contractSymbol,strike,lastPrice,bid,ask,volume,openInterest,impliedVolatility,inTheMoney,option_type,expiry_date,symbol
AA260130C00043000,43.0,16.82,16.15,19.4,1.0,32.0,2.93750265625,True,CALL,2026-01-30,AA
AA260130C00044000,44.0,15.55,15.2,18.4,6.0,9.0,2.8281279296874997,True,CALL,2026-01-30,AA
AA260130C00045000,45.0,14.4,14.15,17.4,1.0,80.0,2.6132847167968754,True,CALL,2026-01-30,AA
AA260130C00046000,46.0,13.3,13.15,16.4,2.0,30.0,2.4531288671875,True,CALL,2026-01-30,AA
AA260130C00047000,47.0,16.05,12.6,14.5,1.0,52.0,1.671876640625,True,CALL,2026-01-30,AA
AA260130C00048000,48.0,11.58,11.2,13.45,1.0,21.0,3.037111782226563,True,CALL,2026-01-30,AA
AA260130C00049000,49.0,10.67,10.2,12.8,2.0,29.0,0.500005,True,CALL,2026-01-30,AA
AA260130C00050000,50.0,10.67,9.95,11.45,6.0,65.0,1.7070327148437499,True,CALL,2026-01-30,AA
AA260130C00051000,51.0,9.77,9.05,10.45,8.0,15.0,1.65234548828125,True,CALL,2026-01-30,AA
AA260130C00052000,52.0,10.75,7.2,9.55,2.0,5.0,2.3652384619140623,True,CALL,2026-01-30,AA
AA260130C00053000,53.0,9.86,6.2,8.5,1.0,26.0,2.1308640478515626,True,CALL,2026-01-30,AA
AA260130C00054000,54.0,6.32,5.25,7.5,11.0,21.0,1.9394534277343751,True,CALL,2026-01-30,AA
AA260130C00055000,55.0,5.33,4.35,6.5,14.0,47.0,1.748048134765625,True,CALL,2026-01-30,AA
AA260130C00056000,56.0,4.32,3.3,5.8,2.0,59.0,0.6171913281250001,True,CALL,2026-01-30,AA
AA260130C00057000,57.0,2.75,3.15,4.7,6.0,44.0,0.9238288867187501,True,CALL,2026-01-30,AA
AA260130C00058000,58.0,5.4,1.99,4.7,30.0,36.0,1.0459032080078128,True,CALL,2026-01-30,AA
AA260130C00059000,59.0,2.65,1.9,2.79,20.0,381.0,0.8359391406249999,True,CALL,2026-01-30,AA
AA260130C00060000,60.0,1.5,1.34,1.65,800.0,485.0,0.6904327832031252,True,CALL,2026-01-30,AA
AA260130C00061000,61.0,0.92,0.77,1.04,123.0,349.0,0.6337927246093751,False,CALL,2026-01-30,AA
AA260130C00062000,62.0,0.66,0.41,0.59,152.0,528.0,0.6025430371093752,False,CALL,2026-01-30,AA
AA260130C00063000,63.0,0.25,0.21,0.5,419.0,632.0,0.6679720703125002,False,CALL,2026-01-30,AA
AA260130C00064000,64.0,0.2,0.1,0.24,63.0,403.0,0.64062859375,False,CALL,2026-01-30,AA
AA260130C00065000,65.0,0.09,0.06,0.23,39.0,635.0,0.7304714453125,False,CALL,2026-01-30,AA
AA260130C00066000,66.0,0.02,0.02,0.15,8.0,170.0,0.7460962890625,False,CALL,2026-01-30,AA
AA260130C00067000,67.0,0.06,0.01,0.1,4.0,268.0,0.773439765625,False,CALL,2026-01-30,AA
AA260130C00068000,68.0,0.02,0.0,0.05,30.0,111.0,0.7578149218750001,False,CALL,2026-01-30,AA
AA260130C00068500,68.5,0.03,0.0,0.32,96.0,96.0,1.125004375,False,CALL,2026-01-30,AA
AA260130C00069000,69.0,0.02,0.0,0.56,3.0,38.0,1.3437532812499997,False,CALL,2026-01-30,AA
AA260130C00070000,70.0,0.01,0.0,0.02,5.0,748.0,0.8125018749999999,False,CALL,2026-01-30,AA
AA260130C00071000,71.0,0.03,0.0,0.75,4.0,56.0,1.671876640625,False,CALL,2026-01-30,AA
AA260130C00072000,72.0,0.63,0.0,0.95,4.0,16.0,1.892578662109375,False,CALL,2026-01-30,AA
AA260130C00073000,73.0,0.32,0.0,0.8,9.0,12.0,1.9082035839843752,False,CALL,2026-01-30,AA
AA260130C00074000,74.0,0.02,0.0,2.12,5.0,14.0,2.6709017602539067,False,CALL,2026-01-30,AA
AA260130C00075000,75.0,0.02,0.0,1.05,2.0,68.0,2.2558637353515625,False,CALL,2026-01-30,AA
AA260130C00076000,76.0,0.41,0.0,2.12,,6.0,2.8906277734375,False,CALL,2026-01-30,AA
AA260130C00077000,77.0,0.36,0.0,2.12,,4.0,2.9960962597656247,False,CALL,2026-01-30,AA
AA260130P00043000,43.0,0.01,0.0,2.11,3.0,22.0,4.164067294921875,False,PUT,2026-01-30,AA
AA260130P00044000,44.0,0.01,0.0,0.21,195.0,220.0,2.3046917382812495,False,PUT,2026-01-30,AA
AA260130P00045000,45.0,0.25,0.0,2.12,1.0,6.0,3.755859985351563,False,PUT,2026-01-30,AA
AA260130P00046000,46.0,0.02,0.0,1.0,6.0,52.0,2.8398466503906246,False,PUT,2026-01-30,AA
AA260130P00047000,47.0,0.1,0.0,1.0,42.0,38.0,2.6679720800781253,False,PUT,2026-01-30,AA
AA260130P00048000,48.0,0.01,0.0,0.75,1.0,140.0,2.3125042187499996,False,PUT,2026-01-30,AA
AA260130P00049000,49.0,0.03,0.0,0.75,94.0,93.0,2.1523483691406247,False,PUT,2026-01-30,AA
AA260130P00050000,50.0,0.01,0.0,0.01,696.0,346.0,0.9687503125,False,PUT,2026-01-30,AA
AA260130P00051000,51.0,0.01,0.0,0.75,10.0,96.0,1.8359383203124997,False,PUT,2026-01-30,AA
AA260130P00052000,52.0,0.06,0.0,0.15,1.0,654.0,1.15625421875,False,PUT,2026-01-30,AA
AA260130P00053000,53.0,0.1,0.0,0.75,24.0,79.0,1.5195336523437497,False,PUT,2026-01-30,AA
AA260130P00054000,54.0,0.1,0.01,0.04,4.0,113.0,0.7578149218750001,False,PUT,2026-01-30,AA
AA260130P00055000,55.0,0.05,0.01,0.06,225.0,981.0,0.6875031250000001,False,PUT,2026-01-30,AA
AA260130P00056000,56.0,0.05,0.05,0.09,71.0,515.0,0.6640658593750002,False,PUT,2026-01-30,AA
AA260130P00057000,57.0,0.15,0.08,0.14,20.0,336.0,0.6015664843750002,False,PUT,2026-01-30,AA
AA260130P00058000,58.0,0.23,0.14,0.32,38.0,1774.0,0.5898478515625001,False,PUT,2026-01-30,AA
AA260130P00059000,59.0,0.49,0.41,0.59,36.0,539.0,0.6171913281250001,False,PUT,2026-01-30,AA
AA260130P00060000,60.0,0.9,0.49,1.1,48.0,531.0,0.57617611328125,False,PUT,2026-01-30,AA
AA260130P00061000,61.0,1.38,1.02,1.7,35.0,149.0,0.6084023535156251,True,PUT,2026-01-30,AA
AA260130P00062000,62.0,1.79,1.79,2.38,21.0,141.0,0.6562534375000001,True,PUT,2026-01-30,AA
AA260130P00063000,63.0,3.15,2.38,3.35,13.0,127.0,0.6757844921875001,True,PUT,2026-01-30,AA
AA260130P00064000,64.0,3.92,3.3,4.0,40.0,337.0,0.6171913281250001,True,PUT,2026-01-30,AA
AA260130P00065000,65.0,4.0,3.7,5.5,9.0,3628.0,0.6660189648437502,True,PUT,2026-01-30,AA
AA260130P00066000,66.0,3.46,4.65,6.55,12.0,60.0,0.77148666015625,True,PUT,2026-01-30,AA
AA260130P00067000,67.0,4.86,5.35,7.85,26.0,12.0,0.8710950390625,True,PUT,2026-01-30,AA
AA260130P00068000,68.0,5.0,6.3,8.8,2.0,17.0,0.851563984375,True,PUT,2026-01-30,AA
AA260130P00068500,68.5,6.01,6.9,9.3,,13.0,1.015629921875,True,PUT,2026-01-30,AA
AA260130P00069000,69.0,6.15,7.55,9.8,10.0,0.0,1.19922275390625,True,PUT,2026-01-30,AA
AA260130P00070000,70.0,7.15,8.3,10.8,10.0,0.0,1.0234423828125,True,PUT,2026-01-30,AA
AA260130P00073000,73.0,12.83,10.4,14.4,1.0,0.0,3.194337951660156,True,PUT,2026-01-30,AA
AA260130P00075000,75.0,14.95,12.35,16.3,1.0,0.0,3.368165642089843,True,PUT,2026-01-30,AA
AA260130P00077000,77.0,16.85,14.3,18.4,1.0,1.0,3.674805500488282,True,PUT,2026-01-30,AA
AA260206C00044000,44.0,18.15,15.3,18.45,2.0,3.0,1.40234673828125,True,CALL,2026-02-06,AA
AA260206C00045000,45.0,16.55,14.3,17.5,,5.0,1.3437532812499997,True,CALL,2026-02-06,AA
AA260206C00048000,48.0,13.81,11.3,13.85,6.0,7.0,0.7812521875,True,CALL,2026-02-06,AA
AA260206C00049000,49.0,16.68,10.35,12.8,,1.0,0.72070591796875,True,CALL,2026-02-06,AA
AA260206C00050000,50.0,14.05,9.35,11.85,5.0,15.0,0.6972686523437501,True,CALL,2026-02-06,AA
AA260206C00051000,51.0,9.24,8.4,10.8,1.0,1.0,0.6367223828125,True,CALL,2026-02-06,AA
AA260206C00054000,54.0,8.56,5.5,7.75,12.0,14.0,1.0078174609375,True,CALL,2026-02-06,AA
AA260206C00055000,55.0,6.27,5.45,6.35,13.0,31.0,0.5800823242187501,True,CALL,2026-02-06,AA
AA260206C00056000,56.0,4.75,3.9,6.2,2.0,8.0,0.5664105859375,True,CALL,2026-02-06,AA
AA260206C00057000,57.0,3.67,4.25,4.7,2.0,80.0,0.629886513671875,True,CALL,2026-02-06,AA
AA260206C00058000,58.0,5.45,3.6,3.95,1.0,56.0,0.6235389208984375,True,CALL,2026-02-06,AA
AA260206C00059000,59.0,2.93,2.97,3.3,26.0,196.0,0.6167030517578126,True,CALL,2026-02-06,AA
AA260206C00060000,60.0,2.35,2.35,2.63,27.0,327.0,0.5913126806640626,True,CALL,2026-02-06,AA
AA260206C00061000,61.0,1.64,1.75,2.1,27.0,67.0,0.569340244140625,False,CALL,2026-02-06,AA
AA260206C00062000,62.0,1.44,1.39,1.62,59.0,55.0,0.5664105859375,False,CALL,2026-02-06,AA
AA260206C00063000,63.0,1.25,1.06,1.29,138.0,219.0,0.5698285205078125,False,CALL,2026-02-06,AA
AA260206C00064000,64.0,0.9,0.79,1.01,39.0,421.0,0.5712933496093751,False,CALL,2026-02-06,AA
AA260206C00065000,65.0,0.75,0.59,0.8,413.0,130.0,0.57812921875,False,CALL,2026-02-06,AA
AA260206C00066000,66.0,0.6,0.46,0.64,29.0,93.0,0.5913126806640626,False,CALL,2026-02-06,AA
AA260206C00067000,67.0,0.55,0.33,0.51,19.0,90.0,0.5976602734375001,False,CALL,2026-02-06,AA
AA260206C00068000,68.0,0.36,0.26,0.48,4.0,17.0,0.629886513671875,False,CALL,2026-02-06,AA
AA260206C00069000,69.0,0.15,0.15,0.76,6.0,31.0,0.726565234375,False,CALL,2026-02-06,AA
AA260206C00070000,70.0,0.32,0.05,0.33,34.0,98.0,0.62305064453125,False,CALL,2026-02-06,AA
AA260206C00071000,71.0,0.31,0.06,0.49,5.0,32.0,0.72851833984375,False,CALL,2026-02-06,AA
AA260206C00072000,72.0,0.33,0.0,0.42,4.0,22.0,0.72851833984375,False,CALL,2026-02-06,AA
AA260206C00073000,73.0,0.5,0.0,0.95,1.0,1.0,0.9414068359375,False,CALL,2026-02-06,AA
AA260206C00074000,74.0,0.09,0.0,0.97,31.0,42.0,0.9941406835937501,False,CALL,2026-02-06,AA
AA260206C00075000,75.0,0.05,0.0,0.95,4.0,54.0,1.0351610742187503,False,CALL,2026-02-06,AA
AA260206C00076000,76.0,0.2,0.0,1.9,8.0,21.0,1.3154331103515622,False,CALL,2026-02-06,AA
AA260206C00078000,78.0,0.05,0.0,0.95,10.0,10.0,1.1679729101562502,False,CALL,2026-02-06,AA
AA260206P00043000,43.0,0.09,0.0,1.47,7.0,37.0,1.763673056640625,False,PUT,2026-02-06,AA
AA260206P00044000,44.0,1.66,0.0,0.75,1.0,3.0,1.40234673828125,False,PUT,2026-02-06,AA
AA260206P00045000,45.0,0.12,0.0,0.59,9.0,18.0,1.2519568652343749,False,PUT,2026-02-06,AA
AA260206P00046000,46.0,0.37,0.0,2.13,6.0,5.0,1.6767594287109375,False,PUT,2026-02-06,AA
AA260206P00047000,47.0,0.45,0.0,0.3,1.0,2.0,0.9531254687499999,False,PUT,2026-02-06,AA
AA260206P00048000,48.0,0.06,0.0,1.2,1.0,105.0,1.2402381738281247,False,PUT,2026-02-06,AA
AA260206P00049000,49.0,0.07,0.0,1.21,1.0,37.0,1.16016044921875,False,PUT,2026-02-06,AA
AA260206P00050000,50.0,0.02,0.04,0.2,10.0,145.0,0.7226590234375,False,PUT,2026-02-06,AA
AA260206P00051000,51.0,0.19,0.0,0.18,6.0,36.0,0.6250037500000001,False,PUT,2026-02-06,AA
AA260206P00052000,52.0,0.24,0.09,0.26,9.0,50.0,0.65039412109375,False,PUT,2026-02-06,AA
AA260206P00053000,53.0,0.19,0.0,0.37,1.0,778.0,0.5937540625000001,False,PUT,2026-02-06,AA
AA260206P00054000,54.0,0.26,0.26,0.33,15.0,269.0,0.5986368261718751,False,PUT,2026-02-06,AA
AA260206P00055000,55.0,0.43,0.32,0.51,4.0,184.0,0.586918193359375,False,PUT,2026-02-06,AA
AA260206P00056000,56.0,0.48,0.29,0.6,14.0,224.0,0.523442265625,False,PUT,2026-02-06,AA
AA260206P00057000,57.0,0.68,0.63,0.77,20.0,124.0,0.5371140039062501,False,PUT,2026-02-06,AA
AA260206P00058000,58.0,1.02,0.99,1.11,26.0,65.0,0.5561567822265626,False,PUT,2026-02-06,AA
AA260206P00059000,59.0,1.9,1.19,1.45,21.0,77.0,0.5293015820312501,False,PUT,2026-02-06,AA
AA260206P00060000,60.0,1.62,1.58,1.82,46.0,404.0,0.5141650146484374,False,PUT,2026-02-06,AA
AA260206P00061000,61.0,2.66,2.09,2.46,152.0,52.0,0.5297898583984376,True,PUT,2026-02-06,AA
AA260206P00062000,62.0,2.57,2.59,2.97,18.0,85.0,0.5053760400390624,True,PUT,2026-02-06,AA
AA260206P00063000,63.0,3.24,3.35,3.7,2.0,117.0,0.526371923828125,True,PUT,2026-02-06,AA
AA260206P00064000,64.0,4.57,4.0,4.35,10.0,94.0,0.5556685058593751,True,PUT,2026-02-06,AA
AA260206P00065000,65.0,5.45,4.8,5.15,2.0,3903.0,0.5620160986328125,True,PUT,2026-02-06,AA
AA260206P00066000,66.0,4.79,5.35,7.15,1.0,78.0,0.6660189648437502,True,PUT,2026-02-06,AA
AA260206P00067000,67.0,5.26,5.95,8.35,1.0,2.0,0.69336244140625,True,PUT,2026-02-06,AA
AA260206P00068000,68.0,5.33,6.9,8.7,,1.0,0.5937540625000001,True,PUT,2026-02-06,AA
AA260206P00071000,71.0,8.69,9.7,12.1,10.0,68.0,0.8027363476562499,True,PUT,2026-02-06,AA
AA260213C00043000,43.0,13.1,16.3,19.8,2.0,2.0,1.2490271923828122,True,CALL,2026-02-13,AA
AA260213C00044000,44.0,16.94,15.35,18.55,4.0,2.0,1.126957490234375,True,CALL,2026-02-13,AA
AA260213C00045000,45.0,19.68,14.35,17.8,1.0,3.0,1.1298871630859377,True,CALL,2026-02-13,AA
AA260213C00047000,47.0,17.39,12.35,15.6,1.0,1.0,0.9531254687499999,True,CALL,2026-02-13,AA
AA260213C00050000,50.0,11.38,9.95,11.9,1.0,8.0,0.7500025,True,CALL,2026-02-13,AA
AA260213C00051000,51.0,9.55,8.5,11.0,2.0,1.0,0.6093789062500001,True,CALL,2026-02-13,AA
AA260213C00054000,54.0,7.59,6.7,7.8,5.0,3.0,0.624027197265625,True,CALL,2026-02-13,AA
AA260213C00055000,55.0,6.15,5.4,6.7,3.0,6.0,0.6811555322265627,True,CALL,2026-02-13,AA
AA260213C00057000,57.0,6.4,4.95,5.3,1.0,55.0,0.6323278955078125,True,CALL,2026-02-13,AA
AA260213C00059000,59.0,4.0,3.6,4.0,11.0,14.0,0.6057168334960938,True,CALL,2026-02-13,AA
AA260213C00060000,60.0,3.38,3.15,3.4,11.0,55.0,0.6054726953125001,True,CALL,2026-02-13,AA
AA260213C00061000,61.0,2.45,2.58,2.88,2.0,61.0,0.5913126806640626,False,CALL,2026-02-13,AA
AA260213C00062000,62.0,2.46,2.14,2.41,7.0,48.0,0.5844768115234374,False,CALL,2026-02-13,AA
AA260213C00063000,63.0,2.07,1.82,2.06,2.0,113.0,0.5913126806640626,False,CALL,2026-02-13,AA
AA260213C00064000,64.0,1.99,1.44,1.73,29.0,45.0,0.5844768115234374,False,CALL,2026-02-13,AA
AA260213C00065000,65.0,1.37,1.29,1.4,2.0,52.0,0.5932657861328126,False,CALL,2026-02-13,AA
AA260213C00066000,66.0,1.11,0.99,1.19,19.0,53.0,0.5893595751953126,False,CALL,2026-02-13,AA
AA260213C00067000,67.0,1.66,0.83,1.0,1.0,8.0,0.596683720703125,False,CALL,2026-02-13,AA
AA260213C00068000,68.0,1.12,0.69,0.83,6.0,53.0,0.6015664843750002,False,CALL,2026-02-13,AA
AA260213C00069000,69.0,0.67,0.57,0.71,1.0,4.0,0.6098671826171876,False,CALL,2026-02-13,AA
AA260213C00070000,70.0,0.88,0.4,1.0,1.0,106.0,0.6713900048828126,False,CALL,2026-02-13,AA
AA260213C00071000,71.0,0.86,0.32,1.3,2.0,6.0,0.7480493945312501,False,CALL,2026-02-13,AA
AA260213C00072000,72.0,0.75,0.29,0.72,5.0,26.0,0.6835969140625001,False,CALL,2026-02-13,AA
AA260213C00073000,73.0,0.35,0.23,0.81,1.0,13.0,0.726565234375,False,CALL,2026-02-13,AA
AA260213C00074000,74.0,0.46,0.17,0.9,1.0,4.0,0.7685570019531252,False,CALL,2026-02-13,AA
AA260213C00075000,75.0,0.19,0.05,0.8,14.0,54.0,0.7568383691406251,False,CALL,2026-02-13,AA
AA260213C00076000,76.0,0.7,0.0,1.34,,1.0,0.8916026464843749,False,CALL,2026-02-13,AA
AA260213P00043000,43.0,0.13,0.0,1.95,2.0,21.0,1.4345731396484376,False,PUT,2026-02-13,AA
AA260213P00044000,44.0,0.14,0.0,2.15,2.0,17.0,1.404299853515625,False,PUT,2026-02-13,AA
AA260213P00045000,45.0,0.3,0.0,2.15,1.0,1.0,1.3315463110351557,False,PUT,2026-02-13,AA
AA260213P00046000,46.0,0.11,0.0,1.94,2.0,18.0,1.2177773486328123,False,PUT,2026-02-13,AA
AA260213P00047000,47.0,0.12,0.0,0.75,3.0,108.0,0.8730481445312499,False,PUT,2026-02-13,AA
AA260213P00048000,48.0,0.18,0.0,1.18,2.0,203.0,0.922852333984375,False,PUT,2026-02-13,AA
AA260213P00049000,49.0,0.27,0.0,1.56,8.0,2.0,0.93945373046875,False,PUT,2026-02-13,AA
AA260213P00050000,50.0,0.2,0.1,0.28,10.0,44.0,0.59570716796875,False,PUT,2026-02-13,AA
AA260213P00051000,51.0,0.46,0.0,1.76,43.0,52.0,0.8452163916015624,False,PUT,2026-02-13,AA
AA260213P00052000,52.0,0.51,0.28,0.57,1.0,66.0,0.6123085644531252,False,PUT,2026-02-13,AA
AA260213P00053000,53.0,0.46,0.39,0.58,4.0,18.0,0.579105771484375,False,PUT,2026-02-13,AA
AA260213P00054000,54.0,0.6,0.51,0.79,11.0,99.0,0.577152666015625,False,PUT,2026-02-13,AA
AA260213P00055000,55.0,0.75,0.72,0.84,2.0,75.0,0.5532271240234375,False,PUT,2026-02-13,AA
AA260213P00056000,56.0,1.34,0.92,1.07,1.0,36.0,0.5444381494140625,False,PUT,2026-02-13,AA
AA260213P00057000,57.0,0.9,1.15,1.37,1.0,44.0,0.5371140039062501,False,PUT,2026-02-13,AA
AA260213P00058000,58.0,1.62,1.56,1.73,67.0,71.0,0.5449264257812501,False,PUT,2026-02-13,AA
AA260213P00059000,59.0,1.97,1.95,2.22,83.0,39.0,0.5515181567382813,False,PUT,2026-02-13,AA
AA260213P00060000,60.0,2.39,2.33,2.56,32.0,66.0,0.5297898583984376,False,PUT,2026-02-13,AA
AA260213P00061000,61.0,2.31,2.86,3.1,1.0,120.0,0.5317429638671876,True,PUT,2026-02-13,AA
AA260213P00062000,62.0,3.28,3.4,3.65,20.0,61.0,0.5241746801757812,True,PUT,2026-02-13,AA
AA260213P00063000,63.0,3.38,3.95,4.25,1.0,26.0,0.5107470800781251,True,PUT,2026-02-13,AA
AA260213P00064000,64.0,5.7,4.55,4.95,5.0,43.0,0.5004932763671875,True,PUT,2026-02-13,AA
AA260213P00065000,65.0,4.39,5.3,5.8,2.0,17.0,0.5127001855468749,True,PUT,2026-02-13,AA
AA260213P00066000,66.0,5.0,6.05,6.6,1.0,24.0,0.5092822509765625,True,PUT,2026-02-13,AA
AA260213P00068000,68.0,8.65,7.25,9.55,,12.0,0.6269568554687501,True,PUT,2026-02-13,AA
AA260213P00071000,71.0,8.45,9.95,12.35,,1.0,0.6796907031250001,True,PUT,2026-02-13,AA
AA260220C00043000,43.0,17.43,16.35,18.65,10.0,47.0,0.64062859375,True,CALL,2026-02-20,AA
AA260220C00044000,44.0,18.65,15.25,17.65,1.0,57.0,1.214359396972656,True,CALL,2026-02-20,AA
AA260220C00045000,45.0,18.22,14.35,16.7,9.0,414.0,0.6015664843750002,True,CALL,2026-02-20,AA
AA260220C00046000,46.0,15.02,13.45,15.7,2.0,325.0,0.6152382226562501,True,CALL,2026-02-20,AA
AA260220C00047000,47.0,13.67,12.45,14.75,1.0,157.0,0.5937540625000001,True,CALL,2026-02-20,AA
AA260220C00048000,48.0,14.6,11.5,13.8,10.0,145.0,0.586918193359375,True,CALL,2026-02-20,AA
AA260220C00049000,49.0,13.43,10.55,12.8,12.0,172.0,0.5585981640625001,True,CALL,2026-02-20,AA
AA260220C00050000,50.0,9.45,9.6,12.1,9.0,734.0,0.5961954443359375,True,CALL,2026-02-20,AA
AA260220C00055000,55.0,6.75,6.5,7.7,18.0,1082.0,0.6523472265625001,True,CALL,2026-02-20,AA
AA260220C00059000,59.0,5.7,3.95,4.5,5.0,37.0,0.5776409423828125,True,CALL,2026-02-20,AA
AA260220C00060000,60.0,3.81,3.5,3.85,83.0,4088.0,0.5717816259765626,True,CALL,2026-02-20,AA
AA260220C00061000,61.0,3.2,2.92,3.4,192.0,1448.0,0.5642133422851563,False,CALL,2026-02-20,AA
AA260220C00062000,62.0,3.7,2.56,2.94,14.0,70.0,0.5664105859375,False,CALL,2026-02-20,AA
AA260220C00063000,63.0,2.31,2.13,2.56,53.0,94.0,0.5622602368164062,False,CALL,2026-02-20,AA
AA260220C00064000,64.0,2.15,1.83,2.22,8.0,88.0,0.5654340332031251,False,CALL,2026-02-20,AA
AA260220C00065000,65.0,1.77,1.75,1.94,639.0,8756.0,0.586918193359375,False,CALL,2026-02-20,AA
AA260220C00066000,66.0,1.51,1.3,1.69,7.0,82.0,0.5712933496093751,False,CALL,2026-02-20,AA
AA260220C00067000,67.0,2.12,1.08,1.4,10.0,103.0,0.5664105859375,False,CALL,2026-02-20,AA
AA260220C00068000,68.0,1.1,0.88,1.29,4.0,27.0,0.5756878369140624,False,CALL,2026-02-20,AA
AA260220C00069000,69.0,0.7,0.75,1.06,1.0,45.0,0.5747112841796875,False,CALL,2026-02-20,AA
AA260220C00070000,70.0,0.85,0.77,0.9,89.0,4100.0,0.594730615234375,False,CALL,2026-02-20,AA
AA260220C00071000,71.0,0.9,0.57,0.99,155.0,1439.0,0.6162147753906251,False,CALL,2026-02-20,AA
AA260220C00072000,72.0,0.63,0.45,1.12,39.0,62.0,0.6513706738281251,False,CALL,2026-02-20,AA
AA260220C00073000,73.0,0.44,0.37,1.06,1.0,2.0,0.6650424121093752,False,CALL,2026-02-20,AA
AA260220C00074000,74.0,0.35,0.32,0.89,1.0,1.0,0.6630893066406252,False,CALL,2026-02-20,AA
AA260220C00075000,75.0,0.36,0.29,0.52,17.0,3027.0,0.6235389208984375,False,CALL,2026-02-20,AA
AA260220P00043000,43.0,0.08,0.0,0.15,48.0,179.0,0.6796907031250001,False,PUT,2026-02-20,AA
AA260220P00044000,44.0,0.1,0.0,0.12,10.0,103.0,0.6171913281250001,False,PUT,2026-02-20,AA
AA260220P00045000,45.0,0.11,0.05,0.14,11.0,207.0,0.6250037500000001,False,PUT,2026-02-20,AA
AA260220P00046000,46.0,0.1,0.03,0.16,1.0,193.0,0.585941640625,False,PUT,2026-02-20,AA
AA260220P00047000,47.0,0.18,0.09,0.35,1.0,352.0,0.6435582519531251,False,PUT,2026-02-20,AA
AA260220P00048000,48.0,0.24,0.03,0.25,2.0,225.0,0.5449264257812501,False,PUT,2026-02-20,AA
AA260220P00049000,49.0,0.31,0.05,0.46,10.0,267.0,0.5751995605468749,False,PUT,2026-02-20,AA
AA260220P00050000,50.0,0.25,0.22,0.5,17.0,2988.0,0.5795940478515625,False,PUT,2026-02-20,AA
AA260220P00051000,51.0,0.6,0.11,0.75,8.0,13.0,0.56055126953125,False,PUT,2026-02-20,AA
AA260220P00052000,52.0,0.64,0.43,0.85,2.0,22.0,0.5810588769531251,False,PUT,2026-02-20,AA
AA260220P00053000,53.0,0.81,0.58,1.04,8.0,2076.0,0.577152666015625,False,PUT,2026-02-20,AA
AA260220P00054000,54.0,0.45,0.72,1.03,2.0,23.0,0.5395553857421876,False,PUT,2026-02-20,AA
AA260220P00055000,55.0,1.07,0.97,1.26,46.0,1642.0,0.5385788330078126,False,PUT,2026-02-20,AA
AA260220P00056000,56.0,0.91,1.16,1.52,5.0,57.0,0.526371923828125,False,PUT,2026-02-20,AA
AA260220P00057000,57.0,2.0,1.48,1.9,66.0,85.0,0.5302781347656251,False,PUT,2026-02-20,AA
AA260220P00058000,58.0,2.2,1.82,2.23,11.0,231.0,0.5227098510742187,False,PUT,2026-02-20,AA
AA260220P00059000,59.0,2.8,2.22,2.62,53.0,219.0,0.5170946728515625,False,PUT,2026-02-20,AA
AA260220P00060000,60.0,2.99,2.67,3.05,17.0,2434.0,0.5109912182617188,False,PUT,2026-02-20,AA
AA260220P00061000,61.0,3.14,3.25,3.55,5.0,33.0,0.5129443237304687,True,PUT,2026-02-20,AA
AA260220P00062000,62.0,4.73,3.7,4.15,2.0,57.0,0.5041553491210937,True,PUT,2026-02-20,AA
AA260220P00063000,63.0,5.57,4.35,4.7,2.0,20.0,0.5293015820312501,True,PUT,2026-02-20,AA
AA260220P00064000,64.0,4.01,5.05,5.7,1.0,34.0,0.5302781347656251,True,PUT,2026-02-20,AA
AA260220P00065000,65.0,6.75,5.7,6.2,12.0,396.0,0.5051319018554687,True,PUT,2026-02-20,AA
AA260220P00068000,68.0,9.07,7.45,9.55,,4.0,0.5459029785156251,True,PUT,2026-02-20,AA
AA260220P00070000,70.0,10.8,9.2,11.55,10.0,129.0,0.5922892333984376,True,PUT,2026-02-20,AA
AA260220P00071000,71.0,8.55,10.1,12.45,,6.0,0.6015664843750002,True,PUT,2026-02-20,AA
AA260220P00075000,75.0,12.2,13.85,15.8,1.0,107.0,0.569340244140625,True,PUT,2026-02-20,AA
AA260227C00049000,49.0,12.3,10.75,13.0,1.0,1.0,0.5727581787109376,True,CALL,2026-02-27,AA
AA260227C00050000,50.0,12.75,9.8,12.15,1.0,5.0,0.5639692041015626,True,CALL,2026-02-27,AA
AA260227C00051000,51.0,12.15,8.95,11.3,,1.0,0.5634809277343751,True,CALL,2026-02-27,AA
AA260227C00053000,53.0,10.43,7.6,9.65,2.0,2.0,0.585941640625,True,CALL,2026-02-27,AA
AA260227C00054000,54.0,13.41,6.7,8.95,,1.0,0.5742230078125,True,CALL,2026-02-27,AA
AA260227C00055000,55.0,6.58,6.25,7.85,1.0,4.0,0.5620160986328125,True,CALL,2026-02-27,AA
AA260227C00058000,58.0,4.84,5.0,5.55,1.0,6.0,0.5808147387695313,True,CALL,2026-02-27,AA
AA260227C00060000,60.0,4.1,4.0,4.6,3.0,22.0,0.5918009570312501,True,CALL,2026-02-27,AA
AA260227C00061000,61.0,4.7,3.65,3.95,2.0,4.0,0.5864299169921875,False,CALL,2026-02-27,AA
AA260227C00062000,62.0,3.5,3.15,3.5,5.0,15.0,0.5795940478515625,False,CALL,2026-02-27,AA
AA260227C00063000,63.0,3.1,2.86,3.15,4.0,6.0,0.5893595751953126,False,CALL,2026-02-27,AA
AA260227C00064000,64.0,3.07,2.43,2.71,1.0,31.0,0.577152666015625,False,CALL,2026-02-27,AA
AA260227C00065000,65.0,2.29,2.13,2.38,8.0,2.0,0.5776409423828125,False,CALL,2026-02-27,AA
AA260227C00066000,66.0,2.07,1.68,2.28,2.0,15.0,0.5793499096679688,False,CALL,2026-02-27,AA
AA260227C00067000,67.0,2.5,1.61,1.82,2.0,2.0,0.5776409423828125,False,CALL,2026-02-27,AA
AA260227C00068000,68.0,1.29,1.43,1.71,15.0,27.0,0.5922892333984376,False,CALL,2026-02-27,AA
AA260227C00069000,69.0,1.34,0.97,1.44,2.0,22.0,0.5625043750000001,False,CALL,2026-02-27,AA
AA260227C00070000,70.0,1.78,1.05,1.33,10.0,15.0,0.5937540625000001,False,CALL,2026-02-27,AA
AA260227C00074000,74.0,1.54,0.49,2.41,,1.0,0.7731956274414062,False,CALL,2026-02-27,AA
AA260227C00075000,75.0,0.83,0.43,1.3,2.0,2.0,0.6748079394531252,False,CALL,2026-02-27,AA
AA260227C00076000,76.0,0.65,0.35,0.85,4.0,22.0,0.6313513427734375,False,CALL,2026-02-27,AA
AA260227P00045000,45.0,0.21,0.0,0.65,2.0,31.0,0.6992217578125001,False,PUT,2026-02-27,AA
AA260227P00048000,48.0,0.32,0.0,0.53,1.0,19.0,0.5478560839843751,False,PUT,2026-02-27,AA
AA260227P00049000,49.0,0.48,0.0,0.58,9.0,11.0,0.5195360546875,False,PUT,2026-02-27,AA
AA260227P00050000,50.0,0.63,0.39,0.75,8.0,25.0,0.57812921875,False,PUT,2026-02-27,AA
AA260227P00051000,51.0,0.62,0.54,0.79,6.0,73.0,0.5610395458984375,False,PUT,2026-02-27,AA
AA260227P00052000,52.0,0.88,0.57,1.19,2.0,5.0,0.569340244140625,False,PUT,2026-02-27,AA
AA260227P00053000,53.0,0.85,0.8,1.18,4.0,7.0,0.5459029785156251,False,PUT,2026-02-27,AA
AA260227P00054000,54.0,1.15,1.12,1.28,24.0,18.0,0.5397995239257813,False,PUT,2026-02-27,AA
AA260227P00055000,55.0,1.52,1.34,1.55,113.0,235.0,0.5339402075195312,False,PUT,2026-02-27,AA
AA260227P00056000,56.0,1.71,1.69,1.86,3.0,13.0,0.5366257275390626,False,PUT,2026-02-27,AA
AA260227P00057000,57.0,1.45,2.0,2.21,1.0,7.0,0.5317429638671876,False,PUT,2026-02-27,AA
AA260227P00058000,58.0,2.35,2.44,2.78,4.0,15.0,0.5478560839843751,False,PUT,2026-02-27,AA
AA260227P00059000,59.0,2.87,2.93,3.05,100.0,6.0,0.5378464184570313,False,PUT,2026-02-27,AA
AA260227P00060000,60.0,3.5,3.3,3.55,14.0,9.0,0.5297898583984376,False,PUT,2026-02-27,AA
AA260227P00061000,61.0,3.41,3.7,4.1,1.0,1.0,0.5214891601562499,True,PUT,2026-02-27,AA
AA260227P00062000,62.0,4.75,4.45,4.6,5.0,1.0,0.5288133056640626,True,PUT,2026-02-27,AA
AA260227P00063000,63.0,5.3,4.95,5.25,10.0,1.0,0.5227098510742187,True,PUT,2026-02-27,AA
AA260227P00064000,64.0,6.05,5.6,5.85,14.0,3.0,0.5178270874023438,True,PUT,2026-02-27,AA
AA260227P00065000,65.0,6.52,6.2,6.8,,1.0,0.5302781347656251,True,PUT,2026-02-27,AA
AA260227P00066000,66.0,7.69,6.8,7.5,1.0,2.0,0.5178270874023438,True,PUT,2026-02-27,AA
AA260306C00052000,52.0,11.9,8.6,10.7,1.0,3.0,0.5783733569335938,True,CALL,2026-03-06,AA
AA260306C00055000,55.0,6.82,6.45,8.75,10.0,8.0,0.5932657861328126,True,CALL,2026-03-06,AA
AA260306C00058000,58.0,5.0,4.7,6.8,20.0,21.0,0.5881388842773438,True,CALL,2026-03-06,AA
AA260306C00060000,60.0,4.35,3.8,5.15,3.0,18.0,0.5556685058593751,True,CALL,2026-03-06,AA
AA260306C00063000,63.0,5.0,2.49,4.4,,3.0,0.5886271606445312,False,CALL,2026-03-06,AA
AA260306C00065000,65.0,3.05,2.08,3.15,2.0,7.0,0.5698285205078125,False,CALL,2026-03-06,AA
AA260306C00066000,66.0,3.09,1.71,3.8,164.0,88.0,0.6306189282226562,False,CALL,2026-03-06,AA
AA260306C00077000,77.0,0.64,0.1,1.86,2.0,3.0,0.6811555322265627,False,CALL,2026-03-06,AA
AA260306P00045000,45.0,0.38,0.0,0.75,4.0,5.0,0.6513706738281251,False,PUT,2026-03-06,AA
AA260306P00052000,52.0,1.15,0.4,1.65,2.0,17.0,0.5432174584960938,False,PUT,2026-03-06,AA
AA260306P00053000,53.0,1.31,1.18,1.4,2.0,27.0,0.5493209130859377,False,PUT,2026-03-06,AA
AA260306P00054000,54.0,1.96,0.36,3.1,3.0,14.0,0.5776409423828125,False,PUT,2026-03-06,AA
AA260306P00055000,55.0,1.92,0.67,3.3,3.0,7.0,0.5676312768554688,False,PUT,2026-03-06,AA
AA260306P00060000,60.0,4.16,2.75,4.5,2.0,4.0,0.5034229345703125,False,PUT,2026-03-06,AA
AA260306P00061000,61.0,4.3,3.7,5.65,2.0,2.0,0.5705609350585938,True,PUT,2026-03-06,AA
AA260320C00043000,43.0,17.9,16.6,19.0,1.0,7.0,0.6123085644531252,True,CALL,2026-03-20,AA
AA260320C00044000,44.0,17.4,15.75,18.0,3.0,52.0,0.6059609716796877,True,CALL,2026-03-20,AA
AA260320C00045000,45.0,16.0,15.3,17.1,1.0,3303.0,0.6669955175781253,True,CALL,2026-03-20,AA
AA260320C00046000,46.0,15.25,13.9,16.2,1.0,28.0,0.5898478515625001,True,CALL,2026-03-20,AA
AA260320C00047000,47.0,13.1,12.9,15.3,10.0,288.0,0.567387138671875,True,CALL,2026-03-20,AA
AA260320C00048000,48.0,14.95,12.6,14.45,4.0,202.0,0.6259803027343751,True,CALL,2026-03-20,AA
AA260320C00049000,49.0,11.63,11.35,13.6,2.0,307.0,0.577152666015625,True,CALL,2026-03-20,AA
AA260320C00050000,50.0,12.35,11.3,12.75,16.0,8862.0,0.6369665209960937,True,CALL,2026-03-20,AA
AA260320C00055000,55.0,8.4,7.9,8.75,205.0,2963.0,0.5996133789062501,True,CALL,2026-03-20,AA
AA260320C00060000,60.0,5.3,5.35,5.65,64.0,1605.0,0.5881388842773438,True,CALL,2026-03-20,AA
AA260320C00065000,65.0,3.5,3.35,3.6,540.0,4382.0,0.5839885351562499,False,CALL,2026-03-20,AA
AA260320C00070000,70.0,2.13,2.05,2.25,2941.0,15633.0,0.58789474609375,False,CALL,2026-03-20,AA
AA260320C00075000,75.0,1.4,1.25,1.43,50.0,2054.0,0.5986368261718751,False,CALL,2026-03-20,AA
AA260320P00043000,43.0,0.37,0.12,0.52,6.0,155.0,0.6005899316406251,False,PUT,2026-03-20,AA
AA260320P00044000,44.0,0.35,0.16,0.54,1.0,132.0,0.579105771484375,False,PUT,2026-03-20,AA
AA260320P00045000,45.0,0.51,0.19,0.66,3.0,834.0,0.5722699023437501,False,PUT,2026-03-20,AA
AA260320P00046000,46.0,0.5,0.27,0.75,1.0,473.0,0.5644574804687501,False,PUT,2026-03-20,AA
AA260320P00047000,47.0,0.6,0.56,0.77,2.0,585.0,0.5712933496093751,False,PUT,2026-03-20,AA
AA260320P00048000,48.0,0.59,0.63,0.97,4.0,394.0,0.567387138671875,False,PUT,2026-03-20,AA
AA260320P00049000,49.0,1.1,0.53,1.2,1.0,437.0,0.5444381494140625,False,PUT,2026-03-20,AA
AA260320P00050000,50.0,1.14,1.0,1.25,21.0,5788.0,0.5576216113281252,False,PUT,2026-03-20,AA
AA260320P00055000,55.0,2.39,2.36,2.5,96.0,2539.0,0.5422409057617189,False,PUT,2026-03-20,AA
AA260320P00060000,60.0,4.55,4.45,4.6,81.0,1604.0,0.529423651123047,False,PUT,2026-03-20,AA
AA260320P00065000,65.0,7.43,7.55,7.7,255.0,681.0,0.5385788330078126,True,PUT,2026-03-20,AA
AA260320P00070000,70.0,11.0,10.65,11.7,3.0,124.0,0.5178270874023438,True,PUT,2026-03-20,AA
AA260320P00075000,75.0,14.91,14.55,16.8,1.0,118.0,0.5637250659179689,True,PUT,2026-03-20,AA
AA260417C00043000,43.0,22.65,17.2,19.5,4.0,9.0,0.629886513671875,True,CALL,2026-04-17,AA
AA260417C00044000,44.0,17.73,16.35,18.6,1.0,36.0,0.6225623681640625,True,CALL,2026-04-17,AA
AA260417C00045000,45.0,19.0,15.45,17.7,4.0,515.0,0.6081582153320313,True,CALL,2026-04-17,AA
AA260417C00046000,46.0,20.87,14.55,16.85,1.0,67.0,0.596683720703125,True,CALL,2026-04-17,AA
AA260417C00047000,47.0,15.29,13.8,16.1,1.0,78.0,0.602787175292969,True,CALL,2026-04-17,AA
AA260417C00048000,48.0,14.82,13.0,15.3,17.0,156.0,0.5976602734375001,True,CALL,2026-04-17,AA
AA260417C00049000,49.0,13.7,12.3,14.55,4.0,115.0,0.6001016552734376,True,CALL,2026-04-17,AA
AA260417C00050000,50.0,14.85,11.45,13.2,11.0,467.0,0.5515181567382813,True,CALL,2026-04-17,AA
AA260417C00055000,55.0,9.13,9.15,9.8,5.0,874.0,0.5981485498046876,True,CALL,2026-04-17,AA
AA260417C00060000,60.0,6.9,6.65,7.0,8.0,1005.0,0.5920450952148439,True,CALL,2026-04-17,AA
AA260417C00065000,65.0,5.05,4.75,5.0,226.0,3057.0,0.5959513061523438,False,CALL,2026-04-17,AA
AA260417C00070000,70.0,3.43,3.3,3.55,573.0,1421.0,0.5991251025390626,False,CALL,2026-04-17,AA
AA260417C00075000,75.0,2.42,2.24,2.49,31.0,530.0,0.6008340698242189,False,CALL,2026-04-17,AA
AA260417P00043000,43.0,1.04,0.4,0.89,15.0,91.0,0.5732464550781251,False,PUT,2026-04-17,AA
AA260417P00044000,44.0,0.91,0.43,1.0,29.0,86.0,0.5585981640625001,False,PUT,2026-04-17,AA
AA260417P00045000,45.0,1.02,0.51,1.12,2.0,3326.0,0.5493209130859377,False,PUT,2026-04-17,AA
AA260417P00046000,46.0,1.14,0.63,1.32,1.0,170.0,0.5488326367187502,False,PUT,2026-04-17,AA
AA260417P00047000,47.0,1.16,0.75,1.52,12.0,171.0,0.5449264257812501,False,PUT,2026-04-17,AA
AA260417P00048000,48.0,1.75,1.26,1.62,10.0,266.0,0.5600629931640625,False,PUT,2026-04-17,AA
AA260417P00049000,49.0,1.54,1.59,1.76,33.0,163.0,0.559574716796875,False,PUT,2026-04-17,AA
AA260417P00050000,50.0,1.91,1.81,1.96,663.0,528.0,0.5529829858398438,False,PUT,2026-04-17,AA
AA260417P00055000,55.0,3.55,3.45,3.6,1.0,2128.0,0.5481002221679689,False,PUT,2026-04-17,AA
AA260417P00060000,60.0,5.65,5.65,5.9,35.0,728.0,0.5380905566406251,False,PUT,2026-04-17,AA
AA260417P00065000,65.0,8.35,8.65,8.9,33.0,391.0,0.5376022802734376,True,PUT,2026-04-17,AA
AA260417P00070000,70.0,12.5,11.75,12.45,2.0,92.0,0.5134326000976561,True,PUT,2026-04-17,AA
AA260417P00075000,75.0,17.13,15.4,16.4,1.0,106.0,0.5432174584960938,True,PUT,2026-04-17,AA
AA260618C00045000,45.0,20.0,17.5,18.85,3.0,759.0,0.639652041015625,True,CALL,2026-06-18,AA
AA260618C00050000,50.0,14.39,14.0,14.85,26.0,6632.0,0.6008340698242189,True,CALL,2026-06-18,AA
AA260618C00055000,55.0,11.7,10.45,11.85,31.0,458.0,0.5717816259765626,True,CALL,2026-06-18,AA
AA260618C00060000,60.0,8.9,8.25,9.15,35.0,1174.0,0.570316796875,True,CALL,2026-06-18,AA
AA260618C00065000,65.0,7.0,6.5,7.05,805.0,1317.0,0.5732464550781251,False,CALL,2026-06-18,AA
AA260618C00070000,70.0,5.2,5.0,5.45,158.0,911.0,0.5743450769042968,False,CALL,2026-06-18,AA
AA260618C00075000,75.0,3.75,3.75,4.35,5.0,534.0,0.5784954260253907,False,CALL,2026-06-18,AA
AA260618P00045000,45.0,1.87,1.37,2.2,22.0,1530.0,0.5371140039062501,False,PUT,2026-06-18,AA
AA260618P00050000,50.0,3.33,3.2,3.3,62.0,581.0,0.5385788330078126,False,PUT,2026-06-18,AA
AA260618P00055000,55.0,5.1,5.0,5.3,29.0,1093.0,0.5313767565917968,False,PUT,2026-06-18,AA
AA260618P00060000,60.0,8.09,6.9,7.8,6.0,2075.0,0.5092822509765625,False,PUT,2026-06-18,AA
AA260618P00065000,65.0,9.49,9.3,10.75,45.0,1488.0,0.5349167602539062,True,PUT,2026-06-18,AA
AA260618P00070000,70.0,14.15,12.75,14.25,25.0,53.0,0.5383346948242189,True,PUT,2026-06-18,AA
AA260618P00075000,75.0,15.75,16.55,17.95,,4.0,0.5306443420410156,True,PUT,2026-06-18,AA
AA260717C00043000,43.0,19.6,18.65,20.95,1.0,93.0,0.5961954443359375,True,CALL,2026-07-17,AA
AA260717C00044000,44.0,13.57,17.85,20.25,1.0,3.0,0.5939982006835938,True,CALL,2026-07-17,AA
AA260717C00045000,45.0,21.99,17.1,19.5,1.0,70.0,0.5903361279296876,True,CALL,2026-07-17,AA
AA260717C00046000,46.0,17.42,16.4,18.8,1.0,3.0,0.5898478515625001,True,CALL,2026-07-17,AA
AA260717C00047000,47.0,17.2,15.7,18.1,1.0,1.0,0.5876506079101562,True,CALL,2026-07-17,AA
AA260717C00048000,48.0,16.34,15.05,17.45,3.0,13.0,0.5881388842773438,True,CALL,2026-07-17,AA
AA260717C00049000,49.0,15.3,14.4,16.85,1.0,5.0,0.5891154370117189,True,CALL,2026-07-17,AA
AA260717C00050000,50.0,14.37,14.5,15.55,7.0,126.0,0.5903361279296876,True,CALL,2026-07-17,AA
AA260717C00055000,55.0,12.35,11.2,12.65,9.0,466.0,0.570316796875,True,CALL,2026-07-17,AA
AA260717C00060000,60.0,11.0,8.9,10.15,2.0,171.0,0.5687298986816407,True,CALL,2026-07-17,AA
AA260717C00065000,65.0,9.54,7.25,8.15,1.0,350.0,0.5766643896484375,False,CALL,2026-07-17,AA
AA260717C00070000,70.0,6.75,5.65,6.45,2.0,107.0,0.5728802478027344,False,CALL,2026-07-17,AA
AA260717C00075000,75.0,4.64,4.1,5.2,1.0,14.0,0.5650678259277344,False,CALL,2026-07-17,AA
AA260717P00043000,43.0,1.78,1.36,2.22,2.0,3.0,0.541264353027344,False,PUT,2026-07-17,AA
AA260717P00044000,44.0,5.9,1.59,0.0,,1.0,0.12500875,False,PUT,2026-07-17,AA
AA260717P00045000,45.0,2.55,1.54,2.52,1.0,47.0,0.5153857055664062,False,PUT,2026-07-17,AA
AA260717P00047000,47.0,2.84,1.99,3.35,44.0,28.0,0.5238084729003907,False,PUT,2026-07-17,AA
AA260717P00049000,49.0,2.95,2.52,3.85,35.0,50.0,0.5136767382812499,False,PUT,2026-07-17,AA
AA260717P00050000,50.0,3.76,3.5,4.1,55.0,736.0,0.5346726220703125,False,PUT,2026-07-17,AA
AA260717P00055000,55.0,5.64,5.05,6.25,2.0,13.0,0.518681571044922,False,PUT,2026-07-17,AA
AA260717P00060000,60.0,8.58,7.0,8.65,30.0,241.0,0.5456588403320313,False,PUT,2026-07-17,AA
AA260717P00065000,65.0,11.08,10.6,11.5,55.0,45.0,0.5070850073242188,True,PUT,2026-07-17,AA
AA260717P00070000,70.0,13.55,13.35,14.8,37.0,26.0,0.5266160620117188,True,PUT,2026-07-17,AA
AA260717P00075000,75.0,17.25,17.25,18.5,1.0,1.0,0.5225877819824218,True,PUT,2026-07-17,AA
AA260918C00045000,45.0,19.55,18.25,20.75,1.0,2431.0,0.5970499279785157,True,CALL,2026-09-18,AA
AA260918C00047000,47.0,18.47,16.95,19.3,1.0,31.0,0.5892375061035158,True,CALL,2026-09-18,AA
AA260918C00050000,50.0,16.3,15.7,17.0,3.0,218.0,0.5894816442871094,True,CALL,2026-09-18,AA
AA260918C00055000,55.0,13.85,12.6,14.2,25.0,65.0,0.5712933496093751,True,CALL,2026-09-18,AA
AA260918C00060000,60.0,10.7,10.2,11.85,123.0,160.0,0.5656781713867188,True,CALL,2026-09-18,AA
AA260918C00065000,65.0,9.0,8.35,9.85,2.0,82.0,0.5651898950195313,False,CALL,2026-09-18,AA
AA260918C00070000,70.0,8.03,7.15,8.2,1.0,925.0,0.5743450769042968,False,CALL,2026-09-18,AA
AA260918C00075000,75.0,6.8,5.6,6.8,4.0,8.0,0.5668988623046876,False,CALL,2026-09-18,AA
AA260918P00045000,45.0,3.35,2.57,3.55,6.0,176.0,0.5251512329101562,False,PUT,2026-09-18,AA
AA260918P00047000,47.0,3.88,3.1,4.35,10.0,14.0,0.5256395092773438,False,PUT,2026-09-18,AA
AA260918P00050000,50.0,5.8,3.85,5.45,1.0,49.0,0.512578116455078,False,PUT,2026-09-18,AA
AA260918P00055000,55.0,7.25,5.85,7.55,1.0,21.0,0.503056727294922,False,PUT,2026-09-18,AA
AA260918P00060000,60.0,9.85,8.2,10.0,25.0,208.0,0.5378464184570313,False,PUT,2026-09-18,AA
AA260918P00065000,65.0,12.6,11.15,12.9,4.0,80.0,0.5290574438476563,True,PUT,2026-09-18,AA
AA260918P00070000,70.0,16.2,14.5,16.15,1.0,8.0,0.5211229528808592,True,PUT,2026-09-18,AA
AA260918P00075000,75.0,20.51,18.25,19.7,,1.0,0.5131274273681641,True,PUT,2026-09-18,AA
AA261218C00045000,45.0,21.4,20.85,21.85,1.0,1014.0,0.6206092626953126,True,CALL,2026-12-18,AA
AA261218C00047000,47.0,19.15,18.3,21.25,10.0,38.0,0.59570716796875,True,CALL,2026-12-18,AA
AA261218C00050000,50.0,17.8,16.4,18.7,4.0,463.0,0.5642133422851563,True,CALL,2026-12-18,AA
AA261218C00055000,55.0,16.95,14.25,15.9,5.0,210.0,0.5656171368408205,True,CALL,2026-12-18,AA
AA261218C00060000,60.0,12.67,12.15,13.65,7.0,520.0,0.5650678259277344,True,CALL,2026-12-18,AA
AA261218C00065000,65.0,11.1,10.85,11.65,1.0,136.0,0.5743450769042968,False,CALL,2026-12-18,AA
AA261218C00070000,70.0,8.75,8.45,10.0,6.0,120.0,0.5553022985839844,False,CALL,2026-12-18,AA
AA261218C00075000,75.0,8.12,7.15,8.65,1.0,106.0,0.5568891967773439,False,CALL,2026-12-18,AA
AA261218P00045000,45.0,4.13,3.1,4.8,8.0,23.0,0.5033008654785156,False,PUT,2026-12-18,AA
AA261218P00047000,47.0,5.02,4.3,5.3,1.0,12.0,0.5102588037109376,False,PUT,2026-12-18,AA
AA261218P00050000,50.0,5.5,5.5,6.5,7.0,212.0,0.5081836291503907,False,PUT,2026-12-18,AA
AA261218P00055000,55.0,8.3,7.6,8.8,1.0,21.0,0.5282639947509766,False,PUT,2026-12-18,AA
AA261218P00060000,60.0,11.5,10.6,11.4,7.0,63.0,0.5014698291015626,False,PUT,2026-12-18,AA
AA261218P00065000,65.0,12.73,12.7,14.35,1.0,68.0,0.5126391510009765,True,PUT,2026-12-18,AA
AA261218P00070000,70.0,16.0,15.7,17.65,5.0,147.0,0.5083056982421875,True,PUT,2026-12-18,AA
AA270115C00045000,45.0,20.55,21.0,22.45,3.0,1491.0,0.6170692590332032,True,CALL,2027-01-15,AA
AA270115C00047000,47.0,20.0,18.55,21.5,1.0,141.0,0.5852092260742188,True,CALL,2027-01-15,AA
AA270115C00050000,50.0,20.88,18.2,19.0,4.0,837.0,0.5950357879638672,True,CALL,2027-01-15,AA
AA270115C00055000,55.0,15.65,14.65,16.5,9.0,1119.0,0.5659223095703125,True,CALL,2027-01-15,AA
AA270115C00060000,60.0,14.0,13.35,14.2,14.0,1993.0,0.5805706005859376,True,CALL,2027-01-15,AA
AA270115C00065000,65.0,11.95,11.35,12.3,43.0,680.0,0.5755657678222657,False,CALL,2027-01-15,AA
AA270115C00070000,70.0,9.7,9.75,10.5,143.0,518.0,0.5707440386962892,False,CALL,2027-01-15,AA
AA270115C00075000,75.0,8.4,8.4,9.05,4.0,99.0,0.5694012786865235,False,CALL,2027-01-15,AA
AA270115P00045000,45.0,4.6,4.0,5.15,24.0,3401.0,0.5206346765136718,False,PUT,2027-01-15,AA
AA270115P00047000,47.0,5.4,4.35,5.9,24.0,249.0,0.507817421875,False,PUT,2027-01-15,AA
AA270115P00050000,50.0,6.41,6.2,6.95,1.0,180.0,0.5172167419433593,False,PUT,2027-01-15,AA
AA270115P00055000,55.0,9.2,7.55,9.3,20.0,66.0,0.5300950311279298,False,PUT,2027-01-15,AA
AA270115P00060000,60.0,11.16,10.15,11.85,25.0,564.0,0.5181932946777343,False,PUT,2027-01-15,AA
AA270115P00065000,65.0,14.84,13.15,14.75,1.0,37.0,0.508793974609375,True,PUT,2027-01-15,AA
AA270115P00070000,70.0,18.92,16.1,18.05,6.0,1.0,0.5045825909423829,True,PUT,2027-01-15,AA
AA280121C00045000,45.0,24.51,24.5,27.5,3.0,156.0,0.6004068280029298,True,CALL,2028-01-21,AA
AA280121C00047000,47.0,24.95,23.0,26.5,1.0,11.0,0.58789474609375,True,CALL,2028-01-21,AA
AA280121C00050000,50.0,23.47,22.0,25.5,2.0,262.0,0.5996744134521486,True,CALL,2028-01-21,AA
AA280121C00055000,55.0,21.28,19.5,23.0,2.0,376.0,0.5827068096923829,True,CALL,2028-01-21,AA
AA280121C00060000,60.0,19.75,18.05,21.5,2.0,341.0,0.5938761315917969,True,CALL,2028-01-21,AA
AA280121C00065000,65.0,19.05,16.5,19.5,6.0,171.0,0.5890544024658204,False,CALL,2028-01-21,AA
AA280121C00070000,70.0,17.77,15.9,17.0,10.0,269.0,0.5864299169921875,False,CALL,2028-01-21,AA
AA280121C00075000,75.0,13.27,12.5,15.65,1.0,102.0,0.5550581604003908,False,CALL,2028-01-21,AA
AA280121P00045000,45.0,7.45,6.95,9.05,2.0,65.0,0.5017139672851563,False,PUT,2028-01-21,AA
AA280121P00047000,47.0,9.0,6.9,11.0,1.0,17.0,0.5008594836425782,False,PUT,2028-01-21,AA
AA280121P00050000,50.0,10.32,9.0,12.45,6.0,21.0,0.5090991473388673,False,PUT,2028-01-21,AA
AA280121P00055000,55.0,13.46,11.0,15.0,13.0,27.0,0.5578047149658205,False,PUT,2028-01-21,AA
AA280121P00060000,60.0,15.81,13.5,17.5,7.0,100.0,0.5374191766357423,False,PUT,2028-01-21,AA
AA280121P00065000,65.0,18.12,16.8,20.0,26.0,181.0,0.512578116455078,True,PUT,2028-01-21,AA
AA280121P00070000,70.0,20.25,20.0,23.0,7.0,12.0,0.49835706726074225,True,PUT,2028-01-21,AA
AAL260130C00009500,9.5,3.75,3.45,5.95,20.0,73.0,6.804688994140625,True,CALL,2026-01-30,AAL
AAL260130C00010000,10.0,3.89,3.05,4.95,43.0,163.0,5.406253242187499,True,CALL,2026-01-30,AAL
AAL260130C00010500,10.5,2.88,2.54,3.35,32.0,71.0,2.2968792578125,True,CALL,2026-01-30,AAL
AAL260130C00011000,11.0,2.34,2.06,2.52,34.0,120.0,2.3906290234374996,True,CALL,2026-01-30,AAL
AAL260130C00011500,11.5,1.77,1.58,2.09,26.0,26.0,2.2968792578125,True,CALL,2026-01-30,AAL
AAL260130C00012000,12.0,1.31,1.11,1.55,8.0,126.0,1.7109389453125,True,CALL,2026-01-30,AAL
AAL260130C00012500,12.5,0.78,0.61,1.0,2.0,503.0,1.1171919140625,True,CALL,2026-01-30,AAL
AAL260130C00013000,13.0,0.53,0.48,0.52,592.0,862.0,0.6992217578125001,True,CALL,2026-01-30,AAL
AAL260130C00013500,13.5,0.15,0.12,0.15,2860.0,1428.0,0.5195360546875,False,CALL,2026-01-30,AAL
AAL260130C00014000,14.0,0.02,0.01,0.03,602.0,7193.0,0.51562984375,False,CALL,2026-01-30,AAL
AAL260130C00014500,14.5,0.01,0.0,0.01,366.0,7995.0,0.5625043750000001,False,CALL,2026-01-30,AAL
AAL260130C00015000,15.0,0.01,0.0,0.01,564.0,9328.0,0.7500025,False,CALL,2026-01-30,AAL
AAL260130C00015500,15.5,0.01,0.0,0.01,74.0,8830.0,0.9062509375,False,CALL,2026-01-30,AAL
AAL260130C00016000,16.0,0.01,0.0,0.01,47.0,7194.0,1.0625046875000002,False,CALL,2026-01-30,AAL
AAL260130C00016500,16.5,0.01,0.0,0.01,7.0,5187.0,1.2500037499999999,False,CALL,2026-01-30,AAL
AAL260130C00017000,17.0,0.01,0.0,0.01,5.0,4101.0,1.3750031249999999,False,CALL,2026-01-30,AAL
AAL260130P00010000,10.0,0.01,0.0,0.15,14.0,30.0,2.7031282421875,False,PUT,2026-01-30,AAL
AAL260130P00011000,11.0,0.01,0.0,0.01,21.0,3.0,1.1875040625,False,PUT,2026-01-30,AAL
AAL260130P00011500,11.5,0.02,0.0,0.02,1.0,57.0,1.0625046875000002,False,PUT,2026-01-30,AAL
AAL260130P00012000,12.0,0.01,0.0,0.01,13.0,10685.0,0.7187528125,False,PUT,2026-01-30,AAL
AAL260130P00012500,12.5,0.01,0.0,0.01,13.0,17922.0,0.5468795312500001,False,PUT,2026-01-30,AAL
AAL260130P00013000,13.0,0.03,0.02,0.04,971.0,8699.0,0.42188078125,False,PUT,2026-01-30,AAL
AAL260130P00013500,13.5,0.15,0.16,0.2,1162.0,7231.0,0.32031929687499994,True,PUT,2026-01-30,AAL
AAL260130P00014000,14.0,0.6,0.52,0.61,672.0,6871.0,1.0000000000000003e-05,True,PUT,2026-01-30,AAL
AAL260130P00014500,14.5,1.09,1.01,1.09,439.0,6029.0,1.0000000000000003e-05,True,PUT,2026-01-30,AAL
AAL260130P00015000,15.0,1.73,1.49,1.68,164.0,3162.0,1.1796916015624999,True,PUT,2026-01-30,AAL
AAL260130P00015500,15.5,2.26,1.93,2.45,40.0,1935.0,1.484377578125,True,PUT,2026-01-30,AAL
AAL260130P00016000,16.0,2.5,2.48,2.68,60.0,677.0,1.640626796875,True,PUT,2026-01-30,AAL
AAL260130P00016500,16.5,3.0,2.8,3.2,48.0,334.0,1.984375078125,True,PUT,2026-01-30,AAL
AAL260130P00017000,17.0,3.8,3.2,4.1,23.0,57.0,1.75000125,True,PUT,2026-01-30,AAL
AAL260206C00010000,10.0,3.8,2.85,4.4,1.0,60.0,1.78515732421875,True,CALL,2026-02-06,AAL
AAL260206C00010500,10.5,3.31,2.35,3.55,1.0,59.0,1.1015669921875002,True,CALL,2026-02-06,AAL
AAL260206C00012000,12.0,1.42,1.24,1.54,152.0,19.0,0.789064609375,True,CALL,2026-02-06,AAL
AAL260206C00012500,12.5,1.01,0.82,1.1,1.0,197.0,0.6875031250000001,True,CALL,2026-02-06,AAL
AAL260206C00013000,13.0,0.61,0.62,0.68,39.0,297.0,0.5293015820312501,True,CALL,2026-02-06,AAL
AAL260206C00013500,13.5,0.32,0.32,0.37,988.0,809.0,0.5097705273437501,False,CALL,2026-02-06,AAL
AAL260206C00014000,14.0,0.15,0.15,0.17,705.0,1213.0,0.476567734375,False,CALL,2026-02-06,AAL
AAL260206C00014500,14.5,0.05,0.05,0.07,276.0,1351.0,0.4687553125,False,CALL,2026-02-06,AAL
AAL260206C00015000,15.0,0.02,0.01,0.03,35.0,1976.0,0.4804739453125,False,CALL,2026-02-06,AAL
AAL260206C00015500,15.5,0.02,0.0,0.02,2.0,659.0,0.5390671093750001,False,CALL,2026-02-06,AAL
AAL260206C00016000,16.0,0.02,0.01,0.03,34.0,1948.0,0.6250037500000001,False,CALL,2026-02-06,AAL
AAL260206C00016500,16.5,0.02,0.0,0.03,7.0,403.0,0.6875031250000001,False,CALL,2026-02-06,AAL
AAL260206C00017000,17.0,0.02,0.0,0.03,13.0,470.0,0.7656273437500001,False,CALL,2026-02-06,AAL
AAL260206P00011000,11.0,0.04,0.0,0.34,4.0,4.0,1.18359783203125,False,PUT,2026-02-06,AAL
AAL260206P00011500,11.5,0.03,0.0,0.02,14.0,308.0,0.500005,False,PUT,2026-02-06,AAL
AAL260206P00012000,12.0,0.04,0.02,0.04,88.0,1058.0,0.507817421875,False,PUT,2026-02-06,AAL
AAL260206P00012500,12.5,0.09,0.06,0.08,217.0,542.0,0.445318046875,False,PUT,2026-02-06,AAL
AAL260206P00013000,13.0,0.18,0.17,0.19,1780.0,12599.0,0.41797457031249996,False,PUT,2026-02-06,AAL
AAL260206P00013500,13.5,0.37,0.35,0.37,658.0,1326.0,0.35938140625,True,PUT,2026-02-06,AAL
AAL260206P00014000,14.0,0.65,0.67,0.72,308.0,1200.0,0.36524072265625,True,PUT,2026-02-06,AAL
AAL260206P00014500,14.5,1.29,1.06,1.13,43.0,1364.0,0.26563234375,True,PUT,2026-02-06,AAL
AAL260206P00015000,15.0,1.71,1.43,1.74,32.0,1771.0,0.6914093359375001,True,PUT,2026-02-06,AAL
AAL260206P00015500,15.5,2.23,2.01,2.33,15.0,418.0,0.64062859375,True,PUT,2026-02-06,AAL
AAL260206P00016000,16.0,2.56,2.47,2.81,111.0,373.0,0.5937540625000001,True,PUT,2026-02-06,AAL
AAL260206P00016500,16.5,2.95,2.85,3.7,2.0,40.0,1.125004375,True,PUT,2026-02-06,AAL
AAL260206P00017000,17.0,3.57,3.45,3.9,1.0,13.0,0.945313046875,True,PUT,2026-02-06,AAL
AAL260213C00010000,10.0,3.67,2.85,4.1,3.0,7.0,1.0234423828125,True,CALL,2026-02-13,AAL
AAL260213C00010500,10.5,3.22,2.35,3.7,1.0,3.0,0.9960937890625,True,CALL,2026-02-13,AAL
AAL260213C00011000,11.0,2.87,2.07,3.05,1.0,2.0,0.914063359375,True,CALL,2026-02-13,AAL
AAL260213C00011500,11.5,2.07,1.6,2.56,1.0,3.0,0.79687703125,True,CALL,2026-02-13,AAL
AAL260213C00012000,12.0,1.45,1.31,1.67,20.0,7.0,0.5195360546875,True,CALL,2026-02-13,AAL
AAL260213C00013000,13.0,0.71,0.75,0.8,17.0,969.0,0.51562984375,True,CALL,2026-02-13,AAL
AAL260213C00013500,13.5,0.43,0.44,0.49,517.0,296.0,0.49023947265625006,False,CALL,2026-02-13,AAL
AAL260213C00014000,14.0,0.25,0.25,0.27,51.0,212.0,0.45898978515625005,False,CALL,2026-02-13,AAL
AAL260213C00014500,14.5,0.14,0.12,0.15,200.0,305.0,0.45898978515625005,False,CALL,2026-02-13,AAL
AAL260213C00015000,15.0,0.06,0.06,0.08,118.0,447.0,0.46484910156250003,False,CALL,2026-02-13,AAL
AAL260213C00015500,15.5,0.03,0.02,0.05,5.0,148.0,0.49219257812500006,False,CALL,2026-02-13,AAL
AAL260213C00016000,16.0,0.02,0.0,0.29,2.0,389.0,0.7500025,False,CALL,2026-02-13,AAL
AAL260213C00016500,16.5,0.02,0.01,0.02,12.0,686.0,0.51562984375,False,CALL,2026-02-13,AAL
AAL260213C00017000,17.0,0.02,0.0,0.03,11.0,178.0,0.570316796875,False,CALL,2026-02-13,AAL
AAL260213P00011000,11.0,0.02,0.0,0.52,11.0,32.0,1.0312548437500002,False,PUT,2026-02-13,AAL
AAL260213P00011500,11.5,0.04,0.03,0.05,538.0,53.0,0.51562984375,False,PUT,2026-02-13,AAL
AAL260213P00012000,12.0,0.09,0.07,0.11,23.0,232.0,0.5117236328125,False,PUT,2026-02-13,AAL
AAL260213P00012500,12.5,0.18,0.14,0.16,64.0,323.0,0.43945873046875,False,PUT,2026-02-13,AAL
AAL260213P00013000,13.0,0.28,0.26,0.3,89.0,975.0,0.42188078125,False,PUT,2026-02-13,AAL
AAL260213P00013500,13.5,0.54,0.46,0.5,36.0,609.0,0.38672488281249995,True,PUT,2026-02-13,AAL
AAL260213P00014000,14.0,0.85,0.74,0.82,22.0,930.0,0.38281867187499996,True,PUT,2026-02-13,AAL
AAL260213P00014500,14.5,1.3,1.11,1.43,105.0,973.0,0.63086306640625,True,PUT,2026-02-13,AAL
AAL260213P00015000,15.0,1.75,1.27,1.72,10.0,606.0,0.48828636718750007,True,PUT,2026-02-13,AAL
AAL260213P00015500,15.5,1.4,1.7,2.53,1.0,385.0,0.9765627343750001,True,PUT,2026-02-13,AAL
AAL260213P00016000,16.0,2.4,2.0,3.15,2.0,180.0,1.2148476757812499,True,PUT,2026-02-13,AAL
AAL260213P00016500,16.5,1.83,2.5,3.65,3.0,140.0,1.3183627832031248,True,PUT,2026-02-13,AAL
AAL260213P00017000,17.0,3.6,3.0,4.2,9.0,65.0,1.470705771484375,True,PUT,2026-02-13,AAL
AAL260220C00010000,10.0,3.32,3.25,3.55,60.0,323.0,0.64062859375,True,CALL,2026-02-20,AAL
AAL260220C00010500,10.5,4.96,2.66,3.1,,35.0,0.945313046875,True,CALL,2026-02-20,AAL
AAL260220C00011000,11.0,2.44,2.29,2.62,6.0,1310.0,0.5937540625000001,True,CALL,2026-02-20,AAL
AAL260220C00012000,12.0,1.44,1.4,1.66,7.0,2436.0,0.62305064453125,True,CALL,2026-02-20,AAL
AAL260220C00013000,13.0,0.78,0.81,0.88,1569.0,7959.0,0.5117236328125,True,CALL,2026-02-20,AAL
AAL260220C00013500,13.5,0.53,0.54,0.58,273.0,441.0,0.476567734375,False,CALL,2026-02-20,AAL
AAL260220C00014000,14.0,0.34,0.34,0.36,4221.0,10117.0,0.45508357421875,False,CALL,2026-02-20,AAL
AAL260220C00014500,14.5,0.19,0.18,0.21,177.0,943.0,0.4414118359375,False,CALL,2026-02-20,AAL
AAL260220C00015000,15.0,0.1,0.1,0.12,1591.0,13375.0,0.43945873046875,False,CALL,2026-02-20,AAL
AAL260220C00015500,15.5,0.05,0.05,0.07,66.0,604.0,0.445318046875,False,CALL,2026-02-20,AAL
AAL260220C00016000,16.0,0.05,0.04,0.05,202.0,9977.0,0.4726615234375,False,CALL,2026-02-20,AAL
AAL260220C00016500,16.5,0.03,0.01,0.04,12.0,210.0,0.507817421875,False,CALL,2026-02-20,AAL
AAL260220C00017000,17.0,0.02,0.0,0.03,23.0,7814.0,0.5351608984375,False,CALL,2026-02-20,AAL
AAL260220P00010000,10.0,0.05,0.0,0.04,1.0,11703.0,0.6093789062500001,False,PUT,2026-02-20,AAL
AAL260220P00010500,10.5,0.02,0.0,0.03,385.0,390.0,0.500005,False,PUT,2026-02-20,AAL
AAL260220P00011000,11.0,0.04,0.03,0.06,201.0,18904.0,0.51562984375,False,PUT,2026-02-20,AAL
AAL260220P00011500,11.5,0.06,0.05,0.09,210.0,65.0,0.50586431640625,False,PUT,2026-02-20,AAL
AAL260220P00012000,12.0,0.12,0.11,0.14,453.0,26553.0,0.46484910156250003,False,PUT,2026-02-20,AAL
AAL260220P00012500,12.5,0.21,0.19,0.23,4346.0,3465.0,0.43457596679687505,False,PUT,2026-02-20,AAL
AAL260220P00013000,13.0,0.37,0.34,0.38,4243.0,11131.0,0.414068359375,False,PUT,2026-02-20,AAL
AAL260220P00013500,13.5,0.58,0.54,0.64,43.0,2325.0,0.42774009765625004,True,PUT,2026-02-20,AAL
AAL260220P00014000,14.0,0.91,0.82,0.92,248.0,10410.0,0.4023497265625,True,PUT,2026-02-20,AAL
AAL260220P00014500,14.5,1.39,1.17,1.27,13.0,4688.0,0.3789124609375,True,PUT,2026-02-20,AAL
AAL260220P00015000,15.0,1.72,1.6,1.77,369.0,11085.0,0.4687553125,True,PUT,2026-02-20,AAL
AAL260220P00015500,15.5,1.94,1.98,2.4,16.0,231.0,0.6914093359375001,True,PUT,2026-02-20,AAL
AAL260220P00016000,16.0,2.7,2.46,2.88,51.0,2463.0,0.7539087109375,True,PUT,2026-02-20,AAL
AAL260220P00017000,17.0,3.36,3.45,3.9,3.0,537.0,0.5937540625000001,True,PUT,2026-02-20,AAL
AAL260227C00010000,10.0,4.89,2.9,4.1,1.0,2.0,0.7929708203125,True,CALL,2026-02-27,AAL
AAL260227C00010500,10.5,4.4,2.28,3.55,1.0,1.0,0.523442265625,True,CALL,2026-02-27,AAL
AAL260227C00011000,11.0,4.6,2.0,3.2,,2.0,0.7148466015625,True,CALL,2026-02-27,AAL
AAL260227C00012000,12.0,1.6,1.36,1.71,16.0,10.0,0.58789474609375,True,CALL,2026-02-27,AAL
AAL260227C00012500,12.5,1.25,1.22,1.34,2.0,12.0,0.51758294921875,True,CALL,2026-02-27,AAL
AAL260227C00013000,13.0,0.84,0.9,0.95,12.0,99.0,0.49609878906250005,True,CALL,2026-02-27,AAL
AAL260227C00013500,13.5,0.66,0.62,0.67,40.0,306.0,0.47559118164062497,False,CALL,2026-02-27,AAL
AAL260227C00014000,14.0,0.38,0.4,0.44,27.0,119.0,0.45313046875,False,CALL,2026-02-27,AAL
AAL260227C00014500,14.5,0.26,0.25,0.29,219.0,211.0,0.44922425781249997,False,CALL,2026-02-27,AAL
AAL260227C00015000,15.0,0.16,0.16,0.17,125.0,283.0,0.4335994140625,False,CALL,2026-02-27,AAL
AAL260227C00015500,15.5,0.08,0.09,0.1,3.0,139.0,0.42969320312500003,False,CALL,2026-02-27,AAL
AAL260227C00016000,16.0,0.2,0.05,0.08,1.0,203.0,0.46484910156250003,False,CALL,2026-02-27,AAL
AAL260227C00016500,16.5,0.12,0.01,0.11,10.0,214.0,0.5644574804687501,False,CALL,2026-02-27,AAL
AAL260227C00017000,17.0,0.04,0.01,0.04,9.0,413.0,0.49609878906250005,False,CALL,2026-02-27,AAL
AAL260227P00011000,11.0,0.07,0.04,0.15,2.0,5.0,0.5429733203125001,False,PUT,2026-02-27,AAL
AAL260227P00012000,12.0,0.17,0.15,0.17,30.0,200.0,0.437505625,False,PUT,2026-02-27,AAL
AAL260227P00012500,12.5,0.26,0.25,0.27,131.0,253.0,0.41211525390625,False,PUT,2026-02-27,AAL
AAL260227P00013000,13.0,0.45,0.4,0.44,237.0,801.0,0.40430283203125,False,PUT,2026-02-27,AAL
AAL260227P00013500,13.5,0.61,0.61,0.64,41.0,1679.0,0.37500625,True,PUT,2026-02-27,AAL
AAL260227P00014000,14.0,0.98,0.9,0.93,50.0,313.0,0.35938140625,True,PUT,2026-02-27,AAL
AAL260227P00014500,14.5,1.37,1.25,1.36,13.0,211.0,0.4062559375,True,PUT,2026-02-27,AAL
AAL260227P00015000,15.0,1.79,1.6,1.94,7.0,91.0,0.5585981640625001,True,PUT,2026-02-27,AAL
AAL260227P00015500,15.5,2.28,1.98,2.5,4.0,59.0,0.6894562304687502,True,PUT,2026-02-27,AAL
AAL260227P00016000,16.0,1.25,2.0,3.2,,30.0,0.9257819921875,True,PUT,2026-02-27,AAL
AAL260227P00016500,16.5,2.4,2.5,3.7,1.0,0.0,1.001958115234375,True,PUT,2026-02-27,AAL
AAL260227P00017000,17.0,1.9,3.0,4.75,1.0,1.0,0.78711150390625,True,PUT,2026-02-27,AAL
AAL260306C00011500,11.5,3.42,1.75,2.45,2.0,0.0,0.5429733203125001,True,CALL,2026-03-06,AAL
AAL260306C00014000,14.0,0.46,0.48,0.54,10.0,27.0,0.4687553125,False,CALL,2026-03-06,AAL
AAL260306C00014500,14.5,0.34,0.32,0.36,24.0,850.0,0.45215391601562505,False,CALL,2026-03-06,AAL
AAL260306C00015000,15.0,0.22,0.21,0.24,59.0,109.0,0.44727115234375,False,CALL,2026-03-06,AAL
AAL260306C00015500,15.5,0.16,0.12,0.17,16.0,27.0,0.45703667968750006,False,CALL,2026-03-06,AAL
AAL260306C00016000,16.0,0.09,0.08,0.14,1.0,27.0,0.48828636718750007,False,CALL,2026-03-06,AAL
AAL260306C00016500,16.5,0.1,0.05,0.51,1.0,752.0,0.6777375976562501,False,CALL,2026-03-06,AAL
AAL260306P00011500,11.5,0.11,0.12,0.2,12.0,19.0,0.5195360546875,False,PUT,2026-03-06,AAL
AAL260306P00013000,13.0,0.55,0.45,0.6,3.0,392.0,0.46191944335937507,False,PUT,2026-03-06,AAL
AAL260306P00013500,13.5,0.72,0.68,0.8,111.0,63.0,0.43164630859375,True,PUT,2026-03-06,AAL
AAL260306P00014000,14.0,1.0,0.95,1.03,93.0,439.0,0.38672488281249995,True,PUT,2026-03-06,AAL
AAL260306P00014500,14.5,1.51,1.29,1.43,5.0,43.0,0.41602146484374997,True,PUT,2026-03-06,AAL
AAL260306P00015000,15.0,1.72,1.7,1.82,75.0,93.0,0.41211525390625,True,PUT,2026-03-06,AAL
AAL260306P00015500,15.5,1.84,1.83,2.56,4.0,13.0,0.6640658593750002,True,PUT,2026-03-06,AAL
AAL260320C00010000,10.0,3.5,3.3,3.7,310.0,7801.0,0.6093789062500001,True,CALL,2026-03-20,AAL
AAL260320C00011000,11.0,2.54,2.34,2.73,63.0,1079.0,0.6543003320312502,True,CALL,2026-03-20,AAL
AAL260320C00012000,12.0,1.75,1.62,1.87,41.0,3301.0,0.551762294921875,True,CALL,2026-03-20,AAL
AAL260320C00013000,13.0,1.14,1.14,1.18,260.0,13862.0,0.500005,True,CALL,2026-03-20,AAL
AAL260320C00014000,14.0,0.65,0.64,0.68,385.0,8791.0,0.47070841796875,False,CALL,2026-03-20,AAL
AAL260320C00015000,15.0,0.32,0.34,0.36,703.0,17797.0,0.45606012695312503,False,CALL,2026-03-20,AAL
AAL260320C00016000,16.0,0.17,0.18,0.19,390.0,6717.0,0.45703667968750006,False,CALL,2026-03-20,AAL
AAL260320C00017000,17.0,0.1,0.1,0.11,319.0,10032.0,0.476567734375,False,CALL,2026-03-20,AAL
AAL260320P00010000,10.0,0.06,0.03,0.09,5.0,45405.0,0.507817421875,False,PUT,2026-03-20,AAL
AAL260320P00011000,11.0,0.15,0.13,0.15,35.0,26078.0,0.47852083984375,False,PUT,2026-03-20,AAL
AAL260320P00012000,12.0,0.31,0.28,0.31,594.0,27439.0,0.43457596679687505,False,PUT,2026-03-20,AAL
AAL260320P00013000,13.0,0.66,0.61,0.64,948.0,21645.0,0.414068359375,False,PUT,2026-03-20,AAL
AAL260320P00014000,14.0,1.19,1.09,1.13,231.0,11200.0,0.38184211914062494,True,PUT,2026-03-20,AAL
AAL260320P00015000,15.0,1.91,1.78,1.96,467.0,12692.0,0.4414118359375,True,PUT,2026-03-20,AAL
AAL260320P00016000,16.0,2.81,2.6,2.98,59.0,1137.0,0.5751995605468749,True,PUT,2026-03-20,AAL
AAL260320P00017000,17.0,3.78,3.5,3.9,8.0,607.0,0.62305064453125,True,PUT,2026-03-20,AAL
AAL260515C00010000,10.0,3.65,3.5,3.9,10.0,1839.0,0.567387138671875,True,CALL,2026-05-15,AAL
AAL260515C00011000,11.0,3.71,2.63,3.1,1.0,88.0,0.5195360546875,True,CALL,2026-05-15,AAL
AAL260515C00012000,12.0,2.09,1.99,2.3,7.0,1194.0,0.5546919531250001,True,CALL,2026-05-15,AAL
AAL260515C00013000,13.0,1.53,1.6,1.63,56.0,1400.0,0.500005,True,CALL,2026-05-15,AAL
AAL260515C00014000,14.0,1.14,1.12,1.14,433.0,2478.0,0.485356708984375,False,CALL,2026-05-15,AAL
AAL260515C00015000,15.0,0.77,0.76,0.79,169.0,2770.0,0.47852083984375,False,CALL,2026-05-15,AAL
AAL260515C00016000,16.0,0.49,0.51,0.53,101.0,6206.0,0.471684970703125,False,CALL,2026-05-15,AAL
AAL260515C00017000,17.0,0.35,0.33,0.35,35.0,2306.0,0.467778759765625,False,CALL,2026-05-15,AAL
AAL260515P00010000,10.0,0.22,0.19,0.25,10.0,3386.0,0.51758294921875,False,PUT,2026-05-15,AAL
AAL260515P00011000,11.0,0.39,0.35,0.39,20.0,18271.0,0.46973186523437505,False,PUT,2026-05-15,AAL
AAL260515P00012000,12.0,0.66,0.61,0.65,9.0,12379.0,0.445318046875,False,PUT,2026-05-15,AAL
AAL260515P00013000,13.0,1.03,0.99,1.03,85.0,11987.0,0.42529871582031253,False,PUT,2026-05-15,AAL
AAL260515P00014000,14.0,1.54,1.5,1.54,67.0,10707.0,0.407232490234375,True,PUT,2026-05-15,AAL
AAL260515P00015000,15.0,2.27,2.15,2.18,4.0,3401.0,0.39160764648437496,True,PUT,2026-05-15,AAL
AAL260515P00016000,16.0,3.02,2.75,3.15,75.0,1017.0,0.46973186523437505,True,PUT,2026-05-15,AAL
AAL260515P00017000,17.0,3.45,3.65,4.0,188.0,367.0,0.47998566894531247,True,PUT,2026-05-15,AAL
AAL260618C00010000,10.0,4.0,3.75,3.95,400.0,25954.0,0.5722699023437501,True,CALL,2026-06-18,AAL
AAL260618C00011000,11.0,3.43,2.86,3.2,11.0,86.0,0.5214891601562499,True,CALL,2026-06-18,AAL
AAL260618C00012000,12.0,2.37,2.36,2.45,65.0,11138.0,0.5195360546875,True,CALL,2026-06-18,AAL
AAL260618C00013000,13.0,1.84,1.78,1.85,50.0,318.0,0.5083056982421875,True,CALL,2026-06-18,AAL
AAL260618C00014000,14.0,1.3,1.33,1.35,14.0,316.0,0.48633326171875,False,CALL,2026-06-18,AAL
AAL260618C00015000,15.0,0.96,0.95,0.98,132.0,10515.0,0.476567734375,False,CALL,2026-06-18,AAL
AAL260618C00016000,16.0,0.66,0.68,0.7,19.0,7994.0,0.46973186523437505,False,CALL,2026-06-18,AAL
AAL260618C00017000,17.0,0.49,0.48,0.5,71.0,8275.0,0.4672904833984375,False,CALL,2026-06-18,AAL
AAL260618P00010000,10.0,0.3,0.28,0.3,2.0,60244.0,0.4804739453125,False,PUT,2026-06-18,AAL
AAL260618P00011000,11.0,0.51,0.47,0.48,12.0,349.0,0.44922425781249997,False,PUT,2026-06-18,AAL
AAL260618P00012000,12.0,0.8,0.75,0.76,43.0,28300.0,0.42676354492187507,False,PUT,2026-06-18,AAL
AAL260618P00013000,13.0,1.18,1.13,1.17,1824.0,2165.0,0.414068359375,False,PUT,2026-06-18,AAL
AAL260618P00014000,14.0,1.72,1.65,1.7,51.0,1238.0,0.40332627929687503,True,PUT,2026-06-18,AAL
AAL260618P00015000,15.0,2.41,2.26,2.33,10.0,19730.0,0.389654541015625,True,PUT,2026-06-18,AAL
AAL260618P00016000,16.0,2.96,2.99,3.25,7.0,2590.0,0.44434149414062496,True,PUT,2026-06-18,AAL
AAL260618P00017000,17.0,3.8,3.75,4.1,50.0,2659.0,0.4580132324218751,True,PUT,2026-06-18,AAL
AAL260821C00010000,10.0,4.49,3.85,4.3,1.0,3.0,0.5625043750000001,True,CALL,2026-08-21,AAL
AAL260821C00012000,12.0,2.62,2.68,2.84,1.0,123.0,0.5302781347656251,True,CALL,2026-08-21,AAL
AAL260821C00013000,13.0,2.04,2.09,2.31,10.0,251.0,0.5122119091796875,True,CALL,2026-08-21,AAL
AAL260821C00014000,14.0,1.66,1.6,1.76,43.0,552.0,0.50586431640625,False,CALL,2026-08-21,AAL
AAL260821C00015000,15.0,1.26,1.23,1.37,58.0,173.0,0.49414568359375005,False,CALL,2026-08-21,AAL
AAL260821C00016000,16.0,0.97,0.9,1.06,6.0,189.0,0.48633326171875,False,CALL,2026-08-21,AAL
AAL260821C00017000,17.0,0.76,0.7,0.81,4.0,448.0,0.47949739257812496,False,CALL,2026-08-21,AAL
AAL260821P00010000,10.0,0.45,0.44,0.54,2.0,79.0,0.5009815527343751,False,PUT,2026-08-21,AAL
AAL260821P00011000,11.0,0.72,0.68,0.78,1.0,1489.0,0.47363807617187503,False,PUT,2026-08-21,AAL
AAL260821P00012000,12.0,1.06,1.0,1.1,26.0,239.0,0.4506890869140625,False,PUT,2026-08-21,AAL
AAL260821P00013000,13.0,1.51,1.42,1.6,38.0,1654.0,0.454107021484375,False,PUT,2026-08-21,AAL
AAL260821P00014000,14.0,1.91,1.92,2.2,288.0,3315.0,0.4594780615234375,True,PUT,2026-08-21,AAL
AAL260821P00015000,15.0,2.5,2.53,2.87,84.0,122.0,0.46289599609375004,True,PUT,2026-08-21,AAL
AAL260821P00016000,16.0,3.32,3.2,3.5,1.0,145.0,0.437505625,True,PUT,2026-08-21,AAL
AAL260821P00017000,17.0,4.13,3.95,4.25,48.0,508.0,0.42578699218750005,True,PUT,2026-08-21,AAL
AAL260918C00010000,10.0,4.1,4.0,4.35,5.0,547.0,0.5625043750000001,True,CALL,2026-09-18,AAL
AAL260918C00012000,12.0,2.75,2.79,2.94,12.0,5791.0,0.5249070947265625,True,CALL,2026-09-18,AAL
AAL260918C00015000,15.0,1.47,1.41,1.49,545.0,4007.0,0.49170430175781255,False,CALL,2026-09-18,AAL
AAL260918C00017000,17.0,0.9,0.87,0.92,2631.0,12758.0,0.47852083984375,False,CALL,2026-09-18,AAL
AAL260918P00010000,10.0,0.49,0.51,0.53,20.0,34956.0,0.46582565429687506,False,PUT,2026-09-18,AAL
AAL260918P00012000,12.0,1.09,1.09,1.17,109.0,32747.0,0.4414118359375,False,PUT,2026-09-18,AAL
AAL260918P00015000,15.0,2.64,2.63,2.91,1.0,5662.0,0.44385321777343745,True,PUT,2026-09-18,AAL
AAL260918P00017000,17.0,3.56,4.05,4.35,2.0,1395.0,0.4272518212890626,True,PUT,2026-09-18,AAL
AAL261218C00010000,10.0,4.5,4.3,4.7,2.0,964.0,0.56836369140625,True,CALL,2026-12-18,AAL
AAL261218C00012000,12.0,3.25,3.15,3.35,1.0,3190.0,0.5307664111328125,True,CALL,2026-12-18,AAL
AAL261218C00015000,15.0,1.79,1.82,1.91,56.0,15259.0,0.5007374145507812,False,CALL,2026-12-18,AAL
AAL261218C00017000,17.0,1.24,1.17,1.3,1.0,12764.0,0.48633326171875,False,CALL,2026-12-18,AAL
AAL261218P00010000,10.0,0.74,0.71,0.8,6.0,28158.0,0.4770560107421875,False,PUT,2026-12-18,AAL
AAL261218P00012000,12.0,1.42,1.37,1.44,21.0,11679.0,0.43457596679687505,False,PUT,2026-12-18,AAL
AAL261218P00015000,15.0,3.08,2.91,3.15,1.0,6283.0,0.4243221630859375,True,PUT,2026-12-18,AAL
AAL261218P00017000,17.0,4.38,4.25,4.55,48.0,2187.0,0.40698835205078127,True,PUT,2026-12-18,AAL
AAL270115C00010000,10.0,4.65,4.45,4.75,6.0,7922.0,0.5717816259765626,True,CALL,2027-01-15,AAL
AAL270115C00012000,12.0,3.28,3.25,3.45,5279.0,9580.0,0.5302781347656251,True,CALL,2027-01-15,AAL
AAL270115C00015000,15.0,2.02,1.9,2.03,145.0,13457.0,0.5034229345703125,False,CALL,2027-01-15,AAL
AAL270115C00017000,17.0,1.31,1.26,1.42,532.0,15194.0,0.49023947265625006,False,CALL,2027-01-15,AAL
AAL270115P00010000,10.0,0.84,0.79,0.83,3.0,31075.0,0.46582565429687506,False,PUT,2027-01-15,AAL
AAL270115P00012000,12.0,1.54,1.46,1.54,472.0,20859.0,0.4379939013671875,False,PUT,2027-01-15,AAL
AAL270115P00015000,15.0,3.13,2.98,3.2,6.0,11321.0,0.4167538793945312,True,PUT,2027-01-15,AAL
AAL270115P00017000,17.0,4.4,4.35,4.6,5.0,3048.0,0.4008848974609375,True,PUT,2027-01-15,AAL
AAL270319P00010000,10.0,1.0,0.91,1.05,10.0,2060.0,0.48438015625,False,PUT,2027-03-19,AAL
AAL270617P00010000,10.0,1.1,1.07,1.19,7.0,2802.0,0.46924358886718753,False,PUT,2027-06-17,AAL
AAL270917C00015000,15.0,3.69,2.43,3.05,1.0,11.0,0.5380905566406251,False,CALL,2027-09-17,AAL
AAL270917P00010000,10.0,1.28,1.24,1.4,2.0,236.0,0.47363807617187503,False,PUT,2027-09-17,AAL
AAL271217C00010000,10.0,5.45,5.35,5.7,11.0,3325.0,0.5813030151367188,True,CALL,2027-12-17,AAL
AAL271217C00013000,13.0,3.9,3.85,4.15,13.0,1556.0,0.5407760766601564,True,CALL,2027-12-17,AAL
AAL271217C00015000,15.0,3.25,3.2,3.35,150.0,17331.0,0.5324753784179688,False,CALL,2027-12-17,AAL
AAL271217C00017000,17.0,2.5,2.26,2.7,2.0,3959.0,0.5280808911132813,False,CALL,2027-12-17,AAL
AAL271217P00010000,10.0,1.45,1.43,1.46,1.0,12396.0,0.45264219238281256,False,PUT,2027-12-17,AAL
AAL271217P00013000,13.0,2.75,2.69,2.94,10.0,2036.0,0.43848217773437503,False,PUT,2027-12-17,AAL
AAL271217P00015000,15.0,3.9,3.75,4.0,10.0,371.0,0.40650007568359375,True,PUT,2027-12-17,AAL
AAL271217P00017000,17.0,3.82,5.05,5.35,1.0,195.0,0.39258419921875,True,PUT,2027-12-17,AAL
AAL280121C00010000,10.0,5.6,5.4,5.8,16.0,346.0,0.5805706005859376,True,CALL,2028-01-21,AAL
AAL280121C00012000,12.0,4.6,4.4,4.65,7.0,341.0,0.5483443603515626,True,CALL,2028-01-21,AAL
AAL280121C00015000,15.0,3.3,3.2,3.45,43.0,14022.0,0.526371923828125,False,CALL,2028-01-21,AAL
AAL280121C00017000,17.0,2.55,2.5,2.79,9.0,2096.0,0.507817421875,False,CALL,2028-01-21,AAL
AAL280121P00010000,10.0,1.51,1.47,1.59,1750.0,3994.0,0.46484910156250003,False,PUT,2028-01-21,AAL
AAL280121P00012000,12.0,2.36,2.29,2.42,101.0,4425.0,0.43604079589843747,False,PUT,2028-01-21,AAL
AAL280121P00015000,15.0,3.85,3.85,4.1,5.0,252.0,0.40991801025390623,True,PUT,2028-01-21,AAL
AAL280121P00017000,17.0,4.6,5.1,5.4,750.0,1723.0,0.389654541015625,True,PUT,2028-01-21,AAL
AAL281215C00010000,10.0,6.3,5.7,6.55,1.0,258.0,0.5590864404296876,True,CALL,2028-12-15,AAL
AAL281215C00013000,13.0,5.19,4.75,5.15,8.0,49.0,0.5537154003906251,True,CALL,2028-12-15,AAL
AAL281215C00015000,15.0,4.25,4.2,4.35,10.0,218.0,0.5454147021484376,False,CALL,2028-12-15,AAL
AAL281215C00017000,17.0,3.54,3.45,3.8,8.0,1739.0,0.5297898583984376,False,CALL,2028-12-15,AAL
AAL281215P00010000,10.0,1.93,1.87,2.08,5.0,1766.0,0.4580132324218751,False,PUT,2028-12-15,AAL
AAL281215P00013000,13.0,3.4,3.25,3.45,1.0,20.0,0.415044912109375,False,PUT,2028-12-15,AAL
AAL281215P00015000,15.0,3.99,4.35,4.6,26.0,83.0,0.3957579956054688,True,PUT,2028-12-15,AAL
AAL281215P00017000,17.0,5.6,5.55,6.95,2.0,48.0,0.495122236328125,True,PUT,2028-12-15,AAL
AAPL260130C00185000,185.0,71.8,71.15,74.15,1.0,1.0,2.821292009277344,True,CALL,2026-01-30,AAPL
AAPL260130C00190000,190.0,68.18,66.15,68.95,1.0,23.0,2.522464631347656,True,CALL,2026-01-30,AAPL
AAPL260130C00195000,195.0,60.86,61.5,64.1,1.0,5.0,2.4248086254882812,True,CALL,2026-01-30,AAPL
AAPL260130C00200000,200.0,56.95,56.6,59.1,9.0,119.0,2.2451215747070306,True,CALL,2026-01-30,AAPL
AAPL260130C00205000,205.0,50.17,51.15,54.0,4.0,58.0,2.021489321289063,True,CALL,2026-01-30,AAPL
AAPL260130C00210000,210.0,46.22,46.2,48.65,3.0,111.0,1.671876640625,True,CALL,2026-01-30,AAPL
AAPL260130C00215000,215.0,41.1,41.35,43.45,11.0,71.0,1.3925811621093749,True,CALL,2026-01-30,AAPL
AAPL260130C00220000,220.0,37.92,36.85,38.2,40.0,3315.0,1.0332079589843752,True,CALL,2026-01-30,AAPL
AAPL260130C00222500,222.5,32.95,33.85,36.1,1.0,2.0,1.2548865380859375,True,CALL,2026-01-30,AAPL
AAPL260130C00225000,225.0,32.55,31.7,32.75,32.0,259.0,1.0000000000000003e-05,True,CALL,2026-01-30,AAPL
AAPL260130C00227500,227.5,30.01,29.15,30.35,5.0,26.0,1.0000000000000003e-05,True,CALL,2026-01-30,AAPL
AAPL260130C00230000,230.0,27.64,27.35,27.9,19.0,432.0,1.0000000000000003e-05,True,CALL,2026-01-30,AAPL
AAPL260130C00232500,232.5,25.12,25.0,25.45,250.0,851.0,1.0000000000000003e-05,True,CALL,2026-01-30,AAPL
AAPL260130C00235000,235.0,23.07,22.2,23.15,988.0,3599.0,0.6035195898437502,True,CALL,2026-01-30,AAPL
AAPL260130C00237500,237.5,20.4,20.2,20.55,6424.0,434.0,1.0000000000000003e-05,True,CALL,2026-01-30,AAPL
AAPL260130C00240000,240.0,18.08,18.05,18.2,2391.0,1593.0,0.5293015820312501,True,CALL,2026-01-30,AAPL
AAPL260130C00242500,242.5,16.05,15.8,15.95,1904.0,1285.0,0.5576216113281252,True,CALL,2026-01-30,AAPL
AAPL260130C00245000,245.0,13.75,13.7,13.85,2199.0,2792.0,0.6084023535156251,True,CALL,2026-01-30,AAPL
AAPL260130C00247500,247.5,11.96,11.6,11.7,2269.0,1544.0,0.6059609716796877,True,CALL,2026-01-30,AAPL
AAPL260130C00250000,250.0,9.95,9.9,10.0,3182.0,8200.0,0.6511265356445313,True,CALL,2026-01-30,AAPL
AAPL260130C00252500,252.5,8.35,8.25,8.35,856.0,6042.0,0.6667513793945314,True,CALL,2026-01-30,AAPL
AAPL260130C00255000,255.0,6.75,6.75,6.8,6875.0,12881.0,0.6716341430664063,True,CALL,2026-01-30,AAPL
AAPL260130C00257500,257.5,5.4,5.4,5.45,9942.0,8467.0,0.674075524902344,True,CALL,2026-01-30,AAPL
AAPL260130C00260000,260.0,4.2,4.15,4.25,20319.0,18420.0,0.667239655761719,False,CALL,2026-01-30,AAPL
AAPL260130C00262500,262.5,3.2,3.15,3.2,6754.0,9391.0,0.6613803393554689,False,CALL,2026-01-30,AAPL
AAPL260130C00265000,265.0,2.34,2.34,2.35,17850.0,24065.0,0.6567417138671876,False,CALL,2026-01-30,AAPL
AAPL260130C00267500,267.5,1.7,1.68,1.71,10516.0,10179.0,0.6538120556640626,False,CALL,2026-01-30,AAPL
AAPL260130C00270000,270.0,1.2,1.19,1.2,16089.0,24225.0,0.6513706738281251,False,CALL,2026-01-30,AAPL
AAPL260130C00272500,272.5,0.82,0.81,0.83,5111.0,6830.0,0.6489292919921875,False,CALL,2026-01-30,AAPL
AAPL260130C00275000,275.0,0.56,0.55,0.56,13818.0,16164.0,0.648441015625,False,CALL,2026-01-30,AAPL
AAPL260130C00277500,277.5,0.37,0.37,0.38,2200.0,3843.0,0.6518589501953126,False,CALL,2026-01-30,AAPL
AAPL260130C00280000,280.0,0.24,0.24,0.25,8601.0,25306.0,0.6523472265625001,False,CALL,2026-01-30,AAPL
AAPL260130C00282500,282.5,0.17,0.16,0.17,2063.0,6545.0,0.6601596484375001,False,CALL,2026-01-30,AAPL
AAPL260130C00285000,285.0,0.12,0.11,0.12,5778.0,10234.0,0.6709017285156251,False,CALL,2026-01-30,AAPL
AAPL260130C00290000,290.0,0.04,0.04,0.05,5371.0,11592.0,0.6757844921875001,False,CALL,2026-01-30,AAPL
AAPL260130C00295000,295.0,0.03,0.02,0.03,4278.0,2995.0,0.710940390625,False,CALL,2026-01-30,AAPL
AAPL260130C00300000,300.0,0.01,0.01,0.02,3478.0,7890.0,0.7500025,False,CALL,2026-01-30,AAPL
AAPL260130C00305000,305.0,0.01,0.0,0.02,21.0,981.0,0.7812521875,False,CALL,2026-01-30,AAPL
AAPL260130C00310000,310.0,0.01,0.0,0.01,1169.0,935.0,0.8125018749999999,False,CALL,2026-01-30,AAPL
AAPL260130C00315000,315.0,0.01,0.0,0.01,54.0,1476.0,0.87500125,False,CALL,2026-01-30,AAPL
AAPL260130C00320000,320.0,0.01,0.0,0.01,252.0,326.0,0.937500625,False,CALL,2026-01-30,AAPL
AAPL260130C00325000,325.0,0.01,0.0,0.01,1.0,1137.0,0.98437515625,False,CALL,2026-01-30,AAPL
AAPL260130C00330000,330.0,0.01,0.0,0.01,1.0,121.0,1.0625046875000002,False,CALL,2026-01-30,AAPL
AAPL260130C00335000,335.0,0.01,0.0,0.01,1.0,16.0,1.125004375,False,CALL,2026-01-30,AAPL
AAPL260130P00185000,185.0,0.01,0.0,0.01,83.0,308.0,1.4375028125,False,PUT,2026-01-30,AAPL
AAPL260130P00190000,190.0,0.01,0.01,0.02,335.0,3079.0,1.453127734375,False,PUT,2026-01-30,AAPL
AAPL260130P00195000,195.0,0.02,0.01,0.02,6.0,3153.0,1.3437532812499997,False,PUT,2026-01-30,AAPL
AAPL260130P00200000,200.0,0.02,0.01,0.02,294.0,3730.0,1.21875390625,False,PUT,2026-01-30,AAPL
AAPL260130P00205000,205.0,0.02,0.02,0.03,125.0,847.0,1.171879140625,False,PUT,2026-01-30,AAPL
AAPL260130P00210000,210.0,0.04,0.03,0.05,155.0,570.0,1.1171919140625,False,PUT,2026-01-30,AAPL
AAPL260130P00215000,215.0,0.06,0.05,0.06,626.0,915.0,1.0429735351562504,False,PUT,2026-01-30,AAPL
AAPL260130P00217500,217.5,0.06,0.06,0.07,504.0,1621.0,1.0039112304687499,False,PUT,2026-01-30,AAPL
AAPL260130P00220000,220.0,0.08,0.07,0.08,1191.0,4269.0,0.9648441015625,False,PUT,2026-01-30,AAPL
AAPL260130P00222500,222.5,0.11,0.09,0.11,267.0,2728.0,0.9414068359375,False,PUT,2026-01-30,AAPL
AAPL260130P00225000,225.0,0.13,0.12,0.14,3678.0,5429.0,0.9160164648437501,False,PUT,2026-01-30,AAPL
AAPL260130P00227500,227.5,0.17,0.15,0.17,584.0,937.0,0.8808605664062499,False,PUT,2026-01-30,AAPL
AAPL260130P00230000,230.0,0.2,0.2,0.21,2597.0,5627.0,0.851563984375,False,PUT,2026-01-30,AAPL
AAPL260130P00232500,232.5,0.26,0.26,0.27,1113.0,4300.0,0.823243955078125,False,PUT,2026-01-30,AAPL
AAPL260130P00235000,235.0,0.35,0.34,0.36,2975.0,5133.0,0.797853583984375,False,PUT,2026-01-30,AAPL
AAPL260130P00237500,237.5,0.48,0.47,0.49,1356.0,2043.0,0.7797873583984375,False,PUT,2026-01-30,AAPL
AAPL260130P00240000,240.0,0.66,0.66,0.67,7235.0,7169.0,0.764650791015625,False,PUT,2026-01-30,AAPL
AAPL260130P00242500,242.5,0.94,0.92,0.95,3793.0,4547.0,0.7553735400390625,False,PUT,2026-01-30,AAPL
AAPL260130P00245000,245.0,1.32,1.3,1.31,9522.0,7770.0,0.7490259472656251,False,PUT,2026-01-30,AAPL
AAPL260130P00247500,247.5,1.84,1.82,1.85,4748.0,3942.0,0.7514673291015624,False,PUT,2026-01-30,AAPL
AAPL260130P00250000,250.0,2.5,2.5,2.5,10443.0,13493.0,0.7524438818359375,False,PUT,2026-01-30,AAPL
AAPL260130P00252500,252.5,3.3,3.25,3.35,3401.0,3412.0,0.7504907763671875,False,PUT,2026-01-30,AAPL
AAPL260130P00255000,255.0,4.28,4.25,4.35,5778.0,5115.0,0.7534204345703125,False,PUT,2026-01-30,AAPL
AAPL260130P00257500,257.5,5.46,5.4,5.5,4637.0,2403.0,0.7534204345703125,False,PUT,2026-01-30,AAPL
AAPL260130P00260000,260.0,6.73,6.7,6.8,2374.0,24836.0,0.7502466381835937,True,PUT,2026-01-30,AAPL
AAPL260130P00262500,262.5,8.29,8.25,8.35,1566.0,2120.0,0.7578149218750001,True,PUT,2026-01-30,AAPL
AAPL260130P00265000,265.0,9.9,9.8,9.9,641.0,2661.0,0.7429224926757811,True,PUT,2026-01-30,AAPL
AAPL260130P00267500,267.5,11.79,11.65,11.75,624.0,1826.0,0.7495142236328125,True,PUT,2026-01-30,AAPL
AAPL260130P00270000,270.0,13.84,13.6,13.9,96.0,8585.0,0.7692894165039064,True,PUT,2026-01-30,AAPL
AAPL260130P00272500,272.5,16.32,15.7,16.25,31.0,1609.0,0.805666005859375,True,PUT,2026-01-30,AAPL
AAPL260130P00275000,275.0,18.15,17.85,18.5,9134.0,2474.0,0.8247087841796874,True,PUT,2026-01-30,AAPL
AAPL260130P00277500,277.5,21.5,19.45,21.2,12.0,60.0,0.8159198095703124,True,PUT,2026-01-30,AAPL
AAPL260130P00280000,280.0,22.85,22.4,23.3,160.0,664.0,0.89257919921875,True,PUT,2026-01-30,AAPL
AAPL260130P00282500,282.5,25.02,24.75,25.65,7617.0,1031.0,0.9169930175781251,True,PUT,2026-01-30,AAPL
AAPL260130P00285000,285.0,27.54,26.25,28.65,14.0,11.0,0.8945323046874999,True,PUT,2026-01-30,AAPL
AAPL260130P00290000,290.0,32.56,31.3,33.65,1.0,4.0,1.0229541040039063,True,PUT,2026-01-30,AAPL
AAPL260130P00295000,295.0,32.3,36.2,39.1,5.0,0.0,1.2070352148437498,True,PUT,2026-01-30,AAPL
AAPL260130P00300000,300.0,42.61,41.3,43.85,5.0,0.0,1.2905308911132813,True,PUT,2026-01-30,AAPL
AAPL260130P00305000,305.0,32.78,46.2,49.2,2.0,0.0,1.4516628979492188,True,PUT,2026-01-30,AAPL
AAPL260130P00310000,310.0,53.45,51.3,54.2,34.0,0.0,1.5800802246093748,True,PUT,2026-01-30,AAPL
AAPL260130P00320000,320.0,60.37,61.3,64.05,,0.0,1.751954365234375,True,PUT,2026-01-30,AAPL
AAPL260206C00185000,185.0,62.94,71.3,74.15,1.0,1.0,1.3310580322265622,True,CALL,2026-02-06,AAPL
AAPL260206C00190000,190.0,70.13,66.3,69.05,2.0,30.0,1.2168007910156249,True,CALL,2026-02-06,AAPL
AAPL260206C00195000,195.0,51.63,61.35,64.3,2.0,5.0,1.1899454565429686,True,CALL,2026-02-06,AAPL
AAPL260206C00200000,200.0,57.52,56.85,58.85,6.0,16.0,0.99804689453125,True,CALL,2026-02-06,AAPL
AAPL260206C00205000,205.0,49.35,51.35,53.45,2.0,11.0,0.7983418603515625,True,CALL,2026-02-06,AAPL
AAPL260206C00210000,210.0,46.29,46.75,48.5,16.0,37.0,0.74414318359375,True,CALL,2026-02-06,AAPL
AAPL260206C00215000,215.0,46.25,41.45,44.15,2.0,14.0,0.8212908496093749,True,CALL,2026-02-06,AAPL
AAPL260206C00217500,217.5,44.11,39.0,41.1,258.0,26.0,0.6650424121093752,True,CALL,2026-02-06,AAPL
AAPL260206C00220000,220.0,38.25,37.6,38.85,4.0,164.0,0.5019581054687501,True,CALL,2026-02-06,AAPL
AAPL260206C00222500,222.5,26.25,34.35,36.4,2.0,2.0,0.6552768847656252,True,CALL,2026-02-06,AAPL
AAPL260206C00225000,225.0,32.85,32.75,32.85,5.0,60.0,1.0000000000000003e-05,True,CALL,2026-02-06,AAPL
AAPL260206C00227500,227.5,29.9,29.8,31.7,1.0,31.0,0.6259803027343751,True,CALL,2026-02-06,AAPL
AAPL260206C00230000,230.0,26.13,27.9,28.95,2.0,716.0,0.5473678076171876,True,CALL,2026-02-06,AAPL
AAPL260206C00232500,232.5,25.3,25.5,26.15,3.0,94.0,0.45752495605468757,True,CALL,2026-02-06,AAPL
AAPL260206C00235000,235.0,21.15,23.1,23.75,5.0,269.0,0.4379939013671875,True,CALL,2026-02-06,AAPL
AAPL260206C00237500,237.5,20.7,20.95,21.3,4.0,316.0,0.40772076660156253,True,CALL,2026-02-06,AAPL
AAPL260206C00240000,240.0,18.91,18.8,19.1,322.0,759.0,0.40820904296875,True,CALL,2026-02-06,AAPL
AAPL260206C00242500,242.5,16.55,16.7,17.0,15.0,258.0,0.4096738720703125,True,CALL,2026-02-06,AAPL
AAPL260206C00245000,245.0,15.0,14.8,14.9,137.0,684.0,0.40161731201171874,True,CALL,2026-02-06,AAPL
AAPL260206C00247500,247.5,12.97,12.8,12.9,288.0,954.0,0.3940490283203125,True,CALL,2026-02-06,AAPL
AAPL260206C00250000,250.0,11.12,11.1,11.2,327.0,2490.0,0.39990834472656256,True,CALL,2026-02-06,AAPL
AAPL260206C00252500,252.5,9.55,9.4,9.5,490.0,1669.0,0.39563592651367196,True,CALL,2026-02-06,AAPL
AAPL260206C00255000,255.0,7.98,7.9,7.95,1630.0,2648.0,0.39160764648437496,True,CALL,2026-02-06,AAPL
AAPL260206C00257500,257.5,6.58,6.55,6.65,1659.0,1345.0,0.39380489013671877,True,CALL,2026-02-06,AAPL
AAPL260206C00260000,260.0,5.34,5.35,5.4,4123.0,8123.0,0.3892883337402344,False,CALL,2026-02-06,AAPL
AAPL260206C00262500,262.5,4.32,4.3,4.35,883.0,1303.0,0.3874572973632812,False,CALL,2026-02-06,AAPL
AAPL260206C00265000,265.0,3.41,3.45,3.5,2722.0,6399.0,0.3890441955566406,False,CALL,2026-02-06,AAPL
AAPL260206C00267500,267.5,2.64,2.68,2.73,650.0,2153.0,0.38660281372070304,False,CALL,2026-02-06,AAPL
AAPL260206C00270000,270.0,2.06,2.06,2.1,6385.0,17419.0,0.38477177734374995,False,CALL,2026-02-06,AAPL
AAPL260206C00272500,272.5,1.57,1.56,1.59,350.0,633.0,0.3830628100585937,False,CALL,2026-02-06,AAPL
AAPL260206C00275000,275.0,1.17,1.15,1.18,1325.0,4531.0,0.3811097045898437,False,CALL,2026-02-06,AAPL
AAPL260206C00277500,277.5,0.87,0.87,0.89,456.0,575.0,0.3830628100585937,False,CALL,2026-02-06,AAPL
AAPL260206C00280000,280.0,0.64,0.62,0.64,1385.0,23934.0,0.3811097045898437,False,CALL,2026-02-06,AAPL
AAPL260206C00285000,285.0,0.35,0.33,0.35,433.0,4681.0,0.38623660644531244,False,CALL,2026-02-06,AAPL
AAPL260206C00290000,290.0,0.19,0.18,0.19,587.0,2653.0,0.39258419921875,False,CALL,2026-02-06,AAPL
AAPL260206C00295000,295.0,0.11,0.09,0.11,192.0,3249.0,0.40332627929687503,False,CALL,2026-02-06,AAPL
AAPL260206C00300000,300.0,0.06,0.05,0.06,1286.0,3174.0,0.411138701171875,False,CALL,2026-02-06,AAPL
AAPL260206C00305000,305.0,0.04,0.03,0.05,139.0,316.0,0.43945873046875,False,CALL,2026-02-06,AAPL
AAPL260206C00310000,310.0,0.01,0.02,0.04,2.0,154.0,0.46484910156250003,False,CALL,2026-02-06,AAPL
AAPL260206C00315000,315.0,0.02,0.02,0.03,271.0,138.0,0.48438015625,False,CALL,2026-02-06,AAPL
AAPL260206C00320000,320.0,0.01,0.0,0.06,200.0,116.0,0.5195360546875,False,CALL,2026-02-06,AAPL
AAPL260206C00325000,325.0,0.01,0.0,0.1,13.0,390.0,0.5820354296875,False,CALL,2026-02-06,AAPL
AAPL260206C00330000,330.0,0.03,0.01,0.03,116.0,13.0,0.5625043750000001,False,CALL,2026-02-06,AAPL
AAPL260206C00335000,335.0,0.01,0.0,0.23,1.0,7.0,0.71679970703125,False,CALL,2026-02-06,AAPL
AAPL260206P00185000,185.0,0.03,0.01,0.03,1.0,619.0,0.7578149218750001,False,PUT,2026-02-06,AAPL
AAPL260206P00190000,190.0,0.03,0.02,0.05,16.0,129.0,0.7421900781249999,False,PUT,2026-02-06,AAPL
AAPL260206P00195000,195.0,0.04,0.04,0.05,4.0,218.0,0.7050810742187501,False,PUT,2026-02-06,AAPL
AAPL260206P00200000,200.0,0.05,0.05,0.07,223.0,4016.0,0.6679720703125002,False,PUT,2026-02-06,AAPL
AAPL260206P00205000,205.0,0.09,0.08,0.1,39.0,197.0,0.6425816992187501,False,PUT,2026-02-06,AAPL
AAPL260206P00210000,210.0,0.12,0.11,0.13,35.0,389.0,0.6074258007812501,False,PUT,2026-02-06,AAPL
AAPL260206P00212500,212.5,0.14,0.13,0.15,17.0,46.0,0.5888712988281251,False,PUT,2026-02-06,AAPL
AAPL260206P00215000,215.0,0.17,0.16,0.18,25.0,310.0,0.5751995605468749,False,PUT,2026-02-06,AAPL
AAPL260206P00217500,217.5,0.19,0.19,0.21,5.0,782.0,0.5576216113281252,False,PUT,2026-02-06,AAPL
AAPL260206P00220000,220.0,0.23,0.23,0.25,87.0,1358.0,0.5424850439453126,False,PUT,2026-02-06,AAPL
AAPL260206P00222500,222.5,0.31,0.28,0.3,52.0,117.0,0.5273484765625001,False,PUT,2026-02-06,AAPL
AAPL260206P00225000,225.0,0.36,0.34,0.36,191.0,799.0,0.5122119091796875,False,PUT,2026-02-06,AAPL
AAPL260206P00227500,227.5,0.43,0.42,0.44,432.0,74.0,0.5009815527343751,False,PUT,2026-02-06,AAPL
AAPL260206P00230000,230.0,0.53,0.52,0.53,1705.0,2064.0,0.485356708984375,False,PUT,2026-02-06,AAPL
AAPL260206P00232500,232.5,0.66,0.65,0.68,59.0,340.0,0.476567734375,False,PUT,2026-02-06,AAPL
AAPL260206P00235000,235.0,0.84,0.83,0.85,282.0,1273.0,0.46533737792968755,False,PUT,2026-02-06,AAPL
AAPL260206P00237500,237.5,1.07,1.05,1.07,343.0,1350.0,0.45508357421875,False,PUT,2026-02-06,AAPL
AAPL260206P00240000,240.0,1.36,1.34,1.37,1381.0,3303.0,0.4480035668945312,False,PUT,2026-02-06,AAPL
AAPL260206P00242500,242.5,1.74,1.71,1.75,284.0,633.0,0.44165597412109375,False,PUT,2026-02-06,AAPL
AAPL260206P00245000,245.0,2.2,2.2,2.25,935.0,3590.0,0.43848217773437503,False,PUT,2026-02-06,AAPL
AAPL260206P00247500,247.5,2.78,2.78,2.83,494.0,686.0,0.43335527587890627,False,PUT,2026-02-06,AAPL
AAPL260206P00250000,250.0,3.49,3.5,3.55,1008.0,3351.0,0.43018147949218755,False,PUT,2026-02-06,AAPL
AAPL260206P00252500,252.5,4.25,4.3,4.35,196.0,556.0,0.42383388671875,False,PUT,2026-02-06,AAPL
AAPL260206P00255000,255.0,5.38,5.3,5.4,821.0,3299.0,0.4249325085449219,False,PUT,2026-02-06,AAPL
AAPL260206P00257500,257.5,6.23,6.5,6.6,441.0,534.0,0.42639733764648446,False,PUT,2026-02-06,AAPL
AAPL260206P00260000,260.0,7.85,7.8,7.85,10730.0,1537.0,0.42188078125,True,PUT,2026-02-06,AAPL
AAPL260206P00262500,262.5,9.4,9.3,9.4,215.0,395.0,0.4272518212890626,True,PUT,2026-02-06,AAPL
AAPL260206P00265000,265.0,10.85,10.9,11.05,65.0,748.0,0.43066975585937506,True,PUT,2026-02-06,AAPL
AAPL260206P00267500,267.5,12.7,12.55,12.65,16.0,210.0,0.42188078125,True,PUT,2026-02-06,AAPL
AAPL260206P00270000,270.0,14.52,14.5,14.65,201.0,1475.0,0.4332332067871094,True,PUT,2026-02-06,AAPL
AAPL260206P00272500,272.5,17.0,15.75,17.0,1.0,62.0,0.4660697924804688,True,PUT,2026-02-06,AAPL
AAPL260206P00275000,275.0,18.49,17.9,18.95,11.0,1020.0,0.4616753051757813,True,PUT,2026-02-06,AAPL
AAPL260206P00277500,277.5,22.86,20.25,21.35,5.0,7.0,0.49158223266601564,True,PUT,2026-02-06,AAPL
AAPL260206P00280000,280.0,24.34,22.35,23.45,5.0,230.0,0.48901878173828134,True,PUT,2026-02-06,AAPL
AAPL260206P00285000,285.0,28.58,26.85,28.35,1.0,17.0,0.5463912548828126,True,PUT,2026-02-06,AAPL
AAPL260206P00290000,290.0,30.21,31.55,33.4,166.0,25.0,0.6171913281250001,True,PUT,2026-02-06,AAPL
AAPL260206P00295000,295.0,34.2,36.3,38.5,276.0,0.0,0.5195360546875,True,PUT,2026-02-06,AAPL
AAPL260213C00185000,185.0,74.15,71.35,74.3,,6.0,1.0263720556640625,True,CALL,2026-02-13,AAPL
AAPL260213C00190000,190.0,56.15,66.35,68.8,10.0,10.0,0.8598646826171875,True,CALL,2026-02-13,AAPL
AAPL260213C00200000,200.0,60.93,56.4,58.55,48.0,50.0,0.6806672558593752,True,CALL,2026-02-13,AAPL
AAPL260213C00210000,210.0,46.57,46.5,49.6,1.0,38.0,0.7385280053710936,True,CALL,2026-02-13,AAPL
AAPL260213C00215000,215.0,40.95,41.55,44.65,7.0,37.0,0.6792024267578126,True,CALL,2026-02-13,AAPL
AAPL260213C00220000,220.0,38.04,36.85,38.15,28.0,225.0,0.3398503515625,True,CALL,2026-02-13,AAPL
AAPL260213C00225000,225.0,32.75,32.95,34.2,11.0,64.0,0.5002491381835938,True,CALL,2026-02-13,AAPL
AAPL260213C00230000,230.0,28.25,28.15,28.85,1.0,107.0,0.3979552392578125,True,CALL,2026-02-13,AAPL
AAPL260213C00235000,235.0,24.05,23.7,24.1,1.0,120.0,0.36743796630859377,True,CALL,2026-02-13,AAPL
AAPL260213C00240000,240.0,18.95,19.3,19.8,51.0,194.0,0.36377589355468753,True,CALL,2026-02-13,AAPL
AAPL260213C00245000,245.0,15.72,15.55,15.7,45.0,258.0,0.35205726074218746,True,CALL,2026-02-13,AAPL
AAPL260213C00250000,250.0,11.85,11.95,12.05,159.0,1016.0,0.344733115234375,True,CALL,2026-02-13,AAPL
AAPL260213C00255000,255.0,8.83,8.8,8.95,357.0,1642.0,0.3411931115722656,True,CALL,2026-02-13,AAPL
AAPL260213C00260000,260.0,6.4,6.2,6.3,636.0,3105.0,0.3338079315185547,False,CALL,2026-02-13,AAPL
AAPL260213C00265000,265.0,4.26,4.2,4.3,1104.0,2093.0,0.3315496533203125,False,CALL,2026-02-13,AAPL
AAPL260213C00270000,270.0,2.69,2.72,2.76,565.0,2516.0,0.32691102783203124,False,CALL,2026-02-13,AAPL
AAPL260213C00275000,275.0,1.66,1.66,1.69,527.0,7636.0,0.32349309326171866,False,CALL,2026-02-13,AAPL
AAPL260213C00280000,280.0,1.02,1.0,1.03,629.0,13409.0,0.3249579223632812,False,CALL,2026-02-13,AAPL
AAPL260213C00285000,285.0,0.6,0.58,0.6,81.0,2389.0,0.32569033691406246,False,CALL,2026-02-13,AAPL
AAPL260213C00290000,290.0,0.33,0.33,0.35,286.0,1195.0,0.32910827148437494,False,CALL,2026-02-13,AAPL
AAPL260213C00295000,295.0,0.2,0.19,0.21,127.0,742.0,0.334967587890625,False,CALL,2026-02-13,AAPL
AAPL260213C00300000,300.0,0.12,0.11,0.12,802.0,1029.0,0.33887379882812496,False,CALL,2026-02-13,AAPL
AAPL260213C00305000,305.0,0.08,0.06,0.08,3.0,133.0,0.34961587890624996,False,CALL,2026-02-13,AAPL
AAPL260213C00310000,310.0,0.05,0.03,0.05,3.0,233.0,0.35742830078125,False,CALL,2026-02-13,AAPL
AAPL260213C00315000,315.0,0.03,0.02,0.04,1.0,92.0,0.37500625,False,CALL,2026-02-13,AAPL
AAPL260213C00320000,320.0,0.01,0.01,0.03,2.0,129.0,0.38867798828125,False,CALL,2026-02-13,AAPL
AAPL260213C00325000,325.0,0.02,0.0,0.03,1.0,14.0,0.414068359375,False,CALL,2026-02-13,AAPL
AAPL260213C00330000,330.0,0.04,0.0,0.06,10.0,14.0,0.4726615234375,False,CALL,2026-02-13,AAPL
AAPL260213P00185000,185.0,0.07,0.06,0.08,2.0,23.0,0.65039412109375,False,PUT,2026-02-13,AAPL
AAPL260213P00190000,190.0,0.09,0.07,0.1,4.0,69.0,0.6171913281250001,False,PUT,2026-02-13,AAPL
AAPL260213P00195000,195.0,0.11,0.1,0.12,31.0,29.0,0.5898478515625001,False,PUT,2026-02-13,AAPL
AAPL260213P00200000,200.0,0.14,0.13,0.15,9.0,1298.0,0.56055126953125,False,PUT,2026-02-13,AAPL
AAPL260213P00205000,205.0,0.21,0.18,0.2,29.0,69.0,0.5361374511718751,False,PUT,2026-02-13,AAPL
AAPL260213P00210000,210.0,0.26,0.24,0.25,3.0,105.0,0.506840869140625,False,PUT,2026-02-13,AAPL
AAPL260213P00215000,215.0,0.33,0.31,0.33,21.0,162.0,0.4819387744140625,False,PUT,2026-02-13,AAPL
AAPL260213P00220000,220.0,0.44,0.43,0.45,465.0,369.0,0.45703667968750006,False,PUT,2026-02-13,AAPL
AAPL260213P00225000,225.0,0.61,0.6,0.63,62.0,925.0,0.4343318286132813,False,PUT,2026-02-13,AAPL
AAPL260213P00230000,230.0,0.89,0.88,0.9,159.0,11091.0,0.41358008300781246,False,PUT,2026-02-13,AAPL
AAPL260213P00235000,235.0,1.31,1.31,1.34,55.0,1165.0,0.3978331701660156,False,PUT,2026-02-13,AAPL
AAPL260213P00240000,240.0,1.98,1.97,2.02,217.0,1184.0,0.3857483300781249,False,PUT,2026-02-13,AAPL
AAPL260213P00245000,245.0,2.91,2.98,3.05,82.0,1494.0,0.3776917700195312,False,PUT,2026-02-13,AAPL
AAPL260213P00250000,250.0,4.4,4.35,4.45,270.0,1092.0,0.36939107177734376,False,PUT,2026-02-13,AAPL
AAPL260213P00255000,255.0,6.2,6.2,6.3,159.0,1717.0,0.36133451171875,False,PUT,2026-02-13,AAPL
AAPL260213P00260000,260.0,8.55,8.7,8.85,72.0,6233.0,0.3629214099121094,True,PUT,2026-02-13,AAPL
AAPL260213P00265000,265.0,11.55,11.65,11.8,64.0,535.0,0.3597476135253906,True,PUT,2026-02-13,AAPL
AAPL260213P00270000,270.0,15.21,15.15,15.3,9.0,160.0,0.36096830444335937,True,PUT,2026-02-13,AAPL
AAPL260213P00275000,275.0,19.4,18.25,19.45,20.0,86.0,0.37830211547851555,True,PUT,2026-02-13,AAPL
AAPL260213P00280000,280.0,23.6,22.65,24.05,10.0,60.0,0.4110166320800781,True,PUT,2026-02-13,AAPL
AAPL260213P00285000,285.0,29.55,26.95,28.5,20.0,30.0,0.4226131958007812,True,PUT,2026-02-13,AAPL
AAPL260213P00290000,290.0,33.35,31.6,33.7,25.0,0.0,0.48901878173828134,True,PUT,2026-02-13,AAPL
AAPL260213P00295000,295.0,35.85,36.2,38.9,,0.0,0.5542036767578126,True,PUT,2026-02-13,AAPL
AAPL260213P00305000,305.0,32.0,45.85,49.55,,0.0,0.5129443237304687,True,PUT,2026-02-13,AAPL
AAPL260220C00185000,185.0,70.69,71.5,73.85,12.0,222.0,0.7788108056640625,True,CALL,2026-02-20,AAPL
AAPL260220C00190000,190.0,71.35,66.65,68.85,11.0,200.0,0.726565234375,True,CALL,2026-02-20,AAPL
AAPL260220C00195000,195.0,61.31,61.6,64.0,2.0,418.0,0.6999541723632813,True,CALL,2026-02-20,AAPL
AAPL260220C00200000,200.0,57.77,57.15,58.45,15.0,1560.0,0.5444381494140625,True,CALL,2026-02-20,AAPL
AAPL260220C00205000,205.0,52.7,52.6,53.7,50.0,808.0,0.5493209130859377,True,CALL,2026-02-20,AAPL
AAPL260220C00210000,210.0,47.75,47.45,49.2,23.0,1472.0,0.5712933496093751,True,CALL,2026-02-20,AAPL
AAPL260220C00215000,215.0,42.2,42.8,43.3,4.0,1312.0,0.375982802734375,True,CALL,2026-02-20,AAPL
AAPL260220C00220000,220.0,38.25,38.15,38.25,22.0,6494.0,0.3217841259765625,True,CALL,2026-02-20,AAPL
AAPL260220C00225000,225.0,33.49,33.5,33.65,41.0,4346.0,0.35474278076171867,True,CALL,2026-02-20,AAPL
AAPL260220C00230000,230.0,28.92,28.85,28.95,57.0,7672.0,0.34229173339843744,True,CALL,2026-02-20,AAPL
AAPL260220C00232500,232.5,26.5,26.55,26.7,3.0,63.0,0.3404606970214844,True,CALL,2026-02-20,AAPL
AAPL260220C00235000,235.0,24.17,24.35,24.5,96.0,3575.0,0.33814138427734375,True,CALL,2026-02-20,AAPL
AAPL260220C00237500,237.5,21.95,22.2,22.35,29.0,88.0,0.334967587890625,True,CALL,2026-02-20,AAPL
AAPL260220C00240000,240.0,20.05,20.1,20.25,178.0,5233.0,0.33081723876953123,True,CALL,2026-02-20,AAPL
AAPL260220C00242500,242.5,18.35,18.0,18.1,45.0,236.0,0.3200751586914062,True,CALL,2026-02-20,AAPL
AAPL260220C00245000,245.0,16.4,16.15,16.3,333.0,8561.0,0.32355412780761705,True,CALL,2026-02-20,AAPL
AAPL260220C00247500,247.5,14.73,14.35,14.5,86.0,1604.0,0.3217841259765625,True,CALL,2026-02-20,AAPL
AAPL260220C00250000,250.0,12.75,12.65,12.8,2987.0,9772.0,0.3197089514160155,True,CALL,2026-02-20,AAPL
AAPL260220C00252500,252.5,11.1,11.05,11.2,399.0,1535.0,0.31726756958007807,True,CALL,2026-02-20,AAPL
AAPL260220C00255000,255.0,9.6,9.55,9.65,2766.0,39353.0,0.31214066772460936,True,CALL,2026-02-20,AAPL
AAPL260220C00257500,257.5,8.25,8.15,8.25,1250.0,811.0,0.3083565258789062,True,CALL,2026-02-20,AAPL
AAPL260220C00260000,260.0,7.0,6.9,7.0,3820.0,23393.0,0.3055489367675781,False,CALL,2026-02-20,AAPL
AAPL260220C00262500,262.5,5.9,5.85,5.9,632.0,3519.0,0.3037789349365234,False,CALL,2026-02-20,AAPL
AAPL260220C00265000,265.0,4.9,4.85,4.9,1751.0,14177.0,0.30103238037109376,False,CALL,2026-02-20,AAPL
AAPL260220C00267500,267.5,4.05,3.95,4.1,261.0,1271.0,0.301764794921875,False,CALL,2026-02-20,AAPL
AAPL260220C00270000,270.0,3.25,3.2,3.25,7284.0,33583.0,0.29529513305664057,False,CALL,2026-02-20,AAPL
AAPL260220C00272500,272.5,2.66,2.65,2.68,317.0,2203.0,0.2967599621582031,False,CALL,2026-02-20,AAPL
AAPL260220C00275000,275.0,2.1,2.13,2.15,3670.0,33320.0,0.29566134033203123,False,CALL,2026-02-20,AAPL
AAPL260220C00277500,277.5,1.73,1.69,1.72,715.0,715.0,0.29529513305664057,False,CALL,2026-02-20,AAPL
AAPL260220C00280000,280.0,1.33,1.32,1.35,3513.0,29488.0,0.2941965112304687,False,CALL,2026-02-20,AAPL
AAPL260220C00285000,285.0,0.83,0.83,0.85,1345.0,22742.0,0.2960275476074219,False,CALL,2026-02-20,AAPL
AAPL260220C00290000,290.0,0.52,0.51,0.53,815.0,25038.0,0.29883513671874995,False,CALL,2026-02-20,AAPL
AAPL260220C00295000,295.0,0.32,0.31,0.33,251.0,6318.0,0.30249720947265624,False,CALL,2026-02-20,AAPL
AAPL260220C00300000,300.0,0.21,0.2,0.21,1295.0,30356.0,0.30811238769531246,False,CALL,2026-02-20,AAPL
AAPL260220C00305000,305.0,0.13,0.12,0.13,459.0,5474.0,0.31201859863281245,False,CALL,2026-02-20,AAPL
AAPL260220C00310000,310.0,0.08,0.08,0.09,228.0,64726.0,0.32129584960937496,False,CALL,2026-02-20,AAPL
AAPL260220C00315000,315.0,0.06,0.05,0.07,101.0,2107.0,0.33399103515625,False,CALL,2026-02-20,AAPL
AAPL260220C00320000,320.0,0.04,0.04,0.05,128.0,11209.0,0.3437565625,False,CALL,2026-02-20,AAPL
AAPL260220C00325000,325.0,0.04,0.02,0.04,4.0,1350.0,0.35547519531249994,False,CALL,2026-02-20,AAPL
AAPL260220C00330000,330.0,0.02,0.02,0.03,66.0,4211.0,0.36524072265625,False,CALL,2026-02-20,AAPL
AAPL260220C00335000,335.0,0.02,0.02,0.03,1.0,475.0,0.38477177734374995,False,CALL,2026-02-20,AAPL
AAPL260220P00185000,185.0,0.11,0.1,0.11,756.0,5558.0,0.569340244140625,False,PUT,2026-02-20,AAPL
AAPL260220P00190000,190.0,0.15,0.13,0.15,51.0,3348.0,0.5488326367187502,False,PUT,2026-02-20,AAPL
AAPL260220P00195000,195.0,0.18,0.17,0.19,13.0,2184.0,0.526371923828125,False,PUT,2026-02-20,AAPL
AAPL260220P00200000,200.0,0.21,0.21,0.22,133.0,6981.0,0.499028447265625,False,PUT,2026-02-20,AAPL
AAPL260220P00205000,205.0,0.31,0.27,0.28,36.0,6191.0,0.47510290527343746,False,PUT,2026-02-20,AAPL
AAPL260220P00210000,210.0,0.35,0.34,0.36,45.0,6367.0,0.45166563964843753,False,PUT,2026-02-20,AAPL
AAPL260220P00215000,215.0,0.46,0.45,0.46,106.0,3775.0,0.4274959594726563,False,PUT,2026-02-20,AAPL
AAPL260220P00220000,220.0,0.6,0.6,0.61,1155.0,20969.0,0.40601179931640624,False,PUT,2026-02-20,AAPL
AAPL260220P00225000,225.0,0.83,0.81,0.84,379.0,17886.0,0.3874572973632812,False,PUT,2026-02-20,AAPL
AAPL260220P00230000,230.0,1.17,1.14,1.17,1516.0,15740.0,0.370123486328125,False,PUT,2026-02-20,AAPL
AAPL260220P00232500,232.5,1.43,1.38,1.42,35.0,1214.0,0.36475244628906256,False,PUT,2026-02-20,AAPL
AAPL260220P00235000,235.0,1.69,1.66,1.69,1054.0,7490.0,0.35742830078125,False,PUT,2026-02-20,AAPL
AAPL260220P00237500,237.5,2.02,2.0,2.04,65.0,1035.0,0.35217932983398437,False,PUT,2026-02-20,AAPL
AAPL260220P00240000,240.0,2.41,2.4,2.44,1728.0,10597.0,0.3461979443359374,False,PUT,2026-02-20,AAPL
AAPL260220P00242500,242.5,2.9,2.89,2.94,280.0,1530.0,0.34204759521484374,False,PUT,2026-02-20,AAPL
AAPL260220P00245000,245.0,3.49,3.45,3.55,3726.0,13369.0,0.3393620751953125,False,PUT,2026-02-20,AAPL
AAPL260220P00247500,247.5,4.16,4.1,4.2,89.0,649.0,0.33423517333984376,False,PUT,2026-02-20,AAPL
AAPL260220P00250000,250.0,5.0,4.95,5.0,4141.0,12063.0,0.33148861877441405,False,PUT,2026-02-20,AAPL
AAPL260220P00252500,252.5,5.9,5.8,5.9,694.0,1352.0,0.3284979260253906,False,PUT,2026-02-20,AAPL
AAPL260220P00255000,255.0,6.85,6.85,6.95,1816.0,9301.0,0.3270330969238281,False,PUT,2026-02-20,AAPL
AAPL260220P00257500,257.5,8.0,7.95,8.1,321.0,375.0,0.3248968878173828,False,PUT,2026-02-20,AAPL
AAPL260220P00260000,260.0,9.25,9.2,9.3,1083.0,8491.0,0.3201361932373046,True,PUT,2026-02-20,AAPL
AAPL260220P00262500,262.5,10.7,10.6,10.7,122.0,364.0,0.31854929504394525,True,PUT,2026-02-20,AAPL
AAPL260220P00265000,265.0,12.2,12.15,12.3,140.0,9706.0,0.32031929687499994,True,PUT,2026-02-20,AAPL
AAPL260220P00267500,267.5,14.9,13.9,14.0,503.0,234.0,0.3219061950683593,True,PUT,2026-02-20,AAPL
AAPL260220P00270000,270.0,15.7,15.55,15.65,102.0,7405.0,0.31677929321289056,True,PUT,2026-02-20,AAPL
AAPL260220P00272500,272.5,18.75,17.5,17.65,15.0,42.0,0.32300481689453114,True,PUT,2026-02-20,AAPL
AAPL260220P00275000,275.0,19.5,19.15,19.6,30.0,13920.0,0.3232489550781249,True,PUT,2026-02-20,AAPL
AAPL260220P00277500,277.5,21.0,21.55,21.7,14.0,49.0,0.32739930419921875,True,PUT,2026-02-20,AAPL
AAPL260220P00280000,280.0,23.85,23.65,23.8,77.0,3303.0,0.3280096496582031,True,PUT,2026-02-20,AAPL
AAPL260220P00285000,285.0,28.8,28.15,28.3,2.0,1965.0,0.3382634533691406,True,PUT,2026-02-20,AAPL
AAPL260220P00290000,290.0,33.45,33.0,33.15,53.0,26.0,0.3665834826660156,True,PUT,2026-02-20,AAPL
AAPL260220P00295000,295.0,46.57,36.8,38.7,94.0,3.0,0.44788149780273434,True,PUT,2026-02-20,AAPL
AAPL260220P00300000,300.0,45.0,41.65,43.7,1.0,187.0,0.4862111926269531,True,PUT,2026-02-20,AAPL
AAPL260220P00305000,305.0,30.9,46.5,48.9,60.0,1.0,0.5388229711914063,True,PUT,2026-02-20,AAPL
AAPL260220P00310000,310.0,60.75,51.6,53.65,62.0,3.0,0.5545698840332032,True,PUT,2026-02-20,AAPL
AAPL260220P00315000,315.0,39.55,56.5,58.7,1.0,0.0,0.5932657861328126,True,PUT,2026-02-20,AAPL
AAPL260220P00320000,320.0,41.68,61.6,63.8,1.0,0.0,0.5200243310546875,True,PUT,2026-02-20,AAPL
AAPL260220P00325000,325.0,48.72,66.5,68.75,1.0,0.0,0.5380905566406251,True,PUT,2026-02-20,AAPL
AAPL260220P00330000,330.0,73.69,71.6,73.65,6.0,6.0,0.5659223095703125,True,PUT,2026-02-20,AAPL
AAPL260220P00335000,335.0,80.72,76.5,78.9,2.0,0.0,0.6044961425781252,True,PUT,2026-02-20,AAPL
AAPL260227C00185000,185.0,72.35,71.6,74.55,1.0,2.0,0.7812521875,True,CALL,2026-02-27,AAPL
AAPL260227C00190000,190.0,65.7,66.65,69.7,2.0,3.0,0.7473169799804689,True,CALL,2026-02-27,AAPL
AAPL260227C00195000,195.0,65.87,61.9,64.8,,1.0,0.7067900415039063,True,CALL,2026-02-27,AAPL
AAPL260227C00200000,200.0,56.25,57.4,59.3,2.0,582.0,0.603763728027344,True,CALL,2026-02-27,AAPL
AAPL260227C00205000,205.0,42.3,52.5,54.35,10.0,12.0,0.5622602368164062,True,CALL,2026-02-27,AAPL
AAPL260227C00210000,210.0,50.74,47.65,49.1,2.0,6.0,0.4892629199218751,True,CALL,2026-02-27,AAPL
AAPL260227C00215000,215.0,42.89,42.95,44.25,2.0,12.0,0.45972219970703126,True,CALL,2026-02-27,AAPL
AAPL260227C00220000,220.0,39.15,38.45,40.0,2.0,23.0,0.4749808361816406,True,CALL,2026-02-27,AAPL
AAPL260227C00225000,225.0,31.55,33.6,34.4,32.0,49.0,0.38172005004882803,True,CALL,2026-02-27,AAPL
AAPL260227C00230000,230.0,29.42,29.2,29.45,106.0,125.0,0.3393620751953125,True,CALL,2026-02-27,AAPL
AAPL260227C00235000,235.0,24.42,24.7,25.1,13.0,81.0,0.33264827514648443,True,CALL,2026-02-27,AAPL
AAPL260227C00240000,240.0,21.05,20.7,21.05,44.0,211.0,0.32898620239257803,True,CALL,2026-02-27,AAPL
AAPL260227C00245000,245.0,16.68,16.8,17.15,37.0,350.0,0.31879343322753895,True,CALL,2026-02-27,AAPL
AAPL260227C00250000,250.0,13.88,13.5,13.6,143.0,749.0,0.309577216796875,True,CALL,2026-02-27,AAPL
AAPL260227C00255000,255.0,10.42,10.3,10.45,635.0,825.0,0.3009103112792969,True,CALL,2026-02-27,AAPL
AAPL260227C00260000,260.0,7.85,7.75,7.85,682.0,2330.0,0.2963937548828125,False,CALL,2026-02-27,AAPL
AAPL260227C00265000,265.0,5.65,5.55,5.65,206.0,1714.0,0.2901071966552734,False,CALL,2026-02-27,AAPL
AAPL260227C00270000,270.0,3.94,3.9,3.95,545.0,2348.0,0.28601788208007806,False,CALL,2026-02-27,AAPL
AAPL260227C00275000,275.0,2.65,2.64,2.69,425.0,3471.0,0.28357650024414055,False,CALL,2026-02-27,AAPL
AAPL260227C00280000,280.0,1.76,1.75,1.78,306.0,1406.0,0.2819896020507812,False,CALL,2026-02-27,AAPL
AAPL260227C00285000,285.0,1.17,1.15,1.18,218.0,1212.0,0.28321029296874994,False,CALL,2026-02-27,AAPL
AAPL260227C00290000,290.0,0.76,0.75,0.78,62.0,534.0,0.28577374389648436,False,CALL,2026-02-27,AAPL
AAPL260227C00295000,295.0,0.5,0.5,0.52,75.0,825.0,0.2898020239257812,False,CALL,2026-02-27,AAPL
AAPL260227C00300000,300.0,0.32,0.32,0.34,687.0,871.0,0.2929758203124999,False,CALL,2026-02-27,AAPL
AAPL260227C00305000,305.0,0.23,0.21,0.24,15.0,160.0,0.3002999658203125,False,CALL,2026-02-27,AAPL
AAPL260227C00310000,310.0,0.16,0.14,0.16,9.0,112.0,0.304694453125,False,CALL,2026-02-27,AAPL
AAPL260227C00315000,315.0,0.09,0.09,0.13,12.0,105.0,0.317389638671875,False,CALL,2026-02-27,AAPL
AAPL260227C00320000,320.0,0.06,0.07,0.1,3.0,7.0,0.327155166015625,False,CALL,2026-02-27,AAPL
AAPL260227C00325000,325.0,0.07,0.04,0.08,3.0,8.0,0.33789724609375,False,CALL,2026-02-27,AAPL
AAPL260227C00330000,330.0,0.06,0.03,0.06,1.0,3.0,0.344733115234375,False,CALL,2026-02-27,AAPL
AAPL260227C00335000,335.0,0.01,0.02,0.05,2.0,3.0,0.35547519531249994,False,CALL,2026-02-27,AAPL
AAPL260227P00185000,185.0,0.16,0.13,0.16,,44.0,0.5205126074218749,False,PUT,2026-02-27,AAPL
AAPL260227P00190000,190.0,0.19,0.17,0.19,35.0,35.0,0.5019581054687501,False,PUT,2026-02-27,AAPL
AAPL260227P00195000,195.0,0.25,0.22,0.24,1.0,55.0,0.4809622216796875,False,PUT,2026-02-27,AAPL
AAPL260227P00200000,200.0,0.29,0.28,0.3,11.0,215.0,0.45898978515625005,False,PUT,2026-02-27,AAPL
AAPL260227P00205000,205.0,0.28,0.36,0.37,2.0,143.0,0.436529072265625,False,PUT,2026-02-27,AAPL
AAPL260227P00210000,210.0,0.48,0.46,0.48,28.0,536.0,0.4172421557617187,False,PUT,2026-02-27,AAPL
AAPL260227P00215000,215.0,0.62,0.59,0.62,12.0,211.0,0.397466962890625,False,PUT,2026-02-27,AAPL
AAPL260227P00220000,220.0,0.83,0.79,0.82,97.0,414.0,0.3797669445800781,False,PUT,2026-02-27,AAPL
AAPL260227P00225000,225.0,1.12,1.07,1.11,44.0,322.0,0.3640200317382813,False,PUT,2026-02-27,AAPL
AAPL260227P00230000,230.0,1.51,1.48,1.53,99.0,1157.0,0.350470362548828,False,PUT,2026-02-27,AAPL
AAPL260227P00235000,235.0,2.08,2.08,2.13,107.0,604.0,0.33875172973632806,False,PUT,2026-02-27,AAPL
AAPL260227P00240000,240.0,2.81,2.91,2.97,199.0,855.0,0.3288641333007812,False,PUT,2026-02-27,AAPL
AAPL260227P00245000,245.0,4.09,4.05,4.15,191.0,1266.0,0.3219061950683593,False,PUT,2026-02-27,AAPL
AAPL260227P00250000,250.0,5.4,5.5,5.65,314.0,505.0,0.3142158422851562,False,PUT,2026-02-27,AAPL
AAPL260227P00255000,255.0,7.53,7.5,7.65,191.0,1078.0,0.3104317004394531,False,PUT,2026-02-27,AAPL
AAPL260227P00260000,260.0,9.89,9.85,9.95,106.0,367.0,0.3023751403808594,True,PUT,2026-02-27,AAPL
AAPL260227P00265000,265.0,12.62,12.7,12.85,19.0,357.0,0.2998727239990234,True,PUT,2026-02-27,AAPL
AAPL260227P00270000,270.0,15.92,16.05,16.25,11.0,257.0,0.3004220349121094,True,PUT,2026-02-27,AAPL
AAPL260227P00275000,275.0,20.33,19.7,20.45,27.0,47.0,0.31964791687011707,True,PUT,2026-02-27,AAPL
AAPL260227P00280000,280.0,22.8,23.6,24.5,10.0,63.0,0.3223944714355468,True,PUT,2026-02-27,AAPL
AAPL260227P00285000,285.0,26.12,27.4,29.1,1.0,2.0,0.34278000976562495,True,PUT,2026-02-27,AAPL
AAPL260227P00300000,300.0,52.5,41.15,43.95,10.0,0.0,0.44214425048828127,True,PUT,2026-02-27,AAPL
AAPL260306C00220000,220.0,38.93,38.4,39.55,1.0,0.0,0.39539178833007815,True,CALL,2026-03-06,AAPL
AAPL260306C00225000,225.0,34.1,34.1,34.8,3.0,5.0,0.3698793481445312,True,CALL,2026-03-06,AAPL
AAPL260306C00230000,230.0,28.15,29.7,30.1,8.0,3.0,0.3438786315917969,True,CALL,2026-03-06,AAPL
AAPL260306C00235000,235.0,24.41,25.35,25.8,6.0,74.0,0.33350275878906255,True,CALL,2026-03-06,AAPL
AAPL260306C00240000,240.0,21.5,21.3,21.7,3.0,25.0,0.3227606787109374,True,CALL,2026-03-06,AAPL
AAPL260306C00245000,245.0,17.8,17.55,17.9,12.0,34.0,0.31391066955566405,True,CALL,2026-03-06,AAPL
AAPL260306C00250000,250.0,14.35,14.15,14.3,104.0,198.0,0.30145962219238287,True,CALL,2026-03-06,AAPL
AAPL260306C00255000,255.0,11.22,11.15,11.35,316.0,407.0,0.2985909985351562,True,CALL,2026-03-06,AAPL
AAPL260306C00260000,260.0,8.55,8.45,8.55,518.0,515.0,0.28803202209472645,False,CALL,2026-03-06,AAPL
AAPL260306C00265000,265.0,6.4,6.25,6.35,226.0,1050.0,0.28314925842285155,False,CALL,2026-03-06,AAPL
AAPL260306C00270000,270.0,4.6,4.5,4.65,329.0,776.0,0.28137925659179686,False,CALL,2026-03-06,AAPL
AAPL260306C00275000,275.0,3.2,3.15,3.25,345.0,500.0,0.2771678729248046,False,CALL,2026-03-06,AAPL
AAPL260306C00280000,280.0,2.24,2.18,2.23,162.0,369.0,0.27484856018066406,False,CALL,2026-03-06,AAPL
AAPL260306C00285000,285.0,1.52,1.47,1.52,60.0,123.0,0.27466545654296876,False,CALL,2026-03-06,AAPL
AAPL260306C00290000,290.0,1.02,1.0,1.04,45.0,337.0,0.27637442382812494,False,CALL,2026-03-06,AAPL
AAPL260306C00295000,295.0,0.68,0.68,0.72,80.0,81.0,0.2797923583984374,False,CALL,2026-03-06,AAPL
AAPL260306C00300000,300.0,0.46,0.47,0.5,315.0,349.0,0.2838206384277343,False,CALL,2026-03-06,AAPL
AAPL260306C00305000,305.0,0.33,0.31,0.35,28.0,22.0,0.28833719482421866,False,CALL,2026-03-06,AAPL
AAPL260306C00310000,310.0,0.2,0.21,0.26,2.0,25.0,0.29566134033203123,False,CALL,2026-03-06,AAPL
AAPL260306C00315000,315.0,0.16,0.14,0.19,1.0,10.0,0.301764794921875,False,CALL,2026-03-06,AAPL
AAPL260306P00185000,185.0,0.19,0.16,0.2,9.0,11.0,0.49023947265625006,False,PUT,2026-03-06,AAPL
AAPL260306P00190000,190.0,0.21,0.21,0.25,1.0,8.0,0.47070841796875,False,PUT,2026-03-06,AAPL
AAPL260306P00195000,195.0,0.3,0.27,0.31,3.0,56.0,0.45117736328125,False,PUT,2026-03-06,AAPL
AAPL260306P00200000,200.0,0.38,0.38,0.39,215.0,504.0,0.43237872314453124,False,PUT,2026-03-06,AAPL
AAPL260306P00205000,205.0,0.51,0.45,0.48,27.0,11.0,0.4118711157226562,False,PUT,2026-03-06,AAPL
AAPL260306P00210000,210.0,0.61,0.59,0.62,14.0,63.0,0.3952697192382813,False,PUT,2026-03-06,AAPL
AAPL260306P00215000,215.0,0.8,0.76,0.8,34.0,59.0,0.37842418457031246,False,PUT,2026-03-06,AAPL
AAPL260306P00220000,220.0,1.05,1.01,1.06,26.0,78.0,0.36389796264648444,False,PUT,2026-03-06,AAPL
AAPL260306P00225000,225.0,1.35,1.36,1.41,49.0,121.0,0.34998208618164056,False,PUT,2026-03-06,AAPL
AAPL260306P00230000,230.0,1.88,1.85,1.9,78.0,309.0,0.33777517700195314,False,PUT,2026-03-06,AAPL
AAPL260306P00235000,235.0,2.55,2.52,2.58,39.0,228.0,0.32739930419921875,False,PUT,2026-03-06,AAPL
AAPL260306P00240000,240.0,3.4,3.35,3.5,79.0,157.0,0.31836619140624994,False,PUT,2026-03-06,AAPL
AAPL260306P00245000,245.0,4.63,4.6,4.7,222.0,132.0,0.3100654931640625,False,PUT,2026-03-06,AAPL
AAPL260306P00250000,250.0,6.1,6.1,6.25,23.0,140.0,0.30286341674804684,False,PUT,2026-03-06,AAPL
AAPL260306P00255000,255.0,8.07,8.1,8.25,77.0,62.0,0.29834686035156244,False,PUT,2026-03-06,AAPL
AAPL260306P00260000,260.0,10.53,10.4,10.55,82.0,51.0,0.2908396112060546,True,PUT,2026-03-06,AAPL
AAPL260306P00265000,265.0,13.33,13.2,13.4,8.0,52.0,0.28766581481933584,True,PUT,2026-03-06,AAPL
AAPL260306P00270000,270.0,16.31,16.5,16.65,4.0,14.0,0.28449201843261707,True,PUT,2026-03-06,AAPL
AAPL260306P00275000,275.0,20.2,19.6,20.8,11.0,8.0,0.3012765185546875,True,PUT,2026-03-06,AAPL
AAPL260320C00185000,185.0,71.0,72.2,74.6,3.0,971.0,0.6025430371093752,True,CALL,2026-03-20,AAPL
AAPL260320C00190000,190.0,67.7,68.1,69.65,1.0,703.0,0.5676312768554688,True,CALL,2026-03-20,AAPL
AAPL260320C00195000,195.0,62.52,63.45,64.5,1.0,1814.0,0.5162401892089843,True,CALL,2026-03-20,AAPL
AAPL260320C00200000,200.0,59.25,58.6,59.55,42.0,6678.0,0.48291532714843755,True,CALL,2026-03-20,AAPL
AAPL260320C00205000,205.0,54.0,53.5,55.05,57.0,42.0,0.48120635986328125,True,CALL,2026-03-20,AAPL
AAPL260320C00210000,210.0,48.95,48.7,49.75,5.0,4510.0,0.4229794030761719,True,CALL,2026-03-20,AAPL
AAPL260320C00215000,215.0,43.3,44.35,44.65,2.0,1595.0,0.3794007373046875,True,CALL,2026-03-20,AAPL
AAPL260320C00220000,220.0,40.07,39.8,40.05,45.0,5345.0,0.366217275390625,True,CALL,2026-03-20,AAPL
AAPL260320C00225000,225.0,35.03,35.0,35.7,5.0,163.0,0.3604189935302734,True,CALL,2026-03-20,AAPL
AAPL260320C00230000,230.0,31.52,30.9,31.1,59.0,5874.0,0.337470004272461,True,CALL,2026-03-20,AAPL
AAPL260320C00235000,235.0,26.34,26.65,26.85,72.0,661.0,0.3242865423583984,True,CALL,2026-03-20,AAPL
AAPL260320C00240000,240.0,23.0,22.65,22.85,83.0,10256.0,0.31354446228027344,True,CALL,2026-03-20,AAPL
AAPL260320C00245000,245.0,19.05,19.05,19.15,1443.0,1321.0,0.30493859130859374,True,CALL,2026-03-20,AAPL
AAPL260320C00250000,250.0,15.71,15.6,15.75,1909.0,14938.0,0.29694306579589835,True,CALL,2026-03-20,AAPL
AAPL260320C00255000,255.0,12.55,12.45,12.55,942.0,3911.0,0.2859568475341796,True,CALL,2026-03-20,AAPL
AAPL260320C00260000,260.0,9.89,9.9,10.0,4247.0,17117.0,0.2829661547851562,False,CALL,2026-03-20,AAPL
AAPL260320C00265000,265.0,7.6,7.55,7.65,851.0,4773.0,0.275825112915039,False,CALL,2026-03-20,AAPL
AAPL260320C00270000,270.0,5.75,5.7,5.75,931.0,27544.0,0.27094234924316407,False,CALL,2026-03-20,AAPL
AAPL260320C00275000,275.0,4.25,4.2,4.25,1492.0,12331.0,0.26770751831054684,False,CALL,2026-03-20,AAPL
AAPL260320C00280000,280.0,3.08,3.05,3.1,3771.0,58186.0,0.26587648193359376,False,CALL,2026-03-20,AAPL
AAPL260320C00285000,285.0,2.19,2.18,2.21,1563.0,20754.0,0.264106480102539,False,CALL,2026-03-20,AAPL
AAPL260320C00290000,290.0,1.58,1.57,1.6,491.0,13514.0,0.26532717102050785,False,CALL,2026-03-20,AAPL
AAPL260320C00295000,295.0,1.13,1.12,1.14,1126.0,4101.0,0.2662426892089844,False,CALL,2026-03-20,AAPL
AAPL260320C00300000,300.0,0.8,0.8,0.82,2702.0,45795.0,0.26856200195312496,False,CALL,2026-03-20,AAPL
AAPL260320C00305000,305.0,0.57,0.59,0.61,133.0,3456.0,0.27295648925781246,False,CALL,2026-03-20,AAPL
AAPL260320C00310000,310.0,0.45,0.43,0.46,193.0,7901.0,0.27808339111328123,False,CALL,2026-03-20,AAPL
AAPL260320C00315000,315.0,0.33,0.32,0.34,8.0,1126.0,0.2819896020507812,False,CALL,2026-03-20,AAPL
AAPL260320C00320000,320.0,0.25,0.23,0.25,34.0,10605.0,0.28565167480468745,False,CALL,2026-03-20,AAPL
AAPL260320C00325000,325.0,0.17,0.18,0.2,52.0,838.0,0.2924875439453124,False,CALL,2026-03-20,AAPL
AAPL260320C00330000,330.0,0.15,0.14,0.16,103.0,3143.0,0.29883513671874995,False,CALL,2026-03-20,AAPL
AAPL260320C00335000,335.0,0.12,0.11,0.13,5.0,207.0,0.305671005859375,False,CALL,2026-03-20,AAPL
AAPL260320P00185000,185.0,0.3,0.28,0.3,5.0,3436.0,0.44336494140625,False,PUT,2026-03-20,AAPL
AAPL260320P00190000,190.0,0.39,0.36,0.37,16.0,9978.0,0.42676354492187507,False,PUT,2026-03-20,AAPL
AAPL260320P00195000,195.0,0.46,0.45,0.47,94.0,6400.0,0.41235939208984373,False,PUT,2026-03-20,AAPL
AAPL260320P00200000,200.0,0.58,0.56,0.58,75.0,9704.0,0.39600213378906257,False,PUT,2026-03-20,AAPL
AAPL260320P00205000,205.0,0.73,0.71,0.73,38.0,1407.0,0.3811097045898437,False,PUT,2026-03-20,AAPL
AAPL260320P00210000,210.0,0.93,0.9,0.93,264.0,14659.0,0.367193828125,False,PUT,2026-03-20,AAPL
AAPL260320P00215000,215.0,1.17,1.16,1.19,1060.0,1682.0,0.35388829711914055,False,PUT,2026-03-20,AAPL
AAPL260320P00220000,220.0,1.51,1.49,1.52,1290.0,19207.0,0.3407048352050781,False,PUT,2026-03-20,AAPL
AAPL260320P00225000,225.0,1.97,1.94,1.98,264.0,3093.0,0.32959654785156245,False,PUT,2026-03-20,AAPL
AAPL260320P00230000,230.0,2.57,2.54,2.58,341.0,14182.0,0.31915964050292955,False,PUT,2026-03-20,AAPL
AAPL260320P00235000,235.0,3.33,3.3,3.35,155.0,5251.0,0.3090889404296875,False,PUT,2026-03-20,AAPL
AAPL260320P00240000,240.0,4.3,4.3,4.35,479.0,15481.0,0.30011686218261713,False,PUT,2026-03-20,AAPL
AAPL260320P00245000,245.0,5.62,5.6,5.65,697.0,5332.0,0.292853751220703,False,PUT,2026-03-20,AAPL
AAPL260320P00250000,250.0,7.25,7.1,7.2,648.0,19698.0,0.28436994934082027,False,PUT,2026-03-20,AAPL
AAPL260320P00255000,255.0,9.15,9.1,9.2,272.0,3782.0,0.2791820129394531,False,PUT,2026-03-20,AAPL
AAPL260320P00260000,260.0,11.5,11.4,11.5,679.0,19128.0,0.2724071783447265,True,PUT,2026-03-20,AAPL
AAPL260320P00265000,265.0,14.15,14.15,14.3,418.0,2738.0,0.268989243774414,True,PUT,2026-03-20,AAPL
AAPL260320P00270000,270.0,17.35,17.3,17.45,19.0,7085.0,0.2651440673828125,True,PUT,2026-03-20,AAPL
AAPL260320P00275000,275.0,20.98,20.85,21.05,19.0,1579.0,0.2644116528320312,True,PUT,2026-03-20,AAPL
AAPL260320P00280000,280.0,25.53,24.7,25.2,4.0,3828.0,0.2726513165283203,True,PUT,2026-03-20,AAPL
AAPL260320P00285000,285.0,32.47,28.9,29.7,4.0,151.0,0.28711650390624993,True,PUT,2026-03-20,AAPL
AAPL260320P00290000,290.0,30.45,33.25,33.85,75.0,891.0,0.2815013256835937,True,PUT,2026-03-20,AAPL
AAPL260320P00295000,295.0,39.51,37.35,38.55,8.0,82.0,0.2940134075927734,True,PUT,2026-03-20,AAPL
AAPL260320P00300000,300.0,42.84,42.05,44.1,2.0,40.0,0.34705242797851554,True,PUT,2026-03-20,AAPL
AAPL260320P00305000,305.0,37.44,46.65,49.2,3.0,0.0,0.3775086663818359,True,PUT,2026-03-20,AAPL
AAPL260320P00310000,310.0,50.66,51.5,54.15,1.0,3.0,0.39990834472656256,True,PUT,2026-03-20,AAPL
AAPL260320P00320000,320.0,60.52,61.45,64.05,2.0,0.0,0.44165597412109375,True,PUT,2026-03-20,AAPL
AAPL260320P00325000,325.0,67.1,66.4,69.15,2.0,0.0,0.46960979614257814,True,PUT,2026-03-20,AAPL
AAPL260320P00330000,330.0,55.5,71.45,74.05,2.0,0.0,0.4857229162597656,True,PUT,2026-03-20,AAPL
AAPL260417C00185000,185.0,63.2,73.1,75.7,1.0,38.0,0.5552412640380859,True,CALL,2026-04-17,AAPL
AAPL260417C00190000,190.0,67.73,68.45,70.55,1.0,116.0,0.5122119091796875,True,CALL,2026-04-17,AAPL
AAPL260417C00195000,195.0,64.43,64.2,65.8,18.0,257.0,0.4914601635742188,True,CALL,2026-04-17,AAPL
AAPL260417C00200000,200.0,59.9,59.6,60.9,31.0,516.0,0.4624077197265626,True,CALL,2026-04-17,AAPL
AAPL260417C00205000,205.0,53.62,54.6,56.35,1.0,540.0,0.44885805053710937,True,CALL,2026-04-17,AAPL
AAPL260417C00210000,210.0,50.9,50.4,50.8,22.0,996.0,0.3911804046630859,True,CALL,2026-04-17,AAPL
AAPL260417C00215000,215.0,44.75,45.9,46.2,1.0,2744.0,0.37476211181640623,True,CALL,2026-04-17,AAPL
AAPL260417C00220000,220.0,40.05,41.4,41.9,3.0,3586.0,0.3668276208496094,True,CALL,2026-04-17,AAPL
AAPL260417C00225000,225.0,37.75,37.1,37.35,7.0,1038.0,0.34680828979492184,True,CALL,2026-04-17,AAPL
AAPL260417C00230000,230.0,31.45,33.0,33.2,11.0,1132.0,0.3364324169921875,True,CALL,2026-04-17,AAPL
AAPL260417C00235000,235.0,27.65,28.9,29.05,14.0,2500.0,0.3221503332519531,True,CALL,2026-04-17,AAPL
AAPL260417C00240000,240.0,25.2,25.1,25.3,54.0,3636.0,0.31409377319335935,True,CALL,2026-04-17,AAPL
AAPL260417C00245000,245.0,21.95,21.6,21.7,96.0,3906.0,0.304694453125,True,CALL,2026-04-17,AAPL
AAPL260417C00250000,250.0,18.3,18.25,18.35,647.0,5505.0,0.29584444396972653,True,CALL,2026-04-17,AAPL
AAPL260417C00255000,255.0,15.2,15.2,15.3,1058.0,3703.0,0.2880015048217772,True,CALL,2026-04-17,AAPL
AAPL260417C00260000,260.0,12.5,12.5,12.6,739.0,11607.0,0.28174546386718746,False,CALL,2026-04-17,AAPL
AAPL260417C00265000,265.0,10.17,10.05,10.15,552.0,3753.0,0.27466545654296876,False,CALL,2026-04-17,AAPL
AAPL260417C00270000,270.0,8.05,8.0,8.1,571.0,5999.0,0.2698132101440429,False,CALL,2026-04-17,AAPL
AAPL260417C00275000,275.0,6.3,6.3,6.4,490.0,6580.0,0.26636475830078127,False,CALL,2026-04-17,AAPL
AAPL260417C00280000,280.0,4.93,4.85,4.95,679.0,8776.0,0.2625195819091797,False,CALL,2026-04-17,AAPL
AAPL260417C00285000,285.0,3.8,3.75,3.8,471.0,8613.0,0.2599561309814453,False,CALL,2026-04-17,AAPL
AAPL260417C00290000,290.0,2.88,2.84,2.89,145.0,7545.0,0.25818612915039063,False,CALL,2026-04-17,AAPL
AAPL260417C00295000,295.0,2.19,2.14,2.18,169.0,5788.0,0.2569654382324219,False,CALL,2026-04-17,AAPL
AAPL260417C00300000,300.0,1.67,1.65,1.68,432.0,11797.0,0.2582471636962891,False,CALL,2026-04-17,AAPL
AAPL260417C00305000,305.0,1.22,1.25,1.28,186.0,7378.0,0.25916268188476566,False,CALL,2026-04-17,AAPL
AAPL260417C00310000,310.0,0.95,0.95,0.99,73.0,3513.0,0.2613599255371094,False,CALL,2026-04-17,AAPL
AAPL260417C00315000,315.0,0.73,0.74,0.76,93.0,2549.0,0.26319096191406255,False,CALL,2026-04-17,AAPL
AAPL260417C00320000,320.0,0.57,0.57,0.6,29.0,2835.0,0.266608896484375,False,CALL,2026-04-17,AAPL
AAPL260417C00325000,325.0,0.41,0.45,0.47,24.0,3097.0,0.2695385546875,False,CALL,2026-04-17,AAPL
AAPL260417C00330000,330.0,0.35,0.35,0.37,5.0,4090.0,0.2727123510742187,False,CALL,2026-04-17,AAPL
AAPL260417C00335000,335.0,0.27,0.27,0.3,3.0,202.0,0.27686270019531245,False,CALL,2026-04-17,AAPL
AAPL260417P00185000,185.0,0.47,0.56,0.59,2.0,329.0,0.39942006835937505,False,PUT,2026-04-17,AAPL
AAPL260417P00190000,190.0,0.76,0.7,0.72,2.0,1071.0,0.3864807446289062,False,PUT,2026-04-17,AAPL
AAPL260417P00195000,195.0,0.89,0.86,0.88,1.0,1098.0,0.3737855590820312,False,PUT,2026-04-17,AAPL
AAPL260417P00200000,200.0,1.16,1.06,1.08,403.0,5914.0,0.3618227880859375,False,PUT,2026-04-17,AAPL
AAPL260417P00205000,205.0,1.4,1.31,1.33,57.0,1370.0,0.3501041552734374,False,PUT,2026-04-17,AAPL
AAPL260417P00210000,210.0,1.66,1.61,1.65,32.0,1754.0,0.3394231097412109,False,PUT,2026-04-17,AAPL
AAPL260417P00215000,215.0,2.06,2.01,2.05,13.0,5121.0,0.3291693060302734,False,PUT,2026-04-17,AAPL
AAPL260417P00220000,220.0,2.5,2.5,2.54,17.0,3767.0,0.3189765368652343,False,PUT,2026-04-17,AAPL
AAPL260417P00225000,225.0,3.15,3.1,3.2,37.0,8395.0,0.3111030804443359,False,PUT,2026-04-17,AAPL
AAPL260417P00230000,230.0,3.9,3.85,3.95,91.0,5760.0,0.30152065673828127,False,PUT,2026-04-17,AAPL
AAPL260417P00235000,235.0,4.86,4.75,4.9,69.0,7228.0,0.29321995849609367,False,PUT,2026-04-17,AAPL
AAPL260417P00240000,240.0,6.0,5.95,6.0,493.0,7556.0,0.28388167297363276,False,PUT,2026-04-17,AAPL
AAPL260417P00245000,245.0,7.35,7.35,7.45,669.0,7810.0,0.2777477011108398,False,PUT,2026-04-17,AAPL
AAPL260417P00250000,250.0,9.0,9.05,9.1,240.0,5635.0,0.27033200378417965,False,PUT,2026-04-17,AAPL
AAPL260417P00255000,255.0,11.1,11.0,11.05,120.0,4747.0,0.2633740655517578,False,PUT,2026-04-17,AAPL
AAPL260417P00260000,260.0,13.3,13.25,13.4,192.0,2838.0,0.2584913018798829,True,PUT,2026-04-17,AAPL
AAPL260417P00265000,265.0,15.93,15.85,16.05,26.0,2074.0,0.25324233093261717,True,PUT,2026-04-17,AAPL
AAPL260417P00270000,270.0,18.9,18.85,19.05,34.0,1773.0,0.2486647399902344,True,PUT,2026-04-17,AAPL
AAPL260417P00275000,275.0,22.3,22.25,22.4,15.0,1899.0,0.24500266723632813,True,PUT,2026-04-17,AAPL
AAPL260417P00280000,280.0,27.51,25.9,26.05,51.0,1095.0,0.2417068017578125,True,PUT,2026-04-17,AAPL
AAPL260417P00285000,285.0,29.76,29.65,30.25,319.0,889.0,0.24680318634033205,True,PUT,2026-04-17,AAPL
AAPL260417P00290000,290.0,35.73,33.5,34.7,1.0,591.0,0.2548292291259766,True,PUT,2026-04-17,AAPL
AAPL260417P00295000,295.0,45.75,37.75,39.05,1.0,275.0,0.2553785400390626,True,PUT,2026-04-17,AAPL
AAPL260417P00300000,300.0,40.83,42.5,44.0,21.0,329.0,0.27472649108886715,True,PUT,2026-04-17,AAPL
AAPL260417P00305000,305.0,44.88,47.0,48.45,2.0,5.0,0.27149166015625,True,PUT,2026-04-17,AAPL
AAPL260417P00310000,310.0,50.73,51.75,54.1,1.0,1.0,0.3189765368652343,True,PUT,2026-04-17,AAPL
AAPL260417P00315000,315.0,41.45,56.4,58.55,2.0,0.0,0.31342239318847653,True,PUT,2026-04-17,AAPL
AAPL260417P00320000,320.0,43.44,61.4,63.95,2.0,0.0,0.3501041552734374,True,PUT,2026-04-17,AAPL
AAPL260417P00325000,325.0,51.65,66.3,68.9,1.0,0.0,0.3656069299316406,True,PUT,2026-04-17,AAPL
AAPL260417P00330000,330.0,51.46,71.4,74.1,8.0,0.0,0.39234006103515623,True,PUT,2026-04-17,AAPL
AAPL260417P00335000,335.0,87.7,76.35,79.0,,0.0,0.40454697021484376,True,PUT,2026-04-17,AAPL
AAPL260515C00185000,185.0,65.07,75.25,76.85,1.0,107.0,0.5289964093017578,True,CALL,2026-05-15,AAPL
AAPL260515C00190000,190.0,61.61,69.7,71.5,1.0,37.0,0.48254911987304694,True,CALL,2026-05-15,AAPL
AAPL260515C00195000,195.0,65.53,65.0,67.05,14.0,193.0,0.4730277307128906,True,CALL,2026-05-15,AAPL
AAPL260515C00200000,200.0,60.9,61.15,61.75,41.0,397.0,0.4306087213134766,True,CALL,2026-05-15,AAPL
AAPL260515C00205000,205.0,55.4,56.35,57.15,15.0,47.0,0.4141293939208984,True,CALL,2026-05-15,AAPL
AAPL260515C00210000,210.0,52.5,52.15,52.35,7.0,1185.0,0.3898986791992188,True,CALL,2026-05-15,AAPL
AAPL260515C00215000,215.0,46.6,47.75,48.15,4.0,61.0,0.3830017755126953,True,CALL,2026-05-15,AAPL
AAPL260515C00220000,220.0,42.4,43.45,43.65,6.0,1111.0,0.3649355499267578,True,CALL,2026-05-15,AAPL
AAPL260515C00225000,225.0,37.72,39.2,39.5,3.0,192.0,0.3541324353027343,True,CALL,2026-05-15,AAPL
AAPL260515C00230000,230.0,35.6,35.25,35.45,18.0,1462.0,0.3429631134033203,True,CALL,2026-05-15,AAPL
AAPL260515C00235000,235.0,30.15,31.3,31.65,17.0,335.0,0.334418276977539,True,CALL,2026-05-15,AAPL
AAPL260515C00240000,240.0,27.5,27.85,27.95,57.0,5575.0,0.324652749633789,True,CALL,2026-05-15,AAPL
AAPL260515C00245000,245.0,24.3,24.35,24.45,51.0,612.0,0.3154975677490234,True,CALL,2026-05-15,AAPL
AAPL260515C00250000,250.0,21.1,21.05,21.2,77.0,3717.0,0.3074410076904296,True,CALL,2026-05-15,AAPL
AAPL260515C00255000,255.0,18.32,18.1,18.2,79.0,2801.0,0.30011686218261713,True,CALL,2026-05-15,AAPL
AAPL260515C00260000,260.0,15.5,15.45,15.55,1554.0,4611.0,0.2949899603271484,False,CALL,2026-05-15,AAPL
AAPL260515C00265000,265.0,13.0,12.95,13.1,100.0,2954.0,0.2892527130126953,False,CALL,2026-05-15,AAPL
AAPL260515C00270000,270.0,10.95,10.8,10.85,276.0,3999.0,0.28278305114746094,False,CALL,2026-05-15,AAPL
AAPL260515C00275000,275.0,9.0,8.85,9.0,166.0,2766.0,0.27930408203124996,False,CALL,2026-05-15,AAPL
AAPL260515C00280000,280.0,7.3,7.25,7.3,341.0,3986.0,0.27423821472167964,False,CALL,2026-05-15,AAPL
AAPL260515C00285000,285.0,5.9,5.85,6.0,6804.0,71132.0,0.272895454711914,False,CALL,2026-05-15,AAPL
AAPL260515C00290000,290.0,4.82,4.7,4.8,112.0,6325.0,0.26950803741455076,False,CALL,2026-05-15,AAPL
AAPL260515C00295000,295.0,3.73,3.8,3.85,1051.0,1355.0,0.26770751831054684,False,CALL,2026-05-15,AAPL
AAPL260515C00300000,300.0,3.02,3.0,3.1,916.0,11563.0,0.2672192419433594,False,CALL,2026-05-15,AAPL
AAPL260515C00305000,305.0,2.42,2.41,2.46,375.0,477.0,0.2661206201171875,False,CALL,2026-05-15,AAPL
AAPL260515C00310000,310.0,1.9,1.94,1.98,23.0,3545.0,0.2666699310302735,False,CALL,2026-05-15,AAPL
AAPL260515C00315000,315.0,1.59,1.54,1.58,15.0,524.0,0.2669140692138672,False,CALL,2026-05-15,AAPL
AAPL260515C00320000,320.0,1.21,1.24,1.28,6.0,9454.0,0.26843993286132806,False,CALL,2026-05-15,AAPL
AAPL260515C00325000,325.0,0.91,1.0,1.04,12.0,478.0,0.2701489001464844,False,CALL,2026-05-15,AAPL
AAPL260515C00330000,330.0,0.74,0.8,0.83,9.0,1541.0,0.2710033837890625,False,CALL,2026-05-15,AAPL
AAPL260515C00335000,335.0,0.58,0.65,0.68,4.0,187.0,0.2732006274414062,False,CALL,2026-05-15,AAPL
AAPL260515P00185000,185.0,1.1,1.04,1.08,6.0,434.0,0.3864807446289062,False,PUT,2026-05-15,AAPL
AAPL260515P00190000,190.0,1.28,1.27,1.3,5.0,2263.0,0.3758607336425781,False,PUT,2026-05-15,AAPL
AAPL260515P00195000,195.0,1.63,1.54,1.57,6.0,1021.0,0.3658510681152344,False,PUT,2026-05-15,AAPL
AAPL260515P00200000,200.0,1.91,1.86,1.89,23.0,1732.0,0.35584140258789054,False,PUT,2026-05-15,AAPL
AAPL260515P00205000,205.0,2.27,2.24,2.28,35.0,654.0,0.3464420825195312,False,PUT,2026-05-15,AAPL
AAPL260515P00210000,210.0,2.72,2.72,2.76,61.0,5847.0,0.3378362115478516,False,PUT,2026-05-15,AAPL
AAPL260515P00215000,215.0,3.45,3.25,3.35,19.0,381.0,0.32996275512695306,False,PUT,2026-05-15,AAPL
AAPL260515P00220000,220.0,3.94,3.9,4.0,14.0,2938.0,0.320746538696289,False,PUT,2026-05-15,AAPL
AAPL260515P00225000,225.0,4.8,4.7,4.8,19.0,1505.0,0.3125679095458984,False,PUT,2026-05-15,AAPL
AAPL260515P00230000,230.0,5.7,5.65,5.75,144.0,6864.0,0.30475548767089844,False,PUT,2026-05-15,AAPL
AAPL260515P00235000,235.0,6.8,6.75,6.85,53.0,1131.0,0.2968515139770508,False,PUT,2026-05-15,AAPL
AAPL260515P00240000,240.0,7.95,8.1,8.2,134.0,8079.0,0.29050392120361324,False,PUT,2026-05-15,AAPL
AAPL260515P00245000,245.0,9.65,9.55,9.7,116.0,1245.0,0.28314925842285155,False,PUT,2026-05-15,AAPL
AAPL260515P00250000,250.0,11.4,11.35,11.5,423.0,8628.0,0.27735097656249996,False,PUT,2026-05-15,AAPL
AAPL260515P00255000,255.0,13.37,13.3,13.45,21.0,1301.0,0.2699047619628906,False,PUT,2026-05-15,AAPL
AAPL260515P00260000,260.0,15.5,15.65,15.75,147.0,7694.0,0.26428958374023437,True,PUT,2026-05-15,AAPL
AAPL260515P00265000,265.0,18.48,18.2,18.35,4.0,849.0,0.25928475097656256,True,PUT,2026-05-15,AAPL
AAPL260515P00270000,270.0,21.36,21.0,21.15,1.0,2698.0,0.2530592272949219,True,PUT,2026-05-15,AAPL
AAPL260515P00275000,275.0,22.95,24.1,24.3,7.0,157.0,0.24829853271484376,True,PUT,2026-05-15,AAPL
AAPL260515P00280000,280.0,27.2,27.5,27.7,221.0,10421.0,0.24332421722412106,True,PUT,2026-05-15,AAPL
AAPL260515P00285000,285.0,28.35,31.3,31.55,1.0,90.0,0.242896975402832,True,PUT,2026-05-15,AAPL
AAPL260515P00290000,290.0,31.9,34.75,35.6,12.0,756.0,0.24262231994628902,True,PUT,2026-05-15,AAPL
AAPL260515P00295000,295.0,39.75,39.0,40.05,15.0,152.0,0.2488478436279297,True,PUT,2026-05-15,AAPL
AAPL260515P00300000,300.0,52.6,43.7,44.55,14.0,366.0,0.2536085382080079,True,PUT,2026-05-15,AAPL
AAPL260515P00305000,305.0,58.0,47.5,49.2,1.0,18.0,0.26050544189453123,True,PUT,2026-05-15,AAPL
AAPL260515P00310000,310.0,53.45,52.15,53.8,20.0,1.0,0.2633130310058594,True,PUT,2026-05-15,AAPL
AAPL260515P00315000,315.0,51.55,56.6,59.2,15.0,0.0,0.2942575457763671,True,PUT,2026-05-15,AAPL
AAPL260515P00320000,320.0,63.5,61.4,64.1,1.0,1.0,0.30664755859375,True,PUT,2026-05-15,AAPL
AAPL260515P00325000,325.0,51.0,66.1,68.65,95.0,0.0,0.3039010040283203,True,PUT,2026-05-15,AAPL
AAPL260515P00330000,330.0,63.38,71.15,74.05,8.0,0.0,0.33521172607421873,True,PUT,2026-05-15,AAPL
AAPL260618C00185000,185.0,80.0,75.65,77.05,1.0,988.0,0.46802289794921875,True,CALL,2026-06-18,AAPL
AAPL260618C00190000,190.0,71.45,71.55,71.95,2.0,5056.0,0.43628493408203123,True,CALL,2026-06-18,AAPL
AAPL260618C00195000,195.0,66.65,67.0,67.35,15.0,2732.0,0.42175871215820315,True,CALL,2026-06-18,AAPL
AAPL260618C00200000,200.0,62.78,62.55,62.85,10.0,6687.0,0.4091245611572265,True,CALL,2026-06-18,AAPL
AAPL260618C00205000,205.0,57.62,58.0,58.35,2.0,4011.0,0.39502558105468755,True,CALL,2026-06-18,AAPL
AAPL260618C00210000,210.0,52.8,53.7,53.95,6.0,5380.0,0.38220832641601554,True,CALL,2026-06-18,AAPL
AAPL260618C00215000,215.0,48.2,49.4,49.65,6.0,3731.0,0.3702455554199219,True,CALL,2026-06-18,AAPL
AAPL260618C00220000,220.0,44.6,45.25,45.6,15.0,6091.0,0.36206692626953124,True,CALL,2026-06-18,AAPL
AAPL260618C00225000,225.0,41.0,41.35,41.5,1.0,2849.0,0.35062294891357415,True,CALL,2026-06-18,AAPL
AAPL260618C00230000,230.0,37.15,37.45,37.65,59.0,9821.0,0.34204759521484374,True,CALL,2026-06-18,AAPL
AAPL260618C00235000,235.0,34.25,33.75,33.9,24.0,6746.0,0.33292293060302736,True,CALL,2026-06-18,AAPL
AAPL260618C00240000,240.0,30.5,30.2,30.3,728.0,6238.0,0.32401188690185534,True,CALL,2026-06-18,AAPL
AAPL260618C00245000,245.0,26.45,26.8,26.9,57.0,3303.0,0.3158942922973632,True,CALL,2026-06-18,AAPL
AAPL260618C00250000,250.0,23.63,23.65,23.8,217.0,18686.0,0.3099129067993164,True,CALL,2026-06-18,AAPL
AAPL260618C00255000,255.0,20.66,20.65,20.8,739.0,4240.0,0.30252772674560546,True,CALL,2026-06-18,AAPL
AAPL260618C00260000,260.0,17.9,17.95,18.05,1502.0,10602.0,0.29608858215332035,False,CALL,2026-06-18,AAPL
AAPL260618C00265000,265.0,15.35,15.4,15.5,740.0,5441.0,0.28958840301513666,False,CALL,2026-06-18,AAPL
AAPL260618C00270000,270.0,13.15,13.15,13.25,1845.0,15415.0,0.2845530529785155,False,CALL,2026-06-18,AAPL
AAPL260618C00275000,275.0,11.15,11.15,11.25,190.0,9433.0,0.28018908294677725,False,CALL,2026-06-18,AAPL
AAPL260618C00280000,280.0,9.5,9.3,9.4,745.0,17523.0,0.2749095947265625,False,CALL,2026-06-18,AAPL
AAPL260618C00285000,285.0,8.05,7.85,7.95,514.0,6308.0,0.2731090756225586,False,CALL,2026-06-18,AAPL
AAPL260618C00290000,290.0,6.55,6.5,6.55,453.0,10670.0,0.2689587265014648,False,CALL,2026-06-18,AAPL
AAPL260618C00295000,295.0,5.25,5.35,5.45,37.0,1091.0,0.2672192419433594,False,CALL,2026-06-18,AAPL
AAPL260618C00300000,300.0,4.41,4.4,4.5,2099.0,24421.0,0.26544924011230464,False,CALL,2026-06-18,AAPL
AAPL260618C00305000,305.0,3.65,3.65,3.75,44.0,4109.0,0.26520510192871094,False,CALL,2026-06-18,AAPL
AAPL260618C00310000,310.0,3.08,2.99,3.05,273.0,8959.0,0.2633740655517578,False,CALL,2026-06-18,AAPL
AAPL260618C00315000,315.0,2.35,2.47,2.51,2.0,1254.0,0.26306889282226564,False,CALL,2026-06-18,AAPL
AAPL260618C00320000,320.0,2.01,2.03,2.06,67.0,10476.0,0.26282475463867194,False,CALL,2026-06-18,AAPL
AAPL260618C00325000,325.0,1.71,1.67,1.7,1692.0,857.0,0.263251996459961,False,CALL,2026-06-18,AAPL
AAPL260618C00330000,330.0,1.34,1.37,1.41,213.0,5573.0,0.26416751464843746,False,CALL,2026-06-18,AAPL
AAPL260618C00335000,335.0,1.11,1.13,1.16,50.0,839.0,0.264655791015625,False,CALL,2026-06-18,AAPL
AAPL260618P00185000,185.0,1.56,1.54,1.57,37.0,8104.0,0.3657289990234375,False,PUT,2026-06-18,AAPL
AAPL260618P00190000,190.0,1.86,1.84,1.87,14.0,10799.0,0.35681795532226557,False,PUT,2026-06-18,AAPL
AAPL260618P00195000,195.0,2.08,2.18,2.22,10.0,10180.0,0.34802898071289057,False,PUT,2026-06-18,AAPL
AAPL260618P00200000,200.0,2.62,2.58,2.63,67.0,12032.0,0.3393620751953125,False,PUT,2026-06-18,AAPL
AAPL260618P00205000,205.0,3.12,3.05,3.15,53.0,4924.0,0.33222103332519537,False,PUT,2026-06-18,AAPL
AAPL260618P00210000,210.0,3.69,3.65,3.7,41.0,9301.0,0.32343205871582026,False,PUT,2026-06-18,AAPL
AAPL260618P00215000,215.0,4.33,4.3,4.35,102.0,4571.0,0.31513136047363277,False,PUT,2026-06-18,AAPL
AAPL260618P00220000,220.0,5.1,5.05,5.15,50.0,10626.0,0.30808187042236324,False,PUT,2026-06-18,AAPL
AAPL260618P00225000,225.0,6.05,6.0,6.1,17.0,4260.0,0.30167324310302734,False,PUT,2026-06-18,AAPL
AAPL260618P00230000,230.0,7.05,7.05,7.1,1708.0,8974.0,0.2934640966796874,False,PUT,2026-06-18,AAPL
AAPL260618P00235000,235.0,8.3,8.25,8.35,194.0,7694.0,0.28733012481689446,False,PUT,2026-06-18,AAPL
AAPL260618P00240000,240.0,9.65,9.65,9.75,507.0,7485.0,0.2808299456787109,False,PUT,2026-06-18,AAPL
AAPL260618P00245000,245.0,11.2,11.2,11.3,789.0,6989.0,0.27378045562744135,False,PUT,2026-06-18,AAPL
AAPL260618P00250000,250.0,13.0,12.9,13.1,122.0,8097.0,0.26761596649169916,False,PUT,2026-06-18,AAPL
AAPL260618P00255000,255.0,15.0,15.0,15.1,419.0,4344.0,0.2612378564453125,False,PUT,2026-06-18,AAPL
AAPL260618P00260000,260.0,17.05,17.2,17.35,194.0,13277.0,0.25525647094726567,True,PUT,2026-06-18,AAPL
AAPL260618P00265000,265.0,19.65,19.75,19.85,2.0,3334.0,0.24945818908691403,True,PUT,2026-06-18,AAPL
AAPL260618P00270000,270.0,22.95,22.45,22.6,21.0,2959.0,0.24378197631835938,True,PUT,2026-06-18,AAPL
AAPL260618P00275000,275.0,23.62,25.6,25.75,32.0,2925.0,0.2406386972045898,True,PUT,2026-06-18,AAPL
AAPL260618P00280000,280.0,29.7,28.9,29.05,31.0,1693.0,0.23609162353515623,True,PUT,2026-06-18,AAPL
AAPL260618P00285000,285.0,30.7,32.45,32.6,5.0,693.0,0.23191075714111326,True,PUT,2026-06-18,AAPL
AAPL260618P00290000,290.0,37.25,36.25,36.45,1.0,1462.0,0.2294693753051758,True,PUT,2026-06-18,AAPL
AAPL260618P00295000,295.0,37.05,39.3,40.65,10.0,151.0,0.2307816180419922,True,PUT,2026-06-18,AAPL
AAPL260618P00300000,300.0,45.6,43.8,44.95,4.0,180.0,0.2313004116821289,True,PUT,2026-06-18,AAPL
AAPL260618P00305000,305.0,49.5,48.05,49.25,2.0,1.0,0.22843178802490233,True,PUT,2026-06-18,AAPL
AAPL260618P00310000,310.0,54.45,52.6,53.95,2.0,131.0,0.2342605871582031,True,PUT,2026-06-18,AAPL
AAPL260618P00315000,315.0,54.9,57.3,58.7,7.0,1.0,0.24005886901855467,True,PUT,2026-06-18,AAPL
AAPL260618P00320000,320.0,57.5,61.85,63.8,20.0,0.0,0.25708750732421876,True,PUT,2026-06-18,AAPL
AAPL260618P00325000,325.0,56.05,66.45,69.1,1.0,0.0,0.280707876586914,True,PUT,2026-06-18,AAPL
AAPL260618P00330000,330.0,52.94,71.35,74.05,40.0,1.0,0.2921213366699218,True,PUT,2026-06-18,AAPL
AAPL260717C00185000,185.0,76.0,76.95,78.0,6.0,14.0,0.4559990924072266,True,CALL,2026-07-17,AAPL
AAPL260717C00190000,190.0,73.2,72.45,73.4,30.0,5.0,0.4404963177490234,True,CALL,2026-07-17,AAPL
AAPL260717C00195000,195.0,66.25,67.95,68.9,20.0,67.0,0.4269161312866212,True,CALL,2026-07-17,AAPL
AAPL260717C00200000,200.0,64.0,63.6,64.05,7.0,61.0,0.4036619692993164,True,CALL,2026-07-17,AAPL
AAPL260717C00205000,205.0,57.4,59.25,60.0,2.0,49.0,0.39920644744873046,True,CALL,2026-07-17,AAPL
AAPL260717C00210000,210.0,53.6,54.9,55.4,2.0,115.0,0.380590910949707,True,CALL,2026-07-17,AAPL
AAPL260717C00215000,215.0,54.0,50.8,51.35,5.0,85.0,0.3726869372558594,True,CALL,2026-07-17,AAPL
AAPL260717C00220000,220.0,48.43,46.75,47.15,2.0,133.0,0.36002226898193357,True,CALL,2026-07-17,AAPL
AAPL260717C00225000,225.0,43.5,42.8,43.2,21.0,341.0,0.35053139709472647,True,CALL,2026-07-17,AAPL
AAPL260717C00230000,230.0,38.5,39.05,39.4,8.0,322.0,0.34183397430419915,True,CALL,2026-07-17,AAPL
AAPL260717C00235000,235.0,37.65,35.2,35.85,6.0,186.0,0.3352727606201171,True,CALL,2026-07-17,AAPL
AAPL260717C00240000,240.0,32.15,31.85,32.15,9.0,259.0,0.3241949905395507,True,CALL,2026-07-17,AAPL
AAPL260717C00245000,245.0,28.25,28.6,28.8,4.0,525.0,0.3164741204833984,True,CALL,2026-07-17,AAPL
AAPL260717C00250000,250.0,25.2,25.35,25.75,44.0,1072.0,0.3109199768066406,True,CALL,2026-07-17,AAPL
AAPL260717C00255000,255.0,22.55,22.5,22.6,197.0,931.0,0.30145962219238287,True,CALL,2026-07-17,AAPL
AAPL260717C00260000,260.0,19.85,19.7,19.8,346.0,2057.0,0.29456271850585936,False,CALL,2026-07-17,AAPL
AAPL260717C00265000,265.0,17.2,17.25,17.35,332.0,1184.0,0.2900766793823242,False,CALL,2026-07-17,AAPL
AAPL260717C00270000,270.0,15.15,14.85,15.0,299.0,3160.0,0.2843089147949218,False,CALL,2026-07-17,AAPL
AAPL260717C00275000,275.0,13.0,12.8,12.95,83.0,1332.0,0.280158565673828,False,CALL,2026-07-17,AAPL
AAPL260717C00280000,280.0,11.2,10.9,11.05,132.0,26008.0,0.27545890563964837,False,CALL,2026-07-17,AAPL
AAPL260717C00285000,285.0,9.42,9.25,9.4,106.0,1852.0,0.27176631561279296,False,CALL,2026-07-17,AAPL
AAPL260717C00290000,290.0,7.95,7.85,7.95,192.0,1280.0,0.2684704501342773,False,CALL,2026-07-17,AAPL
AAPL260717C00295000,295.0,6.8,6.55,6.7,53.0,1548.0,0.26581544738769536,False,CALL,2026-07-17,AAPL
AAPL260717C00300000,300.0,5.65,5.5,5.65,354.0,7205.0,0.2640454455566406,False,CALL,2026-07-17,AAPL
AAPL260717C00305000,305.0,4.55,4.6,4.7,18.0,1493.0,0.2616040637207031,False,CALL,2026-07-17,AAPL
AAPL260717C00310000,310.0,3.7,3.9,4.0,5.0,815.0,0.2618482019042969,False,CALL,2026-07-17,AAPL
AAPL260717C00315000,315.0,3.2,3.25,3.35,22.0,309.0,0.26099371826171874,False,CALL,2026-07-17,AAPL
AAPL260717C00320000,320.0,2.61,2.72,2.78,32.0,426.0,0.2598340618896484,False,CALL,2026-07-17,AAPL
AAPL260717C00325000,325.0,2.26,2.28,2.33,2.0,295.0,0.25977302734375,False,CALL,2026-07-17,AAPL
AAPL260717C00330000,330.0,1.85,1.91,1.96,12.0,317.0,0.2601392346191406,False,CALL,2026-07-17,AAPL
AAPL260717C00335000,335.0,1.45,1.6,1.65,1.0,47.0,0.2606275109863281,False,CALL,2026-07-17,AAPL
AAPL260717P00185000,185.0,1.98,1.97,2.01,1.0,228.0,0.35352208984374994,False,PUT,2026-07-17,AAPL
AAPL260717P00190000,190.0,2.34,2.32,2.37,22.0,797.0,0.3454655297851562,False,PUT,2026-07-17,AAPL
AAPL260717P00195000,195.0,2.75,2.74,2.79,32.0,190.0,0.33765310791015624,False,PUT,2026-07-17,AAPL
AAPL260717P00200000,200.0,3.25,3.2,3.25,558.0,1855.0,0.32910827148437494,False,PUT,2026-07-17,AAPL
AAPL260717P00205000,205.0,3.85,3.75,3.85,3.0,2496.0,0.32269964416503893,False,PUT,2026-07-17,AAPL
AAPL260717P00210000,210.0,4.6,4.4,4.6,5.0,372.0,0.31781688049316403,False,PUT,2026-07-17,AAPL
AAPL260717P00215000,215.0,5.1,5.15,5.25,33.0,2471.0,0.3081734222412109,False,PUT,2026-07-17,AAPL
AAPL260717P00220000,220.0,6.3,6.0,6.1,60.0,2631.0,0.30094082855224613,False,PUT,2026-07-17,AAPL
AAPL260717P00225000,225.0,7.0,7.0,7.05,382.0,6690.0,0.2934640966796874,False,PUT,2026-07-17,AAPL
AAPL260717P00230000,230.0,8.15,8.05,8.2,170.0,2995.0,0.28733012481689446,False,PUT,2026-07-17,AAPL
AAPL260717P00235000,235.0,9.4,9.35,9.45,14.0,898.0,0.28043322113037106,False,PUT,2026-07-17,AAPL
AAPL260717P00240000,240.0,10.65,10.75,10.85,488.0,3036.0,0.273444765625,False,PUT,2026-07-17,AAPL
AAPL260717P00245000,245.0,12.25,12.35,12.5,232.0,3274.0,0.26773803558349607,False,PUT,2026-07-17,AAPL
AAPL260717P00250000,250.0,14.25,14.15,14.3,146.0,6014.0,0.2614514773559571,False,PUT,2026-07-17,AAPL
AAPL260717P00255000,255.0,16.0,16.15,16.3,149.0,6110.0,0.25522595367431644,False,PUT,2026-07-17,AAPL
AAPL260717P00260000,260.0,18.4,18.4,18.55,20.0,642.0,0.24958025817871093,True,PUT,2026-07-17,AAPL
AAPL260717P00265000,265.0,21.0,20.9,21.05,35.0,405.0,0.24436180450439454,True,PUT,2026-07-17,AAPL
AAPL260717P00270000,270.0,22.45,23.6,23.75,6.0,199.0,0.2387771435546875,True,PUT,2026-07-17,AAPL
AAPL260717P00275000,275.0,27.59,26.55,26.75,4.0,96.0,0.2342300698852539,True,PUT,2026-07-17,AAPL
AAPL260717P00280000,280.0,29.56,29.65,30.1,302.0,219.0,0.2316361016845703,True,PUT,2026-07-17,AAPL
AAPL260717P00285000,285.0,41.17,32.85,33.55,5.0,163.0,0.22730264892578123,True,PUT,2026-07-17,AAPL
AAPL260717P00290000,290.0,34.25,36.5,37.3,20.0,54.0,0.22461712890624996,True,PUT,2026-07-17,AAPL
AAPL260717P00295000,295.0,34.7,40.5,41.15,1.0,18.0,0.22031419342041014,True,PUT,2026-07-17,AAPL
AAPL260717P00300000,300.0,45.5,44.8,45.35,3.0,69.0,0.21964281341552733,True,PUT,2026-07-17,AAPL
AAPL260717P00305000,305.0,46.95,48.95,49.7,30.0,31.0,0.21949022705078125,True,PUT,2026-07-17,AAPL
AAPL260717P00310000,310.0,60.0,52.8,54.35,1.0,2.0,0.22443402526855466,True,PUT,2026-07-17,AAPL
AAPL260717P00315000,315.0,37.53,50.8,51.75,,1.0,1.0000000000000003e-05,True,PUT,2026-07-17,AAPL
AAPL260717P00320000,320.0,59.5,61.9,64.2,2.0,1.0,0.24634542724609376,True,PUT,2026-07-17,AAPL
AAPL260717P00325000,325.0,50.6,66.4,68.75,20.0,0.0,0.24463645996093752,True,PUT,2026-07-17,AAPL
AAPL260717P00330000,330.0,53.76,71.25,73.65,2.0,0.0,0.25287612365722656,True,PUT,2026-07-17,AAPL
AAPL260717P00335000,335.0,56.7,69.05,72.2,,0.0,1.0000000000000003e-05,True,PUT,2026-07-17,AAPL
AAPL260821C00185000,185.0,71.51,77.9,79.15,1.0,59.0,0.44562321960449214,True,CALL,2026-08-21,AAPL
AAPL260821C00190000,190.0,64.59,73.65,74.6,2.0,65.0,0.4308528594970704,True,CALL,2026-08-21,AAPL
AAPL260821C00195000,195.0,62.3,69.3,70.25,17.0,117.0,0.41998871032714846,True,CALL,2026-08-21,AAPL
AAPL260821C00200000,200.0,64.76,65.05,65.8,1.0,175.0,0.40595076477050784,True,CALL,2026-08-21,AAPL
AAPL260821C00205000,205.0,53.1,60.8,61.55,12.0,153.0,0.39514765014648445,True,CALL,2026-08-21,AAPL
AAPL260821C00210000,210.0,56.05,56.85,57.15,10.0,523.0,0.3803772900390625,True,CALL,2026-08-21,AAPL
AAPL260821C00215000,215.0,51.6,52.6,53.2,1.0,250.0,0.3728700408935547,True,CALL,2026-08-21,AAPL
AAPL260821C00220000,220.0,48.68,48.65,49.1,2.0,218.0,0.3612734771728515,True,CALL,2026-08-21,AAPL
AAPL260821C00225000,225.0,42.87,44.85,45.3,3.0,258.0,0.3532779516601562,True,CALL,2026-08-21,AAPL
AAPL260821C00230000,230.0,40.9,41.2,41.55,6.0,766.0,0.34448897705078124,True,CALL,2026-08-21,AAPL
AAPL260821C00235000,235.0,37.05,37.55,38.1,1.0,90.0,0.33850759155273435,True,CALL,2026-08-21,AAPL
AAPL260821C00240000,240.0,33.2,34.25,34.55,3.0,701.0,0.3292913751220703,True,CALL,2026-08-21,AAPL
AAPL260821C00245000,245.0,29.5,31.0,31.25,3.0,502.0,0.3218451605224609,True,CALL,2026-08-21,AAPL
AAPL260821C00250000,250.0,27.79,27.95,28.2,14.0,1657.0,0.3159095509338378,True,CALL,2026-08-21,AAPL
AAPL260821C00255000,255.0,25.5,25.05,25.2,194.0,516.0,0.3086616986083984,True,CALL,2026-08-21,AAPL
AAPL260821C00260000,260.0,22.45,22.35,22.45,582.0,1634.0,0.3026803131103516,False,CALL,2026-08-21,AAPL
AAPL260821C00265000,265.0,20.1,19.75,19.9,191.0,276.0,0.29718720397949216,False,CALL,2026-08-21,AAPL
AAPL260821C00270000,270.0,17.25,17.5,17.6,90.0,1791.0,0.2928232339477538,False,CALL,2026-08-21,AAPL
AAPL260821C00275000,275.0,15.6,15.3,15.4,75.0,687.0,0.28757426300048816,False,CALL,2026-08-21,AAPL
AAPL260821C00280000,280.0,13.45,13.35,13.45,47.0,2120.0,0.2834544311523437,False,CALL,2026-08-21,AAPL
AAPL260821C00285000,285.0,11.4,11.6,11.75,16.0,514.0,0.28050951431274407,False,CALL,2026-08-21,AAPL
AAPL260821C00290000,290.0,9.76,10.05,10.15,8.0,1291.0,0.276801665649414,False,CALL,2026-08-21,AAPL
AAPL260821C00295000,295.0,8.5,8.65,8.75,22.0,592.0,0.27378045562744135,False,CALL,2026-08-21,AAPL
AAPL260821C00300000,300.0,7.5,7.4,7.55,254.0,4795.0,0.2716747637939453,False,CALL,2026-08-21,AAPL
AAPL260821C00305000,305.0,6.5,6.35,6.5,21.0,338.0,0.2699047619628906,False,CALL,2026-08-21,AAPL
AAPL260821C00310000,310.0,5.22,5.45,5.6,8.0,11130.0,0.2687145883178711,False,CALL,2026-08-21,AAPL
AAPL260821C00315000,315.0,4.8,4.65,4.8,30.0,251.0,0.26746338012695314,False,CALL,2026-08-21,AAPL
AAPL260821C00320000,320.0,3.95,4.0,4.1,14.0,1354.0,0.2662426892089844,False,CALL,2026-08-21,AAPL
AAPL260821C00325000,325.0,3.15,3.4,3.5,21.0,358.0,0.26532717102050785,False,CALL,2026-08-21,AAPL
AAPL260821C00330000,330.0,3.0,2.93,3.0,271.0,949.0,0.2650219982910156,False,CALL,2026-08-21,AAPL
AAPL260821C00335000,335.0,2.64,2.51,2.57,115.0,204.0,0.26483889465332033,False,CALL,2026-08-21,AAPL
AAPL260821P00185000,185.0,2.7,2.65,2.71,2.0,952.0,0.34802898071289057,False,PUT,2026-08-21,AAPL
AAPL260821P00190000,190.0,3.1,3.05,3.15,6.0,276.0,0.3404606970214844,False,PUT,2026-08-21,AAPL
AAPL260821P00195000,195.0,3.6,3.55,3.65,268.0,339.0,0.33301448242187504,False,PUT,2026-08-21,AAPL
AAPL260821P00200000,200.0,4.13,4.15,4.25,4.0,1314.0,0.3264837860107421,False,PUT,2026-08-21,AAPL
AAPL260821P00205000,205.0,4.15,4.8,4.9,1.0,154.0,0.31928170959472646,False,PUT,2026-08-21,AAPL
AAPL260821P00210000,210.0,5.45,5.55,5.65,13.0,1310.0,0.31250687499999996,False,PUT,2026-08-21,AAPL
AAPL260821P00215000,215.0,6.23,6.4,6.5,1.0,126.0,0.30585410949707037,False,PUT,2026-08-21,AAPL
AAPL260821P00220000,220.0,7.35,7.35,7.45,435.0,2045.0,0.29920134399414056,False,PUT,2026-08-21,AAPL
AAPL260821P00225000,225.0,8.77,8.4,8.55,10.0,394.0,0.29315892395019527,False,PUT,2026-08-21,AAPL
AAPL260821P00230000,230.0,9.45,9.6,9.7,23.0,2139.0,0.2859263302612304,False,PUT,2026-08-21,AAPL
AAPL260821P00235000,235.0,11.3,10.95,11.05,8.0,633.0,0.2797618411254882,False,PUT,2026-08-21,AAPL
AAPL260821P00240000,240.0,12.35,12.4,12.55,434.0,1423.0,0.27362786926269533,False,PUT,2026-08-21,AAPL
AAPL260821P00245000,245.0,14.0,14.15,14.25,125.0,191.0,0.26808898422241206,False,PUT,2026-08-21,AAPL
AAPL260821P00250000,250.0,16.05,15.95,16.05,47.0,1055.0,0.2616040637207031,False,PUT,2026-08-21,AAPL
AAPL260821P00255000,255.0,17.85,18.0,18.15,172.0,140.0,0.2567060414123535,False,PUT,2026-08-21,AAPL
AAPL260821P00260000,260.0,20.1,20.25,20.4,9.0,942.0,0.2512892254638671,True,PUT,2026-08-21,AAPL
AAPL260821P00265000,265.0,22.85,22.65,22.85,16.0,103.0,0.2459181854248047,True,PUT,2026-08-21,AAPL
AAPL260821P00270000,270.0,25.6,25.3,25.55,1.0,625.0,0.24115749084472654,True,PUT,2026-08-21,AAPL
AAPL260821P00275000,275.0,26.85,28.2,28.4,6.0,195.0,0.23564912307739255,True,PUT,2026-08-21,AAPL
AAPL260821P00280000,280.0,31.55,31.35,31.6,23.0,734.0,0.23209386077880856,True,PUT,2026-08-21,AAPL
AAPL260821P00285000,285.0,38.23,34.4,35.35,2.0,9.0,0.2337417935180664,True,PUT,2026-08-21,AAPL
AAPL260821P00290000,290.0,42.02,37.75,38.7,1.0,150.0,0.22687540710449217,True,PUT,2026-08-21,AAPL
AAPL260821P00295000,295.0,29.8,41.4,42.5,,16.0,0.22403730072021477,True,PUT,2026-08-21,AAPL
AAPL260821P00300000,300.0,54.59,45.4,46.5,15.0,9933.0,0.22190109161376947,True,PUT,2026-08-21,AAPL
AAPL260821P00305000,305.0,50.5,49.7,50.75,10.0,18.0,0.22187057434082028,True,PUT,2026-08-21,AAPL
AAPL260821P00310000,310.0,52.05,53.3,55.25,12.0,94.0,0.22492230163574217,True,PUT,2026-08-21,AAPL
AAPL260821P00320000,320.0,61.05,62.15,64.45,2.0,58.0,0.23087316986083983,True,PUT,2026-08-21,AAPL
AAPL260821P00325000,325.0,65.67,66.9,69.2,2.0,0.0,0.23566438171386717,True,PUT,2026-08-21,AAPL
AAPL260821P00330000,330.0,70.6,71.5,73.85,2.0,3.0,0.23651886535644528,True,PUT,2026-08-21,AAPL
AAPL260821P00335000,335.0,62.12,76.2,78.95,,0.0,0.2500075,True,PUT,2026-08-21,AAPL
AAPL260918C00185000,185.0,77.6,78.75,80.1,1.0,105.0,0.4401301104736328,True,CALL,2026-09-18,AAPL
AAPL260918C00190000,190.0,66.9,74.65,75.65,2.0,380.0,0.42719078674316413,True,CALL,2026-09-18,AAPL
AAPL260918C00195000,195.0,70.5,70.55,70.9,13.0,1006.0,0.4074155938720704,True,CALL,2026-09-18,AAPL
AAPL260918C00200000,200.0,66.4,66.3,66.65,7.0,1629.0,0.3973754110717773,True,CALL,2026-09-18,AAPL
AAPL260918C00205000,205.0,60.55,62.2,62.45,4.0,1418.0,0.38718264190673823,True,CALL,2026-09-18,AAPL
AAPL260918C00210000,210.0,56.9,58.0,58.25,7.0,2391.0,0.375982802734375,True,CALL,2026-09-18,AAPL
AAPL260918C00215000,215.0,55.5,54.0,54.3,10.0,692.0,0.3678652081298829,True,CALL,2026-09-18,AAPL
AAPL260918C00220000,220.0,49.55,50.2,50.4,3.0,1418.0,0.3591983026123047,True,CALL,2026-09-18,AAPL
AAPL260918C00225000,225.0,45.31,46.4,46.65,2.0,729.0,0.3515079498291015,True,CALL,2026-09-18,AAPL
AAPL260918C00230000,230.0,41.67,42.7,42.95,10.0,2065.0,0.3430851824951171,True,CALL,2026-09-18,AAPL
AAPL260918C00235000,235.0,37.48,39.2,39.4,1.0,1953.0,0.3353337951660156,True,CALL,2026-09-18,AAPL
AAPL260918C00240000,240.0,34.4,35.8,36.05,11.0,3229.0,0.3287115469360351,True,CALL,2026-09-18,AAPL
AAPL260918C00245000,245.0,32.65,32.6,32.85,7.0,1245.0,0.32245550598144523,True,CALL,2026-09-18,AAPL
AAPL260918C00250000,250.0,29.5,29.45,29.7,45.0,3615.0,0.31513136047363277,True,CALL,2026-09-18,AAPL
AAPL260918C00255000,255.0,26.77,26.55,26.8,36.0,1467.0,0.3092415267944336,True,CALL,2026-09-18,AAPL
AAPL260918C00260000,260.0,24.0,23.95,24.15,93.0,3555.0,0.30463341857910153,False,CALL,2026-09-18,AAPL
AAPL260918C00265000,265.0,21.35,21.4,21.55,58.0,2616.0,0.2988046194458007,False,CALL,2026-09-18,AAPL
AAPL260918C00270000,270.0,19.1,18.95,19.2,85.0,3578.0,0.2941659939575195,False,CALL,2026-09-18,AAPL
AAPL260918C00275000,275.0,16.84,16.8,16.95,55.0,3192.0,0.28887124710082995,False,CALL,2026-09-18,AAPL
AAPL260918C00280000,280.0,14.9,14.85,14.95,104.0,4485.0,0.2847361566162109,False,CALL,2026-09-18,AAPL
AAPL260918C00285000,285.0,12.53,12.95,13.1,17.0,3210.0,0.28055529022216785,False,CALL,2026-09-18,AAPL
AAPL260918C00290000,290.0,10.7,11.35,11.55,1503.0,6107.0,0.278327529296875,False,CALL,2026-09-18,AAPL
AAPL260918C00295000,295.0,9.7,9.9,10.05,27.0,2121.0,0.2749095947265625,False,CALL,2026-09-18,AAPL
AAPL260918C00300000,300.0,8.69,8.65,8.75,2860.0,16427.0,0.27237666107177727,False,CALL,2026-09-18,AAPL
AAPL260918C00305000,305.0,7.4,7.5,7.6,17.0,313.0,0.27017941741943363,False,CALL,2026-09-18,AAPL
AAPL260918C00310000,310.0,6.55,6.5,6.6,1015.0,7722.0,0.2685009674072265,False,CALL,2026-09-18,AAPL
AAPL260918C00315000,315.0,5.5,5.55,5.7,10.0,354.0,0.2667004483032227,False,CALL,2026-09-18,AAPL
AAPL260918C00320000,320.0,4.55,4.85,4.95,33.0,1687.0,0.26581544738769536,False,CALL,2026-09-18,AAPL
AAPL260918C00325000,325.0,3.9,4.15,4.25,1.0,231.0,0.26425906646728514,False,CALL,2026-09-18,AAPL
AAPL260918C00330000,330.0,3.74,3.6,3.7,19.0,4080.0,0.26413699737548824,False,CALL,2026-09-18,AAPL
AAPL260918C00335000,335.0,2.88,3.1,3.2,1.0,409.0,0.26364872100830083,False,CALL,2026-09-18,AAPL
AAPL260918P00185000,185.0,3.25,3.0,3.1,1.0,3371.0,0.3388127642822265,False,PUT,2026-09-18,AAPL
AAPL260918P00190000,190.0,3.4,3.45,3.55,4.0,2556.0,0.33081723876953123,False,PUT,2026-09-18,AAPL
AAPL260918P00195000,195.0,3.9,4.0,4.15,50.0,3706.0,0.32529361236572263,False,PUT,2026-09-18,AAPL
AAPL260918P00200000,200.0,4.73,4.6,4.75,4.0,8026.0,0.31799998413085934,False,PUT,2026-09-18,AAPL
AAPL260918P00205000,205.0,5.45,5.35,5.45,5.0,4158.0,0.3112861840820312,False,PUT,2026-09-18,AAPL
AAPL260918P00210000,210.0,6.2,6.1,6.25,300.0,3642.0,0.30493859130859374,False,PUT,2026-09-18,AAPL
AAPL260918P00215000,215.0,7.15,7.0,7.15,160.0,2451.0,0.29874358489990227,False,PUT,2026-09-18,AAPL
AAPL260918P00220000,220.0,8.0,8.05,8.15,4.0,1729.0,0.2924875439453124,False,PUT,2026-09-18,AAPL
AAPL260918P00225000,225.0,9.1,9.15,9.3,2.0,3157.0,0.28684184844970695,False,PUT,2026-09-18,AAPL
AAPL260918P00230000,230.0,10.3,10.4,10.55,2.0,2516.0,0.2808299456787109,False,PUT,2026-09-18,AAPL
AAPL260918P00235000,235.0,12.2,11.75,11.95,2.0,2685.0,0.27509269836425776,False,PUT,2026-09-18,AAPL
AAPL260918P00240000,240.0,13.85,13.3,13.5,18.0,6961.0,0.2694470028686523,False,PUT,2026-09-18,AAPL
AAPL260918P00245000,245.0,15.22,15.05,15.2,2.0,1460.0,0.26377079010009763,False,PUT,2026-09-18,AAPL
AAPL260918P00250000,250.0,17.45,16.85,17.05,3.0,6060.0,0.25795724960327154,False,PUT,2026-09-18,AAPL
AAPL260918P00255000,255.0,19.07,18.95,19.15,8.0,3420.0,0.25312026184082037,False,PUT,2026-09-18,AAPL
AAPL260918P00260000,260.0,21.24,21.25,21.35,26.0,2197.0,0.2472914627075195,True,PUT,2026-09-18,AAPL
AAPL260918P00265000,265.0,23.64,23.6,23.75,2.0,2176.0,0.24163050857543944,True,PUT,2026-09-18,AAPL
AAPL260918P00270000,270.0,26.3,26.2,26.4,72.0,1506.0,0.23667145172119142,True,PUT,2026-09-18,AAPL
AAPL260918P00275000,275.0,27.65,29.05,29.25,14.0,410.0,0.23174291213989257,True,PUT,2026-09-18,AAPL
AAPL260918P00280000,280.0,32.17,32.15,32.4,2.0,434.0,0.2281418739318848,True,PUT,2026-09-18,AAPL
AAPL260918P00285000,285.0,36.3,35.1,35.8,3.0,354.0,0.22536480209350584,True,PUT,2026-09-18,AAPL
AAPL260918P00290000,290.0,43.55,38.5,39.3,1.0,222.0,0.22147384979248047,True,PUT,2026-09-18,AAPL
AAPL260918P00295000,295.0,46.5,41.85,43.05,1.0,110.0,0.21869677795410153,True,PUT,2026-09-18,AAPL
AAPL260918P00300000,300.0,55.16,46.1,47.0,6.0,683.0,0.21656056884765623,True,PUT,2026-09-18,AAPL
AAPL260918P00305000,305.0,49.47,49.95,51.05,1.0,1.0,0.2136614279174805,True,PUT,2026-09-18,AAPL
AAPL260918P00310000,310.0,51.73,53.85,55.3,2.0,47.0,0.21201349517822266,True,PUT,2026-09-18,AAPL
AAPL260918P00320000,320.0,67.95,62.4,64.3,25.0,49.0,0.21302056518554688,True,PUT,2026-09-18,AAPL
AAPL260918P00325000,325.0,51.84,67.0,69.1,,0.0,0.21857470886230468,True,PUT,2026-09-18,AAPL
AAPL260918P00330000,330.0,77.3,71.6,73.9,1.0,8.0,0.22333540344238278,True,PUT,2026-09-18,AAPL
AAPL260918P00335000,335.0,60.41,76.1,79.05,,0.0,0.23731231445312498,True,PUT,2026-09-18,AAPL
AAPL261120C00190000,190.0,77.59,76.85,78.15,,2.0,0.42456630126953127,True,CALL,2026-11-20,AAPL
AAPL261120C00195000,195.0,66.23,72.65,73.9,,1.0,0.41354956573486323,True,CALL,2026-11-20,AAPL
AAPL261120C00200000,200.0,68.4,68.55,69.5,2.0,12.0,0.3994811029052735,True,CALL,2026-11-20,AAPL
AAPL261120C00205000,205.0,60.93,63.8,65.85,6.0,6.0,0.3963988583374024,True,CALL,2026-11-20,AAPL
AAPL261120C00210000,210.0,57.75,60.65,61.1,2.0,3.0,0.3759522854614258,True,CALL,2026-11-20,AAPL
AAPL261120C00220000,220.0,45.73,52.6,53.55,22.0,18.0,0.3612429598999023,True,CALL,2026-11-20,AAPL
AAPL261120C00225000,225.0,48.76,49.55,49.95,1.0,12.0,0.35455967712402336,True,CALL,2026-11-20,AAPL
AAPL261120C00230000,230.0,46.12,45.8,46.3,1.0,215.0,0.3460758752441406,True,CALL,2026-11-20,AAPL
AAPL261120C00235000,235.0,42.32,41.95,43.1,22.0,29.0,0.34195604339599606,True,CALL,2026-11-20,AAPL
AAPL261120C00240000,240.0,41.9,38.75,40.15,2.0,174.0,0.3394231097412109,True,CALL,2026-11-20,AAPL
AAPL261120C00245000,245.0,35.85,35.45,36.6,1.0,171.0,0.32865051239013665,True,CALL,2026-11-20,AAPL
AAPL261120C00250000,250.0,32.88,33.1,33.9,31.0,322.0,0.32627016510009765,True,CALL,2026-11-20,AAPL
AAPL261120C00255000,255.0,31.04,30.35,31.1,3.0,146.0,0.32141791870117187,True,CALL,2026-11-20,AAPL
AAPL261120C00260000,260.0,27.86,27.6,27.8,66.0,275.0,0.30977557907104497,False,CALL,2026-11-20,AAPL
AAPL261120C00265000,265.0,24.2,25.1,25.3,21.0,158.0,0.30550316085815427,False,CALL,2026-11-20,AAPL
AAPL261120C00270000,270.0,22.3,22.7,22.85,35.0,2744.0,0.30036100036621094,False,CALL,2026-11-20,AAPL
AAPL261120C00275000,275.0,19.85,20.5,20.65,9.0,96.0,0.2964853067016602,False,CALL,2026-11-20,AAPL
AAPL261120C00280000,280.0,17.75,18.4,18.55,27.0,592.0,0.29224340576171864,False,CALL,2026-11-20,AAPL
AAPL261120C00285000,285.0,15.85,16.5,16.65,9.0,203.0,0.2887796952819824,False,CALL,2026-11-20,AAPL
AAPL261120C00290000,290.0,14.7,14.7,14.9,17.0,179.0,0.28554486434936516,False,CALL,2026-11-20,AAPL
AAPL261120C00295000,295.0,12.82,13.1,13.3,12.0,84.0,0.28258468887329097,False,CALL,2026-11-20,AAPL
AAPL261120C00300000,300.0,11.3,11.65,11.85,1.0,203.0,0.27997546203613277,False,CALL,2026-11-20,AAPL
AAPL261120C00305000,305.0,10.4,10.35,10.55,5.0,158.0,0.27780873565673825,False,CALL,2026-11-20,AAPL
AAPL261120C00310000,310.0,10.0,9.2,9.35,57.0,140.0,0.2755046815490722,False,CALL,2026-11-20,AAPL
AAPL261120C00315000,315.0,8.0,8.1,8.3,11.0,74.0,0.2738414901733398,False,CALL,2026-11-20,AAPL
AAPL261120C00320000,320.0,6.7,7.2,7.3,20.0,58.0,0.27152217742919915,False,CALL,2026-11-20,AAPL
AAPL261120C00325000,325.0,6.45,6.35,6.45,24.0,65.0,0.27008786560058595,False,CALL,2026-11-20,AAPL
AAPL261120C00330000,330.0,5.34,5.6,5.7,2.0,21.0,0.26892820922851557,False,CALL,2026-11-20,AAPL
AAPL261120C00335000,335.0,5.15,4.95,5.1,18.0,17.0,0.2690807955932617,False,CALL,2026-11-20,AAPL
AAPL261120P00185000,185.0,4.1,4.1,4.2,1.0,6.0,0.32889465057373035,False,PUT,2026-11-20,AAPL
AAPL261120P00190000,190.0,5.6,4.7,4.75,76.0,132.0,0.32166205688476557,False,PUT,2026-11-20,AAPL
AAPL261120P00195000,195.0,6.0,5.35,5.45,1.0,48.0,0.31632153411865227,False,PUT,2026-11-20,AAPL
AAPL261120P00200000,200.0,6.08,6.05,6.15,1.0,362.0,0.3095466995239258,False,PUT,2026-11-20,AAPL
AAPL261120P00205000,205.0,6.95,6.9,7.0,1.0,25.0,0.304145142211914,False,PUT,2026-11-20,AAPL
AAPL261120P00210000,210.0,7.8,7.75,7.9,17.0,315.0,0.29813323944091785,False,PUT,2026-11-20,AAPL
AAPL261120P00215000,215.0,8.81,8.8,8.95,32.0,42.0,0.29303685485839837,False,PUT,2026-11-20,AAPL
AAPL261120P00220000,220.0,10.1,9.9,10.1,1.0,554.0,0.2878794357299803,False,PUT,2026-11-20,AAPL
AAPL261120P00225000,225.0,11.61,11.1,11.3,1.0,70.0,0.2818980502319336,False,PUT,2026-11-20,AAPL
AAPL261120P00230000,230.0,11.2,12.45,12.65,77.0,160.0,0.2764354583740234,False,PUT,2026-11-20,AAPL
AAPL261120P00235000,235.0,14.4,13.95,14.15,2.0,50.0,0.2713085565185547,False,PUT,2026-11-20,AAPL
AAPL261120P00240000,240.0,15.6,15.55,15.75,2.0,51.0,0.26578493011474613,False,PUT,2026-11-20,AAPL
AAPL261120P00245000,245.0,17.45,17.35,17.6,5.0,42.0,0.2615735464477539,False,PUT,2026-11-20,AAPL
AAPL261120P00250000,250.0,17.34,19.25,19.45,48.0,283.0,0.2556837127685547,False,PUT,2026-11-20,AAPL
AAPL261120P00255000,255.0,21.43,21.35,21.6,51.0,310.0,0.251411294555664,False,PUT,2026-11-20,AAPL
AAPL261120P00260000,260.0,24.34,23.6,23.8,35.0,109.0,0.24596396133422854,True,PUT,2026-11-20,AAPL
AAPL261120P00265000,265.0,23.8,26.0,26.2,23.0,21.0,0.24089809402465817,True,PUT,2026-11-20,AAPL
AAPL261120P00270000,270.0,27.45,28.5,28.75,7.0,40.0,0.2356033471679687,True,PUT,2026-11-20,AAPL
AAPL261120P00275000,275.0,35.01,31.35,31.6,,2.0,0.23169713623046873,True,PUT,2026-11-20,AAPL
AAPL261120P00280000,280.0,32.85,34.25,34.55,1.0,9.0,0.2269669589233398,True,PUT,2026-11-20,AAPL
AAPL261120P00290000,290.0,40.89,40.05,41.45,,2.0,0.22322859298706055,True,PUT,2026-11-20,AAPL
AAPL261120P00310000,310.0,64.05,55.2,56.5,10.0,10.0,0.20841245697021477,True,PUT,2026-11-20,AAPL
AAPL261218C00185000,185.0,82.46,82.1,82.65,17.0,1124.0,0.42008026214599614,True,CALL,2026-12-18,AAPL
AAPL261218C00190000,190.0,76.6,77.95,78.4,1.0,869.0,0.4099790447998046,True,CALL,2026-12-18,AAPL
AAPL261218C00195000,195.0,72.9,73.85,74.25,2.0,1143.0,0.400823862915039,True,CALL,2026-12-18,AAPL
AAPL261218C00200000,200.0,69.55,69.8,70.15,9.0,22792.0,0.39169919830322264,True,CALL,2026-12-18,AAPL
AAPL261218C00205000,205.0,63.83,65.75,66.4,2.0,27.0,0.3868164346313476,True,CALL,2026-12-18,AAPL
AAPL261218C00210000,210.0,61.6,61.9,62.2,6.0,5889.0,0.3745790081787109,True,CALL,2026-12-18,AAPL
AAPL261218C00215000,215.0,57.2,57.85,58.65,1.0,96.0,0.37036762451171873,True,CALL,2026-12-18,AAPL
AAPL261218C00220000,220.0,54.35,54.5,54.8,9.0,3498.0,0.3611514080810546,True,CALL,2026-12-18,AAPL
AAPL261218C00225000,225.0,50.0,50.65,51.35,4.0,76.0,0.35597873031616206,True,CALL,2026-12-18,AAPL
AAPL261218C00230000,230.0,47.15,47.3,47.5,3.0,5117.0,0.3449467361450196,True,CALL,2026-12-18,AAPL
AAPL261218C00235000,235.0,43.65,43.65,44.45,6.0,174.0,0.34229173339843744,True,CALL,2026-12-18,AAPL
AAPL261218C00240000,240.0,40.65,40.65,40.95,13.0,6105.0,0.3333196551513672,True,CALL,2026-12-18,AAPL
AAPL261218C00245000,245.0,36.65,37.45,38.05,2.0,261.0,0.3298712033081054,True,CALL,2026-12-18,AAPL
AAPL261218C00250000,250.0,34.65,34.65,34.85,1310.0,16687.0,0.3219672296142577,True,CALL,2026-12-18,AAPL
AAPL261218C00255000,255.0,31.65,31.65,31.95,61.0,213.0,0.3161079132080078,True,CALL,2026-12-18,AAPL
AAPL261218C00260000,260.0,29.25,29.1,29.25,490.0,4840.0,0.3111335977172851,False,CALL,2026-12-18,AAPL
AAPL261218C00265000,265.0,25.7,26.6,26.75,12.0,227.0,0.3069527313232422,False,CALL,2026-12-18,AAPL
AAPL261218C00270000,270.0,24.01,24.15,24.35,220.0,6787.0,0.3025429853820801,False,CALL,2026-12-18,AAPL
AAPL261218C00275000,275.0,21.95,21.9,22.05,39.0,838.0,0.2978585839843749,False,CALL,2026-12-18,AAPL
AAPL261218C00280000,280.0,19.9,19.8,19.9,184.0,4587.0,0.2934335794067382,False,CALL,2026-12-18,AAPL
AAPL261218C00285000,285.0,17.77,17.85,17.95,37.0,562.0,0.2898020239257812,False,CALL,2026-12-18,AAPL
AAPL261218C00290000,290.0,16.15,16.05,16.15,60.0,13008.0,0.2864451239013671,False,CALL,2026-12-18,AAPL
AAPL261218C00295000,295.0,13.57,14.4,14.55,10.0,437.0,0.28394270751953116,False,CALL,2026-12-18,AAPL
AAPL261218C00300000,300.0,13.0,12.9,13.05,84.0,10727.0,0.2813029634094238,False,CALL,2026-12-18,AAPL
AAPL261218C00305000,305.0,10.8,11.5,11.65,10.0,1194.0,0.27851063293457035,False,CALL,2026-12-18,AAPL
AAPL261218C00310000,310.0,10.3,10.2,10.35,118.0,3628.0,0.2756267506408691,False,CALL,2026-12-18,AAPL
AAPL261218C00315000,315.0,9.27,9.15,9.25,11.0,1383.0,0.2739330419921875,False,CALL,2026-12-18,AAPL
AAPL261218C00320000,320.0,8.25,8.15,8.3,18.0,9332.0,0.2730022651672363,False,CALL,2026-12-18,AAPL
AAPL261218C00325000,325.0,6.7,7.2,7.35,3.0,1401.0,0.27091183197021484,False,CALL,2026-12-18,AAPL
AAPL261218C00330000,330.0,6.4,6.4,6.55,119.0,2531.0,0.26978269287109374,False,CALL,2026-12-18,AAPL
AAPL261218C00335000,335.0,5.4,5.7,5.8,2.0,239.0,0.26828734649658204,False,CALL,2026-12-18,AAPL
AAPL261218P00185000,185.0,4.5,4.45,4.55,3.0,1614.0,0.32233343688964833,False,PUT,2026-12-18,AAPL
AAPL261218P00190000,190.0,5.17,5.1,5.2,3.0,2529.0,0.316840327758789,False,PUT,2026-12-18,AAPL
AAPL261218P00195000,195.0,5.93,5.8,5.9,1.0,1848.0,0.31098101135253897,False,PUT,2026-12-18,AAPL
AAPL261218P00200000,200.0,6.7,6.55,6.65,22.0,11580.0,0.30475548767089844,False,PUT,2026-12-18,AAPL
AAPL261218P00205000,205.0,6.62,7.4,7.55,7.0,290.0,0.29978117218017575,False,PUT,2026-12-18,AAPL
AAPL261218P00210000,210.0,8.63,8.35,8.5,5.0,2704.0,0.2941659939575195,False,PUT,2026-12-18,AAPL
AAPL261218P00215000,215.0,9.5,9.4,9.55,92.0,215.0,0.28873391937255855,False,PUT,2026-12-18,AAPL
AAPL261218P00220000,220.0,10.65,10.55,10.7,6.0,9755.0,0.28328658615112295,False,PUT,2026-12-18,AAPL
AAPL261218P00225000,225.0,11.89,11.8,12.0,4.0,454.0,0.2784343397521973,False,PUT,2026-12-18,AAPL
AAPL261218P00230000,230.0,13.08,13.2,13.35,2.0,4877.0,0.2727733856201171,False,PUT,2026-12-18,AAPL
AAPL261218P00235000,235.0,14.67,14.75,14.9,27.0,318.0,0.26808898422241206,False,PUT,2026-12-18,AAPL
AAPL261218P00240000,240.0,16.65,16.35,16.5,22.0,8467.0,0.26248906463623045,False,PUT,2026-12-18,AAPL
AAPL261218P00245000,245.0,18.2,18.1,18.3,2.0,635.0,0.2576673355102539,False,PUT,2026-12-18,AAPL
AAPL261218P00250000,250.0,20.24,20.1,20.3,43.0,3228.0,0.2534254345703125,False,PUT,2026-12-18,AAPL
AAPL261218P00255000,255.0,22.22,22.1,22.35,1.0,320.0,0.2481612049865723,False,PUT,2026-12-18,AAPL
AAPL261218P00260000,260.0,24.81,24.35,24.55,33.0,5079.0,0.24286645812988278,True,PUT,2026-12-18,AAPL
AAPL261218P00265000,265.0,26.93,26.75,27.0,18.0,205.0,0.2385024880981445,True,PUT,2026-12-18,AAPL
AAPL261218P00270000,270.0,28.5,29.3,29.55,47.0,2607.0,0.23349765533447264,True,PUT,2026-12-18,AAPL
AAPL261218P00275000,275.0,35.66,32.1,32.4,1.0,165.0,0.2298660998535156,True,PUT,2026-12-18,AAPL
AAPL261218P00280000,280.0,36.2,35.05,35.25,4.0,2391.0,0.2244798011779785,True,PUT,2026-12-18,AAPL
AAPL261218P00285000,285.0,42.2,38.1,38.35,17.0,98.0,0.21991746887207028,True,PUT,2026-12-18,AAPL
AAPL261218P00290000,290.0,41.54,41.35,41.6,2.0,262.0,0.21512625701904298,True,PUT,2026-12-18,AAPL
AAPL261218P00295000,295.0,45.6,44.5,45.35,19.0,27.0,0.21430229064941403,True,PUT,2026-12-18,AAPL
AAPL261218P00300000,300.0,46.85,48.1,49.05,2.0,5199.0,0.21115901153564448,True,PUT,2026-12-18,AAPL
AAPL261218P00305000,305.0,44.9,51.6,52.65,10.0,14.0,0.2046588323974609,True,PUT,2026-12-18,AAPL
AAPL261218P00310000,310.0,64.41,55.8,56.9,1.0,69.0,0.20523866058349605,True,PUT,2026-12-18,AAPL
AAPL261218P00315000,315.0,49.67,59.65,61.1,2.0,3.0,0.20356021057128904,True,PUT,2026-12-18,AAPL
AAPL261218P00320000,320.0,73.57,64.15,65.35,7.0,75.0,0.200905207824707,True,PUT,2026-12-18,AAPL
AAPL261218P00325000,325.0,79.03,68.4,69.8,5.0,7.0,0.20014227600097656,True,PUT,2026-12-18,AAPL
AAPL261218P00330000,330.0,75.35,72.75,74.4,1.0,131.0,0.20093572509765623,True,PUT,2026-12-18,AAPL
AAPL270115C00185000,185.0,81.65,83.25,83.6,2.0,801.0,0.41892060577392576,True,CALL,2027-01-15,AAPL
AAPL270115C00190000,190.0,79.76,79.0,79.45,16.0,1078.0,0.41000956207275385,True,CALL,2027-01-15,AAPL
AAPL270115C00195000,195.0,74.15,74.95,75.35,1.0,718.0,0.4011595529174804,True,CALL,2027-01-15,AAPL
AAPL270115C00200000,200.0,71.0,70.95,71.25,33.0,13866.0,0.39159238784790035,True,CALL,2027-01-15,AAPL
AAPL270115C00210000,210.0,63.28,63.2,63.45,11.0,2347.0,0.37575392318725587,True,CALL,2027-01-15,AAPL
AAPL270115C00220000,220.0,55.82,55.75,56.05,15.0,7121.0,0.36157864990234373,True,CALL,2027-01-15,AAPL
AAPL270115C00230000,230.0,49.0,48.65,48.95,60.0,9639.0,0.34729656616210935,True,CALL,2027-01-15,AAPL
AAPL270115C00240000,240.0,42.16,42.15,42.4,45.0,8305.0,0.33522698471069334,True,CALL,2027-01-15,AAPL
AAPL270115C00250000,250.0,36.2,36.0,36.3,276.0,12344.0,0.3237219728088378,True,CALL,2027-01-15,AAPL
AAPL270115C00260000,260.0,30.55,30.5,30.65,219.0,15049.0,0.3124458404541015,False,CALL,2027-01-15,AAPL
AAPL270115C00270000,270.0,25.65,25.55,25.75,164.0,11144.0,0.3040993663024902,False,CALL,2027-01-15,AAPL
AAPL270115C00280000,280.0,21.24,21.15,21.3,169.0,30767.0,0.29550875396728515,False,CALL,2027-01-15,AAPL
AAPL270115C00290000,290.0,17.59,17.35,17.45,10.0,5667.0,0.2881846084594726,False,CALL,2027-01-15,AAPL
AAPL270115C00300000,300.0,14.29,14.1,14.25,529.0,35436.0,0.2828288270568847,False,CALL,2027-01-15,AAPL
AAPL270115C00310000,310.0,11.4,11.35,11.5,3520.0,8061.0,0.27770192520141596,False,CALL,2027-01-15,AAPL
AAPL270115C00320000,320.0,9.2,9.15,9.3,6076.0,16795.0,0.274421318359375,False,CALL,2027-01-15,AAPL
AAPL270115C00330000,330.0,7.5,7.3,7.4,461.0,9789.0,0.27054562469482424,False,CALL,2027-01-15,AAPL
AAPL270115P00185000,185.0,4.97,4.85,4.95,11.0,5323.0,0.3177558459472656,False,PUT,2027-01-15,AAPL
AAPL270115P00190000,190.0,5.58,5.5,5.6,1.0,6456.0,0.3117744604492187,False,PUT,2027-01-15,AAPL
AAPL270115P00195000,195.0,6.3,6.2,6.35,1.0,3392.0,0.3064644549560547,False,PUT,2027-01-15,AAPL
AAPL270115P00200000,200.0,7.05,7.0,7.15,32.0,20410.0,0.30072720764160155,False,PUT,2027-01-15,AAPL
AAPL270115P00210000,210.0,8.95,8.9,9.05,15.0,13240.0,0.2902292657470703,False,PUT,2027-01-15,AAPL
AAPL270115P00220000,220.0,11.05,11.15,11.3,404.0,12706.0,0.2795177029418945,False,PUT,2027-01-15,AAPL
AAPL270115P00230000,230.0,13.95,13.85,14.05,122.0,8960.0,0.26987424468994137,False,PUT,2027-01-15,AAPL
AAPL270115P00240000,240.0,17.1,17.05,17.25,41.0,13097.0,0.2599408723449707,False,PUT,2027-01-15,AAPL
AAPL270115P00250000,250.0,20.9,20.8,20.95,98.0,11735.0,0.24979387908935546,False,PUT,2027-01-15,AAPL
AAPL270115P00260000,260.0,25.3,25.1,25.3,28.0,5186.0,0.2404555935668945,True,PUT,2027-01-15,AAPL
AAPL270115P00270000,270.0,30.25,30.1,30.3,11.0,3341.0,0.2314835153198242,True,PUT,2027-01-15,AAPL
AAPL270115P00280000,280.0,35.85,35.7,35.9,17.0,2442.0,0.22205367797851558,True,PUT,2027-01-15,AAPL
AAPL270115P00290000,290.0,40.11,42.05,42.35,11.0,1278.0,0.21463798065185546,True,PUT,2027-01-15,AAPL
AAPL270115P00300000,300.0,49.25,48.6,49.6,2.0,713.0,0.20929745788574217,True,PUT,2027-01-15,AAPL
AAPL270115P00310000,310.0,53.79,55.95,57.45,2.0,188.0,0.20459779785156246,True,PUT,2027-01-15,AAPL
AAPL270115P00320000,320.0,61.86,64.4,65.65,2.0,252.0,0.19782296325683596,True,PUT,2027-01-15,AAPL
AAPL270115P00330000,330.0,70.35,73.25,74.6,22.0,197.0,0.19684641052246094,True,PUT,2027-01-15,AAPL
AAPL270617C00185000,185.0,87.4,88.0,88.35,3.0,163.0,0.41238990936279296,True,CALL,2027-06-17,AAPL
AAPL270617C00190000,190.0,83.53,84.0,84.3,1.0,671.0,0.40335679656982426,True,CALL,2027-06-17,AAPL
AAPL270617C00195000,195.0,80.91,80.25,80.55,11.0,356.0,0.39743644561767577,True,CALL,2027-06-17,AAPL
AAPL270617C00200000,200.0,77.0,76.4,76.65,16.0,7316.0,0.3891662646484375,True,CALL,2027-06-17,AAPL
AAPL270617C00210000,210.0,69.64,69.0,69.3,5.0,3522.0,0.37593702682495117,True,CALL,2027-06-17,AAPL
AAPL270617C00220000,220.0,61.9,62.0,62.3,14.0,3992.0,0.36380641082763676,True,CALL,2027-06-17,AAPL
AAPL270617C00230000,230.0,55.46,55.4,55.65,13.0,3511.0,0.3524387266540527,True,CALL,2027-06-17,AAPL
AAPL270617C00240000,240.0,48.72,49.25,49.5,17.0,1412.0,0.34290207885742185,True,CALL,2027-06-17,AAPL
AAPL270617C00250000,250.0,43.65,43.35,43.6,39.0,2639.0,0.3327093096923829,True,CALL,2027-06-17,AAPL
AAPL270617C00260000,260.0,38.17,38.0,38.2,349.0,5637.0,0.32387455917358393,False,CALL,2027-06-17,AAPL
AAPL270617C00270000,270.0,33.1,33.05,33.3,20.0,3887.0,0.3162299822998046,False,CALL,2027-06-17,AAPL
AAPL270617C00280000,280.0,28.75,28.5,28.75,118.0,8015.0,0.30846333633422846,False,CALL,2027-06-17,AAPL
AAPL270617C00290000,290.0,24.2,24.5,24.7,402.0,2236.0,0.301764794921875,False,CALL,2027-06-17,AAPL
AAPL270617C00300000,300.0,21.35,21.0,21.2,93.0,4417.0,0.2966531517028808,False,CALL,2027-06-17,AAPL
AAPL270617C00310000,310.0,17.05,17.85,18.05,1.0,1430.0,0.2915567671203612,False,CALL,2027-06-17,AAPL
AAPL270617C00320000,320.0,14.75,15.1,15.3,11.0,2956.0,0.28705546936035153,False,CALL,2027-06-17,AAPL
AAPL270617C00330000,330.0,12.1,12.8,12.95,31.0,2937.0,0.2834239138793945,False,CALL,2027-06-17,AAPL
AAPL270617P00185000,185.0,7.3,7.2,7.35,23.0,753.0,0.30429772857666015,False,PUT,2027-06-17,AAPL
AAPL270617P00190000,190.0,7.45,8.05,8.2,12.0,1106.0,0.2995065167236328,False,PUT,2027-06-17,AAPL
AAPL270617P00195000,195.0,8.27,8.95,9.1,2.0,4470.0,0.2944711666870117,False,PUT,2027-06-17,AAPL
AAPL270617P00200000,200.0,10.1,9.9,10.05,5.0,3950.0,0.2891611611938476,False,PUT,2027-06-17,AAPL
AAPL270617P00210000,210.0,12.26,12.15,12.3,436.0,1236.0,0.28008227249145495,False,PUT,2027-06-17,AAPL
AAPL270617P00220000,220.0,14.79,14.75,14.95,28.0,1928.0,0.2715832119750976,False,PUT,2027-06-17,AAPL
AAPL270617P00230000,230.0,16.45,17.75,17.95,30.0,2622.0,0.26273320281982426,False,PUT,2027-06-17,AAPL
AAPL270617P00240000,240.0,21.33,21.15,21.4,22.0,2186.0,0.2542036250305176,False,PUT,2027-06-17,AAPL
AAPL270617P00250000,250.0,25.28,25.0,25.25,17.0,2578.0,0.2452620640563965,False,PUT,2027-06-17,AAPL
AAPL270617P00260000,260.0,29.5,29.35,29.65,5.0,3269.0,0.23691558990478517,True,PUT,2027-06-17,AAPL
AAPL270617P00270000,270.0,33.05,34.25,34.55,29.0,1072.0,0.22847756393432617,True,PUT,2027-06-17,AAPL
AAPL270617P00280000,280.0,37.9,39.7,40.0,21.0,1020.0,0.220161607055664,True,PUT,2027-06-17,AAPL
AAPL270617P00290000,290.0,43.15,45.7,46.1,2.0,380.0,0.2127153924560547,True,PUT,2027-06-17,AAPL
AAPL270617P00300000,300.0,52.5,52.3,52.7,2.0,129.0,0.2048419360351562,True,PUT,2027-06-17,AAPL
AAPL270617P00310000,310.0,59.18,59.35,59.8,1.0,152.0,0.1964802032470703,True,PUT,2027-06-17,AAPL
AAPL270617P00320000,320.0,67.62,67.15,67.6,2.0,53.0,0.19001054138183598,True,PUT,2027-06-17,AAPL
AAPL270617P00330000,330.0,81.34,75.3,75.75,1.0,57.0,0.18201501586914062,True,PUT,2027-06-17,AAPL
AAPL271217C00185000,185.0,96.4,93.1,93.75,391.0,1404.0,0.41046732116699214,True,CALL,2027-12-17,AAPL
AAPL271217C00190000,190.0,88.17,89.45,90.1,5.0,861.0,0.4045927461242676,True,CALL,2027-12-17,AAPL
AAPL271217C00195000,195.0,87.0,84.95,87.3,2.0,430.0,0.40645429977416997,True,CALL,2027-12-17,AAPL
AAPL271217C00200000,200.0,82.25,81.6,83.4,9.0,4314.0,0.39714653152465823,True,CALL,2027-12-17,AAPL
AAPL271217C00205000,205.0,78.0,78.55,80.1,3.0,1144.0,0.39301144104003904,True,CALL,2027-12-17,AAPL
AAPL271217C00210000,210.0,76.2,75.05,75.7,1.0,1114.0,0.37871409866333,True,CALL,2027-12-17,AAPL
AAPL271217C00215000,215.0,71.95,72.05,73.3,10.0,1067.0,0.38150642913818356,True,CALL,2027-12-17,AAPL
AAPL271217C00220000,220.0,68.35,68.05,69.1,4.0,1543.0,0.36844503631591796,True,CALL,2027-12-17,AAPL
AAPL271217C00225000,225.0,66.5,65.45,66.8,80.0,2415.0,0.3707185731506348,True,CALL,2027-12-17,AAPL
AAPL271217C00230000,230.0,61.0,62.2,62.85,2.0,1864.0,0.359106750793457,True,CALL,2027-12-17,AAPL
AAPL271217C00235000,235.0,60.4,58.75,59.8,1.0,542.0,0.3542850216674803,True,CALL,2027-12-17,AAPL
AAPL271217C00240000,240.0,55.4,56.05,57.05,4.0,769.0,0.3512790702819824,True,CALL,2027-12-17,AAPL
AAPL271217C00245000,245.0,52.89,53.2,54.95,8.0,611.0,0.35262183029174804,True,CALL,2027-12-17,AAPL
AAPL271217C00250000,250.0,51.25,50.9,51.35,223.0,4435.0,0.3421849229431152,True,CALL,2027-12-17,AAPL
AAPL271217C00255000,255.0,47.75,48.25,49.45,11.0,603.0,0.34384811431884765,True,CALL,2027-12-17,AAPL
AAPL271217C00260000,260.0,45.43,45.2,46.15,27.0,2687.0,0.33473870834350583,False,CALL,2027-12-17,AAPL
AAPL271217C00265000,265.0,41.8,42.8,43.75,3.0,794.0,0.331686981048584,False,CALL,2027-12-17,AAPL
AAPL271217C00270000,270.0,40.9,40.85,41.15,33.0,2858.0,0.3266821482849121,False,CALL,2027-12-17,AAPL
AAPL271217C00275000,275.0,37.4,38.55,38.85,15.0,552.0,0.32330998962402335,False,CALL,2027-12-17,AAPL
AAPL271217C00280000,280.0,35.6,36.4,37.55,6.0,2291.0,0.3265066739654541,False,CALL,2027-12-17,AAPL
AAPL271217C00285000,285.0,36.32,34.25,34.6,2.0,670.0,0.31749644912719727,False,CALL,2027-12-17,AAPL
AAPL271217C00290000,290.0,32.3,32.25,32.55,1.0,1786.0,0.3143379113769531,False,CALL,2027-12-17,AAPL
AAPL271217C00295000,295.0,31.28,30.45,30.7,4.0,321.0,0.3120948918151855,False,CALL,2027-12-17,AAPL
AAPL271217C00300000,300.0,27.45,28.5,28.8,2.0,6749.0,0.3089668713378906,False,CALL,2027-12-17,AAPL
AAPL271217C00305000,305.0,21.78,26.8,27.15,1.0,774.0,0.30713583496093744,False,CALL,2027-12-17,AAPL
AAPL271217C00310000,310.0,24.98,25.15,25.4,10.0,777.0,0.30406884902954096,False,CALL,2027-12-17,AAPL
AAPL271217C00315000,315.0,20.4,23.6,23.85,6.0,1210.0,0.301963157196045,False,CALL,2027-12-17,AAPL
AAPL271217C00320000,320.0,21.59,22.1,22.4,19.0,814.0,0.3001016035461425,False,CALL,2027-12-17,AAPL
AAPL271217C00325000,325.0,21.45,20.75,21.05,3.0,413.0,0.2985147053527832,False,CALL,2027-12-17,AAPL
AAPL271217C00330000,330.0,20.2,19.4,19.7,10.0,470.0,0.29643953079223634,False,CALL,2027-12-17,AAPL
AAPL271217C00335000,335.0,17.2,18.2,18.45,4.0,1752.0,0.2946695289611816,False,CALL,2027-12-17,AAPL
AAPL271217P00185000,185.0,9.75,9.65,9.85,2.0,911.0,0.2920297848510741,False,PUT,2027-12-17,AAPL
AAPL271217P00190000,190.0,10.65,10.6,10.85,53.0,1277.0,0.28778788391113275,False,PUT,2027-12-17,AAPL
AAPL271217P00195000,195.0,11.0,11.65,11.9,2.0,1545.0,0.2833323620605468,False,PUT,2027-12-17,AAPL
AAPL271217P00200000,200.0,12.85,12.75,12.95,13.0,5498.0,0.2782054602050781,False,PUT,2027-12-17,AAPL
AAPL271217P00205000,205.0,13.1,14.0,14.2,47.0,409.0,0.2744060597229004,False,PUT,2027-12-17,AAPL
AAPL271217P00210000,210.0,15.19,15.25,15.55,1.0,1195.0,0.27078976287841794,False,PUT,2027-12-17,AAPL
AAPL271217P00215000,215.0,16.85,16.65,16.95,50.0,945.0,0.26688355194091795,False,PUT,2027-12-17,AAPL
AAPL271217P00220000,220.0,17.72,18.15,18.4,3.0,857.0,0.2626721682739258,False,PUT,2027-12-17,AAPL
AAPL271217P00225000,225.0,19.25,19.7,19.95,10.0,873.0,0.2585981123352051,False,PUT,2027-12-17,AAPL
AAPL271217P00230000,230.0,22.0,21.35,21.6,10.0,1815.0,0.25461560821533213,False,PUT,2027-12-17,AAPL
AAPL271217P00235000,235.0,23.1,23.1,23.35,1.0,674.0,0.2506941386413574,False,PUT,2027-12-17,AAPL
AAPL271217P00240000,240.0,23.5,24.95,25.25,1.0,1925.0,0.24719991088867188,False,PUT,2027-12-17,AAPL
AAPL271217P00245000,245.0,27.2,26.9,27.15,1.0,479.0,0.24294275131225584,False,PUT,2027-12-17,AAPL
AAPL271217P00250000,250.0,28.8,28.95,29.3,3.0,2856.0,0.2397994721984863,False,PUT,2027-12-17,AAPL
AAPL271217P00255000,255.0,30.95,31.1,31.45,9.0,409.0,0.23586274398803708,False,PUT,2027-12-17,AAPL
AAPL271217P00260000,260.0,31.8,33.4,33.75,150.0,937.0,0.2322617057800293,True,PUT,2027-12-17,AAPL
AAPL271217P00265000,265.0,36.65,35.8,36.15,1.0,333.0,0.22856911575317385,True,PUT,2027-12-17,AAPL
AAPL271217P00270000,270.0,36.3,38.3,38.65,1.0,640.0,0.22481549118041988,True,PUT,2027-12-17,AAPL
AAPL271217P00275000,275.0,38.8,40.9,41.3,3.0,395.0,0.22130600479125978,True,PUT,2027-12-17,AAPL
AAPL271217P00280000,280.0,43.6,43.6,44.1,51.0,1033.0,0.21804065658569333,True,PUT,2027-12-17,AAPL
AAPL271217P00285000,285.0,43.81,46.4,46.9,4.0,329.0,0.21394371269226073,True,PUT,2027-12-17,AAPL
AAPL271217P00290000,290.0,46.9,49.45,49.9,1.0,780.0,0.21044185562133788,True,PUT,2027-12-17,AAPL
AAPL271217P00295000,295.0,52.25,52.5,52.95,1.0,364.0,0.206413575592041,True,PUT,2027-12-17,AAPL
AAPL271217P00300000,300.0,56.71,55.65,56.2,1.0,271.0,0.2029956410217285,True,PUT,2027-12-17,AAPL
AAPL271217P00305000,305.0,65.7,59.05,59.6,2.0,71.0,0.1998218446350098,True,PUT,2027-12-17,AAPL
AAPL271217P00310000,310.0,63.42,62.45,62.95,2.0,265.0,0.19529002960205077,True,PUT,2027-12-17,AAPL
AAPL271217P00315000,315.0,62.95,66.0,66.5,2.0,51.0,0.1913838186645508,True,PUT,2027-12-17,AAPL
AAPL271217P00320000,320.0,67.14,69.65,70.2,2.0,225.0,0.18775226318359373,True,PUT,2027-12-17,AAPL
AAPL271217P00325000,325.0,70.85,72.8,74.4,2.0,25.0,0.18778278045654295,True,PUT,2027-12-17,AAPL
AAPL271217P00330000,330.0,74.7,76.75,78.4,2.0,54.0,0.1851125190734863,True,PUT,2027-12-17,AAPL
AAPL271217P00335000,335.0,79.9,80.75,82.3,3.0,14.0,0.18033656585693358,True,PUT,2027-12-17,AAPL
AAPL280121C00185000,185.0,98.3,93.45,94.9,1.0,473.0,0.41202370208740235,True,CALL,2028-01-21,AAPL
AAPL280121C00190000,190.0,93.31,89.75,91.9,3.0,136.0,0.4121762884521484,True,CALL,2028-01-21,AAPL
AAPL280121C00195000,195.0,77.45,86.15,88.3,1.0,125.0,0.4058897302246094,True,CALL,2028-01-21,AAPL
AAPL280121C00200000,200.0,83.7,83.0,83.8,8.0,925.0,0.3910888528442382,True,CALL,2028-01-21,AAPL
AAPL280121C00210000,210.0,76.0,76.1,77.8,1.0,210.0,0.38742678009033205,True,CALL,2028-01-21,AAPL
AAPL280121C00220000,220.0,68.15,69.55,70.7,13.0,703.0,0.372427540435791,True,CALL,2028-01-21,AAPL
AAPL280121C00230000,230.0,63.7,63.8,64.15,2.0,617.0,0.3604189935302734,True,CALL,2028-01-21,AAPL
AAPL280121C00240000,240.0,57.3,57.85,58.2,22.0,1962.0,0.3512790702819824,True,CALL,2028-01-21,AAPL
AAPL280121C00250000,250.0,52.35,52.3,52.6,41.0,1772.0,0.342856302947998,True,CALL,2028-01-21,AAPL
AAPL280121C00260000,260.0,47.2,47.0,47.35,58.0,2497.0,0.33504388107299804,False,CALL,2028-01-21,AAPL
AAPL280121C00270000,270.0,42.5,42.25,42.5,7.0,2622.0,0.3281012014770508,False,CALL,2028-01-21,AAPL
AAPL280121C00280000,280.0,37.9,37.7,38.05,16.0,2235.0,0.32198248825073233,False,CALL,2028-01-21,AAPL
AAPL280121C00290000,290.0,33.5,33.6,33.95,4.0,1514.0,0.3163367927551269,False,CALL,2028-01-21,AAPL
AAPL280121C00300000,300.0,29.71,29.9,30.15,64.0,5181.0,0.31081316635131834,False,CALL,2028-01-21,AAPL
AAPL280121C00310000,310.0,25.5,26.45,26.7,8.0,882.0,0.3058312215423584,False,CALL,2028-01-21,AAPL
AAPL280121C00320000,320.0,23.45,23.35,23.65,27.0,1978.0,0.30179531219482425,False,CALL,2028-01-21,AAPL
AAPL280121C00330000,330.0,20.12,20.5,21.6,5.0,1271.0,0.3032906585693359,False,CALL,2028-01-21,AAPL
AAPL280121P00185000,185.0,10.85,10.0,10.2,33.0,244.0,0.28896279891967763,False,PUT,2028-01-21,AAPL
AAPL280121P00190000,190.0,11.25,10.95,11.2,26.0,830.0,0.28458357025146475,False,PUT,2028-01-21,AAPL
AAPL280121P00195000,195.0,11.4,12.05,12.25,13.0,550.0,0.2800517552185058,False,PUT,2028-01-21,AAPL
AAPL280121P00200000,200.0,13.4,13.2,13.4,43.0,1553.0,0.2758556301879882,False,PUT,2028-01-21,AAPL
AAPL280121P00210000,210.0,16.13,15.75,16.0,2.0,800.0,0.2682263119506836,False,PUT,2028-01-21,AAPL
AAPL280121P00220000,220.0,18.85,18.65,18.9,4.0,4229.0,0.2604138900756836,False,PUT,2028-01-21,AAPL
AAPL280121P00230000,230.0,21.95,21.85,22.2,11.0,689.0,0.2530592272949219,False,PUT,2028-01-21,AAPL
AAPL280121P00240000,240.0,25.65,25.55,25.85,2.0,769.0,0.24558249542236327,False,PUT,2028-01-21,AAPL
AAPL280121P00250000,250.0,29.5,29.55,29.9,11.0,3042.0,0.23818205673217768,False,PUT,2028-01-21,AAPL
AAPL280121P00260000,260.0,34.16,33.95,34.35,3.0,1066.0,0.23073584213256837,True,PUT,2028-01-21,AAPL
AAPL280121P00270000,270.0,38.9,38.9,39.3,160.0,450.0,0.22376264526367184,True,PUT,2028-01-21,AAPL
AAPL280121P00280000,280.0,44.3,44.15,44.65,5.0,1167.0,0.21649953430175778,True,PUT,2028-01-21,AAPL
AAPL280121P00290000,290.0,50.06,50.0,50.5,3.0,246.0,0.2095263374328613,True,PUT,2028-01-21,AAPL
AAPL280121P00300000,300.0,57.03,56.25,56.75,6.0,798.0,0.20209538146972655,True,PUT,2028-01-21,AAPL
AAPL280121P00310000,310.0,69.85,62.95,63.45,1.0,201.0,0.1944813218688965,True,PUT,2028-01-21,AAPL
AAPL280121P00320000,320.0,66.45,70.1,70.65,3.0,48.0,0.18706562454223635,True,PUT,2028-01-21,AAPL
AAPL280121P00330000,330.0,86.3,77.85,78.4,1.0,85.0,0.1805501867675781,True,PUT,2028-01-21,AAPL
AAPL280317C00185000,185.0,89.82,94.5,96.35,1.0,19.0,0.41087930435180664,True,CALL,2028-03-17,AAPL
AAPL280317C00190000,190.0,89.25,91.8,92.6,1.0,225.0,0.4035551588439942,True,CALL,2028-03-17,AAPL
AAPL280317C00195000,195.0,81.0,87.25,88.65,4.0,29.0,0.3941558387756348,True,CALL,2028-03-17,AAPL
AAPL280317C00200000,200.0,83.85,83.85,85.5,3.0,171.0,0.3915618705749511,True,CALL,2028-03-17,AAPL
AAPL280317C00210000,210.0,78.22,77.9,78.65,4.0,86.0,0.38019418640136715,True,CALL,2028-03-17,AAPL
AAPL280317C00220000,220.0,70.85,71.05,72.05,2.0,223.0,0.3693147785949707,True,CALL,2028-03-17,AAPL
AAPL280317C00230000,230.0,63.69,64.5,66.65,8.0,522.0,0.365866326751709,True,CALL,2028-03-17,AAPL
AAPL280317C00240000,240.0,61.0,58.7,60.8,13.0,235.0,0.3571078694152832,True,CALL,2028-03-17,AAPL
AAPL280317C00250000,250.0,52.83,53.55,54.5,1.0,587.0,0.34355820022583,True,CALL,2028-03-17,AAPL
AAPL280317C00260000,260.0,49.1,48.7,49.45,4.0,373.0,0.33708853836059577,False,CALL,2028-03-17,AAPL
AAPL280317C00270000,270.0,42.85,44.1,44.7,15.0,814.0,0.3308477560424804,False,CALL,2028-03-17,AAPL
AAPL280317C00280000,280.0,39.8,39.85,40.2,32.0,635.0,0.32450016326904285,False,CALL,2028-03-17,AAPL
AAPL280317C00290000,290.0,34.53,35.75,36.1,26.0,427.0,0.31903757141113276,False,CALL,2028-03-17,AAPL
AAPL280317C00300000,300.0,31.78,32.05,32.35,11.0,1569.0,0.31414717842102047,False,CALL,2028-03-17,AAPL
AAPL280317C00310000,310.0,27.93,28.6,28.95,1.0,533.0,0.30986713088989254,False,CALL,2028-03-17,AAPL
AAPL280317C00320000,320.0,25.15,25.45,25.7,4.0,148.0,0.30490807403564457,False,CALL,2028-03-17,AAPL
AAPL280317C00330000,330.0,22.0,22.55,22.9,2.0,349.0,0.3013680703735352,False,CALL,2028-03-17,AAPL
AAPL280317P00185000,185.0,10.98,10.6,10.8,20.0,87.0,0.28507184661865226,False,PUT,2028-03-17,AAPL
AAPL280317P00190000,190.0,11.74,11.65,11.9,14.0,254.0,0.2815318429565429,False,PUT,2028-03-17,AAPL
AAPL280317P00195000,195.0,12.9,12.75,12.95,14.0,88.0,0.276801665649414,False,PUT,2028-03-17,AAPL
AAPL280317P00200000,200.0,14.18,13.9,14.1,1.0,1703.0,0.2724224369812011,False,PUT,2028-03-17,AAPL
AAPL280317P00210000,210.0,16.75,16.5,16.75,48.0,322.0,0.2649304464721679,False,PUT,2028-03-17,AAPL
AAPL280317P00220000,220.0,19.96,19.45,19.7,4.0,305.0,0.2573163868713379,False,PUT,2028-03-17,AAPL
AAPL280317P00230000,230.0,23.04,22.7,23.1,2.0,168.0,0.25058732818603513,False,PUT,2028-03-17,AAPL
AAPL280317P00240000,240.0,25.67,26.4,26.8,10.0,308.0,0.24340051040649413,False,PUT,2028-03-17,AAPL
AAPL280317P00250000,250.0,31.0,30.5,30.85,2.0,163.0,0.23601533035278316,False,PUT,2028-03-17,AAPL
AAPL280317P00260000,260.0,35.6,34.95,35.4,3.0,245.0,0.2293473062133789,True,PUT,2028-03-17,AAPL
AAPL280317P00270000,270.0,40.6,39.85,40.35,3.0,251.0,0.2225724716186523,True,PUT,2028-03-17,AAPL
AAPL280317P00280000,280.0,43.91,45.25,45.75,2.0,121.0,0.21595022338867187,True,PUT,2028-03-17,AAPL
AAPL280317P00290000,290.0,51.7,51.0,51.5,2.0,42.0,0.20871762969970697,True,PUT,2028-03-17,AAPL
AAPL280317P00300000,300.0,58.0,57.15,57.7,2.0,1114.0,0.2015002946472168,True,PUT,2028-03-17,AAPL
AAPL280317P00310000,310.0,62.1,63.8,64.35,2.0,47.0,0.19422192504882813,True,PUT,2028-03-17,AAPL
AAPL280317P00320000,320.0,71.07,70.85,71.5,2.0,78.0,0.1873097627258301,True,PUT,2028-03-17,AAPL
AAPL280317P00330000,330.0,75.8,77.75,79.75,2.0,10.0,0.1863484686279297,True,PUT,2028-03-17,AAPL
AAPL281215C00185000,185.0,105.85,100.5,103.1,18.0,29.0,0.4084226638793945,True,CALL,2028-12-15,AAPL
AAPL281215C00190000,190.0,99.17,97.55,100.5,4.0,237.0,0.4094144752502441,True,CALL,2028-12-15,AAPL
AAPL281215C00195000,195.0,94.48,95.35,96.7,1.0,1712.0,0.400671276550293,True,CALL,2028-12-15,AAPL
AAPL281215C00200000,200.0,92.0,91.35,94.05,44.0,284.0,0.40035084518432623,True,CALL,2028-12-15,AAPL
AAPL281215C00210000,210.0,84.69,85.25,86.8,10.0,64.0,0.38449712188720697,True,CALL,2028-12-15,AAPL
AAPL281215C00220000,220.0,80.4,79.25,80.35,1.0,359.0,0.3734956449890136,True,CALL,2028-12-15,AAPL
AAPL281215C00230000,230.0,74.55,72.75,75.25,36.0,300.0,0.3702608140563965,True,CALL,2028-12-15,AAPL
AAPL281215C00240000,240.0,68.43,68.15,69.9,28.0,226.0,0.3639589971923829,True,CALL,2028-12-15,AAPL
AAPL281215C00250000,250.0,63.3,62.3,63.9,77.0,1448.0,0.3524387266540527,True,CALL,2028-12-15,AAPL
AAPL281215C00260000,260.0,58.4,58.0,58.75,43.0,499.0,0.3450077706909179,False,CALL,2028-12-15,AAPL
AAPL281215C00270000,270.0,52.5,52.55,54.7,2.0,476.0,0.3428334149932861,False,CALL,2028-12-15,AAPL
AAPL281215C00280000,280.0,49.05,48.3,49.6,37.0,166.0,0.3332738792419434,False,CALL,2028-12-15,AAPL
AAPL281215C00290000,290.0,44.24,44.9,45.4,27.0,296.0,0.32774262351989747,False,CALL,2028-12-15,AAPL
AAPL281215C00300000,300.0,41.4,41.05,41.5,60.0,926.0,0.32271490280151355,False,CALL,2028-12-15,AAPL
AAPL281215C00310000,310.0,37.54,37.45,37.95,1.0,158.0,0.3185035191345214,False,CALL,2028-12-15,AAPL
AAPL281215C00320000,320.0,33.1,34.15,34.65,8.0,470.0,0.31455916160583486,False,CALL,2028-12-15,AAPL
AAPL281215C00330000,330.0,30.58,31.05,31.55,1.0,90.0,0.31062243339538564,False,CALL,2028-12-15,AAPL
AAPL281215P00185000,185.0,13.55,13.2,13.55,34.0,73.0,0.2707745042419434,False,PUT,2028-12-15,AAPL
AAPL281215P00190000,190.0,14.7,14.35,14.7,63.0,80.0,0.26689881057739256,False,PUT,2028-12-15,AAPL
AAPL281215P00195000,195.0,16.15,15.7,16.0,6.0,123.0,0.2637402728271484,False,PUT,2028-12-15,AAPL
AAPL281215P00200000,200.0,16.97,16.85,17.3,819.0,81.0,0.2600629414367676,False,PUT,2028-12-15,AAPL
AAPL281215P00210000,210.0,20.2,19.65,20.1,14.0,55.0,0.2526853907012939,False,PUT,2028-12-15,AAPL
AAPL281215P00220000,220.0,22.97,22.75,23.25,13.0,162.0,0.2458113749694824,False,PUT,2028-12-15,AAPL
AAPL281215P00230000,230.0,26.52,26.3,26.7,37.0,42.0,0.23894498855590818,False,PUT,2028-12-15,AAPL
AAPL281215P00240000,240.0,29.04,30.0,30.55,4.0,322.0,0.23258213714599607,False,PUT,2028-12-15,AAPL
AAPL281215P00250000,250.0,35.17,34.15,34.7,3.0,631.0,0.22600566482543943,False,PUT,2028-12-15,AAPL
AAPL281215P00260000,260.0,38.98,38.7,39.25,1.0,613.0,0.2197191065979004,True,PUT,2028-12-15,AAPL
AAPL281215P00270000,270.0,44.35,43.45,44.2,3.0,110.0,0.21364616928100588,True,PUT,2028-12-15,AAPL
AAPL281215P00280000,280.0,49.45,48.9,49.5,2.0,68.0,0.20742064559936518,True,PUT,2028-12-15,AAPL
AAPL281215P00290000,290.0,55.3,54.35,55.2,8.0,17.0,0.20128667373657227,True,PUT,2028-12-15,AAPL
AAPL281215P00300000,300.0,61.55,60.45,61.2,6.0,28.0,0.19460339096069335,True,PUT,2028-12-15,AAPL
AAPL281215P00310000,310.0,67.52,66.85,67.65,8.0,13.0,0.188210022277832,True,PUT,2028-12-15,AAPL
AAPL281215P00320000,320.0,75.2,73.6,74.55,6.0,17.0,0.1821218263244629,True,PUT,2028-12-15,AAPL
AAPL281215P00330000,330.0,82.31,80.95,81.75,2.0,11.0,0.17534699172973633,True,PUT,2028-12-15,AAPL
ABEV260220C00002500,2.5,0.32,0.25,0.35,4.0,1051.0,0.5937540625000001,True,CALL,2026-02-20,ABEV
ABEV260220P00002500,2.5,0.05,0.0,0.05,25.0,177.0,0.5937540625000001,False,PUT,2026-02-20,ABEV
ABEV260320C00002500,2.5,0.42,0.3,0.55,1.0,18.0,0.6171913281250001,True,CALL,2026-03-20,ABEV
ABEV260320P00002500,2.5,0.05,0.0,0.05,1.0,5.0,0.398443515625,False,PUT,2026-03-20,ABEV
ABEV260417C00002000,2.0,0.8,0.6,1.05,1.0,33.0,0.51562984375,True,CALL,2026-04-17,ABEV
ABEV260417C00002500,2.5,0.3,0.3,0.35,8.0,5600.0,0.304694453125,True,CALL,2026-04-17,ABEV
ABEV260417P00002000,2.0,0.05,0.0,0.05,1.0,26.0,0.5468795312500001,False,PUT,2026-04-17,ABEV
ABEV260417P00002500,2.5,0.05,0.0,0.1,10.0,263.0,0.445318046875,False,PUT,2026-04-17,ABEV
ABEV260717C00002000,2.0,0.85,0.0,1.0,1.0,7.0,0.7773459765625,True,CALL,2026-07-17,ABEV
ABEV260717C00002500,2.5,0.38,0.35,0.45,1.0,671.0,0.37500625,True,CALL,2026-07-17,ABEV
ABEV260717P00002000,2.0,0.1,0.0,0.05,1.0,102.0,0.45313046875,False,PUT,2026-07-17,ABEV
ABEV260717P00002500,2.5,0.15,0.05,0.1,1.0,10.0,0.304694453125,False,PUT,2026-07-17,ABEV
ABEV270115C00002000,2.0,0.87,0.8,0.9,4.0,2944.0,0.39453730468750003,True,CALL,2027-01-15,ABEV
ABEV270115C00002500,2.5,0.55,0.45,0.55,38.0,12596.0,0.36524072265625,True,CALL,2027-01-15,ABEV
ABEV270115C00003000,3.0,0.25,0.2,0.25,68.0,12549.0,0.29883513671874995,False,CALL,2027-01-15,ABEV
ABEV270115C00003500,3.5,0.15,0.05,0.15,6.0,615.0,0.3320379296875,False,CALL,2027-01-15,ABEV
ABEV270115P00002000,2.0,0.05,0.05,0.1,102.0,3385.0,0.4023497265625,False,PUT,2027-01-15,ABEV
ABEV270115P00002500,2.5,0.2,0.15,0.25,40.0,1348.0,0.3711000390625,False,PUT,2027-01-15,ABEV
ABEV270115P00003000,3.0,0.42,0.0,0.55,23.0,3340.0,0.39453730468750003,True,PUT,2027-01-15,ABEV
ACHR260130C00005500,5.5,2.97,1.75,2.42,1.0,5.0,4.500004375,True,CALL,2026-01-30,ACHR
ACHR260130C00006000,6.0,2.18,1.2,1.92,2.0,3.0,3.3984390039062498,True,CALL,2026-01-30,ACHR
ACHR260130C00006500,6.5,1.08,0.74,1.08,5.0,22.0,1.453127734375,True,CALL,2026-01-30,ACHR
ACHR260130C00007000,7.0,0.42,0.39,0.46,1191.0,237.0,0.8906260937499999,True,CALL,2026-01-30,ACHR
ACHR260130C00007500,7.5,0.13,0.1,0.13,1175.0,384.0,0.79687703125,False,CALL,2026-01-30,ACHR
ACHR260130C00008000,8.0,0.03,0.02,0.03,5424.0,8305.0,0.8906260937499999,False,CALL,2026-01-30,ACHR
ACHR260130C00008500,8.5,0.01,0.0,0.01,2831.0,13522.0,0.9687503125,False,CALL,2026-01-30,ACHR
ACHR260130C00009000,9.0,0.01,0.0,0.01,904.0,16248.0,1.2500037499999999,False,CALL,2026-01-30,ACHR
ACHR260130C00009500,9.5,0.01,0.0,0.01,154.0,17668.0,1.5625021874999998,False,CALL,2026-01-30,ACHR
ACHR260130P00005500,5.5,0.08,0.0,0.01,1.0,28.0,1.875000625,False,PUT,2026-01-30,ACHR
ACHR260130P00006000,6.0,0.01,0.0,0.02,8.0,173.0,1.5000025,False,PUT,2026-01-30,ACHR
ACHR260130P00006500,6.5,0.01,0.0,0.01,70.0,44.0,0.87500125,False,PUT,2026-01-30,ACHR
ACHR260130P00007000,7.0,0.02,0.02,0.03,504.0,3075.0,0.64062859375,False,PUT,2026-01-30,ACHR
ACHR260130P00007500,7.5,0.2,0.19,0.26,690.0,4674.0,0.6718782812500002,True,PUT,2026-01-30,ACHR
ACHR260130P00008000,8.0,0.66,0.61,0.65,843.0,9933.0,0.7812521875,True,PUT,2026-01-30,ACHR
ACHR260130P00008500,8.5,1.15,1.04,1.18,174.0,6282.0,1.5468772656249998,True,PUT,2026-01-30,ACHR
ACHR260130P00009000,9.0,1.6,1.55,1.67,102.0,1445.0,1.8437507812499998,True,PUT,2026-01-30,ACHR
ACHR260130P00009500,9.5,2.11,2.03,2.28,1.0,108.0,1.96875015625,True,PUT,2026-01-30,ACHR
ACHR260206C00005500,5.5,3.4,1.75,2.48,4.0,2.0,2.2265669335937495,True,CALL,2026-02-06,ACHR
ACHR260206C00006000,6.0,1.45,1.28,1.57,6.0,3.0,1.0703171484375003,True,CALL,2026-02-06,ACHR
ACHR260206C00006500,6.5,0.95,0.88,1.04,15.0,25.0,0.8828136718749999,True,CALL,2026-02-06,ACHR
ACHR260206C00007000,7.0,0.58,0.55,0.63,157.0,52.0,0.8437515624999999,True,CALL,2026-02-06,ACHR
ACHR260206C00007500,7.5,0.29,0.27,0.32,286.0,206.0,0.7695335546875001,False,CALL,2026-02-06,ACHR
ACHR260206C00008000,8.0,0.13,0.14,0.15,2308.0,1170.0,0.7929708203125,False,CALL,2026-02-06,ACHR
ACHR260206C00008500,8.5,0.06,0.06,0.07,1447.0,2754.0,0.8085956640624999,False,CALL,2026-02-06,ACHR
ACHR260206C00009000,9.0,0.04,0.03,0.04,1094.0,5761.0,0.87500125,False,CALL,2026-02-06,ACHR
ACHR260206C00009500,9.5,0.03,0.01,0.03,20.0,4373.0,0.937500625,False,CALL,2026-02-06,ACHR
ACHR260206P00005500,5.5,0.13,0.0,0.12,2.0,3.0,1.40625296875,False,PUT,2026-02-06,ACHR
ACHR260206P00006000,6.0,0.02,0.0,0.03,13.0,105.0,0.7812521875,False,PUT,2026-02-06,ACHR
ACHR260206P00006500,6.5,0.06,0.05,0.07,157.0,132.0,0.7500025,False,PUT,2026-02-06,ACHR
ACHR260206P00007000,7.0,0.17,0.15,0.17,1271.0,2690.0,0.6875031250000001,False,PUT,2026-02-06,ACHR
ACHR260206P00007500,7.5,0.39,0.38,0.4,335.0,2435.0,0.6835969140625001,True,PUT,2026-02-06,ACHR
ACHR260206P00008000,8.0,0.73,0.72,0.76,477.0,4875.0,0.6875031250000001,True,PUT,2026-02-06,ACHR
ACHR260206P00008500,8.5,1.13,1.08,1.22,121.0,976.0,0.5625043750000001,True,PUT,2026-02-06,ACHR
ACHR260206P00009000,9.0,1.66,1.56,1.7,43.0,628.0,1.015629921875,True,PUT,2026-02-06,ACHR
ACHR260206P00009500,9.5,1.77,1.57,2.18,53.0,128.0,1.1015669921875002,True,PUT,2026-02-06,ACHR
ACHR260213C00005500,5.5,3.45,1.7,2.65,4.0,5.0,1.8281258593749998,True,CALL,2026-02-13,ACHR
ACHR260213C00006000,6.0,3.5,1.3,2.14,1.0,6.0,1.5781271093749998,True,CALL,2026-02-13,ACHR
ACHR260213C00006500,6.5,1.52,0.93,1.56,19.0,21.0,1.2695349023437497,True,CALL,2026-02-13,ACHR
ACHR260213C00007000,7.0,0.7,0.65,0.74,11.0,14.0,0.8203142968749999,True,CALL,2026-02-13,ACHR
ACHR260213C00007500,7.5,0.43,0.39,0.41,59.0,34.0,0.7500025,False,CALL,2026-02-13,ACHR
ACHR260213C00008000,8.0,0.26,0.23,0.25,324.0,301.0,0.7695335546875001,False,CALL,2026-02-13,ACHR
ACHR260213C00008500,8.5,0.15,0.13,0.14,146.0,967.0,0.7812521875,False,CALL,2026-02-13,ACHR
ACHR260213C00009000,9.0,0.08,0.08,0.09,112.0,984.0,0.8242205078124999,False,CALL,2026-02-13,ACHR
ACHR260213C00009500,9.5,0.06,0.05,0.07,75.0,2266.0,0.8828136718749999,False,CALL,2026-02-13,ACHR
ACHR260213P00006000,6.0,0.03,0.04,0.06,2.0,3.0,0.7656273437500001,False,PUT,2026-02-13,ACHR
ACHR260213P00006500,6.5,0.12,0.11,0.13,24.0,153.0,0.7226590234375,False,PUT,2026-02-13,ACHR
ACHR260213P00007000,7.0,0.27,0.25,0.28,95.0,2748.0,0.7070341796875,False,PUT,2026-02-13,ACHR
ACHR260213P00007500,7.5,0.5,0.49,0.53,69.0,756.0,0.7070341796875,True,PUT,2026-02-13,ACHR
ACHR260213P00008000,8.0,0.79,0.82,0.88,109.0,3332.0,0.726565234375,True,PUT,2026-02-13,ACHR
ACHR260213P00008500,8.5,1.29,1.19,1.31,51.0,545.0,0.73437765625,True,PUT,2026-02-13,ACHR
ACHR260213P00009000,9.0,1.67,1.63,1.71,45.0,382.0,0.6562534375000001,True,PUT,2026-02-13,ACHR
ACHR260213P00009500,9.5,1.85,1.85,2.34,7.0,149.0,1.2812535937499998,True,PUT,2026-02-13,ACHR
ACHR260220C00005500,5.5,3.45,1.79,2.58,,1.0,1.5390648046875,True,CALL,2026-02-20,ACHR
ACHR260220C00006000,6.0,1.5,1.46,1.55,31.0,340.0,0.8710950390625,True,CALL,2026-02-20,ACHR
ACHR260220C00007000,7.0,0.75,0.73,0.78,10729.0,1088.0,0.7656273437500001,True,CALL,2026-02-20,ACHR
ACHR260220C00007500,7.5,0.51,0.48,0.53,358.0,30.0,0.76367423828125,False,CALL,2026-02-20,ACHR
ACHR260220C00008000,8.0,0.3,0.3,0.32,905.0,4792.0,0.7421900781249999,False,CALL,2026-02-20,ACHR
ACHR260220C00008500,8.5,0.18,0.19,0.21,1210.0,762.0,0.7617211328125001,False,CALL,2026-02-20,ACHR
ACHR260220C00009000,9.0,0.13,0.12,0.14,2973.0,12872.0,0.7851583984375,False,CALL,2026-02-20,ACHR
ACHR260220C00009500,9.5,0.1,0.07,0.1,37.0,1759.0,0.804689453125,False,CALL,2026-02-20,ACHR
ACHR260220P00006000,6.0,0.08,0.07,0.09,109.0,606.0,0.7304714453125,False,PUT,2026-02-20,ACHR
ACHR260220P00006500,6.5,0.16,0.16,0.18,28.0,190.0,0.70312796875,False,PUT,2026-02-20,ACHR
ACHR260220P00007000,7.0,0.34,0.32,0.34,253.0,3758.0,0.6875031250000001,False,PUT,2026-02-20,ACHR
ACHR260220P00007500,7.5,0.55,0.59,0.6,220.0,1391.0,0.70898728515625,True,PUT,2026-02-20,ACHR
ACHR260220P00008000,8.0,0.9,0.88,0.94,109.0,4298.0,0.6992217578125001,True,PUT,2026-02-20,ACHR
ACHR260220P00008500,8.5,1.28,1.27,1.38,31.0,350.0,0.7539087109375,True,PUT,2026-02-20,ACHR
ACHR260220P00009000,9.0,1.71,1.66,1.76,63.0,2794.0,0.6718782812500002,True,PUT,2026-02-20,ACHR
ACHR260220P00009500,9.5,2.23,2.03,2.29,10.0,57.0,0.6250037500000001,True,PUT,2026-02-20,ACHR
ACHR260227C00005500,5.5,3.5,1.75,2.7,2.0,1.0,1.421877890625,True,CALL,2026-02-27,ACHR
ACHR260227C00006000,6.0,1.95,1.47,2.25,3.0,10.0,1.365237548828125,True,CALL,2026-02-27,ACHR
ACHR260227C00006500,6.5,1.33,1.0,1.31,4.0,4.0,0.7929708203125,True,CALL,2026-02-27,ACHR
ACHR260227C00007000,7.0,0.89,0.85,0.95,38.0,1204.0,0.8535170898437501,True,CALL,2026-02-27,ACHR
ACHR260227C00007500,7.5,0.66,0.65,0.66,86.0,233.0,0.8476577734374999,False,CALL,2026-02-27,ACHR
ACHR260227C00008000,8.0,0.49,0.45,0.48,157.0,341.0,0.84179845703125,False,CALL,2026-02-27,ACHR
ACHR260227C00008500,8.5,0.36,0.33,0.34,185.0,1256.0,0.8554701953125,False,CALL,2026-02-27,ACHR
ACHR260227C00009000,9.0,0.22,0.22,0.24,576.0,1667.0,0.851563984375,False,CALL,2026-02-27,ACHR
ACHR260227C00009500,9.5,0.17,0.15,0.17,81.0,531.0,0.8554701953125,False,CALL,2026-02-27,ACHR
ACHR260227P00006000,6.0,0.22,0.16,0.2,45.0,12.0,0.851563984375,False,PUT,2026-02-27,ACHR
ACHR260227P00006500,6.5,0.29,0.28,0.31,27.0,354.0,0.80664255859375,False,PUT,2026-02-27,ACHR
ACHR260227P00007000,7.0,0.48,0.48,0.49,228.0,1134.0,0.79687703125,False,PUT,2026-02-27,ACHR
ACHR260227P00007500,7.5,0.7,0.72,0.76,87.0,948.0,0.7929708203125,True,PUT,2026-02-27,ACHR
ACHR260227P00008000,8.0,1.02,1.01,1.07,618.0,2147.0,0.773439765625,True,PUT,2026-02-27,ACHR
ACHR260227P00008500,8.5,1.4,1.34,1.55,1.0,411.0,0.8281267187499999,True,PUT,2026-02-27,ACHR
ACHR260227P00009000,9.0,1.77,1.77,1.86,90.0,523.0,0.7812521875,True,PUT,2026-02-27,ACHR
ACHR260227P00009500,9.5,2.21,1.81,2.41,10.0,70.0,1.052739111328125,True,PUT,2026-02-27,ACHR
ACHR260306C00007500,7.5,0.77,0.75,0.81,117.0,29.0,0.8964854101562498,False,CALL,2026-03-06,ACHR
ACHR260306C00008000,8.0,0.56,0.55,0.66,12.0,201.0,0.9101571484375,False,CALL,2026-03-06,ACHR
ACHR260306C00008500,8.5,0.44,0.39,0.46,37.0,104.0,0.87500125,False,CALL,2026-03-06,ACHR
ACHR260306C00009000,9.0,0.33,0.3,0.34,65.0,233.0,0.8828136718749999,False,CALL,2026-03-06,ACHR
ACHR260306C00009500,9.5,0.23,0.24,0.27,160.0,94.0,0.914063359375,False,CALL,2026-03-06,ACHR
ACHR260306P00007000,7.0,0.58,0.56,0.6,28.0,91.0,0.8242205078124999,False,PUT,2026-03-06,ACHR
ACHR260306P00007500,7.5,0.83,0.8,0.85,15.0,198.0,0.804689453125,True,PUT,2026-03-06,ACHR
ACHR260306P00008000,8.0,1.11,1.11,1.18,47.0,145.0,0.8125018749999999,True,PUT,2026-03-06,ACHR
ACHR260306P00008500,8.5,1.28,1.47,1.58,2.0,15.0,0.8398453515625,True,PUT,2026-03-06,ACHR
ACHR260306P00009000,9.0,1.39,1.86,1.96,5.0,7.0,0.8320329296874999,True,PUT,2026-03-06,ACHR
ACHR260320C00006000,6.0,1.77,1.7,1.77,24.0,49.0,0.8964854101562498,True,CALL,2026-03-20,ACHR
ACHR260320C00007000,7.0,1.11,1.09,1.13,1761.0,346.0,0.8554701953125,True,CALL,2026-03-20,ACHR
ACHR260320C00008000,8.0,0.69,0.66,0.69,408.0,720.0,0.8398453515625,False,CALL,2026-03-20,ACHR
ACHR260320C00009000,9.0,0.43,0.41,0.42,713.0,2775.0,0.851563984375,False,CALL,2026-03-20,ACHR
ACHR260320P00006000,6.0,0.28,0.28,0.3,49.0,470.0,0.8027363476562499,False,PUT,2026-03-20,ACHR
ACHR260320P00007000,7.0,0.65,0.65,0.68,463.0,3560.0,0.7851583984375,False,PUT,2026-03-20,ACHR
ACHR260320P00008000,8.0,1.2,1.22,1.27,88.0,709.0,0.7841818457031251,True,PUT,2026-03-20,ACHR
ACHR260320P00009000,9.0,2.01,1.93,2.07,8.0,620.0,0.804689453125,True,PUT,2026-03-20,ACHR
ACHR260417C00006000,6.0,1.82,1.8,1.97,33.0,1629.0,0.8730481445312499,True,CALL,2026-04-17,ACHR
ACHR260417C00007000,7.0,1.29,1.27,1.34,566.0,3189.0,0.842775009765625,True,CALL,2026-04-17,ACHR
ACHR260417C00008000,8.0,0.9,0.88,0.89,794.0,7671.0,0.8320329296874999,False,CALL,2026-04-17,ACHR
ACHR260417C00009000,9.0,0.62,0.6,0.61,318.0,8975.0,0.8369156933593749,False,CALL,2026-04-17,ACHR
ACHR260417P00006000,6.0,0.4,0.4,0.44,136.0,1591.0,0.77148666015625,False,PUT,2026-04-17,ACHR
ACHR260417P00007000,7.0,0.85,0.83,0.85,336.0,3581.0,0.7617211328125001,False,PUT,2026-04-17,ACHR
ACHR260417P00008000,8.0,1.39,1.41,1.45,132.0,6202.0,0.7617211328125001,True,PUT,2026-04-17,ACHR
ACHR260417P00009000,9.0,2.13,2.12,2.15,49.0,2620.0,0.75195560546875,True,PUT,2026-04-17,ACHR
ACHR260618C00006000,6.0,2.25,2.16,2.26,17.0,497.0,0.875977802734375,True,CALL,2026-06-18,ACHR
ACHR260618C00007000,7.0,1.72,1.65,1.74,72.0,3849.0,0.85742330078125,True,CALL,2026-06-18,ACHR
ACHR260618C00008000,8.0,1.3,1.28,1.31,510.0,3082.0,0.8476577734374999,False,CALL,2026-06-18,ACHR
ACHR260618C00009000,9.0,1.02,1.0,1.02,305.0,4503.0,0.8535170898437501,False,CALL,2026-06-18,ACHR
ACHR260618P00006000,6.0,0.69,0.69,0.72,14.0,606.0,0.7773459765625,False,PUT,2026-06-18,ACHR
ACHR260618P00007000,7.0,1.18,1.02,1.18,196.0,5259.0,0.72070591796875,False,PUT,2026-06-18,ACHR
ACHR260618P00008000,8.0,1.78,1.76,1.81,44.0,1148.0,0.7656273437500001,True,PUT,2026-06-18,ACHR
ACHR260618P00009000,9.0,2.45,2.46,2.49,62.0,748.0,0.7568383691406251,True,PUT,2026-06-18,ACHR
ACHR260717C00006000,6.0,2.3,2.28,2.5,19.0,706.0,0.9101571484375,True,CALL,2026-07-17,ACHR
ACHR260717C00007000,7.0,1.85,1.8,1.95,73.0,297.0,0.8789074609374999,True,CALL,2026-07-17,ACHR
ACHR260717C00008000,8.0,1.46,1.44,1.5,69.0,825.0,0.86132951171875,False,CALL,2026-07-17,ACHR
ACHR260717C00009000,9.0,1.2,1.16,1.2,61.0,1452.0,0.8642591699218749,False,CALL,2026-07-17,ACHR
ACHR260717P00006000,6.0,0.8,0.78,0.85,17.0,620.0,0.7753928710937501,False,PUT,2026-07-17,ACHR
ACHR260717P00007000,7.0,1.31,1.27,1.36,17.0,419.0,0.7695335546875001,False,PUT,2026-07-17,ACHR
ACHR260717P00008000,8.0,1.85,1.81,2.05,1.0,880.0,0.7685570019531252,True,PUT,2026-07-17,ACHR
ACHR260717P00009000,9.0,2.63,2.56,2.65,3.0,443.0,0.7539087109375,True,PUT,2026-07-17,ACHR
ACHR270115C00007000,7.0,2.61,2.58,2.67,531.0,17343.0,0.8974619628906249,True,CALL,2027-01-15,ACHR
ACHR270115P00007000,7.0,1.94,1.92,2.14,107.0,5143.0,0.8042011767578124,False,PUT,2027-01-15,ACHR
ACHR280121C00007000,7.0,3.7,3.6,3.75,165.0,10660.0,0.929688203125,True,CALL,2028-01-21,ACHR
ACHR280121P00007000,7.0,2.75,2.75,2.8,26.0,1953.0,0.7680687255859376,False,PUT,2028-01-21,ACHR
ACN260130C00245000,245.0,37.1,12.6,15.2,1.0,1.0,0.5844768115234374,True,CALL,2026-01-30,ACN
ACN260130C00250000,250.0,29.99,8.0,10.3,,0.0,0.454107021484375,True,CALL,2026-01-30,ACN
ACN260130C00255000,255.0,24.8,4.6,6.9,,0.0,0.5380905566406251,True,CALL,2026-01-30,ACN
ACN260130C00260000,260.0,3.7,1.45,2.25,53.0,2.0,0.30884480224609373,False,CALL,2026-01-30,ACN
ACN260130C00262500,262.5,3.76,0.65,1.35,7.0,2.0,0.32227240234374993,False,CALL,2026-01-30,ACN
ACN260130C00265000,265.0,0.5,0.25,0.7,2.0,18.0,0.3217841259765625,False,CALL,2026-01-30,ACN
ACN260130C00270000,270.0,0.1,0.0,0.2,89.0,103.0,0.348639326171875,False,CALL,2026-01-30,ACN
ACN260130C00272500,272.5,0.05,0.0,0.1,101.0,30.0,0.35938140625,False,CALL,2026-01-30,ACN
ACN260130C00275000,275.0,0.07,0.0,0.1,37.0,86.0,0.414068359375,False,CALL,2026-01-30,ACN
ACN260130C00277500,277.5,0.05,0.0,0.1,4.0,34.0,0.46680220703125,False,CALL,2026-01-30,ACN
ACN260130C00280000,280.0,0.1,0.0,0.05,2.0,195.0,0.4687553125,False,CALL,2026-01-30,ACN
ACN260130C00282500,282.5,0.05,0.0,0.1,173.0,75.0,0.51562984375,False,CALL,2026-01-30,ACN
ACN260130C00285000,285.0,0.15,0.0,0.15,54.0,162.0,0.5937540625000001,False,CALL,2026-01-30,ACN
ACN260130C00287500,287.5,0.05,0.0,0.15,3.0,35.0,0.64062859375,False,CALL,2026-01-30,ACN
ACN260130C00290000,290.0,0.05,0.0,0.1,126.0,365.0,0.65039412109375,False,CALL,2026-01-30,ACN
ACN260130C00292500,292.5,0.05,0.0,0.55,1.0,47.0,0.9003916210937499,False,CALL,2026-01-30,ACN
ACN260130C00295000,295.0,0.05,0.0,0.4,2.0,116.0,0.9003916210937499,False,CALL,2026-01-30,ACN
ACN260130C00297500,297.5,0.05,0.0,0.55,1.0,14.0,1.0029346728515625,False,CALL,2026-01-30,ACN
ACN260130C00300000,300.0,0.05,0.0,0.2,2.0,147.0,0.8984385156249999,False,CALL,2026-01-30,ACN
ACN260130C00302500,302.5,0.05,0.0,0.55,1.0,2.0,1.1015669921875002,False,CALL,2026-01-30,ACN
ACN260130C00305000,305.0,0.3,0.0,2.7,1.0,25.0,1.6015644921874999,False,CALL,2026-01-30,ACN
ACN260130C00310000,310.0,1.16,0.0,1.05,,1.0,1.3984405078125,False,CALL,2026-01-30,ACN
ACN260130C00315000,315.0,0.08,0.0,4.8,1.0,3.0,2.127934367675781,False,CALL,2026-01-30,ACN
ACN260130C00320000,320.0,0.2,0.0,4.8,,1.0,2.247074694824218,False,CALL,2026-01-30,ACN
ACN260130C00325000,325.0,0.49,0.0,4.8,1.0,0.0,2.362308781738281,False,CALL,2026-01-30,ACN
ACN260130P00200000,200.0,0.5,0.0,0.5,2.0,12.0,1.763673056640625,False,PUT,2026-01-30,ACN
ACN260130P00210000,210.0,0.92,0.0,4.8,1.0,1.0,2.4189492651367184,False,PUT,2026-01-30,ACN
ACN260130P00220000,220.0,0.62,0.0,0.5,,1.0,1.197269638671875,False,PUT,2026-01-30,ACN
ACN260130P00225000,225.0,0.05,0.0,0.2,1.0,27.0,0.914063359375,False,PUT,2026-01-30,ACN
ACN260130P00230000,230.0,0.05,0.0,1.1,23.0,31.0,1.08203583984375,False,PUT,2026-01-30,ACN
ACN260130P00235000,235.0,0.74,0.0,4.8,1.0,4.0,1.4277372363281249,False,PUT,2026-01-30,ACN
ACN260130P00240000,240.0,0.16,0.0,4.8,1.0,20.0,1.2270546459960938,False,PUT,2026-01-30,ACN
ACN260130P00245000,245.0,0.05,0.0,4.8,1.0,37.0,1.0212451281738284,False,PUT,2026-01-30,ACN
ACN260130P00250000,250.0,0.37,0.15,0.6,8.0,34.0,0.4682670361328125,False,PUT,2026-01-30,ACN
ACN260130P00255000,255.0,1.14,0.85,2.0,4.0,144.0,0.5168505346679688,False,PUT,2026-01-30,ACN
ACN260130P00257500,257.5,1.6,1.35,2.5,16.0,11.0,0.459966337890625,False,PUT,2026-01-30,ACN
ACN260130P00260000,260.0,3.21,2.25,4.2,91.0,81.0,0.5312546875,True,PUT,2026-01-30,ACN
ACN260130P00262500,262.5,4.05,4.0,6.1,20.0,22.0,0.5961954443359375,True,PUT,2026-01-30,ACN
ACN260130P00265000,265.0,7.0,5.1,7.5,57.0,98.0,0.5664105859375,True,PUT,2026-01-30,ACN
ACN260130P00267500,267.5,8.85,8.2,10.0,52.0,103.0,0.5293015820312501,True,PUT,2026-01-30,ACN
ACN260130P00270000,270.0,11.45,10.1,12.4,67.0,2122.0,0.5537154003906251,True,PUT,2026-01-30,ACN
ACN260130P00272500,272.5,10.25,13.1,15.0,3.0,51.0,0.6962920996093751,True,PUT,2026-01-30,ACN
ACN260130P00275000,275.0,13.12,14.7,17.5,3.0,129.0,0.6777375976562501,True,PUT,2026-01-30,ACN
ACN260130P00277500,277.5,11.8,16.6,20.8,2.0,61.0,0.7753928710937501,True,PUT,2026-01-30,ACN
ACN260130P00280000,280.0,22.0,20.4,21.3,118.0,313.0,0.7485376708984376,True,PUT,2026-01-30,ACN
ACN260130P00282500,282.5,17.48,21.8,25.8,3.0,48.0,0.9428716650390624,True,PUT,2026-01-30,ACN
ACN260130P00285000,285.0,9.18,24.1,28.3,2.0,44.0,0.98437515625,True,PUT,2026-01-30,ACN
ACN260130P00287500,287.5,12.55,26.4,30.9,1.0,10.0,1.0351610742187503,True,PUT,2026-01-30,ACN
ACN260130P00290000,290.0,19.2,29.5,33.4,35.0,30.0,1.185550947265625,True,PUT,2026-01-30,ACN
ACN260130P00292500,292.5,9.8,31.3,34.8,,0.0,0.9179695703125,True,PUT,2026-01-30,ACN
ACN260130P00295000,295.0,18.0,34.2,38.4,1.0,0.0,1.2700231811523435,True,PUT,2026-01-30,ACN
ACN260130P00300000,300.0,27.55,39.3,43.4,2.0,0.0,1.4067412475585939,True,PUT,2026-01-30,ACN
ACN260206C00235000,235.0,54.0,22.5,25.8,,3.0,0.5163622583007812,True,CALL,2026-02-06,ACN
ACN260206C00245000,245.0,39.05,13.9,16.6,,1.0,0.43237872314453124,True,CALL,2026-02-06,ACN
ACN260206C00250000,250.0,16.89,10.6,11.6,1.0,0.0,0.3364324169921875,True,CALL,2026-02-06,ACN
ACN260206C00255000,255.0,27.6,6.8,7.8,1.0,5.0,0.3145820495605468,True,CALL,2026-02-06,ACN
ACN260206C00260000,260.0,4.6,3.9,5.0,31.0,2.0,0.3145820495605468,False,CALL,2026-02-06,ACN
ACN260206C00265000,265.0,2.5,2.05,2.9,12.0,11.0,0.3103096313476562,False,CALL,2026-02-06,ACN
ACN260206C00270000,270.0,1.58,1.0,1.5,25.0,30.0,0.304694453125,False,CALL,2026-02-06,ACN
ACN260206C00275000,275.0,0.62,0.45,1.2,32.0,37.0,0.3562076098632812,False,CALL,2026-02-06,ACN
ACN260206C00277500,277.5,0.7,0.3,0.7,15.0,26.0,0.33423517333984376,False,CALL,2026-02-06,ACN
ACN260206C00280000,280.0,0.4,0.2,0.5,11.0,418.0,0.3364324169921875,False,CALL,2026-02-06,ACN
ACN260206C00282500,282.5,0.95,0.0,1.95,20.0,26.0,0.5400436621093752,False,CALL,2026-02-06,ACN
ACN260206C00285000,285.0,0.56,0.0,1.1,1.0,87.0,0.48242705078125003,False,CALL,2026-02-06,ACN
ACN260206C00287500,287.5,0.65,0.0,4.8,2.0,8.0,0.6550327465820314,False,CALL,2026-02-06,ACN
ACN260206C00290000,290.0,0.2,0.0,0.2,6.0,38.0,0.37744763183593744,False,CALL,2026-02-06,ACN
ACN260206C00292500,292.5,0.32,0.0,4.8,1.0,14.0,0.7243679907226561,False,CALL,2026-02-06,ACN
ACN260206C00295000,295.0,0.15,0.0,0.15,3.0,92.0,0.405279384765625,False,CALL,2026-02-06,ACN
ACN260206C00297500,297.5,1.66,0.0,1.1,1.0,6.0,0.5405319384765627,False,CALL,2026-02-06,ACN
ACN260206C00300000,300.0,0.07,0.05,0.25,1.0,334.0,0.48828636718750007,False,CALL,2026-02-06,ACN
ACN260206C00302500,302.5,0.2,0.0,4.1,2.0,22.0,0.8149432568359375,False,CALL,2026-02-06,ACN
ACN260206C00305000,305.0,0.25,0.0,4.8,2.0,24.0,0.8851329846191407,False,CALL,2026-02-06,ACN
ACN260206C00310000,310.0,0.91,0.0,1.2,,7.0,0.6765169067382814,False,CALL,2026-02-06,ACN
ACN260206C00315000,315.0,0.27,0.0,2.0,,1.0,0.8051777294921875,False,CALL,2026-02-06,ACN
ACN260206C00335000,335.0,0.05,0.0,3.0,,1.0,1.0864303491210938,False,CALL,2026-02-06,ACN
ACN260206P00235000,235.0,0.78,0.0,4.8,2.0,6.0,0.673098972167969,False,PUT,2026-02-06,ACN
ACN260206P00240000,240.0,0.5,0.45,0.7,33.0,9.0,0.38867798828125,False,PUT,2026-02-06,ACN
ACN260206P00245000,245.0,0.9,0.65,1.25,3.0,14.0,0.3746400427246094,False,PUT,2026-02-06,ACN
ACN260206P00250000,250.0,1.8,1.5,2.15,8.0,37.0,0.36084623535156246,False,PUT,2026-02-06,ACN
ACN260206P00255000,255.0,3.5,2.7,3.7,33.0,26.0,0.3577945080566406,False,PUT,2026-02-06,ACN
ACN260206P00260000,260.0,2.75,4.8,6.0,1.0,25.0,0.3610903735351562,True,PUT,2026-02-06,ACN
ACN260206P00262500,262.5,6.75,6.2,7.3,2.0,30.0,0.3562076098632812,True,PUT,2026-02-06,ACN
ACN260206P00265000,265.0,8.4,7.9,9.0,75.0,171.0,0.366217275390625,True,PUT,2026-02-06,ACN
ACN260206P00270000,270.0,12.65,11.6,13.6,3.0,50.0,0.44446356323242187,True,PUT,2026-02-06,ACN
ACN260206P00272500,272.5,4.9,12.7,15.6,1.0,2.0,0.45508357421875,True,PUT,2026-02-06,ACN
ACN260206P00275000,275.0,16.91,16.2,18.0,4.0,44.0,0.4914601635742188,True,PUT,2026-02-06,ACN
ACN260206P00277500,277.5,12.5,17.6,20.7,1.0,7.0,0.5495650512695314,True,PUT,2026-02-06,ACN
ACN260206P00280000,280.0,16.95,20.0,23.2,2.0,66.0,0.5905802661132813,True,PUT,2026-02-06,ACN
ACN260206P00282500,282.5,8.25,22.4,25.8,10.0,11.0,0.63867548828125,True,PUT,2026-02-06,ACN
ACN260206P00285000,285.0,10.03,24.9,28.2,1.0,36.0,0.5070850073242188,True,PUT,2026-02-06,ACN
ACN260206P00290000,290.0,14.5,29.9,33.2,1.0,21.0,0.5715374877929689,True,PUT,2026-02-06,ACN
ACN260206P00300000,300.0,15.98,39.9,43.3,1.0,0.0,0.6987334814453126,True,PUT,2026-02-06,ACN
ACN260206P00320000,320.0,50.36,58.8,63.3,1.0,0.0,0.8166522241210936,True,PUT,2026-02-06,ACN
ACN260213C00260000,260.0,30.45,5.6,6.5,,50.0,0.3050606604003906,False,CALL,2026-02-13,ACN
ACN260213C00265000,265.0,18.78,3.6,4.3,3.0,13.0,0.3009103112792969,False,CALL,2026-02-13,ACN
ACN260213C00270000,270.0,2.76,2.15,2.65,11.0,7.0,0.2954172021484375,False,CALL,2026-02-13,ACN
ACN260213C00275000,275.0,2.1,1.15,1.9,10.0,12.0,0.31580274047851553,False,CALL,2026-02-13,ACN
ACN260213C00280000,280.0,0.9,0.45,1.1,10.0,48.0,0.3122627368164062,False,CALL,2026-02-13,ACN
ACN260213C00285000,285.0,1.3,0.3,1.6,1.0,48.0,0.40479110839843746,False,CALL,2026-02-13,ACN
ACN260213C00290000,290.0,0.4,0.1,1.2,2.0,92.0,0.41870698486328123,False,CALL,2026-02-13,ACN
ACN260213C00295000,295.0,0.56,0.0,1.7,2.0,22.0,0.5112353564453125,False,CALL,2026-02-13,ACN
ACN260213C00300000,300.0,0.3,0.0,0.35,1.0,51.0,0.38867798828125,False,CALL,2026-02-13,ACN
ACN260213C00305000,305.0,0.23,0.0,0.25,5.0,59.0,0.40039662109375,False,CALL,2026-02-13,ACN
ACN260213C00310000,310.0,0.98,0.0,1.5,5.0,24.0,0.5312546875,False,CALL,2026-02-13,ACN
ACN260213C00315000,315.0,0.2,0.0,4.8,1.0,53.0,0.7523218127441407,False,CALL,2026-02-13,ACN
ACN260213P00230000,230.0,0.21,0.0,4.8,1.0,2.0,0.5749554223632812,False,PUT,2026-02-13,ACN
ACN260213P00240000,240.0,1.83,0.95,4.8,,1.0,0.5861857788085938,False,PUT,2026-02-13,ACN
ACN260213P00245000,245.0,1.25,1.5,2.1,2.0,1.0,0.3415593188476562,False,PUT,2026-02-13,ACN
ACN260213P00250000,250.0,2.25,2.45,3.0,13.0,12.0,0.31915964050292955,False,PUT,2026-02-13,ACN
ACN260213P00255000,255.0,3.75,4.2,4.7,2.0,17.0,0.3171455004882812,False,PUT,2026-02-13,ACN
ACN260213P00260000,260.0,4.83,6.6,7.5,56.0,106.0,0.3399724206542969,True,PUT,2026-02-13,ACN
ACN260213P00265000,265.0,10.47,9.3,10.4,83.0,78.0,0.3417424224853516,True,PUT,2026-02-13,ACN
ACN260213P00270000,270.0,6.6,12.6,13.8,1.0,51.0,0.3438786315917969,True,PUT,2026-02-13,ACN
ACN260213P00275000,275.0,7.0,16.1,18.6,2.0,6.0,0.4030821411132813,True,PUT,2026-02-13,ACN
ACN260213P00280000,280.0,13.4,20.8,23.0,1.0,12.0,0.43054768676757815,True,PUT,2026-02-13,ACN
ACN260213P00300000,300.0,25.02,39.9,43.1,,3.0,0.5137988073730468,True,PUT,2026-02-13,ACN
ACN260213P00310000,310.0,36.41,48.8,53.3,,0.0,0.5395553857421876,True,PUT,2026-02-13,ACN
ACN260213P00315000,315.0,27.15,53.8,58.3,,0.0,0.5766643896484375,True,PUT,2026-02-13,ACN
ACN260220C00185000,185.0,64.9,65.2,68.9,1.0,1.0,1.0000000000000003e-05,True,CALL,2026-02-20,ACN
ACN260220C00195000,195.0,58.66,50.5,52.4,,1.0,1.0000000000000003e-05,True,CALL,2026-02-20,ACN
ACN260220C00200000,200.0,83.0,57.5,60.8,2.0,3.0,0.6779817358398439,True,CALL,2026-02-20,ACN
ACN260220C00210000,210.0,43.33,0.0,59.4,2.0,2.0,1.1864054351806639,True,CALL,2026-02-20,ACN
ACN260220C00215000,215.0,39.9,50.6,54.5,,1.0,1.0052539971923828,True,CALL,2026-02-20,ACN
ACN260220C00220000,220.0,67.7,37.8,41.2,9.0,4.0,0.5144091528320311,True,CALL,2026-02-20,ACN
ACN260220C00225000,225.0,32.06,31.0,32.6,2.0,1.0,1.0000000000000003e-05,True,CALL,2026-02-20,ACN
ACN260220C00230000,230.0,46.5,28.5,30.8,1.0,11.0,0.37305314453125,True,CALL,2026-02-20,ACN
ACN260220C00235000,235.0,43.3,25.2,26.4,1.0,23.0,0.370123486328125,True,CALL,2026-02-20,ACN
ACN260220C00240000,240.0,38.19,20.7,22.2,1.0,106.0,0.36438623901367195,True,CALL,2026-02-20,ACN
ACN260220C00245000,245.0,43.34,16.7,17.8,1.0,158.0,0.3345403460693359,True,CALL,2026-02-20,ACN
ACN260220C00250000,250.0,24.9,12.8,13.9,6.0,216.0,0.31763377685546873,True,CALL,2026-02-20,ACN
ACN260220C00255000,255.0,13.75,9.6,11.2,3.0,218.0,0.3342962078857422,True,CALL,2026-02-20,ACN
ACN260220C00260000,260.0,7.5,6.8,8.2,3.0,848.0,0.3198310205078124,False,CALL,2026-02-20,ACN
ACN260220C00262500,262.5,7.67,5.6,6.8,1.0,1.0,0.30976032043457036,False,CALL,2026-02-20,ACN
ACN260220C00265000,265.0,5.37,4.8,5.8,5.0,320.0,0.3104317004394531,False,CALL,2026-02-20,ACN
ACN260220C00267500,267.5,4.38,3.8,4.8,2.0,29.0,0.3064644549560547,False,CALL,2026-02-20,ACN
ACN260220C00270000,270.0,3.55,3.2,3.9,26.0,486.0,0.30170376037597657,False,CALL,2026-02-20,ACN
ACN260220C00275000,275.0,2.4,1.95,2.65,4.0,509.0,0.3021920367431641,False,CALL,2026-02-20,ACN
ACN260220C00277500,277.5,1.81,1.5,2.2,3.0,390.0,0.3045723840332031,False,CALL,2026-02-20,ACN
ACN260220C00280000,280.0,1.42,1.25,1.7,13.0,1085.0,0.299811689453125,False,CALL,2026-02-20,ACN
ACN260220C00282500,282.5,1.34,0.95,1.6,6.0,300.0,0.31604687866210934,False,CALL,2026-02-20,ACN
ACN260220C00285000,285.0,1.25,0.8,1.1,22.0,1089.0,0.301764794921875,False,CALL,2026-02-20,ACN
ACN260220C00287500,287.5,5.45,0.6,2.55,8.0,24.0,0.4185849157714844,False,CALL,2026-02-20,ACN
ACN260220C00290000,290.0,0.66,0.45,0.75,116.0,1996.0,0.30933307861328124,False,CALL,2026-02-20,ACN
ACN260220C00292500,292.5,1.0,0.35,0.7,2.0,22.0,0.3220282641601562,False,CALL,2026-02-20,ACN
ACN260220C00295000,295.0,0.4,0.25,0.55,126.0,1563.0,0.3217841259765625,False,CALL,2026-02-20,ACN
ACN260220C00297500,297.5,2.5,0.15,0.85,4.0,63.0,0.37244279907226563,False,CALL,2026-02-20,ACN
ACN260220C00300000,300.0,0.16,0.15,0.25,33.0,942.0,0.30542686767578126,False,CALL,2026-02-20,ACN
ACN260220C00302500,302.5,0.9,0.0,1.0,1.0,7.0,0.42200285034179685,False,CALL,2026-02-20,ACN
ACN260220C00305000,305.0,0.15,0.1,0.2,20.0,1294.0,0.3217841259765625,False,CALL,2026-02-20,ACN
ACN260220C00310000,310.0,0.16,0.05,0.15,5.0,560.0,0.33399103515625,False,CALL,2026-02-20,ACN
ACN260220C00315000,315.0,0.08,0.0,0.65,3.0,556.0,0.4602104760742188,False,CALL,2026-02-20,ACN
ACN260220C00320000,320.0,0.1,0.05,0.15,2.0,908.0,0.383795224609375,False,CALL,2026-02-20,ACN
ACN260220C00325000,325.0,0.05,0.0,0.15,1.0,113.0,0.40820904296875,False,CALL,2026-02-20,ACN
ACN260220C00330000,330.0,0.1,0.05,0.3,1.0,337.0,0.477544287109375,False,CALL,2026-02-20,ACN
ACN260220C00335000,335.0,0.55,0.0,0.55,30.0,45.0,0.5551802294921876,False,CALL,2026-02-20,ACN
ACN260220P00185000,185.0,0.17,0.0,0.65,1.0,200.0,0.6796907031250001,False,PUT,2026-02-20,ACN
ACN260220P00190000,190.0,0.97,0.0,0.0,2.0,262.0,0.2500075,False,PUT,2026-02-20,ACN
ACN260220P00195000,195.0,1.35,0.0,0.0,2.0,183.0,0.2500075,False,PUT,2026-02-20,ACN
ACN260220P00200000,200.0,0.05,0.0,0.5,1.0,236.0,0.5200243310546875,False,PUT,2026-02-20,ACN
ACN260220P00205000,205.0,0.45,0.0,0.25,,7.0,0.477544287109375,False,PUT,2026-02-20,ACN
ACN260220P00210000,210.0,0.25,0.0,0.15,1.0,266.0,0.4023497265625,False,PUT,2026-02-20,ACN
ACN260220P00215000,215.0,0.25,0.0,0.6,1.0,253.0,0.4633842724609375,False,PUT,2026-02-20,ACN
ACN260220P00220000,220.0,0.28,0.0,0.75,1.0,384.0,0.4379939013671875,False,PUT,2026-02-20,ACN
ACN260220P00225000,225.0,0.1,0.35,0.65,1.0,311.0,0.37793590820312495,False,PUT,2026-02-20,ACN
ACN260220P00230000,230.0,0.79,0.45,0.8,7.0,322.0,0.348639326171875,False,PUT,2026-02-20,ACN
ACN260220P00235000,235.0,0.75,0.9,1.45,11.0,503.0,0.3557193334960937,False,PUT,2026-02-20,ACN
ACN260220P00240000,240.0,1.47,1.45,2.1,4.0,541.0,0.3438786315917969,False,PUT,2026-02-20,ACN
ACN260220P00245000,245.0,2.33,2.3,3.0,52.0,366.0,0.33234310241699216,False,PUT,2026-02-20,ACN
ACN260220P00250000,250.0,4.1,3.7,4.3,384.0,1177.0,0.3245306805419921,False,PUT,2026-02-20,ACN
ACN260220P00255000,255.0,2.55,5.5,6.5,1.0,904.0,0.3365544860839844,False,PUT,2026-02-20,ACN
ACN260220P00260000,260.0,7.85,7.7,8.6,236.0,990.0,0.32581240600585937,True,PUT,2026-02-20,ACN
ACN260220P00262500,262.5,8.3,8.5,10.0,1.0,48.0,0.32739930419921875,True,PUT,2026-02-20,ACN
ACN260220P00265000,265.0,10.0,10.0,11.5,35.0,1174.0,0.3283758569335937,True,PUT,2026-02-20,ACN
ACN260220P00267500,267.5,12.4,11.5,13.1,14.0,6.0,0.32910827148437494,True,PUT,2026-02-20,ACN
ACN260220P00270000,270.0,14.11,13.8,14.9,6.0,376.0,0.33386896606445315,True,PUT,2026-02-20,ACN
ACN260220P00272500,272.5,4.3,14.9,16.5,2.0,3.0,0.3258734405517578,True,PUT,2026-02-20,ACN
ACN260220P00275000,275.0,17.3,17.3,19.1,5.0,232.0,0.35938140625,True,PUT,2026-02-20,ACN
ACN260220P00277500,277.5,15.23,19.2,21.5,1.0,28.0,0.3825745336914062,True,PUT,2026-02-20,ACN
ACN260220P00280000,280.0,20.53,20.8,23.4,1.0,74.0,0.37964487548828124,True,PUT,2026-02-20,ACN
ACN260220P00282500,282.5,10.8,23.1,25.7,6.0,15.0,0.3942931665039063,True,PUT,2026-02-20,ACN
ACN260220P00285000,285.0,9.11,25.2,27.8,3.0,221.0,0.3961242028808594,True,PUT,2026-02-20,ACN
ACN260220P00287500,287.5,9.0,27.6,30.2,,15.0,0.41309180664062495,True,PUT,2026-02-20,ACN
ACN260220P00290000,290.0,26.23,30.0,32.6,1.0,128.0,0.4290828576660156,True,PUT,2026-02-20,ACN
ACN260220P00295000,295.0,23.2,34.9,38.3,1.0,35.0,0.5142870837402342,True,PUT,2026-02-20,ACN
ACN260220P00300000,300.0,18.6,39.9,43.1,2.0,30.0,0.5441940112304688,True,PUT,2026-02-20,ACN
ACN260220P00305000,305.0,20.0,43.8,48.3,1.0,1.0,0.5970499279785157,True,PUT,2026-02-20,ACN
ACN260220P00310000,310.0,27.81,49.0,53.2,1.0,0.0,0.6295203063964845,True,PUT,2026-02-20,ACN
ACN260220P00315000,315.0,26.72,53.8,58.3,1.0,0.0,0.6737093176269533,True,PUT,2026-02-20,ACN
ACN260220P00320000,320.0,47.0,59.0,63.2,1.0,0.0,0.5173388110351562,True,PUT,2026-02-20,ACN
ACN260220P00325000,325.0,40.3,64.0,68.3,1.0,0.0,0.5532271240234375,True,PUT,2026-02-20,ACN
ACN260220P00330000,330.0,59.4,68.8,73.3,1.0,1.0,0.5686078295898438,True,PUT,2026-02-20,ACN
ACN260227C00255000,255.0,27.05,10.7,12.1,,2.0,0.32398136962890617,True,CALL,2026-02-27,ACN
ACN260227C00270000,270.0,4.4,3.8,4.7,20.0,10.0,0.2938913385009765,False,CALL,2026-02-27,ACN
ACN260227C00275000,275.0,5.09,2.35,4.0,1.0,19.0,0.3203803314208984,False,CALL,2026-02-27,ACN
ACN260227C00280000,280.0,2.15,1.65,2.2,38.0,33.0,0.2880930566406249,False,CALL,2026-02-27,ACN
ACN260227C00285000,285.0,2.08,1.05,1.8,2.0,34.0,0.30713583496093744,False,CALL,2026-02-27,ACN
ACN260227C00290000,290.0,1.0,0.6,1.0,2.0,162.0,0.29114478393554677,False,CALL,2026-02-27,ACN
ACN260227C00295000,295.0,0.7,0.3,1.05,3.0,62.0,0.32739930419921875,False,CALL,2026-02-27,ACN
ACN260227C00300000,300.0,0.7,0.1,0.8,3.0,34.0,0.3364324169921875,False,CALL,2026-02-27,ACN
ACN260227C00305000,305.0,0.4,0.05,0.9,1.0,58.0,0.37500625,False,CALL,2026-02-27,ACN
ACN260227C00310000,310.0,1.5,0.0,2.5,,6.0,0.5239305419921875,False,CALL,2026-02-27,ACN
ACN260227C00315000,315.0,1.3,0.0,4.8,,5.0,0.5494429821777345,False,CALL,2026-02-27,ACN
ACN260227C00320000,320.0,1.56,0.0,4.8,,1.0,0.580204393310547,False,CALL,2026-02-27,ACN
ACN260227P00245000,245.0,2.33,2.95,3.5,2.0,39.0,0.3128120477294921,False,PUT,2026-02-27,ACN
ACN260227P00250000,250.0,4.53,4.4,5.0,65.0,7.0,0.31073687316894527,False,PUT,2026-02-27,ACN
ACN260227P00255000,255.0,6.63,6.1,6.7,57.0,18.0,0.3016427258300781,False,PUT,2026-02-27,ACN
ACN260227P00260000,260.0,9.18,8.2,9.1,87.0,35.0,0.30213100219726563,True,PUT,2026-02-27,ACN
ACN260227P00265000,265.0,6.17,11.3,12.6,3.0,31.0,0.32520206054687495,True,PUT,2026-02-27,ACN
ACN260227P00270000,270.0,14.0,13.8,15.7,2.0,10.0,0.32141791870117187,True,PUT,2026-02-27,ACN
ACN260227P00275000,275.0,11.12,17.5,19.4,1.0,12.0,0.32660585510253903,True,PUT,2026-02-27,ACN
ACN260227P00280000,280.0,8.08,21.0,23.7,5.0,16.0,0.3455875988769531,True,PUT,2026-02-27,ACN
ACN260227P00285000,285.0,17.0,25.5,28.1,1.0,14.0,0.36157864990234373,True,PUT,2026-02-27,ACN
ACN260227P00290000,290.0,13.3,30.1,33.6,1.0,1.0,0.42627526855468756,True,PUT,2026-02-27,ACN
ACN260227P00295000,295.0,21.4,34.5,38.3,1.0,3.0,0.4503228796386719,True,PUT,2026-02-27,ACN
ACN260227P00300000,300.0,25.0,38.9,43.2,,2.0,0.4819387744140625,True,PUT,2026-02-27,ACN
ACN260227P00310000,310.0,32.79,48.8,53.3,,1.0,0.5570112658691408,True,PUT,2026-02-27,ACN
ACN260227P00320000,320.0,35.7,59.0,63.2,1.0,0.0,0.6157264990234376,True,PUT,2026-02-27,ACN
ACN260227P00330000,330.0,51.5,68.9,73.2,3.0,0.0,0.6763948376464846,True,PUT,2026-02-27,ACN
ACN260306C00285000,285.0,2.5,1.65,2.7,100.0,2.0,0.31867136413574215,False,CALL,2026-03-06,ACN
ACN260306C00290000,290.0,4.45,1.0,1.95,5.0,19.0,0.3178779150390625,False,CALL,2026-03-06,ACN
ACN260306C00295000,295.0,1.3,0.75,1.5,2.0,4.0,0.32434757690429683,False,CALL,2026-03-06,ACN
ACN260306C00300000,300.0,5.33,0.1,1.25,,69.0,0.33740896972656254,False,CALL,2026-03-06,ACN
ACN260306C00310000,310.0,1.75,0.0,4.8,2.0,15.0,0.5836223278808592,False,CALL,2026-03-06,ACN
ACN260306P00245000,245.0,3.88,3.8,5.0,1.0,27.0,0.33765310791015624,False,PUT,2026-03-06,ACN
ACN260306P00250000,250.0,5.2,5.2,6.6,1.0,25.0,0.3333196551513672,False,PUT,2026-03-06,ACN
ACN260306P00260000,260.0,5.02,9.2,11.0,1.0,3.0,0.32971861694335935,True,PUT,2026-03-06,ACN
ACN260306P00265000,265.0,8.41,11.6,13.6,1.0,10.0,0.32349309326171866,True,PUT,2026-03-06,ACN
ACN260306P00270000,270.0,11.76,15.1,16.6,1.0,7.0,0.3184882604980468,True,PUT,2026-03-06,ACN
ACN260306P00330000,330.0,54.5,69.0,73.2,1.0,0.0,0.6090126989746094,True,PUT,2026-03-06,ACN
ACN260320C00185000,185.0,67.29,66.2,69.9,2.0,0.0,1.0000000000000003e-05,True,CALL,2026-03-20,ACN
ACN260320C00190000,190.0,62.46,76.6,79.5,2.0,5.0,0.9573368524169921,True,CALL,2026-03-20,ACN
ACN260320C00195000,195.0,89.8,63.4,66.9,2.0,1.0,0.5824016369628906,True,CALL,2026-03-20,ACN
ACN260320C00200000,200.0,84.0,58.7,62.1,1.0,33.0,0.5555464367675782,True,CALL,2026-03-20,ACN
ACN260320C00210000,210.0,63.22,49.2,52.7,1.0,5.0,0.5093432855224609,True,CALL,2026-03-20,ACN
ACN260320C00220000,220.0,64.34,40.9,43.3,1.0,22.0,0.4554497814941406,True,CALL,2026-03-20,ACN
ACN260320C00230000,230.0,44.08,31.7,34.3,1.0,62.0,0.40991801025390623,True,CALL,2026-03-20,ACN
ACN260320C00235000,235.0,41.6,27.9,31.5,3.0,4.0,0.4400080413818359,True,CALL,2026-03-20,ACN
ACN260320C00240000,240.0,29.75,25.4,26.5,2.0,396.0,0.3905700592041016,True,CALL,2026-03-20,ACN
ACN260320C00245000,245.0,38.6,21.1,24.1,,1.0,0.41568577484130853,True,CALL,2026-03-20,ACN
ACN260320C00250000,250.0,22.5,18.8,19.4,1.0,791.0,0.3682314154052735,True,CALL,2026-03-20,ACN
ACN260320C00255000,255.0,16.2,15.7,16.5,10.0,2.0,0.3648745153808594,True,CALL,2026-03-20,ACN
ACN260320C00260000,260.0,15.0,13.1,14.0,1.0,982.0,0.36463037719726565,False,CALL,2026-03-20,ACN
ACN260320C00265000,265.0,11.48,11.0,12.2,17.0,30.0,0.37531142272949214,False,CALL,2026-03-20,ACN
ACN260320C00270000,270.0,9.0,8.9,9.5,73.0,1140.0,0.35547519531249994,False,CALL,2026-03-20,ACN
ACN260320C00275000,275.0,7.4,7.1,7.6,20.0,81.0,0.34924967163085935,False,CALL,2026-03-20,ACN
ACN260320C00280000,280.0,5.8,5.4,6.1,84.0,1068.0,0.3469303588867187,False,CALL,2026-03-20,ACN
ACN260320C00285000,285.0,4.44,4.2,4.8,70.0,154.0,0.3435124243164062,False,CALL,2026-03-20,ACN
ACN260320C00290000,290.0,3.43,3.1,3.8,17.0,786.0,0.34290207885742185,False,CALL,2026-03-20,ACN
ACN260320C00295000,295.0,3.18,2.4,3.7,6.0,92.0,0.3699403826904296,False,CALL,2026-03-20,ACN
ACN260320C00300000,300.0,2.16,2.0,2.2,220.0,1201.0,0.3365544860839844,False,CALL,2026-03-20,ACN
ACN260320C00305000,305.0,3.0,1.2,1.75,5.0,178.0,0.33960621337890623,False,CALL,2026-03-20,ACN
ACN260320C00310000,310.0,1.25,1.05,1.4,65.0,1269.0,0.34326828613281246,False,CALL,2026-03-20,ACN
ACN260320C00315000,315.0,1.05,0.95,1.2,2.0,106.0,0.3526676062011719,False,CALL,2026-03-20,ACN
ACN260320C00320000,320.0,0.8,0.6,0.8,2.0,573.0,0.3425358715820312,False,CALL,2026-03-20,ACN
ACN260320C00325000,325.0,1.0,0.4,1.55,23.0,7306.0,0.4185849157714844,False,CALL,2026-03-20,ACN
ACN260320C00330000,330.0,1.19,0.3,1.25,7.0,303.0,0.4184628466796875,False,CALL,2026-03-20,ACN
ACN260320C00335000,335.0,1.26,0.15,1.05,2.0,9.0,0.4222469885253906,False,CALL,2026-03-20,ACN
ACN260320P00185000,185.0,1.65,0.0,0.0,1.0,28.0,0.2500075,False,PUT,2026-03-20,ACN
ACN260320P00190000,190.0,0.93,0.0,0.65,1.0,57.0,0.47949739257812496,False,PUT,2026-03-20,ACN
ACN260320P00195000,195.0,0.3,0.0,0.85,1.0,35.0,0.47022014160156256,False,PUT,2026-03-20,ACN
ACN260320P00200000,200.0,0.5,0.45,0.8,2.0,542.0,0.43018147949218755,False,PUT,2026-03-20,ACN
ACN260320P00205000,205.0,0.33,0.2,1.1,2.0,2.0,0.42529871582031253,False,PUT,2026-03-20,ACN
ACN260320P00210000,210.0,0.6,0.9,1.25,3.0,221.0,0.40259386474609377,False,PUT,2026-03-20,ACN
ACN260320P00215000,215.0,1.42,0.9,1.75,5.0,13.0,0.4012511047363281,False,PUT,2026-03-20,ACN
ACN260320P00220000,220.0,1.87,1.7,2.15,9.0,814.0,0.3869690209960937,False,PUT,2026-03-20,ACN
ACN260320P00225000,225.0,2.72,2.35,3.0,6.0,6.0,0.38941040283203127,False,PUT,2026-03-20,ACN
ACN260320P00230000,230.0,2.07,3.1,3.6,3.0,519.0,0.37329728271484375,False,PUT,2026-03-20,ACN
ACN260320P00235000,235.0,3.51,4.1,5.0,1.0,45.0,0.38129280822753897,False,PUT,2026-03-20,ACN
ACN260320P00240000,240.0,4.52,5.4,5.8,12.0,1733.0,0.3609072698974609,False,PUT,2026-03-20,ACN
ACN260320P00245000,245.0,6.8,6.9,7.8,3.0,74.0,0.3712221081542969,False,PUT,2026-03-20,ACN
ACN260320P00250000,250.0,9.2,8.5,9.1,62.0,1191.0,0.35333898620605464,False,PUT,2026-03-20,ACN
ACN260320P00255000,255.0,11.4,10.5,11.3,98.0,392.0,0.35321691711425773,False,PUT,2026-03-20,ACN
ACN260320P00260000,260.0,13.25,12.8,13.4,14.0,820.0,0.34290207885742185,True,PUT,2026-03-20,ACN
ACN260320P00265000,265.0,15.5,15.4,17.0,11.0,77.0,0.36389796264648444,True,PUT,2026-03-20,ACN
ACN260320P00270000,270.0,15.8,18.4,19.7,5.0,674.0,0.35440709075927723,True,PUT,2026-03-20,ACN
ACN260320P00275000,275.0,22.0,21.3,23.1,4.0,82.0,0.35642123077392573,True,PUT,2026-03-20,ACN
ACN260320P00280000,280.0,20.72,24.6,27.3,1.0,369.0,0.3748231463623046,True,PUT,2026-03-20,ACN
ACN260320P00285000,285.0,14.4,28.6,29.4,4.0,84.0,0.32257757507324214,True,PUT,2026-03-20,ACN
ACN260320P00290000,290.0,30.15,31.8,33.6,2.0,483.0,0.32697206237792964,True,PUT,2026-03-20,ACN
ACN260320P00295000,295.0,26.63,36.6,37.9,1.0,10.0,0.3293524096679687,True,PUT,2026-03-20,ACN
ACN260320P00300000,300.0,37.5,41.1,43.6,1.0,150.0,0.38587039916992183,True,PUT,2026-03-20,ACN
ACN260320P00305000,305.0,24.45,45.2,47.6,1.0,12.0,0.3698793481445312,True,PUT,2026-03-20,ACN
ACN260320P00310000,310.0,46.56,50.0,52.6,1.0,59.0,0.39502558105468755,True,PUT,2026-03-20,ACN
ACN260320P00315000,315.0,36.2,54.9,58.4,,1.0,0.45703667968750006,True,PUT,2026-03-20,ACN
ACN260320P00320000,320.0,49.9,59.0,63.2,1.0,53.0,0.47235635070800785,True,PUT,2026-03-20,ACN
ACN260320P00325000,325.0,42.5,63.9,68.4,,5.0,0.5054370745849608,True,PUT,2026-03-20,ACN
ACN260320P00330000,330.0,43.0,68.8,73.3,1.0,19.0,0.5236864038085938,True,PUT,2026-03-20,ACN
ACN260417C00225000,225.0,67.65,38.4,40.9,,1.0,0.4141904284667969,True,CALL,2026-04-17,ACN
ACN260417C00275000,275.0,11.3,9.2,10.4,1.0,1.0,0.34180345703125,False,CALL,2026-04-17,ACN
ACN260417C00280000,280.0,8.75,7.6,8.4,5.0,12.0,0.33173275695800786,False,CALL,2026-04-17,ACN
ACN260417C00285000,285.0,6.44,5.3,7.2,1.0,11.0,0.3350286224365234,False,CALL,2026-04-17,ACN
ACN260417C00290000,290.0,5.53,5.1,5.8,10.0,204.0,0.3290472369384765,False,CALL,2026-04-17,ACN
ACN260417C00295000,295.0,8.4,4.0,4.7,3.0,6.0,0.3259344750976562,False,CALL,2026-04-17,ACN
ACN260417C00300000,300.0,3.65,3.5,3.8,191.0,5221.0,0.32379826599121087,False,CALL,2026-04-17,ACN
ACN260417C00305000,305.0,4.5,2.65,3.6,5.0,7.0,0.34009448974609374,False,CALL,2026-04-17,ACN
ACN260417C00310000,310.0,2.45,2.15,2.75,2.0,13.0,0.3321599987792969,False,CALL,2026-04-17,ACN
ACN260417C00315000,315.0,4.2,1.65,3.2,1.0,23.0,0.36865865722656255,False,CALL,2026-04-17,ACN
ACN260417C00320000,320.0,3.7,1.15,3.3,1.0,28.0,0.392034888305664,False,CALL,2026-04-17,ACN
ACN260417C00325000,325.0,1.65,0.95,2.45,4.0,309.0,0.37793590820312495,False,CALL,2026-04-17,ACN
ACN260417C00330000,330.0,2.1,0.8,1.35,3.0,169.0,0.34204759521484374,False,CALL,2026-04-17,ACN
ACN260417C00335000,335.0,2.3,0.6,1.6,17.0,18.0,0.372076591796875,False,CALL,2026-04-17,ACN
ACN260417P00200000,200.0,1.02,0.7,1.55,5.0,4.0,0.4010069665527344,False,PUT,2026-04-17,ACN
ACN260417P00210000,210.0,0.79,1.0,2.6,,31.0,0.394110062866211,False,PUT,2026-04-17,ACN
ACN260417P00215000,215.0,1.02,2.3,3.2,,1.0,0.3866638482666015,False,PUT,2026-04-17,ACN
ACN260417P00220000,220.0,3.5,3.0,3.9,1.0,6.0,0.37879039184570307,False,PUT,2026-04-17,ACN
ACN260417P00225000,225.0,3.1,3.8,4.8,1.0,7.0,0.3733583172607422,False,PUT,2026-04-17,ACN
ACN260417P00230000,230.0,5.15,5.0,5.9,1.0,18.0,0.36914693359375,False,PUT,2026-04-17,ACN
ACN260417P00235000,235.0,6.5,6.2,6.9,1.0,3.0,0.3577029562377929,False,PUT,2026-04-17,ACN
ACN260417P00240000,240.0,7.8,7.7,8.2,3.0,4.0,0.3498600170898437,False,PUT,2026-04-17,ACN
ACN260417P00245000,245.0,9.8,9.3,9.8,20.0,6.0,0.34455001159667964,False,PUT,2026-04-17,ACN
ACN260417P00250000,250.0,11.6,11.2,11.8,47.0,91.0,0.3431767343139648,False,PUT,2026-04-17,ACN
ACN260417P00255000,255.0,13.5,13.1,13.9,38.0,74.0,0.33884328155517573,False,PUT,2026-04-17,ACN
ACN260417P00260000,260.0,14.7,15.7,16.8,32.0,113.0,0.3461979443359374,True,PUT,2026-04-17,ACN
ACN260417P00265000,265.0,17.0,18.2,19.5,52.0,55.0,0.3443669079589844,True,PUT,2026-04-17,ACN
ACN260417P00270000,270.0,21.54,20.9,22.4,19.0,28.0,0.3418644915771484,True,PUT,2026-04-17,ACN
ACN260417P00275000,275.0,21.9,23.9,25.0,1.0,16.0,0.3280096496582031,True,PUT,2026-04-17,ACN
ACN260417P00280000,280.0,24.7,27.1,29.8,1.0,21.0,0.35773347351074214,True,PUT,2026-04-17,ACN
ACN260417P00285000,285.0,18.6,30.8,33.3,5.0,1520.0,0.3552310571289062,True,PUT,2026-04-17,ACN
ACN260417P00290000,290.0,20.2,34.1,36.6,2.0,24.0,0.34323776885986323,True,PUT,2026-04-17,ACN
ACN260417P00320000,320.0,49.07,59.3,63.6,1.0,1.0,0.3942931665039063,True,PUT,2026-04-17,ACN
ACN260515C00185000,185.0,77.37,0.0,0.0,1.0,1.0,1.0000000000000003e-05,True,CALL,2026-05-15,ACN
ACN260515C00195000,195.0,55.67,73.1,76.1,3.0,2.0,0.6687655194091797,True,CALL,2026-05-15,ACN
ACN260515C00200000,200.0,65.82,60.4,63.7,1.0,4.0,0.4478204632568359,True,CALL,2026-05-15,ACN
ACN260515C00205000,205.0,46.44,0.0,67.0,1.0,1.0,0.6549717120361329,True,CALL,2026-05-15,ACN
ACN260515C00210000,210.0,53.76,47.0,49.8,,1.0,0.1562584375,True,CALL,2026-05-15,ACN
ACN260515C00220000,220.0,45.18,43.3,46.4,1.0,1.0,0.40180041564941404,True,CALL,2026-05-15,ACN
ACN260515C00225000,225.0,53.5,39.2,43.0,1.0,7.0,0.40735455932617193,True,CALL,2026-05-15,ACN
ACN260515C00230000,230.0,47.51,36.1,38.8,1.0,17.0,0.3904479901123047,True,CALL,2026-05-15,ACN
ACN260515C00235000,235.0,59.1,32.7,35.5,1.0,15.0,0.39066161102294916,True,CALL,2026-05-15,ACN
ACN260515C00240000,240.0,41.6,29.4,31.7,1.0,63.0,0.37711194183349606,True,CALL,2026-05-15,ACN
ACN260515C00245000,245.0,50.18,26.2,28.9,1.0,74.0,0.3802552209472656,True,CALL,2026-05-15,ACN
ACN260515C00250000,250.0,40.0,22.6,25.5,1.0,87.0,0.3684145190429688,True,CALL,2026-05-15,ACN
ACN260515C00255000,255.0,36.95,20.2,23.0,4.0,28.0,0.3699403826904296,True,CALL,2026-05-15,ACN
ACN260515C00260000,260.0,20.0,17.3,20.4,9.0,106.0,0.3661257235717773,False,CALL,2026-05-15,ACN
ACN260515C00265000,265.0,19.48,15.7,16.5,6.0,33.0,0.33579155426025387,False,CALL,2026-05-15,ACN
ACN260515C00270000,270.0,14.5,13.6,14.3,21.0,623.0,0.3322515505981446,False,CALL,2026-05-15,ACN
ACN260515C00275000,275.0,12.0,11.6,12.3,5.0,55.0,0.3286810296630859,False,CALL,2026-05-15,ACN
ACN260515C00280000,280.0,12.6,9.9,10.5,1.0,177.0,0.3251715432739257,False,CALL,2026-05-15,ACN
ACN260515C00285000,285.0,14.7,7.8,8.9,7.0,162.0,0.3218451605224609,False,CALL,2026-05-15,ACN
ACN260515C00290000,290.0,8.12,6.5,7.5,7.0,211.0,0.31891550231933585,False,CALL,2026-05-15,ACN
ACN260515C00295000,295.0,7.55,5.7,7.8,3.0,132.0,0.3490055334472656,False,CALL,2026-05-15,ACN
ACN260515C00300000,300.0,5.5,4.5,5.6,10.0,269.0,0.32260809234619137,False,CALL,2026-05-15,ACN
ACN260515C00305000,305.0,5.3,2.8,4.6,2.0,168.0,0.31867136413574215,False,CALL,2026-05-15,ACN
ACN260515C00310000,310.0,4.45,3.2,4.7,1.0,345.0,0.34058276611328125,False,CALL,2026-05-15,ACN
ACN260515C00315000,315.0,3.2,2.6,3.4,2.0,156.0,0.3227606787109374,False,CALL,2026-05-15,ACN
ACN260515C00320000,320.0,5.3,2.2,3.8,2.0,111.0,0.35193519165039056,False,CALL,2026-05-15,ACN
ACN260515C00325000,325.0,2.88,1.85,3.8,1.0,99.0,0.3688417608642578,False,CALL,2026-05-15,ACN
ACN260515C00330000,330.0,5.01,1.5,2.55,5.0,209.0,0.3438175970458984,False,CALL,2026-05-15,ACN
ACN260515C00335000,335.0,3.4,1.05,2.75,10.0,37.0,0.36615624084472653,False,CALL,2026-05-15,ACN
ACN260515P00185000,185.0,1.06,0.7,1.35,1.0,3.0,0.4115049084472656,False,PUT,2026-05-15,ACN
ACN260515P00190000,190.0,0.85,0.25,1.6,2.0,11.0,0.40039662109375,False,PUT,2026-05-15,ACN
ACN260515P00195000,195.0,0.9,1.35,2.0,2.0,59.0,0.39502558105468755,False,PUT,2026-05-15,ACN
ACN260515P00200000,200.0,1.4,1.35,3.7,4.0,103.0,0.43897045410156255,False,PUT,2026-05-15,ACN
ACN260515P00205000,205.0,2.45,1.9,2.95,2.0,28.0,0.3806214282226562,False,PUT,2026-05-15,ACN
ACN260515P00210000,210.0,1.8,2.8,3.7,1.0,50.0,0.3786072882080078,False,PUT,2026-05-15,ACN
ACN260515P00215000,215.0,2.0,3.0,4.4,1.0,52.0,0.3709779699707031,False,PUT,2026-05-15,ACN
ACN260515P00220000,220.0,4.0,2.85,5.3,1.0,790.0,0.36591210266113283,False,PUT,2026-05-15,ACN
ACN260515P00225000,225.0,5.1,5.2,6.4,3.0,56.0,0.3624331335449219,False,PUT,2026-05-15,ACN
ACN260515P00230000,230.0,4.2,5.8,7.5,1.0,96.0,0.3552920916748046,False,PUT,2026-05-15,ACN
ACN260515P00235000,235.0,5.75,7.5,9.0,1.0,40.0,0.35361364166259757,False,PUT,2026-05-15,ACN
ACN260515P00240000,240.0,10.0,9.6,10.2,31.0,385.0,0.34192552612304683,False,PUT,2026-05-15,ACN
ACN260515P00245000,245.0,10.4,11.3,12.4,4.0,68.0,0.3467472552490234,False,PUT,2026-05-15,ACN
ACN260515P00250000,250.0,13.3,12.4,14.2,6.0,90.0,0.3397587997436523,False,PUT,2026-05-15,ACN
ACN260515P00255000,255.0,9.45,15.7,16.1,1.0,41.0,0.33112241149902344,False,PUT,2026-05-15,ACN
ACN260515P00260000,260.0,12.8,18.2,18.5,3.0,673.0,0.3278875805664062,True,PUT,2026-05-15,ACN
ACN260515P00265000,265.0,19.3,20.8,21.0,13.0,173.0,0.32263860961914054,True,PUT,2026-05-15,ACN
ACN260515P00270000,270.0,20.42,23.1,24.4,3.0,205.0,0.3297796514892578,True,PUT,2026-05-15,ACN
ACN260515P00275000,275.0,19.7,26.1,27.6,1.0,134.0,0.3298406860351562,True,PUT,2026-05-15,ACN
ACN260515P00280000,280.0,19.6,28.7,31.4,6.0,134.0,0.33765310791015624,True,PUT,2026-05-15,ACN
ACN260515P00285000,285.0,29.88,31.8,34.7,1.0,59.0,0.33289241333007813,True,PUT,2026-05-15,ACN
ACN260515P00290000,290.0,25.4,36.0,38.7,2.0,12.0,0.3386906951904296,True,PUT,2026-05-15,ACN
ACN260515P00295000,295.0,33.3,39.4,42.6,3.0,6.0,0.3397587997436523,True,PUT,2026-05-15,ACN
ACN260515P00300000,300.0,32.9,43.0,46.7,8.0,29.0,0.34241380249023434,True,PUT,2026-05-15,ACN
ACN260515P00305000,305.0,35.31,48.1,51.0,2.0,7.0,0.3472355316162109,True,PUT,2026-05-15,ACN
ACN260515P00310000,310.0,48.3,51.5,55.4,,2.0,0.35242346801757807,True,PUT,2026-05-15,ACN
ACN260515P00320000,320.0,55.19,60.5,63.3,,1.0,0.32947447875976554,True,PUT,2026-05-15,ACN
ACN260515P00325000,325.0,81.36,0.0,0.0,1.0,2.0,1.0000000000000003e-05,True,PUT,2026-05-15,ACN
ACN260618C00185000,185.0,74.0,83.3,0.0,1.0,2.0,1.0000000000000003e-05,True,CALL,2026-06-18,ACN
ACN260618C00190000,190.0,66.5,78.7,81.7,1.0,3.0,0.6319006536865235,True,CALL,2026-06-18,ACN
ACN260618C00195000,195.0,90.7,66.3,69.7,1.0,12.0,0.4491632232666015,True,CALL,2026-06-18,ACN
ACN260618C00200000,200.0,74.63,62.1,65.3,1.0,44.0,0.43793286682128907,True,CALL,2026-06-18,ACN
ACN260618C00210000,210.0,76.5,53.4,56.9,1.0,28.0,0.42078215942382813,True,CALL,2026-06-18,ACN
ACN260618C00220000,220.0,68.5,46.0,49.5,1.0,55.0,0.4172421557617187,True,CALL,2026-06-18,ACN
ACN260618C00230000,230.0,60.6,38.5,41.2,1.0,156.0,0.3862060891723632,True,CALL,2026-06-18,ACN
ACN260618C00240000,240.0,56.7,32.1,34.8,10.0,364.0,0.38220832641601554,True,CALL,2026-06-18,ACN
ACN260618C00250000,250.0,26.9,27.1,28.7,1.0,91.0,0.3726564199829102,True,CALL,2026-06-18,ACN
ACN260618C00260000,260.0,31.04,21.3,23.3,46.0,190.0,0.3642031353759766,False,CALL,2026-06-18,ACN
ACN260618C00270000,270.0,18.7,17.1,18.0,8.0,365.0,0.3471439797973632,False,CALL,2026-06-18,ACN
ACN260618C00280000,280.0,13.66,13.0,14.1,14.0,418.0,0.3415593188476562,False,CALL,2026-06-18,ACN
ACN260618C00290000,290.0,11.68,9.9,10.9,3.0,260.0,0.3371648315429688,False,CALL,2026-06-18,ACN
ACN260618C00300000,300.0,8.5,7.7,8.3,15.0,562.0,0.3331975860595704,False,CALL,2026-06-18,ACN
ACN260618C00310000,310.0,6.3,3.7,6.2,2.0,618.0,0.3290777542114257,False,CALL,2026-06-18,ACN
ACN260618C00320000,320.0,7.4,3.9,5.3,2.0,734.0,0.3425969061279296,False,CALL,2026-06-18,ACN
ACN260618C00330000,330.0,3.6,3.0,3.5,23.0,513.0,0.32746033874511715,False,CALL,2026-06-18,ACN
ACN260618P00185000,185.0,1.63,0.9,2.15,7.0,37.0,0.40027455200195317,False,PUT,2026-06-18,ACN
ACN260618P00190000,190.0,1.75,1.35,2.65,1.0,16.0,0.3966124792480469,False,PUT,2026-06-18,ACN
ACN260618P00195000,195.0,2.11,1.4,3.2,1.0,111.0,0.39172971557617187,False,PUT,2026-06-18,ACN
ACN260618P00200000,200.0,1.6,1.9,3.8,7.0,401.0,0.38568729553222647,False,PUT,2026-06-18,ACN
ACN260618P00210000,210.0,2.64,3.6,5.8,1.0,489.0,0.3874572973632812,False,PUT,2026-06-18,ACN
ACN260618P00220000,220.0,3.0,6.6,7.1,2.0,526.0,0.3604189935302734,False,PUT,2026-06-18,ACN
ACN260618P00230000,230.0,6.52,9.1,9.7,5.0,216.0,0.35300329620361326,False,PUT,2026-06-18,ACN
ACN260618P00240000,240.0,11.85,12.4,12.8,7.0,575.0,0.3435734588623046,False,PUT,2026-06-18,ACN
ACN260618P00250000,250.0,15.45,15.6,17.2,2.0,755.0,0.3446110461425781,False,PUT,2026-06-18,ACN
ACN260618P00260000,260.0,18.5,19.9,21.9,31.0,350.0,0.3386601779174804,True,PUT,2026-06-18,ACN
ACN260618P00270000,270.0,25.1,26.1,26.8,4.0,421.0,0.3248053359985351,True,PUT,2026-06-18,ACN
ACN260618P00280000,280.0,29.2,31.7,33.0,1.0,235.0,0.3201361932373046,True,PUT,2026-06-18,ACN
ACN260618P00290000,290.0,27.4,37.5,40.3,1.0,162.0,0.3229132650756835,True,PUT,2026-06-18,ACN
ACN260618P00300000,300.0,32.1,45.0,47.7,1.0,216.0,0.31760325958251956,True,PUT,2026-06-18,ACN
ACN260618P00310000,310.0,52.47,53.0,55.9,1.0,147.0,0.3178779150390625,True,PUT,2026-06-18,ACN
ACN260618P00320000,320.0,44.7,61.6,64.5,2.0,171.0,0.3182746395874023,True,PUT,2026-06-18,ACN
ACN260618P00330000,330.0,71.0,70.8,73.7,1.0,42.0,0.3265448205566406,True,PUT,2026-06-18,ACN
ACN260821C00225000,225.0,57.6,45.1,48.2,,1.0,0.37970591003417964,True,CALL,2026-08-21,ACN
ACN260821C00230000,230.0,63.8,42.3,45.4,1.0,4.0,0.38477177734374995,True,CALL,2026-08-21,ACN
ACN260821C00240000,240.0,59.31,35.9,38.8,,1.0,0.3736024554443359,True,CALL,2026-08-21,ACN
ACN260821C00250000,250.0,39.0,30.3,32.4,1.0,2.0,0.35855743988037114,True,CALL,2026-08-21,ACN
ACN260821C00255000,255.0,32.0,27.6,30.5,,3.0,0.36569848175048825,True,CALL,2026-08-21,ACN
ACN260821C00260000,260.0,29.0,25.1,27.1,2.0,5.0,0.351294328918457,False,CALL,2026-08-21,ACN
ACN260821C00265000,265.0,29.3,22.8,25.0,6.0,7.0,0.35205726074218746,False,CALL,2026-08-21,ACN
ACN260821C00270000,270.0,26.7,20.7,23.5,4.0,5.0,0.3587710607910156,False,CALL,2026-08-21,ACN
ACN260821C00275000,275.0,19.3,19.0,19.9,10.0,6.0,0.33661552062988287,False,CALL,2026-08-21,ACN
ACN260821C00280000,280.0,22.6,16.6,18.7,1.0,20.0,0.34372604522705075,False,CALL,2026-08-21,ACN
ACN260821C00285000,285.0,29.2,14.8,17.2,2.0,10.0,0.34537397796630853,False,CALL,2026-08-21,ACN
ACN260821C00290000,290.0,18.1,13.2,15.3,3.0,7.0,0.34006397247314457,False,CALL,2026-08-21,ACN
ACN260821C00295000,295.0,17.1,11.8,13.8,3.0,5.0,0.3384465570068359,False,CALL,2026-08-21,ACN
ACN260821C00300000,300.0,15.9,10.5,13.2,2.0,65.0,0.3479374288940429,False,CALL,2026-08-21,ACN
ACN260821C00305000,305.0,20.5,9.2,10.6,2.0,51.0,0.3272467178344727,False,CALL,2026-08-21,ACN
ACN260821C00310000,310.0,14.59,8.2,10.4,1.0,5.0,0.3401250070190429,False,CALL,2026-08-21,ACN
ACN260821C00315000,315.0,16.1,7.1,9.4,1.0,5.0,0.3398808688354492,False,CALL,2026-08-21,ACN
ACN260821C00320000,320.0,9.9,6.3,8.7,1.0,143.0,0.34314621704101556,False,CALL,2026-08-21,ACN
ACN260821C00325000,325.0,14.1,5.5,6.7,,31.0,0.32285223052978507,False,CALL,2026-08-21,ACN
ACN260821C00330000,330.0,10.7,4.9,7.4,30.0,35.0,0.34824260162353515,False,CALL,2026-08-21,ACN
ACN260821C00335000,335.0,11.1,4.2,5.2,1.0,39.0,0.31958688232421867,False,CALL,2026-08-21,ACN
ACN260821P00190000,190.0,2.28,2.2,4.3,2.0,3.0,0.3792176336669921,False,PUT,2026-08-21,ACN
ACN260821P00200000,200.0,2.8,4.8,5.9,,5.0,0.37164934997558596,False,PUT,2026-08-21,ACN
ACN260821P00205000,205.0,5.2,4.0,6.7,,2.0,0.3647829635620118,False,PUT,2026-08-21,ACN
ACN260821P00210000,210.0,5.9,5.0,7.8,,1.0,0.36215847808837887,False,PUT,2026-08-21,ACN
ACN260821P00215000,215.0,6.3,7.6,8.8,1.0,5.0,0.35550571258544916,False,PUT,2026-08-21,ACN
ACN260821P00220000,220.0,6.0,8.8,10.1,2.0,8.0,0.3523319161987304,False,PUT,2026-08-21,ACN
ACN260821P00225000,225.0,6.95,9.9,11.5,1.0,6.0,0.34870036071777344,False,PUT,2026-08-21,ACN
ACN260821P00230000,230.0,10.0,11.1,13.0,6.0,15.0,0.3446110461425781,False,PUT,2026-08-21,ACN
ACN260821P00235000,235.0,8.5,12.0,14.8,8.0,62.0,0.34299363067626953,False,PUT,2026-08-21,ACN
ACN260821P00240000,240.0,13.0,14.5,16.7,1.0,15.0,0.3406743179321289,False,PUT,2026-08-21,ACN
ACN260821P00245000,245.0,14.7,16.6,18.6,2.0,54.0,0.3363103479003906,False,PUT,2026-08-21,ACN
ACN260821P00250000,250.0,13.63,18.8,20.8,1.0,15.0,0.3340520697021484,False,PUT,2026-08-21,ACN
ACN260821P00255000,255.0,15.6,20.3,23.1,2.0,17.0,0.33112241149902344,False,PUT,2026-08-21,ACN
ACN260821P00260000,260.0,22.4,23.8,25.0,32.0,25.0,0.3210517114257812,True,PUT,2026-08-21,ACN
ACN260821P00265000,265.0,15.8,26.8,28.0,14.0,16.0,0.32330998962402335,True,PUT,2026-08-21,ACN
ACN260821P00270000,270.0,22.5,28.9,30.3,5.0,17.0,0.3145820495605468,True,PUT,2026-08-21,ACN
ACN260821P00275000,275.0,24.3,31.0,33.7,3.0,16.0,0.31809153594970696,True,PUT,2026-08-21,ACN
ACN260821P00280000,280.0,21.6,34.5,37.1,12.0,13.0,0.3198005032348632,True,PUT,2026-08-21,ACN
ACN260821P00285000,285.0,23.9,37.4,40.0,14.0,13.0,0.31308670318603515,True,PUT,2026-08-21,ACN
ACN260821P00290000,290.0,26.59,40.9,43.4,1.0,12.0,0.3111183390808105,True,PUT,2026-08-21,ACN
ACN260821P00295000,295.0,45.2,44.1,47.0,1.0,1.0,0.31012652770996096,True,PUT,2026-08-21,ACN
ACN260821P00305000,305.0,46.1,51.8,54.3,,6.0,0.3042061767578125,True,PUT,2026-08-21,ACN
ACN260918C00185000,185.0,75.85,82.9,86.1,1.0,7.0,0.504460521850586,True,CALL,2026-09-18,ACN
ACN260918C00190000,190.0,86.63,73.8,77.0,3.0,20.0,0.4252376812744141,True,CALL,2026-09-18,ACN
ACN260918C00195000,195.0,84.69,69.8,73.0,2.0,8.0,0.4213619876098633,True,CALL,2026-09-18,ACN
ACN260918C00200000,200.0,70.0,65.9,68.9,2.0,29.0,0.4138242211914062,True,CALL,2026-09-18,ACN
ACN260918C00210000,210.0,74.0,58.0,61.1,1.0,50.0,0.4018614501953125,True,CALL,2026-09-18,ACN
ACN260918C00220000,220.0,68.5,50.7,53.0,1.0,13.0,0.3797974618530273,True,CALL,2026-09-18,ACN
ACN260918C00230000,230.0,65.1,43.7,47.0,3.0,54.0,0.38349005187988283,True,CALL,2026-09-18,ACN
ACN260918C00240000,240.0,55.62,37.7,40.5,3.0,202.0,0.37283952362060546,True,CALL,2026-09-18,ACN
ACN260918C00250000,250.0,51.1,32.0,34.8,3.0,88.0,0.36643089630126957,True,CALL,2026-09-18,ACN
ACN260918C00260000,260.0,30.0,27.0,29.5,1.0,55.0,0.3587405435180664,False,CALL,2026-09-18,ACN
ACN260918C00270000,270.0,23.1,22.3,24.5,2.0,34.0,0.34857829162597653,False,CALL,2026-09-18,ACN
ACN260918C00280000,280.0,19.66,18.5,20.4,1.0,855.0,0.3431767343139648,False,CALL,2026-09-18,ACN
ACN260918C00290000,290.0,19.92,14.8,16.7,4.0,235.0,0.33660026199340826,False,CALL,2026-09-18,ACN
ACN260918C00300000,300.0,18.44,11.9,14.8,26.0,241.0,0.34729656616210935,False,CALL,2026-09-18,ACN
ACN260918C00310000,310.0,12.9,9.5,10.8,50.0,89.0,0.324652749633789,False,CALL,2026-09-18,ACN
ACN260918C00320000,320.0,14.0,7.4,10.0,1.0,112.0,0.3413151806640625,False,CALL,2026-09-18,ACN
ACN260918C00330000,330.0,13.3,5.9,8.4,8.0,60.0,0.34278000976562495,False,CALL,2026-09-18,ACN
ACN260918P00185000,185.0,2.4,3.0,4.4,2.0,26.0,0.3807434973144531,False,PUT,2026-09-18,ACN
ACN260918P00190000,190.0,2.5,3.9,5.1,1.0,110.0,0.375982802734375,False,PUT,2026-09-18,ACN
ACN260918P00195000,195.0,2.95,4.7,5.8,1.0,40.0,0.3694521063232422,False,PUT,2026-09-18,ACN
ACN260918P00200000,200.0,5.0,4.4,6.8,1.0,296.0,0.36762106994628907,False,PUT,2026-09-18,ACN
ACN260918P00210000,210.0,7.05,7.6,8.7,1.0,164.0,0.35608554077148435,False,PUT,2026-09-18,ACN
ACN260918P00220000,220.0,9.83,9.6,11.2,9.0,426.0,0.348090015258789,False,PUT,2026-09-18,ACN
ACN260918P00230000,230.0,8.55,12.8,15.3,1.0,105.0,0.3562076098632812,False,PUT,2026-09-18,ACN
ACN260918P00240000,240.0,10.75,15.6,18.1,1.0,218.0,0.33812612564086914,False,PUT,2026-09-18,ACN
ACN260918P00250000,250.0,13.6,19.6,22.2,1.0,172.0,0.3309393078613281,False,PUT,2026-09-18,ACN
ACN260918P00260000,260.0,20.8,24.1,26.9,1.0,123.0,0.3242865423583984,True,PUT,2026-09-18,ACN
ACN260918P00270000,270.0,20.35,29.5,32.0,2.0,65.0,0.3156196368408203,True,PUT,2026-09-18,ACN
ACN260918P00280000,280.0,30.5,35.6,37.9,1.0,59.0,0.30982135498046875,True,PUT,2026-09-18,ACN
ACN260918P00290000,290.0,29.76,42.5,44.8,1.0,37.0,0.30976032043457036,True,PUT,2026-09-18,ACN
ACN260918P00300000,300.0,35.9,48.5,51.8,1.0,21.0,0.30466393585205076,True,PUT,2026-09-18,ACN
ACN260918P00320000,320.0,51.28,44.6,49.0,2.0,2.0,1.0000000000000003e-05,True,PUT,2026-09-18,ACN
ACN260918P00330000,330.0,71.0,72.7,76.0,1.0,13.0,0.2988961712646484,True,PUT,2026-09-18,ACN
ACN261218C00215000,215.0,72.25,58.2,60.7,1.0,1.0,0.3807129800415039,True,CALL,2026-12-18,ACN
ACN261218C00220000,220.0,74.5,54.5,58.0,85.0,31.0,0.3859924682617187,True,CALL,2026-12-18,ACN
ACN261218C00230000,230.0,58.0,0.0,0.0,1.0,0.0,1.0000000000000003e-05,True,CALL,2026-12-18,ACN
ACN261218C00240000,240.0,47.0,0.0,0.0,3.0,4.0,1.0000000000000003e-05,True,CALL,2026-12-18,ACN
ACN261218C00245000,245.0,56.6,39.3,43.0,1.0,1.0,0.37222917816162115,True,CALL,2026-12-18,ACN
ACN261218C00250000,250.0,53.4,37.0,40.0,1.0,6.0,0.3660952062988281,True,CALL,2026-12-18,ACN
ACN261218C00255000,255.0,44.7,34.0,37.5,3.0,9.0,0.3642031353759766,True,CALL,2026-12-18,ACN
ACN261218C00260000,260.0,47.3,32.5,33.7,1.0,5.0,0.3476932907104492,False,CALL,2026-12-18,ACN
ACN261218C00265000,265.0,47.0,29.5,33.0,1.0,8.0,0.36225002990722655,False,CALL,2026-12-18,ACN
ACN261218C00270000,270.0,39.4,27.8,29.6,5.0,10.0,0.3478306184387207,False,CALL,2026-12-18,ACN
ACN261218C00275000,275.0,37.41,25.0,28.5,1.0,3.0,0.3559329544067382,False,CALL,2026-12-18,ACN
ACN261218C00280000,280.0,40.0,23.5,26.5,1.0,47.0,0.3537662280273437,False,CALL,2026-12-18,ACN
ACN261218C00290000,290.0,27.98,19.5,23.0,1.0,12.0,0.3515384671020507,False,CALL,2026-12-18,ACN
ACN261218C00300000,300.0,19.61,15.1,18.8,1.0,40.0,0.3378362115478516,False,CALL,2026-12-18,ACN
ACN261218C00310000,310.0,21.1,13.5,17.0,8.0,22.0,0.34596906478881834,False,CALL,2026-12-18,ACN
ACN261218C00320000,320.0,25.0,10.5,14.9,8.0,32.0,0.347739066619873,False,CALL,2026-12-18,ACN
ACN261218C00330000,330.0,12.59,9.7,12.6,1.0,25.0,0.34393966613769533,False,CALL,2026-12-18,ACN
ACN261218P00185000,185.0,3.7,5.6,7.5,1.0,12.0,0.38693850372314453,False,PUT,2026-12-18,ACN
ACN261218P00190000,190.0,5.3,5.4,8.6,5.0,8.0,0.3853516055297851,False,PUT,2026-12-18,ACN
ACN261218P00195000,195.0,7.6,6.2,9.4,2.0,2.0,0.37708142456054683,False,PUT,2026-12-18,ACN
ACN261218P00205000,205.0,8.6,9.3,11.0,3.0,9.0,0.3581301980590821,False,PUT,2026-12-18,ACN
ACN261218P00210000,210.0,8.4,9.8,13.8,1.0,21.0,0.3756165954589844,False,PUT,2026-12-18,ACN
ACN261218P00215000,215.0,10.8,11.0,13.6,1.0,17.0,0.34979898254394526,False,PUT,2026-12-18,ACN
ACN261218P00220000,220.0,9.9,13.2,15.0,2.0,45.0,0.34503828796386715,False,PUT,2026-12-18,ACN
ACN261218P00225000,225.0,11.15,14.4,16.6,8.0,69.0,0.3415440602111816,False,PUT,2026-12-18,ACN
ACN261218P00230000,230.0,11.2,17.1,19.0,4.0,6.0,0.34622846160888665,False,PUT,2026-12-18,ACN
ACN261218P00235000,235.0,14.6,17.8,20.9,1.0,35.0,0.34339035522460937,False,PUT,2026-12-18,ACN
ACN261218P00240000,240.0,14.2,19.5,23.5,10.0,35.0,0.34705242797851554,False,PUT,2026-12-18,ACN
ACN261218P00245000,245.0,15.3,21.5,24.8,1.0,19.0,0.33504388107299804,False,PUT,2026-12-18,ACN
ACN261218P00250000,250.0,25.0,23.7,26.3,5.0,91.0,0.324301800994873,False,PUT,2026-12-18,ACN
ACN261218P00255000,255.0,19.5,26.0,29.5,1.0,2.0,0.3303899969482421,False,PUT,2026-12-18,ACN
ACN261218P00260000,260.0,19.2,30.0,30.7,3.0,329.0,0.3143073941040039,True,PUT,2026-12-18,ACN
ACN261218P00265000,265.0,30.6,31.4,33.5,1.0,43.0,0.31366653137207035,True,PUT,2026-12-18,ACN
ACN261218P00270000,270.0,28.9,33.5,36.5,1.0,59.0,0.31378860046386714,True,PUT,2026-12-18,ACN
ACN261218P00275000,275.0,27.81,36.5,40.5,1.0,26.0,0.32294378234863275,True,PUT,2026-12-18,ACN
ACN261218P00280000,280.0,34.8,39.5,43.5,1.0,80.0,0.32068550415039054,True,PUT,2026-12-18,ACN
ACN261218P00290000,290.0,34.0,45.6,48.4,2.0,5.0,0.30110867355346677,True,PUT,2026-12-18,ACN
ACN261218P00300000,300.0,39.3,52.5,56.0,1.0,3.0,0.30524376403808595,True,PUT,2026-12-18,ACN
ACN261218P00310000,310.0,47.8,59.5,64.0,,8.0,0.31000445861816406,True,PUT,2026-12-18,ACN
ACN261218P00330000,330.0,74.0,75.5,79.0,,1.0,0.2957986680603027,True,PUT,2026-12-18,ACN
ACN270115C00185000,185.0,74.1,88.0,92.0,3.0,6.0,0.5284165811157228,True,CALL,2027-01-15,ACN
ACN270115C00190000,190.0,76.8,77.5,81.0,1.0,23.0,0.4125730130004882,True,CALL,2027-01-15,ACN
ACN270115C00195000,195.0,71.65,0.0,84.0,1.0,8.0,0.5056506954956054,True,CALL,2027-01-15,ACN
ACN270115C00200000,200.0,95.5,70.0,73.5,2.0,95.0,0.40454697021484376,True,CALL,2027-01-15,ACN
ACN270115C00210000,210.0,73.48,62.5,65.9,2.0,173.0,0.390905749206543,True,CALL,2027-01-15,ACN
ACN270115C00220000,220.0,78.1,55.5,59.0,1.0,60.0,0.38233039550781245,True,CALL,2027-01-15,ACN
ACN270115C00230000,230.0,52.66,49.6,53.0,13.0,83.0,0.3797822032165527,True,CALL,2027-01-15,ACN
ACN270115C00240000,240.0,48.64,43.5,47.0,1.0,251.0,0.372625902709961,True,CALL,2027-01-15,ACN
ACN270115C00250000,250.0,43.26,38.0,41.4,1.0,441.0,0.3655458953857422,True,CALL,2027-01-15,ACN
ACN270115C00260000,260.0,41.2,33.2,36.5,4.0,992.0,0.3614870980834961,False,CALL,2027-01-15,ACN
ACN270115C00270000,270.0,31.85,28.5,32.0,3.0,245.0,0.3573214903259277,False,CALL,2027-01-15,ACN
ACN270115C00280000,280.0,27.5,24.0,28.0,14.0,831.0,0.35416295257568353,False,CALL,2027-01-15,ACN
ACN270115C00290000,290.0,26.6,20.6,23.7,8.0,199.0,0.34421432159423826,False,CALL,2027-01-15,ACN
ACN270115C00300000,300.0,22.7,17.9,21.0,7.0,578.0,0.3465488929748534,False,CALL,2027-01-15,ACN
ACN270115C00310000,310.0,18.75,14.5,18.5,2.0,236.0,0.34766277343749996,False,CALL,2027-01-15,ACN
ACN270115C00320000,320.0,16.1,12.2,16.0,2.0,460.0,0.34561811614990234,False,CALL,2027-01-15,ACN
ACN270115C00330000,330.0,15.69,10.5,14.0,47.0,258.0,0.3460148406982422,False,CALL,2027-01-15,ACN
ACN270115P00185000,185.0,5.3,4.5,8.5,1.0,46.0,0.3891662646484375,False,PUT,2027-01-15,ACN
ACN270115P00190000,190.0,5.14,5.5,10.0,2.0,309.0,0.39291988922119137,False,PUT,2027-01-15,ACN
ACN270115P00195000,195.0,6.9,7.2,9.6,3.0,292.0,0.36496606719970703,False,PUT,2027-01-15,ACN
ACN270115P00200000,200.0,9.5,9.2,10.6,4.0,603.0,0.35907623352050777,False,PUT,2027-01-15,ACN
ACN270115P00210000,210.0,8.7,10.5,14.0,2.0,133.0,0.36304347900390627,False,PUT,2027-01-15,ACN
ACN270115P00220000,220.0,13.0,14.4,17.0,4.0,319.0,0.35550571258544916,False,PUT,2027-01-15,ACN
ACN270115P00230000,230.0,15.33,16.5,20.5,2.0,1252.0,0.3491581198120117,False,PUT,2027-01-15,ACN
ACN270115P00240000,240.0,20.5,21.3,23.8,1.0,305.0,0.33618827880859375,False,PUT,2027-01-15,ACN
ACN270115P00250000,250.0,22.88,25.4,29.0,1.0,426.0,0.33875172973632806,False,PUT,2027-01-15,ACN
ACN270115P00260000,260.0,20.56,30.4,33.5,2.0,659.0,0.3293981855773925,True,PUT,2027-01-15,ACN
ACN270115P00270000,270.0,31.09,35.6,38.5,4.0,95.0,0.3207312800598144,True,PUT,2027-01-15,ACN
ACN270115P00280000,280.0,36.9,40.9,44.0,15.0,328.0,0.31262894409179687,True,PUT,2027-01-15,ACN
ACN270115P00290000,290.0,43.3,47.1,50.5,9.0,231.0,0.3100807518005371,True,PUT,2027-01-15,ACN
ACN270115P00300000,300.0,41.07,53.5,57.0,15.0,84.0,0.3033059172058105,True,PUT,2027-01-15,ACN
ACN270115P00310000,310.0,45.8,60.8,64.5,3.0,91.0,0.30286341674804684,True,PUT,2027-01-15,ACN
ACN270115P00320000,320.0,49.3,68.4,72.0,2.0,104.0,0.29862151580810536,True,PUT,2027-01-15,ACN
ACN270115P00330000,330.0,62.5,76.0,79.0,1.0,27.0,0.2838206384277343,True,PUT,2027-01-15,ACN
ACN280121C00185000,185.0,79.8,82.0,85.5,2.0,2.0,0.2978280667114257,True,CALL,2028-01-21,ACN
ACN280121C00190000,190.0,71.5,79.0,82.0,1.0,5.0,0.29863677444458,True,CALL,2028-01-21,ACN
ACN280121C00195000,195.0,85.0,82.9,86.5,2.0,6.0,0.376608406829834,True,CALL,2028-01-21,ACN
ACN280121C00200000,200.0,95.28,79.5,83.5,1.0,44.0,0.37657788955688476,True,CALL,2028-01-21,ACN
ACN280121C00210000,210.0,82.83,0.0,0.0,1.0,8.0,1.0000000000000003e-05,True,CALL,2028-01-21,ACN
ACN280121C00220000,220.0,74.0,67.5,71.5,10.0,13.0,0.3691927095031738,True,CALL,2028-01-21,ACN
ACN280121C00230000,230.0,66.5,62.5,66.0,2.0,55.0,0.36583580947875977,True,CALL,2028-01-21,ACN
ACN280121C00240000,240.0,74.57,57.0,60.5,2.0,94.0,0.36025114852905266,True,CALL,2028-01-21,ACN
ACN280121C00250000,250.0,69.4,52.4,55.5,4.0,481.0,0.3562839030456542,True,CALL,2028-01-21,ACN
ACN280121C00260000,260.0,50.0,47.5,51.0,21.0,1541.0,0.35384252120971676,False,CALL,2028-01-21,ACN
ACN280121C00270000,270.0,47.0,43.5,46.5,15.0,126.0,0.34941751663208004,False,CALL,2028-01-21,ACN
ACN280121C00280000,280.0,43.5,39.0,43.0,11.0,1568.0,0.35002786209106435,False,CALL,2028-01-21,ACN
ACN280121C00290000,290.0,50.5,35.7,39.0,2.0,52.0,0.34536634864807125,False,CALL,2028-01-21,ACN
ACN280121C00300000,300.0,35.5,31.5,34.2,1.0,261.0,0.33348750015258793,False,CALL,2028-01-21,ACN
ACN280121C00310000,310.0,46.0,29.0,32.5,1.0,172.0,0.34123888748168946,False,CALL,2028-01-21,ACN
ACN280121C00320000,320.0,33.2,26.0,29.5,1.0,9.0,0.33849233291625974,False,CALL,2028-01-21,ACN
ACN280121C00330000,330.0,30.0,23.0,27.0,1.0,22.0,0.3377446597290039,False,CALL,2028-01-21,ACN
ACN280121P00185000,185.0,13.7,12.9,16.0,1.0,7.0,0.355902437133789,False,PUT,2028-01-21,ACN
ACN280121P00190000,190.0,11.2,14.0,17.4,4.0,17.0,0.3526676062011719,False,PUT,2028-01-21,ACN
ACN280121P00195000,195.0,16.95,15.0,18.8,1.0,8.0,0.3487613952636719,False,PUT,2028-01-21,ACN
ACN280121P00200000,200.0,13.7,16.5,20.1,20.0,470.0,0.3433293206787109,False,PUT,2028-01-21,ACN
ACN280121P00210000,210.0,21.8,21.0,22.6,27.0,641.0,0.33017637603759764,False,PUT,2028-01-21,ACN
ACN280121P00220000,220.0,19.5,23.5,26.5,1.0,3.0,0.32686525192260746,False,PUT,2028-01-21,ACN
ACN280121P00230000,230.0,19.81,27.5,31.5,1.0,33.0,0.3294287028503417,False,PUT,2028-01-21,ACN
ACN280121P00240000,240.0,26.5,31.5,34.5,2.0,147.0,0.3141242904663085,False,PUT,2028-01-21,ACN
ACN280121P00250000,250.0,29.5,36.0,39.4,8.0,317.0,0.3108894595336914,False,PUT,2028-01-21,ACN
ACN280121P00260000,260.0,40.9,41.0,45.0,4.0,55.0,0.31021045021057125,True,PUT,2028-01-21,ACN
ACN280121P00270000,270.0,47.61,46.5,49.0,7.0,42.0,0.29613435806274413,True,PUT,2028-01-21,ACN
ACN280121P00280000,280.0,44.75,52.1,54.6,2.0,11.0,0.2910074562072753,True,PUT,2028-01-21,ACN
ACN280121P00290000,290.0,44.2,57.5,61.0,1.0,42.0,0.28919167846679683,True,PUT,2028-01-21,ACN
ACN280121P00300000,300.0,49.4,63.5,67.5,1.0,50.0,0.2859568475341796,True,PUT,2028-01-21,ACN
ACN280121P00310000,310.0,57.8,70.0,73.5,,8.0,0.2770915797424316,True,PUT,2028-01-21,ACN
ACN280121P00330000,330.0,83.75,84.0,87.0,2.0,25.0,0.263251996459961,True,PUT,2028-01-21,ACN
ADBE260130C00220000,220.0,71.6,67.25,71.75,,10.0,2.7841827270507817,True,CALL,2026-01-30,ADBE
ADBE260130C00225000,225.0,62.5,61.6,67.0,1.0,5.0,2.6826204809570315,True,CALL,2026-01-30,ADBE
ADBE260130C00230000,230.0,74.04,56.0,61.05,4.0,2.0,2.2031294921874993,True,CALL,2026-01-30,ADBE
ADBE260130C00235000,235.0,52.84,51.0,56.25,1.0,5.0,2.106450046386718,True,CALL,2026-01-30,ADBE
ADBE260130C00245000,245.0,46.02,41.3,47.0,1.0,1.0,1.9750977807617187,True,CALL,2026-01-30,ADBE
ADBE260130C00250000,250.0,53.9,36.85,41.15,,0.0,1.5878926855468747,True,CALL,2026-01-30,ADBE
ADBE260130C00255000,255.0,44.23,31.0,36.85,,1.0,1.5939961706542967,True,CALL,2026-01-30,ADBE
ADBE260130C00260000,260.0,31.4,26.0,31.6,,1.0,1.3681672216796876,True,CALL,2026-01-30,ADBE
ADBE260130C00262500,262.5,39.57,24.05,29.0,4.0,4.0,1.2622107202148438,True,CALL,2026-01-30,ADBE
ADBE260130C00265000,265.0,40.0,21.6,26.25,,1.0,1.1254926538085939,True,CALL,2026-01-30,ADBE
ADBE260130C00270000,270.0,26.75,16.05,21.85,2.0,8.0,1.070805427246094,True,CALL,2026-01-30,ADBE
ADBE260130C00275000,275.0,12.83,11.45,16.95,2.0,2.0,0.9057626611328125,True,CALL,2026-01-30,ADBE
ADBE260130C00280000,280.0,9.9,8.45,10.85,56.0,30.0,0.543949873046875,True,CALL,2026-01-30,ADBE
ADBE260130C00282500,282.5,7.3,6.9,9.35,5.0,3.0,0.5996133789062501,True,CALL,2026-01-30,ADBE
ADBE260130C00285000,285.0,6.25,5.5,7.4,213.0,129.0,0.5639692041015626,True,CALL,2026-01-30,ADBE
ADBE260130C00287500,287.5,4.08,3.8,4.7,322.0,126.0,0.4204159521484375,True,CALL,2026-01-30,ADBE
ADBE260130C00290000,290.0,2.82,2.55,3.2,252.0,125.0,0.3996642065429688,False,CALL,2026-01-30,ADBE
ADBE260130C00292500,292.5,1.76,1.52,1.91,192.0,204.0,0.36865865722656255,False,CALL,2026-01-30,ADBE
ADBE260130C00295000,295.0,1.0,0.8,1.2,241.0,288.0,0.37280900634765624,False,CALL,2026-01-30,ADBE
ADBE260130C00297500,297.5,0.62,0.43,0.75,416.0,500.0,0.38233039550781245,False,CALL,2026-01-30,ADBE
ADBE260130C00300000,300.0,0.33,0.28,0.42,450.0,1263.0,0.38233039550781245,False,CALL,2026-01-30,ADBE
ADBE260130C00302500,302.5,0.22,0.14,0.28,101.0,342.0,0.40332627929687503,False,CALL,2026-01-30,ADBE
ADBE260130C00305000,305.0,0.11,0.1,0.16,155.0,1027.0,0.4101621484375,False,CALL,2026-01-30,ADBE
ADBE260130C00307500,307.5,0.07,0.07,0.11,320.0,454.0,0.43164630859375,False,CALL,2026-01-30,ADBE
ADBE260130C00310000,310.0,0.06,0.04,0.08,1825.0,3491.0,0.45508357421875,False,CALL,2026-01-30,ADBE
ADBE260130C00312500,312.5,0.05,0.03,0.11,56.0,688.0,0.52539537109375,False,CALL,2026-01-30,ADBE
ADBE260130C00315000,315.0,0.03,0.02,0.05,116.0,1013.0,0.507817421875,False,CALL,2026-01-30,ADBE
ADBE260130C00317500,317.5,0.06,0.01,0.09,9.0,733.0,0.5507857421875001,False,CALL,2026-01-30,ADBE
ADBE260130C00320000,320.0,0.02,0.01,0.05,178.0,950.0,0.5546919531250001,False,CALL,2026-01-30,ADBE
ADBE260130C00322500,322.5,0.15,0.0,0.68,8.0,207.0,0.84961087890625,False,CALL,2026-01-30,ADBE
ADBE260130C00325000,325.0,0.14,0.0,0.2,28.0,1726.0,0.73437765625,False,CALL,2026-01-30,ADBE
ADBE260130C00327500,327.5,0.04,0.0,0.01,5.0,48.0,0.5625043750000001,False,CALL,2026-01-30,ADBE
ADBE260130C00330000,330.0,0.03,0.0,0.06,14.0,927.0,0.6992217578125001,False,CALL,2026-01-30,ADBE
ADBE260130C00332500,332.5,0.15,0.0,0.2,54.0,113.0,0.8554701953125,False,CALL,2026-01-30,ADBE
ADBE260130C00335000,335.0,0.02,0.0,0.02,24.0,195.0,0.6875031250000001,False,CALL,2026-01-30,ADBE
ADBE260130C00337500,337.5,0.01,0.0,4.3,20.0,36.0,1.7055678784179689,False,CALL,2026-01-30,ADBE
ADBE260130C00340000,340.0,0.01,0.0,0.01,29.0,373.0,0.7187528125,False,CALL,2026-01-30,ADBE
ADBE260130C00342500,342.5,0.01,0.0,0.5,32.0,152.0,1.154301103515625,False,CALL,2026-01-30,ADBE
ADBE260130C00345000,345.0,0.01,0.0,0.1,7.0,115.0,0.9609378906249999,False,CALL,2026-01-30,ADBE
ADBE260130C00347500,347.5,0.07,0.0,4.3,24.0,35.0,1.9267581787109376,False,CALL,2026-01-30,ADBE
ADBE260130C00350000,350.0,0.03,0.0,0.01,17.0,290.0,0.8125018749999999,False,CALL,2026-01-30,ADBE
ADBE260130C00352500,352.5,0.04,0.0,4.3,1.0,24.0,2.0327197619628907,False,CALL,2026-01-30,ADBE
ADBE260130C00355000,355.0,0.24,0.0,0.1,2.0,203.0,1.09375453125,False,CALL,2026-01-30,ADBE
ADBE260130C00360000,360.0,0.01,0.0,0.1,6.0,198.0,1.16016044921875,False,CALL,2026-01-30,ADBE
ADBE260130C00365000,365.0,0.01,0.0,0.1,9.0,124.0,1.2265663671875,False,CALL,2026-01-30,ADBE
ADBE260130C00370000,370.0,0.01,0.0,2.2,1.0,153.0,2.0459033227539063,False,CALL,2026-01-30,ADBE
ADBE260130C00375000,375.0,0.01,0.0,0.1,1.0,156.0,1.3515657421874998,False,CALL,2026-01-30,ADBE
ADBE260130P00220000,220.0,0.1,0.0,4.3,1.0,147.0,2.7680694860839847,False,PUT,2026-01-30,ADBE
ADBE260130P00225000,225.0,0.01,0.0,4.3,3.0,8.0,2.5908238354492186,False,PUT,2026-01-30,ADBE
ADBE260130P00230000,230.0,0.01,0.0,4.3,1.0,41.0,2.41553130493164,False,PUT,2026-01-30,ADBE
ADBE260130P00245000,245.0,0.1,0.0,0.87,,3.0,1.303714418945312,False,PUT,2026-01-30,ADBE
ADBE260130P00250000,250.0,0.04,0.01,0.1,136.0,118.0,0.8476577734374999,False,PUT,2026-01-30,ADBE
ADBE260130P00255000,255.0,0.04,0.0,0.85,6.0,11.0,1.0371141894531253,False,PUT,2026-01-30,ADBE
ADBE260130P00260000,260.0,0.11,0.02,0.11,1.0,168.0,0.6601596484375001,False,PUT,2026-01-30,ADBE
ADBE260130P00262500,262.5,0.81,0.0,0.82,1.0,1.0,0.8359391406249999,False,PUT,2026-01-30,ADBE
ADBE260130P00265000,265.0,0.39,0.05,0.2,13.0,36.0,0.6162147753906251,False,PUT,2026-01-30,ADBE
ADBE260130P00267500,267.5,0.23,0.06,0.21,103.0,126.0,0.56836369140625,False,PUT,2026-01-30,ADBE
ADBE260130P00270000,270.0,0.13,0.09,0.26,321.0,348.0,0.5361374511718751,False,PUT,2026-01-30,ADBE
ADBE260130P00272500,272.5,0.22,0.1,0.49,30.0,373.0,0.532231240234375,False,PUT,2026-01-30,ADBE
ADBE260130P00275000,275.0,0.3,0.19,0.36,71.0,779.0,0.4907277490234375,False,PUT,2026-01-30,ADBE
ADBE260130P00277500,277.5,0.4,0.27,0.55,109.0,437.0,0.47510290527343746,False,PUT,2026-01-30,ADBE
ADBE260130P00280000,280.0,0.52,0.45,0.6,475.0,2427.0,0.4128476684570312,False,PUT,2026-01-30,ADBE
ADBE260130P00282500,282.5,0.76,0.63,1.07,117.0,100.0,0.41797457031249996,False,PUT,2026-01-30,ADBE
ADBE260130P00285000,285.0,1.74,1.1,1.5,644.0,1186.0,0.3874572973632812,False,PUT,2026-01-30,ADBE
ADBE260130P00287500,287.5,2.11,1.68,2.55,358.0,620.0,0.40845318115234375,False,PUT,2026-01-30,ADBE
ADBE260130P00290000,290.0,3.75,3.05,4.1,7196.0,6855.0,0.4523980541992188,True,PUT,2026-01-30,ADBE
ADBE260130P00292500,292.5,4.85,4.15,5.8,115.0,270.0,0.48413601806640627,True,PUT,2026-01-30,ADBE
ADBE260130P00295000,295.0,6.1,6.05,7.7,515.0,734.0,0.5161181201171875,True,PUT,2026-01-30,ADBE
ADBE260130P00297500,297.5,9.0,7.5,9.4,50.0,332.0,0.49707534179687507,True,PUT,2026-01-30,ADBE
ADBE260130P00300000,300.0,11.42,10.1,12.25,130.0,763.0,0.6345251391601563,True,PUT,2026-01-30,ADBE
ADBE260130P00302500,302.5,13.38,11.55,15.85,331.0,379.0,0.5249070947265625,True,PUT,2026-01-30,ADBE
ADBE260130P00305000,305.0,15.88,14.6,17.25,172.0,361.0,0.5224657128906249,True,PUT,2026-01-30,ADBE
ADBE260130P00307500,307.5,13.0,15.85,21.35,4.0,23.0,0.63086306640625,True,PUT,2026-01-30,ADBE
ADBE260130P00310000,310.0,22.02,19.95,20.9,15.0,115.0,0.631839619140625,True,PUT,2026-01-30,ADBE
ADBE260130P00312500,312.5,22.0,21.3,25.95,1.0,37.0,0.7578149218750001,True,PUT,2026-01-30,ADBE
ADBE260130P00315000,315.0,25.47,24.8,26.15,8.0,209.0,0.8227556787109375,True,PUT,2026-01-30,ADBE
ADBE260130P00317500,317.5,29.22,27.2,29.55,14.0,62.0,0.7861349511718749,True,PUT,2026-01-30,ADBE
ADBE260130P00320000,320.0,31.04,29.6,31.95,20.0,318.0,0.7939473730468749,True,PUT,2026-01-30,ADBE
ADBE260130P00322500,322.5,35.88,31.25,35.75,1.0,101.0,0.937500625,True,PUT,2026-01-30,ADBE
ADBE260130P00325000,325.0,26.42,31.0,40.0,9.0,65.0,0.6679720703125002,True,PUT,2026-01-30,ADBE
ADBE260130P00327500,327.5,33.43,33.6,42.6,6.0,0.0,0.82226740234375,True,PUT,2026-01-30,ADBE
ADBE260130P00330000,330.0,35.93,36.0,45.0,6.0,5.0,0.7460962890625,True,PUT,2026-01-30,ADBE
ADBE260130P00332500,332.5,30.06,38.3,46.65,8.0,0.0,1.8918462438964845,True,PUT,2026-01-30,ADBE
ADBE260130P00335000,335.0,34.6,41.0,50.0,5.0,2.0,0.8164080859374999,True,PUT,2026-01-30,ADBE
ADBE260130P00337500,337.5,40.11,43.0,51.5,1.0,0.0,1.9909668420410154,True,PUT,2026-01-30,ADBE
ADBE260130P00340000,340.0,37.7,46.0,54.7,55.0,0.0,2.1806686108398434,True,PUT,2026-01-30,ADBE
ADBE260130P00342500,342.5,39.0,48.3,55.15,1.0,0.0,1.829590695800781,True,PUT,2026-01-30,ADBE
ADBE260130P00345000,345.0,54.22,50.6,59.15,1.0,0.0,2.2009322320556635,True,PUT,2026-01-30,ADBE
ADBE260130P00347500,347.5,39.67,53.6,61.0,,0.0,2.128910927734375,True,PUT,2026-01-30,ADBE
ADBE260130P00350000,350.0,58.45,56.0,65.0,1.0,1.0,1.0312548437500002,True,PUT,2026-01-30,ADBE
ADBE260130P00355000,355.0,49.66,60.45,69.2,1261.0,0.0,2.4409218664550782,True,PUT,2026-01-30,ADBE
ADBE260130P00360000,360.0,52.43,66.0,75.0,1.0,2.0,1.1640666796875,True,PUT,2026-01-30,ADBE
ADBE260130P00365000,365.0,57.45,71.0,79.35,1.0,0.0,2.6894564013671873,True,PUT,2026-01-30,ADBE
ADBE260130P00370000,370.0,38.0,75.8,84.05,2.0,0.0,2.7304719238281248,True,PUT,2026-01-30,ADBE
ADBE260130P00375000,375.0,81.6,81.0,90.0,1.0,0.0,1.3515657421874998,True,PUT,2026-01-30,ADBE
ADBE260206C00220000,220.0,82.05,65.95,72.5,2.0,6.0,1.4209013330078126,True,CALL,2026-02-06,ADBE
ADBE260206C00235000,235.0,66.3,51.2,56.85,1.0,1.0,1.0769089123535158,True,CALL,2026-02-06,ADBE
ADBE260206C00240000,240.0,90.45,46.25,51.7,,0.0,0.9758303198242189,True,CALL,2026-02-06,ADBE
ADBE260206C00245000,245.0,59.15,41.3,46.75,,1.0,0.9016123120117188,True,CALL,2026-02-06,ADBE
ADBE260206C00250000,250.0,53.41,36.35,42.3,2.0,7.0,0.8809826354980468,True,CALL,2026-02-06,ADBE
ADBE260206C00260000,260.0,46.0,26.65,31.2,1.0,1.0,0.6022988989257814,True,CALL,2026-02-06,ADBE
ADBE260206C00265000,265.0,38.59,22.75,26.4,2.0,3.0,0.5454147021484376,True,CALL,2026-02-06,ADBE
ADBE260206C00275000,275.0,18.6,14.3,17.1,,1.0,0.4382380395507813,True,CALL,2026-02-06,ADBE
ADBE260206C00280000,280.0,11.9,12.4,13.35,15.0,36.0,0.4285945812988281,True,CALL,2026-02-06,ADBE
ADBE260206C00285000,285.0,8.63,8.8,9.55,188.0,37.0,0.3913635083007812,True,CALL,2026-02-06,ADBE
ADBE260206C00287500,287.5,7.21,7.2,8.35,5.0,6.0,0.40277696838378907,True,CALL,2026-02-06,ADBE
ADBE260206C00290000,290.0,6.32,6.3,6.8,653.0,25.0,0.3869079864501953,False,CALL,2026-02-06,ADBE
ADBE260206C00292500,292.5,4.85,4.85,5.7,18.0,20.0,0.38825074645996094,False,CALL,2026-02-06,ADBE
ADBE260206C00295000,295.0,4.35,3.65,4.5,97.0,31.0,0.3761048718261719,False,CALL,2026-02-06,ADBE
ADBE260206C00297500,297.5,3.29,2.84,3.7,169.0,100.0,0.3789124609375,False,CALL,2026-02-06,ADBE
ADBE260206C00300000,300.0,2.51,2.26,2.97,196.0,173.0,0.37842418457031246,False,CALL,2026-02-06,ADBE
ADBE260206C00302500,302.5,1.65,1.58,2.44,30.0,124.0,0.3839172937011719,False,CALL,2026-02-06,ADBE
ADBE260206C00305000,305.0,1.3,1.47,2.03,84.0,300.0,0.3918517846679687,False,CALL,2026-02-06,ADBE
ADBE260206C00307500,307.5,1.2,1.02,1.44,15.0,90.0,0.3781800463867187,False,CALL,2026-02-06,ADBE
ADBE260206C00310000,310.0,0.98,0.89,1.1,295.0,466.0,0.37744763183593744,False,CALL,2026-02-06,ADBE
ADBE260206C00312500,312.5,0.84,0.66,1.05,27.0,117.0,0.4023497265625,False,CALL,2026-02-06,ADBE
ADBE260206C00315000,315.0,0.61,0.5,0.79,62.0,412.0,0.39990834472656256,False,CALL,2026-02-06,ADBE
ADBE260206C00317500,317.5,0.49,0.24,0.77,1.0,52.0,0.42456630126953127,False,CALL,2026-02-06,ADBE
ADBE260206C00320000,320.0,0.3,0.3,0.45,31.0,336.0,0.39942006835937505,False,CALL,2026-02-06,ADBE
ADBE260206C00322500,322.5,0.84,0.28,0.6,17.0,53.0,0.45044494873046875,False,CALL,2026-02-06,ADBE
ADBE260206C00325000,325.0,0.3,0.19,0.4,18.0,179.0,0.43677321044921874,False,CALL,2026-02-06,ADBE
ADBE260206C00327500,327.5,0.35,0.01,0.59,3.0,38.0,0.4975636181640626,False,CALL,2026-02-06,ADBE
ADBE260206C00330000,330.0,0.2,0.06,0.2,23.0,106.0,0.42676354492187507,False,CALL,2026-02-06,ADBE
ADBE260206C00335000,335.0,0.06,0.0,0.3,9.0,515.0,0.4995167236328125,False,CALL,2026-02-06,ADBE
ADBE260206C00340000,340.0,0.18,0.06,0.38,9.0,127.0,0.5136767382812499,False,CALL,2026-02-06,ADBE
ADBE260206C00345000,345.0,0.15,0.04,0.2,4.0,60.0,0.50586431640625,False,CALL,2026-02-06,ADBE
ADBE260206C00350000,350.0,0.09,0.02,0.48,1.0,107.0,0.6015664843750002,False,CALL,2026-02-06,ADBE
ADBE260206C00355000,355.0,0.11,0.0,0.89,2.0,58.0,0.702151416015625,False,CALL,2026-02-06,ADBE
ADBE260206C00360000,360.0,0.16,0.0,0.6,6.0,64.0,0.694338994140625,False,CALL,2026-02-06,ADBE
ADBE260206C00365000,365.0,0.1,0.0,1.7,1.0,71.0,0.875977802734375,False,CALL,2026-02-06,ADBE
ADBE260206C00370000,370.0,0.2,0.0,1.01,3.0,172.0,0.8330094824218748,False,CALL,2026-02-06,ADBE
ADBE260206C00375000,375.0,0.1,0.0,4.3,18.0,86.0,1.1665080737304687,False,CALL,2026-02-06,ADBE
ADBE260206P00240000,240.0,0.13,0.0,0.2,1.0,4.0,0.5371140039062501,False,PUT,2026-02-06,ADBE
ADBE260206P00245000,245.0,2.18,0.0,0.48,,2.0,0.55273884765625,False,PUT,2026-02-06,ADBE
ADBE260206P00250000,250.0,0.17,0.1,0.24,80.0,77.0,0.49609878906250005,False,PUT,2026-02-06,ADBE
ADBE260206P00255000,255.0,0.32,0.25,0.56,6.0,83.0,0.5178270874023438,False,PUT,2026-02-06,ADBE
ADBE260206P00260000,260.0,0.52,0.37,0.59,13.0,86.0,0.4594780615234375,False,PUT,2026-02-06,ADBE
ADBE260206P00265000,265.0,0.69,0.59,0.94,71.0,262.0,0.4445856323242187,False,PUT,2026-02-06,ADBE
ADBE260206P00267500,267.5,0.99,0.79,1.19,6.0,4.0,0.4387263159179688,False,PUT,2026-02-06,ADBE
ADBE260206P00270000,270.0,1.28,1.03,1.4,354.0,41.0,0.42310147216796873,False,PUT,2026-02-06,ADBE
ADBE260206P00272500,272.5,1.69,1.36,1.98,9.0,27.0,0.43604079589843747,False,PUT,2026-02-06,ADBE
ADBE260206P00275000,275.0,2.0,1.82,2.07,74.0,393.0,0.401373173828125,False,PUT,2026-02-06,ADBE
ADBE260206P00277500,277.5,2.65,2.21,2.74,144.0,45.0,0.4067442138671875,False,PUT,2026-02-06,ADBE
ADBE260206P00280000,280.0,3.4,2.75,3.35,398.0,308.0,0.39978627563476565,False,PUT,2026-02-06,ADBE
ADBE260206P00282500,282.5,4.48,3.35,4.1,88.0,65.0,0.39490351196289064,False,PUT,2026-02-06,ADBE
ADBE260206P00285000,285.0,4.97,4.3,4.9,178.0,148.0,0.385626260986328,False,PUT,2026-02-06,ADBE
ADBE260206P00287500,287.5,5.83,5.2,5.85,138.0,103.0,0.3776917700195312,False,PUT,2026-02-06,ADBE
ADBE260206P00290000,290.0,7.42,6.4,7.1,185.0,427.0,0.3786683227539062,True,PUT,2026-02-06,ADBE
ADBE260206P00292500,292.5,8.29,7.6,8.3,31.0,46.0,0.3687807263183594,True,PUT,2026-02-06,ADBE
ADBE260206P00295000,295.0,9.45,9.05,9.85,58.0,320.0,0.37036762451171873,True,PUT,2026-02-06,ADBE
ADBE260206P00297500,297.5,11.0,10.55,11.55,52.0,277.0,0.37280900634765624,True,PUT,2026-02-06,ADBE
ADBE260206P00300000,300.0,12.88,12.45,13.3,76.0,269.0,0.3707338317871094,True,PUT,2026-02-06,ADBE
ADBE260206P00302500,302.5,15.54,13.75,16.3,73.0,308.0,0.44556218505859374,True,PUT,2026-02-06,ADBE
ADBE260206P00305000,305.0,17.18,15.7,18.6,3.0,172.0,0.4727835925292969,True,PUT,2026-02-06,ADBE
ADBE260206P00307500,307.5,20.32,18.2,21.7,2.0,12.0,0.5532271240234375,True,PUT,2026-02-06,ADBE
ADBE260206P00310000,310.0,22.23,20.85,22.05,83.0,192.0,0.4255428540039063,True,PUT,2026-02-06,ADBE
ADBE260206P00312500,312.5,25.67,22.1,25.65,20.0,21.0,0.5509078112792969,True,PUT,2026-02-06,ADBE
ADBE260206P00315000,315.0,25.94,24.8,27.2,40.0,183.0,0.5034229345703125,True,PUT,2026-02-06,ADBE
ADBE260206P00317500,317.5,28.43,27.05,29.7,19.0,5.0,0.5344284838867188,True,PUT,2026-02-06,ADBE
ADBE260206P00320000,320.0,30.55,28.75,33.2,13.0,185.0,0.6552768847656252,True,PUT,2026-02-06,ADBE
ADBE260206P00322500,322.5,33.0,30.7,35.75,15.0,20.0,0.6914093359375001,True,PUT,2026-02-06,ADBE
ADBE260206P00325000,325.0,38.04,33.65,38.1,40.0,140.0,0.7094755615234375,True,PUT,2026-02-06,ADBE
ADBE260206P00327500,327.5,40.47,35.65,40.7,12.0,17.0,0.7487818090820313,True,PUT,2026-02-06,ADBE
ADBE260206P00330000,330.0,44.24,38.6,44.0,3.0,170.0,0.5647016186523439,True,PUT,2026-02-06,ADBE
ADBE260206P00335000,335.0,48.88,43.0,49.0,3.0,107.0,0.5593305786132813,True,PUT,2026-02-06,ADBE
ADBE260206P00340000,340.0,45.49,48.6,54.0,2.0,0.0,0.6601596484375001,True,PUT,2026-02-06,ADBE
ADBE260206P00345000,345.0,54.33,53.1,59.0,2.0,0.0,0.6577182666015625,True,PUT,2026-02-06,ADBE
ADBE260206P00350000,350.0,59.66,58.15,63.25,1.0,0.0,0.6015664843750002,True,PUT,2026-02-06,ADBE
ADBE260206P00355000,355.0,51.52,63.2,69.2,3.0,0.0,0.773439765625,True,PUT,2026-02-06,ADBE
ADBE260206P00360000,360.0,60.21,68.2,72.55,1.0,0.0,1.0241748010253908,True,PUT,2026-02-06,ADBE
ADBE260206P00365000,365.0,65.0,73.2,79.15,2.0,1.0,0.84961087890625,True,PUT,2026-02-06,ADBE
ADBE260206P00370000,370.0,44.26,77.8,84.9,2.0,0.0,0.9265144067382812,True,PUT,2026-02-06,ADBE
ADBE260206P00375000,375.0,75.25,82.3,87.6,1.0,0.0,1.1665080737304687,True,PUT,2026-02-06,ADBE
ADBE260213C00220000,220.0,67.62,66.4,72.3,5.0,5.0,1.0449266503906252,True,CALL,2026-02-13,ADBE
ADBE260213C00245000,245.0,59.55,42.3,47.5,,1.0,0.7399928344726561,True,CALL,2026-02-13,ADBE
ADBE260213C00255000,255.0,46.5,32.65,36.45,1.0,1.0,0.5307664111328125,True,CALL,2026-02-13,ADBE
ADBE260213C00275000,275.0,27.7,15.95,18.75,2.0,3.0,0.41602146484374997,True,CALL,2026-02-13,ADBE
ADBE260213C00280000,280.0,11.65,12.95,15.15,1.0,11.0,0.4050352465820312,True,CALL,2026-02-13,ADBE
ADBE260213C00285000,285.0,10.8,11.2,11.85,53.0,12.0,0.3918517846679687,True,CALL,2026-02-13,ADBE
ADBE260213C00290000,290.0,8.5,8.35,8.5,193.0,46.0,0.36048002807617185,False,CALL,2026-02-13,ADBE
ADBE260213C00295000,295.0,6.0,6.2,6.7,109.0,97.0,0.3756165954589844,False,CALL,2026-02-13,ADBE
ADBE260213C00300000,300.0,4.25,4.3,4.85,118.0,242.0,0.37134417724609375,False,CALL,2026-02-13,ADBE
ADBE260213C00305000,305.0,3.03,2.89,3.5,124.0,215.0,0.37244279907226563,False,CALL,2026-02-13,ADBE
ADBE260213C00310000,310.0,2.16,2.01,2.5,77.0,132.0,0.3751283190917969,False,CALL,2026-02-13,ADBE
ADBE260213C00315000,315.0,1.44,1.21,1.85,7.0,191.0,0.38440557006835935,False,CALL,2026-02-13,ADBE
ADBE260213C00320000,320.0,0.9,0.8,1.25,8.0,85.0,0.3836731555175781,False,CALL,2026-02-13,ADBE
ADBE260213C00325000,325.0,1.38,0.6,0.9,2.0,105.0,0.39111937011718745,False,CALL,2026-02-13,ADBE
ADBE260213C00330000,330.0,0.6,0.51,0.71,3.0,88.0,0.4067442138671875,False,CALL,2026-02-13,ADBE
ADBE260213C00335000,335.0,0.35,0.34,0.64,2.0,224.0,0.432622861328125,False,CALL,2026-02-13,ADBE
ADBE260213C00340000,340.0,0.51,0.28,0.75,7.0,196.0,0.4819387744140625,False,CALL,2026-02-13,ADBE
ADBE260213C00345000,345.0,0.46,0.0,0.51,1.0,15.0,0.47803256347656253,False,CALL,2026-02-13,ADBE
ADBE260213C00350000,350.0,0.19,0.04,0.53,2.0,36.0,0.5127001855468749,False,CALL,2026-02-13,ADBE
ADBE260213C00355000,355.0,0.23,0.0,2.0,2.0,32.0,0.6152382226562501,False,CALL,2026-02-13,ADBE
ADBE260213C00360000,360.0,0.1,0.0,0.8,29.0,109.0,0.5454147021484376,False,CALL,2026-02-13,ADBE
ADBE260213C00365000,365.0,0.15,0.0,1.52,4.0,24.0,0.6428258374023439,False,CALL,2026-02-13,ADBE
ADBE260213C00370000,370.0,0.05,0.0,0.14,75.0,139.0,0.51562984375,False,CALL,2026-02-13,ADBE
ADBE260213C00375000,375.0,0.02,0.0,2.1,1.0,14.0,0.7465845654296875,False,CALL,2026-02-13,ADBE
ADBE260213P00220000,220.0,0.25,0.01,0.8,3.0,67.0,0.6914093359375001,False,PUT,2026-02-13,ADBE
ADBE260213P00230000,230.0,1.07,0.0,0.57,3.0,1.0,0.56055126953125,False,PUT,2026-02-13,ADBE
ADBE260213P00240000,240.0,1.17,0.0,0.81,6.0,18.0,0.5009815527343751,False,PUT,2026-02-13,ADBE
ADBE260213P00250000,250.0,1.3,0.12,0.89,1.0,35.0,0.48340360351562506,False,PUT,2026-02-13,ADBE
ADBE260213P00255000,255.0,0.63,0.24,1.29,3.0,29.0,0.47510290527343746,False,PUT,2026-02-13,ADBE
ADBE260213P00260000,260.0,1.18,0.97,1.25,3.0,17.0,0.4165097412109374,False,PUT,2026-02-13,ADBE
ADBE260213P00265000,265.0,1.5,1.31,1.8,174.0,45.0,0.4054014538574219,False,PUT,2026-02-13,ADBE
ADBE260213P00270000,270.0,2.38,1.91,2.29,208.0,111.0,0.37805797729492185,False,PUT,2026-02-13,ADBE
ADBE260213P00275000,275.0,3.28,3.0,3.3,187.0,65.0,0.369574175415039,False,PUT,2026-02-13,ADBE
ADBE260213P00280000,280.0,4.66,4.35,4.7,381.0,669.0,0.36377589355468753,False,PUT,2026-02-13,ADBE
ADBE260213P00285000,285.0,6.45,6.0,6.55,352.0,411.0,0.35999175170898434,False,PUT,2026-02-13,ADBE
ADBE260213P00290000,290.0,9.75,8.3,8.85,60.0,282.0,0.3563907135009765,True,PUT,2026-02-13,ADBE
ADBE260213P00295000,295.0,10.95,10.95,12.15,6.0,203.0,0.37573866455078125,True,PUT,2026-02-13,ADBE
ADBE260213P00300000,300.0,14.8,14.2,15.3,24.0,205.0,0.37140521179199215,True,PUT,2026-02-13,ADBE
ADBE260213P00305000,305.0,20.63,17.55,19.65,6.0,156.0,0.40704938659667966,True,PUT,2026-02-13,ADBE
ADBE260213P00310000,310.0,24.0,21.2,24.9,4.0,230.0,0.47986359985351557,True,PUT,2026-02-13,ADBE
ADBE260213P00315000,315.0,29.33,24.8,29.65,2.0,106.0,0.5235643347167969,True,PUT,2026-02-13,ADBE
ADBE260213P00320000,320.0,25.85,29.5,34.0,12.0,57.0,0.5399215930175782,True,PUT,2026-02-13,ADBE
ADBE260213P00325000,325.0,37.49,33.55,38.85,5.0,101.0,0.5800823242187501,True,PUT,2026-02-13,ADBE
ADBE260213P00330000,330.0,43.43,38.9,43.3,1.0,21.0,0.5908244042968751,True,PUT,2026-02-13,ADBE
ADBE260213P00335000,335.0,40.37,43.8,49.0,2.0,20.0,0.681887946777344,True,PUT,2026-02-13,ADBE
ADBE260213P00340000,340.0,14.15,48.75,53.75,12.0,18.0,0.7087431469726562,True,PUT,2026-02-13,ADBE
ADBE260213P00345000,345.0,50.95,53.8,58.7,2.0,7.0,0.5227098510742187,True,PUT,2026-02-13,ADBE
ADBE260213P00350000,350.0,54.55,58.35,63.6,1.0,0.0,0.5122119091796875,True,PUT,2026-02-13,ADBE
ADBE260213P00355000,355.0,21.18,63.0,68.9,,1.0,0.5376022802734376,True,PUT,2026-02-13,ADBE
ADBE260213P00360000,360.0,55.61,68.0,73.45,,0.0,0.5141650146484374,True,PUT,2026-02-13,ADBE
ADBE260213P00370000,370.0,54.66,79.05,83.8,2.0,0.0,0.7060576269531251,True,PUT,2026-02-13,ADBE
ADBE260220C00210000,210.0,94.4,76.55,82.3,4.0,39.0,0.983398603515625,True,CALL,2026-02-20,ADBE
ADBE260220C00215000,215.0,84.22,71.55,77.0,4.0,14.0,0.8989267919921874,True,CALL,2026-02-20,ADBE
ADBE260220C00220000,220.0,84.45,66.6,72.75,2.0,42.0,0.9096688720703124,True,CALL,2026-02-20,ADBE
ADBE260220C00225000,225.0,79.5,62.0,67.0,4.0,2.0,0.79101771484375,True,CALL,2026-02-20,ADBE
ADBE260220C00230000,230.0,74.6,57.0,62.85,18.0,121.0,0.8051777294921875,True,CALL,2026-02-20,ADBE
ADBE260220C00235000,235.0,69.6,52.0,57.6,16.0,13.0,0.7316921362304687,True,CALL,2026-02-20,ADBE
ADBE260220C00240000,240.0,53.53,47.0,52.4,1.0,38.0,0.6634555139160159,True,CALL,2026-02-20,ADBE
ADBE260220C00245000,245.0,59.95,42.1,47.55,4.0,6.0,0.6204871936035157,True,CALL,2026-02-20,ADBE
ADBE260220C00250000,250.0,43.45,37.55,41.75,37.0,85.0,0.513554669189453,True,CALL,2026-02-20,ADBE
ADBE260220C00255000,255.0,38.75,32.65,38.45,10.0,41.0,0.5653119641113282,True,CALL,2026-02-20,ADBE
ADBE260220C00260000,260.0,28.62,28.4,33.5,2.0,54.0,0.5113574255371094,True,CALL,2026-02-20,ADBE
ADBE260220C00265000,265.0,31.81,24.95,29.0,1.0,59.0,0.47827670166015623,True,CALL,2026-02-20,ADBE
ADBE260220C00270000,270.0,21.6,20.9,24.4,5.0,66.0,0.4364070031738281,True,CALL,2026-02-20,ADBE
ADBE260220C00275000,275.0,17.0,17.0,20.7,2.0,39.0,0.42664147583007817,True,CALL,2026-02-20,ADBE
ADBE260220C00280000,280.0,16.19,13.75,16.3,6.0,69.0,0.3811097045898437,True,CALL,2026-02-20,ADBE
ADBE260220C00282500,282.5,14.4,13.3,14.9,2.0,3.0,0.38477177734374995,True,CALL,2026-02-20,ADBE
ADBE260220C00285000,285.0,13.05,11.55,13.15,18.0,18.0,0.37280900634765624,True,CALL,2026-02-20,ADBE
ADBE260220C00287500,287.5,10.55,10.2,12.0,46.0,8.0,0.3789124609375,True,CALL,2026-02-20,ADBE
ADBE260220C00290000,290.0,10.0,9.0,10.35,170.0,363.0,0.3644472735595704,False,CALL,2026-02-20,ADBE
ADBE260220C00292500,292.5,7.27,7.45,9.4,15.0,49.0,0.37103900451660154,False,CALL,2026-02-20,ADBE
ADBE260220C00295000,295.0,7.75,7.3,8.05,15.0,190.0,0.3606020971679687,False,CALL,2026-02-20,ADBE
ADBE260220C00297500,297.5,6.87,5.75,7.25,1.0,38.0,0.366217275390625,False,CALL,2026-02-20,ADBE
ADBE260220C00300000,300.0,5.5,5.4,6.1,150.0,514.0,0.35608554077148435,False,CALL,2026-02-20,ADBE
ADBE260220C00302500,302.5,5.25,4.65,5.3,220.0,233.0,0.35547519531249994,False,CALL,2026-02-20,ADBE
ADBE260220C00305000,305.0,4.05,3.85,4.8,43.0,588.0,0.3634707208251954,False,CALL,2026-02-20,ADBE
ADBE260220C00307500,307.5,3.56,3.05,3.95,9.0,209.0,0.3544986425781249,False,CALL,2026-02-20,ADBE
ADBE260220C00310000,310.0,2.99,2.9,3.4,192.0,1237.0,0.35474278076171867,False,CALL,2026-02-20,ADBE
ADBE260220C00312500,312.5,2.27,2.33,2.97,1.0,402.0,0.35761140441894534,False,CALL,2026-02-20,ADBE
ADBE260220C00315000,315.0,2.25,1.99,2.7,66.0,1205.0,0.36597313720703123,False,CALL,2026-02-20,ADBE
ADBE260220C00317500,317.5,1.73,1.74,2.22,3.0,296.0,0.36121244262695307,False,CALL,2026-02-20,ADBE
ADBE260220C00320000,320.0,1.76,1.7,1.91,177.0,1480.0,0.3629214099121094,False,CALL,2026-02-20,ADBE
ADBE260220C00325000,325.0,1.26,1.17,1.26,38.0,1572.0,0.35547519531249994,False,CALL,2026-02-20,ADBE
ADBE260220C00330000,330.0,0.89,0.78,1.08,49.0,1757.0,0.37402969726562496,False,CALL,2026-02-20,ADBE
ADBE260220C00335000,335.0,0.67,0.67,0.88,38.0,692.0,0.3864807446289062,False,CALL,2026-02-20,ADBE
ADBE260220C00340000,340.0,0.52,0.44,0.72,20.0,927.0,0.3986876538085938,False,CALL,2026-02-20,ADBE
ADBE260220C00345000,345.0,0.35,0.33,0.49,28.0,918.0,0.3957579956054688,False,CALL,2026-02-20,ADBE
ADBE260220C00350000,350.0,0.3,0.25,0.55,48.0,1420.0,0.43066975585937506,False,CALL,2026-02-20,ADBE
ADBE260220C00355000,355.0,0.25,0.22,0.42,10.0,725.0,0.43457596679687505,False,CALL,2026-02-20,ADBE
ADBE260220C00360000,360.0,0.2,0.1,0.4,31.0,1251.0,0.45508357421875,False,CALL,2026-02-20,ADBE
ADBE260220C00365000,365.0,0.17,0.11,0.55,1.0,861.0,0.5051319018554687,False,CALL,2026-02-20,ADBE
ADBE260220C00370000,370.0,0.17,0.08,0.26,2.0,1003.0,0.4687553125,False,CALL,2026-02-20,ADBE
ADBE260220C00375000,375.0,0.16,0.1,0.25,2.0,968.0,0.48730981445312505,False,CALL,2026-02-20,ADBE
ADBE260220P00210000,210.0,0.15,0.0,0.3,1.0,67.0,0.569340244140625,False,PUT,2026-02-20,ADBE
ADBE260220P00215000,215.0,0.7,0.0,0.0,2.0,8.0,0.2500075,False,PUT,2026-02-20,ADBE
ADBE260220P00220000,220.0,0.39,0.0,0.52,17.0,267.0,0.5371140039062501,False,PUT,2026-02-20,ADBE
ADBE260220P00225000,225.0,0.16,0.0,0.65,5.0,100.0,0.516606396484375,False,PUT,2026-02-20,ADBE
ADBE260220P00230000,230.0,0.22,0.0,0.69,3.0,194.0,0.5478560839843751,False,PUT,2026-02-20,ADBE
ADBE260220P00235000,235.0,0.21,0.1,0.72,3.0,75.0,0.5097705273437501,False,PUT,2026-02-20,ADBE
ADBE260220P00240000,240.0,0.37,0.13,0.47,37.0,580.0,0.42969320312500003,False,PUT,2026-02-20,ADBE
ADBE260220P00245000,245.0,0.64,0.53,0.77,7.0,723.0,0.4318904467773438,False,PUT,2026-02-20,ADBE
ADBE260220P00250000,250.0,0.82,0.73,0.9,15.0,1783.0,0.40430283203125,False,PUT,2026-02-20,ADBE
ADBE260220P00255000,255.0,1.23,1.06,1.31,18.0,310.0,0.3979552392578125,False,PUT,2026-02-20,ADBE
ADBE260220P00260000,260.0,1.59,1.45,1.69,30.0,543.0,0.37964487548828124,False,PUT,2026-02-20,ADBE
ADBE260220P00265000,265.0,2.52,2.01,2.6,9.0,1328.0,0.38477177734374995,False,PUT,2026-02-20,ADBE
ADBE260220P00270000,270.0,2.95,2.91,3.5,32.0,571.0,0.37525038818359374,False,PUT,2026-02-20,ADBE
ADBE260220P00272500,272.5,4.18,3.35,4.15,31.0,14.0,0.3753724572753906,False,PUT,2026-02-20,ADBE
ADBE260220P00275000,275.0,4.15,4.0,4.25,210.0,1006.0,0.34918863708496095,False,PUT,2026-02-20,ADBE
ADBE260220P00277500,277.5,5.85,4.65,5.6,208.0,26.0,0.3717103845214844,False,PUT,2026-02-20,ADBE
ADBE260220P00280000,280.0,5.87,5.35,6.05,200.0,1673.0,0.3548648498535155,False,PUT,2026-02-20,ADBE
ADBE260220P00282500,282.5,6.3,6.25,6.7,13.0,67.0,0.34314621704101556,False,PUT,2026-02-20,ADBE
ADBE260220P00285000,285.0,7.88,7.1,8.05,75.0,858.0,0.3534000207519531,False,PUT,2026-02-20,ADBE
ADBE260220P00287500,287.5,8.7,8.25,8.65,56.0,163.0,0.33374689697265625,False,PUT,2026-02-20,ADBE
ADBE260220P00290000,290.0,10.98,9.1,10.0,161.0,1672.0,0.336920693359375,True,PUT,2026-02-20,ADBE
ADBE260220P00292500,292.5,11.81,10.65,11.65,38.0,106.0,0.3469303588867187,True,PUT,2026-02-20,ADBE
ADBE260220P00295000,295.0,13.25,12.05,13.0,70.0,1547.0,0.343207251586914,True,PUT,2026-02-20,ADBE
ADBE260220P00297500,297.5,15.38,13.0,14.6,8.0,116.0,0.3448551843261719,True,PUT,2026-02-20,ADBE
ADBE260220P00300000,300.0,16.8,15.1,16.1,67.0,1732.0,0.33960621337890623,True,PUT,2026-02-20,ADBE
ADBE260220P00302500,302.5,19.26,16.05,17.85,105.0,113.0,0.3402165588378906,True,PUT,2026-02-20,ADBE
ADBE260220P00305000,305.0,20.43,18.6,19.55,6.0,832.0,0.3354558642578125,True,PUT,2026-02-20,ADBE
ADBE260220P00307500,307.5,13.55,20.2,23.5,2.0,10.0,0.41962250305175786,True,PUT,2026-02-20,ADBE
ADBE260220P00310000,310.0,24.74,21.75,24.75,100.0,1674.0,0.3939269592285156,True,PUT,2026-02-20,ADBE
ADBE260220P00312500,312.5,23.06,23.95,27.65,,3.0,0.43506424316406256,True,PUT,2026-02-20,ADBE
ADBE260220P00315000,315.0,27.17,26.45,27.85,11.0,1448.0,0.35071450073242183,True,PUT,2026-02-20,ADBE
ADBE260220P00317500,317.5,29.86,27.4,32.15,1.0,1.0,0.4592339233398438,True,PUT,2026-02-20,ADBE
ADBE260220P00320000,320.0,32.52,30.95,34.9,23.0,2388.0,0.4926198199462891,True,PUT,2026-02-20,ADBE
ADBE260220P00325000,325.0,39.2,34.8,39.05,12.0,1681.0,0.4940236145019532,True,PUT,2026-02-20,ADBE
ADBE260220P00330000,330.0,43.07,39.95,43.05,15.0,738.0,0.47852083984375,True,PUT,2026-02-20,ADBE
ADBE260220P00335000,335.0,46.7,44.4,49.0,20.0,535.0,0.5687298986816407,True,PUT,2026-02-20,ADBE
ADBE260220P00340000,340.0,51.34,48.95,53.9,9.0,856.0,0.5996744134521486,True,PUT,2026-02-20,ADBE
ADBE260220P00345000,345.0,57.2,53.5,59.05,3.0,653.0,0.6434361828613282,True,PUT,2026-02-20,ADBE
ADBE260220P00350000,350.0,61.3,58.95,63.65,7.0,550.0,0.6536899865722658,True,PUT,2026-02-20,ADBE
ADBE260220P00355000,355.0,66.3,63.95,68.65,2.0,260.0,0.6864045031738282,True,PUT,2026-02-20,ADBE
ADBE260220P00360000,360.0,59.6,68.15,74.2,210.0,97.0,0.5065967309570312,True,PUT,2026-02-20,ADBE
ADBE260220P00365000,365.0,67.96,74.0,79.05,110.0,54.0,0.5749554223632812,True,PUT,2026-02-20,ADBE
ADBE260220P00370000,370.0,72.96,77.8,84.2,110.0,17.0,0.5293015820312501,True,PUT,2026-02-20,ADBE
ADBE260220P00375000,375.0,72.6,82.6,88.75,70.0,4.0,0.8151873950195312,True,PUT,2026-02-20,ADBE
ADBE260227C00230000,230.0,75.1,56.8,63.0,,1.0,0.7146024633789063,True,CALL,2026-02-27,ADBE
ADBE260227C00250000,250.0,51.63,38.0,43.1,1.0,2.0,0.5261277856445312,True,CALL,2026-02-27,ADBE
ADBE260227C00260000,260.0,36.18,29.65,33.95,,2.0,0.4679008288574219,True,CALL,2026-02-27,ADBE
ADBE260227C00265000,265.0,30.7,25.6,28.95,2.0,3.0,0.41663181030273433,True,CALL,2026-02-27,ADBE
ADBE260227C00270000,270.0,26.35,22.15,25.1,8.0,15.0,0.4085752502441406,True,CALL,2026-02-27,ADBE
ADBE260227C00275000,275.0,28.43,19.8,20.9,1.0,5.0,0.38049935913085936,True,CALL,2026-02-27,ADBE
ADBE260227C00280000,280.0,27.65,16.2,18.1,1.0,3.0,0.39197385375976557,True,CALL,2026-02-27,ADBE
ADBE260227C00285000,285.0,13.2,13.55,14.4,21.0,1.0,0.36499658447265626,True,CALL,2026-02-27,ADBE
ADBE260227C00290000,290.0,10.74,10.9,11.8,8.0,25.0,0.3629214099121094,False,CALL,2026-02-27,ADBE
ADBE260227C00295000,295.0,9.4,8.9,9.45,8.0,22.0,0.35846588806152346,False,CALL,2026-02-27,ADBE
ADBE260227C00300000,300.0,7.15,7.0,7.6,50.0,79.0,0.35950347534179683,False,CALL,2026-02-27,ADBE
ADBE260227C00305000,305.0,5.7,5.3,5.95,6.0,24.0,0.35736726623535153,False,CALL,2026-02-27,ADBE
ADBE260227C00310000,310.0,3.82,4.0,4.5,21.0,152.0,0.3522403643798828,False,CALL,2026-02-27,ADBE
ADBE260227C00315000,315.0,3.15,3.0,3.45,22.0,233.0,0.3523013989257812,False,CALL,2026-02-27,ADBE
ADBE260227C00320000,320.0,2.41,2.25,2.66,19.0,213.0,0.35468174621582027,False,CALL,2026-02-27,ADBE
ADBE260227C00325000,325.0,1.85,1.6,2.0,39.0,68.0,0.35510898803710933,False,CALL,2026-02-27,ADBE
ADBE260227C00330000,330.0,1.3,1.3,1.69,10.0,168.0,0.36829244995117194,False,CALL,2026-02-27,ADBE
ADBE260227C00335000,335.0,1.05,0.85,1.38,13.0,58.0,0.37708142456054683,False,CALL,2026-02-27,ADBE
ADBE260227C00340000,340.0,0.83,0.75,0.95,5.0,50.0,0.3706117626953125,False,CALL,2026-02-27,ADBE
ADBE260227C00345000,345.0,0.65,0.61,0.94,1.0,82.0,0.39502558105468755,False,CALL,2026-02-27,ADBE
ADBE260227C00350000,350.0,0.47,0.35,0.82,3.0,146.0,0.40772076660156253,False,CALL,2026-02-27,ADBE
ADBE260227C00355000,355.0,0.5,0.1,0.71,2.0,29.0,0.418951123046875,False,CALL,2026-02-27,ADBE
ADBE260227C00360000,360.0,0.44,0.09,0.45,1.0,38.0,0.40650007568359375,False,CALL,2026-02-27,ADBE
ADBE260227C00365000,365.0,0.61,0.03,0.69,28.0,25.0,0.46094289062500005,False,CALL,2026-02-27,ADBE
ADBE260227C00370000,370.0,0.4,0.0,0.75,6.0,8.0,0.4897511962890626,False,CALL,2026-02-27,ADBE
ADBE260227C00375000,375.0,0.91,0.0,2.35,5.0,5.0,0.5578657495117189,False,CALL,2026-02-27,ADBE
ADBE260227P00235000,235.0,0.24,0.0,4.7,,1.0,0.5935099243164064,False,PUT,2026-02-27,ADBE
ADBE260227P00240000,240.0,1.05,0.14,1.13,1.0,2.0,0.45264219238281256,False,PUT,2026-02-27,ADBE
ADBE260227P00245000,245.0,0.8,0.58,1.09,1.0,7.0,0.4096738720703125,False,PUT,2026-02-27,ADBE
ADBE260227P00250000,250.0,1.16,0.96,1.33,4.0,21.0,0.39014281738281253,False,PUT,2026-02-27,ADBE
ADBE260227P00255000,255.0,1.66,1.29,1.96,1.0,15.0,0.39148557739257805,False,PUT,2026-02-27,ADBE
ADBE260227P00260000,260.0,2.18,1.81,2.54,3.0,53.0,0.3797669445800781,False,PUT,2026-02-27,ADBE
ADBE260227P00265000,265.0,2.75,2.48,2.84,22.0,83.0,0.3482731188964844,False,PUT,2026-02-27,ADBE
ADBE260227P00270000,270.0,3.65,3.4,3.8,40.0,107.0,0.340826904296875,False,PUT,2026-02-27,ADBE
ADBE260227P00275000,275.0,5.2,4.6,5.05,50.0,94.0,0.3347844842529296,False,PUT,2026-02-27,ADBE
ADBE260227P00280000,280.0,6.85,6.3,6.8,103.0,70.0,0.3353337951660156,False,PUT,2026-02-27,ADBE
ADBE260227P00285000,285.0,8.25,8.3,8.65,38.0,127.0,0.3280096496582031,False,PUT,2026-02-27,ADBE
ADBE260227P00290000,290.0,10.5,10.45,11.2,36.0,155.0,0.33124448059082034,True,PUT,2026-02-27,ADBE
ADBE260227P00295000,295.0,13.75,13.25,13.95,19.0,113.0,0.32959654785156245,True,PUT,2026-02-27,ADBE
ADBE260227P00300000,300.0,18.95,16.2,17.1,11.0,125.0,0.32947447875976554,True,PUT,2026-02-27,ADBE
ADBE260227P00305000,305.0,20.53,19.45,20.8,2.0,62.0,0.3371648315429688,True,PUT,2026-02-27,ADBE
ADBE260227P00310000,310.0,26.04,22.8,24.4,1.0,107.0,0.33185482604980465,True,PUT,2026-02-27,ADBE
ADBE260227P00315000,315.0,18.56,26.5,30.4,1.0,22.0,0.4110166320800781,True,PUT,2026-02-27,ADBE
ADBE260227P00320000,320.0,35.27,30.7,34.7,5.0,17.0,0.4233456103515625,True,PUT,2026-02-27,ADBE
ADBE260227P00325000,325.0,31.1,35.05,40.2,20.0,30.0,0.4810842907714844,True,PUT,2026-02-27,ADBE
ADBE260227P00330000,330.0,32.1,39.65,44.05,3.0,44.0,0.46716841430664063,True,PUT,2026-02-27,ADBE
ADBE260227P00335000,335.0,36.7,43.7,48.7,1.0,35.0,0.4835867071533204,True,PUT,2026-02-27,ADBE
ADBE260227P00340000,340.0,50.19,49.05,54.05,1.0,0.0,0.5324753784179688,True,PUT,2026-02-27,ADBE
ADBE260227P00345000,345.0,46.4,54.1,58.45,32.0,49.0,0.5323533093261719,True,PUT,2026-02-27,ADBE
ADBE260227P00350000,350.0,58.25,58.0,64.2,1.0,46.0,0.6010782080078126,True,PUT,2026-02-27,ADBE
ADBE260227P00355000,355.0,56.85,63.0,69.0,1.0,1.0,0.6198768481445314,True,PUT,2026-02-27,ADBE
ADBE260227P00360000,360.0,67.63,68.0,74.0,1.0,0.0,0.6480748083496093,True,PUT,2026-02-27,ADBE
ADBE260227P00370000,370.0,66.95,77.65,84.45,,0.0,0.7270535107421875,True,PUT,2026-02-27,ADBE
ADBE260306C00250000,250.0,57.9,38.6,43.15,62.0,38.0,0.4760794580078125,True,CALL,2026-03-06,ADBE
ADBE260306C00260000,260.0,42.5,29.8,35.3,,0.0,0.4730277307128906,True,CALL,2026-03-06,ADBE
ADBE260306C00270000,270.0,25.54,23.8,27.0,3.0,21.0,0.43030354858398445,True,CALL,2026-03-06,ADBE
ADBE260306C00275000,275.0,28.3,20.8,22.45,2.0,2.0,0.39038695556640624,True,CALL,2026-03-06,ADBE
ADBE260306C00280000,280.0,18.0,17.4,19.55,2.0,33.0,0.3947204083251954,True,CALL,2026-03-06,ADBE
ADBE260306C00290000,290.0,11.75,12.0,13.6,2.0,2.0,0.3757691818237304,False,CALL,2026-03-06,ADBE
ADBE260306C00300000,300.0,7.65,7.35,8.85,12.0,15.0,0.358954164428711,False,CALL,2026-03-06,ADBE
ADBE260306C00305000,305.0,5.79,5.2,7.35,1.0,5.0,0.36340968627929693,False,CALL,2026-03-06,ADBE
ADBE260306C00310000,310.0,4.77,3.85,5.75,14.0,8.0,0.35742830078125,False,CALL,2026-03-06,ADBE
ADBE260306C00315000,315.0,3.53,2.95,4.55,7.0,8.0,0.3563907135009765,False,CALL,2026-03-06,ADBE
ADBE260306C00320000,320.0,3.35,2.97,3.55,26.0,24.0,0.3549869189453124,False,CALL,2026-03-06,ADBE
ADBE260306C00325000,325.0,2.45,2.18,2.98,18.0,44.0,0.3640200317382813,False,CALL,2026-03-06,ADBE
ADBE260306C00330000,330.0,2.2,1.82,2.61,7.0,38.0,0.37756970092773434,False,CALL,2026-03-06,ADBE
ADBE260306C00345000,345.0,0.95,0.91,1.2,4.0,5.0,0.37573866455078125,False,CALL,2026-03-06,ADBE
ADBE260306C00350000,350.0,1.01,0.63,1.38,3.0,12.0,0.4118711157226562,False,CALL,2026-03-06,ADBE
ADBE260306P00250000,250.0,1.33,0.76,1.9,4.0,13.0,0.387701435546875,False,PUT,2026-03-06,ADBE
ADBE260306P00270000,270.0,4.78,4.2,5.35,12.0,17.0,0.36121244262695307,False,PUT,2026-03-06,ADBE
ADBE260306P00275000,275.0,6.3,5.7,7.05,7.0,23.0,0.3644472735595704,False,PUT,2026-03-06,ADBE
ADBE260306P00280000,280.0,8.0,7.2,7.95,7.0,24.0,0.33563896789550784,False,PUT,2026-03-06,ADBE
ADBE260306P00285000,285.0,10.05,9.25,10.5,7.0,62.0,0.3467472552490234,False,PUT,2026-03-06,ADBE
ADBE260306P00290000,290.0,12.85,11.8,12.9,7.0,71.0,0.34455001159667964,True,PUT,2026-03-06,ADBE
ADBE260306P00295000,295.0,17.12,13.9,15.75,5.0,11.0,0.34613690979003897,True,PUT,2026-03-06,ADBE
ADBE260306P00300000,300.0,16.92,16.85,18.65,3.0,39.0,0.34076586975097656,True,PUT,2026-03-06,ADBE
ADBE260306P00305000,305.0,14.23,19.7,21.9,2.0,2.0,0.33685965881347657,True,PUT,2026-03-06,ADBE
ADBE260306P00315000,315.0,30.64,27.0,32.35,2.0,0.0,0.4334773449707031,True,PUT,2026-03-06,ADBE
ADBE260306P00325000,325.0,23.4,35.95,39.85,2.0,1.0,0.4202938830566406,True,PUT,2026-03-06,ADBE
ADBE260320C00210000,210.0,90.2,78.0,83.65,11.0,59.0,0.549076774902344,True,CALL,2026-03-20,ADBE
ADBE260320C00215000,215.0,84.25,74.0,78.3,1.0,32.0,0.5432174584960938,True,CALL,2026-03-20,ADBE
ADBE260320C00220000,220.0,82.26,68.3,73.55,3.0,89.0,0.652896537475586,True,CALL,2026-03-20,ADBE
ADBE260320C00225000,225.0,81.17,64.25,70.0,3.0,65.0,0.5384567639160158,True,CALL,2026-03-20,ADBE
ADBE260320C00230000,230.0,77.52,59.95,63.55,4.0,92.0,0.5743450769042968,True,CALL,2026-03-20,ADBE
ADBE260320C00235000,235.0,71.12,54.8,59.75,4.0,24.0,0.5865519860839843,True,CALL,2026-03-20,ADBE
ADBE260320C00240000,240.0,57.8,50.0,55.7,2.0,32.0,0.5822185333251952,True,CALL,2026-03-20,ADBE
ADBE260320C00250000,250.0,45.0,43.8,46.4,19.0,36.0,0.5224046783447265,True,CALL,2026-03-20,ADBE
ADBE260320C00255000,255.0,39.9,39.15,41.6,1.0,4.0,0.48615015808105466,True,CALL,2026-03-20,ADBE
ADBE260320C00260000,260.0,41.9,35.2,38.75,1.0,18.0,0.5065356964111327,True,CALL,2026-03-20,ADBE
ADBE260320C00265000,265.0,34.35,32.7,33.9,1.0,4.0,0.4646049633789063,True,CALL,2026-03-20,ADBE
ADBE260320C00270000,270.0,30.14,30.0,31.05,7.0,68.0,0.4742484216308594,True,CALL,2026-03-20,ADBE
ADBE260320C00275000,275.0,26.25,24.6,27.6,7.0,11.0,0.46307909973144534,True,CALL,2026-03-20,ADBE
ADBE260320C00280000,280.0,24.0,23.75,24.75,111.0,96.0,0.4622246160888672,True,CALL,2026-03-20,ADBE
ADBE260320C00285000,285.0,20.5,20.9,21.7,26.0,49.0,0.45194029510498046,True,CALL,2026-03-20,ADBE
ADBE260320C00290000,290.0,18.9,18.65,19.25,100.0,933.0,0.4511468460083008,False,CALL,2026-03-20,ADBE
ADBE260320C00295000,295.0,16.35,16.25,16.9,13.0,121.0,0.4480035668945312,False,CALL,2026-03-20,ADBE
ADBE260320C00300000,300.0,14.1,14.2,14.6,312.0,710.0,0.44135080139160154,False,CALL,2026-03-20,ADBE
ADBE260320C00305000,305.0,12.81,12.3,12.95,14.0,319.0,0.44540959869384766,False,CALL,2026-03-20,ADBE
ADBE260320C00310000,310.0,11.2,10.7,11.2,63.0,2514.0,0.44275459594726563,False,CALL,2026-03-20,ADBE
ADBE260320C00315000,315.0,9.02,9.15,9.45,113.0,392.0,0.4355830368041992,False,CALL,2026-03-20,ADBE
ADBE260320C00320000,320.0,7.9,7.85,8.2,159.0,901.0,0.43677321044921874,False,CALL,2026-03-20,ADBE
ADBE260320C00325000,325.0,6.68,6.9,7.05,31.0,620.0,0.4366511413574219,False,CALL,2026-03-20,ADBE
ADBE260320C00330000,330.0,5.9,5.7,6.0,67.0,2502.0,0.43543045043945316,False,CALL,2026-03-20,ADBE
ADBE260320C00335000,335.0,5.05,4.8,5.3,37.0,486.0,0.44116769775390624,False,CALL,2026-03-20,ADBE
ADBE260320C00340000,340.0,4.32,4.05,4.6,236.0,2187.0,0.4439142523193359,False,CALL,2026-03-20,ADBE
ADBE260320C00345000,345.0,3.65,3.5,3.95,38.0,490.0,0.4451959777832031,False,CALL,2026-03-20,ADBE
ADBE260320C00350000,350.0,3.27,3.1,3.45,152.0,2372.0,0.4490411541748046,False,CALL,2026-03-20,ADBE
ADBE260320C00355000,355.0,2.41,2.46,3.1,49.0,499.0,0.45654840332031255,False,CALL,2026-03-20,ADBE
ADBE260320C00360000,360.0,2.35,2.28,2.46,78.0,1126.0,0.4483087396240234,False,CALL,2026-03-20,ADBE
ADBE260320C00365000,365.0,2.0,1.92,2.11,81.0,309.0,0.450200810546875,False,CALL,2026-03-20,ADBE
ADBE260320C00370000,370.0,1.75,1.7,1.81,66.0,7773.0,0.45227598510742195,False,CALL,2026-03-20,ADBE
ADBE260320C00375000,375.0,1.62,1.39,1.62,122.0,492.0,0.45862357788085945,False,CALL,2026-03-20,ADBE
ADBE260320P00210000,210.0,0.8,0.63,0.84,3.0,336.0,0.5043994873046875,False,PUT,2026-03-20,ADBE
ADBE260320P00215000,215.0,0.93,0.7,1.26,17.0,38.0,0.5148974291992188,False,PUT,2026-03-20,ADBE
ADBE260320P00220000,220.0,1.0,1.06,1.37,47.0,233.0,0.4914601635742188,False,PUT,2026-03-20,ADBE
ADBE260320P00225000,225.0,1.43,1.34,1.52,17.0,228.0,0.4703422106933594,False,PUT,2026-03-20,ADBE
ADBE260320P00230000,230.0,1.82,1.7,1.93,5.0,619.0,0.46484910156250003,False,PUT,2026-03-20,ADBE
ADBE260320P00235000,235.0,2.48,2.14,2.37,11.0,47.0,0.4563042651367188,False,PUT,2026-03-20,ADBE
ADBE260320P00240000,240.0,2.85,2.68,2.92,31.0,478.0,0.4489801196289062,False,PUT,2026-03-20,ADBE
ADBE260320P00245000,245.0,3.5,3.3,3.6,9.0,53.0,0.4428156304931641,False,PUT,2026-03-20,ADBE
ADBE260320P00250000,250.0,4.25,4.1,4.4,424.0,1464.0,0.43659010681152344,False,PUT,2026-03-20,ADBE
ADBE260320P00255000,255.0,5.35,5.05,5.25,34.0,224.0,0.42737389038085943,False,PUT,2026-03-20,ADBE
ADBE260320P00260000,260.0,6.6,6.15,6.55,180.0,505.0,0.42792320129394534,False,PUT,2026-03-20,ADBE
ADBE260320P00265000,265.0,7.92,7.5,7.9,9.0,401.0,0.42407802490234375,False,PUT,2026-03-20,ADBE
ADBE260320P00270000,270.0,9.31,8.95,9.35,364.0,1373.0,0.41785250122070305,False,PUT,2026-03-20,ADBE
ADBE260320P00275000,275.0,10.9,10.7,11.2,250.0,448.0,0.4168149139404296,False,PUT,2026-03-20,ADBE
ADBE260320P00280000,280.0,13.02,12.7,13.25,310.0,1536.0,0.41528905029296875,False,PUT,2026-03-20,ADBE
ADBE260320P00285000,285.0,15.81,14.9,15.25,68.0,355.0,0.4073240420532227,False,PUT,2026-03-20,ADBE
ADBE260320P00290000,290.0,18.22,17.3,17.95,142.0,1551.0,0.41061990753173827,True,PUT,2026-03-20,ADBE
ADBE260320P00295000,295.0,20.8,20.0,20.55,71.0,1623.0,0.4063780065917969,True,PUT,2026-03-20,ADBE
ADBE260320P00300000,300.0,23.85,22.8,23.6,88.0,4724.0,0.40750714569091795,True,PUT,2026-03-20,ADBE
ADBE260320P00305000,305.0,27.1,25.95,26.65,84.0,975.0,0.40369248657226564,True,PUT,2026-03-20,ADBE
ADBE260320P00310000,310.0,30.07,29.0,30.05,12.0,1313.0,0.40344834838867194,True,PUT,2026-03-20,ADBE
ADBE260320P00315000,315.0,34.41,32.4,35.45,1.0,639.0,0.44965149963378903,True,PUT,2026-03-20,ADBE
ADBE260320P00320000,320.0,37.93,35.95,39.9,15.0,4695.0,0.4697928997802735,True,PUT,2026-03-20,ADBE
ADBE260320P00325000,325.0,42.46,39.85,41.35,7.0,444.0,0.4037535211181641,True,PUT,2026-03-20,ADBE
ADBE260320P00330000,330.0,45.68,43.7,47.65,13.0,998.0,0.4707694525146484,True,PUT,2026-03-20,ADBE
ADBE260320P00335000,335.0,44.14,47.8,51.75,3.0,641.0,0.47247841979980465,True,PUT,2026-03-20,ADBE
ADBE260320P00340000,340.0,52.78,52.45,55.95,1.0,2130.0,0.47400428344726564,True,PUT,2026-03-20,ADBE
ADBE260320P00345000,345.0,58.93,56.4,60.55,1.0,771.0,0.48602808898925787,True,PUT,2026-03-20,ADBE
ADBE260320P00350000,350.0,65.15,60.6,65.25,2.0,893.0,0.4998218963623047,True,PUT,2026-03-20,ADBE
ADBE260320P00355000,355.0,66.05,64.9,70.05,1.0,460.0,0.5158739819335938,True,PUT,2026-03-20,ADBE
ADBE260320P00360000,360.0,72.27,69.8,75.0,12.0,749.0,0.5365646929931642,True,PUT,2026-03-20,ADBE
ADBE260320P00365000,365.0,64.5,73.95,79.9,1.0,94.0,0.5545698840332032,True,PUT,2026-03-20,ADBE
ADBE260320P00370000,370.0,77.94,79.05,84.7,10.0,1053.0,0.5678754150390625,True,PUT,2026-03-20,ADBE
ADBE260320P00375000,375.0,67.81,84.2,89.5,1.0,50.0,0.5801433587646485,True,PUT,2026-03-20,ADBE
ADBE260417C00210000,210.0,91.87,80.0,84.85,3.0,5.0,0.5367477966308594,True,CALL,2026-04-17,ADBE
ADBE260417C00220000,220.0,82.7,70.65,75.55,2.0,9.0,0.50586431640625,True,CALL,2026-04-17,ADBE
ADBE260417C00230000,230.0,71.0,61.35,66.65,2.0,5.0,0.5654950677490236,True,CALL,2026-04-17,ADBE
ADBE260417C00235000,235.0,65.41,57.5,62.1,12.0,34.0,0.543644700317383,True,CALL,2026-04-17,ADBE
ADBE260417C00240000,240.0,63.87,52.8,57.95,2.0,36.0,0.5319260675048829,True,CALL,2026-04-17,ADBE
ADBE260417C00245000,245.0,50.95,48.85,53.15,2.0,23.0,0.5012256909179689,True,CALL,2026-04-17,ADBE
ADBE260417C00250000,250.0,46.85,45.15,49.7,2.0,87.0,0.5038196591186525,True,CALL,2026-04-17,ADBE
ADBE260417C00255000,255.0,85.5,41.45,44.25,2.0,33.0,0.4556634024047852,True,CALL,2026-04-17,ADBE
ADBE260417C00260000,260.0,52.45,37.85,42.05,2.0,66.0,0.48163360168457037,True,CALL,2026-04-17,ADBE
ADBE260417C00265000,265.0,36.85,34.6,37.4,2.0,33.0,0.44946839599609373,True,CALL,2026-04-17,ADBE
ADBE260417C00270000,270.0,31.33,31.35,34.45,1.0,105.0,0.4512994323730469,True,CALL,2026-04-17,ADBE
ADBE260417C00275000,275.0,41.4,28.4,30.95,3.0,59.0,0.43875683319091796,True,CALL,2026-04-17,ADBE
ADBE260417C00280000,280.0,31.76,25.9,28.65,8.0,33.0,0.44669132415771484,True,CALL,2026-04-17,ADBE
ADBE260417C00285000,285.0,25.05,24.25,25.35,31.0,35.0,0.43210406768798826,True,CALL,2026-04-17,ADBE
ADBE260417C00290000,290.0,21.5,22.0,23.05,85.0,67.0,0.43341631042480466,False,CALL,2026-04-17,ADBE
ADBE260417C00295000,295.0,26.45,18.55,20.7,1.0,109.0,0.43063923858642583,False,CALL,2026-04-17,ADBE
ADBE260417C00300000,300.0,17.51,17.35,18.55,23.0,190.0,0.4285030294799804,False,CALL,2026-04-17,ADBE
ADBE260417C00305000,305.0,15.21,15.4,16.7,19.0,88.0,0.42896078857421877,False,CALL,2026-04-17,ADBE
ADBE260417C00310000,310.0,13.4,13.8,14.85,22.0,148.0,0.42648888946533214,False,CALL,2026-04-17,ADBE
ADBE260417C00315000,315.0,12.5,12.25,12.8,15.0,114.0,0.4170895693969726,False,CALL,2026-04-17,ADBE
ADBE260417C00320000,320.0,11.05,11.0,11.25,31.0,420.0,0.4144345666503906,False,CALL,2026-04-17,ADBE
ADBE260417C00325000,325.0,9.75,9.45,9.95,14.0,235.0,0.41403784210205075,False,CALL,2026-04-17,ADBE
ADBE260417C00330000,330.0,8.55,8.35,8.8,20.0,302.0,0.41415991119384765,False,CALL,2026-04-17,ADBE
ADBE260417C00335000,335.0,7.5,7.25,7.75,3.0,80.0,0.4138852557373046,False,CALL,2026-04-17,ADBE
ADBE260417C00340000,340.0,6.5,6.35,6.8,10.0,446.0,0.41345801391601555,False,CALL,2026-04-17,ADBE
ADBE260417C00345000,345.0,5.3,5.5,6.1,7.0,333.0,0.41687594848632803,False,CALL,2026-04-17,ADBE
ADBE260417C00350000,350.0,5.11,4.85,5.35,26.0,509.0,0.4168149139404296,False,CALL,2026-04-17,ADBE
ADBE260417C00355000,355.0,4.5,4.25,4.65,8.0,172.0,0.41583836120605466,False,CALL,2026-04-17,ADBE
ADBE260417C00360000,360.0,3.95,3.8,3.95,11.0,700.0,0.4122983575439453,False,CALL,2026-04-17,ADBE
ADBE260417C00365000,365.0,3.32,3.05,3.65,80.0,304.0,0.4195614685058594,False,CALL,2026-04-17,ADBE
ADBE260417C00370000,370.0,2.98,2.73,3.2,214.0,635.0,0.42023284851074216,False,CALL,2026-04-17,ADBE
ADBE260417C00375000,375.0,2.59,2.38,2.84,78.0,247.0,0.42236905761718746,False,CALL,2026-04-17,ADBE
ADBE260417P00210000,210.0,0.93,1.21,1.51,1.0,90.0,0.45825737060546884,False,PUT,2026-04-17,ADBE
ADBE260417P00215000,215.0,1.28,1.18,1.99,,31.0,0.4600884069824219,False,PUT,2026-04-17,ADBE
ADBE260417P00220000,220.0,2.02,1.82,2.14,5.0,210.0,0.43994700683593746,False,PUT,2026-04-17,ADBE
ADBE260417P00225000,225.0,1.79,1.99,3.0,2.0,12.0,0.4519097778320313,False,PUT,2026-04-17,ADBE
ADBE260417P00230000,230.0,2.3,2.73,3.8,6.0,268.0,0.45404598693847653,False,PUT,2026-04-17,ADBE
ADBE260417P00235000,235.0,3.85,3.35,4.1,3.0,128.0,0.43408769042968753,False,PUT,2026-04-17,ADBE
ADBE260417P00240000,240.0,4.65,4.15,4.8,1.0,340.0,0.4262142340087891,False,PUT,2026-04-17,ADBE
ADBE260417P00245000,245.0,5.1,5.0,5.35,9.0,288.0,0.4110166320800781,False,PUT,2026-04-17,ADBE
ADBE260417P00250000,250.0,6.48,5.95,6.2,20.0,263.0,0.40228869201660156,False,PUT,2026-04-17,ADBE
ADBE260417P00255000,255.0,7.07,7.1,7.35,11.0,189.0,0.3982909292602539,False,PUT,2026-04-17,ADBE
ADBE260417P00260000,260.0,8.62,8.4,8.65,12.0,209.0,0.3942626492309571,False,PUT,2026-04-17,ADBE
ADBE260417P00265000,265.0,10.0,9.85,10.1,2.0,260.0,0.3899902310180664,False,PUT,2026-04-17,ADBE
ADBE260417P00270000,270.0,12.2,11.5,11.8,3.0,711.0,0.3873962628173828,False,PUT,2026-04-17,ADBE
ADBE260417P00275000,275.0,14.5,13.35,13.8,4.0,410.0,0.387152124633789,False,PUT,2026-04-17,ADBE
ADBE260417P00280000,280.0,16.5,15.4,15.8,22.0,764.0,0.3830933273315429,False,PUT,2026-04-17,ADBE
ADBE260417P00285000,285.0,18.85,17.65,18.15,10.0,922.0,0.3821472918701171,False,PUT,2026-04-17,ADBE
ADBE260417P00290000,290.0,20.92,20.0,20.55,19.0,302.0,0.3784547018432617,True,PUT,2026-04-17,ADBE
ADBE260417P00295000,295.0,22.52,22.5,24.35,16.0,243.0,0.39728385925292964,True,PUT,2026-04-17,ADBE
ADBE260417P00300000,300.0,25.95,25.45,27.1,7.0,715.0,0.39313351013183595,True,PUT,2026-04-17,ADBE
ADBE260417P00305000,305.0,29.03,28.55,29.1,11.0,446.0,0.37134417724609375,True,PUT,2026-04-17,ADBE
ADBE260417P00310000,310.0,34.0,31.45,34.75,8.0,359.0,0.41605198211669914,True,PUT,2026-04-17,ADBE
ADBE260417P00315000,315.0,36.65,35.1,38.05,8.0,177.0,0.4132749102783203,True,PUT,2026-04-17,ADBE
ADBE260417P00320000,320.0,41.85,38.45,42.8,14.0,297.0,0.4368037277221679,True,PUT,2026-04-17,ADBE
ADBE260417P00325000,325.0,39.5,41.45,45.75,2.0,219.0,0.42154509124755857,True,PUT,2026-04-17,ADBE
ADBE260417P00330000,330.0,48.15,45.75,47.3,5.0,336.0,0.3701845208740234,True,PUT,2026-04-17,ADBE
ADBE260417P00335000,335.0,39.43,48.75,53.2,1.0,277.0,0.414068359375,True,PUT,2026-04-17,ADBE
ADBE260417P00340000,340.0,56.55,53.85,57.7,5.0,287.0,0.4245357839965821,True,PUT,2026-04-17,ADBE
ADBE260417P00345000,345.0,55.6,58.3,62.8,2.0,184.0,0.4483087396240234,True,PUT,2026-04-17,ADBE
ADBE260417P00350000,350.0,57.0,62.3,66.1,2.0,181.0,0.42517664672851563,True,PUT,2026-04-17,ADBE
ADBE260417P00355000,355.0,70.55,65.95,71.05,2.0,197.0,0.4430597686767578,True,PUT,2026-04-17,ADBE
ADBE260417P00360000,360.0,73.04,70.35,75.45,2.0,299.0,0.4445245977783203,True,PUT,2026-04-17,ADBE
ADBE260417P00365000,365.0,76.55,75.0,80.65,10.0,75.0,0.4682670361328125,True,PUT,2026-04-17,ADBE
ADBE260417P00370000,370.0,77.58,79.95,85.0,2.0,116.0,0.4658866888427735,True,PUT,2026-04-17,ADBE
ADBE260417P00375000,375.0,78.67,83.85,90.0,2.0,51.0,0.48254911987304694,True,PUT,2026-04-17,ADBE
ADBE260515C00210000,210.0,126.75,81.1,86.1,2.0,49.0,0.5083056982421875,True,CALL,2026-05-15,ADBE
ADBE260515C00220000,220.0,73.8,72.0,77.45,2.0,34.0,0.5696454168701173,True,CALL,2026-05-15,ADBE
ADBE260515C00230000,230.0,65.65,63.8,68.8,2.0,11.0,0.5407760766601564,True,CALL,2026-05-15,ADBE
ADBE260515C00240000,240.0,72.55,55.7,59.45,10.0,41.0,0.491765336303711,True,CALL,2026-05-15,ADBE
ADBE260515C00250000,250.0,64.05,49.1,51.85,11.0,34.0,0.4774222180175781,True,CALL,2026-05-15,ADBE
ADBE260515C00260000,260.0,55.9,41.4,43.8,4.0,26.0,0.44690494506835937,True,CALL,2026-05-15,ADBE
ADBE260515C00270000,270.0,48.03,34.85,38.05,2.0,23.0,0.4506890869140625,True,CALL,2026-05-15,ADBE
ADBE260515C00280000,280.0,31.1,30.8,31.4,5.0,81.0,0.4293269958496094,True,CALL,2026-05-15,ADBE
ADBE260515C00290000,290.0,25.35,25.5,26.9,17.0,96.0,0.4343013113403321,False,CALL,2026-05-15,ADBE
ADBE260515C00300000,300.0,20.86,21.15,21.6,31.0,292.0,0.41702853485107416,False,CALL,2026-05-15,ADBE
ADBE260515C00310000,310.0,16.79,17.4,17.75,42.0,269.0,0.41394629028320307,False,CALL,2026-05-15,ADBE
ADBE260515C00320000,320.0,14.08,14.1,14.45,21.0,150.0,0.41107766662597656,False,CALL,2026-05-15,ADBE
ADBE260515C00330000,330.0,11.1,11.35,11.7,3.0,182.0,0.40918559570312496,False,CALL,2026-05-15,ADBE
ADBE260515C00340000,340.0,9.38,9.0,9.45,13.0,284.0,0.40845318115234375,False,CALL,2026-05-15,ADBE
ADBE260515C00350000,350.0,7.2,7.1,7.6,32.0,433.0,0.4081480084228516,False,CALL,2026-05-15,ADBE
ADBE260515C00360000,360.0,5.69,5.65,6.1,11.0,315.0,0.4084226638793945,False,CALL,2026-05-15,ADBE
ADBE260515C00370000,370.0,4.25,4.15,5.0,4.0,444.0,0.41199318481445313,False,CALL,2026-05-15,ADBE
ADBE260515P00210000,210.0,2.1,2.15,2.45,48.0,418.0,0.442388388671875,False,PUT,2026-05-15,ADBE
ADBE260515P00220000,220.0,3.12,2.82,3.55,2.0,1146.0,0.4348201049804688,False,PUT,2026-05-15,ADBE
ADBE260515P00230000,230.0,4.41,4.2,4.6,188.0,594.0,0.41535008483886715,False,PUT,2026-05-15,ADBE
ADBE260515P00240000,240.0,6.6,5.8,6.35,11.0,1330.0,0.40717145568847657,False,PUT,2026-05-15,ADBE
ADBE260515P00250000,250.0,8.3,7.9,8.05,2.0,997.0,0.3877624700927734,False,PUT,2026-05-15,ADBE
ADBE260515P00260000,260.0,10.55,10.35,10.9,107.0,279.0,0.38318487915039057,False,PUT,2026-05-15,ADBE
ADBE260515P00270000,270.0,13.74,13.8,14.15,11.0,822.0,0.37470107727050783,False,PUT,2026-05-15,ADBE
ADBE260515P00280000,280.0,17.8,17.85,18.2,27.0,741.0,0.36902486450195315,False,PUT,2026-05-15,ADBE
ADBE260515P00290000,290.0,23.0,22.65,23.25,136.0,487.0,0.36853658813476564,True,PUT,2026-05-15,ADBE
ADBE260515P00300000,300.0,28.72,28.05,28.75,3.0,903.0,0.3642946871948243,True,PUT,2026-05-15,ADBE
ADBE260515P00310000,310.0,36.68,34.15,34.9,1.0,136.0,0.35999175170898434,True,PUT,2026-05-15,ADBE
ADBE260515P00320000,320.0,34.29,40.4,43.1,2.0,324.0,0.38052987640380853,True,PUT,2026-05-15,ADBE
ADBE260515P00330000,330.0,41.2,48.05,52.65,2.0,362.0,0.41831026031494134,True,PUT,2026-05-15,ADBE
ADBE260515P00340000,340.0,45.19,55.3,58.55,1.0,330.0,0.38211677459716786,True,PUT,2026-05-15,ADBE
ADBE260515P00350000,350.0,57.44,63.95,68.15,2.0,156.0,0.41046732116699214,True,PUT,2026-05-15,ADBE
ADBE260515P00360000,360.0,64.55,72.7,77.0,1.0,185.0,0.4190731921386719,True,PUT,2026-05-15,ADBE
ADBE260515P00370000,370.0,81.0,80.4,85.65,21.0,133.0,0.417425259399414,True,PUT,2026-05-15,ADBE
ADBE260618C00210000,210.0,95.28,84.2,89.05,24.0,29.0,0.5309495147705079,True,CALL,2026-06-18,ADBE
ADBE260618C00220000,220.0,77.27,75.55,79.35,2.0,46.0,0.5404709039306643,True,CALL,2026-06-18,ADBE
ADBE260618C00230000,230.0,78.09,67.2,71.95,16.0,70.0,0.5364426239013673,True,CALL,2026-06-18,ADBE
ADBE260618C00240000,240.0,70.34,59.5,64.1,4.0,223.0,0.5166979483032227,True,CALL,2026-06-18,ADBE
ADBE260618C00250000,250.0,55.4,52.45,56.0,3.0,141.0,0.4879506771850587,True,CALL,2026-06-18,ADBE
ADBE260618C00260000,260.0,52.75,46.45,48.45,2.0,358.0,0.4642082388305664,True,CALL,2026-06-18,ADBE
ADBE260618C00270000,270.0,51.9,40.1,42.5,1.0,341.0,0.45966116516113287,True,CALL,2026-06-18,ADBE
ADBE260618C00280000,280.0,33.59,35.6,36.75,7.0,264.0,0.4510247769165039,True,CALL,2026-06-18,ADBE
ADBE260618C00290000,290.0,31.15,30.7,31.7,24.0,377.0,0.44565373687744136,False,CALL,2026-06-18,ADBE
ADBE260618C00300000,300.0,27.2,26.25,27.6,18.0,587.0,0.4468744277954102,False,CALL,2026-06-18,ADBE
ADBE260618C00310000,310.0,23.0,22.25,22.95,5.0,213.0,0.43387406951904295,False,CALL,2026-06-18,ADBE
ADBE260618C00320000,320.0,18.5,19.0,19.7,38.0,298.0,0.43424027679443367,False,CALL,2026-06-18,ADBE
ADBE260618C00330000,330.0,16.43,15.6,16.25,39.0,490.0,0.4256344058227539,False,CALL,2026-06-18,ADBE
ADBE260618C00340000,340.0,13.28,13.1,13.75,16.0,514.0,0.4252376812744141,False,CALL,2026-06-18,ADBE
ADBE260618C00350000,350.0,11.0,11.0,11.5,506.0,1141.0,0.42331509307861326,False,CALL,2026-06-18,ADBE
ADBE260618C00360000,360.0,9.4,8.8,9.75,9.0,432.0,0.4246578530883789,False,CALL,2026-06-18,ADBE
ADBE260618C00370000,370.0,7.95,7.65,8.15,3.0,775.0,0.42401699035644536,False,CALL,2026-06-18,ADBE
ADBE260618P00210000,210.0,4.13,3.7,4.25,1.0,579.0,0.44946839599609373,False,PUT,2026-06-18,ADBE
ADBE260618P00220000,220.0,5.05,5.0,5.45,38.0,3267.0,0.43420975952148444,False,PUT,2026-06-18,ADBE
ADBE260618P00230000,230.0,7.05,6.65,7.3,20.0,2148.0,0.428014753112793,False,PUT,2026-06-18,ADBE
ADBE260618P00240000,240.0,8.83,8.7,9.4,49.0,2379.0,0.4185849157714844,False,PUT,2026-06-18,ADBE
ADBE260618P00250000,250.0,11.45,11.15,11.6,26.0,735.0,0.4035399002075196,False,PUT,2026-06-18,ADBE
ADBE260618P00260000,260.0,14.56,14.05,14.4,44.0,1604.0,0.3919128192138671,False,PUT,2026-06-18,ADBE
ADBE260618P00270000,270.0,18.54,17.6,18.15,88.0,999.0,0.3874572973632812,False,PUT,2026-06-18,ADBE
ADBE260618P00280000,280.0,22.55,21.85,22.8,41.0,2719.0,0.3878235046386719,False,PUT,2026-06-18,ADBE
ADBE260618P00290000,290.0,27.75,26.5,28.5,149.0,983.0,0.3945983392333985,True,PUT,2026-06-18,ADBE
ADBE260618P00300000,300.0,32.4,31.9,33.6,113.0,2027.0,0.38504643280029294,True,PUT,2026-06-18,ADBE
ADBE260618P00310000,310.0,40.27,37.85,40.75,1.0,747.0,0.39679558288574224,True,PUT,2026-06-18,ADBE
ADBE260618P00320000,320.0,46.95,44.4,46.95,10.0,1093.0,0.38828126373291016,True,PUT,2026-06-18,ADBE
ADBE260618P00330000,330.0,51.3,51.35,54.65,4.0,992.0,0.3950560983276368,True,PUT,2026-06-18,ADBE
ADBE260618P00340000,340.0,58.76,58.75,61.35,4.0,799.0,0.38004160003662113,True,PUT,2026-06-18,ADBE
ADBE260618P00350000,350.0,70.0,66.7,69.75,1.0,1507.0,0.3862060891723632,True,PUT,2026-06-18,ADBE
ADBE260618P00360000,360.0,62.57,74.45,78.35,20.0,632.0,0.3912109219360351,True,PUT,2026-06-18,ADBE
ADBE260618P00370000,370.0,86.0,82.25,88.0,5.0,861.0,0.4126645648193359,True,PUT,2026-06-18,ADBE
ADBE260717C00225000,225.0,86.0,72.25,76.65,5.0,7.0,0.5105029418945313,True,CALL,2026-07-17,ADBE
ADBE260717C00230000,230.0,84.95,68.0,73.7,1.0,8.0,0.5201464001464844,True,CALL,2026-07-17,ADBE
ADBE260717C00235000,235.0,121.1,64.1,69.2,4.0,2.0,0.5004932763671875,True,CALL,2026-07-17,ADBE
ADBE260717C00240000,240.0,63.53,61.55,65.0,5.0,17.0,0.48553981262207035,True,CALL,2026-07-17,ADBE
ADBE260717C00245000,245.0,73.0,56.6,61.3,7.0,14.0,0.4779104943847656,True,CALL,2026-07-17,ADBE
ADBE260717C00250000,250.0,62.85,54.25,57.75,1.0,8.0,0.47137979797363283,True,CALL,2026-07-17,ADBE
ADBE260717C00255000,255.0,63.95,52.05,54.35,14.0,21.0,0.46579513702392583,True,CALL,2026-07-17,ADBE
ADBE260717C00260000,260.0,60.2,47.5,51.4,19.0,50.0,0.4653068606567383,True,CALL,2026-07-17,ADBE
ADBE260717C00265000,265.0,51.95,44.3,47.95,40.0,56.0,0.45621271331787117,True,CALL,2026-07-17,ADBE
ADBE260717C00270000,270.0,50.14,41.55,44.85,5.0,20.0,0.4507043455505371,True,CALL,2026-07-17,ADBE
ADBE260717C00275000,275.0,48.5,38.3,41.95,1.0,21.0,0.44652347915649415,True,CALL,2026-07-17,ADBE
ADBE260717C00280000,280.0,39.12,37.25,39.2,18.0,30.0,0.44290718231201176,True,CALL,2026-07-17,ADBE
ADBE260717C00285000,285.0,43.64,34.0,36.75,1.0,31.0,0.441762784576416,True,CALL,2026-07-17,ADBE
ADBE260717C00290000,290.0,31.5,31.45,33.95,1.0,8.0,0.4346675186157227,False,CALL,2026-07-17,ADBE
ADBE260717C00295000,295.0,29.5,30.3,31.8,1.0,32.0,0.4345301908874512,False,CALL,2026-07-17,ADBE
ADBE260717C00300000,300.0,28.0,26.75,29.4,3.0,80.0,0.4297847549438477,False,CALL,2026-07-17,ADBE
ADBE260717C00305000,305.0,33.5,23.45,27.3,1.0,14.0,0.4274959594726563,False,CALL,2026-07-17,ADBE
ADBE260717C00310000,310.0,32.2,21.15,25.5,3.0,37.0,0.4276485458374024,False,CALL,2026-07-17,ADBE
ADBE260717C00315000,315.0,21.9,21.55,23.55,1.0,47.0,0.42456630126953127,False,CALL,2026-07-17,ADBE
ADBE260717C00320000,320.0,26.4,20.1,21.65,2.0,43.0,0.42081267669677735,False,CALL,2026-07-17,ADBE
ADBE260717C00325000,325.0,24.6,18.55,20.0,1.0,19.0,0.4189816403198242,False,CALL,2026-07-17,ADBE
ADBE260717C00330000,330.0,16.85,17.1,18.45,3.0,64.0,0.4171811212158203,False,CALL,2026-07-17,ADBE
ADBE260717C00335000,335.0,16.0,15.75,16.95,3.0,74.0,0.41480077392578124,False,CALL,2026-07-17,ADBE
ADBE260717C00340000,340.0,20.0,14.25,15.8,2.0,82.0,0.41602146484374997,False,CALL,2026-07-17,ADBE
ADBE260717C00345000,345.0,13.9,12.15,14.6,5.0,8.0,0.4154263780212402,False,CALL,2026-07-17,ADBE
ADBE260717C00350000,350.0,15.37,10.35,13.45,2.0,35.0,0.4144345666503906,False,CALL,2026-07-17,ADBE
ADBE260717C00355000,355.0,15.79,10.95,12.45,2.0,19.0,0.41452611846923826,False,CALL,2026-07-17,ADBE
ADBE260717C00360000,360.0,14.6,10.6,11.5,4.0,106.0,0.4143430148315429,False,CALL,2026-07-17,ADBE
ADBE260717C00365000,365.0,10.35,10.0,10.7,4.0,37.0,0.4155331884765625,False,CALL,2026-07-17,ADBE
ADBE260717C00370000,370.0,9.5,9.05,9.85,6.0,66.0,0.4149533602905273,False,CALL,2026-07-17,ADBE
ADBE260717C00375000,375.0,7.65,8.35,9.1,2.0,49.0,0.415044912109375,False,CALL,2026-07-17,ADBE
ADBE260717P00210000,210.0,4.55,3.95,4.7,2.0,38.0,0.4221859539794922,False,PUT,2026-07-17,ADBE
ADBE260717P00220000,220.0,6.5,5.8,6.2,1.0,31.0,0.413519048461914,False,PUT,2026-07-17,ADBE
ADBE260717P00225000,225.0,5.83,6.65,7.3,10.0,31.0,0.41415991119384765,False,PUT,2026-07-17,ADBE
ADBE260717P00230000,230.0,6.57,7.6,9.8,1.0,143.0,0.439885972290039,False,PUT,2026-07-17,ADBE
ADBE260717P00235000,235.0,8.7,8.6,10.55,1.0,126.0,0.4279842358398438,False,PUT,2026-07-17,ADBE
ADBE260717P00240000,240.0,10.0,9.55,10.65,1.0,139.0,0.40369248657226564,False,PUT,2026-07-17,ADBE
ADBE260717P00245000,245.0,11.19,10.95,11.5,2.0,104.0,0.3922179919433594,False,PUT,2026-07-17,ADBE
ADBE260717P00250000,250.0,12.55,12.35,12.75,6.0,165.0,0.386175571899414,False,PUT,2026-07-17,ADBE
ADBE260717P00255000,255.0,14.71,13.8,15.05,1.0,46.0,0.3946288565063477,False,PUT,2026-07-17,ADBE
ADBE260717P00260000,260.0,16.37,15.45,16.05,5.0,49.0,0.3813233255004882,False,PUT,2026-07-17,ADBE
ADBE260717P00265000,265.0,14.2,16.8,17.75,25.0,105.0,0.3768983209228516,False,PUT,2026-07-17,ADBE
ADBE260717P00270000,270.0,17.75,19.1,19.7,10.0,190.0,0.37422805953979493,False,PUT,2026-07-17,ADBE
ADBE260717P00275000,275.0,21.75,21.15,23.45,1.0,75.0,0.3938964419555664,False,PUT,2026-07-17,ADBE
ADBE260717P00280000,280.0,22.6,21.95,24.6,172.0,175.0,0.3768067691040039,False,PUT,2026-07-17,ADBE
ADBE260717P00285000,285.0,26.9,25.8,27.2,4.0,236.0,0.3772645281982422,False,PUT,2026-07-17,ADBE
ADBE260717P00290000,290.0,25.19,28.15,29.15,2.0,240.0,0.3676821044921875,True,PUT,2026-07-17,ADBE
ADBE260717P00295000,295.0,31.2,30.65,32.7,2.0,71.0,0.37683728637695313,True,PUT,2026-07-17,ADBE
ADBE260717P00300000,300.0,35.0,33.25,35.55,1.0,161.0,0.37543349182128904,True,PUT,2026-07-17,ADBE
ADBE260717P00305000,305.0,36.55,35.9,38.75,1.0,90.0,0.37686780364990236,True,PUT,2026-07-17,ADBE
ADBE260717P00310000,310.0,32.95,38.75,42.4,1.0,54.0,0.38254401641845703,True,PUT,2026-07-17,ADBE
ADBE260717P00315000,315.0,34.19,40.85,45.55,2.0,41.0,0.3803620314025879,True,PUT,2026-07-17,ADBE
ADBE260717P00320000,320.0,36.73,45.7,48.95,1.0,156.0,0.3799805654907227,True,PUT,2026-07-17,ADBE
ADBE260717P00325000,325.0,35.98,48.9,52.15,1.0,20.0,0.3754945263671875,True,PUT,2026-07-17,ADBE
ADBE260717P00330000,330.0,41.85,52.05,56.9,1.0,11.0,0.39053954193115237,True,PUT,2026-07-17,ADBE
ADBE260717P00335000,335.0,52.64,55.3,59.15,1.0,57.0,0.3701540036010742,True,PUT,2026-07-17,ADBE
ADBE260717P00340000,340.0,56.14,59.15,62.3,1.0,8.0,0.36014433807373036,True,PUT,2026-07-17,ADBE
ADBE260717P00345000,345.0,65.53,63.55,66.05,1.0,4.0,0.35712312805175783,True,PUT,2026-07-17,ADBE
ADBE260717P00350000,350.0,67.2,67.15,70.45,2.0,45.0,0.3627688235473633,True,PUT,2026-07-17,ADBE
ADBE260717P00355000,355.0,70.38,71.85,76.5,1.0,3.0,0.39349971740722656,True,PUT,2026-07-17,ADBE
ADBE260717P00360000,360.0,65.38,75.6,79.45,1.0,19.0,0.3747926290893554,True,PUT,2026-07-17,ADBE
ADBE260717P00365000,365.0,74.54,80.25,83.5,1.0,2.0,0.37198503997802734,True,PUT,2026-07-17,ADBE
ADBE260717P00370000,370.0,71.55,84.5,88.85,10.0,9.0,0.39078368011474607,True,PUT,2026-07-17,ADBE
ADBE260717P00375000,375.0,75.69,87.8,92.15,2.0,4.0,0.37244279907226563,True,PUT,2026-07-17,ADBE
ADBE260821C00210000,210.0,92.95,86.2,92.05,1.0,9.0,0.5495955685424806,True,CALL,2026-08-21,ADBE
ADBE260821C00220000,220.0,144.5,78.0,83.6,4.0,5.0,0.5243883010864258,True,CALL,2026-08-21,ADBE
ADBE260821C00230000,230.0,77.89,71.4,75.65,2.0,14.0,0.5049487982177734,True,CALL,2026-08-21,ADBE
ADBE260821C00240000,240.0,73.62,63.85,67.3,1.0,11.0,0.47650669982910154,True,CALL,2026-08-21,ADBE
ADBE260821C00250000,250.0,65.0,55.5,60.15,1.0,15.0,0.4625755647277832,True,CALL,2026-08-21,ADBE
ADBE260821C00255000,255.0,65.8,53.6,57.9,2.0,20.0,0.47177652252197266,True,CALL,2026-08-21,ADBE
ADBE260821C00260000,260.0,90.25,50.25,53.7,2.0,28.0,0.45369503829956054,True,CALL,2026-08-21,ADBE
ADBE260821C00265000,265.0,59.5,47.25,51.35,6.0,13.0,0.4585930606079103,True,CALL,2026-08-21,ADBE
ADBE260821C00270000,270.0,47.88,44.45,47.5,2.0,23.0,0.4433039068603516,True,CALL,2026-08-21,ADBE
ADBE260821C00275000,275.0,71.55,41.7,44.65,6.0,4.0,0.43945873046875,True,CALL,2026-08-21,ADBE
ADBE260821C00280000,280.0,40.7,39.1,42.2,2.0,19.0,0.43919933364868163,True,CALL,2026-08-21,ADBE
ADBE260821C00285000,285.0,38.0,37.65,39.35,15.0,8.0,0.4329585513305664,True,CALL,2026-08-21,ADBE
ADBE260821C00290000,290.0,45.0,33.95,36.85,15.0,18.0,0.42969320312500003,False,CALL,2026-08-21,ADBE
ADBE260821C00295000,295.0,41.5,31.75,34.55,16.0,28.0,0.42758751129150396,False,CALL,2026-08-21,ADBE
ADBE260821C00300000,300.0,29.5,29.9,32.5,1.0,116.0,0.42722130401611336,False,CALL,2026-08-21,ADBE
ADBE260821C00305000,305.0,59.5,26.35,30.1,4.0,11.0,0.42163664306640625,False,CALL,2026-08-21,ADBE
ADBE260821C00310000,310.0,33.5,24.0,28.3,3.0,26.0,0.42185026397705083,False,CALL,2026-08-21,ADBE
ADBE260821C00315000,315.0,29.4,22.15,26.25,1.0,21.0,0.41806612213134764,False,CALL,2026-08-21,ADBE
ADBE260821C00320000,320.0,23.0,22.45,24.55,1.0,17.0,0.41727267303466786,False,CALL,2026-08-21,ADBE
ADBE260821C00325000,325.0,28.75,21.25,23.0,1.0,141.0,0.41715060394287107,False,CALL,2026-08-21,ADBE
ADBE260821C00330000,330.0,23.4,19.8,21.25,10.0,279.0,0.4136411175537109,False,CALL,2026-08-21,ADBE
ADBE260821C00335000,335.0,20.05,17.85,20.25,3.0,48.0,0.4181271566772461,False,CALL,2026-08-21,ADBE
ADBE260821C00340000,340.0,19.26,17.0,18.6,77.0,111.0,0.4137631866455078,False,CALL,2026-08-21,ADBE
ADBE260821C00345000,345.0,18.4,14.0,17.15,28.0,75.0,0.41081826980590824,False,CALL,2026-08-21,ADBE
ADBE260821C00350000,350.0,20.54,14.6,16.1,1.0,446.0,0.4119626675415039,False,CALL,2026-08-21,ADBE
ADBE260821C00355000,355.0,14.0,13.75,14.95,1.0,39.0,0.4109250802612304,False,CALL,2026-08-21,ADBE
ADBE260821C00360000,360.0,12.74,12.7,13.8,3.0,153.0,0.4089719747924804,False,CALL,2026-08-21,ADBE
ADBE260821C00365000,365.0,12.7,11.7,13.0,1.0,309.0,0.41089456298828125,False,CALL,2026-08-21,ADBE
ADBE260821C00370000,370.0,15.1,10.05,12.05,4.0,109.0,0.4099485275268554,False,CALL,2026-08-21,ADBE
ADBE260821C00375000,375.0,11.99,10.15,11.1,2.0,73.0,0.4081480084228516,False,CALL,2026-08-21,ADBE
ADBE260821P00210000,210.0,4.49,5.2,5.7,20.0,35.0,0.40906352661132805,False,PUT,2026-08-21,ADBE
ADBE260821P00220000,220.0,7.25,6.8,7.5,3.0,181.0,0.4036619692993164,False,PUT,2026-08-21,ADBE
ADBE260821P00230000,230.0,9.7,8.7,9.6,1.0,188.0,0.39707023834228516,False,PUT,2026-08-21,ADBE
ADBE260821P00240000,240.0,11.2,11.0,12.1,102.0,352.0,0.39075316284179684,False,PUT,2026-08-21,ADBE
ADBE260821P00250000,250.0,11.38,13.85,16.15,10.0,167.0,0.40061024200439455,False,PUT,2026-08-21,ADBE
ADBE260821P00255000,255.0,12.4,14.95,16.35,1.0,400.0,0.37735608001708976,False,PUT,2026-08-21,ADBE
ADBE260821P00260000,260.0,14.38,16.85,19.85,20.0,206.0,0.39766532516479497,False,PUT,2026-08-21,ADBE
ADBE260821P00265000,265.0,16.05,18.8,21.95,1.0,15.0,0.3971312728881836,False,PUT,2026-08-21,ADBE
ADBE260821P00270000,270.0,22.05,21.0,22.45,1.0,21.0,0.3751588363647461,False,PUT,2026-08-21,ADBE
ADBE260821P00275000,275.0,20.27,23.05,24.15,1.0,3.0,0.36723960403442385,False,PUT,2026-08-21,ADBE
ADBE260821P00280000,280.0,26.4,25.35,27.15,1.0,296.0,0.37363297271728513,False,PUT,2026-08-21,ADBE
ADBE260821P00285000,285.0,27.0,27.75,29.75,1.0,80.0,0.3735871968078613,False,PUT,2026-08-21,ADBE
ADBE260821P00290000,290.0,26.95,29.85,32.6,8.0,145.0,0.37500625,True,PUT,2026-08-21,ADBE
ADBE260821P00295000,295.0,31.4,32.4,36.95,2.0,33.0,0.3924010955810546,True,PUT,2026-08-21,ADBE
ADBE260821P00300000,300.0,37.08,35.3,38.5,1.0,309.0,0.375982802734375,True,PUT,2026-08-21,ADBE
ADBE260821P00305000,305.0,30.5,38.35,42.05,2.0,24.0,0.38138436004638665,True,PUT,2026-08-21,ADBE
ADBE260821P00310000,310.0,33.8,40.65,44.1,2.0,97.0,0.3681551222229004,True,PUT,2026-08-21,ADBE
ADBE260821P00315000,315.0,40.6,44.5,47.65,1.0,38.0,0.37103900451660154,True,PUT,2026-08-21,ADBE
ADBE260821P00320000,320.0,44.26,47.2,51.45,2.0,98.0,0.37573866455078125,True,PUT,2026-08-21,ADBE
ADBE260821P00325000,325.0,33.05,50.55,54.15,1.0,91.0,0.36615624084472653,True,PUT,2026-08-21,ADBE
ADBE260821P00330000,330.0,32.34,53.9,57.65,10.0,48.0,0.3648745153808594,True,PUT,2026-08-21,ADBE
ADBE260821P00335000,335.0,32.4,57.85,61.6,1.0,109.0,0.3680177944946289,True,PUT,2026-08-21,ADBE
ADBE260821P00340000,340.0,57.45,61.6,63.8,1.0,288.0,0.3476932907104492,True,PUT,2026-08-21,ADBE
ADBE260821P00345000,345.0,68.69,64.7,68.4,1.0,39.0,0.3569705416870117,True,PUT,2026-08-21,ADBE
ADBE260821P00350000,350.0,72.08,68.55,73.35,2.0,271.0,0.37030658996582033,True,PUT,2026-08-21,ADBE
ADBE260821P00355000,355.0,62.85,72.45,76.05,1.0,27.0,0.35202674346923823,True,PUT,2026-08-21,ADBE
ADBE260821P00360000,360.0,69.19,76.75,81.45,1.0,39.0,0.3705202108764648,True,PUT,2026-08-21,ADBE
ADBE260821P00365000,365.0,70.35,81.1,84.4,50.0,140.0,0.3526981234741211,True,PUT,2026-08-21,ADBE
ADBE260821P00370000,370.0,87.3,84.75,89.4,2.0,27.0,0.36447779083251963,True,PUT,2026-08-21,ADBE
ADBE260821P00375000,375.0,70.55,0.0,58.45,5.0,12.0,1.0000000000000003e-05,True,PUT,2026-08-21,ADBE
ADBE260918C00210000,210.0,159.53,88.2,94.1,1.0,8.0,0.5509688458251953,True,CALL,2026-09-18,ADBE
ADBE260918C00220000,220.0,84.95,81.45,85.35,2.0,6.0,0.5198107101440429,True,CALL,2026-09-18,ADBE
ADBE260918C00230000,230.0,77.45,73.35,77.35,3.0,10.0,0.4987537918090821,True,CALL,2026-09-18,ADBE
ADBE260918C00240000,240.0,79.12,66.5,70.05,1.0,9.0,0.4847768807983398,True,CALL,2026-09-18,ADBE
ADBE260918C00250000,250.0,62.42,59.55,63.15,2.0,35.0,0.4725089370727539,True,CALL,2026-09-18,ADBE
ADBE260918C00260000,260.0,60.3,52.0,56.75,1.0,38.0,0.4626518579101563,True,CALL,2026-09-18,ADBE
ADBE260918C00270000,270.0,53.0,47.25,51.4,1.0,16.0,0.4611259942626954,True,CALL,2026-09-18,ADBE
ADBE260918C00280000,280.0,44.95,42.25,45.35,2.0,64.0,0.447347445526123,True,CALL,2026-09-18,ADBE
ADBE260918C00290000,290.0,37.51,37.9,40.2,8.0,76.0,0.4398249377441406,False,CALL,2026-09-18,ADBE
ADBE260918C00300000,300.0,33.9,33.25,35.8,10.0,182.0,0.436529072265625,False,CALL,2026-09-18,ADBE
ADBE260918C00310000,310.0,28.75,29.35,31.65,3.0,120.0,0.43201251586914063,False,CALL,2026-09-18,ADBE
ADBE260918C00320000,320.0,26.85,24.45,28.0,1.0,108.0,0.42914389221191407,False,CALL,2026-09-18,ADBE
ADBE260918C00330000,330.0,25.8,22.75,24.9,5.0,173.0,0.42867087448120117,False,CALL,2026-09-18,ADBE
ADBE260918C00340000,340.0,20.5,19.25,21.55,2.0,288.0,0.4219112985229492,False,CALL,2026-09-18,ADBE
ADBE260918C00350000,350.0,17.95,17.1,19.2,6.0,1617.0,0.4231625067138671,False,CALL,2026-09-18,ADBE
ADBE260918C00360000,360.0,16.5,14.5,16.85,1.0,181.0,0.42139250488281255,False,CALL,2026-09-18,ADBE
ADBE260918C00370000,370.0,13.77,13.15,14.85,2.0,405.0,0.4208889698791504,False,CALL,2026-09-18,ADBE
ADBE260918P00210000,210.0,7.0,6.5,7.45,2.0,473.0,0.42090422851562503,False,PUT,2026-09-18,ADBE
ADBE260918P00220000,220.0,8.83,8.35,9.25,4.0,861.0,0.41083352844238286,False,PUT,2026-09-18,ADBE
ADBE260918P00230000,230.0,9.85,10.35,11.5,1.0,308.0,0.4032652447509766,False,PUT,2026-09-18,ADBE
ADBE260918P00240000,240.0,10.36,11.45,14.5,1.0,328.0,0.4014036911010742,False,PUT,2026-09-18,ADBE
ADBE260918P00250000,250.0,16.1,15.8,17.25,1.0,376.0,0.3903259210205078,False,PUT,2026-09-18,ADBE
ADBE260918P00260000,260.0,16.7,19.15,20.75,10.0,750.0,0.38410039733886714,False,PUT,2026-09-18,ADBE
ADBE260918P00270000,270.0,23.72,22.1,25.35,1.0,262.0,0.3857330714416503,False,PUT,2026-09-18,ADBE
ADBE260918P00280000,280.0,29.0,27.5,29.55,9.0,1912.0,0.37737133865356437,False,PUT,2026-09-18,ADBE
ADBE260918P00290000,290.0,33.32,32.35,34.55,4.0,1690.0,0.3731141790771484,True,PUT,2026-09-18,ADBE
ADBE260918P00300000,300.0,33.35,37.4,40.45,3.0,3660.0,0.3738160763549804,True,PUT,2026-09-18,ADBE
ADBE260918P00310000,310.0,45.48,43.75,46.2,1.0,516.0,0.36820089813232426,True,PUT,2026-09-18,ADBE
ADBE260918P00320000,320.0,51.97,49.95,53.3,1.0,2380.0,0.3729005581665039,True,PUT,2026-09-18,ADBE
ADBE260918P00330000,330.0,55.6,56.5,59.8,1.0,420.0,0.3667971035766602,True,PUT,2026-09-18,ADBE
ADBE260918P00340000,340.0,56.05,63.7,67.9,5.0,417.0,0.37499099136352537,True,PUT,2026-09-18,ADBE
ADBE260918P00350000,350.0,62.39,70.75,74.75,4.0,568.0,0.3647829635620118,True,PUT,2026-09-18,ADBE
ADBE260918P00360000,360.0,74.25,78.7,83.2,2.0,305.0,0.3704896936035156,True,PUT,2026-09-18,ADBE
ADBE260918P00370000,370.0,74.83,87.15,90.9,10.0,132.0,0.3631350308227539,True,PUT,2026-09-18,ADBE
ADBE261120C00210000,210.0,101.2,91.0,98.0,2.0,9.0,0.5462081512451173,True,CALL,2026-11-20,ADBE
ADBE261120C00220000,220.0,93.4,84.25,89.7,2.0,27.0,0.5208482974243164,True,CALL,2026-11-20,ADBE
ADBE261120C00230000,230.0,85.65,77.25,81.5,4.0,36.0,0.4955952540588379,True,CALL,2026-11-20,ADBE
ADBE261120C00240000,240.0,136.5,69.0,74.9,2.0,14.0,0.4881032635498047,True,CALL,2026-11-20,ADBE
ADBE261120C00250000,250.0,75.95,62.0,68.4,2.0,13.0,0.47842928802490237,True,CALL,2026-11-20,ADBE
ADBE261120C00255000,255.0,112.67,59.0,64.9,1.0,32.0,0.4697013479614258,True,CALL,2026-11-20,ADBE
ADBE261120C00260000,260.0,99.95,56.5,61.15,4.0,5.0,0.45770805969238293,True,CALL,2026-11-20,ADBE
ADBE261120C00265000,265.0,117.0,85.35,88.45,1.0,7.0,0.7574792318725586,True,CALL,2026-11-20,ADBE
ADBE261120C00270000,270.0,60.38,51.85,56.25,2.0,5.0,0.4591118542480469,True,CALL,2026-11-20,ADBE
ADBE261120C00275000,275.0,59.9,47.75,53.8,1.0,5.0,0.4584099569702149,True,CALL,2026-11-20,ADBE
ADBE261120C00280000,280.0,58.16,45.0,49.85,2.0,14.0,0.44183907775878906,True,CALL,2026-11-20,ADBE
ADBE261120C00285000,285.0,94.55,42.95,48.55,2.0,5.0,0.4510247769165039,True,CALL,2026-11-20,ADBE
ADBE261120C00290000,290.0,42.1,41.7,44.8,1.0,5.0,0.4351710536193848,False,CALL,2026-11-20,ADBE
ADBE261120C00295000,295.0,50.0,39.55,43.9,1.0,5.0,0.44646244461059575,False,CALL,2026-11-20,ADBE
ADBE261120C00300000,300.0,37.96,38.0,41.15,3.0,69.0,0.4389399368286133,False,CALL,2026-11-20,ADBE
ADBE261120C00305000,305.0,46.25,35.25,38.15,1.0,18.0,0.42828940856933595,False,CALL,2026-11-20,ADBE
ADBE261120C00310000,310.0,42.6,33.95,37.45,2.0,19.0,0.439031488647461,False,CALL,2026-11-20,ADBE
ADBE261120C00315000,315.0,35.18,31.9,34.2,10.0,19.0,0.4245357839965821,False,CALL,2026-11-20,ADBE
ADBE261120C00320000,320.0,30.94,29.7,32.4,8.0,57.0,0.4232235412597656,False,CALL,2026-11-20,ADBE
ADBE261120C00325000,325.0,36.0,26.65,30.95,1.0,25.0,0.4245815599060059,False,CALL,2026-11-20,ADBE
ADBE261120C00330000,330.0,28.2,27.1,29.35,1.0,105.0,0.42380336944580077,False,CALL,2026-11-20,ADBE
ADBE261120C00335000,335.0,31.0,25.7,27.6,1.0,73.0,0.4208584526062012,False,CALL,2026-11-20,ADBE
ADBE261120C00340000,340.0,29.76,23.0,27.1,1.0,125.0,0.42957113403320313,False,CALL,2026-11-20,ADBE
ADBE261120C00345000,345.0,26.0,22.8,25.15,3.0,40.0,0.4233456103515625,False,CALL,2026-11-20,ADBE
ADBE261120C00350000,350.0,21.84,19.95,24.7,5.0,58.0,0.43149372222900395,False,CALL,2026-11-20,ADBE
ADBE261120C00355000,355.0,23.0,19.05,23.05,1.0,35.0,0.4270076831054688,False,CALL,2026-11-20,ADBE
ADBE261120C00360000,360.0,27.05,19.2,21.9,1.0,90.0,0.42697716583251966,False,CALL,2026-11-20,ADBE
ADBE261120C00365000,365.0,19.8,18.65,19.6,1.0,25.0,0.41431249755859373,False,CALL,2026-11-20,ADBE
ADBE261120C00370000,370.0,35.15,16.35,18.9,6.0,48.0,0.41777620803833,False,CALL,2026-11-20,ADBE
ADBE261120C00375000,375.0,19.32,16.4,17.55,2.0,35.0,0.413717410736084,False,CALL,2026-11-20,ADBE
ADBE261120P00210000,210.0,8.1,7.85,10.6,2.0,70.0,0.4272823385620118,False,PUT,2026-11-20,ADBE
ADBE261120P00220000,220.0,10.2,8.65,12.55,10.0,87.0,0.41480077392578124,False,PUT,2026-11-20,ADBE
ADBE261120P00230000,230.0,12.08,12.25,13.75,5.0,25.0,0.3889526437377929,False,PUT,2026-11-20,ADBE
ADBE261120P00240000,240.0,14.11,13.3,16.6,1.0,132.0,0.3825134991455078,False,PUT,2026-11-20,ADBE
ADBE261120P00250000,250.0,18.56,17.55,21.5,3.0,153.0,0.3954680815124512,False,PUT,2026-11-20,ADBE
ADBE261120P00255000,255.0,17.58,17.5,23.35,1.0,7.0,0.39279782012939457,False,PUT,2026-11-20,ADBE
ADBE261120P00260000,260.0,22.04,19.5,23.5,1.0,70.0,0.3707185731506348,False,PUT,2026-11-20,ADBE
ADBE261120P00265000,265.0,24.08,22.8,25.55,1.0,24.0,0.36864339859008793,False,PUT,2026-11-20,ADBE
ADBE261120P00270000,270.0,26.2,24.9,27.3,1.0,122.0,0.3624026162719727,False,PUT,2026-11-20,ADBE
ADBE261120P00275000,275.0,25.54,28.15,30.8,1.0,47.0,0.3729921099853516,False,PUT,2026-11-20,ADBE
ADBE261120P00280000,280.0,29.33,27.95,33.25,1.0,154.0,0.3716798672485352,False,PUT,2026-11-20,ADBE
ADBE261120P00285000,285.0,32.0,31.55,36.8,1.0,28.0,0.38017892776489254,False,PUT,2026-11-20,ADBE
ADBE261120P00290000,290.0,34.29,33.4,38.1,1.0,69.0,0.36557641265869145,True,PUT,2026-11-20,ADBE
ADBE261120P00295000,295.0,39.0,36.9,40.0,1.0,85.0,0.35605502349853513,True,PUT,2026-11-20,ADBE
ADBE261120P00300000,300.0,35.3,39.3,43.15,1.0,263.0,0.35765718032836913,True,PUT,2026-11-20,ADBE
ADBE261120P00305000,305.0,40.25,42.85,46.15,1.0,29.0,0.3568637312316894,True,PUT,2026-11-20,ADBE
ADBE261120P00310000,310.0,36.25,44.75,49.5,2.0,26.0,0.3585116639709473,True,PUT,2026-11-20,ADBE
ADBE261120P00315000,315.0,47.64,48.4,53.0,2.0,61.0,0.36070890762329094,True,PUT,2026-11-20,ADBE
ADBE261120P00320000,320.0,25.05,51.45,55.75,2.0,26.0,0.35477329803466784,True,PUT,2026-11-20,ADBE
ADBE261120P00325000,325.0,51.71,54.05,57.95,10.0,19.0,0.3424748370361328,True,PUT,2026-11-20,ADBE
ADBE261120P00330000,330.0,51.28,57.0,62.9,1.0,134.0,0.3563907135009765,True,PUT,2026-11-20,ADBE
ADBE261120P00335000,335.0,56.01,62.25,65.6,2.0,41.0,0.3472050143432617,True,PUT,2026-11-20,ADBE
ADBE261120P00340000,340.0,69.01,65.75,69.95,1.0,289.0,0.35381200393676754,True,PUT,2026-11-20,ADBE
ADBE261120P00345000,345.0,34.5,69.95,74.15,2.0,30.0,0.3582827844238281,True,PUT,2026-11-20,ADBE
ADBE261120P00350000,350.0,66.0,72.25,77.55,1.0,435.0,0.3537357107543945,True,PUT,2026-11-20,ADBE
ADBE261120P00355000,355.0,46.6,77.2,80.75,1.0,53.0,0.3460911338806152,True,PUT,2026-11-20,ADBE
ADBE261120P00360000,360.0,83.85,78.85,84.8,1.0,95.0,0.34680828979492184,True,PUT,2026-11-20,ADBE
ADBE261120P00365000,365.0,52.25,84.0,89.75,1.0,18.0,0.35703157623291015,True,PUT,2026-11-20,ADBE
ADBE261120P00370000,370.0,49.3,88.3,92.75,1.0,20.0,0.34445845977783207,True,PUT,2026-11-20,ADBE
ADBE261120P00375000,375.0,59.45,91.95,96.75,1.0,7.0,0.34244431976318357,True,PUT,2026-11-20,ADBE
ADBE261218C00210000,210.0,99.13,93.0,99.0,1.0,20.0,0.5357407266235351,True,CALL,2026-12-18,ADBE
ADBE261218C00220000,220.0,96.73,85.0,93.0,1.0,20.0,0.5397995239257813,True,CALL,2026-12-18,ADBE
ADBE261218C00230000,230.0,88.8,79.25,83.2,1.0,41.0,0.4941151663208009,True,CALL,2026-12-18,ADBE
ADBE261218C00240000,240.0,75.16,71.0,77.3,1.0,499.0,0.49359637268066414,True,CALL,2026-12-18,ADBE
ADBE261218C00250000,250.0,76.6,65.0,70.85,2.0,332.0,0.48351041397094735,True,CALL,2026-12-18,ADBE
ADBE261218C00260000,260.0,68.25,60.2,63.95,24.0,440.0,0.46616134429931644,True,CALL,2026-12-18,ADBE
ADBE261218C00270000,270.0,55.0,54.5,58.7,3.0,279.0,0.46298754791259766,True,CALL,2026-12-18,ADBE
ADBE261218C00280000,280.0,52.0,49.0,54.55,2.0,36.0,0.46735151794433594,True,CALL,2026-12-18,ADBE
ADBE261218C00290000,290.0,47.31,45.0,49.2,2.0,30.0,0.4571892660522462,False,CALL,2026-12-18,ADBE
ADBE261218C00300000,300.0,41.73,40.1,44.7,7.0,165.0,0.4523827955627442,False,CALL,2026-12-18,ADBE
ADBE261218C00310000,310.0,43.6,37.55,39.55,5.0,578.0,0.4389399368286133,False,CALL,2026-12-18,ADBE
ADBE261218C00320000,320.0,33.0,32.25,36.75,3.0,58.0,0.44453985641479493,False,CALL,2026-12-18,ADBE
ADBE261218C00330000,330.0,37.4,28.5,32.95,1.0,213.0,0.4384211431884766,False,CALL,2026-12-18,ADBE
ADBE261218C00340000,340.0,33.5,25.45,30.15,20.0,67.0,0.439184075012207,False,CALL,2026-12-18,ADBE
ADBE261218C00350000,350.0,24.91,24.5,26.05,32.0,277.0,0.42532923309326176,False,CALL,2026-12-18,ADBE
ADBE261218C00360000,360.0,22.62,21.65,23.65,20.0,144.0,0.4252529399108887,False,CALL,2026-12-18,ADBE
ADBE261218C00370000,370.0,20.0,17.4,22.55,1.0,129.0,0.43604079589843747,False,CALL,2026-12-18,ADBE
ADBE261218P00210000,210.0,9.69,8.25,10.9,10.0,336.0,0.4130612893676757,False,PUT,2026-12-18,ADBE
ADBE261218P00220000,220.0,12.14,10.15,12.7,4.0,375.0,0.39859610198974615,False,PUT,2026-12-18,ADBE
ADBE261218P00230000,230.0,15.05,12.65,15.8,1.0,1409.0,0.3980620497131348,False,PUT,2026-12-18,ADBE
ADBE261218P00240000,240.0,18.0,17.05,18.65,2.0,268.0,0.38977661010742193,False,PUT,2026-12-18,ADBE
ADBE261218P00250000,250.0,20.61,19.35,21.05,3.0,767.0,0.37308366180419916,False,PUT,2026-12-18,ADBE
ADBE261218P00260000,260.0,22.24,22.0,25.0,5.0,926.0,0.3698640895080566,False,PUT,2026-12-18,ADBE
ADBE261218P00270000,270.0,27.0,27.25,29.0,2.0,632.0,0.3631655480957031,False,PUT,2026-12-18,ADBE
ADBE261218P00280000,280.0,33.13,32.45,33.75,3.0,333.0,0.36002226898193357,False,PUT,2026-12-18,ADBE
ADBE261218P00290000,290.0,38.1,35.15,38.7,8.0,562.0,0.35503269485473626,True,PUT,2026-12-18,ADBE
ADBE261218P00300000,300.0,43.5,40.4,45.65,2.0,378.0,0.3648745153808594,True,PUT,2026-12-18,ADBE
ADBE261218P00310000,310.0,47.36,46.0,52.8,2.0,191.0,0.3730226272583008,True,PUT,2026-12-18,ADBE
ADBE261218P00320000,320.0,50.36,54.6,57.05,6.0,105.0,0.35118751846313473,True,PUT,2026-12-18,ADBE
ADBE261218P00330000,330.0,58.0,60.25,64.7,5.0,245.0,0.35765718032836913,True,PUT,2026-12-18,ADBE
ADBE261218P00340000,340.0,70.2,65.65,71.3,2.0,219.0,0.351294328918457,True,PUT,2026-12-18,ADBE
ADBE261218P00350000,350.0,76.78,74.0,78.95,5.0,362.0,0.35217932983398437,True,PUT,2026-12-18,ADBE
ADBE261218P00360000,360.0,82.62,82.25,86.75,1.0,249.0,0.3519657089233398,True,PUT,2026-12-18,ADBE
ADBE261218P00370000,370.0,81.53,90.25,93.35,2.0,290.0,0.3359593992614746,True,PUT,2026-12-18,ADBE
ADBE270115C00210000,210.0,105.69,96.5,100.25,1.0,76.0,0.5057727645874023,True,CALL,2027-01-15,ADBE
ADBE270115C00220000,220.0,104.5,88.25,93.15,5.0,79.0,0.519688641052246,True,CALL,2027-01-15,ADBE
ADBE270115C00230000,230.0,82.64,82.0,85.7,2.0,66.0,0.5026142268371583,True,CALL,2027-01-15,ADBE
ADBE270115C00240000,240.0,78.0,74.9,80.1,1.0,98.0,0.5036823313903809,True,CALL,2027-01-15,ADBE
ADBE270115C00250000,250.0,68.7,70.0,72.35,8.0,172.0,0.4792379957580566,True,CALL,2027-01-15,ADBE
ADBE270115C00260000,260.0,62.93,63.7,66.8,3.0,71.0,0.47520971572875975,True,CALL,2027-01-15,ADBE
ADBE270115C00270000,270.0,65.0,55.0,62.0,4.0,418.0,0.47546911254882807,True,CALL,2027-01-15,ADBE
ADBE270115C00280000,280.0,53.11,52.8,55.6,6.0,142.0,0.4580437496948243,True,CALL,2027-01-15,ADBE
ADBE270115C00290000,290.0,48.71,48.1,51.15,22.0,156.0,0.4562279719543458,False,CALL,2027-01-15,ADBE
ADBE270115C00300000,300.0,44.1,44.1,46.9,337.0,635.0,0.45358822784423825,False,CALL,2027-01-15,ADBE
ADBE270115C00310000,310.0,36.75,39.0,42.6,2.0,236.0,0.44803408416748036,False,CALL,2027-01-15,ADBE
ADBE270115C00320000,320.0,36.1,35.25,38.35,7.0,737.0,0.4405878695678711,False,CALL,2027-01-15,ADBE
ADBE270115C00330000,330.0,33.0,32.8,35.6,19.0,359.0,0.4440973559570312,False,CALL,2027-01-15,ADBE
ADBE270115C00340000,340.0,30.5,29.2,32.1,3.0,412.0,0.4387720918273926,False,CALL,2027-01-15,ADBE
ADBE270115C00350000,350.0,26.16,26.2,28.8,29.0,848.0,0.4330806204223633,False,CALL,2027-01-15,ADBE
ADBE270115C00360000,360.0,23.5,23.65,26.0,7.0,525.0,0.42981527221679694,False,CALL,2027-01-15,ADBE
ADBE270115C00370000,370.0,22.0,21.05,24.2,9.0,211.0,0.433950362701416,False,CALL,2027-01-15,ADBE
ADBE270115P00210000,210.0,10.95,10.3,11.15,7.0,218.0,0.39999989654541024,False,PUT,2027-01-15,ADBE
ADBE270115P00220000,220.0,13.1,12.65,13.55,2.0,2050.0,0.3937743728637696,False,PUT,2027-01-15,ADBE
ADBE270115P00230000,230.0,15.8,14.5,17.7,64.0,536.0,0.40479110839843746,False,PUT,2027-01-15,ADBE
ADBE270115P00240000,240.0,16.7,18.25,19.3,1.0,506.0,0.3812470323181152,False,PUT,2027-01-15,ADBE
ADBE270115P00250000,250.0,20.84,21.05,22.6,19.0,617.0,0.3741822836303711,False,PUT,2027-01-15,ADBE
ADBE270115P00260000,260.0,26.12,25.45,27.0,1.0,1060.0,0.3746400427246094,False,PUT,2027-01-15,ADBE
ADBE270115P00270000,270.0,30.5,29.15,32.5,2.0,424.0,0.38152168777465817,False,PUT,2027-01-15,ADBE
ADBE270115P00280000,280.0,35.05,32.8,36.15,2.0,1293.0,0.36737693176269537,False,PUT,2027-01-15,ADBE
ADBE270115P00290000,290.0,39.18,38.8,41.7,15.0,633.0,0.3674532249450684,True,PUT,2027-01-15,ADBE
ADBE270115P00300000,300.0,44.51,44.0,46.05,26.0,1950.0,0.35361364166259757,True,PUT,2027-01-15,ADBE
ADBE270115P00310000,310.0,44.55,48.0,52.55,1.0,502.0,0.3556888162231445,True,PUT,2027-01-15,ADBE
ADBE270115P00320000,320.0,50.4,54.8,59.65,6.0,1133.0,0.3600375276184082,True,PUT,2027-01-15,ADBE
ADBE270115P00330000,330.0,64.25,62.9,67.25,1.0,702.0,0.3660952062988281,True,PUT,2027-01-15,ADBE
ADBE270115P00340000,340.0,65.75,69.3,72.75,1.0,376.0,0.3504551039123534,True,PUT,2027-01-15,ADBE
ADBE270115P00350000,350.0,71.8,75.95,79.25,8.0,1341.0,0.34076586975097656,True,PUT,2027-01-15,ADBE
ADBE270115P00360000,360.0,85.7,83.35,87.7,1.0,524.0,0.3470982038879394,True,PUT,2027-01-15,ADBE
ADBE270115P00370000,370.0,83.8,90.0,95.4,10.0,681.0,0.3438023384094238,True,PUT,2027-01-15,ADBE
ADBE270617C00210000,210.0,114.1,102.0,108.35,1.0,3.0,0.5281877015686036,True,CALL,2027-06-17,ADBE
ADBE270617C00220000,220.0,98.56,97.4,100.8,1.0,29.0,0.5097705273437501,True,CALL,2027-06-17,ADBE
ADBE270617C00230000,230.0,127.2,125.0,0.0,2.0,1.0,1.0000000000000003e-05,True,CALL,2027-06-17,ADBE
ADBE270617C00240000,240.0,141.77,83.05,89.8,2.0,4.0,0.5068866450500489,True,CALL,2027-06-17,ADBE
ADBE270617C00250000,250.0,79.7,78.25,83.75,4.0,13.0,0.4973194799804688,True,CALL,2027-06-17,ADBE
ADBE270617C00260000,260.0,72.0,72.25,78.75,1.0,39.0,0.4948475808715821,True,CALL,2027-06-17,ADBE
ADBE270617C00270000,270.0,73.79,67.25,71.4,2.0,34.0,0.47165445343017576,True,CALL,2027-06-17,ADBE
ADBE270617C00280000,280.0,63.5,63.2,67.05,3.0,9.0,0.47102884933471684,True,CALL,2027-06-17,ADBE
ADBE270617C00290000,290.0,59.0,56.0,63.35,2.0,15.0,0.4734702311706543,False,CALL,2027-06-17,ADBE
ADBE270617C00300000,300.0,55.8,54.7,57.25,4.0,171.0,0.45598383377075197,False,CALL,2027-06-17,ADBE
ADBE270617C00310000,310.0,54.0,49.3,54.15,1.0,47.0,0.45952383743286135,False,CALL,2027-06-17,ADBE
ADBE270617C00320000,320.0,46.0,46.0,50.95,14.0,60.0,0.4606529765319825,False,CALL,2027-06-17,ADBE
ADBE270617C00330000,330.0,42.6,41.25,47.75,6.0,38.0,0.4602257347106934,False,CALL,2027-06-17,ADBE
ADBE270617C00340000,340.0,39.35,39.65,43.1,12.0,86.0,0.44768313552856437,False,CALL,2027-06-17,ADBE
ADBE270617C00350000,350.0,37.0,36.65,41.5,5.0,164.0,0.4562279719543458,False,CALL,2027-06-17,ADBE
ADBE270617C00360000,360.0,38.87,32.6,37.45,1.0,93.0,0.4453333055114746,False,CALL,2027-06-17,ADBE
ADBE270617C00370000,370.0,37.85,30.3,34.1,3.0,33.0,0.4382532981872559,False,CALL,2027-06-17,ADBE
ADBE270617P00210000,210.0,13.1,14.0,17.8,2.0,3.0,0.41119973571777346,False,PUT,2027-06-17,ADBE
ADBE270617P00220000,220.0,17.0,16.2,20.0,1.0,28.0,0.39743644561767577,False,PUT,2027-06-17,ADBE
ADBE270617P00230000,230.0,19.95,17.05,22.45,6.0,185.0,0.38448186325073236,False,PUT,2027-06-17,ADBE
ADBE270617P00240000,240.0,21.1,21.0,26.6,1.0,141.0,0.3852295364379882,False,PUT,2027-06-17,ADBE
ADBE270617P00250000,250.0,28.5,27.3,29.15,5.0,165.0,0.3690858990478516,False,PUT,2027-06-17,ADBE
ADBE270617P00260000,260.0,29.0,31.4,33.9,1.0,154.0,0.3695283995056152,False,PUT,2027-06-17,ADBE
ADBE270617P00270000,270.0,33.75,33.05,39.0,3.0,161.0,0.3699098654174804,False,PUT,2027-06-17,ADBE
ADBE270617P00280000,280.0,41.55,39.45,43.65,2.0,245.0,0.3642183940124512,False,PUT,2027-06-17,ADBE
ADBE270617P00290000,290.0,41.16,43.0,48.3,1.0,65.0,0.35631442031860344,True,PUT,2027-06-17,ADBE
ADBE270617P00300000,300.0,52.48,49.55,53.9,10.0,99.0,0.35333898620605464,True,PUT,2027-06-17,ADBE
ADBE270617P00310000,310.0,49.84,55.25,60.35,1.0,55.0,0.35443760803222646,True,PUT,2027-06-17,ADBE
ADBE270617P00320000,320.0,59.36,60.0,65.15,3.0,147.0,0.34125414611816407,True,PUT,2027-06-17,ADBE
ADBE270617P00330000,330.0,61.7,68.25,74.0,3.0,318.0,0.3559176957702636,True,PUT,2027-06-17,ADBE
ADBE270617P00340000,340.0,77.27,75.2,80.6,1.0,199.0,0.3520877780151367,True,PUT,2027-06-17,ADBE
ADBE270617P00350000,350.0,82.85,81.0,87.45,1.0,187.0,0.34825786026000977,True,PUT,2027-06-17,ADBE
ADBE270617P00360000,360.0,90.01,89.2,93.95,1.0,36.0,0.33981983428955076,True,PUT,2027-06-17,ADBE
ADBE270617P00370000,370.0,70.0,96.0,101.8,2.0,48.0,0.34006397247314457,True,PUT,2027-06-17,ADBE
ADBE271217C00210000,210.0,112.5,111.0,117.8,1.0,6.0,0.5057727645874023,True,CALL,2027-12-17,ADBE
ADBE271217C00220000,220.0,118.35,106.25,112.6,2.0,7.0,0.5086871641540527,True,CALL,2027-12-17,ADBE
ADBE271217C00230000,230.0,113.1,99.25,106.0,1.0,10.0,0.5215807119750976,True,CALL,2027-12-17,ADBE
ADBE271217C00240000,240.0,95.3,93.45,98.9,5.0,8.0,0.5035144863891602,True,CALL,2027-12-17,ADBE
ADBE271217C00250000,250.0,102.7,88.25,93.35,1.0,43.0,0.4964192204284668,True,CALL,2027-12-17,ADBE
ADBE271217C00260000,260.0,87.05,82.35,88.75,3.0,13.0,0.49490861541748044,True,CALL,2027-12-17,ADBE
ADBE271217C00270000,270.0,85.5,77.25,83.5,2.0,77.0,0.48741662490844734,True,CALL,2027-12-17,ADBE
ADBE271217C00280000,280.0,76.63,73.55,79.75,1.0,25.0,0.4890035231018067,True,CALL,2027-12-17,ADBE
ADBE271217C00290000,290.0,79.55,68.25,72.65,1.0,67.0,0.46689375885009765,False,CALL,2027-12-17,ADBE
ADBE271217C00300000,300.0,65.3,66.65,68.85,1.0,161.0,0.46581039566040044,False,CALL,2027-12-17,ADBE
ADBE271217C00310000,310.0,62.62,60.25,65.65,1.0,64.0,0.46738203521728516,False,CALL,2027-12-17,ADBE
ADBE271217C00320000,320.0,62.9,56.25,61.5,3.0,42.0,0.4616753051757813,False,CALL,2027-12-17,ADBE
ADBE271217C00330000,330.0,64.73,53.95,58.15,1.0,61.0,0.4600197431182862,False,CALL,2027-12-17,ADBE
ADBE271217C00340000,340.0,50.35,49.45,54.45,1.0,123.0,0.45511409149169924,False,CALL,2027-12-17,ADBE
ADBE271217C00350000,350.0,47.5,47.65,51.25,1.0,263.0,0.4523827955627442,False,CALL,2027-12-17,ADBE
ADBE271217C00360000,360.0,49.09,43.35,49.0,2.0,180.0,0.4547021083068848,False,CALL,2027-12-17,ADBE
ADBE271217C00370000,370.0,42.3,40.45,45.7,6.0,72.0,0.44946839599609373,False,CALL,2027-12-17,ADBE
ADBE271217P00210000,210.0,16.91,16.1,20.7,10.0,436.0,0.379538065032959,False,PUT,2027-12-17,ADBE
ADBE271217P00220000,220.0,19.55,20.3,24.05,20.0,123.0,0.3758607336425781,False,PUT,2027-12-17,ADBE
ADBE271217P00230000,230.0,24.6,23.1,27.65,14.0,38.0,0.3719392640686035,False,PUT,2027-12-17,ADBE
ADBE271217P00240000,240.0,26.85,27.55,31.3,2.0,126.0,0.36627830993652344,False,PUT,2027-12-17,ADBE
ADBE271217P00250000,250.0,31.08,30.0,35.75,40.0,190.0,0.36463037719726565,False,PUT,2027-12-17,ADBE
ADBE271217P00260000,260.0,35.1,37.65,39.05,38.0,141.0,0.35280493392944334,False,PUT,2027-12-17,ADBE
ADBE271217P00270000,270.0,43.98,40.6,44.6,20.0,135.0,0.3549640309906005,False,PUT,2027-12-17,ADBE
ADBE271217P00280000,280.0,42.85,46.95,48.95,1.0,59.0,0.34705242797851554,False,PUT,2027-12-17,ADBE
ADBE271217P00290000,290.0,51.7,52.5,54.15,1.0,48.0,0.34310807044982905,True,PUT,2027-12-17,ADBE
ADBE271217P00300000,300.0,53.5,57.1,60.5,5.0,355.0,0.3448246670532227,True,PUT,2027-12-17,ADBE
ADBE271217P00310000,310.0,64.62,62.25,65.2,1.0,190.0,0.3343725010681152,True,PUT,2027-12-17,ADBE
ADBE271217P00320000,320.0,71.7,67.5,71.7,7.0,177.0,0.33374689697265625,True,PUT,2027-12-17,ADBE
ADBE271217P00330000,330.0,78.22,75.2,77.4,1.0,61.0,0.32651430328369135,True,PUT,2027-12-17,ADBE
ADBE271217P00340000,340.0,84.46,81.5,84.45,3.0,314.0,0.3263159410095215,True,PUT,2027-12-17,ADBE
ADBE271217P00350000,350.0,92.0,87.8,91.55,4.0,206.0,0.32499606895446764,True,PUT,2027-12-17,ADBE
ADBE271217P00360000,360.0,87.4,94.05,99.15,1.0,261.0,0.3255606385040283,True,PUT,2027-12-17,ADBE
ADBE271217P00370000,370.0,95.75,102.25,106.2,1.0,70.0,0.3212042977905273,True,PUT,2027-12-17,ADBE
ADBE280121C00210000,210.0,130.7,113.25,119.45,2.0,10.0,0.5099994068908693,True,CALL,2028-01-21,ADBE
ADBE280121C00220000,220.0,108.0,106.35,112.65,2.0,17.0,0.5223283851623535,True,CALL,2028-01-21,ADBE
ADBE280121C00230000,230.0,105.45,101.25,107.1,1.0,47.0,0.517308293762207,True,CALL,2028-01-21,ADBE
ADBE280121C00240000,240.0,97.5,95.0,101.35,1.0,45.0,0.5094195787048339,True,CALL,2028-01-21,ADBE
ADBE280121C00250000,250.0,91.7,92.3,95.5,5.0,71.0,0.49970745658874516,True,CALL,2028-01-21,ADBE
ADBE280121C00260000,260.0,94.9,87.05,89.75,2.0,25.0,0.489735937652588,True,CALL,2028-01-21,ADBE
ADBE280121C00270000,270.0,81.35,82.05,83.75,21.0,73.0,0.4771475625610352,True,CALL,2028-01-21,ADBE
ADBE280121C00280000,280.0,77.95,77.45,79.75,4.0,52.0,0.47701023483276367,True,CALL,2028-01-21,ADBE
ADBE280121C00290000,290.0,74.0,72.85,75.35,48.0,55.0,0.47295143753051755,False,CALL,2028-01-21,ADBE
ADBE280121C00300000,300.0,68.0,67.05,70.7,14.0,258.0,0.46619186157226566,False,CALL,2028-01-21,ADBE
ADBE280121C00310000,310.0,64.4,64.55,66.9,2.0,81.0,0.46379625564575194,False,CALL,2028-01-21,ADBE
ADBE280121C00320000,320.0,67.05,58.15,63.1,1.0,228.0,0.4603325451660156,False,CALL,2028-01-21,ADBE
ADBE280121C00330000,330.0,58.15,56.6,60.2,7.0,2812.0,0.46143116699218756,False,CALL,2028-01-21,ADBE
ADBE280121C00340000,340.0,55.05,52.85,57.75,6.0,2469.0,0.46429979064941407,False,CALL,2028-01-21,ADBE
ADBE280121C00350000,350.0,50.5,52.0,52.0,8.0,395.0,0.4459131336975098,False,CALL,2028-01-21,ADBE
ADBE280121C00360000,360.0,46.96,47.65,49.2,3.0,104.0,0.44478399459838863,False,CALL,2028-01-21,ADBE
ADBE280121C00370000,370.0,44.0,42.15,47.0,1.0,86.0,0.44647770324707037,False,CALL,2028-01-21,ADBE
ADBE280121P00210000,210.0,20.85,19.55,20.85,1.0,273.0,0.3715883154296875,False,PUT,2028-01-21,ADBE
ADBE280121P00220000,220.0,24.2,22.45,25.75,17.0,175.0,0.38089608367919914,False,PUT,2028-01-21,ADBE
ADBE280121P00230000,230.0,27.0,25.2,28.25,9.0,375.0,0.3675600354003906,False,PUT,2028-01-21,ADBE
ADBE280121P00240000,240.0,31.09,30.35,33.4,1.0,16.0,0.3729921099853516,False,PUT,2028-01-21,ADBE
ADBE280121P00250000,250.0,35.65,34.55,36.6,2.0,326.0,0.36177701217651365,False,PUT,2028-01-21,ADBE
ADBE280121P00260000,260.0,37.07,38.5,39.65,36.0,294.0,0.348288377532959,False,PUT,2028-01-21,ADBE
ADBE280121P00270000,270.0,44.0,41.45,45.3,3.0,49.0,0.3509128630065917,False,PUT,2028-01-21,ADBE
ADBE280121P00280000,280.0,49.55,47.85,49.75,2.0,120.0,0.34372604522705075,False,PUT,2028-01-21,ADBE
ADBE280121P00290000,290.0,54.21,52.95,55.65,1.0,140.0,0.34419906295776365,True,PUT,2028-01-21,ADBE
ADBE280121P00300000,300.0,60.55,58.25,62.25,13.0,319.0,0.34731182479858397,True,PUT,2028-01-21,ADBE
ADBE280121P00310000,310.0,65.0,62.6,66.75,4.0,223.0,0.33576103698730464,True,PUT,2028-01-21,ADBE
ADBE280121P00320000,320.0,71.67,69.2,72.65,4.0,63.0,0.3314275842285156,True,PUT,2028-01-21,ADBE
ADBE280121P00330000,330.0,77.27,75.75,80.35,2.0,128.0,0.33670707244873044,True,PUT,2028-01-21,ADBE
ADBE280121P00340000,340.0,83.75,82.25,86.45,1.0,63.0,0.3307256869506836,True,PUT,2028-01-21,ADBE
ADBE280121P00350000,350.0,90.46,88.85,93.9,5.0,304.0,0.3317632742309571,True,PUT,2028-01-21,ADBE
ADBE280121P00360000,360.0,92.65,95.0,101.65,1.0,36.0,0.3334493535614014,True,PUT,2028-01-21,ADBE
ADBE280121P00370000,370.0,80.08,102.4,107.4,1.0,35.0,0.3211280046081542,True,PUT,2028-01-21,ADBE
ADM260220C00050000,50.0,17.9,17.0,18.4,4.0,14.0,0.91211025390625,True,CALL,2026-02-20,ADM
ADM260220C00052500,52.5,12.42,14.7,16.7,3.0,16.0,0.7128934960937501,True,CALL,2026-02-20,ADM
ADM260220C00055000,55.0,10.05,12.3,14.3,1.0,7.0,0.649417568359375,True,CALL,2026-02-20,ADM
ADM260220C00057500,57.5,10.2,10.0,10.4,1.0,461.0,0.35156898437499995,True,CALL,2026-02-20,ADM
ADM260220C00060000,60.0,9.2,7.4,8.9,3.0,704.0,0.586918193359375,True,CALL,2026-02-20,ADM
ADM260220C00062500,62.5,6.08,5.3,5.8,4.0,908.0,0.3315496533203125,True,CALL,2026-02-20,ADM
ADM260220C00065000,65.0,3.48,3.5,3.8,7.0,3153.0,0.31323928955078123,True,CALL,2026-02-20,ADM
ADM260220C00067500,67.5,1.91,1.95,2.25,3.0,1902.0,0.30664755859375,True,CALL,2026-02-20,ADM
ADM260220C00070000,70.0,1.05,1.05,1.15,7.0,1023.0,0.29761444580078117,False,CALL,2026-02-20,ADM
ADM260220C00072500,72.5,0.55,0.4,0.7,5.0,72.0,0.331061376953125,False,CALL,2026-02-20,ADM
ADM260220C00075000,75.0,0.35,0.2,0.35,11.0,245.0,0.33789724609375,False,CALL,2026-02-20,ADM
ADM260220C00080000,80.0,0.05,0.0,0.15,3.0,15.0,0.397466962890625,False,CALL,2026-02-20,ADM
ADM260220P00047500,47.5,0.02,0.0,0.15,20.0,27.0,0.6953155468750001,False,PUT,2026-02-20,ADM
ADM260220P00050000,50.0,0.05,0.0,0.15,2.0,51.0,0.6074258007812501,False,PUT,2026-02-20,ADM
ADM260220P00052500,52.5,0.08,0.0,0.1,30.0,489.0,0.5488326367187502,False,PUT,2026-02-20,ADM
ADM260220P00055000,55.0,0.08,0.05,0.15,1.0,235.0,0.500005,False,PUT,2026-02-20,ADM
ADM260220P00057500,57.5,0.16,0.1,0.3,3.0,249.0,0.48242705078125003,False,PUT,2026-02-20,ADM
ADM260220P00060000,60.0,0.25,0.2,0.3,42.0,253.0,0.3857483300781249,False,PUT,2026-02-20,ADM
ADM260220P00062500,62.5,0.6,0.45,0.65,13.0,811.0,0.37500625,False,PUT,2026-02-20,ADM
ADM260220P00065000,65.0,1.12,1.05,1.2,3.0,171.0,0.35352208984374994,False,PUT,2026-02-20,ADM
ADM260220P00067500,67.5,2.15,2.15,2.4,4.0,74.0,0.37842418457031246,False,PUT,2026-02-20,ADM
ADM260220P00070000,70.0,3.3,3.6,4.0,8.0,45.0,0.40381455566406255,True,PUT,2026-02-20,ADM
ADM260220P00075000,75.0,8.15,6.6,8.7,,0.0,0.584965087890625,True,PUT,2026-02-20,ADM
ADM260320C00047500,47.5,18.27,18.9,22.1,1.0,222.0,0.532231240234375,True,CALL,2026-03-20,ADM
ADM260320C00050000,50.0,17.75,16.5,19.1,20.0,228.0,0.7758811474609376,True,CALL,2026-03-20,ADM
ADM260320C00052500,52.5,16.4,14.8,16.8,1.0,525.0,0.508793974609375,True,CALL,2026-03-20,ADM
ADM260320C00055000,55.0,14.0,12.0,14.4,1.0,249.0,0.64648791015625,True,CALL,2026-03-20,ADM
ADM260320C00057500,57.5,10.9,10.0,10.4,2.0,336.0,0.23535920898437498,True,CALL,2026-03-20,ADM
ADM260320C00060000,60.0,8.3,7.8,8.3,1.0,630.0,0.29395237304687494,True,CALL,2026-03-20,ADM
ADM260320C00062500,62.5,6.22,5.8,6.4,25.0,2415.0,0.3100654931640625,True,CALL,2026-03-20,ADM
ADM260320C00065000,65.0,4.2,4.1,4.4,2.0,1056.0,0.27808339111328123,True,CALL,2026-03-20,ADM
ADM260320C00067500,67.5,2.98,2.7,3.0,43.0,1348.0,0.2805247729492187,True,CALL,2026-03-20,ADM
ADM260320C00070000,70.0,1.75,1.7,1.95,4.0,2552.0,0.2827220166015625,False,CALL,2026-03-20,ADM
ADM260320C00072500,72.5,1.15,1.0,1.25,1.0,2160.0,0.28955788574218744,False,CALL,2026-03-20,ADM
ADM260320C00075000,75.0,0.65,0.65,0.75,3.0,2091.0,0.2915109912109374,False,CALL,2026-03-20,ADM
ADM260320C00080000,80.0,0.35,0.15,0.5,1.0,32.0,0.35474278076171867,False,CALL,2026-03-20,ADM
ADM260320C00085000,85.0,0.06,0.0,0.8,17.0,32.0,0.5031787963867188,False,CALL,2026-03-20,ADM
ADM260320P00047500,47.5,0.1,0.05,0.15,3.0,646.0,0.523442265625,False,PUT,2026-03-20,ADM
ADM260320P00050000,50.0,0.11,0.1,0.25,3.0,345.0,0.506840869140625,False,PUT,2026-03-20,ADM
ADM260320P00052500,52.5,0.19,0.1,0.75,51.0,471.0,0.5800823242187501,False,PUT,2026-03-20,ADM
ADM260320P00055000,55.0,0.27,0.1,0.45,6.0,580.0,0.4321345849609375,False,PUT,2026-03-20,ADM
ADM260320P00057500,57.5,0.38,0.3,0.4,2.0,812.0,0.34961587890624996,False,PUT,2026-03-20,ADM
ADM260320P00060000,60.0,0.5,0.55,0.7,5.0,317.0,0.33667655517578127,False,PUT,2026-03-20,ADM
ADM260320P00062500,62.5,1.1,1.0,1.2,21.0,654.0,0.3276434423828125,False,PUT,2026-03-20,ADM
ADM260320P00065000,65.0,1.75,1.7,2.0,98.0,431.0,0.3254461987304687,False,PUT,2026-03-20,ADM
ADM260320P00067500,67.5,3.01,2.75,3.2,2.0,440.0,0.33374689697265625,False,PUT,2026-03-20,ADM
ADM260320P00070000,70.0,4.5,4.3,4.7,11.0,98.0,0.34204759521484374,True,PUT,2026-03-20,ADM
ADM260320P00072500,72.5,6.1,6.1,6.6,2.0,10.0,0.36597313720703123,True,PUT,2026-03-20,ADM
ADM260320P00075000,75.0,8.3,7.0,8.7,5.0,10.0,0.39282833740234374,True,PUT,2026-03-20,ADM
ADM260320P00085000,85.0,26.48,16.2,18.3,3.0,0.0,0.5600629931640625,True,PUT,2026-03-20,ADM
ADM260618C00047500,47.5,15.62,11.9,13.0,4.0,31.0,1.0000000000000003e-05,True,CALL,2026-06-18,ADM
ADM260618C00050000,50.0,18.9,17.4,19.1,2.0,107.0,0.46631393066406257,True,CALL,2026-06-18,ADM
ADM260618C00052500,52.5,15.72,15.2,16.8,10.0,380.0,0.4338435522460938,True,CALL,2026-06-18,ADM
ADM260618C00055000,55.0,13.7,13.0,14.6,30.0,145.0,0.40772076660156253,True,CALL,2026-06-18,ADM
ADM260618C00057500,57.5,11.0,10.8,12.5,22.0,244.0,0.3852600537109374,True,CALL,2026-06-18,ADM
ADM260618C00060000,60.0,9.3,8.9,9.9,70.0,666.0,0.31909860595703116,True,CALL,2026-06-18,ADM
ADM260618C00062500,62.5,8.5,7.3,8.2,2.0,619.0,0.31580274047851553,True,CALL,2026-06-18,ADM
ADM260618C00065000,65.0,6.59,5.8,6.3,19.0,830.0,0.2887034020996093,True,CALL,2026-06-18,ADM
ADM260618C00067500,67.5,4.55,4.5,5.0,6.0,1001.0,0.2882151257324218,True,CALL,2026-06-18,ADM
ADM260618C00070000,70.0,3.73,3.6,3.8,15.0,499.0,0.2815013256835937,False,CALL,2026-06-18,ADM
ADM260618C00072500,72.5,2.8,2.7,2.9,43.0,1270.0,0.2810130493164062,False,CALL,2026-06-18,ADM
ADM260618C00075000,75.0,2.1,2.0,2.2,4.0,1902.0,0.2819896020507812,False,CALL,2026-06-18,ADM
ADM260618C00080000,80.0,1.25,1.2,1.3,10.0,1385.0,0.29053443847656246,False,CALL,2026-06-18,ADM
ADM260618C00085000,85.0,0.72,0.45,0.95,33.0,59.0,0.31836619140624994,False,CALL,2026-06-18,ADM
ADM260618P00047500,47.5,0.5,0.15,0.5,1.0,697.0,0.40430283203125,False,PUT,2026-06-18,ADM
ADM260618P00050000,50.0,0.4,0.4,0.6,25.0,221.0,0.3745179736328125,False,PUT,2026-06-18,ADM
ADM260618P00052500,52.5,0.51,0.4,0.85,5.0,139.0,0.36206692626953124,False,PUT,2026-06-18,ADM
ADM260618P00055000,55.0,0.85,0.75,1.05,1.0,368.0,0.335944140625,False,PUT,2026-06-18,ADM
ADM260618P00057500,57.5,1.3,1.15,1.4,41.0,280.0,0.319220675048828,False,PUT,2026-06-18,ADM
ADM260618P00060000,60.0,1.9,1.75,1.95,6.0,492.0,0.3103096313476562,False,PUT,2026-06-18,ADM
ADM260618P00062500,62.5,2.5,2.5,2.7,4.0,202.0,0.3048165222167969,False,PUT,2026-06-18,ADM
ADM260618P00065000,65.0,3.4,3.4,3.6,29.0,195.0,0.29724823852539056,False,PUT,2026-06-18,ADM
ADM260618P00067500,67.5,4.8,4.5,4.9,1.0,57.0,0.30249720947265624,False,PUT,2026-06-18,ADM
ADM260618P00070000,70.0,5.85,5.9,6.3,4.0,71.0,0.3016427258300781,True,PUT,2026-06-18,ADM
ADM260618P00072500,72.5,7.2,7.4,8.0,1.0,3.0,0.30799031860351556,True,PUT,2026-06-18,ADM
ADM260618P00075000,75.0,10.4,8.8,9.9,8.0,4.0,0.317389638671875,True,PUT,2026-06-18,ADM
ADM260918C00047500,47.5,12.6,17.0,17.8,2.0,3.0,1.0000000000000003e-05,True,CALL,2026-09-18,ADM
ADM260918C00050000,50.0,19.3,17.9,20.3,2.0,16.0,0.46362841064453125,True,CALL,2026-09-18,ADM
ADM260918C00052500,52.5,11.5,15.8,18.0,7.0,60.0,0.4283504431152344,True,CALL,2026-09-18,ADM
ADM260918C00055000,55.0,14.2,13.8,14.6,1.0,102.0,0.3171455004882812,True,CALL,2026-09-18,ADM
ADM260918C00057500,57.5,12.8,11.7,12.8,4.0,131.0,0.3186103295898437,True,CALL,2026-09-18,ADM
ADM260918C00060000,60.0,11.38,10.2,11.3,1.0,185.0,0.3282537878417968,True,CALL,2026-09-18,ADM
ADM260918C00062500,62.5,8.95,8.5,9.4,2.0,173.0,0.30799031860351556,True,CALL,2026-09-18,ADM
ADM260918C00065000,65.0,7.52,7.0,8.0,8.0,241.0,0.3070137658691406,True,CALL,2026-09-18,ADM
ADM260918C00067500,67.5,5.9,5.7,6.9,1.0,124.0,0.3128120477294921,True,CALL,2026-09-18,ADM
ADM260918C00070000,70.0,5.1,4.6,5.8,60.0,263.0,0.31153032226562494,False,CALL,2026-09-18,ADM
ADM260918C00072500,72.5,4.6,3.7,4.7,2.0,60.0,0.30383996948242187,False,CALL,2026-09-18,ADM
ADM260918C00075000,75.0,3.65,2.9,3.8,2.0,252.0,0.2991403094482421,False,CALL,2026-09-18,ADM
ADM260918C00080000,80.0,2.2,1.8,2.25,1.0,67.0,0.28266098205566403,False,CALL,2026-09-18,ADM
ADM260918C00085000,85.0,1.06,1.0,1.65,6.0,7.0,0.29761444580078117,False,CALL,2026-09-18,ADM
ADM260918P00047500,47.5,0.83,0.5,0.9,1.0,552.0,0.367193828125,False,PUT,2026-09-18,ADM
ADM260918P00050000,50.0,0.92,0.7,1.15,2.0,238.0,0.35205726074218746,False,PUT,2026-09-18,ADM
ADM260918P00052500,52.5,1.1,1.1,1.5,1.0,129.0,0.34058276611328125,False,PUT,2026-09-18,ADM
ADM260918P00055000,55.0,1.6,1.45,1.8,4.0,100.0,0.31995308959960933,False,PUT,2026-09-18,ADM
ADM260918P00057500,57.5,2.53,2.0,2.5,2.0,64.0,0.3210517114257812,False,PUT,2026-09-18,ADM
ADM260918P00060000,60.0,2.86,2.6,3.1,2.0,53.0,0.30811238769531246,False,PUT,2026-09-18,ADM
ADM260918P00062500,62.5,3.51,3.4,3.9,8.0,70.0,0.29968962036132807,False,PUT,2026-09-18,ADM
ADM260918P00065000,65.0,5.3,4.3,5.0,10.0,78.0,0.29920134399414056,False,PUT,2026-09-18,ADM
ADM260918P00067500,67.5,5.5,5.5,6.2,4.0,4.0,0.295905478515625,False,PUT,2026-09-18,ADM
ADM260918P00070000,70.0,7.13,6.8,7.6,1.0,2.0,0.29492892578124996,True,PUT,2026-09-18,ADM
ADM260918P00075000,75.0,10.6,10.0,10.9,2.0,14.0,0.2962716857910156,True,PUT,2026-09-18,ADM
ADM261218C00050000,50.0,18.95,18.3,20.7,1.0,11.0,0.41870698486328123,True,CALL,2026-12-18,ADM
ADM261218C00055000,55.0,13.52,14.2,16.6,1.0,5.0,0.3809876354980468,True,CALL,2026-12-18,ADM
ADM261218C00057500,57.5,14.0,12.5,13.8,1.0,1406.0,0.3215399877929687,True,CALL,2026-12-18,ADM
ADM261218C00060000,60.0,11.8,11.0,12.3,1.0,21.0,0.32459171508789053,True,CALL,2026-12-18,ADM
ADM261218C00062500,62.5,9.37,9.4,10.8,3.0,30.0,0.3215399877929687,True,CALL,2026-12-18,ADM
ADM261218C00065000,65.0,8.5,8.0,9.5,1.0,68.0,0.321723091430664,True,CALL,2026-12-18,ADM
ADM261218C00067500,67.5,6.2,6.7,8.2,2.0,13.0,0.316840327758789,True,CALL,2026-12-18,ADM
ADM261218C00070000,70.0,6.42,5.6,7.0,1.0,38.0,0.3112861840820312,False,CALL,2026-12-18,ADM
ADM261218C00075000,75.0,4.5,3.9,4.9,2.0,69.0,0.29822479125976553,False,CALL,2026-12-18,ADM
ADM261218C00080000,80.0,2.62,2.3,3.8,3.0,48.0,0.3090889404296875,False,CALL,2026-12-18,ADM
ADM261218C00085000,85.0,1.77,1.4,2.25,1.0,5.0,0.28394270751953116,False,CALL,2026-12-18,ADM
ADM261218P00047500,47.5,1.07,0.4,1.35,4.0,14.0,0.35242346801757807,False,PUT,2026-12-18,ADM
ADM261218P00050000,50.0,1.5,1.2,1.65,10.0,17.0,0.33740896972656254,False,PUT,2026-12-18,ADM
ADM261218P00055000,55.0,2.32,2.1,2.6,,305.0,0.3182441223144531,False,PUT,2026-12-18,ADM
ADM261218P00057500,57.5,3.01,2.65,3.3,1.0,360.0,0.313483427734375,False,PUT,2026-12-18,ADM
ADM261218P00060000,60.0,3.5,3.2,4.0,1.0,38.0,0.3034737622070312,False,PUT,2026-12-18,ADM
ADM261218P00062500,62.5,6.6,4.2,4.9,1.0,1.0,0.29755341125488277,False,PUT,2026-12-18,ADM
ADM261218P00065000,65.0,5.93,5.2,5.9,300.0,305.0,0.2906565075683593,False,PUT,2026-12-18,ADM
ADM261218P00070000,70.0,8.33,7.7,8.5,1.0,4.0,0.2854075366210937,True,PUT,2026-12-18,ADM
ADM270115C00047500,47.5,19.64,20.4,23.5,1.0,253.0,0.46411668701171876,True,CALL,2027-01-15,ADM
ADM270115C00050000,50.0,18.75,18.4,19.3,12.0,317.0,0.3100654931640625,True,CALL,2027-01-15,ADM
ADM270115C00052500,52.5,17.5,16.4,17.4,1.0,254.0,0.31287308227539057,True,CALL,2027-01-15,ADM
ADM270115C00055000,55.0,15.1,14.3,16.4,1.0,280.0,0.35547519531249994,True,CALL,2027-01-15,ADM
ADM270115C00057500,57.5,12.9,12.3,14.6,7.0,240.0,0.34632001342773433,True,CALL,2027-01-15,ADM
ADM270115C00060000,60.0,12.2,11.2,12.3,4.0,1237.0,0.31140825317382803,True,CALL,2027-01-15,ADM
ADM270115C00062500,62.5,10.36,9.8,10.7,1.0,3139.0,0.30438928039550783,True,CALL,2027-01-15,ADM
ADM270115C00065000,65.0,9.61,8.4,9.2,5.0,2090.0,0.29688203124999996,True,CALL,2027-01-15,ADM
ADM270115C00067500,67.5,7.0,7.0,8.5,9.0,788.0,0.3154365332031249,True,CALL,2027-01-15,ADM
ADM270115C00070000,70.0,6.0,5.9,6.6,24.0,840.0,0.28357650024414055,False,CALL,2027-01-15,ADM
ADM270115C00072500,72.5,5.6,5.0,6.4,1.0,184.0,0.31153032226562494,False,CALL,2027-01-15,ADM
ADM270115C00075000,75.0,4.1,4.2,5.3,37.0,790.0,0.30152065673828127,False,CALL,2027-01-15,ADM
ADM270115C00080000,80.0,3.06,2.95,3.3,8.0,1567.0,0.2757640783691406,False,CALL,2027-01-15,ADM
ADM270115C00085000,85.0,1.92,1.55,2.7,2.0,303.0,0.29358616577148433,False,CALL,2027-01-15,ADM
ADM270115P00047500,47.5,0.95,0.9,1.45,22.0,571.0,0.3460758752441406,False,PUT,2027-01-15,ADM
ADM270115P00050000,50.0,1.5,1.35,1.85,2.0,333.0,0.3375310388183594,False,PUT,2027-01-15,ADM
ADM270115P00052500,52.5,1.6,1.0,2.75,9.0,171.0,0.3536441589355468,False,PUT,2027-01-15,ADM
ADM270115P00055000,55.0,2.5,2.25,3.0,16.0,237.0,0.3265448205566406,False,PUT,2027-01-15,ADM
ADM270115P00057500,57.5,3.7,2.85,3.6,2.0,132.0,0.31519239501953117,False,PUT,2027-01-15,ADM
ADM270115P00060000,60.0,4.1,3.4,4.2,69.0,222.0,0.29999479309082033,False,PUT,2027-01-15,ADM
ADM270115P00062500,62.5,5.3,4.4,5.2,25.0,169.0,0.2978585839843749,False,PUT,2027-01-15,ADM
ADM270115P00065000,65.0,5.88,5.4,6.7,3.0,776.0,0.3103096313476562,False,PUT,2027-01-15,ADM
ADM270115P00067500,67.5,6.8,6.5,8.0,102.0,212.0,0.30933307861328124,False,PUT,2027-01-15,ADM
ADM270115P00070000,70.0,7.85,7.9,8.9,2.0,32.0,0.28888650573730457,True,PUT,2027-01-15,ADM
ADM270115P00072500,72.5,13.96,9.3,10.6,,1.0,0.2942575457763671,True,PUT,2027-01-15,ADM
ADM270115P00075000,75.0,12.6,10.9,11.9,5.0,7.0,0.28003649658203117,True,PUT,2027-01-15,ADM
ADM270115P00080000,80.0,19.1,0.0,0.0,2.0,1.0,1.0000000000000003e-05,True,PUT,2027-01-15,ADM
ADM280121C00047500,47.5,19.9,21.0,24.3,50.0,58.0,0.35773347351074214,True,CALL,2028-01-21,ADM
ADM280121C00050000,50.0,18.44,19.0,22.4,2.0,47.0,0.3479069116210937,True,CALL,2028-01-21,ADM
ADM280121C00052500,52.5,16.6,17.5,20.7,10.0,23.0,0.34339035522460937,True,CALL,2028-01-21,ADM
ADM280121C00055000,55.0,17.0,16.0,19.0,48.0,321.0,0.33637138244628906,True,CALL,2028-01-21,ADM
ADM280121C00057500,57.5,16.7,14.5,17.3,2.0,422.0,0.3272772351074219,True,CALL,2028-01-21,ADM
ADM280121C00060000,60.0,15.17,13.8,15.8,43.0,176.0,0.32227240234374993,True,CALL,2028-01-21,ADM
ADM280121C00062500,62.5,14.29,12.5,16.0,34.0,73.0,0.36365382446289063,True,CALL,2028-01-21,ADM
ADM280121C00065000,65.0,12.08,11.3,12.9,2.0,150.0,0.3087227331542969,True,CALL,2028-01-21,ADM
ADM280121C00067500,67.5,11.52,10.0,13.5,6.0,93.0,0.354376573486328,True,CALL,2028-01-21,ADM
ADM280121C00070000,70.0,9.5,8.3,11.2,1.0,144.0,0.31915964050292955,False,CALL,2028-01-21,ADM
ADM280121C00072500,72.5,8.3,7.0,11.0,,41.0,0.3382634533691406,False,CALL,2028-01-21,ADM
ADM280121C00075000,75.0,8.5,7.1,8.7,10.0,104.0,0.3001778967285156,False,CALL,2028-01-21,ADM
ADM280121C00080000,80.0,6.1,5.6,6.4,47.0,1808.0,0.2786937365722656,False,CALL,2028-01-21,ADM
ADM280121C00085000,85.0,5.29,2.7,5.2,2.0,9.0,0.27924304748535156,False,CALL,2028-01-21,ADM
ADM280121P00047500,47.5,2.94,0.05,3.4,4.0,7.0,0.33423517333984376,False,PUT,2028-01-21,ADM
ADM280121P00050000,50.0,3.3,0.55,3.9,2.0,10.0,0.3225165405273437,False,PUT,2028-01-21,ADM
ADM280121P00052500,52.5,3.77,1.5,4.5,4.0,49.0,0.3128120477294921,False,PUT,2028-01-21,ADM
ADM280121P00055000,55.0,4.45,2.35,5.0,5.0,10.0,0.29779754943847647,False,PUT,2028-01-21,ADM
ADM280121P00057500,57.5,5.1,3.0,6.1,9.0,12.0,0.30048306945800785,False,PUT,2028-01-21,ADM
ADM280121P00060000,60.0,6.9,4.8,7.0,11.0,87.0,0.2938913385009765,False,PUT,2028-01-21,ADM
ADM280121P00062500,62.5,7.98,6.7,7.9,3.0,23.0,0.2851023638916015,False,PUT,2028-01-21,ADM
ADM280121P00065000,65.0,8.23,6.0,10.5,1.0,15.0,0.3210517114257812,False,PUT,2028-01-21,ADM
ADM280121P00067500,67.5,9.4,8.8,10.2,1.0,6.0,0.2747570083618164,False,PUT,2028-01-21,ADM
ADM280121P00070000,70.0,11.73,8.5,13.0,3.0,53.0,0.3098518722534179,True,PUT,2028-01-21,ADM
ADM280121P00080000,80.0,17.5,14.5,17.7,50.0,50.0,0.2556837127685547,True,PUT,2028-01-21,ADM
ADT260220C00006000,6.0,1.9,0.0,0.0,10.0,22.0,1.0000000000000003e-05,True,CALL,2026-02-20,ADT
ADT260220C00007000,7.0,1.0,0.9,1.1,2.0,64.0,0.5390671093750001,True,CALL,2026-02-20,ADT
ADT260220C00008000,8.0,0.2,0.2,0.25,40.0,1407.0,0.30274134765625,True,CALL,2026-02-20,ADT
ADT260220C00009000,9.0,0.03,0.0,0.05,7.0,4410.0,0.39453730468750003,False,CALL,2026-02-20,ADT
ADT260220C00010000,10.0,0.02,0.0,0.05,15.0,17493.0,0.5312546875,False,CALL,2026-02-20,ADT
ADT260220P00006000,6.0,0.04,0.0,0.05,10.0,105.0,0.70312796875,False,PUT,2026-02-20,ADT
ADT260220P00007000,7.0,0.04,0.0,0.05,1.0,532.0,0.45703667968750006,False,PUT,2026-02-20,ADT
ADT260220P00008000,8.0,0.2,0.15,0.25,14.0,1710.0,0.32031929687499994,False,PUT,2026-02-20,ADT
ADT260220P00009000,9.0,1.04,0.65,1.4,3.0,1072.0,0.9589847851562499,True,PUT,2026-02-20,ADT
ADT260220P00010000,10.0,1.95,1.65,2.4,2.0,2.0,0.5937540625000001,True,PUT,2026-02-20,ADT
ADT260320C00008000,8.0,0.4,0.35,0.45,1.0,98.0,0.3711000390625,True,CALL,2026-03-20,ADT
ADT260320C00009000,9.0,0.1,0.05,0.15,1.0,10.0,0.39063109375,False,CALL,2026-03-20,ADT
ADT260320P00007000,7.0,0.12,0.05,0.15,3.0,5.0,0.44922425781249997,False,PUT,2026-03-20,ADT
ADT260320P00008000,8.0,0.38,0.35,0.5,2.0,34.0,0.42578699218750005,False,PUT,2026-03-20,ADT
ADT260515C00007000,7.0,1.34,1.05,1.65,6.0,89.0,0.6621127539062501,True,CALL,2026-05-15,ADT
ADT260515C00008000,8.0,0.6,0.5,0.65,1.0,2961.0,0.372076591796875,True,CALL,2026-05-15,ADT
ADT260515C00009000,9.0,0.27,0.15,0.3,3.0,1973.0,0.372076591796875,False,CALL,2026-05-15,ADT
ADT260515C00010000,10.0,0.11,0.1,0.15,17.0,26590.0,0.39649041015625003,False,CALL,2026-05-15,ADT
ADT260515P00006000,6.0,0.34,0.05,1.0,18.0,37.0,0.8652357226562499,False,PUT,2026-05-15,ADT
ADT260515P00007000,7.0,0.22,0.2,0.3,1.0,453.0,0.428716650390625,False,PUT,2026-05-15,ADT
ADT260515P00008000,8.0,0.56,0.5,0.6,1.0,1761.0,0.35156898437499995,False,PUT,2026-05-15,ADT
ADT260515P00009000,9.0,1.11,1.15,1.3,2.0,3125.0,0.38184211914062494,True,PUT,2026-05-15,ADT
ADT260515P00010000,10.0,1.6,1.4,2.8,8.0,60.0,0.84179845703125,True,PUT,2026-05-15,ADT
ADT260821C00007000,7.0,1.5,1.3,1.45,2.0,20.0,0.3789124609375,True,CALL,2026-08-21,ADT
ADT260821C00008000,8.0,0.8,0.7,0.85,16.0,1160.0,0.352545537109375,True,CALL,2026-08-21,ADT
ADT260821C00009000,9.0,0.4,0.3,0.5,1.0,527.0,0.358404853515625,False,CALL,2026-08-21,ADT
ADT260821C00010000,10.0,0.25,0.15,0.3,11.0,67.0,0.3711000390625,False,CALL,2026-08-21,ADT
ADT260821P00006000,6.0,0.2,0.15,0.25,,2.0,0.44922425781249997,False,PUT,2026-08-21,ADT
ADT260821P00007000,7.0,0.35,0.3,0.45,2.0,44.0,0.38672488281249995,False,PUT,2026-08-21,ADT
ADT260821P00008000,8.0,0.7,0.65,0.85,1098.0,1147.0,0.35938140625,False,PUT,2026-08-21,ADT
ADT260821P00009000,9.0,1.2,1.3,1.45,,22.0,0.3437565625,True,PUT,2026-08-21,ADT
AEO260130C00020000,20.0,3.29,2.6,3.9,1.0,3.0,1.7968760156249999,True,CALL,2026-01-30,AEO
AEO260130C00020500,20.5,2.78,2.1,3.4,1.0,0.0,1.57422087890625,True,CALL,2026-01-30,AEO
AEO260130C00021000,21.0,2.35,1.85,3.6,1.0,1.0,2.2929730175781247,True,CALL,2026-01-30,AEO
AEO260130C00021500,21.5,2.69,1.35,3.6,6.0,0.0,2.4179727050781246,True,CALL,2026-01-30,AEO
AEO260130C00022000,22.0,2.2,0.94,1.65,6.0,0.0,0.9726565234375,True,CALL,2026-01-30,AEO
AEO260130C00022500,22.5,0.63,0.7,0.88,4.0,0.0,0.70312796875,True,CALL,2026-01-30,AEO
AEO260130C00023000,23.0,0.41,0.36,0.5,9.0,28.0,0.6015664843750002,True,CALL,2026-01-30,AEO
AEO260130C00023500,23.5,0.39,0.16,0.21,127.0,59.0,0.5390671093750001,False,CALL,2026-01-30,AEO
AEO260130C00024000,24.0,0.08,0.06,0.1,64.0,331.0,0.5507857421875001,False,CALL,2026-01-30,AEO
AEO260130C00024500,24.5,0.05,0.03,0.14,2.0,61.0,0.7382838671874999,False,CALL,2026-01-30,AEO
AEO260130C00025000,25.0,0.01,0.0,0.06,37.0,162.0,0.6953155468750001,False,CALL,2026-01-30,AEO
AEO260130C00025500,25.5,0.03,0.0,0.47,1.0,136.0,1.4375028125,False,CALL,2026-01-30,AEO
AEO260130C00026000,26.0,0.02,0.0,0.02,2.0,319.0,0.7812521875,False,CALL,2026-01-30,AEO
AEO260130C00026500,26.5,0.06,0.0,0.02,23.0,33.0,0.8906260937499999,False,CALL,2026-01-30,AEO
AEO260130C00027000,27.0,0.02,0.0,0.72,2.0,115.0,2.2109419726562494,False,CALL,2026-01-30,AEO
AEO260130C00027500,27.5,0.07,0.0,0.55,12.0,376.0,2.1679733300781248,False,CALL,2026-01-30,AEO
AEO260130C00028000,28.0,0.15,0.0,0.72,10.0,64.0,2.5156287109374995,False,CALL,2026-01-30,AEO
AEO260130C00028500,28.5,0.05,0.0,0.07,10.0,32.0,1.5312523437499999,False,CALL,2026-01-30,AEO
AEO260130C00029000,29.0,0.02,0.0,0.72,10.0,69.0,2.800784248046875,False,CALL,2026-01-30,AEO
AEO260130P00018000,18.0,0.42,0.0,0.05,,3.0,1.71875140625,False,PUT,2026-01-30,AEO
AEO260130P00019500,19.5,0.03,0.0,0.05,2.0,1.0,1.21875390625,False,PUT,2026-01-30,AEO
AEO260130P00020000,20.0,0.02,0.0,0.92,1.0,29.0,2.3984415039062497,False,PUT,2026-01-30,AEO
AEO260130P00021000,21.0,0.07,0.0,1.04,4.0,48.0,1.9882813085937499,False,PUT,2026-01-30,AEO
AEO260130P00021500,21.5,0.17,0.01,0.12,1.0,68.0,0.7578149218750001,False,PUT,2026-01-30,AEO
AEO260130P00022000,22.0,0.14,0.04,0.1,11.0,214.0,0.5820354296875,False,PUT,2026-01-30,AEO
AEO260130P00022500,22.5,0.19,0.11,0.25,6.0,263.0,0.5820354296875,False,PUT,2026-01-30,AEO
AEO260130P00023000,23.0,0.28,0.25,0.33,37.0,107.0,0.51562984375,False,PUT,2026-01-30,AEO
AEO260130P00023500,23.5,0.59,0.52,0.62,2.0,121.0,0.49609878906250005,True,PUT,2026-01-30,AEO
AEO260130P00024000,24.0,0.94,0.83,1.35,5.0,227.0,0.6601596484375001,True,PUT,2026-01-30,AEO
AEO260130P00024500,24.5,1.49,1.17,1.75,1.0,91.0,1.171879140625,True,PUT,2026-01-30,AEO
AEO260130P00025000,25.0,1.84,1.52,2.19,2.0,187.0,1.2500037499999999,True,PUT,2026-01-30,AEO
AEO260130P00025500,25.5,2.5,2.29,2.79,20.0,168.0,1.0312548437500002,True,PUT,2026-01-30,AEO
AEO260130P00026000,26.0,2.25,2.75,3.4,1.0,234.0,1.29297228515625,True,PUT,2026-01-30,AEO
AEO260130P00026500,26.5,3.55,3.25,3.65,4.0,13.0,1.65234548828125,True,PUT,2026-01-30,AEO
AEO260130P00027000,27.0,3.75,3.75,4.3,3.0,51.0,1.3750031249999999,True,PUT,2026-01-30,AEO
AEO260130P00027500,27.5,4.5,4.3,4.65,5.0,31.0,1.15625421875,True,PUT,2026-01-30,AEO
AEO260130P00028000,28.0,4.95,4.8,5.25,2.0,8.0,1.609376953125,True,PUT,2026-01-30,AEO
AEO260130P00028500,28.5,4.55,5.25,5.85,2.0,4.0,1.8437507812499998,True,PUT,2026-01-30,AEO
AEO260130P00029000,29.0,5.92,5.75,6.3,6.0,0.0,1.8359383203124997,True,PUT,2026-01-30,AEO
AEO260130P00029500,29.5,6.45,6.25,6.95,8.0,2.0,2.281254296875,True,PUT,2026-01-30,AEO
AEO260206C00018000,18.0,7.03,4.6,5.8,1.0,2.0,1.1796916015624999,True,CALL,2026-02-06,AEO
AEO260206C00019000,19.0,8.47,3.65,4.85,,1.0,1.056645341796875,True,CALL,2026-02-06,AEO
AEO260206C00020000,20.0,5.09,2.7,3.9,1.0,2.0,0.9101571484375,True,CALL,2026-02-06,AEO
AEO260206C00021000,21.0,6.61,1.9,2.74,,1.0,0.710940390625,True,CALL,2026-02-06,AEO
AEO260206C00021500,21.5,5.89,1.47,2.32,,1.0,0.6660189648437502,True,CALL,2026-02-06,AEO
AEO260206C00022000,22.0,2.65,1.37,1.49,3.0,4.0,0.5712933496093751,True,CALL,2026-02-06,AEO
AEO260206C00022500,22.5,1.13,1.06,1.15,1.0,12.0,0.5654340332031251,True,CALL,2026-02-06,AEO
AEO260206C00023000,23.0,0.83,0.76,0.86,1.0,39.0,0.5478560839843751,True,CALL,2026-02-06,AEO
AEO260206C00023500,23.5,0.83,0.52,0.64,19.0,71.0,0.5410202148437502,False,CALL,2026-02-06,AEO
AEO260206C00024000,24.0,0.51,0.35,0.44,1.0,4.0,0.5312546875,False,CALL,2026-02-06,AEO
AEO260206C00024500,24.5,0.36,0.24,0.29,1.0,11.0,0.5312546875,False,CALL,2026-02-06,AEO
AEO260206C00025000,25.0,0.3,0.15,0.22,3.0,72.0,0.5429733203125001,False,CALL,2026-02-06,AEO
AEO260206C00025500,25.5,0.2,0.1,0.17,9.0,30.0,0.5644574804687501,False,CALL,2026-02-06,AEO
AEO260206C00026000,26.0,0.07,0.07,0.13,2.0,110.0,0.585941640625,False,CALL,2026-02-06,AEO
AEO260206C00026500,26.5,0.52,0.05,0.75,5.0,18.0,1.0039112304687499,False,CALL,2026-02-06,AEO
AEO260206C00027000,27.0,0.38,0.01,0.1,1.0,80.0,0.6250037500000001,False,CALL,2026-02-06,AEO
AEO260206C00027500,27.5,0.17,0.0,0.37,2.0,29.0,0.9082040429687499,False,CALL,2026-02-06,AEO
AEO260206C00028000,28.0,0.27,0.0,0.75,1.0,11.0,1.203128984375,False,CALL,2026-02-06,AEO
AEO260206C00028500,28.5,0.38,0.0,0.61,2.0,241.0,1.19141029296875,False,CALL,2026-02-06,AEO
AEO260206C00029000,29.0,0.16,0.0,0.73,3.0,147.0,1.3261752441406247,False,CALL,2026-02-06,AEO
AEO260206C00029500,29.5,0.31,0.0,0.73,2.0,2.0,1.3906280468749999,False,CALL,2026-02-06,AEO
AEO260206P00021000,21.0,0.15,0.14,0.19,2.0,3.0,0.5839885351562499,False,PUT,2026-02-06,AEO
AEO260206P00021500,21.5,0.23,0.2,0.27,2.0,43.0,0.5546919531250001,False,PUT,2026-02-06,AEO
AEO260206P00022000,22.0,0.33,0.29,0.37,2.0,57.0,0.5214891601562499,False,PUT,2026-02-06,AEO
AEO260206P00022500,22.5,0.51,0.4,0.52,102.0,113.0,0.53320779296875,False,PUT,2026-02-06,AEO
AEO260206P00023000,23.0,0.78,0.61,0.73,42.0,39.0,0.5195360546875,False,PUT,2026-02-06,AEO
AEO260206P00023500,23.5,0.98,0.88,0.98,2.0,25.0,0.499028447265625,True,PUT,2026-02-06,AEO
AEO260206P00024000,24.0,1.12,1.22,1.31,11.0,52.0,0.49707534179687507,True,PUT,2026-02-06,AEO
AEO260206P00024500,24.5,1.11,1.61,1.68,1.0,16.0,0.49023947265625006,True,PUT,2026-02-06,AEO
AEO260206P00025000,25.0,2.02,1.66,2.36,1.0,40.0,0.743166630859375,True,PUT,2026-02-06,AEO
AEO260206P00025500,25.5,2.11,2.0,3.2,5.0,89.0,0.570316796875,True,PUT,2026-02-06,AEO
AEO260206P00026000,26.0,3.0,2.75,3.25,6.0,26.0,0.8164080859374999,True,PUT,2026-02-06,AEO
AEO260206P00026500,26.5,3.6,3.25,3.95,3.0,2.0,0.7128934960937501,True,PUT,2026-02-06,AEO
AEO260206P00027000,27.0,4.05,3.8,4.4,2.0,27.0,0.77929908203125,True,PUT,2026-02-06,AEO
AEO260206P00027500,27.5,3.8,4.2,4.8,30.0,370.0,0.64062859375,True,PUT,2026-02-06,AEO
AEO260206P00028000,28.0,5.05,4.8,5.3,2.0,1.0,0.8164080859374999,True,PUT,2026-02-06,AEO
AEO260206P00028500,28.5,5.05,5.3,5.9,2.0,204.0,0.9648441015625,True,PUT,2026-02-06,AEO
AEO260206P00029000,29.0,6.05,5.8,6.5,4.0,5.0,1.1015669921875002,True,PUT,2026-02-06,AEO
AEO260206P00029500,29.5,6.55,6.3,7.0,2.0,0.0,1.16016044921875,True,PUT,2026-02-06,AEO
AEO260213C00018000,18.0,9.45,4.65,5.85,,37.0,0.9531254687499999,True,CALL,2026-02-13,AEO
AEO260213C00019000,19.0,9.15,3.7,4.9,,1.0,0.8457046679687499,True,CALL,2026-02-13,AEO
AEO260213C00021500,21.5,2.46,1.98,2.11,1.0,2.0,0.596683720703125,True,CALL,2026-02-13,AEO
AEO260213C00022000,22.0,1.6,1.62,1.75,1.0,9.0,0.57812921875,True,CALL,2026-02-13,AEO
AEO260213C00023000,23.0,1.35,1.0,1.15,7.0,12.0,0.5488326367187502,True,CALL,2026-02-13,AEO
AEO260213C00023500,23.5,0.92,0.76,0.9,10.0,10.0,0.5371140039062501,False,CALL,2026-02-13,AEO
AEO260213C00024000,24.0,0.72,0.56,0.7,1.0,13.0,0.5302781347656251,False,CALL,2026-02-13,AEO
AEO260213C00024500,24.5,0.69,0.42,0.53,5.0,10.0,0.5273484765625001,False,CALL,2026-02-13,AEO
AEO260213C00025000,25.0,0.47,0.31,0.41,3.0,14.0,0.5312546875,False,CALL,2026-02-13,AEO
AEO260213C00025500,25.5,0.36,0.23,0.36,1.0,41.0,0.5537154003906251,False,CALL,2026-02-13,AEO
AEO260213C00026000,26.0,0.35,0.17,0.26,1.0,7.0,0.5507857421875001,False,CALL,2026-02-13,AEO
AEO260213C00027000,27.0,1.01,0.0,0.41,6.0,37.0,0.65039412109375,False,CALL,2026-02-13,AEO
AEO260213C00027500,27.5,0.35,0.0,0.95,2.0,5.0,0.9238288867187501,False,CALL,2026-02-13,AEO
AEO260213C00028000,28.0,0.64,0.0,0.75,5.0,13.0,0.9023447265625,False,CALL,2026-02-13,AEO
AEO260213C00028500,28.5,0.49,0.0,0.75,2.0,3.0,0.9531254687499999,False,CALL,2026-02-13,AEO
AEO260213C00029000,29.0,0.01,0.0,0.75,4.0,5.0,1.0039112304687499,False,CALL,2026-02-13,AEO
AEO260213P00020000,20.0,0.17,0.12,0.37,,1.0,0.6679720703125002,False,PUT,2026-02-13,AEO
AEO260213P00021500,21.5,0.33,0.33,0.46,11.0,76.0,0.526371923828125,False,PUT,2026-02-13,AEO
AEO260213P00022000,22.0,0.49,0.46,0.61,6.0,70.0,0.514653291015625,False,PUT,2026-02-13,AEO
AEO260213P00022500,22.5,0.64,0.62,0.76,5.0,12.0,0.5293015820312501,False,PUT,2026-02-13,AEO
AEO260213P00023000,23.0,0.92,0.84,0.99,15.0,43.0,0.52539537109375,False,PUT,2026-02-13,AEO
AEO260213P00023500,23.5,1.11,1.1,1.23,1.0,14.0,0.50586431640625,True,PUT,2026-02-13,AEO
AEO260213P00024000,24.0,1.38,1.41,1.55,3.0,39.0,0.507817421875,True,PUT,2026-02-13,AEO
AEO260213P00024500,24.5,1.96,1.78,1.89,10.0,61.0,0.5009815527343751,True,PUT,2026-02-13,AEO
AEO260213P00025000,25.0,2.26,2.17,2.26,1.0,23.0,0.49121602539062503,True,PUT,2026-02-13,AEO
AEO260213P00025500,25.5,2.4,2.0,3.15,8.0,11.0,0.807619111328125,True,PUT,2026-02-13,AEO
AEO260213P00026000,26.0,2.5,1.85,4.95,1.0,40.0,0.7187528125,True,PUT,2026-02-13,AEO
AEO260213P00026500,26.5,3.65,3.4,4.0,4.0,4.0,0.6289099609375001,True,PUT,2026-02-13,AEO
AEO260213P00028500,28.5,5.5,5.25,5.7,2.0,3.0,0.8320329296874999,True,PUT,2026-02-13,AEO
AEO260213P00029500,29.5,6.6,6.15,6.65,8.0,1.0,0.86914193359375,True,PUT,2026-02-13,AEO
AEO260220C00017000,17.0,6.74,5.9,6.55,10.0,335.0,0.9023447265625,True,CALL,2026-02-20,AEO
AEO260220C00018000,18.0,7.99,4.95,5.55,15.0,276.0,0.7949239257812499,True,CALL,2026-02-20,AEO
AEO260220C00019000,19.0,5.32,4.0,4.4,67.0,3617.0,0.6113320117187502,True,CALL,2026-02-20,AEO
AEO260220C00020000,20.0,3.23,3.1,3.5,4.0,1142.0,0.569340244140625,True,CALL,2026-02-20,AEO
AEO260220C00021000,21.0,2.84,2.32,2.75,2.0,892.0,0.5722699023437501,True,CALL,2026-02-20,AEO
AEO260220C00022000,22.0,1.88,1.79,1.92,1.0,667.0,0.5625043750000001,True,CALL,2026-02-20,AEO
AEO260220C00023000,23.0,1.34,1.22,1.32,3.0,1130.0,0.5429733203125001,True,CALL,2026-02-20,AEO
AEO260220C00024000,24.0,0.81,0.79,0.89,209.0,798.0,0.5361374511718751,False,CALL,2026-02-20,AEO
AEO260220C00024500,24.5,0.74,0.61,0.7,115.0,15.0,0.526371923828125,False,CALL,2026-02-20,AEO
AEO260220C00025000,25.0,0.48,0.47,0.5,86.0,1073.0,0.508793974609375,False,CALL,2026-02-20,AEO
AEO260220C00025500,25.5,0.57,0.36,0.38,2.0,90.0,0.50586431640625,False,CALL,2026-02-20,AEO
AEO260220C00026000,26.0,0.32,0.28,0.31,1.0,988.0,0.5136767382812499,False,CALL,2026-02-20,AEO
AEO260220C00026500,26.5,0.32,0.2,0.24,1.0,126.0,0.5097705273437501,False,CALL,2026-02-20,AEO
AEO260220C00027000,27.0,0.2,0.16,0.2,2.0,611.0,0.523442265625,False,CALL,2026-02-20,AEO
AEO260220C00027500,27.5,0.2,0.07,0.21,2.0,35.0,0.5273484765625001,False,CALL,2026-02-20,AEO
AEO260220C00028000,28.0,0.14,0.05,0.13,3.0,1341.0,0.5097705273437501,False,CALL,2026-02-20,AEO
AEO260220C00028500,28.5,0.47,0.05,0.12,,26.0,0.5371140039062501,False,CALL,2026-02-20,AEO
AEO260220C00029000,29.0,0.07,0.05,0.09,4.0,657.0,0.5488326367187502,False,CALL,2026-02-20,AEO
AEO260220C00029500,29.5,0.1,0.0,0.13,1.0,70.0,0.5722699023437501,False,CALL,2026-02-20,AEO
AEO260220P00017000,17.0,0.05,0.0,0.13,2.0,511.0,0.7148466015625,False,PUT,2026-02-20,AEO
AEO260220P00018000,18.0,0.07,0.01,0.11,2.0,417.0,0.5898478515625001,False,PUT,2026-02-20,AEO
AEO260220P00019000,19.0,0.17,0.05,0.16,4.0,235.0,0.5468795312500001,False,PUT,2026-02-20,AEO
AEO260220P00020000,20.0,0.25,0.21,0.26,21.0,347.0,0.5498091894531252,False,PUT,2026-02-20,AEO
AEO260220P00020500,20.5,0.24,0.27,0.33,,1.0,0.5293015820312501,False,PUT,2026-02-20,AEO
AEO260220P00021000,21.0,0.42,0.38,0.42,13.0,1302.0,0.5185595019531251,False,PUT,2026-02-20,AEO
AEO260220P00022000,22.0,0.67,0.67,0.69,3.0,951.0,0.5039112109375,False,PUT,2026-02-20,AEO
AEO260220P00023000,23.0,1.1,1.03,1.19,1.0,1038.0,0.52539537109375,False,PUT,2026-02-20,AEO
AEO260220P00023500,23.5,1.39,1.29,1.5,1.0,10.0,0.5400436621093752,True,PUT,2026-02-20,AEO
AEO260220P00024000,24.0,1.59,1.59,1.8,4.0,659.0,0.5361374511718751,True,PUT,2026-02-20,AEO
AEO260220P00024500,24.5,2.12,1.91,2.13,2.0,39.0,0.53320779296875,True,PUT,2026-02-20,AEO
AEO260220P00025000,25.0,2.36,2.31,2.48,3.0,997.0,0.5273484765625001,True,PUT,2026-02-20,AEO
AEO260220P00025500,25.5,2.46,2.5,2.88,2.0,12.0,0.53320779296875,True,PUT,2026-02-20,AEO
AEO260220P00026000,26.0,3.05,2.98,3.4,2.0,503.0,0.5996133789062501,True,PUT,2026-02-20,AEO
AEO260220P00026500,26.5,2.17,3.3,3.85,,5.0,0.622074091796875,True,PUT,2026-02-20,AEO
AEO260220P00027000,27.0,3.75,3.9,4.25,1.0,470.0,0.6054726953125001,True,PUT,2026-02-20,AEO
AEO260220P00028000,28.0,4.6,4.65,5.25,3.0,247.0,0.69336244140625,True,PUT,2026-02-20,AEO
AEO260220P00028500,28.5,4.27,5.1,5.75,2.0,1.0,0.73437765625,True,PUT,2026-02-20,AEO
AEO260220P00029000,29.0,6.0,5.7,6.15,6.0,43.0,0.6894562304687502,True,PUT,2026-02-20,AEO
AEO260227C00022000,22.0,3.05,1.99,2.13,50.0,50.0,0.57617611328125,True,CALL,2026-02-27,AEO
AEO260227C00024000,24.0,0.98,0.93,1.05,2.0,9.0,0.5278367529296876,False,CALL,2026-02-27,AEO
AEO260227C00025000,25.0,0.37,0.64,0.71,1.0,11.0,0.5283250292968751,False,CALL,2026-02-27,AEO
AEO260227C00026000,26.0,0.61,0.41,0.48,3.0,31.0,0.5273484765625001,False,CALL,2026-02-27,AEO
AEO260227C00027000,27.0,0.46,0.23,0.45,1.0,6.0,0.559574716796875,False,CALL,2026-02-27,AEO
AEO260227C00028000,28.0,0.3,0.19,0.75,1.0,4.0,0.7128934960937501,False,CALL,2026-02-27,AEO
AEO260227P00020000,20.0,0.18,0.3,0.5,,1.0,0.584965087890625,False,PUT,2026-02-27,AEO
AEO260227P00021000,21.0,0.5,0.49,0.57,5.0,43.0,0.5185595019531251,False,PUT,2026-02-27,AEO
AEO260227P00022000,22.0,0.61,0.81,0.89,1.0,29.0,0.506840869140625,False,PUT,2026-02-27,AEO
AEO260227P00023000,23.0,0.91,1.23,1.3,4.0,4.0,0.5019581054687501,False,PUT,2026-02-27,AEO
AEO260227P00024000,24.0,1.78,1.77,1.86,2.0,6.0,0.4931691308593751,True,PUT,2026-02-27,AEO
AEO260227P00025000,25.0,1.48,2.46,2.68,1.0,76.0,0.5009815527343751,True,PUT,2026-02-27,AEO
AEO260227P00027000,27.0,2.65,3.05,4.9,1.0,2.0,0.850587431640625,True,PUT,2026-02-27,AEO
AEO260227P00028000,28.0,4.75,4.4,5.75,6.0,4.0,0.8730481445312499,True,PUT,2026-02-27,AEO
AEO260306C00026000,26.0,0.93,0.56,1.2,1.0,2.0,0.6523472265625001,False,CALL,2026-03-06,AEO
AEO260306C00028000,28.0,1.65,0.26,0.79,,1.0,0.6679720703125002,False,CALL,2026-03-06,AEO
AEO260306P00021000,21.0,0.71,0.66,1.25,403.0,404.0,0.6425816992187501,False,PUT,2026-03-06,AEO
AEO260306P00024000,24.0,2.27,1.93,2.64,2.0,3.0,0.5913126806640626,True,PUT,2026-03-06,AEO
AEO260320C00017000,17.0,6.46,6.3,6.65,4.0,35.0,0.7773459765625,True,CALL,2026-03-20,AEO
AEO260320C00018000,18.0,9.87,5.4,6.0,10.0,15.0,0.7832052929687501,True,CALL,2026-03-20,AEO
AEO260320C00019000,19.0,5.55,4.6,5.15,2.0,35.0,0.743166630859375,True,CALL,2026-03-20,AEO
AEO260320C00020000,20.0,4.3,4.05,4.4,755.0,1533.0,0.752932158203125,True,CALL,2026-03-20,AEO
AEO260320C00021000,21.0,3.6,3.3,3.7,1.0,6.0,0.7148466015625,True,CALL,2026-03-20,AEO
AEO260320C00022000,22.0,3.02,2.71,3.0,3.0,81.0,0.6860382958984376,True,CALL,2026-03-20,AEO
AEO260320C00023000,23.0,2.37,2.16,2.37,6.0,262.0,0.6552768847656252,True,CALL,2026-03-20,AEO
AEO260320C00024000,24.0,1.79,1.73,1.93,3.0,163.0,0.6513706738281251,False,CALL,2026-03-20,AEO
AEO260320C00025000,25.0,1.42,1.36,1.65,9.0,223.0,0.6601596484375001,False,CALL,2026-03-20,AEO
AEO260320C00026000,26.0,1.44,1.07,1.25,7.0,203.0,0.6445348046875,False,CALL,2026-03-20,AEO
AEO260320C00027000,27.0,1.1,0.84,1.0,1.0,299.0,0.6455113574218749,False,CALL,2026-03-20,AEO
AEO260320C00028000,28.0,0.78,0.7,0.81,1.0,120.0,0.657229990234375,False,CALL,2026-03-20,AEO
AEO260320C00029000,29.0,0.71,0.52,0.64,1.0,185.0,0.6513706738281251,False,CALL,2026-03-20,AEO
AEO260320P00017000,17.0,0.24,0.23,0.39,1.0,4.0,0.6992217578125001,False,PUT,2026-03-20,AEO
AEO260320P00018000,18.0,0.46,0.42,0.49,8.0,122.0,0.6806672558593752,False,PUT,2026-03-20,AEO
AEO260320P00019000,19.0,0.63,0.59,0.65,24.0,12.0,0.6523472265625001,False,PUT,2026-03-20,AEO
AEO260320P00020000,20.0,0.86,0.8,0.91,7.0,98.0,0.632816171875,False,PUT,2026-03-20,AEO
AEO260320P00021000,21.0,0.89,1.12,1.23,,36.0,0.6210975390625001,False,PUT,2026-03-20,AEO
AEO260320P00022000,22.0,1.54,1.53,1.63,1.0,356.0,0.614261669921875,False,PUT,2026-03-20,AEO
AEO260320P00023000,23.0,2.07,1.98,2.11,59.0,244.0,0.6030313134765627,False,PUT,2026-03-20,AEO
AEO260320P00024000,24.0,2.6,2.53,2.67,2.0,148.0,0.59570716796875,True,PUT,2026-03-20,AEO
AEO260320P00025000,25.0,3.3,3.15,3.35,127.0,994.0,0.59570716796875,True,PUT,2026-03-20,AEO
AEO260320P00026000,26.0,3.79,3.85,4.15,2.0,258.0,0.6069375244140626,True,PUT,2026-03-20,AEO
AEO260320P00027000,27.0,4.05,4.6,4.9,2.0,279.0,0.6015664843750002,True,PUT,2026-03-20,AEO
AEO260320P00028000,28.0,4.59,5.4,5.75,9.0,772.0,0.6049844189453126,True,PUT,2026-03-20,AEO
AEO260320P00029000,29.0,4.88,6.1,6.65,35.0,51.0,0.5810588769531251,True,PUT,2026-03-20,AEO
AEO260515C00017000,17.0,6.95,6.55,7.1,2.0,73.0,0.6650424121093752,True,CALL,2026-05-15,AEO
AEO260515C00018000,18.0,6.0,5.8,6.3,1.0,193.0,0.6489292919921875,True,CALL,2026-05-15,AEO
AEO260515C00019000,19.0,6.0,5.05,5.55,1.0,811.0,0.6289099609375001,True,CALL,2026-05-15,AEO
AEO260515C00020000,20.0,4.6,4.55,4.7,10.0,372.0,0.6171913281250001,True,CALL,2026-05-15,AEO
AEO260515C00021000,21.0,5.57,3.9,4.25,57.0,1106.0,0.622074091796875,True,CALL,2026-05-15,AEO
AEO260515C00022000,22.0,3.38,3.3,3.5,2.0,161.0,0.5883830224609375,True,CALL,2026-05-15,AEO
AEO260515C00023000,23.0,2.92,2.81,3.0,5.0,239.0,0.5825237060546875,True,CALL,2026-05-15,AEO
AEO260515C00024000,24.0,2.55,2.36,2.58,1.0,735.0,0.57812921875,False,CALL,2026-05-15,AEO
AEO260515C00025000,25.0,2.07,1.98,2.37,3.0,527.0,0.5918009570312501,False,CALL,2026-05-15,AEO
AEO260515C00026000,26.0,3.05,1.65,2.15,80.0,263.0,0.6003457934570313,False,CALL,2026-05-15,AEO
AEO260515C00027000,27.0,1.5,1.4,1.64,152.0,227.0,0.5783733569335938,False,CALL,2026-05-15,AEO
AEO260515C00028000,28.0,1.3,1.16,1.44,10.0,556.0,0.5820354296875,False,CALL,2026-05-15,AEO
AEO260515C00029000,29.0,1.25,0.96,1.24,2.0,52.0,0.5825237060546875,False,CALL,2026-05-15,AEO
AEO260515P00017000,17.0,0.6,0.57,0.69,4.0,1958.0,0.6113320117187502,False,PUT,2026-05-15,AEO
AEO260515P00018000,18.0,0.85,0.71,0.89,7.0,163.0,0.585941640625,False,PUT,2026-05-15,AEO
AEO260515P00019000,19.0,1.02,1.01,1.13,10.0,229.0,0.57812921875,False,PUT,2026-05-15,AEO
AEO260515P00020000,20.0,1.35,1.32,1.44,25.0,563.0,0.5678754150390625,False,PUT,2026-05-15,AEO
AEO260515P00021000,21.0,1.8,1.68,1.85,20.0,1215.0,0.5620160986328125,False,PUT,2026-05-15,AEO
AEO260515P00022000,22.0,2.21,2.1,2.3,10.0,815.0,0.5546919531250001,False,PUT,2026-05-15,AEO
AEO260515P00023000,23.0,2.68,2.6,2.81,10.0,64.0,0.5502974658203126,False,PUT,2026-05-15,AEO
AEO260515P00024000,24.0,3.0,3.15,3.4,6.0,112.0,0.5471236694335939,True,PUT,2026-05-15,AEO
AEO260515P00025000,25.0,3.28,3.7,4.05,43.0,244.0,0.5393112475585939,True,PUT,2026-05-15,AEO
AEO260515P00026000,26.0,4.0,4.45,4.7,3.0,5641.0,0.5415084912109377,True,PUT,2026-05-15,AEO
AEO260515P00027000,27.0,5.0,5.15,5.5,1.0,104.0,0.5454147021484376,True,PUT,2026-05-15,AEO
AEO260515P00028000,28.0,4.75,5.9,6.25,38.0,156.0,0.5400436621093752,True,PUT,2026-05-15,AEO
AEO260515P00029000,29.0,5.15,6.7,7.05,10.0,84.0,0.5380905566406251,True,PUT,2026-05-15,AEO
AEO260821C00019000,19.0,8.43,5.85,6.55,,66.0,0.6196327099609377,True,CALL,2026-08-21,AEO
AEO260821C00020000,20.0,5.85,5.4,5.95,20.0,46.0,0.6237830590820312,True,CALL,2026-08-21,AEO
AEO260821C00022000,22.0,7.67,4.25,4.95,,1.0,0.6081582153320313,True,CALL,2026-08-21,AEO
AEO260821C00024000,24.0,3.6,3.35,3.9,4.0,9.0,0.585941640625,False,CALL,2026-08-21,AEO
AEO260821C00025000,25.0,3.25,3.15,3.45,1.0,5.0,0.5908244042968751,False,CALL,2026-08-21,AEO
AEO260821C00026000,26.0,3.0,2.68,3.15,4.0,6.0,0.5825237060546875,False,CALL,2026-08-21,AEO
AEO260821C00027000,27.0,2.73,2.48,2.79,2.0,7.0,0.5847209497070311,False,CALL,2026-08-21,AEO
AEO260821C00028000,28.0,3.9,2.1,2.53,,87.0,0.5766643896484375,False,CALL,2026-08-21,AEO
AEO260821C00029000,29.0,2.86,1.81,2.44,1.0,5.0,0.5842326733398437,False,CALL,2026-08-21,AEO
AEO260821P00019000,19.0,1.92,1.71,1.94,2.0,62.0,0.5593305786132813,False,PUT,2026-08-21,AEO
AEO260821P00020000,20.0,2.31,2.13,2.41,4.0,23.0,0.5625043750000001,False,PUT,2026-08-21,AEO
AEO260821P00021000,21.0,2.8,2.67,2.79,10.0,50.0,0.56055126953125,False,PUT,2026-08-21,AEO
AEO260821P00022000,22.0,3.38,2.94,3.5,10.0,21.0,0.5561567822265626,False,PUT,2026-08-21,AEO
AEO260821P00023000,23.0,3.71,3.45,3.95,10.0,108.0,0.5444381494140625,False,PUT,2026-08-21,AEO
AEO260821P00024000,24.0,3.97,4.0,4.6,10.0,14.0,0.5444381494140625,True,PUT,2026-08-21,AEO
AEO260821P00025000,25.0,5.0,4.8,5.3,3.0,4.0,0.56055126953125,True,PUT,2026-08-21,AEO
AEO260821P00026000,26.0,4.7,5.45,5.8,,1.0,0.5461471166992189,True,PUT,2026-08-21,AEO
AEO260821P00027000,27.0,5.65,5.85,6.55,1.0,2.0,0.5266160620117188,True,PUT,2026-08-21,AEO
AEO260821P00028000,28.0,5.95,6.65,7.25,2.0,2.0,0.5280808911132813,True,PUT,2026-08-21,AEO
AEO260821P00029000,29.0,6.55,7.1,7.95,2.0,8.0,0.5639692041015626,True,PUT,2026-08-21,AEO
AEO261120C00017000,17.0,9.86,6.05,8.9,1.0,407.0,0.5231981274414061,True,CALL,2026-11-20,AEO
AEO261120C00020000,20.0,9.18,6.05,6.7,1.0,95.0,0.6171913281250001,True,CALL,2026-11-20,AEO
AEO261120C00022000,22.0,8.9,5.15,5.75,1.0,44.0,0.6154823608398439,True,CALL,2026-11-20,AEO
AEO261120C00025000,25.0,4.45,3.7,4.45,15.0,125.0,0.585941640625,False,CALL,2026-11-20,AEO
AEO261120C00027000,27.0,6.0,3.05,3.95,2.0,105.0,0.5918009570312501,False,CALL,2026-11-20,AEO
AEO261120P00017000,17.0,1.82,1.69,1.86,4.0,103.0,0.5820354296875,False,PUT,2026-11-20,AEO
AEO261120P00020000,20.0,3.0,2.84,3.15,12.0,97.0,0.569340244140625,False,PUT,2026-11-20,AEO
AEO261120P00022000,22.0,4.08,3.55,4.2,10.0,68.0,0.5461471166992189,False,PUT,2026-11-20,AEO
AEO261120P00025000,25.0,5.3,5.25,5.95,19.0,45.0,0.5329636547851562,True,PUT,2026-11-20,AEO
AEO261120P00027000,27.0,6.5,6.55,7.4,16.0,18.0,0.5327195166015625,True,PUT,2026-11-20,AEO
AEO270115C00017000,17.0,9.0,7.65,9.3,10.0,505.0,0.6364782446289063,True,CALL,2027-01-15,AEO
AEO270115C00020000,20.0,6.8,6.5,7.0,3.0,1068.0,0.6137733935546876,True,CALL,2027-01-15,AEO
AEO270115C00022000,22.0,7.43,5.4,6.25,3.0,438.0,0.6086464916992189,True,CALL,2027-01-15,AEO
AEO270115C00025000,25.0,5.05,4.2,5.05,3.0,383.0,0.5988809643554689,False,CALL,2027-01-15,AEO
AEO270115C00027000,27.0,5.6,3.6,4.45,1.0,35.0,0.6008340698242189,False,CALL,2027-01-15,AEO
AEO270115P00017000,17.0,2.18,2.03,2.36,8.0,169.0,0.5991251025390626,False,PUT,2027-01-15,AEO
AEO270115P00020000,20.0,3.25,3.05,3.65,3.0,313.0,0.567387138671875,False,PUT,2027-01-15,AEO
AEO270115P00022000,22.0,4.19,3.9,4.7,5.0,109.0,0.5510298803710938,False,PUT,2027-01-15,AEO
AEO270115P00025000,25.0,5.25,5.7,6.35,4.0,80.0,0.5358933129882812,True,PUT,2027-01-15,AEO
AEO270115P00027000,27.0,6.92,7.05,7.7,2.0,12.0,0.5329636547851562,True,PUT,2027-01-15,AEO
AEO280121C00017000,17.0,12.0,9.25,10.7,4.0,79.0,0.6016885534667971,True,CALL,2028-01-21,AEO
AEO280121C00020000,20.0,10.0,7.25,9.35,1.0,342.0,0.5678754150390625,True,CALL,2028-01-21,AEO
AEO280121C00022000,22.0,11.35,7.05,8.7,2.0,5.0,0.5981485498046876,True,CALL,2028-01-21,AEO
AEO280121C00025000,25.0,8.95,6.5,7.45,5.0,158.0,0.6052285571289064,False,CALL,2028-01-21,AEO
AEO280121C00027000,27.0,6.7,5.0,7.1,11.0,90.0,0.577152666015625,False,CALL,2028-01-21,AEO
AEO280121P00017000,17.0,3.42,2.75,3.9,2.0,76.0,0.5376022802734376,False,PUT,2028-01-21,AEO
AEO280121P00020000,20.0,3.94,3.75,5.75,3.0,414.0,0.5214891601562499,False,PUT,2028-01-21,AEO
AEO280121P00022000,22.0,5.82,4.8,6.65,3.0,19.0,0.5033008654785156,False,PUT,2028-01-21,AEO
AEO280121P00025000,25.0,7.9,7.1,8.25,11.0,40.0,0.5036670727539063,True,PUT,2028-01-21,AEO
AEO280121P00027000,27.0,9.02,7.9,10.45,2.0,12.0,0.5116015637207032,True,PUT,2028-01-21,AEO
AES260130C00011000,11.0,4.57,3.3,5.35,8.0,3.0,3.7968755078125005,True,CALL,2026-01-30,AES
AES260130C00012000,12.0,2.89,2.38,3.35,1500.0,1060.0,3.1093772265624997,True,CALL,2026-01-30,AES
AES260130C00012500,12.5,1.79,1.79,3.85,300.0,201.0,2.60156599609375,True,CALL,2026-01-30,AES
AES260130C00013000,13.0,2.86,1.78,3.3,50.0,20.0,2.9531276171874996,True,CALL,2026-01-30,AES
AES260130C00013500,13.5,1.24,1.24,2.82,400.0,253.0,2.49219126953125,True,CALL,2026-01-30,AES
AES260130C00014000,14.0,0.99,0.85,1.19,4231.0,2877.0,1.0468797656250002,True,CALL,2026-01-30,AES
AES260130C00014500,14.5,0.48,0.34,0.57,148.0,1591.0,1.0000000000000003e-05,True,CALL,2026-01-30,AES
AES260130C00015000,15.0,0.09,0.05,0.11,1490.0,2157.0,0.1211025390625,True,CALL,2026-01-30,AES
AES260130C00015500,15.5,0.01,0.0,0.08,183.0,615.0,0.507817421875,False,CALL,2026-01-30,AES
AES260130C00016000,16.0,0.12,0.0,0.05,51.0,81.0,0.570316796875,False,CALL,2026-01-30,AES
AES260130C00017000,17.0,0.01,0.0,0.02,2.0,2.0,0.8437515624999999,False,CALL,2026-01-30,AES
AES260130P00011500,11.5,0.09,0.0,0.86,,7.0,4.20312974609375,False,PUT,2026-01-30,AES
AES260130P00012000,12.0,0.04,0.0,0.06,2.0,20.0,1.78125109375,False,PUT,2026-01-30,AES
AES260130P00012500,12.5,0.01,0.0,0.01,11.0,124.0,1.125004375,False,PUT,2026-01-30,AES
AES260130P00013000,13.0,0.12,0.0,0.05,1.0,110.0,1.21875390625,False,PUT,2026-01-30,AES
AES260130P00013500,13.5,0.02,0.0,0.01,37.0,1093.0,0.7187528125,False,PUT,2026-01-30,AES
AES260130P00014000,14.0,0.02,0.02,0.03,6.0,1766.0,0.70312796875,False,PUT,2026-01-30,AES
AES260130P00014500,14.5,0.08,0.03,0.14,16.0,1536.0,0.6640658593750002,False,PUT,2026-01-30,AES
AES260130P00015000,15.0,0.55,0.2,1.33,105.0,77.0,1.82421962890625,False,PUT,2026-01-30,AES
AES260206C00011000,11.0,3.2,3.05,5.35,,1.0,1.453127734375,True,CALL,2026-02-06,AES
AES260206C00012000,12.0,3.45,2.25,4.35,1200.0,837.0,1.3671906640625,True,CALL,2026-02-06,AES
AES260206C00012500,12.5,2.4,1.62,3.85,4.0,6.0,1.0546922265625,True,CALL,2026-02-06,AES
AES260206C00013000,13.0,1.44,1.49,3.35,2.0,5.0,1.2148476757812499,True,CALL,2026-02-06,AES
AES260206C00013500,13.5,1.45,1.06,2.35,1.0,7.0,0.6757844921875001,True,CALL,2026-02-06,AES
AES260206C00014000,14.0,0.97,0.9,1.09,3161.0,800.0,0.12500875,True,CALL,2026-02-06,AES
AES260206C00014500,14.5,0.68,0.67,0.77,4197.0,846.0,0.4414118359375,True,CALL,2026-02-06,AES
AES260206C00015000,15.0,0.42,0.36,0.46,2581.0,1521.0,0.43945873046875,True,CALL,2026-02-06,AES
AES260206C00015500,15.5,0.26,0.23,0.34,2246.0,1518.0,0.5429733203125001,False,CALL,2026-02-06,AES
AES260206C00016000,16.0,0.01,0.03,0.25,3.0,194.0,0.6152382226562501,False,CALL,2026-02-06,AES
AES260206C00016500,16.5,0.05,0.0,0.55,10.0,8.0,0.79687703125,False,CALL,2026-02-06,AES
AES260206P00012000,12.0,0.06,0.0,0.12,2.0,13.0,0.9687503125,False,PUT,2026-02-06,AES
AES260206P00012500,12.5,0.18,0.0,0.41,2.0,3.0,1.1796916015624999,False,PUT,2026-02-06,AES
AES260206P00013000,13.0,0.04,0.0,0.58,53.0,60.0,1.150394873046875,False,PUT,2026-02-06,AES
AES260206P00013500,13.5,0.12,0.04,0.2,6.0,305.0,0.6875031250000001,False,PUT,2026-02-06,AES
AES260206P00014000,14.0,0.23,0.05,0.25,40.0,280.0,0.57617611328125,False,PUT,2026-02-06,AES
AES260206P00014500,14.5,0.31,0.36,0.5,80.0,1624.0,0.7402369726562499,False,PUT,2026-02-06,AES
AES260206P00015000,15.0,0.4,0.14,1.6,3.0,15.0,0.9707034179687499,False,PUT,2026-02-06,AES
AES260206P00015500,15.5,0.67,0.31,2.02,10.0,20.0,0.9882813671875,True,PUT,2026-02-06,AES
AES260206P00016000,16.0,1.66,0.71,2.48,,19.0,1.109379453125,True,PUT,2026-02-06,AES
AES260213C00011000,11.0,4.42,3.5,5.35,70.0,4.0,1.5078149609375,True,CALL,2026-02-13,AES
AES260213C00012000,12.0,2.69,2.5,4.35,,1.0,1.2070352148437498,True,CALL,2026-02-13,AES
AES260213C00012500,12.5,1.89,2.0,3.85,1.0,15.0,1.0605515722656251,True,CALL,2026-02-13,AES
AES260213C00013000,13.0,1.86,1.45,3.4,1.0,5.0,0.9160164648437501,True,CALL,2026-02-13,AES
AES260213C00013500,13.5,1.76,1.06,2.63,10.0,41.0,0.6835969140625001,True,CALL,2026-02-13,AES
AES260213C00014000,14.0,0.9,0.69,1.63,1.0,49.0,0.8164080859374999,True,CALL,2026-02-13,AES
AES260213C00014500,14.5,0.75,0.75,1.09,134.0,467.0,0.6152382226562501,True,CALL,2026-02-13,AES
AES260213C00015000,15.0,0.5,0.29,0.67,1387.0,706.0,0.49609878906250005,True,CALL,2026-02-13,AES
AES260213C00015500,15.5,0.31,0.14,0.44,8.0,175.0,0.48828636718750007,False,CALL,2026-02-13,AES
AES260213C00016000,16.0,0.13,0.02,0.33,5.0,61.0,0.53320779296875,False,CALL,2026-02-13,AES
AES260213C00017000,17.0,0.12,0.01,0.57,,2.0,0.7148466015625,False,CALL,2026-02-13,AES
AES260213P00012000,12.0,0.06,0.0,0.83,7.0,8.0,1.3105503222656247,False,PUT,2026-02-13,AES
AES260213P00012500,12.5,0.03,0.0,0.7,1.0,20.0,1.0781296093750001,False,PUT,2026-02-13,AES
AES260213P00013000,13.0,0.12,0.04,0.6,1.0,588.0,0.8984385156249999,False,PUT,2026-02-13,AES
AES260213P00013500,13.5,0.15,0.07,0.2,11.0,167.0,0.5351608984375,False,PUT,2026-02-13,AES
AES260213P00014000,14.0,0.29,0.15,0.29,54.0,188.0,0.5097705273437501,False,PUT,2026-02-13,AES
AES260213P00014500,14.5,0.45,0.23,0.63,7.0,59.0,0.5546919531250001,False,PUT,2026-02-13,AES
AES260213P00015000,15.0,0.71,0.43,0.77,1.0,3.0,0.5127001855468749,False,PUT,2026-02-13,AES
AES260213P00015500,15.5,0.88,0.52,1.35,2.0,7.0,0.5566450585937501,True,PUT,2026-02-13,AES
AES260220C00011000,11.0,3.91,3.55,4.45,4451.0,1746.0,1.2890660546875,True,CALL,2026-02-20,AES
AES260220C00012000,12.0,2.99,2.73,3.2,7303.0,3058.0,0.7070341796875,True,CALL,2026-02-20,AES
AES260220C00012500,12.5,1.76,2.01,3.1,4.0,1.0,1.056645341796875,True,CALL,2026-02-20,AES
AES260220C00013000,13.0,2.22,1.85,2.22,74.0,1216.0,0.5390671093750001,True,CALL,2026-02-20,AES
AES260220C00013500,13.5,0.98,1.13,2.29,4.0,8.0,0.945313046875,True,CALL,2026-02-20,AES
AES260220C00014000,14.0,1.19,1.1,1.29,1002.0,7034.0,0.4062559375,True,CALL,2026-02-20,AES
AES260220C00014500,14.5,0.85,0.57,1.03,857.0,1160.0,0.46973186523437505,True,CALL,2026-02-20,AES
AES260220C00015000,15.0,0.61,0.53,0.62,376.0,16984.0,0.38086556640624997,True,CALL,2026-02-20,AES
AES260220C00015500,15.5,0.28,0.2,0.4,27.0,1601.0,0.38086556640624997,False,CALL,2026-02-20,AES
AES260220C00016000,16.0,0.3,0.26,0.3,2152.0,9698.0,0.42188078125,False,CALL,2026-02-20,AES
AES260220C00016500,16.5,0.1,0.01,0.69,2.0,47.0,0.5585981640625001,False,CALL,2026-02-20,AES
AES260220C00017000,17.0,0.09,0.01,0.1,59.0,2804.0,0.4101621484375,False,CALL,2026-02-20,AES
AES260220C00018000,18.0,0.01,0.0,0.05,1.0,738.0,0.45703667968750006,False,CALL,2026-02-20,AES
AES260220C00019000,19.0,0.1,0.0,0.0,4.0,31.0,0.2500075,False,CALL,2026-02-20,AES
AES260220P00011000,11.0,0.02,0.01,0.07,2.0,763.0,0.726565234375,False,PUT,2026-02-20,AES
AES260220P00012000,12.0,0.05,0.02,0.07,7.0,4811.0,0.570316796875,False,PUT,2026-02-20,AES
AES260220P00013000,13.0,0.11,0.07,0.15,25.0,3601.0,0.5117236328125,False,PUT,2026-02-20,AES
AES260220P00013500,13.5,0.21,0.05,0.3,278.0,127.0,0.6113320117187502,False,PUT,2026-02-20,AES
AES260220P00014000,14.0,0.27,0.21,0.35,175.0,2586.0,0.53320779296875,False,PUT,2026-02-20,AES
AES260220P00014500,14.5,0.25,0.26,0.61,223.0,34.0,0.5898478515625001,False,PUT,2026-02-20,AES
AES260220P00015000,15.0,0.76,0.52,0.92,23.0,336.0,0.507817421875,False,PUT,2026-02-20,AES
AES260220P00015500,15.5,0.89,0.54,1.35,2.0,22.0,0.7412135253906249,True,PUT,2026-02-20,AES
AES260220P00016000,16.0,2.06,0.78,1.9,1.0,2.0,0.51758294921875,True,PUT,2026-02-20,AES
AES260220P00017000,17.0,1.92,1.5,2.68,1.0,1.0,0.9619144433593749,True,PUT,2026-02-20,AES
AES260220P00018000,18.0,2.48,2.68,3.85,1.0,8.0,0.8085956640624999,True,PUT,2026-02-20,AES
AES260227C00011000,11.0,3.23,2.95,5.35,,1.0,0.6914093359375001,True,CALL,2026-02-27,AES
AES260227C00011500,11.5,2.57,2.79,4.85,,1.0,0.8710950390625,True,CALL,2026-02-27,AES
AES260227C00012000,12.0,2.97,2.57,4.4,258.0,643.0,0.93945373046875,True,CALL,2026-02-27,AES
AES260227C00012500,12.5,1.79,1.66,3.35,6.0,0.0,1.123051259765625,True,CALL,2026-02-27,AES
AES260227C00013500,13.5,1.63,1.05,2.82,2.0,40.0,0.5712933496093751,True,CALL,2026-02-27,AES
AES260227C00014000,14.0,1.2,0.85,1.59,9.0,122.0,0.570316796875,True,CALL,2026-02-27,AES
AES260227C00014500,14.5,0.94,0.63,1.07,52.0,132.0,0.436529072265625,True,CALL,2026-02-27,AES
AES260227C00015000,15.0,0.7,0.61,0.93,64.0,917.0,0.514653291015625,True,CALL,2026-02-27,AES
AES260227C00015500,15.5,0.43,0.4,0.47,30.0,55.0,0.37402969726562496,False,CALL,2026-02-27,AES
AES260227C00016000,16.0,0.36,0.02,0.59,5.0,17.0,0.5507857421875001,False,CALL,2026-02-27,AES
AES260227C00016500,16.5,0.08,0.01,0.48,,1.0,0.5742230078125,False,CALL,2026-02-27,AES
AES260227P00011000,11.0,0.07,0.0,0.93,,1.0,1.2402381738281247,False,PUT,2026-02-27,AES
AES260227P00012500,12.5,0.3,0.09,0.14,10.0,11.0,0.5390671093750001,False,PUT,2026-02-27,AES
AES260227P00013000,13.0,0.65,0.01,0.82,1.0,2.0,0.73437765625,False,PUT,2026-02-27,AES
AES260227P00013500,13.5,0.23,0.15,0.32,8.0,36.0,0.551762294921875,False,PUT,2026-02-27,AES
AES260227P00014000,14.0,0.4,0.21,0.79,2.0,106.0,0.570316796875,False,PUT,2026-02-27,AES
AES260227P00014500,14.5,0.58,0.38,0.65,2.0,29.0,0.5410202148437502,False,PUT,2026-02-27,AES
AES260227P00015000,15.0,0.83,0.58,0.88,3.0,11.0,0.5380905566406251,False,PUT,2026-02-27,AES
AES260306C00012000,12.0,2.89,2.47,4.5,,3.0,0.8457046679687499,True,CALL,2026-03-06,AES
AES260306C00014000,14.0,1.29,0.86,2.28,5.0,83.0,0.5009815527343751,True,CALL,2026-03-06,AES
AES260306C00015000,15.0,0.57,0.37,1.72,80.0,131.0,0.523442265625,True,CALL,2026-03-06,AES
AES260306C00015500,15.5,0.58,0.2,1.0,1.0,59.0,0.6152382226562501,False,CALL,2026-03-06,AES
AES260306C00016000,16.0,0.27,0.11,0.63,202.0,135.0,0.51758294921875,False,CALL,2026-03-06,AES
AES260306C00017500,17.5,1.09,0.01,0.63,,2.0,0.5537154003906251,False,CALL,2026-03-06,AES
AES260306P00013500,13.5,0.3,0.01,1.08,4.0,10.0,0.647464462890625,False,PUT,2026-03-06,AES
AES260306P00014500,14.5,0.6,0.14,1.6,1.0,10.0,0.6084023535156251,False,PUT,2026-03-06,AES
AES260320C00012000,12.0,2.88,2.97,3.3,65.0,238.0,0.5742230078125,True,CALL,2026-03-20,AES
AES260320C00013000,13.0,2.18,1.81,2.67,2.0,32.0,0.6621127539062501,True,CALL,2026-03-20,AES
AES260320C00014000,14.0,1.45,1.15,1.66,63.0,109.0,0.4726615234375,True,CALL,2026-03-20,AES
AES260320C00015000,15.0,0.79,0.63,0.9,82.0,1838.0,0.38086556640624997,True,CALL,2026-03-20,AES
AES260320C00016000,16.0,0.45,0.4,0.45,475.0,8299.0,0.35645174804687496,False,CALL,2026-03-20,AES
AES260320C00017000,17.0,0.2,0.2,0.3,21.0,157.0,0.4062559375,False,CALL,2026-03-20,AES
AES260320P00012000,12.0,0.15,0.03,0.25,1.0,16.0,0.507817421875,False,PUT,2026-03-20,AES
AES260320P00013000,13.0,0.22,0.04,0.39,5.0,72.0,0.5478560839843751,False,PUT,2026-03-20,AES
AES260320P00014000,14.0,0.54,0.52,0.55,57.0,128.0,0.46289599609375004,False,PUT,2026-03-20,AES
AES260320P00015000,15.0,1.0,0.7,1.07,13.0,527.0,0.49707534179687507,False,PUT,2026-03-20,AES
AES260515C00011000,11.0,3.18,3.6,5.1,35.0,132.0,0.5351608984375,True,CALL,2026-05-15,AES
AES260515C00012000,12.0,3.25,2.65,3.1,19.0,81.0,0.20313296874999998,True,CALL,2026-05-15,AES
AES260515C00013000,13.0,2.39,1.65,2.89,38.0,1388.0,0.5424850439453126,True,CALL,2026-05-15,AES
AES260515C00014000,14.0,1.7,1.27,2.0,362.0,4245.0,0.44287666503906253,True,CALL,2026-05-15,AES
AES260515C00015000,15.0,1.08,1.0,1.15,164.0,8044.0,0.3403386279296875,True,CALL,2026-05-15,AES
AES260515C00016000,16.0,0.51,0.38,0.64,86.0,3554.0,0.30762411132812495,False,CALL,2026-05-15,AES
AES260515C00017000,17.0,0.38,0.09,0.44,123.0,1986.0,0.33301448242187504,False,CALL,2026-05-15,AES
AES260515C00018000,18.0,0.2,0.08,0.19,10.0,4029.0,0.3007882421875,False,CALL,2026-05-15,AES
AES260515C00019000,19.0,0.07,0.01,0.53,37.0,3673.0,0.5117236328125,False,CALL,2026-05-15,AES
AES260515P00011000,11.0,0.14,0.01,0.3,11.0,454.0,0.561527822265625,False,PUT,2026-05-15,AES
AES260515P00012000,12.0,0.31,0.19,0.4,15.0,997.0,0.500005,False,PUT,2026-05-15,AES
AES260515P00013000,13.0,0.55,0.26,0.64,8.0,1099.0,0.4809622216796875,False,PUT,2026-05-15,AES
AES260515P00014000,14.0,0.93,0.49,0.8,1.0,1452.0,0.4057676611328125,False,PUT,2026-05-15,AES
AES260515P00015000,15.0,1.1,0.88,1.57,11.0,1263.0,0.4985401708984375,False,PUT,2026-05-15,AES
AES260515P00016000,16.0,1.86,1.05,2.12,2.0,246.0,0.485356708984375,True,PUT,2026-05-15,AES
AES260515P00017000,17.0,2.25,1.89,2.82,100.0,733.0,0.49170430175781255,True,PUT,2026-05-15,AES
AES260821C00011000,11.0,3.6,2.84,5.1,1.0,10.0,0.6660189648437502,True,CALL,2026-08-21,AES
AES260821C00012000,12.0,2.95,2.8,3.6,31.0,56.0,0.39893179199218753,True,CALL,2026-08-21,AES
AES260821C00013000,13.0,2.59,2.0,3.2,4.0,65.0,0.47510290527343746,True,CALL,2026-08-21,AES
AES260821C00014000,14.0,1.68,1.33,2.47,3.0,249.0,0.4331111376953125,True,CALL,2026-08-21,AES
AES260821C00015000,15.0,1.32,1.12,1.48,45.0,1159.0,0.31958688232421867,True,CALL,2026-08-21,AES
AES260821C00016000,16.0,0.54,0.72,1.0,3.0,479.0,0.30371790039062496,False,CALL,2026-08-21,AES
AES260821C00017000,17.0,0.5,0.37,0.6,3.0,233.0,0.28125718749999995,False,CALL,2026-08-21,AES
AES260821C00018000,18.0,0.35,0.25,0.4,5.0,115.0,0.2841868457031249,False,CALL,2026-08-21,AES
AES260821C00019000,19.0,0.18,0.01,0.58,50.0,50.0,0.383795224609375,False,CALL,2026-08-21,AES
AES260821P00011000,11.0,0.3,0.01,0.4,3.0,10.0,0.44824770507812495,False,PUT,2026-08-21,AES
AES260821P00012000,12.0,0.43,0.41,0.5,2.0,72.0,0.39551385742187506,False,PUT,2026-08-21,AES
AES260821P00013000,13.0,0.73,0.62,0.95,10.0,31.0,0.432622861328125,False,PUT,2026-08-21,AES
AES260821P00014000,14.0,1.01,0.91,1.25,1.0,108.0,0.4023497265625,False,PUT,2026-08-21,AES
AES260821P00015000,15.0,1.29,1.32,1.45,30.0,106.0,0.33301448242187504,False,PUT,2026-08-21,AES
AES260821P00016000,16.0,2.15,1.4,3.35,1.0,2.0,0.624027197265625,True,PUT,2026-08-21,AES
AES260821P00017000,17.0,2.74,1.19,3.4,1.0,0.0,0.48730981445312505,True,PUT,2026-08-21,AES
AES260821P00018000,18.0,4.0,2.6,3.95,,120.0,0.44727115234375,True,PUT,2026-08-21,AES
AES270115C00013000,13.0,2.62,2.45,2.7,33.0,4811.0,0.25830819824218754,True,CALL,2027-01-15,AES
AES270115C00015000,15.0,1.42,1.2,1.61,193.0,9592.0,0.2661206201171875,True,CALL,2027-01-15,AES
AES270115C00017000,17.0,0.72,0.6,0.74,88.0,4347.0,0.24024197265624997,False,CALL,2027-01-15,AES
AES270115P00013000,13.0,0.8,0.75,1.01,10.0,3839.0,0.34278000976562495,False,PUT,2027-01-15,AES
AES270115P00015000,15.0,1.53,1.43,1.57,85.0,1546.0,0.2749095947265625,False,PUT,2027-01-15,AES
AES270115P00017000,17.0,3.39,1.15,3.75,1.0,67.0,0.43140217041015627,True,PUT,2027-01-15,AES
AES280121C00012000,12.0,4.1,3.6,6.0,8.0,333.0,0.5805706005859376,True,CALL,2028-01-21,AES
AES280121C00015000,15.0,2.01,1.89,2.15,201.0,1033.0,0.25025163818359375,True,CALL,2028-01-21,AES
AES280121C00017000,17.0,1.3,1.14,1.45,1.0,388.0,0.25440198730468755,False,CALL,2028-01-21,AES
AES280121P00012000,12.0,0.9,0.0,1.2,7.0,67.0,0.32520206054687495,False,PUT,2028-01-21,AES
AES280121P00015000,15.0,2.19,0.69,2.19,9.0,150.0,0.26636475830078127,False,PUT,2028-01-21,AES
AES280121P00017000,17.0,3.93,0.5,5.5,10.0,14.0,0.508793974609375,True,PUT,2028-01-21,AES
AFRM260130C00050000,50.0,12.6,10.45,13.9,1.0,4.0,2.56250359375,True,CALL,2026-01-30,AFRM
AFRM260130C00055000,55.0,8.54,6.7,8.8,11.0,6.0,2.138676528320312,True,CALL,2026-01-30,AFRM
AFRM260130C00056000,56.0,7.64,5.05,8.0,1.0,1.0,1.7744151904296874,True,CALL,2026-01-30,AFRM
AFRM260130C00057000,57.0,15.55,4.4,6.9,2.0,3.0,1.6660172949218752,True,CALL,2026-01-30,AFRM
AFRM260130C00058000,58.0,19.28,3.65,6.0,,2.0,1.5751974365234374,True,CALL,2026-01-30,AFRM
AFRM260130C00059000,59.0,15.8,2.75,4.8,2.0,2.0,1.3281283593749997,True,CALL,2026-01-30,AFRM
AFRM260130C00060000,60.0,3.0,2.09,2.67,61.0,2.0,0.86914193359375,True,CALL,2026-01-30,AFRM
AFRM260130C00061000,61.0,1.71,1.32,1.86,5.0,2.0,0.752932158203125,True,CALL,2026-01-30,AFRM
AFRM260130C00062000,62.0,0.95,0.83,1.08,96.0,11.0,0.6679720703125002,False,CALL,2026-01-30,AFRM
AFRM260130C00063000,63.0,0.57,0.49,0.54,277.0,5.0,0.6152382226562501,False,CALL,2026-01-30,AFRM
AFRM260130C00064000,64.0,0.28,0.28,0.35,484.0,15.0,0.6367223828125,False,CALL,2026-01-30,AFRM
AFRM260130C00065000,65.0,0.15,0.13,0.16,630.0,129.0,0.6093789062500001,False,CALL,2026-01-30,AFRM
AFRM260130C00066000,66.0,0.1,0.06,0.13,239.0,187.0,0.6562534375000001,False,CALL,2026-01-30,AFRM
AFRM260130C00067000,67.0,0.06,0.04,0.06,459.0,2531.0,0.6640658593750002,False,CALL,2026-01-30,AFRM
AFRM260130C00068000,68.0,0.04,0.01,0.03,647.0,748.0,0.6562534375000001,False,CALL,2026-01-30,AFRM
AFRM260130C00069000,69.0,0.06,0.0,0.01,76.0,548.0,0.6250037500000001,False,CALL,2026-01-30,AFRM
AFRM260130C00070000,70.0,0.03,0.0,0.01,70.0,1324.0,0.6875031250000001,False,CALL,2026-01-30,AFRM
AFRM260130C00071000,71.0,0.01,0.0,0.02,36.0,624.0,0.8125018749999999,False,CALL,2026-01-30,AFRM
AFRM260130C00072000,72.0,0.04,0.0,0.03,87.0,1220.0,0.92187578125,False,CALL,2026-01-30,AFRM
AFRM260130C00073000,73.0,0.01,0.0,0.01,6.0,1082.0,0.87500125,False,CALL,2026-01-30,AFRM
AFRM260130C00074000,74.0,0.01,0.0,0.01,28.0,1266.0,0.937500625,False,CALL,2026-01-30,AFRM
AFRM260130C00075000,75.0,0.01,0.0,0.01,46.0,1454.0,0.98437515625,False,CALL,2026-01-30,AFRM
AFRM260130C00076000,76.0,0.01,0.0,0.01,14.0,543.0,1.0625046875000002,False,CALL,2026-01-30,AFRM
AFRM260130C00077000,77.0,0.01,0.0,0.01,29.0,350.0,1.125004375,False,CALL,2026-01-30,AFRM
AFRM260130C00078000,78.0,0.05,0.0,0.15,7.0,875.0,1.6328143359374998,False,CALL,2026-01-30,AFRM
AFRM260130C00079000,79.0,0.08,0.0,0.41,2.0,94.0,2.031254921875,False,CALL,2026-01-30,AFRM
AFRM260130P00045000,45.0,0.04,0.0,0.04,,11.0,1.765626171875,False,PUT,2026-01-30,AFRM
AFRM260130P00050000,50.0,0.08,0.0,0.05,3.0,10.0,1.2656286718749998,False,PUT,2026-01-30,AFRM
AFRM260130P00055000,55.0,0.01,0.0,0.03,20.0,136.0,0.6875031250000001,False,PUT,2026-01-30,AFRM
AFRM260130P00056000,56.0,0.1,0.0,0.07,1.0,3.0,0.6718782812500002,False,PUT,2026-01-30,AFRM
AFRM260130P00057000,57.0,0.1,0.0,0.1,30.0,121.0,0.6015664843750002,False,PUT,2026-01-30,AFRM
AFRM260130P00058000,58.0,0.06,0.04,0.13,57.0,268.0,0.5468795312500001,False,PUT,2026-01-30,AFRM
AFRM260130P00059000,59.0,0.1,0.11,0.2,8.0,78.0,0.500005,False,PUT,2026-01-30,AFRM
AFRM260130P00060000,60.0,0.3,0.28,0.35,292.0,313.0,0.49609878906250005,False,PUT,2026-01-30,AFRM
AFRM260130P00061000,61.0,0.6,0.55,0.7,117.0,207.0,0.49805189453125004,False,PUT,2026-01-30,AFRM
AFRM260130P00062000,62.0,1.0,1.0,1.15,223.0,214.0,0.45898978515625005,True,PUT,2026-01-30,AFRM
AFRM260130P00063000,63.0,1.69,1.63,1.8,423.0,922.0,0.424810439453125,True,PUT,2026-01-30,AFRM
AFRM260130P00064000,64.0,2.39,2.41,2.59,285.0,687.0,0.32031929687499994,True,PUT,2026-01-30,AFRM
AFRM260130P00065000,65.0,3.07,3.05,3.55,271.0,1213.0,1.0000000000000003e-05,True,PUT,2026-01-30,AFRM
AFRM260130P00066000,66.0,4.08,3.7,4.45,82.0,606.0,1.0000000000000003e-05,True,PUT,2026-01-30,AFRM
AFRM260130P00067000,67.0,4.93,4.55,5.45,85.0,1197.0,1.0000000000000003e-05,True,PUT,2026-01-30,AFRM
AFRM260130P00068000,68.0,6.1,5.8,6.25,79.0,555.0,1.0000000000000003e-05,True,PUT,2026-01-30,AFRM
AFRM260130P00069000,69.0,6.95,6.55,7.35,62.0,597.0,1.0000000000000003e-05,True,PUT,2026-01-30,AFRM
AFRM260130P00070000,70.0,8.0,7.2,8.7,87.0,945.0,1.12109814453125,True,PUT,2026-01-30,AFRM
AFRM260130P00071000,71.0,7.05,7.5,9.8,2.0,141.0,1.3750031249999999,True,PUT,2026-01-30,AFRM
AFRM260130P00072000,72.0,10.35,9.15,10.7,8.0,618.0,1.3046909765624997,True,PUT,2026-01-30,AFRM
AFRM260130P00073000,73.0,11.23,10.6,11.9,12.0,683.0,1.7070327148437499,True,PUT,2026-01-30,AFRM
AFRM260130P00074000,74.0,10.97,11.0,13.55,17.0,146.0,2.464847587890625,True,PUT,2026-01-30,AFRM
AFRM260130P00075000,75.0,12.58,11.85,14.5,17.0,142.0,2.5332067919921872,True,PUT,2026-01-30,AFRM
AFRM260130P00076000,76.0,11.73,12.15,16.0,2.0,76.0,3.0566429833984374,True,PUT,2026-01-30,AFRM
AFRM260130P00077000,77.0,11.6,13.15,16.35,1.0,4.0,2.6035191162109372,True,PUT,2026-01-30,AFRM
AFRM260130P00078000,78.0,12.62,14.05,18.0,2.0,1.0,3.2773455566406247,True,PUT,2026-01-30,AFRM
AFRM260130P00079000,79.0,10.45,15.15,19.0,1.0,0.0,3.3828140429687497,True,PUT,2026-01-30,AFRM
AFRM260206C00045000,45.0,24.05,16.85,19.2,3.0,5.0,2.084965725097656,True,CALL,2026-02-06,AFRM
AFRM260206C00050000,50.0,16.76,11.55,14.15,2.0,3.0,1.5078149609375,True,CALL,2026-02-06,AFRM
AFRM260206C00055000,55.0,8.5,7.85,9.15,15.0,11.0,1.2509803076171875,True,CALL,2026-02-06,AFRM
AFRM260206C00060000,60.0,5.59,4.8,5.55,6.0,15.0,1.158207333984375,True,CALL,2026-02-06,AFRM
AFRM260206C00061000,61.0,12.3,4.5,5.2,,1.0,1.2036172631835935,True,CALL,2026-02-06,AFRM
AFRM260206C00063000,63.0,4.19,3.8,4.15,121.0,19.0,1.2075234936523436,False,CALL,2026-02-06,AFRM
AFRM260206C00064000,64.0,3.7,3.25,3.75,9.0,52.0,1.1865275048828123,False,CALL,2026-02-06,AFRM
AFRM260206C00065000,65.0,3.16,3.0,3.4,112.0,69.0,1.203128984375,False,CALL,2026-02-06,AFRM
AFRM260206C00066000,66.0,3.0,2.6,3.05,15.0,89.0,1.1918985717773438,False,CALL,2026-02-06,AFRM
AFRM260206C00067000,67.0,2.16,2.16,2.7,19.0,239.0,1.1665080737304687,False,CALL,2026-02-06,AFRM
AFRM260206C00068000,68.0,2.5,2.09,2.57,11.0,75.0,1.2163125122070313,False,CALL,2026-02-06,AFRM
AFRM260206C00069000,69.0,2.1,1.86,2.16,18.0,171.0,1.1967813598632815,False,CALL,2026-02-06,AFRM
AFRM260206C00070000,70.0,1.75,1.6,2.04,107.0,523.0,1.2085000512695312,False,CALL,2026-02-06,AFRM
AFRM260206C00071000,71.0,1.6,1.42,1.75,5.0,161.0,1.19922275390625,False,CALL,2026-02-06,AFRM
AFRM260206C00072000,72.0,1.4,1.19,1.5,213.0,238.0,1.1806681591796875,False,CALL,2026-02-06,AFRM
AFRM260206C00073000,73.0,1.25,0.8,1.56,277.0,262.0,1.1796916015624999,False,CALL,2026-02-06,AFRM
AFRM260206C00074000,74.0,1.08,0.71,1.15,371.0,162.0,1.1376996240234376,False,CALL,2026-02-06,AFRM
AFRM260206C00075000,75.0,0.9,0.6,1.06,337.0,473.0,1.1474652001953123,False,CALL,2026-02-06,AFRM
AFRM260206C00076000,76.0,0.85,0.67,1.12,10.0,247.0,1.2255898095703124,False,CALL,2026-02-06,AFRM
AFRM260206C00077000,77.0,0.96,0.66,1.11,5.0,399.0,1.2700231811523435,False,CALL,2026-02-06,AFRM
AFRM260206C00078000,78.0,0.65,0.48,1.25,40.0,246.0,1.3085972070312497,False,CALL,2026-02-06,AFRM
AFRM260206C00079000,79.0,1.0,0.25,0.99,23.0,81.0,1.2343788281249999,False,CALL,2026-02-06,AFRM
AFRM260206P00045000,45.0,0.2,0.0,0.27,31.0,60.0,1.111332568359375,False,PUT,2026-02-06,AFRM
AFRM260206P00050000,50.0,0.6,0.52,0.93,55.0,20.0,1.2021524267578125,False,PUT,2026-02-06,AFRM
AFRM260206P00054000,54.0,1.36,1.27,1.46,121.0,50.0,1.123051259765625,False,PUT,2026-02-06,AFRM
AFRM260206P00055000,55.0,1.66,1.29,1.77,61.0,483.0,1.0854537915039062,False,PUT,2026-02-06,AFRM
AFRM260206P00056000,56.0,1.86,1.72,2.08,293.0,48.0,1.1064497802734377,False,PUT,2026-02-06,AFRM
AFRM260206P00057000,57.0,2.22,2.02,2.36,1223.0,38.0,1.08984830078125,False,PUT,2026-02-06,AFRM
AFRM260206P00058000,58.0,2.56,2.45,2.71,46.0,495.0,1.0927779736328125,False,PUT,2026-02-06,AFRM
AFRM260206P00059000,59.0,2.66,2.62,3.1,36.0,173.0,1.0542039477539062,False,PUT,2026-02-06,AFRM
AFRM260206P00060000,60.0,3.5,3.05,3.5,1075.0,575.0,1.0439500927734378,False,PUT,2026-02-06,AFRM
AFRM260206P00061000,61.0,3.7,3.1,4.0,48.0,133.0,0.9863282617187501,False,PUT,2026-02-06,AFRM
AFRM260206P00062000,62.0,4.2,4.25,4.5,213.0,234.0,1.0625046875000002,True,PUT,2026-02-06,AFRM
AFRM260206P00063000,63.0,4.82,4.9,5.1,141.0,369.0,1.076176494140625,True,PUT,2026-02-06,AFRM
AFRM260206P00064000,64.0,5.56,5.4,5.7,192.0,716.0,1.0605515722656251,True,PUT,2026-02-06,AFRM
AFRM260206P00065000,65.0,5.9,6.0,6.3,50.0,307.0,1.0488328808593752,True,PUT,2026-02-06,AFRM
AFRM260206P00066000,66.0,6.85,6.9,7.05,129.0,294.0,1.0883834643554686,True,PUT,2026-02-06,AFRM
AFRM260206P00067000,67.0,7.03,7.1,7.85,55.0,141.0,1.0293017285156252,True,PUT,2026-02-06,AFRM
AFRM260206P00068000,68.0,7.92,8.05,8.45,442.0,516.0,1.0380907470703127,True,PUT,2026-02-06,AFRM
AFRM260206P00069000,69.0,8.85,8.65,9.3,7.0,203.0,1.0234423828125,True,PUT,2026-02-06,AFRM
AFRM260206P00070000,70.0,9.25,9.55,10.0,8.0,325.0,1.0234423828125,True,PUT,2026-02-06,AFRM
AFRM260206P00071000,71.0,8.16,9.7,10.8,15.0,136.0,0.8886729882812499,True,PUT,2026-02-06,AFRM
AFRM260206P00072000,72.0,11.08,10.2,12.35,19.0,247.0,0.954102021484375,True,PUT,2026-02-06,AFRM
AFRM260206P00073000,73.0,10.01,11.0,13.2,1.0,205.0,0.92773509765625,True,PUT,2026-02-06,AFRM
AFRM260206P00074000,74.0,12.55,11.9,13.45,1.0,224.0,0.7050810742187501,True,PUT,2026-02-06,AFRM
AFRM260206P00075000,75.0,13.35,13.15,14.2,7.0,307.0,0.7460962890625,True,PUT,2026-02-06,AFRM
AFRM260206P00076000,76.0,11.65,12.75,15.25,5.0,95.0,1.1464886425781249,True,PUT,2026-02-06,AFRM
AFRM260206P00077000,77.0,8.6,13.65,16.35,1.0,45.0,1.2412147314453121,True,PUT,2026-02-06,AFRM
AFRM260206P00078000,78.0,11.02,15.05,17.1,1.0,24.0,1.1640666796875,True,PUT,2026-02-06,AFRM
AFRM260206P00079000,79.0,9.8,15.5,18.05,1.0,18.0,1.1787150439453122,True,PUT,2026-02-06,AFRM
AFRM260213C00050000,50.0,22.85,12.55,14.65,,3.0,1.354983693847656,True,CALL,2026-02-13,AFRM
AFRM260213C00055000,55.0,14.66,8.1,10.3,10.0,11.0,1.1044966650390626,True,CALL,2026-02-13,AFRM
AFRM260213C00061000,61.0,15.27,5.2,5.55,,2.0,1.0061084851074216,True,CALL,2026-02-13,AFRM
AFRM260213C00062000,62.0,5.0,4.7,5.1,82.0,19.0,1.0024463940429689,False,CALL,2026-02-13,AFRM
AFRM260213C00063000,63.0,4.6,4.25,4.6,67.0,63.0,0.993164130859375,False,CALL,2026-02-13,AFRM
AFRM260213C00064000,64.0,4.44,3.85,4.15,11.0,6.0,0.9877930908203125,False,CALL,2026-02-13,AFRM
AFRM260213C00065000,65.0,4.05,3.45,3.9,3.0,57.0,0.9965820654296875,False,CALL,2026-02-13,AFRM
AFRM260213C00066000,66.0,3.4,3.1,3.35,18.0,56.0,0.97460962890625,False,CALL,2026-02-13,AFRM
AFRM260213C00067000,67.0,3.5,2.82,3.85,5.0,36.0,1.0607957116699218,False,CALL,2026-02-13,AFRM
AFRM260213C00068000,68.0,2.93,2.54,2.8,80.0,27.0,0.98437515625,False,CALL,2026-02-13,AFRM
AFRM260213C00069000,69.0,2.6,2.24,3.05,1.0,59.0,1.035649353027344,False,CALL,2026-02-13,AFRM
AFRM260213C00070000,70.0,2.31,2.05,2.28,1414.0,91.0,0.9848634326171876,False,CALL,2026-02-13,AFRM
AFRM260213C00071000,71.0,2.0,1.77,2.53,13.0,24.0,1.0322314013671878,False,CALL,2026-02-13,AFRM
AFRM260213C00072000,72.0,1.78,1.6,1.82,13.0,106.0,0.9770510107421876,False,CALL,2026-02-13,AFRM
AFRM260213C00073000,73.0,1.62,0.94,1.8,84.0,135.0,0.9360357958984374,False,CALL,2026-02-13,AFRM
AFRM260213C00074000,74.0,1.5,1.24,1.78,35.0,51.0,1.015629921875,False,CALL,2026-02-13,AFRM
AFRM260213C00075000,75.0,1.31,0.87,1.44,6.0,122.0,0.9599613378906249,False,CALL,2026-02-13,AFRM
AFRM260213C00076000,76.0,1.1,0.9,1.24,11.0,23.0,0.973633076171875,False,CALL,2026-02-13,AFRM
AFRM260213C00077000,77.0,1.67,0.87,1.71,19.0,127.0,1.0771530517578127,False,CALL,2026-02-13,AFRM
AFRM260213C00078000,78.0,1.61,0.64,1.6,1.0,57.0,1.0639695239257816,False,CALL,2026-02-13,AFRM
AFRM260213C00079000,79.0,1.2,0.52,1.59,4.0,4.0,1.0795944458007813,False,CALL,2026-02-13,AFRM
AFRM260213P00050000,50.0,0.64,0.63,0.99,7.0,37.0,0.9345709667968749,False,PUT,2026-02-13,AFRM
AFRM260213P00055000,55.0,2.0,1.51,2.1,31.0,614.0,0.8833019482421874,False,PUT,2026-02-13,AFRM
AFRM260213P00059000,59.0,2.4,3.4,3.7,4.0,5.0,0.9321295849609376,False,PUT,2026-02-13,AFRM
AFRM260213P00060000,60.0,3.85,3.75,4.4,4.0,199.0,0.9426275268554687,False,PUT,2026-02-13,AFRM
AFRM260213P00061000,61.0,3.25,4.4,4.65,2.0,58.0,0.9313971704101562,False,PUT,2026-02-13,AFRM
AFRM260213P00062000,62.0,4.6,4.75,5.0,8.0,33.0,0.8945323046874999,True,PUT,2026-02-13,AFRM
AFRM260213P00063000,63.0,5.15,5.35,5.5,11.0,243.0,0.8901378173828124,True,PUT,2026-02-13,AFRM
AFRM260213P00064000,64.0,5.75,5.9,6.3,56.0,89.0,0.9038095556640625,True,PUT,2026-02-13,AFRM
AFRM260213P00065000,65.0,6.4,6.45,6.75,17.0,75.0,0.8764660791015625,True,PUT,2026-02-13,AFRM
AFRM260213P00066000,66.0,7.13,7.25,7.4,109.0,88.0,0.8879405737304686,True,PUT,2026-02-13,AFRM
AFRM260213P00067000,67.0,7.55,7.9,8.1,1.0,43.0,0.8833019482421874,True,PUT,2026-02-13,AFRM
AFRM260213P00068000,68.0,8.49,8.4,8.75,426.0,445.0,0.850587431640625,True,PUT,2026-02-13,AFRM
AFRM260213P00069000,69.0,7.07,8.15,9.6,3.0,24.0,0.7436549072265625,True,PUT,2026-02-13,AFRM
AFRM260213P00070000,70.0,8.87,9.9,10.35,9.0,40.0,0.8535170898437501,True,PUT,2026-02-13,AFRM
AFRM260213P00071000,71.0,8.65,10.4,11.15,1.0,13.0,0.8139667041015625,True,PUT,2026-02-13,AFRM
AFRM260213P00072000,72.0,11.15,10.55,12.8,1.0,138.0,0.8320329296874999,True,PUT,2026-02-13,AFRM
AFRM260213P00073000,73.0,6.42,11.25,13.6,10.0,185.0,0.8027363476562499,True,PUT,2026-02-13,AFRM
AFRM260213P00074000,74.0,10.35,12.05,14.4,1.0,9.0,0.7778342529296876,True,PUT,2026-02-13,AFRM
AFRM260213P00075000,75.0,8.77,13.25,14.6,1.0,39.0,0.6982452050781252,True,PUT,2026-02-13,AFRM
AFRM260213P00076000,76.0,10.3,13.5,15.65,2.0,10.0,0.9887696435546875,True,PUT,2026-02-13,AFRM
AFRM260213P00077000,77.0,10.55,13.85,16.6,2.0,10.0,1.01172369140625,True,PUT,2026-02-13,AFRM
AFRM260213P00078000,78.0,11.39,14.8,17.25,1.0,4.0,0.930664755859375,True,PUT,2026-02-13,AFRM
AFRM260213P00079000,79.0,10.37,15.7,18.25,20.0,24.0,0.9643558251953125,True,PUT,2026-02-13,AFRM
AFRM260220C00045000,45.0,17.8,17.2,18.75,49.0,39.0,1.288577775878906,True,CALL,2026-02-20,AFRM
AFRM260220C00047500,47.5,21.47,14.9,17.3,1.0,20.0,1.2973667944335934,True,CALL,2026-02-20,AFRM
AFRM260220C00050000,50.0,13.97,12.85,14.55,7.0,183.0,1.1538128247070314,True,CALL,2026-02-20,AFRM
AFRM260220C00052500,52.5,16.95,10.65,12.75,1.0,35.0,1.094242810058594,True,CALL,2026-02-20,AFRM
AFRM260220C00055000,55.0,16.99,9.0,9.6,1.0,63.0,0.940430283203125,True,CALL,2026-02-20,AFRM
AFRM260220C00057500,57.5,8.2,7.5,7.85,19.0,16.0,0.9191902612304688,True,CALL,2026-02-20,AFRM
AFRM260220C00060000,60.0,6.6,6.0,6.35,12.0,204.0,0.8911143701171874,True,CALL,2026-02-20,AFRM
AFRM260220C00062500,62.5,5.0,4.75,5.1,23.0,249.0,0.8754895263671875,False,CALL,2026-02-20,AFRM
AFRM260220C00065000,65.0,3.9,3.75,4.1,109.0,464.0,0.8720715917968749,False,CALL,2026-02-20,AFRM
AFRM260220C00066000,66.0,3.6,3.4,3.7,3.0,61.0,0.867188828125,False,CALL,2026-02-20,AFRM
AFRM260220C00067000,67.0,4.31,3.05,3.35,3.0,8.0,0.8618177880859376,False,CALL,2026-02-20,AFRM
AFRM260220C00067500,67.5,3.05,2.94,3.15,41.0,1463.0,0.8610853735351562,False,CALL,2026-02-20,AFRM
AFRM260220C00068000,68.0,3.1,2.72,3.05,7.0,40.0,0.858399853515625,False,CALL,2026-02-20,AFRM
AFRM260220C00069000,69.0,2.83,2.52,2.73,1.0,102.0,0.860352958984375,False,CALL,2026-02-20,AFRM
AFRM260220C00070000,70.0,2.34,2.3,2.43,298.0,1261.0,0.858399853515625,False,CALL,2026-02-20,AFRM
AFRM260220C00071000,71.0,3.02,2.04,2.22,1.0,78.0,0.8571791625976561,False,CALL,2026-02-20,AFRM
AFRM260220C00072000,72.0,2.81,1.78,2.47,2.0,209.0,0.8969736865234373,False,CALL,2026-02-20,AFRM
AFRM260220C00072500,72.5,1.9,1.72,2.07,16.0,750.0,0.8715833154296875,False,CALL,2026-02-20,AFRM
AFRM260220C00073000,73.0,1.97,1.59,2.14,13.0,61.0,0.88476677734375,False,CALL,2026-02-20,AFRM
AFRM260220C00074000,74.0,1.78,1.45,1.88,13.0,25.0,0.8803722900390624,False,CALL,2026-02-20,AFRM
AFRM260220C00075000,75.0,1.55,1.26,1.57,1616.0,3291.0,0.86132951171875,False,CALL,2026-02-20,AFRM
AFRM260220C00076000,76.0,1.9,0.95,1.92,1.0,70.0,0.8994150683593749,False,CALL,2026-02-20,AFRM
AFRM260220C00077000,77.0,2.64,1.02,1.47,5.0,6.0,0.8872081591796874,False,CALL,2026-02-20,AFRM
AFRM260220C00077500,77.5,1.1,0.88,1.22,5.0,2425.0,0.8540053662109376,False,CALL,2026-02-20,AFRM
AFRM260220C00078000,78.0,1.28,0.93,1.36,2.0,19.0,0.893555751953125,False,CALL,2026-02-20,AFRM
AFRM260220P00045000,45.0,0.41,0.35,0.42,66.0,947.0,0.8652357226562499,False,PUT,2026-02-20,AFRM
AFRM260220P00047500,47.5,0.61,0.29,0.7,3.0,577.0,0.7939473730468749,False,PUT,2026-02-20,AFRM
AFRM260220P00050000,50.0,0.95,0.86,1.09,38.0,454.0,0.8300798242187499,False,PUT,2026-02-20,AFRM
AFRM260220P00052500,52.5,1.44,1.19,1.64,34.0,278.0,0.8027363476562499,False,PUT,2026-02-20,AFRM
AFRM260220P00055000,55.0,2.2,2.03,2.25,375.0,2046.0,0.804689453125,False,PUT,2026-02-20,AFRM
AFRM260220P00057500,57.5,3.01,2.88,3.15,5.0,798.0,0.79687703125,False,PUT,2026-02-20,AFRM
AFRM260220P00060000,60.0,4.02,3.8,4.25,33.0,1561.0,0.7778342529296876,False,PUT,2026-02-20,AFRM
AFRM260220P00062500,62.5,5.33,5.2,5.45,14.0,1140.0,0.773439765625,True,PUT,2026-02-20,AFRM
AFRM260220P00063000,63.0,3.6,4.8,5.8,5.0,11.0,0.7221707470703125,True,PUT,2026-02-20,AFRM
AFRM260220P00065000,65.0,6.8,6.65,6.9,110.0,2421.0,0.7602563037109377,True,PUT,2026-02-20,AFRM
AFRM260220P00066000,66.0,6.82,7.3,7.65,1.0,100.0,0.7661156201171876,True,PUT,2026-02-20,AFRM
AFRM260220P00067000,67.0,6.05,7.7,8.35,20.0,24.0,0.7412135253906249,True,PUT,2026-02-20,AFRM
AFRM260220P00067500,67.5,8.45,8.15,8.65,24.0,1121.0,0.74414318359375,True,PUT,2026-02-20,AFRM
AFRM260220P00068000,68.0,8.4,8.4,8.95,13.0,59.0,0.7277859252929688,True,PUT,2026-02-20,AFRM
AFRM260220P00069000,69.0,5.5,9.15,9.75,123.0,155.0,0.7319362744140624,True,PUT,2026-02-20,AFRM
AFRM260220P00070000,70.0,10.12,9.8,10.4,51.0,2163.0,0.7070341796875,True,PUT,2026-02-20,AFRM
AFRM260220P00071000,71.0,10.56,10.7,11.3,10.0,44.0,0.726565234375,True,PUT,2026-02-20,AFRM
AFRM260220P00072000,72.0,11.55,11.15,12.05,1.0,152.0,0.676761044921875,True,PUT,2026-02-20,AFRM
AFRM260220P00072500,72.5,11.4,11.5,12.45,6.0,866.0,0.6645541357421877,True,PUT,2026-02-20,AFRM
AFRM260220P00073000,73.0,8.15,12.25,12.95,1.0,262.0,0.7124052197265626,True,PUT,2026-02-20,AFRM
AFRM260220P00074000,74.0,8.84,12.65,13.9,15.0,18.0,0.6626010302734376,True,PUT,2026-02-20,AFRM
AFRM260220P00075000,75.0,13.75,13.5,14.55,9.0,943.0,0.6176796044921876,True,PUT,2026-02-20,AFRM
AFRM260220P00076000,76.0,11.24,14.15,16.2,2.0,5.0,0.6953155468750001,True,PUT,2026-02-20,AFRM
AFRM260220P00077000,77.0,11.97,14.35,16.55,6.0,23.0,0.831056376953125,True,PUT,2026-02-20,AFRM
AFRM260220P00077500,77.5,16.5,15.35,17.0,1.0,336.0,0.526371923828125,True,PUT,2026-02-20,AFRM
AFRM260220P00078000,78.0,16.7,15.75,17.45,1.0,15.0,0.8339860351562498,True,PUT,2026-02-20,AFRM
AFRM260227C00050000,50.0,25.95,12.4,15.05,1.0,3.0,1.0151416430664062,True,CALL,2026-02-27,AFRM
AFRM260227C00055000,55.0,15.46,9.3,10.15,1.0,2.0,0.8947764428710936,True,CALL,2026-02-27,AFRM
AFRM260227C00065000,65.0,4.6,4.2,4.45,1.0,12.0,0.8210467114257811,False,CALL,2026-02-27,AFRM
AFRM260227C00066000,66.0,4.27,3.8,4.2,1.0,17.0,0.8247087841796874,False,CALL,2026-02-27,AFRM
AFRM260227C00067000,67.0,5.9,3.45,3.75,1.0,4.0,0.8137225659179688,False,CALL,2026-02-27,AFRM
AFRM260227C00068000,68.0,4.5,3.15,3.4,1.0,6.0,0.8103046313476561,False,CALL,2026-02-27,AFRM
AFRM260227C00069000,69.0,6.15,2.85,3.65,3.0,6.0,0.8491226025390625,False,CALL,2026-02-27,AFRM
AFRM260227C00070000,70.0,2.95,2.53,2.88,33.0,28.0,0.805666005859375,False,CALL,2026-02-27,AFRM
AFRM260227C00071000,71.0,5.4,2.32,3.7,6.0,45.0,0.8920909228515624,False,CALL,2026-02-27,AFRM
AFRM260227C00072000,72.0,3.57,2.12,2.34,7.0,27.0,0.8032246240234374,False,CALL,2026-02-27,AFRM
AFRM260227C00073000,73.0,4.4,1.87,2.8,4.0,7.0,0.8557143334960937,False,CALL,2026-02-27,AFRM
AFRM260227C00074000,74.0,3.9,1.69,2.83,8.0,30.0,0.87695435546875,False,CALL,2026-02-27,AFRM
AFRM260227C00075000,75.0,1.64,1.54,1.72,94.0,35.0,0.7956563403320311,False,CALL,2026-02-27,AFRM
AFRM260227C00076000,76.0,1.92,1.35,2.59,4.0,11.0,0.8896495410156249,False,CALL,2026-02-27,AFRM
AFRM260227C00077000,77.0,1.36,1.21,2.4,350.0,13.0,0.8891612646484374,False,CALL,2026-02-27,AFRM
AFRM260227C00078000,78.0,2.16,0.95,2.19,2.0,47.0,0.8720715917968749,False,CALL,2026-02-27,AFRM
AFRM260227C00079000,79.0,1.25,0.65,1.4,2.0,13.0,0.7812521875,False,CALL,2026-02-27,AFRM
AFRM260227P00050000,50.0,1.23,0.95,1.58,1.0,45.0,0.79883013671875,False,PUT,2026-02-27,AFRM
AFRM260227P00055000,55.0,2.15,2.4,3.45,654.0,154.0,0.8396012133789061,False,PUT,2026-02-27,AFRM
AFRM260227P00058000,58.0,2.58,3.45,4.9,21.0,24.0,0.8430191479492187,False,PUT,2026-02-27,AFRM
AFRM260227P00059000,59.0,2.75,3.9,4.5,62.0,62.0,0.7775901147460937,False,PUT,2026-02-27,AFRM
AFRM260227P00060000,60.0,4.35,4.4,4.8,10.0,129.0,0.7648949291992189,False,PUT,2026-02-27,AFRM
AFRM260227P00061000,61.0,4.65,4.8,5.45,2.0,24.0,0.7663597583007813,False,PUT,2026-02-27,AFRM
AFRM260227P00062000,62.0,5.28,5.4,5.8,6.0,7.0,0.7565942309570313,True,PUT,2026-02-27,AFRM
AFRM260227P00063000,63.0,3.3,5.8,6.55,22.0,24.0,0.7568383691406251,True,PUT,2026-02-27,AFRM
AFRM260227P00064000,64.0,6.64,6.5,7.05,2.0,3.0,0.7563500927734376,True,PUT,2026-02-27,AFRM
AFRM260227P00065000,65.0,7.0,7.0,7.65,28.0,128.0,0.745119736328125,True,PUT,2026-02-27,AFRM
AFRM260227P00066000,66.0,4.5,7.6,9.25,4.0,11.0,0.8095722167968749,True,PUT,2026-02-27,AFRM
AFRM260227P00067000,67.0,6.85,8.35,8.7,1.0,16.0,0.7243679907226561,True,PUT,2026-02-27,AFRM
AFRM260227P00068000,68.0,6.83,9.05,9.65,3.0,23.0,0.7417018017578124,True,PUT,2026-02-27,AFRM
AFRM260227P00069000,69.0,7.73,9.5,10.55,1.0,85.0,0.7329128271484374,True,PUT,2026-02-27,AFRM
AFRM260227P00070000,70.0,10.42,10.25,10.8,21.0,11.0,0.6914093359375001,True,PUT,2026-02-27,AFRM
AFRM260227P00071000,71.0,7.14,10.3,12.4,11.0,8.0,0.6982452050781252,True,PUT,2026-02-27,AFRM
AFRM260227P00072000,72.0,10.33,11.7,13.15,1.0,28.0,0.7460962890625,True,PUT,2026-02-27,AFRM
AFRM260227P00073000,73.0,8.52,12.45,13.1,1.0,26.0,0.659183095703125,True,PUT,2026-02-27,AFRM
AFRM260227P00074000,74.0,6.65,12.7,13.95,,15.0,0.5922892333984376,True,PUT,2026-02-27,AFRM
AFRM260227P00075000,75.0,8.8,13.0,15.6,1.0,18.0,0.614261669921875,True,PUT,2026-02-27,AFRM
AFRM260227P00077000,77.0,11.35,15.35,17.65,1.0,14.0,0.7158231542968749,True,PUT,2026-02-27,AFRM
AFRM260227P00078000,78.0,10.27,16.7,18.75,,6.0,0.7939473730468749,True,PUT,2026-02-27,AFRM
AFRM260227P00079000,79.0,13.6,16.3,18.65,1.0,2.0,0.8037129003906249,True,PUT,2026-02-27,AFRM
AFRM260306C00072000,72.0,7.05,2.22,3.55,5.0,5.0,0.8193377441406249,False,CALL,2026-03-06,AFRM
AFRM260306C00073000,73.0,3.82,1.97,2.76,3.0,6.0,0.7749045947265626,False,CALL,2026-03-06,AFRM
AFRM260306C00074000,74.0,3.14,1.79,2.82,8.0,10.0,0.7963887548828125,False,CALL,2026-03-06,AFRM
AFRM260306C00078000,78.0,1.6,1.12,2.47,8.0,182.0,0.8249529223632811,False,CALL,2026-03-06,AFRM
AFRM260306C00079000,79.0,2.1,1.13,2.59,1.0,8.0,0.8618177880859376,False,CALL,2026-03-06,AFRM
AFRM260306P00061000,61.0,2.96,4.8,6.0,2.0,11.0,0.7258328198242188,False,PUT,2026-03-06,AFRM
AFRM260306P00072000,72.0,6.75,11.2,13.4,,1.0,0.6521030883789063,True,PUT,2026-03-06,AFRM
AFRM260320C00045000,45.0,28.15,17.85,19.85,1.0,125.0,1.0327196801757816,True,CALL,2026-03-20,AFRM
AFRM260320C00047500,47.5,27.01,15.65,17.8,12.0,137.0,0.9753420434570312,True,CALL,2026-03-20,AFRM
AFRM260320C00050000,50.0,14.48,13.65,14.95,4.0,387.0,0.8667005517578125,True,CALL,2026-03-20,AFRM
AFRM260320C00052500,52.5,23.55,11.35,13.6,35.0,170.0,0.8415543188476562,True,CALL,2026-03-20,AFRM
AFRM260320C00055000,55.0,16.25,10.45,11.9,22.0,311.0,0.868165380859375,True,CALL,2026-03-20,AFRM
AFRM260320C00057500,57.5,9.23,8.85,9.3,5.0,386.0,0.7819846020507812,True,CALL,2026-03-20,AFRM
AFRM260320C00060000,60.0,8.05,7.5,7.65,31.0,828.0,0.754885263671875,True,CALL,2026-03-20,AFRM
AFRM260320C00062500,62.5,6.9,6.3,6.5,24.0,237.0,0.7492700854492188,False,CALL,2026-03-20,AFRM
AFRM260320C00065000,65.0,5.5,5.3,5.45,140.0,1747.0,0.7447535290527343,False,CALL,2026-03-20,AFRM
AFRM260320C00067500,67.5,4.7,4.35,4.55,11.0,302.0,0.7368190380859375,False,CALL,2026-03-20,AFRM
AFRM260320C00070000,70.0,3.79,3.55,3.75,96.0,1263.0,0.7292507543945312,False,CALL,2026-03-20,AFRM
AFRM260320C00072500,72.5,3.25,2.95,3.15,31.0,450.0,0.7319362744140624,False,CALL,2026-03-20,AFRM
AFRM260320C00075000,75.0,2.45,2.35,2.5,376.0,1654.0,0.7194852270507812,False,CALL,2026-03-20,AFRM
AFRM260320C00077500,77.5,2.36,1.92,2.05,3.0,1037.0,0.7189969506835938,False,CALL,2026-03-20,AFRM
AFRM260320P00045000,45.0,0.63,0.85,1.07,4.0,738.0,0.745119736328125,False,PUT,2026-03-20,AFRM
AFRM260320P00047500,47.5,1.34,1.23,1.46,15.0,3683.0,0.7280300634765625,False,PUT,2026-03-20,AFRM
AFRM260320P00050000,50.0,1.93,1.87,2.2,40.0,5005.0,0.7436549072265625,False,PUT,2026-03-20,AFRM
AFRM260320P00052500,52.5,1.93,2.55,2.78,1.0,1779.0,0.725588681640625,False,PUT,2026-03-20,AFRM
AFRM260320P00055000,55.0,3.46,3.35,3.65,114.0,1207.0,0.7175321215820312,False,PUT,2026-03-20,AFRM
AFRM260320P00057500,57.5,4.37,4.25,4.5,88.0,1441.0,0.6962920996093751,False,PUT,2026-03-20,AFRM
AFRM260320P00060000,60.0,5.47,5.35,5.6,39.0,2185.0,0.684573466796875,False,PUT,2026-03-20,AFRM
AFRM260320P00062500,62.5,6.5,6.6,6.9,17.0,2515.0,0.6749300085449221,True,PUT,2026-03-20,AFRM
AFRM260320P00065000,65.0,8.0,8.05,8.45,90.0,1929.0,0.673098972167969,True,PUT,2026-03-20,AFRM
AFRM260320P00067500,67.5,9.7,9.6,9.9,107.0,899.0,0.6552768847656252,True,PUT,2026-03-20,AFRM
AFRM260320P00070000,70.0,11.42,11.4,11.6,22.0,2130.0,0.6496617065429688,True,PUT,2026-03-20,AFRM
AFRM260320P00072500,72.5,10.82,12.85,13.45,6.0,1877.0,0.6152382226562501,True,PUT,2026-03-20,AFRM
AFRM260320P00075000,75.0,15.4,14.8,15.45,51.0,1029.0,0.6052285571289064,True,PUT,2026-03-20,AFRM
AFRM260320P00077500,77.5,14.75,15.9,17.5,3.0,831.0,0.5014698291015626,True,PUT,2026-03-20,AFRM
AFRM260417C00045000,45.0,30.6,17.8,20.8,,5.0,0.8933116137695312,True,CALL,2026-04-17,AFRM
AFRM260417C00050000,50.0,15.65,14.5,16.75,20.0,15.0,0.8510757080078125,True,CALL,2026-04-17,AFRM
AFRM260417C00055000,55.0,14.26,11.35,12.5,2.0,8.0,0.7719749365234375,True,CALL,2026-04-17,AFRM
AFRM260417C00060000,60.0,9.6,8.7,8.85,30.0,56.0,0.7146024633789063,True,CALL,2026-04-17,AFRM
AFRM260417C00062500,62.5,7.75,7.5,7.65,20.0,49.0,0.7054472814941408,False,CALL,2026-04-17,AFRM
AFRM260417C00065000,65.0,6.6,6.35,6.5,49.0,183.0,0.6904327832031252,False,CALL,2026-04-17,AFRM
AFRM260417C00067500,67.5,7.34,5.45,5.65,17.0,46.0,0.6898224377441409,False,CALL,2026-04-17,AFRM
AFRM260417C00070000,70.0,5.05,4.6,4.75,24.0,224.0,0.6796907031250001,False,CALL,2026-04-17,AFRM
AFRM260417C00072500,72.5,4.0,3.9,4.05,7.0,171.0,0.6765169067382814,False,CALL,2026-04-17,AFRM
AFRM260417C00075000,75.0,3.4,3.3,3.45,34.0,221.0,0.6743196630859377,False,CALL,2026-04-17,AFRM
AFRM260417C00077500,77.5,2.85,2.79,2.91,2.0,103.0,0.6716341430664063,False,CALL,2026-04-17,AFRM
AFRM260417P00045000,45.0,1.07,1.2,1.52,3.0,1240.0,0.6711458666992189,False,PUT,2026-04-17,AFRM
AFRM260417P00047500,47.5,1.96,1.93,2.06,11.0,16.0,0.6811555322265627,False,PUT,2026-04-17,AFRM
AFRM260417P00050000,50.0,2.57,2.56,2.75,12.0,153.0,0.6752962158203126,False,PUT,2026-04-17,AFRM
AFRM260417P00055000,55.0,3.85,4.2,4.4,34.0,871.0,0.657229990234375,False,PUT,2026-04-17,AFRM
AFRM260417P00060000,60.0,5.55,6.3,6.6,2.0,361.0,0.637698935546875,False,PUT,2026-04-17,AFRM
AFRM260417P00062500,62.5,7.6,7.6,7.85,28.0,612.0,0.6279334082031252,True,PUT,2026-04-17,AFRM
AFRM260417P00065000,65.0,9.0,9.0,9.25,76.0,1013.0,0.6178016735839844,True,PUT,2026-04-17,AFRM
AFRM260417P00067500,67.5,10.39,10.6,10.85,1.0,799.0,0.6140175317382813,True,PUT,2026-04-17,AFRM
AFRM260417P00070000,70.0,12.45,12.25,12.6,13.0,331.0,0.6086464916992189,True,PUT,2026-04-17,AFRM
AFRM260417P00072500,72.5,13.95,14.05,14.25,4.0,137.0,0.5950968225097657,True,PUT,2026-04-17,AFRM
AFRM260417P00075000,75.0,13.35,15.65,16.2,1.0,400.0,0.5749554223632812,True,PUT,2026-04-17,AFRM
AFRM260417P00077500,77.5,18.03,17.55,18.5,2.0,164.0,0.579105771484375,True,PUT,2026-04-17,AFRM
AFRM260515C00045000,45.0,25.98,19.35,21.2,1.0,56.0,0.8833019482421874,True,CALL,2026-05-15,AFRM
AFRM260515C00047500,47.5,32.35,17.9,20.05,3.0,31.0,0.9133309448242188,True,CALL,2026-05-15,AFRM
AFRM260515C00050000,50.0,17.18,16.1,17.75,1.0,66.0,0.858399853515625,True,CALL,2026-05-15,AFRM
AFRM260515C00055000,55.0,16.02,12.95,14.15,1.0,42.0,0.802614278564453,True,CALL,2026-05-15,AFRM
AFRM260515C00060000,60.0,15.8,10.4,11.65,2.0,67.0,0.7906515075683593,True,CALL,2026-05-15,AFRM
AFRM260515C00062500,62.5,11.75,9.2,9.45,12.0,30.0,0.7407252490234374,False,CALL,2026-05-15,AFRM
AFRM260515C00065000,65.0,9.54,8.2,9.35,1.0,180.0,0.7718528674316407,False,CALL,2026-05-15,AFRM
AFRM260515C00067500,67.5,8.0,7.2,7.35,6.0,83.0,0.7243679907226561,False,CALL,2026-05-15,AFRM
AFRM260515C00070000,70.0,6.8,6.35,6.5,18.0,521.0,0.7196072961425781,False,CALL,2026-05-15,AFRM
AFRM260515C00072500,72.5,5.87,5.65,5.8,16.0,223.0,0.7200955725097657,False,CALL,2026-05-15,AFRM
AFRM260515C00075000,75.0,5.15,4.9,5.05,79.0,206.0,0.710940390625,False,CALL,2026-05-15,AFRM
AFRM260515C00077500,77.5,4.54,4.1,4.5,3.0,170.0,0.7017852087402343,False,CALL,2026-05-15,AFRM
AFRM260515P00045000,45.0,2.28,2.17,2.48,2.0,122.0,0.7055693505859376,False,PUT,2026-05-15,AFRM
AFRM260515P00047500,47.5,2.82,2.97,3.1,3.0,62.0,0.7036162451171876,False,PUT,2026-05-15,AFRM
AFRM260515P00050000,50.0,3.5,3.75,3.9,7.0,810.0,0.6982452050781252,False,PUT,2026-05-15,AFRM
AFRM260515P00055000,55.0,5.39,5.55,5.8,7.0,796.0,0.6811555322265627,False,PUT,2026-05-15,AFRM
AFRM260515P00057500,57.5,4.75,6.6,7.05,22.0,147.0,0.6774934594726563,False,PUT,2026-05-15,AFRM
AFRM260515P00060000,60.0,6.8,7.85,8.25,2.0,3161.0,0.6709017285156251,False,PUT,2026-05-15,AFRM
AFRM260515P00062500,62.5,9.25,9.15,9.5,3.0,451.0,0.6596713720703126,True,PUT,2026-05-15,AFRM
AFRM260515P00065000,65.0,10.44,10.6,10.95,1.0,1804.0,0.6538120556640626,True,PUT,2026-05-15,AFRM
AFRM260515P00067500,67.5,10.25,12.1,12.45,13.0,268.0,0.6440465283203125,True,PUT,2026-05-15,AFRM
AFRM260515P00070000,70.0,11.9,13.75,14.05,1.0,829.0,0.6363561755371094,True,PUT,2026-05-15,AFRM
AFRM260515P00072500,72.5,15.45,15.45,15.7,7.0,269.0,0.6252478881835939,True,PUT,2026-05-15,AFRM
AFRM260515P00075000,75.0,14.85,16.45,17.5,4.0,282.0,0.5835002587890624,True,PUT,2026-05-15,AFRM
AFRM260515P00077500,77.5,14.55,18.85,19.45,1.0,101.0,0.5990030334472658,True,PUT,2026-05-15,AFRM
AFRM260618C00045000,45.0,24.0,19.15,21.45,1.0,84.0,0.7717307983398438,True,CALL,2026-06-18,AFRM
AFRM260618C00047500,47.5,30.57,18.35,19.55,16.0,189.0,0.7934590966796875,True,CALL,2026-06-18,AFRM
AFRM260618C00050000,50.0,26.45,16.9,18.1,2.0,170.0,0.7950459948730468,True,CALL,2026-06-18,AFRM
AFRM260618C00052500,52.5,22.13,15.4,17.0,12.0,220.0,0.8004170349121094,True,CALL,2026-06-18,AFRM
AFRM260618C00055000,55.0,14.57,13.85,15.15,1.0,221.0,0.7688011401367189,True,CALL,2026-06-18,AFRM
AFRM260618C00057500,57.5,20.7,12.65,13.1,1.0,265.0,0.7386500744628905,True,CALL,2026-06-18,AFRM
AFRM260618C00060000,60.0,11.8,11.4,12.0,106.0,233.0,0.7347438635253907,True,CALL,2026-06-18,AFRM
AFRM260618C00062500,62.5,12.8,10.35,10.85,63.0,292.0,0.7302273071289063,False,CALL,2026-06-18,AFRM
AFRM260618C00065000,65.0,11.46,9.3,10.8,3.0,361.0,0.7564721618652344,False,CALL,2026-06-18,AFRM
AFRM260618C00067500,67.5,8.82,8.35,9.0,6.0,374.0,0.7230252307128906,False,CALL,2026-06-18,AFRM
AFRM260618C00070000,70.0,7.95,7.5,7.9,22.0,1036.0,0.7110624597167969,False,CALL,2026-06-18,AFRM
AFRM260618C00072500,72.5,9.12,6.65,8.1,351.0,449.0,0.7374293835449219,False,CALL,2026-06-18,AFRM
AFRM260618C00075000,75.0,7.9,6.0,7.4,8.0,888.0,0.7365748999023438,False,CALL,2026-06-18,AFRM
AFRM260618C00077500,77.5,5.64,5.35,5.85,7.0,887.0,0.7026396923828125,False,CALL,2026-06-18,AFRM
AFRM260618P00045000,45.0,2.77,2.75,2.96,1.0,1270.0,0.6707796594238282,False,PUT,2026-06-18,AFRM
AFRM260618P00047500,47.5,3.5,3.45,3.75,300.0,1566.0,0.6660189648437502,False,PUT,2026-06-18,AFRM
AFRM260618P00050000,50.0,4.15,4.25,4.65,3.0,1313.0,0.6613803393554689,False,PUT,2026-06-18,AFRM
AFRM260618P00052500,52.5,3.7,5.25,5.55,2.0,1945.0,0.6561313684082033,False,PUT,2026-06-18,AFRM
AFRM260618P00055000,55.0,6.25,6.4,6.6,24.0,392.0,0.6541782629394532,False,PUT,2026-06-18,AFRM
AFRM260618P00057500,57.5,6.55,7.3,7.7,11.0,809.0,0.637576866455078,False,PUT,2026-06-18,AFRM
AFRM260618P00060000,60.0,7.55,8.6,9.05,356.0,1762.0,0.6369665209960937,False,PUT,2026-06-18,AFRM
AFRM260618P00062500,62.5,10.1,9.9,10.3,9.0,1995.0,0.626102371826172,True,PUT,2026-06-18,AFRM
AFRM260618P00065000,65.0,11.4,11.25,11.95,8.0,284.0,0.6237830590820312,True,PUT,2026-06-18,AFRM
AFRM260618P00067500,67.5,12.9,12.95,13.35,10.0,564.0,0.6187782263183594,True,PUT,2026-06-18,AFRM
AFRM260618P00070000,70.0,14.5,14.55,14.95,300.0,1006.0,0.6110878735351564,True,PUT,2026-06-18,AFRM
AFRM260618P00072500,72.5,14.25,15.85,16.7,4.0,668.0,0.5926554406738282,True,PUT,2026-06-18,AFRM
AFRM260618P00075000,75.0,14.5,18.0,18.55,6.0,720.0,0.6010782080078126,True,PUT,2026-06-18,AFRM
AFRM260618P00077500,77.5,17.0,18.5,20.3,2.0,730.0,0.5407760766601564,True,PUT,2026-06-18,AFRM
AFRM260821C00045000,45.0,24.6,21.4,22.95,1.0,9.0,0.7867452966308592,True,CALL,2026-08-21,AFRM
AFRM260821C00050000,50.0,24.2,17.9,19.9,3.0,8.0,0.7537866418457031,True,CALL,2026-08-21,AFRM
AFRM260821C00055000,55.0,18.79,15.55,17.45,4.0,13.0,0.7594018200683594,True,CALL,2026-08-21,AFRM
AFRM260821C00060000,60.0,13.5,13.25,14.9,17.0,21.0,0.7446314599609375,True,CALL,2026-08-21,AFRM
AFRM260821C00062500,62.5,17.3,12.05,13.05,2.0,6.0,0.7141141870117188,False,CALL,2026-08-21,AFRM
AFRM260821C00065000,65.0,20.8,11.05,12.15,1.0,98.0,0.7125272888183594,False,CALL,2026-08-21,AFRM
AFRM260821C00067500,67.5,12.25,10.1,11.65,18.0,99.0,0.7196072961425781,False,CALL,2026-08-21,AFRM
AFRM260821C00070000,70.0,11.3,9.2,11.0,11.0,79.0,0.7204617797851562,False,CALL,2026-08-21,AFRM
AFRM260821C00072500,72.5,9.35,8.45,9.85,2.0,78.0,0.7086210778808593,False,CALL,2026-08-21,AFRM
AFRM260821C00075000,75.0,8.25,7.7,8.8,2.0,290.0,0.696414168701172,False,CALL,2026-08-21,AFRM
AFRM260821C00077500,77.5,13.13,6.9,7.85,1.0,76.0,0.6825593267822267,False,CALL,2026-08-21,AFRM
AFRM260821P00045000,45.0,1.93,3.5,4.0,173.0,225.0,0.63086306640625,False,PUT,2026-08-21,AFRM
AFRM260821P00047500,47.5,2.44,4.2,4.85,1.0,3.0,0.622074091796875,False,PUT,2026-08-21,AFRM
AFRM260821P00050000,50.0,4.7,5.2,5.85,4.0,37.0,0.6228065063476562,False,PUT,2026-08-21,AFRM
AFRM260821P00055000,55.0,6.6,7.2,8.15,6.0,15.0,0.6141396008300781,False,PUT,2026-08-21,AFRM
AFRM260821P00060000,60.0,8.8,10.0,10.5,7.0,59.0,0.6087075262451174,False,PUT,2026-08-21,AFRM
AFRM260821P00062500,62.5,9.15,10.9,12.0,1.0,17.0,0.5938761315917969,True,PUT,2026-08-21,AFRM
AFRM260821P00065000,65.0,12.2,12.15,14.6,228.0,160.0,0.6143837390136719,True,PUT,2026-08-21,AFRM
AFRM260821P00067500,67.5,12.7,13.85,14.9,198.0,212.0,0.5799602551269532,True,PUT,2026-08-21,AFRM
AFRM260821P00070000,70.0,12.11,14.6,16.45,2.0,338.0,0.5494429821777345,True,PUT,2026-08-21,AFRM
AFRM260821P00072500,72.5,13.95,17.2,18.05,1.0,31.0,0.5668988623046876,True,PUT,2026-08-21,AFRM
AFRM260821P00075000,75.0,17.43,17.9,19.85,20.0,319.0,0.5329636547851562,True,PUT,2026-08-21,AFRM
AFRM260821P00077500,77.5,19.5,20.7,21.8,1.0,26.0,0.5590864404296876,True,PUT,2026-08-21,AFRM
AFRM260918C00045000,45.0,25.5,22.25,24.85,5.0,64.0,0.8354508642578123,True,CALL,2026-09-18,AFRM
AFRM260918C00047500,47.5,27.97,20.75,23.0,17.0,87.0,0.813356358642578,True,CALL,2026-09-18,AFRM
AFRM260918C00050000,50.0,20.15,19.45,20.5,3.0,57.0,0.774538387451172,True,CALL,2026-09-18,AFRM
AFRM260918C00055000,55.0,22.72,16.55,18.1,15.0,60.0,0.7596459582519532,True,CALL,2026-09-18,AFRM
AFRM260918C00057500,57.5,18.45,15.55,16.75,4.0,19.0,0.7551294018554688,True,CALL,2026-09-18,AFRM
AFRM260918C00060000,60.0,17.05,14.4,16.45,4.0,31.0,0.7713645910644531,True,CALL,2026-09-18,AFRM
AFRM260918C00062500,62.5,14.0,12.65,14.05,3.0,43.0,0.711916943359375,False,CALL,2026-09-18,AFRM
AFRM260918C00065000,65.0,15.25,12.2,12.95,13.0,275.0,0.7188748815917969,False,CALL,2026-09-18,AFRM
AFRM260918C00067500,67.5,12.05,11.4,12.15,13.0,218.0,0.7211941943359376,False,CALL,2026-09-18,AFRM
AFRM260918C00070000,70.0,14.77,10.55,11.6,4.0,234.0,0.725588681640625,False,CALL,2026-09-18,AFRM
AFRM260918C00072500,72.5,10.1,9.75,10.15,6.0,406.0,0.7055693505859376,False,CALL,2026-09-18,AFRM
AFRM260918C00075000,75.0,14.63,9.05,9.95,2.0,209.0,0.7173490179443358,False,CALL,2026-09-18,AFRM
AFRM260918C00077500,77.5,12.45,8.35,9.0,1.0,179.0,0.7075224560546876,False,CALL,2026-09-18,AFRM
AFRM260918P00045000,45.0,4.05,4.4,4.9,15.0,111.0,0.659183095703125,False,PUT,2026-09-18,AFRM
AFRM260918P00047500,47.5,3.2,5.05,5.65,6.0,11.0,0.6402623864746093,False,PUT,2026-09-18,AFRM
AFRM260918P00050000,50.0,5.5,6.2,6.65,33.0,599.0,0.6414830773925781,False,PUT,2026-09-18,AFRM
AFRM260918P00055000,55.0,7.5,8.2,9.3,41.0,323.0,0.6373327282714845,False,PUT,2026-09-18,AFRM
AFRM260918P00057500,57.5,9.85,9.7,10.1,6.0,48.0,0.6274451318359376,False,PUT,2026-09-18,AFRM
AFRM260918P00060000,60.0,9.95,11.0,11.9,6.0,523.0,0.634891346435547,False,PUT,2026-09-18,AFRM
AFRM260918P00062500,62.5,10.3,12.35,12.9,2.0,321.0,0.6181678808593751,True,PUT,2026-09-18,AFRM
AFRM260918P00065000,65.0,13.9,13.95,14.45,3.0,824.0,0.618717191772461,True,PUT,2026-09-18,AFRM
AFRM260918P00067500,67.5,15.35,15.3,15.8,3.0,269.0,0.6040078662109377,True,PUT,2026-09-18,AFRM
AFRM260918P00070000,70.0,13.85,16.95,17.35,4.0,54.0,0.5986368261718751,True,PUT,2026-09-18,AFRM
AFRM260918P00072500,72.5,18.75,18.65,19.1,1.0,4.0,0.5962564788818359,True,PUT,2026-09-18,AFRM
AFRM260918P00075000,75.0,20.45,20.3,20.85,2.0,165.0,0.5893595751953126,True,PUT,2026-09-18,AFRM
AFRM260918P00077500,77.5,17.75,22.05,22.65,42.0,327.0,0.5833171551513672,True,PUT,2026-09-18,AFRM
AFRM261218C00045000,45.0,28.55,23.75,25.85,1.0,12.0,0.7827170166015626,True,CALL,2026-12-18,AFRM
AFRM261218C00047500,47.5,34.85,22.5,24.1,2.0,30.0,0.7696556237792969,True,CALL,2026-12-18,AFRM
AFRM261218C00050000,50.0,24.84,19.85,23.0,2.0,55.0,0.7340114489746092,True,CALL,2026-12-18,AFRM
AFRM261218C00055000,55.0,21.8,19.1,20.4,7.0,44.0,0.7630638928222657,True,CALL,2026-12-18,AFRM
AFRM261218C00057500,57.5,20.55,17.3,20.5,3.0,40.0,0.7711204528808593,True,CALL,2026-12-18,AFRM
AFRM261218C00060000,60.0,17.85,16.4,17.55,2.0,36.0,0.7257717852783203,True,CALL,2026-12-18,AFRM
AFRM261218C00062500,62.5,16.0,15.2,16.7,2.0,13.0,0.7209500561523439,False,CALL,2026-12-18,AFRM
AFRM261218C00065000,65.0,15.25,14.8,15.8,6.0,9.0,0.7307155834960937,False,CALL,2026-12-18,AFRM
AFRM261218C00067500,67.5,18.79,13.9,15.0,2.0,121.0,0.7290066162109375,False,CALL,2026-12-18,AFRM
AFRM261218C00070000,70.0,17.6,13.05,13.9,7.0,26.0,0.7198514343261719,False,CALL,2026-12-18,AFRM
AFRM261218C00072500,72.5,18.8,11.4,14.6,2.0,9.0,0.7305935144042968,False,CALL,2026-12-18,AFRM
AFRM261218C00075000,75.0,12.0,11.0,12.5,1.0,41.0,0.7058134887695313,False,CALL,2026-12-18,AFRM
AFRM261218C00077500,77.5,16.95,10.75,12.05,20.0,41.0,0.7182645361328125,False,CALL,2026-12-18,AFRM
AFRM261218P00045000,45.0,4.44,5.6,6.45,3.0,6.0,0.6433141137695313,False,PUT,2026-12-18,AFRM
AFRM261218P00047500,47.5,8.8,3.35,6.0,1.0,1.0,0.5036670727539063,False,PUT,2026-12-18,AFRM
AFRM261218P00050000,50.0,7.1,7.8,9.2,1.0,7.0,0.6549106774902345,False,PUT,2026-12-18,AFRM
AFRM261218P00055000,55.0,8.4,9.5,10.85,1.0,3.0,0.6096230444335939,False,PUT,2026-12-18,AFRM
AFRM261218P00060000,60.0,13.0,12.5,14.2,227.0,38.0,0.6250037500000001,False,PUT,2026-12-18,AFRM
AFRM261218P00062500,62.5,12.01,13.25,15.7,1.0,3.0,0.6066323516845704,True,PUT,2026-12-18,AFRM
AFRM261218P00065000,65.0,15.3,15.15,17.4,9.0,13.0,0.6158485681152344,True,PUT,2026-12-18,AFRM
AFRM261218P00067500,67.5,14.32,16.65,18.65,1.0,22.0,0.6035195898437502,True,PUT,2026-12-18,AFRM
AFRM261218P00070000,70.0,17.61,17.6,20.3,1.0,4.0,0.5856364678955077,True,PUT,2026-12-18,AFRM
AFRM261218P00072500,72.5,16.07,19.9,22.95,8.0,18.0,0.616336844482422,True,PUT,2026-12-18,AFRM
AFRM261218P00075000,75.0,20.9,21.7,23.35,5.0,15.0,0.5851481915283203,True,PUT,2026-12-18,AFRM
AFRM261218P00077500,77.5,24.03,23.35,24.75,2.0,31.0,0.5700726586914062,True,PUT,2026-12-18,AFRM
AFRM270115C00045000,45.0,30.95,24.35,27.5,2.0,2189.0,0.8148211877441407,True,CALL,2027-01-15,AFRM
AFRM270115C00047500,47.5,35.05,22.8,26.0,2.0,124.0,0.7974873767089843,True,CALL,2027-01-15,AFRM
AFRM270115C00050000,50.0,27.46,21.1,23.7,1.0,2473.0,0.7540918145751954,True,CALL,2027-01-15,AFRM
AFRM270115C00052500,52.5,23.7,20.45,22.3,1.0,111.0,0.7590356127929689,True,CALL,2027-01-15,AFRM
AFRM270115C00055000,55.0,22.62,19.15,22.3,7.0,1301.0,0.7785056329345703,True,CALL,2027-01-15,AFRM
AFRM270115C00057500,57.5,26.1,17.8,21.0,21.0,81.0,0.7628197546386719,True,CALL,2027-01-15,AFRM
AFRM270115C00060000,60.0,18.47,17.45,18.5,2.0,676.0,0.741091456298828,True,CALL,2027-01-15,AFRM
AFRM270115C00062500,62.5,19.06,15.75,17.15,2.0,167.0,0.7135648760986328,False,CALL,2027-01-15,AFRM
AFRM270115C00065000,65.0,17.0,15.4,16.9,2.0,517.0,0.7376735217285155,False,CALL,2027-01-15,AFRM
AFRM270115C00067500,67.5,15.2,14.25,15.5,15.0,126.0,0.7175321215820312,False,CALL,2027-01-15,AFRM
AFRM270115C00070000,70.0,14.2,13.25,14.35,55.0,998.0,0.7042876251220704,False,CALL,2027-01-15,AFRM
AFRM270115C00072500,72.5,17.43,12.7,15.25,1.0,237.0,0.7417018017578124,False,CALL,2027-01-15,AFRM
AFRM270115C00075000,75.0,13.22,12.0,13.8,16.0,261.0,0.7249783361816406,False,CALL,2027-01-15,AFRM
AFRM270115C00077500,77.5,17.45,10.95,13.65,10.0,238.0,0.726565234375,False,CALL,2027-01-15,AFRM
AFRM270115P00045000,45.0,6.37,6.2,6.6,8.0,1694.0,0.6389196264648438,False,PUT,2027-01-15,AFRM
AFRM270115P00047500,47.5,6.5,6.85,8.6,8.0,774.0,0.65039412109375,False,PUT,2027-01-15,AFRM
AFRM270115P00050000,50.0,7.65,8.35,9.3,1.0,2400.0,0.6449010119628906,False,PUT,2027-01-15,AFRM
AFRM270115P00052500,52.5,9.25,9.0,10.85,1.0,420.0,0.6361730718994141,False,PUT,2027-01-15,AFRM
AFRM270115P00055000,55.0,10.79,10.0,11.2,1.0,437.0,0.6047402807617189,False,PUT,2027-01-15,AFRM
AFRM270115P00057500,57.5,8.85,11.4,12.8,15.0,202.0,0.6093789062500001,False,PUT,2027-01-15,AFRM
AFRM270115P00060000,60.0,12.73,13.35,14.7,3.0,1846.0,0.6293372027587891,False,PUT,2027-01-15,AFRM
AFRM270115P00062500,62.5,14.49,14.2,16.15,1.0,595.0,0.6121864953613283,True,PUT,2027-01-15,AFRM
AFRM270115P00065000,65.0,15.75,15.95,18.0,5.0,866.0,0.6204871936035157,True,PUT,2027-01-15,AFRM
AFRM270115P00067500,67.5,17.61,16.85,19.1,1.0,539.0,0.5926554406738282,True,PUT,2027-01-15,AFRM
AFRM270115P00070000,70.0,18.5,19.05,19.9,1.0,375.0,0.5837443969726561,True,PUT,2027-01-15,AFRM
AFRM270115P00072500,72.5,17.5,20.25,22.35,37.0,121.0,0.5861247442626953,True,PUT,2027-01-15,AFRM
AFRM270115P00075000,75.0,19.75,22.45,24.0,9.0,166.0,0.5905802661132813,True,PUT,2027-01-15,AFRM
AFRM270115P00077500,77.5,18.05,24.25,25.4,6.0,207.0,0.5794719787597657,True,PUT,2027-01-15,AFRM
AFRM280121C00045000,45.0,37.72,30.2,33.35,1.0,35.0,0.803590831298828,True,CALL,2028-01-21,AFRM
AFRM280121C00047500,47.5,33.15,28.55,32.0,1.0,53.0,0.7814963256835938,True,CALL,2028-01-21,AFRM
AFRM280121C00050000,50.0,29.05,27.9,30.7,2.0,53.0,0.77929908203125,True,CALL,2028-01-21,AFRM
AFRM280121C00055000,55.0,33.0,25.85,28.95,1.0,74.0,0.7727073510742188,True,CALL,2028-01-21,AFRM
AFRM280121C00057500,57.5,26.85,24.5,27.25,1.0,8.0,0.7477442218017578,True,CALL,2028-01-21,AFRM
AFRM280121C00060000,60.0,25.15,24.0,26.6,5.0,91.0,0.7548242291259766,True,CALL,2028-01-21,AFRM
AFRM280121C00062500,62.5,24.06,22.3,26.1,2.0,26.0,0.743166630859375,False,CALL,2028-01-21,AFRM
AFRM280121C00065000,65.0,25.0,21.95,25.5,8.0,86.0,0.7511621563720703,False,CALL,2028-01-21,AFRM
AFRM280121C00067500,67.5,24.75,21.15,23.3,6.0,13.0,0.7252835089111327,False,CALL,2028-01-21,AFRM
AFRM280121C00070000,70.0,21.63,20.85,22.05,7.0,146.0,0.7219266088867188,False,CALL,2028-01-21,AFRM
AFRM280121C00072500,72.5,26.58,19.75,22.7,2.0,19.0,0.7348048980712891,False,CALL,2028-01-21,AFRM
AFRM280121C00075000,75.0,20.0,18.8,21.65,4.0,101.0,0.7229031616210937,False,CALL,2028-01-21,AFRM
AFRM280121C00077500,77.5,20.2,18.05,21.2,1.0,27.0,0.7225369543457032,False,CALL,2028-01-21,AFRM
AFRM280121P00045000,45.0,10.45,9.3,11.9,25.0,1578.0,0.6127358062744142,False,PUT,2028-01-21,AFRM
AFRM280121P00047500,47.5,9.75,11.6,13.15,2.0,469.0,0.6287878918457033,False,PUT,2028-01-21,AFRM
AFRM280121P00050000,50.0,11.8,11.8,14.35,10.0,111.0,0.6023599334716798,False,PUT,2028-01-21,AFRM
AFRM280121P00055000,55.0,13.77,14.45,17.35,1.0,541.0,0.5974771697998047,False,PUT,2028-01-21,AFRM
AFRM280121P00057500,57.5,14.45,15.2,18.55,3.0,3.0,0.5783733569335938,False,PUT,2028-01-21,AFRM
AFRM280121P00060000,60.0,16.3,17.25,21.0,1.0,25.0,0.5993692407226563,False,PUT,2028-01-21,AFRM
AFRM280121P00062500,62.5,15.37,18.65,21.45,2.0,8.0,0.5764812860107422,True,PUT,2028-01-21,AFRM
AFRM280121P00065000,65.0,20.75,19.5,22.9,4.0,183.0,0.5601240277099608,True,PUT,2028-01-21,AFRM
AFRM280121P00067500,67.5,22.1,21.7,24.45,7.0,474.0,0.5648236877441408,True,PUT,2028-01-21,AFRM
AFRM280121P00070000,70.0,24.65,23.1,27.45,8.0,279.0,0.5778850805664062,True,PUT,2028-01-21,AFRM
AFRM280121P00072500,72.5,22.5,25.75,28.85,30.0,103.0,0.5844157769775391,True,PUT,2028-01-21,AFRM
AFRM280121P00075000,75.0,26.85,27.25,30.5,17.0,541.0,0.5766033551025391,True,PUT,2028-01-21,AFRM
AFRM280121P00077500,77.5,25.45,27.5,31.25,23.0,44.0,0.5366257275390626,True,PUT,2028-01-21,AFRM
AG260130C00017500,17.5,7.28,6.9,7.75,33.0,165.0,2.9218776953125003,True,CALL,2026-01-30,AG
AG260130C00018000,18.0,6.94,6.5,7.25,12.0,918.0,2.9765650585937498,True,CALL,2026-01-30,AG
AG260130C00018500,18.5,8.5,5.95,6.7,2.0,168.0,2.5312536718749996,True,CALL,2026-01-30,AG
AG260130C00019000,19.0,5.35,5.55,6.25,7.0,1535.0,2.6640658398437504,True,CALL,2026-01-30,AG
AG260130C00019500,19.5,5.15,5.2,5.75,8.0,113.0,2.71094072265625,True,CALL,2026-01-30,AG
AG260130C00020000,20.0,4.7,4.9,5.2,8.0,918.0,2.7031282421875,True,CALL,2026-01-30,AG
AG260130C00020500,20.5,4.55,4.2,4.7,7.0,304.0,2.2070357324218746,True,CALL,2026-01-30,AG
AG260130C00021000,21.0,3.7,3.75,4.25,42.0,679.0,2.1328171679687498,True,CALL,2026-01-30,AG
AG260130C00021500,21.5,2.77,2.33,3.75,5.0,163.0,2.4531288671875,True,CALL,2026-01-30,AG
AG260130C00022000,22.0,2.79,2.38,3.25,11.0,803.0,1.2109414453124998,True,CALL,2026-01-30,AG
AG260130C00022500,22.5,2.45,2.33,2.82,19.0,325.0,1.6328143359374998,True,CALL,2026-01-30,AG
AG260130C00023000,23.0,1.9,1.87,2.31,211.0,728.0,1.4257841210937499,True,CALL,2026-01-30,AG
AG260130C00023500,23.5,1.6,1.59,1.87,1608.0,674.0,1.41015919921875,True,CALL,2026-01-30,AG
AG260130C00024000,24.0,1.34,1.15,1.3,319.0,900.0,1.1328168359375002,True,CALL,2026-01-30,AG
AG260130C00024500,24.5,1.0,0.87,1.15,222.0,118.0,1.2324257128906249,True,CALL,2026-01-30,AG
AG260130C00025000,25.0,0.7,0.58,0.65,3500.0,2537.0,1.017583037109375,False,CALL,2026-01-30,AG
AG260130C00025500,25.5,0.53,0.41,0.59,261.0,650.0,1.123051259765625,False,CALL,2026-01-30,AG
AG260130C00026000,26.0,0.34,0.3,0.38,2375.0,1915.0,1.1054732226562503,False,CALL,2026-01-30,AG
AG260130C00026500,26.5,0.2,0.17,0.25,959.0,743.0,1.0664109179687502,False,CALL,2026-01-30,AG
AG260130C00027000,27.0,0.17,0.12,0.19,972.0,2943.0,1.11328568359375,False,CALL,2026-01-30,AG
AG260130C00027500,27.5,0.12,0.07,0.13,483.0,1492.0,1.1171919140625,False,CALL,2026-01-30,AG
AG260130C00028000,28.0,0.08,0.01,0.08,4707.0,1269.0,1.0390673046875003,False,CALL,2026-01-30,AG
AG260130C00028500,28.5,0.04,0.03,0.06,55.0,2043.0,1.15625421875,False,CALL,2026-01-30,AG
AG260130C00029000,29.0,0.03,0.02,0.04,165.0,1618.0,1.171879140625,False,CALL,2026-01-30,AG
AG260130C00029500,29.5,0.11,0.0,0.04,31.0,380.0,1.1875040625,False,CALL,2026-01-30,AG
AG260130C00030000,30.0,0.03,0.01,0.05,200.0,2089.0,1.3750031249999999,False,CALL,2026-01-30,AG
AG260130C00030500,30.5,0.01,0.0,0.05,114.0,177.0,1.421877890625,False,CALL,2026-01-30,AG
AG260130C00031000,31.0,0.01,0.0,0.17,13.0,519.0,1.8828130859374999,False,CALL,2026-01-30,AG
AG260130C00032000,32.0,0.02,0.0,0.04,12.0,553.0,1.625001875,False,CALL,2026-01-30,AG
AG260130P00017500,17.5,0.02,0.0,0.03,16.0,2307.0,2.0937547656249995,False,PUT,2026-01-30,AG
AG260130P00018000,18.0,0.02,0.0,0.1,15.0,479.0,2.3593791015624994,False,PUT,2026-01-30,AG
AG260130P00018500,18.5,0.01,0.0,0.02,22.0,495.0,1.6875015625,False,PUT,2026-01-30,AG
AG260130P00019000,19.0,0.11,0.0,0.1,20.0,684.0,2.0156299609375,False,PUT,2026-01-30,AG
AG260130P00019500,19.5,0.01,0.0,0.05,122.0,1016.0,1.625001875,False,PUT,2026-01-30,AG
AG260130P00020000,20.0,0.03,0.0,0.03,98.0,1136.0,1.3750031249999999,False,PUT,2026-01-30,AG
AG260130P00020500,20.5,0.03,0.0,0.27,5.0,515.0,1.8984380078125,False,PUT,2026-01-30,AG
AG260130P00021000,21.0,0.03,0.01,0.05,43.0,475.0,1.2343788281249999,False,PUT,2026-01-30,AG
AG260130P00021500,21.5,0.05,0.02,0.08,75.0,953.0,1.1953165234375,False,PUT,2026-01-30,AG
AG260130P00022000,22.0,0.07,0.04,0.11,161.0,1550.0,1.140629296875,False,PUT,2026-01-30,AG
AG260130P00022500,22.5,0.08,0.04,0.11,39.0,678.0,0.9687503125,False,PUT,2026-01-30,AG
AG260130P00023000,23.0,0.13,0.08,0.18,3669.0,437.0,0.9414068359375,False,PUT,2026-01-30,AG
AG260130P00023500,23.5,0.2,0.17,0.22,53.0,403.0,0.8789074609374999,False,PUT,2026-01-30,AG
AG260130P00024000,24.0,0.32,0.25,0.39,4845.0,3666.0,0.8535170898437501,False,PUT,2026-01-30,AG
AG260130P00024500,24.5,0.46,0.46,0.63,295.0,693.0,0.8945323046874999,False,PUT,2026-01-30,AG
AG260130P00025000,25.0,0.62,0.68,0.84,2065.0,2880.0,0.8320329296874999,True,PUT,2026-01-30,AG
AG260130P00025500,25.5,1.0,0.89,1.11,216.0,806.0,0.6992217578125001,True,PUT,2026-01-30,AG
AG260130P00026000,26.0,1.54,1.28,1.59,226.0,1109.0,0.7812521875,True,PUT,2026-01-30,AG
AG260130P00026500,26.5,1.94,1.56,2.06,212.0,926.0,0.6093789062500001,True,PUT,2026-01-30,AG
AG260130P00027000,27.0,2.35,1.96,2.42,63.0,571.0,1.0781296093750001,True,PUT,2026-01-30,AG
AG260130P00027500,27.5,2.85,2.39,3.1,14.0,1031.0,1.62109564453125,True,PUT,2026-01-30,AG
AG260130P00028000,28.0,3.35,2.7,4.55,16.0,146.0,1.8320320898437497,True,PUT,2026-01-30,AG
AG260130P00029000,29.0,4.63,3.8,5.4,3.0,33.0,2.0820360449218747,True,PUT,2026-01-30,AG
AG260130P00030000,30.0,4.5,4.1,6.55,1.0,135.0,1.46875265625,True,PUT,2026-01-30,AG
AG260206C00017500,17.5,7.47,7.2,7.75,2.0,29.0,1.6992202539062502,True,CALL,2026-02-06,AG
AG260206C00018000,18.0,8.25,5.8,7.55,21.0,384.0,2.3476603808593746,True,CALL,2026-02-06,AG
AG260206C00018500,18.5,5.97,5.5,6.8,4.0,420.0,1.927734736328125,True,CALL,2026-02-06,AG
AG260206C00019000,19.0,6.8,5.75,6.35,14.0,356.0,1.4902369238281248,True,CALL,2026-02-06,AG
AG260206C00019500,19.5,5.22,4.4,5.9,11.0,433.0,1.787110439453125,True,CALL,2026-02-06,AG
AG260206C00020000,20.0,4.4,5.05,5.4,18.0,761.0,1.478518232421875,True,CALL,2026-02-06,AG
AG260206C00020500,20.5,4.5,4.3,4.95,3.0,72.0,1.25390998046875,True,CALL,2026-02-06,AG
AG260206C00021000,21.0,3.53,3.5,4.5,3.0,869.0,1.0039112304687499,True,CALL,2026-02-06,AG
AG260206C00021500,21.5,3.69,2.67,4.1,1.0,441.0,0.7617211328125001,True,CALL,2026-02-06,AG
AG260206C00022000,22.0,3.17,3.1,3.6,9.0,152.0,1.126957490234375,True,CALL,2026-02-06,AG
AG260206C00022500,22.5,3.9,2.35,3.25,1.0,245.0,0.96289099609375,True,CALL,2026-02-06,AG
AG260206C00023000,23.0,2.7,2.53,2.79,21.0,565.0,1.11328568359375,True,CALL,2026-02-06,AG
AG260206C00023500,23.5,2.36,2.31,2.66,2165.0,2312.0,1.2001993115234375,True,CALL,2026-02-06,AG
AG260206C00024000,24.0,2.03,1.91,2.2,184.0,1533.0,1.0957076464843751,True,CALL,2026-02-06,AG
AG260206C00024500,24.5,1.83,1.69,1.96,153.0,178.0,1.1123091259765625,True,CALL,2026-02-06,AG
AG260206C00025000,25.0,1.55,1.47,1.69,233.0,1237.0,1.1035201074218752,False,CALL,2026-02-06,AG
AG260206C00025500,25.5,1.35,1.25,1.5,149.0,245.0,1.1054732226562503,False,CALL,2026-02-06,AG
AG260206C00026000,26.0,1.15,1.09,1.3,240.0,766.0,1.1103560107421875,False,CALL,2026-02-06,AG
AG260206C00026500,26.5,1.04,0.86,1.17,111.0,931.0,1.1015669921875002,False,CALL,2026-02-06,AG
AG260206C00027000,27.0,0.82,0.8,0.94,203.0,447.0,1.1025435498046878,False,CALL,2026-02-06,AG
AG260206C00027500,27.5,0.74,0.64,0.8,120.0,235.0,1.0869186279296876,False,CALL,2026-02-06,AG
AG260206C00028000,28.0,0.64,0.58,0.7,132.0,2256.0,1.111332568359375,False,CALL,2026-02-06,AG
AG260206C00028500,28.5,0.3,0.44,0.65,19.0,328.0,1.115238798828125,False,CALL,2026-02-06,AG
AG260206C00029000,29.0,0.47,0.43,0.5,101.0,355.0,1.119145029296875,False,CALL,2026-02-06,AG
AG260206C00029500,29.5,0.36,0.17,0.52,3.0,170.0,1.0742233789062503,False,CALL,2026-02-06,AG
AG260206C00030000,30.0,0.32,0.3,0.46,431.0,517.0,1.1757853710937498,False,CALL,2026-02-06,AG
AG260206C00030500,30.5,0.3,0.27,0.74,10.0,12.0,1.36328443359375,False,CALL,2026-02-06,AG
AG260206C00031000,31.0,0.25,0.24,0.38,14.0,129.0,1.22266013671875,False,CALL,2026-02-06,AG
AG260206C00032000,32.0,0.2,0.13,0.31,39.0,130.0,1.21875390625,False,CALL,2026-02-06,AG
AG260206P00017500,17.5,0.25,0.0,0.35,4.0,115.0,1.5468772656249998,False,PUT,2026-02-06,AG
AG260206P00018000,18.0,0.05,0.02,0.14,1.0,458.0,1.2148476757812499,False,PUT,2026-02-06,AG
AG260206P00018500,18.5,0.17,0.0,0.7,15.0,35.0,1.6289081054687498,False,PUT,2026-02-06,AG
AG260206P00019000,19.0,0.07,0.06,0.11,4.0,822.0,1.0546922265625,False,PUT,2026-02-06,AG
AG260206P00019500,19.5,0.23,0.08,0.39,5.0,114.0,1.2460975195312498,False,PUT,2026-02-06,AG
AG260206P00020000,20.0,0.16,0.11,0.17,128.0,318.0,0.9960937890625,False,PUT,2026-02-06,AG
AG260206P00020500,20.5,0.19,0.0,0.73,1.0,145.0,1.2089883300781248,False,PUT,2026-02-06,AG
AG260206P00021000,21.0,0.27,0.21,0.31,11.0,234.0,0.9804689453125001,False,PUT,2026-02-06,AG
AG260206P00021500,21.5,0.35,0.28,0.43,20.0,100.0,0.98437515625,False,PUT,2026-02-06,AG
AG260206P00022000,22.0,0.45,0.34,0.47,72.0,424.0,0.9257819921875,False,PUT,2026-02-06,AG
AG260206P00022500,22.5,0.56,0.45,0.65,30.0,174.0,0.93945373046875,False,PUT,2026-02-06,AG
AG260206P00023000,23.0,0.65,0.62,0.8,57.0,399.0,0.9414068359375,False,PUT,2026-02-06,AG
AG260206P00023500,23.5,0.84,0.77,0.99,87.0,122.0,0.9326178613281251,False,PUT,2026-02-06,AG
AG260206P00024000,24.0,1.1,0.97,1.18,2262.0,587.0,0.92187578125,False,PUT,2026-02-06,AG
AG260206P00024500,24.5,1.4,1.2,1.42,101.0,337.0,0.91992267578125,False,PUT,2026-02-06,AG
AG260206P00025000,25.0,1.7,1.4,1.65,170.0,1074.0,0.8867198828124999,True,PUT,2026-02-06,AG
AG260206P00025500,25.5,1.9,1.69,1.92,38.0,206.0,0.877930908203125,True,PUT,2026-02-06,AG
AG260206P00026000,26.0,2.29,2.02,2.24,33.0,1313.0,0.8808605664062499,True,PUT,2026-02-06,AG
AG260206P00027000,27.0,2.8,2.76,2.92,42.0,288.0,0.87695435546875,True,PUT,2026-02-06,AG
AG260206P00027500,27.5,2.13,3.15,3.45,2.0,2368.0,0.9335944140625,True,PUT,2026-02-06,AG
AG260206P00029000,29.0,4.68,4.1,5.95,3.0,244.0,1.3554719726562499,True,PUT,2026-02-06,AG
AG260206P00030000,30.0,6.4,5.15,6.8,,1.0,1.4628933105468749,True,PUT,2026-02-06,AG
AG260213C00017500,17.5,9.07,6.4,8.15,10.0,327.0,0.9101571484375,True,CALL,2026-02-13,AG
AG260213C00018000,18.0,8.59,5.95,7.45,17.0,215.0,1.67578287109375,True,CALL,2026-02-13,AG
AG260213C00018500,18.5,7.45,5.45,6.95,5.0,11.0,1.57422087890625,True,CALL,2026-02-13,AG
AG260213C00019000,19.0,6.0,5.5,6.45,3.0,119.0,1.0351610742187503,True,CALL,2026-02-13,AG
AG260213C00019500,19.5,6.47,5.0,6.05,2.0,144.0,1.01172369140625,True,CALL,2026-02-13,AG
AG260213C00020000,20.0,5.25,5.25,5.6,12.0,379.0,1.2656286718749998,True,CALL,2026-02-13,AG
AG260213C00020500,20.5,6.69,3.85,5.5,4.0,82.0,0.98242205078125,True,CALL,2026-02-13,AG
AG260213C00021000,21.0,3.65,3.95,4.75,751.0,1455.0,1.0263720556640625,True,CALL,2026-02-13,AG
AG260213C00021500,21.5,3.51,3.4,4.4,7.0,77.0,0.9687503125,True,CALL,2026-02-13,AG
AG260213C00022000,22.0,3.4,3.2,4.0,30.0,515.0,0.9995117236328125,True,CALL,2026-02-13,AG
AG260213C00022500,22.5,3.4,3.25,3.65,4.0,280.0,1.0986373193359378,True,CALL,2026-02-13,AG
AG260213C00023000,23.0,2.99,3.05,3.35,15.0,562.0,1.125004375,True,CALL,2026-02-13,AG
AG260213C00024000,24.0,2.49,2.47,2.7,109.0,789.0,1.0869186279296876,True,CALL,2026-02-13,AG
AG260213C00025000,25.0,2.2,1.99,2.3,172.0,451.0,1.1015669921875002,False,CALL,2026-02-13,AG
AG260213C00026000,26.0,1.76,1.57,1.81,171.0,507.0,1.0751999365234377,False,CALL,2026-02-13,AG
AG260213C00027000,27.0,1.4,1.27,1.36,107.0,305.0,1.056645341796875,False,CALL,2026-02-13,AG
AG260213C00030000,30.0,0.81,0.66,0.81,287.0,3204.0,1.123051259765625,False,CALL,2026-02-13,AG
AG260213P00017500,17.5,0.12,0.0,0.34,1.0,95.0,1.15234798828125,False,PUT,2026-02-13,AG
AG260213P00018000,18.0,0.16,0.09,0.23,21.0,193.0,1.05859845703125,False,PUT,2026-02-13,AG
AG260213P00018500,18.5,0.18,0.05,0.26,2.0,58.0,0.9785158398437501,False,PUT,2026-02-13,AG
AG260213P00019000,19.0,0.22,0.0,0.24,15.0,311.0,0.851563984375,False,PUT,2026-02-13,AG
AG260213P00019500,19.5,0.36,0.0,0.5,8.0,370.0,0.9531254687499999,False,PUT,2026-02-13,AG
AG260213P00020000,20.0,0.38,0.28,0.37,153.0,1181.0,0.9511723632812499,False,PUT,2026-02-13,AG
AG260213P00020500,20.5,0.34,0.36,0.67,1.0,70.0,1.0293017285156252,False,PUT,2026-02-13,AG
AG260213P00021000,21.0,0.57,0.45,0.56,10.0,199.0,0.9355475195312499,False,PUT,2026-02-13,AG
AG260213P00021500,21.5,0.65,0.59,0.66,18.0,67.0,0.93164130859375,False,PUT,2026-02-13,AG
AG260213P00022000,22.0,0.79,0.72,0.82,38.0,115.0,0.9326178613281251,False,PUT,2026-02-13,AG
AG260213P00022500,22.5,0.98,0.86,0.96,30.0,254.0,0.9179695703125,False,PUT,2026-02-13,AG
AG260213P00023000,23.0,1.12,1.03,1.15,14.0,145.0,0.9160164648437501,False,PUT,2026-02-13,AG
AG260213P00024000,24.0,1.55,1.44,1.6,62.0,1326.0,0.9150399121093751,False,PUT,2026-02-13,AG
AG260213P00025000,25.0,1.98,1.94,2.11,13.0,1353.0,0.9072274902343749,True,PUT,2026-02-13,AG
AG260213P00026000,26.0,2.6,2.52,2.75,6.0,81.0,0.91211025390625,True,PUT,2026-02-13,AG
AG260213P00027000,27.0,3.38,3.2,3.4,2.0,102.0,0.905274384765625,True,PUT,2026-02-13,AG
AG260213P00030000,30.0,5.75,5.5,6.5,37.0,48.0,1.11328568359375,True,PUT,2026-02-13,AG
AG260220C00017500,17.5,7.7,6.65,8.35,173.0,174.0,1.0546922265625,True,CALL,2026-02-20,AG
AG260220C00018000,18.0,7.4,7.2,7.6,39.0,5011.0,1.3378939355468746,True,CALL,2026-02-20,AG
AG260220C00019000,19.0,6.5,6.45,6.65,28.0,3859.0,1.2783239208984374,True,CALL,2026-02-20,AG
AG260220C00019500,19.5,8.25,5.05,6.7,3.0,14.0,1.08203583984375,True,CALL,2026-02-20,AG
AG260220C00020000,20.0,5.55,5.65,5.7,126.0,8071.0,1.189457177734375,True,CALL,2026-02-20,AG
AG260220C00020500,20.5,5.13,4.35,5.6,4.0,21.0,0.99023447265625,True,CALL,2026-02-20,AG
AG260220C00021000,21.0,5.06,4.6,5.25,94.0,3630.0,1.1552776611328124,True,CALL,2026-02-20,AG
AG260220C00021500,21.5,4.05,3.8,4.9,1.0,6.0,1.0302782861328126,True,CALL,2026-02-20,AG
AG260220C00022000,22.0,4.21,4.05,4.55,116.0,6295.0,1.1591838916015624,True,CALL,2026-02-20,AG
AG260220C00022500,22.5,3.98,3.85,4.15,20.0,177.0,1.15625421875,True,CALL,2026-02-20,AG
AG260220C00023000,23.0,3.65,3.4,3.95,69.0,2270.0,1.1367230664062502,True,CALL,2026-02-20,AG
AG260220C00023500,23.5,3.04,3.3,3.6,8.0,59.0,1.1538128247070314,True,CALL,2026-02-20,AG
AG260220C00024000,24.0,3.2,2.86,3.4,584.0,4161.0,1.1245160961914062,True,CALL,2026-02-20,AG
AG260220C00024500,24.5,3.1,2.72,3.1,12.0,840.0,1.1308637207031251,True,CALL,2026-02-20,AG
AG260220C00025000,25.0,2.71,2.53,2.96,997.0,9070.0,1.154301103515625,False,CALL,2026-02-20,AG
AG260220C00025500,25.5,2.61,2.24,2.65,30.0,820.0,1.1171919140625,False,CALL,2026-02-20,AG
AG260220C00026000,26.0,2.2,2.25,2.55,451.0,2826.0,1.1777384863281248,False,CALL,2026-02-20,AG
AG260220C00027000,27.0,1.95,1.97,2.1,174.0,1947.0,1.1728556982421874,False,CALL,2026-02-20,AG
AG260220C00028000,28.0,1.75,1.68,1.9,400.0,3056.0,1.1982461962890625,False,CALL,2026-02-20,AG
AG260220C00029000,29.0,1.52,1.42,1.5,78.0,10622.0,1.171879140625,False,CALL,2026-02-20,AG
AG260220C00030000,30.0,1.25,1.19,1.36,2237.0,9812.0,1.19141029296875,False,CALL,2026-02-20,AG
AG260220C00031000,31.0,1.04,0.98,1.28,93.0,13231.0,1.2177773486328123,False,CALL,2026-02-20,AG
AG260220C00032000,32.0,0.94,0.84,1.07,18.0,466.0,1.2168007910156249,False,CALL,2026-02-20,AG
AG260220P00017500,17.5,0.27,0.25,0.46,24.0,994.0,1.171879140625,False,PUT,2026-02-20,AG
AG260220P00018000,18.0,0.3,0.31,0.38,14.0,2135.0,1.08984830078125,False,PUT,2026-02-20,AG
AG260220P00018500,18.5,0.45,0.1,0.58,19.0,70.0,1.013676806640625,False,PUT,2026-02-20,AG
AG260220P00019000,19.0,0.5,0.42,0.54,42.0,4260.0,1.0576218994140625,False,PUT,2026-02-20,AG
AG260220P00019500,19.5,0.68,0.5,0.65,20.0,384.0,1.05078599609375,False,PUT,2026-02-20,AG
AG260220P00020000,20.0,0.75,0.63,0.78,78.0,2708.0,1.0595750146484377,False,PUT,2026-02-20,AG
AG260220P00020500,20.5,0.86,0.74,0.95,14.0,47.0,1.0634812451171878,False,PUT,2026-02-20,AG
AG260220P00021000,21.0,1.06,0.86,1.05,40.0,581.0,1.0419969775390627,False,PUT,2026-02-20,AG
AG260220P00021500,21.5,1.16,0.99,1.25,10.0,132.0,1.0429735351562504,False,PUT,2026-02-20,AG
AG260220P00022000,22.0,1.26,1.21,1.4,195.0,1291.0,1.0459032080078128,False,PUT,2026-02-20,AG
AG260220P00022500,22.5,0.92,1.41,1.63,2.0,57.0,1.0546922265625,False,PUT,2026-02-20,AG
AG260220P00023000,23.0,1.72,1.67,1.78,468.0,1214.0,1.0512742749023438,False,PUT,2026-02-20,AG
AG260220P00023500,23.5,2.08,1.84,2.05,31.0,313.0,1.0478563232421876,False,PUT,2026-02-20,AG
AG260220P00024000,24.0,2.18,2.19,2.25,751.0,1032.0,1.0600632934570315,False,PUT,2026-02-20,AG
AG260220P00024500,24.5,2.5,2.34,2.57,9.0,203.0,1.049321159667969,False,PUT,2026-02-20,AG
AG260220P00025000,25.0,2.7,2.69,2.78,83.0,828.0,1.05078599609375,True,PUT,2026-02-20,AG
AG260220P00025500,25.5,3.05,2.78,3.15,34.0,157.0,1.0263720556640625,True,PUT,2026-02-20,AG
AG260220P00026000,26.0,3.34,3.2,3.45,464.0,582.0,1.0488328808593752,True,PUT,2026-02-20,AG
AG260220P00027000,27.0,3.98,3.8,4.1,6.0,143.0,1.0371141894531253,True,PUT,2026-02-20,AG
AG260220P00028000,28.0,4.71,4.5,4.8,11.0,74.0,1.0361376318359379,True,PUT,2026-02-20,AG
AG260220P00029000,29.0,5.45,5.25,5.55,6.0,128.0,1.0366259106445317,True,PUT,2026-02-20,AG
AG260220P00030000,30.0,5.45,6.05,6.45,25.0,168.0,1.0664109179687502,True,PUT,2026-02-20,AG
AG260220P00031000,31.0,6.3,6.85,7.2,1.0,4.0,1.0429735351562504,True,PUT,2026-02-20,AG
AG260220P00032000,32.0,6.8,6.75,9.0,10.0,47.0,1.0410204199218753,True,PUT,2026-02-20,AG
AG260227C00017500,17.5,10.32,6.7,8.55,10.0,84.0,1.0371141894531253,True,CALL,2026-02-27,AG
AG260227C00018000,18.0,8.29,6.3,7.9,3.0,376.0,0.9531254687499999,True,CALL,2026-02-27,AG
AG260227C00018500,18.5,6.79,5.85,7.7,2.0,31.0,1.0185595947265624,True,CALL,2026-02-27,AG
AG260227C00019000,19.0,7.21,5.55,7.3,5.0,11.0,1.0459032080078128,True,CALL,2026-02-27,AG
AG260227C00019500,19.5,8.5,5.2,6.9,7.0,24.0,1.0468797656250002,True,CALL,2026-02-27,AG
AG260227C00020000,20.0,6.27,5.6,6.05,21.0,416.0,1.1171919140625,True,CALL,2026-02-27,AG
AG260227C00020500,20.5,7.15,4.55,6.2,1.0,60.0,1.0649460815429688,True,CALL,2026-02-27,AG
AG260227C00021000,21.0,5.05,4.85,5.45,5.0,519.0,1.112797404785156,True,CALL,2026-02-27,AG
AG260227C00021500,21.5,4.44,3.9,5.15,8.0,90.0,0.9790041162109376,True,CALL,2026-02-27,AG
AG260227C00022000,22.0,4.45,4.35,4.75,20.0,1122.0,1.1171919140625,True,CALL,2026-02-27,AG
AG260227C00022500,22.5,4.91,4.1,4.55,12.0,363.0,1.140629296875,True,CALL,2026-02-27,AG
AG260227C00023000,23.0,3.3,3.8,4.25,2.0,83.0,1.12891060546875,True,CALL,2026-02-27,AG
AG260227C00024000,24.0,3.4,3.4,3.45,99.0,249.0,1.091801416015625,True,CALL,2026-02-27,AG
AG260227C00025000,25.0,2.98,3.0,3.3,64.0,586.0,1.1547893823242186,False,CALL,2026-02-27,AG
AG260227C00026000,26.0,2.77,2.63,2.93,86.0,587.0,1.1650432373046877,False,CALL,2026-02-27,AG
AG260227C00027000,27.0,2.3,2.26,2.48,149.0,463.0,1.1460003637695313,False,CALL,2026-02-27,AG
AG260227C00030000,30.0,1.59,1.47,1.62,256.0,1358.0,1.1494183154296875,False,CALL,2026-02-27,AG
AG260227P00017500,17.5,0.5,0.0,1.22,1.0,11.0,1.2197304638671875,False,PUT,2026-02-27,AG
AG260227P00018000,18.0,0.34,0.26,0.75,3.0,977.0,1.076176494140625,False,PUT,2026-02-27,AG
AG260227P00018500,18.5,0.47,0.47,0.95,10.0,38.0,1.140629296875,False,PUT,2026-02-27,AG
AG260227P00019000,19.0,0.69,0.59,0.88,2.0,87.0,1.0849655126953124,False,PUT,2026-02-27,AG
AG260227P00019500,19.5,0.63,0.26,1.99,9.0,86.0,1.2216835791015623,False,PUT,2026-02-27,AG
AG260227P00020000,20.0,0.89,0.8,0.89,63.0,265.0,1.001958115234375,False,PUT,2026-02-27,AG
AG260227P00020500,20.5,1.05,0.98,1.07,5.0,625.0,1.01953615234375,False,PUT,2026-02-27,AG
AG260227P00021000,21.0,1.16,1.12,1.23,11.0,57.0,1.0141650854492186,False,PUT,2026-02-27,AG
AG260227P00021500,21.5,1.14,1.26,1.4,1.0,7.0,1.0048877880859375,False,PUT,2026-02-27,AG
AG260227P00022000,22.0,1.54,1.49,1.64,18.0,39.0,1.0234423828125,False,PUT,2026-02-27,AG
AG260227P00022500,22.5,1.91,1.71,1.86,2.0,233.0,1.0283251708984378,False,PUT,2026-02-27,AG
AG260227P00023000,23.0,2.05,1.89,2.01,31.0,235.0,1.0068409033203123,False,PUT,2026-02-27,AG
AG260227P00024000,24.0,2.86,2.4,2.56,328.0,476.0,1.0229541040039063,False,PUT,2026-02-27,AG
AG260227P00025000,25.0,3.4,2.93,3.15,12.0,156.0,1.0283251708984378,True,PUT,2026-02-27,AG
AG260227P00026000,26.0,3.8,3.5,3.7,177.0,72.0,1.0151416430664062,True,PUT,2026-02-27,AG
AG260227P00027000,27.0,4.45,4.2,4.45,20.0,84.0,1.0429735351562504,True,PUT,2026-02-27,AG
AG260227P00030000,30.0,7.28,6.25,6.6,,20.0,1.0053760668945313,True,PUT,2026-02-27,AG
AG260306C00021500,21.5,5.95,4.1,5.85,2.0,5.0,1.0542039477539062,True,CALL,2026-03-06,AG
AG260306C00022000,22.0,6.98,3.85,5.1,1.0,2.0,0.9785158398437501,True,CALL,2026-03-06,AG
AG260306C00022500,22.5,4.0,4.3,4.75,,1.0,1.0976607617187502,True,CALL,2026-03-06,AG
AG260306C00023500,23.5,3.77,3.75,4.25,1.0,13.0,1.09375453125,True,CALL,2026-03-06,AG
AG260306C00024000,24.0,3.64,3.45,4.0,6.0,16.0,1.08203583984375,True,CALL,2026-03-06,AG
AG260306C00025000,25.0,3.25,3.25,3.6,47.0,228.0,1.1279340478515625,False,CALL,2026-03-06,AG
AG260306C00025500,25.5,3.05,2.86,3.35,5.0,42.0,1.0908248583984377,False,CALL,2026-03-06,AG
AG260306C00026000,26.0,2.84,2.77,3.15,33.0,1062.0,1.1064497802734377,False,CALL,2026-03-06,AG
AG260306C00026500,26.5,3.55,2.4,2.95,20.0,31.0,1.0742233789062503,False,CALL,2026-03-06,AG
AG260306C00027000,27.0,2.46,2.23,2.94,23.0,192.0,1.1005904345703126,False,CALL,2026-03-06,AG
AG260306C00027500,27.5,3.0,2.1,2.64,16.0,48.0,1.083988955078125,False,CALL,2026-03-06,AG
AG260306C00030000,30.0,1.7,1.59,2.01,18.0,914.0,1.1220747021484376,False,CALL,2026-03-06,AG
AG260306P00018000,18.0,0.6,0.42,0.76,13.0,35.0,1.021489267578125,False,PUT,2026-03-06,AG
AG260306P00019000,19.0,0.78,0.64,0.84,35.0,11.0,0.9794923925781251,False,PUT,2026-03-06,AG
AG260306P00020000,20.0,0.8,0.5,1.32,2.0,5.0,0.9326178613281251,False,PUT,2026-03-06,AG
AG260306P00022000,22.0,1.82,1.6,1.99,6.0,61.0,1.0058643457031249,False,PUT,2026-03-06,AG
AG260306P00022500,22.5,2.07,1.8,2.24,4.0,32.0,1.009770576171875,False,PUT,2026-03-06,AG
AG260306P00023000,23.0,2.2,2.03,2.4,2.0,24.0,0.9975586181640624,False,PUT,2026-03-06,AG
AG260306P00025500,25.5,5.75,3.3,3.8,1.0,1.0,0.9956055126953125,True,PUT,2026-03-06,AG
AG260320C00018000,18.0,7.64,7.45,8.15,10.0,41.0,1.0859420703125,True,CALL,2026-03-20,AG
AG260320C00019000,19.0,6.93,7.05,7.4,8.0,195.0,1.1328168359375002,True,CALL,2026-03-20,AG
AG260320C00020000,20.0,6.35,6.4,6.65,109.0,682.0,1.111332568359375,True,CALL,2026-03-20,AG
AG260320C00021000,21.0,5.65,5.8,6.05,9.0,3069.0,1.1103560107421875,True,CALL,2026-03-20,AG
AG260320C00022000,22.0,5.3,5.1,5.45,38.0,1077.0,1.080571003417969,True,CALL,2026-03-20,AG
AG260320C00023000,23.0,4.62,4.5,4.95,109.0,5341.0,1.0698288696289064,True,CALL,2026-03-20,AG
AG260320C00024000,24.0,4.15,4.15,4.35,386.0,1518.0,1.0693405908203126,True,CALL,2026-03-20,AG
AG260320C00025000,25.0,3.95,3.8,4.0,1664.0,2264.0,1.0913131372070315,False,CALL,2026-03-20,AG
AG260320C00026000,26.0,3.45,3.35,3.55,582.0,4063.0,1.0751999365234377,False,CALL,2026-03-20,AG
AG260320C00027000,27.0,3.1,3.05,3.3,743.0,1863.0,1.0971724829101563,False,CALL,2026-03-20,AG
AG260320C00028000,28.0,2.84,2.72,3.0,2419.0,2322.0,1.0991255981445316,False,CALL,2026-03-20,AG
AG260320C00029000,29.0,2.49,2.49,2.77,151.0,423.0,1.1162153564453123,False,CALL,2026-03-20,AG
AG260320C00030000,30.0,2.4,2.24,2.52,1567.0,3046.0,1.1206098657226562,False,CALL,2026-03-20,AG
AG260320C00031000,31.0,1.9,2.0,2.22,10.0,618.0,1.111820847167969,False,CALL,2026-03-20,AG
AG260320P00018000,18.0,0.79,0.77,0.91,8.0,223.0,0.993164130859375,False,PUT,2026-03-20,AG
AG260320P00019000,19.0,1.08,1.04,1.13,3.0,348.0,0.981445498046875,False,PUT,2026-03-20,AG
AG260320P00020000,20.0,1.43,1.24,1.43,73.0,1084.0,0.9555668505859375,False,PUT,2026-03-20,AG
AG260320P00021000,21.0,1.77,1.69,1.78,249.0,1270.0,0.9677737597656251,False,PUT,2026-03-20,AG
AG260320P00022000,22.0,2.14,2.09,2.2,45.0,501.0,0.9653323779296875,False,PUT,2026-03-20,AG
AG260320P00023000,23.0,3.0,2.54,2.68,25.0,196.0,0.9648441015625,False,PUT,2026-03-20,AG
AG260320P00024000,24.0,3.22,3.05,3.25,85.0,210.0,0.9721682470703125,False,PUT,2026-03-20,AG
AG260320P00025000,25.0,3.82,3.65,3.85,42.0,698.0,0.9829103271484375,True,PUT,2026-03-20,AG
AG260320P00026000,26.0,4.5,4.2,4.4,382.0,1019.0,0.9682620361328125,True,PUT,2026-03-20,AG
AG260320P00027000,27.0,5.15,4.9,5.1,290.0,1270.0,0.983398603515625,True,PUT,2026-03-20,AG
AG260320P00028000,28.0,5.96,5.55,5.75,4.0,840.0,0.9750979052734375,True,PUT,2026-03-20,AG
AG260320P00029000,29.0,6.81,6.25,6.5,1.0,232.0,0.9780275634765626,True,PUT,2026-03-20,AG
AG260320P00030000,30.0,6.75,7.05,7.25,326.0,383.0,0.9863282617187501,True,PUT,2026-03-20,AG
AG260417C00018000,18.0,8.35,7.9,8.6,53.0,8601.0,1.0253954980468751,True,CALL,2026-04-17,AG
AG260417C00019000,19.0,7.6,7.25,7.9,55.0,2624.0,1.0166064794921876,True,CALL,2026-04-17,AG
AG260417C00020000,20.0,7.15,6.9,7.25,766.0,24284.0,1.045414929199219,True,CALL,2026-04-17,AG
AG260417C00021000,21.0,6.05,6.2,6.6,16.0,2546.0,1.0151416430664062,True,CALL,2026-04-17,AG
AG260417C00022000,22.0,6.0,5.75,6.15,34.0,5472.0,1.0336962377929688,True,CALL,2026-04-17,AG
AG260417C00023000,23.0,5.45,5.1,5.65,52.0,2395.0,1.0122119702148438,True,CALL,2026-04-17,AG
AG260417C00024000,24.0,4.88,4.85,5.05,286.0,3322.0,1.0180713159179686,True,CALL,2026-04-17,AG
AG260417C00025000,25.0,4.65,4.45,4.7,2469.0,13045.0,1.0268603344726563,False,CALL,2026-04-17,AG
AG260417C00026000,26.0,4.1,4.1,4.4,678.0,3106.0,1.0393114440917972,False,CALL,2026-04-17,AG
AG260417C00027000,27.0,3.8,3.7,3.95,314.0,8157.0,1.0231982434082032,False,CALL,2026-04-17,AG
AG260417C00028000,28.0,3.45,3.5,3.8,174.0,3409.0,1.0554246447753908,False,CALL,2026-04-17,AG
AG260417C00029000,29.0,3.34,3.15,3.5,455.0,21209.0,1.049321159667969,False,CALL,2026-04-17,AG
AG260417C00030000,30.0,3.15,2.97,3.25,691.0,17903.0,1.0620164086914063,False,CALL,2026-04-17,AG
AG260417C00031000,31.0,3.2,2.68,3.15,18.0,1439.0,1.0747116577148441,False,CALL,2026-04-17,AG
AG260417C00032000,32.0,2.58,2.52,2.74,25.0,1940.0,1.062992966308594,False,CALL,2026-04-17,AG
AG260417P00018000,18.0,1.1,1.1,1.33,3.0,613.0,0.93164130859375,False,PUT,2026-04-17,AG
AG260417P00019000,19.0,1.11,1.43,1.56,3.0,401.0,0.9179695703125,False,PUT,2026-04-17,AG
AG260417P00020000,20.0,1.88,1.77,1.94,2065.0,1781.0,0.9169930175781251,False,PUT,2026-04-17,AG
AG260417P00021000,21.0,2.34,2.21,2.33,23.0,740.0,0.9179695703125,False,PUT,2026-04-17,AG
AG260417P00022000,22.0,2.8,2.72,2.82,268.0,1004.0,0.929688203125,False,PUT,2026-04-17,AG
AG260417P00023000,23.0,3.15,3.1,3.35,8.0,470.0,0.9194343994140625,False,PUT,2026-04-17,AG
AG260417P00024000,24.0,3.89,3.65,3.85,130.0,344.0,0.9169930175781251,False,PUT,2026-04-17,AG
AG260417P00025000,25.0,4.45,4.25,4.45,193.0,853.0,0.9223640576171875,True,PUT,2026-04-17,AG
AG260417P00026000,26.0,5.1,4.9,5.1,183.0,1509.0,0.930664755859375,True,PUT,2026-04-17,AG
AG260417P00027000,27.0,5.79,5.5,5.8,4.0,363.0,0.93164130859375,True,PUT,2026-04-17,AG
AG260417P00028000,28.0,6.75,6.2,6.45,1.0,579.0,0.9313971704101562,True,PUT,2026-04-17,AG
AG260417P00029000,29.0,7.0,6.95,7.15,14.0,369.0,0.9355475195312499,True,PUT,2026-04-17,AG
AG260417P00030000,30.0,7.07,7.7,8.0,100.0,184.0,0.9506840869140624,True,PUT,2026-04-17,AG
AG260717C00018000,18.0,9.36,9.35,9.75,81.0,999.0,0.9787599780273439,True,CALL,2026-07-17,AG
AG260717C00019000,19.0,8.8,8.4,9.35,38.0,767.0,0.9526371923828124,True,CALL,2026-07-17,AG
AG260717C00020000,20.0,8.55,8.45,8.75,129.0,3043.0,0.9970703417968749,True,CALL,2026-07-17,AG
AG260717C00021000,21.0,7.6,7.05,8.4,7.0,339.0,0.9267585449218749,True,CALL,2026-07-17,AG
AG260717C00022000,22.0,7.5,7.3,7.7,250.0,8478.0,0.96679720703125,True,CALL,2026-07-17,AG
AG260717C00023000,23.0,7.2,6.4,7.35,218.0,478.0,0.9340826904296875,True,CALL,2026-07-17,AG
AG260717C00024000,24.0,6.65,6.4,6.95,304.0,829.0,0.9670413452148439,True,CALL,2026-07-17,AG
AG260717C00025000,25.0,6.3,6.15,6.4,2782.0,11820.0,0.9633792724609375,False,CALL,2026-07-17,AG
AG260717C00026000,26.0,5.9,5.7,6.05,646.0,1229.0,0.956055126953125,False,CALL,2026-07-17,AG
AG260717C00027000,27.0,5.5,5.5,5.85,142.0,1304.0,0.9763185961914063,False,CALL,2026-07-17,AG
AG260717C00028000,28.0,5.19,5.2,5.55,57.0,595.0,0.9780275634765626,False,CALL,2026-07-17,AG
AG260717C00029000,29.0,4.7,4.5,5.8,2.0,567.0,0.9880372290039063,False,CALL,2026-07-17,AG
AG260717C00030000,30.0,4.87,4.75,4.95,1505.0,6598.0,0.98437515625,False,CALL,2026-07-17,AG
AG260717C00031000,31.0,5.15,3.95,5.2,7.0,225.0,0.9819337744140625,False,CALL,2026-07-17,AG
AG260717C00032000,32.0,4.98,4.2,4.8,51.0,873.0,1.0068409033203123,False,CALL,2026-07-17,AG
AG260717P00018000,18.0,2.43,2.25,2.55,32.0,217.0,0.8928233374023438,False,PUT,2026-07-17,AG
AG260717P00019000,19.0,2.46,2.54,3.1,7.0,303.0,0.8906260937499999,False,PUT,2026-07-17,AG
AG260717P00020000,20.0,3.2,3.05,3.55,65.0,324.0,0.8933116137695312,False,PUT,2026-07-17,AG
AG260717P00021000,21.0,3.7,3.55,3.85,5.0,115.0,0.875977802734375,False,PUT,2026-07-17,AG
AG260717P00022000,22.0,4.3,4.1,4.35,190.0,204.0,0.875977802734375,False,PUT,2026-07-17,AG
AG260717P00023000,23.0,4.8,4.6,4.85,166.0,50.0,0.8669446899414062,False,PUT,2026-07-17,AG
AG260717P00024000,24.0,5.43,5.2,5.4,24.0,280.0,0.8657239990234374,False,PUT,2026-07-17,AG
AG260717P00025000,25.0,5.88,5.85,6.05,712.0,151.0,0.8718274536132812,True,PUT,2026-07-17,AG
AG260717P00026000,26.0,6.45,6.4,6.7,214.0,2498.0,0.8664564135742188,True,PUT,2026-07-17,AG
AG260717P00027000,27.0,7.0,6.2,7.95,158.0,261.0,0.8461929443359374,True,PUT,2026-07-17,AG
AG260717P00029000,29.0,8.33,8.25,9.45,2.0,4.0,0.90429783203125,True,PUT,2026-07-17,AG
AG260717P00030000,30.0,9.5,9.2,9.75,95.0,99.0,0.8896495410156249,True,PUT,2026-07-17,AG
AG260717P00031000,31.0,9.99,9.85,11.05,1.0,2.0,0.9243171630859376,True,PUT,2026-07-17,AG
AG260717P00032000,32.0,10.9,10.4,11.75,1.0,35.0,0.9045419702148438,True,PUT,2026-07-17,AG
AG261218C00020000,20.0,9.75,10.05,10.45,59.0,1956.0,0.9433599414062499,True,CALL,2026-12-18,AG
AG261218C00022000,22.0,9.29,8.95,9.7,21.0,1614.0,0.9270026831054687,True,CALL,2026-12-18,AG
AG261218C00025000,25.0,8.19,7.9,8.35,206.0,3266.0,0.9104012866210938,False,CALL,2026-12-18,AG
AG261218C00027000,27.0,7.86,7.25,8.3,11.0,184.0,0.9418951123046875,False,CALL,2026-12-18,AG
AG261218C00030000,30.0,6.6,6.65,7.0,135.0,1457.0,0.92773509765625,False,CALL,2026-12-18,AG
AG261218C00032000,32.0,6.25,5.7,6.85,12.0,121.0,0.920899228515625,False,CALL,2026-12-18,AG
AG261218P00020000,20.0,4.5,4.15,4.95,283.0,489.0,0.8137225659179688,False,PUT,2026-12-18,AG
AG261218P00022000,22.0,5.4,5.25,6.2,238.0,269.0,0.8188494677734374,False,PUT,2026-12-18,AG
AG261218P00025000,25.0,7.7,7.05,7.7,43.0,545.0,0.7929708203125,True,PUT,2026-12-18,AG
AG261218P00027000,27.0,8.8,8.35,9.9,606.0,707.0,0.8388687988281249,True,PUT,2026-12-18,AG
AG261218P00030000,30.0,10.7,10.5,12.05,2.0,23.0,0.838746729736328,True,PUT,2026-12-18,AG
AG270115C00020000,20.0,10.45,10.05,10.75,87.0,6718.0,0.9248054394531251,True,CALL,2027-01-15,AG
AG270115C00022000,22.0,9.58,9.4,10.0,44.0,7271.0,0.9350592431640624,True,CALL,2027-01-15,AG
AG270115C00025000,25.0,8.65,8.45,8.95,622.0,9289.0,0.9387213159179688,False,CALL,2027-01-15,AG
AG270115C00027000,27.0,8.05,7.85,8.35,45.0,2347.0,0.93945373046875,False,CALL,2027-01-15,AG
AG270115C00030000,30.0,7.4,6.95,7.75,229.0,7228.0,0.9456792541503907,False,CALL,2027-01-15,AG
AG270115C00032000,32.0,6.8,6.0,7.75,12.0,327.0,0.9461675305175781,False,CALL,2027-01-15,AG
AG270115P00020000,20.0,4.39,4.45,5.05,3.0,347.0,0.8063984204101562,False,PUT,2027-01-15,AG
AG270115P00022000,22.0,6.1,5.4,6.4,1.0,667.0,0.8063984204101562,False,PUT,2027-01-15,AG
AG270115P00025000,25.0,8.1,7.4,8.05,5.0,544.0,0.7995625512695312,True,PUT,2027-01-15,AG
AG270115P00030000,30.0,11.55,10.85,12.3,9.0,76.0,0.8361832788085937,True,PUT,2027-01-15,AG
AG280121C00020000,20.0,13.03,12.5,13.2,148.0,3028.0,0.8764660791015625,True,CALL,2028-01-21,AG
AG280121C00022000,22.0,12.3,11.85,12.8,10.0,1400.0,0.8859874682617187,True,CALL,2028-01-21,AG
AG280121C00025000,25.0,11.24,10.95,11.75,182.0,5967.0,0.8745129736328124,False,CALL,2028-01-21,AG
AG280121C00027000,27.0,11.09,10.5,11.3,36.0,726.0,0.8796398754882812,False,CALL,2028-01-21,AG
AG280121C00030000,30.0,10.4,10.0,10.65,103.0,1025.0,0.8892833337402342,False,CALL,2028-01-21,AG
AG280121C00032000,32.0,9.65,9.45,11.1,14.0,142.0,0.9185799157714845,False,CALL,2028-01-21,AG
AG280121P00020000,20.0,6.6,6.45,7.15,1.0,262.0,0.7504907763671875,False,PUT,2028-01-21,AG
AG280121P00022000,22.0,7.87,7.2,8.45,2.0,115.0,0.7271755798339843,False,PUT,2028-01-21,AG
AG280121P00025000,25.0,10.03,9.7,11.0,86.0,167.0,0.7678245874023439,True,PUT,2028-01-21,AG
AG280121P00027000,27.0,11.12,10.4,11.95,5.0,16.0,0.7188748815917969,True,PUT,2028-01-21,AG
AG280121P00030000,30.0,13.5,12.45,14.6,10.0,45.0,0.7286404089355469,True,PUT,2028-01-21,AG
AGNC260130C00008500,8.5,3.27,3.3,3.5,20.0,5.0,3.031252421875,True,CALL,2026-01-30,AGNC
AGNC260130C00009500,9.5,2.52,2.0,3.1,2.0,2.0,2.5781285546875,True,CALL,2026-01-30,AGNC
AGNC260130C00010000,10.0,1.74,1.74,2.1,75.0,34.0,2.4140664648437498,True,CALL,2026-01-30,AGNC
AGNC260130C00010500,10.5,1.61,1.26,1.61,2235.0,1281.0,0.500005,True,CALL,2026-01-30,AGNC
AGNC260130C00011000,11.0,0.96,0.8,1.08,4869.0,2844.0,0.5625043750000001,True,CALL,2026-01-30,AGNC
AGNC260130C00011500,11.5,0.38,0.35,0.41,7787.0,4272.0,1.0000000000000003e-05,True,CALL,2026-01-30,AGNC
AGNC260130C00012000,12.0,0.03,0.02,0.03,1475.0,14618.0,0.1601646484375,False,CALL,2026-01-30,AGNC
AGNC260130C00012500,12.5,0.01,0.0,0.01,8.0,3911.0,0.4062559375,False,CALL,2026-01-30,AGNC
AGNC260130C00013000,13.0,0.01,0.0,0.01,1.0,556.0,0.5937540625000001,False,CALL,2026-01-30,AGNC
AGNC260130C00013500,13.5,0.03,0.0,0.01,1.0,2.0,0.8125018749999999,False,CALL,2026-01-30,AGNC
AGNC260130C00014000,14.0,0.01,0.0,0.01,50.0,77.0,0.9687503125,False,CALL,2026-01-30,AGNC
AGNC260130P00008500,8.5,0.01,0.0,0.01,100.0,160.0,1.9375003125,False,PUT,2026-01-30,AGNC
AGNC260130P00009000,9.0,0.02,0.0,0.01,50.0,117.0,1.6875015625,False,PUT,2026-01-30,AGNC
AGNC260130P00009500,9.5,0.01,0.0,0.01,30.0,57.0,1.3750031249999999,False,PUT,2026-01-30,AGNC
AGNC260130P00010000,10.0,0.01,0.0,0.01,9.0,3181.0,1.125004375,False,PUT,2026-01-30,AGNC
AGNC260130P00010500,10.5,0.01,0.0,0.01,5.0,3571.0,0.8125018749999999,False,PUT,2026-01-30,AGNC
AGNC260130P00011000,11.0,0.01,0.0,0.01,103.0,2447.0,0.5625043750000001,False,PUT,2026-01-30,AGNC
AGNC260130P00011500,11.5,0.02,0.02,0.04,124.0,3970.0,0.51562984375,False,PUT,2026-01-30,AGNC
AGNC260130P00012000,12.0,0.3,0.24,0.32,70.0,2523.0,0.6953155468750001,True,PUT,2026-01-30,AGNC
AGNC260130P00012500,12.5,0.73,0.42,0.97,7.0,31.0,0.945313046875,True,PUT,2026-01-30,AGNC
AGNC260130P00013000,13.0,0.83,0.83,1.39,2.0,3.0,0.937500625,True,PUT,2026-01-30,AGNC
AGNC260130P00013500,13.5,1.83,1.15,1.9,,1.0,2.4335976660156247,True,PUT,2026-01-30,AGNC
AGNC260130P00014000,14.0,2.19,1.65,2.39,2.0,3.0,2.750003125,True,PUT,2026-01-30,AGNC
AGNC260130P00015500,15.5,3.85,2.95,4.1,1.0,2.0,4.429691962890624,True,PUT,2026-01-30,AGNC
AGNC260206C00010000,10.0,1.72,1.72,2.14,50.0,27.0,1.23047259765625,True,CALL,2026-02-06,AGNC
AGNC260206C00010500,10.5,1.35,1.31,1.51,310.0,165.0,0.70312796875,True,CALL,2026-02-06,AGNC
AGNC260206C00011000,11.0,0.93,0.84,1.0,894.0,495.0,0.48828636718750007,True,CALL,2026-02-06,AGNC
AGNC260206C00011500,11.5,0.38,0.35,0.41,19.0,2217.0,1.0000000000000003e-05,True,CALL,2026-02-06,AGNC
AGNC260206C00012000,12.0,0.08,0.08,0.11,338.0,3845.0,0.187508125,False,CALL,2026-02-06,AGNC
AGNC260206C00012500,12.5,0.01,0.01,0.02,27.0,498.0,0.22657023437499998,False,CALL,2026-02-06,AGNC
AGNC260206C00013000,13.0,0.01,0.0,0.01,11.0,219.0,0.31250687499999996,False,CALL,2026-02-06,AGNC
AGNC260206C00013500,13.5,0.01,0.0,0.03,,1.0,0.523442265625,False,CALL,2026-02-06,AGNC
AGNC260206C00014500,14.5,0.01,0.0,0.02,7.0,8.0,0.6093789062500001,False,CALL,2026-02-06,AGNC
AGNC260206P00009000,9.0,0.02,0.0,0.75,20.0,21.0,2.113285966796875,False,PUT,2026-02-06,AGNC
AGNC260206P00010000,10.0,0.01,0.0,0.1,54.0,87.0,0.804689453125,False,PUT,2026-02-06,AGNC
AGNC260206P00010500,10.5,0.02,0.01,0.03,1415.0,2308.0,0.507817421875,False,PUT,2026-02-06,AGNC
AGNC260206P00011000,11.0,0.04,0.03,0.05,11.0,543.0,0.45313046875,False,PUT,2026-02-06,AGNC
AGNC260206P00011500,11.5,0.08,0.05,0.1,206.0,1197.0,0.35547519531249994,False,PUT,2026-02-06,AGNC
AGNC260206P00012000,12.0,0.31,0.27,0.35,28.0,161.0,0.42188078125,True,PUT,2026-02-06,AGNC
AGNC260206P00012500,12.5,0.78,0.53,0.85,21.0,53.0,0.6796907031250001,True,PUT,2026-02-06,AGNC
AGNC260206P00013000,13.0,1.23,0.65,1.4,1.0,6.0,0.9609378906249999,True,PUT,2026-02-06,AGNC
AGNC260206P00013500,13.5,2.08,1.15,2.08,1.0,2.0,0.5898478515625001,True,PUT,2026-02-06,AGNC
AGNC260206P00014000,14.0,2.3,1.65,2.76,,2.0,0.9492192578124999,True,PUT,2026-02-06,AGNC
AGNC260206P00014500,14.5,2.56,2.01,3.15,1.0,1.0,0.6562534375000001,True,PUT,2026-02-06,AGNC
AGNC260206P00015500,15.5,3.53,2.95,4.15,2.0,5.0,2.1699264501953124,True,PUT,2026-02-06,AGNC
AGNC260213C00010000,10.0,1.93,1.76,2.45,150.0,66.0,0.8632826171875,True,CALL,2026-02-13,AGNC
AGNC260213C00010500,10.5,1.44,1.2,1.71,250.0,75.0,0.851563984375,True,CALL,2026-02-13,AGNC
AGNC260213C00011000,11.0,0.83,0.48,1.45,2.0,55.0,0.9492192578124999,True,CALL,2026-02-13,AGNC
AGNC260213C00011500,11.5,0.42,0.37,0.43,20.0,2004.0,1.0000000000000003e-05,True,CALL,2026-02-13,AGNC
AGNC260213C00012000,12.0,0.12,0.1,0.13,76.0,1082.0,0.1601646484375,False,CALL,2026-02-13,AGNC
AGNC260213C00012500,12.5,0.03,0.02,0.04,5.0,557.0,0.20899228515624996,False,CALL,2026-02-13,AGNC
AGNC260213C00013000,13.0,0.03,0.0,0.08,2.0,41.0,0.39453730468750003,False,CALL,2026-02-13,AGNC
AGNC260213C00015000,15.0,0.02,0.0,0.21,,3.0,0.8359391406249999,False,CALL,2026-02-13,AGNC
AGNC260213P00010000,10.0,0.14,0.0,0.75,4.0,5.0,1.1816447167968749,False,PUT,2026-02-13,AGNC
AGNC260213P00010500,10.5,0.04,0.0,0.04,10.0,466.0,0.445318046875,False,PUT,2026-02-13,AGNC
AGNC260213P00011000,11.0,0.04,0.03,0.08,1.0,3342.0,0.39453730468750003,False,PUT,2026-02-13,AGNC
AGNC260213P00011500,11.5,0.21,0.09,0.14,4.0,336.0,0.31641308593749995,False,PUT,2026-02-13,AGNC
AGNC260213P00012000,12.0,0.34,0.32,0.37,27.0,226.0,0.335944140625,True,PUT,2026-02-13,AGNC
AGNC260213P00013000,13.0,0.97,0.65,1.4,3.0,4.0,0.7226590234375,True,PUT,2026-02-13,AGNC
AGNC260213P00013500,13.5,1.51,1.15,1.88,1.0,16.0,0.8359391406249999,True,PUT,2026-02-13,AGNC
AGNC260213P00015500,15.5,4.26,2.95,4.1,2.0,4.0,1.5664084179687499,True,PUT,2026-02-13,AGNC
AGNC260220C00009000,9.0,1.43,1.43,3.65,50.0,20.0,1.759766826171875,True,CALL,2026-02-20,AGNC
AGNC260220C00010000,10.0,2.12,0.26,2.1,1.0,27.0,0.710940390625,True,CALL,2026-02-20,AGNC
AGNC260220C00010500,10.5,1.72,1.12,1.65,3.0,5.0,0.6367223828125,True,CALL,2026-02-20,AGNC
AGNC260220C00011000,11.0,0.87,0.82,1.04,46.0,8252.0,0.3632876171875,True,CALL,2026-02-20,AGNC
AGNC260220C00011500,11.5,0.43,0.41,0.45,224.0,1115.0,0.1132901171875,True,CALL,2026-02-20,AGNC
AGNC260220C00012000,12.0,0.15,0.1,0.17,1680.0,12502.0,0.16797707031250003,False,CALL,2026-02-20,AGNC
AGNC260220C00012500,12.5,0.04,0.02,0.05,927.0,2617.0,0.187508125,False,CALL,2026-02-20,AGNC
AGNC260220C00013000,13.0,0.02,0.01,0.02,5.0,1022.0,0.22657023437499998,False,CALL,2026-02-20,AGNC
AGNC260220C00015000,15.0,0.01,0.0,0.15,2.0,4.0,0.64062859375,False,CALL,2026-02-20,AGNC
AGNC260220P00009000,9.0,0.01,0.0,0.01,2.0,13316.0,0.500005,False,PUT,2026-02-20,AGNC
AGNC260220P00010000,10.0,0.03,0.0,0.12,1.0,9817.0,0.523442265625,False,PUT,2026-02-20,AGNC
AGNC260220P00010500,10.5,0.03,0.0,0.05,10.0,17.0,0.39063109375,False,PUT,2026-02-20,AGNC
AGNC260220P00011000,11.0,0.05,0.03,0.08,14.0,24002.0,0.32813171874999997,False,PUT,2026-02-20,AGNC
AGNC260220P00011500,11.5,0.15,0.11,0.15,106.0,4515.0,0.273444765625,False,PUT,2026-02-20,AGNC
AGNC260220P00012000,12.0,0.4,0.32,0.39,16.0,630.0,0.29688203124999996,True,PUT,2026-02-20,AGNC
AGNC260220P00013000,13.0,1.07,0.8,1.43,17.0,22.0,0.63086306640625,True,PUT,2026-02-20,AGNC
AGNC260227C00010000,10.0,2.11,0.17,3.9,5.0,5.0,0.5312546875,True,CALL,2026-02-27,AGNC
AGNC260227C00010500,10.5,1.2,1.0,1.66,90.0,116.0,0.56836369140625,True,CALL,2026-02-27,AGNC
AGNC260227C00011000,11.0,0.9,0.72,1.14,21.0,24.0,0.41992767578125,True,CALL,2026-02-27,AGNC
AGNC260227C00011500,11.5,0.42,0.43,0.48,10.0,274.0,0.14063359375,True,CALL,2026-02-27,AGNC
AGNC260227C00012000,12.0,0.2,0.16,0.21,105.0,754.0,0.1757894921875,False,CALL,2026-02-27,AGNC
AGNC260227C00012500,12.5,0.06,0.06,0.09,79.0,334.0,0.20703917968749996,False,CALL,2026-02-27,AGNC
AGNC260227C00013000,13.0,0.02,0.01,0.1,153.0,396.0,0.31055376953124997,False,CALL,2026-02-27,AGNC
AGNC260227P00010500,10.5,0.02,0.02,0.06,5.0,663.0,0.35938140625,False,PUT,2026-02-27,AGNC
AGNC260227P00011000,11.0,0.09,0.06,0.12,74.0,1346.0,0.33399103515625,False,PUT,2026-02-27,AGNC
AGNC260227P00011500,11.5,0.21,0.19,0.23,44.0,1871.0,0.30664755859375,False,PUT,2026-02-27,AGNC
AGNC260227P00012000,12.0,0.39,0.43,0.53,3.0,215.0,0.3632876171875,True,PUT,2026-02-27,AGNC
AGNC260227P00013000,13.0,1.67,0.0,1.67,,5.0,0.7402369726562499,True,PUT,2026-02-27,AGNC
AGNC260306C00011500,11.5,0.63,0.43,0.5,3.0,5.0,0.1445398046875,True,CALL,2026-03-06,AGNC
AGNC260306C00012000,12.0,0.21,0.16,0.23,117.0,147.0,0.17188328125000002,False,CALL,2026-03-06,AGNC
AGNC260306P00010500,10.5,0.03,0.03,0.08,3.0,6.0,0.35352208984374994,False,PUT,2026-03-06,AGNC
AGNC260306P00011000,11.0,0.11,0.09,0.14,1.0,750.0,0.32031929687499994,False,PUT,2026-03-06,AGNC
AGNC260306P00011500,11.5,0.22,0.2,0.27,35.0,665.0,0.305671005859375,False,PUT,2026-03-06,AGNC
AGNC260320C00009000,9.0,2.92,2.63,3.55,1150.0,669.0,0.6601596484375001,True,CALL,2026-03-20,AGNC
AGNC260320C00010000,10.0,1.94,1.76,2.05,10004.0,10768.0,0.42969320312500003,True,CALL,2026-03-20,AGNC
AGNC260320C00011000,11.0,0.89,0.89,0.92,270.0,19564.0,1.0000000000000003e-05,True,CALL,2026-03-20,AGNC
AGNC260320C00012000,12.0,0.24,0.23,0.26,116.0,15782.0,0.16407085937500002,False,CALL,2026-03-20,AGNC
AGNC260320C00013000,13.0,0.05,0.04,0.05,8.0,563.0,0.1914143359375,False,CALL,2026-03-20,AGNC
AGNC260320C00014000,14.0,0.01,0.0,0.03,4.0,7.0,0.26563234375,False,CALL,2026-03-20,AGNC
AGNC260320C00015000,15.0,0.06,0.0,0.25,20.0,20.0,0.6093789062500001,False,CALL,2026-03-20,AGNC
AGNC260320P00009000,9.0,0.03,0.0,0.05,1.0,41587.0,0.48828636718750007,False,PUT,2026-03-20,AGNC
AGNC260320P00010000,10.0,0.06,0.04,0.08,75.0,61067.0,0.38086556640624997,False,PUT,2026-03-20,AGNC
AGNC260320P00011000,11.0,0.14,0.13,0.15,343.0,29395.0,0.27930408203124996,False,PUT,2026-03-20,AGNC
AGNC260320P00012000,12.0,0.53,0.49,0.57,187.0,284.0,0.299811689453125,True,PUT,2026-03-20,AGNC
AGNC260320P00013000,13.0,1.33,1.2,1.48,9.0,511.0,0.45215391601562505,True,PUT,2026-03-20,AGNC
AGNC260320P00014000,14.0,2.1,1.91,4.15,1.0,441.0,0.9433599414062499,True,PUT,2026-03-20,AGNC
AGNC260417C00009000,9.0,2.91,0.96,3.55,1750.0,1014.0,0.8808605664062499,True,CALL,2026-04-17,AGNC
AGNC260417C00010000,10.0,2.02,1.77,2.1,4.0,8919.0,0.38086556640624997,True,CALL,2026-04-17,AGNC
AGNC260417C00011000,11.0,0.92,0.86,0.95,303.0,9248.0,0.10157148437499999,True,CALL,2026-04-17,AGNC
AGNC260417C00012000,12.0,0.27,0.26,0.32,475.0,14492.0,0.157234990234375,False,CALL,2026-04-17,AGNC
AGNC260417C00013000,13.0,0.1,0.06,0.09,104.0,429.0,0.18360191406249998,False,CALL,2026-04-17,AGNC
AGNC260417C00014000,14.0,0.02,0.0,0.05,10.0,2085.0,0.24024197265624997,False,CALL,2026-04-17,AGNC
AGNC260417C00015000,15.0,0.02,0.0,0.07,10.0,91.0,0.3398503515625,False,CALL,2026-04-17,AGNC
AGNC260417P00009000,9.0,0.05,0.0,0.1,9.0,32365.0,0.46484910156250003,False,PUT,2026-04-17,AGNC
AGNC260417P00010000,10.0,0.09,0.06,0.12,8.0,45223.0,0.34570966796874997,False,PUT,2026-04-17,AGNC
AGNC260417P00011000,11.0,0.23,0.22,0.24,65.0,24793.0,0.2802806347656249,False,PUT,2026-04-17,AGNC
AGNC260417P00012000,12.0,0.65,0.6,0.71,25.0,217.0,0.30664755859375,True,PUT,2026-04-17,AGNC
AGNC260417P00013000,13.0,1.28,1.08,1.61,10.0,10.0,0.42969320312500003,True,PUT,2026-04-17,AGNC
AGNC260417P00015000,15.0,3.7,1.65,5.3,1.0,10.0,0.5898478515625001,True,PUT,2026-04-17,AGNC
AGNC260618C00009000,9.0,1.14,1.14,4.9,650.0,371.0,1.2812535937499998,True,CALL,2026-06-18,AGNC
AGNC260618C00010000,10.0,1.94,1.71,2.03,2.0,3111.0,0.23731231445312498,True,CALL,2026-06-18,AGNC
AGNC260618C00011000,11.0,0.97,0.95,1.01,640.0,7593.0,0.12696185546875,True,CALL,2026-06-18,AGNC
AGNC260618C00012000,12.0,0.39,0.37,0.43,97.0,4755.0,0.15479360839843753,False,CALL,2026-06-18,AGNC
AGNC260618C00013000,13.0,0.13,0.13,0.14,4.0,3248.0,0.16211775390625,False,CALL,2026-06-18,AGNC
AGNC260618C00014000,14.0,0.06,0.0,0.07,52.0,198.0,0.195320546875,False,CALL,2026-06-18,AGNC
AGNC260618C00015000,15.0,0.05,0.0,0.04,20.0,30.0,0.22461712890624996,False,CALL,2026-06-18,AGNC
AGNC260618P00009000,9.0,0.07,0.06,0.15,2.0,13340.0,0.389654541015625,False,PUT,2026-06-18,AGNC
AGNC260618P00010000,10.0,0.18,0.14,0.24,69.0,2713.0,0.33008482421874996,False,PUT,2026-06-18,AGNC
AGNC260618P00011000,11.0,0.44,0.38,0.45,617.0,8869.0,0.29492892578124996,False,PUT,2026-06-18,AGNC
AGNC260618P00012000,12.0,0.85,0.81,0.95,100.0,121.0,0.31055376953124997,True,PUT,2026-06-18,AGNC
AGNC260618P00013000,13.0,1.7,1.23,1.79,100.0,50.0,0.38477177734374995,True,PUT,2026-06-18,AGNC
AGNC260618P00014000,14.0,2.79,2.24,2.87,1.0,2.0,0.5127001855468749,True,PUT,2026-06-18,AGNC
AGNC260618P00015000,15.0,3.3,3.15,3.75,1.0,1.0,0.551762294921875,True,PUT,2026-06-18,AGNC
AGNC260918C00009000,9.0,2.58,2.25,3.6,,36.0,0.532231240234375,True,CALL,2026-09-18,AGNC
AGNC260918C00011000,11.0,1.02,0.94,1.09,11.0,1253.0,0.1313563427734375,True,CALL,2026-09-18,AGNC
AGNC260918C00012000,12.0,0.5,0.5,0.53,18.0,920.0,0.14649291015625,False,CALL,2026-09-18,AGNC
AGNC260918C00013000,13.0,0.21,0.19,0.35,141.0,3483.0,0.1928791650390625,False,CALL,2026-09-18,AGNC
AGNC260918C00014000,14.0,0.09,0.07,0.14,20.0,121.0,0.186531572265625,False,CALL,2026-09-18,AGNC
AGNC260918P00009000,9.0,0.06,0.14,0.22,5.0,10.0,0.34180345703125,False,PUT,2026-09-18,AGNC
AGNC260918P00010000,10.0,0.3,0.27,0.41,2.0,305.0,0.3232489550781249,False,PUT,2026-09-18,AGNC
AGNC260918P00011000,11.0,0.67,0.65,0.69,37.0,135.0,0.3007882421875,False,PUT,2026-09-18,AGNC
AGNC260918P00012000,12.0,1.19,1.13,1.26,33.0,44.0,0.3232489550781249,True,PUT,2026-09-18,AGNC
AGNC260918P00013000,13.0,2.0,1.66,2.04,4.0,10.0,0.366217275390625,True,PUT,2026-09-18,AGNC
AGNC261218C00010000,10.0,1.87,1.81,2.08,48.0,3831.0,0.17920742675781248,True,CALL,2026-12-18,AGNC
AGNC261218C00012000,12.0,0.55,0.51,0.58,320.0,11531.0,0.13526255371093754,False,CALL,2026-12-18,AGNC
AGNC261218C00015000,15.0,0.09,0.06,0.09,16.0,3033.0,0.17774259765625,False,CALL,2026-12-18,AGNC
AGNC261218P00010000,10.0,0.5,0.48,0.52,11.0,2469.0,0.30762411132812495,False,PUT,2026-12-18,AGNC
AGNC261218P00012000,12.0,1.26,1.37,1.56,3.0,1224.0,0.34180345703125,True,PUT,2026-12-18,AGNC
AGNC261218P00015000,15.0,3.6,3.6,5.9,3.0,261.0,0.5976602734375001,True,PUT,2026-12-18,AGNC
AGNC270115C00010000,10.0,1.89,1.81,1.97,8.0,11947.0,0.1132901171875,True,CALL,2027-01-15,AGNC
AGNC270115C00012000,12.0,0.57,0.55,0.61,571.0,26926.0,0.1362391064453125,False,CALL,2027-01-15,AGNC
AGNC270115C00015000,15.0,0.07,0.07,0.12,20.0,6556.0,0.18457846679687498,False,CALL,2027-01-15,AGNC
AGNC270115P00010000,10.0,0.54,0.49,0.66,29.0,3637.0,0.33399103515625,False,PUT,2027-01-15,AGNC
AGNC270115P00012000,12.0,1.52,1.45,1.61,23.0,12475.0,0.33838552246093745,True,PUT,2027-01-15,AGNC
AGNC270115P00015000,15.0,3.79,3.7,5.0,1.0,356.0,0.6269568554687501,True,PUT,2027-01-15,AGNC
AGNC280121C00010000,10.0,1.88,1.7,2.0,45.0,4935.0,0.092782509765625,True,CALL,2028-01-21,AGNC
AGNC280121C00012000,12.0,0.74,0.65,0.79,88.0,14299.0,0.12207909179687501,False,CALL,2028-01-21,AGNC
AGNC280121C00015000,15.0,0.25,0.23,0.27,22.0,4529.0,0.16553568847656253,False,CALL,2028-01-21,AGNC
AGNC280121P00010000,10.0,1.22,1.0,1.34,115.0,1152.0,0.35767243896484374,False,PUT,2028-01-21,AGNC
AGNC280121P00012000,12.0,2.22,2.14,2.57,2.0,248.0,0.38281867187499996,True,PUT,2028-01-21,AGNC
AGNC280121P00015000,15.0,4.6,4.4,5.7,6.0,314.0,0.5422409057617189,True,PUT,2028-01-21,AGNC
AI260130C00009500,9.5,2.89,2.57,3.25,3.0,7.0,3.7343756640625,True,CALL,2026-01-30,AI
AI260130C00011500,11.5,0.91,0.81,0.81,9.0,11.0,1.2851598242187499,True,CALL,2026-01-30,AI
AI260130C00012000,12.0,0.3,0.28,0.34,133.0,72.0,0.7226590234375,True,CALL,2026-01-30,AI
AI260130C00012500,12.5,0.08,0.07,0.11,731.0,297.0,0.6562534375000001,False,CALL,2026-01-30,AI
AI260130C00013000,13.0,0.04,0.03,0.04,3443.0,43078.0,0.7656273437500001,False,CALL,2026-01-30,AI
AI260130C00013500,13.5,0.01,0.01,0.02,3627.0,33737.0,0.87500125,False,CALL,2026-01-30,AI
AI260130C00014000,14.0,0.01,0.01,0.02,552.0,18631.0,1.09375453125,False,CALL,2026-01-30,AI
AI260130C00014500,14.5,0.01,0.0,0.02,172.0,3971.0,1.21875390625,False,CALL,2026-01-30,AI
AI260130C00015000,15.0,0.02,0.0,0.01,106.0,2741.0,1.2500037499999999,False,CALL,2026-01-30,AI
AI260130C00015500,15.5,0.06,0.0,0.01,1.0,2336.0,1.4375028125,False,CALL,2026-01-30,AI
AI260130P00010000,10.0,0.04,0.0,0.02,1.0,10.0,1.3125034374999998,False,PUT,2026-01-30,AI
AI260130P00010500,10.5,0.03,0.0,0.02,,1.0,1.0312548437500002,False,PUT,2026-01-30,AI
AI260130P00011000,11.0,0.01,0.0,0.02,23.0,540.0,0.73437765625,False,PUT,2026-01-30,AI
AI260130P00011500,11.5,0.02,0.01,0.03,15.0,192.0,0.51562984375,False,PUT,2026-01-30,AI
AI260130P00012000,12.0,0.11,0.09,0.13,659.0,1099.0,0.49219257812500006,False,PUT,2026-01-30,AI
AI260130P00012500,12.5,0.41,0.36,0.45,121.0,1028.0,0.507817421875,True,PUT,2026-01-30,AI
AI260130P00013000,13.0,0.82,0.76,0.9,94.0,556.0,0.2500075,True,PUT,2026-01-30,AI
AI260130P00013500,13.5,1.28,1.23,1.4,13.0,1120.0,0.500005,True,PUT,2026-01-30,AI
AI260130P00014000,14.0,1.68,1.7,1.93,69.0,373.0,1.2500037499999999,True,PUT,2026-01-30,AI
AI260130P00014500,14.5,2.2,2.02,2.4,3.0,43.0,0.500005,True,PUT,2026-01-30,AI
AI260130P00015000,15.0,2.5,2.5,2.96,2.0,21.0,1.96875015625,True,PUT,2026-01-30,AI
AI260130P00015500,15.5,3.1,3.0,3.6,1.0,7.0,2.99219001953125,True,PUT,2026-01-30,AI
AI260206C00009000,9.0,4.8,2.94,4.4,1.0,1.0,2.58594103515625,True,CALL,2026-02-06,AI
AI260206C00011000,11.0,1.24,1.18,1.83,6.0,56.0,1.1679729101562502,True,CALL,2026-02-06,AI
AI260206C00011500,11.5,1.37,0.78,0.92,1.0,2.0,0.6679720703125002,True,CALL,2026-02-06,AI
AI260206C00012000,12.0,0.53,0.51,0.58,173.0,207.0,0.6543003320312502,True,CALL,2026-02-06,AI
AI260206C00012500,12.5,0.3,0.28,0.34,2247.0,141.0,0.6289099609375001,False,CALL,2026-02-06,AI
AI260206C00013000,13.0,0.17,0.17,0.19,3310.0,1170.0,0.648441015625,False,CALL,2026-02-06,AI
AI260206C00013500,13.5,0.1,0.08,0.11,113.0,1267.0,0.6523472265625001,False,CALL,2026-02-06,AI
AI260206C00014000,14.0,0.06,0.06,0.1,130.0,939.0,0.7500025,False,CALL,2026-02-06,AI
AI260206C00014500,14.5,0.05,0.04,0.05,186.0,430.0,0.7578149218750001,False,CALL,2026-02-06,AI
AI260206C00015000,15.0,0.05,0.02,0.04,145.0,632.0,0.79687703125,False,CALL,2026-02-06,AI
AI260206C00015500,15.5,0.02,0.02,0.08,1.0,229.0,0.992187578125,False,CALL,2026-02-06,AI
AI260206P00010000,10.0,0.02,0.0,0.02,12.0,26.0,0.6250037500000001,False,PUT,2026-02-06,AI
AI260206P00010500,10.5,0.04,0.02,0.18,4.0,46.0,0.8203142968749999,False,PUT,2026-02-06,AI
AI260206P00011000,11.0,0.08,0.06,0.1,20.0,53.0,0.57812921875,False,PUT,2026-02-06,AI
AI260206P00011500,11.5,0.18,0.18,0.19,32.0,286.0,0.5664105859375,False,PUT,2026-02-06,AI
AI260206P00012000,12.0,0.34,0.35,0.38,58.0,220.0,0.5468795312500001,False,PUT,2026-02-06,AI
AI260206P00012500,12.5,0.6,0.62,0.68,90.0,190.0,0.5449264257812501,True,PUT,2026-02-06,AI
AI260206P00013000,13.0,0.97,0.97,1.03,22.0,142.0,0.507817421875,True,PUT,2026-02-06,AI
AI260206P00013500,13.5,1.34,1.33,1.49,16.0,217.0,0.64062859375,True,PUT,2026-02-06,AI
AI260206P00014000,14.0,1.8,1.65,1.97,28.0,44.0,0.726565234375,True,PUT,2026-02-06,AI
AI260206P00014500,14.5,2.05,2.05,2.42,6.0,6.0,0.64062859375,True,PUT,2026-02-06,AI
AI260206P00015000,15.0,2.73,2.54,2.93,2.0,49.0,0.79687703125,True,PUT,2026-02-06,AI
AI260206P00015500,15.5,3.3,3.05,3.55,4.0,4.0,1.2968785156249998,True,PUT,2026-02-06,AI
AI260213C00012000,12.0,0.69,0.65,0.77,14.0,22.0,0.6543003320312502,True,CALL,2026-02-13,AI
AI260213C00012500,12.5,0.48,0.45,0.52,97.0,27.0,0.648441015625,False,CALL,2026-02-13,AI
AI260213C00013000,13.0,0.37,0.27,0.34,114.0,95.0,0.6289099609375001,False,CALL,2026-02-13,AI
AI260213C00013500,13.5,0.17,0.17,0.22,38.0,276.0,0.632816171875,False,CALL,2026-02-13,AI
AI260213C00014000,14.0,0.12,0.12,0.16,25.0,349.0,0.6679720703125002,False,CALL,2026-02-13,AI
AI260213C00014500,14.5,0.1,0.07,0.14,3.0,111.0,0.7070341796875,False,CALL,2026-02-13,AI
AI260213C00015000,15.0,0.1,0.05,0.15,6.0,433.0,0.789064609375,False,CALL,2026-02-13,AI
AI260213C00015500,15.5,0.15,0.0,0.37,26.0,140.0,1.0312548437500002,False,CALL,2026-02-13,AI
AI260213P00010000,10.0,0.1,0.0,0.62,,21.0,1.1328168359375002,False,PUT,2026-02-13,AI
AI260213P00010500,10.5,0.05,0.07,0.14,1.0,111.0,0.6250037500000001,False,PUT,2026-02-13,AI
AI260213P00011000,11.0,0.17,0.14,0.18,5.0,132.0,0.5625043750000001,False,PUT,2026-02-13,AI
AI260213P00011500,11.5,0.29,0.27,0.33,7.0,36.0,0.5566450585937501,False,PUT,2026-02-13,AI
AI260213P00012000,12.0,0.5,0.45,0.52,30.0,181.0,0.5312546875,False,PUT,2026-02-13,AI
AI260213P00012500,12.5,0.75,0.72,0.78,9.0,150.0,0.5117236328125,True,PUT,2026-02-13,AI
AI260213P00013000,13.0,1.04,1.03,1.2,17.0,78.0,0.5273484765625001,True,PUT,2026-02-13,AI
AI260213P00013500,13.5,1.44,1.39,1.64,1.0,43.0,0.5195360546875,True,PUT,2026-02-13,AI
AI260213P00014000,14.0,1.88,1.51,2.08,1.0,40.0,0.7304714453125,True,PUT,2026-02-13,AI
AI260213P00014500,14.5,1.24,1.9,2.7,1.0,2.0,1.0039112304687499,True,PUT,2026-02-13,AI
AI260213P00015000,15.0,2.24,2.4,3.3,3.0,16.0,1.2421912890624998,True,PUT,2026-02-13,AI
AI260213P00015500,15.5,2.86,2.9,3.55,2.0,10.0,0.9726565234375,True,PUT,2026-02-13,AI
AI260220C00009000,9.0,3.73,1.98,4.95,5.0,6.0,1.3437532812499997,True,CALL,2026-02-20,AI
AI260220C00010000,10.0,2.5,2.12,2.91,3.0,29.0,1.0722702636718753,True,CALL,2026-02-20,AI
AI260220C00011000,11.0,2.05,1.15,2.53,2.0,6.0,1.05078599609375,True,CALL,2026-02-20,AI
AI260220C00011500,11.5,1.17,1.05,1.12,40.0,6.0,0.632816171875,True,CALL,2026-02-20,AI
AI260220C00012000,12.0,0.87,0.75,0.83,81.0,26.0,0.6132851171875001,True,CALL,2026-02-20,AI
AI260220C00012500,12.5,0.6,0.52,0.6,115.0,730.0,0.6035195898437502,False,CALL,2026-02-20,AI
AI260220C00013000,13.0,0.42,0.37,0.43,119.0,767.0,0.6113320117187502,False,CALL,2026-02-20,AI
AI260220C00013500,13.5,0.3,0.25,0.31,36.0,287.0,0.6171913281250001,False,CALL,2026-02-20,AI
AI260220C00014000,14.0,0.21,0.17,0.22,76.0,558.0,0.6269568554687501,False,CALL,2026-02-20,AI
AI260220C00014500,14.5,0.15,0.12,0.16,10.0,264.0,0.6425816992187501,False,CALL,2026-02-20,AI
AI260220C00015000,15.0,0.12,0.11,0.12,1823.0,47264.0,0.6816438085937502,False,CALL,2026-02-20,AI
AI260220C00015500,15.5,0.06,0.08,0.15,37.0,133.0,0.7539087109375,False,CALL,2026-02-20,AI
AI260220P00009500,9.5,0.06,0.0,0.17,,1.0,0.7304714453125,False,PUT,2026-02-20,AI
AI260220P00010000,10.0,0.11,0.06,0.11,18.0,1054.0,0.6093789062500001,False,PUT,2026-02-20,AI
AI260220P00010500,10.5,0.09,0.11,0.15,1.0,4.0,0.56055126953125,False,PUT,2026-02-20,AI
AI260220P00011000,11.0,0.26,0.22,0.25,21.0,50.0,0.5546919531250001,False,PUT,2026-02-20,AI
AI260220P00011500,11.5,0.38,0.36,0.42,3.0,37.0,0.5468795312500001,False,PUT,2026-02-20,AI
AI260220P00012000,12.0,0.61,0.55,0.62,36.0,387.0,0.52539537109375,False,PUT,2026-02-20,AI
AI260220P00012500,12.5,0.82,0.8,0.93,111.0,2229.0,0.524418818359375,True,PUT,2026-02-20,AI
AI260220P00013000,13.0,1.2,1.13,1.24,10.0,198.0,0.507817421875,True,PUT,2026-02-20,AI
AI260220P00013500,13.5,1.5,1.5,1.59,10.0,16.0,0.523442265625,True,PUT,2026-02-20,AI
AI260220P00014000,14.0,1.95,1.15,2.06,,15.0,0.5839885351562499,True,PUT,2026-02-20,AI
AI260220P00014500,14.5,1.91,1.53,2.6,1.0,2.0,0.7226590234375,True,PUT,2026-02-20,AI
AI260220P00015000,15.0,2.17,2.1,3.2,8.0,841.0,0.9257819921875,True,PUT,2026-02-20,AI
AI260227C00010000,10.0,3.2,1.45,4.5,1.0,1.0,1.3789093554687497,True,CALL,2026-02-27,AI
AI260227C00011000,11.0,1.84,1.6,1.82,2.0,20.0,0.813478427734375,True,CALL,2026-02-27,AI
AI260227C00012000,12.0,1.07,0.93,1.22,37.0,15.0,0.74414318359375,True,CALL,2026-02-27,AI
AI260227C00012500,12.5,0.87,0.78,1.04,4.0,39.0,0.7832052929687501,False,CALL,2026-02-27,AI
AI260227C00013000,13.0,0.69,0.6,0.67,5.0,83.0,0.7138700488281251,False,CALL,2026-02-27,AI
AI260227C00013500,13.5,0.65,0.41,0.68,6.0,58.0,0.7578149218750001,False,CALL,2026-02-27,AI
AI260227C00014000,14.0,0.37,0.37,0.42,214.0,307.0,0.73437765625,False,CALL,2026-02-27,AI
AI260227C00014500,14.5,0.5,0.29,0.44,145.0,119.0,0.7949239257812499,False,CALL,2026-02-27,AI
AI260227C00015000,15.0,0.26,0.21,0.27,5.0,168.0,0.7500025,False,CALL,2026-02-27,AI
AI260227C00015500,15.5,0.25,0.08,0.21,30.0,102.0,0.70312796875,False,CALL,2026-02-27,AI
AI260227P00010000,10.0,0.18,0.18,0.26,25.0,50.0,0.7226590234375,False,PUT,2026-02-27,AI
AI260227P00010500,10.5,0.3,0.23,0.35,1.0,7.0,0.6718782812500002,False,PUT,2026-02-27,AI
AI260227P00011000,11.0,0.35,0.4,0.59,1.0,20.0,0.71679970703125,False,PUT,2026-02-27,AI
AI260227P00011500,11.5,0.38,0.58,0.72,2.0,20.0,0.6816438085937502,False,PUT,2026-02-27,AI
AI260227P00012000,12.0,0.81,0.74,0.87,5.0,184.0,0.6210975390625001,False,PUT,2026-02-27,AI
AI260227P00012500,12.5,1.09,0.95,1.2,20.0,76.0,0.6123085644531252,True,PUT,2026-02-27,AI
AI260227P00013000,13.0,1.3,1.32,1.51,1.0,42.0,0.624027197265625,True,PUT,2026-02-27,AI
AI260227P00013500,13.5,1.13,1.58,1.89,24.0,60.0,0.58789474609375,True,PUT,2026-02-27,AI
AI260227P00014000,14.0,1.65,2.0,2.26,8.0,42.0,0.5839885351562499,True,PUT,2026-02-27,AI
AI260227P00014500,14.5,2.0,2.34,2.69,11.0,14.0,0.5312546875,True,PUT,2026-02-27,AI
AI260227P00015000,15.0,2.51,2.05,3.85,5.0,39.0,1.361331318359375,True,PUT,2026-02-27,AI
AI260227P00015500,15.5,3.65,1.36,4.3,1.0,3.0,1.40625296875,True,PUT,2026-02-27,AI
AI260306C00011000,11.0,2.22,1.75,2.02,5.0,5.0,0.86132951171875,True,CALL,2026-03-06,AI
AI260306C00013000,13.0,0.89,0.82,0.94,58.0,126.0,0.805666005859375,False,CALL,2026-03-06,AI
AI260306C00014000,14.0,0.65,0.54,0.65,3.0,48.0,0.8095722167968749,False,CALL,2026-03-06,AI
AI260306C00015500,15.5,0.45,0.25,0.73,21.0,30.0,0.9589847851562499,False,CALL,2026-03-06,AI
AI260306P00011000,11.0,0.5,0.51,0.66,1.0,5.0,0.7138700488281251,False,PUT,2026-03-06,AI
AI260306P00011500,11.5,0.5,0.72,0.88,1.0,2.0,0.717776259765625,False,PUT,2026-03-06,AI
AI260306P00012000,12.0,1.01,0.92,1.12,3.0,26.0,0.700198310546875,False,PUT,2026-03-06,AI
AI260306P00013000,13.0,1.5,1.51,1.71,4.0,40.0,0.69336244140625,True,PUT,2026-03-06,AI
AI260306P00013500,13.5,1.38,1.86,2.22,1.0,63.0,0.7490259472656251,True,PUT,2026-03-06,AI
AI260306P00014000,14.0,2.33,2.24,2.47,37.0,1.0,0.7070341796875,True,PUT,2026-03-06,AI
AI260306P00015000,15.0,2.73,1.85,3.25,4.0,7.0,0.7753928710937501,True,PUT,2026-03-06,AI
AI260320C00010000,10.0,2.98,2.36,3.6,2.0,2.0,1.0605515722656251,True,CALL,2026-03-20,AI
AI260320C00012500,12.5,1.21,1.16,1.26,200.0,323.0,0.7666038964843751,False,CALL,2026-03-20,AI
AI260320C00015000,15.0,0.54,0.51,0.57,379.0,1802.0,0.79101771484375,False,CALL,2026-03-20,AI
AI260320P00010000,10.0,0.41,0.34,0.42,1916.0,158.0,0.6914093359375001,False,PUT,2026-03-20,AI
AI260320P00012500,12.5,1.48,1.35,1.5,374.0,690.0,0.6640658593750002,True,PUT,2026-03-20,AI
AI260320P00015000,15.0,3.15,3.1,3.35,12.0,109.0,0.64062859375,True,PUT,2026-03-20,AI
AI260417C00010000,10.0,2.8,2.69,2.94,49.0,317.0,0.7587914746093751,True,CALL,2026-04-17,AI
AI260417C00012500,12.5,1.47,1.38,1.52,82.0,1027.0,0.7226590234375,False,CALL,2026-04-17,AI
AI260417C00015000,15.0,0.74,0.67,0.75,105.0,5229.0,0.7216824707031251,False,CALL,2026-04-17,AI
AI260417P00010000,10.0,0.58,0.48,0.6,7.0,2470.0,0.6562534375000001,False,PUT,2026-04-17,AI
AI260417P00012500,12.5,1.65,1.58,1.76,53.0,2620.0,0.6425816992187501,True,PUT,2026-04-17,AI
AI260417P00015000,15.0,3.35,3.15,3.5,13.0,3752.0,0.5732464550781251,True,PUT,2026-04-17,AI
AI260717C00010000,10.0,3.5,3.3,3.55,40.0,54.0,0.7475611181640626,True,CALL,2026-07-17,AI
AI260717C00012500,12.5,2.15,2.05,2.3,50.0,812.0,0.7148466015625,False,CALL,2026-07-17,AI
AI260717C00015000,15.0,1.4,1.31,1.4,27.0,1993.0,0.6992217578125001,False,CALL,2026-07-17,AI
AI260717P00010000,10.0,1.12,1.05,1.11,30.0,3861.0,0.6567417138671876,False,PUT,2026-07-17,AI
AI260717P00012500,12.5,2.25,2.24,2.42,3.0,662.0,0.639652041015625,True,PUT,2026-07-17,AI
AI260717P00015000,15.0,3.77,3.7,4.1,2.0,7572.0,0.58789474609375,True,PUT,2026-07-17,AI
AI270115C00010000,10.0,4.48,4.15,4.5,27.0,668.0,0.7495142236328125,True,CALL,2027-01-15,AI
AI270115C00012500,12.5,3.2,3.05,3.3,537.0,3109.0,0.7138700488281251,False,CALL,2027-01-15,AI
AI270115C00015000,15.0,2.4,2.26,2.49,27.0,4264.0,0.7026396923828125,False,CALL,2027-01-15,AI
AI270115P00010000,10.0,1.6,1.51,1.8,9.0,2775.0,0.6040078662109377,False,PUT,2027-01-15,AI
AI270115P00012500,12.5,2.99,2.96,3.1,537.0,5973.0,0.594730615234375,True,PUT,2027-01-15,AI
AI270115P00015000,15.0,4.1,4.4,4.9,5.0,6045.0,0.5708050732421875,True,PUT,2027-01-15,AI
AI271217C00010000,10.0,5.5,5.0,6.45,10.0,142.0,0.8005391040039063,True,CALL,2027-12-17,AI
AI271217C00012500,12.5,4.6,4.3,5.4,5.0,310.0,0.7856466748046875,False,CALL,2027-12-17,AI
AI271217C00015000,15.0,3.81,3.7,3.9,37.0,774.0,0.72070591796875,False,CALL,2027-12-17,AI
AI271217P00010000,10.0,2.58,2.47,2.67,5.0,414.0,0.6001016552734376,False,PUT,2027-12-17,AI
AI271217P00012500,12.5,3.9,3.85,4.1,3.0,1713.0,0.5747112841796875,True,PUT,2027-12-17,AI
AI271217P00015000,15.0,5.3,5.1,5.75,10.0,2009.0,0.52539537109375,True,PUT,2027-12-17,AI
AI280121C00010000,10.0,5.6,4.65,6.55,3.0,166.0,0.7573266455078126,True,CALL,2028-01-21,AI
AI280121C00012500,12.5,4.5,4.5,4.6,291.0,494.0,0.7165555688476561,False,CALL,2028-01-21,AI
AI280121C00015000,15.0,4.2,3.8,4.65,4.0,897.0,0.7688011401367189,False,CALL,2028-01-21,AI
AI280121P00010000,10.0,2.35,2.31,2.79,2.0,2087.0,0.5820354296875,False,PUT,2028-01-21,AI
AI280121P00012500,12.5,3.95,1.51,5.05,142.0,2629.0,0.7334011035156249,True,PUT,2028-01-21,AI
AI280121P00015000,15.0,5.75,5.55,5.75,20.0,2494.0,0.5459029785156251,True,PUT,2028-01-21,AI
AMAT260130C00240000,240.0,94.13,97.75,100.65,2.0,2.0,2.665042399902344,True,CALL,2026-01-30,AMAT
AMAT260130C00245000,245.0,92.92,92.75,95.75,2.0,4.0,2.555667673339843,True,CALL,2026-01-30,AMAT
AMAT260130C00250000,250.0,85.66,87.75,90.95,9.0,37.0,2.4677772680664063,True,CALL,2026-01-30,AMAT
AMAT260130C00255000,255.0,79.17,82.75,85.75,1.0,4.0,2.2880902172851565,True,CALL,2026-01-30,AMAT
AMAT260130C00260000,260.0,59.5,77.7,80.8,1.0,65.0,2.1572311694335937,True,CALL,2026-01-30,AMAT
AMAT260130C00265000,265.0,69.89,72.7,75.3,1.0,37.0,1.9130863720703126,True,CALL,2026-01-30,AMAT
AMAT260130C00267500,267.5,55.9,70.2,72.7,1.0,2.0,1.8261727441406248,True,CALL,2026-01-30,AMAT
AMAT260130C00270000,270.0,65.68,67.75,70.35,67.0,58.0,1.8134774951171875,True,CALL,2026-01-30,AMAT
AMAT260130C00272500,272.5,50.05,65.2,67.75,,1.0,1.7177748486328124,True,CALL,2026-01-30,AMAT
AMAT260130C00275000,275.0,66.35,62.75,65.4,1.0,39.0,1.7021499267578126,True,CALL,2026-01-30,AMAT
AMAT260130C00280000,280.0,60.45,57.55,60.25,9.0,71.0,1.5048852880859376,True,CALL,2026-01-30,AMAT
AMAT260130C00282500,282.5,38.73,55.25,57.75,5.0,4.0,1.4892603662109374,True,CALL,2026-01-30,AMAT
AMAT260130C00285000,285.0,53.61,52.7,55.5,1.0,76.0,1.46875265625,True,CALL,2026-01-30,AMAT
AMAT260130C00287500,287.5,53.2,50.25,53.0,2.0,32.0,1.4179716601562502,True,CALL,2026-01-30,AMAT
AMAT260130C00290000,290.0,48.76,47.75,50.25,4.0,703.0,1.3115268798828121,True,CALL,2026-01-30,AMAT
AMAT260130C00292500,292.5,43.29,45.9,47.8,4.0,34.0,1.3686555004882814,True,CALL,2026-01-30,AMAT
AMAT260130C00295000,295.0,43.83,43.4,45.35,3.0,244.0,1.3129917163085936,True,CALL,2026-01-30,AMAT
AMAT260130C00297500,297.5,37.99,40.25,43.5,4.0,6.0,1.2500037499999999,True,CALL,2026-01-30,AMAT
AMAT260130C00300000,300.0,38.72,37.75,40.35,12.0,166.0,1.091801416015625,True,CALL,2026-01-30,AMAT
AMAT260130C00302500,302.5,33.21,35.25,38.15,3.0,73.0,1.076664772949219,True,CALL,2026-01-30,AMAT
AMAT260130C00305000,305.0,33.87,32.85,35.4,5.0,177.0,0.9946289599609376,True,CALL,2026-01-30,AMAT
AMAT260130C00307500,307.5,31.26,30.3,33.2,16.0,14.0,0.96679720703125,True,CALL,2026-01-30,AMAT
AMAT260130C00310000,310.0,29.34,27.9,30.8,24.0,170.0,0.928711650390625,True,CALL,2026-01-30,AMAT
AMAT260130C00312500,312.5,25.7,25.4,28.1,19.0,65.0,0.84179845703125,True,CALL,2026-01-30,AMAT
AMAT260130C00315000,315.0,21.41,22.95,25.45,8.0,113.0,0.7675804492187501,True,CALL,2026-01-30,AMAT
AMAT260130C00317500,317.5,26.32,20.55,23.65,1.0,294.0,0.7846701220703125,True,CALL,2026-01-30,AMAT
AMAT260130C00320000,320.0,19.99,18.55,20.65,94.0,562.0,0.71679970703125,True,CALL,2026-01-30,AMAT
AMAT260130C00322500,322.5,17.5,16.25,18.45,22.0,228.0,0.6884796777343751,True,CALL,2026-01-30,AMAT
AMAT260130C00325000,325.0,14.59,14.0,15.75,45.0,947.0,0.6196327099609377,True,CALL,2026-01-30,AMAT
AMAT260130C00327500,327.5,11.5,12.15,13.55,302.0,981.0,0.6088906298828126,True,CALL,2026-01-30,AMAT
AMAT260130C00330000,330.0,10.95,10.05,11.85,274.0,1438.0,0.5998575170898439,True,CALL,2026-01-30,AMAT
AMAT260130C00332500,332.5,6.39,8.35,10.25,20.0,244.0,0.6035195898437502,True,CALL,2026-01-30,AMAT
AMAT260130C00335000,335.0,7.13,6.65,8.1,496.0,718.0,0.5622602368164062,True,CALL,2026-01-30,AMAT
AMAT260130C00337500,337.5,5.6,5.05,6.35,351.0,582.0,0.5317429638671876,True,CALL,2026-01-30,AMAT
AMAT260130C00340000,340.0,4.22,3.75,4.8,187.0,1413.0,0.5085498364257812,False,CALL,2026-01-30,AMAT
AMAT260130C00342500,342.5,3.22,2.64,3.75,161.0,80.0,0.5003712072753908,False,CALL,2026-01-30,AMAT
AMAT260130C00345000,345.0,2.38,1.85,2.95,280.0,1185.0,0.5026905200195313,False,CALL,2026-01-30,AMAT
AMAT260130C00347500,347.5,1.37,1.15,2.01,84.0,54.0,0.5354050366210938,False,CALL,2026-01-30,AMAT
AMAT260130C00350000,350.0,1.21,1.03,1.36,1839.0,2305.0,0.5192919165039063,False,CALL,2026-01-30,AMAT
AMAT260130C00352500,352.5,0.85,0.68,1.23,36.0,77.0,0.5180712255859375,False,CALL,2026-01-30,AMAT
AMAT260130C00355000,355.0,0.4,0.19,0.57,39.0,2112.0,0.49805189453125004,False,CALL,2026-01-30,AMAT
AMAT260130C00357500,357.5,0.34,0.17,0.36,97.0,900.0,0.4931691308593751,False,CALL,2026-01-30,AMAT
AMAT260130C00360000,360.0,0.34,0.18,0.27,1127.0,1239.0,0.508793974609375,False,CALL,2026-01-30,AMAT
AMAT260130C00365000,365.0,0.11,0.08,0.12,17.0,94.0,0.5039112109375,False,CALL,2026-01-30,AMAT
AMAT260130C00370000,370.0,0.06,0.03,0.19,10.0,251.0,0.586918193359375,False,CALL,2026-01-30,AMAT
AMAT260130C00375000,375.0,0.16,0.03,0.25,5.0,58.0,0.684573466796875,False,CALL,2026-01-30,AMAT
AMAT260130C00377500,377.5,0.32,0.0,0.47,2.0,5.0,0.7841818457031251,False,CALL,2026-01-30,AMAT
AMAT260130C00380000,380.0,0.13,0.0,0.22,4.0,180.0,0.7324245507812499,False,CALL,2026-01-30,AMAT
AMAT260130C00385000,385.0,0.25,0.0,0.25,1.0,69.0,0.8164080859374999,False,CALL,2026-01-30,AMAT
AMAT260130C00390000,390.0,0.11,0.0,0.1,2.0,44.0,0.7851583984375,False,CALL,2026-01-30,AMAT
AMAT260130C00395000,395.0,0.16,0.0,1.6,6.0,5.0,1.3017613037109372,False,CALL,2026-01-30,AMAT
AMAT260130C00400000,400.0,0.09,0.0,0.24,50.0,125.0,1.01172369140625,False,CALL,2026-01-30,AMAT
AMAT260130C00410000,410.0,0.01,0.0,2.13,10.0,10.0,1.632326057128906,False,CALL,2026-01-30,AMAT
AMAT260130C00420000,420.0,0.53,0.0,2.13,,3.0,1.7880869970703124,False,CALL,2026-01-30,AMAT
AMAT260130C00430000,430.0,0.02,0.0,2.12,1.0,37.0,1.935547197265625,False,CALL,2026-01-30,AMAT
AMAT260130P00240000,240.0,0.01,0.0,0.1,48.0,104.0,1.765626171875,False,PUT,2026-01-30,AMAT
AMAT260130P00245000,245.0,0.11,0.0,0.02,1.0,220.0,1.4375028125,False,PUT,2026-01-30,AMAT
AMAT260130P00250000,250.0,0.03,0.0,0.1,14.0,223.0,1.5703146484375,False,PUT,2026-01-30,AMAT
AMAT260130P00255000,255.0,0.01,0.0,0.1,22.0,315.0,1.4765651171875,False,PUT,2026-01-30,AMAT
AMAT260130P00260000,260.0,0.01,0.0,0.09,104.0,557.0,1.37109689453125,False,PUT,2026-01-30,AMAT
AMAT260130P00262500,262.5,0.1,0.01,0.1,1.0,13.0,1.3554719726562499,False,PUT,2026-01-30,AMAT
AMAT260130P00265000,265.0,0.01,0.01,0.05,50.0,285.0,1.2265663671875,False,PUT,2026-01-30,AMAT
AMAT260130P00267500,267.5,0.07,0.0,0.1,2.0,423.0,1.2500037499999999,False,PUT,2026-01-30,AMAT
AMAT260130P00270000,270.0,0.01,0.0,0.04,25.0,798.0,1.09375453125,False,PUT,2026-01-30,AMAT
AMAT260130P00272500,272.5,0.02,0.0,0.04,3.0,89.0,1.0546922265625,False,PUT,2026-01-30,AMAT
AMAT260130P00275000,275.0,0.02,0.01,0.11,18.0,163.0,1.140629296875,False,PUT,2026-01-30,AMAT
AMAT260130P00277500,277.5,0.03,0.0,0.01,16.0,86.0,0.85937640625,False,PUT,2026-01-30,AMAT
AMAT260130P00280000,280.0,0.02,0.01,0.02,9.0,305.0,0.9062509375,False,PUT,2026-01-30,AMAT
AMAT260130P00282500,282.5,0.03,0.0,0.02,6.0,489.0,0.8359391406249999,False,PUT,2026-01-30,AMAT
AMAT260130P00285000,285.0,0.01,0.01,0.03,13.0,848.0,0.851563984375,False,PUT,2026-01-30,AMAT
AMAT260130P00287500,287.5,0.08,0.0,0.08,4.0,519.0,0.87500125,False,PUT,2026-01-30,AMAT
AMAT260130P00290000,290.0,0.03,0.01,0.04,56.0,719.0,0.7929708203125,False,PUT,2026-01-30,AMAT
AMAT260130P00292500,292.5,0.15,0.01,0.05,8.0,222.0,0.7656273437500001,False,PUT,2026-01-30,AMAT
AMAT260130P00295000,295.0,0.04,0.0,0.06,45.0,573.0,0.726565234375,False,PUT,2026-01-30,AMAT
AMAT260130P00297500,297.5,0.2,0.0,0.17,1867.0,2060.0,0.7812521875,False,PUT,2026-01-30,AMAT
AMAT260130P00300000,300.0,0.08,0.05,0.28,231.0,2140.0,0.8125018749999999,False,PUT,2026-01-30,AMAT
AMAT260130P00302500,302.5,0.06,0.05,0.08,22.0,191.0,0.6679720703125002,False,PUT,2026-01-30,AMAT
AMAT260130P00305000,305.0,0.05,0.05,0.1,246.0,684.0,0.6367223828125,False,PUT,2026-01-30,AMAT
AMAT260130P00307500,307.5,0.12,0.07,0.17,2.0,217.0,0.6357458300781251,False,PUT,2026-01-30,AMAT
AMAT260130P00310000,310.0,0.14,0.14,0.17,290.0,1270.0,0.614261669921875,False,PUT,2026-01-30,AMAT
AMAT260130P00312500,312.5,0.22,0.12,0.61,12.0,338.0,0.6655306884765627,False,PUT,2026-01-30,AMAT
AMAT260130P00315000,315.0,0.27,0.19,0.27,964.0,2207.0,0.5576216113281252,False,PUT,2026-01-30,AMAT
AMAT260130P00317500,317.5,0.37,0.23,0.41,54.0,383.0,0.5419967675781252,False,PUT,2026-01-30,AMAT
AMAT260130P00320000,320.0,0.43,0.34,0.52,79.0,1021.0,0.5219774365234374,False,PUT,2026-01-30,AMAT
AMAT260130P00322500,322.5,1.1,0.48,0.71,16.0,217.0,0.5063525927734375,False,PUT,2026-01-30,AMAT
AMAT260130P00325000,325.0,0.97,0.75,0.98,84.0,650.0,0.5190477783203125,False,PUT,2026-01-30,AMAT
AMAT260130P00327500,327.5,1.35,0.99,1.39,181.0,347.0,0.5136767382812499,False,PUT,2026-01-30,AMAT
AMAT260130P00330000,330.0,1.61,1.33,1.94,96.0,242.0,0.5097705273437501,False,PUT,2026-01-30,AMAT
AMAT260130P00332500,332.5,2.16,2.08,2.6,138.0,108.0,0.5008594836425782,False,PUT,2026-01-30,AMAT
AMAT260130P00335000,335.0,2.43,2.43,3.0,102.0,107.0,0.44714908325195313,False,PUT,2026-01-30,AMAT
AMAT260130P00337500,337.5,4.1,3.3,5.0,39.0,46.0,0.5388229711914063,False,PUT,2026-01-30,AMAT
AMAT260130P00340000,340.0,5.2,4.9,5.55,122.0,24.0,0.4626518579101563,True,PUT,2026-01-30,AMAT
AMAT260130P00345000,345.0,7.7,7.35,9.85,1.0,1.0,0.5832561206054687,True,PUT,2026-01-30,AMAT
AMAT260130P00350000,350.0,13.65,10.8,13.55,1.0,6.0,0.5835002587890624,True,PUT,2026-01-30,AMAT
AMAT260130P00355000,355.0,20.85,14.95,17.95,2.0,21.0,0.6235389208984375,True,PUT,2026-01-30,AMAT
AMAT260130P00360000,360.0,42.83,20.05,22.6,1.0,1.0,0.6709017285156251,True,PUT,2026-01-30,AMAT
AMAT260130P00362500,362.5,39.35,22.45,25.0,,1.0,0.70117486328125,True,PUT,2026-01-30,AMAT
AMAT260130P00365000,365.0,41.25,24.3,27.45,,1.0,0.7392604199218749,True,PUT,2026-01-30,AMAT
AMAT260206C00240000,240.0,56.04,97.85,100.9,,5.0,1.2988316308593748,True,CALL,2026-02-06,AMAT
AMAT260206C00245000,245.0,78.55,92.9,95.9,2.0,31.0,1.2387733374023435,True,CALL,2026-02-06,AMAT
AMAT260206C00250000,250.0,83.78,87.85,91.2,1.0,8.0,1.199711032714844,True,CALL,2026-02-06,AMAT
AMAT260206C00255000,255.0,67.77,82.9,85.95,2.0,9.0,1.115238798828125,True,CALL,2026-02-06,AMAT
AMAT260206C00260000,260.0,74.52,77.9,80.65,6.0,18.0,1.0219775463867187,True,CALL,2026-02-06,AMAT
AMAT260206C00265000,265.0,46.25,73.0,75.6,10.0,12.0,0.965820654296875,True,CALL,2026-02-06,AMAT
AMAT260206C00270000,270.0,50.6,68.05,70.0,6.0,370.0,0.84961087890625,True,CALL,2026-02-06,AMAT
AMAT260206C00275000,275.0,61.67,63.05,65.8,1.0,13.0,0.8664564135742188,True,CALL,2026-02-06,AMAT
AMAT260206C00280000,280.0,55.68,58.15,61.35,1.0,6.0,0.8540053662109376,True,CALL,2026-02-06,AMAT
AMAT260206C00285000,285.0,50.8,53.3,56.35,1.0,56.0,0.8012715185546875,True,CALL,2026-02-06,AMAT
AMAT260206C00287500,287.5,35.71,50.85,53.3,5.0,6.0,0.7365748999023438,True,CALL,2026-02-06,AMAT
AMAT260206C00290000,290.0,49.26,48.45,51.25,8.0,17.0,0.7412135253906249,True,CALL,2026-02-06,AMAT
AMAT260206C00292500,292.5,31.76,46.0,49.25,5.0,6.0,0.7412135253906249,True,CALL,2026-02-06,AMAT
AMAT260206C00295000,295.0,44.8,43.55,46.35,3.0,145.0,0.689700368652344,True,CALL,2026-02-06,AMAT
AMAT260206C00300000,300.0,35.8,38.9,41.75,14.0,56.0,0.6639437902832033,True,CALL,2026-02-06,AMAT
AMAT260206C00305000,305.0,32.0,34.25,37.4,11.0,41.0,0.641605146484375,True,CALL,2026-02-06,AMAT
AMAT260206C00307500,307.5,22.06,32.0,34.7,,2.0,0.6088906298828126,True,CALL,2026-02-06,AMAT
AMAT260206C00310000,310.0,31.34,29.8,32.85,5.0,52.0,0.6103554589843752,True,CALL,2026-02-06,AMAT
AMAT260206C00312500,312.5,18.64,27.55,29.35,3.0,12.0,0.5462691857910158,True,CALL,2026-02-06,AMAT
AMAT260206C00315000,315.0,26.7,25.4,28.0,11.0,161.0,0.5629926513671876,True,CALL,2026-02-06,AMAT
AMAT260206C00317500,317.5,22.46,23.75,25.55,6.0,10.0,0.5540816076660158,True,CALL,2026-02-06,AMAT
AMAT260206C00320000,320.0,20.25,22.05,24.15,2.0,107.0,0.5715985223388673,True,CALL,2026-02-06,AMAT
AMAT260206C00322500,322.5,16.05,19.75,21.1,6.0,117.0,0.5196581237792968,True,CALL,2026-02-06,AMAT
AMAT260206C00325000,325.0,17.85,18.4,19.3,35.0,83.0,0.5278367529296876,True,CALL,2026-02-06,AMAT
AMAT260206C00327500,327.5,16.94,16.55,17.35,15.0,47.0,0.5139819110107422,True,CALL,2026-02-06,AMAT
AMAT260206C00330000,330.0,13.24,14.75,15.8,8.0,589.0,0.5080615600585938,True,CALL,2026-02-06,AMAT
AMAT260206C00332500,332.5,11.84,12.95,14.25,16.0,96.0,0.5297898583984376,True,CALL,2026-02-06,AMAT
AMAT260206C00335000,335.0,11.25,11.9,12.95,42.0,360.0,0.5080005255126954,True,CALL,2026-02-06,AMAT
AMAT260206C00337500,337.5,11.03,10.5,11.5,131.0,64.0,0.5013477600097658,True,CALL,2026-02-06,AMAT
AMAT260206C00340000,340.0,9.5,9.1,9.5,432.0,333.0,0.48694360717773444,False,CALL,2026-02-06,AMAT
AMAT260206C00342500,342.5,8.5,8.1,8.8,64.0,201.0,0.50586431640625,False,CALL,2026-02-06,AMAT
AMAT260206C00345000,345.0,7.46,7.0,7.75,358.0,260.0,0.5039112109375,False,CALL,2026-02-06,AMAT
AMAT260206C00347500,347.5,5.5,5.85,6.9,43.0,78.0,0.5075732836914062,False,CALL,2026-02-06,AMAT
AMAT260206C00350000,350.0,5.17,5.1,6.05,76.0,255.0,0.5070850073242188,False,CALL,2026-02-06,AMAT
AMAT260206C00355000,355.0,4.01,3.6,4.4,313.0,157.0,0.49561051269531253,False,CALL,2026-02-06,AMAT
AMAT260206C00360000,360.0,2.9,2.39,3.05,128.0,248.0,0.4820608435058594,False,CALL,2026-02-06,AMAT
AMAT260206C00365000,365.0,1.8,1.71,2.26,8.0,137.0,0.48694360717773444,False,CALL,2026-02-06,AMAT
AMAT260206C00367500,367.5,2.17,1.26,2.78,2.0,28.0,0.5531050549316407,False,CALL,2026-02-06,AMAT
AMAT260206C00370000,370.0,1.23,1.13,1.66,38.0,80.0,0.4919484399414063,False,CALL,2026-02-06,AMAT
AMAT260206C00372500,372.5,1.55,0.76,1.6,2.0,60.0,0.5117236328125,False,CALL,2026-02-06,AMAT
AMAT260206C00380000,380.0,1.47,0.39,1.37,15.0,88.0,0.5026905200195313,False,CALL,2026-02-06,AMAT
AMAT260206C00390000,390.0,0.36,0.28,0.77,15.0,59.0,0.5273484765625001,False,CALL,2026-02-06,AMAT
AMAT260206C00400000,400.0,0.3,0.08,0.86,4.0,15.0,0.5888712988281251,False,CALL,2026-02-06,AMAT
AMAT260206C00410000,410.0,1.68,0.01,0.73,80.0,81.0,0.631839619140625,False,CALL,2026-02-06,AMAT
AMAT260206C00420000,420.0,0.31,0.01,0.83,,31.0,0.710940390625,False,CALL,2026-02-06,AMAT
AMAT260206P00240000,240.0,0.08,0.0,0.19,10.0,138.0,0.8945323046874999,False,PUT,2026-02-06,AMAT
AMAT260206P00245000,245.0,0.05,0.0,0.2,25.0,113.0,0.851563984375,False,PUT,2026-02-06,AMAT
AMAT260206P00250000,250.0,0.14,0.03,0.15,10.0,341.0,0.7929708203125,False,PUT,2026-02-06,AMAT
AMAT260206P00255000,255.0,0.11,0.05,0.2,2.0,49.0,0.7773459765625,False,PUT,2026-02-06,AMAT
AMAT260206P00260000,260.0,0.14,0.07,0.26,3.0,174.0,0.7568383691406251,False,PUT,2026-02-06,AMAT
AMAT260206P00265000,265.0,0.21,0.11,0.2,9.0,88.0,0.702151416015625,False,PUT,2026-02-06,AMAT
AMAT260206P00267500,267.5,0.38,0.01,0.19,5.0,6.0,0.64062859375,False,PUT,2026-02-06,AMAT
AMAT260206P00270000,270.0,0.18,0.12,0.21,6.0,496.0,0.6601596484375001,False,PUT,2026-02-06,AMAT
AMAT260206P00275000,275.0,0.37,0.22,0.32,3.0,537.0,0.6601596484375001,False,PUT,2026-02-06,AMAT
AMAT260206P00277500,277.5,0.51,0.22,0.35,1.0,30.0,0.64062859375,False,PUT,2026-02-06,AMAT
AMAT260206P00280000,280.0,0.34,0.28,0.38,52.0,829.0,0.63086306640625,False,PUT,2026-02-06,AMAT
AMAT260206P00282500,282.5,0.54,0.3,0.49,2.0,7.0,0.6250037500000001,False,PUT,2026-02-06,AMAT
AMAT260206P00285000,285.0,0.72,0.38,0.9,40.0,121.0,0.6562534375000001,False,PUT,2026-02-06,AMAT
AMAT260206P00287500,287.5,0.67,0.5,0.91,3.0,53.0,0.641605146484375,False,PUT,2026-02-06,AMAT
AMAT260206P00290000,290.0,0.68,0.43,0.92,17.0,1521.0,0.6081582153320313,False,PUT,2026-02-06,AMAT
AMAT260206P00295000,295.0,1.0,0.67,1.1,9.0,154.0,0.5874064697265625,False,PUT,2026-02-06,AMAT
AMAT260206P00297500,297.5,1.2,0.81,1.68,1.0,58.0,0.6074258007812501,False,PUT,2026-02-06,AMAT
AMAT260206P00300000,300.0,1.1,0.8,1.56,32.0,730.0,0.5690961059570312,False,PUT,2026-02-06,AMAT
AMAT260206P00302500,302.5,1.7,1.08,1.76,1.0,108.0,0.5666547241210937,False,PUT,2026-02-06,AMAT
AMAT260206P00305000,305.0,1.5,1.16,1.66,36.0,122.0,0.5344284838867188,False,PUT,2026-02-06,AMAT
AMAT260206P00307500,307.5,1.7,1.43,1.81,1876.0,31.0,0.5241746801757812,False,PUT,2026-02-06,AMAT
AMAT260206P00310000,310.0,1.95,1.68,2.44,113.0,116.0,0.5313767565917968,False,PUT,2026-02-06,AMAT
AMAT260206P00312500,312.5,2.29,1.99,2.56,36.0,10.0,0.5150194982910157,False,PUT,2026-02-06,AMAT
AMAT260206P00315000,315.0,2.79,2.16,2.78,26.0,142.0,0.5178270874023438,False,PUT,2026-02-06,AMAT
AMAT260206P00317500,317.5,2.94,2.67,3.15,20.0,1413.0,0.5064746618652343,False,PUT,2026-02-06,AMAT
AMAT260206P00320000,320.0,3.85,3.15,3.75,51.0,117.0,0.5065967309570312,False,PUT,2026-02-06,AMAT
AMAT260206P00322500,322.5,3.95,3.65,4.25,6.0,82.0,0.49622085815429695,False,PUT,2026-02-06,AMAT
AMAT260206P00325000,325.0,4.95,4.2,5.0,991.0,179.0,0.49622085815429695,False,PUT,2026-02-06,AMAT
AMAT260206P00327500,327.5,5.28,5.05,5.5,33.0,177.0,0.47839877075195314,False,PUT,2026-02-06,AMAT
AMAT260206P00330000,330.0,6.09,5.9,6.35,22.0,34.0,0.47510290527343746,False,PUT,2026-02-06,AMAT
AMAT260206P00332500,332.5,6.86,6.55,7.3,53.0,95.0,0.4722953161621094,False,PUT,2026-02-06,AMAT
AMAT260206P00335000,335.0,7.95,7.4,8.25,38.0,255.0,0.4647270324707031,False,PUT,2026-02-06,AMAT
AMAT260206P00337500,337.5,9.04,8.65,9.9,43.0,11.0,0.4858449853515625,False,PUT,2026-02-06,AMAT
AMAT260206P00340000,340.0,10.4,9.35,10.55,9.0,17.0,0.45483943603515625,True,PUT,2026-02-06,AMAT
AMAT260206P00350000,350.0,15.66,15.1,16.95,3.0,33.0,0.4645439288330079,True,PUT,2026-02-06,AMAT
AMAT260206P00372500,372.5,47.4,33.0,35.2,,1.0,0.44727115234375,True,PUT,2026-02-06,AMAT
AMAT260206P00390000,390.0,51.55,49.55,52.7,2.0,7.0,0.5988809643554689,True,PUT,2026-02-06,AMAT
AMAT260206P00402500,402.5,80.25,61.65,64.95,2.0,1.0,0.6569858520507813,True,PUT,2026-02-06,AMAT
AMAT260213C00240000,240.0,80.94,98.55,101.55,1.0,1.0,1.076664772949219,True,CALL,2026-02-13,AMAT
AMAT260213C00245000,245.0,93.92,93.6,96.65,1.0,3.0,1.0332079589843752,True,CALL,2026-02-13,AMAT
AMAT260213C00250000,250.0,89.1,88.65,91.7,2.0,16.0,0.9865723999023439,True,CALL,2026-02-13,AMAT
AMAT260213C00255000,255.0,79.62,83.75,86.85,1.0,13.0,0.9489751196289062,True,CALL,2026-02-13,AMAT
AMAT260213C00260000,260.0,79.31,78.85,81.75,1.0,5.0,0.8968516174316405,True,CALL,2026-02-13,AMAT
AMAT260213C00265000,265.0,59.77,74.0,77.1,1.0,1.0,0.8707288317871094,True,CALL,2026-02-13,AMAT
AMAT260213C00270000,270.0,69.6,69.2,72.1,1.0,13.0,0.8281267187499999,True,CALL,2026-02-13,AMAT
AMAT260213C00275000,275.0,63.9,64.5,67.45,2.0,7.0,0.8043232458496092,True,CALL,2026-02-13,AMAT
AMAT260213C00280000,280.0,60.13,59.7,62.6,2.0,27.0,0.7655052746582032,True,CALL,2026-02-13,AMAT
AMAT260213C00285000,285.0,52.0,55.1,58.1,2.0,7.0,0.7452418054199219,True,CALL,2026-02-13,AMAT
AMAT260213C00290000,290.0,51.81,50.55,53.6,1.0,29.0,0.7221707470703125,True,CALL,2026-02-13,AMAT
AMAT260213C00295000,295.0,44.35,46.15,49.0,2.0,24.0,0.6966583068847658,True,CALL,2026-02-13,AMAT
AMAT260213C00300000,300.0,41.21,41.85,44.25,9.0,76.0,0.6658968957519533,True,CALL,2026-02-13,AMAT
AMAT260213C00305000,305.0,38.27,38.4,40.15,2.0,42.0,0.6689486230468751,True,CALL,2026-02-13,AMAT
AMAT260213C00310000,310.0,32.43,33.75,36.85,7.0,46.0,0.6541782629394532,True,CALL,2026-02-13,AMAT
AMAT260213C00315000,315.0,31.75,30.6,31.55,1.0,24.0,0.6223182299804688,True,CALL,2026-02-13,AMAT
AMAT260213C00320000,320.0,27.62,26.45,28.9,1.0,113.0,0.6189613299560548,True,CALL,2026-02-13,AMAT
AMAT260213C00325000,325.0,19.9,23.9,25.3,10.0,105.0,0.6197547790527345,True,CALL,2026-02-13,AMAT
AMAT260213C00330000,330.0,21.5,20.9,22.15,25.0,65.0,0.6121254608154298,True,CALL,2026-02-13,AMAT
AMAT260213C00335000,335.0,14.3,18.05,19.4,6.0,99.0,0.6063882135009766,True,CALL,2026-02-13,AMAT
AMAT260213C00340000,340.0,13.0,15.7,16.8,4.0,499.0,0.6040689007568361,False,CALL,2026-02-13,AMAT
AMAT260213C00345000,345.0,13.2,13.55,14.45,7.0,79.0,0.6015664843750002,False,CALL,2026-02-13,AMAT
AMAT260213C00350000,350.0,11.7,11.35,12.2,141.0,218.0,0.5918009570312501,False,CALL,2026-02-13,AMAT
AMAT260213C00355000,355.0,8.45,9.6,10.5,11.0,28.0,0.5921671643066408,False,CALL,2026-02-13,AMAT
AMAT260213C00360000,360.0,7.25,7.9,8.9,11.0,128.0,0.5874675042724609,False,CALL,2026-02-13,AMAT
AMAT260213C00365000,365.0,5.47,4.8,7.5,1.0,23.0,0.5490157403564455,False,CALL,2026-02-13,AMAT
AMAT260213C00370000,370.0,4.7,4.75,6.25,3.0,25.0,0.5690961059570312,False,CALL,2026-02-13,AMAT
AMAT260213C00380000,380.0,4.33,2.5,4.45,20.0,26.0,0.555790574951172,False,CALL,2026-02-13,AMAT
AMAT260213C00390000,390.0,2.33,1.1,3.95,4.0,17.0,0.5738568005371094,False,CALL,2026-02-13,AMAT
AMAT260213C00400000,400.0,1.96,0.83,2.8,,6.0,0.5888712988281251,False,CALL,2026-02-13,AMAT
AMAT260213C00410000,410.0,2.4,0.46,2.36,5.0,2.0,0.6135292553710938,False,CALL,2026-02-13,AMAT
AMAT260213C00420000,420.0,1.16,0.6,1.1,6.0,6.0,0.6044961425781252,False,CALL,2026-02-13,AMAT
AMAT260213C00430000,430.0,0.77,0.4,1.16,250.0,2.0,0.6452672192382812,False,CALL,2026-02-13,AMAT
AMAT260213P00240000,240.0,0.49,0.21,0.91,2.0,47.0,0.8608412353515625,False,PUT,2026-02-13,AMAT
AMAT260213P00245000,245.0,0.57,0.22,0.95,6.0,32.0,0.82226740234375,False,PUT,2026-02-13,AMAT
AMAT260213P00250000,250.0,0.73,0.3,1.0,23.0,86.0,0.7924825439453125,False,PUT,2026-02-13,AMAT
AMAT260213P00255000,255.0,0.7,0.33,1.28,1.0,39.0,0.7788108056640625,False,PUT,2026-02-13,AMAT
AMAT260213P00260000,260.0,0.92,0.49,1.14,3.0,19.0,0.735354208984375,False,PUT,2026-02-13,AMAT
AMAT260213P00265000,265.0,0.79,0.79,1.2,1.0,56.0,0.7192410888671875,False,PUT,2026-02-13,AMAT
AMAT260213P00270000,270.0,1.5,1.03,1.7,45.0,121.0,0.7221707470703125,False,PUT,2026-02-13,AMAT
AMAT260213P00275000,275.0,2.71,0.64,2.13,61.0,294.0,0.6774934594726563,False,PUT,2026-02-13,AMAT
AMAT260213P00280000,280.0,2.1,1.52,2.44,1.0,61.0,0.689700368652344,False,PUT,2026-02-13,AMAT
AMAT260213P00285000,285.0,2.14,1.8,3.05,1.0,43.0,0.6773713903808594,False,PUT,2026-02-13,AMAT
AMAT260213P00290000,290.0,2.27,2.27,3.3,2.0,100.0,0.6529575720214844,False,PUT,2026-02-13,AMAT
AMAT260213P00295000,295.0,3.5,2.39,4.0,3.0,56.0,0.6280554772949221,False,PUT,2026-02-13,AMAT
AMAT260213P00300000,300.0,4.2,3.45,4.4,2.0,185.0,0.6179237426757813,False,PUT,2026-02-13,AMAT
AMAT260213P00305000,305.0,4.92,4.25,5.1,1.0,52.0,0.6017495880126955,False,PUT,2026-02-13,AMAT
AMAT260213P00310000,310.0,6.75,5.2,6.15,6.0,67.0,0.591373715209961,False,PUT,2026-02-13,AMAT
AMAT260213P00315000,315.0,7.45,6.3,7.95,7.0,58.0,0.5931437170410157,False,PUT,2026-02-13,AMAT
AMAT260213P00320000,320.0,8.2,7.65,8.75,1.0,138.0,0.5704999005126954,False,PUT,2026-02-13,AMAT
AMAT260213P00325000,325.0,12.38,9.6,10.25,1.0,29.0,0.5662885168457032,False,PUT,2026-02-13,AMAT
AMAT260213P00330000,330.0,11.74,11.1,12.2,11.0,51.0,0.5533491931152343,False,PUT,2026-02-13,AMAT
AMAT260213P00345000,345.0,21.83,18.1,19.7,1.0,2.0,0.5365036584472658,True,PUT,2026-02-13,AMAT
AMAT260220C00240000,240.0,79.82,98.7,101.65,1.0,519.0,0.9116219775390625,True,CALL,2026-02-20,AMAT
AMAT260220C00250000,250.0,86.94,89.0,91.95,16.0,613.0,0.8520522607421875,True,CALL,2026-02-20,AMAT
AMAT260220C00260000,260.0,76.12,79.3,82.25,11.0,637.0,0.7888204711914062,True,CALL,2026-02-20,AMAT
AMAT260220C00270000,270.0,66.4,69.85,72.3,2.0,1003.0,0.7222928161621094,True,CALL,2026-02-20,AMAT
AMAT260220C00275000,275.0,68.85,65.15,68.4,1.0,2.0,0.7237576452636718,True,CALL,2026-02-20,AMAT
AMAT260220C00280000,280.0,62.7,60.5,63.45,2.0,1245.0,0.6895782995605471,True,CALL,2026-02-20,AMAT
AMAT260220C00285000,285.0,54.46,56.0,59.2,10.0,14.0,0.6776155285644532,True,CALL,2026-02-20,AMAT
AMAT260220C00290000,290.0,51.04,51.65,54.15,4.0,834.0,0.6451451501464844,True,CALL,2026-02-20,AMAT
AMAT260220C00295000,295.0,46.08,47.25,49.75,1.0,17.0,0.6251868536376954,True,CALL,2026-02-20,AMAT
AMAT260220C00300000,300.0,44.0,43.0,45.3,106.0,1368.0,0.6039468316650394,True,CALL,2026-02-20,AMAT
AMAT260220C00302500,302.5,28.09,41.0,44.25,,2.0,0.6186561572265626,True,CALL,2026-02-20,AMAT
AMAT260220C00305000,305.0,39.55,39.0,41.25,2.0,7.0,0.5922281988525393,True,CALL,2026-02-20,AMAT
AMAT260220C00307500,307.5,24.78,37.05,40.2,1.0,1.0,0.6040078662109377,True,CALL,2026-02-20,AMAT
AMAT260220C00310000,310.0,34.11,35.05,37.45,4.0,1035.0,0.5811199114990235,True,CALL,2026-02-20,AMAT
AMAT260220C00312500,312.5,29.25,33.3,36.35,5.0,18.0,0.5918619915771486,True,CALL,2026-02-20,AMAT
AMAT260220C00315000,315.0,35.65,32.1,33.75,1.0,12.0,0.583866466064453,True,CALL,2026-02-20,AMAT
AMAT260220C00317500,317.5,25.56,30.05,32.4,1.0,24.0,0.5813640496826171,True,CALL,2026-02-20,AMAT
AMAT260220C00320000,320.0,24.35,29.45,30.85,2.0,1056.0,0.597782342529297,True,CALL,2026-02-20,AMAT
AMAT260220C00322500,322.5,22.04,26.25,28.75,4.0,105.0,0.5614667877197266,True,CALL,2026-02-20,AMAT
AMAT260220C00325000,325.0,25.36,25.9,27.25,2.0,189.0,0.579105771484375,True,CALL,2026-02-20,AMAT
AMAT260220C00327500,327.5,25.29,23.25,26.2,3.0,42.0,0.565983344116211,True,CALL,2026-02-20,AMAT
AMAT260220C00330000,330.0,21.22,22.7,24.1,41.0,1479.0,0.5676312768554688,True,CALL,2026-02-20,AMAT
AMAT260220C00332500,332.5,20.8,21.45,21.95,2.0,43.0,0.5564009204101563,True,CALL,2026-02-20,AMAT
AMAT260220C00335000,335.0,19.01,20.2,21.35,26.0,73.0,0.5668988623046876,True,CALL,2026-02-20,AMAT
AMAT260220C00337500,337.5,19.1,18.6,19.9,5.0,74.0,0.5578657495117189,True,CALL,2026-02-20,AMAT
AMAT260220C00340000,340.0,18.26,17.65,18.8,33.0,1985.0,0.5621381677246093,False,CALL,2026-02-20,AMAT
AMAT260220C00342500,342.5,14.51,16.2,17.35,2.0,151.0,0.5523726403808593,False,CALL,2026-02-20,AMAT
AMAT260220C00345000,345.0,15.06,14.55,16.4,15.0,82.0,0.5454757366943359,False,CALL,2026-02-20,AMAT
AMAT260220C00350000,350.0,12.96,13.2,14.3,58.0,2303.0,0.5530440203857423,False,CALL,2026-02-20,AMAT
AMAT260220C00355000,355.0,11.7,11.05,12.65,7.0,55.0,0.5495040167236329,False,CALL,2026-02-20,AMAT
AMAT260220C00360000,360.0,9.58,9.5,10.55,8.0,356.0,0.5422409057617189,False,CALL,2026-02-20,AMAT
AMAT260220C00365000,365.0,7.95,7.4,9.2,2.0,38.0,0.531803998413086,False,CALL,2026-02-20,AMAT
AMAT260220C00370000,370.0,6.48,6.15,7.7,5.0,381.0,0.5266770965576173,False,CALL,2026-02-20,AMAT
AMAT260220C00375000,375.0,5.63,4.3,6.5,1.0,9.0,0.5090381127929688,False,CALL,2026-02-20,AMAT
AMAT260220C00380000,380.0,5.15,4.75,5.45,19.0,1166.0,0.5335129656982422,False,CALL,2026-02-20,AMAT
AMAT260220C00385000,385.0,3.83,3.6,4.7,6.0,33.0,0.5274095111083985,False,CALL,2026-02-20,AMAT
AMAT260220C00390000,390.0,3.3,2.83,3.95,2.0,569.0,0.5238084729003907,False,CALL,2026-02-20,AMAT
AMAT260220C00400000,400.0,2.63,2.5,2.8,7.0,304.0,0.5434615966796876,False,CALL,2026-02-20,AMAT
AMAT260220C00410000,410.0,2.42,1.65,2.3,1.0,177.0,0.5544478149414063,False,CALL,2026-02-20,AMAT
AMAT260220C00420000,420.0,1.56,1.2,1.85,1.0,42.0,0.569340244140625,False,CALL,2026-02-20,AMAT
AMAT260220C00430000,430.0,1.15,0.85,1.19,1.0,51.0,0.5664105859375,False,CALL,2026-02-20,AMAT
AMAT260220P00240000,240.0,0.95,0.57,0.95,7.0,1121.0,0.7573266455078126,False,PUT,2026-02-20,AMAT
AMAT260220P00250000,250.0,1.01,0.89,1.21,20.0,2150.0,0.7236355761718749,False,PUT,2026-02-20,AMAT
AMAT260220P00255000,255.0,1.14,1.08,1.33,4.0,24.0,0.7038603833007813,False,PUT,2026-02-20,AMAT
AMAT260220P00260000,260.0,1.46,1.26,1.62,5.0,660.0,0.6904327832031252,False,PUT,2026-02-20,AMAT
AMAT260220P00265000,265.0,1.67,1.45,1.76,2.0,17.0,0.666385172119141,False,PUT,2026-02-20,AMAT
AMAT260220P00270000,270.0,1.7,1.7,2.31,54.0,1072.0,0.6607699938964844,False,PUT,2026-02-20,AMAT
AMAT260220P00275000,275.0,2.35,1.97,2.8,1.0,30.0,0.6479527392578125,False,PUT,2026-02-20,AMAT
AMAT260220P00280000,280.0,2.69,2.34,3.0,183.0,810.0,0.6246375427246094,False,PUT,2026-02-20,AMAT
AMAT260220P00285000,285.0,3.12,2.88,3.35,2.0,90.0,0.6087685607910158,False,PUT,2026-02-20,AMAT
AMAT260220P00290000,290.0,4.2,3.4,4.4,16.0,1585.0,0.607547869873047,False,PUT,2026-02-20,AMAT
AMAT260220P00295000,295.0,4.41,4.1,4.8,3.0,126.0,0.5882609533691407,False,PUT,2026-02-20,AMAT
AMAT260220P00300000,300.0,5.14,4.9,5.4,41.0,1020.0,0.5720867987060547,False,PUT,2026-02-20,AMAT
AMAT260220P00302500,302.5,6.55,5.45,6.05,1.0,69.0,0.5730023168945313,False,PUT,2026-02-20,AMAT
AMAT260220P00305000,305.0,6.4,5.85,6.4,1.0,92.0,0.5629316168212892,False,PUT,2026-02-20,AMAT
AMAT260220P00307500,307.5,7.82,6.4,7.05,2.0,139.0,0.5606733386230469,False,PUT,2026-02-20,AMAT
AMAT260220P00310000,310.0,7.2,7.05,7.65,8.0,831.0,0.5577436804199221,False,PUT,2026-02-20,AMAT
AMAT260220P00312500,312.5,9.68,7.6,9.95,1.0,81.0,0.5819743951416017,False,PUT,2026-02-20,AMAT
AMAT260220P00315000,315.0,10.3,8.3,9.7,2.0,67.0,0.5612226495361328,False,PUT,2026-02-20,AMAT
AMAT260220P00317500,317.5,12.05,8.95,10.0,14.0,43.0,0.5483443603515626,False,PUT,2026-02-20,AMAT
AMAT260220P00320000,320.0,11.6,9.55,10.7,16.0,254.0,0.5402267657470705,False,PUT,2026-02-20,AMAT
AMAT260220P00322500,322.5,11.1,10.55,11.9,27.0,43.0,0.5452926330566408,False,PUT,2026-02-20,AMAT
AMAT260220P00325000,325.0,13.15,11.5,12.7,10.0,75.0,0.5413253875732424,False,PUT,2026-02-20,AMAT
AMAT260220P00327500,327.5,16.6,12.4,13.4,5.0,32.0,0.5334519311523438,False,PUT,2026-02-20,AMAT
AMAT260220P00330000,330.0,14.46,13.4,15.3,7.0,219.0,0.5440109075927735,False,PUT,2026-02-20,AMAT
AMAT260220P00332500,332.5,15.05,14.45,15.6,1.0,24.0,0.5292405474853517,False,PUT,2026-02-20,AMAT
AMAT260220P00335000,335.0,16.8,15.55,16.6,6.0,212.0,0.5242967492675781,False,PUT,2026-02-20,AMAT
AMAT260220P00337500,337.5,17.38,16.35,17.7,2.0,190.0,0.5148363946533203,False,PUT,2026-02-20,AMAT
AMAT260220P00340000,340.0,18.5,17.95,18.95,1.0,41.0,0.5177660528564454,True,PUT,2026-02-20,AMAT
AMAT260220P00350000,350.0,23.29,22.7,25.8,400.0,11.0,0.5161181201171875,True,PUT,2026-02-20,AMAT
AMAT260220P00360000,360.0,45.45,29.7,31.35,50.0,51.0,0.5028736236572267,True,PUT,2026-02-20,AMAT
AMAT260220P00370000,370.0,40.2,36.5,38.15,1.0,31.0,0.5086108709716797,True,PUT,2026-02-20,AMAT
AMAT260220P00420000,420.0,95.8,80.2,83.35,1.0,2.0,0.5773968041992188,True,PUT,2026-02-20,AMAT
AMAT260220P00430000,430.0,109.15,90.0,92.85,,4.0,0.5772747351074219,True,PUT,2026-02-20,AMAT
AMAT260227C00245000,245.0,92.4,94.1,97.2,1.0,1.0,0.8002949658203125,True,CALL,2026-02-27,AMAT
AMAT260227C00260000,260.0,68.04,79.8,82.9,,1.0,0.7298610998535155,True,CALL,2026-02-27,AMAT
AMAT260227C00265000,265.0,40.8,75.1,78.2,,3.0,0.707888663330078,True,CALL,2026-02-27,AMAT
AMAT260227C00270000,270.0,46.2,70.5,73.6,,0.0,0.6899445068359377,True,CALL,2026-02-27,AMAT
AMAT260227C00275000,275.0,65.34,66.0,68.9,1.0,1.0,0.6696810375976563,True,CALL,2026-02-27,AMAT
AMAT260227C00280000,280.0,59.95,61.5,64.7,1.0,9.0,0.659183095703125,True,CALL,2026-02-27,AMAT
AMAT260227C00285000,285.0,34.8,57.05,59.8,,1.0,0.63086306640625,True,CALL,2026-02-27,AMAT
AMAT260227C00290000,290.0,50.31,52.75,55.55,1.0,10.0,0.6178016735839844,True,CALL,2026-02-27,AMAT
AMAT260227C00300000,300.0,42.2,44.75,47.25,1.0,17.0,0.5960733752441407,True,CALL,2026-02-27,AMAT
AMAT260227C00305000,305.0,27.42,40.75,44.05,1.0,5.0,0.5952799261474608,True,CALL,2026-02-27,AMAT
AMAT260227C00310000,310.0,34.28,37.05,39.15,2.0,23.0,0.5676312768554688,True,CALL,2026-02-27,AMAT
AMAT260227C00315000,315.0,33.02,33.5,36.85,1.0,27.0,0.5783123223876954,True,CALL,2026-02-27,AMAT
AMAT260227C00320000,320.0,30.52,30.15,32.55,2.0,33.0,0.5574995422363282,True,CALL,2026-02-27,AMAT
AMAT260227C00325000,325.0,27.59,27.9,29.55,3.0,26.0,0.5659223095703125,True,CALL,2026-02-27,AMAT
AMAT260227C00330000,330.0,26.0,25.3,26.35,6.0,97.0,0.561527822265625,True,CALL,2026-02-27,AMAT
AMAT260227C00335000,335.0,21.53,22.45,23.4,2.0,15.0,0.552464192199707,True,CALL,2026-02-27,AMAT
AMAT260227C00340000,340.0,20.8,19.8,21.2,10.0,27.0,0.5510909149169922,False,CALL,2026-02-27,AMAT
AMAT260227C00345000,345.0,15.73,17.5,18.9,2.0,12.0,0.5481612567138674,False,CALL,2026-02-27,AMAT
AMAT260227C00350000,350.0,14.3,15.35,16.75,2.0,112.0,0.5444381494140625,False,CALL,2026-02-27,AMAT
AMAT260227C00355000,355.0,15.56,13.7,14.8,1.0,59.0,0.5452315985107423,False,CALL,2026-02-27,AMAT
AMAT260227C00360000,360.0,10.58,11.75,12.85,7.0,33.0,0.5374802111816408,False,CALL,2026-02-27,AMAT
AMAT260227C00365000,365.0,10.5,9.0,11.1,8.0,11.0,0.5161791546630858,False,CALL,2026-02-27,AMAT
AMAT260227C00370000,370.0,9.3,7.6,9.6,42.0,59.0,0.512150874633789,False,CALL,2026-02-27,AMAT
AMAT260227C00375000,375.0,8.3,5.8,8.35,2.0,12.0,0.5007374145507812,False,CALL,2026-02-27,AMAT
AMAT260227C00380000,380.0,5.95,4.85,7.3,1.0,31.0,0.5010425872802735,False,CALL,2026-02-27,AMAT
AMAT260227C00390000,390.0,4.55,2.98,5.65,1.0,32.0,0.5476119458007813,False,CALL,2026-02-27,AMAT
AMAT260227C00400000,400.0,3.29,2.81,4.3,3.0,3.0,0.5189257092285156,False,CALL,2026-02-27,AMAT
AMAT260227C00420000,420.0,1.92,1.44,2.4,2.0,1.0,0.5256395092773438,False,CALL,2026-02-27,AMAT
AMAT260227C00430000,430.0,1.45,1.05,2.0,,1.0,0.5388229711914063,False,CALL,2026-02-27,AMAT
AMAT260227P00240000,240.0,1.0,0.66,1.78,2.0,12.0,0.7258328198242188,False,PUT,2026-02-27,AMAT
AMAT260227P00245000,245.0,1.97,0.54,1.7,1.0,3.0,0.6774934594726563,False,PUT,2026-02-27,AMAT
AMAT260227P00250000,250.0,1.1,1.14,1.83,15.0,30.0,0.6812776013183595,False,PUT,2026-02-27,AMAT
AMAT260227P00255000,255.0,2.08,0.65,3.3,2.0,22.0,0.6884796777343751,False,PUT,2026-02-27,AMAT
AMAT260227P00260000,260.0,1.9,1.6,2.69,1.0,23.0,0.6640658593750002,False,PUT,2026-02-27,AMAT
AMAT260227P00265000,265.0,2.04,1.58,3.1,7.0,6.0,0.6402623864746093,False,PUT,2026-02-27,AMAT
AMAT260227P00270000,270.0,2.93,1.9,3.5,54.0,41.0,0.6258582336425782,False,PUT,2026-02-27,AMAT
AMAT260227P00275000,275.0,2.82,2.05,4.2,12.0,38.0,0.6124306335449221,False,PUT,2026-02-27,AMAT
AMAT260227P00280000,280.0,4.5,3.1,4.55,2.0,17.0,0.6101113208007813,False,PUT,2026-02-27,AMAT
AMAT260227P00285000,285.0,4.31,3.15,5.65,3.0,16.0,0.596683720703125,False,PUT,2026-02-27,AMAT
AMAT260227P00290000,290.0,6.4,4.4,5.1,1.0,15.0,0.5701947277832031,False,PUT,2026-02-27,AMAT
AMAT260227P00295000,295.0,5.92,5.25,5.95,3.0,12.0,0.5623823059082032,False,PUT,2026-02-27,AMAT
AMAT260227P00300000,300.0,5.8,6.35,7.1,2.0,41.0,0.5601850622558593,False,PUT,2026-02-27,AMAT
AMAT260227P00305000,305.0,7.37,7.45,8.2,1.0,25.0,0.5518843640136719,False,PUT,2026-02-27,AMAT
AMAT260227P00310000,310.0,9.8,8.8,9.6,9.0,30.0,0.5479171185302736,False,PUT,2026-02-27,AMAT
AMAT260227P00320000,320.0,13.0,11.95,13.1,3.0,8.0,0.5418136639404298,False,PUT,2026-02-27,AMAT
AMAT260227P00325000,325.0,16.25,13.9,14.55,1.0,2.0,0.5323533093261719,False,PUT,2026-02-27,AMAT
AMAT260227P00330000,330.0,18.49,15.2,17.2,4.0,5.0,0.5255784747314454,False,PUT,2026-02-27,AMAT
AMAT260227P00345000,345.0,36.25,22.0,24.8,,1.0,0.5086108709716797,True,PUT,2026-02-27,AMAT
AMAT260227P00430000,430.0,105.4,90.3,93.35,,2.0,0.5462691857910158,True,PUT,2026-02-27,AMAT
AMAT260306C00290000,290.0,51.4,54.15,57.05,2.0,2.0,0.6079751116943359,True,CALL,2026-03-06,AMAT
AMAT260306C00300000,300.0,45.15,46.4,49.2,1.0,4.0,0.5925944061279298,True,CALL,2026-03-06,AMAT
AMAT260306C00305000,305.0,40.22,42.5,45.7,1.0,1.0,0.5855143988037108,True,CALL,2026-03-06,AMAT
AMAT260306C00310000,310.0,28.0,38.8,41.25,4.0,1.0,0.564579549560547,True,CALL,2026-03-06,AMAT
AMAT260306C00320000,320.0,21.52,32.05,34.65,4.0,5.0,0.55273884765625,True,CALL,2026-03-06,AMAT
AMAT260306C00325000,325.0,29.47,29.0,32.35,2.0,24.0,0.5573164385986329,True,CALL,2026-03-06,AMAT
AMAT260306C00330000,330.0,25.96,26.15,28.75,3.0,16.0,0.5444686666870118,True,CALL,2026-03-06,AMAT
AMAT260306C00335000,335.0,22.55,23.35,25.9,6.0,11.0,0.5374191766357423,True,CALL,2026-03-06,AMAT
AMAT260306C00340000,340.0,22.68,22.15,23.45,4.0,1.0,0.5498091894531252,False,CALL,2026-03-06,AMAT
AMAT260306C00345000,345.0,11.37,18.35,20.95,1.0,1.0,0.5273484765625001,False,CALL,2026-03-06,AMAT
AMAT260306C00350000,350.0,15.55,17.15,19.1,1.0,2.0,0.5388840057373048,False,CALL,2026-03-06,AMAT
AMAT260306C00360000,360.0,14.0,13.5,15.25,2.0,3.0,0.5345505529785157,False,CALL,2026-03-06,AMAT
AMAT260306C00365000,365.0,6.74,10.55,13.25,,1.0,0.5116625982666017,False,CALL,2026-03-06,AMAT
AMAT260306C00370000,370.0,10.66,9.4,11.95,7.0,16.0,0.5158739819335938,False,CALL,2026-03-06,AMAT
AMAT260306C00385000,385.0,6.6,5.4,8.4,3.0,4.0,0.5048877636718749,False,CALL,2026-03-06,AMAT
AMAT260306P00260000,260.0,3.3,1.81,3.5,4.0,15.0,0.6315954809570312,False,PUT,2026-03-06,AMAT
AMAT260306P00265000,265.0,4.18,2.25,4.1,,1.0,0.6262244409179689,False,PUT,2026-03-06,AMAT
AMAT260306P00270000,270.0,3.66,2.35,3.45,3.0,18.0,0.5749554223632812,False,PUT,2026-03-06,AMAT
AMAT260306P00275000,275.0,3.25,3.05,4.9,2.0,18.0,0.5935099243164064,False,PUT,2026-03-06,AMAT
AMAT260306P00285000,285.0,5.5,4.15,6.8,3.0,5.0,0.5808147387695313,False,PUT,2026-03-06,AMAT
AMAT260306P00290000,290.0,5.91,5.55,6.4,3.0,4.0,0.5598798895263672,False,PUT,2026-03-06,AMAT
AMAT260306P00295000,295.0,6.46,6.5,8.6,2.0,12.0,0.5734295587158205,False,PUT,2026-03-06,AMAT
AMAT260306P00300000,300.0,7.5,7.45,9.15,2.0,7.0,0.5547529876708985,False,PUT,2026-03-06,AMAT
AMAT260306P00320000,320.0,15.83,13.0,15.05,6.0,10.0,0.526097268371582,False,PUT,2026-03-06,AMAT
AMAT260320C00240000,240.0,102.8,100.65,103.65,1.0,1302.0,0.7316921362304687,True,CALL,2026-03-20,AMAT
AMAT260320C00250000,250.0,89.46,91.35,94.45,12.0,2470.0,0.6991607232666017,True,CALL,2026-03-20,AMAT
AMAT260320C00260000,260.0,82.8,83.05,85.3,1.0,1155.0,0.6824372576904298,True,CALL,2026-03-20,AMAT
AMAT260320C00270000,270.0,75.23,74.35,76.2,17.0,1252.0,0.6509434320068359,True,CALL,2026-03-20,AMAT
AMAT260320C00280000,280.0,63.8,65.0,67.65,3.0,972.0,0.6122475299072268,True,CALL,2026-03-20,AMAT
AMAT260320C00290000,290.0,56.5,57.0,59.65,1.0,1681.0,0.5950968225097657,True,CALL,2026-03-20,AMAT
AMAT260320C00300000,300.0,45.0,49.5,52.45,6.0,981.0,0.5847209497070311,True,CALL,2026-03-20,AMAT
AMAT260320C00310000,310.0,43.41,43.0,44.85,12.0,735.0,0.5704999005126954,True,CALL,2026-03-20,AMAT
AMAT260320C00320000,320.0,37.75,36.95,38.45,15.0,1068.0,0.5636335140991212,True,CALL,2026-03-20,AMAT
AMAT260320C00330000,330.0,32.1,31.45,32.35,23.0,975.0,0.5542341940307618,True,CALL,2026-03-20,AMAT
AMAT260320C00340000,340.0,27.1,26.3,27.45,117.0,472.0,0.5492598785400393,False,CALL,2026-03-20,AMAT
AMAT260320C00350000,350.0,22.0,21.7,22.9,598.0,1206.0,0.5421188366699221,False,CALL,2026-03-20,AMAT
AMAT260320C00360000,360.0,18.13,17.75,18.4,6.0,1005.0,0.5309189974975587,False,CALL,2026-03-20,AMAT
AMAT260320C00370000,370.0,14.8,14.4,15.25,14.0,346.0,0.5287827883911134,False,CALL,2026-03-20,AMAT
AMAT260320C00380000,380.0,11.58,11.65,12.55,70.0,1403.0,0.5277146838378908,False,CALL,2026-03-20,AMAT
AMAT260320C00390000,390.0,8.65,9.4,9.95,4.0,441.0,0.5236253692626953,False,CALL,2026-03-20,AMAT
AMAT260320C00400000,400.0,7.65,6.9,8.25,6.0,258.0,0.5175219146728516,False,CALL,2026-03-20,AMAT
AMAT260320C00410000,410.0,5.2,5.2,6.8,4.0,163.0,0.5159350164794922,False,CALL,2026-03-20,AMAT
AMAT260320C00420000,420.0,4.83,3.95,5.4,1.0,144.0,0.5130663928222656,False,CALL,2026-03-20,AMAT
AMAT260320C00430000,430.0,4.0,3.15,4.7,1.0,130.0,0.522343643798828,False,CALL,2026-03-20,AMAT
AMAT260320P00240000,240.0,2.27,2.02,2.73,3.0,1086.0,0.6447789428710937,False,PUT,2026-03-20,AMAT
AMAT260320P00250000,250.0,2.99,2.73,3.1,10.0,657.0,0.6140785662841797,False,PUT,2026-03-20,AMAT
AMAT260320P00260000,260.0,3.75,3.65,3.95,9.0,941.0,0.5943644079589845,False,PUT,2026-03-20,AMAT
AMAT260320P00270000,270.0,5.6,4.8,5.15,3.0,1125.0,0.5775799078369142,False,PUT,2026-03-20,AMAT
AMAT260320P00280000,280.0,6.65,6.25,6.7,16.0,1746.0,0.5621381677246093,False,PUT,2026-03-20,AMAT
AMAT260320P00290000,290.0,8.44,8.15,8.8,1.0,536.0,0.5511519494628907,False,PUT,2026-03-20,AMAT
AMAT260320P00300000,300.0,10.85,10.6,11.0,37.0,426.0,0.5372971075439454,False,PUT,2026-03-20,AMAT
AMAT260320P00310000,310.0,14.36,13.5,14.05,9.0,239.0,0.5277757183837892,False,PUT,2026-03-20,AMAT
AMAT260320P00320000,320.0,18.55,16.95,17.8,4.0,456.0,0.5200243310546875,False,PUT,2026-03-20,AMAT
AMAT260320P00330000,330.0,21.6,21.15,21.6,4.0,477.0,0.5084888018798828,False,PUT,2026-03-20,AMAT
AMAT260320P00340000,340.0,26.09,25.85,26.5,1.0,648.0,0.5010425872802735,True,PUT,2026-03-20,AMAT
AMAT260320P00350000,350.0,31.7,31.15,32.05,2.0,35.0,0.5028125891113282,True,PUT,2026-03-20,AMAT
AMAT260320P00360000,360.0,48.05,37.15,38.1,1.0,5.0,0.49631240997314463,True,PUT,2026-03-20,AMAT
AMAT260320P00370000,370.0,57.05,42.85,44.8,20.0,12.0,0.49158223266601564,True,PUT,2026-03-20,AMAT
AMAT260320P00380000,380.0,53.95,50.75,53.35,1.0,17.0,0.5170641555786133,True,PUT,2026-03-20,AMAT
AMAT260320P00390000,390.0,71.49,58.35,59.9,,1.0,0.4866689517211914,True,PUT,2026-03-20,AMAT
AMAT260320P00400000,400.0,81.0,65.85,69.05,,2.0,0.5108081146240235,True,PUT,2026-03-20,AMAT
AMAT260320P00410000,410.0,111.0,74.4,77.5,2.0,0.0,0.5092212164306642,True,PUT,2026-03-20,AMAT
AMAT260320P00430000,430.0,107.35,92.3,95.4,,1.0,0.5128832891845703,True,PUT,2026-03-20,AMAT
AMAT260417C00240000,240.0,101.8,103.0,105.6,1.0,1329.0,0.6697420721435547,True,CALL,2026-04-17,AMAT
AMAT260417C00250000,250.0,92.97,94.0,97.1,2.0,554.0,0.6500279138183593,True,CALL,2026-04-17,AMAT
AMAT260417C00260000,260.0,72.43,86.2,88.1,2.0,480.0,0.6346472082519532,True,CALL,2026-04-17,AMAT
AMAT260417C00270000,270.0,63.8,78.35,80.15,2.0,240.0,0.6253089227294923,True,CALL,2026-04-17,AMAT
AMAT260417C00280000,280.0,69.43,69.65,72.15,4.0,460.0,0.5986978607177735,True,CALL,2026-04-17,AMAT
AMAT260417C00290000,290.0,63.04,61.65,64.05,1.0,489.0,0.5738262832641602,True,CALL,2026-04-17,AMAT
AMAT260417C00300000,300.0,54.4,54.95,57.3,5.0,315.0,0.5691571405029296,True,CALL,2026-04-17,AMAT
AMAT260417C00310000,310.0,46.87,48.3,50.4,1.0,1003.0,0.5557600576782228,True,CALL,2026-04-17,AMAT
AMAT260417C00320000,320.0,40.7,42.4,44.45,1.0,605.0,0.5499617758178713,True,CALL,2026-04-17,AMAT
AMAT260417C00330000,330.0,35.5,36.7,38.6,1.0,554.0,0.539189178466797,True,CALL,2026-04-17,AMAT
AMAT260417C00340000,340.0,32.8,32.2,33.45,13.0,656.0,0.5364731411743165,False,CALL,2026-04-17,AMAT
AMAT260417C00350000,350.0,25.5,26.25,28.7,14.0,188.0,0.5180712255859375,False,CALL,2026-04-17,AMAT
AMAT260417C00360000,360.0,22.1,23.6,24.6,302.0,638.0,0.5239915765380858,False,CALL,2026-04-17,AMAT
AMAT260417C00370000,370.0,19.38,20.1,21.15,5.0,97.0,0.5214891601562499,False,CALL,2026-04-17,AMAT
AMAT260417C00380000,380.0,18.5,15.5,17.85,1.0,155.0,0.5040332800292968,False,CALL,2026-04-17,AMAT
AMAT260417C00390000,390.0,14.87,14.35,15.3,20.0,54.0,0.5159960510253907,False,CALL,2026-04-17,AMAT
AMAT260417C00400000,400.0,12.32,12.05,12.5,10.0,176.0,0.5097705273437501,False,CALL,2026-04-17,AMAT
AMAT260417C00410000,410.0,9.64,9.2,10.95,5.0,60.0,0.5037281072998048,False,CALL,2026-04-17,AMAT
AMAT260417C00420000,420.0,7.72,7.0,9.15,6.0,77.0,0.5187120883178712,False,CALL,2026-04-17,AMAT
AMAT260417C00430000,430.0,7.8,6.0,8.15,2.0,108.0,0.503483969116211,False,CALL,2026-04-17,AMAT
AMAT260417P00240000,240.0,3.83,3.45,4.35,2.0,704.0,0.5888712988281251,False,PUT,2026-04-17,AMAT
AMAT260417P00250000,250.0,4.89,4.35,5.15,10.0,892.0,0.5662274822998048,False,PUT,2026-04-17,AMAT
AMAT260417P00260000,260.0,6.3,5.9,7.25,12.0,469.0,0.5689740368652343,False,PUT,2026-04-17,AMAT
AMAT260417P00270000,270.0,8.3,7.5,8.8,3.0,380.0,0.5539595385742189,False,PUT,2026-04-17,AMAT
AMAT260417P00280000,280.0,9.85,9.4,9.8,1.0,696.0,0.529423651123047,False,PUT,2026-04-17,AMAT
AMAT260417P00290000,290.0,11.95,11.6,12.2,378.0,745.0,0.5180712255859375,False,PUT,2026-04-17,AMAT
AMAT260417P00300000,300.0,14.86,14.5,15.35,9.0,238.0,0.51328001373291,False,PUT,2026-04-17,AMAT
AMAT260417P00310000,310.0,18.25,17.9,18.45,2.0,324.0,0.5040332800292968,False,PUT,2026-04-17,AMAT
AMAT260417P00320000,320.0,23.0,21.7,22.2,32.0,845.0,0.5000660345458985,False,PUT,2026-04-17,AMAT
AMAT260417P00330000,330.0,26.5,26.15,26.55,10.0,234.0,0.4930775790405274,False,PUT,2026-04-17,AMAT
AMAT260417P00340000,340.0,31.3,30.9,31.6,5.0,48.0,0.4892934371948243,True,PUT,2026-04-17,AMAT
AMAT260417P00350000,350.0,47.13,36.05,37.05,6.0,11.0,0.4838308453369141,True,PUT,2026-04-17,AMAT
AMAT260417P00360000,360.0,44.9,41.7,43.0,1.0,6.0,0.47852083984375,True,PUT,2026-04-17,AMAT
AMAT260417P00380000,380.0,72.0,54.55,57.2,,2.0,0.4834646380615235,True,PUT,2026-04-17,AMAT
AMAT260417P00400000,400.0,81.35,69.4,72.1,,1.0,0.47318031707763675,True,PUT,2026-04-17,AMAT
AMAT260417P00410000,410.0,93.05,77.65,80.65,,5.0,0.47995515167236324,True,PUT,2026-04-17,AMAT
AMAT260515C00240000,240.0,90.38,105.6,108.35,6.0,192.0,0.6507603283691408,True,CALL,2026-05-15,AMAT
AMAT260515C00250000,250.0,94.6,97.15,100.25,8.0,958.0,0.6372106591796876,True,CALL,2026-05-15,AMAT
AMAT260515C00260000,260.0,73.25,89.0,91.9,3.0,157.0,0.6192665026855471,True,CALL,2026-05-15,AMAT
AMAT260515C00270000,270.0,79.6,81.0,84.2,4.0,433.0,0.6050454534912111,True,CALL,2026-05-15,AMAT
AMAT260515C00280000,280.0,60.15,73.95,76.4,95.0,405.0,0.5938150970458984,True,CALL,2026-05-15,AMAT
AMAT260515C00290000,290.0,64.12,66.5,69.45,8.0,335.0,0.5812114633178712,True,CALL,2026-05-15,AMAT
AMAT260515C00300000,300.0,54.9,60.15,62.7,1.0,479.0,0.5739788696289063,True,CALL,2026-05-15,AMAT
AMAT260515C00310000,310.0,49.25,53.4,55.95,1.0,399.0,0.5582624740600587,True,CALL,2026-05-15,AMAT
AMAT260515C00320000,320.0,49.28,47.5,50.15,8.0,212.0,0.5508467767333984,True,CALL,2026-05-15,AMAT
AMAT260515C00330000,330.0,43.9,43.4,44.75,5.0,203.0,0.5535322967529297,True,CALL,2026-05-15,AMAT
AMAT260515C00340000,340.0,38.7,38.2,40.0,1.0,195.0,0.547428842163086,False,CALL,2026-05-15,AMAT
AMAT260515C00350000,350.0,31.93,32.55,35.2,3.0,224.0,0.5327195166015625,False,CALL,2026-05-15,AMAT
AMAT260515C00360000,360.0,30.0,30.0,30.85,21.0,95.0,0.537236072998047,False,CALL,2026-05-15,AMAT
AMAT260515C00370000,370.0,23.55,24.65,27.4,1.0,122.0,0.5236558865356445,False,CALL,2026-05-15,AMAT
AMAT260515C00380000,380.0,20.9,22.85,23.75,4.0,86.0,0.5285081329345704,False,CALL,2026-05-15,AMAT
AMAT260515C00390000,390.0,18.47,18.4,21.0,1.0,25.0,0.5162401892089843,False,CALL,2026-05-15,AMAT
AMAT260515C00400000,400.0,17.79,16.0,18.2,7.0,110.0,0.5137682901000976,False,CALL,2026-05-15,AMAT
AMAT260515C00410000,410.0,15.85,15.0,16.1,1.0,33.0,0.523442265625,False,CALL,2026-05-15,AMAT
AMAT260515C00420000,420.0,12.55,13.2,13.8,1.0,186.0,0.521641746520996,False,CALL,2026-05-15,AMAT
AMAT260515C00430000,430.0,12.5,11.4,12.1,1.0,115.0,0.5210008837890624,False,CALL,2026-05-15,AMAT
AMAT260515P00240000,240.0,5.6,5.55,6.55,8.0,190.0,0.5762371478271484,False,PUT,2026-05-15,AMAT
AMAT260515P00250000,250.0,7.25,6.75,7.7,14.0,336.0,0.5572554040527344,False,PUT,2026-05-15,AMAT
AMAT260515P00260000,260.0,8.98,7.85,9.1,1.0,378.0,0.5358933129882812,False,PUT,2026-05-15,AMAT
AMAT260515P00270000,270.0,11.3,10.55,11.2,5.0,173.0,0.5352219329833985,False,PUT,2026-05-15,AMAT
AMAT260515P00280000,280.0,13.8,13.0,13.6,17.0,56.0,0.5272874420166016,False,PUT,2026-05-15,AMAT
AMAT260515P00290000,290.0,16.95,15.75,16.5,2.0,32.0,0.5201769174194336,False,PUT,2026-05-15,AMAT
AMAT260515P00300000,300.0,20.25,18.95,19.8,15.0,83.0,0.5137377728271484,False,PUT,2026-05-15,AMAT
AMAT260515P00310000,310.0,23.41,22.55,23.25,3.0,92.0,0.5053760400390624,False,PUT,2026-05-15,AMAT
AMAT260515P00320000,320.0,26.95,26.6,27.25,2.0,50.0,0.5030872445678712,False,PUT,2026-05-15,AMAT
AMAT260515P00330000,330.0,31.5,31.05,31.75,1.0,56.0,0.49667861724853524,False,PUT,2026-05-15,AMAT
AMAT260515P00340000,340.0,36.35,35.85,36.9,3.0,55.0,0.49338275177001967,True,PUT,2026-05-15,AMAT
AMAT260515P00350000,350.0,41.65,40.85,42.35,2.0,22.0,0.4883168844604493,True,PUT,2026-05-15,AMAT
AMAT260515P00360000,360.0,57.05,46.65,48.15,2.0,7.0,0.48233549896240235,True,PUT,2026-05-15,AMAT
AMAT260515P00400000,400.0,87.35,73.85,76.8,,2.0,0.4826711889648438,True,PUT,2026-05-15,AMAT
AMAT260618C00240000,240.0,109.2,108.05,111.05,3.0,1393.0,0.6239051281738281,True,CALL,2026-06-18,AMAT
AMAT260618C00250000,250.0,84.6,99.85,102.7,2.0,689.0,0.6066323516845704,True,CALL,2026-06-18,AMAT
AMAT260618C00260000,260.0,92.58,92.5,94.95,1.0,688.0,0.5991251025390626,True,CALL,2026-06-18,AMAT
AMAT260618C00270000,270.0,85.0,84.55,87.65,1.0,639.0,0.5857280197143554,True,CALL,2026-06-18,AMAT
AMAT260618C00280000,280.0,80.4,78.1,80.25,1.0,525.0,0.5793193923950196,True,CALL,2026-06-18,AMAT
AMAT260618C00290000,290.0,68.99,70.7,73.05,5.0,274.0,0.5629926513671876,True,CALL,2026-06-18,AMAT
AMAT260618C00300000,300.0,65.67,65.0,67.2,15.0,722.0,0.5640912731933594,True,CALL,2026-06-18,AMAT
AMAT260618C00310000,310.0,57.0,57.8,60.5,2.0,646.0,0.5448806498718262,True,CALL,2026-06-18,AMAT
AMAT260618C00320000,320.0,49.96,52.15,55.35,2.0,192.0,0.5419052157592775,True,CALL,2026-06-18,AMAT
AMAT260618C00330000,330.0,44.79,46.9,50.0,4.0,418.0,0.5358170198059082,True,CALL,2026-06-18,AMAT
AMAT260618C00340000,340.0,44.0,42.5,43.85,25.0,561.0,0.5259141647338867,False,CALL,2026-06-18,AMAT
AMAT260618C00350000,350.0,37.72,37.7,39.35,3.0,790.0,0.5195360546875,False,CALL,2026-06-18,AMAT
AMAT260618C00360000,360.0,33.2,33.3,36.2,3.0,292.0,0.5196123478698729,False,CALL,2026-06-18,AMAT
AMAT260618C00370000,370.0,31.05,29.8,32.1,3.0,94.0,0.5155077746582031,False,CALL,2026-06-18,AMAT
AMAT260618C00380000,380.0,27.5,26.05,29.2,6.0,63.0,0.5133715655517577,False,CALL,2026-06-18,AMAT
AMAT260618C00390000,390.0,25.73,24.0,25.5,1.0,203.0,0.5132189791870116,False,CALL,2026-06-18,AMAT
AMAT260618C00400000,400.0,20.98,22.0,23.1,69.0,223.0,0.5182238119506836,False,CALL,2026-06-18,AMAT
AMAT260618C00410000,410.0,18.51,18.2,20.5,4.0,209.0,0.5071460418701172,False,CALL,2026-06-18,AMAT
AMAT260618C00420000,420.0,16.35,16.9,17.9,1.0,27.0,0.5092212164306642,False,CALL,2026-06-18,AMAT
AMAT260618C00430000,430.0,14.1,13.6,15.95,2.0,33.0,0.5155993264770508,False,CALL,2026-06-18,AMAT
AMAT260618P00240000,240.0,8.4,7.55,8.05,14.0,1410.0,0.5457809094238282,False,PUT,2026-06-18,AMAT
AMAT260618P00250000,250.0,9.9,9.15,9.7,4.0,385.0,0.534184345703125,False,PUT,2026-06-18,AMAT
AMAT260618P00260000,260.0,11.08,11.15,11.65,1.0,474.0,0.5248460601806642,False,PUT,2026-06-18,AMAT
AMAT260618P00270000,270.0,14.2,13.45,14.3,51.0,246.0,0.5194139855957032,False,PUT,2026-06-18,AMAT
AMAT260618P00280000,280.0,16.5,16.15,16.85,9.0,119.0,0.511021735534668,False,PUT,2026-06-18,AMAT
AMAT260618P00290000,290.0,19.55,19.2,19.85,6.0,84.0,0.5037891418457032,False,PUT,2026-06-18,AMAT
AMAT260618P00300000,300.0,24.25,22.45,23.3,4.0,129.0,0.5021412091064454,False,PUT,2026-06-18,AMAT
AMAT260618P00310000,310.0,26.8,26.25,27.3,5.0,53.0,0.4981892222595215,False,PUT,2026-06-18,AMAT
AMAT260618P00320000,320.0,36.31,30.65,31.55,10.0,94.0,0.49252826812744144,False,PUT,2026-06-18,AMAT
AMAT260618P00330000,330.0,35.55,35.25,36.95,6.0,134.0,0.4963581858825684,False,PUT,2026-06-18,AMAT
AMAT260618P00340000,340.0,40.55,40.1,41.65,27.0,51.0,0.486882572631836,True,PUT,2026-06-18,AMAT
AMAT260618P00350000,350.0,48.45,45.2,47.45,4.0,8.0,0.48622645126342773,True,PUT,2026-06-18,AMAT
AMAT260618P00370000,370.0,82.56,57.3,59.3,1.0,2.0,0.4749960948181152,True,PUT,2026-06-18,AMAT
AMAT260618P00380000,380.0,75.4,63.75,65.85,,1.0,0.47067790069580084,True,PUT,2026-06-18,AMAT
AMAT260618P00400000,400.0,87.6,77.35,80.5,,1.0,0.46973186523437505,True,PUT,2026-06-18,AMAT
AMAT260618P00410000,410.0,98.25,84.95,87.95,,1.0,0.46536789520263677,True,PUT,2026-06-18,AMAT
AMAT260618P00430000,430.0,115.2,100.85,103.85,10.0,7.0,0.45975271697998044,True,PUT,2026-06-18,AMAT
AMAT260717C00240000,240.0,93.2,110.25,113.5,2.0,8.0,0.6121559780883791,True,CALL,2026-07-17,AMAT
AMAT260717C00250000,250.0,104.3,102.3,105.45,1.0,33.0,0.5975382043457032,True,CALL,2026-07-17,AMAT
AMAT260717C00260000,260.0,82.79,94.7,97.95,2.0,32.0,0.5870097451782227,True,CALL,2026-07-17,AMAT
AMAT260717C00270000,270.0,86.56,87.3,90.65,2.0,63.0,0.5759014578247069,True,CALL,2026-07-17,AMAT
AMAT260717C00280000,280.0,78.0,80.35,83.5,1.0,41.0,0.565556102294922,True,CALL,2026-07-17,AMAT
AMAT260717C00290000,290.0,71.21,73.65,76.7,11.0,50.0,0.5557295404052736,True,CALL,2026-07-17,AMAT
AMAT260717C00300000,300.0,66.62,67.5,70.2,1.0,151.0,0.5477645321655275,True,CALL,2026-07-17,AMAT
AMAT260717C00310000,310.0,49.38,61.55,64.25,5.0,21.0,0.5407608180236818,True,CALL,2026-07-17,AMAT
AMAT260717C00320000,320.0,55.7,56.0,59.0,10.0,57.0,0.5365646929931642,True,CALL,2026-07-17,AMAT
AMAT260717C00330000,330.0,50.3,50.55,53.4,12.0,127.0,0.5274095111083985,True,CALL,2026-07-17,AMAT
AMAT260717C00340000,340.0,45.49,45.8,48.8,4.0,122.0,0.5242967492675781,False,CALL,2026-07-17,AMAT
AMAT260717C00350000,350.0,38.6,42.4,43.65,28.0,321.0,0.5221300228881834,False,CALL,2026-07-17,AMAT
AMAT260717C00360000,360.0,37.5,38.25,40.0,1.0,210.0,0.5207262283325195,False,CALL,2026-07-17,AMAT
AMAT260717C00370000,370.0,34.0,34.15,36.4,1.0,79.0,0.5166674310302735,False,CALL,2026-07-17,AMAT
AMAT260717C00380000,380.0,29.26,29.65,32.5,4.0,365.0,0.5056354368591307,False,CALL,2026-07-17,AMAT
AMAT260717C00390000,390.0,25.55,26.5,29.35,1.0,35.0,0.5030872445678712,False,CALL,2026-07-17,AMAT
AMAT260717C00400000,400.0,22.93,24.5,26.9,1.0,59.0,0.5081225946044923,False,CALL,2026-07-17,AMAT
AMAT260717C00410000,410.0,17.3,21.0,24.25,30.0,81.0,0.5007374145507812,False,CALL,2026-07-17,AMAT
AMAT260717C00420000,420.0,19.45,18.5,21.4,2.0,71.0,0.512578116455078,False,CALL,2026-07-17,AMAT
AMAT260717C00430000,430.0,13.1,16.35,19.3,10.0,16.0,0.5118457019042968,False,CALL,2026-07-17,AMAT
AMAT260717P00240000,240.0,8.75,8.8,10.55,2.0,51.0,0.5365036584472658,False,PUT,2026-07-17,AMAT
AMAT260717P00250000,250.0,12.0,10.05,12.7,3.0,71.0,0.5232591619873046,False,PUT,2026-07-17,AMAT
AMAT260717P00260000,260.0,12.85,12.55,15.2,10.0,66.0,0.519963296508789,False,PUT,2026-07-17,AMAT
AMAT260717P00270000,270.0,15.25,15.35,17.95,1.0,171.0,0.5158129473876953,False,PUT,2026-07-17,AMAT
AMAT260717P00280000,280.0,19.7,18.15,19.45,1.0,109.0,0.5073901800537108,False,PUT,2026-07-17,AMAT
AMAT260717P00290000,290.0,22.5,21.3,23.95,6.0,88.0,0.500005,False,PUT,2026-07-17,AMAT
AMAT260717P00300000,300.0,27.15,25.1,26.55,9.0,28.0,0.49797560134887703,False,PUT,2026-07-17,AMAT
AMAT260717P00310000,310.0,30.1,29.15,30.5,2.0,108.0,0.4918721467590333,False,PUT,2026-07-17,AMAT
AMAT260717P00320000,320.0,34.2,33.35,34.85,9.0,40.0,0.4864553308105469,False,PUT,2026-07-17,AMAT
AMAT260717P00330000,330.0,40.35,38.0,39.55,4.0,55.0,0.4810842907714844,False,PUT,2026-07-17,AMAT
AMAT260717P00340000,340.0,41.51,42.8,44.85,7.0,20.0,0.47852083984375,True,PUT,2026-07-17,AMAT
AMAT260717P00350000,350.0,48.25,48.05,50.7,1.0,15.0,0.478169891204834,True,PUT,2026-07-17,AMAT
AMAT260717P00360000,360.0,61.63,53.65,55.7,,2.0,0.4649101361083985,True,PUT,2026-07-17,AMAT
AMAT260717P00430000,430.0,102.8,102.7,105.7,1.0,1.0,0.44385321777343745,True,PUT,2026-07-17,AMAT
AMAT260918C00240000,240.0,116.25,115.35,118.35,1.0,213.0,0.5982706188964844,True,CALL,2026-09-18,AMAT
AMAT260918C00250000,250.0,108.65,108.05,110.95,1.0,1023.0,0.5892375061035158,True,CALL,2026-09-18,AMAT
AMAT260918C00260000,260.0,99.5,100.8,103.6,1.0,196.0,0.5780681842041016,True,CALL,2026-09-18,AMAT
AMAT260918C00270000,270.0,92.85,93.95,96.7,1.0,191.0,0.5695843823242188,True,CALL,2026-09-18,AMAT
AMAT260918C00280000,280.0,89.15,87.35,90.2,1.0,880.0,0.5621686849975586,True,CALL,2026-09-18,AMAT
AMAT260918C00290000,290.0,82.35,81.25,84.15,7.0,619.0,0.5572554040527344,True,CALL,2026-09-18,AMAT
AMAT260918C00300000,300.0,76.1,75.95,78.35,2.0,235.0,0.5550429017639162,True,CALL,2026-09-18,AMAT
AMAT260918C00310000,310.0,66.25,69.5,72.2,4.0,134.0,0.5423629748535157,True,CALL,2026-09-18,AMAT
AMAT260918C00320000,320.0,60.46,64.1,67.05,2.0,110.0,0.5376175389099123,True,CALL,2026-09-18,AMAT
AMAT260918C00330000,330.0,57.25,59.1,61.65,12.0,93.0,0.5310410665893556,True,CALL,2026-09-18,AMAT
AMAT260918C00340000,340.0,56.8,54.25,56.75,5.0,186.0,0.5251359742736816,False,CALL,2026-09-18,AMAT
AMAT260918C00350000,350.0,50.8,49.85,52.5,25.0,221.0,0.5219774365234374,False,CALL,2026-09-18,AMAT
AMAT260918C00360000,360.0,42.42,45.6,47.7,5.0,86.0,0.5145922564697265,False,CALL,2026-09-18,AMAT
AMAT260918C00370000,370.0,42.43,41.8,43.9,1.0,55.0,0.5116320809936524,False,CALL,2026-09-18,AMAT
AMAT260918C00380000,380.0,40.0,38.5,40.8,6.0,97.0,0.5120135469055176,False,CALL,2026-09-18,AMAT
AMAT260918C00390000,390.0,32.57,34.8,37.45,7.0,16.0,0.5072223350524903,False,CALL,2026-09-18,AMAT
AMAT260918C00400000,400.0,29.9,32.9,33.75,5.0,1134.0,0.5071460418701172,False,CALL,2026-09-18,AMAT
AMAT260918C00410000,410.0,25.35,30.15,31.6,7.0,69.0,0.5084888018798828,False,CALL,2026-09-18,AMAT
AMAT260918C00420000,420.0,26.3,26.75,28.5,3.0,53.0,0.5001575863647462,False,CALL,2026-09-18,AMAT
AMAT260918C00430000,430.0,23.05,24.25,26.85,1.0,17.0,0.5014698291015626,False,CALL,2026-09-18,AMAT
AMAT260918P00240000,240.0,13.55,12.2,14.75,4.0,318.0,0.5210314010620116,False,PUT,2026-09-18,AMAT
AMAT260918P00250000,250.0,15.8,14.7,16.05,12.0,176.0,0.5072375936889649,False,PUT,2026-09-18,AMAT
AMAT260918P00260000,260.0,18.0,17.7,18.7,2.0,81.0,0.5035144863891602,False,PUT,2026-09-18,AMAT
AMAT260918P00270000,270.0,20.7,20.65,23.1,23.0,251.0,0.5066272482299804,False,PUT,2026-09-18,AMAT
AMAT260918P00280000,280.0,24.55,23.45,24.5,13.0,25.0,0.49313861358642586,False,PUT,2026-09-18,AMAT
AMAT260918P00290000,290.0,28.0,26.9,28.2,2.0,47.0,0.4891713681030274,False,PUT,2026-09-18,AMAT
AMAT260918P00300000,300.0,32.26,30.95,32.15,8.0,117.0,0.48460903579711917,False,PUT,2026-09-18,AMAT
AMAT260918P00310000,310.0,36.4,35.2,37.25,4.0,8.0,0.48862205718994145,False,PUT,2026-09-18,AMAT
AMAT260918P00320000,320.0,41.4,39.8,42.4,1.0,16.0,0.4896138685607911,False,PUT,2026-09-18,AMAT
AMAT260918P00330000,330.0,46.0,44.55,45.85,12.0,17.0,0.47119669433593747,False,PUT,2026-09-18,AMAT
AMAT260918P00340000,340.0,51.19,49.85,52.2,1.0,1.0,0.4778494598388672,True,PUT,2026-09-18,AMAT
AMAT260918P00350000,350.0,57.1,54.7,56.6,2.0,42.0,0.46335375518798827,True,PUT,2026-09-18,AMAT
AMAT260918P00400000,400.0,116.93,86.25,88.25,,1.0,0.4422205436706543,True,PUT,2026-09-18,AMAT
AMAT260918P00420000,420.0,133.09,101.05,103.6,,1.0,0.44289192367553715,True,PUT,2026-09-18,AMAT
AMAT261120C00250000,250.0,96.36,113.0,116.5,2.0,16.0,0.5850871569824219,True,CALL,2026-11-20,AMAT
AMAT261120C00260000,260.0,90.27,106.1,109.75,17.0,18.0,0.5768169760131835,True,CALL,2026-11-20,AMAT
AMAT261120C00270000,270.0,71.05,99.65,103.1,1.0,3.0,0.5693097268676758,True,CALL,2026-11-20,AMAT
AMAT261120C00280000,280.0,78.47,93.4,97.15,6.0,35.0,0.5641828250122071,True,CALL,2026-11-20,AMAT
AMAT261120C00290000,290.0,78.83,87.5,90.45,1.0,13.0,0.5548750567626954,True,CALL,2026-11-20,AMAT
AMAT261120C00300000,300.0,83.43,81.7,84.1,1.0,71.0,0.5457961680603027,True,CALL,2026-11-20,AMAT
AMAT261120C00310000,310.0,75.1,76.4,79.45,6.0,41.0,0.5447738394165039,True,CALL,2026-11-20,AMAT
AMAT261120C00320000,320.0,69.6,71.2,74.95,2.0,5.0,0.542591854400635,True,CALL,2026-11-20,AMAT
AMAT261120C00330000,330.0,62.73,66.3,69.35,1.0,13.0,0.5349167602539062,True,CALL,2026-11-20,AMAT
AMAT261120C00340000,340.0,63.45,61.7,65.0,16.0,21.0,0.5319718434143066,False,CALL,2026-11-20,AMAT
AMAT261120C00350000,350.0,56.87,58.4,60.25,6.0,26.0,0.530903738861084,False,CALL,2026-11-20,AMAT
AMAT261120C00360000,360.0,51.75,53.35,56.2,9.0,28.0,0.5236101106262208,False,CALL,2026-11-20,AMAT
AMAT261120C00370000,370.0,47.86,49.5,52.6,5.0,113.0,0.5214128669738769,False,CALL,2026-11-20,AMAT
AMAT261120C00380000,380.0,45.67,47.45,48.95,18.0,94.0,0.524693473815918,False,CALL,2026-11-20,AMAT
AMAT261120C00390000,390.0,33.42,43.75,45.4,2.0,60.0,0.519963296508789,False,CALL,2026-11-20,AMAT
AMAT261120C00400000,400.0,41.25,40.65,42.2,25.0,20.0,0.5175524319458008,False,CALL,2026-11-20,AMAT
AMAT261120C00410000,410.0,37.4,37.75,39.45,8.0,27.0,0.516331741027832,False,CALL,2026-11-20,AMAT
AMAT261120C00420000,420.0,35.29,35.15,36.35,26.0,26.0,0.5134478587341307,False,CALL,2026-11-20,AMAT
AMAT261120C00430000,430.0,30.65,32.8,33.75,5.0,84.0,0.5123187196350099,False,CALL,2026-11-20,AMAT
AMAT261120P00240000,240.0,24.47,15.55,17.9,,1.0,0.5066272482299804,False,PUT,2026-11-20,AMAT
AMAT261120P00250000,250.0,19.75,18.65,20.5,1.0,16.0,0.5028431063842774,False,PUT,2026-11-20,AMAT
AMAT261120P00260000,260.0,25.1,21.45,23.2,3.0,72.0,0.5047962118530273,False,PUT,2026-11-20,AMAT
AMAT261120P00270000,270.0,25.9,24.65,26.2,55.0,106.0,0.4964039617919922,False,PUT,2026-11-20,AMAT
AMAT261120P00280000,280.0,32.2,28.15,30.5,1.0,20.0,0.49893689544677733,False,PUT,2026-11-20,AMAT
AMAT261120P00290000,290.0,35.25,32.1,35.1,15.0,52.0,0.5010883631896974,False,PUT,2026-11-20,AMAT
AMAT261120P00300000,300.0,37.5,35.75,37.45,1.0,17.0,0.47936006484985344,False,PUT,2026-11-20,AMAT
AMAT261120P00310000,310.0,44.3,40.15,43.45,14.0,27.0,0.48921714401245125,False,PUT,2026-11-20,AMAT
AMAT261120P00320000,320.0,48.7,44.7,47.35,40.0,31.0,0.47759006301879886,False,PUT,2026-11-20,AMAT
AMAT261120P00330000,330.0,51.85,50.0,52.95,8.0,43.0,0.4785818743896484,False,PUT,2026-11-20,AMAT
AMAT261120P00340000,340.0,60.15,55.2,58.0,2.0,8.0,0.47258523025512694,True,PUT,2026-11-20,AMAT
AMAT261218C00240000,240.0,110.0,122.0,125.6,2.0,382.0,0.5910380252075197,True,CALL,2026-12-18,AMAT
AMAT261218C00250000,250.0,99.06,115.0,118.85,1.0,306.0,0.5833781896972656,True,CALL,2026-12-18,AMAT
AMAT261218C00260000,260.0,103.77,108.2,112.2,3.0,222.0,0.5752300778198242,True,CALL,2026-12-18,AMAT
AMAT261218C00270000,270.0,99.26,102.0,105.55,1.0,265.0,0.5681348118591307,True,CALL,2026-12-18,AMAT
AMAT261218C00280000,280.0,90.24,95.8,98.75,3.0,243.0,0.5583540258789064,True,CALL,2026-12-18,AMAT
AMAT261218C00290000,290.0,90.97,90.0,93.65,3.0,180.0,0.5565229895019532,True,CALL,2026-12-18,AMAT
AMAT261218C00300000,300.0,85.9,84.25,87.95,3.0,323.0,0.5500533276367189,True,CALL,2026-12-18,AMAT
AMAT261218C00310000,310.0,78.55,79.0,81.95,2.0,669.0,0.5426376303100587,True,CALL,2026-12-18,AMAT
AMAT261218C00320000,320.0,69.77,73.9,76.9,4.0,481.0,0.5381210739135743,True,CALL,2026-12-18,AMAT
AMAT261218C00330000,330.0,70.78,70.15,72.25,3.0,179.0,0.5390213334655762,True,CALL,2026-12-18,AMAT
AMAT261218C00340000,340.0,63.63,64.2,67.6,8.0,256.0,0.5290727024841309,False,CALL,2026-12-18,AMAT
AMAT261218C00350000,350.0,59.63,60.0,62.8,1.0,501.0,0.5239915765380858,False,CALL,2026-12-18,AMAT
AMAT261218C00360000,360.0,53.72,56.0,59.35,10.0,108.0,0.5234270069885254,False,CALL,2026-12-18,AMAT
AMAT261218C00370000,370.0,53.71,52.0,55.0,1.0,35.0,0.517659242401123,False,CALL,2026-12-18,AMAT
AMAT261218C00380000,380.0,49.09,48.55,51.75,7.0,88.0,0.5168352760314943,False,CALL,2026-12-18,AMAT
AMAT261218C00390000,390.0,45.55,45.0,47.9,2.0,71.0,0.5117541500854492,False,CALL,2026-12-18,AMAT
AMAT261218C00400000,400.0,40.19,42.9,45.65,1.0,123.0,0.5172320005798339,False,CALL,2026-12-18,AMAT
AMAT261218C00410000,410.0,30.53,38.75,41.55,4.0,33.0,0.5058948336791992,False,CALL,2026-12-18,AMAT
AMAT261218C00420000,420.0,34.72,36.75,39.85,1.0,17.0,0.5113116496276855,False,CALL,2026-12-18,AMAT
AMAT261218C00430000,430.0,35.8,33.5,36.15,40.0,65.0,0.50235483001709,False,CALL,2026-12-18,AMAT
AMAT261218P00240000,240.0,19.88,16.85,20.2,1.0,127.0,0.5068713864135742,False,PUT,2026-12-18,AMAT
AMAT261218P00250000,250.0,22.5,20.35,23.0,11.0,65.0,0.5050403500366211,False,PUT,2026-12-18,AMAT
AMAT261218P00260000,260.0,24.75,23.6,25.15,4.0,37.0,0.5036060382080079,False,PUT,2026-12-18,AMAT
AMAT261218P00270000,270.0,28.45,26.65,29.6,1.0,37.0,0.5090991473388673,False,PUT,2026-12-18,AMAT
AMAT261218P00280000,280.0,31.05,30.5,33.15,5.0,84.0,0.5024768991088868,False,PUT,2026-12-18,AMAT
AMAT261218P00290000,290.0,37.75,34.2,37.05,4.0,32.0,0.49695327270507816,False,PUT,2026-12-18,AMAT
AMAT261218P00300000,300.0,39.3,38.3,41.15,1.0,17.0,0.4910329217529297,False,PUT,2026-12-18,AMAT
AMAT261218P00310000,310.0,47.22,42.65,45.55,7.0,40.0,0.48564662307739254,False,PUT,2026-12-18,AMAT
AMAT261218P00320000,320.0,49.45,47.45,50.1,2.0,50.0,0.47946687530517573,False,PUT,2026-12-18,AMAT
AMAT261218P00330000,330.0,55.0,51.95,55.2,10.0,62.0,0.4758200611877441,False,PUT,2026-12-18,AMAT
AMAT261218P00340000,340.0,57.95,57.05,60.45,2.0,5.0,0.47139505661010744,True,PUT,2026-12-18,AMAT
AMAT261218P00350000,350.0,63.0,62.1,65.75,1.0,16.0,0.46544418838500984,True,PUT,2026-12-18,AMAT
AMAT261218P00370000,370.0,76.0,73.9,77.1,1.0,1.0,0.45393917648315424,True,PUT,2026-12-18,AMAT
AMAT261218P00400000,400.0,103.1,94.7,96.85,,1.0,0.4447382186889648,True,PUT,2026-12-18,AMAT
AMAT270115C00240000,240.0,125.75,124.0,127.0,1.0,604.0,0.5860637097167969,True,CALL,2027-01-15,AMAT
AMAT270115C00250000,250.0,116.07,117.0,120.3,27.0,950.0,0.5779155978393554,True,CALL,2027-01-15,AMAT
AMAT270115C00260000,260.0,108.2,110.5,113.75,1.0,508.0,0.5711712805175782,True,CALL,2027-01-15,AMAT
AMAT270115C00270000,270.0,101.0,104.7,107.3,2.0,613.0,0.5663037754821778,True,CALL,2027-01-15,AMAT
AMAT270115C00280000,280.0,100.24,98.15,100.75,5.0,554.0,0.5555769540405274,True,CALL,2027-01-15,AMAT
AMAT270115C00290000,290.0,89.16,92.15,95.45,1.0,699.0,0.5513045358276368,True,CALL,2027-01-15,AMAT
AMAT270115C00300000,300.0,86.1,86.75,89.8,7.0,1044.0,0.5462386685180666,True,CALL,2027-01-15,AMAT
AMAT270115C00310000,310.0,82.0,81.55,84.8,1.0,593.0,0.5429275444030763,True,CALL,2027-01-15,AMAT
AMAT270115C00320000,320.0,77.45,76.35,79.65,5.0,354.0,0.5372513316345215,True,CALL,2027-01-15,AMAT
AMAT270115C00330000,330.0,72.1,72.25,74.75,9.0,465.0,0.5353134848022462,True,CALL,2027-01-15,AMAT
AMAT270115C00340000,340.0,67.8,67.5,70.25,16.0,195.0,0.5307206352233886,False,CALL,2027-01-15,AMAT
AMAT270115C00350000,350.0,64.47,62.65,66.1,6.0,620.0,0.5255479574584961,False,CALL,2027-01-15,AMAT
AMAT270115C00360000,360.0,58.0,58.55,61.95,31.0,194.0,0.521763815612793,False,CALL,2027-01-15,AMAT
AMAT270115C00370000,370.0,57.51,54.75,57.9,4.0,107.0,0.5180101910400392,False,CALL,2027-01-15,AMAT
AMAT270115C00380000,380.0,53.43,52.35,54.3,8.0,416.0,0.5198107101440429,False,CALL,2027-01-15,AMAT
AMAT270115C00390000,390.0,49.5,47.75,50.9,3.0,51.0,0.5126849269104004,False,CALL,2027-01-15,AMAT
AMAT270115C00400000,400.0,42.45,45.9,47.65,1.0,753.0,0.5151720846557617,False,CALL,2027-01-15,AMAT
AMAT270115C00410000,410.0,43.91,41.6,45.1,5.0,137.0,0.5097552687072755,False,CALL,2027-01-15,AMAT
AMAT270115C00420000,420.0,38.6,38.95,41.8,1.0,177.0,0.5065051791381835,False,CALL,2027-01-15,AMAT
AMAT270115C00430000,430.0,34.35,36.25,39.1,3.0,30.0,0.5041553491210937,False,CALL,2027-01-15,AMAT
AMAT270115P00240000,240.0,19.37,19.0,20.25,1.0,176.0,0.5067188000488281,False,PUT,2027-01-15,AMAT
AMAT270115P00250000,250.0,23.05,21.8,24.4,6.0,293.0,0.5001881036376954,False,PUT,2027-01-15,AMAT
AMAT270115P00260000,260.0,24.99,24.9,27.6,3.0,96.0,0.5083056982421875,False,PUT,2027-01-15,AMAT
AMAT270115P00270000,270.0,28.7,27.9,29.5,123.0,145.0,0.4874624008178712,False,PUT,2027-01-15,AMAT
AMAT270115P00280000,280.0,33.6,31.95,34.85,3.0,264.0,0.49777723907470706,False,PUT,2027-01-15,AMAT
AMAT270115P00290000,290.0,37.6,35.8,37.65,3.0,325.0,0.48209136077880865,False,PUT,2027-01-15,AMAT
AMAT270115P00300000,300.0,40.5,39.15,42.8,1.0,51.0,0.485158346710205,False,PUT,2027-01-15,AMAT
AMAT270115P00310000,310.0,45.3,43.6,45.65,3.0,110.0,0.46675643112182624,False,PUT,2027-01-15,AMAT
AMAT270115P00320000,320.0,48.95,48.7,50.6,3.0,22.0,0.4640098765563965,False,PUT,2027-01-15,AMAT
AMAT270115P00330000,330.0,54.0,53.4,55.55,3.0,26.0,0.45926444061279303,False,PUT,2027-01-15,AMAT
AMAT270115P00340000,340.0,61.95,58.25,60.7,1.0,23.0,0.45419857330322266,True,PUT,2027-01-15,AMAT
AMAT270115P00350000,350.0,66.1,64.25,67.55,3.0,142.0,0.4603020278930664,True,PUT,2027-01-15,AMAT
AMAT270115P00360000,360.0,71.96,69.75,73.3,2.0,82.0,0.4561211614990235,True,PUT,2027-01-15,AMAT
AMAT270115P00370000,370.0,85.05,75.45,79.35,7.0,19.0,0.45250486465454104,True,PUT,2027-01-15,AMAT
AMAT270115P00390000,390.0,129.0,88.55,91.95,,1.0,0.4440820973205566,True,PUT,2027-01-15,AMAT
AMAT270115P00420000,420.0,113.25,108.95,112.55,3.0,4.0,0.43259234405517577,True,PUT,2027-01-15,AMAT
AMAT270617C00240000,240.0,116.57,133.0,136.15,1.0,65.0,0.5722241264343262,True,CALL,2027-06-17,AMAT
AMAT270617C00250000,250.0,117.0,127.0,130.5,1.0,60.0,0.5700268827819823,True,CALL,2027-06-17,AMAT
AMAT270617C00260000,260.0,121.35,121.0,124.05,1.0,63.0,0.5627790304565431,True,CALL,2027-06-17,AMAT
AMAT270617C00270000,270.0,101.1,115.0,118.55,1.0,68.0,0.5580641117858887,True,CALL,2027-06-17,AMAT
AMAT270617C00280000,280.0,96.31,109.0,113.05,1.0,93.0,0.5519606571960449,True,CALL,2027-06-17,AMAT
AMAT270617C00290000,290.0,90.8,104.0,108.15,1.0,80.0,0.550556862640381,True,CALL,2027-06-17,AMAT
AMAT270617C00300000,300.0,96.75,100.35,102.4,3.0,171.0,0.5494887580871584,True,CALL,2027-06-17,AMAT
AMAT270617C00310000,310.0,92.73,94.0,97.45,1.0,93.0,0.5404251280212404,True,CALL,2027-06-17,AMAT
AMAT270617C00320000,320.0,89.57,89.0,92.8,3.0,50.0,0.536061157989502,True,CALL,2027-06-17,AMAT
AMAT270617C00330000,330.0,81.83,84.5,88.15,1.0,274.0,0.5322464988708495,True,CALL,2027-06-17,AMAT
AMAT270617C00340000,340.0,72.0,80.0,83.9,1.0,36.0,0.5286607192993166,False,CALL,2027-06-17,AMAT
AMAT270617C00350000,350.0,59.05,76.0,79.5,1.0,88.0,0.5251359742736816,False,CALL,2027-06-17,AMAT
AMAT270617C00360000,360.0,71.5,72.0,75.2,3.0,28.0,0.5209245906066895,False,CALL,2027-06-17,AMAT
AMAT270617C00370000,370.0,68.0,68.0,71.7,2.0,73.0,0.5182695878601074,False,CALL,2027-06-17,AMAT
AMAT270617C00380000,380.0,63.83,64.5,68.15,1.0,14.0,0.5160723442077637,False,CALL,2027-06-17,AMAT
AMAT270617C00390000,390.0,61.18,61.0,64.5,1.0,7.0,0.5126238923645019,False,CALL,2027-06-17,AMAT
AMAT270617C00400000,400.0,57.4,58.0,61.45,3.0,35.0,0.5117236328125,False,CALL,2027-06-17,AMAT
AMAT270617C00410000,410.0,43.05,55.0,58.3,1.0,37.0,0.5096331996154786,False,CALL,2027-06-17,AMAT
AMAT270617C00420000,420.0,39.07,52.0,56.25,6.0,61.0,0.51016725189209,False,CALL,2027-06-17,AMAT
AMAT270617C00430000,430.0,36.82,49.0,52.8,6.0,93.0,0.5054523332214353,False,CALL,2027-06-17,AMAT
AMAT270617P00240000,240.0,26.6,25.0,28.4,1.0,25.0,0.5004169831848146,False,PUT,2027-06-17,AMAT
AMAT270617P00250000,250.0,28.45,29.65,32.0,2.0,41.0,0.49695327270507816,False,PUT,2027-06-17,AMAT
AMAT270617P00260000,260.0,32.35,33.2,34.35,1.0,46.0,0.4812368771362304,False,PUT,2027-06-17,AMAT
AMAT270617P00270000,270.0,39.9,36.9,39.0,2.0,143.0,0.4831442066955567,False,PUT,2027-06-17,AMAT
AMAT270617P00280000,280.0,40.25,40.75,43.0,2.0,31.0,0.4779715289306641,False,PUT,2027-06-17,AMAT
AMAT270617P00290000,290.0,54.3,43.1,46.7,2.0,22.0,0.46913677841186524,False,PUT,2027-06-17,AMAT
AMAT270617P00300000,300.0,53.9,49.35,50.8,1.0,17.0,0.4619499606323243,False,PUT,2027-06-17,AMAT
AMAT270617P00310000,310.0,64.4,54.25,56.5,2.0,70.0,0.4645744461059571,False,PUT,2027-06-17,AMAT
AMAT270617P00320000,320.0,60.45,59.05,60.25,,10.0,0.4523065023803712,False,PUT,2027-06-17,AMAT
AMAT270617P00330000,330.0,64.48,64.2,66.5,3.0,5.0,0.45558710922241213,False,PUT,2027-06-17,AMAT
AMAT270617P00340000,340.0,72.7,68.05,72.0,10.0,11.0,0.45243620079040525,True,PUT,2027-06-17,AMAT
AMAT270617P00380000,380.0,93.72,92.6,95.0,2.0,0.0,0.4339351040649414,True,PUT,2027-06-17,AMAT
AMAT271217C00240000,240.0,115.21,141.95,146.0,5.0,73.0,0.562229719543457,True,CALL,2027-12-17,AMAT
AMAT271217C00250000,250.0,133.25,136.0,139.7,2.0,223.0,0.5549513499450685,True,CALL,2027-12-17,AMAT
AMAT271217C00260000,260.0,125.62,130.0,135.0,1.0,108.0,0.552212424697876,True,CALL,2027-12-17,AMAT
AMAT271217C00270000,270.0,121.5,126.05,129.5,2.0,199.0,0.5525404853820801,True,CALL,2027-12-17,AMAT
AMAT271217C00280000,280.0,104.92,120.0,124.3,10.0,60.0,0.5456435816955567,True,CALL,2027-12-17,AMAT
AMAT271217C00290000,290.0,117.25,115.0,119.0,1.0,112.0,0.540989697570801,True,CALL,2027-12-17,AMAT
AMAT271217C00300000,300.0,110.9,110.0,113.45,1.0,107.0,0.5346726220703125,True,CALL,2027-12-17,AMAT
AMAT271217C00310000,310.0,91.22,105.45,110.0,1.0,198.0,0.5353134848022462,True,CALL,2027-12-17,AMAT
AMAT271217C00320000,320.0,85.19,101.0,104.55,1.0,36.0,0.5292710647583009,True,CALL,2027-12-17,AMAT
AMAT271217C00330000,330.0,95.95,96.5,100.55,1.0,48.0,0.5265855447387696,True,CALL,2027-12-17,AMAT
AMAT271217C00340000,340.0,81.55,92.5,95.85,1.0,65.0,0.5225114888000488,False,CALL,2027-12-17,AMAT
AMAT271217C00350000,350.0,74.09,88.5,93.0,1.0,51.0,0.5229234719848632,False,CALL,2027-12-17,AMAT
AMAT271217C00360000,360.0,54.1,84.5,88.75,3.0,50.0,0.518582389907837,False,CALL,2027-12-17,AMAT
AMAT271217C00370000,370.0,60.05,81.0,85.5,2.0,14.0,0.5177126476287842,False,CALL,2027-12-17,AMAT
AMAT271217C00380000,380.0,57.04,77.5,81.65,2.0,30.0,0.5144701873779296,False,CALL,2027-12-17,AMAT
AMAT271217C00390000,390.0,63.45,74.7,78.2,1.0,45.0,0.5135622985076903,False,CALL,2027-12-17,AMAT
AMAT271217C00400000,400.0,70.0,71.0,74.75,2.0,31.0,0.5095416477966308,False,CALL,2027-12-17,AMAT
AMAT271217C00410000,410.0,57.2,68.0,71.9,3.0,28.0,0.5084353966522216,False,CALL,2027-12-17,AMAT
AMAT271217C00420000,420.0,45.91,65.0,68.55,,1.0,0.5053607814025878,False,CALL,2027-12-17,AMAT
AMAT271217C00430000,430.0,53.52,62.0,65.35,2.0,3.0,0.5020954331970215,False,CALL,2027-12-17,AMAT
AMAT271217P00240000,240.0,32.1,31.0,33.75,3.0,73.0,0.4707541938781738,False,PUT,2027-12-17,AMAT
AMAT271217P00250000,250.0,35.7,34.45,38.5,1.0,29.0,0.4740805766296387,False,PUT,2027-12-17,AMAT
AMAT271217P00260000,260.0,41.32,38.0,42.45,12.0,16.0,0.46974712387084966,False,PUT,2027-12-17,AMAT
AMAT271217P00270000,270.0,43.0,42.3,46.35,1.0,23.0,0.46382677291870117,False,PUT,2027-12-17,AMAT
AMAT271217P00280000,280.0,48.62,47.0,50.5,2.0,218.0,0.45847862083435065,False,PUT,2027-12-17,AMAT
AMAT271217P00290000,290.0,57.85,51.0,54.65,7.0,7.0,0.45206236419677737,False,PUT,2027-12-17,AMAT
AMAT271217P00300000,300.0,64.98,56.2,58.4,3.0,10.0,0.4422358023071289,False,PUT,2027-12-17,AMAT
AMAT271217P00310000,310.0,67.5,60.75,63.25,1.0,40.0,0.4381922636413575,False,PUT,2027-12-17,AMAT
AMAT271217P00320000,320.0,105.99,107.5,111.0,,1.0,0.6797212203979494,False,PUT,2027-12-17,AMAT
AMAT271217P00330000,330.0,96.7,71.0,74.5,,7.0,0.43593398544311524,False,PUT,2027-12-17,AMAT
AMAT271217P00340000,340.0,80.2,76.9,80.0,5.0,14.0,0.4325007922363281,True,PUT,2027-12-17,AMAT
AMAT271217P00350000,350.0,110.4,81.85,85.2,,7.0,0.4264431135559083,True,PUT,2027-12-17,AMAT
AMAT271217P00400000,400.0,146.35,112.0,116.5,,1.0,0.4120465900421143,True,PUT,2027-12-17,AMAT
AMAT271217P00410000,410.0,153.9,118.5,123.0,,2.0,0.4079496461486816,True,PUT,2027-12-17,AMAT
AMAT271217P00430000,430.0,159.75,132.35,136.5,,1.0,0.4000761897277832,True,PUT,2027-12-17,AMAT
AMAT280121C00240000,240.0,147.96,144.0,147.0,2.0,103.0,0.5597883377075196,True,CALL,2028-01-21,AMAT
AMAT280121C00250000,250.0,133.17,138.0,141.4,3.0,69.0,0.5545241081237793,True,CALL,2028-01-21,AMAT
AMAT280121C00260000,260.0,134.6,132.55,136.0,2.0,28.0,0.5508467767333984,True,CALL,2028-01-21,AMAT
AMAT280121C00270000,270.0,126.9,127.85,131.2,7.0,87.0,0.5505873799133303,True,CALL,2028-01-21,AMAT
AMAT280121C00280000,280.0,120.5,122.0,125.55,1.0,58.0,0.5426986648559572,True,CALL,2028-01-21,AMAT
AMAT280121C00290000,290.0,118.7,117.0,120.6,10.0,38.0,0.5389450402832032,True,CALL,2028-01-21,AMAT
AMAT280121C00300000,300.0,114.5,113.0,115.4,1.0,89.0,0.5365875809478761,True,CALL,2028-01-21,AMAT
AMAT280121C00310000,310.0,91.0,107.5,111.85,1.0,29.0,0.5337647332000731,True,CALL,2028-01-21,AMAT
AMAT280121C00320000,320.0,105.13,103.9,107.05,16.0,142.0,0.5319871020507813,True,CALL,2028-01-21,AMAT
AMAT280121C00330000,330.0,100.5,99.25,101.95,1.0,111.0,0.5255174401855469,True,CALL,2028-01-21,AMAT
AMAT280121C00340000,340.0,92.73,94.5,98.8,10.0,90.0,0.5235872226715088,False,CALL,2028-01-21,AMAT
AMAT280121C00350000,350.0,88.0,90.5,94.2,1.0,165.0,0.5189562265014648,False,CALL,2028-01-21,AMAT
AMAT280121C00360000,360.0,84.2,87.0,90.1,2.0,94.0,0.5163927755737304,False,CALL,2028-01-21,AMAT
AMAT280121C00370000,370.0,85.4,83.0,86.35,18.0,1048.0,0.5127307028198241,False,CALL,2028-01-21,AMAT
AMAT280121C00380000,380.0,78.0,80.4,83.25,2.0,42.0,0.513928505783081,False,CALL,2028-01-21,AMAT
AMAT280121C00390000,390.0,66.12,76.5,80.55,2.0,10.0,0.5120288055419921,False,CALL,2028-01-21,AMAT
AMAT280121C00400000,400.0,74.8,73.0,77.05,5.0,39.0,0.5084506552886963,False,CALL,2028-01-21,AMAT
AMAT280121C00410000,410.0,70.99,71.0,73.35,2.0,331.0,0.5077258700561523,False,CALL,2028-01-21,AMAT
AMAT280121C00420000,420.0,69.0,67.0,69.6,2.0,59.0,0.501004440689087,False,CALL,2028-01-21,AMAT
AMAT280121C00430000,430.0,56.75,64.0,67.5,2.0,6.0,0.5007145265960693,False,CALL,2028-01-21,AMAT
AMAT280121P00240000,240.0,32.35,32.0,35.0,1.0,28.0,0.46869427795410157,False,PUT,2028-01-21,AMAT
AMAT280121P00250000,250.0,37.65,35.5,39.5,1.0,34.0,0.469655572052002,False,PUT,2028-01-21,AMAT
AMAT280121P00260000,260.0,40.61,39.5,42.4,1.0,48.0,0.4579064219665528,False,PUT,2028-01-21,AMAT
AMAT280121P00270000,270.0,44.12,42.5,47.5,1.0,69.0,0.46006551902771,False,PUT,2028-01-21,AMAT
AMAT280121P00280000,280.0,48.2,47.5,51.5,300.0,342.0,0.45361874511718747,False,PUT,2028-01-21,AMAT
AMAT280121P00290000,290.0,55.5,52.5,56.0,30.0,34.0,0.44930055099487304,False,PUT,2028-01-21,AMAT
AMAT280121P00300000,300.0,59.13,57.0,59.75,3.0,12.0,0.43946635978698734,False,PUT,2028-01-21,AMAT
AMAT280121P00310000,310.0,66.55,61.7,65.5,,6.0,0.4405726109313965,False,PUT,2028-01-21,AMAT
AMAT280121P00320000,320.0,72.05,67.0,70.5,16.0,10.0,0.436178123626709,False,PUT,2028-01-21,AMAT
AMAT280121P00330000,330.0,74.4,72.45,75.6,4.0,41.0,0.43140979972839355,False,PUT,2028-01-21,AMAT
AMAT280121P00340000,340.0,78.2,77.5,80.25,30.0,53.0,0.42328457580566403,True,PUT,2028-01-21,AMAT
AMC260130C00001000,1.0,0.41,0.4,0.43,169.0,664.0,3.0000025,True,CALL,2026-01-30,AMC
AMC260130C00001500,1.5,0.02,0.01,0.02,7040.0,27471.0,1.125004375,False,CALL,2026-01-30,AMC
AMC260130P00001000,1.0,0.01,0.0,0.01,42.0,840.0,2.750003125,False,PUT,2026-01-30,AMC
AMC260130P00001500,1.5,0.11,0.08,0.1,1616.0,7804.0,0.87500125,True,PUT,2026-01-30,AMC
AMC260206C00001000,1.0,0.48,0.4,0.48,35.0,471.0,2.156254609375,True,CALL,2026-02-06,AMC
AMC260206C00001500,1.5,0.06,0.06,0.07,1148.0,5908.0,1.15625421875,False,CALL,2026-02-06,AMC
AMC260206P00001000,1.0,0.01,0.0,0.01,16.0,108.0,1.3125034374999998,False,PUT,2026-02-06,AMC
AMC260206P00001500,1.5,0.12,0.12,0.14,432.0,1942.0,0.8125018749999999,True,PUT,2026-02-06,AMC
AMC260213C00001000,1.0,0.46,0.28,0.55,97.0,75.0,1.0625046875000002,True,CALL,2026-02-13,AMC
AMC260213C00001500,1.5,0.08,0.08,0.1,565.0,1733.0,1.0781296093750001,False,CALL,2026-02-13,AMC
AMC260213P00001000,1.0,0.01,0.0,0.01,57.0,757.0,0.9687503125,False,PUT,2026-02-13,AMC
AMC260213P00001500,1.5,0.15,0.14,0.18,49.0,781.0,0.8906260937499999,True,PUT,2026-02-13,AMC
AMC260220C00001000,1.0,0.44,0.42,0.46,160.0,258.0,1.3437532812499997,True,CALL,2026-02-20,AMC
AMC260220C00001500,1.5,0.11,0.11,0.12,3212.0,13756.0,1.0781296093750001,False,CALL,2026-02-20,AMC
AMC260220P00001000,1.0,0.01,0.01,0.02,315.0,5864.0,1.0625046875000002,False,PUT,2026-02-20,AMC
AMC260220P00001500,1.5,0.18,0.16,0.19,96.0,4533.0,0.8437515624999999,True,PUT,2026-02-20,AMC
AMC260227C00001000,1.0,0.49,0.42,0.5,21.0,458.0,1.40625296875,True,CALL,2026-02-27,AMC
AMC260227C00001500,1.5,0.15,0.16,0.17,361.0,2502.0,1.2578162109375,False,CALL,2026-02-27,AMC
AMC260227P00001000,1.0,0.03,0.01,0.04,171.0,1599.0,1.09375453125,False,PUT,2026-02-27,AMC
AMC260227P00001500,1.5,0.23,0.2,0.25,3.0,614.0,1.0546922265625,True,PUT,2026-02-27,AMC
AMC260306C00001500,1.5,0.2,0.19,0.2,8.0,388.0,1.2968785156249998,False,CALL,2026-03-06,AMC
AMC260306P00001500,1.5,0.25,0.0,0.31,4.0,84.0,0.5546919531250001,True,PUT,2026-03-06,AMC
AMC260320C00001000,1.0,0.5,0.46,0.5,18.0,1868.0,1.2343788281249999,True,CALL,2026-03-20,AMC
AMC260320C00001500,1.5,0.22,0.21,0.22,422.0,8721.0,1.203128984375,False,CALL,2026-03-20,AMC
AMC260320P00001000,1.0,0.05,0.04,0.06,45.0,30617.0,1.0625046875000002,False,PUT,2026-03-20,AMC
AMC260320P00001500,1.5,0.28,0.27,0.29,49.0,4096.0,1.0703171484375003,True,PUT,2026-03-20,AMC
AMC260618C00001000,1.0,0.66,0.56,0.66,532.0,1475.0,1.2890660546875,True,CALL,2026-06-18,AMC
AMC260618C00001500,1.5,0.39,0.38,0.39,184.0,6795.0,1.21875390625,False,CALL,2026-06-18,AMC
AMC260618P00001000,1.0,0.12,0.1,0.15,2.0,552.0,0.9765627343750001,False,PUT,2026-06-18,AMC
AMC260618P00001500,1.5,0.42,0.34,0.46,21.0,2793.0,0.992187578125,True,PUT,2026-06-18,AMC
AMC260821C00001000,1.0,0.63,0.55,0.77,3.0,73.0,1.2343788281249999,True,CALL,2026-08-21,AMC
AMC260821C00001500,1.5,0.45,0.42,0.47,13.0,591.0,1.1640666796875,False,CALL,2026-08-21,AMC
AMC260821P00001000,1.0,0.23,0.15,0.23,2.0,1756.0,1.0273486132812502,False,PUT,2026-08-21,AMC
AMC260821P00001500,1.5,0.48,0.42,0.52,1.0,57.0,0.992187578125,True,PUT,2026-08-21,AMC
AMC260918C00001000,1.0,0.75,0.5,0.81,3.0,10.0,1.1445355273437499,True,CALL,2026-09-18,AMC
AMC260918C00001500,1.5,0.49,0.46,0.52,27.0,207.0,1.19922275390625,False,CALL,2026-09-18,AMC
AMC260918P00001000,1.0,0.15,0.11,0.29,1.0,3270.0,0.992187578125,False,PUT,2026-09-18,AMC
AMC260918P00001500,1.5,0.5,0.48,0.54,62.0,148.0,1.0273486132812502,True,PUT,2026-09-18,AMC
AMC270115C00001000,1.0,0.75,0.73,0.79,58.0,2231.0,1.203128984375,True,CALL,2027-01-15,AMC
AMC270115C00001500,1.5,0.57,0.57,0.62,163.0,3581.0,1.1875040625,False,CALL,2027-01-15,AMC
AMC270115P00001000,1.0,0.29,0.27,0.3,30.0,15724.0,1.0273486132812502,False,PUT,2027-01-15,AMC
AMC270115P00001500,1.5,0.55,0.53,0.62,1.0,2160.0,0.9609378906249999,True,PUT,2027-01-15,AMC
AMC280121C00001000,1.0,0.95,0.89,0.94,38.0,865.0,1.1484417578125,True,CALL,2028-01-21,AMC
AMC280121C00001500,1.5,0.82,0.78,0.83,209.0,1257.0,1.16016044921875,False,CALL,2028-01-21,AMC
AMC280121P00001000,1.0,0.44,0.41,0.48,3.0,820.0,1.01953615234375,False,PUT,2028-01-21,AMC
AMC280121P00001500,1.5,0.79,0.67,0.85,41.0,1760.0,0.937500625,True,PUT,2028-01-21,AMC
AMCR260220C00041000,41.0,2.43,3.5,3.8,5.0,22.0,0.46094289062500005,True,CALL,2026-02-20,AMCR
AMCR260220C00042000,42.0,2.8,2.8,3.1,1.0,2206.0,0.45361874511718747,True,CALL,2026-02-20,AMCR
AMCR260220C00043000,43.0,2.44,2.1,2.4,6.0,37.0,0.4292049267578125,True,CALL,2026-02-20,AMCR
AMCR260220C00044000,44.0,1.74,1.55,1.85,23.0,42.0,0.42236905761718746,False,CALL,2026-02-20,AMCR
AMCR260220C00045000,45.0,1.2,1.05,1.35,6.0,162.0,0.407232490234375,False,CALL,2026-02-20,AMCR
AMCR260220C00046000,46.0,0.8,0.75,0.85,10.0,61.0,0.3706117626953125,False,CALL,2026-02-20,AMCR
AMCR260220C00047000,47.0,0.75,0.45,0.7,35.0,62.0,0.401373173828125,False,CALL,2026-02-20,AMCR
AMCR260220C00048000,48.0,0.35,0.25,0.45,6.0,60.0,0.387701435546875,False,CALL,2026-02-20,AMCR
AMCR260220C00050000,50.0,0.2,0.05,1.15,75.0,78.0,0.5449264257812501,False,CALL,2026-02-20,AMCR
AMCR260220P00035000,35.0,0.13,0.0,0.75,4.0,6.0,0.735354208984375,False,PUT,2026-02-20,AMCR
AMCR260220P00036000,36.0,0.15,0.0,0.25,,50.0,0.506840869140625,False,PUT,2026-02-20,AMCR
AMCR260220P00037000,37.0,0.32,0.0,0.5,6.0,8.0,0.53320779296875,False,PUT,2026-02-20,AMCR
AMCR260220P00038000,38.0,0.23,0.1,0.5,1.0,12.0,0.5835002587890624,False,PUT,2026-02-20,AMCR
AMCR260220P00039000,39.0,0.45,0.15,0.35,1.0,41.0,0.45215391601562505,False,PUT,2026-02-20,AMCR
AMCR260220P00040000,40.0,0.35,0.3,0.5,58.0,334.0,0.43945873046875,False,PUT,2026-02-20,AMCR
AMCR260220P00041000,41.0,0.6,0.4,0.65,1.0,32.0,0.41211525390625,False,PUT,2026-02-20,AMCR
AMCR260220P00042000,42.0,0.65,0.7,0.95,1.0,33.0,0.4106504248046875,False,PUT,2026-02-20,AMCR
AMCR260220P00043000,43.0,1.15,1.05,1.3,1.0,28.0,0.401373173828125,False,PUT,2026-02-20,AMCR
AMCR260220P00044000,44.0,1.6,1.4,1.75,24.0,40.0,0.39502558105468755,True,PUT,2026-02-20,AMCR
AMCR260320C00043000,43.0,1.73,2.0,3.2,,28.0,0.4138242211914062,True,CALL,2026-03-20,AMCR
AMCR260320C00044000,44.0,2.33,1.8,2.35,1.0,25.0,0.35986968261718744,False,CALL,2026-03-20,AMCR
AMCR260320C00045000,45.0,1.5,1.2,1.65,21.0,41.0,0.3198310205078124,False,CALL,2026-03-20,AMCR
AMCR260320C00046000,46.0,1.43,0.9,1.55,20.0,160.0,0.36206692626953124,False,CALL,2026-03-20,AMCR
AMCR260320P00035000,35.0,0.18,0.0,0.75,6.0,26.0,0.6127968408203126,False,PUT,2026-03-20,AMCR
AMCR260320P00036000,36.0,0.3,0.0,0.95,,13.0,0.6113320117187502,False,PUT,2026-03-20,AMCR
AMCR260320P00037000,37.0,0.4,0.0,0.65,,46.0,0.481450498046875,False,PUT,2026-03-20,AMCR
AMCR260320P00038000,38.0,0.7,0.1,0.95,,10.0,0.5009815527343751,False,PUT,2026-03-20,AMCR
AMCR260320P00039000,39.0,0.42,0.2,0.9,1.0,103.0,0.43555251953125,False,PUT,2026-03-20,AMCR
AMCR260320P00040000,40.0,0.6,0.6,1.3,8.0,37.0,0.4577690942382813,False,PUT,2026-03-20,AMCR
AMCR260320P00041000,41.0,0.96,0.7,1.65,9.0,43.0,0.4585015087890626,False,PUT,2026-03-20,AMCR
AMCR260320P00042000,42.0,2.15,1.2,2.4,,178.0,0.5151415673828125,False,PUT,2026-03-20,AMCR
AMCR260320P00044000,44.0,3.3,2.05,2.75,,2.0,0.4182187084960937,True,PUT,2026-03-20,AMCR
AMCR260417C00040000,40.0,4.83,4.5,5.1,10.0,10.0,0.3403386279296875,True,CALL,2026-04-17,AMCR
AMCR260417C00041000,41.0,4.0,3.8,4.3,10.0,11.0,0.3220282641601562,True,CALL,2026-04-17,AMCR
AMCR260417C00043000,43.0,3.0,2.5,3.1,2.0,6.0,0.3198310205078124,True,CALL,2026-04-17,AMCR
AMCR260417C00044000,44.0,1.8,2.25,2.5,,10.0,0.30762411132812495,False,CALL,2026-04-17,AMCR
AMCR260417C00045000,45.0,2.05,1.55,2.05,10.0,14.0,0.3064034204101562,False,CALL,2026-04-17,AMCR
AMCR260417C00046000,46.0,1.7,1.2,1.65,8.0,7.0,0.30371790039062496,False,CALL,2026-04-17,AMCR
AMCR260417C00047000,47.0,1.25,0.9,1.25,25.0,34.0,0.2929758203124999,False,CALL,2026-04-17,AMCR
AMCR260417C00048000,48.0,1.0,0.7,1.0,4.0,33.0,0.29492892578124996,False,CALL,2026-04-17,AMCR
AMCR260417C00050000,50.0,0.35,0.3,0.65,,4.0,0.30274134765625,False,CALL,2026-04-17,AMCR
AMCR260417P00036000,36.0,0.6,0.0,0.75,,5.0,0.4497125341796875,False,PUT,2026-04-17,AMCR
AMCR260417P00037000,37.0,0.7,0.35,0.75,,16.0,0.40772076660156253,False,PUT,2026-04-17,AMCR
AMCR260417P00038000,38.0,0.85,0.45,0.7,,1.0,0.35596347167968745,False,PUT,2026-04-17,AMCR
AMCR260417P00039000,39.0,1.2,0.65,1.0,1.0,4.0,0.3667055517578125,False,PUT,2026-04-17,AMCR
AMCR260417P00040000,40.0,1.22,0.85,1.2,,12.0,0.352545537109375,False,PUT,2026-04-17,AMCR
AMCR260417P00041000,41.0,1.3,1.1,1.5,10.0,22.0,0.3474186352539062,False,PUT,2026-04-17,AMCR
AMCR260417P00042000,42.0,1.6,1.45,1.85,11.0,11.0,0.34229173339843744,False,PUT,2026-04-17,AMCR
AMCR260417P00043000,43.0,2.6,1.85,2.25,,47.0,0.3364324169921875,False,PUT,2026-04-17,AMCR
AMCR260417P00044000,44.0,2.25,2.45,2.8,1.0,86.0,0.34204759521484374,True,PUT,2026-04-17,AMCR
AMCR260417P00045000,45.0,2.95,2.9,3.3,34.0,73.0,0.3347234497070312,True,PUT,2026-04-17,AMCR
AMCR260417P00046000,46.0,3.6,3.5,3.9,11.0,11.0,0.3325262060546875,True,PUT,2026-04-17,AMCR
AMCR260618C00042000,42.0,2.6,3.8,4.3,,18.0,0.30188686401367193,True,CALL,2026-06-18,AMCR
AMCR260618C00043000,43.0,2.35,3.2,3.8,,15.0,0.3051827294921875,True,CALL,2026-06-18,AMCR
AMCR260618C00044000,44.0,3.3,2.65,3.3,1.0,2.0,0.30383996948242187,False,CALL,2026-06-18,AMCR
AMCR260618C00045000,45.0,2.75,2.25,2.75,4.0,21.0,0.2934640966796874,False,CALL,2026-06-18,AMCR
AMCR260618C00046000,46.0,2.4,1.8,2.35,1.0,7.0,0.29273168212890616,False,CALL,2026-06-18,AMCR
AMCR260618C00047000,47.0,2.03,1.55,2.05,3.0,56.0,0.2971261694335937,False,CALL,2026-06-18,AMCR
AMCR260618C00048000,48.0,1.7,1.2,1.75,16.0,26.0,0.29761444580078117,False,CALL,2026-06-18,AMCR
AMCR260618C00050000,50.0,1.2,0.75,1.25,40.0,90.0,0.29761444580078117,False,CALL,2026-06-18,AMCR
AMCR260618P00035000,35.0,0.6,0.55,0.95,1.0,4.0,0.401373173828125,False,PUT,2026-06-18,AMCR
AMCR260618P00037000,37.0,0.85,0.85,1.25,1.0,2.0,0.3754945263671875,False,PUT,2026-06-18,AMCR
AMCR260618P00039000,39.0,2.3,1.3,2.0,,2.0,0.39111937011718745,False,PUT,2026-06-18,AMCR
AMCR260618P00040000,40.0,2.4,1.55,2.05,,41.0,0.3569400244140625,False,PUT,2026-06-18,AMCR
AMCR260618P00041000,41.0,2.75,1.85,2.4,,77.0,0.35217932983398437,False,PUT,2026-06-18,AMCR
AMCR260618P00042000,42.0,3.4,2.25,2.8,7.0,8.0,0.3485172570800781,False,PUT,2026-06-18,AMCR
AMCR260618P00043000,43.0,2.95,2.7,3.3,459.0,437.0,0.35034829345703117,False,PUT,2026-06-18,AMCR
AMCR260618P00044000,44.0,3.6,3.2,3.8,65.0,66.0,0.3481510498046875,True,PUT,2026-06-18,AMCR
AMCR260618P00045000,45.0,3.9,3.8,4.3,11.0,25.0,0.34229173339843744,True,PUT,2026-06-18,AMCR
AMCR260618P00046000,46.0,4.8,4.4,4.9,15.0,15.0,0.34180345703125,True,PUT,2026-06-18,AMCR
AMCR260717C00041000,41.0,4.0,4.6,5.1,,5.0,0.29480685668945306,True,CALL,2026-07-17,AMCR
AMCR260717C00042000,42.0,2.65,3.9,4.5,,3.0,0.2924875439453124,True,CALL,2026-07-17,AMCR
AMCR260717C00043000,43.0,3.0,3.3,4.0,,207.0,0.29492892578124996,True,CALL,2026-07-17,AMCR
AMCR260717C00044000,44.0,2.55,2.85,3.5,,45.0,0.2934640966796874,False,CALL,2026-07-17,AMCR
AMCR260717C00045000,45.0,3.0,2.35,3.0,1.0,92.0,0.2882151257324218,False,CALL,2026-07-17,AMCR
AMCR260717C00046000,46.0,2.5,2.0,2.6,1.0,6.0,0.2876047802734374,False,CALL,2026-07-17,AMCR
AMCR260717C00047000,47.0,0.95,1.7,2.25,,8.0,0.28784891845703114,False,CALL,2026-07-17,AMCR
AMCR260717C00049000,49.0,1.45,1.1,1.75,10.0,12.0,0.295905478515625,False,CALL,2026-07-17,AMCR
AMCR260717C00050000,50.0,1.59,0.9,1.45,2.0,13.0,0.29077857666015616,False,CALL,2026-07-17,AMCR
AMCR260717C00055000,55.0,0.52,0.3,0.75,1.0,2.0,0.30664755859375,False,CALL,2026-07-17,AMCR
AMCR260717P00035000,35.0,1.09,0.65,1.45,1.0,2.0,0.43286699951171875,False,PUT,2026-07-17,AMCR
AMCR260717P00036000,36.0,1.2,0.45,1.15,,1.0,0.36133451171875,False,PUT,2026-07-17,AMCR
AMCR260717P00038000,38.0,1.75,0.9,1.65,1.0,4.0,0.3544986425781249,False,PUT,2026-07-17,AMCR
AMCR260717P00039000,39.0,1.35,1.4,1.9,1.0,3.0,0.3459538061523437,False,PUT,2026-07-17,AMCR
AMCR260717P00041000,41.0,3.0,2.0,2.6,,70.0,0.33899586791992187,False,PUT,2026-07-17,AMCR
AMCR260717P00045000,45.0,5.2,3.7,4.5,,5.0,0.3284979260253906,True,PUT,2026-07-17,AMCR
AMCR270115C00035000,35.0,8.79,8.9,11.5,,10.0,0.38941040283203127,True,CALL,2027-01-15,AMCR
AMCR270115C00045000,45.0,3.9,3.8,4.3,4.0,29.0,0.2757640783691406,False,CALL,2027-01-15,AMCR
AMCR270115C00050000,50.0,2.35,1.8,2.75,5.0,39.0,0.2845530529785155,False,CALL,2027-01-15,AMCR
AMCR270115C00055000,55.0,1.4,0.95,1.75,1.0,1.0,0.29224340576171864,False,CALL,2027-01-15,AMCR
AMCR270115P00035000,35.0,1.81,1.55,2.2,1.0,3.0,0.3640200317382813,False,PUT,2027-01-15,AMCR
AMCR270115P00040000,40.0,3.2,3.0,3.8,1.0,25.0,0.3402165588378906,False,PUT,2027-01-15,AMCR
AMCR270617C00045000,45.0,4.8,3.1,5.9,1.0,3.0,0.30799031860351556,False,CALL,2027-06-17,AMCR
AMCR270617C00050000,50.0,1.57,1.15,4.1,,20.0,0.3050606604003906,False,CALL,2027-06-17,AMCR
AMCR270617P00035000,35.0,3.0,1.05,4.0,,20.0,0.41992767578125,False,PUT,2027-06-17,AMCR
AMCR270617P00040000,40.0,4.1,3.1,5.8,1.0,9.0,0.39087523193359375,False,PUT,2027-06-17,AMCR
AMCR280121C00035000,35.0,8.6,9.4,12.0,,1.0,0.29883513671874995,True,CALL,2028-01-21,AMCR
AMCR280121C00040000,40.0,8.1,7.2,8.4,1.0,14.0,0.26489992919921873,True,CALL,2028-01-21,AMCR
AMCR280121C00045000,45.0,5.1,4.3,7.0,1.0,1.0,0.3023751403808594,False,CALL,2028-01-21,AMCR
AMCR280121P00040000,40.0,5.9,4.8,7.3,,1.0,0.3936828210449219,False,PUT,2028-01-21,AMCR
AMCR280121P00045000,45.0,8.2,7.4,10.0,,1.0,0.38440557006835935,True,PUT,2028-01-21,AMCR
AMD260130C00175000,175.0,72.49,71.85,73.55,4.0,61.0,1.0000000000000003e-05,True,CALL,2026-01-30,AMD
AMD260130C00180000,180.0,67.98,66.95,68.65,64.0,604.0,1.7265638671875,True,CALL,2026-01-30,AMD
AMD260130C00182500,182.5,76.76,64.3,66.1,3.0,8.0,0.500005,True,CALL,2026-01-30,AMD
AMD260130C00185000,185.0,60.04,61.85,63.55,5.0,99.0,1.0000000000000003e-05,True,CALL,2026-01-30,AMD
AMD260130C00187500,187.5,61.2,59.4,61.05,2.0,15.0,1.0000000000000003e-05,True,CALL,2026-01-30,AMD
AMD260130C00190000,190.0,58.1,57.5,58.5,87.0,572.0,1.0000000000000003e-05,True,CALL,2026-01-30,AMD
AMD260130C00192500,192.5,60.27,54.3,56.25,1.0,20.0,1.61328318359375,True,CALL,2026-01-30,AMD
AMD260130C00195000,195.0,59.63,52.5,53.6,1.0,123.0,0.500005,True,CALL,2026-01-30,AMD
AMD260130C00197500,197.5,58.05,49.4,51.15,6.0,67.0,1.2734411328124997,True,CALL,2026-01-30,AMD
AMD260130C00200000,200.0,47.95,47.6,47.9,98.0,725.0,1.0000000000000003e-05,True,CALL,2026-01-30,AMD
AMD260130C00202500,202.5,45.02,44.35,45.85,2.0,206.0,1.0000000000000003e-05,True,CALL,2026-01-30,AMD
AMD260130C00205000,205.0,39.97,42.7,43.0,14.0,951.0,1.0000000000000003e-05,True,CALL,2026-01-30,AMD
AMD260130C00207500,207.5,37.51,39.65,41.1,2.0,346.0,0.500005,True,CALL,2026-01-30,AMD
AMD260130C00210000,210.0,38.13,37.5,38.05,58.0,2007.0,1.0000000000000003e-05,True,CALL,2026-01-30,AMD
AMD260130C00212500,212.5,36.72,34.75,35.95,6.0,282.0,1.0000000000000003e-05,True,CALL,2026-01-30,AMD
AMD260130C00215000,215.0,32.5,32.7,33.0,60.0,1849.0,1.0000000000000003e-05,True,CALL,2026-01-30,AMD
AMD260130C00217500,217.5,31.05,30.1,31.05,364.0,833.0,1.0000000000000003e-05,True,CALL,2026-01-30,AMD
AMD260130C00220000,220.0,27.2,27.8,28.0,449.0,3177.0,1.0000000000000003e-05,True,CALL,2026-01-30,AMD
AMD260130C00222500,222.5,25.72,25.2,25.45,181.0,652.0,1.0000000000000003e-05,True,CALL,2026-01-30,AMD
AMD260130C00225000,225.0,22.95,22.7,23.0,277.0,1716.0,1.0000000000000003e-05,True,CALL,2026-01-30,AMD
AMD260130C00227500,227.5,20.28,20.5,20.75,501.0,1051.0,1.0000000000000003e-05,True,CALL,2026-01-30,AMD
AMD260130C00230000,230.0,18.14,17.7,17.95,568.0,3565.0,1.0000000000000003e-05,True,CALL,2026-01-30,AMD
AMD260130C00232500,232.5,15.38,15.35,15.6,186.0,1035.0,1.0000000000000003e-05,True,CALL,2026-01-30,AMD
AMD260130C00235000,235.0,13.23,13.05,13.3,4428.0,3561.0,1.0000000000000003e-05,True,CALL,2026-01-30,AMD
AMD260130C00237500,237.5,10.82,10.8,11.0,2049.0,891.0,1.0000000000000003e-05,True,CALL,2026-01-30,AMD
AMD260130C00240000,240.0,8.55,8.5,8.7,2857.0,3475.0,0.2841868457031249,True,CALL,2026-01-30,AMD
AMD260130C00242500,242.5,6.56,6.55,6.7,3848.0,776.0,0.35596347167968745,True,CALL,2026-01-30,AMD
AMD260130C00245000,245.0,4.95,4.8,4.95,8835.0,2412.0,0.3825745336914062,True,CALL,2026-01-30,AMD
AMD260130C00247500,247.5,3.35,3.3,3.45,6437.0,1536.0,0.3913635083007812,True,CALL,2026-01-30,AMD
AMD260130C00250000,250.0,2.21,2.22,2.28,23340.0,5938.0,0.397466962890625,False,CALL,2026-01-30,AMD
AMD260130C00252500,252.5,1.44,1.42,1.45,11151.0,4409.0,0.4062559375,False,CALL,2026-01-30,AMD
AMD260130C00255000,255.0,0.87,0.86,0.89,19065.0,5830.0,0.4157773266601562,False,CALL,2026-01-30,AMD
AMD260130C00257500,257.5,0.52,0.52,0.55,9873.0,3541.0,0.43066975585937506,False,CALL,2026-01-30,AMD
AMD260130C00260000,260.0,0.31,0.32,0.33,33082.0,10846.0,0.44336494140625,False,CALL,2026-01-30,AMD
AMD260130C00262500,262.5,0.21,0.2,0.21,6088.0,3706.0,0.46289599609375004,False,CALL,2026-01-30,AMD
AMD260130C00265000,265.0,0.12,0.12,0.14,18637.0,11080.0,0.48633326171875,False,CALL,2026-01-30,AMD
AMD260130C00267500,267.5,0.09,0.08,0.1,3825.0,2538.0,0.5039112109375,False,CALL,2026-01-30,AMD
AMD260130C00270000,270.0,0.07,0.06,0.07,18716.0,7334.0,0.5312546875,False,CALL,2026-01-30,AMD
AMD260130C00272500,272.5,0.04,0.04,0.05,5261.0,3302.0,0.5507857421875001,False,CALL,2026-01-30,AMD
AMD260130C00275000,275.0,0.03,0.03,0.04,4015.0,8522.0,0.57812921875,False,CALL,2026-01-30,AMD
AMD260130C00277500,277.5,0.03,0.02,0.03,1334.0,1226.0,0.6015664843750002,False,CALL,2026-01-30,AMD
AMD260130C00280000,280.0,0.02,0.02,0.03,15182.0,9864.0,0.64062859375,False,CALL,2026-01-30,AMD
AMD260130C00282500,282.5,0.01,0.01,0.02,462.0,1781.0,0.648441015625,False,CALL,2026-01-30,AMD
AMD260130C00285000,285.0,0.01,0.01,0.02,3264.0,4584.0,0.6875031250000001,False,CALL,2026-01-30,AMD
AMD260130C00287500,287.5,0.01,0.0,0.02,315.0,1321.0,0.70312796875,False,CALL,2026-01-30,AMD
AMD260130C00290000,290.0,0.01,0.0,0.01,1015.0,3844.0,0.6875031250000001,False,CALL,2026-01-30,AMD
AMD260130C00292500,292.5,0.01,0.0,0.01,134.0,863.0,0.7187528125,False,CALL,2026-01-30,AMD
AMD260130C00295000,295.0,0.01,0.0,0.01,101.0,1664.0,0.7500025,False,CALL,2026-01-30,AMD
AMD260130C00297500,297.5,0.01,0.0,0.01,39.0,764.0,0.7812521875,False,CALL,2026-01-30,AMD
AMD260130C00300000,300.0,0.01,0.0,0.01,553.0,4721.0,0.8125018749999999,False,CALL,2026-01-30,AMD
AMD260130C00305000,305.0,0.01,0.0,0.01,49.0,1397.0,0.9062509375,False,CALL,2026-01-30,AMD
AMD260130C00310000,310.0,0.01,0.0,0.01,244.0,1360.0,0.9687503125,False,CALL,2026-01-30,AMD
AMD260130C00315000,315.0,0.01,0.0,0.01,464.0,1267.0,1.0312548437500002,False,CALL,2026-01-30,AMD
AMD260130C00320000,320.0,0.01,0.0,0.01,154.0,807.0,1.09375453125,False,CALL,2026-01-30,AMD
AMD260130P00175000,175.0,0.01,0.0,0.01,91.0,5683.0,1.5000025,False,PUT,2026-01-30,AMD
AMD260130P00180000,180.0,0.01,0.0,0.02,155.0,9548.0,1.46875265625,False,PUT,2026-01-30,AMD
AMD260130P00182500,182.5,0.02,0.01,0.02,5.0,324.0,1.46875265625,False,PUT,2026-01-30,AMD
AMD260130P00185000,185.0,0.01,0.01,0.02,139.0,2176.0,1.40625296875,False,PUT,2026-01-30,AMD
AMD260130P00187500,187.5,0.01,0.01,0.02,29.0,1129.0,1.3437532812499997,False,PUT,2026-01-30,AMD
AMD260130P00190000,190.0,0.01,0.01,0.02,330.0,6476.0,1.2968785156249998,False,PUT,2026-01-30,AMD
AMD260130P00192500,192.5,0.01,0.01,0.02,22.0,861.0,1.2343788281249999,False,PUT,2026-01-30,AMD
AMD260130P00195000,195.0,0.02,0.01,0.02,204.0,3351.0,1.171879140625,False,PUT,2026-01-30,AMD
AMD260130P00197500,197.5,0.02,0.01,0.02,24.0,692.0,1.125004375,False,PUT,2026-01-30,AMD
AMD260130P00200000,200.0,0.02,0.02,0.03,305.0,4855.0,1.1171919140625,False,PUT,2026-01-30,AMD
AMD260130P00202500,202.5,0.02,0.01,0.03,631.0,1106.0,1.0390673046875003,False,PUT,2026-01-30,AMD
AMD260130P00205000,205.0,0.03,0.03,0.04,426.0,3765.0,1.0390673046875003,False,PUT,2026-01-30,AMD
AMD260130P00207500,207.5,0.03,0.03,0.04,3156.0,13767.0,0.98437515625,False,PUT,2026-01-30,AMD
AMD260130P00210000,210.0,0.04,0.04,0.05,841.0,4072.0,0.9531254687499999,False,PUT,2026-01-30,AMD
AMD260130P00212500,212.5,0.05,0.04,0.05,421.0,1659.0,0.8945323046874999,False,PUT,2026-01-30,AMD
AMD260130P00215000,215.0,0.06,0.05,0.06,545.0,2684.0,0.8554701953125,False,PUT,2026-01-30,AMD
AMD260130P00217500,217.5,0.06,0.05,0.07,680.0,4233.0,0.804689453125,False,PUT,2026-01-30,AMD
AMD260130P00220000,220.0,0.08,0.07,0.08,2037.0,93880.0,0.7695335546875001,False,PUT,2026-01-30,AMD
AMD260130P00222500,222.5,0.09,0.08,0.09,789.0,1754.0,0.7187528125,False,PUT,2026-01-30,AMD
AMD260130P00225000,225.0,0.1,0.1,0.11,1149.0,4254.0,0.6796907031250001,False,PUT,2026-01-30,AMD
AMD260130P00227500,227.5,0.14,0.13,0.14,1183.0,3586.0,0.64062859375,False,PUT,2026-01-30,AMD
AMD260130P00230000,230.0,0.16,0.17,0.18,3561.0,8838.0,0.6025430371093752,False,PUT,2026-01-30,AMD
AMD260130P00232500,232.5,0.23,0.23,0.24,2552.0,5460.0,0.5664105859375,False,PUT,2026-01-30,AMD
AMD260130P00235000,235.0,0.35,0.33,0.35,6249.0,4720.0,0.5371140039062501,False,PUT,2026-01-30,AMD
AMD260130P00237500,237.5,0.55,0.5,0.52,5297.0,3707.0,0.5117236328125,False,PUT,2026-01-30,AMD
AMD260130P00240000,240.0,0.84,0.81,0.84,14846.0,8194.0,0.500005,False,PUT,2026-01-30,AMD
AMD260130P00242500,242.5,1.36,1.3,1.33,10764.0,3414.0,0.4943898217773438,False,PUT,2026-01-30,AMD
AMD260130P00245000,245.0,2.08,2.06,2.1,14772.0,4191.0,0.49658706542968756,False,PUT,2026-01-30,AMD
AMD260130P00247500,247.5,3.1,3.0,3.15,10094.0,3449.0,0.5014698291015626,False,PUT,2026-01-30,AMD
AMD260130P00250000,250.0,4.47,4.35,4.45,8389.0,7094.0,0.5036670727539063,True,PUT,2026-01-30,AMD
AMD260130P00252500,252.5,6.15,6.0,6.1,5828.0,2715.0,0.5114794946289063,True,PUT,2026-01-30,AMD
AMD260130P00255000,255.0,7.6,8.1,8.3,6240.0,3613.0,0.5725140405273439,True,PUT,2026-01-30,AMD
AMD260130P00257500,257.5,10.6,10.05,10.35,2323.0,3277.0,0.5871623315429688,True,PUT,2026-01-30,AMD
AMD260130P00260000,260.0,12.25,12.3,12.55,1841.0,2712.0,0.622074091796875,True,PUT,2026-01-30,AMD
AMD260130P00262500,262.5,14.95,14.6,14.9,170.0,667.0,0.6640658593750002,True,PUT,2026-01-30,AMD
AMD260130P00265000,265.0,17.25,17.1,17.4,197.0,886.0,0.7412135253906249,True,PUT,2026-01-30,AMD
AMD260130P00267500,267.5,20.35,19.5,19.8,49.0,308.0,0.7875997802734375,True,PUT,2026-01-30,AMD
AMD260130P00270000,270.0,21.8,22.25,22.5,794.0,425.0,0.922852333984375,True,PUT,2026-01-30,AMD
AMD260130P00272500,272.5,25.25,24.65,24.95,8.0,140.0,0.9726565234375,True,PUT,2026-01-30,AMD
AMD260130P00275000,275.0,25.95,26.95,27.2,58.0,129.0,0.9687503125,True,PUT,2026-01-30,AMD
AMD260130P00277500,277.5,23.25,29.65,30.85,6.0,125.0,1.2382850585937497,True,PUT,2026-01-30,AMD
AMD260130P00280000,280.0,31.86,32.2,32.5,10.0,88.0,1.1904337353515624,True,PUT,2026-01-30,AMD
AMD260130P00282500,282.5,25.15,33.85,35.9,4.0,70.0,1.2626989990234374,True,PUT,2026-01-30,AMD
AMD260130P00285000,285.0,36.95,36.7,38.2,2.0,33.0,1.351077463378906,True,PUT,2026-01-30,AMD
AMD260130P00287500,287.5,39.05,38.75,40.85,1.0,6.0,1.3623078759765623,True,PUT,2026-01-30,AMD
AMD260130P00290000,290.0,38.0,41.7,43.3,1.0,47.0,1.4921900390624998,True,PUT,2026-01-30,AMD
AMD260130P00292500,292.5,36.0,43.7,45.6,13.0,13.0,1.421877890625,True,PUT,2026-01-30,AMD
AMD260130P00295000,295.0,48.8,46.75,48.35,1.0,1.0,1.6303729418945312,True,PUT,2026-01-30,AMD
AMD260130P00297500,297.5,44.35,48.85,50.7,2.0,0.0,1.5869161279296873,True,PUT,2026-01-30,AMD
AMD260130P00300000,300.0,51.5,51.25,53.35,4.0,2.0,1.6528337670898439,True,PUT,2026-01-30,AMD
AMD260130P00305000,305.0,45.75,56.35,58.15,8.0,0.0,1.7412122314453122,True,PUT,2026-01-30,AMD
AMD260130P00310000,310.0,52.0,61.35,63.2,9.0,0.0,1.857422587890625,True,PUT,2026-01-30,AMD
AMD260206C00175000,175.0,70.47,72.3,74.25,3.0,50.0,1.255863095703125,True,CALL,2026-02-06,AMD
AMD260206C00180000,180.0,68.33,67.85,68.6,1.0,1293.0,1.0000000000000003e-05,True,CALL,2026-02-06,AMD
AMD260206C00185000,185.0,66.22,62.45,63.95,6.0,95.0,0.965820654296875,True,CALL,2026-02-06,AMD
AMD260206C00187500,187.5,63.28,60.0,61.45,3.0,2.0,0.92773509765625,True,CALL,2026-02-06,AMD
AMD260206C00190000,190.0,58.84,57.6,59.55,11.0,109.0,1.087895185546875,True,CALL,2026-02-06,AMD
AMD260206C00195000,195.0,51.89,52.65,54.65,1.0,107.0,0.5546919531250001,True,CALL,2026-02-06,AMD
AMD260206C00200000,200.0,48.19,48.6,48.85,15.0,159.0,0.6152382226562501,True,CALL,2026-02-06,AMD
AMD260206C00205000,205.0,43.3,43.55,43.8,46.0,228.0,0.500005,True,CALL,2026-02-06,AMD
AMD260206C00207500,207.5,39.33,40.95,42.15,7.0,78.0,0.6694368994140626,True,CALL,2026-02-06,AMD
AMD260206C00210000,210.0,38.8,39.05,39.25,54.0,816.0,0.6606479248046876,True,CALL,2026-02-06,AMD
AMD260206C00212500,212.5,38.12,36.25,37.45,5.0,10.0,0.6689486230468751,True,CALL,2026-02-06,AMD
AMD260206C00215000,215.0,34.7,34.35,34.65,72.0,1153.0,0.6584506811523438,True,CALL,2026-02-06,AMD
AMD260206C00217500,217.5,33.06,31.85,32.85,13.0,103.0,0.6750520776367189,True,CALL,2026-02-06,AMD
AMD260206C00220000,220.0,29.75,29.95,30.15,109.0,1141.0,0.6601596484375001,True,CALL,2026-02-06,AMD
AMD260206C00222500,222.5,28.78,27.0,28.25,12.0,136.0,0.6254920263671876,True,CALL,2026-02-06,AMD
AMD260206C00225000,225.0,26.3,25.9,26.05,215.0,1239.0,0.6765169067382814,True,CALL,2026-02-06,AMD
AMD260206C00227500,227.5,23.87,24.05,24.2,44.0,111.0,0.6901886450195314,True,CALL,2026-02-06,AMD
AMD260206C00230000,230.0,22.19,22.15,22.3,299.0,1822.0,0.6906769213867189,True,CALL,2026-02-06,AMD
AMD260206C00232500,232.5,20.5,20.2,20.4,123.0,170.0,0.6827424304199221,True,CALL,2026-02-06,AMD
AMD260206C00235000,235.0,18.6,18.65,18.85,212.0,1410.0,0.6977569287109376,True,CALL,2026-02-06,AMD
AMD260206C00237500,237.5,17.05,16.85,17.05,118.0,279.0,0.6868927795410158,True,CALL,2026-02-06,AMD
AMD260206C00240000,240.0,15.35,15.3,15.5,347.0,1526.0,0.6879914013671876,True,CALL,2026-02-06,AMD
AMD260206C00242500,242.5,13.89,13.75,13.9,204.0,202.0,0.6811555322265627,True,CALL,2026-02-06,AMD
AMD260206C00245000,245.0,12.62,12.5,12.65,4055.0,980.0,0.689700368652344,True,CALL,2026-02-06,AMD
AMD260206C00247500,247.5,11.26,11.2,11.35,355.0,411.0,0.6887238159179689,True,CALL,2026-02-06,AMD
AMD260206C00250000,250.0,10.15,10.05,10.2,3278.0,2155.0,0.6914093359375001,False,CALL,2026-02-06,AMD
AMD260206C00252500,252.5,9.15,9.05,9.15,4127.0,1793.0,0.6962920996093751,False,CALL,2026-02-06,AMD
AMD260206C00255000,255.0,8.1,8.05,8.15,1531.0,2962.0,0.6970245141601563,False,CALL,2026-02-06,AMD
AMD260206C00257500,257.5,7.25,7.1,7.2,732.0,669.0,0.6955596850585939,False,CALL,2026-02-06,AMD
AMD260206C00260000,260.0,6.31,6.25,6.4,4292.0,3151.0,0.6967803759765626,False,CALL,2026-02-06,AMD
AMD260206C00262500,262.5,5.5,5.5,5.65,3646.0,421.0,0.6978789978027344,False,CALL,2026-02-06,AMD
AMD260206C00265000,265.0,4.85,4.9,5.0,2610.0,2106.0,0.7027617614746093,False,CALL,2026-02-06,AMD
AMD260206C00267500,267.5,4.37,4.3,4.4,372.0,334.0,0.7045927978515626,False,CALL,2026-02-06,AMD
AMD260206C00270000,270.0,3.81,3.7,3.8,3760.0,5110.0,0.7014190014648438,False,CALL,2026-02-06,AMD
AMD260206C00272500,272.5,3.26,3.2,3.35,432.0,199.0,0.7033721069335939,False,CALL,2026-02-06,AMD
AMD260206C00275000,275.0,2.87,2.85,2.9,2636.0,2820.0,0.7072783178710937,False,CALL,2026-02-06,AMD
AMD260206C00277500,277.5,2.49,2.51,2.55,157.0,449.0,0.7121610815429689,False,CALL,2026-02-06,AMD
AMD260206C00280000,280.0,2.28,2.17,2.21,2895.0,2132.0,0.7133817724609376,False,CALL,2026-02-06,AMD
AMD260206C00282500,282.5,1.91,1.89,1.92,173.0,130.0,0.7163114306640624,False,CALL,2026-02-06,AMD
AMD260206C00285000,285.0,1.66,1.65,1.67,1351.0,2339.0,0.719729365234375,False,CALL,2026-02-06,AMD
AMD260206C00287500,287.5,1.47,1.43,1.46,73.0,2593.0,0.7233914379882812,False,CALL,2026-02-06,AMD
AMD260206C00290000,290.0,1.2,1.25,1.28,578.0,1444.0,0.7280300634765625,False,CALL,2026-02-06,AMD
AMD260206C00292500,292.5,1.07,1.08,1.13,51.0,126.0,0.7324245507812499,False,CALL,2026-02-06,AMD
AMD260206C00295000,295.0,0.98,0.96,0.99,155.0,382.0,0.7387721435546875,False,CALL,2026-02-06,AMD
AMD260206C00297500,297.5,0.82,0.84,0.88,88.0,98.0,0.7446314599609375,False,CALL,2026-02-06,AMD
AMD260206C00300000,300.0,0.75,0.73,0.75,1562.0,3651.0,0.7465845654296875,False,CALL,2026-02-06,AMD
AMD260206C00302500,302.5,0.69,0.64,0.68,39.0,147.0,0.7541528491210938,False,CALL,2026-02-06,AMD
AMD260206C00305000,305.0,0.55,0.57,0.59,144.0,1387.0,0.7592797509765626,False,CALL,2026-02-06,AMD
AMD260206C00307500,307.5,0.56,0.49,0.54,482.0,107.0,0.7656273437500001,False,CALL,2026-02-06,AMD
AMD260206C00310000,310.0,0.52,0.44,0.47,153.0,835.0,0.77148666015625,False,CALL,2026-02-06,AMD
AMD260206C00312500,312.5,0.34,0.39,0.42,15.0,34.0,0.778322529296875,False,CALL,2026-02-06,AMD
AMD260206C00315000,315.0,0.36,0.35,0.37,136.0,467.0,0.7841818457031251,False,CALL,2026-02-06,AMD
AMD260206C00317500,317.5,0.44,0.31,0.35,7.0,30.0,0.7939473730468749,False,CALL,2026-02-06,AMD
AMD260206C00320000,320.0,0.3,0.28,0.3,52.0,401.0,0.79883013671875,False,CALL,2026-02-06,AMD
AMD260206C00322500,322.5,0.28,0.25,0.28,27.0,35.0,0.807619111328125,False,CALL,2026-02-06,AMD
AMD260206P00175000,175.0,0.14,0.13,0.15,59.0,830.0,0.9960937890625,False,PUT,2026-02-06,AMD
AMD260206P00180000,180.0,0.19,0.17,0.19,374.0,2794.0,0.9580082324218748,False,PUT,2026-02-06,AMD
AMD260206P00185000,185.0,0.24,0.22,0.25,178.0,1011.0,0.92187578125,False,PUT,2026-02-06,AMD
AMD260206P00187500,187.5,0.38,0.25,0.28,4.0,20.0,0.9023447265625,False,PUT,2026-02-06,AMD
AMD260206P00190000,190.0,0.33,0.29,0.32,290.0,742.0,0.885743330078125,False,PUT,2026-02-06,AMD
AMD260206P00192500,192.5,0.44,0.34,0.37,9.0,94.0,0.8706067626953125,False,PUT,2026-02-06,AMD
AMD260206P00195000,195.0,0.41,0.41,0.43,344.0,7128.0,0.858399853515625,False,PUT,2026-02-06,AMD
AMD260206P00197500,197.5,0.49,0.47,0.5,21.0,95.0,0.842775009765625,False,PUT,2026-02-06,AMD
AMD260206P00200000,200.0,0.57,0.56,0.58,889.0,1696.0,0.8300798242187499,False,PUT,2026-02-06,AMD
AMD260206P00202500,202.5,0.66,0.65,0.7,478.0,110.0,0.8188494677734374,False,PUT,2026-02-06,AMD
AMD260206P00205000,205.0,0.76,0.77,0.8,359.0,3892.0,0.804689453125,False,PUT,2026-02-06,AMD
AMD260206P00207500,207.5,0.95,0.91,0.96,177.0,352.0,0.7956563403320311,False,PUT,2026-02-06,AMD
AMD260206P00210000,210.0,1.13,1.11,1.13,485.0,2027.0,0.7883321948242188,False,PUT,2026-02-06,AMD
AMD260206P00212500,212.5,1.28,1.3,1.32,494.0,259.0,0.7768577001953125,False,PUT,2026-02-06,AMD
AMD260206P00215000,215.0,1.52,1.55,1.57,1030.0,1640.0,0.7700218310546876,False,PUT,2026-02-06,AMD
AMD260206P00217500,217.5,1.9,1.83,1.86,189.0,370.0,0.762697685546875,False,PUT,2026-02-06,AMD
AMD260206P00220000,220.0,2.15,2.16,2.2,3077.0,30618.0,0.7561059545898439,False,PUT,2026-02-06,AMD
AMD260206P00222500,222.5,2.56,2.59,2.63,233.0,445.0,0.7546411254882812,False,PUT,2026-02-06,AMD
AMD260206P00225000,225.0,3.07,2.99,3.05,943.0,1298.0,0.745119736328125,False,PUT,2026-02-06,AMD
AMD260206P00227500,227.5,3.65,3.45,3.6,208.0,747.0,0.7395045581054687,False,PUT,2026-02-06,AMD
AMD260206P00230000,230.0,4.15,4.1,4.25,695.0,2411.0,0.7404811108398437,False,PUT,2026-02-06,AMD
AMD260206P00232500,232.5,5.04,4.75,4.85,118.0,475.0,0.7334011035156249,False,PUT,2026-02-06,AMD
AMD260206P00235000,235.0,5.67,5.55,5.65,694.0,1379.0,0.7341335180664061,False,PUT,2026-02-06,AMD
AMD260206P00237500,237.5,6.65,6.35,6.45,365.0,429.0,0.7287624780273438,False,PUT,2026-02-06,AMD
AMD260206P00240000,240.0,7.45,7.35,7.5,1038.0,1360.0,0.7334011035156249,False,PUT,2026-02-06,AMD
AMD260206P00242500,242.5,8.25,8.4,8.55,495.0,729.0,0.7336452416992187,False,PUT,2026-02-06,AMD
AMD260206P00245000,245.0,9.57,9.55,9.7,1257.0,1242.0,0.7344997253417969,False,PUT,2026-02-06,AMD
AMD260206P00247500,247.5,10.55,10.75,10.9,1061.0,438.0,0.7329128271484374,False,PUT,2026-02-06,AMD
AMD260206P00250000,250.0,11.85,11.95,12.15,757.0,1381.0,0.7274197180175781,True,PUT,2026-02-06,AMD
AMD260206P00252500,252.5,13.6,13.5,13.65,195.0,750.0,0.7355983471679688,True,PUT,2026-02-06,AMD
AMD260206P00255000,255.0,14.75,15.05,15.2,322.0,761.0,0.740114903564453,True,PUT,2026-02-06,AMD
AMD260206P00257500,257.5,17.02,16.6,16.8,261.0,190.0,0.7409693872070311,True,PUT,2026-02-06,AMD
AMD260206P00260000,260.0,18.6,18.2,18.35,278.0,1329.0,0.7365748999023438,True,PUT,2026-02-06,AMD
AMD260206P00262500,262.5,20.4,20.05,20.25,71.0,162.0,0.7476831872558594,True,PUT,2026-02-06,AMD
AMD260206P00265000,265.0,23.17,21.85,22.05,91.0,453.0,0.7490259472656251,True,PUT,2026-02-06,AMD
AMD260206P00267500,267.5,23.7,23.65,23.85,9.0,138.0,0.7454859436035157,True,PUT,2026-02-06,AMD
AMD260206P00270000,270.0,25.15,25.5,25.75,6.0,134.0,0.7424342163085937,True,PUT,2026-02-06,AMD
AMD260206P00272500,272.5,27.7,27.75,27.95,6.0,26.0,0.7633080310058593,True,PUT,2026-02-06,AMD
AMD260206P00275000,275.0,29.8,29.85,30.1,298.0,302.0,0.7729514892578125,True,PUT,2026-02-06,AMD
AMD260206P00277500,277.5,29.45,31.05,33.05,46.0,62.0,0.7744163183593751,True,PUT,2026-02-06,AMD
AMD260206P00280000,280.0,34.6,34.0,34.3,3.0,84.0,0.7740501110839844,True,PUT,2026-02-06,AMD
AMD260206P00282500,282.5,29.95,35.5,37.15,4.0,5.0,0.7771018383789063,True,PUT,2026-02-06,AMD
AMD260206P00285000,285.0,32.6,38.55,39.05,9.0,15.0,0.8088398022460936,True,PUT,2026-02-06,AMD
AMD260206P00287500,287.5,33.65,39.85,42.2,6.0,23.0,0.8120135986328124,True,PUT,2026-02-06,AMD
AMD260206P00290000,290.0,43.27,43.05,43.45,2.0,21.0,0.8112811840820311,True,PUT,2026-02-06,AMD
AMD260206P00292500,292.5,34.45,44.5,46.95,5.0,4.0,0.8393570751953124,True,PUT,2026-02-06,AMD
AMD260206P00295000,295.0,47.7,47.85,48.55,2.0,8.0,0.8664564135742188,True,PUT,2026-02-06,AMD
AMD260206P00297500,297.5,42.61,49.25,51.7,15.0,7.0,0.8657239990234374,True,PUT,2026-02-06,AMD
AMD260206P00300000,300.0,49.7,51.75,53.95,3.0,24.0,0.8762219409179688,True,PUT,2026-02-06,AMD
AMD260206P00307500,307.5,59.85,58.95,61.4,10.0,11.0,0.930664755859375,True,PUT,2026-02-06,AMD
AMD260206P00310000,310.0,57.3,61.55,63.75,15.0,15.0,0.9523930541992187,True,PUT,2026-02-06,AMD
AMD260206P00315000,315.0,61.35,66.3,68.7,2.0,2.0,0.9760744580078126,True,PUT,2026-02-06,AMD
AMD260213C00175000,175.0,72.89,72.65,74.5,4.0,26.0,1.0056202062988282,True,CALL,2026-02-13,AMD
AMD260213C00180000,180.0,72.5,67.75,69.6,7.0,241.0,0.5937540625000001,True,CALL,2026-02-13,AMD
AMD260213C00185000,185.0,64.34,62.9,64.7,4.0,81.0,0.6562534375000001,True,CALL,2026-02-13,AMD
AMD260213C00190000,190.0,65.97,58.05,60.05,3.0,88.0,0.6997100341796876,True,CALL,2026-02-13,AMD
AMD260213C00195000,195.0,54.3,53.3,54.65,1.0,191.0,0.6201209863281252,True,CALL,2026-02-13,AMD
AMD260213C00200000,200.0,46.35,48.55,49.85,21.0,816.0,0.6210975390625001,True,CALL,2026-02-13,AMD
AMD260213C00205000,205.0,44.68,44.1,45.25,16.0,162.0,0.6438023901367188,True,CALL,2026-02-13,AMD
AMD260213C00210000,210.0,36.5,39.75,40.7,6.0,402.0,0.6486851538085938,True,CALL,2026-02-13,AMD
AMD260213C00215000,215.0,33.9,35.25,36.35,35.0,428.0,0.6378210046386719,True,CALL,2026-02-13,AMD
AMD260213C00220000,220.0,27.33,31.45,32.1,83.0,482.0,0.6455113574218749,True,CALL,2026-02-13,AMD
AMD260213C00225000,225.0,29.05,27.6,27.85,60.0,620.0,0.6335485864257813,True,CALL,2026-02-13,AMD
AMD260213C00230000,230.0,23.9,23.9,24.15,254.0,736.0,0.6296423754882813,True,CALL,2026-02-13,AMD
AMD260213C00235000,235.0,20.3,20.6,20.8,41.0,681.0,0.6312292736816407,True,CALL,2026-02-13,AMD
AMD260213C00240000,240.0,17.54,17.55,17.7,279.0,1352.0,0.6301306518554688,True,CALL,2026-02-13,AMD
AMD260213C00245000,245.0,15.1,14.6,14.8,581.0,847.0,0.6213416772460938,True,CALL,2026-02-13,AMD
AMD260213C00250000,250.0,12.35,12.3,12.45,659.0,1652.0,0.6268958209228517,False,CALL,2026-02-13,AMD
AMD260213C00255000,255.0,10.32,10.15,10.3,379.0,1308.0,0.6262854754638674,False,CALL,2026-02-13,AMD
AMD260213C00260000,260.0,8.35,8.25,8.4,446.0,1904.0,0.6237830590820312,False,CALL,2026-02-13,AMD
AMD260213C00265000,265.0,7.02,6.75,6.9,233.0,828.0,0.6278113391113282,False,CALL,2026-02-13,AMD
AMD260213C00270000,270.0,5.64,5.5,5.6,378.0,1384.0,0.6312292736816407,False,CALL,2026-02-13,AMD
AMD260213C00275000,275.0,4.34,4.4,4.5,520.0,800.0,0.6324499645996093,False,CALL,2026-02-13,AMD
AMD260213C00280000,280.0,3.7,3.5,3.65,471.0,780.0,0.6359899682617188,False,CALL,2026-02-13,AMD
AMD260213C00285000,285.0,2.85,2.85,2.92,42.0,826.0,0.641605146484375,False,CALL,2026-02-13,AMD
AMD260213C00290000,290.0,2.52,2.29,2.33,33.0,403.0,0.6462437719726561,False,CALL,2026-02-13,AMD
AMD260213C00295000,295.0,2.05,1.81,1.86,27.0,198.0,0.6499058447265625,False,CALL,2026-02-13,AMD
AMD260213C00300000,300.0,1.56,1.44,1.5,344.0,1980.0,0.6555210229492189,False,CALL,2026-02-13,AMD
AMD260213C00305000,305.0,1.3,1.16,1.21,41.0,633.0,0.6621127539062501,False,CALL,2026-02-13,AMD
AMD260213C00310000,310.0,1.01,0.94,0.98,134.0,1287.0,0.6694368994140626,False,CALL,2026-02-13,AMD
AMD260213C00315000,315.0,0.65,0.76,0.8,13.0,150.0,0.676761044921875,False,CALL,2026-02-13,AMD
AMD260213C00320000,320.0,0.66,0.61,0.66,84.0,143.0,0.684573466796875,False,CALL,2026-02-13,AMD
AMD260213P00175000,175.0,0.32,0.28,0.32,8.0,418.0,0.8339860351562498,False,PUT,2026-02-13,AMD
AMD260213P00180000,180.0,0.39,0.37,0.4,17.0,539.0,0.8081073876953124,False,PUT,2026-02-13,AMD
AMD260213P00185000,185.0,0.53,0.47,0.51,2.0,264.0,0.7812521875,False,PUT,2026-02-13,AMD
AMD260213P00190000,190.0,0.7,0.61,0.65,107.0,518.0,0.7563500927734376,False,PUT,2026-02-13,AMD
AMD260213P00195000,195.0,0.9,0.81,0.86,32.0,397.0,0.7368190380859375,False,PUT,2026-02-13,AMD
AMD260213P00200000,200.0,1.3,1.08,1.13,122.0,1024.0,0.7182645361328125,False,PUT,2026-02-13,AMD
AMD260213P00205000,205.0,1.53,1.44,1.5,52.0,530.0,0.7023955541992188,False,PUT,2026-02-13,AMD
AMD260213P00210000,210.0,2.07,1.93,2.0,36.0,1073.0,0.6894562304687502,False,PUT,2026-02-13,AMD
AMD260213P00215000,215.0,2.69,2.59,2.68,66.0,441.0,0.6804231176757813,False,PUT,2026-02-13,AMD
AMD260213P00220000,220.0,3.47,3.4,3.55,176.0,812.0,0.6711458666992189,False,PUT,2026-02-13,AMD
AMD260213P00225000,225.0,4.47,4.5,4.6,264.0,896.0,0.664309997558594,False,PUT,2026-02-13,AMD
AMD260213P00230000,230.0,5.88,5.75,5.9,578.0,1448.0,0.6555210229492189,False,PUT,2026-02-13,AMD
AMD260213P00235000,235.0,7.4,7.35,7.55,86.0,567.0,0.6522251574707032,False,PUT,2026-02-13,AMD
AMD260213P00240000,240.0,9.49,9.25,9.45,132.0,330.0,0.648441015625,False,PUT,2026-02-13,AMD
AMD260213P00245000,245.0,11.75,11.5,11.7,132.0,795.0,0.6475865319824219,False,PUT,2026-02-13,AMD
AMD260213P00250000,250.0,13.95,14.1,14.25,259.0,540.0,0.6479527392578125,True,PUT,2026-02-13,AMD
AMD260213P00255000,255.0,19.22,16.95,17.15,90.0,246.0,0.6486851538085938,True,PUT,2026-02-13,AMD
AMD260213P00260000,260.0,19.4,20.15,20.4,125.0,157.0,0.6529575720214844,True,PUT,2026-02-13,AMD
AMD260213P00265000,265.0,28.57,23.65,23.85,2.0,87.0,0.657229990234375,True,PUT,2026-02-13,AMD
AMD260213P00270000,270.0,27.0,27.3,27.5,8.0,69.0,0.6583896466064454,True,PUT,2026-02-13,AMD
AMD260213P00275000,275.0,29.05,30.6,31.65,11.0,35.0,0.6513706738281251,True,PUT,2026-02-13,AMD
AMD260213P00280000,280.0,35.19,35.45,35.7,16.0,129.0,0.6781038049316408,True,PUT,2026-02-13,AMD
AMD260213P00285000,285.0,44.62,39.6,40.6,11.0,40.0,0.70312796875,True,PUT,2026-02-13,AMD
AMD260213P00290000,290.0,44.75,43.65,45.0,10.0,35.0,0.6990996887207033,True,PUT,2026-02-13,AMD
AMD260213P00295000,295.0,39.7,47.8,49.6,2.0,2.0,0.6962920996093751,True,PUT,2026-02-13,AMD
AMD260213P00300000,300.0,58.58,52.05,54.35,1.0,50.0,0.694338994140625,True,PUT,2026-02-13,AMD
AMD260213P00305000,305.0,52.45,56.95,59.4,1.0,1.0,0.7346217944335938,True,PUT,2026-02-13,AMD
AMD260220C00175000,175.0,73.97,72.95,74.2,12.0,1177.0,0.773439765625,True,CALL,2026-02-20,AMD
AMD260220C00180000,180.0,69.12,68.2,69.3,6.0,2182.0,0.5625043750000001,True,CALL,2026-02-20,AMD
AMD260220C00185000,185.0,64.76,63.3,64.55,5.0,1748.0,0.59570716796875,True,CALL,2026-02-20,AMD
AMD260220C00190000,190.0,59.58,58.85,59.6,25.0,1835.0,0.6225623681640625,True,CALL,2026-02-20,AMD
AMD260220C00195000,195.0,54.0,54.05,55.0,2.0,966.0,0.6228065063476562,True,CALL,2026-02-20,AMD
AMD260220C00200000,200.0,51.19,49.25,50.35,49.0,6055.0,0.6066933862304689,True,CALL,2026-02-20,AMD
AMD260220C00205000,205.0,46.65,44.65,46.1,4.0,13.0,0.6130409790039064,True,CALL,2026-02-20,AMD
AMD260220C00210000,210.0,41.25,40.6,41.3,72.0,8498.0,0.6044961425781252,True,CALL,2026-02-20,AMD
AMD260220C00212500,212.5,38.3,38.25,39.55,1.0,4.0,0.6082802844238282,True,CALL,2026-02-20,AMD
AMD260220C00215000,215.0,41.2,36.15,37.4,2.0,17.0,0.6030313134765627,True,CALL,2026-02-20,AMD
AMD260220C00217500,217.5,32.75,33.55,35.05,2.0,36.0,0.572391971435547,True,CALL,2026-02-20,AMD
AMD260220C00220000,220.0,32.55,32.3,33.1,808.0,8364.0,0.59570716796875,True,CALL,2026-02-20,AMD
AMD260220C00222500,222.5,34.92,30.75,30.95,19.0,44.0,0.5985147570800782,True,CALL,2026-02-20,AMD
AMD260220C00225000,225.0,26.5,28.95,29.2,12.0,90.0,0.6016885534667971,True,CALL,2026-02-20,AMD
AMD260220C00227500,227.5,23.84,27.0,27.2,3.0,73.0,0.5914957843017579,True,CALL,2026-02-20,AMD
AMD260220C00230000,230.0,25.45,25.2,25.4,221.0,6594.0,0.5875285388183593,True,CALL,2026-02-20,AMD
AMD260220C00232500,232.5,21.54,23.45,23.7,22.0,109.0,0.5842326733398437,True,CALL,2026-02-20,AMD
AMD260220C00235000,235.0,22.15,22.0,22.2,48.0,283.0,0.5893595751953126,True,CALL,2026-02-20,AMD
AMD260220C00237500,237.5,19.05,20.55,20.75,53.0,142.0,0.5922892333984376,True,CALL,2026-02-20,AMD
AMD260220C00240000,240.0,19.25,19.05,19.2,129.0,9458.0,0.588993367919922,True,CALL,2026-02-20,AMD
AMD260220C00242500,242.5,17.8,17.55,17.7,31.0,163.0,0.5839885351562499,True,CALL,2026-02-20,AMD
AMD260220C00245000,245.0,16.29,16.3,16.45,401.0,419.0,0.5865519860839843,True,CALL,2026-02-20,AMD
AMD260220C00247500,247.5,15.15,15.1,15.3,213.0,433.0,0.5892375061035158,True,CALL,2026-02-20,AMD
AMD260220C00250000,250.0,13.85,13.75,13.95,959.0,9639.0,0.5821574987792968,False,CALL,2026-02-20,AMD
AMD260220C00252500,252.5,13.7,12.7,12.9,211.0,738.0,0.5843547424316407,False,CALL,2026-02-20,AMD
AMD260220C00255000,255.0,11.81,11.65,11.85,935.0,678.0,0.5839885351562499,False,CALL,2026-02-20,AMD
AMD260220C00257500,257.5,10.82,10.75,10.9,119.0,543.0,0.5860637097167969,False,CALL,2026-02-20,AMD
AMD260220C00260000,260.0,9.84,9.75,9.9,2393.0,12609.0,0.582462671508789,False,CALL,2026-02-20,AMD
AMD260220C00265000,265.0,8.4,8.2,8.3,428.0,1772.0,0.5853312951660157,False,CALL,2026-02-20,AMD
AMD260220C00270000,270.0,6.9,6.75,6.95,738.0,5643.0,0.5863078479003907,False,CALL,2026-02-20,AMD
AMD260220C00275000,275.0,5.81,5.6,5.75,268.0,1077.0,0.5883219879150392,False,CALL,2026-02-20,AMD
AMD260220C00280000,280.0,4.8,4.6,4.75,3076.0,7157.0,0.5900919897460939,False,CALL,2026-02-20,AMD
AMD260220C00285000,285.0,3.86,3.8,3.95,214.0,625.0,0.5943644079589845,False,CALL,2026-02-20,AMD
AMD260220C00290000,290.0,3.25,3.1,3.25,682.0,2410.0,0.5968057897949219,False,CALL,2026-02-20,AMD
AMD260220C00295000,295.0,2.59,2.62,2.68,148.0,384.0,0.6031533825683595,False,CALL,2026-02-20,AMD
AMD260220C00300000,300.0,2.1,2.12,2.19,2939.0,11196.0,0.6051064880371095,False,CALL,2026-02-20,AMD
AMD260220C00305000,305.0,1.84,1.75,1.82,49.0,232.0,0.6103554589843752,False,CALL,2026-02-20,AMD
AMD260220C00310000,310.0,1.46,1.44,1.5,221.0,5187.0,0.6148720153808593,False,CALL,2026-02-20,AMD
AMD260220C00320000,320.0,1.13,0.98,1.03,241.0,3719.0,0.6247596118164063,False,CALL,2026-02-20,AMD
AMD260220P00175000,175.0,0.51,0.45,0.49,59.0,2349.0,0.7490259472656251,False,PUT,2026-02-20,AMD
AMD260220P00180000,180.0,0.6,0.57,0.61,74.0,3743.0,0.726565234375,False,PUT,2026-02-20,AMD
AMD260220P00185000,185.0,0.78,0.72,0.77,143.0,5445.0,0.7053252124023439,False,PUT,2026-02-20,AMD
AMD260220P00190000,190.0,1.05,0.93,0.97,210.0,7162.0,0.6862824340820313,False,PUT,2026-02-20,AMD
AMD260220P00195000,195.0,1.2,1.21,1.26,90.0,3750.0,0.6711458666992189,False,PUT,2026-02-20,AMD
AMD260220P00200000,200.0,1.6,1.57,1.63,555.0,10882.0,0.6568637829589845,False,PUT,2026-02-20,AMD
AMD260220P00205000,205.0,2.1,2.06,2.11,57.0,320.0,0.645389288330078,False,PUT,2026-02-20,AMD
AMD260220P00210000,210.0,2.67,2.67,2.73,561.0,10318.0,0.6350134155273439,False,PUT,2026-02-20,AMD
AMD260220P00212500,212.5,3.05,3.0,3.1,62.0,140.0,0.6291540991210938,False,PUT,2026-02-20,AMD
AMD260220P00215000,215.0,3.55,3.4,3.55,107.0,490.0,0.6257361645507813,False,PUT,2026-02-20,AMD
AMD260220P00217500,217.5,3.9,3.85,4.0,48.0,198.0,0.6213416772460938,False,PUT,2026-02-20,AMD
AMD260220P00220000,220.0,4.52,4.4,4.5,400.0,6383.0,0.6185340881347658,False,PUT,2026-02-20,AMD
AMD260220P00222500,222.5,5.02,4.95,5.05,19.0,393.0,0.6143837390136719,False,PUT,2026-02-20,AMD
AMD260220P00225000,225.0,5.68,5.55,5.7,131.0,771.0,0.6115151153564455,False,PUT,2026-02-20,AMD
AMD260220P00227500,227.5,6.39,6.25,6.35,52.0,457.0,0.6083413189697267,False,PUT,2026-02-20,AMD
AMD260220P00230000,230.0,7.2,6.95,7.1,488.0,8627.0,0.6048623498535157,False,PUT,2026-02-20,AMD
AMD260220P00232500,232.5,8.0,7.85,7.95,7.0,399.0,0.6055337298583985,False,PUT,2026-02-20,AMD
AMD260220P00235000,235.0,8.7,8.7,8.9,92.0,1296.0,0.6043740734863283,False,PUT,2026-02-20,AMD
AMD260220P00237500,237.5,9.85,9.6,9.75,47.0,418.0,0.5992471716308594,False,PUT,2026-02-20,AMD
AMD260220P00240000,240.0,10.8,10.65,10.8,526.0,4826.0,0.5990030334472658,False,PUT,2026-02-20,AMD
AMD260220P00242500,242.5,12.1,11.75,11.9,174.0,973.0,0.5979044116210939,False,PUT,2026-02-20,AMD
AMD260220P00245000,245.0,13.18,12.9,13.1,187.0,1818.0,0.5971719970703125,False,PUT,2026-02-20,AMD
AMD260220P00247500,247.5,14.15,14.15,14.3,123.0,499.0,0.5957682025146485,False,PUT,2026-02-20,AMD
AMD260220P00250000,250.0,15.5,15.55,15.7,325.0,2233.0,0.5986368261718751,True,PUT,2026-02-20,AMD
AMD260220P00252500,252.5,17.0,16.9,17.3,47.0,353.0,0.6019326916503909,True,PUT,2026-02-20,AMD
AMD260220P00255000,255.0,18.25,18.35,18.55,162.0,668.0,0.5975382043457032,True,PUT,2026-02-20,AMD
AMD260220P00257500,257.5,21.58,19.75,19.95,84.0,121.0,0.5926554406738282,True,PUT,2026-02-20,AMD
AMD260220P00260000,260.0,23.35,21.55,21.75,58.0,1661.0,0.6014444152832032,True,PUT,2026-02-20,AMD
AMD260220P00265000,265.0,25.0,24.95,25.15,39.0,181.0,0.6040078662109377,True,PUT,2026-02-20,AMD
AMD260220P00270000,270.0,32.3,28.45,28.7,11.0,1495.0,0.6025430371093752,True,PUT,2026-02-20,AMD
AMD260220P00275000,275.0,27.6,32.3,32.55,1.0,53.0,0.6068764898681642,True,PUT,2026-02-20,AMD
AMD260220P00280000,280.0,31.4,36.35,36.6,13.0,752.0,0.6127358062744142,True,PUT,2026-02-20,AMD
AMD260220P00285000,285.0,36.85,40.45,40.7,3.0,56.0,0.6134071862792969,True,PUT,2026-02-20,AMD
AMD260220P00290000,290.0,47.0,43.95,45.5,37.0,166.0,0.6084023535156251,True,PUT,2026-02-20,AMD
AMD260220P00295000,295.0,46.7,48.25,50.1,21.0,30.0,0.6143837390136719,True,PUT,2026-02-20,AMD
AMD260220P00300000,300.0,58.24,52.9,54.5,2.0,115.0,0.6191444335937502,True,PUT,2026-02-20,AMD
AMD260220P00305000,305.0,52.15,57.2,59.45,5.0,9.0,0.6257361645507813,True,PUT,2026-02-20,AMD
AMD260220P00310000,310.0,62.95,62.2,64.05,10.0,20.0,0.6428258374023439,True,PUT,2026-02-20,AMD
AMD260220P00320000,320.0,72.65,71.8,73.6,5.0,25.0,0.6645541357421877,True,PUT,2026-02-20,AMD
AMD260227C00175000,175.0,74.5,72.4,75.4,1.0,24.0,0.5971719970703125,True,CALL,2026-02-27,AMD
AMD260227C00180000,180.0,77.2,68.25,70.5,1.0,19.0,0.6638217211914064,True,CALL,2026-02-27,AMD
AMD260227C00185000,185.0,55.14,63.1,66.3,,6.0,0.6650424121093752,True,CALL,2026-02-27,AMD
AMD260227C00190000,190.0,66.12,58.5,61.15,1.0,58.0,0.6315954809570312,True,CALL,2026-02-27,AMD
AMD260227C00195000,195.0,61.24,53.8,56.6,2.0,35.0,0.6225623681640625,True,CALL,2026-02-27,AMD
AMD260227C00200000,200.0,54.8,49.35,52.0,12.0,227.0,0.6141396008300781,True,CALL,2026-02-27,AMD
AMD260227C00205000,205.0,46.6,45.35,47.75,20.0,73.0,0.626102371826172,True,CALL,2026-02-27,AMD
AMD260227C00210000,210.0,41.49,41.15,42.8,5.0,67.0,0.5972940661621093,True,CALL,2026-02-27,AMD
AMD260227C00215000,215.0,37.73,37.4,39.05,9.0,156.0,0.6099892517089844,True,CALL,2026-02-27,AMD
AMD260227C00220000,220.0,35.33,33.0,35.65,21.0,217.0,0.6030313134765627,True,CALL,2026-02-27,AMD
AMD260227C00225000,225.0,28.6,29.75,31.5,21.0,203.0,0.5965616516113281,True,CALL,2026-02-27,AMD
AMD260227C00230000,230.0,27.58,26.2,27.35,53.0,168.0,0.5756878369140624,True,CALL,2026-02-27,AMD
AMD260227C00235000,235.0,23.32,23.65,23.95,9.0,230.0,0.5818523260498047,True,CALL,2026-02-27,AMD
AMD260227C00240000,240.0,20.87,20.75,21.0,61.0,378.0,0.5801433587646485,True,CALL,2026-02-27,AMD
AMD260227C00245000,245.0,18.19,18.0,18.3,106.0,254.0,0.5769085278320312,True,CALL,2026-02-27,AMD
AMD260227C00250000,250.0,15.75,15.7,16.0,298.0,1201.0,0.5800823242187501,False,CALL,2026-02-27,AMD
AMD260227C00255000,255.0,13.55,13.5,13.75,301.0,1019.0,0.5775188732910157,False,CALL,2026-02-27,AMD
AMD260227C00260000,260.0,11.45,11.7,11.9,173.0,930.0,0.5809368078613282,False,CALL,2026-02-27,AMD
AMD260227C00265000,265.0,9.94,9.95,10.15,100.0,504.0,0.5793499096679688,False,CALL,2026-02-27,AMD
AMD260227C00270000,270.0,8.65,8.45,8.65,112.0,918.0,0.5794719787597657,False,CALL,2026-02-27,AMD
AMD260227C00275000,275.0,7.45,7.15,7.35,171.0,393.0,0.5800823242187501,False,CALL,2026-02-27,AMD
AMD260227C00280000,280.0,6.25,6.05,6.25,2027.0,473.0,0.5819133605957032,False,CALL,2026-02-27,AMD
AMD260227C00285000,285.0,5.57,5.15,5.3,137.0,277.0,0.584965087890625,False,CALL,2026-02-27,AMD
AMD260227C00290000,290.0,4.42,4.35,4.55,31.0,226.0,0.588993367919922,False,CALL,2026-02-27,AMD
AMD260227C00295000,295.0,3.55,3.7,3.85,47.0,75.0,0.5924113024902344,False,CALL,2026-02-27,AMD
AMD260227C00300000,300.0,3.12,3.1,3.25,224.0,628.0,0.5944864770507813,False,CALL,2026-02-27,AMD
AMD260227C00305000,305.0,2.53,2.64,2.76,7.0,111.0,0.5988809643554689,False,CALL,2026-02-27,AMD
AMD260227C00310000,310.0,2.38,2.24,2.33,163.0,918.0,0.6024209680175783,False,CALL,2026-02-27,AMD
AMD260227C00315000,315.0,2.05,1.9,1.99,15.0,79.0,0.6069375244140626,False,CALL,2026-02-27,AMD
AMD260227C00320000,320.0,1.51,1.6,1.68,22.0,127.0,0.6099892517089844,False,CALL,2026-02-27,AMD
AMD260227P00175000,175.0,0.78,0.68,0.75,79.0,130.0,0.7077665942382813,False,PUT,2026-02-27,AMD
AMD260227P00180000,180.0,0.88,0.86,0.92,72.0,220.0,0.6889679541015626,False,PUT,2026-02-27,AMD
AMD260227P00185000,185.0,1.12,1.09,1.16,55.0,92.0,0.6733431103515627,False,PUT,2026-02-27,AMD
AMD260227P00190000,190.0,1.46,1.39,1.47,88.0,413.0,0.6596713720703126,False,PUT,2026-02-27,AMD
AMD260227P00195000,195.0,1.86,1.75,1.85,208.0,206.0,0.6455113574218749,False,PUT,2026-02-27,AMD
AMD260227P00200000,200.0,2.26,2.25,2.35,98.0,618.0,0.6357458300781251,False,PUT,2026-02-27,AMD
AMD260227P00205000,205.0,2.86,2.85,3.0,96.0,244.0,0.6269568554687501,False,PUT,2026-02-27,AMD
AMD260227P00210000,210.0,4.35,3.6,3.75,123.0,306.0,0.6179237426757813,False,PUT,2026-02-27,AMD
AMD260227P00215000,215.0,4.65,4.5,4.65,20.0,364.0,0.6092568371582032,False,PUT,2026-02-27,AMD
AMD260227P00220000,220.0,5.6,5.55,5.75,114.0,645.0,0.601139242553711,False,PUT,2026-02-27,AMD
AMD260227P00225000,225.0,7.15,6.9,7.15,67.0,356.0,0.5982095843505859,False,PUT,2026-02-27,AMD
AMD260227P00230000,230.0,8.7,8.45,8.65,50.0,592.0,0.5925333715820313,False,PUT,2026-02-27,AMD
AMD260227P00235000,235.0,10.25,10.2,10.45,19.0,257.0,0.5880778497314454,False,PUT,2026-02-27,AMD
AMD260227P00240000,240.0,12.65,12.3,12.5,139.0,398.0,0.5861247442626953,False,PUT,2026-02-27,AMD
AMD260227P00245000,245.0,14.35,14.5,14.75,131.0,116.0,0.5809368078613282,False,PUT,2026-02-27,AMD
AMD260227P00250000,250.0,17.25,17.15,17.45,38.0,889.0,0.5831340515136718,True,PUT,2026-02-27,AMD
AMD260227P00255000,255.0,20.1,20.05,20.3,54.0,450.0,0.5841106042480468,True,PUT,2026-02-27,AMD
AMD260227P00260000,260.0,22.67,23.1,23.45,19.0,195.0,0.584965087890625,True,PUT,2026-02-27,AMD
AMD260227P00265000,265.0,28.27,26.35,26.6,53.0,57.0,0.5816692224121094,True,PUT,2026-02-27,AMD
AMD260227P00270000,270.0,27.58,29.85,31.4,1.0,6.0,0.606571317138672,True,PUT,2026-02-27,AMD
AMD260227P00275000,275.0,32.96,33.7,34.05,1.0,6.0,0.5905802661132813,True,PUT,2026-02-27,AMD
AMD260227P00280000,280.0,33.95,37.4,39.1,1.0,7.0,0.6131630480957033,True,PUT,2026-02-27,AMD
AMD260227P00285000,285.0,41.55,41.6,43.1,15.0,1.0,0.6193275372314455,True,PUT,2026-02-27,AMD
AMD260227P00290000,290.0,41.93,45.3,47.3,39.0,41.0,0.6127358062744142,True,PUT,2026-02-27,AMD
AMD260227P00295000,295.0,53.7,48.7,51.6,1.0,3.0,0.5931437170410157,True,PUT,2026-02-27,AMD
AMD260227P00300000,300.0,50.53,53.3,56.1,2.0,6.0,0.6040078662109377,True,PUT,2026-02-27,AMD
AMD260227P00305000,305.0,56.05,58.05,60.55,1.0,2.0,0.6138954626464845,True,PUT,2026-02-27,AMD
AMD260227P00310000,310.0,60.75,62.2,64.8,1.0,2.0,0.5916788879394532,True,PUT,2026-02-27,AMD
AMD260227P00315000,315.0,60.3,67.15,69.95,4.0,0.0,0.6256140954589844,True,PUT,2026-02-27,AMD
AMD260227P00320000,320.0,65.05,71.45,74.65,2.0,2.0,0.6141396008300781,True,PUT,2026-02-27,AMD
AMD260306C00175000,175.0,78.29,73.1,75.85,,1.0,0.657229990234375,True,CALL,2026-03-06,AMD
AMD260306C00200000,200.0,60.32,50.15,52.9,2.0,3.0,0.6130409790039064,True,CALL,2026-03-06,AMD
AMD260306C00210000,210.0,51.14,42.85,44.4,5.0,3.0,0.6245154736328126,True,CALL,2026-03-06,AMD
AMD260306C00215000,215.0,43.1,38.75,40.6,4.0,7.0,0.6167030517578126,True,CALL,2026-03-06,AMD
AMD260306C00220000,220.0,35.95,35.2,37.1,2.0,25.0,0.6197547790527345,True,CALL,2026-03-06,AMD
AMD260306C00225000,225.0,37.14,31.6,32.6,1.0,12.0,0.5946695806884765,True,CALL,2026-03-06,AMD
AMD260306C00230000,230.0,24.82,28.15,28.7,12.0,31.0,0.5786174951171875,True,CALL,2026-03-06,AMD
AMD260306C00235000,235.0,25.5,25.2,25.6,2.0,14.0,0.5789837023925781,True,CALL,2026-03-06,AMD
AMD260306C00240000,240.0,22.7,22.0,22.65,34.0,64.0,0.570316796875,True,CALL,2026-03-06,AMD
AMD260306C00245000,245.0,20.0,19.65,20.05,154.0,85.0,0.5741009387207032,True,CALL,2026-03-06,AMD
AMD260306C00250000,250.0,18.0,17.2,17.6,112.0,134.0,0.5714764532470704,False,CALL,2026-03-06,AMD
AMD260306C00255000,255.0,15.07,15.05,15.4,92.0,307.0,0.5707440386962892,False,CALL,2026-03-06,AMD
AMD260306C00260000,260.0,13.34,13.1,13.5,68.0,257.0,0.5712933496093751,False,CALL,2026-03-06,AMD
AMD260306C00265000,265.0,12.2,11.4,11.75,11.0,62.0,0.5719036950683594,False,CALL,2026-03-06,AMD
AMD260306C00270000,270.0,10.17,9.9,10.2,60.0,183.0,0.5729412823486328,False,CALL,2026-03-06,AMD
AMD260306C00275000,275.0,8.8,8.55,8.85,28.0,98.0,0.5741009387207032,False,CALL,2026-03-06,AMD
AMD260306C00280000,280.0,7.68,7.35,7.65,31.0,117.0,0.5749554223632812,False,CALL,2026-03-06,AMD
AMD260306C00285000,285.0,6.35,6.4,6.6,535.0,541.0,0.5778850805664062,False,CALL,2026-03-06,AMD
AMD260306C00290000,290.0,5.18,5.45,5.75,4.0,33.0,0.5798381860351562,False,CALL,2026-03-06,AMD
AMD260306C00295000,295.0,4.73,4.7,4.95,12.0,52.0,0.5821574987792968,False,CALL,2026-03-06,AMD
AMD260306C00300000,300.0,4.12,4.0,4.25,76.0,97.0,0.5832561206054687,False,CALL,2026-03-06,AMD
AMD260306C00305000,305.0,3.55,3.45,3.65,11.0,41.0,0.5860026751708984,False,CALL,2026-03-06,AMD
AMD260306C00310000,310.0,3.1,3.0,3.2,7.0,42.0,0.5914347497558594,False,CALL,2026-03-06,AMD
AMD260306C00315000,315.0,2.67,2.53,2.72,6.0,25.0,0.5915568188476563,False,CALL,2026-03-06,AMD
AMD260306C00320000,320.0,3.24,2.22,2.38,1.0,71.0,0.5974161352539062,False,CALL,2026-03-06,AMD
AMD260306P00175000,175.0,1.15,0.91,1.02,2.0,49.0,0.6762727685546877,False,PUT,2026-03-06,AMD
AMD260306P00180000,180.0,1.45,1.18,1.28,1.0,57.0,0.6647982739257814,False,PUT,2026-03-06,AMD
AMD260306P00185000,185.0,1.55,1.47,1.58,27.0,14.0,0.65039412109375,False,PUT,2026-03-06,AMD
AMD260306P00190000,190.0,1.92,1.87,1.96,13.0,68.0,0.6391637646484375,False,PUT,2026-03-06,AMD
AMD260306P00195000,195.0,2.47,2.33,2.46,26.0,77.0,0.6286658227539064,False,PUT,2026-03-06,AMD
AMD260306P00200000,200.0,3.0,2.9,3.05,70.0,162.0,0.6186561572265626,False,PUT,2026-03-06,AMD
AMD260306P00205000,205.0,4.3,3.55,3.8,15.0,42.0,0.6093789062500001,False,PUT,2026-03-06,AMD
AMD260306P00210000,210.0,4.5,4.4,4.65,23.0,128.0,0.6012002770996094,False,PUT,2026-03-06,AMD
AMD260306P00215000,215.0,5.6,5.4,5.65,34.0,83.0,0.5933878552246095,False,PUT,2026-03-06,AMD
AMD260306P00220000,220.0,5.99,6.6,6.9,6.0,251.0,0.5881999188232423,False,PUT,2026-03-06,AMD
AMD260306P00225000,225.0,9.27,8.05,8.3,43.0,278.0,0.5836223278808592,False,PUT,2026-03-06,AMD
AMD260306P00230000,230.0,9.8,9.7,10.0,46.0,156.0,0.5808757733154297,False,PUT,2026-03-06,AMD
AMD260306P00235000,235.0,11.52,11.5,11.9,10.0,63.0,0.5768474932861327,False,PUT,2026-03-06,AMD
AMD260306P00240000,240.0,13.7,13.65,14.05,49.0,93.0,0.5756268023681641,False,PUT,2026-03-06,AMD
AMD260306P00245000,245.0,16.03,16.0,16.3,31.0,63.0,0.5720867987060547,False,PUT,2026-03-06,AMD
AMD260306P00250000,250.0,20.34,18.55,18.9,185.0,263.0,0.570316796875,True,PUT,2026-03-06,AMD
AMD260306P00255000,255.0,23.24,21.4,21.75,187.0,608.0,0.5703778314208985,True,PUT,2026-03-06,AMD
AMD260306P00260000,260.0,28.13,24.4,24.75,311.0,352.0,0.5684857604980469,True,PUT,2026-03-06,AMD
AMD260306P00265000,265.0,27.11,27.7,28.05,2.0,18.0,0.5698895550537109,True,PUT,2026-03-06,AMD
AMD260306P00270000,270.0,31.8,31.1,31.5,3.0,25.0,0.5691571405029296,True,PUT,2026-03-06,AMD
AMD260306P00275000,275.0,34.55,34.75,35.15,1.0,18.0,0.5701336932373047,True,PUT,2026-03-06,AMD
AMD260306P00280000,280.0,33.5,38.5,39.45,5.0,12.0,0.579105771484375,True,PUT,2026-03-06,AMD
AMD260306P00285000,285.0,46.1,42.5,44.4,20.0,3.0,0.6006509661865236,True,PUT,2026-03-06,AMD
AMD260306P00290000,290.0,40.7,45.6,48.5,2.0,1.0,0.5835002587890624,True,PUT,2026-03-06,AMD
AMD260320C00175000,175.0,75.33,74.75,75.85,9.0,4668.0,0.6491734301757812,True,CALL,2026-03-20,AMD
AMD260320C00180000,180.0,71.0,70.2,71.65,24.0,2912.0,0.6577182666015625,True,CALL,2026-03-20,AMD
AMD260320C00185000,185.0,66.5,65.65,66.9,72.0,1372.0,0.6384313500976562,True,CALL,2026-03-20,AMD
AMD260320C00190000,190.0,61.15,61.5,62.4,57.0,2693.0,0.635867899169922,True,CALL,2026-03-20,AMD
AMD260320C00195000,195.0,57.7,56.8,57.85,21.0,2212.0,0.6109658044433595,True,CALL,2026-03-20,AMD
AMD260320C00200000,200.0,53.0,52.75,53.65,129.0,17173.0,0.6084023535156251,True,CALL,2026-03-20,AMD
AMD260320C00210000,210.0,45.8,44.9,45.65,21.0,5999.0,0.5990030334472658,True,CALL,2026-03-20,AMD
AMD260320C00220000,220.0,38.0,37.6,38.0,152.0,7000.0,0.5844768115234374,True,CALL,2026-03-20,AMD
AMD260320C00230000,230.0,31.05,31.25,31.45,141.0,13360.0,0.5817302569580078,True,CALL,2026-03-20,AMD
AMD260320C00240000,240.0,25.28,25.45,25.7,484.0,4631.0,0.5768474932861327,True,CALL,2026-03-20,AMD
AMD260320C00250000,250.0,20.6,20.4,20.6,1199.0,12549.0,0.5705914523315431,False,CALL,2026-03-20,AMD
AMD260320C00260000,260.0,16.35,16.2,16.35,1068.0,6253.0,0.5675092077636719,False,CALL,2026-03-20,AMD
AMD260320C00270000,270.0,12.95,12.8,13.0,490.0,5772.0,0.5689130023193358,False,CALL,2026-03-20,AMD
AMD260320C00280000,280.0,10.1,10.1,10.25,3702.0,5839.0,0.5715374877929689,False,CALL,2026-03-20,AMD
AMD260320C00290000,290.0,7.86,7.8,7.95,175.0,3200.0,0.5709271423339843,False,CALL,2026-03-20,AMD
AMD260320C00300000,300.0,6.26,6.1,6.25,1482.0,13065.0,0.5754436987304687,False,CALL,2026-03-20,AMD
AMD260320C00310000,310.0,4.94,4.75,4.85,72.0,1733.0,0.5786785296630859,False,CALL,2026-03-20,AMD
AMD260320C00320000,320.0,3.75,3.65,3.8,48.0,3996.0,0.5821574987792968,False,CALL,2026-03-20,AMD
AMD260320P00175000,175.0,1.61,1.56,1.61,227.0,13095.0,0.6419713537597658,False,PUT,2026-03-20,AMD
AMD260320P00180000,180.0,2.2,1.92,1.99,221.0,5568.0,0.6317175500488281,False,PUT,2026-03-20,AMD
AMD260320P00185000,185.0,2.45,2.35,2.42,270.0,1993.0,0.6209754699707033,False,PUT,2026-03-20,AMD
AMD260320P00190000,190.0,2.96,2.88,2.96,167.0,8025.0,0.6120644262695314,False,PUT,2026-03-20,AMD
AMD260320P00195000,195.0,3.62,3.5,3.65,90.0,13978.0,0.6048623498535157,False,PUT,2026-03-20,AMD
AMD260320P00200000,200.0,4.25,4.3,4.35,385.0,17018.0,0.5969278588867188,False,PUT,2026-03-20,AMD
AMD260320P00210000,210.0,6.35,6.2,6.35,500.0,11337.0,0.5847209497070311,False,PUT,2026-03-20,AMD
AMD260320P00220000,220.0,8.9,8.8,8.95,712.0,5402.0,0.574772318725586,False,PUT,2026-03-20,AMD
AMD260320P00230000,230.0,12.31,12.1,12.3,732.0,5906.0,0.5663495513916017,False,PUT,2026-03-20,AMD
AMD260320P00240000,240.0,16.5,16.3,16.45,1910.0,3729.0,0.5611005804443359,False,PUT,2026-03-20,AMD
AMD260320P00250000,250.0,21.43,21.4,21.5,1779.0,4810.0,0.5594526477050781,True,PUT,2026-03-20,AMD
AMD260320P00260000,260.0,27.52,27.0,27.25,270.0,3193.0,0.5536543658447266,True,PUT,2026-03-20,AMD
AMD260320P00270000,270.0,36.48,33.7,33.95,18.0,1158.0,0.5566450585937501,True,PUT,2026-03-20,AMD
AMD260320P00280000,280.0,40.1,40.95,41.2,10.0,403.0,0.5577436804199221,True,PUT,2026-03-20,AMD
AMD260320P00290000,290.0,48.59,48.55,49.3,6.0,358.0,0.5607954077148438,True,PUT,2026-03-20,AMD
AMD260320P00300000,300.0,54.09,55.95,57.3,7.0,136.0,0.5416915948486329,True,PUT,2026-03-20,AMD
AMD260320P00310000,310.0,60.25,65.45,66.7,2.0,62.0,0.5751385260009765,True,PUT,2026-03-20,AMD
AMD260320P00320000,320.0,68.55,73.9,75.9,1.0,22.0,0.573368524169922,True,PUT,2026-03-20,AMD
AMD260417C00175000,175.0,74.19,76.5,77.7,5.0,569.0,0.6355016918945313,True,CALL,2026-04-17,AMD
AMD260417C00180000,180.0,69.49,72.6,73.4,1.0,1784.0,0.6399572137451173,True,CALL,2026-04-17,AMD
AMD260417C00185000,185.0,62.87,67.75,68.95,1.0,429.0,0.6151161535644531,True,CALL,2026-04-17,AMD
AMD260417C00190000,190.0,61.54,63.95,64.55,4.0,1170.0,0.6112709771728517,True,CALL,2026-04-17,AMD
AMD260417C00195000,195.0,60.28,59.65,60.5,95.0,1151.0,0.6005899316406251,True,CALL,2026-04-17,AMD
AMD260417C00200000,200.0,57.5,55.8,56.75,3.0,1566.0,0.5993692407226563,True,CALL,2026-04-17,AMD
AMD260417C00210000,210.0,48.82,48.25,48.95,44.0,2744.0,0.5826457751464844,True,CALL,2026-04-17,AMD
AMD260417C00220000,220.0,40.06,41.45,42.45,22.0,2287.0,0.5801433587646485,True,CALL,2026-04-17,AMD
AMD260417C00230000,230.0,36.07,35.1,35.65,13.0,1859.0,0.5647626531982424,True,CALL,2026-04-17,AMD
AMD260417C00240000,240.0,29.8,29.7,30.15,517.0,2288.0,0.5620466159057618,True,CALL,2026-04-17,AMD
AMD260417C00250000,250.0,25.17,25.0,25.2,849.0,4771.0,0.5593305786132813,False,CALL,2026-04-17,AMD
AMD260417C00260000,260.0,20.7,20.8,21.0,224.0,2346.0,0.5571638522338869,False,CALL,2026-04-17,AMD
AMD260417C00270000,270.0,17.25,17.25,17.45,252.0,3491.0,0.5568281622314455,False,CALL,2026-04-17,AMD
AMD260417C00280000,280.0,14.3,14.3,14.5,164.0,1705.0,0.5584150604248048,False,CALL,2026-04-17,AMD
AMD260417C00290000,290.0,11.82,11.75,11.95,43.0,1682.0,0.5586591986083984,False,CALL,2026-04-17,AMD
AMD260417C00300000,300.0,9.75,9.65,9.8,1076.0,5398.0,0.5593916131591796,False,CALL,2026-04-17,AMD
AMD260417C00310000,310.0,8.3,7.85,8.1,228.0,1403.0,0.5607954077148438,False,CALL,2026-04-17,AMD
AMD260417C00320000,320.0,6.7,6.55,6.7,42.0,666.0,0.5653119641113282,False,CALL,2026-04-17,AMD
AMD260417P00175000,175.0,2.79,2.76,2.85,18.0,1759.0,0.5955850988769531,False,PUT,2026-04-17,AMD
AMD260417P00180000,180.0,3.4,3.3,3.4,516.0,2934.0,0.5874064697265625,False,PUT,2026-04-17,AMD
AMD260417P00185000,185.0,4.49,3.95,4.05,34.0,2349.0,0.5805706005859376,False,PUT,2026-04-17,AMD
AMD260417P00190000,190.0,4.8,4.65,4.8,583.0,12458.0,0.5729412823486328,False,PUT,2026-04-17,AMD
AMD260417P00195000,195.0,5.5,5.5,5.65,25.0,1256.0,0.5664716204833984,False,PUT,2026-04-17,AMD
AMD260417P00200000,200.0,6.55,6.55,6.65,55.0,5209.0,0.5622602368164062,False,PUT,2026-04-17,AMD
AMD260417P00210000,210.0,9.05,8.95,9.05,156.0,6931.0,0.55273884765625,False,PUT,2026-04-17,AMD
AMD260417P00220000,220.0,12.05,11.95,12.15,354.0,12038.0,0.5458419439697266,False,PUT,2026-04-17,AMD
AMD260417P00230000,230.0,15.8,15.7,15.9,211.0,2960.0,0.5409591802978517,False,PUT,2026-04-17,AMD
AMD260417P00240000,240.0,20.2,20.0,20.2,201.0,1492.0,0.5340012420654296,False,PUT,2026-04-17,AMD
AMD260417P00250000,250.0,25.35,25.2,25.4,869.0,2003.0,0.5326584820556641,True,PUT,2026-04-17,AMD
AMD260417P00260000,260.0,31.3,30.9,31.1,67.0,1128.0,0.5284165811157228,True,PUT,2026-04-17,AMD
AMD260417P00270000,270.0,36.65,37.45,37.65,26.0,841.0,0.5297288238525393,True,PUT,2026-04-17,AMD
AMD260417P00280000,280.0,42.46,43.95,44.8,25.0,194.0,0.5250596810913085,True,PUT,2026-04-17,AMD
AMD260417P00290000,290.0,48.64,51.15,52.1,1.0,258.0,0.5183763983154297,True,PUT,2026-04-17,AMD
AMD260417P00300000,300.0,63.62,59.35,60.35,20.0,106.0,0.5252733020019531,True,PUT,2026-04-17,AMD
AMD260417P00310000,310.0,71.89,67.1,68.85,13.0,43.0,0.5198412274169921,True,PUT,2026-04-17,AMD
AMD260417P00320000,320.0,80.63,75.85,77.4,62.0,31.0,0.5200853656005859,True,PUT,2026-04-17,AMD
AMD260515C00175000,175.0,82.89,78.7,80.2,1.0,762.0,0.6420934228515626,True,CALL,2026-05-15,AMD
AMD260515C00180000,180.0,75.3,74.95,75.8,13.0,645.0,0.6372106591796876,True,CALL,2026-05-15,AMD
AMD260515C00185000,185.0,70.0,70.6,72.0,3.0,366.0,0.6292761682128907,True,CALL,2026-05-15,AMD
AMD260515C00190000,190.0,65.08,66.2,68.35,4.0,396.0,0.6203040899658205,True,CALL,2026-05-15,AMD
AMD260515C00195000,195.0,60.1,62.95,64.05,42.0,477.0,0.6159706372070313,True,CALL,2026-05-15,AMD
AMD260515C00200000,200.0,59.85,59.2,60.15,31.0,11318.0,0.6073647662353516,True,CALL,2026-05-15,AMD
AMD260515C00210000,210.0,53.7,52.45,53.25,152.0,2087.0,0.6029092443847659,True,CALL,2026-05-15,AMD
AMD260515C00220000,220.0,46.1,46.0,46.75,41.0,4496.0,0.5949747534179688,True,CALL,2026-05-15,AMD
AMD260515C00230000,230.0,40.5,40.2,40.85,106.0,6095.0,0.5897257824707032,True,CALL,2026-05-15,AMD
AMD260515C00240000,240.0,35.54,34.9,35.4,742.0,1447.0,0.5837443969726561,True,CALL,2026-05-15,AMD
AMD260515C00250000,250.0,30.07,30.25,30.45,161.0,2305.0,0.5791362887573243,False,CALL,2026-05-15,AMD
AMD260515C00260000,260.0,26.45,26.1,26.3,73.0,2160.0,0.5774578387451172,False,CALL,2026-05-15,AMD
AMD260515C00270000,270.0,23.3,22.55,22.75,108.0,3231.0,0.5782512878417969,False,CALL,2026-05-15,AMD
AMD260515C00280000,280.0,19.4,19.25,19.45,77.0,5219.0,0.5755962850952149,False,CALL,2026-05-15,AMD
AMD260515C00290000,290.0,17.07,16.6,16.8,26.0,5781.0,0.5777935287475585,False,CALL,2026-05-15,AMD
AMD260515C00300000,300.0,14.29,14.25,14.45,241.0,4145.0,0.5790142196655274,False,CALL,2026-05-15,AMD
AMD260515C00310000,310.0,12.25,12.2,12.4,98.0,2416.0,0.5799602551269532,False,CALL,2026-05-15,AMD
AMD260515C00320000,320.0,10.45,10.45,10.6,85.0,1710.0,0.5808147387695313,False,CALL,2026-05-15,AMD
AMD260515P00175000,175.0,4.56,4.5,4.65,7.0,2123.0,0.5911906115722658,False,PUT,2026-05-15,AMD
AMD260515P00180000,180.0,5.46,5.3,5.5,37.0,4461.0,0.5872844006347657,False,PUT,2026-05-15,AMD
AMD260515P00185000,185.0,6.87,6.15,6.35,2.0,3077.0,0.5808147387695313,False,PUT,2026-05-15,AMD
AMD260515P00190000,190.0,7.34,7.15,7.3,75.0,2148.0,0.5753826641845703,False,PUT,2026-05-15,AMD
AMD260515P00195000,195.0,8.27,8.25,8.45,57.0,1123.0,0.5713543841552735,False,PUT,2026-05-15,AMD
AMD260515P00200000,200.0,9.69,9.45,9.65,112.0,8438.0,0.5662274822998048,False,PUT,2026-05-15,AMD
AMD260515P00210000,210.0,12.55,12.35,12.55,87.0,2428.0,0.5596967858886719,False,PUT,2026-05-15,AMD
AMD260515P00220000,220.0,15.9,15.8,16.0,11.0,3074.0,0.5538985040283204,False,PUT,2026-05-15,AMD
AMD260515P00230000,230.0,20.97,19.8,20.0,8.0,1022.0,0.5482833258056643,False,PUT,2026-05-15,AMD
AMD260515P00240000,240.0,24.56,24.4,24.65,17.0,1305.0,0.5442245285034181,False,PUT,2026-05-15,AMD
AMD260515P00250000,250.0,30.0,29.7,29.85,45.0,924.0,0.5416000430297853,True,PUT,2026-05-15,AMD
AMD260515P00260000,260.0,39.05,35.5,36.2,13.0,467.0,0.5444381494140625,True,PUT,2026-05-15,AMD
AMD260515P00270000,270.0,45.0,41.75,42.0,4.0,92.0,0.5370224520874024,True,PUT,2026-05-15,AMD
AMD260515P00280000,280.0,51.0,48.6,48.85,2.0,71.0,0.5362900375366212,True,PUT,2026-05-15,AMD
AMD260515P00290000,290.0,57.65,55.65,56.9,5.0,93.0,0.5411422839355471,True,PUT,2026-05-15,AMD
AMD260515P00300000,300.0,65.6,63.05,63.85,5.0,61.0,0.5305833074951172,True,PUT,2026-05-15,AMD
AMD260515P00310000,310.0,66.05,71.25,72.75,4.0,44.0,0.5421188366699221,True,PUT,2026-05-15,AMD
AMD260515P00320000,320.0,76.1,78.95,80.25,10.0,77.0,0.5252122674560546,True,PUT,2026-05-15,AMD
AMD260618C00175000,175.0,88.21,81.45,82.35,35.0,3032.0,0.6347692773437501,True,CALL,2026-06-18,AMD
AMD260618C00180000,180.0,78.5,77.35,78.3,2.0,4988.0,0.625125819091797,True,CALL,2026-06-18,AMD
AMD260618C00185000,185.0,74.15,73.5,74.4,5.0,2122.0,0.6188392608642579,True,CALL,2026-06-18,AMD
AMD260618C00190000,190.0,66.55,69.6,70.7,3.0,1736.0,0.6122475299072268,True,CALL,2026-06-18,AMD
AMD260618C00195000,195.0,66.71,66.15,67.15,2.0,2274.0,0.6105385626220705,True,CALL,2026-06-18,AMD
AMD260618C00200000,200.0,62.61,62.6,63.3,39.0,8100.0,0.6019937261962893,True,CALL,2026-06-18,AMD
AMD260618C00210000,210.0,53.8,55.9,56.85,21.0,2728.0,0.5962259616088867,True,CALL,2026-06-18,AMD
AMD260618C00220000,220.0,50.87,49.9,50.6,58.0,3187.0,0.5905192315673828,True,CALL,2026-06-18,AMD
AMD260618C00230000,230.0,45.79,44.05,45.0,128.0,3478.0,0.5839885351562499,True,CALL,2026-06-18,AMD
AMD260618C00240000,240.0,39.2,38.9,39.6,142.0,4111.0,0.5775493905639649,True,CALL,2026-06-18,AMD
AMD260618C00250000,250.0,34.6,34.5,34.7,138.0,7998.0,0.5742230078125,False,CALL,2026-06-18,AMD
AMD260618C00260000,260.0,30.35,30.4,30.6,288.0,6832.0,0.5728497305297852,False,CALL,2026-06-18,AMD
AMD260618C00270000,270.0,27.54,26.85,27.05,136.0,7508.0,0.5737042141723633,False,CALL,2026-06-18,AMD
AMD260618C00280000,280.0,24.0,23.55,23.75,312.0,3123.0,0.5724530059814454,False,CALL,2026-06-18,AMD
AMD260618C00290000,290.0,20.7,20.7,20.95,25.0,1349.0,0.5732159378051759,False,CALL,2026-06-18,AMD
AMD260618C00300000,300.0,18.25,18.15,18.35,391.0,9642.0,0.5728192132568359,False,CALL,2026-06-18,AMD
AMD260618C00310000,310.0,16.5,15.95,16.15,17.0,1695.0,0.5738873178100586,False,CALL,2026-06-18,AMD
AMD260618C00320000,320.0,13.44,14.0,14.2,12.0,3004.0,0.5748028359985352,False,CALL,2026-06-18,AMD
AMD260618P00175000,175.0,5.85,6.15,6.35,16.0,2554.0,0.5714764532470704,False,PUT,2026-06-18,AMD
AMD260618P00180000,180.0,7.85,7.1,7.25,74.0,12012.0,0.5662885168457032,False,PUT,2026-06-18,AMD
AMD260618P00185000,185.0,8.24,8.1,8.3,11.0,3738.0,0.5612836840820312,False,PUT,2026-06-18,AMD
AMD260618P00190000,190.0,9.35,9.3,9.5,32.0,8206.0,0.5583540258789064,False,PUT,2026-06-18,AMD
AMD260618P00195000,195.0,10.73,10.55,10.75,51.0,2067.0,0.5540205731201173,False,PUT,2026-06-18,AMD
AMD260618P00200000,200.0,11.9,11.95,12.1,164.0,12419.0,0.5500838449096681,False,PUT,2026-06-18,AMD
AMD260618P00210000,210.0,15.15,15.05,15.25,69.0,5832.0,0.5430343548583985,False,PUT,2026-06-18,AMD
AMD260618P00220000,220.0,18.95,18.8,19.0,346.0,2157.0,0.5389450402832032,False,PUT,2026-06-18,AMD
AMD260618P00230000,230.0,23.1,23.05,23.2,41.0,1693.0,0.5344284838867188,False,PUT,2026-06-18,AMD
AMD260618P00240000,240.0,29.15,27.75,27.95,174.0,2658.0,0.5300339965820313,False,PUT,2026-06-18,AMD
AMD260618P00250000,250.0,33.07,33.1,33.3,192.0,3922.0,0.5279283047485351,True,PUT,2026-06-18,AMD
AMD260618P00260000,260.0,38.9,38.8,39.05,79.0,886.0,0.5242051974487304,True,PUT,2026-06-18,AMD
AMD260618P00270000,270.0,44.75,45.1,45.35,4.0,446.0,0.5225572647094726,True,PUT,2026-06-18,AMD
AMD260618P00280000,280.0,50.4,51.7,52.0,3.0,259.0,0.5193529510498047,True,PUT,2026-06-18,AMD
AMD260618P00290000,290.0,56.3,59.05,59.3,15.0,73.0,0.5213976083374022,True,PUT,2026-06-18,AMD
AMD260618P00300000,300.0,66.13,65.95,67.25,101.0,1215.0,0.5192003646850586,True,PUT,2026-06-18,AMD
AMD260618P00310000,310.0,81.95,73.45,74.6,10.0,51.0,0.5109607009887696,True,PUT,2026-06-18,AMD
AMD260618P00320000,320.0,82.1,81.55,82.7,3.0,29.0,0.5095874237060547,True,PUT,2026-06-18,AMD
AMD260717C00175000,175.0,89.25,82.8,84.5,10.0,50.0,0.6234778863525392,True,CALL,2026-07-17,AMD
AMD260717C00180000,180.0,84.55,78.8,80.6,18.0,145.0,0.6149940844726562,True,CALL,2026-07-17,AMD
AMD260717C00185000,185.0,81.08,75.8,77.15,1.0,142.0,0.6212196081542969,True,CALL,2026-07-17,AMD
AMD260717C00190000,190.0,70.25,71.8,73.0,14.0,236.0,0.6063576962280274,True,CALL,2026-07-17,AMD
AMD260717C00195000,195.0,69.0,68.45,70.25,4.0,62.0,0.6113320117187502,True,CALL,2026-07-17,AMD
AMD260717C00200000,200.0,62.0,65.2,66.05,1.0,510.0,0.6006204489135744,True,CALL,2026-07-17,AMD
AMD260717C00210000,210.0,57.2,58.6,59.65,4.0,682.0,0.5925028543090821,True,CALL,2026-07-17,AMD
AMD260717C00220000,220.0,53.45,52.05,53.85,20.0,636.0,0.5832561206054687,True,CALL,2026-07-17,AMD
AMD260717C00230000,230.0,48.75,46.7,47.6,24.0,971.0,0.5737652487182617,True,CALL,2026-07-17,AMD
AMD260717C00240000,240.0,42.49,42.15,42.85,29.0,1079.0,0.5759319750976561,True,CALL,2026-07-17,AMD
AMD260717C00250000,250.0,37.75,37.6,37.85,295.0,1167.0,0.5697980032348633,False,CALL,2026-07-17,AMD
AMD260717C00260000,260.0,32.75,33.7,33.95,114.0,912.0,0.5709271423339843,False,CALL,2026-07-17,AMD
AMD260717C00270000,270.0,30.21,30.0,30.2,5.0,674.0,0.569065588684082,False,CALL,2026-07-17,AMD
AMD260717C00280000,280.0,27.25,26.55,26.75,27.0,800.0,0.5660748959350587,False,CALL,2026-07-17,AMD
AMD260717C00290000,290.0,23.61,23.7,23.95,11.0,410.0,0.5675397250366211,False,CALL,2026-07-17,AMD
AMD260717C00300000,300.0,21.25,21.15,21.35,177.0,646.0,0.5683331741333008,False,CALL,2026-07-17,AMD
AMD260717C00310000,310.0,18.9,18.75,18.95,32.0,1014.0,0.5676007595825195,False,CALL,2026-07-17,AMD
AMD260717C00320000,320.0,16.13,16.75,16.95,201.0,1015.0,0.569340244140625,False,CALL,2026-07-17,AMD
AMD260717P00175000,175.0,8.18,7.4,7.55,2.0,737.0,0.5551191949462893,False,PUT,2026-07-17,AMD
AMD260717P00180000,180.0,8.77,8.45,8.6,3.0,1281.0,0.5510298803710938,False,PUT,2026-07-17,AMD
AMD260717P00185000,185.0,9.65,9.6,9.75,4.0,675.0,0.5471236694335939,False,PUT,2026-07-17,AMD
AMD260717P00190000,190.0,11.59,10.9,11.05,4.0,873.0,0.5443160803222657,False,PUT,2026-07-17,AMD
AMD260717P00195000,195.0,12.35,12.25,12.4,294.0,542.0,0.5403488348388674,False,PUT,2026-07-17,AMD
AMD260717P00200000,200.0,14.38,13.75,13.9,231.0,5742.0,0.5373581420898439,False,PUT,2026-07-17,AMD
AMD260717P00210000,210.0,17.2,17.1,17.3,31.0,2301.0,0.5321702056884765,False,PUT,2026-07-17,AMD
AMD260717P00220000,220.0,21.15,21.0,21.3,51.0,823.0,0.5289964093017578,False,PUT,2026-07-17,AMD
AMD260717P00230000,230.0,27.9,25.3,25.5,125.0,413.0,0.5231370928955077,False,PUT,2026-07-17,AMD
AMD260717P00240000,240.0,30.35,30.2,30.4,633.0,623.0,0.5202989865112304,False,PUT,2026-07-17,AMD
AMD260717P00250000,250.0,35.7,35.5,35.8,31.0,715.0,0.5174303628540039,True,PUT,2026-07-17,AMD
AMD260717P00260000,260.0,40.9,41.35,41.6,18.0,508.0,0.5151415673828125,True,PUT,2026-07-17,AMD
AMD260717P00270000,270.0,49.8,47.55,47.8,3.0,189.0,0.5122424264526367,True,PUT,2026-07-17,AMD
AMD260717P00280000,280.0,50.92,54.2,54.5,7.0,54.0,0.510594493713379,True,PUT,2026-07-17,AMD
AMD260717P00290000,290.0,58.2,61.25,61.5,1.0,33.0,0.508793974609375,True,PUT,2026-07-17,AMD
AMD260717P00300000,300.0,65.9,67.75,69.25,15.0,137.0,0.5032703482055664,True,PUT,2026-07-17,AMD
AMD260717P00310000,310.0,94.2,76.2,77.65,15.0,46.0,0.5137988073730468,True,PUT,2026-07-17,AMD
AMD260717P00320000,320.0,109.45,83.15,85.65,20.0,40.0,0.5043689700317383,True,PUT,2026-07-17,AMD
AMD260821C00175000,175.0,91.3,86.0,86.75,8.0,587.0,0.6286658227539064,True,CALL,2026-08-21,AMD
AMD260821C00180000,180.0,80.25,81.65,84.0,17.0,361.0,0.6260108200073243,True,CALL,2026-08-21,AMD
AMD260821C00185000,185.0,76.44,78.0,79.45,64.0,160.0,0.6107216662597659,True,CALL,2026-08-21,AMD
AMD260821C00190000,190.0,73.17,75.15,76.65,1.0,273.0,0.6187477090454102,True,CALL,2026-08-21,AMD
AMD260821C00195000,195.0,69.75,71.15,73.3,10.0,343.0,0.6089211471557618,True,CALL,2026-08-21,AMD
AMD260821C00200000,200.0,70.05,68.75,69.7,21.0,720.0,0.6096535617065432,True,CALL,2026-08-21,AMD
AMD260821C00210000,210.0,62.4,62.45,63.45,37.0,1776.0,0.6015054498291017,True,CALL,2026-08-21,AMD
AMD260821C00220000,220.0,57.6,56.25,57.65,10.0,1929.0,0.5921366470336916,True,CALL,2026-08-21,AMD
AMD260821C00230000,230.0,52.51,51.45,52.6,3.0,1874.0,0.5933878552246095,True,CALL,2026-08-21,AMD
AMD260821C00240000,240.0,46.92,46.6,47.3,18.0,1222.0,0.5869487106323242,True,CALL,2026-08-21,AMD
AMD260821C00250000,250.0,42.45,42.2,42.5,37.0,1913.0,0.5822795678710937,False,CALL,2026-08-21,AMD
AMD260821C00260000,260.0,38.4,38.1,38.35,34.0,2344.0,0.5793804269409181,False,CALL,2026-08-21,AMD
AMD260821C00270000,270.0,33.2,34.55,34.8,25.0,458.0,0.5797771514892578,False,CALL,2026-08-21,AMD
AMD260821C00280000,280.0,31.45,31.2,31.5,113.0,527.0,0.5789531851196289,False,CALL,2026-08-21,AMD
AMD260821C00290000,290.0,28.3,28.1,28.45,47.0,529.0,0.5775799078369142,False,CALL,2026-08-21,AMD
AMD260821C00300000,300.0,25.6,25.5,25.75,57.0,5277.0,0.5783428396606446,False,CALL,2026-08-21,AMD
AMD260821C00310000,310.0,23.26,23.0,23.2,3.0,202.0,0.5773662869262696,False,CALL,2026-08-21,AMD
AMD260821C00320000,320.0,21.0,20.75,21.05,26.0,1163.0,0.5777324942016601,False,CALL,2026-08-21,AMD
AMD260821P00175000,175.0,9.45,9.4,9.55,2.0,911.0,0.5539290213012696,False,PUT,2026-08-21,AMD
AMD260821P00180000,180.0,10.75,10.6,10.8,9.0,2089.0,0.5508467767333984,False,PUT,2026-08-21,AMD
AMD260821P00185000,185.0,12.05,11.9,12.15,5.0,742.0,0.5478866012573244,False,PUT,2026-08-21,AMD
AMD260821P00190000,190.0,13.5,13.35,13.55,24.0,946.0,0.5449569430541993,False,PUT,2026-08-21,AMD
AMD260821P00195000,195.0,15.05,14.85,15.1,100.0,2451.0,0.5420272848510744,False,PUT,2026-08-21,AMD
AMD260821P00200000,200.0,16.65,16.5,16.75,70.0,1616.0,0.5395553857421876,False,PUT,2026-08-21,AMD
AMD260821P00210000,210.0,20.1,20.1,20.3,7.0,1723.0,0.5339402075195312,False,PUT,2026-08-21,AMD
AMD260821P00220000,220.0,26.25,24.2,24.4,37.0,1384.0,0.5300645138549805,False,PUT,2026-08-21,AMD
AMD260821P00230000,230.0,27.78,28.7,28.95,1.0,624.0,0.5262193374633789,False,PUT,2026-08-21,AMD
AMD260821P00240000,240.0,34.55,33.75,34.1,3.0,787.0,0.5245714047241211,False,PUT,2026-08-21,AMD
AMD260821P00250000,250.0,39.17,39.1,39.35,9.0,2377.0,0.5200243310546875,True,PUT,2026-08-21,AMD
AMD260821P00260000,260.0,46.75,44.95,45.25,12.0,265.0,0.5180101910400392,True,PUT,2026-08-21,AMD
AMD260821P00270000,270.0,52.95,51.25,51.55,21.0,137.0,0.5166521723937989,True,PUT,2026-08-21,AMD
AMD260821P00280000,280.0,60.2,57.75,58.05,2.0,123.0,0.5132494964599608,True,PUT,2026-08-21,AMD
AMD260821P00290000,290.0,63.1,64.7,65.7,8.0,61.0,0.5163012237548827,True,PUT,2026-08-21,AMD
AMD260821P00300000,300.0,70.05,71.95,72.3,8.0,25.0,0.5099841482543946,True,PUT,2026-08-21,AMD
AMD260821P00310000,310.0,76.6,78.95,80.25,1.0,34.0,0.5072986282348633,True,PUT,2026-08-21,AMD
AMD260821P00320000,320.0,105.1,86.75,87.7,20.0,26.0,0.5028736236572267,True,PUT,2026-08-21,AMD
AMD260918C00175000,175.0,96.0,87.25,88.45,1.0,669.0,0.6194190890502932,True,CALL,2026-09-18,AMD
AMD260918C00180000,180.0,85.55,83.9,84.85,16.0,1205.0,0.6168251208496094,True,CALL,2026-09-18,AMD
AMD260918C00185000,185.0,81.48,80.35,81.8,2.0,1206.0,0.6157570162963868,True,CALL,2026-09-18,AMD
AMD260918C00190000,190.0,82.55,76.4,78.6,25.0,620.0,0.608249767150879,True,CALL,2026-09-18,AMD
AMD260918C00195000,195.0,71.5,74.1,75.15,56.0,523.0,0.6112709771728517,True,CALL,2026-09-18,AMD
AMD260918C00200000,200.0,67.75,70.8,71.85,8.0,1326.0,0.6056557989501954,True,CALL,2026-09-18,AMD
AMD260918C00210000,210.0,66.15,64.7,65.65,109.0,1061.0,0.5977213079833985,True,CALL,2026-09-18,AMD
AMD260918C00220000,220.0,57.7,59.05,60.3,20.0,2064.0,0.594303373413086,True,CALL,2026-09-18,AMD
AMD260918C00230000,230.0,51.68,53.95,54.65,9.0,1966.0,0.5876811251831054,True,CALL,2026-09-18,AMD
AMD260918C00240000,240.0,49.62,49.3,50.0,27.0,1343.0,0.5862468133544922,True,CALL,2026-09-18,AMD
AMD260918C00250000,250.0,45.45,44.85,45.2,147.0,2448.0,0.5806926696777344,False,CALL,2026-09-18,AMD
AMD260918C00260000,260.0,41.45,40.95,41.2,1099.0,1291.0,0.5796855996704101,False,CALL,2026-09-18,AMD
AMD260918C00270000,270.0,37.05,37.3,37.55,43.0,981.0,0.5785412019348146,False,CALL,2026-09-18,AMD
AMD260918C00280000,280.0,34.55,34.0,34.3,96.0,1573.0,0.5784343914794923,False,CALL,2026-09-18,AMD
AMD260918C00290000,290.0,30.0,30.95,31.25,19.0,696.0,0.5777019769287108,False,CALL,2026-09-18,AMD
AMD260918C00300000,300.0,28.2,28.2,28.5,126.0,1698.0,0.5775188732910157,False,CALL,2026-09-18,AMD
AMD260918C00310000,310.0,26.4,25.75,26.05,17.0,747.0,0.5782207705688477,False,CALL,2026-09-18,AMD
AMD260918C00320000,320.0,22.47,23.45,23.7,14.0,1907.0,0.5777019769287108,False,CALL,2026-09-18,AMD
AMD260918P00175000,175.0,10.7,10.65,10.85,34.0,3566.0,0.5471236694335939,False,PUT,2026-09-18,AMD
AMD260918P00180000,180.0,12.05,11.95,12.15,19.0,6101.0,0.5440719421386719,False,PUT,2026-09-18,AMD
AMD260918P00185000,185.0,13.4,13.3,13.5,1.0,1084.0,0.5402267657470705,False,PUT,2026-09-18,AMD
AMD260918P00190000,190.0,14.85,14.85,15.05,4.0,1851.0,0.5383652120971681,False,PUT,2026-09-18,AMD
AMD260918P00195000,195.0,16.7,16.4,16.6,58.0,853.0,0.5347641738891601,False,PUT,2026-09-18,AMD
AMD260918P00200000,200.0,18.15,18.15,18.35,25.0,6616.0,0.5329026202392577,False,PUT,2026-09-18,AMD
AMD260918P00210000,210.0,21.85,21.9,22.1,25.0,4106.0,0.5283250292968751,False,PUT,2026-09-18,AMD
AMD260918P00220000,220.0,26.0,26.1,26.35,5.0,3358.0,0.5247850256347657,False,PUT,2026-09-18,AMD
AMD260918P00230000,230.0,30.65,30.7,31.0,6.0,2655.0,0.5212145046997069,False,PUT,2026-09-18,AMD
AMD260918P00240000,240.0,37.74,35.8,36.15,1.0,1078.0,0.5190477783203125,False,PUT,2026-09-18,AMD
AMD260918P00250000,250.0,41.25,41.25,41.55,55.0,478.0,0.5157213955688477,True,PUT,2026-09-18,AMD
AMD260918P00260000,260.0,46.5,47.1,47.4,5.0,861.0,0.5131274273681641,True,PUT,2026-09-18,AMD
AMD260918P00270000,270.0,52.05,53.3,53.65,2.0,349.0,0.5108233732604981,True,PUT,2026-09-18,AMD
AMD260918P00280000,280.0,58.62,59.9,60.2,4.0,240.0,0.5087329400634766,True,PUT,2026-09-18,AMD
AMD260918P00290000,290.0,65.35,66.75,67.1,1.0,116.0,0.5064746618652343,True,PUT,2026-09-18,AMD
AMD260918P00300000,300.0,72.4,73.95,74.3,1.0,717.0,0.5046436254882812,True,PUT,2026-09-18,AMD
AMD260918P00310000,310.0,79.75,81.3,81.65,1.0,66.0,0.5011951736450196,True,PUT,2026-09-18,AMD
AMD260918P00320000,320.0,95.95,88.95,89.75,1.0,77.0,0.5014698291015626,True,PUT,2026-09-18,AMD
AMD261120C00175000,175.0,97.7,91.5,92.7,24.0,36.0,0.6228675408935547,True,CALL,2026-11-20,AMD
AMD261120C00180000,180.0,92.11,88.6,89.95,1.0,39.0,0.6277503045654298,True,CALL,2026-11-20,AMD
AMD261120C00185000,185.0,96.55,84.9,86.75,8.0,32.0,0.6210670217895509,True,CALL,2026-11-20,AMD
AMD261120C00190000,190.0,82.5,81.1,83.9,4.0,32.0,0.6153908090209962,True,CALL,2026-11-20,AMD
AMD261120C00195000,195.0,76.1,78.0,80.8,1.0,45.0,0.6120033917236329,True,CALL,2026-11-20,AMD
AMD261120C00200000,200.0,80.82,75.0,77.75,5.0,163.0,0.6085854571533205,True,CALL,2026-11-20,AMD
AMD261120C00210000,210.0,73.43,69.9,72.9,1.0,138.0,0.6130257203674319,True,CALL,2026-11-20,AMD
AMD261120C00220000,220.0,63.66,64.25,66.8,8.0,535.0,0.6012918289184571,True,CALL,2026-11-20,AMD
AMD261120C00230000,230.0,61.5,60.2,62.05,5.0,128.0,0.6044045907592775,True,CALL,2026-11-20,AMD
AMD261120C00240000,240.0,56.04,55.75,57.35,5.0,285.0,0.6015054498291017,True,CALL,2026-11-20,AMD
AMD261120C00250000,250.0,53.73,50.95,52.05,2.0,422.0,0.5897562997436524,False,CALL,2026-11-20,AMD
AMD261120C00260000,260.0,47.55,47.55,47.85,1107.0,470.0,0.5894206097412109,False,CALL,2026-11-20,AMD
AMD261120C00270000,270.0,43.22,43.9,44.25,4.0,114.0,0.5880015565490724,False,CALL,2026-11-20,AMD
AMD261120C00280000,280.0,40.85,40.7,41.1,46.0,71.0,0.5887797470092774,False,CALL,2026-11-20,AMD
AMD261120C00290000,290.0,41.3,37.55,37.9,5.0,76.0,0.5868876760864258,False,CALL,2026-11-20,AMD
AMD261120C00300000,300.0,34.35,34.7,35.1,63.0,239.0,0.5863993997192383,False,CALL,2026-11-20,AMD
AMD261120C00310000,310.0,32.5,32.1,32.45,18.0,175.0,0.5858348301696776,False,CALL,2026-11-20,AMD
AMD261120C00320000,320.0,30.42,29.8,30.05,104.0,261.0,0.5861857788085938,False,CALL,2026-11-20,AMD
AMD261120P00175000,175.0,13.85,13.65,13.95,2.0,62.0,0.541264353027344,False,PUT,2026-11-20,AMD
AMD261120P00180000,180.0,15.75,15.15,15.4,49.0,323.0,0.5385483157348634,False,PUT,2026-11-20,AMD
AMD261120P00185000,185.0,16.85,16.7,17.0,41.0,496.0,0.5360153820800782,False,PUT,2026-11-20,AMD
AMD261120P00190000,190.0,18.69,18.4,18.7,2.0,36.0,0.5340012420654296,False,PUT,2026-11-20,AMD
AMD261120P00195000,195.0,20.15,20.15,20.45,12.0,51.0,0.5314072738647461,False,PUT,2026-11-20,AMD
AMD261120P00200000,200.0,23.47,22.1,22.35,2.0,2248.0,0.5300034793090821,False,PUT,2026-11-20,AMD
AMD261120P00210000,210.0,28.15,26.1,26.45,1.0,225.0,0.526097268371582,False,PUT,2026-11-20,AMD
AMD261120P00220000,220.0,30.25,30.55,31.3,73.0,297.0,0.5251817501831054,False,PUT,2026-11-20,AMD
AMD261120P00230000,230.0,37.6,35.45,35.75,38.0,50.0,0.5200243310546875,False,PUT,2026-11-20,AMD
AMD261120P00240000,240.0,42.14,40.7,41.05,2.0,50.0,0.5179186392211915,False,PUT,2026-11-20,AMD
AMD261120P00250000,250.0,46.65,46.25,46.6,8.0,48.0,0.5150805328369141,True,PUT,2026-11-20,AMD
AMD261120P00260000,260.0,51.25,52.1,52.5,35.0,68.0,0.5122119091796875,True,PUT,2026-11-20,AMD
AMD261120P00270000,270.0,56.92,58.25,58.7,1.0,5.0,0.5092517337036133,True,PUT,2026-11-20,AMD
AMD261120P00280000,280.0,60.42,64.85,65.3,2.0,3.0,0.5077716459655761,True,PUT,2026-11-20,AMD
AMD261218C00175000,175.0,99.0,92.65,95.55,3.0,789.0,0.6273535800170901,True,CALL,2026-12-18,AMD
AMD261218C00180000,180.0,85.8,89.85,91.55,5.0,1180.0,0.6218604708862305,True,CALL,2026-12-18,AMD
AMD261218C00185000,185.0,91.25,86.65,88.5,1.0,919.0,0.6194801235961916,True,CALL,2026-12-18,AMD
AMD261218C00190000,190.0,92.0,83.45,85.3,10.0,2028.0,0.6149330499267578,True,CALL,2026-12-18,AMD
AMD261218C00195000,195.0,80.12,80.75,82.5,2.0,1423.0,0.61563494720459,True,CALL,2026-12-18,AMD
AMD261218C00200000,200.0,75.65,77.9,78.85,8.0,3234.0,0.6084328707885743,True,CALL,2026-12-18,AMD
AMD261218C00210000,210.0,73.02,72.35,73.8,5.0,2146.0,0.607151145324707,True,CALL,2026-12-18,AMD
AMD261218C00220000,220.0,67.8,67.25,68.55,5.0,1660.0,0.603489072570801,True,CALL,2026-12-18,AMD
AMD261218C00230000,230.0,61.0,61.8,63.75,30.0,1521.0,0.5969583761596681,True,CALL,2026-12-18,AMD
AMD261218C00240000,240.0,56.47,57.8,59.0,6.0,2320.0,0.5958902716064454,True,CALL,2026-12-18,AMD
AMD261218C00250000,250.0,53.84,53.7,54.55,28.0,3586.0,0.5927775097656252,False,CALL,2026-12-18,AMD
AMD261218C00260000,260.0,51.05,50.0,50.4,42.0,1633.0,0.5906107833862305,False,CALL,2026-12-18,AMD
AMD261218C00270000,270.0,45.53,46.3,46.6,7.0,1031.0,0.5876048320007323,False,CALL,2026-12-18,AMD
AMD261218C00280000,280.0,41.66,43.0,43.4,8.0,1805.0,0.5874064697265625,False,CALL,2026-12-18,AMD
AMD261218C00290000,290.0,40.04,40.0,40.3,108.0,1557.0,0.5869029347229004,False,CALL,2026-12-18,AMD
AMD261218C00300000,300.0,37.22,37.15,37.55,50.0,3890.0,0.5867961242675781,False,CALL,2026-12-18,AMD
AMD261218C00310000,310.0,34.65,34.45,34.8,2.0,2284.0,0.5853312951660157,False,CALL,2026-12-18,AMD
AMD261218C00320000,320.0,32.3,32.0,32.35,11.0,838.0,0.584843018798828,False,CALL,2026-12-18,AMD
AMD261218P00175000,175.0,15.05,14.9,15.15,5.0,1807.0,0.5380295220947267,False,PUT,2026-12-18,AMD
AMD261218P00180000,180.0,16.64,16.45,16.7,1.0,2860.0,0.5356186575317383,False,PUT,2026-12-18,AMD
AMD261218P00185000,185.0,17.95,18.1,18.3,4.0,1346.0,0.5329941720581054,False,PUT,2026-12-18,AMD
AMD261218P00190000,190.0,19.93,19.8,20.2,2.0,1668.0,0.5316819293212891,False,PUT,2026-12-18,AMD
AMD261218P00195000,195.0,21.0,21.6,21.85,1.0,858.0,0.5280198565673828,False,PUT,2026-12-18,AMD
AMD261218P00200000,200.0,23.62,23.55,23.8,97.0,2577.0,0.5262803720092774,False,PUT,2026-12-18,AMD
AMD261218P00210000,210.0,29.32,27.65,27.95,13.0,1477.0,0.5222978678894041,False,PUT,2026-12-18,AMD
AMD261218P00220000,220.0,31.02,32.2,32.55,1.0,1749.0,0.5195360546875,False,PUT,2026-12-18,AMD
AMD261218P00230000,230.0,36.88,37.1,37.4,17.0,579.0,0.5161944132995604,False,PUT,2026-12-18,AMD
AMD261218P00240000,240.0,43.0,42.3,42.7,1.0,622.0,0.5133105310058592,False,PUT,2026-12-18,AMD
AMD261218P00250000,250.0,50.95,47.95,48.3,9.0,936.0,0.5109912182617188,True,PUT,2026-12-18,AMD
AMD261218P00260000,260.0,54.18,53.9,54.5,17.0,465.0,0.5101367346191408,True,PUT,2026-12-18,AMD
AMD261218P00270000,270.0,60.3,60.05,60.45,1.0,143.0,0.5058032818603515,True,PUT,2026-12-18,AMD
AMD261218P00280000,280.0,65.55,66.55,67.0,7.0,709.0,0.5035450036621094,True,PUT,2026-12-18,AMD
AMD261218P00290000,290.0,72.1,73.35,73.85,1.0,317.0,0.5016529327392578,True,PUT,2026-12-18,AMD
AMD261218P00300000,300.0,78.9,80.35,80.8,1.0,571.0,0.501103621826172,True,PUT,2026-12-18,AMD
AMD261218P00310000,310.0,110.35,87.7,88.1,60.0,112.0,0.49908948181152346,True,PUT,2026-12-18,AMD
AMD261218P00320000,320.0,93.6,95.1,95.6,1.0,105.0,0.4968922381591797,True,PUT,2026-12-18,AMD
AMD270115C00175000,175.0,97.72,94.6,96.95,1.0,1231.0,0.6272925454711916,True,CALL,2027-01-15,AMD
AMD270115C00180000,180.0,91.12,92.05,93.1,20.0,3326.0,0.6239661627197266,True,CALL,2027-01-15,AMD
AMD270115C00185000,185.0,89.06,88.9,90.15,3.0,1166.0,0.6217384017944337,True,CALL,2027-01-15,AMD
AMD270115C00190000,190.0,82.0,85.6,87.15,6.0,1189.0,0.6171608108520509,True,CALL,2027-01-15,AMD
AMD270115C00195000,195.0,81.51,82.75,84.15,2.0,605.0,0.6146736531066896,True,CALL,2027-01-15,AMD
AMD270115C00200000,200.0,79.66,79.7,81.1,70.0,9791.0,0.6096535617065432,True,CALL,2027-01-15,AMD
AMD270115C00210000,210.0,73.35,74.65,75.75,82.0,2283.0,0.6083413189697267,True,CALL,2027-01-15,AMD
AMD270115C00220000,220.0,69.95,68.85,70.6,22.0,3753.0,0.6002084657287599,True,CALL,2027-01-15,AMD
AMD270115C00230000,230.0,65.5,64.35,65.85,26.0,2745.0,0.5988199298095704,True,CALL,2027-01-15,AMD
AMD270115C00240000,240.0,60.3,59.3,61.55,51.0,3635.0,0.5937845797729493,True,CALL,2027-01-15,AMD
AMD270115C00250000,250.0,56.48,55.95,56.8,226.0,5473.0,0.5927012165832521,False,CALL,2027-01-15,AMD
AMD270115C00260000,260.0,51.35,52.2,52.95,35.0,2917.0,0.5915415602111818,False,CALL,2027-01-15,AMD
AMD270115C00270000,270.0,49.16,48.65,49.0,49.0,3682.0,0.5883677638244629,False,CALL,2027-01-15,AMD
AMD270115C00280000,280.0,43.2,45.35,45.65,28.0,2580.0,0.5872233660888673,False,CALL,2027-01-15,AMD
AMD270115C00290000,290.0,42.59,42.1,42.6,34.0,2436.0,0.5856669851684569,False,CALL,2027-01-15,AMD
AMD270115C00300000,300.0,39.7,39.5,39.8,193.0,8733.0,0.5866130206298827,False,CALL,2027-01-15,AMD
AMD270115C00310000,310.0,37.11,36.9,37.2,13.0,5640.0,0.5866282792663573,False,CALL,2027-01-15,AMD
AMD270115C00320000,320.0,33.3,34.4,34.65,11.0,1378.0,0.5855601747131347,False,CALL,2027-01-15,AMD
AMD270115P00175000,175.0,15.9,16.0,16.2,3.0,1241.0,0.5333603793334961,False,PUT,2027-01-15,AMD
AMD270115P00180000,180.0,17.75,17.6,17.85,11.0,7461.0,0.5313462393188476,False,PUT,2027-01-15,AMD
AMD270115P00185000,185.0,18.5,19.3,19.55,6.0,3079.0,0.5291795129394532,False,PUT,2027-01-15,AMD
AMD270115P00190000,190.0,22.25,21.05,21.35,2.0,1147.0,0.5268296829223633,False,PUT,2027-01-15,AMD
AMD270115P00195000,195.0,23.1,22.95,23.2,32.0,821.0,0.5247239910888672,False,PUT,2027-01-15,AMD
AMD270115P00200000,200.0,25.02,24.95,25.25,17.0,4640.0,0.5234117483520507,False,PUT,2027-01-15,AMD
AMD270115P00210000,210.0,29.4,29.1,29.4,12.0,3044.0,0.5188036401367188,False,PUT,2027-01-15,AMD
AMD270115P00220000,220.0,36.1,33.7,34.1,27.0,2242.0,0.5161486373901367,False,PUT,2027-01-15,AMD
AMD270115P00230000,230.0,38.51,38.7,39.0,32.0,2381.0,0.5130816514587402,False,PUT,2027-01-15,AMD
AMD270115P00240000,240.0,44.2,44.0,44.35,20.0,792.0,0.5105792350769043,False,PUT,2027-01-15,AMD
AMD270115P00250000,250.0,49.68,49.6,49.95,9.0,1374.0,0.5076648355102539,True,PUT,2027-01-15,AMD
AMD270115P00260000,260.0,55.3,55.55,55.95,3.0,636.0,0.5055438850402831,True,PUT,2027-01-15,AMD
AMD270115P00270000,270.0,57.9,61.75,62.15,8.0,572.0,0.502782071838379,True,PUT,2027-01-15,AMD
AMD270115P00280000,280.0,67.4,68.15,68.6,19.0,713.0,0.5018665536499024,True,PUT,2027-01-15,AMD
AMD270115P00290000,290.0,75.2,75.0,75.5,51.0,887.0,0.5008747422790527,True,PUT,2027-01-15,AMD
AMD270115P00300000,300.0,84.85,81.9,82.4,21.0,1546.0,0.49739577316284184,True,PUT,2027-01-15,AMD
AMD270115P00310000,310.0,87.8,89.25,89.75,1.0,105.0,0.49622085815429695,True,PUT,2027-01-15,AMD
AMD270115P00320000,320.0,91.95,96.65,97.2,6.0,172.0,0.49387102813720707,True,PUT,2027-01-15,AMD
AMD270617C00175000,175.0,108.25,104.4,105.5,1.0,442.0,0.6372411764526368,True,CALL,2027-06-17,AMD
AMD270617C00180000,180.0,101.25,100.7,103.25,1.0,384.0,0.6333654827880859,True,CALL,2027-06-17,AMD
AMD270617C00185000,185.0,94.5,97.6,101.15,3.0,567.0,0.6331823791503908,True,CALL,2027-06-17,AMD
AMD270617C00190000,190.0,92.5,94.85,98.0,5.0,205.0,0.6282690982055664,True,CALL,2027-06-17,AMD
AMD270617C00195000,195.0,97.07,92.5,94.7,3.0,159.0,0.6242103009033204,True,CALL,2027-06-17,AMD
AMD270617C00200000,200.0,91.2,90.4,92.65,11.0,2371.0,0.6275977182006837,True,CALL,2027-06-17,AMD
AMD270617C00210000,210.0,84.42,85.9,87.45,19.0,1060.0,0.624729094543457,True,CALL,2027-06-17,AMD
AMD270617C00220000,220.0,80.0,81.1,83.0,21.0,2152.0,0.6217841777038575,True,CALL,2027-06-17,AMD
AMD270617C00230000,230.0,75.15,75.7,77.75,37.0,453.0,0.6099892517089844,True,CALL,2027-06-17,AMD
AMD270617C00240000,240.0,74.1,71.75,74.75,21.0,608.0,0.6139107212829591,True,CALL,2027-06-17,AMD
AMD270617C00250000,250.0,69.5,68.1,70.65,74.0,1113.0,0.6120033917236329,False,CALL,2027-06-17,AMD
AMD270617C00260000,260.0,65.72,64.85,66.35,20.0,483.0,0.609226319885254,False,CALL,2027-06-17,AMD
AMD270617C00270000,270.0,62.37,60.7,63.15,6.0,304.0,0.60567105758667,False,CALL,2027-06-17,AMD
AMD270617C00280000,280.0,66.21,58.4,58.85,1.0,405.0,0.6038552798461917,False,CALL,2027-06-17,AMD
AMD270617C00290000,290.0,58.25,55.35,55.9,5.0,313.0,0.603168641204834,False,CALL,2027-06-17,AMD
AMD270617C00300000,300.0,53.03,52.5,53.05,48.0,2804.0,0.6023599334716798,False,CALL,2027-06-17,AMD
AMD270617C00310000,310.0,56.95,49.75,50.25,1.0,231.0,0.6008798457336428,False,CALL,2027-06-17,AMD
AMD270617C00320000,320.0,48.15,47.3,47.8,60.0,453.0,0.6009256216430666,False,CALL,2027-06-17,AMD
AMD270617P00175000,175.0,24.0,22.5,22.95,10.0,1536.0,0.5304917556762696,False,PUT,2027-06-17,AMD
AMD270617P00180000,180.0,25.45,24.3,24.65,6.0,3237.0,0.5268907174682618,False,PUT,2027-06-17,AMD
AMD270617P00185000,185.0,26.48,26.25,26.65,2.0,2632.0,0.525120715637207,False,PUT,2027-06-17,AMD
AMD270617P00190000,190.0,26.97,28.25,28.7,32.0,329.0,0.5230760583496092,False,PUT,2027-06-17,AMD
AMD270617P00195000,195.0,30.5,30.35,30.8,4.0,122.0,0.5210619183349607,False,PUT,2027-06-17,AMD
AMD270617P00200000,200.0,32.33,32.7,33.2,1.0,1418.0,0.5211992460632322,False,PUT,2027-06-17,AMD
AMD270617P00210000,210.0,38.2,37.3,38.05,17.0,263.0,0.5187426055908204,False,PUT,2027-06-17,AMD
AMD270617P00220000,220.0,44.75,42.25,42.7,160.0,1435.0,0.5141955319213867,False,PUT,2027-06-17,AMD
AMD270617P00230000,230.0,47.25,47.4,48.35,6.0,154.0,0.5128375132751464,False,PUT,2027-06-17,AMD
AMD270617P00240000,240.0,55.75,52.9,53.4,5.0,340.0,0.507817421875,False,PUT,2027-06-17,AMD
AMD270617P00250000,250.0,60.37,58.7,59.25,8.0,393.0,0.5055591436767577,True,PUT,2027-06-17,AMD
AMD270617P00260000,260.0,62.57,64.7,65.3,1.0,103.0,0.5028736236572267,True,PUT,2027-06-17,AMD
AMD270617P00270000,270.0,66.6,71.0,71.55,2.0,228.0,0.5003559486389162,True,PUT,2027-06-17,AMD
AMD270617P00280000,280.0,81.05,77.5,78.1,10.0,273.0,0.5006458627319336,True,PUT,2027-06-17,AMD
AMD270617P00290000,290.0,91.42,84.15,84.75,4.0,23.0,0.4975941354370118,True,PUT,2027-06-17,AMD
AMD270617P00300000,300.0,90.8,90.75,92.0,1.0,102.0,0.49797560134887703,True,PUT,2027-06-17,AMD
AMD270617P00310000,310.0,119.3,98.05,98.75,1.0,38.0,0.4924367163085938,True,PUT,2027-06-17,AMD
AMD270617P00320000,320.0,104.25,105.4,106.1,4.0,158.0,0.4904836108398438,True,PUT,2027-06-17,AMD
AMD270917C00175000,175.0,96.31,108.75,111.45,,6.0,0.643832907409668,True,CALL,2027-09-17,AMD
AMD270917C00180000,180.0,96.11,105.4,108.55,2.0,3.0,0.6369665209960937,True,CALL,2027-09-17,AMD
AMD270917C00185000,185.0,69.86,103.8,106.85,,1.0,0.6454045469665526,True,CALL,2027-09-17,AMD
AMD270917C00190000,190.0,110.0,100.85,103.2,13.0,13.0,0.6356542782592774,True,CALL,2027-09-17,AMD
AMD270917C00195000,195.0,104.54,99.05,101.4,2.0,0.0,0.6408727319335938,True,CALL,2027-09-17,AMD
AMD270917C00200000,200.0,112.0,95.6,98.1,1.0,5.0,0.6296728927612305,True,CALL,2027-09-17,AMD
AMD270917C00210000,210.0,89.67,90.65,93.3,2.0,9.0,0.6246985772705078,True,CALL,2027-09-17,AMD
AMD270917C00220000,220.0,95.14,86.25,88.8,2.0,23.0,0.621845212249756,True,CALL,2027-09-17,AMD
AMD270917C00230000,230.0,82.33,82.8,84.5,2.0,31.0,0.6223182299804688,True,CALL,2027-09-17,AMD
AMD270917C00240000,240.0,77.54,78.0,80.35,2.0,30.0,0.6157264990234376,True,CALL,2027-09-17,AMD
AMD270917C00250000,250.0,76.55,74.9,77.35,1.0,24.0,0.6198768481445314,False,CALL,2027-09-17,AMD
AMD270917C00260000,260.0,72.51,70.8,73.1,26.0,10.0,0.6129189099121095,False,CALL,2027-09-17,AMD
AMD270917C00270000,270.0,73.56,67.5,70.4,1.0,157.0,0.6143989976501465,False,CALL,2027-09-17,AMD
AMD270917C00280000,280.0,64.1,65.05,66.3,2.0,67.0,0.6122475299072268,False,CALL,2027-09-17,AMD
AMD270917C00290000,290.0,67.8,62.0,62.6,21.0,39.0,0.6080971807861328,False,CALL,2027-09-17,AMD
AMD270917C00300000,300.0,60.19,59.3,59.9,11.0,69.0,0.6081887326049805,False,CALL,2027-09-17,AMD
AMD270917C00310000,310.0,59.8,56.4,57.05,1.0,8.0,0.6057931266784669,False,CALL,2027-09-17,AMD
AMD270917C00320000,320.0,55.6,53.85,54.5,1.0,61.0,0.6049386430358887,False,CALL,2027-09-17,AMD
AMD270917P00175000,175.0,26.0,25.85,27.3,1.0,3.0,0.5320481365966796,False,PUT,2027-09-17,AMD
AMD270917P00180000,180.0,27.47,27.9,28.4,8.0,19.0,0.5252733020019531,False,PUT,2027-09-17,AMD
AMD270917P00185000,185.0,27.88,29.95,30.45,11.0,31.0,0.5231065756225585,False,PUT,2027-09-17,AMD
AMD270917P00190000,190.0,29.78,32.15,32.65,2.0,2.0,0.5218248501586914,False,PUT,2027-09-17,AMD
AMD270917P00195000,195.0,33.14,34.35,35.35,1.0,2.0,0.5223131265258788,False,PUT,2027-09-17,AMD
AMD270917P00200000,200.0,37.46,36.7,37.2,12.0,16.0,0.518605277862549,False,PUT,2027-09-17,AMD
AMD270917P00210000,210.0,40.62,41.45,42.9,2.0,13.0,0.5192003646850586,False,PUT,2027-09-17,AMD
AMD270917P00220000,220.0,44.5,46.5,47.1,2.0,7.0,0.5117846673583983,False,PUT,2027-09-17,AMD
AMD270917P00230000,230.0,50.7,51.9,52.9,1.0,8.0,0.5109759596252441,False,PUT,2027-09-17,AMD
AMD270917P00250000,250.0,65.3,63.25,63.85,1.0,612.0,0.5027362959289552,True,PUT,2027-09-17,AMD
AMD270917P00260000,260.0,69.15,69.3,69.95,20.0,12.0,0.5000355172729493,True,PUT,2027-09-17,AMD
AMD270917P00270000,270.0,74.9,75.55,77.15,25.0,52.0,0.5008442250061036,True,PUT,2027-09-17,AMD
AMD270917P00280000,280.0,81.5,82.0,83.35,4.0,4.0,0.50215646774292,True,PUT,2027-09-17,AMD
AMD270917P00300000,300.0,94.94,95.45,96.1,,4.0,0.4903768003845215,True,PUT,2027-09-17,AMD
AMD271217C00175000,175.0,112.76,113.9,116.2,30.0,681.0,0.6524845542907716,True,CALL,2027-12-17,AMD
AMD271217C00180000,180.0,113.5,110.65,113.5,1.0,1524.0,0.6461827374267577,True,CALL,2027-12-17,AMD
AMD271217C00185000,185.0,107.5,107.95,110.65,7.0,427.0,0.6415441119384766,True,CALL,2027-12-17,AMD
AMD271217C00190000,190.0,104.97,106.4,108.5,6.0,523.0,0.6455266160583495,True,CALL,2027-12-17,AMD
AMD271217C00195000,195.0,104.15,103.4,105.65,6.0,3110.0,0.6385686778259276,True,CALL,2027-12-17,AMD
AMD271217C00200000,200.0,103.0,101.15,103.1,14.0,5231.0,0.6362341064453125,True,CALL,2027-12-17,AMD
AMD271217C00210000,210.0,97.25,96.85,98.75,13.0,1466.0,0.6346014323425293,True,CALL,2027-12-17,AMD
AMD271217C00220000,220.0,94.73,92.6,94.3,36.0,728.0,0.6310309114074708,True,CALL,2027-12-17,AMD
AMD271217C00230000,230.0,87.28,88.7,90.1,5.0,965.0,0.6284979777526856,True,CALL,2027-12-17,AMD
AMD271217C00240000,240.0,85.68,84.1,86.25,4.0,768.0,0.6231116790771485,True,CALL,2027-12-17,AMD
AMD271217C00250000,250.0,80.0,81.15,82.65,3.0,1280.0,0.624149266357422,False,CALL,2027-12-17,AMD
AMD271217C00260000,260.0,77.7,76.7,79.15,11.0,409.0,0.6183052085876466,False,CALL,2027-12-17,AMD
AMD271217C00270000,270.0,78.53,73.65,75.8,1.0,613.0,0.6174049490356447,False,CALL,2027-12-17,AMD
AMD271217C00280000,280.0,69.48,70.6,72.4,7.0,1757.0,0.6151771881103516,False,CALL,2027-12-17,AMD
AMD271217C00290000,290.0,67.12,68.2,70.05,8.0,405.0,0.6183509844970705,False,CALL,2027-12-17,AMD
AMD271217C00300000,300.0,64.27,65.6,66.3,11.0,2530.0,0.6144447735595704,False,CALL,2027-12-17,AMD
AMD271217C00310000,310.0,66.5,62.95,63.6,1.0,668.0,0.6133766690063477,False,CALL,2027-12-17,AMD
AMD271217C00320000,320.0,60.9,60.5,61.05,4.0,1087.0,0.6127205476379396,False,CALL,2027-12-17,AMD
AMD271217P00175000,175.0,28.8,29.0,29.5,1.0,1361.0,0.5236101106262208,False,PUT,2027-12-17,AMD
AMD271217P00180000,180.0,30.5,31.2,31.6,1.0,1675.0,0.5222520919799803,False,PUT,2027-12-17,AMD
AMD271217P00185000,185.0,33.4,33.25,33.8,104.0,976.0,0.519963296508789,False,PUT,2027-12-17,AMD
AMD271217P00190000,190.0,37.02,35.5,36.1,2.0,884.0,0.5185289846801758,False,PUT,2027-12-17,AMD
AMD271217P00195000,195.0,37.97,37.85,38.35,1.0,522.0,0.5167132069396974,False,PUT,2027-12-17,AMD
AMD271217P00200000,200.0,40.4,40.2,40.75,13.0,3133.0,0.5150042396545411,False,PUT,2027-12-17,AMD
AMD271217P00210000,210.0,44.4,45.15,45.7,23.0,1787.0,0.5117388914489747,False,PUT,2027-12-17,AMD
AMD271217P00220000,220.0,50.2,50.45,51.0,3.0,1163.0,0.5094195787048339,False,PUT,2027-12-17,AMD
AMD271217P00230000,230.0,55.75,55.85,56.35,1.0,850.0,0.5057727645874023,False,PUT,2027-12-17,AMD
AMD271217P00240000,240.0,62.15,61.45,62.05,1.0,329.0,0.5025989682006836,False,PUT,2027-12-17,AMD
AMD271217P00250000,250.0,66.5,67.35,67.95,1.0,223.0,0.5020496572875978,True,PUT,2027-12-17,AMD
AMD271217P00260000,260.0,74.9,73.45,74.15,15.0,127.0,0.4998524136352539,True,PUT,2027-12-17,AMD
AMD271217P00270000,270.0,79.2,79.7,80.4,2.0,456.0,0.49655654815673833,True,PUT,2027-12-17,AMD
AMD271217P00280000,280.0,86.85,86.2,86.9,8.0,1701.0,0.49376421768188483,True,PUT,2027-12-17,AMD
AMD271217P00290000,290.0,91.95,92.8,93.6,12.0,50.0,0.49112447357177735,True,PUT,2027-12-17,AMD
AMD271217P00300000,300.0,100.1,99.6,100.3,4.0,183.0,0.4872487799072266,True,PUT,2027-12-17,AMD
AMD271217P00310000,310.0,105.75,106.65,107.45,2.0,224.0,0.4854787780761719,True,PUT,2027-12-17,AMD
AMD271217P00320000,320.0,114.45,113.8,114.65,8.0,60.0,0.48294584442138677,True,PUT,2027-12-17,AMD
AMD280121C00175000,175.0,122.53,114.9,118.0,3.0,175.0,0.6507755870056153,True,CALL,2028-01-21,AMD
AMD280121C00180000,180.0,114.0,112.35,115.5,3.0,250.0,0.648715671081543,True,CALL,2028-01-21,AMD
AMD280121C00185000,185.0,123.0,109.8,111.75,3.0,153.0,0.6401250587463378,True,CALL,2028-01-21,AMD
AMD280121C00190000,190.0,112.7,108.25,110.7,2.0,267.0,0.6488987747192383,True,CALL,2028-01-21,AMD
AMD280121C00195000,195.0,104.75,105.3,108.0,3.0,348.0,0.6426122164916993,True,CALL,2028-01-21,AMD
AMD280121C00200000,200.0,104.87,103.05,105.0,35.0,3756.0,0.6378972978210449,True,CALL,2028-01-21,AMD
AMD280121C00210000,210.0,100.65,99.05,101.2,1.0,642.0,0.6394079028320312,True,CALL,2028-01-21,AMD
AMD280121C00220000,220.0,96.1,94.6,96.1,17.0,932.0,0.6316565155029297,True,CALL,2028-01-21,AMD
AMD280121C00230000,230.0,90.37,90.0,93.0,9.0,1242.0,0.6303747900390625,True,CALL,2028-01-21,AMD
AMD280121C00240000,240.0,86.49,86.2,88.85,3.0,1286.0,0.6266974586486818,True,CALL,2028-01-21,AMD
AMD280121C00250000,250.0,85.0,83.45,84.6,61.0,4067.0,0.6255378022766114,False,CALL,2028-01-21,AMD
AMD280121C00260000,260.0,77.78,79.55,82.3,32.0,2302.0,0.6262702168273928,False,CALL,2028-01-21,AMD
AMD280121C00270000,270.0,76.85,76.45,78.9,33.0,579.0,0.6246375427246094,False,CALL,2028-01-21,AMD
AMD280121C00280000,280.0,72.35,73.1,75.7,12.0,492.0,0.6217841777038575,False,CALL,2028-01-21,AMD
AMD280121C00290000,290.0,72.3,69.4,73.4,5.0,609.0,0.6200218051910402,False,CALL,2028-01-21,AMD
AMD280121C00300000,300.0,68.6,67.3,68.7,45.0,2756.0,0.6143989976501465,False,CALL,2028-01-21,AMD
AMD280121C00310000,310.0,66.02,65.1,65.75,36.0,476.0,0.6139717558288575,False,CALL,2028-01-21,AMD
AMD280121C00320000,320.0,66.7,62.7,63.35,75.0,703.0,0.613956497192383,False,CALL,2028-01-21,AMD
AMD280121P00175000,175.0,30.11,30.1,30.55,9.0,634.0,0.5218095915222167,False,PUT,2028-01-21,AMD
AMD280121P00180000,180.0,32.2,32.25,32.65,3.0,1155.0,0.519887003326416,False,PUT,2028-01-21,AMD
AMD280121P00185000,185.0,33.1,34.3,34.9,1.0,71.0,0.5175982078552246,False,PUT,2028-01-21,AMD
AMD280121P00190000,190.0,38.1,36.7,37.1,1.0,355.0,0.5161486373901367,False,PUT,2028-01-21,AMD
AMD280121P00195000,195.0,40.4,38.9,39.5,1.0,395.0,0.5141039801025391,False,PUT,2028-01-21,AMD
AMD280121P00200000,200.0,41.73,41.4,41.85,124.0,1923.0,0.512654409637451,False,PUT,2028-01-21,AMD
AMD280121P00210000,210.0,45.86,46.4,46.9,2.0,710.0,0.5096789755249024,False,PUT,2028-01-21,AMD
AMD280121P00220000,220.0,50.4,51.65,52.15,11.0,1798.0,0.5066119895935057,False,PUT,2028-01-21,AMD
AMD280121P00230000,230.0,56.3,57.0,57.65,20.0,1196.0,0.5031635377502441,False,PUT,2028-01-21,AMD
AMD280121P00240000,240.0,62.22,62.8,63.4,2.0,213.0,0.5007679318237305,False,PUT,2028-01-21,AMD
AMD280121P00250000,250.0,70.0,68.65,69.25,15.0,1381.0,0.4996235340881348,True,PUT,2028-01-21,AMD
AMD280121P00260000,260.0,73.55,74.85,75.45,11.0,259.0,0.4973194799804688,True,PUT,2028-01-21,AMD
AMD280121P00270000,270.0,80.68,81.05,81.75,1.0,349.0,0.49432878723144535,True,PUT,2028-01-21,AMD
AMD280121P00280000,280.0,86.75,87.55,88.25,1.0,458.0,0.49149068084716796,True,PUT,2028-01-21,AMD
AMD280121P00290000,290.0,93.7,94.2,95.0,2.0,51.0,0.48920188537597664,True,PUT,2028-01-21,AMD
AMD280121P00300000,300.0,100.22,101.0,101.75,4.0,296.0,0.4857381748962402,True,PUT,2028-01-21,AMD
AMD280121P00310000,310.0,121.55,108.0,108.8,9.0,104.0,0.48328153442382815,True,PUT,2028-01-21,AMD
AMD280121P00320000,320.0,113.2,115.1,115.85,25.0,233.0,0.4797415307617187,True,PUT,2028-01-21,AMD
AMD281215C00175000,175.0,125.89,127.2,131.8,1.0,55.0,0.6510655010986328,True,CALL,2028-12-15,AMD
AMD281215C00180000,180.0,130.9,124.7,129.45,8.0,121.0,0.6475254974365234,True,CALL,2028-12-15,AMD
AMD281215C00185000,185.0,123.05,122.6,127.2,1.0,66.0,0.6458317887878418,True,CALL,2028-12-15,AMD
AMD281215C00190000,190.0,126.71,120.5,125.2,5.0,146.0,0.6448247187805176,True,CALL,2028-12-15,AMD
AMD281215C00195000,195.0,125.85,118.75,123.0,1.0,137.0,0.6440923042297364,True,CALL,2028-12-15,AMD
AMD281215C00200000,200.0,116.0,116.45,121.0,2.0,360.0,0.6416661810302735,True,CALL,2028-12-15,AMD
AMD281215C00210000,210.0,111.0,112.7,117.0,17.0,313.0,0.6393010923767088,True,CALL,2028-12-15,AMD
AMD281215C00220000,220.0,110.9,109.0,112.3,24.0,293.0,0.6335028105163574,True,CALL,2028-12-15,AMD
AMD281215C00230000,230.0,108.0,105.25,109.5,16.0,303.0,0.6335333277893067,True,CALL,2028-12-15,AMD
AMD281215C00240000,240.0,103.85,101.75,105.6,1.0,85.0,0.6295965995788575,True,CALL,2028-12-15,AMD
AMD281215C00250000,250.0,102.5,98.5,102.5,46.0,541.0,0.6284674604797365,False,CALL,2028-12-15,AMD
AMD281215C00260000,260.0,95.45,95.25,99.5,4.0,278.0,0.6268653036499025,False,CALL,2028-12-15,AMD
AMD281215C00270000,270.0,92.9,92.25,96.5,4.0,356.0,0.6253241813659669,False,CALL,2028-12-15,AMD
AMD281215C00280000,280.0,95.02,89.5,93.2,1.0,61.0,0.6229285754394531,False,CALL,2028-12-15,AMD
AMD281215C00290000,290.0,97.47,86.85,91.0,2.0,95.0,0.6237372831726073,False,CALL,2028-12-15,AMD
AMD281215C00300000,300.0,87.57,83.5,87.45,8.0,383.0,0.6173973197174074,False,CALL,2028-12-15,AMD
AMD281215C00310000,310.0,83.09,81.1,85.75,2.0,88.0,0.6193275372314455,False,CALL,2028-12-15,AMD
AMD281215C00320000,320.0,80.69,79.3,83.0,3.0,177.0,0.6192512440490725,False,CALL,2028-12-15,AMD
AMD281215P00175000,175.0,38.26,37.95,38.65,9.0,44.0,0.5000660345458985,False,PUT,2028-12-15,AMD
AMD281215P00180000,180.0,41.32,40.3,41.0,1.0,44.0,0.5012562081909181,False,PUT,2028-12-15,AMD
AMD281215P00185000,185.0,41.32,42.7,43.4,2.0,23.0,0.49945568908691407,False,PUT,2028-12-15,AMD
AMD281215P00190000,190.0,44.77,43.15,45.85,10.0,133.0,0.49765516998291026,False,PUT,2028-12-15,AMD
AMD281215P00195000,195.0,48.95,47.65,48.35,6.0,107.0,0.4958241336059571,False,PUT,2028-12-15,AMD
AMD281215P00200000,200.0,50.5,48.25,51.9,3.0,385.0,0.5015003463745118,False,PUT,2028-12-15,AMD
AMD281215P00210000,210.0,55.45,54.45,57.25,1.0,60.0,0.498326549987793,False,PUT,2028-12-15,AMD
AMD281215P00220000,220.0,61.25,61.05,61.75,2.0,194.0,0.4879354185485841,False,PUT,2028-12-15,AMD
AMD281215P00230000,230.0,67.3,66.65,67.5,1.0,71.0,0.48520412261962886,False,PUT,2028-12-15,AMD
AMD281215P00240000,240.0,73.45,72.55,73.4,166.0,71.0,0.4822820937347412,False,PUT,2028-12-15,AMD
AMD281215P00250000,250.0,79.42,78.55,79.35,8.0,160.0,0.478597133026123,True,PUT,2028-12-15,AMD
AMD281215P00260000,260.0,85.4,84.75,85.65,4.0,12.0,0.4761252339172363,True,PUT,2028-12-15,AMD
AMD281215P00270000,270.0,91.0,91.1,92.05,4.0,12.0,0.47330238616943365,True,PUT,2028-12-15,AMD
AMD281215P00280000,280.0,97.5,97.65,98.6,15.0,34.0,0.47047953842163087,True,PUT,2028-12-15,AMD
AMD281215P00290000,290.0,103.7,104.2,105.3,7.0,17.0,0.46771009590148926,True,PUT,2028-12-15,AMD
AMD281215P00300000,300.0,110.5,111.15,112.1,2.0,84.0,0.4647117738342285,True,PUT,2028-12-15,AMD
AMD281215P00310000,310.0,116.48,118.1,119.1,2.0,1.0,0.46213306427001966,True,PUT,2028-12-15,AMD
AMD281215P00320000,320.0,139.65,125.15,126.2,,1.0,0.45938650970458983,True,PUT,2028-12-15,AMD
AMZN260130C00170000,170.0,68.98,68.35,71.25,2.0,63.0,2.5439489526367183,True,CALL,2026-01-30,AMZN
AMZN260130C00175000,175.0,63.18,63.05,66.15,2.0,21.0,2.1699264501953124,True,CALL,2026-01-30,AMZN
AMZN260130C00180000,180.0,59.4,58.25,61.2,3.0,70.0,2.1171922070312497,True,CALL,2026-01-30,AMZN
AMZN260130C00185000,185.0,54.75,53.25,56.05,113.0,184.0,1.8808599707031248,True,CALL,2026-01-30,AMZN
AMZN260130C00190000,190.0,49.3,48.3,51.15,147.0,198.0,1.7734386328124998,True,CALL,2026-01-30,AMZN
AMZN260130C00195000,195.0,44.41,43.3,46.0,1.0,63.0,1.5507834960937497,True,CALL,2026-01-30,AMZN
AMZN260130C00200000,200.0,37.08,38.35,41.0,31.0,165.0,1.4072295263671877,True,CALL,2026-01-30,AMZN
AMZN260130C00205000,205.0,33.0,33.35,36.0,32.0,93.0,1.2460975195312498,True,CALL,2026-01-30,AMZN
AMZN260130C00207500,207.5,35.07,30.8,33.55,1.0,4.0,1.1660197949218751,True,CALL,2026-01-30,AMZN
AMZN260130C00210000,210.0,27.82,28.3,31.05,20.0,2581.0,1.0859420703125,True,CALL,2026-01-30,AMZN
AMZN260130C00212500,212.5,26.96,25.8,28.5,3.0,19.0,0.992187578125,True,CALL,2026-01-30,AMZN
AMZN260130C00215000,215.0,24.45,23.7,25.8,10.0,1225.0,0.9619144433593749,True,CALL,2026-01-30,AMZN
AMZN260130C00217500,217.5,26.64,21.0,22.05,1.0,1437.0,0.780275634765625,True,CALL,2026-01-30,AMZN
AMZN260130C00220000,220.0,19.3,18.95,19.7,109.0,2559.0,0.5195360546875,True,CALL,2026-01-30,AMZN
AMZN260130C00222500,222.5,14.65,16.0,17.05,26.0,1431.0,0.6269568554687501,True,CALL,2026-01-30,AMZN
AMZN260130C00225000,225.0,14.47,14.15,14.45,82.0,2064.0,0.499028447265625,True,CALL,2026-01-30,AMZN
AMZN260130C00227500,227.5,11.82,11.6,12.45,8.0,1074.0,0.6025430371093752,True,CALL,2026-01-30,AMZN
AMZN260130C00230000,230.0,9.35,9.2,9.5,388.0,3481.0,0.37256486816406253,True,CALL,2026-01-30,AMZN
AMZN260130C00232500,232.5,6.92,6.9,7.2,327.0,3310.0,0.35205726074218746,True,CALL,2026-01-30,AMZN
AMZN260130C00235000,235.0,4.8,4.7,4.85,1432.0,9908.0,0.29004616210937495,True,CALL,2026-01-30,AMZN
AMZN260130C00237500,237.5,3.03,3.0,3.05,3490.0,7207.0,0.28955788574218744,True,CALL,2026-01-30,AMZN
AMZN260130C00240000,240.0,1.61,1.59,1.63,21059.0,17367.0,0.278327529296875,False,CALL,2026-01-30,AMZN
AMZN260130C00242500,242.5,0.73,0.71,0.74,17733.0,16944.0,0.27246821289062495,False,CALL,2026-01-30,AMZN
AMZN260130C00245000,245.0,0.33,0.33,0.34,23005.0,43588.0,0.28565167480468745,False,CALL,2026-01-30,AMZN
AMZN260130C00247500,247.5,0.15,0.16,0.17,12160.0,29523.0,0.30811238769531246,False,CALL,2026-01-30,AMZN
AMZN260130C00250000,250.0,0.08,0.08,0.1,12299.0,22917.0,0.33887379882812496,False,CALL,2026-01-30,AMZN
AMZN260130C00252500,252.5,0.05,0.05,0.06,2660.0,14972.0,0.367193828125,False,CALL,2026-01-30,AMZN
AMZN260130C00255000,255.0,0.03,0.03,0.04,3632.0,18158.0,0.398443515625,False,CALL,2026-01-30,AMZN
AMZN260130C00257500,257.5,0.03,0.02,0.03,419.0,3284.0,0.4335994140625,False,CALL,2026-01-30,AMZN
AMZN260130C00260000,260.0,0.01,0.01,0.02,1512.0,8318.0,0.46094289062500005,False,CALL,2026-01-30,AMZN
AMZN260130C00262500,262.5,0.01,0.0,0.01,372.0,954.0,0.4687553125,False,CALL,2026-01-30,AMZN
AMZN260130C00265000,265.0,0.01,0.0,0.01,102.0,8539.0,0.507817421875,False,CALL,2026-01-30,AMZN
AMZN260130C00267500,267.5,0.02,0.0,0.01,49.0,1524.0,0.51562984375,False,CALL,2026-01-30,AMZN
AMZN260130C00270000,270.0,0.02,0.0,0.01,9.0,3143.0,0.5625043750000001,False,CALL,2026-01-30,AMZN
AMZN260130C00275000,275.0,0.01,0.0,0.01,15.0,2025.0,0.6250037500000001,False,CALL,2026-01-30,AMZN
AMZN260130C00280000,280.0,0.01,0.0,0.01,23.0,1029.0,0.70312796875,False,CALL,2026-01-30,AMZN
AMZN260130C00285000,285.0,0.01,0.0,0.01,28.0,1400.0,0.7812521875,False,CALL,2026-01-30,AMZN
AMZN260130C00290000,290.0,0.02,0.0,0.02,1.0,85.0,0.9062509375,False,CALL,2026-01-30,AMZN
AMZN260130C00295000,295.0,0.03,0.0,0.01,1.0,206.0,0.9062509375,False,CALL,2026-01-30,AMZN
AMZN260130C00300000,300.0,0.01,0.0,0.01,8.0,701.0,0.9687503125,False,CALL,2026-01-30,AMZN
AMZN260130C00305000,305.0,0.01,0.0,0.2,1.0,143.0,1.4179716601562502,False,CALL,2026-01-30,AMZN
AMZN260130C00310000,310.0,0.01,0.0,0.45,1.0,106.0,1.67578287109375,False,CALL,2026-01-30,AMZN
AMZN260130P00170000,170.0,0.01,0.0,0.03,2.0,75.0,1.609376953125,False,PUT,2026-01-30,AMZN
AMZN260130P00175000,175.0,0.02,0.0,0.01,39.0,771.0,1.3437532812499997,False,PUT,2026-01-30,AMZN
AMZN260130P00180000,180.0,0.01,0.0,0.01,3.0,3490.0,1.2500037499999999,False,PUT,2026-01-30,AMZN
AMZN260130P00185000,185.0,0.01,0.0,0.01,10.0,2183.0,1.125004375,False,PUT,2026-01-30,AMZN
AMZN260130P00190000,190.0,0.01,0.0,0.01,2.0,4148.0,1.0312548437500002,False,PUT,2026-01-30,AMZN
AMZN260130P00195000,195.0,0.01,0.0,0.01,23.0,4059.0,0.9062509375,False,PUT,2026-01-30,AMZN
AMZN260130P00200000,200.0,0.01,0.0,0.01,337.0,4960.0,0.8125018749999999,False,PUT,2026-01-30,AMZN
AMZN260130P00202500,202.5,0.02,0.01,0.02,66.0,165.0,0.8437515624999999,False,PUT,2026-01-30,AMZN
AMZN260130P00205000,205.0,0.02,0.01,0.02,93.0,3137.0,0.7812521875,False,PUT,2026-01-30,AMZN
AMZN260130P00207500,207.5,0.02,0.01,0.02,51.0,1611.0,0.726565234375,False,PUT,2026-01-30,AMZN
AMZN260130P00210000,210.0,0.03,0.02,0.03,147.0,4459.0,0.710940390625,False,PUT,2026-01-30,AMZN
AMZN260130P00212500,212.5,0.03,0.02,0.03,11.0,607.0,0.6523472265625001,False,PUT,2026-01-30,AMZN
AMZN260130P00215000,215.0,0.02,0.02,0.03,115.0,3483.0,0.5937540625000001,False,PUT,2026-01-30,AMZN
AMZN260130P00217500,217.5,0.02,0.03,0.04,431.0,2795.0,0.5625043750000001,False,PUT,2026-01-30,AMZN
AMZN260130P00220000,220.0,0.04,0.03,0.04,712.0,6342.0,0.5019581054687501,False,PUT,2026-01-30,AMZN
AMZN260130P00222500,222.5,0.05,0.04,0.05,649.0,4898.0,0.46484910156250003,False,PUT,2026-01-30,AMZN
AMZN260130P00225000,225.0,0.06,0.05,0.06,1300.0,6263.0,0.414068359375,False,PUT,2026-01-30,AMZN
AMZN260130P00227500,227.5,0.08,0.07,0.08,1487.0,5668.0,0.36914693359375,False,PUT,2026-01-30,AMZN
AMZN260130P00230000,230.0,0.12,0.11,0.12,4851.0,7527.0,0.32617861328125,False,PUT,2026-01-30,AMZN
AMZN260130P00232500,232.5,0.25,0.23,0.24,6443.0,5447.0,0.299811689453125,False,PUT,2026-01-30,AMZN
AMZN260130P00235000,235.0,0.56,0.55,0.57,16203.0,7868.0,0.29004616210937495,False,PUT,2026-01-30,AMZN
AMZN260130P00237500,237.5,1.25,1.24,1.27,12204.0,8208.0,0.28955788574218744,False,PUT,2026-01-30,AMZN
AMZN260130P00240000,240.0,2.36,2.32,2.37,10898.0,5566.0,0.28125718749999995,True,PUT,2026-01-30,AMZN
AMZN260130P00242500,242.5,4.0,3.9,4.05,3150.0,3143.0,0.2880930566406249,True,PUT,2026-01-30,AMZN
AMZN260130P00245000,245.0,6.2,6.0,6.25,1280.0,4605.0,0.331061376953125,True,PUT,2026-01-30,AMZN
AMZN260130P00247500,247.5,8.29,8.05,8.8,155.0,692.0,0.43164630859375,True,PUT,2026-01-30,AMZN
AMZN260130P00250000,250.0,10.34,10.2,11.3,205.0,872.0,0.5151415673828125,True,PUT,2026-01-30,AMZN
AMZN260130P00252500,252.5,13.23,12.75,14.05,61.0,369.0,0.6621127539062501,True,PUT,2026-01-30,AMZN
AMZN260130P00255000,255.0,16.54,14.65,16.55,13.0,139.0,0.7426783544921874,True,PUT,2026-01-30,AMZN
AMZN260130P00257500,257.5,19.45,16.6,19.3,10.0,25.0,0.8872081591796874,True,PUT,2026-01-30,AMZN
AMZN260130P00260000,260.0,17.05,19.3,22.55,130.0,114.0,0.649417568359375,True,PUT,2026-01-30,AMZN
AMZN260130P00265000,265.0,25.73,24.1,27.7,3.0,5.0,0.7500025,True,PUT,2026-01-30,AMZN
AMZN260130P00267500,267.5,29.5,26.6,30.1,2.0,2.0,0.76367423828125,True,PUT,2026-01-30,AMZN
AMZN260130P00270000,270.0,29.3,29.3,32.6,20.0,0.0,0.8974619628906249,True,PUT,2026-01-30,AMZN
AMZN260130P00275000,275.0,44.7,34.1,37.55,3.0,0.0,0.8886729882812499,True,PUT,2026-01-30,AMZN
AMZN260130P00280000,280.0,34.0,39.3,42.55,,0.0,1.091801416015625,True,PUT,2026-01-30,AMZN
AMZN260130P00285000,285.0,45.5,44.1,47.65,2.0,0.0,1.140629296875,True,PUT,2026-01-30,AMZN
AMZN260130P00290000,290.0,51.26,49.3,52.5,40.0,0.0,1.2636755566406248,True,PUT,2026-01-30,AMZN
AMZN260206C00170000,170.0,65.61,68.5,71.3,1.0,2.0,1.2382850585937497,True,CALL,2026-02-06,AMZN
AMZN260206C00175000,175.0,67.58,63.5,66.35,2.0,3.0,1.1577190551757814,True,CALL,2026-02-06,AMZN
AMZN260206C00180000,180.0,59.7,58.55,61.3,3.0,15.0,1.0698288696289064,True,CALL,2026-02-06,AMZN
AMZN260206C00185000,185.0,57.64,53.6,56.35,2.0,13.0,0.9985351708984375,True,CALL,2026-02-06,AMZN
AMZN260206C00187500,187.5,52.8,51.15,53.95,4.0,3.0,0.9760744580078126,True,CALL,2026-02-06,AMZN
AMZN260206C00190000,190.0,49.56,48.65,51.45,147.0,54.0,0.9326178613281251,True,CALL,2026-02-06,AMZN
AMZN260206C00195000,195.0,52.1,43.75,46.55,1.0,1372.0,0.8706067626953125,True,CALL,2026-02-06,AMZN
AMZN260206C00200000,200.0,40.24,39.1,41.2,8.0,776.0,0.7841818457031251,True,CALL,2026-02-06,AMZN
AMZN260206C00202500,202.5,38.15,36.5,39.3,5.0,7.0,0.7885763330078125,True,CALL,2026-02-06,AMZN
AMZN260206C00205000,205.0,33.6,34.6,35.8,2.0,119.0,0.708010732421875,True,CALL,2026-02-06,AMZN
AMZN260206C00207500,207.5,32.75,32.1,32.9,15.0,37.0,0.6262244409179689,True,CALL,2026-02-06,AMZN
AMZN260206C00210000,210.0,30.0,30.0,30.95,57.0,296.0,0.6667513793945314,True,CALL,2026-02-06,AMZN
AMZN260206C00212500,212.5,28.18,27.6,28.4,7.0,31.0,0.6254920263671876,True,CALL,2026-02-06,AMZN
AMZN260206C00215000,215.0,26.08,25.7,26.45,6.0,186.0,0.654544470214844,True,CALL,2026-02-06,AMZN
AMZN260206C00217500,217.5,23.81,23.55,24.05,6.0,17.0,0.6312292736816407,True,CALL,2026-02-06,AMZN
AMZN260206C00220000,220.0,21.79,21.6,21.9,102.0,379.0,0.6272009936523439,True,CALL,2026-02-06,AMZN
AMZN260206C00222500,222.5,20.05,19.75,19.95,40.0,618.0,0.629886513671875,True,CALL,2026-02-06,AMZN
AMZN260206C00225000,225.0,18.19,17.85,18.0,85.0,1495.0,0.6225623681640625,True,CALL,2026-02-06,AMZN
AMZN260206C00227500,227.5,16.09,16.1,16.25,53.0,787.0,0.6225623681640625,True,CALL,2026-02-06,AMZN
AMZN260206C00230000,230.0,14.45,14.35,14.55,1071.0,3364.0,0.6169471899414063,True,CALL,2026-02-06,AMZN
AMZN260206C00232500,232.5,12.83,12.75,12.95,292.0,1002.0,0.6132851171875001,True,CALL,2026-02-06,AMZN
AMZN260206C00235000,235.0,11.3,11.3,11.5,613.0,3258.0,0.6127968408203126,True,CALL,2026-02-06,AMZN
AMZN260206C00237500,237.5,10.0,10.0,10.15,529.0,793.0,0.6134071862792969,True,CALL,2026-02-06,AMZN
AMZN260206C00240000,240.0,8.76,8.7,8.85,3198.0,6332.0,0.6084023535156251,False,CALL,2026-02-06,AMZN
AMZN260206C00242500,242.5,7.65,7.55,7.7,863.0,1608.0,0.6062051098632814,False,CALL,2026-02-06,AMZN
AMZN260206C00245000,245.0,6.53,6.45,6.6,3184.0,5557.0,0.6002237243652344,False,CALL,2026-02-06,AMZN
AMZN260206C00247500,247.5,5.56,5.55,5.7,1100.0,1581.0,0.6005899316406251,False,CALL,2026-02-06,AMZN
AMZN260206C00250000,250.0,4.75,4.7,4.8,5014.0,17006.0,0.59570716796875,False,CALL,2026-02-06,AMZN
AMZN260206C00252500,252.5,3.98,3.9,4.05,492.0,1671.0,0.590946473388672,False,CALL,2026-02-06,AMZN
AMZN260206C00255000,255.0,3.31,3.3,3.4,4475.0,9219.0,0.5907023352050782,False,CALL,2026-02-06,AMZN
AMZN260206C00257500,257.5,2.76,2.74,2.82,2493.0,1260.0,0.5881388842773438,False,CALL,2026-02-06,AMZN
AMZN260206C00260000,260.0,2.26,2.26,2.32,2345.0,13109.0,0.5856975024414062,False,CALL,2026-02-06,AMZN
AMZN260206C00262500,262.5,1.85,1.82,1.88,319.0,1361.0,0.5810588769531251,False,CALL,2026-02-06,AMZN
AMZN260206C00265000,265.0,1.51,1.5,1.55,1476.0,5680.0,0.5820354296875,False,CALL,2026-02-06,AMZN
AMZN260206C00267500,267.5,1.21,1.2,1.25,278.0,409.0,0.5793499096679688,False,CALL,2026-02-06,AMZN
AMZN260206C00270000,270.0,0.97,0.95,1.0,865.0,10628.0,0.5769085278320312,False,CALL,2026-02-06,AMZN
AMZN260206C00272500,272.5,0.78,0.78,0.81,15.0,300.0,0.5786174951171875,False,CALL,2026-02-06,AMZN
AMZN260206C00275000,275.0,0.63,0.61,0.64,852.0,2830.0,0.5766643896484375,False,CALL,2026-02-06,AMZN
AMZN260206C00277500,277.5,0.5,0.48,0.53,30.0,1020.0,0.5786174951171875,False,CALL,2026-02-06,AMZN
AMZN260206C00280000,280.0,0.4,0.38,0.41,138.0,18147.0,0.577152666015625,False,CALL,2026-02-06,AMZN
AMZN260206C00285000,285.0,0.27,0.24,0.28,92.0,1003.0,0.5839885351562499,False,CALL,2026-02-06,AMZN
AMZN260206C00290000,290.0,0.16,0.14,0.17,35.0,599.0,0.5820354296875,False,CALL,2026-02-06,AMZN
AMZN260206C00295000,295.0,0.09,0.07,0.1,12.0,478.0,0.57617611328125,False,CALL,2026-02-06,AMZN
AMZN260206C00300000,300.0,0.07,0.06,0.08,86.0,2525.0,0.6015664843750002,False,CALL,2026-02-06,AMZN
AMZN260206C00305000,305.0,0.05,0.01,0.07,2.0,130.0,0.5996133789062501,False,CALL,2026-02-06,AMZN
AMZN260206C00310000,310.0,0.04,0.01,0.05,2.0,162.0,0.6171913281250001,False,CALL,2026-02-06,AMZN
AMZN260206P00170000,170.0,0.09,0.05,0.1,14.0,4837.0,0.9023447265625,False,PUT,2026-02-06,AMZN
AMZN260206P00175000,175.0,0.1,0.08,0.13,122.0,909.0,0.86914193359375,False,PUT,2026-02-06,AMZN
AMZN260206P00180000,180.0,0.14,0.12,0.15,126.0,3208.0,0.8281267187499999,False,PUT,2026-02-06,AMZN
AMZN260206P00185000,185.0,0.19,0.16,0.19,141.0,1641.0,0.7861349511718749,False,PUT,2026-02-06,AMZN
AMZN260206P00187500,187.5,0.2,0.19,0.24,18.0,125.0,0.7744163183593751,False,PUT,2026-02-06,AMZN
AMZN260206P00190000,190.0,0.24,0.23,0.26,113.0,3250.0,0.7539087109375,False,PUT,2026-02-06,AMZN
AMZN260206P00192500,192.5,0.3,0.26,0.31,25.0,88.0,0.735354208984375,False,PUT,2026-02-06,AMZN
AMZN260206P00195000,195.0,0.34,0.31,0.37,47.0,772.0,0.7202176416015625,False,PUT,2026-02-06,AMZN
AMZN260206P00197500,197.5,0.41,0.37,0.4,8.0,71.0,0.6982452050781252,False,PUT,2026-02-06,AMZN
AMZN260206P00200000,200.0,0.46,0.46,0.48,331.0,7836.0,0.6865265722656251,False,PUT,2026-02-06,AMZN
AMZN260206P00202500,202.5,0.58,0.54,0.59,268.0,90.0,0.6723665576171877,False,PUT,2026-02-06,AMZN
AMZN260206P00205000,205.0,0.7,0.68,0.7,961.0,3675.0,0.6611362011718751,False,PUT,2026-02-06,AMZN
AMZN260206P00207500,207.5,0.81,0.83,0.88,1240.0,2758.0,0.6528355029296876,False,PUT,2026-02-06,AMZN
AMZN260206P00210000,210.0,1.06,1.03,1.07,235.0,3001.0,0.6438023901367188,False,PUT,2026-02-06,AMZN
AMZN260206P00212500,212.5,1.3,1.25,1.31,225.0,283.0,0.6342810009765626,False,PUT,2026-02-06,AMZN
AMZN260206P00215000,215.0,1.58,1.56,1.61,576.0,4343.0,0.6286658227539064,False,PUT,2026-02-06,AMZN
AMZN260206P00217500,217.5,1.95,1.92,1.99,187.0,536.0,0.624027197265625,False,PUT,2026-02-06,AMZN
AMZN260206P00220000,220.0,2.37,2.35,2.4,4690.0,4702.0,0.6176796044921876,False,PUT,2026-02-06,AMZN
AMZN260206P00222500,222.5,2.9,2.86,2.94,195.0,664.0,0.6145058081054688,False,PUT,2026-02-06,AMZN
AMZN260206P00225000,225.0,3.51,3.45,3.6,932.0,6491.0,0.6125527026367189,False,PUT,2026-02-06,AMZN
AMZN260206P00227500,227.5,4.2,4.15,4.3,1265.0,3350.0,0.6092568371582032,False,PUT,2026-02-06,AMZN
AMZN260206P00230000,230.0,5.05,4.95,5.1,1461.0,13244.0,0.6062051098632814,False,PUT,2026-02-06,AMZN
AMZN260206P00232500,232.5,5.75,5.9,6.0,3234.0,519.0,0.6048623498535157,False,PUT,2026-02-06,AMZN
AMZN260206P00235000,235.0,6.98,6.9,7.0,976.0,5190.0,0.6012002770996094,False,PUT,2026-02-06,AMZN
AMZN260206P00237500,237.5,8.14,8.0,8.15,266.0,637.0,0.5986368261718751,False,PUT,2026-02-06,AMZN
AMZN260206P00240000,240.0,9.3,9.25,9.35,562.0,3847.0,0.5954630297851562,True,PUT,2026-02-06,AMZN
AMZN260206P00242500,242.5,10.35,10.55,10.75,162.0,470.0,0.5932657861328126,True,PUT,2026-02-06,AMZN
AMZN260206P00245000,245.0,12.1,12.0,12.2,261.0,2433.0,0.5903361279296876,True,PUT,2026-02-06,AMZN
AMZN260206P00247500,247.5,14.0,13.6,13.75,23.0,227.0,0.5887492297363282,True,PUT,2026-02-06,AMZN
AMZN260206P00250000,250.0,14.91,15.25,15.4,305.0,1671.0,0.5852092260742188,True,PUT,2026-02-06,AMZN
AMZN260206P00252500,252.5,17.2,17.0,17.15,40.0,95.0,0.5817912915039063,True,PUT,2026-02-06,AMZN
AMZN260206P00255000,255.0,19.6,18.8,19.0,50.0,432.0,0.5766643896484375,True,PUT,2026-02-06,AMZN
AMZN260206P00257500,257.5,22.5,20.7,20.9,5.0,68.0,0.570316796875,True,PUT,2026-02-06,AMZN
AMZN260206P00260000,260.0,22.88,22.7,22.95,49.0,758.0,0.5676312768554688,True,PUT,2026-02-06,AMZN
AMZN260206P00262500,262.5,22.25,23.95,25.35,1.0,50.0,0.534184345703125,True,PUT,2026-02-06,AMZN
AMZN260206P00265000,265.0,23.1,25.95,27.45,15.0,104.0,0.5117236328125,True,PUT,2026-02-06,AMZN
AMZN260206P00270000,270.0,31.1,30.45,31.95,85.0,128.0,0.6137733935546876,True,PUT,2026-02-06,AMZN
AMZN260206P00272500,272.5,33.73,32.6,34.4,39.0,40.0,0.639652041015625,True,PUT,2026-02-06,AMZN
AMZN260206P00275000,275.0,35.64,35.05,36.6,1.0,27.0,0.624027197265625,True,PUT,2026-02-06,AMZN
AMZN260206P00277500,277.5,33.05,37.35,39.15,1.0,40.0,0.6626010302734376,True,PUT,2026-02-06,AMZN
AMZN260206P00280000,280.0,40.1,39.8,42.2,70.0,32.0,0.5424850439453126,True,PUT,2026-02-06,AMZN
AMZN260206P00285000,285.0,37.95,44.1,47.2,2.0,2.0,0.8398453515625,True,PUT,2026-02-06,AMZN
AMZN260206P00290000,290.0,47.55,49.05,52.8,,0.0,0.6084023535156251,True,PUT,2026-02-06,AMZN
AMZN260206P00295000,295.0,53.0,54.05,57.65,,0.0,0.6113320117187502,True,PUT,2026-02-06,AMZN
AMZN260206P00300000,300.0,67.7,59.05,62.6,2.0,0.0,0.6337927246093751,True,PUT,2026-02-06,AMZN
AMZN260206P00305000,305.0,59.25,64.05,67.7,,0.0,0.70898728515625,True,PUT,2026-02-06,AMZN
AMZN260213C00170000,170.0,69.48,68.35,71.45,3.0,21.0,0.928711650390625,True,CALL,2026-02-13,AMZN
AMZN260213C00175000,175.0,64.0,63.75,66.55,,2.0,0.9213875048828125,True,CALL,2026-02-13,AMZN
AMZN260213C00180000,180.0,60.25,59.15,61.55,6.0,4.0,0.8916026464843749,True,CALL,2026-02-13,AMZN
AMZN260213C00185000,185.0,53.12,53.9,56.65,1.0,13.0,0.8083515258789062,True,CALL,2026-02-13,AMZN
AMZN260213C00190000,190.0,53.59,49.0,51.75,184.0,21.0,0.7570825073242189,True,CALL,2026-02-13,AMZN
AMZN260213C00195000,195.0,43.22,44.35,46.85,1.0,16.0,0.7216824707031251,True,CALL,2026-02-13,AMZN
AMZN260213C00200000,200.0,40.57,39.7,42.1,31.0,86.0,0.6892120922851563,True,CALL,2026-02-13,AMZN
AMZN260213C00205000,205.0,35.65,35.15,36.1,25.0,113.0,0.5861857788085938,True,CALL,2026-02-13,AMZN
AMZN260213C00210000,210.0,31.45,31.0,31.3,3.0,177.0,0.5712933496093751,True,CALL,2026-02-13,AMZN
AMZN260213C00215000,215.0,26.82,26.6,27.3,5.0,104.0,0.5649457568359376,True,CALL,2026-02-13,AMZN
AMZN260213C00220000,220.0,21.1,22.55,23.25,13.0,364.0,0.5522505712890625,True,CALL,2026-02-13,AMZN
AMZN260213C00225000,225.0,18.97,18.95,19.1,33.0,369.0,0.5345505529785157,True,CALL,2026-02-13,AMZN
AMZN260213C00230000,230.0,16.1,15.55,15.7,123.0,1462.0,0.5273484765625001,True,CALL,2026-02-13,AMZN
AMZN260213C00235000,235.0,12.62,12.55,12.65,221.0,1015.0,0.5212450219726561,True,CALL,2026-02-13,AMZN
AMZN260213C00240000,240.0,10.4,9.85,10.0,711.0,3797.0,0.5138598419189453,False,CALL,2026-02-13,AMZN
AMZN260213C00245000,245.0,7.8,7.65,7.75,306.0,4371.0,0.509892596435547,False,CALL,2026-02-13,AMZN
AMZN260213C00250000,250.0,5.8,5.7,5.85,639.0,5523.0,0.5022022436523439,False,CALL,2026-02-13,AMZN
AMZN260213C00255000,255.0,4.2,4.25,4.3,557.0,4483.0,0.4997608618164063,False,CALL,2026-02-13,AMZN
AMZN260213C00260000,260.0,3.02,3.0,3.1,402.0,4173.0,0.495122236328125,False,CALL,2026-02-13,AMZN
AMZN260213C00265000,265.0,2.17,2.16,2.21,220.0,7509.0,0.4930470617675782,False,CALL,2026-02-13,AMZN
AMZN260213C00270000,270.0,1.5,1.5,1.54,108.0,2930.0,0.4908498181152344,False,CALL,2026-02-13,AMZN
AMZN260213C00275000,275.0,1.02,1.02,1.06,157.0,2677.0,0.4899953344726563,False,CALL,2026-02-13,AMZN
AMZN260213C00280000,280.0,0.7,0.69,0.72,22.0,781.0,0.48950705810546885,False,CALL,2026-02-13,AMZN
AMZN260213C00285000,285.0,0.45,0.45,0.49,105.0,405.0,0.49121602539062503,False,CALL,2026-02-13,AMZN
AMZN260213C00290000,290.0,0.35,0.31,0.33,3.0,1038.0,0.49268085449218757,False,CALL,2026-02-13,AMZN
AMZN260213C00295000,295.0,0.19,0.2,0.23,50.0,472.0,0.49805189453125004,False,CALL,2026-02-13,AMZN
AMZN260213C00300000,300.0,0.13,0.13,0.17,6.0,451.0,0.507817421875,False,CALL,2026-02-13,AMZN
AMZN260213C00305000,305.0,0.09,0.09,0.12,4.0,121.0,0.5039112109375,False,CALL,2026-02-13,AMZN
AMZN260213C00310000,310.0,0.11,0.05,0.1,10.0,153.0,0.5117236328125,False,CALL,2026-02-13,AMZN
AMZN260213P00170000,170.0,0.14,0.13,0.17,1.0,263.0,0.7402369726562499,False,PUT,2026-02-13,AMZN
AMZN260213P00175000,175.0,0.18,0.17,0.21,6.0,730.0,0.708010732421875,False,PUT,2026-02-13,AMZN
AMZN260213P00180000,180.0,0.23,0.23,0.26,12.0,681.0,0.6777375976562501,False,PUT,2026-02-13,AMZN
AMZN260213P00185000,185.0,0.35,0.3,0.34,6.0,391.0,0.648441015625,False,PUT,2026-02-13,AMZN
AMZN260213P00190000,190.0,0.45,0.4,0.44,10.0,462.0,0.6206092626953126,False,PUT,2026-02-13,AMZN
AMZN260213P00195000,195.0,0.61,0.54,0.59,13.0,474.0,0.5952188916015625,False,PUT,2026-02-13,AMZN
AMZN260213P00200000,200.0,0.77,0.76,0.8,128.0,1441.0,0.5734905932617188,False,PUT,2026-02-13,AMZN
AMZN260213P00205000,205.0,1.15,1.08,1.12,213.0,5591.0,0.5554243676757813,False,PUT,2026-02-13,AMZN
AMZN260213P00210000,210.0,1.57,1.55,1.59,95.0,1538.0,0.541264353027344,False,PUT,2026-02-13,AMZN
AMZN260213P00215000,215.0,2.25,2.21,2.26,84.0,1213.0,0.5295457202148439,False,PUT,2026-02-13,AMZN
AMZN260213P00220000,220.0,3.13,3.15,3.25,184.0,1860.0,0.523320196533203,False,PUT,2026-02-13,AMZN
AMZN260213P00225000,225.0,4.45,4.35,4.45,265.0,1811.0,0.5136767382812499,False,PUT,2026-02-13,AMZN
AMZN260213P00230000,230.0,5.95,5.95,6.1,112.0,2954.0,0.509892596435547,False,PUT,2026-02-13,AMZN
AMZN260213P00235000,235.0,8.0,7.9,8.0,87.0,1172.0,0.5023243127441408,False,PUT,2026-02-13,AMZN
AMZN260213P00240000,240.0,10.29,10.25,10.4,61.0,1676.0,0.5016529327392578,True,PUT,2026-02-13,AMZN
AMZN260213P00245000,245.0,13.04,13.0,13.15,108.0,520.0,0.4962818927001954,True,PUT,2026-02-13,AMZN
AMZN260213P00250000,250.0,16.9,16.1,16.25,30.0,432.0,0.4891408508300782,True,PUT,2026-02-13,AMZN
AMZN260213P00255000,255.0,19.55,19.6,19.75,11.0,528.0,0.4840139489746094,True,PUT,2026-02-13,AMZN
AMZN260213P00260000,260.0,25.25,23.45,23.6,20.0,1105.0,0.4804739453125,True,PUT,2026-02-13,AMZN
AMZN260213P00265000,265.0,26.51,27.0,28.15,2.0,52.0,0.5100146655273439,True,PUT,2026-02-13,AMZN
AMZN260213P00270000,270.0,26.35,30.75,32.4,2.0,39.0,0.5039112109375,True,PUT,2026-02-13,AMZN
AMZN260213P00275000,275.0,33.55,35.85,37.1,3.0,1.0,0.5252733020019531,True,PUT,2026-02-13,AMZN
AMZN260213P00280000,280.0,39.62,39.95,41.95,1.0,11.0,0.5560347131347658,True,PUT,2026-02-13,AMZN
AMZN260213P00285000,285.0,44.9,44.15,47.45,15.0,15.0,0.6564975756835938,True,PUT,2026-02-13,AMZN
AMZN260213P00290000,290.0,51.0,49.1,52.55,,0.0,0.7126493579101563,True,PUT,2026-02-13,AMZN
AMZN260220C00170000,170.0,74.7,69.0,70.05,1.0,328.0,0.6621127539062501,True,CALL,2026-02-20,AMZN
AMZN260220C00175000,175.0,65.08,64.0,65.1,5.0,297.0,0.622074091796875,True,CALL,2026-02-20,AMZN
AMZN260220C00180000,180.0,60.85,59.6,61.8,20.0,451.0,0.7939473730468749,True,CALL,2026-02-20,AMZN
AMZN260220C00185000,185.0,59.09,54.15,55.3,13.0,391.0,0.5732464550781251,True,CALL,2026-02-20,AMZN
AMZN260220C00190000,190.0,50.58,49.75,50.45,1.0,1054.0,0.5913126806640626,True,CALL,2026-02-20,AMZN
AMZN260220C00195000,195.0,45.55,45.1,46.05,11.0,405.0,0.5988809643554689,True,CALL,2026-02-20,AMZN
AMZN260220C00200000,200.0,40.5,40.6,40.9,73.0,3205.0,0.5596967858886719,True,CALL,2026-02-20,AMZN
AMZN260220C00205000,205.0,36.69,35.8,36.3,27.0,927.0,0.5288133056640626,True,CALL,2026-02-20,AMZN
AMZN260220C00210000,210.0,31.62,31.6,31.8,105.0,12249.0,0.5188036401367188,True,CALL,2026-02-20,AMZN
AMZN260220C00215000,215.0,27.74,27.25,27.6,58.0,2042.0,0.5019581054687501,True,CALL,2026-02-20,AMZN
AMZN260220C00217500,217.5,26.03,25.05,25.55,11.0,56.0,0.5048877636718749,True,CALL,2026-02-20,AMZN
AMZN260220C00220000,220.0,23.35,23.35,23.5,294.0,17622.0,0.4940236145019532,True,CALL,2026-02-20,AMZN
AMZN260220C00222500,222.5,21.85,21.5,21.65,82.0,174.0,0.4908498181152344,True,CALL,2026-02-20,AMZN
AMZN260220C00225000,225.0,20.37,19.65,19.85,381.0,6762.0,0.4866994689941406,True,CALL,2026-02-20,AMZN
AMZN260220C00227500,227.5,18.1,18.05,18.2,72.0,1062.0,0.4859670544433594,True,CALL,2026-02-20,AMZN
AMZN260220C00230000,230.0,16.3,16.35,16.5,471.0,16523.0,0.47937532348632805,True,CALL,2026-02-20,AMZN
AMZN260220C00232500,232.5,15.45,14.8,14.9,29.0,281.0,0.47376014526367194,True,CALL,2026-02-20,AMZN
AMZN260220C00235000,235.0,13.39,13.35,13.45,469.0,13353.0,0.4710135906982422,True,CALL,2026-02-20,AMZN
AMZN260220C00237500,237.5,12.0,11.95,12.1,918.0,823.0,0.4688773815917969,True,CALL,2026-02-20,AMZN
AMZN260220C00240000,240.0,10.75,10.7,10.85,4207.0,29192.0,0.46716841430664063,False,CALL,2026-02-20,AMZN
AMZN260220C00242500,242.5,10.0,9.5,9.65,795.0,1041.0,0.46393358337402346,False,CALL,2026-02-20,AMZN
AMZN260220C00245000,245.0,8.39,8.4,8.5,3244.0,16263.0,0.4591118542480469,False,CALL,2026-02-20,AMZN
AMZN260220C00247500,247.5,7.45,7.4,7.5,388.0,1824.0,0.45691461059570315,False,CALL,2026-02-20,AMZN
AMZN260220C00250000,250.0,6.5,6.5,6.55,5800.0,42711.0,0.4531915032958984,False,CALL,2026-02-20,AMZN
AMZN260220C00252500,252.5,5.7,5.55,5.7,148.0,1227.0,0.450200810546875,False,CALL,2026-02-20,AMZN
AMZN260220C00255000,255.0,4.94,4.9,5.0,2575.0,21937.0,0.45044494873046875,False,CALL,2026-02-20,AMZN
AMZN260220C00257500,257.5,4.18,4.2,4.35,41.0,1046.0,0.4497125341796875,False,CALL,2026-02-20,AMZN
AMZN260220C00260000,260.0,3.64,3.6,3.7,3005.0,25781.0,0.445318046875,False,CALL,2026-02-20,AMZN
AMZN260220C00262500,262.5,3.3,3.05,3.15,33.0,1459.0,0.4425104577636719,False,CALL,2026-02-20,AMZN
AMZN260220C00265000,265.0,2.68,2.64,2.69,5085.0,20991.0,0.4412897668457031,False,CALL,2026-02-20,AMZN
AMZN260220C00270000,270.0,1.89,1.89,1.93,929.0,18885.0,0.43860424682617194,False,CALL,2026-02-20,AMZN
AMZN260220C00275000,275.0,1.36,1.34,1.38,327.0,17654.0,0.4379939013671875,False,CALL,2026-02-20,AMZN
AMZN260220C00280000,280.0,0.95,0.94,0.97,511.0,13145.0,0.43726148681640625,False,CALL,2026-02-20,AMZN
AMZN260220C00285000,285.0,0.69,0.67,0.69,94.0,3485.0,0.43897045410156255,False,CALL,2026-02-20,AMZN
AMZN260220C00290000,290.0,0.49,0.45,0.49,826.0,4365.0,0.4414118359375,False,CALL,2026-02-20,AMZN
AMZN260220C00295000,295.0,0.35,0.31,0.35,36.0,2494.0,0.44482977050781247,False,CALL,2026-02-20,AMZN
AMZN260220C00300000,300.0,0.23,0.22,0.25,168.0,10247.0,0.44824770507812495,False,CALL,2026-02-20,AMZN
AMZN260220C00305000,305.0,0.18,0.15,0.18,7.0,2363.0,0.45313046875,False,CALL,2026-02-20,AMZN
AMZN260220C00310000,310.0,0.09,0.11,0.14,1.0,2711.0,0.46191944335937507,False,CALL,2026-02-20,AMZN
AMZN260220P00170000,170.0,0.23,0.22,0.24,328.0,5968.0,0.6562534375000001,False,PUT,2026-02-20,AMZN
AMZN260220P00175000,175.0,0.31,0.28,0.3,5.0,5117.0,0.629886513671875,False,PUT,2026-02-20,AMZN
AMZN260220P00180000,180.0,0.35,0.35,0.37,586.0,9012.0,0.6015664843750002,False,PUT,2026-02-20,AMZN
AMZN260220P00185000,185.0,0.45,0.45,0.47,77.0,6112.0,0.5766643896484375,False,PUT,2026-02-20,AMZN
AMZN260220P00190000,190.0,0.56,0.57,0.61,44.0,6132.0,0.5522505712890625,False,PUT,2026-02-20,AMZN
AMZN260220P00195000,195.0,0.73,0.77,0.79,39.0,15001.0,0.5314988256835937,False,PUT,2026-02-20,AMZN
AMZN260220P00200000,200.0,1.04,1.03,1.05,250.0,23489.0,0.5119677709960937,False,PUT,2026-02-20,AMZN
AMZN260220P00205000,205.0,1.42,1.41,1.44,268.0,19555.0,0.4982960327148438,False,PUT,2026-02-20,AMZN
AMZN260220P00210000,210.0,1.94,1.94,1.98,673.0,14706.0,0.485356708984375,False,PUT,2026-02-20,AMZN
AMZN260220P00215000,215.0,2.73,2.68,2.73,340.0,13073.0,0.47522497436523436,False,PUT,2026-02-20,AMZN
AMZN260220P00217500,217.5,3.2,3.1,3.2,48.0,922.0,0.4710746252441406,False,PUT,2026-02-20,AMZN
AMZN260220P00220000,220.0,3.74,3.65,3.75,434.0,16264.0,0.46802289794921875,False,PUT,2026-02-20,AMZN
AMZN260220P00222500,222.5,4.35,4.25,4.4,62.0,581.0,0.4664359997558594,False,PUT,2026-02-20,AMZN
AMZN260220P00225000,225.0,5.05,4.95,5.1,827.0,17027.0,0.46356737609863286,False,PUT,2026-02-20,AMZN
AMZN260220P00227500,227.5,5.8,5.75,5.8,37.0,1421.0,0.45691461059570315,False,PUT,2026-02-20,AMZN
AMZN260220P00230000,230.0,6.65,6.6,6.7,1913.0,14947.0,0.4559380578613281,False,PUT,2026-02-20,AMZN
AMZN260220P00232500,232.5,7.3,7.55,7.7,100.0,562.0,0.4554497814941406,False,PUT,2026-02-20,AMZN
AMZN260220P00235000,235.0,8.7,8.6,8.7,544.0,12104.0,0.4510552941894531,False,PUT,2026-02-20,AMZN
AMZN260220P00237500,237.5,9.8,9.75,9.85,129.0,432.0,0.4491632232666015,False,PUT,2026-02-20,AMZN
AMZN260220P00240000,240.0,11.04,10.95,11.1,399.0,10155.0,0.4476373596191406,True,PUT,2026-02-20,AMZN
AMZN260220P00242500,242.5,12.34,12.25,12.35,20.0,188.0,0.4422663195800781,True,PUT,2026-02-20,AMZN
AMZN260220P00245000,245.0,13.68,13.7,13.8,151.0,4185.0,0.4414118359375,True,PUT,2026-02-20,AMZN
AMZN260220P00247500,247.5,15.75,15.2,15.3,8.0,164.0,0.4389094195556641,True,PUT,2026-02-20,AMZN
AMZN260220P00250000,250.0,16.93,16.7,16.85,324.0,2522.0,0.43469803588867195,True,PUT,2026-02-20,AMZN
AMZN260220P00252500,252.5,18.45,18.4,18.6,125.0,54.0,0.4356135540771484,True,PUT,2026-02-20,AMZN
AMZN260220P00255000,255.0,19.9,20.15,20.35,63.0,2470.0,0.43286699951171875,True,PUT,2026-02-20,AMZN
AMZN260220P00257500,257.5,22.8,21.95,22.15,5.0,63.0,0.428716650390625,True,PUT,2026-02-20,AMZN
AMZN260220P00260000,260.0,25.75,23.95,24.1,58.0,3583.0,0.4283504431152344,True,PUT,2026-02-20,AMZN
AMZN260220P00262500,262.5,25.8,25.9,26.05,4.0,42.0,0.4243221630859375,True,PUT,2026-02-20,AMZN
AMZN260220P00265000,265.0,26.8,26.85,28.4,12.0,413.0,0.4408014904785156,True,PUT,2026-02-20,AMZN
AMZN260220P00270000,270.0,33.63,31.1,32.85,5.0,447.0,0.45288633056640626,True,PUT,2026-02-20,AMZN
AMZN260220P00275000,275.0,32.8,35.5,37.3,5.0,675.0,0.4549615051269531,True,PUT,2026-02-20,AMZN
AMZN260220P00280000,280.0,42.88,40.65,41.9,2.0,1309.0,0.45898978515625005,True,PUT,2026-02-20,AMZN
AMZN260220P00285000,285.0,47.5,44.45,47.0,1.0,29.0,0.5063525927734375,True,PUT,2026-02-20,AMZN
AMZN260220P00290000,290.0,56.69,49.15,51.85,1.0,0.0,0.5268602001953125,True,PUT,2026-02-20,AMZN
AMZN260220P00295000,295.0,65.23,54.1,56.8,1.0,0.0,0.5556685058593751,True,PUT,2026-02-20,AMZN
AMZN260220P00300000,300.0,57.31,59.1,62.3,36.0,26.0,0.6433141137695313,True,PUT,2026-02-20,AMZN
AMZN260220P00305000,305.0,56.5,67.2,69.25,3.0,0.0,0.7620873400878907,True,PUT,2026-02-20,AMZN
AMZN260220P00310000,310.0,81.4,69.05,72.5,1.0,0.0,0.7309597216796875,True,PUT,2026-02-20,AMZN
AMZN260227C00170000,170.0,64.1,68.7,71.9,,20.0,0.7485376708984376,True,CALL,2026-02-27,AMZN
AMZN260227C00180000,180.0,60.55,59.45,62.05,2.0,6.0,0.7009307250976562,True,CALL,2026-02-27,AMZN
AMZN260227C00185000,185.0,50.0,54.45,57.2,2.0,4.0,0.6551548156738283,True,CALL,2026-02-27,AMZN
AMZN260227C00190000,190.0,43.22,49.6,51.35,1.0,2.0,0.5644574804687501,True,CALL,2026-02-27,AMZN
AMZN260227C00195000,195.0,48.83,44.95,47.55,2.0,122.0,0.586918193359375,True,CALL,2026-02-27,AMZN
AMZN260227C00200000,200.0,41.95,40.45,41.35,17.0,299.0,0.5033008654785156,True,CALL,2026-02-27,AMZN
AMZN260227C00205000,205.0,41.2,36.2,37.7,1.0,138.0,0.527470545654297,True,CALL,2026-02-27,AMZN
AMZN260227C00210000,210.0,32.0,31.95,32.45,19.0,204.0,0.5004932763671875,True,CALL,2026-02-27,AMZN
AMZN260227C00215000,215.0,28.21,27.55,28.65,1.0,40.0,0.5042774182128906,True,CALL,2026-02-27,AMZN
AMZN260227C00220000,220.0,24.5,23.85,24.3,13.0,180.0,0.470281176147461,True,CALL,2026-02-27,AMZN
AMZN260227C00225000,225.0,21.0,20.15,21.15,29.0,245.0,0.48102325622558595,True,CALL,2026-02-27,AMZN
AMZN260227C00230000,230.0,17.27,17.1,17.25,35.0,297.0,0.4491632232666015,True,CALL,2026-02-27,AMZN
AMZN260227C00235000,235.0,13.97,14.2,14.35,148.0,590.0,0.44605046142578125,True,CALL,2026-02-27,AMZN
AMZN260227C00240000,240.0,11.5,11.55,11.7,2036.0,2555.0,0.4401301104736328,False,CALL,2026-02-27,AMZN
AMZN260227C00245000,245.0,9.25,9.25,9.35,7444.0,3961.0,0.43335527587890627,False,CALL,2026-02-27,AMZN
AMZN260227C00250000,250.0,7.5,7.25,7.4,287.0,1395.0,0.4294490649414063,False,CALL,2026-02-27,AMZN
AMZN260227C00255000,255.0,5.85,5.55,5.7,501.0,2063.0,0.4232235412597656,False,CALL,2026-02-27,AMZN
AMZN260227C00260000,260.0,4.32,4.2,4.35,482.0,1689.0,0.4194393994140625,False,CALL,2026-02-27,AMZN
AMZN260227C00265000,265.0,3.25,3.2,3.3,98.0,2082.0,0.41785250122070305,False,CALL,2026-02-27,AMZN
AMZN260227C00270000,270.0,2.43,2.33,2.4,198.0,1087.0,0.41235939208984373,False,CALL,2026-02-27,AMZN
AMZN260227C00275000,275.0,1.72,1.7,1.77,148.0,705.0,0.4116269775390625,False,CALL,2026-02-27,AMZN
AMZN260227C00280000,280.0,1.29,1.23,1.29,180.0,1515.0,0.41089456298828125,False,CALL,2026-02-27,AMZN
AMZN260227C00285000,285.0,0.72,0.9,0.95,19.0,184.0,0.41260353027343744,False,CALL,2026-02-27,AMZN
AMZN260227C00290000,290.0,0.68,0.65,0.7,9.0,210.0,0.41480077392578124,False,CALL,2026-02-27,AMZN
AMZN260227C00295000,295.0,0.42,0.47,0.51,27.0,512.0,0.4167538793945312,False,CALL,2026-02-27,AMZN
AMZN260227C00300000,300.0,0.35,0.34,0.38,99.0,161.0,0.4204159521484375,False,CALL,2026-02-27,AMZN
AMZN260227C00305000,305.0,0.3,0.24,0.28,1.0,122.0,0.42383388671875,False,CALL,2026-02-27,AMZN
AMZN260227C00310000,310.0,0.21,0.17,0.21,4.0,37.0,0.4282283740234375,False,CALL,2026-02-27,AMZN
AMZN260227P00170000,170.0,0.29,0.29,0.33,1.0,12.0,0.6020547607421877,False,PUT,2026-02-27,AMZN
AMZN260227P00175000,175.0,0.35,0.36,0.41,20.0,49.0,0.5776409423828125,False,PUT,2026-02-27,AMZN
AMZN260227P00180000,180.0,0.46,0.45,0.5,81.0,402.0,0.5532271240234375,False,PUT,2026-02-27,AMZN
AMZN260227P00185000,185.0,0.65,0.56,0.62,15.0,92.0,0.5293015820312501,False,PUT,2026-02-27,AMZN
AMZN260227P00190000,190.0,0.72,0.72,0.78,36.0,539.0,0.5083056982421875,False,PUT,2026-02-27,AMZN
AMZN260227P00195000,195.0,0.9,0.95,1.01,13.0,151.0,0.4936574072265626,False,PUT,2026-02-27,AMZN
AMZN260227P00200000,200.0,1.3,1.26,1.33,92.0,897.0,0.47730014892578126,False,PUT,2026-02-27,AMZN
AMZN260227P00205000,205.0,1.62,1.7,1.77,33.0,706.0,0.4631401342773438,False,PUT,2026-02-27,AMZN
AMZN260227P00210000,210.0,2.35,2.3,2.37,171.0,988.0,0.45117736328125,False,PUT,2026-02-27,AMZN
AMZN260227P00215000,215.0,3.17,3.1,3.2,137.0,1191.0,0.4426325268554688,False,PUT,2026-02-27,AMZN
AMZN260227P00220000,220.0,4.19,4.2,4.3,310.0,1130.0,0.436529072265625,False,PUT,2026-02-27,AMZN
AMZN260227P00225000,225.0,5.45,5.5,5.65,136.0,920.0,0.42957113403320313,False,PUT,2026-02-27,AMZN
AMZN260227P00230000,230.0,7.32,7.2,7.35,141.0,669.0,0.4249325085449219,False,PUT,2026-02-27,AMZN
AMZN260227P00235000,235.0,9.55,9.25,9.35,160.0,514.0,0.41919526123046874,False,PUT,2026-02-27,AMZN
AMZN260227P00240000,240.0,11.65,11.6,11.75,259.0,1699.0,0.41571629211425776,True,PUT,2026-02-27,AMZN
AMZN260227P00245000,245.0,14.3,14.35,14.55,134.0,458.0,0.41425146301269533,True,PUT,2026-02-27,AMZN
AMZN260227P00250000,250.0,17.0,17.3,17.5,23.0,69.0,0.4057676611328125,True,PUT,2026-02-27,AMZN
AMZN260227P00255000,255.0,22.05,20.75,20.9,2.0,194.0,0.4019835192871094,True,PUT,2026-02-27,AMZN
AMZN260227P00260000,260.0,21.7,23.75,24.95,7.0,245.0,0.4141904284667969,True,PUT,2026-02-27,AMZN
AMZN260227P00265000,265.0,25.53,27.8,28.75,25.0,99.0,0.40430283203125,True,PUT,2026-02-27,AMZN
AMZN260227P00270000,270.0,33.8,31.85,33.25,3.0,44.0,0.4200497448730469,True,PUT,2026-02-27,AMZN
AMZN260227P00275000,275.0,37.65,36.25,37.45,15.0,1.0,0.4089414575195312,True,PUT,2026-02-27,AMZN
AMZN260227P00280000,280.0,38.65,40.75,42.0,1.0,4.0,0.41040628662109374,True,PUT,2026-02-27,AMZN
AMZN260227P00290000,290.0,50.35,49.2,52.0,50.0,50.0,0.47522497436523436,True,PUT,2026-02-27,AMZN
AMZN260227P00310000,310.0,76.09,68.95,72.45,,0.0,0.6356237609863282,True,PUT,2026-02-27,AMZN
AMZN260306C00200000,200.0,41.6,41.1,42.6,1.0,25.0,0.5202684692382812,True,CALL,2026-03-06,AMZN
AMZN260306C00205000,205.0,41.35,36.45,37.8,4.0,34.0,0.5236864038085938,True,CALL,2026-03-06,AMZN
AMZN260306C00210000,210.0,32.63,32.45,32.9,1.0,48.0,0.47412635253906255,True,CALL,2026-03-06,AMZN
AMZN260306C00215000,215.0,28.62,28.4,29.0,1.0,20.0,0.4699760034179688,True,CALL,2026-03-06,AMZN
AMZN260306C00220000,220.0,24.25,24.45,24.75,4.0,5.0,0.44214425048828127,True,CALL,2026-03-06,AMZN
AMZN260306C00225000,225.0,20.0,20.95,21.55,10.0,14.0,0.44812563598632804,True,CALL,2026-03-06,AMZN
AMZN260306C00230000,230.0,17.8,17.8,18.0,24.0,25.0,0.43079182495117196,True,CALL,2026-03-06,AMZN
AMZN260306C00235000,235.0,14.58,14.85,15.1,54.0,67.0,0.4268245794677735,True,CALL,2026-03-06,AMZN
AMZN260306C00240000,240.0,12.32,12.25,12.5,187.0,262.0,0.4226742303466796,False,CALL,2026-03-06,AMZN
AMZN260306C00245000,245.0,10.03,9.95,10.2,155.0,622.0,0.41834077758789057,False,CALL,2026-03-06,AMZN
AMZN260306C00250000,250.0,8.0,7.95,8.15,179.0,484.0,0.41235939208984373,False,CALL,2026-03-06,AMZN
AMZN260306C00255000,255.0,6.45,6.25,6.45,146.0,105.0,0.4082700775146484,False,CALL,2026-03-06,AMZN
AMZN260306C00260000,260.0,5.01,4.85,5.0,407.0,673.0,0.4033873138427735,False,CALL,2026-03-06,AMZN
AMZN260306C00265000,265.0,3.77,3.7,3.85,68.0,203.0,0.4004576556396484,False,CALL,2026-03-06,AMZN
AMZN260306C00270000,270.0,2.85,2.8,2.91,48.0,180.0,0.3971007556152344,False,CALL,2026-03-06,AMZN
AMZN260306C00275000,275.0,2.2,2.11,2.2,22.0,160.0,0.39588006469726567,False,CALL,2026-03-06,AMZN
AMZN260306C00280000,280.0,1.48,1.55,1.66,16.0,132.0,0.39588006469726567,False,CALL,2026-03-06,AMZN
AMZN260306C00285000,285.0,1.21,1.17,1.25,317.0,335.0,0.3967345483398438,False,CALL,2026-03-06,AMZN
AMZN260306C00290000,290.0,1.0,0.87,0.94,1.0,53.0,0.3979552392578125,False,CALL,2026-03-06,AMZN
AMZN260306C00295000,295.0,0.67,0.64,0.71,1.0,24.0,0.40015248291015626,False,CALL,2026-03-06,AMZN
AMZN260306C00300000,300.0,0.45,0.47,0.55,4.0,14.0,0.40454697021484376,False,CALL,2026-03-06,AMZN
AMZN260306P00185000,185.0,0.57,0.67,0.76,3.0,366.0,0.5017139672851563,False,PUT,2026-03-06,AMZN
AMZN260306P00190000,190.0,0.95,0.86,0.96,8.0,14.0,0.48303739624023445,False,PUT,2026-03-06,AMZN
AMZN260306P00195000,195.0,1.2,1.13,1.2,65.0,50.0,0.4633842724609375,False,PUT,2026-03-06,AMZN
AMZN260306P00200000,200.0,1.49,1.49,1.6,35.0,79.0,0.45178770874023444,False,PUT,2026-03-06,AMZN
AMZN260306P00205000,205.0,2.1,1.98,2.11,52.0,368.0,0.44006907592773437,False,PUT,2026-03-06,AMZN
AMZN260306P00210000,210.0,2.7,2.64,2.77,63.0,176.0,0.4290828576660156,False,PUT,2026-03-06,AMZN
AMZN260306P00215000,215.0,3.44,3.5,3.65,49.0,290.0,0.4205380212402344,False,PUT,2026-03-06,AMZN
AMZN260306P00220000,220.0,4.47,4.6,4.8,79.0,379.0,0.41431249755859373,False,PUT,2026-03-06,AMZN
AMZN260306P00225000,225.0,5.85,6.0,6.2,34.0,125.0,0.4079038702392578,False,PUT,2026-03-06,AMZN
AMZN260306P00230000,230.0,7.5,7.75,7.95,81.0,72.0,0.40381455566406255,False,PUT,2026-03-06,AMZN
AMZN260306P00235000,235.0,9.8,9.75,10.0,36.0,42.0,0.3993590338134766,False,PUT,2026-03-06,AMZN
AMZN260306P00240000,240.0,12.65,12.1,12.35,157.0,74.0,0.394110062866211,True,PUT,2026-03-06,AMZN
AMZN260306P00245000,245.0,14.66,14.8,15.1,38.0,48.0,0.39124143920898435,True,PUT,2026-03-06,AMZN
AMZN260306P00250000,250.0,17.39,17.85,18.15,1.0,1.0,0.3877624700927734,True,PUT,2026-03-06,AMZN
AMZN260320C00170000,170.0,73.35,70.15,71.7,66.0,859.0,0.6391637646484375,True,CALL,2026-03-20,AMZN
AMZN260320C00175000,175.0,65.53,64.9,66.05,2.0,837.0,0.5524947094726562,True,CALL,2026-03-20,AMZN
AMZN260320C00180000,180.0,60.17,60.8,61.25,1.0,2402.0,0.5607954077148438,True,CALL,2026-03-20,AMZN
AMZN260320C00185000,185.0,56.5,55.3,57.9,113.0,966.0,0.5599409240722657,True,CALL,2026-03-20,AMZN
AMZN260320C00190000,190.0,52.5,51.15,51.75,20.0,3056.0,0.5059863854980469,True,CALL,2026-03-20,AMZN
AMZN260320C00195000,195.0,46.95,46.6,47.15,16.0,1793.0,0.5043994873046875,True,CALL,2026-03-20,AMZN
AMZN260320C00200000,200.0,42.5,42.1,42.55,48.0,3913.0,0.4801077380371094,True,CALL,2026-03-20,AMZN
AMZN260320C00205000,205.0,37.2,37.8,38.1,22.0,1471.0,0.4598442687988281,True,CALL,2026-03-20,AMZN
AMZN260320C00210000,210.0,34.15,33.8,34.0,23.0,4864.0,0.44995667236328124,True,CALL,2026-03-20,AMZN
AMZN260320C00215000,215.0,29.8,29.75,29.95,62.0,3878.0,0.4358576922607422,True,CALL,2026-03-20,AMZN
AMZN260320C00220000,220.0,26.38,25.95,26.15,103.0,30956.0,0.42456630126953127,True,CALL,2026-03-20,AMZN
AMZN260320C00225000,225.0,23.1,22.45,22.65,66.0,5505.0,0.4163876721191406,True,CALL,2026-03-20,AMZN
AMZN260320C00230000,230.0,19.35,19.35,19.45,1381.0,24788.0,0.4100705966186523,True,CALL,2026-03-20,AMZN
AMZN260320C00235000,235.0,16.25,16.35,16.5,398.0,6033.0,0.4035093829345704,True,CALL,2026-03-20,AMZN
AMZN260320C00240000,240.0,13.7,13.7,13.8,1757.0,13941.0,0.39649041015625003,False,CALL,2026-03-20,AMZN
AMZN260320C00245000,245.0,11.4,11.35,11.45,819.0,8371.0,0.3915466119384765,False,CALL,2026-03-20,AMZN
AMZN260320C00250000,250.0,9.35,9.3,9.4,1714.0,26218.0,0.38733522827148437,False,CALL,2026-03-20,AMZN
AMZN260320C00255000,255.0,7.5,7.55,7.65,1451.0,14334.0,0.3841614318847656,False,CALL,2026-03-20,AMZN
AMZN260320C00260000,260.0,6.0,6.05,6.1,1620.0,20190.0,0.3794007373046875,False,CALL,2026-03-20,AMZN
AMZN260320C00265000,265.0,4.75,4.75,4.8,1232.0,11904.0,0.37500625,False,CALL,2026-03-20,AMZN
AMZN260320C00270000,270.0,3.75,3.7,3.8,475.0,18299.0,0.3737855590820312,False,CALL,2026-03-20,AMZN
AMZN260320C00275000,275.0,3.05,2.91,2.95,194.0,11440.0,0.37134417724609375,False,CALL,2026-03-20,AMZN
AMZN260320C00280000,280.0,2.25,2.26,2.3,429.0,11438.0,0.37085590087890624,False,CALL,2026-03-20,AMZN
AMZN260320C00285000,285.0,1.77,1.73,1.76,160.0,2848.0,0.36939107177734376,False,CALL,2026-03-20,AMZN
AMZN260320C00290000,290.0,1.35,1.31,1.34,221.0,7579.0,0.3684145190429688,False,CALL,2026-03-20,AMZN
AMZN260320C00295000,295.0,1.03,1.02,1.04,527.0,2066.0,0.3698793481445312,False,CALL,2026-03-20,AMZN
AMZN260320C00300000,300.0,0.78,0.78,0.8,811.0,20468.0,0.37085590087890624,False,CALL,2026-03-20,AMZN
AMZN260320C00305000,305.0,0.52,0.59,0.62,10.0,2159.0,0.37280900634765624,False,CALL,2026-03-20,AMZN
AMZN260320C00310000,310.0,0.45,0.45,0.47,30.0,2887.0,0.37329728271484375,False,CALL,2026-03-20,AMZN
AMZN260320P00170000,170.0,0.56,0.55,0.57,11.0,8639.0,0.5107470800781251,False,PUT,2026-03-20,AMZN
AMZN260320P00175000,175.0,0.69,0.67,0.7,1.0,6592.0,0.49414568359375005,False,PUT,2026-03-20,AMZN
AMZN260320P00180000,180.0,0.83,0.83,0.85,146.0,11699.0,0.4753470434570312,False,PUT,2026-03-20,AMZN
AMZN260320P00185000,185.0,1.07,1.03,1.05,26.0,4502.0,0.4583794396972657,False,PUT,2026-03-20,AMZN
AMZN260320P00190000,190.0,1.3,1.29,1.31,57.0,13054.0,0.44287666503906253,False,PUT,2026-03-20,AMZN
AMZN260320P00195000,195.0,1.59,1.62,1.66,32.0,11181.0,0.4293269958496094,False,PUT,2026-03-20,AMZN
AMZN260320P00200000,200.0,2.08,2.07,2.11,338.0,33627.0,0.41687594848632803,False,PUT,2026-03-20,AMZN
AMZN260320P00205000,205.0,2.68,2.66,2.69,230.0,7869.0,0.40570662658691403,False,PUT,2026-03-20,AMZN
AMZN260320P00210000,210.0,3.28,3.4,3.45,289.0,14120.0,0.39649041015625003,False,PUT,2026-03-20,AMZN
AMZN260320P00215000,215.0,4.39,4.4,4.45,132.0,7812.0,0.3899597137451172,False,PUT,2026-03-20,AMZN
AMZN260320P00220000,220.0,5.6,5.6,5.65,755.0,21324.0,0.38294074096679687,False,PUT,2026-03-20,AMZN
AMZN260320P00225000,225.0,7.13,7.05,7.1,573.0,6253.0,0.3763490100097656,False,PUT,2026-03-20,AMZN
AMZN260320P00230000,230.0,8.51,8.8,8.9,368.0,6168.0,0.3723817645263672,False,PUT,2026-03-20,AMZN
AMZN260320P00235000,235.0,10.93,10.85,10.95,455.0,5682.0,0.3673158972167969,False,PUT,2026-03-20,AMZN
AMZN260320P00240000,240.0,13.31,13.2,13.35,576.0,5058.0,0.3637148590087891,True,PUT,2026-03-20,AMZN
AMZN260320P00245000,245.0,16.5,15.9,16.05,173.0,3745.0,0.3601138208007812,True,PUT,2026-03-20,AMZN
AMZN260320P00250000,250.0,19.08,18.9,19.05,115.0,7449.0,0.3565127825927734,True,PUT,2026-03-20,AMZN
AMZN260320P00255000,255.0,22.0,22.1,22.3,28.0,1178.0,0.3518131225585937,True,PUT,2026-03-20,AMZN
AMZN260320P00260000,260.0,25.29,25.7,25.85,72.0,1560.0,0.34802898071289057,True,PUT,2026-03-20,AMZN
AMZN260320P00265000,265.0,29.41,29.1,29.85,40.0,459.0,0.35144691528320304,True,PUT,2026-03-20,AMZN
AMZN260320P00270000,270.0,33.42,33.2,34.0,40.0,516.0,0.35352208984374994,True,PUT,2026-03-20,AMZN
AMZN260320P00275000,275.0,33.45,36.7,38.4,25.0,656.0,0.35962554443359374,True,PUT,2026-03-20,AMZN
AMZN260320P00280000,280.0,39.9,41.35,42.6,15.0,429.0,0.3494938098144531,True,PUT,2026-03-20,AMZN
AMZN260320P00285000,285.0,45.05,45.5,47.4,24.0,182.0,0.36499658447265626,True,PUT,2026-03-20,AMZN
AMZN260320P00290000,290.0,51.2,50.9,52.0,1.0,1287.0,0.36463037719726565,True,PUT,2026-03-20,AMZN
AMZN260320P00295000,295.0,56.24,54.85,57.55,50.0,50.0,0.4242000939941406,True,PUT,2026-03-20,AMZN
AMZN260320P00300000,300.0,57.54,59.6,62.4,10.0,150.0,0.4387263159179688,True,PUT,2026-03-20,AMZN
AMZN260320P00305000,305.0,56.77,64.15,67.3,1.0,1.0,0.45508357421875,True,PUT,2026-03-20,AMZN
AMZN260320P00310000,310.0,62.95,69.35,72.0,2.0,2.0,0.45483943603515625,True,PUT,2026-03-20,AMZN
AMZN260417C00170000,170.0,71.8,70.7,72.9,1.0,656.0,0.572391971435547,True,CALL,2026-04-17,AMZN
AMZN260417C00175000,175.0,65.4,66.2,67.1,1.0,157.0,0.5255174401855469,True,CALL,2026-04-17,AMZN
AMZN260417C00180000,180.0,62.08,61.85,63.25,1.0,216.0,0.5367477966308594,True,CALL,2026-04-17,AMZN
AMZN260417C00185000,185.0,57.6,57.15,58.65,15.0,398.0,0.514653291015625,True,CALL,2026-04-17,AMZN
AMZN260417C00190000,190.0,52.5,52.5,53.6,1.0,268.0,0.5055591436767577,True,CALL,2026-04-17,AMZN
AMZN260417C00195000,195.0,47.34,48.05,49.2,1.0,201.0,0.4888967126464845,True,CALL,2026-04-17,AMZN
AMZN260417C00200000,200.0,42.5,43.95,44.35,9.0,2559.0,0.4537408142089844,True,CALL,2026-04-17,AMZN
AMZN260417C00205000,205.0,39.74,39.6,40.05,17.0,434.0,0.436529072265625,True,CALL,2026-04-17,AMZN
AMZN260417C00210000,210.0,36.6,35.65,35.9,151.0,1008.0,0.42090422851562503,True,CALL,2026-04-17,AMZN
AMZN260417C00215000,215.0,31.96,31.85,32.05,35.0,1130.0,0.41037576934814457,True,CALL,2026-04-17,AMZN
AMZN260417C00220000,220.0,28.5,28.15,28.35,37.0,1944.0,0.3995726547241212,True,CALL,2026-04-17,AMZN
AMZN260417C00225000,225.0,24.8,24.75,25.0,171.0,2588.0,0.3930724755859375,True,CALL,2026-04-17,AMZN
AMZN260417C00230000,230.0,21.9,21.65,21.95,652.0,3924.0,0.38873902282714845,True,CALL,2026-04-17,AMZN
AMZN260417C00235000,235.0,18.8,18.7,18.95,194.0,2996.0,0.38040780731201174,True,CALL,2026-04-17,AMZN
AMZN260417C00240000,240.0,16.24,16.15,16.25,456.0,4606.0,0.3738160763549804,False,CALL,2026-04-17,AMZN
AMZN260417C00245000,245.0,13.78,13.8,13.9,196.0,4805.0,0.3698793481445312,False,CALL,2026-04-17,AMZN
AMZN260417C00250000,250.0,11.69,11.65,11.8,807.0,5582.0,0.3663393444824219,False,CALL,2026-04-17,AMZN
AMZN260417C00255000,255.0,9.82,9.8,9.9,305.0,3456.0,0.36215847808837887,False,CALL,2026-04-17,AMZN
AMZN260417C00260000,260.0,8.2,8.15,8.25,582.0,5445.0,0.35871002624511716,False,CALL,2026-04-17,AMZN
AMZN260417C00265000,265.0,6.81,6.65,6.8,686.0,3361.0,0.3550479534912109,False,CALL,2026-04-17,AMZN
AMZN260417C00270000,270.0,5.52,5.55,5.65,168.0,6811.0,0.35425450439453116,False,CALL,2026-04-17,AMZN
AMZN260417C00275000,275.0,4.5,4.5,4.6,354.0,4625.0,0.35156898437499995,False,CALL,2026-04-17,AMZN
AMZN260417C00280000,280.0,3.65,3.6,3.7,97.0,8682.0,0.3485172570800781,False,CALL,2026-04-17,AMZN
AMZN260417C00285000,285.0,3.0,2.96,3.05,94.0,3130.0,0.34943277526855465,False,CALL,2026-04-17,AMZN
AMZN260417C00290000,290.0,2.47,2.36,2.42,83.0,2310.0,0.3467472552490234,False,CALL,2026-04-17,AMZN
AMZN260417C00295000,295.0,1.9,1.9,1.95,48.0,1019.0,0.3464420825195312,False,CALL,2026-04-17,AMZN
AMZN260417C00300000,300.0,1.57,1.53,1.57,433.0,14207.0,0.3464420825195312,False,CALL,2026-04-17,AMZN
AMZN260417C00305000,305.0,1.2,1.21,1.26,8.0,547.0,0.34668622070312494,False,CALL,2026-04-17,AMZN
AMZN260417C00310000,310.0,1.0,0.96,1.0,2.0,2660.0,0.3461979443359374,False,CALL,2026-04-17,AMZN
AMZN260417P00170000,170.0,0.89,0.89,0.92,124.0,1946.0,0.45166563964843753,False,PUT,2026-04-17,AMZN
AMZN260417P00175000,175.0,1.05,1.07,1.11,224.0,1229.0,0.4368952795410156,False,PUT,2026-04-17,AMZN
AMZN260417P00180000,180.0,1.3,1.32,1.35,31.0,2285.0,0.4233456103515625,False,PUT,2026-04-17,AMZN
AMZN260417P00185000,185.0,1.33,1.62,1.65,1.0,2570.0,0.4106504248046875,False,PUT,2026-04-17,AMZN
AMZN260417P00190000,190.0,2.0,2.0,2.04,65.0,4536.0,0.3996642065429688,False,PUT,2026-04-17,AMZN
AMZN260417P00195000,195.0,2.38,2.46,2.51,608.0,4408.0,0.38867798828125,False,PUT,2026-04-17,AMZN
AMZN260417P00200000,200.0,3.1,3.05,3.15,122.0,6853.0,0.3809876354980468,False,PUT,2026-04-17,AMZN
AMZN260417P00205000,205.0,3.95,3.8,3.85,96.0,2590.0,0.37067279724121094,False,PUT,2026-04-17,AMZN
AMZN260417P00210000,210.0,4.75,4.7,4.8,78.0,3664.0,0.36426416992187505,False,PUT,2026-04-17,AMZN
AMZN260417P00215000,215.0,5.9,5.8,5.95,128.0,2899.0,0.35855743988037114,False,PUT,2026-04-17,AMZN
AMZN260417P00220000,220.0,6.95,7.2,7.25,240.0,11951.0,0.3515079498291015,False,PUT,2026-04-17,AMZN
AMZN260417P00225000,225.0,8.77,8.7,8.8,598.0,5276.0,0.3454655297851562,False,PUT,2026-04-17,AMZN
AMZN260417P00230000,230.0,10.6,10.6,10.7,186.0,3725.0,0.3421696643066406,False,PUT,2026-04-17,AMZN
AMZN260417P00235000,235.0,12.7,12.6,12.75,254.0,2776.0,0.33649345153808596,False,PUT,2026-04-17,AMZN
AMZN260417P00240000,240.0,15.05,15.0,15.1,337.0,2327.0,0.33173275695800786,True,PUT,2026-04-17,AMZN
AMZN260417P00245000,245.0,17.64,17.65,17.8,103.0,2382.0,0.3289251678466796,True,PUT,2026-04-17,AMZN
AMZN260417P00250000,250.0,20.1,20.55,20.7,104.0,753.0,0.32471378417968744,True,PUT,2026-04-17,AMZN
AMZN260417P00255000,255.0,23.82,23.7,23.85,93.0,434.0,0.32031929687499994,True,PUT,2026-04-17,AMZN
AMZN260417P00260000,260.0,23.15,26.65,27.45,3.0,171.0,0.3209906768798828,True,PUT,2026-04-17,AMZN
AMZN260417P00265000,265.0,31.8,30.3,31.35,1.0,104.0,0.3242255078124999,True,PUT,2026-04-17,AMZN
AMZN260417P00270000,270.0,34.5,34.15,35.0,5.0,144.0,0.3150703259277343,True,PUT,2026-04-17,AMZN
AMZN260417P00275000,275.0,36.6,38.0,39.05,6.0,288.0,0.31153032226562494,True,PUT,2026-04-17,AMZN
AMZN260417P00280000,280.0,44.95,42.25,43.35,11.0,266.0,0.31098101135253897,True,PUT,2026-04-17,AMZN
AMZN260417P00285000,285.0,47.75,46.55,48.1,6.0,532.0,0.3237372314453124,True,PUT,2026-04-17,AMZN
AMZN260417P00290000,290.0,51.55,51.05,52.55,8.0,183.0,0.32092964233398436,True,PUT,2026-04-17,AMZN
AMZN260417P00295000,295.0,53.05,55.2,57.35,1.0,11.0,0.33100034240722653,True,PUT,2026-04-17,AMZN
AMZN260417P00300000,300.0,61.3,60.35,61.75,10.0,10.0,0.3147041186523437,True,PUT,2026-04-17,AMZN
AMZN260417P00305000,305.0,63.65,64.25,66.9,1.0,0.0,0.34204759521484374,True,PUT,2026-04-17,AMZN
AMZN260417P00310000,310.0,62.2,69.1,71.8,12.0,0.0,0.35242346801757807,True,PUT,2026-04-17,AMZN
AMZN260515C00170000,170.0,66.8,72.1,74.75,1.0,92.0,0.5685467950439453,True,CALL,2026-05-15,AMZN
AMZN260515C00175000,175.0,68.35,68.05,69.2,40.0,228.0,0.5406540075683595,True,CALL,2026-05-15,AMZN
AMZN260515C00180000,180.0,67.32,63.5,64.8,82.0,249.0,0.5248460601806642,True,CALL,2026-05-15,AMZN
AMZN260515C00185000,185.0,59.05,58.85,60.2,1.0,228.0,0.502080174560547,True,CALL,2026-05-15,AMZN
AMZN260515C00190000,190.0,55.1,54.6,55.55,1.0,233.0,0.4991505163574219,True,CALL,2026-05-15,AMZN
AMZN260515C00195000,195.0,50.65,50.5,51.1,1.0,149.0,0.47852083984375,True,CALL,2026-05-15,AMZN
AMZN260515C00200000,200.0,46.79,46.4,46.8,160.0,700.0,0.4606682351684571,True,CALL,2026-05-15,AMZN
AMZN260515C00205000,205.0,43.15,42.35,42.9,2.0,452.0,0.4512994323730469,True,CALL,2026-05-15,AMZN
AMZN260515C00210000,210.0,37.25,38.55,39.05,10.0,3711.0,0.4401911450195312,True,CALL,2026-05-15,AMZN
AMZN260515C00215000,215.0,35.55,35.0,35.45,7.0,578.0,0.43195148132324224,True,CALL,2026-05-15,AMZN
AMZN260515C00220000,220.0,31.9,31.55,32.0,16.0,3283.0,0.4237423348999023,True,CALL,2026-05-15,AMZN
AMZN260515C00225000,225.0,29.0,28.35,28.6,3.0,2076.0,0.4133359448242187,True,CALL,2026-05-15,AMZN
AMZN260515C00230000,230.0,26.19,25.3,25.55,39.0,2735.0,0.40680524841308596,True,CALL,2026-05-15,AMZN
AMZN260515C00235000,235.0,23.0,22.5,22.8,81.0,3259.0,0.4027159338378906,True,CALL,2026-05-15,AMZN
AMZN260515C00240000,240.0,20.05,20.05,20.15,179.0,3753.0,0.3968871347045898,False,CALL,2026-05-15,AMZN
AMZN260515C00245000,245.0,17.68,17.65,17.8,276.0,3118.0,0.3932860964965821,False,CALL,2026-05-15,AMZN
AMZN260515C00250000,250.0,15.45,15.45,15.55,1574.0,19684.0,0.3880066082763671,False,CALL,2026-05-15,AMZN
AMZN260515C00255000,255.0,13.55,13.5,13.6,153.0,1916.0,0.38495488098144526,False,CALL,2026-05-15,AMZN
AMZN260515C00260000,260.0,11.8,11.75,11.85,491.0,28476.0,0.38233039550781245,False,CALL,2026-05-15,AMZN
AMZN260515C00265000,265.0,10.5,10.1,10.2,103.0,1884.0,0.37827159820556633,False,CALL,2026-05-15,AMZN
AMZN260515C00270000,270.0,8.67,8.75,8.8,376.0,5331.0,0.375982802734375,False,CALL,2026-05-15,AMZN
AMZN260515C00275000,275.0,7.5,7.5,7.6,375.0,13538.0,0.3748231463623046,False,CALL,2026-05-15,AMZN
AMZN260515C00280000,280.0,6.65,6.45,6.5,83.0,8849.0,0.3727479718017578,False,CALL,2026-05-15,AMZN
AMZN260515C00285000,285.0,5.42,5.5,5.6,41.0,15076.0,0.37244279907226563,False,CALL,2026-05-15,AMZN
AMZN260515C00290000,290.0,4.7,4.65,4.7,34.0,2606.0,0.36914693359375,False,CALL,2026-05-15,AMZN
AMZN260515C00295000,295.0,3.88,3.9,4.0,11.0,559.0,0.36829244995117194,False,CALL,2026-05-15,AMZN
AMZN260515C00300000,300.0,3.35,3.35,3.4,226.0,2625.0,0.36780417358398443,False,CALL,2026-05-15,AMZN
AMZN260515C00305000,305.0,2.87,2.87,2.92,6.0,1779.0,0.36865865722656255,False,CALL,2026-05-15,AMZN
AMZN260515C00310000,310.0,2.43,2.42,2.47,103.0,665.0,0.36817038085937503,False,CALL,2026-05-15,AMZN
AMZN260515P00170000,170.0,1.76,1.62,1.66,387.0,2816.0,0.442388388671875,False,PUT,2026-05-15,AMZN
AMZN260515P00175000,175.0,1.94,1.96,2.0,36.0,1416.0,0.43201251586914063,False,PUT,2026-05-15,AMZN
AMZN260515P00180000,180.0,2.36,2.36,2.41,50.0,4116.0,0.42212491943359376,False,PUT,2026-05-15,AMZN
AMZN260515P00185000,185.0,2.98,2.85,2.89,13.0,4515.0,0.41235939208984373,False,PUT,2026-05-15,AMZN
AMZN260515P00190000,190.0,3.35,3.4,3.5,21.0,2653.0,0.40454697021484376,False,PUT,2026-05-15,AMZN
AMZN260515P00195000,195.0,4.15,4.15,4.2,16.0,7274.0,0.3963683410644532,False,PUT,2026-05-15,AMZN
AMZN260515P00200000,200.0,4.92,4.95,5.0,59.0,5980.0,0.38788453918457033,False,PUT,2026-05-15,AMZN
AMZN260515P00205000,205.0,5.9,5.95,6.05,47.0,2603.0,0.3830017755126953,False,PUT,2026-05-15,AMZN
AMZN260515P00210000,210.0,7.1,7.1,7.15,54.0,4454.0,0.37543349182128904,False,PUT,2026-05-15,AMZN
AMZN260515P00215000,215.0,8.45,8.35,8.45,93.0,2711.0,0.3689638299560547,False,PUT,2026-05-15,AMZN
AMZN260515P00220000,220.0,9.8,9.85,10.0,191.0,5988.0,0.3642031353759766,False,PUT,2026-05-15,AMZN
AMZN260515P00225000,225.0,11.85,11.65,11.75,73.0,4196.0,0.35962554443359374,False,PUT,2026-05-15,AMZN
AMZN260515P00230000,230.0,13.6,13.5,13.65,66.0,2718.0,0.3540103662109374,False,PUT,2026-05-15,AMZN
AMZN260515P00235000,235.0,15.4,15.7,15.8,128.0,3171.0,0.34924967163085935,False,PUT,2026-05-15,AMZN
AMZN260515P00240000,240.0,18.29,18.05,18.2,136.0,1588.0,0.3451908743286133,True,PUT,2026-05-15,AMZN
AMZN260515P00245000,245.0,20.55,20.65,20.8,29.0,958.0,0.3407963870239258,True,PUT,2026-05-15,AMZN
AMZN260515P00250000,250.0,23.75,23.45,23.65,22.0,2896.0,0.33704276245117193,True,PUT,2026-05-15,AMZN
AMZN260515P00255000,255.0,26.25,26.55,26.7,1.0,1200.0,0.33304499969482426,True,PUT,2026-05-15,AMZN
AMZN260515P00260000,260.0,30.5,29.5,30.35,38.0,385.0,0.3371648315429688,True,PUT,2026-05-15,AMZN
AMZN260515P00265000,265.0,29.0,32.9,33.9,2.0,125.0,0.33551689880371094,True,PUT,2026-05-15,AMZN
AMZN260515P00270000,270.0,37.25,36.5,37.65,4.0,158.0,0.33447931152343746,True,PUT,2026-05-15,AMZN
AMZN260515P00275000,275.0,38.6,40.2,41.25,1.0,194.0,0.32581240600585937,True,PUT,2026-05-15,AMZN
AMZN260515P00280000,280.0,48.4,44.3,45.65,4.0,126.0,0.3333501724243164,True,PUT,2026-05-15,AMZN
AMZN260515P00285000,285.0,47.9,48.3,49.75,15.0,152.0,0.32996275512695306,True,PUT,2026-05-15,AMZN
AMZN260515P00290000,290.0,51.0,52.55,53.85,5.0,178.0,0.32233343688964833,True,PUT,2026-05-15,AMZN
AMZN260515P00295000,295.0,65.15,56.95,58.6,64.0,44.0,0.3325262060546875,True,PUT,2026-05-15,AMZN
AMZN260515P00300000,300.0,62.42,61.0,63.05,1.0,76.0,0.3300237896728515,True,PUT,2026-05-15,AMZN
AMZN260515P00305000,305.0,75.2,66.05,67.7,5.0,0.0,0.33234310241699216,True,PUT,2026-05-15,AMZN
AMZN260515P00310000,310.0,68.8,70.7,72.4,22.0,12.0,0.33447931152343746,True,PUT,2026-05-15,AMZN
AMZN260618C00170000,170.0,74.35,73.8,74.65,22.0,2700.0,0.5245408874511719,True,CALL,2026-06-18,AMZN
AMZN260618C00175000,175.0,69.77,69.4,70.6,2.0,4095.0,0.5173388110351562,True,CALL,2026-06-18,AMZN
AMZN260618C00180000,180.0,65.55,64.95,65.6,8.0,2825.0,0.5024158645629884,True,CALL,2026-06-18,AMZN
AMZN260618C00185000,185.0,59.9,60.4,61.7,1.0,7124.0,0.4998829309082031,True,CALL,2026-06-18,AMZN
AMZN260618C00190000,190.0,56.67,56.6,57.1,4.0,2001.0,0.47632359619140624,True,CALL,2026-06-18,AMZN
AMZN260618C00195000,195.0,55.76,52.45,52.85,101.0,2840.0,0.4607597869873047,True,CALL,2026-06-18,AMZN
AMZN260618C00200000,200.0,48.6,48.6,48.8,28.0,6893.0,0.4483087396240234,True,CALL,2026-06-18,AMZN
AMZN260618C00205000,205.0,45.1,44.7,45.05,94.0,2405.0,0.4404963177490234,True,CALL,2026-06-18,AMZN
AMZN260618C00210000,210.0,41.36,40.9,41.4,69.0,3087.0,0.4322566540527344,True,CALL,2026-06-18,AMZN
AMZN260618C00215000,215.0,37.65,37.5,37.75,8.0,3830.0,0.42163664306640625,True,CALL,2026-06-18,AMZN
AMZN260618C00220000,220.0,34.23,34.1,34.4,107.0,9034.0,0.4143735321044921,True,CALL,2026-06-18,AMZN
AMZN260618C00225000,225.0,31.0,30.85,31.1,64.0,8259.0,0.4054319711303711,True,CALL,2026-06-18,AMZN
AMZN260618C00230000,230.0,28.35,27.85,28.05,2199.0,18244.0,0.39838248107910157,True,CALL,2026-06-18,AMZN
AMZN260618C00235000,235.0,25.38,25.2,25.3,144.0,5880.0,0.39380489013671877,True,CALL,2026-06-18,AMZN
AMZN260618C00240000,240.0,23.05,22.6,22.7,1502.0,8157.0,0.3890136782836914,False,CALL,2026-06-18,AMZN
AMZN260618C00245000,245.0,20.3,20.15,20.3,419.0,7814.0,0.38483281188964835,False,CALL,2026-06-18,AMZN
AMZN260618C00250000,250.0,18.0,17.95,18.1,2701.0,18246.0,0.3812012564086914,False,CALL,2026-06-18,AMZN
AMZN260618C00255000,255.0,16.35,15.95,16.05,45.0,6330.0,0.37735608001708976,False,CALL,2026-06-18,AMZN
AMZN260618C00260000,260.0,14.05,13.95,14.1,252.0,8961.0,0.37247331634521486,False,CALL,2026-06-18,AMZN
AMZN260618C00265000,265.0,12.35,12.35,12.45,44.0,7440.0,0.3700624517822265,False,CALL,2026-06-18,AMZN
AMZN260618C00270000,270.0,11.1,10.85,10.95,2135.0,17225.0,0.36771262176513675,False,CALL,2026-06-18,AMZN
AMZN260618C00275000,275.0,9.55,9.55,9.65,91.0,5448.0,0.36652244812011714,False,CALL,2026-06-18,AMZN
AMZN260618C00280000,280.0,8.6,8.25,8.4,106.0,9597.0,0.36377589355468753,False,CALL,2026-06-18,AMZN
AMZN260618C00285000,285.0,7.45,7.15,7.3,25.0,4237.0,0.3614870980834961,False,CALL,2026-06-18,AMZN
AMZN260618C00290000,290.0,6.35,6.3,6.4,1546.0,5153.0,0.3610903735351562,False,CALL,2026-06-18,AMZN
AMZN260618C00295000,295.0,5.69,5.45,5.6,16.0,3147.0,0.36072416625976556,False,CALL,2026-06-18,AMZN
AMZN260618C00300000,300.0,4.8,4.75,4.85,587.0,24550.0,0.35938140625,False,CALL,2026-06-18,AMZN
AMZN260618C00305000,305.0,3.89,4.15,4.25,11.0,8781.0,0.359808648071289,False,CALL,2026-06-18,AMZN
AMZN260618C00310000,310.0,3.65,3.55,3.7,115.0,12078.0,0.35962554443359374,False,CALL,2026-06-18,AMZN
AMZN260618P00170000,170.0,2.31,2.25,2.29,21.0,12072.0,0.41785250122070305,False,PUT,2026-06-18,AMZN
AMZN260618P00175000,175.0,2.66,2.67,2.72,61.0,8009.0,0.40881938842773435,False,PUT,2026-06-18,AMZN
AMZN260618P00180000,180.0,3.2,3.15,3.25,41.0,8309.0,0.40112903564453123,False,PUT,2026-06-18,AMZN
AMZN260618P00185000,185.0,3.7,3.75,3.85,29.0,6262.0,0.39313351013183595,False,PUT,2026-06-18,AMZN
AMZN260618P00190000,190.0,4.4,4.45,4.55,17.0,12007.0,0.38556522644042956,False,PUT,2026-06-18,AMZN
AMZN260618P00195000,195.0,5.15,5.25,5.35,20.0,6510.0,0.3779969427490234,False,PUT,2026-06-18,AMZN
AMZN260618P00200000,200.0,6.26,6.2,6.3,64.0,21554.0,0.3714662463378906,False,PUT,2026-06-18,AMZN
AMZN260618P00205000,205.0,7.5,7.25,7.4,18.0,6804.0,0.3654848608398438,False,PUT,2026-06-18,AMZN
AMZN260618P00210000,210.0,8.3,8.5,8.65,144.0,7782.0,0.3597476135253906,False,PUT,2026-06-18,AMZN
AMZN260618P00215000,215.0,9.85,9.9,10.05,127.0,9691.0,0.35394933166503895,False,PUT,2026-06-18,AMZN
AMZN260618P00220000,220.0,11.55,11.5,11.6,149.0,9283.0,0.3479374288940429,False,PUT,2026-06-18,AMZN
AMZN260618P00225000,225.0,13.04,13.3,13.45,47.0,5664.0,0.34430587341308594,False,PUT,2026-06-18,AMZN
AMZN260618P00230000,230.0,15.45,15.25,15.45,47.0,7778.0,0.34003345520019534,False,PUT,2026-06-18,AMZN
AMZN260618P00235000,235.0,17.34,17.45,17.55,24.0,4393.0,0.33420465606689453,False,PUT,2026-06-18,AMZN
AMZN260618P00240000,240.0,19.7,19.8,19.95,621.0,2115.0,0.3302374105834961,True,PUT,2026-06-18,AMZN
AMZN260618P00245000,245.0,22.7,22.4,22.5,16.0,1375.0,0.3254767160034179,True,PUT,2026-06-18,AMZN
AMZN260618P00250000,250.0,25.25,25.15,25.3,15.0,5533.0,0.3216010223388671,True,PUT,2026-06-18,AMZN
AMZN260618P00255000,255.0,29.2,28.15,28.25,2.0,345.0,0.3169623968505859,True,PUT,2026-06-18,AMZN
AMZN260618P00260000,260.0,31.35,31.35,31.45,60.0,559.0,0.3133003240966796,True,PUT,2026-06-18,AMZN
AMZN260618P00265000,265.0,34.3,34.15,35.0,11.0,673.0,0.3126899786376953,True,PUT,2026-06-18,AMZN
AMZN260618P00270000,270.0,36.3,37.65,38.6,3.0,356.0,0.3099129067993164,True,PUT,2026-06-18,AMZN
AMZN260618P00275000,275.0,39.25,41.35,42.35,1.0,217.0,0.30689169677734374,True,PUT,2026-06-18,AMZN
AMZN260618P00280000,280.0,42.85,45.05,46.25,27.0,218.0,0.3037484176635742,True,PUT,2026-06-18,AMZN
AMZN260618P00285000,285.0,49.95,49.05,50.6,12.0,173.0,0.3079292840576171,True,PUT,2026-06-18,AMZN
AMZN260618P00290000,290.0,59.65,53.2,54.55,20.0,83.0,0.2996285858154296,True,PUT,2026-06-18,AMZN
AMZN260618P00295000,295.0,59.35,57.45,58.9,16.0,58.0,0.29834686035156244,True,PUT,2026-06-18,AMZN
AMZN260618P00300000,300.0,62.05,62.55,63.25,5.0,609.0,0.29395237304687494,True,PUT,2026-06-18,AMZN
AMZN260618P00305000,305.0,59.26,66.3,67.8,2.0,40.0,0.2929758203124999,True,PUT,2026-06-18,AMZN
AMZN260618P00310000,310.0,76.88,70.85,72.8,32.0,5.0,0.3068306622314453,True,PUT,2026-06-18,AMZN
AMZN260717C00170000,170.0,75.25,74.9,76.5,2.0,53.0,0.5227098510742187,True,CALL,2026-07-17,AMZN
AMZN260717C00175000,175.0,73.15,70.5,72.1,1.0,31.0,0.507817421875,True,CALL,2026-07-17,AMZN
AMZN260717C00180000,180.0,69.86,66.1,67.45,2.0,41.0,0.50586431640625,True,CALL,2026-07-17,AMZN
AMZN260717C00185000,185.0,61.75,62.0,63.05,1.0,310.0,0.4881032635498047,True,CALL,2026-07-17,AMZN
AMZN260717C00190000,190.0,61.65,57.75,58.7,2.0,10.0,0.4706473834228516,True,CALL,2026-07-17,AMZN
AMZN260717C00195000,195.0,54.25,53.8,54.6,4.0,23.0,0.4576470251464845,True,CALL,2026-07-17,AMZN
AMZN260717C00200000,200.0,49.9,49.65,50.7,2.0,128.0,0.4472406350708008,True,CALL,2026-07-17,AMZN
AMZN260717C00205000,205.0,46.31,46.1,47.0,2.0,89.0,0.4389399368286133,True,CALL,2026-07-17,AMZN
AMZN260717C00210000,210.0,43.55,42.45,43.3,2.0,98.0,0.4286861331176758,True,CALL,2026-07-17,AMZN
AMZN260717C00215000,215.0,42.4,39.05,39.9,9.0,224.0,0.42188078125,True,CALL,2026-07-17,AMZN
AMZN260717C00220000,220.0,34.92,35.85,36.6,18.0,229.0,0.41464818756103516,True,CALL,2026-07-17,AMZN
AMZN260717C00225000,225.0,32.7,32.6,33.5,2.0,1211.0,0.40860576751708977,True,CALL,2026-07-17,AMZN
AMZN260717C00230000,230.0,30.95,29.85,30.2,16.0,1277.0,0.3971312728881836,True,CALL,2026-07-17,AMZN
AMZN260717C00235000,235.0,27.2,27.1,27.35,93.0,1303.0,0.39075316284179684,True,CALL,2026-07-17,AMZN
AMZN260717C00240000,240.0,24.57,24.6,24.75,222.0,917.0,0.3859619509887695,False,CALL,2026-07-17,AMZN
AMZN260717C00245000,245.0,21.95,22.2,22.3,48.0,530.0,0.3811707391357422,False,CALL,2026-07-17,AMZN
AMZN260717C00250000,250.0,20.01,19.9,20.05,120.0,1297.0,0.3771424591064453,False,CALL,2026-07-17,AMZN
AMZN260717C00255000,255.0,18.3,17.85,17.95,40.0,802.0,0.3731141790771484,False,CALL,2026-07-17,AMZN
AMZN260717C00260000,260.0,16.4,15.95,16.05,46.0,2135.0,0.3698793481445312,False,CALL,2026-07-17,AMZN
AMZN260717C00265000,265.0,14.3,14.2,14.3,9.0,982.0,0.36676658630371095,False,CALL,2026-07-17,AMZN
AMZN260717C00270000,270.0,12.65,12.6,12.75,358.0,1604.0,0.3646608944702149,False,CALL,2026-07-17,AMZN
AMZN260717C00275000,275.0,11.35,11.2,11.3,17.0,883.0,0.36203640899658207,False,CALL,2026-07-17,AMZN
AMZN260717C00280000,280.0,9.99,9.9,10.0,19.0,1491.0,0.3598391653442382,False,CALL,2026-07-17,AMZN
AMZN260717C00285000,285.0,9.05,8.7,8.8,24.0,1153.0,0.3573062316894531,False,CALL,2026-07-17,AMZN
AMZN260717C00290000,290.0,7.8,7.7,7.85,6.0,513.0,0.35736726623535153,False,CALL,2026-07-17,AMZN
AMZN260717C00295000,295.0,7.05,6.8,6.9,36.0,551.0,0.35559726440429684,False,CALL,2026-07-17,AMZN
AMZN260717C00300000,300.0,5.95,5.9,6.05,298.0,1416.0,0.35388829711914055,False,CALL,2026-07-17,AMZN
AMZN260717C00305000,305.0,5.45,5.25,5.35,3.0,1019.0,0.3536441589355468,False,CALL,2026-07-17,AMZN
AMZN260717C00310000,310.0,4.67,4.55,4.7,10.0,206.0,0.35278967529296873,False,CALL,2026-07-17,AMZN
AMZN260717P00170000,170.0,2.5,2.73,2.79,1.0,914.0,0.40143420837402344,False,PUT,2026-07-17,AMZN
AMZN260717P00175000,175.0,2.83,3.2,3.3,8.0,1562.0,0.39380489013671877,False,PUT,2026-07-17,AMZN
AMZN260717P00180000,180.0,3.8,3.8,3.9,449.0,394.0,0.3867859173583984,False,PUT,2026-07-17,AMZN
AMZN260717P00185000,185.0,4.55,4.45,4.55,2.0,1071.0,0.3788514263916015,False,PUT,2026-07-17,AMZN
AMZN260717P00190000,190.0,5.12,5.25,5.35,14.0,2138.0,0.372625902709961,False,PUT,2026-07-17,AMZN
AMZN260717P00195000,195.0,5.95,6.1,6.25,17.0,2244.0,0.36627830993652344,False,PUT,2026-07-17,AMZN
AMZN260717P00200000,200.0,7.46,7.2,7.3,159.0,3912.0,0.36072416625976556,False,PUT,2026-07-17,AMZN
AMZN260717P00205000,205.0,8.25,8.3,8.45,211.0,1314.0,0.35468174621582027,False,PUT,2026-07-17,AMZN
AMZN260717P00210000,210.0,9.9,9.6,9.75,40.0,1456.0,0.3489139816284179,False,PUT,2026-07-17,AMZN
AMZN260717P00215000,215.0,11.2,11.1,11.25,134.0,2354.0,0.34421432159423826,False,PUT,2026-07-17,AMZN
AMZN260717P00220000,220.0,13.3,12.7,12.85,49.0,1154.0,0.33850759155273435,False,PUT,2026-07-17,AMZN
AMZN260717P00225000,225.0,14.35,14.6,14.7,257.0,1426.0,0.3342962078857422,False,PUT,2026-07-17,AMZN
AMZN260717P00230000,230.0,16.65,16.6,16.7,20.0,1535.0,0.32971861694335935,False,PUT,2026-07-17,AMZN
AMZN260717P00235000,235.0,18.65,18.8,19.0,46.0,930.0,0.3270636141967773,False,PUT,2026-07-17,AMZN
AMZN260717P00240000,240.0,21.2,21.1,21.25,110.0,707.0,0.32080757324218745,True,PUT,2026-07-17,AMZN
AMZN260717P00245000,245.0,24.0,23.75,23.9,5.0,698.0,0.31793894958496094,True,PUT,2026-07-17,AMZN
AMZN260717P00250000,250.0,26.5,26.45,26.7,36.0,267.0,0.31452101501464835,True,PUT,2026-07-17,AMZN
AMZN260717P00255000,255.0,29.9,29.35,29.6,1.0,150.0,0.3098518722534179,True,PUT,2026-07-17,AMZN
AMZN260717P00260000,260.0,32.45,32.55,32.75,1.0,592.0,0.30631186859130854,True,PUT,2026-07-17,AMZN
AMZN260717P00265000,265.0,30.23,35.8,36.05,1.0,6.0,0.3023446231079102,True,PUT,2026-07-17,AMZN
AMZN260717P00270000,270.0,36.55,38.8,40.2,2.0,31.0,0.3100654931640625,True,PUT,2026-07-17,AMZN
AMZN260717P00275000,275.0,51.25,42.45,43.8,,3.0,0.30609824768066407,True,PUT,2026-07-17,AMZN
AMZN260717P00280000,280.0,46.25,46.05,47.35,2.0,22.0,0.298285825805664,True,PUT,2026-07-17,AMZN
AMZN260717P00285000,285.0,56.43,50.15,51.7,1.0,26.0,0.30335169311523436,True,PUT,2026-07-17,AMZN
AMZN260717P00290000,290.0,54.9,54.2,55.8,6.0,35.0,0.3012765185546875,True,PUT,2026-07-17,AMZN
AMZN260717P00295000,295.0,58.1,58.25,59.4,20.0,23.0,0.28449201843261707,True,PUT,2026-07-17,AMZN
AMZN260717P00300000,300.0,63.64,62.5,63.7,1.0,155.0,0.2805858074951171,True,PUT,2026-07-17,AMZN
AMZN260717P00305000,305.0,62.0,66.5,68.9,15.0,16.0,0.2999337585449219,True,PUT,2026-07-17,AMZN
AMZN260717P00310000,310.0,76.75,71.4,72.7,32.0,19.0,0.2760692510986328,True,PUT,2026-07-17,AMZN
AMZN260821C00170000,170.0,81.65,76.35,77.8,1.0,44.0,0.5115405291748047,True,CALL,2026-08-21,AMZN
AMZN260821C00175000,175.0,72.28,71.85,73.4,1.0,70.0,0.5128222546386718,True,CALL,2026-08-21,AMZN
AMZN260821C00180000,180.0,68.4,67.8,68.95,3.0,143.0,0.49432878723144535,True,CALL,2026-08-21,AMZN
AMZN260821C00185000,185.0,64.75,64.0,64.7,3.0,112.0,0.4795584271240234,True,CALL,2026-08-21,AMZN
AMZN260821C00190000,190.0,59.26,59.85,60.55,4.0,94.0,0.4658866888427735,True,CALL,2026-08-21,AMZN
AMZN260821C00195000,195.0,60.95,56.15,56.7,4.0,42.0,0.4567925415039063,True,CALL,2026-08-21,AMZN
AMZN260821C00200000,200.0,55.0,52.5,52.85,2.0,1118.0,0.44623356506347656,True,CALL,2026-08-21,AMZN
AMZN260821C00205000,205.0,54.15,48.75,49.25,1.0,173.0,0.4385432122802735,True,CALL,2026-08-21,AMZN
AMZN260821C00210000,210.0,45.1,45.3,45.7,4.0,468.0,0.4300288931274414,True,CALL,2026-08-21,AMZN
AMZN260821C00215000,215.0,45.1,42.0,42.6,6.0,266.0,0.427038200378418,True,CALL,2026-08-21,AMZN
AMZN260821C00220000,220.0,38.15,38.8,39.35,10.0,582.0,0.4197750894165039,True,CALL,2026-08-21,AMZN
AMZN260821C00225000,225.0,34.55,35.8,36.25,5.0,657.0,0.4130307720947265,True,CALL,2026-08-21,AMZN
AMZN260821C00230000,230.0,33.15,32.95,33.25,11.0,982.0,0.40601179931640624,True,CALL,2026-08-21,AMZN
AMZN260821C00235000,235.0,30.28,30.2,30.5,29.0,1785.0,0.4007933456420898,True,CALL,2026-08-21,AMZN
AMZN260821C00240000,240.0,27.97,27.85,28.0,62.0,4671.0,0.3972533419799804,False,CALL,2026-08-21,AMZN
AMZN260821C00245000,245.0,25.86,25.35,25.6,37.0,892.0,0.3932860964965821,False,CALL,2026-08-21,AMZN
AMZN260821C00250000,250.0,23.65,23.2,23.35,75.0,3237.0,0.38956298919677734,False,CALL,2026-08-21,AMZN
AMZN260821C00255000,255.0,21.5,21.1,21.25,67.0,550.0,0.38611453735351553,False,CALL,2026-08-21,AMZN
AMZN260821C00260000,260.0,19.15,19.15,19.3,64.0,28487.0,0.38294074096679687,False,CALL,2026-08-21,AMZN
AMZN260821C00265000,265.0,17.75,17.3,17.45,13.0,1221.0,0.3794007373046875,False,CALL,2026-08-21,AMZN
AMZN260821C00270000,270.0,15.75,15.65,15.8,40.0,913.0,0.37698987274169915,False,CALL,2026-08-21,AMZN
AMZN260821C00275000,275.0,14.7,14.1,14.3,13.0,364.0,0.3750367672729492,False,CALL,2026-08-21,AMZN
AMZN260821C00280000,280.0,12.71,12.7,12.85,46.0,827.0,0.3721376263427735,False,CALL,2026-08-21,AMZN
AMZN260821C00285000,285.0,11.3,11.45,11.55,12.0,1448.0,0.3698793481445312,False,CALL,2026-08-21,AMZN
AMZN260821C00290000,290.0,10.5,10.3,10.4,248.0,1256.0,0.3683840017700196,False,CALL,2026-08-21,AMZN
AMZN260821C00295000,295.0,9.5,9.2,9.35,214.0,13184.0,0.3669802072143554,False,CALL,2026-08-21,AMZN
AMZN260821C00300000,300.0,8.4,8.2,8.35,83.0,2419.0,0.3649050326538086,False,CALL,2026-08-21,AMZN
AMZN260821C00305000,305.0,7.55,7.35,7.5,9.0,196.0,0.3639895144653321,False,CALL,2026-08-21,AMZN
AMZN260821C00310000,310.0,6.77,6.65,6.75,167.0,28007.0,0.3635317553710938,False,CALL,2026-08-21,AMZN
AMZN260821P00170000,170.0,3.15,3.55,3.65,4.0,1987.0,0.39514765014648445,False,PUT,2026-08-21,AMZN
AMZN260821P00175000,175.0,4.25,4.15,4.3,180.0,817.0,0.38941040283203127,False,PUT,2026-08-21,AMZN
AMZN260821P00180000,180.0,4.85,4.9,5.0,1.0,2356.0,0.38281867187499996,False,PUT,2026-08-21,AMZN
AMZN260821P00185000,185.0,5.05,5.7,5.8,7.0,709.0,0.3765626309204102,False,PUT,2026-08-21,AMZN
AMZN260821P00190000,190.0,6.5,6.6,6.75,213.0,1467.0,0.3715883154296875,False,PUT,2026-08-21,AMZN
AMZN260821P00195000,195.0,7.1,7.6,7.75,116.0,1893.0,0.36536279174804687,False,PUT,2026-08-21,AMZN
AMZN260821P00200000,200.0,8.86,8.8,8.9,2.0,2732.0,0.3599307171630859,False,PUT,2026-08-21,AMZN
AMZN260821P00205000,205.0,10.0,10.1,10.2,206.0,1335.0,0.3550479534912109,False,PUT,2026-08-21,AMZN
AMZN260821P00210000,210.0,11.5,11.55,11.65,271.0,1941.0,0.35050087982177724,False,PUT,2026-08-21,AMZN
AMZN260821P00215000,215.0,12.85,13.05,13.25,5.0,1277.0,0.34610639251708974,False,PUT,2026-08-21,AMZN
AMZN260821P00220000,220.0,14.7,14.85,15.05,92.0,1048.0,0.34256638885498036,False,PUT,2026-08-21,AMZN
AMZN260821P00225000,225.0,16.61,16.75,16.95,7.0,1059.0,0.3382024188232422,False,PUT,2026-08-21,AMZN
AMZN260821P00230000,230.0,18.5,18.8,18.95,3.0,1254.0,0.33301448242187504,False,PUT,2026-08-21,AMZN
AMZN260821P00235000,235.0,20.9,21.0,21.2,11.0,450.0,0.3291998233032226,False,PUT,2026-08-21,AMZN
AMZN260821P00240000,240.0,23.1,23.4,23.65,37.0,581.0,0.32588869918823243,True,PUT,2026-08-21,AMZN
AMZN260821P00245000,245.0,25.92,26.05,26.25,57.0,1857.0,0.3223944714355468,True,PUT,2026-08-21,AMZN
AMZN260821P00250000,250.0,29.6,28.75,28.95,4.0,1154.0,0.31799998413085934,True,PUT,2026-08-21,AMZN
AMZN260821P00255000,255.0,31.25,31.6,31.85,16.0,109.0,0.3141242904663085,True,PUT,2026-08-21,AMZN
AMZN260821P00260000,260.0,34.75,34.65,34.9,1.0,100.0,0.31009601043701174,True,PUT,2026-08-21,AMZN
AMZN260821P00265000,265.0,36.1,37.9,38.1,2.0,180.0,0.30591514404296877,True,PUT,2026-08-21,AMZN
AMZN260821P00270000,270.0,41.3,41.35,41.6,2.0,579.0,0.3039620385742187,True,PUT,2026-08-21,AMZN
AMZN260821P00275000,275.0,44.5,44.25,45.15,1.0,45.0,0.30054410400390624,True,PUT,2026-08-21,AMZN
AMZN260821P00280000,280.0,42.05,48.35,48.85,5.0,226.0,0.29727875579833973,True,PUT,2026-08-21,AMZN
AMZN260821P00285000,285.0,52.5,51.7,52.65,1.0,12.0,0.29340306213378897,True,PUT,2026-08-21,AMZN
AMZN260821P00290000,290.0,61.06,55.6,56.8,3.0,30.0,0.29361668304443356,True,PUT,2026-08-21,AMZN
AMZN260821P00295000,295.0,59.78,59.65,61.15,25.0,38.0,0.2959359957885742,True,PUT,2026-08-21,AMZN
AMZN260821P00300000,300.0,61.3,63.65,64.95,15.0,95.0,0.284888742980957,True,PUT,2026-08-21,AMZN
AMZN260821P00305000,305.0,68.6,68.2,69.15,5.0,34.0,0.27936511657714835,True,PUT,2026-08-21,AMZN
AMZN260821P00310000,310.0,72.65,72.25,73.6,1.0,46.0,0.2775951147460937,True,PUT,2026-08-21,AMZN
AMZN260918C00170000,170.0,80.9,76.95,78.7,2.0,202.0,0.5170946728515625,True,CALL,2026-09-18,AMZN
AMZN260918C00175000,175.0,73.55,73.1,74.25,4.0,338.0,0.49927258544921876,True,CALL,2026-09-18,AMZN
AMZN260918C00180000,180.0,68.83,69.05,69.95,1.0,533.0,0.4840749835205078,True,CALL,2026-09-18,AMZN
AMZN260918C00185000,185.0,65.57,65.1,65.8,1.0,209.0,0.471135659790039,True,CALL,2026-09-18,AMZN
AMZN260918C00190000,190.0,61.3,61.2,61.75,2.0,624.0,0.45905081970214845,True,CALL,2026-09-18,AMZN
AMZN260918C00195000,195.0,60.75,57.2,58.0,20.0,279.0,0.45117736328125,True,CALL,2026-09-18,AMZN
AMZN260918C00200000,200.0,53.8,53.85,54.2,21.0,3196.0,0.4410456286621094,True,CALL,2026-09-18,AMZN
AMZN260918C00205000,205.0,52.5,50.2,50.75,91.0,522.0,0.4352473468017578,True,CALL,2026-09-18,AMZN
AMZN260918C00210000,210.0,50.05,46.8,47.3,5.0,1266.0,0.4278926840209961,True,CALL,2026-09-18,AMZN
AMZN260918C00215000,215.0,41.86,43.6,43.95,2.0,1216.0,0.4205075039672852,True,CALL,2026-09-18,AMZN
AMZN260918C00220000,220.0,40.5,40.45,40.75,15.0,2362.0,0.41379370391845705,True,CALL,2026-09-18,AMZN
AMZN260918C00225000,225.0,37.6,37.45,37.8,12.0,1363.0,0.40903300933837883,True,CALL,2026-09-18,AMZN
AMZN260918C00230000,230.0,34.3,34.5,35.1,134.0,2505.0,0.40607283386230464,True,CALL,2026-09-18,AMZN
AMZN260918C00235000,235.0,32.4,31.9,32.25,89.0,1324.0,0.3993895510864258,True,CALL,2026-09-18,AMZN
AMZN260918C00240000,240.0,30.19,29.45,29.6,100.0,7939.0,0.39380489013671877,False,CALL,2026-09-18,AMZN
AMZN260918C00245000,245.0,26.77,27.05,27.25,69.0,1545.0,0.3905853178405762,False,CALL,2026-09-18,AMZN
AMZN260918C00250000,250.0,24.78,24.8,24.9,78.0,3517.0,0.3857178128051757,False,CALL,2026-09-18,AMZN
AMZN260918C00255000,255.0,22.7,22.65,22.8,45.0,5590.0,0.3825134991455078,False,CALL,2026-09-18,AMZN
AMZN260918C00260000,260.0,20.88,20.65,20.85,21.0,5407.0,0.37970591003417964,False,CALL,2026-09-18,AMZN
AMZN260918C00265000,265.0,19.25,18.85,19.05,4.0,1523.0,0.3772950454711914,False,CALL,2026-09-18,AMZN
AMZN260918C00270000,270.0,17.33,17.1,17.25,27.0,5530.0,0.373327799987793,False,CALL,2026-09-18,AMZN
AMZN260918C00275000,275.0,15.7,15.6,15.75,28.0,2257.0,0.37189348815917966,False,CALL,2026-09-18,AMZN
AMZN260918C00280000,280.0,14.26,14.1,14.3,74.0,7056.0,0.3696962445068359,False,CALL,2026-09-18,AMZN
AMZN260918C00285000,285.0,12.9,12.8,12.95,18.0,1099.0,0.36743796630859377,False,CALL,2026-09-18,AMZN
AMZN260918C00290000,290.0,11.8,11.6,11.7,124.0,4342.0,0.36521020538330085,False,CALL,2026-09-18,AMZN
AMZN260918C00295000,295.0,10.7,10.45,10.55,15.0,1847.0,0.36304347900390627,False,CALL,2026-09-18,AMZN
AMZN260918C00300000,300.0,9.4,9.45,9.55,208.0,9312.0,0.36188382263183594,False,CALL,2026-09-18,AMZN
AMZN260918C00305000,305.0,8.65,8.5,8.6,5.0,1159.0,0.3601748553466796,False,CALL,2026-09-18,AMZN
AMZN260918C00310000,310.0,7.8,7.6,7.75,7.0,1222.0,0.3588626126098633,False,CALL,2026-09-18,AMZN
AMZN260918P00170000,170.0,4.1,4.0,4.1,17.0,8639.0,0.38410039733886714,False,PUT,2026-09-18,AMZN
AMZN260918P00175000,175.0,4.25,4.65,4.75,6.0,4257.0,0.37744763183593744,False,PUT,2026-09-18,AMZN
AMZN260918P00180000,180.0,5.6,5.45,5.55,27.0,5985.0,0.37256486816406253,False,PUT,2026-09-18,AMZN
AMZN260918P00185000,185.0,6.55,6.3,6.4,60.0,2149.0,0.3667055517578125,False,PUT,2026-09-18,AMZN
AMZN260918P00190000,190.0,7.3,7.25,7.4,441.0,5252.0,0.3619753744506836,False,PUT,2026-09-18,AMZN
AMZN260918P00195000,195.0,8.65,8.35,8.45,47.0,4789.0,0.3561465753173828,False,PUT,2026-09-18,AMZN
AMZN260918P00200000,200.0,9.61,9.55,9.6,72.0,6085.0,0.35016518981933586,False,PUT,2026-09-18,AMZN
AMZN260918P00205000,205.0,11.35,10.95,11.05,40.0,2099.0,0.3473576007080078,False,PUT,2026-09-18,AMZN
AMZN260918P00210000,210.0,12.4,12.35,12.5,30.0,3050.0,0.34229173339843744,False,PUT,2026-09-18,AMZN
AMZN260918P00215000,215.0,13.96,14.0,14.15,176.0,5122.0,0.33829397064208977,False,PUT,2026-09-18,AMZN
AMZN260918P00220000,220.0,15.95,15.75,15.95,32.0,5248.0,0.3343877597045898,False,PUT,2026-09-18,AMZN
AMZN260918P00225000,225.0,17.95,17.75,17.9,11.0,2630.0,0.33055784194946286,False,PUT,2026-09-18,AMZN
AMZN260918P00230000,230.0,19.98,19.8,20.0,9.0,3571.0,0.32672792419433594,False,PUT,2026-09-18,AMZN
AMZN260918P00235000,235.0,22.55,22.1,22.25,480.0,3882.0,0.32282171325683584,False,PUT,2026-09-18,AMZN
AMZN260918P00240000,240.0,24.4,24.5,24.7,55.0,1054.0,0.3195563650512695,True,PUT,2026-09-18,AMZN
AMZN260918P00245000,245.0,26.6,27.05,27.2,2.0,1627.0,0.31487196365356435,True,PUT,2026-09-18,AMZN
AMZN260918P00250000,250.0,27.6,29.75,29.95,13.0,1455.0,0.31143877044677726,True,PUT,2026-09-18,AMZN
AMZN260918P00255000,255.0,32.63,32.75,32.95,10.0,382.0,0.3092415267944336,True,PUT,2026-09-18,AMZN
AMZN260918P00260000,260.0,33.35,35.65,35.9,2.0,254.0,0.3043587631225586,True,PUT,2026-09-18,AMZN
AMZN260918P00265000,265.0,35.4,38.85,39.1,2.0,113.0,0.3007577249145508,True,PUT,2026-09-18,AMZN
AMZN260918P00270000,270.0,42.18,42.15,42.4,1.0,1479.0,0.29651582397460935,True,PUT,2026-09-18,AMZN
AMZN260918P00275000,275.0,45.96,44.95,46.0,6.0,102.0,0.2945016839599609,True,PUT,2026-09-18,AMZN
AMZN260918P00280000,280.0,48.57,48.5,49.6,1.0,229.0,0.290473403930664,True,PUT,2026-09-18,AMZN
AMZN260918P00285000,285.0,58.15,52.2,53.95,4.0,82.0,0.2963022030639648,True,PUT,2026-09-18,AMZN
AMZN260918P00290000,290.0,56.95,55.95,57.8,30.0,203.0,0.2926096130371093,True,PUT,2026-09-18,AMZN
AMZN260918P00295000,295.0,59.9,60.0,61.2,10.0,40.0,0.27857166748046874,True,PUT,2026-09-18,AMZN
AMZN260918P00300000,300.0,64.05,63.7,65.4,5.0,93.0,0.27637442382812494,True,PUT,2026-09-18,AMZN
AMZN260918P00305000,305.0,69.4,68.1,70.25,20.0,13.0,0.2858958129882812,True,PUT,2026-09-18,AMZN
AMZN260918P00310000,310.0,79.05,72.4,74.35,32.0,63.0,0.278327529296875,True,PUT,2026-09-18,AMZN
AMZN261120C00170000,170.0,82.0,79.45,81.4,1.0,6.0,0.5106250109863282,True,CALL,2026-11-20,AMZN
AMZN261120C00175000,175.0,75.74,75.4,77.3,24.0,2.0,0.49869275726318363,True,CALL,2026-11-20,AMZN
AMZN261120C00180000,180.0,71.78,71.5,73.3,22.0,10.0,0.4877370562744141,True,CALL,2026-11-20,AMZN
AMZN261120C00190000,190.0,66.75,63.95,65.55,1.0,6.0,0.46735151794433594,True,CALL,2026-11-20,AMZN
AMZN261120C00195000,195.0,59.5,59.95,62.0,1.0,3.0,0.4606987524414063,True,CALL,2026-11-20,AMZN
AMZN261120C00200000,200.0,56.0,56.75,58.4,1.0,9.0,0.45215391601562505,True,CALL,2026-11-20,AMZN
AMZN261120C00205000,205.0,53.11,53.35,55.05,1.0,21.0,0.44606572006225587,True,CALL,2026-11-20,AMZN
AMZN261120C00210000,210.0,49.23,50.1,51.75,1.0,13.0,0.43945873046875,True,CALL,2026-11-20,AMZN
AMZN261120C00215000,215.0,47.0,46.95,48.6,6.0,34.0,0.4336604486083985,True,CALL,2026-11-20,AMZN
AMZN261120C00220000,220.0,47.05,43.9,45.55,1.0,35.0,0.42793845993041996,True,CALL,2026-11-20,AMZN
AMZN261120C00225000,225.0,46.35,41.0,42.1,1.0,32.0,0.41608249938964836,True,CALL,2026-11-20,AMZN
AMZN261120C00230000,230.0,41.2,38.55,39.9,4.0,37.0,0.4184628466796875,True,CALL,2026-11-20,AMZN
AMZN261120C00235000,235.0,35.7,35.7,37.25,4.0,141.0,0.4139920661926269,True,CALL,2026-11-20,AMZN
AMZN261120C00240000,240.0,33.6,33.15,34.5,603.0,68.0,0.40714093841552734,False,CALL,2026-11-20,AMZN
AMZN261120C00245000,245.0,31.6,31.25,31.55,14.0,80.0,0.396765065612793,False,CALL,2026-11-20,AMZN
AMZN261120C00250000,250.0,28.0,29.0,29.4,21.0,465.0,0.3945830805969239,False,CALL,2026-11-20,AMZN
AMZN261120C00255000,255.0,26.8,26.85,27.15,2.0,27.0,0.3899902310180664,False,CALL,2026-11-20,AMZN
AMZN261120C00260000,260.0,24.94,24.85,25.15,8.0,121.0,0.38709109008789055,False,CALL,2026-11-20,AMZN
AMZN261120C00265000,265.0,22.33,23.0,23.3,1.0,163.0,0.38475651870727534,False,CALL,2026-11-20,AMZN
AMZN261120C00270000,270.0,21.35,21.25,21.55,3.0,175.0,0.3824219473266601,False,CALL,2026-11-20,AMZN
AMZN261120C00275000,275.0,19.68,19.55,19.9,75.0,161.0,0.3801026345825196,False,CALL,2026-11-20,AMZN
AMZN261120C00280000,280.0,17.69,18.05,18.4,34.0,119.0,0.3784547018432617,False,CALL,2026-11-20,AMZN
AMZN261120C00285000,285.0,17.17,16.6,16.85,1.0,172.0,0.37509780181884766,False,CALL,2026-11-20,AMZN
AMZN261120C00290000,290.0,16.7,15.25,15.55,1.0,88.0,0.3737245245361328,False,CALL,2026-11-20,AMZN
AMZN261120C00295000,295.0,14.24,14.0,14.25,7.0,105.0,0.37128314270019536,False,CALL,2026-11-20,AMZN
AMZN261120C00300000,300.0,12.85,12.8,13.1,105.0,60.0,0.36972676177978514,False,CALL,2026-11-20,AMZN
AMZN261120C00305000,305.0,12.78,11.75,12.1,2.0,21.0,0.3691774508666992,False,CALL,2026-11-20,AMZN
AMZN261120C00310000,310.0,11.8,10.75,11.1,1.0,104.0,0.3676821044921875,False,CALL,2026-11-20,AMZN
AMZN261120P00170000,170.0,5.45,5.15,5.4,19.0,80.0,0.3728700408935547,False,PUT,2026-11-20,AMZN
AMZN261120P00175000,175.0,6.25,5.95,6.15,68.0,33.0,0.36643089630126957,False,PUT,2026-11-20,AMZN
AMZN261120P00180000,180.0,6.28,6.85,7.1,5.0,20.0,0.36249416809082036,False,PUT,2026-11-20,AMZN
AMZN261120P00185000,185.0,8.2,7.85,8.1,55.0,9.0,0.35767243896484374,False,PUT,2026-11-20,AMZN
AMZN261120P00190000,190.0,9.15,8.95,9.25,2.0,105.0,0.3537662280273437,False,PUT,2026-11-20,AMZN
AMZN261120P00195000,195.0,10.5,10.2,10.45,50.0,558.0,0.34894449890136714,False,PUT,2026-11-20,AMZN
AMZN261120P00200000,200.0,11.67,11.6,11.8,61.0,668.0,0.3447636325073242,False,PUT,2026-11-20,AMZN
AMZN261120P00205000,205.0,13.6,13.05,13.3,41.0,24.0,0.34107104248046877,False,PUT,2026-11-20,AMZN
AMZN261120P00210000,210.0,14.6,14.65,14.95,368.0,125.0,0.33777517700195314,False,PUT,2026-11-20,AMZN
AMZN261120P00215000,215.0,16.14,16.4,16.7,4.0,14.0,0.33408258697509763,False,PUT,2026-11-20,AMZN
AMZN261120P00220000,220.0,17.25,18.3,18.65,2.0,56.0,0.33130551513671874,False,PUT,2026-11-20,AMZN
AMZN261120P00225000,225.0,19.15,20.3,20.65,1.0,13.0,0.3274298214721679,False,PUT,2026-11-20,AMZN
AMZN261120P00230000,230.0,23.1,22.5,22.8,2.0,97.0,0.32378300735473625,False,PUT,2026-11-20,AMZN
AMZN261120P00235000,235.0,23.25,24.8,25.15,7.0,21.0,0.32089912506103513,False,PUT,2026-11-20,AMZN
AMZN261120P00240000,240.0,27.06,27.25,27.6,2.0,1151.0,0.3175422250366211,True,PUT,2026-11-20,AMZN
AMZN261120P00245000,245.0,27.85,29.8,30.2,70.0,334.0,0.3143379113769531,True,PUT,2026-11-20,AMZN
AMZN261120P00250000,250.0,33.09,32.55,33.0,1.0,33.0,0.3118354949951171,True,PUT,2026-11-20,AMZN
AMZN261120P00260000,260.0,44.1,38.35,38.75,,2.0,0.30383996948242187,True,PUT,2026-11-20,AMZN
AMZN261120P00265000,265.0,40.95,41.5,41.85,92.0,94.0,0.3000863449096679,True,PUT,2026-11-20,AMZN
AMZN261120P00275000,275.0,47.59,48.1,48.5,23.0,23.0,0.29328099304199207,True,PUT,2026-11-20,AMZN
AMZN261120P00285000,285.0,49.13,53.8,55.85,,1.0,0.28910012664794915,True,PUT,2026-11-20,AMZN
AMZN261120P00300000,300.0,70.12,65.25,67.45,20.0,28.0,0.27924304748535156,True,PUT,2026-11-20,AMZN
AMZN261218C00170000,170.0,84.78,80.8,82.0,1.0,7274.0,0.49872327453613285,True,CALL,2026-12-18,AMZN
AMZN261218C00175000,175.0,77.94,76.8,77.55,1.0,2361.0,0.4808706698608398,True,CALL,2026-12-18,AMZN
AMZN261218C00180000,180.0,73.3,72.55,73.5,2.0,2642.0,0.46939617523193367,True,CALL,2026-12-18,AMZN
AMZN261218C00185000,185.0,69.68,69.15,69.75,6.0,1793.0,0.4618584088134766,True,CALL,2026-12-18,AMZN
AMZN261218C00190000,190.0,65.7,65.5,65.9,5.0,1458.0,0.4518487432861329,True,CALL,2026-12-18,AMZN
AMZN261218C00195000,195.0,67.16,61.75,62.35,2.0,831.0,0.44528752960205076,True,CALL,2026-12-18,AMZN
AMZN261218C00200000,200.0,59.1,58.15,59.2,44.0,4462.0,0.443090285949707,True,CALL,2026-12-18,AMZN
AMZN261218C00205000,205.0,55.5,54.85,55.5,18.0,1029.0,0.4322871713256836,True,CALL,2026-12-18,AMZN
AMZN261218C00210000,210.0,52.5,51.85,52.1,31.0,1831.0,0.42450526672363287,True,CALL,2026-12-18,AMZN
AMZN261218C00215000,215.0,49.13,48.8,49.0,32.0,1411.0,0.4194393994140625,True,CALL,2026-12-18,AMZN
AMZN261218C00220000,220.0,45.8,45.8,46.0,19.0,2836.0,0.4144650839233398,True,CALL,2026-12-18,AMZN
AMZN261218C00225000,225.0,43.5,42.9,43.15,8.0,2741.0,0.41010111389160153,True,CALL,2026-12-18,AMZN
AMZN261218C00230000,230.0,40.5,40.2,40.4,41.0,3822.0,0.4057676611328125,True,CALL,2026-12-18,AMZN
AMZN261218C00235000,235.0,38.17,37.6,37.85,49.0,6322.0,0.40254808883667,True,CALL,2026-12-18,AMZN
AMZN261218C00240000,240.0,35.82,35.1,35.3,154.0,3488.0,0.3981688601684571,False,CALL,2026-12-18,AMZN
AMZN261218C00245000,245.0,33.07,32.75,33.0,123.0,1259.0,0.3954680815124512,False,CALL,2026-12-18,AMZN
AMZN261218C00250000,250.0,30.55,30.5,30.7,139.0,8428.0,0.3916229051208496,False,CALL,2026-12-18,AMZN
AMZN261218C00255000,255.0,28.1,28.35,28.65,2.0,1572.0,0.38944092010498044,False,CALL,2026-12-18,AMZN
AMZN261218C00260000,260.0,26.7,26.35,26.55,116.0,5295.0,0.3855804850769042,False,CALL,2026-12-18,AMZN
AMZN261218C00265000,265.0,24.35,24.45,24.7,11.0,2021.0,0.38341375869750977,False,CALL,2026-12-18,AMZN
AMZN261218C00270000,270.0,22.91,22.7,22.9,34.0,4945.0,0.3807434973144531,False,CALL,2026-12-18,AMZN
AMZN261218C00275000,275.0,21.25,20.95,21.1,13.0,803.0,0.37698987274169915,False,CALL,2026-12-18,AMZN
AMZN261218C00280000,280.0,19.78,19.4,19.55,20.0,4226.0,0.3750367672729492,False,CALL,2026-12-18,AMZN
AMZN261218C00285000,285.0,17.55,17.9,18.05,12.0,944.0,0.372625902709961,False,CALL,2026-12-18,AMZN
AMZN261218C00290000,290.0,16.42,16.55,16.75,35.0,2571.0,0.3715883154296875,False,CALL,2026-12-18,AMZN
AMZN261218C00295000,295.0,16.5,15.3,15.5,6.0,1225.0,0.3701845208740234,False,CALL,2026-12-18,AMZN
AMZN261218C00300000,300.0,14.22,14.05,14.25,104.0,7582.0,0.36783469085693365,False,CALL,2026-12-18,AMZN
AMZN261218C00305000,305.0,12.9,12.9,13.15,9.0,392.0,0.36643089630126957,False,CALL,2026-12-18,AMZN
AMZN261218C00310000,310.0,11.95,11.95,12.15,21.0,1062.0,0.3653933090209961,False,CALL,2026-12-18,AMZN
AMZN261218P00170000,170.0,5.9,5.65,5.85,5.0,10570.0,0.3663393444824219,False,PUT,2026-12-18,AMZN
AMZN261218P00175000,175.0,6.49,6.5,6.65,14.0,7706.0,0.36044951080322263,False,PUT,2026-12-18,AMZN
AMZN261218P00180000,180.0,7.51,7.45,7.6,33.0,10106.0,0.355902437133789,False,PUT,2026-12-18,AMZN
AMZN261218P00185000,185.0,7.94,8.5,8.65,2.0,4739.0,0.3515079498291015,False,PUT,2026-12-18,AMZN
AMZN261218P00190000,190.0,10.0,9.7,9.85,3.0,4120.0,0.3479374288940429,False,PUT,2026-12-18,AMZN
AMZN261218P00195000,195.0,10.97,10.95,11.15,365.0,3451.0,0.3442448388671875,False,PUT,2026-12-18,AMZN
AMZN261218P00200000,200.0,12.44,12.35,12.5,164.0,6223.0,0.3396672479248046,False,PUT,2026-12-18,AMZN
AMZN261218P00205000,205.0,13.9,13.85,14.0,25.0,2445.0,0.33563896789550784,False,PUT,2026-12-18,AMZN
AMZN261218P00210000,210.0,15.55,15.5,15.65,162.0,2372.0,0.3320379296875,False,PUT,2026-12-18,AMZN
AMZN261218P00215000,215.0,17.82,17.25,17.45,23.0,2949.0,0.3288030987548828,False,PUT,2026-12-18,AMZN
AMZN261218P00220000,220.0,19.05,19.2,19.4,41.0,3770.0,0.32581240600585937,False,PUT,2026-12-18,AMZN
AMZN261218P00225000,225.0,21.02,21.25,21.45,10.0,3612.0,0.32245550598144523,False,PUT,2026-12-18,AMZN
AMZN261218P00230000,230.0,23.8,23.35,23.6,6.0,2522.0,0.31873239868164055,False,PUT,2026-12-18,AMZN
AMZN261218P00235000,235.0,25.12,25.6,25.9,2.0,852.0,0.31523817092895495,False,PUT,2026-12-18,AMZN
AMZN261218P00240000,240.0,28.0,28.15,28.4,15.0,1877.0,0.31249161636352535,True,PUT,2026-12-18,AMZN
AMZN261218P00245000,245.0,31.17,30.65,30.95,3.0,591.0,0.30881428497314456,True,PUT,2026-12-18,AMZN
AMZN261218P00250000,250.0,33.27,33.45,33.7,1.0,2837.0,0.30585410949707037,True,PUT,2026-12-18,AMZN
AMZN261218P00255000,255.0,34.04,36.25,36.5,1.0,219.0,0.3019784158325196,True,PUT,2026-12-18,AMZN
AMZN261218P00260000,260.0,38.66,39.15,39.45,11.0,611.0,0.2983163430786132,True,PUT,2026-12-18,AMZN
AMZN261218P00265000,265.0,47.15,42.25,42.55,5.0,692.0,0.2948526325988769,True,PUT,2026-12-18,AMZN
AMZN261218P00270000,270.0,43.67,45.5,45.8,4.0,1309.0,0.2916330603027343,True,PUT,2026-12-18,AMZN
AMZN261218P00275000,275.0,53.25,48.85,49.15,3.0,199.0,0.2881235739135741,True,PUT,2026-12-18,AMZN
AMZN261218P00280000,280.0,47.78,52.3,52.6,1.0,180.0,0.2843089147949218,True,PUT,2026-12-18,AMZN
AMZN261218P00285000,285.0,55.99,55.9,56.2,20.0,47.0,0.2808299456787109,True,PUT,2026-12-18,AMZN
AMZN261218P00290000,290.0,59.67,59.5,59.9,1.0,121.0,0.2771373556518554,True,PUT,2026-12-18,AMZN
AMZN261218P00295000,295.0,72.4,63.3,63.7,3.0,51.0,0.2732616619873046,True,PUT,2026-12-18,AMZN
AMZN261218P00300000,300.0,66.55,67.25,67.6,10.0,1010.0,0.2691723474121094,True,PUT,2026-12-18,AMZN
AMZN261218P00305000,305.0,68.45,71.3,71.7,3.0,28.0,0.26654786193847657,True,PUT,2026-12-18,AMZN
AMZN261218P00310000,310.0,82.0,75.4,75.75,10.0,210.0,0.26154302917480465,True,PUT,2026-12-18,AMZN
AMZN270115C00170000,170.0,81.6,81.65,82.55,2.0,1449.0,0.48813378082275394,True,CALL,2027-01-15,AMZN
AMZN270115C00175000,175.0,77.0,77.8,78.3,9.0,2955.0,0.4738516970825196,True,CALL,2027-01-15,AMZN
AMZN270115C00180000,180.0,74.0,73.95,74.45,52.0,4112.0,0.46533737792968755,True,CALL,2027-01-15,AMZN
AMZN270115C00185000,185.0,70.45,70.2,70.7,9.0,1531.0,0.4574486628723145,True,CALL,2027-01-15,AMZN
AMZN270115C00190000,190.0,67.6,66.55,67.0,24.0,1794.0,0.4493463269042969,True,CALL,2027-01-15,AMZN
AMZN270115C00195000,195.0,63.8,63.0,63.45,16.0,1388.0,0.44241890594482425,True,CALL,2027-01-15,AMZN
AMZN270115C00200000,200.0,59.7,59.75,59.95,115.0,9100.0,0.4351710536193848,True,CALL,2027-01-15,AMZN
AMZN270115C00205000,205.0,56.8,56.25,56.7,63.0,1178.0,0.4301509622192383,True,CALL,2027-01-15,AMZN
AMZN270115C00210000,210.0,53.47,53.2,53.5,13.0,4036.0,0.4246578530883789,True,CALL,2027-01-15,AMZN
AMZN270115C00215000,215.0,50.86,50.1,50.4,51.0,1703.0,0.4193173303222656,True,CALL,2027-01-15,AMZN
AMZN270115C00220000,220.0,47.15,47.15,47.45,90.0,6448.0,0.4146787048339844,True,CALL,2027-01-15,AMZN
AMZN270115C00225000,225.0,44.66,44.35,44.55,16.0,3015.0,0.4095670616149902,True,CALL,2027-01-15,AMZN
AMZN270115C00230000,230.0,41.6,41.65,41.85,140.0,5640.0,0.4056455920410156,True,CALL,2027-01-15,AMZN
AMZN270115C00235000,235.0,39.6,39.05,39.3,97.0,3134.0,0.4023192092895508,True,CALL,2027-01-15,AMZN
AMZN270115C00240000,240.0,36.6,36.5,36.8,380.0,4836.0,0.39845877426147464,False,CALL,2027-01-15,AMZN
AMZN270115C00245000,245.0,34.3,34.1,34.35,156.0,1981.0,0.394110062866211,False,CALL,2027-01-15,AMZN
AMZN270115C00250000,250.0,32.05,31.95,32.15,530.0,18714.0,0.3913940255737304,False,CALL,2027-01-15,AMZN
AMZN270115C00255000,255.0,30.14,29.8,30.0,198.0,1779.0,0.3881897119140625,False,CALL,2027-01-15,AMZN
AMZN270115C00260000,260.0,27.7,27.8,28.0,137.0,5221.0,0.38556522644042956,False,CALL,2027-01-15,AMZN
AMZN270115C00265000,265.0,25.24,25.8,26.0,169.0,2617.0,0.381918412322998,False,CALL,2027-01-15,AMZN
AMZN270115C00270000,270.0,24.15,24.0,24.2,121.0,6151.0,0.3794312545776367,False,CALL,2027-01-15,AMZN
AMZN270115C00275000,275.0,22.65,22.3,22.5,95.0,4833.0,0.3770509072875976,False,CALL,2027-01-15,AMZN
AMZN270115C00280000,280.0,20.35,20.7,20.9,24.0,4255.0,0.37480788772583,False,CALL,2027-01-15,AMZN
AMZN270115C00285000,285.0,19.19,19.2,19.4,11.0,2666.0,0.37271745452880856,False,CALL,2027-01-15,AMZN
AMZN270115C00290000,290.0,17.95,17.8,18.0,31.0,4497.0,0.37085590087890624,False,CALL,2027-01-15,AMZN
AMZN270115C00295000,295.0,16.65,16.5,16.7,108.0,1594.0,0.3692079681396484,False,CALL,2027-01-15,AMZN
AMZN270115C00300000,300.0,15.45,15.3,15.45,711.0,30895.0,0.3672701213073731,False,CALL,2027-01-15,AMZN
AMZN270115C00305000,305.0,14.23,14.15,14.3,16.0,1732.0,0.3656374472045898,False,CALL,2027-01-15,AMZN
AMZN270115C00310000,310.0,13.35,13.1,13.25,16.0,1693.0,0.3644167562866212,False,CALL,2027-01-15,AMZN
AMZN270115P00170000,170.0,6.1,6.1,6.25,40.0,9083.0,0.3597170962524414,False,PUT,2027-01-15,AMZN
AMZN270115P00175000,175.0,7.07,6.95,7.1,12.0,6548.0,0.3543460562133788,False,PUT,2027-01-15,AMZN
AMZN270115P00180000,180.0,8.04,7.95,8.1,139.0,15053.0,0.3502262243652343,False,PUT,2027-01-15,AMZN
AMZN270115P00185000,185.0,9.18,9.05,9.2,1.0,7330.0,0.34622846160888665,False,PUT,2027-01-15,AMZN
AMZN270115P00190000,190.0,10.41,10.25,10.4,170.0,9877.0,0.342230698852539,False,PUT,2027-01-15,AMZN
AMZN270115P00195000,195.0,11.95,11.5,11.7,4.0,2607.0,0.338171901550293,False,PUT,2027-01-15,AMZN
AMZN270115P00200000,200.0,12.92,13.0,13.15,37.0,11118.0,0.33473870834350583,False,PUT,2027-01-15,AMZN
AMZN270115P00205000,205.0,14.3,14.55,14.7,26.0,3027.0,0.3310918942260742,False,PUT,2027-01-15,AMZN
AMZN270115P00210000,210.0,16.25,16.15,16.25,325.0,8788.0,0.3259955096435546,False,PUT,2027-01-15,AMZN
AMZN270115P00215000,215.0,18.25,18.0,18.2,17.0,2449.0,0.3244086114501953,False,PUT,2027-01-15,AMZN
AMZN270115P00220000,220.0,20.05,19.95,20.1,47.0,8962.0,0.3206549868774413,False,PUT,2027-01-15,AMZN
AMZN270115P00225000,225.0,22.36,22.0,22.25,4.0,3786.0,0.31833567413330077,False,PUT,2027-01-15,AMZN
AMZN270115P00230000,230.0,24.65,24.1,24.35,40.0,4810.0,0.3140022213745117,False,PUT,2027-01-15,AMZN
AMZN270115P00235000,235.0,26.37,26.45,26.7,31.0,1644.0,0.3110420458984374,False,PUT,2027-01-15,AMZN
AMZN270115P00240000,240.0,28.85,28.9,29.15,16.0,1772.0,0.30774618041992186,True,PUT,2027-01-15,AMZN
AMZN270115P00245000,245.0,29.78,31.5,31.75,1.0,859.0,0.3046791944885254,True,PUT,2027-01-15,AMZN
AMZN270115P00250000,250.0,33.98,34.2,34.5,23.0,4525.0,0.3018258294677735,True,PUT,2027-01-15,AMZN
AMZN270115P00255000,255.0,37.3,37.0,37.3,1.0,805.0,0.29813323944091785,True,PUT,2027-01-15,AMZN
AMZN270115P00260000,260.0,39.72,39.95,40.2,4.0,1385.0,0.2941354766845703,True,PUT,2027-01-15,AMZN
AMZN270115P00265000,265.0,42.75,42.95,43.35,1.0,189.0,0.2914499566650389,True,PUT,2027-01-15,AMZN
AMZN270115P00270000,270.0,45.95,46.15,46.55,1.0,267.0,0.287970987548828,True,PUT,2027-01-15,AMZN
AMZN270115P00275000,275.0,46.55,49.55,49.85,51.0,253.0,0.28421736297607414,True,PUT,2027-01-15,AMZN
AMZN270115P00280000,280.0,49.8,52.95,53.3,50.0,1337.0,0.28076891113281244,True,PUT,2027-01-15,AMZN
AMZN270115P00285000,285.0,56.25,56.55,56.9,5.0,61.0,0.2777477011108398,True,PUT,2027-01-15,AMZN
AMZN270115P00290000,290.0,57.65,60.15,60.55,5.0,677.0,0.27390252471923826,True,PUT,2027-01-15,AMZN
AMZN270115P00295000,295.0,60.79,63.95,64.3,6.0,74.0,0.2699047619628906,True,PUT,2027-01-15,AMZN
AMZN270115P00300000,300.0,65.25,67.8,68.15,12.0,397.0,0.2657238955688477,True,PUT,2027-01-15,AMZN
AMZN270115P00305000,305.0,79.3,71.75,72.2,3.0,171.0,0.2629163064575196,True,PUT,2027-01-15,AMZN
AMZN270115P00310000,310.0,75.2,75.95,76.35,3.0,705.0,0.260200269165039,True,PUT,2027-01-15,AMZN
AMZN270617C00170000,170.0,86.5,87.15,88.5,2.0,299.0,0.4879659358215333,True,CALL,2027-06-17,AMZN
AMZN270617C00175000,175.0,83.03,83.5,84.85,3.0,201.0,0.4804739453125,True,CALL,2027-06-17,AMZN
AMZN270617C00180000,180.0,80.9,80.4,80.8,7.0,5516.0,0.46753462158203124,True,CALL,2027-06-17,AMZN
AMZN270617C00185000,185.0,77.61,76.75,77.75,2.0,627.0,0.4661308270263672,True,CALL,2027-06-17,AMZN
AMZN270617C00190000,190.0,73.5,73.2,74.25,5.0,860.0,0.45862357788085945,True,CALL,2027-06-17,AMZN
AMZN270617C00195000,195.0,70.13,70.05,71.2,1.0,522.0,0.45548029876708984,True,CALL,2027-06-17,AMZN
AMZN270617C00200000,200.0,67.27,67.05,67.45,57.0,4972.0,0.4440363214111328,True,CALL,2027-06-17,AMZN
AMZN270617C00205000,205.0,67.73,63.55,64.4,20.0,596.0,0.4395197650146484,True,CALL,2027-06-17,AMZN
AMZN270617C00210000,210.0,61.51,61.05,61.4,2.0,1094.0,0.43478958770751963,True,CALL,2027-06-17,AMZN
AMZN270617C00215000,215.0,58.8,58.15,58.5,8.0,576.0,0.4303645831298829,True,CALL,2027-06-17,AMZN
AMZN270617C00220000,220.0,56.2,55.35,55.75,48.0,1682.0,0.4266719931030274,True,CALL,2027-06-17,AMZN
AMZN270617C00225000,225.0,52.96,52.65,53.05,6.0,2615.0,0.42273526489257807,True,CALL,2027-06-17,AMZN
AMZN270617C00230000,230.0,50.38,50.1,50.45,45.0,2631.0,0.41904267486572266,True,CALL,2027-06-17,AMZN
AMZN270617C00235000,235.0,48.3,47.75,47.9,7.0,1100.0,0.4151364639282227,True,CALL,2027-06-17,AMZN
AMZN270617C00240000,240.0,45.61,45.3,45.6,75.0,2157.0,0.412817151184082,False,CALL,2027-06-17,AMZN
AMZN270617C00245000,245.0,43.0,42.9,43.15,13.0,1889.0,0.4084226638793945,False,CALL,2027-06-17,AMZN
AMZN270617C00250000,250.0,41.2,40.8,41.05,41.0,4950.0,0.4065305929565429,False,CALL,2027-06-17,AMZN
AMZN270617C00255000,255.0,38.55,38.6,38.9,5.0,3162.0,0.4035093829345704,False,CALL,2027-06-17,AMZN
AMZN270617C00260000,260.0,36.48,36.7,36.9,19.0,4151.0,0.401174811553955,False,CALL,2027-06-17,AMZN
AMZN270617C00265000,265.0,37.02,34.65,34.9,27.0,3067.0,0.39818411880493165,False,CALL,2027-06-17,AMZN
AMZN270617C00270000,270.0,32.01,32.8,33.05,23.0,2355.0,0.39588006469726567,False,CALL,2027-06-17,AMZN
AMZN270617C00275000,275.0,34.47,31.0,31.25,50.0,1069.0,0.39339290695190426,False,CALL,2027-06-17,AMZN
AMZN270617C00280000,280.0,29.3,29.45,29.65,26.0,5954.0,0.39206540557861325,False,CALL,2027-06-17,AMZN
AMZN270617C00285000,285.0,31.74,27.7,28.0,2.0,714.0,0.38970031692504886,False,CALL,2027-06-17,AMZN
AMZN270617C00290000,290.0,27.91,26.1,26.45,2.0,437.0,0.3876404010009765,False,CALL,2027-06-17,AMZN
AMZN270617C00295000,295.0,22.5,24.75,25.0,3.0,1091.0,0.38588565780639644,False,CALL,2027-06-17,AMZN
AMZN270617C00300000,300.0,23.97,23.35,23.6,120.0,2873.0,0.38403936279296874,False,CALL,2027-06-17,AMZN
AMZN270617C00305000,305.0,21.8,22.05,22.3,9.0,598.0,0.38254401641845703,False,CALL,2027-06-17,AMZN
AMZN270617C00310000,310.0,20.95,20.9,21.1,3.0,782.0,0.3814453945922851,False,CALL,2027-06-17,AMZN
AMZN270617P00170000,170.0,8.16,9.2,9.35,4.0,1549.0,0.35016518981933586,False,PUT,2027-06-17,AMZN
AMZN270617P00175000,175.0,9.85,10.3,10.5,1.0,2026.0,0.3467472552490234,False,PUT,2027-06-17,AMZN
AMZN270617P00180000,180.0,11.5,11.55,11.7,6.0,3050.0,0.3428105270385742,False,PUT,2027-06-17,AMZN
AMZN270617P00185000,185.0,12.17,12.85,13.05,3.0,2031.0,0.33969776519775385,False,PUT,2027-06-17,AMZN
AMZN270617P00190000,190.0,14.1,14.25,14.45,2.0,3283.0,0.3360356924438477,False,PUT,2027-06-17,AMZN
AMZN270617P00195000,195.0,15.06,15.8,16.0,2.0,1394.0,0.33302974105834965,False,PUT,2027-06-17,AMZN
AMZN270617P00200000,200.0,17.65,17.35,17.6,15.0,4381.0,0.32947447875976554,False,PUT,2027-06-17,AMZN
AMZN270617P00205000,205.0,22.14,19.0,19.35,81.0,545.0,0.3264837860107421,False,PUT,2027-06-17,AMZN
AMZN270617P00210000,210.0,21.35,21.0,21.2,1.0,1268.0,0.3234625759887695,False,PUT,2027-06-17,AMZN
AMZN270617P00215000,215.0,20.89,22.85,23.2,15.0,646.0,0.32089912506103513,False,PUT,2027-06-17,AMZN
AMZN270617P00220000,220.0,24.84,24.95,25.2,4.0,1636.0,0.3172980868530273,False,PUT,2027-06-17,AMZN
AMZN270617P00225000,225.0,26.98,27.1,27.4,1.0,1016.0,0.31461256683349603,False,PUT,2027-06-17,AMZN
AMZN270617P00230000,230.0,29.1,29.35,29.65,3.0,1013.0,0.3113929945373534,False,PUT,2027-06-17,AMZN
AMZN270617P00235000,235.0,31.85,31.7,32.05,59.0,575.0,0.30857014678955075,False,PUT,2027-06-17,AMZN
AMZN270617P00240000,240.0,34.75,34.2,34.55,30.0,788.0,0.3056862644958496,True,PUT,2027-06-17,AMZN
AMZN270617P00245000,245.0,35.28,36.75,37.2,1.0,615.0,0.3031838481140136,True,PUT,2027-06-17,AMZN
AMZN270617P00250000,250.0,38.21,39.5,39.85,3.0,1520.0,0.2997201376342773,True,PUT,2027-06-17,AMZN
AMZN270617P00255000,255.0,40.95,42.25,42.65,3.0,473.0,0.2966684103393554,True,PUT,2027-06-17,AMZN
AMZN270617P00260000,260.0,42.5,45.1,45.55,2.0,461.0,0.2935556484985351,True,PUT,2027-06-17,AMZN
AMZN270617P00265000,265.0,49.45,48.15,48.6,7.0,345.0,0.2908396112060546,True,PUT,2027-06-17,AMZN
AMZN270617P00270000,270.0,49.95,51.3,51.75,2.0,563.0,0.2881235739135741,True,PUT,2027-06-17,AMZN
AMZN270617P00275000,275.0,60.65,54.4,54.9,30.0,215.0,0.28446150115966784,True,PUT,2027-06-17,AMZN
AMZN270617P00280000,280.0,64.2,57.8,58.2,5.0,354.0,0.2812266702270507,True,PUT,2027-06-17,AMZN
AMZN270617P00285000,285.0,61.39,61.2,61.65,8.0,199.0,0.27849537429809573,True,PUT,2027-06-17,AMZN
AMZN270617P00290000,290.0,63.99,64.7,65.1,7.0,220.0,0.27481804290771483,True,PUT,2027-06-17,AMZN
AMZN270617P00295000,295.0,64.28,68.2,68.7,6.0,74.0,0.27164424652099606,True,PUT,2027-06-17,AMZN
AMZN270617P00300000,300.0,69.5,71.95,72.4,10.0,124.0,0.26853148468017574,True,PUT,2027-06-17,AMZN
AMZN270617P00305000,305.0,85.42,75.65,76.15,1.0,101.0,0.26499148101806635,True,PUT,2027-06-17,AMZN
AMZN270617P00310000,310.0,79.08,79.45,80.0,2.0,311.0,0.26154302917480465,True,PUT,2027-06-17,AMZN
AMZN270716C00180000,180.0,81.5,80.0,84.0,3.0,3.0,0.4923299058532716,True,CALL,2027-07-16,AMZN
AMZN270716C00190000,190.0,74.49,73.0,77.0,4.0,5.0,0.47626256164550784,True,CALL,2027-07-16,AMZN
AMZN270716C00200000,200.0,68.5,66.5,70.5,2.0,2.0,0.4634758242797852,True,CALL,2027-07-16,AMZN
AMZN270716C00210000,210.0,65.0,60.5,64.5,1.0,1.0,0.4534203828430176,True,CALL,2027-07-16,AMZN
AMZN270716C00215000,215.0,60.03,57.5,62.0,4.0,8.0,0.4523065023803712,True,CALL,2027-07-16,AMZN
AMZN270716C00220000,220.0,52.88,55.0,59.0,,4.0,0.4456842541503906,True,CALL,2027-07-16,AMZN
AMZN270716C00230000,230.0,51.0,49.5,54.0,3.0,19.0,0.4400080413818359,True,CALL,2027-07-16,AMZN
AMZN270716C00235000,235.0,49.3,47.0,51.45,5.0,2.0,0.43576614044189454,True,CALL,2027-07-16,AMZN
AMZN270716C00240000,240.0,47.0,45.2,48.9,1.0,9.0,0.4308986354064942,False,CALL,2027-07-16,AMZN
AMZN270716C00250000,250.0,44.45,40.8,44.5,19.0,55.0,0.4256038885498047,False,CALL,2027-07-16,AMZN
AMZN270716C00260000,260.0,40.3,36.3,40.5,19.0,20.0,0.42139250488281255,False,CALL,2027-07-16,AMZN
AMZN270716C00270000,270.0,32.5,32.0,36.5,,1.0,0.41486180847167964,False,CALL,2027-07-16,AMZN
AMZN270716C00285000,285.0,29.1,27.0,31.5,1.0,3.0,0.40953654434204095,False,CALL,2027-07-16,AMZN
AMZN270716C00290000,290.0,27.3,25.5,30.0,2.0,3.0,0.4081480084228516,False,CALL,2027-07-16,AMZN
AMZN270716C00295000,295.0,27.5,24.0,28.5,10.0,12.0,0.4062406788635254,False,CALL,2027-07-16,AMZN
AMZN270716C00310000,310.0,21.7,19.5,24.5,3.0,45.0,0.4019530020141602,False,CALL,2027-07-16,AMZN
AMZN270716P00190000,190.0,15.24,13.2,15.65,,0.0,0.3407963870239258,False,PUT,2027-07-16,AMZN
AMZN270716P00195000,195.0,15.63,15.25,19.0,2.0,2.0,0.35715364532470706,False,PUT,2027-07-16,AMZN
AMZN270716P00200000,200.0,19.77,15.5,19.85,,1.0,0.34444320114135746,False,PUT,2027-07-16,AMZN
AMZN270716P00205000,205.0,20.0,17.55,21.95,1.0,4.0,0.3442600975036621,False,PUT,2027-07-16,AMZN
AMZN270716P00210000,210.0,20.5,20.25,24.0,18.0,19.0,0.34244431976318357,False,PUT,2027-07-16,AMZN
AMZN270716P00215000,215.0,22.35,22.2,26.0,1.0,1.0,0.3391484542846679,False,PUT,2027-07-16,AMZN
AMZN270716P00220000,220.0,25.2,23.5,27.9,23.0,5.0,0.3340062937927246,False,PUT,2027-07-16,AMZN
AMZN270716P00230000,230.0,31.0,27.55,32.5,1.0,1.0,0.3286047364807128,False,PUT,2027-07-16,AMZN
AMZN270716P00235000,235.0,31.75,30.1,35.0,1.0,1.0,0.32636171691894533,False,PUT,2027-07-16,AMZN
AMZN270716P00240000,240.0,34.25,32.9,37.0,3.0,3.0,0.3188392091369628,True,PUT,2027-07-16,AMZN
AMZN270716P00250000,250.0,37.0,38.0,42.5,1.0,3.0,0.3144904977416991,True,PUT,2027-07-16,AMZN
AMZN270716P00255000,255.0,46.08,40.5,45.25,,0.0,0.3110267872619628,True,PUT,2027-07-16,AMZN
AMZN270716P00300000,300.0,74.0,70.0,74.5,,1.0,0.282035377960205,True,PUT,2027-07-16,AMZN
AMZN271217C00170000,170.0,94.38,92.8,96.05,5.0,808.0,0.5013172427368165,True,CALL,2027-12-17,AMZN
AMZN271217C00175000,175.0,94.0,89.35,92.1,3.0,619.0,0.4888051608276368,True,CALL,2027-12-17,AMZN
AMZN271217C00180000,180.0,86.4,87.0,88.85,7.0,1289.0,0.48338834487915044,True,CALL,2027-12-17,AMZN
AMZN271217C00185000,185.0,86.95,83.8,85.6,3.0,803.0,0.47746799392700195,True,CALL,2027-12-17,AMZN
AMZN271217C00190000,190.0,81.53,80.5,82.95,12.0,897.0,0.47687290710449215,True,CALL,2027-12-17,AMZN
AMZN271217C00195000,195.0,78.22,77.4,79.45,4.0,395.0,0.46759565612792964,True,CALL,2027-12-17,AMZN
AMZN271217C00200000,200.0,75.4,74.05,76.75,21.0,5766.0,0.46536789520263677,True,CALL,2027-12-17,AMZN
AMZN271217C00205000,205.0,70.93,71.8,73.55,8.0,858.0,0.45807426696777354,True,CALL,2027-12-17,AMZN
AMZN271217C00210000,210.0,70.89,69.3,69.8,7.0,1596.0,0.44562321960449214,True,CALL,2027-12-17,AMZN
AMZN271217C00215000,215.0,69.03,66.6,67.1,1.0,1154.0,0.4419916641235352,True,CALL,2027-12-17,AMZN
AMZN271217C00220000,220.0,63.95,64.05,64.55,14.0,3692.0,0.43912304046630857,True,CALL,2027-12-17,AMZN
AMZN271217C00225000,225.0,60.98,61.4,61.9,5.0,3906.0,0.4349116567993164,True,CALL,2027-12-17,AMZN
AMZN271217C00230000,230.0,58.02,58.95,59.4,12.0,1819.0,0.4314632049560547,True,CALL,2027-12-17,AMZN
AMZN271217C00235000,235.0,55.69,56.55,57.05,11.0,1117.0,0.4287319090270996,True,CALL,2027-12-17,AMZN
AMZN271217C00240000,240.0,54.83,54.2,54.7,11.0,1073.0,0.4255123367309571,False,CALL,2027-12-17,AMZN
AMZN271217C00245000,245.0,52.3,52.0,52.45,9.0,931.0,0.4226131958007812,False,CALL,2027-12-17,AMZN
AMZN271217C00250000,250.0,49.92,49.8,50.25,45.0,2511.0,0.41963776168823247,False,CALL,2027-12-17,AMZN
AMZN271217C00255000,255.0,47.27,47.75,48.15,3.0,786.0,0.4169827589416503,False,CALL,2027-12-17,AMZN
AMZN271217C00260000,260.0,46.55,45.7,46.15,97.0,2278.0,0.41463292892456055,False,CALL,2027-12-17,AMZN
AMZN271217C00265000,265.0,46.56,43.7,44.2,2.0,513.0,0.41223732299804683,False,CALL,2027-12-17,AMZN
AMZN271217C00270000,270.0,41.62,41.8,42.25,2.0,1301.0,0.40938395797729493,False,CALL,2027-12-17,AMZN
AMZN271217C00275000,275.0,40.3,40.0,40.45,2.0,791.0,0.40724774887084964,False,CALL,2027-12-17,AMZN
AMZN271217C00280000,280.0,37.5,38.35,38.8,105.0,793.0,0.40584395431518555,False,CALL,2027-12-17,AMZN
AMZN271217C00285000,285.0,36.58,36.7,37.1,22.0,493.0,0.4036314520263672,False,CALL,2027-12-17,AMZN
AMZN271217C00290000,290.0,34.32,35.05,35.45,1.0,2508.0,0.4013884324645996,False,CALL,2027-12-17,AMZN
AMZN271217C00295000,295.0,33.5,33.55,34.0,1.0,335.0,0.40027455200195317,False,CALL,2027-12-17,AMZN
AMZN271217C00300000,300.0,32.5,32.1,32.5,28.0,5455.0,0.3983977397155762,False,CALL,2027-12-17,AMZN
AMZN271217C00305000,305.0,30.75,30.7,31.1,8.0,280.0,0.3969023933410644,False,CALL,2027-12-17,AMZN
AMZN271217C00310000,310.0,29.35,29.3,29.7,2.0,1374.0,0.39502558105468755,False,CALL,2027-12-17,AMZN
AMZN271217P00170000,170.0,12.08,12.45,12.8,1.0,3702.0,0.34326828613281246,False,PUT,2027-12-17,AMZN
AMZN271217P00175000,175.0,13.29,13.8,14.1,1.0,3312.0,0.33965198928833,False,PUT,2027-12-17,AMZN
AMZN271217P00180000,180.0,15.35,15.25,15.6,36.0,4408.0,0.3373784524536133,False,PUT,2027-12-17,AMZN
AMZN271217P00185000,185.0,16.9,16.75,17.15,9.0,4328.0,0.3346624151611328,False,PUT,2027-12-17,AMZN
AMZN271217P00190000,190.0,18.48,18.35,18.75,50.0,3843.0,0.33159542922973634,False,PUT,2027-12-17,AMZN
AMZN271217P00195000,195.0,19.31,20.1,20.45,205.0,1558.0,0.32865051239013665,False,PUT,2027-12-17,AMZN
AMZN271217P00200000,200.0,21.1,21.8,22.25,208.0,4513.0,0.3258429232788086,False,PUT,2027-12-17,AMZN
AMZN271217P00205000,205.0,23.05,23.7,24.15,201.0,1513.0,0.323126885986328,False,PUT,2027-12-17,AMZN
AMZN271217P00210000,210.0,24.95,25.7,26.1,210.0,1995.0,0.32005990005493157,False,PUT,2027-12-17,AMZN
AMZN271217P00215000,215.0,27.85,27.75,28.15,328.0,428.0,0.31709972457885743,False,PUT,2027-12-17,AMZN
AMZN271217P00220000,220.0,30.45,29.9,30.3,3.0,4081.0,0.3142311009216308,False,PUT,2027-12-17,AMZN
AMZN271217P00225000,225.0,31.78,32.1,32.6,4.0,573.0,0.3118354949951171,False,PUT,2027-12-17,AMZN
AMZN271217P00230000,230.0,35.55,34.45,34.9,1.0,1395.0,0.30870747451782227,False,PUT,2027-12-17,AMZN
AMZN271217P00235000,235.0,35.98,36.75,37.3,5.0,619.0,0.305671005859375,False,PUT,2027-12-17,AMZN
AMZN271217P00240000,240.0,39.55,39.35,39.8,5.0,1503.0,0.3027108303833008,True,PUT,2027-12-17,AMZN
AMZN271217P00245000,245.0,40.51,41.9,42.45,4.0,462.0,0.3002236726379394,True,PUT,2027-12-17,AMZN
AMZN271217P00250000,250.0,42.43,44.55,45.05,10.0,612.0,0.2966378930664062,True,PUT,2027-12-17,AMZN
AMZN271217P00255000,255.0,47.55,47.35,47.85,1.0,462.0,0.2939218557739257,True,PUT,2027-12-17,AMZN
AMZN271217P00260000,260.0,49.8,50.05,50.7,50.0,510.0,0.29090064575195307,True,PUT,2027-12-17,AMZN
AMZN271217P00265000,265.0,52.49,53.05,53.65,1.0,267.0,0.287970987548828,True,PUT,2027-12-17,AMZN
AMZN271217P00270000,270.0,55.6,56.15,56.7,4.0,1255.0,0.2851176225280761,True,PUT,2027-12-17,AMZN
AMZN271217P00275000,275.0,56.85,59.15,59.85,1.0,143.0,0.2823710679626465,True,PUT,2027-12-17,AMZN
AMZN271217P00280000,280.0,61.3,62.35,63.0,1.0,930.0,0.27895313339233396,True,PUT,2027-12-17,AMZN
AMZN271217P00285000,285.0,65.5,65.6,66.3,34.0,301.0,0.27603873382568356,True,PUT,2027-12-17,AMZN
AMZN271217P00290000,290.0,75.7,69.0,69.7,2.0,1319.0,0.2732311447143554,True,PUT,2027-12-17,AMZN
AMZN271217P00295000,295.0,68.9,72.55,73.2,2.0,11.0,0.27057614196777346,True,PUT,2027-12-17,AMZN
AMZN271217P00300000,300.0,82.75,75.95,76.7,6.0,278.0,0.26724975921630856,True,PUT,2027-12-17,AMZN
AMZN271217P00305000,305.0,76.03,79.6,80.3,7.0,180.0,0.2640607041931152,True,PUT,2027-12-17,AMZN
AMZN271217P00310000,310.0,90.6,83.4,84.05,4.0,29.0,0.26148199462890626,True,PUT,2027-12-17,AMZN
AMZN280121C00170000,170.0,95.7,94.4,97.1,11.0,396.0,0.5001270690917969,True,CALL,2028-01-21,AMZN
AMZN280121C00175000,175.0,95.0,91.45,93.7,1.0,193.0,0.49323016540527354,True,CALL,2028-01-21,AMZN
AMZN280121C00180000,180.0,88.64,88.2,90.5,2.0,407.0,0.48792015991210946,True,CALL,2028-01-21,AMZN
AMZN280121C00185000,185.0,85.9,84.75,87.05,26.0,336.0,0.4797415307617187,True,CALL,2028-01-21,AMZN
AMZN280121C00190000,190.0,83.0,81.95,83.4,8.0,480.0,0.46939617523193367,True,CALL,2028-01-21,AMZN
AMZN280121C00195000,195.0,79.75,78.8,80.9,3.0,294.0,0.46938091659545905,True,CALL,2028-01-21,AMZN
AMZN280121C00200000,200.0,77.15,76.0,77.95,22.0,1879.0,0.46465073928833006,True,CALL,2028-01-21,AMZN
AMZN280121C00210000,210.0,70.3,70.65,71.15,7.0,1036.0,0.44620304779052733,True,CALL,2028-01-21,AMZN
AMZN280121C00220000,220.0,65.7,65.35,65.85,22.0,3132.0,0.439031488647461,True,CALL,2028-01-21,AMZN
AMZN280121C00230000,230.0,60.95,60.4,60.85,66.0,5250.0,0.432424499053955,True,CALL,2028-01-21,AMZN
AMZN280121C00240000,240.0,56.0,55.65,56.1,66.0,1530.0,0.4259548371887208,False,CALL,2028-01-21,AMZN
AMZN280121C00250000,250.0,51.43,51.3,51.75,269.0,4823.0,0.42078215942382813,False,CALL,2028-01-21,AMZN
AMZN280121C00260000,260.0,48.0,47.2,47.7,91.0,1425.0,0.4161282752990722,False,CALL,2028-01-21,AMZN
AMZN280121C00270000,270.0,43.95,43.45,43.8,30.0,1121.0,0.41090982162475587,False,CALL,2028-01-21,AMZN
AMZN280121C00280000,280.0,40.15,39.85,40.35,19.0,3134.0,0.407430852508545,False,CALL,2028-01-21,AMZN
AMZN280121C00290000,290.0,36.5,36.6,37.0,16.0,1964.0,0.40311265838623045,False,CALL,2028-01-21,AMZN
AMZN280121C00300000,300.0,34.0,33.65,34.0,133.0,3475.0,0.39989308609008795,False,CALL,2028-01-21,AMZN
AMZN280121C00310000,310.0,30.66,30.85,31.2,5.0,823.0,0.39671928970336917,False,CALL,2028-01-21,AMZN
AMZN280121P00170000,170.0,13.0,12.95,13.25,1.0,1875.0,0.34015552429199214,False,PUT,2028-01-21,AMZN
AMZN280121P00175000,175.0,13.7,14.3,14.65,2.0,645.0,0.337470004272461,False,PUT,2028-01-21,AMZN
AMZN280121P00180000,180.0,16.02,15.8,16.1,10.0,3496.0,0.334418276977539,False,PUT,2028-01-21,AMZN
AMZN280121P00185000,185.0,17.46,17.3,17.65,1.0,805.0,0.3315496533203125,False,PUT,2028-01-21,AMZN
AMZN280121P00190000,190.0,19.75,18.85,19.25,1.0,5477.0,0.3283453396606445,False,PUT,2028-01-21,AMZN
AMZN280121P00195000,195.0,21.2,20.75,21.0,4.0,168.0,0.3257666300964355,False,PUT,2028-01-21,AMZN
AMZN280121P00200000,200.0,22.55,22.45,22.85,8.0,3787.0,0.32329473098754874,False,PUT,2028-01-21,AMZN
AMZN280121P00210000,210.0,26.9,26.3,26.75,1.0,527.0,0.3177558459472656,False,PUT,2028-01-21,AMZN
AMZN280121P00220000,220.0,29.77,30.55,30.95,1.0,3135.0,0.31180497772216786,False,PUT,2028-01-21,AMZN
AMZN280121P00230000,230.0,34.3,35.35,35.45,1.0,6810.0,0.30544212631225587,False,PUT,2028-01-21,AMZN
AMZN280121P00240000,240.0,39.78,40.05,40.55,2.0,1451.0,0.3010018630981446,True,PUT,2028-01-21,AMZN
AMZN280121P00250000,250.0,45.23,45.3,45.8,8.0,2075.0,0.29500521896362303,True,PUT,2028-01-21,AMZN
AMZN280121P00260000,260.0,49.34,50.9,51.5,31.0,279.0,0.2897409893798828,True,PUT,2028-01-21,AMZN
AMZN280121P00270000,270.0,57.5,56.9,57.45,10.0,1597.0,0.28375960388183585,True,PUT,2028-01-21,AMZN
AMZN280121P00280000,280.0,59.25,63.2,63.8,1.0,724.0,0.2782207188415527,True,PUT,2028-01-21,AMZN
AMZN280121P00290000,290.0,65.1,69.8,70.4,2.0,310.0,0.2720409710693359,True,PUT,2028-01-21,AMZN
AMZN280121P00300000,300.0,76.8,76.65,77.25,30.0,69.0,0.26520510192871094,True,PUT,2028-01-21,AMZN
AMZN280121P00310000,310.0,91.1,84.05,84.7,105.0,988.0,0.2606580282592773,True,PUT,2028-01-21,AMZN
AMZN280616C00170000,170.0,102.6,98.5,101.7,2.0,43.0,0.5000355172729493,True,CALL,2028-06-16,AMZN
AMZN280616C00175000,175.0,95.83,95.05,98.75,7.0,47.0,0.49655654815673833,True,CALL,2028-06-16,AMZN
AMZN280616C00180000,180.0,92.6,92.0,95.1,4.0,58.0,0.4863027444458008,True,CALL,2028-06-16,AMZN
AMZN280616C00185000,185.0,96.9,89.0,92.2,1.0,45.0,0.4825186026000977,True,CALL,2028-06-16,AMZN
AMZN280616C00190000,190.0,91.0,86.0,88.4,1.0,69.0,0.4706168661499024,True,CALL,2028-06-16,AMZN
AMZN280616C00195000,195.0,87.18,83.1,86.5,1.0,127.0,0.4745688529968262,True,CALL,2028-06-16,AMZN
AMZN280616C00200000,200.0,81.71,80.7,83.2,3.0,204.0,0.4663291893005372,True,CALL,2028-06-16,AMZN
AMZN280616C00210000,210.0,79.5,75.1,77.95,2.0,45.0,0.4598290101623535,True,CALL,2028-06-16,AMZN
AMZN280616C00220000,220.0,70.55,70.0,72.85,2.0,347.0,0.4529321064758301,True,CALL,2028-06-16,AMZN
AMZN280616C00230000,230.0,66.58,65.4,66.85,10.0,343.0,0.4379939013671875,True,CALL,2028-06-16,AMZN
AMZN280616C00240000,240.0,61.0,61.4,63.8,11.0,573.0,0.4432123550415039,False,CALL,2028-06-16,AMZN
AMZN280616C00250000,250.0,57.86,56.8,58.55,35.0,2098.0,0.43111225631713873,False,CALL,2028-06-16,AMZN
AMZN280616C00260000,260.0,53.61,52.25,54.45,4.0,257.0,0.4258632853698731,False,CALL,2028-06-16,AMZN
AMZN280616C00270000,270.0,49.98,49.45,50.25,1.0,346.0,0.4186154330444336,False,CALL,2028-06-16,AMZN
AMZN280616C00280000,280.0,45.25,45.9,46.7,1.0,252.0,0.41454137710571287,False,CALL,2028-06-16,AMZN
AMZN280616C00290000,290.0,45.7,42.65,43.45,2.0,130.0,0.4112455116271973,False,CALL,2028-06-16,AMZN
AMZN280616C00300000,300.0,40.05,39.65,40.2,17.0,410.0,0.4067518431854248,False,CALL,2028-06-16,AMZN
AMZN280616C00310000,310.0,38.92,36.8,37.55,1.0,330.0,0.4051725743103027,False,CALL,2028-06-16,AMZN
AMZN280616P00170000,170.0,15.15,15.05,15.6,1.0,633.0,0.33483026016235345,False,PUT,2028-06-16,AMZN
AMZN280616P00175000,175.0,17.74,16.5,17.05,2.0,48.0,0.3316717224121094,False,PUT,2028-06-16,AMZN
AMZN280616P00180000,180.0,18.2,18.0,18.7,2.0,640.0,0.32971861694335935,False,PUT,2028-06-16,AMZN
AMZN280616P00185000,185.0,20.1,19.65,20.35,1.0,198.0,0.32697206237792964,False,PUT,2028-06-16,AMZN
AMZN280616P00190000,190.0,21.52,21.35,22.0,2.0,68.0,0.32353886917114244,False,PUT,2028-06-16,AMZN
AMZN280616P00195000,195.0,23.35,23.15,23.7,2.0,26.0,0.3199073136901855,False,PUT,2028-06-16,AMZN
AMZN280616P00200000,200.0,24.25,25.0,25.55,2.0,94.0,0.31690136230468746,False,PUT,2028-06-16,AMZN
AMZN280616P00210000,210.0,28.35,28.95,29.55,2.0,65.0,0.3113777359008788,False,PUT,2028-06-16,AMZN
AMZN280616P00220000,220.0,32.59,33.3,34.1,3.0,87.0,0.3075478181457519,False,PUT,2028-06-16,AMZN
AMZN280616P00230000,230.0,36.0,37.85,38.8,1.0,58.0,0.3023598817443848,False,PUT,2028-06-16,AMZN
AMZN280616P00240000,240.0,43.08,42.85,43.7,1.0,127.0,0.2963098323822021,True,PUT,2028-06-16,AMZN
AMZN280616P00250000,250.0,47.4,48.15,49.0,1.0,314.0,0.29082435256958,True,PUT,2028-06-16,AMZN
AMZN280616P00260000,260.0,53.6,53.75,54.75,2.0,60.0,0.28623150299072264,True,PUT,2028-06-16,AMZN
AMZN280616P00270000,270.0,59.51,59.65,60.6,4.0,257.0,0.28018908294677725,True,PUT,2028-06-16,AMZN
AMZN280616P00280000,280.0,65.5,65.9,66.95,1.0,6.0,0.27542838836669914,True,PUT,2028-06-16,AMZN
AMZN280616P00290000,290.0,76.4,72.45,73.35,2.0,9.0,0.26889769195556634,True,PUT,2028-06-16,AMZN
AMZN280616P00300000,300.0,79.45,79.3,80.4,2.0,41.0,0.26483889465332033,True,PUT,2028-06-16,AMZN
AMZN280616P00310000,310.0,88.2,86.45,87.25,2.0,19.0,0.257194317779541,True,PUT,2028-06-16,AMZN
AMZN281215C00170000,170.0,105.3,103.5,107.05,20.0,181.0,0.5013019841003419,True,CALL,2028-12-15,AMZN
AMZN281215C00175000,175.0,102.5,100.5,104.5,12.0,72.0,0.5001728450012208,True,CALL,2028-12-15,AMZN
AMZN281215C00180000,180.0,99.6,97.5,101.5,11.0,38.0,0.49486283950805665,True,CALL,2028-12-15,AMZN
AMZN281215C00185000,185.0,100.48,95.2,98.5,5.0,22.0,0.4892781785583497,True,CALL,2028-12-15,AMZN
AMZN281215C00190000,190.0,92.5,92.8,95.5,2.0,57.0,0.4834646380615235,True,CALL,2028-12-15,AMZN
AMZN281215C00195000,195.0,89.13,88.0,93.0,4.0,46.0,0.4812368771362304,True,CALL,2028-12-15,AMZN
AMZN281215C00200000,200.0,88.5,86.95,90.0,12.0,218.0,0.474889284362793,True,CALL,2028-12-15,AMZN
AMZN281215C00210000,210.0,82.74,81.0,85.0,2.0,64.0,0.4688316056823731,True,CALL,2028-12-15,AMZN
AMZN281215C00220000,220.0,76.7,76.0,79.55,6.0,181.0,0.4584099569702149,True,CALL,2028-12-15,AMZN
AMZN281215C00230000,230.0,73.6,71.6,73.95,31.0,753.0,0.4460809786987304,True,CALL,2028-12-15,AMZN
AMZN281215C00240000,240.0,68.82,68.05,69.45,37.0,693.0,0.4402216622924804,False,CALL,2028-12-15,AMZN
AMZN281215C00250000,250.0,64.85,63.7,66.95,201.0,286.0,0.44623356506347656,False,CALL,2028-12-15,AMZN
AMZN281215C00260000,260.0,61.1,58.8,63.0,6.0,210.0,0.4415491636657715,False,CALL,2028-12-15,AMZN
AMZN281215C00270000,270.0,59.5,55.15,58.5,1.0,318.0,0.43237872314453124,False,CALL,2028-12-15,AMZN
AMZN281215C00280000,280.0,53.55,52.3,54.3,18.0,265.0,0.4242000939941406,False,CALL,2028-12-15,AMZN
AMZN281215C00290000,290.0,50.4,48.9,51.0,1.0,347.0,0.42068297828674317,False,CALL,2028-12-15,AMZN
AMZN281215C00300000,300.0,46.99,45.85,47.95,5.0,559.0,0.4177609494018554,False,CALL,2028-12-15,AMZN
AMZN281215C00310000,310.0,46.06,43.0,45.1,3.0,200.0,0.4151669812011719,False,CALL,2028-12-15,AMZN
AMZN281215P00170000,170.0,17.05,17.0,18.25,2.0,195.0,0.32912353012084955,False,PUT,2028-12-15,AMZN
AMZN281215P00175000,175.0,19.0,18.6,19.95,500.0,1303.0,0.32738404556274414,False,PUT,2028-12-15,AMZN
AMZN281215P00180000,180.0,20.75,20.15,21.35,53.0,148.0,0.322424988708496,False,PUT,2028-12-15,AMZN
AMZN281215P00185000,185.0,22.5,21.85,23.15,4.0,329.0,0.3203040382385253,False,PUT,2028-12-15,AMZN
AMZN281215P00190000,190.0,24.0,23.65,24.95,2.0,133.0,0.3175574836730957,False,PUT,2028-12-15,AMZN
AMZN281215P00195000,195.0,25.35,25.45,26.8,4.0,89.0,0.31464308410644526,False,PUT,2028-12-15,AMZN
AMZN281215P00200000,200.0,28.08,27.4,28.75,6.0,1622.0,0.31192704681396477,False,PUT,2028-12-15,AMZN
AMZN281215P00210000,210.0,32.15,31.15,32.85,1.0,82.0,0.3063881617736816,False,PUT,2028-12-15,AMZN
AMZN281215P00220000,220.0,36.8,36.2,37.35,3.0,257.0,0.30156643264770505,False,PUT,2028-12-15,AMZN
AMZN281215P00230000,230.0,41.86,40.2,42.3,1.0,159.0,0.297736514892578,False,PUT,2028-12-15,AMZN
AMZN281215P00240000,240.0,46.55,45.2,47.05,1.0,521.0,0.2907022834777831,True,PUT,2028-12-15,AMZN
AMZN281215P00250000,250.0,51.51,50.45,52.55,9.0,142.0,0.28661296890258786,True,PUT,2028-12-15,AMZN
AMZN281215P00260000,260.0,54.97,56.1,58.05,1.0,165.0,0.280707876586914,True,PUT,2028-12-15,AMZN
AMZN281215P00270000,270.0,60.19,62.0,63.95,1.0,97.0,0.2755046815490722,True,PUT,2028-12-15,AMZN
AMZN281215P00280000,280.0,67.95,68.1,70.55,1.0,116.0,0.272895454711914,True,PUT,2028-12-15,AMZN
AMZN281215P00290000,290.0,76.08,74.65,76.65,3.0,3.0,0.26544924011230464,True,PUT,2028-12-15,AMZN
AMZN281215P00300000,300.0,83.0,81.25,83.85,8.0,31.0,0.2632367378234864,True,PUT,2028-12-15,AMZN
AMZN281215P00310000,310.0,87.38,88.4,90.9,4.0,8.0,0.25841500869750983,True,PUT,2028-12-15,AMZN
ANET260130C00105000,105.0,25.88,42.1,45.2,1.0,2.0,3.6132822167968754,True,CALL,2026-01-30,ANET
ANET260130C00110000,110.0,20.75,37.1,40.15,10.0,6.0,3.2031269921874994,True,CALL,2026-01-30,ANET
ANET260130C00111000,111.0,36.0,36.1,39.2,1.0,1.0,3.1582052294921876,True,CALL,2026-01-30,ANET
ANET260130C00112000,112.0,35.11,35.1,38.2,1.0,3.0,3.0830101049804686,True,CALL,2026-01-30,ANET
ANET260130C00113000,113.0,31.2,34.1,37.2,1.0,2.0,3.009768100585937,True,CALL,2026-01-30,ANET
ANET260130C00114000,114.0,23.37,33.1,36.15,5.0,1.0,2.908205854492188,True,CALL,2026-01-30,ANET
ANET260130C00115000,115.0,23.2,32.1,35.2,1.0,2.0,2.863284091796875,True,CALL,2026-01-30,ANET
ANET260130C00116000,116.0,33.45,31.15,34.2,1.0,11.0,2.7900420874023437,True,CALL,2026-01-30,ANET
ANET260130C00117000,117.0,10.5,30.1,33.1,5.0,25.0,2.6640658398437504,True,CALL,2026-01-30,ANET
ANET260130C00118000,118.0,26.14,29.1,32.1,1.0,1.0,2.593753515625,True,CALL,2026-01-30,ANET
ANET260130C00119000,119.0,28.07,28.1,31.05,1.0,3.0,2.496097509765625,True,CALL,2026-01-30,ANET
ANET260130C00120000,120.0,29.84,27.1,30.1,1.0,60.0,2.452152307128906,True,CALL,2026-01-30,ANET
ANET260130C00121000,121.0,12.03,26.1,29.15,4.0,6.0,2.4062539843749997,True,CALL,2026-01-30,ANET
ANET260130C00122000,122.0,19.3,25.1,28.2,3.0,18.0,2.3603556616210932,True,CALL,2026-01-30,ANET
ANET260130C00123000,123.0,23.75,24.1,27.2,2.0,34.0,2.28906677734375,True,CALL,2026-01-30,ANET
ANET260130C00124000,124.0,25.03,23.8,25.95,10.0,40.0,1.3496126269531248,True,CALL,2026-01-30,ANET
ANET260130C00125000,125.0,23.6,22.5,25.15,27.0,75.0,1.23047259765625,True,CALL,2026-01-30,ANET
ANET260130C00126000,126.0,24.95,21.1,23.7,1.0,32.0,1.8398445507812498,True,CALL,2026-01-30,ANET
ANET260130C00127000,127.0,22.26,20.1,22.6,6.0,105.0,1.72265763671875,True,CALL,2026-01-30,ANET
ANET260130C00128000,128.0,22.5,19.15,22.1,1.0,74.0,1.89453177734375,True,CALL,2026-01-30,ANET
ANET260130C00129000,129.0,19.63,18.15,20.6,1.0,67.0,1.5947285888671874,True,CALL,2026-01-30,ANET
ANET260130C00130000,130.0,17.44,17.7,19.55,8.0,383.0,1.505861845703125,True,CALL,2026-01-30,ANET
ANET260130C00131000,131.0,14.7,16.15,18.9,1.0,103.0,1.6030293286132813,True,CALL,2026-01-30,ANET
ANET260130C00132000,132.0,16.3,15.15,17.95,1.0,157.0,1.5566428417968747,True,CALL,2026-01-30,ANET
ANET260130C00133000,133.0,15.65,14.15,17.05,4.0,132.0,1.5283226708984374,True,CALL,2026-01-30,ANET
ANET260130C00134000,134.0,16.26,13.2,15.7,4.0,109.0,1.3183627832031248,True,CALL,2026-01-30,ANET
ANET260130C00135000,135.0,13.73,13.05,14.55,37.0,296.0,0.726565234375,True,CALL,2026-01-30,ANET
ANET260130C00136000,136.0,12.21,12.2,13.6,27.0,138.0,0.7744163183593751,True,CALL,2026-01-30,ANET
ANET260130C00137000,137.0,11.0,11.8,12.4,5.0,225.0,0.851563984375,True,CALL,2026-01-30,ANET
ANET260130C00138000,138.0,11.0,10.45,11.6,2.0,800.0,0.752932158203125,True,CALL,2026-01-30,ANET
ANET260130C00139000,139.0,12.0,9.05,10.95,5.0,291.0,0.6835969140625001,True,CALL,2026-01-30,ANET
ANET260130C00140000,140.0,8.99,8.55,9.45,63.0,1982.0,0.6289099609375001,True,CALL,2026-01-30,ANET
ANET260130C00141000,141.0,7.72,7.35,8.65,5.0,274.0,0.5732464550781251,True,CALL,2026-01-30,ANET
ANET260130C00142000,142.0,7.13,6.45,7.75,17.0,235.0,0.5625043750000001,True,CALL,2026-01-30,ANET
ANET260130C00143000,143.0,6.33,5.6,7.4,8.0,284.0,0.6445348046875,True,CALL,2026-01-30,ANET
ANET260130C00144000,144.0,5.6,4.75,5.8,4.0,388.0,0.5019581054687501,True,CALL,2026-01-30,ANET
ANET260130C00145000,145.0,5.0,4.3,5.7,280.0,685.0,0.639652041015625,True,CALL,2026-01-30,ANET
ANET260130C00146000,146.0,3.75,3.5,4.25,16.0,420.0,0.524418818359375,True,CALL,2026-01-30,ANET
ANET260130C00147000,147.0,3.41,2.73,3.45,20.0,217.0,0.57617611328125,True,CALL,2026-01-30,ANET
ANET260130C00148000,148.0,2.43,2.26,2.81,208.0,563.0,0.5590864404296876,True,CALL,2026-01-30,ANET
ANET260130C00149000,149.0,1.94,1.77,2.07,219.0,451.0,0.5053760400390624,False,CALL,2026-01-30,ANET
ANET260130C00150000,150.0,1.5,1.17,1.5,291.0,2249.0,0.47412635253906255,False,CALL,2026-01-30,ANET
ANET260130C00152500,152.5,0.65,0.62,0.84,389.0,644.0,0.50586431640625,False,CALL,2026-01-30,ANET
ANET260130C00155000,155.0,0.34,0.25,0.27,507.0,1406.0,0.45606012695312503,False,CALL,2026-01-30,ANET
ANET260130C00157500,157.5,0.12,0.09,0.16,62.0,287.0,0.5097705273437501,False,CALL,2026-01-30,ANET
ANET260130C00160000,160.0,0.04,0.03,0.06,329.0,512.0,0.5136767382812499,False,CALL,2026-01-30,ANET
ANET260130C00162500,162.5,0.03,0.0,0.04,5.0,75.0,0.51562984375,False,CALL,2026-01-30,ANET
ANET260130C00165000,165.0,0.04,0.0,0.03,1.0,220.0,0.570316796875,False,CALL,2026-01-30,ANET
ANET260130C00170000,170.0,0.01,0.0,0.01,5.0,116.0,0.6250037500000001,False,CALL,2026-01-30,ANET
ANET260130C00175000,175.0,0.01,0.0,0.03,2.0,132.0,0.8437515624999999,False,CALL,2026-01-30,ANET
ANET260130C00190000,190.0,0.05,0.0,2.12,,1.0,2.356449421386718,False,CALL,2026-01-30,ANET
ANET260130P00105000,105.0,0.04,0.0,2.12,1.0,10508.0,3.303712678222656,False,PUT,2026-01-30,ANET
ANET260130P00109000,109.0,0.11,0.0,2.13,20.0,20.0,3.020510261230469,False,PUT,2026-01-30,ANET
ANET260130P00110000,110.0,0.01,0.0,0.54,10.0,143.0,2.214848212890624,False,PUT,2026-01-30,ANET
ANET260130P00111000,111.0,0.02,0.0,0.01,1.0,41.0,1.3125034374999998,False,PUT,2026-01-30,ANET
ANET260130P00112000,112.0,0.02,0.0,2.13,4.0,53.0,2.810549848632813,False,PUT,2026-01-30,ANET
ANET260130P00113000,113.0,0.01,0.0,0.01,15.0,56.0,1.2500037499999999,False,PUT,2026-01-30,ANET
ANET260130P00114000,114.0,0.03,0.0,0.03,1.0,329.0,1.3437532812499997,False,PUT,2026-01-30,ANET
ANET260130P00115000,115.0,0.06,0.0,0.02,2.0,316.0,1.2500037499999999,False,PUT,2026-01-30,ANET
ANET260130P00116000,116.0,0.07,0.0,1.71,5.0,129.0,2.3984415039062497,False,PUT,2026-01-30,ANET
ANET260130P00117000,117.0,0.01,0.0,0.14,1.0,83.0,1.46875265625,False,PUT,2026-01-30,ANET
ANET260130P00118000,118.0,0.05,0.0,0.36,3.0,47.0,1.6484392578125,False,PUT,2026-01-30,ANET
ANET260130P00119000,119.0,0.01,0.0,0.75,1.0,116.0,1.8281258593749998,False,PUT,2026-01-30,ANET
ANET260130P00120000,120.0,0.02,0.0,0.04,6.0,467.0,1.140629296875,False,PUT,2026-01-30,ANET
ANET260130P00121000,121.0,0.01,0.0,0.49,1.0,108.0,1.5781271093749998,False,PUT,2026-01-30,ANET
ANET260130P00122000,122.0,0.01,0.0,0.02,10.0,352.0,0.98437515625,False,PUT,2026-01-30,ANET
ANET260130P00123000,123.0,0.06,0.0,0.02,3.0,118.0,0.9531254687499999,False,PUT,2026-01-30,ANET
ANET260130P00124000,124.0,0.03,0.0,0.54,22.0,171.0,1.4492215039062502,False,PUT,2026-01-30,ANET
ANET260130P00125000,125.0,0.02,0.0,0.04,6.0,926.0,0.945313046875,False,PUT,2026-01-30,ANET
ANET260130P00126000,126.0,0.18,0.0,0.09,1.0,113.0,1.000005,False,PUT,2026-01-30,ANET
ANET260130P00127000,127.0,0.18,0.01,0.14,1.0,120.0,1.0312548437500002,False,PUT,2026-01-30,ANET
ANET260130P00128000,128.0,0.02,0.01,0.04,5.0,152.0,0.851563984375,False,PUT,2026-01-30,ANET
ANET260130P00129000,129.0,0.06,0.0,0.17,2.0,221.0,0.9609378906249999,False,PUT,2026-01-30,ANET
ANET260130P00130000,130.0,0.04,0.01,0.08,19.0,453.0,0.8359391406249999,False,PUT,2026-01-30,ANET
ANET260130P00131000,131.0,0.07,0.02,0.07,15.0,225.0,0.7929708203125,False,PUT,2026-01-30,ANET
ANET260130P00132000,132.0,0.08,0.03,0.08,2.0,95.0,0.773439765625,False,PUT,2026-01-30,ANET
ANET260130P00133000,133.0,0.19,0.03,0.15,15.0,135.0,0.79101771484375,False,PUT,2026-01-30,ANET
ANET260130P00134000,134.0,0.28,0.08,0.27,15.0,186.0,0.8437515624999999,False,PUT,2026-01-30,ANET
ANET260130P00135000,135.0,0.1,0.07,0.39,41.0,454.0,0.84179845703125,False,PUT,2026-01-30,ANET
ANET260130P00136000,136.0,0.13,0.06,0.53,8.0,95.0,0.8359391406249999,False,PUT,2026-01-30,ANET
ANET260130P00137000,137.0,0.16,0.1,0.4,4.0,174.0,0.752932158203125,False,PUT,2026-01-30,ANET
ANET260130P00138000,138.0,0.2,0.07,0.24,12.0,139.0,0.629886513671875,False,PUT,2026-01-30,ANET
ANET260130P00139000,139.0,0.25,0.08,0.25,16.0,106.0,0.5888712988281251,False,PUT,2026-01-30,ANET
ANET260130P00140000,140.0,0.29,0.18,0.41,61.0,385.0,0.6210975390625001,False,PUT,2026-01-30,ANET
ANET260130P00141000,141.0,0.38,0.25,0.6,3.0,102.0,0.6279334082031252,False,PUT,2026-01-30,ANET
ANET260130P00142000,142.0,0.67,0.27,0.67,2.0,111.0,0.5874064697265625,False,PUT,2026-01-30,ANET
ANET260130P00143000,143.0,0.63,0.22,0.95,7.0,174.0,0.56836369140625,False,PUT,2026-01-30,ANET
ANET260130P00144000,144.0,0.99,0.45,0.74,9.0,145.0,0.5053760400390624,False,PUT,2026-01-30,ANET
ANET260130P00145000,145.0,0.91,0.57,1.39,616.0,1172.0,0.5498091894531252,False,PUT,2026-01-30,ANET
ANET260130P00146000,146.0,1.2,0.95,1.12,70.0,48.0,0.507817421875,False,PUT,2026-01-30,ANET
ANET260130P00147000,147.0,1.29,1.13,1.41,144.0,476.0,0.49268085449218757,False,PUT,2026-01-30,ANET
ANET260130P00150000,150.0,2.73,2.45,2.89,155.0,138.0,0.49268085449218757,True,PUT,2026-01-30,ANET
ANET260130P00152500,152.5,4.6,4.05,5.5,14.0,157.0,0.5410202148437502,True,PUT,2026-01-30,ANET
ANET260130P00155000,155.0,7.2,5.75,7.7,7.0,21.0,0.5190477783203125,True,PUT,2026-01-30,ANET
ANET260130P00160000,160.0,15.2,10.45,12.95,,1.0,0.7587914746093751,True,PUT,2026-01-30,ANET
ANET260130P00180000,180.0,38.35,29.6,33.15,,0.0,1.1640666796875,True,PUT,2026-01-30,ANET
ANET260206C00105000,105.0,41.61,42.2,45.3,2.0,5.0,0.945313046875,True,CALL,2026-02-06,ANET
ANET260206C00110000,110.0,38.76,37.2,39.6,614.0,47.0,1.3378939355468746,True,CALL,2026-02-06,ANET
ANET260206C00115000,115.0,33.74,32.25,35.35,1.0,3.0,0.7851583984375,True,CALL,2026-02-06,ANET
ANET260206C00116000,116.0,32.87,31.25,33.75,584.0,38.0,1.193363408203125,True,CALL,2026-02-06,ANET
ANET260206C00117000,117.0,31.3,30.3,33.4,218.0,31.0,0.7851583984375,True,CALL,2026-02-06,ANET
ANET260206C00118000,118.0,9.82,29.3,32.25,14.0,8.0,0.6914093359375001,True,CALL,2026-02-06,ANET
ANET260206C00119000,119.0,21.5,28.3,31.35,5.0,4.0,0.71679970703125,True,CALL,2026-02-06,ANET
ANET260206C00120000,120.0,30.8,27.3,29.7,5.0,15.0,1.052739111328125,True,CALL,2026-02-06,ANET
ANET260206C00122000,122.0,10.5,25.3,28.2,,1.0,0.5742230078125,True,CALL,2026-02-06,ANET
ANET260206C00123000,123.0,24.12,24.35,27.45,1.0,12.0,0.6748079394531252,True,CALL,2026-02-06,ANET
ANET260206C00124000,124.0,22.65,23.35,26.0,11.0,18.0,1.0009815576171874,True,CALL,2026-02-06,ANET
ANET260206C00125000,125.0,20.25,22.35,24.9,5.0,19.0,0.9458013232421875,True,CALL,2026-02-06,ANET
ANET260206C00126000,126.0,23.37,22.3,24.0,15.0,16.0,0.70898728515625,True,CALL,2026-02-06,ANET
ANET260206C00127000,127.0,24.7,20.45,23.35,2.0,30.0,0.579105771484375,True,CALL,2026-02-06,ANET
ANET260206C00128000,128.0,18.0,20.1,21.65,1.0,54.0,0.5419967675781252,True,CALL,2026-02-06,ANET
ANET260206C00129000,129.0,20.62,18.5,21.55,1.0,23.0,0.584965087890625,True,CALL,2026-02-06,ANET
ANET260206C00130000,130.0,18.33,17.65,19.8,21.0,105.0,0.7661156201171876,True,CALL,2026-02-06,ANET
ANET260206C00131000,131.0,18.78,17.2,19.05,4.0,50.0,0.567387138671875,True,CALL,2026-02-06,ANET
ANET260206C00132000,132.0,16.8,15.8,18.05,1.0,65.0,0.752932158203125,True,CALL,2026-02-06,ANET
ANET260206C00133000,133.0,18.06,14.75,17.15,1.0,80.0,0.7385280053710936,True,CALL,2026-02-06,ANET
ANET260206C00134000,134.0,17.09,13.85,16.1,4.0,135.0,0.6967803759765626,True,CALL,2026-02-06,ANET
ANET260206C00135000,135.0,14.5,13.75,15.3,9.0,83.0,0.5551802294921876,True,CALL,2026-02-06,ANET
ANET260206C00136000,136.0,13.01,12.15,14.15,20.0,140.0,0.63867548828125,True,CALL,2026-02-06,ANET
ANET260206C00137000,137.0,10.76,11.3,13.5,2.0,25.0,0.6601596484375001,True,CALL,2026-02-06,ANET
ANET260206C00138000,138.0,12.0,10.3,12.3,16.0,333.0,0.594730615234375,True,CALL,2026-02-06,ANET
ANET260206C00139000,139.0,11.4,9.55,12.55,4.0,15.0,0.5217332983398437,True,CALL,2026-02-06,ANET
ANET260206C00140000,140.0,9.34,9.8,10.75,13.0,560.0,0.5210008837890624,True,CALL,2026-02-06,ANET
ANET260206C00141000,141.0,7.8,8.15,10.3,20.0,122.0,0.622074091796875,True,CALL,2026-02-06,ANET
ANET260206C00142000,142.0,7.5,8.2,9.1,6.0,80.0,0.5568891967773439,True,CALL,2026-02-06,ANET
ANET260206C00143000,143.0,8.1,7.75,8.4,4.0,120.0,0.5136767382812499,True,CALL,2026-02-06,ANET
ANET260206C00144000,144.0,6.44,6.5,7.65,1.0,111.0,0.5407760766601564,True,CALL,2026-02-06,ANET
ANET260206C00145000,145.0,6.76,6.4,7.0,18.0,216.0,0.5026905200195313,True,CALL,2026-02-06,ANET
ANET260206C00146000,146.0,5.76,5.55,6.4,3.0,133.0,0.5351608984375,True,CALL,2026-02-06,ANET
ANET260206C00147000,147.0,5.3,5.1,5.9,45.0,660.0,0.5410202148437502,True,CALL,2026-02-06,ANET
ANET260206C00148000,148.0,4.45,4.5,5.2,45.0,223.0,0.5217332983398437,True,CALL,2026-02-06,ANET
ANET260206C00149000,149.0,4.4,4.1,4.7,54.0,247.0,0.5206346765136718,False,CALL,2026-02-06,ANET
ANET260206C00150000,150.0,3.89,3.7,4.25,86.0,1156.0,0.5214891601562499,False,CALL,2026-02-06,ANET
ANET260206C00152500,152.5,3.05,2.79,3.15,188.0,293.0,0.5107470800781251,False,CALL,2026-02-06,ANET
ANET260206C00155000,155.0,2.41,1.96,2.28,123.0,363.0,0.5036670727539063,False,CALL,2026-02-06,ANET
ANET260206C00160000,160.0,1.08,0.99,1.24,105.0,603.0,0.5153857055664062,False,CALL,2026-02-06,ANET
ANET260206C00165000,165.0,0.44,0.32,0.59,11.0,100.0,0.514653291015625,False,CALL,2026-02-06,ANET
ANET260206C00170000,170.0,0.45,0.07,0.52,31.0,64.0,0.5278367529296876,False,CALL,2026-02-06,ANET
ANET260206C00175000,175.0,0.17,0.05,0.33,1.0,3.0,0.567387138671875,False,CALL,2026-02-06,ANET
ANET260206C00185000,185.0,0.1,0.0,2.14,,1.0,1.0244189404296877,False,CALL,2026-02-06,ANET
ANET260206P00105000,105.0,0.05,0.0,0.45,2.0,195.0,1.1445355273437499,False,PUT,2026-02-06,ANET
ANET260206P00110000,110.0,0.27,0.05,0.27,6.0,147.0,0.9570316796874999,False,PUT,2026-02-06,ANET
ANET260206P00111000,111.0,0.1,0.0,0.61,1.0,21.0,1.0390673046875003,False,PUT,2026-02-06,ANET
ANET260206P00112000,112.0,0.1,0.0,1.16,2.0,25.0,1.1494183154296875,False,PUT,2026-02-06,ANET
ANET260206P00113000,113.0,0.05,0.0,0.75,1.0,9.0,1.0244189404296877,False,PUT,2026-02-06,ANET
ANET260206P00114000,114.0,0.15,0.0,0.75,2.0,31.0,0.9970703417968749,False,PUT,2026-02-06,ANET
ANET260206P00115000,115.0,0.21,0.05,0.2,5.0,327.0,0.8007832421875,False,PUT,2026-02-06,ANET
ANET260206P00116000,116.0,0.07,0.1,0.44,6.0,79.0,0.885743330078125,False,PUT,2026-02-06,ANET
ANET260206P00117000,117.0,0.16,0.0,0.75,4.0,124.0,0.9160164648437501,False,PUT,2026-02-06,ANET
ANET260206P00118000,118.0,0.32,0.0,0.63,19.0,118.0,0.858399853515625,False,PUT,2026-02-06,ANET
ANET260206P00119000,119.0,0.23,0.0,0.51,26.0,29.0,0.799806689453125,False,PUT,2026-02-06,ANET
ANET260206P00120000,120.0,0.19,0.01,0.24,1.0,378.0,0.68555001953125,False,PUT,2026-02-06,ANET
ANET260206P00121000,121.0,0.3,0.08,0.21,9.0,48.0,0.6796907031250001,False,PUT,2026-02-06,ANET
ANET260206P00122000,122.0,0.2,0.15,0.35,9.0,92.0,0.7226590234375,False,PUT,2026-02-06,ANET
ANET260206P00123000,123.0,0.27,0.16,0.35,3.0,77.0,0.700198310546875,False,PUT,2026-02-06,ANET
ANET260206P00124000,124.0,0.43,0.16,0.41,2.0,81.0,0.6904327832031252,False,PUT,2026-02-06,ANET
ANET260206P00125000,125.0,0.41,0.15,0.45,5.0,391.0,0.6718782812500002,False,PUT,2026-02-06,ANET
ANET260206P00126000,126.0,0.29,0.17,0.41,7.0,121.0,0.6425816992187501,False,PUT,2026-02-06,ANET
ANET260206P00127000,127.0,0.28,0.23,0.37,2.0,41.0,0.6210975390625001,False,PUT,2026-02-06,ANET
ANET260206P00128000,128.0,0.3,0.28,0.49,17.0,67.0,0.6293982373046876,False,PUT,2026-02-06,ANET
ANET260206P00129000,129.0,0.45,0.06,0.65,5.0,116.0,0.5927775097656252,False,PUT,2026-02-06,ANET
ANET260206P00130000,130.0,0.42,0.36,0.5,23.0,436.0,0.5927775097656252,False,PUT,2026-02-06,ANET
ANET260206P00131000,131.0,0.54,0.12,0.8,1.0,48.0,0.5751995605468749,False,PUT,2026-02-06,ANET
ANET260206P00132000,132.0,0.69,0.46,0.6,1.0,28.0,0.5688519677734375,False,PUT,2026-02-06,ANET
ANET260206P00133000,133.0,0.7,0.51,0.81,8.0,124.0,0.5747112841796875,False,PUT,2026-02-06,ANET
ANET260206P00134000,134.0,0.79,0.6,1.11,10.0,116.0,0.5896037133789063,False,PUT,2026-02-06,ANET
ANET260206P00135000,135.0,0.81,0.66,0.81,45.0,148.0,0.534184345703125,False,PUT,2026-02-06,ANET
ANET260206P00136000,136.0,0.84,0.78,0.95,2.0,54.0,0.5314988256835937,False,PUT,2026-02-06,ANET
ANET260206P00137000,137.0,0.89,0.66,1.1,4.0,118.0,0.5039112109375,False,PUT,2026-02-06,ANET
ANET260206P00138000,138.0,1.11,0.79,1.3,4.0,26.0,0.5029346582031251,False,PUT,2026-02-06,ANET
ANET260206P00139000,139.0,2.0,1.18,1.4,53.0,69.0,0.5107470800781251,False,PUT,2026-02-06,ANET
ANET260206P00140000,140.0,1.4,1.18,1.7,107.0,105.0,0.5376022802734376,False,PUT,2026-02-06,ANET
ANET260206P00141000,141.0,1.91,1.4,1.9,2.0,20.0,0.5288133056640626,False,PUT,2026-02-06,ANET
ANET260206P00142000,142.0,1.9,1.77,2.13,23.0,41.0,0.5212450219726561,False,PUT,2026-02-06,ANET
ANET260206P00143000,143.0,2.45,2.06,2.51,13.0,41.0,0.5012256909179689,False,PUT,2026-02-06,ANET
ANET260206P00144000,144.0,2.51,2.35,2.63,59.0,188.0,0.5019581054687501,False,PUT,2026-02-06,ANET
ANET260206P00145000,145.0,2.84,2.7,3.1,563.0,47.0,0.5129443237304687,False,PUT,2026-02-06,ANET
ANET260206P00150000,150.0,6.0,4.8,5.3,33.0,70.0,0.49341326904296884,True,PUT,2026-02-06,ANET
ANET260206P00165000,165.0,16.5,15.75,17.6,17.0,20.0,0.6513706738281251,True,PUT,2026-02-06,ANET
ANET260206P00180000,180.0,38.35,30.25,32.9,,0.0,0.684573466796875,True,PUT,2026-02-06,ANET
ANET260213C00105000,105.0,42.78,42.4,45.4,8.0,11.0,0.8476577734374999,True,CALL,2026-02-13,ANET
ANET260213C00110000,110.0,38.08,37.55,40.4,326.0,14.0,0.790041162109375,True,CALL,2026-02-13,ANET
ANET260213C00115000,115.0,35.59,33.4,35.3,5.0,8.0,0.8193377441406249,True,CALL,2026-02-13,ANET
ANET260213C00118000,118.0,27.27,29.95,33.1,1.0,1.0,0.79687703125,True,CALL,2026-02-13,ANET
ANET260213C00119000,119.0,30.49,29.05,31.55,1.0,41.0,0.717776259765625,True,CALL,2026-02-13,ANET
ANET260213C00120000,120.0,30.88,28.1,31.25,1.0,12.0,0.7841818457031251,True,CALL,2026-02-13,ANET
ANET260213C00122000,122.0,12.8,26.3,29.3,,5.0,0.7624535473632813,True,CALL,2026-02-13,ANET
ANET260213C00123000,123.0,24.62,25.4,28.0,2.0,5.0,0.719729365234375,True,CALL,2026-02-13,ANET
ANET260213C00124000,124.0,10.79,25.1,26.9,60.0,33.0,0.7509790527343749,True,CALL,2026-02-13,ANET
ANET260213C00125000,125.0,21.5,23.6,26.6,11.0,35.0,0.743166630859375,True,CALL,2026-02-13,ANET
ANET260213C00126000,126.0,20.6,22.75,25.3,1.0,14.0,0.7065459033203125,True,CALL,2026-02-13,ANET
ANET260213C00127000,127.0,22.23,21.9,24.6,16.0,34.0,0.7172879833984375,True,CALL,2026-02-13,ANET
ANET260213C00128000,128.0,20.52,21.05,23.5,2.0,52.0,0.6960479614257813,True,CALL,2026-02-13,ANET
ANET260213C00129000,129.0,20.39,20.2,22.65,2.0,12.0,0.692385888671875,True,CALL,2026-02-13,ANET
ANET260213C00130000,130.0,19.0,19.85,21.5,11.0,127.0,0.7004424487304688,True,CALL,2026-02-13,ANET
ANET260213C00131000,131.0,20.9,18.55,21.45,19.0,33.0,0.7150907397460937,True,CALL,2026-02-13,ANET
ANET260213C00132000,132.0,19.14,17.65,19.85,10.0,109.0,0.657229990234375,True,CALL,2026-02-13,ANET
ANET260213C00133000,133.0,18.35,17.7,19.1,1.0,22.0,0.7069121105957032,True,CALL,2026-02-13,ANET
ANET260213C00134000,134.0,16.37,16.8,18.15,3.0,81.0,0.6870148486328126,True,CALL,2026-02-13,ANET
ANET260213C00135000,135.0,16.9,16.35,17.55,1.0,135.0,0.70898728515625,True,CALL,2026-02-13,ANET
ANET260213C00136000,136.0,16.15,15.45,16.85,1.0,36.0,0.6999541723632813,True,CALL,2026-02-13,ANET
ANET260213C00137000,137.0,15.2,14.4,16.75,5.0,39.0,0.7116728051757812,True,CALL,2026-02-13,ANET
ANET260213C00138000,138.0,13.33,14.6,15.4,2.0,14.0,0.7209500561523439,True,CALL,2026-02-13,ANET
ANET260213C00139000,139.0,13.6,13.85,14.55,4.0,28.0,0.7075224560546876,True,CALL,2026-02-13,ANET
ANET260213C00140000,140.0,13.6,13.4,14.0,29.0,239.0,0.7199735034179688,True,CALL,2026-02-13,ANET
ANET260213C00141000,141.0,11.82,12.55,13.5,16.0,83.0,0.7150907397460937,True,CALL,2026-02-13,ANET
ANET260213C00142000,142.0,11.55,11.9,12.75,7.0,38.0,0.7065459033203125,True,CALL,2026-02-13,ANET
ANET260213C00143000,143.0,12.13,11.4,12.3,3.0,60.0,0.7158231542968749,True,CALL,2026-02-13,ANET
ANET260213C00144000,144.0,11.02,10.9,11.55,14.0,34.0,0.7106962524414062,True,CALL,2026-02-13,ANET
ANET260213C00145000,145.0,9.97,10.4,11.0,4.0,299.0,0.7125272888183594,True,CALL,2026-02-13,ANET
ANET260213C00146000,146.0,10.6,9.75,10.45,12.0,21.0,0.7066679724121094,True,CALL,2026-02-13,ANET
ANET260213C00147000,147.0,9.5,9.15,10.3,3.0,392.0,0.7176541906738281,True,CALL,2026-02-13,ANET
ANET260213C00150000,150.0,8.07,7.8,8.5,38.0,695.0,0.705203143310547,False,CALL,2026-02-13,ANET
ANET260213C00155000,155.0,5.81,5.85,6.35,2.0,809.0,0.7025176232910157,False,CALL,2026-02-13,ANET
ANET260213C00160000,160.0,4.52,4.35,4.65,34.0,690.0,0.70312796875,False,CALL,2026-02-13,ANET
ANET260213C00165000,165.0,2.82,3.15,3.4,10.0,197.0,0.7055693505859376,False,CALL,2026-02-13,ANET
ANET260213C00175000,175.0,1.96,1.33,1.83,232.0,187.0,0.6997100341796876,False,CALL,2026-02-13,ANET
ANET260213C00180000,180.0,1.24,0.95,1.61,6.0,36.0,0.7329128271484374,False,CALL,2026-02-13,ANET
ANET260213C00190000,190.0,0.59,0.12,1.02,1.0,29.0,0.7246121289062499,False,CALL,2026-02-13,ANET
ANET260213P00105000,105.0,0.22,0.18,0.24,12.0,9461.0,0.848634326171875,False,PUT,2026-02-13,ANET
ANET260213P00110000,110.0,0.32,0.29,0.48,2.0,196.0,0.8349625878906248,False,PUT,2026-02-13,ANET
ANET260213P00111000,111.0,0.58,0.0,0.42,2.0,7.0,0.7304714453125,False,PUT,2026-02-13,ANET
ANET260213P00112000,112.0,0.51,0.0,2.53,1.0,11.0,1.0388231652832034,False,PUT,2026-02-13,ANET
ANET260213P00113000,113.0,0.69,0.34,0.95,11.0,20.0,0.8598646826171875,False,PUT,2026-02-13,ANET
ANET260213P00114000,114.0,0.74,0.4,2.63,5.0,47.0,1.0390673046875003,False,PUT,2026-02-13,ANET
ANET260213P00115000,115.0,0.66,0.41,0.84,13.0,727.0,0.8095722167968749,False,PUT,2026-02-13,ANET
ANET260213P00116000,116.0,0.68,0.43,1.0,4.0,3.0,0.8125018749999999,False,PUT,2026-02-13,ANET
ANET260213P00117000,117.0,0.66,0.46,0.74,3.0,54.0,0.7587914746093751,False,PUT,2026-02-13,ANET
ANET260213P00118000,118.0,0.69,0.57,0.82,30.0,195.0,0.762697685546875,False,PUT,2026-02-13,ANET
ANET260213P00119000,119.0,0.77,0.72,0.9,12.0,39.0,0.7685570019531252,False,PUT,2026-02-13,ANET
ANET260213P00120000,120.0,0.88,0.85,0.98,12.0,205.0,0.7695335546875001,False,PUT,2026-02-13,ANET
ANET260213P00121000,121.0,0.88,0.77,1.25,1.0,38.0,0.7661156201171876,False,PUT,2026-02-13,ANET
ANET260213P00122000,122.0,1.2,0.74,1.41,1.0,41.0,0.75586181640625,False,PUT,2026-02-13,ANET
ANET260213P00123000,123.0,1.26,0.9,1.88,1.0,46.0,0.789064609375,False,PUT,2026-02-13,ANET
ANET260213P00124000,124.0,1.15,0.99,1.8,5.0,52.0,0.7653832055664063,False,PUT,2026-02-13,ANET
ANET260213P00125000,125.0,1.4,1.21,1.67,8.0,245.0,0.7482935327148439,False,PUT,2026-02-13,ANET
ANET260213P00126000,126.0,1.31,1.16,2.37,2.0,64.0,0.773439765625,False,PUT,2026-02-13,ANET
ANET260213P00127000,127.0,1.75,1.27,2.01,12.0,70.0,0.729494892578125,False,PUT,2026-02-13,ANET
ANET260213P00128000,128.0,1.78,1.6,1.93,3.0,57.0,0.7221707470703125,False,PUT,2026-02-13,ANET
ANET260213P00129000,129.0,2.1,1.62,2.07,31.0,97.0,0.7077665942382813,False,PUT,2026-02-13,ANET
ANET260213P00130000,130.0,2.35,1.97,2.41,10.0,88.0,0.7270535107421875,False,PUT,2026-02-13,ANET
ANET260213P00131000,131.0,2.18,1.69,2.79,8.0,33.0,0.7063017651367188,False,PUT,2026-02-13,ANET
ANET260213P00132000,132.0,2.79,2.08,2.8,2.0,18.0,0.7033721069335939,False,PUT,2026-02-13,ANET
ANET260213P00133000,133.0,2.62,2.56,2.82,1.0,37.0,0.7047148669433594,False,PUT,2026-02-13,ANET
ANET260213P00134000,134.0,3.47,2.84,3.1,5.0,72.0,0.7072783178710937,False,PUT,2026-02-13,ANET
ANET260213P00135000,135.0,3.55,3.05,3.3,3.0,55.0,0.700198310546875,False,PUT,2026-02-13,ANET
ANET260213P00136000,136.0,3.9,3.1,3.75,2.0,12.0,0.6962920996093751,False,PUT,2026-02-13,ANET
ANET260213P00137000,137.0,4.0,3.6,3.85,1.0,20.0,0.6960479614257813,False,PUT,2026-02-13,ANET
ANET260213P00138000,138.0,3.85,4.05,4.4,1.0,8.0,0.713015565185547,False,PUT,2026-02-13,ANET
ANET260213P00139000,139.0,4.19,4.15,4.7,2.0,6.0,0.6997100341796876,False,PUT,2026-02-13,ANET
ANET260213P00140000,140.0,4.6,4.55,4.95,46.0,71.0,0.6965362377929689,False,PUT,2026-02-13,ANET
ANET260213P00141000,141.0,5.8,5.0,5.25,1.0,24.0,0.6965362377929689,False,PUT,2026-02-13,ANET
ANET260213P00142000,142.0,5.6,5.2,5.85,4.0,11.0,0.6970245141601563,False,PUT,2026-02-13,ANET
ANET260213P00143000,143.0,5.89,5.65,6.0,3.0,3.0,0.6872589868164063,False,PUT,2026-02-13,ANET
ANET260213P00144000,144.0,7.45,6.2,6.45,14.0,69.0,0.6931183032226562,False,PUT,2026-02-13,ANET
ANET260213P00145000,145.0,6.6,6.35,6.95,2.0,28.0,0.6827424304199221,False,PUT,2026-02-13,ANET
ANET260213P00150000,150.0,9.95,8.9,9.45,3.0,36.0,0.6823762231445314,True,PUT,2026-02-13,ANET
ANET260213P00185000,185.0,61.34,35.6,38.5,,0.0,0.70312796875,True,PUT,2026-02-13,ANET
ANET260220C00105000,105.0,44.05,42.55,45.55,31.0,85.0,0.7763694238281251,True,CALL,2026-02-20,ANET
ANET260220C00110000,110.0,39.7,37.85,40.2,1.0,86.0,0.6787141503906251,True,CALL,2026-02-20,ANET
ANET260220C00115000,115.0,33.12,32.85,35.35,13.0,141.0,0.6171913281250001,True,CALL,2026-02-20,ANET
ANET260220C00120000,120.0,30.0,29.1,30.6,23.0,412.0,0.6835969140625001,True,CALL,2026-02-20,ANET
ANET260220C00122000,122.0,24.1,26.65,29.4,3.0,3.0,0.6704134521484376,True,CALL,2026-02-20,ANET
ANET260220C00123000,123.0,19.55,25.75,28.65,,2.0,0.6750520776367189,True,CALL,2026-02-20,ANET
ANET260220C00124000,124.0,10.23,24.9,27.25,,1.0,0.6369665209960937,True,CALL,2026-02-20,ANET
ANET260220C00125000,125.0,25.5,24.8,26.2,1.0,557.0,0.672122419433594,True,CALL,2026-02-20,ANET
ANET260220C00126000,126.0,16.78,23.15,25.55,2.0,18.0,0.631839619140625,True,CALL,2026-02-20,ANET
ANET260220C00127000,127.0,16.9,22.35,24.7,,20.0,0.6320837573242188,True,CALL,2026-02-20,ANET
ANET260220C00128000,128.0,24.38,21.5,23.95,1.0,27.0,0.6335485864257813,True,CALL,2026-02-20,ANET
ANET260220C00129000,129.0,18.45,20.7,23.25,4.0,11.0,0.6387975573730469,True,CALL,2026-02-20,ANET
ANET260220C00130000,130.0,21.9,20.65,21.9,5.0,1363.0,0.6472203247070312,True,CALL,2026-02-20,ANET
ANET260220C00131000,131.0,17.35,19.1,22.0,1.0,15.0,0.6511265356445313,True,CALL,2026-02-20,ANET
ANET260220C00132000,132.0,6.6,18.35,20.55,,9.0,0.6179237426757813,True,CALL,2026-02-20,ANET
ANET260220C00133000,133.0,12.15,17.6,19.9,2.0,13.0,0.6221961608886719,True,CALL,2026-02-20,ANET
ANET260220C00134000,134.0,20.22,16.8,18.95,2.0,46.0,0.6092568371582032,True,CALL,2026-02-20,ANET
ANET260220C00135000,135.0,17.73,17.45,18.2,70.0,2491.0,0.6660189648437502,True,CALL,2026-02-20,ANET
ANET260220C00136000,136.0,18.92,15.7,17.5,1.0,8.0,0.6214637463378907,True,CALL,2026-02-20,ANET
ANET260220C00137000,137.0,17.01,16.15,16.8,1.0,47.0,0.6657748266601564,True,CALL,2026-02-20,ANET
ANET260220C00138000,138.0,14.9,15.45,16.1,1.0,85.0,0.6618686157226563,True,CALL,2026-02-20,ANET
ANET260220C00139000,139.0,12.54,15.0,15.4,4.0,47.0,0.666385172119141,True,CALL,2026-02-20,ANET
ANET260220C00140000,140.0,14.52,14.2,14.75,99.0,1782.0,0.6584506811523438,True,CALL,2026-02-20,ANET
ANET260220C00141000,141.0,14.8,13.55,14.15,15.0,43.0,0.6567417138671876,True,CALL,2026-02-20,ANET
ANET260220C00142000,142.0,12.99,12.75,13.5,15.0,19.0,0.6468541174316407,True,CALL,2026-02-20,ANET
ANET260220C00145000,145.0,11.4,10.85,11.95,142.0,2887.0,0.642703768310547,True,CALL,2026-02-20,ANET
ANET260220C00150000,150.0,8.75,8.6,9.2,150.0,2197.0,0.6385534191894531,False,CALL,2026-02-20,ANET
ANET260220C00152500,152.5,6.79,7.65,8.15,15.0,59.0,0.6429479064941408,False,CALL,2026-02-20,ANET
ANET260220C00155000,155.0,6.75,6.6,7.05,82.0,1611.0,0.6356237609863282,False,CALL,2026-02-20,ANET
ANET260220C00160000,160.0,5.1,4.9,5.1,47.0,3408.0,0.6229285754394531,False,CALL,2026-02-20,ANET
ANET260220C00165000,165.0,3.2,3.3,3.85,70.0,1456.0,0.6127968408203126,False,CALL,2026-02-20,ANET
ANET260220C00170000,170.0,2.77,2.6,2.75,93.0,2983.0,0.6208534008789064,False,CALL,2026-02-20,ANET
ANET260220C00175000,175.0,2.5,1.48,2.18,271.0,242.0,0.611576149902344,False,CALL,2026-02-20,ANET
ANET260220C00180000,180.0,1.34,1.25,1.53,24.0,1547.0,0.6257361645507813,False,CALL,2026-02-20,ANET
ANET260220C00185000,185.0,0.93,0.93,1.12,1.0,55.0,0.6340368627929689,False,CALL,2026-02-20,ANET
ANET260220C00190000,190.0,0.79,0.66,0.82,2.0,26.0,0.6391637646484375,False,CALL,2026-02-20,ANET
ANET260220P00105000,105.0,0.33,0.3,0.34,19.0,723.0,0.7602563037109377,False,PUT,2026-02-20,ANET
ANET260220P00110000,110.0,0.46,0.46,0.51,76.0,2653.0,0.7290066162109375,False,PUT,2026-02-20,ANET
ANET260220P00115000,115.0,0.77,0.7,0.79,296.0,2460.0,0.70312796875,False,PUT,2026-02-20,ANET
ANET260220P00118000,118.0,0.87,0.86,1.2,1.0,57.0,0.7014190014648438,False,PUT,2026-02-20,ANET
ANET260220P00119000,119.0,1.04,0.99,1.12,1.0,12.0,0.6860382958984376,False,PUT,2026-02-20,ANET
ANET260220P00120000,120.0,1.2,1.02,1.4,138.0,1029.0,0.6918976123046876,False,PUT,2026-02-20,ANET
ANET260220P00121000,121.0,1.28,1.01,1.48,1.0,3.0,0.6772493212890626,False,PUT,2026-02-20,ANET
ANET260220P00122000,122.0,1.29,1.14,1.75,1.0,4.0,0.6867707104492189,False,PUT,2026-02-20,ANET
ANET260220P00123000,123.0,1.89,1.36,1.75,3.0,34.0,0.6813996704101564,False,PUT,2026-02-20,ANET
ANET260220P00124000,124.0,1.58,1.3,1.65,2.0,24.0,0.649417568359375,False,PUT,2026-02-20,ANET
ANET260220P00125000,125.0,1.83,1.6,2.02,46.0,1818.0,0.672122419433594,False,PUT,2026-02-20,ANET
ANET260220P00126000,126.0,2.08,1.75,2.41,22.0,42.0,0.6828644995117189,False,PUT,2026-02-20,ANET
ANET260220P00127000,127.0,2.41,1.86,2.22,10.0,77.0,0.6562534375000001,False,PUT,2026-02-20,ANET
ANET260220P00128000,128.0,1.9,1.99,2.36,31.0,50.0,0.6492954992675781,False,PUT,2026-02-20,ANET
ANET260220P00129000,129.0,2.45,2.3,2.95,2.0,44.0,0.6745638012695314,False,PUT,2026-02-20,ANET
ANET260220P00130000,130.0,2.56,2.43,2.7,99.0,698.0,0.6452672192382812,False,PUT,2026-02-20,ANET
ANET260220P00131000,131.0,3.19,2.59,2.94,5.0,551.0,0.6418492846679689,False,PUT,2026-02-20,ANET
ANET260220P00132000,132.0,3.1,2.72,3.2,2.0,26.0,0.6369665209960937,False,PUT,2026-02-20,ANET
ANET260220P00133000,133.0,3.15,2.62,3.4,41.0,56.0,0.6176796044921876,False,PUT,2026-02-20,ANET
ANET260220P00134000,134.0,3.52,3.35,3.7,8.0,14.0,0.6394079028320312,False,PUT,2026-02-20,ANET
ANET260220P00135000,135.0,3.74,3.6,3.9,118.0,1739.0,0.6336706555175782,False,PUT,2026-02-20,ANET
ANET260220P00136000,136.0,4.22,3.9,4.55,5.0,24.0,0.647464462890625,False,PUT,2026-02-20,ANET
ANET260220P00137000,137.0,4.0,4.2,5.4,3.0,225.0,0.6669955175781253,False,PUT,2026-02-20,ANET
ANET260220P00138000,138.0,5.06,4.6,5.1,15.0,146.0,0.6438023901367188,False,PUT,2026-02-20,ANET
ANET260220P00139000,139.0,4.8,5.0,5.85,4.0,11.0,0.6600375793457032,False,PUT,2026-02-20,ANET
ANET260220P00140000,140.0,5.35,5.3,5.65,25.0,203.0,0.6355016918945313,False,PUT,2026-02-20,ANET
ANET260220P00141000,141.0,5.75,5.55,5.95,4.0,130.0,0.6269568554687501,False,PUT,2026-02-20,ANET
ANET260220P00142000,142.0,7.2,5.9,6.85,1.0,20.0,0.6425816992187501,False,PUT,2026-02-20,ANET
ANET260220P00145000,145.0,7.6,7.2,7.65,22.0,152.0,0.62305064453125,False,PUT,2026-02-20,ANET
ANET260220P00150000,150.0,10.35,9.55,10.7,19.0,80.0,0.632938240966797,True,PUT,2026-02-20,ANET
ANET260220P00155000,155.0,12.14,12.2,13.15,2.0,34.0,0.6042520043945314,True,PUT,2026-02-20,ANET
ANET260220P00160000,160.0,15.46,15.35,16.75,5.0,56.0,0.6041299353027345,True,PUT,2026-02-20,ANET
ANET260220P00165000,165.0,19.09,19.15,20.35,6.0,6.0,0.6019326916503909,True,PUT,2026-02-20,ANET
ANET260220P00170000,170.0,40.51,22.7,25.4,1.0,2.0,0.6269568554687501,True,PUT,2026-02-20,ANET
ANET260227C00110000,110.0,30.8,38.0,41.15,10.0,20.0,0.7280300634765625,True,CALL,2026-02-27,ANET
ANET260227C00113000,113.0,19.2,35.2,37.6,,3.0,0.641605146484375,True,CALL,2026-02-27,ANET
ANET260227C00115000,115.0,34.91,33.5,36.45,32.0,2.0,0.7065459033203125,True,CALL,2026-02-27,ANET
ANET260227C00116000,116.0,15.05,32.45,35.0,2.0,2.0,0.6496617065429688,True,CALL,2026-02-27,ANET
ANET260227C00117000,117.0,33.95,31.55,34.05,2.0,3.0,0.6440465283203125,True,CALL,2026-02-27,ANET
ANET260227C00120000,120.0,29.5,29.1,31.55,1.0,3.0,0.6618686157226563,True,CALL,2026-02-27,ANET
ANET260227C00121000,121.0,22.78,28.0,30.75,2.0,2.0,0.6491734301757812,True,CALL,2026-02-27,ANET
ANET260227C00122000,122.0,11.25,27.2,29.55,10.0,7.0,0.6303747900390625,True,CALL,2026-02-27,ANET
ANET260227C00123000,123.0,27.66,26.3,29.3,1.0,34.0,0.659183095703125,True,CALL,2026-02-27,ANET
ANET260227C00124000,124.0,26.1,25.45,27.95,1.0,13.0,0.6291540991210938,True,CALL,2026-02-27,ANET
ANET260227C00125000,125.0,25.88,24.7,27.0,2.0,18.0,0.6254920263671876,True,CALL,2026-02-27,ANET
ANET260227C00126000,126.0,27.0,23.85,26.15,2.0,9.0,0.6208534008789064,True,CALL,2026-02-27,ANET
ANET260227C00127000,127.0,23.5,23.05,25.45,1.0,2.0,0.6250037500000001,True,CALL,2026-02-27,ANET
ANET260227C00128000,128.0,22.07,22.6,24.3,11.0,12.0,0.62305064453125,True,CALL,2026-02-27,ANET
ANET260227C00129000,129.0,19.65,21.4,23.8,50.0,55.0,0.6158485681152344,True,CALL,2026-02-27,ANET
ANET260227C00130000,130.0,19.08,20.65,23.1,11.0,46.0,0.6184120190429689,True,CALL,2026-02-27,ANET
ANET260227C00131000,131.0,20.65,19.85,22.55,1.0,5.0,0.6237830590820312,True,CALL,2026-02-27,ANET
ANET260227C00132000,132.0,20.1,18.85,21.2,18.0,34.0,0.5881388842773438,True,CALL,2026-02-27,ANET
ANET260227C00133000,133.0,16.75,18.15,22.0,1.0,8.0,0.6472203247070312,True,CALL,2026-02-27,ANET
ANET260227C00134000,134.0,13.63,17.8,19.65,5.0,14.0,0.5983926879882813,True,CALL,2026-02-27,ANET
ANET260227C00135000,135.0,19.5,16.95,19.85,3.0,24.0,0.6247596118164063,True,CALL,2026-02-27,ANET
ANET260227C00136000,136.0,17.05,17.25,18.3,2.0,6.0,0.6276892700195313,True,CALL,2026-02-27,ANET
ANET260227C00137000,137.0,14.36,16.5,18.25,1.0,3.0,0.6446568737792968,True,CALL,2026-02-27,ANET
ANET260227C00138000,138.0,18.7,14.85,16.95,1.0,10.0,0.5880168151855469,True,CALL,2026-02-27,ANET
ANET260227C00139000,139.0,17.2,15.45,16.3,1.0,3.0,0.6279334082031252,True,CALL,2026-02-27,ANET
ANET260227C00140000,140.0,14.76,15.1,15.65,1.0,77.0,0.6346472082519532,True,CALL,2026-02-27,ANET
ANET260227C00141000,141.0,14.0,14.3,15.75,1.0,9.0,0.6496617065429688,True,CALL,2026-02-27,ANET
ANET260227C00142000,142.0,14.85,13.05,14.55,1.0,13.0,0.6086464916992189,True,CALL,2026-02-27,ANET
ANET260227C00143000,143.0,12.41,13.3,14.25,3.0,3.0,0.6418492846679689,True,CALL,2026-02-27,ANET
ANET260227C00144000,144.0,12.2,11.85,13.65,1.0,20.0,0.6123085644531252,True,CALL,2026-02-27,ANET
ANET260227C00145000,145.0,12.58,12.25,13.1,7.0,66.0,0.6397741101074219,True,CALL,2026-02-27,ANET
ANET260227C00150000,150.0,9.55,9.75,10.2,19.0,80.0,0.6223182299804688,False,CALL,2026-02-27,ANET
ANET260227C00155000,155.0,6.52,7.45,8.45,3.0,75.0,0.6235389208984375,False,CALL,2026-02-27,ANET
ANET260227C00160000,160.0,5.71,5.7,6.15,11.0,84.0,0.6035195898437502,False,CALL,2026-02-27,ANET
ANET260227C00165000,165.0,4.6,4.35,4.7,5.0,645.0,0.601810622558594,False,CALL,2026-02-27,ANET
ANET260227C00170000,170.0,3.43,3.1,3.55,2.0,70.0,0.5939982006835938,False,CALL,2026-02-27,ANET
ANET260227C00175000,175.0,2.1,2.33,2.76,3.0,27.0,0.599735447998047,False,CALL,2026-02-27,ANET
ANET260227C00190000,190.0,0.7,0.2,3.05,31.0,33.0,0.6799348413085939,False,CALL,2026-02-27,ANET
ANET260227P00105000,105.0,0.38,0.0,0.5,3.0,72.0,0.637698935546875,False,PUT,2026-02-27,ANET
ANET260227P00110000,110.0,0.7,0.42,0.82,12.0,17.0,0.6718782812500002,False,PUT,2026-02-27,ANET
ANET260227P00111000,111.0,1.03,0.0,2.74,1.0,9.0,0.7939473730468749,False,PUT,2026-02-27,ANET
ANET260227P00112000,112.0,1.19,0.0,2.47,1.0,8.0,0.7539087109375,False,PUT,2026-02-27,ANET
ANET260227P00113000,113.0,0.75,0.0,1.6,1.0,3.0,0.6596713720703126,False,PUT,2026-02-27,ANET
ANET260227P00115000,115.0,1.13,0.95,1.07,16.0,85.0,0.6630893066406252,False,PUT,2026-02-27,ANET
ANET260227P00116000,116.0,1.43,0.01,3.05,4.0,7.0,0.7231472998046875,False,PUT,2026-02-27,ANET
ANET260227P00117000,117.0,1.19,1.13,1.29,2.0,67.0,0.659183095703125,False,PUT,2026-02-27,ANET
ANET260227P00118000,118.0,2.38,0.55,2.64,2.0,4.0,0.694338994140625,False,PUT,2026-02-27,ANET
ANET260227P00119000,119.0,2.26,0.64,3.3,1.0,8.0,0.7216824707031251,False,PUT,2026-02-27,ANET
ANET260227P00120000,120.0,1.75,1.39,1.79,3.0,98.0,0.6562534375000001,False,PUT,2026-02-27,ANET
ANET260227P00121000,121.0,2.0,1.27,2.84,1.0,13.0,0.692385888671875,False,PUT,2026-02-27,ANET
ANET260227P00122000,122.0,1.8,1.42,2.31,1.0,9.0,0.6516148120117189,False,PUT,2026-02-27,ANET
ANET260227P00123000,123.0,1.91,1.64,2.4,1.0,40.0,0.6496617065429688,False,PUT,2026-02-27,ANET
ANET260227P00124000,124.0,2.46,1.65,3.75,1.0,6.0,0.6995879650878907,False,PUT,2026-02-27,ANET
ANET260227P00125000,125.0,2.3,1.52,2.6,5.0,58.0,0.6152382226562501,False,PUT,2026-02-27,ANET
ANET260227P00126000,126.0,2.7,2.21,2.92,7.0,27.0,0.6457554956054687,False,PUT,2026-02-27,ANET
ANET260227P00127000,127.0,3.02,2.18,2.81,5.0,5.0,0.6190223645019532,False,PUT,2026-02-27,ANET
ANET260227P00128000,128.0,3.35,2.44,2.86,1.0,24.0,0.6132851171875001,False,PUT,2026-02-27,ANET
ANET260227P00129000,129.0,3.25,2.69,3.55,2.0,1.0,0.6341589318847658,False,PUT,2026-02-27,ANET
ANET260227P00130000,130.0,2.98,2.95,3.3,1.0,76.0,0.6135292553710938,False,PUT,2026-02-27,ANET
ANET260227P00132000,132.0,3.1,3.55,3.8,10.0,11.0,0.6152382226562501,False,PUT,2026-02-27,ANET
ANET260227P00133000,133.0,4.5,3.55,4.15,1.0,9.0,0.6068154553222658,False,PUT,2026-02-27,ANET
ANET260227P00134000,134.0,3.99,4.0,4.35,2.0,10.0,0.6088906298828126,False,PUT,2026-02-27,ANET
ANET260227P00135000,135.0,4.58,4.35,4.6,1.0,22.0,0.6079140771484376,False,PUT,2026-02-27,ANET
ANET260227P00138000,138.0,5.39,5.25,5.7,1.0,8.0,0.6059609716796877,False,PUT,2026-02-27,ANET
ANET260227P00140000,140.0,6.4,6.0,6.35,1.0,17.0,0.601810622558594,False,PUT,2026-02-27,ANET
ANET260227P00141000,141.0,10.22,6.2,7.0,,1.0,0.6031533825683595,False,PUT,2026-02-27,ANET
ANET260227P00142000,142.0,8.1,6.4,7.3,2.0,2.0,0.5925333715820313,False,PUT,2026-02-27,ANET
ANET260227P00144000,144.0,7.63,7.55,8.25,1.0,2.0,0.6025430371093752,False,PUT,2026-02-27,ANET
ANET260227P00145000,145.0,9.41,7.85,8.95,2.0,4.0,0.6044961425781252,False,PUT,2026-02-27,ANET
ANET260306C00112000,112.0,28.67,36.35,39.4,,2.0,0.6713900048828126,True,CALL,2026-03-06,ANET
ANET260306C00130000,130.0,21.2,21.55,23.45,6.0,7.0,0.6032754516601564,True,CALL,2026-03-06,ANET
ANET260306C00132000,132.0,15.45,20.0,22.45,1.0,1.0,0.6135292553710938,True,CALL,2026-03-06,ANET
ANET260306C00134000,134.0,18.75,18.9,20.55,1.0,1.0,0.6047402807617189,True,CALL,2026-03-06,ANET
ANET260306C00137000,137.0,11.5,16.35,18.6,,1.0,0.5865519860839843,True,CALL,2026-03-06,ANET
ANET260306C00138000,138.0,12.42,15.6,17.95,1.0,0.0,0.5822795678710937,True,CALL,2026-03-06,ANET
ANET260306C00139000,139.0,11.06,15.25,17.3,,6.0,0.588993367919922,True,CALL,2026-03-06,ANET
ANET260306C00140000,140.0,15.07,15.05,16.45,6.0,25.0,0.5931437170410157,True,CALL,2026-03-06,ANET
ANET260306C00143000,143.0,16.0,13.1,15.2,1.0,6.0,0.5986368261718751,True,CALL,2026-03-06,ANET
ANET260306C00150000,150.0,10.85,10.85,11.2,176.0,29.0,0.6160927062988282,False,CALL,2026-03-06,ANET
ANET260306C00175000,175.0,2.98,2.3,3.65,47.0,66.0,0.5721478332519532,False,CALL,2026-03-06,ANET
ANET260306P00105000,105.0,0.65,0.0,2.07,51.0,50.0,0.76367423828125,False,PUT,2026-03-06,ANET
ANET260306P00110000,110.0,0.9,0.1,1.65,1.0,36.0,0.6538120556640626,False,PUT,2026-03-06,ANET
ANET260306P00112000,112.0,1.04,0.0,2.89,1.0,4.0,0.7082548706054688,False,PUT,2026-03-06,ANET
ANET260306P00115000,115.0,1.12,0.87,1.85,1.0,4.0,0.6462437719726561,False,PUT,2026-03-06,ANET
ANET260306P00118000,118.0,2.05,0.63,2.87,1.0,2.0,0.6430699755859376,False,PUT,2026-03-06,ANET
ANET260306P00120000,120.0,2.0,1.5,2.62,51.0,63.0,0.641605146484375,False,PUT,2026-03-06,ANET
ANET260306P00121000,121.0,3.86,1.52,2.78,,14.0,0.6330603100585939,False,PUT,2026-03-06,ANET
ANET260306P00123000,123.0,3.35,1.53,3.3,3.0,8.0,0.6225623681640625,False,PUT,2026-03-06,ANET
ANET260306P00125000,125.0,2.53,2.03,3.35,2.0,8.0,0.610599597167969,False,PUT,2026-03-06,ANET
ANET260306P00128000,128.0,3.45,2.85,3.7,2.0,3.0,0.6021768298339845,False,PUT,2026-03-06,ANET
ANET260306P00129000,129.0,6.15,2.66,4.55,,2.0,0.6079140771484376,False,PUT,2026-03-06,ANET
ANET260306P00130000,130.0,4.85,2.95,4.0,2.0,3.0,0.5787395642089843,False,PUT,2026-03-06,ANET
ANET260306P00135000,135.0,5.74,4.65,5.4,1.0,6.0,0.582889913330078,False,PUT,2026-03-06,ANET
ANET260306P00137000,137.0,6.37,5.5,6.5,1.0,4.0,0.599735447998047,False,PUT,2026-03-06,ANET
ANET260306P00138000,138.0,5.6,5.7,6.95,1.0,3.0,0.596683720703125,False,PUT,2026-03-06,ANET
ANET260306P00140000,140.0,7.59,6.4,7.25,9.0,19.0,0.5795940478515625,False,PUT,2026-03-06,ANET
ANET260320C00105000,105.0,43.57,43.5,46.6,2.0,905.0,0.6960479614257813,True,CALL,2026-03-20,ANET
ANET260320C00110000,110.0,40.65,39.5,41.3,2.0,2172.0,0.6626010302734376,True,CALL,2026-03-20,ANET
ANET260320C00115000,115.0,34.92,34.5,37.0,2.0,1517.0,0.6223182299804688,True,CALL,2026-03-20,ANET
ANET260320C00120000,120.0,31.8,31.0,33.0,7.0,1391.0,0.6467320483398438,True,CALL,2026-03-20,ANET
ANET260320C00125000,125.0,27.39,27.35,28.6,2.0,853.0,0.6296423754882813,True,CALL,2026-03-20,ANET
ANET260320C00130000,130.0,24.1,23.5,24.6,4.0,1238.0,0.6062051098632814,True,CALL,2026-03-20,ANET
ANET260320C00135000,135.0,20.72,20.0,21.5,9.0,1058.0,0.6046182116699221,True,CALL,2026-03-20,ANET
ANET260320C00140000,140.0,17.35,17.2,17.85,50.0,4075.0,0.5918009570312501,True,CALL,2026-03-20,ANET
ANET260320C00145000,145.0,14.6,14.45,15.2,30.0,1030.0,0.5900919897460939,True,CALL,2026-03-20,ANET
ANET260320C00150000,150.0,12.23,12.05,12.35,46.0,2452.0,0.5778240460205077,False,CALL,2026-03-20,ANET
ANET260320C00155000,155.0,9.29,9.9,10.55,5.0,993.0,0.5814250842285156,False,CALL,2026-03-20,ANET
ANET260320C00160000,160.0,8.05,8.0,8.35,103.0,1706.0,0.5686078295898438,False,CALL,2026-03-20,ANET
ANET260320C00165000,165.0,6.75,6.55,6.8,39.0,906.0,0.5687298986816407,False,CALL,2026-03-20,ANET
ANET260320C00170000,170.0,5.3,5.25,5.5,32.0,737.0,0.5668378277587891,False,CALL,2026-03-20,ANET
ANET260320C00175000,175.0,4.22,4.15,4.45,13.0,732.0,0.5654340332031251,False,CALL,2026-03-20,ANET
ANET260320C00180000,180.0,3.49,3.35,3.6,28.0,2714.0,0.5678754150390625,False,CALL,2026-03-20,ANET
ANET260320C00185000,185.0,2.76,2.47,2.86,2.0,233.0,0.5610395458984375,False,CALL,2026-03-20,ANET
ANET260320C00190000,190.0,2.31,2.06,2.84,14.0,397.0,0.5880168151855469,False,CALL,2026-03-20,ANET
ANET260320P00105000,105.0,0.86,0.89,1.03,1.0,1840.0,0.6389196264648438,False,PUT,2026-03-20,ANET
ANET260320P00110000,110.0,1.34,1.27,1.38,5.0,1102.0,0.6179237426757813,False,PUT,2026-03-20,ANET
ANET260320P00115000,115.0,1.95,1.8,2.07,41.0,3502.0,0.6103554589843752,False,PUT,2026-03-20,ANET
ANET260320P00120000,120.0,2.6,2.5,2.66,14.0,5441.0,0.5902140588378908,False,PUT,2026-03-20,ANET
ANET260320P00125000,125.0,3.5,3.4,3.55,40.0,2663.0,0.5756878369140624,False,PUT,2026-03-20,ANET
ANET260320P00130000,130.0,4.75,4.6,4.85,17.0,2963.0,0.5692181750488281,False,PUT,2026-03-20,ANET
ANET260320P00135000,135.0,6.22,6.1,6.35,4.0,1827.0,0.5607954077148438,False,PUT,2026-03-20,ANET
ANET260320P00140000,140.0,8.8,7.85,8.15,15.0,1000.0,0.5512740185546876,False,PUT,2026-03-20,ANET
ANET260320P00145000,145.0,10.11,9.95,10.4,17.0,465.0,0.5457809094238282,False,PUT,2026-03-20,ANET
ANET260320P00150000,150.0,12.8,12.55,12.8,11.0,915.0,0.5401657312011721,True,PUT,2026-03-20,ANET
ANET260320P00155000,155.0,15.6,15.3,15.7,1.0,415.0,0.5346726220703125,True,PUT,2026-03-20,ANET
ANET260320P00160000,160.0,18.55,18.55,18.9,7.0,147.0,0.5333298620605469,True,PUT,2026-03-20,ANET
ANET260320P00165000,165.0,21.9,21.65,22.8,1.0,24.0,0.5316208947753907,True,PUT,2026-03-20,ANET
ANET260320P00170000,170.0,43.0,25.55,26.45,3.0,134.0,0.5310105493164063,True,PUT,2026-03-20,ANET
ANET260320P00175000,175.0,44.23,40.5,42.3,1.0,28.0,1.094242810058594,True,PUT,2026-03-20,ANET
ANET260320P00180000,180.0,32.97,32.8,35.75,1.0,79.0,0.5357712438964843,True,PUT,2026-03-20,ANET
ANET260320P00185000,185.0,36.98,56.9,59.9,2.0,22.0,1.5332054589843749,True,PUT,2026-03-20,ANET
ANET260320P00190000,190.0,64.5,54.1,56.35,2.0,8.0,1.2113686892700195,True,PUT,2026-03-20,ANET
ANET260417C00105000,105.0,45.0,44.4,47.4,1.0,22.0,0.6398961791992188,True,CALL,2026-04-17,ANET
ANET260417C00110000,110.0,41.75,39.9,42.85,2.0,80.0,0.6113320117187502,True,CALL,2026-04-17,ANET
ANET260417C00115000,115.0,33.75,35.75,38.55,1.0,3.0,0.596683720703125,True,CALL,2026-04-17,ANET
ANET260417C00120000,120.0,33.4,31.85,34.15,1.0,74.0,0.5775188732910157,True,CALL,2026-04-17,ANET
ANET260417C00125000,125.0,28.35,27.85,29.95,2.0,338.0,0.5531050549316407,True,CALL,2026-04-17,ANET
ANET260417C00130000,130.0,24.74,24.45,26.25,1.0,803.0,0.5463912548828126,True,CALL,2026-04-17,ANET
ANET260417C00135000,135.0,23.4,21.55,23.15,104.0,404.0,0.5521895367431642,True,CALL,2026-04-17,ANET
ANET260417C00140000,140.0,17.2,18.65,19.8,15.0,402.0,0.5415084912109377,True,CALL,2026-04-17,ANET
ANET260417C00145000,145.0,16.7,16.65,17.05,19.0,593.0,0.5493209130859377,True,CALL,2026-04-17,ANET
ANET260417C00150000,150.0,14.41,14.0,14.6,20.0,738.0,0.540592973022461,False,CALL,2026-04-17,ANET
ANET260417C00155000,155.0,12.1,12.0,12.4,12.0,256.0,0.5388840057373048,False,CALL,2026-04-17,ANET
ANET260417C00160000,160.0,10.26,10.15,10.55,32.0,245.0,0.5372971075439454,False,CALL,2026-04-17,ANET
ANET260417C00165000,165.0,8.85,8.45,8.85,20.0,719.0,0.5327195166015625,False,CALL,2026-04-17,ANET
ANET260417C00170000,170.0,7.3,7.1,7.4,1.0,239.0,0.5313157220458984,False,CALL,2026-04-17,ANET
ANET260417C00175000,175.0,6.2,5.85,6.1,12.0,113.0,0.5270433038330078,False,CALL,2026-04-17,ANET
ANET260417C00180000,180.0,5.2,4.85,5.15,106.0,170.0,0.5279588220214844,False,CALL,2026-04-17,ANET
ANET260417C00185000,185.0,4.75,3.95,4.4,3.0,34.0,0.5290574438476563,False,CALL,2026-04-17,ANET
ANET260417C00190000,190.0,3.51,3.1,3.65,10.0,23.0,0.5246629565429688,False,CALL,2026-04-17,ANET
ANET260417P00105000,105.0,1.46,1.24,1.48,5.0,572.0,0.5593305786132813,False,PUT,2026-04-17,ANET
ANET260417P00110000,110.0,2.17,1.79,2.04,8.0,868.0,0.5504195349121095,False,PUT,2026-04-17,ANET
ANET260417P00115000,115.0,2.73,2.56,3.05,3.0,341.0,0.5537154003906251,False,PUT,2026-04-17,ANET
ANET260417P00120000,120.0,3.65,3.45,3.7,4.0,331.0,0.5355271057128907,False,PUT,2026-04-17,ANET
ANET260417P00125000,125.0,5.1,4.55,4.75,2.0,252.0,0.5249070947265625,False,PUT,2026-04-17,ANET
ANET260417P00130000,130.0,5.9,5.95,6.05,10.0,672.0,0.5166674310302735,False,PUT,2026-04-17,ANET
ANET260417P00135000,135.0,8.0,7.55,7.75,107.0,155.0,0.5105029418945313,False,PUT,2026-04-17,ANET
ANET260417P00140000,140.0,9.5,9.4,9.65,32.0,324.0,0.5024463818359376,False,PUT,2026-04-17,ANET
ANET260417P00145000,145.0,12.2,11.65,11.9,12.0,148.0,0.5026294854736328,False,PUT,2026-04-17,ANET
ANET260417P00150000,150.0,14.35,14.1,14.55,20.0,138.0,0.5021412091064454,True,PUT,2026-04-17,ANET
ANET260417P00155000,155.0,18.2,16.75,17.3,1.0,75.0,0.495122236328125,True,PUT,2026-04-17,ANET
ANET260417P00160000,160.0,20.45,20.0,21.35,6.0,7.0,0.5011646563720704,True,PUT,2026-04-17,ANET
ANET260417P00165000,165.0,31.06,23.35,25.55,1.0,2.0,0.5134936346435546,True,PUT,2026-04-17,ANET
ANET260515C00105000,105.0,46.0,45.8,48.35,2.0,101.0,0.6297644445800781,True,CALL,2026-05-15,ANET
ANET260515C00110000,110.0,43.9,41.55,44.05,4.0,60.0,0.6098061480712893,True,CALL,2026-05-15,ANET
ANET260515C00115000,115.0,40.75,38.6,39.7,30.0,110.0,0.6149940844726562,True,CALL,2026-05-15,ANET
ANET260515C00120000,120.0,34.35,34.4,36.55,3.0,93.0,0.6086464916992189,True,CALL,2026-05-15,ANET
ANET260515C00125000,125.0,31.75,31.7,32.3,2.0,156.0,0.6024820025634767,True,CALL,2026-05-15,ANET
ANET260515C00130000,130.0,28.05,27.45,28.9,5.0,291.0,0.5759319750976561,True,CALL,2026-05-15,ANET
ANET260515C00135000,135.0,24.55,24.15,25.8,5.0,253.0,0.5663495513916017,True,CALL,2026-05-15,ANET
ANET260515C00140000,140.0,21.0,22.0,22.85,21.0,259.0,0.571415418701172,True,CALL,2026-05-15,ANET
ANET260515C00145000,145.0,20.38,19.4,20.65,8.0,325.0,0.5735516278076171,True,CALL,2026-05-15,ANET
ANET260515C00150000,150.0,18.6,17.3,17.8,3.0,275.0,0.5662885168457032,False,CALL,2026-05-15,ANET
ANET260515C00155000,155.0,16.37,14.9,16.0,1.0,280.0,0.5642133422851563,False,CALL,2026-05-15,ANET
ANET260515C00160000,160.0,12.6,13.2,13.8,3.0,300.0,0.56055126953125,False,CALL,2026-05-15,ANET
ANET260515C00165000,165.0,11.35,11.35,11.9,1.0,102.0,0.5532271240234375,False,CALL,2026-05-15,ANET
ANET260515C00170000,170.0,10.0,9.45,10.25,1.0,132.0,0.5429733203125001,False,CALL,2026-05-15,ANET
ANET260515C00175000,175.0,8.57,8.6,9.0,6.0,80.0,0.5509078112792969,False,CALL,2026-05-15,ANET
ANET260515C00180000,180.0,7.18,7.4,7.75,43.0,219.0,0.5481002221679689,False,CALL,2026-05-15,ANET
ANET260515C00185000,185.0,6.35,6.4,6.7,16.0,66.0,0.5473678076171876,False,CALL,2026-05-15,ANET
ANET260515C00190000,190.0,5.66,5.5,5.8,3.0,116.0,0.5466353930664063,False,CALL,2026-05-15,ANET
ANET260515P00105000,105.0,2.66,2.36,2.97,8.0,316.0,0.5825237060546875,False,PUT,2026-05-15,ANET
ANET260515P00110000,110.0,3.25,3.15,3.35,1.0,553.0,0.5604292004394531,False,PUT,2026-05-15,ANET
ANET260515P00115000,115.0,4.87,4.1,4.35,2.0,383.0,0.5535933312988282,False,PUT,2026-05-15,ANET
ANET260515P00120000,120.0,6.1,5.2,5.45,235.0,466.0,0.5438888385009766,False,PUT,2026-05-15,ANET
ANET260515P00125000,125.0,6.19,6.5,6.8,1.0,1174.0,0.5357712438964843,False,PUT,2026-05-15,ANET
ANET260515P00130000,130.0,8.8,8.1,8.4,12.0,341.0,0.5300950311279298,False,PUT,2026-05-15,ANET
ANET260515P00135000,135.0,10.0,9.9,10.15,40.0,188.0,0.5225877819824218,False,PUT,2026-05-15,ANET
ANET260515P00140000,140.0,11.9,12.0,12.25,110.0,871.0,0.5182543292236328,False,PUT,2026-05-15,ANET
ANET260515P00145000,145.0,13.95,14.2,14.55,33.0,74.0,0.5109912182617188,False,PUT,2026-05-15,ANET
ANET260515P00150000,150.0,16.6,16.9,17.1,15.0,354.0,0.5081225946044923,True,PUT,2026-05-15,ANET
ANET260515P00155000,155.0,21.0,19.55,19.95,1.0,56.0,0.5017750018310547,True,PUT,2026-05-15,ANET
ANET260515P00160000,160.0,24.2,22.45,23.35,24.0,49.0,0.5008594836425782,True,PUT,2026-05-15,ANET
ANET260515P00165000,165.0,34.25,25.7,27.95,1.0,6.0,0.5180101910400392,True,PUT,2026-05-15,ANET
ANET260515P00170000,170.0,42.37,29.1,31.35,1.0,24.0,0.5124560473632812,True,PUT,2026-05-15,ANET
ANET260515P00175000,175.0,34.34,32.75,33.95,1.0,12.0,0.5116015637207032,True,PUT,2026-05-15,ANET
ANET260515P00180000,180.0,41.22,50.9,53.1,2.0,15.0,0.9743044561767578,True,PUT,2026-05-15,ANET
ANET260515P00185000,185.0,42.23,40.1,42.35,1.0,4.0,0.5285081329345704,True,PUT,2026-05-15,ANET
ANET260515P00190000,190.0,44.8,45.9,49.1,,4.0,0.5677533459472657,True,PUT,2026-05-15,ANET
ANET260618C00105000,105.0,44.89,46.95,50.1,2.0,302.0,0.6237220245361328,True,CALL,2026-06-18,ANET
ANET260618C00110000,110.0,42.75,43.05,45.8,32.0,865.0,0.606144075317383,True,CALL,2026-06-18,ANET
ANET260618C00115000,115.0,41.7,39.2,41.55,1.0,682.0,0.5860637097167969,True,CALL,2026-06-18,ANET
ANET260618C00120000,120.0,37.33,36.15,38.2,2.0,1087.0,0.5931437170410157,True,CALL,2026-06-18,ANET
ANET260618C00125000,125.0,35.0,32.8,34.9,5.0,844.0,0.5878337115478516,True,CALL,2026-06-18,ANET
ANET260618C00130000,130.0,29.0,29.35,31.0,200.0,1390.0,0.565556102294922,True,CALL,2026-06-18,ANET
ANET260618C00135000,135.0,26.76,26.5,28.25,4.0,266.0,0.5656781713867188,True,CALL,2026-06-18,ANET
ANET260618C00140000,140.0,25.0,23.5,25.1,3.0,713.0,0.5518233294677735,True,CALL,2026-06-18,ANET
ANET260618C00145000,145.0,21.8,22.0,22.5,45.0,491.0,0.5617719604492188,True,CALL,2026-06-18,ANET
ANET260618C00150000,150.0,18.96,19.05,20.05,7.0,582.0,0.5480391876220705,False,CALL,2026-06-18,ANET
ANET260618C00155000,155.0,18.39,16.65,18.0,11.0,304.0,0.5423629748535157,False,CALL,2026-06-18,ANET
ANET260618C00160000,160.0,15.1,15.35,15.85,3.0,765.0,0.5454147021484376,False,CALL,2026-06-18,ANET
ANET260618C00165000,165.0,13.25,12.95,14.25,1.0,427.0,0.536259520263672,False,CALL,2026-06-18,ANET
ANET260618C00170000,170.0,11.9,11.95,12.55,7.0,496.0,0.5404709039306643,False,CALL,2026-06-18,ANET
ANET260618C00175000,175.0,10.1,10.55,11.0,15.0,207.0,0.5370529693603516,False,CALL,2026-06-18,ANET
ANET260618C00180000,180.0,8.8,9.0,9.65,31.0,377.0,0.5300950311279298,False,CALL,2026-06-18,ANET
ANET260618C00185000,185.0,8.5,8.0,8.8,14.0,380.0,0.5348557257080078,False,CALL,2026-06-18,ANET
ANET260618C00190000,190.0,6.7,7.15,7.5,11.0,58.0,0.5314377911376953,False,CALL,2026-06-18,ANET
ANET260618P00105000,105.0,3.3,2.81,3.4,4.0,686.0,0.5330857238769531,False,PUT,2026-06-18,ANET
ANET260618P00110000,110.0,4.6,4.1,4.5,6.0,1599.0,0.5405319384765627,False,PUT,2026-06-18,ANET
ANET260618P00115000,115.0,5.25,5.15,5.55,3.0,808.0,0.5312546875,False,PUT,2026-06-18,ANET
ANET260618P00120000,120.0,7.0,6.4,6.85,1.0,1205.0,0.5242967492675781,False,PUT,2026-06-18,ANET
ANET260618P00125000,125.0,8.65,7.9,8.3,8.0,537.0,0.5177050183105469,False,PUT,2026-06-18,ANET
ANET260618P00130000,130.0,9.4,9.55,10.0,1.0,899.0,0.5112353564453125,False,PUT,2026-06-18,ANET
ANET260618P00135000,135.0,12.45,11.5,11.9,20.0,1489.0,0.5060474200439453,False,PUT,2026-06-18,ANET
ANET260618P00140000,140.0,15.05,13.6,14.25,2.0,544.0,0.5034229345703125,False,PUT,2026-06-18,ANET
ANET260618P00145000,145.0,15.3,15.6,16.65,1.0,68.0,0.5085498364257812,False,PUT,2026-06-18,ANET
ANET260618P00150000,150.0,18.27,18.5,19.1,18.0,178.0,0.500005,True,PUT,2026-06-18,ANET
ANET260618P00155000,155.0,22.4,21.2,22.0,1.0,82.0,0.4981739636230469,True,PUT,2026-06-18,ANET
ANET260618P00160000,160.0,30.15,24.25,26.5,20.0,132.0,0.5038501763916017,True,PUT,2026-06-18,ANET
ANET260618P00165000,165.0,27.8,41.9,44.5,65.0,69.0,0.8977671356201171,True,PUT,2026-06-18,ANET
ANET260618P00170000,170.0,31.95,30.2,32.5,11.0,9.0,0.511021735534668,True,PUT,2026-06-18,ANET
ANET260618P00175000,175.0,40.55,33.85,36.2,2.0,6.0,0.5118457019042968,True,PUT,2026-06-18,ANET
ANET260618P00180000,180.0,46.0,37.7,39.1,1.0,12.0,0.4842580871582032,True,PUT,2026-06-18,ANET
ANET260618P00185000,185.0,45.69,44.0,46.7,4.0,8.0,0.5545088494873047,True,PUT,2026-06-18,ANET
ANET260618P00190000,190.0,46.5,48.1,50.1,4.0,8.0,0.5465133239746094,True,PUT,2026-06-18,ANET
ANET260717C00105000,105.0,45.29,48.0,50.95,1.0,0.0,0.609500975341797,True,CALL,2026-07-17,ANET
ANET260717C00110000,110.0,37.1,44.1,46.4,2.0,5.0,0.5846599151611327,True,CALL,2026-07-17,ANET
ANET260717C00115000,115.0,40.94,41.05,43.3,1.0,31.0,0.5980875152587892,True,CALL,2026-07-17,ANET
ANET260717C00120000,120.0,20.85,37.05,39.2,,1.0,0.5713543841552735,True,CALL,2026-07-17,ANET
ANET260717C00125000,125.0,34.71,34.15,36.35,2.0,103.0,0.5780071496582031,True,CALL,2026-07-17,ANET
ANET260717C00130000,130.0,31.85,31.75,32.35,3.0,177.0,0.5689130023193358,True,CALL,2026-07-17,ANET
ANET260717C00135000,135.0,30.67,27.95,29.8,6.0,14.0,0.5560957476806643,True,CALL,2026-07-17,ANET
ANET260717C00140000,140.0,25.41,25.75,26.65,1.0,54.0,0.5523726403808593,True,CALL,2026-07-17,ANET
ANET260717C00145000,145.0,24.8,23.0,24.05,135.0,141.0,0.5440719421386719,True,CALL,2026-07-17,ANET
ANET260717C00150000,150.0,21.1,20.1,21.85,5.0,70.0,0.5346726220703125,False,CALL,2026-07-17,ANET
ANET260717C00155000,155.0,16.8,18.8,19.8,3.0,26.0,0.5428207339477541,False,CALL,2026-07-17,ANET
ANET260717C00160000,160.0,17.41,16.05,17.75,2.0,70.0,0.5288438229370118,False,CALL,2026-07-17,ANET
ANET260717C00165000,165.0,14.24,14.7,15.55,1.0,115.0,0.526371923828125,False,CALL,2026-07-17,ANET
ANET260717C00170000,170.0,12.4,12.15,14.15,2.0,500.0,0.5149584637451172,False,CALL,2026-07-17,ANET
ANET260717C00175000,175.0,11.5,11.8,12.5,1.0,16.0,0.5246019219970703,False,CALL,2026-07-17,ANET
ANET260717C00180000,180.0,10.1,10.35,11.6,2.0,57.0,0.5266160620117188,False,CALL,2026-07-17,ANET
ANET260717C00185000,185.0,9.55,9.25,9.85,1.0,10.0,0.5187426055908204,False,CALL,2026-07-17,ANET
ANET260717C00190000,190.0,7.02,7.5,9.0,40.0,48.0,0.5106250109863282,False,CALL,2026-07-17,ANET
ANET260717P00105000,105.0,3.85,3.75,4.15,2.0,250.0,0.5273484765625001,False,PUT,2026-07-17,ANET
ANET260717P00110000,110.0,8.2,4.7,5.65,,209.0,0.5293626165771486,False,PUT,2026-07-17,ANET
ANET260717P00115000,115.0,6.91,5.9,6.45,2.0,7.0,0.5151415673828125,False,PUT,2026-07-17,ANET
ANET260717P00120000,120.0,7.84,7.25,7.8,4.0,97.0,0.5082446636962892,False,PUT,2026-07-17,ANET
ANET260717P00125000,125.0,9.14,8.85,9.3,2.0,19.0,0.5020191400146485,False,PUT,2026-07-17,ANET
ANET260717P00130000,130.0,10.21,10.3,11.2,1.0,42.0,0.5070239727783203,False,PUT,2026-07-17,ANET
ANET260717P00135000,135.0,13.8,12.5,14.15,4.0,52.0,0.5054981091308592,False,PUT,2026-07-17,ANET
ANET260717P00140000,140.0,15.55,14.55,15.2,2.0,11.0,0.4919484399414063,False,PUT,2026-07-17,ANET
ANET260717P00145000,145.0,17.95,17.05,17.95,1.0,8.0,0.49622085815429695,False,PUT,2026-07-17,ANET
ANET260717P00150000,150.0,18.96,19.55,20.2,1.0,8.0,0.48279325805664064,True,PUT,2026-07-17,ANET
ANET260717P00155000,155.0,23.0,22.4,24.25,1.0,18.0,0.5093432855224609,True,PUT,2026-07-17,ANET
ANET260821C00105000,105.0,34.4,49.55,52.2,2.0,15.0,0.6077920080566408,True,CALL,2026-08-21,ANET
ANET260821C00110000,110.0,44.05,45.9,48.45,1.0,15.0,0.598758895263672,True,CALL,2026-08-21,ANET
ANET260821C00115000,115.0,44.74,42.7,45.1,1.0,47.0,0.5986368261718751,True,CALL,2026-08-21,ANET
ANET260821C00120000,120.0,36.9,39.0,41.55,2.0,72.0,0.5832561206054687,True,CALL,2026-08-21,ANET
ANET260821C00125000,125.0,31.67,35.55,38.05,4.0,199.0,0.5687909332275392,True,CALL,2026-08-21,ANET
ANET260821C00130000,130.0,34.3,33.4,35.25,2.0,116.0,0.5770305969238281,True,CALL,2026-08-21,ANET
ANET260821C00140000,140.0,22.38,27.7,29.8,2.0,5.0,0.5639997213745118,True,CALL,2026-08-21,ANET
ANET260821C00150000,150.0,24.22,23.0,24.6,4.0,10.0,0.5513960876464845,False,CALL,2026-08-21,ANET
ANET260821C00155000,155.0,23.1,20.65,22.25,1.0,46.0,0.5428512512207033,False,CALL,2026-08-21,ANET
ANET260821C00160000,160.0,17.43,18.6,20.5,1.0,217.0,0.5412033184814455,False,CALL,2026-08-21,ANET
ANET260821C00165000,165.0,15.74,17.6,18.6,1.0,1.0,0.5464522894287109,False,CALL,2026-08-21,ANET
ANET260821C00170000,170.0,13.14,15.05,16.75,,1.0,0.5317429638671876,False,CALL,2026-08-21,ANET
ANET260821C00175000,175.0,14.27,14.25,15.25,16.0,56.0,0.5379074530029297,False,CALL,2026-08-21,ANET
ANET260821C00185000,185.0,8.6,10.8,12.65,2.0,6.0,0.5253343365478516,False,CALL,2026-08-21,ANET
ANET260821C00190000,190.0,5.65,10.45,11.25,,3.0,0.530400203857422,False,CALL,2026-08-21,ANET
ANET260821P00105000,105.0,7.7,4.9,5.45,4.0,8.0,0.5311936529541017,False,PUT,2026-08-21,ANET
ANET260821P00110000,110.0,11.83,5.8,6.55,,1.0,0.5188646746826171,False,PUT,2026-08-21,ANET
ANET260821P00125000,125.0,13.37,10.5,11.45,1.0,36.0,0.5103808728027344,False,PUT,2026-08-21,ANET
ANET260821P00130000,130.0,12.97,12.4,12.95,1.0,3.0,0.5003712072753908,False,PUT,2026-08-21,ANET
ANET260821P00140000,140.0,23.2,15.9,18.45,,3.0,0.5256395092773438,False,PUT,2026-08-21,ANET
ANET260821P00145000,145.0,30.6,18.8,20.0,,1.0,0.49945568908691407,False,PUT,2026-08-21,ANET
ANET260821P00160000,160.0,36.05,27.15,29.8,,5.0,0.5175219146728516,True,PUT,2026-08-21,ANET
ANET260821P00170000,170.0,40.45,33.35,35.55,2.0,1.0,0.49414568359375005,True,PUT,2026-08-21,ANET
ANET260821P00185000,185.0,52.08,44.2,46.3,2.0,1.0,0.4834646380615235,True,PUT,2026-08-21,ANET
ANET260918C00105000,105.0,41.95,50.6,53.5,10.0,152.0,0.6101113208007813,True,CALL,2026-09-18,ANET
ANET260918C00110000,110.0,49.24,46.95,49.2,5.0,76.0,0.5898478515625001,True,CALL,2026-09-18,ANET
ANET260918C00115000,115.0,46.0,43.65,46.1,1.0,345.0,0.5897257824707032,True,CALL,2026-09-18,ANET
ANET260918C00120000,120.0,41.12,40.2,42.4,1.0,128.0,0.5748333532714844,True,CALL,2026-09-18,ANET
ANET260918C00125000,125.0,39.4,37.35,39.6,2.0,825.0,0.5762981823730469,True,CALL,2026-09-18,ANET
ANET260918C00130000,130.0,35.78,34.6,36.3,2.0,209.0,0.5685773123168946,True,CALL,2026-09-18,ANET
ANET260918C00135000,135.0,33.0,31.75,33.5,5.0,226.0,0.5622602368164062,True,CALL,2026-09-18,ANET
ANET260918C00140000,140.0,30.4,29.1,30.6,1.0,512.0,0.553837469482422,True,CALL,2026-09-18,ANET
ANET260918C00145000,145.0,28.25,27.2,28.45,12.0,591.0,0.5587812677001953,True,CALL,2026-09-18,ANET
ANET260918C00150000,150.0,24.65,24.85,25.8,5.0,396.0,0.5500533276367189,False,CALL,2026-09-18,ANET
ANET260918C00155000,155.0,22.46,22.6,24.0,2.0,130.0,0.5485274639892579,False,CALL,2026-09-18,ANET
ANET260918C00160000,160.0,21.36,20.95,21.8,8.0,1059.0,0.5462081512451173,False,CALL,2026-09-18,ANET
ANET260918C00165000,165.0,17.73,18.35,19.85,6.0,94.0,0.5337265866088867,False,CALL,2026-09-18,ANET
ANET260918C00170000,170.0,17.5,17.15,18.25,8.0,141.0,0.5370529693603516,False,CALL,2026-09-18,ANET
ANET260918C00175000,175.0,15.15,15.25,16.75,2.0,277.0,0.5314377911376953,False,CALL,2026-09-18,ANET
ANET260918C00180000,180.0,14.61,14.1,15.35,21.0,755.0,0.5324753784179688,False,CALL,2026-09-18,ANET
ANET260918C00185000,185.0,6.42,13.05,14.05,1.0,59.0,0.5334519311523438,False,CALL,2026-09-18,ANET
ANET260918C00190000,190.0,11.57,12.0,12.8,10.0,279.0,0.5328415856933593,False,CALL,2026-09-18,ANET
ANET260918P00105000,105.0,9.45,5.55,5.95,2.0,166.0,0.5195360546875,False,PUT,2026-09-18,ANET
ANET260918P00110000,110.0,7.13,6.8,7.15,14.0,687.0,0.5133105310058592,False,PUT,2026-09-18,ANET
ANET260918P00115000,115.0,8.8,8.05,8.65,5.0,752.0,0.5069629382324219,False,PUT,2026-09-18,ANET
ANET260918P00120000,120.0,10.15,9.7,10.15,1.0,1126.0,0.5017750018310547,False,PUT,2026-09-18,ANET
ANET260918P00125000,125.0,12.3,11.45,11.9,1.0,337.0,0.5026294854736328,False,PUT,2026-09-18,ANET
ANET260918P00130000,130.0,14.93,13.4,13.9,10.0,1210.0,0.49927258544921876,False,PUT,2026-09-18,ANET
ANET260918P00135000,135.0,16.42,15.45,16.0,6.0,396.0,0.4941151663208009,False,PUT,2026-09-18,ANET
ANET260918P00140000,140.0,17.5,17.55,18.65,71.0,1048.0,0.49753310089111336,False,PUT,2026-09-18,ANET
ANET260918P00145000,145.0,25.25,20.0,22.05,1.0,268.0,0.5131884619140624,False,PUT,2026-09-18,ANET
ANET260918P00150000,150.0,27.85,22.65,23.45,84.0,161.0,0.48175567077636716,True,PUT,2026-09-18,ANET
ANET260918P00155000,155.0,33.27,25.45,26.4,50.0,51.0,0.48053497985839844,True,PUT,2026-09-18,ANET
ANET260918P00160000,160.0,28.95,28.55,29.45,10.0,35.0,0.47803256347656253,True,PUT,2026-09-18,ANET
ANET260918P00165000,165.0,37.68,31.4,32.9,100.0,277.0,0.48077911804199214,True,PUT,2026-09-18,ANET
ANET260918P00170000,170.0,35.7,48.4,51.2,9.0,9.0,0.7651390673828126,True,PUT,2026-09-18,ANET
ANET260918P00175000,175.0,41.58,37.95,40.65,1.0,6.0,0.49588516815185546,True,PUT,2026-09-18,ANET
ANET260918P00180000,180.0,50.07,41.5,43.0,5.0,9.0,0.4659782406616212,True,PUT,2026-09-18,ANET
ANET260918P00185000,185.0,49.55,45.0,46.5,2.0,1.0,0.45807426696777354,True,PUT,2026-09-18,ANET
ANET260918P00190000,190.0,50.66,48.95,51.6,5.0,2.0,0.48474636352539063,True,PUT,2026-09-18,ANET
ANET261218C00105000,105.0,57.15,53.6,57.0,1.0,12.0,0.6063882135009766,True,CALL,2026-12-18,ANET
ANET261218C00110000,110.0,47.85,50.25,53.5,2.0,26.0,0.5971719970703125,True,CALL,2026-12-18,ANET
ANET261218C00115000,115.0,48.5,46.9,49.55,2.0,36.0,0.5800823242187501,True,CALL,2026-12-18,ANET
ANET261218C00120000,120.0,45.5,43.9,46.6,1.0,143.0,0.5764812860107422,True,CALL,2026-12-18,ANET
ANET261218C00125000,125.0,42.0,40.75,43.5,2.0,252.0,0.5667767932128907,True,CALL,2026-12-18,ANET
ANET261218C00130000,130.0,41.28,38.95,40.8,30.0,81.0,0.5727581787109376,True,CALL,2026-12-18,ANET
ANET261218C00135000,135.0,37.32,35.35,38.4,4.0,107.0,0.5606428213500977,True,CALL,2026-12-18,ANET
ANET261218C00140000,140.0,34.7,33.65,36.05,1.0,236.0,0.5653424813842775,True,CALL,2026-12-18,ANET
ANET261218C00145000,145.0,33.2,30.65,32.9,2.0,262.0,0.5476119458007813,True,CALL,2026-12-18,ANET
ANET261218C00150000,150.0,30.8,28.65,31.25,3.0,91.0,0.5512129840087892,False,CALL,2026-12-18,ANET
ANET261218C00155000,155.0,28.85,26.8,28.5,4.0,20.0,0.5438583212280274,False,CALL,2026-12-18,ANET
ANET261218C00160000,160.0,26.67,25.6,26.9,1.0,248.0,0.5507247076416018,False,CALL,2026-12-18,ANET
ANET261218C00165000,165.0,24.24,23.0,24.55,1.0,29.0,0.536259520263672,False,CALL,2026-12-18,ANET
ANET261218C00170000,170.0,21.2,20.6,23.4,2.0,30.0,0.5324753784179688,False,CALL,2026-12-18,ANET
ANET261218C00175000,175.0,21.28,19.7,21.65,1.0,92.0,0.5349167602539062,False,CALL,2026-12-18,ANET
ANET261218C00180000,180.0,18.8,18.1,20.35,1.0,202.0,0.5333908966064453,False,CALL,2026-12-18,ANET
ANET261218C00185000,185.0,12.6,17.15,18.45,4.0,35.0,0.5306748593139649,False,CALL,2026-12-18,ANET
ANET261218C00190000,190.0,17.3,15.15,17.8,9.0,237.0,0.528172442932129,False,CALL,2026-12-18,ANET
ANET261218P00105000,105.0,8.37,7.75,8.15,7.0,123.0,0.5058032818603515,False,PUT,2026-12-18,ANET
ANET261218P00110000,110.0,9.9,8.95,11.0,1.0,299.0,0.5156908782958984,False,PUT,2026-12-18,ANET
ANET261218P00115000,115.0,11.78,10.65,11.75,11.0,223.0,0.5005543109130859,False,PUT,2026-12-18,ANET
ANET261218P00120000,120.0,13.0,12.35,13.1,1.0,314.0,0.49872327453613285,False,PUT,2026-12-18,ANET
ANET261218P00125000,125.0,15.07,14.2,15.85,4.0,373.0,0.5116625982666017,False,PUT,2026-12-18,ANET
ANET261218P00130000,130.0,17.39,15.55,17.05,1.0,164.0,0.4882253326416016,False,PUT,2026-12-18,ANET
ANET261218P00135000,135.0,20.21,18.55,20.85,60.0,80.0,0.514653291015625,False,PUT,2026-12-18,ANET
ANET261218P00140000,140.0,21.33,20.6,22.75,7.0,63.0,0.5001270690917969,False,PUT,2026-12-18,ANET
ANET261218P00145000,145.0,24.1,23.5,24.45,119.0,124.0,0.47983308258056634,False,PUT,2026-12-18,ANET
ANET261218P00150000,150.0,26.93,26.05,27.9,2.0,19.0,0.48969016174316415,True,PUT,2026-12-18,ANET
ANET261218P00155000,155.0,34.2,28.2,30.35,1.0,6.0,0.47864290893554684,True,PUT,2026-12-18,ANET
ANET261218P00160000,160.0,32.24,31.1,33.1,4.0,39.0,0.4707694525146484,True,PUT,2026-12-18,ANET
ANET261218P00165000,165.0,48.8,34.3,37.2,,0.0,0.48480739807128903,True,PUT,2026-12-18,ANET
ANET261218P00170000,170.0,52.75,37.4,40.0,1.0,1.0,0.4733634207153321,True,PUT,2026-12-18,ANET
ANET261218P00180000,180.0,44.17,44.35,46.0,1.0,3.0,0.45108581146240234,True,PUT,2026-12-18,ANET
ANET261218P00185000,185.0,47.7,47.8,50.8,5.0,1.0,0.4700675552368164,True,PUT,2026-12-18,ANET
ANET270115C00105000,105.0,55.7,54.55,56.85,1.0,307.0,0.5919840606689455,True,CALL,2027-01-15,ANET
ANET270115C00107500,107.5,54.0,53.9,56.0,1.0,134.0,0.611179425354004,True,CALL,2027-01-15,ANET
ANET270115C00110000,110.0,52.11,51.0,53.5,2.0,1093.0,0.581882843322754,True,CALL,2027-01-15,ANET
ANET270115C00112500,112.5,50.99,49.6,52.0,1.0,92.0,0.5823406024169921,True,CALL,2027-01-15,ANET
ANET270115C00115000,115.0,51.0,47.8,50.45,1.0,183.0,0.5768474932861327,True,CALL,2027-01-15,ANET
ANET270115C00117500,117.5,49.0,46.3,49.0,1.0,158.0,0.5751995605468749,True,CALL,2027-01-15,ANET
ANET270115C00120000,120.0,46.4,45.0,47.95,48.0,683.0,0.5792888751220704,True,CALL,2027-01-15,ANET
ANET270115C00122500,122.5,44.7,43.3,46.0,1.0,507.0,0.5687909332275392,True,CALL,2027-01-15,ANET
ANET270115C00125000,125.0,42.15,41.85,44.55,12.0,774.0,0.5657392059326172,True,CALL,2027-01-15,ANET
ANET270115C00127500,127.5,41.55,40.45,42.8,2.0,292.0,0.559574716796875,True,CALL,2027-01-15,ANET
ANET270115C00130000,130.0,39.0,40.0,41.15,18.0,1648.0,0.5632367895507813,True,CALL,2027-01-15,ANET
ANET270115C00135000,135.0,39.05,36.5,38.8,9.0,1353.0,0.5525862612915039,True,CALL,2027-01-15,ANET
ANET270115C00140000,140.0,34.62,34.5,37.05,4.0,1352.0,0.5594526477050781,True,CALL,2027-01-15,ANET
ANET270115C00145000,145.0,33.5,32.95,33.7,12.0,3348.0,0.5533186758422851,True,CALL,2027-01-15,ANET
ANET270115C00150000,150.0,30.4,29.6,32.4,2.0,1467.0,0.547428842163086,False,CALL,2027-01-15,ANET
ANET270115C00155000,155.0,28.55,28.0,30.2,5.0,449.0,0.5470931521606447,False,CALL,2027-01-15,ANET
ANET270115C00160000,160.0,26.9,26.4,27.55,19.0,1396.0,0.5408981457519533,False,CALL,2027-01-15,ANET
ANET270115C00165000,165.0,24.38,24.6,26.05,11.0,118.0,0.5411422839355471,False,CALL,2027-01-15,ANET
ANET270115C00170000,170.0,23.18,22.35,24.4,40.0,409.0,0.534459001159668,False,CALL,2027-01-15,ANET
ANET270115C00175000,175.0,20.82,21.35,22.3,105.0,1738.0,0.5329636547851562,False,CALL,2027-01-15,ANET
ANET270115C00180000,180.0,20.55,19.25,20.9,3.0,1405.0,0.5264329583740235,False,CALL,2027-01-15,ANET
ANET270115C00185000,185.0,19.25,17.7,19.45,31.0,343.0,0.5226488165283203,False,CALL,2027-01-15,ANET
ANET270115C00190000,190.0,17.05,16.8,17.95,1.0,2635.0,0.5225877819824218,False,CALL,2027-01-15,ANET
ANET270115P00105000,105.0,8.5,8.2,8.75,6.0,313.0,0.5069629382324219,False,PUT,2027-01-15,ANET
ANET270115P00107500,107.5,13.55,8.85,9.5,1.0,222.0,0.5047046600341796,False,PUT,2027-01-15,ANET
ANET270115P00110000,110.0,9.66,9.65,10.15,1.0,883.0,0.49908948181152346,False,PUT,2027-01-15,ANET
ANET270115P00112500,112.5,11.2,9.95,11.15,1.0,370.0,0.5012256909179689,False,PUT,2027-01-15,ANET
ANET270115P00115000,115.0,12.34,10.65,11.95,10.0,838.0,0.49762465270996104,False,PUT,2027-01-15,ANET
ANET270115P00117500,117.5,14.78,12.15,12.7,52.0,426.0,0.49216206085205083,False,PUT,2027-01-15,ANET
ANET270115P00120000,120.0,13.97,12.1,14.15,3.0,515.0,0.5012867254638673,False,PUT,2027-01-15,ANET
ANET270115P00122500,122.5,14.25,13.15,14.7,1.0,237.0,0.49005636901855476,False,PUT,2027-01-15,ANET
ANET270115P00125000,125.0,15.55,14.35,15.7,2.0,367.0,0.48779809082031256,False,PUT,2027-01-15,ANET
ANET270115P00127500,127.5,16.2,15.8,17.65,1.0,136.0,0.5039112109375,False,PUT,2027-01-15,ANET
ANET270115P00130000,130.0,16.69,16.9,17.6,1.0,622.0,0.47922273712158203,False,PUT,2027-01-15,ANET
ANET270115P00135000,135.0,19.75,18.8,21.15,5.0,753.0,0.49945568908691407,False,PUT,2027-01-15,ANET
ANET270115P00140000,140.0,21.9,21.45,22.65,1.0,585.0,0.4780020462036133,False,PUT,2027-01-15,ANET
ANET270115P00145000,145.0,24.65,23.05,25.0,2.0,79.0,0.47018962432861333,False,PUT,2027-01-15,ANET
ANET270115P00150000,150.0,26.38,26.0,28.75,1.0,44.0,0.48474636352539063,True,PUT,2027-01-15,ANET
ANET270115P00155000,155.0,30.25,29.6,31.6,1.0,71.0,0.48090118713378904,True,PUT,2027-01-15,ANET
ANET270115P00160000,160.0,33.3,32.35,34.6,10.0,158.0,0.47748325256347657,True,PUT,2027-01-15,ANET
ANET270115P00165000,165.0,36.25,35.15,38.0,1.0,50.0,0.4788565298461914,True,PUT,2027-01-15,ANET
ANET270115P00170000,170.0,39.45,38.35,41.2,1.0,24.0,0.4747977325439453,True,PUT,2027-01-15,ANET
ANET270115P00175000,175.0,49.13,42.0,43.25,42.0,30.0,0.4488885678100586,True,PUT,2027-01-15,ANET
ANET270115P00180000,180.0,48.3,45.35,47.35,1.0,13.0,0.4565178860473633,True,PUT,2027-01-15,ANET
ANET270115P00185000,185.0,48.11,48.95,51.25,2.0,17.0,0.4590203024291992,True,PUT,2027-01-15,ANET
ANET270115P00190000,190.0,60.81,51.8,53.75,22.0,11.0,0.43445389770507814,True,PUT,2027-01-15,ANET
ANET270617C00105000,105.0,60.41,58.5,62.5,1.0,5.0,0.5942118215942384,True,CALL,2027-06-17,ANET
ANET270617C00110000,110.0,58.2,55.5,59.5,1.0,21.0,0.5889323333740235,True,CALL,2027-06-17,ANET
ANET270617C00115000,115.0,50.1,52.5,56.5,10.0,10.0,0.5817302569580078,True,CALL,2027-06-17,ANET
ANET270617C00120000,120.0,53.33,49.5,52.5,1.0,11.0,0.5640302386474609,True,CALL,2027-06-17,ANET
ANET270617C00125000,125.0,48.5,47.0,50.0,1.0,3.0,0.5626874786376954,True,CALL,2027-06-17,ANET
ANET270617C00130000,130.0,38.96,44.0,47.6,43.0,34.0,0.5561567822265626,True,CALL,2027-06-17,ANET
ANET270617C00135000,135.0,37.85,41.5,45.1,3.0,5.0,0.5513350531005861,True,CALL,2027-06-17,ANET
ANET270617C00140000,140.0,41.75,40.75,42.75,1.0,42.0,0.5599104067993165,True,CALL,2027-06-17,ANET
ANET270617C00145000,145.0,37.97,37.0,40.5,2.0,24.0,0.5442550457763673,True,CALL,2027-06-17,ANET
ANET270617C00150000,150.0,37.2,35.0,38.85,1.0,16.0,0.54532315032959,False,CALL,2027-06-17,ANET
ANET270617C00155000,155.0,33.3,34.25,36.5,4.0,6.0,0.5489852230834963,False,CALL,2027-06-17,ANET
ANET270617C00170000,170.0,28.16,27.5,30.9,1.0,10.0,0.5298203756713868,False,CALL,2027-06-17,ANET
ANET270617C00175000,175.0,22.36,25.5,28.75,1.0,1.0,0.520939849243164,False,CALL,2027-06-17,ANET
ANET270617C00185000,185.0,15.0,23.75,25.2,,5.0,0.5214281256103515,False,CALL,2027-06-17,ANET
ANET270617C00190000,190.0,22.4,21.75,24.5,1.0,7.0,0.5197496755981444,False,CALL,2027-06-17,ANET
ANET270617P00110000,110.0,14.32,11.5,13.6,,2.0,0.4867605035400391,False,PUT,2027-06-17,ANET
ANET270617P00115000,115.0,17.47,14.25,16.15,106.0,53.0,0.4951832708740235,False,PUT,2027-06-17,ANET
ANET270617P00140000,140.0,29.35,25.3,27.45,2.0,3.0,0.47290566162109376,False,PUT,2027-06-17,ANET
ANET270617P00150000,150.0,35.15,29.5,32.25,20.0,10.0,0.4563500410461426,True,PUT,2027-06-17,ANET
ANET270617P00155000,155.0,38.15,32.35,35.25,2.0,1.0,0.4546258151245117,True,PUT,2027-06-17,ANET
ANET270617P00175000,175.0,51.7,44.35,48.45,10.0,5.0,0.4497430514526367,True,PUT,2027-06-17,ANET
ANET270617P00190000,190.0,62.8,55.3,57.25,2.0,1.0,0.4154111193847656,True,PUT,2027-06-17,ANET
ANET280121C00105000,105.0,57.13,64.0,67.5,2.0,137.0,0.585941640625,True,CALL,2028-01-21,ANET
ANET280121C00110000,110.0,61.74,61.0,64.4,2.0,157.0,0.5764202514648438,True,CALL,2028-01-21,ANET
ANET280121C00115000,115.0,59.35,58.5,61.9,2.0,41.0,0.5745281805419922,True,CALL,2028-01-21,ANET
ANET280121C00120000,120.0,59.0,55.5,58.9,1.0,117.0,0.5636640313720704,True,CALL,2028-01-21,ANET
ANET280121C00125000,125.0,54.5,53.0,56.4,2.0,349.0,0.5592695440673829,True,CALL,2028-01-21,ANET
ANET280121C00130000,130.0,53.0,50.5,53.95,1.0,228.0,0.554112124938965,True,CALL,2028-01-21,ANET
ANET280121C00135000,135.0,48.55,48.0,51.3,5.0,80.0,0.5465743585205078,True,CALL,2028-01-21,ANET
ANET280121C00140000,140.0,46.9,47.4,48.55,7.0,142.0,0.5501448794555664,True,CALL,2028-01-21,ANET
ANET280121C00145000,145.0,45.5,43.5,46.9,3.0,177.0,0.5380600393676759,True,CALL,2028-01-21,ANET
ANET280121C00150000,150.0,41.8,43.05,44.4,3.0,332.0,0.5419967675781252,False,CALL,2028-01-21,ANET
ANET280121C00155000,155.0,41.15,39.5,42.55,37.0,2334.0,0.5293320993041993,False,CALL,2028-01-21,ANET
ANET280121C00160000,160.0,40.25,38.25,40.3,7.0,180.0,0.5278672702026368,False,CALL,2028-01-21,ANET
ANET280121C00165000,165.0,38.7,36.0,39.7,1.0,130.0,0.5295152029418947,False,CALL,2028-01-21,ANET
ANET280121C00170000,170.0,35.55,35.3,37.0,41.0,301.0,0.5269212347412109,False,CALL,2028-01-21,ANET
ANET280121C00175000,175.0,34.15,34.1,35.45,5.0,110.0,0.5274552870178224,False,CALL,2028-01-21,ANET
ANET280121C00180000,180.0,32.75,31.05,34.6,4.0,57.0,0.5202989865112304,False,CALL,2028-01-21,ANET
ANET280121C00185000,185.0,32.24,29.55,32.2,1.0,28.0,0.5124407887268065,False,CALL,2028-01-21,ANET
ANET280121C00190000,190.0,21.0,28.0,31.65,2.0,84.0,0.5146838082885742,False,CALL,2028-01-21,ANET
ANET280121P00105000,105.0,15.75,13.85,15.65,1.0,297.0,0.47687290710449215,False,PUT,2028-01-21,ANET
ANET280121P00110000,110.0,16.0,16.1,17.1,1.0,383.0,0.4645439288330079,False,PUT,2028-01-21,ANET
ANET280121P00115000,115.0,22.9,16.7,19.0,43.0,67.0,0.45831840515136724,False,PUT,2028-01-21,ANET
ANET280121P00120000,120.0,20.3,20.1,21.1,9.0,176.0,0.4536492623901367,False,PUT,2028-01-21,ANET
ANET280121P00125000,125.0,22.96,22.3,24.7,2.0,27.0,0.4689384161376954,False,PUT,2028-01-21,ANET
ANET280121P00130000,130.0,28.29,23.55,25.3,1.0,602.0,0.4400995932006836,False,PUT,2028-01-21,ANET
ANET280121P00135000,135.0,28.0,25.65,27.75,1.0,163.0,0.4361628649902344,False,PUT,2028-01-21,ANET
ANET280121P00140000,140.0,30.11,28.0,30.35,2.0,226.0,0.43285174087524414,False,PUT,2028-01-21,ANET
ANET280121P00145000,145.0,32.4,31.0,33.85,2.0,408.0,0.43968761001586915,False,PUT,2028-01-21,ANET
ANET280121P00150000,150.0,36.47,34.95,37.5,2.0,168.0,0.44681339324951175,True,PUT,2028-01-21,ANET
ANET280121P00155000,155.0,39.6,37.65,39.1,10.0,14.0,0.42719078674316413,True,PUT,2028-01-21,ANET
ANET280121P00160000,160.0,41.66,40.55,43.0,2.0,67.0,0.4348811395263672,True,PUT,2028-01-21,ANET
ANET280121P00165000,165.0,53.4,42.1,45.85,3.0,20.0,0.4285945812988281,True,PUT,2028-01-21,ANET
ANET280121P00170000,170.0,46.5,46.75,48.25,10.0,33.0,0.41592991302490234,True,PUT,2028-01-21,ANET
ANET280121P00175000,175.0,61.0,49.9,52.5,10.0,17.0,0.42447474945068364,True,PUT,2028-01-21,ANET
ANET280121P00180000,180.0,52.65,52.15,55.25,1.0,7.0,0.414068359375,True,PUT,2028-01-21,ANET
ANET280121P00185000,185.0,63.12,55.5,59.5,22.0,11.0,0.42069060760498045,True,PUT,2028-01-21,ANET
ANET280121P00190000,190.0,71.2,58.5,63.0,2.0,3.0,0.4174557766723632,True,PUT,2028-01-21,ANET
APA260130C00020000,20.0,7.34,6.15,8.85,1.0,5.0,4.152348559570314,True,CALL,2026-01-30,APA
APA260130C00022000,22.0,3.75,4.35,6.15,1.0,2.0,2.6562533593750004,True,CALL,2026-01-30,APA
APA260130C00022500,22.5,3.63,3.9,5.65,1.0,1.0,2.50000375,True,CALL,2026-01-30,APA
APA260130C00023000,23.0,3.24,3.4,5.15,1.0,20.0,2.28906677734375,True,CALL,2026-01-30,APA
APA260130C00023500,23.5,3.5,2.88,3.95,1.0,1.0,1.1328168359375002,True,CALL,2026-01-30,APA
APA260130C00024000,24.0,3.4,2.45,3.4,2.0,97.0,1.0312548437500002,True,CALL,2026-01-30,APA
APA260130C00024500,24.5,2.58,2.01,2.74,30.0,106.0,0.6250037500000001,True,CALL,2026-01-30,APA
APA260130C00025000,25.0,2.15,1.74,2.2,166.0,432.0,0.8554701953125,True,CALL,2026-01-30,APA
APA260130C00025500,25.5,1.66,1.23,1.79,58.0,326.0,0.7695335546875001,True,CALL,2026-01-30,APA
APA260130C00026000,26.0,1.04,0.94,1.16,479.0,2202.0,0.6445348046875,True,CALL,2026-01-30,APA
APA260130C00026500,26.5,0.65,0.5,0.7,616.0,3655.0,0.6289099609375001,True,CALL,2026-01-30,APA
APA260130C00027000,27.0,0.26,0.27,0.56,242.0,617.0,0.6035195898437502,False,CALL,2026-01-30,APA
APA260130C00027500,27.5,0.13,0.1,0.2,73.0,679.0,0.5585981640625001,False,CALL,2026-01-30,APA
APA260130C00028000,28.0,0.07,0.04,0.11,61.0,436.0,0.51562984375,False,CALL,2026-01-30,APA
APA260130C00028500,28.5,0.07,0.02,0.07,32.0,222.0,0.57812921875,False,CALL,2026-01-30,APA
APA260130C00029000,29.0,0.03,0.0,0.04,12.0,41.0,0.5937540625000001,False,CALL,2026-01-30,APA
APA260130C00029500,29.5,0.02,0.01,0.05,14.0,59.0,0.7500025,False,CALL,2026-01-30,APA
APA260130C00030000,30.0,0.02,0.0,0.05,3.0,56.0,0.8281267187499999,False,CALL,2026-01-30,APA
APA260130C00030500,30.5,0.01,0.0,0.95,1.0,36.0,2.0273486816406248,False,CALL,2026-01-30,APA
APA260130C00031000,31.0,0.05,0.0,0.95,,23.0,2.175785810546875,False,CALL,2026-01-30,APA
APA260130C00032000,32.0,0.01,0.0,0.01,11.0,42.0,0.9687503125,False,CALL,2026-01-30,APA
APA260130P00020000,20.0,0.11,0.0,2.13,1.0,6.0,5.07812865234375,False,PUT,2026-01-30,APA
APA260130P00021000,21.0,0.09,0.0,0.22,8.0,14.0,2.2031294921874993,False,PUT,2026-01-30,APA
APA260130P00021500,21.5,0.75,0.0,0.01,1.0,264.0,1.2500037499999999,False,PUT,2026-01-30,APA
APA260130P00022000,22.0,0.17,0.0,0.75,8.0,31.0,2.6328159179687503,False,PUT,2026-01-30,APA
APA260130P00022500,22.5,0.05,0.0,0.33,72.0,100.0,1.8828130859374999,False,PUT,2026-01-30,APA
APA260130P00023000,23.0,0.01,0.0,0.02,4.0,212.0,0.9687503125,False,PUT,2026-01-30,APA
APA260130P00023500,23.5,0.04,0.0,0.95,3.0,127.0,2.2031294921874993,False,PUT,2026-01-30,APA
APA260130P00024000,24.0,0.01,0.01,0.02,81.0,335.0,0.7812521875,False,PUT,2026-01-30,APA
APA260130P00024500,24.5,0.01,0.01,0.03,143.0,411.0,0.70312796875,False,PUT,2026-01-30,APA
APA260130P00025000,25.0,0.02,0.02,0.04,91.0,1203.0,0.6250037500000001,False,PUT,2026-01-30,APA
APA260130P00025500,25.5,0.04,0.02,0.08,46.0,266.0,0.5468795312500001,False,PUT,2026-01-30,APA
APA260130P00026000,26.0,0.1,0.06,0.13,221.0,814.0,0.55273884765625,False,PUT,2026-01-30,APA
APA260130P00026500,26.5,0.2,0.11,0.32,1.0,39.0,0.6093789062500001,False,PUT,2026-01-30,APA
APA260130P00027000,27.0,0.37,0.3,0.54,26.0,175.0,0.5898478515625001,True,PUT,2026-01-30,APA
APA260130P00027500,27.5,0.61,0.75,1.25,3.0,4.0,0.789064609375,True,PUT,2026-01-30,APA
APA260130P00028000,28.0,1.14,1.04,1.59,1.0,6.0,0.7148466015625,True,PUT,2026-01-30,APA
APA260130P00028500,28.5,2.69,0.71,2.26,4.0,2.0,1.5664084179687499,True,PUT,2026-01-30,APA
APA260130P00029000,29.0,3.1,0.91,3.45,4.0,0.0,0.70312796875,True,PUT,2026-01-30,APA
APA260130P00029500,29.5,3.4,1.85,3.2,1.0,0.0,1.8476570117187499,True,PUT,2026-01-30,APA
APA260130P00030000,30.0,3.8,1.88,4.1,1.0,1.0,2.6074253564453125,True,PUT,2026-01-30,APA
APA260130P00031000,31.0,4.19,2.88,5.55,1.0,0.0,1.2890660546875,True,PUT,2026-01-30,APA
APA260206C00022000,22.0,3.56,4.35,6.65,2.0,2.0,1.505861845703125,True,CALL,2026-02-06,APA
APA260206C00022500,22.5,4.5,4.0,5.75,10.0,11.0,1.2793004785156248,True,CALL,2026-02-06,APA
APA260206C00023000,23.0,4.5,3.55,4.55,2.0,0.0,0.8300798242187499,True,CALL,2026-02-06,APA
APA260206C00023500,23.5,1.43,2.95,4.0,2.0,0.0,0.6445348046875,True,CALL,2026-02-06,APA
APA260206C00024000,24.0,3.1,2.58,3.4,1.0,1.0,0.585941640625,True,CALL,2026-02-06,APA
APA260206C00024500,24.5,1.23,2.05,3.25,1.0,13.0,0.6718782812500002,True,CALL,2026-02-06,APA
APA260206C00025000,25.0,2.0,1.8,2.5,9.0,677.0,0.57617611328125,True,CALL,2026-02-06,APA
APA260206C00025500,25.5,0.94,1.55,2.03,5.0,112.0,0.5839885351562499,True,CALL,2026-02-06,APA
APA260206C00026000,26.0,1.4,1.21,1.31,34.0,85.0,0.48633326171875,True,CALL,2026-02-06,APA
APA260206C00026500,26.5,1.02,0.87,0.98,16.0,438.0,0.4687553125,True,CALL,2026-02-06,APA
APA260206C00027000,27.0,0.74,0.66,0.8,337.0,2355.0,0.5136767382812499,False,CALL,2026-02-06,APA
APA260206C00027500,27.5,0.5,0.45,0.52,55.0,113.0,0.4687553125,False,CALL,2026-02-06,APA
APA260206C00028000,28.0,0.35,0.32,0.4,129.0,551.0,0.49414568359375005,False,CALL,2026-02-06,APA
APA260206C00028500,28.5,0.26,0.21,0.29,27.0,73.0,0.5048877636718749,False,CALL,2026-02-06,APA
APA260206C00029000,29.0,0.2,0.14,0.2,11.0,106.0,0.507817421875,False,CALL,2026-02-06,APA
APA260206C00029500,29.5,0.13,0.12,0.18,560.0,108.0,0.5273484765625001,False,CALL,2026-02-06,APA
APA260206C00030000,30.0,0.12,0.06,0.15,2.0,11.0,0.5351608984375,False,CALL,2026-02-06,APA
APA260206C00030500,30.5,0.05,0.04,0.17,2.0,1200.0,0.5918009570312501,False,CALL,2026-02-06,APA
APA260206C00031000,31.0,0.07,0.01,0.12,1.0,1.0,0.57812921875,False,CALL,2026-02-06,APA
APA260206P00020000,20.0,0.05,0.0,2.13,1.0,1.0,2.394535263671875,False,PUT,2026-02-06,APA
APA260206P00020500,20.5,0.02,0.0,2.13,,24.0,2.263676215820312,False,PUT,2026-02-06,APA
APA260206P00021000,21.0,0.01,0.0,2.13,35.0,70.0,2.1367234082031246,False,PUT,2026-02-06,APA
APA260206P00021500,21.5,0.05,0.0,0.5,55.0,65.0,1.18359783203125,False,PUT,2026-02-06,APA
APA260206P00022000,22.0,0.03,0.0,0.75,2.0,111.0,1.2402381738281247,False,PUT,2026-02-06,APA
APA260206P00022500,22.5,0.14,0.0,0.24,1.0,12.0,0.8164080859374999,False,PUT,2026-02-06,APA
APA260206P00023000,23.0,0.05,0.01,0.18,13.0,100.0,0.6953155468750001,False,PUT,2026-02-06,APA
APA260206P00023500,23.5,0.24,0.04,0.17,18.0,95.0,0.6367223828125,False,PUT,2026-02-06,APA
APA260206P00024000,24.0,0.1,0.07,0.15,30.0,87.0,0.5664105859375,False,PUT,2026-02-06,APA
APA260206P00024500,24.5,0.11,0.09,0.18,2.0,194.0,0.5195360546875,False,PUT,2026-02-06,APA
APA260206P00025000,25.0,0.18,0.14,0.21,21.0,335.0,0.5117236328125,False,PUT,2026-02-06,APA
APA260206P00025500,25.5,0.27,0.22,0.31,9.0,139.0,0.49805189453125004,False,PUT,2026-02-06,APA
APA260206P00026000,26.0,0.35,0.33,0.44,44.0,121.0,0.48242705078125003,False,PUT,2026-02-06,APA
APA260206P00026500,26.5,0.56,0.49,0.6,5.0,4.0,0.459966337890625,False,PUT,2026-02-06,APA
APA260206P00027000,27.0,0.76,0.71,0.89,8.0,1.0,0.48633326171875,True,PUT,2026-02-06,APA
APA260206P00027500,27.5,1.04,1.02,1.17,3.0,30.0,0.477544287109375,True,PUT,2026-02-06,APA
APA260206P00029000,29.0,3.13,1.33,2.68,1.0,1.0,0.773439765625,True,PUT,2026-02-06,APA
APA260213C00021000,21.0,4.35,5.2,7.7,1.0,0.0,1.2578162109375,True,CALL,2026-02-13,APA
APA260213C00022000,22.0,2.83,4.5,5.8,,0.0,0.851563984375,True,CALL,2026-02-13,APA
APA260213C00022500,22.5,2.34,3.9,5.35,4.0,0.0,0.7597680273437502,True,CALL,2026-02-13,APA
APA260213C00023000,23.0,3.45,2.92,5.8,1.0,0.0,0.8710950390625,True,CALL,2026-02-13,APA
APA260213C00023500,23.5,2.16,3.1,4.3,1.0,2.0,0.6816438085937502,True,CALL,2026-02-13,APA
APA260213C00024000,24.0,2.64,2.66,3.85,1.0,212.0,0.64648791015625,True,CALL,2026-02-13,APA
APA260213C00024500,24.5,1.7,1.06,4.45,1.0,42.0,0.5722699023437501,True,CALL,2026-02-13,APA
APA260213C00025000,25.0,1.54,1.91,2.65,6.0,198.0,0.5117236328125,True,CALL,2026-02-13,APA
APA260213C00025500,25.5,2.33,1.76,1.97,1.0,38.0,0.532231240234375,True,CALL,2026-02-13,APA
APA260213C00026000,26.0,1.75,1.42,1.56,3.0,49.0,0.48633326171875,True,CALL,2026-02-13,APA
APA260213C00026500,26.5,1.35,1.09,1.27,26.0,39.0,0.48340360351562506,True,CALL,2026-02-13,APA
APA260213C00027000,27.0,0.83,0.9,1.04,16.0,82.0,0.49219257812500006,False,CALL,2026-02-13,APA
APA260213C00027500,27.5,0.9,0.67,0.81,50.0,143.0,0.48438015625,False,CALL,2026-02-13,APA
APA260213C00028000,28.0,0.6,0.5,0.62,2.0,59.0,0.47852083984375,False,CALL,2026-02-13,APA
APA260213C00028500,28.5,0.22,0.39,0.49,4.0,39.0,0.48633326171875,False,CALL,2026-02-13,APA
APA260213C00029000,29.0,0.37,0.29,0.38,1.0,36.0,0.49121602539062503,False,CALL,2026-02-13,APA
APA260213C00030000,30.0,0.21,0.15,0.24,,23.0,0.5127001855468749,False,CALL,2026-02-13,APA
APA260213P00021500,21.5,0.52,0.0,0.95,,20.0,1.08984830078125,False,PUT,2026-02-13,APA
APA260213P00022000,22.0,0.07,0.01,0.14,1.0,205.0,0.6054726953125001,False,PUT,2026-02-13,APA
APA260213P00022500,22.5,0.13,0.01,0.22,5.0,133.0,0.6054726953125001,False,PUT,2026-02-13,APA
APA260213P00023000,23.0,0.25,0.01,0.27,1.0,406.0,0.57617611328125,False,PUT,2026-02-13,APA
APA260213P00023500,23.5,0.25,0.06,0.16,3.0,32.0,0.5351608984375,False,PUT,2026-02-13,APA
APA260213P00024000,24.0,0.2,0.15,0.21,23.0,128.0,0.51562984375,False,PUT,2026-02-13,APA
APA260213P00024500,24.5,0.24,0.21,0.29,53.0,400.0,0.507817421875,False,PUT,2026-02-13,APA
APA260213P00025000,25.0,0.34,0.29,0.35,139.0,333.0,0.4726615234375,False,PUT,2026-02-13,APA
APA260213P00025500,25.5,0.91,0.39,0.5,31.0,114.0,0.477544287109375,False,PUT,2026-02-13,APA
APA260213P00026000,26.0,0.97,0.53,0.69,3.0,64.0,0.48340360351562506,False,PUT,2026-02-13,APA
APA260213P00026500,26.5,1.36,0.72,0.82,2.0,6.0,0.445318046875,False,PUT,2026-02-13,APA
APA260213P00027000,27.0,1.91,0.95,1.15,83.0,85.0,0.4804739453125,True,PUT,2026-02-13,APA
APA260213P00027500,27.5,2.05,1.14,1.3,3.0,9.0,0.41797457031249996,True,PUT,2026-02-13,APA
APA260220C00020000,20.0,7.0,5.6,7.4,5.0,7.0,1.15234798828125,True,CALL,2026-02-20,APA
APA260220C00022500,22.5,3.0,4.1,4.9,31.0,77.0,0.52539537109375,True,CALL,2026-02-20,APA
APA260220C00024000,24.0,1.9,2.75,3.85,3.0,4.0,0.5644574804687501,True,CALL,2026-02-20,APA
APA260220C00024500,24.5,1.78,2.28,3.75,1.0,10.0,0.6054726953125001,True,CALL,2026-02-20,APA
APA260220C00025000,25.0,2.51,2.1,2.48,43.0,690.0,0.5195360546875,True,CALL,2026-02-20,APA
APA260220C00025500,25.5,1.87,1.93,2.13,3.0,80.0,0.5107470800781251,True,CALL,2026-02-20,APA
APA260220C00026000,26.0,1.9,1.55,1.74,11.0,398.0,0.476567734375,True,CALL,2026-02-20,APA
APA260220C00026500,26.5,1.58,1.32,1.45,2.0,65.0,0.471684970703125,True,CALL,2026-02-20,APA
APA260220C00027000,27.0,1.25,1.05,1.2,37.0,121.0,0.46973186523437505,False,CALL,2026-02-20,APA
APA260220C00027500,27.5,0.9,0.76,0.97,1095.0,4605.0,0.463872548828125,False,CALL,2026-02-20,APA
APA260220C00028000,28.0,0.65,0.66,0.79,128.0,1180.0,0.46582565429687506,False,CALL,2026-02-20,APA
APA260220C00028500,28.5,0.56,0.51,0.65,18.0,1194.0,0.4726615234375,False,CALL,2026-02-20,APA
APA260220C00029000,29.0,0.44,0.39,0.52,103.0,113.0,0.4731497998046875,False,CALL,2026-02-20,APA
APA260220C00029500,29.5,0.33,0.29,0.47,1.0,57.0,0.5019581054687501,False,CALL,2026-02-20,APA
APA260220C00030000,30.0,0.29,0.26,0.35,20.0,1444.0,0.4892629199218751,False,CALL,2026-02-20,APA
APA260220C00030500,30.5,0.12,0.17,0.4,1.0,100.0,0.559574716796875,False,CALL,2026-02-20,APA
APA260220C00031000,31.0,0.16,0.14,0.24,28.0,114.0,0.507817421875,False,CALL,2026-02-20,APA
APA260220C00031500,31.5,0.17,0.03,0.29,1.0,56.0,0.577152666015625,False,CALL,2026-02-20,APA
APA260220C00032000,32.0,0.1,0.08,0.11,40.0,21.0,0.47461462890625,False,CALL,2026-02-20,APA
APA260220C00032500,32.5,0.12,0.02,0.15,1.0,14.0,0.5449264257812501,False,CALL,2026-02-20,APA
APA260220P00020000,20.0,0.06,0.0,0.1,4.0,1172.0,0.6445348046875,False,PUT,2026-02-20,APA
APA260220P00021000,21.0,0.12,0.0,0.34,,2.0,0.7187528125,False,PUT,2026-02-20,APA
APA260220P00021500,21.5,0.12,0.01,0.16,6.0,8.0,0.5664105859375,False,PUT,2026-02-20,APA
APA260220P00022000,22.0,0.11,0.01,0.16,1.0,11.0,0.51758294921875,False,PUT,2026-02-20,APA
APA260220P00022500,22.5,0.1,0.06,0.13,117.0,2100.0,0.5214891601562499,False,PUT,2026-02-20,APA
APA260220P00023000,23.0,0.14,0.1,0.19,10.0,62.0,0.523442265625,False,PUT,2026-02-20,APA
APA260220P00023500,23.5,0.15,0.16,0.25,20.0,140.0,0.5136767382812499,False,PUT,2026-02-20,APA
APA260220P00024000,24.0,0.26,0.22,0.3,68.0,581.0,0.48828636718750007,False,PUT,2026-02-20,APA
APA260220P00024500,24.5,0.28,0.29,0.4,4.0,159.0,0.48242705078125003,False,PUT,2026-02-20,APA
APA260220P00025000,25.0,0.39,0.38,0.52,87.0,2561.0,0.47559118164062497,False,PUT,2026-02-20,APA
APA260220P00025500,25.5,0.6,0.53,0.62,93.0,122.0,0.450200810546875,False,PUT,2026-02-20,APA
APA260220P00026000,26.0,1.19,0.66,0.81,9.0,38.0,0.45117736328125,False,PUT,2026-02-20,APA
APA260220P00026500,26.5,0.99,0.84,1.0,10.0,2.0,0.43945873046875,False,PUT,2026-02-20,APA
APA260220P00027000,27.0,1.17,1.09,1.3,1.0,48.0,0.45703667968750006,True,PUT,2026-02-20,APA
APA260220P00027500,27.5,1.61,1.37,1.51,4.0,196.0,0.4282283740234375,True,PUT,2026-02-20,APA
APA260220P00030000,30.0,4.8,2.3,3.8,2.0,12.0,0.6401403173828125,True,PUT,2026-02-20,APA
APA260220P00031500,31.5,5.85,4.1,5.15,2.0,2.0,0.7041045214843751,True,PUT,2026-02-20,APA
APA260227C00023000,23.0,2.69,2.57,5.1,,1.0,0.9677737597656251,True,CALL,2026-02-27,APA
APA260227C00023500,23.5,3.07,2.18,5.6,,2.0,0.5937540625000001,True,CALL,2026-02-27,APA
APA260227C00024000,24.0,2.62,1.72,5.2,1.0,11.0,0.567387138671875,True,CALL,2026-02-27,APA
APA260227C00025000,25.0,2.69,2.48,2.77,10.0,95.0,0.5107470800781251,True,CALL,2026-02-27,APA
APA260227C00025500,25.5,1.4,2.1,2.42,2.0,36.0,0.5507857421875001,True,CALL,2026-02-27,APA
APA260227C00026000,26.0,2.05,1.9,2.06,14.0,80.0,0.526371923828125,True,CALL,2026-02-27,APA
APA260227C00026500,26.5,1.03,1.6,1.83,2.0,69.0,0.500005,True,CALL,2026-02-27,APA
APA260227C00027000,27.0,1.51,1.34,1.56,36.0,65.0,0.5283250292968751,False,CALL,2026-02-27,APA
APA260227C00027500,27.5,1.23,1.09,1.27,5.0,36.0,0.5043994873046875,False,CALL,2026-02-27,APA
APA260227C00028000,28.0,1.35,0.92,1.1,5.0,99.0,0.5117236328125,False,CALL,2026-02-27,APA
APA260227C00028500,28.5,0.83,0.77,0.94,3.0,55.0,0.514653291015625,False,CALL,2026-02-27,APA
APA260227C00029000,29.0,0.8,0.61,0.79,11.0,34.0,0.514653291015625,False,CALL,2026-02-27,APA
APA260227C00029500,29.5,0.7,0.4,0.68,5.0,14.0,0.5214891601562499,False,CALL,2026-02-27,APA
APA260227C00030000,30.0,0.5,0.4,0.58,20.0,54.0,0.526371923828125,False,CALL,2026-02-27,APA
APA260227P00021500,21.5,0.32,0.01,0.47,10.0,20.0,0.64062859375,False,PUT,2026-02-27,APA
APA260227P00022000,22.0,0.32,0.01,0.53,10.0,235.0,0.6113320117187502,False,PUT,2026-02-27,APA
APA260227P00022500,22.5,0.46,0.14,0.4,1.0,5.0,0.561527822265625,False,PUT,2026-02-27,APA
APA260227P00023000,23.0,0.31,0.24,0.69,1.0,14.0,0.6201209863281252,False,PUT,2026-02-27,APA
APA260227P00023500,23.5,0.55,0.28,0.45,5.0,15.0,0.5136767382812499,False,PUT,2026-02-27,APA
APA260227P00024000,24.0,0.51,0.37,0.53,9.0,25.0,0.5009815527343751,False,PUT,2026-02-27,APA
APA260227P00024500,24.5,0.49,0.48,0.61,2.0,13.0,0.5136767382812499,False,PUT,2026-02-27,APA
APA260227P00025000,25.0,0.65,0.47,0.75,41.0,278.0,0.506840869140625,False,PUT,2026-02-27,APA
APA260227P00026000,26.0,0.95,0.89,1.06,1.0,90.0,0.4804739453125,False,PUT,2026-02-27,APA
APA260227P00027000,27.0,1.42,1.33,1.5,2.0,0.0,0.46484910156250003,True,PUT,2026-02-27,APA
APA260306C00020000,20.0,6.5,6.3,8.9,20.0,,1.0185595947265624,True,CALL,2026-03-06,APA
APA260306C00025000,25.0,2.25,2.54,3.05,1.0,21.0,0.51758294921875,True,CALL,2026-03-06,APA
APA260306C00029500,29.5,0.45,0.58,0.82,,15.0,0.516606396484375,False,CALL,2026-03-06,APA
APA260306C00030000,30.0,0.42,0.26,1.0,15.0,15.0,0.6176796044921876,False,CALL,2026-03-06,APA
APA260306C00032000,32.0,0.18,0.22,2.41,2.0,2.0,0.87695435546875,False,CALL,2026-03-06,APA
APA260320C00020000,20.0,7.3,6.9,7.5,5.0,4072.0,0.6679720703125002,True,CALL,2026-03-20,APA
APA260320C00022500,22.5,5.25,4.95,5.25,33.0,3620.0,0.6235389208984375,True,CALL,2026-03-20,APA
APA260320C00025000,25.0,3.25,2.92,3.15,102.0,3587.0,0.508793974609375,True,CALL,2026-03-20,APA
APA260320C00027500,27.5,1.67,1.47,1.74,489.0,4012.0,0.5043994873046875,False,CALL,2026-03-20,APA
APA260320C00030000,30.0,0.87,0.74,0.9,85.0,7210.0,0.49805189453125004,False,CALL,2026-03-20,APA
APA260320C00032500,32.5,0.36,0.32,0.41,12.0,1244.0,0.48730981445312505,False,CALL,2026-03-20,APA
APA260320P00020000,20.0,0.16,0.12,0.18,91.0,3074.0,0.5410202148437502,False,PUT,2026-03-20,APA
APA260320P00022500,22.5,0.41,0.36,0.43,5.0,2494.0,0.5039112109375,False,PUT,2026-03-20,APA
APA260320P00025000,25.0,1.0,0.97,1.06,31.0,1454.0,0.477544287109375,False,PUT,2026-03-20,APA
APA260320P00027500,27.5,2.16,1.9,2.22,241.0,596.0,0.46582565429687506,True,PUT,2026-03-20,APA
APA260320P00030000,30.0,3.6,3.6,3.85,27.0,75.0,0.44482977050781247,True,PUT,2026-03-20,APA
APA260320P00032500,32.5,7.1,5.05,6.3,16.0,13.0,0.5795940478515625,True,PUT,2026-03-20,APA
APA260417C00020000,20.0,6.29,6.8,8.1,7.0,110.0,0.641605146484375,True,CALL,2026-04-17,APA
APA260417C00022500,22.5,5.2,4.85,5.55,10.0,438.0,0.5297898583984376,True,CALL,2026-04-17,APA
APA260417C00025000,25.0,3.35,3.3,3.6,20.0,733.0,0.5004932763671875,True,CALL,2026-04-17,APA
APA260417C00027500,27.5,2.11,1.92,2.25,75.0,1392.0,0.5075732836914062,False,CALL,2026-04-17,APA
APA260417C00030000,30.0,1.19,1.01,1.3,59.0,700.0,0.48828636718750007,False,CALL,2026-04-17,APA
APA260417C00032500,32.5,0.6,0.49,0.73,3.0,436.0,0.48291532714843755,False,CALL,2026-04-17,APA
APA260417P00020000,20.0,0.35,0.22,0.3,3.0,1232.0,0.5195360546875,False,PUT,2026-04-17,APA
APA260417P00022500,22.5,0.55,0.55,0.75,5.0,1860.0,0.5053760400390624,False,PUT,2026-04-17,APA
APA260417P00025000,25.0,1.25,1.17,1.39,25.0,664.0,0.45752495605468757,False,PUT,2026-04-17,APA
APA260417P00027500,27.5,2.25,2.27,2.57,10.0,325.0,0.44434149414062496,True,PUT,2026-04-17,APA
APA260417P00030000,30.0,3.88,3.85,4.15,4.0,116.0,0.42627526855468756,True,PUT,2026-04-17,APA
APA260618C00020000,20.0,7.66,7.5,7.75,8.0,696.0,0.5327195166015625,True,CALL,2026-06-18,APA
APA260618C00022500,22.5,4.98,5.4,5.9,12.0,6836.0,0.5400436621093752,True,CALL,2026-06-18,APA
APA260618C00025000,25.0,4.25,3.85,4.3,22.0,1910.0,0.5151415673828125,True,CALL,2026-06-18,APA
APA260618C00027500,27.5,2.85,2.52,2.99,69.0,6411.0,0.49268085449218757,False,CALL,2026-06-18,APA
APA260618C00030000,30.0,1.8,1.57,2.02,100.0,1569.0,0.4797415307617187,False,CALL,2026-06-18,APA
APA260618C00032500,32.5,1.29,1.07,1.33,19.0,554.0,0.47119669433593747,False,CALL,2026-06-18,APA
APA260618P00020000,20.0,0.69,0.51,0.68,1.0,2613.0,0.5063525927734375,False,PUT,2026-06-18,APA
APA260618P00022500,22.5,1.11,1.14,1.2,2.0,3224.0,0.47095255615234377,False,PUT,2026-06-18,APA
APA260618P00025000,25.0,2.32,1.94,2.05,3.0,1052.0,0.4497125341796875,False,PUT,2026-06-18,APA
APA260618P00027500,27.5,3.25,3.05,3.3,4.0,111.0,0.4409235595703125,True,PUT,2026-06-18,APA
APA260618P00030000,30.0,5.72,4.55,5.0,2.0,21.0,0.45264219238281256,True,PUT,2026-06-18,APA
APA260618P00032500,32.5,11.0,0.0,0.0,,1.0,1.0000000000000003e-05,True,PUT,2026-06-18,APA
APA260717C00020000,20.0,7.25,6.05,9.6,,2.0,0.5312546875,True,CALL,2026-07-17,APA
APA260717C00022500,22.5,3.8,5.75,6.15,2.0,18.0,0.5004932763671875,True,CALL,2026-07-17,APA
APA260717C00025000,25.0,4.48,4.1,4.6,11.0,133.0,0.5131884619140624,True,CALL,2026-07-17,APA
APA260717C00027500,27.5,3.13,2.78,3.3,45.0,290.0,0.49121602539062503,False,CALL,2026-07-17,APA
APA260717C00030000,30.0,2.13,1.93,2.38,32.0,168.0,0.4870656762695313,False,CALL,2026-07-17,APA
APA260717C00032500,32.5,1.5,1.29,1.56,45.0,138.0,0.4643608251953125,False,CALL,2026-07-17,APA
APA260717P00020000,20.0,0.86,0.62,0.97,1.0,23.0,0.5293015820312501,False,PUT,2026-07-17,APA
APA260717P00022500,22.5,1.5,1.14,1.52,75.0,153.0,0.4858449853515625,False,PUT,2026-07-17,APA
APA260717P00025000,25.0,2.68,1.96,2.5,250.0,328.0,0.4758353198242187,False,PUT,2026-07-17,APA
APA260717P00027500,27.5,3.8,3.15,3.7,10.0,39.0,0.45654840332031255,True,PUT,2026-07-17,APA
APA260717P00030000,30.0,5.95,4.75,5.25,,2.0,0.44751529052734373,True,PUT,2026-07-17,APA
APA260918C00020000,20.0,7.33,7.4,8.8,1.0,154.0,0.5048877636718749,True,CALL,2026-09-18,APA
APA260918C00022500,22.5,5.84,6.1,6.6,20.0,220.0,0.5217332983398437,True,CALL,2026-09-18,APA
APA260918C00025000,25.0,5.15,4.5,5.1,15.0,257.0,0.5009815527343751,True,CALL,2026-09-18,APA
APA260918C00027500,27.5,2.95,3.25,3.9,30.0,273.0,0.49023947265625006,False,CALL,2026-09-18,APA
APA260918C00030000,30.0,2.7,2.3,2.88,17.0,425.0,0.47485876708984376,False,CALL,2026-09-18,APA
APA260918C00032500,32.5,2.0,1.7,2.11,8.0,161.0,0.46582565429687506,False,CALL,2026-09-18,APA
APA260918P00020000,20.0,1.34,0.9,1.36,150.0,271.0,0.5236864038085938,False,PUT,2026-09-18,APA
APA260918P00022500,22.5,1.74,1.55,1.95,2.0,276.0,0.47803256347656253,False,PUT,2026-09-18,APA
APA260918P00025000,25.0,3.0,2.43,3.1,5.0,71.0,0.4819387744140625,False,PUT,2026-09-18,APA
APA260918P00027500,27.5,4.1,3.85,4.1,2.0,49.0,0.43677321044921874,True,PUT,2026-09-18,APA
APA260918P00030000,30.0,5.5,5.2,5.85,2.0,2.0,0.45337460693359377,True,PUT,2026-09-18,APA
APA261218C00020000,20.0,7.5,8.0,9.05,1.0,7.0,0.5629926513671876,True,CALL,2026-12-18,APA
APA261218C00022500,22.5,5.65,6.5,7.1,11.0,10.0,0.5007374145507812,True,CALL,2026-12-18,APA
APA261218C00025000,25.0,4.75,5.05,5.7,2.0,212.0,0.48743188354492195,True,CALL,2026-12-18,APA
APA261218C00027500,27.5,3.6,3.8,4.45,6.0,99.0,0.46973186523437505,False,CALL,2026-12-18,APA
APA261218C00030000,30.0,3.2,2.85,3.7,5.0,27.0,0.4831594653320313,False,CALL,2026-12-18,APA
APA261218C00032500,32.5,2.55,2.2,2.76,21.0,45.0,0.46094289062500005,False,CALL,2026-12-18,APA
APA261218P00020000,20.0,1.78,1.29,1.75,17.0,1209.0,0.5019581054687501,False,PUT,2026-12-18,APA
APA261218P00022500,22.5,2.82,2.02,2.72,5.0,78.0,0.499028447265625,False,PUT,2026-12-18,APA
APA261218P00025000,25.0,3.85,3.0,3.8,25.0,67.0,0.48389187988281257,False,PUT,2026-12-18,APA
APA261218P00027500,27.5,4.7,4.3,4.95,6.0,7.0,0.4563042651367188,True,PUT,2026-12-18,APA
APA270115C00020000,20.0,9.0,7.6,9.5,1.0,21316.0,0.6013223461914063,True,CALL,2027-01-15,APA
APA270115C00022500,22.5,6.8,6.65,7.25,27.0,6425.0,0.499028447265625,True,CALL,2027-01-15,APA
APA270115C00025000,25.0,5.6,5.3,5.85,18.0,2693.0,0.48438015625,True,CALL,2027-01-15,APA
APA270115C00027500,27.5,4.7,4.0,4.7,5.0,542.0,0.4758353198242187,False,CALL,2027-01-15,APA
APA270115C00030000,30.0,3.5,3.05,3.8,21.0,12213.0,0.47400428344726564,False,CALL,2027-01-15,APA
APA270115C00032500,32.5,2.35,2.28,3.0,133.0,1595.0,0.4664359997558594,False,CALL,2027-01-15,APA
APA270115P00020000,20.0,1.7,1.5,1.69,5.0,2346.0,0.4726615234375,False,PUT,2027-01-15,APA
APA270115P00022500,22.5,2.67,2.12,2.87,6.0,1032.0,0.4953663745117188,False,PUT,2027-01-15,APA
APA270115P00025000,25.0,3.75,3.1,3.95,1.0,280.0,0.47900911621093745,False,PUT,2027-01-15,APA
APA270115P00027500,27.5,4.7,4.4,5.25,3.0,828.0,0.46594772338867196,True,PUT,2027-01-15,APA
APA270115P00030000,30.0,7.1,5.9,6.75,100.0,1970.0,0.45483943603515625,True,PUT,2027-01-15,APA
APA270115P00032500,32.5,9.77,10.85,11.45,1.0,10.0,0.7048369360351563,True,PUT,2027-01-15,APA
APA280121C00020000,20.0,8.65,8.0,10.65,4.0,283.0,0.5210008837890624,True,CALL,2028-01-21,APA
APA280121C00022500,22.5,7.24,6.5,10.5,10.0,2036.0,0.6057168334960938,True,CALL,2028-01-21,APA
APA280121C00025000,25.0,6.3,5.0,8.1,1.0,562.0,0.4995167236328125,True,CALL,2028-01-21,APA
APA280121C00027500,27.5,5.49,4.0,8.5,1.0,370.0,0.5939982006835938,False,CALL,2028-01-21,APA
APA280121C00030000,30.0,4.2,3.45,5.8,8.0,137.0,0.4630180651855469,False,CALL,2028-01-21,APA
APA280121C00032500,32.5,3.89,2.5,6.15,140.0,597.0,0.5343064147949219,False,CALL,2028-01-21,APA
APA280121P00020000,20.0,3.15,2.25,4.1,1.0,200.0,0.5498091894531252,False,PUT,2028-01-21,APA
APA280121P00022500,22.5,5.26,2.0,6.5,1.0,2019.0,0.6362341064453125,False,PUT,2028-01-21,APA
APA280121P00025000,25.0,5.8,3.0,7.0,3.0,147.0,0.5568891967773439,False,PUT,2028-01-21,APA
APA280121P00027500,27.5,7.3,4.5,9.0,18.0,66.0,0.5852092260742188,True,PUT,2028-01-21,APA
APA280121P00030000,30.0,9.05,5.5,10.5,2.0,132.0,0.5698285205078125,True,PUT,2028-01-21,APA
APA281215C00020000,20.0,11.2,8.5,13.0,20.0,16.0,0.6068154553222658,True,CALL,2028-12-15,APA
APA281215C00022500,22.5,8.17,7.5,9.95,1.0,3.0,0.46533737792968755,True,CALL,2028-12-15,APA
APA281215C00025000,25.0,7.69,6.5,9.9,10.0,28.0,0.5256395092773438,True,CALL,2028-12-15,APA
APA281215C00027500,27.5,6.7,5.5,7.95,1.0,6.0,0.459966337890625,False,CALL,2028-12-15,APA
APA281215C00030000,30.0,5.63,5.6,7.15,1.0,3.0,0.4596001306152344,False,CALL,2028-12-15,APA
APA281215C00032500,32.5,5.12,4.85,6.4,,2.0,0.4567925415039063,False,CALL,2028-12-15,APA
APA281215P00020000,20.0,4.15,2.83,6.0,1.0,8.0,0.5974161352539062,False,PUT,2028-12-15,APA
APA281215P00022500,22.5,5.2,3.0,7.5,2.0,4.0,0.5959513061523438,False,PUT,2028-12-15,APA
APH260220C00105000,105.0,43.34,44.2,46.8,84.0,83.0,1.0502977172851562,True,CALL,2026-02-20,APH
APH260220C00110000,110.0,37.03,39.2,42.0,4.0,189.0,0.9572758178710936,True,CALL,2026-02-20,APH
APH260220C00115000,115.0,32.8,34.3,36.7,30.0,291.0,0.8322770678710936,True,CALL,2026-02-20,APH
APH260220C00120000,120.0,27.26,29.5,32.2,18.0,318.0,0.7785666674804688,True,CALL,2026-02-20,APH
APH260220C00125000,125.0,24.24,24.6,27.0,1.0,171.0,0.6647982739257814,True,CALL,2026-02-20,APH
APH260220C00130000,130.0,20.7,19.8,22.1,10.0,570.0,0.5762981823730469,True,CALL,2026-02-20,APH
APH260220C00135000,135.0,16.0,15.7,17.4,27.0,404.0,0.5264939929199219,True,CALL,2026-02-20,APH
APH260220C00140000,140.0,12.54,12.0,12.5,82.0,932.0,0.48633326171875,True,CALL,2026-02-20,APH
APH260220C00145000,145.0,8.7,8.5,8.8,140.0,892.0,0.44482977050781247,True,CALL,2026-02-20,APH
APH260220C00150000,150.0,5.8,5.7,6.1,554.0,1645.0,0.4368952795410156,False,CALL,2026-02-20,APH
APH260220C00155000,155.0,3.7,3.5,4.0,1010.0,1594.0,0.4290828576660156,False,CALL,2026-02-20,APH
APH260220C00160000,160.0,2.28,2.15,2.35,654.0,2304.0,0.41199318481445313,False,CALL,2026-02-20,APH
APH260220C00165000,165.0,1.34,1.1,1.3,142.0,2064.0,0.40112903564453123,False,CALL,2026-02-20,APH
APH260220C00170000,170.0,0.69,0.55,0.8,217.0,1259.0,0.4118711157226562,False,CALL,2026-02-20,APH
APH260220C00175000,175.0,0.5,0.3,0.4,236.0,2656.0,0.40430283203125,False,CALL,2026-02-20,APH
APH260220C00180000,180.0,0.25,0.2,0.35,14.0,513.0,0.4458063232421875,False,CALL,2026-02-20,APH
APH260220C00185000,185.0,0.2,0.0,0.3,1.0,556.0,0.48242705078125003,False,CALL,2026-02-20,APH
APH260220C00190000,190.0,0.1,0.05,0.2,15.0,835.0,0.49414568359375005,False,CALL,2026-02-20,APH
APH260220P00105000,105.0,0.1,0.0,0.15,5.0,1980.0,0.6132851171875001,False,PUT,2026-02-20,APH
APH260220P00110000,110.0,0.16,0.15,0.2,3.0,2587.0,0.6113320117187502,False,PUT,2026-02-20,APH
APH260220P00115000,115.0,0.24,0.1,0.5,1.0,336.0,0.585941640625,False,PUT,2026-02-20,APH
APH260220P00120000,120.0,0.33,0.25,0.4,23.0,443.0,0.5127001855468749,False,PUT,2026-02-20,APH
APH260220P00125000,125.0,0.53,0.4,0.6,55.0,1431.0,0.4958546508789063,False,PUT,2026-02-20,APH
APH260220P00130000,130.0,0.9,0.7,1.05,123.0,2262.0,0.4777884252929688,False,PUT,2026-02-20,APH
APH260220P00135000,135.0,1.3,1.2,1.4,115.0,2932.0,0.42139250488281255,False,PUT,2026-02-20,APH
APH260220P00140000,140.0,2.21,2.2,2.35,182.0,1233.0,0.4008848974609375,False,PUT,2026-02-20,APH
APH260220P00145000,145.0,3.73,3.5,3.9,484.0,1401.0,0.38843385009765624,False,PUT,2026-02-20,APH
APH260220P00150000,150.0,5.9,5.6,6.3,385.0,1565.0,0.39002074829101563,True,PUT,2026-02-20,APH
APH260220P00155000,155.0,8.0,8.3,8.9,14.0,690.0,0.35816071533203125,True,PUT,2026-02-20,APH
APH260220P00160000,160.0,12.6,11.9,13.3,11.0,415.0,0.4161435339355468,True,PUT,2026-02-20,APH
APH260220P00170000,170.0,23.7,19.2,21.8,5.0,26.0,0.42578699218750005,True,PUT,2026-02-20,APH
APH260220P00175000,175.0,12.5,24.0,26.4,2.0,3.0,0.424810439453125,True,PUT,2026-02-20,APH
APH260320C00105000,105.0,42.44,44.7,47.1,1.0,6.0,0.7546411254882812,True,CALL,2026-03-20,APH
APH260320C00110000,110.0,39.12,39.9,42.2,20.0,42.0,0.6926300268554688,True,CALL,2026-03-20,APH
APH260320C00115000,115.0,35.0,35.1,37.4,1.0,165.0,0.6350134155273439,True,CALL,2026-03-20,APH
APH260320C00120000,120.0,29.87,30.4,33.0,22.0,25.0,0.5963175134277343,True,CALL,2026-03-20,APH
APH260320C00125000,125.0,27.4,26.1,28.6,7.0,192.0,0.5650678259277344,True,CALL,2026-03-20,APH
APH260320C00130000,130.0,22.3,21.8,22.9,16.0,78.0,0.5185595019531251,True,CALL,2026-03-20,APH
APH260320C00135000,135.0,17.5,17.8,19.1,19.0,175.0,0.5009815527343751,True,CALL,2026-03-20,APH
APH260320C00140000,140.0,15.85,15.2,15.8,16.0,812.0,0.4942677526855469,True,CALL,2026-03-20,APH
APH260320C00145000,145.0,12.9,12.0,12.3,107.0,452.0,0.46191944335937507,True,CALL,2026-03-20,APH
APH260320C00150000,150.0,9.71,9.3,9.6,321.0,653.0,0.4508111560058594,False,CALL,2026-03-20,APH
APH260320C00155000,155.0,7.3,7.0,7.4,316.0,627.0,0.4449518395996094,False,CALL,2026-03-20,APH
APH260320C00160000,160.0,5.5,5.2,5.5,139.0,858.0,0.43543045043945316,False,CALL,2026-03-20,APH
APH260320C00165000,165.0,3.9,3.7,4.0,85.0,1235.0,0.4279842358398438,False,CALL,2026-03-20,APH
APH260320C00170000,170.0,2.86,2.6,3.1,103.0,3498.0,0.43677321044921874,False,CALL,2026-03-20,APH
APH260320C00175000,175.0,2.0,1.85,1.95,29.0,467.0,0.4144345666503906,False,CALL,2026-03-20,APH
APH260320C00180000,180.0,1.56,1.0,1.8,10.0,2080.0,0.44885805053710937,False,CALL,2026-03-20,APH
APH260320C00185000,185.0,1.0,0.7,1.25,9.0,1014.0,0.44385321777343745,False,CALL,2026-03-20,APH
APH260320C00190000,190.0,0.7,0.5,0.75,8.0,81.0,0.42676354492187507,False,CALL,2026-03-20,APH
APH260320P00105000,105.0,0.42,0.35,0.5,5.0,13.0,0.5410202148437502,False,PUT,2026-03-20,APH
APH260320P00110000,110.0,0.65,0.5,0.75,16.0,309.0,0.5197801928710937,False,PUT,2026-03-20,APH
APH260320P00115000,115.0,0.98,0.55,1.3,1.0,354.0,0.5012256909179689,False,PUT,2026-03-20,APH
APH260320P00120000,120.0,1.2,1.1,1.3,66.0,235.0,0.47852083984375,False,PUT,2026-03-20,APH
APH260320P00125000,125.0,2.13,1.6,1.9,2.0,1327.0,0.4633842724609375,False,PUT,2026-03-20,APH
APH260320P00130000,130.0,2.55,2.45,2.6,75.0,506.0,0.4408014904785156,False,PUT,2026-03-20,APH
APH260320P00135000,135.0,3.83,3.3,4.0,162.0,4355.0,0.44556218505859374,False,PUT,2026-03-20,APH
APH260320P00140000,140.0,5.0,5.0,5.1,1280.0,1378.0,0.4144345666503906,False,PUT,2026-03-20,APH
APH260320P00145000,145.0,6.95,6.9,7.3,151.0,433.0,0.4202938830566406,False,PUT,2026-03-20,APH
APH260320P00150000,150.0,9.15,9.1,9.5,106.0,762.0,0.4058897302246094,True,PUT,2026-03-20,APH
APH260320P00155000,155.0,11.7,11.5,12.0,14.0,63.0,0.385626260986328,True,PUT,2026-03-20,APH
APH260320P00160000,160.0,15.4,14.1,15.3,2.0,31.0,0.38220832641601554,True,PUT,2026-03-20,APH
APH260320P00165000,165.0,21.77,17.5,19.8,6.0,15.0,0.4227962994384765,True,PUT,2026-03-20,APH
APH260320P00170000,170.0,22.5,21.2,22.6,5.0,16.0,0.34839518798828123,True,PUT,2026-03-20,APH
APH260320P00175000,175.0,17.9,25.0,28.0,3.0,4.0,0.4250545776367188,True,PUT,2026-03-20,APH
APH260417C00105000,105.0,41.1,45.2,48.2,10.0,35.0,0.6757844921875001,True,CALL,2026-04-17,APH
APH260417C00110000,110.0,35.5,40.4,42.9,2.0,51.0,0.6046182116699221,True,CALL,2026-04-17,APH
APH260417C00115000,115.0,33.73,36.5,38.3,14.0,51.0,0.5902140588378908,True,CALL,2026-04-17,APH
APH260417C00120000,120.0,29.6,31.5,34.1,27.0,364.0,0.5466353930664063,True,CALL,2026-04-17,APH
APH260417C00125000,125.0,27.58,27.2,28.6,2.0,361.0,0.5212450219726561,True,CALL,2026-04-17,APH
APH260417C00130000,130.0,26.1,23.4,24.7,1.0,228.0,0.5028125891113282,True,CALL,2026-04-17,APH
APH260417C00135000,135.0,20.6,20.5,21.1,8.0,173.0,0.48828636718750007,True,CALL,2026-04-17,APH
APH260417C00140000,140.0,17.34,17.0,18.6,23.0,308.0,0.5069629382324219,True,CALL,2026-04-17,APH
APH260417C00145000,145.0,15.2,14.0,15.5,20.0,297.0,0.49017843811035167,True,CALL,2026-04-17,APH
APH260417C00150000,150.0,11.98,11.7,12.4,86.0,677.0,0.46362841064453125,False,CALL,2026-04-17,APH
APH260417C00155000,155.0,9.73,9.6,9.9,50.0,613.0,0.4484308087158203,False,CALL,2026-04-17,APH
APH260417C00160000,160.0,8.2,7.5,8.3,19.0,377.0,0.45526667785644537,False,CALL,2026-04-17,APH
APH260417C00165000,165.0,6.1,5.9,6.6,37.0,345.0,0.44836977416992185,False,CALL,2026-04-17,APH
APH260417C00170000,170.0,5.0,4.5,5.0,29.0,854.0,0.43469803588867195,False,CALL,2026-04-17,APH
APH260417C00175000,175.0,3.42,3.5,3.8,8.0,162.0,0.42676354492187507,False,CALL,2026-04-17,APH
APH260417C00180000,180.0,2.87,2.35,2.85,2.0,351.0,0.42017181396484377,False,CALL,2026-04-17,APH
APH260417C00185000,185.0,2.02,1.5,2.2,3.0,275.0,0.4198056066894531,False,CALL,2026-04-17,APH
APH260417C00190000,190.0,1.31,1.1,1.7,30.0,93.0,0.4205380212402344,False,CALL,2026-04-17,APH
APH260417P00105000,105.0,0.89,0.5,1.25,1.0,490.0,0.5053760400390624,False,PUT,2026-04-17,APH
APH260417P00110000,110.0,1.21,0.8,1.45,5.0,314.0,0.5119677709960937,False,PUT,2026-04-17,APH
APH260417P00115000,115.0,1.65,1.15,1.95,4.0,1503.0,0.4950001672363281,False,PUT,2026-04-17,APH
APH260417P00120000,120.0,1.9,1.9,2.15,3.0,534.0,0.4489801196289062,False,PUT,2026-04-17,APH
APH260417P00125000,125.0,2.81,2.8,3.0,47.0,2277.0,0.43994700683593746,False,PUT,2026-04-17,APH
APH260417P00130000,130.0,4.05,3.8,4.1,41.0,4506.0,0.43158527404785163,False,PUT,2026-04-17,APH
APH260417P00135000,135.0,5.7,5.0,5.4,36.0,1216.0,0.42011077941894537,False,PUT,2026-04-17,APH
APH260417P00140000,140.0,6.8,6.8,6.9,26.0,332.0,0.40515731567382807,False,PUT,2026-04-17,APH
APH260417P00145000,145.0,9.0,8.8,9.0,16.0,197.0,0.40106800109863283,False,PUT,2026-04-17,APH
APH260417P00150000,150.0,12.6,11.1,11.4,24.0,176.0,0.39490351196289064,True,PUT,2026-04-17,APH
APH260417P00155000,155.0,13.88,13.7,14.2,41.0,223.0,0.39038695556640624,True,PUT,2026-04-17,APH
APH260417P00160000,160.0,17.3,16.1,18.1,6.0,43.0,0.4144345666503906,True,PUT,2026-04-17,APH
APH260417P00165000,165.0,22.5,19.3,21.7,2.0,30.0,0.4171811212158203,True,PUT,2026-04-17,APH
APH260417P00170000,170.0,26.3,22.8,25.2,7.0,21.0,0.4050352465820312,True,PUT,2026-04-17,APH
APH260417P00180000,180.0,35.0,30.3,33.2,32.0,16.0,0.39038695556640624,True,PUT,2026-04-17,APH
APH260515C00105000,105.0,42.05,46.1,48.5,1.0,2.0,0.6209754699707033,True,CALL,2026-05-15,APH
APH260515C00110000,110.0,44.45,41.6,44.7,1.0,4.0,0.6096230444335939,True,CALL,2026-05-15,APH
APH260515C00115000,115.0,32.66,37.3,39.9,1.0,5.0,0.5708050732421875,True,CALL,2026-05-15,APH
APH260515C00120000,120.0,30.0,33.2,35.6,2.0,11.0,0.5461471166992189,True,CALL,2026-05-15,APH
APH260515C00125000,125.0,30.2,29.3,31.7,1.0,34.0,0.5291184783935547,True,CALL,2026-05-15,APH
APH260515C00130000,130.0,24.74,25.6,28.0,12.0,7.0,0.5133105310058592,True,CALL,2026-05-15,APH
APH260515C00135000,135.0,22.1,23.0,23.8,5.0,31.0,0.5014698291015626,True,CALL,2026-05-15,APH
APH260515C00140000,140.0,19.91,19.8,21.5,10.0,46.0,0.5039112109375,True,CALL,2026-05-15,APH
APH260515C00145000,145.0,17.54,17.2,18.4,58.0,59.0,0.5137988073730468,True,CALL,2026-05-15,APH
APH260515C00150000,150.0,14.81,14.4,15.7,118.0,162.0,0.5012867254638673,False,CALL,2026-05-15,APH
APH260515C00155000,155.0,12.2,12.5,13.0,4.0,88.0,0.48169463623046876,False,CALL,2026-05-15,APH
APH260515C00160000,160.0,9.0,10.4,11.0,9.0,38.0,0.47650669982910154,False,CALL,2026-05-15,APH
APH260515C00165000,165.0,8.8,8.7,9.2,13.0,22.0,0.4703422106933594,False,CALL,2026-05-15,APH
APH260515C00170000,170.0,6.1,7.1,7.5,2.0,96.0,0.4602715106201172,False,CALL,2026-05-15,APH
APH260515C00175000,175.0,4.95,5.2,6.2,22.0,157.0,0.45654840332031255,False,CALL,2026-05-15,APH
APH260515C00180000,180.0,3.7,4.6,5.4,5.0,95.0,0.46484910156250003,False,CALL,2026-05-15,APH
APH260515C00185000,185.0,3.7,3.8,4.1,18.0,31.0,0.447698394165039,False,CALL,2026-05-15,APH
APH260515C00190000,190.0,3.4,3.0,3.7,15.0,43.0,0.46191944335937507,False,CALL,2026-05-15,APH
APH260515P00110000,110.0,2.3,1.55,2.45,10.0,13.0,0.5130663928222656,False,PUT,2026-05-15,APH
APH260515P00115000,115.0,3.4,2.1,3.3,2.0,16.0,0.5072070764160157,False,PUT,2026-05-15,APH
APH260515P00120000,120.0,4.4,2.9,4.3,3.0,8.0,0.4993946545410156,False,PUT,2026-05-15,APH
APH260515P00125000,125.0,4.8,4.3,4.6,39.0,70.0,0.4523980541992188,False,PUT,2026-05-15,APH
APH260515P00130000,130.0,5.9,5.6,5.9,46.0,170.0,0.4440363214111328,False,PUT,2026-05-15,APH
APH260515P00135000,135.0,7.4,7.2,7.4,32.0,38.0,0.43408769042968753,False,PUT,2026-05-15,APH
APH260515P00140000,140.0,9.1,9.0,9.3,11.0,28.0,0.42902182312011716,False,PUT,2026-05-15,APH
APH260515P00145000,145.0,11.1,11.3,11.5,23.0,1612.0,0.42450526672363287,False,PUT,2026-05-15,APH
APH260515P00150000,150.0,14.7,12.9,15.4,12.0,21.0,0.4639946179199219,True,PUT,2026-05-15,APH
APH260515P00155000,155.0,16.1,15.8,16.6,2.0,55.0,0.41034525207519534,True,PUT,2026-05-15,APH
APH260515P00160000,160.0,18.9,18.3,20.8,10.0,24.0,0.4420221813964844,True,PUT,2026-05-15,APH
APH260515P00165000,165.0,26.2,21.5,23.0,1.0,27.0,0.40204455383300786,True,PUT,2026-05-15,APH
APH260618C00105000,105.0,48.1,46.9,49.8,1.0,139.0,0.5971109625244142,True,CALL,2026-06-18,APH
APH260618C00110000,110.0,37.6,43.3,45.2,18.0,174.0,0.5828288787841795,True,CALL,2026-06-18,APH
APH260618C00115000,115.0,35.15,39.1,40.9,8.0,60.0,0.5571333349609376,True,CALL,2026-06-18,APH
APH260618C00120000,120.0,33.0,34.4,37.0,16.0,152.0,0.526371923828125,True,CALL,2026-06-18,APH
APH260618C00125000,125.0,28.1,31.4,33.2,1.0,274.0,0.524418818359375,True,CALL,2026-06-18,APH
APH260618C00130000,130.0,25.67,27.6,29.4,16.0,348.0,0.5026294854736328,True,CALL,2026-06-18,APH
APH260618C00135000,135.0,20.36,24.8,26.2,12.0,198.0,0.5007984490966797,True,CALL,2026-06-18,APH
APH260618C00140000,140.0,22.4,21.4,22.6,220.0,425.0,0.4952443054199219,True,CALL,2026-06-18,APH
APH260618C00145000,145.0,19.0,18.4,20.1,5.0,148.0,0.49487809814453126,True,CALL,2026-06-18,APH
APH260618C00150000,150.0,16.39,16.1,17.4,48.0,447.0,0.48303739624023445,False,CALL,2026-06-18,APH
APH260618C00155000,155.0,13.1,13.6,15.4,12.0,93.0,0.4845022253417969,False,CALL,2026-06-18,APH
APH260618C00160000,160.0,12.3,11.6,12.6,12.0,189.0,0.45868461242675784,False,CALL,2026-06-18,APH
APH260618C00165000,165.0,9.8,9.8,11.1,2.0,67.0,0.4626518579101563,False,CALL,2026-06-18,APH
APH260618C00170000,170.0,9.38,8.6,10.5,14.0,384.0,0.4869130899047852,False,CALL,2026-06-18,APH
APH260618C00175000,175.0,7.2,6.9,8.0,3.0,36.0,0.4522149505615235,False,CALL,2026-06-18,APH
APH260618C00180000,180.0,6.1,5.9,6.8,8.0,688.0,0.44965149963378903,False,CALL,2026-06-18,APH
APH260618C00185000,185.0,5.5,4.9,5.8,6.0,51.0,0.44873598144531246,False,CALL,2026-06-18,APH
APH260618C00190000,190.0,4.3,4.0,5.0,1.0,86.0,0.450200810546875,False,CALL,2026-06-18,APH
APH260618P00105000,105.0,4.0,1.15,3.2,20.0,326.0,0.5411422839355471,False,PUT,2026-06-18,APH
APH260618P00110000,110.0,2.65,2.35,2.8,20.0,178.0,0.4666801379394532,False,PUT,2026-06-18,APH
APH260618P00115000,115.0,3.6,3.1,3.6,3.0,126.0,0.4563042651367188,False,PUT,2026-06-18,APH
APH260618P00120000,120.0,4.7,4.0,4.5,2.0,164.0,0.44336494140625,False,PUT,2026-06-18,APH
APH260618P00125000,125.0,5.7,5.2,5.7,18.0,139.0,0.43555251953125,False,PUT,2026-06-18,APH
APH260618P00130000,130.0,7.7,6.6,7.0,30.0,109.0,0.42407802490234375,False,PUT,2026-06-18,APH
APH260618P00135000,135.0,9.3,8.1,9.1,1.0,116.0,0.4308528594970704,False,PUT,2026-06-18,APH
APH260618P00140000,140.0,12.6,10.0,11.1,62.0,85.0,0.4260921649169922,False,PUT,2026-06-18,APH
APH260618P00145000,145.0,14.0,12.0,13.7,6.0,95.0,0.43103596313476567,False,PUT,2026-06-18,APH
APH260618P00150000,150.0,16.4,14.3,15.8,19.0,50.0,0.4150754293823242,True,PUT,2026-06-18,APH
APH260618P00155000,155.0,18.1,17.1,19.5,1.0,8.0,0.435979761352539,True,PUT,2026-06-18,APH
APH260618P00160000,160.0,14.4,19.8,22.2,4.0,19.0,0.42340664489746094,True,PUT,2026-06-18,APH
APH260618P00165000,165.0,23.4,22.9,25.4,7.0,7.0,0.41834077758789057,True,PUT,2026-06-18,APH
APH260717C00120000,120.0,34.5,35.4,38.5,1.0,59.0,0.5219774365234374,True,CALL,2026-07-17,APH
APH260717C00125000,125.0,34.6,31.9,34.7,3.0,20.0,0.5089160437011719,True,CALL,2026-07-17,APH
APH260717C00130000,130.0,27.63,28.4,30.7,139.0,134.0,0.5217943328857422,True,CALL,2026-07-17,APH
APH260717C00135000,135.0,26.3,26.1,27.7,3.0,8.0,0.5164843273925781,True,CALL,2026-07-17,APH
APH260717C00140000,140.0,22.57,23.0,24.6,10.0,34.0,0.5035450036621094,True,CALL,2026-07-17,APH
APH260717C00145000,145.0,19.1,19.3,21.5,29.0,58.0,0.48627222717285157,True,CALL,2026-07-17,APH
APH260717C00150000,150.0,17.71,17.5,19.3,34.0,29.0,0.4871267108154297,False,CALL,2026-07-17,APH
APH260717C00155000,155.0,15.2,15.2,16.8,105.0,41.0,0.4757437680053711,False,CALL,2026-07-17,APH
APH260717C00160000,160.0,12.28,12.6,14.6,7.0,107.0,0.46716841430664063,False,CALL,2026-07-17,APH
APH260717C00165000,165.0,18.2,11.2,12.7,7.0,123.0,0.46143116699218756,False,CALL,2026-07-17,APH
APH260717C00170000,170.0,9.0,9.5,11.1,2.0,131.0,0.4587761642456055,False,CALL,2026-07-17,APH
APH260717C00175000,175.0,13.3,7.8,9.8,10.0,24.0,0.45972219970703126,False,CALL,2026-07-17,APH
APH260717C00180000,180.0,7.05,6.8,8.3,50.0,66.0,0.4512689151000977,False,CALL,2026-07-17,APH
APH260717C00185000,185.0,6.14,6.4,6.9,1.0,158.0,0.4410456286621094,False,CALL,2026-07-17,APH
APH260717C00190000,190.0,7.5,4.8,7.1,,1.0,0.4740653179931641,False,CALL,2026-07-17,APH
APH260717P00105000,105.0,2.88,1.9,3.5,1.0,2.0,0.5079394909667969,False,PUT,2026-07-17,APH
APH260717P00110000,110.0,3.0,2.6,4.6,2.0,6.0,0.507817421875,False,PUT,2026-07-17,APH
APH260717P00115000,115.0,8.6,0.0,8.7,,2.0,0.6086464916992189,False,PUT,2026-07-17,APH
APH260717P00120000,120.0,6.41,4.4,6.9,9.0,10.0,0.48987326538085946,False,PUT,2026-07-17,APH
APH260717P00125000,125.0,5.92,5.5,7.7,6.0,5.0,0.46191944335937507,False,PUT,2026-07-17,APH
APH260717P00130000,130.0,8.79,6.9,9.7,52.0,52.0,0.46674117248535163,False,PUT,2026-07-17,APH
APH260717P00135000,135.0,9.0,8.8,11.2,52.0,50.0,0.45071960418701174,False,PUT,2026-07-17,APH
APH260717P00145000,145.0,14.4,12.8,15.6,8.0,26.0,0.4407404559326171,False,PUT,2026-07-17,APH
APH260717P00150000,150.0,19.3,15.4,17.4,1.0,6.0,0.41769991485595703,True,PUT,2026-07-17,APH
APH260717P00155000,155.0,18.4,18.0,20.4,1.0,1.0,0.41925629577636714,True,PUT,2026-07-17,APH
APH260717P00170000,170.0,26.42,27.1,29.8,,3.0,0.40228869201660156,True,PUT,2026-07-17,APH
APH260821C00140000,140.0,24.96,24.7,26.8,1.0,23.0,0.5111132873535156,True,CALL,2026-08-21,APH
APH260821C00145000,145.0,22.4,21.5,24.1,1.0,29.0,0.503056727294922,True,CALL,2026-08-21,APH
APH260821C00150000,150.0,18.5,19.9,21.4,31.0,55.0,0.4912770599365235,False,CALL,2026-08-21,APH
APH260821C00155000,155.0,15.97,17.2,19.2,6.0,16.0,0.4871572280883789,False,CALL,2026-08-21,APH
APH260821C00160000,160.0,15.8,15.4,17.1,20.0,231.0,0.48151153259277346,False,CALL,2026-08-21,APH
APH260821C00170000,170.0,12.6,11.7,13.2,4.0,17.0,0.4661308270263672,False,CALL,2026-08-21,APH
APH260821C00175000,175.0,8.39,10.3,11.6,1.0,12.0,0.4611259942626954,False,CALL,2026-08-21,APH
APH260821C00180000,180.0,9.22,8.9,10.2,1.0,8.0,0.4574334042358399,False,CALL,2026-08-21,APH
APH260821P00125000,125.0,6.2,6.3,10.0,1.0,1.0,0.48615015808105466,False,PUT,2026-08-21,APH
APH260821P00130000,130.0,11.47,8.4,11.5,,5.0,0.47272255798339846,False,PUT,2026-08-21,APH
APH260821P00140000,140.0,15.92,12.6,15.0,7.0,7.0,0.4467828759765625,False,PUT,2026-08-21,APH
APH260918C00105000,105.0,54.01,48.7,52.1,1.0,2.0,0.5413253875732424,True,CALL,2026-09-18,APH
APH260918C00110000,110.0,43.61,45.3,48.3,1.0,35.0,0.5390060748291017,True,CALL,2026-09-18,APH
APH260918C00115000,115.0,32.0,29.5,32.0,10.0,16.0,1.0000000000000003e-05,True,CALL,2026-09-18,APH
APH260918C00120000,120.0,35.25,38.1,40.6,1.0,79.0,0.5131884619140624,True,CALL,2026-09-18,APH
APH260918C00125000,125.0,31.4,23.5,26.1,2.0,79.0,0.22040574523925777,True,CALL,2026-09-18,APH
APH260918C00130000,130.0,31.0,31.9,34.2,2.0,35.0,0.5032398309326171,True,CALL,2026-09-18,APH
APH260918C00135000,135.0,27.83,28.3,31.1,10.0,45.0,0.5203295037841795,True,CALL,2026-09-18,APH
APH260918C00140000,140.0,25.6,26.1,28.2,8.0,160.0,0.5108081146240235,True,CALL,2026-09-18,APH
APH260918C00145000,145.0,23.25,22.5,25.4,1.0,74.0,0.5001881036376954,True,CALL,2026-09-18,APH
APH260918C00150000,150.0,21.8,21.0,22.2,34.0,99.0,0.4779104943847656,False,CALL,2026-09-18,APH
APH260918C00155000,155.0,19.0,17.8,20.6,21.0,68.0,0.4865163653564454,False,CALL,2026-09-18,APH
APH260918C00160000,160.0,13.2,16.4,18.4,5.0,385.0,0.47900911621093745,False,CALL,2026-09-18,APH
APH260918C00165000,165.0,14.7,14.4,16.1,1.0,16.0,0.4662223788452149,False,CALL,2026-09-18,APH
APH260918C00170000,170.0,12.03,12.8,14.3,1.0,9.0,0.4607903042602539,False,CALL,2026-09-18,APH
APH260918C00175000,175.0,8.7,11.4,12.8,1.0,24.0,0.4587456469726563,False,CALL,2026-09-18,APH
APH260918C00180000,180.0,14.0,8.7,12.0,6.0,60.0,0.46927410614013676,False,CALL,2026-09-18,APH
APH260918C00185000,185.0,6.0,8.8,10.5,1.0,10.0,0.4617363397216797,False,CALL,2026-09-18,APH
APH260918C00190000,190.0,7.51,6.5,9.2,1.0,11.0,0.4558770233154297,False,CALL,2026-09-18,APH
APH260918P00105000,105.0,4.84,3.3,4.9,1.0,34.0,0.4899953344726563,False,PUT,2026-09-18,APH
APH260918P00110000,110.0,3.43,3.0,6.9,5.0,52.0,0.5131884619140624,False,PUT,2026-09-18,APH
APH260918P00115000,115.0,5.45,4.2,7.6,1.0,2.0,0.4867605035400391,False,PUT,2026-09-18,APH
APH260918P00120000,120.0,7.79,6.2,8.3,8.0,380.0,0.45889823333740243,False,PUT,2026-09-18,APH
APH260918P00125000,125.0,9.08,7.8,10.5,10.0,34.0,0.4691215197753906,False,PUT,2026-09-18,APH
APH260918P00130000,130.0,11.98,9.5,11.7,,23.0,0.4483392568969726,False,PUT,2026-09-18,APH
APH260918P00135000,135.0,11.0,11.3,13.6,2.0,10.0,0.4413202841186523,False,PUT,2026-09-18,APH
APH260918P00140000,140.0,21.6,13.4,15.7,1.0,28.0,0.4347590704345704,False,PUT,2026-09-18,APH
APH260918P00145000,145.0,17.89,15.5,18.0,1.0,1.0,0.4285640640258789,False,PUT,2026-09-18,APH
APH260918P00175000,175.0,26.11,32.6,35.5,1.0,4.0,0.38840333282470707,True,PUT,2026-09-18,APH
APH261016C00105000,105.0,59.95,49.6,53.3,1.0,0.0,0.5461471166992189,True,CALL,2026-10-16,APH
APH261016C00145000,145.0,23.05,23.8,26.6,,7.0,0.4973805145263672,True,CALL,2026-10-16,APH
APH261016C00150000,150.0,23.2,22.4,24.0,3.0,24.0,0.48792015991210946,False,CALL,2026-10-16,APH
APH261016C00155000,155.0,20.4,19.1,21.6,4.0,2.0,0.4796499789428711,False,CALL,2026-10-16,APH
APH261016C00160000,160.0,23.0,17.9,19.5,1.0,2.0,0.4744620425415039,False,CALL,2026-10-16,APH
APH261016C00165000,165.0,18.7,15.1,17.5,,10.0,0.4683891052246094,False,CALL,2026-10-16,APH
APH261016C00170000,170.0,15.2,14.2,15.7,1.0,1.0,0.46353685882568363,False,CALL,2026-10-16,APH
APH261016C00175000,175.0,14.45,12.0,14.8,2.0,22.0,0.4742179043579102,False,CALL,2026-10-16,APH
APH261016C00180000,180.0,12.0,11.2,12.6,1.0,26.0,0.4558770233154297,False,CALL,2026-10-16,APH
APH261016P00115000,115.0,10.17,5.7,8.9,,2.0,0.4968312036132813,False,PUT,2026-10-16,APH
APH261016P00150000,150.0,18.45,19.0,21.5,5.0,12.0,0.41950043395996095,True,PUT,2026-10-16,APH
APH261016P00155000,155.0,20.91,21.5,24.3,5.0,6.0,0.41602146484374997,True,PUT,2026-10-16,APH
APH261016P00160000,160.0,22.6,24.2,27.0,,3.0,0.4070799038696289,True,PUT,2026-10-16,APH
APH261120C00130000,130.0,37.6,34.6,37.0,2.0,3.0,0.5056812127685546,True,CALL,2026-11-20,APH
APH261120C00145000,145.0,24.7,25.5,28.7,2.0,2.0,0.507817421875,True,CALL,2026-11-20,APH
APH261120C00150000,150.0,33.0,23.4,26.5,1.0,3.0,0.5058032818603515,False,CALL,2026-11-20,APH
APH261120C00160000,160.0,19.0,19.9,21.5,14.0,17.0,0.4828848098754883,False,CALL,2026-11-20,APH
APH261120C00165000,165.0,14.7,16.7,19.8,1.0,6.0,0.48279325805664064,False,CALL,2026-11-20,APH
APH261120C00170000,170.0,13.2,16.2,17.8,1.0,2.0,0.47473669799804685,False,CALL,2026-11-20,APH
APH261120C00175000,175.0,13.8,14.8,16.8,,1.0,0.4831899826049805,False,CALL,2026-11-20,APH
APH261120C00180000,180.0,10.12,12.7,14.8,,2.0,0.47058634887695316,False,CALL,2026-11-20,APH
APH261218C00105000,105.0,52.5,51.2,55.3,1.0,14.0,0.5413253875732424,True,CALL,2026-12-18,APH
APH261218C00110000,110.0,46.0,48.5,52.0,1.0,4.0,0.5477950494384767,True,CALL,2026-12-18,APH
APH261218C00115000,115.0,44.3,43.8,48.0,4.0,6.0,0.517003121032715,True,CALL,2026-12-18,APH
APH261218C00120000,120.0,40.0,41.4,44.7,3.0,17.0,0.5200548483276367,True,CALL,2026-12-18,APH
APH261218C00125000,125.0,38.1,38.2,41.5,11.0,13.0,0.5116931155395508,True,CALL,2026-12-18,APH
APH261218C00130000,130.0,38.51,35.5,38.5,6.0,36.0,0.5079394909667969,True,CALL,2026-12-18,APH
APH261218C00135000,135.0,42.55,32.1,35.5,10.0,16.0,0.5279588220214844,True,CALL,2026-12-18,APH
APH261218C00140000,140.0,31.27,30.1,32.4,4.0,846.0,0.5132189791870116,True,CALL,2026-12-18,APH
APH261218C00145000,145.0,28.0,27.8,29.9,2.0,30.0,0.5077563873291016,True,CALL,2026-12-18,APH
APH261218C00150000,150.0,27.1,25.0,27.8,7.0,27.0,0.5072070764160157,False,CALL,2026-12-18,APH
APH261218C00155000,155.0,18.1,22.2,25.5,2.0,6.0,0.5006763800048828,False,CALL,2026-12-18,APH
APH261218C00160000,160.0,18.0,20.5,23.5,1.0,9.0,0.4973194799804688,False,CALL,2026-12-18,APH
APH261218C00165000,165.0,26.65,19.0,21.5,3.0,61.0,0.4917958535766602,False,CALL,2026-12-18,APH
APH261218C00170000,170.0,14.66,16.4,19.9,1.0,6.0,0.4913075772094727,False,CALL,2026-12-18,APH
APH261218C00175000,175.0,22.2,15.6,17.5,2.0,5.0,0.4744620425415039,False,CALL,2026-12-18,APH
APH261218C00180000,180.0,14.5,13.5,15.8,3.0,58.0,0.46808393249511715,False,CALL,2026-12-18,APH
APH261218P00110000,110.0,9.0,5.1,8.9,24.0,36.0,0.48956809265136725,False,PUT,2026-12-18,APH
APH261218P00115000,115.0,13.05,7.2,9.1,,10.0,0.45099425964355466,False,PUT,2026-12-18,APH
APH261218P00120000,120.0,12.7,7.9,10.4,2.0,22.0,0.4389094195556641,False,PUT,2026-12-18,APH
APH261218P00125000,125.0,11.92,10.1,13.3,2.0,23.0,0.4591118542480469,False,PUT,2026-12-18,APH
APH261218P00135000,135.0,21.5,13.2,17.0,4.0,4.0,0.44147287048339845,False,PUT,2026-12-18,APH
APH261218P00140000,140.0,18.0,16.1,19.0,1.0,4.0,0.4314632049560547,False,PUT,2026-12-18,APH
APH261218P00145000,145.0,21.05,17.8,21.5,4.0,6.0,0.42810630493164065,False,PUT,2026-12-18,APH
APH261218P00150000,150.0,23.8,20.7,24.0,1.0,2.0,0.4218197467041016,True,PUT,2026-12-18,APH
APH270115C00105000,105.0,51.5,52.5,55.7,8.0,143.0,0.5418441812133791,True,CALL,2027-01-15,APH
APH270115C00110000,110.0,45.38,48.7,52.2,11.0,190.0,0.5304307211303713,True,CALL,2027-01-15,APH
APH270115C00115000,115.0,46.5,45.3,48.3,1.0,254.0,0.5167284655761719,True,CALL,2027-01-15,APH
APH270115C00120000,120.0,44.0,41.6,44.9,2.0,261.0,0.5032703482055664,True,CALL,2027-01-15,APH
APH270115C00125000,125.0,37.9,38.6,42.1,33.0,241.0,0.5011951736450196,True,CALL,2027-01-15,APH
APH270115C00130000,130.0,36.72,36.0,39.3,1.0,131.0,0.5000965518188477,True,CALL,2027-01-15,APH
APH270115C00135000,135.0,34.0,32.7,36.2,7.0,467.0,0.5197801928710937,True,CALL,2027-01-15,APH
APH270115C00140000,140.0,30.7,30.9,33.5,3.0,256.0,0.512578116455078,True,CALL,2027-01-15,APH
APH270115C00145000,145.0,27.1,28.6,30.0,102.0,148.0,0.4888967126464845,True,CALL,2027-01-15,APH
APH270115C00150000,150.0,27.0,25.4,28.3,29.0,171.0,0.49539689178466795,False,CALL,2027-01-15,APH
APH270115C00155000,155.0,22.32,23.2,26.5,5.0,125.0,0.49768568725585943,False,CALL,2027-01-15,APH
APH270115C00160000,160.0,21.95,21.0,23.5,2.0,142.0,0.47711704528808596,False,CALL,2027-01-15,APH
APH270115C00165000,165.0,18.3,19.2,22.0,10.0,54.0,0.4803823934936523,False,CALL,2027-01-15,APH
APH270115C00170000,170.0,17.5,18.1,19.6,2.0,183.0,0.4662223788452149,False,CALL,2027-01-15,APH
APH270115C00175000,175.0,18.03,16.5,18.3,1.0,74.0,0.4689994506835938,False,CALL,2027-01-15,APH
APH270115C00180000,180.0,14.23,13.6,16.8,1.0,118.0,0.4664970343017578,False,CALL,2027-01-15,APH
APH270115C00185000,185.0,13.89,13.7,15.1,8.0,12.0,0.45868461242675784,False,CALL,2027-01-15,APH
APH270115C00190000,190.0,10.67,11.0,13.8,10.0,33.0,0.4561211614990235,False,CALL,2027-01-15,APH
APH270115P00105000,105.0,8.2,4.5,8.0,3.0,51.0,0.4885305053710938,False,PUT,2027-01-15,APH
APH270115P00110000,110.0,8.25,5.5,9.0,1.0,241.0,0.47223428161621095,False,PUT,2027-01-15,APH
APH270115P00115000,115.0,8.6,8.0,9.2,6.0,216.0,0.43506424316406256,False,PUT,2027-01-15,APH
APH270115P00120000,120.0,10.55,9.0,10.4,1.0,145.0,0.4210873321533204,False,PUT,2027-01-15,APH
APH270115P00125000,125.0,10.5,10.7,13.8,1.0,434.0,0.45087219055175787,False,PUT,2027-01-15,APH
APH270115P00130000,130.0,14.5,12.3,15.5,13.0,196.0,0.44031321411132807,False,PUT,2027-01-15,APH
APH270115P00135000,135.0,16.49,13.8,17.5,8.0,437.0,0.4329890686035156,False,PUT,2027-01-15,APH
APH270115P00140000,140.0,19.0,16.6,19.6,29.0,66.0,0.4249019912719727,False,PUT,2027-01-15,APH
APH270115P00145000,145.0,20.53,18.4,22.0,1.0,11.0,0.41962250305175786,False,PUT,2027-01-15,APH
APH270115P00150000,150.0,24.1,21.8,24.5,3.0,47.0,0.4133969793701171,True,PUT,2027-01-15,APH
APH270115P00155000,155.0,27.0,23.6,27.0,2.0,17.0,0.40463852203369144,True,PUT,2027-01-15,APH
APH270115P00160000,160.0,30.1,26.9,30.0,2.0,24.0,0.4019530020141602,True,PUT,2027-01-15,APH
APH270115P00165000,165.0,34.7,29.8,33.0,1.0,5.0,0.3967345483398438,True,PUT,2027-01-15,APH
APH270115P00170000,170.0,36.24,33.0,36.0,3.0,115.0,0.3890441955566406,True,PUT,2027-01-15,APH
APH270115P00190000,190.0,40.4,47.2,49.9,32.0,32.0,0.36737693176269537,True,PUT,2027-01-15,APH
APH280121C00105000,105.0,63.0,61.0,65.0,2.0,3.0,0.5336045175170899,True,CALL,2028-01-21,APH
APH280121C00110000,110.0,53.0,58.0,62.0,5.0,18.0,0.5274400283813477,True,CALL,2028-01-21,APH
APH280121C00115000,115.0,55.5,55.0,59.0,1.0,11.0,0.519963296508789,True,CALL,2028-01-21,APH
APH280121C00120000,120.0,52.8,52.0,56.0,4.0,18.0,0.5113269082641602,True,CALL,2028-01-21,APH
APH280121C00125000,125.0,51.9,50.6,53.3,1.0,71.0,0.5152941537475585,True,CALL,2028-01-21,APH
APH280121C00130000,130.0,48.3,46.5,51.0,1.0,143.0,0.5015308636474609,True,CALL,2028-01-21,APH
APH280121C00135000,135.0,45.58,44.0,48.5,45.0,227.0,0.5269822692871093,True,CALL,2028-01-21,APH
APH280121C00140000,140.0,42.1,42.0,46.0,153.0,201.0,0.5201769174194336,True,CALL,2028-01-21,APH
APH280121C00145000,145.0,38.3,39.5,43.5,311.0,354.0,0.512425530090332,True,CALL,2028-01-21,APH
APH280121C00150000,150.0,37.25,37.5,41.5,20.0,48.0,0.5101977691650392,False,CALL,2028-01-21,APH
APH280121C00155000,155.0,38.4,35.5,38.7,1.0,40.0,0.49695327270507816,False,CALL,2028-01-21,APH
APH280121C00160000,160.0,32.0,33.5,37.5,25.0,57.0,0.502782071838379,False,CALL,2028-01-21,APH
APH280121C00165000,165.0,31.05,31.5,35.5,6.0,34.0,0.49774672180175783,False,CALL,2028-01-21,APH
APH280121C00170000,170.0,41.0,29.5,33.1,28.0,11.0,0.4870351589965821,False,CALL,2028-01-21,APH
APH280121C00175000,175.0,28.0,28.0,31.5,1.0,28.0,0.48517360534667964,False,CALL,2028-01-21,APH
APH280121C00180000,180.0,26.4,26.5,30.0,10.0,173.0,0.4837087762451172,False,CALL,2028-01-21,APH
APH280121C00185000,185.0,30.0,25.0,29.0,1.0,95.0,0.48741662490844734,False,CALL,2028-01-21,APH
APH280121C00190000,190.0,22.22,23.5,28.0,2.0,24.0,0.4903615417480469,False,CALL,2028-01-21,APH
APH280121P00105000,105.0,14.64,10.0,13.7,5.0,6.0,0.4444025286865234,False,PUT,2028-01-21,APH
APH280121P00110000,110.0,13.58,12.1,15.0,1.0,5.0,0.4315242395019532,False,PUT,2028-01-21,APH
APH280121P00115000,115.0,15.25,14.0,17.4,1.0,13.0,0.43494217407226565,False,PUT,2028-01-21,APH
APH280121P00120000,120.0,14.69,15.5,19.5,20.0,13.0,0.4314632049560547,False,PUT,2028-01-21,APH
APH280121P00125000,125.0,19.56,18.0,21.5,2.0,78.0,0.4249325085449219,False,PUT,2028-01-21,APH
APH280121P00130000,130.0,26.1,19.5,24.0,,1.0,0.4239254385375977,False,PUT,2028-01-21,APH
APH280121P00135000,135.0,22.2,22.0,26.0,2.0,23.0,0.41463292892456055,False,PUT,2028-01-21,APH
APH280121P00140000,140.0,22.91,24.5,28.5,22.0,15.0,0.41071145935058595,False,PUT,2028-01-21,APH
APH280121P00145000,145.0,30.0,27.5,31.0,1.0,8.0,0.40546248840332033,False,PUT,2028-01-21,APH
APH280121P00150000,150.0,36.8,29.0,33.5,,2.0,0.39896230926513676,True,PUT,2028-01-21,APH
APH280121P00155000,155.0,36.76,33.0,36.0,4.0,2.0,0.3913024737548828,True,PUT,2028-01-21,APH
APH280121P00160000,160.0,43.0,34.5,39.0,,2.0,0.3885406605529785,True,PUT,2028-01-21,APH
APLD260130C00027000,27.0,11.04,11.15,12.35,11.0,139.0,3.605469736328125,True,CALL,2026-01-30,APLD
APLD260130C00027500,27.5,11.6,10.7,12.45,2.0,94.0,4.148442314453126,True,CALL,2026-01-30,APLD
APLD260130C00028000,28.0,11.28,10.15,11.3,1.0,103.0,3.2500018749999997,True,CALL,2026-01-30,APLD
APLD260130C00028500,28.5,10.2,9.75,11.5,12.0,81.0,3.908203354492188,True,CALL,2026-01-30,APLD
APLD260130C00029000,29.0,11.11,8.3,11.05,38.0,276.0,2.847659130859375,True,CALL,2026-01-30,APLD
APLD260130C00029500,29.5,8.3,7.55,10.1,1.0,123.0,4.308598364257811,True,CALL,2026-01-30,APLD
APLD260130C00030000,30.0,8.85,8.6,9.2,17.0,540.0,3.0351586621093753,True,CALL,2026-01-30,APLD
APLD260130C00030500,30.5,8.28,8.15,8.85,17.0,112.0,3.058596103515625,True,CALL,2026-01-30,APLD
APLD260130C00031000,31.0,7.9,6.85,9.0,65.0,602.0,2.7812530468750003,True,CALL,2026-01-30,APLD
APLD260130C00031500,31.5,7.4,6.3,7.85,115.0,196.0,1.95703146484375,True,CALL,2026-01-30,APLD
APLD260130C00032000,32.0,6.97,5.85,7.4,58.0,410.0,1.9492190039062502,True,CALL,2026-01-30,APLD
APLD260130C00032500,32.5,5.25,5.3,7.35,12.0,739.0,2.183598291015625,True,CALL,2026-01-30,APLD
APLD260130C00033000,33.0,5.72,5.3,6.3,38.0,643.0,2.003911240234375,True,CALL,2026-01-30,APLD
APLD260130C00033500,33.5,4.77,4.8,5.9,5.0,217.0,1.9414065429687501,True,CALL,2026-01-30,APLD
APLD260130C00034000,34.0,5.15,4.5,5.2,236.0,1319.0,1.8007822460937497,True,CALL,2026-01-30,APLD
APLD260130C00034500,34.5,4.67,3.95,4.95,29.0,1052.0,1.7890635546875,True,CALL,2026-01-30,APLD
APLD260130C00035000,35.0,4.1,3.85,4.35,215.0,2817.0,1.8203133984375,True,CALL,2026-01-30,APLD
APLD260130C00035500,35.5,3.55,3.25,4.0,103.0,820.0,1.689454677734375,True,CALL,2026-01-30,APLD
APLD260130C00036000,36.0,2.9,2.86,3.1,293.0,1450.0,1.37109689453125,True,CALL,2026-01-30,APLD
APLD260130C00036500,36.5,2.27,2.43,2.59,160.0,600.0,1.2421912890624998,True,CALL,2026-01-30,APLD
APLD260130C00037000,37.0,2.24,2.16,2.28,486.0,1620.0,1.2832067089843748,True,CALL,2026-01-30,APLD
APLD260130C00037500,37.5,1.99,1.67,1.86,200.0,894.0,1.142582412109375,True,CALL,2026-01-30,APLD
APLD260130C00038000,38.0,1.7,1.47,1.57,2601.0,1516.0,1.173832255859375,True,CALL,2026-01-30,APLD
APLD260130C00038500,38.5,1.21,1.14,1.32,1074.0,822.0,1.138676181640625,False,CALL,2026-01-30,APLD
APLD260130C00039000,39.0,0.99,0.9,1.04,13212.0,3089.0,1.1015669921875002,False,CALL,2026-01-30,APLD
APLD260130C00039500,39.5,0.78,0.7,0.85,1453.0,955.0,1.09375453125,False,CALL,2026-01-30,APLD
APLD260130C00040000,40.0,0.6,0.58,0.65,7022.0,6814.0,1.09375453125,False,CALL,2026-01-30,APLD
APLD260130C00040500,40.5,0.44,0.4,0.51,3088.0,1714.0,1.0644578027343752,False,CALL,2026-01-30,APLD
APLD260130C00041000,41.0,0.4,0.35,0.45,1338.0,3053.0,1.125004375,False,CALL,2026-01-30,APLD
APLD260130C00041500,41.5,0.3,0.26,0.34,908.0,2004.0,1.11328568359375,False,CALL,2026-01-30,APLD
APLD260130C00042000,42.0,0.23,0.18,0.22,9105.0,3653.0,1.0664109179687502,False,CALL,2026-01-30,APLD
APLD260130C00042500,42.5,0.17,0.14,0.22,380.0,576.0,1.12891060546875,False,CALL,2026-01-30,APLD
APLD260130C00043000,43.0,0.13,0.1,0.15,782.0,2077.0,1.1054732226562503,False,CALL,2026-01-30,APLD
APLD260130C00043500,43.5,0.09,0.06,0.13,372.0,584.0,1.1171919140625,False,CALL,2026-01-30,APLD
APLD260130C00044000,44.0,0.06,0.05,0.08,589.0,1689.0,1.1015669921875002,False,CALL,2026-01-30,APLD
APLD260130C00044500,44.5,0.04,0.04,0.07,86.0,338.0,1.140629296875,False,CALL,2026-01-30,APLD
APLD260130C00045000,45.0,0.03,0.03,0.05,2734.0,9611.0,1.140629296875,False,CALL,2026-01-30,APLD
APLD260130C00045500,45.5,0.02,0.01,0.08,23.0,242.0,1.2265663671875,False,CALL,2026-01-30,APLD
APLD260130C00046000,46.0,0.05,0.03,0.09,278.0,918.0,1.359378203125,False,CALL,2026-01-30,APLD
APLD260130C00046500,46.5,0.04,0.0,0.12,73.0,293.0,1.421877890625,False,CALL,2026-01-30,APLD
APLD260130C00047000,47.0,0.02,0.01,0.03,880.0,1786.0,1.2500037499999999,False,CALL,2026-01-30,APLD
APLD260130C00047500,47.5,0.06,0.0,0.06,233.0,325.0,1.3906280468749999,False,CALL,2026-01-30,APLD
APLD260130C00048000,48.0,0.02,0.01,0.03,104.0,914.0,1.359378203125,False,CALL,2026-01-30,APLD
APLD260130C00049000,49.0,0.05,0.01,0.04,24.0,373.0,1.5156274218749999,False,CALL,2026-01-30,APLD
APLD260130P00027000,27.0,0.02,0.01,0.03,12.0,545.0,2.0937547656249995,False,PUT,2026-01-30,APLD
APLD260130P00027500,27.5,0.03,0.0,0.45,6.0,377.0,3.0468773828125,False,PUT,2026-01-30,APLD
APLD260130P00028000,28.0,0.03,0.02,0.03,56.0,614.0,1.96875015625,False,PUT,2026-01-30,APLD
APLD260130P00028500,28.5,0.03,0.01,0.04,37.0,336.0,1.859375703125,False,PUT,2026-01-30,APLD
APLD260130P00029000,29.0,0.04,0.02,0.05,30.0,370.0,1.859375703125,False,PUT,2026-01-30,APLD
APLD260130P00029500,29.5,0.05,0.03,0.05,11.0,110.0,1.7968760156249999,False,PUT,2026-01-30,APLD
APLD260130P00030000,30.0,0.04,0.02,0.05,298.0,2039.0,1.65625171875,False,PUT,2026-01-30,APLD
APLD260130P00030500,30.5,0.05,0.03,0.06,55.0,683.0,1.625001875,False,PUT,2026-01-30,APLD
APLD260130P00031000,31.0,0.05,0.04,0.06,162.0,1107.0,1.5625021874999998,False,PUT,2026-01-30,APLD
APLD260130P00031500,31.5,0.07,0.04,0.11,75.0,2981.0,1.5703146484375,False,PUT,2026-01-30,APLD
APLD260130P00032000,32.0,0.07,0.05,0.11,78.0,2227.0,1.4921900390624998,False,PUT,2026-01-30,APLD
APLD260130P00032500,32.5,0.1,0.05,0.16,58.0,878.0,1.46875265625,False,PUT,2026-01-30,APLD
APLD260130P00033000,33.0,0.08,0.07,0.16,164.0,1576.0,1.3906280468749999,False,PUT,2026-01-30,APLD
APLD260130P00033500,33.5,0.11,0.08,0.14,92.0,623.0,1.2656286718749998,False,PUT,2026-01-30,APLD
APLD260130P00034000,34.0,0.11,0.1,0.15,368.0,2254.0,1.1953165234375,False,PUT,2026-01-30,APLD
APLD260130P00034500,34.5,0.25,0.06,0.21,113.0,1349.0,1.1054732226562503,False,PUT,2026-01-30,APLD
APLD260130P00035000,35.0,0.16,0.15,0.2,2152.0,4612.0,1.0703171484375003,False,PUT,2026-01-30,APLD
APLD260130P00035500,35.5,0.21,0.19,0.25,126.0,1102.0,1.0234423828125,False,PUT,2026-01-30,APLD
APLD260130P00036000,36.0,0.29,0.25,0.35,1182.0,2540.0,1.0058643457031249,False,PUT,2026-01-30,APLD
APLD260130P00036500,36.5,0.41,0.31,0.42,742.0,708.0,0.945313046875,False,PUT,2026-01-30,APLD
APLD260130P00037000,37.0,0.45,0.45,0.54,3035.0,2271.0,0.9355475195312499,False,PUT,2026-01-30,APLD
APLD260130P00037500,37.5,0.7,0.56,0.73,600.0,1063.0,0.914063359375,False,PUT,2026-01-30,APLD
APLD260130P00038000,38.0,0.81,0.76,0.87,630.0,1972.0,0.8789074609374999,False,PUT,2026-01-30,APLD
APLD260130P00038500,38.5,1.01,0.96,1.16,297.0,434.0,0.877930908203125,True,PUT,2026-01-30,APLD
APLD260130P00039000,39.0,1.14,1.14,1.31,250.0,1353.0,0.7675804492187501,True,PUT,2026-01-30,APLD
APLD260130P00039500,39.5,1.57,1.51,1.75,102.0,516.0,0.8398453515625,True,PUT,2026-01-30,APLD
APLD260130P00040000,40.0,1.75,1.86,2.12,310.0,1988.0,0.8359391406249999,True,PUT,2026-01-30,APLD
APLD260130P00040500,40.5,2.53,2.26,2.42,86.0,500.0,0.7812521875,True,PUT,2026-01-30,APLD
APLD260130P00041000,41.0,2.58,2.64,2.78,476.0,1644.0,0.6718782812500002,True,PUT,2026-01-30,APLD
APLD260130P00041500,41.5,2.79,2.91,3.1,47.0,294.0,1.0000000000000003e-05,True,PUT,2026-01-30,APLD
APLD260130P00042000,42.0,3.6,3.15,3.95,22.0,190.0,1.2519568652343749,True,PUT,2026-01-30,APLD
APLD260130P00043000,43.0,5.0,3.85,5.55,6.0,231.0,0.98437515625,True,PUT,2026-01-30,APLD
APLD260130P00043500,43.5,5.23,4.4,5.45,1.0,19.0,1.5468772656249998,True,PUT,2026-01-30,APLD
APLD260130P00044000,44.0,5.3,4.9,5.9,3.0,204.0,1.5625021874999998,True,PUT,2026-01-30,APLD
APLD260130P00045000,45.0,7.55,5.8,7.1,7.0,114.0,2.0468798828125,True,PUT,2026-01-30,APLD
APLD260130P00046000,46.0,7.5,6.8,7.9,3.0,1.0,1.8984380078125,True,PUT,2026-01-30,APLD
APLD260130P00047000,47.0,8.4,7.45,9.35,1.0,2.0,2.7519562451171877,True,PUT,2026-01-30,APLD
APLD260130P00049000,49.0,10.98,9.65,11.55,1.0,200.0,3.361329721679687,True,PUT,2026-01-30,APLD
APLD260206C00027000,27.0,13.83,11.35,12.5,4.0,35.0,1.890625546875,True,CALL,2026-02-06,APLD
APLD260206C00027500,27.5,7.57,9.7,13.0,2.0,11.0,1.7402356738281248,True,CALL,2026-02-06,APLD
APLD260206C00028000,28.0,10.6,10.0,11.7,1.0,335.0,1.6679704101562502,True,CALL,2026-02-06,APLD
APLD260206C00028500,28.5,8.66,9.05,11.5,2.0,43.0,1.5195336523437497,True,CALL,2026-02-06,APLD
APLD260206C00029000,29.0,9.5,9.7,10.85,1.0,70.0,1.8818365283203122,True,CALL,2026-02-06,APLD
APLD260206C00029500,29.5,10.15,8.5,10.85,3.0,221.0,1.7265638671875,True,CALL,2026-02-06,APLD
APLD260206C00030000,30.0,9.12,8.45,9.6,6.0,177.0,1.5341820166015623,True,CALL,2026-02-06,APLD
APLD260206C00030500,30.5,8.52,8.0,9.35,8.0,127.0,1.5732443212890623,True,CALL,2026-02-06,APLD
APLD260206C00031000,31.0,7.5,7.2,9.1,35.0,50.0,1.48047134765625,True,CALL,2026-02-06,APLD
APLD260206C00031500,31.5,7.97,6.3,9.0,100.0,43.0,1.4052764111328124,True,CALL,2026-02-06,APLD
APLD260206C00032000,32.0,6.32,6.4,8.5,76.0,159.0,1.5214867675781247,True,CALL,2026-02-06,APLD
APLD260206C00032500,32.5,7.05,5.95,8.15,10.0,89.0,1.5009790576171875,True,CALL,2026-02-06,APLD
APLD260206C00033000,33.0,6.8,6.3,6.85,39.0,211.0,1.43359658203125,True,CALL,2026-02-06,APLD
APLD260206C00033500,33.5,6.03,5.45,7.0,6.0,70.0,1.43359658203125,True,CALL,2026-02-06,APLD
APLD260206C00034000,34.0,5.49,5.5,6.1,12.0,215.0,1.3896514892578122,True,CALL,2026-02-06,APLD
APLD260206C00034500,34.5,5.36,4.95,5.9,10.0,65.0,1.3671906640625,True,CALL,2026-02-06,APLD
APLD260206C00035000,35.0,4.98,4.5,5.35,76.0,696.0,1.2793004785156248,True,CALL,2026-02-06,APLD
APLD260206C00035500,35.5,4.07,4.15,5.0,217.0,67.0,1.2626989990234374,True,CALL,2026-02-06,APLD
APLD260206C00036000,36.0,4.2,4.1,4.35,121.0,707.0,1.2402381738281247,True,CALL,2026-02-06,APLD
APLD260206C00036500,36.5,3.8,3.8,4.2,15.0,349.0,1.2685583447265623,True,CALL,2026-02-06,APLD
APLD260206C00037000,37.0,3.25,3.55,3.8,116.0,902.0,1.2460975195312498,True,CALL,2026-02-06,APLD
APLD260206C00037500,37.5,3.38,3.1,3.45,230.0,333.0,1.1865275048828123,True,CALL,2026-02-06,APLD
APLD260206C00038000,38.0,3.06,2.89,3.15,560.0,574.0,1.1840861108398437,True,CALL,2026-02-06,APLD
APLD260206C00038500,38.5,2.91,2.65,2.84,161.0,299.0,1.1669963525390625,False,CALL,2026-02-06,APLD
APLD260206C00039000,39.0,2.5,2.4,2.54,347.0,517.0,1.1450238061523437,False,CALL,2026-02-06,APLD
APLD260206C00039500,39.5,2.33,2.2,2.34,158.0,185.0,1.1484417578125,False,CALL,2026-02-06,APLD
APLD260206C00040000,40.0,2.1,2.06,2.18,1803.0,2541.0,1.1665080737304687,False,CALL,2026-02-06,APLD
APLD260206C00040500,40.5,1.98,1.81,1.97,115.0,470.0,1.1455120849609375,False,CALL,2026-02-06,APLD
APLD260206C00041000,41.0,1.87,1.65,1.77,774.0,1021.0,1.140629296875,False,CALL,2026-02-06,APLD
APLD260206C00041500,41.5,1.63,1.51,1.66,112.0,251.0,1.154301103515625,False,CALL,2026-02-06,APLD
APLD260206C00042000,42.0,1.4,1.34,1.47,385.0,912.0,1.1376996240234376,False,CALL,2026-02-06,APLD
APLD260206C00042500,42.5,1.19,1.25,1.34,428.0,660.0,1.1484417578125,False,CALL,2026-02-06,APLD
APLD260206C00043000,43.0,1.15,1.09,1.19,610.0,1168.0,1.1328168359375002,False,CALL,2026-02-06,APLD
APLD260206C00043500,43.5,1.08,1.0,1.12,256.0,154.0,1.1484417578125,False,CALL,2026-02-06,APLD
APLD260206C00044000,44.0,0.94,0.91,1.04,791.0,1757.0,1.158207333984375,False,CALL,2026-02-06,APLD
APLD260206C00044500,44.5,0.74,0.82,0.95,8.0,162.0,1.1611370068359377,False,CALL,2026-02-06,APLD
APLD260206C00045000,45.0,0.76,0.76,0.82,453.0,1522.0,1.1572307763671876,False,CALL,2026-02-06,APLD
APLD260206C00045500,45.5,0.74,0.65,0.78,1.0,58.0,1.16016044921875,False,CALL,2026-02-06,APLD
APLD260206C00046000,46.0,0.66,0.57,0.72,29.0,338.0,1.162113564453125,False,CALL,2026-02-06,APLD
APLD260206C00046500,46.5,0.49,0.53,0.9,9.0,22.0,1.2480506347656248,False,CALL,2026-02-06,APLD
APLD260206C00047000,47.0,0.58,0.46,0.59,27.0,169.0,1.1660197949218751,False,CALL,2026-02-06,APLD
APLD260206C00048000,48.0,0.44,0.38,0.51,103.0,310.0,1.185550947265625,False,CALL,2026-02-06,APLD
APLD260206C00048500,48.5,0.38,0.35,0.84,3.0,71.0,1.3330111474609372,False,CALL,2026-02-06,APLD
APLD260206C00049000,49.0,0.39,0.32,0.43,14.0,156.0,1.201175869140625,False,CALL,2026-02-06,APLD
APLD260206C00049500,49.5,0.31,0.28,0.76,6.0,38.0,1.3535188574218748,False,CALL,2026-02-06,APLD
APLD260206P00027000,27.0,0.23,0.03,0.44,11.0,156.0,1.5156274218749999,False,PUT,2026-02-06,APLD
APLD260206P00027500,27.5,0.2,0.13,0.26,10.0,134.0,1.3906280468749999,False,PUT,2026-02-06,APLD
APLD260206P00028000,28.0,0.21,0.17,0.26,15.0,2444.0,1.359378203125,False,PUT,2026-02-06,APLD
APLD260206P00028500,28.5,0.29,0.2,0.3,9.0,139.0,1.3437532812499997,False,PUT,2026-02-06,APLD
APLD260206P00029000,29.0,0.31,0.1,0.34,3.0,161.0,1.2421912890624998,False,PUT,2026-02-06,APLD
APLD260206P00029500,29.5,0.32,0.25,0.37,18.0,5172.0,1.2890660546875,False,PUT,2026-02-06,APLD
APLD260206P00030000,30.0,0.34,0.3,0.35,214.0,1396.0,1.2421912890624998,False,PUT,2026-02-06,APLD
APLD260206P00030500,30.5,0.55,0.34,0.42,4.0,108.0,1.2324257128906249,False,PUT,2026-02-06,APLD
APLD260206P00031000,31.0,0.4,0.39,0.46,44.0,684.0,1.2070352148437498,False,PUT,2026-02-06,APLD
APLD260206P00031500,31.5,0.45,0.44,0.54,16.0,112.0,1.1953165234375,False,PUT,2026-02-06,APLD
APLD260206P00032000,32.0,0.55,0.5,0.61,204.0,706.0,1.1757853710937498,False,PUT,2026-02-06,APLD
APLD260206P00032500,32.5,0.63,0.56,0.7,154.0,682.0,1.16016044921875,False,PUT,2026-02-06,APLD
APLD260206P00033000,33.0,0.75,0.64,0.75,195.0,601.0,1.1318402783203125,False,PUT,2026-02-06,APLD
APLD260206P00033500,33.5,0.82,0.73,0.83,14.0,183.0,1.111332568359375,False,PUT,2026-02-06,APLD
APLD260206P00034000,34.0,0.97,0.82,0.9,349.0,784.0,1.083988955078125,False,PUT,2026-02-06,APLD
APLD260206P00034500,34.5,1.05,0.93,1.04,28.0,138.0,1.076176494140625,False,PUT,2026-02-06,APLD
APLD260206P00035000,35.0,1.13,1.06,1.15,670.0,3131.0,1.05859845703125,False,PUT,2026-02-06,APLD
APLD260206P00035500,35.5,1.39,1.18,1.31,1635.0,410.0,1.0459032080078128,False,PUT,2026-02-06,APLD
APLD260206P00036000,36.0,1.41,1.36,1.5,229.0,659.0,1.0468797656250002,False,PUT,2026-02-06,APLD
APLD260206P00036500,36.5,1.65,1.51,1.64,53.0,124.0,1.0234423828125,False,PUT,2026-02-06,APLD
APLD260206P00037000,37.0,1.8,1.78,1.95,100.0,359.0,1.056645341796875,False,PUT,2026-02-06,APLD
APLD260206P00037500,37.5,2.0,1.96,2.15,65.0,139.0,1.040043862304688,False,PUT,2026-02-06,APLD
APLD260206P00038000,38.0,2.23,2.2,2.35,107.0,242.0,1.0283251708984378,False,PUT,2026-02-06,APLD
APLD260206P00038500,38.5,2.36,2.46,2.6,110.0,44.0,1.0253954980468751,True,PUT,2026-02-06,APLD
APLD260206P00039000,39.0,2.82,2.69,2.82,300.0,1883.0,1.0039112304687499,True,PUT,2026-02-06,APLD
APLD260206P00039500,39.5,3.08,2.98,3.2,38.0,82.0,1.0205127099609377,True,PUT,2026-02-06,APLD
APLD260206P00040000,40.0,3.4,3.35,3.5,136.0,951.0,1.0322314013671878,True,PUT,2026-02-06,APLD
APLD260206P00040500,40.5,4.5,3.4,3.7,31.0,108.0,0.946289599609375,True,PUT,2026-02-06,APLD
APLD260206P00041000,41.0,4.6,3.7,3.95,34.0,450.0,0.9165047412109376,True,PUT,2026-02-06,APLD
APLD260206P00042000,42.0,4.5,4.35,4.65,14.0,46.0,0.8896495410156249,True,PUT,2026-02-06,APLD
APLD260206P00043000,43.0,5.5,5.2,5.6,2.0,7.0,0.9492192578124999,True,PUT,2026-02-06,APLD
APLD260206P00048000,48.0,11.18,9.1,10.95,,1.0,1.150394873046875,True,PUT,2026-02-06,APLD
APLD260206P00049000,49.0,10.2,10.05,11.7,2.0,2.0,1.083988955078125,True,PUT,2026-02-06,APLD
APLD260213C00027000,27.0,12.0,10.95,13.1,2.0,15.0,1.4912134814453122,True,CALL,2026-02-13,APLD
APLD260213C00027500,27.5,13.46,9.9,12.95,2.0,22.0,1.361331318359375,True,CALL,2026-02-13,APLD
APLD260213C00028000,28.0,11.1,10.1,11.95,2.0,22.0,1.3750031249999999,True,CALL,2026-02-13,APLD
APLD260213C00028500,28.5,12.5,9.05,12.0,3.0,27.0,1.3183627832031248,True,CALL,2026-02-13,APLD
APLD260213C00029000,29.0,10.15,9.45,11.0,2.0,31.0,1.3828155859374998,True,CALL,2026-02-13,APLD
APLD260213C00029500,29.5,8.8,8.85,10.9,2.0,45.0,1.40625296875,True,CALL,2026-02-13,APLD
APLD260213C00030000,30.0,8.95,7.8,10.75,1.0,36.0,1.2919957275390623,True,CALL,2026-02-13,APLD
APLD260213C00030500,30.5,9.05,7.95,10.1,1.0,39.0,1.359378203125,True,CALL,2026-02-13,APLD
APLD260213C00031000,31.0,6.33,6.9,9.9,8.0,32.0,1.2373085009765623,True,CALL,2026-02-13,APLD
APLD260213C00032000,32.0,7.81,7.35,9.05,5.0,498.0,1.46484642578125,True,CALL,2026-02-13,APLD
APLD260213C00033000,33.0,6.3,6.6,7.7,2.0,119.0,1.3095737646484373,True,CALL,2026-02-13,APLD
APLD260213C00034000,34.0,5.75,5.75,6.9,14.0,132.0,1.2412147314453121,True,CALL,2026-02-13,APLD
APLD260213C00035000,35.0,5.67,5.0,5.8,10.0,331.0,1.1303754418945315,True,CALL,2026-02-13,APLD
APLD260213C00036000,36.0,4.93,4.9,5.4,15.0,243.0,1.2421912890624998,True,CALL,2026-02-13,APLD
APLD260213C00037000,37.0,4.6,4.35,4.75,82.0,528.0,1.2177773486328123,True,CALL,2026-02-13,APLD
APLD260213C00038000,38.0,3.42,3.8,4.1,94.0,340.0,1.1816447167968749,True,CALL,2026-02-13,APLD
APLD260213C00039000,39.0,3.58,3.35,3.6,254.0,359.0,1.1723674194335936,False,CALL,2026-02-13,APLD
APLD260213C00040000,40.0,3.2,2.91,3.1,584.0,822.0,1.15234798828125,False,CALL,2026-02-13,APLD
APLD260213C00041000,41.0,2.57,2.55,2.73,50.0,207.0,1.15234798828125,False,CALL,2026-02-13,APLD
APLD260213C00042000,42.0,2.45,2.23,2.47,82.0,372.0,1.164554958496094,False,CALL,2026-02-13,APLD
APLD260213C00043000,43.0,1.82,1.92,2.11,26.0,169.0,1.1513714306640623,False,CALL,2026-02-13,APLD
APLD260213C00044000,44.0,1.61,1.69,1.88,3.0,244.0,1.162113564453125,False,CALL,2026-02-13,APLD
APLD260213C00045000,45.0,1.59,1.43,1.6,68.0,297.0,1.1484417578125,False,CALL,2026-02-13,APLD
APLD260213C00046000,46.0,1.31,1.19,1.38,39.0,156.0,1.138676181640625,False,CALL,2026-02-13,APLD
APLD260213C00047000,47.0,1.14,1.05,1.2,17.0,217.0,1.1455120849609375,False,CALL,2026-02-13,APLD
APLD260213C00048000,48.0,1.42,0.95,1.07,8.0,73.0,1.1635784008789063,False,CALL,2026-02-13,APLD
APLD260213C00049000,49.0,0.86,0.77,0.95,10.0,97.0,1.1586956127929686,False,CALL,2026-02-13,APLD
APLD260213P00027000,27.0,0.42,0.01,0.55,1.0,92.0,1.18359783203125,False,PUT,2026-02-13,APLD
APLD260213P00027500,27.5,0.61,0.0,1.18,2.0,29.0,1.3906280468749999,False,PUT,2026-02-13,APLD
APLD260213P00028000,28.0,0.46,0.32,0.49,1.0,155.0,1.1953165234375,False,PUT,2026-02-13,APLD
APLD260213P00028500,28.5,0.46,0.36,0.54,12.0,52.0,1.1777384863281248,False,PUT,2026-02-13,APLD
APLD260213P00029000,29.0,0.48,0.41,0.61,2.0,162.0,1.1689494677734376,False,PUT,2026-02-13,APLD
APLD260213P00029500,29.5,0.58,0.49,0.67,2.0,38.0,1.162113564453125,False,PUT,2026-02-13,APLD
APLD260213P00030000,30.0,0.63,0.58,0.69,40.0,758.0,1.1416058544921874,False,PUT,2026-02-13,APLD
APLD260213P00030500,30.5,0.8,0.65,0.81,7.0,62.0,1.1416058544921874,False,PUT,2026-02-13,APLD
APLD260213P00031000,31.0,0.81,0.72,0.89,22.0,224.0,1.1259809326171877,False,PUT,2026-02-13,APLD
APLD260213P00032000,32.0,1.05,0.84,1.07,34.0,482.0,1.0859420703125,False,PUT,2026-02-13,APLD
APLD260213P00033000,33.0,1.21,1.16,1.28,63.0,229.0,1.083988955078125,False,PUT,2026-02-13,APLD
APLD260213P00034000,34.0,1.51,1.4,1.6,22.0,245.0,1.0712937060546879,False,PUT,2026-02-13,APLD
APLD260213P00035000,35.0,1.88,1.77,1.93,67.0,346.0,1.0683640332031252,False,PUT,2026-02-13,APLD
APLD260213P00036000,36.0,2.36,2.09,2.28,30.0,311.0,1.0439500927734378,False,PUT,2026-02-13,APLD
APLD260213P00037000,37.0,2.63,2.59,2.77,48.0,1244.0,1.0576218994140625,False,PUT,2026-02-13,APLD
APLD260213P00038000,38.0,3.4,3.0,3.3,43.0,258.0,1.0473680444335938,False,PUT,2026-02-13,APLD
APLD260213P00039000,39.0,4.4,3.4,3.8,16.0,65.0,1.0166064794921876,True,PUT,2026-02-13,APLD
APLD260213P00040000,40.0,4.4,4.0,4.35,27.0,283.0,1.009770576171875,True,PUT,2026-02-13,APLD
APLD260213P00041000,41.0,5.6,4.6,4.95,12.0,60.0,0.9970703417968749,True,PUT,2026-02-13,APLD
APLD260213P00042000,42.0,6.35,5.4,5.6,2.0,53.0,1.0107471337890623,True,PUT,2026-02-13,APLD
APLD260213P00043000,43.0,5.9,5.85,6.4,1.0,20.0,0.9770510107421876,True,PUT,2026-02-13,APLD
APLD260213P00046000,46.0,11.58,7.7,8.5,,1.0,0.78711150390625,True,PUT,2026-02-13,APLD
APLD260213P00047000,47.0,11.9,8.6,10.6,,5.0,1.083988955078125,True,PUT,2026-02-13,APLD
APLD260220C00027000,27.0,13.81,10.5,12.9,6.0,374.0,1.0253954980468751,True,CALL,2026-02-20,APLD
APLD260220C00028000,28.0,12.38,9.6,12.0,1.0,226.0,1.0107471337890623,True,CALL,2026-02-20,APLD
APLD260220C00029000,29.0,9.5,8.95,11.0,12.0,319.0,1.0253954980468751,True,CALL,2026-02-20,APLD
APLD260220C00030000,30.0,9.4,9.35,10.15,12.0,829.0,1.2783239208984374,True,CALL,2026-02-20,APLD
APLD260220C00030500,30.5,10.22,7.6,10.0,6.0,6.0,1.0395555834960941,True,CALL,2026-02-20,APLD
APLD260220C00031000,31.0,8.45,8.5,9.4,14.0,502.0,1.2451209619140622,True,CALL,2026-02-20,APLD
APLD260220C00031500,31.5,10.94,7.25,9.05,2.0,15.0,1.0791061669921875,True,CALL,2026-02-20,APLD
APLD260220C00032000,32.0,9.75,7.55,8.7,34.0,752.0,1.1962930810546877,True,CALL,2026-02-20,APLD
APLD260220C00032500,32.5,7.81,6.25,8.6,5.0,16.0,1.0717819848632817,True,CALL,2026-02-20,APLD
APLD260220C00033000,33.0,7.42,7.1,7.8,54.0,816.0,1.1904337353515624,True,CALL,2026-02-20,APLD
APLD260220C00033500,33.5,8.5,5.75,7.9,1.0,7.0,1.0927779736328125,True,CALL,2026-02-20,APLD
APLD260220C00034000,34.0,5.87,6.65,7.2,3.0,372.0,1.2192421850585937,True,CALL,2026-02-20,APLD
APLD260220C00034500,34.5,6.31,5.85,6.7,1.0,80.0,1.11328568359375,True,CALL,2026-02-20,APLD
APLD260220C00035000,35.0,6.3,6.0,6.4,166.0,1708.0,1.1762736499023436,True,CALL,2026-02-20,APLD
APLD260220C00035500,35.5,5.8,5.8,6.15,4.0,60.0,1.19141029296875,True,CALL,2026-02-20,APLD
APLD260220C00036000,36.0,5.05,5.45,5.75,49.0,855.0,1.1616252856445315,True,CALL,2026-02-20,APLD
APLD260220C00036500,36.5,6.75,5.15,5.55,3.0,198.0,1.1640666796875,True,CALL,2026-02-20,APLD
APLD260220C00037000,37.0,4.79,4.85,5.2,217.0,10277.0,1.144047248535156,True,CALL,2026-02-20,APLD
APLD260220C00037500,37.5,4.7,4.65,4.9,47.0,3308.0,1.1420941333007812,True,CALL,2026-02-20,APLD
APLD260220C00038000,38.0,4.52,4.35,4.7,132.0,1086.0,1.137211345214844,True,CALL,2026-02-20,APLD
APLD260220C00038500,38.5,4.35,4.0,4.35,86.0,103.0,1.1044966650390626,False,CALL,2026-02-20,APLD
APLD260220C00039000,39.0,4.08,3.9,4.2,151.0,466.0,1.1279340478515625,False,CALL,2026-02-20,APLD
APLD260220C00039500,39.5,4.0,3.7,4.05,18.0,131.0,1.1362347875976564,False,CALL,2026-02-20,APLD
APLD260220C00040000,40.0,3.69,3.5,3.75,7836.0,10491.0,1.1225629809570314,False,CALL,2026-02-20,APLD
APLD260220C00040500,40.5,3.5,3.35,3.65,171.0,125.0,1.1391644604492188,False,CALL,2026-02-20,APLD
APLD260220C00041000,41.0,3.25,3.2,3.45,599.0,609.0,1.140629296875,False,CALL,2026-02-20,APLD
APLD260220C00041500,41.5,2.72,2.93,3.3,7.0,99.0,1.1308637207031251,False,CALL,2026-02-20,APLD
APLD260220C00042000,42.0,2.95,2.72,2.97,525.0,1368.0,1.1035201074218752,False,CALL,2026-02-20,APLD
APLD260220C00043000,43.0,2.49,2.54,2.76,78.0,488.0,1.133305114746094,False,CALL,2026-02-20,APLD
APLD260220C00044000,44.0,2.33,2.25,2.44,59.0,924.0,1.1264692114257815,False,CALL,2026-02-20,APLD
APLD260220C00045000,45.0,2.1,1.95,2.13,704.0,2035.0,1.111332568359375,False,CALL,2026-02-20,APLD
APLD260220C00046000,46.0,1.87,1.79,1.96,22.0,205.0,1.1298871630859377,False,CALL,2026-02-20,APLD
APLD260220C00047000,47.0,1.5,1.6,1.77,40.0,174.0,1.1347699511718752,False,CALL,2026-02-20,APLD
APLD260220C00048000,48.0,1.48,1.22,1.54,166.0,749.0,1.0966842041015625,False,CALL,2026-02-20,APLD
APLD260220C00049000,49.0,1.22,1.25,1.43,7.0,157.0,1.1376996240234376,False,CALL,2026-02-20,APLD
APLD260220P00027000,27.0,0.61,0.44,0.75,8.0,399.0,1.2109414453124998,False,PUT,2026-02-20,APLD
APLD260220P00028000,28.0,0.62,0.55,0.62,12.0,660.0,1.109379453125,False,PUT,2026-02-20,APLD
APLD260220P00029000,29.0,0.77,0.69,0.77,16.0,2855.0,1.09375453125,False,PUT,2026-02-20,APLD
APLD260220P00030000,30.0,0.93,0.86,0.95,209.0,2528.0,1.0800827246093752,False,PUT,2026-02-20,APLD
APLD260220P00030500,30.5,1.01,0.95,1.06,6.0,42.0,1.0742233789062503,False,PUT,2026-02-20,APLD
APLD260220P00031000,31.0,1.23,1.05,1.17,25.0,351.0,1.0664109179687502,False,PUT,2026-02-20,APLD
APLD260220P00031500,31.5,1.4,0.99,1.33,1.0,35.0,1.0351610742187503,False,PUT,2026-02-20,APLD
APLD260220P00032000,32.0,1.36,1.27,1.43,26.0,822.0,1.0546922265625,False,PUT,2026-02-20,APLD
APLD260220P00032500,32.5,1.62,1.39,1.58,2.0,52.0,1.049321159667969,False,PUT,2026-02-20,APLD
APLD260220P00033000,33.0,1.6,1.53,1.65,22.0,795.0,1.0312548437500002,False,PUT,2026-02-20,APLD
APLD260220P00033500,33.5,1.77,1.69,1.87,32.0,60.0,1.0380907470703127,False,PUT,2026-02-20,APLD
APLD260220P00034000,34.0,2.15,1.82,2.02,22.0,350.0,1.0263720556640625,False,PUT,2026-02-20,APLD
APLD260220P00034500,34.5,2.55,2.02,2.21,2.0,97.0,1.027836892089844,False,PUT,2026-02-20,APLD
APLD260220P00035000,35.0,2.26,2.2,2.38,205.0,1227.0,1.0210009887695315,False,PUT,2026-02-20,APLD
APLD260220P00035500,35.5,2.55,2.36,2.57,1.0,36.0,1.0107471337890623,False,PUT,2026-02-20,APLD
APLD260220P00036000,36.0,2.73,2.66,2.9,33.0,480.0,1.0376024682617189,False,PUT,2026-02-20,APLD
APLD260220P00036500,36.5,3.1,2.81,3.05,4.0,40.0,1.0151416430664062,False,PUT,2026-02-20,APLD
APLD260220P00037000,37.0,3.2,3.0,3.3,31.0,406.0,1.0092822973632813,False,PUT,2026-02-20,APLD
APLD260220P00037500,37.5,3.55,3.2,3.55,5.0,142.0,1.001958115234375,False,PUT,2026-02-20,APLD
APLD260220P00038000,38.0,3.73,3.5,3.8,154.0,1033.0,1.0053760668945313,False,PUT,2026-02-20,APLD
APLD260220P00039000,39.0,4.75,4.05,4.35,18.0,98.0,1.0039112304687499,True,PUT,2026-02-20,APLD
APLD260220P00040000,40.0,4.8,4.55,4.85,70.0,687.0,0.9794923925781251,True,PUT,2026-02-20,APLD
APLD260220P00040500,40.5,4.9,4.9,5.1,166.0,152.0,0.9760744580078126,True,PUT,2026-02-20,APLD
APLD260220P00041000,41.0,5.4,5.2,5.55,2.0,89.0,0.99023447265625,True,PUT,2026-02-20,APLD
APLD260220P00041500,41.5,6.05,5.5,5.85,1.0,58.0,0.9819337744140625,True,PUT,2026-02-20,APLD
APLD260220P00042000,42.0,6.42,5.85,6.3,14.0,46.0,0.99804689453125,True,PUT,2026-02-20,APLD
APLD260220P00043000,43.0,5.75,6.45,6.8,30.0,34.0,0.956055126953125,True,PUT,2026-02-20,APLD
APLD260220P00044000,44.0,7.85,7.15,7.7,,2.0,0.973633076171875,True,PUT,2026-02-20,APLD
APLD260220P00045000,45.0,7.35,8.0,8.35,1.0,7.0,0.9687503125,True,PUT,2026-02-20,APLD
APLD260220P00047000,47.0,11.0,9.3,9.85,30.0,2.0,0.8950205810546874,True,PUT,2026-02-20,APLD
APLD260220P00049000,49.0,14.0,10.7,13.15,9.0,0.0,1.1245160961914062,True,PUT,2026-02-20,APLD
APLD260227C00027000,27.0,14.74,10.85,14.25,9.0,15.0,1.3320345898437496,True,CALL,2026-02-27,APLD
APLD260227C00027500,27.5,12.0,11.05,13.4,2.0,9.0,1.3535188574218748,True,CALL,2026-02-27,APLD
APLD260227C00028000,28.0,13.59,11.4,13.4,1.0,49.0,1.5517600537109373,True,CALL,2026-02-27,APLD
APLD260227C00028500,28.5,9.5,9.55,13.0,1.0,25.0,1.2734411328124997,True,CALL,2026-02-27,APLD
APLD260227C00029000,29.0,13.74,9.25,12.25,1.0,71.0,1.2148476757812499,True,CALL,2026-02-27,APLD
APLD260227C00029500,29.5,11.25,8.7,12.0,2.0,32.0,1.2021524267578125,True,CALL,2026-02-27,APLD
APLD260227C00030000,30.0,9.5,9.1,11.05,5.0,19.0,1.2299843188476562,True,CALL,2026-02-27,APLD
APLD260227C00030500,30.5,10.4,8.2,11.0,1.0,7.0,1.1884806201171876,True,CALL,2026-02-27,APLD
APLD260227C00031000,31.0,9.22,8.15,10.35,30.0,4.0,1.185550947265625,True,CALL,2026-02-27,APLD
APLD260227C00031500,31.5,9.73,7.35,10.7,2.0,3.0,1.21875390625,True,CALL,2026-02-27,APLD
APLD260227C00032000,32.0,9.06,7.2,10.35,1.0,14.0,1.2392616162109373,True,CALL,2026-02-27,APLD
APLD260227C00032500,32.5,8.34,6.75,9.6,17.0,64.0,1.1577190551757814,True,CALL,2026-02-27,APLD
APLD260227C00033000,33.0,7.59,6.45,8.9,3.0,82.0,1.1054732226562503,True,CALL,2026-02-27,APLD
APLD260227C00033500,33.5,8.2,6.9,8.1,15.0,53.0,1.1411175756835936,True,CALL,2026-02-27,APLD
APLD260227C00034000,34.0,6.69,6.9,7.5,1.0,74.0,1.1401410180664064,True,CALL,2026-02-27,APLD
APLD260227C00034500,34.5,7.25,6.75,7.35,1.0,56.0,1.1748088134765624,True,CALL,2026-02-27,APLD
APLD260227C00035000,35.0,6.86,6.25,7.3,76.0,210.0,1.1748088134765624,True,CALL,2026-02-27,APLD
APLD260227C00035500,35.5,6.3,5.8,6.65,1.0,87.0,1.1049849438476564,True,CALL,2026-02-27,APLD
APLD260227C00036000,36.0,6.05,5.85,6.45,12.0,242.0,1.1508831518554685,True,CALL,2026-02-27,APLD
APLD260227C00037000,37.0,5.77,5.45,5.85,62.0,85.0,1.1494183154296875,True,CALL,2026-02-27,APLD
APLD260227C00038000,38.0,5.2,4.95,5.4,114.0,189.0,1.1464886425781249,True,CALL,2026-02-27,APLD
APLD260227C00039000,39.0,4.9,4.55,5.0,54.0,311.0,1.1538128247070314,False,CALL,2026-02-27,APLD
APLD260227C00040000,40.0,4.38,4.2,4.6,229.0,596.0,1.1591838916015624,False,CALL,2026-02-27,APLD
APLD260227C00041000,41.0,3.79,3.8,4.25,19.0,230.0,1.1586956127929686,False,CALL,2026-02-27,APLD
APLD260227C00042000,42.0,3.5,3.5,3.9,33.0,497.0,1.1630901220703125,False,CALL,2026-02-27,APLD
APLD260227C00043000,43.0,3.15,3.1,3.5,48.0,164.0,1.144047248535156,False,CALL,2026-02-27,APLD
APLD260227C00044000,44.0,2.59,2.8,3.2,248.0,133.0,1.1420941333007812,False,CALL,2026-02-27,APLD
APLD260227C00045000,45.0,2.42,2.58,2.81,34.0,193.0,1.1337933935546878,False,CALL,2026-02-27,APLD
APLD260227C00046000,46.0,2.65,2.36,2.64,9.0,38.0,1.1460003637695313,False,CALL,2026-02-27,APLD
APLD260227C00047000,47.0,2.16,2.15,2.43,294.0,288.0,1.150394873046875,False,CALL,2026-02-27,APLD
APLD260227C00048000,48.0,1.51,1.83,2.25,7.0,91.0,1.1396527392578126,False,CALL,2026-02-27,APLD
APLD260227C00049000,49.0,1.86,1.73,1.98,6.0,6.0,1.1411175756835936,False,CALL,2026-02-27,APLD
APLD260227P00027000,27.0,0.63,0.33,1.47,1.0,58.0,1.2109414453124998,False,PUT,2026-02-27,APLD
APLD260227P00027500,27.5,0.78,0.36,1.99,4.0,19.0,1.2832067089843748,False,PUT,2026-02-27,APLD
APLD260227P00028000,28.0,1.06,0.62,1.11,6.0,66.0,1.1044966650390626,False,PUT,2026-02-27,APLD
APLD260227P00028500,28.5,1.1,0.77,1.91,1.0,11.0,1.2509803076171875,False,PUT,2026-02-27,APLD
APLD260227P00029000,29.0,1.1,0.84,1.17,14.0,92.0,1.0732468212890627,False,PUT,2026-02-27,APLD
APLD260227P00029500,29.5,0.94,0.65,1.33,1.0,12.0,1.0229541040039063,False,PUT,2026-02-27,APLD
APLD260227P00030000,30.0,1.36,1.03,1.38,115.0,482.0,1.05859845703125,False,PUT,2026-02-27,APLD
APLD260227P00030500,30.5,1.38,1.28,1.49,20.0,33.0,1.0751999365234377,False,PUT,2026-02-27,APLD
APLD260227P00031000,31.0,1.55,1.37,1.63,5.0,89.0,1.0659226391601564,False,PUT,2026-02-27,APLD
APLD260227P00031500,31.5,1.78,1.44,1.8,13.0,56.0,1.0561570629882815,False,PUT,2026-02-27,APLD
APLD260227P00032000,32.0,1.78,1.74,1.9,33.0,287.0,1.0683640332031252,False,PUT,2026-02-27,APLD
APLD260227P00032500,32.5,1.92,1.8,2.02,20.0,60.0,1.045414929199219,False,PUT,2026-02-27,APLD
APLD260227P00033000,33.0,2.1,1.96,2.18,21.0,350.0,1.0410204199218753,False,PUT,2026-02-27,APLD
APLD260227P00033500,33.5,2.22,2.09,2.43,8.0,12.0,1.0419969775390627,False,PUT,2026-02-27,APLD
APLD260227P00034000,34.0,2.6,2.44,2.65,22.0,68.0,1.0659226391601564,False,PUT,2026-02-27,APLD
APLD260227P00034500,34.5,2.63,2.47,2.83,13.0,60.0,1.040043862304688,False,PUT,2026-02-27,APLD
APLD260227P00035000,35.0,2.75,2.66,3.0,19.0,242.0,1.0312548437500002,False,PUT,2026-02-27,APLD
APLD260227P00035500,35.5,3.5,2.93,3.2,2.0,20.0,1.0346727954101564,False,PUT,2026-02-27,APLD
APLD260227P00036000,36.0,3.25,3.1,3.6,31.0,136.0,1.0473680444335938,False,PUT,2026-02-27,APLD
APLD260227P00037000,37.0,3.8,3.65,3.9,15.0,79.0,1.0312548437500002,False,PUT,2026-02-27,APLD
APLD260227P00038000,38.0,4.45,4.05,4.6,15.0,141.0,1.0366259106445317,False,PUT,2026-02-27,APLD
APLD260227P00040000,40.0,5.4,5.15,5.6,5.0,139.0,1.0112354125976561,True,PUT,2026-02-27,APLD
APLD260227P00041000,41.0,6.35,5.8,6.45,1.0,37.0,1.0390673046875003,True,PUT,2026-02-27,APLD
APLD260227P00042000,42.0,6.93,6.5,6.9,5.0,208.0,1.01953615234375,True,PUT,2026-02-27,APLD
APLD260227P00043000,43.0,6.23,7.05,7.8,9.0,209.0,1.0273486132812502,True,PUT,2026-02-27,APLD
APLD260227P00046000,46.0,8.8,9.15,9.75,2.0,1.0,0.9765627343750001,True,PUT,2026-02-27,APLD
APLD260306C00027000,27.0,15.3,11.1,13.4,1.0,7.0,1.0800827246093752,True,CALL,2026-03-06,APLD
APLD260306C00028000,28.0,8.16,11.65,12.65,1.0,1.0,1.3168979467773436,True,CALL,2026-03-06,APLD
APLD260306C00028500,28.5,13.19,11.25,12.15,2.0,3.0,1.2851598242187499,True,CALL,2026-03-06,APLD
APLD260306C00029000,29.0,13.0,9.45,12.85,1.0,1.0,1.22266013671875,True,CALL,2026-03-06,APLD
APLD260306C00030000,30.0,10.27,8.85,11.8,1.0,3.0,1.1816447167968749,True,CALL,2026-03-06,APLD
APLD260306C00032000,32.0,8.45,7.8,10.45,7.0,5.0,1.2060586572265624,True,CALL,2026-03-06,APLD
APLD260306C00033000,33.0,8.85,7.65,9.55,1.0,15.0,1.2231484155273438,True,CALL,2026-03-06,APLD
APLD260306C00034000,34.0,7.85,7.5,8.2,1.0,18.0,1.179203322753906,True,CALL,2026-03-06,APLD
APLD260306C00034500,34.5,8.8,6.95,8.0,27.0,61.0,1.1557659399414062,True,CALL,2026-03-06,APLD
APLD260306C00035000,35.0,6.25,6.25,8.55,2.0,73.0,1.19922275390625,True,CALL,2026-03-06,APLD
APLD260306C00035500,35.5,7.35,6.35,7.4,1.0,22.0,1.1394085998535157,True,CALL,2026-03-06,APLD
APLD260306C00036000,36.0,8.58,6.1,7.0,17.0,24.0,1.1235395385742186,True,CALL,2026-03-06,APLD
APLD260306C00036500,36.5,8.19,6.05,6.85,5.0,158.0,1.1552776611328124,True,CALL,2026-03-06,APLD
APLD260306C00037500,37.5,5.15,5.25,6.45,31.0,11.0,1.126957490234375,True,CALL,2026-03-06,APLD
APLD260306C00038000,38.0,5.6,5.45,5.85,19.0,42.0,1.1318402783203125,True,CALL,2026-03-06,APLD
APLD260306C00039000,39.0,5.2,4.9,5.65,52.0,114.0,1.1420941333007812,False,CALL,2026-03-06,APLD
APLD260306C00040000,40.0,4.83,4.35,5.2,60.0,248.0,1.12109814453125,False,CALL,2026-03-06,APLD
APLD260306C00041000,41.0,5.65,3.95,4.8,15.0,28.0,1.115238798828125,False,CALL,2026-03-06,APLD
APLD260306C00042000,42.0,4.1,3.5,4.55,3.0,29.0,1.1142622412109375,False,CALL,2026-03-06,APLD
APLD260306C00044000,44.0,3.3,2.77,3.85,6.0,13.0,1.09375453125,False,CALL,2026-03-06,APLD
APLD260306C00045000,45.0,3.21,3.0,3.55,19.0,43.0,1.1450238061523437,False,CALL,2026-03-06,APLD
APLD260306P00028000,28.0,1.09,0.89,1.37,7.0,24.0,1.0957076464843751,False,PUT,2026-03-06,APLD
APLD260306P00029500,29.5,1.77,1.18,2.75,2.0,53.0,1.2334022705078125,False,PUT,2026-03-06,APLD
APLD260306P00030000,30.0,1.65,1.41,1.8,47.0,39.0,1.0791061669921875,False,PUT,2026-03-06,APLD
APLD260306P00031500,31.5,1.6,1.68,3.65,10.0,13.0,1.2338905493164063,False,PUT,2026-03-06,APLD
APLD260306P00032000,32.0,2.17,2.03,2.38,7.0,13.0,1.0649460815429688,False,PUT,2026-03-06,APLD
APLD260306P00032500,32.5,2.8,2.14,2.62,1.0,7.0,1.062992966308594,False,PUT,2026-03-06,APLD
APLD260306P00033000,33.0,2.5,2.33,2.79,7.0,13.0,1.0600632934570315,False,PUT,2026-03-06,APLD
APLD260306P00033500,33.5,2.68,2.38,3.05,2.0,24.0,1.049321159667969,False,PUT,2026-03-06,APLD
APLD260306P00034000,34.0,2.25,2.1,4.95,5.0,19.0,1.1909220141601562,False,PUT,2026-03-06,APLD
APLD260306P00034500,34.5,3.2,3.0,3.5,4.0,7.0,1.0751999365234377,False,PUT,2026-03-06,APLD
APLD260306P00035500,35.5,2.56,3.2,4.7,3.0,110.0,1.1284223266601563,False,PUT,2026-03-06,APLD
APLD260306P00036500,36.5,4.38,3.75,4.4,3.0,4.0,1.0473680444335938,False,PUT,2026-03-06,APLD
APLD260306P00037000,37.0,4.2,4.05,4.55,13.0,35.0,1.0405321411132817,False,PUT,2026-03-06,APLD
APLD260306P00037500,37.5,4.8,4.15,5.3,2.0,4.0,1.0742233789062503,False,PUT,2026-03-06,APLD
APLD260306P00038000,38.0,5.0,4.4,5.1,2.0,16.0,1.0219775463867187,False,PUT,2026-03-06,APLD
APLD260306P00042000,42.0,7.0,6.75,7.55,12.0,15.0,1.0112354125976561,True,PUT,2026-03-06,APLD
APLD260320C00027000,27.0,13.65,12.75,14.55,65.0,1340.0,1.3452181176757811,True,CALL,2026-03-20,APLD
APLD260320C00028000,28.0,12.45,12.45,13.8,3.0,2444.0,1.3793976342773435,True,CALL,2026-03-20,APLD
APLD260320C00029000,29.0,10.88,10.75,12.8,5.0,2979.0,1.2021524267578125,True,CALL,2026-03-20,APLD
APLD260320C00030000,30.0,11.0,10.75,11.45,177.0,4259.0,1.1938516870117186,True,CALL,2026-03-20,APLD
APLD260320C00031000,31.0,10.75,9.9,11.45,92.0,711.0,1.236331943359375,True,CALL,2026-03-20,APLD
APLD260320C00032000,32.0,9.4,9.25,10.3,30.0,1728.0,1.1674846313476563,True,CALL,2026-03-20,APLD
APLD260320C00033000,33.0,8.2,8.4,9.55,1.0,3161.0,1.119145029296875,True,CALL,2026-03-20,APLD
APLD260320C00034000,34.0,8.6,8.25,9.1,35.0,1185.0,1.1679729101562502,True,CALL,2026-03-20,APLD
APLD260320C00035000,35.0,7.92,8.0,8.35,235.0,3992.0,1.169926025390625,True,CALL,2026-03-20,APLD
APLD260320C00036000,36.0,7.63,7.5,7.9,196.0,2838.0,1.1713908618164064,True,CALL,2026-03-20,APLD
APLD260320C00037000,37.0,7.24,6.95,7.3,158.0,1003.0,1.1501507336425782,True,CALL,2026-03-20,APLD
APLD260320C00038000,38.0,6.65,6.5,6.85,155.0,3002.0,1.1474652001953123,True,CALL,2026-03-20,APLD
APLD260320C00039000,39.0,6.33,6.05,6.35,355.0,732.0,1.1364789270019533,False,CALL,2026-03-20,APLD
APLD260320C00040000,40.0,5.8,5.7,5.9,826.0,11883.0,1.1347699511718752,False,CALL,2026-03-20,APLD
APLD260320C00041000,41.0,5.53,5.3,5.55,64.0,2595.0,1.133305114746094,False,CALL,2026-03-20,APLD
APLD260320C00042000,42.0,5.04,4.9,5.25,71.0,507.0,1.1325726965332032,False,CALL,2026-03-20,APLD
APLD260320C00043000,43.0,4.6,4.6,5.0,15.0,429.0,1.1413617150878905,False,CALL,2026-03-20,APLD
APLD260320C00044000,44.0,4.4,4.35,4.6,288.0,5716.0,1.1381879028320312,False,CALL,2026-03-20,APLD
APLD260320C00045000,45.0,4.2,4.0,4.35,452.0,1784.0,1.1357465087890626,False,CALL,2026-03-20,APLD
APLD260320C00046000,46.0,3.5,3.7,4.15,20.0,190.0,1.1394085998535157,False,CALL,2026-03-20,APLD
APLD260320C00047000,47.0,3.3,3.55,3.8,6.0,917.0,1.1401410180664064,False,CALL,2026-03-20,APLD
APLD260320C00048000,48.0,3.05,3.25,3.6,70.0,357.0,1.1376996240234376,False,CALL,2026-03-20,APLD
APLD260320C00049000,49.0,3.09,3.05,3.4,11.0,65.0,1.1420941333007812,False,CALL,2026-03-20,APLD
APLD260320P00027000,27.0,1.4,1.29,1.5,19.0,677.0,1.0908248583984377,False,PUT,2026-03-20,APLD
APLD260320P00028000,28.0,1.76,1.32,1.75,8.0,664.0,1.0542039477539062,False,PUT,2026-03-20,APLD
APLD260320P00029000,29.0,2.03,1.77,1.98,6.0,624.0,1.0678757543945316,False,PUT,2026-03-20,APLD
APLD260320P00030000,30.0,2.2,2.2,2.2,30.0,2750.0,1.0683640332031252,False,PUT,2026-03-20,APLD
APLD260320P00031000,31.0,2.51,2.5,2.6,6.0,165.0,1.0673874755859378,False,PUT,2026-03-20,APLD
APLD260320P00032000,32.0,2.84,2.75,2.96,24.0,1613.0,1.0502977172851562,False,PUT,2026-03-20,APLD
APLD260320P00033000,33.0,3.25,3.1,3.35,55.0,295.0,1.0419969775390627,False,PUT,2026-03-20,APLD
APLD260320P00034000,34.0,3.6,3.55,3.8,50.0,452.0,1.0441942321777344,False,PUT,2026-03-20,APLD
APLD260320P00035000,35.0,4.25,4.05,4.2,236.0,962.0,1.0405321411132817,False,PUT,2026-03-20,APLD
APLD260320P00036000,36.0,4.8,4.45,4.7,18.0,367.0,1.031743122558594,False,PUT,2026-03-20,APLD
APLD260320P00037000,37.0,5.05,5.0,5.2,16.0,486.0,1.031743122558594,False,PUT,2026-03-20,APLD
APLD260320P00038000,38.0,5.4,5.45,5.85,19.0,281.0,1.0312548437500002,False,PUT,2026-03-20,APLD
APLD260320P00039000,39.0,6.1,6.05,6.35,5.0,284.0,1.0258837768554687,True,PUT,2026-03-20,APLD
APLD260320P00040000,40.0,6.78,6.6,7.0,28.0,462.0,1.0249072192382815,True,PUT,2026-03-20,APLD
APLD260320P00041000,41.0,7.65,7.35,7.55,11.0,219.0,1.0283251708984378,True,PUT,2026-03-20,APLD
APLD260320P00042000,42.0,8.37,7.8,8.15,11.0,215.0,1.0058643457031249,True,PUT,2026-03-20,APLD
APLD260320P00043000,43.0,7.9,8.5,9.0,5.0,164.0,1.0231982434082032,True,PUT,2026-03-20,APLD
APLD260320P00044000,44.0,9.5,9.15,9.5,21.0,175.0,1.0014698364257812,True,PUT,2026-03-20,APLD
APLD260320P00045000,45.0,10.51,9.95,10.35,15.0,1264.0,1.0202685705566408,True,PUT,2026-03-20,APLD
APLD260320P00046000,46.0,10.65,10.6,11.0,4.0,5.0,1.0041553698730468,True,PUT,2026-03-20,APLD
APLD260320P00047000,47.0,11.58,11.45,11.8,4.0,203.0,1.0166064794921876,True,PUT,2026-03-20,APLD
APLD260320P00048000,48.0,18.53,11.35,13.35,,1.0,1.007329182128906,True,PUT,2026-03-20,APLD
APLD260320P00049000,49.0,12.0,12.1,14.3,24.0,36.0,1.0190478735351562,True,PUT,2026-03-20,APLD
APLD260417C00027000,27.0,13.5,13.0,14.8,1.0,378.0,1.1345258117675785,True,CALL,2026-04-17,APLD
APLD260417C00028000,28.0,16.2,12.1,14.05,123.0,374.0,1.0974166223144532,True,CALL,2026-04-17,APLD
APLD260417C00029000,29.0,12.33,11.5,13.35,10.0,1348.0,1.0932662524414063,True,CALL,2026-04-17,APLD
APLD260417C00030000,30.0,11.25,11.8,12.85,18.0,974.0,1.185550947265625,True,CALL,2026-04-17,APLD
APLD260417C00031000,31.0,11.63,10.95,12.2,6.0,614.0,1.1516155700683592,True,CALL,2026-04-17,APLD
APLD260417C00032000,32.0,11.12,10.3,11.85,4.0,490.0,1.158207333984375,True,CALL,2026-04-17,APLD
APLD260417C00033000,33.0,10.73,10.35,11.1,13.0,341.0,1.185550947265625,True,CALL,2026-04-17,APLD
APLD260417C00034000,34.0,9.65,9.8,10.5,28.0,451.0,1.1716350012207033,True,CALL,2026-04-17,APLD
APLD260417C00035000,35.0,9.8,9.4,10.0,22.0,1722.0,1.1745646740722657,True,CALL,2026-04-17,APLD
APLD260417C00036000,36.0,8.3,8.75,9.55,37.0,663.0,1.1591838916015624,True,CALL,2026-04-17,APLD
APLD260417C00037000,37.0,8.77,8.6,9.0,31.0,1534.0,1.1711467224121095,True,CALL,2026-04-17,APLD
APLD260417C00038000,38.0,8.51,7.95,8.75,98.0,806.0,1.1650432373046877,True,CALL,2026-04-17,APLD
APLD260417C00039000,39.0,7.9,7.85,8.15,22.0,385.0,1.1711467224121095,False,CALL,2026-04-17,APLD
APLD260417C00040000,40.0,7.75,7.5,7.8,187.0,4012.0,1.1743205346679688,False,CALL,2026-04-17,APLD
APLD260417C00041000,41.0,7.35,7.05,7.5,45.0,1310.0,1.1713908618164064,False,CALL,2026-04-17,APLD
APLD260417C00042000,42.0,6.9,6.65,6.95,44.0,344.0,1.15234798828125,False,CALL,2026-04-17,APLD
APLD260417C00043000,43.0,6.7,6.35,6.75,21.0,829.0,1.1626018432617187,False,CALL,2026-04-17,APLD
APLD260417C00044000,44.0,6.07,6.15,6.55,28.0,790.0,1.1777384863281248,False,CALL,2026-04-17,APLD
APLD260417C00045000,45.0,6.06,5.7,6.05,242.0,978.0,1.152103848876953,False,CALL,2026-04-17,APLD
APLD260417C00046000,46.0,5.14,5.55,5.9,14.0,391.0,1.1704143041992188,False,CALL,2026-04-17,APLD
APLD260417C00047000,47.0,5.0,5.05,5.8,34.0,105.0,1.1655315161132815,False,CALL,2026-04-17,APLD
APLD260417C00048000,48.0,4.59,4.9,5.5,10.0,809.0,1.1694377465820311,False,CALL,2026-04-17,APLD
APLD260417C00049000,49.0,4.65,4.7,5.15,7.0,99.0,1.1647990979003908,False,CALL,2026-04-17,APLD
APLD260417P00027000,27.0,2.42,1.9,2.58,3.0,897.0,1.0732468212890627,False,PUT,2026-04-17,APLD
APLD260417P00028000,28.0,2.38,2.29,2.96,13.0,979.0,1.0830123974609376,False,PUT,2026-04-17,APLD
APLD260417P00029000,29.0,2.95,2.84,3.1,1.0,243.0,1.0786178881835937,False,PUT,2026-04-17,APLD
APLD260417P00030000,30.0,3.3,3.3,3.45,5.0,841.0,1.0810592822265626,False,PUT,2026-04-17,APLD
APLD260417P00031000,31.0,4.0,3.3,4.15,1.0,1377.0,1.0688523120117188,False,PUT,2026-04-17,APLD
APLD260417P00032000,32.0,4.2,4.05,4.25,21.0,262.0,1.0664109179687502,False,PUT,2026-04-17,APLD
APLD260417P00033000,33.0,4.6,4.55,4.75,5.0,349.0,1.0720261242675786,False,PUT,2026-04-17,APLD
APLD260417P00034000,34.0,5.05,4.95,5.35,1.0,224.0,1.0734909606933596,False,PUT,2026-04-17,APLD
APLD260417P00035000,35.0,5.6,5.45,5.7,272.0,1641.0,1.0595750146484377,False,PUT,2026-04-17,APLD
APLD260417P00036000,36.0,6.55,6.0,6.25,1.0,165.0,1.0620164086914063,False,PUT,2026-04-17,APLD
APLD260417P00037000,37.0,6.86,6.35,6.9,45.0,260.0,1.0532273901367186,False,PUT,2026-04-17,APLD
APLD260417P00038000,38.0,7.5,7.1,7.35,45.0,317.0,1.056645341796875,False,PUT,2026-04-17,APLD
APLD260417P00039000,39.0,7.85,7.65,8.15,3.0,322.0,1.0673874755859378,True,PUT,2026-04-17,APLD
APLD260417P00040000,40.0,8.75,8.3,8.55,9.0,488.0,1.0537156689453124,True,PUT,2026-04-17,APLD
APLD260417P00041000,41.0,9.05,9.1,9.7,6.0,192.0,1.1013228527832033,True,PUT,2026-04-17,APLD
APLD260417P00042000,42.0,10.2,9.1,10.1,51.0,140.0,1.0368700500488286,True,PUT,2026-04-17,APLD
APLD260417P00043000,43.0,9.47,10.15,11.2,1.0,156.0,1.0930221130371094,True,PUT,2026-04-17,APLD
APLD260417P00044000,44.0,11.3,10.85,11.35,15.0,65.0,1.0556687841796877,True,PUT,2026-04-17,APLD
APLD260417P00045000,45.0,12.45,11.45,12.15,12.0,46.0,1.0546922265625,True,PUT,2026-04-17,APLD
APLD260417P00046000,46.0,15.2,12.2,13.25,16.0,97.0,1.0830123974609376,True,PUT,2026-04-17,APLD
APLD260417P00047000,47.0,13.4,13.0,13.55,2.0,2.0,1.056645341796875,True,PUT,2026-04-17,APLD
APLD260417P00048000,48.0,13.0,13.7,14.3,4.0,37.0,1.052739111328125,True,PUT,2026-04-17,APLD
APLD260417P00049000,49.0,14.55,14.45,14.85,8.0,5.0,1.0361376318359379,True,PUT,2026-04-17,APLD
APLD260618C00027000,27.0,17.9,14.85,16.9,38.0,683.0,1.1550335217285155,True,CALL,2026-06-18,APLD
APLD260618C00028000,28.0,16.45,13.8,16.35,2.0,150.0,1.1176801928710938,True,CALL,2026-06-18,APLD
APLD260618C00029000,29.0,16.3,13.3,15.25,6.0,187.0,1.080326864013672,True,CALL,2026-06-18,APLD
APLD260618C00030000,30.0,13.55,13.45,14.75,38.0,3178.0,1.126957490234375,True,CALL,2026-06-18,APLD
APLD260618C00031000,31.0,15.25,13.2,14.2,8.0,3431.0,1.138920321044922,True,CALL,2026-06-18,APLD
APLD260618C00032000,32.0,12.0,12.65,13.6,1.0,1617.0,1.1257367932128908,True,CALL,2026-06-18,APLD
APLD260618C00033000,33.0,12.0,12.2,13.2,2.0,209.0,1.129398884277344,True,CALL,2026-06-18,APLD
APLD260618C00034000,34.0,12.7,10.85,13.25,283.0,388.0,1.103764246826172,True,CALL,2026-06-18,APLD
APLD260618C00035000,35.0,11.77,11.0,12.2,51.0,2318.0,1.1010787133789064,True,CALL,2026-06-18,APLD
APLD260618C00036000,36.0,10.87,10.7,11.75,7.0,898.0,1.1049849438476564,True,CALL,2026-06-18,APLD
APLD260618C00037000,37.0,11.0,10.3,11.35,92.0,788.0,1.1042525256347657,True,CALL,2026-06-18,APLD
APLD260618C00038000,38.0,10.25,10.35,10.95,60.0,1207.0,1.1270795599365235,True,CALL,2026-06-18,APLD
APLD260618C00039000,39.0,9.62,9.85,10.5,17.0,287.0,1.1145063806152344,False,CALL,2026-06-18,APLD
APLD260618C00040000,40.0,9.85,9.65,10.05,50.0,3017.0,1.1171919140625,False,CALL,2026-06-18,APLD
APLD260618C00041000,41.0,9.25,9.0,9.85,8.0,181.0,1.107426337890625,False,CALL,2026-06-18,APLD
APLD260618C00042000,42.0,8.92,8.7,9.5,1.0,514.0,1.1073042681884766,False,CALL,2026-06-18,APLD
APLD260618C00043000,43.0,9.0,6.85,9.9,13.0,123.0,1.0632371057128909,False,CALL,2026-06-18,APLD
APLD260618C00044000,44.0,7.65,7.35,8.95,110.0,222.0,1.0712937060546879,False,CALL,2026-06-18,APLD
APLD260618C00045000,45.0,8.25,7.85,8.6,39.0,504.0,1.1098677319335937,False,CALL,2026-06-18,APLD
APLD260618C00046000,46.0,8.5,6.45,8.2,1.0,74.0,1.0441942321777344,False,CALL,2026-06-18,APLD
APLD260618C00047000,47.0,7.55,6.55,8.05,7.0,59.0,1.069706799926758,False,CALL,2026-06-18,APLD
APLD260618C00048000,48.0,7.1,6.95,7.85,4.0,116.0,1.1071821984863282,False,CALL,2026-06-18,APLD
APLD260618C00049000,49.0,7.25,6.0,8.05,30.0,68.0,1.09375453125,False,CALL,2026-06-18,APLD
APLD260618P00027000,27.0,3.65,3.35,4.0,1.0,245.0,1.0307665649414064,False,PUT,2026-06-18,APLD
APLD260618P00028000,28.0,3.8,3.75,4.55,5.0,2939.0,1.0385790258789065,False,PUT,2026-06-18,APLD
APLD260618P00029000,29.0,4.7,4.45,5.0,23.0,530.0,1.056645341796875,False,PUT,2026-06-18,APLD
APLD260618P00030000,30.0,5.1,4.85,5.2,15.0,774.0,1.0336962377929688,False,PUT,2026-06-18,APLD
APLD260618P00031000,31.0,5.59,5.25,6.0,1.0,380.0,1.0485887414550783,False,PUT,2026-06-18,APLD
APLD260618P00032000,32.0,5.75,5.75,6.5,5.0,384.0,1.0473680444335938,False,PUT,2026-06-18,APLD
APLD260618P00033000,33.0,6.57,6.3,6.75,1.0,350.0,1.031743122558594,False,PUT,2026-06-18,APLD
APLD260618P00034000,34.0,7.05,6.85,7.2,10.0,370.0,1.0266161950683594,False,PUT,2026-06-18,APLD
APLD260618P00035000,35.0,7.7,7.3,7.95,20.0,209.0,1.0312548437500002,False,PUT,2026-06-18,APLD
APLD260618P00036000,36.0,8.26,7.7,8.9,2.0,49.0,1.0422411169433596,False,PUT,2026-06-18,APLD
APLD260618P00037000,37.0,7.95,8.05,9.05,3.0,114.0,1.0031788122558591,False,PUT,2026-06-18,APLD
APLD260618P00038000,38.0,9.0,9.0,9.65,1.0,61.0,1.0217334069824218,False,PUT,2026-06-18,APLD
APLD260618P00039000,39.0,9.6,9.2,10.7,2.0,42.0,1.021489267578125,True,PUT,2026-06-18,APLD
APLD260618P00040000,40.0,10.33,10.2,10.7,8.0,259.0,1.0061084851074216,True,PUT,2026-06-18,APLD
APLD260618P00041000,41.0,10.41,10.45,11.95,1.0,16.0,1.0163623400878907,True,PUT,2026-06-18,APLD
APLD260618P00042000,42.0,11.16,10.2,12.9,2.0,83.0,0.98242205078125,True,PUT,2026-06-18,APLD
APLD260618P00043000,43.0,11.8,11.7,13.5,2.0,15.0,1.021489267578125,True,PUT,2026-06-18,APLD
APLD260618P00044000,44.0,12.3,12.85,14.15,1.0,49.0,1.0429735351562504,True,PUT,2026-06-18,APLD
APLD260618P00045000,45.0,14.36,13.05,14.75,97.0,128.0,1.0102588549804685,True,PUT,2026-06-18,APLD
APLD260618P00046000,46.0,14.35,13.75,15.05,9.0,58.0,0.9870606762695313,True,PUT,2026-06-18,APLD
APLD260618P00047000,47.0,14.28,14.45,15.8,3.0,15.0,0.9863282617187501,True,PUT,2026-06-18,APLD
APLD260618P00049000,49.0,16.55,15.85,17.3,4.0,29.0,0.9812013598632813,True,PUT,2026-06-18,APLD
APLD260717C00027000,27.0,17.6,14.8,17.5,2.0,14.0,1.0896041613769532,True,CALL,2026-07-17,APLD
APLD260717C00028000,28.0,16.0,14.35,16.95,2.0,34.0,1.0935103918457032,True,CALL,2026-07-17,APLD
APLD260717C00029000,29.0,17.53,13.8,15.85,2.0,61.0,1.0537156689453124,True,CALL,2026-07-17,APLD
APLD260717C00030000,30.0,14.0,13.9,15.4,8.0,97.0,1.09375453125,True,CALL,2026-07-17,APLD
APLD260717C00031000,31.0,14.05,13.9,14.8,4.0,44.0,1.1145063806152344,True,CALL,2026-07-17,APLD
APLD260717C00032000,32.0,15.59,12.5,14.85,3.0,401.0,1.0886276037597655,True,CALL,2026-07-17,APLD
APLD260717C00033000,33.0,13.47,12.65,14.8,3.0,915.0,1.144291387939453,True,CALL,2026-07-17,APLD
APLD260717C00034000,34.0,13.68,11.6,14.1,14.0,1228.0,1.0932662524414063,True,CALL,2026-07-17,APLD
APLD260717C00035000,35.0,12.4,11.35,13.0,154.0,194.0,1.0644578027343752,True,CALL,2026-07-17,APLD
APLD260717C00036000,36.0,13.65,10.8,13.2,2.0,36.0,1.0883834643554686,True,CALL,2026-07-17,APLD
APLD260717C00037000,37.0,11.67,10.9,12.15,49.0,55.0,1.0783737487792968,True,CALL,2026-07-17,APLD
APLD260717C00038000,38.0,11.31,10.8,11.75,35.0,51.0,1.0905807189941408,True,CALL,2026-07-17,APLD
APLD260717C00039000,39.0,11.05,10.35,11.4,36.0,204.0,1.0859420703125,False,CALL,2026-07-17,APLD
APLD260717C00040000,40.0,10.64,10.1,11.15,62.0,175.0,1.0949752282714846,False,CALL,2026-07-17,APLD
APLD260717C00041000,41.0,10.22,9.1,10.7,34.0,85.0,1.0555467144775392,False,CALL,2026-07-17,APLD
APLD260717C00042000,42.0,9.45,9.1,10.5,6.0,38.0,1.0771530517578127,False,CALL,2026-07-17,APLD
APLD260717C00043000,43.0,9.9,9.1,10.6,40.0,63.0,1.1120649865722658,False,CALL,2026-07-17,APLD
APLD260717C00044000,44.0,9.75,8.25,9.9,15.0,25.0,1.0651902209472657,False,CALL,2026-07-17,APLD
APLD260717C00045000,45.0,8.88,8.55,9.6,31.0,98.0,1.0927779736328125,False,CALL,2026-07-17,APLD
APLD260717C00046000,46.0,10.5,7.75,9.7,14.0,17.0,1.0854537915039062,False,CALL,2026-07-17,APLD
APLD260717C00047000,47.0,8.6,8.1,9.0,17.0,6.0,1.0941207403564455,False,CALL,2026-07-17,APLD
APLD260717C00048000,48.0,8.47,7.3,9.2,2.0,10.0,1.08984830078125,False,CALL,2026-07-17,APLD
APLD260717C00049000,49.0,8.77,6.6,8.95,7.0,128.0,1.0678757543945316,False,CALL,2026-07-17,APLD
APLD260717P00027000,27.0,4.38,4.05,4.8,4.0,17.0,1.0424852563476565,False,PUT,2026-07-17,APLD
APLD260717P00028000,28.0,4.39,4.25,5.2,1.0,13.0,1.0219775463867187,False,PUT,2026-07-17,APLD
APLD260717P00029000,29.0,5.28,4.7,5.8,1.0,13.0,1.0290575891113285,False,PUT,2026-07-17,APLD
APLD260717P00030000,30.0,5.7,5.1,6.3,1.0,154.0,1.0241748010253908,False,PUT,2026-07-17,APLD
APLD260717P00031000,31.0,5.67,5.5,6.7,1.0,13.0,1.0112354125976561,False,PUT,2026-07-17,APLD
APLD260717P00032000,32.0,6.25,6.0,6.95,14.0,25.0,0.9941406835937501,False,PUT,2026-07-17,APLD
APLD260717P00033000,33.0,7.2,6.7,7.4,1.0,17.0,0.9985351708984375,False,PUT,2026-07-17,APLD
APLD260717P00034000,34.0,7.56,7.3,7.8,1.0,180.0,0.9923096472167969,False,PUT,2026-07-17,APLD
APLD260717P00035000,35.0,7.5,7.9,9.0,2.0,46.0,1.027592752685547,False,PUT,2026-07-17,APLD
APLD260717P00036000,36.0,8.61,8.1,9.55,1.0,7.0,1.0043995092773437,False,PUT,2026-07-17,APLD
APLD260717P00037000,37.0,10.03,8.7,10.25,13.0,61.0,1.008916088256836,False,PUT,2026-07-17,APLD
APLD260717P00038000,38.0,9.24,9.3,10.85,6.0,6.0,1.0065967639160154,False,PUT,2026-07-17,APLD
APLD260717P00040000,40.0,10.5,10.5,12.1,2.0,5.0,1.000615348510742,True,PUT,2026-07-17,APLD
APLD260717P00041000,41.0,14.24,11.15,12.95,,1.0,1.0092822973632813,True,PUT,2026-07-17,APLD
APLD260717P00042000,42.0,12.85,11.75,13.45,3.0,38.0,0.9968262036132812,True,PUT,2026-07-17,APLD
APLD260717P00043000,43.0,13.45,12.4,14.2,,1.0,0.99804689453125,True,PUT,2026-07-17,APLD
APLD260717P00044000,44.0,14.65,13.1,14.9,24.0,22.0,0.99804689453125,True,PUT,2026-07-17,APLD
APLD260717P00045000,45.0,14.3,13.75,16.05,4.0,4.0,1.0161182006835938,True,PUT,2026-07-17,APLD
APLD260717P00046000,46.0,15.62,14.45,16.45,17.0,18.0,0.9995117236328125,True,PUT,2026-07-17,APLD
APLD260717P00047000,47.0,16.5,15.15,17.15,97.0,98.0,0.9963379272460937,True,PUT,2026-07-17,APLD
APLD260717P00048000,48.0,17.05,15.85,17.85,1.0,1.0,0.992187578125,True,PUT,2026-07-17,APLD
APLD260717P00049000,49.0,16.25,16.6,18.8,3.0,4.0,1.0015919061279297,True,PUT,2026-07-17,APLD
APLD260918C00027000,27.0,17.2,16.55,18.4,4.0,577.0,1.0847213732910155,True,CALL,2026-09-18,APLD
APLD260918C00030000,30.0,15.36,15.6,16.85,1.0,883.0,1.0998580163574219,True,CALL,2026-09-18,APLD
APLD260918C00032000,32.0,14.5,14.85,15.95,1.0,1000.0,1.101811131591797,True,CALL,2026-09-18,APLD
APLD260918C00035000,35.0,13.56,13.9,14.8,22.0,560.0,1.1126753350830076,True,CALL,2026-09-18,APLD
APLD260918C00037000,37.0,13.48,12.85,14.0,16.0,749.0,1.092900043334961,True,CALL,2026-09-18,APLD
APLD260918C00040000,40.0,12.45,12.0,12.9,47.0,1408.0,1.094242810058594,False,CALL,2026-09-18,APLD
APLD260918C00042000,42.0,11.5,10.65,12.3,2.0,579.0,1.0626267572021486,False,CALL,2026-09-18,APLD
APLD260918C00045000,45.0,10.5,10.45,11.4,62.0,530.0,1.0880172552490235,False,CALL,2026-09-18,APLD
APLD260918C00047000,47.0,10.86,9.9,11.5,2.0,2011.0,1.1126753350830076,False,CALL,2026-09-18,APLD
APLD260918P00027000,27.0,5.6,5.0,5.95,27.0,274.0,1.0129443884277345,False,PUT,2026-09-18,APLD
APLD260918P00030000,30.0,7.0,6.65,7.5,10.0,522.0,1.0188037341308593,False,PUT,2026-09-18,APLD
APLD260918P00032000,32.0,7.7,7.35,8.7,3.0,274.0,1.0024463940429689,False,PUT,2026-09-18,APLD
APLD260918P00035000,35.0,9.1,9.05,10.4,1.0,278.0,0.9956055126953125,False,PUT,2026-09-18,APLD
APLD260918P00037000,37.0,11.25,10.4,11.8,1.0,777.0,1.0070850427246092,False,PUT,2026-09-18,APLD
APLD260918P00040000,40.0,12.1,12.05,13.7,15.0,108.0,0.9899903344726562,True,PUT,2026-09-18,APLD
APLD260918P00042000,42.0,13.4,13.35,15.25,6.0,12.0,0.9948730981445313,True,PUT,2026-09-18,APLD
APLD260918P00045000,45.0,16.3,15.8,16.9,1.0,71.0,0.9880372290039063,True,PUT,2026-09-18,APLD
APLD260918P00047000,47.0,18.25,16.7,18.8,2.0,22.0,0.9825441198730469,True,PUT,2026-09-18,APLD
APLD270115C00027000,27.0,19.58,19.35,20.65,22.0,510.0,1.1237836779785155,True,CALL,2027-01-15,APLD
APLD270115C00030000,30.0,18.0,18.3,18.95,47.0,8856.0,1.1052290832519533,True,CALL,2027-01-15,APLD
APLD270115C00032000,32.0,17.75,17.7,18.2,44.0,1207.0,1.1098677319335937,True,CALL,2027-01-15,APLD
APLD270115C00035000,35.0,16.8,16.05,17.05,82.0,1351.0,1.0786178881835937,True,CALL,2027-01-15,APLD
APLD270115C00037000,37.0,16.1,15.65,17.15,49.0,1108.0,1.116947774658203,True,CALL,2027-01-15,APLD
APLD270115C00040000,40.0,15.2,15.0,15.45,141.0,1515.0,1.093998670654297,False,CALL,2027-01-15,APLD
APLD270115C00042000,42.0,14.5,14.15,14.8,64.0,446.0,1.0793503063964844,False,CALL,2027-01-15,APLD
APLD270115C00045000,45.0,13.57,13.25,14.1,3.0,5614.0,1.077519260864258,False,CALL,2027-01-15,APLD
APLD270115C00047000,47.0,14.57,12.7,14.25,3.0,55.0,1.0975386920166017,False,CALL,2027-01-15,APLD
APLD270115P00027000,27.0,7.14,6.8,7.2,1.0,152.0,0.9685061743164063,False,PUT,2027-01-15,APLD
APLD270115P00030000,30.0,8.76,8.25,9.15,1.0,515.0,0.9692385888671875,False,PUT,2027-01-15,APLD
APLD270115P00032000,32.0,9.62,8.7,10.55,1.0,108.0,0.9465337377929688,False,PUT,2027-01-15,APLD
APLD270115P00035000,35.0,11.3,11.3,12.1,3.0,324.0,0.9621585815429687,False,PUT,2027-01-15,APLD
APLD270115P00037000,37.0,13.0,12.4,13.7,1.0,1886.0,0.9649661706542969,False,PUT,2027-01-15,APLD
APLD270115P00040000,40.0,14.5,14.55,15.85,1.0,65.0,0.9722903161621093,True,PUT,2027-01-15,APLD
APLD270115P00042000,42.0,15.9,15.9,17.0,1.0,7.0,0.9604496142578124,True,PUT,2027-01-15,APLD
APLD270115P00045000,45.0,17.74,18.0,20.0,33.0,128.0,0.9863282617187501,True,PUT,2027-01-15,APLD
APLD270115P00047000,47.0,21.75,19.45,21.45,58.0,30.0,0.9830323962402343,True,PUT,2027-01-15,APLD
APLD270617C00027000,27.0,23.3,20.15,22.45,3.0,138.0,1.0450487200927736,True,CALL,2027-06-17,APLD
APLD270617C00030000,30.0,20.05,20.0,21.1,22.0,317.0,1.069462660522461,True,CALL,2027-06-17,APLD
APLD270617C00032000,32.0,19.65,19.3,20.5,5.0,119.0,1.0692185211181642,True,CALL,2027-06-17,APLD
APLD270617C00035000,35.0,17.5,16.55,19.15,1.0,1721.0,0.9890137817382813,True,CALL,2027-06-17,APLD
APLD270617C00037000,37.0,17.42,17.8,19.6,4.0,192.0,1.0877731158447266,True,CALL,2027-06-17,APLD
APLD270617C00040000,40.0,16.75,15.45,17.85,11.0,412.0,1.0042774395751952,False,CALL,2027-06-17,APLD
APLD270617C00042000,42.0,16.7,15.9,17.4,3.0,2175.0,1.037358328857422,False,CALL,2027-06-17,APLD
APLD270617C00045000,45.0,15.95,14.5,17.4,2.0,96.0,1.0382128167724611,False,CALL,2027-06-17,APLD
APLD270617C00047000,47.0,17.22,14.0,16.9,1.0,3.0,1.0350390045166018,False,CALL,2027-06-17,APLD
APLD270617P00027000,27.0,8.5,7.95,10.1,4.0,1277.0,0.9714358325195311,False,PUT,2027-06-17,APLD
APLD270617P00030000,30.0,10.5,9.8,10.75,20.0,588.0,0.9252937158203125,False,PUT,2027-06-17,APLD
APLD270617P00032000,32.0,11.25,10.85,12.95,2.0,280.0,0.9505620178222656,False,PUT,2027-06-17,APLD
APLD270617P00035000,35.0,14.13,12.75,15.0,1.0,28.0,0.9484868432617187,False,PUT,2027-06-17,APLD
APLD270617P00037000,37.0,17.2,14.05,16.5,2.0,1.0,0.9495854650878905,False,PUT,2027-06-17,APLD
APLD270617P00040000,40.0,17.04,16.05,18.2,5.0,8.0,0.9313971704101562,True,PUT,2027-06-17,APLD
APLD270617P00042000,42.0,18.86,17.45,18.75,500.0,501.0,0.9017343811035157,True,PUT,2027-06-17,APLD
APLD270617P00045000,45.0,20.35,19.55,21.85,2.0,7.0,0.9241950939941408,True,PUT,2027-06-17,APLD
APLD270617P00047000,47.0,28.85,21.25,23.8,,1.0,0.9421392504882812,True,PUT,2027-06-17,APLD
APLD280121C00027000,27.0,25.8,22.8,24.5,3.0,311.0,1.0422411169433596,True,CALL,2028-01-21,APLD
APLD280121C00030000,30.0,22.9,21.95,23.3,54.0,1501.0,1.0332079589843752,True,CALL,2028-01-21,APLD
APLD280121C00032000,32.0,22.83,20.0,22.7,4.0,200.0,0.9860841235351563,True,CALL,2028-01-21,APLD
APLD280121C00035000,35.0,20.4,20.0,22.4,58.0,1462.0,1.0285693103027347,True,CALL,2028-01-21,APLD
APLD280121C00037000,37.0,20.5,19.9,21.65,7.0,451.0,1.0329638195800785,True,CALL,2028-01-21,APLD
APLD280121C00040000,40.0,20.0,18.9,20.9,23.0,800.0,1.022587894897461,False,CALL,2028-01-21,APLD
APLD280121C00042000,42.0,18.6,18.05,20.6,1.0,1042.0,1.0150195733642577,False,CALL,2028-01-21,APLD
APLD280121C00045000,45.0,18.8,17.65,19.4,66.0,434.0,1.0058643457031249,False,CALL,2028-01-21,APLD
APLD280121C00047000,47.0,19.6,16.5,19.75,4.0,34.0,1.0059864154052733,False,CALL,2028-01-21,APLD
APLD280121P00027000,27.0,10.35,9.5,10.65,32.0,236.0,0.8845226391601562,False,PUT,2028-01-21,APLD
APLD280121P00030000,30.0,11.5,11.5,12.95,2.0,1362.0,0.8977061010742187,False,PUT,2028-01-21,APLD
APLD280121P00032000,32.0,12.75,13.2,13.9,2.0,166.0,0.8957529956054686,False,PUT,2028-01-21,APLD
APLD280121P00035000,35.0,14.85,14.5,16.8,1.0,780.0,0.8959971337890623,False,PUT,2028-01-21,APLD
APLD280121P00037000,37.0,16.1,15.9,17.3,3.0,286.0,0.8680433117675781,False,PUT,2028-01-21,APLD
APLD280121P00040000,40.0,19.12,18.3,20.0,4.0,31.0,0.8878795391845702,True,PUT,2028-01-21,APLD
APLD280121P00042000,42.0,20.05,19.35,21.75,3.0,17.0,0.8823864300537108,True,PUT,2028-01-21,APLD
APLD280121P00045000,45.0,22.68,21.35,23.7,1.0,103.0,0.8657239990234374,True,PUT,2028-01-21,APLD
APLD280121P00047000,47.0,23.5,22.85,25.15,23.0,45.0,0.8618788226318359,True,PUT,2028-01-21,APLD
APP260130C00400000,400.0,142.23,155.0,166.1,2.0,3.0,2.2880902172851565,True,CALL,2026-01-30,APP
APP260130C00405000,405.0,152.63,150.0,162.5,1.0,3.0,2.7373078442382814,True,CALL,2026-01-30,APP
APP260130C00407500,407.5,150.2,148.0,158.8,4.0,4.0,2.281254296875,True,CALL,2026-01-30,APP
APP260130C00410000,410.0,147.22,145.0,156.8,4.0,4.0,2.441410146484375,True,CALL,2026-01-30,APP
APP260130C00412500,412.5,144.8,143.0,154.3,2.0,3.0,2.4023477441406245,True,CALL,2026-01-30,APP
APP260130C00415000,415.0,136.8,140.0,154.0,1.0,5.0,2.908205854492188,True,CALL,2026-01-30,APP
APP260130C00417500,417.5,123.98,138.0,149.1,2.0,4.0,2.2548871752929687,True,CALL,2026-01-30,APP
APP260130C00420000,420.0,130.55,135.0,146.3,2.0,18.0,2.0991258459472655,True,CALL,2026-01-30,APP
APP260130C00422500,422.5,116.5,133.0,143.8,1.0,4.0,2.063481403808593,True,CALL,2026-01-30,APP
APP260130C00425000,425.0,125.6,130.0,141.8,2.0,9.0,2.208988852539062,True,CALL,2026-01-30,APP
APP260130C00427500,427.5,113.63,128.0,138.5,4.0,5.0,1.8476570117187499,True,CALL,2026-01-30,APP
APP260130C00430000,430.0,121.26,125.0,136.2,2.0,11.0,1.9130863720703126,True,CALL,2026-01-30,APP
APP260130C00432500,432.5,108.68,123.0,132.8,4.0,6.0,1.0000000000000003e-05,True,CALL,2026-01-30,APP
APP260130C00435000,435.0,124.4,120.0,131.3,3.0,4.0,1.8857427587890623,True,CALL,2026-01-30,APP
APP260130C00437500,437.5,109.62,118.0,130.3,2.0,4.0,2.2719769763183595,True,CALL,2026-01-30,APP
APP260130C00440000,440.0,105.28,115.2,126.4,4.0,12.0,1.8525397998046875,True,CALL,2026-01-30,APP
APP260130C00442500,442.5,109.58,113.0,124.2,16.0,48.0,1.9160160449218753,True,CALL,2026-01-30,APP
APP260130C00445000,445.0,98.79,110.2,122.8,8.0,17.0,2.14990696899414,True,CALL,2026-01-30,APP
APP260130C00447500,447.5,104.62,109.0,119.4,16.0,36.0,1.8989262866210939,True,CALL,2026-01-30,APP
APP260130C00450000,450.0,93.81,105.0,117.8,21.0,23.0,2.069340764160156,True,CALL,2026-01-30,APP
APP260130C00452500,452.5,88.95,103.0,115.3,12.0,23.0,2.0293018017578124,True,CALL,2026-01-30,APP
APP260130C00455000,455.0,89.69,101.0,112.8,18.0,7.0,1.9892578662109375,True,CALL,2026-01-30,APP
APP260130C00457500,457.5,86.56,101.0,108.0,6.0,17.0,0.87500125,True,CALL,2026-01-30,APP
APP260130C00460000,460.0,95.96,98.0,105.7,4.0,18.0,1.2451209619140622,True,CALL,2026-01-30,APP
APP260130C00467500,467.5,76.42,91.0,98.0,10.0,12.0,0.7812521875,True,CALL,2026-01-30,APP
APP260130C00475000,475.0,84.4,83.1,90.7,2.0,11.0,1.0742233789062503,True,CALL,2026-01-30,APP
APP260130C00480000,480.0,72.46,78.0,86.0,6.0,36.0,1.1689494677734376,True,CALL,2026-01-30,APP
APP260130C00482500,482.5,70.01,76.0,83.0,6.0,14.0,0.6718782812500002,True,CALL,2026-01-30,APP
APP260130C00485000,485.0,67.43,74.0,81.0,5.0,11.0,1.105961501464844,True,CALL,2026-01-30,APP
APP260130C00487500,487.5,65.02,71.0,78.0,5.0,6.0,0.6250037500000001,True,CALL,2026-01-30,APP
APP260130C00490000,490.0,62.41,69.0,75.9,6.0,5.0,1.0048877880859375,True,CALL,2026-01-30,APP
APP260130C00495000,495.0,56.63,64.0,71.0,2.0,27.0,0.981445498046875,True,CALL,2026-01-30,APP
APP260130C00497500,497.5,47.08,61.0,68.0,6.0,2.0,0.5468795312500001,True,CALL,2026-01-30,APP
APP260130C00500000,500.0,57.05,59.0,66.0,6.0,26.0,0.918946123046875,True,CALL,2026-01-30,APP
APP260130C00502500,502.5,42.56,56.0,63.3,2.0,3.0,0.81445498046875,True,CALL,2026-01-30,APP
APP260130C00505000,505.0,58.42,54.0,61.0,4.0,10.0,0.85742330078125,True,CALL,2026-01-30,APP
APP260130C00507500,507.5,32.2,51.0,59.0,6.0,3.0,0.9489751196289062,True,CALL,2026-01-30,APP
APP260130C00510000,510.0,44.7,49.0,56.0,2.0,45.0,0.7949239257812499,True,CALL,2026-01-30,APP
APP260130C00512500,512.5,34.5,46.1,53.5,1.0,36.0,0.7641625146484375,True,CALL,2026-01-30,APP
APP260130C00515000,515.0,49.0,44.0,51.0,4.0,114.0,0.7329128271484374,True,CALL,2026-01-30,APP
APP260130C00517500,517.5,41.0,42.0,48.6,1.0,36.0,0.727541787109375,True,CALL,2026-01-30,APP
APP260130C00520000,520.0,32.9,39.0,46.3,22.0,259.0,0.7387721435546875,True,CALL,2026-01-30,APP
APP260130C00522500,522.5,31.7,37.0,44.0,13.0,34.0,0.7424342163085937,True,CALL,2026-01-30,APP
APP260130C00525000,525.0,35.9,35.0,42.1,32.0,139.0,0.7985859985351562,True,CALL,2026-01-30,APP
APP260130C00527500,527.5,32.3,35.8,39.6,15.0,50.0,0.7607445800781252,True,CALL,2026-01-30,APP
APP260130C00530000,530.0,33.5,31.0,36.0,146.0,353.0,0.5449264257812501,True,CALL,2026-01-30,APP
APP260130C00532500,532.5,19.5,28.1,34.3,2.0,123.0,0.6457554956054687,True,CALL,2026-01-30,APP
APP260130C00535000,535.0,26.0,27.0,32.6,45.0,133.0,0.7033721069335939,True,CALL,2026-01-30,APP
APP260130C00537500,537.5,17.0,26.5,30.2,2.0,29.0,0.6728548339843752,True,CALL,2026-01-30,APP
APP260130C00540000,540.0,25.35,24.7,28.0,96.0,385.0,0.6606479248046876,True,CALL,2026-01-30,APP
APP260130C00542500,542.5,13.41,22.5,26.0,9.0,44.0,0.6624789611816408,True,CALL,2026-01-30,APP
APP260130C00545000,545.0,21.6,20.4,23.8,109.0,192.0,0.6422154919433594,True,CALL,2026-01-30,APP
APP260130C00547500,547.5,18.5,18.6,21.0,37.0,78.0,0.5710492114257812,True,CALL,2026-01-30,APP
APP260130C00550000,550.0,18.06,17.1,19.1,251.0,1443.0,0.5700726586914062,True,CALL,2026-01-30,APP
APP260130C00552500,552.5,17.0,15.6,17.4,138.0,208.0,0.5127001855468749,True,CALL,2026-01-30,APP
APP260130C00555000,555.0,15.0,13.7,15.0,411.0,295.0,0.5302781347656251,True,CALL,2026-01-30,APP
APP260130C00557500,557.5,12.0,12.1,13.9,71.0,85.0,0.506840869140625,True,CALL,2026-01-30,APP
APP260130C00560000,560.0,11.9,10.8,12.6,608.0,375.0,0.5220995056152342,True,CALL,2026-01-30,APP
APP260130C00562500,562.5,9.8,9.1,11.8,157.0,100.0,0.5327195166015625,True,CALL,2026-01-30,APP
APP260130C00565000,565.0,8.6,8.1,9.8,511.0,231.0,0.5212450219726561,True,CALL,2026-01-30,APP
APP260130C00567500,567.5,4.64,6.6,9.1,65.0,81.0,0.5269822692871093,False,CALL,2026-01-30,APP
APP260130C00570000,570.0,7.0,6.0,7.0,808.0,582.0,0.510869149169922,False,CALL,2026-01-30,APP
APP260130C00572500,572.5,5.4,4.5,6.0,24.0,112.0,0.5401657312011721,False,CALL,2026-01-30,APP
APP260130C00575000,575.0,4.9,4.2,6.0,506.0,434.0,0.5387009020996094,False,CALL,2026-01-30,APP
APP260130C00577500,577.5,2.74,3.3,4.4,101.0,53.0,0.5063525927734375,False,CALL,2026-01-30,APP
APP260130C00580000,580.0,3.29,3.0,3.7,589.0,763.0,0.5178270874023438,False,CALL,2026-01-30,APP
APP260130C00582500,582.5,2.8,2.3,3.4,70.0,102.0,0.5239305419921875,False,CALL,2026-01-30,APP
APP260130C00585000,585.0,2.09,1.9,2.5,1153.0,1338.0,0.5111132873535156,False,CALL,2026-01-30,APP
APP260130C00587500,587.5,1.2,1.2,2.0,45.0,46.0,0.5316208947753907,False,CALL,2026-01-30,APP
APP260130C00590000,590.0,1.45,1.2,1.6,328.0,533.0,0.5069629382324219,False,CALL,2026-01-30,APP
APP260130C00592500,592.5,0.9,0.75,1.2,64.0,46.0,0.51758294921875,False,CALL,2026-01-30,APP
APP260130C00595000,595.0,0.75,0.5,0.95,60.0,99.0,0.5170946728515625,False,CALL,2026-01-30,APP
APP260130C00597500,597.5,0.55,0.5,0.75,246.0,73.0,0.5170946728515625,False,CALL,2026-01-30,APP
APP260130C00600000,600.0,0.49,0.35,0.6,966.0,1516.0,0.5197801928710937,False,CALL,2026-01-30,APP
APP260130C00602500,602.5,0.5,0.2,0.7,8.0,35.0,0.5161181201171875,False,CALL,2026-01-30,APP
APP260130C00605000,605.0,0.3,0.15,0.35,276.0,337.0,0.5170946728515625,False,CALL,2026-01-30,APP
APP260130C00607500,607.5,0.35,0.0,0.75,29.0,35.0,0.5498091894531252,False,CALL,2026-01-30,APP
APP260130C00610000,610.0,0.05,0.05,0.25,1088.0,446.0,0.5351608984375,False,CALL,2026-01-30,APP
APP260130C00612500,612.5,0.05,0.05,0.15,7.0,83.0,0.516606396484375,False,CALL,2026-01-30,APP
APP260130C00615000,615.0,0.13,0.05,0.15,43.0,316.0,0.508793974609375,False,CALL,2026-01-30,APP
APP260130C00617500,617.5,0.1,0.0,0.15,21.0,72.0,0.5097705273437501,False,CALL,2026-01-30,APP
APP260130C00620000,620.0,0.05,0.0,0.05,644.0,741.0,0.5039112109375,False,CALL,2026-01-30,APP
APP260130C00622500,622.5,0.08,0.0,0.15,508.0,565.0,0.5507857421875001,False,CALL,2026-01-30,APP
APP260130C00625000,625.0,0.03,0.0,0.05,69.0,522.0,0.5039112109375,False,CALL,2026-01-30,APP
APP260130C00627500,627.5,0.05,0.0,0.1,19.0,68.0,0.5625043750000001,False,CALL,2026-01-30,APP
APP260130C00630000,630.0,0.03,0.0,0.05,59.0,491.0,0.5390671093750001,False,CALL,2026-01-30,APP
APP260130C00632500,632.5,0.15,0.0,0.5,1.0,16.0,0.7412135253906249,False,CALL,2026-01-30,APP
APP260130C00635000,635.0,0.05,0.0,0.1,96.0,338.0,0.6191444335937502,False,CALL,2026-01-30,APP
APP260130C00637500,637.5,0.15,0.0,1.0,2.0,52.0,0.8789074609374999,False,CALL,2026-01-30,APP
APP260130C00640000,640.0,0.01,0.0,0.05,5.0,747.0,0.6093789062500001,False,CALL,2026-01-30,APP
APP260130C00642500,642.5,0.05,0.0,0.7,16.0,257.0,0.8720715917968749,False,CALL,2026-01-30,APP
APP260130C00645000,645.0,0.05,0.0,1.25,1.0,330.0,0.9858399853515626,False,CALL,2026-01-30,APP
APP260130C00647500,647.5,0.05,0.0,0.25,4.0,9.0,0.79101771484375,False,CALL,2026-01-30,APP
APP260130C00650000,650.0,0.02,0.0,0.05,10.0,350.0,0.6796907031250001,False,CALL,2026-01-30,APP
APP260130C00652500,652.5,0.15,0.0,0.3,5.0,30.0,0.84961087890625,False,CALL,2026-01-30,APP
APP260130C00655000,655.0,0.03,0.0,0.05,2.0,214.0,0.710940390625,False,CALL,2026-01-30,APP
APP260130C00660000,660.0,0.05,0.0,0.05,7.0,386.0,0.7421900781249999,False,CALL,2026-01-30,APP
APP260130C00665000,665.0,0.65,0.0,0.05,2.0,105.0,0.773439765625,False,CALL,2026-01-30,APP
APP260130C00670000,670.0,0.73,0.0,0.3,1.0,131.0,0.98242205078125,False,CALL,2026-01-30,APP
APP260130C00672500,672.5,0.3,0.0,4.3,5.0,38.0,1.5715353454589844,False,CALL,2026-01-30,APP
APP260130C00675000,675.0,0.03,0.0,3.2,3.0,252.0,1.4970728271484375,False,CALL,2026-01-30,APP
APP260130C00677500,677.5,0.25,0.0,0.05,26.0,19.0,0.8554701953125,False,CALL,2026-01-30,APP
APP260130C00680000,680.0,0.04,0.0,0.05,3.0,392.0,0.8710950390625,False,CALL,2026-01-30,APP
APP260130C00682500,682.5,0.05,0.0,1.55,73.0,40.0,1.3676789428710938,False,CALL,2026-01-30,APP
APP260130C00685000,685.0,0.08,0.0,0.05,1.0,59.0,0.9023447265625,False,CALL,2026-01-30,APP
APP260130C00687500,687.5,0.24,0.0,4.3,90.0,127.0,1.720704521484375,False,CALL,2026-01-30,APP
APP260130C00690000,690.0,0.06,0.0,0.05,1.0,96.0,0.9335944140625,False,CALL,2026-01-30,APP
APP260130C00692500,692.5,0.37,0.0,4.3,6.0,3.0,1.768799984130859,False,CALL,2026-01-30,APP
APP260130C00695000,695.0,0.05,0.0,0.5,20.0,48.0,1.2421912890624998,False,CALL,2026-01-30,APP
APP260130C00700000,700.0,0.04,0.0,0.05,4.0,504.0,0.992187578125,False,CALL,2026-01-30,APP
APP260130C00705000,705.0,0.01,0.0,1.0,1.0,66.0,1.451174619140625,False,CALL,2026-01-30,APP
APP260130C00710000,710.0,0.01,0.0,0.5,3.0,136.0,1.3515657421874998,False,CALL,2026-01-30,APP
APP260130C00715000,715.0,0.09,0.0,0.4,1.0,53.0,1.3476595117187498,False,CALL,2026-01-30,APP
APP260130C00720000,720.0,0.07,0.0,0.05,2.0,334.0,1.109379453125,False,CALL,2026-01-30,APP
APP260130C00725000,725.0,0.06,0.0,0.75,2.0,46.0,1.5390648046875,False,CALL,2026-01-30,APP
APP260130C00730000,730.0,0.05,0.0,0.1,2.0,262.0,1.2460975195312498,False,CALL,2026-01-30,APP
APP260130P00400000,400.0,0.02,0.0,0.05,16.0,404.0,1.5781271093749998,False,PUT,2026-01-30,APP
APP260130P00405000,405.0,0.05,0.0,4.3,21.0,41.0,2.7763702465820312,False,PUT,2026-01-30,APP
APP260130P00407500,407.5,0.3,0.0,4.3,3.0,3.0,2.733889884033203,False,PUT,2026-01-30,APP
APP260130P00410000,410.0,0.05,0.0,0.3,3.0,124.0,1.7773448632812499,False,PUT,2026-01-30,APP
APP260130P00412500,412.5,0.44,0.0,4.3,31.0,16.0,2.6494174389648437,False,PUT,2026-01-30,APP
APP260130P00415000,415.0,0.3,0.0,4.3,1.0,12.0,2.6074253564453125,False,PUT,2026-01-30,APP
APP260130P00417500,417.5,0.07,0.0,4.3,4.0,20.0,2.565921553955078,False,PUT,2026-01-30,APP
APP260130P00420000,420.0,0.03,0.0,2.75,10.0,183.0,2.3085979785156248,False,PUT,2026-01-30,APP
APP260130P00422500,422.5,0.05,0.0,2.75,1.0,48.0,2.270023856201172,False,PUT,2026-01-30,APP
APP260130P00425000,425.0,0.02,0.0,0.25,3.0,106.0,1.5625021874999998,False,PUT,2026-01-30,APP
APP260130P00427500,427.5,0.05,0.0,0.05,1.0,39.0,1.2968785156249998,False,PUT,2026-01-30,APP
APP260130P00430000,430.0,0.05,0.0,0.3,3.0,31.0,1.5390648046875,False,PUT,2026-01-30,APP
APP260130P00432500,432.5,0.08,0.0,4.3,12.0,10.0,2.318851859130859,False,PUT,2026-01-30,APP
APP260130P00435000,435.0,0.05,0.0,0.1,47.0,71.0,1.3125034374999998,False,PUT,2026-01-30,APP
APP260130P00437500,437.5,0.05,0.0,0.25,3.0,30.0,1.419924775390625,False,PUT,2026-01-30,APP
APP260130P00440000,440.0,0.05,0.0,0.3,42.0,234.0,1.421877890625,False,PUT,2026-01-30,APP
APP260130P00442500,442.5,0.14,0.0,0.1,63.0,34.0,1.2343788281249999,False,PUT,2026-01-30,APP
APP260130P00445000,445.0,0.1,0.0,0.1,31.0,111.0,1.2070352148437498,False,PUT,2026-01-30,APP
APP260130P00447500,447.5,0.2,0.0,0.3,81.0,94.0,1.3359408203124996,False,PUT,2026-01-30,APP
APP260130P00450000,450.0,0.06,0.0,0.15,132.0,452.0,1.2070352148437498,False,PUT,2026-01-30,APP
APP260130P00452500,452.5,0.13,0.05,0.2,1.0,463.0,1.2519568652343749,False,PUT,2026-01-30,APP
APP260130P00455000,455.0,0.29,0.0,0.2,5.0,18.0,1.19141029296875,False,PUT,2026-01-30,APP
APP260130P00457500,457.5,0.4,0.0,0.2,8.0,10.0,1.1640666796875,False,PUT,2026-01-30,APP
APP260130P00460000,460.0,0.1,0.0,0.1,2.0,168.0,1.0546922265625,False,PUT,2026-01-30,APP
APP260130P00462500,462.5,0.3,0.0,0.2,2.0,89.0,1.111332568359375,False,PUT,2026-01-30,APP
APP260130P00465000,465.0,0.1,0.05,0.15,12.0,46.0,1.083988955078125,False,PUT,2026-01-30,APP
APP260130P00467500,467.5,0.19,0.05,0.35,21.0,63.0,1.15625421875,False,PUT,2026-01-30,APP
APP260130P00470000,470.0,0.05,0.05,0.25,181.0,468.0,1.083988955078125,False,PUT,2026-01-30,APP
APP260130P00472500,472.5,0.51,0.05,0.2,14.0,49.0,1.0332079589843752,False,PUT,2026-01-30,APP
APP260130P00475000,475.0,0.25,0.05,0.5,13.0,94.0,1.1201215869140624,False,PUT,2026-01-30,APP
APP260130P00477500,477.5,0.14,0.05,0.25,16.0,49.0,1.001958115234375,False,PUT,2026-01-30,APP
APP260130P00480000,480.0,0.19,0.1,0.2,76.0,549.0,0.97460962890625,False,PUT,2026-01-30,APP
APP260130P00482500,482.5,0.25,0.15,0.35,18.0,88.0,1.017583037109375,False,PUT,2026-01-30,APP
APP260130P00485000,485.0,0.19,0.15,0.2,55.0,345.0,0.940430283203125,False,PUT,2026-01-30,APP
APP260130P00487500,487.5,0.25,0.0,0.3,2.0,31.0,0.8945323046874999,False,PUT,2026-01-30,APP
APP260130P00490000,490.0,0.27,0.15,0.25,110.0,395.0,0.9023447265625,False,PUT,2026-01-30,APP
APP260130P00492500,492.5,0.4,0.15,0.3,1.0,36.0,0.8896495410156249,False,PUT,2026-01-30,APP
APP260130P00495000,495.0,0.3,0.2,0.3,53.0,207.0,0.87500125,False,PUT,2026-01-30,APP
APP260130P00497500,497.5,0.49,0.2,0.5,101.0,137.0,0.89257919921875,False,PUT,2026-01-30,APP
APP260130P00500000,500.0,0.28,0.2,0.35,344.0,1564.0,0.8300798242187499,False,PUT,2026-01-30,APP
APP260130P00502500,502.5,0.54,0.25,0.55,32.0,41.0,0.852540537109375,False,PUT,2026-01-30,APP
APP260130P00505000,505.0,0.41,0.25,0.6,512.0,136.0,0.831056376953125,False,PUT,2026-01-30,APP
APP260130P00507500,507.5,0.56,0.3,0.65,44.0,76.0,0.8168963623046874,False,PUT,2026-01-30,APP
APP260130P00510000,510.0,0.45,0.4,0.7,116.0,1357.0,0.8081073876953124,False,PUT,2026-01-30,APP
APP260130P00512500,512.5,0.62,0.4,0.95,54.0,68.0,0.8085956640624999,False,PUT,2026-01-30,APP
APP260130P00515000,515.0,0.8,0.4,1.0,46.0,345.0,0.782228740234375,False,PUT,2026-01-30,APP
APP260130P00517500,517.5,0.98,0.55,1.05,89.0,100.0,0.7712425219726562,False,PUT,2026-01-30,APP
APP260130P00520000,520.0,0.75,0.65,0.85,3661.0,591.0,0.727541787109375,False,PUT,2026-01-30,APP
APP260130P00522500,522.5,1.01,0.75,1.1,103.0,92.0,0.7280300634765625,False,PUT,2026-01-30,APP
APP260130P00525000,525.0,1.2,0.85,1.45,321.0,245.0,0.7314479980468749,False,PUT,2026-01-30,APP
APP260130P00527500,527.5,1.62,0.9,1.7,28.0,56.0,0.7185086743164062,False,PUT,2026-01-30,APP
APP260130P00530000,530.0,1.49,1.3,1.75,326.0,710.0,0.7124052197265626,False,PUT,2026-01-30,APP
APP260130P00532500,532.5,1.83,1.35,2.1,34.0,137.0,0.6994658959960938,False,PUT,2026-01-30,APP
APP260130P00535000,535.0,2.9,1.55,2.4,121.0,1211.0,0.6889679541015626,False,PUT,2026-01-30,APP
APP260130P00537500,537.5,3.2,1.95,2.9,49.0,56.0,0.6953155468750001,False,PUT,2026-01-30,APP
APP260130P00540000,540.0,2.74,2.4,2.95,752.0,472.0,0.676761044921875,False,PUT,2026-01-30,APP
APP260130P00542500,542.5,3.7,2.8,3.9,20.0,65.0,0.6921417504882813,False,PUT,2026-01-30,APP
APP260130P00545000,545.0,3.8,3.2,4.3,60.0,206.0,0.6783479431152344,False,PUT,2026-01-30,APP
APP260130P00547500,547.5,4.01,3.8,4.9,77.0,29.0,0.6757844921875001,False,PUT,2026-01-30,APP
APP260130P00550000,550.0,4.85,4.5,5.6,431.0,431.0,0.6754182849121095,False,PUT,2026-01-30,APP
APP260130P00552500,552.5,5.82,5.1,6.5,375.0,64.0,0.673098972167969,False,PUT,2026-01-30,APP
APP260130P00555000,555.0,7.1,6.1,7.2,241.0,109.0,0.672122419433594,False,PUT,2026-01-30,APP
APP260130P00560000,560.0,8.28,8.0,9.3,129.0,195.0,0.6729769030761721,False,PUT,2026-01-30,APP
APP260130P00562500,562.5,9.5,8.8,11.6,87.0,11.0,0.6987334814453126,False,PUT,2026-01-30,APP
APP260130P00565000,565.0,10.38,9.9,11.8,85.0,217.0,0.6647982739257814,False,PUT,2026-01-30,APP
APP260130P00570000,570.0,13.7,12.2,14.7,38.0,111.0,0.659305164794922,True,PUT,2026-01-30,APP
APP260130P00572500,572.5,55.75,14.0,16.3,,20.0,0.6728548339843752,True,PUT,2026-01-30,APP
APP260130P00575000,575.0,20.6,15.5,17.9,7.0,205.0,0.6722444885253909,True,PUT,2026-01-30,APP
APP260130P00580000,580.0,20.95,18.7,21.3,5.0,109.0,0.6679720703125002,True,PUT,2026-01-30,APP
APP260130P00585000,585.0,24.0,22.1,25.2,9.0,86.0,0.6667513793945314,True,PUT,2026-01-30,APP
APP260130P00590000,590.0,28.7,25.9,31.2,18.0,82.0,0.7453638745117188,True,PUT,2026-01-30,APP
APP260130P00595000,595.0,43.7,30.6,36.1,2.0,86.0,0.8107929077148437,True,PUT,2026-01-30,APP
APP260130P00597500,597.5,46.5,32.1,40.0,1.0,6.0,0.867188828125,True,PUT,2026-01-30,APP
APP260130P00600000,600.0,38.5,35.1,41.7,34.0,209.0,0.8930674755859375,True,PUT,2026-01-30,APP
APP260130P00605000,605.0,38.9,39.9,46.0,2.0,109.0,0.9270026831054687,True,PUT,2026-01-30,APP
APP260130P00610000,610.0,63.22,45.1,48.5,125.0,142.0,0.877930908203125,True,PUT,2026-01-30,APP
APP260130P00612500,612.5,54.06,47.1,54.0,5.0,14.0,1.0432176745605473,True,PUT,2026-01-30,APP
APP260130P00615000,615.0,56.71,50.1,57.0,1.0,31.0,1.1264692114257815,True,PUT,2026-01-30,APP
APP260130P00617500,617.5,73.4,52.1,56.3,5.0,11.0,0.9621585815429687,True,PUT,2026-01-30,APP
APP260130P00620000,620.0,62.4,55.1,61.9,2.0,66.0,1.1909220141601562,True,PUT,2026-01-30,APP
APP260130P00622500,622.5,77.0,57.0,64.0,1.0,5.0,1.173588116455078,True,PUT,2026-01-30,APP
APP260130P00625000,625.0,84.12,58.0,66.0,11.0,43.0,1.0922896948242187,True,PUT,2026-01-30,APP
APP260130P00627500,627.5,76.45,62.0,69.0,1.0,13.0,1.238651267700195,True,PUT,2026-01-30,APP
APP260130P00630000,630.0,73.82,64.3,72.0,1.0,56.0,1.2871129394531249,True,PUT,2026-01-30,APP
APP260130P00632500,632.5,75.5,66.0,74.0,3.0,3.0,1.2448768225097653,True,PUT,2026-01-30,APP
APP260130P00635000,635.0,72.29,68.0,77.0,1.0,5.0,1.2753942480468747,True,PUT,2026-01-30,APP
APP260130P00637500,637.5,98.8,71.1,79.0,1.0,0.0,1.311771019287109,True,PUT,2026-01-30,APP
APP260130P00640000,640.0,95.0,73.0,82.0,11.0,0.0,1.3356966809082027,True,PUT,2026-01-30,APP
APP260130P00645000,645.0,102.0,78.0,87.0,23.0,2.0,1.3947784167480468,True,PUT,2026-01-30,APP
APP260130P00647500,647.5,97.25,79.6,85.4,4.0,9.0,0.9692385888671875,True,PUT,2026-01-30,APP
APP260130P00650000,650.0,108.0,83.1,92.0,13.0,21.0,1.4589870800781248,True,PUT,2026-01-30,APP
APP260130P00655000,655.0,107.55,88.0,97.0,5.0,0.0,1.5095239367675783,True,PUT,2026-01-30,APP
APP260130P00660000,660.0,125.41,93.0,102.0,21.0,0.0,1.5654318603515622,True,PUT,2026-01-30,APP
APP260130P00665000,665.0,119.5,98.0,107.0,1.0,1.0,1.6203632263183594,True,PUT,2026-01-30,APP
APP260130P00670000,670.0,126.56,101.0,115.6,1.0,0.0,1.780762814941406,True,PUT,2026-01-30,APP
APP260130P00675000,675.0,141.19,106.4,120.0,2.0,0.0,1.8229989318847655,True,PUT,2026-01-30,APP
APP260130P00680000,680.0,122.67,111.4,125.0,2.0,0.0,1.876953740234375,True,PUT,2026-01-30,APP
APP260130P00685000,685.0,87.87,116.4,130.0,5.0,0.0,1.9301761303710938,True,PUT,2026-01-30,APP
APP260130P00690000,690.0,108.05,121.4,135.0,10.0,0.0,1.982666102294922,True,PUT,2026-01-30,APP
APP260130P00695000,695.0,149.2,126.4,139.0,1.0,0.0,1.962890810546875,True,PUT,2026-01-30,APP
APP260130P00700000,700.0,186.3,131.4,144.0,1.0,0.0,2.0129444207763667,True,PUT,2026-01-30,APP
APP260130P00705000,705.0,94.12,136.4,149.0,3.0,0.0,2.062016563720703,True,PUT,2026-01-30,APP
APP260130P00710000,710.0,176.49,141.8,154.0,1.0,0.0,2.1413620684814454,True,PUT,2026-01-30,APP
APP260130P00715000,715.0,181.51,146.4,160.0,1.0,0.0,2.2343794140624995,True,PUT,2026-01-30,APP
APP260130P00720000,720.0,203.0,151.4,165.0,830.0,0.0,2.282963276977539,True,PUT,2026-01-30,APP
APP260130P00725000,725.0,208.0,156.4,169.0,170.0,0.0,2.2531781951904293,True,PUT,2026-01-30,APP
APP260130P00730000,730.0,213.0,160.2,174.0,180.0,0.0,2.1962935717773435,True,PUT,2026-01-30,APP
APP260206C00400000,400.0,189.0,156.0,167.5,,1.0,1.3300814746093748,True,CALL,2026-02-06,APP
APP260206C00412500,412.5,119.5,144.0,153.7,2.0,1.0,1.0185595947265624,True,CALL,2026-02-06,APP
APP260206C00430000,430.0,92.0,126.0,137.9,1.0,2.0,1.1396527392578126,True,CALL,2026-02-06,APP
APP260206C00440000,440.0,120.5,117.0,126.6,1.0,0.0,0.9055185229492188,True,CALL,2026-02-06,APP
APP260206C00450000,450.0,109.7,107.0,118.6,1.0,3.0,1.0470018353271486,True,CALL,2026-02-06,APP
APP260206C00460000,460.0,89.6,101.0,108.2,2.0,5.0,0.9350592431640624,True,CALL,2026-02-06,APP
APP260206C00470000,470.0,81.61,91.0,97.5,2.0,69.0,0.7987080676269531,True,CALL,2026-02-06,APP
APP260206C00480000,480.0,87.5,82.0,88.0,40.0,43.0,0.7670921728515626,True,CALL,2026-02-06,APP
APP260206C00485000,485.0,69.8,77.0,84.5,3.0,43.0,0.8303239624023437,True,CALL,2026-02-06,APP
APP260206C00490000,490.0,65.12,72.0,78.7,2.0,27.0,0.7402369726562499,True,CALL,2026-02-06,APP
APP260206C00495000,495.0,44.25,65.0,74.3,6.0,3.0,0.7375514526367187,True,CALL,2026-02-06,APP
APP260206C00500000,500.0,69.04,64.0,70.9,23.0,67.0,0.5786174951171875,True,CALL,2026-02-06,APP
APP260206C00505000,505.0,62.0,60.0,64.3,20.0,16.0,0.5202684692382812,True,CALL,2026-02-06,APP
APP260206C00507500,507.5,52.49,57.0,64.0,10.0,29.0,0.561527822265625,True,CALL,2026-02-06,APP
APP260206C00510000,510.0,55.88,55.0,62.8,12.0,8.0,0.5950968225097657,True,CALL,2026-02-06,APP
APP260206C00512500,512.5,53.0,53.0,59.4,2.0,2.0,0.5643354113769532,True,CALL,2026-02-06,APP
APP260206C00515000,515.0,46.0,51.0,56.0,3.0,33.0,0.5336960693359375,True,CALL,2026-02-06,APP
APP260206C00517500,517.5,39.44,49.0,55.4,2.0,7.0,0.5749554223632812,True,CALL,2026-02-06,APP
APP260206C00520000,520.0,42.93,47.0,52.0,1.0,62.0,0.5445602185058593,True,CALL,2026-02-06,APP
APP260206C00522500,522.5,40.2,45.0,50.7,2.0,10.0,0.5621992022705078,True,CALL,2026-02-06,APP
APP260206C00525000,525.0,38.0,43.0,48.3,1.0,54.0,0.5532881585693359,True,CALL,2026-02-06,APP
APP260206C00527500,527.5,45.05,43.1,47.7,1.0,24.0,0.6198158135986329,True,CALL,2026-02-06,APP
APP260206C00530000,530.0,43.65,39.4,45.1,60.0,24.0,0.5715374877929689,True,CALL,2026-02-06,APP
APP260206C00532500,532.5,36.4,40.6,44.8,14.0,3.0,0.6532017102050782,True,CALL,2026-02-06,APP
APP260206C00535000,535.0,38.35,39.7,42.5,33.0,62.0,0.6579013702392578,True,CALL,2026-02-06,APP
APP260206C00537500,537.5,36.5,37.3,40.3,6.0,36.0,0.6380651428222657,True,CALL,2026-02-06,APP
APP260206C00540000,540.0,34.25,35.4,37.8,32.0,127.0,0.6209144354248048,True,CALL,2026-02-06,APP
APP260206C00542500,542.5,35.6,33.8,36.8,6.0,14.0,0.6316565155029297,True,CALL,2026-02-06,APP
APP260206C00545000,545.0,34.15,32.5,35.3,42.0,115.0,0.6374547973632813,True,CALL,2026-02-06,APP
APP260206C00547500,547.5,30.0,30.7,33.6,6.0,11.0,0.6311072045898438,True,CALL,2026-02-06,APP
APP260206C00550000,550.0,30.8,29.2,31.6,218.0,838.0,0.6236609899902343,True,CALL,2026-02-06,APP
APP260206C00552500,552.5,24.0,28.0,31.9,36.0,25.0,0.6533237792968751,True,CALL,2026-02-06,APP
APP260206C00555000,555.0,25.4,26.6,29.1,66.0,137.0,0.6330603100585939,True,CALL,2026-02-06,APP
APP260206C00557500,557.5,25.7,25.1,27.7,19.0,29.0,0.6306189282226562,True,CALL,2026-02-06,APP
APP260206C00560000,560.0,25.7,25.0,26.0,190.0,174.0,0.6426427337646485,True,CALL,2026-02-06,APP
APP260206C00562500,562.5,23.7,22.2,24.8,13.0,19.0,0.622074091796875,True,CALL,2026-02-06,APP
APP260206C00565000,565.0,22.5,21.6,22.5,72.0,69.0,0.6159096026611328,True,CALL,2026-02-06,APP
APP260206C00567500,567.5,18.9,20.3,22.6,20.0,31.0,0.6325109991455078,False,CALL,2026-02-06,APP
APP260206C00570000,570.0,20.1,19.6,21.4,307.0,83.0,0.6379430737304688,False,CALL,2026-02-06,APP
APP260206C00572500,572.5,19.1,18.3,20.1,17.0,20.0,0.6323278955078125,False,CALL,2026-02-06,APP
APP260206C00575000,575.0,18.0,17.5,19.8,30.0,115.0,0.6466710137939453,False,CALL,2026-02-06,APP
APP260206C00577500,577.5,11.4,16.2,18.1,15.0,19.0,0.6328772064208985,False,CALL,2026-02-06,APP
APP260206C00580000,580.0,16.0,15.4,16.8,116.0,151.0,0.6306189282226562,False,CALL,2026-02-06,APP
APP260206C00582500,582.5,17.1,14.3,15.9,3.0,39.0,0.6285437536621095,False,CALL,2026-02-06,APP
APP260206C00585000,585.0,14.15,13.4,15.1,12.0,121.0,0.6297034100341796,False,CALL,2026-02-06,APP
APP260206C00587500,587.5,10.4,12.8,14.2,12.0,24.0,0.6326330682373047,False,CALL,2026-02-06,APP
APP260206C00590000,590.0,11.81,12.1,13.4,144.0,119.0,0.6344641046142578,False,CALL,2026-02-06,APP
APP260206C00592500,592.5,10.0,10.9,12.7,1.0,107.0,0.6290320300292969,False,CALL,2026-02-06,APP
APP260206C00595000,595.0,11.0,10.1,12.1,44.0,100.0,0.6301306518554688,False,CALL,2026-02-06,APP
APP260206C00597500,597.5,8.5,9.5,12.0,1.0,23.0,0.6412999737548828,False,CALL,2026-02-06,APP
APP260206C00600000,600.0,10.18,9.4,10.5,326.0,554.0,0.6370885900878906,False,CALL,2026-02-06,APP
APP260206C00602500,602.5,9.82,8.4,10.2,22.0,11.0,0.6365392791748048,False,CALL,2026-02-06,APP
APP260206C00605000,605.0,7.9,7.8,10.2,22.0,222.0,0.6468541174316407,False,CALL,2026-02-06,APP
APP260206C00607500,607.5,5.97,7.3,9.5,2.0,12.0,0.6460606683349608,False,CALL,2026-02-06,APP
APP260206C00610000,610.0,6.0,6.9,8.5,159.0,129.0,0.6405065246582031,False,CALL,2026-02-06,APP
APP260206C00612500,612.5,6.1,6.4,8.5,4.0,8.0,0.6502720520019531,False,CALL,2026-02-06,APP
APP260206C00615000,615.0,7.0,6.0,7.6,12.0,90.0,0.6442296319580079,False,CALL,2026-02-06,APP
APP260206C00617500,617.5,6.4,5.4,7.6,6.0,4.0,0.650516190185547,False,CALL,2026-02-06,APP
APP260206C00620000,620.0,6.0,5.5,8.0,81.0,183.0,0.6779817358398439,False,CALL,2026-02-06,APP
APP260206C00622500,622.5,4.6,5.0,6.7,2.0,3.0,0.6589999920654297,False,CALL,2026-02-06,APP
APP260206C00625000,625.0,5.3,4.9,5.3,26.0,127.0,0.643680321044922,False,CALL,2026-02-06,APP
APP260206C00627500,627.5,5.0,4.1,6.0,1.0,2.0,0.6577182666015625,False,CALL,2026-02-06,APP
APP260206C00630000,630.0,4.4,4.2,5.0,60.0,117.0,0.6530796411132813,False,CALL,2026-02-06,APP
APP260206C00632500,632.5,3.95,3.8,5.3,1.0,30.0,0.666385172119141,False,CALL,2026-02-06,APP
APP260206C00635000,635.0,3.38,3.6,4.9,3.0,132.0,0.667239655761719,False,CALL,2026-02-06,APP
APP260206C00640000,640.0,3.8,3.3,4.0,10.0,188.0,0.6661410339355471,False,CALL,2026-02-06,APP
APP260206C00645000,645.0,3.0,2.65,3.8,22.0,41.0,0.6709017285156251,False,CALL,2026-02-06,APP
APP260206C00647500,647.5,2.85,2.5,3.6,4.0,8.0,0.6744417321777345,False,CALL,2026-02-06,APP
APP260206C00650000,650.0,2.75,2.65,3.0,118.0,2344.0,0.6741975939941409,False,CALL,2026-02-06,APP
APP260206C00655000,655.0,2.4,2.15,3.0,7.0,40.0,0.6844513977050781,False,CALL,2026-02-06,APP
APP260206C00660000,660.0,2.35,1.75,2.35,11.0,212.0,0.6723665576171877,False,CALL,2026-02-06,APP
APP260206C00662500,662.5,1.55,0.0,2.8,44.0,21.0,0.6295203063964845,False,CALL,2026-02-06,APP
APP260206C00665000,665.0,1.66,1.6,2.3,25.0,58.0,0.6889679541015626,False,CALL,2026-02-06,APP
APP260206C00667500,667.5,1.4,1.45,2.3,4.0,18.0,0.6948272705078126,False,CALL,2026-02-06,APP
APP260206C00670000,670.0,1.43,1.3,1.8,12.0,178.0,0.6782258740234376,False,CALL,2026-02-06,APP
APP260206C00672500,672.5,1.25,0.0,2.3,1.0,4.0,0.649417568359375,False,CALL,2026-02-06,APP
APP260206C00675000,675.0,1.55,0.0,4.8,1.0,146.0,0.7720970056152343,False,CALL,2026-02-06,APP
APP260206C00680000,680.0,1.2,0.0,3.1,2.0,116.0,0.7236355761718749,False,CALL,2026-02-06,APP
APP260206C00682500,682.5,1.24,0.0,2.0,13.0,76.0,0.6748079394531252,False,CALL,2026-02-06,APP
APP260206C00685000,685.0,0.8,0.0,1.85,33.0,90.0,0.6755403540039064,False,CALL,2026-02-06,APP
APP260206C00687500,687.5,1.05,0.65,1.65,3.0,77.0,0.7138700488281251,False,CALL,2026-02-06,APP
APP260206C00690000,690.0,0.94,0.0,1.2,5.0,51.0,0.6469761865234375,False,CALL,2026-02-06,APP
APP260206C00692500,692.5,0.93,0.05,1.7,3.0,41.0,0.6994658959960938,False,CALL,2026-02-06,APP
APP260206C00695000,695.0,0.7,0.0,1.3,4.0,43.0,0.6748079394531252,False,CALL,2026-02-06,APP
APP260206C00697500,697.5,0.85,0.35,1.05,44.0,66.0,0.6928741650390625,False,CALL,2026-02-06,APP
APP260206C00700000,700.0,0.8,0.45,0.95,36.0,457.0,0.7023955541992188,False,CALL,2026-02-06,APP
APP260206C00702500,702.5,0.77,0.0,1.05,25.0,91.0,0.6801789794921876,False,CALL,2026-02-06,APP
APP260206C00705000,705.0,1.02,0.25,0.95,71.0,221.0,0.7038603833007813,False,CALL,2026-02-06,APP
APP260206C00707500,707.5,0.8,0.1,1.25,18.0,19.0,0.726565234375,False,CALL,2026-02-06,APP
APP260206C00710000,710.0,0.84,0.05,1.25,10.0,49.0,0.7316921362304687,False,CALL,2026-02-06,APP
APP260206C00712500,712.5,0.89,0.0,1.7,9.0,40.0,0.7741721801757813,False,CALL,2026-02-06,APP
APP260206C00715000,715.0,0.79,0.0,0.8,44.0,28.0,0.6972686523437501,False,CALL,2026-02-06,APP
APP260206C00717500,717.5,2.3,0.05,1.6,44.0,27.0,0.7893087475585938,False,CALL,2026-02-06,APP
APP260206C00720000,720.0,0.49,0.25,0.8,7.0,148.0,0.7436549072265625,False,CALL,2026-02-06,APP
APP260206C00722500,722.5,0.75,0.25,1.5,59.0,20.0,0.8159198095703124,False,CALL,2026-02-06,APP
APP260206C00725000,725.0,0.43,0.15,0.7,50.0,39.0,0.7382838671874999,False,CALL,2026-02-06,APP
APP260206C00727500,727.5,0.9,0.1,1.65,93.0,30.0,0.8344743115234373,False,CALL,2026-02-06,APP
APP260206C00730000,730.0,0.6,0.2,3.9,36.0,116.0,0.9858399853515626,False,CALL,2026-02-06,APP
APP260206C00732500,732.5,0.85,0.0,2.35,16.0,21.0,0.8969736865234373,False,CALL,2026-02-06,APP
APP260206P00397500,397.5,0.31,0.0,0.75,8.0,2.0,1.0224658251953125,False,PUT,2026-02-06,APP
APP260206P00400000,400.0,0.3,0.2,0.4,9.0,320.0,0.9760744580078126,False,PUT,2026-02-06,APP
APP260206P00402500,402.5,0.4,0.15,0.4,29.0,11.0,0.9492192578124999,False,PUT,2026-02-06,APP
APP260206P00410000,410.0,0.39,0.35,1.45,3.0,60.0,1.0781296093750001,False,PUT,2026-02-06,APP
APP260206P00412500,412.5,0.7,0.35,0.7,12.0,22.0,0.9731447998046875,False,PUT,2026-02-06,APP
APP260206P00415000,415.0,0.67,0.4,1.0,16.0,9.0,1.0004932788085936,False,PUT,2026-02-06,APP
APP260206P00417500,417.5,0.45,0.4,1.65,3.0,51.0,1.049077020263672,False,PUT,2026-02-06,APP
APP260206P00420000,420.0,0.63,0.45,1.15,5.0,105.0,0.9887696435546875,False,PUT,2026-02-06,APP
APP260206P00425000,425.0,0.6,0.45,1.0,3.0,116.0,0.93945373046875,False,PUT,2026-02-06,APP
APP260206P00430000,430.0,0.85,0.55,1.1,35.0,160.0,0.9260261303710937,False,PUT,2026-02-06,APP
APP260206P00435000,435.0,1.4,0.0,3.8,12.0,31.0,1.0459032080078128,False,PUT,2026-02-06,APP
APP260206P00440000,440.0,0.8,0.65,1.25,11.0,71.0,0.8811047045898437,False,PUT,2026-02-06,APP
APP260206P00442500,442.5,2.0,0.15,3.7,1.0,1.0,0.9926758544921875,False,PUT,2026-02-06,APP
APP260206P00445000,445.0,1.25,0.35,1.3,19.0,118.0,0.8266618896484373,False,PUT,2026-02-06,APP
APP260206P00447500,447.5,1.09,0.0,2.9,11.0,5.0,0.9008798974609374,False,PUT,2026-02-06,APP
APP260206P00450000,450.0,1.0,0.5,1.5,87.0,113.0,0.8217791259765624,False,PUT,2026-02-06,APP
APP260206P00452500,452.5,1.5,0.9,2.0,60.0,1.0,0.8654798608398437,False,PUT,2026-02-06,APP
APP260206P00455000,455.0,1.25,0.55,2.0,55.0,108.0,0.8261736132812498,False,PUT,2026-02-06,APP
APP260206P00457500,457.5,2.74,1.0,1.95,14.0,9.0,0.8332536206054686,False,PUT,2026-02-06,APP
APP260206P00460000,460.0,1.36,1.15,1.7,44.0,200.0,0.8100604931640624,False,PUT,2026-02-06,APP
APP260206P00462500,462.5,3.1,1.25,2.05,1.0,2.0,0.8176287768554686,False,PUT,2026-02-06,APP
APP260206P00465000,465.0,2.64,1.35,5.5,29.0,51.0,0.9525151232910156,False,PUT,2026-02-06,APP
APP260206P00467500,467.5,1.92,1.45,2.15,16.0,2.0,0.7973653076171875,False,PUT,2026-02-06,APP
APP260206P00470000,470.0,2.04,1.6,2.1,22.0,183.0,0.784303914794922,False,PUT,2026-02-06,APP
APP260206P00475000,475.0,2.17,1.85,2.5,14.0,40.0,0.7773459765625,False,PUT,2026-02-06,APP
APP260206P00480000,480.0,2.58,2.3,2.9,547.0,796.0,0.7744163183593751,False,PUT,2026-02-06,APP
APP260206P00482500,482.5,4.5,2.35,3.2,16.0,31.0,0.7685570019531252,False,PUT,2026-02-06,APP
APP260206P00485000,485.0,3.2,2.55,3.5,91.0,212.0,0.7670921728515626,False,PUT,2026-02-06,APP
APP260206P00487500,487.5,4.25,2.75,3.5,42.0,48.0,0.7545190563964843,False,PUT,2026-02-06,APP
APP260206P00490000,490.0,3.5,3.0,3.9,532.0,732.0,0.755983885498047,False,PUT,2026-02-06,APP
APP260206P00492500,492.5,5.87,2.95,4.4,5.0,17.0,0.7498804309082032,False,PUT,2026-02-06,APP
APP260206P00495000,495.0,3.9,3.5,4.5,68.0,359.0,0.7489038781738282,False,PUT,2026-02-06,APP
APP260206P00500000,500.0,4.65,4.1,5.1,111.0,389.0,0.7407252490234374,False,PUT,2026-02-06,APP
APP260206P00505000,505.0,5.61,4.4,6.0,5.0,188.0,0.7287624780273438,False,PUT,2026-02-06,APP
APP260206P00507500,507.5,5.79,4.8,6.5,31.0,24.0,0.7286404089355469,False,PUT,2026-02-06,APP
APP260206P00510000,510.0,7.1,5.5,6.8,519.0,133.0,0.7293728234863281,False,PUT,2026-02-06,APP
APP260206P00512500,512.5,6.48,5.6,7.5,3.0,54.0,0.724490059814453,False,PUT,2026-02-06,APP
APP260206P00515000,515.0,6.96,6.1,7.8,17.0,60.0,0.7186917779541016,False,PUT,2026-02-06,APP
APP260206P00517500,517.5,7.21,6.5,8.3,2.0,15.0,0.7140531524658205,False,PUT,2026-02-06,APP
APP260206P00520000,520.0,7.8,7.5,8.5,31.0,213.0,0.7142362561035156,False,PUT,2026-02-06,APP
APP260206P00522500,522.5,8.65,7.7,9.5,11.0,51.0,0.7131986688232423,False,PUT,2026-02-06,APP
APP260206P00525000,525.0,9.0,8.5,9.9,97.0,45.0,0.710940390625,False,PUT,2026-02-06,APP
APP260206P00527500,527.5,17.6,8.7,10.7,7.0,48.0,0.7039824523925782,False,PUT,2026-02-06,APP
APP260206P00530000,530.0,10.2,9.8,11.0,63.0,388.0,0.7030669342041016,False,PUT,2026-02-06,APP
APP260206P00532500,532.5,17.03,9.8,12.2,1.0,7.0,0.6975738250732424,False,PUT,2026-02-06,APP
APP260206P00535000,535.0,13.35,11.2,13.0,9.0,185.0,0.7076445251464845,False,PUT,2026-02-06,APP
APP260206P00537500,537.5,13.5,12.0,13.6,4.0,19.0,0.7030669342041016,False,PUT,2026-02-06,APP
APP260206P00540000,540.0,13.85,12.9,14.7,195.0,133.0,0.7069731451416017,False,PUT,2026-02-06,APP
APP260206P00542500,542.5,14.7,13.1,15.9,7.0,23.0,0.700198310546875,False,PUT,2026-02-06,APP
APP260206P00545000,545.0,15.5,14.6,16.4,10.0,99.0,0.7016631396484375,False,PUT,2026-02-06,APP
APP260206P00547500,547.5,15.9,15.5,17.5,1.0,13.0,0.7017852087402343,False,PUT,2026-02-06,APP
APP260206P00550000,550.0,17.7,16.6,18.6,96.0,217.0,0.7037383142089844,False,PUT,2026-02-06,APP
APP260206P00552500,552.5,18.3,17.0,19.4,3.0,69.0,0.6898224377441409,False,PUT,2026-02-06,APP
APP260206P00555000,555.0,19.0,18.1,20.7,12.0,60.0,0.692385888671875,False,PUT,2026-02-06,APP
APP260206P00560000,560.0,22.0,22.0,23.2,17.0,196.0,0.7167386724853515,False,PUT,2026-02-06,APP
APP260206P00562500,562.5,23.19,21.9,24.4,2.0,7.0,0.6971465832519532,False,PUT,2026-02-06,APP
APP260206P00565000,565.0,24.6,22.9,25.4,7.0,190.0,0.6893341613769532,False,PUT,2026-02-06,APP
APP260206P00567500,567.5,31.23,24.4,26.9,1.0,4.0,0.6945220977783204,True,PUT,2026-02-06,APP
APP260206P00570000,570.0,33.22,25.9,28.2,12.0,76.0,0.6957427886962892,True,PUT,2026-02-06,APP
APP260206P00572500,572.5,40.29,26.6,29.6,1.0,2.0,0.6859772613525392,True,PUT,2026-02-06,APP
APP260206P00575000,575.0,33.75,27.6,31.1,2.0,28.0,0.6806672558593752,True,PUT,2026-02-06,APP
APP260206P00577500,577.5,43.55,28.6,32.6,1.0,3.0,0.6741975939941409,True,PUT,2026-02-06,APP
APP260206P00580000,580.0,37.6,31.3,34.2,9.0,74.0,0.6923248541259766,True,PUT,2026-02-06,APP
APP260206P00582500,582.5,50.07,32.8,36.3,1.0,1.0,0.6995269305419922,True,PUT,2026-02-06,APP
APP260206P00585000,585.0,42.8,34.5,37.3,10.0,43.0,0.6926300268554688,True,PUT,2026-02-06,APP
APP260206P00587500,587.5,50.62,36.1,39.1,1.0,1.0,0.6948272705078126,True,PUT,2026-02-06,APP
APP260206P00590000,590.0,40.05,37.7,40.8,5.0,49.0,0.6945220977783204,True,PUT,2026-02-06,APP
APP260206P00592500,592.5,45.0,38.6,42.6,4.0,2.0,0.6840241558837892,True,PUT,2026-02-06,APP
APP260206P00595000,595.0,51.6,41.1,44.5,1.0,38.0,0.6983062396240236,True,PUT,2026-02-06,APP
APP260206P00600000,600.0,50.0,44.4,48.3,25.0,133.0,0.6981231359863282,True,PUT,2026-02-06,APP
APP260206P00602500,602.5,80.01,46.9,53.0,1.0,2.0,0.754885263671875,True,PUT,2026-02-06,APP
APP260206P00605000,605.0,63.19,48.7,55.0,1.0,17.0,0.7573266455078126,True,PUT,2026-02-06,APP
APP260206P00607500,607.5,91.93,50.5,57.0,,0.0,0.758913543701172,True,PUT,2026-02-06,APP
APP260206P00610000,610.0,54.79,51.0,56.7,11.0,46.0,0.6986114123535156,True,PUT,2026-02-06,APP
APP260206P00615000,615.0,67.61,56.2,63.0,1.0,95.0,0.76367423828125,True,PUT,2026-02-06,APP
APP260206P00617500,617.5,66.95,58.7,65.0,1.0,2.0,0.7741111456298828,True,PUT,2026-02-06,APP
APP260206P00620000,620.0,68.0,60.3,67.0,1.0,89.0,0.7679466564941408,True,PUT,2026-02-06,APP
APP260206P00622500,622.5,78.8,63.0,70.0,7.0,3.0,0.7990742749023438,True,PUT,2026-02-06,APP
APP260206P00625000,625.0,74.95,62.1,70.9,2.0,26.0,0.7225369543457032,True,PUT,2026-02-06,APP
APP260206P00630000,630.0,71.0,69.0,76.0,2.0,48.0,0.7963277203369141,True,PUT,2026-02-06,APP
APP260206P00635000,635.0,75.7,73.0,81.0,1.0,86.0,0.810426700439453,True,PUT,2026-02-06,APP
APP260206P00640000,640.0,92.47,77.9,85.0,4.0,41.0,0.8204363659667968,True,PUT,2026-02-06,APP
APP260206P00645000,645.0,100.0,82.1,89.0,3.0,7.0,0.8127460131835937,True,PUT,2026-02-06,APP
APP260206P00650000,650.0,98.0,87.0,94.0,3.0,46.0,0.8409439733886719,True,PUT,2026-02-06,APP
APP260206P00655000,655.0,108.99,91.8,99.0,5.0,23.0,0.866212275390625,True,PUT,2026-02-06,APP
APP260206P00660000,660.0,113.44,96.1,104.0,7.0,31.0,0.8785412536621093,True,PUT,2026-02-06,APP
APP260206P00665000,665.0,115.2,101.0,108.0,1.0,6.0,0.8790295300292967,True,PUT,2026-02-06,APP
APP260206P00670000,670.0,116.99,106.2,114.3,1.0,28.0,0.9450689086914061,True,PUT,2026-02-06,APP
APP260206P00675000,675.0,125.2,109.3,121.0,1.0,7.0,0.9676516906738282,True,PUT,2026-02-06,APP
APP260206P00680000,680.0,133.2,115.6,126.0,1.0,14.0,1.027836892089844,True,PUT,2026-02-06,APP
APP260206P00685000,685.0,141.4,120.8,130.0,2.0,5.0,1.0346727954101564,True,PUT,2026-02-06,APP
APP260206P00690000,690.0,165.53,125.5,135.0,1.0,3.0,1.053349459838867,True,PUT,2026-02-06,APP
APP260206P00695000,695.0,158.65,130.5,140.0,1.0,8.0,1.0793503063964844,True,PUT,2026-02-06,APP
APP260206P00700000,700.0,179.27,133.7,145.0,2.0,42.0,1.0544480871582032,True,PUT,2026-02-06,APP
APP260206P00705000,705.0,96.0,138.1,150.0,15.0,11.0,1.0611619207763672,True,PUT,2026-02-06,APP
APP260206P00710000,710.0,80.7,142.6,155.0,10.0,5.0,1.0695847302246095,True,PUT,2026-02-06,APP
APP260206P00715000,715.0,69.9,149.8,160.0,1.0,7.0,1.1600383795166016,True,PUT,2026-02-06,APP
APP260206P00720000,720.0,62.8,153.4,165.0,3.0,2.0,1.1419720635986328,True,PUT,2026-02-06,APP
APP260206P00725000,725.0,98.2,157.7,170.0,,1.0,1.142826551513672,True,PUT,2026-02-06,APP
APP260206P00730000,730.0,102.7,164.1,175.0,,5.0,1.210209027099609,True,PUT,2026-02-06,APP
APP260213C00420000,420.0,153.7,140.0,151.7,2.0,1.0,0.6543003320312502,True,CALL,2026-02-13,APP
APP260213C00430000,430.0,117.5,131.0,143.3,2.0,2.0,0.7897970239257812,True,CALL,2026-02-13,APP
APP260213C00440000,440.0,112.07,122.0,133.0,4.0,12.0,0.7650169982910158,True,CALL,2026-02-13,APP
APP260213C00450000,450.0,116.5,113.0,124.1,2.0,15.0,0.7819846020507812,True,CALL,2026-02-13,APP
APP260213C00460000,460.0,100.0,104.0,116.3,2.0,6.0,0.8092060095214844,True,CALL,2026-02-13,APP
APP260213C00470000,470.0,92.1,101.5,107.0,2.0,21.0,0.9147957739257813,True,CALL,2026-02-13,APP
APP260213C00475000,475.0,75.3,96.0,103.9,2.0,1.0,0.90429783203125,True,CALL,2026-02-13,APP
APP260213C00485000,485.0,75.0,87.6,93.1,5.0,3.0,0.8453994952392576,True,CALL,2026-02-13,APP
APP260213C00490000,490.0,72.81,83.3,92.1,6.0,11.0,0.8834240173339842,True,CALL,2026-02-13,APP
APP260213C00495000,495.0,59.6,80.6,85.2,,2.0,0.8512588116455078,True,CALL,2026-02-13,APP
APP260213C00500000,500.0,76.02,76.0,84.1,1.0,45.0,0.874879180908203,True,CALL,2026-02-13,APP
APP260213C00505000,505.0,72.47,75.3,80.0,1.0,24.0,0.9059457647705078,True,CALL,2026-02-13,APP
APP260213C00510000,510.0,72.0,71.6,75.7,1.0,9.0,0.8906871282958984,True,CALL,2026-02-13,APP
APP260213C00515000,515.0,65.94,66.0,72.5,1.0,20.0,0.863831928100586,True,CALL,2026-02-13,APP
APP260213C00520000,520.0,62.86,65.2,69.4,2.0,63.0,0.8964548928833006,True,CALL,2026-02-13,APP
APP260213C00525000,525.0,54.16,61.9,66.7,2.0,68.0,0.8998423101806641,True,CALL,2026-02-13,APP
APP260213C00530000,530.0,58.8,58.9,63.4,11.0,350.0,0.8973093765258787,True,CALL,2026-02-13,APP
APP260213C00535000,535.0,56.86,55.7,60.8,2.0,47.0,0.8983774810791014,True,CALL,2026-02-13,APP
APP260213C00540000,540.0,49.0,53.1,57.5,9.0,78.0,0.8961192028808591,True,CALL,2026-02-13,APP
APP260213C00545000,545.0,50.54,49.8,53.9,10.0,43.0,0.880738497314453,True,CALL,2026-02-13,APP
APP260213C00550000,550.0,48.4,48.8,52.2,27.0,166.0,0.9094247338867187,True,CALL,2026-02-13,APP
APP260213C00555000,555.0,44.55,44.7,49.3,10.0,72.0,0.8890086782836913,True,CALL,2026-02-13,APP
APP260213C00560000,560.0,40.69,42.7,46.2,42.0,129.0,0.8872386764526367,True,CALL,2026-02-13,APP
APP260213C00565000,565.0,42.27,39.8,44.0,17.0,43.0,0.8834545346069335,True,CALL,2026-02-13,APP
APP260213C00570000,570.0,37.59,38.6,40.6,3.0,58.0,0.8829967755126953,False,CALL,2026-02-13,APP
APP260213C00575000,575.0,34.57,36.9,38.6,4.0,39.0,0.8900462655639648,False,CALL,2026-02-13,APP
APP260213C00580000,580.0,30.8,33.2,37.0,5.0,132.0,0.8782360809326171,False,CALL,2026-02-13,APP
APP260213C00585000,585.0,29.0,32.4,34.3,3.0,31.0,0.8835460864257811,False,CALL,2026-02-13,APP
APP260213C00590000,590.0,31.08,30.6,33.6,51.0,126.0,0.8977061010742187,False,CALL,2026-02-13,APP
APP260213C00595000,595.0,29.98,28.5,30.7,3.0,32.0,0.8833019482421874,False,CALL,2026-02-13,APP
APP260213C00600000,600.0,26.94,26.0,29.0,95.0,387.0,0.8755200436401367,False,CALL,2026-02-13,APP
APP260213C00605000,605.0,25.25,23.9,27.3,21.0,160.0,0.870118486328125,False,CALL,2026-02-13,APP
APP260213C00610000,610.0,25.05,22.0,24.8,8.0,79.0,0.8560500234985352,False,CALL,2026-02-13,APP
APP260213C00615000,615.0,22.6,21.5,23.6,5.0,57.0,0.870393141784668,False,CALL,2026-02-13,APP
APP260213C00620000,620.0,20.4,20.4,22.3,27.0,376.0,0.8753674572753907,False,CALL,2026-02-13,APP
APP260213C00625000,625.0,16.79,18.3,20.2,5.0,25.0,0.8576064044189453,False,CALL,2026-02-13,APP
APP260213C00630000,630.0,18.24,17.0,19.3,5.0,68.0,0.8613905462646485,False,CALL,2026-02-13,APP
APP260213C00635000,635.0,14.15,16.6,18.3,2.0,77.0,0.8735364208984374,False,CALL,2026-02-13,APP
APP260213C00640000,640.0,14.5,14.2,16.4,19.0,103.0,0.847932428894043,False,CALL,2026-02-13,APP
APP260213C00645000,645.0,12.4,13.1,15.8,2.0,36.0,0.8530898480224609,False,CALL,2026-02-13,APP
APP260213C00650000,650.0,14.0,11.8,14.9,18.0,232.0,0.8502212243652343,False,CALL,2026-02-13,APP
APP260213C00655000,655.0,9.33,12.0,13.8,4.0,24.0,0.8634657208251952,False,CALL,2026-02-13,APP
APP260213C00660000,660.0,12.08,11.2,12.7,13.0,42.0,0.8616957189941408,False,CALL,2026-02-13,APP
APP260213C00665000,665.0,11.0,10.5,12.0,2.0,10.0,0.8656019299316406,False,CALL,2026-02-13,APP
APP260213C00670000,670.0,10.5,9.3,10.9,6.0,63.0,0.8545546771240236,False,CALL,2026-02-13,APP
APP260213C00675000,675.0,8.5,8.2,11.0,101.0,77.0,0.8616957189941408,False,CALL,2026-02-13,APP
APP260213C00680000,680.0,8.06,7.8,9.6,17.0,77.0,0.8546767462158205,False,CALL,2026-02-13,APP
APP260213C00685000,685.0,8.5,6.8,8.8,4.0,14.0,0.845582598876953,False,CALL,2026-02-13,APP
APP260213C00690000,690.0,6.94,6.4,8.4,2.0,40.0,0.8521743298339843,False,CALL,2026-02-13,APP
APP260213C00695000,695.0,7.0,5.9,7.9,4.0,14.0,0.8541274353027344,False,CALL,2026-02-13,APP
APP260213C00700000,700.0,5.7,6.0,7.1,69.0,313.0,0.8605970971679688,False,CALL,2026-02-13,APP
APP260213C00705000,705.0,6.0,5.8,6.5,1.0,17.0,0.864137100830078,False,CALL,2026-02-13,APP
APP260213C00710000,710.0,5.3,4.8,6.3,2.0,111.0,0.8582777844238281,False,CALL,2026-02-13,APP
APP260213C00715000,715.0,3.77,4.4,5.9,1.0,7.0,0.8592543371582031,False,CALL,2026-02-13,APP
APP260213C00720000,720.0,5.0,4.6,5.5,1.0,622.0,0.8726819372558592,False,CALL,2026-02-13,APP
APP260213C00725000,725.0,3.55,3.8,5.2,7.0,22.0,0.8646253771972656,False,CALL,2026-02-13,APP
APP260213C00730000,730.0,4.31,3.7,5.4,2.0,15.0,0.8841564318847657,False,CALL,2026-02-13,APP
APP260213P00400000,400.0,2.94,2.3,3.9,3.0,51.0,1.0944869494628908,False,PUT,2026-02-13,APP
APP260213P00410000,410.0,3.4,2.75,3.7,1.0,29.0,1.0399217926025395,False,PUT,2026-02-13,APP
APP260213P00420000,420.0,3.8,3.5,4.4,6.0,61.0,1.0257617071533203,False,PUT,2026-02-13,APP
APP260213P00430000,430.0,4.62,4.3,5.1,1.0,101.0,1.0057422760009764,False,PUT,2026-02-13,APP
APP260213P00440000,440.0,6.03,5.2,6.2,3.0,39.0,0.9923096472167969,False,PUT,2026-02-13,APP
APP260213P00450000,450.0,7.0,6.3,7.3,14.0,287.0,0.9759523889160158,False,PUT,2026-02-13,APP
APP260213P00460000,460.0,9.54,7.6,8.8,1.0,50.0,0.9647830670166015,False,PUT,2026-02-13,APP
APP260213P00465000,465.0,10.1,8.6,9.6,7.0,12.0,0.9637454797363281,False,PUT,2026-02-13,APP
APP260213P00470000,470.0,10.0,9.2,10.7,9.0,34.0,0.958435474243164,False,PUT,2026-02-13,APP
APP260213P00475000,475.0,13.08,10.4,11.7,6.0,7.0,0.9595340960693357,False,PUT,2026-02-13,APP
APP260213P00480000,480.0,13.25,11.3,12.6,3.0,160.0,0.951599605102539,False,PUT,2026-02-13,APP
APP260213P00485000,485.0,14.49,12.6,13.8,2.0,188.0,0.9526982269287108,False,PUT,2026-02-13,APP
APP260213P00490000,490.0,19.18,13.7,15.0,2.0,64.0,0.9483037396240235,False,PUT,2026-02-13,APP
APP260213P00495000,495.0,16.8,14.5,16.2,2.0,45.0,0.9375616595458984,False,PUT,2026-02-13,APP
APP260213P00500000,500.0,18.5,16.4,17.6,10.0,205.0,0.9431158032226561,False,PUT,2026-02-13,APP
APP260213P00505000,505.0,21.25,17.8,18.8,1.0,106.0,0.9366461413574219,False,PUT,2026-02-13,APP
APP260213P00510000,510.0,21.69,19.1,20.7,3.0,68.0,0.9359747613525391,False,PUT,2026-02-13,APP
APP260213P00515000,515.0,23.34,19.7,22.2,3.0,122.0,0.9193123303222657,False,PUT,2026-02-13,APP
APP260213P00520000,520.0,23.0,22.3,24.1,3.0,113.0,0.9305732040405273,False,PUT,2026-02-13,APP
APP260213P00525000,525.0,27.1,23.5,26.8,11.0,67.0,0.9318854467773439,False,PUT,2026-02-13,APP
APP260213P00530000,530.0,34.62,26.0,28.5,22.0,90.0,0.934448897705078,False,PUT,2026-02-13,APP
APP260213P00535000,535.0,31.21,28.7,30.7,4.0,39.0,0.9427495959472656,False,PUT,2026-02-13,APP
APP260213P00540000,540.0,35.5,30.3,32.6,9.0,187.0,0.933045103149414,False,PUT,2026-02-13,APP
APP260213P00545000,545.0,38.0,31.8,35.3,2.0,71.0,0.9292609613037108,False,PUT,2026-02-13,APP
APP260213P00550000,550.0,39.0,35.0,37.7,10.0,310.0,0.9387823504638673,False,PUT,2026-02-13,APP
APP260213P00555000,555.0,43.0,37.5,38.9,3.0,51.0,0.925629405822754,False,PUT,2026-02-13,APP
APP260213P00560000,560.0,42.8,39.7,41.3,5.0,196.0,0.9203499176025391,False,PUT,2026-02-13,APP
APP260213P00565000,565.0,48.93,42.4,44.8,3.0,31.0,0.9302069967651367,False,PUT,2026-02-13,APP
APP260213P00570000,570.0,46.5,45.2,47.8,7.0,104.0,0.9338080349731445,True,PUT,2026-02-13,APP
APP260213P00575000,575.0,47.3,47.9,50.7,2.0,118.0,0.9334113104248047,True,PUT,2026-02-13,APP
APP260213P00580000,580.0,51.92,50.4,52.7,1.0,114.0,0.9194954339599608,True,PUT,2026-02-13,APP
APP260213P00585000,585.0,59.3,53.0,56.4,4.0,14.0,0.9228218167114258,True,PUT,2026-02-13,APP
APP260213P00590000,590.0,64.9,55.2,59.1,27.0,57.0,0.9094247338867187,True,PUT,2026-02-13,APP
APP260213P00595000,595.0,71.1,59.0,62.5,1.0,49.0,0.9187630194091796,True,PUT,2026-02-13,APP
APP260213P00600000,600.0,61.0,62.6,65.7,1.0,69.0,0.9221199194335938,True,PUT,2026-02-13,APP
APP260213P00605000,605.0,70.1,63.6,68.7,1.0,82.0,0.8931285101318358,True,PUT,2026-02-13,APP
APP260213P00610000,610.0,72.85,68.6,72.1,2.0,28.0,0.9105538729858399,True,PUT,2026-02-13,APP
APP260213P00615000,615.0,80.0,72.5,75.8,3.0,11.0,0.9176949148559571,True,PUT,2026-02-13,APP
APP260213P00620000,620.0,81.4,75.5,78.7,5.0,81.0,0.9039926593017578,True,PUT,2026-02-13,APP
APP260213P00625000,625.0,105.15,78.8,83.1,6.0,60.0,0.909058526611328,True,PUT,2026-02-13,APP
APP260213P00630000,630.0,111.37,82.6,86.7,5.0,23.0,0.9091195611572265,True,PUT,2026-02-13,APP
APP260213P00635000,635.0,99.95,87.5,93.0,1.0,13.0,0.9530949514770507,True,PUT,2026-02-13,APP
APP260213P00640000,640.0,100.3,90.1,97.0,1.0,46.0,0.9411626977539063,True,PUT,2026-02-13,APP
APP260213P00645000,645.0,137.5,94.0,101.0,4.0,9.0,0.9433599414062499,True,PUT,2026-02-13,APP
APP260213P00650000,650.0,137.95,96.8,105.0,12.0,41.0,0.9301764794921875,True,PUT,2026-02-13,APP
APP260213P00655000,655.0,65.77,101.0,108.3,1.0,1.0,0.923950955810547,True,PUT,2026-02-13,APP
APP260213P00660000,660.0,122.19,103.3,115.8,1.0,30.0,0.9468389105224608,True,PUT,2026-02-13,APP
APP260213P00665000,665.0,116.42,108.4,119.0,1.0,2.0,0.9488530505371093,True,PUT,2026-02-13,APP
APP260213P00670000,670.0,156.3,113.1,124.0,21.0,23.0,0.9691165197753906,True,PUT,2026-02-13,APP
APP260213P00675000,675.0,57.92,118.6,128.0,,2.0,0.9860841235351563,True,PUT,2026-02-13,APP
APP260213P00680000,680.0,134.32,121.5,133.0,2.0,17.0,0.9793703234863282,True,PUT,2026-02-13,APP
APP260213P00685000,685.0,98.89,126.2,137.0,1.0,4.0,0.9829713616943359,True,PUT,2026-02-13,APP
APP260213P00690000,690.0,100.0,133.2,138.5,1.0,3.0,0.98242205078125,True,PUT,2026-02-13,APP
APP260213P00700000,700.0,141.85,140.5,150.0,7.0,25.0,1.0065357290649413,True,PUT,2026-02-13,APP
APP260213P00710000,710.0,107.2,148.5,159.0,6.0,12.0,0.997924825439453,True,PUT,2026-02-13,APP
APP260213P00715000,715.0,182.36,153.1,164.0,2.0,8.0,1.0108081686401365,True,PUT,2026-02-13,APP
APP260213P00720000,720.0,168.03,156.7,169.0,2.0,3.0,1.0052539971923828,True,PUT,2026-02-13,APP
APP260220C00400000,400.0,156.43,160.0,171.5,1.0,82.0,0.596683720703125,True,CALL,2026-02-20,APP
APP260220C00410000,410.0,145.7,151.0,161.2,8.0,46.0,0.6320837573242188,True,CALL,2026-02-20,APP
APP260220C00420000,420.0,128.74,141.0,152.4,1.0,105.0,0.6640658593750002,True,CALL,2026-02-20,APP
APP260220C00430000,430.0,132.0,133.0,143.1,2.0,73.0,0.7225369543457032,True,CALL,2026-02-20,APP
APP260220C00440000,440.0,119.5,124.0,136.6,8.0,59.0,0.7888204711914062,True,CALL,2026-02-20,APP
APP260220C00450000,450.0,107.45,114.6,126.8,4.0,92.0,0.7514673291015624,True,CALL,2026-02-20,APP
APP260220C00460000,460.0,106.7,109.5,116.4,6.0,304.0,0.7794821856689453,True,CALL,2026-02-20,APP
APP260220C00470000,470.0,102.0,101.1,107.4,1.0,144.0,0.7630028582763673,True,CALL,2026-02-20,APP
APP260220C00480000,480.0,88.05,94.0,101.4,1.0,50.0,0.8004780694580078,True,CALL,2026-02-20,APP
APP260220C00490000,490.0,76.3,88.5,92.7,1.0,130.0,0.809450147705078,True,CALL,2026-02-20,APP
APP260220C00500000,500.0,75.0,82.0,85.5,1.0,555.0,0.8151263604736327,True,CALL,2026-02-20,APP
APP260220C00510000,510.0,78.8,73.6,78.2,4.0,88.0,0.79141443939209,True,CALL,2026-02-20,APP
APP260220C00515000,515.0,66.47,71.8,77.4,5.0,26.0,0.8321244815063474,True,CALL,2026-02-20,APP
APP260220C00520000,520.0,69.9,69.2,72.0,153.0,1235.0,0.8146075668334961,True,CALL,2026-02-20,APP
APP260220C00525000,525.0,55.1,66.0,69.3,1.0,159.0,0.8167742932128905,True,CALL,2026-02-20,APP
APP260220C00530000,530.0,59.85,63.3,67.1,1.0,145.0,0.8267229241943357,True,CALL,2026-02-20,APP
APP260220C00535000,535.0,58.45,60.2,62.2,54.0,111.0,0.8053303158569335,True,CALL,2026-02-20,APP
APP260220C00540000,540.0,55.67,57.6,59.8,73.0,324.0,0.8108844595336914,True,CALL,2026-02-20,APP
APP260220C00545000,545.0,51.2,54.2,57.4,27.0,75.0,0.8072834213256835,True,CALL,2026-02-20,APP
APP260220C00550000,550.0,53.3,52.2,55.6,69.0,530.0,0.8202837796020507,True,CALL,2026-02-20,APP
APP260220C00555000,555.0,48.4,48.9,53.4,6.0,55.0,0.816133430480957,True,CALL,2026-02-20,APP
APP260220C00560000,560.0,48.0,47.4,48.8,18.0,704.0,0.8051472122192382,True,CALL,2026-02-20,APP
APP260220C00562500,562.5,41.95,45.8,49.5,2.0,8.0,0.8182696395874022,True,CALL,2026-02-20,APP
APP260220C00565000,565.0,46.7,44.2,47.0,13.0,37.0,0.8024922094726561,True,CALL,2026-02-20,APP
APP260220C00567500,567.5,39.5,43.4,45.7,1.0,19.0,0.8041401422119141,False,CALL,2026-02-20,APP
APP260220C00570000,570.0,40.25,42.7,45.9,4.0,640.0,0.8195818823242187,False,CALL,2026-02-20,APP
APP260220C00572500,572.5,39.0,41.0,44.1,1.0,21.0,0.8080768704223632,False,CALL,2026-02-20,APP
APP260220C00575000,575.0,38.14,39.5,41.7,2.0,400.0,0.7926656475830078,False,CALL,2026-02-20,APP
APP260220C00577500,577.5,37.45,38.5,42.6,2.0,2.0,0.8104572177124022,False,CALL,2026-02-20,APP
APP260220C00580000,580.0,36.35,37.9,40.1,19.0,1037.0,0.8013935876464844,False,CALL,2026-02-20,APP
APP260220C00582500,582.5,35.28,36.5,39.5,4.0,18.0,0.8016682431030272,False,CALL,2026-02-20,APP
APP260220C00585000,585.0,36.6,35.3,38.2,2.0,58.0,0.7971822039794922,False,CALL,2026-02-20,APP
APP260220C00587500,587.5,35.2,35.3,37.4,8.0,24.0,0.807344455871582,False,CALL,2026-02-20,APP
APP260220C00590000,590.0,34.6,33.3,35.7,9.0,950.0,0.7914449566650392,False,CALL,2026-02-20,APP
APP260220C00592500,592.5,26.27,32.8,35.0,4.0,5.0,0.7973653076171875,False,CALL,2026-02-20,APP
APP260220C00595000,595.0,29.01,32.0,34.4,17.0,10.0,0.801210484008789,False,CALL,2026-02-20,APP
APP260220C00597500,597.5,24.73,31.5,33.5,4.0,12.0,0.804689453125,False,CALL,2026-02-20,APP
APP260220C00600000,600.0,31.1,30.6,31.7,351.0,2094.0,0.796175133972168,False,CALL,2026-02-20,APP
APP260220C00602500,602.5,21.85,28.9,31.2,4.0,5.0,0.7917501293945313,False,CALL,2026-02-20,APP
APP260220C00605000,605.0,18.28,28.5,30.7,1.0,91.0,0.7987385848999023,False,CALL,2026-02-20,APP
APP260220C00610000,610.0,28.18,27.3,29.5,8.0,345.0,0.8063984204101562,False,CALL,2026-02-20,APP
APP260220C00615000,615.0,24.53,25.1,26.7,1.0,12.0,0.7887594366455077,False,CALL,2026-02-20,APP
APP260220C00620000,620.0,24.6,24.2,25.6,20.0,1810.0,0.797578928527832,False,CALL,2026-02-20,APP
APP260220C00625000,625.0,22.8,21.7,24.9,9.0,32.0,0.7938558212280272,False,CALL,2026-02-20,APP
APP260220C00630000,630.0,19.7,20.9,22.3,6.0,1616.0,0.7867452966308592,False,CALL,2026-02-20,APP
APP260220C00635000,635.0,18.06,19.3,21.1,1.0,5.0,0.7840597766113282,False,CALL,2026-02-20,APP
APP260220C00640000,640.0,18.16,17.6,19.8,9.0,1192.0,0.777895287475586,False,CALL,2026-02-20,APP
APP260220C00645000,645.0,16.15,17.4,19.6,1.0,22.0,0.7972127212524415,False,CALL,2026-02-20,APP
APP260220C00650000,650.0,16.99,16.4,17.6,61.0,1747.0,0.7886068502807617,False,CALL,2026-02-20,APP
APP260220C00655000,655.0,12.7,14.9,16.5,2.0,4.0,0.7827170166015626,False,CALL,2026-02-20,APP
APP260220C00660000,660.0,15.3,14.0,15.5,28.0,1055.0,0.7830832238769532,False,CALL,2026-02-20,APP
APP260220C00670000,670.0,13.0,12.4,14.4,7.0,687.0,0.7932149584960937,False,CALL,2026-02-20,APP
APP260220C00680000,680.0,11.55,10.3,11.9,56.0,410.0,0.7760642510986329,False,CALL,2026-02-20,APP
APP260220C00690000,690.0,9.8,9.2,10.5,13.0,211.0,0.7800314965820312,False,CALL,2026-02-20,APP
APP260220C00700000,700.0,8.59,7.9,9.2,581.0,1382.0,0.7785666674804688,False,CALL,2026-02-20,APP
APP260220C00710000,710.0,7.25,6.9,8.1,10.0,223.0,0.7802146002197266,False,CALL,2026-02-20,APP
APP260220C00720000,720.0,6.7,6.3,7.0,33.0,1220.0,0.7844259838867188,False,CALL,2026-02-20,APP
APP260220C00730000,730.0,5.9,5.5,6.3,10.0,199.0,0.7886984020996093,False,CALL,2026-02-20,APP
APP260220P00400000,400.0,3.5,3.1,3.9,16.0,651.0,0.938477177734375,False,PUT,2026-02-20,APP
APP260220P00410000,410.0,4.65,4.0,4.6,3.0,248.0,0.9294440649414062,False,PUT,2026-02-20,APP
APP260220P00420000,420.0,5.75,4.8,5.4,13.0,214.0,0.9136971520996093,False,PUT,2026-02-20,APP
APP260220P00430000,430.0,7.0,6.0,6.4,11.0,219.0,0.9056405920410155,False,PUT,2026-02-20,APP
APP260220P00440000,440.0,7.46,7.1,7.8,2.0,401.0,0.8966685137939452,False,PUT,2026-02-20,APP
APP260220P00450000,450.0,9.6,8.3,10.0,27.0,606.0,0.8964854101562498,False,PUT,2026-02-20,APP
APP260220P00460000,460.0,10.68,10.2,11.7,13.0,207.0,0.8914195428466796,False,PUT,2026-02-20,APP
APP260220P00470000,470.0,13.0,11.9,13.6,17.0,426.0,0.8795788409423828,False,PUT,2026-02-20,APP
APP260220P00480000,480.0,15.81,14.3,15.6,12.0,466.0,0.8723462472534179,False,PUT,2026-02-20,APP
APP260220P00490000,490.0,17.05,16.7,17.7,14.0,366.0,0.8599867517089843,False,PUT,2026-02-20,APP
APP260220P00500000,500.0,20.17,19.3,20.7,19.0,963.0,0.854341056213379,False,PUT,2026-02-20,APP
APP260220P00510000,510.0,23.05,22.6,23.8,5.0,240.0,0.8507400180053711,False,PUT,2026-02-20,APP
APP260220P00515000,515.0,27.38,24.4,25.4,1.0,25.0,0.848512257080078,False,PUT,2026-02-20,APP
APP260220P00520000,520.0,26.8,26.0,27.4,15.0,634.0,0.8466812207031249,False,PUT,2026-02-20,APP
APP260220P00525000,525.0,32.45,26.9,30.2,2.0,83.0,0.8442093215942382,False,PUT,2026-02-20,APP
APP260220P00530000,530.0,32.93,29.4,31.9,7.0,298.0,0.8449722534179687,False,PUT,2026-02-20,APP
APP260220P00535000,535.0,36.25,31.8,34.0,7.0,61.0,0.8469253588867187,False,PUT,2026-02-20,APP
APP260220P00540000,540.0,35.0,34.0,35.2,8.0,407.0,0.8369156933593749,False,PUT,2026-02-20,APP
APP260220P00545000,545.0,36.8,35.8,38.4,1.0,86.0,0.8403336279296875,False,PUT,2026-02-20,APP
APP260220P00550000,550.0,39.79,38.2,40.5,25.0,964.0,0.8375260388183592,False,PUT,2026-02-20,APP
APP260220P00555000,555.0,45.56,40.8,43.4,35.0,70.0,0.8422256988525392,False,PUT,2026-02-20,APP
APP260220P00560000,560.0,44.87,43.2,45.6,15.0,353.0,0.8372819006347656,False,PUT,2026-02-20,APP
APP260220P00562500,562.5,49.0,44.3,46.3,10.0,45.0,0.8298051687622069,False,PUT,2026-02-20,APP
APP260220P00565000,565.0,49.8,45.1,48.6,14.0,53.0,0.8335587933349606,False,PUT,2026-02-20,APP
APP260220P00567500,567.5,57.3,46.3,49.4,4.0,48.0,0.8271806832885741,True,PUT,2026-02-20,APP
APP260220P00570000,570.0,51.35,47.9,51.4,254.0,727.0,0.8345963806152341,True,PUT,2026-02-20,APP
APP260220P00572500,572.5,54.5,49.7,52.6,18.0,26.0,0.8363358651733398,True,PUT,2026-02-20,APP
APP260220P00575000,575.0,64.09,50.9,53.8,2.0,30.0,0.8323991369628905,True,PUT,2026-02-20,APP
APP260220P00577500,577.5,61.36,50.4,54.8,4.0,5.0,0.8113422186279295,True,PUT,2026-02-20,APP
APP260220P00580000,580.0,55.8,54.0,56.4,6.0,498.0,0.8313920669555662,True,PUT,2026-02-20,APP
APP260220P00585000,585.0,67.35,54.6,59.0,2.0,12.0,0.8068866967773438,True,PUT,2026-02-20,APP
APP260220P00590000,590.0,67.8,58.9,62.3,1.0,262.0,0.8198565377807616,True,PUT,2026-02-20,APP
APP260220P00592500,592.5,84.6,60.3,63.8,2.0,2.0,0.8178423977661131,True,PUT,2026-02-20,APP
APP260220P00595000,595.0,70.3,62.5,65.6,4.0,14.0,0.8252580950927733,True,PUT,2026-02-20,APP
APP260220P00597500,597.5,72.6,64.5,66.9,,2.0,0.8261736132812498,True,PUT,2026-02-20,APP
APP260220P00600000,600.0,73.45,64.2,68.4,5.0,1677.0,0.8078327322387695,True,PUT,2026-02-20,APP
APP260220P00602500,602.5,79.8,67.5,70.3,8.0,11.0,0.8251360260009764,True,PUT,2026-02-20,APP
APP260220P00605000,605.0,79.39,68.5,71.9,1.0,3.0,0.8186663641357421,True,PUT,2026-02-20,APP
APP260220P00610000,610.0,82.2,72.0,74.6,2.0,282.0,0.8137225659179688,True,PUT,2026-02-20,APP
APP260220P00615000,615.0,84.5,75.6,78.3,3.0,4.0,0.8175067077636717,True,PUT,2026-02-20,APP
APP260220P00620000,620.0,81.3,77.5,82.0,3.0,171.0,0.8041401422119141,True,PUT,2026-02-20,APP
APP260220P00625000,625.0,95.9,82.5,85.3,1.0,2.0,0.8148211877441407,True,PUT,2026-02-20,APP
APP260220P00630000,630.0,98.8,86.0,89.0,6.0,310.0,0.8139361868286132,True,PUT,2026-02-20,APP
APP260220P00635000,635.0,114.8,89.0,92.9,,1.0,0.8087787677001952,True,PUT,2026-02-20,APP
APP260220P00640000,640.0,102.0,93.2,98.1,7.0,147.0,0.8272722351074218,True,PUT,2026-02-20,APP
APP260220P00650000,650.0,112.35,100.5,107.0,1.0,197.0,0.8356339678955076,True,PUT,2026-02-20,APP
APP260220P00660000,660.0,144.3,107.5,119.0,2.0,145.0,0.8698743481445312,True,PUT,2026-02-20,APP
APP260220P00670000,670.0,132.0,117.0,127.0,7.0,94.0,0.885743330078125,True,PUT,2026-02-20,APP
APP260220P00680000,680.0,130.0,123.6,135.0,1.0,108.0,0.865510378112793,True,PUT,2026-02-20,APP
APP260220P00690000,690.0,149.34,131.5,142.4,1.0,130.0,0.8472305316162108,True,PUT,2026-02-20,APP
APP260220P00700000,700.0,155.98,140.8,150.5,7.0,921.0,0.8501601898193358,True,PUT,2026-02-20,APP
APP260220P00710000,710.0,182.08,150.8,161.0,5.0,52.0,0.8916026464843749,True,PUT,2026-02-20,APP
APP260220P00720000,720.0,171.17,159.1,170.0,1.0,83.0,0.8882457464599607,True,PUT,2026-02-20,APP
APP260220P00730000,730.0,201.4,167.5,180.0,1.0,81.0,0.8972788592529295,True,PUT,2026-02-20,APP
APP260227C00400000,400.0,168.47,161.0,171.2,2.0,2.0,0.5903361279296876,True,CALL,2026-02-27,APP
APP260227C00430000,430.0,150.0,135.0,145.5,,1.0,0.7365748999023438,True,CALL,2026-02-27,APP
APP260227C00450000,450.0,125.0,119.0,130.4,1.0,2.0,0.7864401239013672,True,CALL,2026-02-27,APP
APP260227C00470000,470.0,103.4,103.0,116.1,5.0,1.0,0.8013020358276367,True,CALL,2026-02-27,APP
APP260227C00480000,480.0,74.9,98.0,105.0,2.0,3.0,0.78711150390625,True,CALL,2026-02-27,APP
APP260227C00500000,500.0,79.0,83.0,90.9,2.0,6.0,0.7761863201904298,True,CALL,2026-02-27,APP
APP260227C00505000,505.0,60.75,80.9,89.0,3.0,14.0,0.8006916903686524,True,CALL,2026-02-27,APP
APP260227C00510000,510.0,60.3,79.6,84.6,2.0,7.0,0.8069782485961915,True,CALL,2026-02-27,APP
APP260227C00515000,515.0,77.0,73.3,79.2,1.0,6.0,0.75821164642334,True,CALL,2026-02-27,APP
APP260227C00520000,520.0,69.54,72.9,78.0,1.0,7.0,0.7980366876220704,True,CALL,2026-02-27,APP
APP260227C00525000,525.0,64.0,67.3,72.9,2.0,2.0,0.7572045764160158,True,CALL,2026-02-27,APP
APP260227C00530000,530.0,57.0,64.0,73.0,10.0,34.0,0.7793601165771484,True,CALL,2026-02-27,APP
APP260227C00535000,535.0,62.97,64.3,68.0,23.0,61.0,0.786989434814453,True,CALL,2026-02-27,APP
APP260227C00540000,540.0,56.1,58.1,65.8,6.0,27.0,0.762972341003418,True,CALL,2026-02-27,APP
APP260227C00545000,545.0,59.0,59.3,63.8,1.0,13.0,0.7992878958129883,True,CALL,2026-02-27,APP
APP260227C00550000,550.0,51.6,53.1,59.8,5.0,49.0,0.7587914746093751,True,CALL,2026-02-27,APP
APP260227C00555000,555.0,58.1,50.9,56.1,6.0,8.0,0.7516199154663085,True,CALL,2026-02-27,APP
APP260227C00560000,560.0,49.0,51.5,55.8,73.0,19.0,0.7918111639404297,True,CALL,2026-02-27,APP
APP260227C00565000,565.0,47.0,45.0,52.2,1.0,17.0,0.7493311199951171,True,CALL,2026-02-27,APP
APP260227C00570000,570.0,47.51,46.0,50.7,1.0,40.0,0.7803977038574219,False,CALL,2026-02-27,APP
APP260227C00575000,575.0,35.0,41.0,48.5,2.0,11.0,0.7582421636962893,False,CALL,2026-02-27,APP
APP260227C00580000,580.0,41.0,39.8,44.8,5.0,27.0,0.7527185372924804,False,CALL,2026-02-27,APP
APP260227C00585000,585.0,33.0,36.4,43.6,1.0,5.0,0.7483240499877931,False,CALL,2026-02-27,APP
APP260227C00590000,590.0,34.39,38.6,40.9,2.0,91.0,0.774538387451172,False,CALL,2026-02-27,APP
APP260227C00595000,595.0,32.64,35.5,38.5,1.0,5.0,0.7608361318969729,False,CALL,2026-02-27,APP
APP260227C00600000,600.0,35.9,31.0,37.6,22.0,137.0,0.7466455999755859,False,CALL,2026-02-27,APP
APP260227C00605000,605.0,25.89,29.0,36.2,1.0,11.0,0.7469202554321289,False,CALL,2026-02-27,APP
APP260227C00610000,610.0,31.64,28.3,34.3,5.0,39.0,0.7524438818359375,False,CALL,2026-02-27,APP
APP260227C00615000,615.0,24.93,26.8,31.9,22.0,23.0,0.7465235308837892,False,CALL,2026-02-27,APP
APP260227C00620000,620.0,25.5,27.1,31.5,3.0,121.0,0.7702659692382813,False,CALL,2026-02-27,APP
APP260227C00625000,625.0,18.78,23.2,28.3,5.0,8.0,0.7359035198974608,False,CALL,2026-02-27,APP
APP260227C00630000,630.0,18.65,24.8,27.3,18.0,78.0,0.7638573419189454,False,CALL,2026-02-27,APP
APP260227C00635000,635.0,21.0,21.1,25.7,7.0,7.0,0.7416102499389648,False,CALL,2026-02-27,APP
APP260227C00640000,640.0,17.0,19.5,25.4,1.0,19.0,0.7469202554321289,False,CALL,2026-02-27,APP
APP260227C00645000,645.0,17.5,19.0,23.7,3.0,10.0,0.7487818090820313,False,CALL,2026-02-27,APP
APP260227C00650000,650.0,18.45,20.4,22.0,5.0,84.0,0.7666038964843751,False,CALL,2026-02-27,APP
APP260227C00655000,655.0,18.1,19.0,21.5,1.0,6.0,0.7695945892333984,False,CALL,2026-02-27,APP
APP260227C00660000,660.0,14.6,17.4,19.2,2.0,18.0,0.7532983654785157,False,CALL,2026-02-27,APP
APP260227C00665000,665.0,28.3,16.8,20.1,1.0,1.0,0.7750266638183594,False,CALL,2026-02-27,APP
APP260227C00670000,670.0,14.25,16.0,17.6,4.0,30.0,0.7621178573608399,False,CALL,2026-02-27,APP
APP260227C00675000,675.0,11.04,13.5,17.5,4.0,55.0,0.7545190563964843,False,CALL,2026-02-27,APP
APP260227C00680000,680.0,9.4,13.2,17.7,3.0,18.0,0.7709983837890625,False,CALL,2026-02-27,APP
APP260227C00685000,685.0,12.95,10.9,15.2,1.0,7.0,0.7383449017333983,False,CALL,2026-02-27,APP
APP260227C00690000,690.0,12.85,12.2,16.6,1.0,9.0,0.7833883966064454,False,CALL,2026-02-27,APP
APP260227C00695000,695.0,6.9,11.6,12.7,1.0,2.0,0.7512842254638672,False,CALL,2026-02-27,APP
APP260227C00700000,700.0,11.86,9.7,12.0,6.0,20.0,0.7374293835449219,False,CALL,2026-02-27,APP
APP260227C00705000,705.0,6.97,10.2,11.7,2.0,2.0,0.7550683673095704,False,CALL,2026-02-27,APP
APP260227C00710000,710.0,10.5,8.4,10.6,1.0,16.0,0.7350490362548827,False,CALL,2026-02-27,APP
APP260227C00715000,715.0,8.1,5.5,10.3,1.0,2.0,0.7080717669677734,False,CALL,2026-02-27,APP
APP260227C00720000,720.0,7.4,7.5,9.8,1.0,3.0,0.742068009033203,False,CALL,2026-02-27,APP
APP260227C00730000,730.0,6.0,6.0,11.7,1.0,1.0,0.7751487329101563,False,CALL,2026-02-27,APP
APP260227P00400000,400.0,4.58,4.1,5.5,21.0,93.0,0.8872081591796874,False,PUT,2026-02-27,APP
APP260227P00410000,410.0,6.75,3.1,9.9,6.0,39.0,0.9079599047851561,False,PUT,2026-02-27,APP
APP260227P00420000,420.0,7.0,5.3,8.3,1.0,19.0,0.8667615863037108,False,PUT,2026-02-27,APP
APP260227P00430000,430.0,9.35,6.4,12.1,1.0,7.0,0.8964243756103514,False,PUT,2026-02-27,APP
APP260227P00440000,440.0,10.0,7.1,13.7,1.0,28.0,0.875977802734375,False,PUT,2026-02-27,APP
APP260227P00450000,450.0,13.84,10.3,12.0,1.0,19.0,0.8413712152099608,False,PUT,2026-02-27,APP
APP260227P00460000,460.0,13.23,9.4,14.2,2.0,18.0,0.8027363476562499,False,PUT,2026-02-27,APP
APP260227P00465000,465.0,15.3,13.1,16.4,1.0,4.0,0.8469863934326172,False,PUT,2026-02-27,APP
APP260227P00470000,470.0,16.45,14.2,19.3,23.0,56.0,0.8635877899169921,False,PUT,2026-02-27,APP
APP260227P00480000,480.0,19.0,16.6,21.7,1.0,35.0,0.8549819189453125,False,PUT,2026-02-27,APP
APP260227P00485000,485.0,21.3,18.0,20.0,4.0,47.0,0.8209551596069334,False,PUT,2026-02-27,APP
APP260227P00490000,490.0,22.81,19.3,21.3,2.0,47.0,0.8165301550292967,False,PUT,2026-02-27,APP
APP260227P00495000,495.0,21.9,19.6,24.1,3.0,29.0,0.815736705932617,False,PUT,2026-02-27,APP
APP260227P00500000,500.0,24.8,22.3,24.6,16.0,36.0,0.81445498046875,False,PUT,2026-02-27,APP
APP260227P00505000,505.0,26.49,23.9,26.2,1.0,47.0,0.8118304949951172,False,PUT,2026-02-27,APP
APP260227P00510000,510.0,28.3,25.7,30.7,16.0,9.0,0.8358475888061522,False,PUT,2026-02-27,APP
APP260227P00515000,515.0,29.94,27.5,30.6,1.0,41.0,0.816835327758789,False,PUT,2026-02-27,APP
APP260227P00520000,520.0,33.19,28.6,32.0,2.0,47.0,0.8041096249389649,False,PUT,2026-02-27,APP
APP260227P00525000,525.0,36.67,29.1,36.9,3.0,27.0,0.8151873950195312,False,PUT,2026-02-27,APP
APP260227P00530000,530.0,36.75,32.4,39.0,1.0,14.0,0.8244951632690428,False,PUT,2026-02-27,APP
APP260227P00535000,535.0,42.3,35.3,37.6,1.0,28.0,0.8001423794555663,False,PUT,2026-02-27,APP
APP260227P00540000,540.0,38.3,37.1,39.5,1.0,24.0,0.7930318548583983,False,PUT,2026-02-27,APP
APP260227P00545000,545.0,44.3,40.1,42.0,1.0,53.0,0.7992573785400392,False,PUT,2026-02-27,APP
APP260227P00550000,550.0,43.6,41.8,44.5,1.0,43.0,0.7937642694091795,False,PUT,2026-02-27,APP
APP260227P00555000,555.0,44.88,43.6,47.6,1.0,38.0,0.7926046130371094,False,PUT,2026-02-27,APP
APP260227P00560000,560.0,48.25,45.5,49.5,1.0,21.0,0.7816183947753907,False,PUT,2026-02-27,APP
APP260227P00565000,565.0,56.3,48.6,52.7,34.0,55.0,0.7890035748291016,False,PUT,2026-02-27,APP
APP260227P00570000,570.0,60.0,51.5,58.0,6.0,16.0,0.8098468722534179,True,PUT,2026-02-27,APP
APP260227P00575000,575.0,59.2,54.0,57.9,3.0,12.0,0.7845480529785156,True,PUT,2026-02-27,APP
APP260227P00580000,580.0,62.7,55.6,60.1,3.0,8.0,0.7689537265014649,True,PUT,2026-02-27,APP
APP260227P00585000,585.0,62.0,59.6,66.6,18.0,9.0,0.8040485903930664,True,PUT,2026-02-27,APP
APP260227P00590000,590.0,94.35,63.7,69.5,1.0,9.0,0.810976011352539,True,PUT,2026-02-27,APP
APP260227P00595000,595.0,58.0,64.7,72.0,,1.0,0.7896444375610351,True,PUT,2026-02-27,APP
APP260227P00600000,600.0,78.0,69.1,76.0,1.0,115.0,0.8053303158569335,True,PUT,2026-02-27,APP
APP260227P00605000,605.0,73.5,72.3,77.8,29.0,11.0,0.793398062133789,True,PUT,2026-02-27,APP
APP260227P00610000,610.0,101.8,75.9,78.5,1.0,4.0,0.7746909738159181,True,PUT,2026-02-27,APP
APP260227P00615000,615.0,90.24,78.0,83.9,1.0,9.0,0.7802146002197266,True,PUT,2026-02-27,APP
APP260227P00620000,620.0,120.85,83.1,89.0,1.0,3.0,0.8065815240478516,True,PUT,2026-02-27,APP
APP260227P00625000,625.0,93.1,86.2,90.5,1.0,8.0,0.7868368484497069,True,PUT,2026-02-27,APP
APP260227P00630000,630.0,96.9,89.7,93.5,1.0,6.0,0.7813132220458985,True,PUT,2026-02-27,APP
APP260227P00635000,635.0,109.62,91.9,99.0,1.0,3.0,0.7846701220703125,True,PUT,2026-02-27,APP
APP260227P00640000,640.0,137.8,96.3,102.8,1.0,10.0,0.7914449566650392,True,PUT,2026-02-27,APP
APP260227P00645000,645.0,108.81,101.0,106.2,,5.0,0.7965718585205077,True,PUT,2026-02-27,APP
APP260227P00650000,650.0,110.55,103.6,110.0,2.0,11.0,0.786012882080078,True,PUT,2026-02-27,APP
APP260227P00655000,655.0,89.4,107.4,116.6,2.0,1.0,0.8097858377075194,True,PUT,2026-02-27,APP
APP260227P00660000,660.0,135.35,107.8,119.4,2.0,4.0,0.768129760131836,True,PUT,2026-02-27,APP
APP260227P00665000,665.0,124.77,114.7,125.0,1.0,3.0,0.8101825622558592,True,PUT,2026-02-27,APP
APP260227P00670000,670.0,135.35,116.9,128.7,1.0,3.0,0.7907735766601562,True,PUT,2026-02-27,APP
APP260227P00690000,690.0,143.55,134.0,144.5,2.0,0.0,0.7906820248413086,True,PUT,2026-02-27,APP
APP260227P00700000,700.0,104.8,143.5,153.2,,1.0,0.8043537631225585,True,PUT,2026-02-27,APP
APP260227P00710000,710.0,102.4,151.0,163.0,,0.0,0.805940661315918,True,PUT,2026-02-27,APP
APP260227P00720000,720.0,100.5,162.1,172.0,,16.0,0.8372513833618164,True,PUT,2026-02-27,APP
APP260227P00725000,725.0,111.6,163.3,176.9,,1.0,0.8056965231323242,True,PUT,2026-02-27,APP
APP260227P00730000,730.0,115.3,169.1,180.0,,1.0,0.8062153167724608,True,PUT,2026-02-27,APP
APP260306C00470000,470.0,77.3,105.0,114.9,2.0,1.0,0.7299831689453125,True,CALL,2026-03-06,APP
APP260306C00480000,480.0,76.79,101.0,109.0,,6.0,0.7765220101928713,True,CALL,2026-03-06,APP
APP260306C00500000,500.0,60.1,87.0,94.0,2.0,7.0,0.7598290618896486,True,CALL,2026-03-06,APP
APP260306C00515000,515.0,61.2,77.1,85.3,2.0,1.0,0.7616906155395509,True,CALL,2026-03-06,APP
APP260306C00520000,520.0,62.9,74.7,79.7,1.0,4.0,0.7458826681518554,True,CALL,2026-03-06,APP
APP260306C00525000,525.0,67.93,71.1,77.5,2.0,5.0,0.7462488754272462,True,CALL,2026-03-06,APP
APP260306C00530000,530.0,61.25,68.0,74.3,12.0,14.0,0.7416712844848632,True,CALL,2026-03-06,APP
APP260306C00535000,535.0,63.4,67.9,75.0,1.0,7.0,0.7871420211791992,True,CALL,2026-03-06,APP
APP260306C00540000,540.0,65.0,64.9,68.3,11.0,23.0,0.7550378500366212,True,CALL,2026-03-06,APP
APP260306C00550000,550.0,62.0,60.0,63.8,3.0,10.0,0.7612633737182618,True,CALL,2026-03-06,APP
APP260306C00580000,580.0,34.25,43.0,50.7,2.0,3.0,0.7411219735717772,False,CALL,2026-03-06,APP
APP260306C00600000,600.0,35.21,36.1,41.9,6.0,13.0,0.7384974880981444,False,CALL,2026-03-06,APP
APP260306C00610000,610.0,23.8,31.0,37.2,2.0,1.0,0.7175626388549804,False,CALL,2026-03-06,APP
APP260306C00620000,620.0,21.4,31.0,34.2,13.0,11.0,0.7414576635742187,False,CALL,2026-03-06,APP
APP260306C00650000,650.0,19.0,20.4,25.7,2.0,12.0,0.7195767788696289,False,CALL,2026-03-06,APP
APP260306C00655000,655.0,13.5,22.0,25.5,2.0,1.0,0.7489343954467774,False,CALL,2026-03-06,APP
APP260306C00725000,725.0,8.0,7.1,11.9,1.0,1.0,0.7006865869140625,False,CALL,2026-03-06,APP
APP260306P00430000,430.0,10.21,7.2,11.2,1.0,11.0,0.8057880749511719,False,PUT,2026-03-06,APP
APP260306P00465000,465.0,17.9,15.8,21.1,10.0,20.0,0.8395706961059569,False,PUT,2026-03-06,APP
APP260306P00470000,470.0,21.5,16.6,21.5,6.0,6.0,0.8236711968994139,False,PUT,2026-03-06,APP
APP260306P00475000,475.0,30.08,17.7,23.6,8.0,4.0,0.8265703378295898,False,PUT,2026-03-06,APP
APP260306P00480000,480.0,29.06,18.6,24.8,5.0,6.0,0.817811880493164,False,PUT,2026-03-06,APP
APP260306P00485000,485.0,22.0,20.3,26.1,2.0,6.0,0.8163775686645507,False,PUT,2026-03-06,APP
APP260306P00490000,490.0,25.6,20.2,27.8,1.0,7.0,0.8014546221923828,False,PUT,2026-03-06,APP
APP260306P00495000,495.0,30.6,22.7,29.3,1.0,3.0,0.80664255859375,False,PUT,2026-03-06,APP
APP260306P00500000,500.0,30.5,25.2,28.0,3.0,4.0,0.7868673657226561,False,PUT,2026-03-06,APP
APP260306P00510000,510.0,35.67,28.6,33.3,10.0,21.0,0.7969991003417969,False,PUT,2026-03-06,APP
APP260306P00520000,520.0,39.2,32.1,37.5,2.0,3.0,0.7939778903198241,False,PUT,2026-03-06,APP
APP260306P00540000,540.0,48.1,38.9,46.9,5.0,14.0,0.7813589979553224,False,PUT,2026-03-06,APP
APP260306P00545000,545.0,52.95,43.6,50.0,10.0,20.0,0.8028126408386229,False,PUT,2026-03-06,APP
APP260306P00550000,550.0,50.5,46.0,49.4,4.0,6.0,0.7798789102172851,False,PUT,2026-03-06,APP
APP260306P00555000,555.0,53.85,48.0,52.1,3.0,6.0,0.7768882174682618,False,PUT,2026-03-06,APP
APP260306P00570000,570.0,83.5,55.9,61.8,,0.0,0.7865316757202149,True,PUT,2026-03-06,APP
APP260306P00575000,575.0,81.45,57.5,62.9,1.0,1.0,0.7656883782958985,True,PUT,2026-03-06,APP
APP260306P00595000,595.0,74.55,67.4,76.0,2.0,3.0,0.7579064736938478,True,PUT,2026-03-06,APP
APP260306P00610000,610.0,115.5,78.0,83.5,1.0,1.0,0.748171463623047,True,PUT,2026-03-06,APP
APP260306P00620000,620.0,111.59,85.8,93.0,2.0,2.0,0.774614680633545,True,PUT,2026-03-06,APP
APP260320C00400000,400.0,145.25,167.0,177.2,2.0,199.0,0.7403590417480468,True,CALL,2026-03-20,APP
APP260320C00410000,410.0,144.8,158.0,169.2,21.0,91.0,0.7423426644897461,True,CALL,2026-03-20,APP
APP260320C00420000,420.0,132.1,150.0,161.0,2.0,174.0,0.7485987054443359,True,CALL,2026-03-20,APP
APP260320C00430000,430.0,130.0,143.9,152.7,1.0,160.0,0.7684959674072267,True,CALL,2026-03-20,APP
APP260320C00440000,440.0,126.0,135.5,145.3,2.0,63.0,0.7663292410278321,True,CALL,2026-03-20,APP
APP260320C00450000,450.0,118.1,126.0,137.8,3.0,141.0,0.7488428436279297,True,CALL,2026-03-20,APP
APP260320C00460000,460.0,100.2,118.3,130.2,17.0,135.0,0.7440821490478515,True,CALL,2026-03-20,APP
APP260320C00470000,470.0,106.3,114.1,120.1,20.0,77.0,0.7438990454101562,True,CALL,2026-03-20,APP
APP260320C00480000,480.0,102.0,103.7,115.1,1.0,133.0,0.7310512734985352,True,CALL,2026-03-20,APP
APP260320C00490000,490.0,98.1,102.4,106.0,1.0,57.0,0.7523218127441407,True,CALL,2026-03-20,APP
APP260320C00500000,500.0,97.95,97.0,100.7,11.0,274.0,0.7656883782958985,True,CALL,2026-03-20,APP
APP260320C00510000,510.0,85.81,90.4,93.2,1.0,33.0,0.7514673291015624,True,CALL,2026-03-20,APP
APP260320C00520000,520.0,86.0,83.9,87.3,3.0,102.0,0.7457605990600585,True,CALL,2026-03-20,APP
APP260320C00530000,530.0,75.54,79.2,81.6,3.0,157.0,0.7496668099975586,True,CALL,2026-03-20,APP
APP260320C00540000,540.0,72.37,72.8,76.8,67.0,250.0,0.7450587017822266,True,CALL,2026-03-20,APP
APP260320C00550000,550.0,67.27,67.9,70.4,47.0,198.0,0.7368190380859375,True,CALL,2026-03-20,APP
APP260320C00560000,560.0,64.8,63.1,66.0,32.0,166.0,0.7382838671874999,True,CALL,2026-03-20,APP
APP260320C00570000,570.0,55.17,58.0,61.8,4.0,170.0,0.7360713648986816,False,CALL,2026-03-20,APP
APP260320C00580000,580.0,56.25,55.5,56.7,4.0,597.0,0.7409999044799803,False,CALL,2026-03-20,APP
APP260320C00590000,590.0,51.6,51.1,52.9,11.0,124.0,0.7394740408325194,False,CALL,2026-03-20,APP
APP260320C00600000,600.0,46.6,46.7,49.3,56.0,1193.0,0.7363460203552246,False,CALL,2026-03-20,APP
APP260320C00610000,610.0,42.75,42.9,45.8,5.0,237.0,0.734652311706543,False,CALL,2026-03-20,APP
APP260320C00620000,620.0,40.2,38.8,43.8,48.0,314.0,0.7375514526367187,False,CALL,2026-03-20,APP
APP260320C00630000,630.0,33.35,35.5,39.2,2.0,246.0,0.7269314416503907,False,CALL,2026-03-20,APP
APP260320C00640000,640.0,30.5,32.9,35.5,1.0,259.0,0.7234219552612304,False,CALL,2026-03-20,APP
APP260320C00650000,650.0,32.0,31.0,32.9,42.0,555.0,0.7287929953002931,False,CALL,2026-03-20,APP
APP260320C00660000,660.0,26.25,28.6,30.5,5.0,203.0,0.7300442034912109,False,CALL,2026-03-20,APP
APP260320C00670000,670.0,26.8,26.4,28.2,27.0,193.0,0.7310817907714844,False,CALL,2026-03-20,APP
APP260320C00680000,680.0,22.3,23.0,27.5,12.0,181.0,0.7326381716918945,False,CALL,2026-03-20,APP
APP260320C00690000,690.0,21.72,20.9,23.0,1.0,318.0,0.7143583251953125,False,CALL,2026-03-20,APP
APP260320C00700000,700.0,20.35,20.0,21.1,169.0,5923.0,0.7206448834228516,False,CALL,2026-03-20,APP
APP260320C00710000,710.0,17.0,17.5,20.0,3.0,596.0,0.7191800543212892,False,CALL,2026-03-20,APP
APP260320C00720000,720.0,16.0,16.5,18.9,61.0,5192.0,0.7273892007446289,False,CALL,2026-03-20,APP
APP260320C00730000,730.0,15.52,15.0,16.7,2.0,499.0,0.7211331597900392,False,CALL,2026-03-20,APP
APP260320P00400000,400.0,9.0,8.8,9.8,32.0,1276.0,0.8184222259521483,False,PUT,2026-03-20,APP
APP260320P00410000,410.0,10.95,9.8,11.7,2.0,846.0,0.8112811840820311,False,PUT,2026-03-20,APP
APP260320P00420000,420.0,13.18,11.7,12.7,6.0,233.0,0.800508586730957,False,PUT,2026-03-20,APP
APP260320P00430000,430.0,15.4,13.5,15.2,1.0,257.0,0.8014546221923828,False,PUT,2026-03-20,APP
APP260320P00440000,440.0,17.19,15.0,16.1,11.0,731.0,0.7792380474853515,False,PUT,2026-03-20,APP
APP260320P00450000,450.0,18.55,16.5,18.3,4.0,715.0,0.7674583801269532,False,PUT,2026-03-20,APP
APP260320P00460000,460.0,20.6,19.8,20.8,3.0,490.0,0.7709678665161133,False,PUT,2026-03-20,APP
APP260320P00470000,470.0,22.89,22.5,23.9,1.0,357.0,0.7699607965087891,False,PUT,2026-03-20,APP
APP260320P00480000,480.0,26.15,25.4,26.5,6.0,172.0,0.7627282028198242,False,PUT,2026-03-20,APP
APP260320P00490000,490.0,29.15,28.6,29.6,5.0,111.0,0.75821164642334,False,PUT,2026-03-20,APP
APP260320P00500000,500.0,32.6,31.5,33.3,55.0,504.0,0.7524133645629882,False,PUT,2026-03-20,APP
APP260320P00510000,510.0,35.9,35.0,37.3,14.0,200.0,0.7494684477233886,False,PUT,2026-03-20,APP
APP260320P00520000,520.0,41.5,39.3,41.5,10.0,293.0,0.7497125859069824,False,PUT,2026-03-20,APP
APP260320P00530000,530.0,46.9,42.8,45.3,1.0,190.0,0.7388942126464844,False,PUT,2026-03-20,APP
APP260320P00540000,540.0,50.8,48.2,50.0,18.0,237.0,0.7426173199462891,False,PUT,2026-03-20,APP
APP260320P00550000,550.0,56.24,52.6,54.5,63.0,923.0,0.735628864440918,False,PUT,2026-03-20,APP
APP260320P00560000,560.0,58.55,57.1,59.7,16.0,170.0,0.7305019625854492,False,PUT,2026-03-20,APP
APP260320P00570000,570.0,67.0,63.0,65.3,17.0,176.0,0.7331264480590819,True,PUT,2026-03-20,APP
APP260320P00580000,580.0,69.6,69.1,71.5,4.0,170.0,0.7374751594543458,True,PUT,2026-03-20,APP
APP260320P00590000,590.0,77.9,74.0,77.2,6.0,293.0,0.7288387712097169,True,PUT,2026-03-20,APP
APP260320P00600000,600.0,83.9,80.4,83.0,18.0,349.0,0.7268704071044922,True,PUT,2026-03-20,APP
APP260320P00610000,610.0,96.5,86.9,88.9,2.0,111.0,0.7233304034423829,True,PUT,2026-03-20,APP
APP260320P00620000,620.0,99.6,92.5,96.6,30.0,175.0,0.7224759197998047,True,PUT,2026-03-20,APP
APP260320P00630000,630.0,111.3,99.4,103.1,3.0,197.0,0.7196072961425781,True,PUT,2026-03-20,APP
APP260320P00640000,640.0,118.1,106.4,110.3,2.0,61.0,0.7191037611389162,True,PUT,2026-03-20,APP
APP260320P00650000,650.0,126.0,114.4,117.5,3.0,163.0,0.7224759197998047,True,PUT,2026-03-20,APP
APP260320P00660000,660.0,129.3,121.8,125.0,30.0,243.0,0.7216519534301759,True,PUT,2026-03-20,APP
APP260320P00670000,670.0,141.1,128.5,132.6,3.0,70.0,0.7143888424682617,True,PUT,2026-03-20,APP
APP260320P00680000,680.0,142.6,137.1,144.6,1.0,205.0,0.7476984458923339,True,PUT,2026-03-20,APP
APP260320P00690000,690.0,159.6,146.3,154.0,5.0,148.0,0.7663902755737305,True,PUT,2026-03-20,APP
APP260320P00700000,700.0,166.1,150.9,162.0,5.0,106.0,0.7411524908447265,True,PUT,2026-03-20,APP
APP260320P00710000,710.0,175.2,159.5,168.0,3.0,121.0,0.7268704071044922,True,PUT,2026-03-20,APP
APP260320P00720000,720.0,183.2,168.0,179.0,3.0,253.0,0.7477137045288086,True,PUT,2026-03-20,APP
APP260320P00730000,730.0,191.8,175.5,188.0,2.0,28.0,0.7440211145019531,True,PUT,2026-03-20,APP
APP260417C00400000,400.0,191.5,173.0,183.9,1.0,2.0,0.7319667916870116,True,CALL,2026-04-17,APP
APP260417C00410000,410.0,154.57,165.0,177.0,1.0,9.0,0.7400843862915037,True,CALL,2026-04-17,APP
APP260417C00420000,420.0,150.85,157.0,166.5,1.0,29.0,0.7138700488281251,True,CALL,2026-04-17,APP
APP260417C00430000,430.0,126.8,150.0,160.2,2.0,5.0,0.7279690289306642,True,CALL,2026-04-17,APP
APP260417C00440000,440.0,140.5,142.0,154.0,2.0,16.0,0.7304714453125,True,CALL,2026-04-17,APP
APP260417C00450000,450.0,125.44,135.0,147.3,1.0,22.0,0.7330348962402342,True,CALL,2026-04-17,APP
APP260417C00460000,460.0,123.35,130.5,138.2,1.0,7.0,0.7329891203308103,True,CALL,2026-04-17,APP
APP260417C00470000,470.0,98.95,121.0,130.3,20.0,24.0,0.7066374551391602,True,CALL,2026-04-17,APP
APP260417C00480000,480.0,113.65,115.7,126.0,1.0,79.0,0.7259243716430664,True,CALL,2026-04-17,APP
APP260417C00490000,490.0,154.35,109.9,117.5,1.0,10.0,0.7142667733764648,True,CALL,2026-04-17,APP
APP260417C00500000,500.0,101.81,101.3,114.7,1.0,47.0,0.7167691897583007,True,CALL,2026-04-17,APP
APP260417C00510000,510.0,90.0,99.0,105.1,1.0,28.0,0.7139310833740236,True,CALL,2026-04-17,APP
APP260417C00520000,520.0,96.0,93.1,99.9,3.0,69.0,0.7130003065490724,True,CALL,2026-04-17,APP
APP260417C00530000,530.0,80.9,91.5,94.3,1.0,143.0,0.7296017030334474,True,CALL,2026-04-17,APP
APP260417C00540000,540.0,80.0,83.0,88.4,2.0,63.0,0.7073851283264161,True,CALL,2026-04-17,APP
APP260417C00550000,550.0,80.52,78.0,83.6,5.0,84.0,0.7063170237731935,True,CALL,2026-04-17,APP
APP260417C00560000,560.0,74.96,72.3,77.8,19.0,75.0,0.6949035636901855,True,CALL,2026-04-17,APP
APP260417C00570000,570.0,68.37,68.4,75.2,17.0,130.0,0.7056609024047852,False,CALL,2026-04-17,APP
APP260417C00580000,580.0,62.5,66.0,70.9,1.0,64.0,0.7133207379150392,False,CALL,2026-04-17,APP
APP260417C00590000,590.0,57.41,63.8,65.5,2.0,45.0,0.7146787565612793,False,CALL,2026-04-17,APP
APP260417C00600000,600.0,53.71,59.7,61.5,4.0,192.0,0.7118101329040527,False,CALL,2026-04-17,APP
APP260417C00610000,610.0,50.0,55.9,57.3,3.0,73.0,0.7075987492370606,False,CALL,2026-04-17,APP
APP260417C00620000,620.0,51.92,52.4,55.1,4.0,143.0,0.712618840637207,False,CALL,2026-04-17,APP
APP260417C00630000,630.0,46.0,49.1,51.6,2.0,93.0,0.7107115110778808,False,CALL,2026-04-17,APP
APP260417C00640000,640.0,38.74,44.0,47.4,11.0,42.0,0.6949188223266601,False,CALL,2026-04-17,APP
APP260417C00650000,650.0,41.0,42.5,45.4,3.0,175.0,0.7057524542236329,False,CALL,2026-04-17,APP
APP260417C00660000,660.0,37.0,38.5,41.9,1.0,55.0,0.6952850296020509,False,CALL,2026-04-17,APP
APP260417C00670000,670.0,36.0,36.6,39.2,1.0,57.0,0.6977111528015139,False,CALL,2026-04-17,APP
APP260417C00680000,680.0,32.1,35.0,36.5,1.0,266.0,0.7002593450927734,False,CALL,2026-04-17,APP
APP260417C00690000,690.0,29.2,30.4,34.4,1.0,70.0,0.6887695918273928,False,CALL,2026-04-17,APP
APP260417C00700000,700.0,30.15,30.4,32.2,3.0,235.0,0.6996489996337891,False,CALL,2026-04-17,APP
APP260417C00710000,710.0,26.0,26.2,30.5,2.0,50.0,0.6892120922851563,False,CALL,2026-04-17,APP
APP260417C00720000,720.0,21.43,25.7,27.5,2.0,26.0,0.6904938177490236,False,CALL,2026-04-17,APP
APP260417C00730000,730.0,25.1,23.6,26.1,3.0,61.0,0.6905090763854982,False,CALL,2026-04-17,APP
APP260417P00400000,400.0,15.3,14.0,15.1,13.0,200.0,0.762270443725586,False,PUT,2026-04-17,APP
APP260417P00410000,410.0,17.1,16.0,17.1,2.0,61.0,0.7583947500610352,False,PUT,2026-04-17,APP
APP260417P00420000,420.0,19.88,17.9,19.1,11.0,55.0,0.7508875009155273,False,PUT,2026-04-17,APP
APP260417P00430000,430.0,20.86,20.2,21.7,6.0,71.0,0.7485987054443359,False,PUT,2026-04-17,APP
APP260417P00440000,440.0,24.7,22.6,23.8,4.0,342.0,0.7405726626586914,False,PUT,2026-04-17,APP
APP260417P00450000,450.0,25.69,24.6,26.3,7.0,508.0,0.7303798934936524,False,PUT,2026-04-17,APP
APP260417P00460000,460.0,34.07,28.0,29.4,21.0,99.0,0.7311123080444336,False,PUT,2026-04-17,APP
APP260417P00470000,470.0,34.54,31.0,33.1,2.0,95.0,0.7301815312194824,False,PUT,2026-04-17,APP
APP260417P00480000,480.0,35.44,34.2,35.4,202.0,397.0,0.7194852270507812,False,PUT,2026-04-17,APP
APP260417P00490000,490.0,40.4,37.3,39.8,1.0,86.0,0.7183103120422363,False,PUT,2026-04-17,APP
APP260417P00500000,500.0,45.0,41.4,43.7,1.0,407.0,0.717379535217285,False,PUT,2026-04-17,APP
APP260417P00510000,510.0,49.8,44.4,47.2,3.0,180.0,0.7059965924072267,False,PUT,2026-04-17,APP
APP260417P00520000,520.0,53.85,49.5,53.5,1.0,116.0,0.7182645361328125,False,PUT,2026-04-17,APP
APP260417P00530000,530.0,59.5,54.2,56.0,1.0,123.0,0.7062712478637696,False,PUT,2026-04-17,APP
APP260417P00540000,540.0,60.4,58.8,61.4,3.0,127.0,0.7064543515014649,False,PUT,2026-04-17,APP
APP260417P00550000,550.0,65.0,63.1,65.6,1.0,89.0,0.6970550314331055,False,PUT,2026-04-17,APP
APP260417P00560000,560.0,74.53,68.6,74.0,3.0,117.0,0.7119474606323243,False,PUT,2026-04-17,APP
APP260417P00570000,570.0,82.0,73.9,79.9,17.0,75.0,0.7115049601745604,True,PUT,2026-04-17,APP
APP260417P00580000,580.0,84.0,79.0,81.8,6.0,67.0,0.6889984713745119,True,PUT,2026-04-17,APP
APP260417P00590000,590.0,90.5,85.6,91.0,2.0,86.0,0.7066527137756349,True,PUT,2026-04-17,APP
APP260417P00600000,600.0,94.85,91.3,94.9,4.0,215.0,0.6928131304931642,True,PUT,2026-04-17,APP
APP260417P00610000,610.0,104.2,97.9,103.0,1.0,91.0,0.7014647773742677,True,PUT,2026-04-17,APP
APP260417P00620000,620.0,113.5,104.5,110.0,1.0,127.0,0.7031127101135255,True,PUT,2026-04-17,APP
APP260417P00630000,630.0,123.3,110.1,118.9,13.0,88.0,0.7074156455993652,True,PUT,2026-04-17,APP
APP260417P00640000,640.0,125.2,116.9,126.5,10.0,102.0,0.7096281478881835,True,PUT,2026-04-17,APP
APP260417P00650000,650.0,135.33,123.9,131.6,1.0,88.0,0.6989318437194825,True,PUT,2026-04-17,APP
APP260417P00660000,660.0,128.4,132.2,140.6,1.0,118.0,0.7123747024536133,True,PUT,2026-04-17,APP
APP260417P00670000,670.0,161.5,138.0,148.0,6.0,98.0,0.7038909005737305,True,PUT,2026-04-17,APP
APP260417P00680000,680.0,112.7,146.0,153.7,2.0,47.0,0.6962158064270021,True,PUT,2026-04-17,APP
APP260417P00690000,690.0,176.3,154.3,162.2,2.0,55.0,0.70312796875,True,PUT,2026-04-17,APP
APP260417P00700000,700.0,169.2,159.0,170.0,1.0,32.0,0.6857178645324709,True,PUT,2026-04-17,APP
APP260417P00710000,710.0,184.76,169.3,176.5,1.0,30.0,0.6898834722900393,True,PUT,2026-04-17,APP
APP260417P00720000,720.0,186.17,178.0,185.0,1.0,82.0,0.6951324432373047,True,PUT,2026-04-17,APP
APP260417P00730000,730.0,190.2,183.2,191.5,5.0,13.0,0.6670870693969729,True,PUT,2026-04-17,APP
APP260515C00400000,400.0,185.0,182.0,190.9,1.0,36.0,0.7509790527343749,True,CALL,2026-05-15,APP
APP260515C00410000,410.0,171.46,176.5,187.5,6.0,14.0,0.7889120230102539,True,CALL,2026-05-15,APP
APP260515C00420000,420.0,216.1,167.0,178.3,2.0,3.0,0.7589440609741213,True,CALL,2026-05-15,APP
APP260515C00430000,430.0,129.3,160.0,171.3,3.0,12.0,0.7574792318725586,True,CALL,2026-05-15,APP
APP260515C00440000,440.0,144.1,155.5,163.4,2.0,8.0,0.762972341003418,True,CALL,2026-05-15,APP
APP260515C00450000,450.0,270.7,187.0,198.0,2.0,5.0,1.1775401230621338,True,CALL,2026-05-15,APP
APP260515C00460000,460.0,131.5,140.0,150.0,2.0,12.0,0.7446619772338867,True,CALL,2026-05-15,APP
APP260515C00470000,470.0,111.7,133.0,142.7,6.0,15.0,0.7341335180664061,True,CALL,2026-05-15,APP
APP260515C00480000,480.0,128.15,127.0,136.0,1.0,16.0,0.7301662725830078,True,CALL,2026-05-15,APP
APP260515C00490000,490.0,100.0,123.2,130.7,3.0,20.0,0.7417018017578124,True,CALL,2026-05-15,APP
APP260515C00500000,500.0,110.0,115.0,124.0,1.0,40.0,0.7237271279907226,True,CALL,2026-05-15,APP
APP260515C00510000,510.0,92.0,111.5,119.7,1.0,12.0,0.7370936935424804,True,CALL,2026-05-15,APP
APP260515C00520000,520.0,97.65,104.0,113.9,4.0,164.0,0.7236508348083495,True,CALL,2026-05-15,APP
APP260515C00530000,530.0,93.5,101.0,107.6,8.0,26.0,0.726488941192627,True,CALL,2026-05-15,APP
APP260515C00540000,540.0,88.7,97.0,102.7,5.0,14.0,0.7293117889404297,True,CALL,2026-05-15,APP
APP260515C00550000,550.0,97.0,92.0,98.3,1.0,96.0,0.7283504948425292,True,CALL,2026-05-15,APP
APP260515C00560000,560.0,85.7,87.0,93.0,3.0,386.0,0.722109712524414,True,CALL,2026-05-15,APP
APP260515C00570000,570.0,85.58,84.8,90.4,2.0,56.0,0.7373530903625489,False,CALL,2026-05-15,APP
APP260515C00580000,580.0,77.7,78.0,84.2,1.0,21.0,0.7170896211242677,False,CALL,2026-05-15,APP
APP260515C00590000,590.0,62.0,75.0,81.5,15.0,69.0,0.725664974822998,False,CALL,2026-05-15,APP
APP260515C00600000,600.0,74.42,73.7,77.9,12.0,163.0,0.7360866235351562,False,CALL,2026-05-15,APP
APP260515C00610000,610.0,60.33,68.5,71.9,5.0,67.0,0.7194089338684082,False,CALL,2026-05-15,APP
APP260515C00620000,620.0,57.94,64.7,70.0,1.0,135.0,0.7239865248107911,False,CALL,2026-05-15,APP
APP260515C00630000,630.0,54.53,59.0,64.9,11.0,41.0,0.7063933169555664,False,CALL,2026-05-15,APP
APP260515C00640000,640.0,50.8,59.4,62.0,1.0,65.0,0.7217129879760743,False,CALL,2026-05-15,APP
APP260515C00650000,650.0,55.0,53.6,58.8,2.0,371.0,0.7090483197021484,False,CALL,2026-05-15,APP
APP260515C00660000,660.0,52.0,50.0,56.8,2.0,45.0,0.7092771992492677,False,CALL,2026-05-15,APP
APP260515C00670000,670.0,38.45,49.5,53.5,10.0,23.0,0.7160062579345703,False,CALL,2026-05-15,APP
APP260515C00680000,680.0,42.6,46.5,51.3,5.0,42.0,0.7158078956604004,False,CALL,2026-05-15,APP
APP260515C00690000,690.0,34.02,42.0,47.1,5.0,23.0,0.6994506373596192,False,CALL,2026-05-15,APP
APP260515C00700000,700.0,44.08,42.9,44.5,8.0,214.0,0.7122831506347658,False,CALL,2026-05-15,APP
APP260515C00710000,710.0,35.0,41.2,43.2,1.0,72.0,0.718676519317627,False,CALL,2026-05-15,APP
APP260515C00720000,720.0,37.12,39.0,41.2,2.0,140.0,0.7189053988647461,False,CALL,2026-05-15,APP
APP260515C00730000,730.0,31.0,34.5,38.0,5.0,35.0,0.7022124505615235,False,CALL,2026-05-15,APP
APP260515P00400000,400.0,21.5,18.5,25.3,18.0,284.0,0.7645592391967774,False,PUT,2026-05-15,APP
APP260515P00410000,410.0,24.8,23.4,24.8,58.0,170.0,0.7573113868713379,False,PUT,2026-05-15,APP
APP260515P00420000,420.0,26.53,26.0,27.5,24.0,138.0,0.7540002627563477,False,PUT,2026-05-15,APP
APP260515P00430000,430.0,32.4,28.6,31.3,3.0,36.0,0.7551904364013673,False,PUT,2026-05-15,APP
APP260515P00440000,440.0,33.7,31.5,33.5,2.0,97.0,0.7464777549743653,False,PUT,2026-05-15,APP
APP260515P00450000,450.0,37.36,33.4,40.0,4.0,82.0,0.7543817286682128,False,PUT,2026-05-15,APP
APP260515P00460000,460.0,41.4,37.6,39.9,4.0,160.0,0.7368190380859375,False,PUT,2026-05-15,APP
APP260515P00470000,470.0,45.69,40.6,43.2,124.0,50.0,0.729616961669922,False,PUT,2026-05-15,APP
APP260515P00480000,480.0,49.04,44.7,48.5,2.0,232.0,0.7361781753540039,False,PUT,2026-05-15,APP
APP260515P00490000,490.0,53.93,48.7,50.9,18.0,356.0,0.7260006648254396,False,PUT,2026-05-15,APP
APP260515P00500000,500.0,58.6,52.3,57.6,2.0,409.0,0.7326686889648437,False,PUT,2026-05-15,APP
APP260515P00510000,510.0,64.71,56.6,59.5,2.0,21.0,0.7185391915893554,False,PUT,2026-05-15,APP
APP260515P00520000,520.0,65.5,61.4,63.9,1.0,141.0,0.7166166033935546,False,PUT,2026-05-15,APP
APP260515P00530000,530.0,67.92,65.8,68.7,1.0,42.0,0.7130460824584962,False,PUT,2026-05-15,APP
APP260515P00540000,540.0,79.49,71.0,76.0,1.0,223.0,0.7220944538879395,False,PUT,2026-05-15,APP
APP260515P00550000,550.0,77.1,76.0,78.3,1.0,143.0,0.7072478005981445,False,PUT,2026-05-15,APP
APP260515P00560000,560.0,99.7,79.4,86.4,2.0,64.0,0.7087736642456054,False,PUT,2026-05-15,APP
APP260515P00570000,570.0,91.45,86.0,90.6,5.0,55.0,0.7058592646789552,True,PUT,2026-05-15,APP
APP260515P00580000,580.0,100.4,92.9,98.0,16.0,130.0,0.7159604820251464,True,PUT,2026-05-15,APP
APP260515P00590000,590.0,104.53,98.1,102.0,1.0,88.0,0.7035857278442383,True,PUT,2026-05-15,APP
APP260515P00600000,600.0,127.64,103.9,110.0,2.0,72.0,0.7087431469726562,True,PUT,2026-05-15,APP
APP260515P00610000,610.0,116.5,110.5,117.2,2.0,37.0,0.7125578060913086,True,PUT,2026-05-15,APP
APP260515P00620000,620.0,131.4,116.1,123.2,1.0,134.0,0.7060576269531251,True,PUT,2026-05-15,APP
APP260515P00630000,630.0,124.6,122.5,130.1,3.0,94.0,0.70527943649292,True,PUT,2026-05-15,APP
APP260515P00640000,640.0,98.0,128.3,135.4,2.0,38.0,0.6941558905029297,True,PUT,2026-05-15,APP
APP260515P00650000,650.0,140.8,132.0,144.0,1.0,68.0,0.6866944172668459,True,PUT,2026-05-15,APP
APP260515P00660000,660.0,153.0,142.7,150.2,2.0,91.0,0.6972533937072756,True,PUT,2026-05-15,APP
APP260515P00670000,670.0,154.8,150.2,159.0,1.0,27.0,0.704302883758545,True,PUT,2026-05-15,APP
APP260515P00680000,680.0,168.8,157.2,167.0,2.0,46.0,0.7048369360351563,True,PUT,2026-05-15,APP
APP260515P00690000,690.0,155.0,163.7,174.3,10.0,48.0,0.6991454646301272,True,PUT,2026-05-15,APP
APP260515P00700000,700.0,128.7,171.5,181.0,15.0,86.0,0.6953308055114746,True,PUT,2026-05-15,APP
APP260515P00710000,710.0,130.0,180.0,186.1,6.0,59.0,0.6863434686279297,True,PUT,2026-05-15,APP
APP260515P00720000,720.0,156.61,188.0,197.6,5.0,49.0,0.702853313293457,True,PUT,2026-05-15,APP
APP260515P00730000,730.0,190.0,196.0,205.0,3.0,61.0,0.7000609828186035,True,PUT,2026-05-15,APP
APP260618C00400000,400.0,178.17,189.0,200.8,11.0,201.0,0.7546411254882812,True,CALL,2026-06-18,APP
APP260618C00410000,410.0,171.9,182.0,194.2,1.0,443.0,0.7550073327636719,True,CALL,2026-06-18,APP
APP260618C00420000,420.0,229.06,175.0,187.2,1.0,88.0,0.7513147427368164,True,CALL,2026-06-18,APP
APP260618C00430000,430.0,245.4,171.6,179.9,2.0,63.0,0.7625145819091796,True,CALL,2026-06-18,APP
APP260618C00440000,440.0,163.6,162.1,173.2,2.0,87.0,0.7446924945068358,True,CALL,2026-06-18,APP
APP260618C00450000,450.0,157.9,155.0,167.5,1.0,164.0,0.7421595608520507,True,CALL,2026-06-18,APP
APP260618C00460000,460.0,142.8,149.0,157.9,2.0,33.0,0.7255276470947265,True,CALL,2026-06-18,APP
APP260618C00470000,470.0,130.8,145.0,152.8,1.0,45.0,0.7366664517211915,True,CALL,2026-06-18,APP
APP260618C00480000,480.0,120.7,136.6,148.0,1.0,51.0,0.7282131671142578,True,CALL,2026-06-18,APP
APP260618C00490000,490.0,135.0,133.5,140.4,1.0,71.0,0.7290371334838868,True,CALL,2026-06-18,APP
APP260618C00500000,500.0,121.5,125.5,134.0,3.0,289.0,0.7134428070068359,True,CALL,2026-06-18,APP
APP260618C00510000,510.0,102.82,120.3,130.9,5.0,42.0,0.7212247116088868,True,CALL,2026-06-18,APP
APP260618C00520000,520.0,105.0,115.0,123.0,5.0,43.0,0.7083311637878418,True,CALL,2026-06-18,APP
APP260618C00530000,530.0,112.0,110.0,119.9,1.0,85.0,0.7140226351928712,True,CALL,2026-06-18,APP
APP260618C00540000,540.0,106.6,105.0,115.6,2.0,63.0,0.7137479797363282,True,CALL,2026-06-18,APP
APP260618C00550000,550.0,97.46,101.6,109.9,4.0,107.0,0.7130003065490724,True,CALL,2026-06-18,APP
APP260618C00560000,560.0,103.78,98.0,103.8,42.0,87.0,0.7088804747009276,True,CALL,2026-06-18,APP
APP260618C00570000,570.0,99.0,94.5,100.7,11.0,66.0,0.7149686706542968,False,CALL,2026-06-18,APP
APP260618C00580000,580.0,83.35,89.0,95.5,1.0,71.0,0.7050352983093262,False,CALL,2026-06-18,APP
APP260618C00590000,590.0,87.0,85.2,91.1,1.0,63.0,0.70312796875,False,CALL,2026-06-18,APP
APP260618C00600000,600.0,84.6,81.0,87.1,27.0,317.0,0.7001830519104004,False,CALL,2026-06-18,APP
APP260618C00610000,610.0,76.0,79.5,84.3,1.0,122.0,0.7101622001647949,False,CALL,2026-06-18,APP
APP260618C00620000,620.0,71.8,76.3,79.5,5.0,128.0,0.7059202992248537,False,CALL,2026-06-18,APP
APP260618C00630000,630.0,74.7,72.2,76.9,5.0,108.0,0.7053786176300051,False,CALL,2026-06-18,APP
APP260618C00640000,640.0,54.32,67.0,72.4,2.0,48.0,0.6931793377685547,False,CALL,2026-06-18,APP
APP260618C00650000,650.0,55.68,64.0,69.3,8.0,1231.0,0.6929199409484863,False,CALL,2026-06-18,APP
APP260618C00660000,660.0,51.5,60.1,66.0,2.0,98.0,0.6877930390930178,False,CALL,2026-06-18,APP
APP260618C00670000,670.0,55.11,57.6,64.1,4.0,58.0,0.6918976123046876,False,CALL,2026-06-18,APP
APP260618C00680000,680.0,55.0,54.3,61.1,2.0,267.0,0.6882965740966798,False,CALL,2026-06-18,APP
APP260618C00690000,690.0,49.0,52.0,57.7,6.0,38.0,0.6860077786254883,False,CALL,2026-06-18,APP
APP260618C00700000,700.0,55.0,52.4,56.0,10.0,3973.0,0.6992064991760254,False,CALL,2026-06-18,APP
APP260618C00710000,710.0,42.8,49.9,53.5,2.0,402.0,0.6980468428039552,False,CALL,2026-06-18,APP
APP260618C00720000,720.0,46.0,45.2,49.8,1.0,107.0,0.683215448150635,False,CALL,2026-06-18,APP
APP260618C00730000,730.0,43.8,42.0,48.3,30.0,137.0,0.681491222229004,False,CALL,2026-06-18,APP
APP260618P00400000,400.0,29.1,27.0,29.1,1.0,529.0,0.7392299026489256,False,PUT,2026-06-18,APP
APP260618P00410000,410.0,30.68,29.7,32.1,16.0,164.0,0.7365291239929199,False,PUT,2026-06-18,APP
APP260618P00420000,420.0,35.19,32.4,34.5,10.0,136.0,0.72891506439209,False,PUT,2026-06-18,APP
APP260618P00430000,430.0,38.5,32.3,38.6,7.0,135.0,0.7144498770141602,False,PUT,2026-06-18,APP
APP260618P00440000,440.0,41.6,38.8,40.4,4.0,63.0,0.7201718656921388,False,PUT,2026-06-18,APP
APP260618P00450000,450.0,44.6,42.0,43.6,3.0,192.0,0.7147855670166017,False,PUT,2026-06-18,APP
APP260618P00460000,460.0,49.0,45.8,49.0,1.0,353.0,0.7206906593322755,False,PUT,2026-06-18,APP
APP260618P00470000,470.0,52.9,48.9,52.0,2.0,108.0,0.711016683807373,False,PUT,2026-06-18,APP
APP260618P00480000,480.0,55.18,53.4,59.0,6.0,115.0,0.7232388516235352,False,PUT,2026-06-18,APP
APP260618P00490000,490.0,58.7,56.8,60.5,1.0,120.0,0.7059965924072267,False,PUT,2026-06-18,APP
APP260618P00500000,500.0,63.2,61.9,65.6,3.0,571.0,0.7095213374328613,False,PUT,2026-06-18,APP
APP260618P00510000,510.0,69.94,66.4,67.8,1.0,137.0,0.6976043423461916,False,PUT,2026-06-18,APP
APP260618P00520000,520.0,74.36,70.4,72.8,2.0,189.0,0.6936981314086915,False,PUT,2026-06-18,APP
APP260618P00530000,530.0,81.2,75.7,80.1,2.0,338.0,0.7023040023803712,False,PUT,2026-06-18,APP
APP260618P00540000,540.0,86.1,80.7,85.0,1.0,117.0,0.6992064991760254,False,PUT,2026-06-18,APP
APP260618P00550000,550.0,91.0,85.3,90.0,2.0,848.0,0.6938202005004883,False,PUT,2026-06-18,APP
APP260618P00560000,560.0,95.97,90.6,96.0,1.0,27.0,0.6935760623168946,False,PUT,2026-06-18,APP
APP260618P00570000,570.0,100.7,96.2,102.0,3.0,32.0,0.6932556309509277,True,PUT,2026-06-18,APP
APP260618P00580000,580.0,112.7,101.6,105.5,2.0,29.0,0.6820557917785648,True,PUT,2026-06-18,APP
APP260618P00590000,590.0,110.5,107.5,114.5,1.0,39.0,0.6914093359375001,True,PUT,2026-06-18,APP
APP260618P00600000,600.0,120.72,113.0,119.3,2.0,124.0,0.6831544136047365,True,PUT,2026-06-18,APP
APP260618P00610000,610.0,127.7,119.7,128.8,3.0,16.0,0.6949493395996094,True,PUT,2026-06-18,APP
APP260618P00620000,620.0,130.5,125.9,132.1,2.0,143.0,0.681811653594971,True,PUT,2026-06-18,APP
APP260618P00630000,630.0,147.3,130.0,140.4,11.0,64.0,0.6780427703857423,True,PUT,2026-06-18,APP
APP260618P00640000,640.0,166.6,136.4,143.2,1.0,66.0,0.6618380984497071,True,PUT,2026-06-18,APP
APP260618P00650000,650.0,165.18,143.9,154.0,20.0,99.0,0.6772645799255372,True,PUT,2026-06-18,APP
APP260618P00660000,660.0,162.0,151.8,161.0,1.0,21.0,0.6796449272155762,True,PUT,2026-06-18,APP
APP260618P00670000,670.0,179.75,158.9,168.0,10.0,84.0,0.6782716499328614,True,PUT,2026-06-18,APP
APP260618P00680000,680.0,187.41,164.8,171.1,20.0,64.0,0.657306283416748,True,PUT,2026-06-18,APP
APP260618P00690000,690.0,119.1,173.5,180.1,6.0,65.0,0.6673464662170412,True,PUT,2026-06-18,APP
APP260618P00700000,700.0,186.1,180.0,186.7,2.0,47.0,0.6595340443420412,True,PUT,2026-06-18,APP
APP260618P00710000,710.0,142.3,186.4,194.7,2.0,32.0,0.6556430920410157,True,PUT,2026-06-18,APP
APP260618P00720000,720.0,220.0,195.0,204.0,1.0,46.0,0.6643252561950685,True,PUT,2026-06-18,APP
APP260618P00730000,730.0,139.78,202.2,211.8,6.0,38.0,0.661181977081299,True,PUT,2026-06-18,APP
APP260717C00400000,400.0,250.8,195.0,206.6,1.0,6.0,0.7487665504455567,True,CALL,2026-07-17,APP
APP260717C00410000,410.0,238.2,188.0,200.1,3.0,15.0,0.746798186340332,True,CALL,2026-07-17,APP
APP260717C00420000,420.0,193.1,0.0,234.2,13.0,4.0,1.1596111355590821,True,CALL,2026-07-17,APP
APP260717C00430000,430.0,229.8,176.9,186.0,2.0,19.0,0.7465540481567383,True,CALL,2026-07-17,APP
APP260717C00440000,440.0,221.9,170.4,179.9,4.0,16.0,0.7441889595031739,True,CALL,2026-07-17,APP
APP260717C00450000,450.0,205.0,163.0,171.6,1.0,10.0,0.727618080291748,True,CALL,2026-07-17,APP
APP260717C00460000,460.0,229.2,156.1,167.2,2.0,3.0,0.7284267880249023,True,CALL,2026-07-17,APP
APP260717C00470000,470.0,145.77,150.0,160.4,1.0,4.0,0.721529884338379,True,CALL,2026-07-17,APP
APP260717C00480000,480.0,132.4,145.0,153.1,1.0,13.0,0.7159757406616211,True,CALL,2026-07-17,APP
APP260717C00490000,490.0,121.36,140.7,148.1,1.0,6.0,0.7206906593322755,True,CALL,2026-07-17,APP
APP260717C00500000,500.0,131.5,133.3,142.2,1.0,42.0,0.7092771992492677,True,CALL,2026-07-17,APP
APP260717C00520000,520.0,123.6,124.4,132.0,1.0,36.0,0.7108183215332031,True,CALL,2026-07-17,APP
APP260717C00540000,540.0,112.65,112.3,122.6,2.0,23.0,0.6996871462249756,True,CALL,2026-07-17,APP
APP260717C00560000,560.0,108.98,104.0,114.2,4.0,58.0,0.7011290873718261,True,CALL,2026-07-17,APP
APP260717C00580000,580.0,91.4,98.0,104.5,1.0,42.0,0.701975941696167,False,CALL,2026-07-17,APP
APP260717C00600000,600.0,94.0,94.0,96.5,3.0,80.0,0.7113065979003907,False,CALL,2026-07-17,APP
APP260717C00620000,620.0,76.0,83.0,90.5,1.0,142.0,0.7008849491882323,False,CALL,2026-07-17,APP
APP260717C00640000,640.0,70.0,76.2,81.0,4.0,162.0,0.689624075469971,False,CALL,2026-07-17,APP
APP260717C00660000,660.0,73.81,69.2,74.9,2.0,31.0,0.6857178645324709,False,CALL,2026-07-17,APP
APP260717C00680000,680.0,62.8,65.6,69.6,3.0,341.0,0.6926681734466553,False,CALL,2026-07-17,APP
APP260717C00700000,700.0,58.95,59.8,64.3,1.0,807.0,0.6897308859252932,False,CALL,2026-07-17,APP
APP260717C00720000,720.0,52.74,53.1,58.9,1.0,98.0,0.6807435490417482,False,CALL,2026-07-17,APP
APP260717P00400000,400.0,33.68,31.8,34.4,12.0,209.0,0.7252224743652342,False,PUT,2026-07-17,APP
APP260717P00410000,410.0,37.0,34.7,36.2,32.0,43.0,0.7155027229309083,False,PUT,2026-07-17,APP
APP260717P00420000,420.0,40.2,36.9,42.8,12.0,30.0,0.7240323007202148,False,PUT,2026-07-17,APP
APP260717P00430000,430.0,43.6,40.5,42.5,32.0,15.0,0.7055693505859376,False,PUT,2026-07-17,APP
APP260717P00440000,440.0,54.25,40.5,45.1,2.0,45.0,0.6837342417907715,False,PUT,2026-07-17,APP
APP260717P00450000,450.0,52.37,47.5,50.5,3.0,125.0,0.7030974514770508,False,PUT,2026-07-17,APP
APP260717P00460000,460.0,56.3,51.1,55.5,3.0,41.0,0.7042571078491212,False,PUT,2026-07-17,APP
APP260717P00470000,470.0,46.0,55.2,59.7,6.0,13.0,0.7027617614746093,False,PUT,2026-07-17,APP
APP260717P00480000,480.0,70.0,57.2,61.0,1.0,32.0,0.6807588076782228,False,PUT,2026-07-17,APP
APP260717P00490000,490.0,76.55,62.6,65.1,1.0,23.0,0.6817963949584963,False,PUT,2026-07-17,APP
APP260717P00500000,500.0,71.65,66.0,69.7,150.0,64.0,0.6760133717346193,False,PUT,2026-07-17,APP
APP260717P00520000,520.0,81.1,77.0,83.0,3.0,102.0,0.6908218784332276,False,PUT,2026-07-17,APP
APP260717P00540000,540.0,91.88,86.0,88.6,1.0,19.0,0.6669115950775149,False,PUT,2026-07-17,APP
APP260717P00560000,560.0,104.68,97.1,100.4,1.0,67.0,0.6677584494018557,False,PUT,2026-07-17,APP
APP260717P00580000,580.0,129.85,108.6,115.5,1.0,69.0,0.6767305276489258,True,PUT,2026-07-17,APP
APP260717P00600000,600.0,122.0,119.4,126.8,1.0,219.0,0.6670412934875491,True,PUT,2026-07-17,APP
APP260717P00620000,620.0,136.6,132.7,137.1,13.0,40.0,0.6588168884277343,True,PUT,2026-07-17,APP
APP260717P00640000,640.0,144.5,144.3,152.8,1.0,64.0,0.6592593888854981,True,PUT,2026-07-17,APP
APP260717P00660000,660.0,134.78,158.7,166.2,10.0,31.0,0.6581455084228516,True,PUT,2026-07-17,APP
APP260717P00680000,680.0,184.35,173.1,181.0,1.0,45.0,0.65860326751709,True,PUT,2026-07-17,APP
APP260717P00700000,700.0,199.7,186.5,194.0,1.0,17.0,0.6468083415222168,True,PUT,2026-07-17,APP
APP260717P00720000,720.0,168.6,201.0,210.4,2.0,50.0,0.6472508419799804,True,PUT,2026-07-17,APP
APP260821C00400000,400.0,193.97,203.4,216.2,1.0,4.0,0.7624382887268066,True,CALL,2026-08-21,APP
APP260821C00410000,410.0,268.36,198.0,208.9,1.0,5.0,0.7609276837158205,True,CALL,2026-08-21,APP
APP260821C00420000,420.0,277.8,191.0,202.1,2.0,11.0,0.7536645727539062,True,CALL,2026-08-21,APP
APP260821C00430000,430.0,279.8,185.0,195.5,1.0,2.0,0.7503534486389161,True,CALL,2026-08-21,APP
APP260821C00440000,440.0,249.2,179.0,188.8,2.0,6.0,0.7455927540588378,True,CALL,2026-08-21,APP
APP260821C00450000,450.0,169.7,0.0,0.0,2.0,12.0,1.0000000000000003e-05,True,CALL,2026-08-21,APP
APP260821C00460000,460.0,221.5,168.6,176.0,2.0,4.0,0.7414118876647948,True,CALL,2026-08-21,APP
APP260821C00470000,470.0,227.9,162.0,171.9,2.0,3.0,0.7410304217529295,True,CALL,2026-08-21,APP
APP260821C00480000,480.0,145.89,192.0,203.9,12.0,13.0,0.9938355108642578,True,CALL,2026-08-21,APP
APP260821C00490000,490.0,154.0,151.0,162.0,1.0,6.0,0.7388865833282471,True,CALL,2026-08-21,APP
APP260821C00500000,500.0,123.2,145.0,156.3,1.0,7.0,0.7322109298706053,True,CALL,2026-08-21,APP
APP260821C00520000,520.0,132.88,135.2,145.6,1.0,10.0,0.7261227339172363,True,CALL,2026-08-21,APP
APP260821C00530000,530.0,111.83,131.9,140.0,4.0,4.0,0.7261837684631347,True,CALL,2026-08-21,APP
APP260821C00540000,540.0,117.6,126.0,135.0,1.0,13.0,0.7190808731842042,True,CALL,2026-08-21,APP
APP260821C00550000,550.0,120.35,121.0,130.6,2.0,5.0,0.7159757406616211,True,CALL,2026-08-21,APP
APP260821C00560000,560.0,102.1,118.5,127.0,3.0,7.0,0.7223080747985839,True,CALL,2026-08-21,APP
APP260821C00570000,570.0,107.25,114.5,122.8,1.0,5.0,0.7213162634277344,False,CALL,2026-08-21,APP
APP260821C00580000,580.0,100.0,111.5,117.8,5.0,50.0,0.7201871243286133,False,CALL,2026-08-21,APP
APP260821C00590000,590.0,87.35,105.3,114.4,2.0,3.0,0.7135343588256836,False,CALL,2026-08-21,APP
APP260821C00600000,600.0,100.03,101.3,108.9,1.0,21.0,0.7065611619567871,False,CALL,2026-08-21,APP
APP260821C00610000,610.0,91.65,100.0,106.2,1.0,63.0,0.7153348779296875,False,CALL,2026-08-21,APP
APP260821C00620000,620.0,89.25,96.0,101.8,1.0,63.0,0.7103147865295412,False,CALL,2026-08-21,APP
APP260821C00630000,630.0,89.0,92.0,98.0,1.0,45.0,0.7064390928649902,False,CALL,2026-08-21,APP
APP260821C00640000,640.0,84.0,90.5,96.0,2.0,91.0,0.7146787565612793,False,CALL,2026-08-21,APP
APP260821C00650000,650.0,74.2,85.0,91.2,31.0,65.0,0.7021819332885743,False,CALL,2026-08-21,APP
APP260821C00660000,660.0,65.5,82.0,89.3,7.0,67.0,0.7050581862640382,False,CALL,2026-08-21,APP
APP260821C00670000,670.0,93.34,79.2,85.0,5.0,13.0,0.7008391732788085,False,CALL,2026-08-21,APP
APP260821C00680000,680.0,110.0,76.0,82.0,10.0,22.0,0.698718222808838,False,CALL,2026-08-21,APP
APP260821C00690000,690.0,89.85,73.0,81.0,1.0,13.0,0.7025862871551515,False,CALL,2026-08-21,APP
APP260821C00700000,700.0,66.0,70.4,77.5,1.0,181.0,0.6996642582702637,False,CALL,2026-08-21,APP
APP260821C00710000,710.0,81.34,70.1,73.3,10.0,33.0,0.7010070182800292,False,CALL,2026-08-21,APP
APP260821C00720000,720.0,70.1,65.6,70.8,3.0,70.0,0.6943008475494385,False,CALL,2026-08-21,APP
APP260821C00730000,730.0,53.03,65.2,68.2,1.0,37.0,0.6991759819030763,False,CALL,2026-08-21,APP
APP260821P00400000,400.0,47.79,36.2,40.8,1.0,111.0,0.7097044410705566,False,PUT,2026-08-21,APP
APP260821P00410000,410.0,44.8,39.0,44.0,8.0,50.0,0.7046080564880373,False,PUT,2026-08-21,APP
APP260821P00420000,420.0,47.55,43.0,50.7,72.0,52.0,0.7179898806762696,False,PUT,2026-08-21,APP
APP260821P00430000,430.0,51.02,48.7,51.0,74.0,39.0,0.710238493347168,False,PUT,2026-08-21,APP
APP260821P00440000,440.0,65.53,52.2,59.0,1.0,45.0,0.7229947134399414,False,PUT,2026-08-21,APP
APP260821P00450000,450.0,60.2,56.1,62.3,31.0,48.0,0.7175778974914551,False,PUT,2026-08-21,APP
APP260821P00460000,460.0,75.0,60.1,64.3,1.0,24.0,0.7068663346862794,False,PUT,2026-08-21,APP
APP260821P00470000,470.0,74.0,64.1,70.9,3.0,13.0,0.711962719268799,False,PUT,2026-08-21,APP
APP260821P00480000,480.0,62.23,66.1,70.9,1.0,15.0,0.6857178645324709,False,PUT,2026-08-21,APP
APP260821P00490000,490.0,90.27,72.7,74.9,4.0,16.0,0.6888916609191897,False,PUT,2026-08-21,APP
APP260821P00500000,500.0,81.46,77.7,81.8,1.0,148.0,0.6952392536926271,False,PUT,2026-08-21,APP
APP260821P00520000,520.0,90.76,86.4,92.3,1.0,22.0,0.6894409718322756,False,PUT,2026-08-21,APP
APP260821P00530000,530.0,105.32,92.2,99.0,1.0,7.0,0.6944915805053712,False,PUT,2026-08-21,APP
APP260821P00540000,540.0,101.21,96.9,104.0,1.0,29.0,0.689700368652344,False,PUT,2026-08-21,APP
APP260821P00550000,550.0,121.98,102.2,108.7,8.0,13.0,0.6850846311187745,False,PUT,2026-08-21,APP
APP260821P00560000,560.0,115.14,107.4,112.7,5.0,73.0,0.6772645799255372,False,PUT,2026-08-21,APP
APP260821P00570000,570.0,121.02,113.3,119.5,4.0,9.0,0.6794236769866944,True,PUT,2026-08-21,APP
APP260821P00580000,580.0,132.4,118.0,124.0,1.0,25.0,0.6701693139648439,True,PUT,2026-08-21,APP
APP260821P00590000,590.0,140.7,124.1,134.3,2.0,7.0,0.6818726881408694,True,PUT,2026-08-21,APP
APP260821P00600000,600.0,138.5,130.8,137.3,2.0,17.0,0.6726869889831544,True,PUT,2026-08-21,APP
APP260821P00610000,610.0,142.16,136.4,143.1,5.0,16.0,0.6679110357666018,True,PUT,2026-08-21,APP
APP260821P00620000,620.0,150.98,142.3,151.5,3.0,43.0,0.6710390562438966,True,PUT,2026-08-21,APP
APP260821P00630000,630.0,118.9,148.5,158.1,2.0,51.0,0.6690401748657228,True,PUT,2026-08-21,APP
APP260821P00640000,640.0,142.6,154.4,162.9,2.0,14.0,0.6601596484375001,True,PUT,2026-08-21,APP
APP260821P00650000,650.0,182.5,161.2,171.5,1.0,60.0,0.6645236184692385,True,PUT,2026-08-21,APP
APP260821P00660000,660.0,146.58,168.3,178.0,10.0,25.0,0.6629290909576417,True,PUT,2026-08-21,APP
APP260821P00670000,670.0,127.2,175.0,185.0,10.0,3.0,0.6610141320800782,True,PUT,2026-08-21,APP
APP260821P00680000,680.0,186.78,182.0,189.5,5.0,42.0,0.6519123554229737,True,PUT,2026-08-21,APP
APP260821P00690000,690.0,184.2,189.0,195.0,2.0,5.0,0.6451375208282472,True,PUT,2026-08-21,APP
APP260821P00700000,700.0,202.8,196.0,206.7,35.0,85.0,0.6564060238647461,True,PUT,2026-08-21,APP
APP260821P00710000,710.0,163.6,202.9,212.8,2.0,5.0,0.6499668792724609,True,PUT,2026-08-21,APP
APP260821P00720000,720.0,156.84,210.3,219.8,10.0,8.0,0.6471592901611327,True,PUT,2026-08-21,APP
APP260821P00730000,730.0,248.2,217.7,227.3,2.0,2.0,0.645312995147705,True,PUT,2026-08-21,APP
APP260918C00400000,400.0,200.0,208.2,221.0,1.0,20.0,0.7544885391235351,True,CALL,2026-09-18,APP
APP260918C00410000,410.0,185.6,201.4,214.2,2.0,22.0,0.7481562049865724,True,CALL,2026-09-18,APP
APP260918C00420000,420.0,319.25,196.0,209.0,9.0,10.0,0.7524438818359375,True,CALL,2026-09-18,APP
APP260918C00430000,430.0,175.0,191.0,201.6,1.0,16.0,0.7486902572631836,True,CALL,2026-09-18,APP
APP260918C00440000,440.0,179.7,186.5,195.6,1.0,45.0,0.7508722422790526,True,CALL,2026-09-18,APP
APP260918C00450000,450.0,229.26,182.0,189.7,9.0,17.0,0.752230260925293,True,CALL,2026-09-18,APP
APP260918C00460000,460.0,151.1,174.5,182.0,1.0,1.0,0.7361323994445801,True,CALL,2026-09-18,APP
APP260918C00470000,470.0,151.7,169.5,178.6,3.0,10.0,0.7424952508544922,True,CALL,2026-09-18,APP
APP260918C00480000,480.0,213.5,210.2,225.6,3.0,10.0,1.0650986686706543,True,CALL,2026-09-18,APP
APP260918C00490000,490.0,225.2,156.0,165.1,2.0,26.0,0.7189969506835938,True,CALL,2026-09-18,APP
APP260918C00500000,500.0,159.5,152.0,161.7,9.0,45.0,0.7257870439147949,True,CALL,2026-09-18,APP
APP260918C00510000,510.0,165.2,148.2,155.7,2.0,9.0,0.7240475593566895,True,CALL,2026-09-18,APP
APP260918C00520000,520.0,132.64,143.5,150.8,1.0,13.0,0.7221707470703125,True,CALL,2026-09-18,APP
APP260918C00530000,530.0,132.56,138.5,145.5,3.0,17.0,0.7174405697631835,True,CALL,2026-09-18,APP
APP260918C00540000,540.0,126.8,135.7,141.3,2.0,87.0,0.7218655743408204,True,CALL,2026-09-18,APP
APP260918C00550000,550.0,133.8,129.5,136.4,1.0,269.0,0.7134275483703614,True,CALL,2026-09-18,APP
APP260918C00560000,560.0,125.0,123.8,131.6,1.0,33.0,0.7061873253631593,True,CALL,2026-09-18,APP
APP260918C00570000,570.0,124.9,121.5,127.4,1.0,34.0,0.709887544708252,False,CALL,2026-09-18,APP
APP260918C00580000,580.0,101.7,119.8,125.3,1.0,36.0,0.7205685902404786,False,CALL,2026-09-18,APP
APP260918C00590000,590.0,111.9,112.3,121.0,2.0,9.0,0.7077665942382813,False,CALL,2026-09-18,APP
APP260918C00600000,600.0,114.3,107.0,115.7,2.0,167.0,0.6978789978027344,False,CALL,2026-09-18,APP
APP260918C00610000,610.0,99.58,108.9,113.5,4.0,39.0,0.7163648358917235,False,CALL,2026-09-18,APP
APP260918C00620000,620.0,112.68,104.0,108.2,2.0,21.0,0.7064390928649902,False,CALL,2026-09-18,APP
APP260918C00630000,630.0,92.05,99.8,104.8,1.0,30.0,0.703250037841797,False,CALL,2026-09-18,APP
APP260918C00640000,640.0,89.7,95.0,101.0,2.0,57.0,0.6967422293853761,False,CALL,2026-09-18,APP
APP260918C00650000,650.0,92.3,92.3,97.6,1.0,264.0,0.6966430482482913,False,CALL,2026-09-18,APP
APP260918C00660000,660.0,82.6,89.0,95.0,33.0,183.0,0.6965743843841554,False,CALL,2026-09-18,APP
APP260918C00670000,670.0,70.2,86.0,91.6,1.0,17.0,0.6945983909606934,False,CALL,2026-09-18,APP
APP260918C00680000,680.0,94.98,83.0,88.5,9.0,41.0,0.6929504582214354,False,CALL,2026-09-18,APP
APP260918C00690000,690.0,83.68,82.0,85.7,1.0,41.0,0.6972076177978517,False,CALL,2026-09-18,APP
APP260918C00700000,700.0,76.79,77.0,83.0,18.0,1065.0,0.6901276104736329,False,CALL,2026-09-18,APP
APP260918C00710000,710.0,65.0,76.5,80.4,1.0,70.0,0.6954223573303224,False,CALL,2026-09-18,APP
APP260918C00720000,720.0,78.2,73.5,77.4,3.0,22.0,0.6921493798065186,False,CALL,2026-09-18,APP
APP260918C00730000,730.0,66.1,69.0,76.0,1.0,15.0,0.6886932986450197,False,CALL,2026-09-18,APP
APP260918P00400000,400.0,45.7,42.4,45.6,1.0,126.0,0.711642287902832,False,PUT,2026-09-18,APP
APP260918P00410000,410.0,40.56,45.6,47.9,8.0,32.0,0.7031890032958985,False,PUT,2026-09-18,APP
APP260918P00420000,420.0,55.0,49.1,52.9,2.0,35.0,0.7055846092224123,False,PUT,2026-09-18,APP
APP260918P00430000,430.0,58.71,52.9,55.7,4.0,18.0,0.6995421891784668,False,PUT,2026-09-18,APP
APP260918P00440000,440.0,57.22,56.7,59.9,1.0,26.0,0.697741670074463,False,PUT,2026-09-18,APP
APP260918P00450000,450.0,65.15,60.6,64.5,1.0,167.0,0.696688824157715,False,PUT,2026-09-18,APP
APP260918P00460000,460.0,62.55,63.0,71.0,2.0,37.0,0.6959716682434083,False,PUT,2026-09-18,APP
APP260918P00470000,470.0,49.2,68.6,71.2,1.0,11.0,0.6838868281555177,False,PUT,2026-09-18,APP
APP260918P00480000,480.0,77.0,72.7,79.0,1.0,39.0,0.6912948961639406,False,PUT,2026-09-18,APP
APP260918P00490000,490.0,65.7,77.5,79.9,2.0,23.0,0.6775697526550293,False,PUT,2026-09-18,APP
APP260918P00500000,500.0,87.8,82.1,86.5,1.0,45.0,0.680713031768799,False,PUT,2026-09-18,APP
APP260918P00510000,510.0,98.99,86.7,92.2,1.0,19.0,0.6800569104003908,False,PUT,2026-09-18,APP
APP260918P00520000,520.0,105.5,91.7,97.8,1.0,34.0,0.6794694528961183,False,PUT,2026-09-18,APP
APP260918P00530000,530.0,113.42,96.8,101.5,1.0,39.0,0.6726717303466798,False,PUT,2026-09-18,APP
APP260918P00540000,540.0,120.8,102.6,107.9,2.0,31.0,0.6752809571838381,False,PUT,2026-09-18,APP
APP260918P00550000,550.0,110.55,106.2,113.3,4.0,101.0,0.66768978553772,False,PUT,2026-09-18,APP
APP260918P00560000,560.0,119.2,110.2,120.3,6.0,15.0,0.665286550292969,False,PUT,2026-09-18,APP
APP260918P00570000,570.0,101.7,115.6,125.3,1.0,179.0,0.6604648211669923,True,PUT,2026-09-18,APP
APP260918P00580000,580.0,128.79,124.4,130.2,2.0,44.0,0.6643710321044924,True,PUT,2026-09-18,APP
APP260918P00590000,590.0,119.6,0.0,0.0,2.0,34.0,1.0000000000000003e-05,True,PUT,2026-09-18,APP
APP260918P00600000,600.0,145.48,135.8,144.5,2.0,305.0,0.6651949984741213,True,PUT,2026-09-18,APP
APP260918P00610000,610.0,113.0,141.6,150.6,1.0,37.0,0.661960167541504,True,PUT,2026-09-18,APP
APP260918P00620000,620.0,132.77,147.0,153.9,1.0,170.0,0.6492039474487304,True,PUT,2026-09-18,APP
APP260918P00630000,630.0,101.2,153.0,164.7,1.0,19.0,0.65840490524292,True,PUT,2026-09-18,APP
APP260918P00640000,640.0,115.3,160.5,170.5,2.0,62.0,0.6572605075073242,True,PUT,2026-09-18,APP
APP260918P00650000,650.0,192.61,166.0,176.8,2.0,47.0,0.6513706738281251,True,PUT,2026-09-18,APP
APP260918P00660000,660.0,150.2,173.5,182.2,2.0,43.0,0.6479603685760498,True,PUT,2026-09-18,APP
APP260918P00670000,670.0,167.32,180.1,188.2,2.0,24.0,0.6431538980865479,True,PUT,2026-09-18,APP
APP260918P00680000,680.0,206.13,188.2,195.2,2.0,18.0,0.6447560549163818,True,PUT,2026-09-18,APP
APP260918P00690000,690.0,221.7,194.0,203.8,2.0,27.0,0.6438786833190917,True,PUT,2026-09-18,APP
APP260918P00700000,700.0,229.86,201.0,210.9,2.0,45.0,0.6416432930755616,True,PUT,2026-09-18,APP
APP260918P00710000,710.0,229.1,208.2,219.3,2.0,14.0,0.6431233808135987,True,PUT,2026-09-18,APP
APP260918P00720000,720.0,178.8,215.5,226.4,2.0,16.0,0.6407201455688477,True,PUT,2026-09-18,APP
APP260918P00730000,730.0,206.07,222.9,233.6,1.0,17.0,0.6383855741882323,True,PUT,2026-09-18,APP
APP261218C00400000,400.0,255.0,225.7,236.2,1.0,111.0,0.750856983642578,True,CALL,2026-12-18,APP
APP261218C00410000,410.0,367.5,219.3,234.5,1.0,121.0,0.7601037173461916,True,CALL,2026-12-18,APP
APP261218C00420000,420.0,282.6,214.2,228.7,1.0,48.0,0.759111905975342,True,CALL,2026-12-18,APP
APP261218C00430000,430.0,245.1,0.0,259.3,1.0,13.0,1.0269976628875734,True,CALL,2026-12-18,APP
APP261218C00440000,440.0,186.0,202.5,217.0,1.0,30.0,0.7500482759094238,True,CALL,2026-12-18,APP
APP261218C00450000,450.0,263.33,198.0,211.8,1.0,32.0,0.7505975868225099,True,CALL,2026-12-18,APP
APP261218C00460000,460.0,296.55,193.0,206.0,1.0,23.0,0.747194910888672,True,CALL,2026-12-18,APP
APP261218C00470000,470.0,198.0,187.0,197.0,14.0,82.0,0.7313106703186034,True,CALL,2026-12-18,APP
APP261218C00480000,480.0,193.9,182.0,193.0,12.0,28.0,0.7320659728240965,True,CALL,2026-12-18,APP
APP261218C00490000,490.0,194.37,178.0,192.0,2.0,19.0,0.7431055963134765,True,CALL,2026-12-18,APP
APP261218C00500000,500.0,170.0,175.0,183.4,1.0,78.0,0.7353465796661377,True,CALL,2026-12-18,APP
APP261218C00510000,510.0,215.58,168.0,177.2,4.0,22.0,0.7229718254852294,True,CALL,2026-12-18,APP
APP261218C00520000,520.0,160.23,164.0,176.7,1.0,34.0,0.7331645946502684,True,CALL,2026-12-18,APP
APP261218C00530000,530.0,144.21,163.0,172.0,22.0,54.0,0.7394282649230957,True,CALL,2026-12-18,APP
APP261218C00540000,540.0,154.75,154.0,166.9,1.0,21.0,0.7234982484436034,True,CALL,2026-12-18,APP
APP261218C00550000,550.0,153.5,150.0,159.6,1.0,64.0,0.7145032822418214,True,CALL,2026-12-18,APP
APP261218C00560000,560.0,146.0,146.5,158.0,1.0,25.0,0.7206906593322755,True,CALL,2026-12-18,APP
APP261218C00570000,570.0,121.77,142.0,155.4,2.0,24.0,0.7213162634277344,False,CALL,2026-12-18,APP
APP261218C00580000,580.0,118.27,138.8,148.0,1.0,84.0,0.7128324615478516,False,CALL,2026-12-18,APP
APP261218C00590000,590.0,127.95,134.0,142.6,1.0,44.0,0.7049971517181397,False,CALL,2026-12-18,APP
APP261218C00600000,600.0,135.0,131.2,138.7,1.0,111.0,0.705302324447632,False,CALL,2026-12-18,APP
APP261218C00610000,610.0,122.09,126.0,139.5,1.0,21.0,0.7107038817596435,False,CALL,2026-12-18,APP
APP261218C00620000,620.0,122.4,123.0,133.0,1.0,60.0,0.7033949948883058,False,CALL,2026-12-18,APP
APP261218C00630000,630.0,114.46,119.0,128.5,1.0,124.0,0.6981307653045655,False,CALL,2026-12-18,APP
APP261218C00640000,640.0,115.0,118.5,128.6,1.0,69.0,0.7117643569946289,False,CALL,2026-12-18,APP
APP261218C00650000,650.0,112.53,114.7,128.0,1.0,42.0,0.7154416883850099,False,CALL,2026-12-18,APP
APP261218C00660000,660.0,127.75,111.5,120.0,3.0,23.0,0.7026320630645753,False,CALL,2026-12-18,APP
APP261218C00670000,670.0,93.5,106.0,118.6,1.0,31.0,0.6996718875885011,False,CALL,2026-12-18,APP
APP261218C00680000,680.0,108.34,107.2,113.8,5.0,68.0,0.7041426680755616,False,CALL,2026-12-18,APP
APP261218C00690000,690.0,83.5,104.2,112.4,1.0,14.0,0.7063704290008544,False,CALL,2026-12-18,APP
APP261218C00700000,700.0,102.5,100.0,106.5,3.0,529.0,0.6948425291442872,False,CALL,2026-12-18,APP
APP261218C00710000,710.0,100.0,97.0,103.1,1.0,73.0,0.6916992500305177,False,CALL,2026-12-18,APP
APP261218C00720000,720.0,99.2,94.0,100.5,1.0,65.0,0.6901123518371584,False,CALL,2026-12-18,APP
APP261218C00730000,730.0,90.2,93.9,97.6,1.0,81.0,0.694338994140625,False,CALL,2026-12-18,APP
APP261218P00400000,400.0,60.5,54.0,61.1,2.0,137.0,0.6967956346130373,False,PUT,2026-12-18,APP
APP261218P00410000,410.0,63.2,57.0,63.4,6.0,40.0,0.6860230372619629,False,PUT,2026-12-18,APP
APP261218P00420000,420.0,75.2,64.4,66.9,1.0,36.0,0.6928512770843506,False,PUT,2026-12-18,APP
APP261218P00430000,430.0,76.5,67.7,71.4,2.0,25.0,0.6887619625091554,False,PUT,2026-12-18,APP
APP261218P00440000,440.0,81.6,72.0,75.5,2.0,13.0,0.6858399336242678,False,PUT,2026-12-18,APP
APP261218P00450000,450.0,86.06,76.4,81.2,15.0,41.0,0.6872589868164063,False,PUT,2026-12-18,APP
APP261218P00460000,460.0,93.74,77.0,87.0,11.0,9.0,0.6771196228790285,False,PUT,2026-12-18,APP
APP261218P00470000,470.0,97.9,84.0,89.7,5.0,39.0,0.6759904837799073,False,PUT,2026-12-18,APP
APP261218P00480000,480.0,99.2,87.0,94.0,1.0,131.0,0.6674990525817872,False,PUT,2026-12-18,APP
APP261218P00490000,490.0,101.24,92.0,99.5,5.0,329.0,0.6673312075805665,False,PUT,2026-12-18,APP
APP261218P00500000,500.0,107.99,99.7,102.7,6.0,98.0,0.6675600871276857,False,PUT,2026-12-18,APP
APP261218P00510000,510.0,118.42,103.5,111.5,1.0,31.0,0.6715883671569824,False,PUT,2026-12-18,APP
APP261218P00520000,520.0,123.3,108.9,112.8,2.0,59.0,0.6595264150238038,False,PUT,2026-12-18,APP
APP261218P00530000,530.0,127.54,115.7,121.3,62.0,75.0,0.6692385371398928,False,PUT,2026-12-18,APP
APP261218P00540000,540.0,126.26,120.9,124.3,5.0,27.0,0.6601138725280762,False,PUT,2026-12-18,APP
APP261218P00550000,550.0,131.68,126.4,132.1,40.0,278.0,0.6634021086883547,False,PUT,2026-12-18,APP
APP261218P00560000,560.0,134.5,128.0,138.0,8.0,29.0,0.6516758465576173,False,PUT,2026-12-18,APP
APP261218P00570000,570.0,155.3,137.1,140.9,7.0,52.0,0.650691664505005,True,PUT,2026-12-18,APP
APP261218P00580000,580.0,150.74,140.0,150.3,1.0,65.0,0.6499211033630372,True,PUT,2026-12-18,APP
APP261218P00590000,590.0,158.37,147.5,159.0,1.0,46.0,0.6580997325134277,True,PUT,2026-12-18,APP
APP261218P00600000,600.0,160.95,155.7,159.9,25.0,130.0,0.6485936019897461,True,PUT,2026-12-18,APP
APP261218P00610000,610.0,168.6,161.5,168.9,27.0,67.0,0.6523548558807374,True,PUT,2026-12-18,APP
APP261218P00620000,620.0,172.95,165.5,173.7,17.0,75.0,0.6413381203460693,True,PUT,2026-12-18,APP
APP261218P00630000,630.0,152.8,172.2,179.8,3.0,20.0,0.6394384201049804,True,PUT,2026-12-18,APP
APP261218P00640000,640.0,197.6,177.2,186.6,1.0,75.0,0.6347463893890382,True,PUT,2026-12-18,APP
APP261218P00650000,650.0,193.14,181.0,196.0,1.0,146.0,0.6329458702850342,True,PUT,2026-12-18,APP
APP261218P00660000,660.0,199.8,191.0,201.3,8.0,219.0,0.6356771662139894,True,PUT,2026-12-18,APP
APP261218P00670000,670.0,224.3,198.0,208.0,9.0,16.0,0.6342352250671388,True,PUT,2026-12-18,APP
APP261218P00680000,680.0,186.1,203.6,214.8,4.0,45.0,0.6293372027587891,True,PUT,2026-12-18,APP
APP261218P00690000,690.0,168.4,210.6,221.8,3.0,17.0,0.6278113391113282,True,PUT,2026-12-18,APP
APP261218P00700000,700.0,244.06,217.7,228.5,3.0,310.0,0.6254386211395265,True,PUT,2026-12-18,APP
APP261218P00710000,710.0,181.2,224.8,235.8,1.0,30.0,0.6241034904479981,True,PUT,2026-12-18,APP
APP261218P00720000,720.0,184.7,232.0,242.7,4.0,13.0,0.62169262588501,True,PUT,2026-12-18,APP
APP261218P00730000,730.0,215.2,239.1,250.0,5.0,11.0,0.6196327099609377,True,PUT,2026-12-18,APP
APP270115C00400000,400.0,230.93,230.0,245.6,1.0,272.0,0.7643456182861328,True,CALL,2027-01-15,APP
APP270115C00410000,410.0,240.0,223.6,239.9,1.0,38.0,0.7595238891601563,True,CALL,2027-01-15,APP
APP270115C00420000,420.0,266.3,0.0,0.0,1.0,77.0,1.0000000000000003e-05,True,CALL,2027-01-15,APP
APP270115C00430000,430.0,228.0,212.9,226.8,6.0,32.0,0.749453189086914,True,CALL,2027-01-15,APP
APP270115C00440000,440.0,219.65,207.2,223.0,9.0,27.0,0.750628104095459,True,CALL,2027-01-15,APP
APP270115C00450000,450.0,195.14,202.0,216.0,1.0,38.0,0.7433955104064942,True,CALL,2027-01-15,APP
APP270115C00460000,460.0,189.0,197.0,210.7,9.0,47.0,0.7410609390258788,True,CALL,2027-01-15,APP
APP270115C00470000,470.0,172.85,193.0,206.3,1.0,108.0,0.7433497344970703,True,CALL,2027-01-15,APP
APP270115C00480000,480.0,193.0,187.0,196.2,2.0,62.0,0.7242916975402831,True,CALL,2027-01-15,APP
APP270115C00490000,490.0,186.0,183.2,195.8,1.0,141.0,0.7366511930847168,True,CALL,2027-01-15,APP
APP270115C00500000,500.0,175.0,180.5,191.5,5.0,185.0,0.7407862835693357,True,CALL,2027-01-15,APP
APP270115C00510000,510.0,166.41,174.9,185.9,1.0,55.0,0.7334697673797607,True,CALL,2027-01-15,APP
APP270115C00520000,520.0,171.0,170.5,178.7,1.0,56.0,0.7248181204986572,True,CALL,2027-01-15,APP
APP270115C00530000,530.0,171.1,164.0,174.4,1.0,52.0,0.7178678115844727,True,CALL,2027-01-15,APP
APP270115C00540000,540.0,163.3,161.5,170.3,1.0,37.0,0.7209195388793946,True,CALL,2027-01-15,APP
APP270115C00550000,550.0,160.0,155.0,168.6,2.0,385.0,0.7195233736419677,True,CALL,2027-01-15,APP
APP270115C00560000,560.0,159.18,152.0,165.3,2.0,64.0,0.7222622988891602,True,CALL,2027-01-15,APP
APP270115C00570000,570.0,124.0,148.4,156.3,1.0,23.0,0.709437414932251,False,CALL,2027-01-15,APP
APP270115C00580000,580.0,146.0,146.7,155.9,1.0,89.0,0.7212857461547851,False,CALL,2027-01-15,APP
APP270115C00590000,590.0,139.0,141.5,148.9,2.0,286.0,0.7087431469726562,False,CALL,2027-01-15,APP
APP270115C00600000,600.0,142.5,140.7,145.5,2.0,517.0,0.714671127243042,False,CALL,2027-01-15,APP
APP270115C00610000,610.0,120.7,133.0,142.0,2.0,90.0,0.7038603833007813,False,CALL,2027-01-15,APP
APP270115C00620000,620.0,115.53,129.0,137.6,3.0,169.0,0.6992522750854493,False,CALL,2027-01-15,APP
APP270115C00630000,630.0,122.5,129.1,136.0,11.0,299.0,0.7101622001647949,False,CALL,2027-01-15,APP
APP270115C00640000,640.0,118.02,125.6,134.8,1.0,365.0,0.7132825913238527,False,CALL,2027-01-15,APP
APP270115C00650000,650.0,123.1,119.1,127.4,7.0,95.0,0.695040891418457,False,CALL,2027-01-15,APP
APP270115C00660000,660.0,122.54,118.5,125.0,1.0,38.0,0.7013579669189454,False,CALL,2027-01-15,APP
APP270115C00670000,670.0,98.26,112.0,125.0,1.0,76.0,0.6993590855407714,False,CALL,2027-01-15,APP
APP270115C00680000,680.0,116.55,108.3,121.7,1.0,64.0,0.6959030043792724,False,CALL,2027-01-15,APP
APP270115C00690000,690.0,96.5,110.2,114.9,5.0,43.0,0.6968871864318849,False,CALL,2027-01-15,APP
APP270115C00700000,700.0,108.0,103.0,115.6,1.0,1042.0,0.6939498989105224,False,CALL,2027-01-15,APP
APP270115C00710000,710.0,107.8,101.1,113.6,5.0,44.0,0.6965743843841554,False,CALL,2027-01-15,APP
APP270115C00720000,720.0,105.0,102.4,106.1,3.0,116.0,0.6937133900451662,False,CALL,2027-01-15,APP
APP270115C00730000,730.0,102.88,98.1,106.9,2.0,85.0,0.6966583068847658,False,CALL,2027-01-15,APP
APP270115P00400000,400.0,63.8,58.5,62.2,19.0,63.0,0.6866944172668459,False,PUT,2027-01-15,APP
APP270115P00410000,410.0,69.0,63.9,67.6,4.0,126.0,0.6931488204956054,False,PUT,2027-01-15,APP
APP270115P00420000,420.0,79.88,67.5,71.5,1.0,67.0,0.6882889447784425,False,PUT,2027-01-15,APP
APP270115P00430000,430.0,64.06,69.9,76.5,1.0,24.0,0.6825593267822267,False,PUT,2027-01-15,APP
APP270115P00440000,440.0,85.95,74.3,80.4,1.0,55.0,0.6789201419830324,False,PUT,2027-01-15,APP
APP270115P00450000,450.0,83.8,79.9,83.6,5.0,67.0,0.6761049235534669,False,PUT,2027-01-15,APP
APP270115P00460000,460.0,97.2,82.0,91.0,1.0,49.0,0.6746095771789553,False,PUT,2027-01-15,APP
APP270115P00470000,470.0,103.38,89.1,92.0,1.0,107.0,0.6686663382720949,False,PUT,2027-01-15,APP
APP270115P00480000,480.0,107.4,91.0,98.5,3.0,25.0,0.6630664186859132,False,PUT,2027-01-15,APP
APP270115P00490000,490.0,103.0,95.8,105.8,1.0,15.0,0.666690344848633,False,PUT,2027-01-15,APP
APP270115P00500000,500.0,108.0,104.0,107.0,2.0,190.0,0.6626010302734376,False,PUT,2027-01-15,APP
APP270115P00510000,510.0,122.2,107.2,113.0,1.0,44.0,0.6575122750091553,False,PUT,2027-01-15,APP
APP270115P00520000,520.0,118.4,113.2,118.6,2.0,103.0,0.6579776634216308,False,PUT,2027-01-15,APP
APP270115P00530000,530.0,132.2,119.5,125.8,62.0,134.0,0.6625552543640139,False,PUT,2027-01-15,APP
APP270115P00540000,540.0,129.53,124.6,128.0,1.0,64.0,0.6513401565551759,False,PUT,2027-01-15,APP
APP270115P00550000,550.0,135.4,130.8,135.8,41.0,413.0,0.6559940406799318,False,PUT,2027-01-15,APP
APP270115P00560000,560.0,150.54,132.0,145.0,4.0,32.0,0.6514469670104981,False,PUT,2027-01-15,APP
APP270115P00570000,570.0,142.25,141.6,145.4,1.0,75.0,0.6455342453765869,True,PUT,2027-01-15,APP
APP270115P00580000,580.0,165.3,146.5,153.5,4.0,67.0,0.6462666599273681,True,PUT,2027-01-15,APP
APP270115P00590000,590.0,167.7,153.8,162.4,1.0,43.0,0.6539799006652833,True,PUT,2027-01-15,APP
APP270115P00600000,600.0,161.6,159.5,164.4,24.0,193.0,0.6414525601196289,True,PUT,2027-01-15,APP
APP270115P00610000,610.0,169.54,163.6,171.0,22.0,91.0,0.6355322091674805,True,PUT,2027-01-15,APP
APP270115P00620000,620.0,177.08,169.0,178.5,17.0,74.0,0.6342810009765626,True,PUT,2027-01-15,APP
APP270115P00630000,630.0,187.5,176.4,187.0,1.0,87.0,0.6394536787414551,True,PUT,2027-01-15,APP
APP270115P00640000,640.0,200.0,184.5,192.1,1.0,67.0,0.6380498841857911,True,PUT,2027-01-15,APP
APP270115P00650000,650.0,193.4,188.6,197.7,7.0,45.0,0.6283225034332276,True,PUT,2027-01-15,APP
APP270115P00660000,660.0,182.1,195.0,205.3,3.0,15.0,0.6279715547943117,True,PUT,2027-01-15,APP
APP270115P00670000,670.0,201.29,202.8,213.0,1.0,5.0,0.6306341868591308,True,PUT,2027-01-15,APP
APP270115P00680000,680.0,150.8,208.0,219.7,2.0,22.0,0.6247977584075928,True,PUT,2027-01-15,APP
APP270115P00690000,690.0,237.1,214.7,226.3,2.0,80.0,0.621768919067383,True,PUT,2027-01-15,APP
APP270115P00700000,700.0,228.0,221.8,233.3,1.0,156.0,0.6201896501922609,True,PUT,2027-01-15,APP
APP270115P00710000,710.0,238.51,228.7,241.3,30.0,74.0,0.6200752104187013,True,PUT,2027-01-15,APP
APP270115P00720000,720.0,266.84,236.0,246.9,4.0,20.0,0.6151008949279786,True,PUT,2027-01-15,APP
APP270115P00730000,730.0,248.0,243.7,254.6,1.0,7.0,0.6154518435668946,True,PUT,2027-01-15,APP
APP270617C00400000,400.0,245.3,252.0,266.0,2.0,210.0,0.7511621563720703,True,CALL,2027-06-17,APP
APP270617C00410000,410.0,342.45,248.0,260.0,1.0,66.0,0.7498193963623048,True,CALL,2027-06-17,APP
APP270617C00420000,420.0,297.0,242.0,254.1,2.0,40.0,0.7431361135864257,True,CALL,2027-06-17,APP
APP270617C00430000,430.0,228.14,272.0,0.0,2.0,56.0,1.0000000000000003e-05,True,CALL,2027-06-17,APP
APP270617C00440000,440.0,245.0,0.0,0.0,1.0,38.0,1.0000000000000003e-05,True,CALL,2027-06-17,APP
APP270617C00450000,450.0,229.0,228.0,240.0,1.0,70.0,0.7398555067443846,True,CALL,2027-06-17,APP
APP270617C00460000,460.0,365.0,224.0,236.0,1.0,44.0,0.7410990856170653,True,CALL,2027-06-17,APP
APP270617C00470000,470.0,219.5,218.0,231.5,1.0,30.0,0.7360408476257323,True,CALL,2027-06-17,APP
APP270617C00480000,480.0,193.0,214.0,226.0,2.0,40.0,0.7329967496490477,True,CALL,2027-06-17,APP
APP270617C00490000,490.0,201.9,210.0,222.0,2.0,68.0,0.7329967496490477,True,CALL,2027-06-17,APP
APP270617C00500000,500.0,213.0,204.0,221.0,2.0,147.0,0.7348125273895264,True,CALL,2027-06-17,APP
APP270617C00510000,510.0,205.0,202.0,212.0,1.0,23.0,0.7274273473358154,True,CALL,2027-06-17,APP
APP270617C00520000,520.0,196.0,197.0,208.0,1.0,79.0,0.7241848870849608,True,CALL,2027-06-17,APP
APP270617C00530000,530.0,188.0,194.0,208.0,1.0,142.0,0.7334850260162353,True,CALL,2027-06-17,APP
APP270617C00540000,540.0,183.0,190.0,200.0,2.0,143.0,0.7231778170776367,True,CALL,2027-06-17,APP
APP270617C00550000,550.0,194.55,187.1,197.3,1.0,88.0,0.7261608805084228,True,CALL,2027-06-17,APP
APP270617C00560000,560.0,198.0,184.5,196.7,2.0,107.0,0.7337444228363037,True,CALL,2027-06-17,APP
APP270617C00570000,570.0,165.0,179.0,195.0,2.0,165.0,0.7326458010101318,False,CALL,2027-06-17,APP
APP270617C00580000,580.0,181.24,178.0,188.7,15.0,31.0,0.7310589028167724,False,CALL,2027-06-17,APP
APP270617C00590000,590.0,155.3,172.0,183.5,6.0,15.0,0.7213162634277344,False,CALL,2027-06-17,APP
APP270617C00600000,600.0,172.0,170.5,181.3,1.0,1081.0,0.7265041998291015,False,CALL,2027-06-17,APP
APP270617C00610000,610.0,150.0,165.5,177.9,2.0,1006.0,0.7219647554779053,False,CALL,2027-06-17,APP
APP270617C00620000,620.0,158.4,161.5,174.4,2.0,29.0,0.7190045800018311,False,CALL,2027-06-17,APP
APP270617C00630000,630.0,154.5,158.0,172.6,2.0,82.0,0.7201489777374269,False,CALL,2027-06-17,APP
APP270617C00640000,640.0,140.4,154.0,165.0,2.0,131.0,0.7087050003814697,False,CALL,2027-06-17,APP
APP270617C00650000,650.0,129.25,151.5,162.0,1.0,114.0,0.7090025437927245,False,CALL,2027-06-17,APP
APP270617C00660000,660.0,160.0,149.0,162.0,3.0,24.0,0.714869489517212,False,CALL,2027-06-17,APP
APP270617C00670000,670.0,157.5,145.0,158.6,2.0,13.0,0.7110090544891358,False,CALL,2027-06-17,APP
APP270617C00680000,680.0,126.49,142.0,155.1,1.0,28.0,0.7086744831085204,False,CALL,2027-06-17,APP
APP270617C00690000,690.0,138.7,140.0,150.3,2.0,32.0,0.7055693505859376,False,CALL,2027-06-17,APP
APP270617C00700000,700.0,120.18,136.0,149.3,2.0,133.0,0.7056990489959717,False,CALL,2027-06-17,APP
APP270617C00710000,710.0,126.0,134.0,145.0,2.0,13.0,0.7031432273864746,False,CALL,2027-06-17,APP
APP270617C00720000,720.0,116.0,131.0,142.5,1.0,40.0,0.7019225364685058,False,CALL,2027-06-17,APP
APP270617C00730000,730.0,113.78,129.1,143.0,1.0,45.0,0.7082777585601807,False,CALL,2027-06-17,APP
APP270617P00400000,400.0,82.62,76.8,80.8,15.0,127.0,0.672297893753052,False,PUT,2027-06-17,APP
APP270617P00410000,410.0,59.7,79.0,84.9,2.0,8.0,0.663234263687134,False,PUT,2027-06-17,APP
APP270617P00420000,420.0,95.44,86.5,89.7,19.0,44.0,0.6692080198669434,False,PUT,2027-06-17,APP
APP270617P00430000,430.0,101.0,91.3,97.0,1.0,17.0,0.6738084987640383,False,PUT,2027-06-17,APP
APP270617P00440000,440.0,74.1,95.7,100.6,1.0,9.0,0.66768978553772,False,PUT,2027-06-17,APP
APP270617P00450000,450.0,110.2,99.0,103.7,2.0,83.0,0.6574588697814943,False,PUT,2027-06-17,APP
APP270617P00460000,460.0,115.02,105.5,111.2,22.0,37.0,0.6648440498352053,False,PUT,2027-06-17,APP
APP270617P00470000,470.0,117.6,106.5,117.6,1.0,16.0,0.6563144720458984,False,PUT,2027-06-17,APP
APP270617P00480000,480.0,120.11,114.6,118.7,1.0,11.0,0.6516453292846681,False,PUT,2027-06-17,APP
APP270617P00490000,490.0,129.0,119.5,125.8,1.0,42.0,0.6528660202026368,False,PUT,2027-06-17,APP
APP270617P00500000,500.0,132.71,126.4,131.9,2.0,287.0,0.6557727904510499,False,PUT,2027-06-17,APP
APP270617P00510000,510.0,145.7,131.0,135.3,4.0,11.0,0.6473957990264892,False,PUT,2027-06-17,APP
APP270617P00520000,520.0,150.44,133.0,146.0,11.0,26.0,0.6488072229003907,False,PUT,2027-06-17,APP
APP270617P00530000,530.0,135.0,139.0,151.0,1.0,10.0,0.6462132546997069,False,PUT,2027-06-17,APP
APP270617P00540000,540.0,152.8,144.4,155.6,6.0,10.0,0.6412084219360351,False,PUT,2027-06-17,APP
APP270617P00550000,550.0,163.66,151.5,159.7,1.0,207.0,0.6383932035064697,False,PUT,2027-06-17,APP
APP270617P00560000,560.0,172.88,157.5,169.0,2.0,41.0,0.6435963985443116,False,PUT,2027-06-17,APP
APP270617P00570000,570.0,173.7,159.9,172.9,8.0,13.0,0.6302298329925538,True,PUT,2027-06-17,APP
APP270617P00580000,580.0,158.0,168.0,181.0,1.0,24.0,0.6365011325836183,True,PUT,2027-06-17,APP
APP270617P00590000,590.0,189.17,173.8,183.0,1.0,14.0,0.6257056472778321,True,PUT,2027-06-17,APP
APP270617P00600000,600.0,194.0,180.0,192.0,1.0,96.0,0.629283797531128,True,PUT,2027-06-17,APP
APP270617P00610000,610.0,155.6,186.2,196.6,2.0,9.0,0.6239051281738281,True,PUT,2027-06-17,APP
APP270617P00620000,620.0,168.1,193.0,205.0,2.0,13.0,0.626827157058716,True,PUT,2027-06-17,APP
APP270617P00630000,630.0,187.0,200.0,212.0,4.0,13.0,0.627101812515259,True,PUT,2027-06-17,APP
APP270617P00640000,640.0,179.5,0.0,0.0,2.0,7.0,1.0000000000000003e-05,True,PUT,2027-06-17,APP
APP270617P00650000,650.0,236.0,210.0,226.0,1.0,73.0,0.6191291749572756,True,PUT,2027-06-17,APP
APP270617P00660000,660.0,235.5,218.0,234.0,1.0,8.0,0.6223945231628418,True,PUT,2027-06-17,APP
APP270617P00670000,670.0,249.8,224.0,240.0,2.0,8.0,0.6177787856292725,True,PUT,2027-06-17,APP
APP270617P00680000,680.0,257.0,232.0,246.0,1.0,16.0,0.6167183103942873,True,PUT,2027-06-17,APP
APP270617P00690000,690.0,186.0,239.8,254.0,1.0,5.0,0.6188087435913087,True,PUT,2027-06-17,APP
APP270617P00700000,700.0,264.96,244.0,260.0,2.0,15.0,0.6100808035278321,True,PUT,2027-06-17,APP
APP270617P00710000,710.0,278.5,252.0,266.0,11.0,10.0,0.6082955430603028,True,PUT,2027-06-17,APP
APP270617P00720000,720.0,225.9,0.0,251.1,6.0,6.0,0.5500991035461427,True,PUT,2027-06-17,APP
APP270617P00730000,730.0,246.4,266.0,280.0,4.0,5.0,0.6040383834838869,True,PUT,2027-06-17,APP
APP280121C00400000,400.0,272.0,280.0,294.0,1.0,80.0,0.7535882795715332,True,CALL,2028-01-21,APP
APP280121C00410000,410.0,248.85,276.0,288.0,2.0,4.0,0.7497812497711183,True,CALL,2028-01-21,APP
APP280121C00420000,420.0,359.0,304.0,0.0,8.0,5.0,1.0000000000000003e-05,True,CALL,2028-01-21,APP
APP280121C00430000,430.0,247.8,266.0,280.0,3.0,4.0,0.7457377111053466,True,CALL,2028-01-21,APP
APP280121C00440000,440.0,257.6,262.0,276.0,31.0,15.0,0.7453791331481934,True,CALL,2028-01-21,APP
APP280121C00450000,450.0,268.21,258.0,272.0,2.0,43.0,0.7447001238250731,True,CALL,2028-01-21,APP
APP280121C00460000,460.0,235.5,254.0,268.0,2.0,9.0,0.7437006831359863,True,CALL,2028-01-21,APP
APP280121C00470000,470.0,334.9,282.0,296.0,20.0,14.0,0.8741925422668457,True,CALL,2028-01-21,APP
APP280121C00480000,480.0,227.5,246.0,260.0,2.0,7.0,0.7408778353881834,True,CALL,2028-01-21,APP
APP280121C00490000,490.0,240.3,242.0,256.0,1.0,8.0,0.7390773162841795,True,CALL,2028-01-21,APP
APP280121C00500000,500.0,215.25,238.0,252.0,3.0,55.0,0.7370479176330567,True,CALL,2028-01-21,APP
APP280121C00510000,510.0,208.4,234.0,248.0,5.0,10.0,0.7347972687530518,True,CALL,2028-01-21,APP
APP280121C00520000,520.0,270.66,230.0,243.0,1.0,32.0,0.7304638159942627,True,CALL,2028-01-21,APP
APP280121C00530000,530.0,227.59,226.0,240.0,11.0,25.0,0.7296856255340577,True,CALL,2028-01-21,APP
APP280121C00540000,540.0,218.7,222.1,235.8,1.0,13.0,0.7266644155120849,True,CALL,2028-01-21,APP
APP280121C00550000,550.0,220.9,220.0,232.0,2.0,52.0,0.7274731232452393,True,CALL,2028-01-21,APP
APP280121C00560000,560.0,212.8,216.0,230.0,2.0,33.0,0.7278622184753418,True,CALL,2028-01-21,APP
APP280121C00570000,570.0,208.7,212.0,226.0,11.0,76.0,0.7244442839050291,False,CALL,2028-01-21,APP
APP280121C00580000,580.0,191.5,208.0,222.0,44.0,35.0,0.7208813922882081,False,CALL,2028-01-21,APP
APP280121C00590000,590.0,188.55,206.0,220.0,2.0,15.0,0.724192516403198,False,CALL,2028-01-21,APP
APP280121C00600000,600.0,190.54,202.0,214.0,3.0,81.0,0.71679970703125,False,CALL,2028-01-21,APP
APP280121C00610000,610.0,190.85,201.0,211.0,6.0,83.0,0.7196988479614258,False,CALL,2028-01-21,APP
APP280121C00620000,620.0,178.9,197.0,208.0,2.0,50.0,0.7172193195343018,False,CALL,2028-01-21,APP
APP280121C00630000,630.0,196.99,194.0,205.0,1.0,346.0,0.7162961720275878,False,CALL,2028-01-21,APP
APP280121C00640000,640.0,174.2,191.0,202.0,2.0,50.0,0.7152051795196533,False,CALL,2028-01-21,APP
APP280121C00650000,650.0,188.1,188.0,201.0,1.0,56.0,0.717326129989624,False,CALL,2028-01-21,APP
APP280121C00660000,660.0,168.44,186.0,199.3,2.0,45.0,0.7197675118255615,False,CALL,2028-01-21,APP
APP280121C00670000,670.0,170.51,183.0,195.0,1.0,15.0,0.7160138872528076,False,CALL,2028-01-21,APP
APP280121C00680000,680.0,218.6,179.0,189.5,1.0,19.0,0.7085066381072997,False,CALL,2028-01-21,APP
APP280121C00690000,690.0,229.95,176.0,189.4,108.0,4.0,0.7114629989242554,False,CALL,2028-01-21,APP
APP280121C00700000,700.0,225.64,175.5,183.6,1.0,74.0,0.7089949144744873,False,CALL,2028-01-21,APP
APP280121C00710000,710.0,191.38,173.5,185.0,1.0,103.0,0.71572397315979,False,CALL,2028-01-21,APP
APP280121C00720000,720.0,213.0,169.0,182.0,2.0,20.0,0.7110204984664917,False,CALL,2028-01-21,APP
APP280121C00730000,730.0,156.5,165.0,179.0,1.0,14.0,0.7070265503692628,False,CALL,2028-01-21,APP
APP280121P00400000,400.0,101.54,96.1,100.1,10.0,49.0,0.6479374806213378,False,PUT,2028-01-21,APP
APP280121P00410000,410.0,76.6,101.0,109.0,4.0,23.0,0.6546817979431154,False,PUT,2028-01-21,APP
APP280121P00420000,420.0,110.5,107.7,117.0,3.0,50.0,0.6626239182281496,False,PUT,2028-01-21,APP
APP280121P00430000,430.0,120.25,111.9,117.0,1.0,12.0,0.6477848942565918,False,PUT,2028-01-21,APP
APP280121P00440000,440.0,102.8,113.0,127.0,2.0,36.0,0.6473042472076416,False,PUT,2028-01-21,APP
APP280121P00450000,450.0,131.1,120.5,132.0,2.0,32.0,0.6492802406311036,False,PUT,2028-01-21,APP
APP280121P00460000,460.0,138.45,124.0,134.5,1.0,15.0,0.6378972978210449,False,PUT,2028-01-21,APP
APP280121P00470000,470.0,145.5,129.8,140.5,1.0,26.0,0.6378438925933838,False,PUT,2028-01-21,APP
APP280121P00480000,480.0,143.69,135.0,146.5,1.0,14.0,0.636295140991211,False,PUT,2028-01-21,APP
APP280121P00490000,490.0,154.67,138.0,152.0,1.0,10.0,0.6293372027587891,False,PUT,2028-01-21,APP
APP280121P00500000,500.0,153.95,145.4,159.0,20.0,54.0,0.6332586723327638,False,PUT,2028-01-21,APP
APP280121P00510000,510.0,151.3,154.5,163.3,3.0,19.0,0.6349218637084962,False,PUT,2028-01-21,APP
APP280121P00520000,520.0,132.32,161.2,166.4,2.0,16.0,0.6296881513977051,False,PUT,2028-01-21,APP
APP280121P00530000,530.0,177.34,164.7,170.4,16.0,27.0,0.6201591329193117,False,PUT,2028-01-21,APP
APP280121P00540000,540.0,183.2,169.0,181.2,6.0,10.0,0.6240577145385743,False,PUT,2028-01-21,APP
APP280121P00550000,550.0,191.7,176.5,182.2,2.0,17.0,0.6159935251617432,False,PUT,2028-01-21,APP
APP280121P00560000,560.0,177.75,181.6,194.0,1.0,36.0,0.622447928390503,False,PUT,2028-01-21,APP
APP280121P00570000,570.0,196.3,187.0,197.5,5.0,18.0,0.6147270583343506,True,PUT,2028-01-21,APP
APP280121P00580000,580.0,188.73,194.0,206.0,10.0,24.0,0.6181755101776124,True,PUT,2028-01-21,APP
APP280121P00590000,590.0,189.85,200.0,212.0,1.0,20.0,0.6153831797027589,True,PUT,2028-01-21,APP
APP280121P00600000,600.0,219.0,204.0,220.0,3.0,109.0,0.6124077455902102,True,PUT,2028-01-21,APP
APP280121P00610000,610.0,207.27,210.0,226.0,10.0,25.0,0.609249207839966,True,PUT,2028-01-21,APP
APP280121P00620000,620.0,174.2,216.0,234.0,2.0,6.0,0.609226319885254,True,PUT,2028-01-21,APP
APP280121P00630000,630.0,203.0,224.0,240.0,1.0,51.0,0.6089936256790162,True,PUT,2028-01-21,APP
APP280121P00640000,640.0,240.25,230.0,246.0,3.0,16.0,0.6052743330383303,True,PUT,2028-01-21,APP
APP280121P00650000,650.0,198.0,236.0,252.0,1.0,16.0,0.6013948247146608,True,PUT,2028-01-21,APP
APP280121P00660000,660.0,203.15,244.0,260.0,1.0,31.0,0.603840021209717,True,PUT,2028-01-21,APP
APP280121P00670000,670.0,269.1,0.0,239.9,6.0,3.0,0.5415466378021242,True,PUT,2028-01-21,APP
APP280121P00680000,680.0,226.2,256.0,272.0,2.0,5.0,0.5952417795562744,True,PUT,2028-01-21,APP
APP280121P00690000,690.0,241.8,264.0,280.0,2.0,5.0,0.5971262211608888,True,PUT,2028-01-21,APP
APP280121P00700000,700.0,218.35,270.0,286.0,3.0,11.0,0.592426561126709,True,PUT,2028-01-21,APP
APP280121P00710000,710.0,273.2,0.0,0.0,2.0,5.0,1.0000000000000003e-05,True,PUT,2028-01-21,APP
APP280121P00720000,720.0,280.0,0.0,0.0,2.0,7.0,1.0000000000000003e-05,True,PUT,2028-01-21,APP
APP280121P00730000,730.0,250.4,0.0,0.0,1.0,1.0,1.0000000000000003e-05,True,PUT,2028-01-21,APP
APP280616C00400000,400.0,266.0,298.0,314.0,1.0,33.0,0.7666115258026124,True,CALL,2028-06-16,APP
APP280616C00410000,410.0,282.25,294.0,309.5,1.0,2.0,0.7646660496520996,True,CALL,2028-06-16,APP
APP280616C00420000,420.0,406.96,290.0,302.0,,1.0,0.7563348341369629,True,CALL,2028-06-16,APP
APP280616C00440000,440.0,420.0,282.0,294.0,2.0,2.0,0.7534433225250244,True,CALL,2028-06-16,APP
APP280616C00450000,450.0,272.98,278.0,290.0,5.0,6.0,0.7516351741027831,True,CALL,2028-06-16,APP
APP280616C00460000,460.0,253.6,274.0,286.0,2.0,2.0,0.7496134047698975,True,CALL,2028-06-16,APP
APP280616C00470000,470.0,269.0,270.0,282.0,1.0,6.0,0.7473932731628419,True,CALL,2028-06-16,APP
APP280616C00480000,480.0,374.5,266.0,278.0,1.0,5.0,0.7449747792816162,True,CALL,2028-06-16,APP
APP280616C00490000,490.0,276.42,262.0,279.0,2.0,2.0,0.7515626955795287,True,CALL,2028-06-16,APP
APP280616C00500000,500.0,258.8,258.0,272.0,1.0,67.0,0.743242924041748,True,CALL,2028-06-16,APP
APP280616C00510000,510.0,281.75,254.0,268.0,3.0,8.0,0.7402865632247924,True,CALL,2028-06-16,APP
APP280616C00520000,520.0,240.0,250.0,264.0,2.0,9.0,0.7371852453613281,True,CALL,2028-06-16,APP
APP280616C00530000,530.0,224.6,248.0,260.1,2.0,15.0,0.7376048578643798,True,CALL,2028-06-16,APP
APP280616C00540000,540.0,219.56,244.0,258.0,10.0,30.0,0.7374751594543458,True,CALL,2028-06-16,APP
APP280616C00550000,550.0,242.8,240.0,254.0,11.0,9.0,0.7339046385192871,True,CALL,2028-06-16,APP
APP280616C00560000,560.0,237.2,236.0,250.0,4.0,53.0,0.7302120484924317,True,CALL,2028-06-16,APP
APP280616C00570000,570.0,228.6,234.0,248.0,31.0,51.0,0.7331264480590819,False,CALL,2028-06-16,APP
APP280616C00580000,580.0,230.0,230.0,244.0,5.0,16.0,0.7291515732574463,False,CALL,2028-06-16,APP
APP280616C00590000,590.0,210.09,226.0,240.0,8.0,67.0,0.7250851466369628,False,CALL,2028-06-16,APP
APP280616C00600000,600.0,227.81,225.9,237.0,1.0,52.0,0.728926508369446,False,CALL,2028-06-16,APP
APP280616C00610000,610.0,220.63,222.0,234.0,7.0,16.0,0.7263821307373046,False,CALL,2028-06-16,APP
APP280616C00620000,620.0,217.58,218.0,232.0,3.0,23.0,0.7251766984558103,False,CALL,2028-06-16,APP
APP280616C00630000,630.0,204.45,214.0,228.0,10.0,20.0,0.7206448834228516,False,CALL,2028-06-16,APP
APP280616C00640000,640.0,196.0,212.0,226.0,3.0,34.0,0.7223691093444824,False,CALL,2028-06-16,APP
APP280616C00650000,650.0,193.1,208.0,224.0,6.0,40.0,0.7207822111511231,False,CALL,2028-06-16,APP
APP280616C00660000,660.0,196.8,206.0,220.0,2.0,74.0,0.7190732438659668,False,CALL,2028-06-16,APP
APP280616C00670000,670.0,243.8,202.0,220.0,1.0,5.0,0.7203702279663086,False,CALL,2028-06-16,APP
APP280616C00680000,680.0,212.0,202.0,213.0,3.0,30.0,0.716876000213623,False,CALL,2028-06-16,APP
APP280616C00690000,690.0,185.74,199.0,210.0,1.0,103.0,0.7148313429260253,False,CALL,2028-06-16,APP
APP280616C00700000,700.0,190.5,197.0,211.0,2.0,63.0,0.7203511546707153,False,CALL,2028-06-16,APP
APP280616C00710000,710.0,181.42,194.0,205.0,7.0,11.0,0.7134962122344971,False,CALL,2028-06-16,APP
APP280616C00720000,720.0,192.43,190.0,202.0,1.0,29.0,0.7096281478881835,False,CALL,2028-06-16,APP
APP280616C00730000,730.0,205.0,189.0,200.0,2.0,9.0,0.7117185810852051,False,CALL,2028-06-16,APP
APP280616P00400000,400.0,114.6,107.5,117.4,10.0,29.0,0.6493794217681885,False,PUT,2028-06-16,APP
APP280616P00410000,410.0,93.3,110.0,125.0,,1.0,0.6468922640228272,False,PUT,2028-06-16,APP
APP280616P00420000,420.0,124.0,114.8,127.5,2.0,9.0,0.6386144537353515,False,PUT,2028-06-16,APP
APP280616P00430000,430.0,106.99,120.8,135.0,1.0,5.0,0.6422765264892578,False,PUT,2028-06-16,APP
APP280616P00440000,440.0,126.0,128.5,140.0,1.0,2.0,0.6439320885467529,False,PUT,2028-06-16,APP
APP280616P00450000,450.0,139.0,132.0,142.5,3.0,12.0,0.6327017321014404,False,PUT,2028-06-16,APP
APP280616P00460000,460.0,153.39,138.5,146.5,2.0,22.0,0.6297797032165526,False,PUT,2028-06-16,APP
APP280616P00470000,470.0,148.0,144.5,150.8,3.0,9.0,0.6262778461456301,False,PUT,2028-06-16,APP
APP280616P00480000,480.0,154.9,150.5,162.0,1.0,14.0,0.6348608291625978,False,PUT,2028-06-16,APP
APP280616P00490000,490.0,164.5,157.8,167.0,6.0,10.0,0.6343191475677491,False,PUT,2028-06-16,APP
APP280616P00500000,500.0,166.69,161.5,170.5,1.0,86.0,0.6246833186340333,False,PUT,2028-06-16,APP
APP280616P00510000,510.0,180.5,168.5,176.5,2.0,8.0,0.6249503447723389,False,PUT,2028-06-16,APP
APP280616P00520000,520.0,178.2,174.5,181.0,1.0,5.0,0.6207313317871095,False,PUT,2028-06-16,APP
APP280616P00530000,530.0,190.1,178.7,188.9,4.0,8.0,0.6190376231384278,False,PUT,2028-06-16,APP
APP280616P00540000,540.0,201.0,183.1,195.3,4.0,8.0,0.6150017137908935,False,PUT,2028-06-16,APP
APP280616P00550000,550.0,202.0,191.0,201.1,1.0,4.0,0.6155433953857423,False,PUT,2028-06-16,APP
APP280616P00560000,560.0,210.0,197.0,208.0,1.0,6.0,0.61455921333313,False,PUT,2028-06-16,APP
APP280616P00570000,570.0,215.5,201.0,215.0,1.0,0.0,0.6103402003479006,True,PUT,2028-06-16,APP
APP280616P00580000,580.0,221.85,206.0,222.0,5.0,10.0,0.6075707578277589,True,PUT,2028-06-16,APP
APP280616P00590000,590.0,192.65,214.0,228.0,2.0,1.0,0.6077843787384035,True,PUT,2028-06-16,APP
APP280616P00600000,600.0,233.4,220.0,233.4,6.0,23.0,0.603752284049988,True,PUT,2028-06-16,APP
APP280616P00610000,610.0,212.4,228.0,242.0,1.0,13.0,0.6076317923736574,True,PUT,2028-06-16,APP
APP280616P00620000,620.0,201.5,232.0,248.0,1.0,2.0,0.601127798576355,True,PUT,2028-06-16,APP
APP280616P00630000,630.0,214.92,238.0,254.0,1.0,7.0,0.5975877949142456,True,PUT,2028-06-16,APP
APP280616P00650000,650.0,272.84,252.0,268.0,1.0,7.0,0.5961382244491578,True,PUT,2028-06-16,APP
APP280616P00660000,660.0,222.1,237.4,0.0,,1.0,1.0000000000000003e-05,True,PUT,2028-06-16,APP
APP280616P00670000,670.0,283.55,266.0,282.0,1.0,3.0,0.5940592352294922,True,PUT,2028-06-16,APP
APP280616P00680000,680.0,232.4,272.0,288.0,1.0,3.0,0.5898325929260255,True,PUT,2028-06-16,APP
APP280616P00700000,700.0,239.02,286.0,302.0,1.0,0.0,0.586918193359375,True,PUT,2028-06-16,APP
APP280616P00710000,710.0,246.2,292.0,308.0,,1.0,0.5823253437805176,True,PUT,2028-06-16,APP
APP280616P00720000,720.0,284.5,300.0,316.0,1.0,1.0,0.5834621121978759,True,PUT,2028-06-16,APP
APP280616P00730000,730.0,252.35,306.0,322.0,1.0,1.0,0.5786289390945435,True,PUT,2028-06-16,APP
AR260130C00029000,29.0,3.1,5.6,7.3,,14.0,1.5156274218749999,True,CALL,2026-01-30,AR
AR260130C00030000,30.0,4.37,4.6,6.2,8.0,7.0,0.9062509375,True,CALL,2026-01-30,AR
AR260130C00031000,31.0,3.46,3.6,5.3,1.0,11.0,1.0859420703125,True,CALL,2026-01-30,AR
AR260130C00032000,32.0,2.94,2.5,4.1,4.0,196.0,1.962890810546875,True,CALL,2026-01-30,AR
AR260130C00032500,32.5,1.83,2.15,3.0,1.0,438.0,0.8945323046874999,True,CALL,2026-01-30,AR
AR260130C00033000,33.0,1.4,1.75,3.1,83.0,325.0,0.570316796875,True,CALL,2026-01-30,AR
AR260130C00033500,33.5,1.0,1.55,2.4,2.0,37.0,0.6015664843750002,True,CALL,2026-01-30,AR
AR260130C00034000,34.0,1.45,0.95,1.55,2.0,60.0,0.6015664843750002,True,CALL,2026-01-30,AR
AR260130C00034500,34.5,1.02,0.9,1.15,34.0,241.0,0.5800823242187501,True,CALL,2026-01-30,AR
AR260130C00035000,35.0,0.3,0.5,0.7,18.0,525.0,0.45898978515625005,True,CALL,2026-01-30,AR
AR260130C00035500,35.5,0.39,0.25,0.45,64.0,322.0,0.47852083984375,False,CALL,2026-01-30,AR
AR260130C00036000,36.0,0.1,0.1,0.25,57.0,490.0,0.4687553125,False,CALL,2026-01-30,AR
AR260130C00036500,36.5,0.06,0.05,0.15,1.0,373.0,0.49805189453125004,False,CALL,2026-01-30,AR
AR260130C00037000,37.0,0.08,0.0,0.1,5.0,417.0,0.5429733203125001,False,CALL,2026-01-30,AR
AR260130C00037500,37.5,0.01,0.0,0.1,10.0,2014.0,0.5468795312500001,False,CALL,2026-01-30,AR
AR260130C00038000,38.0,0.04,0.0,0.05,2.0,985.0,0.5546919531250001,False,CALL,2026-01-30,AR
AR260130C00039000,39.0,0.1,0.0,0.05,50.0,105.0,0.710940390625,False,CALL,2026-01-30,AR
AR260130C00040000,40.0,0.29,0.0,0.05,1.0,42.0,0.85937640625,False,CALL,2026-01-30,AR
AR260130P00027000,27.0,0.12,0.0,0.65,1.0,55.0,2.8945340136718753,False,PUT,2026-01-30,AR
AR260130P00028000,28.0,0.07,0.0,0.1,20.0,24.0,1.7109389453125,False,PUT,2026-01-30,AR
AR260130P00029000,29.0,0.03,0.0,0.05,10.0,19087.0,1.3281283593749997,False,PUT,2026-01-30,AR
AR260130P00030000,30.0,0.07,0.0,0.05,1.0,164.0,1.1328168359375002,False,PUT,2026-01-30,AR
AR260130P00031000,31.0,0.25,0.0,0.7,12.0,38.0,1.765626171875,False,PUT,2026-01-30,AR
AR260130P00031500,31.5,0.08,0.0,0.7,2.0,104.0,1.6171894140625,False,PUT,2026-01-30,AR
AR260130P00032000,32.0,0.07,0.0,0.55,30.0,260.0,1.3496126269531248,False,PUT,2026-01-30,AR
AR260130P00032500,32.5,0.14,0.0,0.7,47.0,73.0,1.3203158984374999,False,PUT,2026-01-30,AR
AR260130P00033000,33.0,0.1,0.0,0.15,3.0,275.0,0.7070341796875,False,PUT,2026-01-30,AR
AR260130P00033500,33.5,0.15,0.0,0.5,10.0,76.0,0.8828136718749999,False,PUT,2026-01-30,AR
AR260130P00034000,34.0,0.05,0.05,0.2,42.0,152.0,0.5585981640625001,False,PUT,2026-01-30,AR
AR260130P00034500,34.5,0.35,0.05,0.5,3.0,61.0,0.6035195898437502,False,PUT,2026-01-30,AR
AR260130P00035000,35.0,0.35,0.2,0.55,1.0,112.0,0.5293015820312501,False,PUT,2026-01-30,AR
AR260130P00036000,36.0,1.75,0.8,1.35,,1.0,0.6953155468750001,True,PUT,2026-01-30,AR
AR260130P00037000,37.0,5.0,1.1,2.5,,0.0,0.6875031250000001,True,PUT,2026-01-30,AR
AR260206C00030000,30.0,4.32,4.6,6.3,100.0,159.0,0.6132851171875001,True,CALL,2026-02-06,AR
AR260206C00031000,31.0,3.51,3.7,5.2,6.0,17.0,0.5117236328125,True,CALL,2026-02-06,AR
AR260206C00032000,32.0,2.55,2.85,3.7,30.0,103.0,0.6601596484375001,True,CALL,2026-02-06,AR
AR260206C00033000,33.0,2.35,2.5,3.0,1.0,106.0,0.5546919531250001,True,CALL,2026-02-06,AR
AR260206C00034000,34.0,1.22,1.65,1.75,5.0,85.0,0.4062559375,True,CALL,2026-02-06,AR
AR260206C00034500,34.5,1.16,1.3,1.45,1.0,11.0,0.42676354492187507,True,CALL,2026-02-06,AR
AR260206C00035000,35.0,0.85,0.95,1.15,64.0,337.0,0.42578699218750005,True,CALL,2026-02-06,AR
AR260206C00035500,35.5,0.74,0.7,0.85,35.0,60.0,0.4062559375,False,CALL,2026-02-06,AR
AR260206C00036000,36.0,0.58,0.5,0.65,20.0,1168.0,0.41211525390625,False,CALL,2026-02-06,AR
AR260206C00036500,36.5,0.44,0.35,0.5,13.0,16.0,0.422857333984375,False,CALL,2026-02-06,AR
AR260206C00037000,37.0,0.3,0.25,0.4,101.0,143.0,0.44336494140625,False,CALL,2026-02-06,AR
AR260206C00038000,38.0,0.19,0.1,0.2,33.0,118.0,0.43945873046875,False,CALL,2026-02-06,AR
AR260206C00040000,40.0,0.05,0.0,0.6,20.0,12.0,0.7187528125,False,CALL,2026-02-06,AR
AR260206C00041000,41.0,0.09,0.0,0.7,10.0,5.0,0.851563984375,False,CALL,2026-02-06,AR
AR260206P00028000,28.0,0.2,0.0,0.1,,403.0,0.804689453125,False,PUT,2026-02-06,AR
AR260206P00029000,29.0,0.3,0.0,0.1,10.0,22.0,0.70312796875,False,PUT,2026-02-06,AR
AR260206P00030000,30.0,0.1,0.0,0.7,12.0,13045.0,0.9707034179687499,False,PUT,2026-02-06,AR
AR260206P00031000,31.0,0.08,0.0,0.65,31.0,89.0,0.8115253222656249,False,PUT,2026-02-06,AR
AR260206P00032000,32.0,0.17,0.05,0.2,1.0,136.0,0.500005,False,PUT,2026-02-06,AR
AR260206P00032500,32.5,0.43,0.05,0.2,,3.0,0.5097705273437501,False,PUT,2026-02-06,AR
AR260206P00033000,33.0,0.2,0.15,0.25,3.0,72.0,0.48438015625,False,PUT,2026-02-06,AR
AR260206P00034000,34.0,0.78,0.3,0.45,31.0,59.0,0.4580132324218751,False,PUT,2026-02-06,AR
AR260206P00034500,34.5,0.5,0.45,0.55,2.0,54.0,0.424810439453125,False,PUT,2026-02-06,AR
AR260206P00035000,35.0,1.4,0.6,0.8,201.0,205.0,0.4467828759765625,False,PUT,2026-02-06,AR
AR260206P00035500,35.5,1.6,0.85,1.05,1.0,60.0,0.44922425781249997,True,PUT,2026-02-06,AR
AR260213C00031000,31.0,2.85,4.0,5.6,1.0,6.0,0.6562534375000001,True,CALL,2026-02-13,AR
AR260213C00032000,32.0,2.95,3.2,4.7,1.0,5.0,0.624027197265625,True,CALL,2026-02-13,AR
AR260213C00033000,33.0,3.1,2.7,3.2,3.0,28.0,0.507817421875,True,CALL,2026-02-13,AR
AR260213C00034000,34.0,2.28,2.15,2.45,1.0,58.0,0.5180712255859375,True,CALL,2026-02-13,AR
AR260213C00035000,35.0,1.8,1.6,1.8,10.0,92.0,0.508793974609375,True,CALL,2026-02-13,AR
AR260213C00036000,36.0,0.95,1.2,1.35,27.0,775.0,0.5229539892578124,False,CALL,2026-02-13,AR
AR260213C00037000,37.0,0.86,0.85,1.0,1.0,210.0,0.5297898583984376,False,CALL,2026-02-13,AR
AR260213C00038000,38.0,0.45,0.55,0.7,12.0,20.0,0.5229539892578124,False,CALL,2026-02-13,AR
AR260213C00040000,40.0,0.35,0.2,0.6,12.0,121.0,0.5927775097656252,False,CALL,2026-02-13,AR
AR260213P00028000,28.0,0.33,0.0,0.25,1.0,11.0,0.7226590234375,False,PUT,2026-02-13,AR
AR260213P00029000,29.0,0.35,0.05,0.75,10.0,17.0,0.867188828125,False,PUT,2026-02-13,AR
AR260213P00030000,30.0,0.31,0.05,0.75,1.0,20.0,0.7597680273437502,False,PUT,2026-02-13,AR
AR260213P00031000,31.0,0.35,0.15,0.75,6.0,38.0,0.6816438085937502,False,PUT,2026-02-13,AR
AR260213P00032000,32.0,0.4,0.3,0.5,10.0,190.0,0.5468795312500001,False,PUT,2026-02-13,AR
AR260213P00033000,33.0,0.89,0.55,0.7,1.0,47.0,0.5376022802734376,False,PUT,2026-02-13,AR
AR260213P00034000,34.0,1.3,0.9,1.0,39.0,75.0,0.5346726220703125,False,PUT,2026-02-13,AR
AR260220C00025000,25.0,10.5,9.7,11.4,1.0,56.0,0.8710950390625,True,CALL,2026-02-20,AR
AR260220C00026000,26.0,8.9,8.0,9.3,12.0,53.0,1.0000000000000003e-05,True,CALL,2026-02-20,AR
AR260220C00027000,27.0,8.0,0.0,0.0,10.0,24.0,1.0000000000000003e-05,True,CALL,2026-02-20,AR
AR260220C00028000,28.0,4.66,7.0,7.6,3.0,13.0,0.6777375976562501,True,CALL,2026-02-20,AR
AR260220C00029000,29.0,3.2,5.8,7.3,130.0,153.0,0.5566450585937501,True,CALL,2026-02-20,AR
AR260220C00030000,30.0,4.82,4.9,5.9,100.0,263.0,0.6875031250000001,True,CALL,2026-02-20,AR
AR260220C00031000,31.0,4.35,4.1,5.0,2.0,104.0,0.637698935546875,True,CALL,2026-02-20,AR
AR260220C00032000,32.0,4.0,3.4,4.1,2.0,487.0,0.579105771484375,True,CALL,2026-02-20,AR
AR260220C00033000,33.0,2.9,2.9,3.3,18.0,410.0,0.5444381494140625,True,CALL,2026-02-20,AR
AR260220C00033500,33.5,2.3,2.65,2.85,164.0,192.0,0.5048877636718749,True,CALL,2026-02-20,AR
AR260220C00034000,34.0,2.3,2.3,2.6,58.0,2237.0,0.523442265625,True,CALL,2026-02-20,AR
AR260220C00034500,34.5,2.02,2.0,2.25,128.0,709.0,0.5048877636718749,True,CALL,2026-02-20,AR
AR260220C00035000,35.0,1.7,1.85,2.0,358.0,6253.0,0.5097705273437501,True,CALL,2026-02-20,AR
AR260220C00035500,35.5,1.55,1.45,1.75,79.0,132.0,0.507817421875,False,CALL,2026-02-20,AR
AR260220C00036000,36.0,1.35,1.2,1.5,43.0,1439.0,0.500005,False,CALL,2026-02-20,AR
AR260220C00036500,36.5,0.93,1.0,1.3,2.0,41.0,0.500005,False,CALL,2026-02-20,AR
AR260220C00037000,37.0,1.05,0.95,1.05,2293.0,44871.0,0.47900911621093745,False,CALL,2026-02-20,AR
AR260220C00037500,37.5,0.6,0.7,0.95,2.0,574.0,0.49658706542968756,False,CALL,2026-02-20,AR
AR260220C00038000,38.0,0.74,0.6,0.85,61.0,3048.0,0.5097705273437501,False,CALL,2026-02-20,AR
AR260220C00039000,39.0,0.6,0.4,0.6,100.0,2335.0,0.5048877636718749,False,CALL,2026-02-20,AR
AR260220C00040000,40.0,0.37,0.35,0.45,28.0,3783.0,0.51562984375,False,CALL,2026-02-20,AR
AR260220C00041000,41.0,0.39,0.15,0.55,9.0,1332.0,0.53320779296875,False,CALL,2026-02-20,AR
AR260220C00042000,42.0,0.12,0.05,0.3,1.0,382.0,0.5634809277343751,False,CALL,2026-02-20,AR
AR260220C00043000,43.0,0.1,0.05,0.25,1.0,149.0,0.51758294921875,False,CALL,2026-02-20,AR
AR260220C00044000,44.0,0.05,0.05,0.35,1.0,78.0,0.6015664843750002,False,CALL,2026-02-20,AR
AR260220C00045000,45.0,0.13,0.0,0.3,34.0,258.0,0.6074258007812501,False,CALL,2026-02-20,AR
AR260220C00046000,46.0,0.41,0.0,0.3,2.0,53.0,0.65039412109375,False,CALL,2026-02-20,AR
AR260220P00025000,25.0,0.05,0.0,0.2,2.0,150.0,0.79883013671875,False,PUT,2026-02-20,AR
AR260220P00026000,26.0,0.26,0.0,0.25,1.0,108.0,0.75586181640625,False,PUT,2026-02-20,AR
AR260220P00027000,27.0,0.15,0.0,0.25,100.0,171.0,0.6777375976562501,False,PUT,2026-02-20,AR
AR260220P00028000,28.0,0.15,0.05,0.25,60.0,23711.0,0.6289099609375001,False,PUT,2026-02-20,AR
AR260220P00029000,29.0,0.15,0.1,0.2,101.0,12069.0,0.55273884765625,False,PUT,2026-02-20,AR
AR260220P00030000,30.0,0.23,0.15,0.3,11.0,1613.0,0.5312546875,False,PUT,2026-02-20,AR
AR260220P00031000,31.0,0.3,0.3,0.45,2.0,739.0,0.53320779296875,False,PUT,2026-02-20,AR
AR260220P00031500,31.5,0.55,0.25,0.55,40.0,150.0,0.5009815527343751,False,PUT,2026-02-20,AR
AR260220P00032000,32.0,0.55,0.4,0.6,4.0,1795.0,0.5380905566406251,False,PUT,2026-02-20,AR
AR260220P00032500,32.5,0.65,0.5,0.75,24.0,27.0,0.5444381494140625,False,PUT,2026-02-20,AR
AR260220P00033000,33.0,0.8,0.6,0.85,6.0,457.0,0.526371923828125,False,PUT,2026-02-20,AR
AR260220P00033500,33.5,1.12,0.75,1.0,7.0,8.0,0.5195360546875,False,PUT,2026-02-20,AR
AR260220P00034000,34.0,1.36,1.0,1.1,3.0,424.0,0.49170430175781255,False,PUT,2026-02-20,AR
AR260220P00034500,34.5,1.6,1.1,1.35,12.0,308.0,0.5039112109375,False,PUT,2026-02-20,AR
AR260220P00035000,35.0,1.55,1.35,1.6,66.0,810.0,0.5083056982421875,False,PUT,2026-02-20,AR
AR260220P00036000,36.0,4.2,1.85,2.1,9.0,365.0,0.4985401708984375,True,PUT,2026-02-20,AR
AR260220P00036500,36.5,2.9,2.15,2.4,4.0,2.0,0.4985401708984375,True,PUT,2026-02-20,AR
AR260220P00037000,37.0,2.6,2.5,2.7,3.0,203.0,0.49268085449218757,True,PUT,2026-02-20,AR
AR260220P00038000,38.0,3.65,3.2,3.5,2.0,153.0,0.5239305419921875,True,PUT,2026-02-20,AR
AR260220P00039000,39.0,4.8,3.9,4.8,1.0,99.0,0.5556685058593751,True,PUT,2026-02-20,AR
AR260220P00040000,40.0,5.11,4.8,5.5,9.0,75.0,0.5542036767578126,True,PUT,2026-02-20,AR
AR260220P00041000,41.0,4.9,10.3,10.6,,10.0,1.9326175244140624,True,PUT,2026-02-20,AR
AR260220P00042000,42.0,5.82,0.0,0.0,2.0,10.0,1.0000000000000003e-05,True,PUT,2026-02-20,AR
AR260220P00043000,43.0,5.9,12.2,12.4,,9.0,2.047368162841797,True,PUT,2026-02-20,AR
AR260220P00044000,44.0,6.5,13.1,13.4,,20.0,2.1059617663574213,True,PUT,2026-02-20,AR
AR260227C00032000,32.0,3.2,3.8,4.2,1.0,10.0,0.5395553857421876,True,CALL,2026-02-27,AR
AR260227C00033000,33.0,3.25,3.1,3.4,1.0,1.0,0.50586431640625,True,CALL,2026-02-27,AR
AR260227C00034000,34.0,2.45,2.5,2.75,2.0,4.0,0.49805189453125004,True,CALL,2026-02-27,AR
AR260227C00035000,35.0,2.1,2.0,2.2,26.0,144.0,0.49609878906250005,True,CALL,2026-02-27,AR
AR260227C00037000,37.0,1.31,1.15,1.3,15.0,71.0,0.48389187988281257,False,CALL,2026-02-27,AR
AR260227C00038000,38.0,0.85,0.85,1.0,1.0,12.0,0.48730981445312505,False,CALL,2026-02-27,AR
AR260227C00039000,39.0,0.64,0.6,0.75,2.0,2.0,0.48779809082031256,False,CALL,2026-02-27,AR
AR260227C00040000,40.0,0.5,0.45,0.55,1.0,15.0,0.48682153808593753,False,CALL,2026-02-27,AR
AR260227P00028000,28.0,0.2,0.05,0.4,25472.0,25476.0,0.6074258007812501,False,PUT,2026-02-27,AR
AR260227P00029000,29.0,0.75,0.05,0.65,,15.0,0.6074258007812501,False,PUT,2026-02-27,AR
AR260227P00031000,31.0,0.47,0.35,0.55,3.0,5.0,0.5376022802734376,False,PUT,2026-02-27,AR
AR260227P00032000,32.0,0.85,0.55,0.7,17.0,43.0,0.5053760400390624,False,PUT,2026-02-27,AR
AR260227P00033000,33.0,1.12,0.85,1.0,22.0,49.0,0.5043994873046875,False,PUT,2026-02-27,AR
AR260306C00035000,35.0,2.15,2.0,2.4,2.0,22.0,0.49170430175781255,True,CALL,2026-03-06,AR
AR260306C00037000,37.0,1.1,1.15,1.5,1.0,32.0,0.481450498046875,False,CALL,2026-03-06,AR
AR260306P00030000,30.0,0.4,0.3,0.45,3.0,6.0,0.5205126074218749,False,PUT,2026-03-06,AR
AR260320C00025000,25.0,7.7,9.9,11.3,10.0,20.0,0.62305064453125,True,CALL,2026-03-20,AR
AR260320C00026000,26.0,8.6,9.0,10.3,2.0,34.0,0.59570716796875,True,CALL,2026-03-20,AR
AR260320C00027000,27.0,7.5,8.0,9.4,6.0,19.0,0.5634809277343751,True,CALL,2026-03-20,AR
AR260320C00028000,28.0,7.38,7.2,8.0,41.0,251.0,0.624027197265625,True,CALL,2026-03-20,AR
AR260320C00029000,29.0,7.5,6.2,7.1,1.0,76.0,0.5908244042968751,True,CALL,2026-03-20,AR
AR260320C00030000,30.0,6.1,5.4,6.2,1.0,413.0,0.5522505712890625,True,CALL,2026-03-20,AR
AR260320C00031000,31.0,4.29,4.6,5.6,6.0,426.0,0.584965087890625,True,CALL,2026-03-20,AR
AR260320C00032000,32.0,4.2,4.2,4.6,5.0,483.0,0.508793974609375,True,CALL,2026-03-20,AR
AR260320C00033000,33.0,3.7,3.4,3.9,13.0,6012.0,0.49561051269531253,True,CALL,2026-03-20,AR
AR260320C00034000,34.0,3.1,3.1,3.3,383.0,4374.0,0.4919484399414063,True,CALL,2026-03-20,AR
AR260320C00035000,35.0,2.55,2.55,2.7,1028.0,7869.0,0.476567734375,True,CALL,2026-03-20,AR
AR260320C00036000,36.0,2.0,2.05,2.25,86.0,2172.0,0.47803256347656253,False,CALL,2026-03-20,AR
AR260320C00037000,37.0,1.6,1.7,1.85,338.0,4967.0,0.477544287109375,False,CALL,2026-03-20,AR
AR260320C00038000,38.0,1.4,1.35,1.5,935.0,54245.0,0.47559118164062497,False,CALL,2026-03-20,AR
AR260320C00039000,39.0,1.05,1.05,1.15,32.0,7774.0,0.4621635815429688,False,CALL,2026-03-20,AR
AR260320C00040000,40.0,0.8,0.85,0.9,255.0,20367.0,0.45898978515625005,False,CALL,2026-03-20,AR
AR260320C00041000,41.0,0.7,0.7,0.75,70.0,320.0,0.46924358886718753,False,CALL,2026-03-20,AR
AR260320C00042000,42.0,0.45,0.55,0.6,32.0,772.0,0.4721732470703125,False,CALL,2026-03-20,AR
AR260320C00043000,43.0,0.35,0.3,0.7,1.0,399.0,0.5400436621093752,False,CALL,2026-03-20,AR
AR260320C00044000,44.0,0.4,0.3,0.55,2.0,480.0,0.534184345703125,False,CALL,2026-03-20,AR
AR260320C00045000,45.0,0.3,0.2,0.35,70.0,58378.0,0.500005,False,CALL,2026-03-20,AR
AR260320P00025000,25.0,0.1,0.1,0.25,3.0,257.0,0.6015664843750002,False,PUT,2026-03-20,AR
AR260320P00026000,26.0,0.4,0.05,0.25,1.0,46.0,0.5273484765625001,False,PUT,2026-03-20,AR
AR260320P00027000,27.0,0.25,0.15,0.3,3.0,99.0,0.5214891601562499,False,PUT,2026-03-20,AR
AR260320P00028000,28.0,0.29,0.2,0.4,25.0,1228.0,0.5029346582031251,False,PUT,2026-03-20,AR
AR260320P00029000,29.0,0.38,0.25,0.5,12.0,241.0,0.5224657128906249,False,PUT,2026-03-20,AR
AR260320P00030000,30.0,0.56,0.45,0.65,45.0,937.0,0.506840869140625,False,PUT,2026-03-20,AR
AR260320P00031000,31.0,0.65,0.7,0.85,20.0,332.0,0.495122236328125,False,PUT,2026-03-20,AR
AR260320P00032000,32.0,1.05,0.9,1.1,25.0,664.0,0.48438015625,False,PUT,2026-03-20,AR
AR260320P00033000,33.0,1.35,1.2,1.4,104.0,687.0,0.47363807617187503,False,PUT,2026-03-20,AR
AR260320P00034000,34.0,1.7,1.6,1.75,52.0,1684.0,0.4611870288085938,False,PUT,2026-03-20,AR
AR260320P00035000,35.0,2.25,2.05,2.2,5.0,607.0,0.45654840332031255,False,PUT,2026-03-20,AR
AR260320P00036000,36.0,2.71,2.6,2.7,2.0,275.0,0.44873598144531246,True,PUT,2026-03-20,AR
AR260320P00037000,37.0,3.3,3.1,3.3,1.0,593.0,0.44775942871093743,True,PUT,2026-03-20,AR
AR260320P00038000,38.0,4.7,3.8,4.0,1.0,225.0,0.4545952978515625,True,PUT,2026-03-20,AR
AR260320P00039000,39.0,5.3,4.2,4.7,1.0,72.0,0.4506890869140625,True,PUT,2026-03-20,AR
AR260320P00040000,40.0,6.35,4.9,5.5,8.0,425.0,0.4580132324218751,True,PUT,2026-03-20,AR
AR260320P00041000,41.0,8.05,7.5,7.8,,3.0,0.7543969873046875,True,PUT,2026-03-20,AR
AR260320P00042000,42.0,6.4,7.7,7.9,29.0,631.0,0.6210975390625001,True,PUT,2026-03-20,AR
AR260320P00043000,43.0,11.08,10.2,10.5,,1.0,0.9956055126953125,True,PUT,2026-03-20,AR
AR260320P00045000,45.0,12.07,0.0,0.0,150.0,100.0,1.0000000000000003e-05,True,PUT,2026-03-20,AR
AR260515C00025000,25.0,10.0,10.8,11.3,5.0,35.0,0.58789474609375,True,CALL,2026-05-15,AR
AR260515C00026000,26.0,7.5,9.4,10.7,6.0,11.0,0.5385788330078126,True,CALL,2026-05-15,AR
AR260515C00027000,27.0,6.45,8.5,9.8,,26.0,0.5151415673828125,True,CALL,2026-05-15,AR
AR260515C00028000,28.0,5.5,7.7,8.9,100.0,182.0,0.6203651245117189,True,CALL,2026-05-15,AR
AR260515C00029000,29.0,5.1,7.0,8.1,6.0,12.0,0.5998575170898439,True,CALL,2026-05-15,AR
AR260515C00030000,30.0,4.9,6.2,7.4,20.0,109.0,0.5922892333984376,True,CALL,2026-05-15,AR
AR260515C00031000,31.0,3.76,5.5,6.3,9.0,26.0,0.51758294921875,True,CALL,2026-05-15,AR
AR260515C00032000,32.0,5.28,4.9,5.6,75.0,117.0,0.5039112109375,True,CALL,2026-05-15,AR
AR260515C00033000,33.0,4.0,4.3,5.0,12.0,63.0,0.4997608618164063,True,CALL,2026-05-15,AR
AR260515C00034000,34.0,3.5,3.9,4.4,15.0,183.0,0.4897511962890626,True,CALL,2026-05-15,AR
AR260515C00035000,35.0,3.8,3.6,3.8,1.0,423.0,0.47461462890625,True,CALL,2026-05-15,AR
AR260515C00036000,36.0,3.16,3.2,3.4,38.0,204.0,0.4804739453125,False,CALL,2026-05-15,AR
AR260515C00037000,37.0,2.35,2.8,2.95,4.0,1017.0,0.47412635253906255,False,CALL,2026-05-15,AR
AR260515C00038000,38.0,2.0,2.5,2.55,161.0,204.0,0.46924358886718753,False,CALL,2026-05-15,AR
AR260515C00039000,39.0,1.9,2.05,2.2,20.0,150.0,0.4655815161132813,False,CALL,2026-05-15,AR
AR260515C00040000,40.0,1.84,1.8,2.0,80.0,863.0,0.4777884252929688,False,CALL,2026-05-15,AR
AR260515C00041000,41.0,1.52,1.5,1.75,2.0,443.0,0.47900911621093745,False,CALL,2026-05-15,AR
AR260515C00045000,45.0,0.85,0.8,0.9,8.0,651.0,0.4633842724609375,False,CALL,2026-05-15,AR
AR260515P00025000,25.0,0.38,0.2,0.4,1.0,73.0,0.5083056982421875,False,PUT,2026-05-15,AR
AR260515P00026000,26.0,0.4,0.25,0.5,100.0,107.0,0.4946339599609375,False,PUT,2026-05-15,AR
AR260515P00027000,27.0,0.95,0.4,0.65,40.0,193.0,0.4892629199218751,False,PUT,2026-05-15,AR
AR260515P00028000,28.0,0.65,0.5,0.8,50.0,115.0,0.476567734375,False,PUT,2026-05-15,AR
AR260515P00029000,29.0,0.88,0.7,1.05,35.0,226.0,0.47900911621093745,False,PUT,2026-05-15,AR
AR260515P00030000,30.0,1.25,1.05,1.25,8.0,406.0,0.4643608251953125,False,PUT,2026-05-15,AR
AR260515P00031000,31.0,1.35,1.25,1.45,20.0,200.0,0.4445856323242187,False,PUT,2026-05-15,AR
AR260515P00032000,32.0,1.74,1.65,1.9,16.0,96.0,0.4585015087890626,False,PUT,2026-05-15,AR
AR260515P00033000,33.0,2.4,2.0,2.35,12.0,220.0,0.463872548828125,False,PUT,2026-05-15,AR
AR260515P00034000,34.0,2.5,2.5,2.75,73.0,201.0,0.45508357421875,False,PUT,2026-05-15,AR
AR260515P00035000,35.0,3.3,2.95,3.2,5.0,156.0,0.44751529052734373,False,PUT,2026-05-15,AR
AR260515P00036000,36.0,3.7,3.4,3.7,21.0,241.0,0.44067942138671873,True,PUT,2026-05-15,AR
AR260515P00037000,37.0,4.3,3.9,4.3,1.0,150.0,0.4409235595703125,True,PUT,2026-05-15,AR
AR260515P00038000,38.0,6.4,4.6,4.9,1.0,241.0,0.43555251953125,True,PUT,2026-05-15,AR
AR260515P00039000,39.0,5.9,5.4,5.6,1.0,193.0,0.4379939013671875,True,PUT,2026-05-15,AR
AR260515P00040000,40.0,7.2,5.9,6.3,4.0,64.0,0.43506424316406256,True,PUT,2026-05-15,AR
AR260515P00041000,41.0,5.8,6.6,7.0,24.0,80.0,0.4270076831054688,True,PUT,2026-05-15,AR
AR260515P00045000,45.0,12.57,0.0,0.0,1.0,1.0,1.0000000000000003e-05,True,PUT,2026-05-15,AR
AR260618C00025000,25.0,8.6,10.6,11.9,2.0,9.0,0.559574716796875,True,CALL,2026-06-18,AR
AR260618C00028000,28.0,5.5,8.1,9.4,1.0,24.0,0.5151415673828125,True,CALL,2026-06-18,AR
AR260618C00030000,30.0,7.4,6.6,7.4,15.0,333.0,0.5161181201171875,True,CALL,2026-06-18,AR
AR260618C00033000,33.0,5.3,4.9,5.4,19.0,498.0,0.48438015625,True,CALL,2026-06-18,AR
AR260618C00035000,35.0,3.77,4.1,4.4,3.0,1321.0,0.48291532714843755,True,CALL,2026-06-18,AR
AR260618C00037000,37.0,3.2,3.3,3.5,4.0,534.0,0.4758353198242187,False,CALL,2026-06-18,AR
AR260618C00040000,40.0,2.3,2.2,2.35,130.0,1714.0,0.4580132324218751,False,CALL,2026-06-18,AR
AR260618C00045000,45.0,1.19,1.1,1.25,26.0,1534.0,0.45703667968750006,False,CALL,2026-06-18,AR
AR260618P00025000,25.0,0.47,0.35,0.6,1.0,58.0,0.4985401708984375,False,PUT,2026-06-18,AR
AR260618P00028000,28.0,0.95,0.9,0.95,2.0,128.0,0.44385321777343745,False,PUT,2026-06-18,AR
AR260618P00030000,30.0,1.5,1.4,1.55,3.0,1004.0,0.44995667236328124,False,PUT,2026-06-18,AR
AR260618P00033000,33.0,2.45,2.45,2.6,22.0,365.0,0.4348201049804688,False,PUT,2026-06-18,AR
AR260618P00035000,35.0,3.5,3.2,3.6,16.0,358.0,0.4361628649902344,False,PUT,2026-06-18,AR
AR260618P00037000,37.0,4.9,4.3,4.7,24.0,1126.0,0.42969320312500003,True,PUT,2026-06-18,AR
AR260618P00040000,40.0,6.4,6.3,6.6,8.0,82.0,0.4157773266601562,True,PUT,2026-06-18,AR
AR260618P00045000,45.0,11.82,9.8,11.0,1.0,86.0,0.47803256347656253,True,PUT,2026-06-18,AR
AR260821C00030000,30.0,5.2,7.3,8.4,10.0,20.0,0.5438278039550781,True,CALL,2026-08-21,AR
AR260821C00031000,31.0,5.45,6.8,7.4,,17.0,0.4963429272460938,True,CALL,2026-08-21,AR
AR260821C00034000,34.0,4.85,5.0,5.7,1.0,11.0,0.4818167053222656,True,CALL,2026-08-21,AR
AR260821C00035000,35.0,5.1,4.5,5.2,1.0,22.0,0.477544287109375,True,CALL,2026-08-21,AR
AR260821C00036000,36.0,4.46,4.1,4.7,3.0,5.0,0.47046427978515626,False,CALL,2026-08-21,AR
AR260821C00037000,37.0,3.5,3.7,4.4,2.0,3.0,0.47961946166992186,False,CALL,2026-08-21,AR
AR260821C00038000,38.0,3.65,3.3,3.9,,2.0,0.4670463452148438,False,CALL,2026-08-21,AR
AR260821C00039000,39.0,1.95,3.0,3.6,4.0,8.0,0.47070841796875,False,CALL,2026-08-21,AR
AR260821C00040000,40.0,2.75,2.6,3.2,5.0,21.0,0.4624077197265626,False,CALL,2026-08-21,AR
AR260821C00041000,41.0,2.3,2.4,2.9,3.0,12.0,0.4611870288085938,False,CALL,2026-08-21,AR
AR260821C00045000,45.0,1.79,1.55,1.9,5.0,37.0,0.45337460693359377,False,CALL,2026-08-21,AR
AR260821P00025000,25.0,1.05,0.6,0.85,10.0,11.0,0.4633842724609375,False,PUT,2026-08-21,AR
AR260821P00026000,26.0,1.0,0.75,1.2,20.0,63.0,0.48438015625,False,PUT,2026-08-21,AR
AR260821P00027000,27.0,1.6,0.95,1.4,10.0,15.0,0.47437049072265625,False,PUT,2026-08-21,AR
AR260821P00028000,28.0,1.6,1.15,1.55,2.0,12.0,0.4545952978515625,False,PUT,2026-08-21,AR
AR260821P00029000,29.0,2.35,1.4,1.9,2.0,17.0,0.45825737060546884,False,PUT,2026-08-21,AR
AR260821P00030000,30.0,2.2,1.65,2.15,6.0,34.0,0.445318046875,False,PUT,2026-08-21,AR
AR260821P00031000,31.0,3.2,2.0,2.45,,18.0,0.43530838134765626,False,PUT,2026-08-21,AR
AR260821P00032000,32.0,3.48,2.35,2.85,1.0,14.0,0.43286699951171875,False,PUT,2026-08-21,AR
AR260821P00033000,33.0,3.7,2.75,3.3,,4.0,0.4318904467773438,False,PUT,2026-08-21,AR
AR260821P00034000,34.0,3.7,3.1,3.8,10.0,11.0,0.4322566540527344,False,PUT,2026-08-21,AR
AR260821P00035000,35.0,4.7,3.6,4.3,,9.0,0.4290828576660156,False,PUT,2026-08-21,AR
AR260821P00036000,36.0,4.8,4.1,4.9,4.0,9.0,0.4321345849609375,True,PUT,2026-08-21,AR
AR260821P00037000,37.0,5.29,4.7,5.4,,2.0,0.4226131958007812,True,PUT,2026-08-21,AR
AR260918C00025000,25.0,9.5,9.9,12.5,8.0,8.0,0.6257361645507813,True,CALL,2026-09-18,AR
AR260918C00028000,28.0,8.6,8.9,10.1,1.0,6.0,0.5664105859375,True,CALL,2026-09-18,AR
AR260918C00030000,30.0,7.03,7.7,8.4,7.0,70.0,0.5100146655273439,True,CALL,2026-09-18,AR
AR260918C00032000,32.0,6.9,6.4,7.1,4.0,13.0,0.49023947265625006,True,CALL,2026-09-18,AR
AR260918C00035000,35.0,5.2,4.8,5.5,2.0,115.0,0.47510290527343746,True,CALL,2026-09-18,AR
AR260918C00037000,37.0,4.31,4.1,4.6,3.0,71.0,0.4676566906738281,False,CALL,2026-09-18,AR
AR260918C00040000,40.0,3.0,2.9,3.5,5.0,103.0,0.4606987524414063,False,CALL,2026-09-18,AR
AR260918C00045000,45.0,1.69,1.75,2.2,3.0,137.0,0.45532771240234376,False,CALL,2026-09-18,AR
AR260918P00025000,25.0,0.95,0.75,1.0,13.0,88.0,0.46045461425781253,False,PUT,2026-09-18,AR
AR260918P00028000,28.0,2.1,1.35,1.8,117.0,130.0,0.4577690942382813,False,PUT,2026-09-18,AR
AR260918P00030000,30.0,2.2,2.0,2.25,5.0,134.0,0.428716650390625,False,PUT,2026-09-18,AR
AR260918P00032000,32.0,3.0,2.6,3.1,15.0,92.0,0.43079182495117196,False,PUT,2026-09-18,AR
AR260918P00035000,35.0,4.42,0.0,0.0,1.0,7.0,0.0039162109375,False,PUT,2026-09-18,AR
AR260918P00037000,37.0,5.4,4.9,5.6,1.0,19.0,0.414068359375,True,PUT,2026-09-18,AR
AR260918P00040000,40.0,7.0,6.7,7.5,4.0,13.0,0.4063780065917969,True,PUT,2026-09-18,AR
AR270115C00025000,25.0,12.27,12.0,13.2,3.0,824.0,0.5202684692382812,True,CALL,2027-01-15,AR
AR270115C00027000,27.0,10.4,9.8,11.7,5.0,292.0,0.5566450585937501,True,CALL,2027-01-15,AR
AR270115C00030000,30.0,9.1,8.7,9.4,2.0,2359.0,0.5009815527343751,True,CALL,2027-01-15,AR
AR270115C00032000,32.0,7.9,7.7,8.3,143.0,445.0,0.49451189086914066,True,CALL,2027-01-15,AR
AR270115C00035000,35.0,6.44,6.3,6.7,20.0,1111.0,0.47559118164062497,True,CALL,2027-01-15,AR
AR270115C00037000,37.0,5.0,4.9,5.9,52.0,279.0,0.47473669799804685,False,CALL,2027-01-15,AR
AR270115C00040000,40.0,4.37,4.2,4.7,77.0,2194.0,0.4616753051757813,False,CALL,2027-01-15,AR
AR270115C00045000,45.0,3.0,2.65,3.2,93.0,2673.0,0.44861391235351555,False,CALL,2027-01-15,AR
AR270115P00025000,25.0,1.47,1.2,1.6,5.0,271.0,0.4506890869140625,False,PUT,2027-01-15,AR
AR270115P00027000,27.0,2.02,1.7,2.25,4.0,315.0,0.4523980541992188,False,PUT,2027-01-15,AR
AR270115P00030000,30.0,2.92,2.65,3.2,1.0,1599.0,0.4321345849609375,False,PUT,2027-01-15,AR
AR270115P00032000,32.0,3.8,3.3,3.9,44.0,1623.0,0.4145566357421875,False,PUT,2027-01-15,AR
AR270115P00035000,35.0,5.0,4.6,5.4,5.0,429.0,0.40869731933593745,False,PUT,2027-01-15,AR
AR270115P00037000,37.0,6.4,5.7,6.5,8.0,85.0,0.4019835192871094,True,PUT,2027-01-15,AR
AR270115P00040000,40.0,8.1,7.4,8.4,1.0,968.0,0.39649041015625003,True,PUT,2027-01-15,AR
AR270115P00045000,45.0,13.7,10.9,11.9,38.0,98.0,0.37842418457031246,True,PUT,2027-01-15,AR
AR280121C00025000,25.0,14.0,13.4,15.4,1.0,54.0,0.5681195532226562,True,CALL,2028-01-21,AR
AR280121C00028000,28.0,12.0,11.6,14.3,10.0,89.0,0.504765694580078,True,CALL,2028-01-21,AR
AR280121C00030000,30.0,11.6,10.5,12.3,1.0,158.0,0.5220995056152342,True,CALL,2028-01-21,AR
AR280121C00032000,32.0,10.9,10.1,11.2,1.0,184.0,0.5079394909667969,True,CALL,2028-01-21,AR
AR280121C00035000,35.0,9.6,8.7,9.8,1.0,320.0,0.49561051269531253,True,CALL,2028-01-21,AR
AR280121C00037000,37.0,8.8,8.3,9.0,28.0,111.0,0.4908498181152344,False,CALL,2028-01-21,AR
AR280121C00040000,40.0,7.4,7.2,7.8,4.0,140.0,0.47864290893554684,False,CALL,2028-01-21,AR
AR280121C00042000,42.0,6.67,6.0,7.3,38.0,22.0,0.4826711889648438,False,CALL,2028-01-21,AR
AR280121C00045000,45.0,4.8,4.6,6.4,4.0,274.0,0.4766898034667969,False,CALL,2028-01-21,AR
AR280121P00025000,25.0,2.75,2.3,3.1,1.0,24.0,0.43103596313476567,False,PUT,2028-01-21,AR
AR280121P00028000,28.0,4.6,3.4,5.2,1.0,3.0,0.48254911987304694,False,PUT,2028-01-21,AR
AR280121P00030000,30.0,4.8,4.2,6.0,1.0,96.0,0.4683891052246094,False,PUT,2028-01-21,AR
AR280121P00032000,32.0,5.45,5.2,6.9,3.0,88.0,0.45703667968750006,False,PUT,2028-01-21,AR
AR280121P00035000,35.0,9.3,0.0,0.0,1.0,28.0,0.00196310546875,False,PUT,2028-01-21,AR
AR280121P00037000,37.0,8.2,7.4,8.7,1.0,31.0,0.39252316467285153,True,PUT,2028-01-21,AR
AR280121P00040000,40.0,9.84,9.5,10.9,148.0,190.0,0.4028380029296875,True,PUT,2028-01-21,AR
AR280121P00042000,42.0,11.31,10.4,12.5,20.0,81.0,0.41223732299804683,True,PUT,2028-01-21,AR
AR280121P00045000,45.0,13.1,13.1,13.4,31.0,140.0,0.3446110461425781,True,PUT,2028-01-21,AR
ASTS260130C00083000,83.0,17.58,34.0,36.5,2.0,43.0,2.6484408789062504,True,CALL,2026-01-30,ASTS
ASTS260130C00084000,84.0,31.49,33.0,35.55,1.0,82.0,2.6093784765625,True,CALL,2026-01-30,ASTS
ASTS260130C00085000,85.0,28.85,32.0,34.35,6.0,337.0,2.3593791015624994,True,CALL,2026-01-30,ASTS
ASTS260130C00086000,86.0,35.75,30.95,33.5,1.0,139.0,2.376957182617187,True,CALL,2026-01-30,ASTS
ASTS260130C00087000,87.0,28.98,29.55,32.55,4.0,50.0,1.9101566992187502,True,CALL,2026-01-30,ASTS
ASTS260130C00088000,88.0,18.25,28.7,31.55,1.0,117.0,2.042973642578125,True,CALL,2026-01-30,ASTS
ASTS260130C00089000,89.0,31.5,27.85,30.55,2.0,95.0,2.1171922070312497,True,CALL,2026-01-30,ASTS
ASTS260130C00090000,90.0,28.48,26.7,29.35,8.0,644.0,1.6328143359374998,True,CALL,2026-01-30,ASTS
ASTS260130C00091000,91.0,30.5,25.7,28.35,6.0,205.0,1.5781271093749998,True,CALL,2026-01-30,ASTS
ASTS260130C00092000,92.0,24.45,24.6,27.7,30.0,78.0,1.82421962890625,True,CALL,2026-01-30,ASTS
ASTS260130C00093000,93.0,28.2,23.7,26.55,9.0,36.0,1.7109389453125,True,CALL,2026-01-30,ASTS
ASTS260130C00094000,94.0,21.4,23.05,25.6,120.0,164.0,1.92578162109375,True,CALL,2026-01-30,ASTS
ASTS260130C00095000,95.0,24.1,22.2,24.45,107.0,630.0,1.853516357421875,True,CALL,2026-01-30,ASTS
ASTS260130C00096000,96.0,20.35,21.45,23.4,85.0,103.0,1.8828130859374999,True,CALL,2026-01-30,ASTS
ASTS260130C00097000,97.0,21.2,20.35,22.4,13.0,288.0,1.759766826171875,True,CALL,2026-01-30,ASTS
ASTS260130C00098000,98.0,18.29,19.1,21.4,20.0,450.0,1.5546897265624997,True,CALL,2026-01-30,ASTS
ASTS260130C00099000,99.0,17.77,18.05,20.4,70.0,56.0,1.4570339648437498,True,CALL,2026-01-30,ASTS
ASTS260130C00100000,100.0,18.51,18.05,19.2,355.0,1020.0,1.736329443359375,True,CALL,2026-01-30,ASTS
ASTS260130C00101000,101.0,15.55,16.5,18.2,83.0,112.0,1.443362158203125,True,CALL,2026-01-30,ASTS
ASTS260130C00102000,102.0,14.42,14.95,17.65,53.0,167.0,1.3261752441406247,True,CALL,2026-01-30,ASTS
ASTS260130C00103000,103.0,13.35,14.15,16.7,106.0,101.0,1.359378203125,True,CALL,2026-01-30,ASTS
ASTS260130C00104000,104.0,14.88,13.15,15.5,57.0,266.0,1.2070352148437498,True,CALL,2026-01-30,ASTS
ASTS260130C00105000,105.0,13.3,12.25,13.35,342.0,1487.0,1.15625421875,True,CALL,2026-01-30,ASTS
ASTS260130C00106000,106.0,9.53,11.35,13.0,47.0,355.0,0.9355475195312499,True,CALL,2026-01-30,ASTS
ASTS260130C00107000,107.0,8.5,10.35,12.5,67.0,399.0,1.0625046875000002,True,CALL,2026-01-30,ASTS
ASTS260130C00108000,108.0,10.0,9.45,11.55,71.0,346.0,1.0322314013671878,True,CALL,2026-01-30,ASTS
ASTS260130C00109000,109.0,10.0,9.1,10.65,47.0,118.0,1.1435589697265625,True,CALL,2026-01-30,ASTS
ASTS260130C00110000,110.0,8.8,7.75,9.1,1171.0,2504.0,0.8359391406249999,True,CALL,2026-01-30,ASTS
ASTS260130C00111000,111.0,8.0,7.15,8.1,49.0,225.0,0.858399853515625,True,CALL,2026-01-30,ASTS
ASTS260130C00112000,112.0,7.2,7.0,7.65,173.0,373.0,1.052739111328125,True,CALL,2026-01-30,ASTS
ASTS260130C00113000,113.0,6.51,5.8,6.7,41.0,819.0,0.92773509765625,True,CALL,2026-01-30,ASTS
ASTS260130C00114000,114.0,6.07,4.95,6.0,82.0,289.0,0.903321279296875,True,CALL,2026-01-30,ASTS
ASTS260130C00115000,115.0,5.35,4.9,5.35,2447.0,5248.0,0.9995117236328125,True,CALL,2026-01-30,ASTS
ASTS260130C00116000,116.0,4.6,3.75,4.85,539.0,627.0,0.9321295849609376,True,CALL,2026-01-30,ASTS
ASTS260130C00117000,117.0,4.05,3.65,4.3,1221.0,531.0,0.9997558618164062,True,CALL,2026-01-30,ASTS
ASTS260130C00118000,118.0,3.2,2.92,3.45,1565.0,754.0,0.9184578466796876,False,CALL,2026-01-30,ASTS
ASTS260130C00119000,119.0,2.99,2.59,3.1,421.0,348.0,0.9531254687499999,False,CALL,2026-01-30,ASTS
ASTS260130C00120000,120.0,2.45,2.06,2.41,8012.0,5790.0,0.8955088574218748,False,CALL,2026-01-30,ASTS
ASTS260130C00121000,121.0,2.16,1.8,1.97,469.0,636.0,0.8994150683593749,False,CALL,2026-01-30,ASTS
ASTS260130C00122000,122.0,1.75,1.46,1.71,1762.0,1003.0,0.9047861083984375,False,CALL,2026-01-30,ASTS
ASTS260130C00123000,123.0,1.49,1.22,1.43,631.0,558.0,0.9101571484375,False,CALL,2026-01-30,ASTS
ASTS260130C00124000,124.0,1.28,0.99,1.17,590.0,642.0,0.9072274902343749,False,CALL,2026-01-30,ASTS
ASTS260130C00125000,125.0,0.82,0.82,0.83,2962.0,3204.0,0.885743330078125,False,CALL,2026-01-30,ASTS
ASTS260130C00126000,126.0,1.0,0.73,0.92,660.0,1572.0,0.9589847851562499,False,CALL,2026-01-30,ASTS
ASTS260130C00127000,127.0,0.69,0.52,0.68,208.0,786.0,0.9248054394531251,False,CALL,2026-01-30,ASTS
ASTS260130C00128000,128.0,0.63,0.45,0.67,2794.0,279.0,0.9687503125,False,CALL,2026-01-30,ASTS
ASTS260130C00129000,129.0,0.43,0.36,0.51,75.0,259.0,0.9589847851562499,False,CALL,2026-01-30,ASTS
ASTS260130C00130000,130.0,0.36,0.3,0.43,2367.0,3628.0,0.9726565234375,False,CALL,2026-01-30,ASTS
ASTS260130C00131000,131.0,0.4,0.19,0.38,165.0,245.0,0.9687503125,False,CALL,2026-01-30,ASTS
ASTS260130C00132000,132.0,0.15,0.15,0.33,116.0,292.0,0.98242205078125,False,CALL,2026-01-30,ASTS
ASTS260130C00133000,133.0,0.18,0.09,0.27,172.0,212.0,0.9726565234375,False,CALL,2026-01-30,ASTS
ASTS260130C00134000,134.0,0.13,0.04,0.26,43.0,229.0,0.9863282617187501,False,CALL,2026-01-30,ASTS
ASTS260130C00135000,135.0,0.17,0.09,0.19,302.0,2639.0,1.01953615234375,False,CALL,2026-01-30,ASTS
ASTS260130C00136000,136.0,0.1,0.08,0.26,40.0,163.0,1.1015669921875002,False,CALL,2026-01-30,ASTS
ASTS260130C00137000,137.0,0.12,0.05,0.17,17.0,55.0,1.0625046875000002,False,CALL,2026-01-30,ASTS
ASTS260130C00138000,138.0,0.09,0.04,0.14,3.0,251.0,1.0703171484375003,False,CALL,2026-01-30,ASTS
ASTS260130C00139000,139.0,0.15,0.02,0.17,26.0,67.0,1.12109814453125,False,CALL,2026-01-30,ASTS
ASTS260130C00140000,140.0,0.05,0.04,0.08,349.0,3363.0,1.08203583984375,False,CALL,2026-01-30,ASTS
ASTS260130C00141000,141.0,0.05,0.0,0.08,17.0,251.0,1.0625046875000002,False,CALL,2026-01-30,ASTS
ASTS260130C00142000,142.0,0.05,0.02,0.1,12.0,172.0,1.15625421875,False,CALL,2026-01-30,ASTS
ASTS260130C00143000,143.0,0.03,0.02,0.06,56.0,1526.0,1.1328168359375002,False,CALL,2026-01-30,ASTS
ASTS260130C00144000,144.0,0.02,0.02,0.06,91.0,174.0,1.1640666796875,False,CALL,2026-01-30,ASTS
ASTS260130C00145000,145.0,0.03,0.01,0.05,1085.0,1939.0,1.15625421875,False,CALL,2026-01-30,ASTS
ASTS260130C00146000,146.0,0.02,0.02,0.12,46.0,24.0,1.3320345898437496,False,CALL,2026-01-30,ASTS
ASTS260130C00147000,147.0,0.2,0.0,0.11,29.0,39.0,1.3203158984374999,False,CALL,2026-01-30,ASTS
ASTS260130C00150000,150.0,0.03,0.0,0.09,30.0,1777.0,1.3906280468749999,False,CALL,2026-01-30,ASTS
ASTS260130P00083000,83.0,0.02,0.0,0.09,16.0,74.0,2.0156299609375,False,PUT,2026-01-30,ASTS
ASTS260130P00084000,84.0,0.1,0.02,0.1,59.0,239.0,2.02344244140625,False,PUT,2026-01-30,ASTS
ASTS260130P00085000,85.0,0.02,0.02,0.08,12.0,577.0,1.9140629296875002,False,PUT,2026-01-30,ASTS
ASTS260130P00086000,86.0,0.02,0.01,0.08,100.0,252.0,1.8281258593749998,False,PUT,2026-01-30,ASTS
ASTS260130P00087000,87.0,0.11,0.02,0.06,61.0,238.0,1.7421887890624999,False,PUT,2026-01-30,ASTS
ASTS260130P00088000,88.0,0.04,0.01,0.05,19.0,322.0,1.625001875,False,PUT,2026-01-30,ASTS
ASTS260130P00089000,89.0,0.01,0.0,0.07,16.0,220.0,1.6015644921874999,False,PUT,2026-01-30,ASTS
ASTS260130P00090000,90.0,0.05,0.02,0.05,209.0,1819.0,1.5468772656249998,False,PUT,2026-01-30,ASTS
ASTS260130P00091000,91.0,0.06,0.01,0.1,93.0,156.0,1.5781271093749998,False,PUT,2026-01-30,ASTS
ASTS260130P00092000,92.0,0.05,0.03,0.1,154.0,354.0,1.5546897265624997,False,PUT,2026-01-30,ASTS
ASTS260130P00093000,93.0,0.05,0.03,0.06,68.0,316.0,1.421877890625,False,PUT,2026-01-30,ASTS
ASTS260130P00094000,94.0,0.05,0.01,0.09,40.0,394.0,1.3828155859374998,False,PUT,2026-01-30,ASTS
ASTS260130P00095000,95.0,0.05,0.05,0.1,131.0,1086.0,1.40625296875,False,PUT,2026-01-30,ASTS
ASTS260130P00096000,96.0,0.15,0.05,0.15,166.0,759.0,1.40625296875,False,PUT,2026-01-30,ASTS
ASTS260130P00097000,97.0,0.07,0.04,0.1,158.0,784.0,1.2734411328124997,False,PUT,2026-01-30,ASTS
ASTS260130P00098000,98.0,0.05,0.05,0.2,70.0,866.0,1.3359408203124996,False,PUT,2026-01-30,ASTS
ASTS260130P00099000,99.0,0.28,0.04,0.18,524.0,1038.0,1.2460975195312498,False,PUT,2026-01-30,ASTS
ASTS260130P00100000,100.0,0.08,0.07,0.15,624.0,3842.0,1.185550947265625,False,PUT,2026-01-30,ASTS
ASTS260130P00101000,101.0,0.1,0.0,0.15,48.0,409.0,1.0546922265625,False,PUT,2026-01-30,ASTS
ASTS260130P00102000,102.0,0.1,0.08,0.2,170.0,508.0,1.11328568359375,False,PUT,2026-01-30,ASTS
ASTS260130P00103000,103.0,0.16,0.1,0.22,736.0,756.0,1.0781296093750001,False,PUT,2026-01-30,ASTS
ASTS260130P00104000,104.0,0.18,0.13,0.22,351.0,322.0,1.0332079589843752,False,PUT,2026-01-30,ASTS
ASTS260130P00105000,105.0,0.17,0.15,0.25,471.0,1248.0,0.9960937890625,False,PUT,2026-01-30,ASTS
ASTS260130P00106000,106.0,0.28,0.14,0.33,200.0,873.0,0.9648441015625,False,PUT,2026-01-30,ASTS
ASTS260130P00107000,107.0,0.31,0.23,0.37,181.0,358.0,0.9521489160156249,False,PUT,2026-01-30,ASTS
ASTS260130P00108000,108.0,0.43,0.31,0.43,166.0,1250.0,0.93164130859375,False,PUT,2026-01-30,ASTS
ASTS260130P00109000,109.0,0.43,0.36,0.53,390.0,838.0,0.9062509375,False,PUT,2026-01-30,ASTS
ASTS260130P00110000,110.0,0.7,0.49,0.63,1713.0,1694.0,0.89257919921875,False,PUT,2026-01-30,ASTS
ASTS260130P00111000,111.0,0.78,0.69,0.87,305.0,244.0,0.9150399121093751,False,PUT,2026-01-30,ASTS
ASTS260130P00112000,112.0,0.92,0.91,1.09,541.0,248.0,0.9179695703125,False,PUT,2026-01-30,ASTS
ASTS260130P00113000,113.0,1.16,1.14,1.24,435.0,448.0,0.8955088574218748,False,PUT,2026-01-30,ASTS
ASTS260130P00114000,114.0,1.64,1.44,1.67,443.0,207.0,0.91992267578125,False,PUT,2026-01-30,ASTS
ASTS260130P00115000,115.0,1.92,1.82,2.0,1734.0,2033.0,0.9238288867187501,False,PUT,2026-01-30,ASTS
ASTS260130P00116000,116.0,2.29,2.17,2.45,698.0,403.0,0.9262702685546875,False,PUT,2026-01-30,ASTS
ASTS260130P00117000,117.0,3.1,2.5,2.85,265.0,287.0,0.90429783203125,False,PUT,2026-01-30,ASTS
ASTS260130P00118000,118.0,3.08,3.0,3.65,242.0,242.0,0.9501958105468749,True,PUT,2026-01-30,ASTS
ASTS260130P00119000,119.0,3.79,3.25,3.75,236.0,220.0,0.8452163916015624,True,PUT,2026-01-30,ASTS
ASTS260130P00120000,120.0,4.82,3.7,4.5,452.0,946.0,0.8471694970703124,True,PUT,2026-01-30,ASTS
ASTS260130P00121000,121.0,4.25,4.4,5.0,115.0,241.0,0.8334977587890623,True,PUT,2026-01-30,ASTS
ASTS260130P00122000,122.0,5.7,5.0,5.9,75.0,59.0,0.851563984375,True,PUT,2026-01-30,ASTS
ASTS260130P00123000,123.0,5.65,5.7,6.4,46.0,47.0,0.8037129003906249,True,PUT,2026-01-30,ASTS
ASTS260130P00124000,124.0,6.95,6.5,7.15,15.0,14.0,0.79883013671875,True,PUT,2026-01-30,ASTS
ASTS260130P00125000,125.0,8.4,7.25,8.3,29.0,77.0,0.852540537109375,True,PUT,2026-01-30,ASTS
ASTS260130P00129000,129.0,11.85,10.15,12.7,2.0,11.0,0.9345709667968749,True,PUT,2026-01-30,ASTS
ASTS260130P00130000,130.0,12.68,11.0,13.65,7.0,99.0,0.922852333984375,True,PUT,2026-01-30,ASTS
ASTS260130P00135000,135.0,36.0,15.6,18.15,4.0,3.0,1.685548447265625,True,PUT,2026-01-30,ASTS
ASTS260130P00140000,140.0,26.0,20.55,23.2,1.0,8.0,2.0029346801757812,True,PUT,2026-01-30,ASTS
ASTS260130P00144000,144.0,30.1,24.5,27.3,10.0,10.0,2.275394936523437,True,PUT,2026-01-30,ASTS
ASTS260130P00150000,150.0,33.43,30.5,33.3,,2.0,2.58594103515625,True,PUT,2026-01-30,ASTS
ASTS260206C00083000,83.0,38.5,34.35,36.8,1.0,9.0,1.4560574072265624,True,CALL,2026-02-06,ASTS
ASTS260206C00084000,84.0,31.59,32.8,35.85,1.0,10.0,1.2666052294921872,True,CALL,2026-02-06,ASTS
ASTS260206C00085000,85.0,30.73,32.3,35.05,1.0,75.0,1.4233427270507812,True,CALL,2026-02-06,ASTS
ASTS260206C00086000,86.0,23.75,30.85,34.05,4.0,15.0,1.2685583447265623,True,CALL,2026-02-06,ASTS
ASTS260206C00087000,87.0,29.54,30.1,32.9,1.0,58.0,1.2568396533203123,True,CALL,2026-02-06,ASTS
ASTS260206C00088000,88.0,30.61,29.5,31.7,2.0,16.0,1.2675817871093749,True,CALL,2026-02-06,ASTS
ASTS260206C00089000,89.0,25.33,28.15,31.2,1.0,41.0,1.2607458837890624,True,CALL,2026-02-06,ASTS
ASTS260206C00090000,90.0,30.25,27.55,29.9,17.0,222.0,1.2421912890624998,True,CALL,2026-02-06,ASTS
ASTS260206C00091000,91.0,26.4,26.4,29.2,15.0,135.0,1.2314491552734375,True,CALL,2026-02-06,ASTS
ASTS260206C00092000,92.0,25.95,25.9,28.55,23.0,32.0,1.3344759838867182,True,CALL,2026-02-06,ASTS
ASTS260206C00093000,93.0,29.19,24.5,26.9,6.0,20.0,1.11328568359375,True,CALL,2026-02-06,ASTS
ASTS260206C00094000,94.0,23.32,23.55,26.4,1.0,36.0,1.169926025390625,True,CALL,2026-02-06,ASTS
ASTS260206C00095000,95.0,24.04,23.0,25.1,127.0,548.0,1.15234798828125,True,CALL,2026-02-06,ASTS
ASTS260206C00096000,96.0,24.09,22.25,24.05,3.0,45.0,1.140629296875,True,CALL,2026-02-06,ASTS
ASTS260206C00097000,97.0,25.49,21.3,23.75,9.0,69.0,1.199711032714844,True,CALL,2026-02-06,ASTS
ASTS260206C00098000,98.0,18.5,20.05,22.25,2.0,20.0,1.056645341796875,True,CALL,2026-02-06,ASTS
ASTS260206C00099000,99.0,19.84,19.5,21.4,6.0,95.0,1.0927779736328125,True,CALL,2026-02-06,ASTS
ASTS260206C00100000,100.0,20.0,19.05,20.5,18.0,276.0,1.1259809326171877,True,CALL,2026-02-06,ASTS
ASTS260206C00101000,101.0,21.78,17.9,19.75,16.0,90.0,1.091801416015625,True,CALL,2026-02-06,ASTS
ASTS260206C00102000,102.0,15.75,16.7,19.55,2.0,98.0,1.109379453125,True,CALL,2026-02-06,ASTS
ASTS260206C00103000,103.0,21.35,15.95,18.75,4.0,41.0,1.107426337890625,True,CALL,2026-02-06,ASTS
ASTS260206C00104000,104.0,14.73,15.5,16.65,13.0,24.0,1.0053760668945313,True,CALL,2026-02-06,ASTS
ASTS260206C00105000,105.0,15.05,14.35,17.0,26.0,1041.0,1.0712937060546879,True,CALL,2026-02-06,ASTS
ASTS260206C00106000,106.0,16.15,13.9,16.15,15.0,199.0,1.0835006762695314,True,CALL,2026-02-06,ASTS
ASTS260206C00107000,107.0,13.31,13.3,15.55,3.0,122.0,1.0996138769531252,True,CALL,2026-02-06,ASTS
ASTS260206C00108000,108.0,13.15,13.15,14.0,9.0,85.0,1.0712937060546879,True,CALL,2026-02-06,ASTS
ASTS260206C00109000,109.0,13.98,12.05,13.7,16.0,61.0,1.0649460815429688,True,CALL,2026-02-06,ASTS
ASTS260206C00110000,110.0,12.25,11.65,12.5,393.0,759.0,1.0405321411132817,True,CALL,2026-02-06,ASTS
ASTS260206C00111000,111.0,11.2,11.1,12.3,6.0,88.0,1.0778854699707034,True,CALL,2026-02-06,ASTS
ASTS260206C00112000,112.0,9.25,10.5,11.6,74.0,738.0,1.0703171484375003,True,CALL,2026-02-06,ASTS
ASTS260206C00113000,113.0,9.44,10.05,10.95,5.0,148.0,1.0744675183105472,True,CALL,2026-02-06,ASTS
ASTS260206C00114000,114.0,7.35,9.0,10.15,27.0,281.0,1.0224658251953125,True,CALL,2026-02-06,ASTS
ASTS260206C00115000,115.0,9.25,8.75,9.65,409.0,716.0,1.0459032080078128,True,CALL,2026-02-06,ASTS
ASTS260206C00116000,116.0,10.0,8.1,9.15,367.0,88.0,1.0380907470703127,True,CALL,2026-02-06,ASTS
ASTS260206C00117000,117.0,7.75,7.65,8.6,72.0,110.0,1.0378466076660158,True,CALL,2026-02-06,ASTS
ASTS260206C00118000,118.0,7.84,7.5,8.05,228.0,82.0,1.0551805053710939,False,CALL,2026-02-06,ASTS
ASTS260206C00119000,119.0,7.34,7.05,7.75,178.0,61.0,1.0661667785644533,False,CALL,2026-02-06,ASTS
ASTS260206C00120000,120.0,6.65,6.45,6.95,958.0,3127.0,1.0305224255371095,False,CALL,2026-02-06,ASTS
ASTS260206C00121000,121.0,6.85,5.95,6.55,269.0,684.0,1.0258837768554687,False,CALL,2026-02-06,ASTS
ASTS260206C00122000,122.0,6.8,5.8,6.45,405.0,133.0,1.062748826904297,False,CALL,2026-02-06,ASTS
ASTS260206C00123000,123.0,6.1,5.35,6.05,533.0,92.0,1.0564012023925784,False,CALL,2026-02-06,ASTS
ASTS260206C00124000,124.0,5.35,4.7,5.65,63.0,105.0,1.033452098388672,False,CALL,2026-02-06,ASTS
ASTS260206C00125000,125.0,5.07,4.7,5.35,404.0,1053.0,1.0600632934570315,False,CALL,2026-02-06,ASTS
ASTS260206C00126000,126.0,4.5,4.4,5.1,91.0,165.0,1.067143336181641,False,CALL,2026-02-06,ASTS
ASTS260206C00127000,127.0,5.05,4.1,4.65,90.0,45.0,1.0576218994140625,False,CALL,2026-02-06,ASTS
ASTS260206C00128000,128.0,3.95,3.75,4.4,66.0,62.0,1.0561570629882815,False,CALL,2026-02-06,ASTS
ASTS260206C00130000,130.0,3.45,3.25,3.85,903.0,2521.0,1.0576218994140625,False,CALL,2026-02-06,ASTS
ASTS260206C00131000,131.0,2.72,3.0,3.6,16.0,13.0,1.0568894812011718,False,CALL,2026-02-06,ASTS
ASTS260206C00132000,132.0,3.0,2.97,3.35,534.0,58.0,1.0712937060546879,False,CALL,2026-02-06,ASTS
ASTS260206C00133000,133.0,2.41,2.69,3.15,6.0,55.0,1.0678757543945316,False,CALL,2026-02-06,ASTS
ASTS260206C00134000,134.0,3.12,2.49,2.74,37.0,12.0,1.051030135498047,False,CALL,2026-02-06,ASTS
ASTS260206C00135000,135.0,2.5,2.3,2.5,296.0,2469.0,1.0466356262207035,False,CALL,2026-02-06,ASTS
ASTS260206C00136000,136.0,2.62,2.11,2.39,28.0,35.0,1.0517625537109376,False,CALL,2026-02-06,ASTS
ASTS260206C00137000,137.0,1.57,1.96,2.27,11.0,27.0,1.0576218994140625,False,CALL,2026-02-06,ASTS
ASTS260206C00139000,139.0,2.11,1.68,2.01,52.0,18.0,1.0649460815429688,False,CALL,2026-02-06,ASTS
ASTS260206C00140000,140.0,1.71,1.55,1.78,758.0,4760.0,1.0561570629882815,False,CALL,2026-02-06,ASTS
ASTS260206C00141000,141.0,1.48,1.43,1.76,12.0,28.0,1.0688523120117188,False,CALL,2026-02-06,ASTS
ASTS260206C00143000,143.0,1.13,1.24,1.53,77.0,15.0,1.0747116577148441,False,CALL,2026-02-06,ASTS
ASTS260206C00145000,145.0,1.14,1.09,1.34,55.0,926.0,1.083988955078125,False,CALL,2026-02-06,ASTS
ASTS260206C00146000,146.0,0.69,0.97,1.26,2.0,2.0,1.08203583984375,False,CALL,2026-02-06,ASTS
ASTS260206C00147000,147.0,1.06,0.92,1.12,107.0,142.0,1.0800827246093752,False,CALL,2026-02-06,ASTS
ASTS260206C00150000,150.0,0.8,0.7,0.91,338.0,882.0,1.0830123974609376,False,CALL,2026-02-06,ASTS
ASTS260206P00083000,83.0,0.29,0.22,0.33,36.0,19.0,1.2441444042968748,False,PUT,2026-02-06,ASTS
ASTS260206P00084000,84.0,0.35,0.25,0.45,3.0,77.0,1.2636755566406248,False,PUT,2026-02-06,ASTS
ASTS260206P00085000,85.0,0.3,0.27,0.39,30.0,223.0,1.2128945605468748,False,PUT,2026-02-06,ASTS
ASTS260206P00086000,86.0,0.36,0.26,0.42,5.0,186.0,1.18359783203125,False,PUT,2026-02-06,ASTS
ASTS260206P00087000,87.0,0.45,0.33,0.5,1.0,414.0,1.193363408203125,False,PUT,2026-02-06,ASTS
ASTS260206P00088000,88.0,0.4,0.37,0.54,5.0,268.0,1.1796916015624999,False,PUT,2026-02-06,ASTS
ASTS260206P00089000,89.0,0.48,0.41,0.69,11.0,189.0,1.1904337353515624,False,PUT,2026-02-06,ASTS
ASTS260206P00090000,90.0,0.57,0.44,0.65,113.0,498.0,1.1494183154296875,False,PUT,2026-02-06,ASTS
ASTS260206P00091000,91.0,0.6,0.49,0.75,32.0,76.0,1.1455120849609375,False,PUT,2026-02-06,ASTS
ASTS260206P00092000,92.0,0.68,0.55,0.85,8.0,253.0,1.140629296875,False,PUT,2026-02-06,ASTS
ASTS260206P00093000,93.0,0.89,0.57,0.9,3.0,75.0,1.115238798828125,False,PUT,2026-02-06,ASTS
ASTS260206P00094000,94.0,0.8,0.71,0.91,66.0,252.0,1.1035201074218752,False,PUT,2026-02-06,ASTS
ASTS260206P00095000,95.0,0.89,0.75,0.96,116.0,366.0,1.0795944458007813,False,PUT,2026-02-06,ASTS
ASTS260206P00096000,96.0,0.99,0.88,1.18,47.0,75.0,1.0957076464843751,False,PUT,2026-02-06,ASTS
ASTS260206P00097000,97.0,1.3,1.01,1.22,30.0,193.0,1.0800827246093752,False,PUT,2026-02-06,ASTS
ASTS260206P00098000,98.0,1.15,1.07,1.2,57.0,64.0,1.0444383715820313,False,PUT,2026-02-06,ASTS
ASTS260206P00099000,99.0,1.31,1.14,1.52,43.0,129.0,1.0546922265625,False,PUT,2026-02-06,ASTS
ASTS260206P00100000,100.0,1.5,1.45,1.65,557.0,1907.0,1.0664109179687502,False,PUT,2026-02-06,ASTS
ASTS260206P00101000,101.0,1.71,1.54,1.84,102.0,84.0,1.0546922265625,False,PUT,2026-02-06,ASTS
ASTS260206P00102000,102.0,1.94,1.71,2.05,45.0,67.0,1.0517625537109376,False,PUT,2026-02-06,ASTS
ASTS260206P00103000,103.0,2.03,1.86,2.21,98.0,282.0,1.0380907470703127,False,PUT,2026-02-06,ASTS
ASTS260206P00104000,104.0,2.4,2.07,2.47,10.0,85.0,1.0380907470703127,False,PUT,2026-02-06,ASTS
ASTS260206P00105000,105.0,2.49,2.36,2.63,206.0,614.0,1.0327196801757816,False,PUT,2026-02-06,ASTS
ASTS260206P00106000,106.0,2.81,2.61,2.95,13.0,148.0,1.0351610742187503,False,PUT,2026-02-06,ASTS
ASTS260206P00107000,107.0,4.11,2.92,3.4,32.0,248.0,1.0500535778808593,False,PUT,2026-02-06,ASTS
ASTS260206P00108000,108.0,3.4,3.05,3.65,16.0,29.0,1.0295458679199219,False,PUT,2026-02-06,ASTS
ASTS260206P00109000,109.0,3.58,3.35,4.05,7.0,61.0,1.0324755407714847,False,PUT,2026-02-06,ASTS
ASTS260206P00110000,110.0,4.2,3.75,4.25,534.0,781.0,1.0244189404296877,False,PUT,2026-02-06,ASTS
ASTS260206P00111000,111.0,5.5,4.05,4.75,12.0,42.0,1.0285693103027347,False,PUT,2026-02-06,ASTS
ASTS260206P00112000,112.0,4.35,4.45,5.05,18.0,55.0,1.0219775463867187,False,PUT,2026-02-06,ASTS
ASTS260206P00113000,113.0,5.16,4.85,5.35,16.0,47.0,1.0127002490234376,False,PUT,2026-02-06,ASTS
ASTS260206P00114000,114.0,5.65,5.35,5.95,181.0,119.0,1.0290575891113285,False,PUT,2026-02-06,ASTS
ASTS260206P00115000,115.0,6.05,5.65,6.25,311.0,307.0,1.0068409033203123,False,PUT,2026-02-06,ASTS
ASTS260206P00116000,116.0,6.5,6.2,6.95,61.0,45.0,1.0271044738769533,False,PUT,2026-02-06,ASTS
ASTS260206P00117000,117.0,7.0,6.55,7.4,75.0,35.0,1.0134326672363283,False,PUT,2026-02-06,ASTS
ASTS260206P00118000,118.0,7.35,7.3,7.95,34.0,95.0,1.0307665649414064,True,PUT,2026-02-06,ASTS
ASTS260206P00119000,119.0,8.04,7.6,8.75,69.0,51.0,1.031743122558594,True,PUT,2026-02-06,ASTS
ASTS260206P00120000,120.0,7.71,8.55,9.3,239.0,289.0,1.0568894812011718,True,PUT,2026-02-06,ASTS
ASTS260206P00121000,121.0,8.9,8.6,9.55,21.0,77.0,0.99804689453125,True,PUT,2026-02-06,ASTS
ASTS260206P00130000,130.0,16.57,14.85,15.85,24.0,65.0,1.0222216857910156,True,PUT,2026-02-06,ASTS
ASTS260206P00135000,135.0,17.5,18.15,20.6,1.0,4.0,1.0371141894531253,True,PUT,2026-02-06,ASTS
ASTS260206P00137000,137.0,24.85,20.1,22.5,30.0,30.0,1.0869186279296876,True,PUT,2026-02-06,ASTS
ASTS260206P00140000,140.0,27.0,22.0,25.2,1.0,1.0,1.035649353027344,True,PUT,2026-02-06,ASTS
ASTS260206P00150000,150.0,42.41,31.15,33.75,10.0,2.0,0.937500625,True,PUT,2026-02-06,ASTS
ASTS260213C00083000,83.0,26.22,34.3,37.45,7.0,16.0,1.1987344750976563,True,CALL,2026-02-13,ASTS
ASTS260213C00084000,84.0,23.1,33.9,35.95,1.0,14.0,1.1816447167968749,True,CALL,2026-02-13,ASTS
ASTS260213C00085000,85.0,39.17,32.7,35.6,2.0,31.0,1.214359396972656,True,CALL,2026-02-13,ASTS
ASTS260213C00086000,86.0,24.02,31.5,34.65,1.0,30.0,1.16016044921875,True,CALL,2026-02-13,ASTS
ASTS260213C00087000,87.0,21.48,30.55,33.7,1.0,56.0,1.1401410180664064,True,CALL,2026-02-13,ASTS
ASTS260213C00088000,88.0,33.32,29.95,32.3,1.0,104.0,1.107426337890625,True,CALL,2026-02-13,ASTS
ASTS260213C00089000,89.0,19.0,29.25,31.4,1.0,3.0,1.1240278173828124,True,CALL,2026-02-13,ASTS
ASTS260213C00090000,90.0,27.5,28.7,30.95,1.0,95.0,1.201175869140625,True,CALL,2026-02-13,ASTS
ASTS260213C00091000,91.0,17.3,27.2,30.05,2.0,6.0,1.1235395385742186,True,CALL,2026-02-13,ASTS
ASTS260213C00092000,92.0,18.75,26.7,29.0,20.0,7.0,1.1352582299804688,True,CALL,2026-02-13,ASTS
ASTS260213C00093000,93.0,31.25,25.8,27.75,11.0,82.0,1.0849655126953124,True,CALL,2026-02-13,ASTS
ASTS260213C00094000,94.0,17.33,25.05,26.95,4.0,15.0,1.0932662524414063,True,CALL,2026-02-13,ASTS
ASTS260213C00095000,95.0,28.5,24.1,26.1,1.0,92.0,1.0759323547363282,True,CALL,2026-02-13,ASTS
ASTS260213C00096000,96.0,24.6,23.6,25.85,1.0,92.0,1.1464886425781249,True,CALL,2026-02-13,ASTS
ASTS260213C00097000,97.0,22.02,22.35,24.8,2.0,63.0,1.0844772338867186,True,CALL,2026-02-13,ASTS
ASTS260213C00098000,98.0,20.95,21.6,23.55,2.0,63.0,1.0473680444335938,True,CALL,2026-02-13,ASTS
ASTS260213C00099000,99.0,20.58,20.65,22.9,1.0,15.0,1.0417528381347658,True,CALL,2026-02-13,ASTS
ASTS260213C00100000,100.0,21.3,20.45,22.15,7.0,345.0,1.081791700439453,True,CALL,2026-02-13,ASTS
ASTS260213C00101000,101.0,13.65,19.7,21.4,13.0,32.0,1.0781296093750001,True,CALL,2026-02-13,ASTS
ASTS260213C00102000,102.0,16.95,18.1,21.3,1.0,9.0,1.059086735839844,True,CALL,2026-02-13,ASTS
ASTS260213C00103000,103.0,16.68,17.5,20.1,2.0,40.0,1.0324755407714847,True,CALL,2026-02-13,ASTS
ASTS260213C00104000,104.0,16.2,17.65,19.2,1.0,22.0,1.0730026818847658,True,CALL,2026-02-13,ASTS
ASTS260213C00105000,105.0,18.33,16.6,18.95,3.0,298.0,1.074955797119141,True,CALL,2026-02-13,ASTS
ASTS260213C00106000,106.0,15.51,16.25,17.75,4.0,368.0,1.0598191540527346,True,CALL,2026-02-13,ASTS
ASTS260213C00107000,107.0,20.0,15.3,17.45,22.0,24.0,1.0610398510742187,True,CALL,2026-02-13,ASTS
ASTS260213C00109000,109.0,13.35,14.75,16.0,8.0,21.0,1.0866744885253907,True,CALL,2026-02-13,ASTS
ASTS260213C00110000,110.0,14.56,14.1,15.0,72.0,430.0,1.0598191540527346,True,CALL,2026-02-13,ASTS
ASTS260213C00111000,111.0,12.42,13.5,14.7,5.0,246.0,1.0732468212890627,True,CALL,2026-02-13,ASTS
ASTS260213C00112000,112.0,11.15,12.95,14.1,1.0,168.0,1.0712937060546879,True,CALL,2026-02-13,ASTS
ASTS260213C00113000,113.0,13.95,12.0,13.45,1.0,17.0,1.0434618139648442,True,CALL,2026-02-13,ASTS
ASTS260213C00114000,114.0,10.0,11.9,12.95,4.0,11.0,1.0673874755859378,True,CALL,2026-02-13,ASTS
ASTS260213C00115000,115.0,13.0,11.4,12.5,24.0,252.0,1.070805427246094,True,CALL,2026-02-13,ASTS
ASTS260213C00116000,116.0,12.25,10.85,11.8,15.0,67.0,1.0572556903076171,True,CALL,2026-02-13,ASTS
ASTS260213C00117000,117.0,10.5,10.4,11.5,8.0,14.0,1.0678757543945316,True,CALL,2026-02-13,ASTS
ASTS260213C00118000,118.0,10.65,10.0,11.2,14.0,31.0,1.0793503063964844,False,CALL,2026-02-13,ASTS
ASTS260213C00119000,119.0,9.89,9.55,10.55,9.0,24.0,1.0688523120117188,False,CALL,2026-02-13,ASTS
ASTS260213C00120000,120.0,9.7,9.2,10.15,159.0,343.0,1.0747116577148441,False,CALL,2026-02-13,ASTS
ASTS260213C00125000,125.0,7.95,7.3,8.15,43.0,414.0,1.0747116577148441,False,CALL,2026-02-13,ASTS
ASTS260213C00130000,130.0,6.0,5.75,6.5,82.0,296.0,1.0769089123535158,False,CALL,2026-02-13,ASTS
ASTS260213C00135000,135.0,3.8,4.4,5.2,44.0,141.0,1.0771530517578127,False,CALL,2026-02-13,ASTS
ASTS260213C00140000,140.0,3.7,3.5,3.8,102.0,279.0,1.0673874755859378,False,CALL,2026-02-13,ASTS
ASTS260213C00145000,145.0,2.9,2.69,2.97,43.0,41.0,1.0712937060546879,False,CALL,2026-02-13,ASTS
ASTS260213C00150000,150.0,2.25,2.08,2.41,1082.0,487.0,1.0849655126953124,False,CALL,2026-02-13,ASTS
ASTS260213P00083000,83.0,0.8,0.61,0.88,2.0,107.0,1.1445355273437499,False,PUT,2026-02-13,ASTS
ASTS260213P00084000,84.0,0.87,0.65,0.95,1.0,100.0,1.1318402783203125,False,PUT,2026-02-13,ASTS
ASTS260213P00085000,85.0,0.84,0.76,0.96,10.0,323.0,1.1196333081054686,False,PUT,2026-02-13,ASTS
ASTS260213P00086000,86.0,1.01,0.81,1.08,4.0,42.0,1.1137739624023437,False,PUT,2026-02-13,ASTS
ASTS260213P00087000,87.0,1.15,0.83,1.13,9.0,34.0,1.091801416015625,False,PUT,2026-02-13,ASTS
ASTS260213P00088000,88.0,1.35,0.94,1.29,4.0,72.0,1.0966842041015625,False,PUT,2026-02-13,ASTS
ASTS260213P00089000,89.0,1.15,1.01,1.39,104.0,126.0,1.0859420703125,False,PUT,2026-02-13,ASTS
ASTS260213P00090000,90.0,1.21,1.2,1.41,33.0,363.0,1.0786178881835937,False,PUT,2026-02-13,ASTS
ASTS260213P00091000,91.0,1.66,1.25,1.67,10.0,61.0,1.0810592822265626,False,PUT,2026-02-13,ASTS
ASTS260213P00092000,92.0,1.44,1.42,1.78,8.0,103.0,1.0776413305664065,False,PUT,2026-02-13,ASTS
ASTS260213P00093000,93.0,2.02,1.56,1.91,3.0,101.0,1.0712937060546879,False,PUT,2026-02-13,ASTS
ASTS260213P00094000,94.0,1.72,1.65,2.09,1.0,79.0,1.062992966308594,False,PUT,2026-02-13,ASTS
ASTS260213P00095000,95.0,2.14,1.84,2.22,36.0,263.0,1.0578660388183594,False,PUT,2026-02-13,ASTS
ASTS260213P00096000,96.0,2.66,1.98,2.4,4.0,30.0,1.051030135498047,False,PUT,2026-02-13,ASTS
ASTS260213P00097000,97.0,2.62,2.16,2.59,2.0,78.0,1.0466356262207035,False,PUT,2026-02-13,ASTS
ASTS260213P00098000,98.0,2.79,2.38,2.71,2.0,57.0,1.0380907470703127,False,PUT,2026-02-13,ASTS
ASTS260213P00099000,99.0,2.6,2.63,3.05,7.0,67.0,1.0471239050292969,False,PUT,2026-02-13,ASTS
ASTS260213P00100000,100.0,3.07,2.79,3.3,161.0,466.0,1.0402880017089848,False,PUT,2026-02-13,ASTS
ASTS260213P00101000,101.0,3.21,2.99,3.65,6.0,32.0,1.041508698730469,False,PUT,2026-02-13,ASTS
ASTS260213P00102000,102.0,3.55,3.35,3.7,37.0,48.0,1.0312548437500002,False,PUT,2026-02-13,ASTS
ASTS260213P00103000,103.0,4.8,3.5,4.3,3.0,21.0,1.0419969775390627,False,PUT,2026-02-13,ASTS
ASTS260213P00104000,104.0,4.22,3.75,4.6,80.0,19.0,1.037358328857422,False,PUT,2026-02-13,ASTS
ASTS260213P00105000,105.0,5.26,4.2,4.75,39.0,111.0,1.0339403771972657,False,PUT,2026-02-13,ASTS
ASTS260213P00106000,106.0,5.65,4.4,5.3,19.0,50.0,1.0380907470703127,False,PUT,2026-02-13,ASTS
ASTS260213P00107000,107.0,5.18,4.7,5.65,8.0,4.0,1.0339403771972657,False,PUT,2026-02-13,ASTS
ASTS260213P00108000,108.0,6.82,5.1,6.05,5.0,47.0,1.0371141894531253,False,PUT,2026-02-13,ASTS
ASTS260213P00109000,109.0,5.9,5.55,6.35,6.0,79.0,1.0351610742187503,False,PUT,2026-02-13,ASTS
ASTS260213P00110000,110.0,6.2,5.9,6.65,201.0,731.0,1.0261279162597656,False,PUT,2026-02-13,ASTS
ASTS260213P00111000,111.0,6.64,6.35,7.15,21.0,30.0,1.031987261962891,False,PUT,2026-02-13,ASTS
ASTS260213P00112000,112.0,7.13,6.75,7.55,82.0,39.0,1.027592752685547,False,PUT,2026-02-13,ASTS
ASTS260213P00113000,113.0,7.15,7.25,8.05,54.0,9.0,1.0324755407714847,False,PUT,2026-02-13,ASTS
ASTS260213P00114000,114.0,8.31,7.5,8.35,79.0,49.0,1.01172369140625,False,PUT,2026-02-13,ASTS
ASTS260213P00115000,115.0,8.5,8.05,8.95,35.0,95.0,1.0210009887695315,False,PUT,2026-02-13,ASTS
ASTS260213P00116000,116.0,9.33,8.55,9.55,13.0,5.0,1.0258837768554687,False,PUT,2026-02-13,ASTS
ASTS260213P00117000,117.0,9.87,9.05,10.1,16.0,28.0,1.0263720556640625,False,PUT,2026-02-13,ASTS
ASTS260213P00118000,118.0,9.67,9.6,10.7,6.0,7.0,1.0305224255371095,True,PUT,2026-02-13,ASTS
ASTS260213P00119000,119.0,10.2,10.05,11.15,27.0,16.0,1.0202685705566408,True,PUT,2026-02-13,ASTS
ASTS260213P00120000,120.0,11.15,10.7,11.7,30.0,34.0,1.023686522216797,True,PUT,2026-02-13,ASTS
ASTS260213P00125000,125.0,14.0,13.75,14.95,21.0,28.0,1.0333300286865237,True,PUT,2026-02-13,ASTS
ASTS260213P00130000,130.0,19.6,16.9,18.3,11.0,20.0,1.0173388977050783,True,PUT,2026-02-13,ASTS
ASTS260213P00135000,135.0,18.5,20.7,21.9,1.0,2.0,1.0161182006835938,True,PUT,2026-02-13,ASTS
ASTS260213P00140000,140.0,27.3,24.55,25.8,2.0,14.0,1.0029346728515625,True,PUT,2026-02-13,ASTS
ASTS260220C00085000,85.0,31.9,33.65,35.45,15.0,2182.0,1.0991255981445316,True,CALL,2026-02-20,ASTS
ASTS260220C00087000,87.0,33.1,31.8,34.6,2.0,8.0,1.1589397521972655,True,CALL,2026-02-20,ASTS
ASTS260220C00090000,90.0,27.96,29.35,31.45,7.0,3222.0,1.0971724829101563,True,CALL,2026-02-20,ASTS
ASTS260220C00095000,95.0,24.7,25.35,27.15,2.0,2571.0,1.059086735839844,True,CALL,2026-02-20,ASTS
ASTS260220C00096000,96.0,15.25,24.4,26.35,33.0,33.0,1.0424852563476565,True,CALL,2026-02-20,ASTS
ASTS260220C00100000,100.0,22.0,21.45,22.95,18.0,4914.0,1.0080616003417968,True,CALL,2026-02-20,ASTS
ASTS260220C00101000,101.0,20.27,20.15,23.3,3.0,14.0,1.0322314013671878,True,CALL,2026-02-20,ASTS
ASTS260220C00102000,102.0,22.85,20.05,22.2,1.0,317.0,1.0402880017089848,True,CALL,2026-02-20,ASTS
ASTS260220C00103000,103.0,19.85,19.3,21.7,6.0,31.0,1.043705953369141,True,CALL,2026-02-20,ASTS
ASTS260220C00104000,104.0,19.35,18.55,20.8,10.0,18.0,1.0251513586425784,True,CALL,2026-02-20,ASTS
ASTS260220C00105000,105.0,19.35,18.2,19.85,33.0,1079.0,1.0234423828125,True,CALL,2026-02-20,ASTS
ASTS260220C00106000,106.0,20.41,17.55,19.4,1.0,172.0,1.0305224255371095,True,CALL,2026-02-20,ASTS
ASTS260220C00107000,107.0,16.04,17.35,18.55,2.0,40.0,1.0380907470703127,True,CALL,2026-02-20,ASTS
ASTS260220C00108000,108.0,15.3,16.7,17.65,2.0,75.0,1.0205127099609377,True,CALL,2026-02-20,ASTS
ASTS260220C00109000,109.0,17.35,16.4,17.5,21.0,54.0,1.0534715295410155,True,CALL,2026-02-20,ASTS
ASTS260220C00110000,110.0,16.3,15.25,16.5,127.0,2528.0,1.00623055480957,True,CALL,2026-02-20,ASTS
ASTS260220C00111000,111.0,16.05,15.3,16.75,1.0,40.0,1.0698288696289064,True,CALL,2026-02-20,ASTS
ASTS260220C00112000,112.0,15.5,14.75,15.55,3.0,72.0,1.0389452349853519,True,CALL,2026-02-20,ASTS
ASTS260220C00113000,113.0,13.4,14.1,15.1,5.0,58.0,1.0363817712402348,True,CALL,2026-02-20,ASTS
ASTS260220C00114000,114.0,13.95,13.4,14.6,5.0,57.0,1.0283251708984378,True,CALL,2026-02-20,ASTS
ASTS260220C00115000,115.0,13.5,12.9,14.0,181.0,1183.0,1.0234423828125,True,CALL,2026-02-20,ASTS
ASTS260220C00116000,116.0,13.16,12.55,13.5,32.0,227.0,1.0283251708984378,True,CALL,2026-02-20,ASTS
ASTS260220C00117000,117.0,10.66,12.15,13.1,10.0,45.0,1.0341845166015626,True,CALL,2026-02-20,ASTS
ASTS260220C00118000,118.0,13.2,11.3,12.55,19.0,289.0,1.0131885278320314,False,CALL,2026-02-20,ASTS
ASTS260220C00119000,119.0,12.5,11.05,12.2,1.0,23.0,1.0253954980468751,False,CALL,2026-02-20,ASTS
ASTS260220C00120000,120.0,11.1,10.95,11.55,704.0,2782.0,1.0299120770263672,False,CALL,2026-02-20,ASTS
ASTS260220C00121000,121.0,11.07,10.35,11.3,13.0,61.0,1.0291796588134767,False,CALL,2026-02-20,ASTS
ASTS260220C00122000,122.0,10.65,9.95,10.85,12.0,90.0,1.0273486132812502,False,CALL,2026-02-20,ASTS
ASTS260220C00123000,123.0,10.6,9.55,10.6,6.0,53.0,1.0329638195800785,False,CALL,2026-02-20,ASTS
ASTS260220C00124000,124.0,10.05,9.2,10.1,4.0,55.0,1.0291796588134767,False,CALL,2026-02-20,ASTS
ASTS260220C00125000,125.0,9.25,8.9,9.8,214.0,1481.0,1.0349169348144533,False,CALL,2026-02-20,ASTS
ASTS260220C00126000,126.0,9.2,8.65,9.4,2.0,78.0,1.0376024682617189,False,CALL,2026-02-20,ASTS
ASTS260220C00130000,130.0,7.5,7.35,8.15,369.0,2338.0,1.0411424896240238,False,CALL,2026-02-20,ASTS
ASTS260220C00135000,135.0,6.65,6.05,6.75,81.0,2377.0,1.0470018353271486,False,CALL,2026-02-20,ASTS
ASTS260220C00140000,140.0,5.09,4.95,5.4,225.0,2657.0,1.0434618139648442,False,CALL,2026-02-20,ASTS
ASTS260220C00145000,145.0,4.45,3.85,4.55,31.0,501.0,1.0446825109863282,False,CALL,2026-02-20,ASTS
ASTS260220C00150000,150.0,3.46,3.15,3.65,1153.0,7302.0,1.0463914868164066,False,CALL,2026-02-20,ASTS
ASTS260220P00083000,83.0,1.38,1.0,1.37,1.0,6.0,1.0712937060546879,False,PUT,2026-02-20,ASTS
ASTS260220P00084000,84.0,1.41,1.1,1.48,1.0,16.0,1.066899196777344,False,PUT,2026-02-20,ASTS
ASTS260220P00085000,85.0,1.44,1.29,1.52,143.0,4412.0,1.062992966308594,False,PUT,2026-02-20,ASTS
ASTS260220P00086000,86.0,1.68,1.34,1.65,1.0,15.0,1.0522508325195314,False,PUT,2026-02-20,ASTS
ASTS260220P00087000,87.0,1.93,1.46,1.84,1.0,20.0,1.0537156689453124,False,PUT,2026-02-20,ASTS
ASTS260220P00088000,88.0,1.48,1.6,1.97,3.0,23.0,1.049321159667969,False,PUT,2026-02-20,ASTS
ASTS260220P00089000,89.0,2.04,1.74,2.11,7.0,11.0,1.0441942321777344,False,PUT,2026-02-20,ASTS
ASTS260220P00090000,90.0,2.05,1.9,2.15,113.0,3015.0,1.0312548437500002,False,PUT,2026-02-20,ASTS
ASTS260220P00091000,91.0,2.47,2.06,2.41,10.0,33.0,1.0351610742187503,False,PUT,2026-02-20,ASTS
ASTS260220P00092000,92.0,2.4,2.21,2.61,1.0,1020.0,1.0314989831542971,False,PUT,2026-02-20,ASTS
ASTS260220P00093000,93.0,2.41,2.42,2.79,12.0,6.0,1.0295458679199219,False,PUT,2026-02-20,ASTS
ASTS260220P00094000,94.0,3.11,2.6,3.05,1.0,18.0,1.0293017285156252,False,PUT,2026-02-20,ASTS
ASTS260220P00095000,95.0,3.1,2.62,3.3,43.0,4737.0,1.0161182006835938,False,PUT,2026-02-20,ASTS
ASTS260220P00096000,96.0,2.93,3.0,3.55,18.0,80.0,1.0256396374511718,False,PUT,2026-02-20,ASTS
ASTS260220P00097000,97.0,3.46,3.2,3.85,3.0,20.0,1.0246630798339846,False,PUT,2026-02-20,ASTS
ASTS260220P00098000,98.0,3.55,3.4,4.0,13.0,93.0,1.0131885278320314,False,PUT,2026-02-20,ASTS
ASTS260220P00099000,99.0,4.32,3.65,4.35,5.0,483.0,1.015385782470703,False,PUT,2026-02-20,ASTS
ASTS260220P00100000,100.0,4.3,4.05,4.5,291.0,5159.0,1.0131885278320314,False,PUT,2026-02-20,ASTS
ASTS260220P00101000,101.0,4.3,4.25,4.9,11.0,57.0,1.0124561096191407,False,PUT,2026-02-20,ASTS
ASTS260220P00102000,102.0,4.85,4.5,5.25,6.0,74.0,1.0102588549804685,False,PUT,2026-02-20,ASTS
ASTS260220P00103000,103.0,4.95,4.85,5.55,7.0,24.0,1.009160227661133,False,PUT,2026-02-20,ASTS
ASTS260220P00104000,104.0,6.1,5.15,5.9,3.0,184.0,1.0068409033203123,False,PUT,2026-02-20,ASTS
ASTS260220P00105000,105.0,5.87,5.55,6.2,159.0,465.0,1.0056202062988282,False,PUT,2026-02-20,ASTS
ASTS260220P00106000,106.0,6.3,5.95,6.6,1.0,80.0,1.0079395306396484,False,PUT,2026-02-20,ASTS
ASTS260220P00107000,107.0,7.2,6.3,7.0,1.0,23.0,1.0063526245117185,False,PUT,2026-02-20,ASTS
ASTS260220P00108000,108.0,7.5,6.65,7.4,2.0,49.0,1.003667091064453,False,PUT,2026-02-20,ASTS
ASTS260220P00109000,109.0,6.57,7.1,7.75,5.0,39.0,1.001958115234375,False,PUT,2026-02-20,ASTS
ASTS260220P00110000,110.0,7.5,7.5,8.05,168.0,1881.0,0.9943848217773439,False,PUT,2026-02-20,ASTS
ASTS260220P00111000,111.0,9.12,7.9,8.6,4.0,23.0,0.9970703417968749,False,PUT,2026-02-20,ASTS
ASTS260220P00112000,112.0,9.62,8.35,9.1,7.0,55.0,0.9984131018066407,False,PUT,2026-02-20,ASTS
ASTS260220P00113000,113.0,10.02,8.8,9.55,1.0,12.0,0.9962158581542968,False,PUT,2026-02-20,ASTS
ASTS260220P00114000,114.0,9.69,9.3,10.1,3.0,23.0,0.9995117236328125,False,PUT,2026-02-20,ASTS
ASTS260220P00115000,115.0,10.28,9.9,10.6,50.0,484.0,1.0035450213623045,False,PUT,2026-02-20,ASTS
ASTS260220P00116000,116.0,11.4,10.3,11.25,10.0,30.0,1.0042774395751952,False,PUT,2026-02-20,ASTS
ASTS260220P00117000,117.0,11.0,10.9,11.5,3.0,17.0,0.995239305419922,False,PUT,2026-02-20,ASTS
ASTS260220P00118000,118.0,9.83,11.3,11.85,16.0,85.0,0.9809572216796876,True,PUT,2026-02-20,ASTS
ASTS260220P00119000,119.0,12.55,11.85,12.85,82.0,64.0,0.9995117236328125,True,PUT,2026-02-20,ASTS
ASTS260220P00120000,120.0,12.8,12.45,13.3,114.0,451.0,0.9956055126953125,True,PUT,2026-02-20,ASTS
ASTS260220P00121000,121.0,13.7,13.05,13.9,13.0,33.0,0.9970703417968749,True,PUT,2026-02-20,ASTS
ASTS260220P00122000,122.0,12.88,13.55,14.6,2.0,2.0,0.9974365490722656,True,PUT,2026-02-20,ASTS
ASTS260220P00123000,123.0,16.5,14.3,15.2,1.0,163.0,1.003056742553711,True,PUT,2026-02-20,ASTS
ASTS260220P00125000,125.0,15.05,15.35,16.25,10.0,127.0,0.9857179162597658,True,PUT,2026-02-20,ASTS
ASTS260220P00126000,126.0,18.45,16.0,16.95,5.0,4.0,0.9882813671875,True,PUT,2026-02-20,ASTS
ASTS260220P00130000,130.0,19.0,18.8,19.75,12.0,1353.0,0.9970703417968749,True,PUT,2026-02-20,ASTS
ASTS260220P00135000,135.0,25.14,22.55,23.65,10.0,71.0,1.016972688598633,True,PUT,2026-02-20,ASTS
ASTS260220P00140000,140.0,24.3,26.05,27.35,1.0,6.0,0.9941406835937501,True,PUT,2026-02-20,ASTS
ASTS260220P00145000,145.0,27.9,29.65,31.35,2.0,35.0,0.9663089306640625,True,PUT,2026-02-20,ASTS
ASTS260220P00150000,150.0,36.8,33.65,36.15,1.0,122.0,0.9841310180664062,True,PUT,2026-02-20,ASTS
ASTS260227C00083000,83.0,38.0,36.5,38.7,1.0,2.0,1.1901895959472655,True,CALL,2026-02-27,ASTS
ASTS260227C00084000,84.0,26.23,34.85,37.95,10.0,8.0,1.1301313024902346,True,CALL,2026-02-27,ASTS
ASTS260227C00085000,85.0,27.16,33.95,37.0,3.0,8.0,1.112797404785156,True,CALL,2026-02-27,ASTS
ASTS260227C00086000,86.0,34.0,33.2,36.25,1.0,3.0,1.1201215869140624,True,CALL,2026-02-27,ASTS
ASTS260227C00087000,87.0,25.05,32.6,35.05,1.0,4.0,1.1049849438476564,True,CALL,2026-02-27,ASTS
ASTS260227C00088000,88.0,23.57,31.55,34.85,1.0,1.0,1.1259809326171877,True,CALL,2026-02-27,ASTS
ASTS260227C00089000,89.0,31.46,30.9,33.1,1.0,4.0,1.0700730090332033,True,CALL,2026-02-27,ASTS
ASTS260227C00090000,90.0,29.7,30.0,32.85,17.0,59.0,1.0949752282714846,True,CALL,2026-02-27,ASTS
ASTS260227C00091000,91.0,29.55,29.2,32.1,12.0,32.0,1.0922896948242187,True,CALL,2026-02-27,ASTS
ASTS260227C00092000,92.0,30.3,28.45,31.2,3.0,5.0,1.0827682580566407,True,CALL,2026-02-27,ASTS
ASTS260227C00093000,93.0,31.55,27.6,30.5,10.0,13.0,1.0783737487792968,True,CALL,2026-02-27,ASTS
ASTS260227C00094000,94.0,29.93,26.9,29.8,12.0,14.0,1.0810592822265626,True,CALL,2026-02-27,ASTS
ASTS260227C00095000,95.0,26.17,26.5,29.05,6.0,80.0,1.0957076464843751,True,CALL,2026-02-27,ASTS
ASTS260227C00096000,96.0,31.9,25.45,28.35,1.0,4.0,1.0772751214599612,True,CALL,2026-02-27,ASTS
ASTS260227C00097000,97.0,17.06,24.6,27.55,1.0,12.0,1.0636033148193362,True,CALL,2026-02-27,ASTS
ASTS260227C00098000,98.0,17.92,24.05,26.95,2.0,56.0,1.0742233789062503,True,CALL,2026-02-27,ASTS
ASTS260227C00099000,99.0,17.42,23.15,26.35,3.0,3.0,1.0661667785644533,True,CALL,2026-02-27,ASTS
ASTS260227C00100000,100.0,23.7,22.95,25.55,21.0,131.0,1.080937212524414,True,CALL,2026-02-27,ASTS
ASTS260227C00101000,101.0,24.0,21.8,24.7,2.0,48.0,1.0478563232421876,True,CALL,2026-02-27,ASTS
ASTS260227C00102000,102.0,15.66,21.85,24.15,2.0,28.0,1.0827682580566407,True,CALL,2026-02-27,ASTS
ASTS260227C00103000,103.0,24.0,20.6,23.1,1.0,8.0,1.0355272833251956,True,CALL,2026-02-27,ASTS
ASTS260227C00104000,104.0,20.04,20.25,22.1,3.0,36.0,1.0302782861328126,True,CALL,2026-02-27,ASTS
ASTS260227C00105000,105.0,17.76,20.1,21.95,3.0,200.0,1.0690964514160157,True,CALL,2026-02-27,ASTS
ASTS260227C00106000,106.0,19.85,19.2,20.6,2.0,10.0,1.0235644525146486,True,CALL,2026-02-27,ASTS
ASTS260227C00107000,107.0,17.6,18.35,21.1,2.0,47.0,1.0571336206054687,True,CALL,2026-02-27,ASTS
ASTS260227C00108000,108.0,19.55,18.1,19.95,5.0,15.0,1.0459032080078128,True,CALL,2026-02-27,ASTS
ASTS260227C00109000,109.0,20.42,17.65,19.45,16.0,22.0,1.0520066931152345,True,CALL,2026-02-27,ASTS
ASTS260227C00110000,110.0,15.6,17.3,19.1,17.0,407.0,1.0670212664794925,True,CALL,2026-02-27,ASTS
ASTS260227C00111000,111.0,15.95,16.6,18.95,5.0,4.0,1.0748337274169926,True,CALL,2026-02-27,ASTS
ASTS260227C00112000,112.0,15.6,15.95,17.65,1.0,212.0,1.038701095581055,True,CALL,2026-02-27,ASTS
ASTS260227C00113000,113.0,15.8,15.7,18.0,2.0,10.0,1.0815475610351561,True,CALL,2026-02-27,ASTS
ASTS260227C00114000,114.0,16.25,15.1,16.85,8.0,9.0,1.0517625537109376,True,CALL,2026-02-27,ASTS
ASTS260227C00115000,115.0,15.52,14.65,16.4,29.0,278.0,1.0540818780517578,True,CALL,2026-02-27,ASTS
ASTS260227C00116000,116.0,13.55,13.4,15.8,7.0,20.0,1.0194140826416016,True,CALL,2026-02-27,ASTS
ASTS260227C00117000,117.0,13.25,12.9,16.15,5.0,60.0,1.0483446020507814,True,CALL,2026-02-27,ASTS
ASTS260227C00118000,118.0,13.8,13.15,14.95,14.0,46.0,1.0461473474121097,False,CALL,2026-02-27,ASTS
ASTS260227C00119000,119.0,11.61,13.15,14.65,8.0,37.0,1.0673874755859378,False,CALL,2026-02-27,ASTS
ASTS260227C00120000,120.0,13.3,12.75,13.85,33.0,578.0,1.0542039477539062,False,CALL,2026-02-27,ASTS
ASTS260227C00125000,125.0,11.55,10.9,12.05,73.0,184.0,1.0639695239257816,False,CALL,2026-02-27,ASTS
ASTS260227C00130000,130.0,9.75,9.2,10.3,48.0,234.0,1.062992966308594,False,CALL,2026-02-27,ASTS
ASTS260227C00135000,135.0,8.37,7.8,8.8,85.0,117.0,1.0656784997558595,False,CALL,2026-02-27,ASTS
ASTS260227C00140000,140.0,7.55,6.7,7.4,138.0,609.0,1.0683640332031252,False,CALL,2026-02-27,ASTS
ASTS260227C00145000,145.0,5.43,5.5,6.4,4.0,48.0,1.0687302423095704,False,CALL,2026-02-27,ASTS
ASTS260227C00150000,150.0,4.98,4.8,5.45,49.0,388.0,1.0795944458007813,False,CALL,2026-02-27,ASTS
ASTS260227P00083000,83.0,2.31,1.55,2.87,3.0,14.0,1.1242719567871093,False,PUT,2026-02-27,ASTS
ASTS260227P00084000,84.0,2.37,1.78,2.42,16.0,23.0,1.0781296093750001,False,PUT,2026-02-27,ASTS
ASTS260227P00085000,85.0,2.22,2.0,2.49,21.0,69.0,1.0732468212890627,False,PUT,2026-02-27,ASTS
ASTS260227P00086000,86.0,2.5,1.86,3.1,4.0,32.0,1.080326864013672,False,PUT,2026-02-27,ASTS
ASTS260227P00087000,87.0,2.31,2.15,3.95,2.0,14.0,1.1318402783203125,False,PUT,2026-02-27,ASTS
ASTS260227P00088000,88.0,2.7,1.76,3.5,6.0,15.0,1.0449266503906252,False,PUT,2026-02-27,ASTS
ASTS260227P00089000,89.0,3.15,2.55,3.7,4.0,47.0,1.0827682580566407,False,PUT,2026-02-27,ASTS
ASTS260227P00090000,90.0,3.3,2.57,3.4,17.0,196.0,1.0351610742187503,False,PUT,2026-02-27,ASTS
ASTS260227P00091000,91.0,2.9,1.9,3.85,13.0,18.0,0.992187578125,False,PUT,2026-02-27,ASTS
ASTS260227P00092000,92.0,5.65,2.09,3.95,2.0,8.0,0.9821779125976562,False,PUT,2026-02-27,ASTS
ASTS260227P00093000,93.0,3.75,3.25,4.35,2.0,11.0,1.0463914868164066,False,PUT,2026-02-27,ASTS
ASTS260227P00094000,94.0,4.54,3.15,4.55,1.0,19.0,1.0219775463867187,False,PUT,2026-02-27,ASTS
ASTS260227P00095000,95.0,4.13,3.8,4.75,6.0,162.0,1.0389452349853519,False,PUT,2026-02-27,ASTS
ASTS260227P00096000,96.0,4.2,4.05,6.35,16.0,29.0,1.1052290832519533,False,PUT,2026-02-27,ASTS
ASTS260227P00097000,97.0,5.35,4.35,5.6,3.0,25.0,1.050541856689453,False,PUT,2026-02-27,ASTS
ASTS260227P00098000,98.0,5.2,4.8,5.5,6.0,25.0,1.0366259106445317,False,PUT,2026-02-27,ASTS
ASTS260227P00099000,99.0,5.38,5.1,6.1,2.0,21.0,1.0488328808593752,False,PUT,2026-02-27,ASTS
ASTS260227P00100000,100.0,5.45,5.4,6.2,95.0,114.0,1.035649353027344,False,PUT,2026-02-27,ASTS
ASTS260227P00101000,101.0,7.23,5.45,6.5,4.0,19.0,1.01953615234375,False,PUT,2026-02-27,ASTS
ASTS260227P00102000,102.0,7.0,5.8,6.95,2.0,69.0,1.023686522216797,False,PUT,2026-02-27,ASTS
ASTS260227P00103000,103.0,6.0,6.45,8.0,22.0,22.0,1.0662888482666018,False,PUT,2026-02-27,ASTS
ASTS260227P00104000,104.0,6.8,6.7,7.85,6.0,32.0,1.0365038409423832,False,PUT,2026-02-27,ASTS
ASTS260227P00105000,105.0,8.4,7.1,8.35,3.0,39.0,1.0410204199218753,False,PUT,2026-02-27,ASTS
ASTS260227P00106000,106.0,8.71,7.05,8.45,9.0,9.0,1.0084278094482422,False,PUT,2026-02-27,ASTS
ASTS260227P00107000,107.0,8.1,7.4,8.9,1.0,4.0,1.0069629730224607,False,PUT,2026-02-27,ASTS
ASTS260227P00108000,108.0,9.5,8.45,9.65,3.0,3.0,1.0455369989013674,False,PUT,2026-02-27,ASTS
ASTS260227P00109000,109.0,8.82,8.85,9.95,3.0,5.0,1.0376024682617189,False,PUT,2026-02-27,ASTS
ASTS260227P00110000,110.0,9.4,9.35,10.0,36.0,68.0,1.0228320343017578,False,PUT,2026-02-27,ASTS
ASTS260227P00111000,111.0,10.02,9.8,10.5,15.0,3.0,1.0233203131103517,False,PUT,2026-02-27,ASTS
ASTS260227P00112000,112.0,10.57,10.25,11.25,1.0,12.0,1.0324755407714847,False,PUT,2026-02-27,ASTS
ASTS260227P00113000,113.0,9.21,10.75,12.15,1.0,11.0,1.0483446020507814,False,PUT,2026-02-27,ASTS
ASTS260227P00114000,114.0,11.4,11.25,12.35,2.0,3.0,1.0361376318359379,False,PUT,2026-02-27,ASTS
ASTS260227P00115000,115.0,12.0,11.3,12.95,29.0,95.0,1.021489267578125,False,PUT,2026-02-27,ASTS
ASTS260227P00116000,116.0,10.6,12.25,13.45,1.0,5.0,1.0361376318359379,False,PUT,2026-02-27,ASTS
ASTS260227P00117000,117.0,13.7,12.75,13.9,3.0,1.0,1.0311327740478518,False,PUT,2026-02-27,ASTS
ASTS260227P00118000,118.0,12.3,13.3,15.15,16.0,35.0,1.0571336206054687,True,PUT,2026-02-27,ASTS
ASTS260227P00119000,119.0,21.0,13.3,15.2,2.0,1.0,1.016728549194336,True,PUT,2026-02-27,ASTS
ASTS260227P00120000,120.0,16.75,14.45,16.05,18.0,75.0,1.0483446020507814,True,PUT,2026-02-27,ASTS
ASTS260227P00125000,125.0,18.55,16.45,18.9,17.0,58.0,1.0025684637451173,True,PUT,2026-02-27,ASTS
ASTS260227P00140000,140.0,25.4,27.55,29.1,100.0,101.0,1.0072071124267576,True,PUT,2026-02-27,ASTS
ASTS260306C00085000,85.0,36.0,35.5,37.85,1.0,2.0,1.1533245458984376,True,CALL,2026-03-06,ASTS
ASTS260306C00095000,95.0,21.68,27.95,30.5,1.0,3.0,1.121342283935547,True,CALL,2026-03-06,ASTS
ASTS260306C00097000,97.0,20.63,27.0,29.55,1.0,3.0,1.1525921276855469,True,CALL,2026-03-06,ASTS
ASTS260306C00099000,99.0,24.69,25.8,28.3,2.0,1.0,1.1547893823242186,True,CALL,2026-03-06,ASTS
ASTS260306C00100000,100.0,23.34,25.1,27.6,3.0,34.0,1.1474652001953123,True,CALL,2026-03-06,ASTS
ASTS260306C00101000,101.0,26.18,24.6,26.7,8.0,4.0,1.1395306695556642,True,CALL,2026-03-06,ASTS
ASTS260306C00103000,103.0,17.35,23.45,25.9,1.0,17.0,1.1550335217285155,True,CALL,2026-03-06,ASTS
ASTS260306C00104000,104.0,20.82,22.75,25.15,1.0,1.0,1.1430706909179689,True,CALL,2026-03-06,ASTS
ASTS260306C00105000,105.0,20.98,22.2,24.75,9.0,58.0,1.1494183154296875,True,CALL,2026-03-06,ASTS
ASTS260306C00106000,106.0,22.83,21.9,23.45,5.0,31.0,1.1306195812988284,True,CALL,2026-03-06,ASTS
ASTS260306C00107000,107.0,17.25,21.15,23.75,6.0,27.0,1.1540569641113283,True,CALL,2026-03-06,ASTS
ASTS260306C00108000,108.0,19.56,20.6,22.7,1.0,11.0,1.1341596026611331,True,CALL,2026-03-06,ASTS
ASTS260306C00110000,110.0,18.26,19.6,21.55,4.0,39.0,1.1309857904052736,True,CALL,2026-03-06,ASTS
ASTS260306C00112000,112.0,22.5,18.7,20.4,11.0,15.0,1.1286664660644532,True,CALL,2026-03-06,ASTS
ASTS260306C00113000,113.0,20.0,18.15,20.05,5.0,10.0,1.1307416510009767,True,CALL,2026-03-06,ASTS
ASTS260306C00114000,114.0,22.47,17.65,19.55,1.0,2.0,1.1287885357666017,True,CALL,2026-03-06,ASTS
ASTS260306C00115000,115.0,18.9,17.25,19.25,18.0,44.0,1.1364789270019533,True,CALL,2026-03-06,ASTS
ASTS260306C00116000,116.0,18.34,16.55,18.85,15.0,65.0,1.1296430236816408,True,CALL,2026-03-06,ASTS
ASTS260306C00117000,117.0,15.95,16.3,18.8,2.0,14.0,1.1496624548339844,True,CALL,2026-03-06,ASTS
ASTS260306C00118000,118.0,15.5,15.8,17.85,7.0,8.0,1.1297650933837893,False,CALL,2026-03-06,ASTS
ASTS260306C00119000,119.0,16.73,15.75,17.7,6.0,3.0,1.1516155700683592,False,CALL,2026-03-06,ASTS
ASTS260306C00120000,120.0,14.6,15.0,17.05,18.0,66.0,1.1323285571289063,False,CALL,2026-03-06,ASTS
ASTS260306C00125000,125.0,13.83,13.0,15.65,43.0,29.0,1.1483196881103515,False,CALL,2026-03-06,ASTS
ASTS260306C00130000,130.0,12.55,11.6,13.65,8.0,10.0,1.1505169427490234,False,CALL,2026-03-06,ASTS
ASTS260306C00135000,135.0,11.2,10.0,11.95,6.0,13.0,1.1431927606201173,False,CALL,2026-03-06,ASTS
ASTS260306C00140000,140.0,8.46,8.25,10.95,3.0,52.0,1.1427044818115235,False,CALL,2026-03-06,ASTS
ASTS260306C00145000,145.0,8.0,6.95,9.45,1.0,9.0,1.12891060546875,False,CALL,2026-03-06,ASTS
ASTS260306C00150000,150.0,7.5,6.95,8.1,101.0,196.0,1.157596985473633,False,CALL,2026-03-06,ASTS
ASTS260306P00086000,86.0,3.55,2.13,4.9,4.0,11.0,1.1025435498046878,False,PUT,2026-03-06,ASTS
ASTS260306P00089000,89.0,3.95,2.9,5.7,8.0,13.0,1.1064497802734377,False,PUT,2026-03-06,ASTS
ASTS260306P00090000,90.0,5.0,4.0,5.45,1.0,95.0,1.1223188415527345,False,PUT,2026-03-06,ASTS
ASTS260306P00094000,94.0,5.1,4.9,7.2,1.0,3.0,1.133060975341797,False,PUT,2026-03-06,ASTS
ASTS260306P00095000,95.0,7.0,5.25,7.6,42.0,89.0,1.136967205810547,False,PUT,2026-03-06,ASTS
ASTS260306P00097000,97.0,7.33,5.55,7.8,6.0,27.0,1.097904901123047,False,PUT,2026-03-06,ASTS
ASTS260306P00098000,98.0,7.5,6.65,8.05,1.0,1.0,1.125248514404297,False,PUT,2026-03-06,ASTS
ASTS260306P00100000,100.0,8.15,7.05,8.65,26.0,64.0,1.1042525256347657,False,PUT,2026-03-06,ASTS
ASTS260306P00102000,102.0,11.47,7.25,10.1,2.0,17.0,1.1069380590820312,False,PUT,2026-03-06,ASTS
ASTS260306P00104000,104.0,8.53,9.0,10.55,1.0,42.0,1.1274457690429687,False,PUT,2026-03-06,ASTS
ASTS260306P00105000,105.0,9.99,9.2,10.85,3.0,29.0,1.1131636138916015,False,PUT,2026-03-06,ASTS
ASTS260306P00107000,107.0,10.97,9.75,12.2,13.0,26.0,1.1168257049560546,False,PUT,2026-03-06,ASTS
ASTS260306P00108000,108.0,11.43,10.65,12.65,12.0,10.0,1.1320844177246094,False,PUT,2026-03-06,ASTS
ASTS260306P00109000,109.0,10.65,10.65,13.15,18.0,4.0,1.1154829382324216,False,PUT,2026-03-06,ASTS
ASTS260306P00110000,110.0,12.25,11.7,13.0,14.0,6.0,1.112797404785156,False,PUT,2026-03-06,ASTS
ASTS260306P00114000,114.0,14.32,13.65,15.2,25.0,3.0,1.114628450317383,False,PUT,2026-03-06,ASTS
ASTS260306P00118000,118.0,16.57,15.75,17.4,42.0,1.0,1.1108442895507813,True,PUT,2026-03-06,ASTS
ASTS260320C00085000,85.0,37.56,37.1,39.25,5.0,2273.0,1.1272016296386718,True,CALL,2026-03-20,ASTS
ASTS260320C00090000,90.0,34.97,34.0,36.2,91.0,4011.0,1.1580852642822266,True,CALL,2026-03-20,ASTS
ASTS260320C00095000,95.0,31.37,30.7,31.95,77.0,704.0,1.1137739624023437,True,CALL,2026-03-20,ASTS
ASTS260320C00100000,100.0,29.3,27.7,28.55,628.0,5928.0,1.0997359466552736,True,CALL,2026-03-20,ASTS
ASTS260320C00105000,105.0,24.1,25.15,26.1,35.0,2448.0,1.1170698443603515,True,CALL,2026-03-20,ASTS
ASTS260320C00110000,110.0,23.8,22.8,23.95,72.0,1512.0,1.1340375329589847,True,CALL,2026-03-20,ASTS
ASTS260320C00115000,115.0,21.2,20.5,21.65,142.0,2173.0,1.1341596026611331,True,CALL,2026-03-20,ASTS
ASTS260320C00120000,120.0,19.0,18.6,19.5,351.0,3043.0,1.138432042236328,False,CALL,2026-03-20,ASTS
ASTS260320C00125000,125.0,17.5,16.6,17.45,118.0,1362.0,1.1317792434692384,False,CALL,2026-03-20,ASTS
ASTS260320C00130000,130.0,15.78,14.75,15.75,164.0,1511.0,1.129398884277344,False,CALL,2026-03-20,ASTS
ASTS260320C00135000,135.0,14.4,13.2,14.3,112.0,3262.0,1.1331830450439455,False,CALL,2026-03-20,ASTS
ASTS260320C00140000,140.0,12.37,11.95,12.85,183.0,2594.0,1.1370892755126956,False,CALL,2026-03-20,ASTS
ASTS260320C00145000,145.0,11.23,10.7,11.2,30.0,1754.0,1.126957490234375,False,CALL,2026-03-20,ASTS
ASTS260320C00150000,150.0,9.95,9.6,10.0,291.0,8530.0,1.1268354205322266,False,CALL,2026-03-20,ASTS
ASTS260320P00085000,85.0,4.65,4.5,5.15,22.0,772.0,1.091801416015625,False,PUT,2026-03-20,ASTS
ASTS260320P00090000,90.0,6.2,6.1,6.5,61.0,1310.0,1.0902145098876954,False,PUT,2026-03-20,ASTS
ASTS260320P00095000,95.0,7.9,7.65,8.0,37.0,655.0,1.0744675183105472,False,PUT,2026-03-20,ASTS
ASTS260320P00100000,100.0,9.95,9.7,10.1,163.0,1331.0,1.0824020489501953,False,PUT,2026-03-20,ASTS
ASTS260320P00105000,105.0,12.05,11.8,12.4,32.0,274.0,1.0816696307373046,False,PUT,2026-03-20,ASTS
ASTS260320P00110000,110.0,14.1,14.25,14.9,16.0,193.0,1.0835006762695314,False,PUT,2026-03-20,ASTS
ASTS260320P00115000,115.0,17.2,16.85,17.55,2046.0,7867.0,1.080937212524414,False,PUT,2026-03-20,ASTS
ASTS260320P00120000,120.0,19.3,19.7,20.55,70.0,517.0,1.0835006762695314,True,PUT,2026-03-20,ASTS
ASTS260320P00125000,125.0,23.3,22.75,23.65,11.0,129.0,1.083134467163086,True,PUT,2026-03-20,ASTS
ASTS260320P00130000,130.0,26.95,26.0,26.95,7.0,65.0,1.0837448156738283,True,PUT,2026-03-20,ASTS
ASTS260320P00135000,135.0,30.2,29.3,30.4,13.0,101.0,1.0800827246093752,True,PUT,2026-03-20,ASTS
ASTS260320P00140000,140.0,31.8,32.9,34.1,1.0,37.0,1.0832565368652345,True,PUT,2026-03-20,ASTS
ASTS260320P00145000,145.0,36.5,36.65,37.85,1.0,25.0,1.0837448156738283,True,PUT,2026-03-20,ASTS
ASTS260320P00150000,150.0,39.2,40.6,41.55,3.0,130.0,1.0808151428222659,True,PUT,2026-03-20,ASTS
ASTS260417C00085000,85.0,38.4,39.85,41.9,5.0,151.0,1.0971724829101563,True,CALL,2026-04-17,ASTS
ASTS260417C00090000,90.0,37.2,36.85,39.05,5.0,668.0,1.1109663592529297,True,CALL,2026-04-17,ASTS
ASTS260417C00095000,95.0,32.45,33.1,35.05,1.0,95.0,1.0559739584350587,True,CALL,2026-04-17,ASTS
ASTS260417C00100000,100.0,31.3,30.7,33.15,33.0,389.0,1.0902145098876954,True,CALL,2026-04-17,ASTS
ASTS260417C00105000,105.0,29.11,28.3,30.25,17.0,290.0,1.0849655126953124,True,CALL,2026-04-17,ASTS
ASTS260417C00110000,110.0,27.2,26.5,27.75,20.0,230.0,1.0955245419311526,True,CALL,2026-04-17,ASTS
ASTS260417C00115000,115.0,25.7,24.25,25.45,644.0,1117.0,1.0909469281005861,True,CALL,2026-04-17,ASTS
ASTS260417C00120000,120.0,22.65,22.35,23.0,104.0,3872.0,1.0834396414184573,False,CALL,2026-04-17,ASTS
ASTS260417C00125000,125.0,21.09,20.55,21.6,724.0,779.0,1.0954635070800784,False,CALL,2026-04-17,ASTS
ASTS260417C00130000,130.0,18.4,18.8,19.85,1.0,406.0,1.0936324615478517,False,CALL,2026-04-17,ASTS
ASTS260417C00135000,135.0,17.7,17.35,18.25,33.0,117.0,1.0958297161865236,False,CALL,2026-04-17,ASTS
ASTS260417C00140000,140.0,16.95,15.9,16.95,8.0,110.0,1.0991255981445316,False,CALL,2026-04-17,ASTS
ASTS260417C00145000,145.0,15.4,14.6,15.6,13.0,419.0,1.0993697375488285,False,CALL,2026-04-17,ASTS
ASTS260417C00150000,150.0,13.5,13.5,14.2,525.0,455.0,1.0980269708251955,False,CALL,2026-04-17,ASTS
ASTS260417P00085000,85.0,6.89,6.6,7.85,560.0,1302.0,1.050541856689453,False,PUT,2026-04-17,ASTS
ASTS260417P00090000,90.0,9.02,8.5,9.3,20.0,229.0,1.043705953369141,False,PUT,2026-04-17,ASTS
ASTS260417P00095000,95.0,10.8,10.5,11.25,4.0,145.0,1.042851465454102,False,PUT,2026-04-17,ASTS
ASTS260417P00100000,100.0,13.1,12.65,13.4,24.0,393.0,1.040043862304688,False,PUT,2026-04-17,ASTS
ASTS260417P00105000,105.0,16.45,14.9,16.1,1.0,85.0,1.0437669882202152,False,PUT,2026-04-17,ASTS
ASTS260417P00110000,110.0,16.56,17.55,19.45,15.0,73.0,1.0633591754150393,False,PUT,2026-04-17,ASTS
ASTS260417P00115000,115.0,21.65,20.3,21.35,3.0,266.0,1.0406542108154302,False,PUT,2026-04-17,ASTS
ASTS260417P00120000,120.0,24.57,23.25,24.5,5.0,264.0,1.0448045806884767,True,PUT,2026-04-17,ASTS
ASTS260417P00125000,125.0,25.45,26.35,27.5,62.0,75.0,1.041203524475098,True,PUT,2026-04-17,ASTS
ASTS260417P00130000,130.0,31.6,29.6,30.85,2.0,61.0,1.0421190472412112,True,PUT,2026-04-17,ASTS
ASTS260417P00135000,135.0,39.46,32.65,34.7,5.0,4.0,1.0432176745605473,True,PUT,2026-04-17,ASTS
ASTS260417P00140000,140.0,37.6,36.55,37.9,2.0,2.0,1.042851465454102,True,PUT,2026-04-17,ASTS
ASTS260417P00145000,145.0,42.36,39.75,41.85,1.0,16.0,1.0379686773681642,True,PUT,2026-04-17,ASTS
ASTS260417P00150000,150.0,45.25,43.75,45.55,3.0,3.0,1.0405321411132817,True,PUT,2026-04-17,ASTS
ASTS260515C00085000,85.0,40.78,42.6,44.75,100.0,1271.0,1.10315389831543,True,CALL,2026-05-15,ASTS
ASTS260515C00090000,90.0,37.94,39.6,41.95,7.0,987.0,1.10315389831543,True,CALL,2026-05-15,ASTS
ASTS260515C00095000,95.0,38.9,37.25,39.2,9.0,441.0,1.111332568359375,True,CALL,2026-05-15,ASTS
ASTS260515C00100000,100.0,35.67,34.25,37.05,63.0,1435.0,1.1093184182739257,True,CALL,2026-05-15,ASTS
ASTS260515C00105000,105.0,30.86,32.1,34.75,12.0,222.0,1.1156660427856444,True,CALL,2026-05-15,ASTS
ASTS260515C00110000,110.0,29.02,29.95,31.7,26.0,574.0,1.0988204238891606,True,CALL,2026-05-15,ASTS
ASTS260515C00115000,115.0,29.12,27.7,28.85,21.0,964.0,1.0788620275878906,True,CALL,2026-05-15,ASTS
ASTS260515C00120000,120.0,26.85,26.35,27.55,175.0,1101.0,1.103825281677246,False,CALL,2026-05-15,ASTS
ASTS260515C00125000,125.0,24.0,24.4,25.75,12.0,589.0,1.1005904345703126,False,CALL,2026-05-15,ASTS
ASTS260515C00130000,130.0,23.75,22.7,24.3,9.0,644.0,1.1043745953369142,False,CALL,2026-05-15,ASTS
ASTS260515C00135000,135.0,22.15,21.25,22.5,5.0,594.0,1.1016280270385743,False,CALL,2026-05-15,ASTS
ASTS260515C00140000,140.0,20.66,20.1,21.05,177.0,4134.0,1.107426337890625,False,CALL,2026-05-15,ASTS
ASTS260515C00145000,145.0,19.25,18.65,19.4,3.0,297.0,1.0994307723999026,False,CALL,2026-05-15,ASTS
ASTS260515C00150000,150.0,18.05,17.55,18.15,77.0,4192.0,1.1025435498046878,False,CALL,2026-05-15,ASTS
ASTS260515P00085000,85.0,10.5,9.2,10.0,3.0,597.0,1.0408983502197269,False,PUT,2026-05-15,ASTS
ASTS260515P00090000,90.0,12.24,11.4,12.95,6.0,136.0,1.0704392181396487,False,PUT,2026-05-15,ASTS
ASTS260515P00095000,95.0,14.51,13.3,14.6,1.0,121.0,1.0476121838378907,False,PUT,2026-05-15,ASTS
ASTS260515P00100000,100.0,16.4,14.95,16.65,8.0,116.0,1.0224658251953125,False,PUT,2026-05-15,ASTS
ASTS260515P00105000,105.0,18.95,18.35,19.4,2.0,68.0,1.0458421731567387,False,PUT,2026-05-15,ASTS
ASTS260515P00110000,110.0,19.7,21.05,22.75,411.0,415.0,1.0581712130737304,False,PUT,2026-05-15,ASTS
ASTS260515P00115000,115.0,25.14,23.95,25.1,1.0,268.0,1.0466356262207035,False,PUT,2026-05-15,ASTS
ASTS260515P00120000,120.0,27.9,26.95,28.25,8.0,99.0,1.0479173580932617,True,PUT,2026-05-15,ASTS
ASTS260515P00125000,125.0,31.51,30.15,31.1,5.0,29.0,1.0416307684326174,True,PUT,2026-05-15,ASTS
ASTS260515P00130000,130.0,33.14,33.4,35.25,22.0,30.0,1.0568894812011718,True,PUT,2026-05-15,ASTS
ASTS260515P00135000,135.0,35.5,36.85,38.7,5.0,11.0,1.0573777600097656,True,PUT,2026-05-15,ASTS
ASTS260515P00140000,140.0,41.05,39.55,42.25,2.0,15.0,1.0406542108154302,True,PUT,2026-05-15,ASTS
ASTS260515P00145000,145.0,42.9,43.5,45.65,2.0,5.0,1.0413866290283205,True,PUT,2026-05-15,ASTS
ASTS260515P00150000,150.0,47.65,47.8,49.4,1.0,161.0,1.052128762817383,True,PUT,2026-05-15,ASTS
ASTS260618C00085000,85.0,43.6,45.05,47.4,3.0,1201.0,1.0844772338867186,True,CALL,2026-06-18,ASTS
ASTS260618C00090000,90.0,43.15,42.55,44.25,29.0,2068.0,1.0793503063964844,True,CALL,2026-06-18,ASTS
ASTS260618C00095000,95.0,38.25,39.75,41.65,16.0,1865.0,1.0731857864379886,True,CALL,2026-06-18,ASTS
ASTS260618C00100000,100.0,36.38,37.6,39.65,16.0,1900.0,1.0865524188232423,True,CALL,2026-06-18,ASTS
ASTS260618C00105000,105.0,32.95,34.9,36.8,73.0,410.0,1.0658616043090823,True,CALL,2026-06-18,ASTS
ASTS260618C00110000,110.0,34.26,32.95,35.0,113.0,622.0,1.0751389016723634,True,CALL,2026-06-18,ASTS
ASTS260618C00115000,115.0,32.32,31.5,32.7,5.0,719.0,1.0790451321411134,True,CALL,2026-06-18,ASTS
ASTS260618C00120000,120.0,30.64,29.3,31.0,38.0,690.0,1.0756271804809572,False,CALL,2026-06-18,ASTS
ASTS260618C00125000,125.0,28.5,27.15,29.85,66.0,697.0,1.0788620275878906,False,CALL,2026-06-18,ASTS
ASTS260618C00130000,130.0,26.99,26.25,27.45,286.0,743.0,1.0781296093750001,False,CALL,2026-06-18,ASTS
ASTS260618C00135000,135.0,25.1,24.65,26.3,5.0,3044.0,1.0834396414184573,False,CALL,2026-06-18,ASTS
ASTS260618C00140000,140.0,21.96,23.4,24.9,30.0,3929.0,1.0871017324829104,False,CALL,2026-06-18,ASTS
ASTS260618C00145000,145.0,22.5,22.25,23.7,20.0,1114.0,1.0928390084838866,False,CALL,2026-06-18,ASTS
ASTS260618C00150000,150.0,21.75,21.05,22.2,51.0,8182.0,1.0897262310791016,False,CALL,2026-06-18,ASTS
ASTS260618P00085000,85.0,11.95,11.75,11.95,24.0,202.0,1.0169116537475587,False,PUT,2026-06-18,ASTS
ASTS260618P00090000,90.0,14.15,13.95,14.2,52.0,2151.0,1.0185595947265624,False,PUT,2026-06-18,ASTS
ASTS260618P00095000,95.0,16.2,16.2,16.45,12.0,310.0,1.013676806640625,False,PUT,2026-06-18,ASTS
ASTS260618P00100000,100.0,18.9,18.75,19.1,21.0,318.0,1.016728549194336,False,PUT,2026-06-18,ASTS
ASTS260618P00105000,105.0,21.25,21.5,21.9,63.0,43.0,1.0202075357055667,False,PUT,2026-06-18,ASTS
ASTS260618P00110000,110.0,23.95,24.25,24.6,6.0,95.0,1.0159961309814454,False,PUT,2026-06-18,ASTS
ASTS260618P00115000,115.0,27.35,27.25,27.6,11.0,206.0,1.0169116537475587,False,PUT,2026-06-18,ASTS
ASTS260618P00120000,120.0,30.0,30.0,31.7,41.0,233.0,1.0282641360473637,True,PUT,2026-06-18,ASTS
ASTS260618P00125000,125.0,35.35,32.55,34.9,1.0,119.0,1.015568887023926,True,PUT,2026-06-18,ASTS
ASTS260618P00130000,130.0,37.15,36.4,38.35,1.0,68.0,1.0260668814086915,True,PUT,2026-06-18,ASTS
ASTS260618P00135000,135.0,45.4,39.8,41.7,4.0,62.0,1.0231982434082032,True,PUT,2026-06-18,ASTS
ASTS260618P00140000,140.0,44.9,43.5,44.65,10.0,150.0,1.0151416430664062,True,PUT,2026-06-18,ASTS
ASTS260618P00145000,145.0,48.0,47.5,48.3,1.0,52.0,1.0210620236206056,True,PUT,2026-06-18,ASTS
ASTS260618P00150000,150.0,51.2,51.4,51.95,2.0,111.0,1.0222216857910156,True,PUT,2026-06-18,ASTS
ASTS260717C00085000,85.0,48.03,46.55,49.25,4.0,134.0,1.0615281298828125,True,CALL,2026-07-17,ASTS
ASTS260717C00090000,90.0,47.85,43.9,46.15,7.0,93.0,1.0502977172851562,True,CALL,2026-07-17,ASTS
ASTS260717C00095000,95.0,44.15,41.25,44.15,52.0,107.0,1.0556077493286136,True,CALL,2026-07-17,ASTS
ASTS260717C00100000,100.0,40.12,39.15,41.65,1.0,185.0,1.0559739584350587,True,CALL,2026-07-17,ASTS
ASTS260717C00105000,105.0,36.23,36.85,39.25,1.0,61.0,1.049565299072266,True,CALL,2026-07-17,ASTS
ASTS260717C00110000,110.0,34.0,34.75,37.65,15.0,129.0,1.0564622372436525,True,CALL,2026-07-17,ASTS
ASTS260717C00115000,115.0,37.06,33.0,35.45,11.0,48.0,1.0545701568603516,True,CALL,2026-07-17,ASTS
ASTS260717C00120000,120.0,30.99,32.0,33.2,17.0,443.0,1.0606126071166995,False,CALL,2026-07-17,ASTS
ASTS260717C00125000,125.0,33.25,29.45,32.35,25.0,180.0,1.0604905374145508,False,CALL,2026-07-17,ASTS
ASTS260717C00130000,130.0,27.75,27.65,30.85,11.0,164.0,1.058842596435547,False,CALL,2026-07-17,ASTS
ASTS260717C00135000,135.0,29.15,26.2,29.4,3.0,18.0,1.0604905374145508,False,CALL,2026-07-17,ASTS
ASTS260717C00140000,140.0,26.85,25.15,28.0,6.0,59.0,1.0664719528198243,False,CALL,2026-07-17,ASTS
ASTS260717C00145000,145.0,23.88,23.75,26.7,1.0,442.0,1.0659226391601564,False,CALL,2026-07-17,ASTS
ASTS260717C00150000,150.0,23.77,22.65,24.6,310.0,874.0,1.0551805053710939,False,CALL,2026-07-17,ASTS
ASTS260717P00085000,85.0,13.21,12.25,14.95,5.0,23.0,1.0025684637451173,False,PUT,2026-07-17,ASTS
ASTS260717P00090000,90.0,15.31,14.8,16.45,3.0,36.0,0.9908448181152343,False,PUT,2026-07-17,ASTS
ASTS260717P00095000,95.0,18.14,17.0,19.65,7.0,49.0,1.0002491394042967,False,PUT,2026-07-17,ASTS
ASTS260717P00100000,100.0,20.55,19.45,21.0,1.0,57.0,0.9735720416259765,False,PUT,2026-07-17,ASTS
ASTS260717P00105000,105.0,22.86,22.65,24.25,7.0,19.0,0.9907227490234375,False,PUT,2026-07-17,ASTS
ASTS260717P00110000,110.0,25.68,25.2,27.9,31.0,75.0,0.9976806872558592,False,PUT,2026-07-17,ASTS
ASTS260717P00115000,115.0,33.45,28.25,30.3,9.0,100.0,0.9873658489990236,False,PUT,2026-07-17,ASTS
ASTS260717P00120000,120.0,32.55,31.3,33.95,2.0,96.0,0.9939575799560547,True,PUT,2026-07-17,ASTS
ASTS260717P00125000,125.0,35.1,34.4,36.7,5.0,60.0,0.9829713616943359,True,PUT,2026-07-17,ASTS
ASTS260717P00130000,130.0,44.25,37.65,40.4,9.0,58.0,0.9862672271728516,True,PUT,2026-07-17,ASTS
ASTS260717P00135000,135.0,47.9,41.1,44.0,9.0,91.0,0.9879151599121094,True,PUT,2026-07-17,ASTS
ASTS260717P00140000,140.0,51.8,44.65,47.5,9.0,60.0,0.9865113653564455,True,PUT,2026-07-17,ASTS
ASTS260717P00145000,145.0,53.45,48.35,50.9,,37.0,0.9831544653320312,True,PUT,2026-07-17,ASTS
ASTS260717P00150000,150.0,54.15,52.1,54.75,,18.0,0.9850465362548828,True,PUT,2026-07-17,ASTS
ASTS260821C00085000,85.0,52.0,49.3,52.0,2.0,31.0,1.0750778668212893,True,CALL,2026-08-21,ASTS
ASTS260821C00090000,90.0,49.75,46.25,49.5,1.0,66.0,1.062443652648926,True,CALL,2026-08-21,ASTS
ASTS260821C00095000,95.0,47.16,44.0,46.85,1.0,70.0,1.0576218994140625,True,CALL,2026-08-21,ASTS
ASTS260821C00100000,100.0,42.0,41.95,44.5,2.0,161.0,1.0573167251586915,True,CALL,2026-08-21,ASTS
ASTS260821C00105000,105.0,42.7,39.65,42.35,11.0,52.0,1.052128762817383,True,CALL,2026-08-21,ASTS
ASTS260821C00110000,110.0,41.56,37.9,40.5,11.0,84.0,1.0570725857543946,True,CALL,2026-08-21,ASTS
ASTS260821C00115000,115.0,39.0,36.1,38.7,26.0,235.0,1.0583543176269532,True,CALL,2026-08-21,ASTS
ASTS260821C00120000,120.0,34.5,34.15,36.8,14.0,215.0,1.0526780764770507,False,CALL,2026-08-21,ASTS
ASTS260821C00125000,125.0,33.75,32.65,35.15,8.0,193.0,1.0547532614135742,False,CALL,2026-08-21,ASTS
ASTS260821C00130000,130.0,33.57,31.2,33.55,17.0,50.0,1.0556077493286136,False,CALL,2026-08-21,ASTS
ASTS260821C00135000,135.0,31.0,29.55,31.0,3.0,98.0,1.0372972940063478,False,CALL,2026-08-21,ASTS
ASTS260821C00140000,140.0,22.58,28.3,31.05,1.0,217.0,1.06018536315918,False,CALL,2026-08-21,ASTS
ASTS260821C00145000,145.0,26.83,26.6,30.15,5.0,314.0,1.0605515722656251,False,CALL,2026-08-21,ASTS
ASTS260821C00150000,150.0,25.35,25.35,28.8,9.0,58.0,1.0589646661376955,False,CALL,2026-08-21,ASTS
ASTS260821P00085000,85.0,16.06,14.35,17.25,20.0,38.0,1.000005,False,PUT,2026-08-21,ASTS
ASTS260821P00090000,90.0,18.44,16.95,19.7,20.0,28.0,1.00275156829834,False,PUT,2026-08-21,ASTS
ASTS260821P00095000,95.0,20.7,20.0,22.25,14.0,18.0,1.0096485064697265,False,PUT,2026-08-21,ASTS
ASTS260821P00100000,100.0,23.63,22.25,24.9,15.0,64.0,0.9994506890869141,False,PUT,2026-08-21,ASTS
ASTS260821P00105000,105.0,24.64,25.1,27.85,10.0,66.0,1.0004322439575195,False,PUT,2026-08-21,ASTS
ASTS260821P00110000,110.0,29.86,28.0,30.7,7.0,23.0,0.9965820654296875,False,PUT,2026-08-21,ASTS
ASTS260821P00115000,115.0,34.0,31.1,33.75,1.0,49.0,0.9956055126953125,False,PUT,2026-08-21,ASTS
ASTS260821P00120000,120.0,36.0,34.15,36.4,1.0,26.0,0.984497225341797,True,PUT,2026-08-21,ASTS
ASTS260821P00125000,125.0,40.0,37.35,39.35,5.0,2.0,0.9774782525634766,True,PUT,2026-08-21,ASTS
ASTS260821P00140000,140.0,51.5,47.55,50.45,2.0,5.0,0.9818727398681641,True,PUT,2026-08-21,ASTS
ASTS260821P00145000,145.0,56.04,51.15,54.0,51.0,117.0,0.9791567025756837,True,PUT,2026-08-21,ASTS
ASTS260821P00150000,150.0,56.5,54.9,57.7,,5.0,0.9785768743896486,True,PUT,2026-08-21,ASTS
ASTS260918C00085000,85.0,48.65,50.2,53.25,5.0,35.0,1.0481004626464845,True,CALL,2026-09-18,ASTS
ASTS260918C00090000,90.0,49.04,47.9,50.6,1.0,49.0,1.0446214761352541,True,CALL,2026-09-18,ASTS
ASTS260918C00095000,95.0,45.2,45.55,48.7,1.0,41.0,1.048771846008301,True,CALL,2026-09-18,ASTS
ASTS260918C00100000,100.0,45.5,45.5,45.5,4.0,55.0,1.0647019421386719,True,CALL,2026-09-18,ASTS
ASTS260918C00105000,105.0,44.1,41.35,44.25,3.0,32.0,1.0425462911987307,True,CALL,2026-09-18,ASTS
ASTS260918C00110000,110.0,39.42,39.8,42.25,2.0,44.0,1.0463304519653325,True,CALL,2026-09-18,ASTS
ASTS260918C00115000,115.0,38.85,37.9,40.75,2.0,52.0,1.049077020263672,True,CALL,2026-09-18,ASTS
ASTS260918C00120000,120.0,40.57,36.0,39.1,60.0,89.0,1.0468187307739258,False,CALL,2026-09-18,ASTS
ASTS260918C00125000,125.0,35.8,34.6,37.2,2.0,131.0,1.0456590686035159,False,CALL,2026-09-18,ASTS
ASTS260918C00130000,130.0,37.9,32.85,35.7,10.0,113.0,1.0428209480285648,False,CALL,2026-09-18,ASTS
ASTS260918C00135000,135.0,35.09,31.6,34.2,20.0,12.0,1.0447435458374024,False,CALL,2026-09-18,ASTS
ASTS260918C00140000,140.0,30.54,30.4,32.85,3.0,73.0,1.0473070095825197,False,CALL,2026-09-18,ASTS
ASTS260918C00145000,145.0,29.19,28.8,31.7,1.0,271.0,1.0452318246459962,False,CALL,2026-09-18,ASTS
ASTS260918C00150000,150.0,27.71,27.6,30.35,34.0,59.0,1.0441331973266603,False,CALL,2026-09-18,ASTS
ASTS260918P00085000,85.0,17.26,16.0,18.5,4.0,15.0,0.9915772326660157,False,PUT,2026-09-18,ASTS
ASTS260918P00090000,90.0,19.65,18.2,21.1,8.0,28.0,0.9868165380859376,False,PUT,2026-09-18,ASTS
ASTS260918P00095000,95.0,22.35,20.4,23.65,8.0,39.0,0.9769289416503908,False,PUT,2026-09-18,ASTS
ASTS260918P00100000,100.0,29.1,23.65,26.45,1.0,145.0,0.9844361907958985,False,PUT,2026-09-18,ASTS
ASTS260918P00105000,105.0,28.7,26.45,29.25,2.0,14.0,0.9805910144042969,False,PUT,2026-09-18,ASTS
ASTS260918P00110000,110.0,29.8,29.45,32.3,66.0,72.0,0.9802248071289064,False,PUT,2026-09-18,ASTS
ASTS260918P00115000,115.0,38.62,32.4,35.4,6.0,3.0,0.9766237689208985,False,PUT,2026-09-18,ASTS
ASTS260918P00120000,120.0,36.0,35.7,38.55,64.0,75.0,0.9759523889160158,True,PUT,2026-09-18,ASTS
ASTS260918P00125000,125.0,51.25,38.95,41.9,1.0,1.0,0.97460962890625,True,PUT,2026-09-18,ASTS
ASTS260918P00130000,130.0,45.86,42.25,45.25,,0.0,0.9714968670654296,True,PUT,2026-09-18,ASTS
ASTS260918P00135000,135.0,50.16,45.7,48.7,3.0,4.0,0.9695132443237304,True,PUT,2026-09-18,ASTS
ASTS260918P00140000,140.0,61.01,49.2,52.0,,2.0,0.9640201351928711,True,PUT,2026-09-18,ASTS
ASTS260918P00145000,145.0,57.25,52.8,55.75,1.0,1.0,0.9639285833740234,True,PUT,2026-09-18,ASTS
ASTS260918P00150000,150.0,62.6,56.55,59.45,,1.0,0.9632266860961914,True,PUT,2026-09-18,ASTS
ASTS261016C00085000,85.0,35.65,51.9,55.2,,43.0,1.0539598083496093,True,CALL,2026-10-16,ASTS
ASTS261016C00090000,90.0,42.2,49.6,52.65,1.0,7.0,1.0491990899658206,True,CALL,2026-10-16,ASTS
ASTS261016C00095000,95.0,41.09,47.45,50.3,1.0,6.0,1.0463914868164066,True,CALL,2026-10-16,ASTS
ASTS261016C00100000,100.0,44.8,45.5,48.1,1.0,48.0,1.0456590686035159,True,CALL,2026-10-16,ASTS
ASTS261016C00105000,105.0,43.33,43.35,46.2,16.0,20.0,1.0432176745605473,True,CALL,2026-10-16,ASTS
ASTS261016C00110000,110.0,40.95,41.45,44.15,21.0,144.0,1.0394335137939457,True,CALL,2026-10-16,ASTS
ASTS261016C00115000,115.0,43.24,39.65,42.4,17.0,17.0,1.038701095581055,True,CALL,2026-10-16,ASTS
ASTS261016C00120000,120.0,38.0,38.2,40.95,5.0,37.0,1.0444383715820313,False,CALL,2026-10-16,ASTS
ASTS261016C00125000,125.0,38.45,36.35,39.1,2.0,5.0,1.0369005674743657,False,CALL,2026-10-16,ASTS
ASTS261016C00130000,130.0,37.95,35.2,37.95,5.0,53.0,1.0460863125610356,False,CALL,2026-10-16,ASTS
ASTS261016C00135000,135.0,33.5,33.85,36.25,100.0,113.0,1.0431871571350102,False,CALL,2026-10-16,ASTS
ASTS261016C00140000,140.0,36.66,32.5,35.2,3.0,58.0,1.0470018353271486,False,CALL,2026-10-16,ASTS
ASTS261016C00145000,145.0,31.45,31.0,34.05,1.0,95.0,1.0458116557312014,False,CALL,2026-10-16,ASTS
ASTS261016C00150000,150.0,32.65,29.85,32.85,8.0,84.0,1.0468797656250002,False,CALL,2026-10-16,ASTS
ASTS261016P00085000,85.0,17.84,17.0,19.8,2.0,9.0,0.9770510107421876,False,PUT,2026-10-16,ASTS
ASTS261016P00090000,90.0,20.4,19.85,22.35,1.0,12.0,0.9802248071289064,False,PUT,2026-10-16,ASTS
ASTS261016P00095000,95.0,22.7,22.45,25.05,1.0,7.0,0.9774172180175782,False,PUT,2026-10-16,ASTS
ASTS261016P00100000,100.0,26.0,25.35,27.75,1.0,67.0,0.9755251470947266,False,PUT,2026-10-16,ASTS
ASTS261016P00105000,105.0,29.3,28.2,30.85,2.0,18.0,0.9754030780029297,False,PUT,2026-10-16,ASTS
ASTS261016P00110000,110.0,35.5,31.25,33.8,1.0,10.0,0.9729006616210938,False,PUT,2026-10-16,ASTS
ASTS261016P00115000,115.0,35.7,34.35,36.9,11.0,17.0,0.9703372106933592,False,PUT,2026-10-16,ASTS
ASTS261016P00120000,120.0,39.6,37.55,39.55,5.0,24.0,0.9605716833496092,True,PUT,2026-10-16,ASTS
ASTS261016P00130000,130.0,49.0,44.15,46.95,4.0,19.0,0.9649051361083985,True,PUT,2026-10-16,ASTS
ASTS261016P00145000,145.0,66.88,55.15,57.5,,1.0,0.962768927001953,True,PUT,2026-10-16,ASTS
ASTS261120C00085000,85.0,54.4,53.95,57.15,2.0,8.0,1.0555467144775392,True,CALL,2026-11-20,ASTS
ASTS261120C00090000,90.0,47.88,51.65,55.0,1.0,28.0,1.0541429129028321,True,CALL,2026-11-20,ASTS
ASTS261120C00095000,95.0,50.0,49.6,52.9,7.0,34.0,1.0539598083496093,True,CALL,2026-11-20,ASTS
ASTS261120C00100000,100.0,48.69,47.5,50.55,8.0,128.0,1.0462083822631838,True,CALL,2026-11-20,ASTS
ASTS261120C00105000,105.0,38.6,45.9,48.65,1.0,19.0,1.049565299072266,True,CALL,2026-11-20,ASTS
ASTS261120C00110000,110.0,45.98,44.35,47.15,60.0,26.0,1.05627913269043,True,CALL,2026-11-20,ASTS
ASTS261120C00115000,115.0,42.03,42.0,45.35,111.0,42.0,1.0455980337524418,True,CALL,2026-11-20,ASTS
ASTS261120C00120000,120.0,40.27,40.4,43.75,2.0,79.0,1.0456590686035159,False,CALL,2026-11-20,ASTS
ASTS261120C00125000,125.0,43.34,38.7,42.45,5.0,45.0,1.0462694171142581,False,CALL,2026-11-20,ASTS
ASTS261120C00130000,130.0,40.0,37.4,41.0,9.0,53.0,1.0481614974975586,False,CALL,2026-11-20,ASTS
ASTS261120C00135000,135.0,31.05,36.6,39.4,1.0,23.0,1.0526170416259766,False,CALL,2026-11-20,ASTS
ASTS261120C00140000,140.0,37.5,34.75,37.65,2.0,169.0,1.0405931759643559,False,CALL,2026-11-20,ASTS
ASTS261120C00145000,145.0,35.19,33.25,37.0,2.0,544.0,1.0450487200927736,False,CALL,2026-11-20,ASTS
ASTS261120C00150000,150.0,27.82,32.2,35.75,6.0,28.0,1.0461778648376467,False,CALL,2026-11-20,ASTS
ASTS261120P00085000,85.0,20.0,18.8,21.65,2.0,29.0,0.9772951489257813,False,PUT,2026-11-20,ASTS
ASTS261120P00090000,90.0,23.96,21.65,24.25,1.0,7.0,0.978088598022461,False,PUT,2026-11-20,ASTS
ASTS261120P00095000,95.0,24.5,24.25,27.05,2.0,51.0,0.9743044561767578,False,PUT,2026-11-20,ASTS
ASTS261120P00100000,100.0,27.42,27.1,30.0,3.0,130.0,0.9732058343505858,False,PUT,2026-11-20,ASTS
ASTS261120P00105000,105.0,32.75,29.85,32.8,,32.0,0.9656375506591797,False,PUT,2026-11-20,ASTS
ASTS261120P00110000,110.0,36.28,33.15,36.25,102.0,51.0,0.9719241088867188,False,PUT,2026-11-20,ASTS
ASTS261120P00115000,115.0,37.6,36.05,38.85,1.0,71.0,0.9588932333374022,False,PUT,2026-11-20,ASTS
ASTS261120P00120000,120.0,39.92,39.45,42.35,2.0,91.0,0.9620365124511718,True,PUT,2026-11-20,ASTS
ASTS261120P00125000,125.0,46.95,42.6,45.75,4.0,3.0,0.9584965087890623,True,PUT,2026-11-20,ASTS
ASTS261120P00130000,130.0,52.11,46.2,49.0,20.0,23.0,0.9567875415039062,True,PUT,2026-11-20,ASTS
ASTS261120P00145000,145.0,61.47,56.55,59.85,,1.0,0.9489751196289062,True,PUT,2026-11-20,ASTS
ASTS261120P00150000,150.0,63.02,60.35,63.45,5.0,6.0,0.94726615234375,True,PUT,2026-11-20,ASTS
ASTS270115C00085000,85.0,63.48,56.15,59.15,158.0,448.0,1.0318041574096681,True,CALL,2027-01-15,ASTS
ASTS270115C00090000,90.0,53.9,54.2,57.1,13.0,6377.0,1.0341845166015626,True,CALL,2027-01-15,ASTS
ASTS270115C00095000,95.0,54.27,51.95,55.45,11.0,404.0,1.0347338302612306,True,CALL,2027-01-15,ASTS
ASTS270115C00100000,100.0,53.25,50.05,53.0,44.0,2705.0,1.026524642791748,True,CALL,2027-01-15,ASTS
ASTS270115C00105000,105.0,50.25,48.3,52.0,2.0,221.0,1.037358328857422,True,CALL,2027-01-15,ASTS
ASTS270115C00110000,110.0,48.93,46.65,49.5,14.0,1449.0,1.027531717834473,True,CALL,2027-01-15,ASTS
ASTS270115C00115000,115.0,46.48,45.15,47.55,18.0,140.0,1.0248461843872074,True,CALL,2027-01-15,ASTS
ASTS270115C00120000,120.0,45.31,44.45,46.45,46.0,959.0,1.0405931759643559,False,CALL,2027-01-15,ASTS
ASTS270115C00125000,125.0,41.65,41.95,45.15,31.0,883.0,1.0300341467285157,False,CALL,2027-01-15,ASTS
ASTS270115C00130000,130.0,42.86,41.5,44.15,914.0,1305.0,1.045964242858887,False,CALL,2027-01-15,ASTS
ASTS270115C00135000,135.0,41.84,38.8,42.75,22.0,3898.0,1.0291186239624026,False,CALL,2027-01-15,ASTS
ASTS270115C00140000,140.0,39.55,37.8,40.9,6.0,1630.0,1.0257617071533203,False,CALL,2027-01-15,ASTS
ASTS270115C00145000,145.0,39.85,36.75,39.9,303.0,872.0,1.0302782861328126,False,CALL,2027-01-15,ASTS
ASTS270115C00150000,150.0,38.05,35.55,38.6,185.0,11353.0,1.0284472406005862,False,CALL,2027-01-15,ASTS
ASTS270115P00085000,85.0,21.35,20.55,23.4,6.0,882.0,0.9489751196289062,False,PUT,2027-01-15,ASTS
ASTS270115P00090000,90.0,25.2,22.7,25.85,2.0,773.0,0.9349371740722656,False,PUT,2027-01-15,ASTS
ASTS270115P00095000,95.0,26.95,26.2,29.05,5.0,158.0,0.9477544287109375,False,PUT,2027-01-15,ASTS
ASTS270115P00100000,100.0,30.94,28.7,31.7,101.0,752.0,0.9360968304443358,False,PUT,2027-01-15,ASTS
ASTS270115P00105000,105.0,32.65,32.2,34.8,106.0,173.0,0.9411626977539063,False,PUT,2027-01-15,ASTS
ASTS270115P00110000,110.0,35.55,34.7,38.0,10.0,1153.0,0.9323126885986328,False,PUT,2027-01-15,ASTS
ASTS270115P00115000,115.0,38.53,38.1,41.15,8.0,309.0,0.9320075158691408,False,PUT,2027-01-15,ASTS
ASTS270115P00120000,120.0,42.26,42.2,44.5,2.0,138.0,0.9403692486572266,True,PUT,2027-01-15,ASTS
ASTS270115P00125000,125.0,48.95,44.7,47.95,3.0,22.0,0.928986305847168,True,PUT,2027-01-15,ASTS
ASTS270115P00130000,130.0,53.0,49.1,51.45,1.0,46.0,0.9386602813720704,True,PUT,2027-01-15,ASTS
ASTS270115P00135000,135.0,54.96,51.85,55.0,5.0,2.0,0.9282844085693358,True,PUT,2027-01-15,ASTS
ASTS270115P00140000,140.0,56.35,55.35,58.5,10.0,17.0,0.9245307839965821,True,PUT,2027-01-15,ASTS
ASTS270115P00145000,145.0,59.65,59.1,62.0,12.0,147.0,0.9222114712524415,True,PUT,2027-01-15,ASTS
ASTS270115P00150000,150.0,65.5,63.6,66.4,2.0,312.0,0.9367682104492188,True,PUT,2027-01-15,ASTS
ASTS270319C00085000,85.0,50.0,58.45,62.0,6.0,283.0,1.0228930691528322,True,CALL,2027-03-19,ASTS
ASTS270319C00090000,90.0,59.0,56.75,59.85,10.0,3140.0,1.023991696472168,True,CALL,2027-03-19,ASTS
ASTS270319C00095000,95.0,55.99,55.0,58.5,1.0,228.0,1.0323534710693363,True,CALL,2027-03-19,ASTS
ASTS270319C00100000,100.0,52.65,53.25,56.5,16.0,1037.0,1.0295458679199219,True,CALL,2027-03-19,ASTS
ASTS270319C00105000,105.0,53.37,50.5,54.5,1.0,52.0,1.0125171444702148,True,CALL,2027-03-19,ASTS
ASTS270319C00110000,110.0,48.92,49.0,53.0,1.0,263.0,1.0155078521728516,True,CALL,2027-03-19,ASTS
ASTS270319C00115000,115.0,48.85,48.3,51.35,16.0,71.0,1.024235835876465,True,CALL,2027-03-19,ASTS
ASTS270319C00120000,120.0,50.0,47.75,49.5,2.0,153.0,1.030400355834961,False,CALL,2027-03-19,ASTS
ASTS270319C00125000,125.0,46.0,44.6,48.15,1.0,228.0,1.0112354125976561,False,CALL,2027-03-19,ASTS
ASTS270319C00130000,130.0,43.5,44.0,47.0,3.0,144.0,1.0217944418334959,False,CALL,2027-03-19,ASTS
ASTS270319C00135000,135.0,44.5,41.6,45.35,1.0,250.0,1.0057422760009764,False,CALL,2027-03-19,ASTS
ASTS270319C00140000,140.0,40.0,41.45,44.2,4.0,25.0,1.018437525024414,False,CALL,2027-03-19,ASTS
ASTS270319C00145000,145.0,40.96,40.0,42.9,2.0,213.0,1.0144092248535155,False,CALL,2027-03-19,ASTS
ASTS270319C00150000,150.0,38.0,39.0,41.7,19.0,2928.0,1.0151721604919433,False,CALL,2027-03-19,ASTS
ASTS270319P00085000,85.0,26.03,22.25,25.5,3.0,149.0,0.9271247521972656,False,PUT,2027-03-19,ASTS
ASTS270319P00090000,90.0,29.4,24.9,28.25,24.0,991.0,0.9223030230712892,False,PUT,2027-03-19,ASTS
ASTS270319P00095000,95.0,28.72,28.6,31.0,1.0,108.0,0.9285285467529296,False,PUT,2027-03-19,ASTS
ASTS270319P00100000,100.0,35.29,30.75,34.0,1.0,275.0,0.9157112921142578,False,PUT,2027-03-19,ASTS
ASTS270319P00105000,105.0,38.2,33.9,37.0,18.0,24.0,0.9133309448242188,False,PUT,2027-03-19,ASTS
ASTS270319P00110000,110.0,42.5,37.75,40.2,11.0,190.0,0.9194954339599608,False,PUT,2027-03-19,ASTS
ASTS270319P00115000,115.0,42.35,41.3,43.5,5.0,29.0,0.9211433666992188,False,PUT,2027-03-19,ASTS
ASTS270319P00120000,120.0,46.37,43.75,46.8,10.0,212.0,0.9086923193359374,True,PUT,2027-03-19,ASTS
ASTS270319P00125000,125.0,49.78,47.5,50.5,5.0,7.0,0.9136666348266601,True,PUT,2027-03-19,ASTS
ASTS270319P00130000,130.0,52.35,51.0,53.5,1.0,187.0,0.9067392138671875,True,PUT,2027-03-19,ASTS
ASTS270319P00135000,135.0,57.3,54.5,57.0,,1.0,0.9039316247558593,True,PUT,2027-03-19,ASTS
ASTS270319P00140000,140.0,58.6,57.55,60.8,2.0,1.0,0.8982554119873045,True,PUT,2027-03-19,ASTS
ASTS270319P00145000,145.0,75.48,61.5,64.4,2.0,2.0,0.8987436883544921,True,PUT,2027-03-19,ASTS
ASTS270319P00150000,150.0,66.68,65.05,68.25,1.0,45.0,0.896515927429199,True,PUT,2027-03-19,ASTS
ASTS271217C00085000,85.0,72.0,69.25,71.9,22.0,1092.0,1.0326586453247075,True,CALL,2027-12-17,ASTS
ASTS271217C00090000,90.0,71.14,67.0,70.0,6.0,5994.0,1.0204211576843263,True,CALL,2027-12-17,ASTS
ASTS271217C00095000,95.0,64.75,65.85,68.7,10.0,109.0,1.026463607940674,True,CALL,2027-12-17,ASTS
ASTS271217C00100000,100.0,67.5,63.5,67.8,98.0,563.0,1.02206909866333,True,CALL,2027-12-17,ASTS
ASTS271217C00105000,105.0,65.7,62.15,65.5,1.0,65.0,1.0124866270446777,True,CALL,2027-12-17,ASTS
ASTS271217C00110000,110.0,64.4,61.9,63.9,3.0,288.0,1.0206652970886232,True,CALL,2027-12-17,ASTS
ASTS271217C00115000,115.0,58.0,59.5,63.2,2.0,104.0,1.0148975036621093,True,CALL,2027-12-17,ASTS
ASTS271217C00120000,120.0,57.53,58.25,61.55,4.0,34.0,1.010380924682617,False,CALL,2027-12-17,ASTS
ASTS271217C00125000,125.0,56.0,57.0,60.85,1.0,116.0,1.014287155151367,False,CALL,2027-12-17,ASTS
ASTS271217C00130000,130.0,56.18,55.5,59.05,6.0,142.0,1.004491061553955,False,CALL,2027-12-17,ASTS
ASTS271217C00135000,135.0,52.45,54.5,58.45,1.0,547.0,1.0099841981506346,False,CALL,2027-12-17,ASTS
ASTS271217C00140000,140.0,53.98,53.6,56.8,6.0,429.0,1.0059558979797363,False,CALL,2027-12-17,ASTS
ASTS271217C00145000,145.0,53.05,52.6,56.5,1.0,134.0,1.0126086967468262,False,CALL,2027-12-17,ASTS
ASTS271217C00150000,150.0,53.25,51.5,54.65,2.0,1300.0,1.0038501956176757,False,CALL,2027-12-17,ASTS
ASTS271217P00085000,85.0,31.05,30.2,32.95,1.0,308.0,0.8912364392089842,False,PUT,2027-12-17,ASTS
ASTS271217P00090000,90.0,34.55,32.15,36.5,2.0,104.0,0.8810436700439452,False,PUT,2027-12-17,ASTS
ASTS271217P00095000,95.0,36.7,36.2,39.15,7.0,27.0,0.8824474645996092,False,PUT,2027-12-17,ASTS
ASTS271217P00100000,100.0,40.05,39.2,42.4,4.0,55.0,0.8775647009277343,False,PUT,2027-12-17,ASTS
ASTS271217P00105000,105.0,44.82,42.05,44.7,10.0,64.0,0.8607191662597657,False,PUT,2027-12-17,ASTS
ASTS271217P00110000,110.0,49.83,45.55,49.05,2.0,24.0,0.8692640026855469,False,PUT,2027-12-17,ASTS
ASTS271217P00115000,115.0,50.18,49.0,52.45,1.0,4.0,0.8668226208496093,False,PUT,2027-12-17,ASTS
ASTS271217P00120000,120.0,58.0,52.7,56.5,1.0,13.0,0.8716138327026367,True,PUT,2027-12-17,ASTS
ASTS271217P00125000,125.0,58.15,56.05,59.4,5.0,7.0,0.8616957189941408,True,PUT,2027-12-17,ASTS
ASTS271217P00130000,130.0,60.2,59.5,63.5,5.0,74.0,0.8626112371826171,True,PUT,2027-12-17,ASTS
ASTS271217P00135000,135.0,64.04,63.5,66.2,1.0,47.0,0.8552870916748048,True,PUT,2027-12-17,ASTS
ASTS271217P00140000,140.0,71.0,67.45,70.35,,1.0,0.8592543371582031,True,PUT,2027-12-17,ASTS
ASTS271217P00145000,145.0,75.2,71.05,74.5,40.0,20.0,0.8594069235229492,True,PUT,2027-12-17,ASTS
ASTS271217P00150000,150.0,77.75,74.6,77.95,15.0,36.0,0.8525710543823243,True,PUT,2027-12-17,ASTS
ASTS280121C00085000,85.0,60.0,69.5,72.8,1.0,717.0,1.020878919067383,True,CALL,2028-01-21,ASTS
ASTS280121C00090000,90.0,70.04,67.55,71.5,1.0,406.0,1.0186206295776365,True,CALL,2028-01-21,ASTS
ASTS280121C00095000,95.0,70.55,66.2,70.0,100.0,259.0,1.0193835652160645,True,CALL,2028-01-21,ASTS
ASTS280121C00100000,100.0,66.7,64.5,68.5,11.0,4357.0,1.0150500907897948,True,CALL,2028-01-21,ASTS
ASTS280121C00105000,105.0,68.69,63.05,66.25,1.0,224.0,1.0046131312561035,True,CALL,2028-01-21,ASTS
ASTS280121C00110000,110.0,64.87,62.55,65.25,15.0,3056.0,1.0157519915771485,True,CALL,2028-01-21,ASTS
ASTS280121C00115000,115.0,61.93,62.0,63.9,5.0,175.0,1.021458750152588,True,CALL,2028-01-21,ASTS
ASTS280121C00120000,120.0,61.54,59.7,62.15,9.0,740.0,1.0052539971923828,False,CALL,2028-01-21,ASTS
ASTS280121C00125000,125.0,60.0,58.15,61.35,2.0,148.0,1.0049183055114745,False,CALL,2028-01-21,ASTS
ASTS280121C00130000,130.0,60.1,57.45,60.45,12.0,442.0,1.0107471337890623,False,CALL,2028-01-21,ASTS
ASTS280121C00135000,135.0,57.25,56.2,59.35,5.0,1535.0,1.0088245359802246,False,CALL,2028-01-21,ASTS
ASTS280121C00140000,140.0,58.94,55.4,58.25,104.0,843.0,1.0103198898315426,False,CALL,2028-01-21,ASTS
ASTS280121C00145000,145.0,54.26,53.85,58.0,2.0,1960.0,1.012028865661621,False,CALL,2028-01-21,ASTS
ASTS280121C00150000,150.0,54.75,53.3,56.15,113.0,9163.0,1.007878495788574,False,CALL,2028-01-21,ASTS
ASTS280121P00085000,85.0,34.46,30.4,33.55,28.0,112.0,0.8782971154785155,False,PUT,2028-01-21,ASTS
ASTS280121P00090000,90.0,34.0,33.5,36.75,4.0,207.0,0.8765576309204101,False,PUT,2028-01-21,ASTS
ASTS280121P00095000,95.0,39.55,36.5,39.85,2.0,163.0,0.8711255563354492,False,PUT,2028-01-21,ASTS
ASTS280121P00100000,100.0,41.0,40.15,42.25,44.0,196.0,0.8640150317382812,False,PUT,2028-01-21,ASTS
ASTS280121P00105000,105.0,43.91,43.35,46.35,6.0,7.0,0.8680433117675781,False,PUT,2028-01-21,ASTS
ASTS280121P00110000,110.0,48.6,46.0,50.0,2.0,108.0,0.8611158908081055,False,PUT,2028-01-21,ASTS
ASTS280121P00115000,115.0,52.73,50.6,52.8,4.0,817.0,0.8634657208251952,False,PUT,2028-01-21,ASTS
ASTS280121P00120000,120.0,55.63,53.75,56.6,3.0,805.0,0.8605970971679688,True,PUT,2028-01-21,ASTS
ASTS280121P00125000,125.0,58.75,57.75,59.6,5.0,286.0,0.8572707144165038,True,PUT,2028-01-21,ASTS
ASTS280121P00130000,130.0,62.0,61.0,64.05,1.0,474.0,0.8591933026123046,True,PUT,2028-01-21,ASTS
ASTS280121P00135000,135.0,68.42,63.5,68.0,2.0,383.0,0.8495803616333008,True,PUT,2028-01-21,ASTS
ASTS280121P00140000,140.0,67.78,68.0,71.45,1.0,23.0,0.8520217434692383,True,PUT,2028-01-21,ASTS
ASTS280121P00145000,145.0,75.35,71.5,75.2,2.0,225.0,0.8478408770751953,True,PUT,2028-01-21,ASTS
ASTS280121P00150000,150.0,77.4,75.8,78.95,1.0,491.0,0.84961087890625,True,PUT,2028-01-21,ASTS
AUR260130C00003500,3.5,0.86,0.65,1.2,5.0,16.0,2.4062539843749997,True,CALL,2026-01-30,AUR
AUR260130C00004000,4.0,0.45,0.35,0.55,52.0,187.0,1.5625021874999998,True,CALL,2026-01-30,AUR
AUR260130C00004500,4.5,0.08,0.0,0.1,7.0,670.0,0.7187528125,False,CALL,2026-01-30,AUR
AUR260130C00005000,5.0,0.05,0.0,0.05,5.0,1674.0,1.40625296875,False,CALL,2026-01-30,AUR
AUR260130C00005500,5.5,0.01,0.0,0.05,1.0,242.0,2.0937547656249995,False,CALL,2026-01-30,AUR
AUR260130P00003500,3.5,0.05,0.0,0.75,3.0,65.0,6.4062519921875,False,PUT,2026-01-30,AUR
AUR260130P00004000,4.0,0.01,0.0,0.15,1.0,216.0,1.75000125,False,PUT,2026-01-30,AUR
AUR260130P00004500,4.5,0.25,0.15,0.3,1.0,365.0,1.2656286718749998,True,PUT,2026-01-30,AUR
AUR260130P00005000,5.0,0.6,0.4,0.7,4.0,68.0,2.2031294921874993,True,PUT,2026-01-30,AUR
AUR260130P00005500,5.5,1.01,0.7,1.4,3.0,12.0,4.937503828124999,True,PUT,2026-01-30,AUR
AUR260206C00003500,3.5,1.4,0.6,1.3,1.0,11.0,1.3281283593749997,True,CALL,2026-02-06,AUR
AUR260206C00004000,4.0,0.47,0.15,0.55,1.0,20.0,1.203128984375,True,CALL,2026-02-06,AUR
AUR260206C00004500,4.5,0.2,0.1,0.2,4.0,181.0,0.7187528125,False,CALL,2026-02-06,AUR
AUR260206C00005000,5.0,0.05,0.0,0.05,16.0,1657.0,0.6562534375000001,False,CALL,2026-02-06,AUR
AUR260206C00005500,5.5,0.03,0.0,0.05,1.0,2346.0,0.98437515625,False,CALL,2026-02-06,AUR
AUR260206P00003500,3.5,0.09,0.0,0.05,15.0,115.0,1.0468797656250002,False,PUT,2026-02-06,AUR
AUR260206P00004000,4.0,0.05,0.0,0.1,1.0,76.0,0.6953155468750001,False,PUT,2026-02-06,AUR
AUR260206P00004500,4.5,0.25,0.2,0.3,6.0,37.0,0.6875031250000001,True,PUT,2026-02-06,AUR
AUR260206P00005000,5.0,0.7,0.55,0.8,2.0,43.0,0.914063359375,True,PUT,2026-02-06,AUR
AUR260206P00005500,5.5,1.1,0.7,1.65,1.0,32.0,1.2968785156249998,True,PUT,2026-02-06,AUR
AUR260213C00003500,3.5,0.7,0.45,1.55,,1.0,1.2500037499999999,True,CALL,2026-02-13,AUR
AUR260213C00004000,4.0,0.6,0.5,0.6,4.0,12.0,0.9062509375,True,CALL,2026-02-13,AUR
AUR260213C00004500,4.5,0.3,0.25,0.35,17.0,345.0,0.945313046875,False,CALL,2026-02-13,AUR
AUR260213C00005000,5.0,0.15,0.1,0.2,1.0,1443.0,0.9687503125,False,CALL,2026-02-13,AUR
AUR260213C00005500,5.5,0.09,0.05,0.1,167.0,499.0,1.000005,False,CALL,2026-02-13,AUR
AUR260213P00003500,3.5,0.05,0.0,0.75,4.0,13.0,2.2656293359374997,False,PUT,2026-02-13,AUR
AUR260213P00004000,4.0,0.15,0.1,0.2,1.0,685.0,0.87500125,False,PUT,2026-02-13,AUR
AUR260213P00004500,4.5,0.39,0.35,0.45,50.0,382.0,0.9257819921875,True,PUT,2026-02-13,AUR
AUR260213P00005000,5.0,0.73,0.7,0.8,1.0,155.0,0.945313046875,True,PUT,2026-02-13,AUR
AUR260213P00005500,5.5,1.08,0.75,1.5,2.0,3.0,0.6875031250000001,True,PUT,2026-02-13,AUR
AUR260220C00004000,4.0,0.6,0.15,0.9,92.0,491.0,0.6875031250000001,True,CALL,2026-02-20,AUR
AUR260220C00004500,4.5,0.3,0.05,0.4,45.0,187.0,0.6210975390625001,False,CALL,2026-02-20,AUR
AUR260220C00005000,5.0,0.19,0.15,0.2,6.0,3304.0,0.87500125,False,CALL,2026-02-20,AUR
AUR260220C00005500,5.5,0.1,0.05,0.15,2.0,227.0,0.92187578125,False,CALL,2026-02-20,AUR
AUR260220P00004000,4.0,0.24,0.0,0.3,17.0,235.0,0.73437765625,False,PUT,2026-02-20,AUR
AUR260220P00004500,4.5,0.4,0.05,0.55,10.0,74.0,0.5429733203125001,True,PUT,2026-02-20,AUR
AUR260220P00005000,5.0,0.76,0.35,1.05,8.0,255.0,0.648441015625,True,PUT,2026-02-20,AUR
AUR260220P00005500,5.5,1.04,0.75,1.5,,1.0,0.5625043750000001,True,PUT,2026-02-20,AUR
AUR260227C00004500,4.5,0.4,0.3,0.4,10.0,55.0,0.7929708203125,False,CALL,2026-02-27,AUR
AUR260227C00005000,5.0,0.3,0.2,0.25,1.0,50.0,0.87500125,False,CALL,2026-02-27,AUR
AUR260227C00005500,5.5,0.19,0.1,0.15,1.0,56.0,0.8789074609374999,False,CALL,2026-02-27,AUR
AUR260227P00003500,3.5,0.05,0.05,0.15,1.0,13.0,0.8828136718749999,False,PUT,2026-02-27,AUR
AUR260227P00004000,4.0,0.17,0.2,0.25,1.0,97.0,0.8164080859374999,False,PUT,2026-02-27,AUR
AUR260227P00004500,4.5,0.4,0.4,0.5,2.0,140.0,0.7773459765625,True,PUT,2026-02-27,AUR
AUR260227P00005000,5.0,0.65,0.75,0.85,10.0,28.0,0.8007832421875,True,PUT,2026-02-27,AUR
AUR260227P00005500,5.5,1.16,1.1,1.4,2.0,4.0,0.92187578125,True,PUT,2026-02-27,AUR
AUR260306C00004500,4.5,0.4,0.35,0.45,1.0,7.0,0.8007832421875,False,CALL,2026-03-06,AUR
AUR260306C00005000,5.0,0.26,0.2,0.3,1.0,36.0,0.8359391406249999,False,CALL,2026-03-06,AUR
AUR260306P00004000,4.0,0.25,0.2,0.3,3.0,15.0,0.7851583984375,False,PUT,2026-03-06,AUR
AUR260306P00005000,5.0,0.71,0.8,0.9,4.0,4.0,0.8203142968749999,True,PUT,2026-03-06,AUR
AUR260320C00004000,4.0,0.69,0.7,0.75,22.0,2140.0,0.8105487695312499,True,CALL,2026-03-20,AUR
AUR260320C00005000,5.0,0.3,0.25,0.35,1.0,4541.0,0.7929708203125,False,CALL,2026-03-20,AUR
AUR260320P00004000,4.0,0.28,0.25,0.35,6.0,1353.0,0.7539087109375,False,PUT,2026-03-20,AUR
AUR260320P00005000,5.0,0.85,0.8,0.95,17.0,2410.0,0.7382838671874999,True,PUT,2026-03-20,AUR
AUR260515C00004000,4.0,1.0,0.85,1.0,26.0,876.0,0.7929708203125,True,CALL,2026-05-15,AUR
AUR260515C00005000,5.0,0.6,0.5,0.6,16.0,2034.0,0.81445498046875,False,CALL,2026-05-15,AUR
AUR260515P00004000,4.0,0.5,0.45,0.5,70.0,362.0,0.7246121289062499,False,PUT,2026-05-15,AUR
AUR260515P00005000,5.0,0.79,1.05,1.15,1.0,216.0,0.7539087109375,True,PUT,2026-05-15,AUR
AUR260618C00004000,4.0,0.8,0.95,1.05,5.0,2986.0,0.7656273437500001,True,CALL,2026-06-18,AUR
AUR260618C00005000,5.0,0.62,0.6,0.65,2.0,3016.0,0.778322529296875,False,CALL,2026-06-18,AUR
AUR260618P00004000,4.0,0.55,0.55,0.6,60.0,346.0,0.7324245507812499,False,PUT,2026-06-18,AUR
AUR260618P00005000,5.0,1.25,1.15,1.2,10.0,313.0,0.7246121289062499,True,PUT,2026-06-18,AUR
AUR260918C00004000,4.0,1.21,1.15,1.3,3.0,4.0,0.773439765625,True,CALL,2026-09-18,AUR
AUR260918C00005000,5.0,0.88,0.75,0.9,41.0,59.0,0.7480493945312501,False,CALL,2026-09-18,AUR
AUR270115C00003500,3.5,1.62,1.6,1.75,18.0,547.0,0.782228740234375,True,CALL,2027-01-15,AUR
AUR270115C00004000,4.0,1.53,1.4,1.5,24.0,3003.0,0.7753928710937501,True,CALL,2027-01-15,AUR
AUR270115C00004500,4.5,1.23,1.15,1.25,53.0,1964.0,0.735354208984375,False,CALL,2027-01-15,AUR
AUR270115C00005000,5.0,1.1,1.05,1.1,97.0,10857.0,0.75586181640625,False,CALL,2027-01-15,AUR
AUR270115C00005500,5.5,1.0,0.85,1.0,46.0,4340.0,0.747072841796875,False,CALL,2027-01-15,AUR
AUR270115P00003500,3.5,0.65,0.55,0.7,15.0,1431.0,0.6679720703125002,False,PUT,2027-01-15,AUR
AUR270115P00004000,4.0,0.86,0.8,0.95,60.0,505.0,0.6562534375000001,False,PUT,2027-01-15,AUR
AUR270115P00004500,4.5,1.2,1.05,1.25,45.0,586.0,0.639652041015625,True,PUT,2027-01-15,AUR
AUR270115P00005000,5.0,1.5,1.4,1.6,1.0,1321.0,0.648441015625,True,PUT,2027-01-15,AUR
AUR270115P00005500,5.5,1.85,1.75,1.95,3.0,7497.0,0.64062859375,True,PUT,2027-01-15,AUR
AUR280121C00005000,5.0,1.65,1.55,2.25,98.0,13677.0,0.885743330078125,False,CALL,2028-01-21,AUR
AUR280121P00005000,5.0,1.95,1.75,2.0,1.0,1273.0,0.6074258007812501,True,PUT,2028-01-21,AUR
AVGO260130C00235000,235.0,93.75,93.35,96.85,2.0,22.0,2.739260964355469,True,CALL,2026-01-30,AVGO
AVGO260130C00240000,240.0,87.11,88.35,91.8,1.0,18.0,2.5839879150390628,True,CALL,2026-01-30,AVGO
AVGO260130C00245000,245.0,74.13,83.35,86.85,44.0,54.0,2.4545937072753907,True,CALL,2026-01-30,AVGO
AVGO260130C00250000,250.0,82.42,78.25,81.85,97.0,1394.0,2.2939495776367185,True,CALL,2026-01-30,AVGO
AVGO260130C00255000,255.0,65.18,73.95,76.35,1.0,27.0,2.198246691894531,True,CALL,2026-01-30,AVGO
AVGO260130C00260000,260.0,72.34,68.95,71.35,4.0,54.0,2.0610400036621095,True,CALL,2026-01-30,AVGO
AVGO260130C00265000,265.0,79.75,63.95,66.15,1.0,30.0,1.888672431640625,True,CALL,2026-01-30,AVGO
AVGO260130C00270000,270.0,60.12,58.9,61.35,2.0,34.0,1.783204208984375,True,CALL,2026-01-30,AVGO
AVGO260130C00275000,275.0,53.99,53.95,56.1,1.0,36.0,1.6167011352539062,True,CALL,2026-01-30,AVGO
AVGO260130C00280000,280.0,50.5,48.95,50.5,36.0,187.0,1.3803741918945311,True,CALL,2026-01-30,AVGO
AVGO260130C00282500,282.5,50.26,46.4,48.9,1.0,1.0,1.460451916503906,True,CALL,2026-01-30,AVGO
AVGO260130C00285000,285.0,47.45,43.95,46.15,3.0,24.0,1.365237548828125,True,CALL,2026-01-30,AVGO
AVGO260130C00287500,287.5,40.15,41.4,43.9,1.0,1.0,1.3291049169921871,True,CALL,2026-01-30,AVGO
AVGO260130C00290000,290.0,38.77,39.0,41.15,5.0,156.0,1.2426795678710936,True,CALL,2026-01-30,AVGO
AVGO260130C00292500,292.5,39.9,36.2,38.65,1.0,3.0,1.1352582299804688,True,CALL,2026-01-30,AVGO
AVGO260130C00295000,295.0,38.3,33.7,36.45,61.0,61.0,1.1123091259765625,True,CALL,2026-01-30,AVGO
AVGO260130C00297500,297.5,35.0,31.2,33.95,1.0,10.0,1.0468797656250002,True,CALL,2026-01-30,AVGO
AVGO260130C00300000,300.0,28.5,29.1,31.55,16.0,341.0,1.0390673046875003,True,CALL,2026-01-30,AVGO
AVGO260130C00302500,302.5,29.75,26.65,28.8,1.0,20.0,0.9492192578124999,True,CALL,2026-01-30,AVGO
AVGO260130C00305000,305.0,25.87,23.6,25.75,7.0,88.0,0.752932158203125,True,CALL,2026-01-30,AVGO
AVGO260130C00307500,307.5,20.87,21.65,24.1,36.0,54.0,0.8425308715820312,True,CALL,2026-01-30,AVGO
AVGO260130C00310000,310.0,20.36,18.95,21.2,46.0,446.0,0.7148466015625,True,CALL,2026-01-30,AVGO
AVGO260130C00312500,312.5,17.94,17.55,18.3,37.0,183.0,0.70898728515625,True,CALL,2026-01-30,AVGO
AVGO260130C00315000,315.0,16.3,14.95,15.75,279.0,695.0,0.6232947827148438,True,CALL,2026-01-30,AVGO
AVGO260130C00317500,317.5,13.0,12.55,13.55,74.0,712.0,0.579105771484375,True,CALL,2026-01-30,AVGO
AVGO260130C00320000,320.0,10.79,10.7,11.2,1431.0,1783.0,0.5537154003906251,True,CALL,2026-01-30,AVGO
AVGO260130C00322500,322.5,8.81,8.55,8.9,1055.0,794.0,0.5009815527343751,True,CALL,2026-01-30,AVGO
AVGO260130C00325000,325.0,7.16,6.7,6.95,1973.0,1566.0,0.4870656762695313,True,CALL,2026-01-30,AVGO
AVGO260130C00327500,327.5,5.25,5.2,5.4,1249.0,1222.0,0.4777884252929688,True,CALL,2026-01-30,AVGO
AVGO260130C00330000,330.0,3.88,3.8,4.0,3583.0,3272.0,0.4624077197265626,False,CALL,2026-01-30,AVGO
AVGO260130C00332500,332.5,2.75,2.58,2.73,1896.0,2135.0,0.43677321044921874,False,CALL,2026-01-30,AVGO
AVGO260130C00335000,335.0,1.87,1.77,1.89,4238.0,3546.0,0.432622861328125,False,CALL,2026-01-30,AVGO
AVGO260130C00337500,337.5,1.2,1.15,1.22,2760.0,1587.0,0.42383388671875,False,CALL,2026-01-30,AVGO
AVGO260130C00340000,340.0,0.74,0.73,0.81,4649.0,8468.0,0.4272518212890626,False,CALL,2026-01-30,AVGO
AVGO260130C00342500,342.5,0.48,0.46,0.52,688.0,1729.0,0.42969320312500003,False,CALL,2026-01-30,AVGO
AVGO260130C00345000,345.0,0.3,0.29,0.34,1972.0,4191.0,0.436529072265625,False,CALL,2026-01-30,AVGO
AVGO260130C00347500,347.5,0.21,0.18,0.23,1576.0,3161.0,0.44824770507812495,False,CALL,2026-01-30,AVGO
AVGO260130C00350000,350.0,0.15,0.12,0.15,6047.0,10305.0,0.45606012695312503,False,CALL,2026-01-30,AVGO
AVGO260130C00352500,352.5,0.12,0.09,0.13,1345.0,3190.0,0.48730981445312505,False,CALL,2026-01-30,AVGO
AVGO260130C00355000,355.0,0.08,0.07,0.1,1406.0,3642.0,0.50586431640625,False,CALL,2026-01-30,AVGO
AVGO260130C00357500,357.5,0.06,0.05,0.08,360.0,1318.0,0.5117236328125,False,CALL,2026-01-30,AVGO
AVGO260130C00360000,360.0,0.05,0.03,0.06,6935.0,8825.0,0.523442265625,False,CALL,2026-01-30,AVGO
AVGO260130C00362500,362.5,0.05,0.04,0.06,1191.0,2816.0,0.5664105859375,False,CALL,2026-01-30,AVGO
AVGO260130C00365000,365.0,0.04,0.03,0.04,3000.0,3520.0,0.5742230078125,False,CALL,2026-01-30,AVGO
AVGO260130C00367500,367.5,0.04,0.01,0.04,6.0,284.0,0.585941640625,False,CALL,2026-01-30,AVGO
AVGO260130C00370000,370.0,0.03,0.02,0.03,997.0,3915.0,0.6171913281250001,False,CALL,2026-01-30,AVGO
AVGO260130C00372500,372.5,0.02,0.01,0.04,42.0,179.0,0.648441015625,False,CALL,2026-01-30,AVGO
AVGO260130C00375000,375.0,0.02,0.01,0.03,64.0,4625.0,0.6640658593750002,False,CALL,2026-01-30,AVGO
AVGO260130C00377500,377.5,0.01,0.01,0.08,3.0,67.0,0.7578149218750001,False,CALL,2026-01-30,AVGO
AVGO260130C00380000,380.0,0.03,0.02,0.11,290.0,2320.0,0.8242205078124999,False,CALL,2026-01-30,AVGO
AVGO260130C00382500,382.5,0.01,0.01,0.1,20.0,21.0,0.8398453515625,False,CALL,2026-01-30,AVGO
AVGO260130C00385000,385.0,0.02,0.01,0.03,37.0,1258.0,0.7812521875,False,CALL,2026-01-30,AVGO
AVGO260130C00390000,390.0,0.01,0.01,0.02,153.0,4257.0,0.8125018749999999,False,CALL,2026-01-30,AVGO
AVGO260130C00395000,395.0,0.03,0.01,0.03,26.0,1081.0,0.8906260937499999,False,CALL,2026-01-30,AVGO
AVGO260130C00400000,400.0,0.01,0.0,0.01,365.0,3175.0,0.8437515624999999,False,CALL,2026-01-30,AVGO
AVGO260130C00405000,405.0,0.02,0.0,0.01,1.0,641.0,0.87500125,False,CALL,2026-01-30,AVGO
AVGO260130C00410000,410.0,0.01,0.0,0.01,7.0,1643.0,0.937500625,False,CALL,2026-01-30,AVGO
AVGO260130C00415000,415.0,0.02,0.0,0.01,4.0,654.0,0.9687503125,False,CALL,2026-01-30,AVGO
AVGO260130C00420000,420.0,0.01,0.0,0.01,4.0,1304.0,1.0312548437500002,False,CALL,2026-01-30,AVGO
AVGO260130C00425000,425.0,0.01,0.0,0.01,100.0,858.0,1.0625046875000002,False,CALL,2026-01-30,AVGO
AVGO260130P00235000,235.0,0.61,0.0,0.01,1.0,64.0,1.40625296875,False,PUT,2026-01-30,AVGO
AVGO260130P00240000,240.0,0.01,0.01,0.04,20.0,327.0,1.5312523437499999,False,PUT,2026-01-30,AVGO
AVGO260130P00245000,245.0,0.02,0.01,0.02,14.0,546.0,1.3750031249999999,False,PUT,2026-01-30,AVGO
AVGO260130P00250000,250.0,0.02,0.01,0.02,34.0,2411.0,1.2812535937499998,False,PUT,2026-01-30,AVGO
AVGO260130P00255000,255.0,0.01,0.01,0.05,8.0,2336.0,1.2812535937499998,False,PUT,2026-01-30,AVGO
AVGO260130P00260000,260.0,0.02,0.01,0.03,17.0,8022.0,1.140629296875,False,PUT,2026-01-30,AVGO
AVGO260130P00265000,265.0,0.02,0.01,0.04,118.0,823.0,1.0781296093750001,False,PUT,2026-01-30,AVGO
AVGO260130P00270000,270.0,0.03,0.02,0.04,90.0,6675.0,1.015629921875,False,PUT,2026-01-30,AVGO
AVGO260130P00275000,275.0,0.03,0.03,0.04,27.0,2564.0,0.945313046875,False,PUT,2026-01-30,AVGO
AVGO260130P00280000,280.0,0.03,0.02,0.05,176.0,7565.0,0.85937640625,False,PUT,2026-01-30,AVGO
AVGO260130P00282500,282.5,0.07,0.01,0.06,52.0,1310.0,0.8164080859374999,False,PUT,2026-01-30,AVGO
AVGO260130P00285000,285.0,0.03,0.03,0.05,226.0,6695.0,0.7851583984375,False,PUT,2026-01-30,AVGO
AVGO260130P00287500,287.5,0.05,0.05,0.07,142.0,1039.0,0.7812521875,False,PUT,2026-01-30,AVGO
AVGO260130P00290000,290.0,0.06,0.05,0.06,1450.0,6070.0,0.7304714453125,False,PUT,2026-01-30,AVGO
AVGO260130P00292500,292.5,0.07,0.05,0.09,123.0,4137.0,0.7070341796875,False,PUT,2026-01-30,AVGO
AVGO260130P00295000,295.0,0.09,0.08,0.1,641.0,3588.0,0.68555001953125,False,PUT,2026-01-30,AVGO
AVGO260130P00297500,297.5,0.1,0.09,0.11,786.0,48724.0,0.65039412109375,False,PUT,2026-01-30,AVGO
AVGO260130P00300000,300.0,0.12,0.1,0.13,1406.0,26783.0,0.6162147753906251,False,PUT,2026-01-30,AVGO
AVGO260130P00302500,302.5,0.15,0.11,0.15,588.0,951.0,0.5800823242187501,False,PUT,2026-01-30,AVGO
AVGO260130P00305000,305.0,0.15,0.13,0.16,1274.0,4215.0,0.5410202148437502,False,PUT,2026-01-30,AVGO
AVGO260130P00307500,307.5,0.18,0.16,0.21,1597.0,1926.0,0.514653291015625,False,PUT,2026-01-30,AVGO
AVGO260130P00310000,310.0,0.23,0.21,0.24,4805.0,6733.0,0.48730981445312505,False,PUT,2026-01-30,AVGO
AVGO260130P00312500,312.5,0.31,0.28,0.32,1158.0,3355.0,0.46191944335937507,False,PUT,2026-01-30,AVGO
AVGO260130P00315000,315.0,0.4,0.4,0.42,3600.0,9950.0,0.4331111376953125,False,PUT,2026-01-30,AVGO
AVGO260130P00317500,317.5,0.6,0.55,0.63,1490.0,1787.0,0.418951123046875,False,PUT,2026-01-30,AVGO
AVGO260130P00320000,320.0,0.82,0.79,0.86,3866.0,7321.0,0.39234006103515623,False,PUT,2026-01-30,AVGO
AVGO260130P00322500,322.5,1.23,1.17,1.25,1255.0,1110.0,0.3737855590820312,False,PUT,2026-01-30,AVGO
AVGO260130P00325000,325.0,1.82,1.72,1.83,2770.0,4039.0,0.3579165771484375,False,PUT,2026-01-30,AVGO
AVGO260130P00327500,327.5,2.55,2.47,2.61,1389.0,1222.0,0.33960621337890623,False,PUT,2026-01-30,AVGO
AVGO260130P00330000,330.0,3.66,3.5,3.75,2091.0,3386.0,0.32959654785156245,True,PUT,2026-01-30,AVGO
AVGO260130P00332500,332.5,4.95,4.85,5.05,504.0,1210.0,0.30225307128906254,True,PUT,2026-01-30,AVGO
AVGO260130P00335000,335.0,6.6,6.45,6.7,741.0,1718.0,0.27149166015625,True,PUT,2026-01-30,AVGO
AVGO260130P00337500,337.5,8.85,8.2,8.5,316.0,410.0,1.0000000000000003e-05,True,PUT,2026-01-30,AVGO
AVGO260130P00340000,340.0,10.77,10.1,11.15,231.0,1939.0,0.260749580078125,True,PUT,2026-01-30,AVGO
AVGO260130P00342500,342.5,12.7,12.1,13.9,4.0,348.0,0.3920959228515625,True,PUT,2026-01-30,AVGO
AVGO260130P00345000,345.0,15.73,14.5,16.15,205.0,750.0,0.3505924316406249,True,PUT,2026-01-30,AVGO
AVGO260130P00347500,347.5,20.0,16.75,18.55,63.0,149.0,0.29688203124999996,True,PUT,2026-01-30,AVGO
AVGO260130P00350000,350.0,20.93,19.65,21.6,97.0,1889.0,0.6020547607421877,True,PUT,2026-01-30,AVGO
AVGO260130P00352500,352.5,27.8,21.65,23.45,6.0,81.0,1.0000000000000003e-05,True,PUT,2026-01-30,AVGO
AVGO260130P00355000,355.0,30.0,24.15,25.8,6.0,300.0,1.0000000000000003e-05,True,PUT,2026-01-30,AVGO
AVGO260130P00357500,357.5,27.66,26.6,28.7,2.0,81.0,0.5908244042968751,True,PUT,2026-01-30,AVGO
AVGO260130P00360000,360.0,29.6,29.15,31.2,25.0,351.0,0.631839619140625,True,PUT,2026-01-30,AVGO
AVGO260130P00362500,362.5,32.85,31.6,33.65,1.0,39.0,0.6347692773437501,True,PUT,2026-01-30,AVGO
AVGO260130P00365000,365.0,34.5,34.15,36.2,16.0,220.0,0.710940390625,True,PUT,2026-01-30,AVGO
AVGO260130P00370000,370.0,38.16,39.1,41.15,2.0,89.0,0.7460962890625,True,PUT,2026-01-30,AVGO
AVGO260130P00375000,375.0,46.4,43.35,46.75,5.0,2.0,1.1220747021484376,True,PUT,2026-01-30,AVGO
AVGO260130P00377500,377.5,43.1,45.75,49.25,,0.0,1.1660197949218751,True,PUT,2026-01-30,AVGO
AVGO260130P00380000,380.0,64.54,48.25,51.75,1.0,0.0,1.2089883300781248,True,PUT,2026-01-30,AVGO
AVGO260130P00385000,385.0,59.85,53.3,56.75,5.0,0.0,1.2939488427734374,True,PUT,2026-01-30,AVGO
AVGO260130P00390000,390.0,57.65,58.3,61.75,1.0,3.0,1.3759796826171873,True,PUT,2026-01-30,AVGO
AVGO260130P00395000,395.0,75.6,63.3,66.75,1.0,0.0,1.4560574072265624,True,PUT,2026-01-30,AVGO
AVGO260130P00400000,400.0,73.6,68.3,71.75,4.0,0.0,1.53515857421875,True,PUT,2026-01-30,AVGO
AVGO260130P00405000,405.0,59.5,73.3,76.75,7.0,0.0,1.611330068359375,True,PUT,2026-01-30,AVGO
AVGO260130P00410000,410.0,63.98,78.35,81.75,1.0,0.0,1.6865250048828124,True,PUT,2026-01-30,AVGO
AVGO260130P00415000,415.0,67.5,83.3,86.75,,0.0,1.759766826171875,True,PUT,2026-01-30,AVGO
AVGO260130P00420000,420.0,87.35,88.3,91.75,36.0,0.0,1.8320320898437497,True,PUT,2026-01-30,AVGO
AVGO260130P00425000,425.0,69.15,93.3,96.75,1.0,0.0,1.90234423828125,True,PUT,2026-01-30,AVGO
AVGO260206C00235000,235.0,90.77,94.1,96.4,1.0,27.0,1.32422212890625,True,CALL,2026-02-06,AVGO
AVGO260206C00240000,240.0,86.85,89.15,91.6,1.0,26.0,1.2802770361328122,True,CALL,2026-02-06,AVGO
AVGO260206C00245000,245.0,104.0,84.15,86.65,,26.0,1.2163125122070313,True,CALL,2026-02-06,AVGO
AVGO260206C00250000,250.0,69.77,79.2,81.65,10.0,34.0,1.15234798828125,True,CALL,2026-02-06,AVGO
AVGO260206C00255000,255.0,69.22,74.2,76.7,5.0,30.0,1.0893600219726562,True,CALL,2026-02-06,AVGO
AVGO260206C00260000,260.0,64.29,69.3,71.75,5.0,30.0,1.0341845166015626,True,CALL,2026-02-06,AVGO
AVGO260206C00265000,265.0,57.28,64.45,66.5,6.0,33.0,0.9599613378906249,True,CALL,2026-02-06,AVGO
AVGO260206C00270000,270.0,63.2,59.5,61.95,1.0,52.0,0.9289557885742188,True,CALL,2026-02-06,AVGO
AVGO260206C00275000,275.0,58.47,54.6,57.05,5.0,13.0,0.8747571118164061,True,CALL,2026-02-06,AVGO
AVGO260206C00277500,277.5,51.15,52.2,54.35,2.0,5.0,0.8349625878906248,True,CALL,2026-02-06,AVGO
AVGO260206C00280000,280.0,50.5,50.0,52.15,39.0,35.0,0.8361832788085937,True,CALL,2026-02-06,AVGO
AVGO260206C00282500,282.5,46.02,47.4,49.55,2.0,21.0,0.7907735766601562,True,CALL,2026-02-06,AVGO
AVGO260206C00285000,285.0,43.9,44.95,47.15,18.0,36.0,0.7648949291992189,True,CALL,2026-02-06,AVGO
AVGO260206C00287500,287.5,41.58,42.65,45.1,17.0,13.0,0.7634301000976562,True,CALL,2026-02-06,AVGO
AVGO260206C00290000,290.0,38.99,40.55,42.65,7.0,11.0,0.7492700854492188,True,CALL,2026-02-06,AVGO
AVGO260206C00292500,292.5,34.25,38.1,40.1,10.0,43.0,0.7135038415527344,True,CALL,2026-02-06,AVGO
AVGO260206C00295000,295.0,29.67,35.75,38.0,12.0,14.0,0.7010527941894531,True,CALL,2026-02-06,AVGO
AVGO260206C00297500,297.5,33.0,33.35,35.9,11.0,28.0,0.6843293286132813,True,CALL,2026-02-06,AVGO
AVGO260206C00300000,300.0,27.05,31.1,33.55,6.0,65.0,0.6621127539062501,True,CALL,2026-02-06,AVGO
AVGO260206C00302500,302.5,23.34,29.65,31.2,1.0,28.0,0.6667513793945314,True,CALL,2026-02-06,AVGO
AVGO260206C00305000,305.0,25.0,26.9,28.45,5.0,42.0,0.6098671826171876,True,CALL,2026-02-06,AVGO
AVGO260206C00307500,307.5,21.45,24.6,27.25,9.0,56.0,0.6191444335937502,True,CALL,2026-02-06,AVGO
AVGO260206C00310000,310.0,24.1,23.7,24.05,10.0,1019.0,0.6049844189453126,True,CALL,2026-02-06,AVGO
AVGO260206C00312500,312.5,19.95,21.8,22.05,1.0,120.0,0.5939982006835938,True,CALL,2026-02-06,AVGO
AVGO260206C00315000,315.0,20.22,19.75,20.1,36.0,1131.0,0.5770305969238281,True,CALL,2026-02-06,AVGO
AVGO260206C00317500,317.5,18.0,17.95,18.3,5.0,159.0,0.5678754150390625,True,CALL,2026-02-06,AVGO
AVGO260206C00320000,320.0,16.74,16.2,16.5,91.0,621.0,0.5564009204101563,True,CALL,2026-02-06,AVGO
AVGO260206C00322500,322.5,14.65,14.35,14.65,89.0,257.0,0.5375412457275393,True,CALL,2026-02-06,AVGO
AVGO260206C00325000,325.0,13.1,13.1,13.25,212.0,930.0,0.5410202148437502,True,CALL,2026-02-06,AVGO
AVGO260206C00327500,327.5,11.6,11.5,11.8,64.0,605.0,0.5302781347656251,True,CALL,2026-02-06,AVGO
AVGO260206C00330000,330.0,10.25,10.1,10.35,501.0,683.0,0.5202074346923828,False,CALL,2026-02-06,AVGO
AVGO260206C00332500,332.5,9.05,8.9,9.1,282.0,509.0,0.5153857055664062,False,CALL,2026-02-06,AVGO
AVGO260206C00335000,335.0,7.8,7.7,7.95,543.0,1164.0,0.5083056982421875,False,CALL,2026-02-06,AVGO
AVGO260206C00337500,337.5,6.86,6.75,6.95,620.0,251.0,0.5067188000488281,False,CALL,2026-02-06,AVGO
AVGO260206C00340000,340.0,5.9,5.75,5.95,1061.0,2883.0,0.5042774182128906,False,CALL,2026-02-06,AVGO
AVGO260206C00342500,342.5,4.98,4.95,5.2,88.0,293.0,0.5053760400390624,False,CALL,2026-02-06,AVGO
AVGO260206C00345000,345.0,4.4,4.25,4.4,194.0,1080.0,0.4991505163574219,False,CALL,2026-02-06,AVGO
AVGO260206C00347500,347.5,3.65,3.6,3.75,65.0,169.0,0.4968312036132813,False,CALL,2026-02-06,AVGO
AVGO260206C00350000,350.0,3.05,3.05,3.15,1903.0,2463.0,0.4928029235839845,False,CALL,2026-02-06,AVGO
AVGO260206C00352500,352.5,2.56,2.59,2.71,55.0,349.0,0.49487809814453126,False,CALL,2026-02-06,AVGO
AVGO260206C00355000,355.0,2.2,2.17,2.29,232.0,1270.0,0.4943898217773438,False,CALL,2026-02-06,AVGO
AVGO260206C00357500,357.5,1.85,1.8,1.92,198.0,205.0,0.49341326904296884,False,CALL,2026-02-06,AVGO
AVGO260206C00360000,360.0,1.49,1.5,1.6,575.0,1941.0,0.4924367163085938,False,CALL,2026-02-06,AVGO
AVGO260206C00362500,362.5,1.27,1.26,1.34,64.0,127.0,0.4929249926757813,False,CALL,2026-02-06,AVGO
AVGO260206C00365000,365.0,1.09,1.04,1.11,331.0,685.0,0.4924367163085938,False,CALL,2026-02-06,AVGO
AVGO260206C00367500,367.5,0.89,0.85,0.94,107.0,147.0,0.4953663745117188,False,CALL,2026-02-06,AVGO
AVGO260206C00370000,370.0,0.74,0.71,0.77,450.0,1715.0,0.4946339599609375,False,CALL,2026-02-06,AVGO
AVGO260206C00372500,372.5,0.55,0.59,0.65,52.0,68.0,0.4975636181640626,False,CALL,2026-02-06,AVGO
AVGO260206C00375000,375.0,0.52,0.49,0.54,176.0,1486.0,0.499028447265625,False,CALL,2026-02-06,AVGO
AVGO260206C00377500,377.5,0.43,0.4,0.46,112.0,144.0,0.5034229345703125,False,CALL,2026-02-06,AVGO
AVGO260206C00380000,380.0,0.35,0.33,0.39,152.0,1786.0,0.500005,False,CALL,2026-02-06,AVGO
AVGO260206C00382500,382.5,0.45,0.27,0.33,6.0,84.0,0.5024463818359376,False,CALL,2026-02-06,AVGO
AVGO260206C00385000,385.0,0.19,0.22,0.27,95.0,812.0,0.5034229345703125,False,CALL,2026-02-06,AVGO
AVGO260206C00387500,387.5,0.17,0.18,0.23,3.0,24.0,0.5063525927734375,False,CALL,2026-02-06,AVGO
AVGO260206C00390000,390.0,0.14,0.15,0.2,108.0,999.0,0.5107470800781251,False,CALL,2026-02-06,AVGO
AVGO260206C00395000,395.0,0.12,0.1,0.15,4.0,393.0,0.5185595019531251,False,CALL,2026-02-06,AVGO
AVGO260206C00397500,397.5,0.18,0.08,0.13,11.0,21.0,0.5214891601562499,False,CALL,2026-02-06,AVGO
AVGO260206C00400000,400.0,0.07,0.07,0.11,268.0,1715.0,0.52539537109375,False,CALL,2026-02-06,AVGO
AVGO260206C00405000,405.0,0.09,0.04,0.09,6.0,235.0,0.53320779296875,False,CALL,2026-02-06,AVGO
AVGO260206C00410000,410.0,0.02,0.02,0.07,325.0,698.0,0.5390671093750001,False,CALL,2026-02-06,AVGO
AVGO260206C00415000,415.0,0.03,0.0,0.05,15.0,144.0,0.5312546875,False,CALL,2026-02-06,AVGO
AVGO260206C00420000,420.0,0.03,0.02,0.04,3.0,76.0,0.5664105859375,False,CALL,2026-02-06,AVGO
AVGO260206C00425000,425.0,0.07,0.0,0.06,18.0,179.0,0.5898478515625001,False,CALL,2026-02-06,AVGO
AVGO260206P00235000,235.0,0.03,0.0,0.06,117.0,163.0,0.7773459765625,False,PUT,2026-02-06,AVGO
AVGO260206P00240000,240.0,0.1,0.01,0.06,71.0,2498.0,0.7421900781249999,False,PUT,2026-02-06,AVGO
AVGO260206P00245000,245.0,0.09,0.03,0.09,50.0,770.0,0.7421900781249999,False,PUT,2026-02-06,AVGO
AVGO260206P00250000,250.0,0.08,0.05,0.11,7.0,352.0,0.7187528125,False,PUT,2026-02-06,AVGO
AVGO260206P00255000,255.0,0.13,0.12,0.16,6.0,155.0,0.7216824707031251,False,PUT,2026-02-06,AVGO
AVGO260206P00260000,260.0,0.18,0.14,0.21,11.0,508.0,0.694338994140625,False,PUT,2026-02-06,AVGO
AVGO260206P00265000,265.0,0.27,0.21,0.28,52.0,329.0,0.6777375976562501,False,PUT,2026-02-06,AVGO
AVGO260206P00267500,267.5,0.4,0.25,0.32,90.0,78.0,0.6679720703125002,False,PUT,2026-02-06,AVGO
AVGO260206P00270000,270.0,0.32,0.3,0.37,143.0,848.0,0.6596713720703126,False,PUT,2026-02-06,AVGO
AVGO260206P00272500,272.5,0.49,0.35,0.42,5.0,191.0,0.6489292919921875,False,PUT,2026-02-06,AVGO
AVGO260206P00275000,275.0,0.45,0.42,0.49,278.0,1268.0,0.6411168701171875,False,PUT,2026-02-06,AVGO
AVGO260206P00277500,277.5,0.51,0.51,0.56,181.0,3724.0,0.6333044482421876,False,PUT,2026-02-06,AVGO
AVGO260206P00280000,280.0,0.6,0.57,0.64,185.0,757.0,0.6206092626953126,False,PUT,2026-02-06,AVGO
AVGO260206P00282500,282.5,0.68,0.66,0.73,76.0,67.0,0.6101113208007813,False,PUT,2026-02-06,AVGO
AVGO260206P00285000,285.0,0.84,0.78,0.85,193.0,605.0,0.6020547607421877,False,PUT,2026-02-06,AVGO
AVGO260206P00287500,287.5,0.96,0.89,0.98,43.0,314.0,0.5913126806640626,False,PUT,2026-02-06,AVGO
AVGO260206P00290000,290.0,1.08,1.05,1.12,424.0,3631.0,0.5825237060546875,False,PUT,2026-02-06,AVGO
AVGO260206P00292500,292.5,1.24,1.22,1.32,65.0,620.0,0.5749554223632812,False,PUT,2026-02-06,AVGO
AVGO260206P00295000,295.0,1.41,1.41,1.49,326.0,1857.0,0.5637250659179689,False,PUT,2026-02-06,AVGO
AVGO260206P00297500,297.5,1.64,1.61,1.71,376.0,1137.0,0.5529829858398438,False,PUT,2026-02-06,AVGO
AVGO260206P00300000,300.0,2.0,1.85,1.97,1702.0,23977.0,0.5432174584960938,False,PUT,2026-02-06,AVGO
AVGO260206P00302500,302.5,2.2,2.15,2.23,448.0,1548.0,0.5329636547851562,False,PUT,2026-02-06,AVGO
AVGO260206P00305000,305.0,2.52,2.49,2.6,686.0,3394.0,0.5255174401855469,False,PUT,2026-02-06,AVGO
AVGO260206P00307500,307.5,2.91,2.86,3.0,593.0,332.0,0.516606396484375,False,PUT,2026-02-06,AVGO
AVGO260206P00310000,310.0,3.35,3.35,3.45,813.0,2842.0,0.5097705273437501,False,PUT,2026-02-06,AVGO
AVGO260206P00312500,312.5,4.05,3.75,3.95,154.0,491.0,0.5040332800292968,False,PUT,2026-02-06,AVGO
AVGO260206P00315000,315.0,4.5,4.35,4.55,536.0,1147.0,0.49707534179687507,False,PUT,2026-02-06,AVGO
AVGO260206P00317500,317.5,5.43,5.0,5.2,182.0,462.0,0.4887746435546876,False,PUT,2026-02-06,AVGO
AVGO260206P00320000,320.0,5.8,5.85,6.05,1193.0,1740.0,0.48682153808593753,False,PUT,2026-02-06,AVGO
AVGO260206P00322500,322.5,6.7,6.55,6.75,130.0,551.0,0.4725394543457031,False,PUT,2026-02-06,AVGO
AVGO260206P00325000,325.0,7.65,7.5,7.75,602.0,11424.0,0.4688773815917969,False,PUT,2026-02-06,AVGO
AVGO260206P00327500,327.5,8.78,8.55,8.75,118.0,1097.0,0.46045461425781253,False,PUT,2026-02-06,AVGO
AVGO260206P00330000,330.0,9.9,9.75,10.0,206.0,1698.0,0.4591118542480469,True,PUT,2026-02-06,AVGO
AVGO260206P00332500,332.5,11.27,10.9,11.2,290.0,316.0,0.45026184509277345,True,PUT,2026-02-06,AVGO
AVGO260206P00335000,335.0,12.46,12.25,12.55,96.0,651.0,0.44348701049804684,True,PUT,2026-02-06,AVGO
AVGO260206P00337500,337.5,15.35,13.7,14.0,106.0,79.0,0.4361628649902344,True,PUT,2026-02-06,AVGO
AVGO260206P00340000,340.0,15.65,15.3,15.6,181.0,891.0,0.43115803222656257,True,PUT,2026-02-06,AVGO
AVGO260206P00342500,342.5,17.15,16.95,17.25,4.0,69.0,0.4229794030761719,True,PUT,2026-02-06,AVGO
AVGO260206P00345000,345.0,22.6,18.7,19.05,70.0,507.0,0.41736422485351554,True,PUT,2026-02-06,AVGO
AVGO260206P00347500,347.5,27.92,20.6,20.9,96.0,143.0,0.4085752502441406,True,PUT,2026-02-06,AVGO
AVGO260206P00350000,350.0,22.7,22.65,23.0,16.0,669.0,0.4110166320800781,True,PUT,2026-02-06,AVGO
AVGO260206P00352500,352.5,29.42,24.5,24.85,1.0,15.0,0.38672488281249995,True,PUT,2026-02-06,AVGO
AVGO260206P00355000,355.0,27.13,26.25,27.8,18.0,188.0,0.45300839965820316,True,PUT,2026-02-06,AVGO
AVGO260206P00357500,357.5,36.43,27.75,30.35,1.0,27.0,0.48474636352539063,True,PUT,2026-02-06,AVGO
AVGO260206P00360000,360.0,32.4,30.3,32.4,17.0,235.0,0.4703422106933594,True,PUT,2026-02-06,AVGO
AVGO260206P00362500,362.5,26.45,32.2,34.75,2.0,16.0,0.47998566894531247,True,PUT,2026-02-06,AVGO
AVGO260206P00365000,365.0,37.43,34.45,37.1,3.0,96.0,0.4875539526367188,True,PUT,2026-02-06,AVGO
AVGO260206P00367500,367.5,31.5,37.0,39.35,,62.0,0.47900911621093745,True,PUT,2026-02-06,AVGO
AVGO260206P00370000,370.0,38.31,39.5,41.8,10.0,153.0,0.49414568359375005,True,PUT,2026-02-06,AVGO
AVGO260206P00372500,372.5,48.84,41.55,44.05,4.0,88.0,0.47461462890625,True,PUT,2026-02-06,AVGO
AVGO260206P00375000,375.0,44.7,44.0,46.45,1.0,28.0,0.47461462890625,True,PUT,2026-02-06,AVGO
AVGO260206P00380000,380.0,53.5,49.2,51.25,1.0,81.0,0.45898978515625005,True,PUT,2026-02-06,AVGO
AVGO260206P00385000,385.0,69.34,53.9,56.25,2.0,13.0,0.4931691308593751,True,PUT,2026-02-06,AVGO
AVGO260206P00390000,390.0,59.33,58.75,61.25,1.0,22.0,0.5273484765625001,True,PUT,2026-02-06,AVGO
AVGO260206P00395000,395.0,58.15,63.6,66.95,2.0,0.0,0.7216824707031251,True,PUT,2026-02-06,AVGO
AVGO260206P00400000,400.0,61.63,68.25,71.95,6.0,0.0,0.7597680273437502,True,PUT,2026-02-06,AVGO
AVGO260206P00415000,415.0,95.77,83.25,86.9,2.0,0.0,0.8598646826171875,True,PUT,2026-02-06,AVGO
AVGO260206P00420000,420.0,72.0,88.25,91.9,,0.0,0.8945323046874999,True,PUT,2026-02-06,AVGO
AVGO260213C00235000,235.0,98.88,94.5,97.0,2.0,4.0,1.0664109179687502,True,CALL,2026-02-13,AVGO
AVGO260213C00240000,240.0,78.0,89.55,92.0,1.0,2.0,1.0151416430664062,True,CALL,2026-02-13,AVGO
AVGO260213C00245000,245.0,100.39,84.65,87.05,,15.0,0.9704592797851561,True,CALL,2026-02-13,AVGO
AVGO260213C00250000,250.0,81.1,79.15,82.15,2.0,89.0,0.8930674755859375,True,CALL,2026-02-13,AVGO
AVGO260213C00255000,255.0,97.91,74.4,77.1,5.0,6.0,0.8527846752929689,True,CALL,2026-02-13,AVGO
AVGO260213C00265000,265.0,68.25,65.1,67.55,80.0,18.0,0.8063984204101562,True,CALL,2026-02-13,AVGO
AVGO260213C00270000,270.0,63.51,60.3,62.45,83.0,17.0,0.7575707836914063,True,CALL,2026-02-13,AVGO
AVGO260213C00275000,275.0,48.32,55.6,58.0,1.0,22.0,0.7387721435546875,True,CALL,2026-02-13,AVGO
AVGO260213C00280000,280.0,60.5,50.9,53.05,10.0,25.0,0.6970245141601563,True,CALL,2026-02-13,AVGO
AVGO260213C00285000,285.0,50.32,46.25,48.7,1.0,10.0,0.6757844921875001,True,CALL,2026-02-13,AVGO
AVGO260213C00290000,290.0,45.35,41.75,44.2,1.0,6.0,0.6496617065429688,True,CALL,2026-02-13,AVGO
AVGO260213C00295000,295.0,41.27,36.9,39.8,1.0,11.0,0.6121864953613283,True,CALL,2026-02-13,AVGO
AVGO260213C00300000,300.0,34.45,33.85,35.35,59.0,46.0,0.6157264990234376,True,CALL,2026-02-13,AVGO
AVGO260213C00305000,305.0,26.4,30.05,30.4,2.0,75.0,0.5806926696777344,True,CALL,2026-02-13,AVGO
AVGO260213C00310000,310.0,22.65,26.2,26.5,5.0,151.0,0.5625043750000001,True,CALL,2026-02-13,AVGO
AVGO260213C00315000,315.0,18.7,22.5,22.85,15.0,228.0,0.5449264257812501,True,CALL,2026-02-13,AVGO
AVGO260213C00320000,320.0,19.55,19.15,19.5,139.0,593.0,0.5316208947753907,True,CALL,2026-02-13,AVGO
AVGO260213C00325000,325.0,16.4,16.1,16.4,98.0,181.0,0.5194139855957032,True,CALL,2026-02-13,AVGO
AVGO260213C00330000,330.0,13.54,13.4,13.7,81.0,645.0,0.511174321899414,False,CALL,2026-02-13,AVGO
AVGO260213C00335000,335.0,10.7,11.0,11.2,77.0,504.0,0.5018360363769532,False,CALL,2026-02-13,AVGO
AVGO260213C00340000,340.0,9.33,8.9,9.1,156.0,411.0,0.49878430908203125,False,CALL,2026-02-13,AVGO
AVGO260213C00345000,345.0,7.52,7.05,7.3,181.0,336.0,0.4929860272216797,False,CALL,2026-02-13,AVGO
AVGO260213C00350000,350.0,5.62,5.6,5.8,839.0,1184.0,0.4887746435546876,False,CALL,2026-02-13,AVGO
AVGO260213C00355000,355.0,4.75,4.4,4.6,182.0,549.0,0.48743188354492195,False,CALL,2026-02-13,AVGO
AVGO260213C00360000,360.0,3.45,3.4,3.55,69.0,1043.0,0.4831594653320313,False,CALL,2026-02-13,AVGO
AVGO260213C00365000,365.0,2.7,2.61,2.72,31.0,634.0,0.4803518762207031,False,CALL,2026-02-13,AVGO
AVGO260213C00370000,370.0,2.07,2.01,2.14,61.0,511.0,0.48328153442382815,False,CALL,2026-02-13,AVGO
AVGO260213C00375000,375.0,1.37,1.52,1.64,60.0,545.0,0.4836477416992188,False,CALL,2026-02-13,AVGO
AVGO260213C00380000,380.0,1.21,1.16,1.24,21.0,1022.0,0.48340360351562506,False,CALL,2026-02-13,AVGO
AVGO260213C00385000,385.0,0.86,0.87,0.95,83.0,423.0,0.48560084716796875,False,CALL,2026-02-13,AVGO
AVGO260213C00390000,390.0,0.69,0.67,0.75,58.0,558.0,0.49121602539062503,False,CALL,2026-02-13,AVGO
AVGO260213C00395000,395.0,0.45,0.5,0.55,17.0,332.0,0.4899953344726563,False,CALL,2026-02-13,AVGO
AVGO260213C00400000,400.0,0.33,0.36,0.45,9.0,830.0,0.499028447265625,False,CALL,2026-02-13,AVGO
AVGO260213C00405000,405.0,0.29,0.28,0.34,21.0,287.0,0.5009815527343751,False,CALL,2026-02-13,AVGO
AVGO260213C00410000,410.0,0.25,0.22,0.26,3.0,120.0,0.5039112109375,False,CALL,2026-02-13,AVGO
AVGO260213C00415000,415.0,0.2,0.15,0.22,8.0,153.0,0.5024463818359376,False,CALL,2026-02-13,AVGO
AVGO260213C00420000,420.0,0.15,0.11,0.18,2.0,239.0,0.507817421875,False,CALL,2026-02-13,AVGO
AVGO260213C00425000,425.0,0.11,0.1,0.16,30.0,173.0,0.5214891601562499,False,CALL,2026-02-13,AVGO
AVGO260213P00235000,235.0,0.2,0.14,0.22,11.0,41.0,0.71679970703125,False,PUT,2026-02-13,AVGO
AVGO260213P00240000,240.0,0.33,0.19,0.26,1.0,90.0,0.6972686523437501,False,PUT,2026-02-13,AVGO
AVGO260213P00245000,245.0,0.36,0.26,0.3,1.0,64.0,0.6787141503906251,False,PUT,2026-02-13,AVGO
AVGO260213P00250000,250.0,0.51,0.34,0.39,5.0,75.0,0.6650424121093752,False,PUT,2026-02-13,AVGO
AVGO260213P00255000,255.0,0.69,0.42,0.46,8.0,108.0,0.6430699755859376,False,PUT,2026-02-13,AVGO
AVGO260213P00260000,260.0,0.83,0.53,0.57,265.0,243.0,0.6254920263671876,False,PUT,2026-02-13,AVGO
AVGO260213P00265000,265.0,0.7,0.67,0.72,13.0,261.0,0.6091347680664063,False,PUT,2026-02-13,AVGO
AVGO260213P00270000,270.0,0.98,0.85,0.92,50.0,267.0,0.5942423388671876,False,PUT,2026-02-13,AVGO
AVGO260213P00275000,275.0,1.25,1.07,1.12,46.0,2812.0,0.5759319750976561,False,PUT,2026-02-13,AVGO
AVGO260213P00280000,280.0,1.81,1.35,1.39,93.0,427.0,0.5592085095214845,False,PUT,2026-02-13,AVGO
AVGO260213P00285000,285.0,1.81,1.71,1.79,31.0,815.0,0.5459029785156251,False,PUT,2026-02-13,AVGO
AVGO260213P00290000,290.0,2.25,2.17,2.27,397.0,535.0,0.5324753784179688,False,PUT,2026-02-13,AVGO
AVGO260213P00295000,295.0,2.88,2.74,2.87,42.0,407.0,0.5191698474121094,False,PUT,2026-02-13,AVGO
AVGO260213P00300000,300.0,3.56,3.5,3.65,285.0,918.0,0.5086719055175781,False,PUT,2026-02-13,AVGO
AVGO260213P00305000,305.0,5.05,4.35,4.55,55.0,655.0,0.4997608618164063,False,PUT,2026-02-13,AVGO
AVGO260213P00310000,310.0,6.1,5.55,5.75,233.0,1106.0,0.49158223266601564,False,PUT,2026-02-13,AVGO
AVGO260213P00315000,315.0,6.95,6.85,7.05,58.0,854.0,0.4777884252929688,False,PUT,2026-02-13,AVGO
AVGO260213P00320000,320.0,8.6,8.45,8.7,138.0,1076.0,0.4681449670410156,False,PUT,2026-02-13,AVGO
AVGO260213P00325000,325.0,10.52,10.45,10.7,77.0,942.0,0.46094289062500005,False,PUT,2026-02-13,AVGO
AVGO260213P00330000,330.0,13.9,12.6,12.9,28.0,957.0,0.44989563781738284,True,PUT,2026-02-13,AVGO
AVGO260213P00335000,335.0,15.12,15.15,15.5,61.0,385.0,0.44183907775878906,True,PUT,2026-02-13,AVGO
AVGO260213P00340000,340.0,18.1,18.25,18.55,48.0,562.0,0.4387263159179688,True,PUT,2026-02-13,AVGO
AVGO260213P00345000,345.0,22.95,21.25,21.6,79.0,497.0,0.4231625067138671,True,PUT,2026-02-13,AVGO
AVGO260213P00350000,350.0,26.4,24.75,25.15,7.0,435.0,0.415044912109375,True,PUT,2026-02-13,AVGO
AVGO260213P00355000,355.0,28.5,28.5,28.85,5.0,219.0,0.3996642065429688,True,PUT,2026-02-13,AVGO
AVGO260213P00360000,360.0,32.6,32.6,32.95,6.0,173.0,0.3902648864746094,True,PUT,2026-02-13,AVGO
AVGO260213P00365000,365.0,38.8,36.85,38.1,1.0,198.0,0.4398249377441406,True,PUT,2026-02-13,AVGO
AVGO260213P00370000,370.0,39.15,40.2,42.9,6.0,155.0,0.4643608251953125,True,PUT,2026-02-13,AVGO
AVGO260213P00375000,375.0,49.15,44.8,47.35,3.0,30.0,0.4567925415039063,True,PUT,2026-02-13,AVGO
AVGO260213P00380000,380.0,58.62,49.6,52.0,1.0,21.0,0.45618219604492194,True,PUT,2026-02-13,AVGO
AVGO260213P00385000,385.0,41.6,54.45,56.75,,10.0,0.45752495605468757,True,PUT,2026-02-13,AVGO
AVGO260213P00390000,390.0,65.39,58.95,61.55,2.0,41.0,0.45703667968750006,True,PUT,2026-02-13,AVGO
AVGO260213P00395000,395.0,78.22,63.9,66.4,5.0,5.0,0.45654840332031255,True,PUT,2026-02-13,AVGO
AVGO260213P00400000,400.0,72.42,68.8,71.25,1.0,15.0,0.44434149414062496,True,PUT,2026-02-13,AVGO
AVGO260213P00420000,420.0,73.3,88.25,91.9,,0.0,0.6711458666992189,True,PUT,2026-02-13,AVGO
AVGO260213P00425000,425.0,96.3,93.65,97.0,,0.0,0.7111845288085938,True,PUT,2026-02-13,AVGO
AVGO260220C00240000,240.0,91.0,89.9,92.35,4.0,520.0,0.8825695336914061,True,CALL,2026-02-20,AVGO
AVGO260220C00250000,250.0,75.52,80.15,82.55,3.0,747.0,0.8105487695312499,True,CALL,2026-02-20,AVGO
AVGO260220C00260000,260.0,72.53,70.4,73.0,2.0,847.0,0.7465845654296875,True,CALL,2026-02-20,AVGO
AVGO260220C00270000,270.0,62.13,61.0,62.6,3.0,903.0,0.6617465466308594,True,CALL,2026-02-20,AVGO
AVGO260220C00275000,275.0,61.58,56.3,58.6,2.0,14.0,0.6567417138671876,True,CALL,2026-02-20,AVGO
AVGO260220C00280000,280.0,53.09,52.85,53.65,11.0,763.0,0.6536899865722658,True,CALL,2026-02-20,AVGO
AVGO260220C00285000,285.0,47.4,47.2,49.35,2.0,6.0,0.6058389025878907,True,CALL,2026-02-20,AVGO
AVGO260220C00290000,290.0,43.1,43.9,44.7,8.0,745.0,0.6048623498535157,True,CALL,2026-02-20,AVGO
AVGO260220C00295000,295.0,35.67,38.6,41.15,3.0,51.0,0.5780071496582031,True,CALL,2026-02-20,AVGO
AVGO260220C00300000,300.0,35.53,35.5,35.8,77.0,1762.0,0.5559126440429689,True,CALL,2026-02-20,AVGO
AVGO260220C00305000,305.0,30.8,31.55,31.9,2.0,131.0,0.5406540075683595,True,CALL,2026-02-20,AVGO
AVGO260220C00310000,310.0,27.9,28.0,28.3,19.0,1024.0,0.532231240234375,True,CALL,2026-02-20,AVGO
AVGO260220C00315000,315.0,20.85,24.45,24.8,11.0,267.0,0.5190477783203125,True,CALL,2026-02-20,AVGO
AVGO260220C00320000,320.0,21.1,21.25,21.5,563.0,1824.0,0.5083056982421875,True,CALL,2026-02-20,AVGO
AVGO260220C00325000,325.0,18.15,18.25,18.5,300.0,683.0,0.5023853472900393,True,CALL,2026-02-20,AVGO
AVGO260220C00327500,327.5,16.85,16.85,17.1,139.0,289.0,0.4979298254394532,True,CALL,2026-02-20,AVGO
AVGO260220C00330000,330.0,15.5,15.55,15.75,461.0,3123.0,0.4931691308593751,False,CALL,2026-02-20,AVGO
AVGO260220C00332500,332.5,13.95,14.25,14.5,87.0,1381.0,0.48956809265136725,False,CALL,2026-02-20,AVGO
AVGO260220C00335000,335.0,13.12,13.1,13.35,322.0,1118.0,0.4872487799072266,False,CALL,2026-02-20,AVGO
AVGO260220C00337500,337.5,12.3,11.95,12.15,118.0,735.0,0.481450498046875,False,CALL,2026-02-20,AVGO
AVGO260220C00340000,340.0,10.9,10.85,11.1,440.0,4454.0,0.4784598052978516,False,CALL,2026-02-20,AVGO
AVGO260220C00342500,342.5,9.93,9.9,10.1,91.0,291.0,0.47510290527343746,False,CALL,2026-02-20,AVGO
AVGO260220C00345000,345.0,9.2,9.05,9.25,160.0,1340.0,0.47461462890625,False,CALL,2026-02-20,AVGO
AVGO260220C00347500,347.5,6.45,8.2,8.35,18.0,129.0,0.47070841796875,False,CALL,2026-02-20,AVGO
AVGO260220C00350000,350.0,7.4,7.45,7.6,1063.0,10171.0,0.46985393432617195,False,CALL,2026-02-20,AVGO
AVGO260220C00352500,352.5,6.84,6.7,6.9,513.0,650.0,0.4689384161376954,False,CALL,2026-02-20,AVGO
AVGO260220C00355000,355.0,6.11,6.0,6.2,203.0,748.0,0.46619186157226566,False,CALL,2026-02-20,AVGO
AVGO260220C00357500,357.5,5.1,5.45,5.6,776.0,163.0,0.4652763433837891,False,CALL,2026-02-20,AVGO
AVGO260220C00360000,360.0,5.0,4.8,5.0,417.0,7779.0,0.46252978881835943,False,CALL,2026-02-20,AVGO
AVGO260220C00362500,362.5,4.45,4.35,4.5,319.0,176.0,0.4618584088134766,False,CALL,2026-02-20,AVGO
AVGO260220C00365000,365.0,3.9,3.85,4.0,80.0,566.0,0.45941702697753906,False,CALL,2026-02-20,AVGO
AVGO260220C00367500,367.5,2.78,3.5,3.65,29.0,232.0,0.4618584088134766,False,CALL,2026-02-20,AVGO
AVGO260220C00370000,370.0,3.1,3.05,3.25,259.0,7713.0,0.46045461425781253,False,CALL,2026-02-20,AVGO
AVGO260220C00372500,372.5,2.83,2.79,2.89,80.0,205.0,0.45935599243164066,False,CALL,2026-02-20,AVGO
AVGO260220C00375000,375.0,2.58,2.46,2.56,53.0,840.0,0.4580132324218751,False,CALL,2026-02-20,AVGO
AVGO260220C00380000,380.0,2.0,1.96,2.06,261.0,7201.0,0.4594780615234375,False,CALL,2026-02-20,AVGO
AVGO260220C00385000,385.0,1.45,1.56,1.65,69.0,497.0,0.46106495971679695,False,CALL,2026-02-20,AVGO
AVGO260220C00390000,390.0,1.28,1.24,1.32,315.0,6844.0,0.46289599609375004,False,CALL,2026-02-20,AVGO
AVGO260220C00395000,395.0,0.95,0.98,1.07,8.0,164.0,0.4664359997558594,False,CALL,2026-02-20,AVGO
AVGO260220C00400000,400.0,0.81,0.78,0.84,794.0,8937.0,0.4670463452148438,False,CALL,2026-02-20,AVGO
AVGO260220C00405000,405.0,0.58,0.62,0.7,1.0,218.0,0.4731497998046875,False,CALL,2026-02-20,AVGO
AVGO260220C00410000,410.0,0.55,0.51,0.56,663.0,5110.0,0.4758353198242187,False,CALL,2026-02-20,AVGO
AVGO260220C00415000,415.0,0.47,0.4,0.45,4.0,1227.0,0.47876497802734375,False,CALL,2026-02-20,AVGO
AVGO260220C00420000,420.0,0.34,0.32,0.37,50.0,3054.0,0.48340360351562506,False,CALL,2026-02-20,AVGO
AVGO260220P00240000,240.0,0.44,0.39,0.46,19.0,3135.0,0.64062859375,False,PUT,2026-02-20,AVGO
AVGO260220P00250000,250.0,0.65,0.59,0.67,88.0,4559.0,0.6088906298828126,False,PUT,2026-02-20,AVGO
AVGO260220P00260000,260.0,0.91,0.89,0.98,59.0,4499.0,0.5778850805664062,False,PUT,2026-02-20,AVGO
AVGO260220P00270000,270.0,1.44,1.34,1.44,181.0,7934.0,0.5483443603515626,False,PUT,2026-02-20,AVGO
AVGO260220P00275000,275.0,1.75,1.66,1.77,22.0,908.0,0.5356491748046875,False,PUT,2026-02-20,AVGO
AVGO260220P00280000,280.0,2.12,2.08,2.17,126.0,12805.0,0.5241746801757812,False,PUT,2026-02-20,AVGO
AVGO260220P00285000,285.0,2.59,2.54,2.66,273.0,932.0,0.5113574255371094,False,PUT,2026-02-20,AVGO
AVGO260220P00290000,290.0,3.18,3.1,3.3,532.0,7107.0,0.5001270690917969,False,PUT,2026-02-20,AVGO
AVGO260220P00295000,295.0,3.97,3.9,4.05,324.0,2886.0,0.49506120178222657,False,PUT,2026-02-20,AVGO
AVGO260220P00300000,300.0,4.83,4.75,4.9,663.0,13973.0,0.4828542926025391,False,PUT,2026-02-20,AVGO
AVGO260220P00305000,305.0,5.95,5.75,6.0,907.0,1278.0,0.47437049072265625,False,PUT,2026-02-20,AVGO
AVGO260220P00310000,310.0,7.2,7.05,7.3,1376.0,17042.0,0.46619186157226566,False,PUT,2026-02-20,AVGO
AVGO260220P00315000,315.0,8.65,8.55,8.75,117.0,1596.0,0.4558770233154297,False,PUT,2026-02-20,AVGO
AVGO260220P00320000,320.0,10.44,10.3,10.5,286.0,7671.0,0.44788149780273434,False,PUT,2026-02-20,AVGO
AVGO260220P00325000,325.0,12.7,12.25,12.5,418.0,1505.0,0.439885972290039,False,PUT,2026-02-20,AVGO
AVGO260220P00327500,327.5,13.5,13.35,13.6,149.0,458.0,0.4359187268066406,False,PUT,2026-02-20,AVGO
AVGO260220P00330000,330.0,14.64,14.5,14.75,214.0,9245.0,0.43140217041015627,True,PUT,2026-02-20,AVGO
AVGO260220P00332500,332.5,15.8,15.75,16.05,48.0,483.0,0.4293880303955079,True,PUT,2026-02-20,AVGO
AVGO260220P00335000,335.0,17.4,17.05,17.35,53.0,643.0,0.42517664672851563,True,PUT,2026-02-20,AVGO
AVGO260220P00337500,337.5,18.7,18.45,18.75,17.0,81.0,0.4219418157958984,True,PUT,2026-02-20,AVGO
AVGO260220P00340000,340.0,20.45,19.85,20.2,86.0,6294.0,0.41809663940429687,True,PUT,2026-02-20,AVGO
AVGO260220P00342500,342.5,21.9,21.35,21.7,7.0,62.0,0.41358008300781246,True,PUT,2026-02-20,AVGO
AVGO260220P00345000,345.0,26.78,22.95,23.35,8.0,249.0,0.41174904663085937,True,PUT,2026-02-20,AVGO
AVGO260220P00347500,347.5,23.55,24.7,25.0,2.0,26.0,0.4076597320556641,True,PUT,2026-02-20,AVGO
AVGO260220P00350000,350.0,26.3,26.35,26.65,24.0,6225.0,0.4011900701904296,True,PUT,2026-02-20,AVGO
AVGO260220P00352500,352.5,28.8,28.15,28.5,7.0,11.0,0.3994811029052735,True,PUT,2026-02-20,AVGO
AVGO260220P00355000,355.0,32.1,29.95,30.35,1.0,44.0,0.39551385742187506,True,PUT,2026-02-20,AVGO
AVGO260220P00357500,357.5,31.75,31.9,32.25,2.0,8.0,0.391058335571289,True,PUT,2026-02-20,AVGO
AVGO260220P00360000,360.0,34.3,33.8,34.15,15.0,2135.0,0.3839172937011719,True,PUT,2026-02-20,AVGO
AVGO260220P00362500,362.5,41.8,35.75,36.15,5.0,18.0,0.37830211547851555,True,PUT,2026-02-20,AVGO
AVGO260220P00365000,365.0,43.95,37.85,38.25,15.0,22.0,0.37494521545410153,True,PUT,2026-02-20,AVGO
AVGO260220P00367500,367.5,39.2,40.0,40.65,4.0,5.0,0.38587039916992183,True,PUT,2026-02-20,AVGO
AVGO260220P00370000,370.0,42.2,42.2,43.55,4.0,2013.0,0.4237118176269531,True,PUT,2026-02-20,AVGO
AVGO260220P00375000,375.0,45.0,45.65,48.2,1.0,32.0,0.4359187268066406,True,PUT,2026-02-20,AVGO
AVGO260220P00380000,380.0,53.1,49.85,52.75,5.0,1602.0,0.437505625,True,PUT,2026-02-20,AVGO
AVGO260220P00385000,385.0,62.8,54.75,57.2,10.0,14.0,0.42407802490234375,True,PUT,2026-02-20,AVGO
AVGO260220P00390000,390.0,61.85,59.55,62.0,1.0,555.0,0.4318904467773438,True,PUT,2026-02-20,AVGO
AVGO260220P00400000,400.0,78.5,68.95,71.45,7.0,1381.0,0.4106504248046875,True,PUT,2026-02-20,AVGO
AVGO260220P00405000,405.0,71.75,74.0,76.35,,1.0,0.41309180664062495,True,PUT,2026-02-20,AVGO
AVGO260220P00410000,410.0,82.75,78.65,81.4,1.0,969.0,0.44336494140625,True,PUT,2026-02-20,AVGO
AVGO260220P00420000,420.0,73.55,88.95,91.15,15.0,24.0,0.41211525390625,True,PUT,2026-02-20,AVGO
AVGO260227C00245000,245.0,103.72,85.2,88.05,,1.0,0.7716087292480469,True,CALL,2026-02-27,AVGO
AVGO260227C00250000,250.0,71.0,80.7,83.75,3.0,17.0,0.7716087292480469,True,CALL,2026-02-27,AVGO
AVGO260227C00255000,255.0,67.64,76.0,78.9,1.0,2.0,0.7432886999511719,True,CALL,2026-02-27,AVGO
AVGO260227C00260000,260.0,67.35,71.25,73.9,2.0,51.0,0.708010732421875,True,CALL,2026-02-27,AVGO
AVGO260227C00265000,265.0,66.0,66.6,68.85,1.0,3.0,0.6739534558105471,True,CALL,2026-02-27,AVGO
AVGO260227C00270000,270.0,51.85,61.95,64.5,2.0,3.0,0.6575961975097657,True,CALL,2026-02-27,AVGO
AVGO260227C00275000,275.0,51.45,57.7,60.05,2.0,5.0,0.6453282537841796,True,CALL,2026-02-27,AVGO
AVGO260227C00280000,280.0,54.38,52.95,55.8,4.0,31.0,0.62305064453125,True,CALL,2026-02-27,AVGO
AVGO260227C00285000,285.0,51.0,48.55,50.4,3.0,2.0,0.5819743951416017,True,CALL,2026-02-27,AVGO
AVGO260227C00290000,290.0,43.1,44.6,45.65,3.0,24.0,0.5620160986328125,True,CALL,2026-02-27,AVGO
AVGO260227C00295000,295.0,43.62,40.1,42.4,2.0,13.0,0.5560957476806643,True,CALL,2026-02-27,AVGO
AVGO260227C00300000,300.0,37.95,36.4,37.7,1.0,29.0,0.5343674493408204,True,CALL,2026-02-27,AVGO
AVGO260227C00305000,305.0,33.45,32.6,34.7,5.0,45.0,0.5345505529785157,True,CALL,2026-02-27,AVGO
AVGO260227C00310000,310.0,27.67,29.7,31.05,34.0,112.0,0.5325974475097657,True,CALL,2026-02-27,AVGO
AVGO260227C00315000,315.0,26.9,26.6,27.1,23.0,189.0,0.5180712255859375,True,CALL,2026-02-27,AVGO
AVGO260227C00320000,320.0,23.0,23.6,23.9,11.0,239.0,0.5105639764404297,True,CALL,2026-02-27,AVGO
AVGO260227C00325000,325.0,20.9,20.55,21.0,110.0,291.0,0.501103621826172,True,CALL,2026-02-27,AVGO
AVGO260227C00330000,330.0,18.55,18.05,18.3,178.0,621.0,0.4996387927246094,False,CALL,2026-02-27,AVGO
AVGO260227C00335000,335.0,15.65,15.6,15.85,280.0,507.0,0.49323016540527354,False,CALL,2026-02-27,AVGO
AVGO260227C00340000,340.0,13.2,13.35,13.65,34.0,586.0,0.48792015991210946,False,CALL,2026-02-27,AVGO
AVGO260227C00345000,345.0,11.3,11.4,11.65,43.0,308.0,0.48242705078125003,False,CALL,2026-02-27,AVGO
AVGO260227C00350000,350.0,9.8,9.6,9.9,175.0,844.0,0.47827670166015623,False,CALL,2026-02-27,AVGO
AVGO260227C00355000,355.0,8.11,8.15,8.35,106.0,307.0,0.4743094561767578,False,CALL,2026-02-27,AVGO
AVGO260227C00360000,360.0,7.01,6.85,7.0,419.0,642.0,0.4708915216064453,False,CALL,2026-02-27,AVGO
AVGO260227C00365000,365.0,5.8,5.7,5.9,108.0,1043.0,0.47022014160156256,False,CALL,2026-02-27,AVGO
AVGO260227C00370000,370.0,4.75,4.65,4.9,71.0,465.0,0.46783979431152345,False,CALL,2026-02-27,AVGO
AVGO260227C00375000,375.0,4.02,3.9,4.15,78.0,350.0,0.4699149688720704,False,CALL,2026-02-27,AVGO
AVGO260227C00380000,380.0,3.25,3.2,3.45,71.0,556.0,0.4694877270507813,False,CALL,2026-02-27,AVGO
AVGO260227C00385000,385.0,2.88,2.6,2.82,49.0,156.0,0.46747358703613284,False,CALL,2026-02-27,AVGO
AVGO260227C00390000,390.0,2.35,2.22,2.34,19.0,213.0,0.4682670361328125,False,CALL,2026-02-27,AVGO
AVGO260227C00395000,395.0,1.5,1.84,1.96,2.0,129.0,0.47058634887695316,False,CALL,2026-02-27,AVGO
AVGO260227C00400000,400.0,1.61,1.48,1.6,106.0,1424.0,0.47009807250976565,False,CALL,2026-02-27,AVGO
AVGO260227C00405000,405.0,1.09,1.27,1.44,10.0,105.0,0.4804739453125,False,CALL,2026-02-27,AVGO
AVGO260227C00410000,410.0,1.08,1.04,1.14,29.0,293.0,0.47730014892578126,False,CALL,2026-02-27,AVGO
AVGO260227C00415000,415.0,0.81,0.86,1.02,5.0,154.0,0.48633326171875,False,CALL,2026-02-27,AVGO
AVGO260227C00420000,420.0,0.6,0.71,0.86,1.0,323.0,0.4892629199218751,False,CALL,2026-02-27,AVGO
AVGO260227C00425000,425.0,0.78,0.59,0.72,25.0,92.0,0.49170430175781255,False,CALL,2026-02-27,AVGO
AVGO260227P00235000,235.0,0.53,0.48,0.61,50.0,83.0,0.6181678808593751,False,PUT,2026-02-27,AVGO
AVGO260227P00240000,240.0,0.71,0.63,0.79,24.0,119.0,0.6125527026367189,False,PUT,2026-02-27,AVGO
AVGO260227P00245000,245.0,1.1,0.74,0.94,4.0,279.0,0.5969278588867188,False,PUT,2026-02-27,AVGO
AVGO260227P00250000,250.0,1.3,0.97,1.12,18.0,215.0,0.5876506079101562,False,PUT,2026-02-27,AVGO
AVGO260227P00255000,255.0,1.27,1.15,1.33,40.0,282.0,0.5731243859863282,False,PUT,2026-02-27,AVGO
AVGO260227P00260000,260.0,1.51,1.36,1.53,15.0,188.0,0.5565229895019532,False,PUT,2026-02-27,AVGO
AVGO260227P00265000,265.0,1.9,1.65,1.89,44.0,217.0,0.5466353930664063,False,PUT,2026-02-27,AVGO
AVGO260227P00270000,270.0,2.58,2.02,2.27,22.0,185.0,0.5358933129882812,False,PUT,2026-02-27,AVGO
AVGO260227P00275000,275.0,2.61,2.44,2.72,37.0,557.0,0.5247850256347657,False,PUT,2026-02-27,AVGO
AVGO260227P00280000,280.0,3.14,2.97,3.25,43.0,358.0,0.5144091528320311,False,PUT,2026-02-27,AVGO
AVGO260227P00285000,285.0,3.7,3.6,3.85,70.0,334.0,0.5037891418457032,False,PUT,2026-02-27,AVGO
AVGO260227P00290000,290.0,4.5,4.3,4.6,141.0,565.0,0.4996387927246094,False,PUT,2026-02-27,AVGO
AVGO260227P00295000,295.0,5.45,5.2,5.5,37.0,823.0,0.4907277490234375,False,PUT,2026-02-27,AVGO
AVGO260227P00300000,300.0,6.4,6.25,6.55,167.0,1939.0,0.4821218780517579,False,PUT,2026-02-27,AVGO
AVGO260227P00305000,305.0,7.65,7.45,7.75,22.0,444.0,0.4731497998046875,False,PUT,2026-02-27,AVGO
AVGO260227P00310000,310.0,8.85,8.85,9.2,65.0,589.0,0.46655806884765627,False,PUT,2026-02-27,AVGO
AVGO260227P00315000,315.0,10.63,10.45,10.9,65.0,398.0,0.46143116699218756,False,PUT,2026-02-27,AVGO
AVGO260227P00320000,320.0,12.66,12.25,12.7,33.0,374.0,0.45313046875,False,PUT,2026-02-27,AVGO
AVGO260227P00325000,325.0,14.74,14.4,14.8,32.0,634.0,0.4470880487060547,False,PUT,2026-02-27,AVGO
AVGO260227P00330000,330.0,17.05,16.65,17.15,47.0,323.0,0.44156442230224613,True,PUT,2026-02-27,AVGO
AVGO260227P00335000,335.0,19.77,19.25,19.7,41.0,248.0,0.43506424316406256,True,PUT,2026-02-27,AVGO
AVGO260227P00340000,340.0,22.5,21.95,22.5,31.0,202.0,0.42889975402832037,True,PUT,2026-02-27,AVGO
AVGO260227P00345000,345.0,23.57,25.05,25.55,12.0,117.0,0.42310147216796873,True,PUT,2026-02-27,AVGO
AVGO260227P00350000,350.0,28.6,28.2,28.85,50.0,239.0,0.41785250122070305,True,PUT,2026-02-27,AVGO
AVGO260227P00355000,355.0,32.4,31.8,32.3,3.0,81.0,0.41034525207519534,True,PUT,2026-02-27,AVGO
AVGO260227P00360000,360.0,37.74,34.75,36.4,1.0,38.0,0.41748629394531245,True,PUT,2026-02-27,AVGO
AVGO260227P00365000,365.0,38.43,38.75,40.1,10.0,54.0,0.4048521429443359,True,PUT,2026-02-27,AVGO
AVGO260227P00370000,370.0,45.77,43.35,44.35,4.0,26.0,0.40607283386230464,True,PUT,2026-02-27,AVGO
AVGO260227P00375000,375.0,45.0,47.6,48.35,2.0,11.0,0.3892883337402344,True,PUT,2026-02-27,AVGO
AVGO260227P00380000,380.0,50.63,51.8,52.7,3.0,22.0,0.38013315185546875,True,PUT,2026-02-27,AVGO
AVGO260227P00385000,385.0,54.2,55.5,58.15,,1.0,0.43103596313476567,True,PUT,2026-02-27,AVGO
AVGO260227P00390000,390.0,70.74,60.05,62.65,5.0,6.0,0.4255428540039063,True,PUT,2026-02-27,AVGO
AVGO260227P00395000,395.0,70.78,64.7,67.25,9.0,9.0,0.42017181396484377,True,PUT,2026-02-27,AVGO
AVGO260227P00400000,400.0,80.85,69.6,72.3,4.0,6.0,0.4458063232421875,True,PUT,2026-02-27,AVGO
AVGO260227P00405000,405.0,63.09,74.2,77.15,,1.0,0.45483943603515625,True,PUT,2026-02-27,AVGO
AVGO260227P00410000,410.0,79.8,79.05,82.05,2.0,3.0,0.46631393066406257,True,PUT,2026-02-27,AVGO
AVGO260227P00415000,415.0,95.95,83.9,86.95,19.0,30.0,0.47632359619140624,True,PUT,2026-02-27,AVGO
AVGO260227P00420000,420.0,100.29,88.65,91.3,14.0,17.0,0.40332627929687503,True,PUT,2026-02-27,AVGO
AVGO260227P00425000,425.0,105.81,93.3,96.8,19.0,30.0,0.4975636181640626,True,PUT,2026-02-27,AVGO
AVGO260306C00235000,235.0,94.8,95.9,98.75,1.0,2.0,0.8193377441406249,True,CALL,2026-03-06,AVGO
AVGO260306C00250000,250.0,74.47,82.25,84.75,1.0,1.0,0.7656273437500001,True,CALL,2026-03-06,AVGO
AVGO260306C00255000,255.0,79.25,77.7,80.2,20.0,21.0,0.7470118072509766,True,CALL,2026-03-06,AVGO
AVGO260306C00270000,270.0,66.55,64.4,66.8,1.0,4.0,0.6928741650390625,True,CALL,2026-03-06,AVGO
AVGO260306C00275000,275.0,60.09,60.75,62.05,6.0,5.0,0.6801789794921876,True,CALL,2026-03-06,AVGO
AVGO260306C00280000,280.0,54.3,55.75,57.55,13.0,8.0,0.645389288330078,True,CALL,2026-03-06,AVGO
AVGO260306C00285000,285.0,46.23,52.2,53.6,2.0,6.0,0.6434972174072267,True,CALL,2026-03-06,AVGO
AVGO260306C00290000,290.0,47.66,48.9,50.65,5.0,5.0,0.6566806793212892,True,CALL,2026-03-06,AVGO
AVGO260306C00295000,295.0,47.3,44.15,46.0,7.0,9.0,0.6179847772216798,True,CALL,2026-03-06,AVGO
AVGO260306C00300000,300.0,40.86,41.3,42.8,7.0,228.0,0.6257361645507813,True,CALL,2026-03-06,AVGO
AVGO260306C00305000,305.0,40.45,38.05,38.8,1.0,4.0,0.6124306335449221,True,CALL,2026-03-06,AVGO
AVGO260306C00310000,310.0,29.67,34.8,35.5,3.0,41.0,0.6050454534912111,True,CALL,2026-03-06,AVGO
AVGO260306C00315000,315.0,29.78,31.7,32.2,36.0,106.0,0.5958902716064454,True,CALL,2026-03-06,AVGO
AVGO260306C00320000,320.0,28.11,28.8,29.45,33.0,86.0,0.5924113024902344,True,CALL,2026-03-06,AVGO
AVGO260306C00325000,325.0,26.14,26.05,26.6,54.0,142.0,0.5856975024414062,True,CALL,2026-03-06,AVGO
AVGO260306C00330000,330.0,23.8,23.55,24.15,180.0,1120.0,0.5829509478759765,False,CALL,2026-03-06,AVGO
AVGO260306C00335000,335.0,20.4,21.15,21.8,64.0,80.0,0.5788005987548828,False,CALL,2026-03-06,AVGO
AVGO260306C00340000,340.0,19.6,18.9,19.45,19.0,357.0,0.5726361096191408,False,CALL,2026-03-06,AVGO
AVGO260306C00345000,345.0,17.35,16.7,17.5,22.0,49.0,0.5680890359497069,False,CALL,2026-03-06,AVGO
AVGO260306C00350000,350.0,16.05,15.05,15.55,182.0,278.0,0.5664716204833984,False,CALL,2026-03-06,AVGO
AVGO260306C00355000,355.0,13.22,13.4,13.75,4.0,37.0,0.5630842031860351,False,CALL,2026-03-06,AVGO
AVGO260306C00360000,360.0,10.68,11.85,12.25,21.0,234.0,0.5611310977172851,False,CALL,2026-03-06,AVGO
AVGO260306C00365000,365.0,9.4,10.45,10.8,13.0,72.0,0.5582319567871095,False,CALL,2026-03-06,AVGO
AVGO260306C00370000,370.0,9.52,9.25,9.55,150.0,422.0,0.5572859213256837,False,CALL,2026-03-06,AVGO
AVGO260306C00375000,375.0,7.5,8.15,8.4,18.0,102.0,0.555790574951172,False,CALL,2026-03-06,AVGO
AVGO260306C00380000,380.0,6.81,7.15,7.45,15.0,94.0,0.5555464367675782,False,CALL,2026-03-06,AVGO
AVGO260306C00385000,385.0,6.37,6.15,6.45,267.0,306.0,0.5511519494628907,False,CALL,2026-03-06,AVGO
AVGO260306C00390000,390.0,5.62,5.5,5.8,14.0,80.0,0.5553022985839844,False,CALL,2026-03-06,AVGO
AVGO260306C00395000,395.0,4.9,4.75,5.05,7.0,116.0,0.5532271240234375,False,CALL,2026-03-06,AVGO
AVGO260306C00400000,400.0,4.32,4.15,4.45,74.0,118.0,0.5537154003906251,False,CALL,2026-03-06,AVGO
AVGO260306C00405000,405.0,3.76,3.65,3.9,6.0,210.0,0.5545698840332032,False,CALL,2026-03-06,AVGO
AVGO260306C00410000,410.0,2.82,3.2,3.4,2.0,65.0,0.5549360913085939,False,CALL,2026-03-06,AVGO
AVGO260306C00420000,420.0,2.51,2.47,2.62,6.0,55.0,0.5577436804199221,False,CALL,2026-03-06,AVGO
AVGO260306C00425000,425.0,2.37,1.97,2.5,1.0,24.0,0.5592085095214845,False,CALL,2026-03-06,AVGO
AVGO260306P00235000,235.0,1.22,1.16,1.44,1.0,20.0,0.6547886083984377,False,PUT,2026-03-06,AVGO
AVGO260306P00240000,240.0,1.39,1.56,1.68,1.0,90.0,0.6511265356445313,False,PUT,2026-03-06,AVGO
AVGO260306P00245000,245.0,1.69,1.71,2.0,15.0,16.0,0.635867899169922,False,PUT,2026-03-06,AVGO
AVGO260306P00250000,250.0,2.31,2.17,2.49,170.0,115.0,0.6355016918945313,False,PUT,2026-03-06,AVGO
AVGO260306P00255000,255.0,3.4,2.64,2.79,8.0,134.0,0.624149266357422,False,PUT,2026-03-06,AVGO
AVGO260306P00260000,260.0,3.78,3.0,3.3,4.0,100.0,0.6126747717285157,False,PUT,2026-03-06,AVGO
AVGO260306P00265000,265.0,4.36,3.55,3.85,5.0,77.0,0.6040078662109377,False,PUT,2026-03-06,AVGO
AVGO260306P00270000,270.0,4.3,4.2,4.5,45.0,120.0,0.5963175134277343,False,PUT,2026-03-06,AVGO
AVGO260306P00275000,275.0,5.15,4.9,5.2,107.0,593.0,0.5870402624511719,False,PUT,2026-03-06,AVGO
AVGO260306P00280000,280.0,5.95,5.75,6.15,37.0,664.0,0.5819133605957032,False,PUT,2026-03-06,AVGO
AVGO260306P00285000,285.0,6.95,6.65,7.05,30.0,405.0,0.5726361096191408,False,PUT,2026-03-06,AVGO
AVGO260306P00290000,290.0,8.0,7.8,8.1,73.0,379.0,0.5663495513916017,False,PUT,2026-03-06,AVGO
AVGO260306P00295000,295.0,9.35,8.95,9.35,64.0,383.0,0.559147474975586,False,PUT,2026-03-06,AVGO
AVGO260306P00300000,300.0,10.5,10.2,10.85,89.0,189.0,0.5530440203857423,False,PUT,2026-03-06,AVGO
AVGO260306P00305000,305.0,12.03,11.8,12.25,18.0,175.0,0.5463607376098634,False,PUT,2026-03-06,AVGO
AVGO260306P00310000,310.0,13.73,13.55,13.95,42.0,220.0,0.5415390084838869,False,PUT,2026-03-06,AVGO
AVGO260306P00315000,315.0,15.76,15.45,16.0,15.0,274.0,0.5388534884643555,False,PUT,2026-03-06,AVGO
AVGO260306P00320000,320.0,19.8,17.45,18.1,4.0,776.0,0.5336960693359375,False,PUT,2026-03-06,AVGO
AVGO260306P00325000,325.0,20.14,19.75,20.1,22.0,179.0,0.5267381311035157,False,PUT,2026-03-06,AVGO
AVGO260306P00330000,330.0,22.42,22.1,22.55,7.0,75.0,0.5216112292480468,True,PUT,2026-03-06,AVGO
AVGO260306P00335000,335.0,25.5,24.7,25.2,5.0,83.0,0.5176439837646485,True,PUT,2026-03-06,AVGO
AVGO260306P00340000,340.0,29.19,27.4,28.05,11.0,72.0,0.5129443237304687,True,PUT,2026-03-06,AVGO
AVGO260306P00345000,345.0,36.48,30.35,31.05,16.0,45.0,0.508793974609375,True,PUT,2026-03-06,AVGO
AVGO260306P00350000,350.0,34.5,33.5,34.15,5.0,26.0,0.5041248318481445,True,PUT,2026-03-06,AVGO
AVGO260306P00355000,355.0,43.63,36.75,37.6,5.0,12.0,0.5008594836425782,True,PUT,2026-03-06,AVGO
AVGO260306P00360000,360.0,42.43,40.15,40.85,1.0,38.0,0.502080174560547,True,PUT,2026-03-06,AVGO
AVGO260306P00365000,365.0,54.52,43.8,44.45,2.0,5.0,0.49728896270751966,True,PUT,2026-03-06,AVGO
AVGO260306P00370000,370.0,49.7,47.55,48.35,2.0,9.0,0.4970143072509766,True,PUT,2026-03-06,AVGO
AVGO260306P00375000,375.0,53.3,51.35,52.1,2.0,3.0,0.4880422290039063,True,PUT,2026-03-06,AVGO
AVGO260306P00380000,380.0,63.67,55.45,56.6,1.0,1.0,0.499577758178711,True,PUT,2026-03-06,AVGO
AVGO260306P00390000,390.0,68.54,63.8,65.75,2.0,6.0,0.5217332983398437,True,PUT,2026-03-06,AVGO
AVGO260306P00395000,395.0,72.58,67.95,68.85,9.0,5.0,0.4669242761230469,True,PUT,2026-03-06,AVGO
AVGO260320C00240000,240.0,88.05,93.25,94.95,1.0,1133.0,0.750856983642578,True,CALL,2026-03-20,AVGO
AVGO260320C00250000,250.0,86.0,83.6,86.15,5.0,3052.0,0.7100859069824219,True,CALL,2026-03-20,AVGO
AVGO260320C00260000,260.0,70.9,74.85,76.95,2.0,852.0,0.674502766723633,True,CALL,2026-03-20,AVGO
AVGO260320C00270000,270.0,66.61,67.05,67.7,2.0,640.0,0.6480137738037108,True,CALL,2026-03-20,AVGO
AVGO260320C00280000,280.0,59.3,58.95,60.9,19.0,16197.0,0.6443517010498048,True,CALL,2026-03-20,AVGO
AVGO260320C00290000,290.0,51.55,51.35,52.85,4.0,555.0,0.6191444335937502,True,CALL,2026-03-20,AVGO
AVGO260320C00300000,300.0,44.7,44.3,45.15,76.0,2578.0,0.5961344097900392,True,CALL,2026-03-20,AVGO
AVGO260320C00310000,310.0,38.0,38.05,38.45,80.0,1613.0,0.5835612933349608,True,CALL,2026-03-20,AVGO
AVGO260320C00320000,320.0,32.4,32.2,32.6,248.0,3804.0,0.5732464550781251,True,CALL,2026-03-20,AVGO
AVGO260320C00330000,330.0,26.95,27.0,27.35,913.0,6625.0,0.5645490322875978,False,CALL,2026-03-20,AVGO
AVGO260320C00340000,340.0,22.4,22.45,22.75,531.0,8358.0,0.5577436804199221,False,CALL,2026-03-20,AVGO
AVGO260320C00350000,350.0,18.4,18.5,18.75,843.0,8414.0,0.5520064331054688,False,CALL,2026-03-20,AVGO
AVGO260320C00360000,360.0,15.3,15.1,15.35,187.0,6776.0,0.5473983248901368,False,CALL,2026-03-20,AVGO
AVGO260320C00370000,370.0,12.2,12.2,12.45,291.0,10107.0,0.5430953894042969,False,CALL,2026-03-20,AVGO
AVGO260320C00380000,380.0,9.95,9.75,10.1,388.0,14971.0,0.5401046966552736,False,CALL,2026-03-20,AVGO
AVGO260320C00390000,390.0,8.0,7.85,8.1,103.0,3224.0,0.538639867553711,False,CALL,2026-03-20,AVGO
AVGO260320C00400000,400.0,6.4,6.35,6.5,532.0,20494.0,0.5391281439208986,False,CALL,2026-03-20,AVGO
AVGO260320C00410000,410.0,5.13,5.0,5.25,158.0,3017.0,0.5387619366455079,False,CALL,2026-03-20,AVGO
AVGO260320C00420000,420.0,4.1,4.0,4.15,368.0,8106.0,0.5387619366455079,False,CALL,2026-03-20,AVGO
AVGO260320P00240000,240.0,2.9,2.41,2.57,21.0,14380.0,0.6138954626464845,False,PUT,2026-03-20,AVGO
AVGO260320P00250000,250.0,3.35,3.2,3.45,440.0,8272.0,0.5952188916015625,False,PUT,2026-03-20,AVGO
AVGO260320P00260000,260.0,4.5,4.35,4.6,75.0,6606.0,0.5805706005859376,False,PUT,2026-03-20,AVGO
AVGO260320P00270000,270.0,6.3,5.8,6.05,48.0,3961.0,0.5658002404785156,False,PUT,2026-03-20,AVGO
AVGO260320P00280000,280.0,7.79,7.65,7.9,96.0,8685.0,0.5525557440185547,False,PUT,2026-03-20,AVGO
AVGO260320P00290000,290.0,10.16,10.0,10.15,145.0,5611.0,0.5400436621093752,False,PUT,2026-03-20,AVGO
AVGO260320P00300000,300.0,13.0,12.85,13.05,1127.0,10877.0,0.5297898583984376,False,PUT,2026-03-20,AVGO
AVGO260320P00310000,310.0,16.45,16.3,16.6,391.0,8399.0,0.5212755392456053,False,PUT,2026-03-20,AVGO
AVGO260320P00320000,320.0,20.55,20.4,20.75,203.0,8414.0,0.5133715655517577,False,PUT,2026-03-20,AVGO
AVGO260320P00330000,330.0,25.53,25.05,25.5,350.0,6074.0,0.504613108215332,True,PUT,2026-03-20,AVGO
AVGO260320P00340000,340.0,30.7,30.5,30.95,205.0,5930.0,0.5029956927490236,True,PUT,2026-03-20,AVGO
AVGO260320P00350000,350.0,36.72,36.5,36.9,36.0,3870.0,0.4944813735961915,True,PUT,2026-03-20,AVGO
AVGO260320P00360000,360.0,43.51,43.05,43.5,19.0,1610.0,0.4872487799072266,True,PUT,2026-03-20,AVGO
AVGO260320P00370000,370.0,50.89,50.2,50.6,12.0,1901.0,0.47876497802734375,True,PUT,2026-03-20,AVGO
AVGO260320P00380000,380.0,59.54,57.75,58.8,3.0,1961.0,0.4855703298950196,True,PUT,2026-03-20,AVGO
AVGO260320P00390000,390.0,69.37,66.1,66.95,1.0,1020.0,0.48102325622558595,True,PUT,2026-03-20,AVGO
AVGO260320P00400000,400.0,72.0,74.25,76.0,1.0,1415.0,0.4940236145019532,True,PUT,2026-03-20,AVGO
AVGO260320P00410000,410.0,83.32,82.9,84.75,2.0,304.0,0.48901878173828134,True,PUT,2026-03-20,AVGO
AVGO260320P00420000,420.0,88.75,91.4,93.75,15.0,291.0,0.4830984307861329,True,PUT,2026-03-20,AVGO
AVGO260417C00240000,240.0,98.8,94.6,96.95,2.0,149.0,0.6609530975341797,True,CALL,2026-04-17,AVGO
AVGO260417C00250000,250.0,79.78,86.05,88.2,1.0,178.0,0.6392858337402343,True,CALL,2026-04-17,AVGO
AVGO260417C00260000,260.0,76.45,78.25,79.95,9.0,181.0,0.628482719116211,True,CALL,2026-04-17,AVGO
AVGO260417C00270000,270.0,71.09,70.3,72.45,5.0,159.0,0.6171913281250001,True,CALL,2026-04-17,AVGO
AVGO260417C00280000,280.0,60.46,62.65,64.5,1.0,291.0,0.5970194107055665,True,CALL,2026-04-17,AVGO
AVGO260417C00290000,290.0,56.45,55.5,56.25,8.0,174.0,0.5729412823486328,True,CALL,2026-04-17,AVGO
AVGO260417C00300000,300.0,49.2,48.75,49.75,8.0,519.0,0.5630231686401368,True,CALL,2026-04-17,AVGO
AVGO260417C00310000,310.0,42.7,42.0,43.4,116.0,394.0,0.5469100485229493,True,CALL,2026-04-17,AVGO
AVGO260417C00320000,320.0,37.7,37.2,37.55,161.0,873.0,0.544346597595215,True,CALL,2026-04-17,AVGO
AVGO260417C00330000,330.0,32.15,32.1,32.4,249.0,1515.0,0.5371445211791993,False,CALL,2026-04-17,AVGO
AVGO260417C00340000,340.0,27.7,27.45,27.75,219.0,2659.0,0.5300645138549805,False,CALL,2026-04-17,AVGO
AVGO260417C00350000,350.0,23.53,23.4,23.8,477.0,2832.0,0.526097268371582,False,CALL,2026-04-17,AVGO
AVGO260417C00360000,360.0,20.1,19.85,20.15,111.0,3249.0,0.5214586428833007,False,CALL,2026-04-17,AVGO
AVGO260417C00370000,370.0,16.8,16.8,17.0,227.0,3209.0,0.5181932946777343,False,CALL,2026-04-17,AVGO
AVGO260417C00380000,380.0,14.2,14.05,14.3,49.0,1669.0,0.5147143255615234,False,CALL,2026-04-17,AVGO
AVGO260417C00390000,390.0,12.15,11.75,12.0,57.0,1261.0,0.5125475991821288,False,CALL,2026-04-17,AVGO
AVGO260417C00400000,400.0,9.95,9.85,10.05,715.0,5204.0,0.511571046447754,False,CALL,2026-04-17,AVGO
AVGO260417C00410000,410.0,8.0,8.15,8.4,32.0,1300.0,0.5100146655273439,False,CALL,2026-04-17,AVGO
AVGO260417C00420000,420.0,6.85,6.8,7.05,277.0,7010.0,0.5103198382568359,False,CALL,2026-04-17,AVGO
AVGO260417P00240000,240.0,4.17,3.95,4.2,61.0,1737.0,0.5631147204589844,False,PUT,2026-04-17,AVGO
AVGO260417P00250000,250.0,5.3,5.2,5.4,48.0,4193.0,0.5505416040039064,False,PUT,2026-04-17,AVGO
AVGO260417P00260000,260.0,6.85,6.7,6.9,11.0,2866.0,0.5381515911865236,False,PUT,2026-04-17,AVGO
AVGO260417P00270000,270.0,8.65,8.55,8.8,70.0,2745.0,0.527470545654297,False,PUT,2026-04-17,AVGO
AVGO260417P00280000,280.0,11.02,10.85,11.1,23.0,3803.0,0.5181322601318359,False,PUT,2026-04-17,AVGO
AVGO260417P00290000,290.0,13.65,13.55,13.85,32.0,2303.0,0.5090381127929688,False,PUT,2026-04-17,AVGO
AVGO260417P00300000,300.0,17.15,16.75,17.05,62.0,3451.0,0.5004322418212892,False,PUT,2026-04-17,AVGO
AVGO260417P00310000,310.0,20.62,20.55,20.8,179.0,4262.0,0.49561051269531253,False,PUT,2026-04-17,AVGO
AVGO260417P00320000,320.0,25.15,24.8,25.15,549.0,2982.0,0.48956809265136725,False,PUT,2026-04-17,AVGO
AVGO260417P00330000,330.0,29.95,29.75,30.0,54.0,3192.0,0.4831594653320313,True,PUT,2026-04-17,AVGO
AVGO260417P00340000,340.0,35.2,35.05,35.2,47.0,2036.0,0.47391273162841796,True,PUT,2026-04-17,AVGO
AVGO260417P00350000,350.0,39.4,41.0,41.3,22.0,2568.0,0.470983073425293,True,PUT,2026-04-17,AVGO
AVGO260417P00360000,360.0,47.5,47.4,47.75,22.0,1115.0,0.4656425506591797,True,PUT,2026-04-17,AVGO
AVGO260417P00370000,370.0,59.15,54.15,55.8,1.0,484.0,0.4805960144042969,True,PUT,2026-04-17,AVGO
AVGO260417P00380000,380.0,59.81,61.25,62.1,3.0,233.0,0.4563652996826172,True,PUT,2026-04-17,AVGO
AVGO260417P00390000,390.0,75.6,69.0,69.8,12.0,234.0,0.44980408599853516,True,PUT,2026-04-17,AVGO
AVGO260417P00400000,400.0,84.12,77.2,78.3,4.0,175.0,0.4530389169311524,True,PUT,2026-04-17,AVGO
AVGO260417P00410000,410.0,91.95,84.3,86.35,2.0,97.0,0.4381770050048829,True,PUT,2026-04-17,AVGO
AVGO260417P00420000,420.0,98.85,93.3,95.55,20.0,271.0,0.44623356506347656,True,PUT,2026-04-17,AVGO
AVGO260515C00240000,240.0,93.12,97.1,99.9,3.0,93.0,0.6404149728393554,True,CALL,2026-05-15,AVGO
AVGO260515C00250000,250.0,88.65,88.85,91.05,2.0,474.0,0.6167335690307618,True,CALL,2026-05-15,AVGO
AVGO260515C00260000,260.0,77.58,81.0,83.35,1.0,144.0,0.6057168334960938,True,CALL,2026-05-15,AVGO
AVGO260515C00270000,270.0,70.25,72.85,74.7,1.0,92.0,0.577152666015625,True,CALL,2026-05-15,AVGO
AVGO260515C00280000,280.0,61.0,66.1,68.1,3.0,865.0,0.5761150787353515,True,CALL,2026-05-15,AVGO
AVGO260515C00290000,290.0,55.65,59.55,61.25,2.0,530.0,0.5677838632202149,True,CALL,2026-05-15,AVGO
AVGO260515C00300000,300.0,53.66,53.1,54.25,15.0,723.0,0.5532881585693359,True,CALL,2026-05-15,AVGO
AVGO260515C00310000,310.0,46.75,47.15,47.85,5.0,1015.0,0.5418441812133791,True,CALL,2026-05-15,AVGO
AVGO260515C00320000,320.0,41.7,41.85,42.25,274.0,1147.0,0.5354050366210938,True,CALL,2026-05-15,AVGO
AVGO260515C00330000,330.0,37.1,36.8,37.15,70.0,1318.0,0.5285081329345704,False,CALL,2026-05-15,AVGO
AVGO260515C00340000,340.0,32.1,32.3,32.6,589.0,2828.0,0.5237016624450683,False,CALL,2026-05-15,AVGO
AVGO260515C00350000,350.0,28.4,28.1,28.45,198.0,1185.0,0.5181932946777343,False,CALL,2026-05-15,AVGO
AVGO260515C00360000,360.0,24.45,24.5,24.8,92.0,965.0,0.5150500155639649,False,CALL,2026-05-15,AVGO
AVGO260515C00370000,370.0,21.2,21.15,21.45,21.0,1972.0,0.5105639764404297,False,CALL,2026-05-15,AVGO
AVGO260515C00380000,380.0,18.3,18.3,18.6,55.0,1167.0,0.5083362155151367,False,CALL,2026-05-15,AVGO
AVGO260515C00390000,390.0,15.0,15.8,16.1,8.0,715.0,0.5066577655029296,False,CALL,2026-05-15,AVGO
AVGO260515C00400000,400.0,13.7,13.6,13.85,27.0,2883.0,0.5047046600341796,False,CALL,2026-05-15,AVGO
AVGO260515C00410000,410.0,11.82,11.65,11.95,242.0,490.0,0.503361900024414,False,CALL,2026-05-15,AVGO
AVGO260515C00420000,420.0,10.15,10.0,10.25,247.0,851.0,0.5022327609252931,False,CALL,2026-05-15,AVGO
AVGO260515P00240000,240.0,5.79,5.65,5.9,48.0,8048.0,0.5380905566406251,False,PUT,2026-05-15,AVGO
AVGO260515P00250000,250.0,7.4,7.2,7.4,40.0,3156.0,0.5275926147460939,False,PUT,2026-05-15,AVGO
AVGO260515P00260000,260.0,9.25,9.0,9.25,23.0,1916.0,0.5175219146728516,False,PUT,2026-05-15,AVGO
AVGO260515P00270000,270.0,11.45,11.15,11.45,29.0,1976.0,0.5081531118774415,False,PUT,2026-05-15,AVGO
AVGO260515P00280000,280.0,14.0,13.75,14.05,73.0,2096.0,0.5001270690917969,False,PUT,2026-05-15,AVGO
AVGO260515P00290000,290.0,17.05,16.75,17.0,50.0,2363.0,0.4939320626831055,False,PUT,2026-05-15,AVGO
AVGO260515P00300000,300.0,20.27,20.2,20.5,106.0,4275.0,0.48730981445312505,False,PUT,2026-05-15,AVGO
AVGO260515P00310000,310.0,24.45,24.15,24.35,155.0,1809.0,0.4792837716674804,False,PUT,2026-05-15,AVGO
AVGO260515P00320000,320.0,28.87,28.5,28.9,39.0,2151.0,0.47495031890869144,False,PUT,2026-05-15,AVGO
AVGO260515P00330000,330.0,33.8,33.5,33.85,53.0,2899.0,0.4696708306884766,True,PUT,2026-05-15,AVGO
AVGO260515P00340000,340.0,39.1,38.8,39.25,20.0,1595.0,0.4642387561035156,True,PUT,2026-05-15,AVGO
AVGO260515P00350000,350.0,44.75,44.65,45.15,13.0,1010.0,0.4594933201599121,True,PUT,2026-05-15,AVGO
AVGO260515P00360000,360.0,51.0,50.9,51.4,18.0,1214.0,0.4534966760253906,True,PUT,2026-05-15,AVGO
AVGO260515P00370000,370.0,59.49,57.65,58.4,1.0,506.0,0.4523980541992188,True,PUT,2026-05-15,AVGO
AVGO260515P00380000,380.0,66.71,64.75,66.35,3.0,821.0,0.4603325451660156,True,PUT,2026-05-15,AVGO
AVGO260515P00390000,390.0,69.03,72.2,72.85,2.0,549.0,0.43958079956054685,True,PUT,2026-05-15,AVGO
AVGO260515P00400000,400.0,76.7,80.05,80.75,2.0,343.0,0.43552200225830084,True,PUT,2026-05-15,AVGO
AVGO260515P00410000,410.0,86.75,87.0,88.8,1.0,103.0,0.42841147766113286,True,PUT,2026-05-15,AVGO
AVGO260515P00420000,420.0,97.2,95.7,97.15,2.0,177.0,0.4211483666992188,True,PUT,2026-05-15,AVGO
AVGO260618C00240000,240.0,90.83,100.55,102.95,11.0,594.0,0.6264075445556643,True,CALL,2026-06-18,AVGO
AVGO260618C00250000,250.0,95.0,92.8,94.65,1.0,1874.0,0.6098671826171876,True,CALL,2026-06-18,AVGO
AVGO260618C00260000,260.0,87.57,85.05,86.65,20.0,1531.0,0.592350267944336,True,CALL,2026-06-18,AVGO
AVGO260618C00270000,270.0,77.0,77.55,79.85,2.0,1339.0,0.5830424996948241,True,CALL,2026-06-18,AVGO
AVGO260618C00280000,280.0,68.6,70.55,73.0,56.0,890.0,0.57266662689209,True,CALL,2026-06-18,AVGO
AVGO260618C00290000,290.0,64.25,65.0,66.05,13.0,976.0,0.5676007595825195,True,CALL,2026-06-18,AVGO
AVGO260618C00300000,300.0,58.15,58.9,59.95,63.0,4355.0,0.5598798895263672,True,CALL,2026-06-18,AVGO
AVGO260618C00310000,310.0,53.54,53.15,54.25,17.0,591.0,0.5527083303833008,True,CALL,2026-06-18,AVGO
AVGO260618C00320000,320.0,48.23,47.9,48.45,146.0,1843.0,0.5437667694091797,True,CALL,2026-06-18,AVGO
AVGO260618C00330000,330.0,43.3,43.3,43.55,187.0,3196.0,0.5403183175659182,False,CALL,2026-06-18,AVGO
AVGO260618C00340000,340.0,38.84,38.55,38.95,730.0,2971.0,0.5335129656982422,False,CALL,2026-06-18,AVGO
AVGO260618C00350000,350.0,34.72,34.55,34.95,235.0,3047.0,0.530903738861084,False,CALL,2026-06-18,AVGO
AVGO260618C00360000,360.0,31.14,30.8,31.15,52.0,2007.0,0.5270433038330078,False,CALL,2026-06-18,AVGO
AVGO260618C00370000,370.0,27.9,27.45,27.8,12.0,1915.0,0.5245866633605958,False,CALL,2026-06-18,AVGO
AVGO260618C00380000,380.0,23.66,24.35,24.7,163.0,2798.0,0.5215501947021484,False,CALL,2026-06-18,AVGO
AVGO260618C00390000,390.0,22.0,21.5,21.75,511.0,2662.0,0.5174608801269531,False,CALL,2026-06-18,AVGO
AVGO260618C00400000,400.0,19.2,19.1,19.45,176.0,3820.0,0.5171862246704101,False,CALL,2026-06-18,AVGO
AVGO260618C00410000,410.0,15.75,16.85,17.3,11.0,2125.0,0.5157519128417969,False,CALL,2026-06-18,AVGO
AVGO260618C00420000,420.0,15.09,14.95,15.25,255.0,4065.0,0.5143786355590819,False,CALL,2026-06-18,AVGO
AVGO260618P00240000,240.0,8.45,8.25,8.5,26.0,3420.0,0.5319871020507813,False,PUT,2026-06-18,AVGO
AVGO260618P00250000,250.0,10.3,10.15,10.35,20.0,4763.0,0.5225877819824218,False,PUT,2026-06-18,AVGO
AVGO260618P00260000,260.0,12.6,12.35,12.6,76.0,6814.0,0.5144701873779296,False,PUT,2026-06-18,AVGO
AVGO260618P00270000,270.0,15.0,14.9,15.15,22.0,3523.0,0.5065051791381835,False,PUT,2026-06-18,AVGO
AVGO260618P00280000,280.0,18.05,17.8,18.15,48.0,3844.0,0.5022327609252931,False,PUT,2026-06-18,AVGO
AVGO260618P00290000,290.0,21.4,21.15,21.45,25.0,4470.0,0.4949696499633789,False,PUT,2026-06-18,AVGO
AVGO260618P00300000,300.0,25.02,24.95,25.15,23.0,9468.0,0.4881032635498047,False,PUT,2026-06-18,AVGO
AVGO260618P00310000,310.0,31.45,29.05,29.3,23.0,1677.0,0.4821218780517579,False,PUT,2026-06-18,AVGO
AVGO260618P00320000,320.0,34.35,33.65,33.9,12.0,3968.0,0.47682713119506837,False,PUT,2026-06-18,AVGO
AVGO260618P00330000,330.0,38.9,38.65,39.05,34.0,2668.0,0.47342445526123045,True,PUT,2026-06-18,AVGO
AVGO260618P00340000,340.0,44.5,44.1,44.55,12.0,3798.0,0.4694266925048829,True,PUT,2026-06-18,AVGO
AVGO260618P00350000,350.0,52.08,49.85,50.4,4.0,2470.0,0.46497117065429694,True,PUT,2026-06-18,AVGO
AVGO260618P00360000,360.0,55.45,56.05,56.55,29.0,1114.0,0.4596001306152344,True,PUT,2026-06-18,AVGO
AVGO260618P00370000,370.0,62.75,62.6,63.05,6.0,468.0,0.45404598693847653,True,PUT,2026-06-18,AVGO
AVGO260618P00380000,380.0,74.65,69.55,70.55,3.0,499.0,0.45703667968750006,True,PUT,2026-06-18,AVGO
AVGO260618P00390000,390.0,86.65,76.65,78.25,1.0,475.0,0.4588677160644532,True,PUT,2026-06-18,AVGO
AVGO260618P00400000,400.0,84.8,84.25,85.25,3.0,433.0,0.44695072097778316,True,PUT,2026-06-18,AVGO
AVGO260618P00410000,410.0,97.75,92.1,92.95,2.0,458.0,0.4404963177490234,True,PUT,2026-06-18,AVGO
AVGO260618P00420000,420.0,99.2,100.2,100.95,1.0,289.0,0.4343013113403321,True,PUT,2026-06-18,AVGO
AVGO260717C00240000,240.0,106.6,102.75,104.7,4.0,34.0,0.6063271789550781,True,CALL,2026-07-17,AVGO
AVGO260717C00250000,250.0,91.75,95.45,97.35,10.0,243.0,0.5999185516357424,True,CALL,2026-07-17,AVGO
AVGO260717C00260000,260.0,84.4,87.1,88.95,2.0,85.0,0.5731549032592774,True,CALL,2026-07-17,AVGO
AVGO260717C00270000,270.0,81.0,81.0,82.65,1.0,112.0,0.5759319750976561,True,CALL,2026-07-17,AVGO
AVGO260717C00280000,280.0,75.32,74.25,75.1,25.0,119.0,0.5607954077148438,True,CALL,2026-07-17,AVGO
AVGO260717C00290000,290.0,69.5,67.9,69.75,2.0,68.0,0.5592390267944337,True,CALL,2026-07-17,AVGO
AVGO260717C00300000,300.0,63.71,61.95,63.1,21.0,157.0,0.5479323771667481,True,CALL,2026-07-17,AVGO
AVGO260717C00310000,310.0,53.5,56.35,57.15,400.0,140.0,0.5394790925598147,True,CALL,2026-07-17,AVGO
AVGO260717C00320000,320.0,50.8,51.15,51.75,60.0,218.0,0.5329789134216307,True,CALL,2026-07-17,AVGO
AVGO260717C00330000,330.0,46.55,46.45,46.85,36.0,588.0,0.5285691674804689,False,CALL,2026-07-17,AVGO
AVGO260717C00340000,340.0,42.48,42.0,42.45,58.0,809.0,0.5247850256347657,False,CALL,2026-07-17,AVGO
AVGO260717C00350000,350.0,37.26,37.9,38.3,29.0,780.0,0.5208940733337402,False,CALL,2026-07-17,AVGO
AVGO260717C00360000,360.0,34.4,34.15,34.6,56.0,1189.0,0.5181017428588868,False,CALL,2026-07-17,AVGO
AVGO260717C00370000,370.0,31.0,30.65,31.1,22.0,378.0,0.5146075151062011,False,CALL,2026-07-17,AVGO
AVGO260717C00380000,380.0,26.0,27.6,27.95,11.0,532.0,0.5125170819091796,False,CALL,2026-07-17,AVGO
AVGO260717C00390000,390.0,24.9,24.9,25.2,4.0,133.0,0.5117846673583983,False,CALL,2026-07-17,AVGO
AVGO260717C00400000,400.0,22.3,22.25,22.65,17.0,2415.0,0.5096789755249024,False,CALL,2026-07-17,AVGO
AVGO260717C00410000,410.0,20.15,20.0,20.35,4.0,1292.0,0.508793974609375,False,CALL,2026-07-17,AVGO
AVGO260717C00420000,420.0,15.48,17.8,18.15,19.0,454.0,0.5061847477722168,False,CALL,2026-07-17,AVGO
AVGO260717P00240000,240.0,10.7,9.75,10.0,2.0,688.0,0.5150194982910157,False,PUT,2026-07-17,AVGO
AVGO260717P00250000,250.0,12.15,11.85,12.05,52.0,1805.0,0.5068103518676758,False,PUT,2026-07-17,AVGO
AVGO260717P00260000,260.0,15.35,14.3,14.6,501.0,1734.0,0.5009205181884766,False,PUT,2026-07-17,AVGO
AVGO260717P00270000,270.0,17.65,17.15,17.3,347.0,2004.0,0.4954274090576172,False,PUT,2026-07-17,AVGO
AVGO260717P00280000,280.0,20.3,20.15,20.45,62.0,1260.0,0.4893544717407228,False,PUT,2026-07-17,AVGO
AVGO260717P00290000,290.0,23.84,23.7,24.0,411.0,864.0,0.4840139489746094,False,PUT,2026-07-17,AVGO
AVGO260717P00300000,300.0,27.7,27.65,27.8,164.0,2902.0,0.47730014892578126,False,PUT,2026-07-17,AVGO
AVGO260717P00310000,310.0,32.15,31.8,32.15,10.0,1175.0,0.4728751443481446,False,PUT,2026-07-17,AVGO
AVGO260717P00320000,320.0,36.83,36.45,36.7,7.0,1023.0,0.4664665170288086,False,PUT,2026-07-17,AVGO
AVGO260717P00330000,330.0,41.65,41.45,41.7,72.0,425.0,0.46104970108032234,True,PUT,2026-07-17,AVGO
AVGO260717P00340000,340.0,47.69,46.95,47.35,5.0,555.0,0.45882194015502936,True,PUT,2026-07-17,AVGO
AVGO260717P00350000,350.0,51.77,52.65,53.2,1.0,334.0,0.45479366012573247,True,PUT,2026-07-17,AVGO
AVGO260717P00360000,360.0,59.2,58.8,59.4,13.0,126.0,0.4507958973693848,True,PUT,2026-07-17,AVGO
AVGO260717P00370000,370.0,65.45,65.35,65.9,5.0,672.0,0.4464014100646973,True,PUT,2026-07-17,AVGO
AVGO260717P00380000,380.0,71.85,72.15,72.8,1.0,175.0,0.44290718231201176,True,PUT,2026-07-17,AVGO
AVGO260717P00390000,390.0,82.74,79.4,80.9,2.0,60.0,0.4503228796386719,True,PUT,2026-07-17,AVGO
AVGO260717P00400000,400.0,86.25,86.75,88.35,1.0,85.0,0.44681339324951175,True,PUT,2026-07-17,AVGO
AVGO260717P00410000,410.0,94.35,93.55,95.1,20.0,65.0,0.43054768676757815,True,PUT,2026-07-17,AVGO
AVGO260717P00420000,420.0,100.7,101.95,103.1,3.0,38.0,0.4269161312866212,True,PUT,2026-07-17,AVGO
AVGO260821C00240000,240.0,106.27,104.85,107.55,25.0,237.0,0.591648370666504,True,CALL,2026-08-21,AVGO
AVGO260821C00250000,250.0,91.0,98.1,100.1,2.0,34.0,0.5860026751708984,True,CALL,2026-08-21,AVGO
AVGO260821C00260000,260.0,88.89,90.25,93.0,1.0,24.0,0.5715069705200196,True,CALL,2026-08-21,AVGO
AVGO260821C00270000,270.0,86.41,84.35,85.15,3.0,89.0,0.5621686849975586,True,CALL,2026-08-21,AVGO
AVGO260821C00280000,280.0,72.55,76.85,78.9,2.0,284.0,0.5497176376342775,True,CALL,2026-08-21,AVGO
AVGO260821C00290000,290.0,73.5,71.65,73.3,10.0,31.0,0.5516402258300781,True,CALL,2026-08-21,AVGO
AVGO260821C00300000,300.0,66.0,65.75,66.75,26.0,130.0,0.5405319384765627,True,CALL,2026-08-21,AVGO
AVGO260821C00310000,310.0,60.0,60.45,61.3,10.0,313.0,0.5358017611694336,True,CALL,2026-08-21,AVGO
AVGO260821C00320000,320.0,52.9,54.95,55.95,5.0,440.0,0.5274400283813477,True,CALL,2026-08-21,AVGO
AVGO260821C00330000,330.0,48.58,50.7,51.2,7.0,274.0,0.5257615783691407,False,CALL,2026-08-21,AVGO
AVGO260821C00340000,340.0,47.72,46.25,46.8,54.0,375.0,0.5218248501586914,False,CALL,2026-08-21,AVGO
AVGO260821C00350000,350.0,38.0,42.2,42.6,5.0,1443.0,0.5180712255859375,False,CALL,2026-08-21,AVGO
AVGO260821C00360000,360.0,38.7,38.6,38.9,34.0,394.0,0.5163622583007812,False,CALL,2026-08-21,AVGO
AVGO260821C00370000,370.0,33.8,34.95,35.4,12.0,489.0,0.5127459614562988,False,CALL,2026-08-21,AVGO
AVGO260821C00380000,380.0,31.95,31.75,32.25,30.0,419.0,0.5106250109863282,False,CALL,2026-08-21,AVGO
AVGO260821C00390000,390.0,27.87,28.9,29.35,2.0,420.0,0.5091754405212403,False,CALL,2026-08-21,AVGO
AVGO260821C00400000,400.0,26.45,26.15,26.55,145.0,1409.0,0.5063831100463867,False,CALL,2026-08-21,AVGO
AVGO260821C00410000,410.0,22.3,23.8,24.2,3.0,469.0,0.5058795750427245,False,CALL,2026-08-21,AVGO
AVGO260821C00420000,420.0,21.95,21.6,22.15,11.0,446.0,0.505742247314453,False,CALL,2026-08-21,AVGO
AVGO260821P00240000,240.0,11.49,11.4,11.85,1.0,470.0,0.5037891418457032,False,PUT,2026-08-21,AVGO
AVGO260821P00250000,250.0,13.9,13.8,14.15,402.0,987.0,0.4964955136108399,False,PUT,2026-08-21,AVGO
AVGO260821P00260000,260.0,17.25,16.4,16.75,5.0,1057.0,0.48950705810546885,False,PUT,2026-08-21,AVGO
AVGO260821P00270000,270.0,20.05,19.45,19.8,22.0,426.0,0.48456325988769533,False,PUT,2026-08-21,AVGO
AVGO260821P00280000,280.0,23.7,22.8,23.05,1.0,1442.0,0.47806308074951176,False,PUT,2026-08-21,AVGO
AVGO260821P00290000,290.0,25.8,26.3,26.75,2.0,1070.0,0.4731192825317383,False,PUT,2026-08-21,AVGO
AVGO260821P00300000,300.0,30.5,30.45,30.8,1.0,1580.0,0.4682822947692871,False,PUT,2026-08-21,AVGO
AVGO260821P00310000,310.0,34.44,34.85,35.2,2.0,1326.0,0.46355211746215824,False,PUT,2026-08-21,AVGO
AVGO260821P00320000,320.0,40.69,39.5,40.05,1.0,600.0,0.4599358206176758,False,PUT,2026-08-21,AVGO
AVGO260821P00330000,330.0,45.1,44.65,45.1,9.0,567.0,0.45485469467163087,True,PUT,2026-08-21,AVGO
AVGO260821P00340000,340.0,50.4,50.1,50.65,1.0,421.0,0.45145201873779295,True,PUT,2026-08-21,AVGO
AVGO260821P00350000,350.0,57.65,55.9,56.45,3.0,258.0,0.4472406350708008,True,PUT,2026-08-21,AVGO
AVGO260821P00360000,360.0,62.55,62.05,62.65,5.0,182.0,0.4438227005004882,True,PUT,2026-08-21,AVGO
AVGO260821P00370000,370.0,69.87,68.4,69.05,4.0,217.0,0.4393061441040039,True,PUT,2026-08-21,AVGO
AVGO260821P00380000,380.0,74.0,75.25,75.85,1.0,418.0,0.435827174987793,True,PUT,2026-08-21,AVGO
AVGO260821P00390000,390.0,89.3,82.2,82.85,1.0,92.0,0.4314479463195801,True,PUT,2026-08-21,AVGO
AVGO260821P00400000,400.0,99.7,89.2,90.3,1.0,374.0,0.4290523403930664,True,PUT,2026-08-21,AVGO
AVGO260821P00410000,410.0,95.0,97.4,98.8,2.0,137.0,0.43601027862548825,True,PUT,2026-08-21,AVGO
AVGO260821P00420000,420.0,105.55,104.7,106.05,2.0,57.0,0.4258175094604493,True,PUT,2026-08-21,AVGO
AVGO260918C00240000,240.0,106.26,108.2,110.25,1.0,342.0,0.5987894125366212,True,CALL,2026-09-18,AVGO
AVGO260918C00250000,250.0,102.18,100.85,103.15,5.0,352.0,0.5887187124633789,True,CALL,2026-09-18,AVGO
AVGO260918C00260000,260.0,91.5,93.1,95.85,1.0,381.0,0.5721478332519532,True,CALL,2026-09-18,AVGO
AVGO260918C00270000,270.0,86.7,87.35,88.5,1.0,521.0,0.5652204122924805,True,CALL,2026-09-18,AVGO
AVGO260918C00280000,280.0,80.23,80.3,82.05,3.0,301.0,0.5531050549316407,True,CALL,2026-09-18,AVGO
AVGO260918C00290000,290.0,73.0,74.25,75.9,1.0,629.0,0.5456588403320313,True,CALL,2026-09-18,AVGO
AVGO260918C00300000,300.0,69.45,69.45,70.35,17.0,615.0,0.5451705639648439,True,CALL,2026-09-18,AVGO
AVGO260918C00310000,310.0,60.33,63.7,65.8,9.0,357.0,0.5418746984863283,True,CALL,2026-09-18,AVGO
AVGO260918C00320000,320.0,60.3,59.2,60.35,11.0,843.0,0.5375412457275393,True,CALL,2026-09-18,AVGO
AVGO260918C00330000,330.0,55.06,54.7,55.3,9.0,907.0,0.5325364129638672,False,CALL,2026-09-18,AVGO
AVGO260918C00340000,340.0,50.87,50.35,50.9,12.0,1120.0,0.5288438229370118,False,CALL,2026-09-18,AVGO
AVGO260918C00350000,350.0,43.7,46.35,46.9,16.0,1058.0,0.5262803720092774,False,CALL,2026-09-18,AVGO
AVGO260918C00360000,360.0,42.9,42.5,43.05,34.0,1164.0,0.522740368347168,False,CALL,2026-09-18,AVGO
AVGO260918C00370000,370.0,36.93,39.1,39.65,2.0,825.0,0.5211687287902831,False,CALL,2026-09-18,AVGO
AVGO260918C00380000,380.0,37.72,35.85,36.4,1.0,1026.0,0.518834157409668,False,CALL,2026-09-18,AVGO
AVGO260918C00390000,390.0,32.94,32.95,33.4,6.0,1762.0,0.5172472592163085,False,CALL,2026-09-18,AVGO
AVGO260918C00400000,400.0,30.47,30.2,30.65,15.0,2504.0,0.5155840678405761,False,CALL,2026-09-18,AVGO
AVGO260918C00410000,410.0,27.85,27.7,28.15,8.0,938.0,0.5144396701049804,False,CALL,2026-09-18,AVGO
AVGO260918C00420000,420.0,23.06,25.5,25.9,1.0,842.0,0.5142413078308103,False,CALL,2026-09-18,AVGO
AVGO260918P00240000,240.0,14.3,13.3,13.7,2.0,2071.0,0.5017750018310547,False,PUT,2026-09-18,AVGO
AVGO260918P00250000,250.0,16.05,15.8,16.2,4.0,6753.0,0.4952137881469727,False,PUT,2026-09-18,AVGO
AVGO260918P00260000,260.0,19.8,18.6,19.0,2.0,3655.0,0.48895774719238294,False,PUT,2026-09-18,AVGO
AVGO260918P00270000,270.0,22.74,21.75,22.2,1.0,2084.0,0.4840749835205078,False,PUT,2026-09-18,AVGO
AVGO260918P00280000,280.0,25.17,25.35,25.75,18.0,5744.0,0.4796499789428711,False,PUT,2026-09-18,AVGO
AVGO260918P00290000,290.0,29.4,29.2,29.55,2.0,2509.0,0.4744620425415039,False,PUT,2026-09-18,AVGO
AVGO260918P00300000,300.0,34.4,33.25,33.75,118.0,4529.0,0.47018962432861333,False,PUT,2026-09-18,AVGO
AVGO260918P00310000,310.0,40.32,37.75,38.3,80.0,1983.0,0.46619186157226566,False,PUT,2026-09-18,AVGO
AVGO260918P00320000,320.0,42.98,42.6,43.15,28.0,2081.0,0.4619804779052735,False,PUT,2026-09-18,AVGO
AVGO260918P00330000,330.0,50.2,47.8,48.35,60.0,1470.0,0.45810478424072276,True,PUT,2026-09-18,AVGO
AVGO260918P00340000,340.0,54.5,53.3,53.9,5.0,1550.0,0.4545800392150879,True,PUT,2026-09-18,AVGO
AVGO260918P00350000,350.0,59.0,59.2,59.8,2.0,2308.0,0.45146727737426756,True,PUT,2026-09-18,AVGO
AVGO260918P00360000,360.0,65.9,65.25,65.9,12.0,1245.0,0.4474542559814453,True,PUT,2026-09-18,AVGO
AVGO260918P00370000,370.0,77.02,71.7,72.25,2.0,389.0,0.4430597686767578,True,PUT,2026-09-18,AVGO
AVGO260918P00380000,380.0,79.1,78.4,79.05,2.0,274.0,0.4403437313842773,True,PUT,2026-09-18,AVGO
AVGO260918P00390000,390.0,87.1,85.35,86.0,2.0,166.0,0.436529072265625,True,PUT,2026-09-18,AVGO
AVGO260918P00400000,400.0,100.11,92.55,93.25,3.0,157.0,0.4331874308776856,True,PUT,2026-09-18,AVGO
AVGO260918P00410000,410.0,93.7,98.85,101.2,10.0,269.0,0.4347438117980958,True,PUT,2026-09-18,AVGO
AVGO260918P00420000,420.0,109.95,107.3,108.3,2.0,687.0,0.424810439453125,True,PUT,2026-09-18,AVGO
AVGO261120C00240000,240.0,114.74,112.45,114.0,20.0,20.0,0.5810893942260743,True,CALL,2026-11-20,AVGO
AVGO261120C00250000,250.0,98.23,105.25,106.5,1.0,4.0,0.5676312768554688,True,CALL,2026-11-20,AVGO
AVGO261120C00260000,260.0,99.85,98.75,100.15,1.0,4.0,0.5625348922729493,True,CALL,2026-11-20,AVGO
AVGO261120C00270000,270.0,85.98,92.3,94.5,1.0,3.0,0.5587812677001953,True,CALL,2026-11-20,AVGO
AVGO261120C00280000,280.0,85.9,86.35,87.55,1.0,1.0,0.548481688079834,True,CALL,2026-11-20,AVGO
AVGO261120C00290000,290.0,81.3,80.1,83.05,1.0,5.0,0.5465438412475586,True,CALL,2026-11-20,AVGO
AVGO261120C00300000,300.0,76.3,75.4,77.25,1.0,33.0,0.5433090103149415,True,CALL,2026-11-20,AVGO
AVGO261120C00310000,310.0,66.4,69.6,71.8,11.0,20.0,0.5344284838867188,True,CALL,2026-11-20,AVGO
AVGO261120C00320000,320.0,61.33,65.45,66.75,10.0,37.0,0.5326889993286132,True,CALL,2026-11-20,AVGO
AVGO261120C00330000,330.0,63.72,60.95,62.7,1.0,24.0,0.5316056361389161,False,CALL,2026-11-20,AVGO
AVGO261120C00340000,340.0,54.4,56.7,57.4,6.0,76.0,0.5241746801757812,False,CALL,2026-11-20,AVGO
AVGO261120C00350000,350.0,49.77,52.7,53.5,3.0,60.0,0.5218858847045899,False,CALL,2026-11-20,AVGO
AVGO261120C00360000,360.0,45.22,49.0,49.7,1.0,30.0,0.5194139855957032,False,CALL,2026-11-20,AVGO
AVGO261120C00370000,370.0,43.5,45.5,46.3,1.0,9.0,0.517659242401123,False,CALL,2026-11-20,AVGO
AVGO261120C00380000,380.0,43.05,42.25,42.95,2.0,13.0,0.5154162228393554,False,CALL,2026-11-20,AVGO
AVGO261120C00390000,390.0,39.85,39.25,39.9,1.0,9.0,0.5138445832824707,False,CALL,2026-11-20,AVGO
AVGO261120C00400000,400.0,38.48,36.45,37.05,4.0,56.0,0.5123797541809083,False,CALL,2026-11-20,AVGO
AVGO261120C00410000,410.0,34.75,33.85,34.55,7.0,13.0,0.5117694087219238,False,CALL,2026-11-20,AVGO
AVGO261120C00420000,420.0,31.72,31.35,32.05,1.0,48.0,0.5101214759826662,False,CALL,2026-11-20,AVGO
AVGO261120P00240000,240.0,15.7,16.4,16.8,1.0,51.0,0.4868673139953614,False,PUT,2026-11-20,AVGO
AVGO261120P00250000,250.0,19.73,19.15,19.6,1.0,262.0,0.48138946350097656,False,PUT,2026-11-20,AVGO
AVGO261120P00260000,260.0,23.47,22.1,22.7,2.0,1123.0,0.47626256164550784,False,PUT,2026-11-20,AVGO
AVGO261120P00270000,270.0,26.02,25.55,26.05,1.0,244.0,0.4708457456970215,False,PUT,2026-11-20,AVGO
AVGO261120P00280000,280.0,33.25,29.3,29.8,16.0,87.0,0.46666487930297856,False,PUT,2026-11-20,AVGO
AVGO261120P00290000,290.0,34.37,33.3,33.75,2.0,6.0,0.4615837533569337,False,PUT,2026-11-20,AVGO
AVGO261120P00300000,300.0,40.95,37.7,38.15,125.0,1212.0,0.4580437496948243,False,PUT,2026-11-20,AVGO
AVGO261120P00310000,310.0,44.55,42.3,42.9,77.0,133.0,0.45499202239990233,False,PUT,2026-11-20,AVGO
AVGO261120P00320000,320.0,47.68,47.3,47.9,20.0,870.0,0.4515435705566406,False,PUT,2026-11-20,AVGO
AVGO261120P00330000,330.0,50.73,52.55,53.15,1.0,423.0,0.44777468734741205,True,PUT,2026-11-20,AVGO
AVGO261120P00340000,340.0,56.3,58.1,58.75,2.0,24.0,0.44460089096069333,True,PUT,2026-11-20,AVGO
AVGO261120P00350000,350.0,64.85,63.9,64.65,1.0,4.0,0.44164071548461914,True,PUT,2026-11-20,AVGO
AVGO261120P00380000,380.0,74.83,83.0,83.8,4.0,5.0,0.4317683776855469,True,PUT,2026-11-20,AVGO
AVGO261120P00400000,400.0,85.9,97.0,97.6,,1.0,0.42358974853515624,True,PUT,2026-11-20,AVGO
AVGO261218C00235000,235.0,107.86,118.45,119.65,3.0,455.0,0.5870097451782227,True,CALL,2026-12-18,AVGO
AVGO261218C00240000,240.0,114.5,114.75,116.0,1.0,782.0,0.5805095660400392,True,CALL,2026-12-18,AVGO
AVGO261218C00245000,245.0,112.27,111.3,113.85,12.0,356.0,0.5834239656066895,True,CALL,2026-12-18,AVGO
AVGO261218C00250000,250.0,103.2,107.9,109.65,2.0,470.0,0.5744671459960937,True,CALL,2026-12-18,AVGO
AVGO261218C00255000,255.0,108.8,104.75,105.8,3.0,1159.0,0.5684094673156739,True,CALL,2026-12-18,AVGO
AVGO261218C00260000,260.0,95.88,101.65,104.0,1.0,649.0,0.5728192132568359,True,CALL,2026-12-18,AVGO
AVGO261218C00265000,265.0,99.35,98.5,99.55,2.0,330.0,0.5626417027282715,True,CALL,2026-12-18,AVGO
AVGO261218C00270000,270.0,88.44,95.5,96.85,4.0,428.0,0.5616498913574219,True,CALL,2026-12-18,AVGO
AVGO261218C00275000,275.0,93.1,91.4,93.85,1.0,611.0,0.5532118653869629,True,CALL,2026-12-18,AVGO
AVGO261218C00280000,280.0,91.65,88.6,91.7,1.0,278.0,0.5547072117614746,True,CALL,2026-12-18,AVGO
AVGO261218C00290000,290.0,85.37,83.7,85.0,1.0,309.0,0.5478560839843751,True,CALL,2026-12-18,AVGO
AVGO261218C00300000,300.0,75.67,77.75,79.5,7.0,538.0,0.5397384893798829,True,CALL,2026-12-18,AVGO
AVGO261218C00310000,310.0,74.97,73.55,74.35,10.0,306.0,0.5389297816467287,True,CALL,2026-12-18,AVGO
AVGO261218C00320000,320.0,65.65,68.95,70.35,2.0,474.0,0.539189178466797,True,CALL,2026-12-18,AVGO
AVGO261218C00330000,330.0,65.5,64.1,65.7,15.0,601.0,0.5336960693359375,False,CALL,2026-12-18,AVGO
AVGO261218C00340000,340.0,61.13,60.55,61.2,16.0,1048.0,0.5324143438720703,False,CALL,2026-12-18,AVGO
AVGO261218C00350000,350.0,54.5,56.45,57.15,15.0,1178.0,0.5289353747558594,False,CALL,2026-12-18,AVGO
AVGO261218C00360000,360.0,51.89,52.8,53.45,557.0,1210.0,0.5270280451965332,False,CALL,2026-12-18,AVGO
AVGO261218C00370000,370.0,47.39,49.35,50.0,10.0,835.0,0.5253038192749023,False,CALL,2026-12-18,AVGO
AVGO261218C00380000,380.0,43.25,46.0,46.65,2.0,891.0,0.5228319201660157,False,CALL,2026-12-18,AVGO
AVGO261218C00390000,390.0,41.06,43.0,43.6,7.0,632.0,0.5214739015197754,False,CALL,2026-12-18,AVGO
AVGO261218C00400000,400.0,39.34,40.2,40.8,18.0,1425.0,0.5205278660583494,False,CALL,2026-12-18,AVGO
AVGO261218C00410000,410.0,37.95,37.4,38.15,10.0,601.0,0.5188036401367188,False,CALL,2026-12-18,AVGO
AVGO261218C00420000,420.0,32.48,34.9,35.65,3.0,400.0,0.5176287251281739,False,CALL,2026-12-18,AVGO
AVGO261218P00235000,235.0,16.8,16.8,17.4,15.0,307.0,0.4925893026733399,False,PUT,2026-12-18,AVGO
AVGO261218P00240000,240.0,18.55,18.3,18.75,1.0,334.0,0.48956809265136725,False,PUT,2026-12-18,AVGO
AVGO261218P00245000,245.0,21.45,19.7,20.15,92.0,563.0,0.4864248135375977,False,PUT,2026-12-18,AVGO
AVGO261218P00250000,250.0,21.46,21.2,21.7,7.0,2515.0,0.4842886044311524,False,PUT,2026-12-18,AVGO
AVGO261218P00255000,255.0,23.0,22.8,23.25,18.0,614.0,0.48138946350097656,False,PUT,2026-12-18,AVGO
AVGO261218P00260000,260.0,24.64,24.35,24.9,41.0,774.0,0.4788870471191406,False,PUT,2026-12-18,AVGO
AVGO261218P00265000,265.0,27.0,26.1,26.7,3.0,477.0,0.47723911437988287,False,PUT,2026-12-18,AVGO
AVGO261218P00270000,270.0,28.2,27.9,28.45,1.0,1768.0,0.47437049072265625,False,PUT,2026-12-18,AVGO
AVGO261218P00275000,275.0,30.27,29.85,30.35,20.0,923.0,0.47234109207153324,False,PUT,2026-12-18,AVGO
AVGO261218P00280000,280.0,32.24,31.75,32.3,30.0,2879.0,0.47011333114624027,False,PUT,2026-12-18,AVGO
AVGO261218P00290000,290.0,38.75,35.9,36.5,6.0,1391.0,0.46652755157470704,False,PUT,2026-12-18,AVGO
AVGO261218P00300000,300.0,40.51,40.35,40.95,3.0,2501.0,0.4626518579101563,False,PUT,2026-12-18,AVGO
AVGO261218P00310000,310.0,44.2,45.05,45.7,210.0,1219.0,0.45898978515625005,False,PUT,2026-12-18,AVGO
AVGO261218P00320000,320.0,49.0,50.1,50.8,1.0,1199.0,0.45596857513427735,False,PUT,2026-12-18,AVGO
AVGO261218P00330000,330.0,56.4,55.4,56.1,85.0,1184.0,0.4523370196533204,True,PUT,2026-12-18,AVGO
AVGO261218P00340000,340.0,61.28,60.95,61.6,1.0,743.0,0.4482019291687011,True,PUT,2026-12-18,AVGO
AVGO261218P00350000,350.0,67.4,66.8,67.6,1.0,1089.0,0.44603520278930664,True,PUT,2026-12-18,AVGO
AVGO261218P00360000,360.0,80.24,72.85,73.55,1.0,546.0,0.4414118359375,True,PUT,2026-12-18,AVGO
AVGO261218P00370000,370.0,84.22,79.25,80.15,2.0,662.0,0.4400995932006836,True,PUT,2026-12-18,AVGO
AVGO261218P00380000,380.0,92.72,85.8,86.75,2.0,215.0,0.436880020904541,True,PUT,2026-12-18,AVGO
AVGO261218P00390000,390.0,99.52,92.6,93.55,5.0,566.0,0.4334468276977539,True,PUT,2026-12-18,AVGO
AVGO261218P00400000,400.0,100.25,99.6,100.6,1.0,307.0,0.43028828994750984,True,PUT,2026-12-18,AVGO
AVGO261218P00410000,410.0,116.47,106.95,107.95,2.0,115.0,0.42790794265747073,True,PUT,2026-12-18,AVGO
AVGO261218P00420000,420.0,113.07,114.2,115.3,2.0,249.0,0.4238186280822754,True,PUT,2026-12-18,AVGO
AVGO270115C00240000,240.0,114.45,116.5,117.9,3.0,1834.0,0.5771679246520995,True,CALL,2027-01-15,AVGO
AVGO270115C00250000,250.0,106.0,109.5,111.1,4.0,2476.0,0.5670972245788575,True,CALL,2027-01-15,AVGO
AVGO270115C00260000,260.0,100.83,102.7,104.45,4.0,1064.0,0.5570265245056154,True,CALL,2027-01-15,AVGO
AVGO270115C00270000,270.0,101.59,96.7,98.6,1.0,1469.0,0.5528456581115724,True,CALL,2027-01-15,AVGO
AVGO270115C00280000,280.0,91.53,91.3,92.9,3.0,655.0,0.5499617758178713,True,CALL,2027-01-15,AVGO
AVGO270115C00290000,290.0,83.5,85.65,87.9,9.0,523.0,0.5469558244323731,True,CALL,2027-01-15,AVGO
AVGO270115C00300000,300.0,81.4,81.15,81.9,31.0,3912.0,0.5425765957641603,True,CALL,2027-01-15,AVGO
AVGO270115C00310000,310.0,76.5,76.25,77.0,13.0,536.0,0.5392959889221194,True,CALL,2027-01-15,AVGO
AVGO270115C00320000,320.0,71.72,71.5,72.0,29.0,1228.0,0.5343979666137696,True,CALL,2027-01-15,AVGO
AVGO270115C00330000,330.0,67.5,67.0,67.8,61.0,1943.0,0.532032877960205,False,CALL,2027-01-15,AVGO
AVGO270115C00340000,340.0,63.6,62.95,63.5,38.0,2675.0,0.5293626165771486,False,CALL,2027-01-15,AVGO
AVGO270115C00350000,350.0,59.5,59.05,59.7,198.0,4151.0,0.5276231320190431,False,CALL,2027-01-15,AVGO
AVGO270115C00360000,360.0,54.0,55.4,56.1,4.0,2844.0,0.5260514924621582,False,CALL,2027-01-15,AVGO
AVGO270115C00370000,370.0,51.35,51.9,52.6,13.0,4806.0,0.5239610592651367,False,CALL,2027-01-15,AVGO
AVGO270115C00380000,380.0,49.12,48.6,49.25,34.0,1192.0,0.5217790742492676,False,CALL,2027-01-15,AVGO
AVGO270115C00390000,390.0,41.95,45.6,46.1,2.0,2674.0,0.520161658782959,False,CALL,2027-01-15,AVGO
AVGO270115C00400000,400.0,43.1,42.6,43.3,66.0,3017.0,0.5185900192260743,False,CALL,2027-01-15,AVGO
AVGO270115C00410000,410.0,40.4,39.95,40.6,525.0,3093.0,0.517506656036377,False,CALL,2027-01-15,AVGO
AVGO270115C00420000,420.0,36.75,37.35,38.05,15.0,2308.0,0.5159960510253907,False,CALL,2027-01-15,AVGO
AVGO270115P00240000,240.0,19.35,19.55,20.2,254.0,2707.0,0.4866689517211914,False,PUT,2027-01-15,AVGO
AVGO270115P00250000,250.0,23.95,22.55,23.2,4.0,3106.0,0.4809622216796875,False,PUT,2027-01-15,AVGO
AVGO270115P00260000,260.0,26.2,26.05,26.5,3.0,2119.0,0.47580480255126956,False,PUT,2027-01-15,AVGO
AVGO270115P00270000,270.0,30.37,29.65,30.2,1.0,3880.0,0.47202066070556636,False,PUT,2027-01-15,AVGO
AVGO270115P00280000,280.0,33.8,33.6,34.05,13.0,3364.0,0.46712263839721685,False,PUT,2027-01-15,AVGO
AVGO270115P00290000,290.0,37.2,37.8,38.2,16.0,1407.0,0.4625755647277832,False,PUT,2027-01-15,AVGO
AVGO270115P00300000,300.0,42.5,42.3,42.75,25.0,4563.0,0.4592034060668946,False,PUT,2027-01-15,AVGO
AVGO270115P00310000,310.0,49.15,47.05,47.7,25.0,1062.0,0.45689935195922854,False,PUT,2027-01-15,AVGO
AVGO270115P00320000,320.0,52.69,52.05,52.7,8.0,2815.0,0.4528100373840332,False,PUT,2027-01-15,AVGO
AVGO270115P00330000,330.0,58.6,57.45,58.05,17.0,2430.0,0.4494531373596191,True,PUT,2027-01-15,AVGO
AVGO270115P00340000,340.0,64.45,63.0,63.6,9.0,1958.0,0.4456842541503906,True,PUT,2027-01-15,AVGO
AVGO270115P00350000,350.0,71.46,68.85,69.55,2.0,2744.0,0.4431055445861816,True,PUT,2027-01-15,AVGO
AVGO270115P00360000,360.0,79.85,74.95,75.7,1.0,1151.0,0.4401911450195312,True,PUT,2027-01-15,AVGO
AVGO270115P00370000,370.0,86.4,81.25,82.1,1.0,966.0,0.43741407318115233,True,PUT,2027-01-15,AVGO
AVGO270115P00380000,380.0,93.91,87.75,88.7,2.0,791.0,0.4344233804321289,True,PUT,2027-01-15,AVGO
AVGO270115P00390000,390.0,94.21,94.5,95.5,1.0,215.0,0.4313106185913086,True,PUT,2027-01-15,AVGO
AVGO270115P00400000,400.0,103.0,101.55,102.45,9.0,503.0,0.42770958038330087,True,PUT,2027-01-15,AVGO
AVGO270115P00410000,410.0,115.5,108.7,109.65,2.0,404.0,0.42449000808715825,True,PUT,2027-01-15,AVGO
AVGO270115P00420000,420.0,112.81,116.1,117.0,4.0,128.0,0.42091948715209965,True,PUT,2027-01-15,AVGO
AVGO270319C00240000,240.0,113.7,120.75,122.8,3.0,2.0,0.5776409423828125,True,CALL,2027-03-19,AVGO
AVGO270319C00250000,250.0,110.4,114.65,116.3,1.0,6.0,0.5717205914306642,True,CALL,2027-03-19,AVGO
AVGO270319C00260000,260.0,108.97,108.3,109.7,1.0,3.0,0.562428081817627,True,CALL,2027-03-19,AVGO
AVGO270319C00270000,270.0,101.9,101.8,104.7,3.0,4.0,0.5580030772399902,True,CALL,2027-03-19,AVGO
AVGO270319C00280000,280.0,96.75,96.4,100.0,3.0,16.0,0.5577131631469728,True,CALL,2027-03-19,AVGO
AVGO270319C00290000,290.0,91.6,91.1,93.55,1.0,6.0,0.5487716021728517,True,CALL,2027-03-19,AVGO
AVGO270319C00300000,300.0,86.6,87.1,88.6,4.0,42.0,0.5495803099060059,True,CALL,2027-03-19,AVGO
AVGO270319C00310000,310.0,86.26,82.35,83.3,2.0,64.0,0.5443771148681642,True,CALL,2027-03-19,AVGO
AVGO270319C00320000,320.0,75.1,77.4,79.15,1.0,34.0,0.5413253875732424,True,CALL,2027-03-19,AVGO
AVGO270319C00330000,330.0,74.0,72.75,75.05,17.0,368.0,0.538136332550049,False,CALL,2027-03-19,AVGO
AVGO270319C00340000,340.0,68.11,69.4,70.65,2.0,68.0,0.5372208143615724,False,CALL,2027-03-19,AVGO
AVGO270319C00350000,350.0,63.23,65.55,66.5,2.0,177.0,0.5340317593383789,False,CALL,2027-03-19,AVGO
AVGO270319C00370000,370.0,61.09,58.35,59.3,5.0,8.0,0.5295914961242678,False,CALL,2027-03-19,AVGO
AVGO270319C00380000,380.0,57.22,55.0,56.0,6.0,126.0,0.5275163215637209,False,CALL,2027-03-19,AVGO
AVGO270319C00390000,390.0,51.15,51.95,52.85,2.0,8.0,0.5259141647338867,False,CALL,2027-03-19,AVGO
AVGO270319C00400000,400.0,46.71,48.95,49.85,3.0,184.0,0.5239152833557128,False,CALL,2027-03-19,AVGO
AVGO270319C00410000,410.0,48.3,46.2,47.15,1.0,2.0,0.5228319201660157,False,CALL,2027-03-19,AVGO
AVGO270319C00420000,420.0,41.06,43.55,44.5,2.0,8.0,0.5212755392456053,False,CALL,2027-03-19,AVGO
AVGO270319P00240000,240.0,23.6,22.9,23.55,1.0,4.0,0.48360196578979503,False,PUT,2027-03-19,AVGO
AVGO270319P00250000,250.0,26.47,26.15,26.8,3.0,17.0,0.47855135711669916,False,PUT,2027-03-19,AVGO
AVGO270319P00270000,270.0,33.25,33.55,34.3,1.0,1002.0,0.47095255615234377,False,PUT,2027-03-19,AVGO
AVGO270319P00280000,280.0,37.55,37.65,38.4,1.0,3.0,0.4669395347595215,False,PUT,2027-03-19,AVGO
AVGO270319P00300000,300.0,45.54,46.6,48.15,1.0,16.0,0.4652916020202637,False,PUT,2027-03-19,AVGO
AVGO270319P00310000,310.0,52.04,51.55,52.3,1.0,652.0,0.4558922819519043,False,PUT,2027-03-19,AVGO
AVGO270319P00320000,320.0,58.5,56.7,57.5,1.0,40.0,0.4528405546569824,False,PUT,2027-03-19,AVGO
AVGO270319P00330000,330.0,66.1,62.05,62.9,5.0,2.0,0.4494989132690429,True,PUT,2027-03-19,AVGO
AVGO270319P00340000,340.0,66.1,67.65,68.55,2.0,6.0,0.4463022289276123,True,PUT,2027-03-19,AVGO
AVGO270319P00350000,350.0,72.6,73.45,74.35,1.0,124.0,0.44255623367309577,True,PUT,2027-03-19,AVGO
AVGO270617C00240000,240.0,128.2,126.7,128.3,5.0,1174.0,0.5751690432739257,True,CALL,2027-06-17,AVGO
AVGO270617C00250000,250.0,116.8,120.75,123.25,4.0,255.0,0.5742077491760254,True,CALL,2027-06-17,AVGO
AVGO270617C00260000,260.0,115.97,114.45,117.5,6.0,218.0,0.5670972245788575,True,CALL,2027-06-17,AVGO
AVGO270617C00270000,270.0,103.0,109.3,111.3,17.0,76.0,0.5614820463562011,True,CALL,2027-06-17,AVGO
AVGO270617C00280000,280.0,99.15,103.35,106.2,1.0,325.0,0.5556685058593751,True,CALL,2027-06-17,AVGO
AVGO270617C00290000,290.0,96.0,99.4,100.65,4.0,122.0,0.5543715217590333,True,CALL,2027-06-17,AVGO
AVGO270617C00300000,300.0,96.01,93.9,96.85,8.0,543.0,0.5523421231079101,True,CALL,2027-06-17,AVGO
AVGO270617C00310000,310.0,86.77,89.05,91.6,1.0,394.0,0.5461623753356935,True,CALL,2027-06-17,AVGO
AVGO270617C00320000,320.0,81.85,84.75,86.55,4.0,385.0,0.5414779739379885,True,CALL,2027-06-17,AVGO
AVGO270617C00330000,330.0,81.35,81.55,83.5,2.0,395.0,0.5462386685180666,False,CALL,2027-06-17,AVGO
AVGO270617C00340000,340.0,78.15,78.25,79.25,51.0,1606.0,0.5452926330566408,False,CALL,2027-06-17,AVGO
AVGO270617C00350000,350.0,71.92,73.9,74.95,2.0,570.0,0.5395859030151369,False,CALL,2027-06-17,AVGO
AVGO270617C00360000,360.0,71.45,70.25,71.1,4.0,385.0,0.5366867620849609,False,CALL,2027-06-17,AVGO
AVGO270617C00370000,370.0,66.81,66.85,67.85,3.0,355.0,0.5355881402587892,False,CALL,2027-06-17,AVGO
AVGO270617C00380000,380.0,61.15,63.6,64.4,201.0,576.0,0.5333451206970214,False,CALL,2027-06-17,AVGO
AVGO270617C00390000,390.0,58.19,60.35,61.35,14.0,1640.0,0.5314835670471192,False,CALL,2027-06-17,AVGO
AVGO270617C00400000,400.0,58.2,57.55,58.15,62.0,771.0,0.5297135652160647,False,CALL,2027-06-17,AVGO
AVGO270617C00410000,410.0,51.0,54.6,55.55,2.0,3991.0,0.5285386502075197,False,CALL,2027-06-17,AVGO
AVGO270617C00420000,420.0,52.85,52.05,53.05,7.0,292.0,0.528172442932129,False,CALL,2027-06-17,AVGO
AVGO270617P00240000,240.0,26.65,27.2,27.85,7.0,2490.0,0.4785666157531738,False,PUT,2027-06-17,AVGO
AVGO270617P00250000,250.0,31.15,30.5,31.4,4.0,1381.0,0.47427893890380857,False,PUT,2027-06-17,AVGO
AVGO270617P00260000,260.0,34.98,34.4,35.25,4.0,806.0,0.4706016075134278,False,PUT,2027-06-17,AVGO
AVGO270617P00270000,270.0,37.73,38.65,39.3,1.0,720.0,0.4666801379394532,False,PUT,2027-06-17,AVGO
AVGO270617P00280000,280.0,41.75,43.05,43.65,1.0,836.0,0.46332323791503904,False,PUT,2027-06-17,AVGO
AVGO270617P00290000,290.0,45.25,47.55,48.25,1.0,211.0,0.46013418289184577,False,PUT,2027-06-17,AVGO
AVGO270617P00300000,300.0,52.55,52.15,53.15,23.0,1015.0,0.4574639215087891,False,PUT,2027-06-17,AVGO
AVGO270617P00310000,310.0,60.6,57.1,58.15,1.0,787.0,0.4539239178466796,False,PUT,2027-06-17,AVGO
AVGO270617P00320000,320.0,61.81,62.55,63.45,1.0,578.0,0.45096374237060544,False,PUT,2027-06-17,AVGO
AVGO270617P00330000,330.0,70.35,68.1,68.95,7.0,293.0,0.44791201507568357,True,PUT,2027-06-17,AVGO
AVGO270617P00340000,340.0,72.24,73.45,74.6,4.0,253.0,0.4444788218688965,True,PUT,2027-06-17,AVGO
AVGO270617P00350000,350.0,79.73,79.65,80.6,1.0,318.0,0.4420221813964844,True,PUT,2027-06-17,AVGO
AVGO270617P00360000,360.0,84.77,85.5,86.7,13.0,182.0,0.4389246781921387,True,PUT,2027-06-17,AVGO
AVGO270617P00370000,370.0,96.97,91.65,93.0,2.0,127.0,0.43589583885192873,True,PUT,2027-06-17,AVGO
AVGO270617P00380000,380.0,96.3,98.35,99.45,1.0,85.0,0.4326304906463623,True,PUT,2027-06-17,AVGO
AVGO270617P00390000,390.0,104.08,104.9,106.1,31.0,365.0,0.42949484085083006,True,PUT,2027-06-17,AVGO
AVGO270617P00400000,400.0,110.66,111.7,112.95,9.0,342.0,0.42652703605651865,True,PUT,2027-06-17,AVGO
AVGO270617P00410000,410.0,124.83,118.7,119.9,2.0,37.0,0.42310147216796873,True,PUT,2027-06-17,AVGO
AVGO270617P00420000,420.0,116.85,125.8,127.15,1.0,33.0,0.4205990557861329,True,PUT,2027-06-17,AVGO
AVGO270917C00250000,250.0,131.93,125.6,128.55,,2.0,0.5679211909484863,True,CALL,2027-09-17,AVGO
AVGO270917C00260000,260.0,112.4,120.1,123.55,1.0,1.0,0.5656629127502442,True,CALL,2027-09-17,AVGO
AVGO270917C00280000,280.0,110.5,109.8,112.85,1.0,2.0,0.5571638522338869,True,CALL,2027-09-17,AVGO
AVGO270917C00290000,290.0,126.93,104.85,108.15,,1.0,0.5541426422119142,True,CALL,2027-09-17,AVGO
AVGO270917C00300000,300.0,99.55,100.45,102.95,1.0,6.0,0.5501601380920411,True,CALL,2027-09-17,AVGO
AVGO270917C00310000,310.0,101.39,96.05,98.25,2.0,1.0,0.5467879794311524,True,CALL,2027-09-17,AVGO
AVGO270917C00320000,320.0,88.14,92.05,94.55,60.0,51.0,0.5469100485229493,True,CALL,2027-09-17,AVGO
AVGO270917C00330000,330.0,92.15,87.45,90.4,1.0,74.0,0.5426376303100587,False,CALL,2027-09-17,AVGO
AVGO270917C00340000,340.0,87.25,83.9,87.25,8.0,24.0,0.5438583212280274,False,CALL,2027-09-17,AVGO
AVGO270917C00350000,350.0,82.8,81.15,83.55,1.0,9.0,0.544850132598877,False,CALL,2027-09-17,AVGO
AVGO270917C00360000,360.0,78.0,77.65,79.2,1.0,10.0,0.5406540075683595,False,CALL,2027-09-17,AVGO
AVGO270917C00370000,370.0,88.6,74.1,75.35,,1.0,0.5370224520874024,False,CALL,2027-09-17,AVGO
AVGO270917C00380000,380.0,72.0,71.05,72.15,1.0,1.0,0.5360687873077393,False,CALL,2027-09-17,AVGO
AVGO270917C00390000,390.0,67.25,67.75,68.95,2.0,13.0,0.5335892588806153,False,CALL,2027-09-17,AVGO
AVGO270917C00400000,400.0,60.15,64.85,65.95,2.0,4.0,0.5321778350067138,False,CALL,2027-09-17,AVGO
AVGO270917C00410000,410.0,75.9,61.95,63.25,,25.0,0.5309418854522706,False,CALL,2027-09-17,AVGO
AVGO270917C00420000,420.0,56.61,59.4,60.45,1.0,67.0,0.5297669704437257,False,CALL,2027-09-17,AVGO
AVGO270917P00240000,240.0,32.22,31.1,31.8,1.0,5.0,0.47343971389770506,False,PUT,2027-09-17,AVGO
AVGO270917P00250000,250.0,37.3,34.75,35.6,5.0,6.0,0.46973186523437505,False,PUT,2027-09-17,AVGO
AVGO270917P00260000,260.0,39.24,38.95,39.65,1.0,529.0,0.46626815475463873,False,PUT,2027-09-17,AVGO
AVGO270917P00270000,270.0,42.3,42.9,43.85,1.0,5.0,0.46234668518066413,False,PUT,2027-09-17,AVGO
AVGO270917P00280000,280.0,47.5,47.2,48.35,1.0,36.0,0.45906607833862306,False,PUT,2027-09-17,AVGO
AVGO270917P00300000,300.0,56.95,56.9,58.05,2.0,8.0,0.45299314102172855,False,PUT,2027-09-17,AVGO
AVGO270917P00310000,310.0,62.91,61.9,63.1,2.0,3.0,0.4492700337219238,False,PUT,2027-09-17,AVGO
AVGO270917P00320000,320.0,62.0,67.25,68.45,,1.0,0.44620304779052733,False,PUT,2027-09-17,AVGO
AVGO270917P00330000,330.0,74.27,72.85,74.05,31.0,34.0,0.44348701049804684,True,PUT,2027-09-17,AVGO
AVGO270917P00350000,350.0,75.11,84.5,85.7,1.0,2.0,0.43733015068054193,True,PUT,2027-09-17,AVGO
AVGO270917P00400000,400.0,109.0,116.65,118.1,,1.0,0.4232235412597656,True,PUT,2027-09-17,AVGO
AVGO270917P00410000,410.0,116.25,123.45,124.9,1.0,2.0,0.41940888214111327,True,PUT,2027-09-17,AVGO
AVGO271217C00240000,240.0,136.05,137.2,140.1,2.0,571.0,0.5777782701110838,True,CALL,2027-12-17,AVGO
AVGO271217C00250000,250.0,132.75,131.8,133.4,5.0,3398.0,0.5693707614135742,True,CALL,2027-12-17,AVGO
AVGO271217C00260000,260.0,124.0,126.15,128.5,13.0,790.0,0.5656171368408205,True,CALL,2027-12-17,AVGO
AVGO271217C00270000,270.0,121.7,120.9,123.8,24.0,579.0,0.5627942890930178,True,CALL,2027-12-17,AVGO
AVGO271217C00280000,280.0,117.78,115.8,118.8,3.0,934.0,0.5584074311065675,True,CALL,2027-12-17,AVGO
AVGO271217C00290000,290.0,112.35,111.35,113.7,1.0,596.0,0.5548445394897462,True,CALL,2027-12-17,AVGO
AVGO271217C00300000,300.0,112.0,107.6,109.1,1.0,1616.0,0.5541273835754397,True,CALL,2027-12-17,AVGO
AVGO271217C00310000,310.0,98.59,102.65,105.2,26.0,379.0,0.550862035369873,True,CALL,2027-12-17,AVGO
AVGO271217C00320000,320.0,96.0,98.2,101.2,3.0,525.0,0.5479400064849855,True,CALL,2027-12-17,AVGO
AVGO271217C00330000,330.0,94.77,95.35,96.65,3.0,503.0,0.5473067730712893,False,CALL,2027-12-17,AVGO
AVGO271217C00340000,340.0,93.11,91.45,93.1,4.0,594.0,0.5456817282867432,False,CALL,2027-12-17,AVGO
AVGO271217C00350000,350.0,89.0,87.8,89.4,8.0,3379.0,0.5435531484985353,False,CALL,2027-12-17,AVGO
AVGO271217C00360000,360.0,86.06,83.5,86.1,51.0,418.0,0.5399673689270021,False,CALL,2027-12-17,AVGO
AVGO271217C00370000,370.0,82.01,81.3,82.45,4.0,728.0,0.5406616368865967,False,CALL,2027-12-17,AVGO
AVGO271217C00380000,380.0,78.78,78.05,79.3,7.0,896.0,0.5390823680114747,False,CALL,2027-12-17,AVGO
AVGO271217C00390000,390.0,76.64,74.9,76.25,2.0,394.0,0.5374115473175051,False,CALL,2027-12-17,AVGO
AVGO271217C00400000,400.0,71.65,72.1,73.2,75.0,658.0,0.5360840459442139,False,CALL,2027-12-17,AVGO
AVGO271217C00410000,410.0,69.95,69.3,70.3,7.0,495.0,0.5345658116149903,False,CALL,2027-12-17,AVGO
AVGO271217C00420000,420.0,65.5,66.5,67.65,6.0,369.0,0.5331620170593261,False,CALL,2027-12-17,AVGO
AVGO271217P00240000,240.0,35.02,34.8,35.35,23.0,1213.0,0.46857220886230466,False,PUT,2027-12-17,AVGO
AVGO271217P00250000,250.0,40.06,38.6,39.3,147.0,1113.0,0.46484910156250003,False,PUT,2027-12-17,AVGO
AVGO271217P00260000,260.0,45.64,42.75,43.6,1.0,247.0,0.462194098815918,False,PUT,2027-12-17,AVGO
AVGO271217P00270000,270.0,46.84,47.0,47.85,503.0,793.0,0.4577690942382813,False,PUT,2027-12-17,AVGO
AVGO271217P00280000,280.0,52.3,51.75,52.75,4.0,673.0,0.4563652996826172,False,PUT,2027-12-17,AVGO
AVGO271217P00290000,290.0,55.85,56.35,57.15,35.0,298.0,0.45046020736694337,False,PUT,2027-12-17,AVGO
AVGO271217P00300000,300.0,62.14,61.25,62.5,4.0,1430.0,0.4493768441772461,False,PUT,2027-12-17,AVGO
AVGO271217P00310000,310.0,66.3,66.45,67.5,10.0,261.0,0.4449518395996094,False,PUT,2027-12-17,AVGO
AVGO271217P00320000,320.0,72.6,71.95,72.95,10.0,555.0,0.44214425048828127,False,PUT,2027-12-17,AVGO
AVGO271217P00330000,330.0,79.65,77.4,78.5,10.0,930.0,0.43887890228271487,True,PUT,2027-12-17,AVGO
AVGO271217P00340000,340.0,80.45,83.45,84.35,1.0,429.0,0.436330709991455,True,PUT,2027-12-17,AVGO
AVGO271217P00350000,350.0,88.87,89.2,90.65,1.0,728.0,0.43534652793884276,True,PUT,2027-12-17,AVGO
AVGO271217P00360000,360.0,99.0,95.2,96.75,1.0,172.0,0.432271912689209,True,PUT,2027-12-17,AVGO
AVGO271217P00370000,370.0,100.66,101.5,103.05,9.0,343.0,0.4294185476684571,True,PUT,2027-12-17,AVGO
AVGO271217P00380000,380.0,109.66,107.95,109.5,16.0,208.0,0.4265194067382813,True,PUT,2027-12-17,AVGO
AVGO271217P00390000,390.0,121.5,114.45,116.1,2.0,192.0,0.42361263648986813,True,PUT,2027-12-17,AVGO
AVGO271217P00400000,400.0,122.71,121.1,122.85,2.0,120.0,0.42070586624145506,True,PUT,2027-12-17,AVGO
AVGO271217P00410000,410.0,129.93,127.95,129.75,2.0,67.0,0.41783724258422844,True,PUT,2027-12-17,AVGO
AVGO271217P00420000,420.0,137.0,135.0,136.8,2.0,98.0,0.41502202415466305,True,PUT,2027-12-17,AVGO
AVGO280121C00240000,240.0,139.32,138.2,140.5,5.0,175.0,0.5688061918640137,True,CALL,2028-01-21,AVGO
AVGO280121C00250000,250.0,130.25,132.8,135.6,5.0,721.0,0.5668225691223145,True,CALL,2028-01-21,AVGO
AVGO280121C00260000,260.0,122.6,127.7,130.35,3.0,835.0,0.5634351518249512,True,CALL,2028-01-21,AVGO
AVGO280121C00270000,270.0,123.25,122.35,125.35,1.0,587.0,0.5589948886108399,True,CALL,2028-01-21,AVGO
AVGO280121C00280000,280.0,117.5,117.55,121.25,2.0,231.0,0.5582929913330079,True,CALL,2028-01-21,AVGO
AVGO280121C00290000,290.0,114.85,113.2,116.6,3.0,290.0,0.5562025581359864,True,CALL,2028-01-21,AVGO
AVGO280121C00300000,300.0,110.11,108.95,111.0,7.0,1463.0,0.5505339746856691,True,CALL,2028-01-21,AVGO
AVGO280121C00310000,310.0,105.08,104.85,107.65,1.0,470.0,0.5513503117370606,True,CALL,2028-01-21,AVGO
AVGO280121C00320000,320.0,99.09,100.7,103.3,5.0,509.0,0.5480925928497317,True,CALL,2028-01-21,AVGO
AVGO280121C00330000,330.0,95.7,96.35,98.45,88.0,598.0,0.5420272848510744,False,CALL,2028-01-21,AVGO
AVGO280121C00340000,340.0,92.58,93.45,94.5,9.0,1246.0,0.5420349141693117,False,CALL,2028-01-21,AVGO
AVGO280121C00350000,350.0,90.35,89.2,91.8,15.0,5781.0,0.540966809616089,False,CALL,2028-01-21,AVGO
AVGO280121C00360000,360.0,84.6,85.85,88.35,1.0,846.0,0.5395859030151369,False,CALL,2028-01-21,AVGO
AVGO280121C00370000,370.0,79.97,83.15,84.5,3.0,506.0,0.538212625732422,False,CALL,2028-01-21,AVGO
AVGO280121C00380000,380.0,79.5,80.0,81.25,3.0,328.0,0.5365952102661133,False,CALL,2028-01-21,AVGO
AVGO280121C00390000,390.0,75.16,76.9,78.2,2.0,336.0,0.5350388293457031,False,CALL,2028-01-21,AVGO
AVGO280121C00400000,400.0,71.65,74.0,75.4,57.0,1335.0,0.534108052520752,False,CALL,2028-01-21,AVGO
AVGO280121C00410000,410.0,73.7,71.3,72.3,2.0,343.0,0.5323227920532226,False,CALL,2028-01-21,AVGO
AVGO280121C00420000,420.0,67.88,68.45,69.55,16.0,1145.0,0.5305222729492188,False,CALL,2028-01-21,AVGO
AVGO280121P00240000,240.0,36.2,35.9,36.6,1.0,1137.0,0.4664817756652832,False,PUT,2028-01-21,AVGO
AVGO280121P00250000,250.0,40.26,39.9,40.8,11.0,1192.0,0.46421586814880367,False,PUT,2028-01-21,AVGO
AVGO280121P00260000,260.0,43.7,44.2,44.6,1.0,798.0,0.4577309476470949,False,PUT,2028-01-21,AVGO
AVGO280121P00270000,270.0,51.25,48.4,49.0,2.0,1456.0,0.4541451680755615,False,PUT,2028-01-21,AVGO
AVGO280121P00280000,280.0,54.05,52.7,54.05,3.0,1370.0,0.453481417388916,False,PUT,2028-01-21,AVGO
AVGO280121P00290000,290.0,58.1,57.9,58.7,3.0,229.0,0.4490106369018554,False,PUT,2028-01-21,AVGO
AVGO280121P00300000,300.0,63.95,62.95,63.6,3.0,925.0,0.4449823568725586,False,PUT,2028-01-21,AVGO
AVGO280121P00310000,310.0,71.71,68.05,68.95,2.0,259.0,0.4425714923095704,False,PUT,2028-01-21,AVGO
AVGO280121P00320000,320.0,75.2,73.45,74.35,4.0,1377.0,0.4393900666046143,False,PUT,2028-01-21,AVGO
AVGO280121P00330000,330.0,79.75,79.1,79.95,76.0,6881.0,0.4363459686279296,True,PUT,2028-01-21,AVGO
AVGO280121P00340000,340.0,84.5,84.55,85.7,5.0,868.0,0.4331874308776856,True,PUT,2028-01-21,AVGO
AVGO280121P00350000,350.0,93.9,90.5,91.85,4.0,722.0,0.43131824790954587,True,PUT,2028-01-21,AVGO
AVGO280121P00360000,360.0,98.0,96.75,97.85,2.0,673.0,0.42771720970153815,True,PUT,2028-01-21,AVGO
AVGO280121P00370000,370.0,103.95,102.75,104.4,2.0,351.0,0.42626000991821295,True,PUT,2028-01-21,AVGO
AVGO280121P00380000,380.0,108.4,109.3,110.85,2.0,247.0,0.42340664489746094,True,PUT,2028-01-21,AVGO
AVGO280121P00390000,390.0,115.49,115.75,117.25,11.0,478.0,0.4194699166870117,True,PUT,2028-01-21,AVGO
AVGO280121P00400000,400.0,121.95,122.5,123.95,4.0,972.0,0.41637241348266596,True,PUT,2028-01-21,AVGO
AVGO280121P00410000,410.0,128.46,129.45,130.85,2.0,202.0,0.4135953416442871,True,PUT,2028-01-21,AVGO
AVGO280121P00420000,420.0,135.72,136.25,138.1,4.0,81.0,0.4119779261779785,True,PUT,2028-01-21,AVGO
AVGO281215C00240000,240.0,158.5,152.6,155.5,4.0,22.0,0.5622983834075928,True,CALL,2028-12-15,AVGO
AVGO281215C00250000,250.0,148.25,147.5,150.95,2.0,40.0,0.5593305786132813,True,CALL,2028-12-15,AVGO
AVGO281215C00260000,260.0,145.0,142.0,146.2,4.0,13.0,0.553837469482422,True,CALL,2028-12-15,AVGO
AVGO281215C00270000,270.0,137.77,137.5,142.5,2.0,25.0,0.5535628140258789,True,CALL,2028-12-15,AVGO
AVGO281215C00280000,280.0,135.2,133.15,136.3,2.0,13.0,0.5459945303344728,True,CALL,2028-12-15,AVGO
AVGO281215C00290000,290.0,129.73,130.5,133.85,5.0,243.0,0.5526472958374024,True,CALL,2028-12-15,AVGO
AVGO281215C00300000,300.0,123.1,126.85,130.0,3.0,100.0,0.5519759158325196,True,CALL,2028-12-15,AVGO
AVGO281215C00310000,310.0,123.05,121.75,126.0,20.0,45.0,0.5464980653381348,True,CALL,2028-12-15,AVGO
AVGO281215C00320000,320.0,115.5,119.55,120.3,7.0,61.0,0.5436294416809084,True,CALL,2028-12-15,AVGO
AVGO281215C00330000,330.0,112.22,115.25,118.35,13.0,167.0,0.5443542269134523,False,CALL,2028-12-15,AVGO
AVGO281215C00340000,340.0,107.17,111.45,113.2,4.0,54.0,0.5378464184570313,False,CALL,2028-12-15,AVGO
AVGO281215C00350000,350.0,104.0,109.15,110.75,5.0,69.0,0.5411422839355471,False,CALL,2028-12-15,AVGO
AVGO281215C00360000,360.0,106.87,106.05,108.3,4.0,100.0,0.5419281037139895,False,CALL,2028-12-15,AVGO
AVGO281215C00370000,370.0,104.87,101.95,104.85,39.0,79.0,0.5374649525451662,False,CALL,2028-12-15,AVGO
AVGO281215C00380000,380.0,97.42,99.8,102.25,2.0,123.0,0.5391968077850343,False,CALL,2028-12-15,AVGO
AVGO281215C00390000,390.0,93.0,95.15,98.0,6.0,127.0,0.530804557723999,False,CALL,2028-12-15,AVGO
AVGO281215C00400000,400.0,94.68,93.0,96.1,57.0,157.0,0.5333069741058349,False,CALL,2028-12-15,AVGO
AVGO281215C00410000,410.0,91.23,90.5,92.95,3.0,69.0,0.531704817276001,False,CALL,2028-12-15,AVGO
AVGO281215C00420000,420.0,84.9,88.3,90.0,3.0,102.0,0.5308732215881349,False,CALL,2028-12-15,AVGO
AVGO281215P00240000,240.0,44.81,44.35,45.65,3.0,562.0,0.44276985458374024,False,PUT,2028-12-15,AVGO
AVGO281215P00250000,250.0,49.55,49.3,50.15,1.0,1219.0,0.44020640365600583,False,PUT,2028-12-15,AVGO
AVGO281215P00260000,260.0,55.65,53.25,54.5,302.0,400.0,0.4357890283966065,False,PUT,2028-12-15,AVGO
AVGO281215P00270000,270.0,59.77,57.9,59.55,2.0,522.0,0.4343776045227051,False,PUT,2028-12-15,AVGO
AVGO281215P00280000,280.0,61.71,62.8,64.15,1.0,297.0,0.42960165130615235,False,PUT,2028-12-15,AVGO
AVGO281215P00290000,290.0,68.25,68.5,69.6,1.0,100.0,0.42848777084350587,False,PUT,2028-12-15,AVGO
AVGO281215P00300000,300.0,74.7,73.8,74.95,1.0,2257.0,0.42599298377990735,False,PUT,2028-12-15,AVGO
AVGO281215P00310000,310.0,81.77,78.55,80.35,2.0,25.0,0.4229717737579346,False,PUT,2028-12-15,AVGO
AVGO281215P00320000,320.0,84.4,84.9,85.9,135.0,128.0,0.41995819305419924,False,PUT,2028-12-15,AVGO
AVGO281215P00330000,330.0,91.51,89.85,91.7,2.0,48.0,0.4174557766723632,True,PUT,2028-12-15,AVGO
AVGO281215P00340000,340.0,96.03,95.7,97.65,5.0,16.0,0.41497624824523927,True,PUT,2028-12-15,AVGO
AVGO281215P00350000,350.0,101.66,101.75,103.75,5.0,24.0,0.412542495727539,True,PUT,2028-12-15,AVGO
AVGO281215P00360000,360.0,109.3,107.85,109.9,3.0,16.0,0.4097196479797363,True,PUT,2028-12-15,AVGO
AVGO281215P00370000,370.0,113.66,114.15,116.25,3.0,38.0,0.4072019729614258,True,PUT,2028-12-15,AVGO
AVGO281215P00380000,380.0,120.1,120.65,122.6,2.0,19.0,0.4041044697570801,True,PUT,2028-12-15,AVGO
AVGO281215P00390000,390.0,127.44,127.2,129.2,4.0,22.0,0.4015791654205323,True,PUT,2028-12-15,AVGO
AVGO281215P00400000,400.0,133.58,133.85,135.6,2.0,26.0,0.3976042906188965,True,PUT,2028-12-15,AVGO
AVGO281215P00410000,410.0,140.98,141.25,142.8,4.0,12.0,0.39668877243041994,True,PUT,2028-12-15,AVGO
AVGO281215P00420000,420.0,147.89,147.4,149.7,4.0,15.0,0.393911700592041,True,PUT,2028-12-15,AVGO
AVTR260220C00008000,8.0,3.9,0.0,0.0,3.0,5.0,1.0000000000000003e-05,True,CALL,2026-02-20,AVTR
AVTR260220C00009000,9.0,3.7,1.85,2.6,1.0,21.0,1.138676181640625,True,CALL,2026-02-20,AVTR
AVTR260220C00010000,10.0,1.37,1.2,1.85,100.0,427.0,1.0546922265625,True,CALL,2026-02-20,AVTR
AVTR260220C00011000,11.0,0.78,0.7,0.85,4.0,58.0,0.8105487695312499,False,CALL,2026-02-20,AVTR
AVTR260220C00012000,12.0,0.4,0.35,0.5,100.0,1140.0,0.79883013671875,False,CALL,2026-02-20,AVTR
AVTR260220C00013000,13.0,0.4,0.1,0.75,6.0,1092.0,1.0390673046875003,False,CALL,2026-02-20,AVTR
AVTR260220C00014000,14.0,0.4,0.0,0.75,406.0,881.0,1.1816447167968749,False,CALL,2026-02-20,AVTR
AVTR260220P00008000,8.0,0.04,0.0,0.15,,10.0,0.8554701953125,False,PUT,2026-02-20,AVTR
AVTR260220P00009000,9.0,0.2,0.05,0.25,22.0,40384.0,0.7226590234375,False,PUT,2026-02-20,AVTR
AVTR260220P00010000,10.0,0.55,0.5,0.6,21.0,841.0,0.851563984375,False,PUT,2026-02-20,AVTR
AVTR260220P00011000,11.0,0.95,0.9,1.05,2.0,2238.0,0.788088056640625,True,PUT,2026-02-20,AVTR
AVTR260220P00012000,12.0,1.15,1.15,1.8,4.0,421.0,0.6132851171875001,True,PUT,2026-02-20,AVTR
AVTR260220P00013000,13.0,1.77,2.15,2.55,2.0,38.0,0.6601596484375001,True,PUT,2026-02-20,AVTR
AVTR260220P00014000,14.0,1.94,3.1,3.5,9.0,80.0,0.726565234375,True,PUT,2026-02-20,AVTR
AVTR260320C00012000,12.0,1.35,0.35,1.0,,1.0,0.702151416015625,False,CALL,2026-03-20,AVTR
AVTR260320C00013000,13.0,0.4,0.2,0.8,2.0,1053.0,0.75195560546875,False,CALL,2026-03-20,AVTR
AVTR260320P00011000,11.0,0.65,0.85,1.35,1.0,2.0,0.6074258007812501,True,PUT,2026-03-20,AVTR
AVTR260320P00012000,12.0,1.1,1.2,1.95,1.0,1.0,0.73437765625,True,PUT,2026-03-20,AVTR
AVTR260515C00008000,8.0,3.7,0.0,0.0,2.0,13.0,1.0000000000000003e-05,True,CALL,2026-05-15,AVTR
AVTR260515C00010000,10.0,2.0,1.65,2.0,1.0,117.0,0.6289099609375001,True,CALL,2026-05-15,AVTR
AVTR260515C00011000,11.0,2.26,1.2,1.8,3.0,85.0,0.6884796777343751,False,CALL,2026-05-15,AVTR
AVTR260515C00012000,12.0,1.15,0.7,1.4,1.0,136.0,0.649417568359375,False,CALL,2026-05-15,AVTR
AVTR260515C00013000,13.0,1.37,0.35,1.1,1.0,52.0,0.6269568554687501,False,CALL,2026-05-15,AVTR
AVTR260515C00014000,14.0,1.1,0.15,0.85,2.0,20.0,0.6152382226562501,False,CALL,2026-05-15,AVTR
AVTR260515P00008000,8.0,0.28,0.2,0.75,1.0,11.0,0.7314479980468749,False,PUT,2026-05-15,AVTR
AVTR260515P00009000,9.0,0.6,0.35,0.85,1.0,210.0,0.6132851171875001,False,PUT,2026-05-15,AVTR
AVTR260515P00010000,10.0,0.78,0.55,1.2,40.0,241.0,0.5478560839843751,False,PUT,2026-05-15,AVTR
AVTR260515P00011000,11.0,0.85,0.95,1.65,1.0,2.0,0.5048877636718749,True,PUT,2026-05-15,AVTR
AVTR260515P00012000,12.0,1.9,1.55,2.25,1.0,95.0,0.63867548828125,True,PUT,2026-05-15,AVTR
AVTR260515P00013000,13.0,2.5,0.0,0.0,1.0,4.0,1.0000000000000003e-05,True,PUT,2026-05-15,AVTR
AVTR260515P00014000,14.0,2.43,2.8,4.0,6.0,7.0,0.7509790527343749,True,PUT,2026-05-15,AVTR
AVTR260821C00008000,8.0,4.0,3.1,4.2,,1.0,0.710940390625,True,CALL,2026-08-21,AVTR
AVTR260821C00009000,9.0,3.91,2.5,3.6,,81.0,0.700198310546875,True,CALL,2026-08-21,AVTR
AVTR260821C00011000,11.0,2.65,1.45,2.4,,23.0,0.63086306640625,False,CALL,2026-08-21,AVTR
AVTR260821C00012000,12.0,2.15,1.25,1.7,,1.0,0.6015664843750002,False,CALL,2026-08-21,AVTR
AVTR260821C00014000,14.0,1.4,0.5,1.25,1.0,5.0,0.57617611328125,False,CALL,2026-08-21,AVTR
AVTR260821P00008000,8.0,0.4,0.2,0.85,,1.0,0.55273884765625,False,PUT,2026-08-21,AVTR
AVTR260821P00010000,10.0,1.05,1.2,1.55,8.0,47.0,0.5634809277343751,False,PUT,2026-08-21,AVTR
AVTR260821P00011000,11.0,1.29,1.25,2.0,12.0,16.0,0.5839885351562499,True,PUT,2026-08-21,AVTR
AVTR260821P00012000,12.0,1.5,1.65,2.8,,6.0,0.632816171875,True,PUT,2026-08-21,AVTR
AVTR270115C00008000,8.0,5.7,3.4,5.9,26.0,186.0,0.8647474462890624,True,CALL,2027-01-15,AVTR
AVTR270115C00010000,10.0,4.0,2.35,4.4,1.0,633.0,0.747072841796875,True,CALL,2027-01-15,AVTR
AVTR270115C00013000,13.0,2.72,1.5,3.9,1.0,182.0,0.8198260205078124,False,CALL,2027-01-15,AVTR
AVTR270115P00010000,10.0,1.31,1.35,1.85,15.0,28.0,0.551762294921875,False,PUT,2027-01-15,AVTR
AVTR270115P00013000,13.0,3.0,0.0,0.0,2.0,657.0,1.0000000000000003e-05,True,PUT,2027-01-15,AVTR
AVTR271217C00008000,8.0,6.5,0.0,0.0,,2.0,1.0000000000000003e-05,True,CALL,2027-12-17,AVTR
AVTR271217C00010000,10.0,5.7,2.85,6.3,1.0,9.0,0.7685570019531252,True,CALL,2027-12-17,AVTR
AVTR271217C00012000,12.0,3.9,1.4,4.6,1.0,84.0,0.5900919897460939,False,CALL,2027-12-17,AVTR
AVTR271217P00012000,12.0,2.55,1.35,4.9,10.0,21.0,0.710940390625,True,PUT,2027-12-17,AVTR
AVTR280121C00010000,10.0,3.81,3.8,4.2,6.0,423.0,0.6381872119140625,True,CALL,2028-01-21,AVTR
AVTR280121C00012000,12.0,3.66,1.9,5.5,3.0,16.0,0.6977569287109376,False,CALL,2028-01-21,AVTR
AVTR280121P00008000,8.0,1.3,0.0,0.0,10.0,10.0,0.062509375,False,PUT,2028-01-21,AVTR
AVTR280121P00010000,10.0,2.05,0.65,5.0,1.0,21.0,0.5629926513671876,False,PUT,2028-01-21,AVTR
AVTR280121P00012000,12.0,3.13,1.55,6.0,9.0,12.0,0.896241271972656,True,PUT,2028-01-21,AVTR
B260130C00037000,37.0,14.83,12.95,16.8,21.0,2.0,2.8281279296874997,True,CALL,2026-01-30,B
B260130C00038000,38.0,13.9,11.95,15.8,2.0,7.0,2.6406283984375003,True,CALL,2026-01-30,B
B260130C00039000,39.0,12.33,11.35,13.5,3.0,232.0,3.5312511718749997,True,CALL,2026-01-30,B
B260130C00040000,40.0,11.43,10.5,12.25,6.0,38.0,2.9531276171874996,True,CALL,2026-01-30,B
B260130C00041000,41.0,10.08,9.6,11.45,3.0,42.0,3.00781498046875,True,CALL,2026-01-30,B
B260130C00042000,42.0,9.17,7.95,10.35,3.0,36.0,2.6601595996093756,True,CALL,2026-01-30,B
B260130C00042500,42.5,11.84,7.45,9.95,1.0,3.0,2.6718783203125005,True,CALL,2026-01-30,B
B260130C00043000,43.0,8.35,6.95,9.15,1.0,125.0,2.1875045312499997,True,CALL,2026-01-30,B
B260130C00044000,44.0,7.5,5.95,8.2,58.0,135.0,2.050786123046875,True,CALL,2026-01-30,B
B260130C00044500,44.5,6.58,5.45,7.8,3.0,3.0,2.0664110839843746,True,CALL,2026-01-30,B
B260130C00045000,45.0,6.16,6.1,7.25,2.0,210.0,0.8437515624999999,True,CALL,2026-01-30,B
B260130C00045500,45.5,6.56,4.45,6.65,3.0,1.0,1.689454677734375,True,CALL,2026-01-30,B
B260130C00046000,46.0,5.0,5.2,6.15,12.0,101.0,0.73437765625,True,CALL,2026-01-30,B
B260130C00046500,46.5,4.65,3.5,5.7,105.0,106.0,1.54297103515625,True,CALL,2026-01-30,B
B260130C00047000,47.0,5.43,3.0,5.2,22.0,155.0,1.439455927734375,True,CALL,2026-01-30,B
B260130C00047500,47.5,3.45,3.55,4.7,3.0,28.0,1.3359408203124996,True,CALL,2026-01-30,B
B260130C00048000,48.0,2.88,3.6,4.2,22.0,587.0,0.9179695703125,True,CALL,2026-01-30,B
B260130C00048500,48.5,2.55,3.3,3.7,8.0,39.0,0.9355475195312499,True,CALL,2026-01-30,B
B260130C00049000,49.0,2.98,2.46,3.2,30.0,421.0,0.6543003320312502,True,CALL,2026-01-30,B
B260130C00049500,49.5,2.35,1.5,2.81,3.0,42.0,0.9960937890625,True,CALL,2026-01-30,B
B260130C00050000,50.0,2.22,1.88,2.33,231.0,769.0,0.7187528125,True,CALL,2026-01-30,B
B260130C00051000,51.0,1.38,1.16,1.54,184.0,1006.0,0.65039412109375,True,CALL,2026-01-30,B
B260130C00052000,52.0,0.84,0.64,0.73,771.0,2089.0,0.551762294921875,False,CALL,2026-01-30,B
B260130C00053000,53.0,0.42,0.29,0.47,1287.0,2542.0,0.579105771484375,False,CALL,2026-01-30,B
B260130C00054000,54.0,0.2,0.14,0.3,511.0,947.0,0.6250037500000001,False,CALL,2026-01-30,B
B260130C00055000,55.0,0.11,0.07,0.13,252.0,785.0,0.6250037500000001,False,CALL,2026-01-30,B
B260130C00056000,56.0,0.05,0.03,0.08,40.0,334.0,0.6640658593750002,False,CALL,2026-01-30,B
B260130C00057000,57.0,0.02,0.02,0.05,124.0,160.0,0.710940390625,False,CALL,2026-01-30,B
B260130C00058000,58.0,0.01,0.0,0.08,19.0,94.0,0.8359391406249999,False,CALL,2026-01-30,B
B260130C00061000,61.0,0.04,0.0,0.08,21.0,155.0,1.125004375,False,CALL,2026-01-30,B
B260130C00065000,65.0,0.03,0.0,1.4,15.0,55.0,2.67969080078125,False,CALL,2026-01-30,B
B260130P00037000,37.0,0.18,0.0,0.01,,61.0,1.625001875,False,PUT,2026-01-30,B
B260130P00038000,38.0,0.01,0.0,0.02,100.0,115.0,1.625001875,False,PUT,2026-01-30,B
B260130P00039000,39.0,0.04,0.0,0.02,20.0,161.0,1.5000025,False,PUT,2026-01-30,B
B260130P00040000,40.0,0.01,0.0,0.02,54.0,341.0,1.40625296875,False,PUT,2026-01-30,B
B260130P00041000,41.0,0.01,0.0,0.01,32.0,149.0,1.1875040625,False,PUT,2026-01-30,B
B260130P00042000,42.0,0.03,0.0,0.03,15.0,479.0,1.21875390625,False,PUT,2026-01-30,B
B260130P00043000,43.0,0.01,0.0,0.04,5.0,1015.0,1.140629296875,False,PUT,2026-01-30,B
B260130P00043500,43.5,0.03,0.0,0.05,1.0,6.0,1.109379453125,False,PUT,2026-01-30,B
B260130P00044000,44.0,0.01,0.0,0.05,21.0,318.0,1.0468797656250002,False,PUT,2026-01-30,B
B260130P00044500,44.5,0.08,0.0,0.09,15.0,79.0,1.0781296093750001,False,PUT,2026-01-30,B
B260130P00045000,45.0,0.03,0.0,0.03,102.0,233.0,0.8437515624999999,False,PUT,2026-01-30,B
B260130P00045500,45.5,0.05,0.0,0.4,12.0,83.0,1.29297228515625,False,PUT,2026-01-30,B
B260130P00046000,46.0,0.02,0.0,0.13,103.0,958.0,0.9335944140625,False,PUT,2026-01-30,B
B260130P00046500,46.5,1.07,0.0,0.2,2.0,245.0,0.945313046875,False,PUT,2026-01-30,B
B260130P00047000,47.0,0.07,0.01,0.14,35.0,468.0,0.8164080859374999,False,PUT,2026-01-30,B
B260130P00047500,47.5,0.01,0.01,0.09,12.0,561.0,0.6796907031250001,False,PUT,2026-01-30,B
B260130P00048000,48.0,0.06,0.03,0.09,39.0,716.0,0.6367223828125,False,PUT,2026-01-30,B
B260130P00048500,48.5,0.09,0.07,0.14,57.0,2367.0,0.648441015625,False,PUT,2026-01-30,B
B260130P00049000,49.0,0.19,0.09,0.29,56.0,663.0,0.6777375976562501,False,PUT,2026-01-30,B
B260130P00049500,49.5,0.2,0.13,0.25,26.0,246.0,0.58789474609375,False,PUT,2026-01-30,B
B260130P00050000,50.0,0.27,0.2,0.36,298.0,1084.0,0.5800823242187501,False,PUT,2026-01-30,B
B260130P00051000,51.0,0.48,0.46,0.71,186.0,945.0,0.57812921875,False,PUT,2026-01-30,B
B260130P00052000,52.0,0.8,0.92,1.08,157.0,826.0,0.5351608984375,True,PUT,2026-01-30,B
B260130P00053000,53.0,1.52,1.53,1.71,132.0,141.0,0.500005,True,PUT,2026-01-30,B
B260206C00037000,37.0,14.19,13.0,15.25,2.0,6.0,1.703126484375,True,CALL,2026-02-06,B
B260206C00038000,38.0,14.99,12.05,14.25,24.0,7.0,1.5976582617187498,True,CALL,2026-02-06,B
B260206C00040000,40.0,13.07,11.85,12.35,40.0,23.0,1.2812535937499998,True,CALL,2026-02-06,B
B260206C00041000,41.0,12.15,10.15,11.25,28.0,5.0,0.7226590234375,True,CALL,2026-02-06,B
B260206C00042000,42.0,9.8,8.1,10.55,1.0,36.0,1.3681672216796876,True,CALL,2026-02-06,B
B260206C00043000,43.0,9.1,7.15,9.4,3.0,82.0,1.1806681591796875,True,CALL,2026-02-06,B
B260206C00044000,44.0,9.39,7.15,8.4,11.0,108.0,0.6445348046875,True,CALL,2026-02-06,B
B260206C00045000,45.0,5.96,6.15,7.5,7.0,196.0,0.6191444335937502,True,CALL,2026-02-06,B
B260206C00045500,45.5,6.3,4.95,7.25,4.0,2.0,1.0849655126953124,True,CALL,2026-02-06,B
B260206C00046000,46.0,6.21,5.75,6.6,15.0,165.0,0.762697685546875,True,CALL,2026-02-06,B
B260206C00046500,46.5,6.55,4.25,6.45,4.0,140.0,0.5224657128906249,True,CALL,2026-02-06,B
B260206C00047000,47.0,5.34,5.0,5.7,88.0,339.0,0.7480493945312501,True,CALL,2026-02-06,B
B260206C00047500,47.5,4.65,4.95,5.35,4.0,20.0,0.8212908496093749,True,CALL,2026-02-06,B
B260206C00048000,48.0,3.89,4.5,4.95,36.0,127.0,0.7939473730468749,True,CALL,2026-02-06,B
B260206C00048500,48.5,3.58,3.9,4.6,12.0,18.0,0.7460962890625,True,CALL,2026-02-06,B
B260206C00049000,49.0,3.9,3.55,4.0,50.0,129.0,0.6962920996093751,True,CALL,2026-02-06,B
B260206C00049500,49.5,2.55,3.2,3.65,10.0,125.0,0.6875031250000001,True,CALL,2026-02-06,B
B260206C00050000,50.0,3.3,3.2,3.3,130.0,400.0,0.7309597216796875,True,CALL,2026-02-06,B
B260206C00051000,51.0,2.96,2.61,2.72,79.0,214.0,0.7216824707031251,True,CALL,2026-02-06,B
B260206C00052000,52.0,2.36,2.15,2.28,275.0,791.0,0.7338893798828124,False,CALL,2026-02-06,B
B260206C00053000,53.0,1.88,1.71,1.82,104.0,630.0,0.7251004052734374,False,CALL,2026-02-06,B
B260206C00054000,54.0,1.5,1.38,1.46,160.0,885.0,0.7290066162109375,False,CALL,2026-02-06,B
B260206C00055000,55.0,1.15,1.11,1.2,535.0,899.0,0.7412135253906249,False,CALL,2026-02-06,B
B260206C00056000,56.0,0.9,0.88,0.95,348.0,1521.0,0.745119736328125,False,CALL,2026-02-06,B
B260206C00057000,57.0,0.63,0.62,0.75,34.0,183.0,0.7348659326171875,False,CALL,2026-02-06,B
B260206C00058000,58.0,0.58,0.5,0.6,160.0,218.0,0.7480493945312501,False,CALL,2026-02-06,B
B260206C00059000,59.0,0.5,0.26,0.73,8.0,37.0,0.789064609375,False,CALL,2026-02-06,B
B260206C00060000,60.0,0.38,0.29,0.56,71.0,385.0,0.815431533203125,False,CALL,2026-02-06,B
B260206P00037000,37.0,0.17,0.0,0.6,5.0,32.0,1.435549697265625,False,PUT,2026-02-06,B
B260206P00038000,38.0,0.14,0.0,0.75,11.0,18.0,1.4160185449218752,False,PUT,2026-02-06,B
B260206P00039000,39.0,0.05,0.0,1.54,1.0,38.0,1.619142529296875,False,PUT,2026-02-06,B
B260206P00040000,40.0,0.08,0.0,0.09,1.0,98.0,0.804689453125,False,PUT,2026-02-06,B
B260206P00041000,41.0,0.01,0.01,0.2,10.0,69.0,0.851563984375,False,PUT,2026-02-06,B
B260206P00042000,42.0,0.14,0.0,0.21,3.0,165.0,0.7773459765625,False,PUT,2026-02-06,B
B260206P00043000,43.0,0.23,0.11,0.18,10.0,411.0,0.7539087109375,False,PUT,2026-02-06,B
B260206P00044000,44.0,1.11,0.06,0.41,10.0,1263.0,0.7597680273437502,False,PUT,2026-02-06,B
B260206P00044500,44.5,0.35,0.0,2.21,2.0,12.0,1.203128984375,False,PUT,2026-02-06,B
B260206P00045000,45.0,0.29,0.29,0.38,53.0,310.0,0.7490259472656251,False,PUT,2026-02-06,B
B260206P00045500,45.5,0.22,0.27,0.6,2.0,36.0,0.7656273437500001,False,PUT,2026-02-06,B
B260206P00046000,46.0,0.42,0.36,0.49,61.0,180.0,0.7138700488281251,False,PUT,2026-02-06,B
B260206P00046500,46.5,0.49,0.42,0.58,3.0,65.0,0.7070341796875,False,PUT,2026-02-06,B
B260206P00047000,47.0,0.61,0.51,0.63,92.0,176.0,0.69336244140625,False,PUT,2026-02-06,B
B260206P00047500,47.5,0.9,0.54,0.72,1.0,74.0,0.6709017285156251,False,PUT,2026-02-06,B
B260206P00048000,48.0,0.82,0.78,1.02,335.0,285.0,0.7304714453125,False,PUT,2026-02-06,B
B260206P00048500,48.5,1.4,0.8,0.98,11.0,28.0,0.6709017285156251,False,PUT,2026-02-06,B
B260206P00049000,49.0,1.19,1.07,1.16,104.0,180.0,0.6962920996093751,False,PUT,2026-02-06,B
B260206P00049500,49.5,1.26,1.26,1.34,79.0,90.0,0.6992217578125001,False,PUT,2026-02-06,B
B260206P00050000,50.0,1.5,1.46,1.57,265.0,463.0,0.7065459033203125,False,PUT,2026-02-06,B
B260206P00051000,51.0,1.77,1.87,1.99,93.0,154.0,0.6982452050781252,False,PUT,2026-02-06,B
B260206P00052000,52.0,2.65,2.38,2.49,98.0,165.0,0.6967803759765626,True,PUT,2026-02-06,B
B260206P00053000,53.0,2.94,2.97,3.05,29.0,111.0,0.6953155468750001,True,PUT,2026-02-06,B
B260206P00054000,54.0,4.25,3.6,3.75,24.0,16.0,0.70117486328125,True,PUT,2026-02-06,B
B260206P00055000,55.0,4.2,3.95,4.4,17.0,24.0,0.6279334082031252,True,PUT,2026-02-06,B
B260213C00040000,40.0,9.31,10.15,12.4,8.0,9.0,1.119145029296875,True,CALL,2026-02-13,B
B260213C00042000,42.0,10.61,8.25,10.5,3.0,6.0,1.0053760668945313,True,CALL,2026-02-13,B
B260213C00043000,43.0,8.95,8.6,9.65,25.0,49.0,0.7617211328125001,True,CALL,2026-02-13,B
B260213C00044000,44.0,8.81,6.45,8.75,2.0,2.0,0.938477177734375,True,CALL,2026-02-13,B
B260213C00045000,45.0,5.63,5.65,7.95,20.0,25.0,0.920899228515625,True,CALL,2026-02-13,B
B260213C00046000,46.0,6.25,5.5,6.95,1.0,44.0,0.5913126806640626,True,CALL,2026-02-13,B
B260213C00047000,47.0,5.72,5.1,6.15,2.0,86.0,0.6499058447265625,True,CALL,2026-02-13,B
B260213C00048000,48.0,5.26,5.0,5.4,1.0,44.0,0.727541787109375,True,CALL,2026-02-13,B
B260213C00049000,49.0,3.9,4.25,4.65,4.0,145.0,0.6977569287109376,True,CALL,2026-02-13,B
B260213C00050000,50.0,3.95,3.7,4.05,93.0,892.0,0.7006865869140625,True,CALL,2026-02-13,B
B260213C00051000,51.0,3.18,3.15,3.4,50.0,121.0,0.684573466796875,True,CALL,2026-02-13,B
B260213C00052000,52.0,2.78,2.6,2.89,20.0,312.0,0.6733431103515627,False,CALL,2026-02-13,B
B260213C00053000,53.0,2.18,2.13,2.43,29.0,107.0,0.6640658593750002,False,CALL,2026-02-13,B
B260213C00054000,54.0,1.51,1.74,2.06,23.0,103.0,0.6626010302734376,False,CALL,2026-02-13,B
B260213C00055000,55.0,1.4,1.39,1.75,38.0,642.0,0.6616244775390626,False,CALL,2026-02-13,B
B260213C00056000,56.0,1.37,1.14,1.5,22.0,148.0,0.6689486230468751,False,CALL,2026-02-13,B
B260213C00057000,57.0,1.25,0.92,1.35,11.0,20.0,0.684573466796875,False,CALL,2026-02-13,B
B260213C00058000,58.0,1.35,0.67,1.04,6.0,26.0,0.6621127539062501,False,CALL,2026-02-13,B
B260213C00060000,60.0,0.7,0.36,0.96,10.0,210.0,0.70312796875,False,CALL,2026-02-13,B
B260213C00061000,61.0,0.79,0.38,0.74,1.0,18.0,0.7133817724609376,False,CALL,2026-02-13,B
B260213P00038000,38.0,0.1,0.0,2.17,6.0,6.0,1.4482449462890625,False,PUT,2026-02-13,B
B260213P00039000,39.0,0.39,0.0,2.17,10.0,11.0,1.3603547607421875,False,PUT,2026-02-13,B
B260213P00040000,40.0,0.12,0.0,0.22,5.0,53.0,0.70117486328125,False,PUT,2026-02-13,B
B260213P00041000,41.0,0.18,0.0,1.21,2.0,6.0,0.9765627343750001,False,PUT,2026-02-13,B
B260213P00042000,42.0,0.19,0.08,0.51,3.0,56.0,0.73437765625,False,PUT,2026-02-13,B
B260213P00043000,43.0,0.2,0.0,0.75,4.0,35.0,0.7148466015625,False,PUT,2026-02-13,B
B260213P00044000,44.0,0.41,0.31,0.55,6.0,38.0,0.6748079394531252,False,PUT,2026-02-13,B
B260213P00045000,45.0,0.49,0.45,0.91,20.0,297.0,0.70898728515625,False,PUT,2026-02-13,B
B260213P00046000,46.0,0.35,0.6,0.82,2.0,156.0,0.6445348046875,False,PUT,2026-02-13,B
B260213P00047000,47.0,1.15,0.82,1.07,2.0,172.0,0.6435582519531251,False,PUT,2026-02-13,B
B260213P00048000,48.0,1.35,1.08,1.31,3.0,100.0,0.632816171875,False,PUT,2026-02-13,B
B260213P00049000,49.0,1.6,1.39,1.64,9.0,37.0,0.6269568554687501,False,PUT,2026-02-13,B
B260213P00050000,50.0,2.05,1.73,2.01,42.0,65.0,0.6167030517578126,False,PUT,2026-02-13,B
B260213P00051000,51.0,2.43,2.19,2.46,29.0,47.0,0.6167030517578126,False,PUT,2026-02-13,B
B260213P00053000,53.0,2.78,3.2,3.5,3.0,43.0,0.6010782080078126,True,PUT,2026-02-13,B
B260213P00055000,55.0,4.39,4.5,4.85,1.0,8.0,0.6025430371093752,True,PUT,2026-02-13,B
B260213P00058000,58.0,6.23,6.7,8.7,1.0,4.0,0.8090839404296875,True,PUT,2026-02-13,B
B260220C00037000,37.0,13.59,13.15,15.4,2.0,467.0,1.1367230664062502,True,CALL,2026-02-20,B
B260220C00038000,38.0,13.16,12.15,14.4,2.0,141.0,1.0678757543945316,True,CALL,2026-02-20,B
B260220C00039000,39.0,12.3,12.15,13.45,71.0,93.0,0.6621127539062501,True,CALL,2026-02-20,B
B260220C00040000,40.0,12.03,11.35,12.45,3.0,434.0,0.6884796777343751,True,CALL,2026-02-20,B
B260220C00041000,41.0,9.3,9.3,11.55,2.0,146.0,0.9233406103515626,True,CALL,2026-02-20,B
B260220C00042000,42.0,8.74,8.5,10.6,6.0,427.0,0.8730481445312499,True,CALL,2026-02-20,B
B260220C00043000,43.0,8.95,8.85,9.6,83.0,304.0,0.6748079394531252,True,CALL,2026-02-20,B
B260220C00044000,44.0,7.15,6.95,8.8,5.0,363.0,0.7973653076171875,True,CALL,2026-02-20,B
B260220C00045000,45.0,6.55,7.1,7.95,59.0,936.0,0.648441015625,True,CALL,2026-02-20,B
B260220C00046000,46.0,5.95,5.95,7.15,41.0,1176.0,0.5893595751953126,True,CALL,2026-02-20,B
B260220C00046500,46.5,6.78,5.05,6.75,1.0,0.0,0.5141650146484374,True,CALL,2026-02-20,B
B260220C00047000,47.0,5.25,5.65,6.4,45.0,689.0,0.641605146484375,True,CALL,2026-02-20,B
B260220C00047500,47.5,5.0,5.45,6.05,1.0,118.0,0.6567417138671876,True,CALL,2026-02-20,B
B260220C00048000,48.0,4.67,5.2,5.65,51.0,1107.0,0.657229990234375,True,CALL,2026-02-20,B
B260220C00048500,48.5,6.4,4.85,5.35,1.0,222.0,0.6552768847656252,True,CALL,2026-02-20,B
B260220C00049000,49.0,4.69,4.45,5.0,27.0,4343.0,0.6401403173828125,True,CALL,2026-02-20,B
B260220C00049500,49.5,3.55,4.25,4.7,43.0,83.0,0.6489292919921875,True,CALL,2026-02-20,B
B260220C00050000,50.0,4.25,4.1,4.35,2594.0,3836.0,0.6547886083984377,True,CALL,2026-02-20,B
B260220C00051000,51.0,3.65,3.55,3.85,531.0,602.0,0.6543003320312502,True,CALL,2026-02-20,B
B260220C00052000,52.0,3.2,3.0,3.3,1905.0,2193.0,0.639652041015625,False,CALL,2026-02-20,B
B260220C00053000,53.0,2.8,2.66,2.87,1078.0,641.0,0.6481968774414062,False,CALL,2026-02-20,B
B260220C00054000,54.0,2.24,2.2,2.46,326.0,617.0,0.6381872119140625,False,CALL,2026-02-20,B
B260220C00055000,55.0,1.99,1.88,2.04,996.0,10991.0,0.631839619140625,False,CALL,2026-02-20,B
B260220C00056000,56.0,1.7,1.61,1.82,96.0,138.0,0.6430699755859376,False,CALL,2026-02-20,B
B260220C00057000,57.0,1.35,1.36,1.52,108.0,699.0,0.6401403173828125,False,CALL,2026-02-20,B
B260220C00058000,58.0,1.2,1.11,1.25,184.0,58.0,0.6325720336914062,False,CALL,2026-02-20,B
B260220C00059000,59.0,0.92,0.92,1.07,80.0,97.0,0.6347692773437501,False,CALL,2026-02-20,B
B260220C00060000,60.0,0.84,0.78,0.89,269.0,1721.0,0.6367223828125,False,CALL,2026-02-20,B
B260220C00061000,61.0,0.7,0.59,0.86,12.0,49.0,0.6469761865234375,False,CALL,2026-02-20,B
B260220C00065000,65.0,0.43,0.31,0.5,58.0,130.0,0.6787141503906251,False,CALL,2026-02-20,B
B260220P00037000,37.0,0.07,0.01,0.12,2.0,177.0,0.6699251757812501,False,PUT,2026-02-20,B
B260220P00038000,38.0,0.08,0.03,0.15,1.0,152.0,0.65820654296875,False,PUT,2026-02-20,B
B260220P00039000,39.0,0.15,0.0,0.31,9.0,2243.0,0.6757844921875001,False,PUT,2026-02-20,B
B260220P00040000,40.0,0.21,0.12,0.2,42.0,1759.0,0.63086306640625,False,PUT,2026-02-20,B
B260220P00041000,41.0,0.18,0.15,0.37,1.0,546.0,0.64648791015625,False,PUT,2026-02-20,B
B260220P00042000,42.0,0.4,0.22,0.5,20.0,1722.0,0.6455113574218749,False,PUT,2026-02-20,B
B260220P00043000,43.0,0.2,0.36,0.49,6.0,648.0,0.6181678808593751,False,PUT,2026-02-20,B
B260220P00043500,43.5,0.51,0.15,0.65,50.0,65.0,0.579105771484375,False,PUT,2026-02-20,B
B260220P00044000,44.0,0.55,0.47,0.6,197.0,1133.0,0.6035195898437502,False,PUT,2026-02-20,B
B260220P00044500,44.5,0.48,0.53,0.92,10.0,9.0,0.637698935546875,False,PUT,2026-02-20,B
B260220P00045000,45.0,0.7,0.62,0.72,51.0,7260.0,0.5883830224609375,False,PUT,2026-02-20,B
B260220P00045500,45.5,0.61,0.63,0.81,1.0,193.0,0.5722699023437501,False,PUT,2026-02-20,B
B260220P00046000,46.0,0.81,0.8,0.92,26.0,1033.0,0.5810588769531251,False,PUT,2026-02-20,B
B260220P00046500,46.5,0.97,0.89,1.05,61.0,66.0,0.5776409423828125,False,PUT,2026-02-20,B
B260220P00047000,47.0,1.32,0.98,1.19,25.0,1482.0,0.5727581787109376,False,PUT,2026-02-20,B
B260220P00047500,47.5,1.52,1.18,1.33,5.0,1121.0,0.5786174951171875,False,PUT,2026-02-20,B
B260220P00048000,48.0,1.47,1.33,1.5,244.0,6255.0,0.5786174951171875,False,PUT,2026-02-20,B
B260220P00048500,48.5,1.8,1.5,1.67,14.0,823.0,0.57812921875,False,PUT,2026-02-20,B
B260220P00049000,49.0,2.34,1.71,1.88,35.0,951.0,0.5830119824218749,False,PUT,2026-02-20,B
B260220P00049500,49.5,2.3,1.85,1.99,3.0,90.0,0.567387138671875,False,PUT,2026-02-20,B
B260220P00050000,50.0,2.42,2.12,2.3,91.0,1351.0,0.5835002587890624,False,PUT,2026-02-20,B
B260220P00051000,51.0,2.95,2.53,2.76,14.0,115.0,0.577152666015625,False,PUT,2026-02-20,B
B260220P00052000,52.0,3.1,3.05,3.3,15.0,107.0,0.5788616333007812,True,PUT,2026-02-20,B
B260220P00053000,53.0,4.7,3.6,3.85,3.0,41.0,0.5744671459960937,True,PUT,2026-02-20,B
B260220P00055000,55.0,5.42,4.9,5.2,19.0,180.0,0.5808147387695313,True,PUT,2026-02-20,B
B260220P00060000,60.0,6.9,8.35,10.75,1.0,62.0,0.7358424853515625,True,PUT,2026-02-20,B
B260227C00038000,38.0,16.7,12.3,14.45,1.0,103.0,0.954102021484375,True,CALL,2026-02-27,B
B260227C00041000,41.0,9.48,9.45,11.75,,5.0,0.86914193359375,True,CALL,2026-02-27,B
B260227C00042000,42.0,8.65,9.1,10.75,,1.0,0.5224657128906249,True,CALL,2026-02-27,B
B260227C00044000,44.0,8.77,8.4,9.0,11.0,27.0,0.6723665576171877,True,CALL,2026-02-27,B
B260227C00045000,45.0,11.15,6.1,8.15,3.0,111.0,0.7187528125,True,CALL,2026-02-27,B
B260227C00046000,46.0,7.09,5.4,7.8,1.0,8.0,0.5283250292968751,True,CALL,2026-02-27,B
B260227C00047000,47.0,6.16,5.5,6.6,2.0,33.0,0.5668988623046876,True,CALL,2026-02-27,B
B260227C00048000,48.0,5.75,4.25,6.55,2.0,36.0,0.5705609350585938,True,CALL,2026-02-27,B
B260227C00049000,49.0,4.9,4.2,5.3,1.0,227.0,0.5649457568359376,True,CALL,2026-02-27,B
B260227C00050000,50.0,4.45,4.0,4.6,13.0,525.0,0.5864299169921875,True,CALL,2026-02-27,B
B260227C00051000,51.0,3.9,3.55,4.2,19.0,223.0,0.6030313134765627,True,CALL,2026-02-27,B
B260227C00052000,52.0,3.15,2.72,3.65,35.0,342.0,0.5659223095703125,False,CALL,2026-02-27,B
B260227C00053000,53.0,2.98,2.78,3.25,26.0,258.0,0.6098671826171876,False,CALL,2026-02-27,B
B260227C00054000,54.0,2.55,2.29,2.87,1.0,39.0,0.6015664843750002,False,CALL,2026-02-27,B
B260227C00055000,55.0,2.76,1.72,2.53,7.0,142.0,0.5825237060546875,False,CALL,2026-02-27,B
B260227C00056000,56.0,1.77,1.35,2.19,1.0,7.0,0.5732464550781251,False,CALL,2026-02-27,B
B260227C00057000,57.0,1.44,1.02,1.86,17.0,25.0,0.56055126953125,False,CALL,2026-02-27,B
B260227C00058000,58.0,1.29,1.3,1.72,40.0,6.0,0.6210975390625001,False,CALL,2026-02-27,B
B260227C00059000,59.0,0.84,0.78,2.3,8.0,12.0,0.6713900048828126,False,CALL,2026-02-27,B
B260227C00060000,60.0,0.91,0.85,1.37,34.0,67.0,0.622074091796875,False,CALL,2026-02-27,B
B260227C00062000,62.0,1.09,0.33,1.6,23.0,27.0,0.6630893066406252,False,CALL,2026-02-27,B
B260227C00065000,65.0,0.58,0.42,0.97,3.0,1.0,0.6904327832031252,False,CALL,2026-02-27,B
B260227P00040000,40.0,0.65,0.0,0.6,1.0,17.0,0.6357458300781251,False,PUT,2026-02-27,B
B260227P00041000,41.0,0.19,0.0,1.12,5.0,25.0,0.6962920996093751,False,PUT,2026-02-27,B
B260227P00042000,42.0,1.15,0.0,2.36,1.0,7.0,0.8325212060546874,False,PUT,2026-02-27,B
B260227P00043000,43.0,0.34,0.0,0.95,1.0,69.0,0.559574716796875,False,PUT,2026-02-27,B
B260227P00044000,44.0,0.73,0.08,1.15,1.0,79.0,0.5532271240234375,False,PUT,2026-02-27,B
B260227P00045000,45.0,1.12,0.78,1.35,17.0,33.0,0.6186561572265626,False,PUT,2026-02-27,B
B260227P00046000,46.0,1.2,1.0,1.25,2.0,66.0,0.5717816259765626,False,PUT,2026-02-27,B
B260227P00047000,47.0,1.5,1.3,1.5,229.0,87.0,0.569340244140625,False,PUT,2026-02-27,B
B260227P00048000,48.0,1.88,1.51,2.63,3.0,40.0,0.6342810009765626,False,PUT,2026-02-27,B
B260227P00049000,49.0,1.28,1.77,2.95,2.0,10.0,0.6145058081054688,False,PUT,2026-02-27,B
B260227P00050000,50.0,2.94,2.28,2.98,4.0,36.0,0.584965087890625,False,PUT,2026-02-27,B
B260227P00051000,51.0,2.59,1.8,4.05,1.0,22.0,0.5532271240234375,False,PUT,2026-02-27,B
B260227P00054000,54.0,4.86,4.5,5.1,5.0,5.0,0.5810588769531251,True,PUT,2026-02-27,B
B260227P00055000,55.0,7.44,4.75,6.2,,1.0,0.5844768115234374,True,PUT,2026-02-27,B
B260227P00060000,60.0,10.67,8.55,10.9,10.0,10.0,0.6816438085937502,True,PUT,2026-02-27,B
B260306C00049000,49.0,5.95,3.95,6.25,2.0,10.0,0.5664105859375,True,CALL,2026-03-06,B
B260306C00050000,50.0,4.12,4.05,5.0,3.0,11.0,0.5637250659179689,True,CALL,2026-03-06,B
B260306C00051000,51.0,3.11,3.45,4.45,4.0,4.0,0.5544478149414063,True,CALL,2026-03-06,B
B260306C00053000,53.0,2.5,2.36,3.55,55.0,107.0,0.5400436621093752,False,CALL,2026-03-06,B
B260306C00055000,55.0,1.85,1.98,2.77,2.0,20.0,0.5639692041015626,False,CALL,2026-03-06,B
B260306C00058000,58.0,1.9,1.18,2.24,2.0,40.0,0.5942423388671876,False,CALL,2026-03-06,B
B260306C00060000,60.0,1.33,0.84,2.17,2.0,53.0,0.6364782446289063,False,CALL,2026-03-06,B
B260306P00040000,40.0,0.46,0.0,1.2,1.0,1.0,0.6899445068359377,False,PUT,2026-03-06,B
B260306P00043000,43.0,0.61,0.0,1.15,1.0,2.0,0.5351608984375,False,PUT,2026-03-06,B
B260306P00045000,45.0,1.0,0.8,1.59,2.0,124.0,0.5854533642578125,False,PUT,2026-03-06,B
B260306P00046000,46.0,1.19,1.19,1.94,1.0,3.0,0.6035195898437502,False,PUT,2026-03-06,B
B260306P00047000,47.0,1.65,0.65,2.4,8.0,95.0,0.5361374511718751,False,PUT,2026-03-06,B
B260306P00048000,48.0,1.44,1.65,2.76,2.0,8.0,0.5942423388671876,False,PUT,2026-03-06,B
B260306P00049000,49.0,2.0,2.17,2.98,1.0,30.0,0.5886271606445312,False,PUT,2026-03-06,B
B260320C00037000,37.0,14.35,13.9,15.65,28.0,1894.0,0.8359391406249999,True,CALL,2026-03-20,B
B260320C00038000,38.0,14.15,13.15,14.65,8.0,1548.0,0.5351608984375,True,CALL,2026-03-20,B
B260320C00039000,39.0,13.79,11.5,13.8,1.0,2916.0,0.7753928710937501,True,CALL,2026-03-20,B
B260320C00040000,40.0,12.0,12.2,12.8,83.0,4425.0,0.6533237792968751,True,CALL,2026-03-20,B
B260320C00041000,41.0,12.0,11.25,12.1,1.0,1086.0,0.649417568359375,True,CALL,2026-03-20,B
B260320C00042000,42.0,10.35,10.35,11.05,14.0,2642.0,0.6084023535156251,True,CALL,2026-03-20,B
B260320C00043000,43.0,8.9,9.45,10.25,19.0,876.0,0.5927775097656252,True,CALL,2026-03-20,B
B260320C00044000,44.0,8.35,8.35,9.5,1.0,18388.0,0.559574716796875,True,CALL,2026-03-20,B
B260320C00045000,45.0,7.7,8.25,8.7,127.0,8705.0,0.6069375244140626,True,CALL,2026-03-20,B
B260320C00046000,46.0,7.67,7.5,8.0,32.0,9059.0,0.5986368261718751,True,CALL,2026-03-20,B
B260320C00047000,47.0,6.65,6.8,7.35,13.0,1086.0,0.5935099243164064,True,CALL,2026-03-20,B
B260320C00048000,48.0,5.67,6.1,6.7,25.0,1064.0,0.5835002587890624,True,CALL,2026-03-20,B
B260320C00049000,49.0,4.85,5.5,6.1,55.0,763.0,0.5795940478515625,True,CALL,2026-03-20,B
B260320C00050000,50.0,5.55,5.15,5.55,3701.0,16455.0,0.5910685424804689,True,CALL,2026-03-20,B
B260320C00055000,55.0,3.3,3.1,3.3,1682.0,5453.0,0.5900919897460939,False,CALL,2026-03-20,B
B260320C00060000,60.0,1.9,1.84,1.98,3996.0,3041.0,0.6047402807617189,False,CALL,2026-03-20,B
B260320C00065000,65.0,1.1,0.97,1.21,157.0,501.0,0.6118202880859377,False,CALL,2026-03-20,B
B260320P00037000,37.0,0.25,0.21,0.29,1.0,890.0,0.579105771484375,False,PUT,2026-03-20,B
B260320P00038000,38.0,0.39,0.24,0.38,14.0,1523.0,0.56836369140625,False,PUT,2026-03-20,B
B260320P00039000,39.0,0.41,0.41,0.6,37.0,3680.0,0.6005899316406251,False,PUT,2026-03-20,B
B260320P00040000,40.0,0.53,0.52,0.73,20.0,2072.0,0.594730615234375,False,PUT,2026-03-20,B
B260320P00041000,41.0,0.67,0.66,0.81,16.0,724.0,0.5815471533203125,False,PUT,2026-03-20,B
B260320P00042000,42.0,0.83,0.8,0.93,76.0,1276.0,0.5688519677734375,False,PUT,2026-03-20,B
B260320P00043000,43.0,1.01,0.95,1.17,43.0,1043.0,0.5661664477539063,False,PUT,2026-03-20,B
B260320P00044000,44.0,1.23,1.11,1.43,5.0,512.0,0.56055126953125,False,PUT,2026-03-20,B
B260320P00045000,45.0,1.48,1.43,1.57,52.0,1569.0,0.5532271240234375,False,PUT,2026-03-20,B
B260320P00046000,46.0,1.85,1.72,2.01,161.0,897.0,0.5629926513671876,False,PUT,2026-03-20,B
B260320P00047000,47.0,2.27,2.04,2.32,36.0,413.0,0.5581098876953126,False,PUT,2026-03-20,B
B260320P00048000,48.0,2.8,2.4,2.79,5.0,1051.0,0.5627485131835939,False,PUT,2026-03-20,B
B260320P00049000,49.0,2.89,2.79,3.15,22.0,422.0,0.5561567822265626,False,PUT,2026-03-20,B
B260320P00050000,50.0,3.3,3.25,3.5,212.0,5270.0,0.5488326367187502,False,PUT,2026-03-20,B
B260320P00055000,55.0,6.16,6.05,6.6,10.0,301.0,0.5617719604492188,True,PUT,2026-03-20,B
B260320P00060000,60.0,10.3,9.65,10.15,3.0,105.0,0.5510298803710938,True,PUT,2026-03-20,B
B260320P00065000,65.0,12.6,13.85,15.65,3.0,482.0,0.6709017285156251,True,PUT,2026-03-20,B
B260618C00037000,37.0,16.0,15.0,16.7,95.0,797.0,0.5344284838867188,True,CALL,2026-06-18,B
B260618C00038000,38.0,15.05,13.7,15.85,1.0,11839.0,0.63867548828125,True,CALL,2026-06-18,B
B260618C00039000,39.0,14.62,14.1,15.1,9.0,584.0,0.5730023168945313,True,CALL,2026-06-18,B
B260618C00040000,40.0,13.8,13.35,14.35,51.0,5519.0,0.5690961059570312,True,CALL,2026-06-18,B
B260618C00041000,41.0,12.7,11.85,13.5,14.0,250.0,0.5151415673828125,True,CALL,2026-06-18,B
B260618C00042000,42.0,12.04,10.85,12.9,13.0,594.0,0.5042774182128906,True,CALL,2026-06-18,B
B260618C00043000,43.0,12.8,10.95,12.3,100.0,519.0,0.5478560839843751,True,CALL,2026-06-18,B
B260618C00044000,44.0,11.27,10.65,11.45,108.0,260.0,0.5532271240234375,True,CALL,2026-06-18,B
B260618C00045000,45.0,10.7,10.4,10.8,286.0,2766.0,0.567387138671875,True,CALL,2026-06-18,B
B260618C00046000,46.0,9.05,9.2,10.15,4.0,1400.0,0.5360153820800782,True,CALL,2026-06-18,B
B260618C00047000,47.0,8.48,8.9,9.6,6.0,661.0,0.5476119458007813,True,CALL,2026-06-18,B
B260618C00048000,48.0,8.5,8.4,9.05,19.0,1347.0,0.5481002221679689,True,CALL,2026-06-18,B
B260618C00049000,49.0,8.45,7.05,8.6,5.0,422.0,0.51562984375,True,CALL,2026-06-18,B
B260618C00050000,50.0,7.9,7.4,8.05,1162.0,26980.0,0.5471236694335939,True,CALL,2026-06-18,B
B260618C00055000,55.0,5.73,5.55,5.9,477.0,5086.0,0.5528609167480469,False,CALL,2026-06-18,B
B260618C00060000,60.0,4.2,4.05,4.3,287.0,7459.0,0.5549360913085939,False,CALL,2026-06-18,B
B260618C00065000,65.0,2.84,2.9,3.1,220.0,1500.0,0.5549360913085939,False,CALL,2026-06-18,B
B260618P00037000,37.0,1.13,0.93,1.37,1.0,847.0,0.5285691674804689,False,PUT,2026-06-18,B
B260618P00038000,38.0,1.11,0.78,1.59,27.0,509.0,0.5031787963867188,False,PUT,2026-06-18,B
B260618P00039000,39.0,1.62,1.4,1.77,3.0,494.0,0.5275926147460939,False,PUT,2026-06-18,B
B260618P00040000,40.0,1.77,1.62,2.0,29.0,1274.0,0.5239305419921875,False,PUT,2026-06-18,B
B260618P00041000,41.0,2.13,1.93,2.15,10.0,376.0,0.5181932946777343,False,PUT,2026-06-18,B
B260618P00042000,42.0,2.22,2.17,2.4,20.0,741.0,0.5119677709960937,False,PUT,2026-06-18,B
B260618P00043000,43.0,2.7,2.5,2.7,72.0,562.0,0.5109912182617188,False,PUT,2026-06-18,B
B260618P00044000,44.0,3.05,2.7,3.2,31.0,1513.0,0.5109912182617188,False,PUT,2026-06-18,B
B260618P00045000,45.0,3.4,3.15,3.6,117.0,3947.0,0.5153857055664062,False,PUT,2026-06-18,B
B260618P00046000,46.0,3.85,3.55,4.2,4.0,599.0,0.5236864038085938,False,PUT,2026-06-18,B
B260618P00047000,47.0,4.4,4.0,4.25,12.0,416.0,0.5075732836914062,False,PUT,2026-06-18,B
B260618P00048000,48.0,4.75,4.5,4.7,121.0,143.0,0.5090381127929688,False,PUT,2026-06-18,B
B260618P00049000,49.0,5.22,4.9,5.3,4.0,235.0,0.5105029418945313,False,PUT,2026-06-18,B
B260618P00050000,50.0,5.75,5.45,5.8,104.0,801.0,0.5117236328125,False,PUT,2026-06-18,B
B260618P00055000,55.0,8.35,8.2,8.6,21.0,831.0,0.501103621826172,True,PUT,2026-06-18,B
B260618P00060000,60.0,10.15,10.7,12.75,100.0,63.0,0.5741009387207032,True,PUT,2026-06-18,B
B260618P00065000,65.0,15.4,14.7,16.55,65.0,115.0,0.5736126623535156,True,PUT,2026-06-18,B
B260918C00037000,37.0,17.5,15.55,17.75,2.0,1211.0,0.5041553491210937,True,CALL,2026-09-18,B
B260918C00040000,40.0,15.0,14.55,15.65,14.0,1655.0,0.5512740185546876,True,CALL,2026-09-18,B
B260918C00042000,42.0,15.71,12.8,14.25,6.0,365.0,0.5251512329101562,True,CALL,2026-09-18,B
B260918C00044000,44.0,12.5,11.05,12.9,4.0,6.0,0.5651898950195313,True,CALL,2026-09-18,B
B260918C00045000,45.0,13.55,11.55,12.4,205.0,1295.0,0.5384567639160158,True,CALL,2026-09-18,B
B260918C00046000,46.0,11.5,10.0,12.25,4.0,4.0,0.516606396484375,True,CALL,2026-09-18,B
B260918C00047000,47.0,10.54,10.35,11.35,1.0,248.0,0.5329636547851562,True,CALL,2026-09-18,B
B260918C00048000,48.0,10.35,9.1,10.8,11.0,41.0,0.5064746618652343,True,CALL,2026-09-18,B
B260918C00049000,49.0,10.88,8.6,10.35,15.0,46.0,0.506840869140625,True,CALL,2026-09-18,B
B260918C00050000,50.0,9.45,9.25,9.65,148.0,1385.0,0.5344284838867188,True,CALL,2026-09-18,B
B260918C00055000,55.0,7.4,7.15,7.55,403.0,1919.0,0.5288133056640626,False,CALL,2026-09-18,B
B260918C00060000,60.0,5.9,5.55,6.2,88.0,1190.0,0.5369919348144532,False,CALL,2026-09-18,B
B260918C00065000,65.0,4.3,4.45,4.8,125.0,477.0,0.5388229711914063,False,CALL,2026-09-18,B
B260918P00037000,37.0,1.88,1.64,2.31,11.0,528.0,0.5029346582031251,False,PUT,2026-09-18,B
B260918P00040000,40.0,2.6,2.55,2.95,2.0,434.0,0.509892596435547,False,PUT,2026-09-18,B
B260918P00042000,42.0,3.4,2.49,3.9,47.0,70.0,0.5280808911132813,False,PUT,2026-09-18,B
B260918P00043000,43.0,3.65,3.6,3.95,30.0,2.0,0.5018360363769532,False,PUT,2026-09-18,B
B260918P00044000,44.0,4.12,3.25,4.75,42.0,41.0,0.5301560656738282,False,PUT,2026-09-18,B
B260918P00045000,45.0,4.5,4.35,5.0,3.0,1209.0,0.5164843273925781,False,PUT,2026-09-18,B
B260918P00046000,46.0,4.4,4.0,5.65,30.0,50.0,0.5295457202148439,False,PUT,2026-09-18,B
B260918P00047000,47.0,4.8,4.85,6.0,6.0,230.0,0.5205126074218749,False,PUT,2026-09-18,B
B260918P00048000,48.0,5.5,4.85,6.65,122.0,761.0,0.5301560656738282,False,PUT,2026-09-18,B
B260918P00050000,50.0,6.48,5.9,7.65,22.0,202.0,0.5257615783691407,False,PUT,2026-09-18,B
B260918P00055000,55.0,9.28,8.85,10.5,35.0,60.0,0.5174608801269531,True,PUT,2026-09-18,B
B260918P00060000,60.0,13.15,12.9,13.75,7.0,59.0,0.5086719055175781,True,PUT,2026-09-18,B
B261016C00040000,40.0,17.28,13.7,16.05,1.0,158.0,0.5029346582031251,True,CALL,2026-10-16,B
B261016C00045000,45.0,11.77,11.4,12.7,92.0,384.0,0.5136767382812499,True,CALL,2026-10-16,B
B261016C00050000,50.0,10.05,9.4,10.2,4.0,558.0,0.5258836474609375,True,CALL,2026-10-16,B
B261016C00055000,55.0,6.9,7.25,8.2,13.0,269.0,0.5211839874267576,False,CALL,2026-10-16,B
B261016C00060000,60.0,5.75,5.75,6.55,109.0,81.0,0.5231981274414061,False,CALL,2026-10-16,B
B261016C00065000,65.0,4.77,4.15,5.25,6.0,75.0,0.513554669189453,False,CALL,2026-10-16,B
B261016P00040000,40.0,3.25,2.7,3.2,2.0,979.0,0.5019581054687501,False,PUT,2026-10-16,B
B261016P00045000,45.0,4.95,3.85,5.5,1.0,15.0,0.5211229528808592,False,PUT,2026-10-16,B
B261016P00050000,50.0,6.79,6.15,8.0,7.0,36.0,0.5177050183105469,False,PUT,2026-10-16,B
B261016P00055000,55.0,10.0,9.8,10.5,10.0,33.0,0.4888967126464845,True,PUT,2026-10-16,B
B261016P00060000,60.0,14.07,12.5,14.1,,2.0,0.5009205181884766,True,PUT,2026-10-16,B
B261016P00065000,65.0,16.27,16.35,17.7,7.0,13.0,0.493291199951172,True,PUT,2026-10-16,B
B261218C00037000,37.0,18.28,16.35,18.45,3.0,352.0,0.5730023168945313,True,CALL,2026-12-18,B
B261218C00040000,40.0,17.25,15.35,17.3,3.0,1758.0,0.5524947094726562,True,CALL,2026-12-18,B
B261218C00042000,42.0,13.86,13.35,15.25,1.0,246.0,0.5570112658691408,True,CALL,2026-12-18,B
B261218C00045000,45.0,12.45,11.55,13.6,4.0,4265.0,0.5528609167480469,True,CALL,2026-12-18,B
B261218C00047000,47.0,13.6,10.75,12.65,1.0,5517.0,0.5001270690917969,True,CALL,2026-12-18,B
B261218C00050000,50.0,10.3,10.3,11.3,18.0,491.0,0.5260057165527343,True,CALL,2026-12-18,B
B261218C00055000,55.0,8.4,8.35,9.25,8.0,352.0,0.523442265625,False,CALL,2026-12-18,B
B261218C00060000,60.0,6.61,6.55,7.4,118.0,237.0,0.512272943725586,False,CALL,2026-12-18,B
B261218C00065000,65.0,5.43,5.2,6.15,160.0,330.0,0.5130663928222656,False,CALL,2026-12-18,B
B261218P00037000,37.0,2.6,1.95,2.7,1.0,815.0,0.4875539526367188,False,PUT,2026-12-18,B
B261218P00040000,40.0,3.63,2.73,4.0,1115.0,1805.0,0.5069629382324219,False,PUT,2026-12-18,B
B261218P00042000,42.0,4.5,3.3,5.0,1.0,29.0,0.5194139855957032,False,PUT,2026-12-18,B
B261218P00045000,45.0,5.22,4.4,6.3,1114.0,1192.0,0.5151415673828125,False,PUT,2026-12-18,B
B261218P00047000,47.0,5.57,5.35,7.15,1.0,24.0,0.5065967309570312,False,PUT,2026-12-18,B
B261218P00050000,50.0,7.06,7.75,8.8,1.0,188.0,0.507817421875,False,PUT,2026-12-18,B
B261218P00055000,55.0,10.5,9.95,11.65,4.0,66.0,0.4982960327148438,True,PUT,2026-12-18,B
B261218P00060000,60.0,14.02,13.35,14.9,4.0,22.0,0.4910939562988281,True,PUT,2026-12-18,B
B270115C00037000,37.0,18.53,16.15,18.8,1.0,592.0,0.5751995605468749,True,CALL,2027-01-15,B
B270115C00040000,40.0,16.2,15.55,16.7,45.0,8704.0,0.5169726037597657,True,CALL,2027-01-15,B
B270115C00042000,42.0,15.05,14.65,15.55,9.0,823.0,0.5251512329101562,True,CALL,2027-01-15,B
B270115C00045000,45.0,13.45,12.95,13.85,7.0,1259.0,0.5190477783203125,True,CALL,2027-01-15,B
B270115C00047000,47.0,12.1,11.6,12.85,15.0,707.0,0.5083056982421875,True,CALL,2027-01-15,B
B270115C00050000,50.0,11.4,10.4,11.4,129.0,8508.0,0.5097705273437501,True,CALL,2027-01-15,B
B270115C00055000,55.0,9.3,9.0,9.6,78.0,2819.0,0.5271043383789062,False,CALL,2027-01-15,B
B270115C00060000,60.0,7.5,7.0,7.85,176.0,4167.0,0.5137377728271484,False,CALL,2027-01-15,B
B270115C00065000,65.0,6.2,5.7,6.5,128.0,892.0,0.5136767382812499,False,CALL,2027-01-15,B
B270115P00037000,37.0,2.84,2.11,3.45,5.0,8173.0,0.5247850256347657,False,PUT,2027-01-15,B
B270115P00040000,40.0,3.82,2.97,4.65,11.0,1040.0,0.5293015820312501,False,PUT,2027-01-15,B
B270115P00042000,42.0,4.2,3.55,5.2,5.0,1129.0,0.5107470800781251,False,PUT,2027-01-15,B
B270115P00045000,45.0,5.2,4.65,6.6,2.0,383.0,0.5113574255371094,False,PUT,2027-01-15,B
B270115P00047000,47.0,6.66,5.55,7.55,5.0,107.0,0.5076953527832031,False,PUT,2027-01-15,B
B270115P00050000,50.0,8.13,7.15,9.1,3.0,302.0,0.5028125891113282,False,PUT,2027-01-15,B
B270115P00055000,55.0,11.75,10.9,11.55,20.0,126.0,0.47308876525878907,True,PUT,2027-01-15,B
B270115P00060000,60.0,15.1,14.2,15.2,2.0,39.0,0.48608912353515626,True,PUT,2027-01-15,B
B270115P00065000,65.0,18.4,17.25,18.75,13.0,20.0,0.47900911621093745,True,PUT,2027-01-15,B
B280121C00037000,37.0,21.0,19.15,21.7,11.0,372.0,0.5433395275878907,True,CALL,2028-01-21,B
B280121C00040000,40.0,18.5,18.7,19.95,94.0,1527.0,0.504460521850586,True,CALL,2028-01-21,B
B280121C00042000,42.0,19.5,16.85,20.05,2.0,353.0,0.508793974609375,True,CALL,2028-01-21,B
B280121C00045000,45.0,17.55,16.8,18.1,16.0,374.0,0.5231981274414061,True,CALL,2028-01-21,B
B280121C00047000,47.0,17.0,14.5,17.05,1.0,265.0,0.5401657312011721,True,CALL,2028-01-21,B
B280121C00050000,50.0,15.35,14.55,16.2,81.0,2056.0,0.520390538330078,True,CALL,2028-01-21,B
B280121C00055000,55.0,12.2,13.0,14.55,96.0,2411.0,0.5256395092773438,False,CALL,2028-01-21,B
B280121C00060000,60.0,11.05,11.1,12.95,20.0,2374.0,0.51758294921875,False,CALL,2028-01-21,B
B280121C00065000,65.0,10.4,9.25,11.6,17.0,299.0,0.5082446636962892,False,CALL,2028-01-21,B
B280121P00037000,37.0,4.85,4.45,5.25,29.0,179.0,0.4567925415039063,False,PUT,2028-01-21,B
B280121P00040000,40.0,6.5,5.3,7.0,10.0,101.0,0.47522497436523436,False,PUT,2028-01-21,B
B280121P00042000,42.0,7.3,6.1,7.8,1.0,35.0,0.46710737976074224,False,PUT,2028-01-21,B
B280121P00045000,45.0,8.5,7.45,10.2,20.0,311.0,0.4998829309082031,False,PUT,2028-01-21,B
B280121P00047000,47.0,9.0,8.4,11.0,13.0,55.0,0.4864553308105469,False,PUT,2028-01-21,B
B280121P00050000,50.0,11.0,10.85,11.9,21.0,1096.0,0.45325253784179687,False,PUT,2028-01-21,B
B280121P00055000,55.0,13.85,13.45,15.2,303.0,1116.0,0.4578301287841797,True,PUT,2028-01-21,B
B280121P00065000,65.0,20.46,20.0,22.1,2.0,2.0,0.4512994323730469,True,PUT,2028-01-21,B
BA260130C00170000,170.0,81.4,62.5,70.1,1.0,6.0,3.8300785498046874,True,CALL,2026-01-30,BA
BA260130C00175000,175.0,69.02,58.0,66.2,8.0,9.0,2.175785810546875,True,CALL,2026-01-30,BA
BA260130C00180000,180.0,64.09,53.0,59.3,1.0,24.0,3.0673851440429685,True,CALL,2026-01-30,BA
BA260130C00185000,185.0,56.2,49.05,54.4,1.0,19.0,1.15625421875,True,CALL,2026-01-30,BA
BA260130C00190000,190.0,61.37,44.3,49.25,2.0,14.0,1.2578162109375,True,CALL,2026-01-30,BA
BA260130C00195000,195.0,46.32,39.95,43.9,9.0,26.0,1.3457063964843747,True,CALL,2026-01-30,BA
BA260130C00200000,200.0,36.5,34.8,38.45,1.0,86.0,1.9047856323242187,True,CALL,2026-01-30,BA
BA260130C00205000,205.0,33.54,30.35,33.05,5.0,32.0,1.5727560424804685,True,CALL,2026-01-30,BA
BA260130C00207500,207.5,34.95,26.85,31.4,1.0,4.0,1.716798291015625,True,CALL,2026-01-30,BA
BA260130C00210000,210.0,26.45,25.1,27.4,4.0,139.0,1.1499065942382813,True,CALL,2026-01-30,BA
BA260130C00212500,212.5,28.0,21.85,26.4,10.0,13.0,1.499514221191406,True,CALL,2026-01-30,BA
BA260130C00215000,215.0,21.61,19.8,23.5,7.0,204.0,1.294437121582031,True,CALL,2026-01-30,BA
BA260130C00217500,217.5,20.94,16.7,21.6,23.0,27.0,1.32422212890625,True,CALL,2026-01-30,BA
BA260130C00220000,220.0,17.0,15.3,18.05,148.0,381.0,0.9750979052734375,True,CALL,2026-01-30,BA
BA260130C00222500,222.5,19.5,12.95,16.5,1.0,24.0,0.647464462890625,True,CALL,2026-01-30,BA
BA260130C00225000,225.0,12.61,10.65,14.35,86.0,645.0,0.637698935546875,True,CALL,2026-01-30,BA
BA260130C00227500,227.5,9.57,8.95,11.35,11.0,38.0,0.5751995605468749,True,CALL,2026-01-30,BA
BA260130C00230000,230.0,6.84,6.25,7.45,127.0,1043.0,0.428716650390625,True,CALL,2026-01-30,BA
BA260130C00232500,232.5,4.67,4.35,5.25,35.0,97.0,0.37842418457031246,True,CALL,2026-01-30,BA
BA260130C00235000,235.0,3.0,2.91,3.15,666.0,790.0,0.3139717041015625,True,CALL,2026-01-30,BA
BA260130C00237500,237.5,1.55,1.45,1.65,962.0,597.0,0.2880930566406249,False,CALL,2026-01-30,BA
BA260130C00240000,240.0,0.75,0.69,0.77,1392.0,1363.0,0.2836985693359374,False,CALL,2026-01-30,BA
BA260130C00242500,242.5,0.34,0.34,0.39,1897.0,1880.0,0.30371790039062496,False,CALL,2026-01-30,BA
BA260130C00245000,245.0,0.18,0.16,0.2,1503.0,2807.0,0.32520206054687495,False,CALL,2026-01-30,BA
BA260130C00247500,247.5,0.1,0.09,0.12,841.0,1401.0,0.35645174804687496,False,CALL,2026-01-30,BA
BA260130C00250000,250.0,0.08,0.07,0.09,2810.0,6106.0,0.398443515625,False,CALL,2026-01-30,BA
BA260130C00252500,252.5,0.05,0.05,0.06,322.0,2713.0,0.42969320312500003,False,CALL,2026-01-30,BA
BA260130C00255000,255.0,0.03,0.03,0.13,716.0,5836.0,0.50586431640625,False,CALL,2026-01-30,BA
BA260130C00257500,257.5,0.02,0.02,0.29,712.0,2110.0,0.6250037500000001,False,CALL,2026-01-30,BA
BA260130C00260000,260.0,0.02,0.02,0.03,813.0,12128.0,0.523442265625,False,CALL,2026-01-30,BA
BA260130C00262500,262.5,0.03,0.01,0.04,566.0,1208.0,0.570316796875,False,CALL,2026-01-30,BA
BA260130C00265000,265.0,0.02,0.01,0.02,196.0,2081.0,0.585941640625,False,CALL,2026-01-30,BA
BA260130C00267500,267.5,0.04,0.0,0.08,43.0,280.0,0.6992217578125001,False,CALL,2026-01-30,BA
BA260130C00270000,270.0,0.01,0.0,0.01,240.0,6251.0,0.5937540625000001,False,CALL,2026-01-30,BA
BA260130C00272500,272.5,0.01,0.01,0.02,66.0,522.0,0.710940390625,False,CALL,2026-01-30,BA
BA260130C00275000,275.0,0.03,0.01,0.03,1149.0,3032.0,0.773439765625,False,CALL,2026-01-30,BA
BA260130C00277500,277.5,0.01,0.0,0.03,23.0,183.0,0.789064609375,False,CALL,2026-01-30,BA
BA260130C00280000,280.0,0.01,0.0,0.03,125.0,1358.0,0.8281267187499999,False,CALL,2026-01-30,BA
BA260130C00282500,282.5,0.01,0.0,0.02,1.0,138.0,0.8281267187499999,False,CALL,2026-01-30,BA
BA260130C00285000,285.0,0.01,0.0,0.01,4.0,2515.0,0.8125018749999999,False,CALL,2026-01-30,BA
BA260130C00287500,287.5,0.01,0.0,4.3,9.0,53.0,2.129399207763672,False,CALL,2026-01-30,BA
BA260130C00290000,290.0,0.02,0.0,0.01,1.0,649.0,0.8906260937499999,False,CALL,2026-01-30,BA
BA260130C00295000,295.0,0.01,0.0,0.02,4.0,58.0,1.015629921875,False,CALL,2026-01-30,BA
BA260130C00300000,300.0,0.01,0.0,0.01,34.0,873.0,1.0312548437500002,False,CALL,2026-01-30,BA
BA260130C00305000,305.0,0.01,0.0,0.02,1.0,89.0,1.15625421875,False,CALL,2026-01-30,BA
BA260130P00170000,170.0,0.01,0.0,4.3,11.0,89.0,3.3750015624999996,False,PUT,2026-01-30,BA
BA260130P00175000,175.0,0.05,0.0,0.02,27.0,123.0,1.3906280468749999,False,PUT,2026-01-30,BA
BA260130P00180000,180.0,0.01,0.0,0.01,5.0,109.0,1.1875040625,False,PUT,2026-01-30,BA
BA260130P00185000,185.0,0.01,0.0,0.03,5.0,417.0,1.203128984375,False,PUT,2026-01-30,BA
BA260130P00190000,190.0,0.01,0.0,0.03,7.0,455.0,1.0781296093750001,False,PUT,2026-01-30,BA
BA260130P00195000,195.0,0.01,0.0,0.01,5.0,383.0,0.87500125,False,PUT,2026-01-30,BA
BA260130P00200000,200.0,0.04,0.0,0.01,1.0,397.0,0.7500025,False,PUT,2026-01-30,BA
BA260130P00205000,205.0,0.09,0.01,0.25,43.0,471.0,0.96679720703125,False,PUT,2026-01-30,BA
BA260130P00207500,207.5,0.02,0.0,0.11,1.0,299.0,0.79101771484375,False,PUT,2026-01-30,BA
BA260130P00210000,210.0,0.05,0.02,0.07,22.0,1061.0,0.7070341796875,False,PUT,2026-01-30,BA
BA260130P00212500,212.5,0.32,0.01,0.16,5.0,441.0,0.7070341796875,False,PUT,2026-01-30,BA
BA260130P00215000,215.0,0.07,0.01,0.15,77.0,782.0,0.6367223828125,False,PUT,2026-01-30,BA
BA260130P00217500,217.5,0.05,0.04,0.15,27.0,426.0,0.585941640625,False,PUT,2026-01-30,BA
BA260130P00220000,220.0,0.07,0.04,0.1,85.0,816.0,0.523442265625,False,PUT,2026-01-30,BA
BA260130P00222500,222.5,0.11,0.06,0.15,30.0,593.0,0.49023947265625006,False,PUT,2026-01-30,BA
BA260130P00225000,225.0,0.12,0.08,0.14,317.0,2273.0,0.41211525390625,False,PUT,2026-01-30,BA
BA260130P00227500,227.5,0.2,0.12,0.2,208.0,1022.0,0.366217275390625,False,PUT,2026-01-30,BA
BA260130P00230000,230.0,0.28,0.24,0.29,587.0,3754.0,0.31690136230468746,False,PUT,2026-01-30,BA
BA260130P00232500,232.5,0.49,0.44,0.56,369.0,1743.0,0.2885813330078124,False,PUT,2026-01-30,BA
BA260130P00235000,235.0,1.1,0.96,1.11,3371.0,5140.0,0.2644116528320312,False,PUT,2026-01-30,BA
BA260130P00237500,237.5,2.42,2.11,2.36,1121.0,1507.0,0.27735097656249996,True,PUT,2026-01-30,BA
BA260130P00240000,240.0,3.91,3.7,4.05,1683.0,15291.0,0.2829661547851562,True,PUT,2026-01-30,BA
BA260130P00242500,242.5,6.14,5.65,6.65,225.0,1473.0,0.4067442138671875,True,PUT,2026-01-30,BA
BA260130P00245000,245.0,8.74,7.8,8.85,283.0,2143.0,0.43457596679687505,True,PUT,2026-01-30,BA
BA260130P00247500,247.5,11.11,10.4,11.55,158.0,1756.0,0.570316796875,True,PUT,2026-01-30,BA
BA260130P00250000,250.0,13.4,12.75,15.55,193.0,6246.0,0.6796907031250001,True,PUT,2026-01-30,BA
BA260130P00252500,252.5,15.53,14.75,17.3,113.0,1496.0,0.5507857421875001,True,PUT,2026-01-30,BA
BA260130P00255000,255.0,18.3,17.3,20.15,64.0,643.0,0.7036162451171876,True,PUT,2026-01-30,BA
BA260130P00257500,257.5,16.25,18.75,23.15,33.0,38.0,0.631839619140625,True,PUT,2026-01-30,BA
BA260130P00260000,260.0,18.44,22.1,25.4,6.0,164.0,0.84961087890625,True,PUT,2026-01-30,BA
BA260130P00262500,262.5,21.2,23.75,28.1,32.0,15.0,0.726565234375,True,PUT,2026-01-30,BA
BA260130P00265000,265.0,23.27,26.0,30.6,17.0,4.0,0.585941640625,True,PUT,2026-01-30,BA
BA260130P00270000,270.0,34.23,30.85,35.9,1.0,2.0,0.8320329296874999,True,PUT,2026-01-30,BA
BA260130P00275000,275.0,33.17,33.85,42.0,11.0,0.0,2.139164808349609,True,PUT,2026-01-30,BA
BA260130P00277500,277.5,35.57,36.55,43.45,6.0,0.0,1.9829102416992188,True,PUT,2026-01-30,BA
BA260130P00280000,280.0,38.18,38.35,46.25,10.0,0.0,2.1274460876464842,True,PUT,2026-01-30,BA
BA260130P00282500,282.5,40.57,41.55,48.85,6.0,0.0,2.2236372534179685,True,PUT,2026-01-30,BA
BA260206C00170000,170.0,79.25,62.85,71.1,2.0,9.0,1.0410204199218753,True,CALL,2026-02-06,BA
BA260206C00175000,175.0,71.72,59.3,64.35,1.0,2.0,0.84961087890625,True,CALL,2026-02-06,BA
BA260206C00180000,180.0,50.25,54.25,59.4,,8.0,0.77929908203125,True,CALL,2026-02-06,BA
BA260206C00185000,185.0,56.45,49.55,54.05,1.0,7.0,0.68555001953125,True,CALL,2026-02-06,BA
BA260206C00190000,190.0,51.68,44.7,49.3,3.0,4.0,0.743166630859375,True,CALL,2026-02-06,BA
BA260206C00195000,195.0,46.52,39.55,44.05,5.0,2.0,0.5546919531250001,True,CALL,2026-02-06,BA
BA260206C00200000,200.0,36.9,36.15,37.7,3.0,40.0,0.5634809277343751,True,CALL,2026-02-06,BA
BA260206C00205000,205.0,31.71,29.65,33.5,2.0,225.0,0.8071308349609375,True,CALL,2026-02-06,BA
BA260206C00210000,210.0,26.4,25.55,27.85,6.0,73.0,0.6186561572265626,True,CALL,2026-02-06,BA
BA260206C00215000,215.0,21.94,20.05,23.95,5.0,53.0,0.6608920629882813,True,CALL,2026-02-06,BA
BA260206C00217500,217.5,21.46,17.75,20.1,22.0,4.0,0.44727115234375,True,CALL,2026-02-06,BA
BA260206C00220000,220.0,17.6,16.35,18.55,101.0,143.0,0.5151415673828125,True,CALL,2026-02-06,BA
BA260206C00225000,225.0,13.21,11.75,14.5,23.0,74.0,0.49609878906250005,True,CALL,2026-02-06,BA
BA260206C00227500,227.5,10.61,9.9,10.9,14.0,9.0,0.3437565625,True,CALL,2026-02-06,BA
BA260206C00230000,230.0,8.95,8.45,9.05,79.0,546.0,0.3413151806640625,True,CALL,2026-02-06,BA
BA260206C00232500,232.5,6.3,6.5,7.0,109.0,29.0,0.31214066772460936,True,CALL,2026-02-06,BA
BA260206C00235000,235.0,4.75,5.0,5.35,265.0,214.0,0.30054410400390624,True,CALL,2026-02-06,BA
BA260206C00237500,237.5,3.8,3.7,4.05,391.0,91.0,0.29834686035156244,False,CALL,2026-02-06,BA
BA260206C00240000,240.0,2.6,2.76,2.9,2187.0,800.0,0.29114478393554677,False,CALL,2026-02-06,BA
BA260206C00242500,242.5,1.94,1.89,2.08,756.0,516.0,0.29175512939453113,False,CALL,2026-02-06,BA
BA260206C00245000,245.0,1.43,1.32,1.45,2793.0,3354.0,0.29224340576171864,False,CALL,2026-02-06,BA
BA260206C00247500,247.5,0.93,0.86,1.02,147.0,632.0,0.2966378930664062,False,CALL,2026-02-06,BA
BA260206C00250000,250.0,0.7,0.66,0.7,626.0,1763.0,0.3002999658203125,False,CALL,2026-02-06,BA
BA260206C00252500,252.5,0.51,0.46,0.57,139.0,1000.0,0.3188544677734374,False,CALL,2026-02-06,BA
BA260206C00255000,255.0,0.4,0.34,0.38,441.0,1693.0,0.32031929687499994,False,CALL,2026-02-06,BA
BA260206C00257500,257.5,0.3,0.27,0.35,31.0,563.0,0.34570966796874997,False,CALL,2026-02-06,BA
BA260206C00260000,260.0,0.24,0.23,0.35,397.0,2136.0,0.375982802734375,False,CALL,2026-02-06,BA
BA260206C00262500,262.5,0.22,0.18,0.32,23.0,313.0,0.398443515625,False,CALL,2026-02-06,BA
BA260206C00265000,265.0,0.2,0.14,0.29,194.0,868.0,0.418951123046875,False,CALL,2026-02-06,BA
BA260206C00267500,267.5,0.18,0.11,0.17,23.0,189.0,0.4062559375,False,CALL,2026-02-06,BA
BA260206C00270000,270.0,0.12,0.1,0.15,87.0,464.0,0.422857333984375,False,CALL,2026-02-06,BA
BA260206C00272500,272.5,0.23,0.01,0.34,4.0,39.0,0.5151415673828125,False,CALL,2026-02-06,BA
BA260206C00275000,275.0,0.1,0.04,0.16,21.0,775.0,0.476567734375,False,CALL,2026-02-06,BA
BA260206C00277500,277.5,0.17,0.01,1.25,1.0,7.0,0.6411168701171875,False,CALL,2026-02-06,BA
BA260206C00280000,280.0,0.01,0.0,0.11,69.0,101.0,0.495122236328125,False,CALL,2026-02-06,BA
BA260206C00282500,282.5,0.39,0.0,3.9,8.0,6.0,0.9145516357421876,False,CALL,2026-02-06,BA
BA260206C00285000,285.0,0.05,0.05,0.3,4.0,87.0,0.577152666015625,False,CALL,2026-02-06,BA
BA260206C00290000,290.0,0.09,0.0,0.4,4.0,5.0,0.6347692773437501,False,CALL,2026-02-06,BA
BA260206C00300000,300.0,0.01,0.0,0.1,5.0,137.0,0.6015664843750002,False,CALL,2026-02-06,BA
BA260206P00170000,170.0,0.01,0.0,0.02,1.0,111.0,0.7187528125,False,PUT,2026-02-06,BA
BA260206P00175000,175.0,0.01,0.0,0.03,1.0,19.0,0.6796907031250001,False,PUT,2026-02-06,BA
BA260206P00180000,180.0,0.01,0.0,2.43,3.0,61.0,1.189457177734375,False,PUT,2026-02-06,BA
BA260206P00185000,185.0,0.01,0.0,0.3,17.0,135.0,0.7412135253906249,False,PUT,2026-02-06,BA
BA260206P00190000,190.0,0.05,0.0,0.05,15.0,165.0,0.5351608984375,False,PUT,2026-02-06,BA
BA260206P00195000,195.0,0.02,0.0,0.4,9.0,20.0,0.629886513671875,False,PUT,2026-02-06,BA
BA260206P00200000,200.0,0.05,0.04,0.26,33.0,169.0,0.53320779296875,False,PUT,2026-02-06,BA
BA260206P00205000,205.0,0.06,0.0,0.15,54.0,142.0,0.46582565429687506,False,PUT,2026-02-06,BA
BA260206P00210000,210.0,0.18,0.11,0.19,11.0,140.0,0.4155331884765625,False,PUT,2026-02-06,BA
BA260206P00215000,215.0,0.24,0.19,0.28,51.0,301.0,0.37354142089843745,False,PUT,2026-02-06,BA
BA260206P00220000,220.0,0.41,0.38,0.41,356.0,407.0,0.3278875805664062,False,PUT,2026-02-06,BA
BA260206P00222500,222.5,0.6,0.51,0.67,313.0,81.0,0.32959654785156245,False,PUT,2026-02-06,BA
BA260206P00225000,225.0,0.91,0.69,0.86,192.0,449.0,0.30982135498046875,False,PUT,2026-02-06,BA
BA260206P00227500,227.5,1.13,1.07,1.17,98.0,333.0,0.2954172021484375,False,PUT,2026-02-06,BA
BA260206P00230000,230.0,1.62,1.54,1.65,470.0,1487.0,0.28577374389648436,False,PUT,2026-02-06,BA
BA260206P00232500,232.5,2.27,2.21,2.34,95.0,230.0,0.2795482202148437,False,PUT,2026-02-06,BA
BA260206P00235000,235.0,3.24,3.05,3.3,808.0,1056.0,0.2775951147460937,False,PUT,2026-02-06,BA
BA260206P00237500,237.5,4.54,4.2,4.55,123.0,507.0,0.2791820129394531,True,PUT,2026-02-06,BA
BA260206P00240000,240.0,5.81,5.7,6.05,295.0,1183.0,0.28162339477539056,True,PUT,2026-02-06,BA
BA260206P00242500,242.5,7.59,7.15,7.95,77.0,292.0,0.29822479125976553,True,PUT,2026-02-06,BA
BA260206P00245000,245.0,9.65,9.05,9.95,129.0,519.0,0.3107979077148437,True,PUT,2026-02-06,BA
BA260206P00247500,247.5,11.81,11.2,12.65,12.0,278.0,0.3764710791015625,True,PUT,2026-02-06,BA
BA260206P00250000,250.0,13.7,12.85,14.6,47.0,234.0,0.36963520996093746,True,PUT,2026-02-06,BA
BA260206P00252500,252.5,16.0,14.05,17.85,13.0,84.0,0.4859670544433594,True,PUT,2026-02-06,BA
BA260206P00255000,255.0,18.9,16.95,20.15,95.0,116.0,0.5092822509765625,True,PUT,2026-02-06,BA
BA260206P00257500,257.5,23.3,18.65,23.3,2.0,9.0,0.6145058081054688,True,PUT,2026-02-06,BA
BA260206P00260000,260.0,23.75,22.1,24.85,61.0,101.0,0.5564009204101563,True,PUT,2026-02-06,BA
BA260206P00262500,262.5,28.25,23.7,28.25,4.0,2.0,0.6914093359375001,True,PUT,2026-02-06,BA
BA260206P00265000,265.0,28.56,26.6,30.5,34.0,72.0,0.7041045214843751,True,PUT,2026-02-06,BA
BA260206P00280000,280.0,39.75,41.25,45.7,2.0,11.0,0.5380905566406251,True,PUT,2026-02-06,BA
BA260206P00285000,285.0,40.57,44.3,52.35,32.0,0.0,1.1882364807128907,True,PUT,2026-02-06,BA
BA260206P00287500,287.5,37.37,48.35,53.4,30.0,0.0,0.5468795312500001,True,PUT,2026-02-06,BA
BA260206P00290000,290.0,45.58,49.35,55.85,34.0,0.0,1.087895185546875,True,PUT,2026-02-06,BA
BA260206P00292500,292.5,44.85,51.6,58.4,2.0,0.0,1.1254926538085939,True,PUT,2026-02-06,BA
BA260213C00175000,175.0,69.36,59.7,64.2,5.0,25.0,0.709963837890625,True,CALL,2026-02-13,BA
BA260213C00180000,180.0,62.45,54.75,59.25,,8.0,0.6723665576171877,True,CALL,2026-02-13,BA
BA260213C00190000,190.0,50.7,44.75,49.2,1.0,29.0,0.5488326367187502,True,CALL,2026-02-13,BA
BA260213C00195000,195.0,48.17,39.55,44.3,1.0,12.0,0.8410660424804688,True,CALL,2026-02-13,BA
BA260213C00205000,205.0,47.94,29.65,33.95,,1.0,0.6499058447265625,True,CALL,2026-02-13,BA
BA260213C00210000,210.0,30.7,25.0,28.8,11.0,117.0,0.559574716796875,True,CALL,2026-02-13,BA
BA260213C00215000,215.0,37.47,20.95,23.6,1.0,53.0,0.46631393066406257,True,CALL,2026-02-13,BA
BA260213C00220000,220.0,19.74,17.3,19.05,60.0,185.0,0.4244442321777344,True,CALL,2026-02-13,BA
BA260213C00225000,225.0,13.25,12.3,14.5,5.0,99.0,0.372076591796875,True,CALL,2026-02-13,BA
BA260213C00230000,230.0,9.64,9.15,10.45,83.0,119.0,0.33618827880859375,True,CALL,2026-02-13,BA
BA260213C00235000,235.0,6.45,6.25,6.95,25.0,48.0,0.3073189385986328,True,CALL,2026-02-13,BA
BA260213C00240000,240.0,4.25,3.8,4.45,164.0,781.0,0.29883513671874995,False,CALL,2026-02-13,BA
BA260213C00245000,245.0,2.45,2.34,2.62,92.0,293.0,0.2910227148437499,False,CALL,2026-02-13,BA
BA260213C00250000,250.0,1.36,1.35,1.6,198.0,573.0,0.29834686035156244,False,CALL,2026-02-13,BA
BA260213C00255000,255.0,0.84,0.84,0.93,137.0,308.0,0.30359583129882806,False,CALL,2026-02-13,BA
BA260213C00260000,260.0,0.52,0.48,0.69,72.0,1814.0,0.33008482421874996,False,CALL,2026-02-13,BA
BA260213C00265000,265.0,0.51,0.32,0.45,824.0,401.0,0.3435124243164062,False,CALL,2026-02-13,BA
BA260213C00270000,270.0,0.25,0.18,0.35,46.0,293.0,0.36817038085937503,False,CALL,2026-02-13,BA
BA260213C00275000,275.0,0.24,0.11,0.21,6.0,53.0,0.37305314453125,False,CALL,2026-02-13,BA
BA260213C00280000,280.0,0.14,0.0,0.36,2.0,27.0,0.4497125341796875,False,CALL,2026-02-13,BA
BA260213C00285000,285.0,0.07,0.01,0.17,3.0,3.0,0.43066975585937506,False,CALL,2026-02-13,BA
BA260213C00290000,290.0,0.47,0.03,3.2,1.0,88.0,0.7189969506835938,False,CALL,2026-02-13,BA
BA260213C00300000,300.0,0.1,0.0,4.3,2.0,2.0,0.8647474462890624,False,CALL,2026-02-13,BA
BA260213P00170000,170.0,0.03,0.0,0.03,5.0,17.0,0.5546919531250001,False,PUT,2026-02-13,BA
BA260213P00180000,180.0,0.04,0.0,0.62,2.0,4.0,0.6816438085937502,False,PUT,2026-02-13,BA
BA260213P00185000,185.0,0.16,0.01,0.1,4.0,247.0,0.52539537109375,False,PUT,2026-02-13,BA
BA260213P00190000,190.0,0.1,0.0,0.1,4.0,6.0,0.47461462890625,False,PUT,2026-02-13,BA
BA260213P00195000,195.0,0.86,0.0,2.15,1.0,23.0,0.659183095703125,False,PUT,2026-02-13,BA
BA260213P00200000,200.0,0.18,0.0,0.4,7.0,679.0,0.47510290527343746,False,PUT,2026-02-13,BA
BA260213P00205000,205.0,0.2,0.0,1.3,2.0,28.0,0.5520064331054688,False,PUT,2026-02-13,BA
BA260213P00210000,210.0,0.26,0.0,0.29,16.0,92.0,0.336920693359375,False,PUT,2026-02-13,BA
BA260213P00215000,215.0,0.46,0.39,0.49,45.0,438.0,0.31690136230468746,False,PUT,2026-02-13,BA
BA260213P00220000,220.0,0.89,0.77,0.86,17.0,197.0,0.299811689453125,False,PUT,2026-02-13,BA
BA260213P00225000,225.0,1.5,1.37,1.54,44.0,190.0,0.28711650390624993,False,PUT,2026-02-13,BA
BA260213P00230000,230.0,2.5,2.39,2.79,108.0,239.0,0.2827220166015625,False,PUT,2026-02-13,BA
BA260213P00235000,235.0,4.5,4.1,4.75,29.0,124.0,0.2825999475097656,False,PUT,2026-02-13,BA
BA260213P00240000,240.0,7.25,6.75,7.65,56.0,230.0,0.2945016839599609,True,PUT,2026-02-13,BA
BA260213P00245000,245.0,10.5,9.75,11.7,10.0,196.0,0.3364324169921875,True,PUT,2026-02-13,BA
BA260213P00250000,250.0,14.82,12.85,16.0,1.0,41.0,0.37293107543945314,True,PUT,2026-02-13,BA
BA260213P00255000,255.0,11.85,17.5,21.25,39.0,31.0,0.4588677160644532,True,PUT,2026-02-13,BA
BA260213P00260000,260.0,22.27,21.4,25.95,2.0,57.0,0.503056727294922,True,PUT,2026-02-13,BA
BA260213P00270000,270.0,23.75,31.2,35.8,,1.0,0.6084023535156251,True,PUT,2026-02-13,BA
BA260213P00290000,290.0,43.09,49.1,57.35,,0.0,0.9427495959472656,True,PUT,2026-02-13,BA
BA260220C00170000,170.0,75.0,64.65,68.4,2.0,235.0,0.9357916577148437,True,CALL,2026-02-20,BA
BA260220C00175000,175.0,68.4,61.8,63.1,10.0,242.0,0.7231472998046875,True,CALL,2026-02-20,BA
BA260220C00180000,180.0,59.04,55.6,58.9,4.0,774.0,0.6264685791015626,True,CALL,2026-02-20,BA
BA260220C00185000,185.0,57.35,49.9,53.5,5.0,894.0,0.7534204345703125,True,CALL,2026-02-20,BA
BA260220C00190000,190.0,52.0,44.95,49.5,11.0,682.0,0.516606396484375,True,CALL,2026-02-20,BA
BA260220C00195000,195.0,42.4,41.1,43.0,4.0,1866.0,0.5749554223632812,True,CALL,2026-02-20,BA
BA260220C00200000,200.0,36.8,36.05,38.9,33.0,5039.0,0.6019326916503909,True,CALL,2026-02-20,BA
BA260220C00205000,205.0,33.35,31.75,33.0,5.0,3145.0,0.4587456469726563,True,CALL,2026-02-20,BA
BA260220C00210000,210.0,27.45,26.65,28.25,4.0,6477.0,0.422857333984375,True,CALL,2026-02-20,BA
BA260220C00215000,215.0,22.72,22.15,23.65,12.0,6714.0,0.3924621301269531,True,CALL,2026-02-20,BA
BA260220C00220000,220.0,18.57,17.7,18.9,32.0,6636.0,0.3446110461425781,True,CALL,2026-02-20,BA
BA260220C00225000,225.0,14.12,13.8,14.75,52.0,13397.0,0.32355412780761705,True,CALL,2026-02-20,BA
BA260220C00227500,227.5,19.1,12.15,13.05,25.0,32.0,0.32556826782226556,True,CALL,2026-02-20,BA
BA260220C00230000,230.0,10.85,10.3,10.85,74.0,16635.0,0.29895720581054686,True,CALL,2026-02-20,BA
BA260220C00232500,232.5,8.6,9.05,9.4,67.0,65.0,0.3020089331054688,True,CALL,2026-02-20,BA
BA260220C00235000,235.0,7.4,7.55,7.8,174.0,4881.0,0.2924875439453124,True,CALL,2026-02-20,BA
BA260220C00240000,240.0,5.1,5.1,5.35,445.0,6967.0,0.2877268493652343,False,CALL,2026-02-20,BA
BA260220C00242500,242.5,4.21,4.05,4.35,55.0,349.0,0.2858347784423828,False,CALL,2026-02-20,BA
BA260220C00245000,245.0,3.45,3.2,3.4,275.0,3346.0,0.27985339294433587,False,CALL,2026-02-20,BA
BA260220C00247500,247.5,2.63,2.58,2.72,22.0,1431.0,0.2802806347656249,False,CALL,2026-02-20,BA
BA260220C00250000,250.0,2.11,2.02,2.16,958.0,8706.0,0.28113511840820304,False,CALL,2026-02-20,BA
BA260220C00252500,252.5,1.59,1.59,1.71,216.0,216.0,0.2825999475097656,False,CALL,2026-02-20,BA
BA260220C00255000,255.0,1.28,1.17,1.37,558.0,7119.0,0.28601788208007806,False,CALL,2026-02-20,BA
BA260220C00257500,257.5,0.99,0.91,1.17,23.0,1436.0,0.29529513305664057,False,CALL,2026-02-20,BA
BA260220C00260000,260.0,0.75,0.73,0.81,620.0,4693.0,0.28711650390624993,False,CALL,2026-02-20,BA
BA260220C00262500,262.5,0.6,0.57,0.74,42.0,304.0,0.30103238037109376,False,CALL,2026-02-20,BA
BA260220C00265000,265.0,0.51,0.48,0.54,133.0,5644.0,0.29834686035156244,False,CALL,2026-02-20,BA
BA260220C00267500,267.5,0.4,0.35,0.44,12.0,323.0,0.3034737622070312,False,CALL,2026-02-20,BA
BA260220C00270000,270.0,0.34,0.3,0.39,155.0,10058.0,0.313483427734375,False,CALL,2026-02-20,BA
BA260220C00275000,275.0,0.25,0.2,0.26,139.0,7010.0,0.3227606787109374,False,CALL,2026-02-20,BA
BA260220C00280000,280.0,0.18,0.16,0.21,1016.0,1924.0,0.34180345703125,False,CALL,2026-02-20,BA
BA260220C00285000,285.0,0.21,0.11,0.16,8.0,1232.0,0.35596347167968745,False,CALL,2026-02-20,BA
BA260220C00290000,290.0,0.13,0.04,0.32,7.0,2070.0,0.4282283740234375,False,CALL,2026-02-20,BA
BA260220C00295000,295.0,0.2,0.04,0.24,3.0,474.0,0.436529072265625,False,CALL,2026-02-20,BA
BA260220C00300000,300.0,0.08,0.05,0.19,110.0,1601.0,0.44824770507812495,False,CALL,2026-02-20,BA
BA260220P00170000,170.0,0.05,0.02,0.05,11.0,5817.0,0.5039112109375,False,PUT,2026-02-20,BA
BA260220P00175000,175.0,0.04,0.02,0.04,5.0,4258.0,0.47070841796875,False,PUT,2026-02-20,BA
BA260220P00180000,180.0,0.05,0.0,0.12,10.0,6846.0,0.4931691308593751,False,PUT,2026-02-20,BA
BA260220P00185000,185.0,0.06,0.05,0.08,5.0,1594.0,0.42578699218750005,False,PUT,2026-02-20,BA
BA260220P00190000,190.0,0.06,0.06,0.09,44.0,5575.0,0.39063109375,False,PUT,2026-02-20,BA
BA260220P00195000,195.0,0.1,0.1,0.13,3.0,5168.0,0.36817038085937503,False,PUT,2026-02-20,BA
BA260220P00200000,200.0,0.18,0.15,0.18,46.0,4905.0,0.3437565625,False,PUT,2026-02-20,BA
BA260220P00205000,205.0,0.27,0.21,0.33,968.0,3467.0,0.334967587890625,False,PUT,2026-02-20,BA
BA260220P00210000,210.0,0.43,0.32,0.45,52.0,2617.0,0.3078682495117187,False,PUT,2026-02-20,BA
BA260220P00215000,215.0,0.72,0.63,0.85,163.0,6076.0,0.3039620385742187,False,PUT,2026-02-20,BA
BA260220P00220000,220.0,1.26,1.09,1.39,99.0,9563.0,0.2916330603027343,False,PUT,2026-02-20,BA
BA260220P00222500,222.5,1.75,1.55,1.73,10.0,94.0,0.2834544311523437,False,PUT,2026-02-20,BA
BA260220P00225000,225.0,2.18,2.01,2.21,99.0,4533.0,0.2788158056640625,False,PUT,2026-02-20,BA
BA260220P00227500,227.5,2.73,2.6,2.79,52.0,615.0,0.2739330419921875,False,PUT,2026-02-20,BA
BA260220P00230000,230.0,3.43,3.35,3.6,585.0,4163.0,0.27417718017578124,False,PUT,2026-02-20,BA
BA260220P00232500,232.5,4.35,4.15,4.5,315.0,255.0,0.27197993652343744,False,PUT,2026-02-20,BA
BA260220P00235000,235.0,5.32,5.2,5.45,183.0,4588.0,0.2655102746582031,False,PUT,2026-02-20,BA
BA260220P00237500,237.5,6.5,6.3,6.95,19.0,790.0,0.2759471820068359,True,PUT,2026-02-20,BA
BA260220P00240000,240.0,7.8,7.7,8.05,125.0,2371.0,0.26282475463867194,True,PUT,2026-02-20,BA
BA260220P00242500,242.5,9.35,9.2,9.85,16.0,331.0,0.27332269653320307,True,PUT,2026-02-20,BA
BA260220P00245000,245.0,11.5,10.65,11.65,50.0,2408.0,0.278327529296875,True,PUT,2026-02-20,BA
BA260220P00247500,247.5,9.0,12.55,13.75,1.0,382.0,0.2926096130371093,True,PUT,2026-02-20,BA
BA260220P00250000,250.0,15.02,14.2,14.95,51.0,3261.0,0.2528150891113281,True,PUT,2026-02-20,BA
BA260220P00252500,252.5,16.9,15.95,18.4,83.0,508.0,0.3350896569824219,True,PUT,2026-02-20,BA
BA260220P00255000,255.0,19.16,17.85,20.65,4.0,220.0,0.34888346435546874,True,PUT,2026-02-20,BA
BA260220P00257500,257.5,14.45,19.2,23.25,1.0,6.0,0.38147591186523433,True,PUT,2026-02-20,BA
BA260220P00260000,260.0,19.19,21.55,24.85,6.0,192.0,0.3481510498046875,True,PUT,2026-02-20,BA
BA260220P00262500,262.5,20.92,24.15,28.35,2.0,2.0,0.43884838500976564,True,PUT,2026-02-20,BA
BA260220P00265000,265.0,21.4,26.3,31.0,2.0,49.0,0.4730277307128906,True,PUT,2026-02-20,BA
BA260220P00270000,270.0,27.55,31.25,35.6,6.0,21.0,0.49377947631835944,True,PUT,2026-02-20,BA
BA260220P00275000,275.0,60.0,36.2,40.75,1.0,0.0,0.5489547058105471,True,PUT,2026-02-20,BA
BA260220P00280000,280.0,36.55,39.1,47.35,1.0,43.0,0.6987334814453126,True,PUT,2026-02-20,BA
BA260220P00285000,285.0,41.48,44.1,52.35,1.0,0.0,0.7432886999511719,True,PUT,2026-02-20,BA
BA260220P00290000,290.0,41.61,49.1,57.35,1.0,0.0,0.7862570202636718,True,PUT,2026-02-20,BA
BA260220P00295000,295.0,49.55,54.1,62.35,1.0,0.0,0.8277605114746092,True,PUT,2026-02-20,BA
BA260220P00300000,300.0,98.0,91.05,97.35,1.0,0.0,2.1593673945617677,True,PUT,2026-02-20,BA
BA260227C00175000,175.0,74.35,59.7,65.4,,1.0,0.6496617065429688,True,CALL,2026-02-27,BA
BA260227C00180000,180.0,68.04,54.95,61.75,,2.0,0.6999541723632813,True,CALL,2026-02-27,BA
BA260227C00185000,185.0,61.2,49.55,55.5,,0.0,0.5463912548828126,True,CALL,2026-02-27,BA
BA260227C00190000,190.0,61.18,43.8,49.65,1.0,3.0,0.6997100341796876,True,CALL,2026-02-27,BA
BA260227C00195000,195.0,59.17,40.1,44.95,1.0,0.0,0.6607699938964844,True,CALL,2026-02-27,BA
BA260227C00200000,200.0,43.63,35.3,40.15,2.0,13.0,0.6129189099121095,True,CALL,2026-02-27,BA
BA260227C00205000,205.0,33.55,31.0,34.85,1.0,6.0,0.5334519311523438,True,CALL,2026-02-27,BA
BA260227C00210000,210.0,33.0,25.65,30.5,9.0,15.0,0.5100146655273439,True,CALL,2026-02-27,BA
BA260227C00215000,215.0,29.93,21.7,25.3,1.0,101.0,0.43671217590332034,True,CALL,2026-02-27,BA
BA260227C00220000,220.0,19.3,18.05,19.85,5.0,35.0,0.3513248461914062,True,CALL,2026-02-27,BA
BA260227C00225000,225.0,20.0,15.0,16.25,9.0,113.0,0.34992105163574216,True,CALL,2026-02-27,BA
BA260227C00230000,230.0,11.6,11.4,12.45,27.0,50.0,0.3253851641845703,True,CALL,2026-02-27,BA
BA260227C00235000,235.0,8.5,8.25,9.4,174.0,71.0,0.3157417059326171,True,CALL,2026-02-27,BA
BA260227C00240000,240.0,6.15,5.9,6.6,31.0,130.0,0.2985299639892578,False,CALL,2026-02-27,BA
BA260227C00245000,245.0,4.27,4.05,4.75,23.0,97.0,0.2991403094482421,False,CALL,2026-02-27,BA
BA260227C00250000,250.0,2.78,2.51,3.1,164.0,460.0,0.28967995483398434,False,CALL,2026-02-27,BA
BA260227C00255000,255.0,1.87,1.62,2.15,12.0,149.0,0.2941965112304687,False,CALL,2026-02-27,BA
BA260227C00260000,260.0,1.26,1.1,1.4,9.0,193.0,0.2941965112304687,False,CALL,2026-02-27,BA
BA260227C00265000,265.0,1.8,0.71,1.2,4.0,83.0,0.319220675048828,False,CALL,2026-02-27,BA
BA260227C00270000,270.0,0.48,0.48,0.93,19.0,90.0,0.3332586206054688,False,CALL,2026-02-27,BA
BA260227C00275000,275.0,0.48,0.41,0.67,6.0,98.0,0.3403386279296875,False,CALL,2026-02-27,BA
BA260227C00280000,280.0,0.33,0.11,0.66,2.0,34.0,0.370123486328125,False,CALL,2026-02-27,BA
BA260227C00285000,285.0,0.21,0.09,0.49,3.0,31.0,0.3767152172851562,False,CALL,2026-02-27,BA
BA260227C00290000,290.0,0.89,0.0,4.45,2.0,31.0,0.5721478332519532,False,CALL,2026-02-27,BA
BA260227C00295000,295.0,0.78,0.0,0.95,24.0,39.0,0.49219257812500006,False,CALL,2026-02-27,BA
BA260227C00300000,300.0,0.26,0.0,4.35,32.0,20.0,0.6334265173339844,False,CALL,2026-02-27,BA
BA260227P00170000,170.0,0.06,0.0,1.48,52.0,32.0,0.684573466796875,False,PUT,2026-02-27,BA
BA260227P00180000,180.0,0.11,0.0,4.45,8.0,4.0,0.7592797509765626,False,PUT,2026-02-27,BA
BA260227P00195000,195.0,0.21,0.0,1.51,1.0,2.0,0.5252733020019531,False,PUT,2026-02-27,BA
BA260227P00200000,200.0,0.4,0.0,1.5,2.0,81.0,0.47192910888671874,False,PUT,2026-02-27,BA
BA260227P00205000,205.0,0.01,0.0,2.6,1.0,5.0,0.4993946545410156,False,PUT,2026-02-27,BA
BA260227P00210000,210.0,0.86,0.7,0.88,6.0,44.0,0.31629101684570304,False,PUT,2026-02-27,BA
BA260227P00215000,215.0,0.82,1.11,1.27,1.0,86.0,0.2990792749023437,False,PUT,2026-02-27,BA
BA260227P00220000,220.0,1.89,1.75,2.03,19.0,121.0,0.29321995849609367,False,PUT,2026-02-27,BA
BA260227P00225000,225.0,2.9,2.67,3.2,33.0,118.0,0.29090064575195307,False,PUT,2026-02-27,BA
BA260227P00230000,230.0,4.5,4.05,4.85,7.0,146.0,0.290473403930664,False,PUT,2026-02-27,BA
BA260227P00235000,235.0,6.47,6.0,7.3,31.0,90.0,0.30145962219238287,False,PUT,2026-02-27,BA
BA260227P00240000,240.0,8.5,8.5,9.3,21.0,88.0,0.27686270019531245,True,PUT,2026-02-27,BA
BA260227P00245000,245.0,8.13,11.5,12.95,1.0,37.0,0.295905478515625,True,PUT,2026-02-27,BA
BA260227P00250000,250.0,15.21,15.2,15.75,23.0,61.0,0.260749580078125,True,PUT,2026-02-27,BA
BA260227P00255000,255.0,13.85,18.15,21.45,4.0,111.0,0.344733115234375,True,PUT,2026-02-27,BA
BA260227P00260000,260.0,24.19,22.5,25.95,1.0,86.0,0.36743796630859377,True,PUT,2026-02-27,BA
BA260227P00265000,265.0,20.85,27.05,30.15,2.0,4.0,0.3645083081054688,True,PUT,2026-02-27,BA
BA260227P00280000,280.0,37.15,39.3,47.2,,10.0,0.6036416589355471,True,PUT,2026-02-27,BA
BA260306C00205000,205.0,33.6,30.85,35.55,2.0,2.0,0.5181932946777343,True,CALL,2026-03-06,BA
BA260306C00215000,215.0,24.07,22.35,24.65,3.0,101.0,0.3619448571777344,True,CALL,2026-03-06,BA
BA260306C00220000,220.0,20.41,18.35,21.4,44.0,19.0,0.38294074096679687,True,CALL,2026-03-06,BA
BA260306C00225000,225.0,16.5,15.75,16.75,32.0,18.0,0.3343572424316406,True,CALL,2026-03-06,BA
BA260306C00230000,230.0,13.0,12.2,13.5,48.0,15.0,0.3300237896728515,True,CALL,2026-03-06,BA
BA260306C00235000,235.0,10.0,9.2,10.65,3.0,21.0,0.32617861328125,True,CALL,2026-03-06,BA
BA260306C00245000,245.0,6.65,4.85,6.05,73.0,72.0,0.3149482568359374,False,CALL,2026-03-06,BA
BA260306C00250000,250.0,3.85,3.45,4.05,69.0,48.0,0.2980416876220703,False,CALL,2026-03-06,BA
BA260306C00255000,255.0,2.95,2.5,3.2,4.0,163.0,0.3117744604492187,False,CALL,2026-03-06,BA
BA260306C00260000,260.0,1.8,1.7,2.11,114.0,60.0,0.30359583129882806,False,CALL,2026-03-06,BA
BA260306C00265000,265.0,1.33,1.08,1.72,5.0,2.0,0.3198310205078124,False,CALL,2026-03-06,BA
BA260306C00270000,270.0,0.85,0.65,1.0,2.0,23.0,0.3055489367675781,False,CALL,2026-03-06,BA
BA260306C00275000,275.0,0.75,0.38,0.92,5.0,6.0,0.32959654785156245,False,CALL,2026-03-06,BA
BA260306P00215000,215.0,1.7,1.49,1.75,12.0,23.0,0.29895720581054686,False,PUT,2026-03-06,BA
BA260306P00220000,220.0,2.55,2.22,2.9,17.0,81.0,0.3057930749511719,False,PUT,2026-03-06,BA
BA260306P00225000,225.0,3.26,3.15,4.2,154.0,235.0,0.3020699676513672,False,PUT,2026-03-06,BA
BA260306P00230000,230.0,5.25,4.6,5.9,2.0,245.0,0.29895720581054686,False,PUT,2026-03-06,BA
BA260306P00245000,245.0,13.08,12.15,13.9,7.0,47.0,0.2998727239990234,True,PUT,2026-03-06,BA
BA260306P00250000,250.0,11.05,15.65,17.35,67.0,74.0,0.29871306762695304,True,PUT,2026-03-06,BA
BA260306P00255000,255.0,15.33,17.3,21.85,2.0,3.0,0.32721620056152345,True,PUT,2026-03-06,BA
BA260306P00260000,260.0,22.81,23.35,25.75,2.0,46.0,0.32129584960937496,True,PUT,2026-03-06,BA
BA260306P00290000,290.0,51.5,50.8,55.95,30.0,0.0,0.5427291821289064,True,PUT,2026-03-06,BA
BA260306P00295000,295.0,56.5,55.55,62.35,30.0,0.0,0.6527134338378908,True,PUT,2026-03-06,BA
BA260320C00170000,170.0,82.0,65.3,70.4,16.0,630.0,0.5734905932617188,True,CALL,2026-03-20,BA
BA260320C00175000,175.0,76.55,60.35,65.5,2.0,190.0,0.5397995239257813,True,CALL,2026-03-20,BA
BA260320C00180000,180.0,74.19,55.45,58.2,6.0,1781.0,0.5239305419921875,True,CALL,2026-03-20,BA
BA260320C00185000,185.0,54.05,50.8,55.0,15.0,530.0,0.6041299353027345,True,CALL,2026-03-20,BA
BA260320C00190000,190.0,51.72,46.0,50.15,2.0,865.0,0.5647016186523439,True,CALL,2026-03-20,BA
BA260320C00195000,195.0,48.0,43.35,44.65,4.0,847.0,0.49060567993164067,True,CALL,2026-03-20,BA
BA260320C00200000,200.0,39.33,38.7,39.45,6.0,1820.0,0.43445389770507814,True,CALL,2026-03-20,BA
BA260320C00205000,205.0,34.64,34.0,35.15,64.0,1957.0,0.4231625067138671,True,CALL,2026-03-20,BA
BA260320C00210000,210.0,30.09,28.7,30.35,8.0,3773.0,0.38477177734374995,True,CALL,2026-03-20,BA
BA260320C00215000,215.0,25.71,25.25,26.1,18.0,2864.0,0.3660952062988281,True,CALL,2026-03-20,BA
BA260320C00220000,220.0,21.41,21.0,22.05,46.0,7185.0,0.34882242980957034,True,CALL,2026-03-20,BA
BA260320C00225000,225.0,17.78,17.05,18.4,17.0,2033.0,0.3375920733642578,True,CALL,2026-03-20,BA
BA260320C00230000,230.0,14.5,14.5,14.8,147.0,4514.0,0.31976998596191397,True,CALL,2026-03-20,BA
BA260320C00235000,235.0,11.35,11.4,11.85,108.0,1622.0,0.3120796331787109,True,CALL,2026-03-20,BA
BA260320C00240000,240.0,9.1,8.9,9.3,1224.0,3355.0,0.30573204040527346,False,CALL,2026-03-20,BA
BA260320C00245000,245.0,6.95,6.8,7.2,195.0,2487.0,0.3020089331054688,False,CALL,2026-03-20,BA
BA260320C00250000,250.0,5.22,5.1,5.35,737.0,3864.0,0.2952340985107421,False,CALL,2026-03-20,BA
BA260320C00255000,255.0,3.97,3.85,3.95,2200.0,1286.0,0.2919992675781249,False,CALL,2026-03-20,BA
BA260320C00260000,260.0,2.92,2.83,2.98,1722.0,2018.0,0.2941354766845703,False,CALL,2026-03-20,BA
BA260320C00265000,265.0,2.04,1.98,2.27,441.0,1901.0,0.29822479125976553,False,CALL,2026-03-20,BA
BA260320C00270000,270.0,1.5,1.46,1.7,362.0,9154.0,0.3011544494628906,False,CALL,2026-03-20,BA
BA260320C00275000,275.0,1.13,1.1,1.33,194.0,1910.0,0.30799031860351556,False,CALL,2026-03-20,BA
BA260320C00280000,280.0,0.88,0.84,1.01,43.0,2276.0,0.3122627368164062,False,CALL,2026-03-20,BA
BA260320C00285000,285.0,0.7,0.64,0.77,129.0,913.0,0.31677929321289056,False,CALL,2026-03-20,BA
BA260320C00290000,290.0,0.86,0.46,0.66,1.0,434.0,0.3286199951171874,False,CALL,2026-03-20,BA
BA260320C00295000,295.0,0.45,0.37,0.5,39.0,8707.0,0.3320379296875,False,CALL,2026-03-20,BA
BA260320C00300000,300.0,0.35,0.32,0.48,312.0,3113.0,0.34961587890624996,False,CALL,2026-03-20,BA
BA260320C00305000,305.0,0.36,0.09,0.59,19.0,303.0,0.3830628100585937,False,CALL,2026-03-20,BA
BA260320P00170000,170.0,0.2,0.13,0.23,5.0,991.0,0.4292049267578125,False,PUT,2026-03-20,BA
BA260320P00175000,175.0,0.17,0.04,0.18,34.0,1076.0,0.38184211914062494,False,PUT,2026-03-20,BA
BA260320P00180000,180.0,0.25,0.15,0.23,1.0,2370.0,0.36426416992187505,False,PUT,2026-03-20,BA
BA260320P00185000,185.0,0.37,0.25,0.39,2.0,850.0,0.3632876171875,False,PUT,2026-03-20,BA
BA260320P00190000,190.0,0.52,0.31,0.47,41.0,1689.0,0.34180345703125,False,PUT,2026-03-20,BA
BA260320P00195000,195.0,0.66,0.59,0.73,6.0,983.0,0.33765310791015624,False,PUT,2026-03-20,BA
BA260320P00200000,200.0,0.92,0.84,1.01,59.0,2872.0,0.32617861328125,False,PUT,2026-03-20,BA
BA260320P00205000,205.0,1.34,1.21,1.42,46.0,1184.0,0.31690136230468746,False,PUT,2026-03-20,BA
BA260320P00210000,210.0,1.9,1.69,1.97,43.0,1634.0,0.30762411132812495,False,PUT,2026-03-20,BA
BA260320P00215000,215.0,2.61,2.32,2.71,256.0,1723.0,0.29871306762695304,False,PUT,2026-03-20,BA
BA260320P00220000,220.0,3.55,3.4,3.65,65.0,3936.0,0.288947540283203,False,PUT,2026-03-20,BA
BA260320P00225000,225.0,4.9,4.65,5.0,113.0,1192.0,0.2836985693359374,False,PUT,2026-03-20,BA
BA260320P00230000,230.0,6.6,6.2,6.55,1278.0,2257.0,0.27411614562988285,False,PUT,2026-03-20,BA
BA260320P00235000,235.0,8.55,8.25,8.65,105.0,1803.0,0.26978269287109374,False,PUT,2026-03-20,BA
BA260320P00240000,240.0,10.95,10.8,11.4,555.0,687.0,0.272193557434082,True,PUT,2026-03-20,BA
BA260320P00245000,245.0,14.05,13.6,14.35,92.0,886.0,0.2688061401367187,True,PUT,2026-03-20,BA
BA260320P00250000,250.0,17.45,16.9,17.85,27.0,551.0,0.27057614196777346,True,PUT,2026-03-20,BA
BA260320P00255000,255.0,18.35,20.5,22.25,1.0,147.0,0.29267064758300776,True,PUT,2026-03-20,BA
BA260320P00260000,260.0,23.03,24.55,26.2,15.0,126.0,0.29175512939453113,True,PUT,2026-03-20,BA
BA260320P00265000,265.0,19.72,26.85,31.05,2.0,51.0,0.3198310205078124,True,PUT,2026-03-20,BA
BA260320P00270000,270.0,21.88,33.55,35.3,8.0,37.0,0.3173286041259765,True,PUT,2026-03-20,BA
BA260320P00275000,275.0,33.65,36.45,40.45,3.0,46.0,0.3541324353027343,True,PUT,2026-03-20,BA
BA260320P00280000,280.0,41.0,41.55,45.05,1.0,37.0,0.3606020971679687,True,PUT,2026-03-20,BA
BA260320P00285000,285.0,44.02,44.35,52.45,2.0,53.0,0.503483969116211,True,PUT,2026-03-20,BA
BA260320P00290000,290.0,43.41,49.1,55.9,50.0,35.0,0.4598442687988281,True,PUT,2026-03-20,BA
BA260320P00295000,295.0,50.42,54.1,62.35,10.0,40.0,0.5559736785888674,True,PUT,2026-03-20,BA
BA260320P00300000,300.0,59.0,59.1,65.9,1.0,1.0,0.5109912182617188,True,PUT,2026-03-20,BA
BA260417C00175000,175.0,78.78,61.1,66.35,3.0,2.0,0.6289709954833984,True,CALL,2026-04-17,BA
BA260417C00195000,195.0,44.79,43.45,47.2,5.0,7.0,0.49432878723144535,True,CALL,2026-04-17,BA
BA260417C00200000,200.0,42.96,38.05,42.8,7.0,67.0,0.4727835925292969,True,CALL,2026-04-17,BA
BA260417C00205000,205.0,42.5,34.05,38.45,12.0,20.0,0.4505670178222656,True,CALL,2026-04-17,BA
BA260417C00210000,210.0,31.7,30.95,32.55,9.0,197.0,0.37982797912597654,True,CALL,2026-04-17,BA
BA260417C00215000,215.0,29.27,26.9,28.65,1.0,60.0,0.36853658813476564,True,CALL,2026-04-17,BA
BA260417C00220000,220.0,24.29,23.6,24.55,5.0,136.0,0.3474186352539062,True,CALL,2026-04-17,BA
BA260417C00225000,225.0,20.4,19.85,21.3,69.0,362.0,0.3435734588623046,True,CALL,2026-04-17,BA
BA260417C00230000,230.0,18.07,16.55,18.05,2.0,66.0,0.3338079315185547,True,CALL,2026-04-17,BA
BA260417C00235000,235.0,14.58,13.9,15.35,62.0,104.0,0.3309698251342773,True,CALL,2026-04-17,BA
BA260417C00240000,240.0,12.15,11.75,12.55,198.0,476.0,0.3197089514160155,False,CALL,2026-04-17,BA
BA260417C00245000,245.0,9.8,9.6,10.3,190.0,374.0,0.3147041186523437,False,CALL,2026-04-17,BA
BA260417C00250000,250.0,8.1,7.75,8.3,65.0,690.0,0.3090889404296875,False,CALL,2026-04-17,BA
BA260417C00255000,255.0,6.55,6.3,6.6,21.0,206.0,0.3042672113037109,False,CALL,2026-04-17,BA
BA260417C00260000,260.0,5.07,5.05,5.25,395.0,363.0,0.3019478985595704,False,CALL,2026-04-17,BA
BA260417C00265000,265.0,4.05,3.8,4.25,9.0,268.0,0.3034737622070312,False,CALL,2026-04-17,BA
BA260417C00270000,270.0,3.22,3.1,3.35,28.0,350.0,0.30261927856445314,False,CALL,2026-04-17,BA
BA260417C00275000,275.0,2.66,2.41,2.81,8.0,133.0,0.3089668713378906,False,CALL,2026-04-17,BA
BA260417C00280000,280.0,2.04,1.69,2.22,15.0,159.0,0.30933307861328124,False,CALL,2026-04-17,BA
BA260417C00285000,285.0,1.73,1.48,2.16,1.0,91.0,0.3286199951171874,False,CALL,2026-04-17,BA
BA260417C00290000,290.0,1.48,1.05,1.67,4.0,279.0,0.32636171691894533,False,CALL,2026-04-17,BA
BA260417C00295000,295.0,1.36,0.29,1.41,1.0,147.0,0.33179379150390625,False,CALL,2026-04-17,BA
BA260417C00300000,300.0,1.13,0.6,1.0,31.0,211.0,0.32434757690429683,False,CALL,2026-04-17,BA
BA260417C00305000,305.0,1.77,0.0,0.8,1.0,4.0,0.32617861328125,False,CALL,2026-04-17,BA
BA260417P00175000,175.0,0.53,0.0,1.15,1.0,121.0,0.42896078857421877,False,PUT,2026-04-17,BA
BA260417P00180000,180.0,0.55,0.0,0.6,2.0,7.0,0.3455875988769531,False,PUT,2026-04-17,BA
BA260417P00190000,190.0,1.0,0.7,1.12,3.0,57.0,0.3306951696777344,False,PUT,2026-04-17,BA
BA260417P00195000,195.0,1.41,1.03,1.65,1.0,37.0,0.33161068786621095,False,PUT,2026-04-17,BA
BA260417P00200000,200.0,1.4,1.05,2.27,3.0,71.0,0.32874206420898433,False,PUT,2026-04-17,BA
BA260417P00205000,205.0,2.53,2.27,2.78,5.0,66.0,0.31500929138183587,False,PUT,2026-04-17,BA
BA260417P00210000,210.0,3.4,2.86,3.6,5.0,168.0,0.308051353149414,False,PUT,2026-04-17,BA
BA260417P00215000,215.0,4.38,4.05,4.6,9.0,196.0,0.30084927673339845,False,PUT,2026-04-17,BA
BA260417P00220000,220.0,5.5,5.05,5.7,26.0,390.0,0.29041236938476556,False,PUT,2026-04-17,BA
BA260417P00225000,225.0,6.8,6.75,7.9,64.0,210.0,0.3019478985595704,False,PUT,2026-04-17,BA
BA260417P00230000,230.0,9.21,8.5,9.6,8.0,146.0,0.2929758203124999,False,PUT,2026-04-17,BA
BA260417P00235000,235.0,10.95,10.3,11.2,179.0,141.0,0.2752452847290039,False,PUT,2026-04-17,BA
BA260417P00240000,240.0,13.45,13.1,14.05,189.0,165.0,0.2791820129394531,True,PUT,2026-04-17,BA
BA260417P00245000,245.0,16.25,16.05,17.2,141.0,266.0,0.28278305114746094,True,PUT,2026-04-17,BA
BA260417P00250000,250.0,19.15,18.85,19.75,24.0,216.0,0.2649304464721679,True,PUT,2026-04-17,BA
BA260417P00255000,255.0,19.7,21.7,24.35,10.0,54.0,0.29077857666015616,True,PUT,2026-04-17,BA
BA260417P00260000,260.0,25.3,25.8,28.65,22.0,85.0,0.30524376403808595,True,PUT,2026-04-17,BA
BA260417P00265000,265.0,25.05,29.2,31.7,2.0,22.0,0.27814442565917963,True,PUT,2026-04-17,BA
BA260417P00270000,270.0,33.1,32.95,36.5,2.0,14.0,0.29834686035156244,True,PUT,2026-04-17,BA
BA260417P00275000,275.0,31.22,37.6,41.05,,1.0,0.3075630767822265,True,PUT,2026-04-17,BA
BA260417P00280000,280.0,37.1,41.35,45.65,2.0,11.0,0.3154975677490234,True,PUT,2026-04-17,BA
BA260417P00285000,285.0,39.6,46.4,50.45,2.0,2.0,0.32910827148437494,True,PUT,2026-04-17,BA
BA260417P00290000,290.0,49.45,51.2,55.3,100.0,102.0,0.34326828613281246,True,PUT,2026-04-17,BA
BA260515C00170000,170.0,81.5,66.95,71.85,1.0,250.0,0.5976602734375001,True,CALL,2026-05-15,BA
BA260515C00175000,175.0,66.25,62.45,67.05,4.0,124.0,0.5671430004882813,True,CALL,2026-05-15,BA
BA260515C00180000,180.0,63.7,57.75,61.5,1.0,154.0,0.5095263891601562,True,CALL,2026-05-15,BA
BA260515C00185000,185.0,60.5,53.25,57.9,6.0,312.0,0.5210008837890624,True,CALL,2026-05-15,BA
BA260515C00190000,190.0,51.18,48.5,53.3,3.0,363.0,0.49573258178710944,True,CALL,2026-05-15,BA
BA260515C00195000,195.0,52.17,45.3,49.3,1.0,290.0,0.486882572631836,True,CALL,2026-05-15,BA
BA260515C00200000,200.0,42.3,41.5,43.3,14.0,477.0,0.4204159521484375,True,CALL,2026-05-15,BA
BA260515C00205000,205.0,36.8,37.1,40.15,10.0,388.0,0.4315242395019532,True,CALL,2026-05-15,BA
BA260515C00210000,210.0,34.5,33.2,35.0,4.0,591.0,0.3883117810058594,True,CALL,2026-05-15,BA
BA260515C00215000,215.0,35.95,29.65,31.5,28.0,3907.0,0.38355108642578123,True,CALL,2026-05-15,BA
BA260515C00220000,220.0,27.3,26.15,27.85,25.0,2406.0,0.37152728088378906,True,CALL,2026-05-15,BA
BA260515C00225000,225.0,23.95,23.2,24.7,8.0,2030.0,0.36652244812011714,True,CALL,2026-05-15,BA
BA260515C00230000,230.0,21.1,19.6,21.55,16.0,3596.0,0.35748933532714844,True,CALL,2026-05-15,BA
BA260515C00235000,235.0,18.6,18.0,18.75,26.0,3947.0,0.3514163980102538,True,CALL,2026-05-15,BA
BA260515C00240000,240.0,15.75,15.6,16.2,77.0,2652.0,0.3460758752441406,False,CALL,2026-05-15,BA
BA260515C00245000,245.0,13.54,13.25,13.9,44.0,2214.0,0.341376215209961,False,CALL,2026-05-15,BA
BA260515C00250000,250.0,11.39,11.25,12.0,188.0,5111.0,0.34030811065673827,False,CALL,2026-05-15,BA
BA260515C00255000,255.0,9.75,9.5,10.15,12.0,610.0,0.33612724426269536,False,CALL,2026-05-15,BA
BA260515C00260000,260.0,8.25,8.0,8.4,57.0,4540.0,0.32971861694335935,False,CALL,2026-05-15,BA
BA260515C00265000,265.0,6.9,6.5,7.1,15.0,4570.0,0.3288030987548828,False,CALL,2026-05-15,BA
BA260515C00270000,270.0,5.95,5.6,5.95,14.0,2108.0,0.3274908560180664,False,CALL,2026-05-15,BA
BA260515C00275000,275.0,4.7,4.5,5.05,8.0,163.0,0.32865051239013665,False,CALL,2026-05-15,BA
BA260515C00280000,280.0,3.9,3.75,4.15,19.0,1138.0,0.3262396478271484,False,CALL,2026-05-15,BA
BA260515C00285000,285.0,4.0,3.05,3.45,1.0,175.0,0.3259955096435546,False,CALL,2026-05-15,BA
BA260515C00290000,290.0,2.64,2.57,3.0,11.0,387.0,0.3306341351318359,False,CALL,2026-05-15,BA
BA260515C00295000,295.0,2.19,2.12,2.54,2.0,186.0,0.33246517150878907,False,CALL,2026-05-15,BA
BA260515C00300000,300.0,1.9,1.72,2.01,55.0,14521.0,0.3284979260253906,False,CALL,2026-05-15,BA
BA260515C00305000,305.0,1.44,1.34,1.69,2.0,165.0,0.33020689331054687,False,CALL,2026-05-15,BA
BA260515P00170000,170.0,0.75,0.44,0.99,3.0,3654.0,0.3845276391601562,False,PUT,2026-05-15,BA
BA260515P00175000,175.0,0.95,0.82,1.19,1.0,688.0,0.3714662463378906,False,PUT,2026-05-15,BA
BA260515P00180000,180.0,1.25,1.15,1.66,10.0,1289.0,0.372076591796875,False,PUT,2026-05-15,BA
BA260515P00185000,185.0,1.5,1.38,1.9,1.0,2129.0,0.35535312622070303,False,PUT,2026-05-15,BA
BA260515P00190000,190.0,2.03,1.96,2.08,122.0,736.0,0.33411310424804685,False,PUT,2026-05-15,BA
BA260515P00195000,195.0,2.59,2.49,2.73,37.0,3408.0,0.3309393078613281,False,PUT,2026-05-15,BA
BA260515P00200000,200.0,3.3,3.2,3.4,32.0,1121.0,0.32349309326171866,False,PUT,2026-05-15,BA
BA260515P00205000,205.0,4.18,4.0,4.3,17.0,521.0,0.31891550231933585,False,PUT,2026-05-15,BA
BA260515P00210000,210.0,5.25,4.95,5.45,15.0,872.0,0.31629101684570304,False,PUT,2026-05-15,BA
BA260515P00215000,215.0,5.5,6.1,7.05,1.0,3359.0,0.3195563650512695,False,PUT,2026-05-15,BA
BA260515P00220000,220.0,8.05,7.8,8.55,86.0,1342.0,0.3147041186523437,False,PUT,2026-05-15,BA
BA260515P00225000,225.0,9.89,9.45,10.25,88.0,2214.0,0.30939411315917964,False,PUT,2026-05-15,BA
BA260515P00230000,230.0,11.6,11.35,11.8,65.0,4857.0,0.2963632376098633,False,PUT,2026-05-15,BA
BA260515P00235000,235.0,13.89,13.6,14.1,32.0,1541.0,0.293677717590332,False,PUT,2026-05-15,BA
BA260515P00240000,240.0,16.6,16.1,17.25,13.0,293.0,0.30249720947265624,True,PUT,2026-05-15,BA
BA260515P00245000,245.0,19.7,18.8,20.0,7.0,207.0,0.29849944671630857,True,PUT,2026-05-15,BA
BA260515P00250000,250.0,21.85,21.75,22.65,3.0,581.0,0.28745219390869137,True,PUT,2026-05-15,BA
BA260515P00255000,255.0,23.01,24.2,26.25,2.0,1244.0,0.29077857666015616,True,PUT,2026-05-15,BA
BA260515P00260000,260.0,21.52,27.8,29.7,5.0,39.0,0.2863230548095703,True,PUT,2026-05-15,BA
BA260515P00265000,265.0,32.55,31.3,33.35,2.0,1435.0,0.28125718749999995,True,PUT,2026-05-15,BA
BA260515P00270000,270.0,32.07,35.5,38.1,1.0,81.0,0.2995065167236328,True,PUT,2026-05-15,BA
BA260515P00275000,275.0,37.05,38.35,42.1,2.0,66.0,0.2955392712402344,True,PUT,2026-05-15,BA
BA260515P00280000,280.0,37.85,42.35,47.15,2.0,20.0,0.31830515686035155,True,PUT,2026-05-15,BA
BA260515P00285000,285.0,43.75,47.8,51.6,1.0,4.0,0.3220282641601562,True,PUT,2026-05-15,BA
BA260515P00290000,290.0,49.8,52.45,55.6,1.0,26.0,0.30664755859375,True,PUT,2026-05-15,BA
BA260515P00295000,295.0,63.2,70.6,76.8,,21.0,0.6608005111694336,True,PUT,2026-05-15,BA
BA260515P00300000,300.0,56.4,62.2,65.95,10.0,6.0,0.35480381530761707,True,PUT,2026-05-15,BA
BA260515P00305000,305.0,88.9,119.95,125.25,,0.0,1.4839198167419434,True,PUT,2026-05-15,BA
BA260618C00170000,170.0,72.32,69.4,72.05,40.0,388.0,0.5274095111083985,True,CALL,2026-06-18,BA
BA260618C00175000,175.0,74.9,64.35,67.0,9.0,239.0,0.4923756817626954,True,CALL,2026-06-18,BA
BA260618C00180000,180.0,61.65,60.1,63.15,4.0,1600.0,0.49451189086914066,True,CALL,2026-06-18,BA
BA260618C00185000,185.0,61.38,55.5,58.15,1.0,642.0,0.4609123733520508,True,CALL,2026-06-18,BA
BA260618C00190000,190.0,52.48,50.95,54.75,3.0,399.0,0.46973186523437505,True,CALL,2026-06-18,BA
BA260618C00195000,195.0,55.1,46.75,50.55,3.0,456.0,0.4545952978515625,True,CALL,2026-06-18,BA
BA260618C00200000,200.0,43.9,44.05,45.25,28.0,2101.0,0.4126645648193359,True,CALL,2026-06-18,BA
BA260618C00205000,205.0,48.35,39.3,42.3,7.0,173.0,0.42282681671142575,True,CALL,2026-06-18,BA
BA260618C00210000,210.0,37.0,35.45,37.35,6.0,870.0,0.3875183319091796,True,CALL,2026-06-18,BA
BA260618C00215000,215.0,35.5,32.0,33.95,11.0,737.0,0.3825134991455078,True,CALL,2026-06-18,BA
BA260618C00220000,220.0,29.65,28.8,30.25,9.0,3186.0,0.3688417608642578,True,CALL,2026-06-18,BA
BA260618C00225000,225.0,26.7,26.0,27.4,8.0,787.0,0.3681093463134766,True,CALL,2026-06-18,BA
BA260618C00230000,230.0,23.62,23.15,24.35,17.0,1314.0,0.3605410626220703,True,CALL,2026-06-18,BA
BA260618C00235000,235.0,21.34,20.8,21.6,47.0,594.0,0.35513950531005856,True,CALL,2026-06-18,BA
BA260618C00240000,240.0,18.5,18.25,18.9,102.0,1955.0,0.3474796697998046,False,CALL,2026-06-18,BA
BA260618C00245000,245.0,16.2,15.8,16.8,36.0,1061.0,0.3468998416137695,False,CALL,2026-06-18,BA
BA260618C00250000,250.0,14.04,14.1,14.55,73.0,4146.0,0.34058276611328125,False,CALL,2026-06-18,BA
BA260618C00255000,255.0,13.53,11.95,12.95,10.0,2628.0,0.34241380249023434,False,CALL,2026-06-18,BA
BA260618C00260000,260.0,10.6,10.45,11.0,45.0,1387.0,0.3349981051635742,False,CALL,2026-06-18,BA
BA260618C00265000,265.0,9.2,9.2,9.6,6.0,1085.0,0.33444879425048823,False,CALL,2026-06-18,BA
BA260618C00270000,270.0,8.05,7.8,8.6,29.0,2478.0,0.3388127642822265,False,CALL,2026-06-18,BA
BA260618C00275000,275.0,6.75,6.6,7.1,58.0,2323.0,0.33054258331298825,False,CALL,2026-06-18,BA
BA260618C00280000,280.0,5.86,5.6,6.2,214.0,2101.0,0.3316717224121094,False,CALL,2026-06-18,BA
BA260618C00285000,285.0,5.65,4.8,5.5,1.0,325.0,0.3350286224365234,False,CALL,2026-06-18,BA
BA260618C00290000,290.0,4.9,4.2,4.7,5.0,769.0,0.33374689697265625,False,CALL,2026-06-18,BA
BA260618C00295000,295.0,3.8,3.55,4.0,6.0,337.0,0.33246517150878907,False,CALL,2026-06-18,BA
BA260618C00300000,300.0,3.25,3.1,3.4,553.0,3858.0,0.33148861877441405,False,CALL,2026-06-18,BA
BA260618C00305000,305.0,3.2,2.66,3.0,7.0,27.0,0.334418276977539,False,CALL,2026-06-18,BA
BA260618P00170000,170.0,1.31,1.07,1.53,3.0,1442.0,0.36939107177734376,False,PUT,2026-06-18,BA
BA260618P00175000,175.0,1.57,1.36,1.88,3.0,392.0,0.36133451171875,False,PUT,2026-06-18,BA
BA260618P00180000,180.0,2.01,1.9,2.13,17.0,2217.0,0.3460758752441406,False,PUT,2026-06-18,BA
BA260618P00185000,185.0,2.48,2.22,2.81,1.0,1140.0,0.3461979443359374,False,PUT,2026-06-18,BA
BA260618P00190000,190.0,2.49,2.41,3.3,27.0,2380.0,0.3352727606201171,False,PUT,2026-06-18,BA
BA260618P00195000,195.0,3.3,3.65,4.0,20.0,1306.0,0.32831482238769527,False,PUT,2026-06-18,BA
BA260618P00200000,200.0,4.78,4.6,4.95,42.0,4389.0,0.3248968878173828,False,PUT,2026-06-18,BA
BA260618P00205000,205.0,6.05,5.55,6.0,3.0,613.0,0.320044641418457,False,PUT,2026-06-18,BA
BA260618P00210000,210.0,6.9,6.7,7.5,8.0,3624.0,0.3214789532470703,False,PUT,2026-06-18,BA
BA260618P00215000,215.0,8.3,8.1,8.25,20.0,615.0,0.30322962402343745,False,PUT,2026-06-18,BA
BA260618P00220000,220.0,9.9,9.35,10.2,34.0,2035.0,0.30597617858886716,False,PUT,2026-06-18,BA
BA260618P00225000,225.0,12.18,11.25,12.0,11.0,916.0,0.30152065673828127,False,PUT,2026-06-18,BA
BA260618P00230000,230.0,13.6,13.15,14.2,16.0,978.0,0.30039151763916017,False,PUT,2026-06-18,BA
BA260618P00235000,235.0,15.8,15.25,16.15,13.0,461.0,0.2910532321166991,False,PUT,2026-06-18,BA
BA260618P00240000,240.0,18.45,18.05,19.6,13.0,471.0,0.30356531402587883,True,PUT,2026-06-18,BA
BA260618P00245000,245.0,21.05,20.6,21.75,2.0,598.0,0.2900766793823242,True,PUT,2026-06-18,BA
BA260618P00250000,250.0,23.75,23.65,24.8,21.0,429.0,0.28815409118652335,True,PUT,2026-06-18,BA
BA260618P00255000,255.0,27.57,26.5,28.75,52.0,600.0,0.29862151580810536,True,PUT,2026-06-18,BA
BA260618P00260000,260.0,26.11,29.55,32.0,1.0,123.0,0.29328099304199207,True,PUT,2026-06-18,BA
BA260618P00265000,265.0,28.33,32.75,35.3,47.0,104.0,0.28494977752685535,True,PUT,2026-06-18,BA
BA260618P00270000,270.0,35.25,36.55,39.2,2.0,1439.0,0.2847666738891601,True,PUT,2026-06-18,BA
BA260618P00275000,275.0,35.7,40.6,43.85,140.0,221.0,0.29801117034912106,True,PUT,2026-06-18,BA
BA260618P00280000,280.0,41.2,44.95,48.0,2.0,100.0,0.2981637567138671,True,PUT,2026-06-18,BA
BA260618P00285000,285.0,49.3,49.2,52.6,2.0,1.0,0.30676962768554683,True,PUT,2026-06-18,BA
BA260618P00290000,290.0,47.4,53.1,56.85,22.0,36.0,0.30438928039550783,True,PUT,2026-06-18,BA
BA260618P00295000,295.0,50.65,57.8,61.15,10.0,5.0,0.30023893127441403,True,PUT,2026-06-18,BA
BA260618P00300000,300.0,64.37,62.3,66.3,2.0,30.0,0.3202582623291015,True,PUT,2026-06-18,BA
BA260821C00170000,170.0,79.66,70.75,74.85,1.0,128.0,0.5106860455322266,True,CALL,2026-08-21,BA
BA260821C00175000,175.0,73.45,66.2,70.3,2.0,28.0,0.4907277490234375,True,CALL,2026-08-21,BA
BA260821C00180000,180.0,67.5,62.7,66.0,4.0,56.0,0.4759879061889648,True,CALL,2026-08-21,BA
BA260821C00185000,185.0,75.0,57.9,61.8,5.0,166.0,0.4624077197265626,True,CALL,2026-08-21,BA
BA260821C00190000,190.0,57.48,55.0,57.35,4.0,138.0,0.44278511322021485,True,CALL,2026-08-21,BA
BA260821C00195000,195.0,56.35,51.2,53.6,100.0,122.0,0.4358576922607422,True,CALL,2026-08-21,BA
BA260821C00200000,200.0,48.29,46.8,49.3,5.0,110.0,0.4172421557617187,True,CALL,2026-08-21,BA
BA260821C00205000,205.0,44.8,44.2,45.8,2.0,293.0,0.4116269775390625,True,CALL,2026-08-21,BA
BA260821C00210000,210.0,47.22,39.45,42.35,15.0,108.0,0.40488266021728514,True,CALL,2026-08-21,BA
BA260821C00215000,215.0,37.9,37.15,38.95,2.0,486.0,0.39703972106933594,True,CALL,2026-08-21,BA
BA260821C00220000,220.0,34.5,33.15,36.15,2.0,237.0,0.39658196197509765,True,CALL,2026-08-21,BA
BA260821C00225000,225.0,31.92,31.2,33.1,1.0,141.0,0.390203851928711,True,CALL,2026-08-21,BA
BA260821C00230000,230.0,28.67,28.1,29.55,12.0,203.0,0.37460952545166015,True,CALL,2026-08-21,BA
BA260821C00235000,235.0,26.48,26.0,27.0,47.0,97.0,0.3717103845214844,True,CALL,2026-08-21,BA
BA260821C00240000,240.0,23.7,23.05,24.25,30.0,302.0,0.36392847991943367,False,CALL,2026-08-21,BA
BA260821C00245000,245.0,21.1,20.9,22.3,14.0,180.0,0.3654238262939453,False,CALL,2026-08-21,BA
BA260821C00250000,250.0,19.8,18.3,20.0,13.0,274.0,0.35990019989013666,False,CALL,2026-08-21,BA
BA260821C00255000,255.0,17.34,16.75,19.45,22.0,237.0,0.3773255627441406,False,CALL,2026-08-21,BA
BA260821C00260000,260.0,15.5,15.2,16.0,21.0,256.0,0.35135536346435536,False,CALL,2026-08-21,BA
BA260821C00265000,265.0,15.85,13.75,14.6,4.0,219.0,0.3528507098388671,False,CALL,2026-08-21,BA
BA260821C00270000,270.0,12.4,12.15,12.85,210.0,697.0,0.34726604888916013,False,CALL,2026-08-21,BA
BA260821C00275000,275.0,12.85,10.6,12.25,2.0,103.0,0.3574588180541992,False,CALL,2026-08-21,BA
BA260821C00280000,280.0,9.55,9.55,10.3,13.0,114.0,0.34488570159912113,False,CALL,2026-08-21,BA
BA260821C00285000,285.0,8.7,8.3,8.9,9.0,144.0,0.3388127642822265,False,CALL,2026-08-21,BA
BA260821C00290000,290.0,7.95,7.35,7.9,17.0,255.0,0.3375920733642578,False,CALL,2026-08-21,BA
BA260821C00295000,295.0,6.85,6.55,7.2,11.0,16.0,0.34018604156494137,False,CALL,2026-08-21,BA
BA260821C00300000,300.0,6.0,5.9,6.4,3.0,595.0,0.3395146615600586,False,CALL,2026-08-21,BA
BA260821C00305000,305.0,5.45,5.1,5.7,1.0,40.0,0.339301040649414,False,CALL,2026-08-21,BA
BA260821P00170000,170.0,2.0,1.45,2.8,3.0,254.0,0.35809968078613286,False,PUT,2026-08-21,BA
BA260821P00175000,175.0,2.9,1.31,3.1,10.0,130.0,0.34400070068359373,False,PUT,2026-08-21,BA
BA260821P00180000,180.0,2.81,2.81,3.7,1.0,524.0,0.3379582806396484,False,PUT,2026-08-21,BA
BA260821P00185000,185.0,3.35,3.55,4.5,3.0,106.0,0.33484551879882807,False,PUT,2026-08-21,BA
BA260821P00190000,190.0,4.3,4.7,5.65,15.0,410.0,0.33704276245117193,False,PUT,2026-08-21,BA
BA260821P00195000,195.0,5.45,5.75,6.25,7.0,139.0,0.32379826599121087,False,PUT,2026-08-21,BA
BA260821P00200000,200.0,6.57,6.9,8.1,1.0,453.0,0.33399103515625,False,PUT,2026-08-21,BA
BA260821P00205000,205.0,7.74,8.2,8.7,2.0,168.0,0.31677929321289056,False,PUT,2026-08-21,BA
BA260821P00210000,210.0,6.85,9.55,10.0,19.0,181.0,0.3106453213500976,False,PUT,2026-08-21,BA
BA260821P00215000,215.0,11.6,11.1,12.2,10.0,125.0,0.3168098104858398,False,PUT,2026-08-21,BA
BA260821P00220000,220.0,13.1,13.0,13.35,1.0,294.0,0.303168589477539,False,PUT,2026-08-21,BA
BA260821P00225000,225.0,15.05,14.75,15.65,26.0,205.0,0.30490807403564457,False,PUT,2026-08-21,BA
BA260821P00230000,230.0,17.05,16.8,17.75,3.0,182.0,0.3008187594604492,False,PUT,2026-08-21,BA
BA260821P00235000,235.0,19.35,19.05,20.05,14.0,68.0,0.29703461761474603,False,PUT,2026-08-21,BA
BA260821P00240000,240.0,21.6,21.6,22.4,8.0,141.0,0.2913889221191405,True,PUT,2026-08-21,BA
BA260821P00245000,245.0,24.57,23.95,25.7,16.0,38.0,0.29657685852050775,True,PUT,2026-08-21,BA
BA260821P00250000,250.0,25.11,27.0,28.45,2.0,159.0,0.2914194393920897,True,PUT,2026-08-21,BA
BA260821P00255000,255.0,28.0,29.3,31.3,6.0,63.0,0.2851023638916015,True,PUT,2026-08-21,BA
BA260821P00260000,260.0,29.24,32.4,34.8,18.0,121.0,0.28574322662353513,True,PUT,2026-08-21,BA
BA260821P00265000,265.0,29.35,35.9,38.3,2.0,8.0,0.2840342593383788,True,PUT,2026-08-21,BA
BA260821P00270000,270.0,32.48,40.1,42.35,5.0,22.0,0.2887034020996093,True,PUT,2026-08-21,BA
BA260821P00275000,275.0,42.31,43.6,45.3,1.0,24.0,0.27292597198486324,True,PUT,2026-08-21,BA
BA260821P00280000,280.0,39.25,46.5,49.65,6.0,4.0,0.2783580465698242,True,PUT,2026-08-21,BA
BA260821P00290000,290.0,46.3,55.0,57.65,2.0,2.0,0.27008786560058595,True,PUT,2026-08-21,BA
BA260821P00295000,295.0,53.2,59.15,62.95,10.0,5.0,0.2905954730224609,True,PUT,2026-08-21,BA
BA260821P00300000,300.0,99.9,91.1,98.75,2.0,0.0,0.7338283453369141,True,PUT,2026-08-21,BA
BA260918C00170000,170.0,75.7,71.95,74.9,40.0,105.0,0.48016877258300783,True,CALL,2026-09-18,BA
BA260918C00175000,175.0,75.1,67.7,70.5,2.0,88.0,0.4646659979248047,True,CALL,2026-09-18,BA
BA260918C00180000,180.0,76.1,63.8,67.15,1.0,142.0,0.4699760034179688,True,CALL,2026-09-18,BA
BA260918C00185000,185.0,61.9,61.3,62.45,10.0,114.0,0.44635563415527346,True,CALL,2026-09-18,BA
BA260918C00190000,190.0,59.22,55.35,58.2,2.0,208.0,0.4310664804077149,True,CALL,2026-09-18,BA
BA260918C00195000,195.0,64.4,51.6,55.1,10.0,91.0,0.43503372589111333,True,CALL,2026-09-18,BA
BA260918C00200000,200.0,53.31,48.5,50.95,3.0,298.0,0.4189816403198242,True,CALL,2026-09-18,BA
BA260918C00205000,205.0,47.25,45.25,47.6,10.0,152.0,0.4148312911987304,True,CALL,2026-09-18,BA
BA260918C00210000,210.0,42.9,41.6,43.5,22.0,584.0,0.39740592834472654,True,CALL,2026-09-18,BA
BA260918C00215000,215.0,45.9,37.85,40.9,1.0,623.0,0.40122058746337885,True,CALL,2026-09-18,BA
BA260918C00220000,220.0,36.4,34.95,37.1,3.0,357.0,0.3855957437133788,True,CALL,2026-09-18,BA
BA260918C00225000,225.0,34.0,32.15,34.05,2.0,602.0,0.37923289230346674,True,CALL,2026-09-18,BA
BA260918C00230000,230.0,31.0,30.25,31.85,3.0,555.0,0.38278815460205073,True,CALL,2026-09-18,BA
BA260918C00235000,235.0,28.1,27.8,28.6,2.0,442.0,0.3701692622375488,True,CALL,2026-09-18,BA
BA260918C00240000,240.0,26.5,25.0,26.15,3.0,720.0,0.36662925857543943,False,CALL,2026-09-18,BA
BA260918C00245000,245.0,24.0,22.95,24.05,5.0,217.0,0.36594261993408206,False,CALL,2026-09-18,BA
BA260918C00250000,250.0,20.9,20.45,21.55,15.0,1143.0,0.35816071533203125,False,CALL,2026-09-18,BA
BA260918C00255000,255.0,19.1,18.55,19.6,7.0,622.0,0.355902437133789,False,CALL,2026-09-18,BA
BA260918C00260000,260.0,18.15,16.75,18.05,5.0,513.0,0.3573062316894531,False,CALL,2026-09-18,BA
BA260918C00265000,265.0,15.4,14.3,16.0,3.0,219.0,0.35025674163818354,False,CALL,2026-09-18,BA
BA260918C00270000,270.0,15.95,12.85,14.6,6.0,179.0,0.35040932800292957,False,CALL,2026-09-18,BA
BA260918C00275000,275.0,12.85,12.05,13.3,2.0,161.0,0.35040932800292957,False,CALL,2026-09-18,BA
BA260918C00280000,280.0,11.37,10.95,11.7,4.0,448.0,0.34448897705078124,False,CALL,2026-09-18,BA
BA260918C00285000,285.0,10.3,10.05,10.3,35.0,141.0,0.33969776519775385,False,CALL,2026-09-18,BA
BA260918C00290000,290.0,8.7,8.8,9.4,12.0,810.0,0.34110155975341794,False,CALL,2026-09-18,BA
BA260918C00295000,295.0,8.2,7.8,8.35,18.0,493.0,0.3386601779174804,False,CALL,2026-09-18,BA
BA260918C00300000,300.0,7.25,6.95,7.6,210.0,913.0,0.3398503515625,False,CALL,2026-09-18,BA
BA260918C00305000,305.0,6.3,6.05,6.8,7.0,56.0,0.33887379882812496,False,CALL,2026-09-18,BA
BA260918P00170000,170.0,3.0,2.24,3.15,3.0,563.0,0.3474186352539062,False,PUT,2026-09-18,BA
BA260918P00175000,175.0,3.7,3.3,3.85,1.0,2978.0,0.3448551843261719,False,PUT,2026-09-18,BA
BA260918P00180000,180.0,2.24,2.93,4.55,6.0,884.0,0.3394841442871094,False,PUT,2026-09-18,BA
BA260918P00185000,185.0,4.73,4.6,5.35,10.0,561.0,0.3342962078857422,False,PUT,2026-09-18,BA
BA260918P00190000,190.0,6.1,5.3,6.2,1.0,1116.0,0.3280096496582031,False,PUT,2026-09-18,BA
BA260918P00195000,195.0,5.9,6.45,7.25,3.0,1154.0,0.3235846450805663,False,PUT,2026-09-18,BA
BA260918P00200000,200.0,8.2,7.9,8.4,13.0,2165.0,0.31873239868164055,False,PUT,2026-09-18,BA
BA260918P00205000,205.0,8.05,9.2,10.05,22.0,656.0,0.3201361932373046,False,PUT,2026-09-18,BA
BA260918P00210000,210.0,9.45,10.25,12.95,313.0,893.0,0.33829397064208977,False,PUT,2026-09-18,BA
BA260918P00215000,215.0,12.9,12.25,12.75,38.0,516.0,0.3055184194946289,False,PUT,2026-09-18,BA
BA260918P00220000,220.0,14.43,14.35,14.55,34.0,899.0,0.3018258294677735,False,PUT,2026-09-18,BA
BA260918P00225000,225.0,14.2,15.95,17.3,88.0,259.0,0.3091194577026367,False,PUT,2026-09-18,BA
BA260918P00230000,230.0,16.15,17.6,19.1,76.0,289.0,0.30060513854980464,False,PUT,2026-09-18,BA
BA260918P00235000,235.0,19.13,19.15,21.45,64.0,2231.0,0.29740082489013664,False,PUT,2026-09-18,BA
BA260918P00240000,240.0,21.33,22.5,24.4,10.0,644.0,0.2998727239990234,True,PUT,2026-09-18,BA
BA260918P00245000,245.0,25.05,25.0,26.5,3.0,29.0,0.288794953918457,True,PUT,2026-09-18,BA
BA260918P00250000,250.0,28.75,28.25,29.65,41.0,274.0,0.2894052993774413,True,PUT,2026-09-18,BA
BA260918P00255000,255.0,27.9,30.05,32.3,4.0,530.0,0.28104356658935536,True,PUT,2026-09-18,BA
BA260918P00260000,260.0,33.41,33.1,36.0,14.0,48.0,0.2847361566162109,True,PUT,2026-09-18,BA
BA260918P00265000,265.0,36.0,36.05,39.95,19.0,142.0,0.2901071966552734,True,PUT,2026-09-18,BA
BA260918P00270000,270.0,37.02,40.75,42.9,19.0,75.0,0.279029426574707,True,PUT,2026-09-18,BA
BA260918P00275000,275.0,43.1,42.65,46.5,10.0,57.0,0.27506218109130853,True,PUT,2026-09-18,BA
BA260918P00280000,280.0,39.33,47.8,50.65,3.0,23.0,0.27771718383789057,True,PUT,2026-09-18,BA
BA260918P00285000,285.0,47.05,50.5,54.25,21.0,38.0,0.2692028646850586,True,PUT,2026-09-18,BA
BA260918P00290000,290.0,52.35,55.45,57.55,5.0,5.0,0.2513807772827148,True,PUT,2026-09-18,BA
BA260918P00295000,295.0,71.95,65.65,70.1,,2.0,0.39420161468505865,True,PUT,2026-09-18,BA
BA260918P00300000,300.0,59.6,62.8,66.15,20.0,20.0,0.24567404724121095,True,PUT,2026-09-18,BA
BA260918P00305000,305.0,63.6,68.7,71.75,3.0,3.0,0.2717052810668945,True,PUT,2026-09-18,BA
BA261120C00170000,170.0,60.5,74.7,77.25,,4.0,0.4725394543457031,True,CALL,2026-11-20,BA
BA261120C00175000,175.0,83.4,70.2,73.2,2.0,2.0,0.4627739270019532,True,CALL,2026-11-20,BA
BA261120C00180000,180.0,82.5,65.6,69.1,3.0,7.0,0.45120788055419925,True,CALL,2026-11-20,BA
BA261120C00185000,185.0,74.02,63.85,65.15,4.0,45.0,0.4412897668457031,True,CALL,2026-11-20,BA
BA261120C00190000,190.0,67.2,59.25,62.75,2.0,3.0,0.45456478057861327,True,CALL,2026-11-20,BA
BA261120C00195000,195.0,57.2,54.85,58.75,2.0,118.0,0.4410761459350586,True,CALL,2026-11-20,BA
BA261120C00200000,200.0,59.13,51.05,55.25,2.0,18.0,0.4340266558837891,True,CALL,2026-11-20,BA
BA261120C00205000,205.0,50.24,47.85,50.85,2.0,16.0,0.4133664620971679,True,CALL,2026-11-20,BA
BA261120C00210000,210.0,52.61,44.0,48.65,4.0,21.0,0.42185026397705083,True,CALL,2026-11-20,BA
BA261120C00215000,215.0,55.0,42.95,44.65,3.0,67.0,0.40479110839843746,True,CALL,2026-11-20,BA
BA261120C00220000,220.0,46.37,39.55,42.0,1.0,200.0,0.40418076293945315,True,CALL,2026-11-20,BA
BA261120C00225000,225.0,43.42,35.15,39.5,37.0,58.0,0.403875590209961,True,CALL,2026-11-20,BA
BA261120C00230000,230.0,34.72,33.6,35.85,4.0,156.0,0.38812867736816403,True,CALL,2026-11-20,BA
BA261120C00235000,235.0,32.33,31.75,34.4,13.0,154.0,0.3978026528930664,True,CALL,2026-11-20,BA
BA261120C00240000,240.0,29.95,28.5,30.85,8.0,126.0,0.38089608367919914,False,CALL,2026-11-20,BA
BA261120C00245000,245.0,33.0,26.75,28.9,544.0,538.0,0.38175056732177726,False,CALL,2026-11-20,BA
BA261120C00250000,250.0,25.5,24.55,25.9,10.0,600.0,0.36891805404663086,False,CALL,2026-11-20,BA
BA261120C00255000,255.0,23.77,21.5,25.15,8.0,84.0,0.3812470323181152,False,CALL,2026-11-20,BA
BA261120C00260000,260.0,21.02,19.55,23.15,11.0,129.0,0.37760021820068357,False,CALL,2026-11-20,BA
BA261120C00265000,265.0,22.09,19.15,21.65,15.0,39.0,0.3786683227539062,False,CALL,2026-11-20,BA
BA261120C00270000,270.0,18.95,17.6,19.7,3.0,114.0,0.37315995498657223,False,CALL,2026-11-20,BA
BA261120C00275000,275.0,16.6,16.0,17.65,1.0,21.0,0.36511865356445317,False,CALL,2026-11-20,BA
BA261120C00280000,280.0,15.9,14.75,15.9,8.0,63.0,0.35941192352294915,False,CALL,2026-11-20,BA
BA261120C00285000,285.0,15.95,11.05,15.35,4.0,49.0,0.3676668458557129,False,CALL,2026-11-20,BA
BA261120C00290000,290.0,16.25,11.75,13.0,74.0,86.0,0.35169105346679685,False,CALL,2026-11-20,BA
BA261120C00295000,295.0,13.95,11.35,11.9,5.0,10.0,0.35062294891357415,False,CALL,2026-11-20,BA
BA261120C00300000,300.0,11.9,10.2,11.9,1.0,51.0,0.3637453762817383,False,CALL,2026-11-20,BA
BA261120C00305000,305.0,14.3,9.3,10.15,2.0,3.0,0.3516300189208984,False,CALL,2026-11-20,BA
BA261120P00170000,170.0,3.96,3.0,4.6,10.0,78.0,0.34656415161132803,False,PUT,2026-11-20,BA
BA261120P00175000,175.0,5.0,4.6,5.9,1.0,96.0,0.35361364166259757,False,PUT,2026-11-20,BA
BA261120P00180000,180.0,5.85,5.8,6.4,10.0,77.0,0.34076586975097656,False,PUT,2026-11-20,BA
BA261120P00185000,185.0,6.55,6.45,7.15,2.0,110.0,0.3320074124145508,False,PUT,2026-11-20,BA
BA261120P00190000,190.0,6.95,7.45,8.3,3.0,34.0,0.32901671966552726,False,PUT,2026-11-20,BA
BA261120P00195000,195.0,8.15,8.3,11.55,171.0,101.0,0.35767243896484374,False,PUT,2026-11-20,BA
BA261120P00200000,200.0,9.18,9.75,10.95,1.0,146.0,0.32269964416503893,False,PUT,2026-11-20,BA
BA261120P00205000,205.0,10.8,10.85,12.65,139.0,165.0,0.3221655918884277,False,PUT,2026-11-20,BA
BA261120P00210000,210.0,11.55,12.3,13.8,97.0,85.0,0.31192704681396477,False,PUT,2026-11-20,BA
BA261120P00215000,215.0,12.59,13.45,15.85,1.0,20.0,0.31235428863525383,False,PUT,2026-11-20,BA
BA261120P00220000,220.0,16.9,15.5,17.7,66.0,21.0,0.3081429049682617,False,PUT,2026-11-20,BA
BA261120P00225000,225.0,16.7,16.5,19.75,42.0,19.0,0.30466393585205076,False,PUT,2026-11-20,BA
BA261120P00230000,230.0,19.85,18.45,22.3,5.0,121.0,0.3054573849487304,False,PUT,2026-11-20,BA
BA261120P00235000,235.0,23.5,21.0,24.15,2.0,11.0,0.2960122889709473,False,PUT,2026-11-20,BA
BA261120P00240000,240.0,23.5,23.6,26.8,6.0,28.0,0.294379614868164,True,PUT,2026-11-20,BA
BA261120P00245000,245.0,26.0,26.0,29.7,1.0,118.0,0.2938913385009765,True,PUT,2026-11-20,BA
BA261120P00250000,250.0,31.93,31.05,32.7,3.0,82.0,0.2928384925842284,True,PUT,2026-11-20,BA
BA261120P00265000,265.0,37.11,39.85,42.4,12.0,15.0,0.28790995300292954,True,PUT,2026-11-20,BA
BA261120P00270000,270.0,39.6,43.1,45.7,12.0,6.0,0.28375960388183585,True,PUT,2026-11-20,BA
BA261120P00275000,275.0,47.8,46.45,48.55,20.0,3.0,0.2718273501586914,True,PUT,2026-11-20,BA
BA261120P00280000,280.0,51.18,50.65,53.0,2.0,10.0,0.2793956338500976,True,PUT,2026-11-20,BA
BA261120P00285000,285.0,49.05,53.6,57.45,10.0,5.0,0.28601788208007806,True,PUT,2026-11-20,BA
BA261120P00290000,290.0,53.55,58.1,60.2,4.0,9.0,0.2664868273925781,True,PUT,2026-11-20,BA
BA261120P00295000,295.0,57.5,61.05,65.4,2.0,56.0,0.2821421884155273,True,PUT,2026-11-20,BA
BA261120P00300000,300.0,60.85,64.6,69.4,2.0,51.0,0.27826649475097653,True,PUT,2026-11-20,BA
BA261120P00305000,305.0,71.5,70.5,73.7,2.0,1.0,0.2778392529296875,True,PUT,2026-11-20,BA
BA261218C00170000,170.0,80.7,76.1,78.25,1.0,1104.0,0.4697928997802735,True,CALL,2026-12-18,BA
BA261218C00175000,175.0,78.05,71.65,74.2,3.0,402.0,0.45953909606933596,True,CALL,2026-12-18,BA
BA261218C00180000,180.0,69.3,67.4,70.2,2.0,677.0,0.4492852923583984,True,CALL,2026-12-18,BA
BA261218C00185000,185.0,72.25,64.7,67.05,2.0,266.0,0.4512994323730469,True,CALL,2026-12-18,BA
BA261218C00190000,190.0,64.95,60.65,62.65,2.0,933.0,0.4329890686035156,True,CALL,2026-12-18,BA
BA261218C00195000,195.0,58.64,57.3,59.95,2.0,212.0,0.4385737295532227,True,CALL,2026-12-18,BA
BA261218C00200000,200.0,55.05,53.5,56.05,18.0,2348.0,0.42577173355102543,True,CALL,2026-12-18,BA
BA261218C00205000,205.0,55.65,49.2,52.4,2.0,145.0,0.41556370574951174,True,CALL,2026-12-18,BA
BA261218C00210000,210.0,48.7,46.7,50.35,2.0,729.0,0.4248714739990235,True,CALL,2026-12-18,BA
BA261218C00215000,215.0,45.66,44.2,46.0,18.0,348.0,0.4036619692993164,True,CALL,2026-12-18,BA
BA261218C00220000,220.0,45.5,41.6,43.1,2.0,1482.0,0.3996031719970704,True,CALL,2026-12-18,BA
BA261218C00225000,225.0,39.6,39.15,40.35,1.0,265.0,0.39609368560791025,True,CALL,2026-12-18,BA
BA261218C00230000,230.0,36.5,35.85,37.0,2.0,1169.0,0.38434453552246095,True,CALL,2026-12-18,BA
BA261218C00235000,235.0,34.11,32.05,35.8,6.0,198.0,0.3962767892456055,True,CALL,2026-12-18,BA
BA261218C00240000,240.0,31.7,30.3,33.4,9.0,776.0,0.39301144104003904,False,CALL,2026-12-18,BA
BA261218C00245000,245.0,29.3,28.55,30.0,43.0,391.0,0.3772797868347168,False,CALL,2026-12-18,BA
BA261218C00250000,250.0,27.45,27.0,27.85,13.0,9546.0,0.3745179736328125,False,CALL,2026-12-18,BA
BA261218C00255000,255.0,24.92,24.0,27.85,2.0,113.0,0.3947509255981446,False,CALL,2026-12-18,BA
BA261218C00260000,260.0,25.08,22.5,24.2,1.0,921.0,0.372778489074707,False,CALL,2026-12-18,BA
BA261218C00265000,265.0,21.8,20.55,22.95,7.0,199.0,0.3767152172851562,False,CALL,2026-12-18,BA
BA261218C00270000,270.0,19.75,19.05,21.0,9.0,867.0,0.3716035740661621,False,CALL,2026-12-18,BA
BA261218C00275000,275.0,18.55,16.1,19.1,70.0,391.0,0.36591210266113283,False,CALL,2026-12-18,BA
BA261218C00280000,280.0,20.15,16.3,17.7,10.0,920.0,0.3649355499267578,False,CALL,2026-12-18,BA
BA261218C00285000,285.0,18.3,14.2,16.15,5.0,129.0,0.3610903735351562,False,CALL,2026-12-18,BA
BA261218C00290000,290.0,14.35,13.65,15.15,82.0,331.0,0.3628908926391602,False,CALL,2026-12-18,BA
BA261218C00295000,295.0,15.55,12.1,13.35,2.0,211.0,0.3537357107543945,False,CALL,2026-12-18,BA
BA261218C00300000,300.0,12.0,11.7,12.1,50.0,9643.0,0.35028725891113277,False,CALL,2026-12-18,BA
BA261218C00305000,305.0,13.08,10.5,11.95,2.0,118.0,0.36044951080322263,False,CALL,2026-12-18,BA
BA261218P00170000,170.0,4.42,4.6,5.15,1.0,938.0,0.34393966613769533,False,PUT,2026-12-18,BA
BA261218P00175000,175.0,5.06,5.4,5.75,1.0,313.0,0.3348760360717773,False,PUT,2026-12-18,BA
BA261218P00180000,180.0,6.55,5.6,6.7,4.0,1906.0,0.33151913604736327,False,PUT,2026-12-18,BA
BA261218P00185000,185.0,7.1,7.25,7.7,1.0,782.0,0.327155166015625,False,PUT,2026-12-18,BA
BA261218P00190000,190.0,8.4,7.9,9.0,3.0,1171.0,0.32605654418945307,False,PUT,2026-12-18,BA
BA261218P00195000,195.0,9.8,9.6,10.2,21.0,575.0,0.3213263668823242,False,PUT,2026-12-18,BA
BA261218P00200000,200.0,11.25,10.9,11.5,21.0,1248.0,0.3164741204833984,False,PUT,2026-12-18,BA
BA261218P00205000,205.0,12.85,12.35,13.0,300.0,651.0,0.3127510131835937,False,PUT,2026-12-18,BA
BA261218P00210000,210.0,13.28,13.95,14.8,5.0,1519.0,0.31131670135498035,False,PUT,2026-12-18,BA
BA261218P00215000,215.0,16.3,15.75,16.4,6.0,370.0,0.3055184194946289,False,PUT,2026-12-18,BA
BA261218P00220000,220.0,18.87,17.65,18.3,2.0,831.0,0.3018563467407227,False,PUT,2026-12-18,BA
BA261218P00225000,225.0,20.92,19.65,20.45,2.0,256.0,0.2995065167236328,False,PUT,2026-12-18,BA
BA261218P00230000,230.0,22.25,21.85,22.8,10.0,617.0,0.29776703216552725,False,PUT,2026-12-18,BA
BA261218P00235000,235.0,24.65,24.15,26.4,2.0,291.0,0.30858540542602536,False,PUT,2026-12-18,BA
BA261218P00240000,240.0,25.9,25.45,27.6,2.0,427.0,0.29041236938476556,True,PUT,2026-12-18,BA
BA261218P00245000,245.0,27.19,27.8,31.05,77.0,147.0,0.29608858215332035,True,PUT,2026-12-18,BA
BA261218P00250000,250.0,32.5,32.0,33.45,33.0,286.0,0.2883677120971678,True,PUT,2026-12-18,BA
BA261218P00255000,255.0,29.05,34.85,37.7,4.0,212.0,0.2999642758178711,True,PUT,2026-12-18,BA
BA261218P00260000,260.0,34.75,35.85,40.55,23.0,128.0,0.2942575457763671,True,PUT,2026-12-18,BA
BA261218P00265000,265.0,34.05,40.65,42.9,1.0,21.0,0.2810893424987792,True,PUT,2026-12-18,BA
BA261218P00270000,270.0,41.0,43.95,45.45,2.0,50.0,0.26819579467773436,True,PUT,2026-12-18,BA
BA261218P00275000,275.0,41.0,47.85,51.0,1.0,28.0,0.2903055589294433,True,PUT,2026-12-18,BA
BA261218P00280000,280.0,44.8,51.3,52.7,2.0,27.0,0.2631604446411133,True,PUT,2026-12-18,BA
BA261218P00285000,285.0,49.85,55.1,58.3,2.0,3.0,0.2846598634338378,True,PUT,2026-12-18,BA
BA261218P00290000,290.0,52.95,57.65,61.3,12.0,16.0,0.270515107421875,True,PUT,2026-12-18,BA
BA261218P00295000,295.0,54.15,62.55,66.0,20.0,13.0,0.2784801156616211,True,PUT,2026-12-18,BA
BA261218P00300000,300.0,56.05,66.45,68.4,2.0,12.0,0.2498243963623047,True,PUT,2026-12-18,BA
BA270115C00170000,170.0,85.24,76.75,79.05,23.0,425.0,0.464421859741211,True,CALL,2027-01-15,BA
BA270115C00175000,175.0,80.5,72.45,75.05,3.0,799.0,0.4546868496704102,True,CALL,2027-01-15,BA
BA270115C00180000,180.0,70.5,69.1,71.1,5.0,2043.0,0.4449823568725586,True,CALL,2027-01-15,BA
BA270115C00185000,185.0,80.5,64.9,67.3,96.0,400.0,0.4366511413574219,True,CALL,2027-01-15,BA
BA270115C00190000,190.0,66.0,62.0,63.6,5.0,556.0,0.4288387194824219,True,CALL,2027-01-15,BA
BA270115C00195000,195.0,59.7,59.4,60.75,315.0,386.0,0.43158527404785163,True,CALL,2027-01-15,BA
BA270115C00200000,200.0,55.6,55.0,56.55,13.0,3410.0,0.41501439483642577,True,CALL,2027-01-15,BA
BA270115C00205000,205.0,53.68,51.95,53.25,31.0,490.0,0.40939921661376955,True,CALL,2027-01-15,BA
BA270115C00210000,210.0,48.45,48.05,50.0,11.0,2437.0,0.40332627929687503,True,CALL,2027-01-15,BA
BA270115C00215000,215.0,46.3,45.85,46.9,5.0,452.0,0.3979552392578125,True,CALL,2027-01-15,BA
BA270115C00220000,220.0,43.4,43.4,43.95,103.0,1551.0,0.39322506195068363,True,CALL,2027-01-15,BA
BA270115C00225000,225.0,47.74,40.6,41.55,2.0,784.0,0.3936370451354981,True,CALL,2027-01-15,BA
BA270115C00230000,230.0,37.8,37.6,39.85,7.0,2725.0,0.4005644660949707,True,CALL,2027-01-15,BA
BA270115C00235000,235.0,35.07,33.7,36.5,6.0,809.0,0.38788453918457033,True,CALL,2027-01-15,BA
BA270115C00240000,240.0,33.2,33.0,33.65,17.0,1585.0,0.3797669445800781,False,CALL,2027-01-15,BA
BA270115C00245000,245.0,31.0,29.95,31.7,44.0,806.0,0.3803620314025879,False,CALL,2027-01-15,BA
BA270115C00250000,250.0,28.46,28.15,29.0,77.0,3902.0,0.37172564315795903,False,CALL,2027-01-15,BA
BA270115C00255000,255.0,29.24,25.85,28.75,1.0,418.0,0.38843385009765624,False,CALL,2027-01-15,BA
BA270115C00260000,260.0,24.7,24.7,25.35,39.0,2649.0,0.37007771041870113,False,CALL,2027-01-15,BA
BA270115C00265000,265.0,22.65,21.75,23.55,9.0,466.0,0.3679415013122559,False,CALL,2027-01-15,BA
BA270115C00270000,270.0,21.0,21.0,21.55,23.0,957.0,0.36255520263671875,False,CALL,2027-01-15,BA
BA270115C00275000,275.0,19.7,18.55,21.45,17.0,713.0,0.3771424591064453,False,CALL,2027-01-15,BA
BA270115C00280000,280.0,18.15,17.3,18.5,16.0,1712.0,0.35915252670288084,False,CALL,2027-01-15,BA
BA270115C00285000,285.0,20.0,15.6,17.55,10.0,245.0,0.3625246853637696,False,CALL,2027-01-15,BA
BA270115C00290000,290.0,15.45,15.0,16.65,6.0,447.0,0.36571374038696286,False,CALL,2027-01-15,BA
BA270115C00295000,295.0,18.5,13.85,14.75,10.0,275.0,0.3562686444091796,False,CALL,2027-01-15,BA
BA270115C00300000,300.0,13.28,12.7,13.85,1589.0,5004.0,0.3577182148742675,False,CALL,2027-01-15,BA
BA270115C00305000,305.0,12.42,11.7,12.8,1138.0,1258.0,0.35654329986572264,False,CALL,2027-01-15,BA
BA270115P00170000,170.0,5.0,5.05,5.6,1.0,1585.0,0.33960621337890623,False,PUT,2027-01-15,BA
BA270115P00175000,175.0,5.67,5.85,6.25,3.0,1592.0,0.3311834460449219,False,PUT,2027-01-15,BA
BA270115P00180000,180.0,7.1,6.8,7.15,6.0,1223.0,0.32627016510009765,False,PUT,2027-01-15,BA
BA270115P00185000,185.0,7.3,6.7,8.45,2.0,1009.0,0.3264837860107421,False,PUT,2027-01-15,BA
BA270115P00190000,190.0,8.59,8.5,9.4,4.0,2182.0,0.31909860595703116,False,PUT,2027-01-15,BA
BA270115P00195000,195.0,10.45,10.15,10.7,2.0,1276.0,0.3156501541137695,False,PUT,2027-01-15,BA
BA270115P00200000,200.0,12.1,11.5,12.05,301.0,6378.0,0.311255666809082,False,PUT,2027-01-15,BA
BA270115P00205000,205.0,12.21,13.0,13.6,14.0,1214.0,0.30795980133056633,False,PUT,2027-01-15,BA
BA270115P00210000,210.0,15.05,14.7,15.7,24.0,1326.0,0.30997394134521483,False,PUT,2027-01-15,BA
BA270115P00215000,215.0,17.27,16.45,18.7,1.0,1026.0,0.32080757324218745,False,PUT,2027-01-15,BA
BA270115P00220000,220.0,18.9,18.4,20.0,14.0,768.0,0.30942463043212887,False,PUT,2027-01-15,BA
BA270115P00225000,225.0,19.15,20.5,21.15,1.0,264.0,0.29529513305664057,False,PUT,2027-01-15,BA
BA270115P00230000,230.0,22.4,22.7,23.6,2.0,705.0,0.29456271850585936,False,PUT,2027-01-15,BA
BA270115P00235000,235.0,25.8,24.95,26.75,20.0,190.0,0.29990324127197265,False,PUT,2027-01-15,BA
BA270115P00240000,240.0,25.3,27.45,30.1,6.0,536.0,0.30570152313232424,True,PUT,2027-01-15,BA
BA270115P00245000,245.0,28.05,29.85,31.7,4.0,384.0,0.29109900802612293,True,PUT,2027-01-15,BA
BA270115P00250000,250.0,34.14,32.85,34.15,5.0,2511.0,0.28423262161254875,True,PUT,2027-01-15,BA
BA270115P00255000,255.0,34.83,35.8,36.7,10.0,90.0,0.2769237347412109,True,PUT,2027-01-15,BA
BA270115P00260000,260.0,39.11,38.2,40.05,100.0,210.0,0.2768321829223632,True,PUT,2027-01-15,BA
BA270115P00265000,265.0,42.7,42.05,44.5,2.0,53.0,0.2876047802734374,True,PUT,2027-01-15,BA
BA270115P00270000,270.0,45.5,45.35,47.5,21.0,47.0,0.2809520147705078,True,PUT,2027-01-15,BA
BA270115P00275000,275.0,49.15,47.7,49.75,3.0,174.0,0.263755531463623,True,PUT,2027-01-15,BA
BA270115P00280000,280.0,53.05,51.25,55.3,12.0,34.0,0.28435469070434566,True,PUT,2027-01-15,BA
BA270115P00285000,285.0,48.2,55.65,57.15,2.0,29.0,0.25846078460693367,True,PUT,2027-01-15,BA
BA270115P00290000,290.0,57.6,59.2,61.25,2.0,45.0,0.2588575091552735,True,PUT,2027-01-15,BA
BA270115P00295000,295.0,59.4,62.9,64.85,4.0,11.0,0.2509230181884765,True,PUT,2027-01-15,BA
BA270115P00300000,300.0,62.7,66.15,70.15,4.0,103.0,0.2663342410278321,True,PUT,2027-01-15,BA
BA270219C00170000,170.0,85.11,77.45,82.3,1.0,1.0,0.49432878723144535,True,CALL,2027-02-19,BA
BA270219C00175000,175.0,76.17,73.5,76.95,68.0,5.0,0.4625603060913086,True,CALL,2027-02-19,BA
BA270219C00195000,195.0,61.01,60.35,62.4,338.0,8.0,0.4327449304199219,True,CALL,2027-02-19,BA
BA270219C00200000,200.0,57.48,55.55,59.55,156.0,40.0,0.43291277542114254,True,CALL,2027-02-19,BA
BA270219C00210000,210.0,51.25,50.95,52.65,2.0,22.0,0.41547215393066406,True,CALL,2027-02-19,BA
BA270219C00215000,215.0,48.17,46.15,51.9,2.0,9.0,0.4361628649902344,True,CALL,2027-02-19,BA
BA270219C00220000,220.0,51.65,43.2,46.7,2.0,8.0,0.40546248840332033,True,CALL,2027-02-19,BA
BA270219C00225000,225.0,54.3,40.45,44.5,5.0,16.0,0.4074155938720704,True,CALL,2027-02-19,BA
BA270219C00230000,230.0,50.65,35.0,45.0,2.0,6.0,0.43707838317871095,True,CALL,2027-02-19,BA
BA270219C00240000,240.0,40.0,33.0,37.75,5.0,28.0,0.40491317749023437,False,CALL,2027-02-19,BA
BA270219C00245000,245.0,33.0,32.0,34.5,50.0,15.0,0.39169919830322264,False,CALL,2027-02-19,BA
BA270219C00250000,250.0,30.2,29.8,33.65,11.0,30.0,0.40239550247192385,False,CALL,2027-02-19,BA
BA270219C00255000,255.0,33.6,26.0,31.55,2.0,12.0,0.3992369647216797,False,CALL,2027-02-19,BA
BA270219C00260000,260.0,26.75,26.15,29.35,37.0,180.0,0.3941405801391602,False,CALL,2027-02-19,BA
BA270219C00265000,265.0,24.6,22.75,26.45,4.0,11.0,0.38091134231567375,False,CALL,2027-02-19,BA
BA270219C00270000,270.0,30.52,22.4,25.55,2.0,5.0,0.3874420387268066,False,CALL,2027-02-19,BA
BA270219C00275000,275.0,21.45,18.45,22.2,2.0,1.0,0.3675600354003906,False,CALL,2027-02-19,BA
BA270219C00280000,280.0,28.0,19.35,22.7,2.0,3.0,0.38719790054321285,False,CALL,2027-02-19,BA
BA270219C00290000,290.0,19.54,13.0,19.55,20.0,25.0,0.38052987640380853,False,CALL,2027-02-19,BA
BA270219C00300000,300.0,15.86,12.8,16.3,2.0,10.0,0.36923848541259763,False,CALL,2027-02-19,BA
BA270219C00305000,305.0,14.42,13.05,15.0,1.0,5.0,0.3658815853881836,False,CALL,2027-02-19,BA
BA270219P00170000,170.0,5.0,5.2,6.5,1.0,20.0,0.34158983612060545,False,PUT,2027-02-19,BA
BA270219P00180000,180.0,7.16,7.05,8.3,10.0,11.0,0.3305731005859375,False,PUT,2027-02-19,BA
BA270219P00195000,195.0,10.9,10.8,12.05,,1.0,0.3196784341430663,False,PUT,2027-02-19,BA
BA270219P00205000,205.0,12.2,13.75,17.0,4.0,3.0,0.33576103698730464,False,PUT,2027-02-19,BA
BA270219P00210000,210.0,13.6,14.65,19.75,8.0,12.0,0.34355820022583,False,PUT,2027-02-19,BA
BA270219P00215000,215.0,16.25,15.1,20.1,2.0,2.0,0.3219672296142577,False,PUT,2027-02-19,BA
BA270219P00220000,220.0,18.83,17.75,22.1,1.0,6.0,0.31842722595214834,False,PUT,2027-02-19,BA
BA270219P00225000,225.0,20.2,21.15,22.65,4.0,7.0,0.29787384262084954,False,PUT,2027-02-19,BA
BA270219P00230000,230.0,21.25,21.6,28.8,2.0,4.0,0.33612724426269536,False,PUT,2027-02-19,BA
BA270219P00235000,235.0,24.05,24.35,29.1,4.0,2.0,0.31058428680419914,False,PUT,2027-02-19,BA
BA270219P00240000,240.0,29.06,27.55,29.7,4.0,4.0,0.28743693527221675,True,PUT,2027-02-19,BA
BA270219P00245000,245.0,31.9,30.5,32.2,9.0,2.0,0.28278305114746094,True,PUT,2027-02-19,BA
BA270219P00250000,250.0,34.6,33.8,35.5,7.0,11.0,0.2849802947998046,True,PUT,2027-02-19,BA
BA270219P00255000,255.0,36.45,36.4,38.4,2.0,3.0,0.28174546386718746,True,PUT,2027-02-19,BA
BA270219P00260000,260.0,34.25,37.8,40.9,2.0,6.0,0.27295648925781246,True,PUT,2027-02-19,BA
BA270219P00270000,270.0,39.45,44.8,49.6,,1.0,0.2906565075683593,True,PUT,2027-02-19,BA
BA270219P00290000,290.0,55.8,56.0,66.0,2.0,2.0,0.3046029013061523,True,PUT,2027-02-19,BA
BA270219P00295000,295.0,55.65,62.75,67.25,,1.0,0.27103390106201175,True,PUT,2027-02-19,BA
BA270219P00300000,300.0,59.6,66.5,70.75,2.0,2.0,0.262275443725586,True,PUT,2027-02-19,BA
BA270219P00305000,305.0,63.35,72.25,76.5,2.0,2.0,0.28281356842041017,True,PUT,2027-02-19,BA
BA270617C00170000,170.0,87.1,81.55,87.4,2.0,3.0,0.5002491381835938,True,CALL,2027-06-17,BA
BA270617C00180000,180.0,87.5,74.4,79.6,,1.0,0.47696445892333983,True,CALL,2027-06-17,BA
BA270617C00200000,200.0,67.0,61.6,65.75,1.0,8.0,0.44540959869384766,True,CALL,2027-06-17,BA
BA270617C00210000,210.0,60.0,53.65,61.0,2.0,7.0,0.44846132598876953,True,CALL,2027-06-17,BA
BA270617C00225000,225.0,53.35,45.85,51.7,2.0,5.0,0.42531397445678715,True,CALL,2027-06-17,BA
BA270617C00230000,230.0,48.0,45.35,48.1,1.0,4.0,0.41174904663085937,True,CALL,2027-06-17,BA
BA270617C00240000,240.0,41.65,40.65,43.65,15.0,24.0,0.408559991607666,False,CALL,2027-06-17,BA
BA270617C00245000,245.0,39.88,38.6,41.05,14.0,23.0,0.4024260197448731,False,CALL,2027-06-17,BA
BA270617C00250000,250.0,37.24,36.75,38.85,1.0,20.0,0.3992827406311035,False,CALL,2027-06-17,BA
BA270617C00255000,255.0,39.53,34.3,36.85,1.0,3.0,0.39723808334350585,False,CALL,2027-06-17,BA
BA270617C00260000,260.0,37.0,32.4,34.05,1.0,3.0,0.38731996963500975,False,CALL,2027-06-17,BA
BA270617C00265000,265.0,33.6,29.05,33.65,2.0,12.0,0.39833670516967773,False,CALL,2027-06-17,BA
BA270617C00270000,270.0,32.25,28.5,30.95,2.0,3.0,0.3879760910034179,False,CALL,2027-06-17,BA
BA270617C00275000,275.0,27.85,27.5,29.15,2.0,35.0,0.38507695007324216,False,CALL,2027-06-17,BA
BA270617C00280000,280.0,27.6,25.95,27.9,1.0,15.0,0.38652652053833,False,CALL,2027-06-17,BA
BA270617C00290000,290.0,26.3,23.1,25.3,20.0,4.0,0.3867706587219238,False,CALL,2027-06-17,BA
BA270617C00300000,300.0,23.3,20.4,23.8,20.0,16.0,0.395086615600586,False,CALL,2027-06-17,BA
BA270617P00170000,170.0,7.67,7.7,8.7,1.0,32.0,0.3343877597045898,False,PUT,2027-06-17,BA
BA270617P00175000,175.0,8.0,7.85,11.75,10.0,14.0,0.35822174987792965,False,PUT,2027-06-17,BA
BA270617P00180000,180.0,8.77,7.65,12.5,3.0,5.0,0.3472050143432617,False,PUT,2027-06-17,BA
BA270617P00185000,185.0,10.8,10.2,14.2,,1.0,0.34766277343749996,False,PUT,2027-06-17,BA
BA270617P00200000,200.0,15.07,15.1,17.3,2.0,38.0,0.3189460195922851,False,PUT,2027-06-17,BA
BA270617P00220000,220.0,20.15,20.55,26.3,2.0,7.0,0.31949533050537104,False,PUT,2027-06-17,BA
BA270617P00230000,230.0,27.3,25.85,28.9,9.0,4.0,0.2952035812377929,False,PUT,2027-06-17,BA
BA270617P00235000,235.0,28.5,29.3,31.35,7.0,8.0,0.29254857849121085,False,PUT,2027-06-17,BA
BA270617P00240000,240.0,32.37,32.2,33.9,2.0,5.0,0.2897409893798828,True,PUT,2027-06-17,BA
BA270617P00245000,245.0,33.18,33.55,36.55,60.0,69.0,0.2867960725402831,True,PUT,2027-06-17,BA
BA270617P00250000,250.0,37.4,37.45,39.35,2.0,2.0,0.2841868457031249,True,PUT,2027-06-17,BA
BA270617P00255000,255.0,35.65,37.1,42.3,2.0,2.0,0.2819285675048828,True,PUT,2027-06-17,BA
BA270617P00260000,260.0,38.25,43.45,46.0,2.0,3.0,0.28543805389404286,True,PUT,2027-06-17,BA
BA270617P00285000,285.0,53.8,60.25,63.75,4.0,4.0,0.2829508961486816,True,PUT,2027-06-17,BA
BA280121C00170000,170.0,105.06,90.65,94.0,1.0,93.0,0.48863731582641606,True,CALL,2028-01-21,BA
BA280121C00175000,175.0,95.75,87.0,91.6,2.0,90.0,0.4920247331237793,True,CALL,2028-01-21,BA
BA280121C00180000,180.0,85.1,83.1,88.0,3.0,399.0,0.4824880853271485,True,CALL,2028-01-21,BA
BA280121C00185000,185.0,83.01,80.45,83.85,2.0,267.0,0.4674430697631836,True,CALL,2028-01-21,BA
BA280121C00190000,190.0,84.1,75.8,84.0,1.0,241.0,0.49275714767456064,True,CALL,2028-01-21,BA
BA280121C00195000,195.0,78.8,74.85,76.5,1.0,150.0,0.4461572718811035,True,CALL,2028-01-21,BA
BA280121C00200000,200.0,72.45,72.0,75.35,1.0,906.0,0.4577538356018067,True,CALL,2028-01-21,BA
BA280121C00205000,205.0,69.89,67.55,73.15,2.0,28.0,0.45898978515625005,True,CALL,2028-01-21,BA
BA280121C00210000,210.0,67.01,66.0,67.85,5.0,1675.0,0.43303484451293944,True,CALL,2028-01-21,BA
BA280121C00215000,215.0,68.0,61.85,66.7,1.0,16.0,0.4422205436706543,True,CALL,2028-01-21,BA
BA280121C00220000,220.0,61.96,60.6,64.3,18.0,740.0,0.4401758863830566,True,CALL,2028-01-21,BA
BA280121C00225000,225.0,58.0,57.75,60.1,3.0,19.0,0.4230251789855957,True,CALL,2028-01-21,BA
BA280121C00230000,230.0,56.95,56.35,58.85,9.0,1130.0,0.42937277175903327,True,CALL,2028-01-21,BA
BA280121C00235000,235.0,58.0,52.15,55.85,1.0,20.0,0.42117888397216796,True,CALL,2028-01-21,BA
BA280121C00240000,240.0,52.2,49.7,53.8,11.0,527.0,0.42006500350952153,False,CALL,2028-01-21,BA
BA280121C00245000,245.0,50.0,49.2,51.4,3.0,77.0,0.415746809387207,False,CALL,2028-01-21,BA
BA280121C00250000,250.0,47.8,47.4,48.7,15.0,1120.0,0.40869731933593745,False,CALL,2028-01-21,BA
BA280121C00255000,255.0,50.15,44.7,48.6,2.0,10.0,0.4210873321533204,False,CALL,2028-01-21,BA
BA280121C00260000,260.0,43.5,43.05,44.7,10.0,427.0,0.404028176574707,False,CALL,2028-01-21,BA
BA280121C00265000,265.0,49.9,41.05,44.55,1.0,14.0,0.41501439483642577,False,CALL,2028-01-21,BA
BA280121C00270000,270.0,41.25,39.45,41.45,2.0,166.0,0.4032652447509766,False,CALL,2028-01-21,BA
BA280121C00275000,275.0,40.94,37.85,39.05,2.0,29.0,0.3963988583374024,False,CALL,2028-01-21,BA
BA280121C00280000,280.0,36.85,36.45,38.2,3.0,693.0,0.40077808700561524,False,CALL,2028-01-21,BA
BA280121C00285000,285.0,42.0,34.55,36.75,44.0,87.0,0.40024403472900394,False,CALL,2028-01-21,BA
BA280121C00290000,290.0,34.92,33.2,35.45,1.0,181.0,0.4004576556396484,False,CALL,2028-01-21,BA
BA280121C00295000,295.0,32.5,31.75,33.3,5.0,85.0,0.39385066604614255,False,CALL,2028-01-21,BA
BA280121C00300000,300.0,30.95,30.45,32.75,19.0,1374.0,0.398992826538086,False,CALL,2028-01-21,BA
BA280121C00305000,305.0,34.6,27.35,32.25,19.0,11.0,0.4042112802124024,False,CALL,2028-01-21,BA
BA280121P00170000,170.0,10.13,11.2,14.65,1.0,120.0,0.3512638116455078,False,PUT,2028-01-21,BA
BA280121P00175000,175.0,12.4,11.75,15.8,1.0,322.0,0.34488570159912113,False,PUT,2028-01-21,BA
BA280121P00180000,180.0,14.75,14.2,14.9,3.0,774.0,0.3162604995727538,False,PUT,2028-01-21,BA
BA280121P00185000,185.0,15.86,15.4,17.6,300.0,388.0,0.3254461987304687,False,PUT,2028-01-21,BA
BA280121P00190000,190.0,16.76,16.05,19.0,4.0,169.0,0.3201514518737792,False,PUT,2028-01-21,BA
BA280121P00195000,195.0,16.74,16.3,21.35,2.0,320.0,0.32306585144042954,False,PUT,2028-01-21,BA
BA280121P00200000,200.0,19.1,20.5,23.85,10.0,344.0,0.32613283737182613,False,PUT,2028-01-21,BA
BA280121P00205000,205.0,21.76,22.15,25.45,3.0,293.0,0.32021248641967764,False,PUT,2028-01-21,BA
BA280121P00210000,210.0,24.88,22.0,26.3,7.0,179.0,0.307349455871582,False,PUT,2028-01-21,BA
BA280121P00215000,215.0,24.77,24.8,27.95,15.0,23.0,0.30086453536987307,False,PUT,2028-01-21,BA
BA280121P00220000,220.0,29.32,27.05,29.95,1.0,165.0,0.2966378930664062,False,PUT,2028-01-21,BA
BA280121P00225000,225.0,30.19,30.3,32.7,2.0,102.0,0.29767548034667957,False,PUT,2028-01-21,BA
BA280121P00230000,230.0,29.87,32.3,35.25,6.0,976.0,0.2962869444274902,False,PUT,2028-01-21,BA
BA280121P00235000,235.0,33.2,34.05,36.65,1.0,41.0,0.28528546752929684,False,PUT,2028-01-21,BA
BA280121P00240000,240.0,35.9,37.45,39.9,2.0,35.0,0.28786417709350576,True,PUT,2028-01-21,BA
BA280121P00245000,245.0,36.0,39.8,44.75,2.0,14.0,0.30178005355834964,True,PUT,2028-01-21,BA
BA280121P00250000,250.0,42.99,41.6,45.9,3.0,52.0,0.2869028829956054,True,PUT,2028-01-21,BA
BA280121P00255000,255.0,41.25,44.0,47.5,5.0,4.0,0.27483330154418945,True,PUT,2028-01-21,BA
BA280121P00260000,260.0,44.4,48.6,51.15,2.0,624.0,0.2775035629272461,True,PUT,2028-01-21,BA
BA280121P00265000,265.0,48.23,50.55,54.3,,3.0,0.2757335610961914,True,PUT,2028-01-21,BA
BA280121P00270000,270.0,52.04,53.85,58.65,4.0,23.0,0.2824015852355957,True,PUT,2028-01-21,BA
BA280121P00280000,280.0,55.8,60.2,65.25,24.0,25.0,0.2779918392944336,True,PUT,2028-01-21,BA
BA280121P00290000,290.0,63.58,68.15,70.9,1.0,8.0,0.2633740655517578,True,PUT,2028-01-21,BA
BA280121P00295000,295.0,71.0,70.5,73.4,1.0,3.0,0.25205215728759767,True,PUT,2028-01-21,BA
BA280121P00300000,300.0,67.02,75.4,78.75,2.0,30.0,0.26364872100830083,True,PUT,2028-01-21,BA
BABA260130C00125000,125.0,44.65,49.0,52.0,1.0,16.0,2.7207063232421875,True,CALL,2026-01-30,BABA
BABA260130C00130000,130.0,47.6,43.95,46.9,2.0,41.0,2.3867227832031244,True,CALL,2026-01-30,BABA
BABA260130C00134000,134.0,16.5,39.4,42.1,,1.0,2.6406283984375003,True,CALL,2026-01-30,BABA
BABA260130C00135000,135.0,41.16,38.4,41.25,13.0,35.0,2.663089279785157,True,CALL,2026-01-30,BABA
BABA260130C00136000,136.0,28.94,37.4,40.1,,9.0,2.5253943115234367,True,CALL,2026-01-30,BABA
BABA260130C00137000,137.0,14.34,36.4,39.3,,2.0,2.5712926342773432,True,CALL,2026-01-30,BABA
BABA260130C00140000,140.0,35.05,34.45,35.45,22.0,224.0,1.2343788281249999,True,CALL,2026-01-30,BABA
BABA260130C00141000,141.0,10.1,32.4,35.3,,35.0,2.3378947802734364,True,CALL,2026-01-30,BABA
BABA260130C00142000,142.0,31.92,31.4,34.35,2.0,2.0,2.3037151782226557,True,CALL,2026-01-30,BABA
BABA260130C00143000,143.0,19.51,30.4,33.25,1.0,1.0,2.1997115319824214,True,CALL,2026-01-30,BABA
BABA260130C00144000,144.0,28.12,29.4,31.95,1.0,10.0,1.9990234423828124,True,CALL,2026-01-30,BABA
BABA260130C00145000,145.0,31.0,28.4,31.0,9.0,210.0,1.96875015625,True,CALL,2026-01-30,BABA
BABA260130C00146000,146.0,27.0,27.4,30.0,1.0,61.0,1.9140629296875002,True,CALL,2026-01-30,BABA
BABA260130C00147000,147.0,26.85,26.45,28.75,10.0,22.0,1.7353528857421874,True,CALL,2026-01-30,BABA
BABA260130C00148000,148.0,25.58,25.45,28.0,12.0,71.0,1.8051767553710936,True,CALL,2026-01-30,BABA
BABA260130C00149000,149.0,22.98,24.45,26.75,31.0,75.0,1.6308612207031248,True,CALL,2026-01-30,BABA
BABA260130C00150000,150.0,25.25,24.15,25.9,19.0,659.0,1.0449266503906252,True,CALL,2026-01-30,BABA
BABA260130C00152500,152.5,20.95,20.95,23.8,2.0,54.0,1.6801773803710938,True,CALL,2026-01-30,BABA
BABA260130C00155000,155.0,21.43,18.75,20.75,4.0,1233.0,1.3193393408203122,True,CALL,2026-01-30,BABA
BABA260130C00157500,157.5,18.82,15.95,18.1,3.0,167.0,1.125004375,True,CALL,2026-01-30,BABA
BABA260130C00160000,160.0,15.03,14.7,15.6,23.0,5218.0,0.7656273437500001,True,CALL,2026-01-30,BABA
BABA260130C00162500,162.5,12.52,11.95,13.1,46.0,325.0,0.5644574804687501,True,CALL,2026-01-30,BABA
BABA260130C00165000,165.0,10.22,9.9,10.5,107.0,2226.0,0.57617611328125,True,CALL,2026-01-30,BABA
BABA260130C00167500,167.5,7.88,7.2,8.15,14.0,1867.0,0.622074091796875,True,CALL,2026-01-30,BABA
BABA260130C00170000,170.0,5.51,4.8,5.8,1571.0,8063.0,0.5200243310546875,True,CALL,2026-01-30,BABA
BABA260130C00172500,172.5,3.5,3.2,3.55,1829.0,3074.0,0.415044912109375,True,CALL,2026-01-30,BABA
BABA260130C00175000,175.0,1.88,1.8,1.97,4747.0,7241.0,0.389654541015625,False,CALL,2026-01-30,BABA
BABA260130C00177500,177.5,1.03,0.94,1.02,4621.0,2224.0,0.39600213378906257,False,CALL,2026-01-30,BABA
BABA260130C00180000,180.0,0.46,0.46,0.46,8400.0,10380.0,0.398443515625,False,CALL,2026-01-30,BABA
BABA260130C00182500,182.5,0.23,0.21,0.26,4186.0,3438.0,0.43848217773437503,False,CALL,2026-01-30,BABA
BABA260130C00185000,185.0,0.13,0.12,0.13,13582.0,22744.0,0.46191944335937507,False,CALL,2026-01-30,BABA
BABA260130C00187500,187.5,0.05,0.05,0.06,8211.0,4607.0,0.47852083984375,False,CALL,2026-01-30,BABA
BABA260130C00190000,190.0,0.04,0.03,0.04,7735.0,22688.0,0.5117236328125,False,CALL,2026-01-30,BABA
BABA260130C00192500,192.5,0.02,0.02,0.03,188.0,430.0,0.5546919531250001,False,CALL,2026-01-30,BABA
BABA260130C00195000,195.0,0.01,0.01,0.02,728.0,10287.0,0.585941640625,False,CALL,2026-01-30,BABA
BABA260130C00197500,197.5,0.01,0.0,0.03,288.0,664.0,0.64062859375,False,CALL,2026-01-30,BABA
BABA260130C00200000,200.0,0.02,0.01,0.02,3618.0,18119.0,0.70312796875,False,CALL,2026-01-30,BABA
BABA260130C00202500,202.5,0.02,0.0,0.03,14.0,92.0,0.7578149218750001,False,CALL,2026-01-30,BABA
BABA260130C00205000,205.0,0.01,0.01,0.02,54.0,318.0,0.8125018749999999,False,CALL,2026-01-30,BABA
BABA260130C00210000,210.0,0.01,0.0,0.01,191.0,825.0,0.8437515624999999,False,CALL,2026-01-30,BABA
BABA260130C00215000,215.0,0.01,0.0,0.11,144.0,421.0,1.1875040625,False,CALL,2026-01-30,BABA
BABA260130C00220000,220.0,0.03,0.0,0.1,5.0,164.0,1.2890660546875,False,CALL,2026-01-30,BABA
BABA260130C00225000,225.0,0.02,0.0,0.01,40.0,440.0,1.125004375,False,CALL,2026-01-30,BABA
BABA260130P00125000,125.0,0.01,0.0,0.01,10.0,140.0,1.5000025,False,PUT,2026-01-30,BABA
BABA260130P00130000,130.0,0.01,0.0,0.02,30.0,2354.0,1.40625296875,False,PUT,2026-01-30,BABA
BABA260130P00134000,134.0,0.04,0.0,0.24,34.0,50.0,1.703126484375,False,PUT,2026-01-30,BABA
BABA260130P00135000,135.0,0.01,0.0,0.15,2.0,812.0,1.5546897265624997,False,PUT,2026-01-30,BABA
BABA260130P00136000,136.0,0.06,0.0,0.05,18.0,15.0,1.3281283593749997,False,PUT,2026-01-30,BABA
BABA260130P00137000,137.0,0.01,0.0,0.13,2.0,110.0,1.4492215039062502,False,PUT,2026-01-30,BABA
BABA260130P00138000,138.0,0.1,0.0,0.19,2.0,12.0,1.484377578125,False,PUT,2026-01-30,BABA
BABA260130P00139000,139.0,0.01,0.0,0.14,42.0,109.0,1.3867218164062498,False,PUT,2026-01-30,BABA
BABA260130P00140000,140.0,0.01,0.0,0.01,15.0,1466.0,1.000005,False,PUT,2026-01-30,BABA
BABA260130P00141000,141.0,0.01,0.0,0.2,20.0,65.0,1.3789093554687497,False,PUT,2026-01-30,BABA
BABA260130P00142000,142.0,0.05,0.0,0.2,9.0,68.0,1.3398470507812497,False,PUT,2026-01-30,BABA
BABA260130P00143000,143.0,0.01,0.0,0.2,20.0,89.0,1.3007847460937496,False,PUT,2026-01-30,BABA
BABA260130P00144000,144.0,0.03,0.01,0.02,3.0,202.0,0.992187578125,False,PUT,2026-01-30,BABA
BABA260130P00145000,145.0,0.02,0.0,0.03,19.0,955.0,0.9687503125,False,PUT,2026-01-30,BABA
BABA260130P00146000,146.0,0.13,0.0,0.2,4.0,66.0,1.18359783203125,False,PUT,2026-01-30,BABA
BABA260130P00147000,147.0,0.02,0.0,0.02,80.0,304.0,0.85937640625,False,PUT,2026-01-30,BABA
BABA260130P00148000,148.0,0.16,0.0,0.07,515.0,960.0,0.9570316796874999,False,PUT,2026-01-30,BABA
BABA260130P00149000,149.0,0.03,0.01,0.06,2.0,778.0,0.92187578125,False,PUT,2026-01-30,BABA
BABA260130P00150000,150.0,0.02,0.01,0.04,44.0,3149.0,0.851563984375,False,PUT,2026-01-30,BABA
BABA260130P00152500,152.5,0.03,0.0,0.04,4.0,542.0,0.7500025,False,PUT,2026-01-30,BABA
BABA260130P00155000,155.0,0.02,0.02,0.04,62.0,2265.0,0.70312796875,False,PUT,2026-01-30,BABA
BABA260130P00157500,157.5,0.05,0.02,0.06,31.0,1080.0,0.648441015625,False,PUT,2026-01-30,BABA
BABA260130P00160000,160.0,0.02,0.02,0.05,63.0,4383.0,0.5507857421875001,False,PUT,2026-01-30,BABA
BABA260130P00162500,162.5,0.07,0.04,0.08,188.0,1988.0,0.507817421875,False,PUT,2026-01-30,BABA
BABA260130P00165000,165.0,0.07,0.06,0.08,1337.0,4162.0,0.43945873046875,False,PUT,2026-01-30,BABA
BABA260130P00167500,167.5,0.16,0.14,0.18,1091.0,3356.0,0.4101621484375,False,PUT,2026-01-30,BABA
BABA260130P00170000,170.0,0.36,0.32,0.41,2148.0,4592.0,0.3852600537109374,False,PUT,2026-01-30,BABA
BABA260130P00172500,172.5,0.95,0.85,0.95,4355.0,2520.0,0.3745179736328125,False,PUT,2026-01-30,BABA
BABA260130P00175000,175.0,1.75,1.87,2.03,2540.0,3680.0,0.38477177734374995,True,PUT,2026-01-30,BABA
BABA260130P00177500,177.5,3.34,3.05,3.7,1744.0,704.0,0.4165097412109374,True,PUT,2026-01-30,BABA
BABA260130P00180000,180.0,5.28,5.0,5.75,343.0,1687.0,0.45752495605468757,True,PUT,2026-01-30,BABA
BABA260130P00182500,182.5,7.22,7.1,8.05,17.0,132.0,0.5185595019531251,True,PUT,2026-01-30,BABA
BABA260130P00185000,185.0,8.8,9.35,11.65,2.0,184.0,0.6084023535156251,True,PUT,2026-01-30,BABA
BABA260130P00187500,187.5,12.44,11.75,14.05,18.0,66.0,0.6630893066406252,True,PUT,2026-01-30,BABA
BABA260130P00190000,190.0,13.75,14.35,16.6,3.0,132.0,0.795900478515625,True,PUT,2026-01-30,BABA
BABA260130P00192500,192.5,19.1,16.9,19.15,2.0,3.0,0.914063359375,True,PUT,2026-01-30,BABA
BABA260130P00195000,195.0,41.15,19.2,21.6,,0.0,0.9335944140625,True,PUT,2026-01-30,BABA
BABA260130P00220000,220.0,50.35,43.75,46.05,3.0,0.0,2.1113328466796872,True,PUT,2026-01-30,BABA
BABA260130P00225000,225.0,44.75,48.4,51.75,,0.0,2.5849644750976566,True,PUT,2026-01-30,BABA
BABA260206C00125000,125.0,48.7,48.5,51.25,1.0,8.0,1.5400413623046876,True,CALL,2026-02-06,BABA
BABA260206C00130000,130.0,42.25,43.55,46.65,2.0,65.0,0.9414068359375,True,CALL,2026-02-06,BABA
BABA260206C00135000,135.0,42.2,38.55,41.4,1.0,64.0,0.710940390625,True,CALL,2026-02-06,BABA
BABA260206C00139000,139.0,38.27,34.55,37.7,1.0,1.0,0.77148666015625,True,CALL,2026-02-06,BABA
BABA260206C00140000,140.0,40.01,33.55,36.4,20.0,32.0,0.6210975390625001,True,CALL,2026-02-06,BABA
BABA260206C00144000,144.0,30.57,29.55,32.2,4.0,34.0,0.999023447265625,True,CALL,2026-02-06,BABA
BABA260206C00145000,145.0,29.6,28.6,30.95,4.0,68.0,0.9165047412109376,True,CALL,2026-02-06,BABA
BABA260206C00146000,146.0,20.46,27.6,29.95,,4.0,0.8911143701171874,True,CALL,2026-02-06,BABA
BABA260206C00147000,147.0,30.44,26.6,29.05,,1.0,0.8876964355468748,True,CALL,2026-02-06,BABA
BABA260206C00149000,149.0,25.92,24.7,27.15,6.0,37.0,0.8564467480468749,True,CALL,2026-02-06,BABA
BABA260206C00150000,150.0,25.0,24.45,25.9,31.0,224.0,0.5722699023437501,True,CALL,2026-02-06,BABA
BABA260206C00152500,152.5,22.56,21.65,23.6,11.0,37.0,0.500005,True,CALL,2026-02-06,BABA
BABA260206C00155000,155.0,20.12,19.15,21.1,16.0,253.0,0.6899445068359377,True,CALL,2026-02-06,BABA
BABA260206C00157500,157.5,17.92,17.25,18.75,20.0,67.0,0.5083056982421875,True,CALL,2026-02-06,BABA
BABA260206C00160000,160.0,15.52,15.3,16.05,49.0,528.0,0.5505416040039064,True,CALL,2026-02-06,BABA
BABA260206C00162500,162.5,13.52,12.95,14.1,4.0,96.0,0.5622602368164062,True,CALL,2026-02-06,BABA
BABA260206C00165000,165.0,11.33,10.95,11.6,31.0,1610.0,0.48950705810546885,True,CALL,2026-02-06,BABA
BABA260206C00167500,167.5,8.3,8.9,9.7,17.0,668.0,0.4819387744140625,True,CALL,2026-02-06,BABA
BABA260206C00170000,170.0,7.55,7.3,7.6,710.0,3340.0,0.4390925231933594,True,CALL,2026-02-06,BABA
BABA260206C00172500,172.5,6.01,5.75,6.15,482.0,2155.0,0.44556218505859374,True,CALL,2026-02-06,BABA
BABA260206C00175000,175.0,4.5,4.4,4.6,563.0,1182.0,0.42358974853515624,False,CALL,2026-02-06,BABA
BABA260206C00177500,177.5,3.69,3.4,3.75,4602.0,871.0,0.44714908325195313,False,CALL,2026-02-06,BABA
BABA260206C00180000,180.0,2.79,2.69,2.8,2947.0,3668.0,0.44360907958984375,False,CALL,2026-02-06,BABA
BABA260206C00182500,182.5,2.1,2.01,2.17,361.0,332.0,0.4545952978515625,False,CALL,2026-02-06,BABA
BABA260206C00185000,185.0,1.56,1.56,1.64,3297.0,3451.0,0.46143116699218756,False,CALL,2026-02-06,BABA
BABA260206C00187500,187.5,1.23,1.14,1.24,258.0,392.0,0.4694877270507813,False,CALL,2026-02-06,BABA
BABA260206C00190000,190.0,0.93,0.9,0.96,1178.0,1871.0,0.4819387744140625,False,CALL,2026-02-06,BABA
BABA260206C00192500,192.5,0.72,0.67,0.72,231.0,378.0,0.4897511962890626,False,CALL,2026-02-06,BABA
BABA260206C00195000,195.0,0.58,0.51,0.53,264.0,1991.0,0.49561051269531253,False,CALL,2026-02-06,BABA
BABA260206C00197500,197.5,0.41,0.4,0.49,290.0,118.0,0.516606396484375,False,CALL,2026-02-06,BABA
BABA260206C00200000,200.0,0.33,0.31,0.35,1034.0,2982.0,0.5224657128906249,False,CALL,2026-02-06,BABA
BABA260206C00202500,202.5,0.05,0.21,0.36,65.0,113.0,0.5444381494140625,False,CALL,2026-02-06,BABA
BABA260206C00205000,205.0,0.21,0.17,0.21,30.0,228.0,0.5400436621093752,False,CALL,2026-02-06,BABA
BABA260206C00207500,207.5,0.2,0.04,0.26,4.0,8.0,0.5507857421875001,False,CALL,2026-02-06,BABA
BABA260206C00210000,210.0,0.12,0.1,0.15,43.0,400.0,0.5664105859375,False,CALL,2026-02-06,BABA
BABA260206C00212500,212.5,0.22,0.01,0.34,1.0,1.0,0.6289099609375001,False,CALL,2026-02-06,BABA
BABA260206C00215000,215.0,0.07,0.02,0.1,31.0,103.0,0.5664105859375,False,CALL,2026-02-06,BABA
BABA260206C00217500,217.5,0.13,0.0,0.31,1.0,2.0,0.6777375976562501,False,CALL,2026-02-06,BABA
BABA260206C00220000,220.0,0.04,0.02,0.09,21.0,169.0,0.6132851171875001,False,CALL,2026-02-06,BABA
BABA260206C00225000,225.0,0.2,0.01,0.11,1.0,20.0,0.6718782812500002,False,CALL,2026-02-06,BABA
BABA260206P00125000,125.0,0.02,0.0,0.05,63.0,136.0,0.8125018749999999,False,PUT,2026-02-06,BABA
BABA260206P00130000,130.0,0.02,0.0,0.1,2.0,398.0,0.7851583984375,False,PUT,2026-02-06,BABA
BABA260206P00134000,134.0,0.03,0.0,0.1,3.0,971.0,0.7148466015625,False,PUT,2026-02-06,BABA
BABA260206P00135000,135.0,0.04,0.01,0.06,8.0,347.0,0.6679720703125002,False,PUT,2026-02-06,BABA
BABA260206P00136000,136.0,0.06,0.0,0.31,6.0,1.0,0.7939473730468749,False,PUT,2026-02-06,BABA
BABA260206P00137000,137.0,0.06,0.0,0.06,112.0,113.0,0.6210975390625001,False,PUT,2026-02-06,BABA
BABA260206P00138000,138.0,0.05,0.0,0.33,2.0,128.0,0.7617211328125001,False,PUT,2026-02-06,BABA
BABA260206P00139000,139.0,0.08,0.0,0.34,6.0,120.0,0.745119736328125,False,PUT,2026-02-06,BABA
BABA260206P00140000,140.0,0.05,0.03,0.07,20.0,1380.0,0.6093789062500001,False,PUT,2026-02-06,BABA
BABA260206P00141000,141.0,0.06,0.0,0.1,106.0,90.0,0.5898478515625001,False,PUT,2026-02-06,BABA
BABA260206P00142000,142.0,0.06,0.0,0.1,136.0,31.0,0.5742230078125,False,PUT,2026-02-06,BABA
BABA260206P00143000,143.0,0.05,0.0,0.13,8.0,50.0,0.57617611328125,False,PUT,2026-02-06,BABA
BABA260206P00144000,144.0,0.03,0.03,0.1,61.0,52.0,0.5585981640625001,False,PUT,2026-02-06,BABA
BABA260206P00145000,145.0,0.06,0.06,0.08,132.0,532.0,0.5468795312500001,False,PUT,2026-02-06,BABA
BABA260206P00146000,146.0,0.05,0.0,0.09,128.0,82.0,0.500005,False,PUT,2026-02-06,BABA
BABA260206P00147000,147.0,0.08,0.07,0.13,146.0,86.0,0.5390671093750001,False,PUT,2026-02-06,BABA
BABA260206P00148000,148.0,0.07,0.07,0.1,138.0,140.0,0.508793974609375,False,PUT,2026-02-06,BABA
BABA260206P00149000,149.0,0.15,0.08,0.15,122.0,71.0,0.5136767382812499,False,PUT,2026-02-06,BABA
BABA260206P00150000,150.0,0.12,0.1,0.17,200.0,523.0,0.508793974609375,False,PUT,2026-02-06,BABA
BABA260206P00152500,152.5,0.17,0.13,0.21,32.0,375.0,0.500005,False,PUT,2026-02-06,BABA
BABA260206P00155000,155.0,0.24,0.2,0.33,49.0,886.0,0.495122236328125,False,PUT,2026-02-06,BABA
BABA260206P00157500,157.5,0.34,0.3,0.35,109.0,275.0,0.44824770507812495,False,PUT,2026-02-06,BABA
BABA260206P00160000,160.0,0.47,0.47,0.56,207.0,1852.0,0.44482977050781247,False,PUT,2026-02-06,BABA
BABA260206P00162500,162.5,0.71,0.69,0.77,177.0,395.0,0.4255428540039063,False,PUT,2026-02-06,BABA
BABA260206P00165000,165.0,1.1,1.02,1.18,488.0,4233.0,0.4233456103515625,False,PUT,2026-02-06,BABA
BABA260206P00167500,167.5,1.6,1.53,1.67,400.0,1335.0,0.41260353027343744,False,PUT,2026-02-06,BABA
BABA260206P00170000,170.0,2.35,2.25,2.48,230.0,1828.0,0.4184628466796875,False,PUT,2026-02-06,BABA
BABA260206P00172500,172.5,3.25,3.15,3.5,1476.0,340.0,0.4234676794433594,False,PUT,2026-02-06,BABA
BABA260206P00175000,175.0,4.43,4.4,4.55,284.0,185.0,0.41138283935546877,True,PUT,2026-02-06,BABA
BABA260206P00177500,177.5,5.83,5.85,6.2,62.0,130.0,0.43469803588867195,True,PUT,2026-02-06,BABA
BABA260206P00180000,180.0,7.55,7.3,7.75,63.0,87.0,0.4304256176757813,True,PUT,2026-02-06,BABA
BABA260206P00182500,182.5,9.9,8.9,10.0,10.0,8.0,0.4805960144042969,True,PUT,2026-02-06,BABA
BABA260206P00185000,185.0,10.12,10.95,11.75,6.0,51.0,0.4643608251953125,True,PUT,2026-02-06,BABA
BABA260206P00187500,187.5,12.77,12.9,14.2,5.0,6.0,0.5190477783203125,True,PUT,2026-02-06,BABA
BABA260206P00190000,190.0,15.9,15.2,16.3,4.0,22.0,0.5210008837890624,True,PUT,2026-02-06,BABA
BABA260206P00195000,195.0,18.2,19.9,21.05,30.0,57.0,0.5817912915039063,True,PUT,2026-02-06,BABA
BABA260206P00197500,197.5,23.79,22.1,23.45,1.0,1.0,0.6098671826171876,True,PUT,2026-02-06,BABA
BABA260206P00200000,200.0,22.3,24.55,25.75,5.0,11.0,0.6118202880859377,True,PUT,2026-02-06,BABA
BABA260206P00210000,210.0,29.9,33.95,36.2,1.0,1.0,0.8737805590820311,True,PUT,2026-02-06,BABA
BABA260206P00220000,220.0,52.85,44.1,46.9,,0.0,0.8349625878906248,True,PUT,2026-02-06,BABA
BABA260213C00125000,125.0,48.41,48.65,51.7,1.0,3.0,0.8300798242187499,True,CALL,2026-02-13,BABA
BABA260213C00130000,130.0,42.25,43.7,46.25,,3.0,0.6015664843750002,True,CALL,2026-02-13,BABA
BABA260213C00135000,135.0,29.2,38.7,41.3,101.0,101.0,0.5585981640625001,True,CALL,2026-02-13,BABA
BABA260213C00139000,139.0,26.9,34.75,37.55,,20.0,0.5898478515625001,True,CALL,2026-02-13,BABA
BABA260213C00140000,140.0,36.05,34.95,35.8,3.0,568.0,0.6518589501953126,True,CALL,2026-02-13,BABA
BABA260213C00142000,142.0,11.45,31.8,34.5,,10.0,0.5429733203125001,True,CALL,2026-02-13,BABA
BABA260213C00144000,144.0,27.4,29.85,32.55,1.0,3.0,0.5302781347656251,True,CALL,2026-02-13,BABA
BABA260213C00145000,145.0,31.25,28.9,31.75,1.0,329.0,0.5532271240234375,True,CALL,2026-02-13,BABA
BABA260213C00146000,146.0,27.7,27.9,30.65,20.0,22.0,0.5224657128906249,True,CALL,2026-02-13,BABA
BABA260213C00147000,147.0,20.42,26.95,29.65,15.0,17.0,0.5136767382812499,True,CALL,2026-02-13,BABA
BABA260213C00148000,148.0,9.0,26.0,28.7,,5.0,0.5102588037109376,True,CALL,2026-02-13,BABA
BABA260213C00149000,149.0,23.62,25.05,27.8,1.0,5.0,0.5117236328125,True,CALL,2026-02-13,BABA
BABA260213C00150000,150.0,26.15,25.35,26.5,15.0,151.0,0.5876506079101562,True,CALL,2026-02-13,BABA
BABA260213C00152500,152.5,22.46,22.25,24.05,8.0,51.0,0.6267127172851563,True,CALL,2026-02-13,BABA
BABA260213C00155000,155.0,21.26,20.5,21.75,3.0,169.0,0.5207567456054687,True,CALL,2026-02-13,BABA
BABA260213C00157500,157.5,17.3,18.05,19.65,3.0,40.0,0.5876506079101562,True,CALL,2026-02-13,BABA
BABA260213C00160000,160.0,16.21,16.35,16.8,34.0,152.0,0.4963429272460938,True,CALL,2026-02-13,BABA
BABA260213C00162500,162.5,12.75,14.05,15.05,6.0,74.0,0.5117236328125,True,CALL,2026-02-13,BABA
BABA260213C00165000,165.0,12.55,12.45,13.15,31.0,286.0,0.5019581054687501,True,CALL,2026-02-13,BABA
BABA260213C00167500,167.5,9.51,10.7,11.35,5.0,182.0,0.49182637084960945,True,CALL,2026-02-13,BABA
BABA260213C00170000,170.0,9.5,9.2,9.7,372.0,1955.0,0.4840139489746094,True,CALL,2026-02-13,BABA
BABA260213C00172500,172.5,8.1,7.85,8.3,39.0,1255.0,0.4845022253417969,True,CALL,2026-02-13,BABA
BABA260213C00175000,175.0,7.0,6.55,7.0,295.0,2048.0,0.4820608435058594,False,CALL,2026-02-13,BABA
BABA260213C00177500,177.5,5.95,5.55,5.95,35.0,711.0,0.48730981445312505,False,CALL,2026-02-13,BABA
BABA260213C00180000,180.0,4.9,4.6,4.9,195.0,3238.0,0.48303739624023445,False,CALL,2026-02-13,BABA
BABA260213C00182500,182.5,4.25,3.75,4.2,268.0,594.0,0.4947560290527344,False,CALL,2026-02-13,BABA
BABA260213C00185000,185.0,3.44,3.25,3.5,184.0,2318.0,0.49841810180664065,False,CALL,2026-02-13,BABA
BABA260213C00187500,187.5,2.69,2.68,2.91,15.0,94.0,0.5026905200195313,False,CALL,2026-02-13,BABA
BABA260213C00190000,190.0,2.35,2.21,2.39,198.0,2488.0,0.5051319018554687,False,CALL,2026-02-13,BABA
BABA260213C00192500,192.5,2.0,1.83,1.99,225.0,246.0,0.5034229345703125,False,CALL,2026-02-13,BABA
BABA260213C00195000,195.0,1.65,1.54,1.79,18.0,313.0,0.5185595019531251,False,CALL,2026-02-13,BABA
BABA260213C00197500,197.5,1.35,1.25,1.43,90.0,188.0,0.5192919165039063,False,CALL,2026-02-13,BABA
BABA260213C00200000,200.0,1.15,1.1,1.17,1998.0,2680.0,0.5285691674804689,False,CALL,2026-02-13,BABA
BABA260213C00205000,205.0,0.62,0.74,0.85,8.0,451.0,0.5429733203125001,False,CALL,2026-02-13,BABA
BABA260213C00210000,210.0,0.58,0.51,0.61,10.0,827.0,0.5571333349609376,False,CALL,2026-02-13,BABA
BABA260213C00215000,215.0,0.38,0.19,0.6,6.0,53.0,0.570316796875,False,CALL,2026-02-13,BABA
BABA260213C00220000,220.0,0.26,0.24,0.37,10.0,204.0,0.5918009570312501,False,CALL,2026-02-13,BABA
BABA260213C00225000,225.0,0.42,0.12,0.38,1.0,35.0,0.6171913281250001,False,CALL,2026-02-13,BABA
BABA260213P00125000,125.0,0.05,0.0,0.31,1.0,328.0,0.7656273437500001,False,PUT,2026-02-13,BABA
BABA260213P00130000,130.0,0.09,0.0,0.37,3.0,76.0,0.7060576269531251,False,PUT,2026-02-13,BABA
BABA260213P00134000,134.0,0.09,0.0,0.44,1.0,8.0,0.6611362011718751,False,PUT,2026-02-13,BABA
BABA260213P00135000,135.0,0.09,0.07,0.11,4.0,161.0,0.5644574804687501,False,PUT,2026-02-13,BABA
BABA260213P00136000,136.0,0.4,0.0,0.48,1.0,2.0,0.639652041015625,False,PUT,2026-02-13,BABA
BABA260213P00137000,137.0,0.15,0.0,0.7,2.0,10.0,0.6669955175781253,False,PUT,2026-02-13,BABA
BABA260213P00138000,138.0,0.15,0.0,0.52,1.0,48.0,0.6162147753906251,False,PUT,2026-02-13,BABA
BABA260213P00139000,139.0,0.41,0.0,0.54,1.0,52.0,0.6044961425781252,False,PUT,2026-02-13,BABA
BABA260213P00140000,140.0,0.16,0.13,0.16,13.0,330.0,0.5302781347656251,False,PUT,2026-02-13,BABA
BABA260213P00141000,141.0,0.17,0.14,0.19,3.0,18.0,0.526371923828125,False,PUT,2026-02-13,BABA
BABA260213P00142000,142.0,0.17,0.05,0.28,4.0,26.0,0.5117236328125,False,PUT,2026-02-13,BABA
BABA260213P00143000,143.0,0.2,0.09,0.32,2.0,141.0,0.51562984375,False,PUT,2026-02-13,BABA
BABA260213P00144000,144.0,0.25,0.18,0.26,14.0,285.0,0.5063525927734375,False,PUT,2026-02-13,BABA
BABA260213P00145000,145.0,0.29,0.2,0.27,29.0,317.0,0.5097705273437501,False,PUT,2026-02-13,BABA
BABA260213P00146000,146.0,0.31,0.19,0.43,2.0,328.0,0.507817421875,False,PUT,2026-02-13,BABA
BABA260213P00147000,147.0,0.27,0.29,0.44,2.0,227.0,0.507817421875,False,PUT,2026-02-13,BABA
BABA260213P00148000,148.0,0.32,0.31,0.38,3.0,451.0,0.49609878906250005,False,PUT,2026-02-13,BABA
BABA260213P00149000,149.0,0.39,0.36,0.41,1.0,391.0,0.48779809082031256,False,PUT,2026-02-13,BABA
BABA260213P00150000,150.0,0.42,0.39,0.47,63.0,1287.0,0.4858449853515625,False,PUT,2026-02-13,BABA
BABA260213P00152500,152.5,0.59,0.55,0.62,9.0,148.0,0.47437049072265625,False,PUT,2026-02-13,BABA
BABA260213P00155000,155.0,0.9,0.73,0.81,36.0,282.0,0.4626518579101563,False,PUT,2026-02-13,BABA
BABA260213P00157500,157.5,1.06,0.99,1.06,34.0,222.0,0.45215391601562505,False,PUT,2026-02-13,BABA
BABA260213P00160000,160.0,1.41,1.35,1.49,147.0,1001.0,0.454107021484375,False,PUT,2026-02-13,BABA
BABA260213P00162500,162.5,1.89,1.79,2.06,6.0,172.0,0.4585015087890626,False,PUT,2026-02-13,BABA
BABA260213P00165000,165.0,2.59,2.36,2.7,40.0,680.0,0.4572808178710938,False,PUT,2026-02-13,BABA
BABA260213P00167500,167.5,3.3,3.05,3.4,40.0,134.0,0.4505670178222656,False,PUT,2026-02-13,BABA
BABA260213P00170000,170.0,4.15,4.0,4.45,187.0,1172.0,0.45972219970703126,False,PUT,2026-02-13,BABA
BABA260213P00172500,172.5,5.15,5.05,5.55,85.0,343.0,0.4611870288085938,False,PUT,2026-02-13,BABA
BABA260213P00175000,175.0,6.4,6.3,6.8,131.0,454.0,0.4626518579101563,True,PUT,2026-02-13,BABA
BABA260213P00177500,177.5,8.17,7.7,8.15,19.0,197.0,0.46082082153320314,True,PUT,2026-02-13,BABA
BABA260213P00180000,180.0,11.17,9.2,10.0,58.0,129.0,0.48413601806640627,True,PUT,2026-02-13,BABA
BABA260213P00182500,182.5,11.62,10.9,11.5,1.0,5.0,0.4738822143554688,True,PUT,2026-02-13,BABA
BABA260213P00185000,185.0,10.05,12.7,13.35,30.0,36.0,0.4802298071289062,True,PUT,2026-02-13,BABA
BABA260213P00190000,190.0,16.93,16.45,17.25,70.0,76.0,0.4848684326171875,True,PUT,2026-02-13,BABA
BABA260213P00200000,200.0,22.8,25.15,26.4,1.0,27.0,0.5520064331054688,True,PUT,2026-02-13,BABA
BABA260213P00205000,205.0,28.09,29.75,31.05,1.0,7.0,0.570316796875,True,PUT,2026-02-13,BABA
BABA260220C00125000,125.0,48.89,48.75,50.8,2.0,462.0,0.8747571118164061,True,CALL,2026-02-20,BABA
BABA260220C00130000,130.0,44.29,44.65,45.95,6.0,1351.0,0.6669955175781253,True,CALL,2026-02-20,BABA
BABA260220C00135000,135.0,46.0,38.9,41.0,14.0,2155.0,0.7446314599609375,True,CALL,2026-02-20,BABA
BABA260220C00140000,140.0,33.2,35.15,36.5,28.0,1295.0,0.6333044482421876,True,CALL,2026-02-20,BABA
BABA260220C00145000,145.0,30.65,30.65,30.65,50.0,3001.0,0.5258836474609375,True,CALL,2026-02-20,BABA
BABA260220C00150000,150.0,26.3,25.9,26.5,62.0,6370.0,0.52539537109375,True,CALL,2026-02-20,BABA
BABA260220C00152500,152.5,22.15,23.1,24.6,6.0,9.0,0.5009815527343751,True,CALL,2026-02-20,BABA
BABA260220C00155000,155.0,21.2,21.3,22.05,24.0,9142.0,0.5273484765625001,True,CALL,2026-02-20,BABA
BABA260220C00157500,157.5,19.19,19.1,19.8,5.0,45.0,0.503056727294922,True,CALL,2026-02-20,BABA
BABA260220C00160000,160.0,17.5,16.85,17.95,89.0,10909.0,0.506840869140625,True,CALL,2026-02-20,BABA
BABA260220C00162500,162.5,15.57,15.1,16.1,11.0,40.0,0.5028125891113282,True,CALL,2026-02-20,BABA
BABA260220C00165000,165.0,13.8,13.1,13.95,52.0,14997.0,0.4726615234375,True,CALL,2026-02-20,BABA
BABA260220C00167500,167.5,10.75,11.8,12.5,9.0,321.0,0.4826711889648438,True,CALL,2026-02-20,BABA
BABA260220C00170000,170.0,10.6,10.1,10.75,616.0,21722.0,0.4666801379394532,True,CALL,2026-02-20,BABA
BABA260220C00172500,172.5,9.3,9.05,9.45,80.0,714.0,0.47083048706054687,True,CALL,2026-02-20,BABA
BABA260220C00175000,175.0,8.3,7.8,8.2,373.0,6553.0,0.47070841796875,False,CALL,2026-02-20,BABA
BABA260220C00177500,177.5,7.02,6.65,7.1,186.0,454.0,0.4722953161621094,False,CALL,2026-02-20,BABA
BABA260220C00180000,180.0,5.94,5.8,6.1,5301.0,14502.0,0.47290566162109376,False,CALL,2026-02-20,BABA
BABA260220C00182500,182.5,5.35,4.95,5.3,30.0,328.0,0.4788870471191406,False,CALL,2026-02-20,BABA
BABA260220C00185000,185.0,4.45,4.25,4.5,425.0,4528.0,0.47876497802734375,False,CALL,2026-02-20,BABA
BABA260220C00187500,187.5,3.8,3.6,3.85,81.0,765.0,0.4820608435058594,False,CALL,2026-02-20,BABA
BABA260220C00190000,190.0,3.2,3.2,3.35,1357.0,7219.0,0.48987326538085946,False,CALL,2026-02-20,BABA
BABA260220C00195000,195.0,2.36,2.23,2.38,178.0,4754.0,0.49255878540039066,False,CALL,2026-02-20,BABA
BABA260220C00200000,200.0,1.73,1.69,1.73,1976.0,20160.0,0.5014698291015626,False,CALL,2026-02-20,BABA
BABA260220C00205000,205.0,1.21,1.15,1.32,348.0,606.0,0.5080615600585938,False,CALL,2026-02-20,BABA
BABA260220C00210000,210.0,0.85,0.74,0.93,1254.0,4792.0,0.5085498364257812,False,CALL,2026-02-20,BABA
BABA260220C00215000,215.0,0.65,0.59,0.68,10.0,1749.0,0.5236864038085938,False,CALL,2026-02-20,BABA
BABA260220C00220000,220.0,0.5,0.45,0.5,779.0,15543.0,0.5356491748046875,False,CALL,2026-02-20,BABA
BABA260220C00225000,225.0,0.39,0.33,0.39,103.0,1268.0,0.5478560839843751,False,CALL,2026-02-20,BABA
BABA260220P00125000,125.0,0.09,0.01,0.09,18.0,3567.0,0.5507857421875001,False,PUT,2026-02-20,BABA
BABA260220P00130000,130.0,0.12,0.1,0.19,38.0,5310.0,0.567387138671875,False,PUT,2026-02-20,BABA
BABA260220P00135000,135.0,0.22,0.15,0.28,45.0,6553.0,0.5366257275390626,False,PUT,2026-02-20,BABA
BABA260220P00140000,140.0,0.25,0.2,0.28,122.0,7562.0,0.49414568359375005,False,PUT,2026-02-20,BABA
BABA260220P00145000,145.0,0.4,0.38,0.44,15.0,4198.0,0.46851117431640626,False,PUT,2026-02-20,BABA
BABA260220P00150000,150.0,0.71,0.64,0.72,173.0,8012.0,0.44824770507812495,False,PUT,2026-02-20,BABA
BABA260220P00152500,152.5,0.64,0.84,0.95,3.0,221.0,0.44287666503906253,False,PUT,2026-02-20,BABA
BABA260220P00155000,155.0,1.17,1.1,1.2,367.0,11316.0,0.43335527587890627,False,PUT,2026-02-20,BABA
BABA260220P00157500,157.5,1.57,1.44,1.58,6.0,251.0,0.43066975585937506,False,PUT,2026-02-20,BABA
BABA260220P00160000,160.0,1.97,1.89,2.02,858.0,8203.0,0.4255428540039063,False,PUT,2026-02-20,BABA
BABA260220P00162500,162.5,2.7,2.44,2.69,9.0,1534.0,0.4309138940429688,False,PUT,2026-02-20,BABA
BABA260220P00165000,165.0,3.28,3.15,3.4,496.0,14077.0,0.43005941040039064,False,PUT,2026-02-20,BABA
BABA260220P00167500,167.5,4.63,3.95,4.25,15.0,1182.0,0.43030354858398445,False,PUT,2026-02-20,BABA
BABA260220P00170000,170.0,5.18,4.95,5.3,110.0,9009.0,0.43469803588867195,False,PUT,2026-02-20,BABA
BABA260220P00172500,172.5,6.47,6.1,6.4,15.0,104.0,0.43408769042968753,False,PUT,2026-02-20,BABA
BABA260220P00175000,175.0,7.62,7.4,7.7,670.0,3260.0,0.43726148681640625,True,PUT,2026-02-20,BABA
BABA260220P00177500,177.5,8.5,8.7,9.05,12.0,131.0,0.4359187268066406,True,PUT,2026-02-20,BABA
BABA260220P00180000,180.0,11.5,10.35,10.7,33.0,2549.0,0.44470770141601557,True,PUT,2026-02-20,BABA
BABA260220P00182500,182.5,10.75,11.9,12.4,11.0,38.0,0.4498346032714844,True,PUT,2026-02-20,BABA
BABA260220P00185000,185.0,15.3,13.55,14.05,6.0,609.0,0.445318046875,True,PUT,2026-02-20,BABA
BABA260220P00187500,187.5,20.5,15.45,16.4,40.0,40.0,0.47986359985351557,True,PUT,2026-02-20,BABA
BABA260220P00190000,190.0,20.0,17.45,18.1,6.0,231.0,0.46655806884765627,True,PUT,2026-02-20,BABA
BABA260220P00195000,195.0,23.4,21.3,22.4,10.0,22.0,0.48743188354492195,True,PUT,2026-02-20,BABA
BABA260220P00200000,200.0,26.2,25.4,26.7,2.0,46.0,0.4907277490234375,True,PUT,2026-02-20,BABA
BABA260220P00205000,205.0,31.25,30.25,31.35,11.0,7.0,0.5117236328125,True,PUT,2026-02-20,BABA
BABA260220P00210000,210.0,44.18,34.9,36.05,1.0,7.0,0.5271043383789062,True,PUT,2026-02-20,BABA
BABA260220P00220000,220.0,53.72,44.35,45.7,20.0,0.0,0.5644574804687501,True,PUT,2026-02-20,BABA
BABA260227C00130000,130.0,35.66,43.95,46.6,,1.0,0.5766643896484375,True,CALL,2026-02-27,BABA
BABA260227C00134000,134.0,38.1,40.15,43.45,,21.0,0.6350134155273439,True,CALL,2026-02-27,BABA
BABA260227C00135000,135.0,41.47,39.15,41.95,2.0,3.0,0.57617611328125,True,CALL,2026-02-27,BABA
BABA260227C00137000,137.0,30.85,37.25,40.2,,3.0,0.5803264624023439,True,CALL,2026-02-27,BABA
BABA260227C00138000,138.0,30.27,36.3,39.65,,1.0,0.6047402807617189,True,CALL,2026-02-27,BABA
BABA260227C00139000,139.0,36.3,35.35,38.4,20.0,21.0,0.5759319750976561,True,CALL,2026-02-27,BABA
BABA260227C00140000,140.0,34.01,34.4,37.3,1.0,2.0,0.5581098876953126,True,CALL,2026-02-27,BABA
BABA260227C00145000,145.0,32.25,30.75,32.15,9.0,16.0,0.5607954077148438,True,CALL,2026-02-27,BABA
BABA260227C00147000,147.0,29.74,28.75,30.5,2.0,7.0,0.5485884985351563,True,CALL,2026-02-27,BABA
BABA260227C00149000,149.0,19.3,26.95,28.35,8.0,17.0,0.5205126074218749,True,CALL,2026-02-27,BABA
BABA260227C00150000,150.0,32.0,26.05,27.4,12.0,52.0,0.5122119091796875,True,CALL,2026-02-27,BABA
BABA260227C00152500,152.5,28.95,23.95,25.4,6.0,49.0,0.5122119091796875,True,CALL,2026-02-27,BABA
BABA260227C00155000,155.0,21.35,22.05,22.7,25.0,40.0,0.5120898400878906,True,CALL,2026-02-27,BABA
BABA260227C00157500,157.5,20.39,20.2,21.05,3.0,14.0,0.528447098388672,True,CALL,2026-02-27,BABA
BABA260227C00160000,160.0,17.3,18.3,19.05,3.0,96.0,0.5148974291992188,True,CALL,2026-02-27,BABA
BABA260227C00162500,162.5,17.02,16.25,17.8,1.0,188.0,0.5417526293945314,True,CALL,2026-02-27,BABA
BABA260227C00165000,165.0,15.3,15.1,15.55,12.0,323.0,0.5050098327636718,True,CALL,2026-02-27,BABA
BABA260227C00167500,167.5,13.8,13.5,14.1,8.0,240.0,0.5089160437011719,True,CALL,2026-02-27,BABA
BABA260227C00170000,170.0,12.65,12.05,12.65,142.0,1187.0,0.5074512145996093,True,CALL,2026-02-27,BABA
BABA260227C00172500,172.5,10.88,10.5,11.25,34.0,695.0,0.5035450036621094,True,CALL,2026-02-27,BABA
BABA260227C00175000,175.0,9.79,9.5,10.15,132.0,454.0,0.5097705273437501,False,CALL,2026-02-27,BABA
BABA260227C00177500,177.5,8.8,8.45,8.95,98.0,281.0,0.5061084545898438,False,CALL,2026-02-27,BABA
BABA260227C00180000,180.0,7.9,7.4,8.0,289.0,1223.0,0.5101367346191408,False,CALL,2026-02-27,BABA
BABA260227C00182500,182.5,6.55,6.7,7.1,44.0,169.0,0.5019581054687501,False,CALL,2026-02-27,BABA
BABA260227C00185000,185.0,6.05,5.95,6.25,91.0,672.0,0.504460521850586,False,CALL,2026-02-27,BABA
BABA260227C00187500,187.5,5.2,5.2,5.6,1.0,38.0,0.5080615600585938,False,CALL,2026-02-27,BABA
BABA260227C00190000,190.0,5.0,4.7,4.95,81.0,527.0,0.514531221923828,False,CALL,2026-02-27,BABA
BABA260227C00192500,192.5,3.66,4.1,4.4,2.0,71.0,0.5172167419433593,False,CALL,2026-02-27,BABA
BABA260227C00195000,195.0,3.7,3.65,3.75,14.0,171.0,0.5177050183105469,False,CALL,2026-02-27,BABA
BABA260227C00197500,197.5,3.76,3.0,3.35,1.0,51.0,0.51562984375,False,CALL,2026-02-27,BABA
BABA260227C00200000,200.0,3.0,2.89,3.1,209.0,944.0,0.5334519311523438,False,CALL,2026-02-27,BABA
BABA260227C00205000,205.0,2.26,2.26,2.41,9.0,267.0,0.5408981457519533,False,CALL,2026-02-27,BABA
BABA260227C00210000,210.0,1.85,1.8,2.11,75.0,261.0,0.5603071313476562,False,CALL,2026-02-27,BABA
BABA260227C00215000,215.0,1.39,1.27,1.62,10.0,111.0,0.5585981640625001,False,CALL,2026-02-27,BABA
BABA260227C00220000,220.0,1.15,1.13,1.21,34.0,314.0,0.5708050732421875,False,CALL,2026-02-27,BABA
BABA260227C00225000,225.0,0.94,0.88,0.98,54.0,144.0,0.5795940478515625,False,CALL,2026-02-27,BABA
BABA260227P00125000,125.0,0.18,0.0,0.54,3.0,251.0,0.6103554589843752,False,PUT,2026-02-27,BABA
BABA260227P00130000,130.0,0.23,0.09,0.3,41.0,76.0,0.5195360546875,False,PUT,2026-02-27,BABA
BABA260227P00134000,134.0,0.48,0.15,0.45,7.0,163.0,0.5097705273437501,False,PUT,2026-02-27,BABA
BABA260227P00135000,135.0,0.47,0.19,0.85,3.0,62.0,0.55273884765625,False,PUT,2026-02-27,BABA
BABA260227P00136000,136.0,0.47,0.18,0.91,105.0,76.0,0.5449264257812501,False,PUT,2026-02-27,BABA
BABA260227P00137000,137.0,0.4,0.25,0.47,1.0,2.0,0.5161181201171875,False,PUT,2026-02-27,BABA
BABA260227P00138000,138.0,0.39,0.42,0.52,1.0,63.0,0.5034229345703125,False,PUT,2026-02-27,BABA
BABA260227P00139000,139.0,0.52,0.47,0.57,61.0,266.0,0.5009815527343751,False,PUT,2026-02-27,BABA
BABA260227P00140000,140.0,0.6,0.52,0.63,22.0,310.0,0.5090381127929688,False,PUT,2026-02-27,BABA
BABA260227P00141000,141.0,0.42,0.58,0.67,7.0,53.0,0.5029346582031251,False,PUT,2026-02-27,BABA
BABA260227P00142000,142.0,0.68,0.62,0.73,20.0,133.0,0.4995167236328125,False,PUT,2026-02-27,BABA
BABA260227P00143000,143.0,0.59,0.7,0.79,1.0,6.0,0.49561051269531253,False,PUT,2026-02-27,BABA
BABA260227P00144000,144.0,1.18,0.77,0.91,1.0,146.0,0.49927258544921876,False,PUT,2026-02-27,BABA
BABA260227P00145000,145.0,1.03,0.8,0.93,9.0,390.0,0.48828636718750007,False,PUT,2026-02-27,BABA
BABA260227P00146000,146.0,0.75,0.96,1.03,3.0,332.0,0.4875539526367188,False,PUT,2026-02-27,BABA
BABA260227P00147000,147.0,0.83,1.03,1.13,2.0,82.0,0.48560084716796875,False,PUT,2026-02-27,BABA
BABA260227P00148000,148.0,1.16,1.14,1.37,11.0,174.0,0.4982960327148438,False,PUT,2026-02-27,BABA
BABA260227P00149000,149.0,1.37,1.28,1.35,5.0,63.0,0.481450498046875,False,PUT,2026-02-27,BABA
BABA260227P00150000,150.0,1.54,1.35,1.47,228.0,518.0,0.4792532543945312,False,PUT,2026-02-27,BABA
BABA260227P00152500,152.5,2.01,1.66,1.91,21.0,82.0,0.48242705078125003,False,PUT,2026-02-27,BABA
BABA260227P00155000,155.0,2.26,1.97,2.25,18.0,402.0,0.4710746252441406,False,PUT,2026-02-27,BABA
BABA260227P00157500,157.5,2.63,2.61,2.95,9.0,131.0,0.481450498046875,False,PUT,2026-02-27,BABA
BABA260227P00160000,160.0,3.4,3.15,3.4,23.0,425.0,0.4679008288574219,False,PUT,2026-02-27,BABA
BABA260227P00162500,162.5,3.95,3.9,4.1,16.0,126.0,0.46570358520507815,False,PUT,2026-02-27,BABA
BABA260227P00165000,165.0,4.78,4.65,4.95,26.0,378.0,0.4664359997558594,False,PUT,2026-02-27,BABA
BABA260227P00167500,167.5,5.33,5.6,5.9,20.0,79.0,0.46680220703125,False,PUT,2026-02-27,BABA
BABA260227P00170000,170.0,6.8,6.65,7.05,59.0,603.0,0.4720511779785156,False,PUT,2026-02-27,BABA
BABA260227P00172500,172.5,8.05,7.75,8.25,100.0,64.0,0.47400428344726564,False,PUT,2026-02-27,BABA
BABA260227P00175000,175.0,9.3,9.0,9.55,162.0,318.0,0.4755301470947265,True,PUT,2026-02-27,BABA
BABA260227P00177500,177.5,10.5,9.85,10.9,87.0,173.0,0.47437049072265625,True,PUT,2026-02-27,BABA
BABA260227P00180000,180.0,12.67,11.9,12.45,6.0,621.0,0.4781546325683594,True,PUT,2026-02-27,BABA
BABA260227P00182500,182.5,11.4,13.35,14.25,4.0,2.0,0.48993429992675785,True,PUT,2026-02-27,BABA
BABA260227P00190000,190.0,20.53,18.9,19.75,8.0,8.0,0.5056201782226561,True,PUT,2026-02-27,BABA
BABA260227P00195000,195.0,27.65,22.45,23.8,,35.0,0.518681571044922,True,PUT,2026-02-27,BABA
BABA260227P00197500,197.5,26.95,25.0,25.7,1.0,0.0,0.5117236328125,True,PUT,2026-02-27,BABA
BABA260227P00200000,200.0,26.29,26.45,28.15,,1.0,0.5383346948242189,True,PUT,2026-02-27,BABA
BABA260227P00210000,210.0,39.6,35.35,36.9,1.0,1.0,0.5481002221679689,True,PUT,2026-02-27,BABA
BABA260306C00145000,145.0,32.15,31.1,32.7,1.0,2.0,0.5467574621582032,True,CALL,2026-03-06,BABA
BABA260306C00150000,150.0,24.53,26.7,28.55,1.0,3.0,0.5317429638671876,True,CALL,2026-03-06,BABA
BABA260306C00152500,152.5,25.4,25.0,26.35,13.0,3.0,0.5317429638671876,True,CALL,2026-03-06,BABA
BABA260306C00160000,160.0,18.16,18.75,19.9,4.0,16.0,0.5109912182617188,True,CALL,2026-03-06,BABA
BABA260306C00165000,165.0,16.35,15.85,16.5,56.0,16.0,0.5022022436523439,True,CALL,2026-03-06,BABA
BABA260306C00167500,167.5,14.5,14.55,15.05,2.0,4.0,0.5039112109375,True,CALL,2026-03-06,BABA
BABA260306C00170000,170.0,12.3,13.15,13.75,36.0,554.0,0.5081836291503907,True,CALL,2026-03-06,BABA
BABA260306C00172500,172.5,12.17,11.8,12.5,6.0,388.0,0.5105029418945313,True,CALL,2026-03-06,BABA
BABA260306C00175000,175.0,10.95,10.65,11.2,798.0,185.0,0.5064136273193358,False,CALL,2026-03-06,BABA
BABA260306C00177500,177.5,10.1,9.4,10.1,31.0,8.0,0.5074512145996093,False,CALL,2026-03-06,BABA
BABA260306C00180000,180.0,8.85,8.55,9.15,31.0,110.0,0.5113574255371094,False,CALL,2026-03-06,BABA
BABA260306C00182500,182.5,7.95,7.75,8.3,6.0,3.0,0.5036670727539063,False,CALL,2026-03-06,BABA
BABA260306C00185000,185.0,7.0,7.05,7.4,5.0,414.0,0.5070850073242188,False,CALL,2026-03-06,BABA
BABA260306C00187500,187.5,8.63,6.2,6.65,1.0,6.0,0.5069629382324219,False,CALL,2026-03-06,BABA
BABA260306C00190000,190.0,5.65,5.6,6.0,50.0,55.0,0.5119677709960937,False,CALL,2026-03-06,BABA
BABA260306C00195000,195.0,4.55,4.5,4.85,19.0,117.0,0.5191698474121094,False,CALL,2026-03-06,BABA
BABA260306C00200000,200.0,3.72,3.6,3.95,112.0,145.0,0.5271043383789062,False,CALL,2026-03-06,BABA
BABA260306C00205000,205.0,3.0,2.74,3.15,5.0,428.0,0.5283250292968751,False,CALL,2026-03-06,BABA
BABA260306C00215000,215.0,2.05,1.91,2.05,6.0,17.0,0.5494429821777345,False,CALL,2026-03-06,BABA
BABA260306C00220000,220.0,1.45,1.54,1.69,2.0,4.0,0.5581098876953126,False,CALL,2026-03-06,BABA
BABA260306P00130000,130.0,0.4,0.15,0.49,121.0,122.0,0.508793974609375,False,PUT,2026-03-06,BABA
BABA260306P00145000,145.0,1.14,0.92,1.2,11.0,1095.0,0.47070841796875,False,PUT,2026-03-06,BABA
BABA260306P00150000,150.0,1.76,1.6,1.97,4.0,1490.0,0.47461462890625,False,PUT,2026-03-06,BABA
BABA260306P00152500,152.5,2.18,1.94,2.37,1.0,49.0,0.4694877270507813,False,PUT,2026-03-06,BABA
BABA260306P00155000,155.0,2.64,2.42,2.75,1.0,41.0,0.4588677160644532,False,PUT,2026-03-06,BABA
BABA260306P00157500,157.5,3.2,3.0,3.35,2.0,46.0,0.4585015087890626,False,PUT,2026-03-06,BABA
BABA260306P00160000,160.0,4.1,3.65,4.1,5.0,116.0,0.46179737426757816,False,PUT,2026-03-06,BABA
BABA260306P00162500,162.5,4.5,4.45,4.95,2.0,7.0,0.46497117065429694,False,PUT,2026-03-06,BABA
BABA260306P00165000,165.0,5.57,5.35,5.8,2.0,31.0,0.46307909973144534,False,PUT,2026-03-06,BABA
BABA260306P00167500,167.5,6.4,6.35,6.95,76.0,29.0,0.4710746252441406,False,PUT,2026-03-06,BABA
BABA260306P00170000,170.0,8.8,7.45,7.9,12.0,17.0,0.4647270324707031,False,PUT,2026-03-06,BABA
BABA260306P00172500,172.5,9.0,8.7,9.15,4.0,4.0,0.4679008288574219,False,PUT,2026-03-06,BABA
BABA260306P00177500,177.5,11.55,11.45,12.25,22.0,7.0,0.48792015991210946,True,PUT,2026-03-06,BABA
BABA260306P00180000,180.0,14.54,12.45,13.5,1.0,2.0,0.4782156671142578,True,PUT,2026-03-06,BABA
BABA260306P00182500,182.5,13.9,14.55,15.5,3.0,10.0,0.4986622399902344,True,PUT,2026-03-06,BABA
BABA260306P00185000,185.0,18.09,15.75,16.9,1.0,1.0,0.4879811944580079,True,PUT,2026-03-06,BABA
BABA260306P00190000,190.0,21.25,19.35,20.45,10.0,7.0,0.4904836108398438,True,PUT,2026-03-06,BABA
BABA260320C00125000,125.0,51.69,49.5,51.85,1.0,501.0,0.5681195532226562,True,CALL,2026-03-20,BABA
BABA260320C00130000,130.0,51.5,45.45,47.1,2.0,4083.0,0.5891154370117189,True,CALL,2026-03-20,BABA
BABA260320C00135000,135.0,43.8,39.85,42.15,1.0,3952.0,0.500005,True,CALL,2026-03-20,BABA
BABA260320C00140000,140.0,36.25,36.35,37.35,9.0,2604.0,0.5227098510742187,True,CALL,2026-03-20,BABA
BABA260320C00145000,145.0,35.49,31.85,32.95,1.0,3159.0,0.5019581054687501,True,CALL,2026-03-20,BABA
BABA260320C00150000,150.0,28.6,27.55,28.4,51.0,11352.0,0.4996387927246094,True,CALL,2026-03-20,BABA
BABA260320C00155000,155.0,24.5,23.95,24.85,27.0,9556.0,0.5069629382324219,True,CALL,2026-03-20,BABA
BABA260320C00160000,160.0,20.85,20.5,21.0,86.0,16194.0,0.4858449853515625,True,CALL,2026-03-20,BABA
BABA260320C00165000,165.0,17.6,17.35,18.0,73.0,12127.0,0.4907277490234375,True,CALL,2026-03-20,BABA
BABA260320C00170000,170.0,14.95,14.55,15.15,596.0,29488.0,0.4882253326416016,True,CALL,2026-03-20,BABA
BABA260320C00175000,175.0,12.55,12.55,12.7,456.0,12651.0,0.48901878173828134,False,CALL,2026-03-20,BABA
BABA260320C00180000,180.0,10.55,10.25,10.65,632.0,24615.0,0.493291199951172,False,CALL,2026-03-20,BABA
BABA260320C00185000,185.0,8.85,8.45,8.85,194.0,5102.0,0.49597671997070314,False,CALL,2026-03-20,BABA
BABA260320C00190000,190.0,7.2,7.0,7.25,360.0,5830.0,0.4960377545166016,False,CALL,2026-03-20,BABA
BABA260320C00195000,195.0,5.93,5.8,6.1,24.0,8492.0,0.5049487982177734,False,CALL,2026-03-20,BABA
BABA260320C00200000,200.0,4.85,4.85,5.1,1774.0,34850.0,0.5062305236816407,False,CALL,2026-03-20,BABA
BABA260320C00210000,210.0,3.45,3.3,3.45,174.0,10755.0,0.5152636364746093,False,CALL,2026-03-20,BABA
BABA260320C00220000,220.0,2.35,2.24,2.4,443.0,20148.0,0.5266160620117188,False,CALL,2026-03-20,BABA
BABA260320P00125000,125.0,0.41,0.26,0.42,4000.0,23342.0,0.5053760400390624,False,PUT,2026-03-20,BABA
BABA260320P00130000,130.0,0.5,0.41,0.55,22474.0,66602.0,0.4797415307617187,False,PUT,2026-03-20,BABA
BABA260320P00135000,135.0,0.71,0.64,0.74,133.0,21944.0,0.45703667968750006,False,PUT,2026-03-20,BABA
BABA260320P00140000,140.0,1.03,0.97,1.19,4789.0,60212.0,0.4555718505859375,False,PUT,2026-03-20,BABA
BABA260320P00145000,145.0,1.54,1.5,1.57,24516.0,42125.0,0.4331111376953125,False,PUT,2026-03-20,BABA
BABA260320P00150000,150.0,2.27,2.21,2.39,300.0,23268.0,0.4325007922363281,False,PUT,2026-03-20,BABA
BABA260320P00155000,155.0,3.37,3.25,3.55,184.0,17071.0,0.43530838134765626,False,PUT,2026-03-20,BABA
BABA260320P00160000,160.0,4.84,4.7,5.05,141.0,14406.0,0.43836010864257813,False,PUT,2026-03-20,BABA
BABA260320P00165000,165.0,6.82,6.6,6.9,687.0,6961.0,0.44116769775390624,False,PUT,2026-03-20,BABA
BABA260320P00170000,170.0,9.35,8.95,9.2,298.0,4424.0,0.44739322143554683,False,PUT,2026-03-20,BABA
BABA260320P00175000,175.0,11.53,11.5,11.75,32.0,4895.0,0.4492852923583984,True,PUT,2026-03-20,BABA
BABA260320P00180000,180.0,14.98,14.4,14.7,20.0,4582.0,0.453557710571289,True,PUT,2026-03-20,BABA
BABA260320P00185000,185.0,16.97,17.45,18.0,23.0,590.0,0.45929495788574226,True,PUT,2026-03-20,BABA
BABA260320P00190000,190.0,22.2,20.65,21.55,3.0,329.0,0.463872548828125,True,PUT,2026-03-20,BABA
BABA260320P00195000,195.0,24.35,24.65,25.35,11.0,2033.0,0.4686332434082031,True,PUT,2026-03-20,BABA
BABA260320P00200000,200.0,30.2,28.3,29.2,5.0,360.0,0.46570358520507815,True,PUT,2026-03-20,BABA
BABA260320P00210000,210.0,34.25,37.3,37.7,4.0,13.0,0.471684970703125,True,PUT,2026-03-20,BABA
BABA260320P00220000,220.0,54.95,45.6,47.0,50.0,52.0,0.49841810180664065,True,PUT,2026-03-20,BABA
BABA260417C00125000,125.0,42.48,50.25,52.6,2.0,95.0,0.5358933129882812,True,CALL,2026-04-17,BABA
BABA260417C00130000,130.0,49.0,45.6,47.9,6.0,226.0,0.5127001855468749,True,CALL,2026-04-17,BABA
BABA260417C00135000,135.0,47.9,41.95,43.25,1.0,210.0,0.5195360546875,True,CALL,2026-04-17,BABA
BABA260417C00140000,140.0,38.12,37.65,38.85,5.0,220.0,0.5031787963867188,True,CALL,2026-04-17,BABA
BABA260417C00145000,145.0,34.4,33.7,34.5,3.0,283.0,0.5092212164306642,True,CALL,2026-04-17,BABA
BABA260417C00150000,150.0,30.23,29.75,30.5,27.0,3300.0,0.49384051086425784,True,CALL,2026-04-17,BABA
BABA260417C00155000,155.0,28.17,26.1,26.65,1.0,374.0,0.4776663562011719,True,CALL,2026-04-17,BABA
BABA260417C00160000,160.0,21.42,22.85,23.55,32.0,3066.0,0.4813284289550781,True,CALL,2026-04-17,BABA
BABA260417C00165000,165.0,18.15,19.25,20.8,185.0,2753.0,0.4872487799072266,True,CALL,2026-04-17,BABA
BABA260417C00170000,170.0,17.55,17.2,17.8,101.0,5581.0,0.47632359619140624,True,CALL,2026-04-17,BABA
BABA260417C00175000,175.0,15.1,14.8,15.35,61.0,2301.0,0.4749198016357422,False,CALL,2026-04-17,BABA
BABA260417C00180000,180.0,13.0,12.8,13.05,676.0,7483.0,0.470281176147461,False,CALL,2026-04-17,BABA
BABA260417C00185000,185.0,11.25,10.7,11.55,143.0,3636.0,0.48291532714843755,False,CALL,2026-04-17,BABA
BABA260417C00190000,190.0,9.75,9.4,9.9,148.0,4049.0,0.483952914428711,False,CALL,2026-04-17,BABA
BABA260417C00195000,195.0,8.3,8.05,8.4,93.0,1663.0,0.4832204998779297,False,CALL,2026-04-17,BABA
BABA260417C00200000,200.0,7.01,6.9,7.2,3732.0,10705.0,0.4862111926269531,False,CALL,2026-04-17,BABA
BABA260417C00210000,210.0,5.3,5.1,5.4,533.0,6295.0,0.497197410888672,False,CALL,2026-04-17,BABA
BABA260417C00220000,220.0,3.85,3.7,3.95,94.0,7341.0,0.5026905200195313,False,CALL,2026-04-17,BABA
BABA260417P00125000,125.0,0.63,0.56,0.73,11.0,616.0,0.45288633056640626,False,PUT,2026-04-17,BABA
BABA260417P00130000,130.0,0.97,0.91,1.03,25.0,8077.0,0.44214425048828127,False,PUT,2026-04-17,BABA
BABA260417P00135000,135.0,1.36,1.16,1.46,13.0,4248.0,0.43408769042968753,False,PUT,2026-04-17,BABA
BABA260417P00140000,140.0,1.95,1.83,2.11,196.0,5372.0,0.4315242395019532,False,PUT,2026-04-17,BABA
BABA260417P00145000,145.0,2.88,2.62,2.88,17.0,2030.0,0.4249325085449219,False,PUT,2026-04-17,BABA
BABA260417P00150000,150.0,3.8,3.65,3.95,18.0,6319.0,0.4229794030761719,False,PUT,2026-04-17,BABA
BABA260417P00155000,155.0,5.32,4.95,5.3,2678.0,2318.0,0.42200285034179685,False,PUT,2026-04-17,BABA
BABA260417P00160000,160.0,6.86,6.6,7.1,16.0,3610.0,0.4271297521972657,False,PUT,2026-04-17,BABA
BABA260417P00165000,165.0,8.81,8.5,8.85,15.0,3139.0,0.41992767578125,False,PUT,2026-04-17,BABA
BABA260417P00170000,170.0,10.91,10.75,11.2,9.0,2425.0,0.42304043762207033,False,PUT,2026-04-17,BABA
BABA260417P00175000,175.0,12.35,13.4,13.9,4.0,717.0,0.4274959594726563,True,PUT,2026-04-17,BABA
BABA260417P00180000,180.0,16.76,16.2,17.05,101.0,723.0,0.43695631408691404,True,PUT,2026-04-17,BABA
BABA260417P00185000,185.0,19.6,19.45,19.9,2.0,253.0,0.42889975402832037,True,PUT,2026-04-17,BABA
BABA260417P00190000,190.0,24.75,22.85,23.9,13.0,42.0,0.44940736145019533,True,PUT,2026-04-17,BABA
BABA260417P00195000,195.0,28.27,26.5,27.15,11.0,20.0,0.43884838500976564,True,PUT,2026-04-17,BABA
BABA260417P00200000,200.0,33.5,30.35,31.1,1.0,207.0,0.444768735961914,True,PUT,2026-04-17,BABA
BABA260417P00210000,210.0,41.35,38.5,39.3,5.0,82.0,0.4500787414550781,True,PUT,2026-04-17,BABA
BABA260417P00220000,220.0,44.9,46.95,47.7,45.0,52.0,0.4390925231933594,True,PUT,2026-04-17,BABA
BABA260515C00125000,125.0,52.86,51.25,53.85,5.0,76.0,0.5376022802734376,True,CALL,2026-05-15,BABA
BABA260515C00130000,130.0,46.85,47.8,49.0,1.0,54.0,0.5367477966308594,True,CALL,2026-05-15,BABA
BABA260515C00135000,135.0,44.85,43.55,44.8,1.0,45.0,0.524418818359375,True,CALL,2026-05-15,BABA
BABA260515C00140000,140.0,37.55,39.4,40.3,4.0,478.0,0.5026905200195313,True,CALL,2026-05-15,BABA
BABA260515C00145000,145.0,37.13,35.6,36.8,1.0,197.0,0.5029346582031251,True,CALL,2026-05-15,BABA
BABA260515C00150000,150.0,32.4,32.0,32.7,2.0,213.0,0.5008594836425782,True,CALL,2026-05-15,BABA
BABA260515C00155000,155.0,28.0,28.7,29.55,6.0,2296.0,0.5031177618408205,True,CALL,2026-05-15,BABA
BABA260515C00160000,160.0,26.1,25.5,26.15,67.0,579.0,0.4910939562988281,True,CALL,2026-05-15,BABA
BABA260515C00165000,165.0,23.17,22.05,23.5,3.0,472.0,0.49493913269042966,True,CALL,2026-05-15,BABA
BABA260515C00170000,170.0,18.64,20.1,20.7,14.0,814.0,0.48828636718750007,True,CALL,2026-05-15,BABA
BABA260515C00175000,175.0,17.95,17.7,18.3,93.0,1102.0,0.4866994689941406,False,CALL,2026-05-15,BABA
BABA260515C00180000,180.0,15.95,15.65,16.5,60.0,969.0,0.4954274090576172,False,CALL,2026-05-15,BABA
BABA260515C00185000,185.0,14.0,14.0,14.25,73.0,802.0,0.48682153808593753,False,CALL,2026-05-15,BABA
BABA260515C00190000,190.0,12.35,12.25,12.65,55.0,1331.0,0.4903615417480469,False,CALL,2026-05-15,BABA
BABA260515C00195000,195.0,10.85,10.6,11.15,29.0,203.0,0.4918874053955079,False,CALL,2026-05-15,BABA
BABA260515C00200000,200.0,9.55,9.4,9.8,267.0,5616.0,0.4929860272216797,False,CALL,2026-05-15,BABA
BABA260515C00210000,210.0,7.57,7.3,7.6,80.0,2747.0,0.497197410888672,False,CALL,2026-05-15,BABA
BABA260515C00220000,220.0,5.8,5.6,5.95,18.0,591.0,0.5037891418457032,False,CALL,2026-05-15,BABA
BABA260515P00125000,125.0,1.15,1.22,1.33,2.0,523.0,0.446294599609375,False,PUT,2026-05-15,BABA
BABA260515P00130000,130.0,1.82,1.69,1.8,16.0,1473.0,0.43836010864257813,False,PUT,2026-05-15,BABA
BABA260515P00135000,135.0,2.4,2.3,2.42,3.0,688.0,0.43201251586914063,False,PUT,2026-05-15,BABA
BABA260515P00140000,140.0,3.11,3.1,3.3,205.0,1373.0,0.4309138940429688,False,PUT,2026-05-15,BABA
BABA260515P00145000,145.0,3.75,4.15,4.35,7.0,811.0,0.4282283740234375,False,PUT,2026-05-15,BABA
BABA260515P00150000,150.0,5.96,5.4,5.7,1.0,1424.0,0.4285945812988281,False,PUT,2026-05-15,BABA
BABA260515P00155000,155.0,7.8,6.95,7.25,1.0,1592.0,0.42737389038085943,False,PUT,2026-05-15,BABA
BABA260515P00160000,160.0,9.1,8.7,9.1,2.0,3586.0,0.42767906311035164,False,PUT,2026-05-15,BABA
BABA260515P00165000,165.0,11.05,10.8,11.3,11.0,554.0,0.43054768676757815,False,PUT,2026-05-15,BABA
BABA260515P00170000,170.0,12.65,13.1,13.5,64.0,385.0,0.42615319946289065,False,PUT,2026-05-15,BABA
BABA260515P00175000,175.0,15.97,15.7,16.2,28.0,504.0,0.4285945812988281,True,PUT,2026-05-15,BABA
BABA260515P00180000,180.0,17.54,18.55,19.2,10.0,728.0,0.43243975769042964,True,PUT,2026-05-15,BABA
BABA260515P00185000,185.0,21.9,21.65,22.1,17.0,45.0,0.4274959594726563,True,PUT,2026-05-15,BABA
BABA260515P00190000,190.0,22.83,24.85,25.6,12.0,78.0,0.43277544769287113,True,PUT,2026-05-15,BABA
BABA260515P00195000,195.0,29.6,28.4,29.15,1.0,28.0,0.434148724975586,True,PUT,2026-05-15,BABA
BABA260515P00200000,200.0,33.95,32.05,33.0,20.0,98.0,0.43897045410156255,True,PUT,2026-05-15,BABA
BABA260515P00210000,210.0,47.9,40.0,40.65,,50.0,0.43286699951171875,True,PUT,2026-05-15,BABA
BABA260515P00220000,220.0,46.0,48.45,49.15,4.0,7.0,0.43659010681152344,True,PUT,2026-05-15,BABA
BABA260618C00125000,125.0,57.3,53.2,54.65,1.0,364.0,0.5361374511718751,True,CALL,2026-06-18,BABA
BABA260618C00130000,130.0,48.98,48.9,50.35,4.0,410.0,0.5204515728759764,True,CALL,2026-06-18,BABA
BABA260618C00135000,135.0,50.25,45.0,46.1,1.0,875.0,0.5097705273437501,True,CALL,2026-06-18,BABA
BABA260618C00140000,140.0,39.25,41.0,42.0,4.0,1542.0,0.5124560473632812,True,CALL,2026-06-18,BABA
BABA260618C00145000,145.0,36.6,37.55,38.25,3.0,823.0,0.5026294854736328,True,CALL,2026-06-18,BABA
BABA260618C00150000,150.0,34.7,34.05,34.6,152.0,1885.0,0.4914601635742188,True,CALL,2026-06-18,BABA
BABA260618C00155000,155.0,31.15,30.4,31.5,68.0,1811.0,0.4909718872070313,True,CALL,2026-06-18,BABA
BABA260618C00160000,160.0,28.15,27.9,28.35,1783.0,8407.0,0.4840749835205078,True,CALL,2026-06-18,BABA
BABA260618C00165000,165.0,24.06,24.9,25.7,43.0,2400.0,0.4849905017089844,True,CALL,2026-06-18,BABA
BABA260618C00170000,170.0,23.0,22.45,23.1,357.0,2852.0,0.4823049816894531,True,CALL,2026-06-18,BABA
BABA260618C00175000,175.0,20.44,20.05,20.7,110.0,6701.0,0.47986359985351557,False,CALL,2026-06-18,BABA
BABA260618C00180000,180.0,18.6,18.05,18.6,888.0,6605.0,0.4800161862182617,False,CALL,2026-06-18,BABA
BABA260618C00185000,185.0,16.55,16.3,16.8,66.0,5948.0,0.482976361694336,False,CALL,2026-06-18,BABA
BABA260618C00190000,190.0,14.9,14.6,15.05,26.0,6151.0,0.48312894805908213,False,CALL,2026-06-18,BABA
BABA260618C00195000,195.0,13.25,13.15,13.45,25.0,2287.0,0.4830984307861329,False,CALL,2026-06-18,BABA
BABA260618C00200000,200.0,12.0,11.7,12.05,523.0,32381.0,0.4842580871582032,False,CALL,2026-06-18,BABA
BABA260618C00210000,210.0,9.6,9.35,9.8,53.0,1267.0,0.4904836108398438,False,CALL,2026-06-18,BABA
BABA260618C00220000,220.0,7.75,7.5,7.85,76.0,4334.0,0.49286395812988293,False,CALL,2026-06-18,BABA
BABA260618P00125000,125.0,2.14,1.81,2.35,2.0,1390.0,0.45288633056640626,False,PUT,2026-06-18,BABA
BABA260618P00130000,130.0,2.96,2.51,2.94,1.0,4243.0,0.44214425048828127,False,PUT,2026-06-18,BABA
BABA260618P00135000,135.0,3.65,3.45,3.75,76.0,4897.0,0.43604079589843747,False,PUT,2026-06-18,BABA
BABA260618P00140000,140.0,4.52,4.5,4.8,2.0,7321.0,0.43317217224121096,False,PUT,2026-06-18,BABA
BABA260618P00145000,145.0,5.85,5.75,6.0,8.0,7229.0,0.42902182312011716,False,PUT,2026-06-18,BABA
BABA260618P00150000,150.0,7.45,7.25,7.6,364.0,7729.0,0.43103596313476567,False,PUT,2026-06-18,BABA
BABA260618P00155000,155.0,8.05,8.95,9.25,1.0,8127.0,0.42792320129394534,False,PUT,2026-06-18,BABA
BABA260618P00160000,160.0,11.2,10.85,11.15,329.0,3428.0,0.4257259576416016,False,PUT,2026-06-18,BABA
BABA260618P00165000,165.0,13.5,13.0,13.3,57.0,4188.0,0.42426112854003906,False,PUT,2026-06-18,BABA
BABA260618P00170000,170.0,15.6,15.3,15.85,11.0,1838.0,0.4270076831054688,False,PUT,2026-06-18,BABA
BABA260618P00175000,175.0,18.5,18.05,18.55,9.0,499.0,0.4279842358398438,True,PUT,2026-06-18,BABA
BABA260618P00180000,180.0,22.3,20.95,21.4,8.0,1094.0,0.42743492492675783,True,PUT,2026-06-18,BABA
BABA260618P00185000,185.0,23.55,24.0,24.75,1.0,150.0,0.4338130349731446,True,PUT,2026-06-18,BABA
BABA260618P00190000,190.0,27.2,27.3,28.05,50.0,257.0,0.43469803588867195,True,PUT,2026-06-18,BABA
BABA260618P00195000,195.0,30.6,30.7,31.35,14.0,61.0,0.43140217041015627,True,PUT,2026-06-18,BABA
BABA260618P00200000,200.0,36.1,34.25,34.85,4.0,1080.0,0.42877768493652346,True,PUT,2026-06-18,BABA
BABA260618P00210000,210.0,40.0,41.95,42.9,2.0,91.0,0.4390925231933594,True,PUT,2026-06-18,BABA
BABA260618P00220000,220.0,56.85,50.3,51.05,1.0,126.0,0.4395197650146484,True,PUT,2026-06-18,BABA
BABA260717C00125000,125.0,43.44,53.75,55.3,1.0,11.0,0.5128222546386718,True,CALL,2026-07-17,BABA
BABA260717C00130000,130.0,50.91,49.75,51.25,1.0,113.0,0.5059863854980469,True,CALL,2026-07-17,BABA
BABA260717C00135000,135.0,50.73,45.3,46.6,1.0,29.0,0.4989063781738281,True,CALL,2026-07-17,BABA
BABA260717C00140000,140.0,42.8,42.15,43.2,5.0,92.0,0.5025074163818359,True,CALL,2026-07-17,BABA
BABA260717C00145000,145.0,37.7,38.45,39.25,6.0,38.0,0.48541774353027345,True,CALL,2026-07-17,BABA
BABA260717C00150000,150.0,35.25,35.1,36.1,7.0,171.0,0.48627222717285157,True,CALL,2026-07-17,BABA
BABA260717C00155000,155.0,32.67,31.95,32.75,1.0,128.0,0.47748325256347657,True,CALL,2026-07-17,BABA
BABA260717C00160000,160.0,32.76,28.85,29.7,10.0,329.0,0.47211221252441404,True,CALL,2026-07-17,BABA
BABA260717C00165000,165.0,26.55,26.25,27.5,6.0,129.0,0.48175567077636716,True,CALL,2026-07-17,BABA
BABA260717C00170000,170.0,24.5,24.1,24.65,10.0,324.0,0.4727835925292969,True,CALL,2026-07-17,BABA
BABA260717C00175000,175.0,22.15,21.6,22.35,8.0,526.0,0.4720511779785156,False,CALL,2026-07-17,BABA
BABA260717C00180000,180.0,20.1,19.6,20.15,37.0,608.0,0.46976238250732427,False,CALL,2026-07-17,BABA
BABA260717C00185000,185.0,17.8,17.5,18.25,61.0,222.0,0.470281176147461,False,CALL,2026-07-17,BABA
BABA260717C00190000,190.0,15.05,16.0,16.55,5.0,203.0,0.471684970703125,False,CALL,2026-07-17,BABA
BABA260717C00195000,195.0,14.7,14.35,15.0,2.0,201.0,0.47308876525878907,False,CALL,2026-07-17,BABA
BABA260717C00200000,200.0,13.35,13.05,13.6,130.0,1027.0,0.4747977325439453,False,CALL,2026-07-17,BABA
BABA260717C00210000,210.0,10.0,10.65,11.4,18.0,493.0,0.4833425689697266,False,CALL,2026-07-17,BABA
BABA260717C00220000,220.0,9.3,8.7,9.15,12.0,284.0,0.48090118713378904,False,CALL,2026-07-17,BABA
BABA260717P00125000,125.0,2.52,2.61,2.7,3.0,251.0,0.4299373413085938,False,PUT,2026-07-17,BABA
BABA260717P00130000,130.0,3.5,3.3,3.6,10.0,321.0,0.4307307904052735,False,PUT,2026-07-17,BABA
BABA260717P00135000,135.0,4.0,4.25,4.55,4.0,99.0,0.4267025103759766,False,PUT,2026-07-17,BABA
BABA260717P00140000,140.0,5.55,5.4,5.85,6.0,974.0,0.4285945812988281,False,PUT,2026-07-17,BABA
BABA260717P00145000,145.0,6.65,6.75,7.1,3.0,183.0,0.4229183685302734,False,PUT,2026-07-17,BABA
BABA260717P00150000,150.0,8.5,8.25,8.7,47.0,927.0,0.42188078125,False,PUT,2026-07-17,BABA
BABA260717P00155000,155.0,10.1,10.1,10.45,1.0,285.0,0.4194699166870117,False,PUT,2026-07-17,BABA
BABA260717P00160000,160.0,13.03,12.05,12.5,1.0,933.0,0.41928681304931636,False,PUT,2026-07-17,BABA
BABA260717P00165000,165.0,13.06,14.3,14.85,2.0,157.0,0.42102629760742194,False,PUT,2026-07-17,BABA
BABA260717P00170000,170.0,17.9,16.8,17.6,18.0,135.0,0.42676354492187507,False,PUT,2026-07-17,BABA
BABA260717P00175000,175.0,20.6,19.35,20.0,18.0,112.0,0.4205075039672852,True,PUT,2026-07-17,BABA
BABA260717P00180000,180.0,22.95,22.2,22.75,2.0,137.0,0.4176693975830078,True,PUT,2026-07-17,BABA
BABA260717P00190000,190.0,27.6,28.55,29.05,2.0,3.0,0.4171811212158203,True,PUT,2026-07-17,BABA
BABA260717P00195000,195.0,32.85,31.6,32.75,5.0,5.0,0.4232540585327148,True,PUT,2026-07-17,BABA
BABA260717P00200000,200.0,43.0,35.65,36.55,,2.0,0.4283504431152344,True,PUT,2026-07-17,BABA
BABA260717P00210000,210.0,50.9,42.95,43.6,30.0,30.0,0.4166928448486328,True,PUT,2026-07-17,BABA
BABA260717P00220000,220.0,67.0,50.9,51.9,1.0,0.0,0.42273526489257807,True,PUT,2026-07-17,BABA
BABA260821C00160000,160.0,31.85,30.6,31.55,10.0,14.0,0.4687553125,True,CALL,2026-08-21,BABA
BABA260821C00185000,185.0,18.85,20.1,20.6,1.0,1.0,0.47318031707763675,False,CALL,2026-08-21,BABA
BABA260821C00195000,195.0,18.03,16.8,17.6,5.0,7.0,0.4810842907714844,False,CALL,2026-08-21,BABA
BABA260821C00200000,200.0,17.2,15.0,15.85,2.0,110.0,0.4764761825561523,False,CALL,2026-08-21,BABA
BABA260821C00210000,210.0,12.59,12.0,13.4,6.0,6.0,0.48090118713378904,False,CALL,2026-08-21,BABA
BABA260821P00135000,135.0,5.4,5.25,5.75,25.0,26.0,0.4264583721923829,False,PUT,2026-08-21,BABA
BABA260821P00155000,155.0,11.45,11.75,12.05,10.0,461.0,0.4176693975830078,False,PUT,2026-08-21,BABA
BABA260821P00160000,160.0,13.4,13.8,14.2,1.0,3.0,0.4177609494018554,False,PUT,2026-08-21,BABA
BABA260821P00170000,170.0,18.1,18.35,18.85,4.0,1051.0,0.4132749102783203,False,PUT,2026-08-21,BABA
BABA260821P00185000,185.0,27.1,27.15,27.65,1.0,2.0,0.41535008483886715,True,PUT,2026-08-21,BABA
BABA260918C00125000,125.0,60.98,55.6,57.3,6.0,90.0,0.5001881036376954,True,CALL,2026-09-18,BABA
BABA260918C00130000,130.0,49.76,52.05,53.15,4.0,177.0,0.5089160437011719,True,CALL,2026-09-18,BABA
BABA260918C00135000,135.0,46.87,48.6,49.4,4.0,235.0,0.5005237936401368,True,CALL,2026-09-18,BABA
BABA260918C00140000,140.0,50.15,45.1,46.0,1.0,2010.0,0.49768568725585943,True,CALL,2026-09-18,BABA
BABA260918C00145000,145.0,41.81,41.9,42.6,1.0,320.0,0.4913991290283204,True,CALL,2026-09-18,BABA
BABA260918C00150000,150.0,37.0,38.25,39.25,8.0,1407.0,0.48328153442382815,True,CALL,2026-09-18,BABA
BABA260918C00155000,155.0,37.75,35.0,36.15,1.0,642.0,0.4776358389282227,True,CALL,2026-09-18,BABA
BABA260918C00160000,160.0,32.2,32.85,33.85,16.0,1582.0,0.4848684326171875,True,CALL,2026-09-18,BABA
BABA260918C00165000,165.0,29.35,30.2,30.9,2.0,798.0,0.47614049255371094,True,CALL,2026-09-18,BABA
BABA260918C00170000,170.0,28.0,27.3,28.7,40.0,691.0,0.47891756439208977,True,CALL,2026-09-18,BABA
BABA260918C00175000,175.0,26.0,25.8,26.35,19.0,478.0,0.47601842346191403,False,CALL,2026-09-18,BABA
BABA260918C00180000,180.0,24.02,23.55,24.2,23.0,2045.0,0.474187387084961,False,CALL,2026-09-18,BABA
BABA260918C00185000,185.0,21.86,21.65,22.2,29.0,490.0,0.4725394543457031,False,CALL,2026-09-18,BABA
BABA260918C00190000,190.0,23.0,20.1,20.6,1.0,1188.0,0.4756522161865234,False,CALL,2026-09-18,BABA
BABA260918C00195000,195.0,18.2,18.4,18.8,5.0,268.0,0.47290566162109376,False,CALL,2026-09-18,BABA
BABA260918C00200000,200.0,17.0,16.85,17.25,280.0,3759.0,0.4724479025268554,False,CALL,2026-09-18,BABA
BABA260918C00210000,210.0,14.5,14.25,14.75,19.0,431.0,0.4764456652832031,False,CALL,2026-09-18,BABA
BABA260918C00220000,220.0,12.2,12.1,12.75,9.0,1123.0,0.4827322235107422,False,CALL,2026-09-18,BABA
BABA260918P00125000,125.0,3.79,4.1,4.35,1.0,575.0,0.429265961303711,False,PUT,2026-09-18,BABA
BABA260918P00130000,130.0,5.49,5.1,5.35,28.0,3219.0,0.42517664672851563,False,PUT,2026-09-18,BABA
BABA260918P00135000,135.0,6.02,6.15,6.55,1.0,3043.0,0.4226131958007812,False,PUT,2026-09-18,BABA
BABA260918P00140000,140.0,8.16,7.55,7.95,5.0,3205.0,0.4209652630615235,False,PUT,2026-09-18,BABA
BABA260918P00145000,145.0,9.3,9.15,9.45,3.0,322.0,0.41748629394531245,False,PUT,2026-09-18,BABA
BABA260918P00150000,150.0,10.8,10.8,11.25,2.0,2833.0,0.4169369830322265,False,PUT,2026-09-18,BABA
BABA260918P00155000,155.0,12.35,12.8,13.15,2.0,714.0,0.4145566357421875,False,PUT,2026-09-18,BABA
BABA260918P00160000,160.0,15.0,14.9,15.25,3.0,977.0,0.41260353027343744,False,PUT,2026-09-18,BABA
BABA260918P00165000,165.0,17.17,17.2,17.65,5.0,635.0,0.4129392202758788,False,PUT,2026-09-18,BABA
BABA260918P00170000,170.0,20.48,19.7,20.1,2.0,2122.0,0.4107724938964844,False,PUT,2026-09-18,BABA
BABA260918P00175000,175.0,23.58,22.35,22.9,2.0,633.0,0.411840598449707,True,PUT,2026-09-18,BABA
BABA260918P00180000,180.0,25.37,24.85,25.7,2.0,114.0,0.4097959411621094,True,PUT,2026-09-18,BABA
BABA260918P00185000,185.0,28.9,28.0,29.05,1.0,110.0,0.4147092221069336,True,PUT,2026-09-18,BABA
BABA260918P00190000,190.0,35.91,31.4,31.95,2.0,32.0,0.4087583538818359,True,PUT,2026-09-18,BABA
BABA260918P00195000,195.0,45.85,0.0,0.0,2.0,43.0,1.0000000000000003e-05,True,PUT,2026-09-18,BABA
BABA260918P00200000,200.0,43.8,38.25,38.9,1.0,17.0,0.4097349066162109,True,PUT,2026-09-18,BABA
BABA260918P00210000,210.0,51.38,45.35,46.45,1.0,60.0,0.4124204266357422,True,PUT,2026-09-18,BABA
BABA260918P00220000,220.0,60.41,53.25,54.55,2.0,17.0,0.4175473284912109,True,PUT,2026-09-18,BABA
BABA261120C00125000,125.0,56.02,57.7,59.7,,1.0,0.5029346582031251,True,CALL,2026-11-20,BABA
BABA261120C00130000,130.0,57.5,54.5,56.1,3.0,4.0,0.5030872445678712,True,CALL,2026-11-20,BABA
BABA261120C00135000,135.0,51.77,51.0,52.05,1.0,4.0,0.5031482791137696,True,CALL,2026-11-20,BABA
BABA261120C00140000,140.0,50.19,47.05,48.5,9.0,11.0,0.49384051086425784,True,CALL,2026-11-20,BABA
BABA261120C00145000,145.0,47.1,43.65,45.3,1.0,18.0,0.4893544717407228,True,CALL,2026-11-20,BABA
BABA261120C00150000,150.0,41.75,41.25,42.65,10.0,42.0,0.492741889038086,True,CALL,2026-11-20,BABA
BABA261120C00155000,155.0,36.7,38.25,39.8,6.0,21.0,0.48956809265136725,True,CALL,2026-11-20,BABA
BABA261120C00160000,160.0,32.8,35.8,36.85,1.0,93.0,0.4823660162353516,True,CALL,2026-11-20,BABA
BABA261120C00165000,165.0,31.5,33.3,34.3,3.0,46.0,0.4798941171264648,True,CALL,2026-11-20,BABA
BABA261120C00170000,170.0,27.55,30.9,31.75,1.0,31.0,0.4752554916381836,True,CALL,2026-11-20,BABA
BABA261120C00175000,175.0,29.06,27.95,29.6,2.0,71.0,0.47510290527343746,False,CALL,2026-11-20,BABA
BABA261120C00180000,180.0,27.65,26.7,27.85,1.0,101.0,0.4792837716674804,False,CALL,2026-11-20,BABA
BABA261120C00185000,185.0,27.73,24.65,25.5,1.0,14.0,0.4718375570678711,False,CALL,2026-11-20,BABA
BABA261120C00190000,190.0,21.35,23.05,23.9,5.0,32.0,0.4745230770874024,False,CALL,2026-11-20,BABA
BABA261120C00195000,195.0,24.32,21.4,22.0,1.0,26.0,0.4706168661499024,False,CALL,2026-11-20,BABA
BABA261120C00200000,200.0,19.36,19.7,20.6,3.0,66.0,0.47293617889404294,False,CALL,2026-11-20,BABA
BABA261120C00210000,210.0,16.2,16.75,17.95,2.0,49.0,0.4752554916381836,False,CALL,2026-11-20,BABA
BABA261120C00220000,220.0,14.95,14.85,15.4,1.0,82.0,0.4733329034423829,False,CALL,2026-11-20,BABA
BABA261120P00125000,125.0,5.05,5.35,5.7,1.0,379.0,0.42078215942382813,False,PUT,2026-11-20,BABA
BABA261120P00130000,130.0,6.13,6.5,6.9,1.0,359.0,0.4182797430419921,False,PUT,2026-11-20,BABA
BABA261120P00135000,135.0,7.39,7.85,8.2,1.0,15.0,0.41461767028808594,False,PUT,2026-11-20,BABA
BABA261120P00140000,140.0,8.66,9.35,9.7,2.0,38.0,0.4120542193603516,False,PUT,2026-11-20,BABA
BABA261120P00145000,145.0,10.6,10.85,11.3,1.0,12.0,0.40833111206054684,False,PUT,2026-11-20,BABA
BABA261120P00150000,150.0,12.98,12.8,13.15,7.0,51.0,0.4064695584106446,False,PUT,2026-11-20,BABA
BABA261120P00155000,155.0,15.15,14.7,15.15,1.0,16.0,0.40430283203125,False,PUT,2026-11-20,BABA
BABA261120P00160000,160.0,16.6,16.85,17.4,2.0,26.0,0.4036314520263672,False,PUT,2026-11-20,BABA
BABA261120P00165000,165.0,21.55,19.35,19.8,16.0,73.0,0.40265489929199216,False,PUT,2026-11-20,BABA
BABA261120P00170000,170.0,23.8,21.85,22.3,36.0,52.0,0.40064075927734377,False,PUT,2026-11-20,BABA
BABA261120P00175000,175.0,24.55,24.45,24.95,18.0,59.0,0.3985350674438477,True,PUT,2026-11-20,BABA
BABA261120P00180000,180.0,28.04,26.8,27.95,1.0,1.0,0.3995726547241212,True,PUT,2026-11-20,BABA
BABA261120P00185000,185.0,30.15,30.35,31.35,8.0,817.0,0.404577487487793,True,PUT,2026-11-20,BABA
BABA261120P00200000,200.0,40.01,39.25,41.35,70.0,1.0,0.40347886566162117,True,PUT,2026-11-20,BABA
BABA261120P00210000,210.0,46.6,47.45,48.6,104.0,40.0,0.40241076110839846,True,PUT,2026-11-20,BABA
BABA261120P00220000,220.0,58.57,54.85,55.7,,5.0,0.3912109219360351,True,PUT,2026-11-20,BABA
BABA261218C00125000,125.0,62.8,59.25,60.5,5.0,84.0,0.5088550091552735,True,CALL,2026-12-18,BABA
BABA261218C00130000,130.0,53.8,55.75,56.85,1.0,158.0,0.5031177618408205,True,CALL,2026-12-18,BABA
BABA261218C00135000,135.0,47.4,52.2,53.05,1.0,160.0,0.5017139672851563,True,CALL,2026-12-18,BABA
BABA261218C00140000,140.0,48.35,48.55,49.65,5.0,426.0,0.4946034426879883,True,CALL,2026-12-18,BABA
BABA261218C00145000,145.0,45.55,45.7,46.75,1.0,952.0,0.49478654632568364,True,CALL,2026-12-18,BABA
BABA261218C00150000,150.0,42.9,42.9,43.55,42.0,777.0,0.4870046417236329,True,CALL,2026-12-18,BABA
BABA261218C00155000,155.0,39.51,40.0,40.65,14.0,282.0,0.48254911987304694,True,CALL,2026-12-18,BABA
BABA261218C00160000,160.0,38.0,37.25,38.0,8.0,822.0,0.48016877258300783,True,CALL,2026-12-18,BABA
BABA261218C00165000,165.0,33.25,34.7,35.35,1.0,385.0,0.47568273345947265,True,CALL,2026-12-18,BABA
BABA261218C00170000,170.0,32.8,32.6,32.95,20.0,556.0,0.4732413516235352,True,CALL,2026-12-18,BABA
BABA261218C00175000,175.0,31.05,30.15,30.85,5.0,289.0,0.4735770416259766,False,CALL,2026-12-18,BABA
BABA261218C00180000,180.0,26.85,27.4,28.8,15.0,439.0,0.47272255798339846,False,CALL,2026-12-18,BABA
BABA261218C00185000,185.0,27.03,26.2,26.9,3.0,155.0,0.4723868679809571,False,CALL,2026-12-18,BABA
BABA261218C00190000,190.0,25.0,24.05,25.15,1.0,1418.0,0.47256997161865233,False,CALL,2026-12-18,BABA
BABA261218C00195000,195.0,22.31,22.45,23.4,31.0,571.0,0.4711051425170898,False,CALL,2026-12-18,BABA
BABA261218C00200000,200.0,21.0,21.2,21.85,27.0,1326.0,0.471135659790039,False,CALL,2026-12-18,BABA
BABA261218C00210000,210.0,18.8,18.5,19.05,3.0,464.0,0.4713492807006836,False,CALL,2026-12-18,BABA
BABA261218C00220000,220.0,16.28,16.15,16.9,2.0,262.0,0.47632359619140624,False,CALL,2026-12-18,BABA
BABA261218P00125000,125.0,6.17,6.05,6.3,5.0,154.0,0.4182187084960937,False,PUT,2026-12-18,BABA
BABA261218P00130000,130.0,7.11,6.85,7.55,3.0,4247.0,0.4155331884765625,False,PUT,2026-12-18,BABA
BABA261218P00135000,135.0,7.97,8.6,9.0,15.0,2776.0,0.414068359375,False,PUT,2026-12-18,BABA
BABA261218P00140000,140.0,10.1,10.05,10.45,8.0,3572.0,0.40930766479492187,False,PUT,2026-12-18,BABA
BABA261218P00145000,145.0,12.0,11.8,12.15,1.0,162.0,0.40668317932128906,False,PUT,2026-12-18,BABA
BABA261218P00150000,150.0,13.91,13.65,14.05,1.0,1069.0,0.40488266021728514,False,PUT,2026-12-18,BABA
BABA261218P00155000,155.0,16.55,15.2,16.1,1.0,173.0,0.402899037475586,False,PUT,2026-12-18,BABA
BABA261218P00160000,160.0,18.73,17.85,18.45,4.0,680.0,0.4032957620239258,False,PUT,2026-12-18,BABA
BABA261218P00165000,165.0,19.48,20.3,20.75,4.0,357.0,0.4002135174560547,False,PUT,2026-12-18,BABA
BABA261218P00170000,170.0,21.92,22.8,23.35,2.0,538.0,0.3994811029052735,False,PUT,2026-12-18,BABA
BABA261218P00175000,175.0,23.75,25.45,26.0,1.0,76.0,0.39716179016113284,True,PUT,2026-12-18,BABA
BABA261218P00180000,180.0,29.0,28.25,28.85,1.0,699.0,0.3956969610595704,True,PUT,2026-12-18,BABA
BABA261218P00185000,185.0,33.1,31.3,32.1,3.0,135.0,0.39813834289550787,True,PUT,2026-12-18,BABA
BABA261218P00190000,190.0,49.02,34.4,35.45,1.0,97.0,0.4000304138183594,True,PUT,2026-12-18,BABA
BABA261218P00195000,195.0,49.5,47.7,0.0,10.0,4.0,1.0000000000000003e-05,True,PUT,2026-12-18,BABA
BABA261218P00200000,200.0,38.85,40.35,41.7,1.0,81.0,0.3910888528442382,True,PUT,2026-12-18,BABA
BABA261218P00210000,210.0,46.12,47.7,48.9,9.0,282.0,0.38944092010498044,True,PUT,2026-12-18,BABA
BABA261218P00220000,220.0,64.42,55.55,56.85,2.0,10.0,0.39331661376953125,True,PUT,2026-12-18,BABA
BABA270115C00125000,125.0,57.65,60.2,61.1,1.0,1603.0,0.5056812127685546,True,CALL,2027-01-15,BABA
BABA270115C00130000,130.0,54.8,56.0,57.5,4.0,3244.0,0.5078784564208985,True,CALL,2027-01-15,BABA
BABA270115C00135000,135.0,52.61,53.0,54.05,2.0,2683.0,0.5010731045532227,True,CALL,2027-01-15,BABA
BABA270115C00140000,140.0,49.1,49.85,50.8,32.0,3422.0,0.4960377545166016,True,CALL,2027-01-15,BABA
BABA270115C00145000,145.0,45.56,46.65,47.8,1.0,761.0,0.49341326904296884,True,CALL,2027-01-15,BABA
BABA270115C00150000,150.0,44.0,43.25,44.6,13.0,6880.0,0.48517360534667964,True,CALL,2027-01-15,BABA
BABA270115C00155000,155.0,41.3,40.5,42.1,14.0,3059.0,0.48682153808593753,True,CALL,2027-01-15,BABA
BABA270115C00160000,160.0,38.55,38.3,39.15,7.0,2055.0,0.47900911621093745,True,CALL,2027-01-15,BABA
BABA270115C00165000,165.0,37.35,35.6,36.65,11.0,3594.0,0.476567734375,True,CALL,2027-01-15,BABA
BABA270115C00170000,170.0,32.85,32.9,34.3,9.0,1019.0,0.47458411163330083,True,CALL,2027-01-15,BABA
BABA270115C00175000,175.0,30.05,31.4,32.0,9.0,1406.0,0.4715629016113281,False,CALL,2027-01-15,BABA
BABA270115C00180000,180.0,29.85,29.25,30.0,135.0,4749.0,0.47128824615478515,False,CALL,2027-01-15,BABA
BABA270115C00185000,185.0,25.82,27.1,28.05,14.0,877.0,0.4700675552368164,False,CALL,2027-01-15,BABA
BABA270115C00190000,190.0,24.7,25.45,26.05,52.0,1853.0,0.46652755157470704,False,CALL,2027-01-15,BABA
BABA270115C00195000,195.0,24.6,23.35,24.65,5.0,1070.0,0.47022014160156256,False,CALL,2027-01-15,BABA
BABA270115C00200000,200.0,22.92,22.55,23.35,200.0,7838.0,0.4739432489013672,False,CALL,2027-01-15,BABA
BABA270115C00210000,210.0,18.65,19.6,20.25,4.0,1992.0,0.4699760034179688,False,CALL,2027-01-15,BABA
BABA270115C00220000,220.0,17.1,17.0,18.0,12.0,861.0,0.47363807617187503,False,CALL,2027-01-15,BABA
BABA270115P00125000,125.0,6.22,6.5,6.75,1.0,1204.0,0.412542495727539,False,PUT,2027-01-15,BABA
BABA270115P00130000,130.0,7.9,7.7,8.0,33.0,4864.0,0.4089719747924804,False,PUT,2027-01-15,BABA
BABA270115P00135000,135.0,9.74,9.15,9.55,2.0,3291.0,0.4087888711547851,False,PUT,2027-01-15,BABA
BABA270115P00140000,140.0,10.89,10.7,11.1,24.0,9654.0,0.4054014538574219,False,PUT,2027-01-15,BABA
BABA270115P00145000,145.0,12.66,12.0,13.1,3.0,6006.0,0.40759869750976563,False,PUT,2027-01-15,BABA
BABA270115P00150000,150.0,14.39,13.75,14.85,16.0,9722.0,0.4023497265625,False,PUT,2027-01-15,BABA
BABA270115P00155000,155.0,17.26,16.35,16.85,9.0,525.0,0.398992826538086,False,PUT,2027-01-15,BABA
BABA270115P00160000,160.0,18.15,18.7,19.2,2.0,817.0,0.3989012747192383,False,PUT,2027-01-15,BABA
BABA270115P00165000,165.0,21.0,21.15,21.55,8.0,865.0,0.39633782379150395,False,PUT,2027-01-15,BABA
BABA270115P00170000,170.0,25.75,23.45,24.35,1.0,690.0,0.39838248107910157,False,PUT,2027-01-15,BABA
BABA270115P00175000,175.0,26.4,26.15,26.8,4.0,373.0,0.3929504064941406,True,PUT,2027-01-15,BABA
BABA270115P00180000,180.0,27.8,29.1,29.75,17.0,798.0,0.3928588546752929,True,PUT,2027-01-15,BABA
BABA270115P00185000,185.0,36.45,32.05,32.85,6.0,338.0,0.3929504064941406,True,PUT,2027-01-15,BABA
BABA270115P00190000,190.0,36.55,35.2,35.85,1.0,255.0,0.389654541015625,True,PUT,2027-01-15,BABA
BABA270115P00195000,195.0,38.52,38.35,39.4,1.0,43.0,0.39255368194580076,True,PUT,2027-01-15,BABA
BABA270115P00200000,200.0,43.15,41.05,42.6,5.0,268.0,0.3885559191894531,True,PUT,2027-01-15,BABA
BABA270115P00210000,210.0,52.2,48.5,49.65,26.0,37.0,0.3851074673461914,True,PUT,2027-01-15,BABA
BABA270115P00220000,220.0,54.3,56.2,57.35,1.0,286.0,0.3853821228027343,True,PUT,2027-01-15,BABA
BABA270617C00125000,125.0,65.24,63.55,65.2,1.0,38.0,0.5045520736694337,True,CALL,2027-06-17,BABA
BABA270617C00130000,130.0,62.37,60.5,63.55,1.0,102.0,0.5010425872802735,True,CALL,2027-06-17,BABA
BABA270617C00135000,135.0,61.44,57.75,59.85,1.0,47.0,0.5118151846313476,True,CALL,2027-06-17,BABA
BABA270617C00140000,140.0,59.03,55.05,56.2,1.0,146.0,0.49725844543457043,True,CALL,2027-06-17,BABA
BABA270617C00145000,145.0,54.5,52.15,53.1,2.0,85.0,0.49014792083740244,True,CALL,2027-06-17,BABA
BABA270617C00150000,150.0,50.36,49.3,50.25,1.0,256.0,0.4853872262573242,True,CALL,2027-06-17,BABA
BABA270617C00155000,155.0,51.0,46.0,47.75,2.0,53.0,0.48413601806640627,True,CALL,2027-06-17,BABA
BABA270617C00160000,160.0,45.35,43.45,45.85,2.0,329.0,0.48950705810546885,True,CALL,2027-06-17,BABA
BABA270617C00165000,165.0,40.59,41.65,42.8,3.0,287.0,0.4781241152954102,True,CALL,2027-06-17,BABA
BABA270617C00170000,170.0,38.35,38.65,41.1,1.0,485.0,0.4832204998779297,True,CALL,2027-06-17,BABA
BABA270617C00175000,175.0,38.32,37.6,38.1,4.0,159.0,0.4704032452392578,False,CALL,2027-06-17,BABA
BABA270617C00180000,180.0,35.85,35.45,37.0,7.0,2197.0,0.4804739453125,False,CALL,2027-06-17,BABA
BABA270617C00185000,185.0,32.73,33.4,34.6,3.0,55.0,0.47305824798583984,False,CALL,2027-06-17,BABA
BABA270617C00190000,190.0,32.93,32.05,32.75,4.0,127.0,0.4714408325195312,False,CALL,2027-06-17,BABA
BABA270617C00195000,195.0,26.35,30.25,30.8,1.0,32.0,0.46754988021850585,False,CALL,2027-06-17,BABA
BABA270617C00200000,200.0,28.81,28.9,29.45,19.0,1714.0,0.4699912620544434,False,CALL,2027-06-17,BABA
BABA270617C00210000,210.0,25.6,25.35,26.6,3.0,1719.0,0.47020488296508794,False,CALL,2027-06-17,BABA
BABA270617C00220000,220.0,22.02,21.85,23.95,10.0,2127.0,0.46936565795898444,False,CALL,2027-06-17,BABA
BABA270617P00125000,125.0,9.2,8.95,10.4,3.0,117.0,0.4161435339355468,False,PUT,2027-06-17,BABA
BABA270617P00130000,130.0,11.8,10.4,11.35,12.0,267.0,0.40259386474609377,False,PUT,2027-06-17,BABA
BABA270617P00135000,135.0,11.55,12.0,12.65,1.0,62.0,0.3940490283203125,False,PUT,2027-06-17,BABA
BABA270617P00140000,140.0,14.3,12.85,14.35,1.0,215.0,0.390356438293457,False,PUT,2027-06-17,BABA
BABA270617P00145000,145.0,16.82,15.7,17.25,31.0,145.0,0.40274645111083984,False,PUT,2027-06-17,BABA
BABA270617P00150000,150.0,16.99,16.95,18.45,1.0,24.0,0.387701435546875,False,PUT,2027-06-17,BABA
BABA270617P00155000,155.0,18.95,19.3,20.6,3.0,166.0,0.3848938464355468,False,PUT,2027-06-17,BABA
BABA270617P00160000,160.0,21.4,21.4,22.95,2.0,417.0,0.38303229278564455,False,PUT,2027-06-17,BABA
BABA270617P00165000,165.0,24.01,24.8,25.45,6.0,121.0,0.3814453945922851,False,PUT,2027-06-17,BABA
BABA270617P00170000,170.0,27.8,26.8,28.25,50.0,526.0,0.3820557400512695,False,PUT,2027-06-17,BABA
BABA270617P00175000,175.0,30.55,30.3,31.1,50.0,95.0,0.38164375686645496,True,PUT,2027-06-17,BABA
BABA270617P00180000,180.0,36.84,33.1,34.95,10.0,29.0,0.39206540557861325,True,PUT,2027-06-17,BABA
BABA270617P00185000,185.0,37.64,36.1,36.65,10.0,17.0,0.3745484909057617,True,PUT,2027-06-17,BABA
BABA270617P00190000,190.0,51.15,47.65,0.0,2.0,496.0,1.0000000000000003e-05,True,PUT,2027-06-17,BABA
BABA270617P00195000,195.0,54.75,51.4,53.25,2.0,15.0,0.4968159449768067,True,PUT,2027-06-17,BABA
BABA270617P00200000,200.0,58.76,44.7,46.55,40.0,50.0,0.37296159271240237,True,PUT,2027-06-17,BABA
BABA270617P00210000,210.0,53.5,52.8,53.6,1000.0,1005.0,0.3712221081542969,True,PUT,2027-06-17,BABA
BABA270617P00220000,220.0,52.69,73.0,77.0,,4.0,0.5427139234924319,True,PUT,2027-06-17,BABA
BABA271217C00125000,125.0,69.45,67.6,70.55,2.0,151.0,0.5119372537231445,True,CALL,2027-12-17,BABA
BABA271217C00130000,130.0,63.45,65.8,67.85,1.0,175.0,0.511876219177246,True,CALL,2027-12-17,BABA
BABA271217C00135000,135.0,62.52,61.8,63.95,22.0,107.0,0.4941151663208009,True,CALL,2027-12-17,BABA
BABA271217C00140000,140.0,60.6,60.15,61.45,1.0,229.0,0.49454240814208983,True,CALL,2027-12-17,BABA
BABA271217C00145000,145.0,51.85,57.6,58.85,6.0,79.0,0.4923299058532716,True,CALL,2027-12-17,BABA
BABA271217C00150000,150.0,55.1,54.4,56.15,1.0,7564.0,0.48779809082031256,True,CALL,2027-12-17,BABA
BABA271217C00155000,155.0,52.12,52.45,53.4,22.0,432.0,0.48172515350341794,True,CALL,2027-12-17,BABA
BABA271217C00160000,160.0,53.6,49.45,51.2,1.0,1781.0,0.48125213577270504,True,CALL,2027-12-17,BABA
BABA271217C00165000,165.0,49.5,47.95,48.75,1.0,216.0,0.47688816574096676,True,CALL,2027-12-17,BABA
BABA271217C00170000,170.0,43.03,45.25,47.15,2.0,428.0,0.48120635986328125,True,CALL,2027-12-17,BABA
BABA271217C00175000,175.0,42.1,43.4,44.5,1.0,5150.0,0.4728751443481446,False,CALL,2027-12-17,BABA
BABA271217C00180000,180.0,43.74,41.45,43.3,8.0,254.0,0.47961946166992186,False,CALL,2027-12-17,BABA
BABA271217C00185000,185.0,43.8,39.5,40.8,1.0,599.0,0.47139505661010744,False,CALL,2027-12-17,BABA
BABA271217C00190000,190.0,38.02,38.15,39.15,4.0,558.0,0.4715629016113281,False,CALL,2027-12-17,BABA
BABA271217C00195000,195.0,37.85,36.05,37.5,7.0,465.0,0.470983073425293,False,CALL,2027-12-17,BABA
BABA271217C00200000,200.0,35.5,34.85,35.75,13.0,1770.0,0.4686027261352539,False,CALL,2027-12-17,BABA
BABA271217C00210000,210.0,32.9,32.0,33.15,3.0,1024.0,0.4712119529724121,False,CALL,2027-12-17,BABA
BABA271217C00220000,220.0,29.74,29.0,30.0,10.0,245.0,0.4655204815673829,False,CALL,2027-12-17,BABA
BABA271217P00125000,125.0,12.05,11.75,12.2,2.0,49.0,0.38513798461914056,False,PUT,2027-12-17,BABA
BABA271217P00130000,130.0,13.54,13.45,13.9,1.0,94.0,0.3830017755126953,False,PUT,2027-12-17,BABA
BABA271217P00135000,135.0,20.75,15.25,15.75,2.0,49.0,0.3812317736816406,False,PUT,2027-12-17,BABA
BABA271217P00140000,140.0,17.35,16.25,17.65,2.0,69.0,0.37851573638916014,False,PUT,2027-12-17,BABA
BABA271217P00145000,145.0,19.35,19.25,20.3,11.0,286.0,0.3838104832458496,False,PUT,2027-12-17,BABA
BABA271217P00150000,150.0,21.0,21.4,21.9,5.0,529.0,0.3743348699951171,False,PUT,2027-12-17,BABA
BABA271217P00155000,155.0,24.09,23.7,24.6,2.0,1061.0,0.3769288381958008,False,PUT,2027-12-17,BABA
BABA271217P00160000,160.0,26.13,26.0,26.7,5.0,449.0,0.3710847804260254,False,PUT,2027-12-17,BABA
BABA271217P00165000,165.0,28.51,28.5,29.25,1.0,966.0,0.3692079681396484,False,PUT,2027-12-17,BABA
BABA271217P00170000,170.0,31.2,31.2,31.95,63.0,410.0,0.3677583976745606,False,PUT,2027-12-17,BABA
BABA271217P00175000,175.0,33.85,34.0,34.65,2.0,156.0,0.3651339122009278,True,PUT,2027-12-17,BABA
BABA271217P00180000,180.0,40.26,36.55,37.6,1.0,235.0,0.3640810662841797,True,PUT,2027-12-17,BABA
BABA271217P00185000,185.0,48.46,39.4,40.75,29.0,119.0,0.3640352903747559,True,PUT,2027-12-17,BABA
BABA271217P00190000,190.0,52.15,42.9,43.8,1.0,281.0,0.36188382263183594,True,PUT,2027-12-17,BABA
BABA271217P00195000,195.0,55.25,54.85,56.35,4.0,93.0,0.45831840515136724,True,PUT,2027-12-17,BABA
BABA271217P00200000,200.0,54.45,49.35,50.2,1.0,175.0,0.35776399078369137,True,PUT,2027-12-17,BABA
BABA271217P00210000,210.0,57.01,56.3,57.7,20.0,218.0,0.3614718394470215,True,PUT,2027-12-17,BABA
BABA271217P00220000,220.0,65.86,62.7,65.1,2.0,210.0,0.36081571807861323,True,PUT,2027-12-17,BABA
BABA280121C00125000,125.0,68.85,68.0,71.95,1.0,140.0,0.5194750201416016,True,CALL,2028-01-21,BABA
BABA280121C00130000,130.0,68.45,65.0,68.35,2.0,166.0,0.5062000064086914,True,CALL,2028-01-21,BABA
BABA280121C00135000,135.0,63.5,62.0,65.45,3.0,38.0,0.501805519104004,True,CALL,2028-01-21,BABA
BABA280121C00140000,140.0,59.0,59.5,62.7,1.0,347.0,0.498326549987793,True,CALL,2028-01-21,BABA
BABA280121C00145000,145.0,53.0,57.2,60.15,5.0,54.0,0.4962666340637208,True,CALL,2028-01-21,BABA
BABA280121C00150000,150.0,57.0,54.0,57.9,4.0,544.0,0.4967549104309083,True,CALL,2028-01-21,BABA
BABA280121C00155000,155.0,54.5,52.2,55.45,2.0,388.0,0.49377947631835944,True,CALL,2028-01-21,BABA
BABA280121C00160000,160.0,52.0,50.9,53.55,9.0,1733.0,0.4961903408813477,True,CALL,2028-01-21,BABA
BABA280121C00165000,165.0,52.5,47.6,50.9,2.0,144.0,0.4891408508300782,True,CALL,2028-01-21,BABA
BABA280121C00170000,170.0,45.0,46.25,47.95,3.0,632.0,0.4781546325683594,True,CALL,2028-01-21,BABA
BABA280121C00175000,175.0,43.37,44.4,45.7,3.0,686.0,0.4741721284484864,False,CALL,2028-01-21,BABA
BABA280121C00180000,180.0,42.6,42.7,43.9,17.0,13455.0,0.4742179043579102,False,CALL,2028-01-21,BABA
BABA280121C00185000,185.0,42.5,40.9,43.35,14.0,222.0,0.48662317581176756,False,CALL,2028-01-21,BABA
BABA280121C00190000,190.0,40.18,38.7,40.4,9.0,230.0,0.4729972134399414,False,CALL,2028-01-21,BABA
BABA280121C00195000,195.0,38.5,37.45,38.55,1.0,434.0,0.4702506588745118,False,CALL,2028-01-21,BABA
BABA280121C00200000,200.0,35.08,36.2,36.75,4.0,2288.0,0.46735151794433594,False,CALL,2028-01-21,BABA
BABA280121C00210000,210.0,33.75,32.9,34.05,102.0,1496.0,0.4688316056823731,False,CALL,2028-01-21,BABA
BABA280121C00220000,220.0,30.63,30.1,31.45,1.0,296.0,0.4688773815917969,False,CALL,2028-01-21,BABA
BABA280121P00125000,125.0,11.51,11.9,12.75,2.0,184.0,0.3840698800659179,False,PUT,2028-01-21,BABA
BABA280121P00130000,130.0,13.9,13.0,14.45,1.0,199.0,0.38147591186523433,False,PUT,2028-01-21,BABA
BABA280121P00135000,135.0,16.02,15.4,16.35,12.0,208.0,0.3800110827636719,False,PUT,2028-01-21,BABA
BABA280121P00140000,140.0,17.22,16.0,18.6,2.0,1253.0,0.38147591186523433,False,PUT,2028-01-21,BABA
BABA280121P00145000,145.0,21.8,19.5,20.5,3.0,101.0,0.37688306228637697,False,PUT,2028-01-21,BABA
BABA280121P00150000,150.0,21.66,21.9,22.65,3.0,696.0,0.3740602145385742,False,PUT,2028-01-21,BABA
BABA280121P00155000,155.0,24.61,24.2,25.1,7.0,660.0,0.37344986907958977,False,PUT,2028-01-21,BABA
BABA280121P00160000,160.0,27.0,27.0,27.25,4.0,689.0,0.3681398635864258,False,PUT,2028-01-21,BABA
BABA280121P00165000,165.0,27.65,29.0,29.95,32.0,522.0,0.36780417358398443,False,PUT,2028-01-21,BABA
BABA280121P00170000,170.0,33.4,31.65,32.7,1.0,393.0,0.36676658630371095,False,PUT,2028-01-21,BABA
BABA280121P00175000,175.0,35.22,34.35,35.3,1.0,238.0,0.36304347900390627,True,PUT,2028-01-21,BABA
BABA280121P00180000,180.0,37.3,37.35,39.15,20.0,1145.0,0.37126788406372074,True,PUT,2028-01-21,BABA
BABA280121P00185000,185.0,40.05,40.35,41.85,1.0,328.0,0.36644615493774413,True,PUT,2028-01-21,BABA
BABA280121P00190000,190.0,42.05,43.35,44.45,1.0,555.0,0.3596713203430176,True,PUT,2028-01-21,BABA
BABA280121P00195000,195.0,44.95,46.55,48.3,2.0,208.0,0.36473718765258795,True,PUT,2028-01-21,BABA
BABA280121P00200000,200.0,50.88,49.6,50.95,1.0,582.0,0.35666536895751955,True,PUT,2028-01-21,BABA
BABA280121P00210000,210.0,59.1,56.45,58.1,1.0,935.0,0.3567264035034179,True,PUT,2028-01-21,BABA
BABA280121P00220000,220.0,63.86,63.55,64.7,1.0,358.0,0.3478153598022461,True,PUT,2028-01-21,BABA
BAC260130C00041000,41.0,12.02,10.7,13.35,5.0,38.0,2.1406296484375,True,CALL,2026-01-30,BAC
BAC260130C00042000,42.0,9.83,9.85,11.65,1.0,2.0,2.9804712988281246,True,CALL,2026-01-30,BAC
BAC260130C00043000,43.0,9.25,8.95,10.55,9.0,10.0,2.6406283984375003,True,CALL,2026-01-30,BAC
BAC260130C00045000,45.0,7.0,7.3,8.15,2.0,17.0,1.703126484375,True,CALL,2026-01-30,BAC
BAC260130C00046000,46.0,5.7,6.0,7.8,11.0,22.0,1.0078174609375,True,CALL,2026-01-30,BAC
BAC260130C00047000,47.0,5.23,5.4,6.05,1.0,5.0,1.203128984375,True,CALL,2026-01-30,BAC
BAC260130C00048000,48.0,4.04,4.0,5.4,1.0,8.0,1.4492215039062502,True,CALL,2026-01-30,BAC
BAC260130C00048500,48.5,4.1,3.4,4.7,1.0,3.0,1.142582412109375,True,CALL,2026-01-30,BAC
BAC260130C00049000,49.0,3.7,3.65,4.0,26.0,87.0,0.8027363476562499,True,CALL,2026-01-30,BAC
BAC260130C00049500,49.5,3.25,3.2,3.3,12.0,61.0,1.0000000000000003e-05,True,CALL,2026-01-30,BAC
BAC260130C00050000,50.0,2.73,2.67,2.8,201.0,307.0,1.0000000000000003e-05,True,CALL,2026-01-30,BAC
BAC260130C00050500,50.5,2.23,2.17,2.27,73.0,130.0,1.0000000000000003e-05,True,CALL,2026-01-30,BAC
BAC260130C00051000,51.0,1.76,1.74,1.83,216.0,409.0,1.0000000000000003e-05,True,CALL,2026-01-30,BAC
BAC260130C00051500,51.5,1.27,1.24,1.32,1172.0,2059.0,1.0000000000000003e-05,True,CALL,2026-01-30,BAC
BAC260130C00052000,52.0,0.82,0.8,0.85,4259.0,6778.0,1.0000000000000003e-05,True,CALL,2026-01-30,BAC
BAC260130C00052500,52.5,0.47,0.44,0.49,8790.0,10888.0,0.17774259765625,True,CALL,2026-01-30,BAC
BAC260130C00053000,53.0,0.21,0.2,0.21,5777.0,5189.0,0.176766044921875,False,CALL,2026-01-30,BAC
BAC260130C00053500,53.5,0.06,0.06,0.08,3282.0,8968.0,0.18946123046875002,False,CALL,2026-01-30,BAC
BAC260130C00054000,54.0,0.03,0.02,0.03,678.0,3331.0,0.20703917968749996,False,CALL,2026-01-30,BAC
BAC260130C00054500,54.5,0.01,0.01,0.02,166.0,1865.0,0.2500075,False,CALL,2026-01-30,BAC
BAC260130C00055000,55.0,0.01,0.0,0.01,44.0,16752.0,0.273444765625,False,CALL,2026-01-30,BAC
BAC260130C00055500,55.5,0.01,0.0,0.01,3.0,2399.0,0.32813171874999997,False,CALL,2026-01-30,BAC
BAC260130C00056000,56.0,0.01,0.0,0.01,1459.0,2066.0,0.37500625,False,CALL,2026-01-30,BAC
BAC260130C00056500,56.5,0.03,0.0,0.01,10.0,423.0,0.42188078125,False,CALL,2026-01-30,BAC
BAC260130C00057000,57.0,0.01,0.0,0.01,11.0,894.0,0.4687553125,False,CALL,2026-01-30,BAC
BAC260130C00057500,57.5,0.03,0.0,0.03,1.0,510.0,0.5468795312500001,False,CALL,2026-01-30,BAC
BAC260130C00058000,58.0,0.01,0.0,0.01,3.0,2008.0,0.51562984375,False,CALL,2026-01-30,BAC
BAC260130C00058500,58.5,0.02,0.0,0.08,,194.0,0.7460962890625,False,CALL,2026-01-30,BAC
BAC260130C00059000,59.0,0.01,0.0,0.02,2.0,963.0,0.64062859375,False,CALL,2026-01-30,BAC
BAC260130C00059500,59.5,0.12,0.0,0.03,1.0,18.0,0.73437765625,False,CALL,2026-01-30,BAC
BAC260130C00060000,60.0,0.04,0.0,0.01,2.0,650.0,0.6875031250000001,False,CALL,2026-01-30,BAC
BAC260130C00061000,61.0,0.04,0.0,0.09,2.0,185.0,1.0078174609375,False,CALL,2026-01-30,BAC
BAC260130C00062000,62.0,0.04,0.0,0.03,21.0,407.0,0.937500625,False,CALL,2026-01-30,BAC
BAC260130C00063000,63.0,0.02,0.0,0.01,3.0,12.0,0.9062509375,False,CALL,2026-01-30,BAC
BAC260130C00064000,64.0,0.01,0.0,0.01,1.0,63.0,0.9687503125,False,CALL,2026-01-30,BAC
BAC260130C00065000,65.0,0.04,0.0,0.07,4.0,6.0,1.3203158984374999,False,CALL,2026-01-30,BAC
BAC260130C00066000,66.0,0.02,0.0,0.03,6.0,28.0,1.2500037499999999,False,CALL,2026-01-30,BAC
BAC260130C00067000,67.0,0.03,0.0,0.2,10.0,20.0,1.7421887890624999,False,CALL,2026-01-30,BAC
BAC260130C00068000,68.0,0.2,0.0,0.03,2.0,15.0,1.40625296875,False,CALL,2026-01-30,BAC
BAC260130P00040000,40.0,0.01,0.0,0.02,3.0,9.0,1.5000025,False,PUT,2026-01-30,BAC
BAC260130P00042000,42.0,0.02,0.0,0.04,82.0,380.0,1.3750031249999999,False,PUT,2026-01-30,BAC
BAC260130P00043000,43.0,0.01,0.0,0.02,65.0,533.0,1.15625421875,False,PUT,2026-01-30,BAC
BAC260130P00044000,44.0,0.05,0.0,0.01,11.0,1990.0,0.937500625,False,PUT,2026-01-30,BAC
BAC260130P00045000,45.0,0.05,0.0,0.01,14.0,405.0,0.8437515624999999,False,PUT,2026-01-30,BAC
BAC260130P00046000,46.0,0.03,0.0,0.01,1082.0,1073.0,0.7500025,False,PUT,2026-01-30,BAC
BAC260130P00047000,47.0,0.01,0.0,0.02,21.0,529.0,0.6875031250000001,False,PUT,2026-01-30,BAC
BAC260130P00047500,47.5,0.02,0.0,0.03,1.0,131.0,0.6718782812500002,False,PUT,2026-01-30,BAC
BAC260130P00048000,48.0,0.03,0.0,0.01,12.0,1218.0,0.5312546875,False,PUT,2026-01-30,BAC
BAC260130P00048500,48.5,0.02,0.0,0.03,72.0,168.0,0.5625043750000001,False,PUT,2026-01-30,BAC
BAC260130P00049000,49.0,0.01,0.0,0.01,13.0,471.0,0.4687553125,False,PUT,2026-01-30,BAC
BAC260130P00049500,49.5,0.01,0.01,0.02,35.0,284.0,0.4687553125,False,PUT,2026-01-30,BAC
BAC260130P00050000,50.0,0.01,0.01,0.02,3149.0,12408.0,0.4062559375,False,PUT,2026-01-30,BAC
BAC260130P00050500,50.5,0.01,0.02,0.03,89.0,1687.0,0.37500625,False,PUT,2026-01-30,BAC
BAC260130P00051000,51.0,0.03,0.03,0.04,878.0,2898.0,0.32813171874999997,False,PUT,2026-01-30,BAC
BAC260130P00051500,51.5,0.05,0.05,0.06,968.0,2731.0,0.2890696093749999,False,PUT,2026-01-30,BAC
BAC260130P00052000,52.0,0.1,0.1,0.11,3764.0,4947.0,0.257819921875,False,PUT,2026-01-30,BAC
BAC260130P00052500,52.5,0.21,0.2,0.21,1957.0,3233.0,0.231452998046875,False,PUT,2026-01-30,BAC
BAC260130P00053000,53.0,0.47,0.44,0.48,711.0,3295.0,0.257819921875,True,PUT,2026-01-30,BAC
BAC260130P00053500,53.5,0.95,0.73,0.94,80.0,271.0,0.35645174804687496,True,PUT,2026-01-30,BAC
BAC260130P00054000,54.0,1.26,1.22,1.43,50.0,573.0,0.454107021484375,True,PUT,2026-01-30,BAC
BAC260130P00054500,54.5,2.14,1.22,2.5,5.0,40.0,0.971679970703125,True,PUT,2026-01-30,BAC
BAC260130P00055000,55.0,2.22,2.09,2.62,63.0,196.0,0.56836369140625,True,PUT,2026-01-30,BAC
BAC260130P00055500,55.5,2.82,2.42,3.55,3.0,6.0,0.773439765625,True,PUT,2026-01-30,BAC
BAC260130P00056000,56.0,3.64,2.85,4.0,2.0,2.0,0.79883013671875,True,PUT,2026-01-30,BAC
BAC260130P00056500,56.5,4.59,3.0,5.7,1.0,2.0,1.255863095703125,True,PUT,2026-01-30,BAC
BAC260130P00057000,57.0,5.31,3.65,6.15,601.0,0.0,1.3847687011718748,True,PUT,2026-01-30,BAC
BAC260130P00057500,57.5,4.92,3.5,6.65,1.0,0.0,1.1816447167968749,True,PUT,2026-01-30,BAC
BAC260130P00058000,58.0,4.96,3.55,7.3,1.0,0.0,1.09375453125,True,PUT,2026-01-30,BAC
BAC260130P00059000,59.0,6.92,4.45,7.95,20.0,0.0,0.8437515624999999,True,PUT,2026-01-30,BAC
BAC260130P00060000,60.0,7.79,5.4,9.4,1.0,0.0,1.32422212890625,True,PUT,2026-01-30,BAC
BAC260130P00061000,61.0,5.3,6.4,10.4,2.0,0.0,1.4472683886718751,True,PUT,2026-01-30,BAC
BAC260130P00062000,62.0,5.57,7.4,11.4,1.0,0.0,1.5644553027343748,True,PUT,2026-01-30,BAC
BAC260130P00063000,63.0,6.05,8.4,12.4,2.0,0.0,1.6796891015625,True,PUT,2026-01-30,BAC
BAC260130P00065000,65.0,8.18,10.4,14.4,,0.0,1.89453177734375,True,PUT,2026-01-30,BAC
BAC260206C00045000,45.0,8.4,5.9,9.1,,2.0,1.3115268798828121,True,CALL,2026-02-06,BAC
BAC260206C00046000,46.0,6.5,5.0,8.2,,2.0,1.2431678466796874,True,CALL,2026-02-06,BAC
BAC260206C00047000,47.0,5.26,3.95,6.85,1.0,2.0,0.9853517089843751,True,CALL,2026-02-06,BAC
BAC260206C00048000,48.0,3.6,4.4,5.1,1.0,1.0,0.523442265625,True,CALL,2026-02-06,BAC
BAC260206C00049000,49.0,3.09,3.7,3.95,1.0,10.0,0.3398503515625,True,CALL,2026-02-06,BAC
BAC260206C00049500,49.5,3.35,3.25,3.45,23.0,41.0,0.304694453125,True,CALL,2026-02-06,BAC
BAC260206C00050000,50.0,2.88,2.76,2.97,2.0,320.0,0.282233740234375,True,CALL,2026-02-06,BAC
BAC260206C00050500,50.5,2.55,2.34,2.54,3.0,141.0,0.2841868457031249,True,CALL,2026-02-06,BAC
BAC260206C00051000,51.0,1.85,1.96,2.07,233.0,230.0,0.256843369140625,True,CALL,2026-02-06,BAC
BAC260206C00051500,51.5,1.58,1.55,1.63,438.0,2460.0,0.23535920898437498,True,CALL,2026-02-06,BAC
BAC260206C00052000,52.0,1.22,1.19,1.24,886.0,1790.0,0.22364057617187497,True,CALL,2026-02-06,BAC
BAC260206C00052500,52.5,0.9,0.87,0.92,3853.0,1530.0,0.22071091796874998,True,CALL,2026-02-06,BAC
BAC260206C00053000,53.0,0.64,0.62,0.64,1241.0,1978.0,0.213875048828125,False,CALL,2026-02-06,BAC
BAC260206C00053500,53.5,0.44,0.44,0.45,1618.0,1273.0,0.21826953613281247,False,CALL,2026-02-06,BAC
BAC260206C00054000,54.0,0.29,0.27,0.28,1594.0,1317.0,0.2124102197265625,False,CALL,2026-02-06,BAC
BAC260206C00054500,54.5,0.19,0.17,0.18,2396.0,484.0,0.2148516015625,False,CALL,2026-02-06,BAC
BAC260206C00055000,55.0,0.12,0.11,0.12,1559.0,6684.0,0.22266402343749997,False,CALL,2026-02-06,BAC
BAC260206C00055500,55.5,0.08,0.06,0.07,168.0,403.0,0.22266402343749997,False,CALL,2026-02-06,BAC
BAC260206C00056000,56.0,0.04,0.04,0.05,139.0,1254.0,0.23438265625,False,CALL,2026-02-06,BAC
BAC260206C00056500,56.5,0.03,0.03,0.04,103.0,194.0,0.2500075,False,CALL,2026-02-06,BAC
BAC260206C00057000,57.0,0.02,0.02,0.03,54.0,3451.0,0.2617261328125,False,CALL,2026-02-06,BAC
BAC260206C00057500,57.5,0.02,0.01,0.02,2.0,7.0,0.2695385546875,False,CALL,2026-02-06,BAC
BAC260206C00058000,58.0,0.02,0.0,0.03,1.0,544.0,0.31250687499999996,False,CALL,2026-02-06,BAC
BAC260206C00059000,59.0,0.01,0.0,0.03,503.0,325.0,0.35938140625,False,CALL,2026-02-06,BAC
BAC260206C00060000,60.0,0.02,0.0,0.01,6.0,6170.0,0.3437565625,False,CALL,2026-02-06,BAC
BAC260206C00061000,61.0,0.01,0.0,0.12,2.0,155.0,0.500005,False,CALL,2026-02-06,BAC
BAC260206C00062000,62.0,0.01,0.0,0.01,1.0,275.0,0.42188078125,False,CALL,2026-02-06,BAC
BAC260206C00063000,63.0,0.01,0.0,0.09,20.0,325.0,0.5625043750000001,False,CALL,2026-02-06,BAC
BAC260206C00064000,64.0,0.01,0.0,0.12,20.0,26.0,0.632816171875,False,CALL,2026-02-06,BAC
BAC260206C00065000,65.0,0.01,0.0,0.12,20.0,27.0,0.6757844921875001,False,CALL,2026-02-06,BAC
BAC260206C00066000,66.0,0.03,0.0,0.12,3.0,4.0,0.7148466015625,False,CALL,2026-02-06,BAC
BAC260206C00067000,67.0,0.02,0.0,0.12,,118.0,0.7539087109375,False,CALL,2026-02-06,BAC
BAC260206C00068000,68.0,0.06,0.0,0.12,,20.0,0.7929708203125,False,CALL,2026-02-06,BAC
BAC260206P00040000,40.0,0.03,0.0,0.05,3.0,11.0,0.79687703125,False,PUT,2026-02-06,BAC
BAC260206P00043000,43.0,0.01,0.0,0.55,157.0,220.0,0.95507857421875,False,PUT,2026-02-06,BAC
BAC260206P00044000,44.0,0.02,0.0,0.54,13.0,314.0,0.867188828125,False,PUT,2026-02-06,BAC
BAC260206P00045000,45.0,0.03,0.0,0.02,15.0,211.0,0.476567734375,False,PUT,2026-02-06,BAC
BAC260206P00046000,46.0,0.03,0.01,0.03,101.0,387.0,0.445318046875,False,PUT,2026-02-06,BAC
BAC260206P00047000,47.0,0.03,0.03,0.04,5.0,422.0,0.4062559375,False,PUT,2026-02-06,BAC
BAC260206P00048000,48.0,0.05,0.05,0.06,11.0,614.0,0.3711000390625,False,PUT,2026-02-06,BAC
BAC260206P00048500,48.5,0.05,0.06,0.07,10.0,84.0,0.34961587890624996,False,PUT,2026-02-06,BAC
BAC260206P00049000,49.0,0.07,0.07,0.08,27.0,475.0,0.32617861328125,False,PUT,2026-02-06,BAC
BAC260206P00049500,49.5,0.1,0.09,0.1,80.0,135.0,0.3086006640625,False,PUT,2026-02-06,BAC
BAC260206P00050000,50.0,0.12,0.12,0.13,72.0,2312.0,0.2929758203124999,False,PUT,2026-02-06,BAC
BAC260206P00050500,50.5,0.17,0.16,0.17,89.0,458.0,0.27637442382812494,False,PUT,2026-02-06,BAC
BAC260206P00051000,51.0,0.23,0.22,0.23,409.0,736.0,0.26367923828125,False,PUT,2026-02-06,BAC
BAC260206P00051500,51.5,0.32,0.3,0.32,303.0,4569.0,0.252937158203125,False,PUT,2026-02-06,BAC
BAC260206P00052000,52.0,0.44,0.43,0.46,312.0,1551.0,0.249030947265625,False,PUT,2026-02-06,BAC
BAC260206P00052500,52.5,0.62,0.62,0.65,307.0,490.0,0.247077841796875,False,PUT,2026-02-06,BAC
BAC260206P00053000,53.0,0.86,0.83,0.9,194.0,2975.0,0.249030947265625,True,PUT,2026-02-06,BAC
BAC260206P00053500,53.5,1.03,1.12,1.25,14.0,147.0,0.26758544921875,True,PUT,2026-02-06,BAC
BAC260206P00054000,54.0,1.44,1.48,1.57,79.0,219.0,0.26367923828125,True,PUT,2026-02-06,BAC
BAC260206P00054500,54.5,1.77,1.86,1.99,40.0,14.0,0.282233740234375,True,PUT,2026-02-06,BAC
BAC260206P00055000,55.0,2.34,2.3,2.41,8.0,292.0,0.2929758203124999,True,PUT,2026-02-06,BAC
BAC260206P00056000,56.0,3.55,3.2,3.4,1.0,64.0,0.36524072265625,True,PUT,2026-02-06,BAC
BAC260206P00057000,57.0,4.71,3.75,6.15,1.0,0.0,0.6718782812500002,True,PUT,2026-02-06,BAC
BAC260206P00058000,58.0,6.28,4.25,7.15,1.0,0.0,0.649417568359375,True,PUT,2026-02-06,BAC
BAC260206P00059000,59.0,2.45,4.95,8.15,,0.0,0.648441015625,True,PUT,2026-02-06,BAC
BAC260206P00060000,60.0,4.1,5.75,9.15,,0.0,0.6562534375000001,True,PUT,2026-02-06,BAC
BAC260206P00063000,63.0,10.62,8.45,12.35,,0.0,0.79101771484375,True,PUT,2026-02-06,BAC
BAC260206P00065000,65.0,11.87,10.4,14.4,,0.0,0.893555751953125,True,PUT,2026-02-06,BAC
BAC260206P00066000,66.0,13.5,11.4,15.35,,0.0,0.920899228515625,True,PUT,2026-02-06,BAC
BAC260213C00043000,43.0,10.17,7.95,11.0,,12.0,1.1142622412109375,True,CALL,2026-02-13,BAC
BAC260213C00044000,44.0,8.55,6.95,10.15,,1.0,1.0849655126953124,True,CALL,2026-02-13,BAC
BAC260213C00045000,45.0,7.61,5.95,8.95,,3.0,0.9326178613281251,True,CALL,2026-02-13,BAC
BAC260213C00046000,46.0,6.1,4.95,7.5,2.0,0.0,0.6928741650390625,True,CALL,2026-02-13,BAC
BAC260213C00047000,47.0,5.17,5.7,6.0,2.0,22.0,0.39453730468750003,True,CALL,2026-02-13,BAC
BAC260213C00048000,48.0,3.83,4.75,5.0,2.0,34.0,0.3398503515625,True,CALL,2026-02-13,BAC
BAC260213C00049000,49.0,4.06,3.8,4.1,1.0,4.0,0.331061376953125,True,CALL,2026-02-13,BAC
BAC260213C00050000,50.0,2.97,2.97,3.2,11.0,43.0,0.30371790039062496,True,CALL,2026-02-13,BAC
BAC260213C00051000,51.0,2.33,2.15,2.32,42.0,83.0,0.26856200195312496,True,CALL,2026-02-13,BAC
BAC260213C00052000,52.0,1.54,1.48,1.55,267.0,975.0,0.24414818359375,True,CALL,2026-02-13,BAC
BAC260213C00053000,53.0,0.93,0.95,0.96,285.0,673.0,0.233406103515625,False,CALL,2026-02-13,BAC
BAC260213C00054000,54.0,0.54,0.52,0.54,97.0,1358.0,0.22657023437499998,False,CALL,2026-02-13,BAC
BAC260213C00055000,55.0,0.26,0.26,0.28,76.0,615.0,0.22461712890624996,False,CALL,2026-02-13,BAC
BAC260213C00056000,56.0,0.14,0.14,0.15,486.0,1109.0,0.231452998046875,False,CALL,2026-02-13,BAC
BAC260213C00057000,57.0,0.07,0.07,0.08,26.0,444.0,0.24024197265624997,False,CALL,2026-02-13,BAC
BAC260213C00058000,58.0,0.05,0.04,0.05,5.0,193.0,0.25586681640625003,False,CALL,2026-02-13,BAC
BAC260213C00059000,59.0,0.03,0.03,0.04,9.0,356.0,0.28125718749999995,False,CALL,2026-02-13,BAC
BAC260213C00060000,60.0,0.01,0.01,0.04,8.0,925.0,0.31641308593749995,False,CALL,2026-02-13,BAC
BAC260213C00061000,61.0,0.13,0.0,2.14,1.0,4.0,0.8110370458984374,False,CALL,2026-02-13,BAC
BAC260213C00062000,62.0,0.03,0.0,1.0,1.0,14.0,0.6660189648437502,False,CALL,2026-02-13,BAC
BAC260213C00063000,63.0,0.02,0.0,0.55,1.0,16.0,0.6044961425781252,False,CALL,2026-02-13,BAC
BAC260213C00064000,64.0,0.06,0.0,0.55,35.0,286.0,0.6435582519531251,False,CALL,2026-02-13,BAC
BAC260213C00065000,65.0,0.09,0.0,0.55,,253.0,0.6816438085937502,False,CALL,2026-02-13,BAC
BAC260213C00066000,66.0,0.03,0.0,2.13,2.0,1.0,1.052739111328125,False,CALL,2026-02-13,BAC
BAC260213C00067000,67.0,0.06,0.0,0.12,12.0,6.0,0.5664105859375,False,CALL,2026-02-13,BAC
BAC260213C00068000,68.0,0.04,0.0,0.04,,12.0,0.5117236328125,False,CALL,2026-02-13,BAC
BAC260213P00040000,40.0,0.04,0.0,0.04,7.0,6.0,0.57812921875,False,PUT,2026-02-13,BAC
BAC260213P00042000,42.0,0.05,0.0,0.07,1.0,7.0,0.5273484765625001,False,PUT,2026-02-13,BAC
BAC260213P00043000,43.0,0.03,0.0,2.14,8.0,30.0,1.0859420703125,False,PUT,2026-02-13,BAC
BAC260213P00044000,44.0,0.02,0.02,0.04,20.0,284.0,0.4414118359375,False,PUT,2026-02-13,BAC
BAC260213P00045000,45.0,0.04,0.04,0.05,102.0,279.0,0.4101621484375,False,PUT,2026-02-13,BAC
BAC260213P00046000,46.0,0.06,0.05,0.06,1.0,285.0,0.37500625,False,PUT,2026-02-13,BAC
BAC260213P00047000,47.0,0.1,0.07,0.08,75.0,401.0,0.34570966796874997,False,PUT,2026-02-13,BAC
BAC260213P00048000,48.0,0.11,0.11,0.12,7.0,112.0,0.3242255078124999,False,PUT,2026-02-13,BAC
BAC260213P00049000,49.0,0.15,0.16,0.17,29.0,199.0,0.29688203124999996,False,PUT,2026-02-13,BAC
BAC260213P00050000,50.0,0.27,0.26,0.27,127.0,356.0,0.27735097656249996,False,PUT,2026-02-13,BAC
BAC260213P00051000,51.0,0.45,0.41,0.46,46.0,294.0,0.26709717285156254,False,PUT,2026-02-13,BAC
BAC260213P00052000,52.0,0.71,0.68,0.73,245.0,287.0,0.2524488818359375,False,PUT,2026-02-13,BAC
BAC260213P00053000,53.0,1.31,1.06,1.19,42.0,223.0,0.2524488818359375,True,PUT,2026-02-13,BAC
BAC260213P00054000,54.0,1.9,1.67,1.79,10.0,64.0,0.2524488818359375,True,PUT,2026-02-13,BAC
BAC260213P00055000,55.0,2.42,2.41,2.65,30.0,69.0,0.29004616210937495,True,PUT,2026-02-13,BAC
BAC260213P00056000,56.0,4.25,3.25,3.55,2.0,61.0,0.3242255078124999,True,PUT,2026-02-13,BAC
BAC260213P00057000,57.0,5.25,4.2,4.5,2.0,0.0,0.36426416992187505,True,PUT,2026-02-13,BAC
BAC260213P00058000,58.0,2.73,4.45,7.2,2.0,0.0,0.5268602001953125,True,PUT,2026-02-13,BAC
BAC260213P00060000,60.0,3.52,6.7,9.15,,0.0,0.6679720703125002,True,PUT,2026-02-13,BAC
BAC260213P00067000,67.0,13.88,12.4,16.35,,0.0,0.726565234375,True,PUT,2026-02-13,BAC
BAC260220C00037000,37.0,20.37,14.7,16.3,1.0,10.0,1.0351610742187503,True,CALL,2026-02-20,BAC
BAC260220C00038000,38.0,14.4,13.7,15.2,36.0,52.0,0.914063359375,True,CALL,2026-02-20,BAC
BAC260220C00039000,39.0,13.4,12.75,14.15,26.0,119.0,0.8242205078124999,True,CALL,2026-02-20,BAC
BAC260220C00040000,40.0,13.11,11.75,13.2,352.0,612.0,0.79883013671875,True,CALL,2026-02-20,BAC
BAC260220C00041000,41.0,12.41,10.75,12.15,1.0,135.0,0.7148466015625,True,CALL,2026-02-20,BAC
BAC260220C00042000,42.0,10.75,10.05,11.15,10.0,448.0,0.6611362011718751,True,CALL,2026-02-20,BAC
BAC260220C00043000,43.0,10.24,9.6,10.3,11.0,1520.0,0.6787141503906251,True,CALL,2026-02-20,BAC
BAC260220C00044000,44.0,8.85,8.15,9.15,2.0,566.0,0.5546919531250001,True,CALL,2026-02-20,BAC
BAC260220C00045000,45.0,7.9,7.4,8.0,9.0,469.0,0.42188078125,True,CALL,2026-02-20,BAC
BAC260220C00046000,46.0,5.85,6.75,7.05,5.0,822.0,0.40332627929687503,True,CALL,2026-02-20,BAC
BAC260220C00047000,47.0,5.65,5.8,6.05,249.0,569.0,0.35547519531249994,True,CALL,2026-02-20,BAC
BAC260220C00048000,48.0,4.03,4.85,5.1,30.0,1572.0,0.327155166015625,True,CALL,2026-02-20,BAC
BAC260220C00049000,49.0,4.2,4.0,4.15,10.0,5037.0,0.2929758203124999,True,CALL,2026-02-20,BAC
BAC260220C00049500,49.5,3.6,3.55,3.75,1.0,37.0,0.2963937548828125,True,CALL,2026-02-20,BAC
BAC260220C00050000,50.0,3.1,3.05,3.3,26.0,3940.0,0.28076891113281244,True,CALL,2026-02-20,BAC
BAC260220C00050500,50.5,2.77,2.68,2.86,1.0,25.0,0.2651440673828125,True,CALL,2026-02-20,BAC
BAC260220C00051000,51.0,2.4,2.33,2.44,32.0,153.0,0.2514723291015625,True,CALL,2026-02-20,BAC
BAC260220C00051500,51.5,1.99,1.98,2.03,216.0,1883.0,0.23657989990234374,True,CALL,2026-02-20,BAC
BAC260220C00052000,52.0,1.63,1.66,1.7,249.0,1592.0,0.233406103515625,True,CALL,2026-02-20,BAC
BAC260220C00052500,52.5,1.38,1.37,1.4,1918.0,17456.0,0.2299881689453125,True,CALL,2026-02-20,BAC
BAC260220C00053000,53.0,1.1,1.09,1.11,318.0,3061.0,0.22266402343749997,False,CALL,2026-02-20,BAC
BAC260220C00053500,53.5,0.86,0.85,0.89,218.0,4727.0,0.2224198852539062,False,CALL,2026-02-20,BAC
BAC260220C00054000,54.0,0.66,0.66,0.69,9628.0,4272.0,0.21973436523437498,False,CALL,2026-02-20,BAC
BAC260220C00054500,54.5,0.5,0.5,0.52,48.0,810.0,0.21631643066406248,False,CALL,2026-02-20,BAC
BAC260220C00055000,55.0,0.38,0.38,0.39,1413.0,21420.0,0.2148516015625,False,CALL,2026-02-20,BAC
BAC260220C00055500,55.5,0.24,0.28,0.3,6.0,267.0,0.2172929833984375,False,CALL,2026-02-20,BAC
BAC260220C00056000,56.0,0.21,0.21,0.22,151.0,2940.0,0.2172929833984375,False,CALL,2026-02-20,BAC
BAC260220C00056500,56.5,0.16,0.16,0.17,14.0,54.0,0.2211991943359375,False,CALL,2026-02-20,BAC
BAC260220C00057000,57.0,0.11,0.12,0.13,1.0,324.0,0.22461712890624996,False,CALL,2026-02-20,BAC
BAC260220C00057500,57.5,0.1,0.09,0.1,238.0,10314.0,0.22852333984375,False,CALL,2026-02-20,BAC
BAC260220C00058000,58.0,0.03,0.07,0.08,2.0,2368.0,0.23438265625,False,CALL,2026-02-20,BAC
BAC260220C00058500,58.5,0.04,0.06,0.07,2.0,4.0,0.24414818359375,False,CALL,2026-02-20,BAC
BAC260220C00059000,59.0,0.03,0.05,0.06,2.0,27.0,0.252937158203125,False,CALL,2026-02-20,BAC
BAC260220C00060000,60.0,0.03,0.03,0.04,36.0,21848.0,0.26367923828125,False,CALL,2026-02-20,BAC
BAC260220C00062000,62.0,0.05,0.0,0.13,,10.0,0.39551385742187506,False,CALL,2026-02-20,BAC
BAC260220C00062500,62.5,0.07,0.01,0.04,1.0,2552.0,0.3320379296875,False,CALL,2026-02-20,BAC
BAC260220C00063000,63.0,0.08,0.0,0.13,1.0,11.0,0.42578699218750005,False,CALL,2026-02-20,BAC
BAC260220C00065000,65.0,0.03,0.0,0.03,20.0,3794.0,0.3789124609375,False,CALL,2026-02-20,BAC
BAC260220P00037000,37.0,0.02,0.0,0.05,9.0,2078.0,0.6171913281250001,False,PUT,2026-02-20,BAC
BAC260220P00038000,38.0,0.04,0.0,0.08,1.0,461.0,0.6132851171875001,False,PUT,2026-02-20,BAC
BAC260220P00039000,39.0,0.05,0.0,0.15,1.0,1731.0,0.63086306640625,False,PUT,2026-02-20,BAC
BAC260220P00040000,40.0,0.03,0.0,0.06,9.0,4041.0,0.507817421875,False,PUT,2026-02-20,BAC
BAC260220P00041000,41.0,0.04,0.0,0.16,7.0,1120.0,0.5468795312500001,False,PUT,2026-02-20,BAC
BAC260220P00042000,42.0,0.04,0.0,0.17,6.0,2315.0,0.507817421875,False,PUT,2026-02-20,BAC
BAC260220P00043000,43.0,0.05,0.04,0.05,242.0,5130.0,0.42188078125,False,PUT,2026-02-20,BAC
BAC260220P00044000,44.0,0.05,0.05,0.06,21.0,2272.0,0.39453730468750003,False,PUT,2026-02-20,BAC
BAC260220P00045000,45.0,0.06,0.07,0.08,65.0,14295.0,0.37305314453125,False,PUT,2026-02-20,BAC
BAC260220P00046000,46.0,0.1,0.09,0.1,154.0,2579.0,0.34570966796874997,False,PUT,2026-02-20,BAC
BAC260220P00047000,47.0,0.12,0.12,0.13,415.0,16898.0,0.32129584960937496,False,PUT,2026-02-20,BAC
BAC260220P00048000,48.0,0.17,0.16,0.17,43.0,3312.0,0.29492892578124996,False,PUT,2026-02-20,BAC
BAC260220P00049000,49.0,0.25,0.23,0.25,71.0,2304.0,0.2778392529296875,False,PUT,2026-02-20,BAC
BAC260220P00049500,49.5,0.32,0.28,0.3,8.0,319.0,0.26758544921875,False,PUT,2026-02-20,BAC
BAC260220P00050000,50.0,0.36,0.35,0.36,2730.0,22581.0,0.257819921875,False,PUT,2026-02-20,BAC
BAC260220P00050500,50.5,0.43,0.42,0.46,25.0,716.0,0.25440198730468755,False,PUT,2026-02-20,BAC
BAC260220P00051000,51.0,0.55,0.54,0.56,214.0,2261.0,0.2461012890625,False,PUT,2026-02-20,BAC
BAC260220P00051500,51.5,0.67,0.66,0.68,139.0,2455.0,0.23780059082031246,False,PUT,2026-02-20,BAC
BAC260220P00052000,52.0,0.84,0.81,0.85,303.0,1419.0,0.23438265625,False,PUT,2026-02-20,BAC
BAC260220P00052500,52.5,1.01,1.01,1.04,2057.0,17275.0,0.22925575439453127,False,PUT,2026-02-20,BAC
BAC260220P00053000,53.0,1.25,1.22,1.28,207.0,531.0,0.22754678710937498,True,PUT,2026-02-20,BAC
BAC260220P00053500,53.5,1.5,1.5,1.54,186.0,3165.0,0.22364057617187497,True,PUT,2026-02-20,BAC
BAC260220P00054000,54.0,1.81,1.79,1.97,18.0,407.0,0.24658956542968752,True,PUT,2026-02-20,BAC
BAC260220P00054500,54.5,2.62,2.12,2.35,2.0,104.0,0.2556226782226563,True,PUT,2026-02-20,BAC
BAC260220P00055000,55.0,2.59,2.49,2.63,52.0,5654.0,0.23731231445312498,True,PUT,2026-02-20,BAC
BAC260220P00055500,55.5,4.05,2.83,3.2,1.0,3.0,0.28174546386718746,True,PUT,2026-02-20,BAC
BAC260220P00056000,56.0,4.7,3.3,3.6,1.0,13.0,0.2836985693359374,True,PUT,2026-02-20,BAC
BAC260220P00056500,56.5,4.47,3.75,4.1,2.0,3.0,0.30811238769531246,True,PUT,2026-02-20,BAC
BAC260220P00057000,57.0,4.87,4.25,4.55,4.0,4.0,0.31836619140624994,True,PUT,2026-02-20,BAC
BAC260220P00057500,57.5,4.95,4.7,5.0,5.0,1181.0,0.32617861328125,True,PUT,2026-02-20,BAC
BAC260220P00058000,58.0,5.25,5.2,5.5,,0.0,0.34766277343749996,True,PUT,2026-02-20,BAC
BAC260220P00060000,60.0,7.03,5.9,9.15,2.0,4.0,0.842775009765625,True,PUT,2026-02-20,BAC
BAC260220P00061000,61.0,8.58,6.55,10.15,,0.0,0.8930674755859375,True,PUT,2026-02-20,BAC
BAC260220P00062500,62.5,9.65,8.05,11.65,1.0,0.0,0.9643558251953125,True,PUT,2026-02-20,BAC
BAC260220P00065000,65.0,11.83,10.45,14.15,2.0,2.0,0.5019581054687501,True,PUT,2026-02-20,BAC
BAC260227C00040000,40.0,12.73,10.85,13.95,,5.0,0.98242205078125,True,CALL,2026-02-27,BAC
BAC260227C00044000,44.0,8.3,7.1,9.7,1.0,11.0,0.6718782812500002,True,CALL,2026-02-27,BAC
BAC260227C00045000,45.0,10.23,7.75,8.05,,1.0,0.39551385742187506,True,CALL,2026-02-27,BAC
BAC260227C00046000,46.0,6.45,6.8,7.1,2.0,5.0,0.37500625,True,CALL,2026-02-27,BAC
BAC260227C00047000,47.0,6.1,5.95,6.15,1.0,3.0,0.348639326171875,True,CALL,2026-02-27,BAC
BAC260227C00048000,48.0,4.5,4.9,5.2,100.0,107.0,0.31836619140624994,True,CALL,2026-02-27,BAC
BAC260227C00049000,49.0,4.34,4.05,4.4,1.0,12.0,0.32227240234374993,True,CALL,2026-02-27,BAC
BAC260227C00050000,50.0,3.4,3.25,3.45,58.0,556.0,0.27930408203124996,True,CALL,2026-02-27,BAC
BAC260227C00051000,51.0,2.36,2.53,2.64,4.0,35.0,0.25879647460937505,True,CALL,2026-02-27,BAC
BAC260227C00052000,52.0,1.91,1.82,1.95,27.0,182.0,0.2475661181640625,True,CALL,2026-02-27,BAC
BAC260227C00053000,53.0,1.33,1.25,1.33,76.0,217.0,0.231452998046875,False,CALL,2026-02-27,BAC
BAC260227C00054000,54.0,0.84,0.82,0.88,53.0,182.0,0.225593681640625,False,CALL,2026-02-27,BAC
BAC260227C00055000,55.0,0.58,0.49,0.56,81.0,2267.0,0.22290816162109373,False,CALL,2026-02-27,BAC
BAC260227C00056000,56.0,0.33,0.3,0.34,111.0,512.0,0.2211991943359375,False,CALL,2026-02-27,BAC
BAC260227C00057000,57.0,0.2,0.17,0.22,9.0,233.0,0.22754678710937498,False,CALL,2026-02-27,BAC
BAC260227C00058000,58.0,0.12,0.11,0.14,7.0,309.0,0.233406103515625,False,CALL,2026-02-27,BAC
BAC260227C00059000,59.0,0.09,0.08,0.09,15.0,133.0,0.24024197265624997,False,CALL,2026-02-27,BAC
BAC260227C00060000,60.0,0.03,0.05,0.06,3.0,390.0,0.24805439453125,False,CALL,2026-02-27,BAC
BAC260227C00061000,61.0,0.03,0.04,0.05,1.0,3.0,0.26563234375,False,CALL,2026-02-27,BAC
BAC260227C00062000,62.0,0.05,0.02,0.04,1.0,4.0,0.27930408203124996,False,CALL,2026-02-27,BAC
BAC260227C00063000,63.0,0.03,0.0,0.83,1.0,251.0,0.6093789062500001,False,CALL,2026-02-27,BAC
BAC260227C00064000,64.0,0.03,0.0,2.14,,39.0,0.7026396923828125,False,CALL,2026-02-27,BAC
BAC260227C00065000,65.0,0.06,0.0,2.14,4.0,4.0,0.7368190380859375,False,CALL,2026-02-27,BAC
BAC260227C00066000,66.0,0.08,0.0,2.13,,26.0,0.7690452783203126,False,CALL,2026-02-27,BAC
BAC260227C00068000,68.0,0.07,0.0,2.13,,1.0,0.8320329296874999,False,CALL,2026-02-27,BAC
BAC260227P00040000,40.0,0.1,0.0,2.16,1.0,32.0,0.9780275634765626,False,PUT,2026-02-27,BAC
BAC260227P00041000,41.0,0.05,0.0,2.16,1.0,2.0,0.9165047412109376,False,PUT,2026-02-27,BAC
BAC260227P00042000,42.0,0.05,0.05,0.06,8.0,2.0,0.41797457031249996,False,PUT,2026-02-27,BAC
BAC260227P00044000,44.0,0.09,0.08,0.09,5.0,513.0,0.37305314453125,False,PUT,2026-02-27,BAC
BAC260227P00045000,45.0,0.1,0.1,0.11,261.0,1065.0,0.34766277343749996,False,PUT,2026-02-27,BAC
BAC260227P00046000,46.0,0.13,0.13,0.14,6.0,68.0,0.32617861328125,False,PUT,2026-02-27,BAC
BAC260227P00047000,47.0,0.2,0.16,0.2,1.0,52.0,0.3129951513671875,False,PUT,2026-02-27,BAC
BAC260227P00048000,48.0,0.24,0.22,0.26,4.0,367.0,0.2915109912109374,False,PUT,2026-02-27,BAC
BAC260227P00049000,49.0,0.31,0.32,0.37,13.0,535.0,0.2778392529296875,False,PUT,2026-02-27,BAC
BAC260227P00050000,50.0,0.47,0.46,0.51,17.0,1131.0,0.260749580078125,False,PUT,2026-02-27,BAC
BAC260227P00051000,51.0,0.69,0.66,0.73,21.0,113.0,0.2485426708984375,False,PUT,2026-02-27,BAC
BAC260227P00052000,52.0,1.03,0.93,1.03,4.0,91.0,0.23633576171874998,False,PUT,2026-02-27,BAC
BAC260227P00053000,53.0,1.43,1.36,1.5,2.0,100.0,0.23584748535156247,True,PUT,2026-02-27,BAC
BAC260227P00054000,54.0,2.76,1.93,2.13,4.0,62.0,0.2436599072265625,True,PUT,2026-02-27,BAC
BAC260227P00055000,55.0,3.34,2.61,2.87,1.0,23.0,0.2546461254882813,True,PUT,2026-02-27,BAC
BAC260227P00056000,56.0,4.36,3.4,3.7,1.0,46.0,0.2700268310546875,True,PUT,2026-02-27,BAC
BAC260227P00057000,57.0,4.76,4.25,4.65,1.0,3.0,0.30274134765625,True,PUT,2026-02-27,BAC
BAC260227P00058000,58.0,6.0,5.2,5.55,50.0,55.0,0.3178779150390625,True,PUT,2026-02-27,BAC
BAC260306C00045000,45.0,8.15,7.8,8.1,1.0,6.0,0.37695935546875,True,CALL,2026-03-06,BAC
BAC260306C00049000,49.0,3.52,4.1,4.4,3.0,3.0,0.29004616210937495,True,CALL,2026-03-06,BAC
BAC260306C00050000,50.0,3.45,3.4,3.55,8.0,49.0,0.27075924560546877,True,CALL,2026-03-06,BAC
BAC260306C00051000,51.0,2.88,2.65,2.88,6.0,20.0,0.273444765625,True,CALL,2026-03-06,BAC
BAC260306C00052000,52.0,2.08,1.98,2.08,180.0,39.0,0.24268335449218748,True,CALL,2026-03-06,BAC
BAC260306C00053000,53.0,1.45,1.43,1.5,37.0,81.0,0.23389437988281248,False,CALL,2026-03-06,BAC
BAC260306C00054000,54.0,1.01,0.94,1.04,28.0,58.0,0.22779092529296874,False,CALL,2026-03-06,BAC
BAC260306C00055000,55.0,0.67,0.61,0.7,73.0,260.0,0.22510540527343748,False,CALL,2026-03-06,BAC
BAC260306C00057000,57.0,0.24,0.25,0.33,9.0,6.0,0.233406103515625,False,CALL,2026-03-06,BAC
BAC260306C00059000,59.0,0.12,0.11,0.15,41.0,251.0,0.24268335449218748,False,CALL,2026-03-06,BAC
BAC260306P00042000,42.0,0.09,0.06,0.1,250.0,500.0,0.41211525390625,False,PUT,2026-03-06,BAC
BAC260306P00043000,43.0,0.1,0.09,0.12,4.0,261.0,0.39063109375,False,PUT,2026-03-06,BAC
BAC260306P00044000,44.0,0.12,0.11,0.14,6.0,18.0,0.367193828125,False,PUT,2026-03-06,BAC
BAC260306P00047000,47.0,0.27,0.24,0.29,35.0,4.0,0.31250687499999996,False,PUT,2026-03-06,BAC
BAC260306P00048000,48.0,0.31,0.33,0.38,3.0,27.0,0.2963937548828125,False,PUT,2026-03-06,BAC
BAC260306P00049000,49.0,0.45,0.45,0.54,72.0,114.0,0.2890696093749999,False,PUT,2026-03-06,BAC
BAC260306P00050000,50.0,0.71,0.63,0.72,7.0,139.0,0.27539787109374997,False,PUT,2026-03-06,BAC
BAC260306P00052000,52.0,1.28,1.21,1.33,56.0,17.0,0.2590406127929688,False,PUT,2026-03-06,BAC
BAC260306P00053000,53.0,1.85,1.63,1.8,1.0,23.0,0.256843369140625,True,PUT,2026-03-06,BAC
BAC260306P00054000,54.0,2.26,2.21,2.38,2.0,16.0,0.257819921875,True,PUT,2026-03-06,BAC
BAC260320C00037000,37.0,15.86,14.05,17.35,140.0,163.0,1.001958115234375,True,CALL,2026-03-20,BAC
BAC260320C00038000,38.0,13.97,13.95,15.95,4.0,1453.0,0.850587431640625,True,CALL,2026-03-20,BAC
BAC260320C00039000,39.0,14.2,12.05,15.5,5.0,103.0,0.929688203125,True,CALL,2026-03-20,BAC
BAC260320C00040000,40.0,12.2,12.15,13.25,5.0,1526.0,0.5546919531250001,True,CALL,2026-03-20,BAC
BAC260320C00041000,41.0,12.12,11.0,12.25,3.0,338.0,0.516606396484375,True,CALL,2026-03-20,BAC
BAC260320C00042000,42.0,10.4,10.75,11.1,1.0,110.0,0.42383388671875,True,CALL,2026-03-20,BAC
BAC260320C00043000,43.0,9.7,9.95,10.1,24.0,2665.0,0.389654541015625,True,CALL,2026-03-20,BAC
BAC260320C00044000,44.0,8.05,8.8,9.15,1.0,154.0,0.37256486816406253,True,CALL,2026-03-20,BAC
BAC260320C00045000,45.0,8.2,8.0,8.2,28.0,2980.0,0.352545537109375,True,CALL,2026-03-20,BAC
BAC260320C00046000,46.0,6.85,6.9,7.25,85.0,490.0,0.32959654785156245,True,CALL,2026-03-20,BAC
BAC260320C00047000,47.0,6.2,6.0,6.3,9.0,3516.0,0.304694453125,True,CALL,2026-03-20,BAC
BAC260320C00048000,48.0,5.05,5.2,5.4,10.0,765.0,0.28711650390624993,True,CALL,2026-03-20,BAC
BAC260320C00049000,49.0,4.3,4.3,4.55,36.0,1013.0,0.2739330419921875,True,CALL,2026-03-20,BAC
BAC260320C00050000,50.0,3.68,3.6,3.75,676.0,8920.0,0.26197027099609377,True,CALL,2026-03-20,BAC
BAC260320C00052500,52.5,1.94,1.94,1.98,1316.0,9654.0,0.22876747802734376,True,CALL,2026-03-20,BAC
BAC260320C00055000,55.0,0.89,0.87,0.91,3911.0,56331.0,0.22144333251953124,False,CALL,2026-03-20,BAC
BAC260320C00057500,57.5,0.35,0.35,0.37,3305.0,57235.0,0.2219316088867187,False,CALL,2026-03-20,BAC
BAC260320C00060000,60.0,0.16,0.15,0.16,313.0,17910.0,0.233406103515625,False,CALL,2026-03-20,BAC
BAC260320C00062500,62.5,0.08,0.08,0.09,17.0,3382.0,0.256843369140625,False,CALL,2026-03-20,BAC
BAC260320C00065000,65.0,0.05,0.04,0.05,42.0,6115.0,0.27539787109374997,False,CALL,2026-03-20,BAC
BAC260320P00037000,37.0,0.02,0.04,0.12,1.0,748.0,0.526371923828125,False,PUT,2026-03-20,BAC
BAC260320P00038000,38.0,0.08,0.07,0.08,10.0,8056.0,0.45898978515625005,False,PUT,2026-03-20,BAC
BAC260320P00039000,39.0,0.1,0.08,0.09,1.0,2758.0,0.436529072265625,False,PUT,2026-03-20,BAC
BAC260320P00040000,40.0,0.1,0.09,0.11,311.0,13674.0,0.41992767578125,False,PUT,2026-03-20,BAC
BAC260320P00041000,41.0,0.13,0.11,0.12,27.0,932.0,0.39551385742187506,False,PUT,2026-03-20,BAC
BAC260320P00042000,42.0,0.16,0.13,0.15,1.0,1835.0,0.38086556640624997,False,PUT,2026-03-20,BAC
BAC260320P00043000,43.0,0.19,0.17,0.18,54.0,5492.0,0.3627993408203125,False,PUT,2026-03-20,BAC
BAC260320P00044000,44.0,0.23,0.2,0.21,1.0,3144.0,0.34229173339843744,False,PUT,2026-03-20,BAC
BAC260320P00045000,45.0,0.28,0.25,0.26,1010.0,7589.0,0.32617861328125,False,PUT,2026-03-20,BAC
BAC260320P00046000,46.0,0.31,0.31,0.33,82.0,2544.0,0.31250687499999996,False,PUT,2026-03-20,BAC
BAC260320P00047000,47.0,0.4,0.39,0.4,246.0,9639.0,0.29395237304687494,False,PUT,2026-03-20,BAC
BAC260320P00048000,48.0,0.51,0.49,0.54,80.0,22447.0,0.28613995117187496,False,PUT,2026-03-20,BAC
BAC260320P00049000,49.0,0.66,0.65,0.7,3098.0,9110.0,0.2749095947265625,False,PUT,2026-03-20,BAC
BAC260320P00050000,50.0,0.88,0.86,0.9,197.0,12087.0,0.26270268554687504,False,PUT,2026-03-20,BAC
BAC260320P00052500,52.5,1.71,1.69,1.74,314.0,13783.0,0.2436599072265625,False,PUT,2026-03-20,BAC
BAC260320P00055000,55.0,3.05,3.1,3.3,78.0,7220.0,0.2553785400390626,True,PUT,2026-03-20,BAC
BAC260320P00057500,57.5,5.4,5.05,5.35,1.0,1413.0,0.28321029296874994,True,PUT,2026-03-20,BAC
BAC260320P00060000,60.0,7.82,7.35,7.65,10.0,448.0,0.32129584960937496,True,PUT,2026-03-20,BAC
BAC260320P00062500,62.5,9.48,9.4,10.8,6.0,83.0,0.5127001855468749,True,PUT,2026-03-20,BAC
BAC260320P00065000,65.0,10.29,11.7,14.25,1.0,0.0,0.5190477783203125,True,PUT,2026-03-20,BAC
BAC260417C00040000,40.0,13.05,12.85,13.2,2.0,2347.0,0.43066975585937506,True,CALL,2026-04-17,BAC
BAC260417C00045000,45.0,7.9,7.9,8.6,11.0,87.0,0.362311064453125,True,CALL,2026-04-17,BAC
BAC260417C00050000,50.0,4.3,4.0,4.5,24.0,2110.0,0.2985909985351562,True,CALL,2026-04-17,BAC
BAC260417C00052500,52.5,2.56,2.64,2.69,498.0,5181.0,0.25659923095703124,True,CALL,2026-04-17,BAC
BAC260417C00055000,55.0,1.54,1.48,1.54,6970.0,7380.0,0.24634542724609376,False,CALL,2026-04-17,BAC
BAC260417C00057500,57.5,0.79,0.77,0.8,465.0,5672.0,0.2399978344726562,False,CALL,2026-04-17,BAC
BAC260417C00060000,60.0,0.38,0.38,0.4,87.0,24849.0,0.23975369628906246,False,CALL,2026-04-17,BAC
BAC260417C00062500,62.5,0.21,0.19,0.21,6.0,1751.0,0.2461012890625,False,CALL,2026-04-17,BAC
BAC260417C00065000,65.0,0.1,0.1,0.13,1.0,7303.0,0.2617261328125,False,CALL,2026-04-17,BAC
BAC260417P00040000,40.0,0.24,0.2,0.24,1.0,940.0,0.39551385742187506,False,PUT,2026-04-17,BAC
BAC260417P00045000,45.0,0.49,0.47,0.51,157.0,6562.0,0.3188544677734374,False,PUT,2026-04-17,BAC
BAC260417P00050000,50.0,1.37,1.37,1.38,424.0,29853.0,0.2683178637695312,False,PUT,2026-04-17,BAC
BAC260417P00052500,52.5,2.27,2.25,2.33,382.0,4542.0,0.2563550927734375,False,PUT,2026-04-17,BAC
BAC260417P00055000,55.0,3.6,3.55,3.85,7.0,2036.0,0.2640454455566406,True,PUT,2026-04-17,BAC
BAC260417P00057500,57.5,5.91,5.2,6.2,11.0,581.0,0.33081723876953123,True,PUT,2026-04-17,BAC
BAC260417P00060000,60.0,7.0,7.3,8.3,25.0,236.0,0.3518131225585937,True,PUT,2026-04-17,BAC
BAC260417P00065000,65.0,9.5,11.85,13.9,,0.0,0.5485884985351563,True,PUT,2026-04-17,BAC
BAC260515C00040000,40.0,12.35,12.35,13.55,5.0,3042.0,0.44873598144531246,True,CALL,2026-05-15,BAC
BAC260515C00045000,45.0,7.9,8.25,8.95,1.0,278.0,0.3606020971679687,True,CALL,2026-05-15,BAC
BAC260515C00050000,50.0,4.85,4.5,4.8,105.0,1279.0,0.28565167480468745,True,CALL,2026-05-15,BAC
BAC260515C00052500,52.5,3.2,3.05,3.25,81.0,1937.0,0.2699047619628906,True,CALL,2026-05-15,BAC
BAC260515C00055000,55.0,1.96,1.94,1.99,163.0,2785.0,0.2524488818359375,False,CALL,2026-05-15,BAC
BAC260515C00057500,57.5,1.13,1.12,1.15,82.0,4348.0,0.2436599072265625,False,CALL,2026-05-15,BAC
BAC260515C00060000,60.0,0.66,0.6,0.66,28.0,2758.0,0.24292749267578123,False,CALL,2026-05-15,BAC
BAC260515C00062500,62.5,0.35,0.33,0.36,67.0,3060.0,0.24243921630859372,False,CALL,2026-05-15,BAC
BAC260515C00065000,65.0,0.18,0.18,0.21,2.0,998.0,0.24805439453125,False,CALL,2026-05-15,BAC
BAC260515P00040000,40.0,0.33,0.3,0.34,648.0,2254.0,0.36914693359375,False,PUT,2026-05-15,BAC
BAC260515P00045000,45.0,0.64,0.65,0.74,55.0,8654.0,0.31055376953124997,False,PUT,2026-05-15,BAC
BAC260515P00050000,50.0,1.69,1.66,1.71,115.0,11465.0,0.2629468237304688,False,PUT,2026-05-15,BAC
BAC260515P00052500,52.5,2.63,2.61,2.66,43.0,3140.0,0.24927508544921873,False,PUT,2026-05-15,BAC
BAC260515P00055000,55.0,3.95,3.85,4.15,44.0,1070.0,0.25391371093750004,True,PUT,2026-05-15,BAC
BAC260515P00057500,57.5,5.89,5.55,5.95,15.0,324.0,0.25952888916015626,True,PUT,2026-05-15,BAC
BAC260515P00060000,60.0,8.5,7.4,8.5,1.0,42.0,0.3242255078124999,True,PUT,2026-05-15,BAC
BAC260515P00062500,62.5,7.75,9.55,10.85,1.0,3.0,0.35986968261718744,True,PUT,2026-05-15,BAC
BAC260515P00065000,65.0,13.3,12.0,13.25,1.0,4.0,0.3947814428710938,True,PUT,2026-05-15,BAC
BAC260618C00038000,38.0,14.71,14.45,15.6,5.0,2933.0,0.45288633056640626,True,CALL,2026-06-18,BAC
BAC260618C00040000,40.0,13.1,13.15,13.7,2.0,13906.0,0.4155331884765625,True,CALL,2026-06-18,BAC
BAC260618C00042000,42.0,10.89,10.75,11.9,3.0,17239.0,0.3898986791992188,True,CALL,2026-06-18,BAC
BAC260618C00045000,45.0,8.4,8.55,9.3,8.0,17524.0,0.35352208984374994,True,CALL,2026-06-18,BAC
BAC260618C00047000,47.0,7.05,6.75,7.55,4.0,13393.0,0.31995308959960933,True,CALL,2026-06-18,BAC
BAC260618C00050000,50.0,5.1,5.0,5.15,657.0,14902.0,0.27808339111328123,True,CALL,2026-06-18,BAC
BAC260618C00052500,52.5,3.6,3.5,3.65,97.0,12959.0,0.26587648193359376,True,CALL,2026-06-18,BAC
BAC260618C00055000,55.0,2.35,2.29,2.4,755.0,22621.0,0.2518385363769531,False,CALL,2026-06-18,BAC
BAC260618C00057500,57.5,1.47,1.45,1.5,73.0,9337.0,0.24292749267578123,False,CALL,2026-06-18,BAC
BAC260618C00060000,60.0,0.94,0.87,0.91,31.0,10334.0,0.2387771435546875,False,CALL,2026-06-18,BAC
BAC260618C00062500,62.5,0.56,0.52,0.55,3.0,2280.0,0.23853300537109373,False,CALL,2026-06-18,BAC
BAC260618C00065000,65.0,0.36,0.31,0.36,1.0,5598.0,0.24536887451171874,False,CALL,2026-06-18,BAC
BAC260618P00038000,38.0,0.36,0.36,0.38,17.0,32403.0,0.37793590820312495,False,PUT,2026-06-18,BAC
BAC260618P00040000,40.0,0.47,0.45,0.51,9.0,41227.0,0.35742830078125,False,PUT,2026-06-18,BAC
BAC260618P00042000,42.0,0.62,0.59,0.62,8.0,31117.0,0.3276434423828125,False,PUT,2026-06-18,BAC
BAC260618P00045000,45.0,0.96,0.93,0.97,309.0,30712.0,0.2995675512695312,False,PUT,2026-06-18,BAC
BAC260618P00047000,47.0,1.3,1.27,1.31,1964.0,25448.0,0.2819896020507812,False,PUT,2026-06-18,BAC
BAC260618P00050000,50.0,2.09,2.04,2.09,22.0,20175.0,0.2611157873535156,False,PUT,2026-06-18,BAC
BAC260618P00052500,52.5,2.99,3.0,3.2,27.0,5833.0,0.25867440551757814,False,PUT,2026-06-18,BAC
BAC260618P00055000,55.0,4.45,4.25,4.4,22.0,4112.0,0.24073024902343748,True,PUT,2026-06-18,BAC
BAC260618P00057500,57.5,6.65,5.7,6.55,8.0,1018.0,0.2771068383789062,True,PUT,2026-06-18,BAC
BAC260618P00060000,60.0,7.75,7.55,8.65,10.0,344.0,0.2962716857910156,True,PUT,2026-06-18,BAC
BAC260618P00062500,62.5,10.93,9.8,10.9,1.0,0.0,0.3186103295898437,True,PUT,2026-06-18,BAC
BAC260618P00065000,65.0,9.35,12.1,13.25,10.0,11.0,0.34400070068359373,True,PUT,2026-06-18,BAC
BAC260717C00040000,40.0,12.55,12.5,14.0,1.0,83.0,0.41919526123046874,True,CALL,2026-07-17,BAC
BAC260717C00045000,45.0,9.0,8.45,9.6,1.0,551.0,0.35095863891601553,True,CALL,2026-07-17,BAC
BAC260717C00050000,50.0,5.3,5.2,5.6,12.0,1826.0,0.2869944348144531,True,CALL,2026-07-17,BAC
BAC260717C00052500,52.5,3.95,3.95,4.05,484.0,757.0,0.2701489001464844,True,CALL,2026-07-17,BAC
BAC260717C00055000,55.0,2.73,2.74,2.8,51.0,1965.0,0.2574537145996094,False,CALL,2026-07-17,BAC
BAC260717C00057500,57.5,1.86,1.73,1.87,29.0,1600.0,0.24951922363281248,False,CALL,2026-07-17,BAC
BAC260717C00060000,60.0,1.2,1.17,1.22,8.0,3005.0,0.24536887451171874,False,CALL,2026-07-17,BAC
BAC260717C00062500,62.5,0.75,0.69,0.8,3.0,1044.0,0.24536887451171874,False,CALL,2026-07-17,BAC
BAC260717C00065000,65.0,0.39,0.46,0.5,5.0,505.0,0.24390404541015626,False,CALL,2026-07-17,BAC
BAC260717P00040000,40.0,0.62,0.62,0.63,206.0,1884.0,0.34570966796874997,False,PUT,2026-07-17,BAC
BAC260717P00045000,45.0,1.2,1.2,1.21,382.0,6269.0,0.29834686035156244,False,PUT,2026-07-17,BAC
BAC260717P00050000,50.0,2.4,2.4,2.44,269.0,4644.0,0.26428958374023437,False,PUT,2026-07-17,BAC
BAC260717P00052500,52.5,3.4,3.3,3.4,226.0,2168.0,0.24964129272460936,False,PUT,2026-07-17,BAC
BAC260717P00055000,55.0,4.8,4.55,4.65,14.0,4466.0,0.23694610717773437,True,PUT,2026-07-17,BAC
BAC260717P00057500,57.5,6.17,6.0,6.6,1.0,354.0,0.2561109545898438,True,PUT,2026-07-17,BAC
BAC260717P00060000,60.0,5.61,7.8,8.8,1.0,45.0,0.282233740234375,True,PUT,2026-07-17,BAC
BAC260717P00062500,62.5,11.0,9.9,11.0,3.0,8.0,0.29932341308593746,True,PUT,2026-07-17,BAC
BAC260717P00065000,65.0,13.13,12.0,13.3,2.0,6.0,0.31836619140624994,True,PUT,2026-07-17,BAC
BAC260821C00040000,40.0,12.7,12.75,14.15,6.0,6.0,0.39893179199218753,True,CALL,2026-08-21,BAC
BAC260821C00045000,45.0,9.0,8.8,9.9,3.0,56.0,0.3452213916015625,True,CALL,2026-08-21,BAC
BAC260821C00050000,50.0,5.35,5.4,6.2,32.0,111.0,0.3020089331054688,True,CALL,2026-08-21,BAC
BAC260821C00052500,52.5,4.5,4.3,4.5,30.0,209.0,0.27466545654296876,True,CALL,2026-08-21,BAC
BAC260821C00055000,55.0,3.25,3.1,3.25,35.0,279.0,0.26319096191406255,False,CALL,2026-08-21,BAC
BAC260821C00057500,57.5,2.19,2.14,2.34,18.0,322.0,0.2590406127929688,False,CALL,2026-08-21,BAC
BAC260821C00060000,60.0,1.51,1.46,1.56,3.0,141.0,0.24964129272460936,False,CALL,2026-08-21,BAC
BAC260821C00062500,62.5,0.88,0.96,1.1,50.0,234.0,0.25086198364257806,False,CALL,2026-08-21,BAC
BAC260821C00065000,65.0,0.65,0.67,0.74,1.0,182.0,0.24927508544921873,False,CALL,2026-08-21,BAC
BAC260821P00040000,40.0,0.76,0.74,0.77,276.0,883.0,0.3347234497070312,False,PUT,2026-08-21,BAC
BAC260821P00045000,45.0,1.41,1.41,1.47,80.0,5917.0,0.2955392712402344,False,PUT,2026-08-21,BAC
BAC260821P00050000,50.0,2.69,2.67,2.87,245.0,442.0,0.2700268310546875,False,PUT,2026-08-21,BAC
BAC260821P00052500,52.5,3.6,3.55,3.75,18.0,117.0,0.24964129272460936,False,PUT,2026-08-21,BAC
BAC260821P00055000,55.0,4.95,4.85,5.15,72.0,6.0,0.24768818725585937,True,PUT,2026-08-21,BAC
BAC260821P00057500,57.5,6.9,6.25,6.7,1.0,179.0,0.2401199035644531,True,PUT,2026-08-21,BAC
BAC260821P00060000,60.0,5.57,8.0,8.95,,5.0,0.26807372558593745,True,PUT,2026-08-21,BAC
BAC260918C00037000,37.0,16.27,15.8,17.0,1.0,513.0,0.4272518212890626,True,CALL,2026-09-18,BAC
BAC260918C00040000,40.0,14.13,13.7,14.05,3.0,1171.0,0.3635317553710938,True,CALL,2026-09-18,BAC
BAC260918C00042000,42.0,11.63,11.4,12.6,1.0,1289.0,0.3711000390625,True,CALL,2026-09-18,BAC
BAC260918C00045000,45.0,9.15,9.6,9.9,2.0,1509.0,0.3237372314453124,True,CALL,2026-09-18,BAC
BAC260918C00047000,47.0,7.75,7.55,8.5,1.0,1343.0,0.3178779150390625,True,CALL,2026-09-18,BAC
BAC260918C00050000,50.0,6.2,5.9,6.4,431.0,3270.0,0.295905478515625,True,CALL,2026-09-18,BAC
BAC260918C00052500,52.5,4.05,4.6,4.8,1.0,2326.0,0.2756420092773437,True,CALL,2026-09-18,BAC
BAC260918C00055000,55.0,3.2,3.3,3.6,46.0,6380.0,0.26770751831054684,False,CALL,2026-09-18,BAC
BAC260918C00057500,57.5,2.41,2.44,2.54,51.0,2616.0,0.2555006091308594,False,CALL,2026-09-18,BAC
BAC260918C00060000,60.0,1.63,1.66,1.81,42.0,4979.0,0.2514723291015625,False,CALL,2026-09-18,BAC
BAC260918C00062500,62.5,1.13,1.11,1.26,33.0,1649.0,0.24805439453125,False,CALL,2026-09-18,BAC
BAC260918C00065000,65.0,0.81,0.77,0.88,334.0,4702.0,0.24732197998046873,False,CALL,2026-09-18,BAC
BAC260918P00037000,37.0,0.65,0.57,0.68,406.0,2581.0,0.36426416992187505,False,PUT,2026-09-18,BAC
BAC260918P00040000,40.0,0.89,0.86,0.95,80.0,9925.0,0.335944140625,False,PUT,2026-09-18,BAC
BAC260918P00042000,42.0,1.12,1.08,1.2,181.0,3264.0,0.31958688232421867,False,PUT,2026-09-18,BAC
BAC260918P00045000,45.0,1.6,1.58,1.7,89.0,11050.0,0.2963937548828125,False,PUT,2026-09-18,BAC
BAC260918P00047000,47.0,2.21,1.98,2.16,56.0,6740.0,0.2833323620605468,False,PUT,2026-09-18,BAC
BAC260918P00050000,50.0,3.01,2.91,3.1,6.0,9446.0,0.26782958740234375,False,PUT,2026-09-18,BAC
BAC260918P00052500,52.5,4.25,3.8,4.15,4.0,1764.0,0.25818612915039063,False,PUT,2026-09-18,BAC
BAC260918P00055000,55.0,5.78,5.0,5.45,19.0,7383.0,0.25025163818359375,True,PUT,2026-09-18,BAC
BAC260918P00057500,57.5,4.96,6.5,6.95,5.0,287.0,0.24109645629882812,True,PUT,2026-09-18,BAC
BAC260918P00060000,60.0,8.7,8.2,9.25,62.0,294.0,0.27161372924804683,True,PUT,2026-09-18,BAC
BAC260918P00062500,62.5,9.9,10.15,11.2,11.0,69.0,0.2708813146972656,True,PUT,2026-09-18,BAC
BAC260918P00065000,65.0,13.75,12.75,13.4,2.0,9.0,0.28040270385742183,True,PUT,2026-09-18,BAC
BAC261016C00050000,50.0,6.19,6.15,6.7,44.0,48.0,0.2973703076171874,True,CALL,2026-10-16,BAC
BAC261016C00052500,52.5,5.0,4.8,5.2,1.0,34.0,0.2830882238769531,True,CALL,2026-10-16,BAC
BAC261016C00055000,55.0,3.35,3.65,3.85,5.0,16.0,0.26697510375976563,False,CALL,2026-10-16,BAC
BAC261016C00057500,57.5,2.61,2.64,2.93,30.0,28.0,0.2642285491943359,False,CALL,2026-10-16,BAC
BAC261016C00060000,60.0,2.03,1.92,2.06,70.0,19.0,0.25354750366210943,False,CALL,2026-10-16,BAC
BAC261016C00062500,62.5,1.26,1.31,1.57,5.0,8.0,0.2567213000488281,False,CALL,2026-10-16,BAC
BAC261016C00065000,65.0,0.85,0.9,1.14,1.0,18.0,0.2555006091308594,False,CALL,2026-10-16,BAC
BAC261016P00040000,40.0,1.04,0.97,1.13,3.0,39.0,0.336920693359375,False,PUT,2026-10-16,BAC
BAC261016P00045000,45.0,1.84,1.73,1.88,3.0,2800.0,0.2937082348632812,False,PUT,2026-10-16,BAC
BAC261016P00050000,50.0,3.44,3.05,3.4,1.0,3.0,0.2711254528808594,False,PUT,2026-10-16,BAC
BAC261016P00052500,52.5,4.47,4.0,4.4,3.0,252.0,0.2580640600585938,False,PUT,2026-10-16,BAC
BAC261016P00055000,55.0,5.45,5.25,5.65,,45.0,0.24781025634765624,True,PUT,2026-10-16,BAC
BAC261120C00045000,45.0,10.3,10.0,10.95,1.0,22.0,0.3579165771484375,True,CALL,2026-11-20,BAC
BAC261120C00050000,50.0,6.57,6.6,7.15,45.0,134.0,0.30445031494140623,True,CALL,2026-11-20,BAC
BAC261120C00052500,52.5,5.3,5.3,5.55,40.0,59.0,0.28443098388671867,True,CALL,2026-11-20,BAC
BAC261120C00055000,55.0,4.28,4.05,4.3,22.0,135.0,0.274421318359375,False,CALL,2026-11-20,BAC
BAC261120C00057500,57.5,2.7,2.98,3.35,1.0,200.0,0.2708813146972656,False,CALL,2026-11-20,BAC
BAC261120C00060000,60.0,1.97,2.18,2.51,1.0,94.0,0.26428958374023437,False,CALL,2026-11-20,BAC
BAC261120C00062500,62.5,1.42,1.56,1.88,1.0,33.0,0.2608716491699219,False,CALL,2026-11-20,BAC
BAC261120C00065000,65.0,1.3,1.1,1.36,1.0,237.0,0.2561109545898438,False,CALL,2026-11-20,BAC
BAC261120P00040000,40.0,1.24,1.09,1.27,2.0,58.0,0.32996275512695306,False,PUT,2026-11-20,BAC
BAC261120P00045000,45.0,1.99,1.92,2.09,45.0,675.0,0.29053443847656246,False,PUT,2026-11-20,BAC
BAC261120P00050000,50.0,3.75,3.3,3.7,7.0,663.0,0.27136959106445313,False,PUT,2026-11-20,BAC
BAC261120P00052500,52.5,4.98,4.25,4.7,1.0,11.0,0.25830819824218754,False,PUT,2026-11-20,BAC
BAC261120P00055000,55.0,5.7,5.6,5.9,2.0,15.0,0.24585715087890625,True,PUT,2026-11-20,BAC
BAC261120P00057500,57.5,5.9,6.95,7.5,1.0,1.0,0.2442702526855469,True,PUT,2026-11-20,BAC
BAC261120P00060000,60.0,7.4,8.4,10.4,1.0,3.0,0.30652548950195313,True,PUT,2026-11-20,BAC
BAC261218C00037000,37.0,15.8,16.15,17.8,1.0,7899.0,0.43897045410156255,True,CALL,2026-12-18,BAC
BAC261218C00040000,40.0,13.67,13.65,14.9,13.0,4058.0,0.38049935913085936,True,CALL,2026-12-18,BAC
BAC261218C00042000,42.0,12.0,12.0,13.05,2.0,2707.0,0.34839518798828123,True,CALL,2026-12-18,BAC
BAC261218C00045000,45.0,9.6,9.7,10.8,2.0,2405.0,0.33264827514648443,True,CALL,2026-12-18,BAC
BAC261218C00050000,50.0,6.9,6.9,7.3,3.0,4795.0,0.29895720581054686,True,CALL,2026-12-18,BAC
BAC261218C00052500,52.5,5.4,5.5,5.7,101.0,2854.0,0.2795482202148437,True,CALL,2026-12-18,BAC
BAC261218C00055000,55.0,4.21,4.25,4.55,4.0,2999.0,0.27484856018066406,False,CALL,2026-12-18,BAC
BAC261218C00057500,57.5,2.9,3.15,3.5,43.0,1070.0,0.266608896484375,False,CALL,2026-12-18,BAC
BAC261218C00060000,60.0,2.57,2.44,2.57,29.0,2236.0,0.25586681640625003,False,CALL,2026-12-18,BAC
BAC261218C00062500,62.5,1.88,1.76,1.97,1.0,895.0,0.25476819458007816,False,CALL,2026-12-18,BAC
BAC261218C00065000,65.0,1.42,1.35,1.46,4.0,3671.0,0.2514723291015625,False,CALL,2026-12-18,BAC
BAC261218P00037000,37.0,1.01,0.88,1.02,5.0,14236.0,0.3491276025390625,False,PUT,2026-12-18,BAC
BAC261218P00040000,40.0,1.27,1.22,1.39,2.0,5401.0,0.32617861328125,False,PUT,2026-12-18,BAC
BAC261218P00042000,42.0,1.63,1.52,1.71,2.0,3753.0,0.3122627368164062,False,PUT,2026-12-18,BAC
BAC261218P00045000,45.0,2.24,2.1,2.33,1.0,4744.0,0.29358616577148433,False,PUT,2026-12-18,BAC
BAC261218P00050000,50.0,3.9,3.5,3.9,512.0,3101.0,0.27008786560058595,False,PUT,2026-12-18,BAC
BAC261218P00052500,52.5,5.1,4.5,4.9,437.0,998.0,0.25708750732421876,False,PUT,2026-12-18,BAC
BAC261218P00055000,55.0,6.42,5.7,6.15,3.0,1250.0,0.24768818725585937,True,PUT,2026-12-18,BAC
BAC261218P00057500,57.5,7.87,7.1,7.7,2.0,389.0,0.24390404541015626,True,PUT,2026-12-18,BAC
BAC261218P00060000,60.0,9.6,8.65,9.35,10.0,184.0,0.23596955444335935,True,PUT,2026-12-18,BAC
BAC261218P00062500,62.5,8.75,10.1,11.55,4.0,10.0,0.2512281909179687,True,PUT,2026-12-18,BAC
BAC261218P00065000,65.0,12.95,0.0,0.0,15.0,27.0,1.0000000000000003e-05,True,PUT,2026-12-18,BAC
BAC270115C00037000,37.0,16.55,15.25,17.75,2.0,2130.0,0.41687594848632803,True,CALL,2027-01-15,BAC
BAC270115C00040000,40.0,14.55,13.8,15.1,1.0,8607.0,0.38013315185546875,True,CALL,2027-01-15,BAC
BAC270115C00042000,42.0,13.0,12.7,13.15,1.0,4733.0,0.3413151806640625,True,CALL,2027-01-15,BAC
BAC270115C00045000,45.0,9.9,10.0,10.85,18.0,9159.0,0.3221503332519531,True,CALL,2027-01-15,BAC
BAC270115C00047000,47.0,9.4,8.55,9.7,8.0,24657.0,0.32617861328125,True,CALL,2027-01-15,BAC
BAC270115C00050000,50.0,7.34,7.2,7.4,171.0,23042.0,0.291877198486328,True,CALL,2027-01-15,BAC
BAC270115C00052500,52.5,5.9,5.85,6.1,64.0,10738.0,0.2877268493652343,True,CALL,2027-01-15,BAC
BAC270115C00055000,55.0,4.67,4.6,4.75,85.0,18511.0,0.27332269653320307,False,CALL,2027-01-15,BAC
BAC270115C00057500,57.5,3.45,3.55,3.7,420.0,4842.0,0.26563234375,False,CALL,2027-01-15,BAC
BAC270115C00060000,60.0,2.84,2.62,2.99,450.0,10607.0,0.2672192419433594,False,CALL,2027-01-15,BAC
BAC270115C00062500,62.5,2.15,2.03,2.18,222.0,4126.0,0.25623302368164064,False,CALL,2027-01-15,BAC
BAC270115C00065000,65.0,1.59,1.54,1.62,15.0,9348.0,0.25135026000976557,False,CALL,2027-01-15,BAC
BAC270115P00037000,37.0,1.04,0.97,1.13,585.0,5342.0,0.34632001342773433,False,PUT,2027-01-15,BAC
BAC270115P00040000,40.0,1.43,1.35,1.52,2.0,17082.0,0.3237372314453124,False,PUT,2027-01-15,BAC
BAC270115P00042000,42.0,1.82,1.67,1.86,34.0,12168.0,0.3106758386230468,False,PUT,2027-01-15,BAC
BAC270115P00045000,45.0,2.37,2.34,2.49,15.0,29457.0,0.2916330603027343,False,PUT,2027-01-15,BAC
BAC270115P00047000,47.0,3.2,2.8,3.1,582.0,29103.0,0.2846751220703124,False,PUT,2027-01-15,BAC
BAC270115P00050000,50.0,3.9,3.85,3.95,8.0,37455.0,0.2617261328125,False,PUT,2027-01-15,BAC
BAC270115P00052500,52.5,4.95,4.85,4.95,478.0,7000.0,0.24915301635742187,False,PUT,2027-01-15,BAC
BAC270115P00055000,55.0,6.1,6.05,6.2,15.0,6133.0,0.2399978344726562,True,PUT,2027-01-15,BAC
BAC270115P00057500,57.5,7.6,7.45,7.9,1.0,1303.0,0.2439650799560547,True,PUT,2027-01-15,BAC
BAC270115P00060000,60.0,9.4,8.9,9.55,1.0,54.0,0.23706817626953125,True,PUT,2027-01-15,BAC
BAC270115P00062500,62.5,8.35,10.25,11.65,234.0,665.0,0.2467116345214844,True,PUT,2027-01-15,BAC
BAC270115P00065000,65.0,13.0,12.3,13.75,40.0,46.0,0.25086198364257806,True,PUT,2027-01-15,BAC
BAC270617C00038000,38.0,17.11,16.1,17.55,1.0,6234.0,0.3830628100585937,True,CALL,2027-06-17,BAC
BAC270617C00040000,40.0,14.87,14.55,16.1,8.0,915.0,0.37708142456054683,True,CALL,2027-06-17,BAC
BAC270617C00043000,43.0,12.75,12.35,13.9,1.0,9683.0,0.36072416625976556,True,CALL,2027-06-17,BAC
BAC270617C00045000,45.0,11.33,11.1,12.05,200.0,2965.0,0.32813171874999997,True,CALL,2027-06-17,BAC
BAC270617C00047000,47.0,9.47,9.75,10.8,353.0,1215.0,0.3227606787109374,True,CALL,2027-06-17,BAC
BAC270617C00050000,50.0,7.75,8.05,8.8,18.0,3481.0,0.30335169311523436,True,CALL,2027-06-17,BAC
BAC270617C00052500,52.5,6.65,6.7,7.6,22.0,1569.0,0.3016427258300781,True,CALL,2027-06-17,BAC
BAC270617C00055000,55.0,5.85,5.5,6.15,2.0,2037.0,0.2846751220703124,False,CALL,2027-06-17,BAC
BAC270617C00057500,57.5,4.75,4.45,5.05,1.0,274.0,0.27674063110351554,False,CALL,2027-06-17,BAC
BAC270617C00060000,60.0,3.77,3.6,4.15,31.0,2232.0,0.271918901977539,False,CALL,2027-06-17,BAC
BAC270617C00062500,62.5,2.81,3.05,3.35,374.0,4197.0,0.2662426892089844,False,CALL,2027-06-17,BAC
BAC270617C00065000,65.0,2.6,2.51,2.83,58.0,2131.0,0.2682568292236328,False,CALL,2027-06-17,BAC
BAC270617P00038000,38.0,1.72,1.65,1.72,959.0,11287.0,0.31799998413085934,False,PUT,2027-06-17,BAC
BAC270617P00040000,40.0,2.15,1.94,2.16,7.0,12228.0,0.3122627368164062,False,PUT,2027-06-17,BAC
BAC270617P00043000,43.0,2.77,2.57,2.83,38.0,2163.0,0.2971261694335937,False,PUT,2027-06-17,BAC
BAC270617P00045000,45.0,3.38,3.05,3.4,13.0,4194.0,0.28943581665039053,False,PUT,2027-06-17,BAC
BAC270617P00047000,47.0,3.76,3.65,3.9,10.0,2354.0,0.27503166381835936,False,PUT,2027-06-17,BAC
BAC270617P00050000,50.0,4.9,4.7,5.15,25.0,4682.0,0.26978269287109374,False,PUT,2027-06-17,BAC
BAC270617P00052500,52.5,6.12,5.7,6.25,2.0,1398.0,0.2611157873535156,False,PUT,2027-06-17,BAC
BAC270617P00055000,55.0,7.63,6.85,7.5,2.0,957.0,0.25287612365722656,True,PUT,2027-06-17,BAC
BAC270617P00057500,57.5,8.7,7.9,8.95,19.0,94.0,0.24683370361328127,True,PUT,2027-06-17,BAC
BAC270617P00060000,60.0,9.85,9.75,10.55,200.0,314.0,0.24109645629882812,True,PUT,2027-06-17,BAC
BAC270617P00062500,62.5,11.02,0.0,0.0,,10.0,1.0000000000000003e-05,True,PUT,2027-06-17,BAC
BAC270617P00065000,65.0,11.8,12.65,15.2,2.0,4.0,0.27887684020996095,True,PUT,2027-06-17,BAC
BAC271217C00038000,38.0,17.0,16.85,19.5,1.0,193.0,0.42902182312011716,True,CALL,2027-12-17,BAC
BAC271217C00040000,40.0,16.0,15.3,16.95,50.0,207.0,0.36438623901367195,True,CALL,2027-12-17,BAC
BAC271217C00043000,43.0,13.24,13.25,14.5,20.0,109.0,0.3352727606201171,True,CALL,2027-12-17,BAC
BAC271217C00045000,45.0,11.8,12.05,13.75,4.0,426.0,0.35095863891601553,True,CALL,2027-12-17,BAC
BAC271217C00047000,47.0,11.05,10.9,12.6,1.0,681.0,0.34656415161132803,True,CALL,2027-12-17,BAC
BAC271217C00050000,50.0,9.55,9.1,10.1,1.0,580.0,0.3073799731445312,True,CALL,2027-12-17,BAC
BAC271217C00052500,52.5,8.3,7.85,8.8,16.0,1239.0,0.3007882421875,True,CALL,2027-12-17,BAC
BAC271217C00055000,55.0,7.1,7.05,7.35,8.0,707.0,0.2854075366210937,False,CALL,2027-12-17,BAC
BAC271217C00057500,57.5,6.05,5.8,6.35,76.0,284.0,0.2820506365966796,False,CALL,2027-12-17,BAC
BAC271217C00060000,60.0,5.05,4.75,5.6,1.0,1393.0,0.28388167297363276,False,CALL,2027-12-17,BAC
BAC271217C00062500,62.5,4.03,4.05,4.55,1.0,1494.0,0.27173579833984374,False,CALL,2027-12-17,BAC
BAC271217C00065000,65.0,3.8,3.3,4.15,100.0,1263.0,0.27960925476074217,False,CALL,2027-12-17,BAC
BAC271217P00038000,38.0,2.4,2.21,2.4,8.0,868.0,0.31214066772460936,False,PUT,2027-12-17,BAC
BAC271217P00040000,40.0,2.7,2.42,3.1,1.0,1064.0,0.3161689477539062,False,PUT,2027-12-17,BAC
BAC271217P00043000,43.0,3.45,3.0,3.85,50.0,508.0,0.3007882421875,False,PUT,2027-12-17,BAC
BAC271217P00045000,45.0,4.05,3.85,4.2,31.0,692.0,0.28162339477539056,False,PUT,2027-12-17,BAC
BAC271217P00047000,47.0,4.65,4.45,4.85,43.0,1159.0,0.27307855834960937,False,PUT,2027-12-17,BAC
BAC271217P00050000,50.0,6.01,5.55,6.05,202.0,292.0,0.2640454455566406,False,PUT,2027-12-17,BAC
BAC271217P00052500,52.5,6.95,6.35,7.35,466.0,514.0,0.2624585473632813,False,PUT,2027-12-17,BAC
BAC271217P00055000,55.0,8.23,7.5,8.4,901.0,969.0,0.24781025634765624,True,PUT,2027-12-17,BAC
BAC271217P00057500,57.5,9.55,9.1,9.7,34.0,144.0,0.23761748718261716,True,PUT,2027-12-17,BAC
BAC271217P00060000,60.0,9.7,10.35,11.35,44.0,63.0,0.23529817443847656,True,PUT,2027-12-17,BAC
BAC271217P00065000,65.0,13.94,0.0,0.0,1.0,124.0,1.0000000000000003e-05,True,PUT,2027-12-17,BAC
BAC280121C00040000,40.0,15.75,15.5,17.15,5.0,484.0,0.36475244628906256,True,CALL,2028-01-21,BAC
BAC280121C00045000,45.0,12.8,12.6,13.05,10.0,2204.0,0.31445998046874996,True,CALL,2028-01-21,BAC
BAC280121C00050000,50.0,8.89,9.3,10.4,46.0,9763.0,0.31055376953124997,True,CALL,2028-01-21,BAC
BAC280121C00052500,52.5,8.65,8.4,8.85,181.0,585.0,0.2951120294189453,True,CALL,2028-01-21,BAC
BAC280121C00055000,55.0,6.85,7.25,7.65,44.0,4039.0,0.2885813330078124,False,CALL,2028-01-21,BAC
BAC280121C00057500,57.5,6.4,6.4,6.5,37.0,488.0,0.2802196002197265,False,CALL,2028-01-21,BAC
BAC280121C00060000,60.0,5.32,5.15,5.6,200.0,2332.0,0.2769237347412109,False,CALL,2028-01-21,BAC
BAC280121C00062500,62.5,4.5,4.35,4.8,200.0,1327.0,0.27374993835449213,False,CALL,2028-01-21,BAC
BAC280121C00065000,65.0,3.75,3.75,4.05,1.0,1090.0,0.2691723474121094,False,CALL,2028-01-21,BAC
BAC280121P00040000,40.0,3.0,2.7,2.95,1.0,2140.0,0.30109341491699215,False,PUT,2028-01-21,BAC
BAC280121P00045000,45.0,4.3,4.0,4.35,3.0,2321.0,0.2808299456787109,False,PUT,2028-01-21,BAC
BAC280121P00050000,50.0,6.15,5.35,6.4,755.0,10470.0,0.2700268310546875,False,PUT,2028-01-21,BAC
BAC280121P00052500,52.5,7.1,6.3,7.1,40.0,2020.0,0.2474440490722656,False,PUT,2028-01-21,BAC
BAC280121P00055000,55.0,8.51,7.8,8.6,2.0,162.0,0.24848163635253906,True,PUT,2028-01-21,BAC
BAC280121P00057500,57.5,9.45,9.35,9.55,35.0,298.0,0.2267533380126953,True,PUT,2028-01-21,BAC
BAC280121P00060000,60.0,10.85,10.45,11.5,10.0,177.0,0.23474886352539062,True,PUT,2028-01-21,BAC
BAC280121P00062500,62.5,11.07,12.05,13.3,58.0,59.0,0.23389437988281248,True,PUT,2028-01-21,BAC
BAC280121P00065000,65.0,13.6,0.0,0.0,21.0,10.0,1.0000000000000003e-05,True,PUT,2028-01-21,BAC
BAC281215C00040000,40.0,17.3,16.9,17.8,1.0,980.0,0.32709413146972655,True,CALL,2028-12-15,BAC
BAC281215C00045000,45.0,13.35,13.75,15.0,150.0,482.0,0.32483585327148434,True,CALL,2028-12-15,BAC
BAC281215C00050000,50.0,11.0,11.1,12.15,11.0,300.0,0.30951618225097655,True,CALL,2028-12-15,BAC
BAC281215C00052500,52.5,10.2,9.95,10.75,1.0,116.0,0.29932341308593746,True,CALL,2028-12-15,BAC
BAC281215C00055000,55.0,8.4,8.75,9.95,15.0,236.0,0.30408410766601557,False,CALL,2028-12-15,BAC
BAC281215C00057500,57.5,7.65,7.75,8.45,13.0,370.0,0.2867502966308593,False,CALL,2028-12-15,BAC
BAC281215C00060000,60.0,6.77,6.8,7.5,16.0,1227.0,0.28278305114746094,False,CALL,2028-12-15,BAC
BAC281215C00062500,62.5,6.15,5.8,6.95,3.0,15.0,0.28784891845703114,False,CALL,2028-12-15,BAC
BAC281215C00065000,65.0,5.5,5.25,5.85,1.0,597.0,0.27539787109374997,False,CALL,2028-12-15,BAC
BAC281215P00040000,40.0,3.77,3.6,3.9,2.0,250.0,0.28748271118164054,False,PUT,2028-12-15,BAC
BAC281215P00045000,45.0,5.29,5.0,5.45,1.0,272.0,0.26947752014160153,False,PUT,2028-12-15,BAC
BAC281215P00050000,50.0,7.25,6.25,7.35,1.0,65.0,0.2520826745605469,False,PUT,2028-12-15,BAC
BAC281215P00052500,52.5,8.5,7.3,8.45,242.0,315.0,0.24378197631835938,False,PUT,2028-12-15,BAC
BAC281215P00055000,55.0,9.8,8.65,9.7,1.0,56.0,0.23694610717773437,True,PUT,2028-12-15,BAC
BAC281215P00057500,57.5,9.5,9.9,11.05,2.0,11.0,0.23004920349121094,True,PUT,2028-12-15,BAC
BAC281215P00060000,60.0,11.0,11.35,12.9,1.0,5.0,0.23438265625,True,PUT,2028-12-15,BAC
BAC281215P00062500,62.5,12.05,12.85,14.45,,1.0,0.22754678710937498,True,PUT,2028-12-15,BAC
BAC281215P00065000,65.0,13.26,14.5,16.2,1.0,2.0,0.22382367980957027,True,PUT,2028-12-15,BAC
BAX260130C00014500,14.5,5.04,4.7,5.4,8.0,3.0,2.0625048437499998,True,CALL,2026-01-30,BAX
BAX260130C00015000,15.0,4.5,4.2,4.8,8.0,4.0,3.2187519531249995,True,CALL,2026-01-30,BAX
BAX260130C00015500,15.5,4.1,3.8,4.4,10.0,15.0,2.0625048437499998,True,CALL,2026-01-30,BAX
BAX260130C00016000,16.0,3.72,2.95,4.1,1.0,8.0,0.500005,True,CALL,2026-01-30,BAX
BAX260130C00016500,16.5,2.97,2.8,3.5,5.0,3.0,1.8281258593749998,True,CALL,2026-01-30,BAX
BAX260130C00017000,17.0,2.82,2.05,3.6,1.0,6.0,2.1328171679687498,True,CALL,2026-01-30,BAX
BAX260130C00017500,17.5,2.38,0.55,3.5,1.0,1.0,0.500005,True,CALL,2026-01-30,BAX
BAX260130C00018000,18.0,1.79,1.1,2.3,2.0,3.0,1.2343788281249999,True,CALL,2026-01-30,BAX
BAX260130C00018500,18.5,1.27,0.6,1.6,2.0,7.0,0.6953155468750001,True,CALL,2026-01-30,BAX
BAX260130C00019000,19.0,1.96,0.35,2.6,3.0,4.0,2.1015672460937496,True,CALL,2026-01-30,BAX
BAX260130C00019500,19.5,0.19,0.15,0.35,1.0,78.0,0.585941640625,True,CALL,2026-01-30,BAX
BAX260130C00020000,20.0,0.05,0.0,0.15,2.0,141.0,0.5742230078125,False,CALL,2026-01-30,BAX
BAX260130C00020500,20.5,0.03,0.0,0.05,13.0,1905.0,0.5625043750000001,False,CALL,2026-01-30,BAX
BAX260130C00021000,21.0,0.06,0.0,0.35,38.0,180.0,1.1171919140625,False,CALL,2026-01-30,BAX
BAX260130C00021500,21.5,0.1,0.0,0.05,9.0,30.0,0.79687703125,False,CALL,2026-01-30,BAX
BAX260130C00022000,22.0,0.01,0.0,0.05,7.0,109.0,0.937500625,False,CALL,2026-01-30,BAX
BAX260130C00022500,22.5,0.43,0.0,0.05,78.0,150.0,1.0781296093750001,False,CALL,2026-01-30,BAX
BAX260130C00023000,23.0,0.12,0.0,1.05,,1.0,2.777346806640625,False,CALL,2026-01-30,BAX
BAX260130C00023500,23.5,0.1,0.0,0.05,,33.0,1.3437532812499997,False,CALL,2026-01-30,BAX
BAX260130P00016500,16.5,0.01,0.0,0.75,10.0,22005.0,2.6328159179687503,False,PUT,2026-01-30,BAX
BAX260130P00017000,17.0,0.02,0.0,0.75,3.0,35.0,2.328129179687499,False,PUT,2026-01-30,BAX
BAX260130P00017500,17.5,0.05,0.0,0.75,1.0,23.0,2.02344244140625,False,PUT,2026-01-30,BAX
BAX260130P00018000,18.0,0.07,0.0,0.45,1.0,9.0,1.36328443359375,False,PUT,2026-01-30,BAX
BAX260130P00018500,18.5,0.05,0.0,0.1,16.0,245.0,0.6171913281250001,False,PUT,2026-01-30,BAX
BAX260130P00019000,19.0,0.11,0.0,0.75,3.0,123.0,1.05859845703125,False,PUT,2026-01-30,BAX
BAX260130P00019500,19.5,0.45,0.15,0.6,1.0,95.0,0.6718782812500002,False,PUT,2026-01-30,BAX
BAX260130P00020000,20.0,0.4,0.35,0.85,15.0,58.0,0.523442265625,True,PUT,2026-01-30,BAX
BAX260130P00020500,20.5,1.1,0.75,1.3,4.0,10.0,0.5625043750000001,True,PUT,2026-01-30,BAX
BAX260130P00021000,21.0,1.75,1.2,2.85,2.0,0.0,1.9062504687500001,True,PUT,2026-01-30,BAX
BAX260130P00022500,22.5,3.5,2.8,3.4,6.0,1.0,1.5468772656249998,True,PUT,2026-01-30,BAX
BAX260206C00017000,17.0,2.8,1.8,3.5,2.0,2.0,0.7460962890625,True,CALL,2026-02-06,BAX
BAX260206C00017500,17.5,2.32,1.25,3.1,2.0,2.0,0.6699251757812501,True,CALL,2026-02-06,BAX
BAX260206C00018000,18.0,1.78,1.2,2.15,2.0,1.0,0.5488326367187502,True,CALL,2026-02-06,BAX
BAX260206C00018500,18.5,1.49,0.9,1.7,8.0,8.0,0.5585981640625001,True,CALL,2026-02-06,BAX
BAX260206C00019000,19.0,1.53,0.5,0.85,2.0,1.0,0.454107021484375,True,CALL,2026-02-06,BAX
BAX260206C00019500,19.5,0.57,0.4,0.5,1.0,2.0,0.398443515625,True,CALL,2026-02-06,BAX
BAX260206C00020000,20.0,0.25,0.25,0.3,3.0,80.0,0.4062559375,False,CALL,2026-02-06,BAX
BAX260206C00020500,20.5,0.15,0.1,0.15,4.0,98.0,0.39258419921875,False,CALL,2026-02-06,BAX
BAX260206C00021000,21.0,0.1,0.05,0.1,1.0,203.0,0.4335994140625,False,CALL,2026-02-06,BAX
BAX260206C00021500,21.5,0.1,0.0,0.75,5.0,107.0,0.84961087890625,False,CALL,2026-02-06,BAX
BAX260206C00022000,22.0,0.01,0.0,0.75,1.0,221.0,0.95507857421875,False,CALL,2026-02-06,BAX
BAX260206C00022500,22.5,0.1,0.0,0.15,49.0,72.0,0.64062859375,False,CALL,2026-02-06,BAX
BAX260206C00023000,23.0,0.1,0.0,0.8,,14.0,1.173832255859375,False,CALL,2026-02-06,BAX
BAX260206P00016500,16.5,0.05,0.0,0.05,20.0,30.0,0.6015664843750002,False,PUT,2026-02-06,BAX
BAX260206P00017000,17.0,0.09,0.0,0.95,4.0,11.0,1.2168007910156249,False,PUT,2026-02-06,BAX
BAX260206P00017500,17.5,0.1,0.0,1.0,4.0,17.0,1.091801416015625,False,PUT,2026-02-06,BAX
BAX260206P00018000,18.0,0.05,0.05,0.45,17.0,9.0,0.6718782812500002,False,PUT,2026-02-06,BAX
BAX260206P00018500,18.5,0.15,0.05,0.2,131.0,255.0,0.4804739453125,False,PUT,2026-02-06,BAX
BAX260206P00019000,19.0,0.25,0.25,0.3,17.0,142.0,0.43164630859375,False,PUT,2026-02-06,BAX
BAX260206P00019500,19.5,0.45,0.45,0.5,2.0,22.0,0.41992767578125,False,PUT,2026-02-06,BAX
BAX260206P00020000,20.0,0.7,0.65,0.8,7.0,25.0,0.42774009765625004,True,PUT,2026-02-06,BAX
BAX260206P00020500,20.5,1.15,1.05,1.3,4.0,4.0,0.5644574804687501,True,PUT,2026-02-06,BAX
BAX260213C00017000,17.0,3.05,2.2,3.8,6.0,10.0,0.91211025390625,True,CALL,2026-02-13,BAX
BAX260213C00017500,17.5,1.91,2.0,3.2,2.0,2.0,0.87695435546875,True,CALL,2026-02-13,BAX
BAX260213C00018000,18.0,2.98,1.9,2.05,2.0,2.0,0.6640658593750002,True,CALL,2026-02-13,BAX
BAX260213C00019000,19.0,2.41,1.2,1.4,3.0,3.0,0.631839619140625,True,CALL,2026-02-13,BAX
BAX260213C00019500,19.5,0.95,0.95,1.15,2.0,33.0,0.6367223828125,True,CALL,2026-02-13,BAX
BAX260213C00020000,20.0,1.05,0.7,0.9,2.0,29.0,0.6181678808593751,False,CALL,2026-02-13,BAX
BAX260213C00020500,20.5,0.64,0.55,0.7,566.0,15.0,0.62305064453125,False,CALL,2026-02-13,BAX
BAX260213C00021000,21.0,0.53,0.4,0.55,20.0,379.0,0.622074091796875,False,CALL,2026-02-13,BAX
BAX260213C00021500,21.5,0.42,0.3,0.45,23.0,35.0,0.6367223828125,False,CALL,2026-02-13,BAX
BAX260213C00022000,22.0,0.35,0.2,0.35,8.0,38.0,0.632816171875,False,CALL,2026-02-13,BAX
BAX260213C00022500,22.5,0.3,0.15,0.3,2.0,18.0,0.6562534375000001,False,CALL,2026-02-13,BAX
BAX260213C00023000,23.0,0.2,0.1,0.5,3.0,65.0,0.7929708203125,False,CALL,2026-02-13,BAX
BAX260213C00023500,23.5,0.31,0.0,1.3,2.0,2.0,1.1484417578125,False,CALL,2026-02-13,BAX
BAX260213C00024000,24.0,0.15,0.0,1.15,1.0,4.0,1.1591838916015624,False,CALL,2026-02-13,BAX
BAX260213C00024500,24.5,0.15,0.0,2.2,,7.0,1.615236298828125,False,CALL,2026-02-13,BAX
BAX260213P00016000,16.0,0.15,0.0,0.2,41.0,42.0,0.69336244140625,False,PUT,2026-02-13,BAX
BAX260213P00016500,16.5,1.7,0.15,1.55,1.0,1.0,1.3437532812499997,False,PUT,2026-02-13,BAX
BAX260213P00017000,17.0,0.25,0.2,0.3,2.0,27674.0,0.70312796875,False,PUT,2026-02-13,BAX
BAX260213P00017500,17.5,0.35,0.25,0.45,3.0,8.0,0.694338994140625,False,PUT,2026-02-13,BAX
BAX260213P00018000,18.0,0.44,0.4,0.55,102.0,415.0,0.6835969140625001,False,PUT,2026-02-13,BAX
BAX260213P00018500,18.5,0.55,0.55,0.7,11.0,101.0,0.6679720703125002,False,PUT,2026-02-13,BAX
BAX260213P00019000,19.0,0.88,0.75,0.9,1.0,71.0,0.6640658593750002,False,PUT,2026-02-13,BAX
BAX260213P00019500,19.5,0.99,0.95,1.1,1.0,36.0,0.6367223828125,False,PUT,2026-02-13,BAX
BAX260213P00020000,20.0,0.85,1.25,1.4,10.0,13.0,0.649417568359375,True,PUT,2026-02-13,BAX
BAX260213P00020500,20.5,1.25,1.55,1.7,,2.0,0.63867548828125,True,PUT,2026-02-13,BAX
BAX260213P00021500,21.5,2.05,2.25,2.45,1.0,6.0,0.6367223828125,True,PUT,2026-02-13,BAX
BAX260213P00022000,22.0,2.2,2.0,3.4,5.0,5.0,0.58789474609375,True,PUT,2026-02-13,BAX
BAX260220C00015000,15.0,5.6,4.2,5.4,11.0,4.0,0.9492192578124999,True,CALL,2026-02-20,BAX
BAX260220C00017000,17.0,2.92,2.4,3.6,,1.0,0.7607445800781252,True,CALL,2026-02-20,BAX
BAX260220C00017500,17.5,2.35,2.1,2.55,1.0,83.0,0.5429733203125001,True,CALL,2026-02-20,BAX
BAX260220C00018000,18.0,2.32,1.95,2.15,2.0,2.0,0.6005899316406251,True,CALL,2026-02-20,BAX
BAX260220C00019000,19.0,1.4,1.45,1.5,21.0,6.0,0.6201209863281252,True,CALL,2026-02-20,BAX
BAX260220C00019500,19.5,1.15,1.15,1.25,9.0,31.0,0.6084023535156251,True,CALL,2026-02-20,BAX
BAX260220C00020000,20.0,0.92,0.9,1.0,14.0,3453.0,0.5927775097656252,False,CALL,2026-02-20,BAX
BAX260220C00020500,20.5,0.74,0.75,0.8,554.0,84.0,0.5996133789062501,False,CALL,2026-02-20,BAX
BAX260220C00021000,21.0,0.6,0.55,0.65,1.0,882.0,0.5898478515625001,False,CALL,2026-02-20,BAX
BAX260220C00021500,21.5,0.7,0.45,0.5,,100.0,0.5927775097656252,False,CALL,2026-02-20,BAX
BAX260220C00022000,22.0,0.38,0.3,0.45,2.0,15.0,0.596683720703125,False,CALL,2026-02-20,BAX
BAX260220C00022500,22.5,0.3,0.25,0.35,1.0,2029.0,0.6054726953125001,False,CALL,2026-02-20,BAX
BAX260220C00023000,23.0,0.27,0.15,0.35,1.0,17.0,0.6210975390625001,False,CALL,2026-02-20,BAX
BAX260220C00025000,25.0,0.07,0.05,0.15,1.0,429.0,0.648441015625,False,CALL,2026-02-20,BAX
BAX260220P00015000,15.0,0.3,0.0,2.2,1.0,45.0,1.640626796875,False,PUT,2026-02-20,BAX
BAX260220P00016000,16.0,0.14,0.1,0.2,10.0,26654.0,0.6445348046875,False,PUT,2026-02-20,BAX
BAX260220P00017000,17.0,0.41,0.3,0.35,2.0,929.0,0.648441015625,False,PUT,2026-02-20,BAX
BAX260220P00017500,17.5,0.4,0.4,0.45,10.0,2854.0,0.631839619140625,False,PUT,2026-02-20,BAX
BAX260220P00018000,18.0,0.65,0.5,0.6,2.0,68.0,0.6162147753906251,False,PUT,2026-02-20,BAX
BAX260220P00018500,18.5,0.65,0.7,0.75,10.0,26.0,0.6132851171875001,False,PUT,2026-02-20,BAX
BAX260220P00019000,19.0,0.9,0.9,0.95,20.0,55.0,0.6064492480468751,False,PUT,2026-02-20,BAX
BAX260220P00019500,19.5,1.15,1.1,1.2,28.0,120.0,0.59570716796875,False,PUT,2026-02-20,BAX
BAX260220P00020000,20.0,1.45,1.35,1.45,91.0,1912.0,0.5800823242187501,True,PUT,2026-02-20,BAX
BAX260220P00020500,20.5,1.7,1.65,1.75,23.0,21.0,0.5732464550781251,True,PUT,2026-02-20,BAX
BAX260220P00022500,22.5,3.26,2.95,3.6,108.0,857.0,0.6054726953125001,True,PUT,2026-02-20,BAX
BAX260220P00025000,25.0,5.7,5.4,6.0,4.0,107.0,0.7929708203125,True,PUT,2026-02-20,BAX
BAX260227C00017000,17.0,3.28,1.7,4.5,1.0,1.0,0.727541787109375,True,CALL,2026-02-27,BAX
BAX260227C00018500,18.5,2.3,1.65,1.9,,26.0,0.5498091894531252,True,CALL,2026-02-27,BAX
BAX260227C00019000,19.0,1.5,1.35,1.55,,5.0,0.5312546875,True,CALL,2026-02-27,BAX
BAX260227C00020000,20.0,1.03,0.85,1.05,7.0,24.0,0.5190477783203125,False,CALL,2026-02-27,BAX
BAX260227C00020500,20.5,0.86,0.65,0.85,1.0,17.0,0.5136767382812499,False,CALL,2026-02-27,BAX
BAX260227C00021000,21.0,1.01,0.5,0.7,1.0,10.0,0.516606396484375,False,CALL,2026-02-27,BAX
BAX260227C00021500,21.5,0.51,0.35,0.55,2.0,9.0,0.50586431640625,False,CALL,2026-02-27,BAX
BAX260227C00022000,22.0,0.65,0.3,0.5,3.0,1649.0,0.5371140039062501,False,CALL,2026-02-27,BAX
BAX260227C00022500,22.5,0.4,0.0,0.35,11.0,19.0,0.561527822265625,False,CALL,2026-02-27,BAX
BAX260227C00023500,23.5,0.2,0.1,0.95,,1.0,0.7685570019531252,False,CALL,2026-02-27,BAX
BAX260227C00024000,24.0,0.2,0.0,1.45,,11.0,0.93164130859375,False,CALL,2026-02-27,BAX
BAX260227C00025000,25.0,0.28,0.0,0.15,,1.0,0.53320779296875,False,CALL,2026-02-27,BAX
BAX260227P00015000,15.0,0.19,0.0,2.05,,1.0,1.3886749316406248,False,PUT,2026-02-27,BAX
BAX260227P00016000,16.0,0.2,0.0,2.2,6.0,6.0,1.2275429248046876,False,PUT,2026-02-27,BAX
BAX260227P00016500,16.5,0.25,0.2,1.15,8.0,7.0,0.87695435546875,False,PUT,2026-02-27,BAX
BAX260227P00017000,17.0,0.43,0.25,0.45,10.0,26.0,0.584965087890625,False,PUT,2026-02-27,BAX
BAX260227P00017500,17.5,0.39,0.35,0.5,5.0,16.0,0.55273884765625,False,PUT,2026-02-27,BAX
BAX260227P00018000,18.0,0.67,0.5,0.65,20.0,10.0,0.55273884765625,False,PUT,2026-02-27,BAX
BAX260227P00018500,18.5,0.71,0.65,0.8,1.0,1.0,0.5371140039062501,False,PUT,2026-02-27,BAX
BAX260227P00019000,19.0,0.8,0.85,1.0,1.0,5.0,0.5312546875,False,PUT,2026-02-27,BAX
BAX260227P00019500,19.5,1.1,1.05,1.25,5.0,16.0,0.5214891601562499,False,PUT,2026-02-27,BAX
BAX260227P00020000,20.0,1.19,1.35,1.5,,1.0,0.5195360546875,True,PUT,2026-02-27,BAX
BAX260227P00021000,21.0,2.15,1.9,2.15,,1.0,0.55273884765625,True,PUT,2026-02-27,BAX
BAX260227P00022000,22.0,2.5,1.3,2.95,2.0,2.0,0.579105771484375,True,PUT,2026-02-27,BAX
BAX260227P00023000,23.0,3.1,1.85,5.4,,5.0,1.4033232958984376,True,PUT,2026-02-27,BAX
BAX260306C00016500,16.5,3.76,2.2,4.7,1.0,1.0,0.6445348046875,True,CALL,2026-03-06,BAX
BAX260306P00016000,16.0,0.6,0.15,0.6,2.0,1.0,0.6835969140625001,False,PUT,2026-03-06,BAX
BAX260306P00017000,17.0,0.33,0.0,0.5,20.0,20.0,0.6132851171875001,False,PUT,2026-03-06,BAX
BAX260306P00017500,17.5,0.35,0.35,0.6,62.0,64.0,0.52539537109375,False,PUT,2026-03-06,BAX
BAX260306P00019000,19.0,0.77,0.85,1.1,,2.0,0.5507857421875001,False,PUT,2026-03-06,BAX
BAX260320C00015000,15.0,5.7,3.3,6.6,5.0,76.0,0.7382838671874999,True,CALL,2026-03-20,BAX
BAX260320C00017500,17.5,2.45,2.55,2.8,10.0,116.0,0.523442265625,True,CALL,2026-03-20,BAX
BAX260320C00020000,20.0,1.2,1.1,1.3,12.0,2813.0,0.5185595019531251,False,CALL,2026-03-20,BAX
BAX260320C00022500,22.5,0.45,0.4,0.55,12.0,2179.0,0.5195360546875,False,CALL,2026-03-20,BAX
BAX260320C00025000,25.0,0.21,0.1,0.4,19.0,784.0,0.5488326367187502,False,CALL,2026-03-20,BAX
BAX260320P00015000,15.0,0.2,0.1,0.2,1.0,67.0,0.5351608984375,False,PUT,2026-03-20,BAX
BAX260320P00017500,17.5,0.6,0.5,0.65,11.0,3444.0,0.523442265625,False,PUT,2026-03-20,BAX
BAX260320P00020000,20.0,1.5,1.45,1.7,8.0,1030.0,0.4931691308593751,True,PUT,2026-03-20,BAX
BAX260320P00022500,22.5,3.2,3.2,3.5,4.0,725.0,0.508793974609375,True,PUT,2026-03-20,BAX
BAX260320P00025000,25.0,5.65,5.4,5.9,2.0,686.0,0.647464462890625,True,PUT,2026-03-20,BAX
BAX260515C00015000,15.0,4.2,0.0,0.0,2.0,8.0,1.0000000000000003e-05,True,CALL,2026-05-15,BAX
BAX260515C00017500,17.5,4.3,3.0,3.4,4.0,22.0,0.5092822509765625,True,CALL,2026-05-15,BAX
BAX260515C00020000,20.0,1.77,1.6,1.95,4.0,208.0,0.5122119091796875,False,CALL,2026-05-15,BAX
BAX260515C00022500,22.5,0.94,0.85,1.05,61.0,989.0,0.4931691308593751,False,CALL,2026-05-15,BAX
BAX260515C00025000,25.0,0.69,0.35,0.65,3.0,608.0,0.5210008837890624,False,CALL,2026-05-15,BAX
BAX260515P00015000,15.0,0.5,0.4,0.6,4.0,2064.0,0.5410202148437502,False,PUT,2026-05-15,BAX
BAX260515P00017500,17.5,0.95,0.9,1.2,5.0,282.0,0.516606396484375,False,PUT,2026-05-15,BAX
BAX260515P00020000,20.0,2.05,1.95,2.3,3.0,178.0,0.48242705078125003,True,PUT,2026-05-15,BAX
BAX260515P00022500,22.5,3.5,3.6,3.9,48.0,193.0,0.46094289062500005,True,PUT,2026-05-15,BAX
BAX260515P00025000,25.0,5.87,5.0,6.5,2.0,99.0,0.6303747900390625,True,PUT,2026-05-15,BAX
BAX260618C00015000,15.0,5.6,5.0,6.1,5.0,227.0,0.6401403173828125,True,CALL,2026-06-18,BAX
BAX260618C00017500,17.5,4.0,3.2,3.6,1.0,34.0,0.5380905566406251,True,CALL,2026-06-18,BAX
BAX260618C00020000,20.0,2.25,2.0,2.2,1.0,312.0,0.49805189453125004,False,CALL,2026-06-18,BAX
BAX260618C00022500,22.5,1.25,0.95,1.3,1.0,546.0,0.4848684326171875,False,CALL,2026-06-18,BAX
BAX260618C00025000,25.0,0.65,0.65,0.8,176.0,816.0,0.4931691308593751,False,CALL,2026-06-18,BAX
BAX260618P00015000,15.0,0.6,0.5,0.6,12.0,201.0,0.50586431640625,False,PUT,2026-06-18,BAX
BAX260618P00017500,17.5,1.25,1.0,1.3,3.0,507.0,0.47363807617187503,False,PUT,2026-06-18,BAX
BAX260618P00020000,20.0,2.35,2.3,2.4,1.0,664.0,0.4409235595703125,True,PUT,2026-06-18,BAX
BAX260618P00022500,22.5,3.38,3.7,4.1,1.0,182.0,0.4467828759765625,True,PUT,2026-06-18,BAX
BAX260618P00025000,25.0,5.3,5.0,6.5,1.0,37.0,0.5493209130859377,True,PUT,2026-06-18,BAX
BAX260821C00020000,20.0,2.8,2.2,2.75,1.0,33.0,0.5075732836914062,False,CALL,2026-08-21,BAX
BAX260821C00022500,22.5,1.62,1.45,1.75,10.0,1843.0,0.4819387744140625,False,CALL,2026-08-21,BAX
BAX260821C00025000,25.0,1.1,0.75,1.15,2.0,63.0,0.47998566894531247,False,CALL,2026-08-21,BAX
BAX260821P00017500,17.5,1.53,1.3,1.75,10.0,239.0,0.47998566894531247,False,PUT,2026-08-21,BAX
BAX260821P00020000,20.0,2.56,2.4,2.9,15.0,175.0,0.45166563964843753,True,PUT,2026-08-21,BAX
BAX260821P00022500,22.5,3.92,4.0,4.5,,1.0,0.442388388671875,True,PUT,2026-08-21,BAX
BAX260918C00015000,15.0,6.6,5.2,6.7,12.0,38.0,0.5883830224609375,True,CALL,2026-09-18,BAX
BAX260918C00017500,17.5,3.2,0.0,0.0,1.0,0.0,1.0000000000000003e-05,True,CALL,2026-09-18,BAX
BAX260918C00020000,20.0,3.38,2.35,2.9,1.0,100.0,0.5004932763671875,False,CALL,2026-09-18,BAX
BAX260918C00022500,22.5,2.2,1.5,1.95,1.0,74.0,0.4848684326171875,False,CALL,2026-09-18,BAX
BAX260918C00025000,25.0,1.1,1.0,1.25,9.0,394.0,0.4682670361328125,False,CALL,2026-09-18,BAX
BAX260918P00015000,15.0,0.9,0.7,1.1,8.0,35.0,0.51562984375,False,PUT,2026-09-18,BAX
BAX260918P00017500,17.5,1.59,1.4,1.85,2.0,239.0,0.4682670361328125,False,PUT,2026-09-18,BAX
BAX260918P00020000,20.0,2.85,2.65,3.0,100.0,160.0,0.43994700683593746,True,PUT,2026-09-18,BAX
BAX260918P00022500,22.5,4.94,0.0,0.0,1.0,131.0,1.0000000000000003e-05,True,PUT,2026-09-18,BAX
BAX260918P00025000,25.0,6.05,6.0,6.4,1.0,78.0,0.40845318115234375,True,PUT,2026-09-18,BAX
BAX261218C00017500,17.5,4.73,4.2,4.8,20.0,24.0,0.5378464184570313,True,CALL,2026-12-18,BAX
BAX261218C00020000,20.0,3.25,2.95,3.5,10.0,73.0,0.5073291455078125,False,CALL,2026-12-18,BAX
BAX261218C00022500,22.5,2.63,1.9,2.55,4.0,11.0,0.49341326904296884,False,CALL,2026-12-18,BAX
BAX261218C00025000,25.0,1.77,1.25,1.85,18.0,148.0,0.485356708984375,False,CALL,2026-12-18,BAX
BAX261218P00015000,15.0,1.6,0.0,0.0,1.0,66.0,0.062509375,False,PUT,2026-12-18,BAX
BAX261218P00017500,17.5,1.97,1.7,2.25,10.0,173.0,0.45825737060546884,False,PUT,2026-12-18,BAX
BAX261218P00020000,20.0,2.8,2.8,3.4,22.0,89.0,0.4279842358398438,True,PUT,2026-12-18,BAX
BAX270115C00015000,15.0,6.48,5.5,7.9,12.0,692.0,0.6098671826171876,True,CALL,2027-01-15,BAX
BAX270115C00017500,17.5,5.4,4.5,5.3,40.0,457.0,0.5305222729492188,True,CALL,2027-01-15,BAX
BAX270115C00020000,20.0,3.69,3.0,4.5,20.0,4524.0,0.5200243310546875,False,CALL,2027-01-15,BAX
BAX270115C00022500,22.5,2.75,1.75,3.5,20.0,1641.0,0.5976602734375001,False,CALL,2027-01-15,BAX
BAX270115C00025000,25.0,2.0,1.8,2.45,6.0,1127.0,0.5029346582031251,False,CALL,2027-01-15,BAX
BAX270115P00015000,15.0,1.35,0.7,2.45,6.0,1236.0,0.5056201782226561,False,PUT,2027-01-15,BAX
BAX270115P00017500,17.5,2.2,0.7,2.3,5.0,826.0,0.4467828759765625,False,PUT,2027-01-15,BAX
BAX270115P00020000,20.0,3.4,1.8,4.7,22.0,535.0,0.5839885351562499,True,PUT,2027-01-15,BAX
BAX270115P00022500,22.5,5.0,3.4,6.2,3.0,354.0,0.5620160986328125,True,PUT,2027-01-15,BAX
BAX270115P00025000,25.0,7.15,5.1,8.0,7.0,339.0,0.5568891967773439,True,PUT,2027-01-15,BAX
BAX280121C00015000,15.0,7.94,5.5,10.0,2.0,1162.0,0.5502974658203126,True,CALL,2028-01-21,BAX
BAX280121C00017500,17.5,7.15,6.2,9.0,18.0,892.0,0.6516148120117189,True,CALL,2028-01-21,BAX
BAX280121C00020000,20.0,5.5,5.2,7.3,3.0,1740.0,0.601810622558594,False,CALL,2028-01-21,BAX
BAX280121C00022500,22.5,4.79,3.2,5.5,30.0,386.0,0.6020547607421877,False,CALL,2028-01-21,BAX
BAX280121C00025000,25.0,4.45,3.3,5.6,18.0,880.0,0.5644574804687501,False,CALL,2028-01-21,BAX
BAX280121P00015000,15.0,2.15,0.4,3.5,50.0,334.0,0.5835002587890624,False,PUT,2028-01-21,BAX
BAX280121P00017500,17.5,2.93,1.45,4.3,1.0,342.0,0.5170946728515625,False,PUT,2028-01-21,BAX
BAX280121P00020000,20.0,4.18,2.7,5.7,1.0,346.0,0.5024463818359376,True,PUT,2028-01-21,BAX
BAX280121P00022500,22.5,5.83,4.1,7.2,1.0,672.0,0.48376981079101566,True,PUT,2028-01-21,BAX
BAX280121P00025000,25.0,7.8,5.7,10.5,1.0,82.0,0.6178016735839844,True,PUT,2028-01-21,BAX
BB260130C00003000,3.0,0.67,0.51,0.75,7.0,13.0,0.500005,True,CALL,2026-01-30,BB
BB260130C00003500,3.5,0.13,0.1,0.2,260.0,952.0,0.6250037500000001,True,CALL,2026-01-30,BB
BB260130C00004000,4.0,0.01,0.0,0.01,446.0,16348.0,0.8125018749999999,False,CALL,2026-01-30,BB
BB260130C00004500,4.5,0.01,0.0,0.01,17.0,1631.0,1.5000025,False,CALL,2026-01-30,BB
BB260130P00003000,3.0,0.01,0.0,0.01,1.0,511.0,1.4375028125,False,PUT,2026-01-30,BB
BB260130P00003500,3.5,0.01,0.0,0.01,5.0,552.0,0.4687553125,False,PUT,2026-01-30,BB
BB260130P00004000,4.0,0.38,0.32,0.42,35.0,251.0,0.500005,True,PUT,2026-01-30,BB
BB260130P00004500,4.5,0.75,0.71,0.97,97.0,1.0,3.281251796875,True,PUT,2026-01-30,BB
BB260206C00003000,3.0,0.65,0.57,0.68,30.0,50.0,1.1875040625,True,CALL,2026-02-06,BB
BB260206C00003500,3.5,0.16,0.17,0.2,101.0,175.0,0.5546919531250001,True,CALL,2026-02-06,BB
BB260206C00004000,4.0,0.01,0.01,0.03,184.0,1827.0,0.5312546875,False,CALL,2026-02-06,BB
BB260206C00004500,4.5,0.01,0.0,0.01,1.0,586.0,0.7187528125,False,CALL,2026-02-06,BB
BB260206P00003000,3.0,0.05,0.0,0.01,1.0,8.0,0.6875031250000001,False,PUT,2026-02-06,BB
BB260206P00003500,3.5,0.03,0.03,0.05,36.0,115.0,0.45313046875,False,PUT,2026-02-06,BB
BB260206P00004000,4.0,0.33,0.31,0.44,1.0,208.0,0.851563984375,True,PUT,2026-02-06,BB
BB260206P00004500,4.5,0.55,0.38,1.13,,1.0,2.3671915820312495,True,PUT,2026-02-06,BB
BB260213C00003500,3.5,0.22,0.18,0.24,6.0,5.0,0.5625043750000001,True,CALL,2026-02-13,BB
BB260213C00004000,4.0,0.03,0.02,0.04,122.0,1168.0,0.507817421875,False,CALL,2026-02-13,BB
BB260213C00004500,4.5,0.02,0.01,0.03,7.0,757.0,0.7187528125,False,CALL,2026-02-13,BB
BB260213P00003000,3.0,0.02,0.0,0.03,,1.0,0.64062859375,False,PUT,2026-02-13,BB
BB260213P00003500,3.5,0.12,0.06,0.09,3.0,46.0,0.49219257812500006,False,PUT,2026-02-13,BB
BB260213P00004000,4.0,0.42,0.37,0.45,3.0,45.0,0.507817421875,True,PUT,2026-02-13,BB
BB260213P00004500,4.5,0.89,0.84,0.94,3.0,1.0,0.7187528125,True,PUT,2026-02-13,BB
BB260220C00003000,3.0,0.82,0.39,1.14,1.0,142.0,1.109379453125,True,CALL,2026-02-20,BB
BB260220C00003500,3.5,0.28,0.21,0.26,2.0,84.0,0.5273484765625001,True,CALL,2026-02-20,BB
BB260220C00004000,4.0,0.05,0.05,0.07,231.0,3800.0,0.500005,False,CALL,2026-02-20,BB
BB260220C00004500,4.5,0.01,0.01,0.04,20.0,2267.0,0.6250037500000001,False,CALL,2026-02-20,BB
BB260220P00003000,3.0,0.02,0.0,0.01,3.0,7.0,0.48438015625,False,PUT,2026-02-20,BB
BB260220P00003500,3.5,0.1,0.08,0.12,34.0,1252.0,0.500005,False,PUT,2026-02-20,BB
BB260220P00004000,4.0,0.43,0.36,0.46,30.0,1110.0,0.6015664843750002,True,PUT,2026-02-20,BB
BB260220P00004500,4.5,0.75,0.4,1.15,14.0,68.0,1.5390648046875,True,PUT,2026-02-20,BB
BB260227C00003500,3.5,0.27,0.25,0.29,9.0,105.0,0.5390671093750001,True,CALL,2026-02-27,BB
BB260227C00004000,4.0,0.09,0.05,0.1,121.0,100.0,0.5546919531250001,False,CALL,2026-02-27,BB
BB260227C00004500,4.5,0.04,0.01,0.05,2.0,311.0,0.57812921875,False,CALL,2026-02-27,BB
BB260227P00003500,3.5,0.13,0.11,0.13,10.0,29.0,0.46094289062500005,False,PUT,2026-02-27,BB
BB260227P00004000,4.0,0.42,0.36,0.48,5.0,128.0,0.5820354296875,True,PUT,2026-02-27,BB
BB260306C00004000,4.0,0.09,0.07,0.11,201.0,56.0,0.523442265625,False,CALL,2026-03-06,BB
BB260306C00004500,4.5,0.05,0.01,0.5,2.0,157.0,1.15625421875,False,CALL,2026-03-06,BB
BB260306P00003500,3.5,0.1,0.0,0.55,7.0,24.0,0.7421900781249999,False,PUT,2026-03-06,BB
BB260320C00003000,3.0,0.83,0.65,0.92,25.0,984.0,0.79687703125,True,CALL,2026-03-20,BB
BB260320C00003500,3.5,0.33,0.32,0.36,16.0,2788.0,0.507817421875,True,CALL,2026-03-20,BB
BB260320C00004000,4.0,0.14,0.13,0.16,732.0,26392.0,0.51562984375,False,CALL,2026-03-20,BB
BB260320C00004500,4.5,0.08,0.07,0.1,203.0,5365.0,0.6093789062500001,False,CALL,2026-03-20,BB
BB260320P00003000,3.0,0.04,0.04,0.06,4.0,272.0,0.500005,False,PUT,2026-03-20,BB
BB260320P00003500,3.5,0.19,0.17,0.2,53.0,1685.0,0.48828636718750007,False,PUT,2026-03-20,BB
BB260320P00004000,4.0,0.5,0.46,0.53,30.0,11775.0,0.5468795312500001,True,PUT,2026-03-20,BB
BB260320P00004500,4.5,0.78,0.71,0.96,22.0,642.0,0.6210975390625001,True,PUT,2026-03-20,BB
BB260618C00003000,3.0,0.87,0.85,0.89,3.0,312.0,0.6035195898437502,True,CALL,2026-06-18,BB
BB260618C00003500,3.5,0.57,0.55,0.6,285.0,352.0,0.57812921875,True,CALL,2026-06-18,BB
BB260618C00004000,4.0,0.39,0.37,0.42,158.0,9202.0,0.59570716796875,False,CALL,2026-06-18,BB
BB260618C00004500,4.5,0.26,0.24,0.26,92.0,1082.0,0.585941640625,False,CALL,2026-06-18,BB
BB260618P00003000,3.0,0.15,0.17,0.2,3.0,766.0,0.52539537109375,False,PUT,2026-06-18,BB
BB260618P00003500,3.5,0.38,0.37,0.42,124.0,333.0,0.5195360546875,False,PUT,2026-06-18,BB
BB260618P00004000,4.0,0.63,0.66,0.7,1.0,7707.0,0.5019581054687501,True,PUT,2026-06-18,BB
BB260618P00004500,4.5,0.84,1.02,1.1,3.0,174.0,0.5117236328125,True,PUT,2026-06-18,BB
BB260918C00003000,3.0,1.2,0.97,1.05,10.0,161.0,0.6210975390625001,True,CALL,2026-09-18,BB
BB260918C00003500,3.5,0.83,0.7,0.79,11.0,114.0,0.6015664843750002,True,CALL,2026-09-18,BB
BB260918C00004000,4.0,0.58,0.51,0.6,2.0,37.0,0.6015664843750002,False,CALL,2026-09-18,BB
BB260918C00004500,4.5,0.4,0.38,0.42,24.0,176.0,0.5918009570312501,False,CALL,2026-09-18,BB
BB260918P00003000,3.0,0.25,0.27,0.34,1.0,31.0,0.5410202148437502,False,PUT,2026-09-18,BB
BB260918P00003500,3.5,0.52,0.48,0.56,115.0,117.0,0.516606396484375,False,PUT,2026-09-18,BB
BB260918P00004000,4.0,0.81,0.79,0.85,2.0,7.0,0.5117236328125,True,PUT,2026-09-18,BB
BB260918P00004500,4.5,1.12,1.13,1.22,,2.0,0.50586431640625,True,PUT,2026-09-18,BB
BB270115C00003000,3.0,1.2,1.12,1.24,158.0,1708.0,0.649417568359375,True,CALL,2027-01-15,BB
BB270115C00003500,3.5,0.92,0.9,0.94,71.0,2427.0,0.6210975390625001,True,CALL,2027-01-15,BB
BB270115C00004000,4.0,0.66,0.69,0.76,34.0,5911.0,0.6103554589843752,False,CALL,2027-01-15,BB
BB270115C00004500,4.5,0.62,0.57,0.63,1.0,2009.0,0.62305064453125,False,CALL,2027-01-15,BB
BB270115P00003000,3.0,0.39,0.39,0.42,40.0,789.0,0.52539537109375,False,PUT,2027-01-15,BB
BB270115P00003500,3.5,0.64,0.63,0.68,1.0,941.0,0.5195360546875,False,PUT,2027-01-15,BB
BB270115P00004000,4.0,0.87,0.9,0.99,5.0,1073.0,0.5039112109375,True,PUT,2027-01-15,BB
BB270115P00004500,4.5,1.16,1.24,1.34,1.0,3884.0,0.5312546875,True,PUT,2027-01-15,BB
BB280121C00003000,3.0,1.51,1.45,1.55,27.0,370.0,0.6455113574218749,True,CALL,2028-01-21,BB
BB280121C00003500,3.5,1.53,1.25,1.48,5.0,357.0,0.6728548339843752,True,CALL,2028-01-21,BB
BB280121C00004000,4.0,1.15,1.13,1.18,4.0,807.0,0.6435582519531251,False,CALL,2028-01-21,BB
BB280121C00004500,4.5,0.96,0.97,1.04,116.0,1484.0,0.6347692773437501,False,CALL,2028-01-21,BB
BB280121P00003000,3.0,0.64,0.6,0.68,6.0,213.0,0.506840869140625,False,PUT,2028-01-21,BB
BB280121P00003500,3.5,0.88,0.81,0.96,21.0,218.0,0.523442265625,False,PUT,2028-01-21,BB
BB280121P00004000,4.0,1.21,1.2,1.36,1.0,786.0,0.5185595019531251,True,PUT,2028-01-21,BB
BB280121P00004500,4.5,1.54,1.53,1.57,3.0,215.0,0.48438015625,True,PUT,2028-01-21,BB
BBAI260130C00004000,4.0,1.6,1.36,1.76,2.0,247.0,3.43750140625,True,CALL,2026-01-30,BBAI
BBAI260130C00004500,4.5,1.15,0.96,1.13,2.0,359.0,2.2500043749999996,True,CALL,2026-01-30,BBAI
BBAI260130C00005000,5.0,0.53,0.51,0.61,186.0,543.0,1.46875265625,True,CALL,2026-01-30,BBAI
BBAI260130C00005500,5.5,0.16,0.13,0.17,2792.0,2899.0,0.92187578125,False,CALL,2026-01-30,BBAI
BBAI260130C00006000,6.0,0.04,0.03,0.04,4627.0,15501.0,1.109379453125,False,CALL,2026-01-30,BBAI
BBAI260130C00006500,6.5,0.01,0.01,0.02,5405.0,22942.0,1.4375028125,False,CALL,2026-01-30,BBAI
BBAI260130C00007000,7.0,0.01,0.0,0.01,427.0,12174.0,1.5625021874999998,False,CALL,2026-01-30,BBAI
BBAI260130P00004000,4.0,0.01,0.0,0.01,30.0,153.0,2.1250046874999997,False,PUT,2026-01-30,BBAI
BBAI260130P00004500,4.5,0.01,0.0,0.01,3.0,376.0,1.3750031249999999,False,PUT,2026-01-30,BBAI
BBAI260130P00005000,5.0,0.01,0.01,0.02,510.0,7398.0,0.937500625,False,PUT,2026-01-30,BBAI
BBAI260130P00005500,5.5,0.1,0.1,0.11,4138.0,11895.0,0.64062859375,False,PUT,2026-01-30,BBAI
BBAI260130P00006000,6.0,0.48,0.48,0.5,1196.0,8920.0,0.500005,True,PUT,2026-01-30,BBAI
BBAI260130P00006500,6.5,0.89,0.9,1.0,67.0,1865.0,0.500005,True,PUT,2026-01-30,BBAI
BBAI260130P00007000,7.0,1.42,1.39,1.49,105.0,410.0,1.0000000000000003e-05,True,PUT,2026-01-30,BBAI
BBAI260206C00004000,4.0,1.59,1.37,1.6,2.0,67.0,1.890625546875,True,CALL,2026-02-06,BBAI
BBAI260206C00004500,4.5,1.07,1.03,1.16,2.0,516.0,1.3437532812499997,True,CALL,2026-02-06,BBAI
BBAI260206C00005000,5.0,0.67,0.6,0.7,164.0,181.0,1.0468797656250002,True,CALL,2026-02-06,BBAI
BBAI260206C00005500,5.5,0.3,0.3,0.31,787.0,896.0,0.8867198828124999,False,CALL,2026-02-06,BBAI
BBAI260206C00006000,6.0,0.14,0.14,0.15,2634.0,3098.0,0.937500625,False,CALL,2026-02-06,BBAI
BBAI260206C00006500,6.5,0.07,0.07,0.08,1012.0,8910.0,1.0312548437500002,False,CALL,2026-02-06,BBAI
BBAI260206C00007000,7.0,0.05,0.04,0.05,1662.0,9433.0,1.140629296875,False,CALL,2026-02-06,BBAI
BBAI260206P00004000,4.0,0.16,0.0,0.03,6.0,14.0,1.1875040625,False,PUT,2026-02-06,BBAI
BBAI260206P00004500,4.5,0.02,0.01,0.03,15.0,240.0,0.85937640625,False,PUT,2026-02-06,BBAI
BBAI260206P00005000,5.0,0.07,0.07,0.08,576.0,1276.0,0.7578149218750001,False,PUT,2026-02-06,BBAI
BBAI260206P00005500,5.5,0.25,0.24,0.25,1154.0,3394.0,0.710940390625,False,PUT,2026-02-06,BBAI
BBAI260206P00006000,6.0,0.58,0.58,0.61,524.0,4231.0,0.7656273437500001,True,PUT,2026-02-06,BBAI
BBAI260206P00006500,6.5,0.98,0.88,1.06,47.0,281.0,0.9531254687499999,True,PUT,2026-02-06,BBAI
BBAI260206P00007000,7.0,1.54,1.43,1.53,8.0,139.0,1.0312548437500002,True,PUT,2026-02-06,BBAI
BBAI260213C00004000,4.0,1.57,1.37,1.62,1.0,18.0,1.5078149609375,True,CALL,2026-02-13,BBAI
BBAI260213C00004500,4.5,1.13,1.0,1.21,76.0,206.0,1.0429735351562504,True,CALL,2026-02-13,BBAI
BBAI260213C00005000,5.0,0.7,0.69,0.73,84.0,279.0,0.945313046875,True,CALL,2026-02-13,BBAI
BBAI260213C00005500,5.5,0.4,0.4,0.45,385.0,339.0,0.9257819921875,False,CALL,2026-02-13,BBAI
BBAI260213C00006000,6.0,0.23,0.21,0.24,667.0,4891.0,0.8984385156249999,False,CALL,2026-02-13,BBAI
BBAI260213C00006500,6.5,0.14,0.12,0.15,560.0,2437.0,0.9570316796874999,False,CALL,2026-02-13,BBAI
BBAI260213C00007000,7.0,0.09,0.08,0.1,176.0,2152.0,1.0390673046875003,False,CALL,2026-02-13,BBAI
BBAI260213P00004000,4.0,0.03,0.0,0.08,26.0,37.0,1.09375453125,False,PUT,2026-02-13,BBAI
BBAI260213P00004500,4.5,0.04,0.04,0.07,1.0,262.0,0.8437515624999999,False,PUT,2026-02-13,BBAI
BBAI260213P00005000,5.0,0.15,0.13,0.15,121.0,1504.0,0.7578149218750001,False,PUT,2026-02-13,BBAI
BBAI260213P00005500,5.5,0.34,0.32,0.36,231.0,2040.0,0.7421900781249999,False,PUT,2026-02-13,BBAI
BBAI260213P00006000,6.0,0.66,0.64,0.68,202.0,774.0,0.7421900781249999,True,PUT,2026-02-13,BBAI
BBAI260213P00006500,6.5,1.03,1.03,1.12,46.0,262.0,0.773439765625,True,PUT,2026-02-13,BBAI
BBAI260213P00007000,7.0,1.07,1.39,1.57,51.0,212.0,0.9609378906249999,True,PUT,2026-02-13,BBAI
BBAI260220C00004000,4.0,1.72,1.53,1.73,3.0,160.0,1.2812535937499998,True,CALL,2026-02-20,BBAI
BBAI260220C00004500,4.5,1.26,1.11,1.26,14.0,40.0,1.0859420703125,True,CALL,2026-02-20,BBAI
BBAI260220C00005000,5.0,0.76,0.74,0.79,208.0,1163.0,0.8984385156249999,True,CALL,2026-02-20,BBAI
BBAI260220C00005500,5.5,0.46,0.45,0.47,2178.0,6698.0,0.8320329296874999,True,CALL,2026-02-20,BBAI
BBAI260220C00006000,6.0,0.28,0.28,0.29,3172.0,9933.0,0.85937640625,False,CALL,2026-02-20,BBAI
BBAI260220C00006500,6.5,0.19,0.17,0.19,375.0,3693.0,0.8984385156249999,False,CALL,2026-02-20,BBAI
BBAI260220C00007000,7.0,0.11,0.11,0.12,1437.0,12210.0,0.9335944140625,False,CALL,2026-02-20,BBAI
BBAI260220P00004000,4.0,0.03,0.03,0.04,10.0,1250.0,0.8828136718749999,False,PUT,2026-02-20,BBAI
BBAI260220P00004500,4.5,0.08,0.08,0.09,103.0,335.0,0.8085956640624999,False,PUT,2026-02-20,BBAI
BBAI260220P00005000,5.0,0.19,0.18,0.2,410.0,8559.0,0.7460962890625,False,PUT,2026-02-20,BBAI
BBAI260220P00005500,5.5,0.4,0.39,0.42,160.0,2686.0,0.7382838671874999,False,PUT,2026-02-20,BBAI
BBAI260220P00006000,6.0,0.7,0.7,0.73,870.0,8641.0,0.73437765625,True,PUT,2026-02-20,BBAI
BBAI260220P00006500,6.5,1.02,1.08,1.15,4.0,132.0,0.7578149218750001,True,PUT,2026-02-20,BBAI
BBAI260220P00007000,7.0,1.49,1.48,1.62,20.0,1846.0,0.7421900781249999,True,PUT,2026-02-20,BBAI
BBAI260227C00004000,4.0,2.15,1.52,2.35,4.0,5.0,1.8984380078125,True,CALL,2026-02-27,BBAI
BBAI260227C00004500,4.5,1.39,1.01,1.61,69.0,66.0,1.2265663671875,True,CALL,2026-02-27,BBAI
BBAI260227C00005000,5.0,0.85,0.8,0.84,40.0,173.0,0.8867198828124999,True,CALL,2026-02-27,BBAI
BBAI260227C00005500,5.5,0.6,0.54,0.59,309.0,336.0,0.8984385156249999,True,CALL,2026-02-27,BBAI
BBAI260227C00006000,6.0,0.39,0.38,0.4,435.0,1611.0,0.9257819921875,False,CALL,2026-02-27,BBAI
BBAI260227C00006500,6.5,0.26,0.25,0.28,387.0,1884.0,0.945313046875,False,CALL,2026-02-27,BBAI
BBAI260227C00007000,7.0,0.17,0.16,0.17,424.0,3729.0,0.929688203125,False,CALL,2026-02-27,BBAI
BBAI260227P00004000,4.0,0.06,0.05,0.07,19.0,32.0,0.8906260937499999,False,PUT,2026-02-27,BBAI
BBAI260227P00004500,4.5,0.11,0.11,0.13,13.0,433.0,0.804689453125,False,PUT,2026-02-27,BBAI
BBAI260227P00005000,5.0,0.25,0.24,0.27,248.0,1064.0,0.773439765625,False,PUT,2026-02-27,BBAI
BBAI260227P00005500,5.5,0.48,0.48,0.52,64.0,1644.0,0.8007832421875,False,PUT,2026-02-27,BBAI
BBAI260227P00006000,6.0,0.8,0.76,0.84,75.0,461.0,0.7851583984375,True,PUT,2026-02-27,BBAI
BBAI260227P00006500,6.5,1.05,1.15,1.22,1.0,158.0,0.804689453125,True,PUT,2026-02-27,BBAI
BBAI260227P00007000,7.0,1.32,1.57,1.64,7.0,55.0,0.804689453125,True,PUT,2026-02-27,BBAI
BBAI260306C00004000,4.0,4.05,1.5,2.95,,7.0,2.28906677734375,True,CALL,2026-03-06,BBAI
BBAI260306C00005000,5.0,1.06,0.9,1.02,1.0,39.0,1.0234423828125,True,CALL,2026-03-06,BBAI
BBAI260306C00005500,5.5,0.7,0.7,0.71,88.0,134.0,1.01172369140625,True,CALL,2026-03-06,BBAI
BBAI260306C00006000,6.0,0.52,0.48,0.52,636.0,350.0,0.992187578125,False,CALL,2026-03-06,BBAI
BBAI260306C00006500,6.5,0.37,0.35,0.39,92.0,352.0,1.013676806640625,False,CALL,2026-03-06,BBAI
BBAI260306C00007000,7.0,0.29,0.26,0.29,165.0,827.0,1.0351610742187503,False,CALL,2026-03-06,BBAI
BBAI260306P00004500,4.5,0.2,0.18,0.28,39.0,96.0,0.9570316796874999,False,PUT,2026-03-06,BBAI
BBAI260306P00005000,5.0,0.37,0.37,0.39,214.0,294.0,0.9023447265625,False,PUT,2026-03-06,BBAI
BBAI260306P00005500,5.5,0.6,0.51,0.64,172.0,221.0,0.8281267187499999,False,PUT,2026-03-06,BBAI
BBAI260306P00006000,6.0,0.9,0.87,1.03,116.0,138.0,0.9257819921875,True,PUT,2026-03-06,BBAI
BBAI260306P00006500,6.5,1.08,1.19,1.39,7.0,11.0,0.8945323046874999,True,PUT,2026-03-06,BBAI
BBAI260320C00004000,4.0,1.75,1.69,1.73,189.0,2079.0,1.0351610742187503,True,CALL,2026-03-20,BBAI
BBAI260320C00005000,5.0,1.07,1.02,1.06,312.0,13550.0,0.9785158398437501,True,CALL,2026-03-20,BBAI
BBAI260320C00006000,6.0,0.6,0.6,0.61,2517.0,20077.0,0.9726565234375,False,CALL,2026-03-20,BBAI
BBAI260320C00007000,7.0,0.36,0.35,0.36,2214.0,39582.0,0.992187578125,False,CALL,2026-03-20,BBAI
BBAI260320P00004000,4.0,0.14,0.13,0.15,133.0,4645.0,0.8906260937499999,False,PUT,2026-03-20,BBAI
BBAI260320P00005000,5.0,0.45,0.45,0.47,695.0,27480.0,0.87500125,False,PUT,2026-03-20,BBAI
BBAI260320P00006000,6.0,1.02,1.0,1.03,1126.0,8164.0,0.867188828125,True,PUT,2026-03-20,BBAI
BBAI260320P00007000,7.0,1.75,1.75,1.81,17.0,7856.0,0.8945323046874999,True,PUT,2026-03-20,BBAI
BBAI260618C00004000,4.0,2.07,2.05,2.05,4.0,882.0,0.9941406835937501,True,CALL,2026-06-18,BBAI
BBAI260618C00005000,5.0,1.48,1.48,1.51,521.0,2930.0,0.9570316796874999,True,CALL,2026-06-18,BBAI
BBAI260618C00006000,6.0,1.1,1.08,1.12,661.0,6136.0,0.9492192578124999,False,CALL,2026-06-18,BBAI
BBAI260618C00007000,7.0,0.82,0.81,0.84,656.0,15411.0,0.95507857421875,False,CALL,2026-06-18,BBAI
BBAI260618P00004000,4.0,0.36,0.41,0.45,19.0,6954.0,0.8730481445312499,False,PUT,2026-06-18,BBAI
BBAI260618P00005000,5.0,0.85,0.84,0.89,109.0,3685.0,0.8535170898437501,False,PUT,2026-06-18,BBAI
BBAI260618P00006000,6.0,1.42,1.41,1.49,301.0,5410.0,0.84179845703125,True,PUT,2026-06-18,BBAI
BBAI260618P00007000,7.0,2.1,2.13,2.21,51.0,8919.0,0.8437515624999999,True,PUT,2026-06-18,BBAI
BBAI260918C00004000,4.0,2.28,2.26,2.44,6.0,107.0,1.0107471337890623,True,CALL,2026-09-18,BBAI
BBAI260918C00005000,5.0,1.9,1.78,1.83,22.0,146.0,0.9423833886718749,True,CALL,2026-09-18,BBAI
BBAI260918C00006000,6.0,1.48,1.43,1.48,108.0,361.0,0.945313046875,False,CALL,2026-09-18,BBAI
BBAI260918C00007000,7.0,1.18,1.11,1.26,17.0,994.0,0.948242705078125,False,CALL,2026-09-18,BBAI
BBAI260918P00004000,4.0,0.62,0.62,0.66,25.0,231.0,0.848634326171875,False,PUT,2026-09-18,BBAI
BBAI260918P00005000,5.0,1.14,1.1,1.15,1104.0,564.0,0.8291032714843749,False,PUT,2026-09-18,BBAI
BBAI260918P00006000,6.0,1.73,1.73,1.78,195.0,178.0,0.8300798242187499,True,PUT,2026-09-18,BBAI
BBAI260918P00007000,7.0,2.06,2.41,2.65,1.0,2.0,0.8623060644531251,True,PUT,2026-09-18,BBAI
BBAI270115C00004000,4.0,2.63,2.55,2.58,40.0,8116.0,0.9589847851562499,True,CALL,2027-01-15,BBAI
BBAI270115C00004500,4.5,2.31,2.31,2.89,4.0,5063.0,1.1054732226562503,True,CALL,2027-01-15,BBAI
BBAI270115C00005000,5.0,2.14,2.1,2.21,223.0,14864.0,0.9531254687499999,True,CALL,2027-01-15,BBAI
BBAI270115C00005500,5.5,1.99,1.95,2.01,308.0,13604.0,0.9501958105468749,True,CALL,2027-01-15,BBAI
BBAI270115C00007000,7.0,1.55,1.51,1.55,501.0,26523.0,0.9326178613281251,False,CALL,2027-01-15,BBAI
BBAI270115P00004000,4.0,0.86,0.85,0.89,126.0,5601.0,0.8378922460937499,False,PUT,2027-01-15,BBAI
BBAI270115P00004500,4.5,1.13,1.11,1.15,25.0,3226.0,0.8330094824218748,False,PUT,2027-01-15,BBAI
BBAI270115P00005000,5.0,1.41,1.35,1.55,14.0,7224.0,0.8457046679687499,False,PUT,2027-01-15,BBAI
BBAI270115P00005500,5.5,1.72,1.67,1.74,145.0,17354.0,0.813478427734375,False,PUT,2027-01-15,BBAI
BBAI270115P00007000,7.0,2.75,2.73,2.8,3.0,12360.0,0.8115253222656249,True,PUT,2027-01-15,BBAI
BBAI280121C00004000,4.0,3.25,3.2,3.3,17.0,1161.0,0.99023447265625,True,CALL,2028-01-21,BBAI
BBAI280121C00005000,5.0,2.94,2.94,3.0,145.0,6557.0,0.9951172363281251,True,CALL,2028-01-21,BBAI
BBAI280121C00007000,7.0,2.4,2.44,2.46,232.0,5208.0,0.9687503125,False,CALL,2028-01-21,BBAI
BBAI280121P00004000,4.0,1.34,1.32,1.4,2.0,946.0,0.80664255859375,False,PUT,2028-01-21,BBAI
BBAI280121P00005000,5.0,1.98,1.93,2.06,2.0,2261.0,0.799806689453125,False,PUT,2028-01-21,BBAI
BBAI280121P00007000,7.0,3.22,3.1,3.5,10.0,1324.0,0.743166630859375,True,PUT,2028-01-21,BBAI
BBD260220C00003000,3.0,1.16,0.85,1.4,35.0,238.0,1.9453127734375002,True,CALL,2026-02-20,BBD
BBD260220C00003500,3.5,0.63,0.6,0.7,2.0,1329.0,0.6953155468750001,True,CALL,2026-02-20,BBD
BBD260220C00004000,4.0,0.23,0.25,0.3,2.0,510.0,0.5468795312500001,True,CALL,2026-02-20,BBD
BBD260220C00004500,4.5,0.08,0.05,0.1,7.0,389.0,0.5507857421875001,False,CALL,2026-02-20,BBD
BBD260220C00005000,5.0,0.03,0.0,0.05,1.0,1.0,0.5468795312500001,False,CALL,2026-02-20,BBD
BBD260220P00003000,3.0,0.03,0.0,0.05,4.0,5.0,0.87500125,False,PUT,2026-02-20,BBD
BBD260220P00003500,3.5,0.03,0.0,0.05,1.0,84.0,0.5312546875,False,PUT,2026-02-20,BBD
BBD260220P00004000,4.0,0.25,0.1,0.15,2.0,24.0,0.523442265625,False,PUT,2026-02-20,BBD
BBD260320C00003000,3.0,1.1,0.85,1.6,1.0,1192.0,0.8281267187499999,True,CALL,2026-03-20,BBD
BBD260320C00003500,3.5,0.7,0.4,1.05,11.0,886.0,0.5312546875,True,CALL,2026-03-20,BBD
BBD260320C00004000,4.0,0.32,0.3,0.35,30.0,1191.0,0.45313046875,True,CALL,2026-03-20,BBD
BBD260320C00004500,4.5,0.15,0.1,0.15,8.0,1822.0,0.46094289062500005,False,CALL,2026-03-20,BBD
BBD260320C00005000,5.0,0.05,0.0,0.05,103.0,1245.0,0.44922425781249997,False,CALL,2026-03-20,BBD
BBD260320P00003000,3.0,0.05,0.0,0.05,6.0,23082.0,0.5937540625000001,False,PUT,2026-03-20,BBD
BBD260320P00003500,3.5,0.1,0.0,0.05,1.0,6176.0,0.437505625,False,PUT,2026-03-20,BBD
BBD260320P00004000,4.0,0.15,0.15,0.2,1.0,1420.0,0.437505625,False,PUT,2026-03-20,BBD
BBD260320P00004500,4.5,0.5,0.25,0.5,2.0,4312.0,0.4414118359375,True,PUT,2026-03-20,BBD
BBD260618C00003000,3.0,0.95,0.85,1.25,2.0,2972.0,0.5468795312500001,True,CALL,2026-06-18,BBD
BBD260618C00003500,3.5,0.85,0.65,0.85,1.0,2470.0,0.48828636718750007,True,CALL,2026-06-18,BBD
BBD260618C00004000,4.0,0.44,0.4,0.5,27.0,336.0,0.42383388671875,True,CALL,2026-06-18,BBD
BBD260618C00004500,4.5,0.23,0.2,0.3,10.0,543.0,0.42774009765625004,False,CALL,2026-06-18,BBD
BBD260618C00005000,5.0,0.11,0.1,0.15,4.0,15.0,0.4062559375,False,CALL,2026-06-18,BBD
BBD260618P00003000,3.0,0.05,0.0,0.1,1.0,6008.0,0.5312546875,False,PUT,2026-06-18,BBD
BBD260618P00003500,3.5,0.35,0.1,0.15,1.0,24.0,0.414068359375,False,PUT,2026-06-18,BBD
BBD260918C00004000,4.0,0.5,0.5,0.55,1.0,146.0,0.36914693359375,True,CALL,2026-09-18,BBD
BBD260918C00005000,5.0,0.15,0.15,0.25,1.0,11.0,0.4023497265625,False,CALL,2026-09-18,BBD
BBD270115C00003000,3.0,1.3,0.95,1.5,4.0,8735.0,0.58789474609375,True,CALL,2027-01-15,BBD
BBD270115C00003500,3.5,0.9,0.7,1.5,1.0,3505.0,0.79101771484375,True,CALL,2027-01-15,BBD
BBD270115C00004000,4.0,0.67,0.6,0.75,5.0,21934.0,0.42774009765625004,True,CALL,2027-01-15,BBD
BBD270115C00004500,4.5,0.55,0.4,0.55,100.0,662.0,0.42578699218750005,False,CALL,2027-01-15,BBD
BBD270115C00005000,5.0,0.35,0.25,0.4,52.0,2695.0,0.424810439453125,False,CALL,2027-01-15,BBD
BBD270115P00003000,3.0,0.3,0.15,0.25,3.0,2452.0,0.48828636718750007,False,PUT,2027-01-15,BBD
BBD270115P00003500,3.5,0.35,0.3,0.4,500.0,6205.0,0.454107021484375,False,PUT,2027-01-15,BBD
BBD270115P00004000,4.0,0.55,0.5,0.6,1.0,6779.0,0.42188078125,False,PUT,2027-01-15,BBD
BBD270115P00004500,4.5,1.1,0.0,0.0,2.0,1.0,1.0000000000000003e-05,True,PUT,2027-01-15,BBD
BBD270115P00005000,5.0,2.15,1.85,2.35,1.0,2.0,0.9492192578124999,True,PUT,2027-01-15,BBD
BBD280121C00003000,3.0,1.35,1.1,5.0,10.0,14.0,1.4375028125,True,CALL,2028-01-21,BBD
BBD280121C00003500,3.5,0.53,0.4,2.8,,1.0,0.6035195898437502,True,CALL,2028-01-21,BBD
BBD280121C00004000,4.0,0.85,0.75,1.15,1.0,5.0,0.4804739453125,True,CALL,2028-01-21,BBD
BBD280121C00004500,4.5,1.15,0.0,1.25,1.0,22.0,0.6044961425781252,False,CALL,2028-01-21,BBD
BBD280121C00005000,5.0,0.4,0.0,5.0,3.0,11.0,1.2968785156249998,False,CALL,2028-01-21,BBD
BBD280121P00003000,3.0,0.8,0.0,5.0,,1.0,2.0859422851562495,False,PUT,2028-01-21,BBD
BBD280121P00003500,3.5,1.13,0.0,5.0,,1.0,1.5908223583984373,False,PUT,2028-01-21,BBD
BBWI260130C00015000,15.0,6.75,5.8,7.2,2.0,2.0,5.253909682617186,True,CALL,2026-01-30,BBWI
BBWI260130C00016000,16.0,5.53,4.8,6.2,6.0,4.0,4.546879316406249,True,CALL,2026-01-30,BBWI
BBWI260130C00017000,17.0,4.5,3.8,5.2,2.0,13.0,3.8593753515625,True,CALL,2026-01-30,BBWI
BBWI260130C00018000,18.0,3.65,2.8,4.2,2.0,10.0,3.1914082714843746,True,CALL,2026-01-30,BBWI
BBWI260130C00019000,19.0,2.8,1.8,3.2,2.0,9.0,2.5234411914062496,True,CALL,2026-01-30,BBWI
BBWI260130C00020000,20.0,1.52,0.85,1.7,5.0,40.0,1.43359658203125,True,CALL,2026-01-30,BBWI
BBWI260130C00020500,20.5,1.25,0.45,0.85,2.0,13.0,0.867188828125,True,CALL,2026-01-30,BBWI
BBWI260130C00021000,21.0,0.26,0.2,0.3,50.0,69.0,0.5996133789062501,False,CALL,2026-01-30,BBWI
BBWI260130C00021500,21.5,0.22,0.05,0.15,10.0,78.0,0.5820354296875,False,CALL,2026-01-30,BBWI
BBWI260130C00022000,22.0,0.3,0.0,0.05,68.0,380.0,0.5390671093750001,False,CALL,2026-01-30,BBWI
BBWI260130C00022500,22.5,0.08,0.0,0.05,5.0,286.0,0.6875031250000001,False,CALL,2026-01-30,BBWI
BBWI260130C00023000,23.0,0.01,0.0,0.05,10.0,151.0,0.8281267187499999,False,CALL,2026-01-30,BBWI
BBWI260130C00023500,23.5,0.05,0.0,0.05,11.0,12.0,0.9687503125,False,CALL,2026-01-30,BBWI
BBWI260130C00024000,24.0,0.01,0.0,0.05,1.0,159.0,1.09375453125,False,CALL,2026-01-30,BBWI
BBWI260130C00024500,24.5,0.01,0.0,0.05,1.0,4.0,1.21875390625,False,CALL,2026-01-30,BBWI
BBWI260130C00025000,25.0,0.03,0.0,0.05,10.0,123.0,1.3281283593749997,False,CALL,2026-01-30,BBWI
BBWI260130C00026000,26.0,0.15,0.0,0.05,14.0,15.0,1.5625021874999998,False,CALL,2026-01-30,BBWI
BBWI260130P00016000,16.0,0.08,0.0,0.55,1.0,10.0,3.1171897070312498,False,PUT,2026-01-30,BBWI
BBWI260130P00017000,17.0,0.36,0.0,0.55,1.0,24.0,2.5781285546875,False,PUT,2026-01-30,BBWI
BBWI260130P00018000,18.0,0.03,0.0,0.55,1.0,3.0,2.042973642578125,False,PUT,2026-01-30,BBWI
BBWI260130P00018500,18.5,0.1,0.0,0.55,,1.0,1.7773448632812499,False,PUT,2026-01-30,BBWI
BBWI260130P00019000,19.0,0.1,0.0,0.5,3.0,123.0,1.4492215039062502,False,PUT,2026-01-30,BBWI
BBWI260130P00019500,19.5,0.15,0.0,0.3,2.0,2.0,0.9492192578124999,False,PUT,2026-01-30,BBWI
BBWI260130P00020000,20.0,0.06,0.0,0.1,27.0,172.0,0.5820354296875,False,PUT,2026-01-30,BBWI
BBWI260130P00020500,20.5,0.15,0.1,0.2,1.0,31.0,0.49609878906250005,False,PUT,2026-01-30,BBWI
BBWI260130P00021000,21.0,0.25,0.25,0.4,2.0,130.0,0.39063109375,True,PUT,2026-01-30,BBWI
BBWI260130P00021500,21.5,0.5,0.6,0.8,5.0,127.0,0.39063109375,True,PUT,2026-01-30,BBWI
BBWI260130P00022000,22.0,0.65,0.7,1.2,20.0,112.0,1.0000000000000003e-05,True,PUT,2026-01-30,BBWI
BBWI260130P00022500,22.5,1.05,1.05,1.7,4.0,58.0,1.0000000000000003e-05,True,PUT,2026-01-30,BBWI
BBWI260130P00023000,23.0,1.55,2.05,2.2,7.0,60.0,1.0000000000000003e-05,True,PUT,2026-01-30,BBWI
BBWI260130P00023500,23.5,2.05,1.5,2.7,2.0,3.0,1.0000000000000003e-05,True,PUT,2026-01-30,BBWI
BBWI260130P00024000,24.0,2.55,2.0,3.4,3.0,18.0,1.5781271093749998,True,PUT,2026-01-30,BBWI
BBWI260130P00025000,25.0,2.09,2.85,4.2,,8.0,1.0000000000000003e-05,True,PUT,2026-01-30,BBWI
BBWI260130P00026000,26.0,4.6,3.8,5.2,2.0,2.0,1.0000000000000003e-05,True,PUT,2026-01-30,BBWI
BBWI260206C00015000,15.0,7.8,5.8,7.2,,1.0,2.47656630859375,True,CALL,2026-02-06,BBWI
BBWI260206C00016000,16.0,5.8,4.8,6.2,2.0,1.0,2.1425827685546874,True,CALL,2026-02-06,BBWI
BBWI260206C00017000,17.0,4.55,3.8,5.2,2.0,40.0,1.8203133984375,True,CALL,2026-02-06,BBWI
BBWI260206C00018000,18.0,4.0,2.85,4.1,2.0,4.0,1.48047134765625,True,CALL,2026-02-06,BBWI
BBWI260206C00019000,19.0,3.65,1.95,2.7,1.0,0.0,1.0293017285156252,True,CALL,2026-02-06,BBWI
BBWI260206C00019500,19.5,3.36,1.5,2.35,,3.0,0.96289099609375,True,CALL,2026-02-06,BBWI
BBWI260206C00020000,20.0,1.15,1.1,1.25,9.0,21.0,0.5918009570312501,True,CALL,2026-02-06,BBWI
BBWI260206C00021000,21.0,0.68,0.55,0.65,20.0,35.0,0.5566450585937501,False,CALL,2026-02-06,BBWI
BBWI260206C00021500,21.5,0.85,0.35,0.45,5.0,26.0,0.5449264257812501,False,CALL,2026-02-06,BBWI
BBWI260206C00022000,22.0,0.43,0.2,0.3,4.0,51.0,0.53320779296875,False,CALL,2026-02-06,BBWI
BBWI260206C00022500,22.5,0.4,0.1,0.2,11.0,42.0,0.52539537109375,False,CALL,2026-02-06,BBWI
BBWI260206C00023000,23.0,0.12,0.05,0.15,4.0,87.0,0.5429733203125001,False,CALL,2026-02-06,BBWI
BBWI260206C00023500,23.5,0.2,0.0,0.1,1.0,55.0,0.523442265625,False,CALL,2026-02-06,BBWI
BBWI260206C00024000,24.0,0.1,0.0,0.1,1.0,58.0,0.5898478515625001,False,CALL,2026-02-06,BBWI
BBWI260206C00024500,24.5,0.07,0.0,0.1,29.0,33.0,0.6523472265625001,False,CALL,2026-02-06,BBWI
BBWI260206C00025000,25.0,0.07,0.0,0.1,6.0,74.0,0.710940390625,False,CALL,2026-02-06,BBWI
BBWI260206C00025500,25.5,0.2,0.0,0.1,,9.0,0.773439765625,False,CALL,2026-02-06,BBWI
BBWI260206C00026000,26.0,0.3,0.0,0.1,2.0,85.0,0.8281267187499999,False,CALL,2026-02-06,BBWI
BBWI260206P00017000,17.0,0.27,0.0,0.6,,10.0,1.2500037499999999,False,PUT,2026-02-06,BBWI
BBWI260206P00018000,18.0,0.2,0.0,0.1,2.0,11.0,0.5898478515625001,False,PUT,2026-02-06,BBWI
BBWI260206P00018500,18.5,0.07,0.05,0.1,3.0,3.0,0.5507857421875001,False,PUT,2026-02-06,BBWI
BBWI260206P00019000,19.0,0.13,0.05,0.15,2.0,6.0,0.5625043750000001,False,PUT,2026-02-06,BBWI
BBWI260206P00019500,19.5,0.15,0.15,0.25,4.0,14.0,0.5039112109375,False,PUT,2026-02-06,BBWI
BBWI260206P00020000,20.0,0.22,0.25,0.35,4.0,123.0,0.5097705273437501,False,PUT,2026-02-06,BBWI
BBWI260206P00020500,20.5,0.33,0.4,0.5,4.0,4.0,0.47070841796875,False,PUT,2026-02-06,BBWI
BBWI260206P00021000,21.0,0.55,0.7,0.75,3.0,59.0,0.46289599609375004,True,PUT,2026-02-06,BBWI
BBWI260206P00021500,21.5,0.47,1.0,1.1,22.0,33.0,0.48633326171875,True,PUT,2026-02-06,BBWI
BBWI260206P00022000,22.0,0.85,1.25,1.35,20.0,45.0,0.34570966796874997,True,PUT,2026-02-06,BBWI
BBWI260206P00022500,22.5,1.17,0.9,1.8,,6.0,0.335944140625,True,PUT,2026-02-06,BBWI
BBWI260206P00023000,23.0,1.65,1.3,2.25,5.0,13.0,1.0000000000000003e-05,True,PUT,2026-02-06,BBWI
BBWI260206P00023500,23.5,1.26,1.65,2.75,,24.0,1.0000000000000003e-05,True,PUT,2026-02-06,BBWI
BBWI260206P00024000,24.0,2.64,2.05,3.2,2.0,5.0,1.0000000000000003e-05,True,PUT,2026-02-06,BBWI
BBWI260206P00024500,24.5,2.0,2.3,3.7,,5.0,1.0000000000000003e-05,True,PUT,2026-02-06,BBWI
BBWI260206P00025000,25.0,3.5,2.8,4.2,4.0,7.0,1.0000000000000003e-05,True,PUT,2026-02-06,BBWI
BBWI260206P00025500,25.5,3.69,3.3,4.7,,2.0,1.0000000000000003e-05,True,PUT,2026-02-06,BBWI
BBWI260213C00017000,17.0,4.98,3.8,5.2,9.0,9.0,1.365237548828125,True,CALL,2026-02-13,BBWI
BBWI260213C00018000,18.0,3.7,2.9,3.9,1.0,44.0,1.052739111328125,True,CALL,2026-02-13,BBWI
BBWI260213C00019000,19.0,1.93,2.1,2.8,22.0,22.0,0.85742330078125,True,CALL,2026-02-13,BBWI
BBWI260213C00020000,20.0,1.4,1.3,1.45,27.0,28.0,0.56836369140625,True,CALL,2026-02-13,BBWI
BBWI260213C00021000,21.0,0.91,0.75,0.9,4.0,10.0,0.5478560839843751,False,CALL,2026-02-13,BBWI
BBWI260213C00022000,22.0,0.45,0.35,0.5,2.0,26.0,0.5185595019531251,False,CALL,2026-02-13,BBWI
BBWI260213C00023000,23.0,0.45,0.2,0.3,2.0,75.0,0.5488326367187502,False,CALL,2026-02-13,BBWI
BBWI260213C00024000,24.0,0.17,0.05,0.15,25.0,158.0,0.5195360546875,False,CALL,2026-02-13,BBWI
BBWI260213C00025000,25.0,0.1,0.0,0.15,12.0,91.0,0.5820354296875,False,CALL,2026-02-13,BBWI
BBWI260213C00026000,26.0,0.53,0.0,0.5,1.0,33.0,0.9062509375,False,CALL,2026-02-13,BBWI
BBWI260213P00016000,16.0,0.09,0.0,0.6,,5.0,1.1328168359375002,False,PUT,2026-02-13,BBWI
BBWI260213P00018000,18.0,0.13,0.05,0.2,2.0,22.0,0.5585981640625001,False,PUT,2026-02-13,BBWI
BBWI260213P00019000,19.0,0.15,0.15,0.3,1.0,3.0,0.55273884765625,False,PUT,2026-02-13,BBWI
BBWI260213P00020000,20.0,0.45,0.4,0.5,29.0,39.0,0.47852083984375,False,PUT,2026-02-13,BBWI
BBWI260213P00021000,21.0,0.74,0.8,0.95,14.0,62.0,0.463872548828125,True,PUT,2026-02-13,BBWI
BBWI260213P00022000,22.0,1.43,1.4,1.55,1.0,3.0,0.42090422851562503,True,PUT,2026-02-13,BBWI
BBWI260213P00023000,23.0,2.28,1.85,2.5,2.0,10.0,0.53320779296875,True,PUT,2026-02-13,BBWI
BBWI260213P00024000,24.0,2.7,2.3,3.7,1.0,9.0,0.8300798242187499,True,PUT,2026-02-13,BBWI
BBWI260213P00025000,25.0,2.79,2.95,5.0,,4.0,1.18359783203125,True,PUT,2026-02-13,BBWI
BBWI260213P00026000,26.0,3.42,3.8,6.1,,1.0,1.3847687011718748,True,PUT,2026-02-13,BBWI
BBWI260220C00015000,15.0,6.62,5.9,7.1,2.0,329.0,1.5488303808593749,True,CALL,2026-02-20,BBWI
BBWI260220C00017500,17.5,3.94,3.4,4.3,15.0,552.0,0.93945373046875,True,CALL,2026-02-20,BBWI
BBWI260220C00019000,19.0,2.94,2.15,2.95,1.0,1.0,0.77148666015625,True,CALL,2026-02-20,BBWI
BBWI260220C00020000,20.0,1.99,1.4,2.0,2.0,1948.0,0.639652041015625,True,CALL,2026-02-20,BBWI
BBWI260220C00022000,22.0,0.6,0.45,0.6,2.0,72.0,0.52539537109375,False,CALL,2026-02-20,BBWI
BBWI260220C00022500,22.5,0.8,0.35,0.45,1.0,1878.0,0.51758294921875,False,CALL,2026-02-20,BBWI
BBWI260220C00023000,23.0,0.4,0.2,0.35,3.0,29.0,0.523442265625,False,CALL,2026-02-20,BBWI
BBWI260220C00023500,23.5,0.65,0.15,0.3,,18.0,0.5488326367187502,False,CALL,2026-02-20,BBWI
BBWI260220C00024000,24.0,0.2,0.1,0.4,2.0,25.0,0.5664105859375,False,CALL,2026-02-20,BBWI
BBWI260220C00024500,24.5,0.15,0.05,0.2,29.0,94.0,0.50586431640625,False,CALL,2026-02-20,BBWI
BBWI260220C00025000,25.0,0.1,0.05,0.15,2.0,1284.0,0.5195360546875,False,CALL,2026-02-20,BBWI
BBWI260220C00025500,25.5,0.1,0.0,0.25,71.0,75.0,0.5898478515625001,False,CALL,2026-02-20,BBWI
BBWI260220C00026000,26.0,0.09,0.0,0.2,1.0,74.0,0.5976602734375001,False,CALL,2026-02-20,BBWI
BBWI260220C00026500,26.5,0.07,0.0,0.2,2.0,62.0,0.6367223828125,False,CALL,2026-02-20,BBWI
BBWI260220P00015000,15.0,0.03,0.0,0.1,2.0,704.0,0.7304714453125,False,PUT,2026-02-20,BBWI
BBWI260220P00016000,16.0,0.15,0.0,0.15,,20.0,0.6562534375000001,False,PUT,2026-02-20,BBWI
BBWI260220P00017500,17.5,0.1,0.05,0.2,12.0,1454.0,0.53320779296875,False,PUT,2026-02-20,BBWI
BBWI260220P00018000,18.0,0.25,0.05,0.25,2.0,22.0,0.5820354296875,False,PUT,2026-02-20,BBWI
BBWI260220P00018500,18.5,0.2,0.05,0.3,3.0,5.0,0.5419967675781252,False,PUT,2026-02-20,BBWI
BBWI260220P00019000,19.0,0.3,0.1,0.4,,1.0,0.526371923828125,False,PUT,2026-02-20,BBWI
BBWI260220P00019500,19.5,0.3,0.15,0.55,2.0,7.0,0.523442265625,False,PUT,2026-02-20,BBWI
BBWI260220P00020000,20.0,0.58,0.4,0.7,14.0,1204.0,0.5019581054687501,False,PUT,2026-02-20,BBWI
BBWI260220P00020500,20.5,0.68,0.5,0.95,1.0,44.0,0.514653291015625,False,PUT,2026-02-20,BBWI
BBWI260220P00021000,21.0,0.9,0.85,1.15,51.0,41.0,0.48340360351562506,True,PUT,2026-02-20,BBWI
BBWI260220P00022000,22.0,1.05,1.25,1.8,20.0,21.0,0.48828636718750007,True,PUT,2026-02-20,BBWI
BBWI260220P00022500,22.5,1.85,1.5,2.2,2.0,1193.0,0.506840869140625,True,PUT,2026-02-20,BBWI
BBWI260220P00023000,23.0,2.33,1.6,2.55,1.0,39.0,0.47852083984375,True,PUT,2026-02-20,BBWI
BBWI260220P00023500,23.5,1.75,1.95,3.0,37.0,37.0,0.500005,True,PUT,2026-02-20,BBWI
BBWI260220P00024000,24.0,2.4,2.35,3.5,,10.0,0.551762294921875,True,PUT,2026-02-20,BBWI
BBWI260220P00025000,25.0,3.7,3.6,4.4,7.0,391.0,0.5546919531250001,True,PUT,2026-02-20,BBWI
BBWI260227C00017000,17.0,5.06,3.1,5.6,,9.0,0.905274384765625,True,CALL,2026-02-27,BBWI
BBWI260227C00018000,18.0,3.75,3.1,4.2,1.0,37.0,0.90429783203125,True,CALL,2026-02-27,BBWI
BBWI260227C00019000,19.0,4.12,2.35,2.65,,2.0,0.6513706738281251,True,CALL,2026-02-27,BBWI
BBWI260227C00020000,20.0,3.54,1.7,2.05,,1.0,0.6367223828125,True,CALL,2026-02-27,BBWI
BBWI260227C00020500,20.5,3.05,1.4,1.75,,3.0,0.6191444335937502,True,CALL,2026-02-27,BBWI
BBWI260227C00021000,21.0,1.7,1.15,1.5,2.0,24.0,0.6108437353515627,False,CALL,2026-02-27,BBWI
BBWI260227C00022000,22.0,1.6,0.65,1.1,2.0,72.0,0.5820354296875,False,CALL,2026-02-27,BBWI
BBWI260227C00022500,22.5,0.85,0.6,0.95,3.0,25.0,0.6064492480468751,False,CALL,2026-02-27,BBWI
BBWI260227C00023000,23.0,0.93,0.3,0.8,1.0,22.0,0.561527822265625,False,CALL,2026-02-27,BBWI
BBWI260227C00023500,23.5,0.6,0.35,0.7,1.0,15.0,0.6054726953125001,False,CALL,2026-02-27,BBWI
BBWI260227C00024000,24.0,0.68,0.35,0.65,1.0,31.0,0.6445348046875,False,CALL,2026-02-27,BBWI
BBWI260227C00025000,25.0,0.3,0.05,0.5,1.0,4.0,0.6005899316406251,False,CALL,2026-02-27,BBWI
BBWI260227C00025500,25.5,0.4,0.05,0.65,1.0,1.0,0.69336244140625,False,CALL,2026-02-27,BBWI
BBWI260227C00026500,26.5,0.55,0.0,0.75,4.0,5.0,0.79101771484375,False,CALL,2026-02-27,BBWI
BBWI260227P00017000,17.0,0.28,0.1,0.45,2.0,1.0,0.6650424121093752,False,PUT,2026-02-27,BBWI
BBWI260227P00017500,17.5,0.35,0.15,0.55,4.0,4.0,0.65039412109375,False,PUT,2026-02-27,BBWI
BBWI260227P00018000,18.0,0.3,0.35,0.55,4.0,19.0,0.64062859375,False,PUT,2026-02-27,BBWI
BBWI260227P00018500,18.5,0.55,0.3,0.65,2.0,10.0,0.579105771484375,False,PUT,2026-02-27,BBWI
BBWI260227P00019000,19.0,0.58,0.4,0.85,4.0,6.0,0.579105771484375,False,PUT,2026-02-27,BBWI
BBWI260227P00019500,19.5,0.75,0.5,1.05,2.0,0.0,0.5654340332031251,False,PUT,2026-02-27,BBWI
BBWI260227P00020000,20.0,1.1,0.95,1.2,9.0,18.0,0.6064492480468751,False,PUT,2026-02-27,BBWI
BBWI260227P00020500,20.5,1.0,1.0,1.45,1.0,7.0,0.567387138671875,False,PUT,2026-02-27,BBWI
BBWI260227P00021000,21.0,1.39,1.15,1.7,1.0,5.0,0.5390671093750001,True,PUT,2026-02-27,BBWI
BBWI260227P00021500,21.5,1.0,1.45,2.0,2.0,3.0,0.5410202148437502,True,PUT,2026-02-27,BBWI
BBWI260227P00024500,24.5,3.5,2.1,5.7,1.0,4.0,1.36328443359375,True,PUT,2026-02-27,BBWI
BBWI260306C00021000,21.0,1.99,1.45,1.65,2.0,55.0,0.6357458300781251,False,CALL,2026-03-06,BBWI
BBWI260306C00026000,26.0,1.1,0.2,0.8,5.0,5.0,0.7460962890625,False,CALL,2026-03-06,BBWI
BBWI260306P00017000,17.0,0.4,0.25,0.45,2.0,2.0,0.65039412109375,False,PUT,2026-03-06,BBWI
BBWI260306P00017500,17.5,0.45,0.15,0.55,2.0,2.0,0.585941640625,False,PUT,2026-03-06,BBWI
BBWI260320C00015000,15.0,6.64,6.0,7.2,4.0,314.0,1.09375453125,True,CALL,2026-03-20,BBWI
BBWI260320C00017500,17.5,5.5,3.9,4.7,1.0,382.0,0.8256853369140623,True,CALL,2026-03-20,BBWI
BBWI260320C00020000,20.0,2.25,2.2,2.3,38.0,2008.0,0.614261669921875,True,CALL,2026-03-20,BBWI
BBWI260320C00022500,22.5,1.29,1.1,1.3,12.0,822.0,0.6093789062500001,False,CALL,2026-03-20,BBWI
BBWI260320C00025000,25.0,0.6,0.5,0.65,6.0,1790.0,0.6005899316406251,False,CALL,2026-03-20,BBWI
BBWI260320P00015000,15.0,0.2,0.15,0.35,10.0,2586.0,0.70898728515625,False,PUT,2026-03-20,BBWI
BBWI260320P00017500,17.5,0.65,0.5,0.7,13.0,591.0,0.622074091796875,False,PUT,2026-03-20,BBWI
BBWI260320P00020000,20.0,1.5,1.45,1.55,54.0,4172.0,0.6079140771484376,False,PUT,2026-03-20,BBWI
BBWI260320P00022500,22.5,2.65,2.8,3.0,24.0,748.0,0.585941640625,True,PUT,2026-03-20,BBWI
BBWI260320P00025000,25.0,3.5,4.3,4.9,10.0,378.0,0.62305064453125,True,PUT,2026-03-20,BBWI
BBWI260515C00015000,15.0,7.5,6.2,7.4,15.0,192.0,0.8266618896484373,True,CALL,2026-05-15,BBWI
BBWI260515C00017500,17.5,6.21,4.3,4.6,2.0,217.0,0.6123085644531252,True,CALL,2026-05-15,BBWI
BBWI260515C00020000,20.0,3.3,2.75,3.1,1.0,296.0,0.5805706005859376,True,CALL,2026-05-15,BBWI
BBWI260515C00022500,22.5,2.1,1.7,1.95,9.0,455.0,0.5625043750000001,False,CALL,2026-05-15,BBWI
BBWI260515C00025000,25.0,1.2,1.0,1.25,15.0,839.0,0.5600629931640625,False,CALL,2026-05-15,BBWI
BBWI260515P00015000,15.0,0.48,0.4,0.55,3.0,622.0,0.5991251025390626,False,PUT,2026-05-15,BBWI
BBWI260515P00017500,17.5,0.9,0.8,1.1,33.0,1186.0,0.5356491748046875,False,PUT,2026-05-15,BBWI
BBWI260515P00020000,20.0,1.91,1.65,2.05,8.0,855.0,0.5009815527343751,False,PUT,2026-05-15,BBWI
BBWI260515P00022500,22.5,3.18,3.0,3.4,1.0,60.0,0.5185595019531251,True,PUT,2026-05-15,BBWI
BBWI260515P00025000,25.0,4.7,4.8,5.3,3.0,233.0,0.5366257275390626,True,PUT,2026-05-15,BBWI
BBWI260618C00015000,15.0,7.55,6.5,7.6,2.0,160.0,0.7949239257812499,True,CALL,2026-06-18,BBWI
BBWI260618C00017500,17.5,5.15,4.6,4.9,2.0,44.0,0.6059609716796877,True,CALL,2026-06-18,BBWI
BBWI260618C00020000,20.0,3.7,3.2,3.5,1.0,409.0,0.5918009570312501,True,CALL,2026-06-18,BBWI
BBWI260618C00022500,22.5,2.5,2.15,2.4,3.0,93.0,0.5778850805664062,False,CALL,2026-06-18,BBWI
BBWI260618C00025000,25.0,1.65,1.35,1.65,1.0,293.0,0.567387138671875,False,CALL,2026-06-18,BBWI
BBWI260618P00015000,15.0,0.7,0.65,0.8,1.0,140.0,0.6108437353515627,False,PUT,2026-06-18,BBWI
BBWI260618P00017500,17.5,1.4,1.35,1.5,3.0,401.0,0.5835002587890624,False,PUT,2026-06-18,BBWI
BBWI260618P00020000,20.0,2.4,2.35,2.5,3.0,756.0,0.5522505712890625,False,PUT,2026-06-18,BBWI
BBWI260618P00022500,22.5,3.7,3.6,4.0,17.0,301.0,0.5302781347656251,True,PUT,2026-06-18,BBWI
BBWI260618P00025000,25.0,4.5,5.2,5.6,1.0,78.0,0.5319871020507813,True,PUT,2026-06-18,BBWI
BBWI260821C00017500,17.5,5.3,5.0,5.4,1.0,1.0,0.5903361279296876,True,CALL,2026-08-21,BBWI
BBWI260821C00020000,20.0,3.8,3.6,4.0,6.0,29.0,0.5664105859375,True,CALL,2026-08-21,BBWI
BBWI260821C00022500,22.5,3.5,2.5,2.9,4.0,16.0,0.5478560839843751,False,CALL,2026-08-21,BBWI
BBWI260821C00025000,25.0,2.1,1.7,2.1,6.0,21.0,0.5380905566406251,False,CALL,2026-08-21,BBWI
BBWI260821P00015000,15.0,0.97,0.75,1.1,2.0,89.0,0.5600629931640625,False,PUT,2026-08-21,BBWI
BBWI260821P00017500,17.5,1.45,1.45,1.9,3.0,81.0,0.53320779296875,False,PUT,2026-08-21,BBWI
BBWI260821P00020000,20.0,2.65,2.4,3.0,5.0,13.0,0.5043994873046875,False,PUT,2026-08-21,BBWI
BBWI260821P00025000,25.0,5.01,5.4,6.0,,1.0,0.5097705273437501,True,PUT,2026-08-21,BBWI
BBWI261218C00015000,15.0,9.4,7.2,8.4,1.0,1.0,0.6635775830078127,True,CALL,2026-12-18,BBWI
BBWI261218C00017500,17.5,4.51,0.0,0.0,,1.0,1.0000000000000003e-05,True,CALL,2026-12-18,BBWI
BBWI261218C00020000,20.0,5.24,4.3,4.9,1.0,18.0,0.5583540258789064,True,CALL,2026-12-18,BBWI
BBWI261218C00022500,22.5,4.24,3.1,3.9,1.0,26.0,0.5385788330078126,False,CALL,2026-12-18,BBWI
BBWI261218C00025000,25.0,2.85,2.55,3.1,1.0,10.0,0.5488326367187502,False,CALL,2026-12-18,BBWI
BBWI261218P00015000,15.0,1.82,1.35,1.7,6.0,8.0,0.5634809277343751,False,PUT,2026-12-18,BBWI
BBWI261218P00017500,17.5,2.45,2.1,2.65,7.0,36.0,0.5317429638671876,False,PUT,2026-12-18,BBWI
BBWI261218P00020000,20.0,3.68,3.2,3.8,1.0,38.0,0.5085498364257812,False,PUT,2026-12-18,BBWI
BBWI261218P00022500,22.5,4.2,4.5,5.2,12.0,16.0,0.5297898583984376,True,PUT,2026-12-18,BBWI
BBWI270115C00015000,15.0,7.56,7.3,8.3,1.0,1075.0,0.6367223828125,True,CALL,2027-01-15,BBWI
BBWI270115C00017500,17.5,7.54,5.8,6.2,1.0,90.0,0.5678754150390625,True,CALL,2027-01-15,BBWI
BBWI270115C00020000,20.0,5.2,4.4,4.8,3.0,267.0,0.5356491748046875,True,CALL,2027-01-15,BBWI
BBWI270115C00022500,22.5,4.0,3.5,4.0,2.0,155.0,0.5476119458007813,False,CALL,2027-01-15,BBWI
BBWI270115C00025000,25.0,3.1,2.7,3.2,1.0,242.0,0.5419967675781252,False,CALL,2027-01-15,BBWI
BBWI270115P00015000,15.0,1.61,1.35,1.85,3.0,1012.0,0.5542036767578126,False,PUT,2027-01-15,BBWI
BBWI270115P00017500,17.5,2.45,2.2,2.8,1.0,813.0,0.5285691674804689,False,PUT,2027-01-15,BBWI
BBWI270115P00020000,20.0,3.6,3.3,3.9,1.0,114.0,0.5007374145507812,False,PUT,2027-01-15,BBWI
BBWI270115P00022500,22.5,4.63,4.7,5.3,1.0,169.0,0.5207567456054687,True,PUT,2027-01-15,BBWI
BBWI270115P00025000,25.0,5.8,6.3,6.9,4.0,1503.0,0.5026905200195313,True,PUT,2027-01-15,BBWI
BBWI280121C00015000,15.0,8.96,8.2,9.4,3.0,263.0,0.5637250659179689,True,CALL,2028-01-21,BBWI
BBWI280121C00017500,17.5,7.7,7.1,7.7,66.0,65.0,0.5390671093750001,True,CALL,2028-01-21,BBWI
BBWI280121C00020000,20.0,6.3,6.0,6.9,1.0,214.0,0.5444381494140625,True,CALL,2028-01-21,BBWI
BBWI280121C00022500,22.5,6.25,5.1,6.3,1.0,144.0,0.5532271240234375,False,CALL,2028-01-21,BBWI
BBWI280121C00025000,25.0,5.82,4.3,5.4,1.0,54.0,0.5417526293945314,False,CALL,2028-01-21,BBWI
BBWI280121P00015000,15.0,3.33,2.6,4.1,1.0,86.0,0.5974161352539062,False,PUT,2028-01-21,BBWI
BBWI280121P00017500,17.5,4.2,3.6,4.2,2.0,367.0,0.5117236328125,False,PUT,2028-01-21,BBWI
BBWI280121P00020000,20.0,5.12,4.9,5.6,3.0,93.0,0.5008594836425782,False,PUT,2028-01-21,BBWI
BBWI280121P00022500,22.5,6.48,6.2,7.0,1.0,12.0,0.5118457019042968,True,PUT,2028-01-21,BBWI
BBWI280121P00025000,25.0,8.12,8.1,8.5,4.0,66.0,0.4885305053710938,True,PUT,2028-01-21,BBWI
BCS260220C00019000,19.0,7.1,7.3,8.8,1.0,15.0,1.0781296093750001,True,CALL,2026-02-20,BCS
BCS260220C00020000,20.0,6.1,6.2,7.8,50.0,57.0,0.90429783203125,True,CALL,2026-02-20,BCS
BCS260220C00021000,21.0,5.2,5.2,6.8,9.0,18.0,0.78711150390625,True,CALL,2026-02-20,BCS
BCS260220C00022000,22.0,3.61,4.7,5.0,7.0,29.0,0.5273484765625001,True,CALL,2026-02-20,BCS
BCS260220C00023000,23.0,3.6,3.4,4.3,2.0,249.0,0.745119736328125,True,CALL,2026-02-20,BCS
BCS260220C00024000,24.0,2.18,2.9,3.1,41.0,445.0,0.5048877636718749,True,CALL,2026-02-20,BCS
BCS260220C00025000,25.0,1.93,2.1,2.2,15.0,218.0,0.42969320312500003,True,CALL,2026-02-20,BCS
BCS260220C00026000,26.0,1.33,1.35,1.5,10.0,344.0,0.4101621484375,True,CALL,2026-02-20,BCS
BCS260220C00027000,27.0,0.88,0.8,0.95,3.0,431.0,0.397466962890625,False,CALL,2026-02-20,BCS
BCS260220C00028000,28.0,0.42,0.4,0.55,39.0,1142.0,0.38672488281249995,False,CALL,2026-02-20,BCS
BCS260220C00029000,29.0,0.24,0.2,0.3,9.0,1645.0,0.38281867187499996,False,CALL,2026-02-20,BCS
BCS260220C00030000,30.0,0.15,0.05,0.2,42.0,167.0,0.414068359375,False,CALL,2026-02-20,BCS
BCS260220C00031000,31.0,0.1,0.0,0.1,1.0,3.0,0.40820904296875,False,CALL,2026-02-20,BCS
BCS260220P00019000,19.0,0.1,0.0,0.1,1.0,18.0,0.7304714453125,False,PUT,2026-02-20,BCS
BCS260220P00020000,20.0,0.15,0.0,0.15,1.0,26.0,0.6875031250000001,False,PUT,2026-02-20,BCS
BCS260220P00021000,21.0,0.05,0.0,0.15,1.0,79.0,0.5898478515625001,False,PUT,2026-02-20,BCS
BCS260220P00022000,22.0,0.2,0.0,0.15,1.0,2266.0,0.5839885351562499,False,PUT,2026-02-20,BCS
BCS260220P00023000,23.0,0.16,0.05,0.2,20.0,173.0,0.5214891601562499,False,PUT,2026-02-20,BCS
BCS260220P00024000,24.0,0.25,0.15,0.3,39.0,1833.0,0.476567734375,False,PUT,2026-02-20,BCS
BCS260220P00025000,25.0,0.47,0.35,0.5,1.0,335.0,0.45313046875,False,PUT,2026-02-20,BCS
BCS260220P00026000,26.0,0.75,0.6,0.75,3.0,734.0,0.411138701171875,False,PUT,2026-02-20,BCS
BCS260220P00027000,27.0,0.97,1.05,1.2,50.0,1106.0,0.398443515625,True,PUT,2026-02-20,BCS
BCS260220P00028000,28.0,1.92,1.7,1.8,8.0,3.0,0.38721315917968746,True,PUT,2026-02-20,BCS
BCS260220P00029000,29.0,3.38,2.45,2.6,2.0,1.0,0.40918559570312496,True,PUT,2026-02-20,BCS
BCS260320C00019000,19.0,4.4,0.0,0.0,1.0,23.0,1.0000000000000003e-05,True,CALL,2026-03-20,BCS
BCS260320C00020000,20.0,7.0,6.1,7.8,1.0,263.0,0.5722699023437501,True,CALL,2026-03-20,BCS
BCS260320C00021000,21.0,5.46,5.3,6.4,1.0,441.0,0.7246121289062499,True,CALL,2026-03-20,BCS
BCS260320C00022000,22.0,5.1,4.5,5.7,10.0,574.0,0.5019581054687501,True,CALL,2026-03-20,BCS
BCS260320C00023000,23.0,3.69,3.9,4.0,15.0,1034.0,0.37500625,True,CALL,2026-03-20,BCS
BCS260320C00024000,24.0,3.0,3.0,3.2,1.0,431.0,0.375982802734375,True,CALL,2026-03-20,BCS
BCS260320C00025000,25.0,2.61,2.25,2.4,3.0,372.0,0.34961587890624996,True,CALL,2026-03-20,BCS
BCS260320C00026000,26.0,1.85,1.6,1.75,7.0,297.0,0.3413151806640625,True,CALL,2026-03-20,BCS
BCS260320C00027000,27.0,1.05,1.05,1.2,17.0,888.0,0.32959654785156245,False,CALL,2026-03-20,BCS
BCS260320C00028000,28.0,0.75,0.65,0.8,32.0,794.0,0.3266668896484375,False,CALL,2026-03-20,BCS
BCS260320C00029000,29.0,0.35,0.4,0.5,30.0,152.0,0.32129584960937496,False,CALL,2026-03-20,BCS
BCS260320C00030000,30.0,0.3,0.2,0.35,50.0,1280.0,0.3364324169921875,False,CALL,2026-03-20,BCS
BCS260320C00031000,31.0,0.15,0.1,0.2,51.0,202.0,0.32910827148437494,False,CALL,2026-03-20,BCS
BCS260320C00032000,32.0,0.1,0.05,0.15,1.0,53.0,0.34961587890624996,False,CALL,2026-03-20,BCS
BCS260320P00019000,19.0,0.25,0.05,0.15,30.0,210.0,0.5585981640625001,False,PUT,2026-03-20,BCS
BCS260320P00020000,20.0,0.2,0.1,0.2,1.0,1902.0,0.5351608984375,False,PUT,2026-03-20,BCS
BCS260320P00021000,21.0,0.15,0.1,0.2,3.0,281.0,0.49805189453125004,False,PUT,2026-03-20,BCS
BCS260320P00022000,22.0,0.2,0.15,0.3,2.0,477.0,0.47852083984375,False,PUT,2026-03-20,BCS
BCS260320P00023000,23.0,0.3,0.25,0.35,4.0,246.0,0.42090422851562503,False,PUT,2026-03-20,BCS
BCS260320P00024000,24.0,0.45,0.45,0.55,2.0,456.0,0.411138701171875,False,PUT,2026-03-20,BCS
BCS260320P00025000,25.0,0.8,0.7,0.8,25.0,73.0,0.393560751953125,False,PUT,2026-03-20,BCS
BCS260320P00026000,26.0,1.15,1.05,1.15,40.0,572.0,0.38086556640624997,False,PUT,2026-03-20,BCS
BCS260320P00027000,27.0,2.15,1.5,1.65,171.0,215.0,0.3803772900390625,True,PUT,2026-03-20,BCS
BCS260320P00028000,28.0,2.9,2.1,2.25,107.0,124.0,0.3794007373046875,True,PUT,2026-03-20,BCS
BCS260320P00030000,30.0,4.8,3.6,3.9,,1.0,0.43506424316406256,True,PUT,2026-03-20,BCS
BCS260618C00019000,19.0,7.07,7.1,9.0,3.0,13.0,0.7143583251953125,True,CALL,2026-06-18,BCS
BCS260618C00020000,20.0,6.2,6.5,8.0,50.0,1853.0,0.6435582519531251,True,CALL,2026-06-18,BCS
BCS260618C00021000,21.0,5.7,6.1,6.3,1.0,25.0,0.40918559570312496,True,CALL,2026-06-18,BCS
BCS260618C00022000,22.0,5.1,5.2,5.5,6.0,265.0,0.4018614501953125,True,CALL,2026-06-18,BCS
BCS260618C00023000,23.0,4.05,4.4,4.7,5.0,200.0,0.3852600537109374,True,CALL,2026-06-18,BCS
BCS260618C00024000,24.0,3.4,3.7,4.0,1.0,107.0,0.3786683227539062,True,CALL,2026-06-18,BCS
BCS260618C00025000,25.0,3.35,3.0,3.3,18.0,120.0,0.362311064453125,True,CALL,2026-06-18,BCS
BCS260618C00026000,26.0,2.59,2.45,2.65,1.0,288.0,0.3452213916015625,True,CALL,2026-06-18,BCS
BCS260618C00027000,27.0,2.11,1.95,2.1,10.0,113.0,0.33399103515625,False,CALL,2026-06-18,BCS
BCS260618C00028000,28.0,1.55,1.5,1.65,1.0,124.0,0.32739930419921875,False,CALL,2026-06-18,BCS
BCS260618C00029000,29.0,1.15,1.15,1.3,2.0,219.0,0.3259344750976562,False,CALL,2026-06-18,BCS
BCS260618C00030000,30.0,1.0,0.85,1.0,1.0,290.0,0.3225165405273437,False,CALL,2026-06-18,BCS
BCS260618C00031000,31.0,0.7,0.65,0.75,5.0,85.0,0.3178779150390625,False,CALL,2026-06-18,BCS
BCS260618C00032000,32.0,0.55,0.45,0.6,1.0,252.0,0.3237372314453124,False,CALL,2026-06-18,BCS
BCS260618C00033000,33.0,0.32,0.35,0.45,,10.0,0.32227240234374993,False,CALL,2026-06-18,BCS
BCS260618P00019000,19.0,0.4,0.25,0.35,2.0,106.0,0.45606012695312503,False,PUT,2026-06-18,BCS
BCS260618P00020000,20.0,0.41,0.35,0.45,3.0,1969.0,0.43555251953125,False,PUT,2026-06-18,BCS
BCS260618P00021000,21.0,0.65,0.45,0.55,7.0,220.0,0.4101621484375,False,PUT,2026-06-18,BCS
BCS260618P00022000,22.0,0.8,0.6,0.7,2.0,67.0,0.39111937011718745,False,PUT,2026-06-18,BCS
BCS260618P00023000,23.0,0.85,0.75,0.9,1.0,56.0,0.3754945263671875,False,PUT,2026-06-18,BCS
BCS260618P00024000,24.0,1.05,1.05,1.15,2.0,65.0,0.3610903735351562,False,PUT,2026-06-18,BCS
BCS260618P00025000,25.0,1.31,1.35,1.45,1.0,315.0,0.3461979443359374,False,PUT,2026-06-18,BCS
BCS260618P00026000,26.0,1.69,1.7,1.85,1.0,64.0,0.33789724609375,False,PUT,2026-06-18,BCS
BCS260618P00027000,27.0,2.37,2.2,2.35,50.0,78.0,0.33447931152343746,True,PUT,2026-06-18,BCS
BCS260618P00028000,28.0,2.6,2.75,2.9,1.0,26.0,0.3276434423828125,True,PUT,2026-06-18,BCS
BCS260918C00021000,21.0,6.5,6.4,6.8,1.0,2.0,0.41309180664062495,True,CALL,2026-09-18,BCS
BCS260918C00029000,29.0,1.4,1.75,1.9,,2.0,0.3259344750976562,False,CALL,2026-09-18,BCS
BCS260918P00024000,24.0,1.67,1.5,1.65,,1.0,0.34961587890624996,False,PUT,2026-09-18,BCS
BCS260918P00025000,25.0,2.0,1.85,2.0,1.0,9.0,0.3393620751953125,False,PUT,2026-09-18,BCS
BCS270115C00020000,20.0,7.6,7.7,8.1,16.0,1953.0,0.42188078125,True,CALL,2027-01-15,BCS
BCS270115C00022000,22.0,6.12,6.2,6.6,6.0,1212.0,0.3969786865234375,True,CALL,2027-01-15,BCS
BCS270115C00025000,25.0,4.6,4.3,4.7,3.0,3151.0,0.37305314453125,True,CALL,2027-01-15,BCS
BCS270115C00030000,30.0,2.1,2.1,2.35,9.0,689.0,0.3393620751953125,False,CALL,2027-01-15,BCS
BCS270115P00020000,20.0,0.96,0.95,1.1,100.0,2061.0,0.3852600537109374,False,PUT,2027-01-15,BCS
BCS270115P00022000,22.0,1.42,1.4,1.55,4.0,2770.0,0.36035795898437495,False,PUT,2027-01-15,BCS
BCS270115P00025000,25.0,2.66,2.35,2.6,40.0,240.0,0.33765310791015624,False,PUT,2027-01-15,BCS
BCS270115P00030000,30.0,5.02,4.9,5.3,4.0,9.0,0.31055376953124997,True,PUT,2027-01-15,BCS
BCS280121C00020000,20.0,8.26,8.6,9.2,1.0,37.0,0.39893179199218753,True,CALL,2028-01-21,BCS
BCS280121C00022000,22.0,7.18,7.3,7.9,5.0,29.0,0.3842835009765625,True,CALL,2028-01-21,BCS
BCS280121C00025000,25.0,5.7,5.6,6.2,30.0,413.0,0.3673158972167969,True,CALL,2028-01-21,BCS
BCS280121C00027000,27.0,5.2,4.7,5.2,1.0,354.0,0.35632967895507806,False,CALL,2028-01-21,BCS
BCS280121C00030000,30.0,3.3,3.5,4.0,35.0,389.0,0.34705242797851554,False,CALL,2028-01-21,BCS
BCS280121P00020000,20.0,1.94,1.7,1.95,1.0,512.0,0.3529117443847656,False,PUT,2028-01-21,BCS
BCS280121P00022000,22.0,2.53,2.3,2.6,10.0,77.0,0.3398503515625,False,PUT,2028-01-21,BCS
BCS280121P00025000,25.0,3.5,3.4,3.7,50.0,72.0,0.31409377319335935,False,PUT,2028-01-21,BCS
BCS280121P00027000,27.0,4.9,4.3,4.7,,3.0,0.305671005859375,True,PUT,2028-01-21,BCS
BE260130C00108000,108.0,35.25,45.1,48.3,1.0,35.0,3.2109394726562495,True,CALL,2026-01-30,BE
BE260130C00109000,109.0,26.52,44.1,47.1,2.0,10.0,3.0615257836914065,True,CALL,2026-01-30,BE
BE260130C00110000,110.0,44.7,43.0,45.5,5.0,180.0,2.6660189599609376,True,CALL,2026-01-30,BE
BE260130C00111000,111.0,38.5,42.1,45.35,1.0,31.0,3.026369621582031,True,CALL,2026-01-30,BE
BE260130C00112000,112.0,28.44,41.1,44.05,7.0,32.0,2.843752890625,True,CALL,2026-01-30,BE
BE260130C00113000,113.0,48.46,40.1,43.2,1.0,105.0,2.836916970214843,True,CALL,2026-01-30,BE
BE260130C00114000,114.0,48.45,39.1,42.15,1.0,20.0,2.7519562451171877,True,CALL,2026-01-30,BE
BE260130C00115000,115.0,50.06,38.0,41.05,10.0,444.0,2.6113315966796877,True,CALL,2026-01-30,BE
BE260130C00116000,116.0,49.02,37.1,40.05,12.0,224.0,2.58594103515625,True,CALL,2026-01-30,BE
BE260130C00117000,117.0,35.55,36.9,38.55,11.0,82.0,2.6289096777343754,True,CALL,2026-01-30,BE
BE260130C00118000,118.0,43.8,35.0,37.55,10.0,49.0,2.216801333007812,True,CALL,2026-01-30,BE
BE260130C00119000,119.0,43.5,34.0,36.55,7.0,30.0,2.1582077294921875,True,CALL,2026-01-30,BE
BE260130C00120000,120.0,33.78,34.6,35.55,20.0,313.0,2.6455111987304694,True,CALL,2026-01-30,BE
BE260130C00121000,121.0,17.73,32.0,34.55,1.0,32.0,2.042973642578125,True,CALL,2026-01-30,BE
BE260130C00122000,122.0,21.37,31.0,33.55,1.0,165.0,1.9853516357421874,True,CALL,2026-01-30,BE
BE260130C00123000,123.0,27.72,30.0,32.55,30.0,41.0,1.927734736328125,True,CALL,2026-01-30,BE
BE260130C00124000,124.0,40.69,29.05,31.55,1.0,45.0,1.892578662109375,True,CALL,2026-01-30,BE
BE260130C00125000,125.0,27.0,28.15,31.25,4.0,305.0,2.1044969262695306,True,CALL,2026-01-30,BE
BE260130C00126000,126.0,34.95,27.15,29.6,1.0,7.0,1.8339852050781247,True,CALL,2026-01-30,BE
BE260130C00127000,127.0,36.6,26.2,28.55,1.0,19.0,1.7763683056640622,True,CALL,2026-01-30,BE
BE260130C00128000,128.0,25.48,25.2,28.3,2.0,8.0,1.9453127734375002,True,CALL,2026-01-30,BE
BE260130C00129000,129.0,33.5,24.2,27.35,39.0,21.0,1.896484892578125,True,CALL,2026-01-30,BE
BE260130C00130000,130.0,24.1,23.2,26.3,48.0,521.0,1.8212899560546876,True,CALL,2026-01-30,BE
BE260130C00131000,131.0,24.36,22.25,25.45,7.0,15.0,1.8085947070312498,True,CALL,2026-01-30,BE
BE260130C00132000,132.0,19.5,21.25,24.35,64.0,15.0,1.7216810791015624,True,CALL,2026-01-30,BE
BE260130C00133000,133.0,32.45,20.25,23.2,147.0,6.0,1.6220722021484375,True,CALL,2026-01-30,BE
BE260130C00134000,134.0,29.56,19.3,22.2,152.0,26.0,1.572267763671875,True,CALL,2026-01-30,BE
BE260130C00135000,135.0,19.7,18.25,21.25,57.0,305.0,1.5107446337890624,True,CALL,2026-01-30,BE
BE260130C00136000,136.0,26.71,17.35,20.5,70.0,50.0,1.5253929980468748,True,CALL,2026-01-30,BE
BE260130C00137000,137.0,25.57,16.4,18.75,72.0,17.0,1.3066440917968747,True,CALL,2026-01-30,BE
BE260130C00138000,138.0,16.23,15.45,17.9,1.0,40.0,1.291019169921875,True,CALL,2026-01-30,BE
BE260130C00139000,139.0,18.0,14.5,17.35,1.0,10.0,1.3320345898437496,True,CALL,2026-01-30,BE
BE260130C00140000,140.0,14.54,13.4,15.95,100.0,497.0,1.1679729101562502,True,CALL,2026-01-30,BE
BE260130C00141000,141.0,18.23,12.55,15.65,5.0,48.0,1.2656286718749998,True,CALL,2026-01-30,BE
BE260130C00142000,142.0,14.0,11.65,14.25,30.0,55.0,1.1460003637695313,True,CALL,2026-01-30,BE
BE260130C00143000,143.0,21.83,10.65,13.65,1.0,52.0,1.1474652001953123,True,CALL,2026-01-30,BE
BE260130C00144000,144.0,9.41,9.8,12.95,1.0,89.0,1.1489300366210937,True,CALL,2026-01-30,BE
BE260130C00145000,145.0,12.5,9.4,11.7,43.0,640.0,1.1284223266601563,True,CALL,2026-01-30,BE
BE260130C00146000,146.0,21.22,9.1,11.0,29.0,184.0,1.19141029296875,True,CALL,2026-01-30,BE
BE260130C00147000,147.0,10.25,8.45,10.3,2.0,168.0,1.1962930810546877,True,CALL,2026-01-30,BE
BE260130C00148000,148.0,8.4,8.1,9.15,23.0,210.0,1.175297092285156,True,CALL,2026-01-30,BE
BE260130C00149000,149.0,8.5,7.3,8.25,13.0,222.0,1.125004375,True,CALL,2026-01-30,BE
BE260130C00150000,150.0,6.4,6.6,7.6,272.0,1461.0,1.111332568359375,True,CALL,2026-01-30,BE
BE260130C00152500,152.5,5.18,4.9,5.9,52.0,639.0,1.0468797656250002,True,CALL,2026-01-30,BE
BE260130C00155000,155.0,4.01,3.75,4.35,285.0,1792.0,1.0166064794921876,False,CALL,2026-01-30,BE
BE260130C00157500,157.5,2.31,2.51,3.45,128.0,1382.0,1.0017139758300782,False,CALL,2026-01-30,BE
BE260130C00160000,160.0,2.05,1.76,2.35,511.0,1031.0,0.9711916943359374,False,CALL,2026-01-30,BE
BE260130C00162500,162.5,2.22,1.12,1.64,98.0,176.0,0.9521489160156249,False,CALL,2026-01-30,BE
BE260130C00165000,165.0,0.96,0.75,1.19,430.0,704.0,0.963867548828125,False,CALL,2026-01-30,BE
BE260130C00167500,167.5,0.67,0.6,0.85,209.0,102.0,0.9975586181640624,False,CALL,2026-01-30,BE
BE260130C00170000,170.0,0.42,0.26,0.6,313.0,1603.0,0.9707034179687499,False,CALL,2026-01-30,BE
BE260130C00172500,172.5,0.23,0.09,0.5,67.0,364.0,0.9863282617187501,False,CALL,2026-01-30,BE
BE260130C00175000,175.0,0.17,0.1,0.17,366.0,1943.0,0.9335944140625,False,CALL,2026-01-30,BE
BE260130C00177500,177.5,0.1,0.05,0.59,49.0,78.0,1.193363408203125,False,CALL,2026-01-30,BE
BE260130C00180000,180.0,0.08,0.04,0.13,414.0,638.0,1.01953615234375,False,CALL,2026-01-30,BE
BE260130C00182500,182.5,0.08,0.0,0.35,28.0,58.0,1.2265663671875,False,CALL,2026-01-30,BE
BE260130C00185000,185.0,0.06,0.02,0.08,95.0,675.0,1.0859420703125,False,CALL,2026-01-30,BE
BE260130C00187500,187.5,0.1,0.02,0.06,90.0,70.0,1.125004375,False,CALL,2026-01-30,BE
BE260130C00190000,190.0,0.04,0.02,0.1,151.0,250.0,1.2500037499999999,False,CALL,2026-01-30,BE
BE260130C00192500,192.5,0.13,0.0,0.14,32.0,44.0,1.3437532812499997,False,CALL,2026-01-30,BE
BE260130C00195000,195.0,0.02,0.02,0.26,16.0,252.0,1.5507834960937497,False,CALL,2026-01-30,BE
BE260130C00197500,197.5,0.03,0.01,0.08,14.0,64.0,1.3906280468749999,False,CALL,2026-01-30,BE
BE260130P00108000,108.0,0.1,0.0,0.15,1.0,85.0,2.0859422851562495,False,PUT,2026-01-30,BE
BE260130P00109000,109.0,0.15,0.0,0.2,12.0,72.0,2.1171922070312497,False,PUT,2026-01-30,BE
BE260130P00110000,110.0,0.02,0.01,0.06,31.0,333.0,1.8125009374999999,False,PUT,2026-01-30,BE
BE260130P00111000,111.0,0.14,0.0,0.26,3.0,96.0,2.0937547656249995,False,PUT,2026-01-30,BE
BE260130P00112000,112.0,0.05,0.0,0.57,2.0,36.0,2.3203166992187496,False,PUT,2026-01-30,BE
BE260130P00113000,113.0,0.03,0.0,0.27,30.0,84.0,2.003911240234375,False,PUT,2026-01-30,BE
BE260130P00114000,114.0,0.09,0.0,1.0,1.0,33.0,2.4570351074218753,False,PUT,2026-01-30,BE
BE260130P00115000,115.0,0.05,0.03,0.09,32.0,641.0,1.703126484375,False,PUT,2026-01-30,BE
BE260130P00116000,116.0,0.12,0.0,0.97,10.0,142.0,2.3242229394531244,False,PUT,2026-01-30,BE
BE260130P00117000,117.0,0.07,0.0,1.1,1.0,102.0,2.3242229394531244,False,PUT,2026-01-30,BE
BE260130P00118000,118.0,0.18,0.01,0.19,10.0,396.0,1.6796891015625,False,PUT,2026-01-30,BE
BE260130P00119000,119.0,0.05,0.0,0.82,5.0,257.0,2.076176684570312,False,PUT,2026-01-30,BE
BE260130P00120000,120.0,0.1,0.07,0.1,103.0,727.0,1.5507834960937497,False,PUT,2026-01-30,BE
BE260130P00121000,121.0,0.08,0.0,0.35,5.0,114.0,1.681642216796875,False,PUT,2026-01-30,BE
BE260130P00122000,122.0,0.08,0.1,0.22,8.0,117.0,1.609376953125,False,PUT,2026-01-30,BE
BE260130P00123000,123.0,0.18,0.05,0.18,26.0,165.0,1.48047134765625,False,PUT,2026-01-30,BE
BE260130P00124000,124.0,0.08,0.05,0.13,4.0,135.0,1.3828155859374998,False,PUT,2026-01-30,BE
BE260130P00125000,125.0,0.1,0.07,0.12,62.0,1115.0,1.3476595117187498,False,PUT,2026-01-30,BE
BE260130P00126000,126.0,0.15,0.08,0.15,15.0,123.0,1.3398470507812497,False,PUT,2026-01-30,BE
BE260130P00127000,127.0,0.15,0.08,0.21,218.0,755.0,1.3437532812499997,False,PUT,2026-01-30,BE
BE260130P00128000,128.0,0.12,0.1,0.15,24.0,406.0,1.2656286718749998,False,PUT,2026-01-30,BE
BE260130P00129000,129.0,0.13,0.11,0.21,6.0,170.0,1.2734411328124997,False,PUT,2026-01-30,BE
BE260130P00130000,130.0,0.21,0.11,0.25,74.0,964.0,1.2500037499999999,False,PUT,2026-01-30,BE
BE260130P00131000,131.0,0.01,0.02,0.33,2.0,232.0,1.197269638671875,False,PUT,2026-01-30,BE
BE260130P00132000,132.0,0.1,0.13,0.19,42.0,326.0,1.1308637207031251,False,PUT,2026-01-30,BE
BE260130P00133000,133.0,0.18,0.05,0.18,61.0,316.0,1.0234423828125,False,PUT,2026-01-30,BE
BE260130P00134000,134.0,0.27,0.16,0.38,14.0,171.0,1.1484417578125,False,PUT,2026-01-30,BE
BE260130P00135000,135.0,0.29,0.2,0.4,98.0,970.0,1.123051259765625,False,PUT,2026-01-30,BE
BE260130P00136000,136.0,0.25,0.2,0.32,19.0,289.0,1.0390673046875003,False,PUT,2026-01-30,BE
BE260130P00137000,137.0,0.25,0.2,0.35,20.0,158.0,1.0009815576171874,False,PUT,2026-01-30,BE
BE260130P00138000,138.0,0.3,0.2,0.42,10.0,627.0,0.9765627343750001,False,PUT,2026-01-30,BE
BE260130P00139000,139.0,0.42,0.2,0.75,37.0,235.0,1.0273486132812502,False,PUT,2026-01-30,BE
BE260130P00140000,140.0,0.56,0.4,0.65,312.0,1232.0,0.99804689453125,False,PUT,2026-01-30,BE
BE260130P00141000,141.0,0.65,0.38,0.99,12.0,272.0,1.017583037109375,False,PUT,2026-01-30,BE
BE260130P00142000,142.0,0.71,0.52,0.9,33.0,588.0,0.9687503125,False,PUT,2026-01-30,BE
BE260130P00143000,143.0,1.16,0.45,1.18,4.0,163.0,0.9501958105468749,False,PUT,2026-01-30,BE
BE260130P00144000,144.0,1.07,0.7,1.39,42.0,157.0,0.9707034179687499,False,PUT,2026-01-30,BE
BE260130P00145000,145.0,1.26,0.85,1.6,294.0,407.0,0.9633792724609375,False,PUT,2026-01-30,BE
BE260130P00146000,146.0,1.39,1.0,1.76,32.0,112.0,0.9414068359375,False,PUT,2026-01-30,BE
BE260130P00147000,147.0,1.3,1.26,1.52,402.0,233.0,0.8720715917968749,False,PUT,2026-01-30,BE
BE260130P00148000,148.0,2.07,1.35,2.12,354.0,111.0,0.8920909228515624,False,PUT,2026-01-30,BE
BE260130P00149000,149.0,2.39,1.57,2.49,34.0,72.0,0.8881847119140623,False,PUT,2026-01-30,BE
BE260130P00150000,150.0,2.1,1.88,2.49,696.0,996.0,0.8422867333984375,False,PUT,2026-01-30,BE
BE260130P00152500,152.5,3.1,2.63,3.2,116.0,362.0,0.7778342529296876,False,PUT,2026-01-30,BE
BE260130P00155000,155.0,4.5,3.75,5.25,1149.0,1325.0,0.8466812207031249,True,PUT,2026-01-30,BE
BE260130P00157500,157.5,6.2,5.15,7.2,42.0,192.0,0.8803722900390624,True,PUT,2026-01-30,BE
BE260130P00160000,160.0,9.0,6.75,9.3,450.0,516.0,0.9072274902343749,True,PUT,2026-01-30,BE
BE260130P00162500,162.5,9.3,8.65,10.6,471.0,172.0,0.805666005859375,True,PUT,2026-01-30,BE
BE260130P00165000,165.0,10.5,9.9,13.05,41.0,287.0,0.657229990234375,True,PUT,2026-01-30,BE
BE260130P00170000,170.0,15.36,14.25,17.35,39.0,48.0,1.2763708056640621,True,PUT,2026-01-30,BE
BE260130P00172500,172.5,18.16,17.2,19.7,1.0,1.0,1.3378939355468746,True,PUT,2026-01-30,BE
BE260130P00175000,175.0,20.44,19.0,22.1,6.0,16.0,1.4072295263671877,True,PUT,2026-01-30,BE
BE260130P00180000,180.0,23.0,23.85,27.05,5.0,52.0,1.5937520312499998,True,PUT,2026-01-30,BE
BE260130P00185000,185.0,33.05,29.05,31.95,4.0,18.0,1.736329443359375,True,PUT,2026-01-30,BE
BE260130P00190000,190.0,36.5,34.55,37.0,5.0,0.0,1.9492190039062502,True,PUT,2026-01-30,BE
BE260206C00108000,108.0,32.9,45.9,48.75,1.0,1.0,1.7197279638671876,True,CALL,2026-02-06,BE
BE260206C00109000,109.0,55.8,44.95,48.05,2.0,1.0,1.7338880493164064,True,CALL,2026-02-06,BE
BE260206C00110000,110.0,55.0,44.0,47.35,16.0,124.0,1.7446301831054685,True,CALL,2026-02-06,BE
BE260206C00111000,111.0,41.31,43.05,45.95,3.0,1.0,1.6625993432617188,True,CALL,2026-02-06,BE
BE260206C00112000,112.0,51.65,42.15,45.25,1.0,11.0,1.6787125439453123,True,CALL,2026-02-06,BE
BE260206C00113000,113.0,34.22,41.25,44.55,1.0,3.0,1.691896071777344,True,CALL,2026-02-06,BE
BE260206C00114000,114.0,48.12,40.35,43.65,1.0,10.0,1.6787125439453123,True,CALL,2026-02-06,BE
BE260206C00115000,115.0,49.5,39.4,42.3,2.0,65.0,1.6079121166992185,True,CALL,2026-02-06,BE
BE260206C00116000,116.0,49.83,38.55,41.35,11.0,11.0,1.5947285888671874,True,CALL,2026-02-06,BE
BE260206C00117000,117.0,48.86,37.65,40.75,11.0,13.0,1.6137714624023438,True,CALL,2026-02-06,BE
BE260206C00118000,118.0,37.04,36.75,39.2,1.0,8.0,1.5288109497070312,True,CALL,2026-02-06,BE
BE260206C00119000,119.0,24.45,35.7,38.7,1.0,2.0,1.541017919921875,True,CALL,2026-02-06,BE
BE260206C00120000,120.0,35.71,34.85,38.05,5.0,89.0,1.5551780053710935,True,CALL,2026-02-06,BE
BE260206C00121000,121.0,28.5,34.0,36.7,1.0,5.0,1.4987818029785154,True,CALL,2026-02-06,BE
BE260206C00122000,122.0,25.02,33.15,36.4,1.0,15.0,1.543215174560547,True,CALL,2026-02-06,BE
BE260206C00123000,123.0,34.51,32.3,35.0,6.0,33.0,1.4829127416992187,True,CALL,2026-02-06,BE
BE260206C00124000,124.0,22.34,31.5,34.65,2.0,103.0,1.5217309069824214,True,CALL,2026-02-06,BE
BE260206C00125000,125.0,32.55,30.65,33.4,12.0,155.0,1.4751002807617186,True,CALL,2026-02-06,BE
BE260206C00126000,126.0,18.0,29.85,32.6,1.0,3.0,1.4711940502929686,True,CALL,2026-02-06,BE
BE260206C00127000,127.0,17.35,29.05,31.8,2.0,5.0,1.4660671228027344,True,CALL,2026-02-06,BE
BE260206C00128000,128.0,21.1,28.25,31.1,1.0,11.0,1.4672878198242185,True,CALL,2026-02-06,BE
BE260206C00129000,129.0,16.2,27.5,30.35,1.0,3.0,1.466799541015625,True,CALL,2026-02-06,BE
BE260206C00130000,130.0,28.05,26.75,29.9,4.0,721.0,1.4868189721679688,True,CALL,2026-02-06,BE
BE260206C00131000,131.0,20.49,26.0,28.85,1.0,7.0,1.4609401953124999,True,CALL,2026-02-06,BE
BE260206C00132000,132.0,35.26,25.25,27.95,1.0,18.0,1.445559412841797,True,CALL,2026-02-06,BE
BE260206C00133000,133.0,33.83,24.6,27.45,1.0,3.0,1.4636257287597654,True,CALL,2026-02-06,BE
BE260206C00134000,134.0,13.55,23.85,26.4,1.0,8.0,1.435549697265625,True,CALL,2026-02-06,BE
BE260206C00135000,135.0,24.31,23.75,25.7,10.0,108.0,1.472903026123047,True,CALL,2026-02-06,BE
BE260206C00136000,136.0,25.4,22.8,25.2,4.0,14.0,1.4655788439941406,True,CALL,2026-02-06,BE
BE260206C00137000,137.0,16.35,22.05,24.65,4.0,15.0,1.4663112622070313,True,CALL,2026-02-06,BE
BE260206C00138000,138.0,28.5,21.45,23.3,8.0,76.0,1.425539981689453,True,CALL,2026-02-06,BE
BE260206C00139000,139.0,19.1,20.5,23.4,310.0,300.0,1.4514187585449219,True,CALL,2026-02-06,BE
BE260206C00140000,140.0,20.76,20.25,21.9,3.0,161.0,1.4213896118164064,True,CALL,2026-02-06,BE
BE260206C00141000,141.0,19.8,19.3,21.7,1.0,54.0,1.4262723999023437,True,CALL,2026-02-06,BE
BE260206C00142000,142.0,21.25,19.1,21.6,1.0,34.0,1.478518232421875,True,CALL,2026-02-06,BE
BE260206C00143000,143.0,19.72,18.6,20.7,2.0,61.0,1.4653347045898437,True,CALL,2026-02-06,BE
BE260206C00144000,144.0,20.2,17.95,19.55,4.0,313.0,1.4284696545410154,True,CALL,2026-02-06,BE
BE260206C00145000,145.0,18.07,17.8,19.2,24.0,907.0,1.4636257287597654,True,CALL,2026-02-06,BE
BE260206C00146000,146.0,17.57,17.55,18.35,29.0,59.0,1.4636257287597654,True,CALL,2026-02-06,BE
BE260206C00147000,147.0,17.5,16.75,18.15,8.0,59.0,1.4677760986328123,True,CALL,2026-02-06,BE
BE260206C00148000,148.0,17.55,16.1,17.95,6.0,68.0,1.4787623718261718,True,CALL,2026-02-06,BE
BE260206C00149000,149.0,21.0,15.85,17.1,4.0,58.0,1.4748561413574217,True,CALL,2026-02-06,BE
BE260206C00150000,150.0,15.54,15.65,16.3,1429.0,573.0,1.4751002807617186,True,CALL,2026-02-06,BE
BE260206C00152500,152.5,14.5,13.9,15.4,30.0,145.0,1.4626491711425782,True,CALL,2026-02-06,BE
BE260206C00155000,155.0,13.4,12.85,13.85,127.0,290.0,1.445559412841797,False,CALL,2026-02-06,BE
BE260206C00157500,157.5,12.55,11.6,13.3,7.0,90.0,1.4630153802490233,False,CALL,2026-02-06,BE
BE260206C00160000,160.0,12.11,10.95,11.7,220.0,244.0,1.4499539221191409,False,CALL,2026-02-06,BE
BE260206C00162500,162.5,10.35,9.95,11.1,151.0,111.0,1.4641140075683592,False,CALL,2026-02-06,BE
BE260206C00165000,165.0,9.74,9.3,10.0,774.0,2050.0,1.4638698681640623,False,CALL,2026-02-06,BE
BE260206C00167500,167.5,8.9,8.45,8.95,529.0,72.0,1.4489773645019532,False,CALL,2026-02-06,BE
BE260206C00170000,170.0,7.85,7.75,8.4,356.0,372.0,1.4628933105468749,False,CALL,2026-02-06,BE
BE260206C00172500,172.5,7.99,6.85,7.55,8.0,34.0,1.443362158203125,False,CALL,2026-02-06,BE
BE260206C00175000,175.0,6.6,6.25,7.05,52.0,530.0,1.4541042919921874,False,CALL,2026-02-06,BE
BE260206C00177500,177.5,6.12,5.55,6.45,27.0,38.0,1.4477566674804687,False,CALL,2026-02-06,BE
BE260206C00180000,180.0,5.29,5.1,5.65,146.0,219.0,1.4382352307128907,False,CALL,2026-02-06,BE
BE260206C00182500,182.5,5.37,4.55,5.95,44.0,7.0,1.4858424145507811,False,CALL,2026-02-06,BE
BE260206C00185000,185.0,4.47,4.15,4.8,142.0,72.0,1.4460476916503908,False,CALL,2026-02-06,BE
BE260206C00187500,187.5,6.18,3.5,4.25,5.0,8.0,1.4213896118164064,False,CALL,2026-02-06,BE
BE260206C00190000,190.0,3.55,3.35,3.7,53.0,196.0,1.4257841210937499,False,CALL,2026-02-06,BE
BE260206C00195000,195.0,3.06,2.45,3.55,11.0,96.0,1.4480008068847656,False,CALL,2026-02-06,BE
BE260206C00197500,197.5,4.87,2.24,2.83,2.0,10.0,1.4189482177734376,False,CALL,2026-02-06,BE
BE260206P00108000,108.0,0.4,0.0,1.13,28.0,75.0,1.36328443359375,False,PUT,2026-02-06,BE
BE260206P00109000,109.0,0.73,0.49,0.98,17.0,128.0,1.4091826416015625,False,PUT,2026-02-06,BE
BE260206P00110000,110.0,0.86,0.54,1.03,54.0,168.0,1.3984405078125,False,PUT,2026-02-06,BE
BE260206P00111000,111.0,1.2,0.49,1.2,18.0,48.0,1.390139768066406,False,PUT,2026-02-06,BE
BE260206P00112000,112.0,1.03,0.78,1.57,30.0,83.0,1.470705771484375,False,PUT,2026-02-06,BE
BE260206P00113000,113.0,1.22,0.83,1.33,9.0,87.0,1.408206083984375,False,PUT,2026-02-06,BE
BE260206P00114000,114.0,1.19,0.85,1.54,16.0,384.0,1.4121123144531251,False,PUT,2026-02-06,BE
BE260206P00115000,115.0,1.21,0.97,1.59,55.0,731.0,1.404299853515625,False,PUT,2026-02-06,BE
BE260206P00116000,116.0,1.34,1.23,3.45,5.0,47.0,1.6328143359374998,False,PUT,2026-02-06,BE
BE260206P00117000,117.0,1.33,1.35,4.0,5.0,56.0,1.6674821313476564,False,PUT,2026-02-06,BE
BE260206P00118000,118.0,1.59,1.47,1.73,14.0,172.0,1.3906280468749999,False,PUT,2026-02-06,BE
BE260206P00119000,119.0,1.78,1.61,4.1,62.0,48.0,1.6289081054687498,False,PUT,2026-02-06,BE
BE260206P00120000,120.0,1.98,1.72,2.25,37.0,306.0,1.4121123144531251,False,PUT,2026-02-06,BE
BE260206P00121000,121.0,1.57,1.54,2.51,23.0,634.0,1.386233537597656,False,PUT,2026-02-06,BE
BE260206P00122000,122.0,2.16,1.96,3.0,18.0,35.0,1.4448269946289063,False,PUT,2026-02-06,BE
BE260206P00123000,123.0,2.31,2.09,2.73,23.0,127.0,1.3952666955566406,False,PUT,2026-02-06,BE
BE260206P00124000,124.0,3.01,2.25,2.64,19.0,30.0,1.3664582458496093,False,PUT,2026-02-06,BE
BE260206P00125000,125.0,2.87,2.49,3.25,104.0,329.0,1.4091826416015625,False,PUT,2026-02-06,BE
BE260206P00126000,126.0,3.0,2.69,3.2,18.0,23.0,1.3857452587890622,False,PUT,2026-02-06,BE
BE260206P00127000,127.0,3.15,2.85,3.3,204.0,653.0,1.371341033935547,False,PUT,2026-02-06,BE
BE260206P00128000,128.0,3.65,3.05,3.65,1.0,402.0,1.3798859130859373,False,PUT,2026-02-06,BE
BE260206P00129000,129.0,3.54,3.35,3.7,3.0,31.0,1.3701203369140624,False,PUT,2026-02-06,BE
BE260206P00130000,130.0,4.19,3.55,4.1,93.0,352.0,1.3786652160644528,False,PUT,2026-02-06,BE
BE260206P00131000,131.0,4.45,3.85,4.55,5.0,34.0,1.3959991137695313,False,PUT,2026-02-06,BE
BE260206P00132000,132.0,4.83,4.1,4.75,33.0,24.0,1.3891632104492184,False,PUT,2026-02-06,BE
BE260206P00133000,133.0,5.4,4.35,4.85,3.0,11.0,1.3740265673828125,False,PUT,2026-02-06,BE
BE260206P00134000,134.0,5.15,4.65,5.25,27.0,27.0,1.3818390283203121,False,PUT,2026-02-06,BE
BE260206P00135000,135.0,5.36,5.0,5.35,108.0,236.0,1.37109689453125,False,PUT,2026-02-06,BE
BE260206P00136000,136.0,6.1,5.25,6.3,13.0,25.0,1.408206083984375,False,PUT,2026-02-06,BE
BE260206P00137000,137.0,6.2,5.6,6.5,12.0,63.0,1.4006377624511717,False,PUT,2026-02-06,BE
BE260206P00138000,138.0,6.3,5.95,6.85,18.0,119.0,1.4013701806640624,False,PUT,2026-02-06,BE
BE260206P00139000,139.0,6.65,6.35,7.2,11.0,71.0,1.4035674353027345,False,PUT,2026-02-06,BE
BE260206P00140000,140.0,7.2,6.65,7.3,192.0,199.0,1.3830597253417967,False,PUT,2026-02-06,BE
BE260206P00141000,141.0,8.07,7.0,7.5,18.0,40.0,1.3708527551269531,False,PUT,2026-02-06,BE
BE260206P00142000,142.0,8.2,7.4,8.45,13.0,87.0,1.4038115747070314,False,PUT,2026-02-06,BE
BE260206P00143000,143.0,8.59,7.75,8.8,4.0,430.0,1.3974639501953123,False,PUT,2026-02-06,BE
BE260206P00144000,144.0,7.16,8.2,8.85,10.0,134.0,1.378421076660156,False,PUT,2026-02-06,BE
BE260206P00145000,145.0,9.29,8.6,9.1,55.0,652.0,1.3667023852539062,False,PUT,2026-02-06,BE
BE260206P00146000,146.0,9.92,9.0,9.55,2.0,320.0,1.3649934094238283,False,PUT,2026-02-06,BE
BE260206P00147000,147.0,10.48,9.55,10.1,15.0,103.0,1.3757355432128904,False,PUT,2026-02-06,BE
BE260206P00148000,148.0,9.82,10.0,11.15,5.0,132.0,1.406497108154297,False,PUT,2026-02-06,BE
BE260206P00149000,149.0,11.48,10.45,12.05,4.0,55.0,1.4272489575195313,False,PUT,2026-02-06,BE
BE260206P00150000,150.0,11.83,10.95,11.35,107.0,680.0,1.3640168518066407,False,PUT,2026-02-06,BE
BE260206P00152500,152.5,13.11,12.25,12.9,24.0,138.0,1.3791534948730466,False,PUT,2026-02-06,BE
BE260206P00155000,155.0,13.9,13.4,15.5,123.0,78.0,1.4331083032226561,True,PUT,2026-02-06,BE
BE260206P00157500,157.5,16.25,14.9,15.35,28.0,28.0,1.3544954150390622,True,PUT,2026-02-06,BE
BE260206P00160000,160.0,19.05,16.3,17.4,66.0,125.0,1.3776886584472656,True,PUT,2026-02-06,BE
BE260206P00162500,162.5,18.23,17.85,19.0,222.0,518.0,1.378176937255859,True,PUT,2026-02-06,BE
BE260206P00165000,165.0,21.84,19.25,21.05,119.0,17.0,1.387576304321289,True,PUT,2026-02-06,BE
BE260206P00170000,170.0,16.95,22.65,23.35,6.0,36.0,1.320071759033203,True,PUT,2026-02-06,BE
BE260206P00180000,180.0,30.75,29.85,32.15,21.0,5.0,1.3640168518066407,True,PUT,2026-02-06,BE
BE260206P00185000,185.0,28.84,33.8,36.5,2.0,4.0,1.372561730957031,True,PUT,2026-02-06,BE
BE260206P00187500,187.5,48.15,35.65,38.45,2.0,2.0,1.343265002441406,True,PUT,2026-02-06,BE
BE260206P00190000,190.0,44.0,37.7,40.55,,1.0,1.3320345898437496,True,PUT,2026-02-06,BE
BE260206P00192500,192.5,55.1,40.1,42.7,2.0,2.0,1.3466829541015621,True,PUT,2026-02-06,BE
BE260206P00195000,195.0,48.75,42.15,44.85,,1.0,1.3271518017578123,True,PUT,2026-02-06,BE
BE260213C00108000,108.0,36.34,47.0,50.05,2.0,12.0,1.5219750463867183,True,CALL,2026-02-13,BE
BE260213C00109000,109.0,35.47,46.15,49.2,4.0,4.0,1.517580537109375,True,CALL,2026-02-13,BE
BE260213C00110000,110.0,46.85,45.25,47.6,7.0,73.0,1.445803552246094,True,CALL,2026-02-13,BE
BE260213C00111000,111.0,33.87,44.35,47.45,5.0,6.0,1.4946314331054684,True,CALL,2026-02-13,BE
BE260213C00112000,112.0,36.37,43.35,46.55,4.0,5.0,1.47265888671875,True,CALL,2026-02-13,BE
BE260213C00115000,115.0,52.4,40.85,43.85,6.0,47.0,1.4426297399902346,True,CALL,2026-02-13,BE
BE260213C00116000,116.0,29.93,40.0,43.0,2.0,7.0,1.4338407214355469,True,CALL,2026-02-13,BE
BE260213C00117000,117.0,29.22,39.2,41.85,4.0,7.0,1.4069853869628908,True,CALL,2026-02-13,BE
BE260213C00118000,118.0,36.0,38.35,41.05,2.0,7.0,1.4006377624511717,True,CALL,2026-02-13,BE
BE260213C00119000,119.0,46.19,37.55,40.25,1.0,6.0,1.3969756713867185,True,CALL,2026-02-13,BE
BE260213C00120000,120.0,37.5,36.8,39.3,2.0,61.0,1.3857452587890622,True,CALL,2026-02-13,BE
BE260213C00121000,121.0,26.12,35.95,39.1,9.0,11.0,1.414553708496094,True,CALL,2026-02-13,BE
BE260213C00122000,122.0,25.37,35.15,37.9,4.0,9.0,1.3833038647460936,True,CALL,2026-02-13,BE
BE260213C00123000,123.0,35.54,34.4,36.95,1.0,2.0,1.3701203369140624,True,CALL,2026-02-13,BE
BE260213C00124000,124.0,34.59,33.65,36.75,1.0,2.0,1.3999053442382814,True,CALL,2026-02-13,BE
BE260213C00125000,125.0,35.0,32.9,36.3,1.0,39.0,1.4128447326660156,True,CALL,2026-02-13,BE
BE260213C00126000,126.0,25.3,32.25,34.75,,1.0,1.3696320581054686,True,CALL,2026-02-13,BE
BE260213C00128000,128.0,33.53,30.7,33.8,10.0,1.0,1.3852569799804684,True,CALL,2026-02-13,BE
BE260213C00130000,130.0,31.14,29.6,31.85,4.0,110.0,1.3681672216796876,True,CALL,2026-02-13,BE
BE260213C00133000,133.0,25.57,27.2,30.0,2.0,3.0,1.3531526483154297,True,CALL,2026-02-13,BE
BE260213C00134000,134.0,26.59,26.45,29.6,6.0,3.0,1.359378203125,True,CALL,2026-02-13,BE
BE260213C00135000,135.0,28.1,25.65,29.05,6.0,141.0,1.354983693847656,True,CALL,2026-02-13,BE
BE260213C00136000,136.0,23.47,25.05,27.0,12.0,5.0,1.289920542602539,True,CALL,2026-02-13,BE
BE260213C00138000,138.0,25.0,24.35,26.3,6.0,29.0,1.337405656738281,True,CALL,2026-02-13,BE
BE260213C00139000,139.0,22.63,23.8,25.8,4.0,7.0,1.3433870721435544,True,CALL,2026-02-13,BE
BE260213C00140000,140.0,25.06,23.1,25.55,11.0,145.0,1.3526643695068359,True,CALL,2026-02-13,BE
BE260213C00141000,141.0,21.24,22.5,24.45,3.0,3.0,1.3286166381835933,True,CALL,2026-02-13,BE
BE260213C00142000,142.0,21.5,22.05,23.95,1.0,7.0,1.3361849597167965,True,CALL,2026-02-13,BE
BE260213C00143000,143.0,27.13,21.15,22.8,4.0,26.0,1.2962681671142577,True,CALL,2026-02-13,BE
BE260213C00144000,144.0,25.67,21.55,23.3,1.0,7.0,1.3796417736816404,True,CALL,2026-02-13,BE
BE260213C00145000,145.0,21.34,20.65,22.35,4.0,93.0,1.3468050238037106,True,CALL,2026-02-13,BE
BE260213C00146000,146.0,18.3,19.85,21.65,6.0,10.0,1.3281283593749997,True,CALL,2026-02-13,BE
BE260213C00147000,147.0,23.68,19.1,21.4,6.0,18.0,1.3292269866943356,True,CALL,2026-02-13,BE
BE260213C00148000,148.0,18.25,19.0,20.55,6.0,55.0,1.3315463110351557,True,CALL,2026-02-13,BE
BE260213C00150000,150.0,20.5,18.3,19.6,81.0,134.0,1.3438753509521482,True,CALL,2026-02-13,BE
BE260213C00152500,152.5,18.4,17.0,19.5,2.0,11.0,1.3808624707031247,True,CALL,2026-02-13,BE
BE260213C00155000,155.0,16.52,16.4,17.55,18.0,88.0,1.3678010125732423,False,CALL,2026-02-13,BE
BE260213C00157500,157.5,16.1,14.85,15.8,22.0,7.0,1.3212924560546875,False,CALL,2026-02-13,BE
BE260213C00160000,160.0,15.33,13.8,14.85,57.0,107.0,1.3212924560546875,False,CALL,2026-02-13,BE
BE260213C00162500,162.5,16.89,12.85,14.25,2.0,22.0,1.3345980535888666,False,CALL,2026-02-13,BE
BE260213C00165000,165.0,13.25,12.35,13.2,11.0,88.0,1.3438753509521482,False,CALL,2026-02-13,BE
BE260213C00167500,167.5,12.07,11.0,12.6,3.0,41.0,1.333743565673828,False,CALL,2026-02-13,BE
BE260213C00170000,170.0,11.35,10.3,11.6,3.0,178.0,1.329349056396484,False,CALL,2026-02-13,BE
BE260213C00175000,175.0,9.27,8.8,10.3,7.0,119.0,1.333743565673828,False,CALL,2026-02-13,BE
BE260213C00180000,180.0,9.23,8.4,8.4,12.0,92.0,1.3452181176757811,False,CALL,2026-02-13,BE
BE260213C00185000,185.0,7.08,6.15,7.7,13.0,125.0,1.31482276184082,False,CALL,2026-02-13,BE
BE260213C00190000,190.0,8.3,5.25,6.6,10.0,73.0,1.3127475769042967,False,CALL,2026-02-13,BE
BE260213C00195000,195.0,6.98,4.4,5.4,1.0,33.0,1.2949254003906248,False,CALL,2026-02-13,BE
BE260213P00108000,108.0,1.44,1.54,2.45,2.0,50.0,1.3833038647460936,False,PUT,2026-02-13,BE
BE260213P00109000,109.0,2.06,0.2,2.2,26.0,18.0,1.18359783203125,False,PUT,2026-02-13,BE
BE260213P00110000,110.0,2.05,1.88,2.6,43.0,99.0,1.3740265673828125,False,PUT,2026-02-13,BE
BE260213P00111000,111.0,2.13,2.0,2.4,9.0,20.0,1.3386263537597651,False,PUT,2026-02-13,BE
BE260213P00112000,112.0,1.25,2.07,3.7,42.0,30.0,1.4272489575195313,False,PUT,2026-02-13,BE
BE260213P00113000,113.0,2.52,2.24,2.8,2.0,53.0,1.3383822143554682,False,PUT,2026-02-13,BE
BE260213P00114000,114.0,2.77,2.45,2.99,26.0,74.0,1.342776723632812,False,PUT,2026-02-13,BE
BE260213P00115000,115.0,2.78,2.51,3.0,9.0,74.0,1.319827619628906,False,PUT,2026-02-13,BE
BE260213P00116000,116.0,3.0,2.65,3.15,18.0,22.0,1.3137241345214843,False,PUT,2026-02-13,BE
BE260213P00117000,117.0,3.25,2.74,3.25,18.0,33.0,1.2993199096679686,False,PUT,2026-02-13,BE
BE260213P00118000,118.0,3.3,3.0,3.65,24.0,42.0,1.3183627832031248,False,PUT,2026-02-13,BE
BE260213P00119000,119.0,3.49,3.1,4.3,1.0,28.0,1.3410677478027342,False,PUT,2026-02-13,BE
BE260213P00120000,120.0,3.65,3.4,4.0,26.0,83.0,1.3112827404785152,False,PUT,2026-02-13,BE
BE260213P00121000,121.0,3.88,3.65,4.1,22.0,13.0,1.3044468371582028,False,PUT,2026-02-13,BE
BE260213P00122000,122.0,2.51,3.2,4.6,50.0,19.0,1.2778356420898436,False,PUT,2026-02-13,BE
BE260213P00123000,123.0,4.76,3.95,4.5,501.0,74.0,1.288821915283203,False,PUT,2026-02-13,BE
BE260213P00124000,124.0,4.63,4.25,4.65,15.0,16.0,1.2858922424316406,False,PUT,2026-02-13,BE
BE260213P00125000,125.0,5.09,4.6,5.45,17.0,56.0,1.3227572924804685,False,PUT,2026-02-13,BE
BE260213P00126000,126.0,5.25,4.85,5.55,3.0,5.0,1.3115268798828121,False,PUT,2026-02-13,BE
BE260213P00127000,127.0,5.7,5.1,6.0,2.0,6.0,1.3188510620117184,False,PUT,2026-02-13,BE
BE260213P00128000,128.0,6.3,5.35,6.85,1.0,18.0,1.3461946752929683,False,PUT,2026-02-13,BE
BE260213P00129000,129.0,6.0,5.6,6.3,4.0,14.0,1.2978550732421872,False,PUT,2026-02-13,BE
BE260213P00130000,130.0,7.0,5.85,6.9,18.0,238.0,1.3098179040527342,False,PUT,2026-02-13,BE
BE260213P00131000,131.0,4.05,4.7,7.0,8.0,18.0,1.2232704852294922,False,PUT,2026-02-13,BE
BE260213P00132000,132.0,4.49,6.1,6.85,11.0,21.0,1.2546423986816406,False,PUT,2026-02-13,BE
BE260213P00133000,133.0,5.25,6.0,8.25,2.0,10.0,1.2857701727294921,False,PUT,2026-02-13,BE
BE260213P00134000,134.0,5.99,6.85,9.25,2.0,6.0,1.3408236083984373,False,PUT,2026-02-13,BE
BE260213P00135000,135.0,8.2,7.45,8.45,26.0,76.0,1.2968785156249998,False,PUT,2026-02-13,BE
BE260213P00136000,136.0,6.45,7.0,9.35,1.0,19.0,1.2834508483886715,False,PUT,2026-02-13,BE
BE260213P00137000,137.0,8.8,8.2,9.45,3.0,8.0,1.3082309979248044,False,PUT,2026-02-13,BE
BE260213P00138000,138.0,5.75,8.55,9.25,12.0,20.0,1.27966668762207,False,PUT,2026-02-13,BE
BE260213P00139000,139.0,6.23,8.85,9.2,4.0,10.0,1.2553748168945313,False,PUT,2026-02-13,BE
BE260213P00140000,140.0,9.6,9.25,9.6,21.0,54.0,1.2548865380859375,False,PUT,2026-02-13,BE
BE260213P00141000,141.0,7.77,9.65,10.3,1.0,8.0,1.2664831597900388,False,PUT,2026-02-13,BE
BE260213P00142000,142.0,10.7,10.05,11.5,30.0,15.0,1.2982212823486325,False,PUT,2026-02-13,BE
BE260213P00143000,143.0,9.36,10.55,11.2,1.0,16.0,1.2692907629394528,False,PUT,2026-02-13,BE
BE260213P00144000,144.0,9.85,10.9,12.2,1.0,25.0,1.2882115667724607,False,PUT,2026-02-13,BE
BE260213P00145000,145.0,12.3,11.4,12.55,15.0,16.0,1.2851598242187499,False,PUT,2026-02-13,BE
BE260213P00146000,146.0,11.66,11.8,12.35,3.0,9.0,1.2546423986816406,False,PUT,2026-02-13,BE
BE260213P00147000,147.0,13.15,12.3,13.1,3.0,8.0,1.2664831597900388,False,PUT,2026-02-13,BE
BE260213P00150000,150.0,15.77,13.7,15.45,1.0,41.0,1.2963902368164062,False,PUT,2026-02-13,BE
BE260213P00155000,155.0,18.6,16.35,18.25,7.0,40.0,1.2977330035400387,True,PUT,2026-02-13,BE
BE260213P00160000,160.0,20.6,19.1,20.25,3.0,27.0,1.2535437713623045,True,PUT,2026-02-13,BE
BE260213P00165000,165.0,16.67,22.15,22.7,16.0,11.0,1.220707021484375,True,PUT,2026-02-13,BE
BE260213P00180000,180.0,39.75,32.55,33.55,2.0,5.0,1.2095986785888668,True,PUT,2026-02-13,BE
BE260220C00110000,110.0,47.1,45.8,48.95,5.0,1642.0,1.3342318444824213,True,CALL,2026-02-20,BE
BE260220C00115000,115.0,43.08,41.8,43.6,5.0,1644.0,1.2448768225097653,True,CALL,2026-02-20,BE
BE260220C00120000,120.0,38.35,37.9,39.6,29.0,3487.0,1.2292519006347655,True,CALL,2026-02-20,BE
BE260220C00125000,125.0,36.42,34.0,35.95,9.0,3473.0,1.2131386999511715,True,CALL,2026-02-20,BE
BE260220C00130000,130.0,31.66,30.85,32.9,25.0,2844.0,1.2373085009765623,True,CALL,2026-02-20,BE
BE260220C00135000,135.0,29.31,27.95,29.05,369.0,3748.0,1.2189980456542968,True,CALL,2026-02-20,BE
BE260220C00136000,136.0,36.99,26.95,29.1,19.0,2515.0,1.2286415521240235,True,CALL,2026-02-20,BE
BE260220C00137000,137.0,32.4,26.5,28.8,3.0,2.0,1.2448768225097653,True,CALL,2026-02-20,BE
BE260220C00138000,138.0,31.05,25.55,27.9,2.0,3101.0,1.2193642547607422,True,CALL,2026-02-20,BE
BE260220C00139000,139.0,32.9,25.15,27.5,1.0,7.0,1.232181573486328,True,CALL,2026-02-20,BE
BE260220C00140000,140.0,25.83,25.25,26.95,164.0,11634.0,1.2565955139160154,True,CALL,2026-02-20,BE
BE260220C00141000,141.0,31.5,24.15,26.35,6.0,81.0,1.2352333160400388,True,CALL,2026-02-20,BE
BE260220C00142000,142.0,23.25,24.4,25.65,13.0,225.0,1.2578162109375,True,CALL,2026-02-20,BE
BE260220C00143000,143.0,30.0,23.25,24.75,1.0,15.0,1.2233925549316407,True,CALL,2026-02-20,BE
BE260220C00144000,144.0,22.7,22.9,24.0,11.0,1077.0,1.2219277185058592,True,CALL,2026-02-20,BE
BE260220C00145000,145.0,23.0,22.7,23.95,25.0,10535.0,1.2491492620849607,True,CALL,2026-02-20,BE
BE260220C00146000,146.0,23.1,22.25,23.45,7.0,4.0,1.2513465167236328,True,CALL,2026-02-20,BE
BE260220C00147000,147.0,26.71,21.2,23.4,3.0,14.0,1.2479285650634764,True,CALL,2026-02-20,BE
BE260220C00148000,148.0,23.6,21.5,22.75,2.0,32.0,1.2691686932373043,True,CALL,2026-02-20,BE
BE260220C00149000,149.0,25.25,20.75,22.2,3.0,22.0,1.2578162109375,True,CALL,2026-02-20,BE
BE260220C00150000,150.0,20.29,20.25,21.2,612.0,13309.0,1.2392616162109373,True,CALL,2026-02-20,BE
BE260220C00152500,152.5,18.9,19.15,20.45,13.0,229.0,1.2540320501708984,True,CALL,2026-02-20,BE
BE260220C00155000,155.0,17.7,18.1,18.95,1055.0,1612.0,1.2421912890624998,False,CALL,2026-02-20,BE
BE260220C00157500,157.5,18.65,17.0,17.65,5.0,106.0,1.2320595037841795,False,CALL,2026-02-20,BE
BE260220C00160000,160.0,16.2,16.2,16.95,317.0,4183.0,1.2480506347656248,False,CALL,2026-02-20,BE
BE260220C00162500,162.5,14.8,15.05,16.2,77.0,81.0,1.2479285650634764,False,CALL,2026-02-20,BE
BE260220C00165000,165.0,14.2,14.05,14.6,649.0,2515.0,1.2219277185058592,False,CALL,2026-02-20,BE
BE260220C00170000,170.0,12.65,12.4,13.2,50.0,3539.0,1.2312050158691408,False,CALL,2026-02-20,BE
BE260220C00172500,172.5,11.75,11.55,12.0,4.0,28.0,1.2141152575683591,False,CALL,2026-02-20,BE
BE260220C00175000,175.0,11.13,10.55,11.7,51.0,1281.0,1.2192421850585937,False,CALL,2026-02-20,BE
BE260220C00180000,180.0,9.75,9.5,9.95,482.0,22119.0,1.2148476757812499,False,CALL,2026-02-20,BE
BE260220C00185000,185.0,8.95,8.3,9.0,11.0,466.0,1.2230263458251953,False,CALL,2026-02-20,BE
BE260220C00190000,190.0,7.7,7.3,7.65,74.0,383.0,1.214359396972656,False,CALL,2026-02-20,BE
BE260220C00195000,195.0,6.73,6.35,6.9,4.0,228.0,1.2211953002929685,False,CALL,2026-02-20,BE
BE260220P00110000,110.0,2.8,2.43,2.8,140.0,1475.0,1.2016641479492187,False,PUT,2026-02-20,BE
BE260220P00115000,115.0,3.47,3.25,3.65,59.0,1534.0,1.1887247595214845,False,PUT,2026-02-20,BE
BE260220P00120000,120.0,4.46,4.25,4.65,110.0,1538.0,1.175052952880859,False,PUT,2026-02-20,BE
BE260220P00125000,125.0,5.69,5.3,5.95,116.0,1549.0,1.1602825189208985,False,PUT,2026-02-20,BE
BE260220P00130000,130.0,7.5,6.95,7.4,28.0,1631.0,1.1606487280273439,False,PUT,2026-02-20,BE
BE260220P00135000,135.0,9.01,8.75,9.45,32.0,1349.0,1.171268792114258,False,PUT,2026-02-20,BE
BE260220P00136000,136.0,10.1,9.1,10.15,2.0,40.0,1.1816447167968749,False,PUT,2026-02-20,BE
BE260220P00137000,137.0,6.55,9.5,10.45,6.0,32.0,1.1779826257324215,False,PUT,2026-02-20,BE
BE260220P00138000,138.0,10.3,9.9,10.3,15.0,21.0,1.1568645672607423,False,PUT,2026-02-20,BE
BE260220P00139000,139.0,11.75,10.3,12.75,15.0,23.0,1.230716737060547,False,PUT,2026-02-20,BE
BE260220P00140000,140.0,11.16,10.7,11.25,65.0,1706.0,1.1594280310058593,False,PUT,2026-02-20,BE
BE260220P00141000,141.0,9.55,11.15,12.3,2.0,40.0,1.18201092590332,False,PUT,2026-02-20,BE
BE260220P00142000,142.0,9.76,11.55,14.15,3.0,32.0,1.2299843188476562,False,PUT,2026-02-20,BE
BE260220P00143000,143.0,13.0,12.0,13.05,11.0,71.0,1.174686743774414,False,PUT,2026-02-20,BE
BE260220P00144000,144.0,10.6,12.45,13.9,1.0,17.0,1.1875040625,False,PUT,2026-02-20,BE
BE260220P00145000,145.0,13.18,12.9,13.7,2533.0,649.0,1.1633342614746094,False,PUT,2026-02-20,BE
BE260220P00146000,146.0,14.0,13.35,14.0,2.0,507.0,1.156010079345703,False,PUT,2026-02-20,BE
BE260220P00147000,147.0,11.58,13.8,16.5,1.0,27.0,1.2227822064208984,False,PUT,2026-02-20,BE
BE260220P00148000,148.0,12.15,14.55,16.0,2.0,36.0,1.1970254992675784,False,PUT,2026-02-20,BE
BE260220P00149000,149.0,15.6,14.75,16.4,1.0,506.0,1.1827433441162107,False,PUT,2026-02-20,BE
BE260220P00150000,150.0,16.14,15.35,15.9,55.0,267.0,1.1512493609619139,False,PUT,2026-02-20,BE
BE260220P00152500,152.5,17.37,16.6,17.3,5.0,59.0,1.1505169427490234,False,PUT,2026-02-20,BE
BE260220P00155000,155.0,18.26,18.1,19.0,25.0,95.0,1.1640666796875,True,PUT,2026-02-20,BE
BE260220P00157500,157.5,21.45,19.55,21.2,17.0,226.0,1.188602689819336,True,PUT,2026-02-20,BE
BE260220P00160000,160.0,21.8,21.05,21.55,28.0,542.0,1.151005221557617,True,PUT,2026-02-20,BE
BE260220P00162500,162.5,24.44,22.55,24.95,5.0,13.0,1.20935453918457,True,PUT,2026-02-20,BE
BE260220P00165000,165.0,24.94,23.85,25.15,14.0,147.0,1.1539348944091798,True,PUT,2026-02-20,BE
BE260220P00170000,170.0,22.55,27.35,29.5,2.0,66.0,1.1920206414794923,True,PUT,2026-02-20,BE
BE260220P00175000,175.0,32.25,31.05,31.65,2.0,50.0,1.1519817791748046,True,PUT,2026-02-20,BE
BE260220P00180000,180.0,28.5,34.45,36.9,8.0,26.0,1.1960489416503908,True,PUT,2026-02-20,BE
BE260220P00185000,185.0,49.9,37.9,38.9,2.0,23.0,1.1157270776367185,True,PUT,2026-02-20,BE
BE260220P00190000,190.0,44.8,41.7,43.35,8.0,93.0,1.1248823052978516,True,PUT,2026-02-20,BE
BE260220P00195000,195.0,77.4,90.05,92.9,,0.0,4.143925718536378,True,PUT,2026-02-20,BE
BE260227C00108000,108.0,55.25,48.5,51.7,1.0,1.0,1.2951695397949217,True,CALL,2026-02-27,BE
BE260227C00109000,109.0,32.8,47.7,50.4,4.0,8.0,1.2656286718749998,True,CALL,2026-02-27,BE
BE260227C00110000,110.0,34.56,46.85,50.05,1.0,3.0,1.2839391271972653,True,CALL,2026-02-27,BE
BE260227C00111000,111.0,38.93,46.05,49.25,1.0,3.0,1.2800328967285153,True,CALL,2026-02-27,BE
BE260227C00112000,112.0,32.28,45.25,48.0,,1.0,1.253421701660156,True,CALL,2026-02-27,BE
BE260227C00113000,113.0,42.85,44.45,47.65,,2.0,1.2707555993652342,True,CALL,2026-02-27,BE
BE260227C00114000,114.0,25.6,43.65,46.35,,1.0,1.241703010253906,True,CALL,2026-02-27,BE
BE260227C00115000,115.0,44.6,42.85,45.4,3.0,11.0,1.2292519006347655,True,CALL,2026-02-27,BE
BE260227C00119000,119.0,34.0,39.8,42.45,1.0,2.0,1.2209511608886716,True,CALL,2026-02-27,BE
BE260227C00120000,120.0,39.21,39.1,42.15,18.0,225.0,1.2382850585937497,True,CALL,2026-02-27,BE
BE260227C00123000,123.0,34.9,37.05,39.5,2.0,7.0,1.2153359545898437,True,CALL,2026-02-27,BE
BE260227C00124000,124.0,36.05,36.15,39.3,3.0,3.0,1.2251015307617186,True,CALL,2026-02-27,BE
BE260227C00125000,125.0,45.0,35.55,38.2,2.0,106.0,1.2109414453124998,True,CALL,2026-02-27,BE
BE260227C00129000,129.0,32.68,33.15,35.65,4.0,9.0,1.2189980456542968,True,CALL,2026-02-27,BE
BE260227C00130000,130.0,33.65,32.0,34.95,3.0,53.0,1.1977579174804687,True,CALL,2026-02-27,BE
BE260227C00131000,131.0,42.02,31.3,34.35,1.0,2.0,1.1958048022460939,True,CALL,2026-02-27,BE
BE260227C00132000,132.0,24.9,30.9,33.9,2.0,0.0,1.2086221209716796,True,CALL,2026-02-27,BE
BE260227C00133000,133.0,22.27,30.3,32.75,2.0,3.0,1.190067526245117,True,CALL,2026-02-27,BE
BE260227C00134000,134.0,24.55,30.25,32.1,1.0,3.0,1.206546936035156,True,CALL,2026-02-27,BE
BE260227C00135000,135.0,29.8,29.4,30.95,2.0,249.0,1.1790812530517576,True,CALL,2026-02-27,BE
BE260227C00140000,140.0,25.9,26.1,28.95,1.0,581.0,1.1898233868408201,True,CALL,2026-02-27,BE
BE260227C00141000,141.0,27.95,25.95,28.05,1.0,7.0,1.1906778747558593,True,CALL,2026-02-27,BE
BE260227C00142000,142.0,33.35,24.9,28.1,1.0,193.0,1.192508920288086,True,CALL,2026-02-27,BE
BE260227C00143000,143.0,32.34,24.4,26.5,21.0,55.0,1.1600383795166016,True,CALL,2026-02-27,BE
BE260227C00144000,144.0,32.95,24.5,26.3,2.0,10.0,1.1883585504150391,True,CALL,2026-02-27,BE
BE260227C00145000,145.0,23.0,23.45,26.15,11.0,69.0,1.1826212744140623,True,CALL,2026-02-27,BE
BE260227C00146000,146.0,21.33,23.1,24.8,1.0,28.0,1.161503215942383,True,CALL,2026-02-27,BE
BE260227C00147000,147.0,31.0,22.8,24.95,2.0,59.0,1.1864054351806639,True,CALL,2026-02-27,BE
BE260227C00148000,148.0,20.49,22.1,24.25,1.0,3.0,1.1733439770507812,True,CALL,2026-02-27,BE
BE260227C00149000,149.0,19.75,21.5,24.1,3.0,5.0,1.179203322753906,True,CALL,2026-02-27,BE
BE260227C00150000,150.0,22.0,21.5,22.95,17.0,337.0,1.1728556982421874,True,CALL,2026-02-27,BE
BE260227C00155000,155.0,19.84,19.25,20.85,22.0,73.0,1.1751750225830075,False,CALL,2026-02-27,BE
BE260227C00160000,160.0,18.47,17.05,18.35,10.0,96.0,1.1568645672607423,False,CALL,2026-02-27,BE
BE260227C00162500,162.5,18.8,16.25,17.95,36.0,15.0,1.1765177893066405,False,CALL,2026-02-27,BE
BE260227C00165000,165.0,16.4,16.05,17.05,51.0,88.0,1.196659290161133,False,CALL,2026-02-27,BE
BE260227C00167500,167.5,14.78,14.5,15.9,7.0,3.0,1.168827398071289,False,CALL,2026-02-27,BE
BE260227C00170000,170.0,14.0,13.65,15.0,28.0,107.0,1.1657756555175784,False,CALL,2026-02-27,BE
BE260227C00175000,175.0,12.62,12.0,13.4,6.0,334.0,1.1599163098144532,False,CALL,2026-02-27,BE
BE260227C00180000,180.0,12.64,10.9,12.0,1.0,189.0,1.167362561645508,False,CALL,2026-02-27,BE
BE260227C00185000,185.0,10.83,9.2,10.8,6.0,33.0,1.1546673126220701,False,CALL,2026-02-27,BE
BE260227C00190000,190.0,8.4,8.6,11.1,10.0,301.0,1.2153359545898437,False,CALL,2026-02-27,BE
BE260227C00195000,195.0,12.15,7.55,8.5,4.0,43.0,1.1635784008789063,False,CALL,2026-02-27,BE
BE260227P00108000,108.0,3.94,2.49,4.85,1.0,17.0,1.22266013671875,False,PUT,2026-02-27,BE
BE260227P00109000,109.0,2.82,2.71,4.95,2.0,22.0,1.2175332092285154,False,PUT,2026-02-27,BE
BE260227P00110000,110.0,3.6,3.3,4.05,48.0,159.0,1.1772502075195312,False,PUT,2026-02-27,BE
BE260227P00111000,111.0,3.61,2.82,3.85,1.0,13.0,1.1164594958496092,False,PUT,2026-02-27,BE
BE260227P00112000,112.0,3.0,3.65,5.95,4.0,29.0,1.2490271923828122,False,PUT,2026-02-27,BE
BE260227P00113000,113.0,4.46,2.8,6.0,3.0,35.0,1.1848185290527344,False,PUT,2026-02-27,BE
BE260227P00114000,114.0,3.57,4.05,5.7,3.0,9.0,1.2085000512695312,False,PUT,2026-02-27,BE
BE260227P00115000,115.0,5.0,4.3,5.6,4.0,56.0,1.1918985717773438,False,PUT,2026-02-27,BE
BE260227P00116000,116.0,4.14,3.5,6.1,2.0,37.0,1.1539348944091798,False,PUT,2026-02-27,BE
BE260227P00117000,117.0,4.1,4.75,7.45,3.0,16.0,1.2491492620849607,False,PUT,2026-02-27,BE
BE260227P00118000,118.0,5.69,4.95,5.85,3.0,12.0,1.1622356341552735,False,PUT,2026-02-27,BE
BE260227P00119000,119.0,4.75,5.0,5.95,3.0,4.0,1.1450238061523437,False,PUT,2026-02-27,BE
BE260227P00120000,120.0,5.92,5.45,5.95,18.0,63.0,1.1408734362792967,False,PUT,2026-02-27,BE
BE260227P00121000,121.0,6.24,5.75,6.4,5.0,12.0,1.1489300366210937,False,PUT,2026-02-27,BE
BE260227P00122000,122.0,6.55,5.95,6.8,20.0,18.0,1.1496624548339844,False,PUT,2026-02-27,BE
BE260227P00123000,123.0,8.77,6.3,8.95,2.0,5.0,1.2257118792724608,False,PUT,2026-02-27,BE
BE260227P00124000,124.0,4.97,5.65,8.1,4.0,14.0,1.1411175756835936,False,PUT,2026-02-27,BE
BE260227P00125000,125.0,7.25,6.65,7.85,21.0,75.0,1.1457562243652344,False,PUT,2026-02-27,BE
BE260227P00126000,126.0,7.4,7.2,9.6,1.0,13.0,1.2083779815673827,False,PUT,2026-02-27,BE
BE260227P00127000,127.0,6.08,7.55,9.55,4.0,25.0,1.1936075476074217,False,PUT,2026-02-27,BE
BE260227P00128000,128.0,6.85,7.85,8.4,1.0,14.0,1.1364789270019533,False,PUT,2026-02-27,BE
BE260227P00129000,129.0,10.45,8.25,8.7,6.0,20.0,1.1366009967041018,False,PUT,2026-02-27,BE
BE260227P00130000,130.0,8.97,8.05,10.0,7.0,300.0,1.1502728033447265,False,PUT,2026-02-27,BE
BE260227P00131000,131.0,12.41,8.25,10.35,14.0,8.0,1.143681039428711,False,PUT,2026-02-27,BE
BE260227P00132000,132.0,13.25,8.95,11.85,8.0,9.0,1.1936075476074217,False,PUT,2026-02-27,BE
BE260227P00133000,133.0,10.43,9.4,10.85,2.0,6.0,1.147953479003906,False,PUT,2026-02-27,BE
BE260227P00134000,134.0,10.53,9.85,11.1,9.0,8.0,1.1447796667480468,False,PUT,2026-02-27,BE
BE260227P00135000,135.0,8.5,10.3,11.85,4.0,47.0,1.1579631945800783,False,PUT,2026-02-27,BE
BE260227P00136000,136.0,12.0,10.3,11.9,7.0,20.0,1.1323285571289063,False,PUT,2026-02-27,BE
BE260227P00137000,137.0,8.7,10.0,11.9,1.0,23.0,1.0952193676757815,False,PUT,2026-02-27,BE
BE260227P00138000,138.0,12.9,11.15,12.2,1.0,10.0,1.1148725897216798,False,PUT,2026-02-27,BE
BE260227P00139000,139.0,15.24,11.3,13.45,6.0,10.0,1.1318402783203125,False,PUT,2026-02-27,BE
BE260227P00140000,140.0,13.46,12.3,15.0,4.0,91.0,1.1839640411376953,False,PUT,2026-02-27,BE
BE260227P00141000,141.0,10.72,12.8,14.1,2.0,27.0,1.142826551513672,False,PUT,2026-02-27,BE
BE260227P00142000,142.0,17.46,13.25,14.7,52.0,33.0,1.1464886425781249,False,PUT,2026-02-27,BE
BE260227P00143000,143.0,11.05,13.35,15.55,2.0,53.0,1.1466107122802733,False,PUT,2026-02-27,BE
BE260227P00144000,144.0,14.57,14.2,15.4,6.0,10.0,1.138676181640625,False,PUT,2026-02-27,BE
BE260227P00145000,145.0,15.3,14.65,15.5,7.0,38.0,1.1257367932128908,False,PUT,2026-02-27,BE
BE260227P00146000,146.0,19.85,15.1,15.7,2.0,16.0,1.1154829382324216,False,PUT,2026-02-27,BE
BE260227P00147000,147.0,12.61,15.6,17.25,1.0,11.0,1.1465496774291992,False,PUT,2026-02-27,BE
BE260227P00148000,148.0,13.78,16.1,18.4,1.0,2.0,1.1649211676025393,False,PUT,2026-02-27,BE
BE260227P00150000,150.0,17.88,17.05,18.95,15.0,85.0,1.14685485168457,False,PUT,2026-02-27,BE
BE260227P00152500,152.5,19.05,18.05,19.05,3.0,13.0,1.0998580163574219,False,PUT,2026-02-27,BE
BE260227P00155000,155.0,21.0,19.7,20.55,4.0,93.0,1.1095015228271485,True,PUT,2026-02-27,BE
BE260227P00160000,160.0,24.0,22.55,23.35,7.0,23.0,1.1016890618896487,True,PUT,2026-02-27,BE
BE260227P00165000,165.0,26.5,25.9,27.4,2.0,16.0,1.1329389056396486,True,PUT,2026-02-27,BE
BE260227P00170000,170.0,36.5,28.55,29.95,6.0,6.0,1.0913131372070315,True,PUT,2026-02-27,BE
BE260227P00175000,175.0,34.79,32.2,34.3,1.0,78.0,1.120854005126953,True,PUT,2026-02-27,BE
BE260227P00180000,180.0,34.2,35.75,38.5,1.0,2.0,1.1348920208740236,True,PUT,2026-02-27,BE
BE260227P00185000,185.0,42.38,39.45,42.2,1.0,2.0,1.1303754418945315,True,PUT,2026-02-27,BE
BE260227P00190000,190.0,52.84,43.25,46.1,1.0,1.0,1.1270795599365235,True,PUT,2026-02-27,BE
BE260227P00195000,195.0,56.0,47.15,50.0,1.0,0.0,1.1190229595947265,True,PUT,2026-02-27,BE
BE260306C00125000,125.0,46.02,36.95,39.55,4.0,3.0,1.1838419714355468,True,CALL,2026-03-06,BE
BE260306C00131000,131.0,29.99,33.1,35.8,1.0,1.0,1.1779826257324215,True,CALL,2026-03-06,BE
BE260306C00132000,132.0,41.05,33.25,35.15,1.0,3.0,1.1987344750976563,True,CALL,2026-03-06,BE
BE260306C00135000,135.0,38.81,30.5,33.35,1.0,6.0,1.16565358581543,True,CALL,2026-03-06,BE
BE260306C00140000,140.0,35.83,27.75,31.0,1.0,16.0,1.1757853710937498,True,CALL,2026-03-06,BE
BE260306C00141000,141.0,20.55,27.0,29.75,3.0,0.0,1.1490521063232422,True,CALL,2026-03-06,BE
BE260306C00144000,144.0,31.0,25.5,28.25,1.0,7.0,1.15076108215332,True,CALL,2026-03-06,BE
BE260306C00145000,145.0,26.25,25.35,27.5,1.0,139.0,1.1532024761962891,True,CALL,2026-03-06,BE
BE260306C00146000,146.0,32.0,24.5,27.05,2.0,4.0,1.144352422790527,True,CALL,2026-03-06,BE
BE260306C00148000,148.0,29.65,23.55,26.05,1.0,1.0,1.1431927606201173,True,CALL,2026-03-06,BE
BE260306C00150000,150.0,29.85,22.6,25.0,1.0,10.0,1.1391644604492188,True,CALL,2026-03-06,BE
BE260306C00152500,152.5,23.3,21.7,24.0,10.0,26.0,1.1478314093017576,True,CALL,2026-03-06,BE
BE260306C00162500,162.5,24.63,17.65,19.9,26.0,8.0,1.1451458758544921,False,CALL,2026-03-06,BE
BE260306C00175000,175.0,16.49,13.7,16.5,4.0,15.0,1.1695598162841796,False,CALL,2026-03-06,BE
BE260306C00185000,185.0,11.88,11.2,13.45,2.0,2.0,1.1663860040283203,False,CALL,2026-03-06,BE
BE260306C00190000,190.0,11.67,10.0,11.4,4.0,105.0,1.1417279241943359,False,CALL,2026-03-06,BE
BE260306C00195000,195.0,12.35,9.6,10.45,2.0,3.0,1.1637004705810547,False,CALL,2026-03-06,BE
BE260306P00110000,110.0,4.62,4.1,4.9,9.0,21.0,1.1401410180664064,False,PUT,2026-03-06,BE
BE260306P00115000,115.0,5.25,5.15,5.7,6.0,11.0,1.1137739624023437,False,PUT,2026-03-06,BE
BE260306P00120000,120.0,6.58,5.95,7.2,10.0,31.0,1.0947310888671877,False,PUT,2026-03-06,BE
BE260306P00131000,131.0,11.15,10.1,12.4,2.0,1.0,1.1519817791748046,False,PUT,2026-03-06,BE
BE260306P00132000,132.0,10.0,10.5,12.0,2.0,4.0,1.1272016296386718,False,PUT,2026-03-06,BE
BE260306P00135000,135.0,12.15,11.3,12.55,3.0,2.0,1.0933883221435547,False,PUT,2026-03-06,BE
BE260306P00136000,136.0,15.72,11.95,13.2,6.0,1.0,1.106571849975586,False,PUT,2026-03-06,BE
BE260306P00137000,137.0,10.3,12.05,13.35,3.0,5.0,1.088505534057617,False,PUT,2026-03-06,BE
BE260306P00138000,138.0,12.9,11.7,14.55,1.0,105.0,1.0876510461425783,False,PUT,2026-03-06,BE
BE260306P00139000,139.0,13.1,13.0,15.75,1.0,108.0,1.133305114746094,False,PUT,2026-03-06,BE
BE260306P00141000,141.0,20.1,13.5,16.85,1.0,2.0,1.1256147235107423,False,PUT,2026-03-06,BE
BE260306P00142000,142.0,21.35,14.6,16.65,5.0,5.0,1.1240278173828124,False,PUT,2026-03-06,BE
BE260306P00143000,143.0,16.2,15.15,17.1,2.0,1.0,1.1247602355957032,False,PUT,2026-03-06,BE
BE260306P00144000,144.0,14.5,15.65,17.0,3.0,7.0,1.1087080697631837,False,PUT,2026-03-06,BE
BE260306P00146000,146.0,13.2,16.35,17.5,39.0,21.0,1.0866744885253907,False,PUT,2026-03-06,BE
BE260306P00149000,149.0,23.1,18.2,20.1,2.0,2.0,1.1218305627441407,False,PUT,2026-03-06,BE
BE260306P00150000,150.0,15.2,18.75,20.75,11.0,6.0,1.125004375,False,PUT,2026-03-06,BE
BE260306P00157500,157.5,28.2,22.0,24.85,,1.0,1.0938766009521486,True,PUT,2026-03-06,BE
BE260306P00195000,195.0,56.75,48.7,49.7,2.0,1.0,1.045170789794922,True,PUT,2026-03-06,BE
BE260320C00110000,110.0,51.35,50.05,52.6,22.0,3933.0,1.197269638671875,True,CALL,2026-03-20,BE
BE260320C00115000,115.0,59.0,46.5,48.6,55.0,1503.0,1.174076395263672,True,CALL,2026-03-20,BE
BE260320C00120000,120.0,44.7,43.8,45.75,11.0,3334.0,1.203128984375,True,CALL,2026-03-20,BE
BE260320C00125000,125.0,45.76,39.8,42.4,2.0,1386.0,1.1687053283691409,True,CALL,2026-03-20,BE
BE260320C00130000,130.0,39.3,36.8,38.7,6.0,2593.0,1.1460003637695313,True,CALL,2026-03-20,BE
BE260320C00135000,135.0,34.5,34.1,36.45,5.0,1757.0,1.1605266583251954,True,CALL,2026-03-20,BE
BE260320C00140000,140.0,33.8,31.7,33.1,16.0,7569.0,1.1464886425781249,True,CALL,2026-03-20,BE
BE260320C00145000,145.0,30.06,28.95,31.2,13.0,2507.0,1.1512493609619139,True,CALL,2026-03-20,BE
BE260320C00150000,150.0,28.2,27.5,28.85,52.0,3462.0,1.1677287707519532,True,CALL,2026-03-20,BE
BE260320C00155000,155.0,25.65,25.45,26.5,65.0,1383.0,1.1635784008789063,False,CALL,2026-03-20,BE
BE260320C00160000,160.0,24.2,23.05,23.95,337.0,1135.0,1.1411175756835936,False,CALL,2026-03-20,BE
BE260320C00165000,165.0,21.6,21.0,22.7,14.0,563.0,1.1489300366210937,False,CALL,2026-03-20,BE
BE260320C00170000,170.0,20.22,19.25,20.85,81.0,1020.0,1.1445355273437499,False,CALL,2026-03-20,BE
BE260320C00175000,175.0,18.5,18.05,18.7,367.0,528.0,1.1401410180664064,False,CALL,2026-03-20,BE
BE260320C00180000,180.0,16.7,16.45,17.5,58.0,1197.0,1.142582412109375,False,CALL,2026-03-20,BE
BE260320C00185000,185.0,15.55,15.2,15.85,4.0,636.0,1.1380658331298827,False,CALL,2026-03-20,BE
BE260320C00190000,190.0,14.4,13.85,15.2,48.0,1301.0,1.1490521063232422,False,CALL,2026-03-20,BE
BE260320C00195000,195.0,14.25,12.75,13.9,5.0,836.0,1.14685485168457,False,CALL,2026-03-20,BE
BE260320P00110000,110.0,6.52,6.1,7.0,8.0,1125.0,1.1267133508300784,False,PUT,2026-03-20,BE
BE260320P00115000,115.0,7.78,7.25,8.0,5.0,434.0,1.0996138769531252,False,PUT,2026-03-20,BE
BE260320P00120000,120.0,9.8,9.1,9.65,33.0,1298.0,1.106571849975586,False,PUT,2026-03-20,BE
BE260320P00125000,125.0,11.69,10.85,11.4,2.0,820.0,1.1021773406982425,False,PUT,2026-03-20,BE
BE260320P00130000,130.0,13.58,12.8,13.7,6.0,388.0,1.1082808258056642,False,PUT,2026-03-20,BE
BE260320P00135000,135.0,15.38,14.8,15.3,9.0,228.0,1.088505534057617,False,PUT,2026-03-20,BE
BE260320P00140000,140.0,18.15,17.05,18.1,18.0,1538.0,1.096562134399414,False,PUT,2026-03-20,BE
BE260320P00145000,145.0,19.97,19.5,20.05,9.0,884.0,1.08087617767334,False,PUT,2026-03-20,BE
BE260320P00150000,150.0,23.2,22.05,23.7,13.0,362.0,1.0991255981445316,False,PUT,2026-03-20,BE
BE260320P00155000,155.0,25.6,24.95,25.45,54.0,75.0,1.0750778668212893,True,PUT,2026-03-20,BE
BE260320P00160000,160.0,29.35,27.85,30.45,4.0,494.0,1.1162153564453123,True,PUT,2026-03-20,BE
BE260320P00165000,165.0,32.49,30.9,31.6,31.0,255.0,1.0696457650756837,True,PUT,2026-03-20,BE
BE260320P00170000,170.0,35.3,34.1,35.95,10.0,293.0,1.0903365795898439,True,PUT,2026-03-20,BE
BE260320P00175000,175.0,34.89,37.45,38.35,1.0,31.0,1.0658616043090823,True,PUT,2026-03-20,BE
BE260320P00180000,180.0,35.37,40.65,43.3,14.0,102.0,1.088749673461914,True,PUT,2026-03-20,BE
BE260320P00185000,185.0,39.5,44.5,47.15,1.0,23.0,1.0969283435058594,True,PUT,2026-03-20,BE
BE260320P00190000,190.0,45.6,48.2,49.2,10.0,16.0,1.0556687841796877,True,PUT,2026-03-20,BE
BE260320P00195000,195.0,54.6,52.0,54.55,1.0,6.0,1.087895185546875,True,PUT,2026-03-20,BE
BE260417C00110000,110.0,55.0,53.5,56.65,2.0,168.0,1.1638835751342773,True,CALL,2026-04-17,BE
BE260417C00115000,115.0,50.5,51.1,53.35,1.0,223.0,1.1760905453491208,True,CALL,2026-04-17,BE
BE260417C00120000,120.0,49.14,48.0,49.75,10.0,414.0,1.1569866369628907,True,CALL,2026-04-17,BE
BE260417C00125000,125.0,44.35,44.25,46.95,6.0,353.0,1.1366009967041018,True,CALL,2026-04-17,BE
BE260417C00130000,130.0,49.52,41.15,43.5,4.0,280.0,1.111881882019043,True,CALL,2026-04-17,BE
BE260417C00135000,135.0,38.56,38.9,41.45,10.0,219.0,1.1281781872558594,True,CALL,2026-04-17,BE
BE260417C00140000,140.0,40.76,36.5,39.2,2.0,258.0,1.131168894958496,True,CALL,2026-04-17,BE
BE260417C00145000,145.0,35.9,34.35,35.95,6.0,306.0,1.1148115548706055,True,CALL,2026-04-17,BE
BE260417C00150000,150.0,33.37,32.75,33.8,22.0,428.0,1.1247602355957032,True,CALL,2026-04-17,BE
BE260417C00155000,155.0,31.02,30.75,31.7,48.0,367.0,1.1234785037231445,False,CALL,2026-04-17,BE
BE260417C00160000,160.0,30.0,28.2,30.1,9.0,205.0,1.1171308792114258,False,CALL,2026-04-17,BE
BE260417C00165000,165.0,27.25,26.4,28.25,26.0,328.0,1.1157881124877926,False,CALL,2026-04-17,BE
BE260417C00170000,170.0,25.3,24.85,26.15,38.0,515.0,1.1106611849975585,False,CALL,2026-04-17,BE
BE260417C00175000,175.0,24.1,23.45,24.9,429.0,1062.0,1.1194502035522458,False,CALL,2026-04-17,BE
BE260417C00180000,180.0,22.7,22.15,23.2,11.0,259.0,1.1187788201904298,False,CALL,2026-04-17,BE
BE260417C00185000,185.0,21.8,20.2,23.0,2.0,171.0,1.1298871630859377,False,CALL,2026-04-17,BE
BE260417C00190000,190.0,20.5,18.95,20.7,3.0,101.0,1.1132246487426758,False,CALL,2026-04-17,BE
BE260417C00195000,195.0,18.73,17.55,18.95,5.0,84.0,1.1005904345703126,False,CALL,2026-04-17,BE
BE260417P00110000,110.0,9.6,8.6,9.9,12.0,445.0,1.0557908538818361,False,PUT,2026-04-17,BE
BE260417P00115000,115.0,9.52,11.1,12.0,66.0,203.0,1.0836227459716798,False,PUT,2026-04-17,BE
BE260417P00120000,120.0,13.15,12.9,13.55,24.0,2878.0,1.071110601501465,False,PUT,2026-04-17,BE
BE260417P00125000,125.0,13.49,14.55,15.55,2.0,200.0,1.0595750146484377,False,PUT,2026-04-17,BE
BE260417P00130000,130.0,17.81,17.05,18.35,31.0,174.0,1.0768478775024417,False,PUT,2026-04-17,BE
BE260417P00135000,135.0,19.51,18.0,20.0,4.0,385.0,1.0327196801757816,False,PUT,2026-04-17,BE
BE260417P00140000,140.0,23.71,21.65,23.55,5.0,159.0,1.0745285531616213,False,PUT,2026-04-17,BE
BE260417P00145000,145.0,25.35,24.1,25.1,7.0,66.0,1.0485277066040042,False,PUT,2026-04-17,BE
BE260417P00150000,150.0,27.6,27.0,27.85,12.0,94.0,1.0489549505615237,False,PUT,2026-04-17,BE
BE260417P00155000,155.0,30.98,29.75,31.75,14.0,36.0,1.0625046875000002,True,PUT,2026-04-17,BE
BE260417P00160000,160.0,33.45,32.7,33.7,6.0,436.0,1.040104897155762,True,PUT,2026-04-17,BE
BE260417P00165000,165.0,31.45,35.85,36.8,5.0,49.0,1.037663503112793,True,PUT,2026-04-17,BE
BE260417P00170000,170.0,41.5,39.15,40.1,1.0,17.0,1.0372972940063478,True,PUT,2026-04-17,BE
BE260417P00175000,175.0,44.2,42.5,43.4,3.0,8.0,1.0339403771972657,True,PUT,2026-04-17,BE
BE260417P00180000,180.0,41.17,45.7,48.05,3.0,5.0,1.0480394277954104,True,PUT,2026-04-17,BE
BE260417P00185000,185.0,52.8,49.2,50.5,10.0,6.0,1.0252123934936526,True,PUT,2026-04-17,BE
BE260417P00190000,190.0,62.05,53.15,55.65,9.0,18.0,1.054936365966797,True,PUT,2026-04-17,BE
BE260417P00195000,195.0,59.95,56.6,59.3,2.0,4.0,1.0461473474121097,True,PUT,2026-04-17,BE
BE260515C00110000,110.0,59.72,57.8,60.9,1.0,415.0,1.1868937139892577,True,CALL,2026-05-15,BE
BE260515C00115000,115.0,53.66,54.85,58.1,19.0,115.0,1.184940598754883,True,CALL,2026-05-15,BE
BE260515C00120000,120.0,59.43,52.5,54.8,1.0,124.0,1.1799967758178709,True,CALL,2026-05-15,BE
BE260515C00125000,125.0,53.03,49.0,51.75,1.0,429.0,1.1539959292602542,True,CALL,2026-05-15,BE
BE260515C00130000,130.0,54.55,46.75,48.7,14.0,134.0,1.1477703744506833,True,CALL,2026-05-15,BE
BE260515C00135000,135.0,52.02,44.1,46.8,3.0,160.0,1.1506390124511716,True,CALL,2026-05-15,BE
BE260515C00140000,140.0,46.6,41.9,44.7,1.0,357.0,1.1535686853027345,True,CALL,2026-05-15,BE
BE260515C00145000,145.0,38.7,39.6,42.0,9.0,182.0,1.1413006802368164,True,CALL,2026-05-15,BE
BE260515C00150000,150.0,37.75,37.8,40.05,70.0,514.0,1.1460003637695313,True,CALL,2026-05-15,BE
BE260515C00155000,155.0,37.45,36.25,38.05,19.0,147.0,1.1504559078979493,False,CALL,2026-05-15,BE
BE260515C00160000,160.0,42.01,34.05,35.9,72.0,175.0,1.1393475650024416,False,CALL,2026-05-15,BE
BE260515C00165000,165.0,32.3,32.3,34.25,14.0,206.0,1.1402020529174806,False,CALL,2026-05-15,BE
BE260515C00170000,170.0,31.6,30.5,33.3,160.0,346.0,1.148197618408203,False,CALL,2026-05-15,BE
BE260515C00175000,175.0,31.4,28.95,30.85,151.0,1400.0,1.1345868466186526,False,CALL,2026-05-15,BE
BE260515C00180000,180.0,29.0,27.55,29.4,63.0,818.0,1.1359906481933595,False,CALL,2026-05-15,BE
BE260515C00185000,185.0,27.58,26.0,28.35,71.0,215.0,1.1388592861938478,False,CALL,2026-05-15,BE
BE260515C00190000,190.0,25.9,25.15,26.35,78.0,100.0,1.1357465087890626,False,CALL,2026-05-15,BE
BE260515C00195000,195.0,24.5,23.9,25.3,4.0,26.0,1.1388592861938478,False,CALL,2026-05-15,BE
BE260515P00110000,110.0,11.78,13.1,15.45,7.0,145.0,1.131168894958496,False,PUT,2026-05-15,BE
BE260515P00115000,115.0,17.3,15.15,17.25,1.0,130.0,1.1242109219360352,False,PUT,2026-05-15,BE
BE260515P00120000,120.0,16.57,17.2,17.95,6.0,489.0,1.091191067504883,False,PUT,2026-05-15,BE
BE260515P00125000,125.0,17.47,19.2,21.65,6.0,1138.0,1.1107832546997072,False,PUT,2026-05-15,BE
BE260515P00130000,130.0,22.16,21.6,24.2,35.0,140.0,1.1106611849975585,False,PUT,2026-05-15,BE
BE260515P00135000,135.0,24.9,24.1,25.1,2.0,67.0,1.0795334109497072,False,PUT,2026-05-15,BE
BE260515P00140000,140.0,27.85,26.8,28.25,4.0,106.0,1.087040697631836,False,PUT,2026-05-15,BE
BE260515P00145000,145.0,30.35,29.15,32.05,8.0,230.0,1.095097297973633,False,PUT,2026-05-15,BE
BE260515P00150000,150.0,33.3,32.3,33.3,3.0,56.0,1.0712937060546879,False,PUT,2026-05-15,BE
BE260515P00155000,155.0,36.0,34.95,37.75,5.0,23.0,1.0872238021850587,True,PUT,2026-05-15,BE
BE260515P00160000,160.0,38.0,38.4,39.4,1.0,57.0,1.0684861029052737,True,PUT,2026-05-15,BE
BE260515P00165000,165.0,44.75,41.4,42.7,2.0,30.0,1.0654953952026367,True,PUT,2026-05-15,BE
BE260515P00170000,170.0,41.13,44.55,47.25,1.0,19.0,1.08087617767334,True,PUT,2026-05-15,BE
BE260515P00175000,175.0,43.55,47.95,48.95,1.0,203.0,1.0540818780517578,True,PUT,2026-05-15,BE
BE260515P00180000,180.0,47.85,51.35,52.35,1.0,6.0,1.050480821838379,True,PUT,2026-05-15,BE
BE260515P00185000,185.0,51.1,54.9,55.9,1.0,5.0,1.0488328808593752,True,PUT,2026-05-15,BE
BE260515P00190000,190.0,54.45,58.2,61.1,1.0,6.0,1.0659836740112305,True,PUT,2026-05-15,BE
BE260515P00195000,195.0,58.1,62.0,63.75,,7.0,1.049870473327637,True,PUT,2026-05-15,BE
BE260618C00110000,110.0,62.8,61.3,64.35,1.0,3741.0,1.1627849478149415,True,CALL,2026-06-18,BE
BE260618C00115000,115.0,60.69,58.5,61.65,12.0,193.0,1.1590007870483396,True,CALL,2026-06-18,BE
BE260618C00120000,120.0,53.35,55.9,58.6,15.0,674.0,1.1489910714721678,True,CALL,2026-06-18,BE
BE260618C00125000,125.0,54.0,53.15,56.0,2.0,570.0,1.1408734362792967,True,CALL,2026-06-18,BE
BE260618C00130000,130.0,53.01,51.3,52.9,14.0,300.0,1.1359906481933595,True,CALL,2026-06-18,BE
BE260618C00135000,135.0,57.83,48.45,50.6,29.0,83.0,1.1251874795532228,True,CALL,2026-06-18,BE
BE260618C00140000,140.0,46.41,47.15,48.45,2.0,5261.0,1.136967205810547,True,CALL,2026-06-18,BE
BE260618C00145000,145.0,47.0,44.15,46.4,4.0,238.0,1.1222578067016604,True,CALL,2026-06-18,BE
BE260618C00150000,150.0,43.0,42.5,45.1,29.0,5093.0,1.1351971951293947,True,CALL,2026-06-18,BE
BE260618C00155000,155.0,41.65,40.5,42.75,111.0,331.0,1.1256757583618167,False,CALL,2026-06-18,BE
BE260618C00160000,160.0,39.6,39.6,41.15,15.0,127.0,1.1394696347045898,False,CALL,2026-06-18,BE
BE260618C00165000,165.0,38.26,37.35,38.8,7.0,94.0,1.1222578067016604,False,CALL,2026-06-18,BE
BE260618C00170000,170.0,36.99,35.55,37.45,63.0,255.0,1.1227460855102542,False,CALL,2026-06-18,BE
BE260618C00175000,175.0,34.63,33.9,36.5,3.0,372.0,1.128605431213379,False,CALL,2026-06-18,BE
BE260618C00180000,180.0,32.5,32.4,34.45,15.0,262.0,1.1199384823608396,False,CALL,2026-06-18,BE
BE260618C00185000,185.0,38.0,31.0,32.65,16.0,113.0,1.1141706889343261,False,CALL,2026-06-18,BE
BE260618C00190000,190.0,37.35,29.5,31.65,9.0,209.0,1.1159712170410154,False,CALL,2026-06-18,BE
BE260618C00195000,195.0,31.75,28.05,30.05,3.0,826.0,1.1088911743164065,False,CALL,2026-06-18,BE
BE260618P00110000,110.0,17.5,16.35,17.1,5.0,1238.0,1.0771530517578127,False,PUT,2026-06-18,BE
BE260618P00115000,115.0,18.65,18.5,19.1,4.0,213.0,1.0714157757568363,False,PUT,2026-06-18,BE
BE260618P00120000,120.0,20.9,20.75,21.3,12.0,411.0,1.0669602316284181,False,PUT,2026-06-18,BE
BE260618P00125000,125.0,23.4,23.1,23.8,2.0,117.0,1.0652512557983398,False,PUT,2026-06-18,BE
BE260618P00130000,130.0,25.95,25.65,26.45,1.0,507.0,1.0654343603515626,False,PUT,2026-06-18,BE
BE260618P00135000,135.0,25.45,28.2,28.85,2.0,21.0,1.058293282775879,False,PUT,2026-06-18,BE
BE260618P00140000,140.0,28.22,31.0,31.45,7.0,921.0,1.054936365966797,False,PUT,2026-06-18,BE
BE260618P00145000,145.0,30.36,33.85,34.75,7.0,64.0,1.059391910095215,False,PUT,2026-06-18,BE
BE260618P00150000,150.0,38.08,36.7,37.7,1.0,62.0,1.0559434410095216,False,PUT,2026-06-18,BE
BE260618P00155000,155.0,40.58,39.25,39.8,7.0,12.0,1.0340929643249512,True,PUT,2026-06-18,BE
BE260618P00160000,160.0,40.09,42.65,44.55,1.0,12.0,1.0578660388183594,True,PUT,2026-06-18,BE
BE260618P00165000,165.0,51.57,45.5,48.3,2.0,32.0,1.0578660388183594,True,PUT,2026-06-18,BE
BE260618P00170000,170.0,52.35,48.85,49.95,1.0,18.0,1.0343676211547854,True,PUT,2026-06-18,BE
BE260618P00175000,175.0,56.95,51.95,54.7,2.0,4.0,1.0466966610717776,True,PUT,2026-06-18,BE
BE260618P00180000,180.0,58.5,55.8,58.1,2.0,13.0,1.049046502838135,True,PUT,2026-06-18,BE
BE260618P00185000,185.0,62.85,59.0,61.45,2.0,2.0,1.0402880017089848,True,PUT,2026-06-18,BE
BE260618P00190000,190.0,67.9,62.55,63.85,2.0,10.0,1.0218554766845702,True,PUT,2026-06-18,BE
BE260618P00195000,195.0,63.55,66.05,69.05,1.0,11.0,1.0377245379638673,True,PUT,2026-06-18,BE
BE260717C00110000,110.0,70.81,63.65,66.2,1.0,132.0,1.1292768145751955,True,CALL,2026-07-17,BE
BE260717C00115000,115.0,72.05,61.0,63.55,2.0,23.0,1.125797828063965,True,CALL,2026-07-17,BE
BE260717C00120000,120.0,65.41,58.4,61.45,4.0,285.0,1.1283612918090822,True,CALL,2026-07-17,BE
BE260717C00125000,125.0,54.6,55.7,58.4,1.0,208.0,1.1119429168701174,True,CALL,2026-07-17,BE
BE260717C00130000,130.0,64.4,53.6,55.95,321.0,281.0,1.1108748069763184,True,CALL,2026-07-17,BE
BE260717C00135000,135.0,56.0,51.15,54.0,7.0,39.0,1.1091353137207034,True,CALL,2026-07-17,BE
BE260717C00140000,140.0,51.0,49.25,51.75,5.0,192.0,1.1083418606567386,True,CALL,2026-07-17,BE
BE260717C00145000,145.0,49.8,47.5,49.85,6.0,495.0,1.1117292948913575,True,CALL,2026-07-17,BE
BE260717C00150000,150.0,47.25,46.15,47.5,10.0,205.0,1.11212602142334,True,CALL,2026-07-17,BE
BE260717C00155000,155.0,45.15,43.6,45.8,29.0,85.0,1.1033370028686527,False,CALL,2026-07-17,BE
BE260717C00160000,160.0,42.45,41.95,44.25,2.0,68.0,1.1060225363159182,False,CALL,2026-07-17,BE
BE260717C00165000,165.0,49.2,40.55,42.35,2.0,259.0,1.1055952923583987,False,CALL,2026-07-17,BE
BE260717C00170000,170.0,40.0,38.65,40.7,5.0,89.0,1.1002852603149416,False,CALL,2026-07-17,BE
BE260717C00175000,175.0,40.2,37.0,39.2,3.0,73.0,1.0982711102294924,False,CALL,2026-07-17,BE
BE260717C00180000,180.0,37.2,35.5,37.9,24.0,60.0,1.0989424935913088,False,CALL,2026-07-17,BE
BE260717C00185000,185.0,40.0,34.15,36.15,16.0,53.0,1.094547984313965,False,CALL,2026-07-17,BE
BE260717C00190000,190.0,40.94,32.85,34.85,5.0,52.0,1.0947310888671877,False,CALL,2026-07-17,BE
BE260717C00195000,195.0,34.85,31.85,34.45,2.0,103.0,1.1078840992736818,False,CALL,2026-07-17,BE
BE260717P00110000,110.0,16.17,17.95,19.15,32.0,57.0,1.0424852563476565,False,PUT,2026-07-17,BE
BE260717P00115000,115.0,22.37,19.5,22.15,4.0,43.0,1.0406542108154302,False,PUT,2026-07-17,BE
BE260717P00120000,120.0,21.2,22.1,23.65,1.0,146.0,1.0283251708984378,False,PUT,2026-07-17,BE
BE260717P00125000,125.0,25.35,25.0,26.3,4.0,81.0,1.0348558999633792,False,PUT,2026-07-17,BE
BE260717P00130000,130.0,28.63,27.9,29.25,4.0,35.0,1.0419969775390627,False,PUT,2026-07-17,BE
BE260717P00135000,135.0,31.4,30.65,31.8,12.0,44.0,1.0381517819213868,False,PUT,2026-07-17,BE
BE260717P00140000,140.0,34.04,33.45,34.3,27.0,96.0,1.031743122558594,False,PUT,2026-07-17,BE
BE260717P00145000,145.0,36.8,36.3,37.65,2.0,96.0,1.0348558999633792,False,PUT,2026-07-17,BE
BE260717P00150000,150.0,40.35,39.25,40.7,29.0,79.0,1.03284174987793,False,PUT,2026-07-17,BE
BE260717P00155000,155.0,43.0,42.25,43.25,1.0,45.0,1.0229541040039063,True,PUT,2026-07-17,BE
BE260717P00160000,160.0,46.5,45.35,47.25,51.0,84.0,1.0305224255371095,True,PUT,2026-07-17,BE
BE260717P00165000,165.0,47.65,48.75,50.8,14.0,33.0,1.0340624468994142,True,PUT,2026-07-17,BE
BE260717P00170000,170.0,48.95,51.55,53.1,26.0,19.0,1.013066458129883,True,PUT,2026-07-17,BE
BE260717P00175000,175.0,56.75,55.25,56.3,19.0,13.0,1.0123950747680666,True,PUT,2026-07-17,BE
BE260717P00180000,180.0,58.45,58.55,61.25,15.0,21.0,1.026249985961914,True,PUT,2026-07-17,BE
BE260717P00190000,190.0,67.55,65.7,67.1,8.0,17.0,1.0070850427246092,True,PUT,2026-07-17,BE
BE260717P00195000,195.0,71.15,69.65,70.5,2.0,20.0,1.0054371017456054,True,PUT,2026-07-17,BE
BE260821C00110000,110.0,60.46,67.1,69.75,1.0,110.0,1.1348309860229495,True,CALL,2026-08-21,BE
BE260821C00115000,115.0,64.2,64.6,67.2,2.0,42.0,1.1307416510009767,True,CALL,2026-08-21,BE
BE260821C00120000,120.0,63.64,62.15,64.7,15.0,160.0,1.1254926538085939,True,CALL,2026-08-21,BE
BE260821C00125000,125.0,65.5,59.6,62.9,800.0,1082.0,1.1261640371704105,True,CALL,2026-08-21,BE
BE260821C00130000,130.0,50.95,57.6,60.35,5.0,286.0,1.121647458190918,True,CALL,2026-08-21,BE
BE260821C00135000,135.0,54.32,55.75,58.2,1.0,56.0,1.1221357369995117,True,CALL,2026-08-21,BE
BE260821C00140000,140.0,42.55,53.5,56.15,20.0,1025.0,1.1167646701049803,True,CALL,2026-08-21,BE
BE260821C00145000,145.0,62.05,52.45,54.5,10.0,55.0,1.1292157797241211,True,CALL,2026-08-21,BE
BE260821C00150000,150.0,51.34,49.75,52.4,21.0,70.0,1.1140791366577147,True,CALL,2026-08-21,BE
BE260821C00155000,155.0,55.0,48.0,50.6,3.0,246.0,1.1125532653808592,False,CALL,2026-08-21,BE
BE260821C00160000,160.0,47.88,47.45,48.9,3.0,78.0,1.1245466136169433,False,CALL,2026-08-21,BE
BE260821C00165000,165.0,44.5,44.5,47.45,2.0,55.0,1.1099898016357421,False,CALL,2026-08-21,BE
BE260821C00170000,170.0,43.35,43.05,46.05,1.0,411.0,1.1119123994445803,False,CALL,2026-08-21,BE
BE260821C00175000,175.0,50.47,42.8,44.2,2.0,39.0,1.120854005126953,False,CALL,2026-08-21,BE
BE260821C00180000,180.0,40.64,40.0,42.8,2.0,143.0,1.1049544264221194,False,CALL,2026-08-21,BE
BE260821C00185000,185.0,40.1,39.0,41.25,1.0,19.0,1.1063277105712892,False,CALL,2026-08-21,BE
BE260821C00190000,190.0,34.0,37.0,39.9,14.0,16.0,1.0977217965698243,False,CALL,2026-08-21,BE
BE260821P00110000,110.0,23.8,20.65,23.0,5.0,61.0,1.049260124816895,False,PUT,2026-08-21,BE
BE260821P00115000,115.0,26.57,23.55,25.85,1.0,14.0,1.0604295025634767,False,PUT,2026-08-21,BE
BE260821P00120000,120.0,24.3,25.0,27.45,1.0,27.0,1.0299120770263672,False,PUT,2026-08-21,BE
BE260821P00125000,125.0,28.5,28.0,30.7,4.0,10.0,1.0418749078369143,False,PUT,2026-08-21,BE
BE260821P00130000,130.0,31.45,30.9,33.4,7.0,8.0,1.0419359426879886,False,PUT,2026-08-21,BE
BE260821P00135000,135.0,35.45,34.1,36.35,11.0,23.0,1.046513556518555,False,PUT,2026-08-21,BE
BE260821P00140000,140.0,35.92,36.5,38.6,1.0,39.0,1.0299731118774416,False,PUT,2026-08-21,BE
BE260821P00145000,145.0,37.89,40.0,42.55,3.0,15.0,1.045964242858887,False,PUT,2026-08-21,BE
BE260821P00150000,150.0,47.35,42.8,45.5,1.0,5.0,1.0391283395385744,False,PUT,2026-08-21,BE
BE260821P00155000,155.0,43.8,46.0,48.7,1.0,4.0,1.0382738516235355,True,PUT,2026-08-21,BE
BE260821P00160000,160.0,46.9,49.05,50.95,1.0,3.0,1.0230151388549804,True,PUT,2026-08-21,BE
BE260821P00170000,170.0,53.35,55.75,58.7,6.0,7.0,1.031987261962891,True,PUT,2026-08-21,BE
BE260821P00175000,175.0,61.2,59.15,61.8,7.0,8.0,1.0260058465576172,True,PUT,2026-08-21,BE
BE260821P00180000,180.0,64.75,62.65,64.55,7.0,8.0,1.0159961309814454,True,PUT,2026-08-21,BE
BE260821P00185000,185.0,93.6,0.0,0.0,,2.0,1.0000000000000003e-05,True,PUT,2026-08-21,BE
BE260821P00190000,190.0,67.1,69.65,72.2,3.0,9.0,1.0158130264282228,True,PUT,2026-08-21,BE
BE260821P00195000,195.0,78.56,73.3,76.15,512.0,506.0,1.0168506188964845,True,PUT,2026-08-21,BE
BE260918C00110000,110.0,70.0,69.55,71.85,1.0,55.0,1.129459919128418,True,CALL,2026-09-18,BE
BE260918C00115000,115.0,68.45,66.75,70.0,1.0,60.0,1.1285443963623047,True,CALL,2026-09-18,BE
BE260918C00120000,120.0,64.75,64.5,67.3,6.0,69.0,1.1211591793823241,True,CALL,2026-09-18,BE
BE260918C00125000,125.0,73.29,62.05,65.2,2.0,71.0,1.1170698443603515,True,CALL,2026-09-18,BE
BE260918C00130000,130.0,50.31,60.0,63.05,1.0,93.0,1.1154219033813475,True,CALL,2026-09-18,BE
BE260918C00135000,135.0,61.43,58.0,60.8,1.0,31.0,1.1112104986572267,True,CALL,2026-09-18,BE
BE260918C00140000,140.0,56.0,56.15,58.9,5.0,128.0,1.1112104986572267,True,CALL,2026-09-18,BE
BE260918C00145000,145.0,62.82,54.3,56.95,3.0,32.0,1.1089216917419435,True,CALL,2026-09-18,BE
BE260918C00150000,150.0,61.55,52.55,55.05,9.0,63.0,1.1067549545288085,True,CALL,2026-09-18,BE
BE260918C00155000,155.0,50.47,51.05,53.7,2.0,127.0,1.11212602142334,False,CALL,2026-09-18,BE
BE260918C00160000,160.0,57.9,49.95,51.85,22.0,49.0,1.1147505200195313,False,CALL,2026-09-18,BE
BE260918C00165000,165.0,53.95,48.2,50.3,5.0,73.0,1.11212602142334,False,CALL,2026-09-18,BE
BE260918C00170000,170.0,48.0,46.05,49.0,3.0,98.0,1.1066939196777343,False,CALL,2026-09-18,BE
BE260918C00175000,175.0,47.17,44.7,46.85,1.0,30.0,1.0996138769531252,False,CALL,2026-09-18,BE
BE260918C00180000,180.0,43.33,43.4,45.8,13.0,60.0,1.1036726945495607,False,CALL,2026-09-18,BE
BE260918C00185000,185.0,39.0,42.0,44.8,4.0,5.0,1.1060530537414555,False,CALL,2026-09-18,BE
BE260918C00190000,190.0,46.0,40.65,43.4,1.0,8.0,1.1037337294006349,False,CALL,2026-09-18,BE
BE260918C00195000,195.0,35.0,40.0,41.8,20.0,25.0,1.1056258097839358,False,CALL,2026-09-18,BE
BE260918P00110000,110.0,25.1,22.0,24.25,11.0,85.0,1.0213061630249025,False,PUT,2026-09-18,BE
BE260918P00115000,115.0,24.51,24.7,26.75,10.0,65.0,1.0226794471740723,False,PUT,2026-09-18,BE
BE260918P00120000,120.0,30.95,27.45,29.35,2.0,29.0,1.023137208557129,False,PUT,2026-09-18,BE
BE260918P00125000,125.0,29.08,30.65,32.75,3.0,51.0,1.0368700500488286,False,PUT,2026-09-18,BE
BE260918P00130000,130.0,34.1,33.0,34.4,40.0,44.0,1.015385782470703,False,PUT,2026-09-18,BE
BE260918P00135000,135.0,39.6,36.0,38.4,13.0,25.0,1.0288439671325686,False,PUT,2026-09-18,BE
BE260918P00140000,140.0,43.0,39.4,40.95,5.0,98.0,1.027287578430176,False,PUT,2026-09-18,BE
BE260918P00145000,145.0,40.55,42.0,43.85,138.0,751.0,1.0187732167053223,False,PUT,2026-09-18,BE
BE260918P00150000,150.0,49.3,45.2,47.75,4.0,47.0,1.026768782196045,False,PUT,2026-09-18,BE
BE260918P00155000,155.0,46.3,48.4,51.15,2.0,144.0,1.027287578430176,True,PUT,2026-09-18,BE
BE260918P00160000,160.0,51.75,51.75,54.55,1.0,24.0,1.027836892089844,True,PUT,2026-09-18,BE
BE260918P00165000,165.0,53.0,54.95,56.75,2.0,13.0,1.0124561096191407,True,PUT,2026-09-18,BE
BE260918P00170000,170.0,70.45,58.5,60.5,,6.0,1.016179235534668,True,PUT,2026-09-18,BE
BE260918P00180000,180.0,75.0,65.1,68.1,1.0,11.0,1.015355265045166,True,PUT,2026-09-18,BE
BE260918P00190000,190.0,75.55,72.4,74.2,6.0,11.0,1.0016224235534668,True,PUT,2026-09-18,BE
BE260918P00195000,195.0,116.31,75.9,78.8,20.0,10.0,1.007573321533203,True,PUT,2026-09-18,BE
BE261016C00110000,110.0,59.2,71.25,74.25,1.0,51.0,1.12268505065918,True,CALL,2026-10-16,BE
BE261016C00115000,115.0,76.92,69.0,72.15,1.0,34.0,1.1236005734252927,True,CALL,2026-10-16,BE
BE261016C00120000,120.0,72.23,66.65,70.0,1.0,59.0,1.1203046914672852,True,CALL,2026-10-16,BE
BE261016C00125000,125.0,53.35,64.5,67.65,24.0,135.0,1.1151472465515135,True,CALL,2026-10-16,BE
BE261016C00130000,130.0,68.78,62.5,65.15,1.0,208.0,1.1083113432312013,True,CALL,2026-10-16,BE
BE261016C00135000,135.0,49.78,60.5,63.55,124.0,63.0,1.1104475630187989,True,CALL,2026-10-16,BE
BE261016C00140000,140.0,51.62,58.8,61.5,96.0,58.0,1.1090742788696293,True,CALL,2026-10-16,BE
BE261016C00145000,145.0,52.62,57.4,59.8,1.0,24.0,1.1134382707214354,True,CALL,2026-10-16,BE
BE261016C00150000,150.0,62.62,55.1,58.15,55.0,94.0,1.1068770242309571,True,CALL,2026-10-16,BE
BE261016C00155000,155.0,62.92,53.55,56.5,4.0,17.0,1.1072432333374023,False,CALL,2026-10-16,BE
BE261016C00160000,160.0,53.89,51.65,54.8,3.0,34.0,1.102055270996094,False,CALL,2026-10-16,BE
BE261016C00165000,165.0,50.77,50.2,52.8,2.0,54.0,1.0973250700378419,False,CALL,2026-10-16,BE
BE261016C00170000,170.0,56.54,48.7,51.95,9.0,22.0,1.1029097589111332,False,CALL,2026-10-16,BE
BE261016C00175000,175.0,54.8,47.35,50.5,3.0,60.0,1.1026656195068363,False,CALL,2026-10-16,BE
BE261016C00180000,180.0,54.8,46.05,49.0,1.0,54.0,1.1014144050598147,False,CALL,2026-10-16,BE
BE261016C00185000,185.0,51.18,44.85,47.1,3.0,27.0,1.0962264427185058,False,CALL,2026-10-16,BE
BE261016C00190000,190.0,51.2,43.5,46.4,3.0,19.0,1.1005904345703126,False,CALL,2026-10-16,BE
BE261016C00195000,195.0,43.0,42.35,44.6,1.0,6.0,1.0951888502502445,False,CALL,2026-10-16,BE
BE261016P00110000,110.0,25.19,23.55,26.55,4.0,16.0,1.0168506188964845,False,PUT,2026-10-16,BE
BE261016P00115000,115.0,26.76,26.5,28.2,2.0,18.0,1.0082752223205567,False,PUT,2026-10-16,BE
BE261016P00120000,120.0,32.67,29.0,31.55,12.0,32.0,1.0133716323852542,False,PUT,2026-10-16,BE
BE261016P00125000,125.0,36.0,32.8,34.35,14.0,26.0,1.0249072192382815,False,PUT,2026-10-16,BE
BE261016P00130000,130.0,38.0,35.3,37.75,10.0,26.0,1.0253954980468751,False,PUT,2026-10-16,BE
BE261016P00135000,135.0,40.4,38.3,40.65,2.0,4.0,1.0238696267700198,False,PUT,2026-10-16,BE
BE261016P00140000,140.0,44.72,41.6,43.65,1.0,20.0,1.0250903237915043,False,PUT,2026-10-16,BE
BE261016P00145000,145.0,46.55,44.0,46.15,12.0,21.0,1.0092822973632813,False,PUT,2026-10-16,BE
BE261016P00150000,150.0,47.12,47.5,49.75,1.0,11.0,1.0159961309814454,False,PUT,2026-10-16,BE
BE261016P00160000,160.0,69.8,75.0,78.75,,2.0,1.4853846531677244,True,PUT,2026-10-16,BE
BE261016P00175000,175.0,95.85,64.05,67.0,,6.0,1.0097095413208006,True,PUT,2026-10-16,BE
BE261016P00180000,180.0,104.9,67.4,70.5,1.0,1.0,1.0058338282775878,True,PUT,2026-10-16,BE
BE261120C00110000,110.0,70.47,74.0,78.0,5.0,81.0,1.137455484619141,True,CALL,2026-11-20,BE
BE261120C00115000,115.0,64.19,71.5,75.0,1.0,153.0,1.121037109680176,True,CALL,2026-11-20,BE
BE261120C00120000,120.0,67.83,69.5,72.55,3.0,35.0,1.1163679435729978,True,CALL,2026-11-20,BE
BE261120C00125000,125.0,64.31,67.5,70.5,2.0,205.0,1.1147505200195313,True,CALL,2026-11-20,BE
BE261120C00130000,130.0,68.0,65.5,68.5,10.0,40.0,1.1120649865722658,True,CALL,2026-11-20,BE
BE261120C00135000,135.0,66.0,63.5,67.0,1.0,15.0,1.1134687881469727,True,CALL,2026-11-20,BE
BE261120C00140000,140.0,52.69,62.15,64.75,1.0,54.0,1.112187056274414,True,CALL,2026-11-20,BE
BE261120C00145000,145.0,69.1,60.0,63.5,10.0,28.0,1.1117292948913575,True,CALL,2026-11-20,BE
BE261120C00150000,150.0,64.82,58.0,61.5,6.0,67.0,1.103764246826172,True,CALL,2026-11-20,BE
BE261120C00155000,155.0,58.8,56.85,59.8,3.0,27.0,1.106571849975586,False,CALL,2026-11-20,BE
BE261120C00160000,160.0,60.05,55.5,58.5,10.0,38.0,1.1101729061889647,False,CALL,2026-11-20,BE
BE261120C00165000,165.0,61.85,53.95,56.7,15.0,7.0,1.105656327209473,False,CALL,2026-11-20,BE
BE261120C00170000,170.0,61.57,52.2,55.5,8.0,75.0,1.1041609733581543,False,CALL,2026-11-20,BE
BE261120C00175000,175.0,53.0,51.0,54.0,10.0,15.0,1.1041609733581543,False,CALL,2026-11-20,BE
BE261120C00180000,180.0,57.84,49.75,53.0,10.0,154.0,1.1075789250183106,False,CALL,2026-11-20,BE
BE261120C00185000,185.0,23.05,48.5,51.5,4.0,6.0,1.1053206355285647,False,CALL,2026-11-20,BE
BE261120C00190000,190.0,51.0,46.5,49.95,10.0,1.0,1.0947921237182618,False,CALL,2026-11-20,BE
BE261120C00195000,195.0,45.13,45.5,48.75,1.0,8.0,1.0962264427185058,False,CALL,2026-11-20,BE
BE261120P00110000,110.0,25.92,26.0,29.85,2.0,55.0,1.027836892089844,False,PUT,2026-11-20,BE
BE261120P00115000,115.0,33.0,29.0,31.9,20.0,25.0,1.022343755493164,False,PUT,2026-11-20,BE
BE261120P00120000,120.0,35.2,31.95,34.15,30.0,52.0,1.0168506188964845,False,PUT,2026-11-20,BE
BE261120P00125000,125.0,38.5,34.05,37.65,1.0,43.0,1.0142261203002927,False,PUT,2026-11-20,BE
BE261120P00130000,130.0,38.3,37.5,41.1,3.0,104.0,1.0243579055786136,False,PUT,2026-11-20,BE
BE261120P00135000,135.0,38.66,41.4,42.45,6.0,7.0,1.014287155151367,False,PUT,2026-11-20,BE
BE261120P00140000,140.0,42.21,43.5,47.4,1.0,57.0,1.0221606509399415,False,PUT,2026-11-20,BE
BE261120P00145000,145.0,69.45,47.0,49.85,6.0,0.0,1.0167590666198731,False,PUT,2026-11-20,BE
BE261120P00150000,150.0,52.57,50.0,52.75,1.0,9.0,1.0096485064697265,False,PUT,2026-11-20,BE
BE261120P00155000,155.0,55.81,52.55,55.4,,2.0,0.9945068908691408,True,PUT,2026-11-20,BE
BE261120P00160000,160.0,54.79,56.0,60.0,1.0,1.0,1.0065357290649413,True,PUT,2026-11-20,BE
BE261120P00180000,180.0,87.22,70.85,74.0,1.0,2.0,1.0096179890441894,True,PUT,2026-11-20,BE
BE261120P00185000,185.0,78.68,73.85,77.5,10.0,15.0,1.0012256970214843,True,PUT,2026-11-20,BE
BE261120P00190000,190.0,107.1,0.0,0.0,,4.0,1.0000000000000003e-05,True,PUT,2026-11-20,BE
BE261120P00195000,195.0,111.4,0.0,0.0,,10.0,1.0000000000000003e-05,True,PUT,2026-11-20,BE
BE261218C00110000,110.0,79.1,75.7,80.0,1.0,14.0,1.1328473533630372,True,CALL,2026-12-18,BE
BE261218C00115000,115.0,74.01,73.95,76.65,2.0,9.0,1.120274174041748,True,CALL,2026-12-18,BE
BE261218C00120000,120.0,62.03,71.5,74.5,2.0,41.0,1.112492230529785,True,CALL,2026-12-18,BE
BE261218C00125000,125.0,77.0,69.5,72.5,1.0,22.0,1.1101729061889647,True,CALL,2026-12-18,BE
BE261218C00130000,130.0,56.5,67.5,70.5,6.0,91.0,1.1063887454223633,True,CALL,2026-12-18,BE
BE261218C00135000,135.0,70.0,65.5,69.0,10.0,18.0,1.1066939196777343,True,CALL,2026-12-18,BE
BE261218C00140000,140.0,66.6,63.5,67.0,1.0,77.0,1.1003768125915527,True,CALL,2026-12-18,BE
BE261218C00145000,145.0,54.84,62.0,65.5,1.0,28.0,1.1032454505920415,True,CALL,2026-12-18,BE
BE261218C00150000,150.0,63.29,60.5,63.5,1.0,53.0,1.0998274989318848,True,CALL,2026-12-18,BE
BE261218C00155000,155.0,60.0,59.2,61.8,2.0,23.0,1.1003157777404786,False,CALL,2026-12-18,BE
BE261218C00160000,160.0,62.33,58.25,60.45,1.0,37.0,1.106541332550049,False,CALL,2026-12-18,BE
BE261218C00165000,165.0,58.28,55.7,59.0,5.0,34.0,1.09534143737793,False,CALL,2026-12-18,BE
BE261218C00170000,170.0,57.25,54.05,56.95,12.0,18.0,1.0863387968444824,False,CALL,2026-12-18,BE
BE261218C00175000,175.0,55.29,53.0,56.5,1.0,80.0,1.0972030003356934,False,CALL,2026-12-18,BE
BE261218C00180000,180.0,58.0,52.0,55.0,3.0,28.0,1.0977523139953616,False,CALL,2026-12-18,BE
BE261218C00185000,185.0,45.0,50.5,53.5,1.0,10.0,1.0929610781860353,False,CALL,2026-12-18,BE
BE261218C00190000,190.0,47.63,49.5,52.5,,5.0,1.096562134399414,False,CALL,2026-12-18,BE
BE261218P00110000,110.0,28.59,27.5,30.95,2.0,2.0,1.0140430157470701,False,PUT,2026-12-18,BE
BE261218P00115000,115.0,30.94,30.65,33.6,1.0,248.0,1.0164233749389648,False,PUT,2026-12-18,BE
BE261218P00120000,120.0,37.2,33.25,35.8,1.0,4.0,1.00528451461792,False,PUT,2026-12-18,BE
BE261218P00125000,125.0,40.37,35.8,39.4,,1.0,1.0078174609375,False,PUT,2026-12-18,BE
BE261218P00130000,130.0,37.4,39.0,42.6,1.0,12.0,1.0111133428955077,False,PUT,2026-12-18,BE
BE261218P00135000,135.0,43.66,42.0,44.65,1.0,11.0,0.9985351708984375,False,PUT,2026-12-18,BE
BE261218P00140000,140.0,47.43,45.25,47.15,1.0,14.0,0.9922180953979493,False,PUT,2026-12-18,BE
BE261218P00145000,145.0,49.88,48.3,51.5,1.0,30.0,1.0011646621704102,False,PUT,2026-12-18,BE
BE261218P00150000,150.0,54.45,51.5,54.4,10.0,6.0,0.9957580990600586,False,PUT,2026-12-18,BE
BE261218P00160000,160.0,56.0,58.8,61.45,5.0,5.0,1.002263289489746,True,PUT,2026-12-18,BE
BE261218P00165000,165.0,71.3,62.0,65.0,,1.0,0.999725344543457,True,PUT,2026-12-18,BE
BE261218P00175000,175.0,86.0,68.5,72.0,,14.0,0.9918518881225585,True,PUT,2026-12-18,BE
BE261218P00190000,190.0,82.5,79.45,82.35,3.0,8.0,0.9833070516967773,True,PUT,2026-12-18,BE
BE270115C00110000,110.0,77.75,77.95,80.5,2.0,1622.0,1.1222272892761231,True,CALL,2027-01-15,BE
BE270115C00115000,115.0,74.84,75.0,78.45,6.0,464.0,1.1099898016357421,True,CALL,2027-01-15,BE
BE270115C00120000,120.0,74.0,73.4,77.05,4.0,512.0,1.1192670989990234,True,CALL,2027-01-15,BE
BE270115C00125000,125.0,73.9,71.45,74.1,1.0,1673.0,1.1057173620605472,True,CALL,2027-01-15,BE
BE270115C00130000,130.0,68.5,69.7,72.5,5.0,454.0,1.1078535818481448,True,CALL,2027-01-15,BE
BE270115C00135000,135.0,71.3,67.5,70.45,1.0,175.0,1.09924766784668,True,CALL,2027-01-15,BE
BE270115C00140000,140.0,69.5,65.5,69.0,4.0,1820.0,1.097843866271973,True,CALL,2027-01-15,BE
BE270115C00145000,145.0,64.3,64.0,67.0,1.0,144.0,1.0948226411437991,True,CALL,2027-01-15,BE
BE270115C00150000,150.0,63.3,63.0,65.35,6.0,1134.0,1.0990645632934575,True,CALL,2027-01-15,BE
BE270115C00155000,155.0,70.43,60.5,64.45,4.0,46.0,1.0949752282714846,False,CALL,2027-01-15,BE
BE270115C00160000,160.0,61.75,59.75,62.35,7.0,263.0,1.0952193676757815,False,CALL,2027-01-15,BE
BE270115C00165000,165.0,64.0,57.5,61.0,1.0,87.0,1.0875900112915042,False,CALL,2027-01-15,BE
BE270115C00170000,170.0,60.2,56.5,59.4,19.0,1068.0,1.0884444992065427,False,CALL,2027-01-15,BE
BE270115C00175000,175.0,60.89,55.0,58.35,1.0,71.0,1.0889022605895995,False,CALL,2027-01-15,BE
BE270115C00180000,180.0,58.35,53.5,57.0,2.0,520.0,1.085911552886963,False,CALL,2027-01-15,BE
BE270115C00185000,185.0,55.26,52.6,55.5,1.0,10.0,1.086247244567871,False,CALL,2027-01-15,BE
BE270115C00190000,190.0,53.22,51.0,54.5,5.0,115.0,1.0841110247802734,False,CALL,2027-01-15,BE
BE270115C00195000,195.0,51.56,50.0,53.25,1.0,19.0,1.0844161990356445,False,CALL,2027-01-15,BE
BE270115P00110000,110.0,30.58,28.5,32.95,20.0,80.0,1.0074207344055175,False,PUT,2027-01-15,BE
BE270115P00115000,115.0,35.47,31.8,35.15,1.0,83.0,1.005009857788086,False,PUT,2027-01-15,BE
BE270115P00120000,120.0,36.62,34.0,37.75,10.0,45.0,0.9932556826782227,False,PUT,2027-01-15,BE
BE270115P00125000,125.0,38.56,37.5,40.9,2.0,100.0,1.0000660348510744,False,PUT,2027-01-15,BE
BE270115P00130000,130.0,41.28,40.5,43.4,1.0,791.0,0.9930420617675781,False,PUT,2027-01-15,BE
BE270115P00135000,135.0,44.93,44.4,47.3,5.0,29.0,1.0080310829162598,False,PUT,2027-01-15,BE
BE270115P00140000,140.0,45.52,46.5,50.5,1.0,504.0,0.9962768927001953,False,PUT,2027-01-15,BE
BE270115P00145000,145.0,54.0,50.75,52.25,13.0,45.0,0.9905396453857422,False,PUT,2027-01-15,BE
BE270115P00150000,150.0,53.8,53.05,56.7,127.0,58.0,0.9908448181152343,False,PUT,2027-01-15,BE
BE270115P00155000,155.0,60.05,56.0,60.0,2.0,40.0,0.9853822262573243,True,PUT,2027-01-15,BE
BE270115P00160000,160.0,57.75,60.7,62.75,11.0,24.0,0.9899903344726562,True,PUT,2027-01-15,BE
BE270115P00165000,165.0,60.6,63.5,67.0,10.0,16.0,0.9898682653808593,True,PUT,2027-01-15,BE
BE270115P00170000,170.0,72.34,66.5,70.0,2.0,4.0,0.9794008407592775,True,PUT,2027-01-15,BE
BE270115P00175000,175.0,85.3,0.0,0.0,,2.0,1.0000000000000003e-05,True,PUT,2027-01-15,BE
BE270115P00180000,180.0,96.0,0.0,98.15,4.0,6.0,0.5320786538696288,True,PUT,2027-01-15,BE
BE270115P00190000,190.0,86.1,81.0,84.5,20.0,26.0,0.9741213525390625,True,PUT,2027-01-15,BE
BE270115P00195000,195.0,102.35,84.7,88.0,4.0,16.0,0.9705203143310546,True,PUT,2027-01-15,BE
BE270617C00110000,110.0,73.0,85.5,89.5,20.0,139.0,1.1058699491882327,True,CALL,2027-06-17,BE
BE270617C00115000,115.0,81.6,83.5,87.0,3.0,607.0,1.0947921237182618,True,CALL,2027-06-17,BE
BE270617C00120000,120.0,81.5,82.0,85.0,2.0,11.0,1.0929915956115723,True,CALL,2027-06-17,BE
BE270617C00125000,125.0,89.47,80.0,84.25,1.0,14.0,1.0973250700378419,True,CALL,2027-06-17,BE
BE270617C00130000,130.0,68.55,78.5,82.55,11.0,13.0,1.0962264427185058,True,CALL,2027-06-17,BE
BE270617C00135000,135.0,73.7,76.5,80.0,2.0,48.0,1.0819137701416015,True,CALL,2027-06-17,BE
BE270617C00140000,140.0,86.58,75.0,78.5,5.0,183.0,1.081150834503174,True,CALL,2027-06-17,BE
BE270617C00145000,145.0,79.62,73.5,77.0,1.0,7.0,1.0795944458007813,True,CALL,2027-06-17,BE
BE270617C00150000,150.0,73.16,72.5,75.5,4.0,129.0,1.0816085958862303,True,CALL,2027-06-17,BE
BE270617C00155000,155.0,73.39,70.5,74.0,1.0,3.0,1.0743454486083988,False,CALL,2027-06-17,BE
BE270617C00160000,160.0,73.45,69.0,72.5,14.0,21.0,1.0708359446716311,False,CALL,2027-06-17,BE
BE270617C00165000,165.0,77.39,68.0,71.3,1.0,8.0,1.0732773387145997,False,CALL,2027-06-17,BE
BE270617C00170000,170.0,69.8,66.5,70.0,2.0,201.0,1.0702255961608889,False,CALL,2027-06-17,BE
BE270617C00175000,175.0,72.65,65.0,68.5,3.0,2.0,1.0650681512451172,False,CALL,2027-06-17,BE
BE270617C00180000,180.0,60.95,64.75,67.5,1.0,5.0,1.0732773387145997,False,CALL,2027-06-17,BE
BE270617C00185000,185.0,66.51,62.5,66.0,1.0,3.0,1.0613145079040527,False,CALL,2027-06-17,BE
BE270617C00190000,190.0,67.22,61.5,65.0,1.0,103.0,1.0625962397766116,False,CALL,2027-06-17,BE
BE270617C00195000,195.0,65.5,60.5,64.0,2.0,9.0,1.0633896928405764,False,CALL,2027-06-17,BE
BE270617P00110000,110.0,35.18,35.5,39.2,4.0,15.0,0.9727175579833984,False,PUT,2027-06-17,BE
BE270617P00115000,115.0,41.65,38.5,42.55,1.0,3.0,0.9743960079956054,False,PUT,2027-06-17,BE
BE270617P00120000,120.0,41.58,41.5,44.6,1.0,6.0,0.9623416851806641,False,PUT,2027-06-17,BE
BE270617P00125000,125.0,44.6,45.35,48.0,1.0,5.0,0.9699099688720703,False,PUT,2027-06-17,BE
BE270617P00130000,130.0,50.67,48.0,52.0,1.0,1.0,0.9705508316040038,False,PUT,2027-06-17,BE
BE270617P00135000,135.0,50.0,51.0,53.75,2.0,14.0,0.9534916760253906,False,PUT,2027-06-17,BE
BE270617P00145000,145.0,57.61,58.0,60.85,2.0,13.0,0.9571232315063475,False,PUT,2027-06-17,BE
BE270617P00150000,150.0,61.9,61.45,65.0,2.0,2.0,0.9620059951782226,False,PUT,2027-06-17,BE
BE270617P00155000,155.0,89.63,0.0,0.0,5.0,0.0,1.0000000000000003e-05,True,PUT,2027-06-17,BE
BE270617P00180000,180.0,83.1,81.5,85.05,10.0,10.0,0.9320075158691408,True,PUT,2027-06-17,BE
BE270617P00185000,185.0,90.49,85.5,88.3,,1.0,0.9294440649414062,True,PUT,2027-06-17,BE
BE270617P00195000,195.0,94.95,92.85,96.5,,5.0,0.9304663935852051,True,PUT,2027-06-17,BE
BE280121C00110000,110.0,102.6,94.0,97.05,2.0,83.0,1.068913346862793,True,CALL,2028-01-21,BE
BE280121C00115000,115.0,102.26,93.75,95.5,1.0,133.0,1.0791672018432616,True,CALL,2028-01-21,BE
BE280121C00120000,120.0,95.25,91.0,94.0,2.0,225.0,1.066349883117676,True,CALL,2028-01-21,BE
BE280121C00125000,125.0,98.0,90.25,92.5,2.0,231.0,1.0705918052673342,True,CALL,2028-01-21,BE
BE280121C00130000,130.0,88.5,88.0,91.0,3.0,252.0,1.0613145079040527,True,CALL,2028-01-21,BE
BE280121C00135000,135.0,74.5,86.5,89.5,4.0,40.0,1.0579270736694335,True,CALL,2028-01-21,BE
BE280121C00140000,140.0,90.9,85.0,88.0,11.0,495.0,1.0540208432006835,True,CALL,2028-01-21,BE
BE280121C00145000,145.0,83.6,83.5,86.5,2.0,51.0,1.0496873687744142,True,CALL,2028-01-21,BE
BE280121C00150000,150.0,83.79,82.5,85.5,6.0,193.0,1.0526780764770507,True,CALL,2028-01-21,BE
BE280121C00155000,155.0,83.17,81.0,84.0,6.0,23.0,1.0474290792846679,False,CALL,2028-01-21,BE
BE280121C00160000,160.0,82.0,80.0,83.0,29.0,22.0,1.049321159667969,False,CALL,2028-01-21,BE
BE280121C00165000,165.0,78.57,78.5,81.5,1.0,54.0,1.0433702616882328,False,CALL,2028-01-21,BE
BE280121C00170000,170.0,78.74,77.0,80.5,2.0,177.0,1.0407457630920416,False,CALL,2028-01-21,BE
BE280121C00175000,175.0,79.24,76.0,79.45,3.0,42.0,1.0410204199218753,False,CALL,2028-01-21,BE
BE280121C00180000,180.0,75.0,75.0,78.0,8.0,216.0,1.0380602296447756,False,CALL,2028-01-21,BE
BE280121C00185000,185.0,82.05,74.0,77.0,2.0,9.0,1.0379381599426272,False,CALL,2028-01-21,BE
BE280121C00190000,190.0,61.75,72.5,76.0,1.0,721.0,1.0340014120483398,False,CALL,2028-01-21,BE
BE280121C00195000,195.0,60.55,71.5,75.0,1.0,75.0,1.0332384764099123,False,CALL,2028-01-21,BE
BE280121P00110000,110.0,42.51,43.1,45.75,10.0,28.0,0.9345709667968749,False,PUT,2028-01-21,BE
BE280121P00115000,115.0,45.95,45.5,48.9,4.0,31.0,0.9254157849121094,False,PUT,2028-01-21,BE
BE280121P00120000,120.0,49.68,48.5,51.0,3.0,30.0,0.9120797366333008,False,PUT,2028-01-21,BE
BE280121P00125000,125.0,52.42,52.0,55.1,6.0,50.0,0.9185799157714845,False,PUT,2028-01-21,BE
BE280121P00130000,130.0,55.11,55.0,57.2,6.0,45.0,0.9043588665771485,False,PUT,2028-01-21,BE
BE280121P00135000,135.0,57.3,58.6,61.25,1.0,103.0,0.909455251159668,False,PUT,2028-01-21,BE
BE280121P00140000,140.0,61.89,62.0,65.05,1.0,17.0,0.9102181829833984,False,PUT,2028-01-21,BE
BE280121P00145000,145.0,68.0,65.0,68.25,2.0,35.0,0.9029550720214843,False,PUT,2028-01-21,BE
BE280121P00150000,150.0,70.5,69.2,71.65,2.0,11.0,0.9053354193115235,False,PUT,2028-01-21,BE
BE280121P00155000,155.0,71.28,71.9,75.65,4.0,3.0,0.9006967938232422,True,PUT,2028-01-21,BE
BE280121P00160000,160.0,78.36,76.15,79.4,,5.0,0.9046640393066407,True,PUT,2028-01-21,BE
BE280121P00170000,170.0,86.38,83.0,86.5,,5.0,0.8968211001586913,True,PUT,2028-01-21,BE
BE280121P00180000,180.0,92.5,89.7,93.0,10.0,5.0,0.8826000509643553,True,PUT,2028-01-21,BE
BE280121P00190000,190.0,109.0,0.0,0.0,,3.0,1.0000000000000003e-05,True,PUT,2028-01-21,BE
BKR260220C00040000,40.0,13.8,16.4,18.4,1.0,79.0,1.0009815576171874,True,CALL,2026-02-20,BKR
BKR260220C00042000,42.0,15.0,14.4,16.2,10.0,113.0,0.8339860351562498,True,CALL,2026-02-20,BKR
BKR260220C00043000,43.0,13.8,13.4,15.2,5.0,225.0,0.782228740234375,True,CALL,2026-02-20,BKR
BKR260220C00044000,44.0,12.8,12.3,14.4,1.0,131.0,0.7568383691406251,True,CALL,2026-02-20,BKR
BKR260220C00045000,45.0,12.35,11.4,13.4,10.0,333.0,0.72851833984375,True,CALL,2026-02-20,BKR
BKR260220C00046000,46.0,11.2,10.5,12.4,5.0,532.0,0.6972686523437501,True,CALL,2026-02-20,BKR
BKR260220C00047000,47.0,9.7,9.5,11.4,22.0,462.0,0.6445348046875,True,CALL,2026-02-20,BKR
BKR260220C00048000,48.0,8.6,8.5,10.2,1.0,446.0,0.5537154003906251,True,CALL,2026-02-20,BKR
BKR260220C00049000,49.0,7.71,7.6,9.2,1.0,157.0,0.5224657128906249,True,CALL,2026-02-20,BKR
BKR260220C00050000,50.0,7.5,7.1,8.0,12.0,995.0,0.5200243310546875,True,CALL,2026-02-20,BKR
BKR260220C00055000,55.0,3.0,2.9,3.1,76.0,5558.0,0.34961587890624996,True,CALL,2026-02-20,BKR
BKR260220C00060000,60.0,0.72,0.65,0.8,247.0,2985.0,0.33350275878906255,False,CALL,2026-02-20,BKR
BKR260220C00065000,65.0,0.11,0.1,0.15,6.0,663.0,0.34668622070312494,False,CALL,2026-02-20,BKR
BKR260220C00070000,70.0,0.04,0.0,0.05,41.0,791.0,0.40430283203125,False,CALL,2026-02-20,BKR
BKR260220P00040000,40.0,0.01,0.0,0.05,2.0,1753.0,0.6093789062500001,False,PUT,2026-02-20,BKR
BKR260220P00041000,41.0,0.07,0.0,0.05,10.0,18.0,0.570316796875,False,PUT,2026-02-20,BKR
BKR260220P00042000,42.0,0.1,0.0,0.05,20.0,149.0,0.5312546875,False,PUT,2026-02-20,BKR
BKR260220P00043000,43.0,0.03,0.0,0.05,12.0,208.0,0.5468795312500001,False,PUT,2026-02-20,BKR
BKR260220P00044000,44.0,0.08,0.0,0.15,10.0,585.0,0.5410202148437502,False,PUT,2026-02-20,BKR
BKR260220P00045000,45.0,0.05,0.0,0.05,1.0,553.0,0.4687553125,False,PUT,2026-02-20,BKR
BKR260220P00046000,46.0,0.1,0.0,0.5,1.0,213.0,0.5888712988281251,False,PUT,2026-02-20,BKR
BKR260220P00047000,47.0,0.05,0.05,0.15,1.0,191.0,0.48242705078125003,False,PUT,2026-02-20,BKR
BKR260220P00048000,48.0,0.15,0.1,0.2,3.0,133.0,0.46973186523437505,False,PUT,2026-02-20,BKR
BKR260220P00049000,49.0,0.22,0.1,0.25,5.0,941.0,0.44922425781249997,False,PUT,2026-02-20,BKR
BKR260220P00050000,50.0,0.2,0.15,0.25,8.0,503.0,0.4023497265625,False,PUT,2026-02-20,BKR
BKR260220P00055000,55.0,0.95,0.85,1.1,61.0,699.0,0.3437565625,False,PUT,2026-02-20,BKR
BKR260220P00060000,60.0,4.63,3.5,3.9,9.0,9.0,0.3479069116210937,True,PUT,2026-02-20,BKR
BKR260320C00040000,40.0,15.6,16.5,18.5,2.0,199.0,0.708010732421875,True,CALL,2026-03-20,BKR
BKR260320C00041000,41.0,10.86,15.5,17.5,6.0,3.0,0.6689486230468751,True,CALL,2026-03-20,BKR
BKR260320C00042000,42.0,5.0,14.5,16.5,21.0,107.0,0.6303747900390625,True,CALL,2026-03-20,BKR
BKR260320C00043000,43.0,8.0,13.6,15.6,1.0,19.0,0.622074091796875,True,CALL,2026-03-20,BKR
BKR260320C00044000,44.0,3.3,12.6,14.6,1.0,9.0,0.5835002587890624,True,CALL,2026-03-20,BKR
BKR260320C00045000,45.0,10.8,11.6,13.5,1.0,179.0,0.532231240234375,True,CALL,2026-03-20,BKR
BKR260320C00046000,46.0,9.3,10.7,12.6,3.0,158.0,0.5200243310546875,True,CALL,2026-03-20,BKR
BKR260320C00047000,47.0,10.8,10.2,10.8,14.0,407.0,0.5151415673828125,True,CALL,2026-03-20,BKR
BKR260320C00048000,48.0,9.9,8.9,10.5,2.0,169.0,0.6057168334960938,True,CALL,2026-03-20,BKR
BKR260320C00049000,49.0,7.7,8.0,9.3,1.0,564.0,0.5275926147460939,True,CALL,2026-03-20,BKR
BKR260320C00050000,50.0,7.62,7.3,8.4,12.0,1046.0,0.5004932763671875,True,CALL,2026-03-20,BKR
BKR260320C00055000,55.0,4.19,3.9,4.2,711.0,2748.0,0.37354142089843745,True,CALL,2026-03-20,BKR
BKR260320C00060000,60.0,1.75,1.55,1.8,74.0,1288.0,0.35352208984374994,False,CALL,2026-03-20,BKR
BKR260320C00065000,65.0,0.58,0.45,0.7,15.0,301.0,0.35864899169921877,False,CALL,2026-03-20,BKR
BKR260320C00070000,70.0,0.2,0.15,0.25,35.0,51.0,0.366217275390625,False,CALL,2026-03-20,BKR
BKR260320P00040000,40.0,0.34,0.0,0.75,1.0,217.0,0.65039412109375,False,PUT,2026-03-20,BKR
BKR260320P00041000,41.0,0.37,0.0,0.75,1.0,222.0,0.6132851171875001,False,PUT,2026-03-20,BKR
BKR260320P00042000,42.0,0.3,0.05,0.75,31.0,476.0,0.586918193359375,False,PUT,2026-03-20,BKR
BKR260320P00043000,43.0,0.48,0.05,0.75,1.0,121.0,0.5507857421875001,False,PUT,2026-03-20,BKR
BKR260320P00044000,44.0,0.72,0.05,0.75,2.0,170.0,0.5151415673828125,False,PUT,2026-03-20,BKR
BKR260320P00045000,45.0,0.23,0.05,0.45,1.0,116.0,0.49561051269531253,False,PUT,2026-03-20,BKR
BKR260320P00046000,46.0,0.38,0.15,0.6,2.0,75.0,0.500005,False,PUT,2026-03-20,BKR
BKR260320P00047000,47.0,0.45,0.2,0.75,2.0,64.0,0.49805189453125004,False,PUT,2026-03-20,BKR
BKR260320P00048000,48.0,0.5,0.25,0.7,1.0,156.0,0.44873598144531246,False,PUT,2026-03-20,BKR
BKR260320P00049000,49.0,0.55,0.35,0.65,4.0,144.0,0.40064075927734377,False,PUT,2026-03-20,BKR
BKR260320P00050000,50.0,0.71,0.5,0.75,10.0,618.0,0.38281867187499996,False,PUT,2026-03-20,BKR
BKR260320P00055000,55.0,2.2,1.55,1.95,1.0,321.0,0.33887379882812496,False,PUT,2026-03-20,BKR
BKR260417C00040000,40.0,14.92,16.6,18.8,1.0,65.0,0.6206092626953126,True,CALL,2026-04-17,BKR
BKR260417C00041000,41.0,8.05,15.7,17.8,25.0,25.0,0.5986368261718751,True,CALL,2026-04-17,BKR
BKR260417C00042000,42.0,5.4,14.8,16.8,1.0,2.0,0.5759319750976561,True,CALL,2026-04-17,BKR
BKR260417C00043000,43.0,9.8,13.7,15.7,4.0,6.0,0.5219774365234374,True,CALL,2026-04-17,BKR
BKR260417C00044000,44.0,7.33,12.9,14.8,2.0,36.0,0.5195360546875,True,CALL,2026-04-17,BKR
BKR260417C00045000,45.0,6.0,12.0,13.8,54.0,288.0,0.64062859375,True,CALL,2026-04-17,BKR
BKR260417C00046000,46.0,11.45,11.1,12.8,2.0,96.0,0.6025430371093752,True,CALL,2026-04-17,BKR
BKR260417C00047000,47.0,6.4,10.2,11.9,10.0,395.0,0.5783733569335938,True,CALL,2026-04-17,BKR
BKR260417C00048000,48.0,10.06,9.3,11.1,1.0,130.0,0.5664105859375,True,CALL,2026-04-17,BKR
BKR260417C00049000,49.0,5.7,8.5,10.2,4.0,115.0,0.5400436621093752,True,CALL,2026-04-17,BKR
BKR260417C00050000,50.0,8.55,7.8,9.3,75.0,343.0,0.5127001855468749,True,CALL,2026-04-17,BKR
BKR260417C00055000,55.0,5.0,4.7,5.0,29.0,985.0,0.3794007373046875,True,CALL,2026-04-17,BKR
BKR260417C00060000,60.0,2.42,2.3,2.45,193.0,669.0,0.3479069116210937,False,CALL,2026-04-17,BKR
BKR260417C00065000,65.0,1.0,0.85,1.25,43.0,1058.0,0.35986968261718744,False,CALL,2026-04-17,BKR
BKR260417C00070000,70.0,0.53,0.2,0.85,1.0,16.0,0.40869731933593745,False,CALL,2026-04-17,BKR
BKR260417P00040000,40.0,0.45,0.05,0.75,1.0,57.0,0.5307664111328125,False,PUT,2026-04-17,BKR
BKR260417P00041000,41.0,0.47,0.05,0.75,1.0,12.0,0.5009815527343751,False,PUT,2026-04-17,BKR
BKR260417P00042000,42.0,0.37,0.05,0.75,2.0,72.0,0.5585981640625001,False,PUT,2026-04-17,BKR
BKR260417P00043000,43.0,0.43,0.05,0.75,1.0,92.0,0.526371923828125,False,PUT,2026-04-17,BKR
BKR260417P00044000,44.0,0.65,0.15,0.75,2.0,222.0,0.49414568359375005,False,PUT,2026-04-17,BKR
BKR260417P00045000,45.0,0.5,0.25,0.75,1.0,225.0,0.4624077197265626,False,PUT,2026-04-17,BKR
BKR260417P00046000,46.0,0.53,0.3,0.75,3.0,53.0,0.43115803222656257,False,PUT,2026-04-17,BKR
BKR260417P00047000,47.0,0.67,0.35,0.75,3.0,31.0,0.39990834472656256,False,PUT,2026-04-17,BKR
BKR260417P00048000,48.0,0.9,0.45,0.85,1.0,283.0,0.3857483300781249,False,PUT,2026-04-17,BKR
BKR260417P00049000,49.0,1.05,0.55,1.0,1.0,94.0,0.37695935546875,False,PUT,2026-04-17,BKR
BKR260417P00050000,50.0,1.2,0.7,1.15,1.0,103.0,0.36524072265625,False,PUT,2026-04-17,BKR
BKR260417P00055000,55.0,2.53,2.2,2.55,37.0,146.0,0.3320379296875,False,PUT,2026-04-17,BKR
BKR260417P00060000,60.0,11.04,4.5,5.2,1.0,1.0,0.32080757324218745,True,PUT,2026-04-17,BKR
BKR260618C00040000,40.0,18.0,17.0,18.8,5.0,76.0,0.6279334082031252,True,CALL,2026-06-18,BKR
BKR260618C00042000,42.0,15.75,15.2,17.1,1.0,205.0,0.602787175292969,True,CALL,2026-06-18,BKR
BKR260618C00045000,45.0,12.65,12.6,14.5,2.0,306.0,0.5534712622070312,True,CALL,2026-06-18,BKR
BKR260618C00047000,47.0,11.9,11.1,12.9,4.0,879.0,0.5300339965820313,True,CALL,2026-06-18,BKR
BKR260618C00050000,50.0,9.89,8.8,9.6,274.0,1116.0,0.4100400793457031,True,CALL,2026-06-18,BKR
BKR260618C00055000,55.0,6.4,6.0,6.4,18.0,2522.0,0.38684695190429685,True,CALL,2026-06-18,BKR
BKR260618C00060000,60.0,3.6,3.6,4.0,4.0,526.0,0.37183245361328127,False,CALL,2026-06-18,BKR
BKR260618C00065000,65.0,2.18,1.95,2.3,8.0,239.0,0.35767243896484374,False,CALL,2026-06-18,BKR
BKR260618C00070000,70.0,1.25,1.1,1.35,1.0,16.0,0.3588931298828125,False,CALL,2026-06-18,BKR
BKR260618P00040000,40.0,0.54,0.1,0.75,252.0,1732.0,0.4682670361328125,False,PUT,2026-06-18,BKR
BKR260618P00042000,42.0,1.2,0.2,0.9,1.0,2327.0,0.44214425048828127,False,PUT,2026-06-18,BKR
BKR260618P00045000,45.0,1.1,0.75,1.1,8.0,153.0,0.39380489013671877,False,PUT,2026-06-18,BKR
BKR260618P00047000,47.0,1.3,1.15,1.5,1.0,313.0,0.3881897119140625,False,PUT,2026-06-18,BKR
BKR260618P00050000,50.0,1.95,1.85,2.1,1.0,269.0,0.36340968627929693,False,PUT,2026-06-18,BKR
BKR260618P00055000,55.0,3.7,3.4,3.8,1.0,234.0,0.3407048352050781,False,PUT,2026-06-18,BKR
BKR260618P00060000,60.0,6.4,5.8,6.5,2.0,3.0,0.33423517333984376,True,PUT,2026-06-18,BKR
BKR260618P00065000,65.0,16.04,8.5,9.8,,1.0,0.3147041186523437,True,PUT,2026-06-18,BKR
BKR260717C00040000,40.0,15.47,16.7,19.2,3.0,12.0,0.6178016735839844,True,CALL,2026-07-17,BKR
BKR260717C00042000,42.0,13.97,15.4,17.4,1.0,2.0,0.5803264624023439,True,CALL,2026-07-17,BKR
BKR260717C00044000,44.0,14.95,13.8,15.7,4.0,5.0,0.5515181567382813,True,CALL,2026-07-17,BKR
BKR260717C00045000,45.0,12.85,13.0,14.9,1.0,0.0,0.5407760766601564,True,CALL,2026-07-17,BKR
BKR260717C00046000,46.0,10.43,12.1,14.1,1.0,19.0,0.5290574438476563,True,CALL,2026-07-17,BKR
BKR260717C00047000,47.0,12.0,11.3,13.3,20.0,20.0,0.5163622583007812,True,CALL,2026-07-17,BKR
BKR260717C00048000,48.0,11.38,10.7,12.5,2.0,102.0,0.5029346582031251,True,CALL,2026-07-17,BKR
BKR260717C00049000,49.0,11.3,10.0,11.2,5.0,8.0,0.4493463269042969,True,CALL,2026-07-17,BKR
BKR260717C00050000,50.0,9.13,9.7,10.1,3.0,44.0,0.4124814611816406,True,CALL,2026-07-17,BKR
BKR260717C00055000,55.0,6.01,6.5,7.0,20.0,43.0,0.39234006103515623,True,CALL,2026-07-17,BKR
BKR260717C00060000,60.0,4.0,4.0,4.5,600.0,54.0,0.3709779699707031,False,CALL,2026-07-17,BKR
BKR260717C00065000,65.0,2.25,2.35,2.85,2.0,30.0,0.3648745153808594,False,CALL,2026-07-17,BKR
BKR260717C00070000,70.0,1.45,1.4,1.6,15.0,13.0,0.348639326171875,False,CALL,2026-07-17,BKR
BKR260717P00040000,40.0,1.08,0.1,0.85,10.0,11.0,0.442388388671875,False,PUT,2026-07-17,BKR
BKR260717P00041000,41.0,2.45,0.2,0.95,,10.0,0.43335527587890627,False,PUT,2026-07-17,BKR
BKR260717P00042000,42.0,2.42,0.3,1.05,,1.0,0.42310147216796873,False,PUT,2026-07-17,BKR
BKR260717P00043000,43.0,2.23,0.4,1.15,,1.0,0.4118711157226562,False,PUT,2026-07-17,BKR
BKR260717P00044000,44.0,2.49,0.65,1.2,2.0,12.0,0.39380489013671877,False,PUT,2026-07-17,BKR
BKR260717P00045000,45.0,1.35,0.8,1.4,1.0,34.0,0.3920959228515625,False,PUT,2026-07-17,BKR
BKR260717P00049000,49.0,3.0,1.8,2.2,16.0,31.0,0.3657289990234375,False,PUT,2026-07-17,BKR
BKR260717P00050000,50.0,2.3,2.05,2.5,10.0,27.0,0.3632876171875,False,PUT,2026-07-17,BKR
BKR260717P00055000,55.0,5.7,3.7,4.2,9.0,10.0,0.33704276245117193,False,PUT,2026-07-17,BKR
BKR260918C00040000,40.0,11.34,10.3,13.1,5.0,68.0,1.0000000000000003e-05,True,CALL,2026-09-18,BKR
BKR260918C00042000,42.0,10.63,16.0,18.0,1.0,164.0,0.5471236694335939,True,CALL,2026-09-18,BKR
BKR260918C00045000,45.0,10.0,13.6,15.6,1.0,169.0,0.5148974291992188,True,CALL,2026-09-18,BKR
BKR260918C00047000,47.0,10.34,12.1,14.1,2.0,288.0,0.4974415490722657,True,CALL,2026-09-18,BKR
BKR260918C00050000,50.0,10.35,10.4,11.1,14.0,308.0,0.41748629394531245,True,CALL,2026-09-18,BKR
BKR260918C00055000,55.0,7.39,7.1,8.1,1.0,385.0,0.3978331701660156,True,CALL,2026-09-18,BKR
BKR260918C00060000,60.0,5.1,4.8,5.7,5.0,51.0,0.3830628100585937,False,CALL,2026-09-18,BKR
BKR260918C00065000,65.0,3.25,3.2,3.9,6.0,47.0,0.37305314453125,False,CALL,2026-09-18,BKR
BKR260918C00070000,70.0,2.0,1.95,2.65,5.0,22.0,0.36890279541015625,False,CALL,2026-09-18,BKR
BKR260918P00040000,40.0,1.55,0.6,1.2,5.0,198.0,0.42090422851562503,False,PUT,2026-09-18,BKR
BKR260918P00042000,42.0,1.65,0.8,1.45,5.0,93.0,0.40418076293945315,False,PUT,2026-09-18,BKR
BKR260918P00045000,45.0,3.11,1.2,2.0,33.0,170.0,0.3874572973632812,False,PUT,2026-09-18,BKR
BKR260918P00047000,47.0,2.35,1.65,2.45,10.0,114.0,0.37695935546875,False,PUT,2026-09-18,BKR
BKR260918P00050000,50.0,3.8,2.25,3.3,65.0,213.0,0.36365382446289063,False,PUT,2026-09-18,BKR
BKR260918P00055000,55.0,5.14,4.0,5.1,5.0,10.0,0.339301040649414,False,PUT,2026-09-18,BKR
BKR260918P00065000,65.0,14.56,9.7,10.9,3.0,2.0,0.3129951513671875,True,PUT,2026-09-18,BKR
BKR261218C00040000,40.0,18.35,18.4,20.5,15.0,86.0,0.5467574621582032,True,CALL,2026-12-18,BKR
BKR261218C00042000,42.0,16.6,16.8,18.9,1.0,80.0,0.5262498547363281,True,CALL,2026-12-18,BKR
BKR261218C00045000,45.0,14.25,14.6,16.7,3.0,40.0,0.5048877636718749,True,CALL,2026-12-18,BKR
BKR261218C00047000,47.0,10.0,13.3,14.2,1.0,57.0,0.4276180285644532,True,CALL,2026-12-18,BKR
BKR261218C00050000,50.0,11.9,11.3,12.2,9.0,554.0,0.41345801391601555,True,CALL,2026-12-18,BKR
BKR261218C00055000,55.0,9.0,8.6,9.4,275.0,296.0,0.40039662109375,True,CALL,2026-12-18,BKR
BKR261218C00060000,60.0,6.8,6.5,7.0,26.0,1502.0,0.38550419189453117,False,CALL,2026-12-18,BKR
BKR261218C00065000,65.0,4.5,4.6,5.2,3.0,181.0,0.37879039184570307,False,CALL,2026-12-18,BKR
BKR261218C00070000,70.0,3.2,3.2,3.7,2.0,338.0,0.3679872772216797,False,CALL,2026-12-18,BKR
BKR261218P00040000,40.0,2.46,0.95,1.7,50.0,133.0,0.40320421020507813,False,PUT,2026-12-18,BKR
BKR261218P00042000,42.0,3.9,1.95,0.0,4.0,92.0,0.062509375,False,PUT,2026-12-18,BKR
BKR261218P00045000,45.0,3.7,1.75,2.75,9.0,21.0,0.3800110827636719,False,PUT,2026-12-18,BKR
BKR261218P00047000,47.0,3.2,2.8,3.3,1.0,150.0,0.37244279907226563,False,PUT,2026-12-18,BKR
BKR261218P00050000,50.0,4.1,3.7,4.2,110.0,145.0,0.3580386462402344,False,PUT,2026-12-18,BKR
BKR261218P00055000,55.0,6.28,5.6,6.2,11.0,14.0,0.34101000793457037,False,PUT,2026-12-18,BKR
BKR270115C00040000,40.0,18.6,18.4,20.0,102.0,371.0,0.48901878173828134,True,CALL,2027-01-15,BKR
BKR270115C00042000,42.0,17.6,16.6,19.1,32.0,180.0,0.5178270874023438,True,CALL,2027-01-15,BKR
BKR270115C00045000,45.0,15.37,15.0,17.5,1.0,165.0,0.5310105493164063,True,CALL,2027-01-15,BKR
BKR270115C00047000,47.0,14.5,13.1,15.5,1.0,932.0,0.4826711889648438,True,CALL,2027-01-15,BKR
BKR270115C00050000,50.0,12.0,11.6,12.5,27.0,1157.0,0.41211525390625,True,CALL,2027-01-15,BKR
BKR270115C00055000,55.0,9.1,9.0,9.7,5.0,2146.0,0.39819937744140627,True,CALL,2027-01-15,BKR
BKR270115C00060000,60.0,5.7,5.9,7.4,7.0,968.0,0.3878235046386719,False,CALL,2027-01-15,BKR
BKR270115C00065000,65.0,5.25,4.8,5.6,26.0,139.0,0.3815979809570312,False,CALL,2027-01-15,BKR
BKR270115C00070000,70.0,3.4,3.5,4.2,1.0,342.0,0.3772645281982422,False,CALL,2027-01-15,BKR
BKR270115P00040000,40.0,1.47,1.05,1.9,1.0,1995.0,0.40332627929687503,False,PUT,2027-01-15,BKR
BKR270115P00042000,42.0,2.0,1.35,2.25,1.0,189.0,0.39050902465820314,False,PUT,2027-01-15,BKR
BKR270115P00045000,45.0,4.65,2.1,2.95,4.0,141.0,0.37720349365234374,False,PUT,2027-01-15,BKR
BKR270115P00047000,47.0,3.13,2.35,3.5,2.0,96.0,0.36890279541015625,False,PUT,2027-01-15,BKR
BKR270115P00050000,50.0,4.4,3.2,4.5,2.0,16.0,0.3591372680664062,False,PUT,2027-01-15,BKR
BKR270115P00055000,55.0,6.3,5.1,6.5,8.0,15.0,0.34113207702636716,False,PUT,2027-01-15,BKR
BKR270115P00060000,60.0,8.4,7.6,9.0,1.0,7.0,0.32398136962890617,True,PUT,2027-01-15,BKR
BKR270115P00065000,65.0,19.5,18.0,21.8,1.0,0.0,0.6638217211914064,True,PUT,2027-01-15,BKR
BKR270115P00070000,70.0,29.3,30.5,35.5,1.0,1.0,1.0990035284423831,True,PUT,2027-01-15,BKR
BKR280121C00040000,40.0,22.3,20.7,22.5,5.0,21.0,0.45978323425292966,True,CALL,2028-01-21,BKR
BKR280121C00043000,43.0,13.16,10.5,15.5,1.0,4.0,0.2210771252441406,True,CALL,2028-01-21,BKR
BKR280121C00045000,45.0,16.3,17.7,20.5,11.0,110.0,0.48981223083496106,True,CALL,2028-01-21,BKR
BKR280121C00047000,47.0,17.16,16.4,19.5,1.0,252.0,0.4887746435546876,True,CALL,2028-01-21,BKR
BKR280121C00050000,50.0,15.61,13.5,16.5,4.0,568.0,0.430242514038086,True,CALL,2028-01-21,BKR
BKR280121C00055000,55.0,13.0,12.0,15.3,2.0,191.0,0.4626518579101563,True,CALL,2028-01-21,BKR
BKR280121C00060000,60.0,10.6,9.7,12.9,7.0,133.0,0.4445245977783203,False,CALL,2028-01-21,BKR
BKR280121C00065000,65.0,8.4,7.6,9.3,1.0,16.0,0.38233039550781245,False,CALL,2028-01-21,BKR
BKR280121C00070000,70.0,7.0,5.7,9.0,13.0,281.0,0.4168149139404296,False,CALL,2028-01-21,BKR
BKR280121P00040000,40.0,3.8,1.55,4.8,112.0,147.0,0.4265194067382813,False,PUT,2028-01-21,BKR
BKR280121P00043000,43.0,5.0,2.3,5.7,5.0,75.0,0.4126645648193359,False,PUT,2028-01-21,BKR
BKR280121P00045000,45.0,4.88,3.8,6.3,1.0,74.0,0.40161731201171874,False,PUT,2028-01-21,BKR
BKR280121P00047000,47.0,6.2,3.6,7.0,1.0,7.0,0.3931945446777344,False,PUT,2028-01-21,BKR
BKR280121P00050000,50.0,8.2,4.7,8.1,1.0,355.0,0.3795228063964844,False,PUT,2028-01-21,BKR
BKR280121P00055000,55.0,10.2,6.6,10.1,,2.0,0.3556582989501953,False,PUT,2028-01-21,BKR
BKR280121P00060000,60.0,14.63,9.5,12.4,,1.0,0.3327703442382813,True,PUT,2028-01-21,BKR
BMNR260130C00018500,18.5,9.25,7.45,9.6,3.0,4.0,5.085941142578125,True,CALL,2026-01-30,BMNR
BMNR260130C00019000,19.0,9.21,6.95,7.55,3.0,36.0,1.8125009374999999,True,CALL,2026-01-30,BMNR
BMNR260130C00019500,19.5,7.55,6.45,7.9,1.0,4.0,3.691407021484375,True,CALL,2026-01-30,BMNR
BMNR260130C00020000,20.0,7.05,6.0,7.5,2.0,28.0,3.6484383789062504,True,CALL,2026-01-30,BMNR
BMNR260130C00020500,20.5,6.62,5.45,7.1,1.0,1.0,3.4726575683593754,True,CALL,2026-01-30,BMNR
BMNR260130C00021000,21.0,6.12,4.95,6.6,3.0,23.0,3.238283154296875,True,CALL,2026-01-30,BMNR
BMNR260130C00021500,21.5,4.81,4.45,5.05,5.0,6.0,1.15625421875,True,CALL,2026-01-30,BMNR
BMNR260130C00022000,22.0,4.43,4.05,4.5,118.0,22.0,1.3125034374999998,True,CALL,2026-01-30,BMNR
BMNR260130C00022500,22.5,7.81,3.5,4.05,1.0,17.0,1.171879140625,True,CALL,2026-01-30,BMNR
BMNR260130C00023000,23.0,3.5,2.97,3.55,166.0,106.0,0.92187578125,True,CALL,2026-01-30,BMNR
BMNR260130C00023500,23.5,3.84,2.51,3.7,1.0,8.0,1.7695324023437498,True,CALL,2026-01-30,BMNR
BMNR260130C00024000,24.0,3.15,2.14,3.5,3.0,81.0,1.92578162109375,True,CALL,2026-01-30,BMNR
BMNR260130C00024500,24.5,2.75,1.6,2.4,3.0,141.0,1.15234798828125,True,CALL,2026-01-30,BMNR
BMNR260130C00025000,25.0,2.02,1.36,1.93,71.0,233.0,1.1757853710937498,True,CALL,2026-01-30,BMNR
BMNR260130C00025500,25.5,0.9,0.92,1.05,10.0,40.0,0.6992217578125001,True,CALL,2026-01-30,BMNR
BMNR260130C00026000,26.0,0.7,0.64,0.75,196.0,200.0,0.73437765625,True,CALL,2026-01-30,BMNR
BMNR260130C00026500,26.5,0.49,0.45,0.51,752.0,7.0,0.7695335546875001,False,CALL,2026-01-30,BMNR
BMNR260130C00027000,27.0,0.3,0.3,0.32,1533.0,772.0,0.7851583984375,False,CALL,2026-01-30,BMNR
BMNR260130C00027500,27.5,0.2,0.18,0.22,3240.0,300.0,0.8085956640624999,False,CALL,2026-01-30,BMNR
BMNR260130C00028000,28.0,0.12,0.1,0.12,6244.0,2292.0,0.79687703125,False,CALL,2026-01-30,BMNR
BMNR260130C00028500,28.5,0.08,0.06,0.09,3386.0,2490.0,0.8437515624999999,False,CALL,2026-01-30,BMNR
BMNR260130C00029000,29.0,0.06,0.04,0.06,4239.0,4576.0,0.8828136718749999,False,CALL,2026-01-30,BMNR
BMNR260130C00029500,29.5,0.04,0.03,0.04,849.0,2190.0,0.929688203125,False,CALL,2026-01-30,BMNR
BMNR260130C00030000,30.0,0.03,0.03,0.04,6398.0,11290.0,1.0312548437500002,False,CALL,2026-01-30,BMNR
BMNR260130C00030500,30.5,0.03,0.01,0.04,461.0,2603.0,1.0703171484375003,False,CALL,2026-01-30,BMNR
BMNR260130C00031000,31.0,0.01,0.01,0.02,1975.0,7304.0,1.0781296093750001,False,CALL,2026-01-30,BMNR
BMNR260130C00031500,31.5,0.02,0.01,0.03,588.0,5785.0,1.21875390625,False,CALL,2026-01-30,BMNR
BMNR260130C00032000,32.0,0.01,0.02,0.03,1107.0,5599.0,1.3437532812499997,False,CALL,2026-01-30,BMNR
BMNR260130C00032500,32.5,0.02,0.01,0.04,537.0,2321.0,1.4375028125,False,CALL,2026-01-30,BMNR
BMNR260130C00033000,33.0,0.03,0.02,0.03,712.0,5607.0,1.5156274218749999,False,CALL,2026-01-30,BMNR
BMNR260130C00033500,33.5,0.01,0.01,0.02,310.0,1579.0,1.484377578125,False,CALL,2026-01-30,BMNR
BMNR260130C00034000,34.0,0.02,0.01,0.03,650.0,3416.0,1.625001875,False,CALL,2026-01-30,BMNR
BMNR260130P00018500,18.5,0.01,0.0,0.03,17.0,795.0,2.1250046874999997,False,PUT,2026-01-30,BMNR
BMNR260130P00019000,19.0,0.02,0.0,0.02,78.0,4223.0,1.875000625,False,PUT,2026-01-30,BMNR
BMNR260130P00019500,19.5,0.01,0.0,0.08,5.0,129.0,2.1250046874999997,False,PUT,2026-01-30,BMNR
BMNR260130P00020000,20.0,0.02,0.02,0.04,146.0,2812.0,1.875000625,False,PUT,2026-01-30,BMNR
BMNR260130P00020500,20.5,0.03,0.01,0.04,38.0,285.0,1.671876640625,False,PUT,2026-01-30,BMNR
BMNR260130P00021000,21.0,0.03,0.01,0.05,33.0,2185.0,1.5781271093749998,False,PUT,2026-01-30,BMNR
BMNR260130P00021500,21.5,0.09,0.01,0.09,2.0,249.0,1.5781271093749998,False,PUT,2026-01-30,BMNR
BMNR260130P00022000,22.0,0.04,0.04,0.06,682.0,2936.0,1.421877890625,False,PUT,2026-01-30,BMNR
BMNR260130P00022500,22.5,0.03,0.05,0.06,1.0,513.0,1.3046909765624997,False,PUT,2026-01-30,BMNR
BMNR260130P00023000,23.0,0.07,0.06,0.07,201.0,7329.0,1.1953165234375,False,PUT,2026-01-30,BMNR
BMNR260130P00023500,23.5,0.01,0.05,0.14,13.0,353.0,1.1445355273437499,False,PUT,2026-01-30,BMNR
BMNR260130P00024000,24.0,0.12,0.1,0.18,1987.0,7689.0,1.0976607617187502,False,PUT,2026-01-30,BMNR
BMNR260130P00024500,24.5,0.18,0.18,0.2,157.0,376.0,1.0234423828125,False,PUT,2026-01-30,BMNR
BMNR260130P00025000,25.0,0.25,0.23,0.27,3410.0,10498.0,0.929688203125,False,PUT,2026-01-30,BMNR
BMNR260130P00025500,25.5,0.41,0.4,0.41,402.0,1880.0,0.937500625,False,PUT,2026-01-30,BMNR
BMNR260130P00026000,26.0,0.58,0.59,0.62,1001.0,3240.0,0.9335944140625,False,PUT,2026-01-30,BMNR
BMNR260130P00026500,26.5,0.83,0.83,0.93,1555.0,1227.0,0.9570316796874999,True,PUT,2026-01-30,BMNR
BMNR260130P00027000,27.0,1.16,1.15,1.26,1924.0,5140.0,0.9765627343750001,True,PUT,2026-01-30,BMNR
BMNR260130P00027500,27.5,1.48,1.54,1.64,537.0,2024.0,1.0234423828125,True,PUT,2026-01-30,BMNR
BMNR260130P00028000,28.0,2.0,1.92,2.04,2410.0,3761.0,1.0234423828125,True,PUT,2026-01-30,BMNR
BMNR260130P00028500,28.5,2.45,2.29,2.59,543.0,2057.0,1.1054732226562503,True,PUT,2026-01-30,BMNR
BMNR260130P00029000,29.0,2.85,2.82,3.0,348.0,1911.0,1.18359783203125,True,PUT,2026-01-30,BMNR
BMNR260130P00029500,29.5,3.34,3.1,3.65,122.0,287.0,1.2265663671875,True,PUT,2026-01-30,BMNR
BMNR260130P00030000,30.0,3.94,3.75,4.0,324.0,3341.0,1.3515657421874998,True,PUT,2026-01-30,BMNR
BMNR260130P00030500,30.5,3.7,3.9,4.55,18.0,596.0,1.9062504687500001,True,PUT,2026-01-30,BMNR
BMNR260130P00031000,31.0,4.14,4.4,5.1,68.0,442.0,2.144535888671875,True,PUT,2026-01-30,BMNR
BMNR260130P00031500,31.5,4.8,4.8,5.55,12.0,429.0,2.1679733300781248,True,PUT,2026-01-30,BMNR
BMNR260130P00032000,32.0,4.99,4.8,6.05,13.0,405.0,2.28906677734375,True,PUT,2026-01-30,BMNR
BMNR260130P00032500,32.5,4.89,5.8,6.5,13.0,84.0,2.28906677734375,True,PUT,2026-01-30,BMNR
BMNR260130P00033000,33.0,6.15,6.5,7.05,7.0,320.0,1.4375028125,True,PUT,2026-01-30,BMNR
BMNR260130P00033500,33.5,6.41,6.35,7.55,2.0,50.0,2.6406283984375003,True,PUT,2026-01-30,BMNR
BMNR260130P00034000,34.0,7.15,7.5,8.0,105.0,394.0,2.61719095703125,True,PUT,2026-01-30,BMNR
BMNR260206C00020000,20.0,7.0,6.15,7.05,2.0,2.0,1.53515857421875,True,CALL,2026-02-06,BMNR
BMNR260206C00022000,22.0,4.6,4.3,4.7,1.0,9.0,1.013676806640625,True,CALL,2026-02-06,BMNR
BMNR260206C00023000,23.0,6.09,3.35,5.5,,0.0,1.609376953125,True,CALL,2026-02-06,BMNR
BMNR260206C00024000,24.0,4.42,2.75,3.15,2.0,16.0,1.0078174609375,True,CALL,2026-02-06,BMNR
BMNR260206C00024500,24.5,3.03,2.31,2.5,2.0,172.0,0.8564467480468749,True,CALL,2026-02-06,BMNR
BMNR260206C00025000,25.0,2.23,2.06,2.17,77.0,65.0,0.877930908203125,True,CALL,2026-02-06,BMNR
BMNR260206C00026000,26.0,1.55,1.5,1.61,293.0,52.0,0.87500125,True,CALL,2026-02-06,BMNR
BMNR260206C00026500,26.5,1.45,1.32,1.41,145.0,17.0,0.9023447265625,False,CALL,2026-02-06,BMNR
BMNR260206C00027000,27.0,1.14,1.08,1.15,968.0,566.0,0.877930908203125,False,CALL,2026-02-06,BMNR
BMNR260206C00027500,27.5,1.0,0.91,0.97,157.0,57.0,0.8828136718749999,False,CALL,2026-02-06,BMNR
BMNR260206C00028000,28.0,0.82,0.76,0.82,866.0,661.0,0.8886729882812499,False,CALL,2026-02-06,BMNR
BMNR260206C00028500,28.5,0.71,0.64,0.72,1923.0,549.0,0.9082040429687499,False,CALL,2026-02-06,BMNR
BMNR260206C00029000,29.0,0.56,0.53,0.59,869.0,1209.0,0.9082040429687499,False,CALL,2026-02-06,BMNR
BMNR260206C00029500,29.5,0.47,0.44,0.52,607.0,558.0,0.9248054394531251,False,CALL,2026-02-06,BMNR
BMNR260206C00030000,30.0,0.39,0.36,0.4,1020.0,2295.0,0.914063359375,False,CALL,2026-02-06,BMNR
BMNR260206C00030500,30.5,0.34,0.3,0.34,186.0,700.0,0.9257819921875,False,CALL,2026-02-06,BMNR
BMNR260206C00031000,31.0,0.27,0.27,0.29,1311.0,1940.0,0.94726615234375,False,CALL,2026-02-06,BMNR
BMNR260206C00031500,31.5,0.25,0.22,0.25,298.0,1503.0,0.9570316796874999,False,CALL,2026-02-06,BMNR
BMNR260206C00032000,32.0,0.21,0.2,0.22,773.0,2114.0,0.98437515625,False,CALL,2026-02-06,BMNR
BMNR260206C00032500,32.5,0.18,0.17,0.19,267.0,730.0,0.9960937890625,False,CALL,2026-02-06,BMNR
BMNR260206C00033000,33.0,0.16,0.15,0.17,646.0,3026.0,1.01953615234375,False,CALL,2026-02-06,BMNR
BMNR260206C00033500,33.5,0.14,0.13,0.15,150.0,692.0,1.0351610742187503,False,CALL,2026-02-06,BMNR
BMNR260206C00034000,34.0,0.12,0.12,0.14,520.0,2995.0,1.0625046875000002,False,CALL,2026-02-06,BMNR
BMNR260206P00019000,19.0,0.16,0.15,0.17,84.0,3775.0,1.4140654296875002,False,PUT,2026-02-06,BMNR
BMNR260206P00020000,20.0,0.2,0.2,0.21,703.0,11675.0,1.3105503222656247,False,PUT,2026-02-06,BMNR
BMNR260206P00020500,20.5,0.23,0.22,0.25,38.0,337.0,1.2656286718749998,False,PUT,2026-02-06,BMNR
BMNR260206P00021000,21.0,0.24,0.23,0.29,55.0,2454.0,1.205082099609375,False,PUT,2026-02-06,BMNR
BMNR260206P00022000,22.0,0.33,0.33,0.36,192.0,2863.0,1.115238798828125,False,PUT,2026-02-06,BMNR
BMNR260206P00022500,22.5,0.4,0.39,0.43,97.0,551.0,1.08203583984375,False,PUT,2026-02-06,BMNR
BMNR260206P00023000,23.0,0.48,0.46,0.51,234.0,1319.0,1.0488328808593752,False,PUT,2026-02-06,BMNR
BMNR260206P00023500,23.5,0.58,0.55,0.6,24.0,1547.0,1.017583037109375,False,PUT,2026-02-06,BMNR
BMNR260206P00024000,24.0,0.71,0.66,0.73,1035.0,800.0,0.99804689453125,False,PUT,2026-02-06,BMNR
BMNR260206P00024500,24.5,0.82,0.79,0.87,415.0,583.0,0.97460962890625,False,PUT,2026-02-06,BMNR
BMNR260206P00025000,25.0,1.01,0.97,1.01,1474.0,1157.0,0.95507857421875,False,PUT,2026-02-06,BMNR
BMNR260206P00025500,25.5,1.17,1.15,1.25,336.0,311.0,0.9531254687499999,False,PUT,2026-02-06,BMNR
BMNR260206P00026000,26.0,1.41,1.38,1.46,817.0,3485.0,0.9414068359375,False,PUT,2026-02-06,BMNR
BMNR260206P00026500,26.5,1.67,1.65,1.73,592.0,625.0,0.9433599414062499,True,PUT,2026-02-06,BMNR
BMNR260206P00027000,27.0,2.02,1.96,2.01,3070.0,903.0,0.94726615234375,True,PUT,2026-02-06,BMNR
BMNR260206P00027500,27.5,2.21,2.25,2.36,452.0,156.0,0.9501958105468749,True,PUT,2026-02-06,BMNR
BMNR260206P00028000,28.0,2.6,2.61,2.7,451.0,4399.0,0.9589847851562499,True,PUT,2026-02-06,BMNR
BMNR260206P00028500,28.5,2.9,2.55,3.25,145.0,287.0,0.8828136718749999,True,PUT,2026-02-06,BMNR
BMNR260206P00029000,29.0,2.6,3.25,3.6,139.0,444.0,0.9863282617187501,True,PUT,2026-02-06,BMNR
BMNR260206P00029500,29.5,3.3,2.9,4.05,127.0,368.0,0.69336244140625,True,PUT,2026-02-06,BMNR
BMNR260206P00030000,30.0,4.0,4.0,4.4,2427.0,1243.0,0.96679720703125,True,PUT,2026-02-06,BMNR
BMNR260206P00030500,30.5,4.05,4.45,4.95,7.0,440.0,1.0371141894531253,True,PUT,2026-02-06,BMNR
BMNR260206P00031000,31.0,5.05,4.95,5.2,21.0,527.0,0.9863282617187501,True,PUT,2026-02-06,BMNR
BMNR260206P00031500,31.5,4.65,5.0,5.8,20.0,110.0,0.8398453515625,True,PUT,2026-02-06,BMNR
BMNR260206P00032000,32.0,5.43,5.05,6.3,21.0,204.0,1.3222690136718749,True,PUT,2026-02-06,BMNR
BMNR260206P00032500,32.5,5.9,6.05,6.75,5.0,91.0,0.9414068359375,True,PUT,2026-02-06,BMNR
BMNR260206P00033000,33.0,6.27,6.7,7.1,67.0,400.0,0.992187578125,True,PUT,2026-02-06,BMNR
BMNR260206P00033500,33.5,6.5,6.2,7.7,2.0,79.0,1.40625296875,True,PUT,2026-02-06,BMNR
BMNR260206P00034000,34.0,7.44,7.5,8.2,152.0,133.0,0.992187578125,True,PUT,2026-02-06,BMNR
BMNR260213C00019000,19.0,10.1,7.2,9.4,3.0,3.0,1.9179691601562503,True,CALL,2026-02-13,BMNR
BMNR260213C00020000,20.0,6.73,6.4,8.05,4.0,21.0,1.6621110644531252,True,CALL,2026-02-13,BMNR
BMNR260213C00022000,22.0,7.9,4.55,6.65,1.0,0.0,1.5068384033203124,True,CALL,2026-02-13,BMNR
BMNR260213C00024000,24.0,6.84,3.1,3.35,3.0,3.0,0.9062509375,True,CALL,2026-02-13,BMNR
BMNR260213C00025000,25.0,2.79,2.56,2.75,3.0,24.0,0.922852333984375,True,CALL,2026-02-13,BMNR
BMNR260213C00026000,26.0,2.12,2.0,2.11,32.0,56.0,0.8867198828124999,True,CALL,2026-02-13,BMNR
BMNR260213C00027000,27.0,1.63,1.5,1.63,192.0,70.0,0.8642591699218749,False,CALL,2026-02-13,BMNR
BMNR260213C00028000,28.0,1.3,1.22,1.34,88.0,257.0,0.9023447265625,False,CALL,2026-02-13,BMNR
BMNR260213C00029000,29.0,0.97,0.97,1.03,384.0,656.0,0.911133701171875,False,CALL,2026-02-13,BMNR
BMNR260213C00030000,30.0,0.77,0.75,0.79,412.0,1148.0,0.9160164648437501,False,CALL,2026-02-13,BMNR
BMNR260213C00030500,30.5,0.87,0.64,0.89,80.0,225.0,0.9707034179687499,False,CALL,2026-02-13,BMNR
BMNR260213C00031000,31.0,0.62,0.58,0.66,118.0,336.0,0.940430283203125,False,CALL,2026-02-13,BMNR
BMNR260213C00031500,31.5,0.7,0.5,0.59,42.0,110.0,0.9443364941406249,False,CALL,2026-02-13,BMNR
BMNR260213C00032000,32.0,0.5,0.46,0.51,990.0,728.0,0.9531254687499999,False,CALL,2026-02-13,BMNR
BMNR260213C00032500,32.5,0.52,0.4,0.5,15.0,1063.0,0.973633076171875,False,CALL,2026-02-13,BMNR
BMNR260213C00033000,33.0,0.46,0.37,0.41,1802.0,601.0,0.9726565234375,False,CALL,2026-02-13,BMNR
BMNR260213C00033500,33.5,0.46,0.29,0.4,47.0,142.0,0.9785158398437501,False,CALL,2026-02-13,BMNR
BMNR260213C00034000,34.0,0.33,0.29,0.36,1124.0,1399.0,1.0009815576171874,False,CALL,2026-02-13,BMNR
BMNR260213P00019000,19.0,0.2,0.21,0.31,13.0,640.0,1.197269638671875,False,PUT,2026-02-13,BMNR
BMNR260213P00020000,20.0,0.3,0.29,0.35,11.0,653.0,1.11328568359375,False,PUT,2026-02-13,BMNR
BMNR260213P00021000,21.0,0.39,0.38,0.47,9.0,574.0,1.056645341796875,False,PUT,2026-02-13,BMNR
BMNR260213P00022000,22.0,0.55,0.5,0.61,263.0,222.0,0.9970703417968749,False,PUT,2026-02-13,BMNR
BMNR260213P00023000,23.0,0.77,0.75,0.8,202.0,194.0,0.9707034179687499,False,PUT,2026-02-13,BMNR
BMNR260213P00024000,24.0,1.02,1.01,1.1,49.0,294.0,0.9443364941406249,False,PUT,2026-02-13,BMNR
BMNR260213P00025000,25.0,1.36,1.36,1.48,697.0,757.0,0.9267585449218749,False,PUT,2026-02-13,BMNR
BMNR260213P00026000,26.0,1.89,1.83,1.93,321.0,408.0,0.9179695703125,False,PUT,2026-02-13,BMNR
BMNR260213P00027000,27.0,2.41,2.29,2.47,198.0,299.0,0.8906260937499999,True,PUT,2026-02-13,BMNR
BMNR260213P00028000,28.0,3.04,2.97,3.15,482.0,551.0,0.91211025390625,True,PUT,2026-02-13,BMNR
BMNR260213P00029000,29.0,3.25,3.65,3.9,54.0,605.0,0.91992267578125,True,PUT,2026-02-13,BMNR
BMNR260213P00030000,30.0,4.52,4.35,4.75,16.0,369.0,0.928711650390625,True,PUT,2026-02-13,BMNR
BMNR260213P00030500,30.5,3.88,4.3,5.15,2.0,96.0,0.7939473730468749,True,PUT,2026-02-13,BMNR
BMNR260213P00031000,31.0,5.0,5.2,5.6,3.0,147.0,0.954102021484375,True,PUT,2026-02-13,BMNR
BMNR260213P00031500,31.5,3.1,4.8,6.0,2.0,326.0,0.6289099609375001,True,PUT,2026-02-13,BMNR
BMNR260213P00032000,32.0,5.54,5.4,6.5,8.0,1599.0,0.72070591796875,True,PUT,2026-02-13,BMNR
BMNR260213P00032500,32.5,4.64,5.9,7.0,1.0,24.0,0.7597680273437502,True,PUT,2026-02-13,BMNR
BMNR260213P00033000,33.0,6.49,6.95,7.3,58.0,177.0,0.95507857421875,True,PUT,2026-02-13,BMNR
BMNR260213P00033500,33.5,4.69,6.8,7.9,1.0,10.0,0.710940390625,True,PUT,2026-02-13,BMNR
BMNR260213P00034000,34.0,7.6,7.8,8.35,56.0,30.0,0.9941406835937501,True,PUT,2026-02-13,BMNR
BMNR260220C00019000,19.0,8.35,7.35,8.15,1.0,282.0,1.21875390625,True,CALL,2026-02-20,BMNR
BMNR260220C00020000,20.0,6.74,6.45,6.9,46.0,1779.0,1.01953615234375,True,CALL,2026-02-20,BMNR
BMNR260220C00021000,21.0,9.3,5.5,7.7,2.0,754.0,1.4277372363281249,True,CALL,2026-02-20,BMNR
BMNR260220C00022500,22.5,7.95,4.3,6.45,10.0,168.0,1.3017613037109372,True,CALL,2026-02-20,BMNR
BMNR260220C00023000,23.0,4.35,4.0,4.35,1.0,862.0,0.8876964355468748,True,CALL,2026-02-20,BMNR
BMNR260220C00024000,24.0,4.15,3.4,3.65,2.0,215.0,0.8876964355468748,True,CALL,2026-02-20,BMNR
BMNR260220C00024500,24.5,3.9,3.1,3.3,3.0,1.0,0.875977802734375,True,CALL,2026-02-20,BMNR
BMNR260220C00025000,25.0,3.05,2.83,2.94,100.0,1542.0,0.8623060644531251,True,CALL,2026-02-20,BMNR
BMNR260220C00025500,25.5,3.82,2.51,2.76,1.0,3.0,0.868165380859375,True,CALL,2026-02-20,BMNR
BMNR260220C00026000,26.0,2.37,2.32,2.41,114.0,322.0,0.858399853515625,True,CALL,2026-02-20,BMNR
BMNR260220C00026500,26.5,2.2,2.0,2.2,31.0,11.0,0.8447281152343749,False,CALL,2026-02-20,BMNR
BMNR260220C00027000,27.0,1.94,1.9,1.98,4956.0,465.0,0.8642591699218749,False,CALL,2026-02-20,BMNR
BMNR260220C00027500,27.5,1.85,1.71,1.83,37.0,156.0,0.8730481445312499,False,CALL,2026-02-20,BMNR
BMNR260220C00028000,28.0,1.6,1.52,1.6,321.0,855.0,0.86132951171875,False,CALL,2026-02-20,BMNR
BMNR260220C00028500,28.5,1.48,1.36,1.46,77.0,437.0,0.8667005517578125,False,CALL,2026-02-20,BMNR
BMNR260220C00029000,29.0,1.26,1.22,1.31,194.0,3253.0,0.868165380859375,False,CALL,2026-02-20,BMNR
BMNR260220C00029500,29.5,1.17,1.07,1.15,64.0,632.0,0.860352958984375,False,CALL,2026-02-20,BMNR
BMNR260220C00030000,30.0,1.04,1.01,1.04,2917.0,12894.0,0.87695435546875,False,CALL,2026-02-20,BMNR
BMNR260220C00030500,30.5,0.95,0.89,0.94,58.0,1088.0,0.877930908203125,False,CALL,2026-02-20,BMNR
BMNR260220C00031000,31.0,0.85,0.82,0.85,255.0,3551.0,0.8876964355468748,False,CALL,2026-02-20,BMNR
BMNR260220C00031500,31.5,0.79,0.74,0.78,47.0,127.0,0.8964854101562498,False,CALL,2026-02-20,BMNR
BMNR260220C00032000,32.0,0.74,0.67,0.71,327.0,3281.0,0.90429783203125,False,CALL,2026-02-20,BMNR
BMNR260220C00032500,32.5,0.9,0.6,0.64,60.0,150.0,0.9082040429687499,False,CALL,2026-02-20,BMNR
BMNR260220C00033000,33.0,0.57,0.55,0.71,422.0,3515.0,0.9511723632812499,False,CALL,2026-02-20,BMNR
BMNR260220C00033500,33.5,0.6,0.5,0.59,11.0,124.0,0.9414068359375,False,CALL,2026-02-20,BMNR
BMNR260220C00034000,34.0,0.48,0.47,0.51,1319.0,2826.0,0.9433599414062499,False,CALL,2026-02-20,BMNR
BMNR260220P00019000,19.0,0.36,0.33,0.4,375.0,901.0,1.0996138769531252,False,PUT,2026-02-20,BMNR
BMNR260220P00020000,20.0,0.47,0.46,0.5,149.0,7883.0,1.056645341796875,False,PUT,2026-02-20,BMNR
BMNR260220P00021000,21.0,0.58,0.54,0.64,503.0,1707.0,0.992187578125,False,PUT,2026-02-20,BMNR
BMNR260220P00022000,22.0,0.74,0.71,0.81,178.0,198.0,0.9492192578124999,False,PUT,2026-02-20,BMNR
BMNR260220P00022500,22.5,0.8,0.83,0.92,11.0,1482.0,0.9355475195312499,False,PUT,2026-02-20,BMNR
BMNR260220P00023000,23.0,1.0,0.97,1.07,219.0,2325.0,0.929688203125,False,PUT,2026-02-20,BMNR
BMNR260220P00024000,24.0,1.32,1.25,1.35,468.0,6455.0,0.8950205810546874,False,PUT,2026-02-20,BMNR
BMNR260220P00024500,24.5,1.51,1.47,1.55,98.0,77.0,0.8984385156249999,False,PUT,2026-02-20,BMNR
BMNR260220P00025000,25.0,1.71,1.68,1.75,1167.0,7520.0,0.8916026464843749,False,PUT,2026-02-20,BMNR
BMNR260220P00025500,25.5,1.8,1.91,2.06,78.0,36.0,0.90429783203125,False,PUT,2026-02-20,BMNR
BMNR260220P00026000,26.0,2.2,2.15,2.25,366.0,1656.0,0.8886729882812499,False,PUT,2026-02-20,BMNR
BMNR260220P00026500,26.5,2.4,2.41,2.51,57.0,98.0,0.883790224609375,True,PUT,2026-02-20,BMNR
BMNR260220P00027000,27.0,2.68,2.7,2.92,115.0,2665.0,0.9072274902343749,True,PUT,2026-02-20,BMNR
BMNR260220P00027500,27.5,2.52,2.94,3.1,19.0,232.0,0.8706067626953125,True,PUT,2026-02-20,BMNR
BMNR260220P00028000,28.0,3.3,3.25,3.45,242.0,1893.0,0.8740246972656249,True,PUT,2026-02-20,BMNR
BMNR260220P00028500,28.5,3.35,3.6,3.8,11.0,417.0,0.8798840136718749,True,PUT,2026-02-20,BMNR
BMNR260220P00029000,29.0,4.02,3.95,4.15,33.0,1385.0,0.8798840136718749,True,PUT,2026-02-20,BMNR
BMNR260220P00029500,29.5,3.75,4.3,4.55,503.0,5040.0,0.88476677734375,True,PUT,2026-02-20,BMNR
BMNR260220P00030000,30.0,4.8,4.7,4.85,701.0,5928.0,0.8740246972656249,True,PUT,2026-02-20,BMNR
BMNR260220P00030500,30.5,5.0,4.85,5.3,1.0,64.0,0.8339860351562498,True,PUT,2026-02-20,BMNR
BMNR260220P00031000,31.0,5.4,5.2,5.85,52.0,2335.0,0.8564467480468749,True,PUT,2026-02-20,BMNR
BMNR260220P00031500,31.5,5.51,5.55,6.3,1.0,112.0,0.851563984375,True,PUT,2026-02-20,BMNR
BMNR260220P00032000,32.0,5.95,6.35,6.6,399.0,2756.0,0.9179695703125,True,PUT,2026-02-20,BMNR
BMNR260220P00032500,32.5,6.22,6.35,7.05,6.0,19.0,0.807619111328125,True,PUT,2026-02-20,BMNR
BMNR260220P00033000,33.0,7.11,7.05,7.6,12.0,922.0,0.9179695703125,True,PUT,2026-02-20,BMNR
BMNR260220P00033500,33.5,6.16,5.95,7.95,7.0,24.0,1.0234423828125,True,PUT,2026-02-20,BMNR
BMNR260220P00034000,34.0,7.4,7.1,8.45,2.0,615.0,1.0605515722656251,True,PUT,2026-02-20,BMNR
BMNR260227C00020000,20.0,9.1,6.55,8.1,5.0,30.0,1.2666052294921872,True,CALL,2026-02-27,BMNR
BMNR260227C00023000,23.0,7.5,4.35,4.65,2.0,10.0,0.913086806640625,True,CALL,2026-02-27,BMNR
BMNR260227C00024000,24.0,3.87,3.7,4.0,8.0,23.0,0.8999033447265624,True,CALL,2026-02-27,BMNR
BMNR260227C00025000,25.0,3.9,3.15,3.45,13.0,18.0,0.901368173828125,True,CALL,2026-02-27,BMNR
BMNR260227C00026000,26.0,2.75,2.6,2.93,6.0,12.0,0.8872081591796874,True,CALL,2026-02-27,BMNR
BMNR260227C00027000,27.0,2.4,2.22,2.5,48.0,20.0,0.8969736865234373,False,CALL,2026-02-27,BMNR
BMNR260227C00028000,28.0,1.95,1.81,2.09,460.0,409.0,0.8862316064453124,False,CALL,2026-02-27,BMNR
BMNR260227C00029000,29.0,1.74,1.53,1.82,164.0,896.0,0.9038095556640625,False,CALL,2026-02-27,BMNR
BMNR260227C00030000,30.0,1.35,1.3,1.4,2318.0,1396.0,0.8876964355468748,False,CALL,2026-02-27,BMNR
BMNR260227C00031000,31.0,1.16,1.09,1.22,89.0,470.0,0.903321279296875,False,CALL,2026-02-27,BMNR
BMNR260227C00032000,32.0,1.0,0.93,1.07,51.0,584.0,0.922852333984375,False,CALL,2026-02-27,BMNR
BMNR260227C00033000,33.0,0.85,0.77,0.91,131.0,581.0,0.928711650390625,False,CALL,2026-02-27,BMNR
BMNR260227C00034000,34.0,0.75,0.7,0.76,21.0,295.0,0.946289599609375,False,CALL,2026-02-27,BMNR
BMNR260227P00020000,20.0,0.55,0.53,0.6,241.0,269.0,0.9785158398437501,False,PUT,2026-02-27,BMNR
BMNR260227P00021000,21.0,0.69,0.7,0.82,56.0,141.0,0.9599613378906249,False,PUT,2026-02-27,BMNR
BMNR260227P00022000,22.0,0.92,0.89,1.0,25.0,267.0,0.9169930175781251,False,PUT,2026-02-27,BMNR
BMNR260227P00023000,23.0,1.23,1.22,1.35,130.0,196.0,0.9238288867187501,False,PUT,2026-02-27,BMNR
BMNR260227P00024000,24.0,1.56,1.45,1.74,73.0,450.0,0.8945323046874999,False,PUT,2026-02-27,BMNR
BMNR260227P00025000,25.0,1.99,1.93,2.27,60.0,541.0,0.9155281884765626,False,PUT,2026-02-27,BMNR
BMNR260227P00026000,26.0,2.51,2.43,2.6,181.0,1862.0,0.883790224609375,False,PUT,2026-02-27,BMNR
BMNR260227P00027000,27.0,3.0,2.87,3.2,39.0,372.0,0.8686536572265625,True,PUT,2026-02-27,BMNR
BMNR260227P00028000,28.0,3.49,3.55,3.8,40.0,404.0,0.8745129736328124,True,PUT,2026-02-27,BMNR
BMNR260227P00029000,29.0,4.2,4.15,4.6,22.0,179.0,0.8828136718749999,True,PUT,2026-02-27,BMNR
BMNR260227P00030000,30.0,4.41,4.95,5.25,30.0,253.0,0.8842785009765625,True,PUT,2026-02-27,BMNR
BMNR260227P00031000,31.0,5.27,5.75,6.15,7.0,125.0,0.9169930175781251,True,PUT,2026-02-27,BMNR
BMNR260227P00032000,32.0,6.22,6.25,6.85,10.0,135.0,0.8359391406249999,True,PUT,2026-02-27,BMNR
BMNR260227P00033000,33.0,6.0,7.0,7.8,1.0,165.0,0.8383805224609374,True,PUT,2026-02-27,BMNR
BMNR260227P00034000,34.0,7.55,8.0,8.65,6.0,34.0,0.866212275390625,True,PUT,2026-02-27,BMNR
BMNR260306C00023000,23.0,7.75,4.55,4.9,1.0,1.0,0.90429783203125,True,CALL,2026-03-06,BMNR
BMNR260306C00025000,25.0,3.55,3.45,3.75,7.0,29.0,0.9062509375,True,CALL,2026-03-06,BMNR
BMNR260306C00026000,26.0,3.3,3.05,3.2,16.0,2.0,0.9082040429687499,True,CALL,2026-03-06,BMNR
BMNR260306C00027000,27.0,2.67,2.39,2.73,24.0,13.0,0.8676771044921875,False,CALL,2026-03-06,BMNR
BMNR260306C00028000,28.0,2.4,2.22,2.42,169.0,40.0,0.9096688720703124,False,CALL,2026-03-06,BMNR
BMNR260306C00029000,29.0,1.95,1.87,2.13,8.0,21.0,0.914063359375,False,CALL,2026-03-06,BMNR
BMNR260306C00030000,30.0,1.7,1.45,1.87,82.0,83.0,0.8984385156249999,False,CALL,2026-03-06,BMNR
BMNR260306C00031000,31.0,1.44,1.2,1.63,35.0,77.0,0.9008798974609374,False,CALL,2026-03-06,BMNR
BMNR260306C00032000,32.0,1.36,1.14,1.47,36.0,64.0,0.938477177734375,False,CALL,2026-03-06,BMNR
BMNR260306C00033000,33.0,1.13,0.97,1.16,14.0,51.0,0.920899228515625,False,CALL,2026-03-06,BMNR
BMNR260306C00034000,34.0,1.13,0.8,1.04,231.0,16.0,0.928711650390625,False,CALL,2026-03-06,BMNR
BMNR260306P00020000,20.0,0.59,0.59,0.85,1.0,147.0,0.963867548828125,False,PUT,2026-03-06,BMNR
BMNR260306P00021000,21.0,0.8,0.81,1.0,3.0,12.0,0.93164130859375,False,PUT,2026-03-06,BMNR
BMNR260306P00022000,22.0,1.14,1.11,1.2,86.0,51.0,0.911133701171875,False,PUT,2026-03-06,BMNR
BMNR260306P00023000,23.0,1.42,1.4,1.5,423.0,431.0,0.8916026464843749,False,PUT,2026-03-06,BMNR
BMNR260306P00024000,24.0,1.75,1.8,1.94,66.0,15.0,0.8974619628906249,False,PUT,2026-03-06,BMNR
BMNR260306P00025000,25.0,2.28,2.2,2.43,67.0,46.0,0.8920909228515624,False,PUT,2026-03-06,BMNR
BMNR260306P00026000,26.0,2.54,2.54,2.93,28.0,57.0,0.8627943408203125,False,PUT,2026-03-06,BMNR
BMNR260306P00027000,27.0,3.3,3.3,3.45,511.0,80.0,0.8842785009765625,True,PUT,2026-03-06,BMNR
BMNR260306P00028000,28.0,3.9,3.8,4.15,78.0,90.0,0.877930908203125,True,PUT,2026-03-06,BMNR
BMNR260306P00029000,29.0,2.8,4.4,4.85,6.0,13.0,0.8725598681640624,True,PUT,2026-03-06,BMNR
BMNR260306P00030000,30.0,5.0,5.2,5.55,4.0,22.0,0.88476677734375,True,PUT,2026-03-06,BMNR
BMNR260306P00031000,31.0,3.85,6.05,6.4,1.0,22.0,0.9174812939453125,True,PUT,2026-03-06,BMNR
BMNR260306P00032000,32.0,6.48,6.75,7.2,5.0,14.0,0.9072274902343749,True,PUT,2026-03-06,BMNR
BMNR260306P00033000,33.0,5.1,7.6,8.5,2.0,5.0,1.001958115234375,True,PUT,2026-03-06,BMNR
BMNR260320C00023000,23.0,5.7,5.1,5.85,1.0,1.0,0.9951172363281251,True,CALL,2026-03-20,BMNR
BMNR260320C00024000,24.0,5.3,4.5,4.8,2.0,10.0,0.9165047412109376,True,CALL,2026-03-20,BMNR
BMNR260320C00025000,25.0,4.16,4.0,4.2,70.0,83.0,0.9062509375,True,CALL,2026-03-20,BMNR
BMNR260320C00026000,26.0,4.0,3.55,4.0,66.0,177.0,0.9428716650390624,True,CALL,2026-03-20,BMNR
BMNR260320C00027000,27.0,3.28,3.2,3.35,110.0,98.0,0.92187578125,False,CALL,2026-03-20,BMNR
BMNR260320C00028000,28.0,3.01,2.79,2.91,235.0,1971.0,0.9101571484375,False,CALL,2026-03-20,BMNR
BMNR260320C00029000,29.0,2.56,2.38,2.58,163.0,1296.0,0.9028330029296875,False,CALL,2026-03-20,BMNR
BMNR260320C00030000,30.0,2.27,2.07,2.3,707.0,1914.0,0.9047861083984375,False,CALL,2026-03-20,BMNR
BMNR260320C00031000,31.0,2.0,1.96,2.03,250.0,407.0,0.9262702685546875,False,CALL,2026-03-20,BMNR
BMNR260320C00032000,32.0,1.88,1.69,1.81,75.0,386.0,0.9252937158203125,False,CALL,2026-03-20,BMNR
BMNR260320C00033000,33.0,1.9,1.55,1.63,366.0,848.0,0.9409185595703125,False,CALL,2026-03-20,BMNR
BMNR260320C00034000,34.0,1.59,1.38,1.46,74.0,129.0,0.94726615234375,False,CALL,2026-03-20,BMNR
BMNR260320P00020000,20.0,1.04,1.0,1.06,1134.0,602.0,0.9497075341796875,False,PUT,2026-03-20,BMNR
BMNR260320P00021000,21.0,1.03,0.89,1.39,5.0,104.0,0.8808605664062499,False,PUT,2026-03-20,BMNR
BMNR260320P00022000,22.0,1.5,1.54,1.64,97.0,48.0,0.91992267578125,False,PUT,2026-03-20,BMNR
BMNR260320P00023000,23.0,1.9,1.83,2.2,4.0,95.0,0.929688203125,False,PUT,2026-03-20,BMNR
BMNR260320P00024000,24.0,2.37,2.31,2.44,104.0,713.0,0.9067392138671875,False,PUT,2026-03-20,BMNR
BMNR260320P00025000,25.0,2.87,2.8,2.94,233.0,515.0,0.9086923193359374,False,PUT,2026-03-20,BMNR
BMNR260320P00026000,26.0,3.34,3.3,3.4,176.0,197.0,0.8945323046874999,False,PUT,2026-03-20,BMNR
BMNR260320P00027000,27.0,3.92,3.85,4.0,217.0,725.0,0.8940440283203124,True,PUT,2026-03-20,BMNR
BMNR260320P00028000,28.0,4.5,4.45,4.7,123.0,528.0,0.901368173828125,True,PUT,2026-03-20,BMNR
BMNR260320P00029000,29.0,5.17,5.1,5.3,57.0,101.0,0.89257919921875,True,PUT,2026-03-20,BMNR
BMNR260320P00030000,30.0,5.86,5.85,6.05,110.0,609.0,0.9062509375,True,PUT,2026-03-20,BMNR
BMNR260320P00031000,31.0,6.04,6.55,6.8,5.0,149.0,0.9047861083984375,True,PUT,2026-03-20,BMNR
BMNR260320P00032000,32.0,7.2,7.0,7.55,11.0,56.0,0.85937640625,True,PUT,2026-03-20,BMNR
BMNR260320P00033000,33.0,7.27,7.7,8.4,1.0,103.0,0.8535170898437501,True,PUT,2026-03-20,BMNR
BMNR260320P00034000,34.0,9.05,8.9,9.25,6.0,24.0,0.9160164648437501,True,PUT,2026-03-20,BMNR
BMNR260417C00019000,19.0,10.42,8.35,10.6,10.0,90.0,1.2299843188476562,True,CALL,2026-04-17,BMNR
BMNR260417C00020000,20.0,8.0,7.85,8.05,52.0,605.0,0.9682620361328125,True,CALL,2026-04-17,BMNR
BMNR260417C00021000,21.0,10.41,7.1,8.05,1.0,87.0,1.0351610742187503,True,CALL,2026-04-17,BMNR
BMNR260417C00022000,22.0,7.49,6.6,7.25,4.0,7.0,1.0146533642578124,True,CALL,2026-04-17,BMNR
BMNR260417C00023000,23.0,7.0,6.0,6.25,1.0,95.0,0.9526371923828124,True,CALL,2026-04-17,BMNR
BMNR260417C00024000,24.0,7.95,5.15,5.9,2.0,99.0,0.9328619995117188,True,CALL,2026-04-17,BMNR
BMNR260417C00025000,25.0,5.05,5.0,5.15,720.0,772.0,0.938477177734375,True,CALL,2026-04-17,BMNR
BMNR260417C00026000,26.0,4.95,4.55,4.8,68.0,230.0,0.9467778759765625,True,CALL,2026-04-17,BMNR
BMNR260417C00027000,27.0,4.26,4.1,4.45,275.0,260.0,0.9477544287109375,False,CALL,2026-04-17,BMNR
BMNR260417C00028000,28.0,3.89,3.75,3.95,223.0,1434.0,0.9370123486328125,False,CALL,2026-04-17,BMNR
BMNR260417C00029000,29.0,3.45,3.45,3.6,157.0,788.0,0.940430283203125,False,CALL,2026-04-17,BMNR
BMNR260417C00030000,30.0,3.24,3.15,3.3,636.0,7135.0,0.9431158032226561,False,CALL,2026-04-17,BMNR
BMNR260417C00031000,31.0,2.98,2.86,3.05,353.0,818.0,0.9467778759765625,False,CALL,2026-04-17,BMNR
BMNR260417C00032000,32.0,2.65,2.63,2.79,118.0,2105.0,0.9504399487304687,False,CALL,2026-04-17,BMNR
BMNR260417C00033000,33.0,2.45,2.4,2.51,135.0,696.0,0.94726615234375,False,CALL,2026-04-17,BMNR
BMNR260417C00034000,34.0,2.27,2.09,2.58,20.0,749.0,0.9692385888671875,False,CALL,2026-04-17,BMNR
BMNR260417P00019000,19.0,1.24,1.17,1.4,13.0,95.0,0.938477177734375,False,PUT,2026-04-17,BMNR
BMNR260417P00020000,20.0,1.62,1.52,1.7,129.0,1348.0,0.93945373046875,False,PUT,2026-04-17,BMNR
BMNR260417P00021000,21.0,1.64,1.59,2.05,29.0,75.0,0.8979502392578124,False,PUT,2026-04-17,BMNR
BMNR260417P00022000,22.0,2.32,2.25,2.39,14.0,237.0,0.9243171630859376,False,PUT,2026-04-17,BMNR
BMNR260417P00023000,23.0,2.45,2.31,2.87,2.0,439.0,0.883790224609375,False,PUT,2026-04-17,BMNR
BMNR260417P00024000,24.0,3.2,3.1,3.3,60.0,280.0,0.914063359375,False,PUT,2026-04-17,BMNR
BMNR260417P00025000,25.0,3.55,3.3,3.8,130.0,3525.0,0.87695435546875,False,PUT,2026-04-17,BMNR
BMNR260417P00026000,26.0,4.24,4.15,4.35,151.0,250.0,0.9079599047851561,False,PUT,2026-04-17,BMNR
BMNR260417P00027000,27.0,4.57,4.45,5.0,24.0,1956.0,0.883790224609375,True,PUT,2026-04-17,BMNR
BMNR260417P00028000,28.0,5.45,5.05,5.65,35.0,1870.0,0.8835460864257811,True,PUT,2026-04-17,BMNR
BMNR260417P00029000,29.0,6.0,5.95,6.2,12.0,1384.0,0.8974619628906249,True,PUT,2026-04-17,BMNR
BMNR260417P00030000,30.0,6.8,6.65,6.85,287.0,4740.0,0.8947764428710936,True,PUT,2026-04-17,BMNR
BMNR260417P00031000,31.0,7.1,7.15,7.8,14.0,315.0,0.8969736865234373,True,PUT,2026-04-17,BMNR
BMNR260417P00032000,32.0,6.12,7.75,8.5,11.0,1866.0,0.8774426318359375,True,PUT,2026-04-17,BMNR
BMNR260417P00033000,33.0,8.54,8.6,9.15,10.0,458.0,0.8737805590820311,True,PUT,2026-04-17,BMNR
BMNR260417P00034000,34.0,9.23,9.4,9.95,1.0,799.0,0.875977802734375,True,PUT,2026-04-17,BMNR
BMNR260515C00019000,19.0,9.11,8.95,10.55,10.0,98.0,1.1259809326171877,True,CALL,2026-05-15,BMNR
BMNR260515C00020000,20.0,8.6,8.35,8.7,3.0,368.0,0.9721682470703125,True,CALL,2026-05-15,BMNR
BMNR260515C00021000,21.0,9.75,7.75,8.65,1.0,42.0,1.0293017285156252,True,CALL,2026-05-15,BMNR
BMNR260515C00022000,22.0,8.75,7.2,7.65,2.0,14.0,0.9777834252929689,True,CALL,2026-05-15,BMNR
BMNR260515C00023000,23.0,7.5,6.7,7.05,1.0,10.0,0.9697268652343749,True,CALL,2026-05-15,BMNR
BMNR260515C00024000,24.0,8.9,6.15,6.65,1.0,124.0,0.9707034179687499,True,CALL,2026-05-15,BMNR
BMNR260515C00025000,25.0,5.95,5.75,6.05,14.0,395.0,0.9609378906249999,True,CALL,2026-05-15,BMNR
BMNR260515C00026000,26.0,5.5,5.35,5.65,16.0,28.0,0.9643558251953125,True,CALL,2026-05-15,BMNR
BMNR260515C00027000,27.0,5.19,5.0,5.2,4.0,139.0,0.9624027197265624,False,CALL,2026-05-15,BMNR
BMNR260515C00028000,28.0,4.75,4.65,5.0,14.0,218.0,0.9780275634765626,False,CALL,2026-05-15,BMNR
BMNR260515C00029000,29.0,4.75,4.25,4.55,28.0,389.0,0.9624027197265624,False,CALL,2026-05-15,BMNR
BMNR260515C00030000,30.0,4.05,4.0,4.2,181.0,1891.0,0.9648441015625,False,CALL,2026-05-15,BMNR
BMNR260515C00031000,31.0,4.05,3.7,3.95,3.0,377.0,0.9677737597656251,False,CALL,2026-05-15,BMNR
BMNR260515C00032000,32.0,3.5,3.45,3.9,7.0,1311.0,0.989257919921875,False,CALL,2026-05-15,BMNR
BMNR260515C00033000,33.0,3.3,3.2,3.55,8.0,640.0,0.9809572216796876,False,CALL,2026-05-15,BMNR
BMNR260515C00034000,34.0,3.25,2.97,3.35,28.0,630.0,0.98437515625,False,CALL,2026-05-15,BMNR
BMNR260515P00019000,19.0,1.56,1.49,1.89,6.0,109.0,0.9165047412109376,False,PUT,2026-05-15,BMNR
BMNR260515P00020000,20.0,2.05,1.95,2.15,14.0,398.0,0.9155281884765626,False,PUT,2026-05-15,BMNR
BMNR260515P00021000,21.0,2.36,2.03,2.63,2.0,47.0,0.8881847119140623,False,PUT,2026-05-15,BMNR
BMNR260515P00022000,22.0,2.9,2.75,3.05,3.0,121.0,0.9177254321289063,False,PUT,2026-05-15,BMNR
BMNR260515P00023000,23.0,2.71,3.0,3.55,6.0,79.0,0.8974619628906249,False,PUT,2026-05-15,BMNR
BMNR260515P00024000,24.0,3.62,3.45,4.0,41.0,130.0,0.8867198828124999,False,PUT,2026-05-15,BMNR
BMNR260515P00025000,25.0,4.35,4.3,4.5,27.0,354.0,0.91211025390625,False,PUT,2026-05-15,BMNR
BMNR260515P00026000,26.0,4.95,4.8,5.1,16.0,293.0,0.9077157666015624,False,PUT,2026-05-15,BMNR
BMNR260515P00027000,27.0,5.29,5.25,5.8,6.0,174.0,0.9023447265625,True,PUT,2026-05-15,BMNR
BMNR260515P00028000,28.0,5.8,5.55,6.35,1.0,273.0,0.8652357226562499,True,PUT,2026-05-15,BMNR
BMNR260515P00029000,29.0,6.4,6.4,7.05,1.0,254.0,0.885743330078125,True,PUT,2026-05-15,BMNR
BMNR260515P00030000,30.0,7.55,7.45,7.8,18.0,3965.0,0.9235847485351563,True,PUT,2026-05-15,BMNR
BMNR260515P00031000,31.0,7.4,7.6,8.4,1.0,142.0,0.8642591699218749,True,PUT,2026-05-15,BMNR
BMNR260515P00032000,32.0,8.55,8.2,9.2,4.0,173.0,0.858399853515625,True,PUT,2026-05-15,BMNR
BMNR260515P00033000,33.0,8.97,9.15,9.9,1.0,87.0,0.8710950390625,True,PUT,2026-05-15,BMNR
BMNR260515P00034000,34.0,9.46,9.7,10.65,7.0,124.0,0.8476577734374999,True,PUT,2026-05-15,BMNR
BMNR260618C00019000,19.0,13.2,9.5,11.1,2.0,33.0,1.1005904345703126,True,CALL,2026-06-18,BMNR
BMNR260618C00020000,20.0,9.25,8.9,9.4,94.0,743.0,0.9760744580078126,True,CALL,2026-06-18,BMNR
BMNR260618C00021000,21.0,9.8,8.4,10.1,1.0,27.0,1.0991255981445316,True,CALL,2026-06-18,BMNR
BMNR260618C00022000,22.0,9.83,7.9,8.35,300.0,52.0,0.9809572216796876,True,CALL,2026-06-18,BMNR
BMNR260618C00023000,23.0,9.97,7.4,7.9,3.0,110.0,0.981445498046875,True,CALL,2026-06-18,BMNR
BMNR260618C00024000,24.0,7.9,7.1,8.15,1.0,94.0,1.0542039477539062,True,CALL,2026-06-18,BMNR
BMNR260618C00025000,25.0,6.82,6.6,6.95,152.0,4569.0,0.981445498046875,True,CALL,2026-06-18,BMNR
BMNR260618C00026000,26.0,6.65,6.15,6.5,13.0,230.0,0.9731447998046875,True,CALL,2026-06-18,BMNR
BMNR260618C00027000,27.0,6.41,5.85,6.05,26.0,495.0,0.9731447998046875,False,CALL,2026-06-18,BMNR
BMNR260618C00028000,28.0,5.65,5.5,5.75,87.0,1482.0,0.9772951489257813,False,CALL,2026-06-18,BMNR
BMNR260618C00029000,29.0,5.25,5.1,5.4,132.0,436.0,0.9702151416015624,False,CALL,2026-06-18,BMNR
BMNR260618C00030000,30.0,4.95,4.9,5.1,815.0,5740.0,0.9794923925781251,False,CALL,2026-06-18,BMNR
BMNR260618C00031000,31.0,5.24,4.55,4.9,17.0,841.0,0.9819337744140625,False,CALL,2026-06-18,BMNR
BMNR260618C00032000,32.0,4.45,4.25,4.65,49.0,823.0,0.981445498046875,False,CALL,2026-06-18,BMNR
BMNR260618C00033000,33.0,4.51,4.0,4.35,206.0,471.0,0.9785158398437501,False,CALL,2026-06-18,BMNR
BMNR260618C00034000,34.0,4.35,3.75,4.05,37.0,330.0,0.9731447998046875,False,CALL,2026-06-18,BMNR
BMNR260618P00019000,19.0,2.17,1.99,2.37,24.0,341.0,0.9084481811523437,False,PUT,2026-06-18,BMNR
BMNR260618P00020000,20.0,2.66,2.57,2.77,86.0,1544.0,0.9262702685546875,False,PUT,2026-06-18,BMNR
BMNR260618P00021000,21.0,2.94,2.71,3.25,138.0,109.0,0.9003916210937499,False,PUT,2026-06-18,BMNR
BMNR260618P00022000,22.0,3.56,3.45,3.7,115.0,227.0,0.9233406103515626,False,PUT,2026-06-18,BMNR
BMNR260618P00023000,23.0,4.05,3.6,4.2,85.0,241.0,0.8911143701171874,False,PUT,2026-06-18,BMNR
BMNR260618P00024000,24.0,4.4,4.45,4.75,34.0,270.0,0.91992267578125,False,PUT,2026-06-18,BMNR
BMNR260618P00025000,25.0,4.8,4.8,5.35,30.0,2248.0,0.9047861083984375,False,PUT,2026-06-18,BMNR
BMNR260618P00026000,26.0,5.8,5.65,5.75,24.0,373.0,0.9101571484375,False,PUT,2026-06-18,BMNR
BMNR260618P00027000,27.0,6.0,6.15,6.55,27.0,571.0,0.9152840502929689,True,PUT,2026-06-18,BMNR
BMNR260618P00028000,28.0,6.6,6.45,7.15,42.0,830.0,0.8852550537109375,True,PUT,2026-06-18,BMNR
BMNR260618P00029000,29.0,7.3,7.0,7.75,1.0,246.0,0.8713391772460937,True,PUT,2026-06-18,BMNR
BMNR260618P00030000,30.0,8.15,8.0,8.5,34.0,6441.0,0.9003916210937499,True,PUT,2026-06-18,BMNR
BMNR260618P00031000,31.0,8.64,8.45,9.2,4.0,306.0,0.8798840136718749,True,PUT,2026-06-18,BMNR
BMNR260618P00032000,32.0,9.45,9.3,10.0,58.0,670.0,0.8947764428710936,True,PUT,2026-06-18,BMNR
BMNR260618P00033000,33.0,10.11,9.9,10.6,1.0,333.0,0.8720715917968749,True,PUT,2026-06-18,BMNR
BMNR260618P00034000,34.0,9.59,10.45,11.5,5.0,363.0,0.8657239990234374,True,PUT,2026-06-18,BMNR
BMNR260821C00020000,20.0,13.65,10.0,12.2,1.0,93.0,1.1364789270019533,True,CALL,2026-08-21,BMNR
BMNR260821C00021000,21.0,11.95,9.55,10.4,3.0,40.0,1.0273486132812502,True,CALL,2026-08-21,BMNR
BMNR260821C00022000,22.0,13.29,9.0,9.55,1.0,3.0,0.9887696435546875,True,CALL,2026-08-21,BMNR
BMNR260821C00023000,23.0,10.1,8.65,9.0,1.0,10.0,0.9868165380859376,True,CALL,2026-08-21,BMNR
BMNR260821C00024000,24.0,9.0,8.05,9.5,13.0,32.0,1.0390673046875003,True,CALL,2026-08-21,BMNR
BMNR260821C00025000,25.0,8.0,7.75,8.25,48.0,163.0,0.9836427416992188,True,CALL,2026-08-21,BMNR
BMNR260821C00026000,26.0,7.72,7.7,7.7,6.0,31.0,0.9934082690429689,True,CALL,2026-08-21,BMNR
BMNR260821C00027000,27.0,7.35,7.15,7.45,56.0,177.0,0.9865723999023439,False,CALL,2026-08-21,BMNR
BMNR260821C00028000,28.0,7.0,6.85,7.15,6.0,178.0,0.9909668872070312,False,CALL,2026-08-21,BMNR
BMNR260821C00029000,29.0,6.6,6.45,6.9,1.0,130.0,0.9895020581054688,False,CALL,2026-08-21,BMNR
BMNR260821C00030000,30.0,6.47,6.1,6.6,345.0,539.0,0.9860841235351563,False,CALL,2026-08-21,BMNR
BMNR260821C00031000,31.0,7.5,5.85,7.7,3.0,254.0,1.0776413305664065,False,CALL,2026-08-21,BMNR
BMNR260821C00032000,32.0,6.35,5.55,6.05,1.0,1213.0,0.9863282617187501,False,CALL,2026-08-21,BMNR
BMNR260821C00033000,33.0,7.4,5.35,6.15,1.0,557.0,1.0124561096191407,False,CALL,2026-08-21,BMNR
BMNR260821C00034000,34.0,5.3,5.2,5.45,2.0,102.0,0.989257919921875,False,CALL,2026-08-21,BMNR
BMNR260821P00020000,20.0,3.31,2.93,3.7,3.0,306.0,0.87695435546875,False,PUT,2026-08-21,BMNR
BMNR260821P00021000,21.0,3.34,3.55,4.15,1.0,14.0,0.8854991918945312,False,PUT,2026-08-21,BMNR
BMNR260821P00022000,22.0,4.2,4.25,4.65,1.0,20.0,0.8989267919921874,False,PUT,2026-08-21,BMNR
BMNR260821P00023000,23.0,4.8,4.7,5.2,3.0,218.0,0.89257919921875,False,PUT,2026-08-21,BMNR
BMNR260821P00024000,24.0,5.12,5.1,5.8,1.0,43.0,0.8828136718749999,False,PUT,2026-08-21,BMNR
BMNR260821P00025000,25.0,6.05,6.05,6.35,213.0,190.0,0.9050302465820312,False,PUT,2026-08-21,BMNR
BMNR260821P00026000,26.0,6.65,6.7,6.9,5.0,138.0,0.9028330029296875,False,PUT,2026-08-21,BMNR
BMNR260821P00027000,27.0,7.27,7.3,7.55,36.0,74.0,0.9011240356445311,True,PUT,2026-08-21,BMNR
BMNR260821P00028000,28.0,7.81,7.9,8.25,7.0,172.0,0.9001474829101561,True,PUT,2026-08-21,BMNR
BMNR260821P00029000,29.0,8.22,7.75,8.95,1.0,68.0,0.8481460498046874,True,PUT,2026-08-21,BMNR
BMNR260821P00030000,30.0,9.2,9.1,9.6,270.0,941.0,0.8874522973632811,True,PUT,2026-08-21,BMNR
BMNR260821P00031000,31.0,9.8,9.5,10.35,2.0,80.0,0.870118486328125,True,PUT,2026-08-21,BMNR
BMNR260821P00032000,32.0,10.8,10.7,11.05,1.0,161.0,0.8984385156249999,True,PUT,2026-08-21,BMNR
BMNR260821P00033000,33.0,11.65,11.4,11.8,4.0,119.0,0.8959971337890623,True,PUT,2026-08-21,BMNR
BMNR260821P00034000,34.0,11.53,10.95,12.55,1.0,20.0,0.8183611914062499,True,PUT,2026-08-21,BMNR
BMNR270115C00020000,20.0,12.05,12.1,12.55,89.0,19989.0,1.0253954980468751,True,CALL,2027-01-15,BMNR
BMNR270115C00022500,22.5,11.34,11.05,11.85,910.0,10444.0,1.035893492431641,True,CALL,2027-01-15,BMNR
BMNR270115C00025000,25.0,10.25,10.25,10.45,473.0,31148.0,1.0078174609375,True,CALL,2027-01-15,BMNR
BMNR270115C00028000,28.0,9.34,9.25,9.55,1236.0,19461.0,1.0048877880859375,False,CALL,2027-01-15,BMNR
BMNR270115C00030000,30.0,8.82,8.65,8.9,268.0,21875.0,0.9973144799804687,False,CALL,2027-01-15,BMNR
BMNR270115C00032000,32.0,8.32,8.2,8.4,58.0,2689.0,1.0007374182128905,False,CALL,2027-01-15,BMNR
BMNR270115P00020000,20.0,5.15,5.05,5.25,119.0,6392.0,0.90429783203125,False,PUT,2027-01-15,BMNR
BMNR270115P00022500,22.5,6.4,5.65,6.7,21.0,1434.0,0.8540053662109376,False,PUT,2027-01-15,BMNR
BMNR270115P00025000,25.0,8.05,8.0,8.2,397.0,6538.0,0.8957529956054686,False,PUT,2027-01-15,BMNR
BMNR270115P00028000,28.0,10.08,9.95,10.2,1259.0,2839.0,0.8909923010253906,True,PUT,2027-01-15,BMNR
BMNR270115P00030000,30.0,11.39,11.35,11.6,201.0,15784.0,0.8891612646484374,True,PUT,2027-01-15,BMNR
BMNR270115P00032000,32.0,12.5,12.75,13.05,14.0,3016.0,0.88476677734375,True,PUT,2027-01-15,BMNR
BMNR280121C00020000,20.0,15.65,15.4,15.8,260.0,6265.0,1.031743122558594,True,CALL,2028-01-21,BMNR
BMNR280121C00023000,23.0,14.77,14.45,15.1,25.0,219.0,1.0327196801757816,True,CALL,2028-01-21,BMNR
BMNR280121C00025000,25.0,14.1,14.0,14.1,98.0,3753.0,1.0129443884277345,True,CALL,2028-01-21,BMNR
BMNR280121C00028000,28.0,13.43,13.0,13.6,253.0,3876.0,1.0094043670654298,False,CALL,2028-01-21,BMNR
BMNR280121C00030000,30.0,13.0,12.75,13.15,237.0,5376.0,1.0163623400878907,False,CALL,2028-01-21,BMNR
BMNR280121C00033000,33.0,12.15,11.9,12.5,67.0,1400.0,1.0043995092773437,False,CALL,2028-01-21,BMNR
BMNR280121P00020000,20.0,7.55,7.55,7.9,104.0,2270.0,0.8693860717773438,False,PUT,2028-01-21,BMNR
BMNR280121P00023000,23.0,9.64,9.25,9.85,3.0,453.0,0.8522963989257812,False,PUT,2028-01-21,BMNR
BMNR280121P00025000,25.0,11.1,10.85,11.25,193.0,4631.0,0.8607191662597657,False,PUT,2028-01-21,BMNR
BMNR280121P00028000,28.0,12.95,12.4,13.35,27.0,998.0,0.8320329296874999,True,PUT,2028-01-21,BMNR
BMNR280121P00030000,30.0,14.52,14.2,14.85,219.0,5253.0,0.8436294934082031,True,PUT,2028-01-21,BMNR
BMNR280121P00033000,33.0,16.55,16.5,17.1,6.0,1510.0,0.8405777661132812,True,PUT,2028-01-21,BMNR
BMY260130C00039000,39.0,16.18,14.05,17.9,5.0,45.0,2.44531638671875,True,CALL,2026-01-30,BMY
BMY260130C00040000,40.0,15.28,14.1,16.85,12.0,34.0,3.416017084960937,True,CALL,2026-01-30,BMY
BMY260130C00041000,41.0,14.37,13.35,15.4,2.0,4.0,3.050783623046875,True,CALL,2026-01-30,BMY
BMY260130C00042000,42.0,13.47,12.45,14.5,2.0,8.0,3.00781498046875,True,CALL,2026-01-30,BMY
BMY260130C00043000,43.0,12.47,11.45,13.15,1.0,6.0,2.544925512695312,True,CALL,2026-01-30,BMY
BMY260130C00044000,44.0,10.42,9.45,12.85,4.0,3.0,2.1054734863281244,True,CALL,2026-01-30,BMY
BMY260130C00045000,45.0,9.85,9.25,10.5,1.0,21.0,2.44531638671875,True,CALL,2026-01-30,BMY
BMY260130C00046000,46.0,8.95,8.35,9.5,2.0,20.0,1.2265663671875,True,CALL,2026-01-30,BMY
BMY260130C00047000,47.0,7.97,7.45,8.4,1.0,7.0,1.1015669921875002,True,CALL,2026-01-30,BMY
BMY260130C00048000,48.0,6.75,6.45,7.25,4.0,11.0,1.572267763671875,True,CALL,2026-01-30,BMY
BMY260130C00049000,49.0,5.07,5.45,6.35,1.0,11.0,0.73437765625,True,CALL,2026-01-30,BMY
BMY260130C00049500,49.5,4.67,4.9,5.9,1.0,7.0,0.6875031250000001,True,CALL,2026-01-30,BMY
BMY260130C00050000,50.0,4.55,4.45,5.3,2.0,10.0,1.2734411328124997,True,CALL,2026-01-30,BMY
BMY260130C00051000,51.0,3.6,3.45,4.4,2.0,1.0,0.5937540625000001,True,CALL,2026-01-30,BMY
BMY260130C00052000,52.0,3.15,2.35,3.3,1.0,118.0,0.8984385156249999,True,CALL,2026-01-30,BMY
BMY260130C00053000,53.0,2.14,1.93,2.29,59.0,507.0,0.5419967675781252,True,CALL,2026-01-30,BMY
BMY260130C00054000,54.0,1.14,0.93,1.21,176.0,2812.0,0.42383388671875,True,CALL,2026-01-30,BMY
BMY260130C00055000,55.0,0.45,0.2,0.65,118.0,881.0,0.436529072265625,False,CALL,2026-01-30,BMY
BMY260130C00056000,56.0,0.09,0.06,0.1,320.0,3794.0,0.27930408203124996,False,CALL,2026-01-30,BMY
BMY260130C00057000,57.0,0.01,0.01,0.02,97.0,1651.0,0.2929758203124999,False,CALL,2026-01-30,BMY
BMY260130C00058000,58.0,0.02,0.0,0.01,6.0,577.0,0.35938140625,False,CALL,2026-01-30,BMY
BMY260130C00059000,59.0,0.01,0.0,0.01,15.0,576.0,0.45313046875,False,CALL,2026-01-30,BMY
BMY260130C00060000,60.0,0.01,0.0,0.01,4.0,325.0,0.500005,False,CALL,2026-01-30,BMY
BMY260130C00061000,61.0,0.09,0.0,0.01,,3.0,0.5625043750000001,False,CALL,2026-01-30,BMY
BMY260130C00062000,62.0,0.01,0.0,0.01,2.0,49.0,0.6562534375000001,False,CALL,2026-01-30,BMY
BMY260130C00063000,63.0,0.05,0.0,0.02,,1.0,0.7812521875,False,CALL,2026-01-30,BMY
BMY260130C00065000,65.0,0.04,0.0,0.01,25.0,35.0,0.87500125,False,CALL,2026-01-30,BMY
BMY260130C00068000,68.0,1.02,0.0,0.01,,2.0,1.0625046875000002,False,CALL,2026-01-30,BMY
BMY260130P00039000,39.0,0.01,0.0,0.01,4.0,6.0,1.6875015625,False,PUT,2026-01-30,BMY
BMY260130P00040000,40.0,0.05,0.0,0.01,,10.0,1.5625021874999998,False,PUT,2026-01-30,BMY
BMY260130P00041000,41.0,0.01,0.0,0.01,,2.0,1.4375028125,False,PUT,2026-01-30,BMY
BMY260130P00043000,43.0,0.01,0.0,0.01,4.0,4.0,1.2500037499999999,False,PUT,2026-01-30,BMY
BMY260130P00045000,45.0,0.26,0.0,0.01,2.0,6.0,1.000005,False,PUT,2026-01-30,BMY
BMY260130P00046000,46.0,0.04,0.0,0.01,2.0,109.0,0.9062509375,False,PUT,2026-01-30,BMY
BMY260130P00047000,47.0,0.19,0.0,0.02,1.0,32.0,0.87500125,False,PUT,2026-01-30,BMY
BMY260130P00048000,48.0,0.01,0.0,0.02,48.0,94.0,0.7812521875,False,PUT,2026-01-30,BMY
BMY260130P00049000,49.0,0.03,0.0,0.02,3.0,22.0,0.6718782812500002,False,PUT,2026-01-30,BMY
BMY260130P00050000,50.0,0.01,0.0,0.03,3.0,278.0,0.5937540625000001,False,PUT,2026-01-30,BMY
BMY260130P00051000,51.0,0.02,0.0,0.03,16.0,636.0,0.5468795312500001,False,PUT,2026-01-30,BMY
BMY260130P00052000,52.0,0.02,0.01,0.02,274.0,659.0,0.398443515625,False,PUT,2026-01-30,BMY
BMY260130P00053000,53.0,0.01,0.01,0.04,31.0,480.0,0.32031929687499994,False,PUT,2026-01-30,BMY
BMY260130P00054000,54.0,0.08,0.05,0.1,49.0,1781.0,0.24414818359375,False,PUT,2026-01-30,BMY
BMY260130P00055000,55.0,0.31,0.28,0.44,52.0,689.0,0.23242955078125,True,PUT,2026-01-30,BMY
BMY260130P00056000,56.0,1.25,0.85,1.22,5.0,191.0,0.27930408203124996,True,PUT,2026-01-30,BMY
BMY260130P00057000,57.0,2.5,1.8,2.54,2.0,182.0,0.7216824707031251,True,PUT,2026-01-30,BMY
BMY260130P00058000,58.0,1.99,2.67,3.6,7.0,0.0,0.9433599414062499,True,PUT,2026-01-30,BMY
BMY260130P00059000,59.0,2.58,3.75,4.6,,0.0,0.6015664843750002,True,PUT,2026-01-30,BMY
BMY260130P00060000,60.0,4.88,4.7,6.95,1.0,0.0,1.4541042919921874,True,PUT,2026-01-30,BMY
BMY260130P00061000,61.0,5.51,4.15,7.95,2.0,0.0,2.4599647875976567,True,PUT,2026-01-30,BMY
BMY260130P00062000,62.0,6.49,5.15,8.95,2.0,0.0,2.630862797851563,True,PUT,2026-01-30,BMY
BMY260206C00044000,44.0,10.89,10.45,11.4,2.0,0.0,0.70312796875,True,CALL,2026-02-06,BMY
BMY260206C00047000,47.0,7.89,6.1,8.55,4.0,2.0,0.9951172363281251,True,CALL,2026-02-06,BMY
BMY260206C00048000,48.0,7.1,6.55,7.4,8.0,11.0,0.5273484765625001,True,CALL,2026-02-06,BMY
BMY260206C00049000,49.0,5.93,5.5,6.45,1.0,2.0,0.7617211328125001,True,CALL,2026-02-06,BMY
BMY260206C00050000,50.0,6.0,4.5,5.6,1.0,61.0,0.73633076171875,True,CALL,2026-02-06,BMY
BMY260206C00051000,51.0,4.45,3.65,4.5,10.0,28.0,0.5991251025390626,True,CALL,2026-02-06,BMY
BMY260206C00052000,52.0,5.1,3.2,3.65,3.0,13.0,0.5581098876953126,True,CALL,2026-02-06,BMY
BMY260206C00053000,53.0,2.7,2.43,2.91,178.0,523.0,0.5380905566406251,True,CALL,2026-02-06,BMY
BMY260206C00054000,54.0,1.99,1.88,1.98,3.0,471.0,0.43945873046875,True,CALL,2026-02-06,BMY
BMY260206C00055000,55.0,1.41,1.2,1.35,58.0,1611.0,0.4096738720703125,False,CALL,2026-02-06,BMY
BMY260206C00056000,56.0,0.87,0.88,0.94,160.0,844.0,0.41211525390625,False,CALL,2026-02-06,BMY
BMY260206C00057000,57.0,0.53,0.52,0.58,178.0,1544.0,0.3969786865234375,False,CALL,2026-02-06,BMY
BMY260206C00058000,58.0,0.33,0.3,0.37,37.0,659.0,0.40039662109375,False,CALL,2026-02-06,BMY
BMY260206C00059000,59.0,0.2,0.17,0.42,31.0,578.0,0.495122236328125,False,CALL,2026-02-06,BMY
BMY260206C00060000,60.0,0.13,0.09,0.24,88.0,658.0,0.47363807617187503,False,CALL,2026-02-06,BMY
BMY260206C00061000,61.0,0.14,0.0,0.14,14.0,56.0,0.46484910156250003,False,CALL,2026-02-06,BMY
BMY260206C00062000,62.0,0.07,0.0,0.09,6.0,36.0,0.4726615234375,False,CALL,2026-02-06,BMY
BMY260206C00063000,63.0,0.02,0.0,0.67,1.0,11.0,0.7070341796875,False,CALL,2026-02-06,BMY
BMY260206C00064000,64.0,0.01,0.0,0.48,1.0,3.0,0.70117486328125,False,CALL,2026-02-06,BMY
BMY260206C00065000,65.0,0.03,0.0,0.02,24.0,102.0,0.48438015625,False,CALL,2026-02-06,BMY
BMY260206C00068000,68.0,0.04,0.0,0.01,,10.0,0.500005,False,CALL,2026-02-06,BMY
BMY260206P00040000,40.0,0.02,0.0,0.02,,2.0,0.7812521875,False,PUT,2026-02-06,BMY
BMY260206P00042000,42.0,0.04,0.0,0.02,,6.0,0.6718782812500002,False,PUT,2026-02-06,BMY
BMY260206P00045000,45.0,0.08,0.0,0.04,1.0,8.0,0.570316796875,False,PUT,2026-02-06,BMY
BMY260206P00046000,46.0,0.05,0.0,0.54,20.0,28.0,0.8339860351562498,False,PUT,2026-02-06,BMY
BMY260206P00047000,47.0,0.07,0.0,0.11,2.0,88.0,0.5351608984375,False,PUT,2026-02-06,BMY
BMY260206P00048000,48.0,0.08,0.0,0.7,3.0,28.0,0.72851833984375,False,PUT,2026-02-06,BMY
BMY260206P00049000,49.0,0.08,0.0,0.17,2.0,60.0,0.5283250292968751,False,PUT,2026-02-06,BMY
BMY260206P00050000,50.0,0.11,0.09,0.13,45.0,259.0,0.42578699218750005,False,PUT,2026-02-06,BMY
BMY260206P00051000,51.0,0.18,0.16,0.26,151.0,406.0,0.43457596679687505,False,PUT,2026-02-06,BMY
BMY260206P00052000,52.0,0.29,0.29,0.4,49.0,284.0,0.4155331884765625,False,PUT,2026-02-06,BMY
BMY260206P00053000,53.0,0.52,0.43,0.56,68.0,498.0,0.38086556640624997,False,PUT,2026-02-06,BMY
BMY260206P00054000,54.0,0.83,0.78,0.94,14.0,531.0,0.39111937011718745,False,PUT,2026-02-06,BMY
BMY260206P00055000,55.0,1.27,1.2,1.33,28.0,635.0,0.36865865722656255,True,PUT,2026-02-06,BMY
BMY260206P00056000,56.0,1.77,1.73,1.91,5.0,618.0,0.366217275390625,True,PUT,2026-02-06,BMY
BMY260206P00057000,57.0,1.91,2.41,2.55,12.0,199.0,0.3437565625,True,PUT,2026-02-06,BMY
BMY260206P00058000,58.0,2.43,3.0,3.85,63.0,118.0,0.5361374511718751,True,PUT,2026-02-06,BMY
BMY260206P00060000,60.0,4.98,4.85,5.65,2.0,4.0,0.614261669921875,True,PUT,2026-02-06,BMY
BMY260206P00061000,61.0,4.7,4.8,7.35,,0.0,0.956055126953125,True,PUT,2026-02-06,BMY
BMY260213C00042000,42.0,12.81,12.45,13.45,4.0,4.0,0.6640658593750002,True,CALL,2026-02-13,BMY
BMY260213C00043000,43.0,11.85,11.5,12.45,4.0,5.0,0.648441015625,True,CALL,2026-02-13,BMY
BMY260213C00044000,44.0,10.77,10.5,11.55,4.0,1.0,0.648441015625,True,CALL,2026-02-13,BMY
BMY260213C00045000,45.0,9.78,9.2,10.45,4.0,1.0,0.84179845703125,True,CALL,2026-02-13,BMY
BMY260213C00046000,46.0,8.8,8.5,9.5,4.0,1.0,0.5195360546875,True,CALL,2026-02-13,BMY
BMY260213C00047000,47.0,7.79,7.3,8.5,4.0,3.0,0.726565234375,True,CALL,2026-02-13,BMY
BMY260213C00048000,48.0,6.92,6.3,7.55,4.0,4.0,0.676761044921875,True,CALL,2026-02-13,BMY
BMY260213C00049000,49.0,5.99,5.4,6.45,2.0,2.0,0.5712933496093751,True,CALL,2026-02-13,BMY
BMY260213C00051000,51.0,5.41,3.8,4.6,,1.0,0.47949739257812496,True,CALL,2026-02-13,BMY
BMY260213C00052000,52.0,3.23,3.4,3.95,14.0,18.0,0.4975636181640626,True,CALL,2026-02-13,BMY
BMY260213C00053000,53.0,3.5,2.59,2.98,4.0,13.0,0.4204159521484375,True,CALL,2026-02-13,BMY
BMY260213C00054000,54.0,1.82,2.08,2.28,4.0,76.0,0.397466962890625,True,CALL,2026-02-13,BMY
BMY260213C00055000,55.0,1.5,1.49,1.73,20.0,225.0,0.39014281738281253,False,CALL,2026-02-13,BMY
BMY260213C00056000,56.0,1.04,1.02,1.25,3.0,88.0,0.3789124609375,False,CALL,2026-02-13,BMY
BMY260213C00057000,57.0,0.7,0.68,0.85,3.0,291.0,0.36475244628906256,False,CALL,2026-02-13,BMY
BMY260213C00058000,58.0,0.47,0.42,0.57,4.0,341.0,0.3588931298828125,False,CALL,2026-02-13,BMY
BMY260213C00059000,59.0,0.33,0.25,0.35,1.0,89.0,0.3481510498046875,False,CALL,2026-02-13,BMY
BMY260213C00060000,60.0,0.17,0.16,0.25,51.0,165.0,0.35938140625,False,CALL,2026-02-13,BMY
BMY260213C00061000,61.0,0.17,0.09,0.51,8.0,62.0,0.5048877636718749,False,CALL,2026-02-13,BMY
BMY260213C00062000,62.0,0.12,0.0,0.5,1.0,18.0,0.5507857421875001,False,CALL,2026-02-13,BMY
BMY260213C00063000,63.0,0.15,0.0,0.49,3.0,97.0,0.5932657861328126,False,CALL,2026-02-13,BMY
BMY260213C00064000,64.0,0.08,0.0,0.52,,6.0,0.5361374511718751,False,CALL,2026-02-13,BMY
BMY260213C00065000,65.0,0.04,0.0,0.04,5.0,40.0,0.398443515625,False,CALL,2026-02-13,BMY
BMY260213C00066000,66.0,0.13,0.0,0.28,,45.0,0.5351608984375,False,CALL,2026-02-13,BMY
BMY260213C00069000,69.0,0.04,0.0,0.1,3.0,3.0,0.5312546875,False,CALL,2026-02-13,BMY
BMY260213P00045000,45.0,0.05,0.0,0.04,,1.0,0.47070841796875,False,PUT,2026-02-13,BMY
BMY260213P00046000,46.0,0.11,0.0,0.27,1.0,8.0,0.532231240234375,False,PUT,2026-02-13,BMY
BMY260213P00047000,47.0,0.1,0.0,0.28,1.0,2.0,0.5722699023437501,False,PUT,2026-02-13,BMY
BMY260213P00048000,48.0,0.1,0.0,0.3,3.0,50.0,0.5224657128906249,False,PUT,2026-02-13,BMY
BMY260213P00049000,49.0,0.12,0.0,0.25,25.0,33.0,0.43945873046875,False,PUT,2026-02-13,BMY
BMY260213P00050000,50.0,0.17,0.13,0.24,5.0,339.0,0.375982802734375,False,PUT,2026-02-13,BMY
BMY260213P00051000,51.0,0.31,0.24,0.33,1.0,98.0,0.352545537109375,False,PUT,2026-02-13,BMY
BMY260213P00052000,52.0,0.48,0.38,0.51,1.0,155.0,0.3452213916015625,False,PUT,2026-02-13,BMY
BMY260213P00053000,53.0,0.68,0.58,0.81,3.0,80.0,0.34961587890624996,False,PUT,2026-02-13,BMY
BMY260213P00054000,54.0,0.97,0.83,1.14,8.0,266.0,0.33887379882812496,False,PUT,2026-02-13,BMY
BMY260213P00055000,55.0,1.59,1.24,1.56,4.0,61.0,0.3266668896484375,True,PUT,2026-02-13,BMY
BMY260213P00056000,56.0,2.37,1.81,2.11,3.0,10.0,0.32031929687499994,True,PUT,2026-02-13,BMY
BMY260213P00057000,57.0,2.23,2.47,2.72,20.0,26.0,0.30274134765625,True,PUT,2026-02-13,BMY
BMY260213P00058000,58.0,3.9,3.25,3.45,4.0,27.0,0.2876047802734374,True,PUT,2026-02-13,BMY
BMY260213P00059000,59.0,4.04,3.95,4.8,2.0,1.0,0.4497125341796875,True,PUT,2026-02-13,BMY
BMY260213P00060000,60.0,4.46,4.8,5.7,1.0,2.0,0.476567734375,True,PUT,2026-02-13,BMY
BMY260220C00040000,40.0,16.2,14.55,15.35,1.0,21.0,0.64062859375,True,CALL,2026-02-20,BMY
BMY260220C00042000,42.0,12.1,12.55,13.35,135.0,0.0,0.5546919531250001,True,CALL,2026-02-20,BMY
BMY260220C00043000,43.0,11.2,11.3,12.4,3.0,0.0,0.795900478515625,True,CALL,2026-02-20,BMY
BMY260220C00044000,44.0,6.13,0.0,0.0,1.0,0.0,1.0000000000000003e-05,True,CALL,2026-02-20,BMY
BMY260220C00045000,45.0,9.78,9.55,10.4,2.0,42.0,0.6831086376953126,True,CALL,2026-02-20,BMY
BMY260220C00046000,46.0,8.55,8.6,9.4,2.0,35.0,0.6269568554687501,True,CALL,2026-02-20,BMY
BMY260220C00047000,47.0,7.8,7.4,8.45,5.0,84.0,0.5893595751953126,True,CALL,2026-02-20,BMY
BMY260220C00048000,48.0,8.79,6.55,7.5,1.0,45.0,0.5488326367187502,True,CALL,2026-02-20,BMY
BMY260220C00049000,49.0,6.21,5.9,6.5,1.0,541.0,0.49121602539062503,True,CALL,2026-02-20,BMY
BMY260220C00050000,50.0,5.25,5.15,5.4,42.0,1014.0,0.405279384765625,True,CALL,2026-02-20,BMY
BMY260220C00051000,51.0,3.6,3.9,4.85,,2.0,0.4594780615234375,True,CALL,2026-02-20,BMY
BMY260220C00052000,52.0,3.52,3.5,3.85,4.0,7.0,0.39331661376953125,True,CALL,2026-02-20,BMY
BMY260220C00052500,52.5,3.1,3.2,3.45,1.0,2326.0,0.3803772900390625,True,CALL,2026-02-20,BMY
BMY260220C00053000,53.0,3.25,2.86,3.15,2.0,36.0,0.3842835009765625,True,CALL,2026-02-20,BMY
BMY260220C00054000,54.0,2.23,2.03,2.25,241.0,140.0,0.32569033691406246,True,CALL,2026-02-20,BMY
BMY260220C00055000,55.0,1.7,1.59,1.7,68.0,11905.0,0.3198310205078124,False,CALL,2026-02-20,BMY
BMY260220C00056000,56.0,1.2,1.15,1.22,53.0,353.0,0.3103096313476562,False,CALL,2026-02-20,BMY
BMY260220C00057000,57.0,0.82,0.8,0.84,65.0,5546.0,0.30225307128906254,False,CALL,2026-02-20,BMY
BMY260220C00057500,57.5,0.7,0.66,0.7,220.0,13029.0,0.301764794921875,False,CALL,2026-02-20,BMY
BMY260220C00058000,58.0,0.58,0.53,0.58,261.0,502.0,0.301764794921875,False,CALL,2026-02-20,BMY
BMY260220C00059000,59.0,0.37,0.28,0.36,51.0,166.0,0.2929758203124999,False,CALL,2026-02-20,BMY
BMY260220C00060000,60.0,0.23,0.21,0.25,17.0,3010.0,0.299811689453125,False,CALL,2026-02-20,BMY
BMY260220C00061000,61.0,0.15,0.03,0.24,3.0,51.0,0.33399103515625,False,CALL,2026-02-20,BMY
BMY260220C00062000,62.0,0.12,0.0,0.18,10.0,15.0,0.3437565625,False,CALL,2026-02-20,BMY
BMY260220C00062500,62.5,0.08,0.07,0.12,15.0,2385.0,0.32910827148437494,False,CALL,2026-02-20,BMY
BMY260220C00063000,63.0,0.03,0.0,0.15,12.0,7.0,0.362311064453125,False,CALL,2026-02-20,BMY
BMY260220C00064000,64.0,0.03,0.0,0.1,12.0,14.0,0.36133451171875,False,CALL,2026-02-20,BMY
BMY260220C00065000,65.0,0.03,0.03,0.04,12.0,678.0,0.33399103515625,False,CALL,2026-02-20,BMY
BMY260220C00070000,70.0,0.03,0.0,0.03,1.0,144.0,0.4335994140625,False,CALL,2026-02-20,BMY
BMY260220P00040000,40.0,0.02,0.0,0.03,25.0,289.0,0.51562984375,False,PUT,2026-02-20,BMY
BMY260220P00042000,42.0,0.02,0.0,0.02,1.0,376.0,0.46094289062500005,False,PUT,2026-02-20,BMY
BMY260220P00043000,43.0,0.03,0.0,0.06,1.0,1541.0,0.500005,False,PUT,2026-02-20,BMY
BMY260220P00044000,44.0,0.08,0.0,0.11,2.0,236.0,0.5117236328125,False,PUT,2026-02-20,BMY
BMY260220P00045000,45.0,0.06,0.0,0.12,1.0,802.0,0.476567734375,False,PUT,2026-02-20,BMY
BMY260220P00046000,46.0,0.07,0.0,0.07,2.0,524.0,0.39063109375,False,PUT,2026-02-20,BMY
BMY260220P00047000,47.0,0.08,0.04,0.1,9.0,1263.0,0.37500625,False,PUT,2026-02-20,BMY
BMY260220P00048000,48.0,0.17,0.0,0.21,6.0,890.0,0.39649041015625003,False,PUT,2026-02-20,BMY
BMY260220P00049000,49.0,0.16,0.11,0.22,2.0,1965.0,0.35352208984374994,False,PUT,2026-02-20,BMY
BMY260220P00050000,50.0,0.22,0.19,0.25,9.0,4047.0,0.317389638671875,False,PUT,2026-02-20,BMY
BMY260220P00051000,51.0,0.35,0.29,0.41,1.0,349.0,0.31836619140624994,False,PUT,2026-02-20,BMY
BMY260220P00052000,52.0,0.48,0.46,0.53,3.0,538.0,0.2929758203124999,False,PUT,2026-02-20,BMY
BMY260220P00052500,52.5,0.61,0.55,0.67,8.0,6845.0,0.29444064941406245,False,PUT,2026-02-20,BMY
BMY260220P00053000,53.0,0.76,0.71,0.8,34.0,535.0,0.28955788574218744,False,PUT,2026-02-20,BMY
BMY260220P00054000,54.0,1.06,1.02,1.13,60.0,335.0,0.28076891113281244,False,PUT,2026-02-20,BMY
BMY260220P00055000,55.0,1.47,1.49,1.61,124.0,3272.0,0.28174546386718746,True,PUT,2026-02-20,BMY
BMY260220P00056000,56.0,2.12,2.0,2.12,10.0,198.0,0.2690502783203125,True,PUT,2026-02-20,BMY
BMY260220P00057000,57.0,2.71,2.56,2.71,11.0,179.0,0.25049577636718745,True,PUT,2026-02-20,BMY
BMY260220P00057500,57.5,3.62,2.93,3.25,3.0,821.0,0.2866282275390625,True,PUT,2026-02-20,BMY
BMY260220P00060000,60.0,3.7,4.85,5.7,1.0,89.0,0.397466962890625,True,PUT,2026-02-20,BMY
BMY260220P00065000,65.0,9.06,9.65,10.6,10.0,0.0,0.5644574804687501,True,PUT,2026-02-20,BMY
BMY260227C00053000,53.0,2.91,2.8,3.25,15.0,16.0,0.3540103662109374,True,CALL,2026-02-27,BMY
BMY260227C00054000,54.0,2.48,2.15,2.65,1.0,53.0,0.3505924316406249,True,CALL,2026-02-27,BMY
BMY260227C00055000,55.0,1.9,1.76,2.04,1.0,48.0,0.33423517333984376,False,CALL,2026-02-27,BMY
BMY260227C00056000,56.0,1.4,1.29,1.63,2.0,94.0,0.33814138427734375,False,CALL,2026-02-27,BMY
BMY260227C00057000,57.0,0.96,0.9,1.08,16.0,154.0,0.30664755859375,False,CALL,2026-02-27,BMY
BMY260227C00058000,58.0,0.8,0.6,0.79,16.0,28.0,0.3051827294921875,False,CALL,2026-02-27,BMY
BMY260227C00059000,59.0,0.58,0.39,0.58,51.0,505.0,0.3073799731445312,False,CALL,2026-02-27,BMY
BMY260227C00060000,60.0,0.33,0.26,0.5,1.0,205.0,0.32910827148437494,False,CALL,2026-02-27,BMY
BMY260227C00061000,61.0,0.24,0.16,0.43,2.0,47.0,0.348639326171875,False,CALL,2026-02-27,BMY
BMY260227C00062000,62.0,0.21,0.0,0.4,12.0,31.0,0.3745179736328125,False,CALL,2026-02-27,BMY
BMY260227C00063000,63.0,0.13,0.0,0.75,1.0,10.0,0.4995167236328125,False,CALL,2026-02-27,BMY
BMY260227C00064000,64.0,0.28,0.0,0.2,1.0,28.0,0.367193828125,False,CALL,2026-02-27,BMY
BMY260227P00045000,45.0,0.07,0.0,0.14,2.0,2.0,0.43066975585937506,False,PUT,2026-02-27,BMY
BMY260227P00047000,47.0,0.19,0.0,0.22,,35.0,0.39258419921875,False,PUT,2026-02-27,BMY
BMY260227P00048000,48.0,0.13,0.0,0.68,1.0,15.0,0.49658706542968756,False,PUT,2026-02-27,BMY
BMY260227P00049000,49.0,0.23,0.16,0.4,2.0,11.0,0.36963520996093746,False,PUT,2026-02-27,BMY
BMY260227P00050000,50.0,0.35,0.24,0.4,13.0,55.0,0.3232489550781249,False,PUT,2026-02-27,BMY
BMY260227P00051000,51.0,0.48,0.36,0.5,14.0,43.0,0.3002999658203125,False,PUT,2026-02-27,BMY
BMY260227P00052000,52.0,0.75,0.52,0.64,18.0,107.0,0.27930408203124996,False,PUT,2026-02-27,BMY
BMY260227P00053000,53.0,0.96,0.77,0.95,1.0,50.0,0.2805247729492187,False,PUT,2026-02-27,BMY
BMY260227P00054000,54.0,1.03,1.11,1.31,3.0,24.0,0.27539787109374997,False,PUT,2026-02-27,BMY
BMY260227P00055000,55.0,1.66,1.51,1.82,4.0,16.0,0.28003649658203117,True,PUT,2026-02-27,BMY
BMY260227P00056000,56.0,1.76,2.05,2.38,10.0,29.0,0.278327529296875,True,PUT,2026-02-27,BMY
BMY260227P00057000,57.0,3.45,2.68,2.98,20.0,23.0,0.2683178637695312,True,PUT,2026-02-27,BMY
BMY260227P00058000,58.0,4.2,3.35,3.7,,1.0,0.26416751464843746,True,PUT,2026-02-27,BMY
BMY260227P00060000,60.0,6.02,3.85,5.8,,10.0,0.370123486328125,True,PUT,2026-02-27,BMY
BMY260306C00055000,55.0,1.89,1.91,2.27,1.0,2.0,0.33399103515625,False,CALL,2026-03-06,BMY
BMY260306C00056000,56.0,1.59,1.4,1.58,1.0,2.0,0.2973703076171874,False,CALL,2026-03-06,BMY
BMY260306C00058000,58.0,0.84,0.72,1.03,2.0,31.0,0.3147041186523437,False,CALL,2026-03-06,BMY
BMY260306P00048000,48.0,0.2,0.0,0.74,1.0,1.0,0.46143116699218756,False,PUT,2026-03-06,BMY
BMY260306P00051000,51.0,0.62,0.42,0.67,5.0,5.0,0.305671005859375,False,PUT,2026-03-06,BMY
BMY260306P00053000,53.0,1.05,0.85,1.1,1.0,15.0,0.27637442382812494,False,PUT,2026-03-06,BMY
BMY260306P00055000,55.0,1.8,1.64,1.88,2.0,2.0,0.260749580078125,True,PUT,2026-03-06,BMY
BMY260320C00039000,39.0,14.8,14.45,18.2,280.0,4.0,0.6650424121093752,True,CALL,2026-03-20,BMY
BMY260320C00040000,40.0,15.4,13.25,17.2,3.0,87.0,0.58789474609375,True,CALL,2026-03-20,BMY
BMY260320C00041000,41.0,16.06,12.3,16.2,15.0,25.0,0.56055126953125,True,CALL,2026-03-20,BMY
BMY260320C00042000,42.0,12.55,11.3,15.2,470.0,1.0,0.523442265625,True,CALL,2026-03-20,BMY
BMY260320C00043000,43.0,12.03,10.3,13.65,2.0,38.0,0.8159198095703124,True,CALL,2026-03-20,BMY
BMY260320C00044000,44.0,11.05,10.0,12.45,2.0,133.0,0.7290066162109375,True,CALL,2026-03-20,BMY
BMY260320C00045000,45.0,11.02,9.55,11.1,46.0,3239.0,0.6147499462890625,True,CALL,2026-03-20,BMY
BMY260320C00046000,46.0,10.25,8.8,9.95,1.0,894.0,0.5410202148437502,True,CALL,2026-03-20,BMY
BMY260320C00047000,47.0,9.1,7.9,9.0,3.0,1521.0,0.5073291455078125,True,CALL,2026-03-20,BMY
BMY260320C00048000,48.0,8.35,6.95,7.9,2.0,1671.0,0.4458063232421875,True,CALL,2026-03-20,BMY
BMY260320C00049000,49.0,6.5,6.05,7.2,1.0,1291.0,0.45313046875,True,CALL,2026-03-20,BMY
BMY260320C00050000,50.0,5.85,5.65,6.0,4.0,13413.0,0.375982802734375,True,CALL,2026-03-20,BMY
BMY260320C00052500,52.5,3.6,3.75,4.0,9.0,6841.0,0.33008482421874996,True,CALL,2026-03-20,BMY
BMY260320C00055000,55.0,2.29,2.16,2.57,10.0,18074.0,0.3210517114257812,False,CALL,2026-03-20,BMY
BMY260320C00057500,57.5,1.27,1.22,1.29,13.0,20783.0,0.2834544311523437,False,CALL,2026-03-20,BMY
BMY260320C00060000,60.0,0.58,0.54,0.6,104.0,26431.0,0.27027096923828126,False,CALL,2026-03-20,BMY
BMY260320C00062500,62.5,0.34,0.17,0.31,3.0,3524.0,0.2788158056640625,False,CALL,2026-03-20,BMY
BMY260320C00065000,65.0,0.18,0.04,0.12,1.0,4198.0,0.27149166015625,False,CALL,2026-03-20,BMY
BMY260320C00067500,67.5,0.05,0.01,0.29,3.0,360.0,0.383795224609375,False,CALL,2026-03-20,BMY
BMY260320C00070000,70.0,0.05,0.0,0.1,1.0,176.0,0.3505924316406249,False,CALL,2026-03-20,BMY
BMY260320P00039000,39.0,0.12,0.0,0.27,2.0,999.0,0.51562984375,False,PUT,2026-03-20,BMY
BMY260320P00040000,40.0,0.04,0.0,0.06,2.0,8462.0,0.41992767578125,False,PUT,2026-03-20,BMY
BMY260320P00041000,41.0,0.05,0.0,0.1,12.0,710.0,0.42578699218750005,False,PUT,2026-03-20,BMY
BMY260320P00042000,42.0,0.06,0.0,0.1,1.0,3186.0,0.39649041015625003,False,PUT,2026-03-20,BMY
BMY260320P00043000,43.0,0.08,0.05,0.08,4.0,1877.0,0.352545537109375,False,PUT,2026-03-20,BMY
BMY260320P00044000,44.0,0.11,0.0,0.3,10.0,874.0,0.42774009765625004,False,PUT,2026-03-20,BMY
BMY260320P00045000,45.0,0.12,0.1,0.22,20.0,11978.0,0.36524072265625,False,PUT,2026-03-20,BMY
BMY260320P00046000,46.0,0.15,0.1,0.23,1.0,2982.0,0.336920693359375,False,PUT,2026-03-20,BMY
BMY260320P00047000,47.0,0.21,0.15,0.3,27.0,1349.0,0.32617861328125,False,PUT,2026-03-20,BMY
BMY260320P00048000,48.0,0.28,0.26,0.46,2.0,1011.0,0.33350275878906255,False,PUT,2026-03-20,BMY
BMY260320P00049000,49.0,0.41,0.26,0.4,5.0,2975.0,0.2836985693359374,False,PUT,2026-03-20,BMY
BMY260320P00050000,50.0,0.5,0.45,0.52,43.0,4768.0,0.2722240747070312,False,PUT,2026-03-20,BMY
BMY260320P00052500,52.5,1.11,1.03,1.09,17.0,3730.0,0.2580640600585938,False,PUT,2026-03-20,BMY
BMY260320P00055000,55.0,2.02,2.0,2.07,112.0,4634.0,0.24536887451171874,True,PUT,2026-03-20,BMY
BMY260320P00057500,57.5,3.2,3.2,3.7,62.0,763.0,0.2556226782226563,True,PUT,2026-03-20,BMY
BMY260320P00060000,60.0,5.55,5.1,6.35,13.0,89.0,0.3684145190429688,True,PUT,2026-03-20,BMY
BMY260320P00062500,62.5,7.56,7.15,9.55,1.0,45.0,0.5515181567382813,True,PUT,2026-03-20,BMY
BMY260320P00065000,65.0,11.25,9.6,11.95,1.0,1.0,0.6140175317382813,True,PUT,2026-03-20,BMY
BMY260320P00070000,70.0,20.95,23.2,24.85,1.0,44.0,1.6774918469238282,True,PUT,2026-03-20,BMY
BMY260417C00045000,45.0,10.75,9.9,10.75,3.0,22.0,0.43555251953125,True,CALL,2026-04-17,BMY
BMY260417C00050000,50.0,6.48,5.5,6.25,10.0,34.0,0.33374689697265625,True,CALL,2026-04-17,BMY
BMY260417C00052500,52.5,4.69,3.95,4.3,13.0,20.0,0.2971261694335937,True,CALL,2026-04-17,BMY
BMY260417C00055000,55.0,2.66,2.57,2.8,52.0,780.0,0.2805247729492187,False,CALL,2026-04-17,BMY
BMY260417C00057500,57.5,1.5,1.51,1.6,13.0,1366.0,0.2600171655273438,False,CALL,2026-04-17,BMY
BMY260417C00060000,60.0,0.85,0.75,0.89,4.0,413.0,0.2551344018554688,False,CALL,2026-04-17,BMY
BMY260417C00062500,62.5,0.41,0.25,0.55,15.0,96.0,0.26636475830078127,False,CALL,2026-04-17,BMY
BMY260417C00065000,65.0,0.22,0.1,0.25,12.0,88.0,0.2563550927734375,False,CALL,2026-04-17,BMY
BMY260417C00070000,70.0,0.05,0.0,0.15,4.0,16.0,0.30322962402343745,False,CALL,2026-04-17,BMY
BMY260417P00040000,40.0,0.07,0.0,0.24,2.0,16.0,0.43555251953125,False,PUT,2026-04-17,BMY
BMY260417P00045000,45.0,0.41,0.15,0.37,55.0,164.0,0.33447931152343746,False,PUT,2026-04-17,BMY
BMY260417P00050000,50.0,0.86,0.75,1.02,40.0,128.0,0.2893137475585937,False,PUT,2026-04-17,BMY
BMY260417P00052500,52.5,1.61,1.52,1.6,4.0,378.0,0.26319096191406255,False,PUT,2026-04-17,BMY
BMY260417P00055000,55.0,2.68,2.59,2.74,4.0,422.0,0.2629468237304688,True,PUT,2026-04-17,BMY
BMY260417P00057500,57.5,4.0,3.8,4.45,2.0,133.0,0.28394270751953116,True,PUT,2026-04-17,BMY
BMY260417P00060000,60.0,5.9,5.7,6.2,1.0,21.0,0.278327529296875,True,PUT,2026-04-17,BMY
BMY260618C00039000,39.0,14.71,15.75,16.7,1.0,0.0,0.4731497998046875,True,CALL,2026-06-18,BMY
BMY260618C00040000,40.0,15.9,14.75,15.75,4.0,325.0,0.4545952978515625,True,CALL,2026-06-18,BMY
BMY260618C00041000,41.0,6.95,0.0,0.0,1.0,77.0,1.0000000000000003e-05,True,CALL,2026-06-18,BMY
BMY260618C00042000,42.0,9.6,12.2,13.85,15.0,26.0,0.4167538793945312,True,CALL,2026-06-18,BMY
BMY260618C00043000,43.0,12.27,10.6,12.95,2.0,34.0,0.40430283203125,True,CALL,2026-06-18,BMY
BMY260618C00044000,44.0,10.46,11.1,12.1,5.0,57.0,0.39649041015625003,True,CALL,2026-06-18,BMY
BMY260618C00045000,45.0,10.55,10.2,11.05,1.0,784.0,0.3635317553710938,True,CALL,2026-06-18,BMY
BMY260618C00046000,46.0,9.8,9.35,10.15,1.0,4113.0,0.34839518798828123,True,CALL,2026-06-18,BMY
BMY260618C00047000,47.0,8.35,8.5,9.3,1.0,4668.0,0.33740896972656254,True,CALL,2026-06-18,BMY
BMY260618C00048000,48.0,8.0,7.7,8.65,12.0,4127.0,0.3442448388671875,True,CALL,2026-06-18,BMY
BMY260618C00049000,49.0,7.3,7.0,7.7,27.0,122.0,0.3197089514160155,True,CALL,2026-06-18,BMY
BMY260618C00050000,50.0,6.55,6.5,6.8,51.0,7238.0,0.2990792749023437,True,CALL,2026-06-18,BMY
BMY260618C00052500,52.5,5.1,4.9,5.3,21.0,2092.0,0.3006661730957031,True,CALL,2026-06-18,BMY
BMY260618C00055000,55.0,3.65,3.6,3.75,7.0,3551.0,0.2799144274902343,False,CALL,2026-06-18,BMY
BMY260618C00057500,57.5,2.6,2.53,2.74,11.0,10225.0,0.2810130493164062,False,CALL,2026-06-18,BMY
BMY260618C00060000,60.0,1.72,1.64,1.79,54.0,4181.0,0.2683178637695312,False,CALL,2026-06-18,BMY
BMY260618C00062500,62.5,1.11,1.08,1.19,51.0,2406.0,0.2659985510253906,False,CALL,2026-06-18,BMY
BMY260618C00065000,65.0,0.7,0.68,0.8,8.0,1873.0,0.26782958740234375,False,CALL,2026-06-18,BMY
BMY260618C00067500,67.5,0.4,0.36,0.54,8.0,139.0,0.2710033837890625,False,CALL,2026-06-18,BMY
BMY260618C00070000,70.0,0.25,0.2,0.39,37.0,1371.0,0.2788158056640625,False,CALL,2026-06-18,BMY
BMY260618P00039000,39.0,0.25,0.06,0.3,3.0,315.0,0.36426416992187505,False,PUT,2026-06-18,BMY
BMY260618P00040000,40.0,0.21,0.15,0.35,10.0,8647.0,0.3549869189453124,False,PUT,2026-06-18,BMY
BMY260618P00041000,41.0,0.37,0.13,0.42,7.0,119.0,0.3481510498046875,False,PUT,2026-06-18,BMY
BMY260618P00042000,42.0,0.38,0.19,0.49,40.0,3255.0,0.3391179370117187,False,PUT,2026-06-18,BMY
BMY260618P00043000,43.0,0.47,0.26,0.58,2.0,2245.0,0.33179379150390625,False,PUT,2026-06-18,BMY
BMY260618P00044000,44.0,0.61,0.36,0.69,4.0,861.0,0.3254461987304687,False,PUT,2026-06-18,BMY
BMY260618P00045000,45.0,0.61,0.5,0.61,7.0,9866.0,0.2898020239257812,False,PUT,2026-06-18,BMY
BMY260618P00046000,46.0,0.67,0.64,0.97,17.0,508.0,0.313483427734375,False,PUT,2026-06-18,BMY
BMY260618P00047000,47.0,0.92,0.72,0.96,26.0,310.0,0.2869944348144531,False,PUT,2026-06-18,BMY
BMY260618P00048000,48.0,1.04,0.98,1.13,40.0,579.0,0.28003649658203117,False,PUT,2026-06-18,BMY
BMY260618P00049000,49.0,1.25,1.23,1.44,76.0,887.0,0.2841868457031249,False,PUT,2026-06-18,BMY
BMY260618P00050000,50.0,1.56,1.57,1.6,203.0,2730.0,0.27075924560546877,False,PUT,2026-06-18,BMY
BMY260618P00052500,52.5,2.38,2.39,2.42,60.0,3066.0,0.26197027099609377,False,PUT,2026-06-18,BMY
BMY260618P00055000,55.0,3.5,3.45,3.55,24.0,1861.0,0.2564771618652344,True,PUT,2026-06-18,BMY
BMY260618P00057500,57.5,4.64,4.55,5.25,9.0,326.0,0.27295648925781246,True,PUT,2026-06-18,BMY
BMY260618P00060000,60.0,6.22,6.2,6.85,9.0,305.0,0.26367923828125,True,PUT,2026-06-18,BMY
BMY260618P00062500,62.5,9.15,8.1,8.7,5.0,62.0,0.2557447473144532,True,PUT,2026-06-18,BMY
BMY260618P00065000,65.0,21.05,17.9,19.6,5.0,21.0,0.8930674755859375,True,PUT,2026-06-18,BMY
BMY260618P00067500,67.5,22.23,19.65,22.05,1.0,14.0,0.913086806640625,True,PUT,2026-06-18,BMY
BMY260618P00070000,70.0,14.7,14.8,16.05,,3.0,0.35547519531249994,True,PUT,2026-06-18,BMY
BMY260918C00040000,40.0,15.28,14.05,15.85,11.0,1484.0,0.36597313720703123,True,CALL,2026-09-18,BMY
BMY260918C00043000,43.0,13.0,12.5,13.25,49.0,804.0,0.3443669079589844,True,CALL,2026-09-18,BMY
BMY260918C00045000,45.0,10.75,10.75,11.6,18.0,6968.0,0.33130551513671874,True,CALL,2026-09-18,BMY
BMY260918C00047000,47.0,9.45,9.65,9.95,51.0,5121.0,0.31323928955078123,True,CALL,2026-09-18,BMY
BMY260918C00050000,50.0,7.23,7.05,7.85,6.0,2681.0,0.30225307128906254,True,CALL,2026-09-18,BMY
BMY260918C00052500,52.5,5.89,5.65,6.35,1.0,1005.0,0.2970041003417968,True,CALL,2026-09-18,BMY
BMY260918C00055000,55.0,4.45,4.35,5.0,46.0,3193.0,0.28943581665039053,False,CALL,2026-09-18,BMY
BMY260918C00057500,57.5,3.35,3.5,3.8,10.0,1436.0,0.2797923583984374,False,CALL,2026-09-18,BMY
BMY260918C00060000,60.0,2.75,2.61,2.9,21.0,1214.0,0.2766185620117187,False,CALL,2026-09-18,BMY
BMY260918C00062500,62.5,1.95,1.88,2.14,5.0,296.0,0.27149166015625,False,CALL,2026-09-18,BMY
BMY260918C00065000,65.0,1.22,1.12,1.65,2.0,754.0,0.2745433874511719,False,CALL,2026-09-18,BMY
BMY260918C00070000,70.0,0.76,0.45,0.92,12.0,308.0,0.2751537329101562,False,CALL,2026-09-18,BMY
BMY260918P00040000,40.0,0.6,0.45,0.63,1.0,8114.0,0.3215399877929687,False,PUT,2026-09-18,BMY
BMY260918P00043000,43.0,0.9,0.59,1.11,1.0,7598.0,0.3188544677734374,False,PUT,2026-09-18,BMY
BMY260918P00045000,45.0,1.31,1.18,1.35,64.0,3430.0,0.2995675512695312,False,PUT,2026-09-18,BMY
BMY260918P00047000,47.0,1.73,1.57,1.91,73.0,1427.0,0.3012765185546875,False,PUT,2026-09-18,BMY
BMY260918P00050000,50.0,2.59,2.5,2.8,108.0,2919.0,0.2913889221191405,False,PUT,2026-09-18,BMY
BMY260918P00052500,52.5,3.6,3.4,3.7,1.0,710.0,0.2810130493164062,False,PUT,2026-09-18,BMY
BMY260918P00055000,55.0,4.58,4.55,4.85,1.0,276.0,0.27417718017578124,True,PUT,2026-09-18,BMY
BMY260918P00057500,57.5,5.89,5.8,6.3,1.0,326.0,0.27307855834960937,True,PUT,2026-09-18,BMY
BMY260918P00060000,60.0,7.85,7.35,7.85,57.0,101.0,0.26673096557617193,True,PUT,2026-09-18,BMY
BMY260918P00065000,65.0,11.2,10.9,11.5,2.0,15.0,0.2551344018554688,True,PUT,2026-09-18,BMY
BMY260918P00070000,70.0,24.86,0.0,0.0,1.0,0.0,1.0000000000000003e-05,True,PUT,2026-09-18,BMY
BMY261218C00040000,40.0,15.95,15.2,16.85,10.0,211.0,0.40064075927734377,True,CALL,2026-12-18,BMY
BMY261218C00042000,42.0,14.3,13.55,15.35,2.0,196.0,0.3963683410644532,True,CALL,2026-12-18,BMY
BMY261218C00045000,45.0,11.4,11.45,12.05,10.0,1962.0,0.3122627368164062,True,CALL,2026-12-18,BMY
BMY261218C00047000,47.0,10.0,9.7,10.55,10.0,2907.0,0.3031075549316406,True,CALL,2026-12-18,BMY
BMY261218C00050000,50.0,8.48,8.2,8.6,10.0,4261.0,0.29724823852539056,True,CALL,2026-12-18,BMY
BMY261218C00052500,52.5,7.5,6.35,7.2,12.0,2966.0,0.29492892578124996,True,CALL,2026-12-18,BMY
BMY261218C00055000,55.0,5.78,5.45,5.9,19.0,1561.0,0.28943581665039053,False,CALL,2026-12-18,BMY
BMY261218C00057500,57.5,4.6,4.35,4.7,2.0,2327.0,0.2810130493164062,False,CALL,2026-12-18,BMY
BMY261218C00060000,60.0,3.7,3.15,3.8,30.0,2964.0,0.2795482202148437,False,CALL,2026-12-18,BMY
BMY261218C00062500,62.5,2.65,2.36,3.05,1.0,1140.0,0.27857166748046874,False,CALL,2026-12-18,BMY
BMY261218C00065000,65.0,2.19,2.01,2.42,14.0,362.0,0.2771068383789062,False,CALL,2026-12-18,BMY
BMY261218C00067500,67.5,1.94,0.49,1.86,1.0,65.0,0.27307855834960937,False,CALL,2026-12-18,BMY
BMY261218C00070000,70.0,1.3,1.24,1.41,2.0,1289.0,0.26929441650390623,False,CALL,2026-12-18,BMY
BMY261218P00040000,40.0,1.0,0.85,1.1,12.0,3263.0,0.3237372314453124,False,PUT,2026-12-18,BMY
BMY261218P00042000,42.0,1.6,1.16,1.48,1.0,612.0,0.32031929687499994,False,PUT,2026-12-18,BMY
BMY261218P00045000,45.0,1.89,1.8,2.17,11.0,823.0,0.31250687499999996,False,PUT,2026-12-18,BMY
BMY261218P00047000,47.0,2.27,2.3,2.7,1.0,984.0,0.3051827294921875,False,PUT,2026-12-18,BMY
BMY261218P00050000,50.0,3.55,3.35,3.65,885.0,1238.0,0.2937082348632812,False,PUT,2026-12-18,BMY
BMY261218P00052500,52.5,4.25,3.5,4.7,316.0,1976.0,0.2890696093749999,False,PUT,2026-12-18,BMY
BMY261218P00055000,55.0,5.65,5.4,5.9,1.0,597.0,0.28375960388183585,True,PUT,2026-12-18,BMY
BMY261218P00057500,57.5,7.3,6.75,7.2,4.0,36.0,0.27539787109374997,True,PUT,2026-12-18,BMY
BMY261218P00060000,60.0,9.5,8.25,8.8,1.0,65.0,0.2739330419921875,True,PUT,2026-12-18,BMY
BMY261218P00062500,62.5,9.65,9.9,11.35,7.0,21.0,0.3136054968261719,True,PUT,2026-12-18,BMY
BMY261218P00065000,65.0,11.1,11.75,12.25,6.0,16.0,0.2611157873535156,True,PUT,2026-12-18,BMY
BMY261218P00067500,67.5,12.55,11.15,12.05,,1.0,1.0000000000000003e-05,True,PUT,2026-12-18,BMY
BMY261218P00070000,70.0,15.9,15.75,16.7,3.0,3.0,0.28125718749999995,True,PUT,2026-12-18,BMY
BMY270115C00040000,40.0,15.5,14.7,17.05,31.0,647.0,0.39990834472656256,True,CALL,2027-01-15,BMY
BMY270115C00043000,43.0,13.3,13.1,14.05,3.0,781.0,0.33899586791992187,True,CALL,2027-01-15,BMY
BMY270115C00045000,45.0,11.55,11.65,12.2,1.0,904.0,0.30933307861328124,True,CALL,2027-01-15,BMY
BMY270115C00047000,47.0,10.05,9.85,10.7,4.0,375.0,0.2995675512695312,True,CALL,2027-01-15,BMY
BMY270115C00050000,50.0,8.5,8.3,8.7,36.0,3146.0,0.29041236938476556,True,CALL,2027-01-15,BMY
BMY270115C00052500,52.5,7.05,6.4,7.35,2.0,993.0,0.2902903002929687,True,CALL,2027-01-15,BMY
BMY270115C00055000,55.0,5.85,5.7,6.1,30.0,8340.0,0.2869944348144531,False,CALL,2027-01-15,BMY
BMY270115C00057500,57.5,4.75,4.15,5.0,10.0,923.0,0.28351546569824215,False,CALL,2027-01-15,BMY
BMY270115C00060000,60.0,3.86,3.85,4.0,34.0,4142.0,0.27771718383789057,False,CALL,2027-01-15,BMY
BMY270115C00062500,62.5,2.97,2.52,3.25,1.0,1268.0,0.2771068383789062,False,CALL,2027-01-15,BMY
BMY270115C00065000,65.0,2.46,2.07,2.58,32.0,1236.0,0.2742992492675781,False,CALL,2027-01-15,BMY
BMY270115C00067500,67.5,1.83,1.41,2.06,37.0,2811.0,0.2735668347167969,False,CALL,2027-01-15,BMY
BMY270115C00070000,70.0,1.4,1.4,1.55,4.0,2172.0,0.26746338012695314,False,CALL,2027-01-15,BMY
BMY270115P00040000,40.0,1.2,1.05,1.38,5.0,3421.0,0.335944140625,False,PUT,2027-01-15,BMY
BMY270115P00043000,43.0,1.63,1.5,1.91,4.0,5900.0,0.32080757324218745,False,PUT,2027-01-15,BMY
BMY270115P00045000,45.0,2.29,2.18,2.24,1.0,1423.0,0.30445031494140623,False,PUT,2027-01-15,BMY
BMY270115P00047000,47.0,2.71,2.49,2.94,160.0,2033.0,0.30676962768554683,False,PUT,2027-01-15,BMY
BMY270115P00050000,50.0,3.79,3.5,4.0,10.0,2523.0,0.2999337585449219,False,PUT,2027-01-15,BMY
BMY270115P00052500,52.5,4.9,4.55,5.05,3.0,2088.0,0.294379614868164,False,PUT,2027-01-15,BMY
BMY270115P00055000,55.0,6.14,5.7,6.2,15.0,2358.0,0.2863230548095703,True,PUT,2027-01-15,BMY
BMY270115P00057500,57.5,6.75,7.05,7.55,765.0,1033.0,0.2805247729492187,True,PUT,2027-01-15,BMY
BMY270115P00060000,60.0,8.75,8.5,9.05,10.0,976.0,0.27466545654296876,True,PUT,2027-01-15,BMY
BMY270115P00062500,62.5,10.11,10.15,10.75,1.0,292.0,0.27149166015625,True,PUT,2027-01-15,BMY
BMY270115P00065000,65.0,11.9,11.95,12.6,7.0,116.0,0.2694164855957031,True,PUT,2027-01-15,BMY
BMY270115P00067500,67.5,13.29,20.7,21.75,2.0,219.0,0.5955850988769531,True,PUT,2027-01-15,BMY
BMY270115P00070000,70.0,17.4,15.95,16.85,1.0,80.0,0.2791820129394531,True,PUT,2027-01-15,BMY
BMY270617C00040000,40.0,16.8,15.55,17.4,5.0,591.0,0.35584140258789054,True,CALL,2027-06-17,BMY
BMY270617C00045000,45.0,12.39,11.8,13.8,3.0,812.0,0.34009448974609374,True,CALL,2027-06-17,BMY
BMY270617C00050000,50.0,9.74,8.75,10.75,45.0,314.0,0.3303289624023437,True,CALL,2027-06-17,BMY
BMY270617C00052500,52.5,7.6,7.45,8.4,7.0,60.0,0.2849192602539062,True,CALL,2027-06-17,BMY
BMY270617C00055000,55.0,7.35,6.25,7.65,6.0,183.0,0.30048306945800785,False,CALL,2027-06-17,BMY
BMY270617C00057500,57.5,5.81,5.2,7.1,2.0,86.0,0.3182441223144531,False,CALL,2027-06-17,BMY
BMY270617C00060000,60.0,5.0,4.5,5.2,1.0,321.0,0.27893787475585935,False,CALL,2027-06-17,BMY
BMY270617C00062500,62.5,3.86,3.5,4.35,6.0,209.0,0.2758861474609374,False,CALL,2027-06-17,BMY
BMY270617C00065000,65.0,3.25,3.25,3.65,20.0,161.0,0.27448235290527345,False,CALL,2027-06-17,BMY
BMY270617C00067500,67.5,2.85,2.26,3.05,40.0,120.0,0.2732006274414062,False,CALL,2027-06-17,BMY
BMY270617C00070000,70.0,2.5,1.79,2.53,2.0,339.0,0.27173579833984374,False,CALL,2027-06-17,BMY
BMY270617P00040000,40.0,1.92,1.62,2.24,5.0,4501.0,0.3386296606445312,False,PUT,2027-06-17,BMY
BMY270617P00045000,45.0,2.95,2.75,3.35,1.0,490.0,0.311957564086914,False,PUT,2027-06-17,BMY
BMY270617P00050000,50.0,4.75,4.5,5.0,501.0,821.0,0.2934640966796874,False,PUT,2027-06-17,BMY
BMY270617P00052500,52.5,5.58,5.55,7.3,2.0,32.0,0.33728690063476563,False,PUT,2027-06-17,BMY
BMY270617P00055000,55.0,7.13,5.75,8.55,71.0,73.0,0.3315496533203125,True,PUT,2027-06-17,BMY
BMY270617P00057500,57.5,7.8,7.1,8.95,2.0,237.0,0.28864236755371087,True,PUT,2027-06-17,BMY
BMY270617P00060000,60.0,10.9,9.5,10.45,1.0,246.0,0.2843089147949218,True,PUT,2027-06-17,BMY
BMY270617P00062500,62.5,19.2,0.0,0.0,,1.0,1.0000000000000003e-05,True,PUT,2027-06-17,BMY
BMY270617P00065000,65.0,12.97,12.75,13.8,,26.0,0.2761302856445312,True,PUT,2027-06-17,BMY
BMY270617P00070000,70.0,23.68,0.0,0.0,2.0,1.0,1.0000000000000003e-05,True,PUT,2027-06-17,BMY
BMY271217C00040000,40.0,16.2,14.0,17.85,11.0,168.0,0.3282537878417968,True,CALL,2027-12-17,BMY
BMY271217C00045000,45.0,11.5,12.35,13.5,1.0,904.0,0.27857166748046874,True,CALL,2027-12-17,BMY
BMY271217C00050000,50.0,10.13,9.6,10.55,1.0,1149.0,0.2756420092773437,True,CALL,2027-12-17,BMY
BMY271217C00052500,52.5,9.5,8.35,9.45,2.0,133.0,0.28064684204101553,True,CALL,2027-12-17,BMY
BMY271217C00055000,55.0,7.64,6.95,8.1,30.0,125.0,0.27259028198242186,False,CALL,2027-12-17,BMY
BMY271217C00057500,57.5,6.61,5.15,7.25,1.0,348.0,0.2776561492919921,False,CALL,2027-12-17,BMY
BMY271217C00060000,60.0,5.7,5.55,6.05,26.0,497.0,0.26734131103515624,False,CALL,2027-12-17,BMY
BMY271217C00062500,62.5,5.82,4.6,5.85,80.0,183.0,0.28711650390624993,False,CALL,2027-12-17,BMY
BMY271217C00065000,65.0,4.25,3.75,4.75,46.0,169.0,0.2735668347167969,False,CALL,2027-12-17,BMY
BMY271217C00067500,67.5,3.8,3.1,4.1,1.0,35.0,0.2722851092529296,False,CALL,2027-12-17,BMY
BMY271217C00070000,70.0,2.82,2.61,3.5,1.0,119.0,0.26996579650878905,False,CALL,2027-12-17,BMY
BMY271217P00040000,40.0,2.4,2.25,2.7,1.0,1971.0,0.3147041186523437,False,PUT,2027-12-17,BMY
BMY271217P00045000,45.0,3.9,3.25,4.2,1.0,2667.0,0.3035347967529296,False,PUT,2027-12-17,BMY
BMY271217P00050000,50.0,6.1,3.5,5.8,12.0,140.0,0.28076891113281244,False,PUT,2027-12-17,BMY
BMY271217P00052500,52.5,6.65,6.6,7.25,5.0,35.0,0.2872385729980468,False,PUT,2027-12-17,BMY
BMY271217P00055000,55.0,7.56,7.35,8.85,7.0,34.0,0.29431858032226554,True,PUT,2027-12-17,BMY
BMY271217P00057500,57.5,10.0,8.7,9.6,2.0,11.0,0.268989243774414,True,PUT,2027-12-17,BMY
BMY271217P00060000,60.0,11.92,9.5,12.55,4.0,1253.0,0.3136054968261719,True,PUT,2027-12-17,BMY
BMY271217P00062500,62.5,18.07,0.0,0.0,5.0,15.0,1.0000000000000003e-05,True,PUT,2027-12-17,BMY
BMY271217P00065000,65.0,20.35,0.0,0.0,1.0,7.0,1.0000000000000003e-05,True,PUT,2027-12-17,BMY
BMY271217P00067500,67.5,20.86,21.15,22.2,2.0,1.0,0.45862357788085945,True,PUT,2027-12-17,BMY
BMY271217P00070000,70.0,18.7,16.25,19.3,2.0,2.0,0.29529513305664057,True,PUT,2027-12-17,BMY
BMY280121C00040000,40.0,16.41,16.0,17.0,10.0,423.0,0.27625235473632803,True,CALL,2028-01-21,BMY
BMY280121C00043000,43.0,15.05,13.85,15.9,4.0,188.0,0.32068550415039054,True,CALL,2028-01-21,BMY
BMY280121C00045000,45.0,13.08,12.85,14.5,5.0,270.0,0.31287308227539057,True,CALL,2028-01-21,BMY
BMY280121C00047000,47.0,11.8,11.35,12.45,5.0,201.0,0.27802235656738283,True,CALL,2028-01-21,BMY
BMY280121C00050000,50.0,10.45,10.2,10.7,5.0,707.0,0.27423821472167964,True,CALL,2028-01-21,BMY
BMY280121C00052500,52.5,8.8,8.5,9.55,10.0,384.0,0.2771678729248046,True,CALL,2028-01-21,BMY
BMY280121C00055000,55.0,8.04,7.35,8.4,1.0,254.0,0.275825112915039,False,CALL,2028-01-21,BMY
BMY280121C00057500,57.5,6.98,6.5,7.45,5.0,107.0,0.27735097656249996,False,CALL,2028-01-21,BMY
BMY280121C00060000,60.0,5.4,5.4,6.5,2.0,638.0,0.27539787109374997,False,CALL,2028-01-21,BMY
BMY280121C00062500,62.5,4.92,4.6,6.3,5.0,18.0,0.2947458221435546,False,CALL,2028-01-21,BMY
BMY280121C00065000,65.0,4.21,3.85,4.9,1.0,190.0,0.2718578674316406,False,CALL,2028-01-21,BMY
BMY280121C00070000,70.0,3.36,2.85,3.85,1.0,757.0,0.2759471820068359,False,CALL,2028-01-21,BMY
BMY280121P00040000,40.0,3.0,2.38,2.96,10.0,2286.0,0.3200751586914062,False,PUT,2028-01-21,BMY
BMY280121P00043000,43.0,3.9,3.1,4.85,1.0,1224.0,0.3566958862304687,False,PUT,2028-01-21,BMY
BMY280121P00045000,45.0,3.82,3.8,5.45,1.0,2916.0,0.3467472552490234,False,PUT,2028-01-21,BMY
BMY280121P00047000,47.0,4.9,4.5,5.25,3.0,154.0,0.3045723840332031,False,PUT,2028-01-21,BMY
BMY280121P00050000,50.0,6.3,5.65,6.65,10.0,232.0,0.3042061767578125,False,PUT,2028-01-21,BMY
BMY280121P00052500,52.5,7.3,6.8,7.6,6.0,87.0,0.2921213366699218,False,PUT,2028-01-21,BMY
BMY280121P00055000,55.0,8.5,7.95,8.9,2.0,96.0,0.28876443664550777,True,PUT,2028-01-21,BMY
BMY280121P00057500,57.5,9.7,9.25,10.25,1.0,38.0,0.28357650024414055,True,PUT,2028-01-21,BMY
BMY280121P00060000,60.0,10.54,10.65,12.7,3.0,664.0,0.3107979077148437,True,PUT,2028-01-21,BMY
BMY280121P00062500,62.5,14.1,12.15,13.25,800.0,492.0,0.2732616619873046,True,PUT,2028-01-21,BMY
BMY280121P00065000,65.0,14.54,13.8,14.9,1.0,3.0,0.2683178637695312,True,PUT,2028-01-21,BMY
BMY280121P00070000,70.0,17.0,17.35,19.9,1.0,9.0,0.3089058367919921,True,PUT,2028-01-21,BMY
BMY281215C00040000,40.0,17.3,16.05,18.6,1.0,2.0,0.2960275476074219,True,CALL,2028-12-15,BMY
BMY281215C00045000,45.0,14.55,12.55,15.75,1.0,3.0,0.3012765185546875,True,CALL,2028-12-15,BMY
BMY281215C00050000,50.0,11.65,10.95,12.85,2.0,18.0,0.2910227148437499,True,CALL,2028-12-15,BMY
BMY281215C00052500,52.5,10.15,8.5,13.0,1.0,4.0,0.32794861511230466,True,CALL,2028-12-15,BMY
BMY281215C00055000,55.0,9.5,8.9,11.9,15.0,3555.0,0.3255072332763671,False,CALL,2028-12-15,BMY
BMY281215C00057500,57.5,8.35,6.25,9.15,5.0,1027.0,0.27600821655273433,False,CALL,2028-12-15,BMY
BMY281215C00060000,60.0,7.95,6.05,8.2,2.0,38.0,0.27411614562988285,False,CALL,2028-12-15,BMY
BMY281215C00065000,65.0,5.41,5.35,6.5,2.0,50.0,0.26935545104980463,False,CALL,2028-12-15,BMY
BMY281215C00070000,70.0,4.3,4.1,6.3,2.0,21.0,0.29834686035156244,False,CALL,2028-12-15,BMY
BMY281215P00040000,40.0,3.93,2.89,4.95,37.0,2024.0,0.3437565625,False,PUT,2028-12-15,BMY
BMY281215P00045000,45.0,5.55,4.05,6.7,3.0,28.0,0.32874206420898433,False,PUT,2028-12-15,BMY
BMY281215P00050000,50.0,7.05,6.1,8.95,491.0,553.0,0.32019722778320303,False,PUT,2028-12-15,BMY
BMY281215P00052500,52.5,10.25,7.2,10.15,2.0,3.0,0.31464308410644526,False,PUT,2028-12-15,BMY
BMY281215P00055000,55.0,9.55,9.25,10.4,1.0,315.0,0.28064684204101553,True,PUT,2028-12-15,BMY
BMY281215P00057500,57.5,11.0,9.75,12.75,,1002.0,0.30286341674804684,True,PUT,2028-12-15,BMY
BMY281215P00060000,60.0,12.25,11.0,15.0,,1.0,0.3196784341430663,True,PUT,2028-12-15,BMY
BMY281215P00062500,62.5,13.61,12.5,15.65,800.0,736.0,0.2912973703002929,True,PUT,2028-12-15,BMY
BP260130C00030500,30.5,7.97,7.4,8.5,3.0,1.0,2.535159912109375,True,CALL,2026-01-30,BP
BP260130C00031000,31.0,7.03,7.0,7.3,3.0,1.0,1.609376953125,True,CALL,2026-01-30,BP
BP260130C00032000,32.0,6.71,5.9,6.75,90.0,99.0,1.8789068554687498,True,CALL,2026-01-30,BP
BP260130C00033000,33.0,4.91,4.9,5.3,3.0,30.0,0.9531254687499999,True,CALL,2026-01-30,BP
BP260130C00034000,34.0,4.12,3.85,4.4,1.0,142.0,0.9062509375,True,CALL,2026-01-30,BP
BP260130C00034500,34.5,3.25,3.4,4.1,24.0,243.0,1.1171919140625,True,CALL,2026-01-30,BP
BP260130C00035000,35.0,3.6,3.05,3.25,36.0,357.0,0.789064609375,True,CALL,2026-01-30,BP
BP260130C00035500,35.5,2.04,2.31,4.5,6.0,425.0,1.689454677734375,True,CALL,2026-01-30,BP
BP260130C00036000,36.0,2.17,1.93,2.37,41.0,793.0,0.57812921875,True,CALL,2026-01-30,BP
BP260130C00036500,36.5,1.9,1.42,2.09,3.0,732.0,0.6347692773437501,True,CALL,2026-01-30,BP
BP260130C00037000,37.0,1.21,1.06,1.48,31.0,1566.0,0.5195360546875,True,CALL,2026-01-30,BP
BP260130C00037500,37.5,0.76,0.51,0.87,53.0,1179.0,0.47461462890625,True,CALL,2026-01-30,BP
BP260130C00038000,38.0,0.37,0.3,0.4,1619.0,1717.0,0.31836619140624994,True,CALL,2026-01-30,BP
BP260130C00038500,38.5,0.11,0.12,0.17,74.0,354.0,0.3007882421875,False,CALL,2026-01-30,BP
BP260130C00039000,39.0,0.06,0.03,0.06,228.0,173.0,0.29688203124999996,False,CALL,2026-01-30,BP
BP260130C00039500,39.5,0.1,0.0,0.23,2.0,38.0,0.63867548828125,False,CALL,2026-01-30,BP
BP260130C00040000,40.0,0.01,0.0,0.02,49.0,81.0,0.39063109375,False,CALL,2026-01-30,BP
BP260130C00041000,41.0,0.05,0.0,0.36,20.0,1.0,0.90429783203125,False,CALL,2026-01-30,BP
BP260130C00042000,42.0,0.41,0.0,1.3,1.0,2.0,1.7265638671875,False,CALL,2026-01-30,BP
BP260130C00043000,43.0,0.01,0.0,0.01,60.0,0.0,0.6875031250000001,False,CALL,2026-01-30,BP
BP260130C00044000,44.0,0.07,0.0,2.13,2.0,0.0,2.6386752783203127,False,CALL,2026-01-30,BP
BP260130C00045000,45.0,0.01,0.0,2.13,2.0,1.0,2.853518491210937,False,CALL,2026-01-30,BP
BP260130C00046000,46.0,0.14,0.0,2.13,2.0,2.0,3.0566429833984374,False,CALL,2026-01-30,BP
BP260130P00031000,31.0,0.03,0.0,0.76,56.0,102.0,2.4140664648437498,False,PUT,2026-01-30,BP
BP260130P00031500,31.5,0.01,0.0,2.12,,1.0,3.3066423583984372,False,PUT,2026-01-30,BP
BP260130P00032000,32.0,0.05,0.0,0.56,2.0,565.0,1.953125234375,False,PUT,2026-01-30,BP
BP260130P00032500,32.5,0.02,0.0,0.56,8.0,20.0,1.82421962890625,False,PUT,2026-01-30,BP
BP260130P00033000,33.0,0.01,0.0,0.04,19.0,353.0,0.9531254687499999,False,PUT,2026-01-30,BP
BP260130P00033500,33.5,0.01,0.0,1.78,9.0,61.0,2.4218789453125,False,PUT,2026-01-30,BP
BP260130P00034000,34.0,0.04,0.0,0.25,2.0,125.0,1.1367230664062502,False,PUT,2026-01-30,BP
BP260130P00034500,34.5,0.05,0.01,0.22,5.0,159.0,1.0039112304687499,False,PUT,2026-01-30,BP
BP260130P00035000,35.0,0.02,0.01,0.16,30.0,456.0,0.8242205078124999,False,PUT,2026-01-30,BP
BP260130P00035500,35.5,0.05,0.0,0.05,2.0,432.0,0.5468795312500001,False,PUT,2026-01-30,BP
BP260130P00036000,36.0,0.01,0.0,0.05,18.0,371.0,0.5312546875,False,PUT,2026-01-30,BP
BP260130P00036500,36.5,0.02,0.01,0.11,82.0,400.0,0.5390671093750001,False,PUT,2026-01-30,BP
BP260130P00037000,37.0,0.05,0.03,0.06,22.0,1111.0,0.3398503515625,False,PUT,2026-01-30,BP
BP260130P00037500,37.5,0.09,0.09,0.12,112.0,266.0,0.29883513671874995,False,PUT,2026-01-30,BP
BP260130P00038000,38.0,0.26,0.19,0.33,22.0,28.0,0.32813171874999997,False,PUT,2026-01-30,BP
BP260130P00039000,39.0,4.3,0.15,1.58,,0.0,0.929688203125,True,PUT,2026-01-30,BP
BP260206C00028000,28.0,6.44,8.8,11.9,,1.0,1.41015919921875,True,CALL,2026-02-06,BP
BP260206C00031000,31.0,4.3,5.8,8.95,,5.0,1.05859845703125,True,CALL,2026-02-06,BP
BP260206C00032000,32.0,3.6,4.8,7.95,,1.0,0.9335944140625,True,CALL,2026-02-06,BP
BP260206C00033000,33.0,2.0,3.8,6.95,5.0,8.0,0.8105487695312499,True,CALL,2026-02-06,BP
BP260206C00033500,33.5,4.24,4.3,5.9,1.0,0.0,0.914063359375,True,CALL,2026-02-06,BP
BP260206C00034000,34.0,3.96,3.95,5.6,1.0,64.0,0.9521489160156249,True,CALL,2026-02-06,BP
BP260206C00034500,34.5,2.2,3.45,4.75,5.0,4.0,0.7753928710937501,True,CALL,2026-02-06,BP
BP260206C00035000,35.0,3.89,2.49,3.95,1.0,188.0,0.8984385156249999,True,CALL,2026-02-06,BP
BP260206C00035500,35.5,2.13,2.5,3.0,2.0,47.0,0.57812921875,True,CALL,2026-02-06,BP
BP260206C00036000,36.0,2.7,2.07,2.51,23.0,589.0,0.5136767382812499,True,CALL,2026-02-06,BP
BP260206C00036500,36.5,2.18,1.54,2.01,16.0,67.0,0.442388388671875,True,CALL,2026-02-06,BP
BP260206C00037000,37.0,1.34,1.28,1.4,17.0,536.0,0.313483427734375,True,CALL,2026-02-06,BP
BP260206C00037500,37.5,1.03,0.95,1.05,517.0,605.0,0.305671005859375,True,CALL,2026-02-06,BP
BP260206C00038000,38.0,0.69,0.62,0.73,524.0,1095.0,0.2890696093749999,True,CALL,2026-02-06,BP
BP260206C00038500,38.5,0.45,0.43,0.52,84.0,88.0,0.295905478515625,False,CALL,2026-02-06,BP
BP260206C00039000,39.0,0.34,0.22,0.33,119.0,98.0,0.2880930566406249,False,CALL,2026-02-06,BP
BP260206C00039500,39.5,0.17,0.15,0.23,2542.0,28.0,0.3007882421875,False,CALL,2026-02-06,BP
BP260206C00040000,40.0,0.16,0.09,0.16,240.0,120.0,0.313483427734375,False,CALL,2026-02-06,BP
BP260206C00041000,41.0,0.2,0.03,0.17,2.0,4.0,0.41797457031249996,False,CALL,2026-02-06,BP
BP260206C00042000,42.0,0.09,0.0,0.15,2.0,0.0,0.49219257812500006,False,CALL,2026-02-06,BP
BP260206C00043000,43.0,0.05,0.0,2.14,1.0,2.0,1.1396527392578126,False,CALL,2026-02-06,BP
BP260206C00044000,44.0,0.13,0.0,0.05,4.0,0.0,0.51562984375,False,CALL,2026-02-06,BP
BP260206C00045000,45.0,0.09,0.0,2.13,4.0,0.0,1.3447298388671873,False,CALL,2026-02-06,BP
BP260206C00046000,46.0,0.05,0.0,0.06,11.0,11.0,0.5937540625000001,False,CALL,2026-02-06,BP
BP260206P00028000,28.0,0.01,0.0,2.13,10.0,90.0,2.1416062084960936,False,PUT,2026-02-06,BP
BP260206P00029000,29.0,0.06,0.0,2.13,,25.0,1.97265638671875,False,PUT,2026-02-06,BP
BP260206P00030000,30.0,0.05,0.0,0.15,,14.0,0.867188828125,False,PUT,2026-02-06,BP
BP260206P00031000,31.0,0.11,0.0,0.1,31.0,28.0,0.710940390625,False,PUT,2026-02-06,BP
BP260206P00032000,32.0,0.02,0.01,0.39,1.0,77.0,0.8398453515625,False,PUT,2026-02-06,BP
BP260206P00032500,32.5,0.06,0.0,0.1,,3.0,0.5742230078125,False,PUT,2026-02-06,BP
BP260206P00033000,33.0,0.05,0.01,0.03,19.0,34.0,0.4804739453125,False,PUT,2026-02-06,BP
BP260206P00033500,33.5,0.15,0.0,2.13,,35.0,1.2412147314453121,False,PUT,2026-02-06,BP
BP260206P00034000,34.0,0.03,0.03,0.09,2.0,95.0,0.49609878906250005,False,PUT,2026-02-06,BP
BP260206P00034500,34.5,0.06,0.0,2.13,15.0,25.0,1.0800827246093752,False,PUT,2026-02-06,BP
BP260206P00035000,35.0,0.04,0.05,0.15,16.0,207.0,0.45313046875,False,PUT,2026-02-06,BP
BP260206P00035500,35.5,0.25,0.05,0.18,1.0,25.0,0.42090422851562503,False,PUT,2026-02-06,BP
BP260206P00036000,36.0,0.15,0.09,0.17,1.0,50.0,0.35547519531249994,False,PUT,2026-02-06,BP
BP260206P00036500,36.5,0.14,0.14,0.19,2.0,144.0,0.3086006640625,False,PUT,2026-02-06,BP
BP260206P00037000,37.0,0.21,0.21,0.26,14.0,27.0,0.28321029296874994,False,PUT,2026-02-06,BP
BP260213C00031000,31.0,3.9,6.95,9.1,,1.0,1.1728556982421874,True,CALL,2026-02-13,BP
BP260213C00032000,32.0,2.8,5.35,7.15,,5.0,0.6035195898437502,True,CALL,2026-02-13,BP
BP260213C00033000,33.0,4.52,4.1,6.65,28.0,30.0,0.6084023535156251,True,CALL,2026-02-13,BP
BP260213C00034000,34.0,2.81,3.35,5.8,1.0,27.0,0.6210975390625001,True,CALL,2026-02-13,BP
BP260213C00035000,35.0,3.47,2.59,3.5,3.0,128.0,0.48438015625,True,CALL,2026-02-13,BP
BP260213C00036000,36.0,3.02,2.24,2.68,3.0,537.0,0.45313046875,True,CALL,2026-02-13,BP
BP260213C00037000,37.0,2.0,1.6,1.76,1.0,329.0,0.3632876171875,True,CALL,2026-02-13,BP
BP260213C00038000,38.0,1.13,0.94,1.16,53.0,149.0,0.352545537109375,True,CALL,2026-02-13,BP
BP260213C00039000,39.0,0.45,0.58,0.72,5.0,221.0,0.3481510498046875,False,CALL,2026-02-13,BP
BP260213C00040000,40.0,0.5,0.3,0.46,3.0,82.0,0.3618227880859375,False,CALL,2026-02-13,BP
BP260213C00041000,41.0,0.09,0.16,0.26,35.0,35.0,0.36133451171875,False,CALL,2026-02-13,BP
BP260213C00046000,46.0,0.01,0.0,0.69,3.0,4.0,0.7382838671874999,False,CALL,2026-02-13,BP
BP260213P00030000,30.0,0.02,0.0,1.58,4.0,4.0,1.2089883300781248,False,PUT,2026-02-13,BP
BP260213P00031000,31.0,0.06,0.0,0.09,4.0,190.0,0.523442265625,False,PUT,2026-02-13,BP
BP260213P00032000,32.0,0.06,0.0,0.61,54.0,60.0,0.7070341796875,False,PUT,2026-02-13,BP
BP260213P00033000,33.0,0.11,0.03,0.6,2.0,20.0,0.6210975390625001,False,PUT,2026-02-13,BP
BP260213P00034000,34.0,0.1,0.0,0.67,2.0,34.0,0.5390671093750001,False,PUT,2026-02-13,BP
BP260213P00035000,35.0,0.19,0.01,0.25,1.0,77.0,0.39942006835937505,False,PUT,2026-02-13,BP
BP260213P00036000,36.0,0.36,0.25,0.39,6.0,648.0,0.36914693359375,False,PUT,2026-02-13,BP
BP260213P00037000,37.0,0.68,0.47,0.62,175.0,821.0,0.34278000976562495,False,PUT,2026-02-13,BP
BP260213P00038000,38.0,1.01,0.82,1.02,1.0,75.0,0.33350275878906255,False,PUT,2026-02-13,BP
BP260213P00039000,39.0,3.82,1.38,1.57,1.0,2.0,0.32520206054687495,True,PUT,2026-02-13,BP
BP260213P00040000,40.0,5.2,2.06,2.22,,0.0,0.29883513671874995,True,PUT,2026-02-13,BP
BP260213P00041000,41.0,6.25,2.71,3.4,,0.0,0.4580132324218751,True,PUT,2026-02-13,BP
BP260220C00027000,27.0,9.66,0.0,10.4,15.0,15.0,1.0000000000000003e-05,True,CALL,2026-02-20,BP
BP260220C00028000,28.0,7.87,10.1,10.25,1.0,1.0,0.70312796875,True,CALL,2026-02-20,BP
BP260220C00029000,29.0,5.1,9.1,9.25,2.0,11.0,0.6347692773437501,True,CALL,2026-02-20,BP
BP260220C00030000,30.0,4.6,8.05,8.25,7.0,119.0,0.5351608984375,True,CALL,2026-02-20,BP
BP260220C00031000,31.0,5.31,7.1,7.25,3.0,334.0,0.5039112109375,True,CALL,2026-02-20,BP
BP260220C00032000,32.0,5.97,6.15,6.35,1.0,261.0,0.5039112109375,True,CALL,2026-02-20,BP
BP260220C00033000,33.0,5.33,5.2,5.35,6.0,1482.0,0.49414568359375005,True,CALL,2026-02-20,BP
BP260220C00033500,33.5,4.47,4.65,4.85,1.0,3.0,0.45606012695312503,True,CALL,2026-02-20,BP
BP260220C00034000,34.0,4.31,4.25,4.4,2.0,980.0,0.442388388671875,True,CALL,2026-02-20,BP
BP260220C00034500,34.5,3.25,3.75,3.9,1.0,35.0,0.40332627929687503,True,CALL,2026-02-20,BP
BP260220C00035000,35.0,3.45,3.3,3.5,45.0,5833.0,0.40381455566406255,True,CALL,2026-02-20,BP
BP260220C00035500,35.5,3.57,2.86,3.1,9.0,120.0,0.3969786865234375,True,CALL,2026-02-20,BP
BP260220C00036000,36.0,2.66,2.55,2.72,77.0,5238.0,0.39063109375,True,CALL,2026-02-20,BP
BP260220C00036500,36.5,2.65,2.09,2.2,2.0,2030.0,0.335944140625,True,CALL,2026-02-20,BP
BP260220C00037000,37.0,1.81,1.76,1.91,226.0,7229.0,0.34570966796874997,True,CALL,2026-02-20,BP
BP260220C00037500,37.5,1.57,1.43,1.54,25.0,334.0,0.32471378417968744,True,CALL,2026-02-20,BP
BP260220C00038000,38.0,1.23,1.18,1.33,66.0,5355.0,0.33838552246093745,True,CALL,2026-02-20,BP
BP260220C00038500,38.5,1.01,0.92,1.03,161.0,342.0,0.32031929687499994,False,CALL,2026-02-20,BP
BP260220C00039000,39.0,0.81,0.76,0.82,1800.0,3375.0,0.317389638671875,False,CALL,2026-02-20,BP
BP260220C00039500,39.5,0.69,0.6,0.66,58.0,210.0,0.32031929687499994,False,CALL,2026-02-20,BP
BP260220C00040000,40.0,0.51,0.48,0.54,237.0,1517.0,0.3266668896484375,False,CALL,2026-02-20,BP
BP260220C00041000,41.0,0.34,0.3,0.35,112.0,731.0,0.335944140625,False,CALL,2026-02-20,BP
BP260220C00042000,42.0,0.25,0.18,0.23,50.0,979.0,0.348639326171875,False,CALL,2026-02-20,BP
BP260220C00043000,43.0,0.15,0.13,0.19,5.0,309.0,0.38281867187499996,False,CALL,2026-02-20,BP
BP260220C00044000,44.0,0.08,0.06,0.1,52.0,60.0,0.3711000390625,False,CALL,2026-02-20,BP
BP260220C00045000,45.0,0.07,0.04,0.08,16.0,56.0,0.39649041015625003,False,CALL,2026-02-20,BP
BP260220C00046000,46.0,0.05,0.0,0.09,50.0,30.0,0.44727115234375,False,CALL,2026-02-20,BP
BP260220C00047000,47.0,0.02,0.0,0.08,1.0,258.0,0.476567734375,False,CALL,2026-02-20,BP
BP260220C00048000,48.0,0.01,0.0,0.07,1.0,5.0,0.5019581054687501,False,CALL,2026-02-20,BP
BP260220P00027000,27.0,0.03,0.0,0.06,1.0,45.0,0.64062859375,False,PUT,2026-02-20,BP
BP260220P00028000,28.0,0.03,0.0,0.07,17.0,131.0,0.5937540625000001,False,PUT,2026-02-20,BP
BP260220P00029000,29.0,0.08,0.0,0.08,5.0,786.0,0.5468795312500001,False,PUT,2026-02-20,BP
BP260220P00030000,30.0,0.03,0.01,0.06,5.0,863.0,0.523442265625,False,PUT,2026-02-20,BP
BP260220P00031000,31.0,0.05,0.04,0.08,3.0,938.0,0.48633326171875,False,PUT,2026-02-20,BP
BP260220P00031500,31.5,0.1,0.01,0.11,10.0,10.0,0.48633326171875,False,PUT,2026-02-20,BP
BP260220P00032000,32.0,0.09,0.06,0.11,4.0,1852.0,0.45508357421875,False,PUT,2026-02-20,BP
BP260220P00032500,32.5,0.1,0.04,0.14,1.0,7.0,0.446294599609375,False,PUT,2026-02-20,BP
BP260220P00033000,33.0,0.12,0.1,0.14,266.0,1684.0,0.41211525390625,False,PUT,2026-02-20,BP
BP260220P00033500,33.5,0.17,0.09,0.18,22.0,77.0,0.405279384765625,False,PUT,2026-02-20,BP
BP260220P00034000,34.0,0.2,0.15,0.22,4.0,2829.0,0.39258419921875,False,PUT,2026-02-20,BP
BP260220P00034500,34.5,0.37,0.22,0.29,1.0,177.0,0.389654541015625,False,PUT,2026-02-20,BP
BP260220P00035000,35.0,0.29,0.29,0.35,11.0,3413.0,0.375982802734375,False,PUT,2026-02-20,BP
BP260220P00035500,35.5,0.27,0.36,0.44,1.0,339.0,0.36865865722656255,False,PUT,2026-02-20,BP
BP260220P00036000,36.0,0.53,0.49,0.57,25.0,2177.0,0.36817038085937503,False,PUT,2026-02-20,BP
BP260220P00036500,36.5,0.67,0.63,0.72,61.0,337.0,0.366217275390625,False,PUT,2026-02-20,BP
BP260220P00037000,37.0,0.91,0.8,0.9,141.0,1048.0,0.36524072265625,False,PUT,2026-02-20,BP
BP260220P00037500,37.5,1.07,1.04,1.13,53.0,104.0,0.370123486328125,False,PUT,2026-02-20,BP
BP260220P00038000,38.0,1.39,1.3,1.4,95.0,417.0,0.37793590820312495,False,PUT,2026-02-20,BP
BP260220P00039000,39.0,1.94,1.93,2.01,83.0,24.0,0.39014281738281253,True,PUT,2026-02-20,BP
BP260220P00040000,40.0,2.41,2.67,2.76,2.0,2.0,0.415044912109375,True,PUT,2026-02-20,BP
BP260220P00041000,41.0,3.28,3.45,3.6,1.0,14.0,0.44727115234375,True,PUT,2026-02-20,BP
BP260220P00042000,42.0,4.5,4.35,4.5,1.0,6.0,0.485356708984375,True,PUT,2026-02-20,BP
BP260220P00043000,43.0,7.55,4.45,5.85,6.0,9.0,0.6689486230468751,True,PUT,2026-02-20,BP
BP260220P00045000,45.0,8.9,0.0,0.0,3.0,3.0,1.0000000000000003e-05,True,PUT,2026-02-20,BP
BP260220P00046000,46.0,13.85,11.3,11.5,,1.0,1.609376953125,True,PUT,2026-02-20,BP
BP260220P00047000,47.0,10.95,0.0,13.3,1.0,29.0,1.9189457177734377,True,PUT,2026-02-20,BP
BP260220P00048000,48.0,16.3,12.2,13.75,6.0,19.0,1.6220722021484375,True,PUT,2026-02-20,BP
BP260227C00030000,30.0,5.15,7.1,10.15,15.0,30.0,0.7763694238281251,True,CALL,2026-02-27,BP
BP260227C00033000,33.0,2.46,4.9,6.2,4.0,4.0,0.5185595019531251,True,CALL,2026-02-27,BP
BP260227C00035000,35.0,3.42,3.2,3.6,2.0,37.0,0.38672488281249995,True,CALL,2026-02-27,BP
BP260227C00036000,36.0,2.2,2.36,3.55,20.0,49.0,0.5590864404296876,True,CALL,2026-02-27,BP
BP260227C00037000,37.0,1.5,1.76,1.91,5.0,42.0,0.30274134765625,True,CALL,2026-02-27,BP
BP260227C00038000,38.0,1.35,1.16,1.33,9.0,157.0,0.2963937548828125,True,CALL,2026-02-27,BP
BP260227C00039000,39.0,0.55,0.75,0.92,6.0,29.0,0.301764794921875,False,CALL,2026-02-27,BP
BP260227C00040000,40.0,0.51,0.44,0.59,69.0,138.0,0.29932341308593746,False,CALL,2026-02-27,BP
BP260227C00041000,41.0,0.19,0.26,0.59,20.0,41.0,0.3667055517578125,False,CALL,2026-02-27,BP
BP260227P00029000,29.0,0.12,0.0,2.14,,2.0,1.08203583984375,False,PUT,2026-02-27,BP
BP260227P00032000,32.0,0.27,0.0,2.18,10.0,12.0,0.8198260205078124,False,PUT,2026-02-27,BP
BP260227P00033000,33.0,0.17,0.1,0.8,9.0,70.0,0.5107470800781251,False,PUT,2026-02-27,BP
BP260227P00034000,34.0,0.23,0.16,0.31,40.0,42.0,0.3833069482421875,False,PUT,2026-02-27,BP
BP260227P00035000,35.0,0.4,0.3,0.44,3.0,30.0,0.36035795898437495,False,PUT,2026-02-27,BP
BP260227P00036000,36.0,0.66,0.51,0.67,26.0,48.0,0.3505924316406249,False,PUT,2026-02-27,BP
BP260227P00040000,40.0,5.01,2.65,2.85,,4.0,0.38623660644531244,True,PUT,2026-02-27,BP
BP260306C00036000,36.0,1.47,1.82,2.89,9.0,9.0,0.3501041552734374,True,CALL,2026-03-06,BP
BP260306C00038000,38.0,1.47,1.24,1.42,3.0,7.0,0.28565167480468745,True,CALL,2026-03-06,BP
BP260306C00039000,39.0,0.92,0.75,1.0,4.0,25.0,0.2885813330078124,False,CALL,2026-03-06,BP
BP260320C00027000,27.0,7.63,0.0,0.0,1.0,1.0,1.0000000000000003e-05,True,CALL,2026-03-20,BP
BP260320C00028000,28.0,7.25,9.0,12.2,1.0,42.0,0.7075224560546876,True,CALL,2026-03-20,BP
BP260320C00029000,29.0,6.65,7.9,11.2,3.0,50.0,0.6269568554687501,True,CALL,2026-03-20,BP
BP260320C00030000,30.0,6.7,6.85,10.2,5.0,1054.0,0.5590864404296876,True,CALL,2026-03-20,BP
BP260320C00031000,31.0,5.8,6.15,8.9,4.0,183.0,0.5019581054687501,True,CALL,2026-03-20,BP
BP260320C00032000,32.0,6.28,6.2,6.35,37.0,1121.0,0.38233039550781245,True,CALL,2026-03-20,BP
BP260320C00033000,33.0,5.35,5.2,5.35,1.0,814.0,0.3315496533203125,True,CALL,2026-03-20,BP
BP260320C00034000,34.0,4.43,4.35,4.45,7.0,952.0,0.31250687499999996,True,CALL,2026-03-20,BP
BP260320C00035000,35.0,3.5,3.55,3.65,78.0,2328.0,0.3086006640625,True,CALL,2026-03-20,BP
BP260320C00036000,36.0,2.45,2.69,2.8,9.0,8648.0,0.27930408203124996,True,CALL,2026-03-20,BP
BP260320C00037000,37.0,2.08,2.04,2.13,99.0,12076.0,0.273444765625,True,CALL,2026-03-20,BP
BP260320C00038000,38.0,1.55,1.56,1.65,251.0,2197.0,0.2836985693359374,True,CALL,2026-03-20,BP
BP260320C00039000,39.0,1.14,1.1,1.17,86.0,16449.0,0.27637442382812494,False,CALL,2026-03-20,BP
BP260320C00040000,40.0,0.8,0.78,0.87,101.0,2139.0,0.2846751220703124,False,CALL,2026-03-20,BP
BP260320C00041000,41.0,0.58,0.55,0.62,537.0,992.0,0.2876047802734374,False,CALL,2026-03-20,BP
BP260320C00042000,42.0,0.4,0.38,0.44,32.0,588.0,0.2919992675781249,False,CALL,2026-03-20,BP
BP260320C00043000,43.0,0.29,0.26,0.32,68.0,169.0,0.299811689453125,False,CALL,2026-03-20,BP
BP260320C00044000,44.0,0.18,0.18,0.24,1.0,48.0,0.309577216796875,False,CALL,2026-03-20,BP
BP260320C00045000,45.0,0.16,0.12,0.16,12.0,99.0,0.309577216796875,False,CALL,2026-03-20,BP
BP260320C00046000,46.0,0.01,0.07,0.14,1.0,37.0,0.33008482421874996,False,CALL,2026-03-20,BP
BP260320C00047000,47.0,0.08,0.04,0.09,2.0,71.0,0.327155166015625,False,CALL,2026-03-20,BP
BP260320P00027000,27.0,0.11,0.01,0.08,2.0,220.0,0.5039112109375,False,PUT,2026-03-20,BP
BP260320P00028000,28.0,0.02,0.03,0.09,9.0,12038.0,0.46680220703125,False,PUT,2026-03-20,BP
BP260320P00029000,29.0,0.08,0.04,0.1,1.0,700.0,0.43164630859375,False,PUT,2026-03-20,BP
BP260320P00030000,30.0,0.1,0.1,0.12,250.0,2814.0,0.40039662109375,False,PUT,2026-03-20,BP
BP260320P00031000,31.0,0.13,0.13,0.17,1.0,400.0,0.38477177734374995,False,PUT,2026-03-20,BP
BP260320P00032000,32.0,0.19,0.18,0.22,1505.0,4805.0,0.36133451171875,False,PUT,2026-03-20,BP
BP260320P00033000,33.0,0.26,0.23,0.31,5.0,1532.0,0.3461979443359374,False,PUT,2026-03-20,BP
BP260320P00034000,34.0,0.4,0.36,0.43,15.0,7337.0,0.33008482421874996,False,PUT,2026-03-20,BP
BP260320P00035000,35.0,0.57,0.57,0.62,20.0,7467.0,0.32031929687499994,False,PUT,2026-03-20,BP
BP260320P00036000,36.0,0.84,0.82,0.89,10.0,543.0,0.31445998046874996,False,PUT,2026-03-20,BP
BP260320P00037000,37.0,1.22,1.17,1.26,30.0,556.0,0.31250687499999996,False,PUT,2026-03-20,BP
BP260320P00038000,38.0,1.7,1.68,1.76,21.0,482.0,0.317389638671875,False,PUT,2026-03-20,BP
BP260320P00039000,39.0,2.73,2.28,2.38,2.0,117.0,0.32813171874999997,True,PUT,2026-03-20,BP
BP260320P00040000,40.0,5.1,2.95,3.1,3.0,17.0,0.3430241479492187,True,PUT,2026-03-20,BP
BP260320P00041000,41.0,6.5,3.7,3.85,5.0,12.0,0.35156898437499995,True,PUT,2026-03-20,BP
BP260320P00042000,42.0,11.4,7.4,7.85,12.0,330.0,0.9165047412109376,True,PUT,2026-03-20,BP
BP260320P00043000,43.0,6.65,0.0,8.45,,9.0,0.9409185595703125,True,PUT,2026-03-20,BP
BP260320P00045000,45.0,11.04,7.3,7.45,2.0,6.0,0.43457596679687505,True,PUT,2026-03-20,BP
BP260320P00046000,46.0,13.8,0.0,0.0,2.0,4.0,1.0000000000000003e-05,True,PUT,2026-03-20,BP
BP260320P00047000,47.0,14.8,0.0,0.0,,3.0,1.0000000000000003e-05,True,PUT,2026-03-20,BP
BP260417C00028000,28.0,7.05,8.95,12.2,4.0,8.0,0.5600629931640625,True,CALL,2026-04-17,BP
BP260417C00029000,29.0,5.05,7.9,11.2,86.0,79.0,0.5039112109375,True,CALL,2026-04-17,BP
BP260417C00030000,30.0,6.2,8.1,8.35,27.0,111.0,0.389654541015625,True,CALL,2026-04-17,BP
BP260417C00031000,31.0,5.85,7.2,7.35,2.0,221.0,0.3481510498046875,True,CALL,2026-04-17,BP
BP260417C00032000,32.0,5.37,6.25,6.4,1.0,84.0,0.3227606787109374,True,CALL,2026-04-17,BP
BP260417C00033000,33.0,4.62,5.3,5.45,2.0,143.0,0.29395237304687494,True,CALL,2026-04-17,BP
BP260417C00034000,34.0,4.25,4.5,4.65,1.0,295.0,0.29566134033203123,True,CALL,2026-04-17,BP
BP260417C00035000,35.0,3.9,3.7,3.8,5.0,1036.0,0.2758861474609374,True,CALL,2026-04-17,BP
BP260417C00036000,36.0,2.95,2.97,3.05,13.0,1344.0,0.26563234375,True,CALL,2026-04-17,BP
BP260417C00037000,37.0,2.35,2.35,2.43,53.0,726.0,0.26416751464843746,True,CALL,2026-04-17,BP
BP260417C00038000,38.0,1.84,1.82,1.89,149.0,1263.0,0.2622144091796875,True,CALL,2026-04-17,BP
BP260417C00039000,39.0,1.41,1.39,1.45,120.0,780.0,0.2622144091796875,False,CALL,2026-04-17,BP
BP260417C00040000,40.0,1.09,1.06,1.14,322.0,1918.0,0.2695385546875,False,CALL,2026-04-17,BP
BP260417C00041000,41.0,0.85,0.78,0.86,9.0,284.0,0.2712475219726562,False,CALL,2026-04-17,BP
BP260417C00042000,42.0,0.58,0.58,0.64,35.0,289.0,0.2727123510742187,False,CALL,2026-04-17,BP
BP260417C00045000,45.0,0.24,0.22,0.28,11.0,577.0,0.28711650390624993,False,CALL,2026-04-17,BP
BP260417P00027000,27.0,0.05,0.05,0.1,3.0,19.0,0.42188078125,False,PUT,2026-04-17,BP
BP260417P00028000,28.0,0.1,0.06,0.12,2.0,1767.0,0.397466962890625,False,PUT,2026-04-17,BP
BP260417P00029000,29.0,0.23,0.09,0.16,10.0,944.0,0.38184211914062494,False,PUT,2026-04-17,BP
BP260417P00030000,30.0,0.17,0.13,0.2,1.0,359.0,0.36133451171875,False,PUT,2026-04-17,BP
BP260417P00031000,31.0,0.23,0.18,0.26,2.0,1012.0,0.344733115234375,False,PUT,2026-04-17,BP
BP260417P00032000,32.0,0.44,0.27,0.34,20.0,479.0,0.32910827148437494,False,PUT,2026-04-17,BP
BP260417P00033000,33.0,0.4,0.39,0.45,12.0,676.0,0.3149482568359374,False,PUT,2026-04-17,BP
BP260417P00034000,34.0,0.45,0.55,0.61,2.0,574.0,0.3042061767578125,False,PUT,2026-04-17,BP
BP260417P00035000,35.0,0.71,0.77,0.84,3.0,678.0,0.2978585839843749,False,PUT,2026-04-17,BP
BP260417P00036000,36.0,1.1,1.06,1.13,21.0,543.0,0.2912668530273437,False,PUT,2026-04-17,BP
BP260417P00037000,37.0,1.48,1.44,1.52,10.0,62.0,0.2893137475585937,False,PUT,2026-04-17,BP
BP260417P00038000,38.0,1.96,1.92,2.0,11.0,281.0,0.2890696093749999,False,PUT,2026-04-17,BP
BP260417P00039000,39.0,2.89,2.49,2.58,7.0,25.0,0.29224340576171864,True,PUT,2026-04-17,BP
BP260417P00040000,40.0,3.35,3.1,3.25,100.0,116.0,0.2978585839843749,True,PUT,2026-04-17,BP
BP260417P00041000,41.0,4.6,6.2,0.0,,1.0,1.0000000000000003e-05,True,PUT,2026-04-17,BP
BP260417P00042000,42.0,6.5,7.2,0.0,,11.0,1.0000000000000003e-05,True,PUT,2026-04-17,BP
BP260618C00028000,28.0,9.6,9.35,12.0,1.0,751.0,0.6899445068359377,True,CALL,2026-06-18,BP
BP260618C00030000,30.0,7.93,8.25,8.35,10.0,3017.0,0.2915109912109374,True,CALL,2026-06-18,BP
BP260618C00032000,32.0,6.6,6.45,6.6,1.0,939.0,0.2827220166015625,True,CALL,2026-06-18,BP
BP260618C00035000,35.0,4.28,4.15,4.3,13.0,3007.0,0.27173579833984374,True,CALL,2026-06-18,BP
BP260618C00037000,37.0,2.98,2.89,2.99,13.0,4326.0,0.25928475097656256,True,CALL,2026-06-18,BP
BP260618C00040000,40.0,1.6,1.58,1.67,136.0,3834.0,0.2600171655273438,False,CALL,2026-06-18,BP
BP260618C00042000,42.0,1.06,1.02,1.09,123.0,1227.0,0.26148199462890626,False,CALL,2026-06-18,BP
BP260618C00045000,45.0,0.58,0.51,0.55,132.0,646.0,0.264655791015625,False,CALL,2026-06-18,BP
BP260618C00047000,47.0,0.38,0.31,0.37,7.0,48.0,0.27295648925781246,False,CALL,2026-06-18,BP
BP260618P00028000,28.0,0.23,0.21,0.28,11.0,3088.0,0.35938140625,False,PUT,2026-06-18,BP
BP260618P00030000,30.0,0.39,0.37,0.42,11.0,7388.0,0.3305731005859375,False,PUT,2026-06-18,BP
BP260618P00032000,32.0,0.69,0.63,0.7,4.0,3266.0,0.31519239501953117,False,PUT,2026-06-18,BP
BP260618P00035000,35.0,1.39,1.43,1.47,505.0,1406.0,0.30298548583984375,False,PUT,2026-06-18,BP
BP260618P00037000,37.0,2.05,2.16,2.24,137.0,972.0,0.2955392712402344,False,PUT,2026-06-18,BP
BP260618P00040000,40.0,5.75,3.85,4.0,1.0,4.0,0.30445031494140623,True,PUT,2026-06-18,BP
BP260618P00042000,42.0,8.83,0.0,0.0,1.0,60.0,1.0000000000000003e-05,True,PUT,2026-06-18,BP
BP260618P00045000,45.0,9.6,10.25,10.4,1.0,138.0,0.6136513244628907,True,PUT,2026-06-18,BP
BP260618P00047000,47.0,10.87,9.55,9.75,2.0,16.0,0.3530338134765625,True,PUT,2026-06-18,BP
BP260717C00028000,28.0,8.9,9.3,11.2,1.0,1.0,0.5019581054687501,True,CALL,2026-07-17,BP
BP260717C00029000,29.0,5.7,9.25,9.4,5.0,84.0,0.30762411132812495,True,CALL,2026-07-17,BP
BP260717C00030000,30.0,6.6,8.3,8.45,2.0,116.0,0.28955788574218744,True,CALL,2026-07-17,BP
BP260717C00031000,31.0,6.05,7.4,7.5,2.0,506.0,0.2700268310546875,True,CALL,2026-07-17,BP
BP260717C00032000,32.0,6.55,6.5,6.7,5.0,187.0,0.2739330419921875,True,CALL,2026-07-17,BP
BP260717C00033000,33.0,5.02,5.7,5.85,2.0,118.0,0.26343510009765625,True,CALL,2026-07-17,BP
BP260717C00034000,34.0,3.75,5.0,5.2,10.0,78.0,0.27368890380859373,True,CALL,2026-07-17,BP
BP260717C00035000,35.0,3.26,4.3,4.45,1.0,425.0,0.26453372192382807,True,CALL,2026-07-17,BP
BP260717C00036000,36.0,3.75,3.65,3.75,3.0,228.0,0.25586681640625003,True,CALL,2026-07-17,BP
BP260717C00037000,37.0,3.5,3.05,3.2,1.0,683.0,0.25708750732421876,True,CALL,2026-07-17,BP
BP260717C00038000,38.0,2.65,2.58,2.67,1.0,2993.0,0.2541578491210938,True,CALL,2026-07-17,BP
BP260717C00039000,39.0,2.25,2.15,2.24,328.0,854.0,0.2551344018554688,False,CALL,2026-07-17,BP
BP260717C00040000,40.0,1.89,1.76,1.86,25.0,408.0,0.2555006091308594,False,CALL,2026-07-17,BP
BP260717C00041000,41.0,1.65,1.45,1.5,4.0,49.0,0.2524488818359375,False,CALL,2026-07-17,BP
BP260717C00042000,42.0,1.24,1.19,1.23,20.0,117.0,0.2534254345703125,False,CALL,2026-07-17,BP
BP260717C00043000,43.0,0.86,0.97,1.02,1.0,11.0,0.2563550927734375,False,CALL,2026-07-17,BP
BP260717C00044000,44.0,0.81,0.76,0.81,6.0,132.0,0.25489026367187506,False,CALL,2026-07-17,BP
BP260717C00045000,45.0,0.75,0.62,0.68,4.0,829.0,0.25977302734375,False,CALL,2026-07-17,BP
BP260717P00027000,27.0,0.55,0.21,0.27,2.0,4.0,0.3544986425781249,False,PUT,2026-07-17,BP
BP260717P00028000,28.0,0.35,0.27,0.33,13.0,14.0,0.3413151806640625,False,PUT,2026-07-17,BP
BP260717P00029000,29.0,0.36,0.34,0.41,1.0,42.0,0.33008482421874996,False,PUT,2026-07-17,BP
BP260717P00030000,30.0,0.5,0.45,0.51,6.0,81.0,0.31958688232421867,False,PUT,2026-07-17,BP
BP260717P00031000,31.0,0.61,0.59,0.64,1.0,289.0,0.3107979077148437,False,PUT,2026-07-17,BP
BP260717P00032000,32.0,0.63,0.73,0.81,1.0,218.0,0.3039620385742187,False,PUT,2026-07-17,BP
BP260717P00033000,33.0,0.88,0.94,1.01,6.0,116.0,0.2966378930664062,False,PUT,2026-07-17,BP
BP260717P00034000,34.0,1.13,1.2,1.27,2.0,1608.0,0.29224340576171864,False,PUT,2026-07-17,BP
BP260717P00035000,35.0,1.51,1.5,1.57,99.0,195.0,0.28711650390624993,False,PUT,2026-07-17,BP
BP260717P00036000,36.0,1.72,1.87,1.97,11.0,409.0,0.2873606420898437,False,PUT,2026-07-17,BP
BP260717P00037000,37.0,2.13,2.29,2.4,48.0,1412.0,0.28516339843749994,False,PUT,2026-07-17,BP
BP260717P00038000,38.0,2.6,2.8,2.89,31.0,8.0,0.2834544311523437,False,PUT,2026-07-17,BP
BP260717P00039000,39.0,3.55,3.35,3.5,49.0,50.0,0.2880930566406249,True,PUT,2026-07-17,BP
BP260717P00040000,40.0,5.3,3.95,4.05,,1.0,0.282233740234375,True,PUT,2026-07-17,BP
BP260918C00027000,27.0,10.99,11.0,11.5,1.0,185.0,0.33887379882812496,True,CALL,2026-09-18,BP
BP260918C00030000,30.0,7.6,8.25,8.55,7.0,148.0,0.26563234375,True,CALL,2026-09-18,BP
BP260918C00032000,32.0,6.15,6.7,6.85,12.0,687.0,0.2541578491210938,True,CALL,2026-09-18,BP
BP260918C00035000,35.0,4.62,4.6,4.7,26.0,1775.0,0.24976336181640624,True,CALL,2026-09-18,BP
BP260918C00037000,37.0,3.7,3.5,3.65,233.0,26939.0,0.257819921875,True,CALL,2026-09-18,BP
BP260918C00040000,40.0,2.22,2.18,2.28,99.0,3892.0,0.2533033654785156,False,CALL,2026-09-18,BP
BP260918C00042000,42.0,1.63,1.54,1.63,106.0,627.0,0.25269302001953126,False,CALL,2026-09-18,BP
BP260918C00045000,45.0,0.91,0.9,0.98,10.0,818.0,0.2553785400390626,False,CALL,2026-09-18,BP
BP260918P00027000,27.0,0.53,0.36,0.43,5.0,734.0,0.3413151806640625,False,PUT,2026-09-18,BP
BP260918P00030000,30.0,0.76,0.71,0.79,4.0,545.0,0.3166572241210937,False,PUT,2026-09-18,BP
BP260918P00032000,32.0,1.11,1.1,1.17,25.0,537.0,0.30371790039062496,False,PUT,2026-09-18,BP
BP260918P00035000,35.0,2.02,1.99,2.08,34.0,668.0,0.292853751220703,False,PUT,2026-09-18,BP
BP260918P00037000,37.0,2.94,2.85,2.95,27.0,727.0,0.29016823120117186,False,PUT,2026-09-18,BP
BP260918P00040000,40.0,4.14,4.45,4.65,1.0,1.0,0.29090064575195307,True,PUT,2026-09-18,BP
BP260918P00042000,42.0,12.5,8.15,8.65,16.0,16.0,0.5136767382812499,True,PUT,2026-09-18,BP
BP260918P00045000,45.0,15.25,10.7,11.25,1.0,11.0,0.532231240234375,True,PUT,2026-09-18,BP
BP261218C00028000,28.0,8.55,9.7,10.95,67.0,1837.0,0.3315496533203125,True,CALL,2026-12-18,BP
BP261218C00030000,30.0,9.25,8.5,8.75,6.0,923.0,0.252937158203125,True,CALL,2026-12-18,BP
BP261218C00033000,33.0,6.9,6.25,6.5,1.0,1200.0,0.252937158203125,True,CALL,2026-12-18,BP
BP261218C00035000,35.0,5.12,5.05,5.25,12.0,2745.0,0.2551344018554688,True,CALL,2026-12-18,BP
BP261218C00037000,37.0,4.1,4.0,4.2,3.0,1572.0,0.2580640600585938,True,CALL,2026-12-18,BP
BP261218C00040000,40.0,2.77,2.7,2.83,179.0,7351.0,0.2534254345703125,False,CALL,2026-12-18,BP
BP261218C00042000,42.0,2.12,2.06,2.2,69.0,808.0,0.2563550927734375,False,CALL,2026-12-18,BP
BP261218C00045000,45.0,1.35,1.32,1.46,18.0,723.0,0.25757578369140627,False,CALL,2026-12-18,BP
BP261218C00047000,47.0,1.05,0.96,1.1,110.0,274.0,0.2585523364257813,False,CALL,2026-12-18,BP
BP261218P00028000,28.0,0.71,0.73,0.85,2.0,4464.0,0.32910827148437494,False,PUT,2026-12-18,BP
BP261218P00030000,30.0,1.15,1.09,1.2,33.0,1763.0,0.3161689477539062,False,PUT,2026-12-18,BP
BP261218P00033000,33.0,1.92,1.89,2.03,14.0,831.0,0.30689169677734374,False,PUT,2026-12-18,BP
BP261218P00035000,35.0,2.73,2.58,2.74,3.0,847.0,0.2995675512695312,False,PUT,2026-12-18,BP
BP261218P00037000,37.0,3.57,3.5,3.7,10.0,429.0,0.30005582763671873,False,PUT,2026-12-18,BP
BP261218P00040000,40.0,5.35,5.1,5.3,2.0,1707.0,0.29224340576171864,True,PUT,2026-12-18,BP
BP261218P00042000,42.0,6.65,6.45,6.65,2.0,458.0,0.29480685668945306,True,PUT,2026-12-18,BP
BP261218P00045000,45.0,8.85,8.6,8.9,2.0,649.0,0.29932341308593746,True,PUT,2026-12-18,BP
BP261218P00047000,47.0,14.25,10.25,10.5,9.0,773.0,0.3007882421875,True,PUT,2026-12-18,BP
BP270115C00028000,28.0,10.82,10.35,10.5,11.0,1341.0,0.252937158203125,True,CALL,2027-01-15,BP
BP270115C00030000,30.0,8.8,8.6,8.75,19.0,3078.0,0.24268335449218748,True,CALL,2027-01-15,BP
BP270115C00032000,32.0,6.75,7.1,7.25,5.0,853.0,0.24683370361328127,True,CALL,2027-01-15,BP
BP270115C00035000,35.0,5.3,5.15,5.3,1.0,3653.0,0.2485426708984375,True,CALL,2027-01-15,BP
BP270115C00037000,37.0,4.15,4.1,4.25,145.0,3233.0,0.25110612182617187,True,CALL,2027-01-15,BP
BP270115C00040000,40.0,2.92,2.86,2.99,1081.0,63180.0,0.25391371093750004,False,CALL,2027-01-15,BP
BP270115C00042000,42.0,2.24,2.19,2.3,55.0,2465.0,0.252937158203125,False,CALL,2027-01-15,BP
BP270115C00045000,45.0,1.45,1.47,1.58,41.0,1408.0,0.25659923095703124,False,CALL,2027-01-15,BP
BP270115C00047000,47.0,1.17,1.07,1.23,2.0,716.0,0.25928475097656256,False,CALL,2027-01-15,BP
BP270115P00028000,28.0,0.83,0.8,0.92,4.0,3522.0,0.32471378417968744,False,PUT,2027-01-15,BP
BP270115P00030000,30.0,1.2,1.15,1.28,2.0,5446.0,0.31165239135742184,False,PUT,2027-01-15,BP
BP270115P00032000,32.0,1.77,1.66,1.78,1.0,2467.0,0.30261927856445314,False,PUT,2027-01-15,BP
BP270115P00035000,35.0,2.7,2.68,2.84,5.0,2071.0,0.29480685668945306,False,PUT,2027-01-15,BP
BP270115P00037000,37.0,3.8,3.6,3.75,1.0,1234.0,0.2913889221191405,False,PUT,2027-01-15,BP
BP270115P00040000,40.0,5.4,5.2,5.45,30.0,995.0,0.29041236938476556,True,PUT,2027-01-15,BP
BP270115P00042000,42.0,8.55,6.55,6.75,7.0,546.0,0.28967995483398434,True,PUT,2027-01-15,BP
BP270115P00045000,45.0,9.05,8.75,9.0,4.0,903.0,0.29444064941406245,True,PUT,2027-01-15,BP
BP270115P00047000,47.0,14.13,10.2,10.5,1.0,364.0,0.2885813330078124,True,PUT,2027-01-15,BP
BP280121C00028000,28.0,11.2,10.65,10.95,5.0,369.0,0.22168747070312497,True,CALL,2028-01-21,BP
BP280121C00030000,30.0,7.87,9.15,9.5,4.0,444.0,0.22705851074218747,True,CALL,2028-01-21,BP
BP280121C00032000,32.0,8.09,7.9,8.2,7.0,656.0,0.23133092895507812,True,CALL,2028-01-21,BP
BP280121C00035000,35.0,6.38,6.25,6.55,2.0,868.0,0.23767852172851558,True,CALL,2028-01-21,BP
BP280121C00037000,37.0,5.35,5.2,5.5,6.0,813.0,0.23535920898437498,True,CALL,2028-01-21,BP
BP280121C00040000,40.0,4.15,4.05,4.3,13.0,10542.0,0.23841093627929685,False,CALL,2028-01-21,BP
BP280121C00042000,42.0,3.5,3.4,3.65,5.0,311.0,0.24073024902343748,False,CALL,2028-01-21,BP
BP280121C00045000,45.0,2.85,2.54,2.8,1.0,353.0,0.24134059448242187,False,CALL,2028-01-21,BP
BP280121P00028000,28.0,1.96,1.78,1.99,50.0,186.0,0.3099434240722656,False,PUT,2028-01-21,BP
BP280121P00030000,30.0,2.56,2.36,2.55,3.0,110.0,0.30213100219726563,False,PUT,2028-01-21,BP
BP280121P00032000,32.0,3.67,3.0,3.25,1.0,306.0,0.29724823852539056,False,PUT,2028-01-21,BP
BP280121P00035000,35.0,4.23,4.2,4.45,1.0,1085.0,0.287970987548828,False,PUT,2028-01-21,BP
BP280121P00037000,37.0,5.4,5.15,5.4,10.0,519.0,0.28314925842285155,False,PUT,2028-01-21,BP
BP280121P00040000,40.0,6.9,6.8,7.05,18.0,834.0,0.2776561492919921,True,PUT,2028-01-21,BP
BP280121P00042000,42.0,8.05,8.05,8.35,2.0,5.0,0.27771718383789057,True,PUT,2028-01-21,BP
BP280121P00045000,45.0,10.33,10.05,10.4,2.0,54.0,0.27484856018066406,True,PUT,2028-01-21,BP
BSX260130C00075000,75.0,16.6,16.2,18.6,5.0,3.0,1.5000025,True,CALL,2026-01-30,BSX
BSX260130C00080000,80.0,12.74,11.2,13.6,,2.0,1.0976607617187502,True,CALL,2026-01-30,BSX
BSX260130C00085000,85.0,8.89,6.2,8.7,1.0,6.0,0.7617211328125001,True,CALL,2026-01-30,BSX
BSX260130C00086000,86.0,5.7,5.5,7.7,10.0,12.0,0.80664255859375,True,CALL,2026-01-30,BSX
BSX260130C00088000,88.0,5.82,3.4,5.7,2.0,37.0,0.579105771484375,True,CALL,2026-01-30,BSX
BSX260130C00089000,89.0,4.4,2.3,4.7,1.0,49.0,1.0263720556640625,True,CALL,2026-01-30,BSX
BSX260130C00090000,90.0,3.9,1.55,3.9,1.0,146.0,0.9648441015625,True,CALL,2026-01-30,BSX
BSX260130C00091000,91.0,2.35,1.3,3.3,1.0,107.0,0.5810588769531251,True,CALL,2026-01-30,BSX
BSX260130C00092000,92.0,0.65,0.6,1.4,13.0,649.0,0.45898978515625005,True,CALL,2026-01-30,BSX
BSX260130C00093000,93.0,0.25,0.35,0.5,29.0,731.0,0.29444064941406245,False,CALL,2026-01-30,BSX
BSX260130C00094000,94.0,0.2,0.05,0.5,10.0,2233.0,0.42188078125,False,CALL,2026-01-30,BSX
BSX260130C00095000,95.0,0.05,0.0,0.5,4.0,2015.0,0.534184345703125,False,CALL,2026-01-30,BSX
BSX260130C00096000,96.0,0.15,0.0,0.65,3.0,249.0,0.5419967675781252,False,CALL,2026-01-30,BSX
BSX260130C00097000,97.0,0.17,0.0,0.1,56.0,434.0,0.45703667968750006,False,CALL,2026-01-30,BSX
BSX260130C00098000,98.0,0.72,0.0,0.05,1.0,4267.0,0.45898978515625005,False,CALL,2026-01-30,BSX
BSX260130C00099000,99.0,0.08,0.0,0.1,23.0,99.0,0.5195360546875,False,CALL,2026-01-30,BSX
BSX260130C00100000,100.0,0.26,0.0,0.5,38.0,234.0,0.8164080859374999,False,CALL,2026-01-30,BSX
BSX260130C00101000,101.0,0.19,0.0,2.1,124.0,206.0,1.39453427734375,False,CALL,2026-01-30,BSX
BSX260130C00102000,102.0,0.1,0.0,2.1,6.0,5.0,1.484377578125,False,CALL,2026-01-30,BSX
BSX260130C00103000,103.0,0.13,0.0,1.9,38.0,201.0,1.5166039794921873,False,CALL,2026-01-30,BSX
BSX260130C00104000,104.0,0.1,0.0,2.1,2.0,52.0,1.65625171875,False,CALL,2026-01-30,BSX
BSX260130C00105000,105.0,0.19,0.0,0.15,2.0,94.0,0.9179695703125,False,CALL,2026-01-30,BSX
BSX260130P00075000,75.0,0.1,0.0,2.15,5.0,0.0,2.5488317529296873,False,PUT,2026-01-30,BSX
BSX260130P00080000,80.0,0.06,0.0,2.1,2.0,70.0,1.9492190039062502,False,PUT,2026-01-30,BSX
BSX260130P00082000,82.0,0.1,0.0,0.95,,7.0,1.3261752441406247,False,PUT,2026-01-30,BSX
BSX260130P00083000,83.0,0.41,0.0,0.95,1.0,30.0,1.2265663671875,False,PUT,2026-01-30,BSX
BSX260130P00084000,84.0,0.28,0.0,0.45,11.0,43.0,0.9160164648437501,False,PUT,2026-01-30,BSX
BSX260130P00085000,85.0,0.34,0.0,0.75,20.0,249.0,0.9531254687499999,False,PUT,2026-01-30,BSX
BSX260130P00086000,86.0,0.05,0.0,0.75,1.0,68.0,0.8554701953125,False,PUT,2026-01-30,BSX
BSX260130P00087000,87.0,0.06,0.0,0.2,13.0,4134.0,0.5273484765625001,False,PUT,2026-01-30,BSX
BSX260130P00088000,88.0,0.17,0.0,0.55,76.0,387.0,0.5898478515625001,False,PUT,2026-01-30,BSX
BSX260130P00089000,89.0,0.39,0.05,0.4,38.0,414.0,0.5634809277343751,False,PUT,2026-01-30,BSX
BSX260130P00090000,90.0,0.22,0.05,0.35,44.0,279.0,0.42774009765625004,False,PUT,2026-01-30,BSX
BSX260130P00091000,91.0,0.5,0.15,1.3,87.0,137.0,0.6928741650390625,False,PUT,2026-01-30,BSX
BSX260130P00092000,92.0,1.25,0.55,2.7,1.0,1011.0,0.649417568359375,False,PUT,2026-01-30,BSX
BSX260130P00093000,93.0,1.6,1.2,3.3,1.0,58.0,0.684573466796875,True,PUT,2026-01-30,BSX
BSX260130P00094000,94.0,2.49,1.75,3.2,27.0,627.0,0.532231240234375,True,PUT,2026-01-30,BSX
BSX260130P00095000,95.0,3.43,2.65,4.1,27.0,131.0,0.6093789062500001,True,PUT,2026-01-30,BSX
BSX260130P00096000,96.0,3.31,3.0,4.8,1.0,20.0,0.9077157666015624,True,PUT,2026-01-30,BSX
BSX260130P00097000,97.0,5.39,3.4,5.8,30.0,63.0,1.0185595947265624,True,PUT,2026-01-30,BSX
BSX260130P00098000,98.0,2.82,4.4,6.9,1.0,0.0,1.169926025390625,True,PUT,2026-01-30,BSX
BSX260130P00099000,99.0,1.87,5.4,7.9,,0.0,1.272464575195312,True,PUT,2026-01-30,BSX
BSX260130P00100000,100.0,6.68,6.4,8.9,1.0,7.0,1.37109689453125,True,PUT,2026-01-30,BSX
BSX260206C00086000,86.0,5.6,6.0,7.0,10.0,5.0,0.5019581054687501,True,CALL,2026-02-06,BSX
BSX260206C00087000,87.0,5.9,5.2,7.3,,1.0,0.5092822509765625,True,CALL,2026-02-06,BSX
BSX260206C00088000,88.0,5.6,4.8,5.4,1.0,41.0,0.4848684326171875,True,CALL,2026-02-06,BSX
BSX260206C00089000,89.0,4.6,4.1,4.5,4.0,3.0,0.44385321777343745,True,CALL,2026-02-06,BSX
BSX260206C00090000,90.0,5.0,3.4,3.9,1.0,533.0,0.4545952978515625,True,CALL,2026-02-06,BSX
BSX260206C00091000,91.0,4.4,3.0,3.3,1.0,282.0,0.45361874511718747,True,CALL,2026-02-06,BSX
BSX260206C00092000,92.0,2.67,2.45,2.7,8.0,1416.0,0.442388388671875,True,CALL,2026-02-06,BSX
BSX260206C00093000,93.0,2.23,1.95,2.25,31.0,1043.0,0.446294599609375,False,CALL,2026-02-06,BSX
BSX260206C00094000,94.0,1.66,1.55,1.85,7.0,82.0,0.4484918432617187,False,CALL,2026-02-06,BSX
BSX260206C00095000,95.0,1.23,1.2,1.5,1760.0,177.0,0.44946839599609373,False,CALL,2026-02-06,BSX
BSX260206C00096000,96.0,1.62,0.95,1.2,7.0,176.0,0.4497125341796875,False,CALL,2026-02-06,BSX
BSX260206C00097000,97.0,0.87,0.75,1.0,59.0,1191.0,0.4611870288085938,False,CALL,2026-02-06,BSX
BSX260206C00098000,98.0,0.75,0.55,0.8,6.0,100.0,0.4643608251953125,False,CALL,2026-02-06,BSX
BSX260206C00099000,99.0,0.6,0.4,0.7,22.0,142.0,0.48438015625,False,CALL,2026-02-06,BSX
BSX260206C00100000,100.0,0.63,0.3,0.65,49.0,419.0,0.5131884619140624,False,CALL,2026-02-06,BSX
BSX260206C00101000,101.0,0.38,0.15,0.75,125.0,246.0,0.5810588769531251,False,CALL,2026-02-06,BSX
BSX260206C00102000,102.0,0.45,0.0,0.75,20.0,62.0,0.5029346582031251,False,CALL,2026-02-06,BSX
BSX260206C00103000,103.0,0.1,0.0,1.9,2.0,8.0,0.7148466015625,False,CALL,2026-02-06,BSX
BSX260206C00104000,104.0,0.25,0.0,1.95,2.0,8.0,0.7607445800781252,False,CALL,2026-02-06,BSX
BSX260206C00105000,105.0,0.15,0.0,2.2,2.0,7.0,0.8330094824218748,False,CALL,2026-02-06,BSX
BSX260206C00106000,106.0,0.85,0.0,2.0,1.0,50.0,0.8437515624999999,False,CALL,2026-02-06,BSX
BSX260206C00107000,107.0,0.35,0.0,2.15,30.0,112.0,0.9018564501953125,False,CALL,2026-02-06,BSX
BSX260206C00108000,108.0,1.05,0.0,2.15,,21.0,0.938477177734375,False,CALL,2026-02-06,BSX
BSX260206C00109000,109.0,0.71,0.0,1.95,,3.0,0.9443364941406249,False,CALL,2026-02-06,BSX
BSX260206C00110000,110.0,0.56,0.0,2.15,,1.0,1.0087940185546875,False,CALL,2026-02-06,BSX
BSX260206P00080000,80.0,0.5,0.0,1.95,2.0,5.0,0.8955088574218748,False,PUT,2026-02-06,BSX
BSX260206P00081000,81.0,0.4,0.0,2.2,,3.0,0.8789074609374999,False,PUT,2026-02-06,BSX
BSX260206P00082000,82.0,0.45,0.0,2.15,,2279.0,0.8168963623046874,False,PUT,2026-02-06,BSX
BSX260206P00083000,83.0,0.53,0.0,0.55,2.0,2.0,0.6044961425781252,False,PUT,2026-02-06,BSX
BSX260206P00084000,84.0,0.35,0.2,0.5,13.0,30.0,0.5390671093750001,False,PUT,2026-02-06,BSX
BSX260206P00085000,85.0,0.76,0.3,0.65,20.0,113.0,0.5366257275390626,False,PUT,2026-02-06,BSX
BSX260206P00086000,86.0,0.7,0.5,0.7,4.0,44.0,0.499028447265625,False,PUT,2026-02-06,BSX
BSX260206P00087000,87.0,0.5,0.55,2.65,2.0,482.0,0.6508823974609376,False,PUT,2026-02-06,BSX
BSX260206P00088000,88.0,1.0,0.9,1.1,78.0,144.0,0.4826711889648438,False,PUT,2026-02-06,BSX
BSX260206P00089000,89.0,1.62,1.2,1.4,38.0,188.0,0.4819387744140625,False,PUT,2026-02-06,BSX
BSX260206P00090000,90.0,1.75,1.5,1.7,66.0,627.0,0.471684970703125,False,PUT,2026-02-06,BSX
BSX260206P00091000,91.0,1.99,1.9,2.15,81.0,312.0,0.47852083984375,False,PUT,2026-02-06,BSX
BSX260206P00092000,92.0,2.2,2.3,2.65,1.0,954.0,0.48389187988281257,False,PUT,2026-02-06,BSX
BSX260206P00093000,93.0,2.75,2.85,3.2,1.0,342.0,0.48779809082031256,True,PUT,2026-02-06,BSX
BSX260206P00094000,94.0,2.65,3.4,3.7,104.0,161.0,0.4733939379882813,True,PUT,2026-02-06,BSX
BSX260206P00095000,95.0,3.6,3.9,4.4,27.0,127.0,0.4846242944335938,True,PUT,2026-02-06,BSX
BSX260206P00096000,96.0,4.8,4.7,5.2,2.0,15.0,0.5063525927734375,True,PUT,2026-02-06,BSX
BSX260206P00097000,97.0,4.1,4.1,6.4,1.0,5.0,0.6008340698242189,True,PUT,2026-02-06,BSX
BSX260206P00098000,98.0,4.43,4.9,7.2,,10.0,0.614261669921875,True,PUT,2026-02-06,BSX
BSX260206P00100000,100.0,7.23,6.8,9.0,1.0,6.0,0.6687044848632814,True,PUT,2026-02-06,BSX
BSX260206P00101000,101.0,3.7,7.7,10.0,,1.0,0.7138700488281251,True,PUT,2026-02-06,BSX
BSX260206P00103000,103.0,8.05,9.7,11.9,,0.0,0.7763694238281251,True,PUT,2026-02-06,BSX
BSX260206P00104000,104.0,8.85,10.4,12.9,,1.0,0.8168963623046874,True,PUT,2026-02-06,BSX
BSX260213C00083000,83.0,6.3,8.5,10.5,,3.0,0.5981485498046876,True,CALL,2026-02-13,BSX
BSX260213C00085000,85.0,9.16,7.2,9.3,9.0,2.0,0.6491734301757812,True,CALL,2026-02-13,BSX
BSX260213C00087000,87.0,5.9,5.5,7.3,1.0,200.0,0.5515181567382813,True,CALL,2026-02-13,BSX
BSX260213C00089000,89.0,3.0,4.4,5.0,2.0,2.0,0.4067442138671875,True,CALL,2026-02-13,BSX
BSX260213C00090000,90.0,3.78,3.7,4.3,1.0,4.0,0.39649041015625003,True,CALL,2026-02-13,BSX
BSX260213C00091000,91.0,4.53,3.1,3.7,1.0,3.0,0.393560751953125,True,CALL,2026-02-13,BSX
BSX260213C00092000,92.0,3.3,2.7,3.1,1.0,15.0,0.383795224609375,True,CALL,2026-02-13,BSX
BSX260213C00093000,93.0,2.75,2.25,2.65,1.0,138.0,0.38672488281249995,False,CALL,2026-02-13,BSX
BSX260213C00094000,94.0,2.75,1.8,2.2,1.0,15.0,0.38281867187499996,False,CALL,2026-02-13,BSX
BSX260213C00095000,95.0,2.45,1.4,1.85,3.0,16.0,0.3852600537109374,False,CALL,2026-02-13,BSX
BSX260213C00096000,96.0,1.85,1.15,1.55,10.0,17.0,0.38843385009765624,False,CALL,2026-02-13,BSX
BSX260213C00097000,97.0,1.75,0.9,1.25,1.0,15.0,0.3850159155273437,False,CALL,2026-02-13,BSX
BSX260213C00098000,98.0,1.38,0.7,1.1,6.0,76.0,0.3991759301757813,False,CALL,2026-02-13,BSX
BSX260213C00099000,99.0,0.7,0.55,0.85,3.0,1.0,0.39111937011718745,False,CALL,2026-02-13,BSX
BSX260213C00100000,100.0,0.95,0.45,0.95,1.0,50.0,0.442388388671875,False,CALL,2026-02-13,BSX
BSX260213C00101000,101.0,0.79,0.3,0.9,1.0,7.0,0.46533737792968755,False,CALL,2026-02-13,BSX
BSX260213C00103000,103.0,0.45,0.1,0.75,4.0,7.0,0.495122236328125,False,CALL,2026-02-13,BSX
BSX260213C00104000,104.0,0.4,0.0,0.75,5.0,6.0,0.523442265625,False,CALL,2026-02-13,BSX
BSX260213C00105000,105.0,1.55,0.0,1.85,,2.0,0.5891154370117189,False,CALL,2026-02-13,BSX
BSX260213C00106000,106.0,0.2,0.0,1.95,1.0,33.0,0.6276892700195313,False,CALL,2026-02-13,BSX
BSX260213C00108000,108.0,0.5,0.0,2.1,,31.0,0.6982452050781252,False,CALL,2026-02-13,BSX
BSX260213C00110000,110.0,0.64,0.0,2.2,1.0,2.0,0.7619652709960938,False,CALL,2026-02-13,BSX
BSX260213C00115000,115.0,0.24,0.0,1.35,,1.0,0.7753928710937501,False,CALL,2026-02-13,BSX
BSX260213P00075000,75.0,0.12,0.0,0.3,,1.0,0.56055126953125,False,PUT,2026-02-13,BSX
BSX260213P00081000,81.0,0.42,0.0,2.25,,2.0,0.6645541357421877,False,PUT,2026-02-13,BSX
BSX260213P00082000,82.0,0.6,0.0,2.3,15.0,8078.0,0.6281775463867189,False,PUT,2026-02-13,BSX
BSX260213P00085000,85.0,0.71,0.45,1.3,1.0,11.0,0.5288133056640626,False,PUT,2026-02-13,BSX
BSX260213P00086000,86.0,0.7,0.65,0.95,1.0,501.0,0.42236905761718746,False,PUT,2026-02-13,BSX
BSX260213P00087000,87.0,0.85,0.75,1.2,2.0,3553.0,0.4233456103515625,False,PUT,2026-02-13,BSX
BSX260213P00088000,88.0,0.91,1.05,1.4,25.0,86.0,0.4094297338867187,False,PUT,2026-02-13,BSX
BSX260213P00089000,89.0,1.75,1.35,1.7,14.0,7713.0,0.40552352294921873,False,PUT,2026-02-13,BSX
BSX260213P00090000,90.0,1.63,1.75,2.05,3.0,96.0,0.40210558837890625,False,PUT,2026-02-13,BSX
BSX260213P00091000,91.0,2.02,2.1,2.45,1.0,90.0,0.39893179199218753,False,PUT,2026-02-13,BSX
BSX260213P00092000,92.0,2.45,2.6,2.9,1.0,657.0,0.39551385742187506,False,PUT,2026-02-13,BSX
BSX260213P00093000,93.0,3.0,3.1,3.5,5.0,342.0,0.40479110839843746,True,PUT,2026-02-13,BSX
BSX260213P00094000,94.0,3.17,3.7,4.0,1.0,4.0,0.3947814428710938,True,PUT,2026-02-13,BSX
BSX260213P00095000,95.0,3.8,4.3,4.7,1.0,12.0,0.40430283203125,True,PUT,2026-02-13,BSX
BSX260213P00096000,96.0,6.53,4.8,5.4,20.0,1.0,0.40845318115234375,True,PUT,2026-02-13,BSX
BSX260220C00065000,65.0,35.5,30.6,0.0,1.0,1.0,1.0000000000000003e-05,True,CALL,2026-02-20,BSX
BSX260220C00070000,70.0,22.1,21.1,23.9,10.0,16.0,0.631839619140625,True,CALL,2026-02-20,BSX
BSX260220C00075000,75.0,17.22,16.5,18.9,11.0,20.0,0.5766643896484375,True,CALL,2026-02-20,BSX
BSX260220C00080000,80.0,10.3,11.7,12.9,7.0,15.0,0.48291532714843755,True,CALL,2026-02-20,BSX
BSX260220C00083000,83.0,11.0,9.0,11.3,1.0,3.0,0.6208534008789064,True,CALL,2026-02-20,BSX
BSX260220C00085000,85.0,8.89,7.3,8.3,1.0,191.0,0.39649041015625003,True,CALL,2026-02-20,BSX
BSX260220C00086000,86.0,6.79,6.5,7.5,,27.0,0.39111937011718745,True,CALL,2026-02-20,BSX
BSX260220C00088000,88.0,5.4,5.4,5.9,,6.0,0.3684145190429688,True,CALL,2026-02-20,BSX
BSX260220C00089000,89.0,5.9,4.6,5.2,2.0,8.0,0.3632876171875,True,CALL,2026-02-20,BSX
BSX260220C00090000,90.0,4.17,3.9,4.5,152.0,1856.0,0.35352208984374994,True,CALL,2026-02-20,BSX
BSX260220C00091000,91.0,3.2,3.6,3.9,13.0,700.0,0.35034829345703117,True,CALL,2026-02-20,BSX
BSX260220C00092000,92.0,3.3,3.0,3.3,8.0,465.0,0.34180345703125,True,CALL,2026-02-20,BSX
BSX260220C00093000,93.0,2.75,2.55,2.8,10.0,639.0,0.33875172973632806,False,CALL,2026-02-20,BSX
BSX260220C00094000,94.0,2.35,2.1,2.4,1.0,457.0,0.3413151806640625,False,CALL,2026-02-20,BSX
BSX260220C00095000,95.0,1.75,1.8,2.0,58.0,6128.0,0.33838552246093745,False,CALL,2026-02-20,BSX
BSX260220C00096000,96.0,1.45,1.45,1.7,22.0,215.0,0.34180345703125,False,CALL,2026-02-20,BSX
BSX260220C00097000,97.0,1.2,1.2,1.4,127.0,39673.0,0.34009448974609374,False,CALL,2026-02-20,BSX
BSX260220C00098000,98.0,1.75,0.9,1.2,35.0,264.0,0.3464420825195312,False,CALL,2026-02-20,BSX
BSX260220C00099000,99.0,0.97,0.75,1.0,2.0,355.0,0.34839518798828123,False,CALL,2026-02-20,BSX
BSX260220C00100000,100.0,0.75,0.55,0.85,1136.0,7532.0,0.35352208984374994,False,CALL,2026-02-20,BSX
BSX260220C00101000,101.0,1.0,0.4,0.7,2.0,44.0,0.3549869189453124,False,CALL,2026-02-20,BSX
BSX260220C00105000,105.0,0.35,0.1,0.45,22.0,5005.0,0.39649041015625003,False,CALL,2026-02-20,BSX
BSX260220C00110000,110.0,0.1,0.05,0.1,14.0,42064.0,0.366217275390625,False,CALL,2026-02-20,BSX
BSX260220C00115000,115.0,0.07,0.0,0.1,9.0,1665.0,0.4414118359375,False,CALL,2026-02-20,BSX
BSX260220P00065000,65.0,0.05,0.0,0.4,2.0,5.0,0.7656273437500001,False,PUT,2026-02-20,BSX
BSX260220P00070000,70.0,0.1,0.0,0.35,20.0,32.0,0.6113320117187502,False,PUT,2026-02-20,BSX
BSX260220P00075000,75.0,0.18,0.0,0.25,4.0,49.0,0.516606396484375,False,PUT,2026-02-20,BSX
BSX260220P00080000,80.0,0.33,0.15,0.4,8.0,141.0,0.42969320312500003,False,PUT,2026-02-20,BSX
BSX260220P00081000,81.0,0.57,0.0,0.45,,1.0,0.414068359375,False,PUT,2026-02-20,BSX
BSX260220P00082000,82.0,0.46,0.0,0.5,,1.0,0.3969786865234375,False,PUT,2026-02-20,BSX
BSX260220P00083000,83.0,0.35,0.35,0.7,1.0,42.0,0.40869731933593745,False,PUT,2026-02-20,BSX
BSX260220P00084000,84.0,0.34,0.45,0.9,44.0,81.0,0.41260353027343744,False,PUT,2026-02-20,BSX
BSX260220P00085000,85.0,0.75,0.7,0.8,17.0,10681.0,0.36206692626953124,False,PUT,2026-02-20,BSX
BSX260220P00086000,86.0,0.7,0.85,1.1,6.0,319.0,0.37500625,False,PUT,2026-02-20,BSX
BSX260220P00087000,87.0,0.95,1.1,1.35,100.0,70.0,0.37354142089843745,False,PUT,2026-02-20,BSX
BSX260220P00088000,88.0,1.25,1.35,1.6,3.0,216.0,0.367193828125,False,PUT,2026-02-20,BSX
BSX260220P00089000,89.0,1.2,1.65,1.95,2.0,32.0,0.36817038085937503,False,PUT,2026-02-20,BSX
BSX260220P00090000,90.0,2.05,2.05,2.25,37.0,5850.0,0.35816071533203125,False,PUT,2026-02-20,BSX
BSX260220P00091000,91.0,2.45,2.45,2.7,56.0,450.0,0.36035795898437495,False,PUT,2026-02-20,BSX
BSX260220P00092000,92.0,2.75,2.9,3.2,2.0,253.0,0.3624331335449219,False,PUT,2026-02-20,BSX
BSX260220P00093000,93.0,3.3,3.4,3.7,2.0,289.0,0.35938140625,True,PUT,2026-02-20,BSX
BSX260220P00094000,94.0,3.8,4.0,4.2,35.0,100.0,0.35108070800781244,True,PUT,2026-02-20,BSX
BSX260220P00095000,95.0,4.4,4.6,5.0,23.0,1561.0,0.3711000390625,True,PUT,2026-02-20,BSX
BSX260220P00100000,100.0,9.35,8.2,9.2,1.0,671.0,0.4458063232421875,True,PUT,2026-02-20,BSX
BSX260220P00105000,105.0,14.0,11.5,14.0,20.0,225.0,0.551762294921875,True,PUT,2026-02-20,BSX
BSX260220P00110000,110.0,10.42,10.3,11.7,4.0,13.0,1.0000000000000003e-05,True,PUT,2026-02-20,BSX
BSX260220P00115000,115.0,17.3,10.8,13.1,9.0,19.0,1.0000000000000003e-05,True,PUT,2026-02-20,BSX
BSX260227C00085000,85.0,7.85,7.4,10.0,5.0,5.0,0.5549360913085939,True,CALL,2026-02-27,BSX
BSX260227C00086000,86.0,6.4,6.6,8.8,5.0,5.0,0.495122236328125,True,CALL,2026-02-27,BSX
BSX260227C00088000,88.0,7.3,5.0,6.3,4.0,5.0,0.366217275390625,True,CALL,2026-02-27,BSX
BSX260227C00089000,89.0,5.3,4.9,5.6,3.0,1.0,0.35962554443359374,True,CALL,2026-02-27,BSX
BSX260227C00090000,90.0,5.8,4.2,4.9,1.0,17.0,0.3493717407226562,True,CALL,2026-02-27,BSX
BSX260227C00092000,92.0,4.6,3.1,3.7,5.0,18.0,0.3371648315429688,True,CALL,2026-02-27,BSX
BSX260227C00093000,93.0,2.9,2.6,3.2,1.0,19.0,0.33447931152343746,False,CALL,2026-02-27,BSX
BSX260227C00094000,94.0,1.8,2.2,2.75,,1.0,0.33228206787109377,False,CALL,2026-02-27,BSX
BSX260227C00095000,95.0,2.25,1.85,2.35,7.0,27.0,0.33081723876953123,False,CALL,2026-02-27,BSX
BSX260227C00096000,96.0,1.94,1.5,2.1,1.0,13.0,0.34009448974609374,False,CALL,2026-02-27,BSX
BSX260227C00097000,97.0,2.2,1.25,1.75,3.0,6.0,0.3354558642578125,False,CALL,2026-02-27,BSX
BSX260227C00098000,98.0,1.75,0.15,3.3,1.0,3.0,0.5249070947265625,False,CALL,2026-02-27,BSX
BSX260227C00100000,100.0,1.41,0.0,1.15,1.0,13.0,0.34888346435546874,False,CALL,2026-02-27,BSX
BSX260227C00101000,101.0,1.04,0.0,2.85,4.0,8.0,0.5678754150390625,False,CALL,2026-02-27,BSX
BSX260227C00102000,102.0,0.9,0.4,2.65,4.0,27.0,0.5734905932617188,False,CALL,2026-02-27,BSX
BSX260227C00103000,103.0,0.85,0.0,2.55,,32.0,0.5887492297363282,False,CALL,2026-02-27,BSX
BSX260227C00105000,105.0,1.75,0.0,2.4,,5.0,0.6215858154296876,False,CALL,2026-02-27,BSX
BSX260227C00106000,106.0,1.35,0.0,2.35,,2.0,0.6394079028320312,False,CALL,2026-02-27,BSX
BSX260227C00109000,109.0,0.25,0.0,2.25,1.0,3.0,0.541264353027344,False,CALL,2026-02-27,BSX
BSX260227C00110000,110.0,0.2,0.0,2.2,2.0,5.0,0.5564009204101563,False,CALL,2026-02-27,BSX
BSX260227P00070000,70.0,0.2,0.0,2.15,,1.0,0.8125018749999999,False,PUT,2026-02-27,BSX
BSX260227P00075000,75.0,0.2,0.0,2.2,10.0,15.0,0.6630893066406252,False,PUT,2026-02-27,BSX
BSX260227P00080000,80.0,0.42,0.0,2.35,1.0,11.0,0.5236864038085938,False,PUT,2026-02-27,BSX
BSX260227P00081000,81.0,0.35,0.0,2.4,1.0,2.0,0.6635775830078127,False,PUT,2026-02-27,BSX
BSX260227P00082000,82.0,0.35,0.0,2.5,1.0,12.0,0.6403844555664062,False,PUT,2026-02-27,BSX
BSX260227P00085000,85.0,0.85,0.0,1.35,2.0,16.0,0.39258419921875,False,PUT,2026-02-27,BSX
BSX260227P00086000,86.0,0.9,0.9,3.0,1.0,9.0,0.5491988439941409,False,PUT,2026-02-27,BSX
BSX260227P00087000,87.0,1.1,1.05,3.3,2.0,15.0,0.5418746984863283,False,PUT,2026-02-27,BSX
BSX260227P00088000,88.0,1.75,1.4,3.4,16.0,41.0,0.5117236328125,False,PUT,2026-02-27,BSX
BSX260227P00089000,89.0,1.5,1.6,2.4,300.0,300.0,0.36890279541015625,False,PUT,2026-02-27,BSX
BSX260227P00090000,90.0,2.07,2.1,2.6,2.0,21.0,0.34839518798828123,False,PUT,2026-02-27,BSX
BSX260227P00092000,92.0,3.45,2.85,3.5,2.0,14.0,0.3459538061523437,False,PUT,2026-02-27,BSX
BSX260227P00093000,93.0,2.0,3.5,4.0,1.0,25.0,0.34314621704101556,True,PUT,2026-02-27,BSX
BSX260227P00095000,95.0,5.08,4.6,5.2,6.0,8.0,0.34448897705078124,True,PUT,2026-02-27,BSX
BSX260227P00096000,96.0,4.8,5.2,5.9,,1.0,0.3491276025390625,True,PUT,2026-02-27,BSX
BSX260306C00094000,94.0,3.9,2.4,3.1,4.0,5.0,0.3293524096679687,False,CALL,2026-03-06,BSX
BSX260306C00095000,95.0,3.28,1.95,2.65,6.0,9.0,0.3242255078124999,False,CALL,2026-03-06,BSX
BSX260306C00097000,97.0,2.25,1.4,2.3,1.0,4.0,0.3534000207519531,False,CALL,2026-03-06,BSX
BSX260306P00070000,70.0,0.15,0.0,2.2,10.0,10.0,0.7368190380859375,False,PUT,2026-03-06,BSX
BSX260306P00090000,90.0,1.85,2.1,2.9,,2.0,0.34058276611328125,False,PUT,2026-03-06,BSX
BSX260320C00065000,65.0,33.53,26.5,29.2,2.0,0.0,0.6333044482421876,True,CALL,2026-03-20,BSX
BSX260320C00070000,70.0,19.8,21.9,23.8,2.0,12.0,0.523442265625,True,CALL,2026-03-20,BSX
BSX260320C00075000,75.0,16.4,17.0,19.8,5.0,7.0,0.5097705273437501,True,CALL,2026-03-20,BSX
BSX260320C00080000,80.0,12.94,12.2,13.5,1.0,24.0,0.4057676611328125,True,CALL,2026-03-20,BSX
BSX260320C00085000,85.0,10.0,8.2,10.5,1.0,31.0,0.46851117431640626,True,CALL,2026-03-20,BSX
BSX260320C00087500,87.5,7.25,6.6,7.3,2.0,154.0,0.3363103479003906,True,CALL,2026-03-20,BSX
BSX260320C00090000,90.0,5.55,4.9,5.6,2.0,270.0,0.32092964233398436,True,CALL,2026-03-20,BSX
BSX260320C00092500,92.5,4.2,3.6,4.1,2.0,865.0,0.3051827294921875,False,CALL,2026-03-20,BSX
BSX260320C00095000,95.0,2.72,2.7,3.1,111.0,1287.0,0.309577216796875,False,CALL,2026-03-20,BSX
BSX260320C00097500,97.5,1.98,1.85,2.3,349.0,12796.0,0.3129951513671875,False,CALL,2026-03-20,BSX
BSX260320C00100000,100.0,1.38,1.2,1.55,186.0,11561.0,0.304694453125,False,CALL,2026-03-20,BSX
BSX260320C00105000,105.0,0.88,0.5,0.9,2.0,1828.0,0.32691102783203124,False,CALL,2026-03-20,BSX
BSX260320C00110000,110.0,0.3,0.2,0.6,25.0,811.0,0.358404853515625,False,CALL,2026-03-20,BSX
BSX260320C00115000,115.0,0.25,0.0,0.2,11.0,1556.0,0.33350275878906255,False,CALL,2026-03-20,BSX
BSX260320P00065000,65.0,0.2,0.0,2.3,10.0,27.0,0.7612328564453126,False,PUT,2026-03-20,BSX
BSX260320P00070000,70.0,0.2,0.15,1.6,46.0,453.0,0.58789474609375,False,PUT,2026-03-20,BSX
BSX260320P00075000,75.0,0.25,0.0,0.85,2.0,53.0,0.4699760034179688,False,PUT,2026-03-20,BSX
BSX260320P00080000,80.0,0.6,0.45,0.9,49.0,6056.0,0.366217275390625,False,PUT,2026-03-20,BSX
BSX260320P00085000,85.0,1.35,1.15,1.7,54.0,12462.0,0.334967587890625,False,PUT,2026-03-20,BSX
BSX260320P00087500,87.5,1.45,1.75,2.4,418.0,7052.0,0.32739930419921875,False,PUT,2026-03-20,BSX
BSX260320P00090000,90.0,2.59,2.55,3.3,9.0,12631.0,0.32031929687499994,False,PUT,2026-03-20,BSX
BSX260320P00092500,92.5,4.1,3.7,4.3,14.0,657.0,0.3045723840332031,True,PUT,2026-03-20,BSX
BSX260320P00095000,95.0,5.6,5.3,5.6,3.0,628.0,0.29407444213867184,True,PUT,2026-03-20,BSX
BSX260320P00097500,97.5,5.8,6.8,7.5,20.0,403.0,0.3122627368164062,True,PUT,2026-03-20,BSX
BSX260320P00100000,100.0,9.94,8.7,9.3,2.0,517.0,0.3083565258789062,True,PUT,2026-03-20,BSX
BSX260320P00105000,105.0,14.15,11.8,14.0,20.0,165.0,0.3706117626953125,True,PUT,2026-03-20,BSX
BSX260320P00110000,110.0,16.47,16.9,18.8,1.0,5.0,0.42578699218750005,True,PUT,2026-03-20,BSX
BSX260320P00115000,115.0,14.88,14.4,16.3,1.0,5.0,1.0000000000000003e-05,True,PUT,2026-03-20,BSX
BSX260417C00070000,70.0,22.03,22.2,23.3,2.0,5.0,0.49170430175781255,True,CALL,2026-04-17,BSX
BSX260417C00080000,80.0,13.8,13.3,14.4,3.0,18.0,0.4067442138671875,True,CALL,2026-04-17,BSX
BSX260417C00085000,85.0,10.5,9.5,10.3,2.0,2.0,0.3627993408203125,True,CALL,2026-04-17,BSX
BSX260417C00090000,90.0,7.8,6.3,7.0,33.0,330.0,0.3421696643066406,True,CALL,2026-04-17,BSX
BSX260417C00095000,95.0,4.5,4.1,4.5,216.0,18988.0,0.33130551513671874,False,CALL,2026-04-17,BSX
BSX260417C00100000,100.0,2.58,2.25,2.75,87.0,7100.0,0.3259344750976562,False,CALL,2026-04-17,BSX
BSX260417C00105000,105.0,1.6,1.25,1.6,5.0,818.0,0.32300481689453114,False,CALL,2026-04-17,BSX
BSX260417C00110000,110.0,1.07,0.75,1.0,5.0,3149.0,0.33289241333007813,False,CALL,2026-04-17,BSX
BSX260417C00115000,115.0,0.5,0.35,0.75,20.0,43.0,0.35864899169921877,False,CALL,2026-04-17,BSX
BSX260417P00065000,65.0,0.3,0.0,0.3,10.0,63.0,0.4458063232421875,False,PUT,2026-04-17,BSX
BSX260417P00070000,70.0,0.24,0.1,0.45,,5.0,0.3996642065429688,False,PUT,2026-04-17,BSX
BSX260417P00075000,75.0,0.7,0.3,0.75,8.0,122.0,0.36426416992187505,False,PUT,2026-04-17,BSX
BSX260417P00080000,80.0,1.25,0.7,1.4,10.0,9005.0,0.3443669079589844,False,PUT,2026-04-17,BSX
BSX260417P00085000,85.0,2.3,2.05,2.35,7.0,1219.0,0.3166572241210937,False,PUT,2026-04-17,BSX
BSX260417P00090000,90.0,3.3,3.6,4.2,8.0,2489.0,0.31165239135742184,False,PUT,2026-04-17,BSX
BSX260417P00095000,95.0,6.0,6.3,6.7,81.0,376.0,0.30152065673828127,True,PUT,2026-04-17,BSX
BSX260417P00100000,100.0,8.7,8.6,10.0,9.0,137.0,0.295905478515625,True,PUT,2026-04-17,BSX
BSX260515C00070000,70.0,31.0,33.8,36.8,2.0,4.0,1.3139682739257812,True,CALL,2026-05-15,BSX
BSX260515C00075000,75.0,17.0,18.2,20.1,1.0,26.0,0.4963429272460938,True,CALL,2026-05-15,BSX
BSX260515C00080000,80.0,14.51,14.0,15.1,1.0,11.0,0.39819937744140627,True,CALL,2026-05-15,BSX
BSX260515C00085000,85.0,10.25,10.3,11.2,133.0,152.0,0.3640200317382813,True,CALL,2026-05-15,BSX
BSX260515C00090000,90.0,9.13,7.3,8.1,5.0,539.0,0.35071450073242183,True,CALL,2026-05-15,BSX
BSX260515C00095000,95.0,5.5,4.9,5.6,1.0,934.0,0.34009448974609374,False,CALL,2026-05-15,BSX
BSX260515C00100000,100.0,3.59,3.1,3.8,58.0,3443.0,0.3371648315429688,False,CALL,2026-05-15,BSX
BSX260515C00105000,105.0,2.3,1.85,2.5,1.0,325.0,0.33521172607421873,False,CALL,2026-05-15,BSX
BSX260515C00110000,110.0,1.24,1.15,1.6,4.0,1193.0,0.33399103515625,False,CALL,2026-05-15,BSX
BSX260515C00115000,115.0,0.65,0.65,1.1,1.0,321.0,0.3425358715820312,False,CALL,2026-05-15,BSX
BSX260515P00070000,70.0,0.65,0.35,0.85,10.0,76.0,0.40259386474609377,False,PUT,2026-05-15,BSX
BSX260515P00075000,75.0,1.14,0.7,1.1,7.0,75.0,0.35108070800781244,False,PUT,2026-05-15,BSX
BSX260515P00080000,80.0,1.35,1.35,1.9,1.0,418.0,0.3343572424316406,False,PUT,2026-05-15,BSX
BSX260515P00085000,85.0,2.75,2.45,3.1,15.0,257.0,0.3171455004882812,False,PUT,2026-05-15,BSX
BSX260515P00090000,90.0,4.5,4.5,5.0,1.0,2345.0,0.3090889404296875,False,PUT,2026-05-15,BSX
BSX260515P00095000,95.0,6.8,6.9,7.6,4.0,665.0,0.30451134948730463,True,PUT,2026-05-15,BSX
BSX260515P00100000,100.0,9.25,9.9,10.9,2.0,575.0,0.30445031494140623,True,PUT,2026-05-15,BSX
BSX260515P00105000,105.0,13.83,13.7,14.6,2.0,143.0,0.2971261694335937,True,PUT,2026-05-15,BSX
BSX260515P00110000,110.0,19.1,17.5,19.3,1.0,10.0,0.33338068969726564,True,PUT,2026-05-15,BSX
BSX260618C00065000,65.0,25.5,27.7,30.2,1.0,1.0,0.5106250109863282,True,CALL,2026-06-18,BSX
BSX260618C00067500,67.5,16.63,19.4,20.3,2.0,2.0,1.0000000000000003e-05,True,CALL,2026-06-18,BSX
BSX260618C00070000,70.0,24.05,23.2,25.7,9.0,22.0,0.5628705822753908,True,CALL,2026-06-18,BSX
BSX260618C00072500,72.5,33.45,34.0,35.6,1.0,0.0,1.1868937139892577,True,CALL,2026-06-18,BSX
BSX260618C00075000,75.0,18.22,18.4,21.3,2.0,6.0,0.5080615600585938,True,CALL,2026-06-18,BSX
BSX260618C00077500,77.5,22.4,16.7,18.2,2.0,11.0,0.4260311303710938,True,CALL,2026-06-18,BSX
BSX260618C00080000,80.0,14.4,14.7,15.7,3.0,31.0,0.38147591186523433,True,CALL,2026-06-18,BSX
BSX260618C00082500,82.5,14.4,12.9,13.9,2.0,42.0,0.37390762817382805,True,CALL,2026-06-18,BSX
BSX260618C00085000,85.0,11.9,11.2,12.0,1.0,37.0,0.3566348516845703,True,CALL,2026-06-18,BSX
BSX260618C00087500,87.5,10.05,9.6,10.5,1.0,49.0,0.3540103662109374,True,CALL,2026-06-18,BSX
BSX260618C00090000,90.0,9.75,8.1,8.9,6.0,274.0,0.3413151806640625,True,CALL,2026-06-18,BSX
BSX260618C00092500,92.5,7.2,6.8,7.7,1.0,214.0,0.3411931115722656,False,CALL,2026-06-18,BSX
BSX260618C00095000,95.0,6.6,5.6,6.4,2.0,631.0,0.33124448059082034,False,CALL,2026-06-18,BSX
BSX260618C00097500,97.5,4.9,4.7,5.5,1.0,231.0,0.33338068969726564,False,CALL,2026-06-18,BSX
BSX260618C00100000,100.0,4.1,3.9,4.5,41.0,3167.0,0.3258734405517578,False,CALL,2026-06-18,BSX
BSX260618C00105000,105.0,2.95,2.55,2.85,6.0,1451.0,0.31018756225585936,False,CALL,2026-06-18,BSX
BSX260618C00110000,110.0,1.65,1.65,1.9,199.0,1528.0,0.3096992858886719,False,CALL,2026-06-18,BSX
BSX260618C00115000,115.0,1.5,0.95,1.25,1.0,1081.0,0.3100654931640625,False,CALL,2026-06-18,BSX
BSX260618P00065000,65.0,0.75,0.0,0.0,,2.0,0.12500875,False,PUT,2026-06-18,BSX
BSX260618P00067500,67.5,0.75,0.45,0.75,10.0,47.0,0.37354142089843745,False,PUT,2026-06-18,BSX
BSX260618P00070000,70.0,0.68,0.0,0.95,1.0,22.0,0.3618227880859375,False,PUT,2026-06-18,BSX
BSX260618P00072500,72.5,0.95,0.6,1.15,6.0,222.0,0.3459538061523437,False,PUT,2026-06-18,BSX
BSX260618P00075000,75.0,1.5,0.95,1.5,2.0,552.0,0.3391179370117187,False,PUT,2026-06-18,BSX
BSX260618P00077500,77.5,1.65,1.35,1.85,4.0,150.0,0.32691102783203124,False,PUT,2026-06-18,BSX
BSX260618P00080000,80.0,2.25,1.85,2.35,170.0,512.0,0.3194648132324218,False,PUT,2026-06-18,BSX
BSX260618P00082500,82.5,2.6,2.45,2.95,7.0,375.0,0.31214066772460936,False,PUT,2026-06-18,BSX
BSX260618P00085000,85.0,3.2,3.1,3.6,1.0,805.0,0.3016427258300781,False,PUT,2026-06-18,BSX
BSX260618P00087500,87.5,4.1,4.1,4.5,4.0,183.0,0.29761444580078117,False,PUT,2026-06-18,BSX
BSX260618P00090000,90.0,4.84,5.0,5.6,14.0,390.0,0.29621065124511714,False,PUT,2026-06-18,BSX
BSX260618P00092500,92.5,6.9,5.6,6.8,30.0,2157.0,0.29273168212890616,True,PUT,2026-06-18,BSX
BSX260618P00095000,95.0,7.05,7.5,8.1,34.0,1007.0,0.2872385729980468,True,PUT,2026-06-18,BSX
BSX260618P00097500,97.5,9.5,8.4,9.6,9.0,252.0,0.2841868457031249,True,PUT,2026-06-18,BSX
BSX260618P00100000,100.0,9.7,10.1,11.4,2.0,2576.0,0.2887034020996093,True,PUT,2026-06-18,BSX
BSX260618P00105000,105.0,14.15,14.0,15.0,2.0,924.0,0.2809520147705078,True,PUT,2026-06-18,BSX
BSX260618P00110000,110.0,16.2,17.1,19.4,1.0,513.0,0.29688203124999996,True,PUT,2026-06-18,BSX
BSX260618P00115000,115.0,21.33,21.6,24.0,10.0,2.0,0.3133613586425781,True,PUT,2026-06-18,BSX
BSX260821C00070000,70.0,23.06,23.9,26.6,,2.0,0.5172167419433593,True,CALL,2026-08-21,BSX
BSX260821C00075000,75.0,20.8,20.0,22.4,1.0,4.0,0.4756522161865234,True,CALL,2026-08-21,BSX
BSX260821C00080000,80.0,17.0,16.2,17.5,,19.0,0.3979552392578125,True,CALL,2026-08-21,BSX
BSX260821C00085000,85.0,12.0,12.9,14.0,,2.0,0.3761048718261719,True,CALL,2026-08-21,BSX
BSX260821C00090000,90.0,10.2,9.9,10.8,57.0,180.0,0.3536441589355468,True,CALL,2026-08-21,BSX
BSX260821C00095000,95.0,9.2,7.4,8.4,1.0,242.0,0.34717449707031245,False,CALL,2026-08-21,BSX
BSX260821C00100000,100.0,6.82,5.4,6.3,4.0,79.0,0.33740896972656254,False,CALL,2026-08-21,BSX
BSX260821C00105000,105.0,5.0,3.8,4.7,1.0,31.0,0.33246517150878907,False,CALL,2026-08-21,BSX
BSX260821C00110000,110.0,4.95,2.65,3.5,,2.0,0.3305731005859375,False,CALL,2026-08-21,BSX
BSX260821C00115000,115.0,2.55,1.8,2.55,23.0,32.0,0.32770447692871096,False,CALL,2026-08-21,BSX
BSX260821P00065000,65.0,0.7,0.5,1.45,,1.0,0.4063780065917969,False,PUT,2026-08-21,BSX
BSX260821P00075000,75.0,2.2,1.5,2.4,12.0,227.0,0.335944140625,False,PUT,2026-08-21,BSX
BSX260821P00080000,80.0,2.85,2.35,3.6,250.0,276.0,0.3254461987304687,False,PUT,2026-08-21,BSX
BSX260821P00085000,85.0,4.4,4.2,5.0,2.0,6.0,0.3076851458740234,False,PUT,2026-08-21,BSX
BSX260821P00090000,90.0,6.05,5.5,6.9,3.0,5.0,0.2940134075927734,False,PUT,2026-08-21,BSX
BSX260821P00100000,100.0,13.5,10.9,12.4,20.0,20.0,0.2776561492919921,True,PUT,2026-08-21,BSX
BSX260821P00105000,105.0,10.1,14.5,15.9,,5.0,0.2718578674316406,True,PUT,2026-08-21,BSX
BSX260918C00065000,65.0,45.3,44.2,45.2,4.0,4.0,1.2163125122070313,True,CALL,2026-09-18,BSX
BSX260918C00070000,70.0,23.3,24.3,27.0,2.0,13.0,0.5054981091308592,True,CALL,2026-09-18,BSX
BSX260918C00075000,75.0,19.57,20.5,22.8,1.0,5.0,0.46417772155761716,True,CALL,2026-09-18,BSX
BSX260918C00080000,80.0,15.95,16.8,18.1,4.0,39.0,0.3979552392578125,True,CALL,2026-09-18,BSX
BSX260918C00085000,85.0,19.25,13.5,14.4,1.0,23.0,0.3676821044921875,True,CALL,2026-09-18,BSX
BSX260918C00090000,90.0,11.87,10.5,11.5,250.0,704.0,0.3561465753173828,True,CALL,2026-09-18,BSX
BSX260918C00095000,95.0,7.83,8.0,9.0,3.0,86.0,0.3460758752441406,False,CALL,2026-09-18,BSX
BSX260918C00100000,100.0,6.85,6.0,6.9,501.0,225.0,0.3371648315429688,False,CALL,2026-09-18,BSX
BSX260918C00105000,105.0,5.42,4.3,5.3,12.0,1120.0,0.3336858624267578,False,CALL,2026-09-18,BSX
BSX260918C00110000,110.0,3.87,3.1,4.0,250.0,36.0,0.3299017205810546,False,CALL,2026-09-18,BSX
BSX260918C00115000,115.0,1.86,2.15,2.95,10.0,21.0,0.32532412963867186,False,CALL,2026-09-18,BSX
BSX260918P00065000,65.0,0.9,0.6,1.55,,14.0,0.3890441955566406,False,PUT,2026-09-18,BSX
BSX260918P00070000,70.0,1.73,1.05,1.9,11.0,12.0,0.34998208618164056,False,PUT,2026-09-18,BSX
BSX260918P00075000,75.0,2.38,1.7,2.75,15.0,59.0,0.33338068969726564,False,PUT,2026-09-18,BSX
BSX260918P00080000,80.0,2.95,2.85,4.0,26.0,1077.0,0.32257757507324214,False,PUT,2026-09-18,BSX
BSX260918P00085000,85.0,4.7,4.3,5.3,320.0,1439.0,0.29999479309082033,False,PUT,2026-09-18,BSX
BSX260918P00090000,90.0,7.14,6.1,7.2,9.0,229.0,0.28626202026367187,False,PUT,2026-09-18,BSX
BSX260918P00095000,95.0,9.3,8.5,9.7,3.0,168.0,0.2779002874755859,True,PUT,2026-09-18,BSX
BSX260918P00100000,100.0,9.0,11.3,12.7,17.0,120.0,0.2710033837890625,True,PUT,2026-09-18,BSX
BSX260918P00105000,105.0,12.0,0.0,0.0,3.0,298.0,1.0000000000000003e-05,True,PUT,2026-09-18,BSX
BSX260918P00110000,110.0,10.5,15.0,15.4,50.0,56.0,1.0000000000000003e-05,True,PUT,2026-09-18,BSX
BSX261218C00065000,65.0,32.98,29.6,32.9,10.0,26.0,0.5388229711914063,True,CALL,2026-12-18,BSX
BSX261218C00067500,67.5,30.19,41.0,42.4,1.0,1.0,0.956055126953125,True,CALL,2026-12-18,BSX
BSX261218C00070000,70.0,25.41,24.7,28.6,1.0,6.0,0.4950001672363281,True,CALL,2026-12-18,BSX
BSX261218C00072500,72.5,40.6,38.5,39.6,8.0,5.0,0.9398809722900392,True,CALL,2026-12-18,BSX
BSX261218C00075000,75.0,19.5,21.9,24.7,2.0,30.0,0.464421859741211,True,CALL,2026-12-18,BSX
BSX261218C00077500,77.5,25.0,20.1,22.9,10.0,6.0,0.452703226928711,True,CALL,2026-12-18,BSX
BSX261218C00080000,80.0,16.06,17.7,20.8,2.0,139.0,0.4294490649414063,True,CALL,2026-12-18,BSX
BSX261218C00082500,82.5,19.39,16.7,18.1,15.0,11.0,0.38611453735351553,True,CALL,2026-12-18,BSX
BSX261218C00085000,85.0,20.95,15.1,17.0,1.0,21.0,0.3934386828613281,True,CALL,2026-12-18,BSX
BSX261218C00087500,87.5,27.0,0.0,0.0,1.0,1.0,1.0000000000000003e-05,True,CALL,2026-12-18,BSX
BSX261218C00090000,90.0,13.4,12.2,14.5,30.0,68.0,0.391058335571289,True,CALL,2026-12-18,BSX
BSX261218C00092500,92.5,12.1,10.9,12.3,1.0,3.0,0.3587710607910156,False,CALL,2026-12-18,BSX
BSX261218C00095000,95.0,8.14,9.7,11.2,10.0,61.0,0.3569705416870117,False,CALL,2026-12-18,BSX
BSX261218C00097500,97.5,18.18,0.0,0.0,4.0,24.0,0.015634843750000002,False,CALL,2026-12-18,BSX
BSX261218C00100000,100.0,8.95,7.5,9.0,10.0,30.0,0.3469303588867187,False,CALL,2026-12-18,BSX
BSX261218C00105000,105.0,10.2,5.8,6.7,16.0,299.0,0.3252630950927734,False,CALL,2026-12-18,BSX
BSX261218C00110000,110.0,3.4,4.4,5.8,1.0,135.0,0.337470004272461,False,CALL,2026-12-18,BSX
BSX261218C00115000,115.0,7.0,0.0,0.0,5.0,30.0,0.062509375,False,CALL,2026-12-18,BSX
BSX261218P00065000,65.0,1.53,1.0,1.8,1.0,659.0,0.3458317370605468,False,PUT,2026-12-18,BSX
BSX261218P00067500,67.5,1.78,1.4,2.3,1.0,71.0,0.34632001342773433,False,PUT,2026-12-18,BSX
BSX261218P00070000,70.0,2.25,1.6,2.5,2.0,41.0,0.3280096496582031,False,PUT,2026-12-18,BSX
BSX261218P00072500,72.5,6.86,5.1,5.8,,1.0,0.43933666137695315,False,PUT,2026-12-18,BSX
BSX261218P00075000,75.0,3.3,2.05,3.8,1.0,42.0,0.32684999328613284,False,PUT,2026-12-18,BSX
BSX261218P00077500,77.5,3.9,2.9,5.7,14.0,203.0,0.3673158972167969,False,PUT,2026-12-18,BSX
BSX261218P00080000,80.0,4.95,2.75,5.1,1.0,79.0,0.31287308227539057,False,PUT,2026-12-18,BSX
BSX261218P00082500,82.5,4.68,4.1,5.5,1.0,60.0,0.29395237304687494,False,PUT,2026-12-18,BSX
BSX261218P00085000,85.0,3.55,3.9,0.0,1.0,38.0,0.015634843750000002,False,PUT,2026-12-18,BSX
BSX261218P00087500,87.5,6.98,5.7,7.3,5.0,45.0,0.2822947747802734,False,PUT,2026-12-18,BSX
BSX261218P00090000,90.0,8.86,7.0,8.3,1.0,438.0,0.27533683654785157,False,PUT,2026-12-18,BSX
BSX261218P00092500,92.5,8.4,7.5,9.4,,2.0,0.2685009674072265,True,PUT,2026-12-18,BSX
BSX261218P00095000,95.0,10.0,9.2,10.9,1.0,302.0,0.27033200378417965,True,PUT,2026-12-18,BSX
BSX261218P00097500,97.5,9.4,10.5,12.3,2.0,11.0,0.26636475830078127,True,PUT,2026-12-18,BSX
BSX261218P00100000,100.0,10.19,12.0,13.9,2.0,82.0,0.26538820556640624,True,PUT,2026-12-18,BSX
BSX261218P00105000,105.0,13.3,15.4,17.0,5.0,79.0,0.2518385363769531,True,PUT,2026-12-18,BSX
BSX261218P00110000,110.0,13.1,10.1,11.3,6.0,3.0,1.0000000000000003e-05,True,PUT,2026-12-18,BSX
BSX261218P00115000,115.0,13.8,19.2,19.9,2.0,11.0,1.0000000000000003e-05,True,PUT,2026-12-18,BSX
BSX270115C00065000,65.0,33.5,30.2,33.0,1.0,36.0,0.5212450219726561,True,CALL,2027-01-15,BSX
BSX270115C00070000,70.0,28.9,26.1,28.8,6.0,40.0,0.4826711889648438,True,CALL,2027-01-15,BSX
BSX270115C00075000,75.0,23.95,21.7,24.9,1.0,5.0,0.4525811578369141,True,CALL,2027-01-15,BSX
BSX270115C00077500,77.5,19.3,20.2,22.9,1.0,14.0,0.4343318286132813,True,CALL,2027-01-15,BSX
BSX270115C00080000,80.0,19.0,18.9,21.5,1.0,72.0,0.43457596679687505,True,CALL,2027-01-15,BSX
BSX270115C00082500,82.5,15.7,17.2,18.6,1.0,2.0,0.3859924682617187,True,CALL,2027-01-15,BSX
BSX270115C00085000,85.0,16.2,15.6,17.2,2.0,76.0,0.38349005187988283,True,CALL,2027-01-15,BSX
BSX270115C00087500,87.5,15.0,14.1,15.6,1.0,4.0,0.37305314453125,True,CALL,2027-01-15,BSX
BSX270115C00090000,90.0,14.5,12.8,14.7,1.0,432.0,0.38086556640624997,True,CALL,2027-01-15,BSX
BSX270115C00092500,92.5,11.5,11.0,12.9,1.0,144.0,0.3610293389892578,False,CALL,2027-01-15,BSX
BSX270115C00095000,95.0,9.8,10.2,11.7,2.0,134.0,0.35632967895507806,False,CALL,2027-01-15,BSX
BSX270115C00097500,97.5,8.9,9.0,10.8,6.0,197.0,0.3580386462402344,False,CALL,2027-01-15,BSX
BSX270115C00100000,100.0,8.9,8.1,8.6,7.0,161.0,0.321723091430664,False,CALL,2027-01-15,BSX
BSX270115C00105000,105.0,7.6,6.3,6.9,24.0,3404.0,0.3177558459472656,False,CALL,2027-01-15,BSX
BSX270115C00110000,110.0,5.6,4.3,6.2,1.0,687.0,0.33563896789550784,False,CALL,2027-01-15,BSX
BSX270115C00115000,115.0,4.3,3.6,5.0,4.0,2551.0,0.3328313787841797,False,CALL,2027-01-15,BSX
BSX270115P00065000,65.0,1.4,1.0,2.5,2.0,18.0,0.3711000390625,False,PUT,2027-01-15,BSX
BSX270115P00070000,70.0,2.4,1.7,3.8,252.0,281.0,0.3733583172607422,False,PUT,2027-01-15,BSX
BSX270115P00075000,75.0,3.3,2.25,4.0,42.0,1008.0,0.3213568841552734,False,PUT,2027-01-15,BSX
BSX270115P00077500,77.5,4.2,3.0,4.7,1.0,47.0,0.3171455004882812,False,PUT,2027-01-15,BSX
BSX270115P00080000,80.0,4.55,3.6,5.1,1.0,60.0,0.3001778967285156,False,PUT,2027-01-15,BSX
BSX270115P00082500,82.5,5.2,4.3,6.5,36.0,66.0,0.3138496350097656,False,PUT,2027-01-15,BSX
BSX270115P00085000,85.0,6.2,4.4,6.9,1.0,329.0,0.2929758203124999,False,PUT,2027-01-15,BSX
BSX270115P00087500,87.5,7.2,6.0,7.9,4.0,194.0,0.28833719482421866,False,PUT,2027-01-15,BSX
BSX270115P00090000,90.0,7.9,7.1,8.5,4.0,61.0,0.26984372741699214,False,PUT,2027-01-15,BSX
BSX270115P00092500,92.5,9.2,8.8,9.5,3.0,92.0,0.2603833728027344,True,PUT,2027-01-15,BSX
BSX270115P00095000,95.0,10.0,10.0,10.7,2.0,423.0,0.2538526763916016,True,PUT,2027-01-15,BSX
BSX270115P00097500,97.5,11.3,11.6,12.1,1.0,153.0,0.2500075,True,PUT,2027-01-15,BSX
BSX270115P00100000,100.0,12.2,12.2,13.9,7.0,856.0,0.2546461254882813,True,PUT,2027-01-15,BSX
BSX270115P00105000,105.0,17.0,15.5,17.1,22.0,439.0,0.24469749450683598,True,PUT,2027-01-15,BSX
BSX270115P00110000,110.0,22.5,19.3,20.9,10.0,303.0,0.24231714721679687,True,PUT,2027-01-15,BSX
BSX270115P00115000,115.0,16.6,0.0,0.0,1.0,104.0,1.0000000000000003e-05,True,PUT,2027-01-15,BSX
BSX270617C00065000,65.0,35.41,30.5,35.0,2.0,23.0,0.5051319018554687,True,CALL,2027-06-17,BSX
BSX270617C00070000,70.0,29.9,27.7,31.5,2.0,17.0,0.4882253326416016,True,CALL,2027-06-17,BSX
BSX270617C00075000,75.0,25.71,24.7,27.5,3.0,64.0,0.4529473651123047,True,CALL,2027-06-17,BSX
BSX270617C00080000,80.0,20.1,20.5,24.5,1.0,54.0,0.44290718231201176,True,CALL,2027-06-17,BSX
BSX270617C00085000,85.0,25.5,18.2,21.0,2.0,69.0,0.41547215393066406,True,CALL,2027-06-17,BSX
BSX270617C00090000,90.0,13.84,13.5,18.5,5.0,134.0,0.4090024920654296,True,CALL,2027-06-17,BSX
BSX270617C00092500,92.5,14.7,14.2,17.0,10.0,106.0,0.39801627380371096,False,CALL,2027-06-17,BSX
BSX270617C00095000,95.0,11.2,12.9,16.0,2.0,19.0,0.3976805838012696,False,CALL,2027-06-17,BSX
BSX270617C00097500,97.5,17.65,18.7,22.5,1.0,3.0,0.5273789938354493,False,CALL,2027-06-17,BSX
BSX270617C00100000,100.0,12.57,10.7,13.2,10.0,123.0,0.3748841809082031,False,CALL,2027-06-17,BSX
BSX270617C00105000,105.0,12.92,8.3,11.5,1.0,30.0,0.3729921099853516,False,CALL,2027-06-17,BSX
BSX270617C00110000,110.0,9.3,7.3,8.8,2.0,171.0,0.3429631134033203,False,CALL,2027-06-17,BSX
BSX270617C00115000,115.0,6.3,5.5,8.5,3.0,33.0,0.3654238262939453,False,CALL,2027-06-17,BSX
BSX270617P00065000,65.0,2.3,1.3,5.0,1.0,12.0,0.40955180297851557,False,PUT,2027-06-17,BSX
BSX270617P00075000,75.0,3.9,2.45,6.0,3.0,6.0,0.3303289624023437,False,PUT,2027-06-17,BSX
BSX270617P00080000,80.0,4.8,3.9,7.6,1.0,6.0,0.31964791687011707,False,PUT,2027-06-17,BSX
BSX270617P00085000,85.0,7.75,5.6,9.0,2.0,8.0,0.297583928527832,False,PUT,2027-06-17,BSX
BSX270617P00090000,90.0,7.22,0.0,0.0,2.0,4.0,0.007822421875,False,PUT,2027-06-17,BSX
BSX270617P00100000,100.0,11.2,0.0,0.0,1.0,40.0,1.0000000000000003e-05,True,PUT,2027-06-17,BSX
BSX270617P00105000,105.0,15.5,10.4,12.7,10.0,15.0,0.040048662109374994,True,PUT,2027-06-17,BSX
BSX270617P00110000,110.0,18.5,19.5,23.0,6.0,10.0,0.257819921875,True,PUT,2027-06-17,BSX
BSX270617P00115000,115.0,23.86,23.0,26.5,2.0,3.0,0.2456130126953125,True,PUT,2027-06-17,BSX
BSX280121C00065000,65.0,35.0,34.4,38.0,5.0,13.0,0.5062305236816407,True,CALL,2028-01-21,BSX
BSX280121C00070000,70.0,31.58,30.8,33.8,16.0,47.0,0.46710737976074224,True,CALL,2028-01-21,BSX
BSX280121C00075000,75.0,27.7,27.4,30.5,12.0,21.0,0.44995667236328124,True,CALL,2028-01-21,BSX
BSX280121C00080000,80.0,26.2,24.0,27.2,10.0,29.0,0.4302730313110352,True,CALL,2028-01-21,BSX
BSX280121C00085000,85.0,24.15,20.8,24.0,1.0,13.0,0.41046732116699214,True,CALL,2028-01-21,BSX
BSX280121C00090000,90.0,20.41,18.8,21.5,1.0,10.0,0.40253283020019537,True,CALL,2028-01-21,BSX
BSX280121C00095000,95.0,15.0,16.3,19.0,2.0,22.0,0.3913635083007812,False,CALL,2028-01-21,BSX
BSX280121C00100000,100.0,13.4,12.6,16.5,1.0,26.0,0.3771729763793945,False,CALL,2028-01-21,BSX
BSX280121C00105000,105.0,10.5,12.2,14.5,20.0,25.0,0.36963520996093746,False,CALL,2028-01-21,BSX
BSX280121C00110000,110.0,12.15,10.0,12.9,4.0,60.0,0.3667360690307617,False,CALL,2028-01-21,BSX
BSX280121C00115000,115.0,10.8,8.0,11.5,100.0,108.0,0.3648745153808594,False,CALL,2028-01-21,BSX
BSX280121P00070000,70.0,4.0,3.2,6.2,3.0,14.0,0.3286199951171874,False,PUT,2028-01-21,BSX
BSX280121P00075000,75.0,5.9,3.9,6.8,1.0,6.0,0.29608858215332035,False,PUT,2028-01-21,BSX
BSX280121P00080000,80.0,7.95,5.4,8.8,1.0,12.0,0.2942575457763671,False,PUT,2028-01-21,BSX
BSX280121P00085000,85.0,8.7,7.4,10.7,1.0,12.0,0.2844004666137695,False,PUT,2028-01-21,BSX
BSX280121P00090000,90.0,12.0,8.5,12.0,7.0,13.0,0.25785043914794925,False,PUT,2028-01-21,BSX
BSX280121P00095000,95.0,13.66,11.0,15.5,1.0,7.0,0.27008786560058595,True,PUT,2028-01-21,BSX
BSX280121P00100000,100.0,14.7,14.8,18.0,2.0,5.0,0.25748423187255864,True,PUT,2028-01-21,BSX
BSX280121P00105000,105.0,17.4,16.5,20.5,,4.0,0.23975369628906246,True,PUT,2028-01-21,BSX
BSX280121P00110000,110.0,24.2,20.0,23.5,2.0,3.0,0.2260819580078125,True,PUT,2028-01-21,BSX
BSX280121P00115000,115.0,27.95,23.5,27.5,2.0,11.0,0.22806558074951172,True,PUT,2028-01-21,BSX
BTG260130C00004000,4.0,1.76,1.2,2.35,1.0,119.0,6.0156274804687495,True,CALL,2026-01-30,BTG
BTG260130C00004500,4.5,1.15,0.9,1.15,2.0,362.0,2.156254609375,True,CALL,2026-01-30,BTG
BTG260130C00005000,5.0,0.6,0.35,0.6,107.0,855.0,1.9218753906250001,True,CALL,2026-01-30,BTG
BTG260130C00005500,5.5,0.12,0.1,0.15,295.0,777.0,0.8125018749999999,False,CALL,2026-01-30,BTG
BTG260130C00006000,6.0,0.05,0.0,0.05,43.0,245.0,1.0312548437500002,False,CALL,2026-01-30,BTG
BTG260130P00004000,4.0,0.01,0.0,0.05,1.0,1036.0,2.750003125,False,PUT,2026-01-30,BTG
BTG260130P00004500,4.5,0.05,0.0,0.05,12.0,1025.0,1.9062504687500001,False,PUT,2026-01-30,BTG
BTG260130P00005000,5.0,0.01,0.0,0.05,29.0,1103.0,1.0625046875000002,False,PUT,2026-01-30,BTG
BTG260130P00005500,5.5,0.1,0.05,0.15,109.0,432.0,0.570316796875,True,PUT,2026-01-30,BTG
BTG260130P00006500,6.5,1.03,0.85,1.05,2.0,0.0,1.75000125,True,PUT,2026-01-30,BTG
BTG260206C00004000,4.0,1.3,1.3,2.25,1.0,6.0,2.8359404101562498,True,CALL,2026-02-06,BTG
BTG260206C00004500,4.5,1.0,0.8,1.45,160.0,407.0,1.5468772656249998,True,CALL,2026-02-06,BTG
BTG260206C00005000,5.0,0.7,0.55,0.65,14.0,311.0,0.9062509375,True,CALL,2026-02-06,BTG
BTG260206C00005500,5.5,0.25,0.2,0.3,114.0,700.0,0.7500025,False,CALL,2026-02-06,BTG
BTG260206C00006000,6.0,0.1,0.05,0.1,219.0,1722.0,0.70312796875,False,CALL,2026-02-06,BTG
BTG260206P00004000,4.0,0.04,0.0,0.05,1.0,7392.0,1.2968785156249998,False,PUT,2026-02-06,BTG
BTG260206P00004500,4.5,0.01,0.0,0.05,18.0,1297.0,0.8906260937499999,False,PUT,2026-02-06,BTG
BTG260206P00005000,5.0,0.05,0.05,0.1,271.0,1100.0,0.7500025,False,PUT,2026-02-06,BTG
BTG260206P00006000,6.0,0.7,0.35,0.75,18.0,53.0,0.5312546875,True,PUT,2026-02-06,BTG
BTG260206P00007000,7.0,2.4,0.9,1.7,,0.0,1.7890635546875,True,PUT,2026-02-06,BTG
BTG260213C00004000,4.0,0.83,1.3,3.5,10.0,40.0,4.050786186523437,True,CALL,2026-02-13,BTG
BTG260213C00004500,4.5,1.29,0.5,1.3,27.0,88.0,1.6953140234375002,True,CALL,2026-02-13,BTG
BTG260213C00005000,5.0,0.65,0.6,0.7,33.0,893.0,0.8125018749999999,True,CALL,2026-02-13,BTG
BTG260213C00005500,5.5,0.33,0.25,0.45,338.0,1512.0,0.7812521875,False,CALL,2026-02-13,BTG
BTG260213C00006000,6.0,0.13,0.1,0.15,50.0,339.0,0.6640658593750002,False,CALL,2026-02-13,BTG
BTG260213P00004000,4.0,0.01,0.0,0.05,2.0,335.0,0.9687503125,False,PUT,2026-02-13,BTG
BTG260213P00004500,4.5,0.05,0.0,0.1,6.0,6978.0,0.8125018749999999,False,PUT,2026-02-13,BTG
BTG260213P00005000,5.0,0.11,0.1,0.15,2551.0,8503.0,0.7070341796875,False,PUT,2026-02-13,BTG
BTG260213P00005500,5.5,0.29,0.2,0.35,7.0,45.0,0.5820354296875,True,PUT,2026-02-13,BTG
BTG260213P00007000,7.0,2.02,0.8,2.6,,2.0,1.3437532812499997,True,PUT,2026-02-13,BTG
BTG260220C00004000,4.0,1.6,1.5,1.7,26.0,1025.0,1.2343788281249999,True,CALL,2026-02-20,BTG
BTG260220C00004500,4.5,1.13,1.0,1.2,136.0,2973.0,0.8906260937499999,True,CALL,2026-02-20,BTG
BTG260220C00005000,5.0,0.74,0.6,0.8,1294.0,8996.0,0.789064609375,True,CALL,2026-02-20,BTG
BTG260220C00005500,5.5,0.42,0.35,0.45,2352.0,13932.0,0.7421900781249999,False,CALL,2026-02-20,BTG
BTG260220C00006000,6.0,0.25,0.15,0.25,1518.0,1447.0,0.7070341796875,False,CALL,2026-02-20,BTG
BTG260220C00006500,6.5,0.12,0.1,0.15,233.0,486.0,0.7812521875,False,CALL,2026-02-20,BTG
BTG260220C00007000,7.0,0.05,0.0,0.2,25.0,140.0,0.8984385156249999,False,CALL,2026-02-20,BTG
BTG260220P00004000,4.0,0.01,0.0,0.1,2.0,1501.0,0.9609378906249999,False,PUT,2026-02-20,BTG
BTG260220P00004500,4.5,0.06,0.05,0.1,394.0,14225.0,0.7656273437500001,False,PUT,2026-02-20,BTG
BTG260220P00005000,5.0,0.16,0.15,0.2,160.0,6611.0,0.70312796875,False,PUT,2026-02-20,BTG
BTG260220P00005500,5.5,0.35,0.3,0.4,905.0,1002.0,0.6250037500000001,True,PUT,2026-02-20,BTG
BTG260220P00006500,6.5,1.15,1.0,1.2,14.0,50.0,0.6796907031250001,True,PUT,2026-02-20,BTG
BTG260227C00004000,4.0,1.6,1.2,1.75,2.0,295.0,1.4921900390624998,True,CALL,2026-02-27,BTG
BTG260227C00004500,4.5,1.05,1.05,1.25,7.0,128.0,0.9062509375,True,CALL,2026-02-27,BTG
BTG260227C00005000,5.0,0.81,0.65,0.9,16.0,571.0,0.8281267187499999,True,CALL,2026-02-27,BTG
BTG260227C00005500,5.5,0.44,0.4,0.6,89.0,1300.0,0.8085956640624999,False,CALL,2026-02-27,BTG
BTG260227C00006000,6.0,0.35,0.2,0.35,154.0,813.0,0.7480493945312501,False,CALL,2026-02-27,BTG
BTG260227C00007000,7.0,0.2,0.0,0.75,10.0,12.0,1.3398470507812497,False,CALL,2026-02-27,BTG
BTG260227P00004000,4.0,0.05,0.0,0.75,10.0,576.0,1.7578137109375,False,PUT,2026-02-27,BTG
BTG260227P00004500,4.5,0.17,0.05,0.2,39.0,62.0,0.8085956640624999,False,PUT,2026-02-27,BTG
BTG260227P00005000,5.0,0.26,0.0,1.5,53.0,51.0,1.640626796875,False,PUT,2026-02-27,BTG
BTG260227P00005500,5.5,0.44,0.35,0.55,12.0,73.0,0.7070341796875,True,PUT,2026-02-27,BTG
BTG260227P00006000,6.0,0.78,0.0,1.3,1.0,7.0,0.5039112109375,True,PUT,2026-02-27,BTG
BTG260306C00005000,5.0,0.72,0.6,0.9,8.0,18.0,0.7050810742187501,True,CALL,2026-03-06,BTG
BTG260306C00005500,5.5,0.54,0.4,0.6,35.0,387.0,0.72851833984375,False,CALL,2026-03-06,BTG
BTG260306C00006000,6.0,0.35,0.2,0.4,20.0,799.0,0.710940390625,False,CALL,2026-03-06,BTG
BTG260306P00004000,4.0,0.05,0.0,0.05,262.0,536.0,0.64062859375,False,PUT,2026-03-06,BTG
BTG260306P00005000,5.0,0.33,0.1,0.3,2.0,34.0,0.5976602734375001,False,PUT,2026-03-06,BTG
BTG260320C00004000,4.0,1.79,1.4,2.1,17.0,46.0,1.15234798828125,True,CALL,2026-03-20,BTG
BTG260320C00004500,4.5,1.43,1.1,1.3,2.0,236.0,0.789064609375,True,CALL,2026-03-20,BTG
BTG260320C00005000,5.0,0.85,0.75,1.05,120.0,1592.0,0.8125018749999999,True,CALL,2026-03-20,BTG
BTG260320C00005500,5.5,0.57,0.55,0.65,492.0,2167.0,0.7480493945312501,False,CALL,2026-03-20,BTG
BTG260320P00004000,4.0,0.1,0.05,0.1,2.0,186.0,0.7187528125,False,PUT,2026-03-20,BTG
BTG260320P00004500,4.5,0.19,0.1,0.25,2.0,114.0,0.710940390625,False,PUT,2026-03-20,BTG
BTG260320P00005000,5.0,0.29,0.25,0.3,219.0,394.0,0.6132851171875001,False,PUT,2026-03-20,BTG
BTG260320P00005500,5.5,0.55,0.45,0.65,1242.0,2573.0,0.6601596484375001,True,PUT,2026-03-20,BTG
BTG260417C00004000,4.0,1.52,1.55,1.8,377.0,11996.0,0.804689453125,True,CALL,2026-04-17,BTG
BTG260417C00004500,4.5,1.16,1.25,1.4,80.0,10026.0,0.79883013671875,True,CALL,2026-04-17,BTG
BTG260417C00005000,5.0,0.95,0.9,1.05,280.0,53590.0,0.7324245507812499,True,CALL,2026-04-17,BTG
BTG260417C00005500,5.5,0.7,0.65,0.8,2050.0,18287.0,0.7246121289062499,False,CALL,2026-04-17,BTG
BTG260417P00004000,4.0,0.15,0.1,0.2,2.0,2778.0,0.7304714453125,False,PUT,2026-04-17,BTG
BTG260417P00004500,4.5,0.25,0.2,0.3,23.0,3958.0,0.6757844921875001,False,PUT,2026-04-17,BTG
BTG260417P00005000,5.0,0.45,0.35,0.5,103.0,3117.0,0.65820654296875,False,PUT,2026-04-17,BTG
BTG260417P00005500,5.5,0.65,0.6,0.75,939.0,802.0,0.6543003320312502,True,PUT,2026-04-17,BTG
BTG260515C00004000,4.0,1.8,1.6,1.9,100.0,7174.0,0.79687703125,True,CALL,2026-05-15,BTG
BTG260515C00004500,4.5,1.54,1.3,1.5,243.0,1177.0,0.7675804492187501,True,CALL,2026-05-15,BTG
BTG260515C00005000,5.0,1.2,1.0,1.2,539.0,3264.0,0.7460962890625,True,CALL,2026-05-15,BTG
BTG260515C00005500,5.5,0.84,0.85,0.95,1103.0,13214.0,0.773439765625,False,CALL,2026-05-15,BTG
BTG260515P00004000,4.0,0.14,0.15,0.35,21.0,368.0,0.7695335546875001,False,PUT,2026-05-15,BTG
BTG260515P00004500,4.5,0.35,0.25,0.45,1.0,1197.0,0.6914093359375001,False,PUT,2026-05-15,BTG
BTG260515P00005000,5.0,0.5,0.45,0.65,80.0,850.0,0.6816438085937502,False,PUT,2026-05-15,BTG
BTG260515P00005500,5.5,0.68,0.25,1.0,14.0,94.0,0.5205126074218749,True,PUT,2026-05-15,BTG
BTG260717C00004000,4.0,2.0,0.9,2.4,20.0,721.0,0.5195360546875,True,CALL,2026-07-17,BTG
BTG260717C00004500,4.5,1.56,1.35,1.65,139.0,500.0,0.6914093359375001,True,CALL,2026-07-17,BTG
BTG260717C00005000,5.0,1.2,1.25,1.4,148.0,2096.0,0.7578149218750001,True,CALL,2026-07-17,BTG
BTG260717C00005500,5.5,1.1,1.0,1.15,84.0,7751.0,0.7334011035156249,False,CALL,2026-07-17,BTG
BTG260717P00004000,4.0,0.3,0.25,0.5,4.0,734.0,0.7382838671874999,False,PUT,2026-07-17,BTG
BTG260717P00004500,4.5,0.45,0.4,0.6,7.0,478.0,0.6757844921875001,False,PUT,2026-07-17,BTG
BTG260717P00005000,5.0,0.75,0.6,0.8,1.0,407.0,0.65039412109375,False,PUT,2026-07-17,BTG
BTG260717P00005500,5.5,0.8,0.85,1.05,286.0,348.0,0.6337927246093751,True,PUT,2026-07-17,BTG
BTG260821C00004000,4.0,1.8,1.3,2.5,55.0,151.0,0.710940390625,True,CALL,2026-08-21,BTG
BTG260821C00004500,4.5,1.48,1.3,2.05,5.0,305.0,0.7617211328125001,True,CALL,2026-08-21,BTG
BTG260821C00005000,5.0,1.25,1.25,1.45,32.0,4804.0,0.7070341796875,True,CALL,2026-08-21,BTG
BTG260821C00005500,5.5,1.1,1.0,1.3,82.0,1224.0,0.7148466015625,False,CALL,2026-08-21,BTG
BTG260821P00004000,4.0,0.3,0.25,0.4,20.0,294.0,0.6269568554687501,False,PUT,2026-08-21,BTG
BTG260821P00004500,4.5,0.5,0.5,0.5,103.0,150.0,0.6152382226562501,False,PUT,2026-08-21,BTG
BTG260821P00005000,5.0,0.8,0.65,0.9,17.0,340.0,0.6425816992187501,False,PUT,2026-08-21,BTG
BTG260821P00005500,5.5,1.02,0.85,1.3,66.0,32.0,0.6552768847656252,True,PUT,2026-08-21,BTG
BTG261120C00004000,4.0,2.27,1.9,2.15,3.0,453.0,0.6816438085937502,True,CALL,2026-11-20,BTG
BTG261120C00004500,4.5,1.85,1.7,1.9,11.0,3385.0,0.710940390625,True,CALL,2026-11-20,BTG
BTG261120C00005000,5.0,1.48,1.4,1.75,9.0,1349.0,0.7138700488281251,True,CALL,2026-11-20,BTG
BTG261120C00005500,5.5,1.23,1.15,1.5,40.0,807.0,0.6875031250000001,False,CALL,2026-11-20,BTG
BTG261120P00004000,4.0,0.5,0.4,0.5,10.0,167.0,0.614261669921875,False,PUT,2026-11-20,BTG
BTG261120P00004500,4.5,0.6,0.6,0.85,15.0,70.0,0.6523472265625001,False,PUT,2026-11-20,BTG
BTG261120P00005000,5.0,0.89,0.1,1.2,1.0,13.0,0.7744163183593751,False,PUT,2026-11-20,BTG
BTG261120P00005500,5.5,1.39,0.05,3.1,,11.0,0.8115253222656249,True,PUT,2026-11-20,BTG
BTG270115C00004000,4.0,2.07,2.05,2.25,2909.0,19576.0,0.7060576269531251,True,CALL,2027-01-15,BTG
BTG270115C00004500,4.5,2.0,1.85,2.0,120.0,14550.0,0.7226590234375,True,CALL,2027-01-15,BTG
BTG270115C00005000,5.0,1.7,1.6,1.75,331.0,35944.0,0.7070341796875,True,CALL,2027-01-15,BTG
BTG270115C00005500,5.5,1.43,1.4,1.55,766.0,16761.0,0.7041045214843751,False,CALL,2027-01-15,BTG
BTG270115P00004000,4.0,0.46,0.3,0.7,1.0,875.0,0.596683720703125,False,PUT,2027-01-15,BTG
BTG270115P00004500,4.5,0.7,0.7,0.85,17.0,8590.0,0.6269568554687501,False,PUT,2027-01-15,BTG
BTG270115P00005000,5.0,1.0,0.7,1.2,37.0,2992.0,0.5800823242187501,False,PUT,2027-01-15,BTG
BTG270115P00005500,5.5,1.15,1.1,1.7,24.0,179.0,0.657229990234375,True,PUT,2027-01-15,BTG
BTG280121C00004000,4.0,2.7,2.5,2.7,20.0,2538.0,0.694338994140625,True,CALL,2028-01-21,BTG
BTG280121C00004500,4.5,2.4,2.25,2.65,28.0,3291.0,0.71679970703125,True,CALL,2028-01-21,BTG
BTG280121C00005000,5.0,2.25,2.0,2.35,120.0,6482.0,0.6796907031250001,True,CALL,2028-01-21,BTG
BTG280121C00005500,5.5,2.05,1.95,2.2,60.0,3830.0,0.7041045214843751,False,CALL,2028-01-21,BTG
BTG280121P00004000,4.0,0.8,0.25,1.5,1.0,34.0,0.584965087890625,False,PUT,2028-01-21,BTG
BTG280121P00004500,4.5,1.08,0.85,1.35,10.0,456.0,0.5664105859375,False,PUT,2028-01-21,BTG
BTG280121P00005000,5.0,1.6,0.0,1.8,3.0,47.0,0.72070591796875,False,PUT,2028-01-21,BTG
BTG280121P00005500,5.5,1.4,1.4,2.0,1.0,476.0,0.5629926513671876,True,PUT,2028-01-21,BTG
BULL260130C00005500,5.5,2.04,0.1,3.95,2.0,6.0,4.421879472656249,True,CALL,2026-01-30,BULL
BULL260130C00006000,6.0,1.93,1.07,2.2,1.0,40.0,4.2187547265625,True,CALL,2026-01-30,BULL
BULL260130C00006500,6.5,1.1,0.37,2.94,1.0,3.0,5.9921900097656255,True,CALL,2026-01-30,BULL
BULL260130C00007000,7.0,0.35,0.32,0.41,68.0,355.0,0.8125018749999999,True,CALL,2026-01-30,BULL
BULL260130C00007500,7.5,0.05,0.04,0.05,2410.0,1664.0,0.5390671093750001,False,CALL,2026-01-30,BULL
BULL260130C00008000,8.0,0.01,0.0,0.01,4159.0,14700.0,0.6875031250000001,False,CALL,2026-01-30,BULL
BULL260130C00008500,8.5,0.01,0.0,0.01,863.0,9220.0,1.000005,False,CALL,2026-01-30,BULL
BULL260130C00009000,9.0,0.01,0.0,0.01,48.0,6325.0,1.3125034374999998,False,CALL,2026-01-30,BULL
BULL260130C00009500,9.5,0.01,0.0,0.01,4.0,4937.0,1.625001875,False,CALL,2026-01-30,BULL
BULL260130P00005500,5.5,0.01,0.0,0.75,40.0,70.0,5.562503046874999,False,PUT,2026-01-30,BULL
BULL260130P00006000,6.0,0.05,0.0,0.55,50.0,1589.0,3.86718783203125,False,PUT,2026-01-30,BULL
BULL260130P00006500,6.5,0.01,0.0,0.01,41.0,358.0,0.8125018749999999,False,PUT,2026-01-30,BULL
BULL260130P00007000,7.0,0.02,0.01,0.02,1255.0,2069.0,0.5312546875,False,PUT,2026-01-30,BULL
BULL260130P00007500,7.5,0.21,0.19,0.23,2184.0,8501.0,0.48438015625,True,PUT,2026-01-30,BULL
BULL260130P00008000,8.0,0.69,0.63,0.85,274.0,10568.0,1.125004375,True,PUT,2026-01-30,BULL
BULL260130P00008500,8.5,1.16,1.08,1.26,411.0,1321.0,1.78125109375,True,PUT,2026-01-30,BULL
BULL260130P00009000,9.0,1.62,1.49,1.76,4.0,202.0,2.2187544531249994,True,PUT,2026-01-30,BULL
BULL260130P00009500,9.5,2.01,1.48,2.69,2.0,52.0,5.343753320312499,True,PUT,2026-01-30,BULL
BULL260206C00005500,5.5,2.41,1.57,3.95,1.0,5.0,4.371098286132812,True,CALL,2026-02-06,BULL
BULL260206C00006000,6.0,1.65,1.05,2.61,1.0,12.0,2.5468786328124997,True,CALL,2026-02-06,BULL
BULL260206C00006500,6.5,0.95,0.74,1.53,451.0,6.0,1.5234398828124998,True,CALL,2026-02-06,BULL
BULL260206C00007000,7.0,0.46,0.43,0.58,83.0,214.0,0.7382838671874999,True,CALL,2026-02-06,BULL
BULL260206C00007500,7.5,0.19,0.18,0.19,774.0,281.0,0.585941640625,False,CALL,2026-02-06,BULL
BULL260206C00008000,8.0,0.07,0.07,0.08,1714.0,3724.0,0.632816171875,False,CALL,2026-02-06,BULL
BULL260206C00008500,8.5,0.03,0.03,0.04,640.0,4787.0,0.710940390625,False,CALL,2026-02-06,BULL
BULL260206C00009000,9.0,0.02,0.02,0.03,48.0,2055.0,0.8281267187499999,False,CALL,2026-02-06,BULL
BULL260206C00009500,9.5,0.01,0.01,0.02,12.0,1126.0,0.9062509375,False,CALL,2026-02-06,BULL
BULL260206P00006000,6.0,0.02,0.0,0.75,320.0,345.0,2.1210984472656245,False,PUT,2026-02-06,BULL
BULL260206P00006500,6.5,0.01,0.0,0.38,1.0,121.0,1.140629296875,False,PUT,2026-02-06,BULL
BULL260206P00007000,7.0,0.1,0.1,0.11,6226.0,453.0,0.5039112109375,False,PUT,2026-02-06,BULL
BULL260206P00007500,7.5,0.33,0.33,0.36,6372.0,1389.0,0.507817421875,True,PUT,2026-02-06,BULL
BULL260206P00008000,8.0,0.7,0.69,0.74,100.0,1077.0,0.5312546875,True,PUT,2026-02-06,BULL
BULL260206P00008500,8.5,1.18,1.06,1.24,3.0,431.0,0.7578149218750001,True,PUT,2026-02-06,BULL
BULL260206P00009000,9.0,1.7,1.53,1.88,6.0,86.0,0.70312796875,True,PUT,2026-02-06,BULL
BULL260206P00009500,9.5,2.0,2.0,2.38,1.0,56.0,1.6875015625,True,PUT,2026-02-06,BULL
BULL260213C00006000,6.0,2.13,1.23,3.2,,50.0,2.691409521484375,True,CALL,2026-02-13,BULL
BULL260213C00006500,6.5,1.92,0.81,2.75,,10.0,2.3476603808593746,True,CALL,2026-02-13,BULL
BULL260213C00007000,7.0,0.61,0.53,0.59,24.0,176.0,0.6523472265625001,True,CALL,2026-02-13,BULL
BULL260213C00007500,7.5,0.29,0.28,0.32,107.0,270.0,0.63086306640625,False,CALL,2026-02-13,BULL
BULL260213C00008000,8.0,0.15,0.14,0.17,854.0,1348.0,0.648441015625,False,CALL,2026-02-13,BULL
BULL260213C00008500,8.5,0.08,0.07,0.08,248.0,2259.0,0.6601596484375001,False,CALL,2026-02-13,BULL
BULL260213C00009000,9.0,0.05,0.05,0.06,4169.0,2683.0,0.7500025,False,CALL,2026-02-13,BULL
BULL260213C00009500,9.5,0.04,0.03,0.04,117.0,504.0,0.79687703125,False,CALL,2026-02-13,BULL
BULL260213P00006500,6.5,0.07,0.04,0.3,2.0,253.0,0.8085956640624999,False,PUT,2026-02-13,BULL
BULL260213P00007000,7.0,0.19,0.18,0.22,46.0,950.0,0.5546919531250001,False,PUT,2026-02-13,BULL
BULL260213P00007500,7.5,0.44,0.43,0.47,54.0,553.0,0.5546919531250001,True,PUT,2026-02-13,BULL
BULL260213P00008000,8.0,0.8,0.78,0.92,155.0,844.0,0.648441015625,True,PUT,2026-02-13,BULL
BULL260213P00008500,8.5,1.2,1.0,1.33,1.0,167.0,0.8085956640624999,True,PUT,2026-02-13,BULL
BULL260213P00009000,9.0,1.75,1.53,1.93,2.0,84.0,0.6718782812500002,True,PUT,2026-02-13,BULL
BULL260213P00009500,9.5,2.17,1.95,2.43,12.0,55.0,1.3789093554687497,True,PUT,2026-02-13,BULL
BULL260220C00005500,5.5,2.47,1.76,2.25,1.0,2.0,1.2500037499999999,True,CALL,2026-02-20,BULL
BULL260220C00006000,6.0,1.95,1.3,1.86,,1.0,1.1328168359375002,True,CALL,2026-02-20,BULL
BULL260220C00006500,6.5,0.98,0.95,1.05,112.0,94.0,0.7148466015625,True,CALL,2026-02-20,BULL
BULL260220C00007000,7.0,0.68,0.61,0.65,71.0,327.0,0.64062859375,True,CALL,2026-02-20,BULL
BULL260220C00007500,7.5,0.37,0.36,0.39,632.0,2972.0,0.6269568554687501,False,CALL,2026-02-20,BULL
BULL260220C00008000,8.0,0.2,0.21,0.23,953.0,1957.0,0.64062859375,False,CALL,2026-02-20,BULL
BULL260220C00008500,8.5,0.14,0.12,0.14,81.0,6694.0,0.6640658593750002,False,CALL,2026-02-20,BULL
BULL260220C00009000,9.0,0.08,0.08,0.09,147.0,1272.0,0.7070341796875,False,CALL,2026-02-20,BULL
BULL260220C00009500,9.5,0.07,0.05,0.06,123.0,587.0,0.7421900781249999,False,CALL,2026-02-20,BULL
BULL260220P00006000,6.0,0.04,0.03,0.06,954.0,3.0,0.6015664843750002,False,PUT,2026-02-20,BULL
BULL260220P00006500,6.5,0.11,0.1,0.12,19.0,5994.0,0.5625043750000001,False,PUT,2026-02-20,BULL
BULL260220P00007000,7.0,0.28,0.25,0.29,97.0,826.0,0.5664105859375,False,PUT,2026-02-20,BULL
BULL260220P00007500,7.5,0.52,0.5,0.53,238.0,9118.0,0.5566450585937501,True,PUT,2026-02-20,BULL
BULL260220P00008000,8.0,0.83,0.84,0.89,54.0,236.0,0.56836369140625,True,PUT,2026-02-20,BULL
BULL260220P00008500,8.5,1.24,1.17,1.35,3.0,148.0,0.5351608984375,True,PUT,2026-02-20,BULL
BULL260220P00009000,9.0,1.71,1.6,1.81,410.0,34.0,0.7851583984375,True,PUT,2026-02-20,BULL
BULL260220P00009500,9.5,1.91,1.89,2.31,5.0,19.0,0.914063359375,True,PUT,2026-02-20,BULL
BULL260227C00006500,6.5,1.93,0.88,1.97,1.0,3.0,1.2324257128906249,True,CALL,2026-02-27,BULL
BULL260227C00007000,7.0,0.75,0.68,0.8,15.0,120.0,0.6992217578125001,True,CALL,2026-02-27,BULL
BULL260227C00007500,7.5,0.46,0.45,0.49,618.0,450.0,0.6621127539062501,False,CALL,2026-02-27,BULL
BULL260227C00008000,8.0,0.3,0.27,0.34,684.0,1017.0,0.6718782812500002,False,CALL,2026-02-27,BULL
BULL260227C00008500,8.5,0.18,0.17,0.2,178.0,780.0,0.6679720703125002,False,CALL,2026-02-27,BULL
BULL260227C00009000,9.0,0.14,0.11,0.15,291.0,1386.0,0.7070341796875,False,CALL,2026-02-27,BULL
BULL260227C00009500,9.5,0.09,0.07,0.11,54.0,462.0,0.73437765625,False,CALL,2026-02-27,BULL
BULL260227P00006000,6.0,0.08,0.08,0.15,1.0,506.0,0.70312796875,False,PUT,2026-02-27,BULL
BULL260227P00006500,6.5,0.17,0.17,0.2,3.0,40.0,0.6171913281250001,False,PUT,2026-02-27,BULL
BULL260227P00007000,7.0,0.35,0.33,0.37,50.0,770.0,0.5976602734375001,False,PUT,2026-02-27,BULL
BULL260227P00007500,7.5,0.58,0.58,0.62,14.0,299.0,0.5898478515625001,True,PUT,2026-02-27,BULL
BULL260227P00008000,8.0,0.93,0.9,1.1,1.0,502.0,0.6777375976562501,True,PUT,2026-02-27,BULL
BULL260227P00008500,8.5,1.07,1.31,1.47,5.0,35.0,0.6894562304687502,True,PUT,2026-02-27,BULL
BULL260227P00009000,9.0,1.54,1.58,1.95,4.0,23.0,0.5937540625000001,True,PUT,2026-02-27,BULL
BULL260227P00009500,9.5,1.92,1.66,3.65,2.0,25.0,1.3359408203124996,True,PUT,2026-02-27,BULL
BULL260306C00007000,7.0,0.81,0.75,0.97,2.0,15.0,0.7656273437500001,True,CALL,2026-03-06,BULL
BULL260306C00007500,7.5,0.59,0.5,0.64,58.0,31.0,0.7050810742187501,False,CALL,2026-03-06,BULL
BULL260306C00008000,8.0,0.38,0.33,0.39,29.0,263.0,0.6679720703125002,False,CALL,2026-03-06,BULL
BULL260306C00008500,8.5,0.26,0.26,0.26,1.0,31.0,0.6992217578125001,False,CALL,2026-03-06,BULL
BULL260306C00009000,9.0,0.19,0.15,0.22,32.0,273.0,0.7226590234375,False,CALL,2026-03-06,BULL
BULL260306C00009500,9.5,0.14,0.13,0.15,3.0,44.0,0.75586181640625,False,CALL,2026-03-06,BULL
BULL260306P00007000,7.0,0.4,0.38,0.46,5.0,11.0,0.6191444335937502,False,PUT,2026-03-06,BULL
BULL260306P00007500,7.5,0.55,0.62,0.85,7.0,76.0,0.6757844921875001,True,PUT,2026-03-06,BULL
BULL260306P00008000,8.0,0.72,0.95,1.17,1.0,5.0,0.6777375976562501,True,PUT,2026-03-06,BULL
BULL260306P00008500,8.5,1.15,1.34,1.53,61.0,93.0,0.6796907031250001,True,PUT,2026-03-06,BULL
BULL260306P00009000,9.0,1.69,1.68,1.95,1.0,17.0,0.6289099609375001,True,PUT,2026-03-06,BULL
BULL260306P00009500,9.5,2.07,1.65,3.75,14.0,21.0,1.2578162109375,True,PUT,2026-03-06,BULL
BULL260320C00007500,7.5,0.68,0.68,0.71,973.0,7198.0,0.7148466015625,False,CALL,2026-03-20,BULL
BULL260320P00007500,7.5,0.8,0.79,0.82,285.0,4187.0,0.64062859375,True,PUT,2026-03-20,BULL
BULL260515C00007500,7.5,1.07,1.04,1.1,873.0,3955.0,0.7324245507812499,False,CALL,2026-05-15,BULL
BULL260515P00007500,7.5,1.11,1.09,1.17,178.0,2775.0,0.648441015625,True,PUT,2026-05-15,BULL
BULL260717C00007500,7.5,1.38,1.37,1.41,126.0,2772.0,0.74414318359375,False,CALL,2026-07-17,BULL
BULL260717P00007500,7.5,1.37,1.35,1.43,47.0,4687.0,0.64648791015625,True,PUT,2026-07-17,BULL
BULL260821C00007500,7.5,1.63,1.46,1.69,10.0,526.0,0.76367423828125,False,CALL,2026-08-21,BULL
BULL260821P00007500,7.5,1.54,1.52,1.57,41.0,131.0,0.6611362011718751,True,PUT,2026-08-21,BULL
BULL270115C00007500,7.5,2.16,2.08,2.16,930.0,13407.0,0.782228740234375,False,CALL,2027-01-15,BULL
BULL270115P00007500,7.5,1.96,1.83,2.1,7.0,5848.0,0.6552768847656252,True,PUT,2027-01-15,BULL
BULL280121C00007500,7.5,3.05,2.98,3.1,14514.0,2467.0,0.7929708203125,False,CALL,2028-01-21,BULL
BULL280121P00007500,7.5,2.7,2.63,2.82,1.0,1057.0,0.6547886083984377,True,PUT,2028-01-21,BULL
C260130C00085000,85.0,29.85,27.2,31.15,2.0,3.0,3.6513680590820314,True,CALL,2026-01-30,C
C260130C00090000,90.0,24.44,22.15,26.15,3.0,7.0,3.128908427734375,True,CALL,2026-01-30,C
C260130C00095000,95.0,18.4,17.15,21.1,7.0,12.0,2.594730075683594,True,CALL,2026-01-30,C
C260130C00097000,97.0,17.95,16.3,18.2,1.0,23.0,1.896484892578125,True,CALL,2026-01-30,C
C260130C00098000,98.0,17.01,15.4,17.3,1.0,23.0,0.92187578125,True,CALL,2026-01-30,C
C260130C00099000,99.0,15.98,14.4,16.65,5.0,40.0,1.1953165234375,True,CALL,2026-01-30,C
C260130C00100000,100.0,14.5,13.35,15.5,2.0,37.0,0.992187578125,True,CALL,2026-01-30,C
C260130C00101000,101.0,12.9,12.35,13.8,4.0,52.0,1.2978550732421872,True,CALL,2026-01-30,C
C260130C00102000,102.0,12.72,11.3,12.85,9.0,113.0,1.25390998046875,True,CALL,2026-01-30,C
C260130C00103000,103.0,11.41,10.35,12.7,3.0,95.0,0.9238288867187501,True,CALL,2026-01-30,C
C260130C00104000,104.0,10.47,9.15,11.7,1.0,60.0,0.74414318359375,True,CALL,2026-01-30,C
C260130C00105000,105.0,10.09,8.35,10.0,3.0,46.0,1.0986373193359378,True,CALL,2026-01-30,C
C260130C00106000,106.0,8.13,7.45,9.65,3.0,41.0,0.7382838671874999,True,CALL,2026-01-30,C
C260130C00107000,107.0,7.44,6.4,8.65,5.0,70.0,0.648441015625,True,CALL,2026-01-30,C
C260130C00108000,108.0,6.6,5.45,7.7,1.0,111.0,0.614261669921875,True,CALL,2026-01-30,C
C260130C00109000,109.0,5.21,4.6,5.85,1.0,159.0,0.68555001953125,True,CALL,2026-01-30,C
C260130C00110000,110.0,3.8,3.9,4.5,34.0,356.0,0.41992767578125,True,CALL,2026-01-30,C
C260130C00111000,111.0,5.5,2.95,3.55,1.0,238.0,0.37402969726562496,True,CALL,2026-01-30,C
C260130C00112000,112.0,2.36,2.17,2.61,15.0,108.0,0.32129584960937496,True,CALL,2026-01-30,C
C260130C00113000,113.0,1.62,1.52,1.61,285.0,383.0,0.23194127441406248,True,CALL,2026-01-30,C
C260130C00114000,114.0,0.93,0.88,0.98,902.0,1520.0,0.24024197265624997,True,CALL,2026-01-30,C
C260130C00115000,115.0,0.53,0.49,0.53,924.0,2426.0,0.24414818359375,False,CALL,2026-01-30,C
C260130C00116000,116.0,0.23,0.21,0.26,1529.0,1273.0,0.249030947265625,False,CALL,2026-01-30,C
C260130C00117000,117.0,0.1,0.09,0.12,753.0,2562.0,0.257819921875,False,CALL,2026-01-30,C
C260130C00118000,118.0,0.06,0.04,0.05,382.0,1682.0,0.26367923828125,False,CALL,2026-01-30,C
C260130C00119000,119.0,0.02,0.02,0.03,95.0,1427.0,0.2890696093749999,False,CALL,2026-01-30,C
C260130C00120000,120.0,0.02,0.01,0.02,145.0,1831.0,0.32031929687499994,False,CALL,2026-01-30,C
C260130C00121000,121.0,0.02,0.01,0.03,72.0,741.0,0.38672488281249995,False,CALL,2026-01-30,C
C260130C00122000,122.0,0.01,0.0,0.02,5.0,1035.0,0.4062559375,False,CALL,2026-01-30,C
C260130C00123000,123.0,0.01,0.0,0.02,5.0,346.0,0.45313046875,False,CALL,2026-01-30,C
C260130C00124000,124.0,0.02,0.0,0.07,10.0,240.0,0.5351608984375,False,CALL,2026-01-30,C
C260130C00125000,125.0,0.02,0.0,0.03,2.0,1587.0,0.51562984375,False,CALL,2026-01-30,C
C260130C00126000,126.0,0.02,0.0,0.06,1.0,51.0,0.6093789062500001,False,CALL,2026-01-30,C
C260130C00127000,127.0,0.02,0.0,0.06,22.0,187.0,0.6523472265625001,False,CALL,2026-01-30,C
C260130C00128000,128.0,0.03,0.0,0.07,401.0,407.0,0.7070341796875,False,CALL,2026-01-30,C
C260130C00129000,129.0,0.01,0.0,0.01,20.0,252.0,0.5937540625000001,False,CALL,2026-01-30,C
C260130C00130000,130.0,0.01,0.0,0.02,1.0,135.0,0.6718782812500002,False,CALL,2026-01-30,C
C260130C00131000,131.0,0.13,0.0,0.07,10.0,113.0,0.8281267187499999,False,CALL,2026-01-30,C
C260130C00132000,132.0,0.08,0.0,0.06,2.0,46.0,0.851563984375,False,CALL,2026-01-30,C
C260130C00133000,133.0,0.05,0.0,0.06,2.0,9.0,0.8906260937499999,False,CALL,2026-01-30,C
C260130C00134000,134.0,0.11,0.0,0.07,36.0,267.0,0.945313046875,False,CALL,2026-01-30,C
C260130C00135000,135.0,0.6,0.0,0.07,,8.0,0.98437515625,False,CALL,2026-01-30,C
C260130C00136000,136.0,0.04,0.0,0.06,20.0,1.0,1.000005,False,CALL,2026-01-30,C
C260130C00140000,140.0,0.06,0.0,0.06,,20.0,1.140629296875,False,CALL,2026-01-30,C
C260130C00145000,145.0,0.11,0.0,0.06,,1.0,1.3125034374999998,False,CALL,2026-01-30,C
C260130P00085000,85.0,0.02,0.0,0.02,10.0,221.0,1.46875265625,False,PUT,2026-01-30,C
C260130P00090000,90.0,0.02,0.0,0.02,2.0,80.0,1.203128984375,False,PUT,2026-01-30,C
C260130P00095000,95.0,0.01,0.0,0.02,13.0,102.0,0.9531254687499999,False,PUT,2026-01-30,C
C260130P00097000,97.0,0.02,0.0,0.03,2.0,56.0,0.8906260937499999,False,PUT,2026-01-30,C
C260130P00098000,98.0,0.04,0.0,0.03,1.0,32.0,0.8437515624999999,False,PUT,2026-01-30,C
C260130P00099000,99.0,0.03,0.0,0.1,20.0,36.0,0.9335944140625,False,PUT,2026-01-30,C
C260130P00100000,100.0,0.03,0.0,0.1,2.0,1365.0,0.87500125,False,PUT,2026-01-30,C
C260130P00101000,101.0,0.02,0.0,0.75,1.0,33.0,1.2168007910156249,False,PUT,2026-01-30,C
C260130P00102000,102.0,0.04,0.0,0.54,20.0,61.0,1.0546922265625,False,PUT,2026-01-30,C
C260130P00103000,103.0,0.02,0.0,0.01,2.0,397.0,0.5312546875,False,PUT,2026-01-30,C
C260130P00104000,104.0,0.01,0.0,0.01,25.0,575.0,0.523442265625,False,PUT,2026-01-30,C
C260130P00105000,105.0,0.03,0.01,0.05,1.0,581.0,0.5507857421875001,False,PUT,2026-01-30,C
C260130P00106000,106.0,0.03,0.0,0.04,4.0,385.0,0.5195360546875,False,PUT,2026-01-30,C
C260130P00107000,107.0,0.02,0.01,0.03,4.0,304.0,0.445318046875,False,PUT,2026-01-30,C
C260130P00108000,108.0,0.03,0.02,0.03,25.0,453.0,0.39063109375,False,PUT,2026-01-30,C
C260130P00109000,109.0,0.03,0.04,0.05,75.0,2412.0,0.36914693359375,False,PUT,2026-01-30,C
C260130P00110000,110.0,0.07,0.06,0.08,207.0,4456.0,0.34278000976562495,False,PUT,2026-01-30,C
C260130P00111000,111.0,0.13,0.11,0.15,77.0,4173.0,0.32813171874999997,False,PUT,2026-01-30,C
C260130P00112000,112.0,0.23,0.21,0.25,213.0,1717.0,0.30371790039062496,False,PUT,2026-01-30,C
C260130P00113000,113.0,0.42,0.42,0.49,149.0,1102.0,0.30274134765625,False,PUT,2026-01-30,C
C260130P00114000,114.0,0.8,0.8,0.87,2049.0,3786.0,0.30322962402343745,False,PUT,2026-01-30,C
C260130P00115000,115.0,1.43,1.34,1.43,354.0,1583.0,0.31153032226562494,True,PUT,2026-01-30,C
C260130P00116000,116.0,2.07,2.03,2.28,353.0,370.0,0.37256486816406253,True,PUT,2026-01-30,C
C260130P00117000,117.0,3.1,2.67,3.3,47.0,300.0,0.47412635253906255,True,PUT,2026-01-30,C
C260130P00118000,118.0,3.55,3.65,4.2,21.0,100.0,0.5214891601562499,True,PUT,2026-01-30,C
C260130P00119000,119.0,4.67,4.35,5.95,7.0,261.0,0.579105771484375,True,PUT,2026-01-30,C
C260130P00120000,120.0,5.44,4.85,6.65,13.0,185.0,0.8642591699218749,True,PUT,2026-01-30,C
C260130P00121000,121.0,6.25,5.35,7.7,1.0,22.0,0.965820654296875,True,PUT,2026-01-30,C
C260130P00122000,122.0,6.91,6.4,8.75,5.0,0.0,1.0644578027343752,True,PUT,2026-01-30,C
C260130P00123000,123.0,9.38,7.35,9.65,1.0,0.0,1.0996138769531252,True,PUT,2026-01-30,C
C260130P00124000,124.0,9.55,8.35,10.75,1.0,0.0,1.2158242333984375,True,PUT,2026-01-30,C
C260130P00125000,125.0,10.3,10.25,12.0,5.0,2.0,0.973633076171875,True,PUT,2026-01-30,C
C260130P00126000,126.0,11.75,10.25,13.3,1.0,0.0,0.73437765625,True,PUT,2026-01-30,C
C260130P00128000,128.0,13.25,12.3,15.6,4.0,0.0,1.0205127099609377,True,PUT,2026-01-30,C
C260130P00129000,129.0,12.74,12.9,16.85,1.0,0.0,1.001958115234375,True,PUT,2026-01-30,C
C260130P00130000,130.0,9.56,13.9,17.85,2.0,0.0,1.05078599609375,True,PUT,2026-01-30,C
C260130P00131000,131.0,14.16,14.95,18.85,,0.0,1.126957490234375,True,PUT,2026-01-30,C
C260130P00132000,132.0,9.3,15.9,19.85,,0.0,1.1484417578125,True,PUT,2026-01-30,C
C260130P00133000,133.0,16.07,16.9,20.85,,0.0,1.1953165234375,True,PUT,2026-01-30,C
C260130P00134000,134.0,17.02,17.9,21.85,1.0,0.0,1.2421912890624998,True,PUT,2026-01-30,C
C260130P00140000,140.0,23.0,23.9,27.85,,0.0,1.509768076171875,True,PUT,2026-01-30,C
C260206C00085000,85.0,29.0,27.2,31.15,2.0,5.0,1.7211928002929686,True,CALL,2026-02-06,C
C260206C00090000,90.0,24.01,22.15,26.15,,1.0,1.474612001953125,True,CALL,2026-02-06,C
C260206C00095000,95.0,23.02,17.2,21.1,,2.0,1.2231484155273438,True,CALL,2026-02-06,C
C260206C00098000,98.0,17.66,14.6,17.55,,22.0,0.9492192578124999,True,CALL,2026-02-06,C
C260206C00100000,100.0,14.46,12.95,15.75,2.0,29.0,0.9096688720703124,True,CALL,2026-02-06,C
C260206C00102000,102.0,12.44,11.35,13.6,1.0,13.0,0.7861349511718749,True,CALL,2026-02-06,C
C260206C00103000,103.0,11.12,10.35,11.8,4.0,5.0,0.5380905566406251,True,CALL,2026-02-06,C
C260206C00104000,104.0,10.0,9.85,10.4,21.0,125.0,0.33301448242187504,True,CALL,2026-02-06,C
C260206C00105000,105.0,8.55,8.75,9.45,45.0,57.0,0.335944140625,True,CALL,2026-02-06,C
C260206C00107000,107.0,7.64,6.8,7.5,1.0,11.0,0.2963937548828125,True,CALL,2026-02-06,C
C260206C00108000,108.0,6.0,5.9,6.55,10.0,3.0,0.28125718749999995,True,CALL,2026-02-06,C
C260206C00109000,109.0,5.29,5.0,5.65,1.0,42.0,0.27539787109374997,True,CALL,2026-02-06,C
C260206C00110000,110.0,4.76,4.25,4.8,1.0,14.0,0.27197993652343744,True,CALL,2026-02-06,C
C260206C00111000,111.0,3.44,3.65,4.0,2.0,36.0,0.26856200195312496,True,CALL,2026-02-06,C
C260206C00112000,112.0,3.06,2.95,3.15,40.0,181.0,0.247077841796875,True,CALL,2026-02-06,C
C260206C00113000,113.0,2.75,2.35,2.57,207.0,314.0,0.257819921875,True,CALL,2026-02-06,C
C260206C00114000,114.0,2.2,1.81,1.99,38.0,200.0,0.2553785400390626,True,CALL,2026-02-06,C
C260206C00115000,115.0,1.41,1.37,1.45,137.0,543.0,0.24634542724609376,False,CALL,2026-02-06,C
C260206C00116000,116.0,1.09,1.04,1.1,76.0,628.0,0.25196060546875,False,CALL,2026-02-06,C
C260206C00117000,117.0,0.77,0.73,0.8,131.0,857.0,0.2536695727539063,False,CALL,2026-02-06,C
C260206C00118000,118.0,0.55,0.51,0.57,163.0,1062.0,0.2553785400390626,False,CALL,2026-02-06,C
C260206C00119000,119.0,0.38,0.33,0.44,22.0,642.0,0.266608896484375,False,CALL,2026-02-06,C
C260206C00120000,120.0,0.28,0.21,0.31,210.0,326.0,0.2695385546875,False,CALL,2026-02-06,C
C260206C00121000,121.0,0.2,0.15,0.21,66.0,407.0,0.270515107421875,False,CALL,2026-02-06,C
C260206C00122000,122.0,0.11,0.1,0.16,15.0,820.0,0.2802806347656249,False,CALL,2026-02-06,C
C260206C00123000,123.0,0.1,0.06,0.1,2.0,244.0,0.27735097656249996,False,CALL,2026-02-06,C
C260206C00124000,124.0,0.07,0.03,0.08,52.0,107.0,0.29004616210937495,False,CALL,2026-02-06,C
C260206C00125000,125.0,0.03,0.03,0.05,2.0,588.0,0.2890696093749999,False,CALL,2026-02-06,C
C260206C00126000,126.0,0.02,0.0,0.09,22.0,56.0,0.34180345703125,False,CALL,2026-02-06,C
C260206C00127000,127.0,0.1,0.0,0.11,3.0,68.0,0.3789124609375,False,CALL,2026-02-06,C
C260206C00128000,128.0,0.06,0.0,0.06,1.0,98.0,0.36133451171875,False,CALL,2026-02-06,C
C260206C00129000,129.0,0.02,0.0,0.25,10.0,1142.0,0.4975636181640626,False,CALL,2026-02-06,C
C260206C00130000,130.0,0.08,0.0,0.11,2.0,31.0,0.445318046875,False,CALL,2026-02-06,C
C260206C00131000,131.0,0.08,0.0,0.25,2.0,2.0,0.5459029785156251,False,CALL,2026-02-06,C
C260206C00132000,132.0,0.01,0.0,0.26,10.0,82.0,0.5019581054687501,False,CALL,2026-02-06,C
C260206C00133000,133.0,0.05,0.0,0.24,1.0,4.0,0.51562984375,False,CALL,2026-02-06,C
C260206C00134000,134.0,0.1,0.0,0.77,7.0,21.0,0.6748079394531252,False,CALL,2026-02-06,C
C260206C00135000,135.0,0.09,0.0,0.24,5.0,80.0,0.5566450585937501,False,CALL,2026-02-06,C
C260206C00140000,140.0,0.04,0.0,0.24,4.0,4.0,0.6562534375000001,False,CALL,2026-02-06,C
C260206P00085000,85.0,0.13,0.0,0.81,1.0,14.0,1.1689494677734376,False,PUT,2026-02-06,C
C260206P00090000,90.0,0.02,0.01,0.02,31.0,298.0,0.5937540625000001,False,PUT,2026-02-06,C
C260206P00095000,95.0,0.02,0.01,0.04,28.0,123.0,0.500005,False,PUT,2026-02-06,C
C260206P00098000,98.0,0.13,0.0,0.59,401.0,407.0,0.6425816992187501,False,PUT,2026-02-06,C
C260206P00100000,100.0,0.07,0.05,0.07,45.0,194.0,0.43555251953125,False,PUT,2026-02-06,C
C260206P00101000,101.0,0.08,0.06,0.1,18.0,28.0,0.4335994140625,False,PUT,2026-02-06,C
C260206P00102000,102.0,0.18,0.08,0.13,275.0,279.0,0.42578699218750005,False,PUT,2026-02-06,C
C260206P00103000,103.0,0.11,0.1,0.16,5.0,75.0,0.41309180664062495,False,PUT,2026-02-06,C
C260206P00104000,104.0,0.15,0.13,0.2,17.0,48.0,0.401373173828125,False,PUT,2026-02-06,C
C260206P00105000,105.0,0.2,0.17,0.24,46.0,270.0,0.3852600537109374,False,PUT,2026-02-06,C
C260206P00106000,106.0,0.28,0.25,0.28,46.0,212.0,0.366217275390625,False,PUT,2026-02-06,C
C260206P00107000,107.0,0.38,0.31,0.41,49.0,100.0,0.3706117626953125,False,PUT,2026-02-06,C
C260206P00108000,108.0,0.52,0.42,0.52,43.0,377.0,0.36084623535156246,False,PUT,2026-02-06,C
C260206P00109000,109.0,0.64,0.56,0.67,57.0,219.0,0.35352208984374994,False,PUT,2026-02-06,C
C260206P00110000,110.0,0.88,0.74,0.89,77.0,422.0,0.35205726074218746,False,PUT,2026-02-06,C
C260206P00111000,111.0,1.05,1.08,1.16,157.0,248.0,0.3505924316406249,False,PUT,2026-02-06,C
C260206P00112000,112.0,1.37,1.33,1.5,35.0,211.0,0.3513248461914062,False,PUT,2026-02-06,C
C260206P00113000,113.0,1.68,1.78,1.91,25.0,849.0,0.3532779516601562,False,PUT,2026-02-06,C
C260206P00114000,114.0,2.34,2.24,2.39,268.0,627.0,0.3562076098632812,False,PUT,2026-02-06,C
C260206P00115000,115.0,2.82,2.82,2.89,98.0,184.0,0.3530338134765625,True,PUT,2026-02-06,C
C260206P00116000,116.0,3.24,3.3,3.55,62.0,113.0,0.3640200317382813,True,PUT,2026-02-06,C
C260206P00117000,117.0,4.15,4.05,4.3,6.0,159.0,0.3803772900390625,True,PUT,2026-02-06,C
C260206P00118000,118.0,4.65,4.7,5.3,10.0,217.0,0.42896078857421877,True,PUT,2026-02-06,C
C260206P00119000,119.0,5.61,5.5,6.2,6.0,45.0,0.45898978515625005,True,PUT,2026-02-06,C
C260206P00120000,120.0,7.07,6.4,7.05,14.0,100.0,0.47730014892578126,True,PUT,2026-02-06,C
C260206P00121000,121.0,7.1,7.3,8.05,18.0,113.0,0.5180712255859375,True,PUT,2026-02-06,C
C260206P00122000,122.0,7.62,8.25,8.95,5.0,11.0,0.5390671093750001,True,PUT,2026-02-06,C
C260206P00123000,123.0,9.16,8.45,10.3,2.0,14.0,0.639652041015625,True,PUT,2026-02-06,C
C260206P00124000,124.0,9.52,9.05,11.25,1.0,15.0,0.6684603466796877,True,PUT,2026-02-06,C
C260206P00125000,125.0,7.62,9.95,12.5,2.0,358.0,0.7504907763671875,True,PUT,2026-02-06,C
C260206P00126000,126.0,11.5,11.0,13.5,1.0,0.0,0.5229539892578124,True,PUT,2026-02-06,C
C260206P00127000,127.0,8.15,11.95,14.2,,3.0,0.500005,True,PUT,2026-02-06,C
C260206P00128000,128.0,15.55,12.9,15.5,1.0,1.0,0.5664105859375,True,PUT,2026-02-06,C
C260206P00129000,129.0,16.63,14.0,16.3,1.0,0.0,0.57812921875,True,PUT,2026-02-06,C
C260206P00130000,130.0,16.15,14.9,17.3,2.0,32.0,0.58789474609375,True,PUT,2026-02-06,C
C260206P00133000,133.0,19.32,17.9,20.25,1.0,0.0,0.6543003320312502,True,PUT,2026-02-06,C
C260206P00134000,134.0,17.35,18.95,21.25,2.0,1.0,0.6884796777343751,True,PUT,2026-02-06,C
C260206P00135000,135.0,18.3,19.95,22.5,2.0,6.0,0.7578149218750001,True,PUT,2026-02-06,C
C260213C00100000,100.0,14.39,13.3,15.65,20.0,0.0,0.6660189648437502,True,CALL,2026-02-13,C
C260213C00104000,104.0,11.3,9.8,10.5,1.0,23.0,0.29688203124999996,True,CALL,2026-02-13,C
C260213C00105000,105.0,9.2,8.85,9.6,1.0,17.0,0.30274134765625,True,CALL,2026-02-13,C
C260213C00109000,109.0,6.4,5.6,6.15,11.0,48.0,0.29004616210937495,True,CALL,2026-02-13,C
C260213C00110000,110.0,5.21,4.9,5.4,3.0,23.0,0.2902903002929687,True,CALL,2026-02-13,C
C260213C00111000,111.0,4.28,4.25,4.65,1.0,31.0,0.28443098388671867,True,CALL,2026-02-13,C
C260213C00112000,112.0,3.8,3.7,3.9,6.0,70.0,0.2732006274414062,True,CALL,2026-02-13,C
C260213C00113000,113.0,3.35,3.15,3.35,44.0,249.0,0.27857166748046874,True,CALL,2026-02-13,C
C260213C00114000,114.0,2.66,2.61,2.78,66.0,86.0,0.2749095947265625,True,CALL,2026-02-13,C
C260213C00115000,115.0,2.15,2.16,2.31,39.0,385.0,0.2757640783691406,False,CALL,2026-02-13,C
C260213C00116000,116.0,1.96,1.76,1.9,10.0,270.0,0.2766185620117187,False,CALL,2026-02-13,C
C260213C00117000,117.0,1.33,1.4,1.55,6.0,181.0,0.2778392529296875,False,CALL,2026-02-13,C
C260213C00118000,118.0,1.19,1.09,1.25,11.0,224.0,0.2788158056640625,False,CALL,2026-02-13,C
C260213C00119000,119.0,1.06,0.85,0.98,5.0,347.0,0.27735097656249996,False,CALL,2026-02-13,C
C260213C00120000,120.0,0.72,0.66,0.75,20.0,258.0,0.2749095947265625,False,CALL,2026-02-13,C
C260213C00121000,121.0,0.44,0.49,0.61,5.0,121.0,0.2802806347656249,False,CALL,2026-02-13,C
C260213C00122000,122.0,0.52,0.36,0.5,1.0,178.0,0.2866282275390625,False,CALL,2026-02-13,C
C260213C00123000,123.0,0.33,0.28,0.39,1.0,131.0,0.2880930566406249,False,CALL,2026-02-13,C
C260213C00124000,124.0,0.24,0.21,0.31,1.0,33.0,0.2919992675781249,False,CALL,2026-02-13,C
C260213C00125000,125.0,0.26,0.16,0.22,1.0,45.0,0.2880930566406249,False,CALL,2026-02-13,C
C260213C00126000,126.0,0.15,0.09,0.2,14.0,55.0,0.3007882421875,False,CALL,2026-02-13,C
C260213C00127000,127.0,0.12,0.06,0.16,1.0,7.0,0.3051827294921875,False,CALL,2026-02-13,C
C260213C00128000,128.0,0.1,0.03,0.14,1.0,56.0,0.31445998046874996,False,CALL,2026-02-13,C
C260213C00129000,129.0,0.07,0.05,0.12,1.0,22.0,0.32227240234374993,False,CALL,2026-02-13,C
C260213C00130000,130.0,0.07,0.01,0.12,1.0,190.0,0.33887379882812496,False,CALL,2026-02-13,C
C260213C00131000,131.0,0.02,0.01,0.13,3.0,1079.0,0.36035795898437495,False,CALL,2026-02-13,C
C260213C00132000,132.0,0.1,0.0,0.34,1.0,2.0,0.45654840332031255,False,CALL,2026-02-13,C
C260213C00133000,133.0,0.13,0.0,0.76,,1.0,0.5795940478515625,False,CALL,2026-02-13,C
C260213C00134000,134.0,0.19,0.0,0.62,2.0,40.0,0.56836369140625,False,CALL,2026-02-13,C
C260213C00135000,135.0,0.3,0.0,0.56,,5.0,0.5722699023437501,False,CALL,2026-02-13,C
C260213C00136000,136.0,0.11,0.0,0.6,,80.0,0.5136767382812499,False,CALL,2026-02-13,C
C260213C00140000,140.0,0.12,0.0,0.78,80.0,64.0,0.6113320117187502,False,CALL,2026-02-13,C
C260213C00145000,145.0,0.08,0.0,0.76,30.0,70.0,0.6875031250000001,False,CALL,2026-02-13,C
C260213P00090000,90.0,0.05,0.02,0.15,130.0,166.0,0.5546919531250001,False,PUT,2026-02-13,C
C260213P00095000,95.0,0.09,0.03,0.14,26.0,551.0,0.48340360351562506,False,PUT,2026-02-13,C
C260213P00099000,99.0,0.28,0.11,0.19,15.0,21.0,0.41602146484374997,False,PUT,2026-02-13,C
C260213P00100000,100.0,0.19,0.15,0.21,1.0,190.0,0.40039662109375,False,PUT,2026-02-13,C
C260213P00101000,101.0,0.3,0.17,0.26,2.0,14.0,0.39453730468750003,False,PUT,2026-02-13,C
C260213P00102000,102.0,0.27,0.22,0.28,5.0,11.0,0.375982802734375,False,PUT,2026-02-13,C
C260213P00103000,103.0,0.34,0.27,0.38,21.0,49.0,0.3789124609375,False,PUT,2026-02-13,C
C260213P00104000,104.0,0.4,0.35,0.46,35.0,86.0,0.3711000390625,False,PUT,2026-02-13,C
C260213P00105000,105.0,0.34,0.43,0.57,4.0,93.0,0.3667055517578125,False,PUT,2026-02-13,C
C260213P00106000,106.0,0.57,0.53,0.65,1.0,51.0,0.3530338134765625,False,PUT,2026-02-13,C
C260213P00107000,107.0,0.72,0.7,0.78,47.0,115.0,0.34497725341796875,False,PUT,2026-02-13,C
C260213P00108000,108.0,0.94,0.87,0.95,11.0,147.0,0.3393620751953125,False,PUT,2026-02-13,C
C260213P00109000,109.0,1.03,1.07,1.18,11.0,128.0,0.33765310791015624,False,PUT,2026-02-13,C
C260213P00110000,110.0,1.36,1.36,1.43,434.0,470.0,0.33350275878906255,False,PUT,2026-02-13,C
C260213P00111000,111.0,2.01,1.63,1.77,57.0,118.0,0.33521172607421873,False,PUT,2026-02-13,C
C260213P00112000,112.0,2.02,1.99,2.12,7.0,128.0,0.3324041369628906,False,PUT,2026-02-13,C
C260213P00113000,113.0,2.57,2.38,2.55,16.0,164.0,0.3332586206054688,False,PUT,2026-02-13,C
C260213P00114000,114.0,3.02,2.86,3.05,47.0,394.0,0.335944140625,False,PUT,2026-02-13,C
C260213P00115000,115.0,3.55,3.35,3.6,19.0,212.0,0.33875172973632806,True,PUT,2026-02-13,C
C260213P00116000,116.0,4.05,3.95,4.2,73.0,98.0,0.34180345703125,True,PUT,2026-02-13,C
C260213P00117000,117.0,4.85,4.55,5.0,136.0,115.0,0.36157864990234373,True,PUT,2026-02-13,C
C260213P00118000,118.0,5.15,5.25,5.7,6.0,108.0,0.36646141357421874,True,PUT,2026-02-13,C
C260213P00120000,120.0,5.72,6.75,7.5,1.0,57.0,0.41235939208984373,True,PUT,2026-02-13,C
C260213P00121000,121.0,6.45,7.6,8.35,1.0,7.0,0.42578699218750005,True,PUT,2026-02-13,C
C260213P00122000,122.0,8.17,8.45,9.25,1.0,7.0,0.44312080322265623,True,PUT,2026-02-13,C
C260213P00123000,123.0,9.57,9.35,10.15,4.0,4.0,0.4587456469726563,True,PUT,2026-02-13,C
C260213P00124000,124.0,9.68,10.1,11.1,3.0,6.0,0.4797415307617187,True,PUT,2026-02-13,C
C260213P00125000,125.0,10.83,11.05,12.05,3.0,15.0,0.49927258544921876,True,PUT,2026-02-13,C
C260213P00126000,126.0,11.95,12.2,13.0,2.0,2.0,0.5178270874023438,True,PUT,2026-02-13,C
C260213P00127000,127.0,10.75,12.35,14.3,,10.0,0.5874064697265625,True,PUT,2026-02-13,C
C260213P00128000,128.0,14.81,12.95,15.25,1.0,1.0,0.6054726953125001,True,PUT,2026-02-13,C
C260213P00130000,130.0,9.5,15.0,17.3,,10.0,0.6621127539062501,True,PUT,2026-02-13,C
C260213P00134000,134.0,21.68,18.9,21.3,1.0,1.0,0.5136767382812499,True,PUT,2026-02-13,C
C260220C00085000,85.0,39.0,27.2,31.15,2.0,33.0,1.0781296093750001,True,CALL,2026-02-20,C
C260220C00090000,90.0,24.55,23.0,25.05,3.0,103.0,0.7070341796875,True,CALL,2026-02-20,C
C260220C00095000,95.0,19.49,18.35,20.65,2.0,58.0,0.6940948559570312,True,CALL,2026-02-20,C
C260220C00100000,100.0,15.0,13.75,14.5,20.0,395.0,0.3266668896484375,True,CALL,2026-02-20,C
C260220C00105000,105.0,9.56,9.15,9.8,6.0,156.0,0.2919992675781249,True,CALL,2026-02-20,C
C260220C00106000,106.0,8.7,8.3,9.0,2.0,3.0,0.3002999658203125,True,CALL,2026-02-20,C
C260220C00108000,108.0,7.5,6.7,7.3,1.0,13.0,0.28784891845703114,True,CALL,2026-02-20,C
C260220C00109000,109.0,5.89,6.2,6.55,2.0,5.0,0.28833719482421866,True,CALL,2026-02-20,C
C260220C00110000,110.0,5.7,5.45,5.65,57.0,1227.0,0.2688061401367187,True,CALL,2026-02-20,C
C260220C00111000,111.0,6.32,4.8,5.15,1.0,126.0,0.28613995117187496,True,CALL,2026-02-20,C
C260220C00112000,112.0,4.0,4.15,4.4,5.0,177.0,0.274421318359375,True,CALL,2026-02-20,C
C260220C00113000,113.0,3.9,3.6,3.8,13.0,395.0,0.27246821289062495,True,CALL,2026-02-20,C
C260220C00114000,114.0,3.3,3.1,3.35,17.0,264.0,0.27930408203124996,True,CALL,2026-02-20,C
C260220C00115000,115.0,2.69,2.65,2.85,138.0,3603.0,0.27722890747070306,False,CALL,2026-02-20,C
C260220C00116000,116.0,2.26,2.16,2.45,30.0,204.0,0.27967028930664056,False,CALL,2026-02-20,C
C260220C00117000,117.0,2.09,1.8,2.0,8.0,398.0,0.2732006274414062,False,CALL,2026-02-20,C
C260220C00118000,118.0,1.6,1.45,1.56,19.0,102.0,0.2629468237304688,False,CALL,2026-02-20,C
C260220C00119000,119.0,1.56,1.18,1.43,26.0,64.0,0.278327529296875,False,CALL,2026-02-20,C
C260220C00120000,120.0,1.07,1.01,1.14,77.0,14951.0,0.27417718017578124,False,CALL,2026-02-20,C
C260220C00121000,121.0,1.0,0.76,0.95,2.0,53.0,0.27686270019531245,False,CALL,2026-02-20,C
C260220C00122000,122.0,0.72,0.58,0.77,33.0,501.0,0.27686270019531245,False,CALL,2026-02-20,C
C260220C00123000,123.0,0.62,0.5,0.64,7.0,62.0,0.28003649658203117,False,CALL,2026-02-20,C
C260220C00124000,124.0,0.49,0.39,0.53,6.0,130.0,0.2829661547851562,False,CALL,2026-02-20,C
C260220C00125000,125.0,0.35,0.32,0.39,355.0,6915.0,0.27686270019531245,False,CALL,2026-02-20,C
C260220C00126000,126.0,0.31,0.24,0.36,10.0,14.0,0.2885813330078124,False,CALL,2026-02-20,C
C260220C00127000,127.0,0.2,0.19,0.31,3.0,22.0,0.29444064941406245,False,CALL,2026-02-20,C
C260220C00128000,128.0,0.2,0.14,0.24,42.0,68.0,0.2934640966796874,False,CALL,2026-02-20,C
C260220C00129000,129.0,0.18,0.1,0.21,31.0,34.0,0.299811689453125,False,CALL,2026-02-20,C
C260220C00130000,130.0,0.12,0.1,0.15,40.0,12613.0,0.29492892578124996,False,CALL,2026-02-20,C
C260220C00135000,135.0,0.06,0.02,0.09,2.0,2891.0,0.33301448242187504,False,CALL,2026-02-20,C
C260220C00140000,140.0,0.03,0.0,0.05,18.0,1105.0,0.36133451171875,False,CALL,2026-02-20,C
C260220C00145000,145.0,0.02,0.0,0.1,1.0,164.0,0.45508357421875,False,CALL,2026-02-20,C
C260220P00085000,85.0,0.03,0.03,0.05,1.0,214.0,0.5039112109375,False,PUT,2026-02-20,C
C260220P00090000,90.0,0.08,0.07,0.08,17.0,825.0,0.45898978515625005,False,PUT,2026-02-20,C
C260220P00095000,95.0,0.15,0.12,0.16,4.0,656.0,0.41309180664062495,False,PUT,2026-02-20,C
C260220P00100000,100.0,0.29,0.25,0.33,135.0,9126.0,0.36914693359375,False,PUT,2026-02-20,C
C260220P00105000,105.0,0.72,0.67,0.78,1424.0,29283.0,0.3391179370117187,False,PUT,2026-02-20,C
C260220P00106000,106.0,0.74,0.81,1.0,6.0,272.0,0.34400070068359373,False,PUT,2026-02-20,C
C260220P00107000,107.0,1.08,0.97,1.2,228.0,554.0,0.34180345703125,False,PUT,2026-02-20,C
C260220P00108000,108.0,1.32,1.19,1.41,1.0,749.0,0.3371648315429688,False,PUT,2026-02-20,C
C260220P00109000,109.0,1.5,1.47,1.58,309.0,26928.0,0.32520206054687495,False,PUT,2026-02-20,C
C260220P00110000,110.0,1.8,1.73,1.84,121.0,5815.0,0.3198310205078124,False,PUT,2026-02-20,C
C260220P00111000,111.0,2.29,2.05,2.29,2.0,808.0,0.32923034057617184,False,PUT,2026-02-20,C
C260220P00112000,112.0,2.55,2.35,2.69,39.0,1111.0,0.32947447875976554,False,PUT,2026-02-20,C
C260220P00113000,113.0,2.94,2.8,3.15,84.0,4167.0,0.33130551513671874,False,PUT,2026-02-20,C
C260220P00114000,114.0,3.35,3.3,3.5,1225.0,533.0,0.31958688232421867,False,PUT,2026-02-20,C
C260220P00115000,115.0,3.85,3.75,4.05,82.0,5192.0,0.3219061950683593,True,PUT,2026-02-20,C
C260220P00116000,116.0,4.53,4.3,4.8,29.0,292.0,0.33814138427734375,True,PUT,2026-02-20,C
C260220P00117000,117.0,5.53,4.9,5.2,112.0,952.0,0.31958688232421867,True,PUT,2026-02-20,C
C260220P00118000,118.0,6.1,5.6,6.2,11.0,209.0,0.35205726074218746,True,PUT,2026-02-20,C
C260220P00119000,119.0,6.47,6.35,6.85,3.0,7.0,0.3498600170898437,True,PUT,2026-02-20,C
C260220P00120000,120.0,7.5,7.05,7.7,9.0,2388.0,0.36377589355468753,True,PUT,2026-02-20,C
C260220P00122000,122.0,8.33,8.7,9.45,2.0,17.0,0.39111937011718745,True,PUT,2026-02-20,C
C260220P00124000,124.0,10.45,10.45,11.25,25.0,13.0,0.4172421557617187,True,PUT,2026-02-20,C
C260220P00125000,125.0,10.65,11.35,12.15,9.0,1020.0,0.42847251220703125,True,PUT,2026-02-20,C
C260220P00128000,128.0,13.61,14.2,15.05,1.0,0.0,0.47998566894531247,True,PUT,2026-02-20,C
C260220P00129000,129.0,14.6,15.2,16.0,1.0,1.0,0.4936574072265626,True,PUT,2026-02-20,C
C260220P00130000,130.0,16.98,15.0,17.35,4.0,90.0,0.5585981640625001,True,PUT,2026-02-20,C
C260220P00135000,135.0,23.9,19.9,22.2,,0.0,0.6345251391601563,True,PUT,2026-02-20,C
C260220P00140000,140.0,23.3,24.9,27.25,10.0,10.0,0.508793974609375,True,PUT,2026-02-20,C
C260227C00085000,85.0,32.48,27.2,31.15,,1.0,0.9426275268554687,True,CALL,2026-02-27,C
C260227C00090000,90.0,26.3,22.1,26.1,,4.0,0.8002949658203125,True,CALL,2026-02-27,C
C260227C00098000,98.0,18.13,15.7,16.55,,11.0,0.33350275878906255,True,CALL,2026-02-27,C
C260227C00100000,100.0,14.95,13.85,14.6,2.0,7.0,0.3110420458984374,True,CALL,2026-02-27,C
C260227C00105000,105.0,10.1,9.4,10.1,11.0,22.0,0.2971261694335937,True,CALL,2026-02-27,C
C260227C00106000,106.0,10.35,8.6,9.3,,4.0,0.29883513671874995,True,CALL,2026-02-27,C
C260227C00108000,108.0,8.17,7.35,7.75,11.0,13.0,0.2973703076171874,True,CALL,2026-02-27,C
C260227C00109000,109.0,11.0,6.65,7.0,,15.0,0.2941965112304687,True,CALL,2026-02-27,C
C260227C00110000,110.0,6.72,5.95,6.3,4.0,27.0,0.2924875439453124,True,CALL,2026-02-27,C
C260227C00112000,112.0,5.02,4.7,5.05,27.0,35.0,0.291877198486328,True,CALL,2026-02-27,C
C260227C00113000,113.0,4.4,4.15,4.45,1.0,26.0,0.28882547119140617,True,CALL,2026-02-27,C
C260227C00114000,114.0,3.86,3.6,3.9,42.0,48.0,0.2863840893554687,True,CALL,2026-02-27,C
C260227C00115000,115.0,3.12,3.15,3.4,4.0,130.0,0.28443098388671867,False,CALL,2026-02-27,C
C260227C00116000,116.0,2.45,2.74,2.91,3.0,507.0,0.280158565673828,False,CALL,2026-02-27,C
C260227C00117000,117.0,2.53,2.35,2.51,108.0,91.0,0.2795482202148437,False,CALL,2026-02-27,C
C260227C00118000,118.0,1.86,2.0,2.14,25.0,111.0,0.2779613220214844,False,CALL,2026-02-27,C
C260227C00119000,119.0,1.82,1.67,1.81,5.0,36.0,0.27637442382812494,False,CALL,2026-02-27,C
C260227C00120000,120.0,1.49,1.39,1.52,6.0,297.0,0.27503166381835936,False,CALL,2026-02-27,C
C260227C00121000,121.0,1.26,1.16,1.28,2.0,92.0,0.27503166381835936,False,CALL,2026-02-27,C
C260227C00122000,122.0,1.03,0.96,1.07,4.0,86.0,0.2749095947265625,False,CALL,2026-02-27,C
C260227C00123000,123.0,0.9,0.79,0.89,7.0,136.0,0.2749095947265625,False,CALL,2026-02-27,C
C260227C00124000,124.0,0.65,0.61,0.88,17.0,739.0,0.29224340576171864,False,CALL,2026-02-27,C
C260227C00125000,125.0,0.61,0.5,0.7,5.0,91.0,0.28784891845703114,False,CALL,2026-02-27,C
C260227C00126000,126.0,0.5,0.4,0.63,20.0,49.0,0.29492892578124996,False,CALL,2026-02-27,C
C260227C00127000,127.0,0.4,0.26,0.54,1.0,21.0,0.2978585839843749,False,CALL,2026-02-27,C
C260227C00128000,128.0,0.33,0.2,0.47,1.0,41.0,0.301764794921875,False,CALL,2026-02-27,C
C260227C00129000,129.0,0.25,0.14,0.4,10.0,128.0,0.3042061767578125,False,CALL,2026-02-27,C
C260227C00130000,130.0,0.21,0.09,0.35,3.0,182.0,0.30811238769531246,False,CALL,2026-02-27,C
C260227C00131000,131.0,0.21,0.05,0.3,3.0,4.0,0.3110420458984374,False,CALL,2026-02-27,C
C260227C00132000,132.0,0.17,0.04,0.27,3.0,16.0,0.31690136230468746,False,CALL,2026-02-27,C
C260227C00135000,135.0,0.17,0.01,0.19,2.0,6.0,0.331061376953125,False,CALL,2026-02-27,C
C260227C00140000,140.0,0.12,0.0,0.51,,15.0,0.4731497998046875,False,CALL,2026-02-27,C
C260227P00085000,85.0,0.1,0.0,0.95,,1.0,0.6621127539062501,False,PUT,2026-02-27,C
C260227P00090000,90.0,0.12,0.02,0.22,1.0,15.0,0.47559118164062497,False,PUT,2026-02-27,C
C260227P00095000,95.0,0.22,0.11,0.33,2.0,12.0,0.41797457031249996,False,PUT,2026-02-27,C
C260227P00098000,98.0,0.32,0.23,0.44,3.0,20.0,0.38672488281249995,False,PUT,2026-02-27,C
C260227P00099000,99.0,0.43,0.27,0.47,30.0,52.0,0.37305314453125,False,PUT,2026-02-27,C
C260227P00100000,100.0,0.43,0.39,0.52,33.0,66.0,0.3627993408203125,False,PUT,2026-02-27,C
C260227P00101000,101.0,0.48,0.48,0.67,1.0,25.0,0.36817038085937503,False,PUT,2026-02-27,C
C260227P00102000,102.0,0.56,0.58,0.76,1.0,12.0,0.36035795898437495,False,PUT,2026-02-27,C
C260227P00103000,103.0,0.82,0.68,0.77,5.0,146.0,0.34009448974609374,False,PUT,2026-02-27,C
C260227P00104000,104.0,0.79,0.74,0.99,1.0,6.0,0.3469303588867187,False,PUT,2026-02-27,C
C260227P00105000,105.0,0.98,0.95,1.02,12.0,78.0,0.32739930419921875,False,PUT,2026-02-27,C
C260227P00106000,106.0,1.3,1.08,1.2,3.0,37.0,0.32398136962890617,False,PUT,2026-02-27,C
C260227P00107000,107.0,1.47,1.31,1.41,7.0,536.0,0.32129584960937496,False,PUT,2026-02-27,C
C260227P00108000,108.0,1.72,1.54,1.65,17.0,48.0,0.31873239868164055,False,PUT,2026-02-27,C
C260227P00109000,109.0,1.65,1.76,1.93,1.0,4.0,0.31690136230468746,False,PUT,2026-02-27,C
C260227P00110000,110.0,2.16,2.06,2.25,17.0,187.0,0.31580274047851553,False,PUT,2026-02-27,C
C260227P00111000,111.0,2.57,2.45,2.59,6.0,46.0,0.31323928955078123,False,PUT,2026-02-27,C
C260227P00112000,112.0,2.71,2.75,3.05,7.0,31.0,0.317389638671875,False,PUT,2026-02-27,C
C260227P00113000,113.0,2.95,3.25,3.45,29.0,13.0,0.31372756591796874,False,PUT,2026-02-27,C
C260227P00114000,114.0,4.1,3.7,3.95,15.0,43.0,0.3147041186523437,False,PUT,2026-02-27,C
C260227P00115000,115.0,4.15,4.15,4.45,1.0,104.0,0.31287308227539057,True,PUT,2026-02-27,C
C260227P00116000,116.0,3.98,4.75,5.05,,2.0,0.3156806713867187,True,PUT,2026-02-27,C
C260227P00117000,117.0,6.0,5.35,6.0,1.0,11.0,0.3430241479492187,True,PUT,2026-02-27,C
C260227P00118000,118.0,6.1,5.95,6.65,2.0,3.0,0.344733115234375,True,PUT,2026-02-27,C
C260227P00119000,119.0,6.22,6.7,7.4,20.0,27.0,0.35205726074218746,True,PUT,2026-02-27,C
C260227P00120000,120.0,7.56,7.35,8.15,1.0,13.0,0.35718416259765623,True,PUT,2026-02-27,C
C260227P00124000,124.0,9.18,10.55,11.5,,1.0,0.39063109375,True,PUT,2026-02-27,C
C260227P00125000,125.0,11.75,11.45,12.4,1.0,6.0,0.40112903564453123,True,PUT,2026-02-27,C
C260227P00126000,126.0,11.95,12.35,13.3,,1.0,0.4107724938964844,True,PUT,2026-02-27,C
C260227P00128000,128.0,9.56,14.25,15.2,,1.0,0.43774976318359377,True,PUT,2026-02-27,C
C260227P00129000,129.0,10.19,15.2,16.1,,1.0,0.4445856323242187,True,PUT,2026-02-27,C
C260227P00133000,133.0,18.55,17.85,21.0,1.0,1.0,0.6120644262695314,True,PUT,2026-02-27,C
C260306C00105000,105.0,10.25,9.8,10.55,4.0,7.0,0.31763377685546873,True,CALL,2026-03-06,C
C260306C00110000,110.0,6.72,6.45,6.85,1.0,0.0,0.3061592822265625,True,CALL,2026-03-06,C
C260306C00114000,114.0,4.35,4.05,4.3,2.0,3.0,0.28577374389648436,True,CALL,2026-03-06,C
C260306C00115000,115.0,3.9,3.55,3.8,25.0,45.0,0.284064776611328,False,CALL,2026-03-06,C
C260306C00119000,119.0,2.16,1.98,2.18,1.0,3.0,0.27722890747070306,False,CALL,2026-03-06,C
C260306C00120000,120.0,1.79,1.71,2.0,51.0,29.0,0.2858958129882812,False,CALL,2026-03-06,C
C260306C00121000,121.0,1.44,1.41,1.83,2.0,4.0,0.2937082348632812,False,CALL,2026-03-06,C
C260306C00122000,122.0,1.21,1.18,1.58,2.0,14.0,0.2930978894042968,False,CALL,2026-03-06,C
C260306P00095000,95.0,0.25,0.19,0.49,2.0,5.0,0.41211525390625,False,PUT,2026-03-06,C
C260306P00100000,100.0,0.71,0.46,0.68,28.0,69.0,0.35205726074218746,False,PUT,2026-03-06,C
C260306P00105000,105.0,1.36,1.25,1.45,1.0,39.0,0.33875172973632806,False,PUT,2026-03-06,C
C260306P00107000,107.0,1.63,1.68,1.98,4.0,9.0,0.3397282824707031,False,PUT,2026-03-06,C
C260306P00108000,108.0,1.75,1.86,2.25,6.0,20.0,0.336920693359375,False,PUT,2026-03-06,C
C260306P00109000,109.0,2.29,2.2,2.32,6.0,39.0,0.31641308593749995,False,PUT,2026-03-06,C
C260306P00110000,110.0,2.6,2.45,2.64,3.0,419.0,0.3138496350097656,False,PUT,2026-03-06,C
C260306P00111000,111.0,3.0,2.87,3.05,2.0,2.0,0.31555860229492183,False,PUT,2026-03-06,C
C260306P00112000,112.0,3.88,3.15,3.4,7.0,7.0,0.31055376953124997,False,PUT,2026-03-06,C
C260306P00113000,113.0,3.84,3.65,3.85,9.0,13.0,0.3100654931640625,False,PUT,2026-03-06,C
C260306P00114000,114.0,4.48,4.15,4.3,4.0,52.0,0.30725790405273434,False,PUT,2026-03-06,C
C260306P00115000,115.0,4.52,4.55,4.8,1.0,394.0,0.30542686767578126,True,PUT,2026-03-06,C
C260306P00118000,118.0,6.65,6.35,7.0,1.0,1.0,0.33484551879882807,True,PUT,2026-03-06,C
C260320C00082500,82.5,31.65,30.15,32.95,218.0,1236.0,0.676761044921875,True,CALL,2026-03-20,C
C260320C00085000,85.0,30.12,28.45,30.75,38.0,1108.0,0.6716341430664063,True,CALL,2026-03-20,C
C260320C00087500,87.5,28.6,26.0,28.35,295.0,1098.0,0.6350134155273439,True,CALL,2026-03-20,C
C260320C00090000,90.0,24.52,23.9,25.1,11.0,1696.0,0.48291532714843755,True,CALL,2026-03-20,C
C260320C00092500,92.5,21.94,21.55,22.3,13.0,581.0,0.39014281738281253,True,CALL,2026-03-20,C
C260320C00095000,95.0,20.03,19.2,19.95,14.0,10230.0,0.3754945263671875,True,CALL,2026-03-20,C
C260320C00097500,97.5,17.55,17.25,17.6,6.0,1897.0,0.3552310571289062,True,CALL,2026-03-20,C
C260320C00100000,100.0,15.15,15.0,15.35,39.0,4833.0,0.34180345703125,True,CALL,2026-03-20,C
C260320C00105000,105.0,10.79,10.6,11.25,26.0,3987.0,0.3278875805664062,True,CALL,2026-03-20,C
C260320C00110000,110.0,7.5,7.35,7.55,17.0,21113.0,0.3055489367675781,True,CALL,2026-03-20,C
C260320C00115000,115.0,4.6,4.55,4.65,270.0,14934.0,0.29175512939453113,False,CALL,2026-03-20,C
C260320C00120000,120.0,2.6,2.53,2.65,179.0,14454.0,0.28565167480468745,False,CALL,2026-03-20,C
C260320C00125000,125.0,1.37,1.34,1.4,90.0,8008.0,0.28284408569335934,False,CALL,2026-03-20,C
C260320C00130000,130.0,0.68,0.66,0.7,33.0,6243.0,0.2829661547851562,False,CALL,2026-03-20,C
C260320C00135000,135.0,0.35,0.31,0.43,23.0,2906.0,0.30103238037109376,False,CALL,2026-03-20,C
C260320C00140000,140.0,0.18,0.15,0.25,1.0,2235.0,0.3129951513671875,False,CALL,2026-03-20,C
C260320C00145000,145.0,0.1,0.05,0.16,11.0,507.0,0.32910827148437494,False,CALL,2026-03-20,C
C260320P00082500,82.5,0.18,0.11,0.24,100.0,2503.0,0.4809622216796875,False,PUT,2026-03-20,C
C260320P00085000,85.0,0.23,0.15,0.27,1.0,4966.0,0.45313046875,False,PUT,2026-03-20,C
C260320P00087500,87.5,0.2,0.22,0.3,11.0,2318.0,0.4243221630859375,False,PUT,2026-03-20,C
C260320P00090000,90.0,0.34,0.32,0.38,90.0,2607.0,0.4062559375,False,PUT,2026-03-20,C
C260320P00092500,92.5,0.44,0.42,0.47,87.0,3563.0,0.3864807446289062,False,PUT,2026-03-20,C
C260320P00095000,95.0,0.62,0.53,0.62,7.0,7713.0,0.37256486816406253,False,PUT,2026-03-20,C
C260320P00097500,97.5,0.79,0.7,0.78,77.0,1427.0,0.3540103662109374,False,PUT,2026-03-20,C
C260320P00100000,100.0,1.03,0.97,1.06,34.0,9537.0,0.3441227697753906,False,PUT,2026-03-20,C
C260320P00105000,105.0,1.86,1.8,1.91,50.0,4705.0,0.32569033691406246,False,PUT,2026-03-20,C
C260320P00110000,110.0,3.25,3.25,3.3,88.0,14392.0,0.3094551477050781,False,PUT,2026-03-20,C
C260320P00115000,115.0,5.3,5.4,5.55,122.0,3961.0,0.3042061767578125,True,PUT,2026-03-20,C
C260320P00120000,120.0,8.75,8.25,8.95,44.0,2190.0,0.32398136962890617,True,PUT,2026-03-20,C
C260320P00125000,125.0,12.1,11.95,12.85,1.0,328.0,0.3404606970214844,True,PUT,2026-03-20,C
C260320P00130000,130.0,16.6,16.4,17.35,2.0,206.0,0.37525038818359374,True,PUT,2026-03-20,C
C260320P00135000,135.0,18.95,21.2,22.05,82.0,97.0,0.4118711157226562,True,PUT,2026-03-20,C
C260320P00140000,140.0,20.1,24.8,28.0,118.0,65.0,0.5581098876953126,True,PUT,2026-03-20,C
C260417C00090000,90.0,25.05,24.0,26.65,4.0,4.0,0.5419967675781252,True,CALL,2026-04-17,C
C260417C00100000,100.0,17.0,15.5,17.9,202.0,207.0,0.4534966760253906,True,CALL,2026-04-17,C
C260417C00105000,105.0,12.5,11.8,13.95,23.0,23.0,0.4182797430419921,True,CALL,2026-04-17,C
C260417C00110000,110.0,9.05,8.9,9.15,107.0,83.0,0.3259344750976562,True,CALL,2026-04-17,C
C260417C00115000,115.0,6.22,6.15,6.4,56.0,188.0,0.31690136230468746,False,CALL,2026-04-17,C
C260417C00120000,120.0,4.15,4.0,4.25,75.0,493.0,0.3090889404296875,False,CALL,2026-04-17,C
C260417C00125000,125.0,2.57,2.5,2.64,10.0,573.0,0.30054410400390624,False,CALL,2026-04-17,C
C260417C00130000,130.0,1.64,1.53,1.6,39.0,476.0,0.29724823852539056,False,CALL,2026-04-17,C
C260417C00135000,135.0,0.78,0.78,1.09,59.0,135.0,0.30884480224609373,False,CALL,2026-04-17,C
C260417C00140000,140.0,0.69,0.51,0.71,261.0,283.0,0.3156806713867187,False,CALL,2026-04-17,C
C260417P00085000,85.0,0.5,0.37,0.56,2.0,46.0,0.42310147216796873,False,PUT,2026-04-17,C
C260417P00090000,90.0,0.71,0.7,0.8,5.0,67.0,0.38941040283203127,False,PUT,2026-04-17,C
C260417P00095000,95.0,1.19,1.06,1.28,1.0,786.0,0.36914693359375,False,PUT,2026-04-17,C
C260417P00100000,100.0,1.83,1.8,1.92,45.0,268.0,0.3435124243164062,False,PUT,2026-04-17,C
C260417P00105000,105.0,2.91,2.86,3.05,144.0,443.0,0.3298406860351562,False,PUT,2026-04-17,C
C260417P00110000,110.0,4.55,4.5,4.6,139.0,560.0,0.31409377319335935,False,PUT,2026-04-17,C
C260417P00115000,115.0,6.7,6.7,6.85,6.0,439.0,0.30573204040527346,True,PUT,2026-04-17,C
C260417P00120000,120.0,9.55,9.55,9.75,5.0,50.0,0.2999337585449219,True,PUT,2026-04-17,C
C260417P00125000,125.0,13.28,12.1,13.85,4.0,4.0,0.32898620239257803,True,PUT,2026-04-17,C
C260417P00130000,130.0,13.63,15.7,18.05,,2.0,0.3461979443359374,True,PUT,2026-04-17,C
C260515C00082500,82.5,40.22,31.7,34.05,1.0,146.0,0.571415418701172,True,CALL,2026-05-15,C
C260515C00085000,85.0,29.72,29.2,31.7,1.0,909.0,0.5449264257812501,True,CALL,2026-05-15,C
C260515C00087500,87.5,28.59,27.05,29.4,38.0,2634.0,0.5216112292480468,True,CALL,2026-05-15,C
C260515C00090000,90.0,26.67,24.8,27.15,1.0,350.0,0.5007374145507812,True,CALL,2026-05-15,C
C260515C00092500,92.5,24.68,22.45,24.9,5.0,2834.0,0.47827670166015623,True,CALL,2026-05-15,C
C260515C00095000,95.0,21.18,20.5,21.9,9.0,461.0,0.4085752502441406,True,CALL,2026-05-15,C
C260515C00097500,97.5,19.5,18.4,20.7,10.0,3016.0,0.4459283923339844,True,CALL,2026-05-15,C
C260515C00100000,100.0,17.18,16.45,17.9,1.0,3171.0,0.389654541015625,True,CALL,2026-05-15,C
C260515C00105000,105.0,17.0,12.7,14.7,5.0,911.0,0.39417109741210943,True,CALL,2026-05-15,C
C260515C00110000,110.0,11.15,9.95,10.35,1.0,5815.0,0.331061376953125,True,CALL,2026-05-15,C
C260515C00115000,115.0,7.31,7.25,7.5,30.0,1867.0,0.31690136230468746,False,CALL,2026-05-15,C
C260515C00120000,120.0,5.3,5.1,5.25,192.0,4190.0,0.30725790405273434,False,CALL,2026-05-15,C
C260515C00125000,125.0,3.55,3.45,3.6,159.0,1205.0,0.30261927856445314,False,CALL,2026-05-15,C
C260515C00130000,130.0,2.31,2.27,2.33,89.0,5232.0,0.2957834094238281,False,CALL,2026-05-15,C
C260515C00135000,135.0,1.52,1.42,1.55,81.0,1345.0,0.2966378930664062,False,CALL,2026-05-15,C
C260515C00140000,140.0,1.0,0.91,1.14,15.0,1837.0,0.30774618041992186,False,CALL,2026-05-15,C
C260515C00145000,145.0,0.7,0.59,0.73,3.0,733.0,0.30689169677734374,False,CALL,2026-05-15,C
C260515P00082500,82.5,0.63,0.54,0.75,2.0,357.0,0.4204159521484375,False,PUT,2026-05-15,C
C260515P00085000,85.0,0.73,0.67,0.9,1.0,1259.0,0.4074766284179688,False,PUT,2026-05-15,C
C260515P00087500,87.5,0.97,0.84,1.08,1.0,807.0,0.3952697192382813,False,PUT,2026-05-15,C
C260515P00090000,90.0,1.12,1.08,1.38,120.0,1714.0,0.39063109375,False,PUT,2026-05-15,C
C260515P00092500,92.5,1.54,1.33,1.66,20.0,672.0,0.379889013671875,False,PUT,2026-05-15,C
C260515P00095000,95.0,1.9,1.66,1.96,9.0,4963.0,0.367193828125,False,PUT,2026-05-15,C
C260515P00097500,97.5,2.15,2.17,2.26,3.0,1804.0,0.35156898437499995,False,PUT,2026-05-15,C
C260515P00100000,100.0,2.8,2.65,2.76,76.0,4482.0,0.34448897705078124,False,PUT,2026-05-15,C
C260515P00105000,105.0,4.0,3.9,4.05,159.0,5819.0,0.33179379150390625,False,PUT,2026-05-15,C
C260515P00110000,110.0,5.7,5.65,5.8,249.0,2596.0,0.3210517114257812,False,PUT,2026-05-15,C
C260515P00115000,115.0,7.95,7.9,8.05,71.0,1620.0,0.3113472186279296,True,PUT,2026-05-15,C
C260515P00120000,120.0,10.7,10.65,10.85,69.0,9662.0,0.3036568658447265,True,PUT,2026-05-15,C
C260515P00125000,125.0,15.17,12.5,14.75,3.0,322.0,0.3233710241699218,True,PUT,2026-05-15,C
C260515P00130000,130.0,16.0,16.3,18.65,25.0,56.0,0.32807068420410157,True,PUT,2026-05-15,C
C260515P00135000,135.0,18.8,20.65,22.9,2.0,36.0,0.3365544860839844,True,PUT,2026-05-15,C
C260515P00140000,140.0,22.4,25.25,27.5,1.0,1.0,0.35474278076171867,True,PUT,2026-05-15,C
C260515P00145000,145.0,24.25,30.0,32.3,,20.0,0.3795228063964844,True,PUT,2026-05-15,C
C260618C00082500,82.5,33.33,32.05,34.3,3.0,763.0,0.51562984375,True,CALL,2026-06-18,C
C260618C00085000,85.0,31.05,29.55,32.0,1.0,553.0,0.49487809814453126,True,CALL,2026-06-18,C
C260618C00087500,87.5,28.2,27.45,29.8,218.0,2210.0,0.4792532543945312,True,CALL,2026-06-18,C
C260618C00090000,90.0,27.02,25.35,27.6,8.0,3761.0,0.4621635815429688,True,CALL,2026-06-18,C
C260618C00092500,92.5,25.32,23.2,24.6,5.0,1539.0,0.39978627563476565,True,CALL,2026-06-18,C
C260618C00095000,95.0,21.99,21.2,23.55,14.0,2126.0,0.44116769775390624,True,CALL,2026-06-18,C
C260618C00097500,97.5,19.6,19.0,21.55,2.0,732.0,0.4283504431152344,True,CALL,2026-06-18,C
C260618C00100000,100.0,17.84,17.55,18.25,8.0,7292.0,0.35547519531249994,True,CALL,2026-06-18,C
C260618C00105000,105.0,14.88,13.9,15.2,1.0,2129.0,0.3632876171875,True,CALL,2026-06-18,C
C260618C00110000,110.0,11.6,10.8,11.45,128.0,4426.0,0.32898620239257803,True,CALL,2026-06-18,C
C260618C00115000,115.0,8.63,8.5,8.5,1.0,2429.0,0.31140825317382803,False,CALL,2026-06-18,C
C260618C00120000,120.0,6.3,6.15,6.45,121.0,4048.0,0.3106758386230468,False,CALL,2026-06-18,C
C260618C00125000,125.0,4.3,4.3,4.65,32.0,2648.0,0.30408410766601557,False,CALL,2026-06-18,C
C260618C00130000,130.0,3.2,3.1,3.4,46.0,1608.0,0.3043282458496094,False,CALL,2026-06-18,C
C260618C00135000,135.0,2.07,2.04,2.46,1003.0,1654.0,0.3050606604003906,False,CALL,2026-06-18,C
C260618C00140000,140.0,1.76,1.37,1.77,22.0,1099.0,0.30652548950195313,False,CALL,2026-06-18,C
C260618C00145000,145.0,1.06,0.9,1.29,1.0,600.0,0.30982135498046875,False,CALL,2026-06-18,C
C260618P00082500,82.5,0.9,0.81,1.05,1.0,2652.0,0.398443515625,False,PUT,2026-06-18,C
C260618P00085000,85.0,1.15,1.0,1.25,15.0,2087.0,0.38794557373046873,False,PUT,2026-06-18,C
C260618P00087500,87.5,1.33,1.22,1.49,3.0,1991.0,0.3781800463867187,False,PUT,2026-06-18,C
C260618P00090000,90.0,1.49,1.49,1.79,1.0,5564.0,0.3698793481445312,False,PUT,2026-06-18,C
C260618P00092500,92.5,1.74,1.89,2.12,1.0,1610.0,0.36048002807617185,False,PUT,2026-06-18,C
C260618P00095000,95.0,2.15,2.29,2.53,1.0,4040.0,0.35278967529296873,False,PUT,2026-06-18,C
C260618P00097500,97.5,2.63,2.71,3.0,11.0,746.0,0.34497725341796875,False,PUT,2026-06-18,C
C260618P00100000,100.0,3.35,3.25,3.55,1.0,3951.0,0.3377141424560547,False,PUT,2026-06-18,C
C260618P00105000,105.0,4.88,4.7,4.9,75.0,3817.0,0.3237372314453124,False,PUT,2026-06-18,C
C260618P00110000,110.0,6.7,6.45,6.85,61.0,2215.0,0.31842722595214834,False,PUT,2026-06-18,C
C260618P00115000,115.0,9.03,8.6,9.25,8.0,4010.0,0.31366653137207035,True,PUT,2026-06-18,C
C260618P00120000,120.0,11.77,11.3,11.85,8.0,986.0,0.30048306945800785,True,PUT,2026-06-18,C
C260618P00125000,125.0,15.25,14.65,15.3,34.0,995.0,0.30274134765625,True,PUT,2026-06-18,C
C260618P00130000,130.0,16.34,18.3,19.25,1.0,49.0,0.31116411499023433,True,PUT,2026-06-18,C
C260618P00135000,135.0,23.3,21.0,23.35,1.0,27.0,0.31482618774414056,True,PUT,2026-06-18,C
C260618P00140000,140.0,43.4,38.1,41.45,,0.0,0.7990132403564454,True,PUT,2026-06-18,C
C260717C00082500,82.5,33.4,32.55,34.9,3.0,215.0,0.5067188000488281,True,CALL,2026-07-17,C
C260717C00085000,85.0,34.18,30.3,32.7,10.0,1815.0,0.4910939562988281,True,CALL,2026-07-17,C
C260717C00087500,87.5,29.43,28.15,30.5,3.0,515.0,0.474187387084961,True,CALL,2026-07-17,C
C260717C00090000,90.0,26.75,26.2,27.6,2.0,2183.0,0.42090422851562503,True,CALL,2026-07-17,C
C260717C00092500,92.5,26.45,23.95,26.3,10.0,361.0,0.44647770324707037,True,CALL,2026-07-17,C
C260717C00095000,95.0,22.3,21.95,23.65,46.0,2060.0,0.4062559375,True,CALL,2026-07-17,C
C260717C00097500,97.5,20.05,20.0,22.45,36.0,458.0,0.4272518212890626,True,CALL,2026-07-17,C
C260717C00100000,100.0,19.76,18.65,20.6,2.0,2353.0,0.4175473284912109,True,CALL,2026-07-17,C
C260717C00105000,105.0,15.3,15.1,16.2,1.0,223.0,0.3668276208496094,True,CALL,2026-07-17,C
C260717C00110000,110.0,12.22,11.9,12.65,2.0,1970.0,0.3397282824707031,True,CALL,2026-07-17,C
C260717C00115000,115.0,9.6,9.2,9.95,100.0,506.0,0.3303289624023437,False,CALL,2026-07-17,C
C260717C00120000,120.0,7.3,7.05,7.5,16.0,2536.0,0.3169623968505859,False,CALL,2026-07-17,C
C260717C00125000,125.0,5.65,5.3,5.65,20.0,826.0,0.3110420458984374,False,CALL,2026-07-17,C
C260717C00130000,130.0,4.05,3.95,4.25,2.0,668.0,0.30884480224609373,False,CALL,2026-07-17,C
C260717C00135000,135.0,3.1,2.87,3.1,29.0,438.0,0.3048165222167969,False,CALL,2026-07-17,C
C260717C00140000,140.0,2.0,1.99,2.44,12.0,659.0,0.3115913568115234,False,CALL,2026-07-17,C
C260717C00145000,145.0,1.56,1.36,1.85,10.0,219.0,0.3139717041015625,False,CALL,2026-07-17,C
C260717P00082500,82.5,1.19,1.1,1.45,2.0,215.0,0.39649041015625003,False,PUT,2026-07-17,C
C260717P00085000,85.0,1.3,1.31,1.67,1.0,2631.0,0.38477177734374995,False,PUT,2026-07-17,C
C260717P00087500,87.5,1.91,1.58,1.92,2.0,236.0,0.37329728271484375,False,PUT,2026-07-17,C
C260717P00090000,90.0,1.9,1.91,2.28,3.0,417.0,0.366217275390625,False,PUT,2026-07-17,C
C260717P00092500,92.5,2.27,2.28,2.64,3.0,110.0,0.35645174804687496,False,PUT,2026-07-17,C
C260717P00095000,95.0,2.76,2.71,3.1,46.0,184.0,0.3493717407226562,False,PUT,2026-07-17,C
C260717P00097500,97.5,3.41,3.2,3.65,1.0,366.0,0.3434513897705078,False,PUT,2026-07-17,C
C260717P00100000,100.0,4.05,3.95,4.15,5.0,747.0,0.332587240600586,False,PUT,2026-07-17,C
C260717P00105000,105.0,5.45,5.35,5.6,4.0,501.0,0.3205024005126953,False,PUT,2026-07-17,C
C260717P00110000,110.0,7.35,7.25,7.45,8.0,455.0,0.31012652770996096,False,PUT,2026-07-17,C
C260717P00115000,115.0,9.65,9.3,10.0,1.0,608.0,0.30982135498046875,True,PUT,2026-07-17,C
C260717P00120000,120.0,12.42,12.0,12.75,11.0,297.0,0.3029244512939453,True,PUT,2026-07-17,C
C260717P00125000,125.0,15.37,15.15,16.1,2.0,84.0,0.3031075549316406,True,PUT,2026-07-17,C
C260717P00130000,130.0,18.42,18.8,19.75,2.0,46.0,0.3020699676513672,True,PUT,2026-07-17,C
C260717P00135000,135.0,20.04,21.45,23.85,,15.0,0.3075630767822265,True,PUT,2026-07-17,C
C260717P00140000,140.0,26.01,25.85,28.05,2.0,2.0,0.30823445678710937,True,PUT,2026-07-17,C
C260717P00145000,145.0,29.25,30.3,32.6,,20.0,0.3175117077636719,True,PUT,2026-07-17,C
C260821C00085000,85.0,34.0,30.5,33.3,2.0,129.0,0.4769339416503906,True,CALL,2026-08-21,C
C260821C00087500,87.5,36.0,28.6,31.0,1.0,15.0,0.4552056433105469,True,CALL,2026-08-21,C
C260821C00090000,90.0,30.15,26.25,28.95,6.0,41.0,0.4440363214111328,True,CALL,2026-08-21,C
C260821C00092500,92.5,28.07,24.6,26.9,5.0,31.0,0.43140217041015627,True,CALL,2026-08-21,C
C260821C00095000,95.0,23.1,22.65,24.9,14.0,130.0,0.41925629577636714,True,CALL,2026-08-21,C
C260821C00097500,97.5,22.5,20.45,23.0,1.0,95.0,0.4093686993408203,True,CALL,2026-08-21,C
C260821C00100000,100.0,19.5,19.3,21.25,3.0,165.0,0.4030211065673829,True,CALL,2026-08-21,C
C260821C00105000,105.0,16.98,15.85,17.85,2.0,213.0,0.3874572973632812,True,CALL,2026-08-21,C
C260821C00110000,110.0,12.82,12.7,13.55,2.0,191.0,0.33673758972167966,True,CALL,2026-08-21,C
C260821C00115000,115.0,11.6,10.1,10.9,23.0,555.0,0.3286810296630859,False,CALL,2026-08-21,C
C260821C00120000,120.0,8.48,7.9,8.6,1.0,252.0,0.3209906768798828,False,CALL,2026-08-21,C
C260821C00125000,125.0,6.3,6.1,6.7,1.0,203.0,0.31525342956542957,False,CALL,2026-08-21,C
C260821C00130000,130.0,4.65,4.55,5.25,55.0,536.0,0.3138496350097656,False,CALL,2026-08-21,C
C260821C00135000,135.0,3.55,3.4,4.1,15.0,1110.0,0.31354446228027344,False,CALL,2026-08-21,C
C260821C00140000,140.0,2.79,2.56,3.15,1.0,294.0,0.3122627368164062,False,CALL,2026-08-21,C
C260821C00145000,145.0,2.03,1.87,2.44,20.0,60.0,0.3129951513671875,False,CALL,2026-08-21,C
C260821P00085000,85.0,1.62,1.72,2.19,1.0,286.0,0.38233039550781245,False,PUT,2026-08-21,C
C260821P00087500,87.5,2.29,2.03,2.48,1.0,95.0,0.3712221081542969,False,PUT,2026-08-21,C
C260821P00090000,90.0,2.51,2.4,2.91,2.0,324.0,0.36536279174804687,False,PUT,2026-08-21,C
C260821P00092500,92.5,3.04,2.85,3.35,89.0,73.0,0.35748933532714844,False,PUT,2026-08-21,C
C260821P00095000,95.0,3.39,3.3,3.8,5.0,606.0,0.3479679461669921,False,PUT,2026-08-21,C
C260821P00097500,97.5,4.1,3.85,4.4,13.0,146.0,0.34229173339843744,False,PUT,2026-08-21,C
C260821P00100000,100.0,4.6,4.5,5.05,4.0,3371.0,0.3360662097167969,False,PUT,2026-08-21,C
C260821P00105000,105.0,5.95,6.05,6.65,5.0,547.0,0.32636171691894533,False,PUT,2026-08-21,C
C260821P00110000,110.0,7.99,7.95,8.6,10.0,342.0,0.3174506732177734,False,PUT,2026-08-21,C
C260821P00115000,115.0,10.15,10.1,11.0,33.0,186.0,0.31153032226562494,True,PUT,2026-08-21,C
C260821P00120000,120.0,13.1,12.9,13.75,13.0,80.0,0.3053047985839844,True,PUT,2026-08-21,C
C260821P00125000,125.0,17.7,15.95,16.95,5.0,69.0,0.3020699676513672,True,PUT,2026-08-21,C
C260821P00130000,130.0,19.64,19.4,20.55,2.0,16.0,0.30145962219238287,True,PUT,2026-08-21,C
C260821P00135000,135.0,24.42,23.3,24.45,2.0,3.0,0.30188686401367193,True,PUT,2026-08-21,C
C260821P00140000,140.0,41.98,38.05,40.8,2.0,11.0,0.6522861920166017,True,PUT,2026-08-21,C
C260821P00145000,145.0,46.87,42.8,46.75,2.0,0.0,0.6992827923583984,True,PUT,2026-08-21,C
C260918C00082500,82.5,34.84,33.2,35.0,2.0,622.0,0.4378718322753906,True,CALL,2026-09-18,C
C260918C00085000,85.0,31.01,31.05,32.85,3.0,369.0,0.4265194067382813,True,CALL,2026-09-18,C
C260918C00087500,87.5,31.85,29.0,30.75,26.0,1011.0,0.41602146484374997,True,CALL,2026-09-18,C
C260918C00090000,90.0,25.01,26.75,28.7,1.0,390.0,0.4062559375,True,CALL,2026-09-18,C
C260918C00092500,92.5,25.3,24.95,26.75,10.0,1669.0,0.39880972290039063,True,CALL,2026-09-18,C
C260918C00095000,95.0,25.72,23.0,24.8,4.0,632.0,0.389654541015625,True,CALL,2026-09-18,C
C260918C00097500,97.5,22.64,21.15,22.95,3.0,1648.0,0.382269360961914,True,CALL,2026-09-18,C
C260918C00100000,100.0,20.28,19.8,21.15,1.0,2008.0,0.37470107727050783,True,CALL,2026-09-18,C
C260918C00105000,105.0,18.2,16.35,17.85,100.0,492.0,0.36340968627929693,True,CALL,2026-09-18,C
C260918C00110000,110.0,13.45,13.4,14.3,141.0,2397.0,0.3372563833618164,True,CALL,2026-09-18,C
C260918C00115000,115.0,11.05,10.9,11.55,55.0,1436.0,0.3262396478271484,False,CALL,2026-09-18,C
C260918C00120000,120.0,8.95,8.6,9.05,10.0,1990.0,0.31342239318847653,False,CALL,2026-09-18,C
C260918C00125000,125.0,6.61,6.65,7.5,2.0,633.0,0.31830515686035155,False,CALL,2026-09-18,C
C260918C00130000,130.0,5.45,5.2,5.8,5.0,1736.0,0.3107979077148437,False,CALL,2026-09-18,C
C260918C00135000,135.0,4.4,4.0,4.7,3.0,2264.0,0.31342239318847653,False,CALL,2026-09-18,C
C260918C00140000,140.0,3.34,3.05,3.7,1.0,253.0,0.3124458404541015,False,CALL,2026-09-18,C
C260918C00145000,145.0,2.3,2.29,2.9,1.0,66.0,0.31189652954101554,False,CALL,2026-09-18,C
C260918P00082500,82.5,2.05,1.71,2.2,322.0,771.0,0.38513798461914056,False,PUT,2026-09-18,C
C260918P00085000,85.0,2.16,1.98,2.48,10.0,1437.0,0.3742738354492187,False,PUT,2026-09-18,C
C260918P00087500,87.5,2.66,2.33,2.81,10.0,243.0,0.36438623901367195,False,PUT,2026-09-18,C
C260918P00090000,90.0,2.85,2.73,3.3,5.0,2587.0,0.3601748553466796,False,PUT,2026-09-18,C
C260918P00092500,92.5,3.31,3.15,3.75,3.0,206.0,0.35193519165039056,False,PUT,2026-09-18,C
C260918P00095000,95.0,4.15,3.7,4.3,14.0,654.0,0.34564863342285157,False,PUT,2026-09-18,C
C260918P00097500,97.5,4.57,4.4,4.9,2.0,581.0,0.3391179370117187,False,PUT,2026-09-18,C
C260918P00100000,100.0,5.37,5.05,5.55,2.0,4375.0,0.3321599987792969,False,PUT,2026-09-18,C
C260918P00105000,105.0,6.58,6.5,7.2,2.0,2630.0,0.32294378234863275,False,PUT,2026-09-18,C
C260918P00110000,110.0,8.78,8.55,9.15,1.0,1258.0,0.313483427734375,False,PUT,2026-09-18,C
C260918P00115000,115.0,10.37,10.7,11.55,7.0,270.0,0.3073799731445312,True,PUT,2026-09-18,C
C260918P00120000,120.0,14.0,13.4,14.3,8.0,1078.0,0.30155117401123044,True,PUT,2026-09-18,C
C260918P00125000,125.0,16.95,16.4,17.45,2.0,59.0,0.29761444580078117,True,PUT,2026-09-18,C
C260918P00130000,130.0,20.09,19.85,21.0,1.0,29.0,0.2963937548828125,True,PUT,2026-09-18,C
C260918P00135000,135.0,22.03,23.65,24.85,,6.0,0.29633272033691405,True,PUT,2026-09-18,C
C260918P00140000,140.0,42.16,38.5,41.2,,1.0,0.6237220245361328,True,PUT,2026-09-18,C
C260918P00145000,145.0,42.81,42.9,46.2,2.0,0.0,0.6496617065429688,True,PUT,2026-09-18,C
C261016C00090000,90.0,32.45,27.2,29.9,,1.0,0.42889975402832037,True,CALL,2026-10-16,C
C261016C00110000,110.0,14.44,14.35,15.6,1.0,12.0,0.35352208984374994,True,CALL,2026-10-16,C
C261016C00115000,115.0,12.35,11.65,13.85,1.0,3.0,0.36817038085937503,False,CALL,2026-10-16,C
C261016C00120000,120.0,9.92,9.35,11.35,1.0,25.0,0.3557193334960937,False,CALL,2026-10-16,C
C261016C00125000,125.0,8.55,7.35,9.35,,5.0,0.34943277526855465,False,CALL,2026-10-16,C
C261016C00130000,130.0,6.05,5.9,7.55,6.0,11.0,0.34168138793945313,False,CALL,2026-10-16,C
C261016P00085000,85.0,2.55,2.35,2.81,2.0,2.0,0.36975727905273437,False,PUT,2026-10-16,C
C261016P00090000,90.0,3.3,2.6,3.7,13.0,3.0,0.35681795532226557,False,PUT,2026-10-16,C
C261016P00095000,95.0,4.55,4.1,4.85,11.0,3.0,0.3461979443359374,False,PUT,2026-10-16,C
C261016P00100000,100.0,5.7,5.65,6.15,325.0,17.0,0.3328313787841797,False,PUT,2026-10-16,C
C261016P00115000,115.0,11.2,11.1,12.3,7.0,11.0,0.31012652770996096,True,PUT,2026-10-16,C
C261120C00085000,85.0,36.47,31.8,34.5,65.0,69.0,0.443792183227539,True,CALL,2026-11-20,C
C261120C00090000,90.0,32.86,27.65,30.6,3.0,106.0,0.4270076831054688,True,CALL,2026-11-20,C
C261120C00095000,95.0,24.7,23.7,26.75,10.0,99.0,0.40704938659667966,True,CALL,2026-11-20,C
C261120C00100000,100.0,22.45,21.25,23.35,1.0,101.0,0.3955748919677735,True,CALL,2026-11-20,C
C261120C00105000,105.0,18.56,17.95,20.2,2.0,4.0,0.38507695007324216,True,CALL,2026-11-20,C
C261120C00110000,110.0,22.51,14.95,16.0,21.0,15.0,0.342230698852539,True,CALL,2026-11-20,C
C261120C00115000,115.0,13.32,12.4,13.15,30.0,118.0,0.32865051239013665,False,CALL,2026-11-20,C
C261120C00120000,120.0,10.55,10.1,11.1,1.0,92.0,0.32804016693115234,False,CALL,2026-11-20,C
C261120C00125000,125.0,8.8,8.15,9.15,1.0,34.0,0.32330998962402335,False,CALL,2026-11-20,C
C261120C00130000,130.0,7.2,6.55,7.55,5.0,168.0,0.3209601596069336,False,CALL,2026-11-20,C
C261120C00135000,135.0,5.5,5.25,6.15,1.0,152.0,0.31781688049316403,False,CALL,2026-11-20,C
C261120C00140000,140.0,5.07,4.1,5.0,2.0,85.0,0.3157417059326171,False,CALL,2026-11-20,C
C261120C00145000,145.0,4.2,3.2,4.1,1.0,34.0,0.3156806713867187,False,CALL,2026-11-20,C
C261120P00085000,85.0,3.1,2.73,3.35,1.0,68.0,0.3706117626953125,False,PUT,2026-11-20,C
C261120P00090000,90.0,3.87,3.55,4.15,1.0,60.0,0.3518741571044921,False,PUT,2026-11-20,C
C261120P00095000,95.0,5.1,4.55,5.3,9.0,246.0,0.3397282824707031,False,PUT,2026-11-20,C
C261120P00100000,100.0,6.35,5.95,6.7,308.0,344.0,0.3286199951171874,False,PUT,2026-11-20,C
C261120P00105000,105.0,7.62,7.6,8.5,12.0,133.0,0.3215399877929687,False,PUT,2026-11-20,C
C261120P00110000,110.0,10.3,9.6,10.5,1.0,108.0,0.3123237713623046,False,PUT,2026-11-20,C
C261120P00115000,115.0,11.6,11.9,13.0,3.0,9.0,0.3082649740600586,True,PUT,2026-11-20,C
C261120P00120000,120.0,13.95,14.55,15.55,6.0,18.0,0.2980722048950195,True,PUT,2026-11-20,C
C261120P00125000,125.0,15.85,17.5,18.65,1.0,1.0,0.29407444213867184,True,PUT,2026-11-20,C
C261120P00140000,140.0,24.66,27.05,30.5,,2.0,0.31055376953124997,True,PUT,2026-11-20,C
C261218C00082500,82.5,40.01,33.9,36.9,1.0,86.0,0.4470270141601562,True,CALL,2026-12-18,C
C261218C00085000,85.0,37.06,31.9,34.85,4.0,860.0,0.43646803771972653,True,CALL,2026-12-18,C
C261218C00087500,87.5,32.3,29.6,32.85,1.0,558.0,0.4267025103759766,True,CALL,2026-12-18,C
C261218C00090000,90.0,30.0,27.9,31.0,4.0,2133.0,0.42078215942382813,True,CALL,2026-12-18,C
C261218C00092500,92.5,29.8,26.0,29.2,11.0,440.0,0.415044912109375,True,CALL,2026-12-18,C
C261218C00095000,95.0,25.72,23.95,27.35,3.0,1090.0,0.40643904113769536,True,CALL,2026-12-18,C
C261218C00097500,97.5,23.8,23.15,25.5,2.0,595.0,0.3967345483398438,True,CALL,2026-12-18,C
C261218C00100000,100.0,23.5,21.5,23.3,1.0,1503.0,0.376532113647461,True,CALL,2026-12-18,C
C261218C00105000,105.0,18.7,18.3,20.75,10.0,458.0,0.38184211914062494,True,CALL,2026-12-18,C
C261218C00110000,110.0,17.0,15.5,16.55,60.0,1426.0,0.34027759338378905,True,CALL,2026-12-18,C
C261218C00115000,115.0,13.62,12.75,14.0,1.0,1291.0,0.3339300006103516,False,CALL,2026-12-18,C
C261218C00120000,120.0,11.04,10.65,11.7,4.0,881.0,0.32739930419921875,False,CALL,2026-12-18,C
C261218C00125000,125.0,9.05,8.7,9.75,10.0,266.0,0.3230353341674803,False,CALL,2026-12-18,C
C261218C00130000,130.0,7.58,7.15,8.1,41.0,978.0,0.3200141241455078,False,CALL,2026-12-18,C
C261218C00135000,135.0,6.1,5.8,6.7,1.0,1186.0,0.31763377685546873,False,CALL,2026-12-18,C
C261218C00140000,140.0,5.45,4.7,5.45,1.0,335.0,0.31391066955566405,False,CALL,2026-12-18,C
C261218C00145000,145.0,3.8,3.75,4.55,2.0,191.0,0.31476515319824216,False,CALL,2026-12-18,C
C261218P00082500,82.5,3.1,2.62,3.3,2.0,121.0,0.3763490100097656,False,PUT,2026-12-18,C
C261218P00085000,85.0,3.5,2.84,3.7,2.0,574.0,0.3683534844970704,False,PUT,2026-12-18,C
C261218P00087500,87.5,3.85,3.25,4.15,4.0,490.0,0.3609072698974609,False,PUT,2026-12-18,C
C261218P00090000,90.0,4.3,4.15,4.5,2.0,1033.0,0.348639326171875,False,PUT,2026-12-18,C
C261218P00092500,92.5,4.75,4.35,5.1,1.0,225.0,0.3436955279541015,False,PUT,2026-12-18,C
C261218P00095000,95.0,5.4,4.85,5.75,54.0,682.0,0.3386906951904296,False,PUT,2026-12-18,C
C261218P00097500,97.5,6.15,5.55,6.35,6.0,405.0,0.3305731005859375,False,PUT,2026-12-18,C
C261218P00100000,100.0,6.9,6.25,7.15,11.0,775.0,0.3266668896484375,False,PUT,2026-12-18,C
C261218P00105000,105.0,8.55,7.95,8.9,4.0,792.0,0.3176948114013671,False,PUT,2026-12-18,C
C261218P00110000,110.0,10.63,9.9,10.95,12.0,3218.0,0.30951618225097655,False,PUT,2026-12-18,C
C261218P00115000,115.0,12.85,12.2,13.3,15.0,329.0,0.30179531219482425,True,PUT,2026-12-18,C
C261218P00120000,120.0,15.32,14.9,16.1,2.0,289.0,0.2978585839843749,True,PUT,2026-12-18,C
C261218P00125000,125.0,18.6,17.9,19.1,10.0,197.0,0.29193823303222644,True,PUT,2026-12-18,C
C261218P00130000,130.0,23.2,21.2,22.4,8.0,72.0,0.2866282275390625,True,PUT,2026-12-18,C
C261218P00135000,135.0,25.65,24.85,26.5,2.0,4.0,0.2954782366943359,True,PUT,2026-12-18,C
C261218P00140000,140.0,42.89,39.75,41.75,,1.0,0.5502974658203126,True,PUT,2026-12-18,C
C261218P00145000,145.0,49.27,44.15,45.7,,0.0,0.5600019586181642,True,PUT,2026-12-18,C
C270115C00082500,82.5,35.9,34.65,37.25,1.0,297.0,0.4414118359375,True,CALL,2027-01-15,C
C270115C00085000,85.0,33.7,32.75,35.3,1.0,1958.0,0.4340266558837891,True,CALL,2027-01-15,C
C270115C00087500,87.5,31.1,30.85,33.3,2.0,439.0,0.42389492126464845,True,CALL,2027-01-15,C
C270115C00090000,90.0,29.43,28.95,31.5,23.0,8659.0,0.41901215759277344,True,CALL,2027-01-15,C
C270115C00092500,92.5,28.1,26.3,29.85,3.0,2797.0,0.41712008666992184,True,CALL,2027-01-15,C
C270115C00095000,95.0,26.09,25.5,27.95,1.0,4070.0,0.40668317932128906,True,CALL,2027-01-15,C
C270115C00097500,97.5,25.85,23.6,25.75,2.0,2449.0,0.3873657455444336,True,CALL,2027-01-15,C
C270115C00100000,100.0,22.45,22.35,24.5,16.0,4874.0,0.39234006103515623,True,CALL,2027-01-15,C
C270115C00105000,105.0,19.65,19.1,21.5,36.0,2405.0,0.38458867370605465,True,CALL,2027-01-15,C
C270115C00110000,110.0,16.95,16.3,17.15,15.0,2470.0,0.3403691452026367,True,CALL,2027-01-15,C
C270115C00115000,115.0,14.0,13.7,14.55,1.0,4082.0,0.3327703442382813,False,CALL,2027-01-15,C
C270115C00120000,120.0,11.5,11.55,12.15,23.0,5356.0,0.32413395599365225,False,CALL,2027-01-15,C
C270115C00125000,125.0,9.9,9.85,9.95,29.0,2442.0,0.31439894592285156,False,CALL,2027-01-15,C
C270115C00130000,130.0,8.2,8.1,8.25,8.0,959.0,0.31049273498535157,False,CALL,2027-01-15,C
C270115C00135000,135.0,7.05,6.5,7.05,6.0,469.0,0.31320877227783206,False,CALL,2027-01-15,C
C270115C00140000,140.0,5.45,5.35,5.8,15.0,3135.0,0.31012652770996096,False,CALL,2027-01-15,C
C270115C00145000,145.0,4.32,4.25,5.15,8.0,1824.0,0.31830515686035155,False,CALL,2027-01-15,C
C270115P00082500,82.5,3.15,2.9,3.3,5.0,3725.0,0.3610903735351562,False,PUT,2027-01-15,C
C270115P00085000,85.0,3.6,3.2,3.8,5.0,5475.0,0.35718416259765623,False,PUT,2027-01-15,C
C270115P00087500,87.5,3.95,3.6,4.25,6.0,1068.0,0.3497379479980468,False,PUT,2027-01-15,C
C270115P00090000,90.0,4.29,4.45,4.75,1.0,9646.0,0.34278000976562495,False,PUT,2027-01-15,C
C270115P00092500,92.5,5.15,4.75,5.35,4.0,665.0,0.3375310388183594,False,PUT,2027-01-15,C
C270115P00095000,95.0,5.65,5.65,6.35,4.0,5811.0,0.34241380249023434,False,PUT,2027-01-15,C
C270115P00097500,97.5,6.5,6.4,6.7,4.0,3977.0,0.32684999328613284,False,PUT,2027-01-15,C
C270115P00100000,100.0,7.3,6.9,7.55,10.0,12030.0,0.32398136962890617,False,PUT,2027-01-15,C
C270115P00105000,105.0,8.75,8.8,9.3,69.0,2715.0,0.3145820495605468,False,PUT,2027-01-15,C
C270115P00110000,110.0,10.85,10.55,11.35,2.0,895.0,0.3062508340454102,False,PUT,2027-01-15,C
C270115P00115000,115.0,13.28,13.25,13.55,13.0,967.0,0.2951730639648437,True,PUT,2027-01-15,C
C270115P00120000,120.0,15.89,15.9,16.4,24.0,321.0,0.2924875439453124,True,PUT,2027-01-15,C
C270115P00125000,125.0,20.1,18.4,19.5,13.0,212.0,0.2891611611938476,True,PUT,2027-01-15,C
C270115P00130000,130.0,21.6,21.7,22.75,2.0,6092.0,0.28327132751464834,True,PUT,2027-01-15,C
C270115P00135000,135.0,20.75,24.9,26.3,15.0,110.0,0.27851063293457035,True,PUT,2027-01-15,C
C270115P00140000,140.0,28.5,29.15,30.75,1.0,40.0,0.2916330603027343,True,PUT,2027-01-15,C
C270115P00145000,145.0,27.08,31.65,34.3,10.0,11.0,0.2759471820068359,True,PUT,2027-01-15,C
C270617C00082500,82.5,37.65,36.4,38.6,21.0,390.0,0.407781801147461,True,CALL,2027-06-17,C
C270617C00085000,85.0,38.85,34.0,37.0,6.0,673.0,0.4090024920654296,True,CALL,2027-06-17,C
C270617C00087500,87.5,34.05,32.5,35.5,2.0,178.0,0.4112607702636719,True,CALL,2027-06-17,C
C270617C00090000,90.0,30.8,30.15,33.5,1.0,3479.0,0.3996642065429688,True,CALL,2027-06-17,C
C270617C00092500,92.5,37.22,28.0,32.0,40.0,132.0,0.3994811029052735,True,CALL,2027-06-17,C
C270617C00095000,95.0,29.25,26.4,30.0,2.0,528.0,0.38660281372070304,True,CALL,2027-06-17,C
C270617C00097500,97.5,23.9,25.65,28.5,1.0,187.0,0.38440557006835935,True,CALL,2027-06-17,C
C270617C00100000,100.0,25.0,24.4,25.6,1.0,3706.0,0.35120277709960934,True,CALL,2027-06-17,C
C270617C00105000,105.0,21.75,21.0,24.0,1.0,2657.0,0.3718019363403321,True,CALL,2027-06-17,C
C270617C00110000,110.0,20.0,18.4,20.5,6.0,4179.0,0.34924967163085935,True,CALL,2027-06-17,C
C270617C00115000,115.0,16.85,16.4,17.4,1.0,699.0,0.3316412051391602,False,CALL,2027-06-17,C
C270617C00120000,120.0,14.79,14.05,15.75,5.0,3427.0,0.33777517700195314,False,CALL,2027-06-17,C
C270617C00125000,125.0,12.3,12.3,12.8,4.0,3398.0,0.31583325775146476,False,CALL,2027-06-17,C
C270617C00130000,130.0,11.6,10.4,11.45,1.0,3564.0,0.32019722778320303,False,CALL,2027-06-17,C
C270617C00135000,135.0,9.67,8.3,9.55,93.0,3941.0,0.3106453213500976,False,CALL,2027-06-17,C
C270617C00140000,140.0,7.85,7.4,8.15,8.0,3130.0,0.30725790405273434,False,CALL,2027-06-17,C
C270617C00145000,145.0,8.0,6.1,7.7,1.0,1228.0,0.3201667105102538,False,CALL,2027-06-17,C
C270617P00082500,82.5,4.4,4.05,4.75,15.0,338.0,0.3482120843505859,False,PUT,2027-06-17,C
C270617P00085000,85.0,4.92,4.6,5.9,10.0,991.0,0.36035795898437495,False,PUT,2027-06-17,C
C270617P00087500,87.5,5.45,4.8,6.05,8.0,121.0,0.3425969061279296,False,PUT,2027-06-17,C
C270617P00090000,90.0,6.0,5.4,6.55,500.0,1085.0,0.3339300006103516,False,PUT,2027-06-17,C
C270617P00092500,92.5,7.1,6.3,7.85,1.0,441.0,0.3441227697753906,False,PUT,2027-06-17,C
C270617P00095000,95.0,7.0,6.75,8.0,3.0,754.0,0.32507999145507804,False,PUT,2027-06-17,C
C270617P00097500,97.5,7.25,7.7,8.7,1.0,355.0,0.3184882604980468,False,PUT,2027-06-17,C
C270617P00100000,100.0,8.63,8.95,9.45,1.0,5378.0,0.31201859863281245,False,PUT,2027-06-17,C
C270617P00105000,105.0,10.7,10.25,11.9,3.0,717.0,0.3156501541137695,False,PUT,2027-06-17,C
C270617P00110000,110.0,12.8,12.1,14.55,3.0,4421.0,0.31781688049316403,False,PUT,2027-06-17,C
C270617P00115000,115.0,15.19,14.4,16.1,3.0,375.0,0.2945016839599609,True,PUT,2027-06-17,C
C270617P00120000,120.0,17.6,16.95,18.75,2.0,3433.0,0.28803202209472645,True,PUT,2027-06-17,C
C270617P00125000,125.0,18.5,19.75,21.55,50.0,245.0,0.28006701385498034,True,PUT,2027-06-17,C
C270617P00130000,130.0,24.71,22.8,25.1,2.0,178.0,0.2820201193237304,True,PUT,2027-06-17,C
C270617P00135000,135.0,25.75,26.1,28.3,12.0,73.0,0.2732006274414062,True,PUT,2027-06-17,C
C270617P00140000,140.0,27.35,29.65,31.75,15.0,14.0,0.2650219982910156,True,PUT,2027-06-17,C
C270617P00145000,145.0,28.75,33.0,35.6,2.0,3.0,0.2610242355346679,True,PUT,2027-06-17,C
C280121C00085000,85.0,37.5,36.5,38.7,2.0,1613.0,0.3794007373046875,True,CALL,2028-01-21,C
C280121C00087500,87.5,35.85,34.15,36.0,2.0,79.0,0.3542850216674803,True,CALL,2028-01-21,C
C280121C00090000,90.0,33.74,33.0,34.65,5.0,1539.0,0.35742830078125,True,CALL,2028-01-21,C
C280121C00092500,92.5,33.05,30.5,33.85,6.0,152.0,0.37000141723632807,True,CALL,2028-01-21,C
C280121C00095000,95.0,31.45,29.9,33.0,1.0,542.0,0.3797974618530273,True,CALL,2028-01-21,C
C280121C00097500,97.5,29.5,28.2,31.5,4.0,432.0,0.37622694091796877,True,CALL,2028-01-21,C
C280121C00100000,100.0,28.85,26.45,30.0,4.0,983.0,0.37198503997802734,True,CALL,2028-01-21,C
C280121C00105000,105.0,26.25,23.9,27.5,1.0,415.0,0.3701845208740234,True,CALL,2028-01-21,C
C280121C00110000,110.0,22.93,21.85,25.0,2.0,2409.0,0.3655458953857422,True,CALL,2028-01-21,C
C280121C00115000,115.0,21.22,19.65,20.95,2.0,275.0,0.333563793334961,False,CALL,2028-01-21,C
C280121C00120000,120.0,18.15,17.75,19.0,1.0,788.0,0.33316706878662117,False,CALL,2028-01-21,C
C280121C00125000,125.0,16.5,14.95,16.75,1.0,257.0,0.3254767160034179,False,CALL,2028-01-21,C
C280121C00130000,130.0,14.8,13.1,14.95,9.0,547.0,0.3223944714355468,False,CALL,2028-01-21,C
C280121C00135000,135.0,13.1,12.45,14.0,5.0,1749.0,0.33029844512939455,False,CALL,2028-01-21,C
C280121C00140000,140.0,11.25,10.9,12.9,5.0,1333.0,0.33383844879150393,False,CALL,2028-01-21,C
C280121C00145000,145.0,10.2,9.65,11.55,2.0,495.0,0.33148861877441405,False,CALL,2028-01-21,C
C280121P00085000,85.0,6.65,5.8,7.3,1.0,37.0,0.333563793334961,False,PUT,2028-01-21,C
C280121P00087500,87.5,7.45,6.35,7.95,230.0,479.0,0.32831482238769527,False,PUT,2028-01-21,C
C280121P00090000,90.0,7.95,7.1,8.6,19.0,947.0,0.32236395416259755,False,PUT,2028-01-21,C
C280121P00092500,92.5,8.65,8.35,9.3,2.0,77.0,0.3167182586669921,False,PUT,2028-01-21,C
C280121P00095000,95.0,9.5,9.2,10.8,1.0,1071.0,0.32569033691406246,False,PUT,2028-01-21,C
C280121P00097500,97.5,11.0,9.9,11.65,1.0,1254.0,0.32102119415283203,False,PUT,2028-01-21,C
C280121P00100000,100.0,11.2,10.8,12.5,1.0,3136.0,0.3156501541137695,False,PUT,2028-01-21,C
C280121P00105000,105.0,13.5,12.6,14.5,4.0,180.0,0.30799031860351556,False,PUT,2028-01-21,C
C280121P00110000,110.0,15.48,14.15,16.85,10.0,345.0,0.30313807220458977,False,PUT,2028-01-21,C
C280121P00115000,115.0,17.6,16.95,19.0,1.0,234.0,0.29206030212402334,True,PUT,2028-01-21,C
C280121P00120000,120.0,20.3,19.0,21.25,6.0,515.0,0.2797923583984374,True,PUT,2028-01-21,C
C280121P00125000,125.0,23.08,22.15,24.45,9.0,98.0,0.2794261511230468,True,PUT,2028-01-21,C
C280121P00130000,130.0,26.05,24.95,27.15,9.0,42.0,0.26828734649658204,True,PUT,2028-01-21,C
C280121P00135000,135.0,30.25,27.85,30.6,2.0,22.0,0.2659985510253906,True,PUT,2028-01-21,C
C280121P00140000,140.0,32.65,31.2,34.2,4.0,60.0,0.2633740655517578,True,PUT,2028-01-21,C
C280121P00145000,145.0,37.6,35.0,38.45,2.0,39.0,0.26923338195800783,True,PUT,2028-01-21,C
C281215C00085000,85.0,40.25,38.5,42.0,1.0,45.0,0.37320573089599607,True,CALL,2028-12-15,C
C281215C00090000,90.0,37.85,35.65,39.5,4.0,796.0,0.37665418273925777,True,CALL,2028-12-15,C
C281215C00095000,95.0,35.25,33.25,35.4,2.0,322.0,0.35214881256103514,True,CALL,2028-12-15,C
C281215C00100000,100.0,31.99,30.35,34.0,1.0,69.0,0.36749900085449216,True,CALL,2028-12-15,C
C281215C00105000,105.0,28.75,27.0,31.5,11.0,55.0,0.3636233071899414,True,CALL,2028-12-15,C
C281215C00110000,110.0,26.5,26.0,29.0,20.0,202.0,0.35788605987548827,True,CALL,2028-12-15,C
C281215C00115000,115.0,24.7,23.65,26.6,2.0,376.0,0.35190467437744133,False,CALL,2028-12-15,C
C281215C00120000,120.0,21.8,21.05,24.65,2.0,159.0,0.35025674163818354,False,CALL,2028-12-15,C
C281215C00125000,125.0,20.88,20.25,22.7,43.0,438.0,0.3469913934326171,False,CALL,2028-12-15,C
C281215C00130000,130.0,18.58,17.1,20.9,4.0,478.0,0.3441227697753906,False,CALL,2028-12-15,C
C281215C00135000,135.0,17.45,15.8,18.4,64.0,98.0,0.33075620422363283,False,CALL,2028-12-15,C
C281215C00140000,140.0,16.13,14.05,17.25,2.0,871.0,0.3334417242431641,False,CALL,2028-12-15,C
C281215C00145000,145.0,15.05,13.45,16.3,2.0,114.0,0.33740896972656254,False,CALL,2028-12-15,C
C281215P00085000,85.0,9.03,7.7,9.6,3.0,243.0,0.3188544677734374,False,PUT,2028-12-15,C
C281215P00090000,90.0,10.86,9.15,11.6,3.0,3.0,0.31793894958496094,False,PUT,2028-12-15,C
C281215P00095000,95.0,12.13,10.75,13.25,1.0,10.0,0.3085091122436523,False,PUT,2028-12-15,C
C281215P00100000,100.0,13.08,12.55,15.8,1.0,41.0,0.3105232522583008,False,PUT,2028-12-15,C
C281215P00105000,105.0,16.4,14.5,17.6,1.0,31.0,0.29904875762939453,False,PUT,2028-12-15,C
C281215P00110000,110.0,18.6,16.6,20.4,3.0,25.0,0.2995980685424804,False,PUT,2028-12-15,C
C281215P00115000,115.0,20.75,19.0,22.5,20.0,11.0,0.2884592639160155,True,PUT,2028-12-15,C
C281215P00120000,120.0,23.55,21.5,25.15,2.0,11.0,0.2827220166015625,True,PUT,2028-12-15,C
C281215P00125000,125.0,26.4,24.5,27.25,23.0,20.0,0.26792113922119143,True,PUT,2028-12-15,C
C281215P00130000,130.0,28.18,27.0,30.35,,7.0,0.2640759628295898,True,PUT,2028-12-15,C
C281215P00135000,135.0,29.3,30.5,34.3,2.0,2.0,0.2693249337768554,True,PUT,2028-12-15,C
C281215P00140000,140.0,34.28,33.5,37.05,,10.0,0.25699595550537113,True,PUT,2028-12-15,C
C281215P00145000,145.0,38.9,37.0,40.65,,22.0,0.2539594868469239,True,PUT,2028-12-15,C
CAG260130C00013000,13.0,5.05,4.2,7.0,2.0,2.0,5.20312849609375,True,CALL,2026-01-30,CAG
CAG260130C00013500,13.5,4.45,3.8,4.6,1.0,4.0,2.9609400976562497,True,CALL,2026-01-30,CAG
CAG260130C00014000,14.0,4.0,3.1,6.0,4.0,2.0,4.246098442382813,True,CALL,2026-01-30,CAG
CAG260130C00014500,14.5,3.6,1.95,4.9,2.0,2.0,6.027346215820312,True,CALL,2026-01-30,CAG
CAG260130C00015000,15.0,2.87,2.55,4.2,4.0,2.0,3.0000025,True,CALL,2026-01-30,CAG
CAG260130C00015500,15.5,1.9,1.0,4.5,8.0,0.0,2.2968792578125,True,CALL,2026-01-30,CAG
CAG260130C00016000,16.0,1.95,1.75,2.25,2.0,3.0,1.125004375,True,CALL,2026-01-30,CAG
CAG260130C00016500,16.5,1.42,1.05,2.55,2.0,2.0,1.7695324023437498,True,CALL,2026-01-30,CAG
CAG260130C00017000,17.0,0.7,0.4,2.55,36.0,33.0,1.7968760156249999,True,CALL,2026-01-30,CAG
CAG260130C00017500,17.5,0.45,0.25,0.65,49.0,639.0,0.7421900781249999,True,CALL,2026-01-30,CAG
CAG260130C00018000,18.0,0.05,0.05,0.1,280.0,1503.0,0.23828886718749998,False,CALL,2026-01-30,CAG
CAG260130C00018500,18.5,0.03,0.0,0.05,6.0,183.0,0.42188078125,False,CALL,2026-01-30,CAG
CAG260130C00019000,19.0,0.03,0.0,0.05,31.0,183.0,0.5390671093750001,False,CALL,2026-01-30,CAG
CAG260130C00019500,19.5,0.03,0.0,0.05,3.0,301.0,0.7187528125,False,CALL,2026-01-30,CAG
CAG260130C00020000,20.0,0.01,0.0,0.05,11.0,16.0,0.8828136718749999,False,CALL,2026-01-30,CAG
CAG260130P00014000,14.0,0.05,0.0,2.15,1.0,2.0,5.539065576171874,False,PUT,2026-01-30,CAG
CAG260130P00014500,14.5,0.04,0.0,2.15,3.0,10.0,5.0937536328125,False,PUT,2026-01-30,CAG
CAG260130P00015000,15.0,0.03,0.0,0.05,10.0,109.0,1.359378203125,False,PUT,2026-01-30,CAG
CAG260130P00015500,15.5,0.24,0.0,2.15,1.0,150.0,4.2187547265625,False,PUT,2026-01-30,CAG
CAG260130P00016000,16.0,0.04,0.0,0.5,1.0,449.0,1.8203133984375,False,PUT,2026-01-30,CAG
CAG260130P00016500,16.5,0.04,0.0,0.05,107.0,1764.0,0.73437765625,False,PUT,2026-01-30,CAG
CAG260130P00017000,17.0,0.05,0.0,0.05,36.0,1594.0,0.523442265625,False,PUT,2026-01-30,CAG
CAG260130P00017500,17.5,0.05,0.0,0.05,596.0,1717.0,0.3789124609375,False,PUT,2026-01-30,CAG
CAG260130P00018000,18.0,0.22,0.05,0.25,47.0,103.0,0.41797457031249996,True,PUT,2026-01-30,CAG
CAG260130P00018500,18.5,0.65,0.0,1.9,2.0,13.0,1.1796916015624999,True,PUT,2026-01-30,CAG
CAG260130P00019000,19.0,1.17,1.05,1.3,2.0,0.0,0.8632826171875,True,PUT,2026-01-30,CAG
CAG260130P00020000,20.0,2.07,2.1,2.6,1.0,1.0,1.7968760156249999,True,PUT,2026-01-30,CAG
CAG260130P00020500,20.5,3.36,2.25,4.7,1.0,0.0,3.4218764453125,True,PUT,2026-01-30,CAG
CAG260130P00021000,21.0,3.1,3.0,3.4,2.0,2.0,1.78125109375,True,PUT,2026-01-30,CAG
CAG260206C00013000,13.0,4.9,2.85,7.0,2.0,0.0,4.30273899658203,True,CALL,2026-02-06,CAG
CAG260206C00013500,13.5,4.5,2.9,6.5,6.0,1.0,1.609376953125,True,CALL,2026-02-06,CAG
CAG260206C00014000,14.0,3.95,1.85,6.0,2.0,1.0,3.7695318261718755,True,CALL,2026-02-06,CAG
CAG260206C00014500,14.5,3.3,1.35,4.9,4.0,2.0,2.841799770507812,True,CALL,2026-02-06,CAG
CAG260206C00015000,15.0,2.85,1.45,4.3,4.0,1.0,2.5058631103515623,True,CALL,2026-02-06,CAG
CAG260206C00015500,15.5,2.37,0.95,4.5,2.0,1.0,1.0468797656250002,True,CALL,2026-02-06,CAG
CAG260206C00016000,16.0,1.65,0.45,2.4,2.0,53.0,1.11328568359375,True,CALL,2026-02-06,CAG
CAG260206C00016500,16.5,1.35,0.2,3.5,2.0,1.0,0.8906260937499999,True,CALL,2026-02-06,CAG
CAG260206C00017000,17.0,0.81,0.0,2.6,8.0,106.0,0.6699251757812501,True,CALL,2026-02-06,CAG
CAG260206C00017500,17.5,0.6,0.45,0.55,18.0,91.0,0.24414818359375,True,CALL,2026-02-06,CAG
CAG260206C00018000,18.0,0.23,0.15,0.25,106.0,1579.0,0.2461012890625,False,CALL,2026-02-06,CAG
CAG260206C00018500,18.5,0.06,0.05,0.1,69.0,2464.0,0.2617261328125,False,CALL,2026-02-06,CAG
CAG260206C00019000,19.0,0.04,0.0,0.05,22.0,56.0,0.304694453125,False,CALL,2026-02-06,CAG
CAG260206C00019500,19.5,0.04,0.0,0.05,10.0,211.0,0.398443515625,False,CALL,2026-02-06,CAG
CAG260206C00020000,20.0,0.08,0.0,0.05,10.0,10.0,0.48438015625,False,CALL,2026-02-06,CAG
CAG260206P00014500,14.5,0.03,0.0,2.15,5.0,1.0,2.4023477441406245,False,PUT,2026-02-06,CAG
CAG260206P00015000,15.0,0.03,0.0,0.25,4.0,54.0,0.9257819921875,False,PUT,2026-02-06,CAG
CAG260206P00015500,15.5,0.03,0.0,2.15,1.0,329.0,1.9902344238281249,False,PUT,2026-02-06,CAG
CAG260206P00016000,16.0,0.05,0.0,0.05,107.0,192.0,0.5195360546875,False,PUT,2026-02-06,CAG
CAG260206P00016500,16.5,0.05,0.0,0.55,200.0,500.0,0.7402369726562499,False,PUT,2026-02-06,CAG
CAG260206P00017000,17.0,0.06,0.05,0.1,287.0,802.0,0.37500625,False,PUT,2026-02-06,CAG
CAG260206P00017500,17.5,0.12,0.1,0.15,5.0,450.0,0.2929758203124999,False,PUT,2026-02-06,CAG
CAG260206P00018000,18.0,0.3,0.3,0.4,19.0,360.0,0.33008482421874996,True,PUT,2026-02-06,CAG
CAG260206P00018500,18.5,0.72,0.2,1.0,2.0,3.0,0.6015664843750002,True,PUT,2026-02-06,CAG
CAG260206P00019000,19.0,2.69,0.65,2.85,8.0,2.0,0.992187578125,True,PUT,2026-02-06,CAG
CAG260206P00020000,20.0,2.24,1.65,4.2,1.0,1.0,1.4375028125,True,PUT,2026-02-06,CAG
CAG260206P00022000,22.0,5.1,2.05,5.4,5.0,6.0,2.3691447021484366,True,PUT,2026-02-06,CAG
CAG260213C00015000,15.0,3.05,1.7,4.9,2.0,0.0,0.9804689453125001,True,CALL,2026-02-13,CAG
CAG260213C00015500,15.5,2.42,1.2,3.8,2.0,1.0,1.716798291015625,True,CALL,2026-02-13,CAG
CAG260213C00016000,16.0,1.45,0.75,2.7,15.0,2.0,1.0859420703125,True,CALL,2026-02-13,CAG
CAG260213C00016500,16.5,1.75,0.25,3.3,168.0,6.0,0.6035195898437502,True,CALL,2026-02-13,CAG
CAG260213C00017000,17.0,1.08,0.1,2.55,5.0,17.0,0.5214891601562499,True,CALL,2026-02-13,CAG
CAG260213C00017500,17.5,0.7,0.55,0.7,55.0,33.0,0.29883513671874995,True,CALL,2026-02-13,CAG
CAG260213C00018000,18.0,0.35,0.25,0.35,157.0,887.0,0.25098405273437496,False,CALL,2026-02-13,CAG
CAG260213C00018500,18.5,0.16,0.1,0.2,11.0,353.0,0.27637442382812494,False,CALL,2026-02-13,CAG
CAG260213P00014000,14.0,0.08,0.0,0.7,,1.0,1.2148476757812499,False,PUT,2026-02-13,CAG
CAG260213P00014500,14.5,0.08,0.0,0.7,,20.0,1.09375453125,False,PUT,2026-02-13,CAG
CAG260213P00015000,15.0,0.02,0.0,0.3,15.0,40.0,0.7324245507812499,False,PUT,2026-02-13,CAG
CAG260213P00015500,15.5,0.01,0.0,0.7,5.0,58.0,0.85742330078125,False,PUT,2026-02-13,CAG
CAG260213P00016000,16.0,0.06,0.0,0.55,75.0,503.0,0.6679720703125002,False,PUT,2026-02-13,CAG
CAG260213P00016500,16.5,0.07,0.05,0.1,1.0,131.0,0.37695935546875,False,PUT,2026-02-13,CAG
CAG260213P00017000,17.0,0.1,0.1,0.15,55.0,461.0,0.33008482421874996,False,PUT,2026-02-13,CAG
CAG260213P00017500,17.5,0.21,0.15,0.3,7.0,325.0,0.3320379296875,False,PUT,2026-02-13,CAG
CAG260213P00018000,18.0,1.3,0.35,0.45,6.0,8.0,0.28125718749999995,True,PUT,2026-02-13,CAG
CAG260213P00018500,18.5,0.6,0.65,0.85,1.0,1.0,0.34570966796874997,True,PUT,2026-02-13,CAG
CAG260220C00014000,14.0,2.9,2.3,5.3,2.0,0.0,1.8457038964843748,True,CALL,2026-02-20,CAG
CAG260220C00015000,15.0,3.1,2.65,4.3,1.0,4.0,0.96679720703125,True,CALL,2026-02-20,CAG
CAG260220C00016000,16.0,2.0,0.95,2.8,27.0,65.0,0.9726565234375,True,CALL,2026-02-20,CAG
CAG260220C00017000,17.0,1.07,0.0,3.1,6.0,324.0,0.57617611328125,True,CALL,2026-02-20,CAG
CAG260220C00017500,17.5,0.72,0.6,0.75,362.0,2182.0,0.27930408203124996,True,CALL,2026-02-20,CAG
CAG260220C00018000,18.0,0.42,0.35,0.5,1598.0,4715.0,0.2929758203124999,False,CALL,2026-02-20,CAG
CAG260220C00018500,18.5,0.25,0.15,0.3,579.0,549.0,0.2919992675781249,False,CALL,2026-02-20,CAG
CAG260220C00019000,19.0,0.1,0.05,0.15,64.0,1670.0,0.278327529296875,False,CALL,2026-02-20,CAG
CAG260220C00020000,20.0,0.01,0.0,0.05,1.0,294.0,0.30274134765625,False,CALL,2026-02-20,CAG
CAG260220P00013000,13.0,0.04,0.0,2.15,4.0,5.0,1.9062504687500001,False,PUT,2026-02-20,CAG
CAG260220P00013500,13.5,0.01,0.0,2.15,,2.0,1.7685558447265624,False,PUT,2026-02-20,CAG
CAG260220P00014000,14.0,0.02,0.0,2.15,1.0,15.0,1.6347674511718748,False,PUT,2026-02-20,CAG
CAG260220P00015000,15.0,0.04,0.0,0.1,100.0,720.0,0.5449264257812501,False,PUT,2026-02-20,CAG
CAG260220P00016000,16.0,0.08,0.05,0.1,2.0,1808.0,0.39063109375,False,PUT,2026-02-20,CAG
CAG260220P00016500,16.5,0.1,0.05,0.15,10.0,28.0,0.36133451171875,False,PUT,2026-02-20,CAG
CAG260220P00017000,17.0,0.17,0.1,0.2,85.0,1864.0,0.31250687499999996,False,PUT,2026-02-20,CAG
CAG260220P00017500,17.5,0.28,0.25,0.35,82.0,218.0,0.30664755859375,False,PUT,2026-02-20,CAG
CAG260220P00018000,18.0,0.5,0.4,0.5,390.0,303.0,0.26270268554687504,True,PUT,2026-02-20,CAG
CAG260220P00018500,18.5,0.79,0.65,0.8,40.0,14.0,0.25879647460937505,True,PUT,2026-02-20,CAG
CAG260220P00019000,19.0,1.2,0.95,1.35,2.0,18.0,0.3789124609375,True,PUT,2026-02-20,CAG
CAG260220P00020000,20.0,2.49,0.05,3.7,5.0,19.0,1.3457063964843747,True,PUT,2026-02-20,CAG
CAG260220P00022000,22.0,4.1,2.05,5.3,4.0,0.0,1.4228544482421874,True,PUT,2026-02-20,CAG
CAG260227C00016500,16.5,1.55,0.35,3.4,2.0,0.0,0.5029346582031251,True,CALL,2026-02-27,CAG
CAG260227C00017000,17.0,1.05,0.75,3.1,3.0,0.0,0.70312796875,True,CALL,2026-02-27,CAG
CAG260227C00017500,17.5,0.57,0.75,0.85,18.0,218.0,0.29688203124999996,True,CALL,2026-02-27,CAG
CAG260227C00018000,18.0,0.5,0.45,0.5,228.0,696.0,0.256843369140625,False,CALL,2026-02-27,CAG
CAG260227C00018500,18.5,0.3,0.25,0.3,205.0,471.0,0.25586681640625003,False,CALL,2026-02-27,CAG
CAG260227C00019000,19.0,0.1,0.1,0.2,46.0,113.0,0.27539787109374997,False,CALL,2026-02-27,CAG
CAG260227C00020000,20.0,0.13,0.0,2.15,,10.0,0.893555751953125,False,CALL,2026-02-27,CAG
CAG260227P00014500,14.5,0.07,0.0,2.15,,1.0,1.3154331103515622,False,PUT,2026-02-27,CAG
CAG260227P00015000,15.0,0.05,0.0,0.25,1.0,21.0,0.507817421875,False,PUT,2026-02-27,CAG
CAG260227P00015500,15.5,0.2,0.0,2.15,2.0,3.0,1.08984830078125,False,PUT,2026-02-27,CAG
CAG260227P00016000,16.0,0.12,0.0,1.0,21.0,53.0,0.63867548828125,False,PUT,2026-02-27,CAG
CAG260227P00016500,16.5,0.15,0.05,0.15,14.0,58.0,0.31641308593749995,False,PUT,2026-02-27,CAG
CAG260227P00017000,17.0,0.18,0.15,0.2,115.0,374.0,0.274421318359375,False,PUT,2026-02-27,CAG
CAG260227P00017500,17.5,0.3,0.3,0.35,120.0,162.0,0.26856200195312496,False,PUT,2026-02-27,CAG
CAG260227P00018000,18.0,0.55,0.5,0.55,112.0,20.0,0.25391371093750004,True,PUT,2026-02-27,CAG
CAG260227P00019000,19.0,1.25,0.05,3.1,2.0,5.0,1.2070352148437498,True,PUT,2026-02-27,CAG
CAG260306C00014000,14.0,4.1,2.7,5.3,2.0,0.0,1.4560574072265624,True,CALL,2026-03-06,CAG
CAG260306C00014500,14.5,2.99,2.0,5.0,,0.0,1.4570339648437498,True,CALL,2026-03-06,CAG
CAG260306C00017500,17.5,0.95,0.8,0.95,10.0,72.0,0.313483427734375,True,CALL,2026-03-06,CAG
CAG260306C00018000,18.0,0.55,0.55,0.65,10.0,76.0,0.29688203124999996,False,CALL,2026-03-06,CAG
CAG260306C00018500,18.5,0.35,0.3,0.4,1.0,153.0,0.27637442382812494,False,CALL,2026-03-06,CAG
CAG260306C00019000,19.0,0.17,0.15,0.25,4.0,45.0,0.27539787109374997,False,CALL,2026-03-06,CAG
CAG260306P00014000,14.0,0.06,0.0,2.15,2.0,2.0,1.2880894970703123,False,PUT,2026-03-06,CAG
CAG260306P00015000,15.0,0.09,0.0,2.2,10.0,20.0,1.0957076464843751,False,PUT,2026-03-06,CAG
CAG260306P00016000,16.0,0.2,0.05,0.45,1.0,1.0,0.5468795312500001,False,PUT,2026-03-06,CAG
CAG260306P00017000,17.0,0.22,0.15,0.3,66.0,9.0,0.301764794921875,False,PUT,2026-03-06,CAG
CAG260306P00017500,17.5,0.35,0.3,0.6,1.0,9.0,0.3569400244140625,False,PUT,2026-03-06,CAG
CAG260306P00018000,18.0,0.65,0.3,0.6,1.0,12.0,0.25098405273437496,True,PUT,2026-03-06,CAG
CAG260320C00013000,13.0,4.95,3.7,7.1,2.0,1.0,0.8964854101562498,True,CALL,2026-03-20,CAG
CAG260320C00014000,14.0,4.1,1.95,6.1,157.0,8.0,1.6308612207031248,True,CALL,2026-03-20,CAG
CAG260320C00015000,15.0,3.2,2.7,3.3,4.0,212.0,0.5498091894531252,True,CALL,2026-03-20,CAG
CAG260320C00016000,16.0,2.2,1.9,3.1,3.0,177.0,0.5161181201171875,True,CALL,2026-03-20,CAG
CAG260320C00017000,17.0,1.28,1.25,1.4,16.0,2502.0,0.3242255078124999,True,CALL,2026-03-20,CAG
CAG260320C00018000,18.0,0.67,0.6,0.7,296.0,4575.0,0.27149166015625,False,CALL,2026-03-20,CAG
CAG260320C00019000,19.0,0.24,0.2,0.3,49.0,4856.0,0.25586681640625003,False,CALL,2026-03-20,CAG
CAG260320C00020000,20.0,0.1,0.05,0.15,3.0,3306.0,0.27735097656249996,False,CALL,2026-03-20,CAG
CAG260320C00021000,21.0,0.07,0.0,0.05,1.0,6307.0,0.2695385546875,False,CALL,2026-03-20,CAG
CAG260320C00022000,22.0,0.08,0.0,0.1,2.0,1519.0,0.38477177734374995,False,CALL,2026-03-20,CAG
CAG260320C00023000,23.0,0.05,0.0,0.1,1.0,668.0,0.445318046875,False,CALL,2026-03-20,CAG
CAG260320P00013000,13.0,0.05,0.0,0.7,6.0,68.0,0.8203142968749999,False,PUT,2026-03-20,CAG
CAG260320P00014000,14.0,0.07,0.0,0.2,5.0,3043.0,0.56836369140625,False,PUT,2026-03-20,CAG
CAG260320P00015000,15.0,0.08,0.05,0.1,47.0,1403.0,0.36524072265625,False,PUT,2026-03-20,CAG
CAG260320P00016000,16.0,0.13,0.1,0.15,6.0,5826.0,0.29883513671874995,False,PUT,2026-03-20,CAG
CAG260320P00017000,17.0,0.3,0.25,0.35,118.0,2929.0,0.27930408203124996,False,PUT,2026-03-20,CAG
CAG260320P00018000,18.0,0.65,0.65,0.75,71.0,3604.0,0.2695385546875,True,PUT,2026-03-20,CAG
CAG260320P00019000,19.0,1.36,1.15,2.2,2.0,766.0,0.5888712988281251,True,PUT,2026-03-20,CAG
CAG260320P00020000,20.0,2.17,1.65,2.35,13.0,409.0,0.35645174804687496,True,PUT,2026-03-20,CAG
CAG260320P00021000,21.0,3.2,1.05,4.9,4.0,14.0,1.0908248583984377,True,PUT,2026-03-20,CAG
CAG260320P00022000,22.0,4.25,2.05,6.2,2.0,46.0,1.3056675341796873,True,PUT,2026-03-20,CAG
CAG260320P00023000,23.0,5.25,3.0,7.2,2.0,0.0,1.3974639501953123,True,PUT,2026-03-20,CAG
CAG260618C00013000,13.0,5.05,4.3,7.2,1.0,2.0,0.6752962158203126,True,CALL,2026-06-18,CAG
CAG260618C00014000,14.0,4.15,3.4,5.5,10.0,16.0,0.805666005859375,True,CALL,2026-06-18,CAG
CAG260618C00015000,15.0,3.3,2.8,3.8,1.0,221.0,0.49023947265625006,True,CALL,2026-06-18,CAG
CAG260618C00016000,16.0,2.45,2.2,2.65,120.0,810.0,0.352545537109375,True,CALL,2026-06-18,CAG
CAG260618C00017000,17.0,1.65,1.65,1.8,44.0,2562.0,0.29395237304687494,True,CALL,2026-06-18,CAG
CAG260618C00018000,18.0,1.1,1.05,1.25,233.0,3787.0,0.28711650390624993,False,CALL,2026-06-18,CAG
CAG260618C00019000,19.0,0.7,0.7,0.8,108.0,3653.0,0.2749095947265625,False,CALL,2026-06-18,CAG
CAG260618C00020000,20.0,0.45,0.4,0.45,263.0,2754.0,0.257819921875,False,CALL,2026-06-18,CAG
CAG260618C00021000,21.0,0.25,0.25,0.3,28.0,825.0,0.26856200195312496,False,CALL,2026-06-18,CAG
CAG260618C00022000,22.0,0.18,0.1,0.2,1.0,273.0,0.27735097656249996,False,CALL,2026-06-18,CAG
CAG260618C00023000,23.0,0.12,0.05,0.15,42.0,1343.0,0.29492892578124996,False,CALL,2026-06-18,CAG
CAG260618P00013000,13.0,0.14,0.0,0.15,1.0,109.0,0.38477177734374995,False,PUT,2026-06-18,CAG
CAG260618P00014000,14.0,0.18,0.1,0.7,1.0,656.0,0.5385788330078126,False,PUT,2026-06-18,CAG
CAG260618P00015000,15.0,0.27,0.3,0.35,20.0,2395.0,0.32910827148437494,False,PUT,2026-06-18,CAG
CAG260618P00016000,16.0,0.41,0.45,0.55,22.0,2933.0,0.3090889404296875,False,PUT,2026-06-18,CAG
CAG260618P00017000,17.0,0.75,0.75,0.9,35.0,2382.0,0.3051827294921875,False,PUT,2026-06-18,CAG
CAG260618P00018000,18.0,1.2,1.2,1.35,2.0,1513.0,0.2973703076171874,True,PUT,2026-06-18,CAG
CAG260618P00019000,19.0,1.8,1.7,1.9,52.0,457.0,0.28565167480468745,True,PUT,2026-06-18,CAG
CAG260618P00020000,20.0,2.9,2.45,2.65,2.0,253.0,0.295905478515625,True,PUT,2026-06-18,CAG
CAG260618P00021000,21.0,3.32,2.85,4.9,2.0,65.0,0.6562534375000001,True,PUT,2026-06-18,CAG
CAG260618P00022000,22.0,4.82,3.0,6.4,9.0,57.0,0.8305681005859374,True,PUT,2026-06-18,CAG
CAG260618P00023000,23.0,6.39,4.4,7.4,1.0,47.0,0.524418818359375,True,PUT,2026-06-18,CAG
CAG260918C00013000,13.0,4.87,3.0,7.2,,2.0,0.8940440283203124,True,CALL,2026-09-18,CAG
CAG260918C00014000,14.0,4.05,3.4,6.3,2.0,0.0,0.8081073876953124,True,CALL,2026-09-18,CAG
CAG260918C00016000,16.0,3.0,2.55,2.8,2.0,11.0,0.305671005859375,True,CALL,2026-09-18,CAG
CAG260918C00017000,17.0,1.65,1.85,2.1,1.0,125.0,0.2846751220703124,True,CALL,2026-09-18,CAG
CAG260918C00018000,18.0,1.4,1.25,1.55,9.0,412.0,0.2758861474609374,False,CALL,2026-09-18,CAG
CAG260918C00019000,19.0,1.0,0.85,1.15,31.0,294.0,0.27637442382812494,False,CALL,2026-09-18,CAG
CAG260918C00020000,20.0,0.66,0.55,0.75,1.0,173.0,0.25977302734375,False,CALL,2026-09-18,CAG
CAG260918C00021000,21.0,0.4,0.35,0.65,12.0,57.0,0.28711650390624993,False,CALL,2026-09-18,CAG
CAG260918C00022000,22.0,0.33,0.2,0.4,41.0,56.0,0.2710033837890625,False,CALL,2026-09-18,CAG
CAG260918C00023000,23.0,0.28,0.15,0.3,9.0,155.0,0.278327529296875,False,CALL,2026-09-18,CAG
CAG260918P00013000,13.0,0.37,0.2,0.65,,46.0,0.4804739453125,False,PUT,2026-09-18,CAG
CAG260918P00014000,14.0,0.4,0.3,0.5,100.0,12.0,0.36377589355468753,False,PUT,2026-09-18,CAG
CAG260918P00015000,15.0,0.6,0.45,0.7,10.0,19.0,0.3452213916015625,False,PUT,2026-09-18,CAG
CAG260918P00016000,16.0,0.78,0.65,0.95,101.0,25.0,0.32569033691406246,False,PUT,2026-09-18,CAG
CAG260918P00017000,17.0,1.27,1.0,1.3,8.0,26.0,0.31201859863281245,False,PUT,2026-09-18,CAG
CAG260918P00018000,18.0,1.55,1.55,1.75,20.0,227.0,0.30152065673828127,True,PUT,2026-09-18,CAG
CAG260918P00021000,21.0,3.66,3.0,5.8,1.0,29.0,0.6687044848632814,True,PUT,2026-09-18,CAG
CAG260918P00022000,22.0,4.35,3.9,5.8,6.0,29.0,0.5393112475585939,True,PUT,2026-09-18,CAG
CAG270115C00015000,15.0,3.5,3.4,3.8,159.0,3102.0,0.3103096313476562,True,CALL,2027-01-15,CAG
CAG270115C00020000,20.0,1.01,0.95,1.05,239.0,6658.0,0.256843369140625,False,CALL,2027-01-15,CAG
CAG270115C00023000,23.0,0.41,0.3,0.5,202.0,1153.0,0.26929441650390623,False,CALL,2027-01-15,CAG
CAG270115P00015000,15.0,0.9,0.8,1.05,534.0,2737.0,0.3464420825195312,False,PUT,2027-01-15,CAG
CAG270115P00020000,20.0,3.3,3.2,3.5,9.0,5652.0,0.31519239501953117,True,PUT,2027-01-15,CAG
CAG270115P00023000,23.0,5.58,4.5,6.9,11.0,707.0,0.48828636718750007,True,PUT,2027-01-15,CAG
CAG280121C00013000,13.0,5.5,4.1,7.9,22.0,312.0,0.6035195898437502,True,CALL,2028-01-21,CAG
CAG280121C00015000,15.0,4.0,2.9,4.4,6.0,464.0,0.29175512939453113,True,CALL,2028-01-21,CAG
CAG280121C00017000,17.0,2.7,2.3,3.5,54.0,1862.0,0.3086006640625,True,CALL,2028-01-21,CAG
CAG280121C00020000,20.0,1.88,1.5,1.95,30.0,1379.0,0.27027096923828126,False,CALL,2028-01-21,CAG
CAG280121C00022000,22.0,1.4,0.8,1.9,15.0,385.0,0.3217841259765625,False,CALL,2028-01-21,CAG
CAG280121P00013000,13.0,1.11,0.0,1.6,26.0,348.0,0.4165097412109374,False,PUT,2028-01-21,CAG
CAG280121P00015000,15.0,1.65,1.5,1.85,5.0,838.0,0.33960621337890623,False,PUT,2028-01-21,CAG
CAG280121P00017000,17.0,2.21,2.3,3.7,260.0,1580.0,0.4304256176757813,False,PUT,2028-01-21,CAG
CAG280121P00020000,20.0,4.2,3.5,5.0,13.0,475.0,0.36963520996093746,True,PUT,2028-01-21,CAG
CAG280121P00022000,22.0,5.41,3.0,6.8,7.0,94.0,0.40698835205078127,True,PUT,2028-01-21,CAG
CARR260220C00045000,45.0,12.34,13.2,16.0,2.0,40.0,0.6718782812500002,True,CALL,2026-02-20,CARR
CARR260220C00050000,50.0,8.8,8.7,10.1,1.0,5.0,0.6557651611328126,True,CALL,2026-02-20,CARR
CARR260220C00052500,52.5,7.53,6.6,7.9,15.0,169.0,0.6020547607421877,True,CALL,2026-02-20,CARR
CARR260220C00055000,55.0,5.0,5.3,5.7,2.0,719.0,0.5214891601562499,True,CALL,2026-02-20,CARR
CARR260220C00057500,57.5,3.6,3.5,3.8,356.0,2409.0,0.4672904833984375,True,CALL,2026-02-20,CARR
CARR260220C00060000,60.0,2.3,2.15,2.3,760.0,5888.0,0.43164630859375,False,CALL,2026-02-20,CARR
CARR260220C00062500,62.5,1.29,1.3,1.5,28.0,1262.0,0.45435115966796874,False,CALL,2026-02-20,CARR
CARR260220C00065000,65.0,0.63,0.55,0.7,29.0,348.0,0.4155331884765625,False,CALL,2026-02-20,CARR
CARR260220C00070000,70.0,0.05,0.05,0.2,16.0,15.0,0.432622861328125,False,CALL,2026-02-20,CARR
CARR260220C00075000,75.0,0.42,0.0,0.0,,4.0,0.2500075,False,CALL,2026-02-20,CARR
CARR260220P00042500,42.5,0.22,0.05,0.75,1.0,1252.0,0.9326178613281251,False,PUT,2026-02-20,CARR
CARR260220P00045000,45.0,0.1,0.05,0.15,7.0,17397.0,0.6015664843750002,False,PUT,2026-02-20,CARR
CARR260220P00047500,47.5,0.18,0.1,0.35,6.0,19064.0,0.5908244042968751,False,PUT,2026-02-20,CARR
CARR260220P00050000,50.0,0.25,0.2,0.4,6.0,346.0,0.516606396484375,False,PUT,2026-02-20,CARR
CARR260220P00052500,52.5,0.43,0.35,0.55,82.0,662.0,0.4858449853515625,False,PUT,2026-02-20,CARR
CARR260220P00055000,55.0,0.95,0.85,1.25,19.0,764.0,0.5151415673828125,False,PUT,2026-02-20,CARR
CARR260220P00057500,57.5,1.75,1.4,2.0,11.0,1552.0,0.4885305053710938,False,PUT,2026-02-20,CARR
CARR260220P00060000,60.0,2.6,2.5,2.85,399.0,34.0,0.42676354492187507,True,PUT,2026-02-20,CARR
CARR260220P00062500,62.5,4.2,3.9,4.4,6.0,4.0,0.42163664306640625,True,PUT,2026-02-20,CARR
CARR260220P00065000,65.0,10.85,0.0,0.0,,10.0,1.0000000000000003e-05,True,PUT,2026-02-20,CARR
CARR260220P00070000,70.0,17.1,10.2,11.9,1.0,0.0,0.5366257275390626,True,PUT,2026-02-20,CARR
CARR260320C00042500,42.5,14.65,15.7,18.1,1.0,4.0,0.8481460498046874,True,CALL,2026-03-20,CARR
CARR260320C00045000,45.0,14.51,13.8,15.3,12.0,22.0,0.6728548339843752,True,CALL,2026-03-20,CARR
CARR260320C00047500,47.5,10.35,11.4,12.8,1.0,7.0,0.57617611328125,True,CALL,2026-03-20,CARR
CARR260320C00050000,50.0,9.17,9.2,10.6,1.0,99.0,0.5371140039062501,True,CALL,2026-03-20,CARR
CARR260320C00052500,52.5,8.21,7.2,8.4,2.0,52.0,0.48413601806640627,True,CALL,2026-03-20,CARR
CARR260320C00055000,55.0,6.0,6.0,6.5,31.0,386.0,0.45752495605468757,True,CALL,2026-03-20,CARR
CARR260320C00057500,57.5,4.45,4.3,4.7,50.0,2271.0,0.42017181396484377,True,CALL,2026-03-20,CARR
CARR260320C00060000,60.0,3.1,3.0,3.3,84.0,2307.0,0.40259386474609377,False,CALL,2026-03-20,CARR
CARR260320C00062500,62.5,2.1,1.95,2.15,240.0,11020.0,0.3825745336914062,False,CALL,2026-03-20,CARR
CARR260320C00065000,65.0,1.25,1.15,1.45,84.0,2199.0,0.3850159155273437,False,CALL,2026-03-20,CARR
CARR260320C00067500,67.5,0.75,0.65,0.85,24.0,730.0,0.3711000390625,False,CALL,2026-03-20,CARR
CARR260320C00070000,70.0,0.35,0.35,0.5,44.0,673.0,0.3667055517578125,False,CALL,2026-03-20,CARR
CARR260320C00072500,72.5,0.24,0.2,0.3,127.0,756.0,0.36865865722656255,False,CALL,2026-03-20,CARR
CARR260320C00075000,75.0,0.34,0.05,0.3,10.0,1755.0,0.414068359375,False,CALL,2026-03-20,CARR
CARR260320P00042500,42.5,0.25,0.05,0.65,3.0,132.0,0.6064492480468751,False,PUT,2026-03-20,CARR
CARR260320P00045000,45.0,0.25,0.05,0.35,1.0,293.0,0.5224657128906249,False,PUT,2026-03-20,CARR
CARR260320P00047500,47.5,0.45,0.25,0.35,2.0,331.0,0.44043528320312497,False,PUT,2026-03-20,CARR
CARR260320P00050000,50.0,0.66,0.4,0.85,60.0,15361.0,0.47559118164062497,False,PUT,2026-03-20,CARR
CARR260320P00052500,52.5,1.55,0.75,1.0,5.0,879.0,0.40772076660156253,False,PUT,2026-03-20,CARR
CARR260320P00055000,55.0,1.5,1.25,1.55,3.0,979.0,0.38721315917968746,False,PUT,2026-03-20,CARR
CARR260320P00057500,57.5,2.25,2.1,2.35,10.0,625.0,0.36963520996093746,False,PUT,2026-03-20,CARR
CARR260320P00060000,60.0,3.53,3.2,3.5,20.0,666.0,0.35986968261718744,True,PUT,2026-03-20,CARR
CARR260320P00062500,62.5,5.6,4.6,4.8,53.0,403.0,0.33179379150390625,True,PUT,2026-03-20,CARR
CARR260320P00065000,65.0,11.62,6.3,6.5,10.0,684.0,0.31250687499999996,True,PUT,2026-03-20,CARR
CARR260320P00067500,67.5,15.65,15.4,16.4,1.0,115.0,1.2175332092285154,True,PUT,2026-03-20,CARR
CARR260320P00070000,70.0,16.6,10.2,11.9,10.0,399.0,0.5092822509765625,True,PUT,2026-03-20,CARR
CARR260320P00072500,72.5,13.4,17.8,19.7,10.0,65.0,1.1298871630859377,True,PUT,2026-03-20,CARR
CARR260320P00075000,75.0,21.49,14.2,17.2,7.0,22.0,0.6760286303710938,True,PUT,2026-03-20,CARR
CARR260618C00042500,42.5,12.84,16.5,18.7,2.0,2.0,0.5891154370117189,True,CALL,2026-06-18,CARR
CARR260618C00045000,45.0,10.54,14.5,16.1,2.0,10.0,0.5070850073242188,True,CALL,2026-06-18,CARR
CARR260618C00047500,47.5,12.8,12.4,14.0,1.0,15.0,0.481450498046875,True,CALL,2026-06-18,CARR
CARR260618C00050000,50.0,10.13,10.4,12.0,1.0,45.0,0.45825737060546884,True,CALL,2026-06-18,CARR
CARR260618C00052500,52.5,9.45,9.6,10.2,2.0,73.0,0.44360907958984375,True,CALL,2026-06-18,CARR
CARR260618C00055000,55.0,8.1,7.9,8.1,34.0,206.0,0.3969786865234375,True,CALL,2026-06-18,CARR
CARR260618C00057500,57.5,6.3,6.3,6.8,36.0,56.0,0.40039662109375,True,CALL,2026-06-18,CARR
CARR260618C00060000,60.0,5.01,4.9,5.4,7.0,1491.0,0.3848938464355468,False,CALL,2026-06-18,CARR
CARR260618C00062500,62.5,3.9,3.8,4.2,2.0,226.0,0.3717103845214844,False,CALL,2026-06-18,CARR
CARR260618C00065000,65.0,3.0,3.0,3.3,1634.0,1788.0,0.36780417358398443,False,CALL,2026-06-18,CARR
CARR260618C00067500,67.5,2.32,2.2,2.55,9.0,139.0,0.36365382446289063,False,CALL,2026-06-18,CARR
CARR260618C00070000,70.0,1.7,1.55,1.8,5.0,750.0,0.3479069116210937,False,CALL,2026-06-18,CARR
CARR260618C00072500,72.5,1.3,1.15,1.4,14.0,264.0,0.3508365698242187,False,CALL,2026-06-18,CARR
CARR260618C00075000,75.0,0.99,0.8,1.15,2.0,154.0,0.36035795898437495,False,CALL,2026-06-18,CARR
CARR260618P00042500,42.5,1.05,0.35,0.9,5.0,1674.0,0.4682670361328125,False,PUT,2026-06-18,CARR
CARR260618P00045000,45.0,1.06,0.75,1.3,1.0,210.0,0.46143116699218756,False,PUT,2026-06-18,CARR
CARR260618P00047500,47.5,1.22,1.05,1.35,3.0,587.0,0.4035704174804688,False,PUT,2026-06-18,CARR
CARR260618P00050000,50.0,1.9,1.5,1.85,8.0,1191.0,0.39087523193359375,False,PUT,2026-06-18,CARR
CARR260618P00052500,52.5,2.55,2.1,2.4,1.0,749.0,0.3714662463378906,False,PUT,2026-06-18,CARR
CARR260618P00055000,55.0,3.1,2.85,3.2,6.0,2022.0,0.3610903735351562,False,PUT,2026-06-18,CARR
CARR260618P00057500,57.5,4.6,3.8,4.1,1.0,597.0,0.3458317370605468,False,PUT,2026-06-18,CARR
CARR260618P00060000,60.0,5.3,4.9,5.4,19.0,1075.0,0.3455875988769531,True,PUT,2026-06-18,CARR
CARR260618P00062500,62.5,7.6,6.2,6.6,1.0,270.0,0.32532412963867186,True,PUT,2026-06-18,CARR
CARR260618P00065000,65.0,13.17,7.8,8.2,10.0,481.0,0.3194648132324218,True,PUT,2026-06-18,CARR
CARR260618P00067500,67.5,16.16,0.0,16.8,1.0,449.0,0.7934590966796875,True,PUT,2026-06-18,CARR
CARR260618P00070000,70.0,17.52,0.0,19.2,1.0,294.0,0.8366715551757811,True,PUT,2026-06-18,CARR
CARR260618P00072500,72.5,16.1,0.0,0.0,18.0,212.0,1.0000000000000003e-05,True,PUT,2026-06-18,CARR
CARR260618P00075000,75.0,18.5,15.3,17.3,1.0,288.0,0.41602146484374997,True,PUT,2026-06-18,CARR
CARR260918C00042500,42.5,19.4,12.9,16.4,,4.0,1.0000000000000003e-05,True,CALL,2026-09-18,CARR
CARR260918C00045000,45.0,13.89,15.3,17.3,5.0,48.0,0.495122236328125,True,CALL,2026-09-18,CARR
CARR260918C00047500,47.5,10.0,13.3,15.1,5.0,10.0,0.4572808178710938,True,CALL,2026-09-18,CARR
CARR260918C00050000,50.0,9.55,11.5,13.3,1.0,36.0,0.44421942504882805,True,CALL,2026-09-18,CARR
CARR260918C00052500,52.5,9.61,10.8,11.6,6.0,6.0,0.4312801013183594,True,CALL,2026-09-18,CARR
CARR260918C00055000,55.0,6.5,9.2,10.0,3.0,68.0,0.41809663940429687,True,CALL,2026-09-18,CARR
CARR260918C00057500,57.5,6.8,7.7,8.6,1.0,9.0,0.4096738720703125,True,CALL,2026-09-18,CARR
CARR260918C00060000,60.0,6.8,6.4,7.5,1.0,49.0,0.41089456298828125,False,CALL,2026-09-18,CARR
CARR260918C00062500,62.5,3.6,5.2,6.1,2.0,132.0,0.389654541015625,False,CALL,2026-09-18,CARR
CARR260918C00065000,65.0,3.6,4.3,5.0,1.0,89.0,0.37781383911132804,False,CALL,2026-09-18,CARR
CARR260918C00067500,67.5,3.6,3.7,4.1,6.0,1144.0,0.3702455554199219,False,CALL,2026-09-18,CARR
CARR260918C00070000,70.0,2.9,2.75,3.4,5.0,50.0,0.3675600354003906,False,CALL,2026-09-18,CARR
CARR260918C00072500,72.5,2.0,2.2,3.2,11.0,64.0,0.38892212646484375,False,CALL,2026-09-18,CARR
CARR260918C00075000,75.0,2.05,1.8,2.2,51.0,113.0,0.3562076098632812,False,CALL,2026-09-18,CARR
CARR260918P00042500,42.5,1.68,1.05,1.85,1.0,12.0,0.46521530883789064,False,PUT,2026-09-18,CARR
CARR260918P00045000,45.0,1.75,1.0,2.25,1.0,232.0,0.4440973559570312,False,PUT,2026-09-18,CARR
CARR260918P00047500,47.5,2.38,1.9,2.65,3.0,134.0,0.4184628466796875,False,PUT,2026-09-18,CARR
CARR260918P00050000,50.0,2.6,2.45,2.95,12.0,242.0,0.38220832641601554,False,PUT,2026-09-18,CARR
CARR260918P00052500,52.5,3.49,3.1,4.2,14.0,151.0,0.4022276574707031,False,PUT,2026-09-18,CARR
CARR260918P00055000,55.0,7.45,4.0,5.1,1.0,76.0,0.39075316284179684,False,PUT,2026-09-18,CARR
CARR260918P00057500,57.5,6.7,4.9,6.2,46.0,51.0,0.3836731555175781,False,PUT,2026-09-18,CARR
CARR260918P00060000,60.0,8.1,6.0,7.4,13.0,46.0,0.3748841809082031,True,PUT,2026-09-18,CARR
CARR260918P00062500,62.5,5.8,7.9,8.2,2.0,11.0,0.33801931518554684,True,PUT,2026-09-18,CARR
CARR260918P00065000,65.0,15.1,9.0,10.4,1.0,45.0,0.3684145190429688,True,PUT,2026-09-18,CARR
CARR260918P00067500,67.5,15.36,10.6,12.0,12.0,211.0,0.3606020971679687,True,PUT,2026-09-18,CARR
CARR260918P00070000,70.0,17.7,12.4,13.7,10.0,56.0,0.35156898437499995,True,PUT,2026-09-18,CARR
CARR260918P00072500,72.5,9.8,15.3,16.0,8.0,60.0,0.37244279907226563,True,PUT,2026-09-18,CARR
CARR260918P00075000,75.0,9.1,0.0,0.0,3.0,55.0,1.0000000000000003e-05,True,PUT,2026-09-18,CARR
CARR261218C00042500,42.5,14.2,18.0,20.2,,1.0,0.5008594836425782,True,CALL,2026-12-18,CARR
CARR261218C00045000,45.0,11.94,10.8,0.0,,1.0,1.0000000000000003e-05,True,CALL,2026-12-18,CARR
CARR261218C00050000,50.0,9.6,12.5,14.5,5.0,8.0,0.4426325268554688,True,CALL,2026-12-18,CARR
CARR261218C00052500,52.5,8.15,11.8,12.9,3.0,3.0,0.4322566540527344,True,CALL,2026-12-18,CARR
CARR261218C00055000,55.0,9.2,10.3,11.0,1.0,10.0,0.402899037475586,True,CALL,2026-12-18,CARR
CARR261218C00057500,57.5,7.1,8.6,10.2,,1.0,0.42175871215820315,True,CALL,2026-12-18,CARR
CARR261218C00060000,60.0,7.04,7.6,8.8,20.0,26.0,0.4072935247802735,False,CALL,2026-12-18,CARR
CARR261218C00062500,62.5,7.0,6.5,7.6,1.0,4.0,0.3975890319824219,False,CALL,2026-12-18,CARR
CARR261218C00065000,65.0,4.0,5.5,6.6,1.0,2.0,0.3924010955810546,False,CALL,2026-12-18,CARR
CARR261218C00067500,67.5,4.38,4.6,5.9,1.0,12.0,0.39649041015625003,False,CALL,2026-12-18,CARR
CARR261218C00070000,70.0,3.56,3.8,5.2,27.0,109.0,0.3967345483398438,False,CALL,2026-12-18,CARR
CARR261218C00075000,75.0,1.5,2.7,3.9,1.0,13.0,0.3909973010253906,False,CALL,2026-12-18,CARR
CARR261218P00042500,42.5,1.81,1.5,2.5,1.0,83.0,0.44482977050781247,False,PUT,2026-12-18,CARR
CARR261218P00045000,45.0,4.1,1.55,3.0,1.0,6.0,0.42810630493164065,False,PUT,2026-12-18,CARR
CARR261218P00047500,47.5,3.4,2.55,3.6,4.0,6.0,0.41358008300781246,False,PUT,2026-12-18,CARR
CARR261218P00050000,50.0,5.09,2.6,4.4,2.0,3930.0,0.4057676611328125,False,PUT,2026-12-18,CARR
CARR261218P00052500,52.5,5.2,3.9,5.2,1.0,14.0,0.3927062683105469,False,PUT,2026-12-18,CARR
CARR261218P00055000,55.0,8.45,4.7,6.1,1.0,15.0,0.379889013671875,False,PUT,2026-12-18,CARR
CARR261218P00057500,57.5,8.7,8.6,11.1,,1.0,0.5541426422119142,False,PUT,2026-12-18,CARR
CARR261218P00060000,60.0,9.1,7.0,8.5,5.0,7.0,0.3676821044921875,True,PUT,2026-12-18,CARR
CARR261218P00065000,65.0,15.3,9.8,11.4,,1.0,0.35767243896484374,True,PUT,2026-12-18,CARR
CARR261218P00070000,70.0,17.7,13.1,14.8,,1.0,0.3512638116455078,True,PUT,2026-12-18,CARR
CARR270115C00042500,42.5,14.5,18.2,20.4,20.0,55.0,0.49377947631835944,True,CALL,2027-01-15,CARR
CARR270115C00045000,45.0,15.3,16.2,18.4,3.0,85.0,0.4714408325195312,True,CALL,2027-01-15,CARR
CARR270115C00047500,47.5,13.97,14.4,16.6,1.0,73.0,0.4577690942382813,True,CALL,2027-01-15,CARR
CARR270115C00050000,50.0,12.51,12.7,14.9,2.0,399.0,0.44550115051269534,True,CALL,2027-01-15,CARR
CARR270115C00052500,52.5,9.3,12.1,13.2,1.0,87.0,0.4293269958496094,True,CALL,2027-01-15,CARR
CARR270115C00055000,55.0,9.7,10.6,11.8,2.0,164.0,0.42365078308105464,True,CALL,2027-01-15,CARR
CARR270115C00057500,57.5,7.7,8.3,10.3,5.0,52.0,0.40906352661132805,True,CALL,2027-01-15,CARR
CARR270115C00060000,60.0,8.4,8.0,8.4,18.0,859.0,0.37329728271484375,False,CALL,2027-01-15,CARR
CARR270115C00062500,62.5,5.8,6.7,7.9,133.0,684.0,0.3942931665039063,False,CALL,2027-01-15,CARR
CARR270115C00065000,65.0,6.0,5.7,7.0,5.0,153.0,0.3936828210449219,False,CALL,2027-01-15,CARR
CARR270115C00067500,67.5,4.6,4.1,6.2,1.0,100.0,0.3934386828613281,False,CALL,2027-01-15,CARR
CARR270115C00070000,70.0,4.75,4.1,4.9,24.0,282.0,0.3673158972167969,False,CALL,2027-01-15,CARR
CARR270115C00072500,72.5,2.4,3.4,4.7,1.0,54.0,0.3864197100830078,False,CALL,2027-01-15,CARR
CARR270115C00075000,75.0,3.29,3.1,3.5,2.0,430.0,0.355902437133789,False,CALL,2027-01-15,CARR
CARR270115P00042500,42.5,2.0,1.7,2.5,2.0,109.0,0.42676354492187507,False,PUT,2027-01-15,CARR
CARR270115P00045000,45.0,2.4,2.25,2.75,3.0,3098.0,0.39465937377929694,False,PUT,2027-01-15,CARR
CARR270115P00047500,47.5,3.5,2.75,3.9,1.0,55.0,0.4140073248291015,False,PUT,2027-01-15,CARR
CARR270115P00050000,50.0,4.62,3.4,4.6,2.0,3563.0,0.39978627563476565,False,PUT,2027-01-15,CARR
CARR270115P00052500,52.5,5.78,3.8,4.9,2.0,95.0,0.3619448571777344,False,PUT,2027-01-15,CARR
CARR270115P00055000,55.0,7.9,5.1,6.4,6.0,54.0,0.37842418457031246,False,PUT,2027-01-15,CARR
CARR270115P00057500,57.5,7.0,6.1,7.5,1.0,74.0,0.3700624517822265,False,PUT,2027-01-15,CARR
CARR270115P00060000,60.0,7.99,7.3,8.7,8.0,278.0,0.3613955462646484,True,PUT,2027-01-15,CARR
CARR270115P00062500,62.5,14.48,0.0,0.0,1.0,15.0,1.0000000000000003e-05,True,PUT,2027-01-15,CARR
CARR270115P00065000,65.0,14.4,10.1,11.6,1.0,4.0,0.3517520880126953,True,PUT,2027-01-15,CARR
CARR270115P00067500,67.5,14.52,0.0,0.0,1.0,35.0,1.0000000000000003e-05,True,PUT,2027-01-15,CARR
CARR270115P00070000,70.0,16.5,13.4,15.0,1.0,978.0,0.3460758752441406,True,PUT,2027-01-15,CARR
CARR270115P00072500,72.5,13.45,14.1,16.2,1.0,3.0,0.31287308227539057,True,PUT,2027-01-15,CARR
CARR270115P00075000,75.0,20.18,0.0,0.0,15.0,5.0,1.0000000000000003e-05,True,PUT,2027-01-15,CARR
CARR280121C00042500,42.5,14.92,19.5,23.5,1.0,2.0,0.4804739453125,True,CALL,2028-01-21,CARR
CARR280121C00045000,45.0,19.81,17.8,21.5,1.0,18.0,0.4552056433105469,True,CALL,2028-01-21,CARR
CARR280121C00047500,47.5,15.98,16.0,20.0,3.0,75.0,0.4484918432617187,True,CALL,2028-01-21,CARR
CARR280121C00050000,50.0,13.6,14.5,18.5,1.0,105.0,0.4395197650146484,True,CALL,2028-01-21,CARR
CARR280121C00052500,52.5,15.53,14.2,17.5,1.0,15.0,0.4456842541503906,True,CALL,2028-01-21,CARR
CARR280121C00055000,55.0,12.5,12.0,16.0,1.0,48.0,0.43237872314453124,True,CALL,2028-01-21,CARR
CARR280121C00057500,57.5,12.21,11.2,15.0,1.0,19.0,0.4336604486083985,True,CALL,2028-01-21,CARR
CARR280121C00060000,60.0,12.0,12.0,14.1,3.0,36.0,0.43579665771484377,False,CALL,2028-01-21,CARR
CARR280121C00062500,62.5,7.7,8.9,12.2,2.0,7.0,0.4052183502197265,False,CALL,2028-01-21,CARR
CARR280121C00065000,65.0,7.27,7.9,11.1,2.0,23.0,0.39777213562011715,False,CALL,2028-01-21,CARR
CARR280121C00067500,67.5,5.99,6.8,10.2,1.0,14.0,0.3945983392333985,False,CALL,2028-01-21,CARR
CARR280121C00070000,70.0,6.5,5.9,9.5,27.0,34.0,0.3956969610595704,False,CALL,2028-01-21,CARR
CARR280121C00075000,75.0,7.4,5.0,6.2,15.0,5.0,0.334967587890625,False,CALL,2028-01-21,CARR
CARR280121P00045000,45.0,4.4,2.45,5.4,1.0,18.0,0.3880066082763671,False,PUT,2028-01-21,CARR
CARR280121P00047500,47.5,6.2,3.4,6.4,1.0,6.0,0.38556522644042956,False,PUT,2028-01-21,CARR
CARR280121P00050000,50.0,6.5,4.5,7.4,1.0,7.0,0.3800110827636719,False,PUT,2028-01-21,CARR
CARR280121P00052500,52.5,9.0,5.6,9.0,2.0,278.0,0.3922179919433594,False,PUT,2028-01-21,CARR
CARR280121P00055000,55.0,10.07,5.5,10.0,1.0,31.0,0.3809876354980468,False,PUT,2028-01-21,CARR
CARR280121P00057500,57.5,12.1,0.0,0.0,1.0,4.0,0.007822421875,False,PUT,2028-01-21,CARR
CARR280121P00060000,60.0,13.5,8.4,12.5,10.0,10.0,0.3684145190429688,True,PUT,2028-01-21,CARR
CARR280121P00062500,62.5,14.8,0.0,0.0,8.0,26.0,1.0000000000000003e-05,True,PUT,2028-01-21,CARR
CARR280121P00065000,65.0,16.6,0.0,0.0,5.0,54.0,1.0000000000000003e-05,True,PUT,2028-01-21,CARR
CARR280121P00067500,67.5,18.5,12.4,16.5,2.0,36.0,0.3416203533935547,True,PUT,2028-01-21,CARR
CARR280121P00070000,70.0,19.8,0.0,0.0,1.0,66.0,1.0000000000000003e-05,True,PUT,2028-01-21,CARR
CARR280121P00075000,75.0,23.8,0.0,0.0,92.0,93.0,1.0000000000000003e-05,True,PUT,2028-01-21,CARR
CCL260130C00022000,22.0,7.55,8.3,9.15,1.0,21.0,2.7343781640625,True,CALL,2026-01-30,CCL
CCL260130C00024500,24.5,6.22,4.5,7.8,1.0,7.0,4.449223188476562,True,CALL,2026-01-30,CCL
CCL260130C00025000,25.0,5.35,5.3,6.1,1.0,30.0,1.609376953125,True,CALL,2026-01-30,CCL
CCL260130C00025500,25.5,4.97,4.6,5.6,24.0,4.0,1.484377578125,True,CALL,2026-01-30,CCL
CCL260130C00026000,26.0,4.66,4.2,5.15,29.0,114.0,1.5859395703124997,True,CALL,2026-01-30,CCL
CCL260130C00026500,26.5,4.16,3.45,4.8,1.0,26.0,1.86328193359375,True,CALL,2026-01-30,CCL
CCL260130C00027000,27.0,3.45,3.5,4.05,12.0,71.0,1.0000000000000003e-05,True,CALL,2026-01-30,CCL
CCL260130C00027500,27.5,3.38,3.25,3.55,6.0,127.0,1.0000000000000003e-05,True,CALL,2026-01-30,CCL
CCL260130C00028000,28.0,2.88,2.55,3.05,1605.0,1826.0,1.0000000000000003e-05,True,CALL,2026-01-30,CCL
CCL260130C00028500,28.5,2.32,2.34,2.57,1119.0,1499.0,0.6093789062500001,True,CALL,2026-01-30,CCL
CCL260130C00029000,29.0,1.93,1.86,2.11,230.0,3331.0,0.6640658593750002,True,CALL,2026-01-30,CCL
CCL260130C00029500,29.5,1.5,1.33,1.59,1437.0,3124.0,0.476567734375,True,CALL,2026-01-30,CCL
CCL260130C00030000,30.0,0.92,0.92,1.04,5838.0,10751.0,1.0000000000000003e-05,True,CALL,2026-01-30,CCL
CCL260130C00030500,30.5,0.68,0.54,0.65,1189.0,1858.0,0.32227240234374993,True,CALL,2026-01-30,CCL
CCL260130C00031000,31.0,0.32,0.29,0.33,1138.0,1379.0,0.33008482421874996,True,CALL,2026-01-30,CCL
CCL260130C00031500,31.5,0.13,0.13,0.18,772.0,430.0,0.38867798828125,False,CALL,2026-01-30,CCL
CCL260130C00032000,32.0,0.04,0.04,0.07,441.0,846.0,0.39063109375,False,CALL,2026-01-30,CCL
CCL260130C00032500,32.5,0.03,0.01,0.05,32.0,374.0,0.4687553125,False,CALL,2026-01-30,CCL
CCL260130C00033000,33.0,0.02,0.0,0.01,36.0,1574.0,0.42188078125,False,CALL,2026-01-30,CCL
CCL260130C00033500,33.5,0.04,0.0,0.57,20.0,41.0,1.15625421875,False,CALL,2026-01-30,CCL
CCL260130C00034000,34.0,0.01,0.0,0.01,6.0,290.0,0.5312546875,False,CALL,2026-01-30,CCL
CCL260130C00034500,34.5,0.01,0.0,0.01,4.0,4.0,0.6250037500000001,False,CALL,2026-01-30,CCL
CCL260130C00035000,35.0,0.01,0.0,0.01,29.0,529.0,0.6875031250000001,False,CALL,2026-01-30,CCL
CCL260130C00036000,36.0,0.02,0.0,0.01,2.0,23.0,0.8125018749999999,False,CALL,2026-01-30,CCL
CCL260130C00037000,37.0,0.12,0.0,0.75,4.0,1.0,2.160160849609375,False,CALL,2026-01-30,CCL
CCL260130C00038000,38.0,0.14,0.0,0.95,3.0,1.0,2.5546911132812498,False,CALL,2026-01-30,CCL
CCL260130P00022000,22.0,0.03,0.0,1.55,3.0,13.0,4.722660346679687,False,PUT,2026-01-30,CCL
CCL260130P00023000,23.0,0.01,0.0,1.0,1.0,90.0,3.6953132617187503,False,PUT,2026-01-30,CCL
CCL260130P00024000,24.0,0.01,0.0,0.37,57.0,245.0,2.49219126953125,False,PUT,2026-01-30,CCL
CCL260130P00024500,24.5,0.06,0.0,0.02,203.0,248.0,1.3750031249999999,False,PUT,2026-01-30,CCL
CCL260130P00025000,25.0,0.02,0.0,0.01,1.0,154.0,1.1875040625,False,PUT,2026-01-30,CCL
CCL260130P00025500,25.5,0.01,0.0,1.95,5.0,131.0,3.566407333984375,False,PUT,2026-01-30,CCL
CCL260130P00026000,26.0,0.02,0.0,0.08,537.0,3388.0,1.3281283593749997,False,PUT,2026-01-30,CCL
CCL260130P00026500,26.5,0.01,0.0,0.01,21.0,2055.0,0.87500125,False,PUT,2026-01-30,CCL
CCL260130P00027000,27.0,0.01,0.0,0.01,147.0,1460.0,0.8125018749999999,False,PUT,2026-01-30,CCL
CCL260130P00027500,27.5,0.02,0.0,0.07,94.0,823.0,0.9531254687499999,False,PUT,2026-01-30,CCL
CCL260130P00028000,28.0,0.01,0.01,0.03,406.0,3564.0,0.7500025,False,PUT,2026-01-30,CCL
CCL260130P00028500,28.5,0.02,0.0,0.03,434.0,2946.0,0.6093789062500001,False,PUT,2026-01-30,CCL
CCL260130P00029000,29.0,0.03,0.02,0.03,343.0,2006.0,0.5546919531250001,False,PUT,2026-01-30,CCL
CCL260130P00029500,29.5,0.04,0.02,0.07,31.0,439.0,0.507817421875,False,PUT,2026-01-30,CCL
CCL260130P00030000,30.0,0.14,0.07,0.14,1537.0,794.0,0.5546919531250001,False,PUT,2026-01-30,CCL
CCL260130P00030500,30.5,0.24,0.17,0.22,196.0,31.0,0.48828636718750007,False,PUT,2026-01-30,CCL
CCL260130P00031000,31.0,0.46,0.35,0.46,128.0,884.0,0.5312546875,False,PUT,2026-01-30,CCL
CCL260130P00031500,31.5,1.53,0.72,0.8,1.0,108.0,0.5488326367187502,True,PUT,2026-01-30,CCL
CCL260130P00032000,32.0,1.25,0.97,1.5,37.0,90.0,0.7070341796875,True,PUT,2026-01-30,CCL
CCL260130P00032500,32.5,1.62,0.73,2.36,1.0,2.0,0.57812921875,True,PUT,2026-01-30,CCL
CCL260130P00033000,33.0,2.39,1.76,3.1,3.0,1.0,1.2890660546875,True,PUT,2026-01-30,CCL
CCL260130P00034000,34.0,5.46,2.8,3.85,1.0,0.0,1.439455927734375,True,PUT,2026-01-30,CCL
CCL260130P00034500,34.5,5.87,2.45,5.5,1.0,1.0,1.7949229003906249,True,PUT,2026-01-30,CCL
CCL260130P00035000,35.0,4.0,3.7,6.0,,0.0,2.441410146484375,True,PUT,2026-01-30,CCL
CCL260130P00038000,38.0,10.19,5.7,9.15,1.0,0.0,2.566409833984375,True,PUT,2026-01-30,CCL
CCL260206C00023000,23.0,5.45,6.0,8.95,1.0,1.0,2.1308640478515626,True,CALL,2026-02-06,CCL
CCL260206C00024000,24.0,4.44,5.0,7.2,1.0,24.0,1.109379453125,True,CALL,2026-02-06,CCL
CCL260206C00025000,25.0,3.95,4.05,6.95,10.0,15.0,1.720704521484375,True,CALL,2026-02-06,CCL
CCL260206C00026000,26.0,4.3,4.1,5.15,30.0,30.0,0.7480493945312501,True,CALL,2026-02-06,CCL
CCL260206C00026500,26.5,2.28,2.82,5.0,25.0,25.0,1.0703171484375003,True,CALL,2026-02-06,CCL
CCL260206C00027000,27.0,3.55,3.75,4.1,14.0,21.0,0.5273484765625001,True,CALL,2026-02-06,CCL
CCL260206C00027500,27.5,2.89,3.3,3.65,1.0,71.0,0.5546919531250001,True,CALL,2026-02-06,CCL
CCL260206C00028000,28.0,2.95,2.68,3.2,81.0,592.0,0.55273884765625,True,CALL,2026-02-06,CCL
CCL260206C00028500,28.5,2.23,2.39,2.7,147.0,360.0,0.48242705078125003,True,CALL,2026-02-06,CCL
CCL260206C00029000,29.0,2.0,1.9,2.38,71.0,317.0,0.5566450585937501,True,CALL,2026-02-06,CCL
CCL260206C00029500,29.5,1.6,1.69,1.8,192.0,1163.0,0.41699801757812494,True,CALL,2026-02-06,CCL
CCL260206C00030000,30.0,1.15,1.31,1.43,216.0,634.0,0.415044912109375,True,CALL,2026-02-06,CCL
CCL260206C00030500,30.5,1.08,0.99,1.08,175.0,252.0,0.40039662109375,True,CALL,2026-02-06,CCL
CCL260206C00031000,31.0,0.76,0.76,0.83,733.0,359.0,0.41309180664062495,True,CALL,2026-02-06,CCL
CCL260206C00031500,31.5,0.54,0.52,0.6,352.0,30.0,0.4101621484375,False,CALL,2026-02-06,CCL
CCL260206C00032000,32.0,0.36,0.35,0.4,768.0,451.0,0.39649041015625003,False,CALL,2026-02-06,CCL
CCL260206C00033000,33.0,0.16,0.15,0.17,623.0,107.0,0.393560751953125,False,CALL,2026-02-06,CCL
CCL260206C00034000,34.0,0.05,0.06,0.09,44.0,57.0,0.42774009765625004,False,CALL,2026-02-06,CCL
CCL260206C00035000,35.0,0.04,0.0,0.08,36.0,138.0,0.5117236328125,False,CALL,2026-02-06,CCL
CCL260206C00036000,36.0,0.27,0.0,0.75,3.0,8.0,0.91211025390625,False,CALL,2026-02-06,CCL
CCL260206C00037000,37.0,0.02,0.0,0.74,3.0,48.0,1.013676806640625,False,CALL,2026-02-06,CCL
CCL260206C00038000,38.0,0.08,0.0,0.22,,1.0,0.8183611914062499,False,CALL,2026-02-06,CCL
CCL260206C00040000,40.0,0.06,0.0,0.75,4.0,11.0,1.3046909765624997,False,CALL,2026-02-06,CCL
CCL260206P00024000,24.0,0.12,0.0,0.94,,19.0,1.5273461132812498,False,PUT,2026-02-06,CCL
CCL260206P00024500,24.5,0.03,0.0,0.5,2.0,3.0,1.189457177734375,False,PUT,2026-02-06,CCL
CCL260206P00025000,25.0,0.13,0.0,0.11,3.0,85.0,0.789064609375,False,PUT,2026-02-06,CCL
CCL260206P00025500,25.5,0.03,0.0,0.03,1.0,13.0,0.585941640625,False,PUT,2026-02-06,CCL
CCL260206P00026000,26.0,0.02,0.0,0.16,10.0,1645.0,0.7187528125,False,PUT,2026-02-06,CCL
CCL260206P00026500,26.5,0.05,0.01,0.17,103.0,89.0,0.6757844921875001,False,PUT,2026-02-06,CCL
CCL260206P00027000,27.0,0.05,0.04,0.05,122.0,239.0,0.5273484765625001,False,PUT,2026-02-06,CCL
CCL260206P00027500,27.5,0.06,0.05,0.09,40.0,166.0,0.51562984375,False,PUT,2026-02-06,CCL
CCL260206P00028000,28.0,0.1,0.09,0.12,95.0,543.0,0.5039112109375,False,PUT,2026-02-06,CCL
CCL260206P00028500,28.5,0.15,0.11,0.19,21.0,77.0,0.52539537109375,False,PUT,2026-02-06,CCL
CCL260206P00029000,29.0,0.22,0.17,0.26,150.0,639.0,0.508793974609375,False,PUT,2026-02-06,CCL
CCL260206P00029500,29.5,0.31,0.26,0.35,2.0,11.0,0.4892629199218751,False,PUT,2026-02-06,CCL
CCL260206P00030000,30.0,0.42,0.4,0.49,221.0,248.0,0.48242705078125003,False,PUT,2026-02-06,CCL
CCL260206P00030500,30.5,0.67,0.54,0.68,2545.0,18.0,0.48340360351562506,False,PUT,2026-02-06,CCL
CCL260206P00031000,31.0,0.86,0.76,0.89,116.0,80.0,0.471684970703125,False,PUT,2026-02-06,CCL
CCL260206P00031500,31.5,3.25,1.04,1.17,2.0,5.0,0.47461462890625,True,PUT,2026-02-06,CCL
CCL260206P00032000,32.0,1.66,1.38,1.48,5.0,129.0,0.4726615234375,True,PUT,2026-02-06,CCL
CCL260206P00032500,32.5,4.0,1.61,2.01,,1.0,0.57617611328125,True,PUT,2026-02-06,CCL
CCL260206P00033000,33.0,2.76,1.99,3.05,1.0,2.0,0.6621127539062501,True,PUT,2026-02-06,CCL
CCL260206P00034000,34.0,5.35,2.27,4.4,1.0,1.0,0.68555001953125,True,PUT,2026-02-06,CCL
CCL260206P00037000,37.0,5.45,5.75,8.0,,0.0,1.4209013330078126,True,PUT,2026-02-06,CCL
CCL260206P00039000,39.0,10.69,7.75,10.15,,0.0,1.6972671386718752,True,PUT,2026-02-06,CCL
CCL260206P00040000,40.0,8.41,8.75,10.4,,0.0,1.5273461132812498,True,PUT,2026-02-06,CCL
CCL260213C00022000,22.0,6.44,7.55,9.1,2.0,1.0,0.8437515624999999,True,CALL,2026-02-13,CCL
CCL260213C00023000,23.0,7.75,7.7,8.25,1.0,1.0,1.0078174609375,True,CALL,2026-02-13,CCL
CCL260213C00024000,24.0,4.45,5.55,7.9,25.0,55.0,1.41015919921875,True,CALL,2026-02-13,CCL
CCL260213C00025000,25.0,4.72,4.3,6.9,1.0,2.0,1.259769326171875,True,CALL,2026-02-13,CCL
CCL260213C00026000,26.0,2.69,3.4,6.0,,37.0,1.1679729101562502,True,CALL,2026-02-13,CCL
CCL260213C00027000,27.0,3.4,3.6,4.25,3.0,66.0,0.5625043750000001,True,CALL,2026-02-13,CCL
CCL260213C00028000,28.0,1.56,2.64,3.3,48.0,225.0,0.48828636718750007,True,CALL,2026-02-13,CCL
CCL260213C00029000,29.0,2.24,2.23,2.39,13.0,238.0,0.422857333984375,True,CALL,2026-02-13,CCL
CCL260213C00030000,30.0,1.44,1.5,1.65,44.0,239.0,0.407232490234375,True,CALL,2026-02-13,CCL
CCL260213C00031000,31.0,0.97,0.95,1.04,154.0,253.0,0.39063109375,True,CALL,2026-02-13,CCL
CCL260213C00032000,32.0,0.56,0.54,0.61,124.0,184.0,0.38477177734374995,False,CALL,2026-02-13,CCL
CCL260213C00033000,33.0,0.3,0.29,0.34,45.0,421.0,0.38672488281249995,False,CALL,2026-02-13,CCL
CCL260213C00034000,34.0,0.16,0.14,0.2,43.0,160.0,0.40430283203125,False,CALL,2026-02-13,CCL
CCL260213C00035000,35.0,0.05,0.0,0.1,2.0,43.0,0.40430283203125,False,CALL,2026-02-13,CCL
CCL260213C00036000,36.0,0.35,0.01,0.73,12.0,29.0,0.6816438085937502,False,CALL,2026-02-13,CCL
CCL260213C00038000,38.0,0.1,0.0,0.59,,85.0,0.7832052929687501,False,CALL,2026-02-13,CCL
CCL260213P00023000,23.0,0.24,0.0,0.82,,2.0,1.228519482421875,False,PUT,2026-02-13,CCL
CCL260213P00024000,24.0,0.13,0.0,0.6,5.0,7.0,1.000005,False,PUT,2026-02-13,CCL
CCL260213P00025000,25.0,0.05,0.03,0.07,1.0,226.0,0.57812921875,False,PUT,2026-02-13,CCL
CCL260213P00026000,26.0,0.08,0.05,0.09,5.0,135.0,0.52539537109375,False,PUT,2026-02-13,CCL
CCL260213P00027000,27.0,0.15,0.06,0.22,36.0,172.0,0.5117236328125,False,PUT,2026-02-13,CCL
CCL260213P00028000,28.0,0.24,0.2,0.31,27.0,172.0,0.5312546875,False,PUT,2026-02-13,CCL
CCL260213P00029000,29.0,0.48,0.36,0.46,7.0,596.0,0.48828636718750007,False,PUT,2026-02-13,CCL
CCL260213P00030000,30.0,0.72,0.61,0.7,4.0,164.0,0.45215391601562505,False,PUT,2026-02-13,CCL
CCL260213P00031000,31.0,1.08,1.1,1.17,46.0,44.0,0.46191944335937507,False,PUT,2026-02-13,CCL
CCL260213P00032000,32.0,2.02,1.67,1.83,2.0,42.0,0.495122236328125,True,PUT,2026-02-13,CCL
CCL260213P00033000,33.0,4.42,2.31,3.9,1.0,2.0,0.7421900781249999,True,PUT,2026-02-13,CCL
CCL260213P00035000,35.0,7.01,3.9,5.65,,1.0,0.8281267187499999,True,PUT,2026-02-13,CCL
CCL260213P00037000,37.0,6.06,5.05,8.0,,1.0,0.885743330078125,True,PUT,2026-02-13,CCL
CCL260213P00039000,39.0,7.42,7.15,10.15,,1.0,1.115238798828125,True,PUT,2026-02-13,CCL
CCL260213P00040000,40.0,12.03,8.2,11.1,1.0,0.0,1.189457177734375,True,PUT,2026-02-13,CCL
CCL260220C00022000,22.0,9.88,7.55,9.3,3.0,13.0,0.99023447265625,True,CALL,2026-02-20,CCL
CCL260220C00023000,23.0,7.67,6.55,8.2,9.0,19.0,0.7851583984375,True,CALL,2026-02-20,CCL
CCL260220C00024000,24.0,4.7,5.55,7.3,5.0,17.0,0.789064609375,True,CALL,2026-02-20,CCL
CCL260220C00025000,25.0,5.74,5.25,6.35,12.0,205.0,0.729494892578125,True,CALL,2026-02-20,CCL
CCL260220C00025500,25.5,3.25,4.1,5.8,,5.0,0.6445348046875,True,CALL,2026-02-20,CCL
CCL260220C00026000,26.0,4.7,4.3,5.15,1.0,270.0,0.4687553125,True,CALL,2026-02-20,CCL
CCL260220C00026500,26.5,4.2,3.85,4.8,20.0,41.0,0.5488326367187502,True,CALL,2026-02-20,CCL
CCL260220C00027000,27.0,3.55,3.4,4.25,13.0,883.0,0.4687553125,True,CALL,2026-02-20,CCL
CCL260220C00027500,27.5,2.06,2.57,3.85,3.0,8.0,0.48438015625,True,CALL,2026-02-20,CCL
CCL260220C00028000,28.0,3.19,3.1,3.35,26.0,1772.0,0.43457596679687505,True,CALL,2026-02-20,CCL
CCL260220C00028500,28.5,2.59,2.47,3.05,13.0,207.0,0.477544287109375,True,CALL,2026-02-20,CCL
CCL260220C00029000,29.0,2.31,2.33,2.57,115.0,8926.0,0.42969320312500003,True,CALL,2026-02-20,CCL
CCL260220C00029500,29.5,2.04,2.0,2.19,20.0,530.0,0.41699801757812494,True,CALL,2026-02-20,CCL
CCL260220C00030000,30.0,1.75,1.65,1.79,2277.0,8786.0,0.38867798828125,True,CALL,2026-02-20,CCL
CCL260220C00030500,30.5,1.44,1.36,1.5,72.0,250.0,0.39014281738281253,True,CALL,2026-02-20,CCL
CCL260220C00031000,31.0,1.15,1.15,1.22,400.0,8217.0,0.383795224609375,True,CALL,2026-02-20,CCL
CCL260220C00031500,31.5,0.94,0.89,1.05,47.0,63.0,0.4023497265625,False,CALL,2026-02-20,CCL
CCL260220C00032000,32.0,0.69,0.7,0.79,2938.0,7633.0,0.3813538427734374,False,CALL,2026-02-20,CCL
CCL260220C00032500,32.5,0.6,0.54,0.66,147.0,56.0,0.393560751953125,False,CALL,2026-02-20,CCL
CCL260220C00033000,33.0,0.47,0.43,0.46,8925.0,4342.0,0.3706117626953125,False,CALL,2026-02-20,CCL
CCL260220C00033500,33.5,0.32,0.31,0.38,26.0,10.0,0.38281867187499996,False,CALL,2026-02-20,CCL
CCL260220C00034000,34.0,0.26,0.23,0.29,18.0,4006.0,0.38281867187499996,False,CALL,2026-02-20,CCL
CCL260220C00035000,35.0,0.15,0.12,0.16,65.0,6117.0,0.38086556640624997,False,CALL,2026-02-20,CCL
CCL260220C00036000,36.0,0.13,0.02,0.11,9.0,1233.0,0.40430283203125,False,CALL,2026-02-20,CCL
CCL260220C00037000,37.0,0.04,0.03,0.09,19.0,339.0,0.43945873046875,False,CALL,2026-02-20,CCL
CCL260220C00038000,38.0,0.04,0.0,0.04,1.0,446.0,0.42188078125,False,CALL,2026-02-20,CCL
CCL260220C00039000,39.0,0.06,0.0,0.05,1.0,36.0,0.48438015625,False,CALL,2026-02-20,CCL
CCL260220C00040000,40.0,0.01,0.0,0.01,11.0,107.0,0.42188078125,False,CALL,2026-02-20,CCL
CCL260220P00022000,22.0,0.03,0.0,0.05,3.0,357.0,0.64062859375,False,PUT,2026-02-20,CCL
CCL260220P00023000,23.0,0.27,0.0,0.34,1.0,354.0,0.8125018749999999,False,PUT,2026-02-20,CCL
CCL260220P00024000,24.0,0.05,0.04,0.07,9.0,251.0,0.570316796875,False,PUT,2026-02-20,CCL
CCL260220P00025000,25.0,0.06,0.05,0.07,20.0,1780.0,0.500005,False,PUT,2026-02-20,CCL
CCL260220P00025500,25.5,0.38,0.0,0.57,4.0,42.0,0.6728548339843752,False,PUT,2026-02-20,CCL
CCL260220P00026000,26.0,0.12,0.1,0.13,78.0,3286.0,0.5039112109375,False,PUT,2026-02-20,CCL
CCL260220P00026500,26.5,0.2,0.1,0.21,3.0,260.0,0.52539537109375,False,PUT,2026-02-20,CCL
CCL260220P00027000,27.0,0.19,0.2,0.23,158.0,2481.0,0.49219257812500006,False,PUT,2026-02-20,CCL
CCL260220P00027500,27.5,0.29,0.22,0.34,26.0,171.0,0.508793974609375,False,PUT,2026-02-20,CCL
CCL260220P00028000,28.0,0.32,0.3,0.39,145.0,5193.0,0.48340360351562506,False,PUT,2026-02-20,CCL
CCL260220P00028500,28.5,0.45,0.38,0.51,2.0,428.0,0.48438015625,False,PUT,2026-02-20,CCL
CCL260220P00029000,29.0,0.55,0.5,0.6,35.0,3222.0,0.463872548828125,False,PUT,2026-02-20,CCL
CCL260220P00029500,29.5,0.75,0.64,0.84,6.0,9.0,0.49219257812500006,False,PUT,2026-02-20,CCL
CCL260220P00030000,30.0,0.85,0.81,0.89,90.0,9996.0,0.442388388671875,False,PUT,2026-02-20,CCL
CCL260220P00030500,30.5,1.28,1.0,1.23,2.0,20.0,0.48438015625,False,PUT,2026-02-20,CCL
CCL260220P00031000,31.0,1.3,1.25,1.42,77.0,6211.0,0.46582565429687506,False,PUT,2026-02-20,CCL
CCL260220P00032000,32.0,1.96,1.77,2.03,1.0,2395.0,0.47852083984375,True,PUT,2026-02-20,CCL
CCL260220P00033000,33.0,3.25,2.49,2.71,1.0,345.0,0.48242705078125003,True,PUT,2026-02-20,CCL
CCL260220P00034000,34.0,5.7,3.2,4.7,4.0,9.0,0.6665072412109377,True,PUT,2026-02-20,CCL
CCL260220P00035000,35.0,5.15,4.0,5.45,1.0,4.0,0.6718782812500002,True,PUT,2026-02-20,CCL
CCL260220P00036000,36.0,7.71,5.0,6.6,,0.0,0.782228740234375,True,PUT,2026-02-20,CCL
CCL260220P00037000,37.0,5.25,5.95,7.6,2.0,2.0,0.8476577734374999,True,PUT,2026-02-20,CCL
CCL260220P00039000,39.0,8.08,7.9,9.6,1.0,1.0,0.975586181640625,True,PUT,2026-02-20,CCL
CCL260220P00040000,40.0,8.25,8.8,10.55,38.0,38.0,1.0039112304687499,True,PUT,2026-02-20,CCL
CCL260227C00027000,27.0,2.61,2.99,4.6,3.0,21.0,0.5839885351562499,True,CALL,2026-02-27,CCL
CCL260227C00028000,28.0,2.86,2.95,3.65,14.0,188.0,0.50586431640625,True,CALL,2026-02-27,CCL
CCL260227C00029000,29.0,2.56,2.51,2.75,8.0,95.0,0.43848217773437503,True,CALL,2026-02-27,CCL
CCL260227C00030000,30.0,1.9,1.85,1.91,51.0,206.0,0.37695935546875,True,CALL,2026-02-27,CCL
CCL260227C00031000,31.0,1.29,1.3,1.35,40.0,85.0,0.37256486816406253,True,CALL,2026-02-27,CCL
CCL260227C00032000,32.0,0.91,0.88,0.94,100.0,92.0,0.37744763183593744,False,CALL,2026-02-27,CCL
CCL260227C00033000,33.0,0.63,0.57,0.7,4.0,32.0,0.4023497265625,False,CALL,2026-02-27,CCL
CCL260227C00034000,34.0,0.38,0.36,0.4,78.0,25.0,0.3789124609375,False,CALL,2026-02-27,CCL
CCL260227C00035000,35.0,0.23,0.21,0.28,1.0,26.0,0.39551385742187506,False,CALL,2026-02-27,CCL
CCL260227C00036000,36.0,0.26,0.12,0.3,,31.0,0.46484910156250003,False,CALL,2026-02-27,CCL
CCL260227C00038000,38.0,0.14,0.0,0.75,2.0,0.0,0.6132851171875001,False,CALL,2026-02-27,CCL
CCL260227C00040000,40.0,0.14,0.0,0.75,1.0,5.0,0.7148466015625,False,CALL,2026-02-27,CCL
CCL260227P00022000,22.0,0.19,0.0,0.75,6.0,46.0,0.9707034179687499,False,PUT,2026-02-27,CCL
CCL260227P00024000,24.0,0.14,0.0,0.27,16.0,22.0,0.5976602734375001,False,PUT,2026-02-27,CCL
CCL260227P00025000,25.0,0.3,0.09,0.34,2.0,86.0,0.584965087890625,False,PUT,2026-02-27,CCL
CCL260227P00026000,26.0,0.2,0.15,0.23,10.0,69.0,0.5127001855468749,False,PUT,2026-02-27,CCL
CCL260227P00027000,27.0,0.28,0.24,0.37,27.0,283.0,0.5039112109375,False,PUT,2026-02-27,CCL
CCL260227P00028000,28.0,0.45,0.41,0.46,4.0,38.0,0.45215391601562505,False,PUT,2026-02-27,CCL
CCL260227P00029000,29.0,0.76,0.63,0.72,10.0,54.0,0.44727115234375,False,PUT,2026-02-27,CCL
CCL260227P00030000,30.0,1.2,0.95,1.08,3.0,69.0,0.44434149414062496,False,PUT,2026-02-27,CCL
CCL260227P00031000,31.0,1.52,1.45,1.54,49.0,9.0,0.4419001123046875,False,PUT,2026-02-27,CCL
CCL260227P00032000,32.0,4.07,2.04,2.13,1.0,10.0,0.44775942871093743,True,PUT,2026-02-27,CCL
CCL260227P00040000,40.0,8.15,8.6,10.85,,1.0,0.8994150683593749,True,PUT,2026-02-27,CCL
CCL260306C00026000,26.0,3.4,3.75,5.65,10.0,10.0,0.6337927246093751,True,CALL,2026-03-06,CCL
CCL260306C00028000,28.0,3.33,3.35,3.7,1.0,1.0,0.4721732470703125,True,CALL,2026-03-06,CCL
CCL260306C00029000,29.0,2.3,2.6,2.82,9.0,199.0,0.41602146484374997,True,CALL,2026-03-06,CCL
CCL260306C00030000,30.0,1.65,1.95,2.18,21.0,17.0,0.41211525390625,True,CALL,2026-03-06,CCL
CCL260306P00023000,23.0,0.12,0.03,0.29,5.0,24.0,0.632816171875,False,PUT,2026-03-06,CCL
CCL260306P00025000,25.0,0.19,0.14,0.35,1.0,55.0,0.5459029785156251,False,PUT,2026-03-06,CCL
CCL260306P00026000,26.0,0.26,0.21,0.31,2.0,11.0,0.5048877636718749,False,PUT,2026-03-06,CCL
CCL260306P00027000,27.0,0.4,0.34,0.45,106.0,140.0,0.48779809082031256,False,PUT,2026-03-06,CCL
CCL260320C00022000,22.0,6.55,7.95,9.3,1.0,173.0,0.6660189648437502,True,CALL,2026-03-20,CCL
CCL260320C00023000,23.0,8.0,7.7,8.2,13.0,1997.0,0.526371923828125,True,CALL,2026-03-20,CCL
CCL260320C00024000,24.0,5.24,6.25,7.45,3.0,70.0,0.6074258007812501,True,CALL,2026-03-20,CCL
CCL260320C00025000,25.0,6.25,5.6,6.5,2.0,2794.0,0.5566450585937501,True,CALL,2026-03-20,CCL
CCL260320C00026000,26.0,5.15,4.95,5.45,44.0,1324.0,0.46582565429687506,True,CALL,2026-03-20,CCL
CCL260320C00027000,27.0,4.5,4.3,4.65,27.0,11562.0,0.463872548828125,True,CALL,2026-03-20,CCL
CCL260320C00028000,28.0,3.8,3.7,3.85,1149.0,5460.0,0.44482977050781247,True,CALL,2026-03-20,CCL
CCL260320C00029000,29.0,3.0,2.97,3.15,105.0,3273.0,0.436529072265625,True,CALL,2026-03-20,CCL
CCL260320C00030000,30.0,2.38,2.39,2.47,215.0,20279.0,0.41699801757812494,True,CALL,2026-03-20,CCL
CCL260320C00031000,31.0,1.95,1.89,1.93,214.0,2530.0,0.4116269775390625,True,CALL,2026-03-20,CCL
CCL260320C00032000,32.0,1.41,1.43,1.49,368.0,3814.0,0.4101621484375,False,CALL,2026-03-20,CCL
CCL260320C00033000,33.0,1.14,1.08,1.12,142.0,2708.0,0.4067442138671875,False,CALL,2026-03-20,CCL
CCL260320C00034000,34.0,0.79,0.81,0.84,110.0,1101.0,0.407232490234375,False,CALL,2026-03-20,CCL
CCL260320C00035000,35.0,0.6,0.58,0.63,67.0,6031.0,0.4106504248046875,False,CALL,2026-03-20,CCL
CCL260320C00036000,36.0,0.38,0.42,0.47,124.0,365.0,0.4145566357421875,False,CALL,2026-03-20,CCL
CCL260320C00037000,37.0,0.32,0.25,0.35,2.0,1155.0,0.418951123046875,False,CALL,2026-03-20,CCL
CCL260320C00038000,38.0,0.24,0.19,0.25,36.0,405.0,0.418951123046875,False,CALL,2026-03-20,CCL
CCL260320C00039000,39.0,0.09,0.0,0.35,50.0,436.0,0.500005,False,CALL,2026-03-20,CCL
CCL260320C00040000,40.0,0.11,0.1,0.14,146.0,2570.0,0.43066975585937506,False,CALL,2026-03-20,CCL
CCL260320P00022000,22.0,0.13,0.09,0.13,111.0,4240.0,0.5566450585937501,False,PUT,2026-03-20,CCL
CCL260320P00023000,23.0,0.16,0.07,0.22,6.0,12044.0,0.5273484765625001,False,PUT,2026-03-20,CCL
CCL260320P00024000,24.0,0.22,0.16,0.3,2.0,1476.0,0.5214891601562499,False,PUT,2026-03-20,CCL
CCL260320P00025000,25.0,0.29,0.27,0.31,159.0,18746.0,0.49707534179687507,False,PUT,2026-03-20,CCL
CCL260320P00026000,26.0,0.41,0.39,0.43,21.0,3182.0,0.47949739257812496,False,PUT,2026-03-20,CCL
CCL260320P00027000,27.0,0.58,0.55,0.61,250.0,12533.0,0.4687553125,False,PUT,2026-03-20,CCL
CCL260320P00028000,28.0,0.8,0.74,0.83,193.0,8784.0,0.4545952978515625,False,PUT,2026-03-20,CCL
CCL260320P00029000,29.0,1.11,1.1,1.15,50.0,2284.0,0.450200810546875,False,PUT,2026-03-20,CCL
CCL260320P00030000,30.0,1.53,1.52,1.55,104.0,9257.0,0.44727115234375,False,PUT,2026-03-20,CCL
CCL260320P00031000,31.0,2.04,1.94,2.03,14.0,1411.0,0.445318046875,False,PUT,2026-03-20,CCL
CCL260320P00032000,32.0,2.6,2.47,2.58,85.0,3560.0,0.4414118359375,True,PUT,2026-03-20,CCL
CCL260320P00033000,33.0,3.25,3.05,3.45,23.0,550.0,0.4931691308593751,True,PUT,2026-03-20,CCL
CCL260320P00034000,34.0,4.42,3.7,4.6,4.0,241.0,0.5981485498046876,True,PUT,2026-03-20,CCL
CCL260320P00035000,35.0,5.4,4.5,6.0,2.0,24.0,0.5815471533203125,True,PUT,2026-03-20,CCL
CCL260320P00036000,36.0,4.6,5.4,6.85,5.0,11.0,0.6088906298828126,True,PUT,2026-03-20,CCL
CCL260320P00037000,37.0,7.2,0.0,0.0,,20.0,1.0000000000000003e-05,True,PUT,2026-03-20,CCL
CCL260320P00038000,38.0,7.8,11.1,13.5,2.0,8.0,1.6579606945800784,True,PUT,2026-03-20,CCL
CCL260320P00039000,39.0,8.6,11.35,14.85,,0.0,1.669923525390625,True,PUT,2026-03-20,CCL
CCL260320P00040000,40.0,17.45,10.4,11.3,,0.0,0.992187578125,True,PUT,2026-03-20,CCL
CCL260417C00022000,22.0,7.0,7.75,9.5,1.0,128.0,0.6289099609375001,True,CALL,2026-04-17,CCL
CCL260417C00023000,23.0,6.55,8.0,8.5,10.0,64.0,0.5664105859375,True,CALL,2026-04-17,CCL
CCL260417C00024000,24.0,5.18,6.05,7.7,1.0,131.0,0.5737347314453125,True,CALL,2026-04-17,CCL
CCL260417C00025000,25.0,6.1,6.35,6.8,3.0,859.0,0.5390671093750001,True,CALL,2026-04-17,CCL
CCL260417C00026000,26.0,5.67,5.4,5.85,4.0,771.0,0.48730981445312505,True,CALL,2026-04-17,CCL
CCL260417C00027000,27.0,4.77,4.65,5.1,3.0,389.0,0.4809622216796875,True,CALL,2026-04-17,CCL
CCL260417C00028000,28.0,4.2,4.25,4.4,69.0,1473.0,0.47412635253906255,True,CALL,2026-04-17,CCL
CCL260417C00029000,29.0,3.65,3.6,3.75,71.0,12064.0,0.46631393066406257,True,CALL,2026-04-17,CCL
CCL260417C00030000,30.0,3.05,2.99,3.1,279.0,11899.0,0.44873598144531246,True,CALL,2026-04-17,CCL
CCL260417C00031000,31.0,2.53,2.5,2.54,227.0,2980.0,0.4370173486328125,True,CALL,2026-04-17,CCL
CCL260417C00032000,32.0,2.07,2.06,2.09,94.0,7652.0,0.4338435522460938,False,CALL,2026-04-17,CCL
CCL260417C00033000,33.0,1.65,1.66,1.7,135.0,7800.0,0.43066975585937506,False,CALL,2026-04-17,CCL
CCL260417C00034000,34.0,1.32,1.33,1.36,57.0,2624.0,0.42627526855468756,False,CALL,2026-04-17,CCL
CCL260417C00035000,35.0,1.06,1.08,1.2,211.0,2808.0,0.4467828759765625,False,CALL,2026-04-17,CCL
CCL260417C00036000,36.0,0.86,0.83,0.88,17.0,1604.0,0.4272518212890626,False,CALL,2026-04-17,CCL
CCL260417C00037000,37.0,0.72,0.64,0.71,35.0,4483.0,0.43018147949218755,False,CALL,2026-04-17,CCL
CCL260417C00038000,38.0,0.55,0.51,0.54,2.0,1105.0,0.4243221630859375,False,CALL,2026-04-17,CCL
CCL260417C00040000,40.0,0.22,0.27,0.34,12.0,3761.0,0.428716650390625,False,CALL,2026-04-17,CCL
CCL260417P00022000,22.0,0.45,0.19,0.35,6.0,1291.0,0.5478560839843751,False,PUT,2026-04-17,CCL
CCL260417P00023000,23.0,0.36,0.26,0.35,10030.0,8359.0,0.507817421875,False,PUT,2026-04-17,CCL
CCL260417P00024000,24.0,0.48,0.39,0.54,50.0,20963.0,0.5136767382812499,False,PUT,2026-04-17,CCL
CCL260417P00025000,25.0,0.58,0.54,0.63,2.0,1423.0,0.50586431640625,False,PUT,2026-04-17,CCL
CCL260417P00026000,26.0,0.75,0.72,0.75,9.0,18221.0,0.4760794580078125,False,PUT,2026-04-17,CCL
CCL260417P00027000,27.0,1.0,0.96,1.02,67.0,739.0,0.47510290527343746,False,PUT,2026-04-17,CCL
CCL260417P00028000,28.0,1.25,1.24,1.3,17.0,3710.0,0.46484910156250003,False,PUT,2026-04-17,CCL
CCL260417P00029000,29.0,1.63,1.59,1.64,14.0,5980.0,0.45606012695312503,False,PUT,2026-04-17,CCL
CCL260417P00030000,30.0,2.02,1.99,2.06,2089.0,9052.0,0.45166563964843753,False,PUT,2026-04-17,CCL
CCL260417P00031000,31.0,2.49,2.51,2.55,145.0,1098.0,0.4484918432617187,False,PUT,2026-04-17,CCL
CCL260417P00032000,32.0,3.1,3.05,3.15,112.0,14726.0,0.454107021484375,True,PUT,2026-04-17,CCL
CCL260417P00033000,33.0,3.9,3.6,3.75,28.0,1268.0,0.44946839599609373,True,PUT,2026-04-17,CCL
CCL260417P00034000,34.0,6.22,4.25,4.6,5.0,846.0,0.4804739453125,True,PUT,2026-04-17,CCL
CCL260417P00035000,35.0,5.13,4.95,5.9,1.0,2922.0,0.5004932763671875,True,PUT,2026-04-17,CCL
CCL260417P00036000,36.0,5.65,5.7,6.05,1.0,35.0,0.47412635253906255,True,PUT,2026-04-17,CCL
CCL260417P00037000,37.0,5.78,6.4,6.85,6.0,13.0,0.47412635253906255,True,PUT,2026-04-17,CCL
CCL260417P00038000,38.0,7.8,7.4,8.25,2.0,2.0,0.5073291455078125,True,PUT,2026-04-17,CCL
CCL260417P00040000,40.0,8.26,9.05,10.7,25.0,2.0,0.5908244042968751,True,PUT,2026-04-17,CCL
CCL260618C00022000,22.0,7.5,8.1,9.8,1.0,1822.0,0.5546919531250001,True,CALL,2026-06-18,CCL
CCL260618C00025000,25.0,6.93,6.95,7.2,35.0,3544.0,0.48340360351562506,True,CALL,2026-06-18,CCL
CCL260618C00027000,27.0,5.25,5.55,5.7,23.0,3240.0,0.4580132324218751,True,CALL,2026-06-18,CCL
CCL260618C00030000,30.0,3.75,3.7,3.85,156.0,7377.0,0.43677321044921874,True,CALL,2026-06-18,CCL
CCL260618C00032000,32.0,2.8,2.73,2.8,141.0,3034.0,0.41699801757812494,False,CALL,2026-06-18,CCL
CCL260618C00035000,35.0,1.72,1.67,1.69,442.0,9146.0,0.4035704174804688,False,CALL,2026-06-18,CCL
CCL260618C00037000,37.0,1.15,1.12,1.25,43.0,1929.0,0.40918559570312496,False,CALL,2026-06-18,CCL
CCL260618C00040000,40.0,0.7,0.67,0.74,123.0,9045.0,0.407232490234375,False,CALL,2026-06-18,CCL
CCL260618P00022000,22.0,0.54,0.47,0.63,4.0,11751.0,0.5019581054687501,False,PUT,2026-06-18,CCL
CCL260618P00025000,25.0,1.06,0.96,1.05,18.0,12861.0,0.46533737792968755,False,PUT,2026-06-18,CCL
CCL260618P00027000,27.0,1.56,1.52,1.59,103.0,5861.0,0.44946839599609373,False,PUT,2026-06-18,CCL
CCL260618P00030000,30.0,2.75,2.64,2.73,34.0,5470.0,0.4282283740234375,False,PUT,2026-06-18,CCL
CCL260618P00032000,32.0,3.85,3.6,3.75,74.0,1839.0,0.4177304321289062,True,PUT,2026-06-18,CCL
CCL260618P00035000,35.0,5.75,5.5,5.9,3.0,2136.0,0.4401911450195312,True,PUT,2026-06-18,CCL
CCL260618P00037000,37.0,11.25,0.0,0.0,2.0,1.0,1.0000000000000003e-05,True,PUT,2026-06-18,CCL
CCL260618P00040000,40.0,9.9,9.45,10.05,3.0,401.0,0.47241738525390625,True,PUT,2026-06-18,CCL
CCL260717C00022000,22.0,7.63,8.3,10.05,3.0,12.0,0.5610395458984375,True,CALL,2026-07-17,CCL
CCL260717C00023000,23.0,8.0,8.35,9.05,1.0,15.0,0.5107470800781251,True,CALL,2026-07-17,CCL
CCL260717C00024000,24.0,7.91,7.7,8.25,2.0,48.0,0.49878430908203125,True,CALL,2026-07-17,CCL
CCL260717C00025000,25.0,7.04,7.1,7.5,5.0,183.0,0.4907277490234375,True,CALL,2026-07-17,CCL
CCL260717C00026000,26.0,5.15,6.2,6.8,1.0,349.0,0.48511257080078124,True,CALL,2026-07-17,CCL
CCL260717C00027000,27.0,4.4,5.9,6.2,13.0,35.0,0.48828636718750007,True,CALL,2026-07-17,CCL
CCL260717C00028000,28.0,3.73,4.15,5.45,5.0,97.0,0.4655815161132813,True,CALL,2026-07-17,CCL
CCL260717C00029000,29.0,4.7,4.65,4.85,3.0,87.0,0.4585015087890626,True,CALL,2026-07-17,CCL
CCL260717C00030000,30.0,4.2,4.1,4.25,57.0,327.0,0.4467828759765625,True,CALL,2026-07-17,CCL
CCL260717C00031000,31.0,3.3,3.4,3.8,21.0,132.0,0.44824770507812495,True,CALL,2026-07-17,CCL
CCL260717C00032000,32.0,3.2,3.1,3.3,41.0,224.0,0.43897045410156255,False,CALL,2026-07-17,CCL
CCL260717C00033000,33.0,2.8,2.73,3.0,5.0,371.0,0.4484918432617187,False,CALL,2026-07-17,CCL
CCL260717C00034000,34.0,3.25,2.34,2.73,2.0,1083.0,0.45752495605468757,False,CALL,2026-07-17,CCL
CCL260717C00035000,35.0,2.13,2.05,2.22,50.0,907.0,0.4331111376953125,False,CALL,2026-07-17,CCL
CCL260717C00036000,36.0,1.11,1.7,1.95,1.0,142.0,0.4338435522460938,False,CALL,2026-07-17,CCL
CCL260717C00037000,37.0,1.52,1.5,1.61,45.0,45.0,0.4211483666992188,False,CALL,2026-07-17,CCL
CCL260717C00038000,38.0,0.77,1.29,1.51,1.0,15.0,0.436529072265625,False,CALL,2026-07-17,CCL
CCL260717C00039000,39.0,1.1,1.08,1.17,58.0,284.0,0.415044912109375,False,CALL,2026-07-17,CCL
CCL260717C00040000,40.0,0.95,0.92,1.0,18.0,117.0,0.41358008300781246,False,CALL,2026-07-17,CCL
CCL260717P00022000,22.0,0.89,0.64,0.79,33.0,252.0,0.5161181201171875,False,PUT,2026-07-17,CCL
CCL260717P00023000,23.0,1.29,0.78,0.96,1.0,1112.0,0.5039112109375,False,PUT,2026-07-17,CCL
CCL260717P00024000,24.0,1.13,0.89,1.24,60.0,784.0,0.5073291455078125,False,PUT,2026-07-17,CCL
CCL260717P00025000,25.0,1.65,1.19,1.41,221.0,2084.0,0.48511257080078124,False,PUT,2026-07-17,CCL
CCL260717P00026000,26.0,1.9,1.45,1.78,1.0,108.0,0.4907277490234375,False,PUT,2026-07-17,CCL
CCL260717P00027000,27.0,2.36,1.76,1.92,1.0,230.0,0.4567925415039063,False,PUT,2026-07-17,CCL
CCL260717P00028000,28.0,2.26,2.12,2.38,60.0,676.0,0.463872548828125,False,PUT,2026-07-17,CCL
CCL260717P00029000,29.0,2.74,2.46,2.88,60.0,443.0,0.4694877270507813,False,PUT,2026-07-17,CCL
CCL260717P00030000,30.0,3.9,2.91,3.45,3.0,96.0,0.47803256347656253,False,PUT,2026-07-17,CCL
CCL260717P00031000,31.0,4.5,3.4,3.9,201.0,694.0,0.4670463452148438,False,PUT,2026-07-17,CCL
CCL260717P00032000,32.0,5.05,3.9,4.9,1.0,57.0,0.5168505346679688,True,PUT,2026-07-17,CCL
CCL260717P00033000,33.0,6.05,4.5,4.9,4.0,15.0,0.44336494140625,True,PUT,2026-07-17,CCL
CCL260717P00034000,34.0,4.93,5.1,5.5,3.0,5.0,0.43677321044921874,True,PUT,2026-07-17,CCL
CCL260717P00035000,35.0,6.13,5.75,6.2,2.0,16.0,0.43774976318359377,True,PUT,2026-07-17,CCL
CCL260717P00036000,36.0,7.7,6.5,6.95,2.0,2.0,0.4409235595703125,True,PUT,2026-07-17,CCL
CCL260717P00037000,37.0,7.7,7.2,7.7,,2.0,0.44043528320312497,True,PUT,2026-07-17,CCL
CCL260918C00022000,22.0,9.75,9.65,10.35,3.0,324.0,0.5314988256835937,True,CALL,2026-09-18,CCL
CCL260918C00025000,25.0,7.74,7.65,7.9,71.0,1438.0,0.47363807617187503,True,CALL,2026-09-18,CCL
CCL260918C00027000,27.0,6.05,6.4,6.6,52.0,497.0,0.4643608251953125,True,CALL,2026-09-18,CCL
CCL260918C00030000,30.0,4.34,4.65,4.85,48.0,1983.0,0.4440973559570312,True,CALL,2026-09-18,CCL
CCL260918C00032000,32.0,3.7,3.7,3.9,127.0,1189.0,0.43530838134765626,False,CALL,2026-09-18,CCL
CCL260918C00035000,35.0,2.55,2.58,2.82,37.0,3651.0,0.4318904467773438,False,CALL,2026-09-18,CCL
CCL260918C00037000,37.0,2.1,1.99,2.19,56.0,935.0,0.42310147216796873,False,CALL,2026-09-18,CCL
CCL260918C00040000,40.0,1.28,1.34,1.46,16.0,1422.0,0.4116269775390625,False,CALL,2026-09-18,CCL
CCL260918P00022000,22.0,1.0,0.91,1.09,5.0,3320.0,0.49707534179687507,False,PUT,2026-09-18,CCL
CCL260918P00025000,25.0,1.69,1.58,1.69,6.0,1582.0,0.45337460693359377,False,PUT,2026-09-18,CCL
CCL260918P00027000,27.0,2.31,2.19,2.46,6.0,4489.0,0.45508357421875,False,PUT,2026-09-18,CCL
CCL260918P00030000,30.0,4.9,3.4,3.75,1.0,2135.0,0.44006907592773437,False,PUT,2026-09-18,CCL
CCL260918P00032000,32.0,5.7,4.4,4.8,11.0,1805.0,0.4315242395019532,True,PUT,2026-09-18,CCL
CCL260918P00035000,35.0,6.54,6.2,6.55,2.0,375.0,0.41040628662109374,True,PUT,2026-09-18,CCL
CCL260918P00037000,37.0,7.95,7.65,8.15,2.0,3.0,0.4255428540039063,True,PUT,2026-09-18,CCL
CCL260918P00040000,40.0,10.05,9.95,10.15,2.0,10.0,0.38086556640624997,True,PUT,2026-09-18,CCL
CCL261218C00022000,22.0,10.6,10.25,11.0,6.0,1146.0,0.540287800292969,True,CALL,2026-12-18,CCL
CCL261218C00025000,25.0,8.37,8.4,8.65,1.0,3205.0,0.4854787780761719,True,CALL,2026-12-18,CCL
CCL261218C00027000,27.0,7.0,7.1,7.4,1.0,2913.0,0.4733939379882813,True,CALL,2026-12-18,CCL
CCL261218C00030000,30.0,4.75,5.45,5.8,1.0,2729.0,0.46130909790039065,True,CALL,2026-12-18,CCL
CCL261218C00032000,32.0,4.64,4.5,4.8,6.0,3832.0,0.4467828759765625,False,CALL,2026-12-18,CCL
CCL261218C00035000,35.0,3.55,3.45,3.7,43.0,9411.0,0.44214425048828127,False,CALL,2026-12-18,CCL
CCL261218C00037000,37.0,2.92,2.88,3.05,21.0,491.0,0.43555251953125,False,CALL,2026-12-18,CCL
CCL261218C00040000,40.0,2.14,2.1,2.2,27.0,4325.0,0.42163664306640625,False,CALL,2026-12-18,CCL
CCL261218P00022000,22.0,1.4,1.37,1.47,42.0,1837.0,0.476567734375,False,PUT,2026-12-18,CCL
CCL261218P00025000,25.0,2.25,2.19,2.31,6.0,5087.0,0.45483943603515625,False,PUT,2026-12-18,CCL
CCL261218P00027000,27.0,2.91,2.77,3.25,6.0,2555.0,0.4646049633789063,False,PUT,2026-12-18,CCL
CCL261218P00030000,30.0,4.5,4.05,4.4,1.0,1705.0,0.43115803222656257,False,PUT,2026-12-18,CCL
CCL261218P00032000,32.0,5.2,5.1,5.35,2.0,720.0,0.4133359448242187,True,PUT,2026-12-18,CCL
CCL261218P00035000,35.0,6.3,6.85,7.35,51.0,165.0,0.41748629394531245,True,PUT,2026-12-18,CCL
CCL261218P00037000,37.0,10.4,8.2,8.7,1.0,100.0,0.4102842175292969,True,PUT,2026-12-18,CCL
CCL261218P00040000,40.0,10.9,10.4,12.05,1.0,46.0,0.5051319018554687,True,PUT,2026-12-18,CCL
CCL270115C00022000,22.0,10.3,10.0,10.85,1.0,432.0,0.499028447265625,True,CALL,2027-01-15,CCL
CCL270115C00025000,25.0,8.61,8.55,8.75,36.0,3368.0,0.47632359619140624,True,CALL,2027-01-15,CCL
CCL270115C00027000,27.0,7.4,7.3,7.55,17.0,3429.0,0.4683891052246094,True,CALL,2027-01-15,CCL
CCL270115C00030000,30.0,5.75,5.7,5.9,101.0,5908.0,0.45117736328125,True,CALL,2027-01-15,CCL
CCL270115C00032000,32.0,4.9,4.8,5.0,89.0,1411.0,0.445318046875,False,CALL,2027-01-15,CCL
CCL270115C00035000,35.0,3.75,3.65,3.8,235.0,29231.0,0.43237872314453124,False,CALL,2027-01-15,CCL
CCL270115C00037000,37.0,3.05,3.05,3.15,124.0,1950.0,0.42627526855468756,False,CALL,2027-01-15,CCL
CCL270115C00040000,40.0,2.35,2.29,2.4,132.0,20518.0,0.42236905761718746,False,CALL,2027-01-15,CCL
CCL270115P00022000,22.0,1.54,1.49,1.59,18.0,5131.0,0.4731497998046875,False,PUT,2027-01-15,CCL
CCL270115P00025000,25.0,2.38,2.28,2.41,39.0,5134.0,0.4470270141601562,False,PUT,2027-01-15,CCL
CCL270115P00027000,27.0,3.1,2.98,3.15,66.0,4561.0,0.43628493408203123,False,PUT,2027-01-15,CCL
CCL270115P00030000,30.0,4.42,4.25,4.55,12.0,5544.0,0.4265194067382813,False,PUT,2027-01-15,CCL
CCL270115P00032000,32.0,5.65,5.3,5.5,31.0,943.0,0.4089414575195312,True,PUT,2027-01-15,CCL
CCL270115P00035000,35.0,7.91,7.15,7.65,10.0,4183.0,0.42529871582031253,True,PUT,2027-01-15,CCL
CCL270115P00037000,37.0,8.67,8.4,8.8,1.0,228.0,0.40210558837890625,True,PUT,2027-01-15,CCL
CCL270115P00040000,40.0,11.65,10.65,11.05,1.0,83.0,0.3967345483398438,True,PUT,2027-01-15,CCL
CCL271217C00023000,23.0,9.5,11.0,12.55,1.0,354.0,0.5482222912597658,True,CALL,2027-12-17,CCL
CCL271217C00025000,25.0,8.89,9.55,11.55,18.0,346.0,0.5462691857910158,True,CALL,2027-12-17,CCL
CCL271217C00028000,28.0,8.3,8.5,9.05,1.0,398.0,0.4669242761230469,True,CALL,2027-12-17,CCL
CCL271217C00030000,30.0,7.7,7.45,8.85,6.0,311.0,0.506840869140625,True,CALL,2027-12-17,CCL
CCL271217C00032000,32.0,6.95,6.8,7.4,26.0,477.0,0.4627739270019532,False,CALL,2027-12-17,CCL
CCL271217C00035000,35.0,4.6,5.55,6.95,246.0,476.0,0.495122236328125,False,CALL,2027-12-17,CCL
CCL271217C00037000,37.0,5.3,5.05,5.45,4.0,1111.0,0.4408014904785156,False,CALL,2027-12-17,CCL
CCL271217C00040000,40.0,4.5,4.1,4.55,1.0,527.0,0.4329890686035156,False,CALL,2027-12-17,CCL
CCL271217P00023000,23.0,3.45,3.0,3.3,50.0,109.0,0.45361874511718747,False,PUT,2027-12-17,CCL
CCL271217P00025000,25.0,3.38,3.7,4.05,5.0,1198.0,0.4414118359375,False,PUT,2027-12-17,CCL
CCL271217P00028000,28.0,4.85,4.95,5.4,1.0,55.0,0.4283504431152344,False,PUT,2027-12-17,CCL
CCL271217P00030000,30.0,6.9,5.8,6.45,1.0,12.0,0.42273526489257807,False,PUT,2027-12-17,CCL
CCL271217P00032000,32.0,7.95,7.05,7.65,10.0,127.0,0.42127043579101564,True,PUT,2027-12-17,CCL
CCL271217P00035000,35.0,9.65,8.7,9.3,13.0,15.0,0.401373173828125,True,PUT,2027-12-17,CCL
CCL271217P00040000,40.0,11.5,12.0,13.6,2.0,3.0,0.43994700683593746,True,PUT,2027-12-17,CCL
CCL280121C00023000,23.0,11.46,10.05,11.85,2.0,45.0,0.4804739453125,True,CALL,2028-01-21,CCL
CCL280121C00025000,25.0,10.0,9.85,10.7,85.0,986.0,0.4721732470703125,True,CALL,2028-01-21,CCL
CCL280121C00028000,28.0,8.95,8.45,9.9,103.0,205.0,0.5105029418945313,True,CALL,2028-01-21,CCL
CCL280121C00030000,30.0,8.0,7.8,8.25,445.0,749.0,0.45740288696289066,True,CALL,2028-01-21,CCL
CCL280121C00032000,32.0,7.15,6.9,7.35,26.0,200.0,0.4484918432617187,False,CALL,2028-01-21,CCL
CCL280121C00035000,35.0,6.0,5.9,6.4,87.0,194.0,0.45111632873535157,False,CALL,2028-01-21,CCL
CCL280121C00037000,37.0,4.55,5.15,5.65,2.0,154.0,0.4415339050292969,False,CALL,2028-01-21,CCL
CCL280121C00040000,40.0,4.6,4.6,4.8,20.0,334.0,0.43677321044921874,False,CALL,2028-01-21,CCL
CCL280121P00023000,23.0,3.67,3.1,3.9,5.0,298.0,0.489384989013672,False,PUT,2028-01-21,CCL
CCL280121P00025000,25.0,4.0,3.85,4.1,10.0,6146.0,0.43408769042968753,False,PUT,2028-01-21,CCL
CCL280121P00028000,28.0,5.95,5.15,5.55,1.0,1231.0,0.4274959594726563,False,PUT,2028-01-21,CCL
CCL280121P00030000,30.0,6.95,6.15,6.8,1.0,182.0,0.4338435522460938,False,PUT,2028-01-21,CCL
CCL280121P00032000,32.0,7.78,7.2,7.55,100.0,112.0,0.4050352465820312,True,PUT,2028-01-21,CCL
CCL280121P00035000,35.0,10.05,8.9,9.25,1.0,109.0,0.38867798828125,True,PUT,2028-01-21,CCL
CCL280121P00037000,37.0,11.0,10.15,10.55,100.0,140.0,0.38233039550781245,True,PUT,2028-01-21,CCL
CCL280121P00040000,40.0,13.9,12.15,13.55,,1.0,0.42627526855468756,True,PUT,2028-01-21,CCL
CDE260130C00017500,17.5,7.5,5.9,8.2,2.0,65.0,3.281251796875,True,CALL,2026-01-30,CDE
CDE260130C00018000,18.0,8.2,5.4,7.1,202.0,2232.0,4.6562541796875,True,CALL,2026-01-30,CDE
CDE260130C00018500,18.5,6.8,5.0,7.2,2.0,385.0,3.02343994140625,True,CALL,2026-01-30,CDE
CDE260130C00019000,19.0,4.73,5.2,5.7,1.0,255.0,2.2187544531249994,True,CALL,2026-01-30,CDE
CDE260130C00019500,19.5,5.35,3.9,6.2,1.0,37.0,2.4140664648437498,True,CALL,2026-01-30,CDE
CDE260130C00020000,20.0,6.3,3.4,5.0,25.0,1398.0,3.3242204394531245,True,CALL,2026-01-30,CDE
CDE260130C00020500,20.5,3.68,3.3,4.3,4.0,125.0,2.6328159179687503,True,CALL,2026-01-30,CDE
CDE260130C00021000,21.0,3.39,3.0,3.9,7.0,240.0,1.4765651171875,True,CALL,2026-01-30,CDE
CDE260130C00021500,21.5,2.45,2.55,3.4,2.0,227.0,1.3750031249999999,True,CALL,2026-01-30,CDE
CDE260130C00022000,22.0,2.25,2.1,2.8,197.0,536.0,1.11328568359375,True,CALL,2026-01-30,CDE
CDE260130C00022500,22.5,3.23,1.65,2.3,41.0,126.0,0.9960937890625,True,CALL,2026-01-30,CDE
CDE260130C00023000,23.0,1.65,1.25,1.85,45.0,368.0,0.9570316796874999,True,CALL,2026-01-30,CDE
CDE260130C00023500,23.5,1.3,1.2,1.45,220.0,211.0,1.1777384863281248,True,CALL,2026-01-30,CDE
CDE260130C00024000,24.0,1.0,0.8,1.0,309.0,512.0,0.9960937890625,True,CALL,2026-01-30,CDE
CDE260130C00024500,24.5,0.55,0.5,0.6,313.0,290.0,0.8632826171875,False,CALL,2026-01-30,CDE
CDE260130C00025000,25.0,0.35,0.35,0.5,1093.0,2712.0,0.9648441015625,False,CALL,2026-01-30,CDE
CDE260130C00025500,25.5,0.29,0.25,0.3,569.0,501.0,0.9609378906249999,False,CALL,2026-01-30,CDE
CDE260130C00026000,26.0,0.2,0.15,0.25,341.0,2490.0,1.015629921875,False,CALL,2026-01-30,CDE
CDE260130C00026500,26.5,0.13,0.1,0.2,249.0,1036.0,1.0781296093750001,False,CALL,2026-01-30,CDE
CDE260130C00027000,27.0,0.05,0.05,0.15,90.0,1716.0,1.09375453125,False,CALL,2026-01-30,CDE
CDE260130C00027500,27.5,0.07,0.05,0.1,117.0,1486.0,1.1484417578125,False,CALL,2026-01-30,CDE
CDE260130C00028000,28.0,0.05,0.0,0.1,31.0,1362.0,1.1640666796875,False,CALL,2026-01-30,CDE
CDE260130C00028500,28.5,0.05,0.0,0.05,68.0,338.0,1.125004375,False,CALL,2026-01-30,CDE
CDE260130C00029000,29.0,0.03,0.0,0.05,8.0,1282.0,1.21875390625,False,CALL,2026-01-30,CDE
CDE260130C00029500,29.5,0.18,0.0,0.05,3.0,239.0,1.3281283593749997,False,CALL,2026-01-30,CDE
CDE260130C00030000,30.0,0.03,0.0,0.05,20.0,364.0,1.421877890625,False,CALL,2026-01-30,CDE
CDE260130C00030500,30.5,0.05,0.0,0.05,13.0,41.0,1.5156274218749999,False,CALL,2026-01-30,CDE
CDE260130C00031000,31.0,0.07,0.0,0.05,1.0,13.0,1.5937520312499998,False,CALL,2026-01-30,CDE
CDE260130P00017500,17.5,0.01,0.0,0.05,1.0,145.0,2.1875045312499997,False,PUT,2026-01-30,CDE
CDE260130P00018000,18.0,0.03,0.0,0.05,2.0,360.0,2.031254921875,False,PUT,2026-01-30,CDE
CDE260130P00018500,18.5,0.03,0.0,0.05,9.0,204.0,1.859375703125,False,PUT,2026-01-30,CDE
CDE260130P00019000,19.0,0.02,0.0,0.05,1.0,214.0,1.703126484375,False,PUT,2026-01-30,CDE
CDE260130P00019500,19.5,0.03,0.0,0.05,4.0,167.0,1.5468772656249998,False,PUT,2026-01-30,CDE
CDE260130P00020000,20.0,0.08,0.0,0.15,7.0,228.0,1.7265638671875,False,PUT,2026-01-30,CDE
CDE260130P00020500,20.5,0.05,0.0,0.1,8.0,229.0,1.421877890625,False,PUT,2026-01-30,CDE
CDE260130P00021000,21.0,0.05,0.0,0.3,4.0,1278.0,1.6484392578125,False,PUT,2026-01-30,CDE
CDE260130P00021500,21.5,0.05,0.0,0.1,22.0,147.0,1.09375453125,False,PUT,2026-01-30,CDE
CDE260130P00022000,22.0,0.09,0.05,0.15,118.0,230.0,1.11328568359375,False,PUT,2026-01-30,CDE
CDE260130P00022500,22.5,0.13,0.05,0.2,31.0,184.0,0.9960937890625,False,PUT,2026-01-30,CDE
CDE260130P00023000,23.0,0.2,0.1,0.25,122.0,847.0,0.9062509375,False,PUT,2026-01-30,CDE
CDE260130P00023500,23.5,0.32,0.25,0.3,169.0,282.0,0.85937640625,False,PUT,2026-01-30,CDE
CDE260130P00024000,24.0,0.49,0.4,0.5,26.0,789.0,0.8535170898437501,False,PUT,2026-01-30,CDE
CDE260130P00024500,24.5,0.72,0.6,0.7,110.0,685.0,0.7929708203125,True,PUT,2026-01-30,CDE
CDE260130P00025000,25.0,1.02,0.95,1.05,305.0,931.0,0.8535170898437501,True,PUT,2026-01-30,CDE
CDE260130P00025500,25.5,1.37,1.3,1.7,93.0,822.0,1.08203583984375,True,PUT,2026-01-30,CDE
CDE260130P00026000,26.0,2.45,1.5,2.3,67.0,498.0,1.111332568359375,True,PUT,2026-01-30,CDE
CDE260130P00026500,26.5,2.4,1.95,2.6,2.0,1238.0,1.015629921875,True,PUT,2026-01-30,CDE
CDE260130P00027000,27.0,3.2,2.4,3.2,1.0,461.0,1.23047259765625,True,PUT,2026-01-30,CDE
CDE260130P00027500,27.5,3.25,2.85,3.7,1.0,174.0,1.3085972070312497,True,PUT,2026-01-30,CDE
CDE260130P00028000,28.0,2.55,2.8,4.4,161.0,161.0,2.707034482421875,True,PUT,2026-01-30,CDE
CDE260130P00029000,29.0,4.55,3.3,5.6,6.0,46.0,3.3828140429687497,True,PUT,2026-01-30,CDE
CDE260130P00030000,30.0,5.5,4.3,6.7,10.0,11.0,3.8750003125,True,PUT,2026-01-30,CDE
CDE260206C00017500,17.5,7.36,6.0,8.2,3.0,12.0,1.640626796875,True,CALL,2026-02-06,CDE
CDE260206C00018000,18.0,8.0,5.5,7.7,10.0,21.0,1.5312523437499999,True,CALL,2026-02-06,CDE
CDE260206C00018500,18.5,4.4,5.0,6.9,3.0,228.0,1.1328168359375002,True,CALL,2026-02-06,CDE
CDE260206C00019000,19.0,8.5,4.6,6.3,5.0,36.0,1.0429735351562504,True,CALL,2026-02-06,CDE
CDE260206C00019500,19.5,4.02,4.1,6.3,1.0,45.0,1.3496126269531248,True,CALL,2026-02-06,CDE
CDE260206C00020000,20.0,4.7,4.2,4.9,5.0,135.0,1.0390673046875003,True,CALL,2026-02-06,CDE
CDE260206C00020500,20.5,5.45,3.8,4.5,6.0,30.0,1.0722702636718753,True,CALL,2026-02-06,CDE
CDE260206C00021000,21.0,3.7,3.3,4.0,12.0,44.0,0.96679720703125,True,CALL,2026-02-06,CDE
CDE260206C00021500,21.5,5.55,2.5,4.5,11.0,21.0,1.1943399658203124,True,CALL,2026-02-06,CDE
CDE260206C00022000,22.0,2.87,2.6,3.2,30.0,79.0,0.9853517089843751,True,CALL,2026-02-06,CDE
CDE260206C00022500,22.5,3.5,2.5,2.85,14.0,250.0,1.0791061669921875,True,CALL,2026-02-06,CDE
CDE260206C00023000,23.0,2.35,2.2,2.5,83.0,94.0,1.0703171484375003,True,CALL,2026-02-06,CDE
CDE260206C00023500,23.5,1.86,1.9,2.15,56.0,68.0,1.0449266503906252,True,CALL,2026-02-06,CDE
CDE260206C00024000,24.0,1.71,1.6,1.9,19.0,173.0,1.0371141894531253,True,CALL,2026-02-06,CDE
CDE260206C00024500,24.5,1.44,1.35,1.55,39.0,74.0,0.9970703417968749,False,CALL,2026-02-06,CDE
CDE260206C00025000,25.0,1.3,1.15,1.3,91.0,324.0,0.99023447265625,False,CALL,2026-02-06,CDE
CDE260206C00025500,25.5,1.0,0.9,1.15,11.0,49.0,0.98242205078125,False,CALL,2026-02-06,CDE
CDE260206C00026000,26.0,0.9,0.8,1.0,65.0,327.0,1.009770576171875,False,CALL,2026-02-06,CDE
CDE260206C00026500,26.5,0.7,0.65,0.85,23.0,429.0,1.0058643457031249,False,CALL,2026-02-06,CDE
CDE260206C00027000,27.0,0.6,0.55,0.65,199.0,402.0,0.9873048144531251,False,CALL,2026-02-06,CDE
CDE260206C00027500,27.5,0.5,0.45,0.6,115.0,385.0,1.0127002490234376,False,CALL,2026-02-06,CDE
CDE260206C00028000,28.0,0.4,0.4,0.55,314.0,425.0,1.05078599609375,False,CALL,2026-02-06,CDE
CDE260206C00028500,28.5,0.4,0.35,0.45,112.0,138.0,1.056645341796875,False,CALL,2026-02-06,CDE
CDE260206C00029000,29.0,0.26,0.25,0.4,154.0,217.0,1.05078599609375,False,CALL,2026-02-06,CDE
CDE260206C00029500,29.5,0.28,0.2,0.35,1.0,15.0,1.0605515722656251,False,CALL,2026-02-06,CDE
CDE260206C00030000,30.0,0.28,0.2,0.3,17.0,302.0,1.091801416015625,False,CALL,2026-02-06,CDE
CDE260206C00030500,30.5,0.2,0.15,0.35,2.0,2.0,1.150394873046875,False,CALL,2026-02-06,CDE
CDE260206C00031000,31.0,0.2,0.1,0.3,2.0,322.0,1.138676181640625,False,CALL,2026-02-06,CDE
CDE260206P00017500,17.5,0.05,0.0,0.75,10.0,69.0,1.8437507812499998,False,PUT,2026-02-06,CDE
CDE260206P00018000,18.0,0.05,0.0,0.15,5.0,46.0,1.15625421875,False,PUT,2026-02-06,CDE
CDE260206P00018500,18.5,0.35,0.0,0.55,1.0,7.0,1.46484642578125,False,PUT,2026-02-06,CDE
CDE260206P00019000,19.0,0.11,0.0,0.25,30.0,99.0,1.0976607617187502,False,PUT,2026-02-06,CDE
CDE260206P00019500,19.5,0.13,0.05,0.2,2.0,27.0,1.0078174609375,False,PUT,2026-02-06,CDE
CDE260206P00020000,20.0,0.18,0.1,0.2,20.0,206.0,0.9609378906249999,False,PUT,2026-02-06,CDE
CDE260206P00020500,20.5,0.2,0.15,0.25,51.0,218.0,0.9433599414062499,False,PUT,2026-02-06,CDE
CDE260206P00021000,21.0,0.3,0.2,0.4,31.0,115.0,0.96679720703125,False,PUT,2026-02-06,CDE
CDE260206P00021500,21.5,0.47,0.35,0.45,16.0,144.0,0.9648441015625,False,PUT,2026-02-06,CDE
CDE260206P00022000,22.0,0.5,0.4,0.5,89.0,421.0,0.8984385156249999,False,PUT,2026-02-06,CDE
CDE260206P00022500,22.5,0.8,0.5,0.7,11.0,77.0,0.90429783203125,False,PUT,2026-02-06,CDE
CDE260206P00023000,23.0,0.8,0.75,0.85,242.0,731.0,0.9257819921875,False,PUT,2026-02-06,CDE
CDE260206P00023500,23.5,1.15,0.85,1.05,40.0,108.0,0.8896495410156249,False,PUT,2026-02-06,CDE
CDE260206P00024000,24.0,1.35,1.1,1.3,55.0,221.0,0.90429783203125,False,PUT,2026-02-06,CDE
CDE260206P00024500,24.5,1.62,1.3,1.55,64.0,215.0,0.8818371191406249,True,PUT,2026-02-06,CDE
CDE260206P00025000,25.0,1.88,1.6,1.85,52.0,172.0,0.8906260937499999,True,PUT,2026-02-06,CDE
CDE260206P00025500,25.5,2.2,1.95,2.2,4.0,143.0,0.9150399121093751,True,PUT,2026-02-06,CDE
CDE260206P00026000,26.0,2.75,2.2,2.45,33.0,78.0,0.851563984375,True,PUT,2026-02-06,CDE
CDE260206P00026500,26.5,2.13,2.6,2.85,3.0,16.0,0.87695435546875,True,PUT,2026-02-06,CDE
CDE260206P00027000,27.0,3.4,3.0,3.3,23.0,43.0,0.9082040429687499,True,PUT,2026-02-06,CDE
CDE260206P00027500,27.5,2.91,2.75,4.4,1.0,1.0,0.92773509765625,True,PUT,2026-02-06,CDE
CDE260213C00017500,17.5,6.5,6.0,8.3,2.0,12.0,1.2949254003906248,True,CALL,2026-02-13,CDE
CDE260213C00018000,18.0,8.1,5.6,7.9,11.0,27.0,1.3203158984374999,True,CALL,2026-02-13,CDE
CDE260213C00018500,18.5,5.45,5.2,7.0,3.0,11.0,1.0683640332031252,True,CALL,2026-02-13,CDE
CDE260213C00019000,19.0,6.53,5.0,6.5,4.0,78.0,1.1445355273437499,True,CALL,2026-02-13,CDE
CDE260213C00019500,19.5,7.8,4.4,6.6,5.0,49.0,1.2695349023437497,True,CALL,2026-02-13,CDE
CDE260213C00020000,20.0,6.7,4.0,6.1,16.0,28.0,1.2128945605468748,True,CALL,2026-02-13,CDE
CDE260213C00020500,20.5,6.01,3.6,5.9,2.0,17.0,1.2548865380859375,True,CALL,2026-02-13,CDE
CDE260213C00021000,21.0,5.0,3.5,4.4,2.0,92.0,0.954102021484375,True,CALL,2026-02-13,CDE
CDE260213C00021500,21.5,4.1,3.3,4.0,50.0,90.0,0.992187578125,True,CALL,2026-02-13,CDE
CDE260213C00022000,22.0,4.08,3.1,3.6,5.0,298.0,1.0127002490234376,True,CALL,2026-02-13,CDE
CDE260213C00022500,22.5,3.77,2.95,3.3,1.0,56.0,1.0605515722656251,True,CALL,2026-02-13,CDE
CDE260213C00023000,23.0,2.25,2.6,2.95,5.0,51.0,1.0283251708984378,True,CALL,2026-02-13,CDE
CDE260213C00023500,23.5,2.5,2.4,2.7,12.0,50.0,1.0517625537109376,True,CALL,2026-02-13,CDE
CDE260213C00024000,24.0,2.3,2.15,2.4,11.0,40.0,1.040043862304688,True,CALL,2026-02-13,CDE
CDE260213C00025000,25.0,1.75,1.7,1.85,75.0,2217.0,1.0127002490234376,False,CALL,2026-02-13,CDE
CDE260213C00026000,26.0,1.45,1.3,1.55,20.0,785.0,1.0244189404296877,False,CALL,2026-02-13,CDE
CDE260213C00027000,27.0,1.02,1.05,1.2,19.0,636.0,1.0293017285156252,False,CALL,2026-02-13,CDE
CDE260213C00028000,28.0,0.8,0.8,1.0,27.0,135.0,1.0439500927734378,False,CALL,2026-02-13,CDE
CDE260213C00030000,30.0,0.65,0.5,0.65,45.0,728.0,1.0722702636718753,False,CALL,2026-02-13,CDE
CDE260213C00031000,31.0,0.6,0.3,0.55,24.0,37.0,1.05859845703125,False,CALL,2026-02-13,CDE
CDE260213P00017500,17.5,0.4,0.0,0.6,5.0,6.0,1.2949254003906248,False,PUT,2026-02-13,CDE
CDE260213P00018000,18.0,0.6,0.05,0.4,2.0,47.0,1.1171919140625,False,PUT,2026-02-13,CDE
CDE260213P00018500,18.5,0.2,0.1,0.35,6.0,50.0,1.0371141894531253,False,PUT,2026-02-13,CDE
CDE260213P00019000,19.0,0.2,0.2,0.3,52.0,9.0,0.9882813671875,False,PUT,2026-02-13,CDE
CDE260213P00019500,19.5,0.31,0.25,0.4,16.0,441.0,0.9882813671875,False,PUT,2026-02-13,CDE
CDE260213P00020000,20.0,0.4,0.3,0.6,3.0,98.0,1.017583037109375,False,PUT,2026-02-13,CDE
CDE260213P00020500,20.5,0.5,0.4,0.55,8.0,41.0,0.9511723632812499,False,PUT,2026-02-13,CDE
CDE260213P00021000,21.0,0.58,0.5,0.65,4.0,149.0,0.936524072265625,False,PUT,2026-02-13,CDE
CDE260213P00021500,21.5,0.73,0.65,0.8,2.0,48.0,0.9443364941406249,False,PUT,2026-02-13,CDE
CDE260213P00022000,22.0,0.9,0.8,0.95,23.0,95.0,0.938477177734375,False,PUT,2026-02-13,CDE
CDE260213P00022500,22.5,1.0,0.95,1.1,8.0,42.0,0.92187578125,False,PUT,2026-02-13,CDE
CDE260213P00023000,23.0,1.25,1.15,1.3,22.0,691.0,0.922852333984375,False,PUT,2026-02-13,CDE
CDE260213P00023500,23.5,1.8,1.35,1.55,15.0,70.0,0.9238288867187501,False,PUT,2026-02-13,CDE
CDE260213P00024000,24.0,1.73,1.6,1.8,3.0,68.0,0.92773509765625,False,PUT,2026-02-13,CDE
CDE260213P00025000,25.0,2.23,2.15,2.3,15.0,84.0,0.9150399121093751,True,PUT,2026-02-13,CDE
CDE260213P00026000,26.0,3.01,2.8,2.95,26.0,31.0,0.9238288867187501,True,PUT,2026-02-13,CDE
CDE260213P00027000,27.0,2.45,3.4,3.7,4.0,15.0,0.9091805957031249,True,PUT,2026-02-13,CDE
CDE260213P00028000,28.0,3.3,4.2,4.5,3.0,11.0,0.92773509765625,True,PUT,2026-02-13,CDE
CDE260213P00030000,30.0,4.54,4.7,7.0,1.0,1.0,0.7695335546875001,True,PUT,2026-02-13,CDE
CDE260220C00017500,17.5,6.85,7.1,7.6,21.0,1404.0,1.2636755566406248,True,CALL,2026-02-20,CDE
CDE260220C00018000,18.0,5.64,5.9,7.9,,1.0,1.224613251953125,True,CALL,2026-02-20,CDE
CDE260220C00019000,19.0,5.44,5.6,6.3,2.0,4.0,1.1035201074218752,True,CALL,2026-02-20,CDE
CDE260220C00020000,20.0,5.2,5.1,5.3,84.0,2599.0,1.1015669921875002,True,CALL,2026-02-20,CDE
CDE260220C00020500,20.5,5.36,4.0,6.2,2.0,7.0,1.236331943359375,True,CALL,2026-02-20,CDE
CDE260220C00021000,21.0,4.0,3.7,4.7,11.0,25.0,0.9355475195312499,True,CALL,2026-02-20,CDE
CDE260220C00021500,21.5,2.94,3.6,4.4,,1.0,1.0058643457031249,True,CALL,2026-02-20,CDE
CDE260220C00022000,22.0,3.6,3.7,4.1,1.0,21.0,1.1054732226562503,True,CALL,2026-02-20,CDE
CDE260220C00022500,22.5,3.5,3.3,3.7,63.0,4302.0,1.0546922265625,True,CALL,2026-02-20,CDE
CDE260220C00023000,23.0,3.24,3.1,3.5,28.0,482.0,1.0869186279296876,True,CALL,2026-02-20,CDE
CDE260220C00023500,23.5,2.75,2.7,3.2,28.0,67.0,1.0473680444335938,True,CALL,2026-02-20,CDE
CDE260220C00024000,24.0,2.68,2.6,2.9,38.0,201.0,1.0654343603515626,True,CALL,2026-02-20,CDE
CDE260220C00024500,24.5,2.6,2.3,2.7,7.0,19.0,1.0556687841796877,False,CALL,2026-02-20,CDE
CDE260220C00025000,25.0,2.27,2.2,2.4,977.0,4524.0,1.0605515722656251,False,CALL,2026-02-20,CDE
CDE260220C00025500,25.5,1.99,1.9,2.25,288.0,416.0,1.0488328808593752,False,CALL,2026-02-20,CDE
CDE260220C00026000,26.0,1.85,1.8,2.1,171.0,573.0,1.0722702636718753,False,CALL,2026-02-20,CDE
CDE260220C00026500,26.5,1.85,1.6,1.9,2.0,68.0,1.0595750146484377,False,CALL,2026-02-20,CDE
CDE260220C00027000,27.0,1.58,1.4,1.75,173.0,1016.0,1.0522508325195314,False,CALL,2026-02-20,CDE
CDE260220C00028000,28.0,1.32,1.25,1.5,124.0,454.0,1.0859420703125,False,CALL,2026-02-20,CDE
CDE260220C00029000,29.0,1.05,1.05,1.25,3.0,314.0,1.091801416015625,False,CALL,2026-02-20,CDE
CDE260220C00030000,30.0,0.94,0.95,1.05,470.0,8893.0,1.1181684716796876,False,CALL,2026-02-20,CDE
CDE260220C00031000,31.0,1.0,0.6,0.95,89.0,247.0,1.08984830078125,False,CALL,2026-02-20,CDE
CDE260220P00017500,17.5,0.25,0.15,0.3,12.0,8728.0,0.99804689453125,False,PUT,2026-02-20,CDE
CDE260220P00018000,18.0,0.32,0.25,0.4,10.0,67.0,1.0332079589843752,False,PUT,2026-02-20,CDE
CDE260220P00019000,19.0,0.5,0.4,0.5,30.0,117.0,0.9941406835937501,False,PUT,2026-02-20,CDE
CDE260220P00019500,19.5,0.55,0.5,0.65,1.0,50.0,1.0087940185546875,False,PUT,2026-02-20,CDE
CDE260220P00020000,20.0,0.66,0.6,0.75,120.0,6565.0,0.9960937890625,False,PUT,2026-02-20,CDE
CDE260220P00020500,20.5,0.95,0.7,0.95,1.0,70.0,1.0039112304687499,False,PUT,2026-02-20,CDE
CDE260220P00021000,21.0,1.02,0.85,1.1,10.0,158.0,1.0029346728515625,False,PUT,2026-02-20,CDE
CDE260220P00021500,21.5,0.86,1.0,1.3,7.0,170.0,1.0058643457031249,False,PUT,2026-02-20,CDE
CDE260220P00022000,22.0,1.33,1.2,1.45,10.0,935.0,0.9995117236328125,False,PUT,2026-02-20,CDE
CDE260220P00022500,22.5,1.65,1.4,1.65,10.0,737.0,0.99804689453125,False,PUT,2026-02-20,CDE
CDE260220P00023000,23.0,1.8,1.6,1.95,4.0,251.0,1.0107471337890623,False,PUT,2026-02-20,CDE
CDE260220P00023500,23.5,2.08,1.85,2.1,6.0,49.0,0.9941406835937501,False,PUT,2026-02-20,CDE
CDE260220P00024000,24.0,2.15,2.05,2.4,34.0,318.0,0.992187578125,False,PUT,2026-02-20,CDE
CDE260220P00024500,24.5,2.57,2.35,2.6,6.0,38.0,0.983398603515625,True,PUT,2026-02-20,CDE
CDE260220P00025000,25.0,2.85,2.65,2.9,136.0,2305.0,0.9882813671875,True,PUT,2026-02-20,CDE
CDE260220P00025500,25.5,3.15,2.9,3.5,4.0,73.0,1.0385790258789065,True,PUT,2026-02-20,CDE
CDE260220P00026000,26.0,3.5,3.2,3.5,12.0,84.0,0.9692385888671875,True,PUT,2026-02-20,CDE
CDE260220P00027000,27.0,4.3,3.9,4.2,1.0,20.0,0.9775392871093751,True,PUT,2026-02-20,CDE
CDE260220P00028000,28.0,4.4,4.6,4.9,30.0,31.0,0.9633792724609375,True,PUT,2026-02-20,CDE
CDE260220P00029000,29.0,5.8,5.4,5.8,4.0,5.0,0.99804689453125,True,PUT,2026-02-20,CDE
CDE260220P00030000,30.0,6.7,6.2,6.6,18.0,20.0,0.99023447265625,True,PUT,2026-02-20,CDE
CDE260227C00017500,17.5,4.51,6.4,8.5,,1.0,1.1777384863281248,True,CALL,2026-02-27,CDE
CDE260227C00019000,19.0,4.0,5.3,7.5,,2.0,1.220707021484375,True,CALL,2026-02-27,CDE
CDE260227C00020000,20.0,6.34,4.5,6.8,6.0,53.0,1.1860392260742185,True,CALL,2026-02-27,CDE
CDE260227C00020500,20.5,5.48,4.6,5.4,10.0,15.0,1.0361376318359379,True,CALL,2026-02-27,CDE
CDE260227C00021000,21.0,5.15,4.2,5.0,1.0,22.0,1.0029346728515625,True,CALL,2026-02-27,CDE
CDE260227C00021500,21.5,4.7,4.0,4.7,3.0,90.0,1.0302782861328126,True,CALL,2026-02-27,CDE
CDE260227C00022000,22.0,6.24,3.9,4.3,3.0,512.0,1.0488328808593752,True,CALL,2026-02-27,CDE
CDE260227C00022500,22.5,4.49,3.3,4.1,1.0,62.0,1.001958115234375,True,CALL,2026-02-27,CDE
CDE260227C00023000,23.0,3.9,3.3,3.7,1.0,102.0,1.0283251708984378,True,CALL,2026-02-27,CDE
CDE260227C00023500,23.5,3.4,3.2,3.5,6.0,37.0,1.0659226391601564,True,CALL,2026-02-27,CDE
CDE260227C00024000,24.0,3.03,3.0,3.3,47.0,118.0,1.0791061669921875,True,CALL,2026-02-27,CDE
CDE260227C00025000,25.0,2.73,2.55,2.8,14.0,166.0,1.0634812451171878,False,CALL,2026-02-27,CDE
CDE260227C00026000,26.0,2.2,2.25,2.4,100.0,342.0,1.0742233789062503,False,CALL,2026-02-27,CDE
CDE260227C00027000,27.0,1.88,1.9,2.1,10.0,281.0,1.0776413305664065,False,CALL,2026-02-27,CDE
CDE260227C00028000,28.0,1.77,1.65,1.8,34.0,291.0,1.083988955078125,False,CALL,2026-02-27,CDE
CDE260227C00030000,30.0,1.27,1.15,1.4,188.0,387.0,1.09375453125,False,CALL,2026-02-27,CDE
CDE260227C00031000,31.0,1.14,1.05,1.2,43.0,15.0,1.111332568359375,False,CALL,2026-02-27,CDE
CDE260227P00017500,17.5,0.35,0.2,1.4,2.0,56.0,1.3105503222656247,False,PUT,2026-02-27,CDE
CDE260227P00018000,18.0,0.42,0.15,1.45,9.0,22.0,1.2334022705078125,False,PUT,2026-02-27,CDE
CDE260227P00018500,18.5,0.45,0.45,1.45,1.0,1.0,1.2441444042968748,False,PUT,2026-02-27,CDE
CDE260227P00019000,19.0,0.55,0.45,0.8,1.0,12.0,0.981445498046875,False,PUT,2026-02-27,CDE
CDE260227P00019500,19.5,0.71,0.35,0.95,3.0,72.0,0.9267585449218749,False,PUT,2026-02-27,CDE
CDE260227P00020000,20.0,0.95,0.8,1.05,26.0,281.0,1.0029346728515625,False,PUT,2026-02-27,CDE
CDE260227P00020500,20.5,1.15,0.95,1.2,22.0,110.0,1.0009815576171874,False,PUT,2026-02-27,CDE
CDE260227P00021000,21.0,1.18,1.15,1.35,58.0,6.0,1.0029346728515625,False,PUT,2026-02-27,CDE
CDE260227P00021500,21.5,1.5,1.35,1.5,33.0,26.0,0.9985351708984375,False,PUT,2026-02-27,CDE
CDE260227P00022000,22.0,1.65,1.55,1.7,2.0,60.0,0.99804689453125,False,PUT,2026-02-27,CDE
CDE260227P00022500,22.5,2.0,1.75,1.95,37.0,20.0,1.001958115234375,False,PUT,2026-02-27,CDE
CDE260227P00023000,23.0,2.13,2.0,2.15,2.0,36.0,0.9995117236328125,False,PUT,2026-02-27,CDE
CDE260227P00023500,23.5,1.75,2.2,2.4,1.0,11.0,0.991211025390625,False,PUT,2026-02-27,CDE
CDE260227P00024000,24.0,2.65,2.45,2.65,25.0,191.0,0.9873048144531251,False,PUT,2026-02-27,CDE
CDE260227P00025000,25.0,3.2,3.0,3.2,18.0,93.0,0.98242205078125,True,PUT,2026-02-27,CDE
CDE260227P00026000,26.0,2.85,3.7,3.8,3.0,11.0,0.993164130859375,True,PUT,2026-02-27,CDE
CDE260227P00027000,27.0,4.35,4.3,4.6,1.0,31.0,1.0043995092773437,True,PUT,2026-02-27,CDE
CDE260306C00020000,20.0,6.1,4.8,6.9,1.0,2.0,1.15234798828125,True,CALL,2026-03-06,CDE
CDE260306C00020500,20.5,5.5,4.5,6.7,1.0,5.0,1.1777384863281248,True,CALL,2026-03-06,CDE
CDE260306C00021500,21.5,5.7,4.1,5.0,1.0,11.0,1.0029346728515625,True,CALL,2026-03-06,CDE
CDE260306C00023500,23.5,3.49,3.1,3.9,3.0,5.0,1.009770576171875,True,CALL,2026-03-06,CDE
CDE260306C00024000,24.0,3.21,3.0,3.6,12.0,8.0,1.0210009887695315,True,CALL,2026-03-06,CDE
CDE260306C00024500,24.5,3.32,2.8,3.4,1.0,1.0,1.027836892089844,False,CALL,2026-03-06,CDE
CDE260306C00025000,25.0,3.1,2.75,3.2,69.0,371.0,1.0546922265625,False,CALL,2026-03-06,CDE
CDE260306C00025500,25.5,2.87,2.45,2.95,4.0,20.0,1.0288134497070316,False,CALL,2026-03-06,CDE
CDE260306C00026000,26.0,3.1,2.35,2.7,23.0,64.0,1.0322314013671878,False,CALL,2026-03-06,CDE
CDE260306C00026500,26.5,2.33,2.05,2.6,35.0,146.0,1.0234423828125,False,CALL,2026-03-06,CDE
CDE260306C00027000,27.0,2.27,2.15,2.4,12.0,33.0,1.0605515722656251,False,CALL,2026-03-06,CDE
CDE260306C00027500,27.5,2.23,1.75,2.35,12.0,228.0,1.0371141894531253,False,CALL,2026-03-06,CDE
CDE260306C00028000,28.0,2.95,1.5,2.1,15.0,16.0,1.0014698364257812,False,CALL,2026-03-06,CDE
CDE260306C00028500,28.5,1.8,1.6,2.0,1.0,68.0,1.0468797656250002,False,CALL,2026-03-06,CDE
CDE260306C00029000,29.0,2.75,1.45,1.9,9.0,9.0,1.0468797656250002,False,CALL,2026-03-06,CDE
CDE260306C00030000,30.0,1.62,1.2,1.65,6.0,25.0,1.0395555834960941,False,CALL,2026-03-06,CDE
CDE260306C00031000,31.0,1.24,1.0,1.55,7.0,20.0,1.0581101782226563,False,CALL,2026-03-06,CDE
CDE260306P00018000,18.0,0.62,0.45,1.55,1.0,18.0,1.2177773486328123,False,PUT,2026-03-06,CDE
CDE260306P00020000,20.0,1.1,0.95,1.25,1.0,14.0,0.981445498046875,False,PUT,2026-03-06,CDE
CDE260306P00022000,22.0,1.43,1.65,2.0,10.0,10.0,0.971679970703125,False,PUT,2026-03-06,CDE
CDE260306P00023000,23.0,1.58,2.15,2.5,1.0,3.0,0.9853517089843751,False,PUT,2026-03-06,CDE
CDE260306P00024000,24.0,3.0,2.6,3.0,1.0,12.0,0.971679970703125,False,PUT,2026-03-06,CDE
CDE260306P00024500,24.5,2.71,2.9,3.2,,1.0,0.9624027197265624,True,PUT,2026-03-06,CDE
CDE260306P00025000,25.0,4.0,3.2,3.6,5.0,60.0,0.981445498046875,True,PUT,2026-03-06,CDE
CDE260306P00026000,26.0,3.6,3.8,4.2,9.0,22.0,0.975586181640625,True,PUT,2026-03-06,CDE
CDE260320C00017500,17.5,7.55,7.4,8.1,62.0,3800.0,1.052739111328125,True,CALL,2026-03-20,CDE
CDE260320C00020000,20.0,6.07,6.0,6.2,316.0,9375.0,1.0703171484375003,True,CALL,2026-03-20,CDE
CDE260320C00022500,22.5,4.65,4.5,4.7,536.0,10024.0,1.0371141894531253,True,CALL,2026-03-20,CDE
CDE260320C00025000,25.0,3.45,3.3,3.6,594.0,16907.0,1.0297900073242188,False,CALL,2026-03-20,CDE
CDE260320C00030000,30.0,2.07,1.95,2.0,5058.0,26789.0,1.049321159667969,False,CALL,2026-03-20,CDE
CDE260320P00017500,17.5,0.7,0.65,0.8,313.0,3261.0,0.9677737597656251,False,PUT,2026-03-20,CDE
CDE260320P00020000,20.0,1.42,1.35,1.5,117.0,5953.0,0.95507857421875,False,PUT,2026-03-20,CDE
CDE260320P00022500,22.5,2.5,2.35,2.55,181.0,3105.0,0.948242705078125,False,PUT,2026-03-20,CDE
CDE260320P00025000,25.0,3.8,3.7,4.0,295.0,1043.0,0.9604496142578124,True,PUT,2026-03-20,CDE
CDE260320P00030000,30.0,7.45,7.2,7.5,1.0,184.0,0.9687503125,True,PUT,2026-03-20,CDE
CDE260515C00017500,17.5,8.41,8.3,9.0,68.0,2734.0,0.9946289599609376,True,CALL,2026-05-15,CDE
CDE260515C00020000,20.0,7.1,6.9,7.4,36.0,3949.0,0.9865723999023439,True,CALL,2026-05-15,CDE
CDE260515C00022500,22.5,5.9,5.6,6.1,70.0,11648.0,0.9741213525390625,True,CALL,2026-05-15,CDE
CDE260515C00025000,25.0,5.1,4.9,5.0,1456.0,6733.0,1.0004932788085936,False,CALL,2026-05-15,CDE
CDE260515C00030000,30.0,3.4,3.3,3.6,309.0,6714.0,1.0119678308105469,False,CALL,2026-05-15,CDE
CDE260515P00017500,17.5,1.6,1.45,1.65,24.0,1101.0,0.9238288867187501,False,PUT,2026-05-15,CDE
CDE260515P00020000,20.0,2.45,2.4,2.55,6.0,840.0,0.9106454248046875,False,PUT,2026-05-15,CDE
CDE260515P00022500,22.5,3.95,3.6,3.9,54.0,366.0,0.9223640576171875,False,PUT,2026-05-15,CDE
CDE260515P00025000,25.0,5.25,5.1,5.3,64.0,290.0,0.922852333984375,True,PUT,2026-05-15,CDE
CDE260515P00030000,30.0,8.2,8.6,8.8,7.0,152.0,0.9355475195312499,True,PUT,2026-05-15,CDE
CDE260618C00017500,17.5,8.9,8.6,9.4,46.0,1664.0,0.9511723632812499,True,CALL,2026-06-18,CDE
CDE260618C00020000,20.0,7.48,7.4,8.0,10.0,3506.0,0.9707034179687499,True,CALL,2026-06-18,CDE
CDE260618C00022500,22.5,6.3,6.2,6.7,35.0,1207.0,0.9570316796874999,True,CALL,2026-06-18,CDE
CDE260618C00025000,25.0,5.52,5.4,5.7,87.0,2197.0,0.9741213525390625,False,CALL,2026-06-18,CDE
CDE260618C00030000,30.0,4.0,3.8,4.2,294.0,3062.0,0.9729006616210938,False,CALL,2026-06-18,CDE
CDE260618P00017500,17.5,1.75,1.85,2.05,26.0,448.0,0.903321279296875,False,PUT,2026-06-18,CDE
CDE260618P00020000,20.0,2.92,2.85,3.1,11.0,433.0,0.8950205810546874,False,PUT,2026-06-18,CDE
CDE260618P00022500,22.5,4.1,4.1,4.4,28.0,160.0,0.893555751953125,False,PUT,2026-06-18,CDE
CDE260618P00025000,25.0,5.79,5.5,5.9,27.0,302.0,0.8886729882812499,True,PUT,2026-06-18,CDE
CDE260618P00030000,30.0,8.5,9.0,9.4,3.0,117.0,0.8984385156249999,True,PUT,2026-06-18,CDE
CDE260821C00017500,17.5,9.76,9.7,10.2,6.0,644.0,0.9731447998046875,True,CALL,2026-08-21,CDE
CDE260821C00020000,20.0,8.25,8.2,8.8,5.0,1739.0,0.9387213159179688,True,CALL,2026-08-21,CDE
CDE260821C00022500,22.5,7.17,7.2,7.7,9.0,1548.0,0.9455571850585938,True,CALL,2026-08-21,CDE
CDE260821C00025000,25.0,6.51,6.4,6.7,108.0,3033.0,0.9509282250976561,False,CALL,2026-08-21,CDE
CDE260821C00030000,30.0,5.14,4.9,5.2,588.0,2312.0,0.9511723632812499,False,CALL,2026-08-21,CDE
CDE260821P00017500,17.5,2.15,2.2,2.75,1.0,412.0,0.852540537109375,False,PUT,2026-08-21,CDE
CDE260821P00020000,20.0,3.25,3.2,4.0,1.0,60.0,0.8469253588867187,False,PUT,2026-08-21,CDE
CDE260821P00022500,22.5,4.5,4.5,5.4,3.0,143.0,0.8466812207031249,False,PUT,2026-08-21,CDE
CDE260821P00025000,25.0,6.72,6.3,7.0,255.0,126.0,0.8720715917968749,True,PUT,2026-08-21,CDE
CDE260821P00030000,30.0,8.4,9.5,10.4,1.0,11.0,0.8483901879882811,True,PUT,2026-08-21,CDE
CDE260918C00017500,17.5,11.0,9.2,11.6,,1.0,0.9936524072265626,True,CALL,2026-09-18,CDE
CDE260918C00020000,20.0,8.65,8.3,9.1,291.0,898.0,0.91211025390625,True,CALL,2026-09-18,CDE
CDE260918C00022500,22.5,7.57,7.1,8.0,291.0,898.0,0.901368173828125,True,CALL,2026-09-18,CDE
CDE260918C00025000,25.0,7.0,6.4,7.1,326.0,1032.0,0.9191902612304688,False,CALL,2026-09-18,CDE
CDE260918C00030000,30.0,5.6,5.0,5.6,25.0,432.0,0.9245613012695313,False,CALL,2026-09-18,CDE
CDE260918P00020000,20.0,3.6,3.5,4.3,1.0,4.0,0.8415543188476562,False,PUT,2026-09-18,CDE
CDE260918P00022500,22.5,4.5,4.8,5.6,1.0,72.0,0.8298356860351561,False,PUT,2026-09-18,CDE
CDE260918P00025000,25.0,6.45,6.7,7.1,1.0,3.0,0.851563984375,True,PUT,2026-09-18,CDE
CDE260918P00030000,30.0,9.6,9.7,10.7,1.0,6.0,0.8278825805664061,True,PUT,2026-09-18,CDE
CDE261120C00017500,17.5,10.78,10.3,11.1,9.0,578.0,0.9291999267578125,True,CALL,2026-11-20,CDE
CDE261120C00020000,20.0,9.54,8.9,9.8,1016.0,1701.0,0.9003916210937499,True,CALL,2026-11-20,CDE
CDE261120C00022500,22.5,8.58,8.3,8.8,981.0,689.0,0.9284675122070312,True,CALL,2026-11-20,CDE
CDE261120C00025000,25.0,7.76,7.7,8.1,1017.0,956.0,0.956055126953125,False,CALL,2026-11-20,CDE
CDE261120C00030000,30.0,5.8,5.8,6.4,52.0,445.0,0.9123543920898438,False,CALL,2026-11-20,CDE
CDE261120P00017500,17.5,3.05,3.0,3.5,10.0,108.0,0.8339860351562498,False,PUT,2026-11-20,CDE
CDE261120P00020000,20.0,4.1,4.2,4.9,3.0,34.0,0.8374039697265624,False,PUT,2026-11-20,CDE
CDE261120P00022500,22.5,5.8,5.7,6.3,4.0,8.0,0.8381363842773437,False,PUT,2026-11-20,CDE
CDE261120P00025000,25.0,7.4,7.3,7.7,10.0,1.0,0.8278825805664061,True,PUT,2026-11-20,CDE
CDE270115C00017500,17.5,11.0,10.6,11.5,20.0,4482.0,0.9025888647460938,True,CALL,2027-01-15,CDE
CDE270115C00020000,20.0,9.6,9.6,10.3,56.0,7280.0,0.9030771411132812,True,CALL,2027-01-15,CDE
CDE270115C00022500,22.5,8.9,8.6,9.3,103.0,2897.0,0.8989267919921874,True,CALL,2027-01-15,CDE
CDE270115C00025000,25.0,8.0,8.1,8.4,330.0,6600.0,0.9162606030273439,False,CALL,2027-01-15,CDE
CDE270115C00030000,30.0,6.82,6.5,7.0,399.0,4900.0,0.9055185229492188,False,CALL,2027-01-15,CDE
CDE270115P00017500,17.5,3.5,3.5,3.8,11.0,556.0,0.8234880932617187,False,PUT,2027-01-15,CDE
CDE270115P00020000,20.0,4.9,4.1,5.2,147.0,739.0,0.7810080493164062,False,PUT,2027-01-15,CDE
CDE270115P00022500,22.5,6.4,6.1,6.6,5.0,46.0,0.8103046313476561,False,PUT,2027-01-15,CDE
CDE270115P00025000,25.0,7.9,7.0,8.3,30.0,509.0,0.7761252856445313,True,PUT,2027-01-15,CDE
CDE270115P00030000,30.0,11.19,10.8,12.0,13.0,137.0,0.8001728967285155,True,PUT,2027-01-15,CDE
CDE280121C00017500,17.5,13.4,13.1,13.8,4.0,2225.0,0.8806164282226561,True,CALL,2028-01-21,CDE
CDE280121C00020000,20.0,12.5,11.4,12.9,30.0,1446.0,0.8369156933593749,True,CALL,2028-01-21,CDE
CDE280121C00022500,22.5,11.75,9.5,13.5,1.0,501.0,0.8500991552734375,True,CALL,2028-01-21,CDE
CDE280121C00025000,25.0,11.0,10.9,11.2,25.0,2154.0,0.8723157299804687,False,CALL,2028-01-21,CDE
CDE280121C00030000,30.0,9.67,9.2,10.1,205.0,1567.0,0.8555922644042968,False,CALL,2028-01-21,CDE
CDE280121P00017500,17.5,5.1,4.7,5.5,2.0,278.0,0.7231472998046875,False,PUT,2028-01-21,CDE
CDE280121P00020000,20.0,6.9,6.3,8.1,2.0,253.0,0.7800314965820312,False,PUT,2028-01-21,CDE
CDE280121P00022500,22.5,8.2,8.1,8.7,1.0,18.0,0.7395045581054687,False,PUT,2028-01-21,CDE
CDE280121P00025000,25.0,9.57,8.0,11.2,170.0,260.0,0.6965362377929689,True,PUT,2028-01-21,CDE
CDE280121P00030000,30.0,13.02,11.5,14.7,1.0,50.0,0.6853058813476562,True,PUT,2028-01-21,CDE
CELH260130C00038000,38.0,15.55,13.6,17.5,1.0,4.0,3.027346181640625,True,CALL,2026-01-30,CELH
CELH260130C00039000,39.0,14.65,12.9,16.5,1.0,103.0,3.1406271484375,True,CALL,2026-01-30,CELH
CELH260130C00040000,40.0,14.26,11.5,15.5,1.0,41.0,2.5390661523437497,True,CALL,2026-01-30,CELH
CELH260130C00041000,41.0,12.81,10.6,14.45,2.0,12.0,2.4140664648437498,True,CALL,2026-01-30,CELH
CELH260130C00042000,42.0,13.55,9.75,13.45,1.0,12.0,2.3789103027343748,True,CALL,2026-01-30,CELH
CELH260130C00043000,43.0,12.48,8.9,12.45,1.0,16.0,2.3164104589843744,True,CALL,2026-01-30,CELH
CELH260130C00044000,44.0,11.04,8.6,10.7,2.0,55.0,2.0898485253906243,True,CALL,2026-01-30,CELH
CELH260130C00045000,45.0,9.8,7.6,9.8,3.0,33.0,1.97265638671875,True,CALL,2026-01-30,CELH
CELH260130C00046000,46.0,8.9,6.95,8.65,1.0,29.0,1.9062504687500001,True,CALL,2026-01-30,CELH
CELH260130C00047000,47.0,6.73,5.8,7.7,2.0,33.0,1.654298603515625,True,CALL,2026-01-30,CELH
CELH260130C00048000,48.0,5.83,4.9,6.7,16.0,72.0,1.5136743066406249,True,CALL,2026-01-30,CELH
CELH260130C00048500,48.5,5.26,4.25,6.95,5.0,7.0,1.6933609082031251,True,CALL,2026-01-30,CELH
CELH260130C00049000,49.0,4.4,4.0,5.45,1.0,96.0,1.2421912890624998,True,CALL,2026-01-30,CELH
CELH260130C00050000,50.0,3.3,3.0,4.3,56.0,290.0,0.97460962890625,True,CALL,2026-01-30,CELH
CELH260130C00051000,51.0,2.97,2.4,3.05,14.0,119.0,0.8398453515625,True,CALL,2026-01-30,CELH
CELH260130C00052000,52.0,2.08,1.44,2.34,2.0,246.0,0.7412135253906249,True,CALL,2026-01-30,CELH
CELH260130C00053000,53.0,0.99,0.87,1.51,18.0,1532.0,0.6718782812500002,True,CALL,2026-01-30,CELH
CELH260130C00054000,54.0,0.48,0.4,0.53,89.0,368.0,0.5361374511718751,False,CALL,2026-01-30,CELH
CELH260130C00055000,55.0,0.2,0.15,0.3,149.0,466.0,0.5117236328125,False,CALL,2026-01-30,CELH
CELH260130C00056000,56.0,0.12,0.05,0.18,77.0,1480.0,0.5468795312500001,False,CALL,2026-01-30,CELH
CELH260130C00057000,57.0,0.05,0.01,0.1,299.0,478.0,0.5742230078125,False,CALL,2026-01-30,CELH
CELH260130C00058000,58.0,0.15,0.03,0.14,4.0,713.0,0.7539087109375,False,CALL,2026-01-30,CELH
CELH260130C00059000,59.0,0.02,0.02,0.1,71.0,288.0,0.8085956640624999,False,CALL,2026-01-30,CELH
CELH260130C00060000,60.0,0.01,0.0,0.02,16.0,1662.0,0.6875031250000001,False,CALL,2026-01-30,CELH
CELH260130C00061000,61.0,0.01,0.0,0.1,145.0,303.0,0.98437515625,False,CALL,2026-01-30,CELH
CELH260130C00062000,62.0,0.03,0.0,0.12,65.0,135.0,1.109379453125,False,CALL,2026-01-30,CELH
CELH260130C00063000,63.0,0.15,0.0,0.09,5.0,71.0,1.1484417578125,False,CALL,2026-01-30,CELH
CELH260130C00064000,64.0,0.04,0.0,0.02,10.0,214.0,1.000005,False,CALL,2026-01-30,CELH
CELH260130C00065000,65.0,0.03,0.0,0.06,10.0,40.0,1.2500037499999999,False,CALL,2026-01-30,CELH
CELH260130C00066000,66.0,0.08,0.0,0.04,10.0,68.0,1.2500037499999999,False,CALL,2026-01-30,CELH
CELH260130P00038000,38.0,0.05,0.0,1.45,1.0,61.0,3.832031669921875,False,PUT,2026-01-30,CELH
CELH260130P00039000,39.0,0.01,0.0,0.01,4.0,36.0,1.5625021874999998,False,PUT,2026-01-30,CELH
CELH260130P00040000,40.0,0.05,0.0,0.36,1.0,59.0,2.3867227832031244,False,PUT,2026-01-30,CELH
CELH260130P00041000,41.0,0.04,0.0,0.03,7.0,32.0,1.484377578125,False,PUT,2026-01-30,CELH
CELH260130P00042000,42.0,0.04,0.0,0.12,1.0,42.0,1.6640641796875002,False,PUT,2026-01-30,CELH
CELH260130P00043000,43.0,0.06,0.0,0.24,6.0,189.0,1.7304700976562502,False,PUT,2026-01-30,CELH
CELH260130P00044000,44.0,0.15,0.0,0.24,2.0,11.0,1.5781271093749998,False,PUT,2026-01-30,CELH
CELH260130P00045000,45.0,0.01,0.0,0.05,7.0,51.0,1.0781296093750001,False,PUT,2026-01-30,CELH
CELH260130P00046000,46.0,0.04,0.0,0.06,4.0,15.0,0.98437515625,False,PUT,2026-01-30,CELH
CELH260130P00047000,47.0,0.01,0.0,0.07,20.0,37.0,0.8828136718749999,False,PUT,2026-01-30,CELH
CELH260130P00047500,47.5,0.07,0.0,0.09,1.0,1.0,0.85937640625,False,PUT,2026-01-30,CELH
CELH260130P00048000,48.0,0.03,0.0,0.09,63.0,73.0,0.789064609375,False,PUT,2026-01-30,CELH
CELH260130P00048500,48.5,0.5,0.0,0.04,2.0,3.0,0.632816171875,False,PUT,2026-01-30,CELH
CELH260130P00049000,49.0,0.01,0.0,0.14,3.0,36.0,0.7226590234375,False,PUT,2026-01-30,CELH
CELH260130P00049500,49.5,0.39,0.0,0.15,1.0,6.0,0.6640658593750002,False,PUT,2026-01-30,CELH
CELH260130P00050000,50.0,0.03,0.0,0.14,1.0,182.0,0.5820354296875,False,PUT,2026-01-30,CELH
CELH260130P00051000,51.0,0.06,0.05,0.14,2.0,144.0,0.5312546875,False,PUT,2026-01-30,CELH
CELH260130P00052000,52.0,0.15,0.15,0.36,10.0,177.0,0.5429733203125001,False,PUT,2026-01-30,CELH
CELH260130P00053000,53.0,0.5,0.34,0.65,38.0,386.0,0.49219257812500006,False,PUT,2026-01-30,CELH
CELH260130P00054000,54.0,1.07,0.83,1.19,15.0,427.0,0.48242705078125003,True,PUT,2026-01-30,CELH
CELH260130P00055000,55.0,1.88,1.21,2.03,7.0,832.0,0.5664105859375,True,PUT,2026-01-30,CELH
CELH260130P00056000,56.0,1.17,1.43,3.4,5.0,99.0,1.0468797656250002,True,PUT,2026-01-30,CELH
CELH260130P00057000,57.0,2.7,2.39,4.3,1.0,521.0,1.1445355273437499,True,PUT,2026-01-30,CELH
CELH260130P00058000,58.0,4.41,3.35,5.05,1.0,813.0,1.0625046875000002,True,PUT,2026-01-30,CELH
CELH260130P00059000,59.0,3.21,4.35,6.45,,1.0,1.5996113769531248,True,PUT,2026-01-30,CELH
CELH260130P00060000,60.0,5.88,5.35,7.6,123.0,123.0,1.8847662011718749,True,PUT,2026-01-30,CELH
CELH260130P00061000,61.0,7.38,6.4,8.4,31.0,33.0,1.8496101269531249,True,PUT,2026-01-30,CELH
CELH260130P00062000,62.0,6.1,7.35,9.4,20.0,0.0,1.986328193359375,True,PUT,2026-01-30,CELH
CELH260130P00065000,65.0,10.7,9.6,13.3,1.0,0.0,3.2070332324218747,True,PUT,2026-01-30,CELH
CELH260206C00039000,39.0,7.43,13.65,15.8,,3.0,1.501955615234375,True,CALL,2026-02-06,CELH
CELH260206C00040000,40.0,17.18,12.6,15.0,4.0,9.0,1.46484642578125,True,CALL,2026-02-06,CELH
CELH260206C00041000,41.0,5.67,11.75,14.0,2.0,2.0,1.419924775390625,True,CALL,2026-02-06,CELH
CELH260206C00042000,42.0,12.17,10.65,13.0,,2.0,1.2890660546875,True,CALL,2026-02-06,CELH
CELH260206C00043000,43.0,11.25,9.65,12.0,,19.0,1.193363408203125,True,CALL,2026-02-06,CELH
CELH260206C00044000,44.0,11.67,8.85,10.8,26.0,29.0,1.0996138769531252,True,CALL,2026-02-06,CELH
CELH260206C00045000,45.0,9.47,7.75,9.4,2.0,7.0,0.8457046679687499,True,CALL,2026-02-06,CELH
CELH260206C00046000,46.0,10.93,6.85,9.0,3.0,23.0,0.965820654296875,True,CALL,2026-02-06,CELH
CELH260206C00047000,47.0,9.97,5.55,8.6,13.0,26.0,0.9399420068359375,True,CALL,2026-02-06,CELH
CELH260206C00048000,48.0,5.43,5.2,6.5,11.0,14.0,0.737307314453125,True,CALL,2026-02-06,CELH
CELH260206C00049000,49.0,4.54,4.15,5.55,1.0,13.0,0.6420934228515626,True,CALL,2026-02-06,CELH
CELH260206C00050000,50.0,3.81,3.3,4.7,12.0,38.0,0.6040078662109377,True,CALL,2026-02-06,CELH
CELH260206C00051000,51.0,3.65,3.0,3.15,10.0,93.0,0.524418818359375,True,CALL,2026-02-06,CELH
CELH260206C00052000,52.0,2.36,2.26,2.42,1.0,63.0,0.5210008837890624,True,CALL,2026-02-06,CELH
CELH260206C00053000,53.0,1.85,1.6,1.84,13.0,141.0,0.5127001855468749,True,CALL,2026-02-06,CELH
CELH260206C00054000,54.0,1.36,1.09,1.38,37.0,67.0,0.5136767382812499,False,CALL,2026-02-06,CELH
CELH260206C00055000,55.0,0.81,0.79,0.93,62.0,161.0,0.4887746435546876,False,CALL,2026-02-06,CELH
CELH260206C00056000,56.0,0.53,0.49,0.66,39.0,185.0,0.4931691308593751,False,CALL,2026-02-06,CELH
CELH260206C00057000,57.0,0.38,0.35,0.45,31.0,89.0,0.49414568359375005,False,CALL,2026-02-06,CELH
CELH260206C00058000,58.0,0.27,0.21,0.28,45.0,130.0,0.485356708984375,False,CALL,2026-02-06,CELH
CELH260206C00059000,59.0,0.19,0.13,0.22,47.0,148.0,0.5136767382812499,False,CALL,2026-02-06,CELH
CELH260206C00060000,60.0,0.13,0.1,0.16,165.0,132.0,0.5039112109375,False,CALL,2026-02-06,CELH
CELH260206C00061000,61.0,0.17,0.01,0.38,1.0,86.0,0.6113320117187502,False,CALL,2026-02-06,CELH
CELH260206C00062000,62.0,0.2,0.0,0.74,1.0,26.0,0.7841818457031251,False,CALL,2026-02-06,CELH
CELH260206C00063000,63.0,0.08,0.0,0.12,39.0,82.0,0.56836369140625,False,CALL,2026-02-06,CELH
CELH260206C00064000,64.0,0.13,0.0,0.54,3.0,3.0,0.8281267187499999,False,CALL,2026-02-06,CELH
CELH260206C00065000,65.0,0.05,0.0,0.45,4.0,20.0,0.842775009765625,False,CALL,2026-02-06,CELH
CELH260206P00038000,38.0,0.42,0.0,0.12,,2.0,1.0625046875000002,False,PUT,2026-02-06,CELH
CELH260206P00039000,39.0,0.1,0.0,0.12,2.0,4.0,0.992187578125,False,PUT,2026-02-06,CELH
CELH260206P00040000,40.0,0.13,0.0,0.13,8.0,8.0,0.9335944140625,False,PUT,2026-02-06,CELH
CELH260206P00041000,41.0,0.16,0.0,0.34,1.0,14.0,1.0312548437500002,False,PUT,2026-02-06,CELH
CELH260206P00042000,42.0,0.04,0.01,0.16,5.0,43.0,0.8320329296874999,False,PUT,2026-02-06,CELH
CELH260206P00043000,43.0,0.03,0.0,0.23,5.0,51.0,0.8085956640624999,False,PUT,2026-02-06,CELH
CELH260206P00044000,44.0,0.05,0.0,0.15,11.0,29.0,0.6796907031250001,False,PUT,2026-02-06,CELH
CELH260206P00045000,45.0,0.05,0.01,0.11,1.0,42.0,0.585941640625,False,PUT,2026-02-06,CELH
CELH260206P00046000,46.0,0.34,0.0,0.45,1.0,26.0,0.6953155468750001,False,PUT,2026-02-06,CELH
CELH260206P00047000,47.0,0.58,0.01,0.2,1.0,10.0,0.5136767382812499,False,PUT,2026-02-06,CELH
CELH260206P00048000,48.0,0.08,0.0,0.74,3.0,33.0,0.6259803027343751,False,PUT,2026-02-06,CELH
CELH260206P00049000,49.0,0.27,0.16,0.27,2.0,28.0,0.485356708984375,False,PUT,2026-02-06,CELH
CELH260206P00049500,49.5,0.32,0.2,0.32,2.0,17.0,0.46973186523437505,False,PUT,2026-02-06,CELH
CELH260206P00050000,50.0,0.44,0.27,0.4,9.0,61.0,0.463872548828125,False,PUT,2026-02-06,CELH
CELH260206P00051000,51.0,0.45,0.44,0.63,5.0,49.0,0.4580132324218751,False,PUT,2026-02-06,CELH
CELH260206P00052000,52.0,0.79,0.71,0.87,12.0,75.0,0.4282283740234375,False,PUT,2026-02-06,CELH
CELH260206P00053000,53.0,1.21,1.08,1.29,8.0,69.0,0.42578699218750005,False,PUT,2026-02-06,CELH
CELH260206P00054000,54.0,1.66,1.55,1.81,5.0,46.0,0.4194393994140625,True,PUT,2026-02-06,CELH
CELH260206P00055000,55.0,2.56,2.14,2.43,3.0,343.0,0.4101621484375,True,PUT,2026-02-06,CELH
CELH260206P00056000,56.0,2.63,2.88,3.05,845.0,456.0,0.3569400244140625,True,PUT,2026-02-06,CELH
CELH260206P00057000,57.0,3.1,2.67,4.65,1.0,19.0,0.6709017285156251,True,PUT,2026-02-06,CELH
CELH260206P00058000,58.0,4.38,3.55,5.55,5.0,16.0,0.71679970703125,True,PUT,2026-02-06,CELH
CELH260206P00059000,59.0,4.24,4.45,6.45,,3.0,0.7539087109375,True,PUT,2026-02-06,CELH
CELH260206P00060000,60.0,5.6,5.6,7.4,1.0,2.0,0.8037129003906249,True,PUT,2026-02-06,CELH
CELH260206P00065000,65.0,11.63,10.15,13.1,1.0,1.0,1.4326200244140623,True,PUT,2026-02-06,CELH
CELH260213C00039000,39.0,14.95,13.55,15.95,,3.0,1.1416058544921874,True,CALL,2026-02-13,CELH
CELH260213C00044000,44.0,11.7,8.9,10.95,1.0,3.0,0.86914193359375,True,CALL,2026-02-13,CELH
CELH260213C00045000,45.0,12.6,7.8,10.75,20.0,11.0,0.929688203125,True,CALL,2026-02-13,CELH
CELH260213C00046000,46.0,10.75,6.5,9.8,1.0,7.0,0.8071308349609375,True,CALL,2026-02-13,CELH
CELH260213C00047000,47.0,7.46,6.3,8.15,1.0,32.0,0.7553735400390625,True,CALL,2026-02-13,CELH
CELH260213C00048000,48.0,6.0,5.25,6.35,10.0,8.0,0.5351608984375,True,CALL,2026-02-13,CELH
CELH260213C00049000,49.0,6.4,4.5,6.45,32.0,61.0,0.6689486230468751,True,CALL,2026-02-13,CELH
CELH260213C00050000,50.0,4.47,4.15,5.0,2.0,53.0,0.6103554589843752,True,CALL,2026-02-13,CELH
CELH260213C00051000,51.0,3.57,3.45,4.45,2.0,26.0,0.6132851171875001,True,CALL,2026-02-13,CELH
CELH260213C00052000,52.0,2.94,2.97,3.25,1.0,187.0,0.55273884765625,True,CALL,2026-02-13,CELH
CELH260213C00053000,53.0,2.75,2.37,2.82,10.0,44.0,0.5551802294921876,True,CALL,2026-02-13,CELH
CELH260213C00054000,54.0,2.2,1.86,2.16,53.0,93.0,0.5273484765625001,False,CALL,2026-02-13,CELH
CELH260213C00055000,55.0,1.76,1.42,1.71,22.0,291.0,0.5161181201171875,False,CALL,2026-02-13,CELH
CELH260213C00056000,56.0,1.27,1.06,1.45,2.0,110.0,0.5214891601562499,False,CALL,2026-02-13,CELH
CELH260213C00057000,57.0,1.06,0.87,1.04,11.0,647.0,0.5151415673828125,False,CALL,2026-02-13,CELH
CELH260213C00058000,58.0,0.8,0.58,0.95,9.0,86.0,0.5249070947265625,False,CALL,2026-02-13,CELH
CELH260213C00059000,59.0,0.84,0.42,0.75,5.0,12.0,0.52539537109375,False,CALL,2026-02-13,CELH
CELH260213C00060000,60.0,0.5,0.4,0.49,283.0,550.0,0.5273484765625001,False,CALL,2026-02-13,CELH
CELH260213C00061000,61.0,0.56,0.15,0.35,13.0,75.0,0.5351608984375,False,CALL,2026-02-13,CELH
CELH260213C00062000,62.0,0.2,0.12,0.27,1.0,38.0,0.5410202148437502,False,CALL,2026-02-13,CELH
CELH260213C00063000,63.0,0.15,0.11,0.33,9.0,73.0,0.55273884765625,False,CALL,2026-02-13,CELH
CELH260213C00064000,64.0,0.66,0.0,0.75,,2.0,0.6748079394531252,False,CALL,2026-02-13,CELH
CELH260213C00065000,65.0,0.09,0.05,0.34,2.0,98.0,0.6123085644531252,False,CALL,2026-02-13,CELH
CELH260213C00066000,66.0,0.06,0.0,0.89,1.0,1.0,0.788088056640625,False,CALL,2026-02-13,CELH
CELH260213P00040000,40.0,0.34,0.0,0.7,1.0,2.0,0.9804689453125001,False,PUT,2026-02-13,CELH
CELH260213P00041000,41.0,0.4,0.0,0.75,,1.0,0.929688203125,False,PUT,2026-02-13,CELH
CELH260213P00042000,42.0,0.1,0.0,0.75,1.0,2.0,0.8623060644531251,False,PUT,2026-02-13,CELH
CELH260213P00043000,43.0,0.48,0.0,0.75,11.0,41.0,0.795900478515625,False,PUT,2026-02-13,CELH
CELH260213P00044000,44.0,0.09,0.0,0.76,2.0,16.0,0.7334011035156249,False,PUT,2026-02-13,CELH
CELH260213P00045000,45.0,0.09,0.02,0.5,1.0,36.0,0.6025430371093752,False,PUT,2026-02-13,CELH
CELH260213P00046000,46.0,0.15,0.0,0.75,4.0,33.0,0.6005899316406251,False,PUT,2026-02-13,CELH
CELH260213P00047000,47.0,0.31,0.16,1.32,3.0,12.0,0.6787141503906251,False,PUT,2026-02-13,CELH
CELH260213P00048000,48.0,0.31,0.25,0.66,1.0,42.0,0.5034229345703125,False,PUT,2026-02-13,CELH
CELH260213P00049000,49.0,0.62,0.55,0.75,1.0,34.0,0.5009815527343751,False,PUT,2026-02-13,CELH
CELH260213P00050000,50.0,0.63,0.76,0.94,1.0,34.0,0.5097705273437501,False,PUT,2026-02-13,CELH
CELH260213P00051000,51.0,0.7,1.02,1.37,11.0,20.0,0.5351608984375,False,PUT,2026-02-13,CELH
CELH260213P00052000,52.0,1.49,1.33,1.71,8.0,17.0,0.5200243310546875,False,PUT,2026-02-13,CELH
CELH260213P00053000,53.0,1.43,1.75,2.12,7.0,40.0,0.506840869140625,False,PUT,2026-02-13,CELH
CELH260213P00054000,54.0,2.72,2.25,2.6,1.0,39.0,0.4936574072265626,True,PUT,2026-02-13,CELH
CELH260213P00055000,55.0,2.9,2.75,3.1,425.0,453.0,0.4687553125,True,PUT,2026-02-13,CELH
CELH260213P00056000,56.0,3.2,3.3,3.85,5.0,1011.0,0.4858449853515625,True,PUT,2026-02-13,CELH
CELH260213P00057000,57.0,3.1,4.1,5.0,1.0,2.0,0.5942423388671876,True,PUT,2026-02-13,CELH
CELH260213P00058000,58.0,3.3,4.75,5.9,2.0,4.0,0.6342810009765626,True,PUT,2026-02-13,CELH
CELH260213P00060000,60.0,5.44,5.6,7.5,,11.0,0.6352575537109376,True,PUT,2026-02-13,CELH
CELH260220C00037500,37.5,16.65,15.35,17.85,2.0,2.0,1.2148476757812499,True,CALL,2026-02-20,CELH
CELH260220C00040000,40.0,15.87,13.05,15.25,18.0,74.0,1.0644578027343752,True,CALL,2026-02-20,CELH
CELH260220C00042500,42.5,11.5,11.0,13.1,13.0,94.0,1.0293017285156252,True,CALL,2026-02-20,CELH
CELH260220C00044000,44.0,12.55,9.35,11.2,,1.0,0.8413101806640625,True,CALL,2026-02-20,CELH
CELH260220C00045000,45.0,9.32,8.5,10.35,10.0,454.0,0.8188494677734374,True,CALL,2026-02-20,CELH
CELH260220C00046000,46.0,11.65,7.8,8.9,,4.0,0.7304714453125,True,CALL,2026-02-20,CELH
CELH260220C00047000,47.0,10.25,7.0,8.7,,1.0,0.7905294384765625,True,CALL,2026-02-20,CELH
CELH260220C00047500,47.5,7.24,6.75,7.55,3.0,315.0,0.7055693505859376,True,CALL,2026-02-20,CELH
CELH260220C00048000,48.0,7.13,6.25,8.05,1.0,31.0,0.7866232275390624,True,CALL,2026-02-20,CELH
CELH260220C00049000,49.0,7.37,6.0,6.75,2.0,2.0,0.7587914746093751,True,CALL,2026-02-20,CELH
CELH260220C00050000,50.0,5.45,5.2,6.0,7.0,852.0,0.7258328198242188,True,CALL,2026-02-20,CELH
CELH260220C00051000,51.0,5.09,4.45,5.25,3.0,7.0,0.6918976123046876,True,CALL,2026-02-20,CELH
CELH260220C00052000,52.0,4.35,3.85,4.95,33.0,35.0,0.709963837890625,True,CALL,2026-02-20,CELH
CELH260220C00052500,52.5,4.0,3.95,4.4,4.0,766.0,0.7153348779296875,True,CALL,2026-02-20,CELH
CELH260220C00054000,54.0,3.5,2.63,3.6,13.0,22.0,0.6472203247070312,False,CALL,2026-02-20,CELH
CELH260220C00055000,55.0,3.1,2.75,3.15,29.0,1646.0,0.6938507177734375,False,CALL,2026-02-20,CELH
CELH260220C00056000,56.0,2.75,2.19,2.95,4.0,27.0,0.692385888671875,False,CALL,2026-02-20,CELH
CELH260220C00057000,57.0,2.16,1.81,3.0,1.0,16.0,0.725588681640625,False,CALL,2026-02-20,CELH
CELH260220C00057500,57.5,2.02,1.84,2.51,4.0,991.0,0.7111845288085938,False,CALL,2026-02-20,CELH
CELH260220C00058000,58.0,1.7,1.72,2.36,2.0,19.0,0.7133817724609376,False,CALL,2026-02-20,CELH
CELH260220C00059000,59.0,1.74,1.18,2.13,1.0,225.0,0.6892120922851563,False,CALL,2026-02-20,CELH
CELH260220C00060000,60.0,1.41,1.21,1.61,279.0,1929.0,0.6865265722656251,False,CALL,2026-02-20,CELH
CELH260220C00061000,61.0,1.18,0.86,1.5,5.0,78.0,0.6806672558593752,False,CALL,2026-02-20,CELH
CELH260220C00062000,62.0,1.18,0.66,1.2,2.0,63.0,0.6616244775390626,False,CALL,2026-02-20,CELH
CELH260220C00063000,63.0,0.82,0.51,1.04,2.0,94.0,0.659183095703125,False,CALL,2026-02-20,CELH
CELH260220C00064000,64.0,0.9,0.36,1.11,7.0,45.0,0.6860382958984376,False,CALL,2026-02-20,CELH
CELH260220C00065000,65.0,0.99,0.55,0.98,5.0,613.0,0.7324245507812499,False,CALL,2026-02-20,CELH
CELH260220C00066000,66.0,0.5,0.39,0.69,2.0,60.0,0.69336244140625,False,CALL,2026-02-20,CELH
CELH260220P00037500,37.5,0.17,0.07,0.3,4.0,223.0,0.8378922460937499,False,PUT,2026-02-20,CELH
CELH260220P00040000,40.0,0.15,0.1,0.25,1.0,424.0,0.6992217578125001,False,PUT,2026-02-20,CELH
CELH260220P00042000,42.0,0.27,0.0,0.62,3.0,46.0,0.68555001953125,False,PUT,2026-02-20,CELH
CELH260220P00042500,42.5,0.4,0.32,0.47,9.0,465.0,0.70117486328125,False,PUT,2026-02-20,CELH
CELH260220P00043000,43.0,0.33,0.01,0.72,1.0,1.0,0.659183095703125,False,PUT,2026-02-20,CELH
CELH260220P00044000,44.0,0.45,0.06,0.68,1.0,1.0,0.6074258007812501,False,PUT,2026-02-20,CELH
CELH260220P00045000,45.0,0.6,0.19,1.05,8.0,630.0,0.648441015625,False,PUT,2026-02-20,CELH
CELH260220P00047500,47.5,0.89,0.85,1.24,1.0,286.0,0.6181678808593751,False,PUT,2026-02-20,CELH
CELH260220P00048000,48.0,0.94,0.6,1.58,1.0,6.0,0.596683720703125,False,PUT,2026-02-20,CELH
CELH260220P00048500,48.5,1.08,1.22,1.66,1.0,1.0,0.6459996337890624,False,PUT,2026-02-20,CELH
CELH260220P00049000,49.0,1.62,1.32,1.79,10.0,37.0,0.6357458300781251,False,PUT,2026-02-20,CELH
CELH260220P00049500,49.5,1.05,1.53,1.96,1.0,11.0,0.6401403173828125,False,PUT,2026-02-20,CELH
CELH260220P00050000,50.0,1.93,1.76,2.05,15.0,784.0,0.6352575537109376,False,PUT,2026-02-20,CELH
CELH260220P00051000,51.0,2.4,2.12,2.61,687.0,62.0,0.647464462890625,False,PUT,2026-02-20,CELH
CELH260220P00052000,52.0,1.84,1.85,3.05,1.0,28.0,0.577152666015625,False,PUT,2026-02-20,CELH
CELH260220P00052500,52.5,2.93,2.86,3.35,1.0,155.0,0.6562534375000001,False,PUT,2026-02-20,CELH
CELH260220P00053000,53.0,2.28,2.52,3.55,2.0,6.0,0.5952188916015625,False,PUT,2026-02-20,CELH
CELH260220P00054000,54.0,3.75,3.4,4.0,841.0,2.0,0.6181678808593751,True,PUT,2026-02-20,CELH
CELH260220P00055000,55.0,4.05,3.75,4.7,21.0,761.0,0.6059609716796877,True,PUT,2026-02-20,CELH
CELH260220P00056000,56.0,3.5,3.7,5.1,77.0,83.0,0.5161181201171875,True,PUT,2026-02-20,CELH
CELH260220P00057000,57.0,4.35,4.25,6.0,1.0,2.0,0.5214891601562499,True,PUT,2026-02-20,CELH
CELH260220P00057500,57.5,5.3,4.6,6.4,,3.0,0.523442265625,True,PUT,2026-02-20,CELH
CELH260220P00058000,58.0,4.9,4.95,6.75,1.0,1.0,0.5178270874023438,True,PUT,2026-02-20,CELH
CELH260220P00059000,59.0,5.61,5.6,7.4,2.0,3.0,0.6904327832031252,True,PUT,2026-02-20,CELH
CELH260220P00060000,60.0,6.42,6.45,8.25,2.0,4.0,0.70898728515625,True,PUT,2026-02-20,CELH
CELH260220P00065000,65.0,11.31,10.65,12.7,10.0,53.0,0.790041162109375,True,PUT,2026-02-20,CELH
CELH260227C00039000,39.0,13.07,13.4,16.9,,1.0,0.991211025390625,True,CALL,2026-02-27,CELH
CELH260227C00040000,40.0,16.0,13.0,15.6,20.0,21.0,0.981445498046875,True,CALL,2026-02-27,CELH
CELH260227C00042000,42.0,12.34,10.7,13.7,,19.0,0.831056376953125,True,CALL,2026-02-27,CELH
CELH260227C00043000,43.0,9.79,9.85,12.85,,1.0,0.8159198095703124,True,CALL,2026-02-27,CELH
CELH260227C00044000,44.0,9.4,9.8,12.45,,5.0,0.9487309814453124,True,CALL,2026-02-27,CELH
CELH260227C00045000,45.0,10.82,8.95,11.65,2.0,8.0,0.9213875048828125,True,CALL,2026-02-27,CELH
CELH260227C00046000,46.0,9.65,8.2,9.45,1.0,4.0,0.7502466381835937,True,CALL,2026-02-27,CELH
CELH260227C00047000,47.0,8.76,7.15,9.6,1.0,43.0,0.8017597949218749,True,CALL,2026-02-27,CELH
CELH260227C00048000,48.0,8.49,7.15,7.8,2.0,8.0,0.752932158203125,True,CALL,2026-02-27,CELH
CELH260227C00049000,49.0,7.39,6.65,7.55,4.0,22.0,0.799806689453125,True,CALL,2026-02-27,CELH
CELH260227C00050000,50.0,6.23,5.75,6.5,3.0,8.0,0.7297390307617188,True,CALL,2026-02-27,CELH
CELH260227C00051000,51.0,7.8,5.6,7.65,1.0,2.0,0.9116219775390625,True,CALL,2026-02-27,CELH
CELH260227C00052000,52.0,5.74,5.0,5.3,1.0,21.0,0.7475611181640626,True,CALL,2026-02-27,CELH
CELH260227C00053000,53.0,4.53,4.45,4.85,1.0,124.0,0.745119736328125,True,CALL,2026-02-27,CELH
CELH260227C00054000,54.0,3.8,4.0,4.3,35.0,90.0,0.7368190380859375,False,CALL,2026-02-27,CELH
CELH260227C00055000,55.0,3.66,3.55,3.9,12.0,174.0,0.7351100708007812,False,CALL,2026-02-27,CELH
CELH260227C00056000,56.0,3.61,3.15,3.45,2.0,32.0,0.7280300634765625,False,CALL,2026-02-27,CELH
CELH260227C00057000,57.0,2.85,2.73,3.05,3.0,222.0,0.717776259765625,False,CALL,2026-02-27,CELH
CELH260227C00058000,58.0,2.57,2.45,2.8,1.0,205.0,0.726565234375,False,CALL,2026-02-27,CELH
CELH260227C00059000,59.0,2.8,1.81,2.45,4.0,14.0,0.6901886450195314,False,CALL,2026-02-27,CELH
CELH260227C00060000,60.0,2.1,1.89,2.19,10.0,160.0,0.72070591796875,False,CALL,2026-02-27,CELH
CELH260227C00061000,61.0,1.75,1.58,1.88,2.0,19.0,0.7065459033203125,False,CALL,2026-02-27,CELH
CELH260227C00062000,62.0,1.39,1.41,1.63,2.0,31.0,0.7060576269531251,False,CALL,2026-02-27,CELH
CELH260227C00063000,63.0,1.95,1.15,1.45,1.0,10.0,0.6987334814453126,False,CALL,2026-02-27,CELH
CELH260227C00064000,64.0,1.55,1.04,1.27,15.0,17.0,0.70312796875,False,CALL,2026-02-27,CELH
CELH260227C00065000,65.0,1.18,0.86,1.15,10.0,234.0,0.7026396923828125,False,CALL,2026-02-27,CELH
CELH260227C00066000,66.0,0.52,0.64,1.1,1.0,37.0,0.70117486328125,False,CALL,2026-02-27,CELH
CELH260227C00068000,68.0,0.72,0.47,1.36,1.0,7.0,0.7749045947265626,False,CALL,2026-02-27,CELH
CELH260227P00040000,40.0,0.32,0.0,0.75,1.0,14.0,0.72851833984375,False,PUT,2026-02-27,CELH
CELH260227P00041000,41.0,0.28,0.05,0.81,1.0,36.0,0.70312796875,False,PUT,2026-02-27,CELH
CELH260227P00042000,42.0,0.48,0.44,0.75,1.0,2.0,0.71679970703125,False,PUT,2026-02-27,CELH
CELH260227P00043000,43.0,0.63,0.54,1.03,9.0,25.0,0.726565234375,False,PUT,2026-02-27,CELH
CELH260227P00044000,44.0,0.84,0.44,1.17,4.0,58.0,0.6772493212890626,False,PUT,2026-02-27,CELH
CELH260227P00045000,45.0,1.04,0.84,1.26,1.0,80.0,0.6879914013671876,False,PUT,2026-02-27,CELH
CELH260227P00046000,46.0,1.41,1.33,1.64,13.0,30.0,0.7324245507812499,False,PUT,2026-02-27,CELH
CELH260227P00047000,47.0,1.68,1.31,1.8,1.0,38.0,0.684573466796875,False,PUT,2026-02-27,CELH
CELH260227P00048000,48.0,1.72,1.87,2.2,1.0,62.0,0.717776259765625,False,PUT,2026-02-27,CELH
CELH260227P00049000,49.0,2.25,2.02,2.41,2.0,15.0,0.6835969140625001,False,PUT,2026-02-27,CELH
CELH260227P00050000,50.0,2.7,2.53,2.98,8.0,182.0,0.709963837890625,False,PUT,2026-02-27,CELH
CELH260227P00051000,51.0,2.6,2.91,3.2,4.0,4.0,0.6865265722656251,False,PUT,2026-02-27,CELH
CELH260227P00052000,52.0,3.0,3.3,3.65,3.0,8.0,0.6779817358398439,False,PUT,2026-02-27,CELH
CELH260227P00053000,53.0,4.05,3.8,4.1,1.0,29.0,0.6723665576171877,False,PUT,2026-02-27,CELH
CELH260227P00054000,54.0,4.57,4.25,4.6,443.0,4.0,0.6604037866210939,True,PUT,2026-02-27,CELH
CELH260227P00055000,55.0,4.5,4.8,5.25,1.0,47.0,0.6626010302734376,True,PUT,2026-02-27,CELH
CELH260227P00056000,56.0,4.65,5.45,5.75,1.0,7.0,0.6547886083984377,True,PUT,2026-02-27,CELH
CELH260227P00057000,57.0,6.2,6.0,6.4,1.0,8.0,0.6450230810546875,True,PUT,2026-02-27,CELH
CELH260227P00060000,60.0,7.0,7.5,8.5,2.0,1.0,0.5712933496093751,True,PUT,2026-02-27,CELH
CELH260306C00051000,51.0,7.89,5.55,6.6,,2.0,0.7358424853515625,True,CALL,2026-03-06,CELH
CELH260306C00056000,56.0,4.92,3.15,4.05,11.0,12.0,0.700198310546875,False,CALL,2026-03-06,CELH
CELH260306C00057000,57.0,3.15,1.91,3.35,1.0,5.0,0.6066933862304689,False,CALL,2026-03-06,CELH
CELH260306C00058000,58.0,2.97,2.38,3.15,3.0,3.0,0.6760286303710938,False,CALL,2026-03-06,CELH
CELH260306C00060000,60.0,2.36,1.96,2.65,2.0,5.0,0.692385888671875,False,CALL,2026-03-06,CELH
CELH260306C00064000,64.0,1.92,0.6,1.58,1.0,1.0,0.6196327099609377,False,CALL,2026-03-06,CELH
CELH260306P00040000,40.0,1.22,0.01,1.21,20.0,20.0,0.7475611181640626,False,PUT,2026-03-06,CELH
CELH260306P00047000,47.0,1.51,1.19,1.97,21.0,21.0,0.6213416772460938,False,PUT,2026-03-06,CELH
CELH260306P00050000,50.0,2.64,2.53,3.1,11.0,34.0,0.6489292919921875,False,PUT,2026-03-06,CELH
CELH260320C00037500,37.5,17.6,16.05,17.95,7.0,588.0,0.9248054394531251,True,CALL,2026-03-20,CELH
CELH260320C00040000,40.0,14.8,13.85,15.8,2.0,3639.0,0.8730481445312499,True,CALL,2026-03-20,CELH
CELH260320C00042500,42.5,12.3,11.9,13.2,2.0,630.0,0.7905294384765625,True,CALL,2026-03-20,CELH
CELH260320C00045000,45.0,9.8,10.15,11.15,9.0,1420.0,0.7651390673828126,True,CALL,2026-03-20,CELH
CELH260320C00047500,47.5,8.64,8.15,8.8,2.0,2209.0,0.6792024267578126,True,CALL,2026-03-20,CELH
CELH260320C00050000,50.0,6.9,6.8,7.2,16.0,3758.0,0.6784700122070313,True,CALL,2026-03-20,CELH
CELH260320C00052500,52.5,5.62,5.6,5.75,6.0,2049.0,0.672122419433594,True,CALL,2026-03-20,CELH
CELH260320C00055000,55.0,4.4,4.35,4.6,417.0,2414.0,0.65820654296875,False,CALL,2026-03-20,CELH
CELH260320C00057500,57.5,3.49,3.4,3.6,23.0,644.0,0.65039412109375,False,CALL,2026-03-20,CELH
CELH260320C00060000,60.0,2.61,2.57,2.81,262.0,3729.0,0.6423375610351563,False,CALL,2026-03-20,CELH
CELH260320C00062500,62.5,2.18,2.01,2.14,20.0,609.0,0.64062859375,False,CALL,2026-03-20,CELH
CELH260320C00065000,65.0,1.57,1.53,1.63,25.0,3131.0,0.6384313500976562,False,CALL,2026-03-20,CELH
CELH260320C00067500,67.5,1.3,1.14,1.22,4.0,773.0,0.6342810009765626,False,CALL,2026-03-20,CELH
CELH260320P00037500,37.5,0.42,0.3,0.59,6.0,3774.0,0.684573466796875,False,PUT,2026-03-20,CELH
CELH260320P00040000,40.0,0.72,0.6,0.82,14.0,3286.0,0.6660189648437502,False,PUT,2026-03-20,CELH
CELH260320P00042500,42.5,1.15,1.06,1.21,2.0,1655.0,0.6586948193359375,False,PUT,2026-03-20,CELH
CELH260320P00045000,45.0,1.72,1.63,1.75,1.0,989.0,0.64648791015625,False,PUT,2026-03-20,CELH
CELH260320P00047500,47.5,2.43,2.34,2.45,7.0,4618.0,0.6313513427734375,False,PUT,2026-03-20,CELH
CELH260320P00050000,50.0,3.3,3.2,3.3,14.0,870.0,0.6123085644531252,False,PUT,2026-03-20,CELH
CELH260320P00052500,52.5,4.29,4.3,4.45,16.0,353.0,0.6030313134765627,False,PUT,2026-03-20,CELH
CELH260320P00055000,55.0,5.75,5.55,5.75,51.0,394.0,0.5871623315429688,True,PUT,2026-03-20,CELH
CELH260320P00057500,57.5,7.2,7.15,7.3,5.0,201.0,0.5839885351562499,True,PUT,2026-03-20,CELH
CELH260320P00060000,60.0,7.72,8.6,9.0,8.0,302.0,0.5556685058593751,True,PUT,2026-03-20,CELH
CELH260320P00062500,62.5,9.5,9.6,10.85,8.0,616.0,0.5708050732421875,True,PUT,2026-03-20,CELH
CELH260320P00065000,65.0,15.66,11.6,13.0,2.0,249.0,0.584965087890625,True,PUT,2026-03-20,CELH
CELH260320P00067500,67.5,12.95,0.0,0.0,8.0,87.0,1.0000000000000003e-05,True,PUT,2026-03-20,CELH
CELH260417C00037500,37.5,18.9,16.2,18.4,2.0,28.0,0.8022480712890624,True,CALL,2026-04-17,CELH
CELH260417C00040000,40.0,15.8,14.25,15.4,1.0,326.0,0.7016631396484375,True,CALL,2026-04-17,CELH
CELH260417C00042500,42.5,14.14,12.25,14.2,1.0,612.0,0.7348659326171875,True,CALL,2026-04-17,CELH
CELH260417C00045000,45.0,10.55,10.55,11.25,5.0,224.0,0.647464462890625,True,CALL,2026-04-17,CELH
CELH260417C00047500,47.5,10.5,8.8,9.45,6.0,763.0,0.6225623681640625,True,CALL,2026-04-17,CELH
CELH260417C00050000,50.0,8.15,7.25,7.9,2.0,697.0,0.6074258007812501,True,CALL,2026-04-17,CELH
CELH260417C00052500,52.5,6.4,6.25,6.6,7.0,602.0,0.6171913281250001,True,CALL,2026-04-17,CELH
CELH260417C00055000,55.0,5.4,5.15,5.4,7.0,311.0,0.6098671826171876,False,CALL,2026-04-17,CELH
CELH260417C00057500,57.5,4.3,4.15,4.3,111.0,285.0,0.5969278588867188,False,CALL,2026-04-17,CELH
CELH260417C00060000,60.0,3.5,3.25,3.45,38.0,588.0,0.5866740551757812,False,CALL,2026-04-17,CELH
CELH260417C00062500,62.5,2.55,2.59,2.7,2.0,483.0,0.5800823242187501,False,CALL,2026-04-17,CELH
CELH260417C00065000,65.0,2.04,1.93,2.29,1.0,542.0,0.5795940478515625,False,CALL,2026-04-17,CELH
CELH260417C00067500,67.5,2.05,1.44,1.85,11.0,128.0,0.5749554223632812,False,CALL,2026-04-17,CELH
CELH260417P00037500,37.5,0.74,0.63,0.84,1.0,270.0,0.6303747900390625,False,PUT,2026-04-17,CELH
CELH260417P00040000,40.0,0.81,0.8,1.26,8.0,543.0,0.6030313134765627,False,PUT,2026-04-17,CELH
CELH260417P00042500,42.5,1.57,1.32,1.6,6.0,135.0,0.5835002587890624,False,PUT,2026-04-17,CELH
CELH260417P00045000,45.0,2.16,2.05,2.22,14.0,198.0,0.5808147387695313,False,PUT,2026-04-17,CELH
CELH260417P00047500,47.5,2.32,2.69,3.0,1.0,126.0,0.5612836840820312,False,PUT,2026-04-17,CELH
CELH260417P00050000,50.0,3.9,3.65,3.95,30.0,422.0,0.551762294921875,False,PUT,2026-04-17,CELH
CELH260417P00052500,52.5,5.03,4.9,5.05,18.0,5427.0,0.5462691857910158,False,PUT,2026-04-17,CELH
CELH260417P00055000,55.0,6.3,6.1,6.4,6.0,175.0,0.5324753784179688,True,PUT,2026-04-17,CELH
CELH260417P00057500,57.5,7.18,7.6,7.9,11.0,1025.0,0.5236864038085938,True,PUT,2026-04-17,CELH
CELH260417P00060000,60.0,9.5,9.3,9.5,2.0,383.0,0.5129443237304687,True,PUT,2026-04-17,CELH
CELH260417P00062500,62.5,9.9,10.2,11.35,40.0,851.0,0.5190477783203125,True,PUT,2026-04-17,CELH
CELH260417P00065000,65.0,11.45,12.05,13.3,1.0,201.0,0.5105029418945313,True,PUT,2026-04-17,CELH
CELH260417P00067500,67.5,13.45,0.0,0.0,7.0,9.0,1.0000000000000003e-05,True,PUT,2026-04-17,CELH
CELH260618C00037500,37.5,19.2,17.45,19.55,2.0,2101.0,0.7575707836914063,True,CALL,2026-06-18,CELH
CELH260618C00040000,40.0,18.12,15.65,17.5,1.0,1057.0,0.7304714453125,True,CALL,2026-06-18,CELH
CELH260618C00042500,42.5,15.05,14.25,14.75,6.0,2239.0,0.6811555322265627,True,CALL,2026-06-18,CELH
CELH260618C00045000,45.0,12.85,12.1,13.0,10.0,2365.0,0.6398961791992188,True,CALL,2026-06-18,CELH
CELH260618C00047500,47.5,12.75,10.8,11.45,100.0,1917.0,0.6381872119140625,True,CALL,2026-06-18,CELH
CELH260618C00050000,50.0,9.7,9.55,10.05,7.0,1168.0,0.6342810009765626,True,CALL,2026-06-18,CELH
CELH260618C00052500,52.5,9.13,8.4,8.75,12.0,128.0,0.6284216845703126,True,CALL,2026-06-18,CELH
CELH260618C00055000,55.0,7.43,7.25,7.55,2.0,1651.0,0.6176796044921876,False,CALL,2026-06-18,CELH
CELH260618C00057500,57.5,6.55,6.25,6.5,2.0,1032.0,0.6101113208007813,False,CALL,2026-06-18,CELH
CELH260618C00060000,60.0,5.6,5.45,5.6,3.0,909.0,0.607547869873047,False,CALL,2026-06-18,CELH
CELH260618C00062500,62.5,4.85,4.65,4.8,1.0,142.0,0.6014444152832032,False,CALL,2026-06-18,CELH
CELH260618C00065000,65.0,4.25,4.0,4.15,7.0,1849.0,0.5998575170898439,False,CALL,2026-06-18,CELH
CELH260618C00067500,67.5,4.0,3.35,3.5,6.0,176.0,0.5915568188476563,False,CALL,2026-06-18,CELH
CELH260618P00037500,37.5,1.64,1.2,1.89,3.0,965.0,0.6013223461914063,False,PUT,2026-06-18,CELH
CELH260618P00040000,40.0,2.0,1.81,2.21,6.0,636.0,0.5810588769531251,False,PUT,2026-06-18,CELH
CELH260618P00042500,42.5,2.72,2.65,2.94,10.0,902.0,0.584965087890625,False,PUT,2026-06-18,CELH
CELH260618P00045000,45.0,3.5,3.4,3.65,5.0,3954.0,0.5690961059570312,False,PUT,2026-06-18,CELH
CELH260618P00047500,47.5,4.38,4.3,4.65,5.0,1352.0,0.5622602368164062,False,PUT,2026-06-18,CELH
CELH260618P00050000,50.0,5.55,5.4,5.65,4.0,371.0,0.5524947094726562,False,PUT,2026-06-18,CELH
CELH260618P00052500,52.5,6.8,6.55,6.95,2.0,56.0,0.546025047607422,False,PUT,2026-06-18,CELH
CELH260618P00055000,55.0,7.85,8.05,8.35,17.0,181.0,0.5463912548828126,True,PUT,2026-06-18,CELH
CELH260618P00057500,57.5,9.5,9.35,9.7,10.0,247.0,0.5275926147460939,True,PUT,2026-06-18,CELH
CELH260618P00060000,60.0,10.1,10.9,11.35,75.0,231.0,0.5202684692382812,True,PUT,2026-06-18,CELH
CELH260618P00062500,62.5,11.85,12.5,13.05,1.0,382.0,0.5075732836914062,True,PUT,2026-06-18,CELH
CELH260618P00065000,65.0,13.4,13.4,14.85,6.0,706.0,0.5208788146972656,True,PUT,2026-06-18,CELH
CELH260618P00067500,67.5,14.5,15.3,16.8,18.0,21.0,0.5168505346679688,True,PUT,2026-06-18,CELH
CELH260717C00037500,37.5,19.45,18.0,20.1,2.0,1780.0,0.7500025,True,CALL,2026-07-17,CELH
CELH260717C00040000,40.0,18.5,15.85,17.65,1.0,18198.0,0.6824982922363283,True,CALL,2026-07-17,CELH
CELH260717C00042500,42.5,16.4,14.1,15.2,1.0,1824.0,0.6340368627929689,True,CALL,2026-07-17,CELH
CELH260717C00045000,45.0,12.9,12.55,13.7,35.0,1842.0,0.6307409973144531,True,CALL,2026-07-17,CELH
CELH260717C00047500,47.5,14.5,11.35,11.95,2.0,72.0,0.6219520227050781,True,CALL,2026-07-17,CELH
CELH260717C00050000,50.0,10.9,9.65,10.6,7.0,30.0,0.6014444152832032,True,CALL,2026-07-17,CELH
CELH260717C00052500,52.5,9.33,8.45,9.3,1.0,20.0,0.5936319934082033,True,CALL,2026-07-17,CELH
CELH260717C00055000,55.0,8.22,7.65,8.1,10.0,52.0,0.5955850988769531,False,CALL,2026-07-17,CELH
CELH260717C00057500,57.5,7.65,6.55,7.55,1.0,16.0,0.6020547607421877,False,CALL,2026-07-17,CELH
CELH260717C00060000,60.0,6.15,5.75,6.2,5.0,22609.0,0.5845988806152342,False,CALL,2026-07-17,CELH
CELH260717C00065000,65.0,5.0,4.3,4.7,4.0,141.0,0.577152666015625,False,CALL,2026-07-17,CELH
CELH260717P00037500,37.5,1.6,1.63,2.03,1.0,77.0,0.5837443969726561,False,PUT,2026-07-17,CELH
CELH260717P00040000,40.0,2.08,1.93,2.57,12.0,164.0,0.5554243676757813,False,PUT,2026-07-17,CELH
CELH260717P00042500,42.5,2.63,2.5,3.35,1.0,6.0,0.5451705639648439,False,PUT,2026-07-17,CELH
CELH260717P00045000,45.0,3.28,3.25,4.05,1.0,22.0,0.5290574438476563,False,PUT,2026-07-17,CELH
CELH260717P00047500,47.5,5.95,4.5,4.95,1.0,3.0,0.5316208947753907,False,PUT,2026-07-17,CELH
CELH260717P00050000,50.0,5.15,5.7,6.1,1.0,25.0,0.5307664111328125,False,PUT,2026-07-17,CELH
CELH260717P00052500,52.5,6.06,6.9,7.4,3.0,10.0,0.5255174401855469,False,PUT,2026-07-17,CELH
CELH260717P00055000,55.0,7.9,8.2,8.7,2.0,9.0,0.5148974291992188,True,PUT,2026-07-17,CELH
CELH260717P00060000,60.0,9.7,11.15,11.75,1.0,1.0,0.51758294921875,True,PUT,2026-07-17,CELH
CELH260918C00037500,37.5,21.3,18.25,21.15,2.0,54.0,0.6992217578125001,True,CALL,2026-09-18,CELH
CELH260918C00040000,40.0,19.55,17.2,19.35,1.0,593.0,0.7081328015136719,True,CALL,2026-09-18,CELH
CELH260918C00042500,42.5,18.64,15.4,17.65,3.0,107.0,0.6833527758789064,True,CALL,2026-09-18,CELH
CELH260918C00045000,45.0,16.7,13.85,14.95,2.0,2038.0,0.6284216845703126,True,CALL,2026-09-18,CELH
CELH260918C00047500,47.5,14.38,12.5,13.85,1.0,130.0,0.6320837573242188,True,CALL,2026-09-18,CELH
CELH260918C00050000,50.0,12.0,11.65,12.25,5.0,281.0,0.6287878918457033,True,CALL,2026-09-18,CELH
CELH260918C00052500,52.5,11.47,10.05,10.9,3.0,130.0,0.6043740734863283,True,CALL,2026-09-18,CELH
CELH260918C00055000,55.0,9.65,9.15,9.85,8.0,1158.0,0.6054726953125001,False,CALL,2026-09-18,CELH
CELH260918C00057500,57.5,8.95,8.1,8.8,5.0,1339.0,0.5969278588867188,False,CALL,2026-09-18,CELH
CELH260918C00060000,60.0,7.5,7.5,7.9,1.0,186.0,0.6010782080078126,False,CALL,2026-09-18,CELH
CELH260918C00062500,62.5,7.3,6.4,7.2,3.0,25.0,0.591923026123047,False,CALL,2026-09-18,CELH
CELH260918C00065000,65.0,6.45,5.6,6.35,1.0,537.0,0.5827678442382812,False,CALL,2026-09-18,CELH
CELH260918C00067500,67.5,6.8,5.0,6.45,1.0,45.0,0.6042520043945314,False,CALL,2026-09-18,CELH
CELH260918P00037500,37.5,2.6,2.22,2.86,4.0,88.0,0.570316796875,False,PUT,2026-09-18,CELH
CELH260918P00040000,40.0,3.03,2.7,3.5,1.0,412.0,0.5499312585449221,False,PUT,2026-09-18,CELH
CELH260918P00042500,42.5,3.69,3.4,4.4,1.0,39.0,0.5424850439453126,False,PUT,2026-09-18,CELH
CELH260918P00045000,45.0,4.3,4.15,5.3,1.0,303.0,0.5289353747558594,False,PUT,2026-09-18,CELH
CELH260918P00047500,47.5,6.5,5.75,6.25,9.0,61.0,0.5387009020996094,False,PUT,2026-09-18,CELH
CELH260918P00050000,50.0,6.43,6.55,7.5,2.0,197.0,0.5240526110839843,False,PUT,2026-09-18,CELH
CELH260918P00052500,52.5,8.0,7.3,8.6,2.0,31.0,0.5366257275390626,False,PUT,2026-09-18,CELH
CELH260918P00055000,55.0,8.3,8.55,10.1,2.0,27.0,0.5377243493652344,True,PUT,2026-09-18,CELH
CELH260918P00057500,57.5,10.36,11.0,11.4,1.0,27.0,0.5091601818847658,True,PUT,2026-09-18,CELH
CELH260918P00060000,60.0,11.73,12.55,13.2,5.0,11.0,0.5090381127929688,True,PUT,2026-09-18,CELH
CELH260918P00062500,62.5,13.23,20.95,22.85,1.0,2.0,0.9385992468261719,True,PUT,2026-09-18,CELH
CELH260918P00065000,65.0,26.75,0.0,0.0,3.0,23.0,1.0000000000000003e-05,True,PUT,2026-09-18,CELH
CELH260918P00067500,67.5,25.37,0.0,0.0,1.0,1.0,1.0000000000000003e-05,True,PUT,2026-09-18,CELH
CELH261218C00037500,37.5,20.54,19.35,22.55,2.0,37.0,0.6853058813476562,True,CALL,2026-12-18,CELH
CELH261218C00040000,40.0,20.95,18.35,20.8,1.0,346.0,0.6882355395507813,True,CALL,2026-12-18,CELH
CELH261218C00042500,42.5,19.83,16.75,18.2,30.0,83.0,0.6392858337402343,True,CALL,2026-12-18,CELH
CELH261218C00045000,45.0,17.5,15.05,16.6,2.0,116.0,0.6171913281250001,True,CALL,2026-12-18,CELH
CELH261218C00047500,47.5,15.54,14.0,16.5,1.0,68.0,0.6525913647460939,True,CALL,2026-12-18,CELH
CELH261218C00050000,50.0,14.85,12.9,13.95,3.0,37.0,0.6125527026367189,True,CALL,2026-12-18,CELH
CELH261218C00052500,52.5,12.8,11.6,14.1,1.0,128.0,0.6365392791748048,True,CALL,2026-12-18,CELH
CELH261218C00055000,55.0,11.55,10.55,11.75,3.0,93.0,0.5975382043457032,False,CALL,2026-12-18,CELH
CELH261218C00057500,57.5,11.52,9.45,11.95,5.0,3.0,0.619388571777344,False,CALL,2026-12-18,CELH
CELH261218C00060000,60.0,9.82,8.95,9.85,1.0,356.0,0.594730615234375,False,CALL,2026-12-18,CELH
CELH261218C00065000,65.0,8.69,7.7,8.05,5.0,70.0,0.589969920654297,False,CALL,2026-12-18,CELH
CELH261218P00037500,37.5,3.32,2.64,3.8,20.0,186.0,0.5379684875488282,False,PUT,2026-12-18,CELH
CELH261218P00040000,40.0,4.01,3.25,5.4,1.0,20.0,0.5532271240234375,False,PUT,2026-12-18,CELH
CELH261218P00042500,42.5,5.25,4.25,5.5,2.0,29.0,0.5231981274414061,False,PUT,2026-12-18,CELH
CELH261218P00045000,45.0,5.8,4.9,7.2,5.0,16.0,0.5277146838378908,False,PUT,2026-12-18,CELH
CELH261218P00047500,47.5,8.26,6.75,7.6,1.0,3.0,0.5227098510742187,False,PUT,2026-12-18,CELH
CELH261218P00050000,50.0,10.46,7.1,9.0,20.0,23.0,0.5500533276367189,False,PUT,2026-12-18,CELH
CELH261218P00052500,52.5,9.66,8.4,10.05,,1.0,0.5301560656738282,False,PUT,2026-12-18,CELH
CELH261218P00055000,55.0,10.75,9.8,11.55,2.0,26.0,0.529423651123047,True,PUT,2026-12-18,CELH
CELH261218P00057500,57.5,11.35,11.3,12.85,,69.0,0.5144091528320311,True,PUT,2026-12-18,CELH
CELH261218P00060000,60.0,17.0,13.85,14.4,,6.0,0.5079394909667969,True,PUT,2026-12-18,CELH
CELH270115C00037500,37.5,23.0,20.25,22.9,1.0,172.0,0.7008086560058593,True,CALL,2027-01-15,CELH
CELH270115C00040000,40.0,19.2,18.65,20.6,21.0,872.0,0.6634555139160159,True,CALL,2027-01-15,CELH
CELH270115C00042500,42.5,19.0,16.85,19.35,3.0,441.0,0.6510044665527344,True,CALL,2027-01-15,CELH
CELH270115C00045000,45.0,16.5,16.05,17.05,3.0,1187.0,0.6333044482421876,True,CALL,2027-01-15,CELH
CELH270115C00047500,47.5,18.0,14.1,15.95,3.0,555.0,0.6138954626464845,True,CALL,2027-01-15,CELH
CELH270115C00050000,50.0,14.0,12.9,14.35,2.0,4125.0,0.5980875152587892,True,CALL,2027-01-15,CELH
CELH270115C00052500,52.5,13.79,11.6,14.45,3.0,154.0,0.6195106408691409,True,CALL,2027-01-15,CELH
CELH270115C00055000,55.0,10.95,11.1,12.15,12.0,2193.0,0.596683720703125,False,CALL,2027-01-15,CELH
CELH270115C00057500,57.5,11.85,10.0,12.45,2.0,95.0,0.6197547790527345,False,CALL,2027-01-15,CELH
CELH270115C00060000,60.0,10.09,9.4,10.25,5.0,1247.0,0.590946473388672,False,CALL,2027-01-15,CELH
CELH270115C00062500,62.5,9.9,8.8,9.9,1.0,72.0,0.6038857971191409,False,CALL,2027-01-15,CELH
CELH270115C00065000,65.0,8.9,8.05,8.65,1.0,715.0,0.5888712988281251,False,CALL,2027-01-15,CELH
CELH270115C00067500,67.5,8.65,6.25,8.75,27.0,110.0,0.5782512878417969,False,CALL,2027-01-15,CELH
CELH270115P00037500,37.5,4.95,3.45,4.0,25.0,643.0,0.5534712622070312,False,PUT,2027-01-15,CELH
CELH270115P00040000,40.0,4.2,3.8,6.1,20.0,685.0,0.5720257641601563,False,PUT,2027-01-15,CELH
CELH270115P00042500,42.5,4.9,4.3,5.7,15.0,306.0,0.5096484582519532,False,PUT,2027-01-15,CELH
CELH270115P00045000,45.0,6.19,5.2,7.45,2.0,263.0,0.5219774365234374,False,PUT,2027-01-15,CELH
CELH270115P00047500,47.5,6.9,6.15,7.8,12.0,258.0,0.5351608984375,False,PUT,2027-01-15,CELH
CELH270115P00050000,50.0,7.5,8.15,9.65,3.0,435.0,0.5225877819824218,False,PUT,2027-01-15,CELH
CELH270115P00052500,52.5,9.0,8.65,10.3,13.0,223.0,0.5211229528808592,False,PUT,2027-01-15,CELH
CELH270115P00055000,55.0,10.45,9.7,11.8,1.0,189.0,0.5201464001464844,True,PUT,2027-01-15,CELH
CELH270115P00057500,57.5,11.9,11.55,13.1,75.0,123.0,0.5055591436767577,True,PUT,2027-01-15,CELH
CELH270115P00060000,60.0,13.35,14.1,14.65,25.0,209.0,0.4993946545410156,True,PUT,2027-01-15,CELH
CELH270115P00062500,62.5,14.83,15.7,17.15,2.0,90.0,0.5003712072753908,True,PUT,2027-01-15,CELH
CELH270115P00065000,65.0,16.61,15.9,18.1,4.0,604.0,0.4931691308593751,True,PUT,2027-01-15,CELH
CELH270115P00067500,67.5,18.42,18.35,20.3,2.0,149.0,0.5084277673339843,True,PUT,2027-01-15,CELH
CELH270917C00037500,37.5,17.6,22.75,25.7,4.0,6.0,0.6771272521972658,True,CALL,2027-09-17,CELH
CELH270917C00040000,40.0,23.7,21.7,25.0,10.0,41.0,0.692385888671875,True,CALL,2027-09-17,CELH
CELH270917C00042500,42.5,17.55,20.4,23.15,1.0,6.0,0.6699862103271486,True,CALL,2027-09-17,CELH
CELH270917C00045000,45.0,20.92,18.85,21.9,1.0,21.0,0.6544834356689455,True,CALL,2027-09-17,CELH
CELH270917C00047500,47.5,18.7,17.5,20.65,,2.0,0.6417882501220704,True,CALL,2027-09-17,CELH
CELH270917C00050000,50.0,19.28,16.6,19.5,1.0,24.0,0.6387975573730469,True,CALL,2027-09-17,CELH
CELH270917C00052500,52.5,17.78,15.5,19.0,1.0,18.0,0.642703768310547,True,CALL,2027-09-17,CELH
CELH270917C00055000,55.0,17.1,14.7,17.65,5.0,7.0,0.6335485864257813,False,CALL,2027-09-17,CELH
CELH270917C00060000,60.0,15.5,12.7,15.7,2.0,34.0,0.6171913281250001,False,CALL,2027-09-17,CELH
CELH270917C00065000,65.0,7.14,0.0,0.0,1.0,1.0,0.0312596875,False,CALL,2027-09-17,CELH
CELH270917P00037500,37.5,9.95,0.0,0.0,,10.0,0.062509375,False,PUT,2027-09-17,CELH
CELH270917P00040000,40.0,10.57,0.0,0.0,,2.0,0.062509375,False,PUT,2027-09-17,CELH
CELH270917P00042500,42.5,9.22,6.3,8.85,3.0,6.0,0.5109912182617188,False,PUT,2027-09-17,CELH
CELH270917P00045000,45.0,9.06,8.1,10.0,1.0,11.0,0.5196581237792968,False,PUT,2027-09-17,CELH
CELH270917P00047500,47.5,12.73,8.65,11.05,243.0,246.0,0.5461471166992189,False,PUT,2027-09-17,CELH
CELH270917P00050000,50.0,10.7,9.75,12.75,1.0,11.0,0.5554854022216797,False,PUT,2027-09-17,CELH
CELH270917P00052500,52.5,12.2,11.05,14.65,,2.0,0.5695233477783204,False,PUT,2027-09-17,CELH
CELH270917P00055000,55.0,20.89,0.0,0.0,6.0,26.0,1.0000000000000003e-05,True,PUT,2027-09-17,CELH
CELH270917P00060000,60.0,17.78,15.3,18.55,,2.0,0.5277146838378908,True,PUT,2027-09-17,CELH
CELH271217C00037500,37.5,24.95,23.15,27.5,2.0,21.0,0.6843903631591797,True,CALL,2027-12-17,CELH
CELH271217C00040000,40.0,25.36,22.0,25.25,5.0,131.0,0.6575961975097657,True,CALL,2027-12-17,CELH
CELH271217C00042500,42.5,24.75,22.05,24.9,1.0,44.0,0.6987334814453126,True,CALL,2027-12-17,CELH
CELH271217C00045000,45.0,21.1,20.05,21.7,1.0,220.0,0.6304968591308593,True,CALL,2027-12-17,CELH
CELH271217C00047500,47.5,20.3,19.1,22.5,1.0,127.0,0.667239655761719,True,CALL,2027-12-17,CELH
CELH271217C00050000,50.0,18.0,17.65,21.5,20.0,181.0,0.6543613665771486,True,CALL,2027-12-17,CELH
CELH271217C00052500,52.5,18.0,16.0,20.5,1.0,72.0,0.6364782446289063,True,CALL,2027-12-17,CELH
CELH271217C00055000,55.0,17.85,15.85,19.5,4.0,115.0,0.6455113574218749,False,CALL,2027-12-17,CELH
CELH271217C00057500,57.5,17.5,14.0,18.5,1.0,48.0,0.6215858154296876,False,CALL,2027-12-17,CELH
CELH271217C00060000,60.0,14.4,14.4,16.8,1.0,334.0,0.6246375427246094,False,CALL,2027-12-17,CELH
CELH271217C00062500,62.5,14.0,12.5,16.05,1.0,159.0,0.6023599334716798,False,CALL,2027-12-17,CELH
CELH271217C00065000,65.0,15.5,11.5,16.0,1.0,168.0,0.6070595935058594,False,CALL,2027-12-17,CELH
CELH271217C00067500,67.5,10.5,0.0,0.0,9.0,18.0,0.0312596875,False,CALL,2027-12-17,CELH
CELH271217P00037500,37.5,7.1,6.25,8.5,1.0,60.0,0.5780071496582031,False,PUT,2027-12-17,CELH
CELH271217P00040000,40.0,7.8,6.3,8.3,2.0,81.0,0.5177050183105469,False,PUT,2027-12-17,CELH
CELH271217P00042500,42.5,8.8,7.45,9.55,1.0,48.0,0.5157519128417969,False,PUT,2027-12-17,CELH
CELH271217P00045000,45.0,9.6,8.55,9.85,3.0,180.0,0.5167284655761719,False,PUT,2027-12-17,CELH
CELH271217P00047500,47.5,12.94,8.5,12.9,1.0,15.0,0.5816692224121094,False,PUT,2027-12-17,CELH
CELH271217P00050000,50.0,11.5,10.5,13.95,5.0,110.0,0.5631147204589844,False,PUT,2027-12-17,CELH
CELH271217P00052500,52.5,13.84,11.5,16.0,4.0,27.0,0.5806926696777344,False,PUT,2027-12-17,CELH
CELH271217P00055000,55.0,21.0,15.9,19.0,2.0,63.0,0.5734905932617188,True,PUT,2027-12-17,CELH
CELH271217P00057500,57.5,20.08,14.0,19.0,1.0,37.0,0.5683026568603515,True,PUT,2027-12-17,CELH
CELH271217P00060000,60.0,18.0,15.5,20.5,5.0,66.0,0.5597578204345703,True,PUT,2027-12-17,CELH
CELH271217P00062500,62.5,18.28,17.5,21.5,13.0,24.0,0.5324753784179688,True,PUT,2027-12-17,CELH
CELH271217P00065000,65.0,19.94,19.0,23.0,2.0,30.0,0.521367091064453,True,PUT,2027-12-17,CELH
CELH280121C00037500,37.5,27.55,24.15,27.45,2.0,34.0,0.6903107141113283,True,CALL,2028-01-21,CELH
CELH280121C00040000,40.0,24.07,22.8,26.25,1.0,244.0,0.6820710504150393,True,CALL,2028-01-21,CELH
CELH280121C00042500,42.5,25.0,21.5,24.9,7.0,97.0,0.6696810375976563,True,CALL,2028-01-21,CELH
CELH280121C00045000,45.0,22.27,20.5,23.5,8.0,261.0,0.6611362011718751,True,CALL,2028-01-21,CELH
CELH280121C00047500,47.5,20.27,19.35,22.85,2.0,52.0,0.6627841339111329,True,CALL,2028-01-21,CELH
CELH280121C00050000,50.0,19.22,17.55,22.0,1.0,275.0,0.6459996337890624,True,CALL,2028-01-21,CELH
CELH280121C00052500,52.5,17.91,17.5,20.5,1.0,44.0,0.6488072229003907,True,CALL,2028-01-21,CELH
CELH280121C00055000,55.0,19.85,15.5,20.0,1.0,88.0,0.6324499645996093,False,CALL,2028-01-21,CELH
CELH280121C00057500,57.5,16.0,14.5,18.5,2.0,35.0,0.6152382226562501,False,CALL,2028-01-21,CELH
CELH280121C00060000,60.0,16.52,14.5,17.0,20.0,308.0,0.6145668426513673,False,CALL,2028-01-21,CELH
CELH280121C00062500,62.5,15.0,12.5,17.0,1.0,128.0,0.6038857971191409,False,CALL,2028-01-21,CELH
CELH280121C00065000,65.0,13.65,12.75,15.8,5.0,52.0,0.6100502862548829,False,CALL,2028-01-21,CELH
CELH280121C00067500,67.5,8.3,12.0,15.5,1.0,37.0,0.6132240826416018,False,CALL,2028-01-21,CELH
CELH280121P00037500,37.5,7.71,4.5,9.0,2.0,296.0,0.5340622766113281,False,PUT,2028-01-21,CELH
CELH280121P00040000,40.0,7.5,7.4,9.95,2.0,97.0,0.5662885168457032,False,PUT,2028-01-21,CELH
CELH280121P00042500,42.5,7.47,7.55,11.0,1.0,509.0,0.5356491748046875,False,PUT,2028-01-21,CELH
CELH280121P00045000,45.0,9.9,7.5,12.0,1.0,75.0,0.5001270690917969,False,PUT,2028-01-21,CELH
CELH280121P00047500,47.5,15.2,9.0,13.0,3.0,19.0,0.5712933496093751,False,PUT,2028-01-21,CELH
CELH280121P00050000,50.0,12.75,10.0,14.5,1.0,37.0,0.5699505895996093,False,PUT,2028-01-21,CELH
CELH280121P00052500,52.5,15.75,11.95,16.0,2.0,18.0,0.5664716204833984,False,PUT,2028-01-21,CELH
CELH280121P00055000,55.0,14.35,13.0,17.5,15.0,16.0,0.5612226495361328,True,PUT,2028-01-21,CELH
CELH280121P00057500,57.5,15.75,14.5,19.0,17.0,20.0,0.5543867803955078,True,PUT,2028-01-21,CELH
CELH280121P00060000,60.0,17.7,16.45,20.15,1.0,2.0,0.5340622766113281,True,PUT,2028-01-21,CELH
CELH280121P00062500,62.5,25.9,0.0,0.0,1.0,101.0,1.0000000000000003e-05,True,PUT,2028-01-21,CELH
CELH280121P00065000,65.0,25.07,0.0,0.0,1.0,3.0,1.0000000000000003e-05,True,PUT,2028-01-21,CELH
CELH280121P00067500,67.5,27.23,21.0,24.95,1.0,12.0,0.5114794946289063,True,PUT,2028-01-21,CELH
CHWY260130C00025000,25.0,5.86,4.7,7.05,1.0,4.0,3.0859397851562496,True,CALL,2026-01-30,CHWY
CHWY260130C00026000,26.0,5.85,3.45,5.0,1.0,1.0,1.3125034374999998,True,CALL,2026-01-30,CHWY
CHWY260130C00028000,28.0,2.42,1.69,3.15,1.0,11.0,1.1640666796875,True,CALL,2026-01-30,CHWY
CHWY260130C00030000,30.0,0.6,0.5,0.68,167.0,74.0,0.57617611328125,True,CALL,2026-01-30,CHWY
CHWY260130C00031000,31.0,0.15,0.09,0.17,416.0,111.0,0.5312546875,False,CALL,2026-01-30,CHWY
CHWY260130C00031500,31.5,0.05,0.04,0.09,82.0,159.0,0.5507857421875001,False,CALL,2026-01-30,CHWY
CHWY260130C00032000,32.0,0.03,0.03,0.04,113.0,484.0,0.5312546875,False,CALL,2026-01-30,CHWY
CHWY260130C00032500,32.5,0.02,0.01,0.03,771.0,1785.0,0.570316796875,False,CALL,2026-01-30,CHWY
CHWY260130C00033000,33.0,0.01,0.0,0.03,122.0,1079.0,0.6250037500000001,False,CALL,2026-01-30,CHWY
CHWY260130C00033500,33.5,0.02,0.01,0.03,1.0,322.0,0.7500025,False,CALL,2026-01-30,CHWY
CHWY260130C00034000,34.0,0.01,0.0,0.01,12.0,891.0,0.6875031250000001,False,CALL,2026-01-30,CHWY
CHWY260130C00034500,34.5,0.02,0.0,0.02,12.0,425.0,0.8281267187499999,False,CALL,2026-01-30,CHWY
CHWY260130C00035000,35.0,0.03,0.0,0.01,6.0,1603.0,0.8125018749999999,False,CALL,2026-01-30,CHWY
CHWY260130C00035500,35.5,0.01,0.0,0.03,1.0,354.0,1.0312548437500002,False,CALL,2026-01-30,CHWY
CHWY260130C00036000,36.0,0.02,0.0,0.1,1.0,166.0,1.3515657421874998,False,CALL,2026-01-30,CHWY
CHWY260130C00036500,36.5,0.02,0.0,0.23,3.0,27.0,1.6953140234375002,False,CALL,2026-01-30,CHWY
CHWY260130C00037000,37.0,0.01,0.0,0.01,4.0,322.0,1.09375453125,False,CALL,2026-01-30,CHWY
CHWY260130C00038000,38.0,0.01,0.0,0.23,1.0,414.0,1.9609376953125,False,CALL,2026-01-30,CHWY
CHWY260130C00039000,39.0,0.01,0.0,0.05,37.0,85.0,1.640626796875,False,CALL,2026-01-30,CHWY
CHWY260130P00025000,25.0,0.12,0.0,0.2,2.0,5.0,1.6875015625,False,PUT,2026-01-30,CHWY
CHWY260130P00026000,26.0,0.07,0.0,0.23,3.0,3.0,1.4492215039062502,False,PUT,2026-01-30,CHWY
CHWY260130P00027000,27.0,0.01,0.0,0.02,4.0,93.0,0.7187528125,False,PUT,2026-01-30,CHWY
CHWY260130P00028000,28.0,0.16,0.0,0.64,1.0,20.0,1.2460975195312498,False,PUT,2026-01-30,CHWY
CHWY260130P00028500,28.5,0.17,0.0,0.17,36.0,33.0,0.6523472265625001,False,PUT,2026-01-30,CHWY
CHWY260130P00029000,29.0,0.08,0.03,0.15,3.0,93.0,0.51562984375,False,PUT,2026-01-30,CHWY
CHWY260130P00029500,29.5,0.11,0.08,0.12,1.0,85.0,0.4023497265625,False,PUT,2026-01-30,CHWY
CHWY260130P00030000,30.0,0.21,0.2,0.25,67.0,2059.0,0.35938140625,False,PUT,2026-01-30,CHWY
CHWY260130P00030500,30.5,0.46,0.44,0.52,66.0,194.0,0.35156898437499995,True,PUT,2026-01-30,CHWY
CHWY260130P00031000,31.0,0.76,0.75,0.84,77.0,2493.0,1.0000000000000003e-05,True,PUT,2026-01-30,CHWY
CHWY260130P00031500,31.5,1.11,1.0,1.28,16.0,518.0,1.0000000000000003e-05,True,PUT,2026-01-30,CHWY
CHWY260130P00032000,32.0,1.99,1.44,2.3,30.0,558.0,1.2480506347656248,True,PUT,2026-01-30,CHWY
CHWY260130P00032500,32.5,2.23,1.82,2.52,8.0,167.0,0.9687503125,True,PUT,2026-01-30,CHWY
CHWY260130P00033000,33.0,2.65,2.57,2.75,3.0,487.0,1.0000000000000003e-05,True,PUT,2026-01-30,CHWY
CHWY260130P00033500,33.5,3.6,2.7,3.9,9.0,59.0,1.8476570117187499,True,PUT,2026-01-30,CHWY
CHWY260130P00034000,34.0,2.84,3.0,4.2,111.0,30.0,1.67578287109375,True,PUT,2026-01-30,CHWY
CHWY260130P00034500,34.5,3.18,3.5,4.85,4.0,8.0,2.0468798828125,True,PUT,2026-01-30,CHWY
CHWY260130P00035000,35.0,3.87,4.0,6.55,3.0,5.0,2.052739243164062,True,PUT,2026-01-30,CHWY
CHWY260130P00035500,35.5,2.31,4.5,7.05,1.0,0.0,2.1718795703125,True,PUT,2026-01-30,CHWY
CHWY260130P00036000,36.0,3.95,5.0,7.6,10.0,0.0,2.3359416601562493,True,PUT,2026-01-30,CHWY
CHWY260130P00036500,36.5,4.2,4.05,8.1,,0.0,4.277348403320312,True,PUT,2026-01-30,CHWY
CHWY260130P00037000,37.0,7.22,4.55,8.6,2.0,0.0,4.414066982421874,True,PUT,2026-01-30,CHWY
CHWY260130P00038000,38.0,8.12,5.55,9.6,2.0,0.0,4.675785405273437,True,PUT,2026-01-30,CHWY
CHWY260206C00025000,25.0,6.5,4.55,6.1,1.0,3.0,0.9101571484375,True,CALL,2026-02-06,CHWY
CHWY260206C00028000,28.0,5.8,1.91,3.55,10.0,5.0,0.7695335546875001,True,CALL,2026-02-06,CHWY
CHWY260206C00029000,29.0,1.65,1.63,1.73,1.0,4.0,0.5410202148437502,True,CALL,2026-02-06,CHWY
CHWY260206C00030000,30.0,0.99,0.95,1.06,206.0,123.0,0.5214891601562499,True,CALL,2026-02-06,CHWY
CHWY260206C00030500,30.5,0.75,0.71,0.78,74.0,9.0,0.49707534179687507,False,CALL,2026-02-06,CHWY
CHWY260206C00031000,31.0,0.54,0.49,0.61,31.0,111.0,0.5097705273437501,False,CALL,2026-02-06,CHWY
CHWY260206C00031500,31.5,0.45,0.34,0.43,2006.0,23.0,0.49609878906250005,False,CALL,2026-02-06,CHWY
CHWY260206C00032000,32.0,0.34,0.23,0.33,43.0,140.0,0.5097705273437501,False,CALL,2026-02-06,CHWY
CHWY260206C00032500,32.5,0.21,0.15,0.23,10.0,66.0,0.50586431640625,False,CALL,2026-02-06,CHWY
CHWY260206C00033000,33.0,0.12,0.1,0.18,7.0,367.0,0.52539537109375,False,CALL,2026-02-06,CHWY
CHWY260206C00033500,33.5,0.11,0.06,0.18,1.0,60.0,0.5195360546875,False,CALL,2026-02-06,CHWY
CHWY260206C00034000,34.0,0.11,0.04,0.1,6.0,124.0,0.5019581054687501,False,CALL,2026-02-06,CHWY
CHWY260206C00034500,34.5,0.08,0.0,0.12,129.0,93.0,0.5312546875,False,CALL,2026-02-06,CHWY
CHWY260206C00035000,35.0,0.05,0.01,0.06,4.0,234.0,0.5195360546875,False,CALL,2026-02-06,CHWY
CHWY260206C00035500,35.5,0.1,0.0,0.09,1.0,7.0,0.585941640625,False,CALL,2026-02-06,CHWY
CHWY260206C00036000,36.0,0.08,0.0,0.09,2.0,43.0,0.6250037500000001,False,CALL,2026-02-06,CHWY
CHWY260206C00037000,37.0,0.03,0.01,0.05,2.0,100.0,0.6562534375000001,False,CALL,2026-02-06,CHWY
CHWY260206C00037500,37.5,0.25,0.0,0.08,1.0,1.0,0.7226590234375,False,CALL,2026-02-06,CHWY
CHWY260206C00038000,38.0,0.02,0.0,0.08,7.0,177.0,0.7578149218750001,False,CALL,2026-02-06,CHWY
CHWY260206C00038500,38.5,0.04,0.0,0.08,2.0,2.0,0.79687703125,False,CALL,2026-02-06,CHWY
CHWY260206C00039000,39.0,0.12,0.0,0.05,4.0,4.0,0.773439765625,False,CALL,2026-02-06,CHWY
CHWY260206P00026000,26.0,0.09,0.01,0.09,2.0,11.0,0.5664105859375,False,PUT,2026-02-06,CHWY
CHWY260206P00027000,27.0,0.07,0.05,0.09,3.0,542.0,0.5117236328125,False,PUT,2026-02-06,CHWY
CHWY260206P00028000,28.0,0.14,0.12,0.17,104.0,29.0,0.46289599609375004,False,PUT,2026-02-06,CHWY
CHWY260206P00029000,29.0,0.3,0.27,0.35,60.0,224.0,0.42969320312500003,False,PUT,2026-02-06,CHWY
CHWY260206P00029500,29.5,0.44,0.43,0.54,107.0,174.0,0.4414118359375,False,PUT,2026-02-06,CHWY
CHWY260206P00030000,30.0,0.61,0.59,0.69,118.0,370.0,0.405279384765625,False,PUT,2026-02-06,CHWY
CHWY260206P00030500,30.5,0.85,0.84,0.93,54.0,53.0,0.39063109375,True,PUT,2026-02-06,CHWY
CHWY260206P00031000,31.0,1.17,1.13,1.23,79.0,217.0,0.379889013671875,True,PUT,2026-02-06,CHWY
CHWY260206P00031500,31.5,1.67,1.5,1.59,44.0,48.0,0.37500625,True,PUT,2026-02-06,CHWY
CHWY260206P00032000,32.0,2.13,1.84,1.96,12.0,125.0,0.3398503515625,True,PUT,2026-02-06,CHWY
CHWY260206P00032500,32.5,2.19,1.94,2.41,2.0,159.0,0.3398503515625,True,PUT,2026-02-06,CHWY
CHWY260206P00033000,33.0,1.73,2.42,2.84,1.0,159.0,1.0000000000000003e-05,True,PUT,2026-02-06,CHWY
CHWY260206P00033500,33.5,3.61,2.92,3.65,7.0,15.0,0.6884796777343751,True,PUT,2026-02-06,CHWY
CHWY260206P00034000,34.0,3.75,3.35,4.05,69.0,265.0,0.65820654296875,True,PUT,2026-02-06,CHWY
CHWY260206P00034500,34.5,3.47,3.5,4.3,10.0,41.0,1.0000000000000003e-05,True,PUT,2026-02-06,CHWY
CHWY260206P00035000,35.0,3.53,4.0,6.35,5.0,18.0,0.88476677734375,True,PUT,2026-02-06,CHWY
CHWY260206P00035500,35.5,2.46,4.5,6.85,,2.0,0.93945373046875,True,PUT,2026-02-06,CHWY
CHWY260206P00036000,36.0,4.26,5.0,6.5,1.0,7.0,1.2548865380859375,True,PUT,2026-02-06,CHWY
CHWY260206P00037500,37.5,5.8,6.5,8.85,1.0,1.0,1.140629296875,True,PUT,2026-02-06,CHWY
CHWY260206P00038000,38.0,6.68,7.0,9.35,,0.0,1.1875040625,True,PUT,2026-02-06,CHWY
CHWY260206P00038500,38.5,6.54,7.5,9.85,1.0,1.0,1.2343788281249999,True,PUT,2026-02-06,CHWY
CHWY260213C00026000,26.0,5.86,3.0,5.3,1.0,2.0,1.1728556982421874,True,CALL,2026-02-13,CHWY
CHWY260213C00028000,28.0,4.6,2.15,3.7,1.0,2.0,0.6718782812500002,True,CALL,2026-02-13,CHWY
CHWY260213C00029000,29.0,2.07,1.87,2.0,1.0,1.0,0.51758294921875,True,CALL,2026-02-13,CHWY
CHWY260213C00030000,30.0,1.4,1.23,1.4,4.0,27.0,0.5273484765625001,True,CALL,2026-02-13,CHWY
CHWY260213C00031000,31.0,0.87,0.78,0.92,1.0,19.0,0.5097705273437501,False,CALL,2026-02-13,CHWY
CHWY260213C00032000,32.0,0.5,0.46,0.59,19.0,102.0,0.50586431640625,False,CALL,2026-02-13,CHWY
CHWY260213C00033000,33.0,0.3,0.26,0.37,10.0,135.0,0.508793974609375,False,CALL,2026-02-13,CHWY
CHWY260213C00034000,34.0,0.3,0.13,0.37,1.0,81.0,0.5293015820312501,False,CALL,2026-02-13,CHWY
CHWY260213C00035000,35.0,0.1,0.07,0.28,20.0,148.0,0.55273884765625,False,CALL,2026-02-13,CHWY
CHWY260213C00036000,36.0,0.06,0.04,0.1,21.0,126.0,0.507817421875,False,CALL,2026-02-13,CHWY
CHWY260213C00037000,37.0,0.05,0.03,0.07,1.0,131.0,0.5351608984375,False,CALL,2026-02-13,CHWY
CHWY260213C00038000,38.0,0.04,0.0,0.05,20.0,86.0,0.5312546875,False,CALL,2026-02-13,CHWY
CHWY260213C00039000,39.0,0.19,0.0,0.75,1.0,12.0,0.99804689453125,False,CALL,2026-02-13,CHWY
CHWY260213P00026000,26.0,0.13,0.0,0.75,1.0,51.0,0.72851833984375,False,PUT,2026-02-13,CHWY
CHWY260213P00028000,28.0,0.35,0.28,0.35,2.0,39.0,0.45703667968750006,False,PUT,2026-02-13,CHWY
CHWY260213P00029000,29.0,0.52,0.48,0.59,5.0,571.0,0.432622861328125,False,PUT,2026-02-13,CHWY
CHWY260213P00030000,30.0,0.84,0.83,0.96,3.0,157.0,0.411138701171875,False,PUT,2026-02-13,CHWY
CHWY260213P00031000,31.0,1.6,1.37,1.5,4.0,81.0,0.39942006835937505,True,PUT,2026-02-13,CHWY
CHWY260213P00032000,32.0,1.56,2.07,2.17,12.0,93.0,0.37793590820312495,True,PUT,2026-02-13,CHWY
CHWY260213P00033000,33.0,2.2,2.13,3.5,7.0,55.0,0.649417568359375,True,PUT,2026-02-13,CHWY
CHWY260213P00034000,34.0,3.78,3.5,4.0,26.0,41.0,0.45508357421875,True,PUT,2026-02-13,CHWY
CHWY260213P00035000,35.0,3.5,4.0,5.4,20.0,56.0,0.797853583984375,True,PUT,2026-02-13,CHWY
CHWY260213P00036000,36.0,4.35,5.0,6.5,1.0,3.0,0.9414068359375,True,PUT,2026-02-13,CHWY
CHWY260213P00037000,37.0,5.96,5.95,7.85,1.0,1.0,0.5351608984375,True,PUT,2026-02-13,CHWY
CHWY260213P00038000,38.0,5.35,6.95,8.9,,0.0,0.6367223828125,True,PUT,2026-02-13,CHWY
CHWY260220C00022500,22.5,11.0,7.2,8.7,10.0,16.0,0.9267585449218749,True,CALL,2026-02-20,CHWY
CHWY260220C00025000,25.0,7.0,4.0,6.3,4.0,11.0,1.115238798828125,True,CALL,2026-02-20,CHWY
CHWY260220C00027500,27.5,4.01,2.7,3.95,1.0,9.0,0.5820354296875,True,CALL,2026-02-20,CHWY
CHWY260220C00030000,30.0,1.46,1.45,1.62,18.0,95.0,0.5127001855468749,True,CALL,2026-02-20,CHWY
CHWY260220C00031000,31.0,0.9,0.98,1.11,4.0,51.0,0.4892629199218751,False,CALL,2026-02-20,CHWY
CHWY260220C00032000,32.0,0.7,0.61,0.78,24.0,88.0,0.49219257812500006,False,CALL,2026-02-20,CHWY
CHWY260220C00032500,32.5,0.58,0.49,0.66,8.0,776.0,0.49805189453125004,False,CALL,2026-02-20,CHWY
CHWY260220C00033000,33.0,0.43,0.38,0.52,7.0,134.0,0.4892629199218751,False,CALL,2026-02-20,CHWY
CHWY260220C00033500,33.5,0.4,0.29,0.42,12.0,65.0,0.48828636718750007,False,CALL,2026-02-20,CHWY
CHWY260220C00034000,34.0,0.3,0.25,0.34,4.0,126.0,0.4892629199218751,False,CALL,2026-02-20,CHWY
CHWY260220C00034500,34.5,0.33,0.17,0.34,2.0,27.0,0.52539537109375,False,CALL,2026-02-20,CHWY
CHWY260220C00035000,35.0,0.25,0.14,0.37,73.0,2234.0,0.5127001855468749,False,CALL,2026-02-20,CHWY
CHWY260220C00035500,35.5,0.2,0.05,0.25,5.0,204.0,0.5429733203125001,False,CALL,2026-02-20,CHWY
CHWY260220C00036000,36.0,0.16,0.02,0.22,3.0,336.0,0.5546919531250001,False,CALL,2026-02-20,CHWY
CHWY260220C00036500,36.5,0.13,0.0,0.19,1.0,8.0,0.5625043750000001,False,CALL,2026-02-20,CHWY
CHWY260220C00037000,37.0,0.1,0.0,0.18,9.0,102.0,0.500005,False,CALL,2026-02-20,CHWY
CHWY260220C00037500,37.5,0.06,0.06,0.08,42.0,3201.0,0.500005,False,CALL,2026-02-20,CHWY
CHWY260220C00038000,38.0,0.05,0.0,0.1,1.0,160.0,0.56055126953125,False,CALL,2026-02-20,CHWY
CHWY260220C00038500,38.5,0.12,0.0,2.0,,154.0,1.115238798828125,False,CALL,2026-02-20,CHWY
CHWY260220C00039000,39.0,0.05,0.0,0.34,1.0,291.0,0.6816438085937502,False,CALL,2026-02-20,CHWY
CHWY260220P00022500,22.5,0.06,0.0,0.78,1.0,9.0,0.999023447265625,False,PUT,2026-02-20,CHWY
CHWY260220P00025000,25.0,0.13,0.0,0.39,1.0,65.0,0.585941640625,False,PUT,2026-02-20,CHWY
CHWY260220P00026000,26.0,0.1,0.0,2.25,1.0,3.0,0.9677737597656251,False,PUT,2026-02-20,CHWY
CHWY260220P00027500,27.5,0.49,0.19,0.4,117.0,239.0,0.45898978515625005,False,PUT,2026-02-20,CHWY
CHWY260220P00028000,28.0,0.54,0.36,0.55,214.0,18.0,0.4687553125,False,PUT,2026-02-20,CHWY
CHWY260220P00028500,28.5,0.65,0.54,0.62,4.0,56.0,0.43604079589843747,False,PUT,2026-02-20,CHWY
CHWY260220P00029000,29.0,0.6,0.61,0.77,4.0,24.0,0.42676354492187507,False,PUT,2026-02-20,CHWY
CHWY260220P00029500,29.5,1.0,0.78,0.96,1.0,55.0,0.42188078125,False,PUT,2026-02-20,CHWY
CHWY260220P00030000,30.0,1.08,1.03,1.18,156.0,1010.0,0.4165097412109374,False,PUT,2026-02-20,CHWY
CHWY260220P00030500,30.5,1.56,1.25,1.42,69.0,8.0,0.40772076660156253,True,PUT,2026-02-20,CHWY
CHWY260220P00031000,31.0,1.67,1.51,1.69,9.0,189.0,0.3979552392578125,True,PUT,2026-02-20,CHWY
CHWY260220P00031500,31.5,1.18,1.8,1.98,46.0,54.0,0.383795224609375,True,PUT,2026-02-20,CHWY
CHWY260220P00032000,32.0,2.2,2.18,2.32,3.0,126.0,0.375982802734375,True,PUT,2026-02-20,CHWY
CHWY260220P00032500,32.5,2.77,2.55,2.78,17.0,984.0,0.407232490234375,True,PUT,2026-02-20,CHWY
CHWY260220P00033000,33.0,2.34,2.95,3.15,3.0,25.0,0.39160764648437496,True,PUT,2026-02-20,CHWY
CHWY260220P00033500,33.5,3.26,3.15,3.55,12.0,34.0,0.37695935546875,True,PUT,2026-02-20,CHWY
CHWY260220P00034000,34.0,2.98,3.1,4.5,1.0,4.0,0.6293982373046876,True,PUT,2026-02-20,CHWY
CHWY260220P00035000,35.0,4.93,4.45,5.25,2.0,367.0,0.5927775097656252,True,PUT,2026-02-20,CHWY
CHWY260220P00035500,35.5,4.3,4.5,5.9,2.0,5.0,0.702151416015625,True,PUT,2026-02-20,CHWY
CHWY260220P00037000,37.0,5.45,6.0,7.9,1.0,1.0,0.5117236328125,True,PUT,2026-02-20,CHWY
CHWY260220P00037500,37.5,7.44,6.75,7.9,2.0,61.0,0.8398453515625,True,PUT,2026-02-20,CHWY
CHWY260227C00026000,26.0,8.3,4.0,5.55,,4.0,0.647464462890625,True,CALL,2026-02-27,CHWY
CHWY260227C00027000,27.0,7.35,3.0,4.65,,4.0,0.5625043750000001,True,CALL,2026-02-27,CHWY
CHWY260227C00028000,28.0,5.14,2.9,3.1,,1.0,0.516606396484375,True,CALL,2026-02-27,CHWY
CHWY260227C00029000,29.0,5.17,2.15,2.41,,4.0,0.52539537109375,True,CALL,2026-02-27,CHWY
CHWY260227C00030000,30.0,1.68,1.64,1.84,29.0,1.0,0.5131884619140624,True,CALL,2026-02-27,CHWY
CHWY260227C00031000,31.0,1.59,1.1,1.35,4.0,12.0,0.4985401708984375,False,CALL,2026-02-27,CHWY
CHWY260227C00032000,32.0,1.01,0.81,0.9,8.0,29.0,0.4687553125,False,CALL,2026-02-27,CHWY
CHWY260227C00033000,33.0,1.05,0.52,0.68,1.0,37.0,0.48438015625,False,CALL,2026-02-27,CHWY
CHWY260227C00034000,34.0,0.37,0.35,0.48,7.0,27.0,0.48633326171875,False,CALL,2026-02-27,CHWY
CHWY260227C00035000,35.0,0.33,0.21,0.34,7.0,47.0,0.49121602539062503,False,CALL,2026-02-27,CHWY
CHWY260227C00036000,36.0,0.26,0.13,0.35,12.0,36.0,0.5556685058593751,False,CALL,2026-02-27,CHWY
CHWY260227C00037000,37.0,0.19,0.09,0.53,2.0,48.0,0.5898478515625001,False,CALL,2026-02-27,CHWY
CHWY260227C00038000,38.0,0.12,0.03,0.31,2.0,18.0,0.5507857421875001,False,CALL,2026-02-27,CHWY
CHWY260227C00039000,39.0,0.19,0.01,0.29,2.0,3.0,0.5800823242187501,False,CALL,2026-02-27,CHWY
CHWY260227P00027000,27.0,0.28,0.32,0.45,3.0,59.0,0.471684970703125,False,PUT,2026-02-27,CHWY
CHWY260227P00028000,28.0,0.31,0.48,0.64,4.0,14.0,0.44336494140625,False,PUT,2026-02-27,CHWY
CHWY260227P00029000,29.0,0.57,0.76,1.02,1.0,31.0,0.45166563964843753,False,PUT,2026-02-27,CHWY
CHWY260227P00030000,30.0,1.5,1.15,1.35,6.0,40.0,0.414068359375,False,PUT,2026-02-27,CHWY
CHWY260227P00031000,31.0,1.55,1.69,1.99,1.0,69.0,0.4370173486328125,True,PUT,2026-02-27,CHWY
CHWY260227P00032000,32.0,2.59,2.32,2.52,2.0,37.0,0.39600213378906257,True,PUT,2026-02-27,CHWY
CHWY260227P00033000,33.0,1.48,3.05,3.25,10.0,11.0,0.3833069482421875,True,PUT,2026-02-27,CHWY
CHWY260227P00034000,34.0,2.43,3.2,5.5,,10.0,0.8798840136718749,True,PUT,2026-02-27,CHWY
CHWY260227P00035000,35.0,3.54,4.05,5.55,,34.0,0.64062859375,True,PUT,2026-02-27,CHWY
CHWY260227P00037000,37.0,3.8,6.0,7.45,,4.0,0.7280300634765625,True,PUT,2026-02-27,CHWY
CHWY260227P00038000,38.0,5.67,6.95,8.95,,4.0,0.9838868798828125,True,PUT,2026-02-27,CHWY
CHWY260306C00032000,32.0,1.3,0.97,1.18,1.0,3.0,0.499028447265625,False,CALL,2026-03-06,CHWY
CHWY260306C00035000,35.0,0.32,0.29,0.48,52.0,59.0,0.49805189453125004,False,CALL,2026-03-06,CHWY
CHWY260306C00036000,36.0,0.22,0.2,0.34,51.0,71.0,0.49609878906250005,False,CALL,2026-03-06,CHWY
CHWY260306P00029000,29.0,0.64,0.89,1.13,10.0,10.0,0.437505625,False,PUT,2026-03-06,CHWY
CHWY260320C00022500,22.5,10.78,7.4,8.9,2.0,518.0,0.7246121289062499,True,CALL,2026-03-20,CHWY
CHWY260320C00025000,25.0,5.4,5.2,6.2,20.0,528.0,0.5488326367187502,True,CALL,2026-03-20,CHWY
CHWY260320C00027500,27.5,3.75,3.65,4.25,69.0,472.0,0.5585981640625001,True,CALL,2026-03-20,CHWY
CHWY260320C00030000,30.0,2.21,2.08,2.31,213.0,3824.0,0.499028447265625,True,CALL,2026-03-20,CHWY
CHWY260320C00032500,32.5,1.19,1.11,1.23,174.0,8433.0,0.47363807617187503,False,CALL,2026-03-20,CHWY
CHWY260320C00035000,35.0,0.58,0.52,0.58,489.0,13274.0,0.45606012695312503,False,CALL,2026-03-20,CHWY
CHWY260320C00037500,37.5,0.3,0.23,0.31,40.0,2374.0,0.4726615234375,False,CALL,2026-03-20,CHWY
CHWY260320P00022500,22.5,0.09,0.0,0.35,3.0,87.0,0.5429733203125001,False,PUT,2026-03-20,CHWY
CHWY260320P00025000,25.0,0.32,0.27,0.36,4.0,425.0,0.4731497998046875,False,PUT,2026-03-20,CHWY
CHWY260320P00027500,27.5,0.91,0.7,1.0,9.0,1263.0,0.47998566894531247,False,PUT,2026-03-20,CHWY
CHWY260320P00030000,30.0,1.62,1.6,1.75,9.0,1964.0,0.407232490234375,False,PUT,2026-03-20,CHWY
CHWY260320P00032500,32.5,3.05,2.99,3.25,118.0,2056.0,0.39502558105468755,True,PUT,2026-03-20,CHWY
CHWY260320P00035000,35.0,5.23,4.85,5.2,240.0,5024.0,0.38086556640624997,True,PUT,2026-03-20,CHWY
CHWY260320P00037500,37.5,7.5,6.9,7.5,12.0,2862.0,0.393560751953125,True,PUT,2026-03-20,CHWY
CHWY260417C00022500,22.5,11.61,7.7,9.15,1.0,34.0,0.676761044921875,True,CALL,2026-04-17,CHWY
CHWY260417C00025000,25.0,6.5,6.25,6.6,2.0,41.0,0.6323278955078125,True,CALL,2026-04-17,CHWY
CHWY260417C00027500,27.5,4.38,4.45,4.8,2.0,19.0,0.585941640625,True,CALL,2026-04-17,CHWY
CHWY260417C00030000,30.0,3.0,3.0,3.35,3.0,120.0,0.5566450585937501,True,CALL,2026-04-17,CHWY
CHWY260417C00032500,32.5,2.05,1.94,2.09,75.0,1200.0,0.5256395092773438,False,CALL,2026-04-17,CHWY
CHWY260417C00035000,35.0,1.22,1.2,1.36,1.0,1178.0,0.5190477783203125,False,CALL,2026-04-17,CHWY
CHWY260417C00037500,37.5,0.8,0.71,0.86,2.0,1228.0,0.5136767382812499,False,CALL,2026-04-17,CHWY
CHWY260417P00022500,22.5,0.38,0.27,0.58,1.0,166.0,0.5532271240234375,False,PUT,2026-04-17,CHWY
CHWY260417P00025000,25.0,0.78,0.72,0.81,1.0,415.0,0.5019581054687501,False,PUT,2026-04-17,CHWY
CHWY260417P00027500,27.5,1.49,1.34,1.51,5.0,549.0,0.49219257812500006,False,PUT,2026-04-17,CHWY
CHWY260417P00030000,30.0,2.71,2.37,2.73,9.0,1495.0,0.5036670727539063,False,PUT,2026-04-17,CHWY
CHWY260417P00032500,32.5,4.15,3.75,4.0,6.0,1270.0,0.45898978515625005,True,PUT,2026-04-17,CHWY
CHWY260417P00035000,35.0,5.77,5.4,5.9,1.0,1029.0,0.471684970703125,True,PUT,2026-04-17,CHWY
CHWY260417P00037500,37.5,5.4,7.2,8.25,2.0,267.0,0.5415084912109377,True,PUT,2026-04-17,CHWY
CHWY260515C00025000,25.0,6.4,6.45,6.8,14.0,2.0,0.5844768115234374,True,CALL,2026-05-15,CHWY
CHWY260515C00027500,27.5,4.71,4.8,5.2,14.0,2.0,0.567387138671875,True,CALL,2026-05-15,CHWY
CHWY260515C00030000,30.0,3.29,3.4,3.55,27.0,30.0,0.5249070947265625,True,CALL,2026-05-15,CHWY
CHWY260515C00032500,32.5,2.9,2.26,2.46,1.0,124.0,0.5053760400390624,False,CALL,2026-05-15,CHWY
CHWY260515C00035000,35.0,1.59,1.46,1.65,15.0,71.0,0.508793974609375,False,CALL,2026-05-15,CHWY
CHWY260515C00037500,37.5,1.03,0.93,1.11,1.0,65.0,0.5063525927734375,False,CALL,2026-05-15,CHWY
CHWY260515P00022500,22.5,0.4,0.39,0.55,1.0,8.0,0.5161181201171875,False,PUT,2026-05-15,CHWY
CHWY260515P00025000,25.0,0.99,0.9,1.02,7.0,22.0,0.4887746435546876,False,PUT,2026-05-15,CHWY
CHWY260515P00027500,27.5,1.9,1.55,1.96,1.0,74.0,0.5009815527343751,False,PUT,2026-05-15,CHWY
CHWY260515P00030000,30.0,2.21,2.59,2.91,1.0,5.0,0.4606987524414063,False,PUT,2026-05-15,CHWY
CHWY260515P00032500,32.5,4.0,4.05,4.3,20.0,38.0,0.44165597412109375,True,PUT,2026-05-15,CHWY
CHWY260618C00022500,22.5,9.55,7.85,9.7,3.0,15.0,0.5864299169921875,True,CALL,2026-06-18,CHWY
CHWY260618C00025000,25.0,6.95,7.05,7.25,13.0,110.0,0.5998575170898439,True,CALL,2026-06-18,CHWY
CHWY260618C00027500,27.5,5.4,5.45,5.65,13.0,38.0,0.5754436987304687,True,CALL,2026-06-18,CHWY
CHWY260618C00030000,30.0,4.2,4.1,4.35,22.0,270.0,0.5590864404296876,True,CALL,2026-06-18,CHWY
CHWY260618C00032500,32.5,2.97,3.0,3.25,12.0,335.0,0.5429733203125001,False,CALL,2026-06-18,CHWY
CHWY260618C00035000,35.0,2.26,2.19,2.42,19.0,611.0,0.5361374511718751,False,CALL,2026-06-18,CHWY
CHWY260618C00037500,37.5,1.52,1.56,1.7,4.0,498.0,0.523442265625,False,CALL,2026-06-18,CHWY
CHWY260618P00022500,22.5,0.73,0.74,0.9,1.0,276.0,0.51758294921875,False,PUT,2026-06-18,CHWY
CHWY260618P00025000,25.0,1.13,1.39,1.43,9.0,136.0,0.5012256909179689,False,PUT,2026-06-18,CHWY
CHWY260618P00027500,27.5,2.35,2.18,2.32,25.0,273.0,0.4899953344726563,False,PUT,2026-06-18,CHWY
CHWY260618P00030000,30.0,3.4,3.25,3.45,215.0,598.0,0.47437049072265625,False,PUT,2026-06-18,CHWY
CHWY260618P00032500,32.5,4.75,4.55,4.9,14.0,511.0,0.46582565429687506,True,PUT,2026-06-18,CHWY
CHWY260618P00035000,35.0,6.5,6.15,6.55,1.0,1270.0,0.4506890869140625,True,PUT,2026-06-18,CHWY
CHWY260618P00037500,37.5,7.3,7.65,9.0,1.0,6573.0,0.5266160620117188,True,PUT,2026-06-18,CHWY
CHWY260717C00025000,25.0,7.4,7.25,7.55,3.0,3.0,0.5847209497070311,True,CALL,2026-07-17,CHWY
CHWY260717C00027500,27.5,6.55,5.65,6.05,1.0,4.0,0.5642133422851563,True,CALL,2026-07-17,CHWY
CHWY260717C00030000,30.0,4.38,4.35,4.65,6.0,11.0,0.5434615966796876,True,CALL,2026-07-17,CHWY
CHWY260717C00032500,32.5,3.33,3.1,3.6,1.0,20.0,0.5219774365234374,False,CALL,2026-07-17,CHWY
CHWY260717C00035000,35.0,2.48,2.22,2.8,4.0,35.0,0.5139208764648437,False,CALL,2026-07-17,CHWY
CHWY260717C00037500,37.5,2.73,1.59,2.09,16.0,27.0,0.5053760400390624,False,CALL,2026-07-17,CHWY
CHWY260717P00022500,22.5,0.79,0.77,1.13,1.0,10.0,0.5351608984375,False,PUT,2026-07-17,CHWY
CHWY260717P00025000,25.0,1.37,1.33,1.9,1.0,54.0,0.5310105493164063,False,PUT,2026-07-17,CHWY
CHWY260717P00027500,27.5,1.96,2.16,2.76,1.0,40.0,0.5053760400390624,False,PUT,2026-07-17,CHWY
CHWY260717P00030000,30.0,2.82,3.25,3.95,3.0,65.0,0.4939015454101563,False,PUT,2026-07-17,CHWY
CHWY260717P00032500,32.5,3.45,4.65,5.35,2.0,111.0,0.47949739257812496,True,PUT,2026-07-17,CHWY
CHWY260717P00035000,35.0,6.78,6.3,6.95,3.0,11.0,0.4621635815429688,True,PUT,2026-07-17,CHWY
CHWY260717P00037500,37.5,8.35,8.15,8.75,4.0,1.0,0.4445856323242187,True,PUT,2026-07-17,CHWY
CHWY260821C00022500,22.5,12.25,8.85,10.2,,1.0,0.6132851171875001,True,CALL,2026-08-21,CHWY
CHWY260821C00035000,35.0,2.55,2.55,3.1,13.0,26.0,0.5039112109375,False,CALL,2026-08-21,CHWY
CHWY260821C00037500,37.5,2.5,1.87,2.46,2.0,21.0,0.5346726220703125,False,CALL,2026-08-21,CHWY
CHWY260821P00022500,22.5,0.84,0.91,1.42,,6.0,0.5380905566406251,False,PUT,2026-08-21,CHWY
CHWY260821P00025000,25.0,1.34,1.52,2.15,2.0,10.0,0.5185595019531251,False,PUT,2026-08-21,CHWY
CHWY260821P00027500,27.5,2.02,2.38,3.1,,4.0,0.5017139672851563,False,PUT,2026-08-21,CHWY
CHWY260821P00030000,30.0,3.2,3.5,4.3,4.0,5.0,0.4892629199218751,False,PUT,2026-08-21,CHWY
CHWY260821P00035000,35.0,7.05,6.5,7.25,8.0,10.0,0.4556939196777344,True,PUT,2026-08-21,CHWY
CHWY260918C00022500,22.5,17.22,12.5,14.8,7.0,26.0,1.1599163098144532,True,CALL,2026-09-18,CHWY
CHWY260918C00025000,25.0,9.41,7.95,8.45,2.0,33.0,0.6020547607421877,True,CALL,2026-09-18,CHWY
CHWY260918C00027500,27.5,7.3,6.35,6.85,2.0,27.0,0.5676312768554688,True,CALL,2026-09-18,CHWY
CHWY260918C00030000,30.0,5.12,5.0,5.65,2.0,34.0,0.5520064331054688,True,CALL,2026-09-18,CHWY
CHWY260918C00032500,32.5,4.0,3.85,4.5,10.0,77.0,0.5316208947753907,False,CALL,2026-09-18,CHWY
CHWY260918C00035000,35.0,3.8,2.98,3.6,44.0,208.0,0.5218553674316406,False,CALL,2026-09-18,CHWY
CHWY260918C00037500,37.5,3.05,2.26,2.81,9.0,272.0,0.5097705273437501,False,CALL,2026-09-18,CHWY
CHWY260918P00022500,22.5,1.2,1.15,1.45,1.0,119.0,0.5097705273437501,False,PUT,2026-09-18,CHWY
CHWY260918P00025000,25.0,1.7,1.79,2.49,10.0,170.0,0.5307664111328125,False,PUT,2026-09-18,CHWY
CHWY260918P00027500,27.5,2.78,2.7,3.35,1.0,264.0,0.49927258544921876,False,PUT,2026-09-18,CHWY
CHWY260918P00030000,30.0,4.2,4.05,4.5,1.0,573.0,0.4802298071289062,False,PUT,2026-09-18,CHWY
CHWY260918P00032500,32.5,4.24,5.2,5.95,49.0,127.0,0.47192910888671874,True,PUT,2026-09-18,CHWY
CHWY260918P00035000,35.0,5.2,6.85,7.6,20.0,137.0,0.46484910156250003,True,PUT,2026-09-18,CHWY
CHWY260918P00037500,37.5,6.93,8.65,9.4,1.0,190.0,0.45606012695312503,True,PUT,2026-09-18,CHWY
CHWY261016C00032500,32.5,7.0,4.1,4.8,,1.0,0.5293015820312501,False,CALL,2026-10-16,CHWY
CHWY261016P00022500,22.5,1.25,1.23,1.72,,2.0,0.5214891601562499,False,PUT,2026-10-16,CHWY
CHWY261016P00025000,25.0,1.77,1.93,2.54,,2.0,0.5075732836914062,False,PUT,2026-10-16,CHWY
CHWY261016P00030000,30.0,3.28,4.0,4.9,1.0,3.0,0.4940236145019532,False,PUT,2026-10-16,CHWY
CHWY261016P00032500,32.5,4.04,5.35,6.15,,1.0,0.4655815161132813,True,PUT,2026-10-16,CHWY
CHWY261016P00035000,35.0,5.75,7.0,7.8,,10.0,0.4594780615234375,True,PUT,2026-10-16,CHWY
CHWY261120C00032500,32.5,6.63,4.4,5.1,,1.0,0.5249070947265625,False,CALL,2026-11-20,CHWY
CHWY261120C00035000,35.0,4.9,3.45,4.15,,52.0,0.5105029418945313,False,CALL,2026-11-20,CHWY
CHWY261120P00022500,22.5,1.22,1.36,1.81,,4.0,0.5019581054687501,False,PUT,2026-11-20,CHWY
CHWY261120P00025000,25.0,1.74,2.08,2.72,,3.0,0.49707534179687507,False,PUT,2026-11-20,CHWY
CHWY261218C00025000,25.0,11.18,8.55,9.2,2.0,7.0,0.5827678442382812,True,CALL,2026-12-18,CHWY
CHWY261218C00027500,27.5,9.0,7.2,7.85,1.0,4.0,0.5709271423339843,True,CALL,2026-12-18,CHWY
CHWY261218C00030000,30.0,6.04,5.9,6.4,2.0,15.0,0.5432174584960938,True,CALL,2026-12-18,CHWY
CHWY261218C00032500,32.5,5.8,4.8,5.3,5.0,34.0,0.5282029602050782,False,CALL,2026-12-18,CHWY
CHWY261218C00035000,35.0,4.5,3.85,4.35,1.0,17.0,0.5144091528320311,False,CALL,2026-12-18,CHWY
CHWY261218C00037500,37.5,3.95,3.1,3.6,1.0,8.0,0.5070850073242188,False,CALL,2026-12-18,CHWY
CHWY261218P00022500,22.5,1.4,1.56,2.18,1.0,34.0,0.5268602001953125,False,PUT,2026-12-18,CHWY
CHWY261218P00025000,25.0,2.28,2.32,2.74,1.0,332.0,0.47730014892578126,False,PUT,2026-12-18,CHWY
CHWY261218P00027500,27.5,3.3,3.25,3.8,1.0,15.0,0.4670463452148438,False,PUT,2026-12-18,CHWY
CHWY261218P00030000,30.0,3.9,4.45,4.95,7.0,79.0,0.4480035668945312,False,PUT,2026-12-18,CHWY
CHWY261218P00032500,32.5,4.83,5.85,6.35,2.0,16.0,0.43555251953125,True,PUT,2026-12-18,CHWY
CHWY261218P00035000,35.0,6.16,7.4,7.95,1.0,92.0,0.42578699218750005,True,PUT,2026-12-18,CHWY
CHWY261218P00037500,37.5,7.71,9.2,9.65,1.0,11.0,0.4106504248046875,True,PUT,2026-12-18,CHWY
CHWY270115C00022500,22.5,11.0,9.65,11.25,1.0,63.0,0.5783733569335938,True,CALL,2027-01-15,CHWY
CHWY270115C00025000,25.0,9.72,8.5,9.4,1.0,1278.0,0.5666547241210937,True,CALL,2027-01-15,CHWY
CHWY270115C00027500,27.5,8.15,7.4,7.7,6.0,124.0,0.5500533276367189,True,CALL,2027-01-15,CHWY
CHWY270115C00030000,30.0,6.4,6.1,7.1,1.0,269.0,0.5606733386230469,True,CALL,2027-01-15,CHWY
CHWY270115C00032500,32.5,5.07,5.2,5.55,6.0,283.0,0.5344284838867188,False,CALL,2027-01-15,CHWY
CHWY270115C00035000,35.0,4.32,4.2,4.5,7.0,318.0,0.514653291015625,False,CALL,2027-01-15,CHWY
CHWY270115C00037500,37.5,3.5,3.3,3.85,3.0,303.0,0.50586431640625,False,CALL,2027-01-15,CHWY
CHWY270115P00022500,22.5,1.4,1.64,2.39,1.0,45.0,0.5305222729492188,False,PUT,2027-01-15,CHWY
CHWY270115P00025000,25.0,2.6,2.44,2.94,10.0,272.0,0.47852083984375,False,PUT,2027-01-15,CHWY
CHWY270115P00027500,27.5,2.9,3.35,4.4,4.0,246.0,0.5036670727539063,False,PUT,2027-01-15,CHWY
CHWY270115P00030000,30.0,5.1,4.8,5.1,1.0,1785.0,0.44275459594726563,False,PUT,2027-01-15,CHWY
CHWY270115P00032500,32.5,6.1,6.2,6.9,1.0,302.0,0.4646049633789063,True,PUT,2027-01-15,CHWY
CHWY270115P00035000,35.0,5.7,7.5,8.6,1.0,353.0,0.46411668701171876,True,PUT,2027-01-15,CHWY
CHWY270115P00037500,37.5,8.13,9.25,10.3,1.0,219.0,0.4519097778320313,True,PUT,2027-01-15,CHWY
CHWY280121C00022500,22.5,13.31,11.75,13.4,1.0,6.0,0.5728802478027344,True,CALL,2028-01-21,CHWY
CHWY280121C00025000,25.0,12.0,10.4,12.0,26.0,50.0,0.5561567822265626,True,CALL,2028-01-21,CHWY
CHWY280121C00027500,27.5,12.55,9.15,11.25,10.0,28.0,0.5587202331542969,True,CALL,2028-01-21,CHWY
CHWY280121C00030000,30.0,9.0,8.55,9.85,8.0,47.0,0.5539595385742189,True,CALL,2028-01-21,CHWY
CHWY280121C00032500,32.5,8.4,7.05,9.3,32.0,74.0,0.5418746984863283,False,CALL,2028-01-21,CHWY
CHWY280121C00035000,35.0,7.6,5.9,7.7,2.0,140.0,0.5042774182128906,False,CALL,2028-01-21,CHWY
CHWY280121C00037500,37.5,6.51,6.0,6.7,1.0,45.0,0.5174608801269531,False,CALL,2028-01-21,CHWY
CHWY280121P00022500,22.5,2.61,1.3,4.25,20.0,20.0,0.5197801928710937,False,PUT,2028-01-21,CHWY
CHWY280121P00025000,25.0,3.86,2.85,5.6,1.0,63.0,0.5241746801757812,False,PUT,2028-01-21,CHWY
CHWY280121P00027500,27.5,4.85,4.95,5.65,9.0,37.0,0.4331111376953125,False,PUT,2028-01-21,CHWY
CHWY280121P00030000,30.0,6.11,6.2,7.05,1.0,217.0,0.4285945812988281,False,PUT,2028-01-21,CHWY
CHWY280121P00032500,32.5,7.4,7.5,9.1,1.0,42.0,0.4555718505859375,True,PUT,2028-01-21,CHWY
CHWY280121P00035000,35.0,7.87,9.1,10.6,38.0,43.0,0.4422663195800781,True,PUT,2028-01-21,CHWY
CHWY280121P00037500,37.5,8.1,9.05,11.9,1.0,10.0,0.4115049084472656,True,PUT,2028-01-21,CHWY
CIFR260130C00012500,12.5,6.21,4.1,6.5,1.0,2.0,4.507816865234375,True,CALL,2026-01-30,CIFR
CIFR260130C00013000,13.0,4.42,3.7,5.05,21.0,40.0,4.95312880859375,True,CALL,2026-01-30,CIFR
CIFR260130C00013500,13.5,4.5,3.6,5.5,12.0,12.0,4.5351605810546864,True,CALL,2026-01-30,CIFR
CIFR260130C00014000,14.0,4.47,2.9,4.8,1.0,214.0,3.535157412109375,True,CALL,2026-01-30,CIFR
CIFR260130C00014500,14.5,4.12,2.62,3.9,1.0,46.0,2.8945340136718753,True,CALL,2026-01-30,CIFR
CIFR260130C00015000,15.0,2.15,2.24,3.25,3.0,298.0,2.50000375,True,CALL,2026-01-30,CIFR
CIFR260130C00015500,15.5,2.05,2.04,2.25,22.0,157.0,1.875000625,True,CALL,2026-01-30,CIFR
CIFR260130C00016000,16.0,1.57,1.54,2.19,92.0,1324.0,2.0859422851562495,True,CALL,2026-01-30,CIFR
CIFR260130C00016500,16.5,1.4,1.11,1.23,209.0,514.0,1.26172244140625,True,CALL,2026-01-30,CIFR
CIFR260130C00017000,17.0,0.79,0.72,0.87,845.0,3321.0,1.1484417578125,True,CALL,2026-01-30,CIFR
CIFR260130C00017500,17.5,0.52,0.46,0.57,2025.0,2287.0,1.109379453125,False,CALL,2026-01-30,CIFR
CIFR260130C00018000,18.0,0.32,0.27,0.3,7854.0,5997.0,1.0273486132812502,False,CALL,2026-01-30,CIFR
CIFR260130C00018500,18.5,0.18,0.14,0.19,1838.0,6304.0,1.0429735351562504,False,CALL,2026-01-30,CIFR
CIFR260130C00019000,19.0,0.1,0.08,0.16,1587.0,4118.0,1.15625421875,False,CALL,2026-01-30,CIFR
CIFR260130C00019500,19.5,0.09,0.05,0.08,2237.0,4550.0,1.15625421875,False,CALL,2026-01-30,CIFR
CIFR260130C00020000,20.0,0.05,0.04,0.06,1856.0,7511.0,1.2578162109375,False,CALL,2026-01-30,CIFR
CIFR260130C00020500,20.5,0.03,0.02,0.04,199.0,5525.0,1.2812535937499998,False,CALL,2026-01-30,CIFR
CIFR260130C00021000,21.0,0.03,0.02,0.03,977.0,4466.0,1.3750031249999999,False,CALL,2026-01-30,CIFR
CIFR260130C00021500,21.5,0.04,0.02,0.05,58.0,1349.0,1.609376953125,False,CALL,2026-01-30,CIFR
CIFR260130C00022000,22.0,0.02,0.01,0.04,345.0,2194.0,1.65625171875,False,CALL,2026-01-30,CIFR
CIFR260130C00022500,22.5,0.01,0.0,0.04,2.0,450.0,1.71875140625,False,CALL,2026-01-30,CIFR
CIFR260130P00012500,12.5,0.1,0.0,0.02,,105.0,2.000005,False,PUT,2026-01-30,CIFR
CIFR260130P00013000,13.0,0.08,0.01,0.03,22.0,752.0,1.984375078125,False,PUT,2026-01-30,CIFR
CIFR260130P00013500,13.5,0.04,0.01,0.04,5.0,5340.0,1.8281258593749998,False,PUT,2026-01-30,CIFR
CIFR260130P00014000,14.0,0.04,0.01,0.06,5.0,4705.0,1.703126484375,False,PUT,2026-01-30,CIFR
CIFR260130P00014500,14.5,0.05,0.03,0.07,17.0,2481.0,1.5937520312499998,False,PUT,2026-01-30,CIFR
CIFR260130P00015000,15.0,0.08,0.05,0.09,829.0,3807.0,1.46875265625,False,PUT,2026-01-30,CIFR
CIFR260130P00015500,15.5,0.11,0.06,0.14,84.0,7003.0,1.3437532812499997,False,PUT,2026-01-30,CIFR
CIFR260130P00016000,16.0,0.15,0.1,0.14,2031.0,7551.0,1.1367230664062502,False,PUT,2026-01-30,CIFR
CIFR260130P00016500,16.5,0.17,0.15,0.26,1951.0,7301.0,1.0703171484375003,False,PUT,2026-01-30,CIFR
CIFR260130P00017000,17.0,0.34,0.29,0.35,2844.0,6016.0,0.9609378906249999,False,PUT,2026-01-30,CIFR
CIFR260130P00017500,17.5,0.52,0.48,0.58,864.0,2764.0,0.914063359375,True,PUT,2026-01-30,CIFR
CIFR260130P00018000,18.0,0.8,0.79,1.01,1452.0,3365.0,1.0273486132812502,True,PUT,2026-01-30,CIFR
CIFR260130P00018500,18.5,1.02,1.14,1.3,250.0,1255.0,0.87500125,True,PUT,2026-01-30,CIFR
CIFR260130P00019000,19.0,1.35,1.49,1.87,149.0,456.0,0.9609378906249999,True,PUT,2026-01-30,CIFR
CIFR260130P00019500,19.5,1.86,1.49,2.74,93.0,156.0,0.500005,True,PUT,2026-01-30,CIFR
CIFR260130P00020000,20.0,2.3,1.95,3.7,2.0,281.0,1.8710943945312501,True,PUT,2026-01-30,CIFR
CIFR260130P00020500,20.5,3.97,2.44,3.35,12.0,159.0,2.156254609375,True,PUT,2026-01-30,CIFR
CIFR260130P00021000,21.0,2.56,2.61,4.6,3.0,74.0,4.20312974609375,True,PUT,2026-01-30,CIFR
CIFR260130P00021500,21.5,3.09,2.68,4.9,39.0,23.0,3.99218751953125,True,PUT,2026-01-30,CIFR
CIFR260130P00022000,22.0,3.15,3.15,5.6,4.0,27.0,4.660160424804687,True,PUT,2026-01-30,CIFR
CIFR260130P00022500,22.5,4.99,3.65,6.1,1.0,1.0,4.875003906249999,True,PUT,2026-01-30,CIFR
CIFR260206C00013000,13.0,6.2,3.75,5.9,1.0,2.0,1.984375078125,True,CALL,2026-02-06,CIFR
CIFR260206C00013500,13.5,5.01,3.9,5.95,528.0,31.0,2.636722158203125,True,CALL,2026-02-06,CIFR
CIFR260206C00014000,14.0,3.9,3.4,4.65,5.0,31.0,1.9101566992187502,True,CALL,2026-02-06,CIFR
CIFR260206C00014500,14.5,4.02,3.05,4.95,528.0,2.0,2.2929730175781247,True,CALL,2026-02-06,CIFR
CIFR260206C00015000,15.0,2.72,2.61,3.75,302.0,124.0,1.716798291015625,True,CALL,2026-02-06,CIFR
CIFR260206C00015500,15.5,2.22,1.81,2.65,3.0,183.0,0.9960937890625,True,CALL,2026-02-06,CIFR
CIFR260206C00016000,16.0,1.91,1.95,2.09,772.0,55.0,1.15234798828125,True,CALL,2026-02-06,CIFR
CIFR260206C00016500,16.5,1.95,1.69,1.78,6.0,200.0,1.171879140625,True,CALL,2026-02-06,CIFR
CIFR260206C00017000,17.0,1.66,1.39,1.47,639.0,500.0,1.142582412109375,True,CALL,2026-02-06,CIFR
CIFR260206C00017500,17.5,1.22,1.12,1.23,359.0,760.0,1.12891060546875,False,CALL,2026-02-06,CIFR
CIFR260206C00018000,18.0,1.0,0.91,1.02,1118.0,701.0,1.12891060546875,False,CALL,2026-02-06,CIFR
CIFR260206C00018500,18.5,0.82,0.75,0.85,479.0,512.0,1.1416058544921874,False,CALL,2026-02-06,CIFR
CIFR260206C00019000,19.0,0.6,0.58,0.68,497.0,2124.0,1.125004375,False,CALL,2026-02-06,CIFR
CIFR260206C00019500,19.5,0.49,0.49,0.49,245.0,2193.0,1.109379453125,False,CALL,2026-02-06,CIFR
CIFR260206C00020000,20.0,0.41,0.36,0.41,4286.0,4603.0,1.107426337890625,False,CALL,2026-02-06,CIFR
CIFR260206C00020500,20.5,0.28,0.28,0.35,23.0,289.0,1.125004375,False,CALL,2026-02-06,CIFR
CIFR260206C00021000,21.0,0.31,0.22,0.28,429.0,1031.0,1.1328168359375002,False,CALL,2026-02-06,CIFR
CIFR260206C00021500,21.5,0.23,0.17,0.57,18.0,371.0,1.3925811621093749,False,CALL,2026-02-06,CIFR
CIFR260206C00022000,22.0,0.15,0.15,0.2,72.0,860.0,1.1796916015624999,False,CALL,2026-02-06,CIFR
CIFR260206C00022500,22.5,0.17,0.12,0.19,9.0,627.0,1.21875390625,False,CALL,2026-02-06,CIFR
CIFR260206P00012500,12.5,0.08,0.07,0.26,170.0,59.0,1.60547072265625,False,PUT,2026-02-06,CIFR
CIFR260206P00013000,13.0,0.11,0.08,0.16,14.0,5225.0,1.3398470507812497,False,PUT,2026-02-06,CIFR
CIFR260206P00013500,13.5,0.17,0.09,0.22,25.0,213.0,1.2851598242187499,False,PUT,2026-02-06,CIFR
CIFR260206P00014000,14.0,0.21,0.18,0.21,94.0,380.0,1.2265663671875,False,PUT,2026-02-06,CIFR
CIFR260206P00014500,14.5,0.25,0.22,0.46,12.0,694.0,1.3125034374999998,False,PUT,2026-02-06,CIFR
CIFR260206P00015000,15.0,0.37,0.32,0.38,350.0,1675.0,1.1640666796875,False,PUT,2026-02-06,CIFR
CIFR260206P00015500,15.5,0.44,0.42,0.47,430.0,494.0,1.119145029296875,False,PUT,2026-02-06,CIFR
CIFR260206P00016000,16.0,0.55,0.54,0.6,657.0,492.0,1.08203583984375,False,PUT,2026-02-06,CIFR
CIFR260206P00016500,16.5,0.74,0.74,0.8,252.0,754.0,1.09375453125,False,PUT,2026-02-06,CIFR
CIFR260206P00017000,17.0,0.96,0.9,1.0,2417.0,757.0,1.052739111328125,False,PUT,2026-02-06,CIFR
CIFR260206P00017500,17.5,1.08,1.13,1.22,59.0,536.0,1.0234423828125,True,PUT,2026-02-06,CIFR
CIFR260206P00018000,18.0,1.3,1.4,1.52,1072.0,370.0,1.017583037109375,True,PUT,2026-02-06,CIFR
CIFR260206P00018500,18.5,1.92,1.72,1.83,37.0,310.0,1.0078174609375,True,PUT,2026-02-06,CIFR
CIFR260206P00019000,19.0,2.26,1.98,2.1,50.0,315.0,0.91211025390625,True,PUT,2026-02-06,CIFR
CIFR260206P00019500,19.5,3.08,2.42,2.58,81.0,342.0,0.992187578125,True,PUT,2026-02-06,CIFR
CIFR260206P00020000,20.0,2.75,2.36,2.87,134.0,172.0,0.945313046875,True,PUT,2026-02-06,CIFR
CIFR260206P00020500,20.5,4.08,2.01,4.15,1.0,5.0,1.9160160449218753,True,PUT,2026-02-06,CIFR
CIFR260206P00021000,21.0,3.85,3.3,4.2,3.0,25.0,0.9414068359375,True,PUT,2026-02-06,CIFR
CIFR260206P00021500,21.5,3.65,3.4,4.7,,5.0,1.6582048339843751,True,PUT,2026-02-06,CIFR
CIFR260206P00022000,22.0,4.15,3.6,5.3,30.0,51.0,1.8710943945312501,True,PUT,2026-02-06,CIFR
CIFR260213C00013000,13.0,5.25,3.9,6.7,5.0,7.0,2.0175830810546875,True,CALL,2026-02-13,CIFR
CIFR260213C00013500,13.5,3.5,3.5,5.8,32.0,61.0,1.7070327148437499,True,CALL,2026-02-13,CIFR
CIFR260213C00014000,14.0,5.0,3.1,5.45,100.0,80.0,1.67578287109375,True,CALL,2026-02-13,CIFR
CIFR260213C00014500,14.5,3.1,2.78,5.0,4.0,2.0,1.623048759765625,True,CALL,2026-02-13,CIFR
CIFR260213C00015000,15.0,4.01,1.9,4.05,2.0,36.0,1.1054732226562503,True,CALL,2026-02-13,CIFR
CIFR260213C00015500,15.5,3.19,2.42,2.87,2.0,3.0,1.111332568359375,True,CALL,2026-02-13,CIFR
CIFR260213C00016000,16.0,2.65,2.36,2.49,4.0,84.0,1.1796916015624999,True,CALL,2026-02-13,CIFR
CIFR260213C00016500,16.5,1.87,1.98,2.2,3.0,138.0,1.1396527392578126,True,CALL,2026-02-13,CIFR
CIFR260213C00017000,17.0,1.82,1.78,1.89,93.0,259.0,1.1416058544921874,True,CALL,2026-02-13,CIFR
CIFR260213C00017500,17.5,1.7,1.52,1.71,97.0,386.0,1.150394873046875,False,CALL,2026-02-13,CIFR
CIFR260213C00018000,18.0,1.41,1.32,1.44,181.0,412.0,1.1328168359375002,False,CALL,2026-02-13,CIFR
CIFR260213C00018500,18.5,1.32,1.11,1.23,39.0,973.0,1.1162153564453123,False,CALL,2026-02-13,CIFR
CIFR260213C00019000,19.0,1.16,1.01,1.09,536.0,537.0,1.1484417578125,False,CALL,2026-02-13,CIFR
CIFR260213C00019500,19.5,0.94,0.8,0.93,18.0,2024.0,1.1201215869140624,False,CALL,2026-02-13,CIFR
CIFR260213C00020000,20.0,0.89,0.71,0.81,89.0,1748.0,1.1367230664062502,False,CALL,2026-02-13,CIFR
CIFR260213C00020500,20.5,0.68,0.55,0.69,2.0,106.0,1.1142622412109375,False,CALL,2026-02-13,CIFR
CIFR260213C00021000,21.0,0.55,0.52,0.59,46.0,650.0,1.140629296875,False,CALL,2026-02-13,CIFR
CIFR260213C00022000,22.0,0.37,0.36,0.46,14.0,299.0,1.15234798828125,False,CALL,2026-02-13,CIFR
CIFR260213P00012500,12.5,0.17,0.13,0.44,8.0,16.0,1.408206083984375,False,PUT,2026-02-13,CIFR
CIFR260213P00013000,13.0,0.26,0.18,0.32,572.0,206.0,1.23047259765625,False,PUT,2026-02-13,CIFR
CIFR260213P00013500,13.5,0.18,0.25,0.5,1.0,5240.0,1.2753942480468747,False,PUT,2026-02-13,CIFR
CIFR260213P00014000,14.0,0.38,0.33,0.45,27.0,359.0,1.1660197949218751,False,PUT,2026-02-13,CIFR
CIFR260213P00014500,14.5,0.45,0.43,0.52,34.0,423.0,1.12891060546875,False,PUT,2026-02-13,CIFR
CIFR260213P00015000,15.0,0.55,0.57,0.64,43.0,448.0,1.119145029296875,False,PUT,2026-02-13,CIFR
CIFR260213P00015500,15.5,0.78,0.72,0.79,215.0,282.0,1.1064497802734377,False,PUT,2026-02-13,CIFR
CIFR260213P00016000,16.0,0.92,0.87,0.96,37.0,330.0,1.083988955078125,False,PUT,2026-02-13,CIFR
CIFR260213P00016500,16.5,1.06,1.1,1.3,9.0,135.0,1.1367230664062502,False,PUT,2026-02-13,CIFR
CIFR260213P00017000,17.0,1.26,1.3,1.38,28.0,388.0,1.0644578027343752,False,PUT,2026-02-13,CIFR
CIFR260213P00017500,17.5,1.48,1.57,1.66,19.0,292.0,1.0703171484375003,True,PUT,2026-02-13,CIFR
CIFR260213P00018000,18.0,2.21,1.85,1.94,3.0,603.0,1.0634812451171878,True,PUT,2026-02-13,CIFR
CIFR260213P00018500,18.5,2.3,2.17,2.26,38.0,381.0,1.0673874755859378,True,PUT,2026-02-13,CIFR
CIFR260213P00019000,19.0,1.89,2.5,2.58,13.0,154.0,1.05859845703125,True,PUT,2026-02-13,CIFR
CIFR260213P00019500,19.5,3.54,2.8,3.05,1.0,51.0,1.0791061669921875,True,PUT,2026-02-13,CIFR
CIFR260213P00020000,20.0,4.52,3.05,3.3,90.0,118.0,0.9785158398437501,True,PUT,2026-02-13,CIFR
CIFR260213P00020500,20.5,2.7,3.25,3.75,4.0,2.0,0.911133701171875,True,PUT,2026-02-13,CIFR
CIFR260213P00021000,21.0,3.38,3.3,4.25,50.0,67.0,0.7421900781249999,True,PUT,2026-02-13,CIFR
CIFR260213P00022000,22.0,5.1,3.45,6.65,,30.0,1.1777384863281248,True,PUT,2026-02-13,CIFR
CIFR260220C00013000,13.0,4.77,4.05,5.35,6.0,427.0,1.1054732226562503,True,CALL,2026-02-20,CIFR
CIFR260220C00014000,14.0,5.33,3.75,4.55,3.0,719.0,1.2978550732421872,True,CALL,2026-02-20,CIFR
CIFR260220C00014500,14.5,3.1,2.68,4.85,2.0,12.0,1.26172244140625,True,CALL,2026-02-20,CIFR
CIFR260220C00015000,15.0,3.01,2.8,3.7,12.0,13656.0,1.1240278173828124,True,CALL,2026-02-20,CIFR
CIFR260220C00015500,15.5,2.5,2.38,3.05,10.0,29.0,0.97460962890625,True,CALL,2026-02-20,CIFR
CIFR260220C00016000,16.0,2.89,2.57,2.72,23.0,3410.0,1.1240278173828124,True,CALL,2026-02-20,CIFR
CIFR260220C00016500,16.5,2.6,2.26,2.45,11.0,141.0,1.111332568359375,True,CALL,2026-02-20,CIFR
CIFR260220C00017000,17.0,2.1,2.04,2.15,889.0,2964.0,1.1054732226562503,True,CALL,2026-02-20,CIFR
CIFR260220C00017500,17.5,1.83,1.84,1.97,96.0,497.0,1.126957490234375,False,CALL,2026-02-20,CIFR
CIFR260220C00018000,18.0,1.62,1.54,1.7,1410.0,16284.0,1.08203583984375,False,CALL,2026-02-20,CIFR
CIFR260220C00018500,18.5,1.39,1.36,1.5,91.0,168.0,1.0810592822265626,False,CALL,2026-02-20,CIFR
CIFR260220C00019000,19.0,1.27,1.21,1.27,960.0,10074.0,1.0693405908203126,False,CALL,2026-02-20,CIFR
CIFR260220C00019500,19.5,1.12,0.85,1.18,54.0,367.0,1.0253954980468751,False,CALL,2026-02-20,CIFR
CIFR260220C00020000,20.0,1.0,0.91,0.96,31188.0,28393.0,1.05859845703125,False,CALL,2026-02-20,CIFR
CIFR260220C00020500,20.5,0.81,0.79,0.9,24.0,122.0,1.0781296093750001,False,CALL,2026-02-20,CIFR
CIFR260220C00021000,21.0,0.73,0.71,0.79,112.0,29951.0,1.0859420703125,False,CALL,2026-02-20,CIFR
CIFR260220C00021500,21.5,0.93,0.44,0.72,8.0,85.0,1.0332079589843752,False,CALL,2026-02-20,CIFR
CIFR260220C00022000,22.0,0.52,0.52,0.63,239.0,2770.0,1.08984830078125,False,CALL,2026-02-20,CIFR
CIFR260220C00022500,22.5,0.83,0.32,0.87,1.0,73.0,1.1640666796875,False,CALL,2026-02-20,CIFR
CIFR260220P00013000,13.0,0.35,0.31,0.37,852.0,3307.0,1.1328168359375002,False,PUT,2026-02-20,CIFR
CIFR260220P00013500,13.5,0.46,0.39,0.51,3.0,226.0,1.138676181640625,False,PUT,2026-02-20,CIFR
CIFR260220P00014000,14.0,0.56,0.48,0.58,300.0,10392.0,1.1005904345703126,False,PUT,2026-02-20,CIFR
CIFR260220P00014500,14.5,0.6,0.61,0.7,9.0,273.0,1.087895185546875,False,PUT,2026-02-20,CIFR
CIFR260220P00015000,15.0,0.82,0.75,0.84,191.0,6513.0,1.0742233789062503,False,PUT,2026-02-20,CIFR
CIFR260220P00015500,15.5,1.15,0.9,1.01,14.0,125.0,1.0595750146484377,False,PUT,2026-02-20,CIFR
CIFR260220P00016000,16.0,1.1,1.07,1.2,251.0,1949.0,1.0449266503906252,False,PUT,2026-02-20,CIFR
CIFR260220P00016500,16.5,1.27,1.13,1.4,271.0,8844.0,0.9873048144531251,False,PUT,2026-02-20,CIFR
CIFR260220P00017000,17.0,1.55,1.5,1.6,127.0,1146.0,1.0107471337890623,False,PUT,2026-02-20,CIFR
CIFR260220P00017500,17.5,1.86,1.74,1.88,45.0,257.0,1.0058643457031249,True,PUT,2026-02-20,CIFR
CIFR260220P00018000,18.0,1.94,2.03,2.16,37.0,1944.0,1.001958115234375,True,PUT,2026-02-20,CIFR
CIFR260220P00018500,18.5,2.75,2.33,2.45,13.0,89.0,0.992187578125,True,PUT,2026-02-20,CIFR
CIFR260220P00019000,19.0,2.9,2.67,2.77,10.0,2703.0,0.99023447265625,True,PUT,2026-02-20,CIFR
CIFR260220P00019500,19.5,2.5,2.91,3.1,5.0,37.0,0.9492192578124999,True,PUT,2026-02-20,CIFR
CIFR260220P00020000,20.0,2.94,3.3,3.5,3.0,617.0,0.9648441015625,True,PUT,2026-02-20,CIFR
CIFR260220P00020500,20.5,4.47,3.65,3.9,1.0,18.0,0.9570316796874999,True,PUT,2026-02-20,CIFR
CIFR260220P00021000,21.0,5.05,3.95,4.3,7.0,153.0,0.918946123046875,True,PUT,2026-02-20,CIFR
CIFR260220P00021500,21.5,4.75,4.1,4.85,,14.0,0.8632826171875,True,PUT,2026-02-20,CIFR
CIFR260220P00022000,22.0,5.49,4.25,5.55,1.0,7094.0,0.851563984375,True,PUT,2026-02-20,CIFR
CIFR260227C00012500,12.5,5.05,3.8,7.45,,35.0,1.453127734375,True,CALL,2026-02-27,CIFR
CIFR260227C00013000,13.0,6.13,3.4,7.05,4.0,12.0,1.4169951025390626,True,CALL,2026-02-27,CIFR
CIFR260227C00013500,13.5,5.73,3.0,6.7,4.0,62.0,1.3916046044921875,True,CALL,2026-02-27,CIFR
CIFR260227C00015000,15.0,3.59,3.45,3.9,6.0,35.0,1.2441444042968748,True,CALL,2026-02-27,CIFR
CIFR260227C00015500,15.5,3.4,3.15,3.75,1.0,4.0,1.2793004785156248,True,CALL,2026-02-27,CIFR
CIFR260227C00016000,16.0,3.0,2.79,3.3,4.0,1934.0,1.2041055419921873,True,CALL,2026-02-27,CIFR
CIFR260227C00016500,16.5,3.8,2.71,2.87,1.0,17.0,1.2041055419921873,True,CALL,2026-02-27,CIFR
CIFR260227C00017000,17.0,2.61,2.51,2.62,29.0,175.0,1.2099648876953122,True,CALL,2026-02-27,CIFR
CIFR260227C00017500,17.5,2.28,2.25,2.39,18.0,219.0,1.197269638671875,False,CALL,2026-02-27,CIFR
CIFR260227C00018000,18.0,2.34,2.06,2.18,70.0,637.0,1.19922275390625,False,CALL,2026-02-27,CIFR
CIFR260227C00018500,18.5,1.92,1.87,1.99,27.0,365.0,1.19922275390625,False,CALL,2026-02-27,CIFR
CIFR260227C00019000,19.0,1.77,1.7,1.88,25.0,391.0,1.2158242333984375,False,CALL,2026-02-27,CIFR
CIFR260227C00019500,19.5,2.22,1.51,1.7,1.0,46.0,1.203128984375,False,CALL,2026-02-27,CIFR
CIFR260227C00020000,20.0,1.61,1.33,1.69,222.0,867.0,1.23047259765625,False,CALL,2026-02-27,CIFR
CIFR260227C00020500,20.5,1.35,1.23,1.35,5.0,100.0,1.185550947265625,False,CALL,2026-02-27,CIFR
CIFR260227C00021000,21.0,1.51,1.03,1.56,2.0,2199.0,1.25390998046875,False,CALL,2026-02-27,CIFR
CIFR260227C00021500,21.5,1.05,0.99,1.14,2.0,119.0,1.1904337353515624,False,CALL,2026-02-27,CIFR
CIFR260227C00022000,22.0,1.1,0.92,1.01,7.0,226.0,1.1923868505859376,False,CALL,2026-02-27,CIFR
CIFR260227P00012500,12.5,0.62,0.28,2.46,6.0,16.0,1.9394534277343751,False,PUT,2026-02-27,CIFR
CIFR260227P00013000,13.0,0.61,0.46,0.77,2.0,211.0,1.2382850585937497,False,PUT,2026-02-27,CIFR
CIFR260227P00013500,13.5,0.7,0.46,0.93,39.0,243.0,1.193363408203125,False,PUT,2026-02-27,CIFR
CIFR260227P00014000,14.0,0.85,0.8,0.9,73.0,243.0,1.1962930810546877,False,PUT,2026-02-27,CIFR
CIFR260227P00014500,14.5,0.97,0.96,1.05,61.0,42.0,1.185550947265625,False,PUT,2026-02-27,CIFR
CIFR260227P00015000,15.0,1.15,1.12,1.25,124.0,218.0,1.1806681591796875,False,PUT,2026-02-27,CIFR
CIFR260227P00015500,15.5,1.34,1.33,1.42,21.0,12.0,1.1709025830078126,False,PUT,2026-02-27,CIFR
CIFR260227P00016000,16.0,1.5,1.54,1.62,50.0,121.0,1.16016044921875,False,PUT,2026-02-27,CIFR
CIFR260227P00016500,16.5,1.8,1.78,1.84,22.0,173.0,1.1533245458984376,False,PUT,2026-02-27,CIFR
CIFR260227P00017000,17.0,2.13,2.01,2.12,18.0,89.0,1.150394873046875,False,PUT,2026-02-27,CIFR
CIFR260227P00017500,17.5,2.5,2.28,2.4,18.0,116.0,1.1494183154296875,True,PUT,2026-02-27,CIFR
CIFR260227P00018000,18.0,2.54,2.57,2.7,20.0,215.0,1.1494183154296875,True,PUT,2026-02-27,CIFR
CIFR260227P00018500,18.5,2.93,2.88,3.2,,40.0,1.1962930810546877,True,PUT,2026-02-27,CIFR
CIFR260227P00019000,19.0,3.01,3.15,3.35,2.0,77.0,1.1376996240234376,True,PUT,2026-02-27,CIFR
CIFR260227P00020000,20.0,4.4,3.9,4.0,1.0,18.0,1.1396527392578126,True,PUT,2026-02-27,CIFR
CIFR260227P00020500,20.5,4.21,4.05,4.5,,0.0,1.1162153564453123,True,PUT,2026-02-27,CIFR
CIFR260227P00021000,21.0,4.5,4.35,4.9,4.0,9.0,1.0996138769531252,True,PUT,2026-02-27,CIFR
CIFR260227P00022000,22.0,5.35,5.25,5.75,3.0,7.0,1.1455120849609375,True,PUT,2026-02-27,CIFR
CIFR260306C00017000,17.0,2.79,2.44,3.1,1.0,100.0,1.185550947265625,True,CALL,2026-03-06,CIFR
CIFR260306C00018000,18.0,2.45,2.21,2.6,30.0,94.0,1.2099648876953122,False,CALL,2026-03-06,CIFR
CIFR260306C00018500,18.5,2.21,1.82,2.47,4.0,23.0,1.1767619287109374,False,CALL,2026-03-06,CIFR
CIFR260306C00019000,19.0,2.15,1.85,2.4,30.0,130.0,1.2470740771484374,False,CALL,2026-03-06,CIFR
CIFR260306C00020000,20.0,1.64,1.43,2.06,15.0,147.0,1.2158242333984375,False,CALL,2026-03-06,CIFR
CIFR260306C00020500,20.5,1.5,1.27,1.88,5.0,6.0,1.2021524267578125,False,CALL,2026-03-06,CIFR
CIFR260306C00021000,21.0,1.94,0.98,1.79,57.0,51.0,1.1728556982421874,False,CALL,2026-03-06,CIFR
CIFR260306C00021500,21.5,2.0,0.97,1.84,6.0,8.0,1.2382850585937497,False,CALL,2026-03-06,CIFR
CIFR260306C00022000,22.0,1.36,1.03,1.28,98.0,229.0,1.169926025390625,False,CALL,2026-03-06,CIFR
CIFR260306P00012500,12.5,0.65,0.37,1.89,50.0,90.0,1.5859395703124997,False,PUT,2026-03-06,CIFR
CIFR260306P00013000,13.0,0.69,0.6,1.0,7.0,557.0,1.2480506347656248,False,PUT,2026-03-06,CIFR
CIFR260306P00014500,14.5,1.2,0.75,1.46,10.0,12.0,1.125004375,False,PUT,2026-03-06,CIFR
CIFR260306P00015000,15.0,1.4,1.01,1.64,1.0,15.0,1.138676181640625,False,PUT,2026-03-06,CIFR
CIFR260306P00015500,15.5,1.45,1.37,1.7,19.0,5.0,1.1367230664062502,False,PUT,2026-03-06,CIFR
CIFR260306P00016000,16.0,1.45,1.63,1.83,4.0,45.0,1.119145029296875,False,PUT,2026-03-06,CIFR
CIFR260306P00016500,16.5,1.7,1.76,2.17,4.0,62.0,1.1123091259765625,False,PUT,2026-03-06,CIFR
CIFR260306P00017000,17.0,2.42,1.88,2.42,12.0,507.0,1.0756882153320313,False,PUT,2026-03-06,CIFR
CIFR260306P00017500,17.5,2.34,2.03,2.87,3.0,20.0,1.0849655126953124,True,PUT,2026-03-06,CIFR
CIFR260306P00018000,18.0,2.45,2.48,3.1,15.0,55.0,1.1054732226562503,True,PUT,2026-03-06,CIFR
CIFR260306P00019000,19.0,4.2,3.1,3.8,4.0,8.0,1.115238798828125,True,PUT,2026-03-06,CIFR
CIFR260306P00020000,20.0,3.95,3.75,4.45,1.0,5.0,1.0957076464843751,True,PUT,2026-03-06,CIFR
CIFR260306P00021000,21.0,4.71,4.55,5.25,2.0,2.0,1.125004375,True,PUT,2026-03-06,CIFR
CIFR260320C00013000,13.0,4.94,4.25,7.0,1.0,2278.0,1.3125034374999998,True,CALL,2026-03-20,CIFR
CIFR260320C00014000,14.0,4.8,4.5,5.2,3.0,4097.0,1.23047259765625,True,CALL,2026-03-20,CIFR
CIFR260320C00015000,15.0,4.5,4.15,4.55,25.0,5121.0,1.259769326171875,True,CALL,2026-03-20,CIFR
CIFR260320C00016000,16.0,3.4,3.6,3.8,17.0,2127.0,1.1982461962890625,True,CALL,2026-03-20,CIFR
CIFR260320C00017000,17.0,3.25,3.15,3.3,290.0,6804.0,1.19141029296875,True,CALL,2026-03-20,CIFR
CIFR260320C00018000,18.0,2.84,2.75,2.84,962.0,7457.0,1.1816447167968749,False,CALL,2026-03-20,CIFR
CIFR260320C00019000,19.0,2.5,2.35,2.46,131.0,2965.0,1.169926025390625,False,CALL,2026-03-20,CIFR
CIFR260320C00020000,20.0,2.08,2.07,2.1,2277.0,29845.0,1.1679729101562502,False,CALL,2026-03-20,CIFR
CIFR260320C00021000,21.0,1.97,1.78,1.87,44.0,10138.0,1.1743205346679688,False,CALL,2026-03-20,CIFR
CIFR260320C00022000,22.0,1.63,1.55,1.66,114.0,4828.0,1.1826212744140623,False,CALL,2026-03-20,CIFR
CIFR260320P00013000,13.0,0.92,0.9,1.02,19.0,1763.0,1.15625421875,False,PUT,2026-03-20,CIFR
CIFR260320P00014000,14.0,1.28,1.27,1.35,77.0,2236.0,1.1533245458984376,False,PUT,2026-03-20,CIFR
CIFR260320P00015000,15.0,1.65,1.66,1.73,1599.0,3379.0,1.138676181640625,False,PUT,2026-03-20,CIFR
CIFR260320P00016000,16.0,2.1,2.12,2.21,527.0,1568.0,1.1352582299804688,False,PUT,2026-03-20,CIFR
CIFR260320P00017000,17.0,2.64,2.63,2.68,567.0,1555.0,1.1171919140625,False,PUT,2026-03-20,CIFR
CIFR260320P00018000,18.0,3.07,3.2,3.25,14.0,2070.0,1.1098677319335937,True,PUT,2026-03-20,CIFR
CIFR260320P00019000,19.0,4.1,3.85,3.95,41.0,509.0,1.1240278173828124,True,PUT,2026-03-20,CIFR
CIFR260320P00020000,20.0,4.85,4.5,4.6,20.0,1176.0,1.1098677319335937,True,PUT,2026-03-20,CIFR
CIFR260320P00021000,21.0,5.65,5.2,5.3,1.0,578.0,1.0991255981445316,True,PUT,2026-03-20,CIFR
CIFR260320P00022000,22.0,6.19,5.9,6.1,1.0,458.0,1.0927779736328125,True,PUT,2026-03-20,CIFR
CIFR260417C00013000,13.0,6.42,5.5,6.4,2.0,4.0,1.1953165234375,True,CALL,2026-04-17,CIFR
CIFR260417C00014000,14.0,5.52,5.0,5.75,7.0,221.0,1.193363408203125,True,CALL,2026-04-17,CIFR
CIFR260417C00016000,16.0,4.05,4.1,4.45,3.0,92.0,1.1567424975585938,True,CALL,2026-04-17,CIFR
CIFR260417C00017000,17.0,3.9,3.75,4.0,57.0,55.0,1.1669963525390625,True,CALL,2026-04-17,CIFR
CIFR260417C00018000,18.0,3.5,3.35,3.55,72.0,399.0,1.1557659399414062,False,CALL,2026-04-17,CIFR
CIFR260417C00019000,19.0,2.75,2.99,3.2,52.0,200.0,1.154301103515625,False,CALL,2026-04-17,CIFR
CIFR260417C00020000,20.0,2.8,2.65,2.77,253.0,1009.0,1.1328168359375002,False,CALL,2026-04-17,CIFR
CIFR260417C00021000,21.0,2.5,2.24,2.53,5.0,34.0,1.119145029296875,False,CALL,2026-04-17,CIFR
CIFR260417C00022000,22.0,2.17,2.15,2.28,27.0,96.0,1.1450238061523437,False,CALL,2026-04-17,CIFR
CIFR260417P00013000,13.0,1.42,1.33,1.4,1.0,5.0,1.109379453125,False,PUT,2026-04-17,CIFR
CIFR260417P00014000,14.0,1.7,1.72,1.82,71.0,15.0,1.1084028955078127,False,PUT,2026-04-17,CIFR
CIFR260417P00015000,15.0,2.27,2.16,2.24,2.0,117.0,1.0966842041015625,False,PUT,2026-04-17,CIFR
CIFR260417P00016000,16.0,2.64,2.66,2.73,49.0,203.0,1.0908248583984377,False,PUT,2026-04-17,CIFR
CIFR260417P00017000,17.0,3.2,3.15,3.3,22.0,122.0,1.0810592822265626,False,PUT,2026-04-17,CIFR
CIFR260417P00018000,18.0,4.05,3.75,3.85,38.0,106.0,1.0722702636718753,True,PUT,2026-04-17,CIFR
CIFR260417P00019000,19.0,4.45,4.35,4.5,25.0,116.0,1.0654343603515626,True,PUT,2026-04-17,CIFR
CIFR260417P00020000,20.0,4.95,5.1,5.2,29.0,43.0,1.0786178881835937,True,PUT,2026-04-17,CIFR
CIFR260417P00021000,21.0,5.7,5.75,5.9,18.0,5.0,1.0649460815429688,True,PUT,2026-04-17,CIFR
CIFR260417P00022000,22.0,6.85,6.5,6.65,1.0,31.0,1.0644578027343752,True,PUT,2026-04-17,CIFR
CIFR260515C00015000,15.0,5.5,5.25,5.55,57.0,72.0,1.1943399658203124,True,CALL,2026-05-15,CIFR
CIFR260515C00016000,16.0,5.65,4.6,5.35,37.0,65.0,1.19922275390625,True,CALL,2026-05-15,CIFR
CIFR260515C00017000,17.0,4.5,4.35,4.6,28.0,78.0,1.171879140625,True,CALL,2026-05-15,CIFR
CIFR260515C00018000,18.0,4.15,3.95,4.15,43.0,247.0,1.1572307763671876,False,CALL,2026-05-15,CIFR
CIFR260515C00019000,19.0,3.65,3.65,3.85,19.0,34.0,1.1679729101562502,False,CALL,2026-05-15,CIFR
CIFR260515C00020000,20.0,3.6,3.3,3.5,5.0,522.0,1.1572307763671876,False,CALL,2026-05-15,CIFR
CIFR260515C00021000,21.0,4.0,2.98,3.25,20.0,71.0,1.15625421875,False,CALL,2026-05-15,CIFR
CIFR260515C00022000,22.0,2.77,2.78,2.94,22.0,59.0,1.1572307763671876,False,CALL,2026-05-15,CIFR
CIFR260515P00013000,13.0,1.6,1.79,1.96,1.0,4.0,1.1401410180664064,False,PUT,2026-05-15,CIFR
CIFR260515P00014000,14.0,2.29,2.25,2.37,1.0,5.0,1.1318402783203125,False,PUT,2026-05-15,CIFR
CIFR260515P00015000,15.0,2.87,2.67,2.88,1.0,5.0,1.1201215869140624,False,PUT,2026-05-15,CIFR
CIFR260515P00016000,16.0,3.3,3.2,3.3,89.0,160.0,1.0996138769531252,False,PUT,2026-05-15,CIFR
CIFR260515P00017000,17.0,4.01,3.7,4.05,10.0,90.0,1.111332568359375,False,PUT,2026-05-15,CIFR
CIFR260515P00018000,18.0,4.5,4.3,4.6,82.0,85.0,1.098149040527344,True,PUT,2026-05-15,CIFR
CIFR260515P00019000,19.0,5.37,4.95,5.2,2.0,19.0,1.08984830078125,True,PUT,2026-05-15,CIFR
CIFR260515P00020000,20.0,6.0,5.55,6.05,1.0,4.0,1.0996138769531252,True,PUT,2026-05-15,CIFR
CIFR260618C00013000,13.0,6.66,6.1,8.15,3.0,199.0,1.2622107202148438,True,CALL,2026-06-18,CIFR
CIFR260618C00014000,14.0,7.2,5.65,7.55,1.0,481.0,1.2470740771484374,True,CALL,2026-06-18,CIFR
CIFR260618C00015000,15.0,6.5,5.7,6.0,9.0,2146.0,1.162113564453125,True,CALL,2026-06-18,CIFR
CIFR260618C00016000,16.0,5.47,4.75,5.8,5.0,963.0,1.1220747021484376,True,CALL,2026-06-18,CIFR
CIFR260618C00017000,17.0,4.95,4.8,5.35,8.0,1194.0,1.169926025390625,True,CALL,2026-06-18,CIFR
CIFR260618C00018000,18.0,4.86,4.55,4.75,94.0,2291.0,1.1528362670898438,False,CALL,2026-06-18,CIFR
CIFR260618C00019000,19.0,4.2,4.2,4.4,4.0,1449.0,1.147953479003906,False,CALL,2026-06-18,CIFR
CIFR260618C00020000,20.0,3.95,3.75,4.1,249.0,4162.0,1.1308637207031251,False,CALL,2026-06-18,CIFR
CIFR260618C00021000,21.0,3.75,3.6,3.9,16.0,2428.0,1.1547893823242186,False,CALL,2026-06-18,CIFR
CIFR260618C00022000,22.0,3.6,3.25,3.7,28.0,2088.0,1.150394873046875,False,CALL,2026-06-18,CIFR
CIFR260618P00013000,13.0,2.26,1.92,2.31,5.0,2498.0,1.0683640332031252,False,PUT,2026-06-18,CIFR
CIFR260618P00014000,14.0,2.58,2.44,2.82,1.0,451.0,1.0781296093750001,False,PUT,2026-06-18,CIFR
CIFR260618P00015000,15.0,3.2,3.05,3.25,11.0,3619.0,1.076664772949219,False,PUT,2026-06-18,CIFR
CIFR260618P00016000,16.0,3.65,3.6,3.8,2.0,477.0,1.0732468212890627,False,PUT,2026-06-18,CIFR
CIFR260618P00017000,17.0,4.3,4.15,4.35,1.0,1035.0,1.0605515722656251,False,PUT,2026-06-18,CIFR
CIFR260618P00018000,18.0,4.85,4.75,5.1,37.0,737.0,1.070805427246094,True,PUT,2026-06-18,CIFR
CIFR260618P00019000,19.0,5.85,5.25,5.9,45.0,1237.0,1.0673874755859378,True,PUT,2026-06-18,CIFR
CIFR260618P00020000,20.0,6.6,6.05,6.4,22.0,1575.0,1.0571336206054687,True,PUT,2026-06-18,CIFR
CIFR260618P00021000,21.0,7.25,6.7,7.35,4.0,160.0,1.076176494140625,True,PUT,2026-06-18,CIFR
CIFR260618P00022000,22.0,6.85,7.45,7.85,180.0,211.0,1.0488328808593752,True,PUT,2026-06-18,CIFR
CIFR260918C00013000,13.0,7.45,7.1,9.5,1.0,0.0,1.2680700659179687,True,CALL,2026-09-18,CIFR
CIFR260918C00015000,15.0,7.83,6.55,7.45,5.0,4.0,1.1513714306640623,True,CALL,2026-09-18,CIFR
CIFR260918C00016000,16.0,7.5,6.4,7.05,4.0,20.0,1.1709025830078126,True,CALL,2026-09-18,CIFR
CIFR260918C00017000,17.0,7.25,5.55,7.2,5.0,26.0,1.1689494677734376,True,CALL,2026-09-18,CIFR
CIFR260918C00018000,18.0,6.1,5.7,6.2,54.0,92.0,1.147953479003906,False,CALL,2026-09-18,CIFR
CIFR260918C00019000,19.0,5.5,5.3,6.0,1.0,12.0,1.1477093395996092,False,CALL,2026-09-18,CIFR
CIFR260918C00020000,20.0,5.25,4.65,5.8,26.0,12.0,1.1201215869140624,False,CALL,2026-09-18,CIFR
CIFR260918C00021000,21.0,4.8,4.85,5.1,19.0,64.0,1.1228071203613283,False,CALL,2026-09-18,CIFR
CIFR260918C00022000,22.0,4.83,4.2,5.3,4.0,17.0,1.126957490234375,False,CALL,2026-09-18,CIFR
CIFR260918P00014000,14.0,3.28,2.7,3.95,,1.0,0.9951172363281251,False,PUT,2026-09-18,CIFR
CIFR260918P00015000,15.0,4.14,3.9,4.45,2.0,23.0,1.0556687841796877,False,PUT,2026-09-18,CIFR
CIFR260918P00016000,16.0,4.95,3.65,5.45,2.0,37.0,1.0068409033203123,False,PUT,2026-09-18,CIFR
CIFR260918P00017000,17.0,5.4,5.2,5.5,1.0,40.0,1.0405321411132817,False,PUT,2026-09-18,CIFR
CIFR260918P00018000,18.0,5.5,5.8,6.1,1.0,10.0,1.027836892089844,True,PUT,2026-09-18,CIFR
CIFR260918P00019000,19.0,6.16,6.2,7.0,,2.0,1.0210009887695315,True,PUT,2026-09-18,CIFR
CIFR260918P00020000,20.0,6.86,7.1,7.75,,33.0,1.0429735351562504,True,PUT,2026-09-18,CIFR
CIFR261016C00013000,13.0,7.8,7.35,9.4,8.0,73.0,1.2158242333984375,True,CALL,2026-10-16,CIFR
CIFR261016C00015000,15.0,8.19,6.55,7.85,12.0,109.0,1.129154744873047,True,CALL,2026-10-16,CIFR
CIFR261016C00018000,18.0,6.2,5.95,6.7,2.0,1368.0,1.1547893823242186,False,CALL,2026-10-16,CIFR
CIFR261016C00020000,20.0,5.35,5.35,5.9,4.0,518.0,1.1298871630859377,False,CALL,2026-10-16,CIFR
CIFR261016C00022000,22.0,5.6,4.8,6.0,6.0,648.0,1.1782267651367184,False,CALL,2026-10-16,CIFR
CIFR261016P00013000,13.0,3.09,2.99,3.55,1.0,512.0,1.049321159667969,False,PUT,2026-10-16,CIFR
CIFR261016P00015000,15.0,4.39,4.1,4.55,5.0,240.0,1.0283251708984378,False,PUT,2026-10-16,CIFR
CIFR261016P00018000,18.0,6.25,6.1,6.35,1.0,784.0,1.0217334069824218,True,PUT,2026-10-16,CIFR
CIFR261016P00020000,20.0,7.65,7.25,8.0,1.0,192.0,1.0205127099609377,True,PUT,2026-10-16,CIFR
CIFR261016P00022000,22.0,9.39,8.25,9.55,101.0,15350.0,0.9846192944335939,True,PUT,2026-10-16,CIFR
CIFR261120C00013000,13.0,8.9,7.7,9.75,30.0,43.0,1.2192421850585937,True,CALL,2026-11-20,CIFR
CIFR261120C00015000,15.0,8.9,7.45,8.7,2.0,602.0,1.2343788281249999,True,CALL,2026-11-20,CIFR
CIFR261120C00018000,18.0,7.05,6.4,7.15,1.0,236.0,1.1650432373046877,False,CALL,2026-11-20,CIFR
CIFR261120C00020000,20.0,7.1,5.8,6.65,2.0,424.0,1.1635784008789063,False,CALL,2026-11-20,CIFR
CIFR261120C00022000,22.0,5.45,5.3,6.8,3.0,31508.0,1.2153359545898437,False,CALL,2026-11-20,CIFR
CIFR261120P00013000,13.0,3.6,3.35,3.9,4.0,91.0,1.0620164086914063,False,PUT,2026-11-20,CIFR
CIFR261120P00015000,15.0,4.6,4.45,5.2,139.0,2505.0,1.0625046875000002,False,PUT,2026-11-20,CIFR
CIFR261120P00018000,18.0,6.9,6.4,6.7,6.0,846.0,1.0161182006835938,True,PUT,2026-11-20,CIFR
CIFR261120P00020000,20.0,7.45,7.55,8.15,25.0,502.0,0.9958496508789063,True,PUT,2026-11-20,CIFR
CIFR261120P00022000,22.0,10.9,9.2,10.35,1.0,8.0,1.067143336181641,True,PUT,2026-11-20,CIFR
CIFR261218C00013000,13.0,9.15,7.9,9.95,7.0,646.0,1.2080117724609374,True,CALL,2026-12-18,CIFR
CIFR261218C00015000,15.0,7.6,7.7,8.6,11.0,562.0,1.1943399658203124,True,CALL,2026-12-18,CIFR
CIFR261218C00018000,18.0,6.75,6.6,7.65,11.0,243.0,1.1743205346679688,False,CALL,2026-12-18,CIFR
CIFR261218C00020000,20.0,6.19,6.1,7.2,25.0,817.0,1.183109553222656,False,CALL,2026-12-18,CIFR
CIFR261218C00022000,22.0,5.15,5.55,6.5,1.0,1525.0,1.1574749157714845,False,CALL,2026-12-18,CIFR
CIFR261218P00013000,13.0,3.5,3.5,4.45,50.0,111.0,1.0883834643554686,False,PUT,2026-12-18,CIFR
CIFR261218P00015000,15.0,4.53,4.65,5.1,7.0,2410.0,1.0249072192382815,False,PUT,2026-12-18,CIFR
CIFR261218P00018000,18.0,6.38,6.55,7.65,7.0,848.0,1.0639695239257816,True,PUT,2026-12-18,CIFR
CIFR261218P00020000,20.0,7.73,7.85,8.4,1.0,540.0,0.9960937890625,True,PUT,2026-12-18,CIFR
CIFR261218P00022000,22.0,10.05,9.4,10.55,15.0,23.0,1.0515184143066407,True,PUT,2026-12-18,CIFR
CIFR270115C00015000,15.0,7.8,7.75,8.45,89.0,12019.0,1.1367230664062502,True,CALL,2027-01-15,CIFR
CIFR270115C00017000,17.0,7.3,7.2,7.5,115.0,8893.0,1.1157270776367185,True,CALL,2027-01-15,CIFR
CIFR270115C00020000,20.0,6.5,6.35,6.65,299.0,15515.0,1.1108442895507813,False,CALL,2027-01-15,CIFR
CIFR270115C00022000,22.0,5.75,5.8,6.45,2.0,2077.0,1.1259809326171877,False,CALL,2027-01-15,CIFR
CIFR270115P00015000,15.0,4.8,4.8,5.2,12.0,3581.0,1.0058643457031249,False,PUT,2027-01-15,CIFR
CIFR270115P00017000,17.0,6.29,5.95,6.65,24.0,877.0,1.0029346728515625,False,PUT,2027-01-15,CIFR
CIFR270115P00020000,20.0,8.0,8.15,8.5,5.0,300.0,0.9865723999023439,True,PUT,2027-01-15,CIFR
CIFR270115P00022000,22.0,9.35,9.55,10.4,1.0,17969.0,1.0087940185546875,True,PUT,2027-01-15,CIFR
CIFR271217C00015000,15.0,9.9,9.3,10.45,4.0,1917.0,1.0617722692871094,True,CALL,2027-12-17,CIFR
CIFR271217C00017000,17.0,8.7,8.85,9.5,4.0,15059.0,1.0344286560058595,True,CALL,2027-12-17,CIFR
CIFR271217C00020000,20.0,7.75,8.1,8.7,2.0,469.0,1.0222216857910156,False,CALL,2027-12-17,CIFR
CIFR271217C00022000,22.0,7.9,7.6,8.25,33.0,2816.0,1.0134326672363283,False,CALL,2027-12-17,CIFR
CIFR271217P00015000,15.0,6.22,5.9,6.5,11.0,181.0,0.8789074609374999,False,PUT,2027-12-17,CIFR
CIFR271217P00017000,17.0,7.57,7.05,7.95,11.0,1568.0,0.8652357226562499,False,PUT,2027-12-17,CIFR
CIFR271217P00020000,20.0,9.75,8.45,10.15,1.0,75.0,0.8161639477539062,True,PUT,2027-12-17,CIFR
CIFR271217P00022000,22.0,11.4,9.85,11.7,1.0,46.0,0.8098163549804687,True,PUT,2027-12-17,CIFR
CIFR280121C00015000,15.0,9.95,8.9,10.0,57.0,4354.0,0.9750979052734375,True,CALL,2028-01-21,CIFR
CIFR280121C00017000,17.0,9.32,8.95,9.35,4.0,890.0,1.0058643457031249,True,CALL,2028-01-21,CIFR
CIFR280121C00020000,20.0,8.4,8.2,9.3,35.0,12846.0,1.0405321411132817,False,CALL,2028-01-21,CIFR
CIFR280121C00022000,22.0,7.6,7.7,8.4,31.0,17493.0,1.003422951660156,False,CALL,2028-01-21,CIFR
CIFR280121P00015000,15.0,6.36,6.05,6.55,11.0,261.0,0.8706067626953125,False,PUT,2028-01-21,CIFR
CIFR280121P00017000,17.0,7.63,7.15,8.05,81.0,1618.0,0.8564467480468749,False,PUT,2028-01-21,CIFR
CIFR280121P00020000,20.0,9.9,8.55,10.25,1.0,359.0,0.807619111328125,True,PUT,2028-01-21,CIFR
CIFR280121P00022000,22.0,11.01,10.65,11.75,1.0,25.0,0.8364274169921874,True,PUT,2028-01-21,CIFR
CLF260130C00010000,10.0,4.35,3.6,5.55,2.0,9.0,5.265628417968749,True,CALL,2026-01-30,CLF
CLF260130C00010500,10.5,3.64,3.1,5.6,1.0,7.0,5.7890652636718745,True,CALL,2026-01-30,CLF
CLF260130C00011500,11.5,2.89,1.95,3.5,3.0,1.0,2.3125042187499996,True,CALL,2026-01-30,CLF
CLF260130C00012000,12.0,2.18,1.89,2.45,106.0,4383.0,1.65625171875,True,CALL,2026-01-30,CLF
CLF260130C00012500,12.5,1.69,1.34,2.22,16.0,101.0,1.8125009374999999,True,CALL,2026-01-30,CLF
CLF260130C00013000,13.0,1.25,1.09,1.42,62.0,1166.0,1.3359408203124996,True,CALL,2026-01-30,CLF
CLF260130C00013500,13.5,0.87,0.73,0.91,35.0,1066.0,1.125004375,True,CALL,2026-01-30,CLF
CLF260130C00014000,14.0,0.42,0.35,0.39,898.0,2433.0,0.7656273437500001,True,CALL,2026-01-30,CLF
CLF260130C00014500,14.5,0.14,0.1,0.16,353.0,4188.0,0.6796907031250001,False,CALL,2026-01-30,CLF
CLF260130C00015000,15.0,0.03,0.02,0.04,525.0,8774.0,0.632816171875,False,CALL,2026-01-30,CLF
CLF260130C00015500,15.5,0.01,0.0,0.02,467.0,1927.0,0.6875031250000001,False,CALL,2026-01-30,CLF
CLF260130C00016000,16.0,0.01,0.0,0.01,39.0,2891.0,0.8125018749999999,False,CALL,2026-01-30,CLF
CLF260130C00016500,16.5,0.01,0.0,0.01,119.0,294.0,0.937500625,False,CALL,2026-01-30,CLF
CLF260130C00017000,17.0,0.02,0.0,0.01,2.0,339.0,1.125004375,False,CALL,2026-01-30,CLF
CLF260130C00017500,17.5,0.05,0.0,0.01,2.0,230.0,1.2500037499999999,False,CALL,2026-01-30,CLF
CLF260130C00018000,18.0,0.01,0.0,0.01,2.0,507.0,1.3750031249999999,False,CALL,2026-01-30,CLF
CLF260130P00010000,10.0,0.01,0.0,0.01,35.0,55.0,1.9375003125,False,PUT,2026-01-30,CLF
CLF260130P00010500,10.5,0.01,0.0,0.01,1.0,317.0,1.6875015625,False,PUT,2026-01-30,CLF
CLF260130P00011000,11.0,0.01,0.0,0.01,17.0,347.0,1.4375028125,False,PUT,2026-01-30,CLF
CLF260130P00011500,11.5,0.02,0.0,0.21,14.0,349.0,2.2031294921874993,False,PUT,2026-01-30,CLF
CLF260130P00012000,12.0,0.01,0.0,0.01,1.0,3011.0,1.000005,False,PUT,2026-01-30,CLF
CLF260130P00012500,12.5,0.01,0.0,0.03,243.0,4292.0,0.937500625,False,PUT,2026-01-30,CLF
CLF260130P00013000,13.0,0.01,0.01,0.05,192.0,2735.0,0.79687703125,False,PUT,2026-01-30,CLF
CLF260130P00013500,13.5,0.05,0.04,0.07,726.0,1679.0,0.6093789062500001,False,PUT,2026-01-30,CLF
CLF260130P00014000,14.0,0.14,0.13,0.19,275.0,3446.0,0.570316796875,False,PUT,2026-01-30,CLF
CLF260130P00014500,14.5,0.36,0.38,0.58,749.0,1497.0,0.5351608984375,True,PUT,2026-01-30,CLF
CLF260130P00015000,15.0,0.81,0.53,1.12,48.0,952.0,1.3007847460937496,True,PUT,2026-01-30,CLF
CLF260130P00015500,15.5,1.49,0.97,1.5,2.0,567.0,1.21875390625,True,PUT,2026-01-30,CLF
CLF260130P00016000,16.0,1.88,1.25,2.21,15.0,345.0,2.2109419726562494,True,PUT,2026-01-30,CLF
CLF260130P00016500,16.5,2.16,1.75,3.05,2.0,2.0,0.500005,True,PUT,2026-01-30,CLF
CLF260130P00017000,17.0,1.93,2.1,3.4,4.0,2.0,3.3593766015624995,True,PUT,2026-01-30,CLF
CLF260130P00018000,18.0,3.52,3.05,4.15,2.0,2.0,3.031252421875,True,PUT,2026-01-30,CLF
CLF260206C00010000,10.0,4.57,3.55,5.0,3.0,66.0,1.78125109375,True,CALL,2026-02-06,CLF
CLF260206C00010500,10.5,4.34,3.1,4.7,3.0,15.0,1.8828130859374999,True,CALL,2026-02-06,CLF
CLF260206C00011000,11.0,3.56,2.45,4.4,3.0,20.0,1.72265763671875,True,CALL,2026-02-06,CLF
CLF260206C00011500,11.5,1.57,1.97,3.9,,11.0,1.5273461132812498,True,CALL,2026-02-06,CLF
CLF260206C00012000,12.0,2.26,1.99,2.55,65.0,86.0,1.01953615234375,True,CALL,2026-02-06,CLF
CLF260206C00012500,12.5,1.83,1.7,1.93,8.0,121.0,0.9179695703125,True,CALL,2026-02-06,CLF
CLF260206C00013000,13.0,1.41,1.25,1.6,66.0,821.0,0.88476677734375,True,CALL,2026-02-06,CLF
CLF260206C00013500,13.5,1.07,0.99,1.03,51.0,430.0,0.773439765625,True,CALL,2026-02-06,CLF
CLF260206C00014000,14.0,0.71,0.67,0.75,655.0,906.0,0.7500025,True,CALL,2026-02-06,CLF
CLF260206C00014500,14.5,0.39,0.39,0.48,517.0,642.0,0.68555001953125,False,CALL,2026-02-06,CLF
CLF260206C00015000,15.0,0.25,0.24,0.3,74.0,2295.0,0.6796907031250001,False,CALL,2026-02-06,CLF
CLF260206C00015500,15.5,0.17,0.14,0.19,19.0,10554.0,0.6835969140625001,False,CALL,2026-02-06,CLF
CLF260206C00016000,16.0,0.1,0.08,0.12,25.0,839.0,0.6953155468750001,False,CALL,2026-02-06,CLF
CLF260206C00016500,16.5,0.09,0.05,0.11,1.0,1090.0,0.7617211328125001,False,CALL,2026-02-06,CLF
CLF260206C00017000,17.0,0.03,0.01,0.08,2.0,401.0,0.7578149218750001,False,CALL,2026-02-06,CLF
CLF260206C00017500,17.5,0.1,0.0,0.21,911.0,921.0,1.0234423828125,False,CALL,2026-02-06,CLF
CLF260206C00018000,18.0,0.03,0.01,0.03,15.0,46.0,0.79687703125,False,CALL,2026-02-06,CLF
CLF260206P00010000,10.0,0.02,0.0,0.04,94.0,162.0,1.125004375,False,PUT,2026-02-06,CLF
CLF260206P00010500,10.5,0.01,0.0,0.56,4.0,19.0,1.8398445507812498,False,PUT,2026-02-06,CLF
CLF260206P00011000,11.0,0.02,0.0,0.2,7.0,328.0,1.19141029296875,False,PUT,2026-02-06,CLF
CLF260206P00011500,11.5,0.08,0.0,0.2,2.0,568.0,1.0234423828125,False,PUT,2026-02-06,CLF
CLF260206P00012000,12.0,0.06,0.04,0.08,21.0,186.0,0.7500025,False,PUT,2026-02-06,CLF
CLF260206P00012500,12.5,0.08,0.08,0.12,155.0,409.0,0.6992217578125001,False,PUT,2026-02-06,CLF
CLF260206P00013000,13.0,0.14,0.13,0.18,218.0,823.0,0.6289099609375001,False,PUT,2026-02-06,CLF
CLF260206P00013500,13.5,0.25,0.23,0.3,29.0,1085.0,0.5898478515625001,False,PUT,2026-02-06,CLF
CLF260206P00014000,14.0,0.46,0.4,0.47,106.0,782.0,0.5488326367187502,False,PUT,2026-02-06,CLF
CLF260206P00014500,14.5,0.69,0.66,0.77,54.0,67.0,0.5468795312500001,True,PUT,2026-02-06,CLF
CLF260206P00015000,15.0,1.01,1.02,1.11,748.0,164.0,0.5351608984375,True,PUT,2026-02-06,CLF
CLF260206P00015500,15.5,1.39,1.3,1.93,15.0,1290.0,0.7617211328125001,True,PUT,2026-02-06,CLF
CLF260206P00016000,16.0,2.1,1.63,2.4,3.0,13.0,0.726565234375,True,PUT,2026-02-06,CLF
CLF260206P00017000,17.0,2.72,2.2,3.4,1.0,1.0,1.5820333398437496,True,PUT,2026-02-06,CLF
CLF260206P00018000,18.0,3.72,3.05,4.4,1.0,0.0,1.8281258593749998,True,PUT,2026-02-06,CLF
CLF260213C00010000,10.0,4.39,3.65,5.05,3.0,11.0,1.4882838085937498,True,CALL,2026-02-13,CLF
CLF260213C00010500,10.5,3.71,3.2,4.55,6.0,15.0,1.37109689453125,True,CALL,2026-02-13,CLF
CLF260213C00011000,11.0,3.45,2.75,4.1,3.0,112.0,1.291019169921875,True,CALL,2026-02-13,CLF
CLF260213C00011500,11.5,3.49,2.39,3.35,1.0,145.0,1.0546922265625,True,CALL,2026-02-13,CLF
CLF260213C00012000,12.0,2.42,2.24,2.9,4.0,936.0,1.15234798828125,True,CALL,2026-02-13,CLF
CLF260213C00012500,12.5,2.32,1.63,2.21,3.0,87.0,0.81445498046875,True,CALL,2026-02-13,CLF
CLF260213C00013000,13.0,1.47,1.61,1.76,2.0,616.0,0.9238288867187501,True,CALL,2026-02-13,CLF
CLF260213C00013500,13.5,1.1,1.26,1.42,2.0,94.0,0.8789074609374999,True,CALL,2026-02-13,CLF
CLF260213C00014000,14.0,1.1,1.11,1.14,245.0,795.0,0.9160164648437501,True,CALL,2026-02-13,CLF
CLF260213C00014500,14.5,1.02,0.89,0.93,48.0,976.0,0.92187578125,False,CALL,2026-02-13,CLF
CLF260213C00015000,15.0,0.7,0.68,0.71,98.0,1838.0,0.8945323046874999,False,CALL,2026-02-13,CLF
CLF260213C00015500,15.5,0.53,0.55,0.57,22.0,515.0,0.91211025390625,False,CALL,2026-02-13,CLF
CLF260213C00016000,16.0,0.44,0.43,0.44,163.0,857.0,0.91211025390625,False,CALL,2026-02-13,CLF
CLF260213C00016500,16.5,0.29,0.34,0.35,11.0,1536.0,0.92187578125,False,CALL,2026-02-13,CLF
CLF260213C00017000,17.0,0.25,0.25,0.28,3.0,2417.0,0.9238288867187501,False,CALL,2026-02-13,CLF
CLF260213C00017500,17.5,0.23,0.12,0.23,11.0,71.0,0.8867198828124999,False,CALL,2026-02-13,CLF
CLF260213C00018000,18.0,0.21,0.13,0.24,3.0,154.0,0.9765627343750001,False,CALL,2026-02-13,CLF
CLF260213P00010000,10.0,0.03,0.03,0.2,2.0,235.0,1.1953165234375,False,PUT,2026-02-13,CLF
CLF260213P00010500,10.5,0.05,0.05,0.3,81.0,191.0,1.19141029296875,False,PUT,2026-02-13,CLF
CLF260213P00011000,11.0,0.26,0.09,0.19,35.0,256.0,0.9804689453125001,False,PUT,2026-02-13,CLF
CLF260213P00011500,11.5,0.24,0.13,0.21,16.0,86.0,0.8984385156249999,False,PUT,2026-02-13,CLF
CLF260213P00012000,12.0,0.3,0.19,0.26,45.0,508.0,0.8437515624999999,False,PUT,2026-02-13,CLF
CLF260213P00012500,12.5,0.41,0.33,0.37,1.0,2164.0,0.84961087890625,False,PUT,2026-02-13,CLF
CLF260213P00013000,13.0,0.47,0.48,0.51,43.0,3273.0,0.8359391406249999,False,PUT,2026-02-13,CLF
CLF260213P00013500,13.5,0.84,0.65,0.69,1.0,991.0,0.8164080859374999,False,PUT,2026-02-13,CLF
CLF260213P00014000,14.0,1.01,0.87,0.91,2.0,386.0,0.8007832421875,False,PUT,2026-02-13,CLF
CLF260213P00014500,14.5,1.1,1.12,1.17,11.0,1556.0,0.7812521875,True,PUT,2026-02-13,CLF
CLF260213P00015000,15.0,1.57,1.4,1.48,52.0,213.0,0.7587914746093751,True,PUT,2026-02-13,CLF
CLF260213P00015500,15.5,2.01,1.67,1.78,10.0,18.0,0.6875031250000001,True,PUT,2026-02-13,CLF
CLF260213P00016000,16.0,2.18,2.03,2.22,10.0,93.0,0.6875031250000001,True,PUT,2026-02-13,CLF
CLF260213P00017000,17.0,3.42,2.3,3.55,16.0,11.0,0.507817421875,True,PUT,2026-02-13,CLF
CLF260220C00010000,10.0,4.98,3.7,4.7,103.0,219.0,0.9609378906249999,True,CALL,2026-02-20,CLF
CLF260220C00010500,10.5,4.08,3.25,4.4,,1.0,1.0703171484375003,True,CALL,2026-02-20,CLF
CLF260220C00011000,11.0,3.45,3.25,3.7,5.0,267.0,1.1367230664062502,True,CALL,2026-02-20,CLF
CLF260220C00011500,11.5,3.3,2.41,3.35,,1.0,0.89257919921875,True,CALL,2026-02-20,CLF
CLF260220C00012000,12.0,2.5,2.37,2.7,6.0,1275.0,0.9257819921875,True,CALL,2026-02-20,CLF
CLF260220C00012500,12.5,2.27,2.04,2.22,20.0,9.0,0.8730481445312499,True,CALL,2026-02-20,CLF
CLF260220C00013000,13.0,1.85,1.74,1.87,94.0,13288.0,0.867188828125,True,CALL,2026-02-20,CLF
CLF260220C00013500,13.5,1.55,1.4,1.53,16.0,31.0,0.8261736132812498,True,CALL,2026-02-20,CLF
CLF260220C00014000,14.0,1.24,1.26,1.29,359.0,7039.0,0.8720715917968749,True,CALL,2026-02-20,CLF
CLF260220C00014500,14.5,0.98,1.0,1.08,33.0,631.0,0.860352958984375,False,CALL,2026-02-20,CLF
CLF260220C00015000,15.0,0.86,0.79,0.83,197.0,14935.0,0.8300798242187499,False,CALL,2026-02-20,CLF
CLF260220C00015500,15.5,0.68,0.52,0.68,3.0,204.0,0.79101771484375,False,CALL,2026-02-20,CLF
CLF260220C00016000,16.0,0.6,0.5,0.53,8.0,3729.0,0.8261736132812498,False,CALL,2026-02-20,CLF
CLF260220C00016500,16.5,0.38,0.28,0.43,1.0,1597.0,0.77929908203125,False,CALL,2026-02-20,CLF
CLF260220C00017000,17.0,0.31,0.21,0.36,4.0,6535.0,0.79101771484375,False,CALL,2026-02-20,CLF
CLF260220C00017500,17.5,0.29,0.16,0.28,23.0,160.0,0.7929708203125,False,CALL,2026-02-20,CLF
CLF260220C00018000,18.0,0.2,0.13,0.26,29.0,1074.0,0.8281267187499999,False,CALL,2026-02-20,CLF
CLF260220P00010000,10.0,0.06,0.06,0.1,64.0,1357.0,0.914063359375,False,PUT,2026-02-20,CLF
CLF260220P00010500,10.5,0.12,0.04,0.17,3.0,34.0,0.8632826171875,False,PUT,2026-02-20,CLF
CLF260220P00011000,11.0,0.15,0.12,0.22,2.0,2227.0,0.867188828125,False,PUT,2026-02-20,CLF
CLF260220P00011500,11.5,0.25,0.18,0.31,50.0,20.0,0.84961087890625,False,PUT,2026-02-20,CLF
CLF260220P00012000,12.0,0.26,0.28,0.32,45.0,4910.0,0.78711150390625,False,PUT,2026-02-20,CLF
CLF260220P00012500,12.5,0.49,0.36,0.45,22.0,1898.0,0.7597680273437502,False,PUT,2026-02-20,CLF
CLF260220P00013000,13.0,0.58,0.54,0.59,156.0,2994.0,0.754885263671875,False,PUT,2026-02-20,CLF
CLF260220P00013500,13.5,0.73,0.68,0.78,1.0,68.0,0.726565234375,False,PUT,2026-02-20,CLF
CLF260220P00014000,14.0,0.97,0.95,1.01,32.0,714.0,0.7324245507812499,False,PUT,2026-02-20,CLF
CLF260220P00014500,14.5,1.36,1.2,1.26,30.0,950.0,0.710940390625,True,PUT,2026-02-20,CLF
CLF260220P00015000,15.0,1.51,1.48,1.59,1.0,1894.0,0.70312796875,True,PUT,2026-02-20,CLF
CLF260220P00016000,16.0,2.48,2.07,2.24,3.0,481.0,0.6015664843750002,True,PUT,2026-02-20,CLF
CLF260220P00016500,16.5,2.82,2.5,2.69,1.0,6.0,0.6210975390625001,True,PUT,2026-02-20,CLF
CLF260220P00017000,17.0,2.6,2.75,3.65,2.0,50.0,0.80664255859375,True,PUT,2026-02-20,CLF
CLF260220P00018000,18.0,3.65,3.15,4.55,1.0,99.0,1.2753942480468747,True,PUT,2026-02-20,CLF
CLF260227C00010000,10.0,3.23,3.65,5.1,,10.0,1.119145029296875,True,CALL,2026-02-27,CLF
CLF260227C00011000,11.0,4.03,2.8,4.2,1.0,2.0,1.021489267578125,True,CALL,2026-02-27,CLF
CLF260227C00011500,11.5,3.41,2.4,3.75,9.0,9.0,0.9687503125,True,CALL,2026-02-27,CLF
CLF260227C00012000,12.0,2.95,2.13,2.9,2.0,25.0,0.7929708203125,True,CALL,2026-02-27,CLF
CLF260227C00012500,12.5,2.2,2.12,2.32,15.0,24.0,0.8320329296874999,True,CALL,2026-02-27,CLF
CLF260227C00013000,13.0,2.11,1.83,1.98,1.0,31.0,0.8281267187499999,True,CALL,2026-02-27,CLF
CLF260227C00013500,13.5,2.09,1.5,1.66,1.0,68.0,0.79883013671875,True,CALL,2026-02-27,CLF
CLF260227C00014000,14.0,1.04,1.31,1.36,12.0,247.0,0.8007832421875,True,CALL,2026-02-27,CLF
CLF260227C00014500,14.5,1.12,1.07,1.13,4.0,152.0,0.79101771484375,False,CALL,2026-02-27,CLF
CLF260227C00015000,15.0,0.83,0.89,0.94,2.0,307.0,0.7929708203125,False,CALL,2026-02-27,CLF
CLF260227C00015500,15.5,0.75,0.72,0.77,10.0,376.0,0.78711150390625,False,CALL,2026-02-27,CLF
CLF260227C00016000,16.0,0.62,0.58,0.64,39.0,91.0,0.789064609375,False,CALL,2026-02-27,CLF
CLF260227C00016500,16.5,0.47,0.45,0.53,4.0,75.0,0.7851583984375,False,CALL,2026-02-27,CLF
CLF260227C00017000,17.0,0.34,0.37,0.44,17.0,990.0,0.7929708203125,False,CALL,2026-02-27,CLF
CLF260227C00017500,17.5,0.34,0.29,0.36,1.0,28.0,0.7929708203125,False,CALL,2026-02-27,CLF
CLF260227C00018000,18.0,0.25,0.18,0.32,2.0,64.0,0.7832052929687501,False,CALL,2026-02-27,CLF
CLF260227P00010000,10.0,0.16,0.0,0.67,35.0,89.0,1.1953165234375,False,PUT,2026-02-27,CLF
CLF260227P00010500,10.5,0.15,0.0,0.24,10.0,29.0,0.7812521875,False,PUT,2026-02-27,CLF
CLF260227P00011000,11.0,0.2,0.16,0.25,1.0,109.0,0.804689453125,False,PUT,2026-02-27,CLF
CLF260227P00011500,11.5,0.31,0.2,0.35,1.0,23.0,0.7753928710937501,False,PUT,2026-02-27,CLF
CLF260227P00012000,12.0,0.4,0.35,0.39,1.0,193.0,0.7539087109375,False,PUT,2026-02-27,CLF
CLF260227P00012500,12.5,0.49,0.48,0.54,50.0,83.0,0.7480493945312501,False,PUT,2026-02-27,CLF
CLF260227P00013000,13.0,0.66,0.62,0.68,55.0,46.0,0.72070591796875,False,PUT,2026-02-27,CLF
CLF260227P00013500,13.5,0.85,0.82,0.88,4.0,12.0,0.7138700488281251,False,PUT,2026-02-27,CLF
CLF260227P00014000,14.0,1.2,1.05,1.11,3.0,85.0,0.7041045214843751,False,PUT,2026-02-27,CLF
CLF260227P00014500,14.5,1.4,1.3,1.37,25.0,54.0,0.6884796777343751,True,PUT,2026-02-27,CLF
CLF260227P00015000,15.0,1.37,1.61,1.68,27.0,46.0,0.68555001953125,True,PUT,2026-02-27,CLF
CLF260227P00016000,16.0,3.2,2.24,2.37,,45.0,0.6435582519531251,True,PUT,2026-02-27,CLF
CLF260227P00017000,17.0,3.54,2.4,3.65,,1.0,0.5312546875,True,PUT,2026-02-27,CLF
CLF260227P00017500,17.5,3.95,2.85,4.15,,1.0,0.5546919531250001,True,PUT,2026-02-27,CLF
CLF260227P00018000,18.0,3.52,3.25,4.6,10.0,11.0,1.154301103515625,True,PUT,2026-02-27,CLF
CLF260306C00012500,12.5,2.27,2.13,2.38,14.0,12.0,0.773439765625,True,CALL,2026-03-06,CLF
CLF260306C00014500,14.5,1.05,1.09,1.28,5.0,21.0,0.7597680273437502,False,CALL,2026-03-06,CLF
CLF260306C00015000,15.0,1.05,0.89,1.04,3.0,26.0,0.7421900781249999,False,CALL,2026-03-06,CLF
CLF260306C00015500,15.5,0.75,0.71,0.88,7.0,21.0,0.7382838671874999,False,CALL,2026-03-06,CLF
CLF260306C00016000,16.0,0.67,0.61,0.73,19.0,38.0,0.747072841796875,False,CALL,2026-03-06,CLF
CLF260306C00017500,17.5,0.28,0.29,0.43,1.0,24.0,0.7402369726562499,False,CALL,2026-03-06,CLF
CLF260306P00012500,12.5,0.42,0.46,0.61,1.0,4.0,0.6914093359375001,False,PUT,2026-03-06,CLF
CLF260320C00010000,10.0,4.2,4.1,4.75,4.0,2838.0,0.9082040429687499,True,CALL,2026-03-20,CLF
CLF260320C00011000,11.0,3.69,3.45,3.85,7.0,944.0,0.8955088574218748,True,CALL,2026-03-20,CLF
CLF260320C00012000,12.0,2.63,2.57,3.05,46.0,5486.0,0.7949239257812499,True,CALL,2026-03-20,CLF
CLF260320C00013000,13.0,1.91,1.93,2.26,24.0,2687.0,0.735354208984375,True,CALL,2026-03-20,CLF
CLF260320C00014000,14.0,1.69,1.62,1.66,205.0,8558.0,0.7607445800781252,True,CALL,2026-03-20,CLF
CLF260320C00015000,15.0,1.16,1.17,1.21,148.0,8189.0,0.7402369726562499,False,CALL,2026-03-20,CLF
CLF260320C00016000,16.0,0.88,0.82,0.88,61.0,3367.0,0.727541787109375,False,CALL,2026-03-20,CLF
CLF260320C00017000,17.0,0.45,0.57,0.69,57.0,2664.0,0.7382838671874999,False,CALL,2026-03-20,CLF
CLF260320C00018000,18.0,0.43,0.42,0.47,59.0,4234.0,0.73437765625,False,CALL,2026-03-20,CLF
CLF260320P00010000,10.0,0.18,0.15,0.39,31.0,2599.0,0.8535170898437501,False,PUT,2026-03-20,CLF
CLF260320P00011000,11.0,0.31,0.29,0.53,123.0,2890.0,0.79101771484375,False,PUT,2026-03-20,CLF
CLF260320P00012000,12.0,0.61,0.53,0.57,226.0,3545.0,0.6962920996093751,False,PUT,2026-03-20,CLF
CLF260320P00013000,13.0,0.86,0.85,0.9,561.0,3618.0,0.6728548339843752,False,PUT,2026-03-20,CLF
CLF260320P00014000,14.0,1.29,1.28,1.33,106.0,1327.0,0.648441015625,False,PUT,2026-03-20,CLF
CLF260320P00015000,15.0,1.9,1.84,1.91,29.0,927.0,0.6367223828125,True,PUT,2026-03-20,CLF
CLF260320P00016000,16.0,2.5,2.52,2.6,1.0,531.0,0.63086306640625,True,PUT,2026-03-20,CLF
CLF260320P00017000,17.0,2.8,3.1,3.35,30.0,209.0,0.5585981640625001,True,PUT,2026-03-20,CLF
CLF260320P00018000,18.0,3.54,3.85,4.2,5.0,159.0,0.637698935546875,True,PUT,2026-03-20,CLF
CLF260417C00010000,10.0,4.36,4.5,4.9,7.0,469.0,0.91992267578125,True,CALL,2026-04-17,CLF
CLF260417C00011000,11.0,3.72,3.65,4.1,1.0,385.0,0.8447281152343749,True,CALL,2026-04-17,CLF
CLF260417C00012000,12.0,2.95,2.91,3.2,5.0,2097.0,0.754885263671875,True,CALL,2026-04-17,CLF
CLF260417C00013000,13.0,2.46,2.24,2.53,1.0,1767.0,0.711916943359375,True,CALL,2026-04-17,CLF
CLF260417C00014000,14.0,2.0,1.87,1.98,2.0,1583.0,0.7221707470703125,True,CALL,2026-04-17,CLF
CLF260417C00015000,15.0,1.55,1.43,1.56,143.0,2909.0,0.710940390625,False,CALL,2026-04-17,CLF
CLF260417C00016000,16.0,1.07,1.1,1.28,7.0,1214.0,0.719729365234375,False,CALL,2026-04-17,CLF
CLF260417C00017000,17.0,0.75,0.84,0.95,9.0,1578.0,0.7060576269531251,False,CALL,2026-04-17,CLF
CLF260417C00018000,18.0,0.66,0.64,0.67,5.0,525.0,0.6904327832031252,False,CALL,2026-04-17,CLF
CLF260417P00010000,10.0,0.3,0.27,0.33,39.0,1316.0,0.709963837890625,False,PUT,2026-04-17,CLF
CLF260417P00011000,11.0,0.55,0.49,0.51,1.0,995.0,0.6904327832031252,False,PUT,2026-04-17,CLF
CLF260417P00012000,12.0,0.79,0.75,0.78,21.0,2152.0,0.6650424121093752,False,PUT,2026-04-17,CLF
CLF260417P00013000,13.0,1.16,1.09,1.13,37.0,1259.0,0.63867548828125,False,PUT,2026-04-17,CLF
CLF260417P00014000,14.0,1.78,1.54,1.64,1.0,543.0,0.63086306640625,False,PUT,2026-04-17,CLF
CLF260417P00015000,15.0,2.18,2.1,2.2,10.0,464.0,0.6176796044921876,True,PUT,2026-04-17,CLF
CLF260417P00016000,16.0,2.84,2.72,2.79,1.0,186.0,0.586918193359375,True,PUT,2026-04-17,CLF
CLF260417P00017000,17.0,3.04,3.4,3.55,50.0,86.0,0.56836369140625,True,PUT,2026-04-17,CLF
CLF260417P00018000,18.0,4.25,4.2,4.45,6.0,57.0,0.5800823242187501,True,PUT,2026-04-17,CLF
CLF260618C00010000,10.0,4.55,4.65,5.2,15.0,3032.0,0.7919942675781251,True,CALL,2026-06-18,CLF
CLF260618C00011000,11.0,3.93,3.7,4.6,1.0,389.0,0.7402369726562499,True,CALL,2026-06-18,CLF
CLF260618C00012000,12.0,3.42,3.5,3.7,8.0,3067.0,0.75195560546875,True,CALL,2026-06-18,CLF
CLF260618C00013000,13.0,2.89,2.77,3.1,1.0,778.0,0.7036162451171876,True,CALL,2026-06-18,CLF
CLF260618C00014000,14.0,2.15,2.49,2.68,23.0,880.0,0.7338893798828124,True,CALL,2026-06-18,CLF
CLF260618C00015000,15.0,2.12,2.06,2.22,92.0,8326.0,0.71679970703125,False,CALL,2026-06-18,CLF
CLF260618C00016000,16.0,1.53,1.7,1.87,5.0,2750.0,0.7104521142578125,False,CALL,2026-06-18,CLF
CLF260618C00017000,17.0,1.55,1.4,1.55,2.0,5611.0,0.702151416015625,False,CALL,2026-06-18,CLF
CLF260618C00018000,18.0,1.21,1.16,1.35,1.0,1124.0,0.708010732421875,False,CALL,2026-06-18,CLF
CLF260618P00010000,10.0,0.67,0.53,0.63,112.0,5399.0,0.6787141503906251,False,PUT,2026-06-18,CLF
CLF260618P00011000,11.0,0.9,0.85,0.97,5.0,894.0,0.68555001953125,False,PUT,2026-06-18,CLF
CLF260618P00012000,12.0,1.24,1.17,1.23,14.0,984.0,0.6499058447265625,False,PUT,2026-06-18,CLF
CLF260618P00013000,13.0,1.71,1.57,1.65,34.0,1032.0,0.6337927246093751,False,PUT,2026-06-18,CLF
CLF260618P00014000,14.0,2.19,2.04,2.22,10.0,1238.0,0.629886513671875,False,PUT,2026-06-18,CLF
CLF260618P00015000,15.0,2.6,2.6,2.69,9.0,790.0,0.6040078662109377,True,PUT,2026-06-18,CLF
CLF260618P00016000,16.0,3.35,3.25,3.4,171.0,1436.0,0.6069375244140626,True,PUT,2026-06-18,CLF
CLF260618P00017000,17.0,4.05,3.9,4.05,50.0,260.0,0.5839885351562499,True,PUT,2026-06-18,CLF
CLF260618P00018000,18.0,6.25,4.5,4.85,6.0,16.0,0.5576216113281252,True,PUT,2026-06-18,CLF
CLF260717C00010000,10.0,4.8,4.5,5.4,2.0,16.0,0.7314479980468749,True,CALL,2026-07-17,CLF
CLF260717C00011000,11.0,5.0,3.85,4.7,1.0,153.0,0.7172879833984375,True,CALL,2026-07-17,CLF
CLF260717C00012000,12.0,4.35,3.55,3.9,1.0,749.0,0.7231472998046875,True,CALL,2026-07-17,CLF
CLF260717C00013000,13.0,3.4,3.0,3.3,8.0,112.0,0.7016631396484375,True,CALL,2026-07-17,CLF
CLF260717C00014000,14.0,2.74,2.54,2.85,6.0,842.0,0.6977569287109376,True,CALL,2026-07-17,CLF
CLF260717C00015000,15.0,2.1,2.09,2.44,33.0,2542.0,0.68555001953125,False,CALL,2026-07-17,CLF
CLF260717C00016000,16.0,1.88,1.69,2.08,30.0,371.0,0.6728548339843752,False,CALL,2026-07-17,CLF
CLF260717C00017000,17.0,1.45,1.47,1.73,20.0,3502.0,0.6728548339843752,False,CALL,2026-07-17,CLF
CLF260717C00018000,18.0,1.4,1.15,1.4,1.0,272.0,0.65039412109375,False,CALL,2026-07-17,CLF
CLF260717P00010000,10.0,0.61,0.59,0.83,3.0,752.0,0.6743196630859377,False,PUT,2026-07-17,CLF
CLF260717P00011000,11.0,1.01,0.85,1.11,10.0,243.0,0.649417568359375,False,PUT,2026-07-17,CLF
CLF260717P00012000,12.0,1.25,1.18,1.47,25.0,267.0,0.63086306640625,False,PUT,2026-07-17,CLF
CLF260717P00013000,13.0,1.63,1.58,1.9,81.0,120.0,0.614261669921875,False,PUT,2026-07-17,CLF
CLF260717P00014000,14.0,2.4,2.0,2.4,2.0,618.0,0.5922892333984376,False,PUT,2026-07-17,CLF
CLF260717P00015000,15.0,2.83,2.56,2.96,40.0,308.0,0.5800823242187501,True,PUT,2026-07-17,CLF
CLF260717P00016000,16.0,3.4,3.2,3.6,91.0,143.0,0.5727581787109376,True,PUT,2026-07-17,CLF
CLF260717P00017000,17.0,3.62,3.9,4.3,30.0,63.0,0.5659223095703125,True,PUT,2026-07-17,CLF
CLF260918C00010000,10.0,5.5,4.8,5.7,1.0,869.0,0.725588681640625,True,CALL,2026-09-18,CLF
CLF260918C00012000,12.0,4.15,4.0,4.25,28.0,2501.0,0.7221707470703125,True,CALL,2026-09-18,CLF
CLF260918C00015000,15.0,2.65,2.54,2.84,2.0,1731.0,0.6811555322265627,False,CALL,2026-09-18,CLF
CLF260918C00017000,17.0,1.97,1.75,2.07,4.0,904.0,0.6445348046875,False,CALL,2026-09-18,CLF
CLF260918P00010000,10.0,0.91,0.79,1.01,22.0,1654.0,0.6425816992187501,False,PUT,2026-09-18,CLF
CLF260918P00012000,12.0,1.66,1.48,1.81,10.0,1079.0,0.62305064453125,False,PUT,2026-09-18,CLF
CLF260918P00015000,15.0,3.08,2.87,3.3,4.0,2027.0,0.5678754150390625,True,PUT,2026-09-18,CLF
CLF260918P00017000,17.0,4.35,4.2,4.7,2.0,172.0,0.5634809277343751,True,PUT,2026-09-18,CLF
CLF261218C00010000,10.0,5.75,5.0,6.15,1.0,2990.0,0.7045927978515626,True,CALL,2026-12-18,CLF
CLF261218C00013000,13.0,4.0,3.85,4.25,1.0,2920.0,0.694338994140625,True,CALL,2026-12-18,CLF
CLF261218C00015000,15.0,3.0,3.1,3.35,5.0,3427.0,0.6801789794921876,False,CALL,2026-12-18,CLF
CLF261218C00017000,17.0,2.48,2.28,2.75,27.0,2512.0,0.6606479248046876,False,CALL,2026-12-18,CLF
CLF261218P00010000,10.0,1.19,1.06,1.27,1.0,1421.0,0.6201209863281252,False,PUT,2026-12-18,CLF
CLF261218P00013000,13.0,2.48,2.2,2.66,50.0,4818.0,0.5864299169921875,False,PUT,2026-12-18,CLF
CLF261218P00015000,15.0,3.56,3.2,3.8,2.0,441.0,0.56055126953125,True,PUT,2026-12-18,CLF
CLF261218P00017000,17.0,5.05,4.5,5.1,3.0,122.0,0.5449264257812501,True,PUT,2026-12-18,CLF
CLF270115C00010000,10.0,5.94,5.8,5.95,412.0,5674.0,0.7534204345703125,True,CALL,2027-01-15,CLF
CLF270115C00012000,12.0,4.5,4.5,4.85,7.0,3935.0,0.7048369360351563,True,CALL,2027-01-15,CLF
CLF270115C00015000,15.0,3.4,3.15,3.45,64.0,6668.0,0.6665072412109377,False,CALL,2027-01-15,CLF
CLF270115C00017000,17.0,2.65,2.42,2.91,2.0,2799.0,0.6611362011718751,False,CALL,2027-01-15,CLF
CLF270115P00010000,10.0,1.2,1.08,1.29,12.0,5606.0,0.6001016552734376,False,PUT,2027-01-15,CLF
CLF270115P00012000,12.0,1.99,1.8,2.29,30.0,2183.0,0.5922892333984376,False,PUT,2027-01-15,CLF
CLF270115P00015000,15.0,3.35,3.4,3.9,1.0,7125.0,0.5654340332031251,True,PUT,2027-01-15,CLF
CLF270115P00017000,17.0,5.1,4.55,5.2,20.0,647.0,0.5363815893554689,True,PUT,2027-01-15,CLF
CLF270319C00012000,12.0,4.8,4.15,5.2,,4.0,0.6477086010742188,True,CALL,2027-03-19,CLF
CLF270319C00015000,15.0,3.5,3.3,3.85,6.0,1263.0,0.6601596484375001,False,CALL,2027-03-19,CLF
CLF270319C00017000,17.0,2.86,1.57,3.2,1.0,106.0,0.5612836840820312,False,CALL,2027-03-19,CLF
CLF270617C00010000,10.0,6.13,5.0,6.9,,1.0,0.6450230810546875,True,CALL,2027-06-17,CLF
CLF270617C00012000,12.0,5.25,3.45,6.2,1.0,7.0,0.6152382226562501,True,CALL,2027-06-17,CLF
CLF270617C00015000,15.0,3.9,2.91,4.35,1.0,2.0,0.6079140771484376,False,CALL,2027-06-17,CLF
CLF270617P00010000,10.0,1.76,0.24,2.01,,41.0,0.6792024267578126,False,PUT,2027-06-17,CLF
CLF271217C00010000,10.0,6.95,5.9,7.3,2.0,2681.0,0.6699251757812501,True,CALL,2027-12-17,CLF
CLF271217C00012000,12.0,6.15,5.65,6.25,2.0,3045.0,0.7019072778320312,True,CALL,2027-12-17,CLF
CLF271217C00015000,15.0,4.4,4.55,5.4,1.0,4084.0,0.7050810742187501,False,CALL,2027-12-17,CLF
CLF271217P00010000,10.0,2.08,1.45,2.16,10.0,3809.0,0.5449264257812501,False,PUT,2027-12-17,CLF
CLF271217P00012000,12.0,2.8,2.79,4.25,1.0,437.0,0.6513706738281251,False,PUT,2027-12-17,CLF
CLF271217P00015000,15.0,4.8,4.35,5.9,200.0,981.0,0.6025430371093752,True,PUT,2027-12-17,CLF
CLF280121C00010000,10.0,6.8,6.2,7.4,3.0,412.0,0.6906769213867189,True,CALL,2028-01-21,CLF
CLF280121C00012000,12.0,6.12,4.9,6.4,2.0,393.0,0.6394079028320312,True,CALL,2028-01-21,CLF
CLF280121C00015000,15.0,4.85,4.7,5.15,234.0,1883.0,0.681887946777344,False,CALL,2028-01-21,CLF
CLF280121C00017000,17.0,4.6,3.7,4.5,1.0,274.0,0.6447789428710937,False,CALL,2028-01-21,CLF
CLF280121P00010000,10.0,2.1,1.95,2.3,10.0,766.0,0.5883830224609375,False,PUT,2028-01-21,CLF
CLF280121P00012000,12.0,3.1,1.7,4.35,3.0,162.0,0.559574716796875,False,PUT,2028-01-21,CLF
CLF280121P00015000,15.0,4.34,2.5,6.05,2.0,263.0,0.7133817724609376,True,PUT,2028-01-21,CLF
CLF280121P00017000,17.0,7.6,0.0,0.0,5.0,16.0,1.0000000000000003e-05,True,PUT,2028-01-21,CLF
CLSK260130C00009000,9.0,3.73,3.05,4.4,1.0,74.0,4.500004375,True,CALL,2026-01-30,CLSK
CLSK260130C00009500,9.5,2.95,2.69,3.0,11.0,84.0,2.6562533593750004,True,CALL,2026-01-30,CLSK
CLSK260130C00010000,10.0,2.5,2.34,2.59,3.0,2896.0,1.96875015625,True,CALL,2026-01-30,CLSK
CLSK260130C00010500,10.5,2.17,1.61,2.52,26.0,113.0,2.2187544531249994,True,CALL,2026-01-30,CLSK
CLSK260130C00011000,11.0,1.25,1.35,1.54,28.0,133.0,1.109379453125,True,CALL,2026-01-30,CLSK
CLSK260130C00011500,11.5,0.96,0.8,1.17,20.0,411.0,1.0078174609375,True,CALL,2026-01-30,CLSK
CLSK260130C00012000,12.0,0.59,0.53,0.62,1340.0,1396.0,0.9062509375,True,CALL,2026-01-30,CLSK
CLSK260130C00012500,12.5,0.26,0.24,0.27,1182.0,1292.0,0.804689453125,False,CALL,2026-01-30,CLSK
CLSK260130C00013000,13.0,0.13,0.11,0.15,3202.0,7433.0,0.92187578125,False,CALL,2026-01-30,CLSK
CLSK260130C00013500,13.5,0.05,0.04,0.05,2488.0,3557.0,0.9062509375,False,CALL,2026-01-30,CLSK
CLSK260130C00014000,14.0,0.02,0.02,0.03,1507.0,10178.0,1.0312548437500002,False,CALL,2026-01-30,CLSK
CLSK260130C00014500,14.5,0.02,0.01,0.02,2744.0,7562.0,1.15625421875,False,CALL,2026-01-30,CLSK
CLSK260130C00015000,15.0,0.01,0.01,0.02,1134.0,7142.0,1.3437532812499997,False,CALL,2026-01-30,CLSK
CLSK260130C00015500,15.5,0.02,0.0,0.02,497.0,5569.0,1.4375028125,False,CALL,2026-01-30,CLSK
CLSK260130C00016000,16.0,0.01,0.0,0.02,288.0,3117.0,1.625001875,False,CALL,2026-01-30,CLSK
CLSK260130P00009000,9.0,0.01,0.0,0.2,5.0,178.0,3.2031269921874994,False,PUT,2026-01-30,CLSK
CLSK260130P00009500,9.5,0.02,0.0,0.03,4.0,5533.0,1.875000625,False,PUT,2026-01-30,CLSK
CLSK260130P00010000,10.0,0.01,0.0,0.01,222.0,1330.0,1.3125034374999998,False,PUT,2026-01-30,CLSK
CLSK260130P00010500,10.5,0.01,0.0,0.05,10.0,2960.0,1.3750031249999999,False,PUT,2026-01-30,CLSK
CLSK260130P00011000,11.0,0.01,0.01,0.03,146.0,2178.0,1.015629921875,False,PUT,2026-01-30,CLSK
CLSK260130P00011500,11.5,0.08,0.03,0.08,93.0,2620.0,0.929688203125,False,PUT,2026-01-30,CLSK
CLSK260130P00012000,12.0,0.16,0.16,0.17,1983.0,3962.0,0.92187578125,False,PUT,2026-01-30,CLSK
CLSK260130P00012500,12.5,0.4,0.37,0.4,854.0,4023.0,0.9257819921875,True,PUT,2026-01-30,CLSK
CLSK260130P00013000,13.0,0.73,0.69,0.76,836.0,2828.0,0.9609378906249999,True,PUT,2026-01-30,CLSK
CLSK260130P00013500,13.5,0.88,0.89,1.23,346.0,1670.0,1.3515657421874998,True,PUT,2026-01-30,CLSK
CLSK260130P00014000,14.0,1.58,1.53,1.73,28.0,513.0,1.1875040625,True,PUT,2026-01-30,CLSK
CLSK260130P00014500,14.5,2.0,1.74,2.5,111.0,469.0,1.359378203125,True,PUT,2026-01-30,CLSK
CLSK260130P00015000,15.0,2.65,2.21,2.92,2.0,38.0,3.0156274609375,True,PUT,2026-01-30,CLSK
CLSK260130P00015500,15.5,3.06,2.63,3.45,4.0,5.0,3.41406396484375,True,PUT,2026-01-30,CLSK
CLSK260130P00016000,16.0,3.5,3.3,3.75,11.0,116.0,2.843752890625,True,PUT,2026-01-30,CLSK
CLSK260206C00009000,9.0,4.85,2.79,4.45,1.0,1.0,1.8437507812499998,True,CALL,2026-02-06,CLSK
CLSK260206C00009500,9.5,3.25,2.7,3.4,7.0,21.0,1.421877890625,True,CALL,2026-02-06,CLSK
CLSK260206C00010000,10.0,2.64,2.44,2.77,32.0,14.0,1.3515657421874998,True,CALL,2026-02-06,CLSK
CLSK260206C00010500,10.5,2.77,1.81,2.52,1.0,591.0,1.26172244140625,True,CALL,2026-02-06,CLSK
CLSK260206C00011000,11.0,1.75,1.63,1.95,413.0,158.0,1.2500037499999999,True,CALL,2026-02-06,CLSK
CLSK260206C00011500,11.5,2.28,1.3,1.44,1.0,544.0,1.115238798828125,True,CALL,2026-02-06,CLSK
CLSK260206C00012000,12.0,1.05,0.89,1.12,207.0,562.0,1.021489267578125,True,CALL,2026-02-06,CLSK
CLSK260206C00012500,12.5,0.81,0.7,0.85,186.0,1148.0,1.0468797656250002,False,CALL,2026-02-06,CLSK
CLSK260206C00013000,13.0,0.7,0.57,0.62,1579.0,3204.0,1.076176494140625,False,CALL,2026-02-06,CLSK
CLSK260206C00013500,13.5,0.44,0.41,0.46,1708.0,1655.0,1.076176494140625,False,CALL,2026-02-06,CLSK
CLSK260206C00014000,14.0,0.38,0.28,0.37,2774.0,3157.0,1.0976607617187502,False,CALL,2026-02-06,CLSK
CLSK260206C00014500,14.5,0.21,0.2,0.22,951.0,3507.0,1.05859845703125,False,CALL,2026-02-06,CLSK
CLSK260206C00015000,15.0,0.15,0.15,0.17,2377.0,4630.0,1.09375453125,False,CALL,2026-02-06,CLSK
CLSK260206C00015500,15.5,0.12,0.1,0.11,14.0,1984.0,1.0781296093750001,False,CALL,2026-02-06,CLSK
CLSK260206C00016000,16.0,0.09,0.07,0.09,127.0,848.0,1.109379453125,False,CALL,2026-02-06,CLSK
CLSK260206P00009000,9.0,0.07,0.03,0.1,4.0,169.0,1.359378203125,False,PUT,2026-02-06,CLSK
CLSK260206P00009500,9.5,0.07,0.05,0.08,1.0,95.0,1.171879140625,False,PUT,2026-02-06,CLSK
CLSK260206P00010000,10.0,0.13,0.11,0.14,174.0,523.0,1.18359783203125,False,PUT,2026-02-06,CLSK
CLSK260206P00010500,10.5,0.18,0.18,0.21,10.0,231.0,1.1484417578125,False,PUT,2026-02-06,CLSK
CLSK260206P00011000,11.0,0.31,0.27,0.34,248.0,977.0,1.12891060546875,False,PUT,2026-02-06,CLSK
CLSK260206P00011500,11.5,0.47,0.41,0.49,307.0,1693.0,1.107426337890625,False,PUT,2026-02-06,CLSK
CLSK260206P00012000,12.0,0.62,0.6,0.67,522.0,891.0,1.08203583984375,False,PUT,2026-02-06,CLSK
CLSK260206P00012500,12.5,0.87,0.87,0.92,269.0,1138.0,1.09375453125,True,PUT,2026-02-06,CLSK
CLSK260206P00013000,13.0,1.15,1.11,1.22,102.0,1325.0,1.056645341796875,True,PUT,2026-02-06,CLSK
CLSK260206P00013500,13.5,1.33,1.45,1.54,8.0,550.0,1.0410204199218753,True,PUT,2026-02-06,CLSK
CLSK260206P00014000,14.0,2.0,1.6,1.95,4.0,215.0,0.87500125,True,PUT,2026-02-06,CLSK
CLSK260206P00014500,14.5,1.76,1.74,2.61,18.0,285.0,0.804689453125,True,PUT,2026-02-06,CLSK
CLSK260206P00015000,15.0,2.49,2.28,2.8,28.0,39.0,1.2070352148437498,True,PUT,2026-02-06,CLSK
CLSK260206P00015500,15.5,2.29,2.78,3.55,10.0,21.0,1.0078174609375,True,PUT,2026-02-06,CLSK
CLSK260206P00016000,16.0,3.57,3.25,4.0,46.0,78.0,0.9609378906249999,True,PUT,2026-02-06,CLSK
CLSK260213C00009000,9.0,4.8,3.1,5.4,5.0,6.0,2.4140664648437498,True,CALL,2026-02-13,CLSK
CLSK260213C00009500,9.5,3.85,2.79,4.3,1.0,1.0,1.88671931640625,True,CALL,2026-02-13,CLSK
CLSK260213C00010000,10.0,2.61,2.47,3.05,1.0,16.0,1.2695349023437497,True,CALL,2026-02-13,CLSK
CLSK260213C00010500,10.5,2.94,1.99,2.67,1.0,4.0,1.1777384863281248,True,CALL,2026-02-13,CLSK
CLSK260213C00011000,11.0,2.06,1.84,1.95,6.0,55.0,1.0644578027343752,True,CALL,2026-02-13,CLSK
CLSK260213C00011500,11.5,1.54,1.55,1.65,12.0,2311.0,1.0859420703125,True,CALL,2026-02-13,CLSK
CLSK260213C00012000,12.0,1.48,1.25,1.36,43.0,277.0,1.0664109179687502,True,CALL,2026-02-13,CLSK
CLSK260213C00012500,12.5,1.23,1.01,1.1,9.0,125.0,1.056645341796875,False,CALL,2026-02-13,CLSK
CLSK260213C00013000,13.0,0.93,0.8,0.87,48.0,617.0,1.0410204199218753,False,CALL,2026-02-13,CLSK
CLSK260213C00013500,13.5,0.7,0.65,0.71,81.0,730.0,1.056645341796875,False,CALL,2026-02-13,CLSK
CLSK260213C00014000,14.0,0.61,0.51,0.55,10.0,949.0,1.0488328808593752,False,CALL,2026-02-13,CLSK
CLSK260213C00014500,14.5,0.4,0.41,0.46,368.0,835.0,1.0722702636718753,False,CALL,2026-02-13,CLSK
CLSK260213C00015000,15.0,0.34,0.31,0.34,59.0,843.0,1.052739111328125,False,CALL,2026-02-13,CLSK
CLSK260213C00015500,15.5,0.27,0.25,0.3,87.0,291.0,1.087895185546875,False,CALL,2026-02-13,CLSK
CLSK260213C00016000,16.0,0.21,0.2,0.27,5.0,883.0,1.12109814453125,False,CALL,2026-02-13,CLSK
CLSK260213P00009000,9.0,0.13,0.0,0.72,1.0,102.0,1.6796891015625,False,PUT,2026-02-13,CLSK
CLSK260213P00009500,9.5,0.45,0.12,1.15,11.0,12.0,1.89453177734375,False,PUT,2026-02-13,CLSK
CLSK260213P00010000,10.0,0.22,0.22,0.25,3895.0,8630.0,1.09375453125,False,PUT,2026-02-13,CLSK
CLSK260213P00010500,10.5,0.31,0.31,0.37,20.0,209.0,1.076176494140625,False,PUT,2026-02-13,CLSK
CLSK260213P00011000,11.0,0.48,0.44,0.51,112.0,4436.0,1.05859845703125,False,PUT,2026-02-13,CLSK
CLSK260213P00011500,11.5,0.64,0.63,0.67,26.0,276.0,1.0488328808593752,False,PUT,2026-02-13,CLSK
CLSK260213P00012000,12.0,0.95,0.84,0.9,27.0,425.0,1.0468797656250002,False,PUT,2026-02-13,CLSK
CLSK260213P00012500,12.5,1.04,1.09,1.15,16.0,259.0,1.0371141894531253,True,PUT,2026-02-13,CLSK
CLSK260213P00013000,13.0,1.4,1.39,1.45,20.0,74.0,1.0410204199218753,True,PUT,2026-02-13,CLSK
CLSK260213P00013500,13.5,1.57,1.73,1.8,16.0,101.0,1.056645341796875,True,PUT,2026-02-13,CLSK
CLSK260213P00014000,14.0,2.3,2.03,2.14,1.0,79.0,1.017583037109375,True,PUT,2026-02-13,CLSK
CLSK260213P00014500,14.5,2.37,2.44,2.55,5.0,26.0,1.0429735351562504,True,PUT,2026-02-13,CLSK
CLSK260213P00015000,15.0,2.08,2.6,2.96,6.0,37.0,0.87500125,True,PUT,2026-02-13,CLSK
CLSK260213P00015500,15.5,3.23,3.0,3.4,31.0,86.0,0.8320329296874999,True,PUT,2026-02-13,CLSK
CLSK260213P00016000,16.0,3.38,3.4,4.15,2.0,16.0,1.05078599609375,True,PUT,2026-02-13,CLSK
CLSK260220C00009000,9.0,3.89,3.0,5.45,7.0,320.0,1.984375078125,True,CALL,2026-02-20,CLSK
CLSK260220C00010000,10.0,2.7,2.66,3.25,10.0,1138.0,1.2890660546875,True,CALL,2026-02-20,CLSK
CLSK260220C00010500,10.5,2.34,2.07,2.7,,8.0,1.0429735351562504,True,CALL,2026-02-20,CLSK
CLSK260220C00011000,11.0,2.0,1.97,2.08,7.0,1460.0,1.015629921875,True,CALL,2026-02-20,CLSK
CLSK260220C00011500,11.5,1.8,1.67,1.79,1.0,30.0,1.0205127099609377,True,CALL,2026-02-20,CLSK
CLSK260220C00012000,12.0,1.5,1.39,1.51,409.0,2563.0,1.009770576171875,True,CALL,2026-02-20,CLSK
CLSK260220C00012500,12.5,1.18,1.16,1.25,116.0,163.0,1.001958115234375,False,CALL,2026-02-20,CLSK
CLSK260220C00013000,13.0,0.98,0.97,1.03,457.0,3973.0,1.001958115234375,False,CALL,2026-02-20,CLSK
CLSK260220C00013500,13.5,0.74,0.79,0.87,21.0,805.0,1.0058643457031249,False,CALL,2026-02-20,CLSK
CLSK260220C00014000,14.0,0.65,0.65,0.69,213.0,23073.0,0.9960937890625,False,CALL,2026-02-20,CLSK
CLSK260220C00014500,14.5,0.61,0.52,0.61,102.0,1572.0,1.013676806640625,False,CALL,2026-02-20,CLSK
CLSK260220C00015000,15.0,0.48,0.43,0.5,412.0,20066.0,1.01953615234375,False,CALL,2026-02-20,CLSK
CLSK260220C00015500,15.5,0.71,0.35,0.44,13.0,452.0,1.0390673046875003,False,CALL,2026-02-20,CLSK
CLSK260220C00016000,16.0,0.35,0.29,0.38,1171.0,9191.0,1.0546922265625,False,CALL,2026-02-20,CLSK
CLSK260220P00009000,9.0,0.16,0.13,0.19,251.0,1292.0,1.0703171484375003,False,PUT,2026-02-20,CLSK
CLSK260220P00009500,9.5,0.14,0.17,0.99,5.0,8.0,1.5156274218749999,False,PUT,2026-02-20,CLSK
CLSK260220P00010000,10.0,0.32,0.32,0.35,253.0,2547.0,1.0449266503906252,False,PUT,2026-02-20,CLSK
CLSK260220P00010500,10.5,0.41,0.41,0.45,2.0,5083.0,0.999023447265625,False,PUT,2026-02-20,CLSK
CLSK260220P00011000,11.0,0.57,0.54,0.64,192.0,3236.0,0.9960937890625,False,PUT,2026-02-20,CLSK
CLSK260220P00011500,11.5,0.75,0.75,0.81,10.0,160.0,0.99023447265625,False,PUT,2026-02-20,CLSK
CLSK260220P00012000,12.0,1.0,0.95,1.04,62.0,1289.0,0.9765627343750001,False,PUT,2026-02-20,CLSK
CLSK260220P00012500,12.5,1.14,1.19,1.3,28.0,507.0,0.965820654296875,True,PUT,2026-02-20,CLSK
CLSK260220P00013000,13.0,1.39,1.48,1.59,21.0,3595.0,0.9609378906249999,True,PUT,2026-02-20,CLSK
CLSK260220P00013500,13.5,1.64,1.82,1.93,15.0,1414.0,0.9726565234375,True,PUT,2026-02-20,CLSK
CLSK260220P00014000,14.0,2.11,2.18,2.28,22.0,804.0,0.97460962890625,True,PUT,2026-02-20,CLSK
CLSK260220P00014500,14.5,2.75,2.55,2.67,2.0,35.0,0.9785158398437501,True,PUT,2026-02-20,CLSK
CLSK260220P00015000,15.0,2.89,2.85,3.1,2.0,489.0,0.945313046875,True,PUT,2026-02-20,CLSK
CLSK260220P00015500,15.5,2.97,2.23,3.75,9.0,12.0,1.3007847460937496,True,PUT,2026-02-20,CLSK
CLSK260220P00016000,16.0,3.8,3.4,4.2,2.0,625.0,0.9101571484375,True,PUT,2026-02-20,CLSK
CLSK260227C00009000,9.0,5.5,3.15,5.5,2.0,3.0,1.8417976660156248,True,CALL,2026-02-27,CLSK
CLSK260227C00010000,10.0,2.97,2.41,3.75,8.0,1.0,1.2519568652343749,True,CALL,2026-02-27,CLSK
CLSK260227C00010500,10.5,2.83,2.1,3.5,,20.0,1.2851598242187499,True,CALL,2026-02-27,CLSK
CLSK260227C00011000,11.0,2.18,2.11,2.24,,5.0,1.013676806640625,True,CALL,2026-02-27,CLSK
CLSK260227C00011500,11.5,1.62,1.79,1.96,16.0,110.0,1.0048877880859375,True,CALL,2026-02-27,CLSK
CLSK260227C00012000,12.0,1.49,1.54,1.64,133.0,181.0,0.9863282617187501,True,CALL,2026-02-27,CLSK
CLSK260227C00012500,12.5,1.24,1.32,1.42,4.0,242.0,0.9941406835937501,False,CALL,2026-02-27,CLSK
CLSK260227C00013000,13.0,1.28,1.12,1.17,94.0,227.0,0.9794923925781251,False,CALL,2026-02-27,CLSK
CLSK260227C00013500,13.5,1.01,0.93,1.03,156.0,1467.0,0.9882813671875,False,CALL,2026-02-27,CLSK
CLSK260227C00014000,14.0,0.81,0.8,0.86,117.0,1996.0,0.991211025390625,False,CALL,2026-02-27,CLSK
CLSK260227C00014500,14.5,0.78,0.68,0.74,18.0,28.0,1.0009815576171874,False,CALL,2026-02-27,CLSK
CLSK260227C00015000,15.0,0.65,0.55,0.63,106.0,427.0,0.9960937890625,False,CALL,2026-02-27,CLSK
CLSK260227C00015500,15.5,0.5,0.46,0.53,2.0,130.0,0.99804689453125,False,CALL,2026-02-27,CLSK
CLSK260227C00016000,16.0,0.46,0.39,0.44,3.0,88.0,1.000005,False,CALL,2026-02-27,CLSK
CLSK260227P00009000,9.0,0.27,0.13,0.27,11.0,124.0,1.0039112304687499,False,PUT,2026-02-27,CLSK
CLSK260227P00009500,9.5,0.28,0.25,0.48,1.0,87.0,1.087895185546875,False,PUT,2026-02-27,CLSK
CLSK260227P00010000,10.0,0.4,0.38,0.44,93.0,5934.0,0.9960937890625,False,PUT,2026-02-27,CLSK
CLSK260227P00010500,10.5,0.49,0.52,0.59,24.0,25.0,0.992187578125,False,PUT,2026-02-27,CLSK
CLSK260227P00011000,11.0,0.65,0.68,0.75,4.0,482.0,0.9765627343750001,False,PUT,2026-02-27,CLSK
CLSK260227P00011500,11.5,0.88,0.9,0.95,30.0,185.0,0.9785158398437501,False,PUT,2026-02-27,CLSK
CLSK260227P00012000,12.0,1.15,1.11,1.18,123.0,226.0,0.9648441015625,False,PUT,2026-02-27,CLSK
CLSK260227P00012500,12.5,1.3,1.39,1.46,36.0,75.0,0.9726565234375,True,PUT,2026-02-27,CLSK
CLSK260227P00013000,13.0,1.2,1.69,1.76,5.0,82.0,0.975586181640625,True,PUT,2026-02-27,CLSK
CLSK260227P00013500,13.5,1.5,2.01,2.08,10.0,16.0,0.97460962890625,True,PUT,2026-02-27,CLSK
CLSK260227P00014000,14.0,1.73,2.37,2.43,11.0,8.0,0.9804689453125001,True,PUT,2026-02-27,CLSK
CLSK260227P00014500,14.5,2.66,2.65,2.81,3.0,12.0,0.9511723632812499,True,PUT,2026-02-27,CLSK
CLSK260227P00015000,15.0,3.19,3.0,3.2,1.0,20.0,0.9355475195312499,True,PUT,2026-02-27,CLSK
CLSK260227P00015500,15.5,3.43,3.35,3.6,30.0,13.0,0.90429783203125,True,PUT,2026-02-27,CLSK
CLSK260227P00016000,16.0,4.0,2.75,4.3,1.0,21.0,1.2578162109375,True,PUT,2026-02-27,CLSK
CLSK260306C00012000,12.0,2.05,1.63,1.85,1.0,303.0,0.9863282617187501,True,CALL,2026-03-06,CLSK
CLSK260306C00012500,12.5,1.68,1.45,1.59,13.0,65.0,0.991211025390625,False,CALL,2026-03-06,CLSK
CLSK260306C00013500,13.5,1.04,1.01,1.21,2.0,223.0,0.9726565234375,False,CALL,2026-03-06,CLSK
CLSK260306C00014500,14.5,0.85,0.73,0.93,9.0,34.0,0.98242205078125,False,CALL,2026-03-06,CLSK
CLSK260306C00015000,15.0,0.69,0.67,0.78,99.0,173.0,0.993164130859375,False,CALL,2026-03-06,CLSK
CLSK260306C00015500,15.5,0.62,0.51,0.75,3.0,9.0,1.000005,False,CALL,2026-03-06,CLSK
CLSK260306C00016000,16.0,0.5,0.49,0.64,49.0,53.0,1.0205127099609377,False,CALL,2026-03-06,CLSK
CLSK260306P00009000,9.0,0.34,0.28,0.34,5.0,8.0,1.0468797656250002,False,PUT,2026-03-06,CLSK
CLSK260306P00010000,10.0,0.5,0.42,0.6,5.0,55.0,0.99023447265625,False,PUT,2026-03-06,CLSK
CLSK260306P00011500,11.5,1.02,0.97,1.1,2.0,54.0,0.9570316796874999,False,PUT,2026-03-06,CLSK
CLSK260306P00012000,12.0,1.25,1.17,1.38,18.0,134.0,0.954102021484375,False,PUT,2026-03-06,CLSK
CLSK260306P00012500,12.5,1.5,1.43,1.64,2.0,19.0,0.946289599609375,True,PUT,2026-03-06,CLSK
CLSK260306P00013000,13.0,1.4,1.83,1.93,3.0,1487.0,0.9765627343750001,True,PUT,2026-03-06,CLSK
CLSK260306P00014000,14.0,2.1,2.38,2.59,1.0,8.0,0.938477177734375,True,PUT,2026-03-06,CLSK
CLSK260306P00014500,14.5,2.35,2.75,2.95,2.0,2.0,0.93945373046875,True,PUT,2026-03-06,CLSK
CLSK260306P00015000,15.0,2.58,2.99,3.35,3.0,3.0,0.893555751953125,True,PUT,2026-03-06,CLSK
CLSK260306P00016000,16.0,3.3,3.7,4.15,165.0,172.0,0.8359391406249999,True,PUT,2026-03-06,CLSK
CLSK260320C00009000,9.0,4.78,3.8,4.4,2.0,472.0,1.23047259765625,True,CALL,2026-03-20,CLSK
CLSK260320C00010000,10.0,3.45,3.05,3.5,92.0,2179.0,1.0996138769531252,True,CALL,2026-03-20,CLSK
CLSK260320C00011000,11.0,2.52,2.49,2.66,64.0,2050.0,1.0263720556640625,True,CALL,2026-03-20,CLSK
CLSK260320C00012000,12.0,1.97,1.96,2.0,576.0,6876.0,0.97460962890625,True,CALL,2026-03-20,CLSK
CLSK260320C00013000,13.0,1.59,1.53,1.59,385.0,4930.0,0.975586181640625,False,CALL,2026-03-20,CLSK
CLSK260320C00014000,14.0,1.25,1.2,1.26,226.0,9807.0,0.981445498046875,False,CALL,2026-03-20,CLSK
CLSK260320C00015000,15.0,1.0,0.95,0.99,722.0,13883.0,0.9882813671875,False,CALL,2026-03-20,CLSK
CLSK260320C00016000,16.0,0.85,0.74,0.78,199.0,4940.0,0.992187578125,False,CALL,2026-03-20,CLSK
CLSK260320P00009000,9.0,0.39,0.37,0.44,46.0,3665.0,0.98437515625,False,PUT,2026-03-20,CLSK
CLSK260320P00010000,10.0,0.7,0.66,0.71,105.0,1718.0,0.97460962890625,False,PUT,2026-03-20,CLSK
CLSK260320P00011000,11.0,0.99,1.03,1.07,10.0,4239.0,0.9589847851562499,False,PUT,2026-03-20,CLSK
CLSK260320P00012000,12.0,1.49,1.51,1.55,19.0,2757.0,0.95507857421875,False,PUT,2026-03-20,CLSK
CLSK260320P00013000,13.0,2.05,2.08,2.13,38.0,4859.0,0.954102021484375,True,PUT,2026-03-20,CLSK
CLSK260320P00014000,14.0,2.71,2.74,2.82,3.0,2451.0,0.9619144433593749,True,PUT,2026-03-20,CLSK
CLSK260320P00015000,15.0,3.45,3.4,3.5,5.0,3015.0,0.92773509765625,True,PUT,2026-03-20,CLSK
CLSK260320P00016000,16.0,3.87,4.15,4.35,4.0,975.0,0.9335944140625,True,PUT,2026-03-20,CLSK
CLSK260618C00009000,9.0,4.97,4.6,5.0,33.0,267.0,1.0693405908203126,True,CALL,2026-06-18,CLSK
CLSK260618C00010000,10.0,4.15,4.0,4.35,1.0,3577.0,1.0302782861328126,True,CALL,2026-06-18,CLSK
CLSK260618C00011000,11.0,3.54,3.5,3.75,16.0,1135.0,1.0029346728515625,True,CALL,2026-06-18,CLSK
CLSK260618C00012000,12.0,3.05,3.0,3.3,176.0,5318.0,0.9858399853515626,True,CALL,2026-06-18,CLSK
CLSK260618C00013000,13.0,2.78,2.6,2.92,202.0,1590.0,0.9809572216796876,False,CALL,2026-06-18,CLSK
CLSK260618C00014000,14.0,2.41,2.31,2.46,143.0,9984.0,0.965820654296875,False,CALL,2026-06-18,CLSK
CLSK260618C00015000,15.0,2.05,2.03,2.13,1208.0,11871.0,0.9609378906249999,False,CALL,2026-06-18,CLSK
CLSK260618C00016000,16.0,1.93,1.59,2.03,53.0,3881.0,0.9545902978515625,False,CALL,2026-06-18,CLSK
CLSK260618P00009000,9.0,1.13,1.03,1.14,10.0,1233.0,0.93164130859375,False,PUT,2026-06-18,CLSK
CLSK260618P00010000,10.0,1.44,1.44,1.56,15.0,2692.0,0.9248054394531251,False,PUT,2026-06-18,CLSK
CLSK260618P00011000,11.0,1.97,1.97,2.01,2.0,819.0,0.92187578125,False,PUT,2026-06-18,CLSK
CLSK260618P00012000,12.0,2.48,2.5,2.55,12.0,4037.0,0.913086806640625,False,PUT,2026-06-18,CLSK
CLSK260618P00013000,13.0,3.1,3.05,3.15,500.0,1554.0,0.8999033447265624,True,PUT,2026-06-18,CLSK
CLSK260618P00014000,14.0,3.7,3.75,3.85,33.0,1224.0,0.911133701171875,True,PUT,2026-06-18,CLSK
CLSK260618P00015000,15.0,4.35,4.25,4.55,1.0,3163.0,0.87500125,True,PUT,2026-06-18,CLSK
CLSK260618P00016000,16.0,5.15,5.0,5.3,2.0,383.0,0.8740246972656249,True,PUT,2026-06-18,CLSK
CLSK260918C00009000,9.0,6.26,5.0,6.1,,1.0,1.09375453125,True,CALL,2026-09-18,CLSK
CLSK260918C00010000,10.0,4.95,4.5,5.65,80.0,61.0,1.0849655126953124,True,CALL,2026-09-18,CLSK
CLSK260918C00011000,11.0,4.97,4.2,4.6,22.0,49.0,1.0053760668945313,True,CALL,2026-09-18,CLSK
CLSK260918C00012000,12.0,4.05,3.8,4.1,19.0,557.0,0.9858399853515626,True,CALL,2026-09-18,CLSK
CLSK260918C00013000,13.0,3.7,3.45,3.8,1.0,61.0,0.9907227490234375,False,CALL,2026-09-18,CLSK
CLSK260918C00014000,14.0,3.08,3.1,3.5,20.0,121.0,0.9863282617187501,False,CALL,2026-09-18,CLSK
CLSK260918C00015000,15.0,3.61,2.76,3.2,23.0,158.0,0.975586181640625,False,CALL,2026-09-18,CLSK
CLSK260918C00016000,16.0,2.7,2.53,2.97,15.0,90.0,0.9804689453125001,False,CALL,2026-09-18,CLSK
CLSK260918P00009000,9.0,1.5,1.46,1.84,1.0,307.0,0.9248054394531251,False,PUT,2026-09-18,CLSK
CLSK260918P00010000,10.0,2.14,1.99,2.34,12.0,271.0,0.928711650390625,False,PUT,2026-09-18,CLSK
CLSK260918P00011000,11.0,2.61,2.49,2.68,5.0,54.0,0.8886729882812499,False,PUT,2026-09-18,CLSK
CLSK260918P00012000,12.0,2.89,3.15,3.25,1.0,77.0,0.893555751953125,False,PUT,2026-09-18,CLSK
CLSK260918P00013000,13.0,3.37,3.55,4.0,3.0,28.0,0.8754895263671875,True,PUT,2026-09-18,CLSK
CLSK260918P00014000,14.0,4.04,4.15,4.65,1.0,7.0,0.86132951171875,True,PUT,2026-09-18,CLSK
CLSK260918P00015000,15.0,4.99,4.95,5.35,2.0,3.0,0.870118486328125,True,PUT,2026-09-18,CLSK
CLSK260918P00016000,16.0,5.15,5.65,6.1,1.0,1.0,0.8647474462890624,True,PUT,2026-09-18,CLSK
CLSK270115C00010000,10.0,5.25,5.4,5.7,101.0,7927.0,1.007329182128906,True,CALL,2027-01-15,CLSK
CLSK270115C00012000,12.0,4.7,4.6,4.85,382.0,8349.0,0.9804689453125001,True,CALL,2027-01-15,CLSK
CLSK270115C00015000,15.0,3.74,3.65,3.9,399.0,19354.0,0.9609378906249999,False,CALL,2027-01-15,CLSK
CLSK270115P00010000,10.0,2.55,2.44,2.89,1.0,7909.0,0.8842785009765625,False,PUT,2027-01-15,CLSK
CLSK270115P00012000,12.0,3.8,3.7,3.9,19.0,5087.0,0.8627943408203125,False,PUT,2027-01-15,CLSK
CLSK270115P00015000,15.0,5.85,5.6,6.0,5.0,4320.0,0.842775009765625,True,PUT,2027-01-15,CLSK
CLSK280121C00010000,10.0,6.85,6.7,6.95,26.0,1804.0,0.9487309814453124,True,CALL,2028-01-21,CLSK
CLSK280121C00012000,12.0,6.3,6.0,6.45,226.0,2656.0,0.9423833886718749,True,CALL,2028-01-21,CLSK
CLSK280121C00015000,15.0,5.39,5.2,5.6,49.0,3021.0,0.9223640576171875,False,CALL,2028-01-21,CLSK
CLSK280121P00010000,10.0,3.55,3.4,3.95,24.0,3379.0,0.804689453125,False,PUT,2028-01-21,CLSK
CLSK280121P00012000,12.0,4.76,4.6,5.15,3.0,284.0,0.7788108056640625,False,PUT,2028-01-21,CLSK
CLSK280121P00015000,15.0,6.85,6.9,7.1,1.0,455.0,0.7675804492187501,True,PUT,2028-01-21,CLSK
CMCSA260130C00025000,25.0,4.81,2.92,6.6,1.0,1.0,2.28906677734375,True,CALL,2026-01-30,CMCSA
CMCSA260130C00025500,25.5,2.96,3.25,5.1,1.0,21.0,1.9375003125,True,CALL,2026-01-30,CMCSA
CMCSA260130C00026000,26.0,3.23,3.15,4.3,1.0,25.0,1.8437507812499998,True,CALL,2026-01-30,CMCSA
CMCSA260130C00026500,26.5,2.83,2.63,3.75,2.0,22.0,1.5957051464843748,True,CALL,2026-01-30,CMCSA
CMCSA260130C00027000,27.0,1.65,2.12,3.05,1.0,224.0,1.2265663671875,True,CALL,2026-01-30,CMCSA
CMCSA260130C00027500,27.5,2.5,1.71,2.68,43.0,24.0,1.224613251953125,True,CALL,2026-01-30,CMCSA
CMCSA260130C00028000,28.0,2.05,1.33,1.82,1391.0,360.0,0.84961087890625,True,CALL,2026-01-30,CMCSA
CMCSA260130C00028500,28.5,0.93,0.82,1.14,716.0,829.0,0.5195360546875,True,CALL,2026-01-30,CMCSA
CMCSA260130C00029000,29.0,0.6,0.42,0.72,472.0,1715.0,0.6210975390625001,True,CALL,2026-01-30,CMCSA
CMCSA260130C00029500,29.5,0.33,0.14,0.38,174.0,439.0,0.5273484765625001,False,CALL,2026-01-30,CMCSA
CMCSA260130C00030000,30.0,0.17,0.1,0.19,4123.0,16865.0,0.507817421875,False,CALL,2026-01-30,CMCSA
CMCSA260130C00030500,30.5,0.07,0.02,0.1,209.0,441.0,0.5312546875,False,CALL,2026-01-30,CMCSA
CMCSA260130C00031000,31.0,0.03,0.02,0.13,571.0,2241.0,0.6171913281250001,False,CALL,2026-01-30,CMCSA
CMCSA260130C00031500,31.5,0.02,0.0,0.03,2.0,235.0,0.51562984375,False,CALL,2026-01-30,CMCSA
CMCSA260130C00032000,32.0,0.01,0.0,0.02,237.0,532.0,0.57812921875,False,CALL,2026-01-30,CMCSA
CMCSA260130C00032500,32.5,0.04,0.0,0.02,65.0,6634.0,0.6562534375000001,False,CALL,2026-01-30,CMCSA
CMCSA260130C00033000,33.0,0.02,0.0,0.75,7.0,145.0,1.7109389453125,False,CALL,2026-01-30,CMCSA
CMCSA260130C00034000,34.0,0.01,0.0,0.01,26.0,48.0,0.8125018749999999,False,CALL,2026-01-30,CMCSA
CMCSA260130C00035000,35.0,0.01,0.0,0.01,1.0,829.0,0.9687503125,False,CALL,2026-01-30,CMCSA
CMCSA260130C00036000,36.0,0.01,0.0,0.04,19.0,83.0,1.3125034374999998,False,CALL,2026-01-30,CMCSA
CMCSA260130C00037000,37.0,0.01,0.0,0.03,8.0,3.0,1.40625296875,False,CALL,2026-01-30,CMCSA
CMCSA260130C00038000,38.0,0.08,0.0,2.15,,2.0,4.062504921875,False,CALL,2026-01-30,CMCSA
CMCSA260130P00021000,21.0,0.05,0.0,0.09,1.0,11.0,2.3437541406249993,False,PUT,2026-01-30,CMCSA
CMCSA260130P00022000,22.0,0.04,0.0,1.86,6.0,34.0,4.558598051757812,False,PUT,2026-01-30,CMCSA
CMCSA260130P00023000,23.0,0.02,0.0,2.13,72.0,72.0,4.326176467285156,False,PUT,2026-01-30,CMCSA
CMCSA260130P00024000,24.0,0.02,0.0,0.02,1.0,100.0,1.21875390625,False,PUT,2026-01-30,CMCSA
CMCSA260130P00025000,25.0,0.01,0.0,0.01,31.0,532.0,0.9062509375,False,PUT,2026-01-30,CMCSA
CMCSA260130P00025500,25.5,0.01,0.0,0.01,80.0,2143.0,0.8125018749999999,False,PUT,2026-01-30,CMCSA
CMCSA260130P00026000,26.0,0.01,0.0,0.01,296.0,612.0,0.6875031250000001,False,PUT,2026-01-30,CMCSA
CMCSA260130P00026500,26.5,0.01,0.0,0.01,294.0,1057.0,0.5937540625000001,False,PUT,2026-01-30,CMCSA
CMCSA260130P00027000,27.0,0.01,0.01,0.02,844.0,1173.0,0.5937540625000001,False,PUT,2026-01-30,CMCSA
CMCSA260130P00027500,27.5,0.03,0.02,0.04,2209.0,3065.0,0.5625043750000001,False,PUT,2026-01-30,CMCSA
CMCSA260130P00028000,28.0,0.04,0.04,0.08,3146.0,3490.0,0.5195360546875,False,PUT,2026-01-30,CMCSA
CMCSA260130P00028500,28.5,0.07,0.07,0.27,406.0,632.0,0.5566450585937501,False,PUT,2026-01-30,CMCSA
CMCSA260130P00029000,29.0,0.24,0.19,0.32,306.0,2248.0,0.5429733203125001,False,PUT,2026-01-30,CMCSA
CMCSA260130P00029500,29.5,0.4,0.37,0.58,29.0,1800.0,0.56836369140625,True,PUT,2026-01-30,CMCSA
CMCSA260130P00030000,30.0,0.73,0.59,1.0,11.0,721.0,0.6972686523437501,True,PUT,2026-01-30,CMCSA
CMCSA260130P00030500,30.5,1.0,0.96,1.5,21.0,16.0,0.8867198828124999,True,PUT,2026-01-30,CMCSA
CMCSA260130P00031000,31.0,1.93,0.82,3.15,1.0,4.0,1.0371141894531253,True,PUT,2026-01-30,CMCSA
CMCSA260130P00032000,32.0,3.85,1.75,3.6,3.0,3.0,0.57812921875,True,PUT,2026-01-30,CMCSA
CMCSA260130P00033000,33.0,3.55,2.8,5.0,4.0,4.0,1.4609401953124999,True,PUT,2026-01-30,CMCSA
CMCSA260130P00034000,34.0,4.8,3.55,5.1,2.0,2.0,2.076176684570312,True,PUT,2026-01-30,CMCSA
CMCSA260130P00035000,35.0,5.17,4.55,7.15,,0.0,1.8046884765624998,True,PUT,2026-01-30,CMCSA
CMCSA260206C00025000,25.0,5.0,2.73,6.65,,26.0,1.013676806640625,True,CALL,2026-02-06,CMCSA
CMCSA260206C00026000,26.0,3.57,3.15,3.65,200.0,190.0,0.5117236328125,True,CALL,2026-02-06,CMCSA
CMCSA260206C00027000,27.0,2.5,2.22,2.68,1.0,60.0,0.6562534375000001,True,CALL,2026-02-06,CMCSA
CMCSA260206C00027500,27.5,2.25,1.64,2.35,9.0,1.0,0.68555001953125,True,CALL,2026-02-06,CMCSA
CMCSA260206C00028000,28.0,1.16,1.3,2.18,8.0,56.0,0.5136767382812499,True,CALL,2026-02-06,CMCSA
CMCSA260206C00028500,28.5,1.31,1.02,1.2,36.0,20.0,0.389654541015625,True,CALL,2026-02-06,CMCSA
CMCSA260206C00029000,29.0,1.1,0.63,0.98,153.0,95.0,0.43848217773437503,True,CALL,2026-02-06,CMCSA
CMCSA260206C00029500,29.5,0.73,0.31,0.48,121.0,48.0,0.30274134765625,False,CALL,2026-02-06,CMCSA
CMCSA260206C00030000,30.0,0.38,0.26,0.36,308.0,470.0,0.3437565625,False,CALL,2026-02-06,CMCSA
CMCSA260206C00030500,30.5,0.26,0.05,0.21,77.0,215.0,0.334967587890625,False,CALL,2026-02-06,CMCSA
CMCSA260206C00031000,31.0,0.12,0.09,0.14,595.0,1561.0,0.35352208984374994,False,CALL,2026-02-06,CMCSA
CMCSA260206C00031500,31.5,0.12,0.05,0.11,33.0,69.0,0.38672488281249995,False,CALL,2026-02-06,CMCSA
CMCSA260206C00032000,32.0,0.1,0.03,0.16,1.0,1756.0,0.49805189453125004,False,CALL,2026-02-06,CMCSA
CMCSA260206C00032500,32.5,0.12,0.01,0.1,2.0,10.0,0.48828636718750007,False,CALL,2026-02-06,CMCSA
CMCSA260206C00033000,33.0,0.01,0.0,0.22,2.0,21.0,0.5546919531250001,False,CALL,2026-02-06,CMCSA
CMCSA260206C00034000,34.0,0.15,0.0,0.1,,1.0,0.5546919531250001,False,CALL,2026-02-06,CMCSA
CMCSA260206C00035000,35.0,0.15,0.0,2.24,34.0,36.0,1.5878926855468747,False,CALL,2026-02-06,CMCSA
CMCSA260206C00036000,36.0,0.14,0.0,2.21,,12.0,1.7041030419921874,False,CALL,2026-02-06,CMCSA
CMCSA260206C00037000,37.0,0.09,0.0,0.75,,1.0,1.2500037499999999,False,CALL,2026-02-06,CMCSA
CMCSA260206P00022000,22.0,0.09,0.0,2.12,,1.0,2.2656293359374997,False,PUT,2026-02-06,CMCSA
CMCSA260206P00023000,23.0,0.11,0.0,2.13,,41.0,2.03906740234375,False,PUT,2026-02-06,CMCSA
CMCSA260206P00024000,24.0,0.07,0.0,0.05,2.0,20.0,0.648441015625,False,PUT,2026-02-06,CMCSA
CMCSA260206P00024500,24.5,0.08,0.0,2.13,,20.0,1.703126484375,False,PUT,2026-02-06,CMCSA
CMCSA260206P00025000,25.0,0.08,0.0,0.19,5.0,213.0,0.6972686523437501,False,PUT,2026-02-06,CMCSA
CMCSA260206P00025500,25.5,0.15,0.0,0.24,150.0,164.0,0.6679720703125002,False,PUT,2026-02-06,CMCSA
CMCSA260206P00026000,26.0,0.02,0.0,0.03,10.0,58.0,0.437505625,False,PUT,2026-02-06,CMCSA
CMCSA260206P00026500,26.5,0.2,0.0,0.26,2.0,5.0,0.5371140039062501,False,PUT,2026-02-06,CMCSA
CMCSA260206P00027000,27.0,0.06,0.05,0.08,41.0,257.0,0.40430283203125,False,PUT,2026-02-06,CMCSA
CMCSA260206P00027500,27.5,0.08,0.07,0.13,154.0,184.0,0.38867798828125,False,PUT,2026-02-06,CMCSA
CMCSA260206P00028000,28.0,0.15,0.12,0.2,37.0,305.0,0.3711000390625,False,PUT,2026-02-06,CMCSA
CMCSA260206P00028500,28.5,0.22,0.22,0.32,33.0,33.0,0.36133451171875,False,PUT,2026-02-06,CMCSA
CMCSA260206P00029000,29.0,0.41,0.37,0.5,4.0,137.0,0.35742830078125,False,PUT,2026-02-06,CMCSA
CMCSA260206P00029500,29.5,0.5,0.63,0.76,6.0,5.0,0.366217275390625,True,PUT,2026-02-06,CMCSA
CMCSA260206P00030000,30.0,2.02,0.96,1.07,1.0,42.0,0.36914693359375,True,PUT,2026-02-06,CMCSA
CMCSA260206P00031000,31.0,2.09,0.98,3.35,1.0,7.0,0.6064492480468751,True,PUT,2026-02-06,CMCSA
CMCSA260206P00032000,32.0,3.89,1.42,3.95,,3.0,1.2441444042968748,True,PUT,2026-02-06,CMCSA
CMCSA260213C00025000,25.0,3.43,2.99,5.8,,10.0,1.40625296875,True,CALL,2026-02-13,CMCSA
CMCSA260213C00026000,26.0,2.76,2.34,4.2,44.0,28.0,0.9238288867187501,True,CALL,2026-02-13,CMCSA
CMCSA260213C00027000,27.0,3.15,1.15,4.5,1.0,23.0,0.5732464550781251,True,CALL,2026-02-13,CMCSA
CMCSA260213C00028000,28.0,2.3,1.47,1.8,8.0,48.0,0.415044912109375,True,CALL,2026-02-13,CMCSA
CMCSA260213C00029000,29.0,1.41,0.81,1.07,5.0,1236.0,0.366217275390625,True,CALL,2026-02-13,CMCSA
CMCSA260213C00030000,30.0,0.59,0.34,0.53,41.0,200.0,0.331061376953125,False,CALL,2026-02-13,CMCSA
CMCSA260213C00031000,31.0,0.26,0.2,0.24,30.0,219.0,0.3242255078124999,False,CALL,2026-02-13,CMCSA
CMCSA260213C00032000,32.0,0.12,0.1,0.16,7.0,140.0,0.37305314453125,False,CALL,2026-02-13,CMCSA
CMCSA260213C00033000,33.0,0.16,0.03,0.11,1.0,13.0,0.41602146484374997,False,CALL,2026-02-13,CMCSA
CMCSA260213C00034000,34.0,0.1,0.0,1.18,53.0,53.0,0.823243955078125,False,CALL,2026-02-13,CMCSA
CMCSA260213C00035000,35.0,0.13,0.0,0.08,,1.0,0.523442265625,False,CALL,2026-02-13,CMCSA
CMCSA260213C00036000,36.0,0.13,0.0,2.13,,1.0,1.2578162109375,False,CALL,2026-02-13,CMCSA
CMCSA260213P00023000,23.0,0.09,0.0,2.13,1.0,1.0,1.5292992285156248,False,PUT,2026-02-13,CMCSA
CMCSA260213P00024000,24.0,0.09,0.0,2.13,26.0,13.0,1.3603547607421875,False,PUT,2026-02-13,CMCSA
CMCSA260213P00025000,25.0,0.11,0.0,0.18,11.0,45.0,0.51562984375,False,PUT,2026-02-13,CMCSA
CMCSA260213P00026000,26.0,0.05,0.03,0.08,45.0,207.0,0.4023497265625,False,PUT,2026-02-13,CMCSA
CMCSA260213P00027000,27.0,0.11,0.09,0.15,11.0,263.0,0.3632876171875,False,PUT,2026-02-13,CMCSA
CMCSA260213P00028000,28.0,0.2,0.25,0.31,4.0,57.0,0.33789724609375,False,PUT,2026-02-13,CMCSA
CMCSA260213P00029000,29.0,0.43,0.57,0.65,2.0,50.0,0.331061376953125,False,PUT,2026-02-13,CMCSA
CMCSA260213P00030000,30.0,0.8,1.07,1.16,5.0,11.0,0.31641308593749995,True,PUT,2026-02-13,CMCSA
CMCSA260213P00031000,31.0,2.2,0.5,4.2,1.0,0.0,0.5390671093750001,True,PUT,2026-02-13,CMCSA
CMCSA260220C00022500,22.5,7.3,5.25,9.15,1.0,4.0,0.9179695703125,True,CALL,2026-02-20,CMCSA
CMCSA260220C00024000,24.0,5.45,4.5,6.3,50.0,50.0,1.0849655126953124,True,CALL,2026-02-20,CMCSA
CMCSA260220C00025000,25.0,3.1,3.3,5.25,12.0,55.0,0.9257819921875,True,CALL,2026-02-20,CMCSA
CMCSA260220C00026000,26.0,2.52,2.44,4.4,,1.0,0.85742330078125,True,CALL,2026-02-20,CMCSA
CMCSA260220C00027500,27.5,2.69,2.0,2.47,89.0,400.0,0.47852083984375,True,CALL,2026-02-20,CMCSA
CMCSA260220C00028000,28.0,1.9,1.64,1.83,11.0,361.0,0.358404853515625,True,CALL,2026-02-20,CMCSA
CMCSA260220C00028500,28.5,1.58,1.29,1.58,397.0,450.0,0.38477177734374995,True,CALL,2026-02-20,CMCSA
CMCSA260220C00029000,29.0,1.26,1.04,1.13,1270.0,7170.0,0.32617861328125,True,CALL,2026-02-20,CMCSA
CMCSA260220C00029500,29.5,0.95,0.75,0.85,5.0,726.0,0.31592480957031244,False,CALL,2026-02-20,CMCSA
CMCSA260220C00030000,30.0,0.6,0.55,0.67,9440.0,20630.0,0.32520206054687495,False,CALL,2026-02-20,CMCSA
CMCSA260220C00030500,30.5,0.54,0.38,0.49,14.0,405.0,0.32129584960937496,False,CALL,2026-02-20,CMCSA
CMCSA260220C00031000,31.0,0.3,0.27,0.36,7658.0,4635.0,0.3227606787109374,False,CALL,2026-02-20,CMCSA
CMCSA260220C00032000,32.0,0.16,0.1,0.18,81.0,353.0,0.3232489550781249,False,CALL,2026-02-20,CMCSA
CMCSA260220C00032500,32.5,0.16,0.09,0.14,7.0,2418.0,0.334967587890625,False,CALL,2026-02-20,CMCSA
CMCSA260220C00033000,33.0,0.09,0.05,0.1,1.0,331.0,0.33789724609375,False,CALL,2026-02-20,CMCSA
CMCSA260220C00034000,34.0,0.02,0.02,0.07,4.0,562.0,0.3711000390625,False,CALL,2026-02-20,CMCSA
CMCSA260220C00035000,35.0,0.03,0.0,0.05,101.0,102.0,0.398443515625,False,CALL,2026-02-20,CMCSA
CMCSA260220C00036000,36.0,0.04,0.0,0.1,2.0,8.0,0.5136767382812499,False,CALL,2026-02-20,CMCSA
CMCSA260220C00037500,37.5,0.09,0.01,0.16,3.0,71.0,0.5722699023437501,False,CALL,2026-02-20,CMCSA
CMCSA260220P00021000,21.0,0.03,0.0,0.02,100.0,1926.0,0.5625043750000001,False,PUT,2026-02-20,CMCSA
CMCSA260220P00022500,22.5,0.03,0.01,0.14,2.0,99.0,0.6250037500000001,False,PUT,2026-02-20,CMCSA
CMCSA260220P00023000,23.0,0.09,0.0,0.59,,10.0,0.8085956640624999,False,PUT,2026-02-20,CMCSA
CMCSA260220P00024000,24.0,0.09,0.0,0.22,35.0,4148.0,0.5390671093750001,False,PUT,2026-02-20,CMCSA
CMCSA260220P00025000,25.0,0.06,0.05,0.18,197.0,36032.0,0.5136767382812499,False,PUT,2026-02-20,CMCSA
CMCSA260220P00025500,25.5,0.23,0.0,0.3,3.0,15.0,0.5468795312500001,False,PUT,2026-02-20,CMCSA
CMCSA260220P00026000,26.0,0.11,0.08,0.12,13.0,1183.0,0.37305314453125,False,PUT,2026-02-20,CMCSA
CMCSA260220P00026500,26.5,0.12,0.1,0.16,1.0,91.0,0.35742830078125,False,PUT,2026-02-20,CMCSA
CMCSA260220P00027000,27.0,0.18,0.16,0.2,57.0,190.0,0.33399103515625,False,PUT,2026-02-20,CMCSA
CMCSA260220P00027500,27.5,0.25,0.24,0.29,5095.0,11066.0,0.32910827148437494,False,PUT,2026-02-20,CMCSA
CMCSA260220P00028000,28.0,0.34,0.3,0.41,852.0,650.0,0.3237372314453124,False,PUT,2026-02-20,CMCSA
CMCSA260220P00028500,28.5,0.45,0.46,0.57,21.0,1242.0,0.32080757324218745,False,PUT,2026-02-20,CMCSA
CMCSA260220P00029000,29.0,0.67,0.62,0.76,2941.0,3079.0,0.31445998046874996,False,PUT,2026-02-20,CMCSA
CMCSA260220P00029500,29.5,0.85,0.88,1.01,68.0,982.0,0.31445998046874996,True,PUT,2026-02-20,CMCSA
CMCSA260220P00030000,30.0,1.12,1.17,1.31,11.0,108.0,0.31641308593749995,True,PUT,2026-02-20,CMCSA
CMCSA260220P00032500,32.5,3.9,2.4,4.7,6.0,1.0,0.920899228515625,True,PUT,2026-02-20,CMCSA
CMCSA260220P00035000,35.0,5.65,4.9,7.1,1.0,12.0,0.629886513671875,True,PUT,2026-02-20,CMCSA
CMCSA260220P00037500,37.5,9.15,6.65,9.55,12.0,18.0,1.29297228515625,True,PUT,2026-02-20,CMCSA
CMCSA260227C00024000,24.0,4.12,4.6,7.1,,3.0,0.7382838671874999,True,CALL,2026-02-27,CMCSA
CMCSA260227C00025000,25.0,3.52,3.55,5.7,,10.0,0.5185595019531251,True,CALL,2026-02-27,CMCSA
CMCSA260227C00027000,27.0,2.6,1.25,3.6,1.0,11.0,0.6972686523437501,True,CALL,2026-02-27,CMCSA
CMCSA260227C00028000,28.0,1.39,1.72,1.98,1.0,181.0,0.36475244628906256,True,CALL,2026-02-27,CMCSA
CMCSA260227C00029000,29.0,1.52,1.11,1.23,46.0,177.0,0.31592480957031244,True,CALL,2026-02-27,CMCSA
CMCSA260227C00030000,30.0,0.77,0.61,0.76,18.0,70.0,0.31250687499999996,False,CALL,2026-02-27,CMCSA
CMCSA260227C00031000,31.0,0.47,0.39,0.47,29.0,1176.0,0.3217841259765625,False,CALL,2026-02-27,CMCSA
CMCSA260227C00032000,32.0,0.22,0.03,0.27,32.0,488.0,0.32520206054687495,False,CALL,2026-02-27,CMCSA
CMCSA260227C00033000,33.0,0.07,0.09,0.16,1.0,10.0,0.335944140625,False,CALL,2026-02-27,CMCSA
CMCSA260227C00034000,34.0,0.11,0.03,0.2,3.0,30.0,0.418951123046875,False,CALL,2026-02-27,CMCSA
CMCSA260227C00035000,35.0,0.12,0.0,0.51,92.0,95.0,0.507817421875,False,CALL,2026-02-27,CMCSA
CMCSA260227P00021000,21.0,0.01,0.0,0.07,10.0,60.0,0.5820354296875,False,PUT,2026-02-27,CMCSA
CMCSA260227P00022000,22.0,0.15,0.0,2.14,,10.0,1.2460975195312498,False,PUT,2026-02-27,CMCSA
CMCSA260227P00023000,23.0,0.17,0.0,2.15,,0.0,1.1215864233398438,False,PUT,2026-02-27,CMCSA
CMCSA260227P00024000,24.0,0.11,0.0,0.75,8.0,8.0,0.6621127539062501,False,PUT,2026-02-27,CMCSA
CMCSA260227P00025000,25.0,0.25,0.04,0.22,60.0,133.0,0.476567734375,False,PUT,2026-02-27,CMCSA
CMCSA260227P00026000,26.0,0.2,0.11,0.25,5.0,33.0,0.4062559375,False,PUT,2026-02-27,CMCSA
CMCSA260227P00027000,27.0,0.27,0.2,0.29,92.0,347.0,0.334967587890625,False,PUT,2026-02-27,CMCSA
CMCSA260227P00028000,28.0,0.43,0.42,0.5,4.0,46.0,0.3154365332031249,False,PUT,2026-02-27,CMCSA
CMCSA260227P00029000,29.0,0.67,0.74,0.85,4.0,60.0,0.30274134765625,False,PUT,2026-02-27,CMCSA
CMCSA260227P00030000,30.0,2.18,1.27,1.36,2.0,4.0,0.2924875439453124,True,PUT,2026-02-27,CMCSA
CMCSA260227P00031000,31.0,2.65,1.98,2.13,1.0,6.0,0.32031929687499994,True,PUT,2026-02-27,CMCSA
CMCSA260227P00032000,32.0,3.0,1.94,3.35,6.0,1.0,0.48389187988281257,True,PUT,2026-02-27,CMCSA
CMCSA260306C00031000,31.0,0.54,0.39,0.57,9.0,24.0,0.32031929687499994,False,CALL,2026-03-06,CMCSA
CMCSA260306C00034000,34.0,0.15,0.05,0.2,6.0,1.0,0.37695935546875,False,CALL,2026-03-06,CMCSA
CMCSA260306P00028000,28.0,0.39,0.47,0.66,25.0,59.0,0.33301448242187504,False,PUT,2026-03-06,CMCSA
CMCSA260320C00022500,22.5,6.8,5.6,7.85,11.0,4.0,0.8867198828124999,True,CALL,2026-03-20,CMCSA
CMCSA260320C00024000,24.0,5.26,4.7,6.6,10.0,31.0,0.8261736132812498,True,CALL,2026-03-20,CMCSA
CMCSA260320C00025000,25.0,4.85,4.5,4.75,3.0,357.0,0.4497125341796875,True,CALL,2026-03-20,CMCSA
CMCSA260320C00026000,26.0,2.6,2.29,4.5,5.0,11.0,0.6040078662109377,True,CALL,2026-03-20,CMCSA
CMCSA260320C00027500,27.5,2.57,2.3,2.73,7.0,508.0,0.39063109375,True,CALL,2026-03-20,CMCSA
CMCSA260320C00029000,29.0,1.58,1.38,1.57,91.0,1566.0,0.32129584960937496,True,CALL,2026-03-20,CMCSA
CMCSA260320C00030000,30.0,1.15,0.92,1.08,4527.0,9453.0,0.313483427734375,False,CALL,2026-03-20,CMCSA
CMCSA260320C00031000,31.0,0.77,0.63,0.73,824.0,3974.0,0.313483427734375,False,CALL,2026-03-20,CMCSA
CMCSA260320C00032500,32.5,0.37,0.31,0.36,65.0,3128.0,0.30664755859375,False,CALL,2026-03-20,CMCSA
CMCSA260320C00034000,34.0,0.18,0.15,0.22,1.0,590.0,0.33008482421874996,False,CALL,2026-03-20,CMCSA
CMCSA260320C00035000,35.0,0.13,0.07,0.19,6.0,235.0,0.35938140625,False,CALL,2026-03-20,CMCSA
CMCSA260320C00036000,36.0,0.07,0.05,0.13,5.0,6.0,0.36524072265625,False,CALL,2026-03-20,CMCSA
CMCSA260320C00037500,37.5,0.06,0.0,0.15,1.0,3.0,0.432622861328125,False,CALL,2026-03-20,CMCSA
CMCSA260320P00021000,21.0,0.13,0.0,0.16,,2.0,0.51562984375,False,PUT,2026-03-20,CMCSA
CMCSA260320P00022500,22.5,0.08,0.0,0.12,5.0,62.0,0.46289599609375004,False,PUT,2026-03-20,CMCSA
CMCSA260320P00024000,24.0,0.14,0.01,0.28,2.0,148.0,0.463872548828125,False,PUT,2026-03-20,CMCSA
CMCSA260320P00025000,25.0,0.14,0.14,0.19,28.0,4520.0,0.3505924316406249,False,PUT,2026-03-20,CMCSA
CMCSA260320P00026000,26.0,0.25,0.23,0.28,27.0,914.0,0.3242255078124999,False,PUT,2026-03-20,CMCSA
CMCSA260320P00027500,27.5,0.52,0.51,0.6,65.0,4379.0,0.31153032226562494,False,PUT,2026-03-20,CMCSA
CMCSA260320P00029000,29.0,0.96,1.03,1.13,89.0,1315.0,0.29688203124999996,False,PUT,2026-03-20,CMCSA
CMCSA260320P00030000,30.0,1.49,1.51,1.65,327.0,293.0,0.2919992675781249,True,PUT,2026-03-20,CMCSA
CMCSA260320P00031000,31.0,1.79,2.07,2.28,168.0,5.0,0.2846751220703124,True,PUT,2026-03-20,CMCSA
CMCSA260320P00032500,32.5,3.68,3.55,3.9,1.0,5975.0,0.4165097412109374,True,PUT,2026-03-20,CMCSA
CMCSA260320P00035000,35.0,5.57,5.25,6.95,3.0,2404.0,0.710940390625,True,PUT,2026-03-20,CMCSA
CMCSA260320P00037500,37.5,8.0,7.6,8.5,1.0,616.0,0.5283250292968751,True,PUT,2026-03-20,CMCSA
CMCSA260417C00021000,21.0,8.2,7.1,10.65,5.0,6.0,0.6635775830078127,True,CALL,2026-04-17,CMCSA
CMCSA260417C00022500,22.5,6.27,5.65,8.4,2.0,16.0,0.8652357226562499,True,CALL,2026-04-17,CMCSA
CMCSA260417C00024000,24.0,4.7,4.2,7.55,,11.0,0.8930674755859375,True,CALL,2026-04-17,CMCSA
CMCSA260417C00025000,25.0,4.75,3.25,5.65,3.0,15.0,0.5976602734375001,True,CALL,2026-04-17,CMCSA
CMCSA260417C00026000,26.0,3.65,2.68,4.7,26.0,210.0,0.5302781347656251,True,CALL,2026-04-17,CMCSA
CMCSA260417C00027500,27.5,3.2,2.6,2.99,25.0,202.0,0.3676821044921875,True,CALL,2026-04-17,CMCSA
CMCSA260417C00029000,29.0,2.12,1.64,1.78,94.0,3141.0,0.29688203124999996,True,CALL,2026-04-17,CMCSA
CMCSA260417C00030000,30.0,1.3,1.16,1.34,377.0,4863.0,0.30005582763671873,False,CALL,2026-04-17,CMCSA
CMCSA260417C00031000,31.0,1.02,0.85,0.94,693.0,2610.0,0.2929758203124999,False,CALL,2026-04-17,CMCSA
CMCSA260417C00032500,32.5,0.53,0.5,0.58,138.0,4343.0,0.299811689453125,False,CALL,2026-04-17,CMCSA
CMCSA260417C00034000,34.0,0.28,0.25,0.35,45.0,465.0,0.30664755859375,False,CALL,2026-04-17,CMCSA
CMCSA260417C00035000,35.0,0.25,0.19,0.31,25.0,1319.0,0.3315496533203125,False,CALL,2026-04-17,CMCSA
CMCSA260417C00036000,36.0,0.2,0.09,0.2,1.0,67.0,0.32520206054687495,False,CALL,2026-04-17,CMCSA
CMCSA260417C00037500,37.5,0.13,0.0,0.25,2.0,26.0,0.39258419921875,False,CALL,2026-04-17,CMCSA
CMCSA260417P00021000,21.0,0.12,0.0,0.57,1.0,81.0,0.5507857421875001,False,PUT,2026-04-17,CMCSA
CMCSA260417P00022500,22.5,0.23,0.01,0.36,2.0,333.0,0.4931691308593751,False,PUT,2026-04-17,CMCSA
CMCSA260417P00024000,24.0,0.31,0.17,0.43,5.0,1036.0,0.4272518212890626,False,PUT,2026-04-17,CMCSA
CMCSA260417P00025000,25.0,0.3,0.29,0.33,159.0,3405.0,0.33399103515625,False,PUT,2026-04-17,CMCSA
CMCSA260417P00026000,26.0,0.41,0.44,0.5,15.0,786.0,0.3242255078124999,False,PUT,2026-04-17,CMCSA
CMCSA260417P00027500,27.5,0.85,0.84,0.9,112.0,620.0,0.3149482568359374,False,PUT,2026-04-17,CMCSA
CMCSA260417P00029000,29.0,1.34,1.42,1.5,606.0,707.0,0.3073799731445312,False,PUT,2026-04-17,CMCSA
CMCSA260417P00030000,30.0,1.73,1.93,1.98,130.0,186.0,0.2954172021484375,True,PUT,2026-04-17,CMCSA
CMCSA260417P00031000,31.0,2.28,2.55,2.78,39.0,33.0,0.327155166015625,True,PUT,2026-04-17,CMCSA
CMCSA260417P00032500,32.5,4.65,3.55,3.9,78.0,81.0,0.33447931152343746,True,PUT,2026-04-17,CMCSA
CMCSA260417P00035000,35.0,6.15,5.55,6.35,223.0,854.0,0.43555251953125,True,PUT,2026-04-17,CMCSA
CMCSA260417P00037500,37.5,8.6,7.0,9.75,2.0,5.0,0.7407252490234374,True,PUT,2026-04-17,CMCSA
CMCSA260618C00022500,22.5,5.45,5.75,8.55,1.0,5.0,0.6772493212890626,True,CALL,2026-06-18,CMCSA
CMCSA260618C00024000,24.0,5.74,4.95,7.05,,1.0,0.5800823242187501,True,CALL,2026-06-18,CMCSA
CMCSA260618C00025000,25.0,5.0,4.9,5.8,90.0,121.0,0.47363807617187503,True,CALL,2026-06-18,CMCSA
CMCSA260618C00026000,26.0,4.28,4.15,4.6,,2.0,0.38013315185546875,True,CALL,2026-06-18,CMCSA
CMCSA260618C00027500,27.5,2.78,3.2,3.55,23.0,439.0,0.35938140625,True,CALL,2026-06-18,CMCSA
CMCSA260618C00029000,29.0,2.49,2.37,2.54,17.0,137.0,0.32813171874999997,True,CALL,2026-06-18,CMCSA
CMCSA260618C00030000,30.0,2.01,1.77,2.03,220.0,4038.0,0.31958688232421867,False,CALL,2026-06-18,CMCSA
CMCSA260618C00031000,31.0,1.65,1.48,1.65,45.0,172.0,0.3200751586914062,False,CALL,2026-06-18,CMCSA
CMCSA260618C00032500,32.5,1.25,1.06,1.16,106.0,1345.0,0.31641308593749995,False,CALL,2026-06-18,CMCSA
CMCSA260618C00034000,34.0,0.82,0.73,0.81,60.0,722.0,0.31592480957031244,False,CALL,2026-06-18,CMCSA
CMCSA260618C00035000,35.0,0.65,0.56,0.63,27.0,334.0,0.3156806713867187,False,CALL,2026-06-18,CMCSA
CMCSA260618C00036000,36.0,0.51,0.38,0.52,88.0,123.0,0.3227606787109374,False,CALL,2026-06-18,CMCSA
CMCSA260618C00037500,37.5,0.25,0.25,0.43,3125.0,17.0,0.34180345703125,False,CALL,2026-06-18,CMCSA
CMCSA260618P00021000,21.0,0.26,0.0,0.53,2.0,9.0,0.4936574072265626,False,PUT,2026-06-18,CMCSA
CMCSA260618P00022500,22.5,0.35,0.26,0.93,4.0,106.0,0.514653291015625,False,PUT,2026-06-18,CMCSA
CMCSA260618P00024000,24.0,0.66,0.45,0.62,30.0,1301.0,0.36524072265625,False,PUT,2026-06-18,CMCSA
CMCSA260618P00025000,25.0,0.61,0.62,0.72,8.0,610.0,0.335944140625,False,PUT,2026-06-18,CMCSA
CMCSA260618P00026000,26.0,0.89,0.84,0.95,111.0,283.0,0.32642275146484373,False,PUT,2026-06-18,CMCSA
CMCSA260618P00027500,27.5,1.3,1.29,1.42,329.0,698.0,0.3154365332031249,False,PUT,2026-06-18,CMCSA
CMCSA260618P00029000,29.0,2.04,2.0,2.1,1186.0,795.0,0.313483427734375,False,PUT,2026-06-18,CMCSA
CMCSA260618P00030000,30.0,2.57,2.4,2.63,50.0,298.0,0.3107979077148437,True,PUT,2026-06-18,CMCSA
CMCSA260618P00031000,31.0,2.82,2.99,3.25,498.0,11.0,0.3112861840820312,True,PUT,2026-06-18,CMCSA
CMCSA260618P00032500,32.5,4.05,4.05,4.95,1.0,27.0,0.40796490478515623,True,PUT,2026-06-18,CMCSA
CMCSA260618P00035000,35.0,6.5,4.35,6.4,108.0,12.0,0.3354558642578125,True,PUT,2026-06-18,CMCSA
CMCSA260618P00037500,37.5,8.31,8.0,8.85,23.0,866.0,0.397466962890625,True,PUT,2026-06-18,CMCSA
CMCSA260717C00022500,22.5,6.95,5.95,8.55,1.0,1.0,0.6167030517578126,True,CALL,2026-07-17,CMCSA
CMCSA260717C00024000,24.0,5.74,4.5,7.35,,1.0,0.5769085278320312,True,CALL,2026-07-17,CMCSA
CMCSA260717C00025000,25.0,5.85,5.15,5.55,1.0,25.0,0.39087523193359375,True,CALL,2026-07-17,CMCSA
CMCSA260717C00026000,26.0,4.35,4.4,4.7,1.0,3.0,0.36133451171875,True,CALL,2026-07-17,CMCSA
CMCSA260717C00027500,27.5,3.1,3.4,3.7,1.0,138.0,0.34766277343749996,True,CALL,2026-07-17,CMCSA
CMCSA260717C00029000,29.0,2.15,2.56,2.84,2.0,75.0,0.33667655517578127,True,CALL,2026-07-17,CMCSA
CMCSA260717C00030000,30.0,1.83,2.05,2.37,6.0,1097.0,0.33350275878906255,False,CALL,2026-07-17,CMCSA
CMCSA260717C00031000,31.0,1.62,1.59,1.96,4.0,7.0,0.33081723876953123,False,CALL,2026-07-17,CMCSA
CMCSA260717C00032500,32.5,1.33,1.14,1.45,117.0,79.0,0.327155166015625,False,CALL,2026-07-17,CMCSA
CMCSA260717C00034000,34.0,0.88,0.85,1.07,15.0,35.0,0.3266668896484375,False,CALL,2026-07-17,CMCSA
CMCSA260717C00035000,35.0,0.75,0.66,0.87,3.0,55.0,0.32691102783203124,False,CALL,2026-07-17,CMCSA
CMCSA260717C00036000,36.0,0.5,0.43,0.71,10.0,13.0,0.32813171874999997,False,CALL,2026-07-17,CMCSA
CMCSA260717C00037500,37.5,0.45,0.29,0.52,10.0,276.0,0.33008482421874996,False,CALL,2026-07-17,CMCSA
CMCSA260717P00021000,21.0,0.27,0.11,0.43,2.0,7.0,0.42188078125,False,PUT,2026-07-17,CMCSA
CMCSA260717P00022500,22.5,0.46,0.38,0.44,1.0,58.0,0.3579165771484375,False,PUT,2026-07-17,CMCSA
CMCSA260717P00024000,24.0,0.7,0.59,0.77,2.0,8.0,0.36255520263671875,False,PUT,2026-07-17,CMCSA
CMCSA260717P00025000,25.0,0.85,0.79,0.9,87.0,945.0,0.33814138427734375,False,PUT,2026-07-17,CMCSA
CMCSA260717P00026000,26.0,1.37,1.01,1.24,1.0,4.0,0.3425358715820312,False,PUT,2026-07-17,CMCSA
CMCSA260717P00027500,27.5,1.85,1.48,1.72,13.0,141.0,0.32813171874999997,False,PUT,2026-07-17,CMCSA
CMCSA260717P00029000,29.0,2.15,2.11,2.36,2.0,69.0,0.3186103295898437,False,PUT,2026-07-17,CMCSA
CMCSA260717P00030000,30.0,2.95,2.62,2.91,5.0,6.0,0.3181220532226562,True,PUT,2026-07-17,CMCSA
CMCSA260717P00032500,32.5,6.26,4.4,4.9,1.0,6.0,0.36499658447265626,True,PUT,2026-07-17,CMCSA
CMCSA260918C00022500,22.5,5.96,6.05,8.8,24.0,3.0,0.5642133422851563,True,CALL,2026-09-18,CMCSA
CMCSA260918C00025000,25.0,5.28,4.0,5.8,1.0,26.0,0.3684145190429688,True,CALL,2026-09-18,CMCSA
CMCSA260918C00026000,26.0,4.46,4.7,5.1,1.0,2.0,0.35938140625,True,CALL,2026-09-18,CMCSA
CMCSA260918C00027500,27.5,4.35,3.75,4.2,1.0,4446.0,0.354376573486328,True,CALL,2026-09-18,CMCSA
CMCSA260918C00029000,29.0,2.98,2.98,3.4,20.0,329.0,0.34839518798828123,True,CALL,2026-09-18,CMCSA
CMCSA260918C00030000,30.0,2.92,2.5,2.91,49.0,86.0,0.34278000976562495,False,CALL,2026-09-18,CMCSA
CMCSA260918C00031000,31.0,1.91,2.08,2.5,,3.0,0.34058276611328125,False,CALL,2026-09-18,CMCSA
CMCSA260918C00032500,32.5,1.56,1.56,1.98,5.0,97.0,0.3386296606445312,False,CALL,2026-09-18,CMCSA
CMCSA260918C00034000,34.0,1.31,1.21,1.52,22.0,58.0,0.3332586206054688,False,CALL,2026-09-18,CMCSA
CMCSA260918C00035000,35.0,1.1,0.87,1.15,14.0,261.0,0.3156806713867187,False,CALL,2026-09-18,CMCSA
CMCSA260918C00037500,37.5,0.75,0.56,0.8,1.0,26.0,0.32642275146484373,False,CALL,2026-09-18,CMCSA
CMCSA260918P00022500,22.5,0.71,0.59,1.26,2.0,130.0,0.4555718505859375,False,PUT,2026-09-18,CMCSA
CMCSA260918P00024000,24.0,0.88,0.86,0.98,8.0,5.0,0.34326828613281246,False,PUT,2026-09-18,CMCSA
CMCSA260918P00025000,25.0,1.11,0.98,1.34,10.0,65.0,0.35156898437499995,False,PUT,2026-09-18,CMCSA
CMCSA260918P00027500,27.5,2.11,1.88,2.18,1.0,164.0,0.3332586206054688,False,PUT,2026-09-18,CMCSA
CMCSA260918P00029000,29.0,2.8,2.53,2.81,5.0,209.0,0.32092964233398436,False,PUT,2026-09-18,CMCSA
CMCSA260918P00030000,30.0,3.9,3.0,3.35,51.0,51.0,0.3188544677734374,True,PUT,2026-09-18,CMCSA
CMCSA260918P00032500,32.5,4.95,4.55,4.85,46.0,47.0,0.3061592822265625,True,PUT,2026-09-18,CMCSA
CMCSA260918P00035000,35.0,6.55,6.55,7.1,2.0,221.0,0.35108070800781244,True,PUT,2026-09-18,CMCSA
CMCSA260918P00037500,37.5,9.3,7.1,9.65,80.0,10.0,0.41919526123046874,True,PUT,2026-09-18,CMCSA
CMCSA261218C00022500,22.5,6.5,6.35,8.95,20.0,18.0,0.4973194799804688,True,CALL,2026-12-18,CMCSA
CMCSA261218C00025000,25.0,4.98,5.75,6.2,1.0,4.0,0.35767243896484374,True,CALL,2026-12-18,CMCSA
CMCSA261218C00027500,27.5,4.5,4.25,4.7,12.0,178.0,0.34888346435546874,True,CALL,2026-12-18,CMCSA
CMCSA261218C00030000,30.0,3.43,3.0,3.5,1.0,195.0,0.3442448388671875,False,CALL,2026-12-18,CMCSA
CMCSA261218C00032500,32.5,2.22,2.03,2.52,20.0,56.0,0.3371648315429688,False,CALL,2026-12-18,CMCSA
CMCSA261218C00035000,35.0,1.53,1.28,1.56,3.0,183.0,0.3100654931640625,False,CALL,2026-12-18,CMCSA
CMCSA261218C00037500,37.5,1.15,0.98,1.15,168.0,62.0,0.31836619140624994,False,CALL,2026-12-18,CMCSA
CMCSA261218P00022500,22.5,0.94,0.91,1.16,5.0,54.0,0.37256486816406253,False,PUT,2026-12-18,CMCSA
CMCSA261218P00025000,25.0,1.78,1.5,1.82,1.0,495.0,0.35278967529296873,False,PUT,2026-12-18,CMCSA
CMCSA261218P00027500,27.5,2.7,2.37,2.72,10.0,894.0,0.33521172607421873,False,PUT,2026-12-18,CMCSA
CMCSA261218P00030000,30.0,3.8,3.55,3.9,24.0,345.0,0.32031929687499994,True,PUT,2026-12-18,CMCSA
CMCSA261218P00032500,32.5,5.44,5.05,5.35,1.0,12.0,0.30664755859375,True,PUT,2026-12-18,CMCSA
CMCSA261218P00035000,35.0,7.8,6.8,7.2,1.0,10.0,0.3078682495117187,True,PUT,2026-12-18,CMCSA
CMCSA261218P00037500,37.5,10.15,8.55,10.1,22.0,41.0,0.4019835192871094,True,PUT,2026-12-18,CMCSA
CMCSA270115C00022500,22.5,7.35,6.9,8.4,20.0,10.0,0.4096738720703125,True,CALL,2027-01-15,CMCSA
CMCSA270115C00025000,25.0,5.8,5.85,6.25,25.0,39.0,0.34839518798828123,True,CALL,2027-01-15,CMCSA
CMCSA270115C00027500,27.5,3.8,4.3,4.75,2.0,505.0,0.3393620751953125,True,CALL,2027-01-15,CMCSA
CMCSA270115C00030000,30.0,3.2,3.05,3.45,70.0,988.0,0.3259344750976562,False,CALL,2027-01-15,CMCSA
CMCSA270115C00032500,32.5,2.34,2.11,2.45,10.0,1215.0,0.317389638671875,False,CALL,2027-01-15,CMCSA
CMCSA270115C00035000,35.0,1.66,1.42,1.67,35.0,6357.0,0.30811238769531246,False,CALL,2027-01-15,CMCSA
CMCSA270115C00037500,37.5,1.17,0.88,1.14,388.0,62.0,0.30445031494140623,False,CALL,2027-01-15,CMCSA
CMCSA270115P00022500,22.5,1.05,1.04,1.14,60.0,1150.0,0.35474278076171867,False,PUT,2027-01-15,CMCSA
CMCSA270115P00025000,25.0,1.85,1.61,1.94,3.0,2382.0,0.3513248461914062,False,PUT,2027-01-15,CMCSA
CMCSA270115P00027500,27.5,2.57,2.54,2.8,32.0,615.0,0.32898620239257803,False,PUT,2027-01-15,CMCSA
CMCSA270115P00030000,30.0,4.28,3.65,4.05,42.0,369.0,0.3205634350585937,True,PUT,2027-01-15,CMCSA
CMCSA270115P00032500,32.5,6.16,5.15,5.5,3.0,41.0,0.3073799731445312,True,PUT,2027-01-15,CMCSA
CMCSA270115P00035000,35.0,7.25,6.9,7.3,1.0,48.0,0.3050606604003906,True,PUT,2027-01-15,CMCSA
CMCSA270115P00037500,37.5,10.15,8.9,9.7,4.0,10.0,0.3461979443359374,True,PUT,2027-01-15,CMCSA
CMCSA270617C00022500,22.5,8.7,7.35,8.85,3.0,46.0,0.3881897119140625,True,CALL,2027-06-17,CMCSA
CMCSA270617C00025000,25.0,5.35,4.5,7.9,1.0,66.0,0.4338435522460938,True,CALL,2027-06-17,CMCSA
CMCSA270617C00027500,27.5,5.2,4.1,5.85,3.0,287.0,0.36865865722656255,True,CALL,2027-06-17,CMCSA
CMCSA270617C00030000,30.0,4.2,3.5,5.35,3.0,53.0,0.4116269775390625,False,CALL,2027-06-17,CMCSA
CMCSA270617C00032500,32.5,3.05,1.16,4.05,30.0,167.0,0.3815979809570312,False,CALL,2027-06-17,CMCSA
CMCSA270617C00035000,35.0,2.45,2.25,2.94,2.0,5.0,0.35425450439453116,False,CALL,2027-06-17,CMCSA
CMCSA270617C00037500,37.5,1.79,1.51,1.91,30.0,65.0,0.31958688232421867,False,CALL,2027-06-17,CMCSA
CMCSA270617P00022500,22.5,2.06,1.48,2.15,257.0,593.0,0.40210558837890625,False,PUT,2027-06-17,CMCSA
CMCSA270617P00025000,25.0,2.67,2.35,2.94,107.0,142.0,0.3806214282226562,False,PUT,2027-06-17,CMCSA
CMCSA270617P00027500,27.5,3.8,2.95,5.0,40.0,41.0,0.4456842541503906,False,PUT,2027-06-17,CMCSA
CMCSA270617P00030000,30.0,4.87,2.0,7.0,36.0,9.0,0.4852346398925781,True,PUT,2027-06-17,CMCSA
CMCSA270617P00032500,32.5,6.31,4.1,8.0,1.0,1.0,0.4390925231933594,True,PUT,2027-06-17,CMCSA
CMCSA270617P00035000,35.0,8.04,5.5,10.0,1.0,2.0,0.45703667968750006,True,PUT,2027-06-17,CMCSA
CMCSA270617P00037500,37.5,11.45,9.55,11.0,1.0,263.0,0.39234006103515623,True,PUT,2027-06-17,CMCSA
CMCSA271217C00022500,22.5,7.9,7.0,11.0,4.0,1.0,0.5105029418945313,True,CALL,2027-12-17,CMCSA
CMCSA271217C00025000,25.0,7.45,6.6,8.45,2.0,3.0,0.41174904663085937,True,CALL,2027-12-17,CMCSA
CMCSA271217C00027500,27.5,5.4,4.6,7.05,21.0,43.0,0.39600213378906257,True,CALL,2027-12-17,CMCSA
CMCSA271217C00030000,30.0,4.15,2.5,7.0,5.0,26.0,0.45825737060546884,False,CALL,2027-12-17,CMCSA
CMCSA271217C00032500,32.5,3.6,1.5,5.45,10.0,33.0,0.41431249755859373,False,CALL,2027-12-17,CMCSA
CMCSA271217C00035000,35.0,2.79,2.07,4.05,2.0,32.0,0.3734193518066406,False,CALL,2027-12-17,CMCSA
CMCSA271217C00037500,37.5,2.7,2.5,3.65,1.0,27.0,0.3880676428222656,False,CALL,2027-12-17,CMCSA
CMCSA271217P00022500,22.5,2.2,1.88,5.0,1.0,2.0,0.5786174951171875,False,PUT,2027-12-17,CMCSA
CMCSA271217P00025000,25.0,3.1,2.45,5.1,9.0,412.0,0.48413601806640627,False,PUT,2027-12-17,CMCSA
CMCSA271217P00027500,27.5,4.35,3.4,5.65,15.0,23.0,0.42566492309570314,False,PUT,2027-12-17,CMCSA
CMCSA271217P00030000,30.0,5.5,5.45,5.8,1.0,276.0,0.3393620751953125,True,PUT,2027-12-17,CMCSA
CMCSA271217P00032500,32.5,8.68,6.8,7.6,20.0,172.0,0.3513248461914062,True,PUT,2027-12-17,CMCSA
CMCSA271217P00035000,35.0,10.35,6.5,11.5,10.0,196.0,0.48511257080078124,True,PUT,2027-12-17,CMCSA
CMCSA271217P00037500,37.5,11.58,8.0,13.0,10.0,171.0,0.46289599609375004,True,PUT,2027-12-17,CMCSA
CMCSA280121C00022500,22.5,8.7,8.25,10.0,6.0,110.0,0.4184628466796875,True,CALL,2028-01-21,CMCSA
CMCSA280121C00025000,25.0,6.05,5.55,8.0,22.0,221.0,0.36963520996093746,True,CALL,2028-01-21,CMCSA
CMCSA280121C00027500,27.5,6.07,4.8,6.35,3.0,8210.0,0.34058276611328125,True,CALL,2028-01-21,CMCSA
CMCSA280121C00030000,30.0,4.56,4.0,5.0,9.0,181.0,0.3223944714355468,False,CALL,2028-01-21,CMCSA
CMCSA280121C00032500,32.5,4.1,2.97,4.75,1.0,46.0,0.3614565808105469,False,CALL,2028-01-21,CMCSA
CMCSA280121C00035000,35.0,3.1,2.83,3.2,21.0,133.0,0.31214066772460936,False,CALL,2028-01-21,CMCSA
CMCSA280121C00037500,37.5,2.12,2.25,3.6,1.0,17.0,0.3754945263671875,False,CALL,2028-01-21,CMCSA
CMCSA280121P00022500,22.5,2.23,2.16,2.63,2.0,2.0,0.3756165954589844,False,PUT,2028-01-21,CMCSA
CMCSA280121P00025000,25.0,2.77,3.0,3.8,1.0,606.0,0.37964487548828124,False,PUT,2028-01-21,CMCSA
CMCSA280121P00027500,27.5,4.0,2.98,4.8,20.0,195.0,0.35950347534179683,False,PUT,2028-01-21,CMCSA
CMCSA280121P00030000,30.0,5.1,4.65,5.65,7.0,28.0,0.3217841259765625,True,PUT,2028-01-21,CMCSA
CMCSA280121P00032500,32.5,8.65,6.95,7.45,1.0,45.0,0.3336248278808594,True,PUT,2028-01-21,CMCSA
CMCSA280121P00035000,35.0,10.0,8.05,10.5,1.0,20.0,0.4124814611816406,True,PUT,2028-01-21,CMCSA
CMCSA280121P00037500,37.5,12.25,10.25,11.8,5.0,26.0,0.37805797729492185,True,PUT,2028-01-21,CMCSA
CMG260130C00028000,28.0,11.2,9.35,12.7,2.0,5.0,2.6484408789062504,True,CALL,2026-01-30,CMG
CMG260130C00029000,29.0,10.2,8.05,11.95,1.0,30.0,2.3125042187499996,True,CALL,2026-01-30,CMG
CMG260130C00030000,30.0,9.2,8.35,10.95,43.0,23.0,3.5332042919921873,True,CALL,2026-01-30,CMG
CMG260130C00031000,31.0,8.1,6.05,9.7,47.0,68.0,4.632816708984375,True,CALL,2026-01-30,CMG
CMG260130C00032000,32.0,7.86,6.5,7.15,1.0,8.0,2.050786123046875,True,CALL,2026-01-30,CMG
CMG260130C00033000,33.0,6.11,5.5,6.15,7.0,194.0,1.8007822460937497,True,CALL,2026-01-30,CMG
CMG260130C00034000,34.0,5.27,4.5,5.6,6.0,244.0,1.3515657421874998,True,CALL,2026-01-30,CMG
CMG260130C00034500,34.5,5.46,4.0,5.15,2.0,4.0,1.29297228515625,True,CALL,2026-01-30,CMG
CMG260130C00035000,35.0,4.0,4.0,4.3,7.0,224.0,1.3085972070312497,True,CALL,2026-01-30,CMG
CMG260130C00035500,35.5,3.46,3.15,3.85,24.0,43.0,0.9062509375,True,CALL,2026-01-30,CMG
CMG260130C00036000,36.0,2.98,2.74,3.35,2.0,126.0,0.8906260937499999,True,CALL,2026-01-30,CMG
CMG260130C00036500,36.5,2.5,2.17,2.61,123.0,303.0,0.87500125,True,CALL,2026-01-30,CMG
CMG260130C00037000,37.0,1.95,1.73,2.18,13.0,296.0,0.8398453515625,True,CALL,2026-01-30,CMG
CMG260130C00037500,37.5,1.67,1.3,1.83,11.0,26.0,0.5625043750000001,True,CALL,2026-01-30,CMG
CMG260130C00038000,38.0,1.1,0.9,1.31,26.0,519.0,0.68555001953125,True,CALL,2026-01-30,CMG
CMG260130C00038500,38.5,0.81,0.6,0.96,23.0,79.0,0.65039412109375,True,CALL,2026-01-30,CMG
CMG260130C00039000,39.0,0.42,0.29,0.56,255.0,467.0,0.5293015820312501,False,CALL,2026-01-30,CMG
CMG260130C00039500,39.5,0.14,0.11,0.16,983.0,758.0,0.335944140625,False,CALL,2026-01-30,CMG
CMG260130C00040000,40.0,0.06,0.05,0.07,1098.0,2326.0,0.3437565625,False,CALL,2026-01-30,CMG
CMG260130C00040500,40.5,0.02,0.01,0.03,428.0,1312.0,0.35938140625,False,CALL,2026-01-30,CMG
CMG260130C00041000,41.0,0.01,0.01,0.02,150.0,6771.0,0.4062559375,False,CALL,2026-01-30,CMG
CMG260130C00041500,41.5,0.01,0.0,0.02,6.0,820.0,0.48438015625,False,CALL,2026-01-30,CMG
CMG260130C00042000,42.0,0.01,0.0,0.01,55.0,2415.0,0.500005,False,CALL,2026-01-30,CMG
CMG260130C00042500,42.5,0.01,0.0,0.01,15.0,199.0,0.500005,False,CALL,2026-01-30,CMG
CMG260130C00043000,43.0,0.01,0.0,0.01,7.0,5887.0,0.5625043750000001,False,CALL,2026-01-30,CMG
CMG260130C00043500,43.5,0.01,0.0,0.01,1.0,671.0,0.6250037500000001,False,CALL,2026-01-30,CMG
CMG260130C00044000,44.0,0.01,0.0,0.01,4.0,611.0,0.6875031250000001,False,CALL,2026-01-30,CMG
CMG260130C00045000,45.0,0.01,0.0,0.04,13.0,498.0,0.945313046875,False,CALL,2026-01-30,CMG
CMG260130C00046000,46.0,0.01,0.0,1.45,3.0,37.0,2.43750390625,False,CALL,2026-01-30,CMG
CMG260130C00047000,47.0,0.02,0.0,2.13,,3.0,3.031252421875,False,CALL,2026-01-30,CMG
CMG260130C00049000,49.0,0.03,0.0,0.05,,3.0,1.4375028125,False,CALL,2026-01-30,CMG
CMG260130C00050000,50.0,0.01,0.0,0.01,9.0,105.0,1.2500037499999999,False,CALL,2026-01-30,CMG
CMG260130P00028000,28.0,0.05,0.0,0.01,10.0,13.0,1.6875015625,False,PUT,2026-01-30,CMG
CMG260130P00029000,29.0,0.05,0.0,0.5,1.0,1.0,2.81250296875,False,PUT,2026-01-30,CMG
CMG260130P00030000,30.0,0.01,0.0,2.13,10.0,11.0,4.019536225585938,False,PUT,2026-01-30,CMG
CMG260130P00031000,31.0,0.47,0.0,2.13,1.0,25.0,3.67968830078125,False,PUT,2026-01-30,CMG
CMG260130P00032000,32.0,0.04,0.0,2.13,10.0,27.0,3.3437516406249994,False,PUT,2026-01-30,CMG
CMG260130P00033000,33.0,0.04,0.0,1.35,1.0,221.0,2.496097509765625,False,PUT,2026-01-30,CMG
CMG260130P00034000,34.0,0.03,0.0,0.09,2.0,177.0,1.0390673046875003,False,PUT,2026-01-30,CMG
CMG260130P00034500,34.5,0.06,0.0,1.4,2.0,31.0,2.0781298046874994,False,PUT,2026-01-30,CMG
CMG260130P00035000,35.0,0.05,0.0,0.01,1.0,328.0,0.5937540625000001,False,PUT,2026-01-30,CMG
CMG260130P00035500,35.5,0.02,0.0,0.17,1.0,33.0,0.87500125,False,PUT,2026-01-30,CMG
CMG260130P00036000,36.0,0.01,0.0,0.01,16.0,355.0,0.500005,False,PUT,2026-01-30,CMG
CMG260130P00036500,36.5,0.02,0.0,0.03,1.0,13.0,0.523442265625,False,PUT,2026-01-30,CMG
CMG260130P00037000,37.0,0.03,0.0,0.03,5.0,308.0,0.42969320312500003,False,PUT,2026-01-30,CMG
CMG260130P00037500,37.5,0.05,0.02,0.12,14.0,204.0,0.500005,False,PUT,2026-01-30,CMG
CMG260130P00038000,38.0,0.12,0.05,0.2,41.0,1665.0,0.47070841796875,False,PUT,2026-01-30,CMG
CMG260130P00038500,38.5,0.17,0.15,0.35,74.0,524.0,0.46094289062500005,False,PUT,2026-01-30,CMG
CMG260130P00039000,39.0,0.32,0.33,0.59,265.0,1307.0,0.4687553125,True,PUT,2026-01-30,CMG
CMG260130P00039500,39.5,0.6,0.66,0.74,761.0,2207.0,0.31445998046874996,True,PUT,2026-01-30,CMG
CMG260130P00040000,40.0,1.1,0.9,1.15,132.0,690.0,0.31250687499999996,True,PUT,2026-01-30,CMG
CMG260130P00040500,40.5,1.51,1.24,1.77,24.0,852.0,0.5937540625000001,True,PUT,2026-01-30,CMG
CMG260130P00041000,41.0,2.0,1.73,2.3,25.0,553.0,0.74414318359375,True,PUT,2026-01-30,CMG
CMG260130P00041500,41.5,2.37,2.22,2.88,1.0,15.0,0.9589847851562499,True,PUT,2026-01-30,CMG
CMG260130P00042000,42.0,3.02,2.81,3.15,4.0,83.0,0.6640658593750002,True,PUT,2026-01-30,CMG
CMG260130P00043000,43.0,3.9,3.55,4.5,5.0,0.0,1.431643466796875,True,PUT,2026-01-30,CMG
CMG260130P00044000,44.0,5.12,4.6,5.5,1.0,0.0,1.6308612207031248,True,PUT,2026-01-30,CMG
CMG260130P00045000,45.0,4.41,5.35,6.55,,0.0,1.890625546875,True,PUT,2026-01-30,CMG
CMG260130P00046000,46.0,5.51,6.05,8.65,1.0,0.0,1.74609501953125,True,PUT,2026-01-30,CMG
CMG260130P00048000,48.0,8.9,7.3,10.55,2.0,0.0,3.6484383789062504,True,PUT,2026-01-30,CMG
CMG260130P00050000,50.0,10.9,9.3,12.85,2.0,1.0,4.343754570312499,True,PUT,2026-01-30,CMG
CMG260206C00030000,30.0,9.59,8.65,9.65,2.0,19.0,1.203128984375,True,CALL,2026-02-06,CMG
CMG260206C00032000,32.0,7.24,6.7,7.75,45.0,28.0,1.0390673046875003,True,CALL,2026-02-06,CMG
CMG260206C00032500,32.5,6.75,6.15,7.25,48.0,21.0,0.95507857421875,True,CALL,2026-02-06,CMG
CMG260206C00033000,33.0,6.4,5.8,6.8,8.0,27.0,0.9785158398437501,True,CALL,2026-02-06,CMG
CMG260206C00033500,33.5,7.6,4.75,6.35,2.0,2.0,0.6894562304687502,True,CALL,2026-02-06,CMG
CMG260206C00034000,34.0,5.89,4.95,5.9,7.0,28.0,0.93945373046875,True,CALL,2026-02-06,CMG
CMG260206C00034500,34.5,4.98,4.5,5.45,6.0,23.0,0.903321279296875,True,CALL,2026-02-06,CMG
CMG260206C00035000,35.0,4.68,4.15,4.9,7.0,155.0,0.8642591699218749,True,CALL,2026-02-06,CMG
CMG260206C00035500,35.5,3.85,3.75,4.8,1.0,18.0,0.929688203125,True,CALL,2026-02-06,CMG
CMG260206C00036000,36.0,4.0,3.6,3.9,1.0,64.0,0.840821904296875,True,CALL,2026-02-06,CMG
CMG260206C00036500,36.5,3.4,3.3,3.6,61.0,74.0,0.85937640625,True,CALL,2026-02-06,CMG
CMG260206C00037000,37.0,3.16,2.98,3.15,6.0,212.0,0.8300798242187499,True,CALL,2026-02-06,CMG
CMG260206C00037500,37.5,3.2,2.62,3.55,13.0,16.0,0.9697268652343749,True,CALL,2026-02-06,CMG
CMG260206C00038000,38.0,2.53,2.37,2.73,6.0,179.0,0.85937640625,True,CALL,2026-02-06,CMG
CMG260206C00038500,38.5,2.15,2.12,2.44,53.0,43.0,0.8564467480468749,True,CALL,2026-02-06,CMG
CMG260206C00039000,39.0,2.0,1.84,2.03,73.0,756.0,0.813478427734375,False,CALL,2026-02-06,CMG
CMG260206C00039500,39.5,1.84,1.61,1.8,130.0,51.0,0.8115253222656249,False,CALL,2026-02-06,CMG
CMG260206C00040000,40.0,1.56,1.4,1.61,89.0,1247.0,0.8125018749999999,False,CALL,2026-02-06,CMG
CMG260206C00040500,40.5,1.34,1.2,1.39,23.0,57.0,0.8022480712890624,False,CALL,2026-02-06,CMG
CMG260206C00041000,41.0,1.19,1.04,1.2,130.0,838.0,0.79883013671875,False,CALL,2026-02-06,CMG
CMG260206C00041500,41.5,1.1,0.82,1.07,25.0,384.0,0.78711150390625,False,CALL,2026-02-06,CMG
CMG260206C00042000,42.0,0.89,0.72,0.92,34.0,1656.0,0.790041162109375,False,CALL,2026-02-06,CMG
CMG260206C00042500,42.5,0.75,0.55,0.79,4.0,229.0,0.772463212890625,False,CALL,2026-02-06,CMG
CMG260206C00043000,43.0,0.6,0.52,0.66,55.0,1177.0,0.7841818457031251,False,CALL,2026-02-06,CMG
CMG260206C00043500,43.5,0.51,0.35,0.66,50.0,68.0,0.7861349511718749,False,CALL,2026-02-06,CMG
CMG260206C00044000,44.0,0.41,0.36,0.45,33.0,852.0,0.772463212890625,False,CALL,2026-02-06,CMG
CMG260206C00044500,44.5,0.33,0.13,0.43,15.0,41.0,0.72851833984375,False,CALL,2026-02-06,CMG
CMG260206C00045000,45.0,0.26,0.21,0.32,230.0,1798.0,0.7578149218750001,False,CALL,2026-02-06,CMG
CMG260206C00045500,45.5,0.17,0.16,0.29,25.0,43.0,0.762697685546875,False,CALL,2026-02-06,CMG
CMG260206C00046000,46.0,0.19,0.1,0.29,61.0,945.0,0.77148666015625,False,CALL,2026-02-06,CMG
CMG260206C00046500,46.5,0.17,0.0,0.26,1.0,20.0,0.73633076171875,False,CALL,2026-02-06,CMG
CMG260206C00047000,47.0,0.15,0.06,0.22,3.0,344.0,0.7812521875,False,CALL,2026-02-06,CMG
CMG260206C00047500,47.5,0.1,0.06,0.16,48.0,225.0,0.773439765625,False,CALL,2026-02-06,CMG
CMG260206C00048000,48.0,0.11,0.01,0.2,2.0,565.0,0.79883013671875,False,CALL,2026-02-06,CMG
CMG260206C00049000,49.0,0.17,0.0,0.25,160.0,171.0,0.8906260937499999,False,CALL,2026-02-06,CMG
CMG260206C00050000,50.0,0.03,0.02,0.07,4.0,1344.0,0.7929708203125,False,CALL,2026-02-06,CMG
CMG260206P00030000,30.0,0.06,0.04,0.08,86.0,1206.0,0.8945323046874999,False,PUT,2026-02-06,CMG
CMG260206P00031000,31.0,0.07,0.0,0.21,6.0,673.0,0.8867198828124999,False,PUT,2026-02-06,CMG
CMG260206P00032000,32.0,0.12,0.09,0.15,130.0,25493.0,0.8085956640624999,False,PUT,2026-02-06,CMG
CMG260206P00033000,33.0,0.14,0.11,0.28,4.0,393.0,0.7949239257812499,False,PUT,2026-02-06,CMG
CMG260206P00034000,34.0,0.39,0.26,0.47,27.0,306.0,0.8261736132812498,False,PUT,2026-02-06,CMG
CMG260206P00034500,34.5,0.43,0.32,0.45,5.0,2.0,0.7773459765625,False,PUT,2026-02-06,CMG
CMG260206P00035000,35.0,0.49,0.44,0.54,23.0,630.0,0.7832052929687501,False,PUT,2026-02-06,CMG
CMG260206P00035500,35.5,0.6,0.42,0.7,1.0,60.0,0.7568383691406251,False,PUT,2026-02-06,CMG
CMG260206P00036000,36.0,0.82,0.63,0.84,8.0,668.0,0.7812521875,False,PUT,2026-02-06,CMG
CMG260206P00036500,36.5,0.84,0.69,0.98,8.0,54.0,0.75586181640625,False,PUT,2026-02-06,CMG
CMG260206P00037000,37.0,1.0,0.97,1.18,60.0,883.0,0.789064609375,False,PUT,2026-02-06,CMG
CMG260206P00037500,37.5,1.22,1.11,1.32,32.0,520.0,0.7656273437500001,False,PUT,2026-02-06,CMG
CMG260206P00038000,38.0,1.5,1.25,1.57,21.0,758.0,0.7578149218750001,False,PUT,2026-02-06,CMG
CMG260206P00038500,38.5,1.68,1.59,1.8,21.0,64.0,0.77929908203125,False,PUT,2026-02-06,CMG
CMG260206P00039000,39.0,1.85,1.84,2.01,2056.0,540.0,0.7685570019531252,True,PUT,2026-02-06,CMG
CMG260206P00039500,39.5,2.25,2.11,2.37,23.0,195.0,0.7841818457031251,True,PUT,2026-02-06,CMG
CMG260206P00040000,40.0,2.46,2.41,2.58,172.0,445.0,0.7670921728515626,True,PUT,2026-02-06,CMG
CMG260206P00040500,40.5,2.9,2.71,3.0,107.0,8.0,0.7851583984375,True,PUT,2026-02-06,CMG
CMG260206P00041000,41.0,3.15,3.0,3.4,264.0,231.0,0.790041162109375,True,PUT,2026-02-06,CMG
CMG260206P00042000,42.0,2.68,3.55,5.75,140.0,185.0,1.1206098657226562,True,PUT,2026-02-06,CMG
CMG260206P00043000,43.0,4.1,3.65,5.15,2.0,13.0,0.6113320117187502,True,PUT,2026-02-06,CMG
CMG260206P00043500,43.5,3.45,4.45,5.35,1.0,1.0,0.6562534375000001,True,PUT,2026-02-06,CMG
CMG260206P00044000,44.0,5.12,4.75,5.8,1.0,141.0,0.6005899316406251,True,PUT,2026-02-06,CMG
CMG260206P00044500,44.5,4.22,5.15,6.25,1.0,1.0,0.56055126953125,True,PUT,2026-02-06,CMG
CMG260206P00045000,45.0,4.05,5.65,6.7,1.0,7.0,0.56055126953125,True,PUT,2026-02-06,CMG
CMG260206P00046000,46.0,6.08,6.55,7.65,,1.0,1.0429735351562504,True,PUT,2026-02-06,CMG
CMG260206P00047000,47.0,9.6,7.5,8.6,19.0,19.0,1.0927779736328125,True,PUT,2026-02-06,CMG
CMG260206P00050000,50.0,10.32,10.35,11.55,1.0,1.0,1.2812535937499998,True,PUT,2026-02-06,CMG
CMG260213C00029000,29.0,11.15,9.55,10.8,,1.0,1.017583037109375,True,CALL,2026-02-13,CMG
CMG260213C00030000,30.0,10.19,8.65,9.85,2.0,4.0,0.9863282617187501,True,CALL,2026-02-13,CMG
CMG260213C00031000,31.0,8.68,7.7,8.85,1.0,5.0,0.9082040429687499,True,CALL,2026-02-13,CMG
CMG260213C00032000,32.0,7.9,6.75,7.85,3.0,8.0,0.8300798242187499,True,CALL,2026-02-13,CMG
CMG260213C00033000,33.0,7.29,5.9,6.95,1.0,15.0,0.804689453125,True,CALL,2026-02-13,CMG
CMG260213C00034000,34.0,6.08,5.05,6.0,4.0,10.0,0.752932158203125,True,CALL,2026-02-13,CMG
CMG260213C00035000,35.0,4.7,4.4,5.0,6.0,44.0,0.7231472998046875,True,CALL,2026-02-13,CMG
CMG260213C00036000,36.0,4.07,3.7,4.05,2.0,45.0,0.6777375976562501,True,CALL,2026-02-13,CMG
CMG260213C00037000,37.0,3.17,3.0,3.35,1.0,55.0,0.6596713720703126,True,CALL,2026-02-13,CMG
CMG260213C00038000,38.0,2.58,2.5,2.7,5.0,157.0,0.6606479248046876,True,CALL,2026-02-13,CMG
CMG260213C00039000,39.0,2.1,1.96,2.18,53.0,83.0,0.6518589501953126,False,CALL,2026-02-13,CMG
CMG260213C00040000,40.0,1.64,1.55,1.69,31.0,325.0,0.6455113574218749,False,CALL,2026-02-13,CMG
CMG260213C00041000,41.0,1.26,1.2,1.33,73.0,177.0,0.64648791015625,False,CALL,2026-02-13,CMG
CMG260213C00042000,42.0,0.96,0.86,1.01,14.0,337.0,0.6333044482421876,False,CALL,2026-02-13,CMG
CMG260213C00043000,43.0,0.72,0.65,0.78,49.0,331.0,0.637698935546875,False,CALL,2026-02-13,CMG
CMG260213C00044000,44.0,0.49,0.45,0.57,4.0,204.0,0.6279334082031252,False,CALL,2026-02-13,CMG
CMG260213C00045000,45.0,0.4,0.28,0.38,11.0,946.0,0.6054726953125001,False,CALL,2026-02-13,CMG
CMG260213C00046000,46.0,0.32,0.18,0.54,1.0,45.0,0.6835969140625001,False,CALL,2026-02-13,CMG
CMG260213C00047000,47.0,0.17,0.11,0.39,2.0,97.0,0.6728548339843752,False,CALL,2026-02-13,CMG
CMG260213C00048000,48.0,0.29,0.0,0.8,1.0,17.0,0.823243955078125,False,CALL,2026-02-13,CMG
CMG260213C00049000,49.0,0.13,0.0,0.9,,1.0,0.9072274902343749,False,CALL,2026-02-13,CMG
CMG260213C00050000,50.0,0.14,0.01,0.12,2.0,415.0,0.632816171875,False,CALL,2026-02-13,CMG
CMG260213P00028000,28.0,0.1,0.0,2.15,,1.0,1.67578287109375,False,PUT,2026-02-13,CMG
CMG260213P00030000,30.0,0.05,0.0,0.14,4.0,27.0,0.6875031250000001,False,PUT,2026-02-13,CMG
CMG260213P00031000,31.0,0.11,0.0,0.28,11.0,12.0,0.7070341796875,False,PUT,2026-02-13,CMG
CMG260213P00032000,32.0,0.23,0.05,0.32,1.0,57.0,0.6699251757812501,False,PUT,2026-02-13,CMG
CMG260213P00033000,33.0,0.25,0.2,0.44,2.0,30.0,0.684573466796875,False,PUT,2026-02-13,CMG
CMG260213P00034000,34.0,0.32,0.36,0.49,1.0,41.0,0.6523472265625001,False,PUT,2026-02-13,CMG
CMG260213P00035000,35.0,0.67,0.55,0.65,15.0,551.0,0.637698935546875,False,PUT,2026-02-13,CMG
CMG260213P00036000,36.0,0.9,0.79,0.85,2.0,158.0,0.6191444335937502,False,PUT,2026-02-13,CMG
CMG260213P00037000,37.0,1.16,1.1,1.18,43.0,127.0,0.6137733935546876,False,PUT,2026-02-13,CMG
CMG260213P00038000,38.0,1.55,1.47,1.62,523.0,115.0,0.6113320117187502,False,PUT,2026-02-13,CMG
CMG260213P00039000,39.0,2.03,1.94,2.07,2555.0,64.0,0.6010782080078126,True,PUT,2026-02-13,CMG
CMG260213P00040000,40.0,2.56,2.46,2.64,28.0,967.0,0.5927775097656252,True,PUT,2026-02-13,CMG
CMG260213P00041000,41.0,3.13,3.1,3.25,3.0,32.0,0.5839885351562499,True,PUT,2026-02-13,CMG
CMG260213P00042000,42.0,3.3,3.45,4.25,2.0,51.0,0.567387138671875,True,PUT,2026-02-13,CMG
CMG260213P00043000,43.0,4.3,4.35,4.9,100.0,112.0,0.561527822265625,True,PUT,2026-02-13,CMG
CMG260213P00044000,44.0,5.59,4.85,5.8,3.0,13.0,0.7094755615234375,True,PUT,2026-02-13,CMG
CMG260213P00049000,49.0,8.5,9.4,11.1,,1.0,0.69336244140625,True,PUT,2026-02-13,CMG
CMG260220C00027500,27.5,12.13,11.15,12.2,2.0,1747.0,0.9697268652343749,True,CALL,2026-02-20,CMG
CMG260220C00030000,30.0,10.08,8.75,9.8,4.0,870.0,0.8388687988281249,True,CALL,2026-02-20,CMG
CMG260220C00032000,32.0,7.98,6.75,7.9,5.0,6.0,0.7050810742187501,True,CALL,2026-02-20,CMG
CMG260220C00032500,32.5,6.6,6.55,7.0,4.0,1840.0,0.63867548828125,True,CALL,2026-02-20,CMG
CMG260220C00033000,33.0,6.85,5.95,6.95,1.0,3.0,0.6826203613281252,True,CALL,2026-02-20,CMG
CMG260220C00034000,34.0,6.27,5.1,6.05,1.0,1.0,0.647464462890625,True,CALL,2026-02-20,CMG
CMG260220C00034500,34.5,6.06,4.7,5.65,2.0,5.0,0.6401403173828125,True,CALL,2026-02-20,CMG
CMG260220C00035000,35.0,4.7,4.45,4.9,204.0,5505.0,0.594730615234375,True,CALL,2026-02-20,CMG
CMG260220C00036000,36.0,4.39,3.75,4.1,1.0,207.0,0.5805706005859376,True,CALL,2026-02-20,CMG
CMG260220C00037000,37.0,3.05,3.05,3.45,2.0,213.0,0.5712933496093751,True,CALL,2026-02-20,CMG
CMG260220C00037500,37.5,2.91,2.86,3.05,7.0,8652.0,0.5712933496093751,True,CALL,2026-02-20,CMG
CMG260220C00038000,38.0,2.89,2.5,2.83,92.0,121.0,0.5678754150390625,True,CALL,2026-02-20,CMG
CMG260220C00038500,38.5,2.95,2.25,2.59,1.0,14.0,0.5717816259765626,True,CALL,2026-02-20,CMG
CMG260220C00039000,39.0,2.25,2.1,2.3,12.0,45.0,0.577152666015625,False,CALL,2026-02-20,CMG
CMG260220C00039500,39.5,1.87,1.77,2.07,9.0,86.0,0.5625043750000001,False,CALL,2026-02-20,CMG
CMG260220C00040000,40.0,1.7,1.62,1.69,53.0,14418.0,0.5473678076171876,False,CALL,2026-02-20,CMG
CMG260220C00040500,40.5,1.77,1.29,1.63,35.0,137.0,0.5454147021484376,False,CALL,2026-02-20,CMG
CMG260220C00041000,41.0,1.32,1.28,1.39,16.0,159.0,0.5576216113281252,False,CALL,2026-02-20,CMG
CMG260220C00041500,41.5,1.12,1.04,1.27,1.0,37.0,0.5512740185546876,False,CALL,2026-02-20,CMG
CMG260220C00042000,42.0,0.96,0.9,1.08,12.0,178.0,0.543949873046875,False,CALL,2026-02-20,CMG
CMG260220C00042500,42.5,0.86,0.81,0.86,123.0,8396.0,0.5351608984375,False,CALL,2026-02-20,CMG
CMG260220C00043000,43.0,0.76,0.67,0.82,9.0,90.0,0.5415084912109377,False,CALL,2026-02-20,CMG
CMG260220C00043500,43.5,0.68,0.56,0.73,16.0,81.0,0.5415084912109377,False,CALL,2026-02-20,CMG
CMG260220C00044000,44.0,0.54,0.45,0.63,3.0,315.0,0.5351608984375,False,CALL,2026-02-20,CMG
CMG260220C00045000,45.0,0.38,0.35,0.41,72.0,11078.0,0.5273484765625001,False,CALL,2026-02-20,CMG
CMG260220C00046000,46.0,0.26,0.21,0.31,2.0,271.0,0.5205126074218749,False,CALL,2026-02-20,CMG
CMG260220C00047000,47.0,0.2,0.11,0.22,1.0,490.0,0.507817421875,False,CALL,2026-02-20,CMG
CMG260220C00047500,47.5,0.17,0.11,0.19,12.0,3075.0,0.51758294921875,False,CALL,2026-02-20,CMG
CMG260220C00048000,48.0,0.22,0.06,0.24,2.0,30.0,0.5380905566406251,False,CALL,2026-02-20,CMG
CMG260220C00049000,49.0,0.14,0.03,0.19,1.0,18.0,0.5429733203125001,False,CALL,2026-02-20,CMG
CMG260220C00050000,50.0,0.08,0.07,0.08,57.0,6380.0,0.5410202148437502,False,CALL,2026-02-20,CMG
CMG260220P00027500,27.5,0.05,0.05,0.08,18.0,3238.0,0.726565234375,False,PUT,2026-02-20,CMG
CMG260220P00030000,30.0,0.12,0.09,0.12,40.0,15877.0,0.6210975390625001,False,PUT,2026-02-20,CMG
CMG260220P00031000,31.0,0.05,0.03,0.2,3.0,66.0,0.5664105859375,False,PUT,2026-02-20,CMG
CMG260220P00032000,32.0,0.19,0.18,0.21,50.0,33396.0,0.5664105859375,False,PUT,2026-02-20,CMG
CMG260220P00032500,32.5,0.25,0.23,0.25,62.0,103009.0,0.561527822265625,False,PUT,2026-02-20,CMG
CMG260220P00033000,33.0,0.23,0.23,0.3,1.0,8.0,0.5400436621093752,False,PUT,2026-02-20,CMG
CMG260220P00034000,34.0,0.46,0.4,0.52,4.0,27.0,0.559574716796875,False,PUT,2026-02-20,CMG
CMG260220P00034500,34.5,0.4,0.44,0.61,1.0,37.0,0.5454147021484376,False,PUT,2026-02-20,CMG
CMG260220P00035000,35.0,0.63,0.58,0.66,213.0,5244.0,0.5390671093750001,False,PUT,2026-02-20,CMG
CMG260220P00035500,35.5,0.75,0.67,0.8,10.0,100.0,0.5351608984375,False,PUT,2026-02-20,CMG
CMG260220P00036000,36.0,0.96,0.85,0.9,4.0,403.0,0.5336960693359375,False,PUT,2026-02-20,CMG
CMG260220P00036500,36.5,0.99,0.92,1.06,1.0,164.0,0.5200243310546875,False,PUT,2026-02-20,CMG
CMG260220P00037000,37.0,1.21,1.14,1.21,172.0,939.0,0.5219774365234374,False,PUT,2026-02-20,CMG
CMG260220P00037500,37.5,1.42,1.35,1.41,1732.0,54347.0,0.5239305419921875,False,PUT,2026-02-20,CMG
CMG260220P00038000,38.0,1.65,1.52,1.65,611.0,442.0,0.5205126074218749,False,PUT,2026-02-20,CMG
CMG260220P00038500,38.5,1.4,1.71,1.96,4.0,292.0,0.5239305419921875,False,PUT,2026-02-20,CMG
CMG260220P00039000,39.0,2.07,2.01,2.1,570.0,93.0,0.5141650146484374,True,PUT,2026-02-20,CMG
CMG260220P00039500,39.5,2.36,2.23,2.47,3.0,151.0,0.5190477783203125,True,PUT,2026-02-20,CMG
CMG260220P00040000,40.0,2.62,2.52,2.71,569.0,4107.0,0.5112353564453125,True,PUT,2026-02-20,CMG
CMG260220P00040500,40.5,2.5,2.79,3.15,63.0,167.0,0.5219774365234374,True,PUT,2026-02-20,CMG
CMG260220P00041000,41.0,2.91,3.0,3.35,5.0,144.0,0.5351608984375,True,PUT,2026-02-20,CMG
CMG260220P00041500,41.5,3.1,3.45,3.7,9.0,19.0,0.5009815527343751,True,PUT,2026-02-20,CMG
CMG260220P00042000,42.0,3.52,3.55,4.05,3.0,10.0,0.5327195166015625,True,PUT,2026-02-20,CMG
CMG260220P00042500,42.5,3.62,4.15,4.4,1.0,930.0,0.524418818359375,True,PUT,2026-02-20,CMG
CMG260220P00045000,45.0,6.39,6.2,6.45,1.0,873.0,0.514653291015625,True,PUT,2026-02-20,CMG
CMG260220P00047500,47.5,9.98,8.05,9.05,1.0,8.0,0.6865265722656251,True,PUT,2026-02-20,CMG
CMG260220P00050000,50.0,12.6,10.45,11.5,1.0,0.0,0.7763694238281251,True,PUT,2026-02-20,CMG
CMG260227C00030000,30.0,10.41,7.85,9.8,,1.0,0.973633076171875,True,CALL,2026-02-27,CMG
CMG260227C00033000,33.0,7.24,5.9,7.05,96.0,109.0,0.6074258007812501,True,CALL,2026-02-27,CMG
CMG260227C00034000,34.0,7.23,5.0,6.2,2.0,40.0,0.5751995605468749,True,CALL,2026-02-27,CMG
CMG260227C00036000,36.0,4.63,3.95,4.25,1.0,8.0,0.5546919531250001,True,CALL,2026-02-27,CMG
CMG260227C00037000,37.0,3.8,3.25,3.6,5.0,17.0,0.5429733203125001,True,CALL,2026-02-27,CMG
CMG260227C00038000,38.0,3.0,2.75,3.0,6.0,19.0,0.5459029785156251,True,CALL,2026-02-27,CMG
CMG260227C00039000,39.0,2.37,2.22,2.43,5.0,105.0,0.5336960693359375,False,CALL,2026-02-27,CMG
CMG260227C00040000,40.0,1.79,1.73,1.89,13.0,282.0,0.5141650146484374,False,CALL,2026-02-27,CMG
CMG260227C00041000,41.0,1.47,1.33,1.55,12.0,118.0,0.5131884619140624,False,CALL,2026-02-27,CMG
CMG260227C00042000,42.0,1.09,1.0,1.3,42.0,75.0,0.516606396484375,False,CALL,2026-02-27,CMG
CMG260227C00043000,43.0,0.86,0.75,0.93,7.0,62.0,0.5004932763671875,False,CALL,2026-02-27,CMG
CMG260227C00044000,44.0,0.5,0.53,0.78,30.0,36.0,0.5043994873046875,False,CALL,2026-02-27,CMG
CMG260227C00045000,45.0,0.54,0.4,0.58,10.0,308.0,0.5019581054687501,False,CALL,2026-02-27,CMG
CMG260227C00046000,46.0,0.44,0.24,0.43,1.0,125.0,0.5273484765625001,False,CALL,2026-02-27,CMG
CMG260227C00047000,47.0,0.31,0.15,0.95,17.0,138.0,0.6171913281250001,False,CALL,2026-02-27,CMG
CMG260227C00048000,48.0,0.4,0.0,0.4,20.0,46.0,0.5029346582031251,False,CALL,2026-02-27,CMG
CMG260227C00049000,49.0,0.24,0.01,0.16,1.0,74.0,0.5127001855468749,False,CALL,2026-02-27,CMG
CMG260227C00050000,50.0,0.1,0.0,0.16,1.0,65.0,0.5468795312500001,False,CALL,2026-02-27,CMG
CMG260227P00029000,29.0,0.1,0.0,0.96,3.0,2.0,0.8652357226562499,False,PUT,2026-02-27,CMG
CMG260227P00030000,30.0,0.08,0.0,0.76,2.0,3.0,0.737307314453125,False,PUT,2026-02-27,CMG
CMG260227P00031000,31.0,0.12,0.0,0.49,,11.0,0.5908244042968751,False,PUT,2026-02-27,CMG
CMG260227P00032000,32.0,0.34,0.0,2.25,,2.0,0.883790224609375,False,PUT,2026-02-27,CMG
CMG260227P00033000,33.0,0.32,0.28,0.5,3.0,18.0,0.532231240234375,False,PUT,2026-02-27,CMG
CMG260227P00034000,34.0,0.41,0.44,0.55,9.0,48.0,0.5034229345703125,False,PUT,2026-02-27,CMG
CMG260227P00035000,35.0,0.66,0.64,0.85,1.0,102.0,0.5112353564453125,False,PUT,2026-02-27,CMG
CMG260227P00036000,36.0,0.75,0.89,1.06,1.0,50.0,0.51758294921875,False,PUT,2026-02-27,CMG
CMG260227P00037000,37.0,1.33,1.23,1.37,3.0,89.0,0.5053760400390624,False,PUT,2026-02-27,CMG
CMG260227P00038000,38.0,1.67,1.62,1.79,4.0,37.0,0.5034229345703125,False,PUT,2026-02-27,CMG
CMG260227P00039000,39.0,2.22,2.06,2.34,1.0,23.0,0.514653291015625,True,PUT,2026-02-27,CMG
CMG260227P00040000,40.0,2.64,2.61,2.87,7.0,45.0,0.5053760400390624,True,PUT,2026-02-27,CMG
CMG260227P00041000,41.0,3.25,3.15,3.5,9.0,3.0,0.5039112109375,True,PUT,2026-02-27,CMG
CMG260227P00042000,42.0,3.35,3.85,4.15,,1.0,0.49170430175781255,True,PUT,2026-02-27,CMG
CMG260227P00044000,44.0,4.4,4.65,5.65,,2.0,0.471684970703125,True,PUT,2026-02-27,CMG
CMG260227P00047000,47.0,7.21,7.55,8.65,2.0,2.0,0.6171913281250001,True,PUT,2026-02-27,CMG
CMG260306C00034000,34.0,7.33,4.3,6.3,,1.0,0.711916943359375,True,CALL,2026-03-06,CMG
CMG260306C00041000,41.0,1.6,1.33,1.68,2.0,23.0,0.5122119091796875,False,CALL,2026-03-06,CMG
CMG260306C00042000,42.0,1.4,1.05,1.31,4.0,18.0,0.5004932763671875,False,CALL,2026-03-06,CMG
CMG260306C00043000,43.0,0.9,0.79,1.1,1.0,6.0,0.5127001855468749,False,CALL,2026-03-06,CMG
CMG260306C00045000,45.0,0.64,0.39,0.67,1.0,28.0,0.50586431640625,False,CALL,2026-03-06,CMG
CMG260306C00046000,46.0,0.5,0.21,0.7,14.0,96.0,0.559574716796875,False,CALL,2026-03-06,CMG
CMG260306P00032000,32.0,0.21,0.06,0.75,3.0,1.0,0.5478560839843751,False,PUT,2026-03-06,CMG
CMG260306P00034000,34.0,0.6,0.47,0.71,1.0,2.0,0.5214891601562499,False,PUT,2026-03-06,CMG
CMG260306P00038000,38.0,1.81,1.64,1.98,2.0,5.0,0.49268085449218757,False,PUT,2026-03-06,CMG
CMG260306P00039000,39.0,2.15,2.13,2.46,13.0,12.0,0.4875539526367188,True,PUT,2026-03-06,CMG
CMG260306P00041000,41.0,2.32,3.25,3.6,76.0,38.0,0.47461462890625,True,PUT,2026-03-06,CMG
CMG260320C00027500,27.5,12.2,11.25,12.75,6.0,346.0,0.8037129003906249,True,CALL,2026-03-20,CMG
CMG260320C00030000,30.0,9.52,9.1,9.95,18.0,787.0,0.6577182666015625,True,CALL,2026-03-20,CMG
CMG260320C00032500,32.5,7.0,6.8,7.45,3.0,2526.0,0.5380905566406251,True,CALL,2026-03-20,CMG
CMG260320C00035000,35.0,5.25,4.9,5.3,116.0,5022.0,0.5366257275390626,True,CALL,2026-03-20,CMG
CMG260320C00037500,37.5,3.55,3.35,3.6,269.0,3474.0,0.5002491381835938,True,CALL,2026-03-20,CMG
CMG260320C00040000,40.0,2.18,2.13,2.23,230.0,12120.0,0.4672904833984375,False,CALL,2026-03-20,CMG
CMG260320C00042500,42.5,1.26,1.25,1.29,244.0,7122.0,0.44873598144531246,False,CALL,2026-03-20,CMG
CMG260320C00045000,45.0,0.73,0.69,0.74,77.0,16643.0,0.44775942871093743,False,CALL,2026-03-20,CMG
CMG260320C00047500,47.5,0.35,0.33,0.44,8.0,6101.0,0.4580132324218751,False,CALL,2026-03-20,CMG
CMG260320C00050000,50.0,0.24,0.18,0.24,107.0,21842.0,0.45898978515625005,False,CALL,2026-03-20,CMG
CMG260320P00027500,27.5,0.09,0.09,0.2,6.0,5349.0,0.5654340332031251,False,PUT,2026-03-20,CMG
CMG260320P00030000,30.0,0.2,0.18,0.23,30.0,7080.0,0.495122236328125,False,PUT,2026-03-20,CMG
CMG260320P00032500,32.5,0.44,0.36,0.52,5.0,3502.0,0.477544287109375,False,PUT,2026-03-20,CMG
CMG260320P00035000,35.0,0.91,0.87,0.94,201.0,17489.0,0.4370173486328125,False,PUT,2026-03-20,CMG
CMG260320P00037500,37.5,1.71,1.68,1.78,223.0,13574.0,0.42456630126953127,False,PUT,2026-03-20,CMG
CMG260320P00040000,40.0,2.94,2.87,3.0,113.0,4826.0,0.4101621484375,True,PUT,2026-03-20,CMG
CMG260320P00042500,42.5,4.8,4.4,4.9,6.0,4009.0,0.4506890869140625,True,PUT,2026-03-20,CMG
CMG260320P00045000,45.0,6.38,6.0,6.95,15.0,3450.0,0.4731497998046875,True,PUT,2026-03-20,CMG
CMG260320P00047500,47.5,7.6,8.1,9.2,67.0,416.0,0.5043994873046875,True,PUT,2026-03-20,CMG
CMG260320P00050000,50.0,10.32,10.45,12.25,7.0,321.0,0.7280300634765625,True,PUT,2026-03-20,CMG
CMG260618C00027500,27.5,12.68,11.9,13.0,2.0,221.0,0.5810588769531251,True,CALL,2026-06-18,CMG
CMG260618C00030800,30.8,9.54,9.3,9.9,1.0,489.0,0.51562984375,True,CALL,2026-06-18,CMG
CMG260618C00031200,31.2,9.65,8.8,9.8,1.0,126.0,0.5131884619140624,True,CALL,2026-06-18,CMG
CMG260618C00031600,31.6,9.33,8.55,9.55,1.0,184.0,0.5173388110351562,True,CALL,2026-06-18,CMG
CMG260618C00032000,32.0,8.6,8.25,8.95,53.0,509.0,0.5410202148437502,True,CALL,2026-06-18,CMG
CMG260618C00032400,32.4,9.5,7.95,8.5,1.0,180.0,0.51562984375,True,CALL,2026-06-18,CMG
CMG260618C00032800,32.8,9.5,7.55,8.6,1.0,595.0,0.5627485131835939,True,CALL,2026-06-18,CMG
CMG260618C00033200,33.2,9.0,7.35,8.25,2.0,166.0,0.5495650512695314,True,CALL,2026-06-18,CMG
CMG260618C00033600,33.6,7.55,7.15,7.75,136.0,1647.0,0.51758294921875,True,CALL,2026-06-18,CMG
CMG260618C00034000,34.0,7.2,6.95,7.55,33.0,414.0,0.5229539892578124,True,CALL,2026-06-18,CMG
CMG260618C00034400,34.4,8.6,6.5,7.2,7.0,433.0,0.5092822509765625,True,CALL,2026-06-18,CMG
CMG260618C00034800,34.8,8.05,6.4,7.05,1.0,205.0,0.5192919165039063,True,CALL,2026-06-18,CMG
CMG260618C00035200,35.2,6.86,6.2,6.8,8.0,427.0,0.5163622583007812,True,CALL,2026-06-18,CMG
CMG260618C00035600,35.6,6.72,5.7,6.6,1.0,339.0,0.5188036401367188,True,CALL,2026-06-18,CMG
CMG260618C00036000,36.0,6.5,5.5,6.35,8.0,919.0,0.5148974291992188,True,CALL,2026-06-18,CMG
CMG260618C00036400,36.4,6.35,5.25,5.95,20.0,280.0,0.4939015454101563,True,CALL,2026-06-18,CMG
CMG260618C00036800,36.8,5.7,5.25,5.9,13.0,213.0,0.5112353564453125,True,CALL,2026-06-18,CMG
CMG260618C00037200,37.2,5.3,4.85,5.45,2.0,304.0,0.48413601806640627,True,CALL,2026-06-18,CMG
CMG260618C00037600,37.6,5.37,4.65,5.35,1.0,176.0,0.4943898217773438,True,CALL,2026-06-18,CMG
CMG260618C00038000,38.0,4.8,4.6,5.0,1.0,1629.0,0.477544287109375,True,CALL,2026-06-18,CMG
CMG260618C00038400,38.4,4.56,4.45,4.75,5.0,376.0,0.47070841796875,True,CALL,2026-06-18,CMG
CMG260618C00038800,38.8,4.4,4.3,4.45,8.0,255.0,0.45825737060546884,True,CALL,2026-06-18,CMG
CMG260618C00039200,39.2,4.13,3.9,4.4,25.0,1026.0,0.4714408325195312,False,CALL,2026-06-18,CMG
CMG260618C00039600,39.6,4.25,3.85,4.25,12.0,1008.0,0.4733939379882813,False,CALL,2026-06-18,CMG
CMG260618C00040000,40.0,3.8,3.7,3.8,262.0,12688.0,0.44385321777343745,False,CALL,2026-06-18,CMG
CMG260618C00042000,42.0,3.04,2.83,3.1,8.0,4802.0,0.44824770507812495,False,CALL,2026-06-18,CMG
CMG260618C00044000,44.0,2.32,2.2,2.38,68.0,6271.0,0.43726148681640625,False,CALL,2026-06-18,CMG
CMG260618C00045000,45.0,1.94,1.86,2.08,20.0,4145.0,0.43335527587890627,False,CALL,2026-06-18,CMG
CMG260618C00046000,46.0,1.68,1.66,1.86,6.0,1581.0,0.43530838134765626,False,CALL,2026-06-18,CMG
CMG260618C00048000,48.0,1.3,1.24,1.34,347.0,1733.0,0.4204159521484375,False,CALL,2026-06-18,CMG
CMG260618C00050000,50.0,0.98,0.95,1.01,17.0,4079.0,0.4177304321289062,False,CALL,2026-06-18,CMG
CMG260618P00027500,27.5,0.42,0.36,0.5,1.0,9385.0,0.4580132324218751,False,PUT,2026-06-18,CMG
CMG260618P00030800,30.8,0.88,0.74,1.07,2.0,4667.0,0.4470270141601562,False,PUT,2026-06-18,CMG
CMG260618P00031200,31.2,0.87,0.74,1.23,3.0,956.0,0.4567925415039063,False,PUT,2026-06-18,CMG
CMG260618P00031600,31.6,1.08,0.97,1.14,1.0,5635.0,0.4260311303710938,False,PUT,2026-06-18,CMG
CMG260618P00032000,32.0,1.17,1.08,1.23,493.0,2704.0,0.42358974853515624,False,PUT,2026-06-18,CMG
CMG260618P00032400,32.4,1.09,1.12,1.33,11.0,2646.0,0.42188078125,False,PUT,2026-06-18,CMG
CMG260618P00032800,32.8,1.35,1.28,1.44,3.0,2038.0,0.42090422851562503,False,PUT,2026-06-18,CMG
CMG260618P00033200,33.2,1.47,1.35,1.65,3.0,837.0,0.432622861328125,False,PUT,2026-06-18,CMG
CMG260618P00033600,33.6,1.41,1.37,1.73,14.0,269.0,0.42578699218750005,False,PUT,2026-06-18,CMG
CMG260618P00034000,34.0,1.68,1.52,1.86,1.0,1197.0,0.42456630126953127,False,PUT,2026-06-18,CMG
CMG260618P00034400,34.4,1.8,1.73,1.89,1.0,198.0,0.41040628662109374,False,PUT,2026-06-18,CMG
CMG260618P00034800,34.8,1.94,1.83,2.17,5.0,1266.0,0.4265194067382813,False,PUT,2026-06-18,CMG
CMG260618P00035200,35.2,2.0,1.96,2.18,163.0,587.0,0.4089414575195312,False,PUT,2026-06-18,CMG
CMG260618P00035600,35.6,2.04,2.01,2.33,17.0,1637.0,0.4074766284179688,False,PUT,2026-06-18,CMG
CMG260618P00036000,36.0,2.4,2.28,2.48,3.0,1025.0,0.40552352294921873,False,PUT,2026-06-18,CMG
CMG260618P00036400,36.4,2.3,2.37,2.67,16.0,280.0,0.407232490234375,False,PUT,2026-06-18,CMG
CMG260618P00036800,36.8,2.45,2.15,2.84,2.0,1137.0,0.40601179931640624,False,PUT,2026-06-18,CMG
CMG260618P00037200,37.2,2.92,2.67,3.05,4.0,593.0,0.40820904296875,False,PUT,2026-06-18,CMG
CMG260618P00037600,37.6,2.63,2.93,3.2,1.0,945.0,0.40332627929687503,False,PUT,2026-06-18,CMG
CMG260618P00038000,38.0,2.95,2.84,3.4,1.0,3434.0,0.40320421020507813,False,PUT,2026-06-18,CMG
CMG260618P00038400,38.4,3.4,2.94,3.4,5.0,346.0,0.3813538427734374,False,PUT,2026-06-18,CMG
CMG260618P00038800,38.8,3.45,3.5,3.65,26.0,2157.0,0.3850159155273437,False,PUT,2026-06-18,CMG
CMG260618P00039200,39.2,3.65,3.6,3.8,10.0,1049.0,0.3776917700195312,True,PUT,2026-06-18,CMG
CMG260618P00039600,39.6,4.0,3.8,4.0,28.0,827.0,0.3748841809082031,True,PUT,2026-06-18,CMG
CMG260618P00040000,40.0,4.2,4.1,4.25,62.0,4831.0,0.3764710791015625,True,PUT,2026-06-18,CMG
CMG260618P00042000,42.0,5.1,5.3,5.6,3.0,2028.0,0.38550419189453117,True,PUT,2026-06-18,CMG
CMG260618P00044000,44.0,6.85,6.65,6.95,8.0,747.0,0.3789124609375,True,PUT,2026-06-18,CMG
CMG260618P00045000,45.0,6.98,7.2,7.7,1.0,1009.0,0.37842418457031246,True,PUT,2026-06-18,CMG
CMG260618P00046000,46.0,7.1,7.95,8.45,71.0,330.0,0.3742738354492187,True,PUT,2026-06-18,CMG
CMG260618P00048000,48.0,9.75,9.25,10.2,2.0,559.0,0.38867798828125,True,PUT,2026-06-18,CMG
CMG260618P00050000,50.0,10.0,10.85,11.9,10.0,316.0,0.3857483300781249,True,PUT,2026-06-18,CMG
CMG260717C00027500,27.5,12.45,12.0,12.9,1.0,3.0,0.5288133056640626,True,CALL,2026-07-17,CMG
CMG260717C00030000,30.0,11.4,9.95,11.05,5.0,7.0,0.5161181201171875,True,CALL,2026-07-17,CMG
CMG260717C00032500,32.5,8.75,8.4,8.85,18.0,493.0,0.5197801928710937,True,CALL,2026-07-17,CMG
CMG260717C00035000,35.0,7.5,6.5,7.1,1.0,162.0,0.49023947265625006,True,CALL,2026-07-17,CMG
CMG260717C00037500,37.5,5.17,5.05,5.65,20.0,103.0,0.47485876708984376,True,CALL,2026-07-17,CMG
CMG260717C00040000,40.0,4.35,3.75,4.35,3.0,998.0,0.45618219604492194,False,CALL,2026-07-17,CMG
CMG260717C00042500,42.5,3.0,2.69,3.4,21.0,998.0,0.4527642614746094,False,CALL,2026-07-17,CMG
CMG260717C00045000,45.0,2.4,2.1,2.53,39.0,424.0,0.44006907592773437,False,CALL,2026-07-17,CMG
CMG260717C00047500,47.5,1.65,1.42,1.8,2.0,78.0,0.4243221630859375,False,CALL,2026-07-17,CMG
CMG260717C00050000,50.0,1.16,1.0,1.4,5.0,482.0,0.4299373413085938,False,CALL,2026-07-17,CMG
CMG260717P00027500,27.5,0.45,0.44,0.6,11.0,233.0,0.4401911450195312,False,PUT,2026-07-17,CMG
CMG260717P00030000,30.0,0.76,0.71,0.95,2.0,80.0,0.41748629394531245,False,PUT,2026-07-17,CMG
CMG260717P00032500,32.5,1.34,1.21,1.61,252.0,2049.0,0.4167538793945312,False,PUT,2026-07-17,CMG
CMG260717P00035000,35.0,2.0,1.88,2.3,17.0,5979.0,0.3940490283203125,False,PUT,2026-07-17,CMG
CMG260717P00037500,37.5,2.49,2.82,3.4,1.0,77.0,0.3918517846679687,False,PUT,2026-07-17,CMG
CMG260717P00040000,40.0,4.4,4.25,4.65,101.0,876.0,0.3807434973144531,True,PUT,2026-07-17,CMG
CMG260717P00042500,42.5,5.3,5.5,6.2,1.0,457.0,0.37622694091796877,True,PUT,2026-07-17,CMG
CMG260717P00045000,45.0,8.51,7.25,7.9,,1.0,0.3657289990234375,True,PUT,2026-07-17,CMG
CMG260717P00050000,50.0,12.97,10.95,12.1,,5.0,0.3794007373046875,True,PUT,2026-07-17,CMG
CMG260918C00027500,27.5,14.4,12.55,13.55,1.0,243.0,0.5380905566406251,True,CALL,2026-09-18,CMG
CMG260918C00030000,30.0,11.25,11.0,11.35,8.0,661.0,0.5205126074218749,True,CALL,2026-09-18,CMG
CMG260918C00032500,32.5,9.0,9.1,9.4,12.0,345.0,0.49927258544921876,True,CALL,2026-09-18,CMG
CMG260918C00035000,35.0,7.8,7.4,8.0,1.0,1847.0,0.4998829309082031,True,CALL,2026-09-18,CMG
CMG260918C00037500,37.5,6.5,5.9,6.6,7.0,1258.0,0.485356708984375,True,CALL,2026-09-18,CMG
CMG260918C00040000,40.0,4.95,4.75,5.1,1.0,2306.0,0.4503228796386719,False,CALL,2026-09-18,CMG
CMG260918C00042500,42.5,4.4,3.65,4.15,6.0,1858.0,0.44751529052734373,False,CALL,2026-09-18,CMG
CMG260918C00045000,45.0,3.4,2.92,3.4,3.0,1358.0,0.44885805053710937,False,CALL,2026-09-18,CMG
CMG260918C00047500,47.5,2.66,2.14,2.69,10.0,998.0,0.442388388671875,False,CALL,2026-09-18,CMG
CMG260918C00050000,50.0,1.76,1.75,2.18,8.0,7917.0,0.44336494140625,False,CALL,2026-09-18,CMG
CMG260918P00027500,27.5,0.65,0.67,0.89,2.0,3385.0,0.42676354492187507,False,PUT,2026-09-18,CMG
CMG260918P00030000,30.0,1.28,1.15,1.38,1.0,5017.0,0.4138242211914062,False,PUT,2026-09-18,CMG
CMG260918P00032500,32.5,1.91,1.76,2.05,4.0,931.0,0.4028380029296875,False,PUT,2026-09-18,CMG
CMG260918P00035000,35.0,2.83,2.62,2.92,6.0,4748.0,0.393560751953125,False,PUT,2026-09-18,CMG
CMG260918P00037500,37.5,3.5,3.4,4.05,5.0,4582.0,0.3891662646484375,False,PUT,2026-09-18,CMG
CMG260918P00040000,40.0,4.97,4.8,5.25,3.0,840.0,0.37366348999023435,True,PUT,2026-09-18,CMG
CMG260918P00042500,42.5,6.12,6.05,6.8,50.0,865.0,0.3706117626953125,True,PUT,2026-09-18,CMG
CMG260918P00045000,45.0,7.68,7.75,8.5,1.0,844.0,0.36499658447265626,True,PUT,2026-09-18,CMG
CMG260918P00047500,47.5,9.65,9.65,10.3,3.0,1848.0,0.3532779516601562,True,PUT,2026-09-18,CMG
CMG260918P00050000,50.0,13.32,11.65,12.3,1.0,198.0,0.3464420825195312,True,PUT,2026-09-18,CMG
CMG261218C00027500,27.5,13.55,13.3,14.0,12.0,234.0,0.5229539892578124,True,CALL,2026-12-18,CMG
CMG261218C00030800,30.8,11.0,10.75,11.6,3.0,1065.0,0.526371923828125,True,CALL,2026-12-18,CMG
CMG261218C00031200,31.2,11.31,10.45,11.55,4.0,336.0,0.5422409057617189,True,CALL,2026-12-18,CMG
CMG261218C00031600,31.6,11.31,10.2,11.25,1.0,80.0,0.5358933129882812,True,CALL,2026-12-18,CMG
CMG261218C00032000,32.0,11.45,10.3,11.55,5.0,310.0,0.5273484765625001,True,CALL,2026-12-18,CMG
CMG261218C00032400,32.4,10.5,9.6,10.75,2.0,34.0,0.5312546875,True,CALL,2026-12-18,CMG
CMG261218C00032800,32.8,9.8,9.4,10.45,2.0,196.0,0.524418818359375,True,CALL,2026-12-18,CMG
CMG261218C00033200,33.2,11.06,9.15,10.2,1.0,107.0,0.5214891601562499,True,CALL,2026-12-18,CMG
CMG261218C00033600,33.6,10.7,8.9,9.95,2.0,48.0,0.5183153637695312,True,CALL,2026-12-18,CMG
CMG261218C00034000,34.0,9.15,8.9,9.3,2.0,264.0,0.4836477416992188,True,CALL,2026-12-18,CMG
CMG261218C00034400,34.4,9.4,8.6,9.25,60.0,64.0,0.4958546508789063,True,CALL,2026-12-18,CMG
CMG261218C00034800,34.8,8.55,8.45,8.9,3.0,60.0,0.4846242944335938,True,CALL,2026-12-18,CMG
CMG261218C00035200,35.2,9.4,7.95,8.95,2.0,134.0,0.5036670727539063,True,CALL,2026-12-18,CMG
CMG261218C00035600,35.6,9.15,7.75,8.75,4.0,120.0,0.5031787963867188,True,CALL,2026-12-18,CMG
CMG261218C00036000,36.0,9.4,7.6,8.25,4.0,191.0,0.4802298071289062,True,CALL,2026-12-18,CMG
CMG261218C00036400,36.4,7.75,7.3,8.25,6.0,38.0,0.49414568359375005,True,CALL,2026-12-18,CMG
CMG261218C00036800,36.8,8.69,7.1,8.1,10.0,37.0,0.49658706542968756,True,CALL,2026-12-18,CMG
CMG261218C00037200,37.2,8.03,7.0,7.9,1.0,201.0,0.495122236328125,True,CALL,2026-12-18,CMG
CMG261218C00037600,37.6,8.27,6.7,7.65,5.0,110.0,0.4897511962890626,True,CALL,2026-12-18,CMG
CMG261218C00038000,38.0,7.25,6.55,7.2,2.0,1012.0,0.47009807250976565,True,CALL,2026-12-18,CMG
CMG261218C00038400,38.4,7.5,6.3,7.2,1.0,340.0,0.4821829125976563,True,CALL,2026-12-18,CMG
CMG261218C00038800,38.8,6.66,6.1,7.0,1.0,171.0,0.47986359985351557,True,CALL,2026-12-18,CMG
CMG261218C00039200,39.2,7.33,5.85,6.85,1.0,75.0,0.4808401525878906,False,CALL,2026-12-18,CMG
CMG261218C00039600,39.6,6.45,5.9,6.6,1.0,280.0,0.47461462890625,False,CALL,2026-12-18,CMG
CMG261218C00040000,40.0,5.79,5.75,6.2,7.0,1873.0,0.4577690942382813,False,CALL,2026-12-18,CMG
CMG261218C00042000,42.0,5.4,4.75,5.25,31.0,970.0,0.44312080322265623,False,CALL,2026-12-18,CMG
CMG261218C00044000,44.0,4.61,4.05,4.75,13.0,1016.0,0.45361874511718747,False,CALL,2026-12-18,CMG
CMG261218C00045000,45.0,4.02,3.85,4.2,3.0,1155.0,0.43628493408203123,False,CALL,2026-12-18,CMG
CMG261218C00046000,46.0,3.6,3.35,3.9,2.0,741.0,0.4348201049804688,False,CALL,2026-12-18,CMG
CMG261218C00048000,48.0,3.08,2.86,3.55,4.0,821.0,0.4459283923339844,False,CALL,2026-12-18,CMG
CMG261218C00050000,50.0,2.85,2.44,2.97,2.0,1841.0,0.4361628649902344,False,CALL,2026-12-18,CMG
CMG261218P00027500,27.5,1.16,1.01,1.35,2.0,1827.0,0.4211483666992188,False,PUT,2026-12-18,CMG
CMG261218P00030800,30.8,1.96,1.7,2.17,2.0,1390.0,0.4057676611328125,False,PUT,2026-12-18,CMG
CMG261218P00031200,31.2,2.0,1.45,2.36,60.0,182.0,0.4105283557128906,False,PUT,2026-12-18,CMG
CMG261218P00031600,31.6,2.2,1.6,2.42,31.0,43.0,0.4030821411132813,False,PUT,2026-12-18,CMG
CMG261218P00032000,32.0,2.43,2.04,2.54,1.0,700.0,0.40064075927734377,False,PUT,2026-12-18,CMG
CMG261218P00032400,32.4,2.36,2.1,2.66,212.0,309.0,0.3979552392578125,False,PUT,2026-12-18,CMG
CMG261218P00032800,32.8,3.5,1.29,2.88,506.0,561.0,0.40344834838867194,False,PUT,2026-12-18,CMG
CMG261218P00033200,33.2,2.45,2.38,2.98,5.0,159.0,0.398443515625,False,PUT,2026-12-18,CMG
CMG261218P00033600,33.6,2.72,2.48,3.7,9.0,55.0,0.4429987341308594,False,PUT,2026-12-18,CMG
CMG261218P00034000,34.0,2.84,2.92,3.2,149.0,516.0,0.3891662646484375,False,PUT,2026-12-18,CMG
CMG261218P00034400,34.4,3.05,1.84,3.4,12.0,125.0,0.3913635083007812,False,PUT,2026-12-18,CMG
CMG261218P00034800,34.8,2.53,2.96,3.55,1.0,173.0,0.3890441955566406,False,PUT,2026-12-18,CMG
CMG261218P00035200,35.2,3.45,3.35,3.7,5.0,113.0,0.3864807446289062,False,PUT,2026-12-18,CMG
CMG261218P00035600,35.6,3.3,3.25,3.85,1.0,37.0,0.383795224609375,False,PUT,2026-12-18,CMG
CMG261218P00036000,36.0,3.59,3.35,4.05,2.0,763.0,0.3842835009765625,False,PUT,2026-12-18,CMG
CMG261218P00036400,36.4,4.6,3.55,4.25,24.0,123.0,0.3845276391601562,False,PUT,2026-12-18,CMG
CMG261218P00036800,36.8,3.77,4.0,4.45,1.0,61.0,0.38440557006835935,False,PUT,2026-12-18,CMG
CMG261218P00037200,37.2,3.75,3.65,4.6,1.0,448.0,0.3803772900390625,False,PUT,2026-12-18,CMG
CMG261218P00037600,37.6,4.15,4.05,4.75,3.0,26.0,0.375982802734375,False,PUT,2026-12-18,CMG
CMG261218P00038000,38.0,4.65,4.6,4.85,10.0,138.0,0.3679262426757813,False,PUT,2026-12-18,CMG
CMG261218P00038400,38.4,4.55,4.45,5.15,1.0,48.0,0.37354142089843745,False,PUT,2026-12-18,CMG
CMG261218P00038800,38.8,4.95,4.65,5.4,13.0,161.0,0.37525038818359374,False,PUT,2026-12-18,CMG
CMG261218P00039200,39.2,4.81,4.6,5.6,5.0,87.0,0.37329728271484375,True,PUT,2026-12-18,CMG
CMG261218P00039600,39.6,4.85,5.15,5.8,255.0,309.0,0.3709779699707031,True,PUT,2026-12-18,CMG
CMG261218P00040000,40.0,5.3,5.5,6.0,96.0,6780.0,0.3684145190429688,True,PUT,2026-12-18,CMG
CMG261218P00042000,42.0,6.55,6.45,7.15,58.0,402.0,0.36121244262695307,True,PUT,2026-12-18,CMG
CMG261218P00044000,44.0,8.0,7.65,8.5,3.0,828.0,0.36072416625976556,True,PUT,2026-12-18,CMG
CMG261218P00045000,45.0,7.96,8.25,9.15,1.0,1311.0,0.3562076098632812,True,PUT,2026-12-18,CMG
CMG261218P00046000,46.0,8.95,8.85,9.95,1.0,233.0,0.36072416625976556,True,PUT,2026-12-18,CMG
CMG261218P00048000,48.0,9.63,10.45,11.35,30.0,488.0,0.35071450073242183,True,PUT,2026-12-18,CMG
CMG261218P00050000,50.0,11.96,12.0,12.9,14.0,1052.0,0.34570966796874997,True,PUT,2026-12-18,CMG
CMG270115C00027500,27.5,14.23,13.1,14.4,5.0,118.0,0.5119677709960937,True,CALL,2027-01-15,CMG
CMG270115C00030000,30.0,11.8,11.75,12.2,12.0,4960.0,0.51562984375,True,CALL,2027-01-15,CMG
CMG270115C00032500,32.5,10.09,9.85,10.6,2.0,548.0,0.502080174560547,True,CALL,2027-01-15,CMG
CMG270115C00035000,35.0,8.8,8.6,8.9,35.0,4696.0,0.4722953161621094,True,CALL,2027-01-15,CMG
CMG270115C00037500,37.5,7.45,7.05,7.9,1.0,622.0,0.48413601806640627,True,CALL,2027-01-15,CMG
CMG270115C00040000,40.0,5.8,5.95,6.4,22.0,5785.0,0.4523980541992188,False,CALL,2027-01-15,CMG
CMG270115C00042500,42.5,5.25,5.0,5.5,11.0,1745.0,0.4527642614746094,False,CALL,2027-01-15,CMG
CMG270115C00045000,45.0,4.07,4.05,4.35,7.0,4103.0,0.42847251220703125,False,CALL,2027-01-15,CMG
CMG270115C00047500,47.5,3.6,3.25,3.85,5.0,4408.0,0.43994700683593746,False,CALL,2027-01-15,CMG
CMG270115C00050000,50.0,2.83,2.71,2.95,16.0,10570.0,0.41699801757812494,False,CALL,2027-01-15,CMG
CMG270115P00027500,27.5,1.21,1.09,1.39,2.0,3145.0,0.40869731933593745,False,PUT,2027-01-15,CMG
CMG270115P00030000,30.0,1.81,1.78,1.96,2.0,8668.0,0.3940490283203125,False,PUT,2027-01-15,CMG
CMG270115P00032500,32.5,2.55,2.25,2.86,1.0,4611.0,0.39502558105468755,False,PUT,2027-01-15,CMG
CMG270115P00035000,35.0,3.52,3.35,3.7,1.0,5212.0,0.37756970092773434,False,PUT,2027-01-15,CMG
CMG270115P00037500,37.5,4.36,4.25,4.85,7.0,1581.0,0.3712221081542969,False,PUT,2027-01-15,CMG
CMG270115P00040000,40.0,5.83,5.65,6.1,3.0,2671.0,0.35999175170898434,True,PUT,2027-01-15,CMG
CMG270115P00042500,42.5,7.05,6.9,7.6,48.0,1494.0,0.3544986425781249,True,PUT,2027-01-15,CMG
CMG270115P00045000,45.0,8.4,8.35,9.2,5.0,7865.0,0.3452213916015625,True,PUT,2027-01-15,CMG
CMG270115P00047500,47.5,10.57,10.35,10.95,52.0,486.0,0.335944140625,True,PUT,2027-01-15,CMG
CMG270115P00050000,50.0,11.61,12.05,12.9,14.0,3687.0,0.3316717224121094,True,PUT,2027-01-15,CMG
CMG270617C00032500,32.5,11.65,10.25,12.65,,2.0,0.553837469482422,True,CALL,2027-06-17,CMG
CMG270617C00035000,35.0,10.8,8.75,11.0,,1.0,0.5225877819824218,True,CALL,2027-06-17,CMG
CMG270617C00037500,37.5,10.0,7.4,10.25,,1.0,0.5407760766601564,True,CALL,2027-06-17,CMG
CMG270617C00040000,40.0,8.0,6.2,8.05,1.0,13.0,0.46973186523437505,False,CALL,2027-06-17,CMG
CMG270617C00045000,45.0,6.75,4.8,6.15,1.0,6.0,0.45667047241210945,False,CALL,2027-06-17,CMG
CMG270617P00030000,30.0,2.61,2.27,2.96,15.0,32.0,0.4056455920410156,False,PUT,2027-06-17,CMG
CMG270617P00032500,32.5,2.78,2.21,4.45,,1.0,0.4359187268066406,False,PUT,2027-06-17,CMG
CMG270617P00035000,35.0,4.0,2.97,5.9,3.0,4.0,0.44946839599609373,False,PUT,2027-06-17,CMG
CMG270617P00037500,37.5,4.72,4.05,6.65,,3.0,0.41309180664062495,False,PUT,2027-06-17,CMG
CMG270617P00040000,40.0,6.17,5.35,7.85,6.0,7.0,0.397466962890625,True,PUT,2027-06-17,CMG
CMG270617P00045000,45.0,8.72,8.25,10.8,,4.0,0.377386597290039,True,PUT,2027-06-17,CMG
CMG270617P00050000,50.0,12.05,11.55,13.9,,10.0,0.33960621337890623,True,PUT,2027-06-17,CMG
CMG280121C00027500,27.5,17.45,14.4,16.6,2.0,108.0,0.5478560839843751,True,CALL,2028-01-21,CMG
CMG280121C00030000,30.0,14.9,14.0,14.95,2.0,1322.0,0.5245408874511719,True,CALL,2028-01-21,CMG
CMG280121C00032500,32.5,13.05,11.65,13.45,3.0,1134.0,0.5067798345947265,True,CALL,2028-01-21,CMG
CMG280121C00035000,35.0,11.3,10.5,11.85,1.0,1632.0,0.48053497985839844,True,CALL,2028-01-21,CMG
CMG280121C00037500,37.5,10.88,9.85,11.0,1.0,732.0,0.4888967126464845,True,CALL,2028-01-21,CMG
CMG280121C00040000,40.0,8.9,8.9,9.45,604.0,2730.0,0.4587456469726563,False,CALL,2028-01-21,CMG
CMG280121C00042500,42.5,8.5,7.85,9.4,1.0,494.0,0.4961598236083985,False,CALL,2028-01-21,CMG
CMG280121C00045000,45.0,7.17,6.95,7.55,2.0,624.0,0.44574528869628904,False,CALL,2028-01-21,CMG
CMG280121C00047500,47.5,6.62,5.15,7.65,1.0,146.0,0.4821829125976563,False,CALL,2028-01-21,CMG
CMG280121C00050000,50.0,5.65,5.4,6.0,9.0,905.0,0.4351863122558594,False,CALL,2028-01-21,CMG
CMG280121P00027500,27.5,2.33,2.29,2.67,15.0,265.0,0.3800110827636719,False,PUT,2028-01-21,CMG
CMG280121P00030000,30.0,3.25,2.85,4.1,5.0,6854.0,0.40869731933593745,False,PUT,2028-01-21,CMG
CMG280121P00032500,32.5,4.2,4.0,4.35,5.0,1325.0,0.3588931298828125,False,PUT,2028-01-21,CMG
CMG280121P00035000,35.0,4.93,5.0,6.25,2.0,411.0,0.393560751953125,False,PUT,2028-01-21,CMG
CMG280121P00037500,37.5,6.2,5.0,7.45,1.0,114.0,0.3839172937011719,False,PUT,2028-01-21,CMG
CMG280121P00040000,40.0,7.65,6.6,8.7,1.0,1284.0,0.37183245361328127,True,PUT,2028-01-21,CMG
CMG280121P00042500,42.5,8.75,7.7,10.15,10.0,371.0,0.36438623901367195,True,PUT,2028-01-21,CMG
CMG280121P00045000,45.0,9.94,9.3,11.7,2.0,257.0,0.35681795532226557,True,PUT,2028-01-21,CMG
CMG280121P00047500,47.5,11.21,11.45,13.35,4.0,271.0,0.3493717407226562,True,PUT,2028-01-21,CMG
CMG280121P00050000,50.0,14.0,13.15,15.15,1.0,605.0,0.344733115234375,True,PUT,2028-01-21,CMG
CNC260130C00031000,31.0,10.74,11.1,14.2,1.0,3.0,3.2304706738281244,True,CALL,2026-01-30,CNC
CNC260130C00032000,32.0,9.25,10.1,13.15,1.0,2.0,2.925783935546875,True,CALL,2026-01-30,CNC
CNC260130C00033000,33.0,9.98,8.7,12.15,1.0,2.0,2.1015672460937496,True,CALL,2026-01-30,CNC
CNC260130C00035000,35.0,9.19,6.7,9.95,1.0,1.0,4.0468799414062495,True,CALL,2026-01-30,CNC
CNC260130C00036000,36.0,8.24,5.7,8.65,3.0,1.0,3.3906265234374997,True,CALL,2026-01-30,CNC
CNC260130C00037000,37.0,5.54,4.7,6.65,1.0,3.0,1.8203133984375,True,CALL,2026-01-30,CNC
CNC260130C00037500,37.5,3.89,4.2,6.1,2.0,3.0,1.625001875,True,CALL,2026-01-30,CNC
CNC260130C00038000,38.0,3.49,3.75,5.85,2.0,67.0,1.875000625,True,CALL,2026-01-30,CNC
CNC260130C00039000,39.0,2.69,2.76,4.65,7.0,9.0,1.3671906640625,True,CALL,2026-01-30,CNC
CNC260130C00040000,40.0,3.1,3.05,3.5,146.0,205.0,0.9238288867187501,True,CALL,2026-01-30,CNC
CNC260130C00041000,41.0,2.05,1.97,2.71,7.0,55.0,0.96679720703125,True,CALL,2026-01-30,CNC
CNC260130C00042000,42.0,1.36,1.33,1.59,9.0,92.0,0.5898478515625001,True,CALL,2026-01-30,CNC
CNC260130C00042500,42.5,1.08,0.97,1.42,15.0,75.0,0.5546919531250001,True,CALL,2026-01-30,CNC
CNC260130C00043000,43.0,0.65,0.61,1.0,212.0,129.0,0.64648791015625,True,CALL,2026-01-30,CNC
CNC260130C00043500,43.5,0.46,0.35,0.56,12.0,22.0,0.500005,False,CALL,2026-01-30,CNC
CNC260130C00044000,44.0,0.25,0.23,0.23,34.0,304.0,0.38281867187499996,False,CALL,2026-01-30,CNC
CNC260130C00044500,44.5,0.09,0.1,0.46,28.0,167.0,0.5546919531250001,False,CALL,2026-01-30,CNC
CNC260130C00045000,45.0,0.06,0.04,0.09,6.0,398.0,0.445318046875,False,CALL,2026-01-30,CNC
CNC260130C00045500,45.5,0.06,0.0,0.05,60.0,177.0,0.45703667968750006,False,CALL,2026-01-30,CNC
CNC260130C00046000,46.0,0.03,0.0,0.21,4.0,832.0,0.64062859375,False,CALL,2026-01-30,CNC
CNC260130C00046500,46.5,0.01,0.0,0.28,1.0,139.0,0.7812521875,False,CALL,2026-01-30,CNC
CNC260130C00047000,47.0,0.02,0.0,0.02,11.0,788.0,0.51562984375,False,CALL,2026-01-30,CNC
CNC260130C00047500,47.5,0.03,0.0,0.12,2.0,124.0,0.773439765625,False,CALL,2026-01-30,CNC
CNC260130C00048000,48.0,0.01,0.0,0.01,58.0,3819.0,0.5625043750000001,False,CALL,2026-01-30,CNC
CNC260130C00048500,48.5,0.01,0.0,0.02,2.0,159.0,0.6875031250000001,False,CALL,2026-01-30,CNC
CNC260130C00049000,49.0,0.02,0.0,0.03,10.0,280.0,0.773439765625,False,CALL,2026-01-30,CNC
CNC260130C00049500,49.5,0.01,0.0,1.09,11.0,36.0,1.8359383203124997,False,CALL,2026-01-30,CNC
CNC260130C00050000,50.0,0.1,0.0,0.25,56.0,1999.0,1.2773473632812498,False,CALL,2026-01-30,CNC
CNC260130C00051000,51.0,0.01,0.0,0.13,5.0,269.0,1.2382850585937497,False,CALL,2026-01-30,CNC
CNC260130C00053000,53.0,0.05,0.0,0.6,2.0,8.0,2.031254921875,False,CALL,2026-01-30,CNC
CNC260130C00054000,54.0,0.2,0.0,1.35,,1.0,2.7207063232421875,False,CALL,2026-01-30,CNC
CNC260130C00055000,55.0,0.2,0.0,0.95,,16.0,2.58594103515625,False,CALL,2026-01-30,CNC
CNC260130P00032000,32.0,0.42,0.0,1.25,2.0,2.0,3.593751015625,False,PUT,2026-01-30,CNC
CNC260130P00033000,33.0,0.01,0.0,2.12,10.0,11.0,3.97656255859375,False,PUT,2026-01-30,CNC
CNC260130P00034000,34.0,0.01,0.0,2.13,2.0,5.0,3.6835945410156254,False,PUT,2026-01-30,CNC
CNC260130P00035000,35.0,0.19,0.0,0.75,1.0,32.0,2.3789103027343748,False,PUT,2026-01-30,CNC
CNC260130P00036000,36.0,0.03,0.0,0.01,15.0,71.0,0.9687503125,False,PUT,2026-01-30,CNC
CNC260130P00037000,37.0,0.11,0.0,0.23,152.0,204.0,1.3984405078125,False,PUT,2026-01-30,CNC
CNC260130P00038000,38.0,0.05,0.0,0.06,6.0,99.0,0.929688203125,False,PUT,2026-01-30,CNC
CNC260130P00039000,39.0,0.05,0.0,0.73,1.0,34.0,1.4296903515625,False,PUT,2026-01-30,CNC
CNC260130P00039500,39.5,0.03,0.02,0.07,6.0,629.0,0.7500025,False,PUT,2026-01-30,CNC
CNC260130P00040000,40.0,0.03,0.04,0.07,26.0,1122.0,0.6953155468750001,False,PUT,2026-01-30,CNC
CNC260130P00041000,41.0,0.07,0.03,0.12,31.0,169.0,0.5625043750000001,False,PUT,2026-01-30,CNC
CNC260130P00041500,41.5,0.4,0.08,0.41,32.0,36.0,0.6953155468750001,False,PUT,2026-01-30,CNC
CNC260130P00042000,42.0,0.35,0.12,0.58,19.0,550.0,0.6796907031250001,False,PUT,2026-01-30,CNC
CNC260130P00042500,42.5,0.59,0.21,1.25,2.0,224.0,0.8652357226562499,False,PUT,2026-01-30,CNC
CNC260130P00043000,43.0,0.71,0.37,1.26,4.0,258.0,0.7617211328125001,False,PUT,2026-01-30,CNC
CNC260130P00043500,43.5,0.63,0.63,1.8,77.0,1079.0,0.8798840136718749,True,PUT,2026-01-30,CNC
CNC260130P00044000,44.0,0.99,0.96,2.25,41.0,638.0,0.96289099609375,True,PUT,2026-01-30,CNC
CNC260130P00044500,44.5,2.05,1.08,2.12,13.0,369.0,0.6914093359375001,True,PUT,2026-01-30,CNC
CNC260130P00045000,45.0,2.02,1.62,2.42,21.0,578.0,0.7382838671874999,True,PUT,2026-01-30,CNC
CNC260130P00045500,45.5,3.2,1.91,3.35,10.0,656.0,0.9589847851562499,True,PUT,2026-01-30,CNC
CNC260130P00046000,46.0,3.0,2.6,3.4,29.0,511.0,0.9335944140625,True,PUT,2026-01-30,CNC
CNC260130P00046500,46.5,1.32,2.94,4.9,50.0,125.0,1.4609401953124999,True,PUT,2026-01-30,CNC
CNC260130P00047000,47.0,5.15,3.35,4.3,3.0,368.0,0.8906260937499999,True,PUT,2026-01-30,CNC
CNC260130P00047500,47.5,2.64,3.8,5.9,,1.0,1.607423837890625,True,PUT,2026-01-30,CNC
CNC260130P00048000,48.0,1.99,4.3,6.4,2.0,3.0,1.7070327148437499,True,PUT,2026-01-30,CNC
CNC260130P00048500,48.5,2.76,4.35,7.15,20.0,0.0,1.6972671386718752,True,PUT,2026-01-30,CNC
CNC260130P00049000,49.0,4.33,5.3,7.4,1.0,0.0,1.8984380078125,True,PUT,2026-01-30,CNC
CNC260130P00050000,50.0,4.0,6.45,8.4,,0.0,2.16406708984375,True,PUT,2026-01-30,CNC
CNC260130P00051000,51.0,5.7,7.4,9.4,,15.0,2.3105510986328124,True,PUT,2026-01-30,CNC
CNC260130P00055000,55.0,8.22,11.25,13.65,,0.0,3.0000025,True,PUT,2026-01-30,CNC
CNC260206C00034000,34.0,6.7,7.85,10.45,1.0,1.0,1.7695324023437498,True,CALL,2026-02-06,CNC
CNC260206C00035000,35.0,11.37,6.9,8.95,1.0,1.0,1.3105503222656247,True,CALL,2026-02-06,CNC
CNC260206C00038000,38.0,8.63,4.25,6.75,1.0,1.0,0.6269568554687501,True,CALL,2026-02-06,CNC
CNC260206C00039000,39.0,3.59,3.6,5.45,4.0,9.0,0.55273884765625,True,CALL,2026-02-06,CNC
CNC260206C00040000,40.0,3.44,3.0,4.55,10.0,18.0,0.6074258007812501,True,CALL,2026-02-06,CNC
CNC260206C00041000,41.0,3.5,3.25,3.6,7.0,131.0,0.778322529296875,True,CALL,2026-02-06,CNC
CNC260206C00042000,42.0,2.76,2.42,2.94,102.0,230.0,0.727541787109375,True,CALL,2026-02-06,CNC
CNC260206C00042500,42.5,2.61,2.36,2.72,3.0,10.0,0.7812521875,True,CALL,2026-02-06,CNC
CNC260206C00043000,43.0,2.21,2.18,2.46,158.0,170.0,0.795900478515625,True,CALL,2026-02-06,CNC
CNC260206C00043500,43.5,1.98,1.84,2.18,77.0,7.0,0.770510107421875,False,CALL,2026-02-06,CNC
CNC260206C00044000,44.0,1.2,1.63,2.01,231.0,457.0,0.782228740234375,False,CALL,2026-02-06,CNC
CNC260206C00044500,44.5,1.54,1.44,1.74,6.0,0.0,0.772463212890625,False,CALL,2026-02-06,CNC
CNC260206C00045000,45.0,1.39,1.29,1.5,62.0,109.0,0.7690452783203126,False,CALL,2026-02-06,CNC
CNC260206C00045500,45.5,0.96,1.08,1.44,1.0,2.0,0.782228740234375,False,CALL,2026-02-06,CNC
CNC260206C00046000,46.0,1.02,0.95,1.26,54.0,377.0,0.7817404638671875,False,CALL,2026-02-06,CNC
CNC260206C00046500,46.5,2.52,0.81,1.54,50.0,53.0,0.868165380859375,False,CALL,2026-02-06,CNC
CNC260206C00047000,47.0,0.8,0.76,0.88,60.0,108.0,0.77148666015625,False,CALL,2026-02-06,CNC
CNC260206C00047500,47.5,1.85,0.21,0.95,11.0,12.0,0.70898728515625,False,CALL,2026-02-06,CNC
CNC260206C00048000,48.0,0.58,0.55,0.61,51.0,262.0,0.754885263671875,False,CALL,2026-02-06,CNC
CNC260206C00049000,49.0,0.47,0.37,0.49,56.0,16.0,0.7587914746093751,False,CALL,2026-02-06,CNC
CNC260206C00050000,50.0,0.31,0.3,0.35,78.0,542.0,0.7695335546875001,False,CALL,2026-02-06,CNC
CNC260206C00051000,51.0,0.07,0.0,0.66,4.0,88.0,0.8457046679687499,False,CALL,2026-02-06,CNC
CNC260206C00052000,52.0,0.51,0.09,0.28,2.0,67.0,0.79101771484375,False,CALL,2026-02-06,CNC
CNC260206C00053000,53.0,0.14,0.06,0.28,16.0,7.0,0.8359391406249999,False,CALL,2026-02-06,CNC
CNC260206C00054000,54.0,0.08,0.05,0.25,5.0,50.0,0.8710950390625,False,CALL,2026-02-06,CNC
CNC260206C00055000,55.0,0.1,0.0,2.15,4.0,13.0,1.5771505517578124,False,CALL,2026-02-06,CNC
CNC260206C00056000,56.0,0.21,0.0,0.62,,32.0,1.1484417578125,False,CALL,2026-02-06,CNC
CNC260206P00034000,34.0,0.1,0.1,1.02,2.0,8.0,1.3896514892578122,False,PUT,2026-02-06,CNC
CNC260206P00035000,35.0,0.29,0.14,0.43,3.0,31.0,1.0410204199218753,False,PUT,2026-02-06,CNC
CNC260206P00036000,36.0,0.43,0.1,0.85,1.0,37.0,1.087895185546875,False,PUT,2026-02-06,CNC
CNC260206P00037000,37.0,0.4,0.31,0.44,2.0,174.0,0.9003916210937499,False,PUT,2026-02-06,CNC
CNC260206P00038000,38.0,0.9,0.42,0.71,4.0,50.0,0.91211025390625,False,PUT,2026-02-06,CNC
CNC260206P00039000,39.0,0.66,0.6,0.85,50.0,508.0,0.877930908203125,False,PUT,2026-02-06,CNC
CNC260206P00040000,40.0,0.95,0.71,0.95,100.0,363.0,0.799806689453125,False,PUT,2026-02-06,CNC
CNC260206P00040500,40.5,1.76,0.9,2.39,6.0,65.0,1.0830123974609376,False,PUT,2026-02-06,CNC
CNC260206P00041000,41.0,1.22,1.15,1.33,71.0,353.0,0.8388687988281249,False,PUT,2026-02-06,CNC
CNC260206P00042000,42.0,1.74,1.39,1.64,5.0,183.0,0.7915059912109376,False,PUT,2026-02-06,CNC
CNC260206P00042500,42.5,2.0,1.64,1.93,3.0,72.0,0.8095722167968749,False,PUT,2026-02-06,CNC
CNC260206P00043000,43.0,3.24,1.84,2.23,6.0,29.0,0.8125018749999999,False,PUT,2026-02-06,CNC
CNC260206P00043500,43.5,2.39,2.1,2.44,10.0,24.0,0.8037129003906249,True,PUT,2026-02-06,CNC
CNC260206P00044000,44.0,3.5,2.38,2.71,3.0,27.0,0.8027363476562499,True,PUT,2026-02-06,CNC
CNC260206P00045000,45.0,2.97,2.98,3.3,29.0,284.0,0.797853583984375,True,PUT,2026-02-06,CNC
CNC260206P00045500,45.5,2.15,3.35,3.65,142.0,50.0,0.8095722167968749,True,PUT,2026-02-06,CNC
CNC260206P00046000,46.0,2.08,3.55,5.4,31.0,71.0,1.0556687841796877,True,PUT,2026-02-06,CNC
CNC260206P00046500,46.5,5.69,4.05,4.35,1.0,53.0,0.8085956640624999,True,PUT,2026-02-06,CNC
CNC260206P00047000,47.0,6.15,4.3,6.05,24.0,27.0,1.0576218994140625,True,PUT,2026-02-06,CNC
CNC260206P00047500,47.5,3.95,4.55,6.25,,22.0,1.0004932788085936,True,PUT,2026-02-06,CNC
CNC260206P00048000,48.0,3.5,5.1,7.0,3.0,5.0,1.1162153564453123,True,PUT,2026-02-06,CNC
CNC260206P00049000,49.0,3.35,5.9,7.85,,43.0,1.1416058544921874,True,PUT,2026-02-06,CNC
CNC260206P00050000,50.0,4.0,6.75,8.75,,2.0,1.1777384863281248,True,PUT,2026-02-06,CNC
CNC260213C00036000,36.0,11.53,6.0,8.05,2.0,3.0,0.93945373046875,True,CALL,2026-02-13,CNC
CNC260213C00037000,37.0,8.83,5.2,7.9,,4.0,0.579105771484375,True,CALL,2026-02-13,CNC
CNC260213C00038000,38.0,7.95,4.35,6.95,8.0,4.0,0.5634809277343751,True,CALL,2026-02-13,CNC
CNC260213C00039000,39.0,6.32,4.25,6.05,,0.0,0.6953155468750001,True,CALL,2026-02-13,CNC
CNC260213C00040000,40.0,3.45,2.89,4.7,1.0,3.0,0.7817404638671875,True,CALL,2026-02-13,CNC
CNC260213C00041000,41.0,2.67,3.45,3.9,224.0,244.0,0.6611362011718751,True,CALL,2026-02-13,CNC
CNC260213C00042000,42.0,2.28,2.97,3.25,35.0,40.0,0.6699251757812501,True,CALL,2026-02-13,CNC
CNC260213C00043000,43.0,2.6,2.47,2.71,7.0,1.0,0.6718782812500002,True,CALL,2026-02-13,CNC
CNC260213C00044000,44.0,2.03,2.0,2.16,1.0,7.0,0.6586948193359375,False,CALL,2026-02-13,CNC
CNC260213C00045000,45.0,1.69,1.61,1.75,37.0,72.0,0.6577182666015625,False,CALL,2026-02-13,CNC
CNC260213C00046000,46.0,1.35,1.26,1.41,43.0,65.0,0.6552768847656252,False,CALL,2026-02-13,CNC
CNC260213C00047000,47.0,1.11,0.92,1.18,10.0,101.0,0.6533237792968751,False,CALL,2026-02-13,CNC
CNC260213C00048000,48.0,0.63,0.66,0.91,1.0,29.0,0.6411168701171875,False,CALL,2026-02-13,CNC
CNC260213C00049000,49.0,0.43,0.53,2.62,112.0,55.0,0.97460962890625,False,CALL,2026-02-13,CNC
CNC260213C00050000,50.0,0.54,0.45,0.75,400.0,322.0,0.70312796875,False,CALL,2026-02-13,CNC
CNC260213C00051000,51.0,1.01,0.32,1.25,1.0,22.0,0.8388687988281249,False,CALL,2026-02-13,CNC
CNC260213C00052000,52.0,1.15,0.01,1.8,11.0,31.0,0.945313046875,False,CALL,2026-02-13,CNC
CNC260213C00053000,53.0,0.72,0.0,1.78,,3.0,0.99804689453125,False,CALL,2026-02-13,CNC
CNC260213C00055000,55.0,0.8,0.01,0.77,18.0,45.0,0.867188828125,False,CALL,2026-02-13,CNC
CNC260213C00056000,56.0,0.29,0.0,0.74,30.0,35.0,0.9003916210937499,False,CALL,2026-02-13,CNC
CNC260213P00035000,35.0,0.49,0.13,0.86,4.0,35.0,0.914063359375,False,PUT,2026-02-13,CNC
CNC260213P00036000,36.0,0.6,0.19,1.02,2.0,21.0,0.883790224609375,False,PUT,2026-02-13,CNC
CNC260213P00037000,37.0,0.26,0.4,0.79,30.0,33.0,0.788088056640625,False,PUT,2026-02-13,CNC
CNC260213P00038000,38.0,1.16,0.56,0.77,5.0,9.0,0.727541787109375,False,PUT,2026-02-13,CNC
CNC260213P00039000,39.0,1.3,0.77,1.91,27.0,32.0,0.8818371191406249,False,PUT,2026-02-13,CNC
CNC260213P00040000,40.0,1.65,1.0,1.29,5.0,91.0,0.708010732421875,False,PUT,2026-02-13,CNC
CNC260213P00041000,41.0,2.13,1.33,1.52,6.0,136.0,0.6860382958984376,False,PUT,2026-02-13,CNC
CNC260213P00042000,42.0,2.86,1.72,1.84,5.0,37.0,0.6704134521484376,False,PUT,2026-02-13,CNC
CNC260213P00043000,43.0,3.68,2.21,2.33,2.0,9.0,0.6748079394531252,False,PUT,2026-02-13,CNC
CNC260213P00044000,44.0,3.0,2.51,2.91,8.0,12.0,0.647464462890625,True,PUT,2026-02-13,CNC
CNC260213P00045000,45.0,3.4,3.3,3.55,52.0,14.0,0.6787141503906251,True,PUT,2026-02-13,CNC
CNC260213P00046000,46.0,2.42,3.9,4.2,21.0,52.0,0.6684603466796877,True,PUT,2026-02-13,CNC
CNC260213P00047000,47.0,2.95,4.6,4.95,17.0,29.0,0.6709017285156251,True,PUT,2026-02-13,CNC
CNC260213P00048000,48.0,7.35,5.25,7.3,5.0,16.0,0.9062509375,True,PUT,2026-02-13,CNC
CNC260213P00050000,50.0,5.4,6.85,9.2,2.0,4.0,0.9765627343750001,True,PUT,2026-02-13,CNC
CNC260213P00051000,51.0,7.24,6.9,9.9,,0.0,0.8164080859374999,True,PUT,2026-02-13,CNC
CNC260213P00055000,55.0,8.0,11.3,13.9,,1.0,1.1245160961914062,True,PUT,2026-02-13,CNC
CNC260220C00032500,32.5,10.8,10.25,11.35,1.0,110.0,0.9648441015625,True,CALL,2026-02-20,CNC
CNC260220C00035000,35.0,8.4,7.7,9.0,7.0,292.0,0.84179845703125,True,CALL,2026-02-20,CNC
CNC260220C00037500,37.5,4.58,5.0,6.8,11.0,310.0,0.75195560546875,True,CALL,2026-02-20,CNC
CNC260220C00040000,40.0,4.28,4.35,4.75,1.0,712.0,0.6113320117187502,True,CALL,2026-02-20,CNC
CNC260220C00040500,40.5,2.75,3.05,4.6,6.0,7.0,0.5043994873046875,True,CALL,2026-02-20,CNC
CNC260220C00041000,41.0,3.51,3.65,4.05,5.0,19.0,0.5961954443359375,True,CALL,2026-02-20,CNC
CNC260220C00042500,42.5,3.0,2.85,3.15,6.0,1074.0,0.5971719970703125,True,CALL,2026-02-20,CNC
CNC260220C00043000,43.0,2.73,2.56,2.92,5.0,27.0,0.5952188916015625,True,CALL,2026-02-20,CNC
CNC260220C00044000,44.0,2.1,2.1,2.46,16.0,70.0,0.5952188916015625,False,CALL,2026-02-20,CNC
CNC260220C00044500,44.5,1.08,1.83,2.4,10.0,37.0,0.6052285571289064,False,CALL,2026-02-20,CNC
CNC260220C00045000,45.0,1.88,1.7,1.96,55.0,1943.0,0.5839885351562499,False,CALL,2026-02-20,CNC
CNC260220C00045500,45.5,3.32,1.46,1.86,2.0,23.0,0.5854533642578125,False,CALL,2026-02-20,CNC
CNC260220C00046000,46.0,1.25,1.25,1.5,1.0,37.0,0.5561567822265626,False,CALL,2026-02-20,CNC
CNC260220C00046500,46.5,0.75,1.16,1.59,10.0,328.0,0.5932657861328126,False,CALL,2026-02-20,CNC
CNC260220C00047000,47.0,1.07,0.68,1.4,10.0,17.0,0.5424850439453126,False,CALL,2026-02-20,CNC
CNC260220C00047500,47.5,1.15,0.97,1.32,17.0,1502.0,0.6035195898437502,False,CALL,2026-02-20,CNC
CNC260220C00048500,48.5,1.22,0.34,1.08,1.0,3.0,0.5415084912109377,False,CALL,2026-02-20,CNC
CNC260220C00049500,49.5,1.54,0.56,0.82,3.0,4.0,0.5903361279296876,False,CALL,2026-02-20,CNC
CNC260220C00050000,50.0,0.41,0.3,0.82,1.0,3543.0,0.5722699023437501,False,CALL,2026-02-20,CNC
CNC260220C00051000,51.0,0.3,0.12,0.66,5.0,11.0,0.5546919531250001,False,CALL,2026-02-20,CNC
CNC260220C00052500,52.5,0.27,0.15,0.45,2.0,127.0,0.57812921875,False,CALL,2026-02-20,CNC
CNC260220C00053000,53.0,0.2,0.03,0.44,6.0,7.0,0.5634809277343751,False,CALL,2026-02-20,CNC
CNC260220C00055000,55.0,0.17,0.13,0.44,7.0,3008.0,0.6679720703125002,False,CALL,2026-02-20,CNC
CNC260220C00056000,56.0,0.38,0.0,0.3,30.0,43.0,0.6132851171875001,False,CALL,2026-02-20,CNC
CNC260220P00032500,32.5,0.31,0.05,0.34,1.0,528.0,0.7509790527343749,False,PUT,2026-02-20,CNC
CNC260220P00035000,35.0,0.45,0.25,0.55,94.0,342.0,0.7148466015625,False,PUT,2026-02-20,CNC
CNC260220P00036000,36.0,0.64,0.37,0.77,1.0,22.0,0.7221707470703125,False,PUT,2026-02-20,CNC
CNC260220P00037500,37.5,0.97,0.54,0.9,1.0,357.0,0.6660189648437502,False,PUT,2026-02-20,CNC
CNC260220P00038000,38.0,1.13,0.64,0.95,1.0,26.0,0.6523472265625001,False,PUT,2026-02-20,CNC
CNC260220P00039000,39.0,1.0,0.79,1.14,10.0,12.0,0.6250037500000001,False,PUT,2026-02-20,CNC
CNC260220P00040000,40.0,1.31,1.04,1.33,4.0,535.0,0.6015664843750002,False,PUT,2026-02-20,CNC
CNC260220P00041000,41.0,1.71,1.35,2.03,10.0,14.0,0.639652041015625,False,PUT,2026-02-20,CNC
CNC260220P00041500,41.5,1.99,1.54,1.97,3.0,18.0,0.6049844189453126,False,PUT,2026-02-20,CNC
CNC260220P00042000,42.0,2.33,1.76,2.2,2.0,40.0,0.6069375244140626,False,PUT,2026-02-20,CNC
CNC260220P00042500,42.5,2.2,1.94,2.38,176.0,2079.0,0.594730615234375,False,PUT,2026-02-20,CNC
CNC260220P00043000,43.0,2.2,2.21,2.72,5.0,23.0,0.6084023535156251,False,PUT,2026-02-20,CNC
CNC260220P00043500,43.5,3.05,2.4,2.88,1.0,3.0,0.58789474609375,True,PUT,2026-02-20,CNC
CNC260220P00044000,44.0,2.31,2.73,3.45,,75.0,0.6279334082031252,True,PUT,2026-02-20,CNC
CNC260220P00044500,44.5,4.35,3.05,3.45,2.0,28.0,0.5971719970703125,True,PUT,2026-02-20,CNC
CNC260220P00045000,45.0,4.7,3.35,3.9,250.0,548.0,0.6132851171875001,True,PUT,2026-02-20,CNC
CNC260220P00045500,45.5,2.29,3.65,4.05,1.0,94.0,0.5903361279296876,True,PUT,2026-02-20,CNC
CNC260220P00046000,46.0,3.58,4.0,5.25,,6.0,0.6962920996093751,True,PUT,2026-02-20,CNC
CNC260220P00046500,46.5,2.93,4.35,4.75,30.0,18.0,0.594730615234375,True,PUT,2026-02-20,CNC
CNC260220P00047500,47.5,6.8,5.15,5.5,2.0,93.0,0.6059609716796877,True,PUT,2026-02-20,CNC
CNC260220P00048000,48.0,4.05,5.4,6.95,,5.0,0.7304714453125,True,PUT,2026-02-20,CNC
CNC260220P00048500,48.5,4.2,5.7,7.4,,30.0,0.7304714453125,True,PUT,2026-02-20,CNC
CNC260220P00050000,50.0,9.45,6.95,8.7,2.0,151.0,0.7583031982421876,True,PUT,2026-02-20,CNC
CNC260220P00052500,52.5,11.9,9.15,11.05,2.0,3.0,0.8212908496093749,True,PUT,2026-02-20,CNC
CNC260220P00055000,55.0,16.32,11.5,13.4,,27.0,0.88476677734375,True,PUT,2026-02-20,CNC
CNC260227C00035000,35.0,11.05,7.3,9.4,,16.0,0.875977802734375,True,CALL,2026-02-27,CNC
CNC260227C00038000,38.0,7.8,5.0,6.75,,50.0,0.74414318359375,True,CALL,2026-02-27,CNC
CNC260227C00042000,42.0,3.15,3.45,3.8,3.0,22.0,0.5974161352539062,True,CALL,2026-02-27,CNC
CNC260227C00043000,43.0,2.09,2.89,3.2,11.0,6.0,0.5835002587890624,True,CALL,2026-02-27,CNC
CNC260227C00045000,45.0,2.1,2.02,2.25,2.0,24.0,0.5737347314453125,False,CALL,2026-02-27,CNC
CNC260227C00046000,46.0,1.21,1.65,1.91,4.0,4.0,0.5730023168945313,False,CALL,2026-02-27,CNC
CNC260227C00047000,47.0,1.64,1.35,1.65,4.0,16.0,0.5783733569335938,False,CALL,2026-02-27,CNC
CNC260227C00048000,48.0,1.2,0.95,1.41,4.0,16.0,0.5649457568359376,False,CALL,2026-02-27,CNC
CNC260227C00049000,49.0,0.96,0.73,1.2,33.0,2.0,0.5659223095703125,False,CALL,2026-02-27,CNC
CNC260227C00050000,50.0,1.5,0.64,1.04,7.0,7.0,0.5820354296875,False,CALL,2026-02-27,CNC
CNC260227C00051000,51.0,1.33,0.41,0.87,4.0,5.0,0.569340244140625,False,CALL,2026-02-27,CNC
CNC260227C00052000,52.0,1.07,0.18,1.77,3.0,7.0,0.709963837890625,False,CALL,2026-02-27,CNC
CNC260227C00053000,53.0,1.01,0.32,1.91,1.0,8.0,0.7919942675781251,False,CALL,2026-02-27,CNC
CNC260227C00054000,54.0,0.5,0.08,1.69,2.0,2.0,0.7680687255859376,False,CALL,2026-02-27,CNC
CNC260227P00035000,35.0,0.62,0.13,2.57,1.0,16.0,0.963867548828125,False,PUT,2026-02-27,CNC
CNC260227P00036000,36.0,0.26,0.45,2.7,20.0,23.0,0.9487309814453124,False,PUT,2026-02-27,CNC
CNC260227P00038000,38.0,0.96,0.82,1.1,22.0,16.0,0.6191444335937502,False,PUT,2026-02-27,CNC
CNC260227P00040000,40.0,2.05,1.28,1.59,21.0,22.0,0.5864299169921875,False,PUT,2026-02-27,CNC
CNC260227P00041000,41.0,2.93,1.66,1.98,3.0,4.0,0.5883830224609375,False,PUT,2026-02-27,CNC
CNC260227P00042000,42.0,2.3,2.06,2.29,1.0,53.0,0.5722699023437501,False,PUT,2026-02-27,CNC
CNC260227P00045000,45.0,4.0,3.65,3.85,237.0,15.0,0.5625043750000001,True,PUT,2026-02-27,CNC
CNC260306C00047000,47.0,2.85,1.39,1.7,10.0,4.0,0.5297898583984376,False,CALL,2026-03-06,CNC
CNC260306P00035000,35.0,0.77,0.23,0.86,16.0,22.0,0.6201209863281252,False,PUT,2026-03-06,CNC
CNC260306P00038000,38.0,0.72,0.9,1.44,,3.0,0.6098671826171876,False,PUT,2026-03-06,CNC
CNC260306P00041000,41.0,1.43,1.71,2.25,2.0,1.0,0.561527822265625,False,PUT,2026-03-06,CNC
CNC260306P00042000,42.0,1.73,2.08,2.59,2.0,1.0,0.5454147021484376,False,PUT,2026-03-06,CNC
CNC260320C00032500,32.5,11.18,10.9,11.7,24.0,986.0,0.6289099609375001,True,CALL,2026-03-20,CNC
CNC260320C00035000,35.0,7.5,7.7,9.4,8.0,1713.0,0.6718782812500002,True,CALL,2026-03-20,CNC
CNC260320C00037500,37.5,6.97,6.5,7.3,27.0,847.0,0.5273484765625001,True,CALL,2026-03-20,CNC
CNC260320C00040000,40.0,4.39,5.0,5.55,52.0,5916.0,0.540287800292969,True,CALL,2026-03-20,CNC
CNC260320C00042500,42.5,3.94,3.8,4.0,62.0,2263.0,0.5429733203125001,True,CALL,2026-03-20,CNC
CNC260320C00045000,45.0,2.71,2.62,2.86,64.0,2899.0,0.534184345703125,False,CALL,2026-03-20,CNC
CNC260320C00047500,47.5,1.75,1.75,1.96,56.0,2427.0,0.5266160620117188,False,CALL,2026-03-20,CNC
CNC260320C00050000,50.0,1.24,1.19,1.3,27.0,6062.0,0.526371923828125,False,CALL,2026-03-20,CNC
CNC260320C00052500,52.5,0.61,0.72,0.91,1.0,1567.0,0.5258836474609375,False,CALL,2026-03-20,CNC
CNC260320C00055000,55.0,0.55,0.39,0.75,13.0,1036.0,0.5395553857421876,False,CALL,2026-03-20,CNC
CNC260320P00032500,32.5,0.49,0.21,0.4,1.0,1074.0,0.56055126953125,False,PUT,2026-03-20,CNC
CNC260320P00035000,35.0,0.75,0.58,0.75,10.0,2816.0,0.5639692041015626,False,PUT,2026-03-20,CNC
CNC260320P00037500,37.5,1.14,1.1,1.15,25.0,1444.0,0.5393112475585939,False,PUT,2026-03-20,CNC
CNC260320P00040000,40.0,1.87,1.79,1.94,10.0,2836.0,0.526371923828125,False,PUT,2026-03-20,CNC
CNC260320P00042500,42.5,2.88,2.8,2.99,13.0,1050.0,0.51562984375,False,PUT,2026-03-20,CNC
CNC260320P00045000,45.0,4.3,4.1,4.35,96.0,594.0,0.5053760400390624,True,PUT,2026-03-20,CNC
CNC260320P00047500,47.5,7.85,5.55,6.15,72.0,505.0,0.5473678076171876,True,PUT,2026-03-20,CNC
CNC260320P00050000,50.0,9.3,7.45,8.05,15.0,188.0,0.551762294921875,True,PUT,2026-03-20,CNC
CNC260320P00052500,52.5,11.55,9.55,11.55,9.0,28.0,0.6440465283203125,True,PUT,2026-03-20,CNC
CNC260320P00055000,55.0,15.0,11.5,14.1,2.0,44.0,0.6748079394531252,True,PUT,2026-03-20,CNC
CNC260417C00040000,40.0,4.85,5.6,6.25,40.0,39.0,0.524418818359375,True,CALL,2026-04-17,CNC
CNC260417C00042500,42.5,4.6,4.45,4.75,83.0,243.0,0.5251512329101562,True,CALL,2026-04-17,CNC
CNC260417C00045000,45.0,3.4,3.3,3.55,45.0,222.0,0.5144091528320311,False,CALL,2026-04-17,CNC
CNC260417C00047500,47.5,2.47,2.43,2.62,127.0,230.0,0.5107470800781251,False,CALL,2026-04-17,CNC
CNC260417C00050000,50.0,1.35,1.63,1.94,400.0,516.0,0.5014698291015626,False,CALL,2026-04-17,CNC
CNC260417C00052500,52.5,1.25,1.2,1.38,45.0,87.0,0.5031787963867188,False,CALL,2026-04-17,CNC
CNC260417C00055000,55.0,0.65,0.85,0.97,10.0,511.0,0.5024463818359376,False,CALL,2026-04-17,CNC
CNC260417P00032500,32.5,0.75,0.5,1.94,4.0,6.0,0.692385888671875,False,PUT,2026-04-17,CNC
CNC260417P00035000,35.0,1.28,0.98,1.14,9.0,44.0,0.5378464184570313,False,PUT,2026-04-17,CNC
CNC260417P00040000,40.0,3.1,2.29,2.51,1.0,34.0,0.5127001855468749,False,PUT,2026-04-17,CNC
CNC260417P00042500,42.5,3.8,3.4,3.65,2.0,136.0,0.5100146655273439,False,PUT,2026-04-17,CNC
CNC260417P00045000,45.0,4.9,4.55,4.95,52.0,88.0,0.49658706542968756,True,PUT,2026-04-17,CNC
CNC260417P00047500,47.5,6.45,6.25,6.5,49.0,30.0,0.48560084716796875,True,PUT,2026-04-17,CNC
CNC260417P00050000,50.0,6.3,7.85,8.5,19.0,19.0,0.5080615600585938,True,PUT,2026-04-17,CNC
CNC260618C00032500,32.5,12.3,11.7,12.8,15.0,1921.0,0.5498091894531252,True,CALL,2026-06-18,CNC
CNC260618C00035000,35.0,10.5,10.2,10.6,21.0,1644.0,0.5410202148437502,True,CALL,2026-06-18,CNC
CNC260618C00037500,37.5,8.7,8.5,9.15,12.0,2759.0,0.5441940112304688,True,CALL,2026-06-18,CNC
CNC260618C00040000,40.0,7.0,6.95,7.6,1.0,3339.0,0.5300339965820313,True,CALL,2026-06-18,CNC
CNC260618C00042500,42.5,6.06,5.55,6.3,8.0,2465.0,0.5190477783203125,True,CALL,2026-06-18,CNC
CNC260618C00045000,45.0,4.8,4.5,5.0,39.0,3691.0,0.5085498364257812,False,CALL,2026-06-18,CNC
CNC260618C00047500,47.5,3.85,3.55,3.9,16.0,821.0,0.5127001855468749,False,CALL,2026-06-18,CNC
CNC260618C00050000,50.0,3.09,2.67,3.1,22.0,2652.0,0.5075732836914062,False,CALL,2026-06-18,CNC
CNC260618C00052500,52.5,2.43,2.29,2.94,3.0,2137.0,0.5207567456054687,False,CALL,2026-06-18,CNC
CNC260618C00055000,55.0,1.4,1.72,2.13,64.0,609.0,0.5007374145507812,False,CALL,2026-06-18,CNC
CNC260618P00032500,32.5,1.42,1.08,1.56,1.0,412.0,0.534184345703125,False,PUT,2026-06-18,CNC
CNC260618P00035000,35.0,1.78,1.61,2.01,21.0,2315.0,0.5073291455078125,False,PUT,2026-06-18,CNC
CNC260618P00037500,37.5,2.93,2.34,2.97,3.0,881.0,0.5063525927734375,False,PUT,2026-06-18,CNC
CNC260618P00040000,40.0,4.4,3.2,4.0,2.0,323.0,0.5356491748046875,False,PUT,2026-06-18,CNC
CNC260618P00042500,42.5,4.55,4.3,4.9,3.0,237.0,0.5006153454589843,False,PUT,2026-06-18,CNC
CNC260618P00045000,45.0,6.25,5.7,6.2,1.0,123.0,0.4880422290039063,True,PUT,2026-06-18,CNC
CNC260618P00047500,47.5,8.7,7.2,8.0,3.0,10.0,0.5063525927734375,True,PUT,2026-06-18,CNC
CNC260618P00050000,50.0,10.6,8.95,9.7,5.0,2700.0,0.5009815527343751,True,PUT,2026-06-18,CNC
CNC260618P00052500,52.5,10.05,10.65,11.55,8.0,254.0,0.4968312036132813,True,PUT,2026-06-18,CNC
CNC260618P00055000,55.0,11.3,12.7,13.5,2.0,13.0,0.4903615417480469,True,PUT,2026-06-18,CNC
CNC260918C00032500,32.5,11.6,12.1,13.95,12.0,660.0,0.5161181201171875,True,CALL,2026-09-18,CNC
CNC260918C00035000,35.0,11.73,10.95,12.25,31.0,5892.0,0.5361374511718751,True,CALL,2026-09-18,CNC
CNC260918C00037500,37.5,11.85,9.8,10.5,1.0,4645.0,0.5361374511718751,True,CALL,2026-09-18,CNC
CNC260918C00040000,40.0,7.55,8.3,9.05,13.0,3134.0,0.5222215747070311,True,CALL,2026-09-18,CNC
CNC260918C00042500,42.5,7.35,7.15,7.6,22.0,636.0,0.5117236328125,True,CALL,2026-09-18,CNC
CNC260918C00045000,45.0,5.5,5.65,6.65,1.0,3747.0,0.5335740002441407,False,CALL,2026-09-18,CNC
CNC260918C00047500,47.5,4.18,4.8,5.65,7.0,3484.0,0.5258836474609375,False,CALL,2026-09-18,CNC
CNC260918C00050000,50.0,4.35,4.15,4.8,7.0,2254.0,0.5207567456054687,False,CALL,2026-09-18,CNC
CNC260918C00052500,52.5,3.5,3.2,4.05,6.0,422.0,0.5152636364746093,False,CALL,2026-09-18,CNC
CNC260918C00055000,55.0,2.47,2.63,3.45,2.0,898.0,0.5139208764648437,False,CALL,2026-09-18,CNC
CNC260918P00032500,32.5,1.76,1.79,2.34,100.0,956.0,0.5019581054687501,False,PUT,2026-09-18,CNC
CNC260918P00035000,35.0,3.12,2.32,3.1,5.0,2334.0,0.5202684692382812,False,PUT,2026-09-18,CNC
CNC260918P00037500,37.5,3.95,3.2,4.05,12.0,239.0,0.513554669189453,False,PUT,2026-09-18,CNC
CNC260918P00040000,40.0,5.1,4.2,5.2,17.0,222.0,0.5109912182617188,False,PUT,2026-09-18,CNC
CNC260918P00042500,42.5,5.0,5.2,6.4,39.0,68.0,0.501103621826172,False,PUT,2026-09-18,CNC
CNC260918P00045000,45.0,8.25,6.65,7.85,4.0,73.0,0.4995167236328125,True,PUT,2026-09-18,CNC
CNC260918P00047500,47.5,8.9,8.2,9.35,6.0,94.0,0.49207050903320315,True,PUT,2026-09-18,CNC
CNC260918P00050000,50.0,10.5,9.85,11.0,6.0,41.0,0.4865773999023438,True,PUT,2026-09-18,CNC
CNC260918P00052500,52.5,10.77,11.6,12.75,35.0,7.0,0.4801077380371094,True,PUT,2026-09-18,CNC
CNC260918P00055000,55.0,11.95,13.45,14.6,1.0,26.0,0.4732718688964844,True,PUT,2026-09-18,CNC
CNC261218C00032500,32.5,18.22,13.05,15.6,1.0,2.0,0.5524947094726562,True,CALL,2026-12-18,CNC
CNC261218C00035000,35.0,14.91,11.5,14.0,2.0,32.0,0.5441940112304688,True,CALL,2026-12-18,CNC
CNC261218C00037500,37.5,13.83,10.95,11.9,61.0,81.0,0.5454147021484376,True,CALL,2026-12-18,CNC
CNC261218C00040000,40.0,9.0,9.5,10.7,3.0,69.0,0.5377243493652344,True,CALL,2026-12-18,CNC
CNC261218C00042500,42.5,10.5,7.6,9.1,2.0,23.0,0.5438278039550781,True,CALL,2026-12-18,CNC
CNC261218C00045000,45.0,7.95,7.05,8.4,50.0,79.0,0.5191698474121094,False,CALL,2026-12-18,CNC
CNC261218C00047500,47.5,5.6,6.05,7.45,2.0,28.0,0.513554669189453,False,CALL,2026-12-18,CNC
CNC261218C00050000,50.0,4.88,5.2,6.0,2.0,14.0,0.51562984375,False,CALL,2026-12-18,CNC
CNC261218C00052500,52.5,5.0,4.4,5.35,2.0,10.0,0.5184374328613282,False,CALL,2026-12-18,CNC
CNC261218C00055000,55.0,5.68,3.8,4.65,1.0,151.0,0.5131884619140624,False,CALL,2026-12-18,CNC
CNC261218P00032500,32.5,2.85,2.35,3.2,1.0,3.0,0.5273484765625001,False,PUT,2026-12-18,CNC
CNC261218P00035000,35.0,3.8,2.86,4.0,26.0,103.0,0.5119677709960937,False,PUT,2026-12-18,CNC
CNC261218P00037500,37.5,3.62,3.9,5.3,3.0,7.0,0.5246629565429688,False,PUT,2026-12-18,CNC
CNC261218P00040000,40.0,6.04,4.9,6.1,3.0,7.0,0.493291199951172,False,PUT,2026-12-18,CNC
CNC261218P00042500,42.5,5.25,6.15,7.4,1.0,83.0,0.4885305053710938,False,PUT,2026-12-18,CNC
CNC261218P00045000,45.0,8.65,7.45,8.8,1.0,3.0,0.48242705078125003,True,PUT,2026-12-18,CNC
CNC261218P00047500,47.5,8.84,9.05,10.35,1.0,4.0,0.47876497802734375,True,PUT,2026-12-18,CNC
CNC261218P00055000,55.0,12.98,14.1,15.6,,1.0,0.4674125524902344,True,PUT,2026-12-18,CNC
CNC270115C00032500,32.5,13.0,13.3,15.8,1.0,1221.0,0.5483443603515626,True,CALL,2027-01-15,CNC
CNC270115C00035000,35.0,13.15,11.8,13.35,1.0,3629.0,0.5091601818847658,True,CALL,2027-01-15,CNC
CNC270115C00037500,37.5,11.95,11.35,11.85,3.0,1903.0,0.5351608984375,True,CALL,2027-01-15,CNC
CNC270115C00040000,40.0,9.95,10.0,10.7,17.0,5991.0,0.5319871020507813,True,CALL,2027-01-15,CNC
CNC270115C00042500,42.5,8.04,8.5,9.75,1.0,2671.0,0.523320196533203,True,CALL,2027-01-15,CNC
CNC270115C00045000,45.0,6.9,7.35,8.25,2.0,1086.0,0.5025684509277344,False,CALL,2027-01-15,CNC
CNC270115C00047500,47.5,8.1,6.35,7.55,1.0,750.0,0.5043994873046875,False,CALL,2027-01-15,CNC
CNC270115C00050000,50.0,6.1,5.8,6.45,4.0,7427.0,0.502080174560547,False,CALL,2027-01-15,CNC
CNC270115C00052500,52.5,4.55,4.7,5.6,6.0,2747.0,0.5123339782714844,False,CALL,2027-01-15,CNC
CNC270115C00055000,55.0,4.3,4.4,4.8,1.0,3403.0,0.5014698291015626,False,CALL,2027-01-15,CNC
CNC270115P00032500,32.5,3.12,2.68,3.3,1.0,849.0,0.5141650146484374,False,PUT,2027-01-15,CNC
CNC270115P00035000,35.0,3.95,3.45,4.1,2.0,1161.0,0.4986622399902344,False,PUT,2027-01-15,CNC
CNC270115P00037500,37.5,5.05,4.35,5.6,58.0,271.0,0.5238084729003907,False,PUT,2027-01-15,CNC
CNC270115P00040000,40.0,5.87,5.1,7.1,9.0,2423.0,0.5373581420898439,False,PUT,2027-01-15,CNC
CNC270115P00042500,42.5,7.05,6.6,7.5,10.0,88.0,0.47473669799804685,False,PUT,2027-01-15,CNC
CNC270115P00045000,45.0,9.0,7.25,9.25,1.0,379.0,0.4897511962890626,True,PUT,2027-01-15,CNC
CNC270115P00047500,47.5,10.1,9.25,10.7,1.0,392.0,0.47998566894531247,True,PUT,2027-01-15,CNC
CNC270115P00050000,50.0,11.5,10.7,11.5,2.0,515.0,0.42578699218750005,True,PUT,2027-01-15,CNC
CNC270115P00052500,52.5,11.75,12.6,14.05,1.0,141.0,0.46960979614257814,True,PUT,2027-01-15,CNC
CNC270115P00055000,55.0,15.93,14.4,15.8,1.0,124.0,0.46082082153320314,True,PUT,2027-01-15,CNC
CNC280121C00032500,32.5,16.55,16.3,18.2,10.0,162.0,0.532109171142578,True,CALL,2028-01-21,CNC
CNC280121C00035000,35.0,15.5,15.0,17.15,6.0,1618.0,0.5339402075195312,True,CALL,2028-01-21,CNC
CNC280121C00037500,37.5,17.93,13.75,15.9,1.0,44.0,0.5272874420166016,True,CALL,2028-01-21,CNC
CNC280121C00040000,40.0,13.8,13.55,15.05,13.0,124.0,0.5507247076416018,True,CALL,2028-01-21,CNC
CNC280121C00042500,42.5,12.78,12.05,13.45,1.0,36.0,0.5231981274414061,True,CALL,2028-01-21,CNC
CNC280121C00045000,45.0,12.85,10.6,12.7,2.0,103.0,0.5136767382812499,False,CALL,2028-01-21,CNC
CNC280121C00047500,47.5,11.0,10.55,11.75,2.0,176.0,0.5269822692871093,False,CALL,2028-01-21,CNC
CNC280121C00050000,50.0,8.98,8.85,10.45,1.0,240.0,0.5288743402099609,False,CALL,2028-01-21,CNC
CNC280121C00052500,52.5,10.98,8.1,10.15,1.0,0.0,0.5025684509277344,False,CALL,2028-01-21,CNC
CNC280121C00055000,55.0,8.4,7.4,9.0,1.0,140.0,0.5236864038085938,False,CALL,2028-01-21,CNC
CNC280121P00032500,32.5,5.1,4.6,5.3,5.0,46.0,0.47095255615234377,False,PUT,2028-01-21,CNC
CNC280121P00035000,35.0,5.9,5.35,6.0,1.0,158.0,0.445318046875,False,PUT,2028-01-21,CNC
CNC280121P00037500,37.5,7.5,6.8,7.95,5.0,56.0,0.4774222180175781,False,PUT,2028-01-21,CNC
CNC280121P00040000,40.0,8.3,6.85,9.4,1.0,41.0,0.4788870471191406,False,PUT,2028-01-21,CNC
CNC280121P00042500,42.5,9.5,9.0,10.9,1.0,8.0,0.47852083984375,False,PUT,2028-01-21,CNC
CNC280121P00045000,45.0,10.9,10.4,11.95,1.0,23.0,0.45538874694824216,True,PUT,2028-01-21,CNC
CNC280121P00047500,47.5,12.0,11.2,13.45,1.0,34.0,0.4487970159912109,True,PUT,2028-01-21,CNC
CNC280121P00050000,50.0,14.0,12.7,15.1,1.0,51.0,0.44550115051269534,True,PUT,2028-01-21,CNC
CNC280121P00055000,55.0,18.0,16.1,18.05,1.0,16.0,0.4162656030273437,True,PUT,2028-01-21,CNC
CNH260220C00010000,10.0,1.05,0.75,1.35,3.0,1312.0,0.6015664843750002,True,CALL,2026-02-20,CNH
CNH260220C00012500,12.5,0.1,0.0,0.1,5.0,341.0,0.5390671093750001,False,CALL,2026-02-20,CNH
CNH260220P00010000,10.0,0.14,0.1,0.2,2.0,169.0,0.45898978515625005,False,PUT,2026-02-20,CNH
CNH260320C00010000,10.0,1.01,1.0,1.1,1.0,672.0,0.43945873046875,True,CALL,2026-03-20,CNH
CNH260320C00012500,12.5,0.18,0.05,0.2,236.0,1214.0,0.4580132324218751,False,CALL,2026-03-20,CNH
CNH260320P00010000,10.0,0.29,0.2,0.35,1725.0,2375.0,0.41992767578125,False,PUT,2026-03-20,CNH
CNH260320P00012500,12.5,1.89,1.75,2.35,1.0,2.0,0.51758294921875,True,PUT,2026-03-20,CNH
CNH260618C00010000,10.0,1.39,1.15,1.95,1.0,110.0,0.6123085644531252,True,CALL,2026-06-18,CNH
CNH260618C00012500,12.5,0.3,0.05,0.5,37.0,429.0,0.41260353027343744,False,CALL,2026-06-18,CNH
CNH260618P00010000,10.0,0.51,0.6,0.65,1712.0,1794.0,0.37793590820312495,False,PUT,2026-06-18,CNH
CNH260618P00012500,12.5,2.22,1.95,2.35,1.0,6.0,0.442388388671875,True,PUT,2026-06-18,CNH
CNH260918C00012500,12.5,0.64,0.4,0.9,1.0,3.0,0.4458063232421875,False,CALL,2026-09-18,CNH
CNH270115C00010000,10.0,1.9,1.55,2.0,1.0,716.0,0.40039662109375,True,CALL,2027-01-15,CNH
CNH270115C00012500,12.5,0.85,0.65,1.0,1.0,2902.0,0.38721315917968746,False,CALL,2027-01-15,CNH
CNH270115P00010000,10.0,0.9,0.9,1.45,1.0,368.0,0.44434149414062496,False,PUT,2027-01-15,CNH
CNH270115P00012500,12.5,2.5,1.9,3.7,1.0,351.0,0.6079140771484376,True,PUT,2027-01-15,CNH
CNP260220C00028000,28.0,10.75,9.9,11.4,2.0,3.0,1.0000000000000003e-05,True,CALL,2026-02-20,CNP
CNP260220C00029000,29.0,9.39,9.9,12.6,1.0,0.0,1.001958115234375,True,CALL,2026-02-20,CNP
CNP260220C00030000,30.0,10.41,0.0,0.0,6.0,114.0,1.0000000000000003e-05,True,CALL,2026-02-20,CNP
CNP260220C00031000,31.0,9.77,0.0,0.0,,5.0,1.0000000000000003e-05,True,CALL,2026-02-20,CNP
CNP260220C00032000,32.0,7.2,5.9,9.6,1.0,3.0,1.312015158691406,True,CALL,2026-02-20,CNP
CNP260220C00033000,33.0,6.29,4.5,8.6,1.0,10.0,1.2036172631835935,True,CALL,2026-02-20,CNP
CNP260220C00034000,34.0,5.56,5.0,6.9,11.0,37.0,0.860352958984375,True,CALL,2026-02-20,CNP
CNP260220C00035000,35.0,5.1,3.3,5.7,50.0,31.0,0.6962920996093751,True,CALL,2026-02-20,CNP
CNP260220C00036000,36.0,2.99,3.4,4.6,4.0,60.0,0.5717816259765626,True,CALL,2026-02-20,CNP
CNP260220C00037000,37.0,3.05,2.55,3.3,2.0,29.0,0.38281867187499996,True,CALL,2026-02-20,CNP
CNP260220C00038000,38.0,1.78,1.8,2.0,1.0,176.0,0.194343994140625,True,CALL,2026-02-20,CNP
CNP260220C00039000,39.0,1.2,1.1,1.25,5.0,413.0,0.19336744140625,True,CALL,2026-02-20,CNP
CNP260220C00040000,40.0,0.5,0.5,0.7,2.0,4474.0,0.1958088232421875,False,CALL,2026-02-20,CNP
CNP260220C00041000,41.0,0.3,0.2,0.35,6.0,902.0,0.198250205078125,False,CALL,2026-02-20,CNP
CNP260220C00042000,42.0,0.18,0.1,0.25,16.0,236.0,0.23780059082031246,False,CALL,2026-02-20,CNP
CNP260220C00043000,43.0,0.11,0.0,0.75,9.0,71.0,0.4672904833984375,False,CALL,2026-02-20,CNP
CNP260220C00044000,44.0,0.05,0.0,0.45,1.0,51.0,0.43555251953125,False,CALL,2026-02-20,CNP
CNP260220C00045000,45.0,0.22,0.0,0.0,2.0,50.0,0.12500875,False,CALL,2026-02-20,CNP
CNP260220C00046000,46.0,0.1,0.0,0.0,17.0,29.0,0.12500875,False,CALL,2026-02-20,CNP
CNP260220P00028000,28.0,0.45,0.0,2.15,6.0,25.0,1.455080849609375,False,PUT,2026-02-20,CNP
CNP260220P00029000,29.0,0.5,0.0,2.3,,6.0,1.3857452587890622,False,PUT,2026-02-20,CNP
CNP260220P00030000,30.0,0.07,0.0,0.05,4.0,106.0,0.523442265625,False,PUT,2026-02-20,CNP
CNP260220P00031000,31.0,0.37,0.0,0.55,50.0,4.0,0.7460962890625,False,PUT,2026-02-20,CNP
CNP260220P00032000,32.0,0.41,0.0,2.25,31.0,40.0,1.0732468212890627,False,PUT,2026-02-20,CNP
CNP260220P00033000,33.0,0.1,0.0,0.95,1.0,22.0,0.7060576269531251,False,PUT,2026-02-20,CNP
CNP260220P00034000,34.0,0.1,0.0,0.75,80.0,225.0,0.579105771484375,False,PUT,2026-02-20,CNP
CNP260220P00035000,35.0,0.2,0.05,0.75,97.0,186.0,0.514653291015625,False,PUT,2026-02-20,CNP
CNP260220P00036000,36.0,0.27,0.1,0.2,1.0,1308.0,0.34668622070312494,False,PUT,2026-02-20,CNP
CNP260220P00037000,37.0,0.18,0.15,0.3,2.0,505.0,0.32031929687499994,False,PUT,2026-02-20,CNP
CNP260220P00038000,38.0,0.3,0.3,0.45,4.0,242.0,0.2924875439453124,False,PUT,2026-02-20,CNP
CNP260220P00039000,39.0,0.6,0.55,0.75,1.0,49.0,0.2827220166015625,False,PUT,2026-02-20,CNP
CNP260220P00040000,40.0,1.05,1.05,1.25,2.0,68.0,0.2910227148437499,True,PUT,2026-02-20,CNP
CNP260220P00041000,41.0,2.4,0.0,0.0,1.0,12.0,1.0000000000000003e-05,True,PUT,2026-02-20,CNP
CNP260320C00035000,35.0,4.54,4.2,5.6,,4.0,0.44336494140625,True,CALL,2026-03-20,CNP
CNP260320C00037000,37.0,3.12,2.6,3.8,6.0,6.0,0.36475244628906256,True,CALL,2026-03-20,CNP
CNP260320C00038000,38.0,2.18,2.1,2.3,1.0,11.0,0.2004474487304687,True,CALL,2026-03-20,CNP
CNP260320C00039000,39.0,1.67,1.45,1.6,2.0,104.0,0.19336744140625,True,CALL,2026-03-20,CNP
CNP260320C00040000,40.0,1.15,0.9,1.05,2.0,58.0,0.19043778320312502,False,CALL,2026-03-20,CNP
CNP260320C00041000,41.0,0.6,0.55,0.7,54.0,821.0,0.198250205078125,False,CALL,2026-03-20,CNP
CNP260320C00042000,42.0,0.4,0.35,0.4,25.0,97.0,0.19385571777343752,False,CALL,2026-03-20,CNP
CNP260320C00043000,43.0,0.3,0.15,0.3,9.0,22.0,0.21436332519531248,False,CALL,2026-03-20,CNP
CNP260320C00044000,44.0,0.4,0.05,1.95,1.0,9.0,0.58789474609375,False,CALL,2026-03-20,CNP
CNP260320C00045000,45.0,0.07,0.0,1.55,,2.0,0.5634809277343751,False,CALL,2026-03-20,CNP
CNP260320P00030000,30.0,0.05,0.0,0.05,200.0,200.0,0.39063109375,False,PUT,2026-03-20,CNP
CNP260320P00035000,35.0,0.25,0.15,0.85,,70.0,0.46289599609375004,False,PUT,2026-03-20,CNP
CNP260320P00037000,37.0,0.4,0.35,0.4,52.0,69.0,0.24024197265624997,False,PUT,2026-03-20,CNP
CNP260320P00038000,38.0,1.05,0.55,0.65,1.0,1.0,0.23731231445312498,False,PUT,2026-03-20,CNP
CNP260320P00039000,39.0,0.95,0.9,1.05,42.0,104.0,0.24292749267578123,False,PUT,2026-03-20,CNP
CNP260320P00040000,40.0,1.45,1.4,1.5,7.0,60.0,0.2375564526367187,True,PUT,2026-03-20,CNP
CNP260515C00030000,30.0,8.55,8.0,11.7,1.0,9.0,0.7290066162109375,True,CALL,2026-05-15,CNP
CNP260515C00031000,31.0,8.48,6.4,9.8,3.0,3.0,0.5127001855468749,True,CALL,2026-05-15,CNP
CNP260515C00032000,32.0,6.9,6.7,9.8,2.0,3.0,0.64062859375,True,CALL,2026-05-15,CNP
CNP260515C00033000,33.0,6.59,5.1,8.9,1.0,4.0,0.6044961425781252,True,CALL,2026-05-15,CNP
CNP260515C00034000,34.0,5.89,5.4,7.0,11.0,103.0,0.415044912109375,True,CALL,2026-05-15,CNP
CNP260515C00035000,35.0,5.22,4.6,6.0,15.0,95.0,0.370123486328125,True,CALL,2026-05-15,CNP
CNP260515C00036000,36.0,3.95,3.9,5.1,2.0,129.0,0.3393620751953125,True,CALL,2026-05-15,CNP
CNP260515C00037000,37.0,3.7,3.3,3.7,1.0,489.0,0.2375564526367187,True,CALL,2026-05-15,CNP
CNP260515C00038000,38.0,2.5,2.7,2.95,1.0,77.0,0.225593681640625,True,CALL,2026-05-15,CNP
CNP260515C00039000,39.0,2.35,2.1,2.3,15.0,1418.0,0.2180253979492187,True,CALL,2026-05-15,CNP
CNP260515C00040000,40.0,1.75,1.5,1.75,1.0,231.0,0.21265435791015624,False,CALL,2026-05-15,CNP
CNP260515C00041000,41.0,1.25,1.1,1.35,1.0,113.0,0.21509573974609375,False,CALL,2026-05-15,CNP
CNP260515C00042000,42.0,1.4,0.8,1.0,1.0,209.0,0.213875048828125,False,CALL,2026-05-15,CNP
CNP260515C00043000,43.0,0.7,0.55,0.7,17.0,387.0,0.20972469970703123,False,CALL,2026-05-15,CNP
CNP260515C00044000,44.0,0.5,0.35,0.55,1.0,99.0,0.2180253979492187,False,CALL,2026-05-15,CNP
CNP260515C00045000,45.0,0.35,0.2,0.45,15.0,76.0,0.22901161621093752,False,CALL,2026-05-15,CNP
CNP260515C00046000,46.0,0.28,0.1,0.75,1.0,13.0,0.305671005859375,False,CALL,2026-05-15,CNP
CNP260515C00047000,47.0,0.11,0.0,1.2,28.0,57.0,0.40064075927734377,False,CALL,2026-05-15,CNP
CNP260515P00030000,30.0,0.44,0.0,1.75,,10.0,0.5376022802734376,False,PUT,2026-05-15,CNP
CNP260515P00031000,31.0,0.28,0.0,1.45,1.0,16.0,0.6035195898437502,False,PUT,2026-05-15,CNP
CNP260515P00032000,32.0,0.32,0.0,0.0,4.0,7.0,0.12500875,False,PUT,2026-05-15,CNP
CNP260515P00033000,33.0,0.32,0.2,0.35,1.0,18.0,0.2978585839843749,False,PUT,2026-05-15,CNP
CNP260515P00034000,34.0,0.3,0.25,0.35,2.0,142.0,0.26270268554687504,False,PUT,2026-05-15,CNP
CNP260515P00035000,35.0,0.4,0.35,0.45,1.0,85.0,0.2485426708984375,False,PUT,2026-05-15,CNP
CNP260515P00036000,36.0,0.55,0.5,0.7,20.0,96.0,0.25391371093750004,False,PUT,2026-05-15,CNP
CNP260515P00037000,37.0,0.8,0.7,0.8,23.0,64.0,0.22779092529296874,False,PUT,2026-05-15,CNP
CNP260515P00038000,38.0,1.0,0.95,1.1,19.0,306.0,0.22315229980468748,False,PUT,2026-05-15,CNP
CNP260515P00039000,39.0,1.35,1.3,1.45,11.0,207.0,0.215828154296875,False,PUT,2026-05-15,CNP
CNP260515P00040000,40.0,1.9,1.8,2.05,4.0,289.0,0.2280350634765625,True,PUT,2026-05-15,CNP
CNP260515P00041000,41.0,3.51,0.0,0.0,1.0,17.0,1.0000000000000003e-05,True,PUT,2026-05-15,CNP
CNP260515P00042000,42.0,3.7,0.0,0.0,1.0,3.0,1.0000000000000003e-05,True,PUT,2026-05-15,CNP
CNP260515P00044000,44.0,5.4,3.1,6.9,,1.0,0.5003712072753908,True,PUT,2026-05-15,CNP
CNP260515P00047000,47.0,8.0,0.0,0.0,17.0,0.0,1.0000000000000003e-05,True,PUT,2026-05-15,CNP
CNP260821C00036000,36.0,5.2,4.7,5.1,,50.0,0.245124736328125,True,CALL,2026-08-21,CNP
CNP260821C00037000,37.0,4.28,3.9,4.3,,50.0,0.23072058349609376,True,CALL,2026-08-21,CNP
CNP260821C00038000,38.0,3.2,3.2,3.6,15.0,22.0,0.22217574707031246,True,CALL,2026-08-21,CNP
CNP260821C00040000,40.0,2.1,2.05,2.5,12.0,19.0,0.2166826379394531,False,CALL,2026-08-21,CNP
CNP260821C00041000,41.0,1.7,1.55,1.9,,1.0,0.20215641601562498,False,CALL,2026-08-21,CNP
CNP260821C00042000,42.0,1.4,1.2,1.6,1.0,9.0,0.20777159423828123,False,CALL,2026-08-21,CNP
CNP260821C00043000,43.0,1.0,0.9,1.3,20.0,21.0,0.2087481469726562,False,CALL,2026-08-21,CNP
CNP260821C00044000,44.0,0.75,0.7,0.9,1.0,8.0,0.1948322705078125,False,CALL,2026-08-21,CNP
CNP260821C00045000,45.0,0.65,0.5,0.7,1.0,23.0,0.195320546875,False,CALL,2026-08-21,CNP
CNP260821P00032000,32.0,0.46,0.05,0.65,,1.0,0.2924875439453124,False,PUT,2026-08-21,CNP
CNP260821P00033000,33.0,0.6,0.4,1.45,1.0,2.0,0.36646141357421874,False,PUT,2026-08-21,CNP
CNP260821P00034000,34.0,0.75,0.05,0.9,1.0,6.0,0.26758544921875,False,PUT,2026-08-21,CNP
CNP260821P00035000,35.0,0.85,0.75,0.95,1.0,4.0,0.24268335449218748,False,PUT,2026-08-21,CNP
CNP260821P00036000,36.0,1.1,0.9,1.1,,3.0,0.22754678710937498,False,PUT,2026-08-21,CNP
CNP260821P00037000,37.0,1.35,1.15,1.35,,13.0,0.21949022705078125,False,PUT,2026-08-21,CNP
CNP260821P00038000,38.0,1.5,1.5,1.65,21.0,2.0,0.21155573608398434,False,PUT,2026-08-21,CNP
CNP260821P00039000,39.0,2.1,1.8,2.0,,6.0,0.20325503784179685,False,PUT,2026-08-21,CNP
CNP260821P00040000,40.0,2.65,2.3,2.7,,2.0,0.21936815795898437,True,PUT,2026-08-21,CNP
CNP261218C00037000,37.0,4.2,4.4,5.0,,4.0,0.23584748535156247,True,CALL,2026-12-18,CNP
CNP261218C00040000,40.0,2.85,2.65,3.2,23.0,52.0,0.2192460888671875,False,CALL,2026-12-18,CNP
CNP261218C00042000,42.0,2.1,1.75,2.4,2.0,1043.0,0.21973436523437498,False,CALL,2026-12-18,CNP
CNP261218C00045000,45.0,0.93,0.9,1.5,3.0,23.0,0.21973436523437498,False,CALL,2026-12-18,CNP
CNP261218P00028000,28.0,0.4,0.3,0.5,,250.0,0.3039620385742187,False,PUT,2026-12-18,CNP
CNP270115C00033000,33.0,7.84,6.7,9.1,20.0,21.0,0.3498600170898437,True,CALL,2027-01-15,CNP
CNP270115C00035000,35.0,5.45,5.9,6.5,4.0,5.0,0.24488059814453128,True,CALL,2027-01-15,CNP
CNP270115C00037000,37.0,4.8,4.6,5.1,,6.0,0.233406103515625,True,CALL,2027-01-15,CNP
CNP270115C00040000,40.0,3.3,2.8,3.4,7.0,45.0,0.22315229980468748,False,CALL,2027-01-15,CNP
CNP270115C00042000,42.0,2.2,1.9,2.55,17.0,166.0,0.2205888488769531,False,CALL,2027-01-15,CNP
CNP270115C00045000,45.0,1.4,1.05,1.65,1.0,9.0,0.22144333251953124,False,CALL,2027-01-15,CNP
CNP270115C00050000,50.0,0.75,0.35,0.8,,1.0,0.22754678710937498,False,CALL,2027-01-15,CNP
CNP270115P00030000,30.0,0.6,0.45,0.75,2.0,6.0,0.2810130493164062,False,PUT,2027-01-15,CNP
CNP270115P00033000,33.0,1.25,0.8,1.25,,5.0,0.2613599255371094,False,PUT,2027-01-15,CNP
CNP270115P00035000,35.0,1.75,1.15,1.65,,3.0,0.24353783813476562,False,PUT,2027-01-15,CNP
CNP270115P00037000,37.0,2.13,1.65,2.25,,6.0,0.23218541259765624,False,PUT,2027-01-15,CNP
CNP270115P00040000,40.0,3.0,2.85,3.5,18.0,20.0,0.21887988159179686,True,PUT,2027-01-15,CNP
CNP271217C00030000,30.0,9.85,9.0,12.7,,1.0,0.3540103662109374,True,CALL,2027-12-17,CNP
CNP271217C00037000,37.0,6.22,4.6,7.9,15.0,15.0,0.305671005859375,True,CALL,2027-12-17,CNP
CNP271217C00040000,40.0,4.33,2.5,7.0,,7.0,0.3266668896484375,False,CALL,2027-12-17,CNP
CNP271217P00037000,37.0,3.2,1.05,5.0,1.0,0.0,0.30261927856445314,False,PUT,2027-12-17,CNP
CNP280121C00028000,28.0,11.55,10.5,15.0,,1.0,0.4128476684570312,True,CALL,2028-01-21,CNP
CNP280121C00033000,33.0,7.9,7.1,11.5,,2.0,0.37708142456054683,True,CALL,2028-01-21,CNP
CNP280121C00035000,35.0,7.7,5.9,9.1,1.0,158.0,0.30713583496093744,True,CALL,2028-01-21,CNP
CNP280121C00040000,40.0,4.75,3.1,7.5,2.0,5.0,0.3415593188476562,False,CALL,2028-01-21,CNP
CNP280121C00042000,42.0,3.12,2.0,5.8,,1.0,0.29944548217773437,False,CALL,2028-01-21,CNP
CNP280121P00030000,30.0,1.25,0.0,3.5,,30.0,0.38477177734374995,False,PUT,2028-01-21,CNP
CNQ260130C00030000,30.0,8.35,7.3,9.0,2.0,105.0,2.4140664648437498,True,CALL,2026-01-30,CNQ
CNQ260130C00031000,31.0,3.45,5.2,8.7,1.0,4.0,1.5781271093749998,True,CALL,2026-01-30,CNQ
CNQ260130C00032000,32.0,6.05,5.2,6.8,3.0,22.0,1.53515857421875,True,CALL,2026-01-30,CNQ
CNQ260130C00032500,32.5,5.55,4.8,6.2,1.0,18.0,1.421877890625,True,CALL,2026-01-30,CNQ
CNQ260130C00033000,33.0,4.0,4.3,5.7,1.0,1304.0,1.3125034374999998,True,CALL,2026-01-30,CNQ
CNQ260130C00033500,33.5,4.44,3.8,5.2,1.0,37.0,1.19922275390625,True,CALL,2026-01-30,CNQ
CNQ260130C00034000,34.0,2.96,3.3,4.3,2.0,1115.0,1.60547072265625,True,CALL,2026-01-30,CNQ
CNQ260130C00034500,34.5,2.23,2.8,4.2,2.0,17.0,0.9765627343750001,True,CALL,2026-01-30,CNQ
CNQ260130C00035000,35.0,2.8,2.35,3.1,30.0,105.0,1.0371141894531253,True,CALL,2026-01-30,CNQ
CNQ260130C00035500,35.5,2.52,1.9,3.2,5.0,32.0,0.8320329296874999,True,CALL,2026-01-30,CNQ
CNQ260130C00036000,36.0,1.65,1.45,2.1,6.0,287.0,0.7773459765625,True,CALL,2026-01-30,CNQ
CNQ260130C00036500,36.5,1.6,1.0,1.65,2.0,21.0,0.70312796875,True,CALL,2026-01-30,CNQ
CNQ260130C00037000,37.0,0.81,0.7,1.15,17.0,945.0,0.55273884765625,True,CALL,2026-01-30,CNQ
CNQ260130C00037500,37.5,0.15,0.45,0.75,5.0,10.0,0.48438015625,True,CALL,2026-01-30,CNQ
CNQ260130P00027000,27.0,0.02,0.0,2.15,5.0,2.0,4.884769519042968,False,PUT,2026-01-30,CNQ
CNQ260130P00029000,29.0,0.2,0.0,0.75,2.0,7.0,2.925783935546875,False,PUT,2026-01-30,CNQ
CNQ260130P00030000,30.0,0.05,0.0,0.1,12.0,29.0,1.6875015625,False,PUT,2026-01-30,CNQ
CNQ260130P00031000,31.0,0.04,0.0,0.2,20.0,34.0,1.6953140234375002,False,PUT,2026-01-30,CNQ
CNQ260130P00031500,31.5,0.24,0.0,0.25,2.0,3.0,1.6640641796875002,False,PUT,2026-01-30,CNQ
CNQ260130P00032000,32.0,0.09,0.0,2.15,1.0,120.0,3.1054709863281245,False,PUT,2026-01-30,CNQ
CNQ260130P00032500,32.5,0.2,0.0,0.75,1.0,4.0,1.951172119140625,False,PUT,2026-01-30,CNQ
CNQ260130P00033000,33.0,0.04,0.0,0.3,6.0,31.0,1.3867218164062498,False,PUT,2026-01-30,CNQ
CNQ260130P00033500,33.5,0.25,0.0,0.75,12.0,15.0,1.67578287109375,False,PUT,2026-01-30,CNQ
CNQ260130P00034000,34.0,0.05,0.0,0.1,33.0,47.0,0.8906260937499999,False,PUT,2026-01-30,CNQ
CNQ260130P00034500,34.5,0.05,0.0,0.05,1.0,107.0,0.6953155468750001,False,PUT,2026-01-30,CNQ
CNQ260130P00035000,35.0,0.17,0.0,0.35,58.0,100.0,0.9648441015625,False,PUT,2026-01-30,CNQ
CNQ260130P00035500,35.5,0.03,0.0,0.05,1.0,39.0,0.51562984375,False,PUT,2026-01-30,CNQ
CNQ260130P00036000,36.0,0.09,0.0,0.05,1.0,41.0,0.49219257812500006,False,PUT,2026-01-30,CNQ
CNQ260130P00036500,36.5,0.95,0.0,0.15,2.0,2.0,0.5507857421875001,False,PUT,2026-01-30,CNQ
CNQ260130P00037000,37.0,0.34,0.05,0.45,1.0,11.0,0.5312546875,False,PUT,2026-01-30,CNQ
CNQ260206C00029000,29.0,1.76,8.3,9.8,,1.0,1.1015669921875002,True,CALL,2026-02-06,CNQ
CNQ260206C00030000,30.0,5.93,7.2,8.8,1.0,5.0,0.9062509375,True,CALL,2026-02-06,CNQ
CNQ260206C00031000,31.0,7.29,5.3,7.5,1.0,6.0,1.3007847460937496,True,CALL,2026-02-06,CNQ
CNQ260206C00031500,31.5,4.1,4.9,7.5,,2.0,1.5625021874999998,True,CALL,2026-02-06,CNQ
CNQ260206C00032000,32.0,3.71,5.2,6.8,1.0,64.0,0.6953155468750001,True,CALL,2026-02-06,CNQ
CNQ260206C00033000,33.0,3.02,4.1,5.9,1.0,172.0,0.5937540625000001,True,CALL,2026-02-06,CNQ
CNQ260206C00034000,34.0,2.05,3.2,4.4,31.0,44.0,0.8105487695312499,True,CALL,2026-02-06,CNQ
CNQ260206C00034500,34.5,2.48,2.3,4.2,10.0,10.0,0.9150399121093751,True,CALL,2026-02-06,CNQ
CNQ260206C00035000,35.0,2.92,2.55,3.2,6.0,29.0,0.5478560839843751,True,CALL,2026-02-06,CNQ
CNQ260206C00035500,35.5,0.94,1.4,3.3,2.0,2.0,0.8095722167968749,True,CALL,2026-02-06,CNQ
CNQ260206C00036000,36.0,1.75,1.7,2.35,10.0,568.0,0.5019581054687501,True,CALL,2026-02-06,CNQ
CNQ260206C00036500,36.5,1.3,1.35,1.8,1.0,1.0,0.4023497265625,True,CALL,2026-02-06,CNQ
CNQ260206C00037000,37.0,1.52,1.15,1.3,1.0,7.0,0.327155166015625,True,CALL,2026-02-06,CNQ
CNQ260206C00038000,38.0,0.75,0.6,0.7,1.0,12.0,0.3154365332031249,False,CALL,2026-02-06,CNQ
CNQ260206C00038500,38.5,0.36,0.4,0.45,251.0,3.0,0.29688203124999996,False,CALL,2026-02-06,CNQ
CNQ260206C00041000,41.0,0.1,0.0,0.1,,25.0,0.37695935546875,False,CALL,2026-02-06,CNQ
CNQ260206P00028000,28.0,0.05,0.0,0.75,6.0,6.0,1.517580537109375,False,PUT,2026-02-06,CNQ
CNQ260206P00029000,29.0,0.25,0.0,0.6,2.0,23.0,1.3007847460937496,False,PUT,2026-02-06,CNQ
CNQ260206P00030000,30.0,0.4,0.0,0.4,39.0,42.0,1.0546922265625,False,PUT,2026-02-06,CNQ
CNQ260206P00031000,31.0,0.05,0.0,0.75,1.0,40.0,1.1171919140625,False,PUT,2026-02-06,CNQ
CNQ260206P00032000,32.0,0.09,0.0,0.75,10.0,17.0,0.9863282617187501,False,PUT,2026-02-06,CNQ
CNQ260206P00032500,32.5,0.25,0.0,0.1,,1.0,0.5585981640625001,False,PUT,2026-02-06,CNQ
CNQ260206P00033000,33.0,0.08,0.0,0.1,10.0,23.0,0.5117236328125,False,PUT,2026-02-06,CNQ
CNQ260206P00033500,33.5,0.15,0.0,0.1,10.0,14.0,0.5429733203125001,False,PUT,2026-02-06,CNQ
CNQ260206P00034000,34.0,0.2,0.0,0.75,5.0,54.0,0.727541787109375,False,PUT,2026-02-06,CNQ
CNQ260206P00035000,35.0,0.4,0.05,0.75,11.0,61.0,0.6123085644531252,False,PUT,2026-02-06,CNQ
CNQ260206P00035500,35.5,0.1,0.05,0.2,40.0,2.0,0.41602146484374997,False,PUT,2026-02-06,CNQ
CNQ260213C00030000,30.0,1.4,7.2,9.0,,7.0,0.79101771484375,True,CALL,2026-02-13,CNQ
CNQ260213C00031000,31.0,3.83,6.3,7.9,1.0,18.0,0.70312796875,True,CALL,2026-02-13,CNQ
CNQ260213C00032000,32.0,1.3,4.7,7.7,5.0,9.0,0.6914093359375001,True,CALL,2026-02-13,CNQ
CNQ260213C00033000,33.0,1.7,3.1,5.8,5.0,17.0,0.9023447265625,True,CALL,2026-02-13,CNQ
CNQ260213C00034000,34.0,2.42,2.8,5.7,1.0,22.0,0.532231240234375,True,CALL,2026-02-13,CNQ
CNQ260213C00035000,35.0,2.0,1.9,3.6,40.0,138.0,0.58789474609375,True,CALL,2026-02-13,CNQ
CNQ260213C00036000,36.0,2.35,1.7,2.95,2.0,17.0,0.5986368261718751,True,CALL,2026-02-13,CNQ
CNQ260213C00037000,37.0,1.5,1.35,1.5,1.0,80.0,0.3149482568359374,True,CALL,2026-02-13,CNQ
CNQ260213C00038000,38.0,0.77,0.8,0.95,10.0,93.0,0.3154365332031249,False,CALL,2026-02-13,CNQ
CNQ260213P00029000,29.0,0.5,0.0,0.95,,11.0,1.1103560107421875,False,PUT,2026-02-13,CNQ
CNQ260213P00030000,30.0,0.9,0.0,0.8,1.0,6.0,0.954102021484375,False,PUT,2026-02-13,CNQ
CNQ260213P00031000,31.0,0.11,0.0,0.8,16.0,20.0,0.8535170898437501,False,PUT,2026-02-13,CNQ
CNQ260213P00032000,32.0,0.15,0.0,1.0,1.0,9.0,0.81445498046875,False,PUT,2026-02-13,CNQ
CNQ260213P00033000,33.0,0.15,0.0,0.75,2.0,2.0,0.6425816992187501,False,PUT,2026-02-13,CNQ
CNQ260213P00034000,34.0,0.3,0.0,0.35,1.0,9.0,0.532231240234375,False,PUT,2026-02-13,CNQ
CNQ260220C00027500,27.5,4.68,9.7,11.4,,1.0,0.79883013671875,True,CALL,2026-02-20,CNQ
CNQ260220C00030000,30.0,5.83,7.4,8.9,1.0,402.0,0.6982452050781252,True,CALL,2026-02-20,CNQ
CNQ260220C00032500,32.5,4.9,5.4,5.8,2.0,639.0,0.5888712988281251,True,CALL,2026-02-20,CNQ
CNQ260220C00033000,33.0,4.9,5.0,5.2,5.0,10.0,0.499028447265625,True,CALL,2026-02-20,CNQ
CNQ260220C00034000,34.0,4.19,3.5,4.8,1.0,5.0,0.6552768847656252,True,CALL,2026-02-20,CNQ
CNQ260220C00034500,34.5,2.16,3.1,4.4,2.0,11.0,0.6391637646484375,True,CALL,2026-02-20,CNQ
CNQ260220C00035000,35.0,3.03,3.0,3.4,9.0,4566.0,0.4204159521484375,True,CALL,2026-02-20,CNQ
CNQ260220C00035500,35.5,2.7,2.4,3.1,1.0,81.0,0.44287666503906253,True,CALL,2026-02-20,CNQ
CNQ260220C00036000,36.0,2.45,2.25,2.45,12.0,386.0,0.34668622070312494,True,CALL,2026-02-20,CNQ
CNQ260220C00036500,36.5,1.85,1.95,2.05,5.0,87.0,0.32910827148437494,True,CALL,2026-02-20,CNQ
CNQ260220C00037000,37.0,1.7,1.55,1.7,5.0,878.0,0.3193427441406249,True,CALL,2026-02-20,CNQ
CNQ260220C00037500,37.5,1.35,1.25,1.35,4.0,302.0,0.301764794921875,True,CALL,2026-02-20,CNQ
CNQ260220C00038000,38.0,1.1,1.0,1.15,4.0,68.0,0.3154365332031249,False,CALL,2026-02-20,CNQ
CNQ260220C00039000,39.0,0.57,0.55,0.7,16.0,2.0,0.30371790039062496,False,CALL,2026-02-20,CNQ
CNQ260220C00040000,40.0,0.35,0.25,0.45,22.0,35.0,0.3139717041015625,False,CALL,2026-02-20,CNQ
CNQ260220P00027500,27.5,0.05,0.0,0.5,1.0,43.0,0.8964854101562498,False,PUT,2026-02-20,CNQ
CNQ260220P00030000,30.0,0.05,0.0,0.1,2.0,591.0,0.5664105859375,False,PUT,2026-02-20,CNQ
CNQ260220P00032500,32.5,0.08,0.05,0.15,32.0,1698.0,0.44336494140625,False,PUT,2026-02-20,CNQ
CNQ260220P00033500,33.5,0.37,0.0,0.3,,7.0,0.459966337890625,False,PUT,2026-02-20,CNQ
CNQ260220P00034000,34.0,0.15,0.1,0.75,1.0,530.0,0.6020547607421877,False,PUT,2026-02-20,CNQ
CNQ260220P00034500,34.5,0.33,0.1,0.25,1.0,100.0,0.35938140625,False,PUT,2026-02-20,CNQ
CNQ260220P00035000,35.0,0.25,0.15,0.3,22.0,276.0,0.34278000976562495,False,PUT,2026-02-20,CNQ
CNQ260220P00035500,35.5,0.75,0.25,0.35,29.0,28.0,0.3217841259765625,False,PUT,2026-02-20,CNQ
CNQ260220P00036000,36.0,0.4,0.3,0.45,1.0,548.0,0.3139717041015625,False,PUT,2026-02-20,CNQ
CNQ260220P00036500,36.5,0.82,0.4,0.6,44.0,56.0,0.3139717041015625,False,PUT,2026-02-20,CNQ
CNQ260220P00037500,37.5,0.95,0.75,0.9,2.0,1.0,0.2880930566406249,False,PUT,2026-02-20,CNQ
CNQ260220P00039000,39.0,2.39,1.5,1.7,1.0,0.0,0.27539787109374997,True,PUT,2026-02-20,CNQ
CNQ260220P00040000,40.0,4.28,2.35,2.5,2.0,1.0,0.2978585839843749,True,PUT,2026-02-20,CNQ
CNQ260220P00045000,45.0,11.7,6.3,9.1,,0.0,0.6884796777343751,True,PUT,2026-02-20,CNQ
CNQ260227C00031000,31.0,3.8,5.7,8.9,,2.0,0.624027197265625,True,CALL,2026-02-27,CNQ
CNQ260227C00032000,32.0,4.35,4.9,7.8,1.0,5.0,0.5732464550781251,True,CALL,2026-02-27,CNQ
CNQ260227C00033000,33.0,0.94,3.6,6.3,,1.0,0.813478427734375,True,CALL,2026-02-27,CNQ
CNQ260227C00034000,34.0,3.4,2.3,5.2,1.0,18.0,0.6909210595703126,True,CALL,2026-02-27,CNQ
CNQ260227C00035000,35.0,2.22,1.4,4.3,2.0,17.0,0.624027197265625,True,CALL,2026-02-27,CNQ
CNQ260227C00036000,36.0,1.71,2.35,2.7,7.0,1259.0,0.372076591796875,True,CALL,2026-02-27,CNQ
CNQ260227C00037000,37.0,1.15,1.65,1.85,1.0,83.0,0.31592480957031244,True,CALL,2026-02-27,CNQ
CNQ260227C00038000,38.0,1.28,1.05,1.25,1.0,194.0,0.29932341308593746,False,CALL,2026-02-27,CNQ
CNQ260227C00039000,39.0,0.9,0.65,0.85,4.0,12.0,0.30225307128906254,False,CALL,2026-02-27,CNQ
CNQ260227C00040000,40.0,0.5,0.4,0.6,17.0,3.0,0.31641308593749995,False,CALL,2026-02-27,CNQ
CNQ260227P00027000,27.0,0.27,0.0,2.15,,1.0,1.2626989990234374,False,PUT,2026-02-27,CNQ
CNQ260227P00030000,30.0,0.15,0.0,0.15,5.0,6.0,0.5410202148437502,False,PUT,2026-02-27,CNQ
CNQ260227P00031000,31.0,0.12,0.0,0.6,1.0,1.0,0.5722699023437501,False,PUT,2026-02-27,CNQ
CNQ260227P00032000,32.0,0.25,0.0,0.65,8.0,9.0,0.516606396484375,False,PUT,2026-02-27,CNQ
CNQ260227P00033000,33.0,0.38,0.1,1.1,9.0,8.0,0.5566450585937501,False,PUT,2026-02-27,CNQ
CNQ260227P00034000,34.0,0.6,0.15,0.75,,8.0,0.5273484765625001,False,PUT,2026-02-27,CNQ
CNQ260227P00035000,35.0,0.75,0.25,0.4,6.0,7.0,0.334967587890625,False,PUT,2026-02-27,CNQ
CNQ260227P00036000,36.0,0.82,0.4,0.6,10.0,12.0,0.317389638671875,False,PUT,2026-02-27,CNQ
CNQ260306C00034000,34.0,2.45,3.1,5.8,,2.0,0.77148666015625,True,CALL,2026-03-06,CNQ
CNQ260306C00037000,37.0,1.06,1.8,2.1,1.0,1.0,0.3386296606445312,True,CALL,2026-03-06,CNQ
CNQ260306C00038000,38.0,1.41,1.2,1.6,1.0,15.0,0.34229173339843744,False,CALL,2026-03-06,CNQ
CNQ260320C00027500,27.5,10.55,10.0,12.3,3.0,70.0,0.8203142968749999,True,CALL,2026-03-20,CNQ
CNQ260320C00030000,30.0,8.12,6.3,9.1,2.0,5465.0,0.788088056640625,True,CALL,2026-03-20,CNQ
CNQ260320C00032500,32.5,5.74,5.2,6.1,6.0,3286.0,0.4848684326171875,True,CALL,2026-03-20,CNQ
CNQ260320C00035000,35.0,3.55,3.1,3.8,40.0,9359.0,0.37354142089843745,True,CALL,2026-03-20,CNQ
CNQ260320C00037500,37.5,1.9,1.85,2.1,144.0,2936.0,0.336920693359375,True,CALL,2026-03-20,CNQ
CNQ260320C00040000,40.0,0.8,0.8,1.0,67.0,3424.0,0.32129584960937496,False,CALL,2026-03-20,CNQ
CNQ260320C00042500,42.5,0.35,0.0,0.45,1.0,450.0,0.32471378417968744,False,CALL,2026-03-20,CNQ
CNQ260320C00045000,45.0,0.14,0.0,0.0,5.0,15.0,0.12500875,False,CALL,2026-03-20,CNQ
CNQ260320C00047500,47.5,0.1,0.0,0.2,5.0,400.0,0.40918559570312496,False,CALL,2026-03-20,CNQ
CNQ260320P00027500,27.5,0.11,0.05,0.2,54.0,386.0,0.516606396484375,False,PUT,2026-03-20,CNQ
CNQ260320P00030000,30.0,0.15,0.1,0.25,3.0,1559.0,0.4687553125,False,PUT,2026-03-20,CNQ
CNQ260320P00032500,32.5,0.3,0.25,0.6,27.0,1360.0,0.45654840332031255,False,PUT,2026-03-20,CNQ
CNQ260320P00035000,35.0,0.65,0.5,1.0,166.0,294.0,0.3952697192382813,False,PUT,2026-03-20,CNQ
CNQ260320P00037500,37.5,1.46,1.45,1.75,35.0,46.0,0.3459538061523437,False,PUT,2026-03-20,CNQ
CNQ260320P00040000,40.0,5.0,1.85,3.4,,0.0,0.37793590820312495,True,PUT,2026-03-20,CNQ
CNQ260320P00042500,42.5,8.8,3.4,6.8,10.0,0.0,0.6860382958984376,True,PUT,2026-03-20,CNQ
CNQ260320P00045000,45.0,13.05,0.0,0.0,,1.0,1.0000000000000003e-05,True,PUT,2026-03-20,CNQ
CNQ260618C00027500,27.5,7.2,10.0,12.4,71.0,125.0,0.5041553491210937,True,CALL,2026-06-18,CNQ
CNQ260618C00030000,30.0,8.5,8.1,8.5,50.0,773.0,0.36524072265625,True,CALL,2026-06-18,CNQ
CNQ260618C00032500,32.5,5.55,5.7,7.1,1.0,1166.0,0.4382380395507813,True,CALL,2026-06-18,CNQ
CNQ260618C00035000,35.0,4.1,4.1,4.5,86.0,2395.0,0.31201859863281245,True,CALL,2026-06-18,CNQ
CNQ260618C00037500,37.5,2.82,2.8,3.1,12.0,863.0,0.3100654931640625,True,CALL,2026-06-18,CNQ
CNQ260618C00040000,40.0,1.67,1.75,1.9,407.0,2594.0,0.2930978894042968,False,CALL,2026-06-18,CNQ
CNQ260618C00042500,42.5,0.96,1.0,1.15,34.0,417.0,0.29004616210937495,False,CALL,2026-06-18,CNQ
CNQ260618C00045000,45.0,0.6,0.55,0.7,2.0,76.0,0.2934640966796874,False,CALL,2026-06-18,CNQ
CNQ260618P00027500,27.5,0.4,0.2,0.75,200.0,2631.0,0.4936574072265626,False,PUT,2026-06-18,CNQ
CNQ260618P00030000,30.0,0.6,0.4,0.7,200.0,2465.0,0.3852600537109374,False,PUT,2026-06-18,CNQ
CNQ260618P00032500,32.5,0.95,0.75,1.15,5.0,432.0,0.3610903735351562,False,PUT,2026-06-18,CNQ
CNQ260618P00035000,35.0,1.55,1.45,1.6,2.0,395.0,0.3122627368164062,False,PUT,2026-06-18,CNQ
CNQ260618P00037500,37.5,3.2,2.4,2.8,6.0,73.0,0.3210517114257812,False,PUT,2026-06-18,CNQ
CNQ260618P00040000,40.0,4.8,3.8,4.3,12.0,65.0,0.32569033691406246,True,PUT,2026-06-18,CNQ
CNQ260618P00042500,42.5,11.51,0.0,0.0,,490.0,1.0000000000000003e-05,True,PUT,2026-06-18,CNQ
CNQ260918C00035000,35.0,4.0,4.7,5.3,11.0,17.0,0.3166572241210937,True,CALL,2026-09-18,CNQ
CNQ260918C00037500,37.5,3.1,3.2,3.8,11.0,27.0,0.2999337585449219,True,CALL,2026-09-18,CNQ
CNQ260918C00040000,40.0,2.2,2.2,2.75,1.0,32.0,0.29920134399414056,False,CALL,2026-09-18,CNQ
CNQ260918C00047500,47.5,0.7,0.5,1.05,1.0,1.0,0.31238480590820306,False,CALL,2026-09-18,CNQ
CNQ260918P00027500,27.5,0.8,0.45,0.85,,100.0,0.40064075927734377,False,PUT,2026-09-18,CNQ
CNQ260918P00032500,32.5,1.5,1.25,1.75,2.0,12.0,0.3461979443359374,False,PUT,2026-09-18,CNQ
CNQ270115C00027500,27.5,7.2,9.3,12.9,7.0,487.0,0.5090381127929688,True,CALL,2027-01-15,CNQ
CNQ270115C00030000,30.0,9.0,8.6,9.3,6.0,3852.0,0.32031929687499994,True,CALL,2027-01-15,CNQ
CNQ270115C00032500,32.5,6.24,6.8,7.4,3.0,2392.0,0.30274134765625,True,CALL,2027-01-15,CNQ
CNQ270115C00035000,35.0,5.54,5.2,5.8,33.0,8562.0,0.29456271850585936,True,CALL,2027-01-15,CNQ
CNQ270115C00037500,37.5,3.5,3.7,4.5,7.0,814.0,0.29175512939453113,True,CALL,2027-01-15,CNQ
CNQ270115C00040000,40.0,2.7,3.0,3.2,17.0,18380.0,0.2738109729003906,False,CALL,2027-01-15,CNQ
CNQ270115C00042500,42.5,2.2,2.1,2.45,4.0,581.0,0.27857166748046874,False,CALL,2027-01-15,CNQ
CNQ270115C00045000,45.0,1.8,1.6,1.95,268.0,601.0,0.288947540283203,False,CALL,2027-01-15,CNQ
CNQ270115C00047500,47.5,1.1,0.85,1.6,5.0,53.0,0.3012765185546875,False,CALL,2027-01-15,CNQ
CNQ270115P00027500,27.5,1.0,0.8,1.25,5.0,1001.0,0.3754945263671875,False,PUT,2027-01-15,CNQ
CNQ270115P00030000,30.0,1.5,1.3,1.6,4.0,5667.0,0.34058276611328125,False,PUT,2027-01-15,CNQ
CNQ270115P00032500,32.5,2.1,2.1,2.35,73.0,2337.0,0.3320379296875,False,PUT,2027-01-15,CNQ
CNQ270115P00035000,35.0,2.95,2.9,3.2,143.0,1620.0,0.31677929321289056,False,PUT,2027-01-15,CNQ
CNQ270115P00037500,37.5,5.5,3.7,4.5,100.0,50.0,0.3194648132324218,False,PUT,2027-01-15,CNQ
CNQ270115P00040000,40.0,8.6,7.7,12.3,15.0,15.0,0.5925333715820313,True,PUT,2027-01-15,CNQ
CNQ280121C00027500,27.5,10.7,9.5,14.0,2.0,53.0,0.42981527221679694,True,CALL,2028-01-21,CNQ
CNQ280121C00030000,30.0,9.0,9.3,12.0,7.0,608.0,0.39417109741210943,True,CALL,2028-01-21,CNQ
CNQ280121C00032500,32.5,8.5,6.3,9.6,1.0,91.0,0.33484551879882807,True,CALL,2028-01-21,CNQ
CNQ280121C00035000,35.0,6.48,6.4,7.8,18.0,163.0,0.3073799731445312,True,CALL,2028-01-21,CNQ
CNQ280121C00037500,37.5,5.7,5.5,7.0,37.0,9.0,0.32379826599121087,True,CALL,2028-01-21,CNQ
CNQ280121C00040000,40.0,3.7,2.7,5.1,6.0,65.0,0.2802806347656249,False,CALL,2028-01-21,CNQ
CNQ280121C00042500,42.5,3.9,3.1,4.3,24.0,819.0,0.2827220166015625,False,CALL,2028-01-21,CNQ
CNQ280121C00045000,45.0,3.2,2.8,3.5,10.0,110.0,0.27893787475585935,False,CALL,2028-01-21,CNQ
CNQ280121C00047500,47.5,2.0,0.5,5.0,12.0,151.0,0.3812317736816406,False,CALL,2028-01-21,CNQ
CNQ280121P00027500,27.5,2.6,1.85,2.65,1.0,22.0,0.3658510681152344,False,PUT,2028-01-21,CNQ
CNQ280121P00030000,30.0,3.2,2.5,3.5,5.0,2613.0,0.3582827844238281,False,PUT,2028-01-21,CNQ
CNQ280121P00032500,32.5,3.81,3.3,4.4,3.0,624.0,0.3461979443359374,False,PUT,2028-01-21,CNQ
CNQ280121P00035000,35.0,6.4,4.3,5.5,1.0,129.0,0.33838552246093745,False,PUT,2028-01-21,CNQ
CNQ280121P00037500,37.5,8.0,3.5,8.0,,10.0,0.3924621301269531,False,PUT,2028-01-21,CNQ
CNXC260220C00030000,30.0,6.7,6.0,8.1,1.0,8.0,0.70898728515625,True,CALL,2026-02-20,CNXC
CNXC260220C00035000,35.0,2.85,3.3,3.6,38.0,210.0,0.507817421875,True,CALL,2026-02-20,CNXC
CNXC260220C00040000,40.0,0.75,0.75,1.15,7.0,195.0,0.5278367529296876,False,CALL,2026-02-20,CNXC
CNXC260220C00045000,45.0,0.27,0.2,0.35,15.0,414.0,0.5449264257812501,False,CALL,2026-02-20,CNXC
CNXC260220P00030000,30.0,0.35,0.15,0.35,3.0,114.0,0.694338994140625,False,PUT,2026-02-20,CNXC
CNXC260220P00035000,35.0,1.2,0.8,1.1,6.0,255.0,0.5664105859375,False,PUT,2026-02-20,CNXC
CNXC260220P00040000,40.0,4.65,3.2,3.7,3.0,162.0,0.5644574804687501,True,PUT,2026-02-20,CNXC
CNXC260220P00045000,45.0,8.39,6.8,9.6,1.0,73.0,0.8500991552734375,True,PUT,2026-02-20,CNXC
CNXC260320C00035000,35.0,4.4,4.1,4.7,8.0,3.0,0.508793974609375,True,CALL,2026-03-20,CNXC
CNXC260320C00040000,40.0,1.8,1.8,2.15,30.0,33.0,0.5063525927734375,False,CALL,2026-03-20,CNXC
CNXC260320C00045000,45.0,0.82,0.75,0.9,46.0,73.0,0.5229539892578124,False,CALL,2026-03-20,CNXC
CNXC260320P00030000,30.0,0.75,0.55,0.8,1.0,12.0,0.6293982373046876,False,PUT,2026-03-20,CNXC
CNXC260320P00035000,35.0,2.25,1.75,2.0,1.0,17.0,0.5698285205078125,False,PUT,2026-03-20,CNXC
CNXC260320P00040000,40.0,5.0,4.2,4.5,7.0,7.0,0.5434615966796876,True,PUT,2026-03-20,CNXC
CNXC260417C00030000,30.0,12.75,7.5,9.6,4.0,160.0,0.5170946728515625,True,CALL,2026-04-17,CNXC
CNXC260417C00035000,35.0,6.97,5.3,6.1,1.0,90.0,0.6137733935546876,True,CALL,2026-04-17,CNXC
CNXC260417C00040000,40.0,2.9,3.1,3.6,3.0,191.0,0.6042520043945314,False,CALL,2026-04-17,CNXC
CNXC260417C00045000,45.0,1.6,1.7,2.0,2.0,534.0,0.5976602734375001,False,CALL,2026-04-17,CNXC
CNXC260417P00030000,30.0,1.64,1.4,1.65,1.0,8514.0,0.700198310546875,False,PUT,2026-04-17,CNXC
CNXC260417P00035000,35.0,3.5,2.95,3.2,5.0,4730.0,0.6455113574218749,False,PUT,2026-04-17,CNXC
CNXC260417P00040000,40.0,5.6,5.4,5.8,4.0,1974.0,0.6157264990234376,True,PUT,2026-04-17,CNXC
CNXC260417P00045000,45.0,9.88,8.8,9.4,1.0,65.0,0.6103554589843752,True,PUT,2026-04-17,CNXC
CNXC260717C00030000,30.0,12.93,9.9,10.8,8.0,98.0,0.611576149902344,True,CALL,2026-07-17,CNXC
CNXC260717C00035000,35.0,9.75,6.7,7.8,1.0,57.0,0.5813030151367188,True,CALL,2026-07-17,CNXC
CNXC260717C00040000,40.0,5.0,5.0,5.4,11.0,41.0,0.5915568188476563,False,CALL,2026-07-17,CNXC
CNXC260717C00045000,45.0,3.15,2.85,3.7,12.0,57.0,0.5556685058593751,False,CALL,2026-07-17,CNXC
CNXC260717P00030000,30.0,3.0,2.6,3.2,1.0,47.0,0.6608920629882813,False,PUT,2026-07-17,CNXC
CNXC260717P00035000,35.0,5.16,4.6,5.2,1.0,120.0,0.631839619140625,False,PUT,2026-07-17,CNXC
CNXC260717P00040000,40.0,6.6,7.2,7.9,3.0,46.0,0.6093789062500001,True,PUT,2026-07-17,CNXC
CNXC260717P00045000,45.0,8.34,10.5,11.2,20.0,40.0,0.5964395825195312,True,PUT,2026-07-17,CNXC
COIN260130C00150000,150.0,63.97,43.7,48.85,4.0,10.0,1.6953140234375002,True,CALL,2026-01-30,COIN
COIN260130C00160000,160.0,53.71,33.85,38.9,1.0,5.0,1.46484642578125,True,CALL,2026-01-30,COIN
COIN260130C00165000,165.0,103.2,28.95,33.9,,2.0,1.32422212890625,True,CALL,2026-01-30,COIN
COIN260130C00170000,170.0,24.16,24.25,28.9,31.0,8.0,1.2373085009765623,True,CALL,2026-01-30,COIN
COIN260130C00172500,172.5,46.15,21.5,26.45,4.0,2.0,1.0722702636718753,True,CALL,2026-01-30,COIN
COIN260130C00175000,175.0,31.77,19.0,23.95,2.0,2.0,0.97460962890625,True,CALL,2026-01-30,COIN
COIN260130C00180000,180.0,14.55,14.05,19.05,36.0,44.0,0.8183611914062499,True,CALL,2026-01-30,COIN
COIN260130C00185000,185.0,12.2,9.25,12.95,12.0,7.0,1.0185595947265624,True,CALL,2026-01-30,COIN
COIN260130C00190000,190.0,6.9,6.45,7.2,41.0,54.0,0.5678754150390625,True,CALL,2026-01-30,COIN
COIN260130C00195000,195.0,3.15,3.15,3.7,926.0,24.0,0.5351608984375,True,CALL,2026-01-30,COIN
COIN260130C00200000,200.0,1.42,1.38,1.51,5571.0,260.0,0.5100146655273439,False,CALL,2026-01-30,COIN
COIN260130C00202500,202.5,0.82,0.78,0.98,1953.0,166.0,0.5205126074218749,False,CALL,2026-01-30,COIN
COIN260130C00205000,205.0,0.55,0.5,0.58,4639.0,264.0,0.5380905566406251,False,CALL,2026-01-30,COIN
COIN260130C00207500,207.5,0.39,0.27,0.38,1292.0,301.0,0.5546919531250001,False,CALL,2026-01-30,COIN
COIN260130C00210000,210.0,0.23,0.17,0.24,4945.0,1876.0,0.57812921875,False,CALL,2026-01-30,COIN
COIN260130C00212500,212.5,0.17,0.1,0.18,1061.0,1014.0,0.6093789062500001,False,CALL,2026-01-30,COIN
COIN260130C00215000,215.0,0.1,0.09,0.12,3470.0,2894.0,0.648441015625,False,CALL,2026-01-30,COIN
COIN260130C00217500,217.5,0.06,0.05,0.1,935.0,1013.0,0.6777375976562501,False,CALL,2026-01-30,COIN
COIN260130C00220000,220.0,0.06,0.05,0.07,3867.0,5104.0,0.71679970703125,False,CALL,2026-01-30,COIN
COIN260130C00222500,222.5,0.04,0.03,0.05,6130.0,5912.0,0.73437765625,False,CALL,2026-01-30,COIN
COIN260130C00225000,225.0,0.04,0.04,0.05,613.0,2678.0,0.804689453125,False,CALL,2026-01-30,COIN
COIN260130C00227500,227.5,0.05,0.03,0.05,338.0,930.0,0.8476577734374999,False,CALL,2026-01-30,COIN
COIN260130C00230000,230.0,0.01,0.01,0.05,4711.0,13934.0,0.867188828125,False,CALL,2026-01-30,COIN
COIN260130C00232500,232.5,0.01,0.01,0.06,404.0,2451.0,0.937500625,False,CALL,2026-01-30,COIN
COIN260130C00235000,235.0,0.02,0.02,0.04,843.0,2049.0,0.9726565234375,False,CALL,2026-01-30,COIN
COIN260130C00237500,237.5,0.03,0.02,0.03,454.0,7897.0,1.000005,False,CALL,2026-01-30,COIN
COIN260130C00240000,240.0,0.03,0.02,0.04,3074.0,8426.0,1.0703171484375003,False,CALL,2026-01-30,COIN
COIN260130C00242500,242.5,0.03,0.01,0.03,1322.0,3944.0,1.0703171484375003,False,CALL,2026-01-30,COIN
COIN260130C00245000,245.0,0.01,0.01,0.02,825.0,2675.0,1.0859420703125,False,CALL,2026-01-30,COIN
COIN260130C00247500,247.5,0.02,0.01,0.02,74.0,2150.0,1.125004375,False,CALL,2026-01-30,COIN
COIN260130C00250000,250.0,0.02,0.01,0.03,264.0,2762.0,1.203128984375,False,CALL,2026-01-30,COIN
COIN260130C00252500,252.5,0.03,0.0,0.05,6.0,724.0,1.2812535937499998,False,CALL,2026-01-30,COIN
COIN260130P00150000,150.0,0.01,0.0,0.01,53.0,1699.0,1.1875040625,False,PUT,2026-01-30,COIN
COIN260130P00152500,152.5,0.01,0.0,0.03,1.0,45.0,1.2500037499999999,False,PUT,2026-01-30,COIN
COIN260130P00155000,155.0,0.01,0.01,0.03,11.0,36.0,1.203128984375,False,PUT,2026-01-30,COIN
COIN260130P00160000,160.0,0.04,0.01,0.03,35.0,381.0,1.0546922265625,False,PUT,2026-01-30,COIN
COIN260130P00162500,162.5,0.04,0.01,0.11,8.0,22.0,1.12109814453125,False,PUT,2026-01-30,COIN
COIN260130P00165000,165.0,0.03,0.01,0.12,3.0,233.0,1.0546922265625,False,PUT,2026-01-30,COIN
COIN260130P00170000,170.0,0.06,0.02,0.06,60.0,381.0,0.8359391406249999,False,PUT,2026-01-30,COIN
COIN260130P00175000,175.0,0.08,0.04,0.09,71.0,265.0,0.73437765625,False,PUT,2026-01-30,COIN
COIN260130P00177500,177.5,0.1,0.06,0.14,147.0,134.0,0.70117486328125,False,PUT,2026-01-30,COIN
COIN260130P00180000,180.0,0.17,0.12,0.2,320.0,640.0,0.6718782812500002,False,PUT,2026-01-30,COIN
COIN260130P00182500,182.5,0.24,0.17,0.28,443.0,431.0,0.6259803027343751,False,PUT,2026-01-30,COIN
COIN260130P00185000,185.0,0.37,0.33,0.46,813.0,643.0,0.6103554589843752,False,PUT,2026-01-30,COIN
COIN260130P00187500,187.5,0.61,0.58,0.71,302.0,140.0,0.586918193359375,False,PUT,2026-01-30,COIN
COIN260130P00190000,190.0,1.01,0.99,1.11,3751.0,1034.0,0.5678754150390625,False,PUT,2026-01-30,COIN
COIN260130P00192500,192.5,1.72,1.63,1.78,2384.0,213.0,0.5585981640625001,False,PUT,2026-01-30,COIN
COIN260130P00195000,195.0,2.7,2.7,2.7,4100.0,1719.0,0.561527822265625,False,PUT,2026-01-30,COIN
COIN260130P00197500,197.5,3.81,3.65,4.35,3221.0,647.0,0.5644574804687501,True,PUT,2026-01-30,COIN
COIN260130P00200000,200.0,5.7,5.1,5.7,4477.0,3494.0,0.5302781347656251,True,PUT,2026-01-30,COIN
COIN260130P00202500,202.5,6.1,6.95,7.6,1240.0,754.0,0.5312546875,True,PUT,2026-01-30,COIN
COIN260130P00205000,205.0,9.84,9.0,10.25,633.0,1695.0,0.6064492480468751,True,PUT,2026-01-30,COIN
COIN260130P00207500,207.5,10.2,11.6,12.55,925.0,1499.0,0.6962920996093751,True,PUT,2026-01-30,COIN
COIN260130P00210000,210.0,15.33,13.65,15.15,576.0,2255.0,0.7334011035156249,True,PUT,2026-01-30,COIN
COIN260130P00212500,212.5,16.63,15.95,18.0,308.0,1503.0,0.8520522607421875,True,PUT,2026-01-30,COIN
COIN260130P00215000,215.0,19.05,18.65,20.0,175.0,2113.0,0.87695435546875,True,PUT,2026-01-30,COIN
COIN260130P00217500,217.5,21.88,20.85,23.4,124.0,903.0,1.083988955078125,True,PUT,2026-01-30,COIN
COIN260130P00220000,220.0,24.26,23.35,25.75,159.0,1196.0,1.1396527392578126,True,PUT,2026-01-30,COIN
COIN260130P00222500,222.5,27.27,25.75,28.55,28.0,514.0,1.2626989990234374,True,PUT,2026-01-30,COIN
COIN260130P00225000,225.0,29.54,28.35,31.05,86.0,1657.0,1.3642609912109376,True,PUT,2026-01-30,COIN
COIN260130P00227500,227.5,30.35,29.95,33.35,74.0,954.0,1.15234798828125,True,PUT,2026-01-30,COIN
COIN260130P00230000,230.0,35.36,33.35,36.1,168.0,1294.0,1.5322289013671875,True,PUT,2026-01-30,COIN
COIN260130P00232500,232.5,35.4,34.35,38.5,7.0,330.0,1.0351610742187503,True,PUT,2026-01-30,COIN
COIN260130P00235000,235.0,37.46,38.35,41.0,66.0,1018.0,1.6601579492187502,True,PUT,2026-01-30,COIN
COIN260130P00237500,237.5,41.5,39.95,43.5,4.0,184.0,1.47265888671875,True,PUT,2026-01-30,COIN
COIN260130P00240000,240.0,44.78,43.35,46.0,94.0,434.0,1.8027353613281247,True,PUT,2026-01-30,COIN
COIN260130P00242500,242.5,33.19,43.45,49.1,3.0,116.0,2.5683629541015627,True,PUT,2026-01-30,COIN
COIN260130P00245000,245.0,47.8,46.5,51.95,14.0,181.0,1.6601579492187502,True,PUT,2026-01-30,COIN
COIN260130P00247500,247.5,52.02,48.9,55.45,1.0,12.0,2.00781748046875,True,PUT,2026-01-30,COIN
COIN260130P00250000,250.0,46.0,51.55,58.0,1.0,30.0,2.1250046874999997,True,PUT,2026-01-30,COIN
COIN260130P00252500,252.5,41.87,53.25,60.45,1.0,4.0,1.9365237548828125,True,PUT,2026-01-30,COIN
COIN260206C00150000,150.0,46.15,45.0,46.9,35.0,2.0,1.0947310888671877,True,CALL,2026-02-06,COIN
COIN260206C00160000,160.0,66.0,33.25,39.3,3.0,43.0,0.6289099609375001,True,CALL,2026-02-06,COIN
COIN260206C00175000,175.0,23.43,20.3,24.55,4.0,58.0,0.6538120556640626,True,CALL,2026-02-06,COIN
COIN260206C00180000,180.0,18.9,16.9,18.4,207.0,2.0,0.5686078295898438,True,CALL,2026-02-06,COIN
COIN260206C00185000,185.0,14.92,13.5,14.3,21.0,9.0,0.5822795678710937,True,CALL,2026-02-06,COIN
COIN260206C00190000,190.0,10.48,10.3,11.4,143.0,34.0,0.6096230444335939,True,CALL,2026-02-06,COIN
COIN260206C00192500,192.5,9.8,8.6,9.4,11.0,1.0,0.5772747351074219,True,CALL,2026-02-06,COIN
COIN260206C00195000,195.0,7.5,7.5,7.95,122.0,18.0,0.5825237060546875,True,CALL,2026-02-06,COIN
COIN260206C00200000,200.0,5.45,5.65,5.65,3586.0,126.0,0.5979044116210939,False,CALL,2026-02-06,COIN
COIN260206C00205000,205.0,3.65,3.45,3.9,969.0,79.0,0.5778850805664062,False,CALL,2026-02-06,COIN
COIN260206C00210000,210.0,2.5,2.41,2.63,4760.0,436.0,0.5896037133789063,False,CALL,2026-02-06,COIN
COIN260206C00212500,212.5,2.1,1.96,2.19,1758.0,4137.0,0.5954630297851562,False,CALL,2026-02-06,COIN
COIN260206C00215000,215.0,1.68,1.61,1.75,2832.0,3970.0,0.5983926879882813,False,CALL,2026-02-06,COIN
COIN260206C00217500,217.5,1.4,1.4,1.45,557.0,413.0,0.6113320117187502,False,CALL,2026-02-06,COIN
COIN260206C00220000,220.0,1.12,1.07,1.19,1517.0,5369.0,0.611576149902344,False,CALL,2026-02-06,COIN
COIN260206C00222500,222.5,0.98,0.87,1.03,285.0,3852.0,0.6225623681640625,False,CALL,2026-02-06,COIN
COIN260206C00225000,225.0,0.74,0.71,0.91,899.0,1290.0,0.6352575537109376,False,CALL,2026-02-06,COIN
COIN260206C00227500,227.5,0.66,0.59,0.78,345.0,551.0,0.6459996337890624,False,CALL,2026-02-06,COIN
COIN260206C00230000,230.0,0.56,0.54,0.65,1481.0,3518.0,0.6606479248046876,False,CALL,2026-02-06,COIN
COIN260206C00232500,232.5,0.51,0.45,0.53,126.0,484.0,0.6665072412109377,False,CALL,2026-02-06,COIN
COIN260206C00235000,235.0,0.4,0.36,0.47,174.0,734.0,0.6762727685546877,False,CALL,2026-02-06,COIN
COIN260206C00237500,237.5,0.34,0.06,0.53,54.0,346.0,0.6640658593750002,False,CALL,2026-02-06,COIN
COIN260206C00240000,240.0,0.33,0.3,0.4,308.0,1866.0,0.7148466015625,False,CALL,2026-02-06,COIN
COIN260206C00242500,242.5,0.3,0.03,0.58,6.0,90.0,0.726565234375,False,CALL,2026-02-06,COIN
COIN260206C00245000,245.0,0.24,0.2,0.27,326.0,476.0,0.7226590234375,False,CALL,2026-02-06,COIN
COIN260206C00247500,247.5,0.34,0.15,0.25,5.0,111.0,0.7304714453125,False,CALL,2026-02-06,COIN
COIN260206C00250000,250.0,0.2,0.15,0.25,683.0,1616.0,0.7568383691406251,False,CALL,2026-02-06,COIN
COIN260206C00252500,252.5,0.37,0.05,0.69,20.0,151.0,0.8647474462890624,False,CALL,2026-02-06,COIN
COIN260206P00150000,150.0,0.09,0.02,0.21,126.0,481.0,0.789064609375,False,PUT,2026-02-06,COIN
COIN260206P00155000,155.0,0.19,0.11,0.26,30.0,138.0,0.7568383691406251,False,PUT,2026-02-06,COIN
COIN260206P00160000,160.0,0.31,0.25,0.31,173.0,411.0,0.717776259765625,False,PUT,2026-02-06,COIN
COIN260206P00165000,165.0,0.47,0.38,0.52,91.0,273.0,0.6879914013671876,False,PUT,2026-02-06,COIN
COIN260206P00170000,170.0,0.77,0.67,0.85,370.0,193.0,0.6682162084960939,False,PUT,2026-02-06,COIN
COIN260206P00175000,175.0,1.25,1.16,1.35,860.0,136.0,0.6506382592773439,False,PUT,2026-02-06,COIN
COIN260206P00180000,180.0,1.98,1.83,2.06,826.0,385.0,0.6262244409179689,False,PUT,2026-02-06,COIN
COIN260206P00182500,182.5,2.55,2.3,2.57,826.0,69.0,0.6180458117675782,False,PUT,2026-02-06,COIN
COIN260206P00185000,185.0,3.05,2.84,3.25,779.0,277.0,0.6124306335449221,False,PUT,2026-02-06,COIN
COIN260206P00187500,187.5,3.8,3.45,3.9,361.0,100.0,0.5983926879882813,False,PUT,2026-02-06,COIN
COIN260206P00190000,190.0,4.8,4.35,5.15,1275.0,1149.0,0.6140175317382813,False,PUT,2026-02-06,COIN
COIN260206P00192500,192.5,5.55,5.35,5.8,788.0,225.0,0.5961954443359375,False,PUT,2026-02-06,COIN
COIN260206P00195000,195.0,6.75,6.45,7.0,1500.0,533.0,0.5948526843261719,False,PUT,2026-02-06,COIN
COIN260206P00197500,197.5,8.05,7.7,8.3,224.0,193.0,0.5927775097656252,True,PUT,2026-02-06,COIN
COIN260206P00200000,200.0,9.16,9.05,9.8,620.0,1741.0,0.5918009570312501,True,PUT,2026-02-06,COIN
COIN260206P00202500,202.5,9.65,10.5,11.65,743.0,346.0,0.5988809643554689,True,PUT,2026-02-06,COIN
COIN260206P00205000,205.0,12.49,12.1,13.05,783.0,432.0,0.5824016369628906,True,PUT,2026-02-06,COIN
COIN260206P00207500,207.5,14.31,13.7,15.0,81.0,109.0,0.579105771484375,True,PUT,2026-02-06,COIN
COIN260206P00210000,210.0,17.15,16.1,17.2,249.0,1228.0,0.618289949951172,True,PUT,2026-02-06,COIN
COIN260206P00212500,212.5,18.38,17.6,19.45,6.0,874.0,0.6066933862304689,True,PUT,2026-02-06,COIN
COIN260206P00215000,215.0,20.78,20.0,21.65,53.0,1456.0,0.6345251391601563,True,PUT,2026-02-06,COIN
COIN260206P00217500,217.5,22.47,22.15,24.65,11.0,160.0,0.6921417504882813,True,PUT,2026-02-06,COIN
COIN260206P00220000,220.0,25.47,24.2,27.05,41.0,612.0,0.7038603833007813,True,PUT,2026-02-06,COIN
COIN260206P00222500,222.5,28.08,26.2,30.0,23.0,312.0,0.7448755981445312,True,PUT,2026-02-06,COIN
COIN260206P00225000,225.0,28.59,29.0,31.7,13.0,404.0,0.7517114672851561,True,PUT,2026-02-06,COIN
COIN260206P00227500,227.5,31.23,30.4,34.2,13.0,62.0,0.6999541723632813,True,PUT,2026-02-06,COIN
COIN260206P00230000,230.0,35.17,33.6,36.45,34.0,502.0,0.7785666674804688,True,PUT,2026-02-06,COIN
COIN260206P00232500,232.5,37.46,35.95,38.0,9.0,33.0,0.702151416015625,True,PUT,2026-02-06,COIN
COIN260206P00235000,235.0,37.58,37.3,40.95,23.0,1617.0,0.6269568554687501,True,PUT,2026-02-06,COIN
COIN260206P00237500,237.5,40.08,38.85,43.85,3.0,47.0,1.098149040527344,True,PUT,2026-02-06,COIN
COIN260206P00240000,240.0,44.99,43.55,45.2,82.0,314.0,0.772463212890625,True,PUT,2026-02-06,COIN
COIN260206P00242500,242.5,43.23,43.8,48.75,1.0,17.0,1.1616252856445315,True,PUT,2026-02-06,COIN
COIN260206P00245000,245.0,47.88,46.0,51.6,1.0,192.0,1.2490271923828122,True,PUT,2026-02-06,COIN
COIN260206P00247500,247.5,36.84,48.75,53.7,3.0,12.0,1.228519482421875,True,PUT,2026-02-06,COIN
COIN260206P00250000,250.0,54.9,53.25,55.5,48.0,286.0,0.89257919921875,True,PUT,2026-02-06,COIN
COIN260206P00252500,252.5,55.72,53.7,58.65,2.0,2.0,1.2919957275390623,True,PUT,2026-02-06,COIN
COIN260213C00170000,170.0,40.5,27.25,29.8,1.0,3.0,0.7048369360351563,True,CALL,2026-02-13,COIN
COIN260213C00175000,175.0,24.75,23.9,26.0,2.0,1.0,0.7358424853515625,True,CALL,2026-02-13,COIN
COIN260213C00180000,180.0,20.95,19.8,21.55,12.0,16.0,0.6833527758789064,True,CALL,2026-02-13,COIN
COIN260213C00185000,185.0,16.95,16.85,18.45,1.0,3.0,0.7045927978515626,True,CALL,2026-02-13,COIN
COIN260213C00190000,190.0,14.55,14.15,14.95,19.0,42.0,0.6955596850585939,True,CALL,2026-02-13,COIN
COIN260213C00195000,195.0,12.05,11.55,12.35,144.0,29.0,0.696414168701172,True,CALL,2026-02-13,COIN
COIN260213C00200000,200.0,9.4,9.35,9.85,284.0,44.0,0.6909210595703126,False,CALL,2026-02-13,COIN
COIN260213C00205000,205.0,7.5,7.1,7.95,224.0,66.0,0.6816438085937502,False,CALL,2026-02-13,COIN
COIN260213C00210000,210.0,5.8,5.6,6.15,133.0,162.0,0.6785920812988282,False,CALL,2026-02-13,COIN
COIN260213C00215000,215.0,4.55,4.35,4.85,319.0,234.0,0.6816438085937502,False,CALL,2026-02-13,COIN
COIN260213C00220000,220.0,3.6,3.35,3.7,764.0,311.0,0.680911394042969,False,CALL,2026-02-13,COIN
COIN260213C00225000,225.0,2.72,2.62,2.97,221.0,353.0,0.6917755432128907,False,CALL,2026-02-13,COIN
COIN260213C00230000,230.0,2.36,2.05,2.27,154.0,742.0,0.6967803759765626,False,CALL,2026-02-13,COIN
COIN260213C00235000,235.0,1.73,1.54,1.81,42.0,560.0,0.7033721069335939,False,CALL,2026-02-13,COIN
COIN260213C00240000,240.0,1.39,1.25,1.41,92.0,587.0,0.7146024633789063,False,CALL,2026-02-13,COIN
COIN260213C00245000,245.0,1.03,1.01,1.16,17.0,439.0,0.7299831689453125,False,CALL,2026-02-13,COIN
COIN260213C00250000,250.0,0.9,0.81,1.0,248.0,1144.0,0.7478052563476563,False,CALL,2026-02-13,COIN
COIN260213P00150000,150.0,0.65,0.61,0.7,157.0,259.0,0.797853583984375,False,PUT,2026-02-13,COIN
COIN260213P00155000,155.0,0.79,0.85,1.0,6.0,38.0,0.7753928710937501,False,PUT,2026-02-13,COIN
COIN260213P00160000,160.0,1.38,1.14,1.4,105.0,136.0,0.7497583618164063,False,PUT,2026-02-13,COIN
COIN260213P00165000,165.0,1.89,1.71,1.99,23.0,457.0,0.7402369726562499,False,PUT,2026-02-13,COIN
COIN260213P00170000,170.0,2.6,2.44,2.81,183.0,192.0,0.7307155834960937,False,PUT,2026-02-13,COIN
COIN260213P00175000,175.0,3.48,3.45,3.75,256.0,131.0,0.7187528125,False,PUT,2026-02-13,COIN
COIN260213P00180000,180.0,4.9,4.6,4.95,211.0,527.0,0.7023955541992188,False,PUT,2026-02-13,COIN
COIN260213P00185000,185.0,6.46,5.9,6.95,132.0,194.0,0.6995879650878907,False,PUT,2026-02-13,COIN
COIN260213P00190000,190.0,8.35,7.9,8.7,217.0,333.0,0.6893341613769532,False,PUT,2026-02-13,COIN
COIN260213P00195000,195.0,11.01,10.15,11.0,130.0,265.0,0.6826203613281252,False,PUT,2026-02-13,COIN
COIN260213P00200000,200.0,13.1,12.85,13.7,2838.0,4651.0,0.6803010485839844,True,PUT,2026-02-13,COIN
COIN260213P00205000,205.0,16.4,15.65,16.8,57.0,369.0,0.6722444885253909,True,PUT,2026-02-13,COIN
COIN260213P00210000,210.0,19.35,18.85,19.8,78.0,604.0,0.6519810192871094,True,PUT,2026-02-13,COIN
COIN260213P00215000,215.0,23.48,22.85,23.65,83.0,272.0,0.667239655761719,True,PUT,2026-02-13,COIN
COIN260213P00220000,220.0,27.33,26.35,28.5,54.0,1152.0,0.6850617431640625,True,PUT,2026-02-13,COIN
COIN260213P00225000,225.0,31.52,30.75,31.85,24.0,191.0,0.6604037866210939,True,PUT,2026-02-13,COIN
COIN260213P00230000,230.0,35.7,33.85,37.55,108.0,322.0,0.664309997558594,True,PUT,2026-02-13,COIN
COIN260213P00235000,235.0,38.6,38.1,42.2,3.0,1612.0,0.6567417138671876,True,PUT,2026-02-13,COIN
COIN260213P00240000,240.0,43.21,43.95,46.3,9.0,252.0,0.7072783178710937,True,PUT,2026-02-13,COIN
COIN260213P00245000,245.0,48.26,47.15,52.05,6.0,147.0,0.6723665576171877,True,PUT,2026-02-13,COIN
COIN260213P00250000,250.0,42.62,51.45,57.6,29.0,140.0,0.7033721069335939,True,PUT,2026-02-13,COIN
COIN260220C00140000,140.0,106.1,54.2,60.0,2.0,47.0,0.86914193359375,True,CALL,2026-02-20,COIN
COIN260220C00145000,145.0,52.71,49.6,54.1,2.0,55.0,0.7438990454101562,True,CALL,2026-02-20,COIN
COIN260220C00150000,150.0,62.0,45.65,49.25,1.0,71.0,0.778322529296875,True,CALL,2026-02-20,COIN
COIN260220C00155000,155.0,43.31,40.8,44.55,1.0,60.0,0.7334011035156249,True,CALL,2026-02-20,COIN
COIN260220C00160000,160.0,37.0,36.55,40.05,11.0,42.0,0.7277859252929688,True,CALL,2026-02-20,COIN
COIN260220C00165000,165.0,80.95,32.15,35.45,1.0,33.0,0.6947052014160158,True,CALL,2026-02-20,COIN
COIN260220C00170000,170.0,47.7,29.55,31.25,1.0,36.0,0.737307314453125,True,CALL,2026-02-20,COIN
COIN260220C00175000,175.0,24.8,25.1,25.95,4.0,25.0,0.6539341247558594,True,CALL,2026-02-20,COIN
COIN260220C00180000,180.0,36.48,21.5,22.9,21.0,143.0,0.6647982739257814,True,CALL,2026-02-20,COIN
COIN260220C00185000,185.0,19.31,18.4,19.5,2.0,62.0,0.6610141320800782,True,CALL,2026-02-20,COIN
COIN260220C00190000,190.0,15.46,15.45,16.8,95.0,84.0,0.6635775830078127,True,CALL,2026-02-20,COIN
COIN260220C00195000,195.0,13.2,13.0,13.8,367.0,105.0,0.6550937811279298,True,CALL,2026-02-20,COIN
COIN260220C00200000,200.0,10.7,10.7,11.3,896.0,273.0,0.6477086010742188,False,CALL,2026-02-20,COIN
COIN260220C00205000,205.0,9.0,8.6,9.35,394.0,102.0,0.6440465283203125,False,CALL,2026-02-20,COIN
COIN260220C00210000,210.0,7.4,7.0,7.7,478.0,785.0,0.64648791015625,False,CALL,2026-02-20,COIN
COIN260220C00215000,215.0,5.92,5.45,6.25,549.0,654.0,0.6416661810302735,False,CALL,2026-02-20,COIN
COIN260220C00217500,217.5,5.2,5.05,5.65,28.0,173.0,0.6485630847167969,False,CALL,2026-02-20,COIN
COIN260220C00220000,220.0,4.75,4.45,5.0,1259.0,3004.0,0.6449010119628906,False,CALL,2026-02-20,COIN
COIN260220C00222500,222.5,4.15,4.05,4.55,399.0,95.0,0.650516190185547,False,CALL,2026-02-20,COIN
COIN260220C00225000,225.0,3.8,3.75,4.0,259.0,481.0,0.653445848388672,False,CALL,2026-02-20,COIN
COIN260220C00227500,227.5,3.9,3.15,3.65,48.0,192.0,0.6500279138183593,False,CALL,2026-02-20,COIN
COIN260220C00230000,230.0,3.1,2.9,3.15,2482.0,3592.0,0.6506382592773439,False,CALL,2026-02-20,COIN
COIN260220C00232500,232.5,2.99,2.6,2.91,13.0,209.0,0.6566196447753907,False,CALL,2026-02-20,COIN
COIN260220C00235000,235.0,2.64,2.29,2.53,207.0,248.0,0.6540561938476563,False,CALL,2026-02-20,COIN
COIN260220C00237500,237.5,2.21,2.09,2.33,2.0,129.0,0.6613803393554689,False,CALL,2026-02-20,COIN
COIN260220C00240000,240.0,2.04,1.99,2.2,2716.0,5832.0,0.6748079394531252,False,CALL,2026-02-20,COIN
COIN260220C00242500,242.5,1.82,1.81,2.05,3.0,70.0,0.6821320849609377,False,CALL,2026-02-20,COIN
COIN260220C00245000,245.0,1.77,1.63,1.75,717.0,551.0,0.6800569104003908,False,CALL,2026-02-20,COIN
COIN260220C00247500,247.5,1.44,1.37,1.64,6.0,62.0,0.6811555322265627,False,CALL,2026-02-20,COIN
COIN260220C00250000,250.0,1.37,1.35,1.45,971.0,5646.0,0.6899445068359377,False,CALL,2026-02-20,COIN
COIN260220C00252500,252.5,1.3,1.15,1.3,3.0,111.0,0.6882355395507813,False,CALL,2026-02-20,COIN
COIN260220P00140000,140.0,0.47,0.45,0.62,5.0,199.0,0.773439765625,False,PUT,2026-02-20,COIN
COIN260220P00145000,145.0,0.51,0.69,0.82,1.0,98.0,0.75586181640625,False,PUT,2026-02-20,COIN
COIN260220P00150000,150.0,0.9,0.99,1.12,65.0,374.0,0.7397486962890624,False,PUT,2026-02-20,COIN
COIN260220P00155000,155.0,1.45,1.33,1.57,17.0,115.0,0.7236355761718749,False,PUT,2026-02-20,COIN
COIN260220P00160000,160.0,1.9,1.83,2.06,268.0,977.0,0.7058134887695313,False,PUT,2026-02-20,COIN
COIN260220P00165000,165.0,2.63,2.48,2.76,59.0,196.0,0.6921417504882813,False,PUT,2026-02-20,COIN
COIN260220P00170000,170.0,3.5,3.35,3.7,89.0,975.0,0.6824982922363283,False,PUT,2026-02-20,COIN
COIN260220P00175000,175.0,4.67,4.35,4.75,297.0,975.0,0.6660189648437502,False,PUT,2026-02-20,COIN
COIN260220P00180000,180.0,5.95,5.65,6.15,365.0,871.0,0.6557651611328126,False,PUT,2026-02-20,COIN
COIN260220P00185000,185.0,7.75,7.5,8.0,169.0,663.0,0.65820654296875,False,PUT,2026-02-20,COIN
COIN260220P00190000,190.0,9.8,9.45,9.8,911.0,2298.0,0.6451451501464844,False,PUT,2026-02-20,COIN
COIN260220P00195000,195.0,11.83,11.75,12.3,611.0,882.0,0.643680321044922,False,PUT,2026-02-20,COIN
COIN260220P00200000,200.0,14.8,14.3,14.95,2238.0,4477.0,0.6362341064453125,True,PUT,2026-02-20,COIN
COIN260220P00205000,205.0,18.12,17.2,18.25,541.0,773.0,0.6389196264648438,True,PUT,2026-02-20,COIN
COIN260220P00210000,210.0,20.81,20.5,21.45,514.0,2742.0,0.6344030700683594,True,PUT,2026-02-20,COIN
COIN260220P00215000,215.0,24.9,23.8,25.05,16.0,433.0,0.6258582336425782,True,PUT,2026-02-20,COIN
COIN260220P00217500,217.5,26.81,25.3,26.95,7.0,419.0,0.6141396008300781,True,PUT,2026-02-20,COIN
COIN260220P00220000,220.0,28.25,27.55,29.1,1831.0,6061.0,0.6293982373046876,True,PUT,2026-02-20,COIN
COIN260220P00222500,222.5,30.67,28.4,31.1,7.0,151.0,0.5907023352050782,True,PUT,2026-02-20,COIN
COIN260220P00225000,225.0,30.8,31.15,32.9,385.0,705.0,0.6048623498535157,True,PUT,2026-02-20,COIN
COIN260220P00227500,227.5,33.77,32.2,37.0,28.0,429.0,0.6392858337402343,True,PUT,2026-02-20,COIN
COIN260220P00230000,230.0,37.27,36.05,38.4,49.0,4179.0,0.676761044921875,True,PUT,2026-02-20,COIN
COIN260220P00232500,232.5,38.68,37.8,40.6,1.0,118.0,0.664309997558594,True,PUT,2026-02-20,COIN
COIN260220P00235000,235.0,41.37,38.45,43.5,5.0,46.0,0.6291540991210938,True,PUT,2026-02-20,COIN
COIN260220P00237500,237.5,31.65,41.0,45.05,8.0,14.0,0.610599597167969,True,PUT,2026-02-20,COIN
COIN260220P00240000,240.0,44.79,44.2,46.35,41.0,3126.0,0.6069375244140626,True,PUT,2026-02-20,COIN
COIN260220P00242500,242.5,34.93,46.1,50.0,20.0,113.0,0.6589389575195312,True,PUT,2026-02-20,COIN
COIN260220P00245000,245.0,49.2,47.5,52.6,4.0,81.0,0.6237830590820312,True,PUT,2026-02-20,COIN
COIN260220P00247500,247.5,48.97,49.65,54.45,1.0,27.0,0.5720257641601563,True,PUT,2026-02-20,COIN
COIN260220P00250000,250.0,55.41,54.2,57.0,24.0,4628.0,0.7299831689453125,True,PUT,2026-02-20,COIN
COIN260220P00252500,252.5,43.97,54.4,59.8,1.0,6.0,0.6181678808593751,True,PUT,2026-02-20,COIN
COIN260227C00150000,150.0,70.2,45.5,50.75,2.0,14.0,0.7617211328125001,True,CALL,2026-02-27,COIN
COIN260227C00160000,160.0,52.35,36.55,40.65,4.0,12.0,0.6641879284667971,True,CALL,2026-02-27,COIN
COIN260227C00170000,170.0,44.95,30.0,33.2,1.0,5.0,0.7210721252441408,True,CALL,2026-02-27,COIN
COIN260227C00180000,180.0,23.2,22.6,23.85,2.0,18.0,0.6361120373535156,True,CALL,2026-02-27,COIN
COIN260227C00190000,190.0,17.0,16.8,17.55,6.0,2.0,0.6295813409423829,True,CALL,2026-02-27,COIN
COIN260227C00195000,195.0,14.36,14.1,15.1,13.0,8.0,0.6274451318359376,True,CALL,2026-02-27,COIN
COIN260227C00200000,200.0,12.0,11.9,12.65,69.0,15.0,0.6239051281738281,False,CALL,2026-02-27,COIN
COIN260227C00205000,205.0,10.29,9.8,10.8,99.0,30.0,0.6239051281738281,False,CALL,2026-02-27,COIN
COIN260227C00210000,210.0,8.69,8.2,9.1,42.0,132.0,0.6269568554687501,False,CALL,2026-02-27,COIN
COIN260227C00215000,215.0,7.2,6.7,7.4,13.0,71.0,0.6212196081542969,False,CALL,2026-02-27,COIN
COIN260227C00220000,220.0,6.0,5.5,6.05,70.0,159.0,0.6203651245117189,False,CALL,2026-02-27,COIN
COIN260227C00225000,225.0,4.66,4.3,4.95,34.0,163.0,0.6155433953857423,False,CALL,2026-02-27,COIN
COIN260227C00230000,230.0,4.18,3.7,4.1,198.0,152.0,0.6253699572753908,False,CALL,2026-02-27,COIN
COIN260227C00235000,235.0,3.33,1.97,3.45,32.0,194.0,0.5946085461425781,False,CALL,2026-02-27,COIN
COIN260227C00240000,240.0,2.73,2.45,3.0,116.0,292.0,0.6398961791992188,False,CALL,2026-02-27,COIN
COIN260227C00245000,245.0,2.21,2.0,2.4,24.0,112.0,0.6403844555664062,False,CALL,2026-02-27,COIN
COIN260227C00250000,250.0,1.87,1.68,2.0,58.0,168.0,0.6475865319824219,False,CALL,2026-02-27,COIN
COIN260227P00150000,150.0,1.49,1.21,1.8,15.0,102.0,0.7075224560546876,False,PUT,2026-02-27,COIN
COIN260227P00155000,155.0,1.8,0.85,2.14,10.0,12.0,0.6389196264648438,False,PUT,2026-02-27,COIN
COIN260227P00160000,160.0,2.59,2.31,2.85,14.0,40.0,0.6755403540039064,False,PUT,2026-02-27,COIN
COIN260227P00165000,165.0,3.3,2.66,3.5,3.0,47.0,0.6418492846679689,False,PUT,2026-02-27,COIN
COIN260227P00170000,170.0,4.4,4.0,4.6,343.0,263.0,0.6489292919921875,False,PUT,2026-02-27,COIN
COIN260227P00175000,175.0,5.46,5.15,5.55,23.0,94.0,0.6301916864013672,False,PUT,2026-02-27,COIN
COIN260227P00180000,180.0,6.84,6.55,7.1,74.0,213.0,0.6231727136230469,False,PUT,2026-02-27,COIN
COIN260227P00185000,185.0,8.71,8.05,8.8,27.0,97.0,0.6093789062500001,False,PUT,2026-02-27,COIN
COIN260227P00190000,190.0,10.0,10.25,10.9,58.0,106.0,0.6088906298828126,False,PUT,2026-02-27,COIN
COIN260227P00195000,195.0,12.97,12.75,13.35,62.0,78.0,0.6096230444335939,False,PUT,2026-02-27,COIN
COIN260227P00200000,200.0,15.7,15.55,16.1,65.0,257.0,0.610599597167969,True,PUT,2026-02-27,COIN
COIN260227P00205000,205.0,18.81,18.15,19.15,31.0,123.0,0.6013223461914063,True,PUT,2026-02-27,COIN
COIN260227P00210000,210.0,20.95,21.4,22.25,37.0,167.0,0.5955850988769531,True,PUT,2026-02-27,COIN
COIN260227P00215000,215.0,26.6,24.85,26.85,20.0,219.0,0.6189002954101563,True,PUT,2026-02-27,COIN
COIN260227P00220000,220.0,29.33,28.65,30.6,7.0,205.0,0.6204871936035157,True,PUT,2026-02-27,COIN
COIN260227P00225000,225.0,33.3,32.6,34.45,23.0,155.0,0.6184120190429689,True,PUT,2026-02-27,COIN
COIN260227P00230000,230.0,35.75,36.45,37.75,26.0,175.0,0.5844768115234374,True,PUT,2026-02-27,COIN
COIN260227P00235000,235.0,37.45,40.1,43.25,1.0,52.0,0.6029092443847659,True,PUT,2026-02-27,COIN
COIN260227P00240000,240.0,34.2,43.65,48.0,4.0,38.0,0.5810588769531251,True,PUT,2026-02-27,COIN
COIN260227P00245000,245.0,49.8,48.1,53.05,1.0,131.0,0.5988809643554689,True,PUT,2026-02-27,COIN
COIN260227P00250000,250.0,55.79,52.7,57.4,5.0,75.0,0.5822795678710937,True,PUT,2026-02-27,COIN
COIN260306C00160000,160.0,51.65,37.5,42.75,4.0,8.0,0.7083769396972657,True,CALL,2026-03-06,COIN
COIN260306C00180000,180.0,24.6,23.65,25.3,1.0,12.0,0.6309851354980469,True,CALL,2026-03-06,COIN
COIN260306C00190000,190.0,19.65,18.25,19.15,7.0,3.0,0.6302527209472657,True,CALL,2026-03-06,COIN
COIN260306C00200000,200.0,13.8,13.25,14.5,22.0,8.0,0.6260413372802736,False,CALL,2026-03-06,COIN
COIN260306C00205000,205.0,11.73,11.2,12.4,62.0,46.0,0.6225623681640625,False,CALL,2026-03-06,COIN
COIN260306C00210000,210.0,10.6,9.35,10.55,16.0,56.0,0.6186561572265626,False,CALL,2026-03-06,COIN
COIN260306C00215000,215.0,8.75,7.9,9.35,86.0,63.0,0.6276282354736329,False,CALL,2026-03-06,COIN
COIN260306C00220000,220.0,7.48,6.5,7.9,8.0,48.0,0.624027197265625,False,CALL,2026-03-06,COIN
COIN260306C00225000,225.0,6.15,5.65,6.3,19.0,63.0,0.6208534008789064,False,CALL,2026-03-06,COIN
COIN260306C00230000,230.0,5.0,4.8,5.2,31.0,48.0,0.6215858154296876,False,CALL,2026-03-06,COIN
COIN260306C00235000,235.0,4.3,3.85,4.4,34.0,21.0,0.6199989172363283,False,CALL,2026-03-06,COIN
COIN260306C00240000,240.0,3.16,3.25,3.95,17.0,37.0,0.6315954809570312,False,CALL,2026-03-06,COIN
COIN260306C00245000,245.0,3.02,2.56,3.15,4.0,19.0,0.6231727136230469,False,CALL,2026-03-06,COIN
COIN260306C00250000,250.0,2.53,2.25,2.89,20.0,224.0,0.6397741101074219,False,CALL,2026-03-06,COIN
COIN260306P00155000,155.0,1.85,2.07,2.7,1.0,236.0,0.6583286120605469,False,PUT,2026-03-06,COIN
COIN260306P00160000,160.0,2.92,2.57,3.35,13.0,24.0,0.6370885900878906,False,PUT,2026-03-06,COIN
COIN260306P00165000,165.0,3.94,3.7,4.3,9.0,89.0,0.6381872119140625,False,PUT,2026-03-06,COIN
COIN260306P00170000,170.0,5.08,4.35,5.6,23.0,23.0,0.6229285754394531,False,PUT,2026-03-06,COIN
COIN260306P00175000,175.0,6.57,6.35,7.05,6.0,34.0,0.636295140991211,False,PUT,2026-03-06,COIN
COIN260306P00180000,180.0,7.85,7.6,8.5,27.0,31.0,0.6184120190429689,False,PUT,2026-03-06,COIN
COIN260306P00185000,185.0,9.2,9.5,10.45,38.0,44.0,0.616336844482422,False,PUT,2026-03-06,COIN
COIN260306P00190000,190.0,12.33,11.6,12.75,11.0,77.0,0.6147499462890625,False,PUT,2026-03-06,COIN
COIN260306P00195000,195.0,14.65,13.65,15.3,55.0,81.0,0.606571317138672,False,PUT,2026-03-06,COIN
COIN260306P00200000,200.0,17.41,16.35,17.95,21.0,24.0,0.6030313134765627,True,PUT,2026-03-06,COIN
COIN260306P00205000,205.0,18.6,19.65,21.05,9.0,35.0,0.6104775280761721,True,PUT,2026-03-06,COIN
COIN260306P00210000,210.0,22.01,22.75,24.0,20.0,309.0,0.6010782080078126,True,PUT,2026-03-06,COIN
COIN260306P00215000,215.0,26.0,26.2,28.0,8.0,13.0,0.6116371844482424,True,PUT,2026-03-06,COIN
COIN260306P00220000,220.0,29.04,29.2,31.7,5.0,33.0,0.5969278588867188,True,PUT,2026-03-06,COIN
COIN260306P00225000,225.0,34.45,33.15,35.65,4.0,286.0,0.6003457934570313,True,PUT,2026-03-06,COIN
COIN260306P00230000,230.0,38.47,36.75,39.5,7.0,37.0,0.5836223278808592,True,PUT,2026-03-06,COIN
COIN260306P00235000,235.0,42.26,40.05,44.3,2.0,8.0,0.5737347314453125,True,PUT,2026-03-06,COIN
COIN260306P00240000,240.0,45.78,45.7,48.4,2.0,14.0,0.6070595935058594,True,PUT,2026-03-06,COIN
COIN260306P00245000,245.0,40.4,49.2,53.15,2.0,4.0,0.5860637097167969,True,PUT,2026-03-06,COIN
COIN260306P00250000,250.0,55.46,52.85,58.45,5.0,11.0,0.5799602551269532,True,PUT,2026-03-06,COIN
COIN260320C00140000,140.0,59.42,55.9,60.7,2.0,87.0,0.7128934960937501,True,CALL,2026-03-20,COIN
COIN260320C00145000,145.0,67.37,51.75,56.05,1.0,71.0,0.7038603833007813,True,CALL,2026-03-20,COIN
COIN260320C00150000,150.0,49.0,48.0,50.95,3.0,55.0,0.6850617431640625,True,CALL,2026-03-20,COIN
COIN260320C00155000,155.0,75.32,43.5,47.55,1.0,71.0,0.6890900231933594,True,CALL,2026-03-20,COIN
COIN260320C00160000,160.0,40.0,39.9,42.15,2.0,91.0,0.6533237792968751,True,CALL,2026-03-20,COIN
COIN260320C00165000,165.0,39.91,35.4,39.45,1.0,110.0,0.6585727502441407,True,CALL,2026-03-20,COIN
COIN260320C00170000,170.0,48.4,33.4,34.65,1.0,77.0,0.6624789611816408,True,CALL,2026-03-20,COIN
COIN260320C00175000,175.0,30.75,29.35,31.9,6.0,114.0,0.6571079211425781,True,CALL,2026-03-20,COIN
COIN260320C00180000,180.0,27.2,26.55,27.65,35.0,386.0,0.6392247991943358,True,CALL,2026-03-20,COIN
COIN260320C00185000,185.0,24.6,23.5,24.6,3.0,103.0,0.6323278955078125,True,CALL,2026-03-20,COIN
COIN260320C00190000,190.0,20.8,20.75,21.3,20.0,145.0,0.6189613299560548,True,CALL,2026-03-20,COIN
COIN260320C00195000,195.0,18.55,18.2,19.3,34.0,63.0,0.6243323699951173,True,CALL,2026-03-20,COIN
COIN260320C00200000,200.0,16.2,16.15,16.45,260.0,270.0,0.6161537408447266,False,CALL,2026-03-20,COIN
COIN260320C00210000,210.0,12.0,11.95,12.4,277.0,950.0,0.6048013153076173,False,CALL,2026-03-20,COIN
COIN260320C00220000,220.0,9.15,9.15,9.3,425.0,2367.0,0.607547869873047,False,CALL,2026-03-20,COIN
COIN260320C00230000,230.0,6.7,6.55,7.15,210.0,3196.0,0.6073037316894532,False,CALL,2026-03-20,COIN
COIN260320C00240000,240.0,5.05,4.85,5.25,1051.0,4597.0,0.6082192498779297,False,CALL,2026-03-20,COIN
COIN260320C00250000,250.0,3.85,3.7,3.95,1759.0,6216.0,0.6164589135742189,False,CALL,2026-03-20,COIN
COIN260320P00140000,140.0,1.8,1.62,1.81,17.0,741.0,0.6713900048828126,False,PUT,2026-03-20,COIN
COIN260320P00145000,145.0,2.16,2.12,2.26,15.0,942.0,0.6585727502441407,False,PUT,2026-03-20,COIN
COIN260320P00150000,150.0,2.7,2.69,2.88,806.0,3067.0,0.6472203247070312,False,PUT,2026-03-20,COIN
COIN260320P00155000,155.0,3.3,3.4,3.85,14.0,321.0,0.6438023901367188,False,PUT,2026-03-20,COIN
COIN260320P00160000,160.0,4.47,4.3,4.65,105.0,739.0,0.6315954809570312,False,PUT,2026-03-20,COIN
COIN260320P00165000,165.0,5.55,5.4,5.7,25.0,3188.0,0.6232947827148438,False,PUT,2026-03-20,COIN
COIN260320P00170000,170.0,7.1,6.7,7.0,422.0,1044.0,0.6171913281250001,False,PUT,2026-03-20,COIN
COIN260320P00175000,175.0,8.35,8.2,8.45,513.0,4660.0,0.6101113208007813,False,PUT,2026-03-20,COIN
COIN260320P00180000,180.0,10.1,9.9,10.25,170.0,1780.0,0.6056557989501954,False,PUT,2026-03-20,COIN
COIN260320P00185000,185.0,12.58,11.75,12.3,75.0,1975.0,0.6004068280029298,False,PUT,2026-03-20,COIN
COIN260320P00190000,190.0,14.22,13.9,14.45,247.0,3814.0,0.594303373413086,False,PUT,2026-03-20,COIN
COIN260320P00195000,195.0,16.6,16.4,16.9,275.0,1032.0,0.5916788879394532,False,PUT,2026-03-20,COIN
COIN260320P00200000,200.0,18.99,19.15,19.6,573.0,3752.0,0.5897257824707032,True,PUT,2026-03-20,COIN
COIN260320P00210000,210.0,25.28,24.7,25.55,130.0,6310.0,0.5735516278076171,True,PUT,2026-03-20,COIN
COIN260320P00220000,220.0,32.44,31.8,32.9,103.0,4654.0,0.5807537042236328,True,PUT,2026-03-20,COIN
COIN260320P00230000,230.0,39.3,38.4,41.05,95.0,5405.0,0.5671430004882813,True,PUT,2026-03-20,COIN
COIN260320P00240000,240.0,48.84,47.6,49.7,7.0,2738.0,0.5968057897949219,True,PUT,2026-03-20,COIN
COIN260320P00250000,250.0,56.89,56.0,57.75,45.0,3962.0,0.572391971435547,True,PUT,2026-03-20,COIN
COIN260417C00140000,140.0,71.33,58.15,62.45,1.0,22.0,0.6990996887207033,True,CALL,2026-04-17,COIN
COIN260417C00145000,145.0,58.0,54.25,58.0,1.0,15.0,0.6887238159179689,True,CALL,2026-04-17,COIN
COIN260417C00150000,150.0,52.0,50.95,53.45,5.0,30.0,0.6846955358886719,True,CALL,2026-04-17,COIN
COIN260417C00155000,155.0,61.9,46.4,49.65,1.0,11.0,0.6641268939208986,True,CALL,2026-04-17,COIN
COIN260417C00160000,160.0,63.98,42.8,45.65,1.0,8.0,0.6546665393066409,True,CALL,2026-04-17,COIN
COIN260417C00165000,165.0,78.82,39.45,41.4,1.0,34.0,0.6402623864746093,True,CALL,2026-04-17,COIN
COIN260417C00170000,170.0,46.95,36.45,39.2,21.0,17.0,0.661685512084961,True,CALL,2026-04-17,COIN
COIN260417C00175000,175.0,43.58,33.2,35.65,6.0,36.0,0.6496617065429688,True,CALL,2026-04-17,COIN
COIN260417C00180000,180.0,31.05,29.65,32.85,21.0,60.0,0.6400792828369142,True,CALL,2026-04-17,COIN
COIN260417C00185000,185.0,32.0,26.75,28.4,1.0,35.0,0.6112099426269533,True,CALL,2026-04-17,COIN
COIN260417C00190000,190.0,25.9,24.2,25.6,26.0,43.0,0.6071816625976563,True,CALL,2026-04-17,COIN
COIN260417C00195000,195.0,22.6,22.4,23.1,29.0,44.0,0.6127968408203126,True,CALL,2026-04-17,COIN
COIN260417C00200000,200.0,20.38,20.25,20.95,49.0,137.0,0.6133461517333985,False,CALL,2026-04-17,COIN
COIN260417C00210000,210.0,16.7,16.1,16.65,133.0,292.0,0.6025430371093752,False,CALL,2026-04-17,COIN
COIN260417C00220000,220.0,13.47,12.9,13.45,58.0,608.0,0.6026651062011721,False,CALL,2026-04-17,COIN
COIN260417C00230000,230.0,10.5,10.25,10.65,337.0,709.0,0.6003457934570313,False,CALL,2026-04-17,COIN
COIN260417C00240000,240.0,8.4,8.1,8.5,46.0,931.0,0.6006509661865236,False,CALL,2026-04-17,COIN
COIN260417C00250000,250.0,6.65,6.5,6.9,186.0,1363.0,0.6060830407714846,False,CALL,2026-04-17,COIN
COIN260417P00140000,140.0,2.99,2.87,3.35,6.0,56.0,0.637576866455078,False,PUT,2026-04-17,COIN
COIN260417P00145000,145.0,3.72,3.75,4.05,5.0,39.0,0.6324499645996093,False,PUT,2026-04-17,COIN
COIN260417P00150000,150.0,4.72,4.6,4.9,660.0,239.0,0.6239051281738281,False,PUT,2026-04-17,COIN
COIN260417P00155000,155.0,5.8,5.55,5.95,10.0,246.0,0.6162147753906251,False,PUT,2026-04-17,COIN
COIN260417P00160000,160.0,6.89,6.7,7.1,210.0,287.0,0.6088906298828126,False,PUT,2026-04-17,COIN
COIN260417P00165000,165.0,8.28,8.05,8.35,20.0,264.0,0.6014444152832032,False,PUT,2026-04-17,COIN
COIN260417P00170000,170.0,9.45,9.55,9.95,65.0,13674.0,0.5971109625244142,False,PUT,2026-04-17,COIN
COIN260417P00175000,175.0,11.53,11.1,11.65,44.0,431.0,0.5894206097412109,False,PUT,2026-04-17,COIN
COIN260417P00180000,180.0,12.73,13.1,13.6,544.0,751.0,0.5871012969970704,False,PUT,2026-04-17,COIN
COIN260417P00185000,185.0,14.77,15.2,15.75,47.0,437.0,0.5835612933349608,False,PUT,2026-04-17,COIN
COIN260417P00190000,190.0,17.73,17.55,18.05,321.0,629.0,0.5803569796752931,False,PUT,2026-04-17,COIN
COIN260417P00195000,195.0,20.4,20.05,20.55,195.0,535.0,0.5767254241943358,False,PUT,2026-04-17,COIN
COIN260417P00200000,200.0,23.03,22.8,23.2,608.0,2489.0,0.5735516278076171,True,PUT,2026-04-17,COIN
COIN260417P00210000,210.0,28.47,28.55,29.2,540.0,1762.0,0.5653119641113282,True,PUT,2026-04-17,COIN
COIN260417P00220000,220.0,36.22,35.0,35.7,96.0,1869.0,0.5547529876708985,True,PUT,2026-04-17,COIN
COIN260417P00230000,230.0,41.9,41.1,44.4,46.0,3380.0,0.5531660894775392,True,PUT,2026-04-17,COIN
COIN260417P00240000,240.0,50.35,48.85,51.85,68.0,2647.0,0.5406540075683595,True,PUT,2026-04-17,COIN
COIN260417P00250000,250.0,59.1,57.6,60.65,12.0,2378.0,0.553837469482422,True,PUT,2026-04-17,COIN
COIN260515C00140000,140.0,62.9,60.5,65.7,2.0,50.0,0.7246121289062499,True,CALL,2026-05-15,COIN
COIN260515C00145000,145.0,59.0,57.25,61.25,11.0,18.0,0.7174100524902343,True,CALL,2026-05-15,COIN
COIN260515C00150000,150.0,55.01,53.5,55.95,6.0,1909.0,0.6821320849609377,True,CALL,2026-05-15,COIN
COIN260515C00155000,155.0,50.47,50.8,53.45,1.0,27.0,0.7101469415283204,True,CALL,2026-05-15,COIN
COIN260515C00160000,160.0,57.93,46.25,48.6,1.0,186.0,0.6649813775634767,True,CALL,2026-05-15,COIN
COIN260515C00165000,165.0,77.16,42.85,45.45,5.0,58.0,0.6618686157226563,True,CALL,2026-05-15,COIN
COIN260515C00170000,170.0,40.35,40.45,42.3,3.0,226.0,0.6685824157714846,True,CALL,2026-05-15,COIN
COIN260515C00175000,175.0,46.07,36.7,39.1,1.0,115.0,0.6517979156494143,True,CALL,2026-05-15,COIN
COIN260515C00180000,180.0,45.2,34.6,36.3,8.0,130.0,0.6585422329711915,True,CALL,2026-05-15,COIN
COIN260515C00185000,185.0,32.8,31.55,33.1,2.0,155.0,0.644107562866211,True,CALL,2026-05-15,COIN
COIN260515C00190000,190.0,30.35,28.95,30.45,7.0,68.0,0.6388585919189453,True,CALL,2026-05-15,COIN
COIN260515C00195000,195.0,27.0,27.05,28.15,9.0,286.0,0.6428258374023439,True,CALL,2026-05-15,COIN
COIN260515C00200000,200.0,25.3,24.75,25.4,41.0,543.0,0.6331213446044923,False,CALL,2026-05-15,COIN
COIN260515C00210000,210.0,22.05,20.9,21.35,46.0,147.0,0.6300696173095703,False,CALL,2026-05-15,COIN
COIN260515C00220000,220.0,17.5,17.3,18.0,153.0,1135.0,0.6259803027343751,False,CALL,2026-05-15,COIN
COIN260515C00230000,230.0,14.61,14.4,15.1,50.0,176.0,0.6242713354492189,False,CALL,2026-05-15,COIN
COIN260515C00240000,240.0,12.3,12.1,12.55,114.0,580.0,0.6239051281738281,False,CALL,2026-05-15,COIN
COIN260515C00250000,250.0,10.29,10.1,10.7,158.0,970.0,0.6271399591064455,False,CALL,2026-05-15,COIN
COIN260515P00140000,140.0,4.86,4.75,5.35,8.0,239.0,0.6429479064941408,False,PUT,2026-05-15,COIN
COIN260515P00145000,145.0,6.25,6.0,6.35,6.0,196.0,0.6422154919433594,False,PUT,2026-05-15,COIN
COIN260515P00150000,150.0,7.38,7.1,7.45,12.0,1871.0,0.6350134155273439,False,PUT,2026-05-15,COIN
COIN260515P00155000,155.0,5.49,8.2,8.75,11.0,306.0,0.6268347863769532,False,PUT,2026-05-15,COIN
COIN260515P00160000,160.0,10.1,9.75,10.1,106.0,780.0,0.6226234027099609,False,PUT,2026-05-15,COIN
COIN260515P00165000,165.0,11.75,10.95,12.05,5.0,146.0,0.6176185699462893,False,PUT,2026-05-15,COIN
COIN260515P00170000,170.0,12.73,13.0,13.4,72.0,565.0,0.6120033917236329,False,PUT,2026-05-15,COIN
COIN260515P00175000,175.0,15.28,15.0,15.7,12.0,267.0,0.6143837390136719,False,PUT,2026-05-15,COIN
COIN260515P00180000,180.0,16.75,16.9,17.5,14.0,628.0,0.6044961425781252,False,PUT,2026-05-15,COIN
COIN260515P00185000,185.0,18.85,19.0,19.8,21.0,842.0,0.5998269998168947,False,PUT,2026-05-15,COIN
COIN260515P00190000,190.0,21.25,21.5,22.15,5.0,954.0,0.5968668243408204,False,PUT,2026-05-15,COIN
COIN260515P00195000,195.0,24.4,24.0,24.7,40.0,287.0,0.5925333715820313,False,PUT,2026-05-15,COIN
COIN260515P00200000,200.0,27.09,26.7,27.4,105.0,2009.0,0.5887492297363282,True,PUT,2026-05-15,COIN
COIN260515P00210000,210.0,32.29,32.6,33.35,59.0,1123.0,0.5829814651489257,True,PUT,2026-05-15,COIN
COIN260515P00220000,220.0,31.72,39.05,39.85,2.0,1566.0,0.5768780105590819,True,PUT,2026-05-15,COIN
COIN260515P00230000,230.0,45.1,45.95,47.15,114.0,1443.0,0.573368524169922,True,PUT,2026-05-15,COIN
COIN260515P00240000,240.0,53.29,53.4,56.15,98.0,1937.0,0.5875285388183593,True,PUT,2026-05-15,COIN
COIN260515P00250000,250.0,60.68,60.85,62.8,5.0,1172.0,0.5589643713378907,True,PUT,2026-05-15,COIN
COIN260618C00140000,140.0,65.5,64.5,65.9,18.0,20.0,0.7039214178466797,True,CALL,2026-06-18,COIN
COIN260618C00145000,145.0,88.9,60.1,64.05,15.0,58.0,0.7148466015625,True,CALL,2026-06-18,COIN
COIN260618C00150000,150.0,57.5,56.45,58.9,4.0,40.0,0.6831696722412111,True,CALL,2026-06-18,COIN
COIN260618C00155000,155.0,54.0,52.6,56.15,3.0,58.0,0.6815827740478517,True,CALL,2026-06-18,COIN
COIN260618C00160000,160.0,58.43,49.65,52.3,1.0,51.0,0.6737703521728517,True,CALL,2026-06-18,COIN
COIN260618C00165000,165.0,59.75,46.65,49.95,4.0,39.0,0.681216566772461,True,CALL,2026-06-18,COIN
COIN260618C00170000,170.0,44.64,44.45,45.9,10.0,196.0,0.6739534558105471,True,CALL,2026-06-18,COIN
COIN260618C00175000,175.0,42.25,40.2,43.9,15.0,42.0,0.6639743075561525,True,CALL,2026-06-18,COIN
COIN260618C00180000,180.0,39.4,37.85,39.7,23.0,82.0,0.6481968774414062,True,CALL,2026-06-18,COIN
COIN260618C00185000,185.0,36.5,35.8,37.45,2.0,44.0,0.6549106774902345,True,CALL,2026-06-18,COIN
COIN260618C00190000,190.0,33.53,32.95,34.3,3.0,94.0,0.6402623864746093,True,CALL,2026-06-18,COIN
COIN260618C00195000,195.0,31.51,30.6,32.15,14.0,61.0,0.6391637646484375,True,CALL,2026-06-18,COIN
COIN260618C00200000,200.0,30.74,28.7,30.0,235.0,966.0,0.6401708346557617,False,CALL,2026-06-18,COIN
COIN260618C00210000,210.0,24.85,24.15,26.15,37.0,108.0,0.6316565155029297,False,CALL,2026-06-18,COIN
COIN260618C00220000,220.0,21.85,21.2,22.45,44.0,294.0,0.6319006536865235,False,CALL,2026-06-18,COIN
COIN260618C00230000,230.0,18.7,18.4,19.2,75.0,775.0,0.629886513671875,False,CALL,2026-06-18,COIN
COIN260618C00240000,240.0,16.1,15.7,16.75,107.0,899.0,0.629459271850586,False,CALL,2026-06-18,COIN
COIN260618C00250000,250.0,14.0,13.35,14.4,170.0,1486.0,0.6266822000122071,False,CALL,2026-06-18,COIN
COIN260618P00140000,140.0,7.17,6.95,7.4,34.0,227.0,0.6394689373779296,False,PUT,2026-06-18,COIN
COIN260618P00145000,145.0,8.05,8.2,8.75,1.0,140.0,0.6373937628173829,False,PUT,2026-06-18,COIN
COIN260618P00150000,150.0,9.46,9.5,9.9,150.0,680.0,0.6289709954833984,False,PUT,2026-06-18,COIN
COIN260618P00155000,155.0,11.1,10.95,11.35,29.0,327.0,0.6237220245361328,False,PUT,2026-06-18,COIN
COIN260618P00160000,160.0,12.55,12.35,13.05,325.0,1539.0,0.617740639038086,False,PUT,2026-06-18,COIN
COIN260618P00165000,165.0,14.1,14.15,14.7,82.0,1189.0,0.612979944458008,False,PUT,2026-06-18,COIN
COIN260618P00170000,170.0,15.8,15.65,16.65,74.0,826.0,0.6049844189453126,False,PUT,2026-06-18,COIN
COIN260618P00175000,175.0,18.36,17.7,18.95,198.0,286.0,0.6045266598510745,False,PUT,2026-06-18,COIN
COIN260618P00180000,180.0,20.0,20.1,21.0,136.0,1819.0,0.6018716571044924,False,PUT,2026-06-18,COIN
COIN260618P00185000,185.0,22.75,21.85,23.4,30.0,509.0,0.5928385443115236,False,PUT,2026-06-18,COIN
COIN260618P00190000,190.0,25.55,24.85,25.55,19.0,847.0,0.5918314743041994,False,PUT,2026-06-18,COIN
COIN260618P00195000,195.0,27.2,26.4,28.0,23.0,260.0,0.5758099060058592,False,PUT,2026-06-18,COIN
COIN260618P00200000,200.0,29.57,30.2,31.1,159.0,8025.0,0.5874064697265625,True,PUT,2026-06-18,COIN
COIN260618P00210000,210.0,36.35,35.7,36.9,19.0,1457.0,0.5762981823730469,True,PUT,2026-06-18,COIN
COIN260618P00220000,220.0,42.0,41.25,42.95,91.0,2169.0,0.5579878186035157,True,PUT,2026-06-18,COIN
COIN260618P00230000,230.0,49.69,48.45,50.5,15.0,3835.0,0.5627790304565431,True,PUT,2026-06-18,COIN
COIN260618P00240000,240.0,55.59,55.45,58.15,18.0,2608.0,0.5577436804199221,True,PUT,2026-06-18,COIN
COIN260618P00250000,250.0,64.12,62.7,65.55,16.0,3808.0,0.5435836657714845,True,PUT,2026-06-18,COIN
COIN260717C00140000,140.0,80.7,65.6,69.0,4.0,2.0,0.7037077969360351,True,CALL,2026-07-17,COIN
COIN260717C00150000,150.0,60.3,58.55,61.95,2.0,6.0,0.6898834722900393,True,CALL,2026-07-17,COIN
COIN260717C00160000,160.0,54.05,52.75,56.3,2.0,20.0,0.6973296868896486,True,CALL,2026-07-17,COIN
COIN260717C00170000,170.0,58.3,45.95,48.75,4.0,10.0,0.6610446493530274,True,CALL,2026-07-17,COIN
COIN260717C00175000,175.0,52.77,43.95,45.75,1.0,13.0,0.6635165484619143,True,CALL,2026-07-17,COIN
COIN260717C00180000,180.0,51.35,40.55,42.6,22.0,11.0,0.647464462890625,True,CALL,2026-07-17,COIN
COIN260717C00185000,185.0,92.2,38.5,41.25,6.0,7.0,0.6611362011718751,True,CALL,2026-07-17,COIN
COIN260717C00190000,190.0,37.0,36.45,37.7,33.0,42.0,0.65039412109375,True,CALL,2026-07-17,COIN
COIN260717C00195000,195.0,34.63,34.05,35.2,7.0,26.0,0.6445042874145508,True,CALL,2026-07-17,COIN
COIN260717C00200000,200.0,31.9,31.1,32.9,8.0,1791.0,0.6332739309692383,False,CALL,2026-07-17,COIN
COIN260717C00210000,210.0,29.5,26.85,29.05,14.0,40.0,0.6277197872924806,False,CALL,2026-07-17,COIN
COIN260717C00220000,220.0,25.96,23.8,25.05,6.0,349.0,0.6243018527221681,False,CALL,2026-07-17,COIN
COIN260717C00230000,230.0,21.56,21.3,22.85,35.0,100.0,0.6359594509887696,False,CALL,2026-07-17,COIN
COIN260717C00240000,240.0,18.95,18.65,19.3,6.0,303.0,0.6269568554687501,False,CALL,2026-07-17,COIN
COIN260717C00250000,250.0,17.22,15.9,17.1,55.0,208.0,0.6238135763549805,False,CALL,2026-07-17,COIN
COIN260717P00140000,140.0,8.35,8.35,9.05,54.0,94.0,0.6304968591308593,False,PUT,2026-07-17,COIN
COIN260717P00145000,145.0,9.95,9.6,10.3,5.0,27.0,0.6235389208984375,False,PUT,2026-07-17,COIN
COIN260717P00150000,150.0,11.0,11.05,11.75,12.0,107.0,0.6190223645019532,False,PUT,2026-07-17,COIN
COIN260717P00155000,155.0,12.55,12.6,13.4,4.0,99.0,0.6152382226562501,False,PUT,2026-07-17,COIN
COIN260717P00160000,160.0,14.15,14.3,14.95,101.0,49.0,0.6089821817016602,False,PUT,2026-07-17,COIN
COIN260717P00165000,165.0,16.65,16.05,16.95,19.0,13.0,0.6057778680419923,False,PUT,2026-07-17,COIN
COIN260717P00170000,170.0,18.0,17.55,18.95,7.0,580.0,0.5970194107055665,False,PUT,2026-07-17,COIN
COIN260717P00175000,175.0,19.98,19.75,20.8,40.0,256.0,0.5917094052124025,False,PUT,2026-07-17,COIN
COIN260717P00180000,180.0,22.72,22.15,23.05,5.0,42.0,0.5900004379272462,False,PUT,2026-07-17,COIN
COIN260717P00185000,185.0,23.65,24.4,25.5,24.0,34.0,0.5861247442626953,False,PUT,2026-07-17,COIN
COIN260717P00190000,190.0,27.58,26.95,28.0,14.0,1017.0,0.5832561206054687,False,PUT,2026-07-17,COIN
COIN260717P00195000,195.0,24.5,28.95,30.8,3.0,463.0,0.5755657678222657,False,PUT,2026-07-17,COIN
COIN260717P00200000,200.0,32.84,32.15,33.3,34.0,551.0,0.5741924905395508,True,PUT,2026-07-17,COIN
COIN260717P00210000,210.0,37.88,38.45,39.95,4.0,856.0,0.5791668060302735,True,PUT,2026-07-17,COIN
COIN260717P00220000,220.0,44.87,44.55,45.8,24.0,609.0,0.566257999572754,True,PUT,2026-07-17,COIN
COIN260717P00230000,230.0,50.58,50.95,53.2,3.0,230.0,0.5628095477294923,True,PUT,2026-07-17,COIN
COIN260717P00240000,240.0,59.22,58.3,60.5,7.0,219.0,0.5601545449829101,True,PUT,2026-07-17,COIN
COIN260717P00250000,250.0,65.89,64.65,67.0,4.0,193.0,0.5314683084106445,True,PUT,2026-07-17,COIN
COIN260821C00140000,140.0,81.6,69.95,71.4,2.0,2.0,0.7282742016601562,True,CALL,2026-08-21,COIN
COIN260821C00150000,150.0,73.5,61.9,64.9,10.0,16.0,0.7014800360107423,True,CALL,2026-08-21,COIN
COIN260821C00155000,155.0,101.5,58.4,61.55,,1.0,0.6905548522949221,True,CALL,2026-08-21,COIN
COIN260821C00160000,160.0,57.34,55.45,58.2,1.0,6.0,0.6837495004272461,True,CALL,2026-08-21,COIN
COIN260821C00165000,165.0,54.29,53.0,55.3,1.0,8.0,0.6846955358886719,True,CALL,2026-08-21,COIN
COIN260821C00170000,170.0,62.9,50.35,52.0,2.0,3.0,0.6773713903808594,True,CALL,2026-08-21,COIN
COIN260821C00175000,175.0,62.02,47.55,49.1,1.0,5.0,0.6706575903320313,True,CALL,2026-08-21,COIN
COIN260821C00180000,180.0,45.96,45.2,46.55,3.0,5.0,0.6696200030517578,True,CALL,2026-08-21,COIN
COIN260821C00185000,185.0,42.68,41.95,44.45,32.0,105.0,0.6625399957275393,True,CALL,2026-08-21,COIN
COIN260821C00190000,190.0,48.75,39.85,41.65,5.0,7.0,0.6578403356933593,True,CALL,2026-08-21,COIN
COIN260821C00200000,200.0,38.0,35.7,37.15,2.0,252.0,0.6534763656616213,False,CALL,2026-08-21,COIN
COIN260821C00210000,210.0,34.2,31.8,33.2,18.0,35.0,0.6494480856323243,False,CALL,2026-08-21,COIN
COIN260821C00220000,220.0,28.63,28.0,29.55,107.0,38.0,0.6427342855834962,False,CALL,2026-08-21,COIN
COIN260821C00230000,230.0,26.82,24.85,26.4,2.0,108.0,0.6401098001098633,False,CALL,2026-08-21,COIN
COIN260821C00240000,240.0,23.75,22.4,24.0,109.0,122.0,0.644687391052246,False,CALL,2026-08-21,COIN
COIN260821C00250000,250.0,20.15,19.65,20.9,5.0,47.0,0.6356847955322267,False,CALL,2026-08-21,COIN
COIN260821P00140000,140.0,7.85,10.65,11.45,255.0,342.0,0.6383703155517577,False,PUT,2026-08-21,COIN
COIN260821P00145000,145.0,11.5,12.1,12.9,1.0,256.0,0.6328772064208985,False,PUT,2026-08-21,COIN
COIN260821P00150000,150.0,13.45,13.6,14.35,17.0,32.0,0.6254309918212893,False,PUT,2026-08-21,COIN
COIN260821P00155000,155.0,14.8,15.3,16.2,1.0,4.0,0.6225318508911133,False,PUT,2026-08-21,COIN
COIN260821P00160000,160.0,17.02,16.95,17.9,16.0,234.0,0.6149330499267578,False,PUT,2026-08-21,COIN
COIN260821P00165000,165.0,15.0,18.1,19.85,1.0,32.0,0.6026956234741213,False,PUT,2026-08-21,COIN
COIN260821P00170000,170.0,20.05,21.0,21.85,27.0,75.0,0.606571317138672,False,PUT,2026-08-21,COIN
COIN260821P00175000,175.0,23.77,23.15,25.05,3.0,11.0,0.6120644262695314,False,PUT,2026-08-21,COIN
COIN260821P00180000,180.0,25.3,25.05,27.3,1.0,56.0,0.6037332107543948,False,PUT,2026-08-21,COIN
COIN260821P00185000,185.0,27.11,27.75,28.75,2.0,5.0,0.593601476135254,False,PUT,2026-08-21,COIN
COIN260821P00190000,190.0,31.07,30.1,31.8,2.0,44.0,0.5928995788574221,False,PUT,2026-08-21,COIN
COIN260821P00195000,195.0,31.56,32.9,34.0,11.0,440.0,0.586643537902832,False,PUT,2026-08-21,COIN
COIN260821P00200000,200.0,35.45,35.85,37.1,7.0,350.0,0.5876811251831054,True,PUT,2026-08-21,COIN
COIN260821P00210000,210.0,42.28,41.45,42.85,4.0,788.0,0.5777935287475585,True,PUT,2026-08-21,COIN
COIN260821P00220000,220.0,47.89,47.3,49.25,2.0,198.0,0.5687298986816407,True,PUT,2026-08-21,COIN
COIN260821P00230000,230.0,54.39,53.9,56.6,32.0,62.0,0.5676923114013672,True,PUT,2026-08-21,COIN
COIN260821P00240000,240.0,61.35,60.5,63.5,1.0,901.0,0.5565840240478517,True,PUT,2026-08-21,COIN
COIN260821P00250000,250.0,58.45,68.75,70.55,1.0,315.0,0.5555464367675782,True,PUT,2026-08-21,COIN
COIN260918C00140000,140.0,100.0,70.85,72.75,1.0,60.0,0.709689182434082,True,CALL,2026-09-18,COIN
COIN260918C00145000,145.0,128.75,120.5,0.0,4.0,20.0,0.5113574255371094,True,CALL,2026-09-18,COIN
COIN260918C00150000,150.0,65.49,63.45,66.15,304.0,38.0,0.688052435913086,True,CALL,2026-09-18,COIN
COIN260918C00155000,155.0,88.9,61.15,64.2,1.0,59.0,0.70312796875,True,CALL,2026-09-18,COIN
COIN260918C00160000,160.0,68.09,56.8,60.8,1.0,92.0,0.6803620831298829,True,CALL,2026-09-18,COIN
COIN260918C00165000,165.0,62.0,55.1,57.65,2.0,122.0,0.6846345013427735,True,CALL,2026-09-18,COIN
COIN260918C00170000,170.0,66.0,52.4,55.5,1.0,39.0,0.6865570895385743,True,CALL,2026-09-18,COIN
COIN260918C00175000,175.0,59.0,49.7,52.1,1.0,56.0,0.6752656985473634,True,CALL,2026-09-18,COIN
COIN260918C00180000,180.0,49.31,47.45,49.1,2.0,73.0,0.6701082794189455,True,CALL,2026-09-18,COIN
COIN260918C00185000,185.0,55.39,44.75,47.05,11.0,41.0,0.6677279321289065,True,CALL,2026-09-18,COIN
COIN260918C00190000,190.0,42.73,43.0,44.35,2.0,41.0,0.666263103027344,True,CALL,2026-09-18,COIN
COIN260918C00195000,195.0,42.39,40.7,42.15,43.0,53.0,0.6628451684570313,True,CALL,2026-09-18,COIN
COIN260918C00200000,200.0,38.6,38.2,39.6,8.0,321.0,0.653445848388672,False,CALL,2026-09-18,COIN
COIN260918C00210000,210.0,36.0,34.4,36.65,35.0,74.0,0.6579013702392578,False,CALL,2026-09-18,COIN
COIN260918C00220000,220.0,31.85,30.9,31.95,14.0,139.0,0.6452672192382812,False,CALL,2026-09-18,COIN
COIN260918C00230000,230.0,27.95,26.45,29.15,22.0,132.0,0.6352880709838868,False,CALL,2026-09-18,COIN
COIN260918C00240000,240.0,25.28,24.75,25.85,12.0,576.0,0.6387060055541992,False,CALL,2026-09-18,COIN
COIN260918C00250000,250.0,23.0,22.0,23.55,11.0,753.0,0.6374547973632813,False,CALL,2026-09-18,COIN
COIN260918P00140000,140.0,12.51,11.9,12.65,9.0,127.0,0.6290320300292969,False,PUT,2026-09-18,COIN
COIN260918P00145000,145.0,9.38,13.55,14.2,1.0,271.0,0.6255530609130859,False,PUT,2026-09-18,COIN
COIN260918P00150000,150.0,15.45,15.3,15.5,62.0,393.0,0.618015294494629,False,PUT,2026-09-18,COIN
COIN260918P00155000,155.0,17.4,16.9,17.75,2.0,74.0,0.6168556381225586,False,PUT,2026-09-18,COIN
COIN260918P00160000,160.0,16.05,17.15,19.85,1.0,1042.0,0.5983316534423828,False,PUT,2026-09-18,COIN
COIN260918P00165000,165.0,21.4,19.1,21.6,22.0,182.0,0.5917399224853517,False,PUT,2026-09-18,COIN
COIN260918P00170000,170.0,17.35,22.3,23.75,2.0,748.0,0.5986063088989259,False,PUT,2026-09-18,COIN
COIN260918P00175000,175.0,21.45,23.55,26.2,4.0,398.0,0.5880168151855469,False,PUT,2026-09-18,COIN
COIN260918P00180000,180.0,28.43,27.2,28.15,8.0,547.0,0.5924723370361329,False,PUT,2026-09-18,COIN
COIN260918P00185000,185.0,30.3,28.5,31.05,1.0,981.0,0.5827983615112304,False,PUT,2026-09-18,COIN
COIN260918P00190000,190.0,33.6,30.15,33.55,9.0,680.0,0.5711712805175782,False,PUT,2026-09-18,COIN
COIN260918P00195000,195.0,35.33,34.95,36.0,2.0,176.0,0.5836223278808592,False,PUT,2026-09-18,COIN
COIN260918P00200000,200.0,38.28,37.25,38.85,9.0,1519.0,0.5768780105590819,True,PUT,2026-09-18,COIN
COIN260918P00210000,210.0,44.5,43.65,45.05,8.0,1355.0,0.5772442178344727,True,PUT,2026-09-18,COIN
COIN260918P00220000,220.0,50.9,49.85,51.7,10.0,2667.0,0.5734905932617188,True,PUT,2026-09-18,COIN
COIN260918P00230000,230.0,57.55,56.45,57.6,20.0,2901.0,0.5612226495361328,True,PUT,2026-09-18,COIN
COIN260918P00240000,240.0,63.7,63.3,65.05,2.0,1392.0,0.5579878186035157,True,PUT,2026-09-18,COIN
COIN260918P00250000,250.0,61.55,70.2,72.8,2.0,3201.0,0.5526167785644531,True,PUT,2026-09-18,COIN
COIN261120C00165000,165.0,76.83,60.3,62.0,1.0,1.0,0.6879608840942384,True,CALL,2026-11-20,COIN
COIN261120C00175000,175.0,55.7,55.4,58.0,10.0,1.0,0.6917755432128907,True,CALL,2026-11-20,COIN
COIN261120C00185000,185.0,85.59,48.15,51.95,,6.0,0.655826195678711,True,CALL,2026-11-20,COIN
COIN261120C00190000,190.0,48.44,47.75,49.7,1.0,1.0,0.6670260348510745,True,CALL,2026-11-20,COIN
COIN261120C00195000,195.0,46.5,44.8,47.9,6.0,0.0,0.6610141320800782,True,CALL,2026-11-20,COIN
COIN261120C00200000,200.0,45.1,43.4,45.7,4.0,9.0,0.6623568920898439,False,CALL,2026-11-20,COIN
COIN261120C00220000,220.0,44.1,35.85,38.35,12.0,79.0,0.6532017102050782,False,CALL,2026-11-20,COIN
COIN261120C00230000,230.0,34.23,33.25,34.9,2.0,10.0,0.6527134338378908,False,CALL,2026-11-20,COIN
COIN261120C00240000,240.0,31.45,29.1,33.35,1.0,6.0,0.6511265356445313,False,CALL,2026-11-20,COIN
COIN261120C00250000,250.0,31.3,28.0,29.05,1.0,24.0,0.6483799810791016,False,CALL,2026-11-20,COIN
COIN261120P00140000,140.0,15.43,15.4,15.95,4.0,1.0,0.6303747900390625,False,PUT,2026-11-20,COIN
COIN261120P00145000,145.0,10.15,16.85,18.25,,4.0,0.6289099609375001,False,PUT,2026-11-20,COIN
COIN261120P00150000,150.0,18.6,18.9,19.6,65.0,836.0,0.6220130572509766,False,PUT,2026-11-20,COIN
COIN261120P00160000,160.0,22.65,21.25,23.7,35.0,5.0,0.6007730352783205,False,PUT,2026-11-20,COIN
COIN261120P00170000,170.0,17.05,25.35,27.95,,1.0,0.5905192315673828,False,PUT,2026-11-20,COIN
COIN261120P00175000,175.0,29.16,28.95,30.45,1.0,1.0,0.5985147570800782,False,PUT,2026-11-20,COIN
COIN261120P00180000,180.0,31.52,31.0,32.75,3.0,202.0,0.5908549215698243,False,PUT,2026-11-20,COIN
COIN261120P00185000,185.0,21.8,31.8,35.35,,2.0,0.5747418014526368,False,PUT,2026-11-20,COIN
COIN261120P00190000,190.0,37.35,36.6,38.05,2.0,10.0,0.5883525051879883,False,PUT,2026-11-20,COIN
COIN261120P00195000,195.0,39.66,39.25,41.0,3.0,473.0,0.5860942269897461,False,PUT,2026-11-20,COIN
COIN261120P00200000,200.0,37.96,42.05,44.6,40.0,175.0,0.5883525051879883,True,PUT,2026-11-20,COIN
COIN261120P00210000,210.0,47.57,47.2,49.7,2.0,31.0,0.5706830041503907,True,PUT,2026-11-20,COIN
COIN261120P00220000,220.0,51.7,53.7,55.9,1.0,28.0,0.565983344116211,True,PUT,2026-11-20,COIN
COIN261120P00230000,230.0,60.9,58.05,62.3,2.0,10.0,0.5429122857666018,True,PUT,2026-11-20,COIN
COIN261120P00240000,240.0,60.15,65.15,69.6,4.0,36.0,0.5414474566650394,True,PUT,2026-11-20,COIN
COIN261120P00250000,250.0,75.58,73.85,77.25,5.0,16.0,0.5501753967285157,True,PUT,2026-11-20,COIN
COIN261218C00140000,140.0,109.98,75.55,78.85,1.0,36.0,0.7074919387817383,True,CALL,2026-12-18,COIN
COIN261218C00145000,145.0,111.02,72.8,76.95,6.0,20.0,0.716097809753418,True,CALL,2026-12-18,COIN
COIN261218C00150000,150.0,73.0,71.35,73.0,13.0,237.0,0.715548498840332,True,CALL,2026-12-18,COIN
COIN261218C00155000,155.0,104.12,67.85,70.9,3.0,50.0,0.711642287902832,True,CALL,2026-12-18,COIN
COIN261218C00160000,160.0,66.0,64.65,69.1,2.0,181.0,0.7113981497192383,True,CALL,2026-12-18,COIN
COIN261218C00165000,165.0,63.0,61.65,64.35,3.0,67.0,0.6874115731811524,True,CALL,2026-12-18,COIN
COIN261218C00170000,170.0,69.6,59.1,62.45,6.0,54.0,0.6892426095581056,True,CALL,2026-12-18,COIN
COIN261218C00175000,175.0,98.0,57.35,58.75,1.0,82.0,0.6819184640502932,True,CALL,2026-12-18,COIN
COIN261218C00180000,180.0,54.49,54.1,56.3,202.0,43.0,0.6716951776123048,True,CALL,2026-12-18,COIN
COIN261218C00185000,185.0,79.4,51.25,55.1,5.0,137.0,0.6727937994384767,True,CALL,2026-12-18,COIN
COIN261218C00190000,190.0,53.0,50.7,52.55,3.0,83.0,0.679538116760254,True,CALL,2026-12-18,COIN
COIN261218C00195000,195.0,47.43,47.1,49.75,6.0,135.0,0.6613498220825197,True,CALL,2026-12-18,COIN
COIN261218C00200000,200.0,47.05,45.0,49.3,13.0,1291.0,0.6697115548706055,False,CALL,2026-12-18,COIN
COIN261218C00210000,210.0,40.85,41.5,45.25,24.0,236.0,0.6659274130249025,False,CALL,2026-12-18,COIN
COIN261218C00220000,220.0,39.47,37.4,40.45,2.0,155.0,0.6492344647216797,False,CALL,2026-12-18,COIN
COIN261218C00230000,230.0,35.94,35.1,36.65,27.0,116.0,0.6482884292602539,False,CALL,2026-12-18,COIN
COIN261218C00240000,240.0,33.06,31.25,34.65,2.0,300.0,0.645786012878418,False,CALL,2026-12-18,COIN
COIN261218C00250000,250.0,29.94,28.75,31.55,26.0,602.0,0.6419103192138673,False,CALL,2026-12-18,COIN
COIN261218P00140000,140.0,16.5,14.6,17.05,7.0,251.0,0.6055337298583985,False,PUT,2026-12-18,COIN
COIN261218P00145000,145.0,13.9,17.85,19.65,3.0,1156.0,0.623752541809082,False,PUT,2026-12-18,COIN
COIN261218P00150000,150.0,20.45,19.8,20.85,30.0,677.0,0.613956497192383,False,PUT,2026-12-18,COIN
COIN261218P00155000,155.0,22.3,20.85,24.25,1.0,312.0,0.6142006353759766,False,PUT,2026-12-18,COIN
COIN261218P00160000,160.0,24.29,22.5,25.0,4.0,477.0,0.5955240643310546,False,PUT,2026-12-18,COIN
COIN261218P00165000,165.0,26.36,26.0,28.5,1.0,160.0,0.6134377035522461,False,PUT,2026-12-18,COIN
COIN261218P00170000,170.0,25.05,27.95,30.25,3.0,202.0,0.602787175292969,False,PUT,2026-12-18,COIN
COIN261218P00175000,175.0,25.0,30.4,31.75,12.0,327.0,0.5930216479492189,False,PUT,2026-12-18,COIN
COIN261218P00180000,180.0,31.6,33.1,34.4,3.0,574.0,0.5926554406738282,False,PUT,2026-12-18,COIN
COIN261218P00185000,185.0,35.93,33.6,37.05,5.0,226.0,0.5748333532714844,False,PUT,2026-12-18,COIN
COIN261218P00190000,190.0,38.28,36.75,39.3,13.0,272.0,0.5723767127990724,False,PUT,2026-12-18,COIN
COIN261218P00195000,195.0,41.05,41.0,42.35,78.0,289.0,0.5820659469604492,False,PUT,2026-12-18,COIN
COIN261218P00200000,200.0,43.41,43.45,45.5,27.0,926.0,0.578403874206543,True,PUT,2026-12-18,COIN
COIN261218P00210000,210.0,47.78,49.1,51.2,2.0,321.0,0.5687451573181153,True,PUT,2026-12-18,COIN
COIN261218P00220000,220.0,56.3,55.65,57.2,4.0,725.0,0.5630536859130859,True,PUT,2026-12-18,COIN
COIN261218P00230000,230.0,63.65,60.8,63.8,16.0,1021.0,0.5478255667114259,True,PUT,2026-12-18,COIN
COIN261218P00240000,240.0,69.34,68.55,70.85,9.0,552.0,0.5494429821777345,True,PUT,2026-12-18,COIN
COIN261218P00250000,250.0,75.0,75.05,77.95,4.0,567.0,0.5391281439208986,True,PUT,2026-12-18,COIN
COIN270115C00140000,140.0,80.74,78.35,80.35,5.0,45.0,0.7183866052246093,True,CALL,2027-01-15,COIN
COIN270115C00145000,145.0,76.5,75.15,79.2,1.0,150.0,0.7276638562011719,True,CALL,2027-01-15,COIN
COIN270115C00150000,150.0,74.65,71.95,75.65,40.0,424.0,0.7141752215576171,True,CALL,2027-01-15,COIN
COIN270115C00155000,155.0,85.25,69.85,73.5,1.0,83.0,0.7206448834228516,True,CALL,2027-01-15,COIN
COIN270115C00160000,160.0,78.67,65.65,69.8,1.0,52.0,0.6960784786987305,True,CALL,2027-01-15,COIN
COIN270115C00165000,165.0,70.0,63.5,67.55,3.0,60.0,0.6986724468994141,True,CALL,2027-01-15,COIN
COIN270115C00170000,170.0,62.54,60.95,63.1,4.0,114.0,0.6801484622192384,True,CALL,2027-01-15,COIN
COIN270115C00175000,175.0,62.48,58.6,62.15,5.0,95.0,0.6885407122802736,True,CALL,2027-01-15,COIN
COIN270115C00180000,180.0,58.0,56.45,59.05,7.0,189.0,0.6812776013183595,True,CALL,2027-01-15,COIN
COIN270115C00185000,185.0,57.1,54.6,55.9,6.0,41.0,0.6748994912719729,True,CALL,2027-01-15,COIN
COIN270115C00190000,190.0,53.6,52.0,53.25,6.0,143.0,0.6658968957519533,True,CALL,2027-01-15,COIN
COIN270115C00195000,195.0,52.05,49.8,51.7,15.0,109.0,0.6664462066650394,True,CALL,2027-01-15,COIN
COIN270115C00200000,200.0,49.8,48.6,49.6,80.0,2386.0,0.6690096575927735,False,CALL,2027-01-15,COIN
COIN270115C00210000,210.0,45.0,43.45,46.35,17.0,310.0,0.659183095703125,False,CALL,2027-01-15,COIN
COIN270115C00220000,220.0,41.82,40.8,42.25,26.0,216.0,0.6569858520507813,False,CALL,2027-01-15,COIN
COIN270115C00230000,230.0,37.91,37.85,39.8,21.0,222.0,0.6604343038940431,False,CALL,2027-01-15,COIN
COIN270115C00240000,240.0,36.2,33.7,36.1,54.0,567.0,0.6449315292358399,False,CALL,2027-01-15,COIN
COIN270115C00250000,250.0,32.5,31.9,32.8,140.0,1164.0,0.6445653219604492,False,CALL,2027-01-15,COIN
COIN270115P00140000,140.0,17.6,17.5,18.25,2.0,428.0,0.6198158135986329,False,PUT,2027-01-15,COIN
COIN270115P00145000,145.0,19.65,19.3,20.05,3.0,446.0,0.6150856362915039,False,PUT,2027-01-15,COIN
COIN270115P00150000,150.0,21.65,21.25,21.85,39.0,1322.0,0.6101418380737306,False,PUT,2027-01-15,COIN
COIN270115P00155000,155.0,18.71,23.05,24.25,7.0,183.0,0.6075173526000978,False,PUT,2027-01-15,COIN
COIN270115P00160000,160.0,25.0,24.4,26.25,59.0,763.0,0.5965616516113281,False,PUT,2027-01-15,COIN
COIN270115P00165000,165.0,25.52,26.0,28.2,10.0,193.0,0.586216296081543,False,PUT,2027-01-15,COIN
COIN270115P00170000,170.0,30.5,29.85,30.9,4.0,907.0,0.5974771697998047,False,PUT,2027-01-15,COIN
COIN270115P00175000,175.0,32.0,31.5,33.3,3.0,679.0,0.5883525051879883,False,PUT,2027-01-15,COIN
COIN270115P00180000,180.0,34.5,33.5,36.35,20.0,1147.0,0.5854228469848632,False,PUT,2027-01-15,COIN
COIN270115P00185000,185.0,34.75,35.6,38.8,2.0,263.0,0.5777630114746093,False,PUT,2027-01-15,COIN
COIN270115P00190000,190.0,40.0,39.9,41.3,2.0,383.0,0.5845988806152342,False,PUT,2027-01-15,COIN
COIN270115P00195000,195.0,38.65,42.45,43.9,4.0,224.0,0.5788005987548828,False,PUT,2027-01-15,COIN
COIN270115P00200000,200.0,46.0,45.35,46.75,42.0,4824.0,0.5760235269165038,True,PUT,2027-01-15,COIN
COIN270115P00210000,210.0,44.4,51.3,52.4,12.0,470.0,0.5680280014038085,True,PUT,2027-01-15,COIN
COIN270115P00220000,220.0,57.75,57.3,58.65,9.0,827.0,0.5603986831665039,True,PUT,2027-01-15,COIN
COIN270115P00230000,230.0,63.6,64.2,65.25,7.0,2773.0,0.5571638522338869,True,PUT,2027-01-15,COIN
COIN270115P00240000,240.0,69.25,70.55,71.8,2.0,1732.0,0.5464828067016602,True,PUT,2027-01-15,COIN
COIN270115P00250000,250.0,78.31,76.1,79.15,30.0,2329.0,0.532231240234375,True,PUT,2027-01-15,COIN
COIN270521C00150000,150.0,97.81,78.2,81.25,5.0,5.0,0.6994048614501953,True,CALL,2027-05-21,COIN
COIN270521C00175000,175.0,68.5,65.9,68.8,1.0,2.0,0.6800569104003908,True,CALL,2027-05-21,COIN
COIN270521C00180000,180.0,82.71,64.8,67.8,1.0,1.0,0.6918976123046876,True,CALL,2027-05-21,COIN
COIN270521C00190000,190.0,77.83,60.75,62.25,1.0,1.0,0.6788819953918459,True,CALL,2027-05-21,COIN
COIN270521C00195000,195.0,61.35,58.6,61.25,8.0,12.0,0.6814607049560548,True,CALL,2027-05-21,COIN
COIN270521C00200000,200.0,57.75,56.75,59.1,9.0,24.0,0.6781953567504884,False,CALL,2027-05-21,COIN
COIN270521C00220000,220.0,51.27,48.9,52.5,7.0,154.0,0.6681093980407715,False,CALL,2027-05-21,COIN
COIN270521C00230000,230.0,64.55,46.35,47.9,,8.0,0.6601443898010255,False,CALL,2027-05-21,COIN
COIN270521C00240000,240.0,45.67,42.0,44.9,1.0,12.0,0.6490513610839843,False,CALL,2027-05-21,COIN
COIN270521C00250000,250.0,41.78,40.4,43.05,2.0,10.0,0.6578708529663085,False,CALL,2027-05-21,COIN
COIN270521P00150000,150.0,26.9,25.2,27.35,1.0,19.0,0.5930216479492189,False,PUT,2027-05-21,COIN
COIN270521P00160000,160.0,30.95,29.45,31.8,1.0,35.0,0.584568363342285,False,PUT,2027-05-21,COIN
COIN270521P00170000,170.0,36.06,35.75,37.35,3.0,7.0,0.5926706993103028,False,PUT,2027-05-21,COIN
COIN270521P00180000,180.0,41.12,39.35,41.55,4.0,4.0,0.5705914523315431,False,PUT,2027-05-21,COIN
COIN270521P00185000,185.0,43.23,43.3,44.7,1.0,2.0,0.5781902532958985,False,PUT,2027-05-21,COIN
COIN270521P00190000,190.0,41.0,46.05,47.2,3.0,261.0,0.5734905932617188,False,PUT,2027-05-21,COIN
COIN270521P00195000,195.0,43.28,49.05,50.05,1.0,0.0,0.5715680050659181,False,PUT,2027-05-21,COIN
COIN270521P00200000,200.0,50.35,50.4,53.35,4.0,410.0,0.5618329949951173,True,PUT,2027-05-21,COIN
COIN270521P00210000,210.0,58.31,54.9,58.75,2.0,377.0,0.5439803903198243,True,PUT,2027-05-21,COIN
COIN270521P00220000,220.0,57.45,62.95,65.85,2.0,8.0,0.5531050549316407,True,PUT,2027-05-21,COIN
COIN270521P00230000,230.0,64.08,70.4,71.9,1.0,19.0,0.5499922930908205,True,PUT,2027-05-21,COIN
COIN270521P00240000,240.0,67.5,77.05,79.3,2.0,2.0,0.5473372903442384,True,PUT,2027-05-21,COIN
COIN270521P00250000,250.0,83.75,83.95,86.9,1.0,3.0,0.5448043566894532,True,PUT,2027-05-21,COIN
COIN271217C00140000,140.0,106.15,91.25,98.95,1.0,18.0,0.7199124688720704,True,CALL,2027-12-17,COIN
COIN271217C00145000,145.0,141.8,90.75,93.95,1.0,22.0,0.7123594438171388,True,CALL,2027-12-17,COIN
COIN271217C00150000,150.0,115.0,87.2,92.7,1.0,50.0,0.7087278883361816,True,CALL,2027-12-17,COIN
COIN271217C00155000,155.0,99.65,86.3,88.85,2.0,22.0,0.7047759014892578,True,CALL,2027-12-17,COIN
COIN271217C00160000,160.0,93.0,84.2,88.05,1.0,97.0,0.7112150460815431,True,CALL,2027-12-17,COIN
COIN271217C00165000,165.0,92.43,80.3,84.25,1.0,31.0,0.6888764022827151,True,CALL,2027-12-17,COIN
COIN271217C00170000,170.0,89.78,80.05,82.5,3.0,26.0,0.6990539128112794,True,CALL,2027-12-17,COIN
COIN271217C00175000,175.0,94.46,75.9,80.3,4.0,36.0,0.6840241558837892,True,CALL,2027-12-17,COIN
COIN271217C00180000,180.0,76.75,75.5,79.25,4.0,57.0,0.6956817541503908,True,CALL,2027-12-17,COIN
COIN271217C00185000,185.0,74.45,73.45,77.1,1.0,12.0,0.6915771809387208,True,CALL,2027-12-17,COIN
COIN271217C00190000,190.0,89.11,70.8,75.45,1.0,77.0,0.6865265722656251,True,CALL,2027-12-17,COIN
COIN271217C00195000,195.0,71.62,68.6,74.45,3.0,27.0,0.6868317449951173,True,CALL,2027-12-17,COIN
COIN271217C00200000,200.0,72.63,67.45,71.75,3.0,119.0,0.683291741333008,False,CALL,2027-12-17,COIN
COIN271217C00210000,210.0,67.58,64.65,66.65,3.0,94.0,0.6740450076293948,False,CALL,2027-12-17,COIN
COIN271217C00220000,220.0,63.77,61.2,63.5,8.0,53.0,0.6698183653259278,False,CALL,2027-12-17,COIN
COIN271217C00230000,230.0,67.0,58.0,61.55,3.0,73.0,0.6711611253356935,False,CALL,2027-12-17,COIN
COIN271217C00240000,240.0,57.9,55.25,58.35,6.0,78.0,0.6671481039428714,False,CALL,2027-12-17,COIN
COIN271217C00250000,250.0,54.97,52.55,56.0,114.0,363.0,0.6661410339355471,False,CALL,2027-12-17,COIN
COIN271217P00140000,140.0,29.25,26.95,29.75,10.0,914.0,0.581486118774414,False,PUT,2027-12-17,COIN
COIN271217P00145000,145.0,31.36,30.4,32.05,2.0,27.0,0.5862620719909668,False,PUT,2027-12-17,COIN
COIN271217P00150000,150.0,33.96,33.05,34.45,2.0,169.0,0.5853923297119141,False,PUT,2027-12-17,COIN
COIN271217P00155000,155.0,31.7,35.65,37.05,1.0,27.0,0.5845073287963867,False,PUT,2027-12-17,COIN
COIN271217P00160000,160.0,38.33,38.0,39.3,2.0,86.0,0.5792888751220704,False,PUT,2027-12-17,COIN
COIN271217P00165000,165.0,40.57,40.45,42.2,6.0,38.0,0.5776714596557617,False,PUT,2027-12-17,COIN
COIN271217P00170000,170.0,39.6,43.1,45.75,2.0,97.0,0.5799755137634277,False,PUT,2027-12-17,COIN
COIN271217P00175000,175.0,45.68,45.7,47.35,2.0,793.0,0.5706372282409669,False,PUT,2027-12-17,COIN
COIN271217P00180000,180.0,48.85,48.4,49.7,2.0,151.0,0.5654187745666506,False,PUT,2027-12-17,COIN
COIN271217P00185000,185.0,51.06,50.85,52.65,5.0,43.0,0.5614973049926758,False,PUT,2027-12-17,COIN
COIN271217P00190000,190.0,54.57,53.8,55.3,3.0,188.0,0.5580335945129395,False,PUT,2027-12-17,COIN
COIN271217P00195000,195.0,52.53,56.85,59.15,1.0,63.0,0.56055126953125,False,PUT,2027-12-17,COIN
COIN271217P00200000,200.0,60.82,59.6,61.25,102.0,239.0,0.5522200540161133,True,PUT,2027-12-17,COIN
COIN271217P00210000,210.0,65.15,64.25,67.75,4.0,105.0,0.5414474566650394,True,PUT,2027-12-17,COIN
COIN271217P00220000,220.0,73.05,70.75,73.95,3.0,242.0,0.536259520263672,True,PUT,2027-12-17,COIN
COIN271217P00230000,230.0,80.13,78.5,80.25,4.0,81.0,0.5355423643493653,True,PUT,2027-12-17,COIN
COIN271217P00240000,240.0,85.41,85.2,87.05,1.0,663.0,0.5304154624938966,True,PUT,2027-12-17,COIN
COIN271217P00250000,250.0,92.78,92.05,95.75,4.0,621.0,0.5331467584228515,True,PUT,2027-12-17,COIN
COIN280121C00140000,140.0,160.0,0.0,150.55,1.0,41.0,1.544680010986328,True,CALL,2028-01-21,COIN
COIN280121C00145000,145.0,119.52,91.55,95.75,2.0,12.0,0.7111540115356446,True,CALL,2028-01-21,COIN
COIN280121C00150000,150.0,115.36,89.2,94.2,1.0,31.0,0.7126493579101563,True,CALL,2028-01-21,COIN
COIN280121C00155000,155.0,99.62,87.85,91.75,2.0,22.0,0.713915824737549,True,CALL,2028-01-21,COIN
COIN280121C00160000,160.0,141.75,84.65,89.75,2.0,24.0,0.706255989227295,True,CALL,2028-01-21,COIN
COIN280121C00165000,165.0,108.91,83.65,87.25,2.0,16.0,0.7079191806030273,True,CALL,2028-01-21,COIN
COIN280121C00170000,170.0,93.88,81.65,85.2,1.0,32.0,0.7057982301330568,True,CALL,2028-01-21,COIN
COIN280121C00175000,175.0,128.75,79.3,83.75,2.0,18.0,0.7045317633056642,True,CALL,2028-01-21,COIN
COIN280121C00180000,180.0,89.0,76.35,80.75,1.0,24.0,0.691180456390381,True,CALL,2028-01-21,COIN
COIN280121C00185000,185.0,87.41,73.6,78.2,4.0,28.0,0.6811860494995119,True,CALL,2028-01-21,COIN
COIN280121C00190000,190.0,74.68,73.25,78.1,1.0,16.0,0.6961242546081543,True,CALL,2028-01-21,COIN
COIN280121C00195000,195.0,72.8,71.1,74.05,4.0,77.0,0.680713031768799,True,CALL,2028-01-21,COIN
COIN280121C00200000,200.0,72.8,70.0,73.2,27.0,236.0,0.6866944172668459,False,CALL,2028-01-21,COIN
COIN280121C00210000,210.0,67.92,64.65,69.9,14.0,48.0,0.6734651794433595,False,CALL,2028-01-21,COIN
COIN280121C00220000,220.0,65.87,62.5,66.5,4.0,35.0,0.6741060421752932,False,CALL,2028-01-21,COIN
COIN280121C00230000,230.0,62.68,59.2,64.0,4.0,80.0,0.6720308676147463,False,CALL,2028-01-21,COIN
COIN280121C00240000,240.0,59.49,56.25,60.25,3.0,75.0,0.6643710321044924,False,CALL,2028-01-21,COIN
COIN280121C00250000,250.0,56.55,53.35,56.6,20.0,219.0,0.6562839547729493,False,CALL,2028-01-21,COIN
COIN280121P00140000,140.0,29.96,28.05,31.45,3.0,294.0,0.5850718983459473,False,PUT,2028-01-21,COIN
COIN280121P00145000,145.0,32.41,30.7,33.1,4.0,4.0,0.580204393310547,False,PUT,2028-01-21,COIN
COIN280121P00150000,150.0,34.75,34.3,35.7,4.0,82.0,0.5859568992614745,False,PUT,2028-01-21,COIN
COIN280121P00155000,155.0,36.13,36.7,37.65,1.0,59.0,0.5797466342163086,False,PUT,2028-01-21,COIN
COIN280121P00160000,160.0,34.95,37.75,40.2,2.0,33.0,0.5687604159545899,False,PUT,2028-01-21,COIN
COIN280121P00165000,165.0,41.8,40.1,42.85,1.0,26.0,0.5651593777465821,False,PUT,2028-01-21,COIN
COIN280121P00170000,170.0,39.01,44.4,45.35,1.0,145.0,0.5706067109680177,False,PUT,2028-01-21,COIN
COIN280121P00175000,175.0,40.65,46.9,48.1,1.0,21.0,0.5669141209411621,False,PUT,2028-01-21,COIN
COIN280121P00180000,180.0,42.9,49.1,50.95,2.0,20.0,0.5616193740844727,False,PUT,2028-01-21,COIN
COIN280121P00185000,185.0,42.1,50.9,53.75,1.0,169.0,0.5535628140258789,False,PUT,2028-01-21,COIN
COIN280121P00190000,190.0,55.75,53.75,56.65,3.0,14.0,0.5508315180969239,False,PUT,2028-01-21,COIN
COIN280121P00195000,195.0,58.05,57.75,60.25,1.0,68.0,0.5566450585937501,False,PUT,2028-01-21,COIN
COIN280121P00200000,200.0,61.5,61.2,62.2,5.0,211.0,0.551060397644043,True,PUT,2028-01-21,COIN
COIN280121P00210000,210.0,61.6,65.55,68.2,30.0,375.0,0.5364578825378419,True,PUT,2028-01-21,COIN
COIN280121P00220000,220.0,73.8,72.1,74.85,1.0,135.0,0.5335892588806153,True,PUT,2028-01-21,COIN
COIN280121P00230000,230.0,69.64,78.85,81.45,2.0,33.0,0.5295609788513185,True,PUT,2028-01-21,COIN
COIN280121P00240000,240.0,87.15,86.45,89.65,1.0,175.0,0.5349930534362792,True,PUT,2028-01-21,COIN
COIN280121P00250000,250.0,92.7,92.0,95.5,1.0,134.0,0.5187426055908204,True,PUT,2028-01-21,COIN
COIN280616C00140000,140.0,145.93,99.0,103.5,2.0,8.0,0.7129545306396485,True,CALL,2028-06-16,COIN
COIN280616C00150000,150.0,96.8,94.35,99.75,2.0,19.0,0.7097044410705566,True,CALL,2028-06-16,COIN
COIN280616C00155000,155.0,138.05,92.45,98.55,1.0,1.0,0.7133207379150392,True,CALL,2028-06-16,COIN
COIN280616C00160000,160.0,141.73,89.75,95.0,1.0,3.0,0.6991302059936525,True,CALL,2028-06-16,COIN
COIN280616C00165000,165.0,118.25,88.5,92.3,6.0,0.0,0.6971313246154787,True,CALL,2028-06-16,COIN
COIN280616C00170000,170.0,100.55,87.15,91.95,3.0,1.0,0.7063627996826172,True,CALL,2028-06-16,COIN
COIN280616C00175000,175.0,127.25,85.0,89.55,1.0,3.0,0.7002135691833495,True,CALL,2028-06-16,COIN
COIN280616C00180000,180.0,112.35,83.15,87.75,3.0,18.0,0.6983062396240236,True,CALL,2028-06-16,COIN
COIN280616C00185000,185.0,99.76,81.0,85.15,3.0,7.0,0.690600628204346,True,CALL,2028-06-16,COIN
COIN280616C00190000,190.0,108.4,79.85,82.85,1.0,2.0,0.6889832127380373,True,CALL,2028-06-16,COIN
COIN280616C00195000,195.0,81.23,77.5,81.6,1.0,2.0,0.6862824340820313,True,CALL,2028-06-16,COIN
COIN280616C00200000,200.0,80.0,75.6,79.0,3.0,47.0,0.6790345817565919,False,CALL,2028-06-16,COIN
COIN280616C00210000,210.0,78.5,72.45,75.7,3.0,14.0,0.6756471644592288,False,CALL,2028-06-16,COIN
COIN280616C00220000,220.0,72.0,69.0,73.25,7.0,15.0,0.6734956967163087,False,CALL,2028-06-16,COIN
COIN280616C00230000,230.0,77.0,67.1,70.8,3.0,30.0,0.6770204417419434,False,CALL,2028-06-16,COIN
COIN280616C00240000,240.0,66.17,63.6,68.05,2.0,45.0,0.6709932803344728,False,CALL,2028-06-16,COIN
COIN280616C00250000,250.0,66.38,61.6,65.0,3.0,80.0,0.6692232785034181,False,CALL,2028-06-16,COIN
COIN280616P00140000,140.0,30.69,33.0,34.35,1.0,21.0,0.5789531851196289,False,PUT,2028-06-16,COIN
COIN280616P00145000,145.0,29.06,33.2,36.6,2.0,31.0,0.562626444091797,False,PUT,2028-06-16,COIN
COIN280616P00150000,150.0,34.89,37.65,40.5,1.0,207.0,0.5786174951171875,False,PUT,2028-06-16,COIN
COIN280616P00155000,155.0,40.55,38.15,41.5,1.0,1.0,0.5565535067749025,False,PUT,2028-06-16,COIN
COIN280616P00160000,160.0,38.15,42.75,44.45,2.0,14.0,0.5661969650268556,False,PUT,2028-06-16,COIN
COIN280616P00165000,165.0,39.25,45.35,47.1,2.0,100.0,0.5630231686401368,False,PUT,2028-06-16,COIN
COIN280616P00170000,170.0,48.35,48.1,49.6,1.0,16.0,0.5593305786132813,False,PUT,2028-06-16,COIN
COIN280616P00175000,175.0,38.5,50.5,52.15,1.0,2.0,0.5537001417541505,False,PUT,2028-06-16,COIN
COIN280616P00180000,180.0,53.4,51.95,55.25,2.0,11.0,0.5457809094238282,False,PUT,2028-06-16,COIN
COIN280616P00185000,185.0,45.75,55.9,58.3,1.0,7.0,0.549000481719971,False,PUT,2028-06-16,COIN
COIN280616P00190000,190.0,60.0,57.5,60.9,1.0,7.0,0.5387009020996094,False,PUT,2028-06-16,COIN
COIN280616P00195000,195.0,58.22,62.05,64.1,21.0,137.0,0.5442397871398927,False,PUT,2028-06-16,COIN
COIN280616P00200000,200.0,66.05,65.15,68.05,8.0,47.0,0.5460097889709474,True,PUT,2028-06-16,COIN
COIN280616P00210000,210.0,66.3,69.75,73.2,2.0,402.0,0.5289964093017578,True,PUT,2028-06-16,COIN
COIN280616P00220000,220.0,70.22,76.2,81.2,1.0,155.0,0.5310715838623048,True,PUT,2028-06-16,COIN
COIN280616P00230000,230.0,76.55,84.2,86.05,1.0,13.0,0.524693473815918,True,PUT,2028-06-16,COIN
COIN280616P00240000,240.0,74.45,89.35,93.25,2.0,8.0,0.5148821705627442,True,PUT,2028-06-16,COIN
COIN280616P00250000,250.0,95.0,95.1,100.6,2.0,154.0,0.5069476795959473,True,PUT,2028-06-16,COIN
COIN281215C00140000,140.0,125.0,104.45,110.25,2.0,2.0,0.715395912475586,True,CALL,2028-12-15,COIN
COIN281215C00150000,150.0,103.9,100.55,104.75,4.0,6.0,0.7037535728454589,True,CALL,2028-12-15,COIN
COIN281215C00160000,160.0,110.02,97.4,102.6,3.0,13.0,0.7118101329040527,True,CALL,2028-12-15,COIN
COIN281215C00165000,165.0,106.15,96.1,100.75,1.0,2.0,0.7124052197265626,True,CALL,2028-12-15,COIN
COIN281215C00170000,170.0,96.45,93.1,97.9,5.0,32.0,0.6993743441772461,True,CALL,2028-12-15,COIN
COIN281215C00175000,175.0,130.12,90.5,96.85,,1.0,0.6969329623413086,True,CALL,2028-12-15,COIN
COIN281215C00180000,180.0,94.5,88.5,93.25,1.0,9.0,0.6850464845275879,True,CALL,2028-12-15,COIN
COIN281215C00185000,185.0,129.25,86.8,92.75,,1.0,0.688800109100342,True,CALL,2028-12-15,COIN
COIN281215C00190000,190.0,111.45,86.5,92.75,1.0,3.0,0.7007476214599608,True,CALL,2028-12-15,COIN
COIN281215C00200000,200.0,85.0,83.1,87.9,5.0,39.0,0.6887848504638674,False,CALL,2028-12-15,COIN
COIN281215C00210000,210.0,81.54,78.7,84.25,1.0,14.0,0.6770967349243165,False,CALL,2028-12-15,COIN
COIN281215C00220000,220.0,79.3,77.5,80.75,8.0,11.0,0.6788972540283205,False,CALL,2028-12-15,COIN
COIN281215C00230000,230.0,75.25,74.75,76.95,3.0,15.0,0.6719545744323732,False,CALL,2028-12-15,COIN
COIN281215C00240000,240.0,73.05,72.5,75.6,21.0,19.0,0.6762727685546877,False,CALL,2028-12-15,COIN
COIN281215C00250000,250.0,71.8,69.15,73.35,14.0,47.0,0.6715731085205079,False,CALL,2028-12-15,COIN
COIN281215P00140000,140.0,29.12,35.2,37.85,1.0,4.0,0.5567366104125978,False,PUT,2028-12-15,COIN
COIN281215P00150000,150.0,42.0,41.6,42.75,6.0,55.0,0.557194369506836,False,PUT,2028-12-15,COIN
COIN281215P00155000,155.0,43.23,41.9,45.6,1.0,3.0,0.5441940112304688,False,PUT,2028-12-15,COIN
COIN281215P00160000,160.0,47.0,44.25,48.75,20.0,2.0,0.5423629748535157,False,PUT,2028-12-15,COIN
COIN281215P00165000,165.0,48.63,48.9,51.25,3.0,4.0,0.5476729803466798,False,PUT,2028-12-15,COIN
COIN281215P00170000,170.0,50.47,48.95,56.95,2.0,3.0,0.5458266853332521,False,PUT,2028-12-15,COIN
COIN281215P00175000,175.0,50.58,53.15,57.8,4.0,6.0,0.5403793521118166,False,PUT,2028-12-15,COIN
COIN281215P00180000,180.0,56.75,56.75,59.35,1.0,4.0,0.5350540879821777,False,PUT,2028-12-15,COIN
COIN281215P00185000,185.0,60.0,59.75,63.05,10.0,15.0,0.5361069338989258,False,PUT,2028-12-15,COIN
COIN281215P00190000,190.0,62.03,61.7,64.95,11.0,14.0,0.5245714047241211,False,PUT,2028-12-15,COIN
COIN281215P00195000,195.0,67.2,63.0,68.85,9.0,2.0,0.5185900192260743,False,PUT,2028-12-15,COIN
COIN281215P00200000,200.0,70.5,69.05,71.7,73.0,135.0,0.5275315802001954,True,PUT,2028-12-15,COIN
COIN281215P00210000,210.0,76.14,73.25,78.5,111.0,16.0,0.5162554478454588,True,PUT,2028-12-15,COIN
COIN281215P00220000,220.0,79.53,80.5,84.5,1.0,5.0,0.5128222546386718,True,PUT,2028-12-15,COIN
COIN281215P00230000,230.0,89.29,88.45,92.75,11.0,16.0,0.5195818305969238,True,PUT,2028-12-15,COIN
COIN281215P00240000,240.0,96.35,92.0,101.0,3.0,16.0,0.5080157841491699,True,PUT,2028-12-15,COIN
COIN281215P00250000,250.0,99.42,101.5,104.7,2.0,8.0,0.5008594836425782,True,PUT,2028-12-15,COIN
COLD260220C00010000,10.0,3.2,2.35,2.85,10.0,29.0,0.9414068359375,True,CALL,2026-02-20,COLD
COLD260220C00012500,12.5,0.65,0.55,0.65,4.0,659.0,0.5488326367187502,False,CALL,2026-02-20,COLD
COLD260220C00015000,15.0,0.05,0.0,0.1,106.0,2376.0,0.51562984375,False,CALL,2026-02-20,COLD
COLD260220P00010000,10.0,0.1,0.0,0.05,1.0,42.0,0.570316796875,False,PUT,2026-02-20,COLD
COLD260220P00012500,12.5,0.64,0.6,0.7,25.0,1471.0,0.49219257812500006,True,PUT,2026-02-20,COLD
COLD260220P00015000,15.0,2.6,2.45,3.0,8.0,40.0,0.5273484765625001,True,PUT,2026-02-20,COLD
COLD260320C00012500,12.5,0.89,0.7,1.05,1.0,6.0,0.51758294921875,False,CALL,2026-03-20,COLD
COLD260320C00015000,15.0,0.2,0.0,0.45,2.0,67.0,0.5273484765625001,False,CALL,2026-03-20,COLD
COLD260320P00010000,10.0,0.1,0.0,0.4,40.0,42.0,0.5664105859375,False,PUT,2026-03-20,COLD
COLD260320P00012500,12.5,0.91,0.8,1.0,31.0,227.0,0.49414568359375005,True,PUT,2026-03-20,COLD
COLD260320P00015000,15.0,2.65,2.45,3.1,32.0,123.0,0.676761044921875,True,PUT,2026-03-20,COLD
COLD260417C00010000,10.0,3.21,2.0,3.2,1.0,974.0,0.507817421875,True,CALL,2026-04-17,COLD
COLD260417C00012500,12.5,1.05,0.6,1.05,53.0,2820.0,0.49268085449218757,False,CALL,2026-04-17,COLD
COLD260417C00015000,15.0,0.25,0.15,0.35,24.0,3598.0,0.499028447265625,False,CALL,2026-04-17,COLD
COLD260417P00010000,10.0,0.27,0.2,0.35,2.0,2997.0,0.5117236328125,False,PUT,2026-04-17,COLD
COLD260417P00012500,12.5,1.2,0.9,1.55,5.0,2077.0,0.637698935546875,True,PUT,2026-04-17,COLD
COLD260417P00015000,15.0,2.5,2.4,3.6,5.0,499.0,0.790041162109375,True,PUT,2026-04-17,COLD
COLD260717C00010000,10.0,3.03,2.2,3.4,10.0,101.0,0.6748079394531252,True,CALL,2026-07-17,COLD
COLD260717C00012500,12.5,1.45,1.35,1.5,324.0,1481.0,0.47070841796875,False,CALL,2026-07-17,COLD
COLD260717C00015000,15.0,0.72,0.5,0.7,1.0,1806.0,0.463872548828125,False,CALL,2026-07-17,COLD
COLD260717P00010000,10.0,0.65,0.55,0.7,2.0,359.0,0.5019581054687501,False,PUT,2026-07-17,COLD
COLD260717P00012500,12.5,1.6,1.6,1.8,25.0,1887.0,0.5097705273437501,True,PUT,2026-07-17,COLD
COLD260717P00015000,15.0,2.6,2.9,3.9,250.0,518.0,0.631839619140625,True,PUT,2026-07-17,COLD
COMP260220C00010000,10.0,3.3,2.8,3.7,501.0,1371.0,1.0039112304687499,True,CALL,2026-02-20,COMP
COMP260220C00011000,11.0,2.17,1.95,2.3,21.0,2571.0,0.5546919531250001,True,CALL,2026-02-20,COMP
COMP260220C00012000,12.0,1.3,1.25,1.5,6.0,4617.0,0.59570716796875,True,CALL,2026-02-20,COMP
COMP260220C00013000,13.0,0.78,0.75,0.9,5215.0,20519.0,0.6201209863281252,True,CALL,2026-02-20,COMP
COMP260220C00014000,14.0,0.42,0.35,0.5,15.0,6203.0,0.6054726953125001,False,CALL,2026-02-20,COMP
COMP260220C00015000,15.0,0.19,0.15,0.25,20.0,4707.0,0.6015664843750002,False,CALL,2026-02-20,COMP
COMP260220C00016000,16.0,0.2,0.05,0.2,1.0,3553.0,0.6601596484375001,False,CALL,2026-02-20,COMP
COMP260220P00010000,10.0,0.09,0.0,0.2,10.0,1342.0,0.8007832421875,False,PUT,2026-02-20,COMP
COMP260220P00011000,11.0,0.18,0.05,0.3,41.0,5394.0,0.6835969140625001,False,PUT,2026-02-20,COMP
COMP260220P00012000,12.0,0.38,0.3,0.45,2.0,843.0,0.6289099609375001,False,PUT,2026-02-20,COMP
COMP260220P00013000,13.0,0.75,0.7,0.8,12.0,2854.0,0.5898478515625001,False,PUT,2026-02-20,COMP
COMP260220P00014000,14.0,1.26,0.95,1.7,10.0,162.0,0.5507857421875001,True,PUT,2026-02-20,COMP
COMP260220P00015000,15.0,2.25,1.7,2.45,10.0,11.0,0.87500125,True,PUT,2026-02-20,COMP
COMP260220P00016000,16.0,3.0,2.5,3.4,1.0,1.0,1.013676806640625,True,PUT,2026-02-20,COMP
COMP260320C00010000,10.0,3.4,2.8,3.8,10.0,441.0,0.7226590234375,True,CALL,2026-03-20,COMP
COMP260320C00011000,11.0,2.68,2.1,2.65,2.0,654.0,0.594730615234375,True,CALL,2026-03-20,COMP
COMP260320C00012000,12.0,1.78,1.6,1.9,12.0,1560.0,0.62305064453125,True,CALL,2026-03-20,COMP
COMP260320C00013000,13.0,1.2,1.15,1.25,4.0,2871.0,0.6103554589843752,True,CALL,2026-03-20,COMP
COMP260320C00014000,14.0,0.75,0.7,0.8,80.0,260.0,0.5820354296875,False,CALL,2026-03-20,COMP
COMP260320C00015000,15.0,0.6,0.45,0.5,2.0,1352.0,0.5820354296875,False,CALL,2026-03-20,COMP
COMP260320C00016000,16.0,0.6,0.25,0.35,3.0,483.0,0.58789474609375,False,CALL,2026-03-20,COMP
COMP260320P00010000,10.0,0.45,0.1,0.4,2.0,90.0,0.70898728515625,False,PUT,2026-03-20,COMP
COMP260320P00011000,11.0,0.45,0.35,0.45,22.0,32.0,0.63867548828125,False,PUT,2026-03-20,COMP
COMP260320P00012000,12.0,0.61,0.65,0.75,6.0,856.0,0.614261669921875,False,PUT,2026-03-20,COMP
COMP260320P00013000,13.0,1.05,1.05,1.15,1.0,66.0,0.577152666015625,False,PUT,2026-03-20,COMP
COMP260320P00014000,14.0,1.45,1.6,1.75,2.0,386.0,0.56055126953125,True,PUT,2026-03-20,COMP
COMP260320P00015000,15.0,1.95,2.0,2.7,24.0,23.0,0.5273484765625001,True,PUT,2026-03-20,COMP
COMP260320P00016000,16.0,3.94,2.65,3.5,,1.0,0.74414318359375,True,PUT,2026-03-20,COMP
COMP260515C00010000,10.0,3.65,3.4,3.8,10.0,128.0,0.6748079394531252,True,CALL,2026-05-15,COMP
COMP260515C00011000,11.0,3.3,2.45,3.3,1.0,750.0,0.6455113574218749,True,CALL,2026-05-15,COMP
COMP260515C00012000,12.0,2.7,2.05,2.5,31.0,596.0,0.6347692773437501,True,CALL,2026-05-15,COMP
COMP260515C00013000,13.0,1.7,1.7,1.8,1.0,445.0,0.6191444335937502,True,CALL,2026-05-15,COMP
COMP260515C00014000,14.0,1.45,1.25,1.35,27.0,1995.0,0.5986368261718751,False,CALL,2026-05-15,COMP
COMP260515C00015000,15.0,0.95,0.9,1.05,2.0,2866.0,0.5942423388671876,False,CALL,2026-05-15,COMP
COMP260515C00016000,16.0,0.7,0.7,0.8,146.0,11113.0,0.6015664843750002,False,CALL,2026-05-15,COMP
COMP260515P00010000,10.0,0.55,0.35,0.75,1.0,300.0,0.6669955175781253,False,PUT,2026-05-15,COMP
COMP260515P00011000,11.0,0.55,0.7,0.85,122.0,298.0,0.6167030517578126,False,PUT,2026-05-15,COMP
COMP260515P00012000,12.0,1.1,1.0,1.15,99.0,238.0,0.5712933496093751,False,PUT,2026-05-15,COMP
COMP260515P00013000,13.0,1.45,1.5,1.65,6.0,28.0,0.56836369140625,False,PUT,2026-05-15,COMP
COMP260515P00014000,14.0,2.08,2.1,2.25,1.0,8.0,0.5668988623046876,True,PUT,2026-05-15,COMP
COMP260515P00015000,15.0,2.8,2.75,3.1,3.0,9.0,0.5888712988281251,True,PUT,2026-05-15,COMP
COMP260618C00010000,10.0,3.97,3.4,4.3,1.0,20.0,0.700198310546875,True,CALL,2026-06-18,COMP
COMP260618C00011000,11.0,3.26,2.65,3.5,6.0,227.0,0.6381872119140625,True,CALL,2026-06-18,COMP
COMP260618C00012000,12.0,2.6,2.1,2.95,1.0,1317.0,0.6372106591796876,True,CALL,2026-06-18,COMP
COMP260618C00013000,13.0,2.09,1.9,2.1,1.0,684.0,0.6181678808593751,True,CALL,2026-06-18,COMP
COMP260618C00014000,14.0,1.55,1.55,1.65,2.0,67.0,0.614261669921875,False,CALL,2026-06-18,COMP
COMP260618C00015000,15.0,1.3,1.2,1.35,3.0,494.0,0.6127968408203126,False,CALL,2026-06-18,COMP
COMP260618C00016000,16.0,1.1,0.95,1.1,1.0,2767.0,0.6162147753906251,False,CALL,2026-06-18,COMP
COMP260618P00010000,10.0,0.6,0.6,0.65,6.0,87.0,0.6152382226562501,False,PUT,2026-06-18,COMP
COMP260618P00011000,11.0,0.9,0.85,0.95,1.0,71.0,0.5854533642578125,False,PUT,2026-06-18,COMP
COMP260618P00012000,12.0,1.3,1.3,1.45,1.0,428.0,0.5986368261718751,False,PUT,2026-06-18,COMP
COMP260618P00013000,13.0,1.7,1.75,1.95,1.0,34.0,0.5820354296875,False,PUT,2026-06-18,COMP
COMP260618P00014000,14.0,2.3,2.3,2.6,1.0,13.0,0.579105771484375,True,PUT,2026-06-18,COMP
COMP260618P00015000,15.0,3.3,2.9,3.2,,2.0,0.55273884765625,True,PUT,2026-06-18,COMP
COMP260821C00010000,10.0,3.74,3.6,4.6,4.0,7.0,0.6689486230468751,True,CALL,2026-08-21,COMP
COMP260821C00011000,11.0,3.4,3.0,4.0,5.0,5.0,0.6601596484375001,True,CALL,2026-08-21,COMP
COMP260821C00012000,12.0,3.1,2.45,3.4,66.0,228.0,0.6401403173828125,True,CALL,2026-08-21,COMP
COMP260821C00013000,13.0,2.38,2.25,2.5,67.0,576.0,0.6108437353515627,True,CALL,2026-08-21,COMP
COMP260821C00014000,14.0,1.99,1.65,2.35,1.0,17.0,0.6123085644531252,False,CALL,2026-08-21,COMP
COMP260821C00015000,15.0,1.7,1.3,2.1,1.0,255.0,0.6181678808593751,False,CALL,2026-08-21,COMP
COMP260821C00016000,16.0,1.36,1.05,1.7,102.0,106.0,0.6044961425781252,False,CALL,2026-08-21,COMP
COMP260821P00010000,10.0,1.09,0.5,1.15,30.0,85.0,0.5839885351562499,False,PUT,2026-08-21,COMP
COMP270115C00010000,10.0,4.8,4.5,5.1,500.0,14846.0,0.6918976123046876,True,CALL,2027-01-15,COMP
COMP270115C00012000,12.0,3.8,3.1,4.2,8.0,1891.0,0.6440465283203125,True,CALL,2027-01-15,COMP
COMP270115C00015000,15.0,2.25,1.9,2.95,4.0,5327.0,0.6137733935546876,False,CALL,2027-01-15,COMP
COMP270115P00010000,10.0,1.3,1.15,1.45,40.0,4547.0,0.5722699023437501,False,PUT,2027-01-15,COMP
COMP270115P00012000,12.0,3.1,1.7,2.55,20.0,205.0,0.5388229711914063,False,PUT,2027-01-15,COMP
COMP280121C00010000,10.0,5.97,4.3,8.5,2.0,533.0,0.77148666015625,True,CALL,2028-01-21,COMP
COMP280121C00012000,12.0,4.41,4.7,5.6,3.0,467.0,0.6821320849609377,True,CALL,2028-01-21,COMP
COMP280121C00015000,15.0,4.26,3.3,4.2,4.0,1060.0,0.6123085644531252,False,CALL,2028-01-21,COMP
COMP280121P00010000,10.0,2.5,0.7,3.9,4.0,20.0,0.57812921875,False,PUT,2028-01-21,COMP
COMP280121P00012000,12.0,3.46,1.75,5.5,1.0,2.0,0.6047402807617189,False,PUT,2028-01-21,COMP
COP260130C00083000,83.0,21.53,20.2,22.85,1.0,11.0,1.787110439453125,True,CALL,2026-01-30,COP
COP260130C00084000,84.0,15.39,19.25,21.8,1.0,9.0,1.7089858300781249,True,CALL,2026-01-30,COP
COP260130C00085000,85.0,19.2,18.25,20.65,1.0,6.0,1.50390873046875,True,CALL,2026-01-30,COP
COP260130C00086000,86.0,18.31,17.25,19.9,1.0,3.0,1.623048759765625,True,CALL,2026-01-30,COP
COP260130C00087000,87.0,12.52,16.25,18.85,2.0,5.0,1.51172119140625,True,CALL,2026-01-30,COP
COP260130C00088000,88.0,16.36,15.25,17.9,1.0,6.0,1.46484642578125,True,CALL,2026-01-30,COP
COP260130C00089000,89.0,11.57,14.3,16.85,2.0,16.0,1.3867218164062498,True,CALL,2026-01-30,COP
COP260130C00090000,90.0,14.9,13.9,15.85,10.0,21.0,1.5810567822265622,True,CALL,2026-01-30,COP
COP260130C00091000,91.0,13.57,12.55,14.5,1.0,99.0,1.173832255859375,True,CALL,2026-01-30,COP
COP260130C00092000,92.0,12.74,11.55,13.85,1.0,39.0,1.2675817871093749,True,CALL,2026-01-30,COP
COP260130C00093000,93.0,5.47,10.25,12.85,33.0,80.0,1.0488328808593752,True,CALL,2026-01-30,COP
COP260130C00094000,94.0,10.72,9.55,11.85,4.0,45.0,1.1015669921875002,True,CALL,2026-01-30,COP
COP260130C00095000,95.0,9.65,8.4,10.9,2.0,191.0,0.9785158398437501,True,CALL,2026-01-30,COP
COP260130C00096000,96.0,8.9,8.55,9.3,75.0,239.0,1.0751999365234377,True,CALL,2026-01-30,COP
COP260130C00097000,97.0,7.67,7.05,8.2,15.0,389.0,0.795900478515625,True,CALL,2026-01-30,COP
COP260130C00098000,98.0,6.75,6.15,7.4,8.0,533.0,0.80664255859375,True,CALL,2026-01-30,COP
COP260130C00099000,99.0,5.75,5.25,6.15,26.0,703.0,0.6738313867187502,True,CALL,2026-01-30,COP
COP260130C00100000,100.0,4.7,4.15,5.15,77.0,1545.0,0.5566450585937501,True,CALL,2026-01-30,COP
COP260130C00101000,101.0,3.75,3.3,4.35,67.0,1717.0,0.5507857421875001,True,CALL,2026-01-30,COP
COP260130C00102000,102.0,2.86,2.61,3.05,100.0,1352.0,0.5380905566406251,True,CALL,2026-01-30,COP
COP260130C00103000,103.0,1.9,1.78,3.35,82.0,1183.0,0.5986368261718751,True,CALL,2026-01-30,COP
COP260130C00104000,104.0,1.4,1.2,1.83,66.0,1363.0,0.5419967675781252,True,CALL,2026-01-30,COP
COP260130C00105000,105.0,0.89,0.73,1.05,1776.0,1302.0,0.4419001123046875,False,CALL,2026-01-30,COP
COP260130C00106000,106.0,0.55,0.4,0.83,770.0,4662.0,0.49170430175781255,False,CALL,2026-01-30,COP
COP260130C00107000,107.0,0.34,0.17,0.51,76.0,266.0,0.47461462890625,False,CALL,2026-01-30,COP
COP260130C00108000,108.0,0.16,0.16,0.25,17.0,60.0,0.437505625,False,CALL,2026-01-30,COP
COP260130C00109000,109.0,0.22,0.04,0.26,,3.0,0.5205126074218749,False,CALL,2026-01-30,COP
COP260130C00110000,110.0,0.06,0.06,0.1,114.0,105.0,0.46680220703125,False,CALL,2026-01-30,COP
COP260130C00111000,111.0,0.07,0.01,0.08,18.0,2.0,0.5039112109375,False,CALL,2026-01-30,COP
COP260130C00115000,115.0,0.02,0.0,0.79,1.0,109.0,1.0283251708984378,False,CALL,2026-01-30,COP
COP260130C00120000,120.0,0.1,0.0,0.21,,1.0,1.01953615234375,False,CALL,2026-01-30,COP
COP260130P00080000,80.0,0.03,0.0,0.01,27.0,42.0,1.2500037499999999,False,PUT,2026-01-30,COP
COP260130P00081000,81.0,0.01,0.0,2.13,1.0,1.0,2.8339872900390626,False,PUT,2026-01-30,COP
COP260130P00082000,82.0,0.01,0.0,2.12,1.0,3.0,2.72656568359375,False,PUT,2026-01-30,COP
COP260130P00083000,83.0,0.01,0.0,0.5,11.0,15.0,1.8476570117187499,False,PUT,2026-01-30,COP
COP260130P00084000,84.0,0.01,0.0,0.02,20.0,55.0,1.109379453125,False,PUT,2026-01-30,COP
COP260130P00085000,85.0,0.01,0.0,0.01,3.0,120.0,0.9687503125,False,PUT,2026-01-30,COP
COP260130P00086000,86.0,0.01,0.0,0.02,1.0,108.0,1.000005,False,PUT,2026-01-30,COP
COP260130P00087000,87.0,0.01,0.0,0.03,7.0,50.0,0.98437515625,False,PUT,2026-01-30,COP
COP260130P00088000,88.0,0.08,0.0,0.06,2.0,86.0,1.015629921875,False,PUT,2026-01-30,COP
COP260130P00089000,89.0,0.02,0.0,0.95,3.0,41.0,1.5996113769531248,False,PUT,2026-01-30,COP
COP260130P00090000,90.0,0.01,0.0,0.02,6.0,133.0,0.7812521875,False,PUT,2026-01-30,COP
COP260130P00091000,91.0,0.08,0.0,0.38,1.0,74.0,1.1484417578125,False,PUT,2026-01-30,COP
COP260130P00092000,92.0,0.04,0.0,0.75,4.0,122.0,1.259769326171875,False,PUT,2026-01-30,COP
COP260130P00093000,93.0,0.24,0.0,0.71,5.0,234.0,1.16016044921875,False,PUT,2026-01-30,COP
COP260130P00094000,94.0,0.01,0.01,0.04,13.0,454.0,0.648441015625,False,PUT,2026-01-30,COP
COP260130P00095000,95.0,0.03,0.0,0.05,6.0,364.0,0.5898478515625001,False,PUT,2026-01-30,COP
COP260130P00096000,96.0,0.05,0.0,0.05,10.0,621.0,0.5312546875,False,PUT,2026-01-30,COP
COP260130P00097000,97.0,0.13,0.0,0.74,23.0,219.0,0.8378922460937499,False,PUT,2026-01-30,COP
COP260130P00098000,98.0,0.35,0.03,0.2,1.0,538.0,0.5546919531250001,False,PUT,2026-01-30,COP
COP260130P00099000,99.0,0.1,0.01,0.4,2.0,493.0,0.5576216113281252,False,PUT,2026-01-30,COP
COP260130P00100000,100.0,0.12,0.03,0.22,11.0,495.0,0.48828636718750007,False,PUT,2026-01-30,COP
COP260130P00101000,101.0,0.13,0.1,0.3,16.0,151.0,0.44922425781249997,False,PUT,2026-01-30,COP
COP260130P00102000,102.0,0.31,0.19,0.47,22.0,13.0,0.4321345849609375,False,PUT,2026-01-30,COP
COP260130P00103000,103.0,0.42,0.41,0.59,520.0,25.0,0.36817038085937503,False,PUT,2026-01-30,COP
COP260130P00104000,104.0,0.93,0.65,1.09,1170.0,265.0,0.40332627929687503,False,PUT,2026-01-30,COP
COP260130P00105000,105.0,1.02,1.06,1.61,16.0,2.0,0.40039662109375,True,PUT,2026-01-30,COP
COP260130P00106000,106.0,2.01,1.84,2.66,16.0,1.0,0.5429733203125001,True,PUT,2026-01-30,COP
COP260130P00109000,109.0,9.4,3.6,5.6,,0.0,0.831056376953125,True,PUT,2026-01-30,COP
COP260130P00110000,110.0,10.15,4.25,7.0,,0.0,1.0859420703125,True,PUT,2026-01-30,COP
COP260206C00084000,84.0,13.35,19.6,21.95,1.0,1.0,0.9521489160156249,True,CALL,2026-02-06,COP
COP260206C00085000,85.0,13.03,18.6,20.95,5.0,4.0,0.911133701171875,True,CALL,2026-02-06,COP
COP260206C00087000,87.0,17.64,16.35,18.95,1.0,1.0,0.7695335546875001,True,CALL,2026-02-06,COP
COP260206C00088000,88.0,17.0,15.35,17.95,3.0,6.0,0.7304714453125,True,CALL,2026-02-06,COP
COP260206C00089000,89.0,8.38,14.35,17.0,,1.0,0.7041045214843751,True,CALL,2026-02-06,COP
COP260206C00090000,90.0,14.95,13.4,15.65,10.0,7.0,0.5888712988281251,True,CALL,2026-02-06,COP
COP260206C00092000,92.0,5.98,11.4,14.05,11.0,16.0,0.6074258007812501,True,CALL,2026-02-06,COP
COP260206C00093000,93.0,11.8,11.1,12.55,6.0,52.0,0.6030313134765627,True,CALL,2026-02-06,COP
COP260206C00094000,94.0,10.89,9.7,12.1,2.0,34.0,0.5854533642578125,True,CALL,2026-02-06,COP
COP260206C00095000,95.0,9.84,9.1,10.5,32.0,58.0,0.5127001855468749,True,CALL,2026-02-06,COP
COP260206C00096000,96.0,4.3,8.25,9.9,8.0,58.0,0.5463912548828126,True,CALL,2026-02-06,COP
COP260206C00097000,97.0,8.09,7.4,8.85,2.0,110.0,0.5131884619140624,True,CALL,2026-02-06,COP
COP260206C00098000,98.0,6.98,6.15,7.9,4.0,136.0,0.6267127172851563,True,CALL,2026-02-06,COP
COP260206C00099000,99.0,6.19,5.35,6.9,30.0,86.0,0.5722699023437501,True,CALL,2026-02-06,COP
COP260206C00100000,100.0,5.45,4.75,5.7,76.0,330.0,0.4802298071289062,True,CALL,2026-02-06,COP
COP260206C00101000,101.0,4.7,4.25,5.0,55.0,151.0,0.4760794580078125,True,CALL,2026-02-06,COP
COP260206C00102000,102.0,4.2,3.55,3.95,133.0,254.0,0.407232490234375,True,CALL,2026-02-06,COP
COP260206C00103000,103.0,3.05,2.82,3.3,138.0,227.0,0.39893179199218753,True,CALL,2026-02-06,COP
COP260206C00104000,104.0,2.71,2.37,2.94,69.0,178.0,0.4260311303710938,True,CALL,2026-02-06,COP
COP260206C00105000,105.0,2.0,1.97,2.22,194.0,272.0,0.38867798828125,False,CALL,2026-02-06,COP
COP260206C00106000,106.0,1.85,1.54,1.84,511.0,42.0,0.3940490283203125,False,CALL,2026-02-06,COP
COP260206C00107000,107.0,1.35,1.19,1.44,58.0,46.0,0.38721315917968746,False,CALL,2026-02-06,COP
COP260206C00110000,110.0,0.66,0.57,0.73,106.0,52.0,0.39649041015625003,False,CALL,2026-02-06,COP
COP260206C00115000,115.0,0.18,0.14,0.35,18.0,16.0,0.46973186523437505,False,CALL,2026-02-06,COP
COP260206C00130000,130.0,0.01,0.0,2.13,,5.0,1.1303754418945315,False,CALL,2026-02-06,COP
COP260206P00080000,80.0,0.07,0.0,2.13,1.0,2.0,1.3847687011718748,False,PUT,2026-02-06,COP
COP260206P00081000,81.0,0.39,0.0,2.13,,1.0,1.3359408203124996,False,PUT,2026-02-06,COP
COP260206P00083000,83.0,0.43,0.0,2.13,1.0,1.0,1.2387733374023435,False,PUT,2026-02-06,COP
COP260206P00084000,84.0,0.32,0.0,0.95,20.0,20.0,0.9599613378906249,False,PUT,2026-02-06,COP
COP260206P00085000,85.0,0.01,0.0,0.75,10.0,5.0,0.86914193359375,False,PUT,2026-02-06,COP
COP260206P00086000,86.0,0.5,0.0,2.14,2.0,59.0,1.0966842041015625,False,PUT,2026-02-06,COP
COP260206P00087000,87.0,0.07,0.0,0.69,6.0,39.0,0.7744163183593751,False,PUT,2026-02-06,COP
COP260206P00088000,88.0,0.18,0.0,2.15,16.0,18.0,1.0029346728515625,False,PUT,2026-02-06,COP
COP260206P00089000,89.0,0.03,0.0,0.37,3.0,30.0,0.6093789062500001,False,PUT,2026-02-06,COP
COP260206P00090000,90.0,0.11,0.05,0.21,14.0,30.0,0.5351608984375,False,PUT,2026-02-06,COP
COP260206P00091000,91.0,2.14,0.0,2.18,3.0,42.0,0.8652357226562499,False,PUT,2026-02-06,COP
COP260206P00092000,92.0,0.11,0.07,0.51,1.0,46.0,0.5571333349609376,False,PUT,2026-02-06,COP
COP260206P00093000,93.0,0.01,0.0,0.57,3.0,180.0,0.51758294921875,False,PUT,2026-02-06,COP
COP260206P00094000,94.0,0.26,0.01,0.5,7.0,21.0,0.5585981640625001,False,PUT,2026-02-06,COP
COP260206P00095000,95.0,0.26,0.04,0.53,1.0,233.0,0.526371923828125,False,PUT,2026-02-06,COP
COP260206P00096000,96.0,0.56,0.04,0.6,5.0,164.0,0.5039112109375,False,PUT,2026-02-06,COP
COP260206P00097000,97.0,0.32,0.18,0.53,9.0,51.0,0.4419001123046875,False,PUT,2026-02-06,COP
COP260206P00098000,98.0,0.44,0.36,0.52,20.0,128.0,0.39600213378906257,False,PUT,2026-02-06,COP
COP260206P00099000,99.0,0.5,0.27,0.67,3.0,37.0,0.387701435546875,False,PUT,2026-02-06,COP
COP260206P00100000,100.0,0.72,0.64,0.84,42.0,29.0,0.37622694091796877,False,PUT,2026-02-06,COP
COP260206P00101000,101.0,0.9,0.86,1.07,45.0,14.0,0.36817038085937503,False,PUT,2026-02-06,COP
COP260206P00102000,102.0,1.16,1.13,1.4,29.0,7.0,0.3684145190429688,False,PUT,2026-02-06,COP
COP260206P00103000,103.0,1.59,1.47,1.75,15.0,15.0,0.3618227880859375,False,PUT,2026-02-06,COP
COP260206P00104000,104.0,2.0,1.84,2.35,62.0,5.0,0.383795224609375,False,PUT,2026-02-06,COP
COP260206P00105000,105.0,2.4,2.41,2.71,41.0,261.0,0.3588931298828125,True,PUT,2026-02-06,COP
COP260206P00106000,106.0,2.8,2.97,3.45,1.0,133.0,0.38233039550781245,True,PUT,2026-02-06,COP
COP260206P00107000,107.0,3.7,3.3,4.0,1.0,2.0,0.36646141357421874,True,PUT,2026-02-06,COP
COP260206P00108000,108.0,10.61,4.4,4.8,,0.0,0.38281867187499996,True,PUT,2026-02-06,COP
COP260206P00115000,115.0,14.98,9.25,11.7,,0.0,0.6508823974609376,True,PUT,2026-02-06,COP
COP260213C00080000,80.0,20.05,22.85,26.55,1.0,3.0,0.807619111328125,True,CALL,2026-02-13,COP
COP260213C00083000,83.0,16.53,19.9,23.5,1.0,0.0,0.7158231542968749,True,CALL,2026-02-13,COP
COP260213C00085000,85.0,13.5,17.9,21.5,2.0,2.0,0.6552768847656252,True,CALL,2026-02-13,COP
COP260213C00088000,88.0,10.41,15.15,18.45,,2.0,0.5991251025390626,True,CALL,2026-02-13,COP
COP260213C00089000,89.0,10.92,14.15,17.3,,1.0,0.5449264257812501,True,CALL,2026-02-13,COP
COP260213C00090000,90.0,9.9,13.1,16.3,27.0,79.0,0.506840869140625,True,CALL,2026-02-13,COP
COP260213C00091000,91.0,13.37,12.2,14.7,5.0,5.0,0.7065459033203125,True,CALL,2026-02-13,COP
COP260213C00092000,92.0,8.0,11.0,14.4,2.0,6.0,0.7895528857421875,True,CALL,2026-02-13,COP
COP260213C00093000,93.0,4.91,10.1,12.95,1.0,10.0,0.6750520776367189,True,CALL,2026-02-13,COP
COP260213C00094000,94.0,5.62,9.35,12.3,32.0,62.0,0.692385888671875,True,CALL,2026-02-13,COP
COP260213C00095000,95.0,4.09,8.1,11.6,3.0,68.0,0.6965362377929689,True,CALL,2026-02-13,COP
COP260213C00096000,96.0,9.52,8.05,10.5,2.0,9.0,0.639652041015625,True,CALL,2026-02-13,COP
COP260213C00097000,97.0,3.55,7.1,9.6,13.0,227.0,0.6113320117187502,True,CALL,2026-02-13,COP
COP260213C00098000,98.0,7.45,6.7,8.15,15.0,274.0,0.50586431640625,True,CALL,2026-02-13,COP
COP260213C00099000,99.0,6.8,6.0,7.6,21.0,299.0,0.5239305419921875,True,CALL,2026-02-13,COP
COP260213C00100000,100.0,5.95,5.0,6.65,8.0,287.0,0.485356708984375,True,CALL,2026-02-13,COP
COP260213C00101000,101.0,5.52,4.35,6.1,20.0,211.0,0.4943898217773438,True,CALL,2026-02-13,COP
COP260213C00102000,102.0,4.8,2.48,5.0,27.0,103.0,0.43286699951171875,True,CALL,2026-02-13,COP
COP260213C00103000,103.0,2.03,3.45,3.9,2.0,231.0,0.36963520996093746,True,CALL,2026-02-13,COP
COP260213C00104000,104.0,2.8,1.99,3.25,2.0,55.0,0.3552310571289062,True,CALL,2026-02-13,COP
COP260213C00105000,105.0,2.63,2.39,2.78,40.0,381.0,0.35596347167968745,False,CALL,2026-02-13,COP
COP260213C00106000,106.0,2.55,2.0,2.31,73.0,163.0,0.3505924316406249,False,CALL,2026-02-13,COP
COP260213C00107000,107.0,1.92,1.5,2.25,3.0,16.0,0.38843385009765624,False,CALL,2026-02-13,COP
COP260213C00108000,108.0,1.49,1.25,1.61,19.0,21.0,0.35108070800781244,False,CALL,2026-02-13,COP
COP260213C00109000,109.0,1.17,0.8,1.38,1.0,2.0,0.35816071533203125,False,CALL,2026-02-13,COP
COP260213C00110000,110.0,0.91,0.62,1.06,21.0,3.0,0.34766277343749996,False,CALL,2026-02-13,COP
COP260213C00115000,115.0,0.24,0.0,0.73,23.0,8.0,0.43604079589843747,False,CALL,2026-02-13,COP
COP260213P00075000,75.0,0.06,0.0,2.13,1.0,1.0,1.2275429248046876,False,PUT,2026-02-13,COP
COP260213P00080000,80.0,0.05,0.0,2.14,,1.0,1.040043862304688,False,PUT,2026-02-13,COP
COP260213P00081000,81.0,0.33,0.0,2.15,1.0,2.0,1.0048877880859375,False,PUT,2026-02-13,COP
COP260213P00082000,82.0,0.4,0.0,2.16,,51.0,0.9692385888671875,False,PUT,2026-02-13,COP
COP260213P00085000,85.0,0.2,0.05,0.25,2.0,11.0,0.5410202148437502,False,PUT,2026-02-13,COP
COP260213P00086000,86.0,0.5,0.0,2.22,1.0,26.0,0.8320329296874999,False,PUT,2026-02-13,COP
COP260213P00088000,88.0,1.02,0.0,2.24,,3.0,0.7622094091796876,False,PUT,2026-02-13,COP
COP260213P00090000,90.0,0.19,0.0,1.0,2.0,29.0,0.5419967675781252,False,PUT,2026-02-13,COP
COP260213P00091000,91.0,1.03,0.0,2.33,1.0,8.0,0.6640658593750002,False,PUT,2026-02-13,COP
COP260213P00092000,92.0,1.25,0.0,2.36,40.0,67.0,0.63086306640625,False,PUT,2026-02-13,COP
COP260213P00093000,93.0,0.3,0.0,2.21,5.0,86.0,0.5805706005859376,False,PUT,2026-02-13,COP
COP260213P00094000,94.0,0.75,0.03,1.1,1.0,17.0,0.5434615966796876,False,PUT,2026-02-13,COP
COP260213P00095000,95.0,1.43,0.0,1.49,28.0,26.0,0.5737347314453125,False,PUT,2026-02-13,COP
COP260213P00096000,96.0,0.58,0.19,1.18,3.0,44.0,0.4846242944335938,False,PUT,2026-02-13,COP
COP260213P00097000,97.0,1.25,0.29,1.25,1.0,3.0,0.4585015087890626,False,PUT,2026-02-13,COP
COP260213P00098000,98.0,1.04,0.7,1.0,3.0,27.0,0.3813538427734374,False,PUT,2026-02-13,COP
COP260213P00099000,99.0,1.12,0.96,1.59,5.0,78.0,0.4299373413085938,False,PUT,2026-02-13,COP
COP260213P00100000,100.0,2.5,1.03,2.29,1.0,105.0,0.4797415307617187,False,PUT,2026-02-13,COP
COP260213P00101000,101.0,3.6,1.22,3.55,1.0,268.0,0.5876506079101562,False,PUT,2026-02-13,COP
COP260213P00102000,102.0,5.35,1.68,3.65,17.0,144.0,0.5478560839843751,False,PUT,2026-02-13,COP
COP260213P00103000,103.0,6.05,2.19,2.51,10.0,112.0,0.36084623535156246,False,PUT,2026-02-13,COP
COP260213P00104000,104.0,2.67,2.51,2.83,9.0,593.0,0.34326828613281246,False,PUT,2026-02-13,COP
COP260213P00105000,105.0,3.3,3.05,3.4,31.0,363.0,0.34839518798828123,True,PUT,2026-02-13,COP
COP260213P00106000,106.0,8.52,3.55,4.1,34.0,121.0,0.36304347900390627,True,PUT,2026-02-13,COP
COP260213P00107000,107.0,9.52,2.98,6.6,76.0,417.0,0.5835002587890624,True,PUT,2026-02-13,COP
COP260213P00108000,108.0,9.68,3.45,7.45,,1.0,0.610599597167969,True,PUT,2026-02-13,COP
COP260213P00109000,109.0,11.37,4.2,8.25,,36.0,0.6289099609375001,True,PUT,2026-02-13,COP
COP260213P00110000,110.0,6.4,5.15,8.3,1.0,908.0,0.5532271240234375,True,PUT,2026-02-13,COP
COP260213P00113000,113.0,14.45,7.65,11.9,,10.0,0.7370631762695312,True,PUT,2026-02-13,COP
COP260213P00114000,114.0,15.45,9.05,11.85,,10.0,0.6323278955078125,True,PUT,2026-02-13,COP
COP260213P00115000,115.0,18.68,9.45,13.2,,2.0,0.711916943359375,True,PUT,2026-02-13,COP
COP260213P00120000,120.0,23.34,14.25,18.0,,1.0,0.8313005151367187,True,PUT,2026-02-13,COP
COP260220C00075000,75.0,21.17,28.05,31.4,1.0,19.0,0.8164080859374999,True,CALL,2026-02-20,COP
COP260220C00077500,77.5,23.0,25.5,28.65,1.0,3.0,0.6835969140625001,True,CALL,2026-02-20,COP
COP260220C00080000,80.0,24.48,23.45,25.2,5.0,196.0,0.823243955078125,True,CALL,2026-02-20,COP
COP260220C00082500,82.5,14.85,20.7,23.7,1.0,54.0,0.6093789062500001,True,CALL,2026-02-20,COP
COP260220C00085000,85.0,11.5,18.3,21.0,2.0,904.0,0.5297898583984376,True,CALL,2026-02-20,COP
COP260220C00087500,87.5,17.05,16.75,17.75,4.0,702.0,0.6147499462890625,True,CALL,2026-02-20,COP
COP260220C00088000,88.0,8.9,15.05,18.25,,0.0,0.7717307983398438,True,CALL,2026-02-20,COP
COP260220C00089000,89.0,7.42,14.55,17.3,,1.0,0.5039112109375,True,CALL,2026-02-20,COP
COP260220C00090000,90.0,8.66,13.4,16.1,2.0,791.0,0.6826203613281252,True,CALL,2026-02-20,COP
COP260220C00092500,92.5,12.35,11.6,13.25,5.0,825.0,0.5500533276367189,True,CALL,2026-02-20,COP
COP260220C00093000,93.0,6.82,10.9,13.3,4.0,4.0,0.6113320117187502,True,CALL,2026-02-20,COP
COP260220C00094000,94.0,3.0,9.95,12.35,,0.0,0.5839885351562499,True,CALL,2026-02-20,COP
COP260220C00095000,95.0,10.38,9.55,11.2,38.0,2080.0,0.5305222729492188,True,CALL,2026-02-20,COP
COP260220C00096000,96.0,9.25,8.8,9.9,6.0,16.0,0.4585015087890626,True,CALL,2026-02-20,COP
COP260220C00097000,97.0,8.8,7.25,9.75,1.0,129.0,0.5273484765625001,True,CALL,2026-02-20,COP
COP260220C00097500,97.5,8.32,7.5,9.15,83.0,1568.0,0.4975636181640626,True,CALL,2026-02-20,COP
COP260220C00098000,98.0,7.19,6.65,8.05,10.0,51.0,0.40991801025390623,True,CALL,2026-02-20,COP
COP260220C00099000,99.0,6.95,6.3,7.25,17.0,46.0,0.3979552392578125,True,CALL,2026-02-20,COP
COP260220C00100000,100.0,6.15,5.45,6.4,376.0,6248.0,0.37793590820312495,True,CALL,2026-02-20,COP
COP260220C00101000,101.0,6.0,4.9,5.9,3.0,45.0,0.3918517846679687,True,CALL,2026-02-20,COP
COP260220C00102000,102.0,4.77,4.25,5.2,36.0,250.0,0.3809876354980468,True,CALL,2026-02-20,COP
COP260220C00103000,103.0,4.07,3.75,4.3,7.0,445.0,0.34729656616210935,True,CALL,2026-02-20,COP
COP260220C00104000,104.0,3.29,3.1,3.9,2.0,24.0,0.35864899169921877,True,CALL,2026-02-20,COP
COP260220C00105000,105.0,2.96,2.68,3.25,792.0,12358.0,0.34180345703125,False,CALL,2026-02-20,COP
COP260220C00106000,106.0,2.61,2.3,2.89,16.0,38.0,0.348639326171875,False,CALL,2026-02-20,COP
COP260220C00107000,107.0,0.9,1.92,2.51,5.0,345.0,0.34961587890624996,False,CALL,2026-02-20,COP
COP260220C00109000,109.0,1.6,1.17,1.59,70.0,15.0,0.3217841259765625,False,CALL,2026-02-20,COP
COP260220C00110000,110.0,1.15,1.06,1.41,262.0,5522.0,0.331061376953125,False,CALL,2026-02-20,COP
COP260220C00111000,111.0,1.07,0.91,1.12,318.0,18.0,0.32398136962890617,False,CALL,2026-02-20,COP
COP260220C00115000,115.0,0.51,0.41,0.6,700.0,418.0,0.34180345703125,False,CALL,2026-02-20,COP
COP260220C00120000,120.0,0.23,0.16,0.25,146.0,206.0,0.35596347167968745,False,CALL,2026-02-20,COP
COP260220C00125000,125.0,0.09,0.0,0.0,1.0,15.0,0.12500875,False,CALL,2026-02-20,COP
COP260220C00130000,130.0,0.04,0.0,1.14,2.0,133.0,0.6025430371093752,False,CALL,2026-02-20,COP
COP260220C00135000,135.0,0.04,0.0,2.13,1.0,77.0,0.7895528857421875,False,CALL,2026-02-20,COP
COP260220P00075000,75.0,0.15,0.01,2.14,1.0,790.0,1.0263720556640625,False,PUT,2026-02-20,COP
COP260220P00077500,77.5,0.11,0.0,0.2,1.0,570.0,0.5800823242187501,False,PUT,2026-02-20,COP
COP260220P00080000,80.0,0.07,0.0,0.07,8.0,6910.0,0.49805189453125004,False,PUT,2026-02-20,COP
COP260220P00082500,82.5,0.02,0.0,0.23,10.0,1561.0,0.5478560839843751,False,PUT,2026-02-20,COP
COP260220P00085000,85.0,0.11,0.04,0.17,27.0,4049.0,0.46191944335937507,False,PUT,2026-02-20,COP
COP260220P00087000,87.0,0.21,0.0,0.28,3.0,13.0,0.46289599609375004,False,PUT,2026-02-20,COP
COP260220P00087500,87.5,0.2,0.01,0.28,4.0,1569.0,0.45117736328125,False,PUT,2026-02-20,COP
COP260220P00088000,88.0,0.37,0.0,0.32,1.0,6.0,0.45215391601562505,False,PUT,2026-02-20,COP
COP260220P00089000,89.0,0.01,0.15,0.24,1.0,14.0,0.4018614501953125,False,PUT,2026-02-20,COP
COP260220P00090000,90.0,0.22,0.2,0.28,29.0,4545.0,0.39258419921875,False,PUT,2026-02-20,COP
COP260220P00091000,91.0,0.27,0.24,0.35,1.0,23.0,0.3891662646484375,False,PUT,2026-02-20,COP
COP260220P00092000,92.0,0.33,0.14,0.47,2.0,537.0,0.3940490283203125,False,PUT,2026-02-20,COP
COP260220P00092500,92.5,0.4,0.35,0.44,137.0,1781.0,0.3745179736328125,False,PUT,2026-02-20,COP
COP260220P00093000,93.0,0.69,0.07,0.58,34.0,58.0,0.39160764648437496,False,PUT,2026-02-20,COP
COP260220P00094000,94.0,0.46,0.29,0.67,2.0,345.0,0.3820862573242187,False,PUT,2026-02-20,COP
COP260220P00095000,95.0,0.63,0.56,0.71,40.0,2311.0,0.3618227880859375,False,PUT,2026-02-20,COP
COP260220P00096000,96.0,1.52,0.32,1.02,3.0,13.0,0.3813538427734374,False,PUT,2026-02-20,COP
COP260220P00097000,97.0,0.81,0.7,1.09,1.0,10.0,0.36084623535156246,False,PUT,2026-02-20,COP
COP260220P00097500,97.5,1.05,0.93,1.24,6.0,778.0,0.36524072265625,False,PUT,2026-02-20,COP
COP260220P00098000,98.0,1.08,0.87,1.29,5.0,44.0,0.3557193334960937,False,PUT,2026-02-20,COP
COP260220P00099000,99.0,2.34,1.14,1.58,53.0,43.0,0.35742830078125,False,PUT,2026-02-20,COP
COP260220P00100000,100.0,1.54,1.56,1.85,340.0,1774.0,0.352545537109375,False,PUT,2026-02-20,COP
COP260220P00101000,101.0,1.87,1.68,2.31,1.0,17.0,0.3635317553710938,False,PUT,2026-02-20,COP
COP260220P00105000,105.0,3.54,3.45,4.1,928.0,177.0,0.35767243896484374,True,PUT,2026-02-20,COP
COP260220P00110000,110.0,6.82,6.7,7.6,4.0,7.0,0.38721315917968746,True,PUT,2026-02-20,COP
COP260220P00125000,125.0,24.9,19.15,23.0,,5.0,0.8029804858398437,True,PUT,2026-02-20,COP
COP260227C00084000,84.0,15.5,18.8,22.85,,1.0,0.5346726220703125,True,CALL,2026-02-27,COP
COP260227C00085000,85.0,14.22,17.95,21.95,1.0,2.0,0.5405319384765627,True,CALL,2026-02-27,COP
COP260227C00086000,86.0,11.5,16.85,20.8,,1.0,0.8090839404296875,True,CALL,2026-02-27,COP
COP260227C00087000,87.0,12.95,16.0,19.6,,1.0,0.7521997436523438,True,CALL,2026-02-27,COP
COP260227C00088000,88.0,10.6,15.2,18.6,2.0,1.0,0.7216824707031251,True,CALL,2026-02-27,COP
COP260227C00089000,89.0,9.38,14.35,17.4,2.0,1.0,0.6657748266601564,True,CALL,2026-02-27,COP
COP260227C00090000,90.0,9.26,13.45,16.45,1.0,2.0,0.6423375610351563,True,CALL,2026-02-27,COP
COP260227C00091000,91.0,9.92,12.55,15.5,,1.0,0.6186561572265626,True,CALL,2026-02-27,COP
COP260227C00092000,92.0,8.5,11.95,14.35,1.0,23.0,0.5708050732421875,True,CALL,2026-02-27,COP
COP260227C00093000,93.0,8.24,11.0,13.45,,14.0,0.55273884765625,True,CALL,2026-02-27,COP
COP260227C00094000,94.0,4.42,10.1,12.55,,1.0,0.5336960693359375,True,CALL,2026-02-27,COP
COP260227C00095000,95.0,10.5,9.7,11.65,5.0,44.0,0.5140429455566407,True,CALL,2026-02-27,COP
COP260227C00096000,96.0,3.48,8.3,10.75,1.0,4.0,0.49341326904296884,True,CALL,2026-02-27,COP
COP260227C00097000,97.0,4.12,7.4,9.95,2.0,16.0,0.4819387744140625,True,CALL,2026-02-27,COP
COP260227C00098000,98.0,7.81,7.1,8.7,4.0,14.0,0.424810439453125,True,CALL,2026-02-27,COP
COP260227C00099000,99.0,6.66,5.05,8.9,3.0,9.0,0.504765694580078,True,CALL,2026-02-27,COP
COP260227C00100000,100.0,6.17,5.8,6.4,7.0,118.0,0.3309393078613281,True,CALL,2026-02-27,COP
COP260227C00101000,101.0,5.65,5.05,5.75,2.0,28.0,0.32959654785156245,True,CALL,2026-02-27,COP
COP260227C00102000,102.0,5.22,4.65,5.45,4.0,15.0,0.35535312622070303,True,CALL,2026-02-27,COP
COP260227C00103000,103.0,4.53,4.15,4.6,2.0,9.0,0.32959654785156245,True,CALL,2026-02-27,COP
COP260227C00104000,104.0,3.85,3.6,3.85,8.0,27.0,0.30982135498046875,True,CALL,2026-02-27,COP
COP260227C00105000,105.0,3.55,3.1,3.35,50.0,65.0,0.30762411132812495,False,CALL,2026-02-27,COP
COP260227C00106000,106.0,2.95,2.73,2.97,5.0,301.0,0.31201859863281245,False,CALL,2026-02-27,COP
COP260227C00107000,107.0,2.5,2.33,2.55,17.0,554.0,0.309577216796875,False,CALL,2026-02-27,COP
COP260227C00108000,108.0,2.29,1.93,2.13,94.0,21.0,0.3034737622070312,False,CALL,2026-02-27,COP
COP260227C00110000,110.0,1.53,1.39,1.58,5.0,28.0,0.30676962768554683,False,CALL,2026-02-27,COP
COP260227C00111000,111.0,1.2,1.13,1.34,1.0,0.0,0.30713583496093744,False,CALL,2026-02-27,COP
COP260227C00112000,112.0,1.15,0.93,1.16,1.0,4.0,0.31055376953124997,False,CALL,2026-02-27,COP
COP260227C00115000,115.0,0.6,0.48,0.91,13.0,23.0,0.34278000976562495,False,CALL,2026-02-27,COP
COP260227C00120000,120.0,0.33,0.24,0.52,34.0,0.0,0.3706117626953125,False,CALL,2026-02-27,COP
COP260227P00082000,82.0,0.37,0.0,2.27,1.0,2.0,0.7182645361328125,False,PUT,2026-02-27,COP
COP260227P00083000,83.0,0.29,0.0,2.29,1.0,14.0,0.69336244140625,False,PUT,2026-02-27,COP
COP260227P00084000,84.0,0.32,0.0,2.27,1.0,1.0,0.6647982739257814,False,PUT,2026-02-27,COP
COP260227P00085000,85.0,0.81,0.0,2.29,1.0,8.0,0.6398961791992188,False,PUT,2026-02-27,COP
COP260227P00086000,86.0,0.67,0.0,2.31,1.0,3.0,0.6152382226562501,False,PUT,2026-02-27,COP
COP260227P00087000,87.0,0.38,0.0,2.38,1.0,1.0,0.5942423388671876,False,PUT,2026-02-27,COP
COP260227P00088000,88.0,0.41,0.06,0.66,2.0,18.0,0.47510290527343746,False,PUT,2026-02-27,COP
COP260227P00089000,89.0,0.44,0.08,0.74,2.0,7.0,0.46631393066406257,False,PUT,2026-02-27,COP
COP260227P00090000,90.0,1.91,0.01,0.94,4.0,20.0,0.4760794580078125,False,PUT,2026-02-27,COP
COP260227P00091000,91.0,1.9,0.01,0.95,,6.0,0.4523980541992188,False,PUT,2026-02-27,COP
COP260227P00092000,92.0,0.62,0.01,1.13,2.0,20.0,0.45361874511718747,False,PUT,2026-02-27,COP
COP260227P00093000,93.0,1.5,0.25,1.23,16.0,28.0,0.4409235595703125,False,PUT,2026-02-27,COP
COP260227P00094000,94.0,1.25,0.61,1.35,1.0,5.0,0.4294490649414063,False,PUT,2026-02-27,COP
COP260227P00095000,95.0,0.88,0.23,1.07,12.0,29.0,0.3667055517578125,False,PUT,2026-02-27,COP
COP260227P00096000,96.0,3.35,0.8,1.22,,2.0,0.3588931298828125,False,PUT,2026-02-27,COP
COP260227P00097000,97.0,1.32,1.06,1.27,2.0,2.0,0.3371648315429688,False,PUT,2026-02-27,COP
COP260227P00099000,99.0,1.81,1.57,1.79,6.0,6.0,0.33423517333984376,False,PUT,2026-02-27,COP
COP260227P00100000,100.0,3.32,1.87,2.31,1.0,4.0,0.35217932983398437,False,PUT,2026-02-27,COP
COP260227P00101000,101.0,2.26,2.3,2.5,31.0,2.0,0.3354558642578125,False,PUT,2026-02-27,COP
COP260227P00102000,102.0,2.71,2.7,2.87,126.0,9.0,0.33228206787109377,False,PUT,2026-02-27,COP
COP260227P00104000,104.0,3.75,3.6,3.75,150.0,0.0,0.3280096496582031,False,PUT,2026-02-27,COP
COP260227P00105000,105.0,4.35,4.05,4.3,797.0,3.0,0.32996275512695306,True,PUT,2026-02-27,COP
COP260227P00106000,106.0,4.7,4.45,4.95,44.0,0.0,0.33704276245117193,True,PUT,2026-02-27,COP
COP260227P00107000,107.0,9.67,5.0,5.9,,1.0,0.3667055517578125,True,PUT,2026-02-27,COP
COP260227P00115000,115.0,15.42,10.35,12.9,2.0,0.0,0.48987326538085946,True,PUT,2026-02-27,COP
COP260306C00088000,88.0,11.35,15.3,18.4,4.0,4.0,0.6264685791015626,True,CALL,2026-03-06,COP
COP260306C00092000,92.0,7.5,11.25,15.0,1.0,1.0,0.5817912915039063,True,CALL,2026-03-06,COP
COP260306C00094000,94.0,4.96,9.45,13.2,,1.0,0.5441940112304688,True,CALL,2026-03-06,COP
COP260306C00104000,104.0,4.2,3.7,4.7,5.0,10.0,0.34339035522460937,True,CALL,2026-03-06,COP
COP260306P00087000,87.0,1.02,0.0,2.42,,1.0,0.5380905566406251,False,PUT,2026-03-06,COP
COP260306P00090000,90.0,0.85,0.0,2.6,2.0,3.0,0.6296423754882813,False,PUT,2026-03-06,COP
COP260306P00094000,94.0,2.8,0.0,3.05,,10.0,0.5600629931640625,False,PUT,2026-03-06,COP
COP260306P00098000,98.0,3.76,0.13,3.75,1.0,1.0,0.5002491381835938,False,PUT,2026-03-06,COP
COP260320C00075000,75.0,25.06,27.8,31.65,3.0,4.0,0.5478560839843751,True,CALL,2026-03-20,COP
COP260320C00077500,77.5,21.05,25.2,29.4,2.0,31.0,0.5214891601562499,True,CALL,2026-03-20,COP
COP260320C00080000,80.0,19.78,23.3,26.4,1.0,138.0,0.7192410888671875,True,CALL,2026-03-20,COP
COP260320C00082500,82.5,15.5,20.4,24.35,2.0,30.0,0.7102079760742188,True,CALL,2026-03-20,COP
COP260320C00085000,85.0,17.3,18.6,21.3,3.0,52.0,0.5913126806640626,True,CALL,2026-03-20,COP
COP260320C00087500,87.5,12.29,16.25,18.75,1.0,348.0,0.5293015820312501,True,CALL,2026-03-20,COP
COP260320C00090000,90.0,14.82,14.7,15.65,2.0,237.0,0.411138701171875,True,CALL,2026-03-20,COP
COP260320C00092500,92.5,13.25,12.05,13.95,4.0,304.0,0.43530838134765626,True,CALL,2026-03-20,COP
COP260320C00095000,95.0,10.65,10.25,11.25,65.0,1050.0,0.3606020971679687,True,CALL,2026-03-20,COP
COP260320C00097500,97.5,8.22,8.4,9.1,29.0,851.0,0.3303289624023437,True,CALL,2026-03-20,COP
COP260320C00100000,100.0,7.0,6.6,7.3,190.0,2675.0,0.3178779150390625,True,CALL,2026-03-20,COP
COP260320C00105000,105.0,4.31,4.15,4.25,516.0,22554.0,0.29383030395507803,False,CALL,2026-03-20,COP
COP260320C00110000,110.0,2.25,2.23,2.38,877.0,10086.0,0.2933420275878905,False,CALL,2026-03-20,COP
COP260320C00115000,115.0,1.22,1.16,1.31,365.0,4609.0,0.3006661730957031,False,CALL,2026-03-20,COP
COP260320C00120000,120.0,0.65,0.59,0.85,78.0,331.0,0.32642275146484373,False,CALL,2026-03-20,COP
COP260320C00125000,125.0,0.35,0.3,0.4,4.0,224.0,0.3220282641601562,False,CALL,2026-03-20,COP
COP260320C00130000,130.0,0.01,0.05,0.2,1.0,141.0,0.32617861328125,False,CALL,2026-03-20,COP
COP260320C00135000,135.0,0.48,0.0,0.41,30.0,84.0,0.4243221630859375,False,CALL,2026-03-20,COP
COP260320P00075000,75.0,0.14,0.0,0.2,4.0,998.0,0.47803256347656253,False,PUT,2026-03-20,COP
COP260320P00077500,77.5,0.2,0.02,1.74,2.0,986.0,0.6025430371093752,False,PUT,2026-03-20,COP
COP260320P00080000,80.0,0.16,0.1,0.23,4.0,2566.0,0.40820904296875,False,PUT,2026-03-20,COP
COP260320P00082500,82.5,0.43,0.06,0.35,3.0,862.0,0.4008848974609375,False,PUT,2026-03-20,COP
COP260320P00085000,85.0,0.35,0.15,0.4,4.0,3670.0,0.37036762451171873,False,PUT,2026-03-20,COP
COP260320P00087500,87.5,0.48,0.45,0.53,14.0,1659.0,0.35205726074218746,False,PUT,2026-03-20,COP
COP260320P00090000,90.0,0.7,0.59,0.78,124.0,1244.0,0.34448897705078124,False,PUT,2026-03-20,COP
COP260320P00092500,92.5,0.97,0.9,1.18,75.0,653.0,0.34326828613281246,False,PUT,2026-03-20,COP
COP260320P00095000,95.0,1.34,1.35,1.46,53.0,1235.0,0.3186103295898437,False,PUT,2026-03-20,COP
COP260320P00097500,97.5,1.98,1.96,2.08,85.0,749.0,0.31445998046874996,False,PUT,2026-03-20,COP
COP260320P00100000,100.0,2.71,2.72,2.83,58.0,1112.0,0.3070137658691406,False,PUT,2026-03-20,COP
COP260320P00105000,105.0,4.83,5.0,5.15,99.0,93.0,0.30774618041992186,True,PUT,2026-03-20,COP
COP260320P00110000,110.0,8.06,7.55,8.45,5.0,14.0,0.32031929687499994,True,PUT,2026-03-20,COP
COP260320P00115000,115.0,28.1,0.0,0.0,1.0,0.0,1.0000000000000003e-05,True,PUT,2026-03-20,COP
COP260320P00120000,120.0,21.62,15.3,17.6,,1.0,0.4315242395019532,True,PUT,2026-03-20,COP
COP260320P00130000,130.0,40.1,42.5,47.0,,0.0,1.7663585900878904,True,PUT,2026-03-20,COP
COP260417C00075000,75.0,23.15,27.9,31.75,1.0,2.0,0.7115507360839843,True,CALL,2026-04-17,COP
COP260417C00077500,77.5,13.7,0.0,23.9,1.0,1.0,1.0000000000000003e-05,True,CALL,2026-04-17,COP
COP260417C00080000,80.0,17.51,23.4,26.2,3.0,71.0,0.5581098876953126,True,CALL,2026-04-17,COP
COP260417C00082500,82.5,16.76,20.6,24.15,1.0,2.0,0.5529829858398438,True,CALL,2026-04-17,COP
COP260417C00085000,85.0,16.05,18.65,21.4,2.0,19.0,0.48389187988281257,True,CALL,2026-04-17,COP
COP260417C00087500,87.5,17.6,16.55,18.85,2.0,172.0,0.4335994140625,True,CALL,2026-04-17,COP
COP260417C00090000,90.0,15.63,14.85,16.55,2.0,190.0,0.40344834838867194,True,CALL,2026-04-17,COP
COP260417C00092500,92.5,7.35,12.35,14.9,16.0,232.0,0.4155331884765625,True,CALL,2026-04-17,COP
COP260417C00095000,95.0,11.68,11.2,12.55,6.0,508.0,0.3746400427246094,True,CALL,2026-04-17,COP
COP260417C00097500,97.5,10.0,9.3,10.5,6.0,722.0,0.3493717407226562,True,CALL,2026-04-17,COP
COP260417C00100000,100.0,8.07,7.85,8.3,153.0,821.0,0.3110420458984374,True,CALL,2026-04-17,COP
COP260417C00105000,105.0,5.34,5.2,5.4,478.0,2058.0,0.2954782366943359,False,CALL,2026-04-17,COP
COP260417C00110000,110.0,3.6,3.15,3.4,282.0,2350.0,0.2921213366699218,False,CALL,2026-04-17,COP
COP260417C00115000,115.0,2.04,1.88,2.05,188.0,2944.0,0.2913889221191405,False,CALL,2026-04-17,COP
COP260417C00120000,120.0,1.2,0.95,1.37,74.0,210.0,0.3062813513183594,False,CALL,2026-04-17,COP
COP260417C00125000,125.0,0.75,0.65,0.84,3.0,39.0,0.31153032226562494,False,CALL,2026-04-17,COP
COP260417C00130000,130.0,0.4,0.39,0.56,3.0,111.0,0.3237372314453124,False,CALL,2026-04-17,COP
COP260417C00135000,135.0,0.33,0.15,0.41,1.0,3.0,0.340826904296875,False,CALL,2026-04-17,COP
COP260417P00075000,75.0,0.59,0.0,0.87,2.0,155.0,0.5239305419921875,False,PUT,2026-04-17,COP
COP260417P00077500,77.5,0.53,0.0,1.05,30.0,79.0,0.5075732836914062,False,PUT,2026-04-17,COP
COP260417P00080000,80.0,0.9,0.01,0.86,4.0,272.0,0.44067942138671873,False,PUT,2026-04-17,COP
COP260417P00082500,82.5,0.46,0.42,0.53,3.0,782.0,0.3540103662109374,False,PUT,2026-04-17,COP
COP260417P00085000,85.0,0.62,0.5,0.82,6.0,1186.0,0.35718416259765623,False,PUT,2026-04-17,COP
COP260417P00087500,87.5,0.9,0.68,1.08,2.0,651.0,0.34717449707031245,False,PUT,2026-04-17,COP
COP260417P00090000,90.0,1.25,0.9,1.37,17.0,1104.0,0.33350275878906255,False,PUT,2026-04-17,COP
COP260417P00092500,92.5,1.52,1.51,1.6,16.0,869.0,0.30982135498046875,False,PUT,2026-04-17,COP
COP260417P00095000,95.0,2.26,2.05,2.16,6.0,577.0,0.3051827294921875,False,PUT,2026-04-17,COP
COP260417P00097500,97.5,3.0,2.73,2.84,79.0,436.0,0.29944548217773437,False,PUT,2026-04-17,COP
COP260417P00100000,100.0,3.6,3.5,3.65,1143.0,888.0,0.2926096130371093,False,PUT,2026-04-17,COP
COP260417P00105000,105.0,5.85,5.75,5.9,134.0,128.0,0.28601788208007806,True,PUT,2026-04-17,COP
COP260417P00110000,110.0,9.4,8.75,9.2,2.0,9.0,0.29846892944335934,True,PUT,2026-04-17,COP
COP260515C00075000,75.0,17.85,0.0,26.45,2.0,14.0,1.0000000000000003e-05,True,CALL,2026-05-15,COP
COP260515C00077500,77.5,12.58,21.75,0.0,2.0,9.0,1.0000000000000003e-05,True,CALL,2026-05-15,COP
COP260515C00080000,80.0,21.0,23.5,26.6,4.0,131.0,0.5128222546386718,True,CALL,2026-05-15,COP
COP260515C00082500,82.5,17.78,21.5,24.2,2.0,24.0,0.47900911621093745,True,CALL,2026-05-15,COP
COP260515C00085000,85.0,13.66,19.25,21.95,2.0,39.0,0.4554497814941406,True,CALL,2026-05-15,COP
COP260515C00087500,87.5,13.77,17.35,19.75,1.0,125.0,0.43335527587890627,True,CALL,2026-05-15,COP
COP260515C00090000,90.0,11.05,15.2,17.15,42.0,598.0,0.38477177734374995,True,CALL,2026-05-15,COP
COP260515C00092500,92.5,10.02,13.2,15.7,1.0,224.0,0.40210558837890625,True,CALL,2026-05-15,COP
COP260515C00095000,95.0,8.85,11.95,13.85,1.0,218.0,0.3902648864746094,True,CALL,2026-05-15,COP
COP260515C00097500,97.5,8.45,10.35,11.95,3.0,206.0,0.37183245361328127,True,CALL,2026-05-15,COP
COP260515C00100000,100.0,9.31,8.8,9.8,4.0,437.0,0.33777517700195314,True,CALL,2026-05-15,COP
COP260515C00105000,105.0,6.67,6.2,6.5,78.0,350.0,0.30274134765625,False,CALL,2026-05-15,COP
COP260515C00110000,110.0,4.4,4.2,4.4,63.0,1158.0,0.29724823852539056,False,CALL,2026-05-15,COP
COP260515C00115000,115.0,2.84,2.72,2.9,192.0,875.0,0.2951730639648437,False,CALL,2026-05-15,COP
COP260515C00120000,120.0,1.87,1.71,1.84,26.0,90.0,0.29321995849609367,False,CALL,2026-05-15,COP
COP260515C00125000,125.0,1.15,0.97,1.46,3.0,6.0,0.31641308593749995,False,CALL,2026-05-15,COP
COP260515C00130000,130.0,0.55,0.43,1.5,28.0,53.0,0.36255520263671875,False,CALL,2026-05-15,COP
COP260515C00135000,135.0,0.43,0.08,1.06,,34.0,0.3656069299316406,False,CALL,2026-05-15,COP
COP260515P00075000,75.0,0.77,0.0,0.87,4.0,90.0,0.450200810546875,False,PUT,2026-05-15,COP
COP260515P00077500,77.5,1.27,0.0,1.44,7.0,357.0,0.4777884252929688,False,PUT,2026-05-15,COP
COP260515P00080000,80.0,1.44,0.5,1.17,1.0,1326.0,0.4128476684570312,False,PUT,2026-05-15,COP
COP260515P00082500,82.5,1.82,0.0,1.96,22.0,363.0,0.44605046142578125,False,PUT,2026-05-15,COP
COP260515P00085000,85.0,1.06,0.81,1.28,1.0,987.0,0.35108070800781244,False,PUT,2026-05-15,COP
COP260515P00087500,87.5,1.81,1.31,1.6,17.0,414.0,0.3407048352050781,False,PUT,2026-05-15,COP
COP260515P00090000,90.0,1.76,1.69,1.8,15.0,636.0,0.31763377685546873,False,PUT,2026-05-15,COP
COP260515P00092500,92.5,2.35,2.15,2.43,8.0,721.0,0.31873239868164055,False,PUT,2026-05-15,COP
COP260515P00095000,95.0,3.0,2.78,2.92,10.0,847.0,0.30493859130859374,False,PUT,2026-05-15,COP
COP260515P00097500,97.5,4.69,3.5,3.7,12.0,877.0,0.30103238037109376,False,PUT,2026-05-15,COP
COP260515P00100000,100.0,4.5,4.4,4.6,23.0,186.0,0.2963937548828125,False,PUT,2026-05-15,COP
COP260515P00105000,105.0,6.9,6.75,6.9,74.0,196.0,0.29016823120117186,True,PUT,2026-05-15,COP
COP260515P00110000,110.0,13.2,9.0,9.75,5.0,18.0,0.2819896020507812,True,PUT,2026-05-15,COP
COP260515P00115000,115.0,26.62,0.0,0.0,20.0,20.0,1.0000000000000003e-05,True,PUT,2026-05-15,COP
COP260618C00075000,75.0,22.12,28.45,31.75,1.0,93.0,0.5324753784179688,True,CALL,2026-06-18,COP
COP260618C00077500,77.5,22.28,25.65,28.95,20.0,60.0,0.4721732470703125,True,CALL,2026-06-18,COP
COP260618C00080000,80.0,17.13,23.5,26.95,1.0,56.0,0.47070841796875,True,CALL,2026-06-18,COP
COP260618C00082500,82.5,19.3,21.05,24.55,2.0,283.0,0.4398249377441406,True,CALL,2026-06-18,COP
COP260618C00085000,85.0,15.85,19.45,22.2,1.0,101.0,0.41174904663085937,True,CALL,2026-06-18,COP
COP260618C00087500,87.5,16.11,17.5,20.1,9.0,231.0,0.39691765197753903,True,CALL,2026-06-18,COP
COP260618C00090000,90.0,17.21,15.75,17.45,22.0,370.0,0.35108070800781244,True,CALL,2026-06-18,COP
COP260618C00092500,92.5,16.75,14.55,15.75,1.0,330.0,0.3526065716552734,True,CALL,2026-06-18,COP
COP260618C00095000,95.0,13.31,12.7,13.75,9.0,10469.0,0.3354558642578125,True,CALL,2026-06-18,COP
COP260618C00097500,97.5,11.25,11.2,12.3,2.0,681.0,0.33875172973632806,True,CALL,2026-06-18,COP
COP260618C00100000,100.0,10.13,9.65,10.2,41.0,2528.0,0.31055376953124997,True,CALL,2026-06-18,COP
COP260618C00105000,105.0,7.35,6.9,7.35,89.0,2964.0,0.29657685852050775,False,CALL,2026-06-18,COP
COP260618C00110000,110.0,5.2,4.9,5.35,1623.0,11670.0,0.29651582397460935,False,CALL,2026-06-18,COP
COP260618C00115000,115.0,3.6,3.35,3.7,154.0,1212.0,0.2919992675781249,False,CALL,2026-06-18,COP
COP260618C00120000,120.0,2.45,2.25,2.5,126.0,3246.0,0.2890696093749999,False,CALL,2026-06-18,COP
COP260618C00125000,125.0,1.71,1.56,1.74,19.0,917.0,0.2923654748535155,False,CALL,2026-06-18,COP
COP260618C00130000,130.0,1.15,1.05,1.35,33.0,198.0,0.30591514404296877,False,CALL,2026-06-18,COP
COP260618C00135000,135.0,0.82,0.61,0.85,10.0,157.0,0.3007882421875,False,CALL,2026-06-18,COP
COP260618P00075000,75.0,0.75,0.42,0.67,8.0,2418.0,0.3676821044921875,False,PUT,2026-06-18,COP
COP260618P00077500,77.5,0.97,0.56,0.84,12.0,156.0,0.3579165771484375,False,PUT,2026-06-18,COP
COP260618P00080000,80.0,1.26,0.78,1.51,10.0,2311.0,0.38867798828125,False,PUT,2026-06-18,COP
COP260618P00082500,82.5,1.96,0.98,1.95,1.0,382.0,0.3878235046386719,False,PUT,2026-06-18,COP
COP260618P00085000,85.0,1.9,1.44,2.16,8.0,1439.0,0.367193828125,False,PUT,2026-06-18,COP
COP260618P00087500,87.5,1.95,1.87,2.21,4.0,505.0,0.3354558642578125,False,PUT,2026-06-18,COP
COP260618P00090000,90.0,2.45,2.4,2.61,47.0,1870.0,0.323126885986328,False,PUT,2026-06-18,COP
COP260618P00092500,92.5,3.1,2.98,3.2,192.0,1209.0,0.31690136230468746,False,PUT,2026-06-18,COP
COP260618P00095000,95.0,3.8,3.6,3.95,184.0,619.0,0.31366653137207035,False,PUT,2026-06-18,COP
COP260618P00097500,97.5,4.55,4.5,4.85,6.0,773.0,0.31189652954101554,False,PUT,2026-06-18,COP
COP260618P00100000,100.0,5.51,5.35,5.7,35.0,326.0,0.303168589477539,False,PUT,2026-06-18,COP
COP260618P00105000,105.0,7.8,7.6,8.2,40.0,502.0,0.3031075549316406,True,PUT,2026-06-18,COP
COP260618P00110000,110.0,10.9,10.5,11.1,1.0,86.0,0.299262378540039,True,PUT,2026-06-18,COP
COP260618P00115000,115.0,17.45,13.85,14.85,18.0,217.0,0.3118354949951171,True,PUT,2026-06-18,COP
COP260618P00120000,120.0,21.75,17.5,18.55,14.0,106.0,0.30689169677734374,True,PUT,2026-06-18,COP
COP260618P00130000,130.0,37.3,33.0,34.2,5.0,1.0,0.6228065063476562,True,PUT,2026-06-18,COP
COP260618P00135000,135.0,25.75,32.25,35.25,1.0,0.0,0.5189257092285156,True,PUT,2026-06-18,COP
COP260717C00085000,85.0,21.63,20.2,22.6,1.0,1.0,0.39624627197265627,True,CALL,2026-07-17,COP
COP260717C00095000,95.0,9.55,13.55,14.55,1.0,6.0,0.33801931518554684,True,CALL,2026-07-17,COP
COP260717C00097500,97.5,12.3,12.0,12.75,1.0,4.0,0.32581240600585937,True,CALL,2026-07-17,COP
COP260717C00100000,100.0,8.7,10.45,11.6,81.0,96.0,0.33447931152343746,True,CALL,2026-07-17,COP
COP260717C00105000,105.0,8.39,7.9,8.7,31.0,335.0,0.3177558459472656,False,CALL,2026-07-17,COP
COP260717C00110000,110.0,6.05,5.85,6.25,9.0,104.0,0.30225307128906254,False,CALL,2026-07-17,COP
COP260717C00115000,115.0,4.41,4.15,4.65,3.0,34.0,0.30225307128906254,False,CALL,2026-07-17,COP
COP260717C00120000,120.0,3.05,2.94,3.3,299.0,82.0,0.29779754943847647,False,CALL,2026-07-17,COP
COP260717C00125000,125.0,1.57,1.78,2.82,6.0,13.0,0.3189765368652343,False,CALL,2026-07-17,COP
COP260717P00080000,80.0,1.72,0.94,3.25,100.0,71.0,0.46545944702148445,False,PUT,2026-07-17,COP
COP260717P00085000,85.0,1.92,1.83,2.22,1.0,22.0,0.33789724609375,False,PUT,2026-07-17,COP
COP260717P00087500,87.5,3.45,1.9,3.05,139.0,139.0,0.3498600170898437,False,PUT,2026-07-17,COP
COP260717P00090000,90.0,2.88,2.73,3.3,15.0,23.0,0.32776551147460936,False,PUT,2026-07-17,COP
COP260717P00092500,92.5,5.5,3.25,4.3,2.0,12.0,0.3371648315429688,False,PUT,2026-07-17,COP
COP260717P00095000,95.0,4.35,4.2,4.5,5.0,1880.0,0.3083565258789062,False,PUT,2026-07-17,COP
COP260717P00097500,97.5,6.15,5.0,5.65,42.0,44.0,0.31500929138183587,False,PUT,2026-07-17,COP
COP260821C00080000,80.0,19.67,24.7,27.4,28.0,28.0,0.4149228430175781,True,CALL,2026-08-21,COP
COP260821C00085000,85.0,16.8,21.15,23.2,,0.0,0.38892212646484375,True,CALL,2026-08-21,COP
COP260821C00087500,87.5,19.75,19.2,21.3,1.0,1.0,0.3819031536865234,True,CALL,2026-08-21,COP
COP260821C00090000,90.0,17.2,17.75,18.75,1.0,14.0,0.34589277160644527,True,CALL,2026-08-21,COP
COP260821C00092500,92.5,11.5,15.8,17.15,,3.0,0.3469303588867187,True,CALL,2026-08-21,COP
COP260821C00095000,95.0,12.42,14.25,15.55,3.0,7.0,0.3442448388671875,True,CALL,2026-08-21,COP
COP260821C00097500,97.5,10.81,12.8,14.0,2.0,3.0,0.34015552429199214,True,CALL,2026-08-21,COP
COP260821C00100000,100.0,11.59,11.45,12.5,1.0,587.0,0.3347234497070312,True,CALL,2026-08-21,COP
COP260821C00105000,105.0,9.2,8.75,9.7,40.0,101.0,0.3215399877929687,False,CALL,2026-08-21,COP
COP260821C00110000,110.0,6.65,6.65,7.45,5.0,59.0,0.31403273864746095,False,CALL,2026-08-21,COP
COP260821C00115000,115.0,4.0,4.8,5.85,25.0,109.0,0.315863775024414,False,CALL,2026-08-21,COP
COP260821C00120000,120.0,2.5,3.75,4.45,10.0,46.0,0.3136054968261719,False,CALL,2026-08-21,COP
COP260821C00125000,125.0,3.0,2.78,3.2,168.0,354.0,0.3060372131347656,False,CALL,2026-08-21,COP
COP260821C00130000,130.0,0.65,1.67,2.37,,1.0,0.30499962585449214,False,CALL,2026-08-21,COP
COP260821C00135000,135.0,1.08,0.82,2.37,1.0,12.0,0.33618827880859375,False,CALL,2026-08-21,COP
COP260821P00075000,75.0,1.6,0.71,1.24,28.0,154.0,0.35767243896484374,False,PUT,2026-08-21,COP
COP260821P00080000,80.0,1.65,1.34,2.02,28.0,17.0,0.3548648498535155,False,PUT,2026-08-21,COP
COP260821P00085000,85.0,3.66,1.7,3.1,1.0,16.0,0.35217932983398437,False,PUT,2026-08-21,COP
COP260821P00087500,87.5,4.07,2.54,3.4,17.0,13.0,0.33460138061523437,False,PUT,2026-08-21,COP
COP260821P00090000,90.0,3.71,3.55,4.0,11.0,22.0,0.32813171874999997,False,PUT,2026-08-21,COP
COP260821P00092500,92.5,5.7,4.2,5.4,10.0,10.0,0.34961587890624996,False,PUT,2026-08-21,COP
COP260821P00095000,95.0,6.5,5.0,5.55,28.0,28.0,0.31952584777832027,False,PUT,2026-08-21,COP
COP260821P00097500,97.5,8.25,5.9,6.45,4.0,40.0,0.31482618774414056,False,PUT,2026-08-21,COP
COP260821P00100000,100.0,7.15,6.9,7.75,1.0,7.0,0.32031929687499994,False,PUT,2026-08-21,COP
COP260918C00075000,75.0,24.8,29.2,32.1,1.0,52.0,0.43445389770507814,True,CALL,2026-09-18,COP
COP260918C00077500,77.5,22.5,27.05,29.95,41.0,32.0,0.42236905761718746,True,CALL,2026-09-18,COP
COP260918C00080000,80.0,20.6,24.7,27.9,2.0,68.0,0.41370215209960937,True,CALL,2026-09-18,COP
COP260918C00082500,82.5,18.87,22.65,26.0,2.0,132.0,0.40955180297851557,True,CALL,2026-09-18,COP
COP260918C00085000,85.0,19.1,21.05,23.6,1.0,39.0,0.38184211914062494,True,CALL,2026-09-18,COP
COP260918C00087500,87.5,15.3,19.05,21.7,1.0,121.0,0.3740907318115234,True,CALL,2026-09-18,COP
COP260918C00090000,90.0,13.87,17.2,19.9,1.0,78.0,0.36780417358398443,True,CALL,2026-09-18,COP
COP260918C00092500,92.5,11.97,15.95,17.5,1.0,74.0,0.33789724609375,True,CALL,2026-09-18,COP
COP260918C00095000,95.0,12.85,14.5,15.9,1.0,169.0,0.3347234497070312,True,CALL,2026-09-18,COP
COP260918C00097500,97.5,10.2,13.25,14.4,2.0,143.0,0.3320379296875,True,CALL,2026-09-18,COP
COP260918C00100000,100.0,12.2,11.95,12.85,1.0,361.0,0.3249579223632812,True,CALL,2026-09-18,COP
COP260918C00105000,105.0,9.75,9.4,10.1,26.0,192.0,0.31366653137207035,False,CALL,2026-09-18,COP
COP260918C00110000,110.0,7.65,7.3,7.9,21.0,3050.0,0.30811238769531246,False,CALL,2026-09-18,COP
COP260918C00115000,115.0,5.8,5.65,5.95,24.0,517.0,0.2993844476318359,False,CALL,2026-09-18,COP
COP260918C00120000,120.0,4.25,4.2,4.85,21.0,258.0,0.3075630767822265,False,CALL,2026-09-18,COP
COP260918C00125000,125.0,3.2,3.15,3.55,10.0,1419.0,0.30005582763671873,False,CALL,2026-09-18,COP
COP260918C00130000,130.0,1.39,1.49,3.05,20.0,113.0,0.3142158422851562,False,CALL,2026-09-18,COP
COP260918C00135000,135.0,1.86,1.63,2.01,3.0,15.0,0.2986520330810546,False,CALL,2026-09-18,COP
COP260918P00075000,75.0,2.1,1.23,2.46,1.0,644.0,0.4158993957519531,False,PUT,2026-09-18,COP
COP260918P00077500,77.5,2.2,0.6,2.35,325.0,450.0,0.3800110827636719,False,PUT,2026-09-18,COP
COP260918P00080000,80.0,2.75,1.52,4.1,10.0,226.0,0.4382380395507813,False,PUT,2026-09-18,COP
COP260918P00082500,82.5,3.09,0.46,4.1,1.0,124.0,0.40601179931640624,False,PUT,2026-09-18,COP
COP260918P00085000,85.0,4.5,0.97,3.55,1.0,76.0,0.350470362548828,False,PUT,2026-09-18,COP
COP260918P00087500,87.5,3.5,3.25,3.8,8.0,167.0,0.3305731005859375,False,PUT,2026-09-18,COP
COP260918P00090000,90.0,5.45,3.75,4.85,3.0,853.0,0.3404606970214844,False,PUT,2026-09-18,COP
COP260918P00092500,92.5,5.1,4.7,5.2,9.0,116.0,0.320746538696289,False,PUT,2026-09-18,COP
COP260918P00095000,95.0,7.1,5.5,6.45,19.0,103.0,0.3303899969482421,False,PUT,2026-09-18,COP
COP260918P00097500,97.5,8.75,6.45,7.35,7.0,59.0,0.32459171508789053,False,PUT,2026-09-18,COP
COP260918P00100000,100.0,14.05,0.0,10.4,1.0,58.0,0.3836731555175781,False,PUT,2026-09-18,COP
COP260918P00105000,105.0,14.18,9.75,10.7,2.0,128.0,0.3112861840820312,True,PUT,2026-09-18,COP
COP260918P00110000,110.0,18.17,12.55,13.35,15.0,39.0,0.3012765185546875,True,PUT,2026-09-18,COP
COP260918P00115000,115.0,24.75,24.8,26.55,4.0,8.0,0.5742840423583984,True,PUT,2026-09-18,COP
COP260918P00120000,120.0,24.05,29.1,31.05,1.0,1.0,0.6033364862060548,True,PUT,2026-09-18,COP
COP261218C00075000,75.0,26.3,29.5,33.0,11.0,39.0,0.4096738720703125,True,CALL,2026-12-18,COP
COP261218C00077500,77.5,19.61,27.0,31.05,4.0,10.0,0.40479110839843746,True,CALL,2026-12-18,COP
COP261218C00080000,80.0,24.0,25.0,29.3,1.0,81.0,0.40546248840332033,True,CALL,2026-12-18,COP
COP261218C00082500,82.5,20.02,23.5,27.3,1.0,46.0,0.3947204083251954,True,CALL,2026-12-18,COP
COP261218C00085000,85.0,17.2,21.5,25.5,1.0,40.0,0.38941040283203127,True,CALL,2026-12-18,COP
COP261218C00087500,87.5,21.51,20.0,23.15,67.0,71.0,0.36475244628906256,True,CALL,2026-12-18,COP
COP261218C00090000,90.0,17.05,18.85,21.65,4.0,118.0,0.3660952062988281,True,CALL,2026-12-18,COP
COP261218C00092500,92.5,14.65,17.6,19.25,15.0,257.0,0.3386296606445312,True,CALL,2026-12-18,COP
COP261218C00095000,95.0,16.45,15.6,18.25,1.0,150.0,0.3505924316406249,True,CALL,2026-12-18,COP
COP261218C00097500,97.5,11.0,14.4,16.35,7.0,217.0,0.334967587890625,True,CALL,2026-12-18,COP
COP261218C00100000,100.0,13.45,13.05,15.0,3.0,458.0,0.3327093096923829,True,CALL,2026-12-18,COP
COP261218C00105000,105.0,11.3,10.55,12.15,6.0,175.0,0.3186103295898437,False,CALL,2026-12-18,COP
COP261218C00110000,110.0,9.55,9.1,9.65,114.0,410.0,0.3060372131347656,False,CALL,2026-12-18,COP
COP261218C00115000,115.0,7.68,7.3,7.8,84.0,1924.0,0.3024361749267578,False,CALL,2026-12-18,COP
COP261218C00120000,120.0,5.7,5.75,6.5,39.0,317.0,0.3062508340454102,False,CALL,2026-12-18,COP
COP261218C00125000,125.0,4.9,4.6,4.95,1.0,212.0,0.29645478942871095,False,CALL,2026-12-18,COP
COP261218C00130000,130.0,3.01,3.6,3.9,19.0,427.0,0.2941965112304687,False,CALL,2026-12-18,COP
COP261218C00135000,135.0,2.98,2.72,3.3,2.0,227.0,0.30084927673339845,False,CALL,2026-12-18,COP
COP261218P00075000,75.0,2.5,1.68,2.28,22.0,2679.0,0.34363449340820307,False,PUT,2026-12-18,COP
COP261218P00077500,77.5,2.95,1.94,3.7,1.0,111.0,0.38281867187499996,False,PUT,2026-12-18,COP
COP261218P00080000,80.0,4.6,1.77,3.3,200.0,2787.0,0.33924000610351557,False,PUT,2026-12-18,COP
COP261218P00082500,82.5,4.95,2.71,4.2,37.0,350.0,0.348090015258789,False,PUT,2026-12-18,COP
COP261218P00085000,85.0,5.0,3.25,4.95,1.0,563.0,0.34754070434570306,False,PUT,2026-12-18,COP
COP261218P00087500,87.5,4.7,4.1,5.4,3.0,90.0,0.3345403460693359,False,PUT,2026-12-18,COP
COP261218P00090000,90.0,6.6,5.25,5.85,1.0,444.0,0.32044136596679684,False,PUT,2026-12-18,COP
COP261218P00092500,92.5,8.6,5.6,6.8,2.0,89.0,0.3200751586914062,False,PUT,2026-12-18,COP
COP261218P00095000,95.0,9.0,6.95,7.6,4.0,252.0,0.3130561859130859,False,PUT,2026-12-18,COP
COP261218P00097500,97.5,9.9,7.55,9.05,3.0,419.0,0.3219061950683593,False,PUT,2026-12-18,COP
COP261218P00100000,100.0,9.3,9.05,10.35,2.0,1193.0,0.32404240417480457,False,PUT,2026-12-18,COP
COP261218P00105000,105.0,11.7,11.45,12.4,1.0,45.0,0.30762411132812495,True,PUT,2026-12-18,COP
COP261218P00110000,110.0,14.55,14.1,15.25,1.0,568.0,0.30408410766601557,True,PUT,2026-12-18,COP
COP261218P00115000,115.0,23.19,16.7,18.25,1.0,59.0,0.296607375793457,True,PUT,2026-12-18,COP
COP261218P00120000,120.0,21.15,19.95,21.55,23.0,92.0,0.2892527130126953,True,PUT,2026-12-18,COP
COP261218P00125000,125.0,29.7,23.4,25.1,2.0,70.0,0.2810740838623046,True,PUT,2026-12-18,COP
COP261218P00130000,130.0,18.6,21.75,22.85,4.0,7.0,1.0000000000000003e-05,True,PUT,2026-12-18,COP
COP261218P00135000,135.0,53.7,45.0,50.0,5.0,0.0,0.6746858703613283,True,PUT,2026-12-18,COP
COP270115C00075000,75.0,24.45,29.5,33.5,6.0,59.0,0.4138242211914062,True,CALL,2027-01-15,COP
COP270115C00077500,77.5,23.93,28.0,31.4,2.0,59.0,0.4018614501953125,True,CALL,2027-01-15,COP
COP270115C00080000,80.0,24.0,26.0,29.5,1.0,144.0,0.39624627197265627,True,CALL,2027-01-15,COP
COP270115C00082500,82.5,20.0,24.05,27.45,1.0,75.0,0.383795224609375,True,CALL,2027-01-15,COP
COP270115C00085000,85.0,24.0,22.75,25.0,3.0,277.0,0.35742830078125,True,CALL,2027-01-15,COP
COP270115C00087500,87.5,22.1,20.5,23.7,1.0,3567.0,0.3668276208496094,True,CALL,2027-01-15,COP
COP270115C00090000,90.0,20.35,19.5,22.0,1.0,238.0,0.3614565808105469,True,CALL,2027-01-15,COP
COP270115C00092500,92.5,16.5,17.8,19.8,4.0,185.0,0.3403386279296875,True,CALL,2027-01-15,COP
COP270115C00095000,95.0,16.7,16.85,18.65,23.0,522.0,0.3471439797973632,True,CALL,2027-01-15,COP
COP270115C00097500,97.5,15.68,14.95,16.45,5.0,462.0,0.32398136962890617,True,CALL,2027-01-15,COP
COP270115C00100000,100.0,14.5,13.65,15.05,8.0,1636.0,0.3205024005126953,True,CALL,2027-01-15,COP
COP270115C00105000,105.0,11.56,11.0,13.1,26.0,600.0,0.32910827148437494,False,CALL,2027-01-15,COP
COP270115C00110000,110.0,9.6,9.3,10.1,24.0,755.0,0.3046029013061523,False,CALL,2027-01-15,COP
COP270115C00115000,115.0,7.9,7.75,8.25,11.0,1472.0,0.3013985876464844,False,CALL,2027-01-15,COP
COP270115C00120000,120.0,6.3,6.25,6.8,44.0,1001.0,0.30158169128417966,False,CALL,2027-01-15,COP
COP270115C00125000,125.0,5.25,4.6,5.6,68.0,237.0,0.30228358856201176,False,CALL,2027-01-15,COP
COP270115C00130000,130.0,4.3,4.0,4.35,31.0,2585.0,0.29572237487792963,False,CALL,2027-01-15,COP
COP270115C00135000,135.0,2.1,3.1,4.35,1.0,163.0,0.321723091430664,False,CALL,2027-01-15,COP
COP270115P00075000,75.0,3.5,1.92,3.6,4.0,406.0,0.389654541015625,False,PUT,2027-01-15,COP
COP270115P00077500,77.5,3.15,2.23,4.1,4.0,507.0,0.3833069482421875,False,PUT,2027-01-15,COP
COP270115P00080000,80.0,3.45,3.0,4.35,1.0,3996.0,0.36597313720703123,False,PUT,2027-01-15,COP
COP270115P00082500,82.5,4.3,3.05,4.7,4.0,421.0,0.3517520880126953,False,PUT,2027-01-15,COP
COP270115P00085000,85.0,4.35,4.15,4.55,39.0,2047.0,0.31995308959960933,False,PUT,2027-01-15,COP
COP270115P00087500,87.5,5.05,4.85,5.55,5.0,840.0,0.32569033691406246,False,PUT,2027-01-15,COP
COP270115P00090000,90.0,5.95,5.55,6.0,16.0,2352.0,0.311957564086914,False,PUT,2027-01-15,COP
COP270115P00092500,92.5,6.8,5.45,6.85,90.0,799.0,0.3085396295166015,False,PUT,2027-01-15,COP
COP270115P00095000,95.0,7.5,7.25,8.7,19.0,871.0,0.33020689331054687,False,PUT,2027-01-15,COP
COP270115P00097500,97.5,7.81,6.9,9.65,1.0,313.0,0.32459171508789053,False,PUT,2027-01-15,COP
COP270115P00100000,100.0,9.65,9.15,10.85,1.0,564.0,0.32367619689941396,False,PUT,2027-01-15,COP
COP270115P00105000,105.0,12.5,11.65,12.55,9.0,184.0,0.2988656539916992,True,PUT,2027-01-15,COP
COP270115P00110000,110.0,15.0,13.85,15.8,19.0,209.0,0.30524376403808595,True,PUT,2027-01-15,COP
COP270115P00115000,115.0,17.98,16.5,18.8,1.0,52.0,0.298285825805664,True,PUT,2027-01-15,COP
COP270115P00120000,120.0,26.22,19.95,22.05,2.0,78.0,0.2905954730224609,True,PUT,2027-01-15,COP
COP270115P00125000,125.0,28.2,23.65,25.6,12.0,265.0,0.28375960388183585,True,PUT,2027-01-15,COP
COP270115P00130000,130.0,31.3,27.05,29.4,2.0,34.0,0.27698476928710936,True,PUT,2027-01-15,COP
COP270115P00135000,135.0,36.65,31.0,34.5,,1.0,0.30560997131347656,True,PUT,2027-01-15,COP
COP270617C00075000,75.0,27.95,30.5,35.5,1.0,1.0,0.41058939025878904,True,CALL,2027-06-17,COP
COP270617C00085000,85.0,21.05,23.5,28.0,8.0,8.0,0.37756970092773434,True,CALL,2027-06-17,COP
COP270617C00097500,97.5,13.73,16.0,20.0,,1.0,0.3480594979858398,True,CALL,2027-06-17,COP
COP270617C00110000,110.0,11.79,11.1,12.6,10.0,32.0,0.30536583312988286,False,CALL,2027-06-17,COP
COP270617P00097500,97.5,12.65,10.3,12.5,25.0,25.0,0.33338068969726564,False,PUT,2027-06-17,COP
COP270617P00110000,110.0,21.0,15.6,18.5,,1.0,0.3100654931640625,True,PUT,2027-06-17,COP
COP270617P00125000,125.0,31.47,24.5,28.5,,1.0,0.3016427258300781,True,PUT,2027-06-17,COP
COP271217C00075000,75.0,26.35,31.5,36.5,24.0,74.0,0.3781800463867187,True,CALL,2027-12-17,COP
COP271217C00077500,77.5,27.77,30.0,35.0,2.0,47.0,0.38031625549316406,True,CALL,2027-12-17,COP
COP271217C00080000,80.0,19.35,0.0,0.0,17.0,26.0,1.0000000000000003e-05,True,CALL,2027-12-17,COP
COP271217C00082500,82.5,26.25,27.0,31.0,1.0,14.0,0.35742830078125,True,CALL,2027-12-17,COP
COP271217C00085000,85.0,24.06,25.6,28.65,5.0,17.0,0.3377446597290039,True,CALL,2027-12-17,COP
COP271217C00087500,87.5,19.33,24.0,27.5,37.0,5.0,0.3435734588623046,True,CALL,2027-12-17,COP
COP271217C00090000,90.0,22.0,22.7,25.65,1.0,23.0,0.3335332760620118,True,CALL,2027-12-17,COP
COP271217C00092500,92.5,19.5,20.5,25.5,1.0,23.0,0.3565127825927734,True,CALL,2027-12-17,COP
COP271217C00095000,95.0,18.53,19.5,23.5,2.0,95.0,0.3415593188476562,True,CALL,2027-12-17,COP
COP271217C00097500,97.5,15.3,18.0,23.0,2.0,192.0,0.3544986425781249,True,CALL,2027-12-17,COP
COP271217C00100000,100.0,18.77,17.0,21.0,10.0,231.0,0.3382634533691406,True,CALL,2027-12-17,COP
COP271217C00105000,105.0,17.06,15.75,18.95,1.0,126.0,0.3394231097412109,False,CALL,2027-12-17,COP
COP271217C00110000,110.0,14.68,14.05,15.3,4.0,201.0,0.3089058367919921,False,CALL,2027-12-17,COP
COP271217C00115000,115.0,13.0,11.4,14.6,1.0,358.0,0.327155166015625,False,CALL,2027-12-17,COP
COP271217C00120000,120.0,7.04,9.75,12.25,4.0,240.0,0.3133003240966796,False,CALL,2027-12-17,COP
COP271217C00125000,125.0,7.03,7.5,12.0,10.0,43.0,0.3336248278808594,False,CALL,2027-12-17,COP
COP271217C00130000,130.0,6.1,6.5,9.25,4.0,38.0,0.30655600677490236,False,CALL,2027-12-17,COP
COP271217C00135000,135.0,6.32,5.05,9.4,8.0,70.0,0.3298406860351562,False,CALL,2027-12-17,COP
COP271217P00075000,75.0,5.6,3.45,6.15,1.0,70.0,0.3511417425537109,False,PUT,2027-12-17,COP
COP271217P00077500,77.5,6.8,4.1,6.7,1.0,29.0,0.3434513897705078,False,PUT,2027-12-17,COP
COP271217P00080000,80.0,6.85,4.8,8.45,5.0,839.0,0.363836928100586,False,PUT,2027-12-17,COP
COP271217P00082500,82.5,8.94,6.5,9.5,2.0,84.0,0.3649355499267578,False,PUT,2027-12-17,COP
COP271217P00085000,85.0,8.2,7.45,10.0,1.0,172.0,0.3526676062011719,False,PUT,2027-12-17,COP
COP271217P00087500,87.5,9.85,8.3,10.8,1.0,118.0,0.34635053070068356,False,PUT,2027-12-17,COP
COP271217P00090000,90.0,10.78,7.5,11.75,1.0,60.0,0.34232225067138666,False,PUT,2027-12-17,COP
COP271217P00092500,92.5,14.3,16.75,18.45,6.0,33.0,0.45111632873535157,False,PUT,2027-12-17,COP
COP271217P00095000,95.0,15.5,9.95,13.5,1.0,158.0,0.32874206420898433,False,PUT,2027-12-17,COP
COP271217P00097500,97.5,14.9,10.5,15.0,2.0,108.0,0.33255672332763675,False,PUT,2027-12-17,COP
COP271217P00100000,100.0,18.5,17.85,21.35,2.0,146.0,0.42520716400146485,False,PUT,2027-12-17,COP
COP271217P00105000,105.0,18.35,15.85,18.0,2.0,78.0,0.31055376953124997,True,PUT,2027-12-17,COP
COP271217P00110000,110.0,21.48,18.25,21.0,14.0,77.0,0.3095466995239258,True,PUT,2027-12-17,COP
COP271217P00115000,115.0,24.39,20.4,23.45,32.0,112.0,0.2954172021484375,True,PUT,2027-12-17,COP
COP271217P00120000,120.0,27.9,24.55,27.0,10.0,108.0,0.2972177212524414,True,PUT,2027-12-17,COP
COP271217P00125000,125.0,33.4,26.0,31.0,22.0,21.0,0.3039925558471679,True,PUT,2027-12-17,COP
COP271217P00130000,130.0,37.44,37.0,40.7,5.0,2.0,0.4101621484375,True,PUT,2027-12-17,COP
COP271217P00135000,135.0,39.22,33.5,38.0,2.0,6.0,0.29090064575195307,True,PUT,2027-12-17,COP
COP280121C00075000,75.0,30.71,32.5,35.65,1.0,27.0,0.3469913934326171,True,CALL,2028-01-21,COP
COP280121C00077500,77.5,20.6,0.0,0.0,6.0,3.0,1.0000000000000003e-05,True,CALL,2028-01-21,COP
COP280121C00080000,80.0,31.0,29.0,32.15,10.0,218.0,0.3402470761108398,True,CALL,2028-01-21,COP
COP280121C00082500,82.5,25.64,27.0,31.0,1.0,50.0,0.348639326171875,True,CALL,2028-01-21,COP
COP280121C00085000,85.0,25.0,25.5,29.5,1.0,192.0,0.3476017388916015,True,CALL,2028-01-21,COP
COP280121C00087500,87.5,21.2,24.0,28.5,1.0,48.0,0.3556582989501953,True,CALL,2028-01-21,COP
COP280121C00090000,90.0,21.36,22.5,26.5,1.0,166.0,0.342230698852539,True,CALL,2028-01-21,COP
COP280121C00092500,92.5,21.0,21.5,25.5,1.0,81.0,0.34775432525634764,True,CALL,2028-01-21,COP
COP280121C00095000,95.0,18.45,20.0,24.5,1.0,97.0,0.3519657089233398,True,CALL,2028-01-21,COP
COP280121C00097500,97.5,20.13,19.0,21.3,2.0,203.0,0.31464308410644526,True,CALL,2028-01-21,COP
COP280121C00100000,100.0,18.88,17.75,20.0,2.0,139.0,0.3119880813598632,True,CALL,2028-01-21,COP
COP280121C00105000,105.0,14.84,15.5,19.5,1.0,318.0,0.34073535247802733,False,CALL,2028-01-21,COP
COP280121C00110000,110.0,11.0,14.35,15.95,2.0,193.0,0.31250687499999996,False,CALL,2028-01-21,COP
COP280121C00115000,115.0,13.06,11.5,14.8,20.0,54.0,0.3225470578002929,False,CALL,2028-01-21,COP
COP280121C00120000,120.0,11.35,11.1,12.45,4.0,268.0,0.30905842315673826,False,CALL,2028-01-21,COP
COP280121C00125000,125.0,8.45,8.0,12.5,1.0,24.0,0.33408258697509763,False,CALL,2028-01-21,COP
COP280121C00130000,130.0,8.4,8.3,9.4,10.0,45.0,0.30170376037597657,False,CALL,2028-01-21,COP
COP280121C00135000,135.0,7.5,7.3,10.0,5.0,32.0,0.33255672332763675,False,CALL,2028-01-21,COP
COP280121P00075000,75.0,6.1,3.55,7.5,4.0,85.0,0.3772645281982422,False,PUT,2028-01-21,COP
COP280121P00077500,77.5,6.69,3.5,7.95,2.0,2.0,0.365667964477539,False,PUT,2028-01-21,COP
COP280121P00080000,80.0,7.9,4.95,8.5,1.0,274.0,0.35608554077148435,False,PUT,2028-01-21,COP
COP280121P00082500,82.5,7.82,5.85,9.5,16.0,17.0,0.3559939889526367,False,PUT,2028-01-21,COP
COP280121P00085000,85.0,8.0,7.95,9.2,10.0,1071.0,0.32691102783203124,False,PUT,2028-01-21,COP
COP280121P00087500,87.5,9.88,7.0,11.1,6.0,10.0,0.3440312179565429,False,PUT,2028-01-21,COP
COP280121P00090000,90.0,12.8,8.0,12.0,7.0,523.0,0.3389043161010742,False,PUT,2028-01-21,COP
COP280121P00092500,92.5,13.0,9.0,13.0,1.0,6.0,0.3349065533447265,False,PUT,2028-01-21,COP
COP280121P00095000,95.0,13.0,10.0,14.0,1.0,46.0,0.33005430694580074,False,PUT,2028-01-21,COP
COP280121P00097500,97.5,14.8,11.0,15.0,25.0,98.0,0.3244086114501953,False,PUT,2028-01-21,COP
COP280121P00100000,100.0,14.2,13.6,15.9,2.0,100.0,0.31619946502685536,False,PUT,2028-01-21,COP
COP280121P00105000,105.0,16.5,14.8,18.0,2.0,56.0,0.3029244512939453,True,PUT,2028-01-21,COP
COP280121P00110000,110.0,19.08,17.5,21.0,1.0,129.0,0.3019784158325196,True,PUT,2028-01-21,COP
COP280121P00115000,115.0,25.82,20.5,24.5,2.0,5.0,0.3061287649536133,True,PUT,2028-01-21,COP
COP280121P00120000,120.0,34.1,35.35,37.8,2.0,9.0,0.47485876708984376,True,PUT,2028-01-21,COP
COP280121P00125000,125.0,34.8,36.3,38.25,11.0,11.0,0.42130095306396487,True,PUT,2028-01-21,COP
COP280121P00130000,130.0,34.9,30.5,34.0,4.0,9.0,0.2826304647827148,True,PUT,2028-01-21,COP
COP280121P00135000,135.0,43.4,44.55,46.5,6.0,6.0,0.43469803588867195,True,PUT,2028-01-21,COP
COP281215C00075000,75.0,29.26,34.0,37.5,1.0,11.0,0.32663637237548826,True,CALL,2028-12-15,COP
COP281215C00080000,80.0,28.93,30.5,35.0,8.0,38.0,0.33624931335449215,True,CALL,2028-12-15,COP
COP281215C00085000,85.0,24.3,27.5,32.5,1.0,2.0,0.3406132833862304,True,CALL,2028-12-15,COP
COP281215C00090000,90.0,27.19,26.6,27.75,1.0,102.0,0.30417565948486325,True,CALL,2028-12-15,COP
COP281215C00092500,92.5,20.5,24.0,28.0,10.0,17.0,0.32816223602294914,True,CALL,2028-12-15,COP
COP281215C00095000,95.0,22.27,23.5,25.4,15.0,101.0,0.30573204040527346,True,CALL,2028-12-15,COP
COP281215C00097500,97.5,21.22,22.05,25.3,6.0,11.0,0.32175360870361325,True,CALL,2028-12-15,COP
COP281215C00100000,100.0,22.5,21.3,23.95,1.0,118.0,0.3176642941284179,True,CALL,2028-12-15,COP
COP281215C00105000,105.0,16.48,18.5,21.3,40.0,41.0,0.3086311813354492,False,CALL,2028-12-15,COP
COP281215C00110000,110.0,18.71,16.55,20.5,1.0,67.0,0.3240729214477538,False,CALL,2028-12-15,COP
COP281215C00115000,115.0,16.65,16.0,17.3,3.0,97.0,0.30277186492919916,False,CALL,2028-12-15,COP
COP281215C00120000,120.0,14.9,13.25,16.8,2.0,56.0,0.31783213912963865,False,CALL,2028-12-15,COP
COP281215C00125000,125.0,13.45,12.05,14.55,1.0,25.0,0.3061592822265625,False,CALL,2028-12-15,COP
COP281215C00130000,130.0,9.85,10.0,14.5,10.0,13.0,0.32398136962890617,False,CALL,2028-12-15,COP
COP281215C00135000,135.0,8.13,8.95,13.0,10.0,33.0,0.31958688232421867,False,CALL,2028-12-15,COP
COP281215P00087500,87.5,12.8,9.0,13.5,,1.0,0.32590395782470705,False,PUT,2028-12-15,COP
COP281215P00090000,90.0,12.6,10.8,14.15,1.0,71.0,0.31632153411865227,False,PUT,2028-12-15,COP
COP281215P00092500,92.5,15.2,11.0,15.5,69.0,10.0,0.31763377685546873,False,PUT,2028-12-15,COP
COP281215P00100000,100.0,17.75,14.85,19.0,6.0,21.0,0.3085396295166015,False,PUT,2028-12-15,COP
COP281215P00105000,105.0,23.2,18.6,20.5,,17.0,0.28742167663574214,True,PUT,2028-12-15,COP
COP281215P00110000,110.0,26.25,21.0,23.65,3.0,19.0,0.2881846084594726,True,PUT,2028-12-15,COP
COP281215P00120000,120.0,30.31,25.5,29.5,,2.0,0.27603873382568356,True,PUT,2028-12-15,COP
CORZ260130C00013500,13.5,5.58,4.7,6.25,1.0,26.0,3.27343931640625,True,CALL,2026-01-30,CORZ
CORZ260130C00014000,14.0,5.1,4.2,6.35,1.0,24.0,4.179692275390625,True,CALL,2026-01-30,CORZ
CORZ260130C00014500,14.5,5.55,3.7,5.75,301.0,183.0,3.6718758203125006,True,CALL,2026-01-30,CORZ
CORZ260130C00015000,15.0,5.27,3.2,4.45,18.0,787.0,0.500005,True,CALL,2026-01-30,CORZ
CORZ260130C00015500,15.5,3.6,3.25,3.95,24.0,107.0,2.6250034375,True,CALL,2026-01-30,CORZ
CORZ260130C00016000,16.0,3.12,2.79,3.4,29.0,6717.0,2.3085979785156248,True,CALL,2026-01-30,CORZ
CORZ260130C00016500,16.5,2.58,1.7,3.05,2.0,397.0,1.21875390625,True,CALL,2026-01-30,CORZ
CORZ260130C00017000,17.0,2.19,1.63,2.37,3.0,234.0,1.4453152734375,True,CALL,2026-01-30,CORZ
CORZ260130C00017500,17.5,1.67,1.46,2.03,331.0,676.0,1.75000125,True,CALL,2026-01-30,CORZ
CORZ260130C00018000,18.0,1.4,0.97,1.56,20.0,1219.0,1.4453152734375,True,CALL,2026-01-30,CORZ
CORZ260130C00018500,18.5,0.96,0.63,1.2,66.0,4097.0,1.3437532812499997,True,CALL,2026-01-30,CORZ
CORZ260130C00019000,19.0,0.55,0.37,0.51,1138.0,1447.0,0.937500625,False,CALL,2026-01-30,CORZ
CORZ260130C00019500,19.5,0.18,0.18,0.28,589.0,4251.0,0.87500125,False,CALL,2026-01-30,CORZ
CORZ260130C00020000,20.0,0.12,0.07,0.14,1173.0,19372.0,0.8359391406249999,False,CALL,2026-01-30,CORZ
CORZ260130C00020500,20.5,0.09,0.04,0.07,51.0,5629.0,0.87500125,False,CALL,2026-01-30,CORZ
CORZ260130C00021000,21.0,0.03,0.02,0.04,1313.0,12636.0,0.914063359375,False,CALL,2026-01-30,CORZ
CORZ260130C00021500,21.5,0.02,0.0,0.19,1.0,469.0,1.3828155859374998,False,CALL,2026-01-30,CORZ
CORZ260130C00022000,22.0,0.01,0.0,0.69,1.0,5273.0,2.3203166992187496,False,CALL,2026-01-30,CORZ
CORZ260130C00023000,23.0,0.03,0.0,0.03,20.0,641.0,1.3125034374999998,False,CALL,2026-01-30,CORZ
CORZ260130C00024000,24.0,0.01,0.0,0.36,23.0,170.0,2.5234411914062496,False,CALL,2026-01-30,CORZ
CORZ260130P00013500,13.5,0.02,0.0,0.02,13.0,738.0,1.984375078125,False,PUT,2026-01-30,CORZ
CORZ260130P00014000,14.0,0.02,0.01,0.03,57.0,3337.0,1.984375078125,False,PUT,2026-01-30,CORZ
CORZ260130P00014500,14.5,0.04,0.01,0.03,3.0,1279.0,1.78125109375,False,PUT,2026-01-30,CORZ
CORZ260130P00015000,15.0,0.04,0.01,0.08,2.0,599.0,1.8437507812499998,False,PUT,2026-01-30,CORZ
CORZ260130P00015500,15.5,0.02,0.01,0.05,34.0,868.0,1.5000025,False,PUT,2026-01-30,CORZ
CORZ260130P00016000,16.0,0.05,0.02,0.09,3.0,3873.0,1.46875265625,False,PUT,2026-01-30,CORZ
CORZ260130P00016500,16.5,0.01,0.03,0.12,2.0,1482.0,1.3437532812499997,False,PUT,2026-01-30,CORZ
CORZ260130P00017000,17.0,0.08,0.05,0.08,5.0,1969.0,1.0625046875000002,False,PUT,2026-01-30,CORZ
CORZ260130P00017500,17.5,0.12,0.09,0.13,56.0,671.0,0.98437515625,False,PUT,2026-01-30,CORZ
CORZ260130P00018000,18.0,0.23,0.13,0.21,111.0,5057.0,0.867188828125,False,PUT,2026-01-30,CORZ
CORZ260130P00018500,18.5,0.33,0.26,0.35,56.0,6380.0,0.8164080859374999,False,PUT,2026-01-30,CORZ
CORZ260130P00019000,19.0,0.75,0.4,0.65,3.0,738.0,0.773439765625,True,PUT,2026-01-30,CORZ
CORZ260130P00019500,19.5,1.02,0.76,1.26,4.0,438.0,1.0859420703125,True,PUT,2026-01-30,CORZ
CORZ260130P00020000,20.0,0.75,1.02,1.71,33.0,1209.0,1.0546922265625,True,PUT,2026-01-30,CORZ
CORZ260130P00020500,20.5,1.18,1.05,1.93,4.0,188.0,1.4492215039062502,True,PUT,2026-01-30,CORZ
CORZ260130P00021000,21.0,1.62,1.5,2.61,60.0,190.0,2.0937547656249995,True,PUT,2026-01-30,CORZ
CORZ260130P00022000,22.0,2.27,2.45,3.9,1.0,31.0,0.500005,True,PUT,2026-01-30,CORZ
CORZ260130P00023000,23.0,4.09,3.6,5.25,20.0,31.0,2.42969142578125,True,PUT,2026-01-30,CORZ
CORZ260130P00024000,24.0,5.0,4.95,5.3,41.0,40.0,2.2968792578125,True,PUT,2026-01-30,CORZ
CORZ260206C00014500,14.5,4.2,3.5,5.15,100.0,50.0,0.500005,True,CALL,2026-02-06,CORZ
CORZ260206C00015000,15.0,5.5,2.87,4.95,21.0,26.0,0.992187578125,True,CALL,2026-02-06,CORZ
CORZ260206C00015500,15.5,3.6,2.89,4.65,100.0,165.0,1.478518232421875,True,CALL,2026-02-06,CORZ
CORZ260206C00016000,16.0,2.96,2.43,4.45,2.0,34.0,1.5273461132812498,True,CALL,2026-02-06,CORZ
CORZ260206C00016500,16.5,2.4,2.06,3.15,3.0,232.0,0.9609378906249999,True,CALL,2026-02-06,CORZ
CORZ260206C00017000,17.0,2.2,2.12,2.73,2.0,138.0,1.1757853710937498,True,CALL,2026-02-06,CORZ
CORZ260206C00017500,17.5,2.03,1.82,1.94,43.0,411.0,0.9609378906249999,True,CALL,2026-02-06,CORZ
CORZ260206C00018000,18.0,1.62,1.47,1.59,226.0,353.0,0.9257819921875,True,CALL,2026-02-06,CORZ
CORZ260206C00018500,18.5,1.09,1.19,1.28,47.0,195.0,0.91211025390625,True,CALL,2026-02-06,CORZ
CORZ260206C00019000,19.0,1.0,0.9,1.03,2.0,3494.0,0.8867198828124999,False,CALL,2026-02-06,CORZ
CORZ260206C00019500,19.5,0.93,0.68,0.85,76.0,887.0,0.8906260937499999,False,CALL,2026-02-06,CORZ
CORZ260206C00020000,20.0,0.72,0.55,0.6,104.0,1824.0,0.8730481445312499,False,CALL,2026-02-06,CORZ
CORZ260206C00020500,20.5,0.51,0.35,0.49,97.0,227.0,0.8554701953125,False,CALL,2026-02-06,CORZ
CORZ260206C00021000,21.0,0.39,0.29,0.38,219.0,8064.0,0.8808605664062499,False,CALL,2026-02-06,CORZ
CORZ260206C00021500,21.5,0.25,0.22,0.29,1061.0,1225.0,0.8867198828124999,False,CALL,2026-02-06,CORZ
CORZ260206C00022000,22.0,0.2,0.16,0.22,373.0,4925.0,0.8906260937499999,False,CALL,2026-02-06,CORZ
CORZ260206C00022500,22.5,0.36,0.11,0.96,45.0,27.0,1.404299853515625,False,CALL,2026-02-06,CORZ
CORZ260206C00023000,23.0,0.3,0.0,0.34,20.0,1066.0,1.0234423828125,False,CALL,2026-02-06,CORZ
CORZ260206C00023500,23.5,0.16,0.0,1.35,1.0,1.0,1.7421887890624999,False,CALL,2026-02-06,CORZ
CORZ260206C00024000,24.0,0.06,0.01,0.12,2.0,114.0,0.937500625,False,CALL,2026-02-06,CORZ
CORZ260206P00013500,13.5,0.21,0.0,0.64,2.0,277.0,1.9101566992187502,False,PUT,2026-02-06,CORZ
CORZ260206P00014000,14.0,0.13,0.04,0.14,50.0,362.0,1.2460975195312498,False,PUT,2026-02-06,CORZ
CORZ260206P00014500,14.5,0.38,0.0,0.39,2.0,137.0,1.3750031249999999,False,PUT,2026-02-06,CORZ
CORZ260206P00015000,15.0,0.18,0.04,0.2,100.0,353.0,1.08203583984375,False,PUT,2026-02-06,CORZ
CORZ260206P00015500,15.5,0.17,0.0,0.72,165.0,345.0,1.36328443359375,False,PUT,2026-02-06,CORZ
CORZ260206P00016000,16.0,0.25,0.17,0.25,73.0,3768.0,0.9960937890625,False,PUT,2026-02-06,CORZ
CORZ260206P00016500,16.5,0.23,0.22,0.3,1.0,360.0,0.9335944140625,False,PUT,2026-02-06,CORZ
CORZ260206P00017000,17.0,0.32,0.3,0.39,437.0,10511.0,0.8964854101562498,False,PUT,2026-02-06,CORZ
CORZ260206P00017500,17.5,0.5,0.41,0.5,5.0,775.0,0.86132951171875,False,PUT,2026-02-06,CORZ
CORZ260206P00018000,18.0,0.55,0.55,0.64,431.0,7750.0,0.8261736132812498,False,PUT,2026-02-06,CORZ
CORZ260206P00018500,18.5,0.79,0.78,0.87,722.0,636.0,0.8378922460937499,False,PUT,2026-02-06,CORZ
CORZ260206P00019000,19.0,1.17,0.97,1.11,6.0,397.0,0.8027363476562499,True,PUT,2026-02-06,CORZ
CORZ260206P00019500,19.5,1.08,1.22,1.39,185.0,433.0,0.773439765625,True,PUT,2026-02-06,CORZ
CORZ260206P00020000,20.0,1.35,1.57,1.71,2.0,1215.0,0.77148666015625,True,PUT,2026-02-06,CORZ
CORZ260206P00020500,20.5,1.73,1.93,2.07,5.0,85.0,0.7578149218750001,True,PUT,2026-02-06,CORZ
CORZ260206P00021000,21.0,2.98,2.34,2.48,30.0,50.0,0.7656273437500001,True,PUT,2026-02-06,CORZ
CORZ260206P00022000,22.0,2.68,2.61,3.75,6.0,39.0,1.3457063964843747,True,PUT,2026-02-06,CORZ
CORZ260213C00013500,13.5,6.4,4.85,6.1,12.0,50.0,1.15625421875,True,CALL,2026-02-13,CORZ
CORZ260213C00015000,15.0,4.0,4.05,4.55,20.0,95.0,1.259769326171875,True,CALL,2026-02-13,CORZ
CORZ260213C00015500,15.5,4.5,3.1,4.75,100.0,148.0,1.2578162109375,True,CALL,2026-02-13,CORZ
CORZ260213C00016000,16.0,2.98,2.68,3.8,40.0,54.0,0.96289099609375,True,CALL,2026-02-13,CORZ
CORZ260213C00016500,16.5,3.7,2.37,3.5,100.0,75.0,1.015629921875,True,CALL,2026-02-13,CORZ
CORZ260213C00017000,17.0,3.3,1.98,2.83,16.0,26.0,0.8652357226562499,True,CALL,2026-02-13,CORZ
CORZ260213C00017500,17.5,2.4,2.15,2.46,1.0,125.0,1.0263720556640625,True,CALL,2026-02-13,CORZ
CORZ260213C00018000,18.0,2.4,1.79,2.17,3.0,163.0,0.99804689453125,True,CALL,2026-02-13,CORZ
CORZ260213C00018500,18.5,1.37,1.5,1.67,1.0,7.0,0.9101571484375,True,CALL,2026-02-13,CORZ
CORZ260213C00019000,19.0,1.44,1.29,1.42,87.0,688.0,0.914063359375,False,CALL,2026-02-13,CORZ
CORZ260213C00019500,19.5,1.29,1.06,1.18,2.0,138.0,0.8964854101562498,False,CALL,2026-02-13,CORZ
CORZ260213C00020000,20.0,1.24,0.86,0.99,96.0,609.0,0.8876964355468748,False,CALL,2026-02-13,CORZ
CORZ260213C00020500,20.5,1.2,0.7,0.83,1.0,111.0,0.885743330078125,False,CALL,2026-02-13,CORZ
CORZ260213C00021000,21.0,0.66,0.6,0.69,450.0,2345.0,0.8955088574218748,False,CALL,2026-02-13,CORZ
CORZ260213C00022000,22.0,0.4,0.38,0.49,7.0,108.0,0.8974619628906249,False,CALL,2026-02-13,CORZ
CORZ260213C00023000,23.0,0.53,0.18,0.6,1019.0,2011.0,0.99804689453125,False,CALL,2026-02-13,CORZ
CORZ260213C00024000,24.0,0.3,0.14,0.67,1.0,31.0,1.138676181640625,False,CALL,2026-02-13,CORZ
CORZ260213P00013500,13.5,0.31,0.12,0.18,51.0,626.0,1.15625421875,False,PUT,2026-02-13,CORZ
CORZ260213P00014000,14.0,0.49,0.0,0.77,1.0,520.0,1.3984405078125,False,PUT,2026-02-13,CORZ
CORZ260213P00014500,14.5,0.18,0.01,0.36,5.0,39.0,1.015629921875,False,PUT,2026-02-13,CORZ
CORZ260213P00015000,15.0,0.22,0.18,0.55,31.0,80.0,1.140629296875,False,PUT,2026-02-13,CORZ
CORZ260213P00015500,15.5,0.34,0.23,0.48,2.0,146.0,1.015629921875,False,PUT,2026-02-13,CORZ
CORZ260213P00016000,16.0,0.36,0.31,0.41,45.0,115.0,0.9101571484375,False,PUT,2026-02-13,CORZ
CORZ260213P00016500,16.5,0.47,0.45,0.5,1.0,336.0,0.9003916210937499,False,PUT,2026-02-13,CORZ
CORZ260213P00017000,17.0,0.52,0.55,0.63,48.0,275.0,0.8740246972656249,False,PUT,2026-02-13,CORZ
CORZ260213P00017500,17.5,0.79,0.69,0.8,29.0,125.0,0.85937640625,False,PUT,2026-02-13,CORZ
CORZ260213P00018000,18.0,0.77,0.87,1.02,1.0,124.0,0.85742330078125,False,PUT,2026-02-13,CORZ
CORZ260213P00018500,18.5,1.2,1.05,1.21,51.0,83.0,0.8261736132812498,False,PUT,2026-02-13,CORZ
CORZ260213P00019000,19.0,1.33,1.33,1.46,2.0,313.0,0.8281267187499999,True,PUT,2026-02-13,CORZ
CORZ260213P00021000,21.0,3.35,2.55,2.92,25.0,105.0,0.8339860351562498,True,PUT,2026-02-13,CORZ
CORZ260213P00023000,23.0,4.85,3.4,6.15,,25.0,1.1777384863281248,True,PUT,2026-02-13,CORZ
CORZ260220C00014000,14.0,4.63,4.5,6.0,6.0,390.0,1.2070352148437498,True,CALL,2026-02-20,CORZ
CORZ260220C00015000,15.0,3.94,3.75,4.8,2.0,5126.0,1.0293017285156252,True,CALL,2026-02-20,CORZ
CORZ260220C00016000,16.0,3.63,3.25,4.0,77.0,31394.0,1.0869186279296876,True,CALL,2026-02-20,CORZ
CORZ260220C00016500,16.5,3.3,2.6,3.35,50.0,50.0,0.87500125,True,CALL,2026-02-20,CORZ
CORZ260220C00017000,17.0,2.58,2.68,2.96,238.0,96759.0,0.98437515625,True,CALL,2026-02-20,CORZ
CORZ260220C00018000,18.0,2.29,2.1,2.37,191.0,40133.0,0.97460962890625,True,CALL,2026-02-20,CORZ
CORZ260220C00018500,18.5,1.96,1.72,2.17,1.0,24.0,0.9531254687499999,True,CALL,2026-02-20,CORZ
CORZ260220C00019000,19.0,1.79,1.62,1.87,39.0,38502.0,0.9687503125,False,CALL,2026-02-20,CORZ
CORZ260220C00019500,19.5,1.45,1.28,1.64,103.0,208.0,0.92773509765625,False,CALL,2026-02-20,CORZ
CORZ260220C00020000,20.0,1.3,1.22,1.29,1457.0,35179.0,0.9179695703125,False,CALL,2026-02-20,CORZ
CORZ260220C00020500,20.5,1.1,1.03,1.14,5.0,96.0,0.9169930175781251,False,CALL,2026-02-20,CORZ
CORZ260220C00021000,21.0,1.03,0.88,0.97,54.0,5915.0,0.9101571484375,False,CALL,2026-02-20,CORZ
CORZ260220C00021500,21.5,0.7,0.74,0.82,2.0,49.0,0.9003916210937499,False,CALL,2026-02-20,CORZ
CORZ260220C00022000,22.0,0.65,0.6,0.68,1089.0,64709.0,0.883790224609375,False,CALL,2026-02-20,CORZ
CORZ260220C00022500,22.5,0.57,0.51,0.6,4.0,74.0,0.8916026464843749,False,CALL,2026-02-20,CORZ
CORZ260220C00023000,23.0,0.5,0.41,0.51,144.0,25324.0,0.88476677734375,False,CALL,2026-02-20,CORZ
CORZ260220C00024000,24.0,0.4,0.28,0.37,103.0,17473.0,0.8828136718749999,False,CALL,2026-02-20,CORZ
CORZ260220P00014000,14.0,0.22,0.15,0.44,17.0,5237.0,1.0683640332031252,False,PUT,2026-02-20,CORZ
CORZ260220P00014500,14.5,0.35,0.2,0.51,1.0,14.0,1.0371141894531253,False,PUT,2026-02-20,CORZ
CORZ260220P00015000,15.0,0.51,0.35,0.42,3.0,9270.0,0.9707034179687499,False,PUT,2026-02-20,CORZ
CORZ260220P00015500,15.5,0.56,0.45,0.53,61.0,5275.0,0.96289099609375,False,PUT,2026-02-20,CORZ
CORZ260220P00016000,16.0,0.6,0.58,0.63,15.0,11781.0,0.948242705078125,False,PUT,2026-02-20,CORZ
CORZ260220P00016500,16.5,0.58,0.67,0.75,42.0,163.0,0.9150399121093751,False,PUT,2026-02-20,CORZ
CORZ260220P00017000,17.0,1.14,0.83,0.9,5.0,7246.0,0.90429783203125,False,PUT,2026-02-20,CORZ
CORZ260220P00017500,17.5,0.8,0.81,1.13,5.0,1163.0,0.850587431640625,False,PUT,2026-02-20,CORZ
CORZ260220P00018000,18.0,1.18,1.18,1.27,23.0,1219.0,0.8720715917968749,False,PUT,2026-02-20,CORZ
CORZ260220P00019000,19.0,1.66,1.52,1.87,3.0,479.0,0.84961087890625,True,PUT,2026-02-20,CORZ
CORZ260220P00020000,20.0,2.02,1.96,2.48,1.0,317.0,0.805666005859375,True,PUT,2026-02-20,CORZ
CORZ260220P00020500,20.5,2.16,2.38,2.8,10.0,37.0,0.823243955078125,True,PUT,2026-02-20,CORZ
CORZ260220P00021000,21.0,2.72,2.78,3.05,1.0,233.0,0.8027363476562499,True,PUT,2026-02-20,CORZ
CORZ260220P00022000,22.0,3.02,3.55,3.8,2.0,473.0,0.7929708203125,True,PUT,2026-02-20,CORZ
CORZ260220P00023000,23.0,4.6,3.75,5.15,1.0,153.0,0.7392604199218749,True,PUT,2026-02-20,CORZ
CORZ260220P00024000,24.0,8.3,0.0,0.0,2.0,30.0,1.0000000000000003e-05,True,PUT,2026-02-20,CORZ
CORZ260227C00013500,13.5,5.45,5.0,6.25,,200.0,1.0253954980468751,True,CALL,2026-02-27,CORZ
CORZ260227C00014000,14.0,5.6,4.55,6.85,,156.0,1.408206083984375,True,CALL,2026-02-27,CORZ
CORZ260227C00014500,14.5,4.75,4.8,6.1,40.0,88.0,1.470705771484375,True,CALL,2026-02-27,CORZ
CORZ260227C00015000,15.0,4.5,3.9,4.9,1.0,181.0,0.9941406835937501,True,CALL,2026-02-27,CORZ
CORZ260227C00015500,15.5,4.53,3.45,4.5,1.0,17.0,0.9531254687499999,True,CALL,2026-02-27,CORZ
CORZ260227C00016000,16.0,5.2,3.2,4.9,2.0,8.0,1.201175869140625,True,CALL,2026-02-27,CORZ
CORZ260227C00017000,17.0,3.5,3.05,3.5,38.0,150.0,1.1015669921875002,True,CALL,2026-02-27,CORZ
CORZ260227C00017500,17.5,3.0,2.76,2.95,5.0,6.0,1.0283251708984378,True,CALL,2026-02-27,CORZ
CORZ260227C00018000,18.0,3.25,2.48,2.79,2008.0,5005.0,1.0478563232421876,True,CALL,2026-02-27,CORZ
CORZ260227C00018500,18.5,2.45,2.24,2.35,31.0,60.0,1.0009815576171874,True,CALL,2026-02-27,CORZ
CORZ260227C00019000,19.0,2.22,1.97,2.08,2.0,181.0,0.9794923925781251,False,CALL,2026-02-27,CORZ
CORZ260227C00019500,19.5,2.02,1.79,2.04,1.0,79.0,1.0244189404296877,False,CALL,2026-02-27,CORZ
CORZ260227C00020000,20.0,1.82,1.58,1.68,13.0,1045.0,0.9794923925781251,False,CALL,2026-02-27,CORZ
CORZ260227C00020500,20.5,1.62,1.38,1.47,1.0,32.0,0.963867548828125,False,CALL,2026-02-27,CORZ
CORZ260227C00021000,21.0,1.65,1.22,1.38,3.0,144.0,0.9785158398437501,False,CALL,2026-02-27,CORZ
CORZ260227C00021500,21.5,1.48,1.03,1.18,1.0,3.0,0.9531254687499999,False,CALL,2026-02-27,CORZ
CORZ260227C00022000,22.0,1.12,0.91,1.0,4.0,66.0,0.940430283203125,False,CALL,2026-02-27,CORZ
CORZ260227C00023000,23.0,0.87,0.67,0.77,10.0,113.0,0.928711650390625,False,CALL,2026-02-27,CORZ
CORZ260227C00024000,24.0,0.6,0.52,0.62,13.0,2093.0,0.93945373046875,False,CALL,2026-02-27,CORZ
CORZ260227P00013500,13.5,0.45,0.24,0.61,2.0,105.0,1.1484417578125,False,PUT,2026-02-27,CORZ
CORZ260227P00014000,14.0,0.47,0.31,0.62,2.0,792.0,1.091801416015625,False,PUT,2026-02-27,CORZ
CORZ260227P00014500,14.5,0.43,0.13,0.62,8.0,54.0,0.9257819921875,False,PUT,2026-02-27,CORZ
CORZ260227P00015000,15.0,0.6,0.46,0.67,1.0,120.0,0.9863282617187501,False,PUT,2026-02-27,CORZ
CORZ260227P00015500,15.5,0.66,0.72,0.82,2.0,150.0,1.0312548437500002,False,PUT,2026-02-27,CORZ
CORZ260227P00016000,16.0,0.75,0.78,0.93,85.0,131.0,0.98437515625,False,PUT,2026-02-27,CORZ
CORZ260227P00016500,16.5,1.27,0.99,1.08,28.0,177.0,0.9873048144531251,False,PUT,2026-02-27,CORZ
CORZ260227P00017000,17.0,1.44,1.18,1.44,29.0,61.0,1.0283251708984378,False,PUT,2026-02-27,CORZ
CORZ260227P00017500,17.5,1.15,1.35,1.47,3.0,83.0,0.9677737597656251,False,PUT,2026-02-27,CORZ
CORZ260227P00018000,18.0,1.44,1.55,1.67,2.0,182.0,0.9501958105468749,False,PUT,2026-02-27,CORZ
CORZ260227P00018500,18.5,1.7,1.78,1.9,1.0,41.0,0.93945373046875,False,PUT,2026-02-27,CORZ
CORZ260227P00019000,19.0,2.39,2.01,2.26,,40.0,0.9492192578124999,True,PUT,2026-02-27,CORZ
CORZ260227P00022000,22.0,5.3,3.75,4.1,,1.0,0.8339860351562498,True,PUT,2026-02-27,CORZ
CORZ260227P00024000,24.0,6.65,4.7,6.85,,45.0,0.9580082324218748,True,PUT,2026-02-27,CORZ
CORZ260306C00019000,19.0,2.45,2.12,2.38,1.0,3.0,0.9765627343750001,False,CALL,2026-03-06,CORZ
CORZ260306C00020500,20.5,2.7,1.56,1.79,3.0,3.0,0.973633076171875,False,CALL,2026-03-06,CORZ
CORZ260306C00021000,21.0,1.4,1.4,1.63,5.0,295.0,0.973633076171875,False,CALL,2026-03-06,CORZ
CORZ260306C00023000,23.0,1.35,0.74,1.1,12.0,16.0,0.9345709667968749,False,CALL,2026-03-06,CORZ
CORZ260306P00013500,13.5,1.07,0.31,0.73,1.0,2.0,1.1103560107421875,False,PUT,2026-03-06,CORZ
CORZ260306P00014000,14.0,1.1,0.34,0.82,1.0,41.0,1.0683640332031252,False,PUT,2026-03-06,CORZ
CORZ260306P00015000,15.0,0.68,0.58,0.85,21.0,51.0,0.983398603515625,False,PUT,2026-03-06,CORZ
CORZ260306P00016000,16.0,0.85,0.55,1.11,1.0,91.0,0.8730481445312499,False,PUT,2026-03-06,CORZ
CORZ260306P00016500,16.5,1.44,1.06,1.49,,1.0,1.0078174609375,False,PUT,2026-03-06,CORZ
CORZ260306P00019000,19.0,2.13,2.01,2.47,13.0,35.0,0.8984385156249999,True,PUT,2026-03-06,CORZ
CORZ260320C00014000,14.0,6.1,5.1,6.9,2.0,381.0,1.2402381738281247,True,CALL,2026-03-20,CORZ
CORZ260320C00015000,15.0,5.1,4.45,5.75,5.0,4339.0,1.1142622412109375,True,CALL,2026-03-20,CORZ
CORZ260320C00016000,16.0,4.3,4.0,4.5,22.0,3772.0,1.0078174609375,True,CALL,2026-03-20,CORZ
CORZ260320C00017000,17.0,3.52,3.55,3.8,10.0,62341.0,1.0039112304687499,True,CALL,2026-03-20,CORZ
CORZ260320C00018000,18.0,3.45,3.05,3.2,214.0,45543.0,0.9863282617187501,True,CALL,2026-03-20,CORZ
CORZ260320C00019000,19.0,2.62,2.63,2.72,606.0,19193.0,0.98437515625,False,CALL,2026-03-20,CORZ
CORZ260320C00020000,20.0,2.25,2.22,2.3,1094.0,20378.0,0.975586181640625,False,CALL,2026-03-20,CORZ
CORZ260320C00021000,21.0,1.9,1.88,1.92,1013.0,25691.0,0.9682620361328125,False,CALL,2026-03-20,CORZ
CORZ260320C00022000,22.0,1.6,1.54,1.62,14311.0,46702.0,0.9580082324218748,False,CALL,2026-03-20,CORZ
CORZ260320C00023000,23.0,1.29,1.29,1.36,66.0,2323.0,0.956055126953125,False,CALL,2026-03-20,CORZ
CORZ260320C00024000,24.0,1.09,1.09,1.11,7909.0,54151.0,0.9506840869140624,False,CALL,2026-03-20,CORZ
CORZ260320P00014000,14.0,0.81,0.72,0.79,50.0,11352.0,1.013676806640625,False,PUT,2026-03-20,CORZ
CORZ260320P00015000,15.0,1.0,0.98,1.04,2095.0,19571.0,0.9873048144531251,False,PUT,2026-03-20,CORZ
CORZ260320P00016000,16.0,1.25,1.3,1.36,30.0,5367.0,0.96679720703125,False,PUT,2026-03-20,CORZ
CORZ260320P00017000,17.0,1.78,1.7,1.75,12.0,27814.0,0.954102021484375,False,PUT,2026-03-20,CORZ
CORZ260320P00018000,18.0,2.15,2.14,2.19,162.0,12498.0,0.9360357958984374,False,PUT,2026-03-20,CORZ
CORZ260320P00019000,19.0,2.56,2.67,2.73,123.0,27669.0,0.930664755859375,True,PUT,2026-03-20,CORZ
CORZ260320P00020000,20.0,3.29,3.2,3.3,31.0,1145.0,0.9101571484375,True,PUT,2026-03-20,CORZ
CORZ260320P00021000,21.0,4.05,3.85,3.95,10.0,127.0,0.905274384765625,True,PUT,2026-03-20,CORZ
CORZ260320P00022000,22.0,4.65,4.5,4.65,21.0,323.0,0.8916026464843749,True,PUT,2026-03-20,CORZ
CORZ260320P00023000,23.0,6.85,5.1,5.4,10.0,142.0,0.858399853515625,True,PUT,2026-03-20,CORZ
CORZ260320P00024000,24.0,5.65,5.35,6.2,12.0,190.0,0.735354208984375,True,PUT,2026-03-20,CORZ
CORZ260417C00014000,14.0,6.5,5.4,7.15,1.0,30.0,1.1098677319335937,True,CALL,2026-04-17,CORZ
CORZ260417C00015000,15.0,5.54,5.15,5.85,1.0,52.0,1.0449266503906252,True,CALL,2026-04-17,CORZ
CORZ260417C00016000,16.0,4.88,4.55,4.85,3.0,30.0,0.9643558251953125,True,CALL,2026-04-17,CORZ
CORZ260417C00017000,17.0,4.55,3.75,4.25,11.0,54.0,0.9096688720703124,True,CALL,2026-04-17,CORZ
CORZ260417C00018000,18.0,3.3,3.45,3.75,2.0,2792.0,0.9350592431640624,True,CALL,2026-04-17,CORZ
CORZ260417C00019000,19.0,3.2,3.0,3.25,30.0,1551.0,0.92187578125,False,CALL,2026-04-17,CORZ
CORZ260417C00020000,20.0,2.64,2.62,2.8,48.0,8074.0,0.913086806640625,False,CALL,2026-04-17,CORZ
CORZ260417C00021000,21.0,2.4,2.2,2.44,12.0,10335.0,0.8984385156249999,False,CALL,2026-04-17,CORZ
CORZ260417C00022000,22.0,1.87,1.92,2.11,2.0,5093.0,0.8969736865234373,False,CALL,2026-04-17,CORZ
CORZ260417C00023000,23.0,1.77,1.64,1.84,4.0,956.0,0.893555751953125,False,CALL,2026-04-17,CORZ
CORZ260417C00024000,24.0,1.61,1.41,1.62,2.0,951.0,0.8945323046874999,False,CALL,2026-04-17,CORZ
CORZ260417P00014000,14.0,0.83,0.87,1.07,35.0,241.0,0.9101571484375,False,PUT,2026-04-17,CORZ
CORZ260417P00015000,15.0,1.36,1.21,1.42,10.0,64.0,0.9106454248046875,False,PUT,2026-04-17,CORZ
CORZ260417P00016000,16.0,1.39,1.55,1.74,1.0,134.0,0.885743330078125,False,PUT,2026-04-17,CORZ
CORZ260417P00017000,17.0,1.82,1.98,2.15,9.0,1578.0,0.87500125,False,PUT,2026-04-17,CORZ
CORZ260417P00018000,18.0,2.26,2.35,2.61,75.0,734.0,0.8466812207031249,False,PUT,2026-04-17,CORZ
CORZ260417P00019000,19.0,3.3,2.89,3.15,3.0,584.0,0.840821904296875,True,PUT,2026-04-17,CORZ
CORZ260417P00020000,20.0,3.8,3.45,3.75,1.0,346.0,0.8315446533203124,True,PUT,2026-04-17,CORZ
CORZ260417P00021000,21.0,4.4,4.05,4.4,3.0,59.0,0.8212908496093749,True,PUT,2026-04-17,CORZ
CORZ260417P00023000,23.0,5.2,5.4,5.8,3.0,14.0,0.79883013671875,True,PUT,2026-04-17,CORZ
CORZ260618C00014000,14.0,7.0,6.1,7.55,2.0,232.0,0.9941406835937501,True,CALL,2026-06-18,CORZ
CORZ260618C00015000,15.0,6.07,5.95,6.5,29.0,9363.0,0.9790041162109376,True,CALL,2026-06-18,CORZ
CORZ260618C00016000,16.0,5.65,5.4,5.85,1.0,2109.0,0.9555668505859375,True,CALL,2026-06-18,CORZ
CORZ260618C00017000,17.0,4.74,4.55,5.35,3.0,1580.0,0.9067392138671875,True,CALL,2026-06-18,CORZ
CORZ260618C00018000,18.0,4.5,4.4,4.85,30.0,1771.0,0.9328619995117188,True,CALL,2026-06-18,CORZ
CORZ260618C00019000,19.0,4.82,3.95,4.25,8.0,186.0,0.9045419702148438,False,CALL,2026-06-18,CORZ
CORZ260618C00020000,20.0,3.55,3.55,3.8,34.0,10593.0,0.8916026464843749,False,CALL,2026-06-18,CORZ
CORZ260618C00021000,21.0,3.3,3.2,3.5,10.0,399.0,0.893555751953125,False,CALL,2026-06-18,CORZ
CORZ260618C00022000,22.0,3.05,2.88,3.2,2.0,8572.0,0.8920909228515624,False,CALL,2026-06-18,CORZ
CORZ260618C00023000,23.0,3.05,2.54,2.84,4.0,236.0,0.8757336645507812,False,CALL,2026-06-18,CORZ
CORZ260618C00024000,24.0,2.56,2.2,2.57,8.0,234.0,0.8632826171875,False,CALL,2026-06-18,CORZ
CORZ260618P00014000,14.0,1.4,1.47,1.69,4.0,3351.0,0.870118486328125,False,PUT,2026-06-18,CORZ
CORZ260618P00015000,15.0,2.03,1.71,2.05,2.0,3892.0,0.8383805224609374,False,PUT,2026-06-18,CORZ
CORZ260618P00016000,16.0,2.33,2.25,2.48,1.0,627.0,0.8461929443359374,False,PUT,2026-06-18,CORZ
CORZ260618P00017000,17.0,2.89,2.76,2.89,7.0,1185.0,0.8354508642578123,False,PUT,2026-06-18,CORZ
CORZ260618P00018000,18.0,3.55,3.25,3.5,1.0,690.0,0.8359391406249999,False,PUT,2026-06-18,CORZ
CORZ260618P00019000,19.0,3.7,3.75,4.1,3.0,70.0,0.8271501660156249,True,PUT,2026-06-18,CORZ
CORZ260618P00020000,20.0,4.16,4.3,4.65,16.0,493.0,0.8105487695312499,True,PUT,2026-06-18,CORZ
CORZ260618P00021000,21.0,4.95,4.85,5.3,16.0,76.0,0.79687703125,True,PUT,2026-06-18,CORZ
CORZ260618P00022000,22.0,5.35,5.55,5.95,31.0,462.0,0.7924825439453125,True,PUT,2026-06-18,CORZ
CORZ260618P00023000,23.0,6.35,6.25,6.65,1.0,118.0,0.7861349511718749,True,PUT,2026-06-18,CORZ
CORZ260618P00024000,24.0,6.8,6.95,7.5,23.0,37.0,0.790041162109375,True,PUT,2026-06-18,CORZ
CORZ260918C00019000,19.0,4.58,5.0,6.05,2.0,0.0,0.9536137451171874,False,CALL,2026-09-18,CORZ
CORZ260918C00021000,21.0,3.9,4.25,5.25,,2.0,0.9313971704101562,False,CALL,2026-09-18,CORZ
CORZ260918C00024000,24.0,3.55,3.35,4.2,10.0,10.0,0.90429783203125,False,CALL,2026-09-18,CORZ
CORZ260918P00016000,16.0,3.35,2.85,3.7,,1.0,0.8369156933593749,False,PUT,2026-09-18,CORZ
CORZ260918P00017000,17.0,3.8,3.45,3.85,,4.0,0.8032246240234374,False,PUT,2026-09-18,CORZ
CORZ260918P00018000,18.0,4.4,4.1,4.35,,1.0,0.8020039331054687,False,PUT,2026-09-18,CORZ
CORZ260918P00019000,19.0,5.0,4.05,5.25,,3.0,0.7688011401367189,True,PUT,2026-09-18,CORZ
CORZ260918P00020000,20.0,5.8,5.1,5.85,,1.0,0.8000508276367188,True,PUT,2026-09-18,CORZ
CORZ260918P00021000,21.0,6.6,5.25,6.6,,1.0,0.7622094091796876,True,PUT,2026-09-18,CORZ
CORZ260918P00023000,23.0,7.5,6.95,7.95,,3.0,0.7790549438476562,True,PUT,2026-09-18,CORZ
CORZ270115C00015000,15.0,8.05,7.65,8.1,3.0,3643.0,0.9018564501953125,True,CALL,2027-01-15,CORZ
CORZ270115C00017000,17.0,6.65,6.85,7.2,49.0,3481.0,0.8933116137695312,True,CALL,2027-01-15,CORZ
CORZ270115C00020000,20.0,5.76,5.75,6.35,7.0,2469.0,0.8991709301757811,False,CALL,2027-01-15,CORZ
CORZ270115C00022000,22.0,5.22,5.1,5.55,11.0,20076.0,0.8776867700195312,False,CALL,2027-01-15,CORZ
CORZ270115P00015000,15.0,3.32,3.15,3.65,3.0,2654.0,0.7902853002929688,False,PUT,2027-01-15,CORZ
CORZ270115P00017000,17.0,4.65,4.25,4.75,73.0,1329.0,0.7839377075195313,False,PUT,2027-01-15,CORZ
CORZ270115P00020000,20.0,6.48,6.05,6.65,1.0,1015.0,0.7739280419921876,True,PUT,2027-01-15,CORZ
CORZ270115P00022000,22.0,7.25,7.4,7.85,1.0,340.0,0.7568383691406251,True,PUT,2027-01-15,CORZ
CORZ271217C00015000,15.0,9.47,8.15,10.8,5.0,296.0,0.8483901879882811,True,CALL,2027-12-17,CORZ
CORZ271217C00017000,17.0,9.26,7.45,10.05,2.0,345.0,0.8403336279296875,True,CALL,2027-12-17,CORZ
CORZ271217C00020000,20.0,8.08,7.85,8.55,1.0,2273.0,0.8754895263671875,False,CALL,2027-12-17,CORZ
CORZ271217C00022000,22.0,7.45,6.0,7.95,12.0,9794.0,0.79687703125,False,CALL,2027-12-17,CORZ
CORZ271217P00015000,15.0,5.02,4.5,5.3,2.0,414.0,0.75195560546875,False,PUT,2027-12-17,CORZ
CORZ271217P00017000,17.0,6.07,5.7,6.45,1.0,602.0,0.7397486962890624,False,PUT,2027-12-17,CORZ
CORZ271217P00020000,20.0,8.3,7.85,8.4,2.0,67.0,0.7385280053710936,True,PUT,2027-12-17,CORZ
CORZ271217P00022000,22.0,9.1,9.2,9.55,22.0,1002.0,0.71679970703125,True,PUT,2027-12-17,CORZ
CORZ280121C00015000,15.0,10.05,8.45,10.9,2.0,632.0,0.8527846752929689,True,CALL,2028-01-21,CORZ
CORZ280121C00017000,17.0,9.41,8.45,10.2,7.0,80.0,0.8881847119140623,True,CALL,2028-01-21,CORZ
CORZ280121C00020000,20.0,8.0,8.05,8.7,14.0,531.0,0.8728040063476561,False,CALL,2028-01-21,CORZ
CORZ280121C00022000,22.0,7.69,6.55,8.15,10.0,65.0,0.8156756713867187,False,CALL,2028-01-21,CORZ
CORZ280121P00015000,15.0,5.15,4.65,6.0,1.0,216.0,0.7868673657226561,False,PUT,2028-01-21,CORZ
CORZ280121P00017000,17.0,5.92,5.8,6.55,2.0,137.0,0.7331569653320311,False,PUT,2028-01-21,CORZ
CORZ280121P00020000,20.0,9.65,7.9,8.5,1.0,36.0,0.7283962707519531,True,PUT,2028-01-21,CORZ
CORZ280121P00022000,22.0,11.5,9.3,9.7,2.0,142.0,0.711916943359375,True,PUT,2028-01-21,CORZ
CPB260130C00020000,20.0,7.26,6.9,8.9,2.0,4.0,4.5117231103515625,True,CALL,2026-01-30,CPB
CPB260130C00021000,21.0,6.22,4.2,8.2,6.0,4.0,1.96875015625,True,CALL,2026-01-30,CPB
CPB260130C00022000,22.0,5.23,3.2,7.2,4.0,2.0,1.671876640625,True,CALL,2026-01-30,CPB
CPB260130C00023000,23.0,4.2,4.1,4.4,4.0,5.0,1.5859395703124997,True,CALL,2026-01-30,CPB
CPB260130C00023500,23.5,3.68,3.4,4.0,6.0,2.0,1.2265663671875,True,CALL,2026-01-30,CPB
CPB260130C00024000,24.0,3.27,2.9,3.6,15.0,81.0,1.2656286718749998,True,CALL,2026-01-30,CPB
CPB260130C00025000,25.0,2.21,1.95,2.4,7.0,87.0,0.6875031250000001,True,CALL,2026-01-30,CPB
CPB260130C00025500,25.5,1.71,1.4,1.9,2.0,50.0,1.0703171484375003,True,CALL,2026-01-30,CPB
CPB260130C00026000,26.0,1.27,1.1,1.4,8.0,88.0,0.6015664843750002,True,CALL,2026-01-30,CPB
CPB260130C00026500,26.5,0.78,0.6,0.85,50.0,843.0,0.57812921875,True,CALL,2026-01-30,CPB
CPB260130C00027000,27.0,0.32,0.25,0.9,3.0,937.0,0.6250037500000001,True,CALL,2026-01-30,CPB
CPB260130C00027500,27.5,0.09,0.05,0.25,45.0,1518.0,0.500005,False,CALL,2026-01-30,CPB
CPB260130C00028000,28.0,0.05,0.0,0.05,2.0,558.0,0.37500625,False,CALL,2026-01-30,CPB
CPB260130C00028500,28.5,0.01,0.0,0.05,55.0,117.0,0.51562984375,False,CALL,2026-01-30,CPB
CPB260130C00029000,29.0,0.03,0.0,0.05,13.0,485.0,0.5468795312500001,False,CALL,2026-01-30,CPB
CPB260130C00029500,29.5,0.05,0.0,0.05,,2.0,0.6562534375000001,False,CALL,2026-01-30,CPB
CPB260130C00030000,30.0,0.04,0.0,0.05,1.0,145.0,0.7656273437500001,False,CALL,2026-01-30,CPB
CPB260130C00031000,31.0,0.01,0.0,0.05,1.0,22.0,0.9609378906249999,False,CALL,2026-01-30,CPB
CPB260130C00032000,32.0,0.05,0.0,0.05,3.0,4.0,1.140629296875,False,CALL,2026-01-30,CPB
CPB260130P00023000,23.0,0.05,0.0,0.75,,10.0,2.3046917382812495,False,PUT,2026-01-30,CPB
CPB260130P00024000,24.0,0.03,0.0,0.05,2.0,225.0,0.92187578125,False,PUT,2026-01-30,CPB
CPB260130P00025000,25.0,0.02,0.0,0.05,6.0,373.0,0.6640658593750002,False,PUT,2026-01-30,CPB
CPB260130P00025500,25.5,0.08,0.0,0.05,19.0,362.0,0.5312546875,False,PUT,2026-01-30,CPB
CPB260130P00026000,26.0,0.05,0.0,0.05,47.0,421.0,0.476567734375,False,PUT,2026-01-30,CPB
CPB260130P00026500,26.5,0.05,0.0,0.05,46.0,172.0,0.31641308593749995,False,PUT,2026-01-30,CPB
CPB260130P00027000,27.0,0.3,0.1,0.3,12.0,125.0,0.46094289062500005,False,PUT,2026-01-30,CPB
CPB260130P00027500,27.5,0.35,0.3,0.8,6.0,64.0,0.7500025,True,PUT,2026-01-30,CPB
CPB260130P00028000,28.0,0.78,0.35,1.8,1.0,75.0,0.6679720703125002,True,PUT,2026-01-30,CPB
CPB260130P00028500,28.5,2.32,0.95,1.8,,0.0,1.189457177734375,True,PUT,2026-01-30,CPB
CPB260130P00029000,29.0,1.42,1.35,2.3,2.0,3.0,1.376956240234375,True,PUT,2026-01-30,CPB
CPB260130P00029500,29.5,2.66,1.8,3.5,1.0,2.0,1.3046909765624997,True,PUT,2026-01-30,CPB
CPB260130P00030000,30.0,2.9,2.35,3.5,1.0,4.0,0.9531254687499999,True,PUT,2026-01-30,CPB
CPB260130P00030500,30.5,2.95,2.8,4.2,2.0,2.0,1.2812535937499998,True,PUT,2026-01-30,CPB
CPB260130P00031000,31.0,4.62,2.8,4.9,1.0,3.0,2.9414088964843748,True,PUT,2026-01-30,CPB
CPB260130P00032000,32.0,4.88,4.5,5.2,3.0,2.0,2.1093797265624996,True,PUT,2026-01-30,CPB
CPB260130P00033000,33.0,6.1,5.5,7.8,3.0,0.0,3.1718770703125,True,PUT,2026-01-30,CPB
CPB260130P00034000,34.0,7.0,4.9,8.8,1.0,1.0,5.12500359375,True,PUT,2026-01-30,CPB
CPB260130P00035000,35.0,8.85,5.7,9.8,,0.0,5.410159487304686,True,PUT,2026-01-30,CPB
CPB260206C00020000,20.0,7.47,7.0,7.7,2.0,2.0,1.4257841210937499,True,CALL,2026-02-06,CPB
CPB260206C00023000,23.0,4.4,4.0,4.6,2.0,4.0,0.8261736132812498,True,CALL,2026-02-06,CPB
CPB260206C00024000,24.0,3.47,3.0,4.0,2.0,1.0,0.87500125,True,CALL,2026-02-06,CPB
CPB260206C00025000,25.0,2.24,2.15,2.65,1.0,111.0,0.5976602734375001,True,CALL,2026-02-06,CPB
CPB260206C00026000,26.0,1.39,1.15,1.7,3.0,40.0,0.6171913281250001,True,CALL,2026-02-06,CPB
CPB260206C00026500,26.5,0.9,0.8,0.95,8.0,79.0,0.3398503515625,True,CALL,2026-02-06,CPB
CPB260206C00027000,27.0,0.7,0.45,0.6,21.0,546.0,0.3086006640625,True,CALL,2026-02-06,CPB
CPB260206C00027500,27.5,0.35,0.25,0.35,50.0,183.0,0.29688203124999996,False,CALL,2026-02-06,CPB
CPB260206C00028000,28.0,0.2,0.1,0.25,59.0,611.0,0.335944140625,False,CALL,2026-02-06,CPB
CPB260206C00028500,28.5,0.05,0.05,0.15,39.0,162.0,0.3437565625,False,CALL,2026-02-06,CPB
CPB260206C00029000,29.0,0.07,0.0,0.1,7.0,120.0,0.36524072265625,False,CALL,2026-02-06,CPB
CPB260206C00030000,30.0,0.05,0.0,0.05,1.0,11.0,0.414068359375,False,CALL,2026-02-06,CPB
CPB260206P00023000,23.0,0.1,0.0,0.95,,20.0,1.185550947265625,False,PUT,2026-02-06,CPB
CPB260206P00024000,24.0,0.06,0.0,0.75,25.0,29.0,0.8945323046874999,False,PUT,2026-02-06,CPB
CPB260206P00024500,24.5,0.02,0.0,0.75,10.0,29.0,0.79687703125,False,PUT,2026-02-06,CPB
CPB260206P00025000,25.0,0.05,0.0,0.1,13.0,193.0,0.437505625,False,PUT,2026-02-06,CPB
CPB260206P00025500,25.5,0.17,0.05,0.35,1.0,185.0,0.5800823242187501,False,PUT,2026-02-06,CPB
CPB260206P00026000,26.0,0.1,0.1,0.15,2.0,377.0,0.3242255078124999,False,PUT,2026-02-06,CPB
CPB260206P00026500,26.5,0.2,0.15,0.25,14.0,329.0,0.30274134765625,False,PUT,2026-02-06,CPB
CPB260206P00027000,27.0,0.35,0.3,0.45,18.0,127.0,0.30664755859375,False,PUT,2026-02-06,CPB
CPB260206P00028000,28.0,0.9,0.85,1.0,10.0,79.0,0.25977302734375,True,PUT,2026-02-06,CPB
CPB260206P00029000,29.0,1.8,1.45,2.3,4.0,6.0,0.648441015625,True,PUT,2026-02-06,CPB
CPB260206P00030000,30.0,2.85,2.3,3.5,2.0,3.0,0.95507857421875,True,PUT,2026-02-06,CPB
CPB260206P00031000,31.0,3.95,3.3,4.5,2.0,0.0,0.507817421875,True,PUT,2026-02-06,CPB
CPB260206P00032000,32.0,5.27,4.3,5.5,4.0,1.0,0.6015664843750002,True,PUT,2026-02-06,CPB
CPB260206P00034000,34.0,7.4,6.2,7.7,2.0,0.0,0.8867198828124999,True,PUT,2026-02-06,CPB
CPB260213C00020000,20.0,7.43,7.0,7.7,2.0,1.0,1.0683640332031252,True,CALL,2026-02-13,CPB
CPB260213C00024000,24.0,3.32,1.75,5.3,2.0,0.0,0.6738313867187502,True,CALL,2026-02-13,CPB
CPB260213C00025000,25.0,2.25,0.45,4.3,10.0,10.0,1.4345731396484376,True,CALL,2026-02-13,CPB
CPB260213C00026000,26.0,1.15,1.05,1.8,1.0,12.0,0.5127001855468749,True,CALL,2026-02-13,CPB
CPB260213C00027000,27.0,0.5,0.6,0.7,74.0,259.0,0.27637442382812494,True,CALL,2026-02-13,CPB
CPB260213C00028000,28.0,0.3,0.2,0.3,5.0,112.0,0.27735097656249996,False,CALL,2026-02-13,CPB
CPB260213C00029000,29.0,0.1,0.1,0.15,5.0,615.0,0.31250687499999996,False,CALL,2026-02-13,CPB
CPB260213C00030000,30.0,0.11,0.0,0.6,2.0,146.0,0.5195360546875,False,CALL,2026-02-13,CPB
CPB260213C00031000,31.0,0.02,0.0,0.75,1.0,16.0,0.6699251757812501,False,CALL,2026-02-13,CPB
CPB260213P00022000,22.0,0.94,0.0,1.15,,2.0,1.119145029296875,False,PUT,2026-02-13,CPB
CPB260213P00023000,23.0,0.09,0.0,0.75,,18.0,0.815431533203125,False,PUT,2026-02-13,CPB
CPB260213P00024000,24.0,0.05,0.0,0.75,1.0,64.0,0.6709017285156251,False,PUT,2026-02-13,CPB
CPB260213P00025000,25.0,0.08,0.05,0.15,5.0,82.0,0.3711000390625,False,PUT,2026-02-13,CPB
CPB260213P00026000,26.0,0.21,0.15,0.25,12.0,266.0,0.30371790039062496,False,PUT,2026-02-13,CPB
CPB260213P00027000,27.0,0.79,0.4,0.55,1.0,93.0,0.274421318359375,False,PUT,2026-02-13,CPB
CPB260213P00028000,28.0,1.68,1.1,1.2,29.0,55.0,0.299811689453125,True,PUT,2026-02-13,CPB
CPB260213P00029000,29.0,2.75,1.4,2.35,1.0,5.0,0.5127001855468749,True,PUT,2026-02-13,CPB
CPB260213P00030000,30.0,2.88,1.9,3.9,4.0,0.0,0.9160164648437501,True,PUT,2026-02-13,CPB
CPB260213P00035000,35.0,8.53,7.2,8.7,2.0,0.0,0.7304714453125,True,PUT,2026-02-13,CPB
CPB260220C00020000,20.0,7.18,6.4,8.1,2.0,16.0,0.76367423828125,True,CALL,2026-02-20,CPB
CPB260220C00022000,22.0,4.7,4.6,5.8,5.0,33.0,0.981445498046875,True,CALL,2026-02-20,CPB
CPB260220C00023000,23.0,3.74,3.6,4.8,1.0,3.0,0.8437515624999999,True,CALL,2026-02-20,CPB
CPB260220C00024000,24.0,3.32,2.65,4.2,1.0,20.0,0.5019581054687501,True,CALL,2026-02-20,CPB
CPB260220C00025000,25.0,2.38,2.1,2.65,21.0,198.0,0.5009815527343751,True,CALL,2026-02-20,CPB
CPB260220C00026000,26.0,1.7,1.4,1.6,3.0,221.0,0.3442448388671875,True,CALL,2026-02-20,CPB
CPB260220C00026500,26.5,1.2,1.1,1.3,2.0,168.0,0.35108070800781244,True,CALL,2026-02-20,CPB
CPB260220C00027000,27.0,0.92,0.8,1.0,155.0,1776.0,0.34180345703125,True,CALL,2026-02-20,CPB
CPB260220C00027500,27.5,0.65,0.55,0.7,10.0,207.0,0.31641308593749995,False,CALL,2026-02-20,CPB
CPB260220C00028000,28.0,0.4,0.35,0.5,15.0,1129.0,0.31153032226562494,False,CALL,2026-02-20,CPB
CPB260220C00028500,28.5,0.35,0.2,0.35,38.0,828.0,0.3100654931640625,False,CALL,2026-02-20,CPB
CPB260220C00029000,29.0,0.15,0.15,0.25,5.0,951.0,0.31445998046874996,False,CALL,2026-02-20,CPB
CPB260220C00029500,29.5,0.15,0.05,0.2,5.0,70.0,0.33399103515625,False,CALL,2026-02-20,CPB
CPB260220C00030000,30.0,0.07,0.05,0.1,13.0,1006.0,0.30664755859375,False,CALL,2026-02-20,CPB
CPB260220C00031000,31.0,0.05,0.0,0.1,5.0,741.0,0.37695935546875,False,CALL,2026-02-20,CPB
CPB260220C00031500,31.5,0.05,0.0,0.75,,19.0,0.5996133789062501,False,CALL,2026-02-20,CPB
CPB260220C00032000,32.0,0.2,0.0,0.4,20.0,543.0,0.5273484765625001,False,CALL,2026-02-20,CPB
CPB260220C00033000,33.0,0.05,0.0,0.05,20.0,384.0,0.437505625,False,CALL,2026-02-20,CPB
CPB260220C00034000,34.0,0.05,0.0,0.1,2.0,225.0,0.5625043750000001,False,CALL,2026-02-20,CPB
CPB260220C00035000,35.0,0.06,0.0,0.15,3.0,362.0,0.5820354296875,False,CALL,2026-02-20,CPB
CPB260220P00020000,20.0,0.03,0.0,0.6,22.0,96.0,0.9863282617187501,False,PUT,2026-02-20,CPB
CPB260220P00021000,21.0,0.05,0.0,0.35,,6.0,0.7460962890625,False,PUT,2026-02-20,CPB
CPB260220P00022000,22.0,0.05,0.0,0.2,1.0,17.0,0.5585981640625001,False,PUT,2026-02-20,CPB
CPB260220P00023000,23.0,0.1,0.05,0.2,2.0,283.0,0.5556685058593751,False,PUT,2026-02-20,CPB
CPB260220P00024000,24.0,0.08,0.05,0.15,557.0,1023.0,0.41211525390625,False,PUT,2026-02-20,CPB
CPB260220P00025000,25.0,0.13,0.1,0.15,10.0,8888.0,0.309577216796875,False,PUT,2026-02-20,CPB
CPB260220P00025500,25.5,0.2,0.15,0.25,676.0,701.0,0.31250687499999996,False,PUT,2026-02-20,CPB
CPB260220P00026000,26.0,0.25,0.25,0.35,123.0,1618.0,0.29883513671874995,False,PUT,2026-02-20,CPB
CPB260220P00026500,26.5,0.6,0.35,0.5,1.0,111.0,0.2910227148437499,False,PUT,2026-02-20,CPB
CPB260220P00027000,27.0,0.62,0.55,0.65,61.0,1443.0,0.26563234375,False,PUT,2026-02-20,CPB
CPB260220P00027500,27.5,0.9,0.75,0.95,10.0,61.0,0.27735097656249996,True,PUT,2026-02-20,CPB
CPB260220P00028000,28.0,1.13,1.1,1.25,5.0,972.0,0.270515107421875,True,PUT,2026-02-20,CPB
CPB260220P00029000,29.0,2.04,1.75,2.4,4.0,797.0,0.44922425781249997,True,PUT,2026-02-20,CPB
CPB260220P00030000,30.0,2.87,2.65,3.1,3.0,603.0,0.4023497265625,True,PUT,2026-02-20,CPB
CPB260220P00031000,31.0,4.56,3.3,4.7,5.0,179.0,0.782228740234375,True,PUT,2026-02-20,CPB
CPB260220P00032000,32.0,5.5,4.3,5.5,2.0,0.0,0.780275634765625,True,PUT,2026-02-20,CPB
CPB260220P00033000,33.0,5.4,3.8,7.8,653.0,0.0,1.421877890625,True,PUT,2026-02-20,CPB
CPB260220P00034000,34.0,7.24,4.8,8.5,810.0,0.0,1.3896514892578122,True,PUT,2026-02-20,CPB
CPB260220P00035000,35.0,6.6,6.8,9.1,440.0,5.0,0.6093789062500001,True,PUT,2026-02-20,CPB
CPB260227C00026000,26.0,1.25,1.5,1.7,1.0,10.0,0.33789724609375,True,CALL,2026-02-27,CPB
CPB260227C00027000,27.0,0.97,0.8,0.95,8.0,983.0,0.2827220166015625,True,CALL,2026-02-27,CPB
CPB260227C00028000,28.0,0.6,0.35,0.55,1.0,44.0,0.29004616210937495,False,CALL,2026-02-27,CPB
CPB260227C00029000,29.0,0.25,0.0,0.3,2.0,51.0,0.2973703076171874,False,CALL,2026-02-27,CPB
CPB260227C00030000,30.0,0.15,0.1,0.2,1.0,20.0,0.32910827148437494,False,CALL,2026-02-27,CPB
CPB260227C00034000,34.0,0.72,0.0,0.7,,4.0,0.6728548339843752,False,CALL,2026-02-27,CPB
CPB260227C00035000,35.0,1.45,0.0,2.15,,2.0,1.070805427246094,False,CALL,2026-02-27,CPB
CPB260227P00021000,21.0,1.07,0.0,2.15,,1.0,1.2001993115234375,False,PUT,2026-02-27,CPB
CPB260227P00022000,22.0,0.11,0.0,0.3,,1.0,0.5390671093750001,False,PUT,2026-02-27,CPB
CPB260227P00023000,23.0,1.14,0.0,2.2,,1.0,0.938477177734375,False,PUT,2026-02-27,CPB
CPB260227P00024000,24.0,0.13,0.05,2.15,4.0,16.0,0.804689453125,False,PUT,2026-02-27,CPB
CPB260227P00025000,25.0,0.4,0.1,0.45,25.0,638.0,0.41602146484374997,False,PUT,2026-02-27,CPB
CPB260227P00026000,26.0,0.47,0.3,0.45,10.0,1041.0,0.299811689453125,False,PUT,2026-02-27,CPB
CPB260227P00027000,27.0,0.95,0.6,0.8,10.0,29.0,0.28125718749999995,False,PUT,2026-02-27,CPB
CPB260227P00028000,28.0,1.29,1.2,1.4,1.0,2.0,0.2885813330078124,True,PUT,2026-02-27,CPB
CPB260227P00029000,29.0,2.67,0.15,4.1,2.0,199.0,0.963867548828125,True,PUT,2026-02-27,CPB
CPB260227P00030000,30.0,3.5,0.85,4.9,,1.0,1.0068409033203123,True,PUT,2026-02-27,CPB
CPB260227P00032000,32.0,5.6,2.7,6.8,,0.0,1.1611370068359377,True,PUT,2026-02-27,CPB
CPB260227P00033000,33.0,6.55,3.7,7.8,,0.0,1.2451209619140622,True,PUT,2026-02-27,CPB
CPB260227P00034000,34.0,7.65,4.7,8.8,,0.0,1.3232455712890623,True,PUT,2026-02-27,CPB
CPB260227P00035000,35.0,8.6,5.8,9.8,,0.0,1.396487392578125,True,PUT,2026-02-27,CPB
CPB260306C00020000,20.0,6.85,6.4,8.3,,0.0,0.702151416015625,True,CALL,2026-03-06,CPB
CPB260306P00024000,24.0,0.21,0.1,0.35,1.0,11.0,0.42969320312500003,False,PUT,2026-03-06,CPB
CPB260306P00025000,25.0,0.27,0.15,0.5,1.0,4.0,0.393560751953125,False,PUT,2026-03-06,CPB
CPB260320C00020000,20.0,6.2,6.5,8.2,,3.0,0.5976602734375001,True,CALL,2026-03-20,CPB
CPB260320C00025000,25.0,2.09,2.0,3.2,,10.0,0.5004932763671875,True,CALL,2026-03-20,CPB
CPB260320C00026000,26.0,2.05,1.85,1.95,1.0,78.0,0.3276434423828125,True,CALL,2026-03-20,CPB
CPB260320C00027000,27.0,1.2,1.3,1.4,35.0,138.0,0.3286199951171874,True,CALL,2026-03-20,CPB
CPB260320C00028000,28.0,0.97,0.9,1.05,14.0,293.0,0.34961587890624996,False,CALL,2026-03-20,CPB
CPB260320C00029000,29.0,0.58,0.5,0.6,3.0,136.0,0.31690136230468746,False,CALL,2026-03-20,CPB
CPB260320C00030000,30.0,0.35,0.3,0.4,62.0,199.0,0.32520206054687495,False,CALL,2026-03-20,CPB
CPB260320C00031000,31.0,0.2,0.15,0.3,6.0,54.0,0.34766277343749996,False,CALL,2026-03-20,CPB
CPB260320C00032000,32.0,0.1,0.05,0.2,1.0,56.0,0.3544986425781249,False,CALL,2026-03-20,CPB
CPB260320P00021000,21.0,0.04,0.0,0.8,,18.0,0.6337927246093751,False,PUT,2026-03-20,CPB
CPB260320P00022000,22.0,0.12,0.0,0.35,6.0,35.0,0.526371923828125,False,PUT,2026-03-20,CPB
CPB260320P00023000,23.0,0.3,0.1,0.3,2.0,35.0,0.422857333984375,False,PUT,2026-03-20,CPB
CPB260320P00024000,24.0,0.35,0.2,0.35,5.0,202.0,0.366217275390625,False,PUT,2026-03-20,CPB
CPB260320P00025000,25.0,0.42,0.4,0.45,1.0,204.0,0.3188544677734374,False,PUT,2026-03-20,CPB
CPB260320P00026000,26.0,0.65,0.65,0.75,38.0,162.0,0.3129951513671875,False,PUT,2026-03-20,CPB
CPB260320P00027000,27.0,1.1,1.0,1.1,4.0,157.0,0.29004616210937495,False,PUT,2026-03-20,CPB
CPB260320P00028000,28.0,1.6,1.45,1.7,4.0,44.0,0.29834686035156244,True,PUT,2026-03-20,CPB
CPB260320P00029000,29.0,2.3,2.25,2.4,3.0,13.0,0.301764794921875,True,PUT,2026-03-20,CPB
CPB260320P00030000,30.0,3.02,2.85,3.2,2.0,2.0,0.30664755859375,True,PUT,2026-03-20,CPB
CPB260515C00020000,20.0,7.99,7.2,7.8,1.0,68.0,0.585941640625,True,CALL,2026-05-15,CPB
CPB260515C00022000,22.0,4.9,4.8,6.0,1.0,7.0,0.507817421875,True,CALL,2026-05-15,CPB
CPB260515C00023000,23.0,4.47,4.0,5.0,1.0,44.0,0.44043528320312497,True,CALL,2026-05-15,CPB
CPB260515C00024000,24.0,3.1,3.6,4.3,21.0,553.0,0.437505625,True,CALL,2026-05-15,CPB
CPB260515C00025000,25.0,2.97,3.0,3.3,35.0,166.0,0.36499658447265626,True,CALL,2026-05-15,CPB
CPB260515C00026000,26.0,2.15,2.2,2.4,52.0,256.0,0.3086006640625,True,CALL,2026-05-15,CPB
CPB260515C00027000,27.0,1.79,1.6,1.8,4.0,1401.0,0.2954172021484375,True,CALL,2026-05-15,CPB
CPB260515C00028000,28.0,1.35,1.15,1.5,40.0,543.0,0.3188544677734374,False,CALL,2026-05-15,CPB
CPB260515C00029000,29.0,0.95,0.8,0.95,15.0,1380.0,0.2841868457031249,False,CALL,2026-05-15,CPB
CPB260515C00030000,30.0,0.6,0.55,0.7,6.0,1215.0,0.2880930566406249,False,CALL,2026-05-15,CPB
CPB260515C00031000,31.0,0.35,0.15,0.5,3.0,852.0,0.2890696093749999,False,CALL,2026-05-15,CPB
CPB260515C00032000,32.0,0.3,0.2,0.35,30.0,831.0,0.28955788574218744,False,CALL,2026-05-15,CPB
CPB260515C00033000,33.0,0.2,0.15,0.25,1.0,1353.0,0.2929758203124999,False,CALL,2026-05-15,CPB
CPB260515C00034000,34.0,0.15,0.1,0.2,1.0,482.0,0.305671005859375,False,CALL,2026-05-15,CPB
CPB260515C00035000,35.0,0.12,0.0,0.25,6.0,570.0,0.352545537109375,False,CALL,2026-05-15,CPB
CPB260515P00020000,20.0,0.3,0.0,0.75,1.0,165.0,0.6157264990234376,False,PUT,2026-05-15,CPB
CPB260515P00021000,21.0,0.23,0.15,0.35,14.0,66.0,0.41992767578125,False,PUT,2026-05-15,CPB
CPB260515P00022000,22.0,0.36,0.2,0.45,1.0,106.0,0.39551385742187506,False,PUT,2026-05-15,CPB
CPB260515P00023000,23.0,0.42,0.35,0.6,1.0,290.0,0.37744763183593744,False,PUT,2026-05-15,CPB
CPB260515P00024000,24.0,0.6,0.5,0.65,2.0,666.0,0.327155166015625,False,PUT,2026-05-15,CPB
CPB260515P00025000,25.0,0.8,0.7,0.9,1.0,776.0,0.3149482568359374,False,PUT,2026-05-15,CPB
CPB260515P00026000,26.0,1.35,1.05,1.25,4.0,1056.0,0.30762411132812495,False,PUT,2026-05-15,CPB
CPB260515P00027000,27.0,1.8,1.5,1.7,1.0,626.0,0.30322962402343745,False,PUT,2026-05-15,CPB
CPB260515P00028000,28.0,2.15,2.1,2.2,5.0,808.0,0.2924875439453124,True,PUT,2026-05-15,CPB
CPB260515P00029000,29.0,3.0,2.6,2.9,14.0,405.0,0.3012765185546875,True,PUT,2026-05-15,CPB
CPB260515P00030000,30.0,3.91,3.4,3.6,6.0,2038.0,0.29688203124999996,True,PUT,2026-05-15,CPB
CPB260515P00031000,31.0,4.79,3.8,4.9,3.0,888.0,0.4023497265625,True,PUT,2026-05-15,CPB
CPB260515P00032000,32.0,5.8,4.7,5.9,2.0,685.0,0.446294599609375,True,PUT,2026-05-15,CPB
CPB260515P00033000,33.0,5.79,5.4,6.9,1.0,280.0,0.48682153808593753,True,PUT,2026-05-15,CPB
CPB260515P00034000,34.0,8.2,6.4,7.9,2.0,43.0,0.5249070947265625,True,PUT,2026-05-15,CPB
CPB260515P00035000,35.0,9.08,7.3,8.8,3.0,29.0,0.5390671093750001,True,PUT,2026-05-15,CPB
CPB260618C00020000,20.0,7.05,6.4,8.1,2.0,57.0,0.5888712988281251,True,CALL,2026-06-18,CPB
CPB260618C00021000,21.0,5.8,5.7,7.2,,5.0,0.5488326367187502,True,CALL,2026-06-18,CPB
CPB260618C00022000,22.0,4.96,4.9,6.1,1.0,8.0,0.4643608251953125,True,CALL,2026-06-18,CPB
CPB260618C00023000,23.0,4.4,4.1,5.3,10.0,19.0,0.44360907958984375,True,CALL,2026-06-18,CPB
CPB260618C00024000,24.0,3.9,3.8,4.3,4.0,129.0,0.38086556640624997,True,CALL,2026-06-18,CPB
CPB260618C00025000,25.0,3.3,3.2,3.5,51.0,440.0,0.35156898437499995,True,CALL,2026-06-18,CPB
CPB260618C00026000,26.0,2.25,2.5,2.6,38.0,54.0,0.30005582763671873,True,CALL,2026-06-18,CPB
CPB260618C00027000,27.0,2.0,1.95,2.05,4.0,1121.0,0.29492892578124996,True,CALL,2026-06-18,CPB
CPB260618C00028000,28.0,1.55,1.5,1.85,1.0,352.0,0.3298406860351562,False,CALL,2026-06-18,CPB
CPB260618C00029000,29.0,1.3,1.15,1.4,43.0,342.0,0.317389638671875,False,CALL,2026-06-18,CPB
CPB260618C00030000,30.0,0.95,0.85,1.1,45.0,1372.0,0.317389638671875,False,CALL,2026-06-18,CPB
CPB260618C00031000,31.0,0.75,0.65,0.75,4.0,289.0,0.2990792749023437,False,CALL,2026-06-18,CPB
CPB260618C00032000,32.0,0.55,0.5,0.6,56.0,415.0,0.3061592822265625,False,CALL,2026-06-18,CPB
CPB260618C00033000,33.0,0.4,0.3,0.45,17.0,199.0,0.3061592822265625,False,CALL,2026-06-18,CPB
CPB260618C00034000,34.0,0.35,0.2,0.35,16.0,40.0,0.3100654931640625,False,CALL,2026-06-18,CPB
CPB260618C00035000,35.0,0.25,0.15,0.3,19.0,822.0,0.32227240234374993,False,CALL,2026-06-18,CPB
CPB260618P00020000,20.0,0.22,0.1,0.35,2.0,253.0,0.41602146484374997,False,PUT,2026-06-18,CPB
CPB260618P00021000,21.0,0.45,0.0,0.4,1.0,12.0,0.3813538427734374,False,PUT,2026-06-18,CPB
CPB260618P00022000,22.0,0.45,0.3,0.5,9.0,230.0,0.3579165771484375,False,PUT,2026-06-18,CPB
CPB260618P00023000,23.0,0.55,0.45,0.65,1.0,212.0,0.3398503515625,False,PUT,2026-06-18,CPB
CPB260618P00024000,24.0,0.76,0.65,0.95,6.0,275.0,0.34326828613281246,False,PUT,2026-06-18,CPB
CPB260618P00025000,25.0,1.0,0.9,1.1,6.0,1051.0,0.3086006640625,False,PUT,2026-06-18,CPB
CPB260618P00026000,26.0,1.37,1.3,1.5,11.0,333.0,0.3073799731445312,False,PUT,2026-06-18,CPB
CPB260618P00027000,27.0,1.85,1.75,1.95,2.0,143.0,0.301764794921875,False,PUT,2026-06-18,CPB
CPB260618P00028000,28.0,2.6,2.2,2.65,5.0,1266.0,0.3217841259765625,True,PUT,2026-06-18,CPB
CPB260618P00029000,29.0,3.3,2.9,3.2,1.0,364.0,0.3090889404296875,True,PUT,2026-06-18,CPB
CPB260618P00030000,30.0,3.95,3.6,4.0,15.0,724.0,0.3249579223632812,True,PUT,2026-06-18,CPB
CPB260618P00031000,31.0,4.98,4.3,4.7,1.0,1376.0,0.3161689477539062,True,PUT,2026-06-18,CPB
CPB260618P00032000,32.0,6.07,4.8,6.0,5.0,18.0,0.4057676611328125,True,PUT,2026-06-18,CPB
CPB260618P00033000,33.0,5.75,5.5,7.0,1.0,44.0,0.4419001123046875,True,PUT,2026-06-18,CPB
CPB260618P00034000,34.0,5.52,0.0,0.0,15.0,16.0,1.0000000000000003e-05,True,PUT,2026-06-18,CPB
CPB260618P00035000,35.0,10.4,7.4,8.9,5.0,401.0,0.4885305053710938,True,PUT,2026-06-18,CPB
CPB260821C00022000,22.0,5.8,5.0,6.5,10.0,16.0,0.45435115966796874,True,CALL,2026-08-21,CPB
CPB260821C00024000,24.0,4.5,4.1,4.5,10.0,10.0,0.34570966796874997,True,CALL,2026-08-21,CPB
CPB260821C00025000,25.0,4.0,3.4,3.8,9.0,9.0,0.3327703442382813,True,CALL,2026-08-21,CPB
CPB260821C00026000,26.0,2.72,2.75,3.2,1.0,7.0,0.32642275146484373,True,CALL,2026-08-21,CPB
CPB260821C00027000,27.0,2.3,2.2,2.7,2.0,63.0,0.32520206054687495,True,CALL,2026-08-21,CPB
CPB260821C00028000,28.0,2.0,1.7,2.25,31.0,110.0,0.3227606787109374,False,CALL,2026-08-21,CPB
CPB260821C00029000,29.0,1.5,1.35,1.85,102.0,127.0,0.31958688232421867,False,CALL,2026-08-21,CPB
CPB260821C00030000,30.0,1.35,1.15,1.35,2.0,68.0,0.2963937548828125,False,CALL,2026-08-21,CPB
CPB260821C00031000,31.0,1.05,0.75,1.1,9.0,60.0,0.2981027221679687,False,CALL,2026-08-21,CPB
CPB260821C00032000,32.0,0.85,0.7,0.9,9.0,25.0,0.3007882421875,False,CALL,2026-08-21,CPB
CPB260821C00033000,33.0,0.75,0.4,0.75,10.0,5.0,0.3061592822265625,False,CALL,2026-08-21,CPB
CPB260821C00034000,34.0,0.5,0.35,0.75,5.0,41.0,0.3320379296875,False,CALL,2026-08-21,CPB
CPB260821C00035000,35.0,0.3,0.25,0.8,,10.0,0.36524072265625,False,CALL,2026-08-21,CPB
CPB260821P00020000,20.0,0.38,0.0,0.95,1.0,52.0,0.48730981445312505,False,PUT,2026-08-21,CPB
CPB260821P00021000,21.0,0.6,0.4,0.8,36.0,53.0,0.40552352294921873,False,PUT,2026-08-21,CPB
CPB260821P00022000,22.0,0.67,0.25,0.85,10.0,14.0,0.36597313720703123,False,PUT,2026-08-21,CPB
CPB260821P00023000,23.0,0.9,0.7,0.95,1.0,25.0,0.33447931152343746,False,PUT,2026-08-21,CPB
CPB260821P00024000,24.0,1.1,0.95,1.2,5.0,67.0,0.3227606787109374,False,PUT,2026-08-21,CPB
CPB260821P00025000,25.0,1.42,1.25,1.7,20.0,66.0,0.3391179370117187,False,PUT,2026-08-21,CPB
CPB260821P00026000,26.0,2.05,1.6,2.0,1.0,59.0,0.31958688232421867,False,PUT,2026-08-21,CPB
CPB260821P00027000,27.0,2.27,2.1,2.6,20.0,80.0,0.331061376953125,False,PUT,2026-08-21,CPB
CPB260821P00028000,28.0,3.3,2.6,3.1,3.0,62.0,0.3225165405273437,True,PUT,2026-08-21,CPB
CPB260821P00029000,29.0,3.2,3.2,3.7,2.0,2.0,0.31909860595703116,True,PUT,2026-08-21,CPB
CPB260821P00030000,30.0,4.4,3.9,4.4,23.0,62.0,0.3217841259765625,True,PUT,2026-08-21,CPB
CPB260821P00031000,31.0,5.5,4.6,5.1,7.0,8.0,0.3181220532226562,True,PUT,2026-08-21,CPB
CPB260821P00033000,33.0,7.02,5.8,7.3,,1.0,0.4089414575195312,True,PUT,2026-08-21,CPB
CPB260821P00035000,35.0,9.2,7.5,9.0,3.0,103.0,0.4206600903320313,True,PUT,2026-08-21,CPB
CPB260918C00020000,20.0,7.0,6.7,8.2,1.0,7.0,0.4770560107421875,True,CALL,2026-09-18,CPB
CPB260918C00023000,23.0,4.7,4.2,5.8,2.0,15.0,0.41870698486328123,True,CALL,2026-09-18,CPB
CPB260918C00025000,25.0,3.3,3.6,4.0,1.0,32.0,0.33765310791015624,True,CALL,2026-09-18,CPB
CPB260918C00028000,28.0,1.97,1.95,2.45,86.0,261.0,0.3259344750976562,False,CALL,2026-09-18,CPB
CPB260918C00030000,30.0,1.1,1.2,1.7,7.0,321.0,0.32031929687499994,False,CALL,2026-09-18,CPB
CPB260918C00032000,32.0,0.9,0.7,1.05,1.0,116.0,0.30274134765625,False,CALL,2026-09-18,CPB
CPB260918C00035000,35.0,0.55,0.35,0.75,1.0,138.0,0.3347234497070312,False,CALL,2026-09-18,CPB
CPB260918P00020000,20.0,0.52,0.35,0.55,1.0,105.0,0.37354142089843745,False,PUT,2026-09-18,CPB
CPB260918P00023000,23.0,0.9,0.85,1.25,3.0,214.0,0.35962554443359374,False,PUT,2026-09-18,CPB
CPB260918P00025000,25.0,1.62,1.4,1.85,1.0,327.0,0.33740896972656254,False,PUT,2026-09-18,CPB
CPB260918P00028000,28.0,2.94,2.8,3.2,1.0,785.0,0.3139717041015625,True,PUT,2026-09-18,CPB
CPB260918P00030000,30.0,5.01,4.0,4.4,1.0,227.0,0.3020089331054688,True,PUT,2026-09-18,CPB
CPB260918P00032000,32.0,6.48,5.6,6.0,1.0,61.0,0.31592480957031244,True,PUT,2026-09-18,CPB
CPB260918P00035000,35.0,8.11,7.6,9.1,1.0,20.0,0.40869731933593745,True,PUT,2026-09-18,CPB
CPB261218C00020000,20.0,6.6,5.8,9.7,1.0,49.0,0.6218299536132813,True,CALL,2026-12-18,CPB
CPB261218C00025000,25.0,3.8,3.8,4.4,4.0,40.0,0.3293524096679687,True,CALL,2026-12-18,CPB
CPB261218C00030000,30.0,1.84,1.6,2.05,14.0,1117.0,0.30689169677734374,False,CALL,2026-12-18,CPB
CPB261218C00035000,35.0,0.79,0.55,0.95,2.0,423.0,0.3100654931640625,False,CALL,2026-12-18,CPB
CPB261218P00020000,20.0,0.6,0.55,0.7,3.0,392.0,0.344733115234375,False,PUT,2026-12-18,CPB
CPB261218P00025000,25.0,2.02,1.75,2.15,20.0,327.0,0.31836619140624994,False,PUT,2026-12-18,CPB
CPB261218P00030000,30.0,4.7,4.5,5.1,10.0,86.0,0.3265448205566406,True,PUT,2026-12-18,CPB
CPB261218P00035000,35.0,8.2,7.3,10.0,27.0,46.0,0.44653873779296877,True,PUT,2026-12-18,CPB
CPB270115C00020000,20.0,7.54,6.7,8.9,2.0,182.0,0.4892629199218751,True,CALL,2027-01-15,CPB
CPB270115C00025000,25.0,4.02,3.9,4.4,1.0,1530.0,0.31592480957031244,True,CALL,2027-01-15,CPB
CPB270115C00030000,30.0,1.95,1.8,2.2,18.0,1986.0,0.3087227331542969,False,CALL,2027-01-15,CPB
CPB270115C00035000,35.0,0.91,0.7,0.95,81.0,2211.0,0.29761444580078117,False,CALL,2027-01-15,CPB
CPB270115P00020000,20.0,0.66,0.6,0.95,15.0,896.0,0.372076591796875,False,PUT,2027-01-15,CPB
CPB270115P00025000,25.0,2.07,1.85,2.4,201.0,2253.0,0.331061376953125,False,PUT,2027-01-15,CPB
CPB270115P00030000,30.0,4.84,4.5,5.2,1.0,1099.0,0.3227606787109374,True,PUT,2027-01-15,CPB
CPB270115P00035000,35.0,9.48,7.4,10.1,4.0,373.0,0.43860424682617194,True,PUT,2027-01-15,CPB
CPB280121C00020000,20.0,8.1,6.7,8.6,20.0,658.0,0.31201859863281245,True,CALL,2028-01-21,CPB
CPB280121C00023000,23.0,6.1,4.8,8.5,1.0,26.0,0.44922425781249997,True,CALL,2028-01-21,CPB
CPB280121C00025000,25.0,5.04,4.6,5.7,30.0,432.0,0.3131172204589844,True,CALL,2028-01-21,CPB
CPB280121C00028000,28.0,3.8,3.1,3.8,117.0,231.0,0.27368890380859373,False,CALL,2028-01-21,CPB
CPB280121C00030000,30.0,3.01,2.7,3.9,10.0,703.0,0.32739930419921875,False,CALL,2028-01-21,CPB
CPB280121C00032000,32.0,2.7,1.9,3.1,1.0,107.0,0.31445998046874996,False,CALL,2028-01-21,CPB
CPB280121C00035000,35.0,1.9,1.4,2.1,6.0,449.0,0.2954172021484375,False,CALL,2028-01-21,CPB
CPB280121P00020000,20.0,1.5,1.4,1.7,1.0,396.0,0.3364324169921875,False,PUT,2028-01-21,CPB
CPB280121P00023000,23.0,2.75,1.85,3.5,3.0,3927.0,0.3833069482421875,False,PUT,2028-01-21,CPB
CPB280121P00025000,25.0,3.4,3.1,4.0,1.0,206.0,0.3452213916015625,False,PUT,2028-01-21,CPB
CPB280121P00028000,28.0,6.3,3.3,4.9,1.0,139.0,0.2902903002929687,True,PUT,2028-01-21,CPB
CPB280121P00030000,30.0,6.0,5.1,7.0,2.0,588.0,0.3438786315917969,True,PUT,2028-01-21,CPB
CPB280121P00032000,32.0,8.32,5.9,8.7,4.0,25.0,0.3640200317382813,True,PUT,2028-01-21,CPB
CPB280121P00035000,35.0,9.14,8.0,10.9,11.0,28.0,0.36133451171875,True,PUT,2028-01-21,CPB
CPNG260130C00015000,15.0,5.55,4.5,5.7,3.0,4.0,3.67968830078125,True,CALL,2026-01-30,CPNG
CPNG260130C00019000,19.0,0.94,0.71,1.14,6.0,28.0,0.851563984375,True,CALL,2026-01-30,CPNG
CPNG260130C00019500,19.5,0.49,0.31,0.73,27.0,57.0,0.6953155468750001,True,CALL,2026-01-30,CPNG
CPNG260130C00020000,20.0,0.2,0.2,0.25,407.0,1157.0,0.5937540625000001,False,CALL,2026-01-30,CPNG
CPNG260130C00020500,20.5,0.1,0.06,0.19,146.0,1343.0,0.6757844921875001,False,CALL,2026-01-30,CPNG
CPNG260130C00021000,21.0,0.05,0.01,0.09,29.0,14796.0,0.6718782812500002,False,CALL,2026-01-30,CPNG
CPNG260130C00021500,21.5,0.01,0.01,0.04,47.0,4731.0,0.726565234375,False,CALL,2026-01-30,CPNG
CPNG260130C00022000,22.0,0.01,0.0,0.01,75.0,5931.0,0.6875031250000001,False,CALL,2026-01-30,CPNG
CPNG260130C00022500,22.5,0.03,0.0,0.11,29.0,83.0,1.1953165234375,False,CALL,2026-01-30,CPNG
CPNG260130C00023000,23.0,0.04,0.0,0.19,2.0,122.0,1.5234398828124998,False,CALL,2026-01-30,CPNG
CPNG260130C00023500,23.5,0.04,0.0,0.2,6.0,84.0,1.703126484375,False,CALL,2026-01-30,CPNG
CPNG260130C00024000,24.0,0.07,0.0,0.19,10.0,181.0,1.8281258593749998,False,CALL,2026-01-30,CPNG
CPNG260130C00024500,24.5,0.03,0.0,0.57,2.0,114.0,2.6328159179687503,False,CALL,2026-01-30,CPNG
CPNG260130C00025000,25.0,0.03,0.0,0.01,1.0,7398.0,1.3125034374999998,False,CALL,2026-01-30,CPNG
CPNG260130P00016000,16.0,0.05,0.0,0.75,,6.0,3.02343994140625,False,PUT,2026-01-30,CPNG
CPNG260130P00018000,18.0,0.02,0.0,0.07,1.0,426.0,0.8281267187499999,False,PUT,2026-01-30,CPNG
CPNG260130P00018500,18.5,0.02,0.0,0.22,150.0,689.0,0.8828136718749999,False,PUT,2026-01-30,CPNG
CPNG260130P00019000,19.0,0.05,0.03,0.07,12.0,3638.0,0.5273484765625001,False,PUT,2026-01-30,CPNG
CPNG260130P00019500,19.5,0.16,0.16,0.17,123.0,5122.0,0.45703667968750006,False,PUT,2026-01-30,CPNG
CPNG260130P00020000,20.0,0.4,0.34,0.44,474.0,1498.0,0.4687553125,True,PUT,2026-01-30,CPNG
CPNG260130P00020500,20.5,0.55,0.56,0.97,3.0,821.0,0.804689453125,True,PUT,2026-01-30,CPNG
CPNG260130P00021000,21.0,0.97,0.98,1.58,1.0,422.0,1.2890660546875,True,PUT,2026-01-30,CPNG
CPNG260130P00021500,21.5,1.41,1.13,1.96,1.0,21.0,1.2421912890624998,True,PUT,2026-01-30,CPNG
CPNG260130P00022000,22.0,2.23,2.03,2.48,1.0,637.0,1.4921900390624998,True,PUT,2026-01-30,CPNG
CPNG260130P00022500,22.5,3.1,2.09,3.05,6.0,7.0,1.8710943945312501,True,PUT,2026-01-30,CPNG
CPNG260130P00023000,23.0,3.27,2.35,3.5,4.0,239.0,1.9218753906250001,True,PUT,2026-01-30,CPNG
CPNG260130P00024000,24.0,4.05,3.35,4.5,5.0,33.0,2.2656293359374997,True,PUT,2026-01-30,CPNG
CPNG260130P00025000,25.0,4.95,4.35,5.55,1.0,1.0,2.7343781640625,True,PUT,2026-01-30,CPNG
CPNG260206C00019000,19.0,0.6,1.05,1.19,7.0,10.0,0.5820354296875,True,CALL,2026-02-06,CPNG
CPNG260206C00019500,19.5,1.22,0.73,0.86,102.0,63.0,0.5546919531250001,True,CALL,2026-02-06,CPNG
CPNG260206C00020000,20.0,0.5,0.46,0.58,6.0,2217.0,0.52539537109375,False,CALL,2026-02-06,CPNG
CPNG260206C00020500,20.5,0.36,0.28,0.41,54.0,161.0,0.5273484765625001,False,CALL,2026-02-06,CPNG
CPNG260206C00021000,21.0,0.23,0.19,0.2,586.0,2847.0,0.5039112109375,False,CALL,2026-02-06,CPNG
CPNG260206C00021500,21.5,0.14,0.1,0.2,15.0,8152.0,0.5546919531250001,False,CALL,2026-02-06,CPNG
CPNG260206C00022000,22.0,0.11,0.07,0.12,6.0,322.0,0.5625043750000001,False,CALL,2026-02-06,CPNG
CPNG260206C00023000,23.0,0.2,0.0,0.74,8.0,147.0,1.0957076464843751,False,CALL,2026-02-06,CPNG
CPNG260206C00024000,24.0,0.04,0.01,0.08,6.0,149.0,0.73437765625,False,CALL,2026-02-06,CPNG
CPNG260206C00025000,25.0,0.11,0.01,0.09,4.0,127.0,0.867188828125,False,CALL,2026-02-06,CPNG
CPNG260206P00017500,17.5,0.05,0.03,0.2,1.0,0.0,0.6523472265625001,False,PUT,2026-02-06,CPNG
CPNG260206P00018000,18.0,0.1,0.08,0.33,10.0,199.0,0.6601596484375001,False,PUT,2026-02-06,CPNG
CPNG260206P00018500,18.5,0.23,0.12,0.23,62.0,70.0,0.5585981640625001,False,PUT,2026-02-06,CPNG
CPNG260206P00019000,19.0,0.27,0.22,0.34,1648.0,85.0,0.523442265625,False,PUT,2026-02-06,CPNG
CPNG260206P00019500,19.5,0.5,0.39,0.54,44.0,303.0,0.523442265625,False,PUT,2026-02-06,CPNG
CPNG260206P00020000,20.0,0.65,0.62,0.78,3.0,3551.0,0.5039112109375,True,PUT,2026-02-06,CPNG
CPNG260206P00020500,20.5,0.74,0.94,1.08,2.0,22.0,0.48340360351562506,True,PUT,2026-02-06,CPNG
CPNG260206P00021000,21.0,1.08,1.31,1.44,3.0,142.0,0.46094289062500005,True,PUT,2026-02-06,CPNG
CPNG260206P00022000,22.0,2.27,2.03,2.38,6.0,55.0,0.5625043750000001,True,PUT,2026-02-06,CPNG
CPNG260206P00022500,22.5,2.67,2.05,3.2,3.0,4.0,1.0488328808593752,True,PUT,2026-02-06,CPNG
CPNG260206P00023000,23.0,3.75,2.35,3.75,7.0,118.0,1.19922275390625,True,PUT,2026-02-06,CPNG
CPNG260206P00023500,23.5,3.38,2.81,4.0,1.0,0.0,0.9882813671875,True,PUT,2026-02-06,CPNG
CPNG260206P00024000,24.0,3.97,3.3,4.5,4.0,29.0,1.0664109179687502,True,PUT,2026-02-06,CPNG
CPNG260206P00025000,25.0,5.2,4.7,5.45,1.0,3.0,1.12891060546875,True,PUT,2026-02-06,CPNG
CPNG260213C00020000,20.0,0.74,0.66,0.75,2.0,18.0,0.506840869140625,False,CALL,2026-02-13,CPNG
CPNG260213C00021000,21.0,0.4,0.37,0.41,460.0,465.0,0.523442265625,False,CALL,2026-02-13,CPNG
CPNG260213C00022000,22.0,0.21,0.18,0.21,82.0,352.0,0.5293015820312501,False,CALL,2026-02-13,CPNG
CPNG260213C00023000,23.0,0.14,0.05,0.15,3.0,238.0,0.5468795312500001,False,CALL,2026-02-13,CPNG
CPNG260213C00024000,24.0,0.07,0.02,0.07,10.0,189.0,0.5507857421875001,False,CALL,2026-02-13,CPNG
CPNG260213C00025000,25.0,0.1,0.0,0.5,10.0,40.0,0.9492192578124999,False,CALL,2026-02-13,CPNG
CPNG260213P00018000,18.0,0.2,0.16,0.26,2.0,25.0,0.500005,False,PUT,2026-02-13,CPNG
CPNG260213P00019000,19.0,0.3,0.39,0.48,50.0,1953.0,0.48633326171875,False,PUT,2026-02-13,CPNG
CPNG260213P00020000,20.0,1.2,0.85,0.94,5.0,250.0,0.476567734375,True,PUT,2026-02-13,CPNG
CPNG260213P00021000,21.0,1.34,1.47,1.58,2.0,70.0,0.45508357421875,True,PUT,2026-02-13,CPNG
CPNG260213P00022000,22.0,2.09,1.84,2.56,2.0,64.0,0.5996133789062501,True,PUT,2026-02-13,CPNG
CPNG260213P00023000,23.0,3.37,2.99,3.65,2.0,16.0,0.8183611914062499,True,PUT,2026-02-13,CPNG
CPNG260213P00024000,24.0,2.72,3.35,4.55,2.0,2.0,0.8535170898437501,True,PUT,2026-02-13,CPNG
CPNG260213P00025000,25.0,4.6,4.3,5.5,1.0,4.0,0.9101571484375,True,PUT,2026-02-13,CPNG
CPNG260220C00015000,15.0,5.59,4.55,5.75,70.0,65.0,1.1328168359375002,True,CALL,2026-02-20,CPNG
CPNG260220C00017000,17.0,3.65,2.75,3.55,20.0,22.0,0.7587914746093751,True,CALL,2026-02-20,CPNG
CPNG260220C00018000,18.0,2.1,2.05,2.37,2.0,70.0,0.6132851171875001,True,CALL,2026-02-20,CPNG
CPNG260220C00019000,19.0,1.47,1.41,1.49,316.0,3868.0,0.543949873046875,True,CALL,2026-02-20,CPNG
CPNG260220C00019500,19.5,1.1,1.07,1.21,13.0,518.0,0.524418818359375,True,CALL,2026-02-20,CPNG
CPNG260220C00020000,20.0,0.91,0.85,0.95,254.0,1989.0,0.5214891601562499,False,CALL,2026-02-20,CPNG
CPNG260220C00020500,20.5,1.09,0.65,0.75,130.0,2591.0,0.5195360546875,False,CALL,2026-02-20,CPNG
CPNG260220C00021000,21.0,0.53,0.5,0.59,522.0,3036.0,0.523442265625,False,CALL,2026-02-20,CPNG
CPNG260220C00021500,21.5,0.65,0.32,0.45,9.0,19.0,0.50586431640625,False,CALL,2026-02-20,CPNG
CPNG260220C00022000,22.0,0.31,0.28,0.34,444.0,4707.0,0.524418818359375,False,CALL,2026-02-20,CPNG
CPNG260220C00022500,22.5,0.4,0.2,0.26,1.0,48.0,0.52539537109375,False,CALL,2026-02-20,CPNG
CPNG260220C00023000,23.0,0.19,0.17,0.2,33.0,5616.0,0.5410202148437502,False,CALL,2026-02-20,CPNG
CPNG260220C00023500,23.5,0.26,0.0,0.75,2.0,16.0,0.745119736328125,False,CALL,2026-02-20,CPNG
CPNG260220C00024000,24.0,0.1,0.08,0.19,14.0,652.0,0.585941640625,False,CALL,2026-02-20,CPNG
CPNG260220C00024500,24.5,0.15,0.0,0.67,1.0,63.0,0.8183611914062499,False,CALL,2026-02-20,CPNG
CPNG260220C00025000,25.0,0.11,0.02,0.15,52.0,3163.0,0.6054726953125001,False,CALL,2026-02-20,CPNG
CPNG260220P00015000,15.0,0.3,0.0,0.75,1.0,13.0,1.0742233789062503,False,PUT,2026-02-20,CPNG
CPNG260220P00016000,16.0,0.42,0.08,0.15,1.0,30.0,0.6210975390625001,False,PUT,2026-02-20,CPNG
CPNG260220P00017000,17.0,0.21,0.09,0.21,12.0,130.0,0.51758294921875,False,PUT,2026-02-20,CPNG
CPNG260220P00018000,18.0,0.35,0.31,0.36,135.0,4573.0,0.507817421875,False,PUT,2026-02-20,CPNG
CPNG260220P00018500,18.5,0.4,0.39,0.48,1.0,132.0,0.506840869140625,False,PUT,2026-02-20,CPNG
CPNG260220P00019000,19.0,0.61,0.57,0.66,76.0,4794.0,0.5039112109375,False,PUT,2026-02-20,CPNG
CPNG260220P00019500,19.5,0.8,0.76,0.85,2.0,283.0,0.48633326171875,False,PUT,2026-02-20,CPNG
CPNG260220P00020000,20.0,1.07,0.99,1.09,355.0,3204.0,0.47363807617187503,True,PUT,2026-02-20,CPNG
CPNG260220P00020500,20.5,1.36,1.28,1.4,51.0,618.0,0.47559118164062497,True,PUT,2026-02-20,CPNG
CPNG260220P00021000,21.0,1.68,1.63,1.72,4.0,1497.0,0.46191944335937507,True,PUT,2026-02-20,CPNG
CPNG260220P00021500,21.5,1.6,1.98,2.13,2.0,7.0,0.481450498046875,True,PUT,2026-02-20,CPNG
CPNG260220P00022000,22.0,2.45,2.37,2.6,58.0,743.0,0.5273484765625001,True,PUT,2026-02-20,CPNG
CPNG260220P00022500,22.5,2.08,2.15,3.25,,57.0,0.6894562304687502,True,PUT,2026-02-20,CPNG
CPNG260220P00023000,23.0,2.75,2.56,3.7,3.0,2053.0,0.71679970703125,True,PUT,2026-02-20,CPNG
CPNG260220P00024000,24.0,4.0,3.85,4.6,26.0,387.0,0.75195560546875,True,PUT,2026-02-20,CPNG
CPNG260220P00025000,25.0,4.5,4.35,5.55,1.0,230.0,0.80664255859375,True,PUT,2026-02-20,CPNG
CPNG260227C00014000,14.0,7.0,4.85,8.05,2.0,2.0,1.4111357568359377,True,CALL,2026-02-27,CPNG
CPNG260227C00019000,19.0,1.75,1.59,1.83,40.0,145.0,0.5976602734375001,True,CALL,2026-02-27,CPNG
CPNG260227C00020000,20.0,1.73,1.11,1.3,12.0,62.0,0.5918009570312501,False,CALL,2026-02-27,CPNG
CPNG260227C00020500,20.5,1.02,0.9,1.05,40.0,2418.0,0.579105771484375,False,CALL,2026-02-27,CPNG
CPNG260227C00021000,21.0,1.25,0.72,0.9,20.0,46.0,0.5839885351562499,False,CALL,2026-02-27,CPNG
CPNG260227C00021500,21.5,0.97,0.61,0.7,2.0,25.0,0.5800823242187501,False,CALL,2026-02-27,CPNG
CPNG260227C00022000,22.0,0.79,0.42,0.64,5.0,23.0,0.5810588769531251,False,CALL,2026-02-27,CPNG
CPNG260227C00023000,23.0,0.55,0.29,0.43,6.0,12.0,0.5937540625000001,False,CALL,2026-02-27,CPNG
CPNG260227C00023500,23.5,0.19,0.19,0.63,25.0,81.0,0.6738313867187502,False,CALL,2026-02-27,CPNG
CPNG260227C00024000,24.0,0.48,0.07,0.95,1.0,1.0,0.7832052929687501,False,CALL,2026-02-27,CPNG
CPNG260227C00024500,24.5,0.3,0.01,0.5,1.0,70.0,0.657229990234375,False,CALL,2026-02-27,CPNG
CPNG260227C00025000,25.0,0.09,0.0,0.4,1.0,3.0,0.6523472265625001,False,CALL,2026-02-27,CPNG
CPNG260227C00025500,25.5,0.19,0.0,0.35,50.0,49.0,0.6660189648437502,False,CALL,2026-02-27,CPNG
CPNG260227P00018500,18.5,0.62,0.6,0.72,6.0,89.0,0.5351608984375,False,PUT,2026-02-27,CPNG
CPNG260227P00019000,19.0,0.82,0.8,0.88,54.0,63.0,0.52539537109375,False,PUT,2026-02-27,CPNG
CPNG260227P00019500,19.5,1.1,1.01,1.14,7.0,2.0,0.526371923828125,False,PUT,2026-02-27,CPNG
CPNG260227P00020000,20.0,0.77,1.27,1.4,6.0,118.0,0.523442265625,True,PUT,2026-02-27,CPNG
CPNG260227P00020500,20.5,1.48,1.55,1.7,5.0,60.0,0.5185595019531251,True,PUT,2026-02-27,CPNG
CPNG260227P00021000,21.0,1.65,1.84,1.98,1.0,5.0,0.5302781347656251,True,PUT,2026-02-27,CPNG
CPNG260227P00022000,22.0,2.51,2.45,2.74,1.0,24.0,0.5410202148437502,True,PUT,2026-02-27,CPNG
CPNG260227P00022500,22.5,1.22,2.44,3.45,,2.0,0.709963837890625,True,PUT,2026-02-27,CPNG
CPNG260227P00023000,23.0,3.16,2.64,3.9,10.0,14.0,0.7402369726562499,True,PUT,2026-02-27,CPNG
CPNG260227P00024000,24.0,3.75,3.45,4.75,2.0,7.0,0.75586181640625,True,PUT,2026-02-27,CPNG
CPNG260306P00017000,17.0,0.38,0.04,0.45,4.0,7.0,0.6074258007812501,False,PUT,2026-03-06,CPNG
CPNG260306P00018000,18.0,0.5,0.48,0.7,7.0,48.0,0.5302781347656251,False,PUT,2026-03-06,CPNG
CPNG260306P00020500,20.5,1.5,1.57,1.8,1.0,7.0,0.5380905566406251,True,PUT,2026-03-06,CPNG
CPNG260306P00023000,23.0,3.32,2.65,4.65,10.0,10.0,0.5380905566406251,True,PUT,2026-03-06,CPNG
CPNG260320C00015000,15.0,5.1,4.9,5.4,8.0,24.0,0.7597680273437502,True,CALL,2026-03-20,CPNG
CPNG260320C00016000,16.0,4.29,4.05,4.45,14.0,2.0,0.6875031250000001,True,CALL,2026-03-20,CPNG
CPNG260320C00017000,17.0,3.4,3.25,3.6,14.0,9.0,0.63867548828125,True,CALL,2026-03-20,CPNG
CPNG260320C00018000,18.0,2.67,2.65,2.77,41.0,545.0,0.6123085644531252,True,CALL,2026-03-20,CPNG
CPNG260320C00019000,19.0,2.1,2.0,2.1,12.0,150.0,0.579105771484375,True,CALL,2026-03-20,CPNG
CPNG260320C00020000,20.0,1.56,1.52,1.58,65.0,4238.0,0.5712933496093751,False,CALL,2026-03-20,CPNG
CPNG260320C00021000,21.0,1.07,1.11,1.16,341.0,6557.0,0.561527822265625,False,CALL,2026-03-20,CPNG
CPNG260320C00022000,22.0,0.83,0.79,0.83,247.0,14026.0,0.5532271240234375,False,CALL,2026-03-20,CPNG
CPNG260320C00023000,23.0,0.59,0.55,0.58,258.0,5897.0,0.5468795312500001,False,CALL,2026-03-20,CPNG
CPNG260320C00024000,24.0,0.4,0.37,0.42,1202.0,6135.0,0.5459029785156251,False,CALL,2026-03-20,CPNG
CPNG260320C00025000,25.0,0.29,0.24,0.32,187.0,10175.0,0.5507857421875001,False,CALL,2026-03-20,CPNG
CPNG260320P00015000,15.0,0.16,0.1,0.29,47.0,1318.0,0.5898478515625001,False,PUT,2026-03-20,CPNG
CPNG260320P00016000,16.0,0.26,0.29,0.32,892.0,136.0,0.5566450585937501,False,PUT,2026-03-20,CPNG
CPNG260320P00017000,17.0,0.5,0.48,0.52,36.0,518.0,0.5419967675781252,False,PUT,2026-03-20,CPNG
CPNG260320P00018000,18.0,0.77,0.76,0.79,115.0,4207.0,0.526371923828125,False,PUT,2026-03-20,CPNG
CPNG260320P00019000,19.0,1.14,1.13,1.17,76.0,3252.0,0.5136767382812499,False,PUT,2026-03-20,CPNG
CPNG260320P00020000,20.0,1.62,1.62,1.66,393.0,3033.0,0.5048877636718749,True,PUT,2026-03-20,CPNG
CPNG260320P00021000,21.0,2.2,2.18,2.25,65.0,652.0,0.5024463818359376,True,PUT,2026-03-20,CPNG
CPNG260320P00022000,22.0,2.54,2.8,2.96,11.0,1778.0,0.5019581054687501,True,PUT,2026-03-20,CPNG
CPNG260320P00023000,23.0,3.67,3.55,3.75,2.0,1395.0,0.5039112109375,True,PUT,2026-03-20,CPNG
CPNG260320P00024000,24.0,4.2,4.05,4.7,50.0,505.0,0.5556685058593751,True,PUT,2026-03-20,CPNG
CPNG260320P00025000,25.0,5.35,5.25,5.4,5.0,682.0,0.43555251953125,True,PUT,2026-03-20,CPNG
CPNG260515C00015000,15.0,6.16,5.3,5.9,70.0,73.0,0.6982452050781252,True,CALL,2026-05-15,CPNG
CPNG260515C00016000,16.0,5.2,4.5,4.95,2.0,3.0,0.6347692773437501,True,CALL,2026-05-15,CPNG
CPNG260515C00017000,17.0,3.99,3.8,4.1,6.0,702.0,0.59570716796875,True,CALL,2026-05-15,CPNG
CPNG260515C00018000,18.0,3.29,3.15,3.45,4.0,38.0,0.57812921875,True,CALL,2026-05-15,CPNG
CPNG260515C00019000,19.0,3.2,2.71,2.78,3.0,85.0,0.569340244140625,True,CALL,2026-05-15,CPNG
CPNG260515C00020000,20.0,2.82,2.22,2.27,4.0,199.0,0.5581098876953126,False,CALL,2026-05-15,CPNG
CPNG260515C00021000,21.0,1.93,1.78,1.85,15.0,989.0,0.5488326367187502,False,CALL,2026-05-15,CPNG
CPNG260515C00022000,22.0,1.46,1.43,1.47,50.0,478.0,0.5400436621093752,False,CALL,2026-05-15,CPNG
CPNG260515C00023000,23.0,1.11,1.14,1.17,13.0,717.0,0.5351608984375,False,CALL,2026-05-15,CPNG
CPNG260515C00024000,24.0,0.98,0.79,0.95,1050.0,5667.0,0.5195360546875,False,CALL,2026-05-15,CPNG
CPNG260515C00025000,25.0,0.69,0.72,0.76,1119.0,23776.0,0.534184345703125,False,CALL,2026-05-15,CPNG
CPNG260515P00014000,14.0,0.31,0.21,0.38,20.0,23.0,0.5449264257812501,False,PUT,2026-05-15,CPNG
CPNG260515P00015000,15.0,0.56,0.36,0.6,49.0,83.0,0.543949873046875,False,PUT,2026-05-15,CPNG
CPNG260515P00016000,16.0,0.65,0.66,0.69,15.0,235.0,0.524418818359375,False,PUT,2026-05-15,CPNG
CPNG260515P00017000,17.0,0.97,0.92,0.96,1.0,58.0,0.5102588037109376,False,PUT,2026-05-15,CPNG
CPNG260515P00018000,18.0,1.27,1.26,1.3,4.0,11659.0,0.5039112109375,False,PUT,2026-05-15,CPNG
CPNG260515P00019000,19.0,1.57,1.67,1.74,354.0,719.0,0.4985401708984375,False,PUT,2026-05-15,CPNG
CPNG260515P00020000,20.0,2.2,2.16,2.24,3.0,690.0,0.4897511962890626,True,PUT,2026-05-15,CPNG
CPNG260515P00021000,21.0,2.77,2.73,2.82,48.0,1114.0,0.48291532714843755,True,PUT,2026-05-15,CPNG
CPNG260515P00022000,22.0,3.15,3.35,3.45,88.0,4341.0,0.47119669433593747,True,PUT,2026-05-15,CPNG
CPNG260515P00023000,23.0,4.81,4.0,4.3,71.0,186.0,0.4995167236328125,True,PUT,2026-05-15,CPNG
CPNG260515P00024000,24.0,4.45,4.7,5.05,4.0,427.0,0.49023947265625006,True,PUT,2026-05-15,CPNG
CPNG260515P00025000,25.0,5.25,5.35,5.85,3.0,189.0,0.481450498046875,True,PUT,2026-05-15,CPNG
CPNG260618C00014000,14.0,7.81,6.2,7.0,,0.0,0.7026396923828125,True,CALL,2026-06-18,CPNG
CPNG260618C00015000,15.0,6.35,5.45,6.2,1.0,34.0,0.676761044921875,True,CALL,2026-06-18,CPNG
CPNG260618C00016000,16.0,4.2,4.65,5.45,4.0,6.0,0.6411168701171875,True,CALL,2026-06-18,CPNG
CPNG260618C00017000,17.0,3.65,4.05,4.35,1.0,12.0,0.5800823242187501,True,CALL,2026-06-18,CPNG
CPNG260618C00019000,19.0,3.05,2.97,3.05,108.0,30.0,0.5522505712890625,True,CALL,2026-06-18,CPNG
CPNG260618C00020000,20.0,2.52,2.48,2.54,33.0,1542.0,0.5405319384765627,False,CALL,2026-06-18,CPNG
CPNG260618C00021000,21.0,2.17,2.04,2.17,1.0,2133.0,0.5371140039062501,False,CALL,2026-06-18,CPNG
CPNG260618C00022000,22.0,2.0,1.65,1.73,57.0,639.0,0.5205126074218749,False,CALL,2026-06-18,CPNG
CPNG260618C00023000,23.0,1.39,1.36,1.4,1.0,618.0,0.5151415673828125,False,CALL,2026-06-18,CPNG
CPNG260618C00024000,24.0,1.46,1.11,1.14,34.0,4418.0,0.5117236328125,False,CALL,2026-06-18,CPNG
CPNG260618C00025000,25.0,0.95,0.89,0.94,25.0,4933.0,0.5092822509765625,False,CALL,2026-06-18,CPNG
CPNG260618P00014000,14.0,0.41,0.31,0.54,26.0,114.0,0.532231240234375,False,PUT,2026-06-18,CPNG
CPNG260618P00015000,15.0,0.58,0.47,0.72,1.0,411.0,0.514653291015625,False,PUT,2026-06-18,CPNG
CPNG260618P00016000,16.0,0.84,0.81,0.86,77.0,201.0,0.5039112109375,False,PUT,2026-06-18,CPNG
CPNG260618P00017000,17.0,1.09,1.1,1.15,83.0,893.0,0.4975636181640626,False,PUT,2026-06-18,CPNG
CPNG260618P00018000,18.0,1.49,1.45,1.51,113.0,3040.0,0.48682153808593753,False,PUT,2026-06-18,CPNG
CPNG260618P00019000,19.0,1.91,1.87,1.94,4.0,603.0,0.47681187255859375,False,PUT,2026-06-18,CPNG
CPNG260618P00020000,20.0,2.15,2.36,2.42,30.0,15751.0,0.463872548828125,True,PUT,2026-06-18,CPNG
CPNG260618P00021000,21.0,3.05,2.9,3.05,170.0,2375.0,0.467778759765625,True,PUT,2026-06-18,CPNG
CPNG260618P00022000,22.0,3.55,3.5,3.65,38.0,5738.0,0.45288633056640626,True,PUT,2026-06-18,CPNG
CPNG260618P00023000,23.0,4.25,4.2,4.35,71.0,127.0,0.446294599609375,True,PUT,2026-06-18,CPNG
CPNG260618P00024000,24.0,3.71,4.85,5.25,1.0,146.0,0.47510290527343746,True,PUT,2026-06-18,CPNG
CPNG260618P00025000,25.0,4.65,5.6,6.0,1.0,3009.0,0.4594780615234375,True,PUT,2026-06-18,CPNG
CPNG260821C00017000,17.0,7.0,4.45,4.9,10.0,11.0,0.57617611328125,True,CALL,2026-08-21,CPNG
CPNG260821C00018000,18.0,6.6,3.9,4.35,,1.0,0.5712933496093751,True,CALL,2026-08-21,CPNG
CPNG260821C00020000,20.0,3.45,2.87,3.35,1.0,238.0,0.5512740185546876,False,CALL,2026-08-21,CPNG
CPNG260821C00021000,21.0,2.8,2.53,2.9,2.0,37.0,0.549076774902344,False,CALL,2026-08-21,CPNG
CPNG260821C00022000,22.0,2.76,2.03,2.55,51.0,101.0,0.5344284838867188,False,CALL,2026-08-21,CPNG
CPNG260821C00023000,23.0,1.93,1.78,2.11,10.0,50.0,0.526371923828125,False,CALL,2026-08-21,CPNG
CPNG260821C00024000,24.0,1.72,1.5,1.92,1.0,3067.0,0.5307664111328125,False,CALL,2026-08-21,CPNG
CPNG260821C00025000,25.0,1.35,1.21,1.64,1.0,277.0,0.5205126074218749,False,CALL,2026-08-21,CPNG
CPNG260821P00015000,15.0,0.88,0.73,1.02,10.0,2037.0,0.5019581054687501,False,PUT,2026-08-21,CPNG
CPNG260821P00016000,16.0,1.07,1.0,1.3,2.0,4.0,0.5241746801757812,False,PUT,2026-08-21,CPNG
CPNG260821P00017000,17.0,1.21,1.3,1.63,1.0,27.0,0.5102588037109376,False,PUT,2026-08-21,CPNG
CPNG260821P00018000,18.0,2.0,1.68,2.15,1.0,21.0,0.5229539892578124,False,PUT,2026-08-21,CPNG
CPNG260821P00019000,19.0,2.49,2.1,2.43,1.0,90.0,0.4819387744140625,False,PUT,2026-08-21,CPNG
CPNG260821P00020000,20.0,2.87,2.64,3.1,35.0,469.0,0.5009815527343751,True,PUT,2026-08-21,CPNG
CPNG260821P00021000,21.0,3.58,3.1,3.5,30.0,36.0,0.4643608251953125,True,PUT,2026-08-21,CPNG
CPNG260821P00022000,22.0,2.36,3.75,4.2,,3.0,0.47070841796875,True,PUT,2026-08-21,CPNG
CPNG260821P00023000,23.0,2.81,4.4,4.85,1.0,20.0,0.46045461425781253,True,PUT,2026-08-21,CPNG
CPNG260821P00024000,24.0,3.0,5.15,5.5,1.0,11.0,0.4414118359375,True,PUT,2026-08-21,CPNG
CPNG260821P00025000,25.0,3.5,5.7,6.25,1.0,6.0,0.432622861328125,True,PUT,2026-08-21,CPNG
CPNG260918C00014000,14.0,7.52,6.7,7.45,1.0,3.0,0.6655306884765627,True,CALL,2026-09-18,CPNG
CPNG260918C00015000,15.0,6.77,5.95,6.7,1.0,4.0,0.637698935546875,True,CALL,2026-09-18,CPNG
CPNG260918C00019000,19.0,5.4,3.55,4.05,,10.0,0.56055126953125,True,CALL,2026-09-18,CPNG
CPNG260918C00020000,20.0,3.3,3.15,3.35,2.0,14.0,0.5397995239257813,False,CALL,2026-09-18,CPNG
CPNG260918C00021000,21.0,2.8,2.6,3.0,10.0,380.0,0.5285691674804689,False,CALL,2026-09-18,CPNG
CPNG260918C00022000,22.0,2.33,2.3,2.63,1.0,10.0,0.5293015820312501,False,CALL,2026-09-18,CPNG
CPNG260918C00023000,23.0,2.17,1.87,2.3,45.0,196.0,0.5163622583007812,False,CALL,2026-09-18,CPNG
CPNG260918C00024000,24.0,2.0,1.58,2.13,1.0,93.0,0.5219774365234374,False,CALL,2026-09-18,CPNG
CPNG260918C00025000,25.0,1.55,1.42,1.75,100.0,277.0,0.51562984375,False,CALL,2026-09-18,CPNG
CPNG260918P00015000,15.0,0.39,0.8,1.09,1.0,18.0,0.5219774365234374,False,PUT,2026-09-18,CPNG
CPNG260918P00016000,16.0,1.35,1.08,1.39,4.0,262.0,0.5102588037109376,False,PUT,2026-09-18,CPNG
CPNG260918P00018000,18.0,1.88,1.8,2.11,103.0,149.0,0.4836477416992188,False,PUT,2026-09-18,CPNG
CPNG260918P00019000,19.0,2.21,2.23,2.57,20.0,72.0,0.47510290527343746,False,PUT,2026-09-18,CPNG
CPNG260918P00020000,20.0,2.87,2.86,3.05,100.0,8861.0,0.4616753051757813,True,PUT,2026-09-18,CPNG
CPNG260918P00021000,21.0,3.25,3.25,3.65,1.0,16.0,0.4594780615234375,True,PUT,2026-09-18,CPNG
CPNG260918P00022000,22.0,3.0,3.85,4.25,2.0,8.0,0.44946839599609373,True,PUT,2026-09-18,CPNG
CPNG260918P00023000,23.0,2.97,4.55,4.9,17.0,7772.0,0.43994700683593746,True,PUT,2026-09-18,CPNG
CPNG260918P00024000,24.0,4.0,5.25,5.6,1.0,13.0,0.43140217041015627,True,PUT,2026-09-18,CPNG
CPNG260918P00025000,25.0,3.65,6.0,6.35,1.0,338.0,0.4243221630859375,True,PUT,2026-09-18,CPNG
CPNG261218C00015000,15.0,7.08,5.6,7.15,2.0,22.0,0.5500533276367189,True,CALL,2026-12-18,CPNG
CPNG261218C00018000,18.0,4.76,4.6,5.2,7.0,39.0,0.5690961059570312,True,CALL,2026-12-18,CPNG
CPNG261218C00020000,20.0,3.8,3.6,3.85,3.0,394.0,0.5231981274414061,False,CALL,2026-12-18,CPNG
CPNG261218C00023000,23.0,2.63,2.5,2.67,4.0,418.0,0.50586431640625,False,CALL,2026-12-18,CPNG
CPNG261218C00025000,25.0,2.05,1.92,2.08,27.0,75.0,0.5073291455078125,False,CALL,2026-12-18,CPNG
CPNG261218P00015000,15.0,1.2,1.1,1.41,1.0,26.0,0.5039112109375,False,PUT,2026-12-18,CPNG
CPNG261218P00018000,18.0,2.35,2.18,2.4,1.0,255.0,0.45313046875,False,PUT,2026-12-18,CPNG
CPNG261218P00020000,20.0,3.1,3.1,3.4,3.0,324.0,0.43945873046875,True,PUT,2026-12-18,CPNG
CPNG261218P00023000,23.0,5.0,4.95,5.2,2.0,177.0,0.41480077392578124,True,PUT,2026-12-18,CPNG
CPNG261218P00025000,25.0,6.15,6.35,6.6,3.0,292.0,0.3979552392578125,True,PUT,2026-12-18,CPNG
CPNG270115C00015000,15.0,6.85,6.55,7.2,1.0,292.0,0.6147499462890625,True,CALL,2027-01-15,CPNG
CPNG270115C00018000,18.0,5.0,4.75,5.05,1.0,313.0,0.5459029785156251,True,CALL,2027-01-15,CPNG
CPNG270115C00020000,20.0,4.0,3.8,3.95,58.0,1600.0,0.5217332983398437,False,CALL,2027-01-15,CPNG
CPNG270115C00022000,22.0,3.1,3.0,3.15,13.0,1421.0,0.5095263891601562,False,CALL,2027-01-15,CPNG
CPNG270115C00025000,25.0,2.17,2.13,2.2,177.0,12981.0,0.5029346582031251,False,CALL,2027-01-15,CPNG
CPNG270115P00015000,15.0,1.32,1.17,1.47,14.0,7205.0,0.49414568359375005,False,PUT,2027-01-15,CPNG
CPNG270115P00018000,18.0,2.45,2.27,2.45,48.0,1458.0,0.4419001123046875,False,PUT,2027-01-15,CPNG
CPNG270115P00020000,20.0,3.4,3.3,3.45,26.0,2836.0,0.4282283740234375,True,PUT,2027-01-15,CPNG
CPNG270115P00022000,22.0,4.55,4.45,4.6,1.0,1635.0,0.41138283935546877,True,PUT,2027-01-15,CPNG
CPNG270115P00025000,25.0,6.35,6.4,6.65,1.0,1256.0,0.38892212646484375,True,PUT,2027-01-15,CPNG
CPNG280121C00015000,15.0,8.2,7.9,8.4,1.0,690.0,0.5805706005859376,True,CALL,2028-01-21,CPNG
CPNG280121C00020000,20.0,5.8,5.5,5.85,119.0,2262.0,0.5339402075195312,False,CALL,2028-01-21,CPNG
CPNG280121C00023000,23.0,4.65,4.45,4.75,158.0,3370.0,0.5212450219726561,False,CALL,2028-01-21,CPNG
CPNG280121C00025000,25.0,3.93,3.85,4.25,5.0,3167.0,0.5190477783203125,False,CALL,2028-01-21,CPNG
CPNG280121P00015000,15.0,2.17,2.16,2.35,10.0,381.0,0.4519097778320313,False,PUT,2028-01-21,CPNG
CPNG280121P00020000,20.0,4.55,4.45,4.7,82.0,506.0,0.4146787048339844,True,PUT,2028-01-21,CPNG
CPNG280121P00023000,23.0,6.03,5.95,6.5,10.0,78.0,0.39600213378906257,True,PUT,2028-01-21,CPNG
CPNG280121P00025000,25.0,8.2,7.2,7.8,10.0,67.0,0.3803772900390625,True,PUT,2028-01-21,CPNG
CPRT260220C00030000,30.0,11.2,9.8,11.9,100.0,94.0,1.1923868505859376,True,CALL,2026-02-20,CPRT
CPRT260220C00032500,32.5,6.65,7.3,9.0,1.0,3.0,0.8720715917968749,True,CALL,2026-02-20,CPRT
CPRT260220C00035000,35.0,5.8,5.0,6.5,4.0,23.0,0.6899445068359377,True,CALL,2026-02-20,CPRT
CPRT260220C00037500,37.5,3.3,2.95,3.2,8.0,158.0,0.4467828759765625,True,CALL,2026-02-20,CPRT
CPRT260220C00040000,40.0,1.5,1.45,1.6,27.0,1727.0,0.4106504248046875,False,CALL,2026-02-20,CPRT
CPRT260220C00042500,42.5,0.6,0.55,0.7,6.0,1138.0,0.40918559570312496,False,CALL,2026-02-20,CPRT
CPRT260220C00045000,45.0,0.25,0.2,0.3,23.0,2085.0,0.42676354492187507,False,CALL,2026-02-20,CPRT
CPRT260220C00047500,47.5,0.2,0.0,0.25,6.0,252.0,0.52539537109375,False,CALL,2026-02-20,CPRT
CPRT260220C00050000,50.0,0.04,0.0,0.05,59.0,633.0,0.46094289062500005,False,CALL,2026-02-20,CPRT
CPRT260220P00030000,30.0,0.05,0.0,0.5,9.0,24.0,0.80664255859375,False,PUT,2026-02-20,CPRT
CPRT260220P00032500,32.5,0.1,0.05,0.15,1.0,1211.0,0.5039112109375,False,PUT,2026-02-20,CPRT
CPRT260220P00035000,35.0,0.23,0.2,0.25,21.0,542.0,0.44727115234375,False,PUT,2026-02-20,CPRT
CPRT260220P00037500,37.5,0.6,0.6,0.65,20.0,1403.0,0.4057676611328125,False,PUT,2026-02-20,CPRT
CPRT260220P00040000,40.0,1.52,1.45,1.6,37.0,2123.0,0.3891662646484375,True,PUT,2026-02-20,CPRT
CPRT260220P00042500,42.5,2.5,2.85,3.2,1.0,485.0,0.383795224609375,True,PUT,2026-02-20,CPRT
CPRT260220P00045000,45.0,4.6,4.7,5.5,16.0,378.0,0.47461462890625,True,PUT,2026-02-20,CPRT
CPRT260220P00047500,47.5,6.0,6.2,7.9,1.0,195.0,0.5585981640625001,True,PUT,2026-02-20,CPRT
CPRT260220P00050000,50.0,9.12,8.5,10.5,6.0,0.0,0.7226590234375,True,PUT,2026-02-20,CPRT
CPRT260320C00030000,30.0,10.52,10.0,11.2,25.0,41.0,0.719729365234375,True,CALL,2026-03-20,CPRT
CPRT260320C00035000,35.0,6.63,5.4,7.0,3.0,30.0,0.5659223095703125,True,CALL,2026-03-20,CPRT
CPRT260320C00037500,37.5,4.1,3.4,3.7,5.0,85.0,0.39771110107421875,True,CALL,2026-03-20,CPRT
CPRT260320C00040000,40.0,2.05,2.0,2.15,5.0,471.0,0.36817038085937503,False,CALL,2026-03-20,CPRT
CPRT260320C00042500,42.5,1.03,1.0,1.05,74.0,1468.0,0.340826904296875,False,CALL,2026-03-20,CPRT
CPRT260320C00045000,45.0,0.55,0.45,0.6,2.0,736.0,0.36426416992187505,False,CALL,2026-03-20,CPRT
CPRT260320C00047500,47.5,0.25,0.2,0.35,11.0,840.0,0.38672488281249995,False,CALL,2026-03-20,CPRT
CPRT260320C00050000,50.0,0.16,0.05,0.3,28.0,2384.0,0.44482977050781247,False,CALL,2026-03-20,CPRT
CPRT260320P00030000,30.0,0.2,0.1,0.3,26.0,12.0,0.5136767382812499,False,PUT,2026-03-20,CPRT
CPRT260320P00032500,32.5,0.2,0.15,0.3,13.0,47.0,0.44043528320312497,False,PUT,2026-03-20,CPRT
CPRT260320P00035000,35.0,0.5,0.4,0.6,2.0,548.0,0.40479110839843746,False,PUT,2026-03-20,CPRT
CPRT260320P00037500,37.5,1.0,0.95,1.05,22.0,2945.0,0.352545537109375,False,PUT,2026-03-20,CPRT
CPRT260320P00040000,40.0,1.94,1.9,2.0,49.0,1639.0,0.3286199951171874,True,PUT,2026-03-20,CPRT
CPRT260320P00042500,42.5,3.44,3.3,3.5,5.0,179.0,0.31592480957031244,True,PUT,2026-03-20,CPRT
CPRT260320P00045000,45.0,5.49,5.3,5.5,6.0,751.0,0.3188544677734374,True,PUT,2026-03-20,CPRT
CPRT260320P00047500,47.5,7.35,7.3,7.9,1.0,212.0,0.3754945263671875,True,PUT,2026-03-20,CPRT
CPRT260320P00050000,50.0,8.6,8.7,10.4,8.0,40.0,0.4506890869140625,True,PUT,2026-03-20,CPRT
CPRT260515C00030000,30.0,15.0,8.4,12.0,2.0,12.0,0.7692894165039064,True,CALL,2026-05-15,CPRT
CPRT260515C00032500,32.5,8.04,8.0,9.6,1.0,10.0,0.5224657128906249,True,CALL,2026-05-15,CPRT
CPRT260515C00035000,35.0,6.98,6.0,7.5,1.0,38.0,0.5756878369140624,True,CALL,2026-05-15,CPRT
CPRT260515C00037500,37.5,5.55,4.1,4.5,2.0,18.0,0.37695935546875,True,CALL,2026-05-15,CPRT
CPRT260515C00040000,40.0,3.0,2.8,2.95,9.0,584.0,0.34717449707031245,False,CALL,2026-05-15,CPRT
CPRT260515C00042500,42.5,1.86,1.7,1.9,8.0,815.0,0.33960621337890623,False,CALL,2026-05-15,CPRT
CPRT260515C00045000,45.0,1.11,1.0,1.15,5.0,295.0,0.33228206787109377,False,CALL,2026-05-15,CPRT
CPRT260515C00047500,47.5,0.75,0.5,0.75,4.0,568.0,0.34180345703125,False,CALL,2026-05-15,CPRT
CPRT260515C00050000,50.0,0.65,0.2,0.7,2.0,401.0,0.3920959228515625,False,CALL,2026-05-15,CPRT
CPRT260515P00030000,30.0,0.2,0.2,0.75,15.0,24.0,0.5122119091796875,False,PUT,2026-05-15,CPRT
CPRT260515P00032500,32.5,0.55,0.35,0.6,1.0,867.0,0.3764710791015625,False,PUT,2026-05-15,CPRT
CPRT260515P00035000,35.0,0.8,0.8,1.0,1.0,207.0,0.34668622070312494,False,PUT,2026-05-15,CPRT
CPRT260515P00037500,37.5,1.45,1.45,1.6,55.0,787.0,0.3154365332031249,False,PUT,2026-05-15,CPRT
CPRT260515P00040000,40.0,2.3,2.4,2.6,2.0,562.0,0.2966378930664062,True,PUT,2026-05-15,CPRT
CPRT260515P00042500,42.5,3.9,3.8,4.0,19.0,207.0,0.2810130493164062,True,PUT,2026-05-15,CPRT
CPRT260515P00045000,45.0,5.05,5.6,5.9,2.0,89.0,0.2849192602539062,True,PUT,2026-05-15,CPRT
CPRT260515P00047500,47.5,7.7,7.6,8.1,10.0,37.0,0.3007882421875,True,PUT,2026-05-15,CPRT
CPRT260515P00050000,50.0,8.5,8.7,10.4,2.0,45.0,0.31153032226562494,True,PUT,2026-05-15,CPRT
CPRT260618C00030000,30.0,11.93,10.2,12.7,3.0,16.0,0.5844768115234374,True,CALL,2026-06-18,CPRT
CPRT260618C00032500,32.5,6.78,8.5,10.1,2.0,23.0,0.526371923828125,True,CALL,2026-06-18,CPRT
CPRT260618C00035000,35.0,5.06,6.5,8.0,10.0,19.0,0.5607954077148438,True,CALL,2026-06-18,CPRT
CPRT260618C00037500,37.5,5.3,4.7,5.1,3.0,93.0,0.39380489013671877,True,CALL,2026-06-18,CPRT
CPRT260618C00040000,40.0,3.67,3.4,3.7,7.0,123.0,0.37842418457031246,False,CALL,2026-06-18,CPRT
CPRT260618C00042500,42.5,2.4,2.25,2.45,2.0,152.0,0.3526676062011719,False,CALL,2026-06-18,CPRT
CPRT260618C00045000,45.0,1.79,1.5,1.7,136.0,445.0,0.352545537109375,False,CALL,2026-06-18,CPRT
CPRT260618C00047500,47.5,1.1,1.0,1.1,1.0,602.0,0.3454655297851562,False,CALL,2026-06-18,CPRT
CPRT260618C00050000,50.0,0.85,0.7,0.85,15.0,666.0,0.36475244628906256,False,CALL,2026-06-18,CPRT
CPRT260618P00030000,30.0,0.41,0.35,0.65,2.0,46.0,0.42578699218750005,False,PUT,2026-06-18,CPRT
CPRT260618P00032500,32.5,0.65,0.6,0.95,1.0,43.0,0.38843385009765624,False,PUT,2026-06-18,CPRT
CPRT260618P00035000,35.0,1.2,1.15,1.4,5.0,237.0,0.35547519531249994,False,PUT,2026-06-18,CPRT
CPRT260618P00037500,37.5,1.7,1.9,2.0,11.0,354.0,0.31909860595703116,False,PUT,2026-06-18,CPRT
CPRT260618P00040000,40.0,2.86,2.9,3.1,1.0,151.0,0.3090889404296875,True,PUT,2026-06-18,CPRT
CPRT260618P00042500,42.5,3.9,4.2,4.4,1.0,110.0,0.28711650390624993,True,PUT,2026-06-18,CPRT
CPRT260618P00045000,45.0,5.5,5.8,6.3,1.0,86.0,0.2973703076171874,True,PUT,2026-06-18,CPRT
CPRT260618P00047500,47.5,7.09,6.8,8.3,1.0,118.0,0.2929758203124999,True,PUT,2026-06-18,CPRT
CPRT260618P00050000,50.0,9.95,9.0,10.6,1.0,172.0,0.3107979077148437,True,PUT,2026-06-18,CPRT
CPRT260821C00030000,30.0,12.5,10.6,13.1,1.0,21.0,0.5368698657226563,True,CALL,2026-08-21,CPRT
CPRT260821C00040000,40.0,5.1,3.9,4.4,2.0,28.0,0.37305314453125,False,CALL,2026-08-21,CPRT
CPRT260821C00042500,42.5,3.57,2.6,3.3,1.0,3.0,0.36426416992187505,False,CALL,2026-08-21,CPRT
CPRT260821C00045000,45.0,2.7,1.65,2.4,1.0,1.0,0.3552310571289062,False,CALL,2026-08-21,CPRT
CPRT260821C00047500,47.5,1.15,1.1,1.75,2.0,3.0,0.35205726074218746,False,CALL,2026-08-21,CPRT
CPRT260821C00050000,50.0,1.11,0.85,1.3,8.0,8.0,0.3540103662109374,False,CALL,2026-08-21,CPRT
CPRT260821P00030000,30.0,0.45,0.5,1.1,,21.0,0.4243221630859375,False,PUT,2026-08-21,CPRT
CPRT260821P00032500,32.5,1.21,0.8,1.3,,1.0,0.367193828125,False,PUT,2026-08-21,CPRT
CPRT260821P00035000,35.0,1.45,1.25,1.85,10.0,19.0,0.34204759521484374,False,PUT,2026-08-21,CPRT
CPRT260821P00037500,37.5,2.3,1.95,2.5,1.0,6.0,0.3100654931640625,False,PUT,2026-08-21,CPRT
CPRT260821P00040000,40.0,3.3,2.95,3.6,9.0,16.0,0.29846892944335934,True,PUT,2026-08-21,CPRT
CPRT260821P00042500,42.5,4.2,4.3,4.9,5.0,6.0,0.28113511840820304,True,PUT,2026-08-21,CPRT
CPRT260821P00045000,45.0,6.0,6.0,6.6,1.0,6.0,0.27539787109374997,True,PUT,2026-08-21,CPRT
CPRT260821P00047500,47.5,7.35,6.9,9.3,,0.0,0.3490055334472656,True,PUT,2026-08-21,CPRT
CPRT260918C00030000,30.0,13.2,10.9,13.1,1.0,16.0,0.5212450219726561,True,CALL,2026-09-18,CPRT
CPRT260918C00032500,32.5,14.24,9.3,12.8,3.0,6.0,0.58789474609375,True,CALL,2026-09-18,CPRT
CPRT260918C00035000,35.0,7.8,7.4,7.8,1.0,127.0,0.41785250122070305,True,CALL,2026-09-18,CPRT
CPRT260918C00037500,37.5,5.44,5.7,6.2,2.0,39.0,0.3986876538085938,True,CALL,2026-09-18,CPRT
CPRT260918C00040000,40.0,4.7,4.2,4.7,1.0,112.0,0.37366348999023435,False,CALL,2026-09-18,CPRT
CPRT260918C00042500,42.5,3.73,3.1,3.7,1.0,81.0,0.37329728271484375,False,CALL,2026-09-18,CPRT
CPRT260918C00045000,45.0,3.29,2.2,2.65,2.0,323.0,0.3537662280273437,False,CALL,2026-09-18,CPRT
CPRT260918C00047500,47.5,2.3,1.6,2.05,15.0,261.0,0.3569400244140625,False,CALL,2026-09-18,CPRT
CPRT260918C00050000,50.0,1.54,0.95,1.6,10.0,168.0,0.3618227880859375,False,CALL,2026-09-18,CPRT
CPRT260918P00030000,30.0,0.89,0.65,1.0,1.0,2.0,0.38403936279296874,False,PUT,2026-09-18,CPRT
CPRT260918P00032500,32.5,1.13,1.0,1.4,1.0,142.0,0.35596347167968745,False,PUT,2026-09-18,CPRT
CPRT260918P00035000,35.0,1.55,1.45,1.95,81.0,749.0,0.3305731005859375,False,PUT,2026-09-18,CPRT
CPRT260918P00037500,37.5,2.31,2.2,2.9,1.0,42.0,0.32471378417968744,False,PUT,2026-09-18,CPRT
CPRT260918P00040000,40.0,3.67,3.2,3.9,1.0,53.0,0.30371790039062496,True,PUT,2026-09-18,CPRT
CPRT260918P00042500,42.5,4.42,4.5,5.2,10.0,61.0,0.2876047802734374,True,PUT,2026-09-18,CPRT
CPRT260918P00045000,45.0,7.47,6.2,6.9,30.0,128.0,0.28443098388671867,True,PUT,2026-09-18,CPRT
CPRT260918P00047500,47.5,7.5,8.2,8.8,9.0,135.0,0.28040270385742183,True,PUT,2026-09-18,CPRT
CPRT260918P00050000,50.0,10.15,10.3,10.9,1.0,167.0,0.28003649658203117,True,PUT,2026-09-18,CPRT
CPRT261218C00030000,30.0,12.2,11.4,14.1,1.0,22.0,0.5144091528320311,True,CALL,2026-12-18,CPRT
CPRT261218C00032500,32.5,9.7,9.4,12.2,1.0,18.0,0.5936319934082033,True,CALL,2026-12-18,CPRT
CPRT261218C00035000,35.0,7.33,8.0,8.7,1.0,3.0,0.42383388671875,True,CALL,2026-12-18,CPRT
CPRT261218C00037500,37.5,7.1,6.3,7.1,10.0,33.0,0.4019835192871094,True,CALL,2026-12-18,CPRT
CPRT261218C00040000,40.0,5.57,4.8,5.8,20.0,1109.0,0.39111937011718745,False,CALL,2026-12-18,CPRT
CPRT261218C00042500,42.5,5.0,3.6,4.6,3.0,3.0,0.3764710791015625,False,CALL,2026-12-18,CPRT
CPRT261218C00045000,45.0,3.39,2.75,3.7,6.0,1039.0,0.37183245361328127,False,CALL,2026-12-18,CPRT
CPRT261218C00047500,47.5,2.2,2.0,2.95,1.0,22.0,0.3675600354003906,False,CALL,2026-12-18,CPRT
CPRT261218C00050000,50.0,1.5,1.7,2.1,1.0,7.0,0.3461979443359374,False,CALL,2026-12-18,CPRT
CPRT261218P00030000,30.0,1.2,0.95,1.45,31.0,49.0,0.3767152172851562,False,PUT,2026-12-18,CPRT
CPRT261218P00032500,32.5,1.46,1.35,1.95,3.0,9.0,0.3532779516601562,False,PUT,2026-12-18,CPRT
CPRT261218P00035000,35.0,2.0,1.9,2.65,10.0,17.0,0.33618827880859375,False,PUT,2026-12-18,CPRT
CPRT261218P00037500,37.5,2.91,2.65,3.5,5.0,13.0,0.3181220532226562,False,PUT,2026-12-18,CPRT
CPRT261218P00040000,40.0,3.74,3.6,4.6,1.0,93.0,0.3045723840332031,True,PUT,2026-12-18,CPRT
CPRT261218P00042500,42.5,4.75,5.0,5.9,4.0,16.0,0.2910227148437499,True,PUT,2026-12-18,CPRT
CPRT261218P00045000,45.0,7.37,6.6,7.4,2.0,13.0,0.27686270019531245,True,PUT,2026-12-18,CPRT
CPRT261218P00047500,47.5,9.45,8.4,9.2,5.0,17.0,0.2700268310546875,True,PUT,2026-12-18,CPRT
CPRT261218P00050000,50.0,11.56,0.0,0.0,20.0,22.0,1.0000000000000003e-05,True,PUT,2026-12-18,CPRT
CPRT270115C00030000,30.0,13.11,11.6,14.3,5.0,492.0,0.5114794946289063,True,CALL,2027-01-15,CPRT
CPRT270115C00032500,32.5,11.97,9.6,12.3,2.0,25.0,0.5773968041992188,True,CALL,2027-01-15,CPRT
CPRT270115C00035000,35.0,10.89,8.3,8.9,3.0,81.0,0.42127043579101564,True,CALL,2027-01-15,CPRT
CPRT270115C00037500,37.5,7.03,6.5,7.4,1.0,55.0,0.40601179931640624,True,CALL,2027-01-15,CPRT
CPRT270115C00040000,40.0,5.71,5.4,5.8,10.0,1344.0,0.37525038818359374,False,CALL,2027-01-15,CPRT
CPRT270115C00042500,42.5,4.7,4.0,4.7,4.0,182.0,0.3676821044921875,False,CALL,2027-01-15,CPRT
CPRT270115C00045000,45.0,3.7,3.0,3.9,10.0,735.0,0.36963520996093746,False,CALL,2027-01-15,CPRT
CPRT270115C00047500,47.5,2.8,2.2,3.2,1.0,345.0,0.36939107177734376,False,CALL,2027-01-15,CPRT
CPRT270115C00050000,50.0,2.0,1.85,2.15,4.0,2927.0,0.3358220715332031,False,CALL,2027-01-15,CPRT
CPRT270115P00030000,30.0,1.04,1.0,1.55,3.0,33.0,0.3715883154296875,False,PUT,2027-01-15,CPRT
CPRT270115P00032500,32.5,1.54,1.4,2.05,3.0,28.0,0.34766277343749996,False,PUT,2027-01-15,CPRT
CPRT270115P00035000,35.0,2.14,1.95,2.5,3.0,111.0,0.31116411499023433,False,PUT,2027-01-15,CPRT
CPRT270115P00037500,37.5,3.1,2.75,3.6,2.0,62.0,0.31201859863281245,False,PUT,2027-01-15,CPRT
CPRT270115P00040000,40.0,4.3,3.7,4.5,5.0,308.0,0.28577374389648436,True,PUT,2027-01-15,CPRT
CPRT270115P00042500,42.5,4.55,5.0,5.7,1.0,144.0,0.26636475830078127,True,PUT,2027-01-15,CPRT
CPRT270115P00045000,45.0,6.6,6.6,7.5,1.0,360.0,0.27234614379882804,True,PUT,2027-01-15,CPRT
CPRT270115P00047500,47.5,10.5,8.5,9.3,1.0,430.0,0.2664868273925781,True,PUT,2027-01-15,CPRT
CPRT270115P00050000,50.0,9.65,10.2,11.2,1.0,178.0,0.25501233276367197,True,PUT,2027-01-15,CPRT
CPRT280121C00030000,30.0,15.5,13.4,16.5,3.0,388.0,0.5701947277832031,True,CALL,2028-01-21,CPRT
CPRT280121C00032500,32.5,11.89,11.7,14.9,1.0,29.0,0.5455367712402344,True,CALL,2028-01-21,CPRT
CPRT280121C00035000,35.0,12.4,10.2,13.2,2.0,27.0,0.5136767382812499,True,CALL,2028-01-21,CPRT
CPRT280121C00037500,37.5,11.15,8.7,11.8,1.0,514.0,0.4952443054199219,True,CALL,2028-01-21,CPRT
CPRT280121C00040000,40.0,9.0,8.5,9.0,181.0,456.0,0.40845318115234375,False,CALL,2028-01-21,CPRT
CPRT280121C00042500,42.5,8.1,7.2,7.8,8.0,1089.0,0.39551385742187506,False,CALL,2028-01-21,CPRT
CPRT280121C00045000,45.0,7.0,5.1,6.7,10.0,290.0,0.3830628100585937,False,CALL,2028-01-21,CPRT
CPRT280121C00047500,47.5,5.2,4.0,7.1,2.0,62.0,0.4337214831542969,False,CALL,2028-01-21,CPRT
CPRT280121C00050000,50.0,5.4,3.3,6.3,2.0,320.0,0.42743492492675783,False,CALL,2028-01-21,CPRT
CPRT280121P00030000,30.0,2.75,0.7,4.0,2.0,6.0,0.4162656030273437,False,PUT,2028-01-21,CPRT
CPRT280121P00032500,32.5,3.62,1.35,4.5,6.0,8.0,0.38196418823242184,False,PUT,2028-01-21,CPRT
CPRT280121P00035000,35.0,3.5,2.2,5.2,1.0,32.0,0.3562076098632812,False,PUT,2028-01-21,CPRT
CPRT280121P00037500,37.5,4.03,3.1,6.2,4.0,83.0,0.34149828430175777,False,PUT,2028-01-21,CPRT
CPRT280121P00040000,40.0,5.52,5.4,6.5,5.0,209.0,0.29004616210937495,True,PUT,2028-01-21,CPRT
CPRT280121P00042500,42.5,6.21,5.3,9.0,2.0,35.0,0.33350275878906255,True,PUT,2028-01-21,CPRT
CPRT280121P00045000,45.0,8.34,6.5,9.8,2.0,43.0,0.2948678912353515,True,PUT,2028-01-21,CPRT
CPRT280121P00047500,47.5,10.73,8.1,11.2,1.0,31.0,0.27735097656249996,True,PUT,2028-01-21,CPRT
CPRT280121P00050000,50.0,12.58,10.0,13.0,1.0,18.0,0.27259028198242186,True,PUT,2028-01-21,CPRT
CRCL260130C00050000,50.0,20.35,15.6,20.05,8.0,6.0,3.746094384765625,True,CALL,2026-01-30,CRCL
CRCL260130C00055000,55.0,14.78,10.6,15.2,4.0,2.0,2.896487133789063,True,CALL,2026-01-30,CRCL
CRCL260130C00057000,57.0,10.88,8.45,13.35,10.0,49.0,2.535159912109375,True,CALL,2026-01-30,CRCL
CRCL260130C00060000,60.0,15.0,5.35,10.35,1.0,4.0,1.958984580078125,True,CALL,2026-01-30,CRCL
CRCL260130C00065000,65.0,2.46,2.1,2.33,106.0,22.0,0.6543003320312502,True,CALL,2026-01-30,CRCL
CRCL260130C00066000,66.0,1.55,1.46,1.72,269.0,30.0,0.6533237792968751,True,CALL,2026-01-30,CRCL
CRCL260130C00067000,67.0,1.05,1.0,1.11,857.0,68.0,0.6357458300781251,False,CALL,2026-01-30,CRCL
CRCL260130C00067500,67.5,0.89,0.79,1.04,364.0,29.0,0.6689486230468751,False,CALL,2026-01-30,CRCL
CRCL260130C00068000,68.0,0.71,0.61,0.79,809.0,119.0,0.648441015625,False,CALL,2026-01-30,CRCL
CRCL260130C00069000,69.0,0.48,0.4,0.56,533.0,304.0,0.6796907031250001,False,CALL,2026-01-30,CRCL
CRCL260130C00070000,70.0,0.32,0.28,0.4,1729.0,586.0,0.72070591796875,False,CALL,2026-01-30,CRCL
CRCL260130C00071000,71.0,0.34,0.15,0.33,518.0,355.0,0.75586181640625,False,CALL,2026-01-30,CRCL
CRCL260130C00072000,72.0,0.16,0.1,0.18,449.0,777.0,0.7539087109375,False,CALL,2026-01-30,CRCL
CRCL260130C00073000,73.0,0.13,0.07,0.13,344.0,739.0,0.789064609375,False,CALL,2026-01-30,CRCL
CRCL260130C00074000,74.0,0.05,0.06,0.07,195.0,981.0,0.8085956640624999,False,CALL,2026-01-30,CRCL
CRCL260130C00075000,75.0,0.05,0.05,0.06,2013.0,4162.0,0.8632826171875,False,CALL,2026-01-30,CRCL
CRCL260130C00076000,76.0,0.04,0.02,0.06,228.0,821.0,0.8906260937499999,False,CALL,2026-01-30,CRCL
CRCL260130C00077000,77.0,0.04,0.02,0.04,719.0,1525.0,0.92187578125,False,CALL,2026-01-30,CRCL
CRCL260130C00078000,78.0,0.02,0.02,0.05,466.0,1377.0,1.015629921875,False,CALL,2026-01-30,CRCL
CRCL260130C00079000,79.0,0.05,0.01,0.04,52.0,813.0,1.0312548437500002,False,CALL,2026-01-30,CRCL
CRCL260130C00080000,80.0,0.02,0.01,0.03,2215.0,9184.0,1.0703171484375003,False,CALL,2026-01-30,CRCL
CRCL260130C00081000,81.0,0.02,0.02,0.03,154.0,10467.0,1.1640666796875,False,CALL,2026-01-30,CRCL
CRCL260130C00082000,82.0,0.02,0.01,0.02,553.0,1996.0,1.15625421875,False,CALL,2026-01-30,CRCL
CRCL260130C00083000,83.0,0.04,0.0,0.02,2.0,229.0,1.15625421875,False,CALL,2026-01-30,CRCL
CRCL260130C00084000,84.0,0.01,0.0,0.02,39.0,1427.0,1.21875390625,False,CALL,2026-01-30,CRCL
CRCL260130C00085000,85.0,0.01,0.01,0.02,51.0,3713.0,1.3125034374999998,False,CALL,2026-01-30,CRCL
CRCL260130C00086000,86.0,0.02,0.01,0.04,27.0,125.0,1.46875265625,False,CALL,2026-01-30,CRCL
CRCL260130P00050000,50.0,0.09,0.01,0.09,32.0,605.0,1.8359383203124997,False,PUT,2026-01-30,CRCL
CRCL260130P00055000,55.0,0.02,0.01,0.04,114.0,881.0,1.171879140625,False,PUT,2026-01-30,CRCL
CRCL260130P00056000,56.0,0.02,0.0,0.03,96.0,164.0,1.000005,False,PUT,2026-01-30,CRCL
CRCL260130P00057000,57.0,0.02,0.01,0.03,16.0,63.0,0.945313046875,False,PUT,2026-01-30,CRCL
CRCL260130P00058000,58.0,0.06,0.02,0.03,52.0,705.0,0.8828136718749999,False,PUT,2026-01-30,CRCL
CRCL260130P00059000,59.0,0.09,0.01,0.06,2.0,287.0,0.8281267187499999,False,PUT,2026-01-30,CRCL
CRCL260130P00060000,60.0,0.05,0.02,0.07,173.0,922.0,0.7578149218750001,False,PUT,2026-01-30,CRCL
CRCL260130P00061000,61.0,0.09,0.04,0.16,71.0,210.0,0.773439765625,False,PUT,2026-01-30,CRCL
CRCL260130P00062000,62.0,0.09,0.09,0.15,78.0,92.0,0.6875031250000001,False,PUT,2026-01-30,CRCL
CRCL260130P00063000,63.0,0.21,0.16,0.27,118.0,249.0,0.6699251757812501,False,PUT,2026-01-30,CRCL
CRCL260130P00064000,64.0,0.35,0.28,0.41,234.0,246.0,0.6367223828125,False,PUT,2026-01-30,CRCL
CRCL260130P00065000,65.0,0.54,0.48,0.6,1461.0,1836.0,0.5986368261718751,False,PUT,2026-01-30,CRCL
CRCL260130P00066000,66.0,0.98,0.84,0.97,447.0,1003.0,0.5986368261718751,False,PUT,2026-01-30,CRCL
CRCL260130P00066500,66.5,1.11,1.04,1.34,345.0,229.0,0.6259803027343751,False,PUT,2026-01-30,CRCL
CRCL260130P00067000,67.0,1.25,1.3,1.5,279.0,664.0,0.5976602734375001,True,PUT,2026-01-30,CRCL
CRCL260130P00067500,67.5,1.72,1.57,1.81,245.0,117.0,0.5927775097656252,True,PUT,2026-01-30,CRCL
CRCL260130P00068000,68.0,2.08,1.93,2.21,2050.0,417.0,0.6201209863281252,True,PUT,2026-01-30,CRCL
CRCL260130P00069000,69.0,2.52,2.57,2.99,280.0,734.0,0.6005899316406251,True,PUT,2026-01-30,CRCL
CRCL260130P00070000,70.0,3.35,3.4,3.8,550.0,2178.0,0.5839885351562499,True,PUT,2026-01-30,CRCL
CRCL260130P00071000,71.0,4.42,4.1,4.7,404.0,749.0,0.7929708203125,True,PUT,2026-01-30,CRCL
CRCL260130P00072000,72.0,5.14,4.95,5.75,55.0,2779.0,0.954102021484375,True,PUT,2026-01-30,CRCL
CRCL260130P00073000,73.0,5.4,5.5,6.75,54.0,758.0,1.0664109179687502,True,PUT,2026-01-30,CRCL
CRCL260130P00074000,74.0,6.47,5.95,7.7,40.0,365.0,1.12109814453125,True,PUT,2026-01-30,CRCL
CRCL260130P00075000,75.0,8.16,7.8,8.65,1099.0,1190.0,1.162113564453125,True,PUT,2026-01-30,CRCL
CRCL260130P00076000,76.0,8.82,8.6,10.15,4.0,495.0,1.74609501953125,True,PUT,2026-01-30,CRCL
CRCL260130P00077000,77.0,9.83,9.0,10.65,9.0,253.0,1.3476595117187498,True,PUT,2026-01-30,CRCL
CRCL260130P00078000,78.0,11.06,9.65,11.75,27.0,560.0,1.5664084179687499,True,PUT,2026-01-30,CRCL
CRCL260130P00079000,79.0,11.96,10.8,12.95,5.0,154.0,1.876953740234375,True,PUT,2026-01-30,CRCL
CRCL260130P00080000,80.0,12.7,11.8,14.0,9.0,2171.0,2.02344244140625,True,PUT,2026-01-30,CRCL
CRCL260130P00081000,81.0,13.3,13.2,15.45,1.0,307.0,2.518558391113281,True,PUT,2026-01-30,CRCL
CRCL260130P00082000,82.0,13.69,13.55,15.75,1.0,58.0,1.9179691601562503,True,PUT,2026-01-30,CRCL
CRCL260130P00083000,83.0,15.65,14.3,17.2,14.0,100.0,2.496097509765625,True,PUT,2026-01-30,CRCL
CRCL260130P00084000,84.0,17.2,16.1,17.85,1.0,39.0,2.2128950927734365,True,PUT,2026-01-30,CRCL
CRCL260130P00085000,85.0,18.23,17.9,18.65,33.0,671.0,2.000005,True,PUT,2026-01-30,CRCL
CRCL260130P00086000,86.0,17.39,16.0,20.5,2.0,13.0,3.03906490234375,True,PUT,2026-01-30,CRCL
CRCL260206C00060000,60.0,7.32,7.05,9.15,5.0,2.0,1.0039112304687499,True,CALL,2026-02-06,CRCL
CRCL260206C00065000,65.0,3.9,3.65,4.25,41.0,84.0,0.7514673291015624,True,CALL,2026-02-06,CRCL
CRCL260206C00066000,66.0,3.35,3.2,3.6,46.0,24.0,0.747072841796875,True,CALL,2026-02-06,CRCL
CRCL260206C00067000,67.0,2.98,2.65,3.1,228.0,157.0,0.7368190380859375,False,CALL,2026-02-06,CRCL
CRCL260206C00068000,68.0,2.4,2.31,2.48,249.0,31.0,0.7246121289062499,False,CALL,2026-02-06,CRCL
CRCL260206C00069000,69.0,2.1,1.9,2.25,79.0,219.0,0.7392604199218749,False,CALL,2026-02-06,CRCL
CRCL260206C00070000,70.0,1.75,1.65,1.78,680.0,201.0,0.7329128271484374,False,CALL,2026-02-06,CRCL
CRCL260206C00071000,71.0,1.45,1.26,1.55,192.0,83.0,0.7270535107421875,False,CALL,2026-02-06,CRCL
CRCL260206C00072000,72.0,1.45,1.09,1.31,71.0,346.0,0.7397486962890624,False,CALL,2026-02-06,CRCL
CRCL260206C00073000,73.0,1.03,0.88,1.09,606.0,111.0,0.7397486962890624,False,CALL,2026-02-06,CRCL
CRCL260206C00074000,74.0,0.79,0.64,0.89,268.0,1641.0,0.726565234375,False,CALL,2026-02-06,CRCL
CRCL260206C00075000,75.0,0.7,0.62,0.73,1052.0,676.0,0.7490259472656251,False,CALL,2026-02-06,CRCL
CRCL260206C00076000,76.0,0.56,0.5,0.6,93.0,707.0,0.7509790527343749,False,CALL,2026-02-06,CRCL
CRCL260206C00077000,77.0,0.45,0.41,0.49,158.0,361.0,0.754885263671875,False,CALL,2026-02-06,CRCL
CRCL260206C00078000,78.0,0.35,0.32,0.41,570.0,831.0,0.7578149218750001,False,CALL,2026-02-06,CRCL
CRCL260206C00079000,79.0,0.29,0.25,0.32,53.0,1466.0,0.7539087109375,False,CALL,2026-02-06,CRCL
CRCL260206C00080000,80.0,0.26,0.23,0.28,838.0,3117.0,0.7753928710937501,False,CALL,2026-02-06,CRCL
CRCL260206C00081000,81.0,0.25,0.18,0.25,47.0,742.0,0.7851583984375,False,CALL,2026-02-06,CRCL
CRCL260206C00082000,82.0,0.17,0.15,0.21,80.0,344.0,0.7929708203125,False,CALL,2026-02-06,CRCL
CRCL260206C00083000,83.0,0.18,0.15,0.19,136.0,189.0,0.8203142968749999,False,CALL,2026-02-06,CRCL
CRCL260206C00084000,84.0,0.22,0.07,0.38,21.0,909.0,0.90429783203125,False,CALL,2026-02-06,CRCL
CRCL260206C00085000,85.0,0.12,0.12,0.25,149.0,1318.0,0.90429783203125,False,CALL,2026-02-06,CRCL
CRCL260206C00086000,86.0,0.12,0.1,0.15,1.0,189.0,0.8730481445312499,False,CALL,2026-02-06,CRCL
CRCL260206P00050000,50.0,0.13,0.09,0.13,2028.0,483.0,0.98242205078125,False,PUT,2026-02-06,CRCL
CRCL260206P00055000,55.0,0.2,0.1,0.29,71.0,131.0,0.7851583984375,False,PUT,2026-02-06,CRCL
CRCL260206P00056000,56.0,0.37,0.19,0.48,21.0,62.0,0.8261736132812498,False,PUT,2026-02-06,CRCL
CRCL260206P00057000,57.0,0.5,0.29,0.61,3.0,46.0,0.8261736132812498,False,PUT,2026-02-06,CRCL
CRCL260206P00058000,58.0,0.61,0.33,0.7,131.0,59.0,0.790041162109375,False,PUT,2026-02-06,CRCL
CRCL260206P00059000,59.0,0.59,0.47,0.74,3.0,15.0,0.7587914746093751,False,PUT,2026-02-06,CRCL
CRCL260206P00060000,60.0,0.72,0.63,0.79,223.0,248.0,0.727541787109375,False,PUT,2026-02-06,CRCL
CRCL260206P00061000,61.0,0.96,0.84,0.97,30.0,19.0,0.719729365234375,False,PUT,2026-02-06,CRCL
CRCL260206P00062000,62.0,1.13,1.02,1.24,229.0,67.0,0.7094755615234375,False,PUT,2026-02-06,CRCL
CRCL260206P00063000,63.0,1.34,1.29,1.53,91.0,126.0,0.7026396923828125,False,PUT,2026-02-06,CRCL
CRCL260206P00064000,64.0,1.75,1.65,1.85,4016.0,106.0,0.6987334814453126,False,PUT,2026-02-06,CRCL
CRCL260206P00065000,65.0,2.1,2.11,2.24,990.0,690.0,0.70312796875,False,PUT,2026-02-06,CRCL
CRCL260206P00066000,66.0,2.19,2.47,2.71,209.0,1076.0,0.6914093359375001,False,PUT,2026-02-06,CRCL
CRCL260206P00067000,67.0,3.03,2.91,3.35,435.0,237.0,0.6972686523437501,True,PUT,2026-02-06,CRCL
CRCL260206P00068000,68.0,3.6,3.4,3.8,44.0,330.0,0.6723665576171877,True,PUT,2026-02-06,CRCL
CRCL260206P00069000,69.0,4.11,4.0,4.55,31.0,254.0,0.684573466796875,True,PUT,2026-02-06,CRCL
CRCL260206P00070000,70.0,4.9,4.7,5.15,107.0,592.0,0.6782258740234376,True,PUT,2026-02-06,CRCL
CRCL260206P00071000,71.0,5.47,5.3,6.0,23.0,99.0,0.6792024267578126,True,PUT,2026-02-06,CRCL
CRCL260206P00072000,72.0,6.37,6.05,6.7,19.0,114.0,0.6669955175781253,True,PUT,2026-02-06,CRCL
CRCL260206P00073000,73.0,7.0,6.7,7.55,18.0,1029.0,0.647464462890625,True,PUT,2026-02-06,CRCL
CRCL260206P00074000,74.0,7.34,7.35,8.4,22.0,294.0,0.6084023535156251,True,PUT,2026-02-06,CRCL
CRCL260206P00075000,75.0,8.71,8.5,9.3,35.0,291.0,0.6709017285156251,True,PUT,2026-02-06,CRCL
CRCL260206P00076000,76.0,9.04,9.1,10.1,8.0,120.0,0.559574716796875,True,PUT,2026-02-06,CRCL
CRCL260206P00077000,77.0,7.5,10.05,11.0,1.0,158.0,0.5390671093750001,True,PUT,2026-02-06,CRCL
CRCL260206P00078000,78.0,11.77,9.8,12.55,22.0,255.0,1.0727585424804689,True,PUT,2026-02-06,CRCL
CRCL260206P00079000,79.0,12.25,10.85,13.1,3.0,119.0,0.9521489160156249,True,PUT,2026-02-06,CRCL
CRCL260206P00080000,80.0,12.8,12.4,14.05,6.0,383.0,0.9765627343750001,True,PUT,2026-02-06,CRCL
CRCL260206P00081000,81.0,13.45,13.15,15.9,1.0,69.0,0.6835969140625001,True,PUT,2026-02-06,CRCL
CRCL260206P00082000,82.0,14.5,13.8,16.0,17.0,280.0,1.0410204199218753,True,PUT,2026-02-06,CRCL
CRCL260206P00083000,83.0,16.42,14.55,17.5,12.0,31.0,1.2998081884765622,True,PUT,2026-02-06,CRCL
CRCL260206P00084000,84.0,10.75,14.05,20.2,1.0,7.0,1.9042973535156251,True,PUT,2026-02-06,CRCL
CRCL260206P00085000,85.0,19.0,15.25,18.85,5.0,83.0,1.08203583984375,True,PUT,2026-02-06,CRCL
CRCL260206P00086000,86.0,15.32,16.0,21.7,3.0,13.0,1.8530280786132813,True,PUT,2026-02-06,CRCL
CRCL260213C00050000,50.0,31.65,14.35,20.45,,2.0,1.1611370068359377,True,CALL,2026-02-13,CRCL
CRCL260213C00060000,60.0,10.47,7.95,10.65,6.0,8.0,1.0210009887695315,True,CALL,2026-02-13,CRCL
CRCL260213C00065000,65.0,5.55,4.7,5.05,10.0,38.0,0.735354208984375,True,CALL,2026-02-13,CRCL
CRCL260213C00069000,69.0,3.22,2.89,3.2,5.0,10.0,0.7324245507812499,False,CALL,2026-02-13,CRCL
CRCL260213C00070000,70.0,2.75,2.53,2.7,160.0,96.0,0.719729365234375,False,CALL,2026-02-13,CRCL
CRCL260213C00071000,71.0,2.27,2.21,2.48,23.0,99.0,0.7299831689453125,False,CALL,2026-02-13,CRCL
CRCL260213C00072000,72.0,2.0,1.92,2.16,62.0,382.0,0.7277859252929688,False,CALL,2026-02-13,CRCL
CRCL260213C00073000,73.0,1.86,1.62,1.89,18.0,71.0,0.7231472998046875,False,CALL,2026-02-13,CRCL
CRCL260213C00074000,74.0,1.9,1.44,1.56,22.0,112.0,0.7182645361328125,False,CALL,2026-02-13,CRCL
CRCL260213C00075000,75.0,1.33,1.22,1.39,52.0,127.0,0.72070591796875,False,CALL,2026-02-13,CRCL
CRCL260213C00076000,76.0,1.29,1.07,1.27,6.0,79.0,0.7324245507812499,False,CALL,2026-02-13,CRCL
CRCL260213C00077000,77.0,1.2,0.9,1.05,126.0,26.0,0.7241238525390624,False,CALL,2026-02-13,CRCL
CRCL260213C00078000,78.0,0.91,0.76,1.05,47.0,54.0,0.74414318359375,False,CALL,2026-02-13,CRCL
CRCL260213C00079000,79.0,0.95,0.66,0.85,6.0,75.0,0.737307314453125,False,CALL,2026-02-13,CRCL
CRCL260213C00080000,80.0,0.7,0.65,0.75,148.0,321.0,0.7553735400390625,False,CALL,2026-02-13,CRCL
CRCL260213C00081000,81.0,0.6,0.52,0.76,42.0,381.0,0.7695335546875001,False,CALL,2026-02-13,CRCL
CRCL260213C00082000,82.0,0.48,0.42,0.73,20.0,77.0,0.77929908203125,False,CALL,2026-02-13,CRCL
CRCL260213C00083000,83.0,0.5,0.41,0.53,8.0,158.0,0.7695335546875001,False,CALL,2026-02-13,CRCL
CRCL260213C00084000,84.0,0.37,0.36,0.55,51.0,107.0,0.7929708203125,False,CALL,2026-02-13,CRCL
CRCL260213C00085000,85.0,0.43,0.3,0.55,154.0,620.0,0.8095722167968749,False,CALL,2026-02-13,CRCL
CRCL260213C00086000,86.0,1.05,0.2,0.59,28.0,74.0,0.823243955078125,False,CALL,2026-02-13,CRCL
CRCL260213P00050000,50.0,0.23,0.07,0.55,11.0,341.0,0.90429783203125,False,PUT,2026-02-13,CRCL
CRCL260213P00055000,55.0,0.45,0.47,0.66,740.0,103.0,0.770510107421875,False,PUT,2026-02-13,CRCL
CRCL260213P00059000,59.0,1.13,1.02,1.25,571.0,21.0,0.7211941943359376,False,PUT,2026-02-13,CRCL
CRCL260213P00060000,60.0,1.34,1.23,1.38,228.0,173.0,0.7016631396484375,False,PUT,2026-02-13,CRCL
CRCL260213P00062000,62.0,1.64,1.76,1.95,36.0,132.0,0.6904327832031252,False,PUT,2026-02-13,CRCL
CRCL260213P00063000,63.0,2.75,2.08,2.37,3.0,25.0,0.6928741650390625,False,PUT,2026-02-13,CRCL
CRCL260213P00065000,65.0,2.66,2.88,3.25,133.0,327.0,0.6928741650390625,False,PUT,2026-02-13,CRCL
CRCL260213P00066000,66.0,3.05,3.3,3.8,56.0,34.0,0.6928741650390625,False,PUT,2026-02-13,CRCL
CRCL260213P00067000,67.0,3.59,3.85,4.25,11.0,17.0,0.6882355395507813,True,PUT,2026-02-13,CRCL
CRCL260213P00068000,68.0,4.2,4.45,4.95,17.0,21.0,0.7033721069335939,True,PUT,2026-02-13,CRCL
CRCL260213P00069000,69.0,5.1,4.95,5.3,193.0,141.0,0.6704134521484376,True,PUT,2026-02-13,CRCL
CRCL260213P00070000,70.0,5.7,5.7,5.95,114.0,1274.0,0.6806672558593752,True,PUT,2026-02-13,CRCL
CRCL260213P00071000,71.0,6.22,6.2,6.8,8.0,127.0,0.6792024267578126,True,PUT,2026-02-13,CRCL
CRCL260213P00072000,72.0,7.75,6.85,7.55,7.0,75.0,0.6757844921875001,True,PUT,2026-02-13,CRCL
CRCL260213P00073000,73.0,8.2,7.65,8.3,5.0,89.0,0.6813996704101564,True,PUT,2026-02-13,CRCL
CRCL260213P00074000,74.0,7.5,8.3,9.05,4.0,76.0,0.6635775830078127,True,PUT,2026-02-13,CRCL
CRCL260213P00075000,75.0,8.35,9.1,9.9,12.0,509.0,0.6674837939453127,True,PUT,2026-02-13,CRCL
CRCL260213P00076000,76.0,9.99,9.4,10.8,2.0,59.0,0.6025430371093752,True,PUT,2026-02-13,CRCL
CRCL260213P00077000,77.0,5.67,10.0,12.05,6.0,39.0,0.6181678808593751,True,PUT,2026-02-13,CRCL
CRCL260213P00078000,78.0,11.96,11.2,12.65,5.0,65.0,0.6206092626953126,True,PUT,2026-02-13,CRCL
CRCL260213P00079000,79.0,10.33,12.35,13.3,1.0,194.0,0.6171913281250001,True,PUT,2026-02-13,CRCL
CRCL260213P00080000,80.0,14.41,12.7,14.3,6.0,133.0,0.8110370458984374,True,PUT,2026-02-13,CRCL
CRCL260213P00081000,81.0,9.1,11.4,17.65,1.0,33.0,0.5136767382812499,True,PUT,2026-02-13,CRCL
CRCL260213P00082000,82.0,15.71,13.85,16.6,6.0,29.0,0.9682620361328125,True,PUT,2026-02-13,CRCL
CRCL260213P00083000,83.0,13.49,13.3,19.5,1.0,73.0,1.4536160131835936,True,PUT,2026-02-13,CRCL
CRCL260213P00084000,84.0,14.23,14.25,17.95,1.0,2.0,0.8242205078124999,True,PUT,2026-02-13,CRCL
CRCL260213P00085000,85.0,17.37,16.7,21.35,1.0,36.0,0.883790224609375,True,PUT,2026-02-13,CRCL
CRCL260213P00086000,86.0,19.6,18.0,19.95,1.0,20.0,0.883790224609375,True,PUT,2026-02-13,CRCL
CRCL260220C00050000,50.0,23.21,16.1,20.65,140.0,295.0,1.2583044897460938,True,CALL,2026-02-20,CRCL
CRCL260220C00055000,55.0,12.0,12.35,12.85,5.0,31.0,0.7773459765625,True,CALL,2026-02-20,CRCL
CRCL260220C00060000,60.0,9.5,8.3,9.25,11.0,207.0,0.7563500927734376,True,CALL,2026-02-20,CRCL
CRCL260220C00065000,65.0,5.6,5.3,5.75,37.0,243.0,0.7131376342773439,True,CALL,2026-02-20,CRCL
CRCL260220C00066000,66.0,5.1,4.8,5.3,26.0,4.0,0.7170438452148438,True,CALL,2026-02-20,CRCL
CRCL260220C00067000,67.0,4.8,4.35,4.85,24.0,19.0,0.719729365234375,False,CALL,2026-02-20,CRCL
CRCL260220C00068000,68.0,4.5,3.85,4.4,90.0,24.0,0.7133817724609376,False,CALL,2026-02-20,CRCL
CRCL260220C00069000,69.0,3.6,3.5,3.95,14.0,58.0,0.7138700488281251,False,CALL,2026-02-20,CRCL
CRCL260220C00070000,70.0,3.27,3.15,3.45,2530.0,1813.0,0.7055693505859376,False,CALL,2026-02-20,CRCL
CRCL260220C00071000,71.0,2.93,2.75,3.15,12.0,46.0,0.7041045214843751,False,CALL,2026-02-20,CRCL
CRCL260220C00072000,72.0,3.15,2.46,2.79,76.0,386.0,0.7019072778320312,False,CALL,2026-02-20,CRCL
CRCL260220C00073000,73.0,2.35,2.19,2.53,55.0,430.0,0.7050810742187501,False,CALL,2026-02-20,CRCL
CRCL260220C00074000,74.0,2.47,1.95,2.29,10.0,706.0,0.7082548706054688,False,CALL,2026-02-20,CRCL
CRCL260220C00075000,75.0,1.85,1.75,1.98,231.0,2000.0,0.7045927978515626,False,CALL,2026-02-20,CRCL
CRCL260220C00076000,76.0,1.8,1.48,1.8,14.0,499.0,0.7023955541992188,False,CALL,2026-02-20,CRCL
CRCL260220C00077000,77.0,1.67,1.29,1.62,451.0,558.0,0.7036162451171876,False,CALL,2026-02-20,CRCL
CRCL260220C00078000,78.0,1.33,1.21,1.49,53.0,307.0,0.7172879833984375,False,CALL,2026-02-20,CRCL
CRCL260220C00079000,79.0,1.37,1.08,1.38,37.0,81.0,0.7253445434570311,False,CALL,2026-02-20,CRCL
CRCL260220C00080000,80.0,1.07,1.05,1.15,896.0,4408.0,0.72851833984375,False,CALL,2026-02-20,CRCL
CRCL260220C00081000,81.0,1.04,0.82,1.11,12.0,123.0,0.7270535107421875,False,CALL,2026-02-20,CRCL
CRCL260220C00082000,82.0,0.99,0.75,1.05,107.0,50.0,0.7397486962890624,False,CALL,2026-02-20,CRCL
CRCL260220C00083000,83.0,0.79,0.67,0.96,1.0,91.0,0.7456080126953125,False,CALL,2026-02-20,CRCL
CRCL260220C00084000,84.0,2.0,0.61,0.76,49.0,42.0,0.7358424853515625,False,CALL,2026-02-20,CRCL
CRCL260220C00085000,85.0,0.6,0.56,0.68,322.0,12420.0,0.7417018017578124,False,CALL,2026-02-20,CRCL
CRCL260220C00086000,86.0,0.53,0.45,0.81,3.0,101.0,0.7700218310546876,False,CALL,2026-02-20,CRCL
CRCL260220P00050000,50.0,0.35,0.32,0.4,172.0,7781.0,0.780275634765625,False,PUT,2026-02-20,CRCL
CRCL260220P00055000,55.0,0.76,0.73,0.85,58.0,1072.0,0.7128934960937501,False,PUT,2026-02-20,CRCL
CRCL260220P00060000,60.0,1.85,1.72,1.95,605.0,3461.0,0.6889679541015626,False,PUT,2026-02-20,CRCL
CRCL260220P00065000,65.0,3.58,3.45,3.75,1500.0,4520.0,0.6601596484375001,False,PUT,2026-02-20,CRCL
CRCL260220P00066000,66.0,4.05,3.8,4.3,76.0,569.0,0.6535679174804689,False,PUT,2026-02-20,CRCL
CRCL260220P00067000,67.0,4.27,4.4,4.9,377.0,154.0,0.6640658593750002,True,PUT,2026-02-20,CRCL
CRCL260220P00068000,68.0,5.16,4.9,5.35,39.0,92.0,0.65039412109375,True,PUT,2026-02-20,CRCL
CRCL260220P00069000,69.0,6.2,5.45,5.95,69.0,190.0,0.64648791015625,True,PUT,2026-02-20,CRCL
CRCL260220P00070000,70.0,6.07,6.2,6.7,447.0,3914.0,0.664309997558594,True,PUT,2026-02-20,CRCL
CRCL260220P00071000,71.0,6.4,6.8,7.3,2.0,108.0,0.6540561938476563,True,PUT,2026-02-20,CRCL
CRCL260220P00072000,72.0,7.02,7.45,8.0,2.0,116.0,0.65039412109375,True,PUT,2026-02-20,CRCL
CRCL260220P00073000,73.0,7.75,8.15,8.8,69.0,105.0,0.6543003320312502,True,PUT,2026-02-20,CRCL
CRCL260220P00074000,74.0,8.3,8.95,9.4,24.0,82.0,0.6450230810546875,True,PUT,2026-02-20,CRCL
CRCL260220P00075000,75.0,9.9,9.8,10.2,1645.0,3566.0,0.6533237792968751,True,PUT,2026-02-20,CRCL
CRCL260220P00076000,76.0,5.85,9.75,11.75,19.0,24.0,0.6430699755859376,True,PUT,2026-02-20,CRCL
CRCL260220P00077000,77.0,11.04,11.0,12.25,7.0,69.0,0.6533237792968751,True,PUT,2026-02-20,CRCL
CRCL260220P00078000,78.0,12.4,9.1,13.25,1.0,65.0,0.8112811840820311,True,PUT,2026-02-20,CRCL
CRCL260220P00079000,79.0,13.1,12.6,13.8,11.0,117.0,0.6215858154296876,True,PUT,2026-02-20,CRCL
CRCL260220P00080000,80.0,14.12,13.8,14.5,147.0,4171.0,0.6381872119140625,True,PUT,2026-02-20,CRCL
CRCL260220P00081000,81.0,9.5,11.7,16.4,3.0,9.0,0.9433599414062499,True,PUT,2026-02-20,CRCL
CRCL260220P00082000,82.0,10.05,12.6,16.45,6.0,13.0,0.772463212890625,True,PUT,2026-02-20,CRCL
CRCL260220P00084000,84.0,16.26,15.95,18.9,1.0,11.0,0.9345709667968749,True,PUT,2026-02-20,CRCL
CRCL260220P00085000,85.0,18.55,16.8,19.15,1.0,1580.0,0.7753928710937501,True,PUT,2026-02-20,CRCL
CRCL260227C00055000,55.0,29.35,10.5,16.9,,1.0,0.9091805957031249,True,CALL,2026-02-27,CRCL
CRCL260227C00060000,60.0,15.04,9.3,10.35,2.0,4.0,0.826906027832031,True,CALL,2026-02-27,CRCL
CRCL260227C00067000,67.0,5.4,5.5,6.4,25.0,11.0,0.8078632495117187,False,CALL,2026-02-27,CRCL
CRCL260227C00069000,69.0,5.15,4.75,5.5,8.0,5.0,0.8093280786132812,False,CALL,2026-02-27,CRCL
CRCL260227C00070000,70.0,4.55,4.35,5.6,63.0,39.0,0.8398453515625,False,CALL,2026-02-27,CRCL
CRCL260227C00071000,71.0,4.08,4.05,8.0,3.0,24.0,1.0261279162597656,False,CALL,2026-02-27,CRCL
CRCL260227C00072000,72.0,3.9,3.7,4.15,101.0,99.0,0.7927266821289063,False,CALL,2026-02-27,CRCL
CRCL260227C00073000,73.0,3.83,3.35,4.75,22.0,149.0,0.8522963989257812,False,CALL,2026-02-27,CRCL
CRCL260227C00074000,74.0,3.05,3.05,3.65,64.0,185.0,0.79687703125,False,CALL,2026-02-27,CRCL
CRCL260227C00075000,75.0,3.0,2.85,3.5,137.0,341.0,0.8105487695312499,False,CALL,2026-02-27,CRCL
CRCL260227C00076000,76.0,2.96,2.62,3.55,5.0,117.0,0.8344743115234373,False,CALL,2026-02-27,CRCL
CRCL260227C00077000,77.0,2.9,2.31,3.35,5.0,106.0,0.8327653442382811,False,CALL,2026-02-27,CRCL
CRCL260227C00078000,78.0,2.65,2.09,3.3,3.0,103.0,0.8461929443359374,False,CALL,2026-02-27,CRCL
CRCL260227C00079000,79.0,2.2,1.98,2.96,31.0,25.0,0.8442398388671875,False,CALL,2026-02-27,CRCL
CRCL260227C00080000,80.0,2.65,1.78,2.56,140.0,295.0,0.8276384423828124,False,CALL,2026-02-27,CRCL
CRCL260227C00081000,81.0,1.93,1.45,2.47,8.0,66.0,0.82226740234375,False,CALL,2026-02-27,CRCL
CRCL260227C00082000,82.0,1.76,1.5,2.51,1.0,35.0,0.8586439916992188,False,CALL,2026-02-27,CRCL
CRCL260227C00083000,83.0,1.45,1.33,2.0,1.0,10.0,0.8264177514648436,False,CALL,2026-02-27,CRCL
CRCL260227C00084000,84.0,3.38,1.03,1.99,5.0,29.0,0.8237322314453124,False,CALL,2026-02-27,CRCL
CRCL260227C00085000,85.0,1.2,1.14,1.43,84.0,678.0,0.804689453125,False,CALL,2026-02-27,CRCL
CRCL260227C00086000,86.0,1.17,0.76,1.58,1.0,192.0,0.804689453125,False,CALL,2026-02-27,CRCL
CRCL260227P00050000,50.0,0.64,0.49,0.8,111.0,82.0,0.7919942675781251,False,PUT,2026-02-27,CRCL
CRCL260227P00055000,55.0,1.38,1.3,1.43,17.0,153.0,0.7578149218750001,False,PUT,2026-02-27,CRCL
CRCL260227P00059000,59.0,2.63,2.25,2.47,71.0,3.0,0.7419459399414061,False,PUT,2026-02-27,CRCL
CRCL260227P00060000,60.0,2.53,2.55,2.81,371.0,548.0,0.7392604199218749,False,PUT,2026-02-27,CRCL
CRCL260227P00061000,61.0,1.68,2.75,3.8,4.0,7.0,0.7739280419921876,False,PUT,2026-02-27,CRCL
CRCL260227P00062000,62.0,3.4,3.25,3.5,10.0,7.0,0.7299831689453125,False,PUT,2026-02-27,CRCL
CRCL260227P00063000,63.0,3.5,3.6,3.95,121.0,56.0,0.7270535107421875,False,PUT,2026-02-27,CRCL
CRCL260227P00064000,64.0,4.0,4.0,4.35,12.0,26.0,0.7199735034179688,False,PUT,2026-02-27,CRCL
CRCL260227P00065000,65.0,4.6,4.45,4.85,85.0,389.0,0.7194852270507812,False,PUT,2026-02-27,CRCL
CRCL260227P00066000,66.0,5.09,5.05,5.45,11.0,4.0,0.7314479980468749,False,PUT,2026-02-27,CRCL
CRCL260227P00067000,67.0,5.66,5.5,6.0,23.0,6.0,0.7263210961914062,True,PUT,2026-02-27,CRCL
CRCL260227P00068000,68.0,6.75,6.25,7.05,8.0,13.0,0.7700218310546876,True,PUT,2026-02-27,CRCL
CRCL260227P00069000,69.0,4.21,6.5,7.35,3.0,220.0,0.7277859252929688,True,PUT,2026-02-27,CRCL
CRCL260227P00070000,70.0,7.02,7.5,7.85,213.0,617.0,0.7448755981445312,True,PUT,2026-02-27,CRCL
CRCL260227P00071000,71.0,7.7,7.75,8.55,5.0,50.0,0.7219266088867188,True,PUT,2026-02-27,CRCL
CRCL260227P00072000,72.0,8.85,8.7,9.15,3.0,35.0,0.7358424853515625,True,PUT,2026-02-27,CRCL
CRCL260227P00073000,73.0,10.25,9.05,9.95,2.0,46.0,0.7192410888671875,True,PUT,2026-02-27,CRCL
CRCL260227P00074000,74.0,11.2,9.65,10.7,4.0,112.0,0.7128934960937501,True,PUT,2026-02-27,CRCL
CRCL260227P00075000,75.0,11.2,10.7,11.75,3.0,188.0,0.7578149218750001,True,PUT,2026-02-27,CRCL
CRCL260227P00076000,76.0,11.3,10.9,12.2,3.0,11.0,0.6928741650390625,True,PUT,2026-02-27,CRCL
CRCL260227P00077000,77.0,10.93,11.25,13.1,1.0,25.0,0.6665072412109377,True,PUT,2026-02-27,CRCL
CRCL260227P00078000,78.0,9.15,12.8,14.05,2.0,40.0,0.7390162817382812,True,PUT,2026-02-27,CRCL
CRCL260227P00079000,79.0,10.65,13.7,14.6,1.0,3.0,0.7243679907226561,True,PUT,2026-02-27,CRCL
CRCL260227P00080000,80.0,14.44,13.5,15.55,6.0,164.0,0.6389196264648438,True,PUT,2026-02-27,CRCL
CRCL260227P00081000,81.0,8.12,14.05,17.1,,3.0,0.6757844921875001,True,PUT,2026-02-27,CRCL
CRCL260227P00082000,82.0,13.84,13.65,18.1,1.0,5.0,0.5351608984375,True,PUT,2026-02-27,CRCL
CRCL260227P00083000,83.0,14.65,14.0,20.45,1.0,6.0,0.6508823974609376,True,PUT,2026-02-27,CRCL
CRCL260227P00084000,84.0,15.3,14.9,21.25,1.0,10.0,0.6367223828125,True,PUT,2026-02-27,CRCL
CRCL260227P00085000,85.0,14.31,15.8,22.4,2.0,10.0,0.6660189648437502,True,PUT,2026-02-27,CRCL
CRCL260306C00060000,60.0,14.35,9.8,10.9,,1.0,0.8164080859374999,True,CALL,2026-03-06,CRCL
CRCL260306C00065000,65.0,10.85,7.0,8.1,,0.0,0.807619111328125,True,CALL,2026-03-06,CRCL
CRCL260306C00067000,67.0,10.25,5.9,7.2,4.0,5.0,0.7987080676269531,False,CALL,2026-03-06,CRCL
CRCL260306C00072000,72.0,4.4,4.05,5.25,246.0,3.0,0.8012715185546875,False,CALL,2026-03-06,CRCL
CRCL260306C00073000,73.0,4.22,3.85,4.4,53.0,16.0,0.7766135620117188,False,CALL,2026-03-06,CRCL
CRCL260306C00074000,74.0,3.8,3.5,4.15,6.0,16.0,0.7766135620117188,False,CALL,2026-03-06,CRCL
CRCL260306C00075000,75.0,3.63,3.2,3.9,21.0,5.0,0.7775901147460937,False,CALL,2026-03-06,CRCL
CRCL260306C00076000,76.0,3.45,2.9,3.85,2.0,4.0,0.7888204711914062,False,CALL,2026-03-06,CRCL
CRCL260306C00077000,77.0,2.82,2.7,3.6,3.0,12.0,0.7919942675781251,False,CALL,2026-03-06,CRCL
CRCL260306C00078000,78.0,2.91,2.16,3.4,238.0,5.0,0.7736839038085939,False,CALL,2026-03-06,CRCL
CRCL260306C00080000,80.0,2.32,2.1,3.1,23.0,29.0,0.8068866967773438,False,CALL,2026-03-06,CRCL
CRCL260306C00085000,85.0,1.65,1.24,2.26,306.0,174.0,0.805666005859375,False,CALL,2026-03-06,CRCL
CRCL260306P00050000,50.0,0.8,0.77,1.0,6.0,8.0,0.7812521875,False,PUT,2026-03-06,CRCL
CRCL260306P00055000,55.0,1.62,1.57,1.93,41.0,33.0,0.7539087109375,False,PUT,2026-03-06,CRCL
CRCL260306P00060000,60.0,2.91,2.92,3.45,29.0,9.0,0.73633076171875,False,PUT,2026-03-06,CRCL
CRCL260306P00064000,64.0,3.0,4.05,5.65,2.0,3.0,0.7316921362304687,False,PUT,2026-03-06,CRCL
CRCL260306P00068000,68.0,5.84,6.4,7.2,2.0,62.0,0.710940390625,True,PUT,2026-03-06,CRCL
CRCL260306P00075000,75.0,11.2,11.15,12.35,19.0,8.0,0.7497583618164063,True,PUT,2026-03-06,CRCL
CRCL260306P00076000,76.0,8.71,11.7,12.65,3.0,9.0,0.7084990087890625,True,PUT,2026-03-06,CRCL
CRCL260306P00077000,77.0,9.29,11.8,13.5,3.0,6.0,0.6682162084960939,True,PUT,2026-03-06,CRCL
CRCL260306P00080000,80.0,13.45,14.3,17.45,,1.0,0.7863790893554687,True,PUT,2026-03-06,CRCL
CRCL260306P00082000,82.0,16.05,13.6,18.25,10.0,8.0,0.8940440283203124,True,PUT,2026-03-06,CRCL
CRCL260320C00050000,50.0,18.6,17.8,20.1,12.0,24.0,0.9428716650390624,True,CALL,2026-03-20,CRCL
CRCL260320C00055000,55.0,15.13,13.85,14.55,1.0,108.0,0.7685570019531252,True,CALL,2026-03-20,CRCL
CRCL260320C00060000,60.0,11.0,10.75,11.3,69.0,112.0,0.7731956274414062,True,CALL,2026-03-20,CRCL
CRCL260320C00065000,65.0,8.1,8.05,8.5,93.0,172.0,0.762697685546875,True,CALL,2026-03-20,CRCL
CRCL260320C00070000,70.0,6.2,5.85,6.1,372.0,984.0,0.745119736328125,False,CALL,2026-03-20,CRCL
CRCL260320C00075000,75.0,4.7,4.2,4.3,145.0,923.0,0.7365748999023438,False,CALL,2026-03-20,CRCL
CRCL260320C00080000,80.0,3.05,3.0,3.05,1395.0,3694.0,0.737307314453125,False,CALL,2026-03-20,CRCL
CRCL260320C00085000,85.0,2.21,2.12,2.28,127.0,3842.0,0.7475611181640626,False,CALL,2026-03-20,CRCL
CRCL260320P00050000,50.0,1.19,1.17,1.3,137.0,689.0,0.7399928344726561,False,PUT,2026-03-20,CRCL
CRCL260320P00055000,55.0,2.32,2.21,2.34,202.0,695.0,0.719729365234375,False,PUT,2026-03-20,CRCL
CRCL260320P00060000,60.0,3.85,3.7,3.95,432.0,3032.0,0.7019072778320312,False,PUT,2026-03-20,CRCL
CRCL260320P00065000,65.0,5.85,5.9,6.25,210.0,4118.0,0.6987334814453126,False,PUT,2026-03-20,CRCL
CRCL260320P00070000,70.0,8.65,8.75,9.0,155.0,2009.0,0.6927520959472657,True,PUT,2026-03-20,CRCL
CRCL260320P00075000,75.0,12.19,12.1,12.3,58.0,3268.0,0.6870148486328126,True,PUT,2026-03-20,CRCL
CRCL260320P00080000,80.0,14.97,15.7,16.3,21.0,4087.0,0.6850617431640625,True,PUT,2026-03-20,CRCL
CRCL260320P00085000,85.0,19.15,19.85,20.65,2.0,2270.0,0.6975127905273439,True,PUT,2026-03-20,CRCL
CRCL260417C00050000,50.0,18.9,18.4,20.4,6.0,17.0,0.8156756713867187,True,CALL,2026-04-17,CRCL
CRCL260417C00055000,55.0,20.89,15.3,18.85,6.0,69.0,0.9191902612304688,True,CALL,2026-04-17,CRCL
CRCL260417C00060000,60.0,12.59,12.15,12.85,8.0,78.0,0.7556176782226562,True,CALL,2026-04-17,CRCL
CRCL260417C00065000,65.0,10.1,9.7,11.2,20.0,117.0,0.7939473730468749,True,CALL,2026-04-17,CRCL
CRCL260417C00070000,70.0,8.05,7.6,8.1,127.0,334.0,0.7504907763671875,False,CALL,2026-04-17,CRCL
CRCL260417C00075000,75.0,6.15,5.9,6.35,98.0,830.0,0.7476831872558594,False,CALL,2026-04-17,CRCL
CRCL260417C00080000,80.0,4.8,4.55,4.75,132.0,2064.0,0.737307314453125,False,CALL,2026-04-17,CRCL
CRCL260417C00085000,85.0,3.7,3.5,3.7,98.0,3126.0,0.7390162817382812,False,CALL,2026-04-17,CRCL
CRCL260417P00050000,50.0,2.1,1.91,2.28,59.0,160.0,0.7209500561523439,False,PUT,2026-04-17,CRCL
CRCL260417P00055000,55.0,3.35,3.2,3.45,1330.0,1061.0,0.6949493395996094,False,PUT,2026-04-17,CRCL
CRCL260417P00060000,60.0,5.35,5.0,5.3,56.0,1643.0,0.6857941577148439,False,PUT,2026-04-17,CRCL
CRCL260417P00065000,65.0,7.0,7.35,7.7,68.0,1763.0,0.681887946777344,False,PUT,2026-04-17,CRCL
CRCL260417P00070000,70.0,10.4,10.25,10.55,28.0,3587.0,0.6801789794921876,True,PUT,2026-04-17,CRCL
CRCL260417P00075000,75.0,13.5,13.55,13.95,11.0,1634.0,0.6822541540527345,True,PUT,2026-04-17,CRCL
CRCL260417P00080000,80.0,16.7,17.05,17.55,5.0,1094.0,0.6701693139648439,True,PUT,2026-04-17,CRCL
CRCL260417P00085000,85.0,21.25,20.85,21.8,1.0,1335.0,0.6726106958007814,True,PUT,2026-04-17,CRCL
CRCL260618C00050000,50.0,21.4,21.4,22.65,9.0,188.0,0.8425308715820312,True,CALL,2026-06-18,CRCL
CRCL260618C00055000,55.0,18.1,18.0,22.5,604.0,205.0,0.9238288867187501,True,CALL,2026-06-18,CRCL
CRCL260618C00060000,60.0,15.1,15.25,16.95,17.0,284.0,0.8083515258789062,True,CALL,2026-06-18,CRCL
CRCL260618C00065000,65.0,13.1,12.9,13.55,154.0,858.0,0.7689232092285156,True,CALL,2026-06-18,CRCL
CRCL260618C00070000,70.0,11.08,10.9,11.5,179.0,458.0,0.765749412841797,False,CALL,2026-06-18,CRCL
CRCL260618C00075000,75.0,9.65,9.15,9.7,32.0,260.0,0.7607445800781252,False,CALL,2026-06-18,CRCL
CRCL260618C00080000,80.0,8.0,7.7,8.25,95.0,1657.0,0.7603783728027345,False,CALL,2026-06-18,CRCL
CRCL260618C00085000,85.0,6.95,6.65,7.0,50.0,949.0,0.7652611364746094,False,CALL,2026-06-18,CRCL
CRCL260618P00050000,50.0,3.85,3.75,4.1,143.0,288.0,0.7111845288085938,False,PUT,2026-06-18,CRCL
CRCL260618P00055000,55.0,5.95,5.5,5.9,15.0,1598.0,0.7033721069335939,False,PUT,2026-06-18,CRCL
CRCL260618P00060000,60.0,7.8,7.55,8.0,33.0,4286.0,0.6904327832031252,False,PUT,2026-06-18,CRCL
CRCL260618P00065000,65.0,10.45,10.15,10.65,79.0,1771.0,0.6899445068359377,False,PUT,2026-06-18,CRCL
CRCL260618P00070000,70.0,13.37,13.1,13.55,239.0,3916.0,0.6862824340820313,True,PUT,2026-06-18,CRCL
CRCL260618P00075000,75.0,16.5,16.3,16.75,10.0,4270.0,0.6801789794921876,True,PUT,2026-06-18,CRCL
CRCL260618P00080000,80.0,20.0,19.85,20.35,6.0,2686.0,0.6800569104003908,True,PUT,2026-06-18,CRCL
CRCL260618P00085000,85.0,23.8,23.6,24.15,22.0,603.0,0.6772493212890626,True,PUT,2026-06-18,CRCL
CRCL260717C00050000,50.0,35.85,21.2,25.85,2.0,3.0,0.8804943591308592,True,CALL,2026-07-17,CRCL
CRCL260717C00055000,55.0,19.31,19.0,21.8,11.0,32.0,0.8514419152832031,True,CALL,2026-07-17,CRCL
CRCL260717C00060000,60.0,16.62,16.3,18.05,1.0,37.0,0.8021260021972656,True,CALL,2026-07-17,CRCL
CRCL260717C00065000,65.0,14.15,13.9,14.85,15.0,20.0,0.7666038964843751,True,CALL,2026-07-17,CRCL
CRCL260717C00070000,70.0,12.17,11.95,13.2,39.0,142.0,0.7741721801757813,False,CALL,2026-07-17,CRCL
CRCL260717C00075000,75.0,10.32,10.05,11.4,6.0,103.0,0.764650791015625,False,CALL,2026-07-17,CRCL
CRCL260717C00080000,80.0,8.8,8.8,10.0,22.0,118.0,0.7717307983398438,False,CALL,2026-07-17,CRCL
CRCL260717C00085000,85.0,8.0,7.55,8.85,2.0,126.0,0.7749045947265626,False,CALL,2026-07-17,CRCL
CRCL260717P00050000,50.0,4.78,4.3,5.0,8.0,181.0,0.705203143310547,False,PUT,2026-07-17,CRCL
CRCL260717P00055000,55.0,6.39,6.35,6.7,45.0,212.0,0.6966583068847658,False,PUT,2026-07-17,CRCL
CRCL260717P00060000,60.0,8.85,8.25,8.95,27.0,909.0,0.6793244958496094,False,PUT,2026-07-17,CRCL
CRCL260717P00065000,65.0,10.91,10.8,11.75,2.0,1346.0,0.6785920812988282,False,PUT,2026-07-17,CRCL
CRCL260717P00070000,70.0,13.85,13.65,14.6,266.0,689.0,0.6694368994140626,True,PUT,2026-07-17,CRCL
CRCL260717P00075000,75.0,16.81,16.8,17.9,1.0,1413.0,0.6651034466552737,True,PUT,2026-07-17,CRCL
CRCL260717P00080000,80.0,17.6,20.35,21.9,1.0,232.0,0.6770051831054689,True,PUT,2026-07-17,CRCL
CRCL260717P00085000,85.0,19.0,24.05,25.05,1.0,424.0,0.6563755065917969,True,PUT,2026-07-17,CRCL
CRCL260918C00050000,50.0,27.5,23.9,24.85,1.0,27.0,0.8060322131347657,True,CALL,2026-09-18,CRCL
CRCL260918C00055000,55.0,25.0,20.4,23.5,2.0,21.0,0.8156756713867187,True,CALL,2026-09-18,CRCL
CRCL260918C00060000,60.0,19.0,18.5,21.05,1.0,85.0,0.82226740234375,True,CALL,2026-09-18,CRCL
CRCL260918C00065000,65.0,16.41,16.4,18.1,5.0,30.0,0.7979756530761719,True,CALL,2026-09-18,CRCL
CRCL260918C00070000,70.0,14.53,14.5,16.05,13.0,253.0,0.791139783935547,False,CALL,2026-09-18,CRCL
CRCL260918C00075000,75.0,17.0,12.7,14.3,2.0,601.0,0.784303914794922,False,CALL,2026-09-18,CRCL
CRCL260918C00080000,80.0,11.88,11.3,12.8,11.0,245.0,0.7841818457031251,False,CALL,2026-09-18,CRCL
CRCL260918C00085000,85.0,10.2,9.95,11.45,2.0,1023.0,0.7808859802246093,False,CALL,2026-09-18,CRCL
CRCL260918P00050000,50.0,6.5,6.05,6.35,11.0,284.0,0.7038603833007813,False,PUT,2026-09-18,CRCL
CRCL260918P00055000,55.0,8.42,7.95,8.5,1.0,354.0,0.6927520959472657,False,PUT,2026-09-18,CRCL
CRCL260918P00060000,60.0,10.72,10.25,11.0,8.0,513.0,0.6863434686279297,False,PUT,2026-09-18,CRCL
CRCL260918P00065000,65.0,12.95,12.8,13.7,25.0,2930.0,0.6769441485595704,False,PUT,2026-09-18,CRCL
CRCL260918P00070000,70.0,15.84,15.9,16.65,42.0,1458.0,0.6743196630859377,True,PUT,2026-09-18,CRCL
CRCL260918P00075000,75.0,19.07,18.85,20.05,2.0,1036.0,0.6671175866699222,True,PUT,2026-09-18,CRCL
CRCL260918P00080000,80.0,22.92,22.3,23.6,10.0,1671.0,0.6650424121093752,True,PUT,2026-09-18,CRCL
CRCL260918P00085000,85.0,26.61,25.85,26.95,30.0,657.0,0.6510044665527344,True,PUT,2026-09-18,CRCL
CRCL261218C00050000,50.0,27.0,25.6,28.6,1.0,267.0,0.8287370642089842,True,CALL,2026-12-18,CRCL
CRCL261218C00055000,55.0,26.0,22.6,28.0,10.0,61.0,0.8546767462158205,True,CALL,2026-12-18,CRCL
CRCL261218C00060000,60.0,22.0,21.25,23.4,1.0,93.0,0.8128680822753906,True,CALL,2026-12-18,CRCL
CRCL261218C00065000,65.0,19.7,19.2,20.95,3.0,200.0,0.7980977221679688,True,CALL,2026-12-18,CRCL
CRCL261218C00070000,70.0,17.99,17.35,19.05,5.0,130.0,0.7922384057617188,False,CALL,2026-12-18,CRCL
CRCL261218C00075000,75.0,16.0,15.3,16.45,2.0,170.0,0.7612328564453126,False,CALL,2026-12-18,CRCL
CRCL261218C00080000,80.0,15.2,14.3,15.55,16.0,403.0,0.7801535656738281,False,CALL,2026-12-18,CRCL
CRCL261218C00085000,85.0,13.7,12.65,14.25,4.0,245.0,0.7722190747070312,False,CALL,2026-12-18,CRCL
CRCL261218P00050000,50.0,8.2,7.65,8.4,19.0,2190.0,0.695437615966797,False,PUT,2026-12-18,CRCL
CRCL261218P00055000,55.0,10.51,9.9,10.5,6.0,791.0,0.6831086376953126,False,PUT,2026-12-18,CRCL
CRCL261218P00060000,60.0,12.69,12.4,13.1,19.0,2306.0,0.6770051831054689,False,PUT,2026-12-18,CRCL
CRCL261218P00065000,65.0,15.25,15.45,15.95,5.0,1363.0,0.6777375976562501,False,PUT,2026-12-18,CRCL
CRCL261218P00070000,70.0,18.9,18.3,19.15,1.0,678.0,0.6718782812500002,True,PUT,2026-12-18,CRCL
CRCL261218P00075000,75.0,21.99,21.15,22.35,10.0,228.0,0.6580844738769531,True,PUT,2026-12-18,CRCL
CRCL261218P00080000,80.0,25.21,24.8,25.85,6.0,1615.0,0.6589999920654297,True,PUT,2026-12-18,CRCL
CRCL261218P00085000,85.0,26.2,27.8,29.95,14.0,239.0,0.6522251574707032,True,PUT,2026-12-18,CRCL
CRCL270115C00050000,50.0,29.0,25.6,28.6,21.0,241.0,0.7951680639648437,True,CALL,2027-01-15,CRCL
CRCL270115C00055000,55.0,24.45,24.1,25.95,2.0,716.0,0.8070087658691407,True,CALL,2027-01-15,CRCL
CRCL270115C00060000,60.0,23.06,21.8,24.0,21.0,306.0,0.8051777294921875,True,CALL,2027-01-15,CRCL
CRCL270115C00065000,65.0,20.43,19.95,21.5,28.0,199.0,0.7928487512207032,True,CALL,2027-01-15,CRCL
CRCL270115C00070000,70.0,18.75,18.3,19.0,61.0,782.0,0.7781394256591796,False,CALL,2027-01-15,CRCL
CRCL270115C00075000,75.0,16.65,16.55,17.8,30.0,581.0,0.7812521875,False,CALL,2027-01-15,CRCL
CRCL270115C00080000,80.0,15.6,15.3,16.15,31.0,1153.0,0.7794211511230469,False,CALL,2027-01-15,CRCL
CRCL270115C00085000,85.0,14.7,14.0,15.15,21.0,295.0,0.7839987420654297,False,CALL,2027-01-15,CRCL
CRCL270115P00050000,50.0,8.65,8.15,8.75,6.0,1178.0,0.6889679541015626,False,PUT,2027-01-15,CRCL
CRCL270115P00055000,55.0,11.0,10.6,11.05,3.0,4547.0,0.6844513977050781,False,PUT,2027-01-15,CRCL
CRCL270115P00060000,60.0,13.45,13.05,13.65,96.0,935.0,0.6754182849121095,False,PUT,2027-01-15,CRCL
CRCL270115P00065000,65.0,15.9,15.95,16.55,39.0,591.0,0.6727327648925783,False,PUT,2027-01-15,CRCL
CRCL270115P00070000,70.0,18.68,19.05,19.7,7.0,2419.0,0.6703524176025393,True,PUT,2027-01-15,CRCL
CRCL270115P00075000,75.0,22.42,21.55,23.3,19.0,265.0,0.6574741284179688,True,PUT,2027-01-15,CRCL
CRCL270115P00080000,80.0,25.76,25.0,26.55,6.0,1090.0,0.6495396374511719,True,PUT,2027-01-15,CRCL
CRCL270115P00085000,85.0,29.9,27.85,30.05,1.0,177.0,0.6286658227539064,True,PUT,2027-01-15,CRCL
CRCL271217C00050000,50.0,35.0,32.45,37.4,9.0,48.0,0.8611464080810547,True,CALL,2027-12-17,CRCL
CRCL271217C00055000,55.0,38.0,29.45,36.0,1.0,8.0,0.8444839770507812,True,CALL,2027-12-17,CRCL
CRCL271217C00060000,60.0,34.41,27.65,34.0,1.0,40.0,0.8350846569824217,True,CALL,2027-12-17,CRCL
CRCL271217C00065000,65.0,27.38,25.85,29.6,3.0,72.0,0.7836325347900392,True,CALL,2027-12-17,CRCL
CRCL271217C00070000,70.0,26.8,25.3,30.1,8.0,21.0,0.8282487878417968,False,CALL,2027-12-17,CRCL
CRCL271217C00075000,75.0,30.0,23.15,26.25,146.0,169.0,0.7768577001953125,False,CALL,2027-12-17,CRCL
CRCL271217C00080000,80.0,23.73,23.35,24.3,81.0,156.0,0.7877828839111327,False,CALL,2027-12-17,CRCL
CRCL271217C00085000,85.0,25.12,22.2,23.1,1.0,39.0,0.7870504693603515,False,CALL,2027-12-17,CRCL
CRCL271217P00050000,50.0,12.34,11.85,14.1,5.0,97.0,0.6585727502441407,False,PUT,2027-12-17,CRCL
CRCL271217P00055000,55.0,14.5,15.2,16.65,2.0,19.0,0.6611972357177736,False,PUT,2027-12-17,CRCL
CRCL271217P00060000,60.0,18.0,17.4,19.85,3.0,185.0,0.6491734301757812,False,PUT,2027-12-17,CRCL
CRCL271217P00065000,65.0,22.3,18.25,23.0,2.0,15.0,0.6116982189941409,False,PUT,2027-12-17,CRCL
CRCL271217P00070000,70.0,25.2,24.7,26.25,3.0,77.0,0.6561313684082033,True,PUT,2027-12-17,CRCL
CRCL271217P00075000,75.0,27.01,27.0,30.4,1.0,28.0,0.6472203247070312,True,PUT,2027-12-17,CRCL
CRCL271217P00080000,80.0,30.9,29.9,33.65,10.0,119.0,0.6309241009521485,True,PUT,2027-12-17,CRCL
CRCL271217P00085000,85.0,36.0,33.4,38.45,3.0,9.0,0.6417882501220704,True,PUT,2027-12-17,CRCL
CRCL280121C00050000,50.0,35.0,33.7,39.0,2.0,72.0,0.8945323046874999,True,CALL,2028-01-21,CRCL
CRCL280121C00055000,55.0,32.45,32.0,32.65,2.0,33.0,0.8096942858886718,True,CALL,2028-01-21,CRCL
CRCL280121C00060000,60.0,30.6,30.15,30.7,6.0,247.0,0.8013325531005859,True,CALL,2028-01-21,CRCL
CRCL280121C00065000,65.0,27.85,28.5,31.2,49.0,83.0,0.8318498260498046,True,CALL,2028-01-21,CRCL
CRCL280121C00070000,70.0,27.55,25.55,29.15,32.0,271.0,0.7972432385253907,False,CALL,2028-01-21,CRCL
CRCL280121C00075000,75.0,25.3,25.1,30.0,2.0,161.0,0.8424698370361328,False,CALL,2028-01-21,CRCL
CRCL280121C00080000,80.0,25.0,23.4,26.95,2.0,203.0,0.8074360076904297,False,CALL,2028-01-21,CRCL
CRCL280121C00085000,85.0,23.45,22.25,28.0,3.0,370.0,0.8381363842773437,False,CALL,2028-01-21,CRCL
CRCL280121P00050000,50.0,14.14,12.25,16.25,1.0,39.0,0.6884796777343751,False,PUT,2028-01-21,CRCL
CRCL280121P00055000,55.0,15.43,16.1,17.1,30.0,77.0,0.6676058630371096,False,PUT,2028-01-21,CRCL
CRCL280121P00060000,60.0,19.0,16.25,20.35,1.0,69.0,0.6231116790771485,False,PUT,2028-01-21,CRCL
CRCL280121P00065000,65.0,22.85,22.5,23.35,2.0,277.0,0.6654696539306644,False,PUT,2028-01-21,CRCL
CRCL280121P00070000,70.0,25.37,24.8,26.9,1.0,269.0,0.6508823974609376,True,PUT,2028-01-21,CRCL
CRCL280121P00075000,75.0,28.2,28.25,31.65,234.0,135.0,0.6666293103027345,True,PUT,2028-01-21,CRCL
CRCL280121P00080000,80.0,32.5,31.25,33.75,67.0,107.0,0.6354101400756836,True,PUT,2028-01-21,CRCL
CRCL280121P00085000,85.0,35.25,34.2,38.1,1.0,57.0,0.6322058264160157,True,PUT,2028-01-21,CRCL
CRCL280616C00050000,50.0,37.0,35.75,37.0,18.0,49.0,0.8162860168457031,True,CALL,2028-06-16,CRCL
CRCL280616C00055000,55.0,35.4,33.05,35.4,11.0,6.0,0.7997456549072266,True,CALL,2028-06-16,CRCL
CRCL280616C00060000,60.0,32.68,32.3,38.0,3.0,198.0,0.8782971154785155,True,CALL,2028-06-16,CRCL
CRCL280616C00065000,65.0,35.2,30.5,31.4,2.0,29.0,0.7907735766601562,True,CALL,2028-06-16,CRCL
CRCL280616C00070000,70.0,30.0,29.5,32.65,32.0,78.0,0.8330705169677732,False,CALL,2028-06-16,CRCL
CRCL280616C00075000,75.0,28.0,28.0,30.0,2.0,63.0,0.8082599740600586,False,CALL,2028-06-16,CRCL
CRCL280616C00080000,80.0,28.15,25.6,27.75,4.0,274.0,0.7761252856445313,False,CALL,2028-06-16,CRCL
CRCL280616C00085000,85.0,25.9,25.2,26.5,114.0,308.0,0.7831442584228516,False,CALL,2028-06-16,CRCL
CRCL280616P00050000,50.0,15.0,13.9,15.5,4.0,29.0,0.6425816992187501,False,PUT,2028-06-16,CRCL
CRCL280616P00055000,55.0,16.85,15.1,20.05,16.0,16.0,0.6385534191894531,False,PUT,2028-06-16,CRCL
CRCL280616P00060000,60.0,19.47,19.25,22.0,6.0,195.0,0.6350134155273439,False,PUT,2028-06-16,CRCL
CRCL280616P00065000,65.0,24.28,23.7,25.1,4.0,43.0,0.6476475665283203,False,PUT,2028-06-16,CRCL
CRCL280616P00070000,70.0,26.19,25.15,28.0,3.0,3532.0,0.6126747717285157,True,PUT,2028-06-16,CRCL
CRCL280616P00075000,75.0,29.41,28.85,35.4,4.0,60.0,0.6645541357421877,True,PUT,2028-06-16,CRCL
CRCL280616P00080000,80.0,32.25,32.2,35.0,1.0,31.0,0.6070595935058594,True,PUT,2028-06-16,CRCL
CRCL280616P00085000,85.0,38.25,37.2,38.3,202.0,453.0,0.6161537408447266,True,PUT,2028-06-16,CRCL
CRGY260220C00007500,7.5,2.0,1.95,2.4,5.0,216.0,0.6250037500000001,True,CALL,2026-02-20,CRGY
CRGY260220C00010000,10.0,0.35,0.3,0.4,2580.0,4503.0,0.51758294921875,False,CALL,2026-02-20,CRGY
CRGY260220P00007500,7.5,0.15,0.05,0.15,5.0,1602.0,0.8359391406249999,False,PUT,2026-02-20,CRGY
CRGY260220P00010000,10.0,1.0,0.35,0.8,1.0,303.0,0.6171913281250001,True,PUT,2026-02-20,CRGY
CRGY260220P00012500,12.5,4.07,2.3,3.5,,100.0,0.6562534375000001,True,PUT,2026-02-20,CRGY
CRGY260320C00007500,7.5,2.43,2.2,2.5,2.0,26.0,0.7070341796875,True,CALL,2026-03-20,CRGY
CRGY260320C00010000,10.0,0.6,0.1,0.7,37.0,595.0,0.5918009570312501,False,CALL,2026-03-20,CRGY
CRGY260320P00007500,7.5,0.19,0.05,0.35,37.0,451.0,0.70312796875,False,PUT,2026-03-20,CRGY
CRGY260417C00007500,7.5,2.4,2.25,2.5,1.0,1274.0,0.5937540625000001,True,CALL,2026-04-17,CRGY
CRGY260417C00010000,10.0,0.8,0.7,0.9,615.0,2967.0,0.532231240234375,False,CALL,2026-04-17,CRGY
CRGY260417C00012500,12.5,0.15,0.1,0.2,48.0,891.0,0.5273484765625001,False,CALL,2026-04-17,CRGY
CRGY260417P00007500,7.5,0.27,0.2,0.35,20.0,1837.0,0.6367223828125,False,PUT,2026-04-17,CRGY
CRGY260417P00010000,10.0,1.15,1.1,1.35,51.0,500.0,0.5712933496093751,True,PUT,2026-04-17,CRGY
CRGY260417P00012500,12.5,2.93,2.5,3.6,1.0,12.0,0.523442265625,True,PUT,2026-04-17,CRGY
CRGY260717C00007500,7.5,2.7,2.5,2.75,101.0,516.0,0.55273884765625,True,CALL,2026-07-17,CRGY
CRGY260717C00010000,10.0,1.17,1.0,1.35,31.0,1182.0,0.5053760400390624,False,CALL,2026-07-17,CRGY
CRGY260717C00012500,12.5,0.5,0.35,0.7,150.0,322.0,0.5205126074218749,False,CALL,2026-07-17,CRGY
CRGY260717P00007500,7.5,0.65,0.45,0.85,290.0,561.0,0.6435582519531251,False,PUT,2026-07-17,CRGY
CRGY260717P00010000,10.0,1.49,1.3,1.95,5.0,378.0,0.5419967675781252,True,PUT,2026-07-17,CRGY
CRGY261218C00007500,7.5,3.0,2.75,3.1,31.0,3167.0,0.514653291015625,True,CALL,2026-12-18,CRGY
CRGY261218C00010000,10.0,1.75,1.6,1.9,28.0,2210.0,0.5258836474609375,False,CALL,2026-12-18,CRGY
CRGY261218C00012500,12.5,0.99,0.85,1.0,59.0,1328.0,0.5195360546875,False,CALL,2026-12-18,CRGY
CRGY261218P00007500,7.5,1.13,0.9,1.05,222.0,923.0,0.585941640625,False,PUT,2026-12-18,CRGY
CRGY261218P00010000,10.0,2.0,2.05,2.4,51.0,385.0,0.5600629931640625,True,PUT,2026-12-18,CRGY
CRGY261218P00012500,12.5,5.0,2.9,5.7,19.0,34.0,0.6455113574218749,True,PUT,2026-12-18,CRGY
CRM260130C00170000,170.0,96.2,40.95,43.3,,1.0,1.9306644091796876,True,CALL,2026-01-30,CRM
CRM260130C00190000,190.0,38.6,21.05,22.6,,80.0,0.9765627343750001,True,CALL,2026-01-30,CRM
CRM260130C00195000,195.0,15.1,15.8,18.4,116.0,5.0,0.893555751953125,True,CALL,2026-01-30,CRM
CRM260130C00200000,200.0,12.07,11.05,13.5,17.0,74.0,0.73437765625,True,CALL,2026-01-30,CRM
CRM260130C00205000,205.0,8.3,6.5,7.9,39.0,111.0,0.6367223828125,True,CALL,2026-01-30,CRM
CRM260130C00207500,207.5,5.4,4.7,6.25,14.0,6.0,0.5122119091796875,True,CALL,2026-01-30,CRM
CRM260130C00210000,210.0,3.36,3.1,3.75,319.0,33.0,0.48438015625,True,CALL,2026-01-30,CRM
CRM260130C00212500,212.5,2.25,1.88,2.08,653.0,6.0,0.41602146484374997,False,CALL,2026-01-30,CRM
CRM260130C00215000,215.0,1.14,1.01,1.29,825.0,57.0,0.43335527587890627,False,CALL,2026-01-30,CRM
CRM260130C00217500,217.5,0.83,0.6,0.86,812.0,37.0,0.46924358886718753,False,CALL,2026-01-30,CRM
CRM260130C00220000,220.0,0.42,0.33,0.41,1223.0,132.0,0.45215391601562505,False,CALL,2026-01-30,CRM
CRM260130C00222500,222.5,0.3,0.19,0.31,1389.0,218.0,0.5029346582031251,False,CALL,2026-01-30,CRM
CRM260130C00225000,225.0,0.17,0.12,0.19,1035.0,1395.0,0.5019581054687501,False,CALL,2026-01-30,CRM
CRM260130C00227500,227.5,0.09,0.05,0.13,194.0,458.0,0.5195360546875,False,CALL,2026-01-30,CRM
CRM260130C00230000,230.0,0.07,0.04,0.08,831.0,1758.0,0.5468795312500001,False,CALL,2026-01-30,CRM
CRM260130C00232500,232.5,0.06,0.05,0.07,265.0,1803.0,0.6054726953125001,False,CALL,2026-01-30,CRM
CRM260130C00235000,235.0,0.04,0.04,0.05,596.0,3205.0,0.6367223828125,False,CALL,2026-01-30,CRM
CRM260130C00237500,237.5,0.03,0.03,0.05,275.0,1355.0,0.6796907031250001,False,CALL,2026-01-30,CRM
CRM260130C00240000,240.0,0.02,0.02,0.04,271.0,1407.0,0.710940390625,False,CALL,2026-01-30,CRM
CRM260130C00242500,242.5,0.03,0.01,0.02,120.0,743.0,0.70312796875,False,CALL,2026-01-30,CRM
CRM260130C00245000,245.0,0.03,0.02,0.03,139.0,930.0,0.789064609375,False,CALL,2026-01-30,CRM
CRM260130C00247500,247.5,0.01,0.0,0.02,15.0,806.0,0.7656273437500001,False,CALL,2026-01-30,CRM
CRM260130C00250000,250.0,0.02,0.0,0.04,29.0,1537.0,0.867188828125,False,CALL,2026-01-30,CRM
CRM260130C00252500,252.5,0.05,0.0,0.04,63.0,964.0,0.9062509375,False,CALL,2026-01-30,CRM
CRM260130C00255000,255.0,0.01,0.0,0.01,2.0,312.0,0.8437515624999999,False,CALL,2026-01-30,CRM
CRM260130C00257500,257.5,0.05,0.0,0.32,6.0,274.0,1.29297228515625,False,CALL,2026-01-30,CRM
CRM260130C00260000,260.0,0.01,0.0,0.02,51.0,1053.0,0.9687503125,False,CALL,2026-01-30,CRM
CRM260130C00262500,262.5,0.07,0.0,0.1,1.0,285.0,1.19922275390625,False,CALL,2026-01-30,CRM
CRM260130C00265000,265.0,0.3,0.0,0.32,1.0,241.0,1.4492215039062502,False,CALL,2026-01-30,CRM
CRM260130C00267500,267.5,0.01,0.0,0.09,43.0,143.0,1.2734411328124997,False,CALL,2026-01-30,CRM
CRM260130C00270000,270.0,0.05,0.0,0.05,11.0,223.0,1.2343788281249999,False,CALL,2026-01-30,CRM
CRM260130C00272500,272.5,0.01,0.0,0.09,19.0,79.0,1.359378203125,False,CALL,2026-01-30,CRM
CRM260130P00155000,155.0,0.01,0.0,0.05,3.0,13.0,1.5781271093749998,False,PUT,2026-01-30,CRM
CRM260130P00160000,160.0,0.01,0.0,0.01,22.0,248.0,1.21875390625,False,PUT,2026-01-30,CRM
CRM260130P00165000,165.0,0.08,0.0,0.09,7.0,21.0,1.3671906640625,False,PUT,2026-01-30,CRM
CRM260130P00170000,170.0,0.2,0.0,0.09,10.0,33.0,1.21875390625,False,PUT,2026-01-30,CRM
CRM260130P00175000,175.0,0.04,0.0,0.07,4.0,54.0,1.0390673046875003,False,PUT,2026-01-30,CRM
CRM260130P00180000,180.0,0.05,0.03,0.05,14.0,75.0,0.9179695703125,False,PUT,2026-01-30,CRM
CRM260130P00185000,185.0,0.03,0.01,0.09,49.0,78.0,0.8007832421875,False,PUT,2026-01-30,CRM
CRM260130P00190000,190.0,0.13,0.05,0.11,178.0,83.0,0.7070341796875,False,PUT,2026-01-30,CRM
CRM260130P00195000,195.0,0.06,0.06,0.19,97.0,67.0,0.6015664843750002,False,PUT,2026-01-30,CRM
CRM260130P00197500,197.5,0.14,0.14,0.2,485.0,8.0,0.5537154003906251,False,PUT,2026-01-30,CRM
CRM260130P00200000,200.0,0.25,0.19,0.31,412.0,382.0,0.5117236328125,False,PUT,2026-01-30,CRM
CRM260130P00202500,202.5,0.38,0.32,0.41,500.0,29.0,0.481450498046875,False,PUT,2026-01-30,CRM
CRM260130P00205000,205.0,0.58,0.53,0.69,2544.0,336.0,0.4545952978515625,False,PUT,2026-01-30,CRM
CRM260130P00207500,207.5,1.16,1.0,1.26,926.0,380.0,0.44922425781249997,False,PUT,2026-01-30,CRM
CRM260130P00210000,210.0,1.81,1.82,1.99,2141.0,944.0,0.4211483666992188,False,PUT,2026-01-30,CRM
CRM260130P00212500,212.5,3.0,2.7,3.3,588.0,454.0,0.43140217041015627,True,PUT,2026-01-30,CRM
CRM260130P00215000,215.0,4.5,4.1,5.15,688.0,1324.0,0.4758353198242187,True,PUT,2026-01-30,CRM
CRM260130P00217500,217.5,6.57,6.05,7.25,175.0,1738.0,0.5258836474609375,True,PUT,2026-01-30,CRM
CRM260130P00220000,220.0,9.2,8.65,9.55,238.0,2044.0,0.5913126806640626,True,PUT,2026-01-30,CRM
CRM260130P00222500,222.5,10.05,9.65,11.75,174.0,3056.0,0.6098671826171876,True,PUT,2026-01-30,CRM
CRM260130P00225000,225.0,13.42,13.55,14.15,417.0,986.0,0.5419967675781252,True,PUT,2026-01-30,CRM
CRM260130P00227500,227.5,14.93,15.75,16.85,268.0,1258.0,0.585941640625,True,PUT,2026-01-30,CRM
CRM260130P00230000,230.0,18.45,17.95,19.15,278.0,2952.0,0.8300798242187499,True,PUT,2026-01-30,CRM
CRM260130P00232500,232.5,20.57,19.7,21.6,18.0,103.0,0.8867198828124999,True,PUT,2026-01-30,CRM
CRM260130P00235000,235.0,23.42,22.8,24.1,36.0,464.0,0.9609378906249999,True,PUT,2026-01-30,CRM
CRM260130P00237500,237.5,25.92,24.25,26.65,3.0,432.0,1.056645341796875,True,PUT,2026-01-30,CRM
CRM260130P00240000,240.0,26.83,27.4,29.2,16.0,511.0,1.1513714306640623,True,PUT,2026-01-30,CRM
CRM260130P00242500,242.5,31.25,29.3,31.7,3.0,33.0,1.2221718579101561,True,PUT,2026-01-30,CRM
CRM260130P00245000,245.0,33.03,31.8,34.7,13.0,912.0,1.4985376635742185,True,PUT,2026-01-30,CRM
CRM260130P00247500,247.5,35.19,34.3,37.55,2.0,42.0,1.6943374658203125,True,PUT,2026-01-30,CRM
CRM260130P00250000,250.0,39.09,36.7,39.95,3.0,71.0,1.7358411645507812,True,PUT,2026-01-30,CRM
CRM260130P00252500,252.5,22.98,39.25,42.8,16.0,12.0,1.9262698999023438,True,PUT,2026-01-30,CRM
CRM260130P00255000,255.0,24.7,41.75,44.9,23.0,10.0,1.8623053759765624,True,PUT,2026-01-30,CRM
CRM260130P00257500,257.5,27.07,44.3,47.85,12.0,1.0,2.0898485253906243,True,PUT,2026-01-30,CRM
CRM260130P00260000,260.0,51.7,46.75,50.65,1.0,3.0,1.2109414453124998,True,PUT,2026-01-30,CRM
CRM260130P00262500,262.5,25.21,49.3,53.2,,0.0,1.3476595117187498,True,PUT,2026-01-30,CRM
CRM260130P00265000,265.0,31.5,51.75,55.65,3.0,0.0,1.3085972070312497,True,PUT,2026-01-30,CRM
CRM260130P00270000,270.0,36.89,56.75,60.65,2.0,0.0,1.3984405078125,True,PUT,2026-01-30,CRM
CRM260130P00272500,272.5,38.21,59.25,63.1,3.0,0.0,1.3750031249999999,True,PUT,2026-01-30,CRM
CRM260206C00170000,170.0,59.27,41.2,43.55,2.0,2.0,0.9726565234375,True,CALL,2026-02-06,CRM
CRM260206C00180000,180.0,43.7,31.35,33.7,,25.0,0.7973653076171875,True,CALL,2026-02-06,CRM
CRM260206C00200000,200.0,13.66,12.15,13.35,20.0,165.0,0.4682670361328125,True,CALL,2026-02-06,CRM
CRM260206C00205000,205.0,9.49,9.0,9.4,16.0,2.0,0.43335527587890627,True,CALL,2026-02-06,CRM
CRM260206C00215000,215.0,3.8,3.65,4.0,369.0,5.0,0.42139250488281255,False,CALL,2026-02-06,CRM
CRM260206C00217500,217.5,3.0,2.67,3.05,276.0,2.0,0.41602146484374997,False,CALL,2026-02-06,CRM
CRM260206C00220000,220.0,2.25,2.09,2.45,478.0,231.0,0.42676354492187507,False,CALL,2026-02-06,CRM
CRM260206C00222500,222.5,1.59,1.5,1.65,592.0,96.0,0.4062559375,False,CALL,2026-02-06,CRM
CRM260206C00225000,225.0,1.14,1.1,1.32,119.0,133.0,0.41968353759765625,False,CALL,2026-02-06,CRM
CRM260206C00227500,227.5,0.9,0.82,0.9,77.0,151.0,0.411138701171875,False,CALL,2026-02-06,CRM
CRM260206C00230000,230.0,0.71,0.62,0.72,411.0,892.0,0.424810439453125,False,CALL,2026-02-06,CRM
CRM260206C00232500,232.5,0.5,0.46,0.58,148.0,215.0,0.43848217773437503,False,CALL,2026-02-06,CRM
CRM260206C00235000,235.0,0.35,0.31,0.38,235.0,990.0,0.43115803222656257,False,CALL,2026-02-06,CRM
CRM260206C00237500,237.5,0.29,0.25,0.36,32.0,497.0,0.45898978515625005,False,CALL,2026-02-06,CRM
CRM260206C00240000,240.0,0.23,0.2,0.27,89.0,854.0,0.463872548828125,False,CALL,2026-02-06,CRM
CRM260206C00242500,242.5,0.2,0.15,0.2,12.0,113.0,0.4687553125,False,CALL,2026-02-06,CRM
CRM260206C00245000,245.0,0.15,0.09,0.15,404.0,671.0,0.47363807617187503,False,CALL,2026-02-06,CRM
CRM260206C00247500,247.5,0.12,0.1,0.15,11.0,48.0,0.5009815527343751,False,CALL,2026-02-06,CRM
CRM260206C00250000,250.0,0.11,0.07,0.12,87.0,1375.0,0.5097705273437501,False,CALL,2026-02-06,CRM
CRM260206C00252500,252.5,0.33,0.01,0.53,1.0,90.0,0.6084023535156251,False,CALL,2026-02-06,CRM
CRM260206C00255000,255.0,0.04,0.01,0.22,6.0,154.0,0.5566450585937501,False,CALL,2026-02-06,CRM
CRM260206C00260000,260.0,0.07,0.05,0.12,6.0,360.0,0.5800823242187501,False,CALL,2026-02-06,CRM
CRM260206C00265000,265.0,0.03,0.03,0.1,37.0,168.0,0.6054726953125001,False,CALL,2026-02-06,CRM
CRM260206C00270000,270.0,0.1,0.03,0.09,12.0,243.0,0.64062859375,False,CALL,2026-02-06,CRM
CRM260206P00150000,150.0,0.01,0.0,0.2,10.0,11.0,0.9531254687499999,False,PUT,2026-02-06,CRM
CRM260206P00155000,155.0,0.01,0.01,0.28,10.0,37.0,0.9179695703125,False,PUT,2026-02-06,CRM
CRM260206P00160000,160.0,0.15,0.01,0.1,1.0,1.0,0.73437765625,False,PUT,2026-02-06,CRM
CRM260206P00165000,165.0,0.05,0.01,0.28,6.0,33.0,0.7539087109375,False,PUT,2026-02-06,CRM
CRM260206P00170000,170.0,0.12,0.07,0.17,58.0,29.0,0.6552768847656252,False,PUT,2026-02-06,CRM
CRM260206P00175000,175.0,0.2,0.04,0.37,15.0,19.0,0.629886513671875,False,PUT,2026-02-06,CRM
CRM260206P00180000,180.0,0.22,0.05,0.32,287.0,16.0,0.5400436621093752,False,PUT,2026-02-06,CRM
CRM260206P00185000,185.0,0.32,0.3,0.35,87.0,119.0,0.5127001855468749,False,PUT,2026-02-06,CRM
CRM260206P00187500,187.5,0.46,0.33,0.58,78.0,8.0,0.5063525927734375,False,PUT,2026-02-06,CRM
CRM260206P00190000,190.0,0.51,0.49,0.53,169.0,116.0,0.47852083984375,False,PUT,2026-02-06,CRM
CRM260206P00195000,195.0,0.84,0.79,0.94,483.0,85.0,0.45508357421875,False,PUT,2026-02-06,CRM
CRM260206P00197500,197.5,1.11,1.08,1.16,53.0,17.0,0.4331111376953125,False,PUT,2026-02-06,CRM
CRM260206P00200000,200.0,1.5,1.38,1.51,172.0,160.0,0.41870698486328123,False,PUT,2026-02-06,CRM
CRM260206P00202500,202.5,1.94,1.81,1.99,809.0,32.0,0.40772076660156253,False,PUT,2026-02-06,CRM
CRM260206P00205000,205.0,2.66,2.51,2.84,695.0,68.0,0.41748629394531245,False,PUT,2026-02-06,CRM
CRM260206P00207500,207.5,3.52,3.35,3.7,299.0,59.0,0.41309180664062495,False,PUT,2026-02-06,CRM
CRM260206P00210000,210.0,4.1,4.35,4.75,347.0,552.0,0.40991801025390623,False,PUT,2026-02-06,CRM
CRM260206P00212500,212.5,5.67,5.55,6.0,352.0,873.0,0.40820904296875,True,PUT,2026-02-06,CRM
CRM260206P00215000,215.0,7.25,7.05,7.45,178.0,265.0,0.40796490478515623,True,PUT,2026-02-06,CRM
CRM260206P00217500,217.5,7.22,8.35,9.35,90.0,231.0,0.43030354858398445,True,PUT,2026-02-06,CRM
CRM260206P00220000,220.0,10.87,10.05,11.1,130.0,589.0,0.4290828576660156,True,PUT,2026-02-06,CRM
CRM260206P00222500,222.5,12.08,11.6,13.25,44.0,64.0,0.45288633056640626,True,PUT,2026-02-06,CRM
CRM260206P00225000,225.0,14.2,14.3,15.05,84.0,219.0,0.43164630859375,True,PUT,2026-02-06,CRM
CRM260206P00227500,227.5,14.81,16.25,17.2,40.0,64.0,0.4348201049804688,True,PUT,2026-02-06,CRM
CRM260206P00230000,230.0,19.19,18.85,19.5,80.0,313.0,0.4489801196289062,True,PUT,2026-02-06,CRM
CRM260206P00235000,235.0,23.6,22.9,24.3,272.0,374.0,0.49268085449218757,True,PUT,2026-02-06,CRM
CRM260206P00237500,237.5,26.01,25.3,26.75,156.0,36.0,0.5190477783203125,True,PUT,2026-02-06,CRM
CRM260206P00240000,240.0,28.06,27.75,29.25,31.0,446.0,0.5532271240234375,True,PUT,2026-02-06,CRM
CRM260206P00242500,242.5,30.55,29.4,31.75,47.0,24.0,0.5871623315429688,True,PUT,2026-02-06,CRM
CRM260206P00245000,245.0,33.0,31.8,34.25,29.0,146.0,0.6201209863281252,True,PUT,2026-02-06,CRM
CRM260206P00247500,247.5,38.05,34.3,36.7,10.0,15.0,0.64062859375,True,PUT,2026-02-06,CRM
CRM260206P00250000,250.0,38.77,37.05,39.2,34.0,334.0,0.6718782812500002,True,PUT,2026-02-06,CRM
CRM260206P00252500,252.5,41.83,39.3,41.7,1.0,15.0,0.7026396923828125,True,PUT,2026-02-06,CRM
CRM260206P00255000,255.0,43.8,41.85,44.65,137.0,146.0,0.8320329296874999,True,PUT,2026-02-06,CRM
CRM260206P00260000,260.0,48.8,46.5,50.1,101.0,101.0,0.9780275634765626,True,PUT,2026-02-06,CRM
CRM260206P00265000,265.0,55.42,51.75,55.1,15.0,16.0,1.0422411169433596,True,PUT,2026-02-06,CRM
CRM260206P00270000,270.0,46.13,56.75,59.75,5.0,0.0,1.0361376318359379,True,PUT,2026-02-06,CRM
CRM260213C00155000,155.0,92.0,56.1,58.65,,1.0,0.9682620361328125,True,CALL,2026-02-13,CRM
CRM260213C00200000,200.0,14.65,14.05,15.15,11.0,3.0,0.4801077380371094,True,CALL,2026-02-13,CRM
CRM260213C00210000,210.0,7.94,7.55,8.0,141.0,5.0,0.4144345666503906,True,CALL,2026-02-13,CRM
CRM260213C00215000,215.0,5.55,5.2,5.55,408.0,9.0,0.40552352294921873,False,CALL,2026-02-13,CRM
CRM260213C00220000,220.0,3.88,3.45,3.75,276.0,44.0,0.40332627929687503,False,CALL,2026-02-13,CRM
CRM260213C00225000,225.0,2.47,2.06,2.39,68.0,103.0,0.398443515625,False,CALL,2026-02-13,CRM
CRM260213C00230000,230.0,1.48,1.38,1.54,165.0,313.0,0.4023497265625,False,CALL,2026-02-13,CRM
CRM260213C00235000,235.0,0.95,0.86,1.03,44.0,412.0,0.41358008300781246,False,CALL,2026-02-13,CRM
CRM260213C00240000,240.0,0.72,0.52,0.91,77.0,167.0,0.45508357421875,False,CALL,2026-02-13,CRM
CRM260213C00245000,245.0,0.38,0.2,0.55,44.0,203.0,0.45215391601562505,False,CALL,2026-02-13,CRM
CRM260213C00250000,250.0,0.25,0.05,0.45,42.0,269.0,0.47900911621093745,False,CALL,2026-02-13,CRM
CRM260213C00255000,255.0,0.24,0.17,0.43,30.0,436.0,0.5185595019531251,False,CALL,2026-02-13,CRM
CRM260213C00260000,260.0,0.24,0.1,0.23,91.0,643.0,0.5029346582031251,False,CALL,2026-02-13,CRM
CRM260213C00265000,265.0,0.11,0.01,0.36,13.0,157.0,0.523442265625,False,CALL,2026-02-13,CRM
CRM260213C00270000,270.0,0.1,0.03,0.44,1.0,138.0,0.5800823242187501,False,CALL,2026-02-13,CRM
CRM260213P00150000,150.0,0.1,0.01,0.69,2.0,13.0,0.860352958984375,False,PUT,2026-02-13,CRM
CRM260213P00155000,155.0,0.08,0.01,0.71,2.0,12.0,0.7929708203125,False,PUT,2026-02-13,CRM
CRM260213P00160000,160.0,0.04,0.01,0.74,,10.0,0.72851833984375,False,PUT,2026-02-13,CRM
CRM260213P00165000,165.0,0.13,0.01,0.32,1.0,23.0,0.57617611328125,False,PUT,2026-02-13,CRM
CRM260213P00170000,170.0,0.24,0.01,0.6,1.0,5.0,0.5708050732421875,False,PUT,2026-02-13,CRM
CRM260213P00175000,175.0,0.26,0.01,0.6,1.0,18.0,0.5063525927734375,False,PUT,2026-02-13,CRM
CRM260213P00180000,180.0,0.41,0.08,0.69,10.0,112.0,0.5258836474609375,False,PUT,2026-02-13,CRM
CRM260213P00185000,185.0,0.65,0.5,0.73,31.0,106.0,0.4611870288085938,False,PUT,2026-02-13,CRM
CRM260213P00190000,190.0,1.01,0.81,1.03,135.0,67.0,0.4282283740234375,False,PUT,2026-02-13,CRM
CRM260213P00195000,195.0,1.63,1.52,1.76,206.0,62.0,0.42212491943359376,False,PUT,2026-02-13,CRM
CRM260213P00200000,200.0,2.61,2.55,2.75,154.0,145.0,0.40881938842773435,False,PUT,2026-02-13,CRM
CRM260213P00205000,205.0,4.0,3.9,4.2,80.0,365.0,0.398443515625,False,PUT,2026-02-13,CRM
CRM260213P00210000,210.0,5.87,5.8,6.3,171.0,717.0,0.39600213378906257,False,PUT,2026-02-13,CRM
CRM260213P00215000,215.0,7.68,8.5,9.05,103.0,747.0,0.3983214465332031,True,PUT,2026-02-13,CRM
CRM260213P00220000,220.0,11.76,11.7,12.15,125.0,631.0,0.3892883337402344,True,PUT,2026-02-13,CRM
CRM260213P00225000,225.0,15.53,15.3,16.35,61.0,503.0,0.42249112670898437,True,PUT,2026-02-13,CRM
CRM260213P00230000,230.0,18.9,19.3,20.55,37.0,379.0,0.43579665771484377,True,PUT,2026-02-13,CRM
CRM260213P00235000,235.0,24.0,22.75,24.75,5.0,186.0,0.4242000939941406,True,PUT,2026-02-13,CRM
CRM260213P00240000,240.0,27.35,27.0,29.6,12.0,261.0,0.4633842724609375,True,PUT,2026-02-13,CRM
CRM260213P00245000,245.0,33.39,32.0,34.55,22.0,126.0,0.5102588037109376,True,PUT,2026-02-13,CRM
CRM260213P00250000,250.0,37.0,37.25,39.5,24.0,265.0,0.5534712622070312,True,PUT,2026-02-13,CRM
CRM260213P00255000,255.0,25.85,41.75,44.45,2.0,52.0,0.5937540625000001,True,PUT,2026-02-13,CRM
CRM260213P00260000,260.0,47.52,46.75,49.35,2.0,67.0,0.622074091796875,True,PUT,2026-02-13,CRM
CRM260213P00265000,265.0,42.6,51.8,54.45,11.0,1.0,0.6840851904296876,True,PUT,2026-02-13,CRM
CRM260213P00270000,270.0,42.05,56.8,59.3,2.0,0.0,0.6977569287109376,True,PUT,2026-02-13,CRM
CRM260220C00150000,150.0,96.5,61.2,63.75,1.0,14.0,0.8952647192382811,True,CALL,2026-02-20,CRM
CRM260220C00155000,155.0,58.59,56.35,58.7,2.0,54.0,0.8334977587890623,True,CALL,2026-02-20,CRM
CRM260220C00160000,160.0,101.5,75.25,78.6,3.0,13.0,2.578372694702148,True,CALL,2026-02-20,CRM
CRM260220C00165000,165.0,99.68,46.45,48.95,2.0,19.0,0.7209500561523439,True,CALL,2026-02-20,CRM
CRM260220C00170000,170.0,57.76,41.55,44.05,1.0,30.0,0.665286550292969,True,CALL,2026-02-20,CRM
CRM260220C00175000,175.0,59.9,81.45,85.35,15.0,28.0,3.3952041487121583,True,CALL,2026-02-20,CRM
CRM260220C00180000,180.0,31.9,31.9,34.4,2.0,16.0,0.5649457568359376,True,CALL,2026-02-20,CRM
CRM260220C00185000,185.0,56.7,27.3,29.75,1.0,35.0,0.5273484765625001,True,CALL,2026-02-20,CRM
CRM260220C00190000,190.0,24.25,22.8,25.2,1.0,25.0,0.572391971435547,True,CALL,2026-02-20,CRM
CRM260220C00195000,195.0,19.48,18.35,19.15,1.0,27.0,0.4226131958007812,True,CALL,2026-02-20,CRM
CRM260220C00200000,200.0,15.05,14.7,15.55,42.0,215.0,0.422857333984375,True,CALL,2026-02-20,CRM
CRM260220C00205000,205.0,12.35,11.3,11.75,16.0,20.0,0.39197385375976557,True,CALL,2026-02-20,CRM
CRM260220C00207500,207.5,9.95,9.85,10.3,156.0,4.0,0.39197385375976557,True,CALL,2026-02-20,CRM
CRM260220C00210000,210.0,8.5,8.45,8.9,90.0,147.0,0.38849488464355464,True,CALL,2026-02-20,CRM
CRM260220C00212500,212.5,7.7,7.15,7.4,41.0,31.0,0.3746400427246094,False,CALL,2026-02-20,CRM
CRM260220C00215000,215.0,6.3,6.1,6.55,385.0,9.0,0.38587039916992183,False,CALL,2026-02-20,CRM
CRM260220C00217500,217.5,5.7,5.1,5.7,161.0,16.0,0.3917907501220703,False,CALL,2026-02-20,CRM
CRM260220C00220000,220.0,4.62,4.25,4.75,580.0,539.0,0.3874572973632812,False,CALL,2026-02-20,CRM
CRM260220C00222500,222.5,4.1,3.35,4.05,363.0,131.0,0.39038695556640624,False,CALL,2026-02-20,CRM
CRM260220C00225000,225.0,3.05,3.05,3.3,599.0,321.0,0.3853821228027343,False,CALL,2026-02-20,CRM
CRM260220C00227500,227.5,2.5,2.29,2.85,226.0,287.0,0.3924621301269531,False,CALL,2026-02-20,CRM
CRM260220C00230000,230.0,2.03,1.88,2.12,2252.0,2341.0,0.3767152172851562,False,CALL,2026-02-20,CRM
CRM260220C00232500,232.5,1.68,1.51,1.83,53.0,354.0,0.38477177734374995,False,CALL,2026-02-20,CRM
CRM260220C00235000,235.0,1.44,1.2,1.78,125.0,850.0,0.40808697387695314,False,CALL,2026-02-20,CRM
CRM260220C00237500,237.5,1.15,1.02,1.32,81.0,389.0,0.39588006469726567,False,CALL,2026-02-20,CRM
CRM260220C00240000,240.0,0.88,0.86,0.96,2365.0,5668.0,0.3848938464355468,False,CALL,2026-02-20,CRM
CRM260220C00242500,242.5,0.71,0.67,0.84,35.0,472.0,0.39380489013671877,False,CALL,2026-02-20,CRM
CRM260220C00245000,245.0,0.65,0.55,0.68,268.0,872.0,0.3952697192382813,False,CALL,2026-02-20,CRM
CRM260220C00247500,247.5,0.49,0.46,0.55,73.0,318.0,0.3969786865234375,False,CALL,2026-02-20,CRM
CRM260220C00250000,250.0,0.4,0.4,0.44,1407.0,5233.0,0.3979552392578125,False,CALL,2026-02-20,CRM
CRM260220C00252500,252.5,0.44,0.35,0.48,13.0,42.0,0.4233456103515625,False,CALL,2026-02-20,CRM
CRM260220C00255000,255.0,0.32,0.26,0.51,90.0,194.0,0.44727115234375,False,CALL,2026-02-20,CRM
CRM260220C00260000,260.0,0.22,0.21,0.25,459.0,3964.0,0.42529871582031253,False,CALL,2026-02-20,CRM
CRM260220C00265000,265.0,0.12,0.11,0.2,1.0,186.0,0.4414118359375,False,CALL,2026-02-20,CRM
CRM260220C00270000,270.0,0.16,0.11,0.16,97.0,2694.0,0.45654840332031255,False,CALL,2026-02-20,CRM
CRM260220P00150000,150.0,0.17,0.01,0.33,1.0,40.0,0.641605146484375,False,PUT,2026-02-20,CRM
CRM260220P00155000,155.0,0.09,0.01,0.35,2.0,72.0,0.5918009570312501,False,PUT,2026-02-20,CRM
CRM260220P00160000,160.0,0.14,0.01,0.37,5.0,50.0,0.5429733203125001,False,PUT,2026-02-20,CRM
CRM260220P00165000,165.0,0.23,0.02,0.43,1.0,202.0,0.5043994873046875,False,PUT,2026-02-20,CRM
CRM260220P00170000,170.0,0.27,0.21,0.37,11.0,88.0,0.4931691308593751,False,PUT,2026-02-20,CRM
CRM260220P00175000,175.0,0.48,0.33,0.47,19.0,165.0,0.4592339233398438,False,PUT,2026-02-20,CRM
CRM260220P00180000,180.0,0.6,0.54,0.68,53.0,345.0,0.43726148681640625,False,PUT,2026-02-20,CRM
CRM260220P00185000,185.0,0.87,0.65,0.96,63.0,415.0,0.4128476684570312,False,PUT,2026-02-20,CRM
CRM260220P00190000,190.0,1.3,1.22,1.42,137.0,769.0,0.3940490283203125,False,PUT,2026-02-20,CRM
CRM260220P00195000,195.0,2.0,2.0,2.15,1212.0,1222.0,0.3802552209472656,False,PUT,2026-02-20,CRM
CRM260220P00200000,200.0,3.1,2.94,3.3,552.0,1835.0,0.37329728271484375,False,PUT,2026-02-20,CRM
CRM260220P00205000,205.0,4.55,4.4,4.8,170.0,871.0,0.36298244445800787,False,PUT,2026-02-20,CRM
CRM260220P00207500,207.5,5.54,5.4,5.95,39.0,139.0,0.36890279541015625,False,PUT,2026-02-20,CRM
CRM260220P00210000,210.0,6.6,6.6,6.95,308.0,3531.0,0.36121244262695307,False,PUT,2026-02-20,CRM
CRM260220P00212500,212.5,7.8,7.7,8.25,47.0,80.0,0.3617007189941406,True,PUT,2026-02-20,CRM
CRM260220P00215000,215.0,9.35,9.2,9.7,204.0,360.0,0.3632876171875,True,PUT,2026-02-20,CRM
CRM260220P00217500,217.5,9.69,10.35,11.95,22.0,124.0,0.3979552392578125,True,PUT,2026-02-20,CRM
CRM260220P00220000,220.0,12.35,12.25,12.8,297.0,4528.0,0.3582827844238281,True,PUT,2026-02-20,CRM
CRM260220P00222500,222.5,13.38,13.8,14.7,90.0,153.0,0.36511865356445317,True,PUT,2026-02-20,CRM
CRM260220P00225000,225.0,15.6,16.05,16.6,19.0,179.0,0.36694968994140625,True,PUT,2026-02-20,CRM
CRM260220P00227500,227.5,17.5,16.25,18.7,28.0,108.0,0.37573866455078125,True,PUT,2026-02-20,CRM
CRM260220P00230000,230.0,19.94,19.85,21.05,150.0,5131.0,0.3969786865234375,True,PUT,2026-02-20,CRM
CRM260220P00232500,232.5,9.5,20.4,23.05,67.0,87.0,0.39172971557617187,True,PUT,2026-02-20,CRM
CRM260220P00235000,235.0,23.67,22.6,25.75,19.0,392.0,0.4338435522460938,True,PUT,2026-02-20,CRM
CRM260220P00237500,237.5,13.1,24.85,27.3,46.0,50.0,0.38281867187499996,True,PUT,2026-02-20,CRM
CRM260220P00240000,240.0,28.69,28.2,29.65,63.0,2509.0,0.3918517846679687,True,PUT,2026-02-20,CRM
CRM260220P00242500,242.5,19.6,29.6,32.0,,1.0,0.39819937744140627,True,PUT,2026-02-20,CRM
CRM260220P00245000,245.0,33.25,32.0,34.5,3.0,12.0,0.41968353759765625,True,PUT,2026-02-20,CRM
CRM260220P00247500,247.5,35.33,34.45,37.55,12.0,1.0,0.4997608618164063,True,PUT,2026-02-20,CRM
CRM260220P00250000,250.0,37.47,38.2,39.2,116.0,3281.0,0.4204159521484375,True,PUT,2026-02-20,CRM
CRM260220P00252500,252.5,39.9,39.35,41.7,13.0,1.0,0.43945873046875,True,PUT,2026-02-20,CRM
CRM260220P00260000,260.0,48.01,47.8,49.15,21.0,1665.0,0.48608912353515626,True,PUT,2026-02-20,CRM
CRM260220P00265000,265.0,41.2,51.8,54.15,,3.0,0.5210008837890624,True,PUT,2026-02-20,CRM
CRM260220P00270000,270.0,42.5,56.8,60.0,5.0,223.0,0.6792024267578126,True,PUT,2026-02-20,CRM
CRM260227C00190000,190.0,26.82,24.85,27.2,1.0,54.0,0.5476119458007813,True,CALL,2026-02-27,CRM
CRM260227C00200000,200.0,17.33,17.05,19.35,2.0,72.0,0.5477340148925782,True,CALL,2026-02-27,CRM
CRM260227C00205000,205.0,14.53,14.35,14.9,7.0,5.0,0.4804739453125,True,CALL,2026-02-27,CRM
CRM260227C00210000,210.0,11.9,11.8,12.8,64.0,30.0,0.5025684509277344,True,CALL,2026-02-27,CRM
CRM260227C00215000,215.0,10.0,9.35,9.75,229.0,19.0,0.47083048706054687,False,CALL,2026-02-27,CRM
CRM260227C00220000,220.0,7.45,7.4,8.5,44.0,39.0,0.5004932763671875,False,CALL,2026-02-27,CRM
CRM260227C00225000,225.0,6.2,5.75,5.95,69.0,175.0,0.46130909790039065,False,CALL,2026-02-27,CRM
CRM260227C00230000,230.0,4.85,4.4,4.6,336.0,507.0,0.4606987524414063,False,CALL,2026-02-27,CRM
CRM260227C00235000,235.0,3.35,3.35,3.6,42.0,158.0,0.46497117065429694,False,CALL,2026-02-27,CRM
CRM260227C00240000,240.0,2.85,2.44,2.9,189.0,152.0,0.47522497436523436,False,CALL,2026-02-27,CRM
CRM260227C00245000,245.0,2.09,1.92,2.22,31.0,196.0,0.4769339416503906,False,CALL,2026-02-27,CRM
CRM260227C00250000,250.0,1.6,1.5,2.09,277.0,487.0,0.5097705273437501,False,CALL,2026-02-27,CRM
CRM260227C00255000,255.0,1.25,1.1,1.49,41.0,69.0,0.5004932763671875,False,CALL,2026-02-27,CRM
CRM260227C00260000,260.0,0.95,0.8,1.09,95.0,486.0,0.4973194799804688,False,CALL,2026-02-27,CRM
CRM260227C00265000,265.0,0.85,0.12,1.41,3.0,258.0,0.5644574804687501,False,CALL,2026-02-27,CRM
CRM260227C00270000,270.0,0.65,0.21,0.83,5.0,178.0,0.5312546875,False,CALL,2026-02-27,CRM
CRM260227P00150000,150.0,0.56,0.0,2.14,1.0,1.0,0.77929908203125,False,PUT,2026-02-27,CRM
CRM260227P00160000,160.0,1.3,0.0,2.0,,4.0,0.6479527392578125,False,PUT,2026-02-27,CRM
CRM260227P00170000,170.0,0.8,0.62,0.99,8.0,15.0,0.5065967309570312,False,PUT,2026-02-27,CRM
CRM260227P00175000,175.0,1.24,1.04,1.41,20.0,2.0,0.5019581054687501,False,PUT,2026-02-27,CRM
CRM260227P00180000,180.0,1.73,1.59,1.75,119.0,76.0,0.49255878540039066,False,PUT,2026-02-27,CRM
CRM260227P00185000,185.0,2.3,2.07,2.65,46.0,64.0,0.497197410888672,False,PUT,2026-02-27,CRM
CRM260227P00190000,190.0,3.17,3.0,3.3,42.0,53.0,0.47046427978515626,False,PUT,2026-02-27,CRM
CRM260227P00195000,195.0,4.27,4.1,4.5,71.0,84.0,0.4637504797363281,False,PUT,2026-02-27,CRM
CRM260227P00200000,200.0,5.9,5.55,6.0,99.0,2167.0,0.45715874877929696,False,PUT,2026-02-27,CRM
CRM260227P00205000,205.0,7.25,7.35,7.8,90.0,235.0,0.4491632232666015,False,PUT,2026-02-27,CRM
CRM260227P00210000,210.0,9.67,9.6,10.05,113.0,378.0,0.445318046875,False,PUT,2026-02-27,CRM
CRM260227P00215000,215.0,12.24,12.25,13.1,154.0,350.0,0.4594780615234375,True,PUT,2026-02-27,CRM
CRM260227P00220000,220.0,14.16,15.25,16.15,90.0,325.0,0.4592339233398438,True,PUT,2026-02-27,CRM
CRM260227P00225000,225.0,19.0,18.6,19.15,155.0,300.0,0.4422663195800781,True,PUT,2026-02-27,CRM
CRM260227P00230000,230.0,22.03,21.9,22.9,50.0,240.0,0.44482977050781247,True,PUT,2026-02-27,CRM
CRM260227P00235000,235.0,25.38,25.4,26.75,20.0,82.0,0.43897045410156255,True,PUT,2026-02-27,CRM
CRM260227P00240000,240.0,29.82,29.05,31.7,24.0,113.0,0.4857229162597656,True,PUT,2026-02-27,CRM
CRM260227P00245000,245.0,33.08,33.05,35.45,8.0,106.0,0.44885805053710937,True,PUT,2026-02-27,CRM
CRM260227P00250000,250.0,37.8,37.55,40.1,9.0,58.0,0.46143116699218756,True,PUT,2026-02-27,CRM
CRM260227P00255000,255.0,28.56,42.25,45.55,1.0,16.0,0.5371140039062501,True,PUT,2026-02-27,CRM
CRM260227P00260000,260.0,48.53,47.05,50.2,4.0,37.0,0.5449264257812501,True,PUT,2026-02-27,CRM
CRM260227P00265000,265.0,52.7,51.95,54.75,7.0,20.0,0.5351608984375,True,PUT,2026-02-27,CRM
CRM260227P00270000,270.0,41.61,56.85,60.1,1.0,14.0,0.6049844189453126,True,PUT,2026-02-27,CRM
CRM260306C00200000,200.0,19.44,18.55,20.15,2.0,90.0,0.5257615783691407,True,CALL,2026-03-06,CRM
CRM260306C00215000,215.0,12.5,10.3,11.35,23.0,11.0,0.4835867071533204,False,CALL,2026-03-06,CRM
CRM260306C00220000,220.0,8.82,8.55,9.75,8.0,3.0,0.49811292907714844,False,CALL,2026-03-06,CRM
CRM260306C00225000,225.0,7.3,6.4,7.7,5.0,27.0,0.48511257080078124,False,CALL,2026-03-06,CRM
CRM260306C00230000,230.0,6.0,5.4,6.8,11.0,35.0,0.5078784564208985,False,CALL,2026-03-06,CRM
CRM260306C00235000,235.0,4.52,4.2,4.9,6.0,20.0,0.47937532348632805,False,CALL,2026-03-06,CRM
CRM260306C00240000,240.0,3.38,2.59,4.2,31.0,23.0,0.4942677526855469,False,CALL,2026-03-06,CRM
CRM260306C00245000,245.0,2.71,2.43,2.86,30.0,37.0,0.4674125524902344,False,CALL,2026-03-06,CRM
CRM260306C00250000,250.0,2.16,2.0,2.38,199.0,30.0,0.4777884252929688,False,CALL,2026-03-06,CRM
CRM260306C00255000,255.0,1.66,1.36,1.75,12.0,66.0,0.47070841796875,False,CALL,2026-03-06,CRM
CRM260306C00260000,260.0,1.25,1.0,1.77,16.0,57.0,0.5059863854980469,False,CALL,2026-03-06,CRM
CRM260306C00270000,270.0,0.62,0.62,1.14,3.0,10.0,0.512578116455078,False,CALL,2026-03-06,CRM
CRM260306P00150000,150.0,0.24,0.0,2.34,1.0,1.0,0.7158231542968749,False,PUT,2026-03-06,CRM
CRM260306P00175000,175.0,1.82,0.5,2.04,2.0,6.0,0.522343643798828,False,PUT,2026-03-06,CRM
CRM260306P00180000,180.0,2.1,1.7,2.61,39.0,2.0,0.5050098327636718,False,PUT,2026-03-06,CRM
CRM260306P00185000,185.0,3.53,2.18,3.65,4.0,5.0,0.5064746618652343,False,PUT,2026-03-06,CRM
CRM260306P00190000,190.0,3.89,3.35,4.4,35.0,32.0,0.48071808349609374,False,PUT,2026-03-06,CRM
CRM260306P00195000,195.0,5.23,4.9,5.65,60.0,49.0,0.47022014160156256,False,PUT,2026-03-06,CRM
CRM260306P00200000,200.0,6.7,5.8,7.0,36.0,43.0,0.45325253784179687,False,PUT,2026-03-06,CRM
CRM260306P00205000,205.0,8.73,8.4,9.2,20.0,42.0,0.4588677160644532,False,PUT,2026-03-06,CRM
CRM260306P00210000,210.0,10.17,9.65,11.85,35.0,63.0,0.46851117431640626,False,PUT,2026-03-06,CRM
CRM260306P00215000,215.0,12.95,13.25,14.55,61.0,53.0,0.46783979431152345,True,PUT,2026-03-06,CRM
CRM260306P00220000,220.0,15.74,15.35,17.4,12.0,34.0,0.4612480633544922,True,PUT,2026-03-06,CRM
CRM260306P00225000,225.0,19.77,19.25,20.65,43.0,25.0,0.45856254333496105,True,PUT,2026-03-06,CRM
CRM260306P00230000,230.0,12.13,22.1,24.2,10.0,21.0,0.45691461059570315,True,PUT,2026-03-06,CRM
CRM260306P00235000,235.0,28.79,26.35,27.85,3.0,25.0,0.4484918432617187,True,PUT,2026-03-06,CRM
CRM260306P00240000,240.0,30.9,29.3,32.5,13.0,8.0,0.47839877075195314,True,PUT,2026-03-06,CRM
CRM260306P00245000,245.0,23.42,33.5,36.35,1.0,5.0,0.4598442687988281,True,PUT,2026-03-06,CRM
CRM260306P00250000,250.0,40.16,38.5,40.75,1.0,7.0,0.46155323608398446,True,PUT,2026-03-06,CRM
CRM260306P00260000,260.0,50.58,47.15,49.85,2.0,1.0,0.4606987524414063,True,PUT,2026-03-06,CRM
CRM260320C00150000,150.0,63.2,62.4,64.55,1.0,336.0,0.7033721069335939,True,CALL,2026-03-20,CRM
CRM260320C00155000,155.0,108.08,57.45,59.9,1.0,5.0,0.6669955175781253,True,CALL,2026-03-20,CRM
CRM260320C00160000,160.0,71.02,52.6,55.15,1.0,7.0,0.6293982373046876,True,CALL,2026-03-20,CRM
CRM260320C00165000,165.0,64.8,47.95,50.5,15.0,26.0,0.600712000732422,True,CALL,2026-03-20,CRM
CRM260320C00170000,170.0,43.85,43.4,45.95,4.0,32.0,0.575077491455078,True,CALL,2026-03-20,CRM
CRM260320C00175000,175.0,38.67,39.1,40.35,1.0,6.0,0.5239305419921875,True,CALL,2026-03-20,CRM
CRM260320C00180000,180.0,36.0,34.45,37.15,3.0,28.0,0.5242967492675781,True,CALL,2026-03-20,CRM
CRM260320C00185000,185.0,31.25,30.4,32.7,5.0,22.0,0.5009815527343751,True,CALL,2026-03-20,CRM
CRM260320C00190000,190.0,28.5,26.9,28.4,7.0,83.0,0.5161791546630858,True,CALL,2026-03-20,CRM
CRM260320C00195000,195.0,24.61,23.3,23.85,6.0,74.0,0.4688773815917969,True,CALL,2026-03-20,CRM
CRM260320C00200000,200.0,20.3,20.1,21.1,129.0,588.0,0.48053497985839844,True,CALL,2026-03-20,CRM
CRM260320C00210000,210.0,14.56,14.35,14.7,128.0,315.0,0.44611149597167965,True,CALL,2026-03-20,CRM
CRM260320C00220000,220.0,10.23,9.95,10.3,798.0,503.0,0.44196114685058596,False,CALL,2026-03-20,CRM
CRM260320C00230000,230.0,6.9,6.7,6.95,805.0,1949.0,0.43781079772949216,False,CALL,2026-03-20,CRM
CRM260320C00240000,240.0,4.5,4.35,4.55,743.0,1900.0,0.43530838134765626,False,CALL,2026-03-20,CRM
CRM260320C00250000,250.0,2.9,2.8,2.98,456.0,7740.0,0.4378718322753906,False,CALL,2026-03-20,CRM
CRM260320C00260000,260.0,1.93,1.82,1.98,633.0,3311.0,0.44434149414062496,False,CALL,2026-03-20,CRM
CRM260320C00270000,270.0,1.26,1.2,1.28,234.0,19681.0,0.44836977416992185,False,CALL,2026-03-20,CRM
CRM260320P00150000,150.0,0.54,0.46,0.63,12.0,61.0,0.5212450219726561,False,PUT,2026-03-20,CRM
CRM260320P00155000,155.0,0.7,0.48,0.84,4.0,58.0,0.5222215747070311,False,PUT,2026-03-20,CRM
CRM260320P00160000,160.0,0.94,0.83,1.05,18.0,594.0,0.5024463818359376,False,PUT,2026-03-20,CRM
CRM260320P00165000,165.0,1.28,1.08,1.44,19.0,746.0,0.4946339599609375,False,PUT,2026-03-20,CRM
CRM260320P00170000,170.0,1.62,1.52,1.7,29.0,332.0,0.4687553125,False,PUT,2026-03-20,CRM
CRM260320P00175000,175.0,2.12,2.01,2.25,74.0,167.0,0.45862357788085945,False,PUT,2026-03-20,CRM
CRM260320P00180000,180.0,2.72,2.52,2.97,111.0,2029.0,0.4500787414550781,False,PUT,2026-03-20,CRM
CRM260320P00185000,185.0,3.68,3.5,3.85,259.0,1133.0,0.4409235595703125,False,PUT,2026-03-20,CRM
CRM260320P00190000,190.0,4.82,4.75,5.0,1235.0,2058.0,0.4347590704345704,False,PUT,2026-03-20,CRM
CRM260320P00195000,195.0,6.15,6.05,6.3,315.0,1301.0,0.4252376812744141,False,PUT,2026-03-20,CRM
CRM260320P00200000,200.0,7.8,7.6,8.0,250.0,3809.0,0.42102629760742194,False,PUT,2026-03-20,CRM
CRM260320P00210000,210.0,12.05,11.85,12.35,324.0,4440.0,0.415044912109375,False,PUT,2026-03-20,CRM
CRM260320P00220000,220.0,17.3,17.3,18.0,215.0,4777.0,0.41223732299804683,True,PUT,2026-03-20,CRM
CRM260320P00230000,230.0,23.23,24.0,24.7,109.0,4265.0,0.4071104211425781,True,PUT,2026-03-20,CRM
CRM260320P00240000,240.0,32.02,31.0,32.4,68.0,3051.0,0.4032652447509766,True,PUT,2026-03-20,CRM
CRM260320P00250000,250.0,40.98,39.6,41.45,48.0,4785.0,0.43030354858398445,True,PUT,2026-03-20,CRM
CRM260320P00260000,260.0,49.49,49.0,50.25,56.0,1741.0,0.4215145739746094,True,PUT,2026-03-20,CRM
CRM260320P00270000,270.0,58.35,57.75,59.5,89.0,871.0,0.41235939208984373,True,PUT,2026-03-20,CRM
CRM260417C00150000,150.0,80.0,62.95,65.35,1.0,226.0,0.6103554589843752,True,CALL,2026-04-17,CRM
CRM260417C00155000,155.0,107.64,58.1,60.65,202.0,101.0,0.5788616333007812,True,CALL,2026-04-17,CRM
CRM260417C00160000,160.0,100.14,53.55,56.0,3.0,2.0,0.5558516094970705,True,CALL,2026-04-17,CRM
CRM260417C00165000,165.0,97.67,49.1,51.5,2.0,2.0,0.5365646929931642,True,CALL,2026-04-17,CRM
CRM260417C00170000,170.0,90.55,44.7,47.05,3.0,11.0,0.5163622583007812,True,CALL,2026-04-17,CRM
CRM260417C00175000,175.0,64.5,40.15,42.8,1.0,3.0,0.5449264257812501,True,CALL,2026-04-17,CRM
CRM260417C00180000,180.0,37.0,35.8,38.75,2.0,70.0,0.5283250292968751,True,CALL,2026-04-17,CRM
CRM260417C00185000,185.0,32.5,32.25,34.65,11.0,18.0,0.5062915582275391,True,CALL,2026-04-17,CRM
CRM260417C00190000,190.0,29.5,28.25,29.9,8.0,26.0,0.4611870288085938,True,CALL,2026-04-17,CRM
CRM260417C00195000,195.0,24.39,25.4,26.0,1.0,31.0,0.4394892477416992,True,CALL,2026-04-17,CRM
CRM260417C00200000,200.0,23.23,21.95,24.35,28.0,156.0,0.475041870727539,True,CALL,2026-04-17,CRM
CRM260417C00210000,210.0,17.6,16.6,17.0,65.0,65.0,0.4175473284912109,True,CALL,2026-04-17,CRM
CRM260417C00220000,220.0,12.45,12.05,12.4,71.0,248.0,0.4090940438842773,False,CALL,2026-04-17,CRM
CRM260417C00230000,230.0,8.72,8.6,8.9,134.0,635.0,0.40546248840332033,False,CALL,2026-04-17,CRM
CRM260417C00240000,240.0,6.35,6.0,6.25,90.0,945.0,0.402899037475586,False,CALL,2026-04-17,CRM
CRM260417C00250000,250.0,4.73,4.15,4.35,159.0,1827.0,0.40277696838378907,False,CALL,2026-04-17,CRM
CRM260417C00260000,260.0,3.0,2.75,3.05,1080.0,1803.0,0.4058897302246094,False,CALL,2026-04-17,CRM
CRM260417C00270000,270.0,2.12,2.0,2.14,219.0,1404.0,0.4097959411621094,False,CALL,2026-04-17,CRM
CRM260417P00150000,150.0,0.9,0.83,1.0,22.0,15.0,0.4731497998046875,False,PUT,2026-04-17,CRM
CRM260417P00155000,155.0,1.12,1.14,1.23,15.0,18.0,0.4567925415039063,False,PUT,2026-04-17,CRM
CRM260417P00160000,160.0,1.55,1.35,1.66,12.0,178.0,0.45166563964843753,False,PUT,2026-04-17,CRM
CRM260417P00165000,165.0,0.96,1.84,2.07,1.0,43.0,0.43860424682617194,False,PUT,2026-04-17,CRM
CRM260417P00170000,170.0,2.5,2.43,2.7,38.0,121.0,0.43256182678222654,False,PUT,2026-04-17,CRM
CRM260417P00175000,175.0,2.7,3.2,3.7,31.0,344.0,0.436529072265625,False,PUT,2026-04-17,CRM
CRM260417P00180000,180.0,4.0,3.85,4.2,68.0,392.0,0.412542495727539,False,PUT,2026-04-17,CRM
CRM260417P00185000,185.0,5.13,4.9,5.25,94.0,207.0,0.4052183502197265,False,PUT,2026-04-17,CRM
CRM260417P00190000,190.0,6.4,6.25,6.5,44.0,628.0,0.39819937744140627,False,PUT,2026-04-17,CRM
CRM260417P00195000,195.0,7.68,7.7,8.1,77.0,533.0,0.3952697192382813,False,PUT,2026-04-17,CRM
CRM260417P00200000,200.0,9.65,9.45,9.9,36.0,921.0,0.391058335571289,False,PUT,2026-04-17,CRM
CRM260417P00210000,210.0,13.85,13.85,14.3,125.0,2402.0,0.3836121209716796,False,PUT,2026-04-17,CRM
CRM260417P00220000,220.0,19.6,19.15,19.75,141.0,1150.0,0.3764710791015625,True,PUT,2026-04-17,CRM
CRM260417P00230000,230.0,25.67,25.45,26.35,35.0,921.0,0.3734193518066406,True,PUT,2026-04-17,CRM
CRM260417P00240000,240.0,33.55,31.5,33.8,16.0,1138.0,0.3698793481445312,True,PUT,2026-04-17,CRM
CRM260417P00250000,250.0,40.93,40.35,42.0,30.0,867.0,0.36737693176269537,True,PUT,2026-04-17,CRM
CRM260417P00260000,260.0,50.25,49.35,50.65,6.0,419.0,0.3595645098876953,True,PUT,2026-04-17,CRM
CRM260417P00270000,270.0,42.7,57.55,60.2,10.0,181.0,0.3790345300292969,True,PUT,2026-04-17,CRM
CRM260515C00150000,150.0,90.0,63.55,66.2,1.0,51.0,0.5620160986328125,True,CALL,2026-05-15,CRM
CRM260515C00155000,155.0,74.99,59.1,61.65,1.0,129.0,0.5446822875976562,True,CALL,2026-05-15,CRM
CRM260515C00160000,160.0,103.92,54.55,57.15,6.0,24.0,0.5239305419921875,True,CALL,2026-05-15,CRM
CRM260515C00165000,165.0,99.9,50.15,52.8,6.0,4.0,0.5069629382324219,True,CALL,2026-05-15,CRM
CRM260515C00170000,170.0,86.86,45.9,48.55,1.0,52.0,0.536259520263672,True,CALL,2026-05-15,CRM
CRM260515C00175000,175.0,88.54,41.7,44.45,24.0,28.0,0.5196581237792968,True,CALL,2026-05-15,CRM
CRM260515C00180000,180.0,39.19,37.65,40.2,1.0,242.0,0.49609878906250005,True,CALL,2026-05-15,CRM
CRM260515C00185000,185.0,35.47,33.85,36.15,4.0,134.0,0.4759879061889648,True,CALL,2026-05-15,CRM
CRM260515C00190000,190.0,40.34,30.55,32.5,6.0,107.0,0.4635063415527344,True,CALL,2026-05-15,CRM
CRM260515C00195000,195.0,27.83,27.0,28.65,2.0,43.0,0.4425714923095704,True,CALL,2026-05-15,CRM
CRM260515C00200000,200.0,23.54,24.4,26.9,2.0,89.0,0.46759565612792964,True,CALL,2026-05-15,CRM
CRM260515C00210000,210.0,19.94,19.2,19.65,20.0,139.0,0.4173337075805663,True,CALL,2026-05-15,CRM
CRM260515C00220000,220.0,14.8,14.65,14.95,128.0,162.0,0.40759869750976563,False,CALL,2026-05-15,CRM
CRM260515C00230000,230.0,11.2,10.95,11.25,166.0,817.0,0.4024717956542969,False,CALL,2026-05-15,CRM
CRM260515C00240000,240.0,8.4,8.1,8.35,155.0,596.0,0.3991148956298829,False,CALL,2026-05-15,CRM
CRM260515C00250000,250.0,6.0,5.9,6.15,87.0,709.0,0.39771110107421875,False,CALL,2026-05-15,CRM
CRM260515C00260000,260.0,4.5,4.3,4.55,120.0,1027.0,0.39905386108398444,False,CALL,2026-05-15,CRM
CRM260515C00270000,270.0,3.25,3.25,3.4,354.0,653.0,0.40253283020019537,False,CALL,2026-05-15,CRM
CRM260515P00150000,150.0,1.42,1.1,1.48,9.0,62.0,0.4445856323242187,False,PUT,2026-05-15,CRM
CRM260515P00155000,155.0,1.77,1.77,1.87,4.0,58.0,0.43555251953125,False,PUT,2026-05-15,CRM
CRM260515P00160000,160.0,2.15,2.15,2.36,4.0,13.0,0.42737389038085943,False,PUT,2026-05-15,CRM
CRM260515P00165000,165.0,2.65,2.65,3.15,4.0,110.0,0.4283504431152344,False,PUT,2026-05-15,CRM
CRM260515P00170000,170.0,1.87,3.2,4.05,1.0,94.0,0.426885614013672,False,PUT,2026-05-15,CRM
CRM260515P00175000,175.0,4.75,4.1,4.5,59.0,182.0,0.40405869384765625,False,PUT,2026-05-15,CRM
CRM260515P00180000,180.0,5.0,5.2,5.55,26.0,91.0,0.398443515625,False,PUT,2026-05-15,CRM
CRM260515P00185000,185.0,7.15,6.35,6.75,20.0,110.0,0.39227902648925783,False,PUT,2026-05-15,CRM
CRM260515P00190000,190.0,7.95,7.8,8.2,31.0,388.0,0.38788453918457033,False,PUT,2026-05-15,CRM
CRM260515P00195000,195.0,9.63,9.45,9.85,279.0,421.0,0.3833069482421875,False,PUT,2026-05-15,CRM
CRM260515P00200000,200.0,11.2,11.3,11.75,202.0,1120.0,0.37961435821533207,False,PUT,2026-05-15,CRM
CRM260515P00210000,210.0,16.0,15.9,16.25,75.0,752.0,0.3726869372558594,False,PUT,2026-05-15,CRM
CRM260515P00220000,220.0,20.8,21.25,21.75,83.0,508.0,0.36762106994628907,True,PUT,2026-05-15,CRM
CRM260515P00230000,230.0,27.4,27.55,28.1,48.0,1275.0,0.36188382263183594,True,PUT,2026-05-15,CRM
CRM260515P00240000,240.0,35.1,34.85,35.3,1.0,843.0,0.3573062316894531,True,PUT,2026-05-15,CRM
CRM260515P00250000,250.0,43.75,40.9,43.8,19.0,654.0,0.37055072814941403,True,PUT,2026-05-15,CRM
CRM260515P00260000,260.0,51.0,49.45,51.9,1.0,194.0,0.3570620935058594,True,PUT,2026-05-15,CRM
CRM260515P00270000,270.0,60.33,58.25,60.85,15.0,761.0,0.3562076098632812,True,PUT,2026-05-15,CRM
CRM260618C00150000,150.0,68.0,65.4,67.95,3.0,55.0,0.5614057531738281,True,CALL,2026-06-18,CRM
CRM260618C00155000,155.0,106.5,104.55,107.55,2.0,12.0,1.7333387356567385,True,CALL,2026-06-18,CRM
CRM260618C00160000,160.0,60.65,56.35,59.35,1.0,19.0,0.5238084729003907,True,CALL,2026-06-18,CRM
CRM260618C00165000,165.0,51.46,52.35,55.15,1.0,25.0,0.512150874633789,True,CALL,2026-06-18,CRM
CRM260618C00170000,170.0,52.25,48.6,51.15,1.0,27.0,0.5040943145751953,True,CALL,2026-06-18,CRM
CRM260618C00175000,175.0,45.9,44.75,46.05,3.0,16.0,0.49432878723144535,True,CALL,2026-06-18,CRM
CRM260618C00180000,180.0,42.42,41.0,43.6,11.0,50.0,0.5147448428344726,True,CALL,2026-06-18,CRM
CRM260618C00185000,185.0,50.95,37.45,39.25,1.0,37.0,0.4861806753540039,True,CALL,2026-06-18,CRM
CRM260618C00190000,190.0,35.81,34.3,36.8,3.0,238.0,0.49774672180175783,True,CALL,2026-06-18,CRM
CRM260618C00195000,195.0,31.49,31.15,32.3,1.0,48.0,0.4622246160888672,True,CALL,2026-06-18,CRM
CRM260618C00200000,200.0,29.0,28.4,30.35,39.0,318.0,0.4770560107421875,True,CALL,2026-06-18,CRM
CRM260618C00210000,210.0,23.6,23.0,24.25,156.0,150.0,0.4523370196533204,True,CALL,2026-06-18,CRM
CRM260618C00220000,220.0,18.89,18.45,19.95,139.0,1899.0,0.4505365005493164,False,CALL,2026-06-18,CRM
CRM260618C00230000,230.0,15.0,14.65,15.25,262.0,1392.0,0.42896078857421877,False,CALL,2026-06-18,CRM
CRM260618C00240000,240.0,11.75,11.5,11.95,196.0,5846.0,0.42249112670898437,False,CALL,2026-06-18,CRM
CRM260618C00250000,250.0,9.56,8.95,9.9,128.0,2351.0,0.43100544586181644,False,CALL,2026-06-18,CRM
CRM260618C00260000,260.0,7.08,6.9,7.25,1121.0,1728.0,0.41620456848144527,False,CALL,2026-06-18,CRM
CRM260618C00270000,270.0,5.5,5.35,5.65,94.0,1854.0,0.41571629211425776,False,CALL,2026-06-18,CRM
CRM260618P00150000,150.0,2.56,2.44,2.69,13.0,451.0,0.45300839965820316,False,PUT,2026-06-18,CRM
CRM260618P00155000,155.0,1.64,2.9,3.3,14.0,122.0,0.446294599609375,False,PUT,2026-06-18,CRM
CRM260618P00160000,160.0,3.75,3.4,4.2,9.0,830.0,0.44659977233886716,False,PUT,2026-06-18,CRM
CRM260618P00165000,165.0,4.52,4.4,4.75,4.0,787.0,0.43018147949218755,False,PUT,2026-06-18,CRM
CRM260618P00170000,170.0,5.5,5.45,5.75,8.0,1369.0,0.4256038885498047,False,PUT,2026-06-18,CRM
CRM260618P00175000,175.0,6.55,6.05,6.85,48.0,1225.0,0.4198056066894531,False,PUT,2026-06-18,CRM
CRM260618P00180000,180.0,7.7,7.4,8.25,68.0,877.0,0.4179135357666015,False,PUT,2026-06-18,CRM
CRM260618P00185000,185.0,9.23,8.75,9.5,6.0,998.0,0.40833111206054684,False,PUT,2026-06-18,CRM
CRM260618P00190000,190.0,10.8,10.9,11.1,1197.0,493.0,0.40332627929687503,False,PUT,2026-06-18,CRM
CRM260618P00195000,195.0,12.65,12.3,12.85,205.0,815.0,0.3978331701660156,False,PUT,2026-06-18,CRM
CRM260618P00200000,200.0,14.6,14.45,14.85,174.0,3020.0,0.39380489013671877,False,PUT,2026-06-18,CRM
CRM260618P00210000,210.0,18.8,18.65,19.5,60.0,2307.0,0.38730471099853514,False,PUT,2026-06-18,CRM
CRM260618P00220000,220.0,23.6,23.85,25.0,21.0,3483.0,0.38245246459960935,True,PUT,2026-06-18,CRM
CRM260618P00230000,230.0,30.49,30.15,30.8,42.0,7037.0,0.36902486450195315,True,PUT,2026-06-18,CRM
CRM260618P00240000,240.0,36.99,36.75,38.05,12.0,2052.0,0.3706422799682617,True,PUT,2026-06-18,CRM
CRM260618P00250000,250.0,43.81,43.05,45.45,8.0,1670.0,0.36261623718261715,True,PUT,2026-06-18,CRM
CRM260618P00260000,260.0,53.01,52.6,54.0,15.0,1500.0,0.3698793481445312,True,PUT,2026-06-18,CRM
CRM260618P00270000,270.0,60.54,59.6,61.9,13.0,858.0,0.3469913934326171,True,PUT,2026-06-18,CRM
CRM260821C00150000,150.0,99.61,67.2,69.8,2.0,19.0,0.5192919165039063,True,CALL,2026-08-21,CRM
CRM260821C00155000,155.0,89.5,63.2,65.7,5.0,108.0,0.5102588037109376,True,CALL,2026-08-21,CRM
CRM260821C00160000,160.0,76.55,58.95,61.6,1.0,137.0,0.5280198565673828,True,CALL,2026-08-21,CRM
CRM260821C00165000,165.0,63.4,55.1,57.65,3.0,67.0,0.5156908782958984,True,CALL,2026-08-21,CRM
CRM260821C00170000,170.0,51.5,51.0,53.75,2.0,52.0,0.5028736236572267,True,CALL,2026-08-21,CRM
CRM260821C00175000,175.0,57.49,47.5,50.15,1.0,117.0,0.49454240814208983,True,CALL,2026-08-21,CRM
CRM260821C00180000,180.0,87.95,44.05,46.6,2.0,107.0,0.48517360534667964,True,CALL,2026-08-21,CRM
CRM260821C00185000,185.0,57.53,40.8,42.3,1.0,70.0,0.4600884069824219,True,CALL,2026-08-21,CRM
CRM260821C00190000,190.0,52.4,37.7,40.1,1.0,23.0,0.4715934188842773,True,CALL,2026-08-21,CRM
CRM260821C00195000,195.0,35.35,34.25,36.95,2.0,46.0,0.46344530700683595,True,CALL,2026-08-21,CRM
CRM260821C00200000,200.0,32.0,31.75,34.1,10.0,252.0,0.45831840515136724,True,CALL,2026-08-21,CRM
CRM260821C00210000,210.0,27.1,26.75,27.35,55.0,105.0,0.4249019912719727,True,CALL,2026-08-21,CRM
CRM260821C00220000,220.0,22.4,22.1,22.75,54.0,62.0,0.41794405303955073,False,CALL,2026-08-21,CRM
CRM260821C00230000,230.0,17.6,17.9,19.15,20.0,336.0,0.4181271566772461,False,CALL,2026-08-21,CRM
CRM260821C00240000,240.0,15.65,14.95,16.25,9.0,173.0,0.4214840567016602,False,CALL,2026-08-21,CRM
CRM260821C00250000,250.0,13.15,12.1,13.65,16.0,472.0,0.4225216439819336,False,CALL,2026-08-21,CRM
CRM260821C00260000,260.0,10.25,9.85,10.45,34.0,337.0,0.4056761093139648,False,CALL,2026-08-21,CRM
CRM260821C00270000,270.0,8.4,7.9,9.15,14.0,692.0,0.41644870666503897,False,CALL,2026-08-21,CRM
CRM260821P00150000,150.0,2.43,3.45,3.9,5.0,61.0,0.4202938830566406,False,PUT,2026-08-21,CRM
CRM260821P00155000,155.0,3.25,4.15,4.75,5.0,65.0,0.4173031903076171,False,PUT,2026-08-21,CRM
CRM260821P00160000,160.0,5.2,5.05,5.5,14.0,43.0,0.40811749114990237,False,PUT,2026-08-21,CRM
CRM260821P00165000,165.0,4.0,5.95,6.45,1.0,68.0,0.40180041564941404,False,PUT,2026-08-21,CRM
CRM260821P00170000,170.0,7.3,6.9,7.55,11.0,114.0,0.3963683410644532,False,PUT,2026-08-21,CRM
CRM260821P00175000,175.0,8.5,8.05,8.75,6.0,127.0,0.3903259210205078,False,PUT,2026-08-21,CRM
CRM260821P00180000,180.0,9.68,9.7,10.2,47.0,99.0,0.3866638482666015,False,PUT,2026-08-21,CRM
CRM260821P00185000,185.0,7.34,11.15,11.85,1.0,38.0,0.3839478109741211,False,PUT,2026-08-21,CRM
CRM260821P00190000,190.0,13.21,12.95,13.4,18.0,117.0,0.37650159637451175,False,PUT,2026-08-21,CRM
CRM260821P00195000,195.0,14.9,14.8,15.55,25.0,331.0,0.37698987274169915,False,PUT,2026-08-21,CRM
CRM260821P00200000,200.0,16.85,16.0,17.35,10.0,591.0,0.36856710540771487,False,PUT,2026-08-21,CRM
CRM260821P00210000,210.0,21.35,21.5,22.0,29.0,714.0,0.3612734771728515,False,PUT,2026-08-21,CRM
CRM260821P00220000,220.0,26.9,25.8,27.5,15.0,516.0,0.35681795532226557,True,PUT,2026-08-21,CRM
CRM260821P00230000,230.0,33.02,32.15,34.0,3.0,375.0,0.3579470944213867,True,PUT,2026-08-21,CRM
CRM260821P00240000,240.0,39.75,39.3,40.15,110.0,564.0,0.3434208724975586,True,PUT,2026-08-21,CRM
CRM260821P00250000,250.0,35.11,46.35,48.15,1.0,986.0,0.35095863891601553,True,PUT,2026-08-21,CRM
CRM260821P00260000,260.0,55.28,53.7,55.55,2.0,90.0,0.33896535064697264,True,PUT,2026-08-21,CRM
CRM260821P00270000,270.0,63.58,62.05,63.9,2.0,39.0,0.33667655517578127,True,PUT,2026-08-21,CRM
CRM260918C00150000,150.0,69.58,68.35,71.05,9.0,48.0,0.5181627774047851,True,CALL,2026-09-18,CRM
CRM260918C00155000,155.0,77.5,64.55,66.95,5.0,8.0,0.509892596435547,True,CALL,2026-09-18,CRM
CRM260918C00160000,160.0,74.95,60.35,63.0,5.0,112.0,0.5260362338256835,True,CALL,2026-09-18,CRM
CRM260918C00165000,165.0,78.89,56.7,57.9,1.0,14.0,0.48895774719238294,True,CALL,2026-09-18,CRM
CRM260918C00170000,170.0,53.8,53.0,55.05,5.0,32.0,0.497349997253418,True,CALL,2026-09-18,CRM
CRM260918C00175000,175.0,51.5,49.05,51.55,1.0,15.0,0.49014792083740244,True,CALL,2026-09-18,CRM
CRM260918C00180000,180.0,61.65,45.8,48.5,2.0,27.0,0.4891408508300782,True,CALL,2026-09-18,CRM
CRM260918C00185000,185.0,55.5,42.5,44.6,1.0,31.0,0.4712577288818359,True,CALL,2026-09-18,CRM
CRM260918C00190000,190.0,39.6,39.3,42.1,7.0,31.0,0.47556066436767575,True,CALL,2026-09-18,CRM
CRM260918C00195000,195.0,35.8,36.6,38.1,1.0,34.0,0.45322202056884764,True,CALL,2026-09-18,CRM
CRM260918C00200000,200.0,35.12,34.25,36.35,14.0,88.0,0.46521530883789064,True,CALL,2026-09-18,CRM
CRM260918C00210000,210.0,29.47,28.65,29.9,10.0,92.0,0.4370478659057617,True,CALL,2026-09-18,CRM
CRM260918C00220000,220.0,24.87,24.4,25.25,26.0,147.0,0.42914389221191407,False,CALL,2026-09-18,CRM
CRM260918C00230000,230.0,21.5,20.3,22.05,33.0,595.0,0.43539993316650394,False,CALL,2026-09-18,CRM
CRM260918C00240000,240.0,17.61,17.15,18.6,15.0,633.0,0.4310664804077149,False,CALL,2026-09-18,CRM
CRM260918C00250000,250.0,15.03,14.25,15.2,30.0,635.0,0.42078215942382813,False,CALL,2026-09-18,CRM
CRM260918C00260000,260.0,12.15,11.9,12.35,398.0,359.0,0.41238990936279296,False,CALL,2026-09-18,CRM
CRM260918C00270000,270.0,9.4,9.8,10.95,17.0,720.0,0.42246060943603514,False,CALL,2026-09-18,CRM
CRM260918P00150000,150.0,4.5,4.15,4.85,18.0,141.0,0.4237118176269531,False,PUT,2026-09-18,CRM
CRM260918P00155000,155.0,3.7,4.95,5.6,10.0,166.0,0.4151669812011719,False,PUT,2026-09-18,CRM
CRM260918P00160000,160.0,6.33,5.9,6.5,14.0,52.0,0.4083005947875976,False,PUT,2026-09-18,CRM
CRM260918P00165000,165.0,7.69,6.95,7.55,2.0,82.0,0.40259386474609377,False,PUT,2026-09-18,CRM
CRM260918P00170000,170.0,8.86,7.9,8.85,1.0,419.0,0.3997557583618164,False,PUT,2026-09-18,CRM
CRM260918P00175000,175.0,9.8,9.1,10.2,10.0,95.0,0.39514765014648445,False,PUT,2026-09-18,CRM
CRM260918P00180000,180.0,11.06,10.55,11.55,24.0,1013.0,0.3880676428222656,False,PUT,2026-09-18,CRM
CRM260918P00185000,185.0,13.13,12.65,13.1,21.0,697.0,0.38233039550781245,False,PUT,2026-09-18,CRM
CRM260918P00190000,190.0,14.65,13.95,15.0,630.0,1145.0,0.3802247036743164,False,PUT,2026-09-18,CRM
CRM260918P00195000,195.0,16.5,15.75,17.05,204.0,528.0,0.3779664254760742,False,PUT,2026-09-18,CRM
CRM260918P00200000,200.0,18.77,18.85,19.1,17.0,1392.0,0.3732362481689453,False,PUT,2026-09-18,CRM
CRM260918P00210000,210.0,24.13,22.3,24.0,6.0,1517.0,0.3689638299560547,False,PUT,2026-09-18,CRM
CRM260918P00220000,220.0,28.25,28.35,29.45,37.0,862.0,0.363638565826416,True,PUT,2026-09-18,CRM
CRM260918P00230000,230.0,34.25,33.1,35.65,15.0,1022.0,0.3606020971679687,True,PUT,2026-09-18,CRM
CRM260918P00240000,240.0,30.88,39.6,42.05,2.0,1196.0,0.351996226196289,True,PUT,2026-09-18,CRM
CRM260918P00250000,250.0,48.55,47.9,49.4,33.0,855.0,0.3500736380004882,True,PUT,2026-09-18,CRM
CRM260918P00260000,260.0,43.2,54.3,56.65,11.0,329.0,0.3382634533691406,True,PUT,2026-09-18,CRM
CRM260918P00270000,270.0,63.69,62.7,65.0,3.0,105.0,0.3384465570068359,True,PUT,2026-09-18,CRM
CRM261218C00150000,150.0,71.1,70.95,74.35,1.0,35.0,0.5004322418212892,True,CALL,2026-12-18,CRM
CRM261218C00155000,155.0,95.65,67.1,70.4,2.0,9.0,0.5214586428833007,True,CALL,2026-12-18,CRM
CRM261218C00160000,160.0,78.9,63.3,66.7,3.0,28.0,0.5125170819091796,True,CALL,2026-12-18,CRM
CRM261218C00165000,165.0,101.75,60.65,63.0,3.0,27.0,0.5023853472900393,True,CALL,2026-12-18,CRM
CRM261218C00170000,170.0,64.92,55.95,59.6,1.0,19.0,0.49600723724365237,True,CALL,2026-12-18,CRM
CRM261218C00175000,175.0,53.5,53.35,56.15,1.0,69.0,0.4874929180908204,True,CALL,2026-12-18,CRM
CRM261218C00180000,180.0,49.5,50.2,52.85,1.0,100.0,0.4800467034912109,True,CALL,2026-12-18,CRM
CRM261218C00185000,185.0,60.85,47.1,49.8,1.0,48.0,0.47495031890869144,True,CALL,2026-12-18,CRM
CRM261218C00190000,190.0,59.03,44.55,46.75,1.0,57.0,0.4684806570434571,True,CALL,2026-12-18,CRM
CRM261218C00195000,195.0,41.44,41.5,44.1,1.0,24.0,0.46619186157226566,True,CALL,2026-12-18,CRM
CRM261218C00200000,200.0,39.02,37.85,41.3,11.0,602.0,0.46045461425781253,True,CALL,2026-12-18,CRM
CRM261218C00210000,210.0,34.27,33.7,34.8,79.0,110.0,0.4335994140625,True,CALL,2026-12-18,CRM
CRM261218C00220000,220.0,29.62,28.9,29.75,53.0,251.0,0.4207211248779297,False,CALL,2026-12-18,CRM
CRM261218C00230000,230.0,25.7,24.8,25.85,14.0,333.0,0.4170895693969726,False,CALL,2026-12-18,CRM
CRM261218C00240000,240.0,22.01,22.1,22.85,30.0,1022.0,0.4197140548706054,False,CALL,2026-12-18,CRM
CRM261218C00250000,250.0,19.19,19.0,20.1,55.0,2950.0,0.42090422851562503,False,CALL,2026-12-18,CRM
CRM261218C00260000,260.0,16.7,16.1,17.05,24.0,777.0,0.4137479280090332,False,CALL,2026-12-18,CRM
CRM261218C00270000,270.0,13.92,13.75,14.6,7.0,484.0,0.4101926657104492,False,CALL,2026-12-18,CRM
CRM261218P00150000,150.0,6.51,6.35,6.9,23.0,507.0,0.40820904296875,False,PUT,2026-12-18,CRM
CRM261218P00155000,155.0,7.7,7.5,7.9,4.0,1454.0,0.40241076110839846,False,PUT,2026-12-18,CRM
CRM261218P00160000,160.0,8.7,8.55,8.9,10.0,821.0,0.3947814428710938,False,PUT,2026-12-18,CRM
CRM261218P00165000,165.0,9.95,9.45,10.1,3.0,154.0,0.38922729919433596,False,PUT,2026-12-18,CRM
CRM261218P00170000,170.0,10.77,10.3,11.7,265.0,111.0,0.38873902282714845,False,PUT,2026-12-18,CRM
CRM261218P00175000,175.0,9.82,11.3,13.0,2.0,144.0,0.3811097045898437,False,PUT,2026-12-18,CRM
CRM261218P00180000,180.0,14.2,13.75,14.6,57.0,513.0,0.3765626309204102,False,PUT,2026-12-18,CRM
CRM261218P00185000,185.0,15.72,15.8,16.35,9.0,400.0,0.3724122817993164,False,PUT,2026-12-18,CRM
CRM261218P00190000,190.0,18.0,17.95,18.25,755.0,342.0,0.3686128813171387,False,PUT,2026-12-18,CRM
CRM261218P00195000,195.0,20.0,18.55,20.35,17.0,243.0,0.3657595162963867,False,PUT,2026-12-18,CRM
CRM261218P00200000,200.0,21.9,21.8,22.4,26.0,1744.0,0.36044951080322263,False,PUT,2026-12-18,CRM
CRM261218P00210000,210.0,26.95,25.95,27.25,42.0,640.0,0.3544986425781249,False,PUT,2026-12-18,CRM
CRM261218P00220000,220.0,33.05,30.65,32.75,12.0,1097.0,0.34996682754516595,True,PUT,2026-12-18,CRM
CRM261218P00230000,230.0,36.96,36.5,39.15,1.0,1234.0,0.3501957070922851,True,PUT,2026-12-18,CRM
CRM261218P00240000,240.0,44.3,42.95,45.2,1.0,2207.0,0.3397282824707031,True,PUT,2026-12-18,CRM
CRM261218P00250000,250.0,40.6,49.7,52.8,1.0,1117.0,0.3434208724975586,True,PUT,2026-12-18,CRM
CRM261218P00260000,260.0,58.25,57.4,59.9,3.0,241.0,0.33484551879882807,True,PUT,2026-12-18,CRM
CRM261218P00270000,270.0,66.98,65.05,68.0,8.0,284.0,0.3350286224365234,True,PUT,2026-12-18,CRM
CRM270115C00150000,150.0,72.92,71.85,73.9,17.0,188.0,0.5038196591186525,True,CALL,2027-01-15,CRM
CRM270115C00155000,155.0,69.0,67.85,71.1,1.0,479.0,0.5126391510009765,True,CALL,2027-01-15,CRM
CRM270115C00160000,160.0,66.83,64.4,66.7,4.0,147.0,0.49170430175781255,True,CALL,2027-01-15,CRM
CRM270115C00165000,165.0,108.0,60.5,63.9,1.0,95.0,0.4964344790649414,True,CALL,2027-01-15,CRM
CRM270115C00170000,170.0,59.76,57.15,60.4,5.0,121.0,0.4881948153686524,True,CALL,2027-01-15,CRM
CRM270115C00175000,175.0,55.23,54.1,57.0,1.0,94.0,0.4802908416748046,True,CALL,2027-01-15,CRM
CRM270115C00180000,180.0,51.25,51.6,53.85,4.0,113.0,0.47482824981689453,True,CALL,2027-01-15,CRM
CRM270115C00185000,185.0,62.55,48.3,50.7,1.0,81.0,0.4681144497680664,True,CALL,2027-01-15,CRM
CRM270115C00190000,190.0,46.85,45.2,47.75,3.0,46.0,0.46289599609375004,True,CALL,2027-01-15,CRM
CRM270115C00195000,195.0,45.77,42.5,44.85,1.0,121.0,0.4570977142333985,True,CALL,2027-01-15,CRM
CRM270115C00200000,200.0,40.1,40.05,41.0,78.0,308.0,0.43791760818481446,True,CALL,2027-01-15,CRM
CRM270115C00210000,210.0,36.0,35.0,36.45,112.0,169.0,0.4364375204467773,True,CALL,2027-01-15,CRM
CRM270115C00220000,220.0,31.2,30.35,31.4,102.0,289.0,0.42365078308105464,False,CALL,2027-01-15,CRM
CRM270115C00230000,230.0,26.79,26.45,27.25,130.0,450.0,0.4170590521240234,False,CALL,2027-01-15,CRM
CRM270115C00240000,240.0,23.7,22.85,24.9,46.0,953.0,0.42757225265502935,False,CALL,2027-01-15,CRM
CRM270115C00250000,250.0,20.19,20.0,21.5,126.0,2790.0,0.421102590789795,False,CALL,2027-01-15,CRM
CRM270115C00260000,260.0,17.5,16.65,18.15,83.0,628.0,0.41094033889770504,False,CALL,2027-01-15,CRM
CRM270115C00270000,270.0,15.41,14.85,16.35,36.0,527.0,0.4166012930297851,False,CALL,2027-01-15,CRM
CRM270115P00150000,150.0,6.9,6.9,7.2,41.0,738.0,0.39813834289550787,False,PUT,2027-01-15,CRM
CRM270115P00155000,155.0,8.3,8.05,8.35,1.0,450.0,0.3950560983276368,False,PUT,2027-01-15,CRM
CRM270115P00160000,160.0,9.07,8.95,9.4,24.0,985.0,0.3880676428222656,False,PUT,2027-01-15,CRM
CRM270115P00165000,165.0,10.44,9.9,10.0,5.0,237.0,0.3717103845214844,False,PUT,2027-01-15,CRM
CRM270115P00170000,170.0,11.8,11.4,12.2,5.0,689.0,0.3811097045898437,False,PUT,2027-01-15,CRM
CRM270115P00175000,175.0,13.5,13.3,13.65,26.0,671.0,0.37567763000488286,False,PUT,2027-01-15,CRM
CRM270115P00180000,180.0,15.22,14.3,15.2,96.0,1665.0,0.37009296905517575,False,PUT,2027-01-15,CRM
CRM270115P00185000,185.0,16.27,15.9,17.0,40.0,1511.0,0.36646141357421874,False,PUT,2027-01-15,CRM
CRM270115P00190000,190.0,18.5,18.05,19.0,886.0,1559.0,0.36380641082763676,False,PUT,2027-01-15,CRM
CRM270115P00195000,195.0,20.07,19.9,21.1,24.0,208.0,0.3607546835327148,False,PUT,2027-01-15,CRM
CRM270115P00200000,200.0,22.81,22.4,23.35,48.0,1835.0,0.3579470944213867,False,PUT,2027-01-15,CRM
CRM270115P00210000,210.0,27.79,27.0,28.0,112.0,1597.0,0.349341223449707,False,PUT,2027-01-15,CRM
CRM270115P00220000,220.0,32.67,31.75,33.7,78.0,1762.0,0.34726604888916013,True,PUT,2027-01-15,CRM
CRM270115P00230000,230.0,38.6,37.3,39.95,3.0,1443.0,0.34570966796874997,True,PUT,2027-01-15,CRM
CRM270115P00240000,240.0,44.7,43.5,45.9,24.0,1026.0,0.3346318978881836,True,PUT,2027-01-15,CRM
CRM270115P00250000,250.0,52.5,50.45,52.5,25.0,2840.0,0.325629302368164,True,PUT,2027-01-15,CRM
CRM270115P00260000,260.0,59.6,58.25,60.4,5.0,981.0,0.32807068420410157,True,PUT,2027-01-15,CRM
CRM270115P00270000,270.0,67.15,65.25,67.85,5.0,1108.0,0.31928170959472646,True,PUT,2027-01-15,CRM
CRM270617C00150000,150.0,77.0,75.5,80.0,1.0,68.0,0.5129138064575195,True,CALL,2027-06-17,CRM
CRM270617C00155000,155.0,106.5,0.0,117.0,1.0,14.0,1.0743759660339358,True,CALL,2027-06-17,CRM
CRM270617C00160000,160.0,69.4,69.0,73.0,8.0,14.0,0.49725844543457043,True,CALL,2027-06-17,CRM
CRM270617C00165000,165.0,81.0,67.0,70.0,1.0,32.0,0.49481706359863287,True,CALL,2027-06-17,CRM
CRM270617C00170000,170.0,73.6,62.5,65.75,10.0,13.0,0.4754996298217773,True,CALL,2027-06-17,CRM
CRM270617C00175000,175.0,86.0,60.5,63.5,1.0,6.0,0.4805960144042969,True,CALL,2027-06-17,CRM
CRM270617C00180000,180.0,71.8,57.5,60.5,4.0,30.0,0.4752860089111328,True,CALL,2027-06-17,CRM
CRM270617C00185000,185.0,56.0,54.55,57.35,4.0,27.0,0.4674125524902344,True,CALL,2027-06-17,CRM
CRM270617C00190000,190.0,51.1,52.3,54.9,2.0,34.0,0.4667106552124024,True,CALL,2027-06-17,CRM
CRM270617C00195000,195.0,48.55,49.4,52.5,4.0,45.0,0.4655204815673829,True,CALL,2027-06-17,CRM
CRM270617C00200000,200.0,48.0,46.5,48.25,8.0,141.0,0.4434107173156738,True,CALL,2027-06-17,CRM
CRM270617C00210000,210.0,42.91,41.9,44.25,12.0,20.0,0.44551640914916996,True,CALL,2027-06-17,CRM
CRM270617C00220000,220.0,37.45,37.7,40.5,26.0,52.0,0.44647770324707037,False,CALL,2027-06-17,CRM
CRM270617C00230000,230.0,34.7,34.15,35.05,11.0,282.0,0.426885614013672,False,CALL,2027-06-17,CRM
CRM270617C00240000,240.0,31.05,30.55,31.15,13.0,217.0,0.4200497448730469,False,CALL,2027-06-17,CRM
CRM270617C00250000,250.0,27.73,27.25,28.3,9.0,251.0,0.4208431939697266,False,CALL,2027-06-17,CRM
CRM270617C00260000,260.0,25.7,24.0,25.65,15.0,241.0,0.42090422851562503,False,CALL,2027-06-17,CRM
CRM270617C00270000,270.0,29.85,21.95,24.3,1.0,134.0,0.43185992950439456,False,CALL,2027-06-17,CRM
CRM270617P00150000,150.0,10.0,8.65,10.65,2.0,25.0,0.3909973010253906,False,PUT,2027-06-17,CRM
CRM270617P00155000,155.0,7.0,9.8,11.9,2.0,85.0,0.38602298553466785,False,PUT,2027-06-17,CRM
CRM270617P00160000,160.0,12.65,12.15,13.4,223.0,67.0,0.3833679827880859,False,PUT,2027-06-17,CRM
CRM270617P00165000,165.0,13.25,13.15,14.7,1.0,39.0,0.376532113647461,False,PUT,2027-06-17,CRM
CRM270617P00170000,170.0,11.23,14.3,16.2,1.0,254.0,0.3713136599731446,False,PUT,2027-06-17,CRM
CRM270617P00175000,175.0,13.7,16.8,17.85,5.0,281.0,0.3667971035766602,False,PUT,2027-06-17,CRM
CRM270617P00180000,180.0,20.0,18.8,19.75,2.0,249.0,0.3641115835571289,False,PUT,2027-06-17,CRM
CRM270617P00185000,185.0,21.2,20.75,21.65,4.0,40.0,0.36014433807373036,False,PUT,2027-06-17,CRM
CRM270617P00190000,190.0,24.06,21.6,23.75,12.0,591.0,0.3572451971435546,False,PUT,2027-06-17,CRM
CRM270617P00195000,195.0,25.35,25.0,25.8,1.0,96.0,0.35262183029174804,False,PUT,2027-06-17,CRM
CRM270617P00200000,200.0,27.6,27.45,28.45,12.0,517.0,0.3533084689331054,False,PUT,2027-06-17,CRM
CRM270617P00210000,210.0,31.78,31.15,33.05,9.0,590.0,0.3436955279541015,False,PUT,2027-06-17,CRM
CRM270617P00220000,220.0,38.08,36.75,38.65,5.0,299.0,0.34003345520019534,True,PUT,2027-06-17,CRM
CRM270617P00230000,230.0,43.35,42.3,45.45,1.0,571.0,0.34418380432128903,True,PUT,2027-06-17,CRM
CRM270617P00240000,240.0,49.63,48.5,51.5,4.0,1110.0,0.33673758972167966,True,PUT,2027-06-17,CRM
CRM270617P00250000,250.0,56.03,55.05,58.65,10.0,242.0,0.3366918138122559,True,PUT,2027-06-17,CRM
CRM270617P00260000,260.0,60.0,61.5,65.0,1.0,443.0,0.3245459391784667,True,PUT,2027-06-17,CRM
CRM270617P00270000,270.0,64.03,69.0,72.5,10.0,98.0,0.3208686077880859,True,PUT,2027-06-17,CRM
CRM270917C00185000,185.0,88.85,0.0,97.5,,1.0,0.8714612463378906,True,CALL,2027-09-17,CRM
CRM270917C00190000,190.0,93.88,55.4,58.5,1.0,1.0,0.46654281021118166,True,CALL,2027-09-17,CRM
CRM270917C00200000,200.0,50.0,50.65,53.45,1.0,42.0,0.4595696133422852,True,CALL,2027-09-17,CRM
CRM270917C00210000,210.0,45.47,45.5,49.0,2.0,2.0,0.4556481437683106,True,CALL,2027-09-17,CRM
CRM270917C00220000,220.0,41.0,41.0,44.5,1.0,2.0,0.4484765846252441,False,CALL,2027-09-17,CRM
CRM270917C00230000,230.0,38.0,37.15,39.1,2.0,7.0,0.4303645831298829,False,CALL,2027-09-17,CRM
CRM270917C00240000,240.0,44.93,34.0,35.5,1.0,9.0,0.4266567344665528,False,CALL,2027-09-17,CRM
CRM270917C00250000,250.0,41.1,29.95,32.15,1.0,5.0,0.42281155807495113,False,CALL,2027-09-17,CRM
CRM270917C00260000,260.0,38.56,27.75,30.5,1.0,10.0,0.43247027496337886,False,CALL,2027-09-17,CRM
CRM270917C00270000,270.0,29.0,24.9,28.5,3.0,4.0,0.43686476226806636,False,CALL,2027-09-17,CRM
CRM270917P00150000,150.0,11.8,10.85,12.1,2.0,2.0,0.3809876354980468,False,PUT,2027-09-17,CRM
CRM270917P00155000,155.0,11.1,12.8,13.75,,2.0,0.38065194549560544,False,PUT,2027-09-17,CRM
CRM270917P00160000,160.0,11.0,13.15,15.55,1.0,6.0,0.3807129800415039,False,PUT,2027-09-17,CRM
CRM270917P00165000,165.0,13.31,15.2,17.05,,1.0,0.3755860781860352,False,PUT,2027-09-17,CRM
CRM270917P00170000,170.0,12.5,15.5,20.0,,1.0,0.38658755508422843,False,PUT,2027-09-17,CRM
CRM270917P00180000,180.0,21.68,19.8,22.05,1.0,2.0,0.3602053726196288,False,PUT,2027-09-17,CRM
CRM270917P00185000,185.0,23.48,21.6,24.4,1.0,4.0,0.36048002807617185,False,PUT,2027-09-17,CRM
CRM270917P00195000,195.0,20.0,25.75,28.25,,107.0,0.34897501617431637,False,PUT,2027-09-17,CRM
CRM270917P00200000,200.0,25.4,29.1,30.5,1.0,16.0,0.34512983978271483,False,PUT,2027-09-17,CRM
CRM270917P00220000,220.0,34.9,38.1,41.25,2.0,5.0,0.3370275038146973,True,PUT,2027-09-17,CRM
CRM270917P00230000,230.0,38.29,45.25,48.0,1.0,5.0,0.3402470761108398,True,PUT,2027-09-17,CRM
CRM270917P00240000,240.0,43.48,51.25,54.0,,2.0,0.3330602583312989,True,PUT,2027-09-17,CRM
CRM270917P00250000,250.0,49.05,57.4,59.85,2.0,8.0,0.3210822286987304,True,PUT,2027-09-17,CRM
CRM270917P00260000,260.0,66.18,64.75,67.5,4.0,16.0,0.32295904098510736,True,PUT,2027-09-17,CRM
CRM270917P00270000,270.0,46.55,71.0,74.5,2.0,2.0,0.3155280850219726,True,PUT,2027-09-17,CRM
CRM271217C00150000,150.0,83.0,82.7,85.3,2.0,145.0,0.5053150054931641,True,CALL,2027-12-17,CRM
CRM271217C00155000,155.0,92.5,79.4,82.0,1.0,12.0,0.4987537918090821,True,CALL,2027-12-17,CRM
CRM271217C00160000,160.0,77.99,75.0,79.0,1.0,7.0,0.49503068450927734,True,CALL,2027-12-17,CRM
CRM271217C00165000,165.0,118.05,72.3,76.0,3.0,14.0,0.49052938674926766,True,CALL,2027-12-17,CRM
CRM271217C00170000,170.0,92.16,0.0,111.0,7.0,19.0,0.9089974920654296,True,CALL,2027-12-17,CRM
CRM271217C00175000,175.0,75.17,67.0,69.35,1.0,13.0,0.4727530752563477,True,CALL,2027-12-17,CRM
CRM271217C00180000,180.0,76.5,64.5,67.5,2.0,35.0,0.478246184387207,True,CALL,2027-12-17,CRM
CRM271217C00185000,185.0,70.5,61.8,64.5,2.0,19.0,0.4712119529724121,True,CALL,2027-12-17,CRM
CRM271217C00190000,190.0,60.0,59.0,62.0,2.0,57.0,0.46854169158935544,True,CALL,2027-12-17,CRM
CRM271217C00195000,195.0,56.3,56.5,58.5,1.0,149.0,0.4556634024047852,True,CALL,2027-12-17,CRM
CRM271217C00200000,200.0,55.43,53.65,55.8,6.0,222.0,0.45001770690917964,True,CALL,2027-12-17,CRM
CRM271217C00210000,210.0,50.99,49.45,52.5,6.0,48.0,0.45618219604492194,True,CALL,2027-12-17,CRM
CRM271217C00220000,220.0,46.0,45.1,48.4,4.0,49.0,0.452352278289795,False,CALL,2027-12-17,CRM
CRM271217C00230000,230.0,42.1,41.3,42.55,5.0,111.0,0.4309596699523926,False,CALL,2027-12-17,CRM
CRM271217C00240000,240.0,38.33,38.05,38.95,4.0,312.0,0.4272823385620118,False,CALL,2027-12-17,CRM
CRM271217C00250000,250.0,35.77,34.75,35.6,22.0,493.0,0.42365078308105464,False,CALL,2027-12-17,CRM
CRM271217C00260000,260.0,31.97,31.75,33.0,5.0,261.0,0.42450526672363287,False,CALL,2027-12-17,CRM
CRM271217C00270000,270.0,29.75,28.65,30.4,3.0,270.0,0.42351345535278323,False,CALL,2027-12-17,CRM
CRM271217P00150000,150.0,11.15,11.9,14.0,2.0,113.0,0.3802552209472656,False,PUT,2027-12-17,CRM
CRM271217P00155000,155.0,12.45,14.3,15.4,1.0,15.0,0.3754029745483398,False,PUT,2027-12-17,CRM
CRM271217P00160000,160.0,11.1,15.65,17.15,6.0,32.0,0.3738160763549804,False,PUT,2027-12-17,CRM
CRM271217P00165000,165.0,12.2,17.3,18.8,3.0,27.0,0.3699098654174804,False,PUT,2027-12-17,CRM
CRM271217P00170000,170.0,11.58,18.8,20.5,1.0,74.0,0.3656069299316406,False,PUT,2027-12-17,CRM
CRM271217P00175000,175.0,21.7,21.2,22.0,4.0,43.0,0.35831330169677733,False,PUT,2027-12-17,CRM
CRM271217P00180000,180.0,23.24,22.6,23.9,22.0,134.0,0.35442234939575185,False,PUT,2027-12-17,CRM
CRM271217P00185000,185.0,20.9,23.65,25.95,51.0,187.0,0.3511417425537109,False,PUT,2027-12-17,CRM
CRM271217P00190000,190.0,22.45,25.9,28.1,12.0,621.0,0.3479374288940429,False,PUT,2027-12-17,CRM
CRM271217P00195000,195.0,17.57,28.5,30.65,1.0,222.0,0.3476169975280761,False,PUT,2027-12-17,CRM
CRM271217P00200000,200.0,32.0,31.25,32.85,4.0,867.0,0.3431004411315917,False,PUT,2027-12-17,CRM
CRM271217P00210000,210.0,38.4,35.2,38.0,11.0,147.0,0.3384465570068359,False,PUT,2027-12-17,CRM
CRM271217P00220000,220.0,35.92,41.5,43.25,1.0,341.0,0.331412325592041,True,PUT,2027-12-17,CRM
CRM271217P00230000,230.0,40.48,46.5,50.0,1.0,202.0,0.334265690612793,True,PUT,2027-12-17,CRM
CRM271217P00240000,240.0,40.0,52.5,55.2,9.0,476.0,0.32068550415039054,True,PUT,2027-12-17,CRM
CRM271217P00250000,250.0,62.5,59.45,62.5,1.0,342.0,0.3224097300720214,True,PUT,2027-12-17,CRM
CRM271217P00260000,260.0,67.86,65.5,69.5,4.0,361.0,0.3188239505004882,True,PUT,2027-12-17,CRM
CRM271217P00270000,270.0,48.58,73.05,75.75,2.0,419.0,0.30560997131347656,True,PUT,2027-12-17,CRM
CRM280121C00150000,150.0,84.75,83.1,85.75,9.0,39.0,0.498326549987793,True,CALL,2028-01-21,CRM
CRM280121C00155000,155.0,96.0,79.5,83.0,1.0,21.0,0.4980824118041992,True,CALL,2028-01-21,CRM
CRM280121C00160000,160.0,79.0,77.15,79.0,12.0,42.0,0.4828848098754883,True,CALL,2028-01-21,CRM
CRM280121C00165000,165.0,75.2,74.2,76.9,6.0,33.0,0.4882253326416016,True,CALL,2028-01-21,CRM
CRM280121C00170000,170.0,72.0,71.4,73.9,10.0,29.0,0.4828848098754883,True,CALL,2028-01-21,CRM
CRM280121C00175000,175.0,69.25,68.15,71.0,9.0,33.0,0.4779715289306641,True,CALL,2028-01-21,CRM
CRM280121C00180000,180.0,67.2,65.45,68.35,30.0,25.0,0.474965577545166,True,CALL,2028-01-21,CRM
CRM280121C00185000,185.0,64.2,62.2,65.5,20.0,72.0,0.46936565795898444,True,CALL,2028-01-21,CRM
CRM280121C00190000,190.0,74.0,60.0,63.0,1.0,30.0,0.46654281021118166,True,CALL,2028-01-21,CRM
CRM280121C00195000,195.0,61.85,57.25,60.5,1.0,28.0,0.46310961700439457,True,CALL,2028-01-21,CRM
CRM280121C00200000,200.0,56.5,55.2,58.0,25.0,244.0,0.4590965956115723,True,CALL,2028-01-21,CRM
CRM280121C00210000,210.0,51.75,51.0,51.75,78.0,26.0,0.4383448500061035,True,CALL,2028-01-21,CRM
CRM280121C00220000,220.0,47.2,47.0,47.7,17.0,156.0,0.4351863122558594,False,CALL,2028-01-21,CRM
CRM280121C00230000,230.0,43.75,43.0,44.5,27.0,231.0,0.4370326072692871,False,CALL,2028-01-21,CRM
CRM280121C00240000,240.0,39.75,39.5,40.35,28.0,447.0,0.42864035720825194,False,CALL,2028-01-21,CRM
CRM280121C00250000,250.0,36.75,36.05,37.45,21.0,394.0,0.42885397811889653,False,CALL,2028-01-21,CRM
CRM280121C00260000,260.0,34.2,33.1,35.5,15.0,458.0,0.4351863122558594,False,CALL,2028-01-21,CRM
CRM280121C00270000,270.0,30.33,30.25,33.0,1.0,123.0,0.4351863122558594,False,CALL,2028-01-21,CRM
CRM280121P00150000,150.0,14.0,12.45,14.5,2.0,102.0,0.37735608001708976,False,PUT,2028-01-21,CRM
CRM280121P00155000,155.0,12.83,14.75,16.65,1.0,55.0,0.38138436004638665,False,PUT,2028-01-21,CRM
CRM280121P00160000,160.0,14.15,16.2,18.6,2.0,373.0,0.38139961868286126,False,PUT,2028-01-21,CRM
CRM280121P00165000,165.0,15.3,17.1,19.0,1.0,155.0,0.36307399627685544,False,PUT,2028-01-21,CRM
CRM280121P00170000,170.0,16.93,19.2,22.5,2.0,13.0,0.3778901322937011,False,PUT,2028-01-21,CRM
CRM280121P00175000,175.0,17.65,21.25,24.0,1.0,13.0,0.3700319345092773,False,PUT,2028-01-21,CRM
CRM280121P00180000,180.0,24.4,23.85,26.15,62.0,52.0,0.36806357040405274,False,PUT,2028-01-21,CRM
CRM280121P00185000,185.0,21.51,24.5,26.95,1.0,116.0,0.35217932983398437,False,PUT,2028-01-21,CRM
CRM280121P00190000,190.0,28.25,26.3,28.0,2.0,731.0,0.33847707427978513,False,PUT,2028-01-21,CRM
CRM280121P00195000,195.0,30.35,28.55,32.5,1.0,60.0,0.35605502349853513,False,PUT,2028-01-21,CRM
CRM280121P00200000,200.0,33.61,32.5,35.0,27.0,626.0,0.3540103662109374,False,PUT,2028-01-21,CRM
CRM280121P00210000,210.0,38.18,36.7,38.75,4.0,220.0,0.33667655517578127,False,PUT,2028-01-21,CRM
CRM280121P00220000,220.0,44.4,42.1,44.1,3.0,321.0,0.33052732467651363,True,PUT,2028-01-21,CRM
CRM280121P00230000,230.0,49.36,47.35,49.75,2.0,431.0,0.32398136962890617,True,PUT,2028-01-21,CRM
CRM280121P00240000,240.0,47.21,53.5,56.75,2.0,370.0,0.3259192164611816,True,PUT,2028-01-21,CRM
CRM280121P00250000,250.0,61.4,59.5,63.0,4.0,197.0,0.31877817459106433,True,PUT,2028-01-21,CRM
CRM280121P00260000,260.0,68.93,66.5,70.0,1.0,952.0,0.31537549865722647,True,PUT,2028-01-21,CRM
CRM280121P00270000,270.0,75.86,73.55,76.1,2.0,68.0,0.3012917771911621,True,PUT,2028-01-21,CRM
CRNX260220C00041000,41.0,13.0,9.1,13.3,1.0,1.0,0.7148466015625,True,CALL,2026-02-20,CRNX
CRNX260220C00043000,43.0,5.15,7.3,11.5,,1.0,0.684573466796875,True,CALL,2026-02-20,CRNX
CRNX260220C00044000,44.0,9.0,6.3,10.6,,4.0,0.641605146484375,True,CALL,2026-02-20,CRNX
CRNX260220C00045000,45.0,11.5,5.4,9.7,6.0,11.0,0.6127968408203126,True,CALL,2026-02-20,CRNX
CRNX260220C00047000,47.0,5.25,3.7,7.7,,3.0,0.5268602001953125,True,CALL,2026-02-20,CRNX
CRNX260220C00048000,48.0,5.8,3.0,6.9,3.0,10.0,0.5205126074218749,True,CALL,2026-02-20,CRNX
CRNX260220C00049000,49.0,3.6,2.6,5.3,8.0,9.0,0.7368190380859375,True,CALL,2026-02-20,CRNX
CRNX260220C00050000,50.0,4.42,2.05,4.7,3.0,58.0,0.729494892578125,True,CALL,2026-02-20,CRNX
CRNX260220C00055000,55.0,1.15,0.05,2.9,1.0,161.0,0.5195360546875,False,CALL,2026-02-20,CRNX
CRNX260220C00060000,60.0,1.43,0.0,2.65,40.0,140.0,0.7539087109375,False,CALL,2026-02-20,CRNX
CRNX260220C00065000,65.0,1.35,0.0,1.35,1.0,9.0,0.773439765625,False,CALL,2026-02-20,CRNX
CRNX260220P00039000,39.0,2.5,0.0,2.35,1.0,2.0,1.175297092285156,False,PUT,2026-02-20,CRNX
CRNX260220P00040000,40.0,1.45,0.0,2.4,6.0,6.0,1.1103560107421875,False,PUT,2026-02-20,CRNX
CRNX260220P00041000,41.0,1.3,0.0,2.5,7.0,191.0,1.0537156689453124,False,PUT,2026-02-20,CRNX
CRNX260220P00043000,43.0,1.8,0.0,2.65,,1.0,0.93164130859375,False,PUT,2026-02-20,CRNX
CRNX260220P00044000,44.0,0.6,0.0,2.8,,14.0,0.8803722900390624,False,PUT,2026-02-20,CRNX
CRNX260220P00045000,45.0,0.47,0.0,2.0,5.0,44.0,0.6972686523437501,False,PUT,2026-02-20,CRNX
CRNX260220P00046000,46.0,0.55,0.0,3.1,,1.0,0.77148666015625,False,PUT,2026-02-20,CRNX
CRNX260220P00050000,50.0,1.85,0.1,3.4,1.0,7.0,0.5029346582031251,False,PUT,2026-02-20,CRNX
CRNX260220P00055000,55.0,3.0,2.85,6.0,15.0,82.0,0.7919942675781251,True,PUT,2026-02-20,CRNX
CRNX260320C00037000,37.0,19.48,13.6,17.8,1.0,2.0,0.8071308349609375,True,CALL,2026-03-20,CRNX
CRNX260320C00038000,38.0,11.0,6.9,11.0,2.0,4.0,1.0000000000000003e-05,True,CALL,2026-03-20,CRNX
CRNX260320C00040000,40.0,15.46,11.0,15.2,1.0,1.0,0.7617211328125001,True,CALL,2026-03-20,CRNX
CRNX260320C00042000,42.0,10.0,4.1,8.5,3.0,48.0,1.0000000000000003e-05,True,CALL,2026-03-20,CRNX
CRNX260320C00043000,43.0,8.22,4.0,7.9,2.0,2.0,1.0000000000000003e-05,True,CALL,2026-03-20,CRNX
CRNX260320C00044000,44.0,9.89,7.8,11.8,1.0,70.0,0.6928741650390625,True,CALL,2026-03-20,CRNX
CRNX260320C00045000,45.0,10.83,7.1,11.3,13.0,89.0,0.7053252124023439,True,CALL,2026-03-20,CRNX
CRNX260320C00046000,46.0,8.89,6.5,10.5,3.0,15.0,0.6962920996093751,True,CALL,2026-03-20,CRNX
CRNX260320C00047000,47.0,2.15,3.9,8.0,2.0,42.0,0.7128934960937501,True,CALL,2026-03-20,CRNX
CRNX260320C00048000,48.0,5.1,2.55,6.4,,10.0,0.5668988623046876,True,CALL,2026-03-20,CRNX
CRNX260320C00049000,49.0,5.7,2.4,6.1,,5.0,0.6059609716796877,True,CALL,2026-03-20,CRNX
CRNX260320C00050000,50.0,5.5,5.3,7.5,1.0,181.0,0.7182645361328125,True,CALL,2026-03-20,CRNX
CRNX260320C00055000,55.0,3.28,3.1,5.8,2.0,42.0,0.743166630859375,False,CALL,2026-03-20,CRNX
CRNX260320C00060000,60.0,1.45,0.3,4.3,15.0,57.0,0.6547886083984377,False,CALL,2026-03-20,CRNX
CRNX260320C00065000,65.0,2.0,0.1,3.4,28.0,44.0,0.7224148852539063,False,CALL,2026-03-20,CRNX
CRNX260320P00037000,37.0,2.0,0.0,2.9,10.0,26.0,0.9594730615234374,False,PUT,2026-03-20,CRNX
CRNX260320P00038000,38.0,3.8,0.1,4.2,10.0,10.0,1.0595750146484377,False,PUT,2026-03-20,CRNX
CRNX260320P00042000,42.0,4.07,0.0,3.3,1.0,11.0,0.7392604199218749,False,PUT,2026-03-20,CRNX
CRNX260320P00045000,45.0,4.14,0.05,4.1,,1.0,0.657229990234375,False,PUT,2026-03-20,CRNX
CRNX260320P00046000,46.0,2.03,0.35,4.4,,1.0,0.6508823974609376,False,PUT,2026-03-20,CRNX
CRNX260320P00048000,48.0,9.3,4.7,8.9,,1.0,1.1623577038574218,False,PUT,2026-03-20,CRNX
CRNX260320P00050000,50.0,3.0,3.2,6.0,5.0,21.0,0.7221707470703125,False,PUT,2026-03-20,CRNX
CRNX260320P00055000,55.0,4.6,5.9,9.0,18.0,39.0,0.7211941943359376,True,PUT,2026-03-20,CRNX
CRNX260618C00038000,38.0,11.0,10.4,14.0,,1.0,0.301764794921875,True,CALL,2026-06-18,CRNX
CRNX260618C00040000,40.0,18.12,12.5,16.4,5.0,28.0,0.6223182299804688,True,CALL,2026-06-18,CRNX
CRNX260618C00042000,42.0,16.9,11.0,15.1,4.0,4.0,0.6140175317382813,True,CALL,2026-06-18,CRNX
CRNX260618C00043000,43.0,8.0,5.6,9.3,2.0,22.0,0.2602613037109375,True,CALL,2026-06-18,CRNX
CRNX260618C00044000,44.0,14.17,9.6,13.8,2.0,2.0,0.6031533825683595,True,CALL,2026-06-18,CRNX
CRNX260618C00045000,45.0,13.7,9.0,13.2,2.0,3.0,0.6020547607421877,True,CALL,2026-06-18,CRNX
CRNX260618C00049000,49.0,7.4,3.3,7.1,,2.0,0.44714908325195313,True,CALL,2026-06-18,CRNX
CRNX260618C00050000,50.0,8.5,7.6,10.4,5.0,5.0,0.6420934228515626,True,CALL,2026-06-18,CRNX
CRNX260618C00055000,55.0,7.12,4.6,8.4,10.0,5.0,0.606571317138672,False,CALL,2026-06-18,CRNX
CRNX260618C00060000,60.0,6.12,2.75,7.0,10.0,36.0,0.6054726953125001,False,CALL,2026-06-18,CRNX
CRNX260618C00065000,65.0,5.0,1.4,5.3,,7.0,0.5806926696777344,False,CALL,2026-06-18,CRNX
CRNX260618P00039000,39.0,3.6,0.05,3.7,1.0,2.0,0.56836369140625,False,PUT,2026-06-18,CRNX
CRNX260618P00043000,43.0,2.7,1.0,4.8,1.0,2.0,0.5455367712402344,False,PUT,2026-06-18,CRNX
CRNX260618P00044000,44.0,5.87,1.05,4.9,,10.0,0.51758294921875,False,PUT,2026-06-18,CRNX
CRNX260618P00045000,45.0,3.75,1.5,5.5,1.0,58.0,0.5312546875,False,PUT,2026-06-18,CRNX
CRNX260618P00048000,48.0,4.28,3.9,5.4,1.0,25.0,0.5183153637695312,False,PUT,2026-06-18,CRNX
CRNX260618P00050000,50.0,5.9,5.3,7.8,3.0,9.0,0.591923026123047,False,PUT,2026-06-18,CRNX
CRNX260618P00055000,55.0,7.3,8.1,10.8,,4.0,0.5896037133789063,True,PUT,2026-06-18,CRNX
CRNX260918C00040000,40.0,18.0,14.2,18.4,5.0,6.0,0.6389196264648438,True,CALL,2026-09-18,CRNX
CRNX260918C00050000,50.0,13.7,8.7,12.9,,1.0,0.6135292553710938,True,CALL,2026-09-18,CRNX
CRNX260918C00055000,55.0,8.4,6.8,10.5,5.0,1.0,0.6024209680175783,False,CALL,2026-09-18,CRNX
CRNX260918C00060000,60.0,8.98,5.0,8.9,,1.0,0.5976602734375001,False,CALL,2026-09-18,CRNX
CRSP260130C00040000,40.0,15.32,12.2,14.5,2.0,4.0,3.843750390625,True,CALL,2026-01-30,CRSP
CRSP260130C00041000,41.0,14.42,11.2,13.5,3.0,1.0,3.6074228564453126,True,CALL,2026-01-30,CRSP
CRSP260130C00042000,42.0,13.47,10.2,12.5,2.0,1.0,3.3769546826171872,True,CALL,2026-01-30,CRSP
CRSP260130C00043000,43.0,12.52,9.3,11.6,1.0,2.0,0.500005,True,CALL,2026-01-30,CRSP
CRSP260130C00044000,44.0,11.32,8.3,10.5,3.0,4.0,2.9218776953125003,True,CALL,2026-01-30,CRSP
CRSP260130C00045000,45.0,10.32,7.4,9.6,1.0,7.0,1.2265663671875,True,CALL,2026-01-30,CRSP
CRSP260130C00046000,46.0,9.43,6.6,8.6,12.0,12.0,1.36328443359375,True,CALL,2026-01-30,CRSP
CRSP260130C00047000,47.0,8.29,5.6,7.6,1.0,2.0,1.2070352148437498,True,CALL,2026-01-30,CRSP
CRSP260130C00050000,50.0,3.8,2.55,4.1,8.0,13.0,1.2421912890624998,True,CALL,2026-01-30,CRSP
CRSP260130C00051000,51.0,4.0,1.75,3.8,1.0,21.0,0.7539087109375,True,CALL,2026-01-30,CRSP
CRSP260130C00052000,52.0,2.01,1.15,2.9,2.0,3.0,0.74414318359375,True,CALL,2026-01-30,CRSP
CRSP260130C00053000,53.0,1.05,0.7,1.4,10.0,30.0,0.5117236328125,True,CALL,2026-01-30,CRSP
CRSP260130C00054000,54.0,0.55,0.35,0.6,53.0,303.0,0.53320779296875,False,CALL,2026-01-30,CRSP
CRSP260130C00055000,55.0,0.28,0.15,0.3,35.0,322.0,0.5390671093750001,False,CALL,2026-01-30,CRSP
CRSP260130C00056000,56.0,0.2,0.15,0.25,92.0,336.0,0.6171913281250001,False,CALL,2026-01-30,CRSP
CRSP260130C00057000,57.0,0.13,0.1,0.15,46.0,349.0,0.6679720703125002,False,CALL,2026-01-30,CRSP
CRSP260130C00058000,58.0,0.05,0.0,0.15,80.0,587.0,0.7070341796875,False,CALL,2026-01-30,CRSP
CRSP260130C00059000,59.0,0.18,0.05,0.35,3.0,283.0,1.0351610742187503,False,CALL,2026-01-30,CRSP
CRSP260130C00060000,60.0,0.06,0.05,0.1,48.0,992.0,0.929688203125,False,CALL,2026-01-30,CRSP
CRSP260130C00061000,61.0,0.1,0.0,0.15,3.0,201.0,1.0351610742187503,False,CALL,2026-01-30,CRSP
CRSP260130C00062000,62.0,0.05,0.0,0.15,1.0,134.0,1.1328168359375002,False,CALL,2026-01-30,CRSP
CRSP260130C00063000,63.0,0.09,0.05,0.1,4.0,74.0,1.2343788281249999,False,CALL,2026-01-30,CRSP
CRSP260130C00064000,64.0,0.08,0.05,0.1,40.0,754.0,1.3281283593749997,False,CALL,2026-01-30,CRSP
CRSP260130C00065000,65.0,0.1,0.05,0.15,40.0,654.0,1.4921900390624998,False,CALL,2026-01-30,CRSP
CRSP260130C00066000,66.0,0.13,0.0,0.3,7.0,36.0,1.7109389453125,False,CALL,2026-01-30,CRSP
CRSP260130C00067000,67.0,0.5,0.0,0.75,11.0,71.0,2.2128950927734365,False,CALL,2026-01-30,CRSP
CRSP260130C00068000,68.0,0.05,0.0,0.7,5.0,26.0,2.2773480566406246,False,CALL,2026-01-30,CRSP
CRSP260130C00069000,69.0,0.05,0.0,0.75,3.0,16.0,2.4179727050781246,False,CALL,2026-01-30,CRSP
CRSP260130P00040000,40.0,0.05,0.0,0.75,1.0,6.0,2.847659130859375,False,PUT,2026-01-30,CRSP
CRSP260130P00041000,41.0,0.5,0.0,0.3,1.0,6.0,2.156254609375,False,PUT,2026-01-30,CRSP
CRSP260130P00042000,42.0,0.51,0.0,0.75,1.0,6.0,2.464847587890625,False,PUT,2026-01-30,CRSP
CRSP260130P00043000,43.0,0.1,0.0,0.75,50.0,282.0,2.2773480566406246,False,PUT,2026-01-30,CRSP
CRSP260130P00044000,44.0,0.06,0.0,0.75,2.0,104.0,2.0937547656249995,False,PUT,2026-01-30,CRSP
CRSP260130P00045000,45.0,0.1,0.0,0.1,3.0,55.0,1.2265663671875,False,PUT,2026-01-30,CRSP
CRSP260130P00046000,46.0,0.05,0.0,0.05,15.0,53.0,0.9765627343750001,False,PUT,2026-01-30,CRSP
CRSP260130P00047000,47.0,0.1,0.0,0.2,2.0,12.0,1.1015669921875002,False,PUT,2026-01-30,CRSP
CRSP260130P00048000,48.0,0.05,0.0,0.75,14.0,20.0,1.36328443359375,False,PUT,2026-01-30,CRSP
CRSP260130P00049000,49.0,0.15,0.0,0.15,3.0,170.0,0.7578149218750001,False,PUT,2026-01-30,CRSP
CRSP260130P00049500,49.5,0.1,0.0,0.7,10.0,88.0,1.0605515722656251,False,PUT,2026-01-30,CRSP
CRSP260130P00050000,50.0,0.25,0.05,0.15,1.0,145.0,0.6601596484375001,False,PUT,2026-01-30,CRSP
CRSP260130P00051000,51.0,0.05,0.05,0.55,2.0,67.0,0.7304714453125,False,PUT,2026-01-30,CRSP
CRSP260130P00052000,52.0,0.45,0.15,0.45,2.0,190.0,0.534184345703125,False,PUT,2026-01-30,CRSP
CRSP260130P00053000,53.0,0.63,0.5,0.9,25.0,110.0,0.577152666015625,False,PUT,2026-01-30,CRSP
CRSP260130P00054000,54.0,1.2,0.8,1.6,2.0,209.0,0.5664105859375,True,PUT,2026-01-30,CRSP
CRSP260130P00055000,55.0,1.9,1.45,2.4,2.0,237.0,0.5976602734375001,True,PUT,2026-01-30,CRSP
CRSP260130P00056000,56.0,2.8,2.45,3.3,1.0,29.0,0.73633076171875,True,PUT,2026-01-30,CRSP
CRSP260130P00057000,57.0,3.9,3.2,4.2,4.0,20.0,0.70312796875,True,PUT,2026-01-30,CRSP
CRSP260130P00058000,58.0,4.77,4.1,5.5,32.0,60.0,0.9648441015625,True,PUT,2026-01-30,CRSP
CRSP260130P00059000,59.0,5.3,4.7,6.5,5.0,27.0,0.7578149218750001,True,PUT,2026-01-30,CRSP
CRSP260130P00060000,60.0,7.48,6.0,7.5,10.0,118.0,1.16016044921875,True,PUT,2026-01-30,CRSP
CRSP260130P00061000,61.0,3.94,6.6,8.5,2.0,1.0,0.500005,True,PUT,2026-01-30,CRSP
CRSP260130P00063000,63.0,9.4,8.5,10.5,3.0,3.0,2.3671915820312495,True,PUT,2026-01-30,CRSP
CRSP260130P00064000,64.0,11.31,9.6,11.7,1.0,1.0,1.3984405078125,True,PUT,2026-01-30,CRSP
CRSP260130P00065000,65.0,11.3,10.6,12.8,1.0,0.0,1.6171894140625,True,PUT,2026-01-30,CRSP
CRSP260130P00069000,69.0,12.0,14.5,16.8,,0.0,1.8515632421875,True,PUT,2026-01-30,CRSP
CRSP260206C00040000,40.0,15.25,12.3,14.7,,0.0,0.9062509375,True,CALL,2026-02-06,CRSP
CRSP260206C00044000,44.0,10.2,8.2,10.8,2.0,2.0,0.64062859375,True,CALL,2026-02-06,CRSP
CRSP260206C00050000,50.0,4.0,3.5,5.1,10.0,23.0,0.6635775830078127,True,CALL,2026-02-06,CRSP
CRSP260206C00051000,51.0,5.75,2.5,4.0,3.0,3.0,0.5380905566406251,True,CALL,2026-02-06,CRSP
CRSP260206C00053000,53.0,1.9,1.7,2.25,6.0,4.0,0.5224657128906249,True,CALL,2026-02-06,CRSP
CRSP260206C00054000,54.0,1.45,1.3,1.65,4.0,12.0,0.5161181201171875,False,CALL,2026-02-06,CRSP
CRSP260206C00055000,55.0,1.2,0.9,1.4,16.0,436.0,0.5361374511718751,False,CALL,2026-02-06,CRSP
CRSP260206C00056000,56.0,1.0,0.6,1.1,124.0,51.0,0.5405319384765627,False,CALL,2026-02-06,CRSP
CRSP260206C00057000,57.0,0.66,0.4,1.05,6.0,256.0,0.5854533642578125,False,CALL,2026-02-06,CRSP
CRSP260206C00058000,58.0,0.65,0.2,1.0,4.0,328.0,0.6171913281250001,False,CALL,2026-02-06,CRSP
CRSP260206C00059000,59.0,0.57,0.1,0.8,12.0,77.0,0.6235389208984375,False,CALL,2026-02-06,CRSP
CRSP260206C00060000,60.0,0.35,0.05,0.55,5.0,185.0,0.6103554589843752,False,CALL,2026-02-06,CRSP
CRSP260206C00061000,61.0,2.5,0.0,0.75,5.0,13.0,0.7138700488281251,False,CALL,2026-02-06,CRSP
CRSP260206C00062000,62.0,0.21,0.15,0.55,2.0,46.0,0.7587914746093751,False,CALL,2026-02-06,CRSP
CRSP260206C00063000,63.0,0.75,0.0,0.75,1.0,35.0,0.831056376953125,False,CALL,2026-02-06,CRSP
CRSP260206C00064000,64.0,0.35,0.0,0.75,29.0,262.0,0.8867198828124999,False,CALL,2026-02-06,CRSP
CRSP260206C00065000,65.0,0.2,0.0,0.3,7.0,75.0,0.7617211328125001,False,CALL,2026-02-06,CRSP
CRSP260206C00066000,66.0,0.29,0.0,0.75,1.0,4.0,0.992187578125,False,CALL,2026-02-06,CRSP
CRSP260206C00067000,67.0,0.68,0.0,0.5,1.0,2.0,0.94726615234375,False,CALL,2026-02-06,CRSP
CRSP260206C00068000,68.0,0.45,0.0,1.15,3.0,14.0,1.220707021484375,False,CALL,2026-02-06,CRSP
CRSP260206P00040000,40.0,0.25,0.0,0.75,,2.0,1.3418001660156247,False,PUT,2026-02-06,CRSP
CRSP260206P00041000,41.0,0.31,0.0,0.75,5.0,5.0,1.2509803076171875,False,PUT,2026-02-06,CRSP
CRSP260206P00042000,42.0,0.39,0.0,0.75,1.0,6.0,1.162113564453125,False,PUT,2026-02-06,CRSP
CRSP260206P00043000,43.0,0.33,0.0,0.75,1.0,1.0,1.0742233789062503,False,PUT,2026-02-06,CRSP
CRSP260206P00044000,44.0,0.05,0.0,0.1,5.0,15.0,0.64062859375,False,PUT,2026-02-06,CRSP
CRSP260206P00045000,45.0,0.05,0.0,0.75,1.0,209.0,0.9003916210937499,False,PUT,2026-02-06,CRSP
CRSP260206P00046000,46.0,0.05,0.0,0.75,2.0,4.0,0.81445498046875,False,PUT,2026-02-06,CRSP
CRSP260206P00047000,47.0,0.4,0.0,0.5,2.0,4.0,0.647464462890625,False,PUT,2026-02-06,CRSP
CRSP260206P00048000,48.0,0.25,0.1,0.7,3.0,18.0,0.6562534375000001,False,PUT,2026-02-06,CRSP
CRSP260206P00049000,49.0,0.4,0.2,0.5,1.0,12.0,0.5429733203125001,False,PUT,2026-02-06,CRSP
CRSP260206P00050000,50.0,0.51,0.3,0.85,1.0,184.0,0.5546919531250001,False,PUT,2026-02-06,CRSP
CRSP260206P00051000,51.0,0.91,0.5,1.15,4.0,22.0,0.5473678076171876,False,PUT,2026-02-06,CRSP
CRSP260206P00052000,52.0,1.25,0.8,1.5,4.0,28.0,0.5395553857421876,False,PUT,2026-02-06,CRSP
CRSP260206P00053000,53.0,1.55,1.4,2.05,5.0,27.0,0.5825237060546875,False,PUT,2026-02-06,CRSP
CRSP260206P00054000,54.0,2.15,1.35,2.55,1.0,27.0,0.6728548339843752,True,PUT,2026-02-06,CRSP
CRSP260206P00055000,55.0,2.77,2.25,3.0,2.0,37.0,0.5127001855468749,True,PUT,2026-02-06,CRSP
CRSP260206P00056000,56.0,2.13,3.0,4.4,6.0,10.0,0.6401403173828125,True,PUT,2026-02-06,CRSP
CRSP260206P00057000,57.0,4.45,3.5,5.1,2.0,9.0,0.594730615234375,True,PUT,2026-02-06,CRSP
CRSP260206P00058000,58.0,4.8,4.2,6.3,3.0,5.0,0.657229990234375,True,PUT,2026-02-06,CRSP
CRSP260206P00059000,59.0,6.03,5.4,6.6,3.0,16.0,0.624027197265625,True,PUT,2026-02-06,CRSP
CRSP260206P00060000,60.0,6.61,6.2,7.7,2.0,10.0,0.6650424121093752,True,PUT,2026-02-06,CRSP
CRSP260206P00061000,61.0,4.96,6.8,9.1,1.0,1.0,0.727541787109375,True,PUT,2026-02-06,CRSP
CRSP260206P00064000,64.0,11.43,9.5,12.0,,1.0,0.7597680273437502,True,PUT,2026-02-06,CRSP
CRSP260213C00040000,40.0,19.95,12.3,14.9,,1.0,0.8203142968749999,True,CALL,2026-02-13,CRSP
CRSP260213C00044000,44.0,11.31,8.4,10.9,2.0,2.0,0.63086306640625,True,CALL,2026-02-13,CRSP
CRSP260213C00050000,50.0,7.0,3.3,6.1,1.0,7.0,0.6074258007812501,True,CALL,2026-02-13,CRSP
CRSP260213C00051000,51.0,5.15,3.1,5.3,5.0,7.0,0.6440465283203125,True,CALL,2026-02-13,CRSP
CRSP260213C00052000,52.0,6.8,1.7,3.5,3.0,3.0,0.6167030517578126,True,CALL,2026-02-13,CRSP
CRSP260213C00053000,53.0,3.5,2.25,2.85,1.0,14.0,0.5214891601562499,True,CALL,2026-02-13,CRSP
CRSP260213C00054000,54.0,2.4,1.85,2.45,3.0,20.0,0.5385788330078126,False,CALL,2026-02-13,CRSP
CRSP260213C00055000,55.0,2.1,1.5,2.05,51.0,80.0,0.5463912548828126,False,CALL,2026-02-13,CRSP
CRSP260213C00056000,56.0,1.37,1.15,1.75,102.0,48.0,0.5522505712890625,False,CALL,2026-02-13,CRSP
CRSP260213C00057000,57.0,1.37,0.25,1.55,2.0,12.0,0.65039412109375,False,CALL,2026-02-13,CRSP
CRSP260213C00058000,58.0,1.23,0.45,1.2,1.0,21.0,0.5288133056640626,False,CALL,2026-02-13,CRSP
CRSP260213C00059000,59.0,1.0,0.0,1.15,29.0,41.0,0.5102588037109376,False,CALL,2026-02-13,CRSP
CRSP260213C00060000,60.0,0.75,0.5,1.0,5.0,211.0,0.6201209863281252,False,CALL,2026-02-13,CRSP
CRSP260213C00061000,61.0,2.08,0.0,1.1,2.0,83.0,0.6035195898437502,False,CALL,2026-02-13,CRSP
CRSP260213C00062000,62.0,0.83,0.0,1.95,2.0,32.0,0.7949239257812499,False,CALL,2026-02-13,CRSP
CRSP260213C00063000,63.0,0.85,0.0,1.3,1.0,3.0,0.73437765625,False,CALL,2026-02-13,CRSP
CRSP260213C00064000,64.0,0.5,0.0,0.8,1.0,1.0,0.676761044921875,False,CALL,2026-02-13,CRSP
CRSP260213C00065000,65.0,0.71,0.25,0.65,7.0,201.0,0.7402369726562499,False,CALL,2026-02-13,CRSP
CRSP260213C00066000,66.0,0.48,0.0,1.15,1.0,15.0,0.8359391406249999,False,CALL,2026-02-13,CRSP
CRSP260213C00068000,68.0,1.0,0.0,0.95,,1.0,0.86914193359375,False,CALL,2026-02-13,CRSP
CRSP260213C00069000,69.0,0.4,0.0,0.75,,5.0,0.8554701953125,False,CALL,2026-02-13,CRSP
CRSP260213P00041000,41.0,0.2,0.0,0.95,,0.0,0.999023447265625,False,PUT,2026-02-13,CRSP
CRSP260213P00043000,43.0,0.88,0.0,0.95,1.0,4.0,0.860352958984375,False,PUT,2026-02-13,CRSP
CRSP260213P00044000,44.0,0.91,0.0,0.95,1.0,211.0,0.7919942675781251,False,PUT,2026-02-13,CRSP
CRSP260213P00045000,45.0,0.53,0.0,1.0,1.0,103.0,0.735354208984375,False,PUT,2026-02-13,CRSP
CRSP260213P00046000,46.0,0.42,0.0,0.6,1.0,12.0,0.5732464550781251,False,PUT,2026-02-13,CRSP
CRSP260213P00047000,47.0,0.5,0.05,1.2,2.0,6.0,0.648441015625,False,PUT,2026-02-13,CRSP
CRSP260213P00048000,48.0,0.68,0.05,1.05,3.0,9.0,0.5498091894531252,False,PUT,2026-02-13,CRSP
CRSP260213P00049000,49.0,0.88,0.3,1.15,2.0,9.0,0.5371140039062501,False,PUT,2026-02-13,CRSP
CRSP260213P00050000,50.0,1.24,0.05,1.4,9.0,63.0,0.6469761865234375,False,PUT,2026-02-13,CRSP
CRSP260213P00051000,51.0,1.33,0.95,1.75,1.0,27.0,0.5454147021484376,False,PUT,2026-02-13,CRSP
CRSP260213P00052000,52.0,1.85,1.1,2.15,2.0,6.0,0.5170946728515625,False,PUT,2026-02-13,CRSP
CRSP260213P00053000,53.0,2.24,1.85,2.6,3.0,33.0,0.5498091894531252,False,PUT,2026-02-13,CRSP
CRSP260213P00054000,54.0,2.63,1.95,3.2,6.0,13.0,0.5102588037109376,True,PUT,2026-02-13,CRSP
CRSP260213P00055000,55.0,2.67,2.05,3.8,10.0,69.0,0.6543003320312502,True,PUT,2026-02-13,CRSP
CRSP260213P00056000,56.0,3.1,2.8,5.5,1.0,4.0,0.58789474609375,True,PUT,2026-02-13,CRSP
CRSP260213P00057000,57.0,4.97,4.0,5.5,1.0,19.0,0.5639692041015626,True,PUT,2026-02-13,CRSP
CRSP260213P00058000,58.0,5.55,4.3,7.5,1.0,24.0,0.6689486230468751,True,PUT,2026-02-13,CRSP
CRSP260213P00060000,60.0,7.1,6.9,8.1,12.0,5.0,0.6806672558593752,True,PUT,2026-02-13,CRSP
CRSP260213P00062000,62.0,8.8,8.8,10.5,,3.0,0.8330094824218748,True,PUT,2026-02-13,CRSP
CRSP260220C00040000,40.0,13.4,12.4,14.8,2.0,117.0,0.68555001953125,True,CALL,2026-02-20,CRSP
CRSP260220C00045000,45.0,9.03,7.8,10.2,1.0,35.0,0.6323278955078125,True,CALL,2026-02-20,CRSP
CRSP260220C00047500,47.5,6.95,6.0,7.5,1.0,16.0,0.5620160986328125,True,CALL,2026-02-20,CRSP
CRSP260220C00049000,49.0,5.37,5.1,6.8,,1.0,0.6347692773437501,True,CALL,2026-02-20,CRSP
CRSP260220C00050000,50.0,7.2,4.5,6.4,4.0,21.0,0.6679720703125002,True,CALL,2026-02-20,CRSP
CRSP260220C00051000,51.0,4.8,4.1,4.9,,1.0,0.5976602734375001,True,CALL,2026-02-20,CRSP
CRSP260220C00052000,52.0,3.68,3.4,4.4,2.0,122.0,0.5918009570312501,True,CALL,2026-02-20,CRSP
CRSP260220C00052500,52.5,3.89,3.1,4.4,1.0,165.0,0.6137733935546876,True,CALL,2026-02-20,CRSP
CRSP260220C00053000,53.0,3.4,2.9,4.2,1.0,23.0,0.6235389208984375,True,CALL,2026-02-20,CRSP
CRSP260220C00054000,54.0,2.85,2.4,3.7,1.0,102.0,0.6171913281250001,False,CALL,2026-02-20,CRSP
CRSP260220C00055000,55.0,2.75,2.1,3.0,4.0,386.0,0.6020547607421877,False,CALL,2026-02-20,CRSP
CRSP260220C00056000,56.0,2.0,1.8,2.5,12.0,24.0,0.5969278588867188,False,CALL,2026-02-20,CRSP
CRSP260220C00057000,57.0,2.95,0.9,2.45,10.0,76.0,0.5676312768554688,False,CALL,2026-02-20,CRSP
CRSP260220C00057500,57.5,1.88,1.4,2.3,1.0,105.0,0.632816171875,False,CALL,2026-02-20,CRSP
CRSP260220C00058000,58.0,1.58,1.35,2.1,301.0,36.0,0.6362341064453125,False,CALL,2026-02-20,CRSP
CRSP260220C00059000,59.0,1.5,1.05,1.8,20.0,57.0,0.6274451318359376,False,CALL,2026-02-20,CRSP
CRSP260220C00060000,60.0,1.23,1.1,1.45,77.0,681.0,0.6445348046875,False,CALL,2026-02-20,CRSP
CRSP260220C00061000,61.0,1.05,0.8,1.35,8.0,68.0,0.6440465283203125,False,CALL,2026-02-20,CRSP
CRSP260220C00062000,62.0,1.18,0.7,1.25,4.0,92.0,0.6630893066406252,False,CALL,2026-02-20,CRSP
CRSP260220C00062500,62.5,0.8,0.6,1.1,4.0,196.0,0.65039412109375,False,CALL,2026-02-20,CRSP
CRSP260220C00063000,63.0,1.15,0.5,1.2,8.0,12.0,0.6709017285156251,False,CALL,2026-02-20,CRSP
CRSP260220C00064000,64.0,0.89,0.3,1.05,4.0,71.0,0.65820654296875,False,CALL,2026-02-20,CRSP
CRSP260220C00065000,65.0,0.55,0.4,0.75,9.0,762.0,0.6621127539062501,False,CALL,2026-02-20,CRSP
CRSP260220C00066000,66.0,0.77,0.15,0.85,11.0,58.0,0.6699251757812501,False,CALL,2026-02-20,CRSP
CRSP260220P00037500,37.5,0.1,0.0,0.35,1.0,3.0,0.8359391406249999,False,PUT,2026-02-20,CRSP
CRSP260220P00040000,40.0,0.1,0.0,0.5,2.0,9.0,0.762697685546875,False,PUT,2026-02-20,CRSP
CRSP260220P00042500,42.5,0.21,0.0,0.75,55.0,99.0,0.6992217578125001,False,PUT,2026-02-20,CRSP
CRSP260220P00043000,43.0,0.25,0.05,0.75,2.0,2.0,0.6835969140625001,False,PUT,2026-02-20,CRSP
CRSP260220P00044000,44.0,0.4,0.15,0.5,2.0,202.0,0.5937540625000001,False,PUT,2026-02-20,CRSP
CRSP260220P00045000,45.0,0.4,0.2,0.6,1.0,130.0,0.5742230078125,False,PUT,2026-02-20,CRSP
CRSP260220P00046000,46.0,0.65,0.35,1.0,2.0,4.0,0.6162147753906251,False,PUT,2026-02-20,CRSP
CRSP260220P00047000,47.0,0.63,0.5,1.55,3.0,5.0,0.6562534375000001,False,PUT,2026-02-20,CRSP
CRSP260220P00047500,47.5,0.85,0.6,1.0,2.0,139.0,0.5620160986328125,False,PUT,2026-02-20,CRSP
CRSP260220P00048000,48.0,0.98,0.7,1.25,2.0,46.0,0.5776409423828125,False,PUT,2026-02-20,CRSP
CRSP260220P00049000,49.0,1.16,0.95,1.95,2.0,4.0,0.6235389208984375,False,PUT,2026-02-20,CRSP
CRSP260220P00049500,49.5,0.95,1.1,1.9,10.0,12.0,0.5986368261718751,False,PUT,2026-02-20,CRSP
CRSP260220P00050000,50.0,1.63,1.45,1.9,6.0,555.0,0.5991251025390626,False,PUT,2026-02-20,CRSP
CRSP260220P00051000,51.0,1.6,1.6,2.5,206.0,202.0,0.5979044116210939,False,PUT,2026-02-20,CRSP
CRSP260220P00052000,52.0,2.0,2.15,2.85,1.0,92.0,0.6015664843750002,False,PUT,2026-02-20,CRSP
CRSP260220P00052500,52.5,2.85,2.25,2.8,1.0,362.0,0.561527822265625,False,PUT,2026-02-20,CRSP
CRSP260220P00053000,53.0,2.8,2.6,3.1,2.0,44.0,0.5764202514648438,False,PUT,2026-02-20,CRSP
CRSP260220P00054000,54.0,3.53,2.9,4.0,1.0,5.0,0.5893595751953126,True,PUT,2026-02-20,CRSP
CRSP260220P00055000,55.0,3.7,3.4,4.7,13.0,2257.0,0.5927775097656252,True,PUT,2026-02-20,CRSP
CRSP260220P00057000,57.0,4.87,4.5,6.2,5.0,8.0,0.5927775097656252,True,PUT,2026-02-20,CRSP
CRSP260220P00057500,57.5,5.4,4.7,6.5,4.0,108.0,0.5717816259765626,True,PUT,2026-02-20,CRSP
CRSP260220P00058000,58.0,5.5,5.3,6.9,3.0,22.0,0.6001016552734376,True,PUT,2026-02-20,CRSP
CRSP260220P00059000,59.0,5.54,6.0,7.7,4.0,4.0,0.6001016552734376,True,PUT,2026-02-20,CRSP
CRSP260220P00060000,60.0,7.25,6.8,8.4,1.0,163.0,0.5922892333984376,True,PUT,2026-02-20,CRSP
CRSP260220P00062500,62.5,9.75,8.4,11.6,3.0,28.0,0.6777375976562501,True,PUT,2026-02-20,CRSP
CRSP260220P00063000,63.0,7.0,9.1,11.7,1.0,1.0,0.6709017285156251,True,PUT,2026-02-20,CRSP
CRSP260220P00065000,65.0,12.0,10.9,13.3,2.0,23.0,0.6538120556640626,True,PUT,2026-02-20,CRSP
CRSP260227C00043000,43.0,16.72,9.7,12.4,,1.0,0.6733431103515627,True,CALL,2026-02-27,CRSP
CRSP260227C00045000,45.0,11.44,7.3,9.7,,1.0,0.7465845654296875,True,CALL,2026-02-27,CRSP
CRSP260227C00051000,51.0,4.68,4.2,5.1,,4.0,0.5498091894531252,True,CALL,2026-02-27,CRSP
CRSP260227C00052000,52.0,6.49,3.6,4.3,,1.0,0.5266160620117188,True,CALL,2026-02-27,CRSP
CRSP260227C00053000,53.0,3.22,2.6,3.8,,2.0,0.5871623315429688,True,CALL,2026-02-27,CRSP
CRSP260227C00054000,54.0,4.69,2.05,3.3,3.0,9.0,0.5813030151367188,False,CALL,2026-02-27,CRSP
CRSP260227C00055000,55.0,3.04,1.65,2.95,1.0,38.0,0.5930216479492189,False,CALL,2026-02-27,CRSP
CRSP260227C00056000,56.0,2.49,1.95,2.6,2.0,35.0,0.5437057348632813,False,CALL,2026-02-27,CRSP
CRSP260227C00057000,57.0,3.2,0.85,2.35,1.0,10.0,0.6135292553710938,False,CALL,2026-02-27,CRSP
CRSP260227C00058000,58.0,2.2,1.6,2.1,1.0,8.0,0.5795940478515625,False,CALL,2026-02-27,CRSP
CRSP260227C00059000,59.0,1.82,1.5,2.75,1.0,12.0,0.6777375976562501,False,CALL,2026-02-27,CRSP
CRSP260227C00060000,60.0,2.05,0.9,2.0,3.0,123.0,0.5986368261718751,False,CALL,2026-02-27,CRSP
CRSP260227C00062000,62.0,1.2,1.15,1.35,28.0,5.0,0.64062859375,False,CALL,2026-02-27,CRSP
CRSP260227C00063000,63.0,1.4,0.05,2.3,3.0,33.0,0.6626010302734376,False,CALL,2026-02-27,CRSP
CRSP260227C00064000,64.0,1.21,0.5,2.2,1.0,37.0,0.737307314453125,False,CALL,2026-02-27,CRSP
CRSP260227C00065000,65.0,0.8,0.35,2.3,8.0,40.0,0.7675804492187501,False,CALL,2026-02-27,CRSP
CRSP260227C00066000,66.0,1.13,0.0,2.25,,0.0,0.7563500927734376,False,CALL,2026-02-27,CRSP
CRSP260227C00067000,67.0,0.8,0.0,1.9,5.0,5.0,0.745119736328125,False,CALL,2026-02-27,CRSP
CRSP260227C00068000,68.0,1.95,0.45,1.9,2.0,3.0,0.8330094824218748,False,CALL,2026-02-27,CRSP
CRSP260227P00040000,40.0,0.37,0.0,2.2,,2.0,1.0083057397460937,False,PUT,2026-02-27,CRSP
CRSP260227P00043000,43.0,1.1,0.05,2.35,1.0,1.0,0.8544936425781251,False,PUT,2026-02-27,CRSP
CRSP260227P00044000,44.0,1.17,0.2,1.3,1.0,28.0,0.6684603466796877,False,PUT,2026-02-27,CRSP
CRSP260227P00045000,45.0,0.8,0.3,2.55,,30.0,0.7895528857421875,False,PUT,2026-02-27,CRSP
CRSP260227P00046000,46.0,0.79,0.0,2.7,,5.0,0.7104521142578125,False,PUT,2026-02-27,CRSP
CRSP260227P00047000,47.0,1.02,0.65,1.3,1.0,20.0,0.5625043750000001,False,PUT,2026-02-27,CRSP
CRSP260227P00048000,48.0,1.05,0.0,1.5,7.0,9.0,0.619388571777344,False,PUT,2026-02-27,CRSP
CRSP260227P00050000,50.0,2.23,0.7,2.1,1.0,16.0,0.6030313134765627,False,PUT,2026-02-27,CRSP
CRSP260227P00051000,51.0,2.45,1.65,2.5,4.0,14.0,0.5278367529296876,False,PUT,2026-02-27,CRSP
CRSP260227P00052000,52.0,2.57,1.6,3.0,5.0,7.0,0.6110878735351564,False,PUT,2026-02-27,CRSP
CRSP260227P00053000,53.0,3.0,2.1,3.5,1.0,3.0,0.6120644262695314,False,PUT,2026-02-27,CRSP
CRSP260227P00054000,54.0,3.4,2.5,4.0,2.0,7.0,0.6059609716796877,True,PUT,2026-02-27,CRSP
CRSP260227P00055000,55.0,4.62,4.0,4.7,30.0,19.0,0.56836369140625,True,PUT,2026-02-27,CRSP
CRSP260227P00057000,57.0,3.83,4.4,6.1,1.0,1.0,0.5014698291015626,True,PUT,2026-02-27,CRSP
CRSP260227P00058000,58.0,4.33,5.2,8.1,1.0,5.0,0.6235389208984375,True,PUT,2026-02-27,CRSP
CRSP260227P00060000,60.0,6.3,6.4,9.8,1.0,5.0,0.6181678808593751,True,PUT,2026-02-27,CRSP
CRSP260227P00064000,64.0,10.65,10.1,12.8,,1.0,0.6342810009765626,True,PUT,2026-02-27,CRSP
CRSP260306C00054000,54.0,4.02,2.2,5.4,6.0,8.0,0.5971719970703125,False,CALL,2026-03-06,CRSP
CRSP260306C00055000,55.0,4.83,1.8,4.7,30.0,66.0,0.57812921875,False,CALL,2026-03-06,CRSP
CRSP260306C00056000,56.0,5.95,1.6,4.6,3.0,3.0,0.6130409790039064,False,CALL,2026-03-06,CRSP
CRSP260306C00057000,57.0,5.22,1.7,3.7,6.0,6.0,0.6057168334960938,False,CALL,2026-03-06,CRSP
CRSP260306C00058000,58.0,5.1,1.0,4.1,3.0,3.0,0.6315954809570312,False,CALL,2026-03-06,CRSP
CRSP260306C00059000,59.0,2.7,0.6,3.9,5.0,6.0,0.6303747900390625,False,CALL,2026-03-06,CRSP
CRSP260306C00060000,60.0,2.4,0.05,3.8,1.0,2.0,0.6201209863281252,False,CALL,2026-03-06,CRSP
CRSP260306C00061000,61.0,4.38,0.0,3.8,,1.0,0.6557651611328126,False,CALL,2026-03-06,CRSP
CRSP260306C00062000,62.0,2.35,0.0,2.9,2.0,5.0,0.614261669921875,False,CALL,2026-03-06,CRSP
CRSP260306C00065000,65.0,1.66,0.0,3.1,1.0,2.0,0.735354208984375,False,CALL,2026-03-06,CRSP
CRSP260306P00045000,45.0,0.5,0.0,2.95,2.0,2.0,0.7216824707031251,False,PUT,2026-03-06,CRSP
CRSP260306P00050000,50.0,2.36,1.0,4.0,1.0,8.0,0.6084023535156251,False,PUT,2026-03-06,CRSP
CRSP260306P00052000,52.0,3.0,2.05,4.4,1.0,1.0,0.5844768115234374,False,PUT,2026-03-06,CRSP
CRSP260306P00053000,53.0,3.67,2.15,5.3,1.0,2.0,0.5844768115234374,False,PUT,2026-03-06,CRSP
CRSP260306P00054000,54.0,2.8,2.65,6.0,1.0,1.0,0.5935099243164064,True,PUT,2026-03-06,CRSP
CRSP260306P00057000,57.0,6.17,5.7,7.0,3.0,4.0,0.6208534008789064,True,PUT,2026-03-06,CRSP
CRSP260306P00058000,58.0,6.45,6.0,8.0,1.0,5.0,0.6162147753906251,True,PUT,2026-03-06,CRSP
CRSP260320C00037500,37.5,21.95,15.2,17.6,2.0,2.0,0.6914093359375001,True,CALL,2026-03-20,CRSP
CRSP260320C00040000,40.0,15.7,13.0,15.2,1.0,19.0,0.6538120556640626,True,CALL,2026-03-20,CRSP
CRSP260320C00045000,45.0,10.8,9.1,10.9,,1.0,0.6281775463867189,True,CALL,2026-03-20,CRSP
CRSP260320C00047500,47.5,8.06,7.6,8.7,1.0,2.0,0.6093789062500001,True,CALL,2026-03-20,CRSP
CRSP260320C00050000,50.0,6.8,5.9,7.4,1.0,9.0,0.614261669921875,True,CALL,2026-03-20,CRSP
CRSP260320C00052500,52.5,5.24,4.7,5.2,2.0,12.0,0.5654340332031251,True,CALL,2026-03-20,CRSP
CRSP260320C00055000,55.0,4.1,3.8,4.1,12.0,110.0,0.5803264624023439,False,CALL,2026-03-20,CRSP
CRSP260320C00057500,57.5,3.0,2.9,3.2,11.0,803.0,0.5822795678710937,False,CALL,2026-03-20,CRSP
CRSP260320C00060000,60.0,2.5,2.15,2.55,5.0,131.0,0.5871623315429688,False,CALL,2026-03-20,CRSP
CRSP260320C00062500,62.5,2.0,1.85,2.1,62.0,65.0,0.6179237426757813,False,CALL,2026-03-20,CRSP
CRSP260320C00065000,65.0,1.63,1.35,1.7,2.0,150.0,0.622074091796875,False,CALL,2026-03-20,CRSP
CRSP260320P00040000,40.0,0.47,0.4,0.9,1.0,551.0,0.6543003320312502,False,PUT,2026-03-20,CRSP
CRSP260320P00042500,42.5,0.95,0.65,2.65,,1.0,0.7700218310546876,False,PUT,2026-03-20,CRSP
CRSP260320P00045000,45.0,1.3,1.2,1.5,57.0,30.0,0.5918009570312501,False,PUT,2026-03-20,CRSP
CRSP260320P00047500,47.5,2.0,1.8,2.2,2.0,27.0,0.5786174951171875,False,PUT,2026-03-20,CRSP
CRSP260320P00050000,50.0,2.9,2.65,3.1,3.0,167.0,0.5698285205078125,False,PUT,2026-03-20,CRSP
CRSP260320P00052500,52.5,4.0,3.7,4.2,5.0,62.0,0.5590864404296876,False,PUT,2026-03-20,CRSP
CRSP260320P00055000,55.0,5.1,5.0,5.7,10.0,90.0,0.5617719604492188,True,PUT,2026-03-20,CRSP
CRSP260320P00057500,57.5,5.63,6.6,7.3,1.0,12.0,0.5629926513671876,True,PUT,2026-03-20,CRSP
CRSP260320P00060000,60.0,6.17,8.2,9.7,3.0,18.0,0.5939982006835938,True,PUT,2026-03-20,CRSP
CRSP260320P00065000,65.0,10.9,12.2,14.2,1.0,2.0,0.6425816992187501,True,PUT,2026-03-20,CRSP
CRSP260417C00040000,40.0,13.5,13.6,15.9,3.0,81.0,0.6589389575195312,True,CALL,2026-04-17,CRSP
CRSP260417C00042500,42.5,18.32,11.7,13.9,17.0,24.0,0.6496617065429688,True,CALL,2026-04-17,CRSP
CRSP260417C00045000,45.0,10.6,10.3,11.9,4.0,375.0,0.654544470214844,True,CALL,2026-04-17,CRSP
CRSP260417C00047500,47.5,9.33,8.5,10.2,1.0,21.0,0.6331823791503908,True,CALL,2026-04-17,CRSP
CRSP260417C00050000,50.0,12.5,7.0,9.3,60.0,391.0,0.6562534375000001,True,CALL,2026-04-17,CRSP
CRSP260417C00052500,52.5,6.25,5.9,6.6,2.0,592.0,0.58789474609375,True,CALL,2026-04-17,CRSP
CRSP260417C00055000,55.0,5.0,4.8,5.8,2.0,1017.0,0.6025430371093752,False,CALL,2026-04-17,CRSP
CRSP260417C00057500,57.5,4.13,4.0,4.5,4.0,582.0,0.5908244042968751,False,CALL,2026-04-17,CRSP
CRSP260417C00060000,60.0,3.5,3.4,3.7,63.0,1793.0,0.6001016552734376,False,CALL,2026-04-17,CRSP
CRSP260417C00062500,62.5,2.7,2.6,3.2,3.0,373.0,0.6015664843750002,False,CALL,2026-04-17,CRSP
CRSP260417C00065000,65.0,2.35,2.05,2.6,2.0,634.0,0.5988809643554689,False,CALL,2026-04-17,CRSP
CRSP260417C00067500,67.5,2.9,1.7,2.2,1.0,139.0,0.6088906298828126,False,CALL,2026-04-17,CRSP
CRSP260417P00037500,37.5,0.55,0.45,0.95,1.0,46.0,0.6254920263671876,False,PUT,2026-04-17,CRSP
CRSP260417P00040000,40.0,0.67,0.85,1.15,1.0,397.0,0.6015664843750002,False,PUT,2026-04-17,CRSP
CRSP260417P00042500,42.5,0.83,1.2,1.65,1.0,259.0,0.5830119824218749,False,PUT,2026-04-17,CRSP
CRSP260417P00045000,45.0,1.97,1.9,2.3,23.0,472.0,0.5817912915039063,False,PUT,2026-04-17,CRSP
CRSP260417P00047500,47.5,2.82,2.65,3.1,1.0,446.0,0.5712933496093751,False,PUT,2026-04-17,CRSP
CRSP260417P00050000,50.0,3.8,3.6,4.1,34.0,734.0,0.5644574804687501,False,PUT,2026-04-17,CRSP
CRSP260417P00052500,52.5,5.1,4.7,5.6,46.0,224.0,0.5725140405273439,False,PUT,2026-04-17,CRSP
CRSP260417P00055000,55.0,6.4,5.9,7.0,47.0,981.0,0.5622602368164062,True,PUT,2026-04-17,CRSP
CRSP260417P00057500,57.5,5.77,7.8,8.5,27.0,192.0,0.5756878369140624,True,PUT,2026-04-17,CRSP
CRSP260417P00060000,60.0,10.0,9.2,10.4,17.0,351.0,0.5686078295898438,True,PUT,2026-04-17,CRSP
CRSP260417P00062500,62.5,10.5,10.9,13.0,7.0,551.0,0.6015664843750002,True,PUT,2026-04-17,CRSP
CRSP260417P00065000,65.0,14.8,12.8,14.9,1.0,344.0,0.5959513061523438,True,PUT,2026-04-17,CRSP
CRSP260417P00067500,67.5,16.43,14.7,16.9,1.0,14.0,0.5832561206054687,True,PUT,2026-04-17,CRSP
CRSP260618C00037500,37.5,20.0,17.0,19.5,1.0,1.0,0.7063017651367188,True,CALL,2026-06-18,CRSP
CRSP260618C00040000,40.0,16.4,15.1,16.9,1.0,44.0,0.6486851538085938,True,CALL,2026-06-18,CRSP
CRSP260618C00042500,42.5,15.5,13.4,15.9,1.0,13.0,0.6813996704101564,True,CALL,2026-06-18,CRSP
CRSP260618C00045000,45.0,18.5,11.9,14.3,12.0,400.0,0.6776155285644532,True,CALL,2026-06-18,CRSP
CRSP260618C00047500,47.5,16.1,10.4,12.9,1.0,15.0,0.6718782812500002,True,CALL,2026-06-18,CRSP
CRSP260618C00050000,50.0,10.6,9.4,10.6,2.0,127.0,0.6405065246582031,True,CALL,2026-06-18,CRSP
CRSP260618C00052500,52.5,8.7,8.2,8.8,26.0,59.0,0.6138954626464845,True,CALL,2026-06-18,CRSP
CRSP260618C00055000,55.0,8.0,7.1,7.8,1.0,127.0,0.6136513244628907,False,CALL,2026-06-18,CRSP
CRSP260618C00057500,57.5,6.7,6.1,6.8,1.0,651.0,0.6086464916992189,False,CALL,2026-06-18,CRSP
CRSP260618C00060000,60.0,5.93,5.4,6.1,17.0,772.0,0.6181678808593751,False,CALL,2026-06-18,CRSP
CRSP260618C00062500,62.5,4.8,4.6,5.4,83.0,187.0,0.6167030517578126,False,CALL,2026-06-18,CRSP
CRSP260618C00065000,65.0,4.3,4.0,4.5,1.0,220.0,0.6082802844238282,False,CALL,2026-06-18,CRSP
CRSP260618C00067500,67.5,4.62,3.2,4.1,10.0,187.0,0.6051064880371095,False,CALL,2026-06-18,CRSP
CRSP260618P00037500,37.5,1.53,1.35,2.0,1.0,109.0,0.6232947827148438,False,PUT,2026-06-18,CRSP
CRSP260618P00040000,40.0,2.23,2.25,2.5,3.0,307.0,0.6284216845703126,False,PUT,2026-06-18,CRSP
CRSP260618P00042500,42.5,3.1,2.75,3.1,1.0,73.0,0.602787175292969,False,PUT,2026-06-18,CRSP
CRSP260618P00045000,45.0,3.9,3.6,4.0,5.0,51.0,0.5993692407226563,False,PUT,2026-06-18,CRSP
CRSP260618P00047500,47.5,4.9,4.6,5.1,9.0,708.0,0.5994913098144532,False,PUT,2026-06-18,CRSP
CRSP260618P00050000,50.0,5.1,5.6,6.3,8.0,471.0,0.5922892333984376,False,PUT,2026-06-18,CRSP
CRSP260618P00052500,52.5,6.7,6.8,7.6,3.0,185.0,0.586918193359375,False,PUT,2026-06-18,CRSP
CRSP260618P00055000,55.0,7.67,8.2,8.9,1.0,572.0,0.5797161169433593,True,PUT,2026-06-18,CRSP
CRSP260618P00057500,57.5,8.9,9.6,10.7,4.0,169.0,0.5822795678710937,True,PUT,2026-06-18,CRSP
CRSP260618P00060000,60.0,11.5,11.2,12.2,20.0,119.0,0.5727581787109376,True,PUT,2026-06-18,CRSP
CRSP260618P00062500,62.5,12.2,11.7,14.1,5.0,40.0,0.5271043383789062,True,PUT,2026-06-18,CRSP
CRSP260618P00065000,65.0,14.45,14.5,15.6,2.0,74.0,0.547978153076172,True,PUT,2026-06-18,CRSP
CRSP260618P00067500,67.5,13.7,16.2,18.7,1.0,26.0,0.5844768115234374,True,PUT,2026-06-18,CRSP
CRSP260717C00040000,40.0,17.38,15.8,18.3,1.0,18.0,0.6970245141601563,True,CALL,2026-07-17,CRSP
CRSP260717C00042500,42.5,15.0,14.2,16.6,3.0,6.0,0.6882355395507813,True,CALL,2026-07-17,CRSP
CRSP260717C00047500,47.5,17.4,10.7,13.5,2.0,3.0,0.6467320483398438,True,CALL,2026-07-17,CRSP
CRSP260717C00050000,50.0,13.25,10.0,12.4,1.0,16.0,0.6716341430664063,True,CALL,2026-07-17,CRSP
CRSP260717C00052500,52.5,9.82,8.9,11.2,1.0,29.0,0.669070692138672,True,CALL,2026-07-17,CRSP
CRSP260717C00055000,55.0,8.65,7.9,10.0,12.0,75.0,0.6629672375488282,False,CALL,2026-07-17,CRSP
CRSP260717C00057500,57.5,8.85,6.8,9.0,1.0,23.0,0.6539341247558594,False,CALL,2026-07-17,CRSP
CRSP260717C00060000,60.0,7.8,5.9,8.2,2.0,122.0,0.6525913647460939,False,CALL,2026-07-17,CRSP
CRSP260717C00062500,62.5,10.09,5.2,7.5,2.0,2.0,0.6557651611328126,False,CALL,2026-07-17,CRSP
CRSP260717C00065000,65.0,6.25,4.6,6.7,5.0,11.0,0.6538120556640626,False,CALL,2026-07-17,CRSP
CRSP260717C00067500,67.5,4.84,4.1,6.0,12.0,32.0,0.6539341247558594,False,CALL,2026-07-17,CRSP
CRSP260717P00037500,37.5,2.24,1.65,2.5,3.0,5.0,0.6169471899414063,False,PUT,2026-07-17,CRSP
CRSP260717P00040000,40.0,2.45,2.4,3.5,1.0,3.0,0.6323278955078125,False,PUT,2026-07-17,CRSP
CRSP260717P00042500,42.5,3.2,3.1,4.6,13.0,356.0,0.6345251391601563,False,PUT,2026-07-17,CRSP
CRSP260717P00045000,45.0,4.36,4.0,5.6,,1.0,0.6297644445800781,False,PUT,2026-07-17,CRSP
CRSP260717P00047500,47.5,4.65,5.0,6.5,1.0,6.0,0.6159706372070313,False,PUT,2026-07-17,CRSP
CRSP260717P00050000,50.0,6.35,5.5,7.1,5.0,6.0,0.5651898950195313,False,PUT,2026-07-17,CRSP
CRSP260717P00052500,52.5,8.02,7.2,8.5,1.0,8.0,0.5804485314941408,False,PUT,2026-07-17,CRSP
CRSP260717P00055000,55.0,9.32,7.6,10.0,1.0,18.0,0.5451705639648439,True,PUT,2026-07-17,CRSP
CRSP260717P00057500,57.5,8.75,10.1,12.2,5.0,6.0,0.5991251025390626,True,PUT,2026-07-17,CRSP
CRSP260717P00060000,60.0,11.35,11.8,13.9,20.0,28.0,0.6010782080078126,True,PUT,2026-07-17,CRSP
CRSP260717P00065000,65.0,15.67,15.2,17.3,3.0,4.0,0.5865519860839843,True,PUT,2026-07-17,CRSP
CRSP260918C00040000,40.0,21.59,17.0,19.7,5.0,7.0,0.702151416015625,True,CALL,2026-09-18,CRSP
CRSP260918C00042500,42.5,21.0,15.4,18.0,1.0,4.0,0.6857941577148439,True,CALL,2026-09-18,CRSP
CRSP260918C00045000,45.0,15.0,14.3,15.4,1.0,11.0,0.6502720520019531,True,CALL,2026-09-18,CRSP
CRSP260918C00047500,47.5,17.9,12.6,15.2,30.0,34.0,0.6713900048828126,True,CALL,2026-09-18,CRSP
CRSP260918C00050000,50.0,14.2,11.4,13.7,1.0,41.0,0.6589389575195312,True,CALL,2026-09-18,CRSP
CRSP260918C00052500,52.5,12.9,10.4,12.7,1.0,28.0,0.6630893066406252,True,CALL,2026-09-18,CRSP
CRSP260918C00055000,55.0,10.5,9.2,11.6,4.0,102.0,0.6528355029296876,False,CALL,2026-09-18,CRSP
CRSP260918C00057500,57.5,9.0,8.6,10.5,1.0,23.0,0.6557651611328126,False,CALL,2026-09-18,CRSP
CRSP260918C00060000,60.0,8.4,7.9,8.6,3.0,196.0,0.6278113391113282,False,CALL,2026-09-18,CRSP
CRSP260918C00062500,62.5,11.8,6.8,8.9,3.0,45.0,0.6485020501708985,False,CALL,2026-09-18,CRSP
CRSP260918C00065000,65.0,7.45,5.9,8.3,20.0,48.0,0.6447789428710937,False,CALL,2026-09-18,CRSP
CRSP260918C00067500,67.5,6.1,5.4,7.6,1.0,8.0,0.6462437719726561,False,CALL,2026-09-18,CRSP
CRSP260918P00037500,37.5,3.03,2.6,3.7,1.0,9.0,0.63086306640625,False,PUT,2026-09-18,CRSP
CRSP260918P00040000,40.0,3.6,3.3,4.7,5.0,30.0,0.6289099609375001,False,PUT,2026-09-18,CRSP
CRSP260918P00042500,42.5,3.7,4.2,5.6,1.0,3.0,0.6221961608886719,False,PUT,2026-09-18,CRSP
CRSP260918P00045000,45.0,5.9,5.2,6.5,1.0,32.0,0.6119423571777345,False,PUT,2026-09-18,CRSP
CRSP260918P00047500,47.5,5.6,6.4,7.1,3.0,14.0,0.5922892333984376,False,PUT,2026-09-18,CRSP
CRSP260918P00050000,50.0,8.0,7.6,8.3,8.0,41.0,0.5864299169921875,False,PUT,2026-09-18,CRSP
CRSP260918P00052500,52.5,10.8,8.3,9.7,2.0,7.0,0.565556102294922,False,PUT,2026-09-18,CRSP
CRSP260918P00055000,55.0,10.9,10.3,11.1,49.0,170.0,0.5783733569335938,True,PUT,2026-09-18,CRSP
CRSP260918P00060000,60.0,12.25,13.1,15.2,2.0,17.0,0.5898478515625001,True,PUT,2026-09-18,CRSP
CRSP260918P00062500,62.5,11.3,16.5,21.0,,1.0,0.7573266455078126,True,PUT,2026-09-18,CRSP
CRSP260918P00065000,65.0,16.5,16.2,18.6,2.0,4.0,0.5706830041503907,True,PUT,2026-09-18,CRSP
CRSP260918P00067500,67.5,15.7,20.5,23.6,1.0,3.0,0.7355983471679688,True,PUT,2026-09-18,CRSP
CRSP270115C00037500,37.5,25.5,19.9,22.9,1.0,122.0,0.6781038049316408,True,CALL,2027-01-15,CRSP
CRSP270115C00040000,40.0,20.2,19.0,21.0,2.0,913.0,0.6781038049316408,True,CALL,2027-01-15,CRSP
CRSP270115C00042500,42.5,21.78,17.0,19.9,4.0,71.0,0.6634555139160159,True,CALL,2027-01-15,CRSP
CRSP270115C00045000,45.0,18.53,15.7,18.5,2.0,418.0,0.6567417138671876,True,CALL,2027-01-15,CRSP
CRSP270115C00047500,47.5,18.0,14.5,17.3,1.0,131.0,0.6541782629394532,True,CALL,2027-01-15,CRSP
CRSP270115C00050000,50.0,15.2,13.8,15.1,3.0,879.0,0.6345251391601563,True,CALL,2027-01-15,CRSP
CRSP270115C00052500,52.5,14.45,12.4,15.0,10.0,279.0,0.6475865319824219,True,CALL,2027-01-15,CRSP
CRSP270115C00055000,55.0,13.3,11.5,12.7,4.0,521.0,0.6145058081054688,False,CALL,2027-01-15,CRSP
CRSP270115C00057500,57.5,11.6,10.7,12.9,1.0,250.0,0.6424596301269532,False,CALL,2027-01-15,CRSP
CRSP270115C00060000,60.0,10.65,10.2,11.5,5.0,814.0,0.635318588256836,False,CALL,2027-01-15,CRSP
CRSP270115C00062500,62.5,10.0,8.9,11.4,1.0,80.0,0.6374547973632813,False,CALL,2027-01-15,CRSP
CRSP270115C00065000,65.0,10.55,8.1,10.7,2.0,472.0,0.6346472082519532,False,CALL,2027-01-15,CRSP
CRSP270115C00067500,67.5,9.7,7.5,9.9,2.0,79.0,0.6317785845947266,False,CALL,2027-01-15,CRSP
CRSP270115P00037500,37.5,4.4,3.7,5.2,1.0,178.0,0.6081582153320313,False,PUT,2027-01-15,CRSP
CRSP270115P00040000,40.0,4.95,4.5,5.5,2.0,980.0,0.5780071496582031,False,PUT,2027-01-15,CRSP
CRSP270115P00042500,42.5,6.8,5.3,7.2,1.0,201.0,0.5883830224609375,False,PUT,2027-01-15,CRSP
CRSP270115P00045000,45.0,6.4,6.6,8.3,1.0,253.0,0.5888712988281251,False,PUT,2027-01-15,CRSP
CRSP270115P00047500,47.5,7.0,7.8,9.6,2.0,176.0,0.5867961242675781,False,PUT,2027-01-15,CRSP
CRSP270115P00050000,50.0,9.48,9.1,10.6,2.0,396.0,0.575077491455078,False,PUT,2027-01-15,CRSP
CRSP270115P00052500,52.5,11.3,10.6,11.7,9.0,2033.0,0.567265069580078,False,PUT,2027-01-15,CRSP
CRSP270115P00055000,55.0,12.3,11.6,13.6,2.0,2104.0,0.5631147204589844,True,PUT,2027-01-15,CRSP
CRSP270115P00057500,57.5,14.0,13.1,15.3,11.0,50.0,0.5627485131835939,True,PUT,2027-01-15,CRSP
CRSP270115P00060000,60.0,13.18,14.7,16.9,1.0,114.0,0.5588423022460938,True,PUT,2027-01-15,CRSP
CRSP270115P00062500,62.5,17.2,16.3,18.6,5.0,19.0,0.5541426422119142,True,PUT,2027-01-15,CRSP
CRSP270115P00065000,65.0,19.6,18.0,21.2,1.0,34.0,0.5704388659667969,True,PUT,2027-01-15,CRSP
CRSP270115P00067500,67.5,22.2,19.8,22.2,10.0,22.0,0.547978153076172,True,PUT,2027-01-15,CRSP
CRSP280121C00037500,37.5,26.0,28.5,32.3,,2.0,0.9085702502441406,True,CALL,2028-01-21,CRSP
CRSP280121C00040000,40.0,24.2,22.5,25.7,10.0,117.0,0.6561313684082033,True,CALL,2028-01-21,CRSP
CRSP280121C00042500,42.5,24.2,21.2,24.4,3.0,6.0,0.646365841064453,True,CALL,2028-01-21,CRSP
CRSP280121C00045000,45.0,23.0,20.2,23.3,1.0,44.0,0.6450230810546875,True,CALL,2028-01-21,CRSP
CRSP280121C00047500,47.5,21.95,19.1,22.3,11.0,43.0,0.6414830773925781,True,CALL,2028-01-21,CRSP
CRSP280121C00050000,50.0,20.29,18.1,21.2,1.0,64.0,0.6361120373535156,True,CALL,2028-01-21,CRSP
CRSP280121C00052500,52.5,18.8,17.5,20.2,6.0,62.0,0.6383703155517577,True,CALL,2028-01-21,CRSP
CRSP280121C00055000,55.0,19.1,16.1,19.1,1.0,227.0,0.6224402990722657,False,CALL,2028-01-21,CRSP
CRSP280121C00057500,57.5,18.0,15.3,18.4,1.0,22.0,0.6233558172607423,False,CALL,2028-01-21,CRSP
CRSP280121C00060000,60.0,16.2,14.5,17.6,7.0,218.0,0.6209144354248048,False,CALL,2028-01-21,CRSP
CRSP280121C00062500,62.5,19.54,13.3,16.8,3.0,28.0,0.6103554589843752,False,CALL,2028-01-21,CRSP
CRSP280121C00065000,65.0,15.1,13.0,16.1,1.0,62.0,0.6156654644775392,False,CALL,2028-01-21,CRSP
CRSP280121C00067500,67.5,19.5,12.4,15.5,1.0,26.0,0.616336844482422,False,CALL,2028-01-21,CRSP
CRSP280121P00037500,37.5,8.8,5.6,0.0,1.0,3.0,0.062509375,False,PUT,2028-01-21,CRSP
CRSP280121P00040000,40.0,8.25,7.6,9.3,4.0,55.0,0.5581098876953126,False,PUT,2028-01-21,CRSP
CRSP280121P00042500,42.5,10.13,7.9,11.4,1.0,24.0,0.5534102276611328,False,PUT,2028-01-21,CRSP
CRSP280121P00045000,45.0,11.5,0.0,12.5,1.0,8.0,0.6127358062744142,False,PUT,2028-01-21,CRSP
CRSP280121P00047500,47.5,13.3,11.3,13.1,20.0,65.0,0.5425460784912111,False,PUT,2028-01-21,CRSP
CRSP280121P00050000,50.0,13.25,12.6,14.0,4.0,51.0,0.5274095111083985,False,PUT,2028-01-21,CRSP
CRSP280121P00055000,55.0,16.0,15.5,17.4,1.0,19.0,0.5264939929199219,True,PUT,2028-01-21,CRSP
CRSP280121P00057500,57.5,20.5,16.2,0.0,,10.0,1.0000000000000003e-05,True,PUT,2028-01-21,CRSP
CRSP280121P00060000,60.0,18.92,18.5,20.6,10.0,27.0,0.5163012237548827,True,PUT,2028-01-21,CRSP
CRSP280121P00062500,62.5,25.16,18.4,0.0,1.0,12.0,1.0000000000000003e-05,True,PUT,2028-01-21,CRSP
CRSP280121P00065000,65.0,22.01,21.7,24.1,1.0,12.0,0.5082446636962892,True,PUT,2028-01-21,CRSP
CRSP280121P00067500,67.5,20.2,26.0,30.5,1.0,2.0,0.6252478881835939,True,PUT,2028-01-21,CRSP
CRWD260130C00320000,320.0,162.85,117.55,125.5,1.0,1.0,2.7031282421875,True,CALL,2026-01-30,CRWD
CRWD260130C00325000,325.0,155.45,112.3,120.15,1.0,1.0,2.496097509765625,True,CALL,2026-01-30,CRWD
CRWD260130C00330000,330.0,133.3,107.75,114.3,1.0,1.0,2.3222698193359372,True,CALL,2026-01-30,CRWD
CRWD260130C00340000,340.0,112.87,98.15,103.5,2.0,2.0,2.050786123046875,True,CALL,2026-01-30,CRWD
CRWD260130C00350000,350.0,104.2,88.2,93.5,1.0,1.0,1.8662116064453125,True,CALL,2026-01-30,CRWD
CRWD260130C00360000,360.0,75.67,78.2,84.2,1.0,4.0,1.7773448632812499,True,CALL,2026-01-30,CRWD
CRWD260130C00365000,365.0,95.66,73.2,78.65,1.0,1.0,1.6030293286132813,True,CALL,2026-01-30,CRWD
CRWD260130C00375000,375.0,85.55,63.0,68.8,2.0,216.0,1.4072295263671877,True,CALL,2026-01-30,CRWD
CRWD260130C00385000,385.0,68.94,53.2,58.55,1.0,1.0,1.2138711181640622,True,CALL,2026-01-30,CRWD
CRWD260130C00395000,395.0,88.31,43.2,48.6,1.0,3.0,1.0332079589843752,True,CALL,2026-01-30,CRWD
CRWD260130C00400000,400.0,35.34,38.25,43.6,1.0,11.0,0.9443364941406249,True,CALL,2026-01-30,CRWD
CRWD260130C00405000,405.0,79.26,33.3,38.55,,1.0,0.8493667407226562,True,CALL,2026-01-30,CRWD
CRWD260130C00410000,410.0,29.82,28.35,33.45,1.0,11.0,0.7492700854492188,True,CALL,2026-01-30,CRWD
CRWD260130C00415000,415.0,20.99,23.45,28.45,5.0,2.0,0.6606479248046876,True,CALL,2026-01-30,CRWD
CRWD260130C00417500,417.5,64.3,20.8,26.3,2.0,17.0,0.6259803027343751,True,CALL,2026-01-30,CRWD
CRWD260130C00420000,420.0,16.7,18.65,23.9,1.0,6.0,0.6059609716796877,True,CALL,2026-01-30,CRWD
CRWD260130C00425000,425.0,16.59,13.75,19.0,22.0,2.0,0.5106250109863282,True,CALL,2026-01-30,CRWD
CRWD260130C00430000,430.0,11.35,11.85,12.9,84.0,48.0,0.5432174584960938,True,CALL,2026-01-30,CRWD
CRWD260130C00432500,432.5,10.86,9.2,11.4,17.0,1.0,0.5598188549804688,True,CALL,2026-01-30,CRWD
CRWD260130C00435000,435.0,10.0,7.1,8.55,206.0,11.0,0.45508357421875,True,CALL,2026-01-30,CRWD
CRWD260130C00440000,440.0,5.55,4.65,5.9,539.0,71.0,0.46411668701171876,False,CALL,2026-01-30,CRWD
CRWD260130C00442500,442.5,4.0,3.65,4.3,218.0,1.0,0.42774009765625004,False,CALL,2026-01-30,CRWD
CRWD260130C00445000,445.0,3.65,3.0,3.55,1133.0,135.0,0.44434149414062496,False,CALL,2026-01-30,CRWD
CRWD260130C00447500,447.5,2.71,2.3,2.54,247.0,30.0,0.42627526855468756,False,CALL,2026-01-30,CRWD
CRWD260130C00450000,450.0,1.6,1.6,1.7,817.0,536.0,0.4057676611328125,False,CALL,2026-01-30,CRWD
CRWD260130C00452500,452.5,1.61,1.17,1.37,444.0,135.0,0.42310147216796873,False,CALL,2026-01-30,CRWD
CRWD260130C00455000,455.0,1.15,0.84,1.06,827.0,297.0,0.4335994140625,False,CALL,2026-01-30,CRWD
CRWD260130C00457500,457.5,0.7,0.64,0.79,105.0,144.0,0.43945873046875,False,CALL,2026-01-30,CRWD
CRWD260130C00460000,460.0,0.53,0.49,0.58,385.0,405.0,0.44434149414062496,False,CALL,2026-01-30,CRWD
CRWD260130C00462500,462.5,0.3,0.31,0.48,54.0,133.0,0.4624077197265626,False,CALL,2026-01-30,CRWD
CRWD260130C00465000,465.0,0.25,0.16,0.3,686.0,893.0,0.45264219238281256,False,CALL,2026-01-30,CRWD
CRWD260130C00467500,467.5,0.23,0.0,0.53,55.0,284.0,0.5483443603515626,False,CALL,2026-01-30,CRWD
CRWD260130C00470000,470.0,0.21,0.12,0.44,282.0,593.0,0.5136767382812499,False,CALL,2026-01-30,CRWD
CRWD260130C00472500,472.5,0.22,0.05,0.35,60.0,192.0,0.5151415673828125,False,CALL,2026-01-30,CRWD
CRWD260130C00475000,475.0,0.1,0.01,0.25,150.0,537.0,0.5097705273437501,False,CALL,2026-01-30,CRWD
CRWD260130C00477500,477.5,0.19,0.02,0.38,21.0,847.0,0.5766643896484375,False,CALL,2026-01-30,CRWD
CRWD260130C00480000,480.0,0.08,0.05,0.1,230.0,1419.0,0.52539537109375,False,CALL,2026-01-30,CRWD
CRWD260130C00482500,482.5,0.12,0.05,0.27,25.0,423.0,0.6152382226562501,False,CALL,2026-01-30,CRWD
CRWD260130C00485000,485.0,0.06,0.05,0.07,231.0,902.0,0.5625043750000001,False,CALL,2026-01-30,CRWD
CRWD260130C00487500,487.5,0.05,0.01,0.2,40.0,141.0,0.632816171875,False,CALL,2026-01-30,CRWD
CRWD260130C00490000,490.0,0.04,0.02,0.05,103.0,1500.0,0.5742230078125,False,CALL,2026-01-30,CRWD
CRWD260130C00492500,492.5,0.17,0.0,0.33,33.0,189.0,0.7304714453125,False,CALL,2026-01-30,CRWD
CRWD260130C00495000,495.0,0.02,0.0,0.05,135.0,572.0,0.6015664843750002,False,CALL,2026-01-30,CRWD
CRWD260130C00497500,497.5,0.05,0.01,0.03,48.0,434.0,0.6093789062500001,False,CALL,2026-01-30,CRWD
CRWD260130C00500000,500.0,0.02,0.02,0.05,199.0,3051.0,0.6679720703125002,False,CALL,2026-01-30,CRWD
CRWD260130C00502500,502.5,0.18,0.01,0.08,2.0,373.0,0.710940390625,False,CALL,2026-01-30,CRWD
CRWD260130C00505000,505.0,0.05,0.0,0.25,25.0,316.0,0.8320329296874999,False,CALL,2026-01-30,CRWD
CRWD260130C00507500,507.5,0.06,0.0,0.16,14.0,47.0,0.8105487695312499,False,CALL,2026-01-30,CRWD
CRWD260130C00510000,510.0,0.01,0.01,0.25,28.0,996.0,0.8886729882812499,False,CALL,2026-01-30,CRWD
CRWD260130C00515000,515.0,0.05,0.0,0.04,5.0,763.0,0.7578149218750001,False,CALL,2026-01-30,CRWD
CRWD260130C00520000,520.0,0.01,0.01,0.25,60.0,778.0,0.9863282617187501,False,CALL,2026-01-30,CRWD
CRWD260130C00525000,525.0,0.01,0.0,0.3,30.0,143.0,1.0546922265625,False,CALL,2026-01-30,CRWD
CRWD260130C00530000,530.0,0.01,0.0,0.08,74.0,172.0,0.945313046875,False,CALL,2026-01-30,CRWD
CRWD260130C00535000,535.0,0.02,0.0,4.2,1.0,17.0,1.8168954467773437,False,CALL,2026-01-30,CRWD
CRWD260130C00540000,540.0,0.13,0.0,0.48,2.0,53.0,1.2753942480468747,False,CALL,2026-01-30,CRWD
CRWD260130C00545000,545.0,0.13,0.0,0.01,8.0,22.0,0.8906260937499999,False,CALL,2026-01-30,CRWD
CRWD260130C00550000,550.0,0.02,0.0,0.5,10.0,108.0,1.3789093554687497,False,CALL,2026-01-30,CRWD
CRWD260130C00555000,555.0,0.01,0.0,2.39,1.0,31.0,1.8378914355468747,False,CALL,2026-01-30,CRWD
CRWD260130C00560000,560.0,0.01,0.0,4.3,13.0,56.0,2.1367234082031246,False,CALL,2026-01-30,CRWD
CRWD260130C00565000,565.0,0.02,0.0,4.3,10.0,50.0,2.1958052917480466,False,CALL,2026-01-30,CRWD
CRWD260130C00570000,570.0,0.01,0.0,4.3,1.0,50.0,2.2536664752197266,False,CALL,2026-01-30,CRWD
CRWD260130P00320000,320.0,0.01,0.0,0.04,15.0,87.0,1.46875265625,False,PUT,2026-01-30,CRWD
CRWD260130P00325000,325.0,0.04,0.0,0.08,14.0,37.0,1.4921900390624998,False,PUT,2026-01-30,CRWD
CRWD260130P00330000,330.0,0.01,0.0,0.05,68.0,128.0,1.359378203125,False,PUT,2026-01-30,CRWD
CRWD260130P00335000,335.0,0.1,0.01,0.08,36.0,101.0,1.3750031249999999,False,PUT,2026-01-30,CRWD
CRWD260130P00340000,340.0,0.01,0.0,0.05,53.0,66.0,1.2343788281249999,False,PUT,2026-01-30,CRWD
CRWD260130P00345000,345.0,0.02,0.0,0.1,1.0,95.0,1.2500037499999999,False,PUT,2026-01-30,CRWD
CRWD260130P00350000,350.0,0.01,0.01,0.05,5.0,147.0,1.125004375,False,PUT,2026-01-30,CRWD
CRWD260130P00355000,355.0,0.01,0.0,0.1,24.0,102.0,1.1171919140625,False,PUT,2026-01-30,CRWD
CRWD260130P00360000,360.0,0.01,0.0,0.06,21.0,197.0,0.9960937890625,False,PUT,2026-01-30,CRWD
CRWD260130P00365000,365.0,0.05,0.0,0.06,18.0,221.0,0.937500625,False,PUT,2026-01-30,CRWD
CRWD260130P00370000,370.0,0.09,0.0,0.07,11.0,65.0,0.8867198828124999,False,PUT,2026-01-30,CRWD
CRWD260130P00375000,375.0,0.18,0.0,0.11,2.0,309.0,0.867188828125,False,PUT,2026-01-30,CRWD
CRWD260130P00380000,380.0,0.15,0.0,0.09,6.0,241.0,0.7851583984375,False,PUT,2026-01-30,CRWD
CRWD260130P00385000,385.0,0.08,0.0,0.34,12.0,86.0,0.8564467480468749,False,PUT,2026-01-30,CRWD
CRWD260130P00387500,387.5,0.17,0.0,0.97,,6.0,0.9775392871093751,False,PUT,2026-01-30,CRWD
CRWD260130P00390000,390.0,0.07,0.0,0.2,21.0,199.0,0.726565234375,False,PUT,2026-01-30,CRWD
CRWD260130P00392500,392.5,0.16,0.0,0.29,18.0,13.0,0.7304714453125,False,PUT,2026-01-30,CRWD
CRWD260130P00395000,395.0,0.17,0.01,0.27,18.0,242.0,0.6914093359375001,False,PUT,2026-01-30,CRWD
CRWD260130P00397500,397.5,0.21,0.0,0.21,33.0,11.0,0.629886513671875,False,PUT,2026-01-30,CRWD
CRWD260130P00400000,400.0,0.14,0.01,0.36,47.0,532.0,0.649417568359375,False,PUT,2026-01-30,CRWD
CRWD260130P00402500,402.5,0.34,0.01,0.38,81.0,87.0,0.6181678808593751,False,PUT,2026-01-30,CRWD
CRWD260130P00405000,405.0,0.55,0.01,0.58,34.0,133.0,0.6254920263671876,False,PUT,2026-01-30,CRWD
CRWD260130P00407500,407.5,0.23,0.0,0.3,450.0,73.0,0.5214891601562499,False,PUT,2026-01-30,CRWD
CRWD260130P00410000,410.0,0.35,0.0,0.35,201.0,403.0,0.5664105859375,False,PUT,2026-01-30,CRWD
CRWD260130P00412500,412.5,0.34,0.2,0.6,518.0,29.0,0.5410202148437502,False,PUT,2026-01-30,CRWD
CRWD260130P00415000,415.0,0.38,0.24,0.56,108.0,262.0,0.500005,False,PUT,2026-01-30,CRWD
CRWD260130P00417500,417.5,0.61,0.33,0.6,91.0,47.0,0.5043994873046875,False,PUT,2026-01-30,CRWD
CRWD260130P00420000,420.0,0.5,0.49,0.72,193.0,863.0,0.48242705078125003,False,PUT,2026-01-30,CRWD
CRWD260130P00422500,422.5,0.59,0.71,1.11,244.0,73.0,0.49609878906250005,False,PUT,2026-01-30,CRWD
CRWD260130P00425000,425.0,0.89,0.95,1.25,246.0,257.0,0.4633842724609375,False,PUT,2026-01-30,CRWD
CRWD260130P00427500,427.5,1.25,1.23,1.5,292.0,42.0,0.43921459228515625,False,PUT,2026-01-30,CRWD
CRWD260130P00430000,430.0,1.55,1.75,2.07,267.0,401.0,0.44043528320312497,False,PUT,2026-01-30,CRWD
CRWD260130P00432500,432.5,1.84,2.18,2.4,149.0,108.0,0.407232490234375,False,PUT,2026-01-30,CRWD
CRWD260130P00435000,435.0,2.64,2.88,3.15,198.0,361.0,0.4008848974609375,False,PUT,2026-01-30,CRWD
CRWD260130P00437500,437.5,3.5,3.4,3.9,571.0,463.0,0.3813538427734374,False,PUT,2026-01-30,CRWD
CRWD260130P00440000,440.0,4.2,4.5,5.15,678.0,638.0,0.38635867553710934,True,PUT,2026-01-30,CRWD
CRWD260130P00442500,442.5,5.32,5.75,6.45,558.0,471.0,0.379889013671875,True,PUT,2026-01-30,CRWD
CRWD260130P00445000,445.0,7.2,7.25,7.9,255.0,984.0,0.36902486450195315,True,PUT,2026-01-30,CRWD
CRWD260130P00447500,447.5,8.6,8.85,9.6,83.0,498.0,0.3621889953613281,True,PUT,2026-01-30,CRWD
CRWD260130P00450000,450.0,10.88,10.7,11.95,158.0,813.0,0.40479110839843746,True,PUT,2026-01-30,CRWD
CRWD260130P00452500,452.5,12.3,13.15,14.15,169.0,1407.0,0.4255428540039063,True,PUT,2026-01-30,CRWD
CRWD260130P00455000,455.0,16.23,12.8,15.5,227.0,626.0,0.2929758203124999,True,PUT,2026-01-30,CRWD
CRWD260130P00457500,457.5,18.38,15.75,20.45,28.0,117.0,0.6709017285156251,True,PUT,2026-01-30,CRWD
CRWD260130P00460000,460.0,19.8,17.3,20.6,127.0,522.0,0.3920959228515625,True,PUT,2026-01-30,CRWD
CRWD260130P00462500,462.5,24.34,19.7,22.7,34.0,82.0,1.0000000000000003e-05,True,PUT,2026-01-30,CRWD
CRWD260130P00465000,465.0,24.41,22.15,25.6,371.0,855.0,0.4643608251953125,True,PUT,2026-01-30,CRWD
CRWD260130P00467500,467.5,31.95,24.1,29.7,25.0,316.0,0.7797873583984375,True,PUT,2026-01-30,CRWD
CRWD260130P00470000,470.0,29.17,26.1,32.25,60.0,447.0,0.8313005151367187,True,PUT,2026-01-30,CRWD
CRWD260130P00472500,472.5,36.9,29.65,33.3,31.0,183.0,0.6235389208984375,True,PUT,2026-01-30,CRWD
CRWD260130P00475000,475.0,37.0,33.0,37.3,31.0,288.0,0.9255378540039063,True,PUT,2026-01-30,CRWD
CRWD260130P00477500,477.5,35.0,33.9,40.0,4.0,96.0,0.9960937890625,True,PUT,2026-01-30,CRWD
CRWD260130P00480000,480.0,40.41,36.4,42.0,10.0,167.0,0.9645999633789062,True,PUT,2026-01-30,CRWD
CRWD260130P00482500,482.5,36.0,39.0,44.45,2.0,44.0,0.9965820654296875,True,PUT,2026-01-30,CRWD
CRWD260130P00485000,485.0,49.41,41.4,47.25,58.0,77.0,1.083988955078125,True,PUT,2026-01-30,CRWD
CRWD260130P00490000,490.0,41.0,46.2,52.0,2.0,51.0,1.1215864233398438,True,PUT,2026-01-30,CRWD
CRWD260130P00495000,495.0,15.52,51.5,57.0,4.0,21.0,1.1967813598632815,True,PUT,2026-01-30,CRWD
CRWD260130P00500000,500.0,61.52,55.55,63.1,15.0,67.0,1.4499539221191409,True,PUT,2026-01-30,CRWD
CRWD260130P00505000,505.0,28.7,60.8,68.1,1.0,3.0,1.527101973876953,True,PUT,2026-01-30,CRWD
CRWD260130P00507500,507.5,70.25,62.8,70.6,3.0,0.0,1.5649435815429684,True,PUT,2026-01-30,CRWD
CRWD260130P00510000,510.0,30.6,65.55,73.1,1.0,0.0,1.6025410498046875,True,PUT,2026-01-30,CRWD
CRWD260130P00515000,515.0,37.05,70.0,78.1,2.0,0.0,1.6760270104980468,True,PUT,2026-01-30,CRWD
CRWD260130P00520000,520.0,65.0,75.85,83.1,2.0,0.0,1.748048134765625,True,PUT,2026-01-30,CRWD
CRWD260130P00525000,525.0,73.4,79.95,88.1,1.0,0.0,1.8188485620117185,True,PUT,2026-01-30,CRWD
CRWD260130P00530000,530.0,52.55,85.1,93.1,2.0,0.0,1.8881841528320313,True,PUT,2026-01-30,CRWD
CRWD260130P00540000,540.0,67.08,95.8,102.8,2.0,0.0,1.9677735986328124,True,PUT,2026-01-30,CRWD
CRWD260130P00565000,565.0,82.64,119.95,127.55,3.0,0.0,2.2265669335937495,True,PUT,2026-01-30,CRWD
CRWD260206C00350000,350.0,98.7,88.55,93.95,,1.0,0.9382330395507812,True,CALL,2026-02-06,CRWD
CRWD260206C00375000,375.0,70.14,63.8,69.25,,1.0,0.7338893798828124,True,CALL,2026-02-06,CRWD
CRWD260206C00390000,390.0,52.0,49.25,54.8,2.0,2.0,0.6340368627929689,True,CALL,2026-02-06,CRWD
CRWD260206C00400000,400.0,41.28,40.05,43.35,12.0,9.0,0.5106250109863282,True,CALL,2026-02-06,CRWD
CRWD260206C00405000,405.0,78.23,35.85,40.2,1.0,0.0,0.5481002221679689,True,CALL,2026-02-06,CRWD
CRWD260206C00410000,410.0,44.5,30.4,35.65,2.0,7.0,0.6295813409423829,True,CALL,2026-02-06,CRWD
CRWD260206C00415000,415.0,44.27,26.1,32.05,1.0,1.0,0.6306189282226562,True,CALL,2026-02-06,CRWD
CRWD260206C00420000,420.0,19.92,22.2,28.0,19.0,11.0,0.6040689007568361,True,CALL,2026-02-06,CRWD
CRWD260206C00425000,425.0,16.74,20.25,23.1,8.0,20.0,0.5376633148193359,True,CALL,2026-02-06,CRWD
CRWD260206C00427500,427.5,30.0,17.95,19.4,,1.0,0.45386288330078123,True,CALL,2026-02-06,CRWD
CRWD260206C00430000,430.0,17.92,17.05,18.1,12.0,7.0,0.4639946179199219,True,CALL,2026-02-06,CRWD
CRWD260206C00432500,432.5,16.3,14.7,16.05,22.0,0.0,0.4424494232177735,True,CALL,2026-02-06,CRWD
CRWD260206C00435000,435.0,15.21,13.5,14.55,74.0,27.0,0.43921459228515625,True,CALL,2026-02-06,CRWD
CRWD260206C00440000,440.0,11.4,11.05,11.25,136.0,32.0,0.4130307720947265,False,CALL,2026-02-06,CRWD
CRWD260206C00442500,442.5,10.25,9.6,10.9,84.0,9.0,0.4426325268554688,False,CALL,2026-02-06,CRWD
CRWD260206C00445000,445.0,9.45,8.65,9.6,95.0,64.0,0.4348201049804688,False,CALL,2026-02-06,CRWD
CRWD260206C00447500,447.5,8.25,7.5,8.8,491.0,10.0,0.442388388671875,False,CALL,2026-02-06,CRWD
CRWD260206C00450000,450.0,7.3,6.55,7.45,1395.0,87.0,0.42639733764648446,False,CALL,2026-02-06,CRWD
CRWD260206C00452500,452.5,6.5,5.05,6.55,120.0,72.0,0.4242000939941406,False,CALL,2026-02-06,CRWD
CRWD260206C00455000,455.0,5.25,5.1,6.05,42.0,62.0,0.43506424316406256,False,CALL,2026-02-06,CRWD
CRWD260206C00457500,457.5,4.65,4.05,5.15,24.0,13.0,0.4270076831054688,False,CALL,2026-02-06,CRWD
CRWD260206C00460000,460.0,4.0,3.9,4.35,74.0,168.0,0.4195614685058594,False,CALL,2026-02-06,CRWD
CRWD260206C00462500,462.5,3.6,3.05,3.95,18.0,64.0,0.4271297521972657,False,CALL,2026-02-06,CRWD
CRWD260206C00465000,465.0,3.5,2.99,3.5,88.0,123.0,0.43018147949218755,False,CALL,2026-02-06,CRWD
CRWD260206C00467500,467.5,3.09,2.3,2.93,15.0,68.0,0.4243221630859375,False,CALL,2026-02-06,CRWD
CRWD260206C00470000,470.0,2.45,2.0,2.49,360.0,295.0,0.42212491943359376,False,CALL,2026-02-06,CRWD
CRWD260206C00472500,472.5,2.35,1.84,2.31,10.0,78.0,0.4327449304199219,False,CALL,2026-02-06,CRWD
CRWD260206C00475000,475.0,1.91,1.54,1.93,65.0,226.0,0.42896078857421877,False,CALL,2026-02-06,CRWD
CRWD260206C00477500,477.5,1.56,1.36,1.66,15.0,47.0,0.42969320312500003,False,CALL,2026-02-06,CRWD
CRWD260206C00480000,480.0,1.45,1.2,1.52,171.0,480.0,0.4379939013671875,False,CALL,2026-02-06,CRWD
CRWD260206C00482500,482.5,1.38,0.96,1.29,51.0,63.0,0.4373835559082031,False,CALL,2026-02-06,CRWD
CRWD260206C00485000,485.0,1.05,0.87,1.14,75.0,237.0,0.4414118359375,False,CALL,2026-02-06,CRWD
CRWD260206C00487500,487.5,0.86,0.66,1.05,30.0,43.0,0.44995667236328124,False,CALL,2026-02-06,CRWD
CRWD260206C00490000,490.0,0.51,0.55,0.94,61.0,294.0,0.45508357421875,False,CALL,2026-02-06,CRWD
CRWD260206C00492500,492.5,0.66,0.58,0.88,13.0,32.0,0.4646049633789063,False,CALL,2026-02-06,CRWD
CRWD260206C00495000,495.0,0.51,0.43,0.77,31.0,123.0,0.4672904833984375,False,CALL,2026-02-06,CRWD
CRWD260206C00497500,497.5,4.6,0.0,2.5,16.0,23.0,0.5366257275390626,False,CALL,2026-02-06,CRWD
CRWD260206C00500000,500.0,0.45,0.33,0.72,182.0,525.0,0.49121602539062503,False,CALL,2026-02-06,CRWD
CRWD260206C00502500,502.5,0.42,0.06,0.72,10.0,39.0,0.5063525927734375,False,CALL,2026-02-06,CRWD
CRWD260206C00505000,505.0,0.45,0.22,0.69,41.0,131.0,0.5168505346679688,False,CALL,2026-02-06,CRWD
CRWD260206C00507500,507.5,0.59,0.11,1.08,3.0,21.0,0.516606396484375,False,CALL,2026-02-06,CRWD
CRWD260206C00510000,510.0,0.92,0.2,0.89,34.0,156.0,0.5224657128906249,False,CALL,2026-02-06,CRWD
CRWD260206C00512500,512.5,0.28,0.0,0.98,70.0,6.0,0.526371923828125,False,CALL,2026-02-06,CRWD
CRWD260206C00515000,515.0,0.35,0.04,0.35,100.0,167.0,0.5105029418945313,False,CALL,2026-02-06,CRWD
CRWD260206C00517500,517.5,0.19,0.15,1.37,83.0,40.0,0.5991251025390626,False,CALL,2026-02-06,CRWD
CRWD260206C00520000,520.0,0.81,0.1,0.68,43.0,428.0,0.5454147021484376,False,CALL,2026-02-06,CRWD
CRWD260206C00522500,522.5,4.19,0.0,3.8,112.0,10.0,0.7603783728027345,False,CALL,2026-02-06,CRWD
CRWD260206C00525000,525.0,0.22,0.0,0.33,182.0,257.0,0.5039112109375,False,CALL,2026-02-06,CRWD
CRWD260206C00527500,527.5,0.87,0.0,4.35,1.0,32.0,0.8172625695800779,False,CALL,2026-02-06,CRWD
CRWD260206C00530000,530.0,0.1,0.0,0.15,4.0,71.0,0.5195360546875,False,CALL,2026-02-06,CRWD
CRWD260206C00535000,535.0,0.1,0.0,0.32,3.0,38.0,0.5468795312500001,False,CALL,2026-02-06,CRWD
CRWD260206C00540000,540.0,0.07,0.0,0.13,62.0,135.0,0.5117236328125,False,CALL,2026-02-06,CRWD
CRWD260206C00545000,545.0,0.55,0.0,4.3,3.0,40.0,0.9211433666992188,False,CALL,2026-02-06,CRWD
CRWD260206C00550000,550.0,0.36,0.0,1.7,1.0,114.0,0.788088056640625,False,CALL,2026-02-06,CRWD
CRWD260206C00555000,555.0,0.5,0.0,4.3,2.0,40.0,0.9790041162109376,False,CALL,2026-02-06,CRWD
CRWD260206C00560000,560.0,0.14,0.0,0.63,7.0,36.0,0.71679970703125,False,CALL,2026-02-06,CRWD
CRWD260206C00565000,565.0,0.23,0.0,0.13,1.0,194.0,0.6093789062500001,False,CALL,2026-02-06,CRWD
CRWD260206C00570000,570.0,1.21,0.0,4.3,9.0,39.0,1.0623826177978517,False,CALL,2026-02-06,CRWD
CRWD260206P00320000,320.0,0.01,0.0,0.2,1.0,0.0,0.81445498046875,False,PUT,2026-02-06,CRWD
CRWD260206P00325000,325.0,0.08,0.0,0.25,2.0,43.0,0.79883013671875,False,PUT,2026-02-06,CRWD
CRWD260206P00330000,330.0,0.03,0.0,4.3,1.0,29.0,1.2214394396972654,False,PUT,2026-02-06,CRWD
CRWD260206P00335000,335.0,0.24,0.0,4.3,6.0,22.0,1.169681885986328,False,PUT,2026-02-06,CRWD
CRWD260206P00340000,340.0,0.11,0.0,0.65,3.0,16.0,0.78711150390625,False,PUT,2026-02-06,CRWD
CRWD260206P00345000,345.0,0.09,0.0,4.35,41.0,30.0,1.0705612878417972,False,PUT,2026-02-06,CRWD
CRWD260206P00350000,350.0,0.13,0.0,0.38,1.0,39.0,0.6562534375000001,False,PUT,2026-02-06,CRWD
CRWD260206P00355000,355.0,0.3,0.0,0.4,2.0,38.0,0.6250037500000001,False,PUT,2026-02-06,CRWD
CRWD260206P00360000,360.0,0.25,0.0,0.22,2.0,71.0,0.543949873046875,False,PUT,2026-02-06,CRWD
CRWD260206P00365000,365.0,0.07,0.0,0.86,4.0,128.0,0.6235389208984375,False,PUT,2026-02-06,CRWD
CRWD260206P00370000,370.0,0.26,0.12,0.4,9.0,65.0,0.5390671093750001,False,PUT,2026-02-06,CRWD
CRWD260206P00372500,372.5,0.31,0.25,0.5,73.0,33.0,0.5522505712890625,False,PUT,2026-02-06,CRWD
CRWD260206P00375000,375.0,0.49,0.0,0.82,6.0,62.0,0.5415084912109377,False,PUT,2026-02-06,CRWD
CRWD260206P00377500,377.5,0.2,0.05,1.26,24.0,46.0,0.569340244140625,False,PUT,2026-02-06,CRWD
CRWD260206P00380000,380.0,0.58,0.28,0.8,125.0,108.0,0.5293015820312501,False,PUT,2026-02-06,CRWD
CRWD260206P00382500,382.5,0.22,0.21,0.92,139.0,52.0,0.5139208764648437,False,PUT,2026-02-06,CRWD
CRWD260206P00385000,385.0,0.72,0.47,0.81,37.0,125.0,0.5063525927734375,False,PUT,2026-02-06,CRWD
CRWD260206P00387500,387.5,0.42,0.35,1.17,91.0,47.0,0.5036670727539063,False,PUT,2026-02-06,CRWD
CRWD260206P00390000,390.0,0.74,0.6,1.05,141.0,138.0,0.5188036401367188,False,PUT,2026-02-06,CRWD
CRWD260206P00392500,392.5,0.29,0.68,1.1,18.0,23.0,0.5026905200195313,False,PUT,2026-02-06,CRWD
CRWD260206P00395000,395.0,1.05,0.84,1.15,66.0,132.0,0.4859670544433594,False,PUT,2026-02-06,CRWD
CRWD260206P00397500,397.5,1.13,0.97,1.29,20.0,7.0,0.477544287109375,False,PUT,2026-02-06,CRWD
CRWD260206P00400000,400.0,1.31,1.15,1.41,159.0,228.0,0.46570358520507815,False,PUT,2026-02-06,CRWD
CRWD260206P00405000,405.0,1.65,1.52,1.95,13.0,141.0,0.4611870288085938,False,PUT,2026-02-06,CRWD
CRWD260206P00407500,407.5,2.32,1.79,2.33,4.0,35.0,0.4622856506347657,False,PUT,2026-02-06,CRWD
CRWD260206P00410000,410.0,2.42,2.08,2.46,65.0,130.0,0.4449518395996094,False,PUT,2026-02-06,CRWD
CRWD260206P00412500,412.5,2.96,2.38,3.0,16.0,32.0,0.4503228796386719,False,PUT,2026-02-06,CRWD
CRWD260206P00415000,415.0,2.8,2.69,3.15,205.0,100.0,0.43115803222656257,False,PUT,2026-02-06,CRWD
CRWD260206P00417500,417.5,3.62,3.0,3.5,20.0,38.0,0.42127043579101564,False,PUT,2026-02-06,CRWD
CRWD260206P00420000,420.0,4.5,3.35,4.1,238.0,172.0,0.42127043579101564,False,PUT,2026-02-06,CRWD
CRWD260206P00425000,425.0,5.79,4.5,5.2,155.0,150.0,0.40772076660156253,False,PUT,2026-02-06,CRWD
CRWD260206P00427500,427.5,5.39,5.15,5.75,77.0,188.0,0.39703972106933594,False,PUT,2026-02-06,CRWD
CRWD260206P00430000,430.0,6.15,6.2,7.1,195.0,475.0,0.41522801574707036,False,PUT,2026-02-06,CRWD
CRWD260206P00432500,432.5,7.2,6.8,7.5,120.0,50.0,0.3929504064941406,False,PUT,2026-02-06,CRWD
CRWD260206P00435000,435.0,7.8,7.95,9.4,188.0,281.0,0.42407802490234375,False,PUT,2026-02-06,CRWD
CRWD260206P00437500,437.5,9.1,8.65,9.65,68.0,94.0,0.3906921282958984,False,PUT,2026-02-06,CRWD
CRWD260206P00440000,440.0,10.15,10.1,11.7,309.0,359.0,0.41992767578125,True,PUT,2026-02-06,CRWD
CRWD260206P00442500,442.5,12.66,11.2,12.8,46.0,28.0,0.41144387390136716,True,PUT,2026-02-06,CRWD
CRWD260206P00445000,445.0,12.65,12.2,13.4,165.0,281.0,0.3812317736816406,True,PUT,2026-02-06,CRWD
CRWD260206P00447500,447.5,16.3,14.05,15.75,21.0,39.0,0.41223732299804683,True,PUT,2026-02-06,CRWD
CRWD260206P00450000,450.0,17.57,15.25,16.65,367.0,484.0,0.38587039916992183,True,PUT,2026-02-06,CRWD
CRWD260206P00452500,452.5,17.59,16.95,18.25,52.0,41.0,0.38220832641601554,True,PUT,2026-02-06,CRWD
CRWD260206P00455000,455.0,19.24,19.0,20.85,19.0,140.0,0.41644870666503897,True,PUT,2026-02-06,CRWD
CRWD260206P00457500,457.5,21.38,20.25,23.0,15.0,48.0,0.4308528594970704,True,PUT,2026-02-06,CRWD
CRWD260206P00460000,460.0,23.2,21.2,25.15,43.0,170.0,0.44348701049804684,True,PUT,2026-02-06,CRWD
CRWD260206P00462500,462.5,26.79,22.55,27.9,9.0,22.0,0.4813284289550781,True,PUT,2026-02-06,CRWD
CRWD260206P00465000,465.0,32.0,24.0,30.15,12.0,256.0,0.49622085815429695,True,PUT,2026-02-06,CRWD
CRWD260206P00467500,467.5,34.8,26.4,32.0,31.0,53.0,0.490788783569336,True,PUT,2026-02-06,CRWD
CRWD260206P00470000,470.0,31.25,28.15,34.35,41.0,391.0,0.5075732836914062,True,PUT,2026-02-06,CRWD
CRWD260206P00472500,472.5,35.88,30.65,35.75,4.0,16.0,0.4725394543457031,True,PUT,2026-02-06,CRWD
CRWD260206P00475000,475.0,37.83,32.4,38.75,12.0,253.0,0.5222215747070311,True,PUT,2026-02-06,CRWD
CRWD260206P00480000,480.0,41.89,38.05,43.2,3.0,95.0,0.5338181384277343,True,PUT,2026-02-06,CRWD
CRWD260206P00485000,485.0,45.2,42.3,47.5,9.0,30.0,0.5288133056640626,True,PUT,2026-02-06,CRWD
CRWD260206P00490000,490.0,54.79,47.3,52.3,1.0,279.0,0.5520064331054688,True,PUT,2026-02-06,CRWD
CRWD260206P00495000,495.0,18.3,51.85,57.25,2.0,10.0,0.5844768115234374,True,PUT,2026-02-06,CRWD
CRWD260206P00500000,500.0,59.02,56.85,61.95,9.0,12.0,0.5944864770507813,True,PUT,2026-02-06,CRWD
CRWD260206P00505000,505.0,67.11,61.65,67.05,1.0,1.0,0.6369665209960937,True,PUT,2026-02-06,CRWD
CRWD260206P00510000,510.0,68.85,66.4,72.3,7.0,20.0,0.6921417504882813,True,PUT,2026-02-06,CRWD
CRWD260206P00512500,512.5,73.34,68.35,74.5,6.0,6.0,0.6817658776855471,True,PUT,2026-02-06,CRWD
CRWD260206P00515000,515.0,58.53,71.5,77.0,1.0,1.0,0.6977569287109376,True,PUT,2026-02-06,CRWD
CRWD260206P00520000,520.0,68.55,76.65,82.0,1.0,15.0,0.729494892578125,True,PUT,2026-02-06,CRWD
CRWD260206P00522500,522.5,83.34,78.45,84.5,6.0,6.0,0.745119736328125,True,PUT,2026-02-06,CRWD
CRWD260206P00525000,525.0,83.27,81.1,87.0,1.0,1.0,0.7605004418945314,True,PUT,2026-02-06,CRWD
CRWD260206P00530000,530.0,65.35,86.0,92.0,,0.0,0.7907735766601562,True,PUT,2026-02-06,CRWD
CRWD260206P00540000,540.0,83.37,95.6,102.0,5.0,0.0,0.8500991552734375,True,PUT,2026-02-06,CRWD
CRWD260206P00550000,550.0,96.45,105.8,112.4,1.0,0.0,0.9494633959960936,True,PUT,2026-02-06,CRWD
CRWD260206P00555000,555.0,77.05,110.3,117.45,1.0,0.0,0.9831544653320312,True,PUT,2026-02-06,CRWD
CRWD260206P00560000,560.0,80.83,114.85,122.45,2.0,0.0,1.011479552001953,True,PUT,2026-02-06,CRWD
CRWD260206P00565000,565.0,85.25,119.95,127.95,4.0,0.0,1.0888717431640624,True,PUT,2026-02-06,CRWD
CRWD260213C00340000,340.0,119.2,99.15,104.45,,1.0,0.8304460314941406,True,CALL,2026-02-13,CRWD
CRWD260213C00385000,385.0,70.0,55.6,61.1,,1.0,0.5877726770019531,True,CALL,2026-02-13,CRWD
CRWD260213C00390000,390.0,55.25,51.5,56.4,10.0,4.0,0.5767864587402343,True,CALL,2026-02-13,CRWD
CRWD260213C00395000,395.0,76.05,46.2,52.45,8.0,7.0,0.5518843640136719,True,CALL,2026-02-13,CRWD
CRWD260213C00400000,400.0,44.39,43.15,47.55,1.0,14.0,0.551457122192383,True,CALL,2026-02-13,CRWD
CRWD260213C00420000,420.0,30.2,27.6,30.95,10.0,6.0,0.5437667694091797,True,CALL,2026-02-13,CRWD
CRWD260213C00425000,425.0,23.01,24.35,25.65,3.0,5.0,0.478948081665039,True,CALL,2026-02-13,CRWD
CRWD260213C00430000,430.0,20.42,20.2,22.15,6.0,2.0,0.46362841064453125,True,CALL,2026-02-13,CRWD
CRWD260213C00435000,435.0,16.76,18.1,18.75,12.0,2.0,0.44550115051269534,True,CALL,2026-02-13,CRWD
CRWD260213C00440000,440.0,16.3,15.35,16.55,16.0,6.0,0.454107021484375,False,CALL,2026-02-13,CRWD
CRWD260213C00445000,445.0,13.59,12.15,13.3,18.0,102.0,0.4274959594726563,False,CALL,2026-02-13,CRWD
CRWD260213C00450000,450.0,10.55,10.85,11.8,104.0,70.0,0.44214425048828127,False,CALL,2026-02-13,CRWD
CRWD260213C00455000,455.0,9.3,8.85,9.95,16.0,24.0,0.44086252502441403,False,CALL,2026-02-13,CRWD
CRWD260213C00460000,460.0,7.15,7.15,8.25,65.0,472.0,0.437505625,False,CALL,2026-02-13,CRWD
CRWD260213C00465000,465.0,6.1,5.8,7.2,14.0,59.0,0.44788149780273434,False,CALL,2026-02-13,CRWD
CRWD260213C00470000,470.0,5.22,4.6,5.3,41.0,70.0,0.4242000939941406,False,CALL,2026-02-13,CRWD
CRWD260213C00475000,475.0,4.2,3.7,4.2,59.0,97.0,0.41974457214355465,False,CALL,2026-02-13,CRWD
CRWD260213C00480000,480.0,3.47,3.05,3.6,53.0,351.0,0.42896078857421877,False,CALL,2026-02-13,CRWD
CRWD260213C00485000,485.0,2.85,2.53,3.05,99.0,149.0,0.4361018304443359,False,CALL,2026-02-13,CRWD
CRWD260213C00490000,490.0,2.2,1.98,2.33,81.0,115.0,0.42981527221679694,False,CALL,2026-02-13,CRWD
CRWD260213C00495000,495.0,1.7,1.66,1.88,9.0,67.0,0.4317683776855469,False,CALL,2026-02-13,CRWD
CRWD260213C00500000,500.0,1.45,1.31,1.54,63.0,247.0,0.43567458862304687,False,CALL,2026-02-13,CRWD
CRWD260213C00505000,505.0,1.19,1.0,1.25,4.0,44.0,0.4387263159179688,False,CALL,2026-02-13,CRWD
CRWD260213C00510000,510.0,0.98,0.8,1.05,8.0,41.0,0.445318046875,False,CALL,2026-02-13,CRWD
CRWD260213C00515000,515.0,0.74,0.65,0.97,2.0,44.0,0.4602104760742188,False,CALL,2026-02-13,CRWD
CRWD260213C00520000,520.0,0.6,0.27,0.95,1.0,108.0,0.4802298071289062,False,CALL,2026-02-13,CRWD
CRWD260213C00525000,525.0,1.95,0.0,4.75,9.0,52.0,0.614261669921875,False,CALL,2026-02-13,CRWD
CRWD260213C00530000,530.0,0.39,0.34,0.61,5.0,103.0,0.48169463623046876,False,CALL,2026-02-13,CRWD
CRWD260213C00535000,535.0,0.37,0.24,0.44,5.0,50.0,0.47461462890625,False,CALL,2026-02-13,CRWD
CRWD260213C00540000,540.0,1.4,0.09,0.41,5.0,73.0,0.48779809082031256,False,CALL,2026-02-13,CRWD
CRWD260213C00545000,545.0,1.7,0.0,4.5,2.0,16.0,0.6981231359863282,False,CALL,2026-02-13,CRWD
CRWD260213C00550000,550.0,0.92,0.0,0.3,5.0,19.0,0.500005,False,CALL,2026-02-13,CRWD
CRWD260213C00555000,555.0,0.27,0.0,2.1,1.0,125.0,0.6340368627929689,False,CALL,2026-02-13,CRWD
CRWD260213C00560000,560.0,0.56,0.01,0.79,50.0,40.0,0.5566450585937501,False,CALL,2026-02-13,CRWD
CRWD260213C00565000,565.0,0.48,0.0,0.78,46.0,35.0,0.5712933496093751,False,CALL,2026-02-13,CRWD
CRWD260213C00570000,570.0,1.5,0.0,4.35,9.0,31.0,0.79883013671875,False,CALL,2026-02-13,CRWD
CRWD260213P00310000,310.0,0.05,0.0,4.35,40.0,14.0,1.0783737487792968,False,PUT,2026-02-13,CRWD
CRWD260213P00320000,320.0,0.06,0.0,4.4,46.0,31.0,1.000005,False,PUT,2026-02-13,CRWD
CRWD260213P00325000,325.0,0.08,0.0,4.45,18.0,12.0,0.962768927001953,False,PUT,2026-02-13,CRWD
CRWD260213P00330000,330.0,0.1,0.0,0.63,39.0,17.0,0.64648791015625,False,PUT,2026-02-13,CRWD
CRWD260213P00335000,335.0,0.11,0.0,4.5,39.0,31.0,0.8865978137207031,False,PUT,2026-02-13,CRWD
CRWD260213P00340000,340.0,0.11,0.0,0.69,20.0,54.0,0.59570716796875,False,PUT,2026-02-13,CRWD
CRWD260213P00345000,345.0,0.33,0.11,0.8,2.0,48.0,0.5913126806640626,False,PUT,2026-02-13,CRWD
CRWD260213P00350000,350.0,0.6,0.42,0.7,17.0,13.0,0.5810588769531251,False,PUT,2026-02-13,CRWD
CRWD260213P00355000,355.0,0.66,0.54,0.98,15.0,27.0,0.5813030151367188,False,PUT,2026-02-13,CRWD
CRWD260213P00360000,360.0,0.53,0.5,0.97,11.0,41.0,0.5461471166992189,False,PUT,2026-02-13,CRWD
CRWD260213P00365000,365.0,0.27,0.5,1.22,6.0,36.0,0.5305222729492188,False,PUT,2026-02-13,CRWD
CRWD260213P00370000,370.0,0.94,0.87,1.09,51.0,45.0,0.5122119091796875,False,PUT,2026-02-13,CRWD
CRWD260213P00375000,375.0,0.88,0.71,1.36,9.0,20.0,0.5158739819335938,False,PUT,2026-02-13,CRWD
CRWD260213P00380000,380.0,1.5,1.26,1.53,44.0,13.0,0.49561051269531253,False,PUT,2026-02-13,CRWD
CRWD260213P00385000,385.0,1.97,1.55,1.88,17.0,34.0,0.48608912353515626,False,PUT,2026-02-13,CRWD
CRWD260213P00390000,390.0,2.43,1.87,2.26,21.0,26.0,0.47412635253906255,False,PUT,2026-02-13,CRWD
CRWD260213P00395000,395.0,4.0,2.37,2.66,7.0,45.0,0.4591118542480469,False,PUT,2026-02-13,CRWD
CRWD260213P00400000,400.0,3.27,2.92,3.25,61.0,83.0,0.4497125341796875,False,PUT,2026-02-13,CRWD
CRWD260213P00405000,405.0,4.4,3.45,4.2,4.0,45.0,0.45050598327636715,False,PUT,2026-02-13,CRWD
CRWD260213P00410000,410.0,4.6,4.45,4.85,44.0,158.0,0.43286699951171875,False,PUT,2026-02-13,CRWD
CRWD260213P00415000,415.0,5.5,5.3,5.85,5.0,107.0,0.4234676794433594,False,PUT,2026-02-13,CRWD
CRWD260213P00420000,420.0,8.73,6.55,7.3,42.0,118.0,0.42273526489257807,False,PUT,2026-02-13,CRWD
CRWD260213P00425000,425.0,8.5,8.5,8.9,67.0,132.0,0.41950043395996095,False,PUT,2026-02-13,CRWD
CRWD260213P00430000,430.0,10.73,9.5,10.45,54.0,72.0,0.40796490478515623,False,PUT,2026-02-13,CRWD
CRWD260213P00435000,435.0,11.95,11.5,12.45,39.0,70.0,0.4024717956542969,False,PUT,2026-02-13,CRWD
CRWD260213P00440000,440.0,15.55,14.05,15.35,37.0,221.0,0.4143735321044921,True,PUT,2026-02-13,CRWD
CRWD260213P00445000,445.0,18.69,16.25,17.35,14.0,117.0,0.39444575286865236,True,PUT,2026-02-13,CRWD
CRWD260213P00450000,450.0,21.32,18.95,20.25,13.0,194.0,0.3916686810302734,True,PUT,2026-02-13,CRWD
CRWD260213P00455000,455.0,23.95,22.4,24.15,10.0,165.0,0.41034525207519534,True,PUT,2026-02-13,CRWD
CRWD260213P00460000,460.0,28.27,25.7,27.4,23.0,106.0,0.40381455566406255,True,PUT,2026-02-13,CRWD
CRWD260213P00465000,465.0,32.47,28.55,32.55,5.0,61.0,0.4508111560058594,True,PUT,2026-02-13,CRWD
CRWD260213P00470000,470.0,39.43,32.3,36.65,3.0,52.0,0.461492201538086,True,PUT,2026-02-13,CRWD
CRWD260213P00475000,475.0,39.29,34.8,39.0,10.0,291.0,0.40180041564941404,True,PUT,2026-02-13,CRWD
CRWD260213P00480000,480.0,43.06,39.35,44.65,45.0,316.0,0.4611259942626954,True,PUT,2026-02-13,CRWD
CRWD260213P00485000,485.0,54.33,43.7,47.4,7.0,28.0,0.3913635083007812,True,PUT,2026-02-13,CRWD
CRWD260213P00490000,490.0,57.03,48.25,53.3,3.0,4.0,0.4656425506591797,True,PUT,2026-02-13,CRWD
CRWD260213P00495000,495.0,43.07,52.6,58.15,1.0,2.0,0.48718774536132814,True,PUT,2026-02-13,CRWD
CRWD260213P00500000,500.0,66.5,57.6,62.5,4.0,10.0,0.4797415307617187,True,PUT,2026-02-13,CRWD
CRWD260213P00505000,505.0,51.82,62.1,67.55,,2.0,0.5090381127929688,True,PUT,2026-02-13,CRWD
CRWD260213P00515000,515.0,76.75,71.8,77.2,10.0,0.0,0.5373581420898439,True,PUT,2026-02-13,CRWD
CRWD260213P00535000,535.0,55.5,91.65,97.0,,1.0,0.6156044299316408,True,PUT,2026-02-13,CRWD
CRWD260220C00310000,310.0,139.1,130.4,135.15,1.0,54.0,0.9703372106933592,True,CALL,2026-02-20,CRWD
CRWD260220C00320000,320.0,147.45,120.2,124.85,2.0,32.0,0.8806164282226561,True,CALL,2026-02-20,CRWD
CRWD260220C00330000,330.0,110.3,111.75,114.15,21.0,33.0,0.8410660424804688,True,CALL,2026-02-20,CRWD
CRWD260220C00340000,340.0,112.52,100.75,105.05,1.0,110.0,0.7689232092285156,True,CALL,2026-02-20,CRWD
CRWD260220C00350000,350.0,128.55,91.0,94.35,2.0,187.0,0.6877472631835939,True,CALL,2026-02-20,CRWD
CRWD260220C00360000,360.0,94.05,81.3,85.95,1.0,217.0,0.6729158685302736,True,CALL,2026-02-20,CRWD
CRWD260220C00370000,370.0,110.7,71.95,76.45,15.0,104.0,0.63086306640625,True,CALL,2026-02-20,CRWD
CRWD260220C00380000,380.0,65.12,62.95,67.25,2.0,110.0,0.5973551007080078,True,CALL,2026-02-20,CRWD
CRWD260220C00390000,390.0,53.95,52.45,58.05,14.0,47.0,0.5301560656738282,True,CALL,2026-02-20,CRWD
CRWD260220C00400000,400.0,42.0,43.7,49.3,5.0,64.0,0.5827678442382812,True,CALL,2026-02-20,CRWD
CRWD260220C00410000,410.0,71.39,35.35,40.45,1.0,189.0,0.5299729620361329,True,CALL,2026-02-20,CRWD
CRWD260220C00420000,420.0,28.3,29.7,32.8,16.0,159.0,0.4998829309082031,True,CALL,2026-02-20,CRWD
CRWD260220C00425000,425.0,59.94,25.55,27.2,1.0,3.0,0.43726148681640625,True,CALL,2026-02-20,CRWD
CRWD260220C00427500,427.5,26.25,24.6,26.5,2.0,3.0,0.4557549542236329,True,CALL,2026-02-20,CRWD
CRWD260220C00430000,430.0,24.95,22.5,24.45,28.0,196.0,0.4408014904785156,True,CALL,2026-02-20,CRWD
CRWD260220C00435000,435.0,20.83,20.45,21.7,29.0,4.0,0.4393976959228516,True,CALL,2026-02-20,CRWD
CRWD260220C00437500,437.5,19.25,19.1,20.3,16.0,5.0,0.4363459686279296,True,CALL,2026-02-20,CRWD
CRWD260220C00440000,440.0,19.1,18.0,19.35,187.0,127.0,0.442388388671875,False,CALL,2026-02-20,CRWD
CRWD260220C00442500,442.5,17.3,16.9,17.9,74.0,7.0,0.4359187268066406,False,CALL,2026-02-20,CRWD
CRWD260220C00445000,445.0,16.95,15.7,16.75,12.0,25.0,0.43506424316406256,False,CALL,2026-02-20,CRWD
CRWD260220C00447500,447.5,15.62,14.6,15.6,5.0,9.0,0.4330806204223633,False,CALL,2026-02-20,CRWD
CRWD260220C00450000,450.0,13.85,13.6,14.4,125.0,262.0,0.42877768493652346,False,CALL,2026-02-20,CRWD
CRWD260220C00452500,452.5,13.34,12.55,13.55,1.0,26.0,0.4313411358642578,False,CALL,2026-02-20,CRWD
CRWD260220C00455000,455.0,11.85,11.65,12.35,527.0,29.0,0.42462733581542966,False,CALL,2026-02-20,CRWD
CRWD260220C00457500,457.5,9.5,10.65,11.55,9.0,19.0,0.4260921649169922,False,CALL,2026-02-20,CRWD
CRWD260220C00460000,460.0,9.5,9.8,10.7,68.0,511.0,0.42529871582031253,False,CALL,2026-02-20,CRWD
CRWD260220C00462500,462.5,8.19,8.95,9.75,4.0,24.0,0.4208431939697266,False,CALL,2026-02-20,CRWD
CRWD260220C00465000,465.0,8.6,8.25,9.0,19.0,56.0,0.42017181396484377,False,CALL,2026-02-20,CRWD
CRWD260220C00467500,467.5,8.15,7.5,8.5,19.0,33.0,0.424810439453125,False,CALL,2026-02-20,CRWD
CRWD260220C00470000,470.0,7.16,6.9,7.6,107.0,810.0,0.4179135357666015,False,CALL,2026-02-20,CRWD
CRWD260220C00472500,472.5,6.0,6.25,7.05,25.0,39.0,0.41919526123046874,False,CALL,2026-02-20,CRWD
CRWD260220C00475000,475.0,6.35,5.65,6.5,53.0,78.0,0.4194393994140625,False,CALL,2026-02-20,CRWD
CRWD260220C00480000,480.0,4.72,4.75,5.35,148.0,1004.0,0.41510594665527345,False,CALL,2026-02-20,CRWD
CRWD260220C00485000,485.0,4.1,3.9,4.55,61.0,245.0,0.4173031903076171,False,CALL,2026-02-20,CRWD
CRWD260220C00490000,490.0,3.5,3.3,3.65,194.0,1347.0,0.41174904663085937,False,CALL,2026-02-20,CRWD
CRWD260220C00495000,495.0,2.99,2.75,3.1,94.0,150.0,0.41498387756347654,False,CALL,2026-02-20,CRWD
CRWD260220C00500000,500.0,2.34,2.19,2.48,669.0,1537.0,0.41138283935546877,False,CALL,2026-02-20,CRWD
CRWD260220C00505000,505.0,1.9,1.91,2.14,15.0,144.0,0.4169369830322265,False,CALL,2026-02-20,CRWD
CRWD260220C00510000,510.0,1.75,1.58,1.77,112.0,986.0,0.41797457031249996,False,CALL,2026-02-20,CRWD
CRWD260220C00515000,515.0,1.45,1.29,1.53,14.0,142.0,0.42358974853515624,False,CALL,2026-02-20,CRWD
CRWD260220C00520000,520.0,1.17,1.12,1.24,114.0,1091.0,0.42310147216796873,False,CALL,2026-02-20,CRWD
CRWD260220C00530000,530.0,0.78,0.65,0.91,91.0,617.0,0.4322566540527344,False,CALL,2026-02-20,CRWD
CRWD260220C00540000,540.0,0.6,0.53,0.64,13.0,431.0,0.43774976318359377,False,CALL,2026-02-20,CRWD
CRWD260220C00550000,550.0,0.4,0.4,0.49,89.0,839.0,0.44922425781249997,False,CALL,2026-02-20,CRWD
CRWD260220C00560000,560.0,0.33,0.21,0.37,16.0,311.0,0.4587456469726563,False,CALL,2026-02-20,CRWD
CRWD260220C00570000,570.0,0.28,0.22,0.32,78.0,361.0,0.476567734375,False,CALL,2026-02-20,CRWD
CRWD260220P00310000,310.0,0.27,0.12,0.43,1.0,51.0,0.629886513671875,False,PUT,2026-02-20,CRWD
CRWD260220P00320000,320.0,0.32,0.0,0.88,10.0,72.0,0.6196327099609377,False,PUT,2026-02-20,CRWD
CRWD260220P00330000,330.0,0.4,0.1,0.74,2.0,187.0,0.5629926513671876,False,PUT,2026-02-20,CRWD
CRWD260220P00340000,340.0,0.72,0.55,0.68,28.0,279.0,0.5451705639648439,False,PUT,2026-02-20,CRWD
CRWD260220P00350000,350.0,1.0,0.79,1.19,15.0,308.0,0.5378464184570313,False,PUT,2026-02-20,CRWD
CRWD260220P00360000,360.0,1.24,1.1,1.39,14.0,377.0,0.5061084545898438,False,PUT,2026-02-20,CRWD
CRWD260220P00370000,370.0,1.68,1.42,1.78,8.0,297.0,0.4885305053710938,False,PUT,2026-02-20,CRWD
CRWD260220P00375000,375.0,2.07,1.75,2.04,13.0,77.0,0.4749808361816406,False,PUT,2026-02-20,CRWD
CRWD260220P00380000,380.0,2.33,2.05,2.41,13.0,872.0,0.46521530883789064,False,PUT,2026-02-20,CRWD
CRWD260220P00385000,385.0,2.87,2.48,2.99,79.0,135.0,0.4624077197265626,False,PUT,2026-02-20,CRWD
CRWD260220P00390000,390.0,3.45,3.0,3.35,129.0,559.0,0.4456842541503906,False,PUT,2026-02-20,CRWD
CRWD260220P00395000,395.0,4.23,3.45,4.1,44.0,124.0,0.44214425048828127,False,PUT,2026-02-20,CRWD
CRWD260220P00400000,400.0,4.5,4.2,4.7,206.0,815.0,0.4288387194824219,False,PUT,2026-02-20,CRWD
CRWD260220P00405000,405.0,5.35,5.0,5.75,41.0,110.0,0.4270687176513672,False,PUT,2026-02-20,CRWD
CRWD260220P00410000,410.0,7.02,6.0,6.8,131.0,881.0,0.42035491760253907,False,PUT,2026-02-20,CRWD
CRWD260220P00415000,415.0,8.31,7.15,8.0,20.0,50.0,0.413519048461914,False,PUT,2026-02-20,CRWD
CRWD260220P00420000,420.0,9.92,8.65,9.35,106.0,1394.0,0.40619490295410154,False,PUT,2026-02-20,CRWD
CRWD260220P00425000,425.0,11.0,10.1,10.95,111.0,65.0,0.40051869018554687,False,PUT,2026-02-20,CRWD
CRWD260220P00427500,427.5,12.6,10.95,12.2,5.0,16.0,0.40665266204833983,False,PUT,2026-02-20,CRWD
CRWD260220P00430000,430.0,12.35,12.0,13.15,128.0,946.0,0.40418076293945315,False,PUT,2026-02-20,CRWD
CRWD260220P00432500,432.5,13.15,12.9,13.75,184.0,23.0,0.39234006103515623,False,PUT,2026-02-20,CRWD
CRWD260220P00435000,435.0,15.77,13.85,14.85,27.0,98.0,0.3909362664794922,False,PUT,2026-02-20,CRWD
CRWD260220P00437500,437.5,17.2,15.3,16.3,13.0,30.0,0.39624627197265627,False,PUT,2026-02-20,CRWD
CRWD260220P00440000,440.0,16.6,16.35,17.6,233.0,1927.0,0.39679558288574224,True,PUT,2026-02-20,CRWD
CRWD260220P00442500,442.5,18.1,18.1,18.8,1.0,35.0,0.39374385559082037,True,PUT,2026-02-20,CRWD
CRWD260220P00445000,445.0,19.1,18.8,19.8,14.0,263.0,0.38483281188964835,True,PUT,2026-02-20,CRWD
CRWD260220P00447500,447.5,20.95,20.4,21.6,11.0,124.0,0.39288937194824214,True,PUT,2026-02-20,CRWD
CRWD260220P00450000,450.0,21.9,21.45,22.4,194.0,2405.0,0.376684700012207,True,PUT,2026-02-20,CRWD
CRWD260220P00452500,452.5,28.35,22.85,24.3,9.0,51.0,0.3845581564331054,True,PUT,2026-02-20,CRWD
CRWD260220P00455000,455.0,24.98,24.5,25.9,308.0,547.0,0.38422246643066404,True,PUT,2026-02-20,CRWD
CRWD260220P00457500,457.5,31.68,25.9,27.6,15.0,25.0,0.38504643280029294,True,PUT,2026-02-20,CRWD
CRWD260220P00460000,460.0,30.05,27.75,28.75,69.0,1476.0,0.3709779699707031,True,PUT,2026-02-20,CRWD
CRWD260220P00462500,462.5,32.2,29.75,32.05,6.0,14.0,0.4094297338867187,True,PUT,2026-02-20,CRWD
CRWD260220P00467500,467.5,14.5,32.6,34.05,8.0,106.0,0.36591210266113283,True,PUT,2026-02-20,CRWD
CRWD260220P00470000,470.0,35.2,34.95,36.4,43.0,662.0,0.37793590820312495,True,PUT,2026-02-20,CRWD
CRWD260220P00475000,475.0,45.0,37.85,42.2,5.0,35.0,0.43201251586914063,True,PUT,2026-02-20,CRWD
CRWD260220P00480000,480.0,43.55,40.65,44.45,68.0,828.0,0.3779969427490234,True,PUT,2026-02-20,CRWD
CRWD260220P00490000,490.0,20.85,48.55,52.9,1.0,441.0,0.37201555725097657,True,PUT,2026-02-20,CRWD
CRWD260220P00500000,500.0,60.58,58.0,62.8,48.0,967.0,0.41425146301269533,True,PUT,2026-02-20,CRWD
CRWD260220P00510000,510.0,39.86,67.05,72.1,6.0,486.0,0.42212491943359376,True,PUT,2026-02-20,CRWD
CRWD260220P00520000,520.0,46.78,77.15,80.95,2.0,384.0,0.37695935546875,True,PUT,2026-02-20,CRWD
CRWD260220P00530000,530.0,54.17,86.5,91.4,1.0,225.0,0.45215391601562505,True,PUT,2026-02-20,CRWD
CRWD260220P00540000,540.0,100.25,96.4,102.3,1.0,165.0,0.5511519494628907,True,PUT,2026-02-20,CRWD
CRWD260220P00550000,550.0,75.45,106.4,112.25,1.0,121.0,0.5844768115234374,True,PUT,2026-02-20,CRWD
CRWD260220P00560000,560.0,108.5,115.55,122.5,1.0,0.0,0.6361120373535156,True,PUT,2026-02-20,CRWD
CRWD260220P00570000,570.0,121.2,126.0,132.4,350.0,1.0,0.6640658593750002,True,PUT,2026-02-20,CRWD
CRWD260227C00310000,310.0,132.5,129.55,136.2,,1.0,0.8562026098632812,True,CALL,2026-02-27,CRWD
CRWD260227C00345000,345.0,99.7,95.4,100.8,,1.0,0.6540561938476563,True,CALL,2026-02-27,CRWD
CRWD260227C00355000,355.0,90.0,85.8,91.3,2.0,2.0,0.6159706372070313,True,CALL,2026-02-27,CRWD
CRWD260227C00375000,375.0,88.9,67.95,72.35,,1.0,0.5565840240478517,True,CALL,2026-02-27,CRWD
CRWD260227C00390000,390.0,82.9,53.65,59.95,2.0,1.0,0.5116625982666017,True,CALL,2026-02-27,CRWD
CRWD260227C00400000,400.0,83.58,45.25,50.15,2.0,6.0,0.5319871020507813,True,CALL,2026-02-27,CRWD
CRWD260227C00405000,405.0,44.24,41.4,46.8,2.0,1.0,0.5347336566162109,True,CALL,2026-02-27,CRWD
CRWD260227C00410000,410.0,40.2,37.5,42.5,2.0,1.0,0.5119982882690429,True,CALL,2026-02-27,CRWD
CRWD260227C00415000,415.0,53.5,35.5,38.45,2.0,1.0,0.49326068267822276,True,CALL,2026-02-27,CRWD
CRWD260227C00420000,420.0,62.7,32.2,36.5,5.0,23.0,0.5175524319458008,True,CALL,2026-02-27,CRWD
CRWD260227C00425000,425.0,38.02,29.35,32.35,2.0,1.0,0.49121602539062503,True,CALL,2026-02-27,CRWD
CRWD260227C00430000,430.0,26.35,25.1,28.65,7.0,4.0,0.47199014343261714,True,CALL,2026-02-27,CRWD
CRWD260227C00435000,435.0,24.35,23.15,26.05,3.0,5.0,0.4722037643432617,True,CALL,2026-02-27,CRWD
CRWD260227C00440000,440.0,20.53,20.45,23.3,15.0,15.0,0.4660087579345704,False,CALL,2026-02-27,CRWD
CRWD260227C00445000,445.0,19.4,18.15,20.95,13.0,10.0,0.46451341156005865,False,CALL,2026-02-27,CRWD
CRWD260227C00450000,450.0,16.2,15.8,18.7,12.0,25.0,0.4616753051757813,False,CALL,2026-02-27,CRWD
CRWD260227C00455000,455.0,15.3,13.3,15.95,28.0,27.0,0.4453485641479492,False,CALL,2026-02-27,CRWD
CRWD260227C00460000,460.0,11.75,12.15,13.45,79.0,30.0,0.4302119967651368,False,CALL,2026-02-27,CRWD
CRWD260227C00465000,465.0,10.75,10.1,12.6,6.0,32.0,0.4461420132446289,False,CALL,2026-02-27,CRWD
CRWD260227C00470000,470.0,9.11,9.05,9.8,8.0,22.0,0.4165097412109374,False,CALL,2026-02-27,CRWD
CRWD260227C00475000,475.0,7.4,7.4,8.5,18.0,51.0,0.41583836120605466,False,CALL,2026-02-27,CRWD
CRWD260227C00480000,480.0,6.7,6.45,7.25,8.0,213.0,0.4129087030029296,False,CALL,2026-02-27,CRWD
CRWD260227C00485000,485.0,5.8,5.2,6.3,22.0,26.0,0.4141904284667969,False,CALL,2026-02-27,CRWD
CRWD260227C00490000,490.0,5.22,4.8,5.45,8.0,28.0,0.4151669812011719,False,CALL,2026-02-27,CRWD
CRWD260227C00495000,495.0,4.45,4.1,4.75,23.0,13.0,0.41760836303710935,False,CALL,2026-02-27,CRWD
CRWD260227C00500000,500.0,3.82,3.4,4.15,41.0,100.0,0.4205380212402344,False,CALL,2026-02-27,CRWD
CRWD260227C00505000,505.0,4.08,3.0,6.0,2.0,20.0,0.500005,False,CALL,2026-02-27,CRWD
CRWD260227C00510000,510.0,3.4,2.28,3.4,25.0,98.0,0.43543045043945316,False,CALL,2026-02-27,CRWD
CRWD260227C00515000,515.0,7.55,1.75,6.5,1.0,12.0,0.5585371295166017,False,CALL,2026-02-27,CRWD
CRWD260227C00520000,520.0,2.1,2.05,3.25,7.0,134.0,0.46820600158691406,False,CALL,2026-02-27,CRWD
CRWD260227C00525000,525.0,1.91,0.97,2.9,1.0,28.0,0.4721732470703125,False,CALL,2026-02-27,CRWD
CRWD260227C00530000,530.0,6.24,0.0,3.25,3.0,32.0,0.5050708673095703,False,CALL,2026-02-27,CRWD
CRWD260227C00535000,535.0,4.2,0.0,4.8,2.0,32.0,0.5832561206054687,False,CALL,2026-02-27,CRWD
CRWD260227C00540000,540.0,4.05,0.7,4.8,25.0,38.0,0.5180712255859375,False,CALL,2026-02-27,CRWD
CRWD260227C00545000,545.0,2.05,0.0,4.8,3.0,5.0,0.51758294921875,False,CALL,2026-02-27,CRWD
CRWD260227C00550000,550.0,1.72,0.0,4.8,4.0,10.0,0.5338181384277343,False,CALL,2026-02-27,CRWD
CRWD260227C00555000,555.0,1.89,0.0,4.8,,1.0,0.5498091894531252,False,CALL,2026-02-27,CRWD
CRWD260227C00560000,560.0,0.74,0.45,1.84,4.0,32.0,0.5333298620605469,False,CALL,2026-02-27,CRWD
CRWD260227C00565000,565.0,1.9,0.0,4.8,96.0,25.0,0.5809368078613282,False,CALL,2026-02-27,CRWD
CRWD260227P00310000,310.0,0.58,0.0,4.5,1.0,34.0,0.7934590966796875,False,PUT,2026-02-27,CRWD
CRWD260227P00325000,325.0,0.56,0.14,1.01,1.0,1.0,0.5419967675781252,False,PUT,2026-02-27,CRWD
CRWD260227P00335000,335.0,0.37,0.0,4.8,30.0,17.0,0.6573520593261719,False,PUT,2026-02-27,CRWD
CRWD260227P00340000,340.0,0.95,0.68,1.03,1.0,14.0,0.5061084545898438,False,PUT,2026-02-27,CRWD
CRWD260227P00350000,350.0,1.6,0.93,2.09,5.0,23.0,0.5139208764648437,False,PUT,2026-02-27,CRWD
CRWD260227P00355000,355.0,0.54,1.1,2.4,12.0,13.0,0.5045215563964844,False,PUT,2026-02-27,CRWD
CRWD260227P00360000,360.0,2.0,1.42,2.55,3.0,15.0,0.5246629565429688,False,PUT,2026-02-27,CRWD
CRWD260227P00365000,365.0,1.02,1.62,2.92,4.0,9.0,0.5152636364746093,False,PUT,2026-02-27,CRWD
CRWD260227P00370000,370.0,2.56,2.04,2.9,7.0,20.0,0.48590601989746096,False,PUT,2026-02-27,CRWD
CRWD260227P00375000,375.0,2.83,2.36,2.84,2.0,17.0,0.45490047058105465,False,PUT,2026-02-27,CRWD
CRWD260227P00380000,380.0,3.46,2.8,3.4,22.0,32.0,0.4503228796386719,False,PUT,2026-02-27,CRWD
CRWD260227P00385000,385.0,4.09,3.35,4.5,3.0,75.0,0.46191944335937507,False,PUT,2026-02-27,CRWD
CRWD260227P00390000,390.0,4.57,4.0,5.45,22.0,67.0,0.4624077197265626,False,PUT,2026-02-27,CRWD
CRWD260227P00395000,395.0,6.84,2.85,5.85,3.0,19.0,0.4424494232177735,False,PUT,2026-02-27,CRWD
CRWD260227P00400000,400.0,5.77,5.45,6.55,88.0,85.0,0.42969320312500003,False,PUT,2026-02-27,CRWD
CRWD260227P00405000,405.0,6.6,6.25,7.3,8.0,45.0,0.4158688784790039,False,PUT,2026-02-27,CRWD
CRWD260227P00410000,410.0,8.78,7.45,8.65,38.0,156.0,0.41449560119628903,False,PUT,2026-02-27,CRWD
CRWD260227P00415000,415.0,10.2,8.75,10.05,4.0,41.0,0.4102842175292969,False,PUT,2026-02-27,CRWD
CRWD260227P00420000,420.0,12.0,10.35,11.5,43.0,107.0,0.4035704174804688,False,PUT,2026-02-27,CRWD
CRWD260227P00425000,425.0,13.7,11.55,14.9,10.0,138.0,0.4345149322509766,False,PUT,2026-02-27,CRWD
CRWD260227P00430000,430.0,16.49,14.05,15.8,25.0,45.0,0.4083921466064453,False,PUT,2026-02-27,CRWD
CRWD260227P00435000,435.0,18.45,15.65,19.35,13.0,30.0,0.43286699951171875,False,PUT,2026-02-27,CRWD
CRWD260227P00440000,440.0,20.0,17.75,22.25,324.0,178.0,0.4400080413818359,True,PUT,2026-02-27,CRWD
CRWD260227P00445000,445.0,29.25,20.3,24.5,9.0,117.0,0.4305782040405274,True,PUT,2026-02-27,CRWD
CRWD260227P00450000,450.0,29.0,22.85,27.1,3.0,58.0,0.42450526672363287,True,PUT,2026-02-27,CRWD
CRWD260227P00455000,455.0,27.25,25.9,29.2,6.0,20.0,0.4044859356689453,True,PUT,2026-02-27,CRWD
CRWD260227P00460000,460.0,35.79,28.5,31.8,12.0,29.0,0.3902648864746094,True,PUT,2026-02-27,CRWD
CRWD260227P00465000,465.0,38.9,32.4,36.05,12.0,33.0,0.4072935247802735,True,PUT,2026-02-27,CRWD
CRWD260227P00470000,470.0,39.75,35.95,39.85,33.0,40.0,0.4118711157226562,True,PUT,2026-02-27,CRWD
CRWD260227P00475000,475.0,43.05,40.75,42.7,4.0,18.0,0.39053954193115237,True,PUT,2026-02-27,CRWD
CRWD260227P00480000,480.0,46.56,42.85,48.0,2.0,86.0,0.42517664672851563,True,PUT,2026-02-27,CRWD
CRWD260227P00490000,490.0,27.25,50.35,56.2,1.0,9.0,0.4290828576660156,True,PUT,2026-02-27,CRWD
CRWD260227P00495000,495.0,57.47,54.65,60.35,,1.0,0.42804527038574225,True,PUT,2026-02-27,CRWD
CRWD260227P00500000,500.0,34.0,58.65,64.8,10.0,13.0,0.43335527587890627,True,PUT,2026-02-27,CRWD
CRWD260227P00505000,505.0,66.86,63.6,69.3,3.0,1.0,0.4381159704589844,True,PUT,2026-02-27,CRWD
CRWD260227P00510000,510.0,69.05,68.2,73.0,1.0,2.0,0.4097959411621094,True,PUT,2026-02-27,CRWD
CRWD260227P00515000,515.0,45.05,72.9,78.4,2.0,2.0,0.44507390869140623,True,PUT,2026-02-27,CRWD
CRWD260227P00520000,520.0,75.0,77.5,83.15,1.0,2.0,0.45361874511718747,True,PUT,2026-02-27,CRWD
CRWD260306C00360000,360.0,96.3,83.25,89.45,10.0,5.0,0.6282996154785156,True,CALL,2026-03-06,CRWD
CRWD260306C00365000,365.0,81.0,78.85,84.1,2.0,1.0,0.602115795288086,True,CALL,2026-03-06,CRWD
CRWD260306C00375000,375.0,82.55,69.75,75.65,33.0,17.0,0.5775799078369142,True,CALL,2026-03-06,CRWD
CRWD260306C00380000,380.0,92.0,65.5,71.9,2.0,8.0,0.5735516278076171,True,CALL,2026-03-06,CRWD
CRWD260306C00415000,415.0,75.8,38.9,44.55,6.0,4.0,0.5092822509765625,True,CALL,2026-03-06,CRWD
CRWD260306C00435000,435.0,29.0,26.75,32.8,17.0,2.0,0.5473678076171876,True,CALL,2026-03-06,CRWD
CRWD260306C00440000,440.0,28.25,25.5,29.15,14.0,5.0,0.5246324392700196,False,CALL,2026-03-06,CRWD
CRWD260306C00450000,450.0,22.0,19.95,25.45,13.0,4.0,0.5369309002685547,False,CALL,2026-03-06,CRWD
CRWD260306C00455000,455.0,39.7,17.65,23.0,2.0,7.0,0.5288438229370118,False,CALL,2026-03-06,CRWD
CRWD260306C00460000,460.0,17.97,16.45,21.05,3.0,7.0,0.527470545654297,False,CALL,2026-03-06,CRWD
CRWD260306C00470000,470.0,16.0,13.3,16.95,6.0,8.0,0.5140429455566407,False,CALL,2026-03-06,CRWD
CRWD260306C00475000,475.0,13.2,11.95,15.0,508.0,511.0,0.5054370745849608,False,CALL,2026-03-06,CRWD
CRWD260306C00485000,485.0,10.95,8.7,14.4,2.0,18.0,0.5473067730712893,False,CALL,2026-03-06,CRWD
CRWD260306C00490000,490.0,10.11,6.3,11.2,15.0,6.0,0.5062915582275391,False,CALL,2026-03-06,CRWD
CRWD260306C00500000,500.0,8.15,7.2,10.25,20.0,32.0,0.5319871020507813,False,CALL,2026-03-06,CRWD
CRWD260306C00505000,505.0,7.0,3.75,9.55,2.0,2.0,0.5379990048217774,False,CALL,2026-03-06,CRWD
CRWD260306C00510000,510.0,6.54,3.15,9.1,1.0,7.0,0.5486190158081056,False,CALL,2026-03-06,CRWD
CRWD260306C00520000,520.0,5.82,4.5,7.45,24.0,35.0,0.5073901800537108,False,CALL,2026-03-06,CRWD
CRWD260306C00525000,525.0,5.25,4.0,8.55,3.0,3.0,0.5343674493408204,False,CALL,2026-03-06,CRWD
CRWD260306P00380000,380.0,6.05,5.8,6.45,13.0,23.0,0.5038501763916017,False,PUT,2026-03-06,CRWD
CRWD260306P00385000,385.0,7.19,6.4,7.9,7.0,34.0,0.5139208764648437,False,PUT,2026-03-06,CRWD
CRWD260306P00390000,390.0,8.5,6.9,9.25,3.0,4.0,0.5170641555786133,False,PUT,2026-03-06,CRWD
CRWD260306P00400000,400.0,11.2,8.35,11.45,20.0,6.0,0.5026294854736328,False,PUT,2026-03-06,CRWD
CRWD260306P00405000,405.0,14.05,10.05,15.4,10.0,9.0,0.5524336749267578,False,PUT,2026-03-06,CRWD
CRWD260306P00415000,415.0,15.88,13.15,18.3,10.0,14.0,0.5351914157104493,False,PUT,2026-03-06,CRWD
CRWD260306P00420000,420.0,16.72,15.0,20.3,9.0,39.0,0.5339402075195312,False,PUT,2026-03-06,CRWD
CRWD260306P00430000,430.0,20.73,19.05,21.85,9.0,18.0,0.4791006680297851,False,PUT,2026-03-06,CRWD
CRWD260306P00435000,435.0,24.14,21.1,24.35,11.0,15.0,0.4802908416748046,False,PUT,2026-03-06,CRWD
CRWD260306P00440000,440.0,25.41,23.75,28.55,9.0,16.0,0.5092822509765625,True,PUT,2026-03-06,CRWD
CRWD260306P00445000,445.0,25.8,25.85,28.5,3.0,11.0,0.45935599243164066,True,PUT,2026-03-06,CRWD
CRWD260306P00450000,450.0,25.1,28.15,33.8,1.0,12.0,0.5027515545654297,True,PUT,2026-03-06,CRWD
CRWD260306P00455000,455.0,35.04,30.85,36.85,2.0,43.0,0.503483969116211,True,PUT,2026-03-06,CRWD
CRWD260306P00460000,460.0,40.2,33.9,40.15,9.0,8.0,0.5064136273193358,True,PUT,2026-03-06,CRWD
CRWD260306P00475000,475.0,21.89,43.3,48.05,1.0,4.0,0.46225513336181645,True,PUT,2026-03-06,CRWD
CRWD260306P00480000,480.0,27.75,47.6,53.45,4.0,4.0,0.4970143072509766,True,PUT,2026-03-06,CRWD
CRWD260306P00510000,510.0,43.2,71.0,75.35,30.0,15.0,0.4446466668701171,True,PUT,2026-03-06,CRWD
CRWD260320C00310000,310.0,173.42,134.05,137.05,6.0,91.0,0.7723411437988281,True,CALL,2026-03-20,CRWD
CRWD260320C00320000,320.0,149.82,121.95,127.85,3.0,91.0,0.6940948559570312,True,CALL,2026-03-20,CRWD
CRWD260320C00330000,330.0,143.15,114.8,118.2,12.0,74.0,0.6972686523437501,True,CALL,2026-03-20,CRWD
CRWD260320C00340000,340.0,115.77,104.1,109.45,1.0,115.0,0.6522861920166017,True,CALL,2026-03-20,CRWD
CRWD260320C00350000,350.0,102.07,95.85,100.35,1.0,81.0,0.6363561755371094,True,CALL,2026-03-20,CRWD
CRWD260320C00360000,360.0,124.3,87.0,92.35,1.0,125.0,0.621768919067383,True,CALL,2026-03-20,CRWD
CRWD260320C00370000,370.0,117.54,79.75,83.3,1.0,127.0,0.6080666635131836,True,CALL,2026-03-20,CRWD
CRWD260320C00380000,380.0,71.0,69.35,73.95,1.0,457.0,0.5529829858398438,True,CALL,2026-03-20,CRWD
CRWD260320C00390000,390.0,85.65,61.25,66.25,2.0,360.0,0.5365646929931642,True,CALL,2026-03-20,CRWD
CRWD260320C00400000,400.0,88.0,53.7,58.8,9.0,284.0,0.5217943328857422,True,CALL,2026-03-20,CRWD
CRWD260320C00410000,410.0,45.95,49.35,50.6,5.0,124.0,0.5217332983398437,True,CALL,2026-03-20,CRWD
CRWD260320C00420000,420.0,42.55,43.15,44.45,23.0,988.0,0.5155382919311523,True,CALL,2026-03-20,CRWD
CRWD260320C00430000,430.0,36.4,35.55,38.0,82.0,197.0,0.5080615600585938,True,CALL,2026-03-20,CRWD
CRWD260320C00440000,440.0,32.6,32.0,32.7,162.0,495.0,0.5011646563720704,False,CALL,2026-03-20,CRWD
CRWD260320C00450000,450.0,28.11,27.15,27.95,211.0,1044.0,0.4954884436035156,False,CALL,2026-03-20,CRWD
CRWD260320C00460000,460.0,23.51,22.65,23.8,259.0,624.0,0.4917958535766602,False,CALL,2026-03-20,CRWD
CRWD260320C00470000,470.0,20.0,19.45,20.3,499.0,926.0,0.49121602539062503,False,CALL,2026-03-20,CRWD
CRWD260320C00480000,480.0,16.7,16.2,16.95,260.0,1169.0,0.4862111926269531,False,CALL,2026-03-20,CRWD
CRWD260320C00490000,490.0,13.11,13.45,14.1,61.0,564.0,0.4826406716918946,False,CALL,2026-03-20,CRWD
CRWD260320C00500000,500.0,10.83,11.1,11.75,469.0,1703.0,0.4813284289550781,False,CALL,2026-03-20,CRWD
CRWD260320C00510000,510.0,9.49,9.1,9.75,79.0,447.0,0.48041291076660153,False,CALL,2026-03-20,CRWD
CRWD260320C00520000,520.0,8.04,7.5,8.1,444.0,640.0,0.48068756622314457,False,CALL,2026-03-20,CRWD
CRWD260320C00530000,530.0,6.55,6.2,6.8,465.0,884.0,0.4833425689697266,False,CALL,2026-03-20,CRWD
CRWD260320C00540000,540.0,5.5,5.1,5.75,56.0,668.0,0.4872487799072266,False,CALL,2026-03-20,CRWD
CRWD260320C00550000,550.0,4.64,4.6,4.8,212.0,570.0,0.489384989013672,False,CALL,2026-03-20,CRWD
CRWD260320C00560000,560.0,3.75,3.6,4.1,26.0,492.0,0.4946339599609375,False,CALL,2026-03-20,CRWD
CRWD260320C00570000,570.0,3.45,3.0,3.4,91.0,360.0,0.4960377545166016,False,CALL,2026-03-20,CRWD
CRWD260320P00310000,310.0,1.98,1.35,2.12,4.0,188.0,0.5756878369140624,False,PUT,2026-03-20,CRWD
CRWD260320P00320000,320.0,2.38,2.12,2.48,59.0,305.0,0.5658002404785156,False,PUT,2026-03-20,CRWD
CRWD260320P00330000,330.0,3.55,2.67,3.1,13.0,356.0,0.5500533276367189,False,PUT,2026-03-20,CRWD
CRWD260320P00340000,340.0,4.37,3.45,3.9,12.0,723.0,0.5375412457275393,False,PUT,2026-03-20,CRWD
CRWD260320P00350000,350.0,4.6,4.35,4.85,59.0,395.0,0.5236253692626953,False,PUT,2026-03-20,CRWD
CRWD260320P00360000,360.0,5.98,5.45,6.2,22.0,971.0,0.5128222546386718,False,PUT,2026-03-20,CRWD
CRWD260320P00370000,370.0,7.2,7.0,7.5,12.0,577.0,0.5006763800048828,False,PUT,2026-03-20,CRWD
CRWD260320P00380000,380.0,8.95,8.7,9.2,60.0,439.0,0.4940236145019532,False,PUT,2026-03-20,CRWD
CRWD260320P00390000,390.0,11.6,10.95,11.4,114.0,519.0,0.4848989498901367,False,PUT,2026-03-20,CRWD
CRWD260320P00400000,400.0,13.6,13.45,14.2,187.0,1528.0,0.47971101348876954,False,PUT,2026-03-20,CRWD
CRWD260320P00410000,410.0,17.8,16.45,17.25,60.0,863.0,0.470983073425293,False,PUT,2026-03-20,CRWD
CRWD260320P00420000,420.0,21.54,20.1,20.9,50.0,538.0,0.4645439288330079,False,PUT,2026-03-20,CRWD
CRWD260320P00430000,430.0,24.75,24.25,25.4,56.0,722.0,0.46353685882568363,False,PUT,2026-03-20,CRWD
CRWD260320P00440000,440.0,29.42,28.75,29.9,55.0,887.0,0.45444271148681636,True,PUT,2026-03-20,CRWD
CRWD260320P00450000,450.0,35.6,33.7,34.9,108.0,851.0,0.44504339141845706,True,PUT,2026-03-20,CRWD
CRWD260320P00460000,460.0,41.51,39.5,41.6,31.0,730.0,0.45386288330078123,True,PUT,2026-03-20,CRWD
CRWD260320P00470000,470.0,45.58,46.25,48.6,15.0,635.0,0.4601799588012696,True,PUT,2026-03-20,CRWD
CRWD260320P00480000,480.0,53.13,52.7,54.7,11.0,370.0,0.44455511505126954,True,PUT,2026-03-20,CRWD
CRWD260320P00490000,490.0,56.34,60.1,61.65,5.0,659.0,0.43478958770751963,True,PUT,2026-03-20,CRWD
CRWD260320P00500000,500.0,74.43,66.35,71.45,2.0,391.0,0.47104410797119145,True,PUT,2026-03-20,CRWD
CRWD260320P00510000,510.0,49.55,74.0,79.55,1.0,279.0,0.47128824615478515,True,PUT,2026-03-20,CRWD
CRWD260320P00520000,520.0,53.45,81.0,87.95,5.0,203.0,0.47186807434082034,True,PUT,2026-03-20,CRWD
CRWD260320P00530000,530.0,70.11,90.25,96.55,3.0,246.0,0.47119669433593747,True,PUT,2026-03-20,CRWD
CRWD260320P00540000,540.0,103.6,100.3,105.45,1.0,384.0,0.4725394543457031,True,PUT,2026-03-20,CRWD
CRWD260320P00550000,550.0,79.49,108.75,114.65,1.0,41.0,0.477544287109375,True,PUT,2026-03-20,CRWD
CRWD260320P00560000,560.0,84.7,118.15,123.7,2.0,10.0,0.4730277307128906,True,PUT,2026-03-20,CRWD
CRWD260320P00570000,570.0,117.0,127.3,133.45,1.0,31.0,0.48871360900878913,True,PUT,2026-03-20,CRWD
CRWD260417C00310000,310.0,197.09,145.95,152.65,2.0,18.0,0.9481816705322266,True,CALL,2026-04-17,CRWD
CRWD260417C00320000,320.0,149.53,124.6,130.25,2.0,9.0,0.6288489263916017,True,CALL,2026-04-17,CRWD
CRWD260417C00330000,330.0,120.45,116.15,120.75,3.0,16.0,0.6088295953369143,True,CALL,2026-04-17,CRWD
CRWD260417C00340000,340.0,147.55,106.45,112.2,2.0,5.0,0.5830730169677734,True,CALL,2026-04-17,CRWD
CRWD260417C00350000,350.0,138.1,97.85,104.0,2.0,44.0,0.5703473141479493,True,CALL,2026-04-17,CRWD
CRWD260417C00360000,360.0,85.5,89.65,95.5,2.0,45.0,0.5547529876708985,True,CALL,2026-04-17,CRWD
CRWD260417C00370000,370.0,121.5,81.45,87.8,4.0,24.0,0.5426071130371095,True,CALL,2026-04-17,CRWD
CRWD260417C00380000,380.0,71.85,74.05,78.7,11.0,54.0,0.521763815612793,True,CALL,2026-04-17,CRWD
CRWD260417C00390000,390.0,77.25,66.7,71.6,10.0,38.0,0.5132189791870116,True,CALL,2026-04-17,CRWD
CRWD260417C00400000,400.0,63.0,60.45,64.25,7.0,110.0,0.506138971862793,True,CALL,2026-04-17,CRWD
CRWD260417C00410000,410.0,55.99,53.15,58.85,2.0,101.0,0.5003406900024415,True,CALL,2026-04-17,CRWD
CRWD260417C00420000,420.0,45.33,48.75,52.25,13.0,75.0,0.5006763800048828,True,CALL,2026-04-17,CRWD
CRWD260417C00430000,430.0,44.0,42.9,45.25,32.0,89.0,0.49905896453857423,True,CALL,2026-04-17,CRWD
CRWD260417C00440000,440.0,39.65,38.2,39.55,77.0,105.0,0.4870199003601075,False,CALL,2026-04-17,CRWD
CRWD260417C00450000,450.0,34.0,32.6,34.8,147.0,180.0,0.4820303262329102,False,CALL,2026-04-17,CRWD
CRWD260417C00460000,460.0,30.4,28.75,29.7,43.0,175.0,0.4679923806762696,False,CALL,2026-04-17,CRWD
CRWD260417C00470000,470.0,24.55,23.6,27.85,62.0,207.0,0.48950705810546885,False,CALL,2026-04-17,CRWD
CRWD260417C00480000,480.0,22.45,21.75,22.65,110.0,379.0,0.4646965151977539,False,CALL,2026-04-17,CRWD
CRWD260417C00490000,490.0,19.4,18.75,19.65,60.0,199.0,0.4630485824584961,False,CALL,2026-04-17,CRWD
CRWD260417C00500000,500.0,16.7,15.7,17.55,25.0,204.0,0.4693351406860352,False,CALL,2026-04-17,CRWD
CRWD260417C00510000,510.0,14.35,12.95,15.55,13.0,193.0,0.4734854898071289,False,CALL,2026-04-17,CRWD
CRWD260417C00520000,520.0,12.35,11.65,12.85,52.0,608.0,0.46344530700683595,False,CALL,2026-04-17,CRWD
CRWD260417C00530000,530.0,10.15,9.25,11.35,25.0,141.0,0.46774824249267577,False,CALL,2026-04-17,CRWD
CRWD260417C00540000,540.0,8.86,8.55,9.25,29.0,171.0,0.45834892242431646,False,CALL,2026-04-17,CRWD
CRWD260417C00550000,550.0,8.0,7.35,7.75,92.0,252.0,0.45508357421875,False,CALL,2026-04-17,CRWD
CRWD260417C00560000,560.0,6.6,6.2,7.25,63.0,185.0,0.4682670361328125,False,CALL,2026-04-17,CRWD
CRWD260417C00570000,570.0,5.8,5.5,6.3,90.0,105.0,0.4702506588745118,False,CALL,2026-04-17,CRWD
CRWD260417P00310000,310.0,2.85,1.92,3.4,4.0,28.0,0.5076953527832031,False,PUT,2026-04-17,CRWD
CRWD260417P00320000,320.0,1.43,2.62,4.4,1.0,33.0,0.503056727294922,False,PUT,2026-04-17,CRWD
CRWD260417P00330000,330.0,2.2,4.2,5.7,22.0,105.0,0.5101977691650392,False,PUT,2026-04-17,CRWD
CRWD260417P00340000,340.0,2.77,5.3,6.8,6.0,146.0,0.5184069155883789,False,PUT,2026-04-17,CRWD
CRWD260417P00350000,350.0,7.0,6.65,7.35,17.0,320.0,0.48883567810058604,False,PUT,2026-04-17,CRWD
CRWD260417P00360000,360.0,8.55,8.15,8.95,24.0,231.0,0.479924634399414,False,PUT,2026-04-17,CRWD
CRWD260417P00370000,370.0,10.54,10.0,10.55,12.0,114.0,0.4662223788452149,False,PUT,2026-04-17,CRWD
CRWD260417P00380000,380.0,13.22,12.1,12.8,10.0,180.0,0.45941702697753906,False,PUT,2026-04-17,CRWD
CRWD260417P00390000,390.0,15.0,14.6,15.5,8.0,218.0,0.45432064239501957,False,PUT,2026-04-17,CRWD
CRWD260417P00400000,400.0,18.85,17.5,18.55,49.0,412.0,0.4487664987182617,False,PUT,2026-04-17,CRWD
CRWD260417P00410000,410.0,23.65,20.7,23.55,4.0,443.0,0.46411668701171876,False,PUT,2026-04-17,CRWD
CRWD260417P00420000,420.0,27.78,24.25,27.65,12.0,305.0,0.46072926971435546,False,PUT,2026-04-17,CRWD
CRWD260417P00430000,430.0,31.0,28.95,30.15,23.0,277.0,0.43201251586914063,False,PUT,2026-04-17,CRWD
CRWD260417P00440000,440.0,34.35,33.45,35.85,92.0,138.0,0.43836010864257813,True,PUT,2026-04-17,CRWD
CRWD260417P00450000,450.0,40.37,37.95,41.85,27.0,381.0,0.4428156304931641,True,PUT,2026-04-17,CRWD
CRWD260417P00460000,460.0,46.55,43.45,48.25,2.0,430.0,0.44704227279663084,True,PUT,2026-04-17,CRWD
CRWD260417P00470000,470.0,52.4,50.05,54.0,11.0,259.0,0.4382380395507813,True,PUT,2026-04-17,CRWD
CRWD260417P00480000,480.0,59.05,56.05,61.15,4.0,253.0,0.44220528503417966,True,PUT,2026-04-17,CRWD
CRWD260417P00490000,490.0,63.95,63.4,68.55,94.0,161.0,0.44507390869140623,True,PUT,2026-04-17,CRWD
CRWD260417P00500000,500.0,52.05,70.5,74.35,15.0,276.0,0.4209957803344727,True,PUT,2026-04-17,CRWD
CRWD260417P00510000,510.0,81.52,78.15,80.75,11.0,68.0,0.3979247219848633,True,PUT,2026-04-17,CRWD
CRWD260417P00520000,520.0,89.17,85.25,91.25,1.0,43.0,0.4345454495239258,True,PUT,2026-04-17,CRWD
CRWD260417P00530000,530.0,91.15,93.45,97.9,2.0,296.0,0.40427231475830083,True,PUT,2026-04-17,CRWD
CRWD260417P00540000,540.0,95.65,101.7,107.85,1.0,320.0,0.4282588912963867,True,PUT,2026-04-17,CRWD
CRWD260417P00550000,550.0,84.3,110.6,116.9,3.0,22.0,0.43335527587890627,True,PUT,2026-04-17,CRWD
CRWD260417P00560000,560.0,89.8,119.8,125.85,20.0,25.0,0.43329424133300787,True,PUT,2026-04-17,CRWD
CRWD260417P00570000,570.0,102.25,129.2,134.15,2.0,5.0,0.412542495727539,True,PUT,2026-04-17,CRWD
CRWD260515C00310000,310.0,174.54,136.05,141.5,3.0,7.0,0.6106911489868166,True,CALL,2026-05-15,CRWD
CRWD260515C00320000,320.0,239.0,139.3,145.15,2.0,18.0,0.8141192904663085,True,CALL,2026-05-15,CRWD
CRWD260515C00330000,330.0,191.2,130.5,135.3,2.0,15.0,0.7747520083618166,True,CALL,2026-05-15,CRWD
CRWD260515C00340000,340.0,124.37,109.55,115.7,1.0,23.0,0.5606428213500977,True,CALL,2026-05-15,CRWD
CRWD260515C00350000,350.0,137.6,101.25,106.75,3.0,31.0,0.541264353027344,True,CALL,2026-05-15,CRWD
CRWD260515C00360000,360.0,89.1,93.25,99.7,1.0,8.0,0.5364731411743165,True,CALL,2026-05-15,CRWD
CRWD260515C00370000,370.0,117.55,85.55,92.05,4.0,18.0,0.5257158024597168,True,CALL,2026-05-15,CRWD
CRWD260515C00380000,380.0,109.22,78.15,82.65,4.0,149.0,0.5023243127441408,True,CALL,2026-05-15,CRWD
CRWD260515C00390000,390.0,71.55,71.35,76.15,1.0,26.0,0.5286912365722658,True,CALL,2026-05-15,CRWD
CRWD260515C00400000,400.0,66.1,66.8,70.4,5.0,38.0,0.5094043200683593,True,CALL,2026-05-15,CRWD
CRWD260515C00410000,410.0,89.5,58.45,63.15,10.0,49.0,0.5115405291748047,True,CALL,2026-05-15,CRWD
CRWD260515C00420000,420.0,51.1,54.3,57.05,3.0,198.0,0.5025226750183105,True,CALL,2026-05-15,CRWD
CRWD260515C00430000,430.0,48.58,48.25,51.85,36.0,72.0,0.49991344818115235,True,CALL,2026-05-15,CRWD
CRWD260515C00440000,440.0,43.4,43.3,45.95,16.0,55.0,0.48633326171875,False,CALL,2026-05-15,CRWD
CRWD260515C00450000,450.0,39.15,38.9,41.65,176.0,93.0,0.4863180030822754,False,CALL,2026-05-15,CRWD
CRWD260515C00460000,460.0,35.35,34.5,35.7,27.0,279.0,0.46545944702148445,False,CALL,2026-05-15,CRWD
CRWD260515C00470000,470.0,32.0,29.8,32.1,47.0,811.0,0.4659019474792481,False,CALL,2026-05-15,CRWD
CRWD260515C00480000,480.0,27.85,27.25,28.15,48.0,228.0,0.4592034060668946,False,CALL,2026-05-15,CRWD
CRWD260515C00490000,490.0,24.5,23.9,24.8,58.0,70.0,0.4555718505859375,False,CALL,2026-05-15,CRWD
CRWD260515C00500000,500.0,21.7,21.0,21.85,63.0,196.0,0.45309995147705084,False,CALL,2026-05-15,CRWD
CRWD260515C00510000,510.0,18.16,17.2,20.65,4.0,208.0,0.46794660476684574,False,CALL,2026-05-15,CRWD
CRWD260515C00520000,520.0,14.75,16.0,17.4,29.0,268.0,0.4559380578613281,False,CALL,2026-05-15,CRWD
CRWD260515C00530000,530.0,15.17,14.3,15.2,37.0,126.0,0.45337460693359377,False,CALL,2026-05-15,CRWD
CRWD260515C00540000,540.0,13.15,12.75,13.35,344.0,436.0,0.4524896060180664,False,CALL,2026-05-15,CRWD
CRWD260515C00550000,550.0,18.4,10.55,12.3,11.0,141.0,0.46024099334716795,False,CALL,2026-05-15,CRWD
CRWD260515C00560000,560.0,9.25,9.9,10.95,2.0,144.0,0.4617363397216797,False,CALL,2026-05-15,CRWD
CRWD260515C00570000,570.0,8.2,8.5,9.35,16.0,137.0,0.4568840933227539,False,CALL,2026-05-15,CRWD
CRWD260515P00310000,310.0,2.28,2.71,6.05,2.0,69.0,0.539616420288086,False,PUT,2026-05-15,CRWD
CRWD260515P00320000,320.0,2.7,4.85,6.4,1.0,174.0,0.5105639764404297,False,PUT,2026-05-15,CRWD
CRWD260515P00330000,330.0,6.86,6.15,6.95,15.0,112.0,0.48578395080566406,False,PUT,2026-05-15,CRWD
CRWD260515P00340000,340.0,8.1,7.6,8.55,151.0,20.0,0.48120635986328125,False,PUT,2026-05-15,CRWD
CRWD260515P00350000,350.0,9.65,9.0,10.0,155.0,201.0,0.4694572097778321,False,PUT,2026-05-15,CRWD
CRWD260515P00360000,360.0,11.96,9.85,13.95,1.0,52.0,0.49429826995849613,False,PUT,2026-05-15,CRWD
CRWD260515P00370000,370.0,15.5,12.25,15.5,11.0,127.0,0.47531652618408204,False,PUT,2026-05-15,CRWD
CRWD260515P00380000,380.0,16.25,15.6,16.45,20.0,321.0,0.4459283923339844,False,PUT,2026-05-15,CRWD
CRWD260515P00390000,390.0,19.87,18.35,19.3,40.0,221.0,0.43970286865234376,False,PUT,2026-05-15,CRWD
CRWD260515P00400000,400.0,22.15,21.65,22.65,48.0,386.0,0.4354914849853516,False,PUT,2026-05-15,CRWD
CRWD260515P00410000,410.0,26.2,25.25,27.05,135.0,130.0,0.4390925231933594,False,PUT,2026-05-15,CRWD
CRWD260515P00420000,420.0,30.4,29.4,31.1,11.0,73.0,0.43408769042968753,False,PUT,2026-05-15,CRWD
CRWD260515P00430000,430.0,35.15,33.6,35.55,17.0,219.0,0.42935751312255865,False,PUT,2026-05-15,CRWD
CRWD260515P00440000,440.0,40.2,38.15,40.3,13.0,196.0,0.42378811080932616,True,PUT,2026-05-15,CRWD
CRWD260515P00450000,450.0,44.62,42.35,47.15,5.0,348.0,0.4363154513549804,True,PUT,2026-05-15,CRWD
CRWD260515P00460000,460.0,50.53,48.45,53.0,7.0,310.0,0.4343776045227051,True,PUT,2026-05-15,CRWD
CRWD260515P00470000,470.0,56.43,54.05,58.8,13.0,58.0,0.42812156356811526,True,PUT,2026-05-15,CRWD
CRWD260515P00480000,480.0,64.1,60.55,64.4,5.0,227.0,0.4157773266601562,True,PUT,2026-05-15,CRWD
CRWD260515P00490000,490.0,71.65,66.9,70.85,18.0,68.0,0.40868206069946283,True,PUT,2026-05-15,CRWD
CRWD260515P00500000,500.0,53.5,74.65,78.0,22.0,128.0,0.4056761093139648,True,PUT,2026-05-15,CRWD
CRWD260515P00510000,510.0,84.88,80.95,85.55,1.0,52.0,0.40379929702758793,True,PUT,2026-05-15,CRWD
CRWD260515P00520000,520.0,92.24,89.75,95.05,1.0,75.0,0.42351345535278323,True,PUT,2026-05-15,CRWD
CRWD260515P00530000,530.0,99.8,97.7,102.7,1.0,275.0,0.4170895693969726,True,PUT,2026-05-15,CRWD
CRWD260515P00540000,540.0,81.0,105.75,110.85,22.0,23.0,0.4139768075561523,True,PUT,2026-05-15,CRWD
CRWD260515P00550000,550.0,85.0,114.35,119.45,80.0,17.0,0.4143735321044921,True,PUT,2026-05-15,CRWD
CRWD260515P00560000,560.0,96.25,122.1,128.15,2.0,82.0,0.41358008300781246,True,PUT,2026-05-15,CRWD
CRWD260515P00570000,570.0,99.0,130.85,137.0,2.0,7.0,0.41251197845458976,True,PUT,2026-05-15,CRWD
CRWD260618C00310000,310.0,168.44,139.75,145.65,1.0,38.0,0.6032144171142579,True,CALL,2026-06-18,CRWD
CRWD260618C00320000,320.0,170.42,131.3,137.4,6.0,139.0,0.5911600942993166,True,CALL,2026-06-18,CRWD
CRWD260618C00330000,330.0,157.64,123.1,129.3,1.0,63.0,0.5799602551269532,True,CALL,2026-06-18,CRWD
CRWD260618C00340000,340.0,130.3,115.1,121.4,1.0,458.0,0.5692486923217773,True,CALL,2026-06-18,CRWD
CRWD260618C00350000,350.0,128.2,107.4,113.15,2.0,417.0,0.5559584199523928,True,CALL,2026-06-18,CRWD
CRWD260618C00360000,360.0,134.28,100.0,106.2,2.0,149.0,0.5504805694580079,True,CALL,2026-06-18,CRWD
CRWD260618C00370000,370.0,90.31,92.65,97.7,6.0,317.0,0.533482448425293,True,CALL,2026-06-18,CRWD
CRWD260618C00380000,380.0,87.15,86.3,90.7,2.0,336.0,0.5286302020263673,True,CALL,2026-06-18,CRWD
CRWD260618C00390000,390.0,78.17,80.9,84.8,6.0,164.0,0.5317887397766115,True,CALL,2026-06-18,CRWD
CRWD260618C00400000,400.0,73.3,73.1,78.1,7.0,834.0,0.515355188293457,True,CALL,2026-06-18,CRWD
CRWD260618C00410000,410.0,65.9,66.6,72.25,1.0,104.0,0.5075732836914062,True,CALL,2026-06-18,CRWD
CRWD260618C00420000,420.0,62.85,62.4,66.65,11.0,569.0,0.5095263891601562,True,CALL,2026-06-18,CRWD
CRWD260618C00430000,430.0,57.0,56.5,61.2,7.0,659.0,0.5012867254638673,True,CALL,2026-06-18,CRWD
CRWD260618C00440000,440.0,52.25,52.5,54.9,56.0,588.0,0.506566213684082,False,CALL,2026-06-18,CRWD
CRWD260618C00450000,450.0,49.5,47.9,50.45,63.0,465.0,0.5045062977600099,False,CALL,2026-06-18,CRWD
CRWD260618C00460000,460.0,43.54,43.85,46.4,19.0,649.0,0.5036212968444824,False,CALL,2026-06-18,CRWD
CRWD260618C00470000,470.0,40.15,39.7,41.55,111.0,2089.0,0.4929555099487305,False,CALL,2026-06-18,CRWD
CRWD260618C00480000,480.0,36.7,35.35,38.75,36.0,499.0,0.49876905044555664,False,CALL,2026-06-18,CRWD
CRWD260618C00490000,490.0,33.42,31.55,34.1,9.0,503.0,0.4850973121643066,False,CALL,2026-06-18,CRWD
CRWD260618C00500000,500.0,29.48,28.55,31.6,128.0,1622.0,0.4892476612854005,False,CALL,2026-06-18,CRWD
CRWD260618C00510000,510.0,26.55,25.8,28.6,13.0,225.0,0.4865163653564454,False,CALL,2026-06-18,CRWD
CRWD260618C00520000,520.0,23.93,23.4,25.8,13.0,570.0,0.4835714485168458,False,CALL,2026-06-18,CRWD
CRWD260618C00530000,530.0,21.55,20.05,22.75,34.0,275.0,0.4758353198242187,False,CALL,2026-06-18,CRWD
CRWD260618C00540000,540.0,21.71,19.25,20.6,4.0,682.0,0.4751791984558105,False,CALL,2026-06-18,CRWD
CRWD260618C00550000,550.0,18.15,17.0,18.6,143.0,998.0,0.474187387084961,False,CALL,2026-06-18,CRWD
CRWD260618C00560000,560.0,16.4,14.4,17.35,3.0,304.0,0.47984834121704095,False,CALL,2026-06-18,CRWD
CRWD260618C00570000,570.0,14.52,13.8,15.25,4.0,322.0,0.47403480072021487,False,CALL,2026-06-18,CRWD
CRWD260618P00310000,310.0,4.67,4.8,9.0,10.0,660.0,0.5314988256835937,False,PUT,2026-06-18,CRWD
CRWD260618P00320000,320.0,8.71,7.0,9.25,4.0,978.0,0.5004932763671875,False,PUT,2026-06-18,CRWD
CRWD260618P00330000,330.0,10.35,9.0,10.95,27.0,501.0,0.4943593045043946,False,PUT,2026-06-18,CRWD
CRWD260618P00340000,340.0,6.94,8.5,14.0,1.0,838.0,0.5051929364013672,False,PUT,2026-06-18,CRWD
CRWD260618P00350000,350.0,13.95,13.6,14.6,6.0,1182.0,0.47641514801025386,False,PUT,2026-06-18,CRWD
CRWD260618P00360000,360.0,16.9,16.0,17.5,200.0,558.0,0.47736118347167966,False,PUT,2026-06-18,CRWD
CRWD260618P00370000,370.0,20.2,19.05,21.05,2.0,525.0,0.4820608435058594,False,PUT,2026-06-18,CRWD
CRWD260618P00380000,380.0,22.9,22.3,22.75,9.0,637.0,0.4615990119934083,False,PUT,2026-06-18,CRWD
CRWD260618P00390000,390.0,25.95,25.55,26.3,25.0,702.0,0.45950857879638674,False,PUT,2026-06-18,CRWD
CRWD260618P00400000,400.0,29.72,28.6,30.8,5.0,582.0,0.4638420315551758,False,PUT,2026-06-18,CRWD
CRWD260618P00410000,410.0,36.8,32.05,33.85,5.0,459.0,0.4501092587280273,False,PUT,2026-06-18,CRWD
CRWD260618P00420000,420.0,24.8,36.15,38.55,4.0,542.0,0.44980408599853516,False,PUT,2026-06-18,CRWD
CRWD260618P00430000,430.0,44.35,39.85,43.2,8.0,482.0,0.44586735778808595,False,PUT,2026-06-18,CRWD
CRWD260618P00440000,440.0,46.74,45.15,48.05,10.0,129.0,0.4408167491149902,True,PUT,2026-06-18,CRWD
CRWD260618P00450000,450.0,50.3,50.25,53.25,17.0,380.0,0.4361018304443359,True,PUT,2026-06-18,CRWD
CRWD260618P00460000,460.0,57.55,55.65,59.3,20.0,892.0,0.43628493408203123,True,PUT,2026-06-18,CRWD
CRWD260618P00470000,470.0,63.38,60.85,64.95,38.0,687.0,0.4299525999450684,True,PUT,2026-06-18,CRWD
CRWD260618P00480000,480.0,71.24,67.55,71.35,107.0,401.0,0.4277706149291992,True,PUT,2026-06-18,CRWD
CRWD260618P00490000,490.0,75.4,73.15,77.6,2.0,305.0,0.42139250488281255,True,PUT,2026-06-18,CRWD
CRWD260618P00500000,500.0,82.2,80.7,84.8,2.0,315.0,0.42140776351928716,True,PUT,2026-06-18,CRWD
CRWD260618P00510000,510.0,67.45,87.55,91.95,12.0,337.0,0.4183865534973144,True,PUT,2026-06-18,CRWD
CRWD260618P00520000,520.0,100.0,95.35,99.1,1.0,311.0,0.4126645648193359,True,PUT,2026-06-18,CRWD
CRWD260618P00530000,530.0,100.0,102.6,107.2,1.0,46.0,0.4144650839233398,True,PUT,2026-06-18,CRWD
CRWD260618P00540000,540.0,83.18,110.6,115.4,3.0,183.0,0.4152585330200196,True,PUT,2026-06-18,CRWD
CRWD260618P00550000,550.0,121.94,118.65,123.8,2.0,26.0,0.41629612030029295,True,PUT,2026-06-18,CRWD
CRWD260618P00560000,560.0,98.45,125.85,132.15,2.0,27.0,0.41461767028808594,True,PUT,2026-06-18,CRWD
CRWD260618P00570000,570.0,115.16,135.4,140.7,1.0,3.0,0.4133359448242187,True,PUT,2026-06-18,CRWD
CRWD260717C00310000,310.0,150.65,142.25,148.2,2.0,3.0,0.5877421597290039,True,CALL,2026-07-17,CRWD
CRWD260717C00320000,320.0,171.05,133.95,140.05,1.0,1.0,0.5758404232788085,True,CALL,2026-07-17,CRWD
CRWD260717C00330000,330.0,204.65,137.6,141.25,,1.0,0.6939727868652343,True,CALL,2026-07-17,CRWD
CRWD260717C00340000,340.0,126.7,118.05,124.35,2.0,8.0,0.55489031539917,True,CALL,2026-07-17,CRWD
CRWD260717C00350000,350.0,111.6,110.5,116.85,25.0,20.0,0.5459029785156251,True,CALL,2026-07-17,CRWD
CRWD260717C00360000,360.0,111.35,103.1,109.55,9.0,8.0,0.5367783139038086,True,CALL,2026-07-17,CRWD
CRWD260717C00370000,370.0,95.0,96.4,102.3,1.0,13.0,0.5295457202148439,True,CALL,2026-07-17,CRWD
CRWD260717C00380000,380.0,106.26,89.1,94.9,3.0,5.0,0.5163927755737304,True,CALL,2026-07-17,CRWD
CRWD260717C00390000,390.0,94.35,84.75,88.5,34.0,21.0,0.5204210556030272,True,CALL,2026-07-17,CRWD
CRWD260717C00400000,400.0,104.5,76.7,81.85,2.0,14.0,0.5033161241149902,True,CALL,2026-07-17,CRWD
CRWD260717C00410000,410.0,104.0,72.05,76.6,1.0,2.0,0.5062000064086914,True,CALL,2026-07-17,CRWD
CRWD260717C00420000,420.0,64.23,67.75,70.35,2.0,5.0,0.5036060382080079,True,CALL,2026-07-17,CRWD
CRWD260717C00430000,430.0,59.43,59.95,65.2,1.0,9.0,0.5110064768981935,True,CALL,2026-07-17,CRWD
CRWD260717C00440000,440.0,58.0,56.6,59.5,23.0,10.0,0.5002491381835938,False,CALL,2026-07-17,CRWD
CRWD260717C00450000,450.0,52.5,50.35,54.7,15.0,76.0,0.4951069776916504,False,CALL,2026-07-17,CRWD
CRWD260717C00460000,460.0,46.0,46.75,50.6,3.0,31.0,0.4937489590454103,False,CALL,2026-07-17,CRWD
CRWD260717C00470000,470.0,43.55,43.0,46.35,47.0,241.0,0.48907981628417974,False,CALL,2026-07-17,CRWD
CRWD260717C00480000,480.0,40.1,38.8,42.7,2.0,212.0,0.48743188354492195,False,CALL,2026-07-17,CRWD
CRWD260717C00490000,490.0,41.05,34.0,39.1,3.0,207.0,0.4842580871582032,False,CALL,2026-07-17,CRWD
CRWD260717C00500000,500.0,32.18,31.75,35.8,1.0,105.0,0.48172515350341794,False,CALL,2026-07-17,CRWD
CRWD260717C00510000,510.0,44.7,29.3,32.15,6.0,514.0,0.474263680267334,False,CALL,2026-07-17,CRWD
CRWD260717C00520000,520.0,40.05,25.15,29.2,4.0,31.0,0.47095255615234377,False,CALL,2026-07-17,CRWD
CRWD260717C00530000,530.0,36.85,23.85,27.05,1.0,46.0,0.47308876525878907,False,CALL,2026-07-17,CRWD
CRWD260717C00540000,540.0,33.6,22.8,24.75,4.0,186.0,0.47224954025268556,False,CALL,2026-07-17,CRWD
CRWD260717C00550000,550.0,21.2,19.3,22.35,21.0,47.0,0.46880108840942386,False,CALL,2026-07-17,CRWD
CRWD260717C00560000,560.0,25.84,17.7,20.25,4.0,43.0,0.46654281021118166,False,CALL,2026-07-17,CRWD
CRWD260717C00570000,570.0,25.35,16.65,19.55,4.0,37.0,0.4770407521057129,False,CALL,2026-07-17,CRWD
CRWD260717P00330000,330.0,10.0,9.75,13.25,1.0,157.0,0.483952914428711,False,PUT,2026-07-17,CRWD
CRWD260717P00340000,340.0,11.95,11.8,15.0,1.0,33.0,0.47342445526123045,False,PUT,2026-07-17,CRWD
CRWD260717P00350000,350.0,16.5,15.8,17.4,4.0,82.0,0.4688163470458985,False,PUT,2026-07-17,CRWD
CRWD260717P00360000,360.0,19.07,18.25,20.0,3.0,23.0,0.4636589279174804,False,PUT,2026-07-17,CRWD
CRWD260717P00370000,370.0,14.2,20.75,24.45,6.0,30.0,0.47556066436767575,False,PUT,2026-07-17,CRWD
CRWD260717P00380000,380.0,21.95,23.4,28.5,1.0,122.0,0.4789785989379882,False,PUT,2026-07-17,CRWD
CRWD260717P00390000,390.0,18.1,27.55,31.55,6.0,390.0,0.4694572097778321,False,PUT,2026-07-17,CRWD
CRWD260717P00400000,400.0,32.5,30.9,33.2,54.0,133.0,0.44479925323486325,False,PUT,2026-07-17,CRWD
CRWD260717P00410000,410.0,36.97,34.7,37.0,2.0,34.0,0.4382990740966797,False,PUT,2026-07-17,CRWD
CRWD260717P00420000,420.0,26.06,38.8,41.35,1.0,54.0,0.434148724975586,False,PUT,2026-07-17,CRWD
CRWD260717P00430000,430.0,40.0,43.15,46.05,1.0,26.0,0.4304713935852051,False,PUT,2026-07-17,CRWD
CRWD260717P00440000,440.0,50.65,48.25,51.05,2.0,16.0,0.4267788035583497,True,PUT,2026-07-17,CRWD
CRWD260717P00450000,450.0,55.0,53.3,57.3,2.0,36.0,0.4310664804077149,True,PUT,2026-07-17,CRWD
CRWD260717P00460000,460.0,60.38,58.8,61.95,2.0,317.0,0.41948517532348634,True,PUT,2026-07-17,CRWD
CRWD260717P00470000,470.0,67.4,63.5,69.75,2.0,100.0,0.43187518814086917,True,PUT,2026-07-17,CRWD
CRWD260717P00480000,480.0,73.65,70.2,75.2,2.0,59.0,0.4222622471618652,True,PUT,2026-07-17,CRWD
CRWD260717P00490000,490.0,59.5,77.15,81.15,1.0,101.0,0.4144803425598144,True,PUT,2026-07-17,CRWD
CRWD260717P00500000,500.0,87.0,82.95,89.15,4.0,179.0,0.4221859539794922,True,PUT,2026-07-17,CRWD
CRWD260717P00510000,510.0,89.95,89.7,94.2,2.0,504.0,0.40160205337524413,True,PUT,2026-07-17,CRWD
CRWD260717P00520000,520.0,83.0,97.55,102.8,1.0,1.0,0.41071145935058595,True,PUT,2026-07-17,CRWD
CRWD260717P00530000,530.0,70.05,105.05,108.45,2.0,1.0,0.3898681619262696,True,PUT,2026-07-17,CRWD
CRWD260717P00540000,540.0,112.7,113.1,118.35,2.0,42.0,0.4083005947875976,True,PUT,2026-07-17,CRWD
CRWD260717P00550000,550.0,94.2,120.45,124.75,2.0,2.0,0.38945617874145505,True,PUT,2026-07-17,CRWD
CRWD260821C00310000,310.0,154.9,145.55,151.7,2.0,21.0,0.5798992205810547,True,CALL,2026-08-21,CRWD
CRWD260821C00320000,320.0,141.19,137.5,143.7,1.0,9.0,0.5686841227722168,True,CALL,2026-08-21,CRWD
CRWD260821C00330000,330.0,168.99,129.65,135.35,1.0,6.0,0.5551191949462893,True,CALL,2026-08-21,CRWD
CRWD260821C00340000,340.0,131.85,122.95,128.45,2.0,6.0,0.5542799699401855,True,CALL,2026-08-21,CRWD
CRWD260821C00350000,350.0,133.1,114.7,121.2,2.0,26.0,0.5412338357543948,True,CALL,2026-08-21,CRWD
CRWD260821C00360000,360.0,110.72,107.55,114.0,1.0,10.0,0.5324906370544433,True,CALL,2026-08-21,CRWD
CRWD260821C00370000,370.0,132.2,100.6,107.65,7.0,38.0,0.5269517520141601,True,CALL,2026-08-21,CRWD
CRWD260821C00380000,380.0,128.15,93.95,99.9,3.0,29.0,0.5145617391967773,True,CALL,2026-08-21,CRWD
CRWD260821C00390000,390.0,119.95,89.6,93.4,1.0,10.0,0.5161181201171875,True,CALL,2026-08-21,CRWD
CRWD260821C00400000,400.0,113.9,81.6,87.1,3.0,19.0,0.5009205181884766,True,CALL,2026-08-21,CRWD
CRWD260821C00410000,410.0,79.95,75.85,80.55,4.0,17.0,0.5117388914489747,True,CALL,2026-08-21,CRWD
CRWD260821C00420000,420.0,74.2,71.85,75.3,3.0,27.0,0.5084430259704589,True,CALL,2026-08-21,CRWD
CRWD260821C00430000,430.0,70.65,65.05,70.95,4.0,32.0,0.5103961314392089,True,CALL,2026-08-21,CRWD
CRWD260821C00440000,440.0,62.7,61.75,65.35,8.0,34.0,0.5007374145507812,False,CALL,2026-08-21,CRWD
CRWD260821C00450000,450.0,85.0,55.8,60.7,1.0,49.0,0.49678542770385753,False,CALL,2026-08-21,CRWD
CRWD260821C00460000,460.0,53.41,52.0,56.75,2.0,100.0,0.49644973770141604,False,CALL,2026-08-21,CRWD
CRWD260821C00470000,470.0,50.21,49.9,51.75,94.0,2593.0,0.4864400721740723,False,CALL,2026-08-21,CRWD
CRWD260821C00480000,480.0,45.07,44.3,48.5,5.0,107.0,0.4881185221862793,False,CALL,2026-08-21,CRWD
CRWD260821C00490000,490.0,44.75,40.8,44.75,5.0,60.0,0.48438015625,False,CALL,2026-08-21,CRWD
CRWD260821C00500000,500.0,38.95,37.95,40.65,6.0,60.0,0.47633885482788085,False,CALL,2026-08-21,CRWD
CRWD260821C00510000,510.0,36.65,33.8,37.95,2.0,30.0,0.47755954574584963,False,CALL,2026-08-21,CRWD
CRWD260821C00520000,520.0,33.55,31.75,35.3,6.0,57.0,0.47777316665649416,False,CALL,2026-08-21,CRWD
CRWD260821C00530000,530.0,46.0,29.35,32.25,3.0,84.0,0.4733481620788575,False,CALL,2026-08-21,CRWD
CRWD260821C00540000,540.0,31.56,25.8,29.7,3.0,34.0,0.47151712570190424,False,CALL,2026-08-21,CRWD
CRWD260821C00550000,550.0,26.37,24.85,27.9,401.0,70.0,0.4745993702697754,False,CALL,2026-08-21,CRWD
CRWD260821C00560000,560.0,23.16,21.85,25.05,1.0,37.0,0.46747358703613284,False,CALL,2026-08-21,CRWD
CRWD260821C00570000,570.0,21.64,20.05,23.75,1.0,61.0,0.4725089370727539,False,CALL,2026-08-21,CRWD
CRWD260821P00310000,310.0,10.63,8.1,11.7,2.0,15.0,0.48221342987060545,False,PUT,2026-08-21,CRWD
CRWD260821P00320000,320.0,12.05,11.65,13.3,10.0,41.0,0.47296669616699216,False,PUT,2026-08-21,CRWD
CRWD260821P00330000,330.0,14.48,12.25,16.2,1.0,89.0,0.47795627029418947,False,PUT,2026-08-21,CRWD
CRWD260821P00340000,340.0,13.63,13.4,19.05,2.0,8.0,0.47842928802490237,False,PUT,2026-08-21,CRWD
CRWD260821P00350000,350.0,12.25,19.0,20.7,1.0,157.0,0.4630180651855469,False,PUT,2026-08-21,CRWD
CRWD260821P00360000,360.0,16.05,21.25,25.85,2.0,27.0,0.48169463623046876,False,PUT,2026-08-21,CRWD
CRWD260821P00370000,370.0,25.08,22.6,29.0,1.0,5.0,0.47662876892089845,False,PUT,2026-08-21,CRWD
CRWD260821P00380000,380.0,19.5,27.05,31.55,1.0,8.0,0.4639946179199219,False,PUT,2026-08-21,CRWD
CRWD260821P00390000,390.0,24.8,30.6,34.25,1.0,57.0,0.4511468460083008,False,PUT,2026-08-21,CRWD
CRWD260821P00400000,400.0,34.0,34.35,38.3,1.0,71.0,0.44812563598632804,False,PUT,2026-08-21,CRWD
CRWD260821P00410000,410.0,30.75,38.65,40.95,23.0,107.0,0.4314479463195801,False,PUT,2026-08-21,CRWD
CRWD260821P00420000,420.0,46.45,42.35,46.3,1.0,59.0,0.4348048463439942,False,PUT,2026-08-21,CRWD
CRWD260821P00430000,430.0,49.55,47.55,50.55,12.0,212.0,0.4271297521972657,False,PUT,2026-08-21,CRWD
CRWD260821P00440000,440.0,43.75,52.4,56.4,6.0,20.0,0.42983053085327155,True,PUT,2026-08-21,CRWD
CRWD260821P00450000,450.0,59.2,56.8,61.75,6.0,416.0,0.4265194067382813,True,PUT,2026-08-21,CRWD
CRWD260821P00460000,460.0,63.02,62.3,67.2,2.0,51.0,0.421957074432373,True,PUT,2026-08-21,CRWD
CRWD260821P00470000,470.0,57.75,67.8,71.2,2.0,18.0,0.4043638665771484,True,PUT,2026-08-21,CRWD
CRWD260821P00480000,480.0,77.7,74.45,79.35,3.0,18.0,0.41644870666503897,True,PUT,2026-08-21,CRWD
CRWD260821P00490000,490.0,77.5,81.0,84.85,1.0,41.0,0.40631697204589845,True,PUT,2026-08-21,CRWD
CRWD260821P00500000,500.0,67.25,87.4,93.0,44.0,38.0,0.4149228430175781,True,PUT,2026-08-21,CRWD
CRWD260821P00510000,510.0,94.5,94.3,99.05,2.0,20.0,0.40523360885620113,True,PUT,2026-08-21,CRWD
CRWD260821P00520000,520.0,97.06,101.6,105.9,1.0,37.0,0.3999388619995118,True,PUT,2026-08-21,CRWD
CRWD260821P00530000,530.0,86.85,107.9,113.45,20.0,10.0,0.3986266192626954,True,PUT,2026-08-21,CRWD
CRWD260821P00540000,540.0,119.71,116.6,120.45,2.0,3.0,0.390707386932373,True,PUT,2026-08-21,CRWD
CRWD260821P00550000,550.0,100.1,124.0,127.9,10.0,42.0,0.38468022552490233,True,PUT,2026-08-21,CRWD
CRWD260821P00560000,560.0,91.5,122.45,0.0,2.0,2.0,1.0000000000000003e-05,True,PUT,2026-08-21,CRWD
CRWD260821P00570000,570.0,95.75,0.0,0.0,2.0,2.0,1.0000000000000003e-05,True,PUT,2026-08-21,CRWD
CRWD260918C00310000,310.0,159.05,149.0,155.05,1.0,11.0,0.5839885351562499,True,CALL,2026-09-18,CRWD
CRWD260918C00320000,320.0,147.65,141.2,147.35,1.0,10.0,0.5741924905395508,True,CALL,2026-09-18,CRWD
CRWD260918C00330000,330.0,131.2,133.9,139.8,3.0,15.0,0.5663342927551271,True,CALL,2026-09-18,CRWD
CRWD260918C00340000,340.0,152.24,126.3,132.65,1.0,60.0,0.5573774731445313,True,CALL,2026-09-18,CRWD
CRWD260918C00350000,350.0,124.07,119.15,125.65,1.0,71.0,0.549778672180176,True,CALL,2026-09-18,CRWD
CRWD260918C00360000,360.0,120.6,112.25,118.2,3.0,79.0,0.5397384893798829,True,CALL,2026-09-18,CRWD
CRWD260918C00370000,370.0,108.72,105.6,111.5,1.0,34.0,0.5326737406921387,True,CALL,2026-09-18,CRWD
CRWD260918C00380000,380.0,100.0,99.7,105.55,2.0,95.0,0.5303086520385744,True,CALL,2026-09-18,CRWD
CRWD260918C00390000,390.0,94.5,94.7,99.4,3.0,93.0,0.528950633392334,True,CALL,2026-09-18,CRWD
CRWD260918C00400000,400.0,88.37,87.0,93.5,8.0,234.0,0.5161638960266113,True,CALL,2026-09-18,CRWD
CRWD260918C00410000,410.0,106.12,82.65,87.45,2.0,22.0,0.5144396701049804,True,CALL,2026-09-18,CRWD
CRWD260918C00420000,420.0,88.0,77.45,81.95,3.0,101.0,0.5098773377990724,True,CALL,2026-09-18,CRWD
CRWD260918C00430000,430.0,70.0,71.15,76.15,1.0,137.0,0.5170641555786133,True,CALL,2026-09-18,CRWD
CRWD260918C00440000,440.0,65.0,67.25,70.95,5.0,207.0,0.5103961314392089,False,CALL,2026-09-18,CRWD
CRWD260918C00450000,450.0,59.9,62.65,66.25,6.0,167.0,0.5059253509521484,False,CALL,2026-09-18,CRWD
CRWD260918C00460000,460.0,58.0,58.2,62.4,6.0,267.0,0.5060931959533692,False,CALL,2026-09-18,CRWD
CRWD260918C00470000,470.0,56.77,53.8,58.05,2.0,226.0,0.5012256909179689,False,CALL,2026-09-18,CRWD
CRWD260918C00480000,480.0,49.85,50.2,54.05,6.0,277.0,0.4974644370269776,False,CALL,2026-09-18,CRWD
CRWD260918C00490000,490.0,48.09,46.35,50.6,7.0,163.0,0.4962666340637208,False,CALL,2026-09-18,CRWD
CRWD260918C00500000,500.0,44.85,43.7,47.05,10.0,374.0,0.49300128585815434,False,CALL,2026-09-18,CRWD
CRWD260918C00510000,510.0,41.39,39.1,44.05,2.0,206.0,0.49240619903564464,False,CALL,2026-09-18,CRWD
CRWD260918C00520000,520.0,53.75,36.35,41.15,5.0,239.0,0.4913075772094727,False,CALL,2026-09-18,CRWD
CRWD260918C00530000,530.0,35.55,35.15,37.45,9.0,99.0,0.48303739624023445,False,CALL,2026-09-18,CRWD
CRWD260918C00540000,540.0,34.95,33.45,35.75,4.0,75.0,0.4884389535522462,False,CALL,2026-09-18,CRWD
CRWD260918C00550000,550.0,30.76,29.1,33.5,1.0,350.0,0.4886830917358399,False,CALL,2026-09-18,CRWD
CRWD260918C00560000,560.0,43.2,28.85,30.6,2.0,231.0,0.482777999420166,False,CALL,2026-09-18,CRWD
CRWD260918C00570000,570.0,31.58,25.65,28.85,1.0,253.0,0.48476162216186525,False,CALL,2026-09-18,CRWD
CRWD260918P00310000,310.0,10.1,13.0,15.15,1.0,281.0,0.49799085998535164,False,PUT,2026-09-18,CRWD
CRWD260918P00320000,320.0,15.05,15.0,15.8,4.0,326.0,0.47461462890625,False,PUT,2026-09-18,CRWD
CRWD260918P00330000,330.0,12.5,17.15,19.65,1.0,61.0,0.48718774536132814,False,PUT,2026-09-18,CRWD
CRWD260918P00340000,340.0,18.0,17.0,22.6,3.0,144.0,0.4859517958068848,False,PUT,2026-09-18,CRWD
CRWD260918P00350000,350.0,18.99,22.25,23.9,2.0,575.0,0.4661308270263672,False,PUT,2026-09-18,CRWD
CRWD260918P00360000,360.0,24.95,25.1,26.6,4.0,355.0,0.45882194015502936,False,PUT,2026-09-18,CRWD
CRWD260918P00370000,370.0,31.0,28.2,30.8,1.0,761.0,0.4630180651855469,False,PUT,2026-09-18,CRWD
CRWD260918P00380000,380.0,22.55,31.4,35.55,2.0,180.0,0.4690910025024414,False,PUT,2026-09-18,CRWD
CRWD260918P00390000,390.0,26.5,35.2,39.55,1.0,164.0,0.466374965209961,False,PUT,2026-09-18,CRWD
CRWD260918P00400000,400.0,40.82,38.7,40.55,2.0,590.0,0.4381007118225098,False,PUT,2026-09-18,CRWD
CRWD260918P00410000,410.0,45.45,43.05,45.2,4.0,124.0,0.43726148681640625,False,PUT,2026-09-18,CRWD
CRWD260918P00420000,420.0,49.92,47.5,50.65,1.0,765.0,0.44036661933898924,False,PUT,2026-09-18,CRWD
CRWD260918P00430000,430.0,55.0,52.5,54.6,10.0,447.0,0.4303645831298829,False,PUT,2026-09-18,CRWD
CRWD260918P00440000,440.0,61.5,56.65,59.75,12.0,167.0,0.4274196662902832,True,PUT,2026-09-18,CRWD
CRWD260918P00450000,450.0,65.0,61.55,65.2,2.0,256.0,0.424810439453125,True,PUT,2026-09-18,CRWD
CRWD260918P00460000,460.0,67.53,67.35,72.05,5.0,88.0,0.4304256176757813,True,PUT,2026-09-18,CRWD
CRWD260918P00470000,470.0,67.65,73.4,78.1,2.0,110.0,0.4285793226623535,True,PUT,2026-09-18,CRWD
CRWD260918P00480000,480.0,61.25,79.85,84.45,2.0,33.0,0.42722130401611336,True,PUT,2026-09-18,CRWD
CRWD260918P00490000,490.0,91.05,85.65,90.55,28.0,172.0,0.4224453507995605,True,PUT,2026-09-18,CRWD
CRWD260918P00500000,500.0,91.45,92.05,97.5,60.0,61.0,0.42221647125244144,True,PUT,2026-09-18,CRWD
CRWD260918P00510000,510.0,95.65,97.85,103.2,23.0,40.0,0.41119973571777346,True,PUT,2026-09-18,CRWD
CRWD260918P00520000,520.0,112.05,105.05,111.0,2.0,30.0,0.4142056871032715,True,PUT,2026-09-18,CRWD
CRWD260918P00530000,530.0,119.45,112.4,116.8,8.0,223.0,0.40036610382080084,True,PUT,2026-09-18,CRWD
CRWD260918P00540000,540.0,95.48,119.55,125.8,2.0,29.0,0.40993326889038084,True,PUT,2026-09-18,CRWD
CRWD260918P00550000,550.0,128.52,128.05,133.15,1.0,37.0,0.40515731567382807,True,PUT,2026-09-18,CRWD
CRWD260918P00560000,560.0,92.67,0.0,129.4,3.0,11.0,0.29430332168579093,True,PUT,2026-09-18,CRWD
CRWD260918P00570000,570.0,94.95,133.6,0.0,4.0,7.0,1.0000000000000003e-05,True,PUT,2026-09-18,CRWD
CRWD261218C00310000,310.0,160.77,157.0,163.3,1.0,122.0,0.5722241264343262,True,CALL,2026-12-18,CRWD
CRWD261218C00320000,320.0,157.0,150.0,156.0,3.0,87.0,0.5653424813842775,True,CALL,2026-12-18,CRWD
CRWD261218C00330000,330.0,169.34,143.0,149.0,1.0,90.0,0.5585066122436525,True,CALL,2026-12-18,CRWD
CRWD261218C00340000,340.0,154.05,136.0,141.9,2.0,133.0,0.5500991035461427,True,CALL,2026-12-18,CRWD
CRWD261218C00350000,350.0,154.1,129.0,136.05,1.0,286.0,0.5454757366943359,True,CALL,2026-12-18,CRWD
CRWD261218C00360000,360.0,121.6,123.0,129.1,2.0,109.0,0.5392044371032716,True,CALL,2026-12-18,CRWD
CRWD261218C00370000,370.0,139.95,116.3,123.55,2.0,228.0,0.5343216734313965,True,CALL,2026-12-18,CRWD
CRWD261218C00380000,380.0,109.63,110.0,116.95,1.0,344.0,0.5259751992797851,True,CALL,2026-12-18,CRWD
CRWD261218C00390000,390.0,108.7,106.5,110.8,2.0,241.0,0.5277299424743653,True,CALL,2026-12-18,CRWD
CRWD261218C00400000,400.0,130.3,99.0,105.65,8.0,283.0,0.518033078994751,True,CALL,2026-12-18,CRWD
CRWD261218C00410000,410.0,121.1,94.0,99.35,2.0,123.0,0.5118380725860595,True,CALL,2026-12-18,CRWD
CRWD261218C00420000,420.0,88.06,90.1,94.8,5.0,183.0,0.5137225141906738,True,CALL,2026-12-18,CRWD
CRWD261218C00430000,430.0,85.97,84.65,89.6,2.0,153.0,0.5073749214172363,True,CALL,2026-12-18,CRWD
CRWD261218C00440000,440.0,81.63,80.3,83.75,9.0,346.0,0.5014393118286133,False,CALL,2026-12-18,CRWD
CRWD261218C00450000,450.0,75.0,76.7,80.5,2.0,393.0,0.50478858253479,False,CALL,2026-12-18,CRWD
CRWD261218C00460000,460.0,72.25,70.75,77.2,2.0,189.0,0.519383468322754,False,CALL,2026-12-18,CRWD
CRWD261218C00470000,470.0,68.9,67.15,71.8,7.0,332.0,0.5084277673339843,False,CALL,2026-12-18,CRWD
CRWD261218C00480000,480.0,63.91,64.15,67.7,3.0,889.0,0.5044452632141114,False,CALL,2026-12-18,CRWD
CRWD261218C00490000,490.0,63.18,60.85,64.5,5.0,268.0,0.5049793154907226,False,CALL,2026-12-18,CRWD
CRWD261218C00500000,500.0,58.4,55.95,61.45,4.0,916.0,0.5054828504943847,False,CALL,2026-12-18,CRWD
CRWD261218C00510000,510.0,55.75,54.75,58.15,1.0,212.0,0.5035755209350586,False,CALL,2026-12-18,CRWD
CRWD261218C00520000,520.0,56.0,49.45,54.25,2.0,453.0,0.4971363763427735,False,CALL,2026-12-18,CRWD
CRWD261218C00530000,530.0,64.0,46.6,51.8,6.0,646.0,0.498677498626709,False,CALL,2026-12-18,CRWD
CRWD261218C00540000,540.0,52.58,45.25,49.3,10.0,65.0,0.4991199990844727,False,CALL,2026-12-18,CRWD
CRWD261218C00550000,550.0,43.4,41.4,45.5,8.0,391.0,0.4906819731140137,False,CALL,2026-12-18,CRWD
CRWD261218C00560000,560.0,41.65,40.4,43.15,3.0,143.0,0.4904530935668946,False,CALL,2026-12-18,CRWD
CRWD261218C00570000,570.0,40.5,38.5,40.75,10.0,443.0,0.48914848014831547,False,CALL,2026-12-18,CRWD
CRWD261218P00310000,310.0,14.38,16.0,21.0,15.0,270.0,0.4827627407836914,False,PUT,2026-12-18,CRWD
CRWD261218P00320000,320.0,22.0,18.55,22.7,2.0,311.0,0.4700217793273926,False,PUT,2026-12-18,CRWD
CRWD261218P00330000,330.0,19.93,22.25,25.6,1.0,277.0,0.46716841430664063,False,PUT,2026-12-18,CRWD
CRWD261218P00340000,340.0,19.5,25.25,30.75,1.0,163.0,0.4813131703186035,False,PUT,2026-12-18,CRWD
CRWD261218P00350000,350.0,22.65,27.0,34.6,1.0,235.0,0.481801446685791,False,PUT,2026-12-18,CRWD
CRWD261218P00360000,360.0,24.95,30.0,36.1,5.0,221.0,0.46259082336425783,False,PUT,2026-12-18,CRWD
CRWD261218P00370000,370.0,38.0,34.8,40.0,1.0,84.0,0.4606224592590333,False,PUT,2026-12-18,CRWD
CRWD261218P00380000,380.0,43.11,39.2,44.2,4.0,168.0,0.4592034060668946,False,PUT,2026-12-18,CRWD
CRWD261218P00390000,390.0,34.3,42.0,47.0,2.0,62.0,0.446645548248291,False,PUT,2026-12-18,CRWD
CRWD261218P00400000,400.0,50.0,47.55,50.15,1.0,428.0,0.43552200225830084,False,PUT,2026-12-18,CRWD
CRWD261218P00410000,410.0,41.7,51.5,57.5,2.0,135.0,0.45068145759582523,False,PUT,2026-12-18,CRWD
CRWD261218P00420000,420.0,58.68,56.0,60.0,4.0,402.0,0.43285174087524414,False,PUT,2026-12-18,CRWD
CRWD261218P00430000,430.0,65.08,60.95,63.85,2.0,650.0,0.4226742303466796,False,PUT,2026-12-18,CRWD
CRWD261218P00440000,440.0,68.0,66.35,69.15,11.0,621.0,0.42032440032958984,True,PUT,2026-12-18,CRWD
CRWD261218P00450000,450.0,57.99,72.05,77.9,16.0,526.0,0.43774976318359377,True,PUT,2026-12-18,CRWD
CRWD261218P00460000,460.0,61.8,76.7,80.7,1.0,138.0,0.41748629394531245,True,PUT,2026-12-18,CRWD
CRWD261218P00470000,470.0,86.5,83.2,88.3,8.0,229.0,0.42521479331970213,True,PUT,2026-12-18,CRWD
CRWD261218P00480000,480.0,91.3,88.5,94.55,2.0,89.0,0.42354397262573246,True,PUT,2026-12-18,CRWD
CRWD261218P00490000,490.0,97.05,94.2,100.55,1.0,87.0,0.41919526123046874,True,PUT,2026-12-18,CRWD
CRWD261218P00500000,500.0,84.1,100.25,107.0,4.0,173.0,0.41643344802856436,True,PUT,2026-12-18,CRWD
CRWD261218P00510000,510.0,109.0,106.4,111.7,10.0,158.0,0.4017546397399902,True,PUT,2026-12-18,CRWD
CRWD261218P00520000,520.0,109.6,113.2,121.0,2.0,49.0,0.4143582734680175,True,PUT,2026-12-18,CRWD
CRWD261218P00530000,530.0,102.05,121.9,128.0,2.0,58.0,0.4117261586761475,True,PUT,2026-12-18,CRWD
CRWD261218P00540000,540.0,93.0,128.0,135.0,1.0,9.0,0.4080259393310547,True,PUT,2026-12-18,CRWD
CRWD261218P00550000,550.0,134.0,136.25,140.75,10.0,19.0,0.39501795173645027,True,PUT,2026-12-18,CRWD
CRWD261218P00560000,560.0,131.95,142.1,147.5,2.0,7.0,0.387152124633789,True,PUT,2026-12-18,CRWD
CRWD261218P00570000,570.0,129.25,150.0,157.0,2.0,5.0,0.3970092037963867,True,PUT,2026-12-18,CRWD
CRWD270115C00310000,310.0,195.55,159.0,165.7,1.0,54.0,0.5683331741333008,True,CALL,2027-01-15,CRWD
CRWD270115C00320000,320.0,188.7,152.0,160.0,2.0,175.0,0.5675092077636719,True,CALL,2027-01-15,CRWD
CRWD270115C00330000,330.0,181.5,145.0,152.0,1.0,103.0,0.555866868133545,True,CALL,2027-01-15,CRWD
CRWD270115C00340000,340.0,144.5,138.0,144.95,1.0,100.0,0.5471847039794924,True,CALL,2027-01-15,CRWD
CRWD270115C00350000,350.0,132.0,132.15,139.0,2.0,479.0,0.5459029785156251,True,CALL,2027-01-15,CRWD
CRWD270115C00360000,360.0,159.35,125.0,132.5,13.0,257.0,0.5366104689025879,True,CALL,2027-01-15,CRWD
CRWD270115C00370000,370.0,118.53,119.1,125.25,3.0,180.0,0.5282029602050782,True,CALL,2027-01-15,CRWD
CRWD270115C00380000,380.0,149.0,113.0,119.35,1.0,831.0,0.5227556269836426,True,CALL,2027-01-15,CRWD
CRWD270115C00390000,390.0,109.8,109.5,114.1,3.0,165.0,0.5269212347412109,True,CALL,2027-01-15,CRWD
CRWD270115C00400000,400.0,105.0,102.15,108.95,6.0,459.0,0.5176134664916993,True,CALL,2027-01-15,CRWD
CRWD270115C00410000,410.0,124.94,97.0,103.35,4.0,361.0,0.5129595823669433,True,CALL,2027-01-15,CRWD
CRWD270115C00420000,420.0,94.05,93.2,98.45,15.0,304.0,0.5136157037353515,True,CALL,2027-01-15,CRWD
CRWD270115C00430000,430.0,88.92,87.85,93.25,13.0,367.0,0.5075122491455077,True,CALL,2027-01-15,CRWD
CRWD270115C00440000,440.0,84.65,84.0,87.0,30.0,489.0,0.5018360363769532,False,CALL,2027-01-15,CRWD
CRWD270115C00450000,450.0,81.32,80.45,82.15,35.0,1151.0,0.5002567675018311,False,CALL,2027-01-15,CRWD
CRWD270115C00460000,460.0,75.38,74.5,78.55,9.0,633.0,0.5062152650451661,False,CALL,2027-01-15,CRWD
CRWD270115C00470000,470.0,72.8,70.9,75.15,37.0,1637.0,0.5073367748260498,False,CALL,2027-01-15,CRWD
CRWD270115C00480000,480.0,68.42,67.2,69.9,8.0,1532.0,0.4967549104309083,False,CALL,2027-01-15,CRWD
CRWD270115C00490000,490.0,63.0,63.65,66.9,3.0,894.0,0.49840284317016603,False,CALL,2027-01-15,CRWD
CRWD270115C00500000,500.0,61.38,60.7,63.2,128.0,812.0,0.4951069776916504,False,CALL,2027-01-15,CRWD
CRWD270115C00510000,510.0,57.96,55.55,61.35,5.0,818.0,0.5017368552398682,False,CALL,2027-01-15,CRWD
CRWD270115C00520000,520.0,54.49,53.85,56.45,2.0,1050.0,0.48979697219848645,False,CALL,2027-01-15,CRWD
CRWD270115C00530000,530.0,51.93,51.0,53.75,7.0,326.0,0.4898808946990968,False,CALL,2027-01-15,CRWD
CRWD270115C00540000,540.0,66.5,47.15,51.5,1.0,392.0,0.4918568881225587,False,CALL,2027-01-15,CRWD
CRWD270115C00550000,550.0,46.81,44.45,48.7,3.0,795.0,0.48985800674438484,False,CALL,2027-01-15,CRWD
CRWD270115C00560000,560.0,60.5,41.95,46.1,1.0,331.0,0.4883321430969239,False,CALL,2027-01-15,CRWD
CRWD270115C00570000,570.0,41.52,41.55,43.8,14.0,461.0,0.48790490127563485,False,CALL,2027-01-15,CRWD
CRWD270115P00310000,310.0,20.5,19.0,22.9,7.0,440.0,0.481099549407959,False,PUT,2027-01-15,CRWD
CRWD270115P00320000,320.0,22.65,22.0,24.35,30.0,499.0,0.46571884384155277,False,PUT,2027-01-15,CRWD
CRWD270115P00330000,330.0,26.02,24.85,26.2,3.0,352.0,0.4532983137512207,False,PUT,2027-01-15,CRWD
CRWD270115P00340000,340.0,25.55,27.6,30.85,26.0,268.0,0.4625755647277832,False,PUT,2027-01-15,CRWD
CRWD270115P00350000,350.0,32.5,31.05,32.85,145.0,904.0,0.44894960235595704,False,PUT,2027-01-15,CRWD
CRWD270115P00360000,360.0,34.99,34.2,38.15,1.0,142.0,0.4587456469726563,False,PUT,2027-01-15,CRWD
CRWD270115P00370000,370.0,34.96,37.65,41.65,5.0,383.0,0.4534966760253906,False,PUT,2027-01-15,CRWD
CRWD270115P00380000,380.0,43.61,41.0,46.25,5.0,445.0,0.45442745285034175,False,PUT,2027-01-15,CRWD
CRWD270115P00390000,390.0,47.66,45.0,50.1,5.0,839.0,0.44885805053710937,False,PUT,2027-01-15,CRWD
CRWD270115P00400000,400.0,52.14,49.55,51.05,3.0,1043.0,0.42360500717163085,False,PUT,2027-01-15,CRWD
CRWD270115P00410000,410.0,43.55,52.75,60.0,1.0,397.0,0.4479883082580566,False,PUT,2027-01-15,CRWD
CRWD270115P00420000,420.0,58.4,58.0,63.6,1.0,448.0,0.43727674545288087,False,PUT,2027-01-15,CRWD
CRWD270115P00430000,430.0,65.0,62.4,65.55,2.0,574.0,0.41573155075073237,False,PUT,2027-01-15,CRWD
CRWD270115P00440000,440.0,68.9,67.75,70.75,7.0,242.0,0.4127484873199463,True,PUT,2027-01-15,CRWD
CRWD270115P00450000,450.0,78.0,72.5,75.9,1.0,738.0,0.4082548188781738,True,PUT,2027-01-15,CRWD
CRWD270115P00460000,460.0,68.7,79.15,81.8,43.0,166.0,0.4069578347778321,True,PUT,2027-01-15,CRWD
CRWD270115P00470000,470.0,68.87,84.95,87.3,7.0,147.0,0.40215899360656737,True,PUT,2027-01-15,CRWD
CRWD270115P00480000,480.0,78.6,91.35,93.9,2.0,258.0,0.40259386474609377,True,PUT,2027-01-15,CRWD
CRWD270115P00490000,490.0,79.0,95.7,99.4,1.0,138.0,0.39549859878540045,True,PUT,2027-01-15,CRWD
CRWD270115P00500000,500.0,103.55,103.25,106.0,6.0,752.0,0.3936828210449219,True,PUT,2027-01-15,CRWD
CRWD270115P00510000,510.0,92.1,109.1,112.45,3.0,586.0,0.3898986791992188,True,PUT,2027-01-15,CRWD
CRWD270115P00520000,520.0,97.05,115.4,121.3,3.0,134.0,0.399343775177002,True,PUT,2027-01-15,CRWD
CRWD270115P00530000,530.0,103.2,123.15,126.7,3.0,69.0,0.387152124633789,True,PUT,2027-01-15,CRWD
CRWD270115P00540000,540.0,111.15,130.15,133.4,6.0,91.0,0.3816056102752685,True,PUT,2027-01-15,CRWD
CRWD270115P00550000,550.0,138.6,137.2,142.45,1.0,43.0,0.3897079462432862,True,PUT,2027-01-15,CRWD
CRWD270115P00560000,560.0,148.6,144.15,148.2,4.0,99.0,0.37601332000732424,True,PUT,2027-01-15,CRWD
CRWD270115P00570000,570.0,130.57,153.05,159.0,1.0,10.0,0.3940185110473633,True,PUT,2027-01-15,CRWD
CRWD270319C00310000,310.0,198.6,165.0,171.1,2.0,2.0,0.5687604159545899,True,CALL,2027-03-19,CRWD
CRWD270319C00320000,320.0,269.85,0.0,0.0,,1.0,1.0000000000000003e-05,True,CALL,2027-03-19,CRWD
CRWD270319C00330000,330.0,264.67,161.8,0.0,,42.0,1.0000000000000003e-05,True,CALL,2027-03-19,CRWD
CRWD270319C00340000,340.0,171.0,145.0,151.0,2.0,4.0,0.5497634135437013,True,CALL,2027-03-19,CRWD
CRWD270319C00350000,350.0,140.95,139.2,144.55,10.0,10.0,0.5454147021484376,True,CALL,2027-03-19,CRWD
CRWD270319C00360000,360.0,135.0,132.0,139.0,4.0,7.0,0.5384415052795413,True,CALL,2027-03-19,CRWD
CRWD270319C00370000,370.0,148.65,126.0,132.5,,7.0,0.5314530497741699,True,CALL,2027-03-19,CRWD
CRWD270319C00380000,380.0,173.0,129.1,0.0,1.0,6.0,1.0000000000000003e-05,True,CALL,2027-03-19,CRWD
CRWD270319C00390000,390.0,118.07,115.65,122.35,5.0,12.0,0.5287141245269777,True,CALL,2027-03-19,CRWD
CRWD270319C00400000,400.0,113.5,111.6,116.95,2.0,37.0,0.5281877015686036,True,CALL,2027-03-19,CRWD
CRWD270319C00410000,410.0,127.51,105.0,111.0,3.0,10.0,0.517659242401123,True,CALL,2027-03-19,CRWD
CRWD270319C00420000,420.0,123.8,100.0,106.15,2.0,6.0,0.5142260491943358,True,CALL,2027-03-19,CRWD
CRWD270319C00430000,430.0,116.0,95.0,101.0,1.0,11.0,0.50909151802063,True,CALL,2027-03-19,CRWD
CRWD270319C00440000,440.0,92.42,90.0,96.9,6.0,370.0,0.5060855666351318,False,CALL,2027-03-19,CRWD
CRWD270319C00450000,450.0,86.0,86.25,92.9,2.0,40.0,0.5059634975433349,False,CALL,2027-03-19,CRWD
CRWD270319C00460000,460.0,89.26,82.5,87.7,2.0,43.0,0.5017292259216308,False,CALL,2027-03-19,CRWD
CRWD270319C00470000,470.0,81.33,78.3,84.45,33.0,62.0,0.5007831904602051,False,CALL,2027-03-19,CRWD
CRWD270319C00480000,480.0,77.5,74.0,80.15,9.0,114.0,0.512501823272705,False,CALL,2027-03-19,CRWD
CRWD270319C00490000,490.0,73.63,71.6,77.0,26.0,390.0,0.5130663928222656,False,CALL,2027-03-19,CRWD
CRWD270319C00500000,500.0,76.25,67.0,74.0,34.0,31.0,0.5137225141906738,False,CALL,2027-03-19,CRWD
CRWD270319C00510000,510.0,63.0,63.0,70.0,2.0,64.0,0.5083362155151367,False,CALL,2027-03-19,CRWD
CRWD270319C00520000,520.0,69.82,60.0,67.2,4.0,4.0,0.5087100521087646,False,CALL,2027-03-19,CRWD
CRWD270319C00530000,530.0,73.95,57.0,64.95,32.0,19.0,0.5113879428100586,False,CALL,2027-03-19,CRWD
CRWD270319C00540000,540.0,56.5,54.0,61.4,1.0,1531.0,0.5064746618652343,False,CALL,2027-03-19,CRWD
CRWD270319C00550000,550.0,59.53,51.0,59.0,3.0,129.0,0.5071460418701172,False,CALL,2027-03-19,CRWD
CRWD270319C00560000,560.0,64.15,50.25,56.0,2.0,6.0,0.5039798748016356,False,CALL,2027-03-19,CRWD
CRWD270319C00570000,570.0,67.57,47.25,53.0,1.0,2.0,0.5002186209106446,False,CALL,2027-03-19,CRWD
CRWD270319P00310000,310.0,16.7,22.85,26.95,,2.0,0.47736118347167966,False,PUT,2027-03-19,CRWD
CRWD270319P00320000,320.0,22.72,23.0,32.0,10.0,25.0,0.4899800758361817,False,PUT,2027-03-19,CRWD
CRWD270319P00330000,330.0,23.85,27.1,35.0,1.0,3.0,0.48438015625,False,PUT,2027-03-19,CRWD
CRWD270319P00340000,340.0,33.25,30.0,36.5,10.0,2.0,0.4669471640777588,False,PUT,2027-03-19,CRWD
CRWD270319P00350000,350.0,36.5,33.0,38.75,11.0,49.0,0.45451900466918943,False,PUT,2027-03-19,CRWD
CRWD270319P00360000,360.0,40.52,38.5,41.25,1.0,3.0,0.4431818377685547,False,PUT,2027-03-19,CRWD
CRWD270319P00370000,370.0,36.65,41.0,47.35,23.0,26.0,0.4542443492126465,False,PUT,2027-03-19,CRWD
CRWD270319P00380000,380.0,37.25,0.0,0.0,12.0,6.0,0.0312596875,False,PUT,2027-03-19,CRWD
CRWD270319P00390000,390.0,42.72,49.95,56.0,1.0,13.0,0.44898774894714355,False,PUT,2027-03-19,CRWD
CRWD270319P00400000,400.0,57.51,54.1,60.8,1.0,18.0,0.4474695146179199,False,PUT,2027-03-19,CRWD
CRWD270319P00410000,410.0,59.8,59.0,64.55,2.0,12.0,0.43875683319091796,False,PUT,2027-03-19,CRWD
CRWD270319P00420000,420.0,63.0,63.1,70.0,20.0,1.0,0.438833126373291,False,PUT,2027-03-19,CRWD
CRWD270319P00430000,430.0,72.6,69.0,75.0,1.0,8.0,0.43529312271118165,False,PUT,2027-03-19,CRWD
CRWD270319P00440000,440.0,75.2,73.15,80.0,2.0,2.0,0.43076130767822274,True,PUT,2027-03-19,CRWD
CRWD270319P00450000,450.0,75.8,78.1,86.0,1.0,25.0,0.4307307904052735,True,PUT,2027-03-19,CRWD
CRWD270319P00460000,460.0,76.0,83.65,91.0,2.0,43.0,0.42429927513122556,True,PUT,2027-03-19,CRWD
CRWD270319P00470000,470.0,94.99,90.55,95.75,1.0,15.0,0.41563999893188475,True,PUT,2027-03-19,CRWD
CRWD270319P00480000,480.0,94.95,96.35,103.0,2.0,3.0,0.4194546580505371,True,PUT,2027-03-19,CRWD
CRWD270319P00490000,490.0,90.88,101.6,109.0,2.0,2.0,0.415670516204834,True,PUT,2027-03-19,CRWD
CRWD270319P00500000,500.0,93.4,108.35,115.0,2.0,1.0,0.41099374412536616,True,PUT,2027-03-19,CRWD
CRWD270319P00510000,510.0,93.68,0.0,0.0,1.0,2.0,1.0000000000000003e-05,True,PUT,2027-03-19,CRWD
CRWD270319P00520000,520.0,116.0,121.75,127.85,1.0,6.0,0.4035551588439942,True,PUT,2027-03-19,CRWD
CRWD270319P00530000,530.0,111.75,129.0,135.0,6.0,3.0,0.40248705429077153,True,PUT,2027-03-19,CRWD
CRWD270319P00540000,540.0,134.5,136.4,142.0,10.0,12.0,0.39978627563476565,True,PUT,2027-03-19,CRWD
CRWD270319P00550000,550.0,106.14,142.0,147.75,,1.0,0.389204411239624,True,PUT,2027-03-19,CRWD
CRWD270319P00560000,560.0,104.65,0.0,145.65,,1.0,0.3309774544525146,True,PUT,2027-03-19,CRWD
CRWD270319P00570000,570.0,117.4,0.0,0.0,2.0,1.0,1.0000000000000003e-05,True,PUT,2027-03-19,CRWD
CRWD270617C00310000,310.0,213.0,172.65,179.0,3.0,4.0,0.5704464952850342,True,CALL,2027-06-17,CRWD
CRWD270617C00320000,320.0,164.73,166.0,173.35,1.0,3.0,0.567036190032959,True,CALL,2027-06-17,CRWD
CRWD270617C00330000,330.0,182.35,159.0,165.55,,10.0,0.554539366760254,True,CALL,2027-06-17,CRWD
CRWD270617C00340000,340.0,180.65,153.0,160.0,12.0,6.0,0.5519530278778076,True,CALL,2027-06-17,CRWD
CRWD270617C00350000,350.0,180.46,147.0,154.0,1.0,5.0,0.5470550055694582,True,CALL,2027-06-17,CRWD
CRWD270617C00360000,360.0,163.5,141.0,149.0,1.0,13.0,0.5443618562316896,True,CALL,2027-06-17,CRWD
CRWD270617C00370000,370.0,142.37,136.0,142.0,2.0,2.0,0.5379227116394043,True,CALL,2027-06-17,CRWD
CRWD270617C00380000,380.0,152.16,130.0,137.0,1.0,7.0,0.533657922744751,True,CALL,2027-06-17,CRWD
CRWD270617C00390000,390.0,127.0,125.0,130.8,28.0,6.0,0.5281190377044678,True,CALL,2027-06-17,CRWD
CRWD270617C00400000,400.0,124.0,120.0,128.0,1.0,35.0,0.531102101135254,True,CALL,2027-06-17,CRWD
CRWD270617C00410000,410.0,130.0,115.0,122.0,3.0,4.0,0.5246476979064942,True,CALL,2027-06-17,CRWD
CRWD270617C00420000,420.0,111.0,110.0,118.55,4.0,30.0,0.5242662319946289,True,CALL,2027-06-17,CRWD
CRWD270617C00430000,430.0,120.0,107.0,111.9,1.0,49.0,0.5200319603729248,True,CALL,2027-06-17,CRWD
CRWD270617C00440000,440.0,102.8,101.0,108.0,6.0,93.0,0.514531221923828,False,CALL,2027-06-17,CRWD
CRWD270617C00450000,450.0,99.1,97.0,102.75,4.0,20.0,0.5100757000732423,False,CALL,2027-06-17,CRWD
CRWD270617C00460000,460.0,95.92,93.2,98.95,2.0,10.0,0.5091144059753419,False,CALL,2027-06-17,CRWD
CRWD270617C00470000,470.0,97.65,89.0,94.45,2.0,12.0,0.5047962118530273,False,CALL,2027-06-17,CRWD
CRWD270617C00480000,480.0,93.05,85.0,92.0,2.0,297.0,0.5053989279937744,False,CALL,2027-06-17,CRWD
CRWD270617C00490000,490.0,81.93,81.0,87.85,3.0,89.0,0.5012333202362061,False,CALL,2027-06-17,CRWD
CRWD270617C00500000,500.0,78.43,79.25,85.0,4.0,40.0,0.5051319018554687,False,CALL,2027-06-17,CRWD
CRWD270617C00510000,510.0,92.45,74.0,80.5,2.0,8.0,0.5117083741760253,False,CALL,2027-06-17,CRWD
CRWD270617C00520000,520.0,79.65,71.0,76.75,1.0,6.0,0.5074283266448973,False,CALL,2027-06-17,CRWD
CRWD270617C00530000,530.0,70.0,68.0,74.25,1.0,7.0,0.5086795348358154,False,CALL,2027-06-17,CRWD
CRWD270617C00540000,540.0,84.37,65.0,72.0,1.0,21.0,0.5106402696228027,False,CALL,2027-06-17,CRWD
CRWD270617C00550000,550.0,70.0,62.0,69.95,2.0,10.0,0.5130892807769776,False,CALL,2027-06-17,CRWD
CRWD270617C00560000,560.0,75.9,59.0,67.0,10.0,18.0,0.5107013041687012,False,CALL,2027-06-17,CRWD
CRWD270617C00570000,570.0,61.49,57.0,62.45,1.0,5.0,0.5000126293182373,False,CALL,2027-06-17,CRWD
CRWD270617P00310000,310.0,25.9,26.0,32.9,2.0,5.0,0.47685764846801754,False,PUT,2027-06-17,CRWD
CRWD270617P00320000,320.0,22.54,0.0,0.0,2.0,2.0,0.062509375,False,PUT,2027-06-17,CRWD
CRWD270617P00330000,330.0,35.1,32.0,37.4,6.0,23.0,0.45525141921997075,False,PUT,2027-06-17,CRWD
CRWD270617P00340000,340.0,33.5,35.0,40.6,14.0,10.0,0.44980408599853516,False,PUT,2027-06-17,CRWD
CRWD270617P00350000,350.0,38.9,39.0,45.65,4.0,50.0,0.4548699533081054,False,PUT,2027-06-17,CRWD
CRWD270617P00360000,360.0,36.8,43.0,49.2,10.0,12.0,0.4493844734954834,False,PUT,2027-06-17,CRWD
CRWD270617P00370000,370.0,43.1,46.65,54.2,2.0,8.0,0.4514215014648438,False,PUT,2027-06-17,CRWD
CRWD270617P00380000,380.0,43.5,51.0,59.0,10.0,15.0,0.45108581146240234,False,PUT,2027-06-17,CRWD
CRWD270617P00390000,390.0,57.7,55.15,61.9,5.0,6.0,0.4392908854675293,False,PUT,2027-06-17,CRWD
CRWD270617P00400000,400.0,65.0,61.1,66.05,1.0,187.0,0.4336757072448731,False,PUT,2027-06-17,CRWD
CRWD270617P00410000,410.0,58.82,66.25,72.0,1.0,6.0,0.43671217590332034,False,PUT,2027-06-17,CRWD
CRWD270617P00420000,420.0,73.34,71.1,75.85,2.0,2.0,0.4278621667480469,False,PUT,2027-06-17,CRWD
CRWD270617P00430000,430.0,64.83,76.0,82.0,1.0,66.0,0.4299983758544922,False,PUT,2027-06-17,CRWD
CRWD270617P00440000,440.0,79.72,81.7,87.0,1.0,9.0,0.42543604354858405,True,PUT,2027-06-17,CRWD
CRWD270617P00450000,450.0,68.32,86.75,91.3,1.0,36.0,0.41664706893920894,True,PUT,2027-06-17,CRWD
CRWD270617P00460000,460.0,82.48,92.1,97.75,1.0,3.0,0.4177075441741943,True,PUT,2027-06-17,CRWD
CRWD270617P00470000,470.0,93.27,96.0,104.0,1.0,26.0,0.4169675003051757,True,PUT,2027-06-17,CRWD
CRWD270617P00480000,480.0,100.42,104.0,108.85,51.0,14.0,0.4086668020629882,True,PUT,2027-06-17,CRWD
CRWD270617P00490000,490.0,97.9,108.7,116.0,4.0,3.0,0.4107801232147217,True,PUT,2027-06-17,CRWD
CRWD270617P00500000,500.0,106.7,116.3,122.0,2.0,3.0,0.4065916275024414,True,PUT,2027-06-17,CRWD
CRWD270617P00510000,510.0,103.72,121.7,129.0,15.0,17.0,0.4065305929565429,True,PUT,2027-06-17,CRWD
CRWD270617P00520000,520.0,114.44,128.45,135.0,1.0,151.0,0.4009077854156494,True,PUT,2027-06-17,CRWD
CRWD270617P00530000,530.0,134.22,134.35,142.0,2.0,4.0,0.3994658442687989,True,PUT,2027-06-17,CRWD
CRWD270617P00540000,540.0,121.25,0.0,138.4,1.0,0.0,0.3442906147766113,True,PUT,2027-06-17,CRWD
CRWD270617P00550000,550.0,134.87,149.0,156.0,2.0,2.0,0.39457545127868654,True,PUT,2027-06-17,CRWD
CRWD270617P00560000,560.0,143.25,156.0,163.0,,1.0,0.3911269994354247,True,PUT,2027-06-17,CRWD
CRWD270617P00570000,570.0,154.35,163.0,170.0,2.0,2.0,0.3869995382690429,True,PUT,2027-06-17,CRWD
CRWD271217C00310000,310.0,189.01,187.0,193.0,2.0,7.0,0.5728039546203614,True,CALL,2027-12-17,CRWD
CRWD271217C00320000,320.0,187.45,181.0,187.05,1.0,2.0,0.5679517082214354,True,CALL,2027-12-17,CRWD
CRWD271217C00330000,330.0,205.33,175.0,182.5,1.0,7.0,0.5663800686645508,True,CALL,2027-12-17,CRWD
CRWD271217C00340000,340.0,185.09,169.0,176.0,1.0,2.0,0.5588270436096192,True,CALL,2027-12-17,CRWD
CRWD271217C00350000,350.0,193.1,163.0,169.85,1.0,60.0,0.5517928121948242,True,CALL,2027-12-17,CRWD
CRWD271217C00360000,360.0,184.1,158.0,165.0,8.0,6.0,0.5502211726379396,True,CALL,2027-12-17,CRWD
CRWD271217C00370000,370.0,192.05,153.0,159.0,1.0,34.0,0.54512478805542,True,CALL,2027-12-17,CRWD
CRWD271217C00380000,380.0,176.5,148.0,154.0,2.0,74.0,0.5419967675781252,True,CALL,2027-12-17,CRWD
CRWD271217C00390000,390.0,141.26,143.0,149.0,1.0,12.0,0.5383346948242189,True,CALL,2027-12-17,CRWD
CRWD271217C00400000,400.0,139.5,138.0,144.5,2.0,28.0,0.5353363727569581,True,CALL,2027-12-17,CRWD
CRWD271217C00410000,410.0,144.25,134.25,139.1,4.0,6.0,0.5326432234191896,True,CALL,2027-12-17,CRWD
CRWD271217C00420000,420.0,159.62,129.0,135.85,14.0,20.0,0.5309266268157959,True,CALL,2027-12-17,CRWD
CRWD271217C00430000,430.0,145.97,124.25,130.3,1.0,19.0,0.5246629565429688,True,CALL,2027-12-17,CRWD
CRWD271217C00440000,440.0,122.06,120.0,126.4,1.0,83.0,0.5227861442565918,False,CALL,2027-12-17,CRWD
CRWD271217C00450000,450.0,146.9,117.25,123.0,1.0,108.0,0.5248079135894776,False,CALL,2027-12-17,CRWD
CRWD271217C00460000,460.0,122.0,112.0,119.25,1.0,38.0,0.5201158828735352,False,CALL,2027-12-17,CRWD
CRWD271217C00470000,470.0,108.38,108.0,115.0,1.0,22.0,0.5166445430755615,False,CALL,2027-12-17,CRWD
CRWD271217C00480000,480.0,116.88,104.0,110.55,1.0,11.0,0.512349236907959,False,CALL,2027-12-17,CRWD
CRWD271217C00490000,490.0,112.18,101.0,107.15,3.0,27.0,0.5119982882690429,False,CALL,2027-12-17,CRWD
CRWD271217C00500000,500.0,99.45,97.0,104.05,4.0,72.0,0.5097476393890381,False,CALL,2027-12-17,CRWD
CRWD271217C00510000,510.0,107.0,94.0,100.55,1.0,61.0,0.5083667327880859,False,CALL,2027-12-17,CRWD
CRWD271217C00520000,520.0,97.38,91.0,97.7,1.0,31.0,0.5079547496032715,False,CALL,2027-12-17,CRWD
CRWD271217C00530000,530.0,99.67,88.0,94.0,2.0,29.0,0.5053836693572997,False,CALL,2027-12-17,CRWD
CRWD271217C00540000,540.0,99.12,85.0,91.5,1.0,73.0,0.5049487982177734,False,CALL,2027-12-17,CRWD
CRWD271217C00560000,560.0,83.73,79.35,86.0,1.0,91.0,0.5027057786560059,False,CALL,2027-12-17,CRWD
CRWD271217C00570000,570.0,80.07,76.95,83.3,1.0,16.0,0.5020649159240724,False,CALL,2027-12-17,CRWD
CRWD271217P00310000,310.0,31.0,35.5,42.0,2.0,7.0,0.4644371183776856,False,PUT,2027-12-17,CRWD
CRWD271217P00320000,320.0,36.0,37.0,46.0,6.0,18.0,0.463346125869751,False,PUT,2027-12-17,CRWD
CRWD271217P00330000,330.0,44.25,41.0,49.0,6.0,25.0,0.4556710317230225,False,PUT,2027-12-17,CRWD
CRWD271217P00340000,340.0,38.95,0.0,0.0,13.0,11.0,0.0312596875,False,PUT,2027-12-17,CRWD
CRWD271217P00350000,350.0,52.15,49.05,56.95,1.0,73.0,0.44908693008422845,False,PUT,2027-12-17,CRWD
CRWD271217P00360000,360.0,49.0,53.0,61.0,8.0,13.0,0.4450586500549316,False,PUT,2027-12-17,CRWD
CRWD271217P00370000,370.0,48.31,57.0,65.0,3.0,7.0,0.44012248115539554,False,PUT,2027-12-17,CRWD
CRWD271217P00380000,380.0,54.92,62.0,70.0,1.0,169.0,0.4393976959228516,False,PUT,2027-12-17,CRWD
CRWD271217P00390000,390.0,63.5,67.0,74.0,1.0,46.0,0.43317980155944824,False,PUT,2027-12-17,CRWD
CRWD271217P00400000,400.0,68.32,72.0,78.0,1.0,24.0,0.4264431135559083,False,PUT,2027-12-17,CRWD
CRWD271217P00410000,410.0,66.98,76.0,82.75,1.0,9.0,0.4225903078460693,False,PUT,2027-12-17,CRWD
CRWD271217P00420000,420.0,71.52,82.2,89.0,1.0,3.0,0.42480281013488774,False,PUT,2027-12-17,CRWD
CRWD271217P00430000,430.0,90.8,87.65,92.6,1.0,85.0,0.4146405582427979,False,PUT,2027-12-17,CRWD
CRWD271217P00440000,440.0,89.1,93.0,98.7,1.0,8.0,0.4148846964263916,True,PUT,2027-12-17,CRWD
CRWD271217P00450000,450.0,94.3,98.05,105.0,2.0,43.0,0.4153195675659179,True,PUT,2027-12-17,CRWD
CRWD271217P00460000,460.0,91.12,104.0,110.6,1.0,66.0,0.41215340049743643,True,PUT,2027-12-17,CRWD
CRWD271217P00470000,470.0,98.45,108.5,116.0,3.0,29.0,0.40759106819152835,True,PUT,2027-12-17,CRWD
CRWD271217P00480000,480.0,105.15,114.0,122.0,2.0,9.0,0.4050123586273193,True,PUT,2027-12-17,CRWD
CRWD271217P00490000,490.0,109.3,121.95,128.0,9.0,20.0,0.4018919674682617,True,PUT,2027-12-17,CRWD
CRWD271217P00500000,500.0,127.44,126.75,133.75,2.0,208.0,0.39720756607055663,True,PUT,2027-12-17,CRWD
CRWD271217P00510000,510.0,118.01,133.0,141.0,1.0,2.0,0.39822989471435544,True,PUT,2027-12-17,CRWD
CRWD271217P00520000,520.0,128.01,140.0,145.75,1.0,21.0,0.3883499275970459,True,PUT,2027-12-17,CRWD
CRWD271217P00530000,530.0,130.8,146.0,154.0,2.0,6.0,0.3925079060363769,True,PUT,2027-12-17,CRWD
CRWD271217P00540000,540.0,122.95,153.0,161.0,2.0,19.0,0.390982042388916,True,PUT,2027-12-17,CRWD
CRWD271217P00560000,560.0,167.95,167.15,174.0,3.0,3.0,0.382269360961914,True,PUT,2027-12-17,CRWD
CRWD271217P00570000,570.0,159.8,164.0,0.0,2.0,3.0,1.0000000000000003e-05,True,PUT,2027-12-17,CRWD
CRWD280121C00310000,310.0,214.48,189.0,196.5,1.0,3.0,0.5745739564514161,True,CALL,2028-01-21,CRWD
CRWD280121C00320000,320.0,200.55,183.0,190.75,1.0,4.0,0.5698895550537109,True,CALL,2028-01-21,CRWD
CRWD280121C00330000,330.0,203.0,177.0,184.0,1.0,6.0,0.5619398054504396,True,CALL,2028-01-21,CRWD
CRWD280121C00340000,340.0,205.0,171.0,178.0,1.0,5.0,0.5556151006317139,True,CALL,2028-01-21,CRWD
CRWD280121C00350000,350.0,175.0,166.0,172.55,1.0,23.0,0.5528227701568604,True,CALL,2028-01-21,CRWD
CRWD280121C00360000,360.0,188.8,161.0,167.0,1.0,24.0,0.5491912146759036,True,CALL,2028-01-21,CRWD
CRWD280121C00370000,370.0,158.64,155.0,162.0,1.0,11.0,0.5439346144104005,True,CALL,2028-01-21,CRWD
CRWD280121C00380000,380.0,150.05,150.2,156.75,3.0,93.0,0.5405014212036134,True,CALL,2028-01-21,CRWD
CRWD280121C00390000,390.0,156.0,146.25,152.0,1.0,24.0,0.5397384893798829,True,CALL,2028-01-21,CRWD
CRWD280121C00400000,400.0,142.2,141.0,147.35,16.0,105.0,0.5356339161682129,True,CALL,2028-01-21,CRWD
CRWD280121C00410000,410.0,169.42,136.0,142.7,1.0,37.0,0.5316514120483399,True,CALL,2028-01-21,CRWD
CRWD280121C00420000,420.0,150.18,131.0,138.5,4.0,25.0,0.5282411067962647,True,CALL,2028-01-21,CRWD
CRWD280121C00430000,430.0,157.96,127.0,133.75,2.0,13.0,0.5253801124572754,True,CALL,2028-01-21,CRWD
CRWD280121C00440000,440.0,124.98,123.0,129.3,5.0,140.0,0.5227327390289307,False,CALL,2028-01-21,CRWD
CRWD280121C00450000,450.0,117.9,120.0,125.45,3.0,208.0,0.5230760583496092,False,CALL,2028-01-21,CRWD
CRWD280121C00460000,460.0,115.16,116.25,122.0,2.0,57.0,0.5221986867523192,False,CALL,2028-01-21,CRWD
CRWD280121C00470000,470.0,143.0,111.0,117.0,1.0,57.0,0.5144701873779296,False,CALL,2028-01-21,CRWD
CRWD280121C00480000,480.0,113.63,107.0,114.0,14.0,47.0,0.5132113498687744,False,CALL,2028-01-21,CRWD
CRWD280121C00490000,490.0,105.05,105.25,110.75,3.0,41.0,0.5156832489776612,False,CALL,2028-01-21,CRWD
CRWD280121C00500000,500.0,101.75,104.0,106.35,11.0,384.0,0.5163851462554931,False,CALL,2028-01-21,CRWD
CRWD280121C00510000,510.0,101.0,97.0,104.0,1.0,350.0,0.5090991473388673,False,CALL,2028-01-21,CRWD
CRWD280121C00520000,520.0,95.15,94.0,100.55,1.0,185.0,0.5074283266448973,False,CALL,2028-01-21,CRWD
CRWD280121C00530000,530.0,98.0,91.0,97.5,1.0,162.0,0.5062076357269287,False,CALL,2028-01-21,CRWD
CRWD280121C00540000,540.0,107.0,88.0,95.0,2.0,136.0,0.5057575059509276,False,CALL,2028-01-21,CRWD
CRWD280121C00550000,550.0,87.65,85.65,90.8,1.0,77.0,0.5028431063842774,False,CALL,2028-01-21,CRWD
CRWD280121C00560000,560.0,84.32,82.05,88.75,2.0,35.0,0.5014240531921388,False,CALL,2028-01-21,CRWD
CRWD280121C00570000,570.0,81.8,79.0,85.65,2.0,42.0,0.5121356159973145,False,CALL,2028-01-21,CRWD
CRWD280121P00310000,310.0,34.5,35.0,40.35,15.0,20.0,0.4433039068603516,False,PUT,2028-01-21,CRWD
CRWD280121P00320000,320.0,36.5,38.0,47.0,9.0,48.0,0.4576470251464845,False,PUT,2028-01-21,CRWD
CRWD280121P00330000,330.0,45.7,42.0,51.0,1.0,27.0,0.4554116349029541,False,PUT,2028-01-21,CRWD
CRWD280121P00340000,340.0,41.4,47.25,54.0,8.0,34.0,0.4470804193878174,False,PUT,2028-01-21,CRWD
CRWD280121P00350000,350.0,52.75,50.0,57.75,81.0,246.0,0.44216713844299316,False,PUT,2028-01-21,CRWD
CRWD280121P00360000,360.0,49.83,54.0,62.0,2.0,67.0,0.4391154111480713,False,PUT,2028-01-21,CRWD
CRWD280121P00370000,370.0,59.85,59.0,67.0,2.0,32.0,0.4389780834197998,False,PUT,2028-01-21,CRWD
CRWD280121P00380000,380.0,61.0,63.0,71.0,2.0,133.0,0.4333323879241944,False,PUT,2028-01-21,CRWD
CRWD280121P00390000,390.0,60.5,69.0,75.5,1.0,12.0,0.4294566942596436,False,PUT,2028-01-21,CRWD
CRWD280121P00400000,400.0,65.35,73.0,81.0,2.0,102.0,0.4294872115325927,False,PUT,2028-01-21,CRWD
CRWD280121P00410000,410.0,71.35,78.0,84.45,2.0,18.0,0.41973694282531737,False,PUT,2028-01-21,CRWD
CRWD280121P00420000,420.0,78.0,84.05,91.0,10.0,41.0,0.4230862135314941,False,PUT,2028-01-21,CRWD
CRWD280121P00430000,430.0,92.15,89.45,95.15,4.0,52.0,0.41538823143005366,False,PUT,2028-01-21,CRWD
CRWD280121P00440000,440.0,98.5,94.0,101.0,100.0,18.0,0.4144345666503906,True,PUT,2028-01-21,CRWD
CRWD280121P00450000,450.0,103.45,100.2,107.0,3.0,64.0,0.4135037898254394,True,PUT,2028-01-21,CRWD
CRWD280121P00460000,460.0,111.55,104.8,112.0,1.0,164.0,0.407858094329834,True,PUT,2028-01-21,CRWD
CRWD280121P00470000,470.0,97.0,110.5,118.0,1.0,65.0,0.40582869567871094,True,PUT,2028-01-21,CRWD
CRWD280121P00480000,480.0,118.01,117.0,124.0,1.0,66.0,0.4032652447509766,True,PUT,2028-01-21,CRWD
CRWD280121P00490000,490.0,115.98,124.0,128.75,10.0,18.0,0.39510950355529795,True,PUT,2028-01-21,CRWD
CRWD280121P00500000,500.0,130.0,130.0,136.0,1.0,140.0,0.3966124792480469,True,PUT,2028-01-21,CRWD
CRWD280121P00510000,510.0,117.3,135.5,143.0,20.0,20.0,0.39658196197509765,True,PUT,2028-01-21,CRWD
CRWD280121P00520000,520.0,115.0,0.0,0.0,1.0,7.0,1.0000000000000003e-05,True,PUT,2028-01-21,CRWD
CRWD280121P00530000,530.0,129.2,148.5,156.0,10.0,12.0,0.39102781829833977,True,PUT,2028-01-21,CRWD
CRWD280121P00540000,540.0,133.0,154.0,162.0,1.0,19.0,0.38549656257629383,True,PUT,2028-01-21,CRWD
CRWD280121P00550000,550.0,141.52,162.4,169.0,15.0,15.0,0.38355871574401856,True,PUT,2028-01-21,CRWD
CRWD280121P00560000,560.0,150.0,168.15,174.75,3.0,11.0,0.37601332000732424,True,PUT,2028-01-21,CRWD
CRWD280121P00570000,570.0,157.55,176.45,183.0,,10.0,0.37831737411499017,True,PUT,2028-01-21,CRWD
CRWD280616C00330000,330.0,191.87,188.3,195.45,10.0,2.0,0.5683789500427245,True,CALL,2028-06-16,CRWD
CRWD280616C00340000,340.0,185.01,183.0,190.05,2.0,2.0,0.5642209716033936,True,CALL,2028-06-16,CRWD
CRWD280616C00350000,350.0,179.03,177.25,184.35,1.0,11.0,0.5578733788299561,True,CALL,2028-06-16,CRWD
CRWD280616C00360000,360.0,205.03,172.0,179.0,1.0,12.0,0.5531737187957765,True,CALL,2028-06-16,CRWD
CRWD280616C00370000,370.0,181.11,167.0,174.0,10.0,2.0,0.5494506114959717,True,CALL,2028-06-16,CRWD
CRWD280616C00400000,400.0,154.96,153.0,160.0,3.0,11.0,0.540264912338257,True,CALL,2028-06-16,CRWD
CRWD280616C00410000,410.0,171.5,149.0,155.55,,75.0,0.538288918914795,True,CALL,2028-06-16,CRWD
CRWD280616C00420000,420.0,142.9,145.0,150.6,2.0,8.0,0.5348709843444823,True,CALL,2028-06-16,CRWD
CRWD280616C00430000,430.0,139.43,140.0,146.7,2.0,1.0,0.5312241702270508,True,CALL,2028-06-16,CRWD
CRWD280616C00440000,440.0,140.0,140.0,142.95,3.0,21.0,0.5375793923187256,False,CALL,2028-06-16,CRWD
CRWD280616C00450000,450.0,136.0,133.5,139.3,3.0,32.0,0.5306824886322021,False,CALL,2028-06-16,CRWD
CRWD280616C00460000,460.0,150.62,128.0,134.65,1.0,71.0,0.5235490760803223,False,CALL,2028-06-16,CRWD
CRWD280616C00470000,470.0,155.44,125.0,130.65,1.0,14.0,0.5223054972076415,False,CALL,2028-06-16,CRWD
CRWD280616C00480000,480.0,120.0,121.3,127.9,1.0,7.0,0.5217867035675049,False,CALL,2028-06-16,CRWD
CRWD280616C00490000,490.0,122.88,118.0,124.0,7.0,35.0,0.5194902787780762,False,CALL,2028-06-16,CRWD
CRWD280616C00500000,500.0,134.92,114.0,121.0,18.0,44.0,0.5172777764892578,False,CALL,2028-06-16,CRWD
CRWD280616C00510000,510.0,130.05,111.0,117.4,2.0,1.0,0.5155154039764404,False,CALL,2028-06-16,CRWD
CRWD280616C00520000,520.0,136.55,108.15,113.95,2.0,6.0,0.5140353162384034,False,CALL,2028-06-16,CRWD
CRWD280616C00530000,530.0,122.25,105.0,110.95,2.0,1.0,0.5125399698638915,False,CALL,2028-06-16,CRWD
CRWD280616C00540000,540.0,117.38,102.0,107.75,1.0,6.0,0.5106784162139894,False,CALL,2028-06-16,CRWD
CRWD280616C00550000,550.0,100.0,99.0,105.6,5.0,8.0,0.5105029418945313,False,CALL,2028-06-16,CRWD
CRWD280616C00570000,570.0,96.85,94.1,99.5,15.0,16.0,0.5080386721038819,False,CALL,2028-06-16,CRWD
CRWD280616P00320000,320.0,48.5,45.75,52.25,10.0,5.0,0.4441583905029296,False,PUT,2028-06-16,CRWD
CRWD280616P00330000,330.0,44.02,48.0,57.0,1.0,5.0,0.444867917098999,False,PUT,2028-06-16,CRWD
CRWD280616P00340000,340.0,52.8,52.0,61.0,,4.0,0.44110666320800784,False,PUT,2028-06-16,CRWD
CRWD280616P00350000,350.0,60.08,57.0,63.5,1.0,56.0,0.42981527221679694,False,PUT,2028-06-16,CRWD
CRWD280616P00380000,380.0,71.25,70.0,78.0,,1.0,0.4250927242279052,False,PUT,2028-06-16,CRWD
CRWD280616P00390000,390.0,78.2,75.65,81.3,4.0,2.0,0.4158536198425293,False,PUT,2028-06-16,CRWD
CRWD280616P00400000,400.0,83.05,80.0,86.0,1.0,18.0,0.41211525390625,False,PUT,2028-06-16,CRWD
CRWD280616P00410000,410.0,83.63,86.55,93.0,,1.0,0.4171963798522949,False,PUT,2028-06-16,CRWD
CRWD280616P00440000,440.0,105.67,102.35,109.0,1.0,36.0,0.4087736125183105,True,PUT,2028-06-16,CRWD
CRWD280616P00450000,450.0,95.45,107.4,114.0,2.0,33.0,0.4037611504364014,True,PUT,2028-06-16,CRWD
CRWD280616P00460000,460.0,101.5,112.0,120.0,1.0,9.0,0.4021361056518554,True,PUT,2028-06-16,CRWD
CRWD280616P00480000,480.0,114.51,124.0,132.0,1.0,1.0,0.39753562675476073,True,PUT,2028-06-16,CRWD
CRWD280616P00520000,520.0,133.4,149.35,157.0,,1.0,0.38696139167785637,True,PUT,2028-06-16,CRWD
CRWV260130C00068000,68.0,46.95,29.45,31.35,1.0,72.0,4.01562998046875,True,CALL,2026-01-30,CRWV
CRWV260130C00069000,69.0,41.1,28.6,30.6,2.0,8.0,4.053715870361328,True,CALL,2026-01-30,CRWV
CRWV260130C00070000,70.0,30.12,27.25,30.0,1.0,219.0,3.94531263671875,True,CALL,2026-01-30,CRWV
CRWV260130C00071000,71.0,34.63,26.15,28.3,4.0,54.0,3.496095009765625,True,CALL,2026-01-30,CRWV
CRWV260130C00072000,72.0,31.5,25.45,27.3,1.0,83.0,3.4980481298828128,True,CALL,2026-01-30,CRWV
CRWV260130C00073000,73.0,32.51,24.6,26.75,1.0,115.0,3.60156349609375,True,CALL,2026-01-30,CRWV
CRWV260130C00074000,74.0,30.54,23.25,25.9,2.0,58.0,3.405274924316406,True,CALL,2026-01-30,CRWV
CRWV260130C00075000,75.0,25.14,22.25,24.95,39.0,362.0,3.300782998046875,True,CALL,2026-01-30,CRWV
CRWV260130C00076000,76.0,30.31,21.25,23.1,13.0,72.0,2.8720731323242186,True,CALL,2026-01-30,CRWV
CRWV260130C00077000,77.0,23.31,20.4,22.9,1.0,83.0,3.0898460253906244,True,CALL,2026-01-30,CRWV
CRWV260130C00078000,78.0,21.18,19.6,21.35,1.0,223.0,2.854495051269531,True,CALL,2026-01-30,CRWV
CRWV260130C00079000,79.0,32.02,18.25,20.0,2.0,134.0,2.4980506298828127,True,CALL,2026-01-30,CRWV
CRWV260130C00080000,80.0,20.17,17.6,20.1,7.0,407.0,2.847659130859375,True,CALL,2026-01-30,CRWV
CRWV260130C00081000,81.0,18.28,16.4,18.65,28.0,141.0,2.5332067919921872,True,CALL,2026-01-30,CRWV
CRWV260130C00082000,82.0,16.15,15.5,17.8,31.0,125.0,2.490238149414062,True,CALL,2026-01-30,CRWV
CRWV260130C00083000,83.0,17.11,14.6,16.9,6.0,203.0,2.426761745605469,True,CALL,2026-01-30,CRWV
CRWV260130C00084000,84.0,16.3,13.55,15.9,18.0,236.0,2.2929730175781247,True,CALL,2026-01-30,CRWV
CRWV260130C00085000,85.0,14.2,12.6,15.3,46.0,10507.0,2.28906677734375,True,CALL,2026-01-30,CRWV
CRWV260130C00086000,86.0,13.11,11.7,13.45,6.0,308.0,1.9755860595703125,True,CALL,2026-01-30,CRWV
CRWV260130C00087000,87.0,13.65,10.75,12.6,37.0,245.0,1.9072270263671878,True,CALL,2026-01-30,CRWV
CRWV260130C00088000,88.0,11.2,9.55,11.6,25.0,1021.0,1.7382825585937498,True,CALL,2026-01-30,CRWV
CRWV260130C00089000,89.0,9.2,8.95,11.05,220.0,801.0,1.8144540527343749,True,CALL,2026-01-30,CRWV
CRWV260130C00090000,90.0,8.38,8.05,8.7,164.0,1955.0,1.404299853515625,True,CALL,2026-01-30,CRWV
CRWV260130C00091000,91.0,9.53,6.85,8.05,88.0,470.0,1.3193393408203122,True,CALL,2026-01-30,CRWV
CRWV260130C00092000,92.0,7.0,6.6,6.95,50.0,997.0,1.3339877050781246,True,CALL,2026-01-30,CRWV
CRWV260130C00093000,93.0,7.67,5.45,6.15,6.0,440.0,1.2128945605468748,True,CALL,2026-01-30,CRWV
CRWV260130C00094000,94.0,5.07,4.65,5.3,43.0,1557.0,1.1445355273437499,True,CALL,2026-01-30,CRWV
CRWV260130C00095000,95.0,4.87,4.05,4.5,336.0,3019.0,1.1103560107421875,True,CALL,2026-01-30,CRWV
CRWV260130C00096000,96.0,4.08,3.35,3.95,54.0,435.0,1.087895185546875,True,CALL,2026-01-30,CRWV
CRWV260130C00097000,97.0,3.35,2.8,3.15,96.0,621.0,1.0307665649414064,True,CALL,2026-01-30,CRWV
CRWV260130C00098000,98.0,2.42,2.22,2.55,229.0,1024.0,0.9853517089843751,False,CALL,2026-01-30,CRWV
CRWV260130C00099000,99.0,2.0,1.92,2.0,424.0,1207.0,0.9780275634765626,False,CALL,2026-01-30,CRWV
CRWV260130C00100000,100.0,1.55,1.45,1.64,1991.0,3935.0,0.954102021484375,False,CALL,2026-01-30,CRWV
CRWV260130C00101000,101.0,1.26,1.18,1.34,1380.0,581.0,0.9599613378906249,False,CALL,2026-01-30,CRWV
CRWV260130C00102000,102.0,0.96,0.9,0.99,1897.0,1404.0,0.9321295849609376,False,CALL,2026-01-30,CRWV
CRWV260130C00103000,103.0,0.75,0.7,0.81,670.0,2490.0,0.93945373046875,False,CALL,2026-01-30,CRWV
CRWV260130C00104000,104.0,0.59,0.5,0.6,843.0,857.0,0.918946123046875,False,CALL,2026-01-30,CRWV
CRWV260130C00105000,105.0,0.4,0.4,0.5,6058.0,5898.0,0.93945373046875,False,CALL,2026-01-30,CRWV
CRWV260130C00106000,106.0,0.33,0.28,0.46,1593.0,2216.0,0.9589847851562499,False,CALL,2026-01-30,CRWV
CRWV260130C00107000,107.0,0.26,0.22,0.29,6237.0,2012.0,0.937500625,False,CALL,2026-01-30,CRWV
CRWV260130C00108000,108.0,0.19,0.18,0.23,805.0,1649.0,0.9531254687499999,False,CALL,2026-01-30,CRWV
CRWV260130C00109000,109.0,0.18,0.14,0.19,384.0,946.0,0.9707034179687499,False,CALL,2026-01-30,CRWV
CRWV260130C00110000,110.0,0.13,0.12,0.14,6047.0,8078.0,0.98242205078125,False,CALL,2026-01-30,CRWV
CRWV260130C00111000,111.0,0.11,0.1,0.2,560.0,1297.0,1.0664109179687502,False,CALL,2026-01-30,CRWV
CRWV260130C00112000,112.0,0.11,0.07,0.09,789.0,7859.0,1.0039112304687499,False,CALL,2026-01-30,CRWV
CRWV260130C00113000,113.0,0.06,0.05,0.11,383.0,752.0,1.0546922265625,False,CALL,2026-01-30,CRWV
CRWV260130C00114000,114.0,0.07,0.05,0.09,508.0,546.0,1.08203583984375,False,CALL,2026-01-30,CRWV
CRWV260130C00115000,115.0,0.07,0.05,0.06,3303.0,5897.0,1.09375453125,False,CALL,2026-01-30,CRWV
CRWV260130C00116000,116.0,0.03,0.03,0.08,908.0,1907.0,1.140629296875,False,CALL,2026-01-30,CRWV
CRWV260130C00117000,117.0,0.03,0.02,0.27,243.0,1225.0,1.3828155859374998,False,CALL,2026-01-30,CRWV
CRWV260130C00118000,118.0,0.04,0.03,0.06,173.0,701.0,1.1953165234375,False,CALL,2026-01-30,CRWV
CRWV260130C00120000,120.0,0.01,0.01,0.03,2440.0,7051.0,1.15625421875,False,CALL,2026-01-30,CRWV
CRWV260130C00121000,121.0,0.02,0.01,0.03,269.0,436.0,1.203128984375,False,CALL,2026-01-30,CRWV
CRWV260130C00122000,122.0,0.02,0.01,0.04,44.0,471.0,1.2656286718749998,False,CALL,2026-01-30,CRWV
CRWV260130C00123000,123.0,0.04,0.0,0.04,60.0,614.0,1.2812535937499998,False,CALL,2026-01-30,CRWV
CRWV260130C00125000,125.0,0.02,0.01,0.03,557.0,4081.0,1.3437532812499997,False,CALL,2026-01-30,CRWV
CRWV260130P00068000,68.0,0.03,0.01,0.05,2.0,289.0,1.984375078125,False,PUT,2026-01-30,CRWV
CRWV260130P00069000,69.0,0.03,0.0,0.05,3.0,299.0,1.875000625,False,PUT,2026-01-30,CRWV
CRWV260130P00070000,70.0,0.03,0.02,0.03,112.0,8218.0,1.7968760156249999,False,PUT,2026-01-30,CRWV
CRWV260130P00071000,71.0,0.03,0.01,0.05,3.0,283.0,1.765626171875,False,PUT,2026-01-30,CRWV
CRWV260130P00072000,72.0,0.03,0.02,0.04,12.0,1360.0,1.6875015625,False,PUT,2026-01-30,CRWV
CRWV260130P00073000,73.0,0.04,0.02,0.04,32.0,922.0,1.625001875,False,PUT,2026-01-30,CRWV
CRWV260130P00074000,74.0,0.03,0.02,0.05,16.0,1231.0,1.5781271093749998,False,PUT,2026-01-30,CRWV
CRWV260130P00075000,75.0,0.06,0.04,0.05,164.0,2274.0,1.5625021874999998,False,PUT,2026-01-30,CRWV
CRWV260130P00076000,76.0,0.05,0.02,0.1,11.0,443.0,1.5546897265624997,False,PUT,2026-01-30,CRWV
CRWV260130P00077000,77.0,0.06,0.03,0.26,21.0,550.0,1.7109389453125,False,PUT,2026-01-30,CRWV
CRWV260130P00078000,78.0,0.05,0.02,0.08,29.0,993.0,1.3750031249999999,False,PUT,2026-01-30,CRWV
CRWV260130P00079000,79.0,0.06,0.02,0.12,24.0,1079.0,1.37109689453125,False,PUT,2026-01-30,CRWV
CRWV260130P00080000,80.0,0.08,0.06,0.09,187.0,5394.0,1.3125034374999998,False,PUT,2026-01-30,CRWV
CRWV260130P00081000,81.0,0.09,0.05,0.16,57.0,794.0,1.3125034374999998,False,PUT,2026-01-30,CRWV
CRWV260130P00082000,82.0,0.1,0.05,0.12,20.0,3946.0,1.19141029296875,False,PUT,2026-01-30,CRWV
CRWV260130P00083000,83.0,0.12,0.07,0.13,44.0,4415.0,1.15234798828125,False,PUT,2026-01-30,CRWV
CRWV260130P00084000,84.0,0.13,0.09,0.2,39.0,1447.0,1.15625421875,False,PUT,2026-01-30,CRWV
CRWV260130P00085000,85.0,0.16,0.1,0.18,543.0,6183.0,1.0703171484375003,False,PUT,2026-01-30,CRWV
CRWV260130P00086000,86.0,0.16,0.05,0.28,244.0,1551.0,1.0273486132812502,False,PUT,2026-01-30,CRWV
CRWV260130P00087000,87.0,0.2,0.16,0.25,53.0,1449.0,0.9941406835937501,False,PUT,2026-01-30,CRWV
CRWV260130P00088000,88.0,0.27,0.22,0.34,2262.0,3285.0,0.98437515625,False,PUT,2026-01-30,CRWV
CRWV260130P00089000,89.0,0.31,0.3,0.39,239.0,5656.0,0.9511723632812499,False,PUT,2026-01-30,CRWV
CRWV260130P00090000,90.0,0.44,0.33,0.49,825.0,5027.0,0.9062509375,False,PUT,2026-01-30,CRWV
CRWV260130P00091000,91.0,0.55,0.47,0.63,121.0,1308.0,0.8964854101562498,False,PUT,2026-01-30,CRWV
CRWV260130P00092000,92.0,0.6,0.6,0.75,712.0,5703.0,0.860352958984375,False,PUT,2026-01-30,CRWV
CRWV260130P00093000,93.0,0.85,0.78,0.95,126.0,1646.0,0.8398453515625,False,PUT,2026-01-30,CRWV
CRWV260130P00094000,94.0,1.05,0.99,1.09,948.0,1225.0,0.7949239257812499,False,PUT,2026-01-30,CRWV
CRWV260130P00095000,95.0,1.32,1.26,1.42,1890.0,2979.0,0.7807639111328125,False,PUT,2026-01-30,CRWV
CRWV260130P00096000,96.0,1.72,1.57,1.73,540.0,720.0,0.7480493945312501,False,PUT,2026-01-30,CRWV
CRWV260130P00097000,97.0,2.06,1.94,2.14,506.0,968.0,0.719729365234375,False,PUT,2026-01-30,CRWV
CRWV260130P00098000,98.0,2.49,2.4,2.57,843.0,2146.0,0.684573466796875,True,PUT,2026-01-30,CRWV
CRWV260130P00099000,99.0,3.15,2.87,3.15,1093.0,890.0,0.6469761865234375,True,PUT,2026-01-30,CRWV
CRWV260130P00100000,100.0,3.45,3.45,3.45,3850.0,5999.0,0.5302781347656251,True,PUT,2026-01-30,CRWV
CRWV260130P00101000,101.0,4.3,3.9,4.5,1567.0,523.0,0.6513706738281251,True,PUT,2026-01-30,CRWV
CRWV260130P00102000,102.0,4.52,4.8,5.35,606.0,1455.0,0.6630893066406252,True,PUT,2026-01-30,CRWV
CRWV260130P00103000,103.0,5.51,5.35,5.9,1746.0,1756.0,1.0000000000000003e-05,True,PUT,2026-01-30,CRWV
CRWV260130P00104000,104.0,6.45,6.35,6.6,489.0,816.0,1.0000000000000003e-05,True,PUT,2026-01-30,CRWV
CRWV260130P00105000,105.0,7.7,6.95,8.0,734.0,2791.0,0.5585981640625001,True,PUT,2026-01-30,CRWV
CRWV260130P00107000,107.0,7.38,8.3,9.7,17.0,564.0,1.0000000000000003e-05,True,PUT,2026-01-30,CRWV
CRWV260130P00108000,108.0,9.55,8.55,10.95,27.0,1109.0,1.0000000000000003e-05,True,PUT,2026-01-30,CRWV
CRWV260130P00110000,110.0,10.5,10.7,12.85,389.0,2217.0,1.0000000000000003e-05,True,PUT,2026-01-30,CRWV
CRWV260130P00115000,115.0,16.7,16.1,17.55,55.0,341.0,1.0000000000000003e-05,True,PUT,2026-01-30,CRWV
CRWV260130P00116000,116.0,11.42,16.2,18.9,10.0,8.0,1.0000000000000003e-05,True,PUT,2026-01-30,CRWV
CRWV260130P00120000,120.0,21.35,20.15,22.85,12.0,158.0,1.0000000000000003e-05,True,PUT,2026-01-30,CRWV
CRWV260130P00125000,125.0,23.7,25.2,27.75,22.0,15.0,1.0000000000000003e-05,True,PUT,2026-01-30,CRWV
CRWV260206C00068000,68.0,39.9,29.55,32.1,1.0,13.0,2.0566454833984373,True,CALL,2026-02-06,CRWV
CRWV260206C00069000,69.0,40.45,28.55,31.25,2.0,6.0,2.020024481201172,True,CALL,2026-02-06,CRWV
CRWV260206C00070000,70.0,28.2,27.55,30.15,11.0,34.0,1.9394534277343751,True,CALL,2026-02-06,CRWV
CRWV260206C00071000,71.0,34.49,26.65,29.2,1.0,9.0,1.9033207958984377,True,CALL,2026-02-06,CRWV
CRWV260206C00072000,72.0,35.3,25.85,28.2,1.0,19.0,1.8740240673828126,True,CALL,2026-02-06,CRWV
CRWV260206C00073000,73.0,37.22,24.65,27.4,58.0,67.0,1.812012658691406,True,CALL,2026-02-06,CRWV
CRWV260206C00074000,74.0,27.18,23.7,26.35,5.0,19.0,1.7504895288085938,True,CALL,2026-02-06,CRWV
CRWV260206C00075000,75.0,25.5,22.95,25.2,7.0,70.0,1.7045913208007812,True,CALL,2026-02-06,CRWV
CRWV260206C00076000,76.0,32.0,21.85,24.45,1.0,64.0,1.6655290161132816,True,CALL,2026-02-06,CRWV
CRWV260206C00077000,77.0,23.75,20.7,23.65,1.0,90.0,1.6118183471679686,True,CALL,2026-02-06,CRWV
CRWV260206C00078000,78.0,25.34,19.95,22.7,1.0,113.0,1.5917989160156247,True,CALL,2026-02-06,CRWV
CRWV260206C00079000,79.0,26.85,18.9,20.65,5.0,61.0,1.3789093554687497,True,CALL,2026-02-06,CRWV
CRWV260206C00080000,80.0,19.6,18.15,19.95,4.0,160.0,1.3969756713867185,True,CALL,2026-02-06,CRWV
CRWV260206C00081000,81.0,20.63,17.3,19.55,17.0,52.0,1.4340848608398438,True,CALL,2026-02-06,CRWV
CRWV260206C00082000,82.0,18.28,16.75,19.4,12.0,46.0,1.526857834472656,True,CALL,2026-02-06,CRWV
CRWV260206C00083000,83.0,18.43,15.9,18.5,5.0,78.0,1.4902369238281248,True,CALL,2026-02-06,CRWV
CRWV260206C00084000,84.0,18.09,14.9,16.7,10.0,244.0,1.3364290991210934,True,CALL,2026-02-06,CRWV
CRWV260206C00085000,85.0,15.15,14.05,15.6,36.0,247.0,1.2788121997070312,True,CALL,2026-02-06,CRWV
CRWV260206C00086000,86.0,16.57,13.5,15.8,11.0,191.0,1.3881866528320312,True,CALL,2026-02-06,CRWV
CRWV260206C00087000,87.0,15.46,12.25,14.0,11.0,128.0,1.214359396972656,True,CALL,2026-02-06,CRWV
CRWV260206C00088000,88.0,12.1,11.6,13.85,3.0,258.0,1.2680700659179687,True,CALL,2026-02-06,CRWV
CRWV260206C00089000,89.0,12.5,11.05,13.05,67.0,117.0,1.26172244140625,True,CALL,2026-02-06,CRWV
CRWV260206C00090000,90.0,11.46,10.65,11.15,60.0,465.0,1.1635784008789063,True,CALL,2026-02-06,CRWV
CRWV260206C00091000,91.0,11.56,9.6,10.45,31.0,58.0,1.1162153564453123,True,CALL,2026-02-06,CRWV
CRWV260206C00092000,92.0,9.5,8.9,9.8,34.0,159.0,1.1025435498046878,True,CALL,2026-02-06,CRWV
CRWV260206C00093000,93.0,9.0,8.35,8.95,27.0,343.0,1.0810592822265626,True,CALL,2026-02-06,CRWV
CRWV260206C00094000,94.0,9.39,7.8,8.5,22.0,93.0,1.090092440185547,True,CALL,2026-02-06,CRWV
CRWV260206C00095000,95.0,7.65,7.1,7.7,114.0,2821.0,1.052739111328125,True,CALL,2026-02-06,CRWV
CRWV260206C00096000,96.0,6.45,6.45,7.2,11.0,474.0,1.0410204199218753,True,CALL,2026-02-06,CRWV
CRWV260206C00097000,97.0,7.04,5.9,6.8,32.0,323.0,1.0422411169433596,True,CALL,2026-02-06,CRWV
CRWV260206C00098000,98.0,5.83,5.55,6.1,51.0,143.0,1.0307665649414064,False,CALL,2026-02-06,CRWV
CRWV260206C00099000,99.0,5.31,5.05,5.6,193.0,115.0,1.01953615234375,False,CALL,2026-02-06,CRWV
CRWV260206C00100000,100.0,4.9,4.7,4.9,1073.0,1545.0,0.9998779309082031,False,CALL,2026-02-06,CRWV
CRWV260206C00101000,101.0,4.55,4.15,4.75,155.0,391.0,1.0053760668945313,False,CALL,2026-02-06,CRWV
CRWV260206C00102000,102.0,4.0,3.8,4.3,178.0,265.0,0.99804689453125,False,CALL,2026-02-06,CRWV
CRWV260206C00103000,103.0,3.6,3.4,3.85,77.0,122.0,0.9826661889648438,False,CALL,2026-02-06,CRWV
CRWV260206C00104000,104.0,3.2,3.1,3.5,273.0,172.0,0.9799806689453125,False,CALL,2026-02-06,CRWV
CRWV260206C00105000,105.0,2.87,2.83,3.05,2094.0,2350.0,0.9672854833984376,False,CALL,2026-02-06,CRWV
CRWV260206C00106000,106.0,2.78,2.51,2.71,233.0,337.0,0.95507857421875,False,CALL,2026-02-06,CRWV
CRWV260206C00107000,107.0,2.48,2.25,2.43,154.0,620.0,0.9499516723632812,False,CALL,2026-02-06,CRWV
CRWV260206C00108000,108.0,2.09,1.99,2.2,683.0,207.0,0.9458013232421875,False,CALL,2026-02-06,CRWV
CRWV260206C00109000,109.0,1.91,1.76,1.96,93.0,335.0,0.9389654541015625,False,CALL,2026-02-06,CRWV
CRWV260206C00110000,110.0,1.67,1.61,1.7,3119.0,3421.0,0.9350592431640624,False,CALL,2026-02-06,CRWV
CRWV260206C00111000,111.0,1.66,1.39,1.58,76.0,191.0,0.9345709667968749,False,CALL,2026-02-06,CRWV
CRWV260206C00112000,112.0,1.32,1.23,1.41,85.0,201.0,0.9321295849609376,False,CALL,2026-02-06,CRWV
CRWV260206C00113000,113.0,1.54,1.09,1.28,84.0,254.0,0.9331061376953125,False,CALL,2026-02-06,CRWV
CRWV260206C00114000,114.0,1.0,0.96,1.05,42.0,356.0,0.9179695703125,False,CALL,2026-02-06,CRWV
CRWV260206C00115000,115.0,0.9,0.82,1.04,1746.0,1887.0,0.9291999267578125,False,CALL,2026-02-06,CRWV
CRWV260206C00116000,116.0,0.81,0.74,0.95,63.0,171.0,0.9345709667968749,False,CALL,2026-02-06,CRWV
CRWV260206C00117000,117.0,0.79,0.67,0.85,177.0,337.0,0.937500625,False,CALL,2026-02-06,CRWV
CRWV260206C00118000,118.0,0.74,0.58,0.79,211.0,496.0,0.9414068359375,False,CALL,2026-02-06,CRWV
CRWV260206C00119000,119.0,1.15,0.51,0.76,20.0,87.0,0.9516606396484374,False,CALL,2026-02-06,CRWV
CRWV260206C00120000,120.0,0.5,0.47,0.53,1440.0,2146.0,0.9248054394531251,False,CALL,2026-02-06,CRWV
CRWV260206C00121000,121.0,0.49,0.39,0.54,14.0,91.0,0.936524072265625,False,CALL,2026-02-06,CRWV
CRWV260206C00125000,125.0,0.26,0.25,0.28,397.0,919.0,0.9257819921875,False,CALL,2026-02-06,CRWV
CRWV260206C00126000,126.0,0.35,0.26,0.44,49.0,103.0,1.001958115234375,False,CALL,2026-02-06,CRWV
CRWV260206P00068000,68.0,0.14,0.11,0.15,4.0,68.0,1.1445355273437499,False,PUT,2026-02-06,CRWV
CRWV260206P00069000,69.0,0.1,0.0,0.2,5.0,79.0,1.05859845703125,False,PUT,2026-02-06,CRWV
CRWV260206P00070000,70.0,0.18,0.17,0.2,200.0,2469.0,1.126957490234375,False,PUT,2026-02-06,CRWV
CRWV260206P00071000,71.0,0.2,0.07,0.27,10.0,25.0,1.0703171484375003,False,PUT,2026-02-06,CRWV
CRWV260206P00072000,72.0,0.21,0.18,0.34,2.0,117.0,1.111332568359375,False,PUT,2026-02-06,CRWV
CRWV260206P00073000,73.0,0.27,0.18,0.43,15.0,191.0,1.1035201074218752,False,PUT,2026-02-06,CRWV
CRWV260206P00074000,74.0,0.3,0.33,0.4,32.0,123.0,1.1005904345703126,False,PUT,2026-02-06,CRWV
CRWV260206P00075000,75.0,0.44,0.38,0.44,205.0,755.0,1.0830123974609376,False,PUT,2026-02-06,CRWV
CRWV260206P00076000,76.0,0.47,0.37,0.54,5.0,357.0,1.0634812451171878,False,PUT,2026-02-06,CRWV
CRWV260206P00077000,77.0,0.46,0.42,0.61,78.0,198.0,1.0488328808593752,False,PUT,2026-02-06,CRWV
CRWV260206P00078000,78.0,0.63,0.58,0.7,29.0,633.0,1.0595750146484377,False,PUT,2026-02-06,CRWV
CRWV260206P00079000,79.0,0.58,0.68,0.82,26.0,197.0,1.0571336206054687,False,PUT,2026-02-06,CRWV
CRWV260206P00080000,80.0,0.84,0.81,0.85,1476.0,1376.0,1.0380907470703127,False,PUT,2026-02-06,CRWV
CRWV260206P00081000,81.0,0.95,0.91,1.07,53.0,292.0,1.0439500927734378,False,PUT,2026-02-06,CRWV
CRWV260206P00082000,82.0,1.1,0.97,1.17,44.0,388.0,1.0185595947265624,False,PUT,2026-02-06,CRWV
CRWV260206P00083000,83.0,1.23,1.16,1.3,54.0,5031.0,1.0141650854492186,False,PUT,2026-02-06,CRWV
CRWV260206P00084000,84.0,1.4,1.28,1.48,52.0,143.0,1.0024463940429689,False,PUT,2026-02-06,CRWV
CRWV260206P00085000,85.0,1.51,1.47,1.67,171.0,991.0,0.9970703417968749,False,PUT,2026-02-06,CRWV
CRWV260206P00086000,86.0,1.56,1.65,1.91,6.0,318.0,0.9916993017578125,False,PUT,2026-02-06,CRWV
CRWV260206P00087000,87.0,2.01,1.89,2.09,146.0,628.0,0.981445498046875,False,PUT,2026-02-06,CRWV
CRWV260206P00088000,88.0,2.29,2.12,2.34,77.0,471.0,0.9741213525390625,False,PUT,2026-02-06,CRWV
CRWV260206P00089000,89.0,2.4,2.35,2.59,59.0,222.0,0.9619144433593749,False,PUT,2026-02-06,CRWV
CRWV260206P00090000,90.0,2.7,2.61,2.84,370.0,4264.0,0.9487309814453124,False,PUT,2026-02-06,CRWV
CRWV260206P00091000,91.0,2.96,2.83,3.25,43.0,228.0,0.9428716650390624,False,PUT,2026-02-06,CRWV
CRWV260206P00092000,92.0,3.16,3.05,3.55,28.0,1252.0,0.9223640576171875,False,PUT,2026-02-06,CRWV
CRWV260206P00093000,93.0,3.52,3.4,3.9,126.0,380.0,0.914063359375,False,PUT,2026-02-06,CRWV
CRWV260206P00094000,94.0,3.82,3.75,4.2,34.0,333.0,0.8964854101562498,False,PUT,2026-02-06,CRWV
CRWV260206P00095000,95.0,4.38,4.25,4.7,285.0,1044.0,0.9045419702148438,False,PUT,2026-02-06,CRWV
CRWV260206P00096000,96.0,4.67,4.6,5.05,38.0,404.0,0.8823253955078124,False,PUT,2026-02-06,CRWV
CRWV260206P00097000,97.0,5.26,5.05,5.6,76.0,202.0,0.8803722900390624,False,PUT,2026-02-06,CRWV
CRWV260206P00098000,98.0,5.79,5.5,5.9,230.0,321.0,0.8532729516601563,True,PUT,2026-02-06,CRWV
CRWV260206P00099000,99.0,6.14,5.95,6.6,86.0,123.0,0.8540053662109376,True,PUT,2026-02-06,CRWV
CRWV260206P00100000,100.0,6.8,6.55,7.0,766.0,755.0,0.8374039697265624,True,PUT,2026-02-06,CRWV
CRWV260206P00101000,101.0,6.76,7.1,7.7,128.0,381.0,0.8364274169921874,True,PUT,2026-02-06,CRWV
CRWV260206P00102000,102.0,7.57,7.65,8.35,53.0,94.0,0.8264177514648436,True,PUT,2026-02-06,CRWV
CRWV260206P00103000,103.0,7.0,8.25,9.0,84.0,134.0,0.815431533203125,True,PUT,2026-02-06,CRWV
CRWV260206P00104000,104.0,9.4,8.9,9.55,147.0,195.0,0.7944356494140624,True,PUT,2026-02-06,CRWV
CRWV260206P00105000,105.0,10.0,9.6,10.35,678.0,600.0,0.7954122021484374,True,PUT,2026-02-06,CRWV
CRWV260206P00110000,110.0,13.01,12.9,13.95,427.0,339.0,0.6201209863281252,True,PUT,2026-02-06,CRWV
CRWV260206P00115000,115.0,14.9,16.55,18.3,1.0,80.0,0.7187528125,True,PUT,2026-02-06,CRWV
CRWV260206P00120000,120.0,21.4,20.45,22.8,4.0,76.0,1.0000000000000003e-05,True,PUT,2026-02-06,CRWV
CRWV260213C00068000,68.0,34.52,29.9,32.6,,1.0,1.654298603515625,True,CALL,2026-02-13,CRWV
CRWV260213C00070000,70.0,31.7,28.35,30.7,3.0,24.0,1.62109564453125,True,CALL,2026-02-13,CRWV
CRWV260213C00071000,71.0,39.03,26.85,29.7,1.0,10.0,1.5129418884277341,True,CALL,2026-02-13,CRWV
CRWV260213C00072000,72.0,40.0,26.25,28.75,1.0,5.0,1.5161157006835935,True,CALL,2026-02-13,CRWV
CRWV260213C00073000,73.0,28.27,25.3,27.85,6.0,26.0,1.4838892993164063,True,CALL,2026-02-13,CRWV
CRWV260213C00074000,74.0,26.57,24.4,26.95,1.0,6.0,1.456545686035156,True,CALL,2026-02-13,CRWV
CRWV260213C00075000,75.0,27.6,23.4,25.6,1.0,54.0,1.37109689453125,True,CALL,2026-02-13,CRWV
CRWV260213C00076000,76.0,23.3,22.5,25.2,1.0,13.0,1.3947784167480468,True,CALL,2026-02-13,CRWV
CRWV260213C00077000,77.0,25.29,22.0,24.5,2.0,18.0,1.4228544482421874,True,CALL,2026-02-13,CRWV
CRWV260213C00078000,78.0,24.44,20.65,22.7,4.0,32.0,1.2636755566406248,True,CALL,2026-02-13,CRWV
CRWV260213C00079000,79.0,22.35,20.35,23.0,4.0,26.0,1.3994170654296876,True,CALL,2026-02-13,CRWV
CRWV260213C00080000,80.0,21.6,19.45,21.0,20.0,394.0,1.2690466235351558,True,CALL,2026-02-13,CRWV
CRWV260213C00081000,81.0,20.92,18.45,20.75,1.0,9.0,1.284671545410156,True,CALL,2026-02-13,CRWV
CRWV260213C00082000,82.0,21.54,17.7,19.35,3.0,25.0,1.2216835791015623,True,CALL,2026-02-13,CRWV
CRWV260213C00083000,83.0,19.48,16.95,18.15,10.0,26.0,1.1757853710937498,True,CALL,2026-02-13,CRWV
CRWV260213C00084000,84.0,18.9,16.3,18.7,5.0,61.0,1.2756383874511714,True,CALL,2026-02-13,CRWV
CRWV260213C00085000,85.0,17.62,15.55,16.65,8.0,240.0,1.1616252856445315,True,CALL,2026-02-13,CRWV
CRWV260213C00086000,86.0,16.39,14.7,16.2,8.0,29.0,1.1623577038574218,True,CALL,2026-02-13,CRWV
CRWV260213C00087000,87.0,14.73,13.95,15.55,95.0,69.0,1.1533245458984376,True,CALL,2026-02-13,CRWV
CRWV260213C00088000,88.0,14.77,13.35,15.0,9.0,27.0,1.1596721704101562,True,CALL,2026-02-13,CRWV
CRWV260213C00089000,89.0,22.27,12.95,15.15,25.0,85.0,1.2255898095703124,True,CALL,2026-02-13,CRWV
CRWV260213C00090000,90.0,13.82,12.1,13.4,18.0,254.0,1.1272016296386718,True,CALL,2026-02-13,CRWV
CRWV260213C00091000,91.0,13.47,11.45,12.0,14.0,42.0,1.066655057373047,True,CALL,2026-02-13,CRWV
CRWV260213C00092000,92.0,11.0,10.9,11.95,10.0,78.0,1.1008345739746095,True,CALL,2026-02-13,CRWV
CRWV260213C00093000,93.0,11.03,10.2,11.3,3.0,88.0,1.0830123974609376,True,CALL,2026-02-13,CRWV
CRWV260213C00094000,94.0,10.51,9.8,10.6,2.0,114.0,1.0791061669921875,True,CALL,2026-02-13,CRWV
CRWV260213C00095000,95.0,9.35,9.25,10.2,12.0,453.0,1.0825241186523438,True,CALL,2026-02-13,CRWV
CRWV260213C00096000,96.0,9.56,8.7,9.55,66.0,79.0,1.0678757543945316,True,CALL,2026-02-13,CRWV
CRWV260213C00097000,97.0,9.06,8.15,8.75,322.0,366.0,1.0419969775390627,True,CALL,2026-02-13,CRWV
CRWV260213C00098000,98.0,8.41,7.6,8.5,12.0,56.0,1.0478563232421876,False,CALL,2026-02-13,CRWV
CRWV260213C00099000,99.0,7.5,7.1,7.85,59.0,148.0,1.0300341467285157,False,CALL,2026-02-13,CRWV
CRWV260213C00100000,100.0,6.95,6.6,7.0,91.0,713.0,0.9975586181640624,False,CALL,2026-02-13,CRWV
CRWV260213C00101000,101.0,6.6,6.3,6.85,172.0,266.0,1.0183154553222655,False,CALL,2026-02-13,CRWV
CRWV260213C00105000,105.0,5.01,4.65,4.9,291.0,631.0,0.9670413452148439,False,CALL,2026-02-13,CRWV
CRWV260213C00110000,110.0,3.3,3.15,3.45,302.0,3031.0,0.9511723632812499,False,CALL,2026-02-13,CRWV
CRWV260213C00115000,115.0,2.27,2.05,2.37,145.0,336.0,0.9370123486328125,False,CALL,2026-02-13,CRWV
CRWV260213C00120000,120.0,1.5,1.3,1.6,753.0,595.0,0.9270026831054687,False,CALL,2026-02-13,CRWV
CRWV260213C00125000,125.0,1.01,0.85,1.1,60.0,890.0,0.930664755859375,False,CALL,2026-02-13,CRWV
CRWV260213P00068000,68.0,0.54,0.0,1.7,2.0,33.0,1.2509803076171875,False,PUT,2026-02-13,CRWV
CRWV260213P00069000,69.0,0.41,0.37,0.68,2.0,33.0,1.0781296093750001,False,PUT,2026-02-13,CRWV
CRWV260213P00070000,70.0,0.47,0.45,0.65,2.0,316.0,1.0517625537109376,False,PUT,2026-02-13,CRWV
CRWV260213P00071000,71.0,0.62,0.52,0.83,1.0,49.0,1.0654343603515626,False,PUT,2026-02-13,CRWV
CRWV260213P00072000,72.0,0.76,0.62,0.8,19.0,111.0,1.0405321411132817,False,PUT,2026-02-13,CRWV
CRWV260213P00073000,73.0,0.52,0.69,1.05,3.0,66.0,1.0576218994140625,False,PUT,2026-02-13,CRWV
CRWV260213P00074000,74.0,0.53,0.77,1.07,3.0,42.0,1.0341845166015626,False,PUT,2026-02-13,CRWV
CRWV260213P00075000,75.0,0.99,0.98,1.15,8.0,792.0,1.0376024682617189,False,PUT,2026-02-13,CRWV
CRWV260213P00076000,76.0,0.96,1.03,1.35,2.0,124.0,1.031743122558594,False,PUT,2026-02-13,CRWV
CRWV260213P00077000,77.0,1.31,1.12,1.5,7.0,142.0,1.021489267578125,False,PUT,2026-02-13,CRWV
CRWV260213P00078000,78.0,1.5,1.26,1.55,15.0,154.0,1.003422951660156,False,PUT,2026-02-13,CRWV
CRWV260213P00079000,79.0,1.61,1.42,1.88,2.0,191.0,1.0170947583007814,False,PUT,2026-02-13,CRWV
CRWV260213P00080000,80.0,1.75,1.62,1.96,46.0,318.0,1.0039112304687499,False,PUT,2026-02-13,CRWV
CRWV260213P00081000,81.0,1.68,1.72,2.16,4.0,70.0,0.9907227490234375,False,PUT,2026-02-13,CRWV
CRWV260213P00082000,82.0,1.8,1.84,2.46,2.0,58.0,0.9868165380859376,False,PUT,2026-02-13,CRWV
CRWV260213P00083000,83.0,1.97,2.13,2.58,26.0,135.0,0.9794923925781251,False,PUT,2026-02-13,CRWV
CRWV260213P00084000,84.0,1.69,2.44,2.78,2.0,105.0,0.9777834252929689,False,PUT,2026-02-13,CRWV
CRWV260213P00085000,85.0,2.71,2.65,3.05,95.0,349.0,0.9707034179687499,False,PUT,2026-02-13,CRWV
CRWV260213P00086000,86.0,2.8,2.84,3.35,61.0,89.0,0.9619144433593749,False,PUT,2026-02-13,CRWV
CRWV260213P00087000,87.0,3.38,3.0,3.65,460.0,569.0,0.948242705078125,False,PUT,2026-02-13,CRWV
CRWV260213P00088000,88.0,3.65,3.55,3.85,44.0,289.0,0.954102021484375,False,PUT,2026-02-13,CRWV
CRWV260213P00089000,89.0,3.92,3.6,4.0,29.0,59.0,0.9169930175781251,False,PUT,2026-02-13,CRWV
CRWV260213P00090000,90.0,4.25,4.0,4.5,493.0,543.0,0.9279792358398438,False,PUT,2026-02-13,CRWV
CRWV260213P00091000,91.0,4.65,4.45,4.95,54.0,94.0,0.9350592431640624,False,PUT,2026-02-13,CRWV
CRWV260213P00092000,92.0,5.05,4.7,5.3,49.0,61.0,0.9191902612304688,False,PUT,2026-02-13,CRWV
CRWV260213P00093000,93.0,5.36,5.15,5.75,44.0,52.0,0.9206550903320312,False,PUT,2026-02-13,CRWV
CRWV260213P00094000,94.0,5.86,5.65,6.15,42.0,77.0,0.9191902612304688,False,PUT,2026-02-13,CRWV
CRWV260213P00095000,95.0,6.17,5.9,6.6,129.0,307.0,0.9023447265625,False,PUT,2026-02-13,CRWV
CRWV260213P00096000,96.0,6.5,6.55,7.1,119.0,157.0,0.9113778393554688,False,PUT,2026-02-13,CRWV
CRWV260213P00097000,97.0,6.9,6.95,7.5,82.0,75.0,0.8957529956054686,False,PUT,2026-02-13,CRWV
CRWV260213P00098000,98.0,7.35,7.3,7.8,74.0,100.0,0.868165380859375,True,PUT,2026-02-13,CRWV
CRWV260213P00099000,99.0,8.21,8.0,8.5,62.0,63.0,0.8845226391601562,True,PUT,2026-02-13,CRWV
CRWV260213P00100000,100.0,8.73,8.4,9.0,67.0,324.0,0.867188828125,True,PUT,2026-02-13,CRWV
CRWV260213P00101000,101.0,9.02,8.85,9.75,23.0,89.0,0.8657239990234374,True,PUT,2026-02-13,CRWV
CRWV260213P00105000,105.0,11.74,11.45,12.05,18.0,156.0,0.8396012133789061,True,PUT,2026-02-13,CRWV
CRWV260213P00110000,110.0,14.82,14.35,15.85,21.0,92.0,0.780275634765625,True,PUT,2026-02-13,CRWV
CRWV260213P00115000,115.0,12.42,17.1,19.7,4.0,10.0,0.5717816259765626,True,PUT,2026-02-13,CRWV
CRWV260213P00125000,125.0,27.5,26.4,28.65,,25.0,0.8540053662109376,True,PUT,2026-02-13,CRWV
CRWV260220C00070000,70.0,32.0,28.65,30.8,3.0,716.0,1.3906280468749999,True,CALL,2026-02-20,CRWV
CRWV260220C00072500,72.5,34.02,26.65,29.3,2.0,547.0,1.4167509631347657,True,CALL,2026-02-20,CRWV
CRWV260220C00075000,75.0,26.93,24.25,26.6,19.0,1084.0,1.2998081884765622,True,CALL,2026-02-20,CRWV
CRWV260220C00077500,77.5,25.83,22.45,24.1,11.0,569.0,1.2465857983398436,True,CALL,2026-02-20,CRWV
CRWV260220C00080000,80.0,21.83,20.15,21.85,66.0,4427.0,1.1711467224121095,True,CALL,2026-02-20,CRWV
CRWV260220C00082500,82.5,21.18,18.45,20.15,2.0,1687.0,1.169926025390625,True,CALL,2026-02-20,CRWV
CRWV260220C00085000,85.0,17.45,16.3,17.95,55.0,1978.0,1.0983931799316409,True,CALL,2026-02-20,CRWV
CRWV260220C00086000,86.0,18.2,15.9,17.0,3.0,7.0,1.0922896948242187,True,CALL,2026-02-20,CRWV
CRWV260220C00087000,87.0,17.13,15.35,16.7,7.0,13.0,1.1145063806152344,True,CALL,2026-02-20,CRWV
CRWV260220C00087500,87.5,17.45,14.8,16.25,18.0,944.0,1.0908248583984377,True,CALL,2026-02-20,CRWV
CRWV260220C00088000,88.0,20.15,14.5,15.9,27.0,25.0,1.0874069067382814,True,CALL,2026-02-20,CRWV
CRWV260220C00089000,89.0,15.92,13.8,15.0,23.0,44.0,1.0622605480957032,True,CALL,2026-02-20,CRWV
CRWV260220C00090000,90.0,13.86,13.4,14.05,175.0,5369.0,1.0500535778808593,True,CALL,2026-02-20,CRWV
CRWV260220C00091000,91.0,13.95,12.75,13.55,3.0,53.0,1.0476121838378907,True,CALL,2026-02-20,CRWV
CRWV260220C00092000,92.0,12.77,12.2,12.95,206.0,79.0,1.0434618139648442,True,CALL,2026-02-20,CRWV
CRWV260220C00092500,92.5,13.25,11.85,12.7,3.0,359.0,1.0395555834960941,True,CALL,2026-02-20,CRWV
CRWV260220C00093000,93.0,11.87,11.5,12.35,421.0,31.0,1.0295458679199219,True,CALL,2026-02-20,CRWV
CRWV260220C00094000,94.0,11.66,11.05,11.8,368.0,678.0,1.0302782861328126,True,CALL,2026-02-20,CRWV
CRWV260220C00095000,95.0,11.9,10.55,11.2,75.0,6791.0,1.023930661621094,True,CALL,2026-02-20,CRWV
CRWV260220C00096000,96.0,10.35,10.0,10.55,7.0,2246.0,1.0107471337890623,True,CALL,2026-02-20,CRWV
CRWV260220C00097000,97.0,10.22,9.55,10.25,3.0,474.0,1.0192920129394532,True,CALL,2026-02-20,CRWV
CRWV260220C00097500,97.5,10.62,9.15,9.75,40.0,2297.0,0.9958496508789063,False,CALL,2026-02-20,CRWV
CRWV260220C00098000,98.0,10.0,9.1,9.65,173.0,411.0,1.0107471337890623,False,CALL,2026-02-20,CRWV
CRWV260220C00099000,99.0,9.2,8.6,9.1,25.0,90.0,1.000615348510742,False,CALL,2026-02-20,CRWV
CRWV260220C00100000,100.0,8.2,8.25,8.5,636.0,14293.0,0.9940186145019532,False,CALL,2026-02-20,CRWV
CRWV260220C00101000,101.0,9.05,7.75,8.25,36.0,92.0,0.9960937890625,False,CALL,2026-02-20,CRWV
CRWV260220C00102000,102.0,7.92,7.3,8.0,53.0,155.0,0.9992675854492188,False,CALL,2026-02-20,CRWV
CRWV260220C00103000,103.0,7.9,6.95,7.6,15.0,96.0,0.9982910327148438,False,CALL,2026-02-20,CRWV
CRWV260220C00104000,104.0,6.7,6.55,7.0,53.0,416.0,0.9827882580566407,False,CALL,2026-02-20,CRWV
CRWV260220C00105000,105.0,6.3,6.2,6.65,511.0,2984.0,0.9813234289550781,False,CALL,2026-02-20,CRWV
CRWV260220C00106000,106.0,6.7,5.8,6.45,26.0,475.0,0.9836427416992188,False,CALL,2026-02-20,CRWV
CRWV260220C00107000,107.0,5.98,5.45,6.2,39.0,105.0,0.9846192944335939,False,CALL,2026-02-20,CRWV
CRWV260220C00108000,108.0,6.4,5.15,5.8,10.0,191.0,0.9787599780273439,False,CALL,2026-02-20,CRWV
CRWV260220C00109000,109.0,6.05,4.9,5.4,3.0,52.0,0.9738772143554688,False,CALL,2026-02-20,CRWV
CRWV260220C00110000,110.0,4.74,4.8,4.8,991.0,7723.0,0.9649661706542969,False,CALL,2026-02-20,CRWV
CRWV260220C00115000,115.0,3.51,3.4,3.6,3822.0,24188.0,0.948242705078125,False,CALL,2026-02-20,CRWV
CRWV260220C00120000,120.0,2.42,2.42,2.62,1126.0,24708.0,0.9360357958984374,False,CALL,2026-02-20,CRWV
CRWV260220C00125000,125.0,1.8,1.76,1.83,4808.0,29711.0,0.9272468212890624,False,CALL,2026-02-20,CRWV
CRWV260220P00070000,70.0,1.06,1.0,1.16,80.0,4985.0,1.040043862304688,False,PUT,2026-02-20,CRWV
CRWV260220P00072500,72.5,1.28,1.21,1.53,6.0,3794.0,1.0229541040039063,False,PUT,2026-02-20,CRWV
CRWV260220P00075000,75.0,1.63,1.54,1.8,1980.0,7561.0,0.9965820654296875,False,PUT,2026-02-20,CRWV
CRWV260220P00077500,77.5,1.91,1.9,2.26,17.0,644.0,0.9804689453125001,False,PUT,2026-02-20,CRWV
CRWV260220P00080000,80.0,2.57,2.44,2.7,133.0,32146.0,0.9655765161132812,False,PUT,2026-02-20,CRWV
CRWV260220P00082500,82.5,3.14,3.0,3.35,37.0,2754.0,0.9555668505859375,False,PUT,2026-02-20,CRWV
CRWV260220P00085000,85.0,3.79,3.6,4.0,187.0,4921.0,0.9360357958984374,False,PUT,2026-02-20,CRWV
CRWV260220P00086000,86.0,2.72,3.9,4.35,10.0,289.0,0.9345709667968749,False,PUT,2026-02-20,CRWV
CRWV260220P00087000,87.0,3.0,4.2,4.7,22.0,31.0,0.9309088940429688,False,PUT,2026-02-20,CRWV
CRWV260220P00087500,87.5,4.45,4.35,4.85,26.0,1768.0,0.9267585449218749,False,PUT,2026-02-20,CRWV
CRWV260220P00088000,88.0,4.7,4.55,5.0,27.0,475.0,0.9252937158203125,False,PUT,2026-02-20,CRWV
CRWV260220P00089000,89.0,4.63,4.85,5.3,11.0,364.0,0.9147957739257813,False,PUT,2026-02-20,CRWV
CRWV260220P00090000,90.0,5.47,5.25,5.7,157.0,3857.0,0.9143074975585939,False,PUT,2026-02-20,CRWV
CRWV260220P00091000,91.0,5.5,5.6,6.1,1.0,42.0,0.9086923193359374,False,PUT,2026-02-20,CRWV
CRWV260220P00092000,92.0,5.49,6.0,6.6,5.0,180.0,0.9094247338867187,False,PUT,2026-02-20,CRWV
CRWV260220P00092500,92.5,5.35,6.15,6.75,4.0,310.0,0.9008798974609374,False,PUT,2026-02-20,CRWV
CRWV260220P00093000,93.0,6.0,6.4,6.95,1.0,294.0,0.9001474829101561,False,PUT,2026-02-20,CRWV
CRWV260220P00094000,94.0,6.83,6.8,7.35,22.0,91.0,0.8916026464843749,False,PUT,2026-02-20,CRWV
CRWV260220P00095000,95.0,7.4,7.35,7.8,194.0,3110.0,0.8919688537597656,False,PUT,2026-02-20,CRWV
CRWV260220P00096000,96.0,7.01,7.8,8.3,3.0,244.0,0.8876964355468748,False,PUT,2026-02-20,CRWV
CRWV260220P00097000,97.0,8.33,8.35,8.85,6.0,41.0,0.8894054028320311,False,PUT,2026-02-20,CRWV
CRWV260220P00097500,97.5,8.8,8.55,8.85,41.0,182.0,0.8713391772460937,True,PUT,2026-02-20,CRWV
CRWV260220P00098000,98.0,9.15,8.9,9.85,83.0,128.0,0.9122323229980469,True,PUT,2026-02-20,CRWV
CRWV260220P00099000,99.0,9.32,9.4,9.9,13.0,25.0,0.8818371191406249,True,PUT,2026-02-20,CRWV
CRWV260220P00100000,100.0,10.1,9.95,10.45,926.0,3614.0,0.8778088391113281,True,PUT,2026-02-20,CRWV
CRWV260220P00102000,102.0,10.97,11.0,11.65,31.0,53.0,0.8669446899414062,True,PUT,2026-02-20,CRWV
CRWV260220P00104000,104.0,11.5,12.1,13.0,3.0,241.0,0.85937640625,True,PUT,2026-02-20,CRWV
CRWV260220P00105000,105.0,12.69,12.7,13.5,856.0,1733.0,0.8461929443359374,True,PUT,2026-02-20,CRWV
CRWV260220P00106000,106.0,12.36,13.35,14.3,7.0,252.0,0.8498550170898438,True,PUT,2026-02-20,CRWV
CRWV260220P00108000,108.0,13.7,14.7,15.65,38.0,55.0,0.8411881115722657,True,PUT,2026-02-20,CRWV
CRWV260220P00109000,109.0,14.26,15.3,16.2,1.0,62.0,0.8227556787109375,True,PUT,2026-02-20,CRWV
CRWV260220P00110000,110.0,15.1,16.1,17.05,75.0,2291.0,0.831056376953125,True,PUT,2026-02-20,CRWV
CRWV260220P00115000,115.0,18.64,18.8,20.75,1.0,592.0,0.7260769580078125,True,PUT,2026-02-20,CRWV
CRWV260220P00120000,120.0,22.91,23.2,24.9,3.0,709.0,0.709963837890625,True,PUT,2026-02-20,CRWV
CRWV260220P00125000,125.0,26.15,27.6,29.2,1.0,735.0,0.6435582519531251,True,PUT,2026-02-20,CRWV
CRWV260227C00068000,68.0,25.43,30.9,33.75,,1.0,1.3938018591308592,True,CALL,2026-02-27,CRWV
CRWV260227C00070000,70.0,38.78,29.35,31.2,2.0,6.0,1.3068882312011714,True,CALL,2026-02-27,CRWV
CRWV260227C00071000,71.0,26.95,28.4,31.3,1.0,1.0,1.355227833251953,True,CALL,2026-02-27,CRWV
CRWV260227C00072000,72.0,32.64,27.6,30.35,1.0,5.0,1.333255286865234,True,CALL,2026-02-27,CRWV
CRWV260227C00073000,73.0,18.9,26.35,29.65,,373.0,1.2968785156249998,True,CALL,2026-02-27,CRWV
CRWV260227C00074000,74.0,20.7,26.1,28.8,2.0,46.0,1.3190952014160153,True,CALL,2026-02-27,CRWV
CRWV260227C00075000,75.0,31.39,25.2,28.0,2.0,172.0,1.298587491455078,True,CALL,2026-02-27,CRWV
CRWV260227C00076000,76.0,26.13,24.4,27.25,13.0,44.0,1.2873570788574216,True,CALL,2026-02-27,CRWV
CRWV260227C00077000,77.0,25.33,23.6,26.5,26.0,264.0,1.275150108642578,True,CALL,2026-02-27,CRWV
CRWV260227C00078000,78.0,24.49,22.85,25.75,13.0,8.0,1.2648962536621093,True,CALL,2026-02-27,CRWV
CRWV260227C00079000,79.0,23.16,22.05,23.95,3.0,13.0,1.1875040625,True,CALL,2026-02-27,CRWV
CRWV260227C00080000,80.0,22.46,21.35,23.25,10.0,287.0,1.1828654138183592,True,CALL,2026-02-27,CRWV
CRWV260227C00081000,81.0,21.47,20.65,22.75,4.0,13.0,1.1884806201171876,True,CALL,2026-02-27,CRWV
CRWV260227C00082000,82.0,20.48,19.4,21.95,5.0,13.0,1.1444134576416014,True,CALL,2026-02-27,CRWV
CRWV260227C00083000,83.0,20.27,19.35,21.3,3.0,50.0,1.175297092285156,True,CALL,2026-02-27,CRWV
CRWV260227C00084000,84.0,20.53,18.7,20.35,2.0,381.0,1.1547893823242186,True,CALL,2026-02-27,CRWV
CRWV260227C00085000,85.0,19.75,18.1,19.3,2.0,207.0,1.1308637207031251,True,CALL,2026-02-27,CRWV
CRWV260227C00086000,86.0,19.17,17.55,18.65,2.0,82.0,1.1298871630859377,True,CALL,2026-02-27,CRWV
CRWV260227C00087000,87.0,17.6,16.85,18.55,4.0,115.0,1.147953479003906,True,CALL,2026-02-27,CRWV
CRWV260227C00088000,88.0,16.94,16.3,17.7,3.0,115.0,1.1337933935546878,True,CALL,2026-02-27,CRWV
CRWV260227C00089000,89.0,16.34,15.5,17.15,7.0,74.0,1.121342283935547,True,CALL,2026-02-27,CRWV
CRWV260227C00090000,90.0,15.74,15.0,16.35,23.0,283.0,1.1101118713378906,True,CALL,2026-02-27,CRWV
CRWV260227C00091000,91.0,15.15,14.45,15.85,7.0,56.0,1.1101118713378906,True,CALL,2026-02-27,CRWV
CRWV260227C00092000,92.0,14.49,14.1,14.9,35.0,96.0,1.096806273803711,True,CALL,2026-02-27,CRWV
CRWV260227C00093000,93.0,14.05,13.3,14.8,14.0,130.0,1.1013228527832033,True,CALL,2026-02-27,CRWV
CRWV260227C00094000,94.0,13.57,13.0,14.15,10.0,88.0,1.1021773406982425,True,CALL,2026-02-27,CRWV
CRWV260227C00095000,95.0,13.23,12.3,13.35,39.0,209.0,1.076420633544922,True,CALL,2026-02-27,CRWV
CRWV260227C00096000,96.0,13.45,12.0,13.05,14.0,34.0,1.0909469281005861,True,CALL,2026-02-27,CRWV
CRWV260227C00097000,97.0,12.82,11.3,13.4,28.0,48.0,1.11560500793457,True,CALL,2026-02-27,CRWV
CRWV260227C00098000,98.0,11.4,10.9,12.1,28.0,67.0,1.077519260864258,False,CALL,2026-02-27,CRWV
CRWV260227C00099000,99.0,11.1,10.6,11.45,35.0,39.0,1.072514403076172,False,CALL,2026-02-27,CRWV
CRWV260227C00100000,100.0,10.72,10.05,11.1,56.0,906.0,1.068608172607422,False,CALL,2026-02-27,CRWV
CRWV260227C00101000,101.0,11.33,9.75,10.9,21.0,52.0,1.0816696307373046,False,CALL,2026-02-27,CRWV
CRWV260227C00105000,105.0,8.5,8.15,8.55,184.0,685.0,1.034794865112305,False,CALL,2026-02-27,CRWV
CRWV260227C00110000,110.0,6.89,6.4,7.0,1384.0,1313.0,1.0260058465576172,False,CALL,2026-02-27,CRWV
CRWV260227C00115000,115.0,5.42,5.1,5.6,790.0,1769.0,1.0202685705566408,False,CALL,2026-02-27,CRWV
CRWV260227C00120000,120.0,4.75,4.2,4.2,97.0,478.0,1.0107471337890623,False,CALL,2026-02-27,CRWV
CRWV260227C00125000,125.0,3.25,2.95,3.45,54.0,1278.0,0.9938965454101563,False,CALL,2026-02-27,CRWV
CRWV260227P00068000,68.0,1.4,1.04,1.72,1.0,137.0,1.0424852563476565,False,PUT,2026-02-27,CRWV
CRWV260227P00069000,69.0,1.33,1.34,2.18,25.0,35.0,1.087895185546875,False,PUT,2026-02-27,CRWV
CRWV260227P00070000,70.0,1.78,1.52,2.21,44.0,322.0,1.0737351000976565,False,PUT,2026-02-27,CRWV
CRWV260227P00071000,71.0,1.61,1.59,2.21,29.0,41.0,1.0461473474121097,False,PUT,2026-02-27,CRWV
CRWV260227P00072000,72.0,1.71,1.61,2.44,23.0,33.0,1.0344286560058595,False,PUT,2026-02-27,CRWV
CRWV260227P00073000,73.0,1.69,1.59,2.63,1.0,66.0,1.0146533642578124,False,PUT,2026-02-27,CRWV
CRWV260227P00074000,74.0,2.0,1.66,2.96,2.0,124.0,1.0131885278320314,False,PUT,2026-02-27,CRWV
CRWV260227P00075000,75.0,2.44,2.45,2.9,513.0,332.0,1.0351610742187503,False,PUT,2026-02-27,CRWV
CRWV260227P00076000,76.0,2.09,1.83,3.45,14.0,27.0,0.9943848217773439,False,PUT,2026-02-27,CRWV
CRWV260227P00077000,77.0,2.0,2.55,3.25,3.0,30.0,0.9965820654296875,False,PUT,2026-02-27,CRWV
CRWV260227P00078000,78.0,2.96,2.75,3.5,3.0,42.0,0.9916993017578125,False,PUT,2026-02-27,CRWV
CRWV260227P00079000,79.0,3.29,2.85,3.8,3.0,76.0,0.9821779125976562,False,PUT,2026-02-27,CRWV
CRWV260227P00080000,80.0,3.64,3.5,3.85,36.0,734.0,0.9904786108398438,False,PUT,2026-02-27,CRWV
CRWV260227P00081000,81.0,3.97,3.8,4.25,5.0,15.0,0.9960937890625,False,PUT,2026-02-27,CRWV
CRWV260227P00082000,82.0,3.27,3.9,4.6,2.0,22.0,0.9851075708007813,False,PUT,2026-02-27,CRWV
CRWV260227P00083000,83.0,4.1,4.45,4.9,4.0,48.0,0.9956055126953125,False,PUT,2026-02-27,CRWV
CRWV260227P00084000,84.0,4.6,2.78,5.2,5.0,110.0,0.8786633227539062,False,PUT,2026-02-27,CRWV
CRWV260227P00085000,85.0,5.3,5.1,5.5,32.0,288.0,0.9855958471679689,False,PUT,2026-02-27,CRWV
CRWV260227P00086000,86.0,5.15,5.25,6.4,2.0,52.0,1.0011036273193359,False,PUT,2026-02-27,CRWV
CRWV260227P00087000,87.0,4.52,5.45,6.5,11.0,37.0,0.9753420434570312,False,PUT,2026-02-27,CRWV
CRWV260227P00088000,88.0,6.11,4.9,6.75,3.0,75.0,0.9184578466796876,False,PUT,2026-02-27,CRWV
CRWV260227P00089000,89.0,6.55,6.4,7.05,5.0,60.0,0.9670413452148439,False,PUT,2026-02-27,CRWV
CRWV260227P00090000,90.0,7.05,6.75,7.5,26.0,386.0,0.9631351342773438,False,PUT,2026-02-27,CRWV
CRWV260227P00091000,91.0,6.6,7.35,7.9,5.0,34.0,0.9675296215820313,False,PUT,2026-02-27,CRWV
CRWV260227P00092000,92.0,6.25,7.25,8.5,1.0,34.0,0.9465337377929688,False,PUT,2026-02-27,CRWV
CRWV260227P00093000,93.0,8.35,8.1,8.9,3.0,57.0,0.9599613378906249,False,PUT,2026-02-27,CRWV
CRWV260227P00094000,94.0,8.83,8.5,9.3,4.0,44.0,0.9504399487304687,False,PUT,2026-02-27,CRWV
CRWV260227P00095000,95.0,9.3,9.25,9.75,27.0,302.0,0.9582523706054686,False,PUT,2026-02-27,CRWV
CRWV260227P00096000,96.0,7.95,8.35,10.55,3.0,19.0,0.9051523156738281,False,PUT,2026-02-27,CRWV
CRWV260227P00097000,97.0,10.21,10.1,10.8,14.0,34.0,0.9466558068847657,False,PUT,2026-02-27,CRWV
CRWV260227P00098000,98.0,9.8,10.35,11.3,3.0,50.0,0.9299323413085938,True,PUT,2026-02-27,CRWV
CRWV260227P00099000,99.0,10.1,10.95,11.9,7.0,42.0,0.9321295849609376,True,PUT,2026-02-27,CRWV
CRWV260227P00100000,100.0,11.8,11.4,12.4,26.0,126.0,0.9217537121582031,True,PUT,2026-02-27,CRWV
CRWV260227P00101000,101.0,12.05,12.25,13.05,4.0,23.0,0.9349371740722656,True,PUT,2026-02-27,CRWV
CRWV260227P00105000,105.0,15.0,14.7,15.6,15.0,129.0,0.9298102722167969,True,PUT,2026-02-27,CRWV
CRWV260227P00110000,110.0,18.12,17.7,19.0,38.0,116.0,0.9025888647460938,True,PUT,2026-02-27,CRWV
CRWV260227P00115000,115.0,21.59,20.95,22.5,1.0,34.0,0.8591322680664062,True,PUT,2026-02-27,CRWV
CRWV260227P00120000,120.0,25.75,25.3,26.5,3.0,29.0,0.8707288317871094,True,PUT,2026-02-27,CRWV
CRWV260227P00125000,125.0,24.9,27.8,30.8,2.0,27.0,0.7436549072265625,True,PUT,2026-02-27,CRWV
CRWV260306C00070000,70.0,46.45,29.95,32.05,1.0,4.0,1.276859084472656,True,CALL,2026-03-06,CRWV
CRWV260306C00077000,77.0,24.71,24.55,27.35,,2.0,1.2485389135742184,True,CALL,2026-03-06,CRWV
CRWV260306C00081000,81.0,22.19,21.75,24.5,,1.0,1.2158242333984375,True,CALL,2026-03-06,CRWV
CRWV260306C00082000,82.0,22.16,20.55,23.4,1.0,4.0,1.1613811462402346,True,CALL,2026-03-06,CRWV
CRWV260306C00085000,85.0,24.95,18.85,20.25,25.0,27.0,1.0990035284423831,True,CALL,2026-03-06,CRWV
CRWV260306C00086000,86.0,27.55,18.5,20.0,5.0,2.0,1.1245160961914062,True,CALL,2026-03-06,CRWV
CRWV260306C00088000,88.0,24.25,17.15,19.7,2.0,16.0,1.1491741760253906,True,CALL,2026-03-06,CRWV
CRWV260306C00089000,89.0,19.0,16.6,19.1,1.0,8.0,1.1450238061523437,True,CALL,2026-03-06,CRWV
CRWV260306C00090000,90.0,19.05,15.2,17.35,2.0,19.0,1.0522508325195314,True,CALL,2026-03-06,CRWV
CRWV260306C00093000,93.0,16.35,14.2,17.15,1.0,14.0,1.129398884277344,True,CALL,2026-03-06,CRWV
CRWV260306C00094000,94.0,14.99,13.65,16.6,1.0,18.0,1.1225629809570314,True,CALL,2026-03-06,CRWV
CRWV260306C00095000,95.0,17.8,13.35,14.7,5.0,17.0,1.0690964514160157,True,CALL,2026-03-06,CRWV
CRWV260306C00096000,96.0,14.84,12.95,14.25,3.0,7.0,1.0712937060546879,True,CALL,2026-03-06,CRWV
CRWV260306C00097000,97.0,13.35,12.4,14.1,60.0,8.0,1.0786178881835937,True,CALL,2026-03-06,CRWV
CRWV260306C00098000,98.0,13.0,12.0,13.55,23.0,5.0,1.0745895880126957,False,CALL,2026-03-06,CRWV
CRWV260306C00099000,99.0,12.55,11.65,12.85,13.0,25.0,1.0656784997558595,False,CALL,2026-03-06,CRWV
CRWV260306C00100000,100.0,12.3,11.3,12.3,68.0,69.0,1.061894338989258,False,CALL,2026-03-06,CRWV
CRWV260306C00101000,101.0,12.75,10.25,12.55,20.0,28.0,1.0612839904785156,False,CALL,2026-03-06,CRWV
CRWV260306C00105000,105.0,9.05,9.15,10.2,70.0,116.0,1.039799722900391,False,CALL,2026-03-06,CRWV
CRWV260306C00110000,110.0,7.85,7.35,8.25,109.0,254.0,1.0159961309814454,False,CALL,2026-03-06,CRWV
CRWV260306C00115000,115.0,7.15,6.1,7.2,4.0,87.0,1.0325976104736332,False,CALL,2026-03-06,CRWV
CRWV260306C00120000,120.0,5.8,4.9,6.15,16.0,327.0,1.0339403771972657,False,CALL,2026-03-06,CRWV
CRWV260306C00125000,125.0,4.5,3.9,5.1,57.0,38.0,1.027592752685547,False,CALL,2026-03-06,CRWV
CRWV260306P00070000,70.0,1.43,1.65,2.88,21.0,75.0,1.0324755407714847,False,PUT,2026-03-06,CRWV
CRWV260306P00075000,75.0,3.42,3.15,3.65,6.0,110.0,1.0273486132812502,False,PUT,2026-03-06,CRWV
CRWV260306P00077000,77.0,3.4,3.0,4.3,2.0,11.0,0.99023447265625,False,PUT,2026-03-06,CRWV
CRWV260306P00078000,78.0,3.26,3.1,4.6,3.0,13.0,0.9799806689453125,False,PUT,2026-03-06,CRWV
CRWV260306P00080000,80.0,4.44,3.9,5.15,11.0,58.0,0.9865723999023439,False,PUT,2026-03-06,CRWV
CRWV260306P00082000,82.0,4.97,3.75,5.55,6.0,7.0,0.9291999267578125,False,PUT,2026-03-06,CRWV
CRWV260306P00085000,85.0,6.25,6.1,6.55,15.0,47.0,0.9868165380859376,False,PUT,2026-03-06,CRWV
CRWV260306P00087000,87.0,6.52,5.65,7.5,1.0,1.0,0.9340826904296875,False,PUT,2026-03-06,CRWV
CRWV260306P00088000,88.0,6.55,6.6,8.1,1.0,2.0,0.9663089306640625,False,PUT,2026-03-06,CRWV
CRWV260306P00089000,89.0,7.6,7.05,8.4,5.0,8.0,0.9602054760742187,False,PUT,2026-03-06,CRWV
CRWV260306P00090000,90.0,8.0,7.15,8.0,9.0,120.0,0.9069833520507812,False,PUT,2026-03-06,CRWV
CRWV260306P00092000,92.0,7.4,7.45,9.8,1.0,3.0,0.9166268103027344,False,PUT,2026-03-06,CRWV
CRWV260306P00095000,95.0,10.35,9.7,11.1,34.0,9.0,0.9377447631835938,False,PUT,2026-03-06,CRWV
CRWV260320C00070000,70.0,32.0,31.35,34.0,61.0,7274.0,1.2716100872802731,True,CALL,2026-03-20,CRWV
CRWV260320C00072500,72.5,32.18,28.95,31.25,3.0,358.0,1.1785929742431638,True,CALL,2026-03-20,CRWV
CRWV260320C00075000,75.0,31.43,27.65,28.5,3.0,4815.0,1.1417279241943359,True,CALL,2026-03-20,CRWV
CRWV260320C00077500,77.5,27.83,25.9,26.65,46.0,574.0,1.1229291900634766,True,CALL,2026-03-20,CRWV
CRWV260320C00080000,80.0,24.76,24.2,24.85,75.0,13615.0,1.1042525256347657,True,CALL,2026-03-20,CRWV
CRWV260320C00082500,82.5,24.82,22.5,23.9,5.0,616.0,1.1162153564453123,True,CALL,2026-03-20,CRWV
CRWV260320C00085000,85.0,23.15,20.75,22.4,33.0,4225.0,1.097904901123047,True,CALL,2026-03-20,CRWV
CRWV260320C00087500,87.5,22.15,19.55,20.5,16.0,988.0,1.081181351928711,True,CALL,2026-03-20,CRWV
CRWV260320C00090000,90.0,18.92,18.3,18.9,224.0,4600.0,1.0695847302246095,True,CALL,2026-03-20,CRWV
CRWV260320C00092500,92.5,17.48,17.0,17.6,10.0,1070.0,1.0626267572021486,True,CALL,2026-03-20,CRWV
CRWV260320C00095000,95.0,16.1,15.8,16.25,33.0,6581.0,1.0529832507324217,True,CALL,2026-03-20,CRWV
CRWV260320C00097500,97.5,15.0,14.55,15.3,36.0,385.0,1.0511522052001954,False,CALL,2026-03-20,CRWV
CRWV260320C00100000,100.0,13.81,13.6,13.75,643.0,104811.0,1.0346727954101564,False,CALL,2026-03-20,CRWV
CRWV260320C00105000,105.0,12.15,11.5,11.95,160.0,3382.0,1.0274706829833986,False,CALL,2026-03-20,CRWV
CRWV260320C00110000,110.0,10.18,9.75,10.1,792.0,5653.0,1.0146533642578124,False,CALL,2026-03-20,CRWV
CRWV260320C00115000,115.0,8.6,8.25,8.65,420.0,4196.0,1.0098926458740234,False,CALL,2026-03-20,CRWV
CRWV260320C00120000,120.0,7.1,7.0,7.4,1106.0,5990.0,1.0074512518310546,False,CALL,2026-03-20,CRWV
CRWV260320C00125000,125.0,6.1,5.85,6.2,252.0,10542.0,0.9978027563476561,False,CALL,2026-03-20,CRWV
CRWV260320P00070000,70.0,3.25,3.15,3.5,147.0,12437.0,1.0139209460449217,False,PUT,2026-03-20,CRWV
CRWV260320P00072500,72.5,4.0,3.75,4.0,16.0,2977.0,1.0012256970214843,False,PUT,2026-03-20,CRWV
CRWV260320P00075000,75.0,4.54,4.4,4.8,97.0,5546.0,1.0007374182128905,False,PUT,2026-03-20,CRWV
CRWV260320P00077500,77.5,5.35,5.2,5.55,199.0,2276.0,0.9975586181640624,False,PUT,2026-03-20,CRWV
CRWV260320P00080000,80.0,6.1,5.95,6.35,77.0,8659.0,0.9876710217285156,False,PUT,2026-03-20,CRWV
CRWV260320P00082500,82.5,7.0,6.85,7.3,6.0,640.0,0.9848634326171876,False,PUT,2026-03-20,CRWV
CRWV260320P00085000,85.0,7.97,7.75,8.2,51.0,1562.0,0.9738772143554688,False,PUT,2026-03-20,CRWV
CRWV260320P00087500,87.5,8.3,8.75,9.2,9.0,555.0,0.9655765161132812,False,PUT,2026-03-20,CRWV
CRWV260320P00090000,90.0,9.92,9.9,10.35,216.0,6759.0,0.9631351342773438,False,PUT,2026-03-20,CRWV
CRWV260320P00092500,92.5,10.35,11.0,11.45,9.0,760.0,0.9515385705566406,False,PUT,2026-03-20,CRWV
CRWV260320P00095000,95.0,12.47,12.25,12.7,83.0,3580.0,0.9459233923339843,False,PUT,2026-03-20,CRWV
CRWV260320P00097500,97.5,13.63,13.55,14.05,31.0,414.0,0.940430283203125,True,PUT,2026-03-20,CRWV
CRWV260320P00100000,100.0,14.9,14.85,15.6,1153.0,11844.0,0.9371344177246093,True,PUT,2026-03-20,CRWV
CRWV260320P00105000,105.0,17.2,17.85,18.5,105.0,933.0,0.9234626794433594,True,PUT,2026-03-20,CRWV
CRWV260320P00110000,110.0,19.9,21.15,21.9,51.0,6531.0,0.91992267578125,True,PUT,2026-03-20,CRWV
CRWV260320P00115000,115.0,23.5,24.65,25.25,2.0,703.0,0.9049081774902343,True,PUT,2026-03-20,CRWV
CRWV260320P00120000,120.0,27.66,28.05,29.05,15.0,2348.0,0.8862316064453124,True,PUT,2026-03-20,CRWV
CRWV260320P00125000,125.0,27.89,31.95,33.0,30.0,1120.0,0.87695435546875,True,PUT,2026-03-20,CRWV
CRWV260417C00070000,70.0,33.5,32.9,34.85,14.0,1351.0,1.1220747021484376,True,CALL,2026-04-17,CRWV
CRWV260417C00072500,72.5,39.19,31.25,33.1,4.0,151.0,1.1123091259765625,True,CALL,2026-04-17,CRWV
CRWV260417C00075000,75.0,29.75,29.65,31.85,16.0,744.0,1.119145029296875,True,CALL,2026-04-17,CRWV
CRWV260417C00077500,77.5,37.75,27.9,29.75,1.0,104.0,1.0855758612060546,True,CALL,2026-04-17,CRWV
CRWV260417C00080000,80.0,28.38,26.3,28.0,42.0,1213.0,1.0676316149902347,True,CALL,2026-04-17,CRWV
CRWV260417C00082500,82.5,26.31,24.85,27.35,10.0,117.0,1.0877731158447266,True,CALL,2026-04-17,CRWV
CRWV260417C00085000,85.0,25.27,23.3,24.9,4.0,517.0,1.0427293957519534,True,CALL,2026-04-17,CRWV
CRWV260417C00087500,87.5,30.0,22.05,23.4,3.0,327.0,1.0350390045166018,True,CALL,2026-04-17,CRWV
CRWV260417C00090000,90.0,21.5,20.85,21.45,45.0,1393.0,1.0122119702148438,True,CALL,2026-04-17,CRWV
CRWV260417C00092500,92.5,21.5,19.6,20.7,8.0,309.0,1.0207568493652346,True,CALL,2026-04-17,CRWV
CRWV260417C00095000,95.0,19.25,18.5,19.2,24.0,423.0,1.0084278094482422,True,CALL,2026-04-17,CRWV
CRWV260417C00097500,97.5,17.97,17.3,18.5,22.0,567.0,1.0133105975341798,False,CALL,2026-04-17,CRWV
CRWV260417C00100000,100.0,16.6,16.3,16.65,256.0,2268.0,0.9882813671875,False,CALL,2026-04-17,CRWV
CRWV260417C00105000,105.0,14.5,14.3,14.85,197.0,788.0,0.9837648107910157,False,CALL,2026-04-17,CRWV
CRWV260417C00110000,110.0,13.1,12.55,13.15,167.0,3457.0,0.9783937707519532,False,CALL,2026-04-17,CRWV
CRWV260417C00115000,115.0,11.35,11.0,11.5,1443.0,1233.0,0.9701541070556641,False,CALL,2026-04-17,CRWV
CRWV260417C00120000,120.0,10.01,9.6,10.4,62.0,2229.0,0.9725344543457031,False,CALL,2026-04-17,CRWV
CRWV260417C00125000,125.0,9.2,8.35,9.45,44.0,1313.0,0.9752199743652343,False,CALL,2026-04-17,CRWV
CRWV260417P00070000,70.0,4.55,4.4,5.1,5.0,10887.0,0.9455571850585938,False,PUT,2026-04-17,CRWV
CRWV260417P00072500,72.5,4.95,5.2,5.8,3.0,238.0,0.9426275268554687,False,PUT,2026-04-17,CRWV
CRWV260417P00075000,75.0,6.15,6.1,6.6,20.0,3999.0,0.9421392504882812,False,PUT,2026-04-17,CRWV
CRWV260417P00077500,77.5,6.82,6.85,7.4,5.0,1433.0,0.9311530322265625,False,PUT,2026-04-17,CRWV
CRWV260417P00080000,80.0,7.5,7.8,8.35,11.0,8572.0,0.9285895812988281,False,PUT,2026-04-17,CRWV
CRWV260417P00082500,82.5,8.35,8.9,9.35,5.0,1205.0,0.9281013049316407,False,PUT,2026-04-17,CRWV
CRWV260417P00085000,85.0,9.15,9.9,10.35,13.0,483.0,0.9201668139648438,False,PUT,2026-04-17,CRWV
CRWV260417P00087500,87.5,10.5,11.05,11.45,8.0,733.0,0.9162606030273439,False,PUT,2026-04-17,CRWV
CRWV260417P00090000,90.0,12.25,12.2,12.6,41.0,2071.0,0.910035079345703,False,PUT,2026-04-17,CRWV
CRWV260417P00092500,92.5,12.53,13.35,13.9,7.0,1506.0,0.9047861083984375,False,PUT,2026-04-17,CRWV
CRWV260417P00095000,95.0,15.0,14.5,15.2,30.0,2171.0,0.8959971337890623,False,PUT,2026-04-17,CRWV
CRWV260417P00097500,97.5,15.35,15.8,16.55,34.0,299.0,0.8896495410156249,True,PUT,2026-04-17,CRWV
CRWV260417P00100000,100.0,16.4,17.3,18.15,755.0,1810.0,0.8927012683105469,True,PUT,2026-04-17,CRWV
CRWV260417P00105000,105.0,19.6,20.3,20.95,71.0,1441.0,0.8780529772949219,True,PUT,2026-04-17,CRWV
CRWV260417P00110000,110.0,22.55,23.5,24.25,8.0,737.0,0.8710950390625,True,PUT,2026-04-17,CRWV
CRWV260417P00115000,115.0,25.55,26.75,27.75,2.0,239.0,0.8598646826171875,True,PUT,2026-04-17,CRWV
CRWV260417P00120000,120.0,28.5,30.5,31.45,3.0,842.0,0.8580336462402343,True,PUT,2026-04-17,CRWV
CRWV260417P00125000,125.0,32.7,32.6,35.15,2.0,693.0,0.7952901330566406,True,PUT,2026-04-17,CRWV
CRWV260515C00070000,70.0,45.45,35.35,36.95,4.0,657.0,1.1214643536376954,True,CALL,2026-05-15,CRWV
CRWV260515C00072500,72.5,44.5,33.5,35.85,2.0,233.0,1.119999517211914,True,CALL,2026-05-15,CRWV
CRWV260515C00075000,75.0,36.51,32.0,33.7,1.0,1078.0,1.0935103918457032,True,CALL,2026-05-15,CRWV
CRWV260515C00077500,77.5,37.4,30.5,32.6,9.0,257.0,1.0971724829101563,True,CALL,2026-05-15,CRWV
CRWV260515C00080000,80.0,34.39,29.05,30.65,7.0,843.0,1.0742233789062503,True,CALL,2026-05-15,CRWV
CRWV260515C00082500,82.5,29.45,27.45,30.3,42.0,118.0,1.0904586492919923,True,CALL,2026-05-15,CRWV
CRWV260515C00085000,85.0,27.15,26.25,27.85,4.0,208.0,1.056645341796875,True,CALL,2026-05-15,CRWV
CRWV260515C00087500,87.5,29.45,25.2,26.55,3.0,266.0,1.0564012023925784,True,CALL,2026-05-15,CRWV
CRWV260515C00090000,90.0,29.0,23.9,25.3,2.0,943.0,1.0483446020507814,True,CALL,2026-05-15,CRWV
CRWV260515C00092500,92.5,30.61,22.95,24.1,1.0,93.0,1.0484666717529298,True,CALL,2026-05-15,CRWV
CRWV260515C00095000,95.0,22.73,21.75,22.8,8.0,347.0,1.037358328857422,True,CALL,2026-05-15,CRWV
CRWV260515C00097500,97.5,22.07,20.65,21.75,4.0,191.0,1.0330858892822268,False,CALL,2026-05-15,CRWV
CRWV260515C00100000,100.0,20.09,19.65,20.45,28.0,2442.0,1.0230151388549804,False,CALL,2026-05-15,CRWV
CRWV260515C00105000,105.0,18.4,17.7,18.35,52.0,305.0,1.0106860989379882,False,CALL,2026-05-15,CRWV
CRWV260515C00110000,110.0,16.37,15.95,16.8,187.0,820.0,1.008916088256836,False,CALL,2026-05-15,CRWV
CRWV260515C00115000,115.0,14.5,14.35,14.9,25.0,1067.0,0.9954224090576171,False,CALL,2026-05-15,CRWV
CRWV260515C00120000,120.0,13.44,12.9,13.7,36.0,1030.0,0.9957275817871094,False,CALL,2026-05-15,CRWV
CRWV260515C00125000,125.0,11.95,11.6,12.45,29.0,430.0,0.9924317163085938,False,CALL,2026-05-15,CRWV
CRWV260515P00070000,70.0,6.65,6.55,7.1,10.0,2195.0,0.963867548828125,False,PUT,2026-05-15,CRWV
CRWV260515P00072500,72.5,6.96,7.65,7.95,7.0,328.0,0.9671634143066408,False,PUT,2026-05-15,CRWV
CRWV260515P00075000,75.0,8.25,8.45,8.85,4.0,5615.0,0.9582523706054686,False,PUT,2026-05-15,CRWV
CRWV260515P00077500,77.5,9.2,9.45,9.8,12.0,233.0,0.9538578833007811,False,PUT,2026-05-15,CRWV
CRWV260515P00080000,80.0,10.5,10.55,10.9,9.0,3638.0,0.9536137451171874,False,PUT,2026-05-15,CRWV
CRWV260515P00082500,82.5,10.9,11.55,11.95,36.0,62.0,0.9458013232421875,False,PUT,2026-05-15,CRWV
CRWV260515P00085000,85.0,12.25,12.65,13.1,41.0,1178.0,0.9406744213867188,False,PUT,2026-05-15,CRWV
CRWV260515P00087500,87.5,12.95,13.85,14.3,2.0,1518.0,0.9368902795410157,False,PUT,2026-05-15,CRWV
CRWV260515P00090000,90.0,14.55,15.05,15.5,90.0,1694.0,0.9302985485839843,False,PUT,2026-05-15,CRWV
CRWV260515P00092500,92.5,12.3,16.3,16.85,2.0,69.0,0.9262702685546875,False,PUT,2026-05-15,CRWV
CRWV260515P00095000,95.0,17.8,17.7,18.2,6.0,655.0,0.9235847485351563,False,PUT,2026-05-15,CRWV
CRWV260515P00097500,97.5,19.11,18.95,19.5,31.0,177.0,0.9134530139160157,True,PUT,2026-05-15,CRWV
CRWV260515P00100000,100.0,20.5,20.3,21.05,65.0,500.0,0.9096688720703124,True,PUT,2026-05-15,CRWV
CRWV260515P00105000,105.0,22.35,23.6,24.1,11.0,760.0,0.9085702502441406,True,PUT,2026-05-15,CRWV
CRWV260515P00110000,110.0,23.55,26.75,27.3,4.0,354.0,0.8990488610839842,True,PUT,2026-05-15,CRWV
CRWV260515P00115000,115.0,26.7,29.8,30.8,7.0,132.0,0.8864757446289062,True,PUT,2026-05-15,CRWV
CRWV260515P00120000,120.0,31.5,33.65,34.3,3.0,171.0,0.8856212609863281,True,PUT,2026-05-15,CRWV
CRWV260515P00125000,125.0,34.55,37.3,37.9,2.0,241.0,0.8754895263671875,True,PUT,2026-05-15,CRWV
CRWV260618C00070000,70.0,41.44,37.0,38.8,1.0,680.0,1.0795944458007813,True,CALL,2026-06-18,CRWV
CRWV260618C00072500,72.5,48.73,35.4,38.0,1.0,115.0,1.0893600219726562,True,CALL,2026-06-18,CRWV
CRWV260618C00075000,75.0,35.35,34.0,36.6,1.0,2364.0,1.0849044778442383,True,CALL,2026-06-18,CRWV
CRWV260618C00077500,77.5,35.0,32.55,34.3,2.0,144.0,1.0534715295410155,True,CALL,2026-06-18,CRWV
CRWV260618C00080000,80.0,32.0,31.1,32.45,10.0,868.0,1.03284174987793,True,CALL,2026-06-18,CRWV
CRWV260618C00082500,82.5,39.5,29.8,31.35,4.0,274.0,1.033146924133301,True,CALL,2026-06-18,CRWV
CRWV260618C00085000,85.0,30.1,28.55,29.8,2.0,1357.0,1.0216113372802735,True,CALL,2026-06-18,CRWV
CRWV260618C00087500,87.5,28.25,27.55,28.55,1.0,111.0,1.0213671978759766,True,CALL,2026-06-18,CRWV
CRWV260618C00090000,90.0,26.75,25.8,27.35,19.0,1544.0,1.003056742553711,True,CALL,2026-06-18,CRWV
CRWV260618C00092500,92.5,30.65,25.1,25.8,41.0,259.0,0.9992675854492188,True,CALL,2026-06-18,CRWV
CRWV260618C00095000,95.0,25.4,23.8,24.9,5.0,659.0,0.9947510290527344,True,CALL,2026-06-18,CRWV
CRWV260618C00097500,97.5,23.15,22.8,23.85,6.0,185.0,0.9919434399414062,False,CALL,2026-06-18,CRWV
CRWV260618C00100000,100.0,22.5,21.9,23.0,62.0,2865.0,0.9938965454101563,False,CALL,2026-06-18,CRWV
CRWV260618C00105000,105.0,20.64,20.1,20.75,843.0,9853.0,0.9813234289550781,False,CALL,2026-06-18,CRWV
CRWV260618C00110000,110.0,19.6,18.35,19.35,63.0,943.0,0.9820558435058593,False,CALL,2026-06-18,CRWV
CRWV260618C00115000,115.0,17.4,16.85,17.75,7.0,663.0,0.9783327362060548,False,CALL,2026-06-18,CRWV
CRWV260618C00120000,120.0,15.9,15.4,16.25,3521.0,1877.0,0.9727785925292969,False,CALL,2026-06-18,CRWV
CRWV260618C00125000,125.0,14.6,14.1,14.55,390.0,6628.0,0.9614261669921874,False,CALL,2026-06-18,CRWV
CRWV260618P00070000,70.0,8.1,7.75,8.55,178.0,5585.0,0.9201668139648438,False,PUT,2026-06-18,CRWV
CRWV260618P00072500,72.5,6.47,9.0,9.45,1.0,594.0,0.9244392321777344,False,PUT,2026-06-18,CRWV
CRWV260618P00075000,75.0,9.25,9.8,10.45,5.0,1442.0,0.9157112921142578,False,PUT,2026-06-18,CRWV
CRWV260618P00077500,77.5,9.6,10.9,11.5,7.0,860.0,0.9138192211914062,False,PUT,2026-06-18,CRWV
CRWV260618P00080000,80.0,12.01,12.1,12.55,9.0,6917.0,0.9117440466308593,False,PUT,2026-06-18,CRWV
CRWV260618P00082500,82.5,12.8,13.05,13.7,143.0,398.0,0.9034433483886719,False,PUT,2026-06-18,CRWV
CRWV260618P00085000,85.0,12.9,14.15,14.95,1.0,1337.0,0.8989878265380857,False,PUT,2026-06-18,CRWV
CRWV260618P00087500,87.5,15.5,15.45,16.15,4.0,1363.0,0.8958750646972655,False,PUT,2026-06-18,CRWV
CRWV260618P00090000,90.0,16.48,16.85,17.55,3503.0,3838.0,0.897339893798828,False,PUT,2026-06-18,CRWV
CRWV260618P00092500,92.5,17.62,18.0,18.75,3.0,481.0,0.8865978137207031,False,PUT,2026-06-18,CRWV
CRWV260618P00095000,95.0,19.3,19.4,20.15,34.0,424.0,0.8839122937011719,False,PUT,2026-06-18,CRWV
CRWV260618P00097500,97.5,20.21,20.95,21.6,5.0,131.0,0.883668155517578,True,PUT,2026-06-18,CRWV
CRWV260618P00100000,100.0,22.55,21.8,23.05,19.0,3451.0,0.8666395172119141,True,PUT,2026-06-18,CRWV
CRWV260618P00105000,105.0,24.9,25.5,26.3,4.0,457.0,0.8771984936523438,True,PUT,2026-06-18,CRWV
CRWV260618P00110000,110.0,26.8,27.75,29.4,7.0,923.0,0.8476577734374999,True,PUT,2026-06-18,CRWV
CRWV260618P00115000,115.0,27.7,32.0,32.95,53.0,381.0,0.8629164099121094,True,PUT,2026-06-18,CRWV
CRWV260618P00120000,120.0,36.0,35.6,36.35,3.0,8934.0,0.8558364025878906,True,PUT,2026-06-18,CRWV
CRWV260618P00125000,125.0,37.0,38.85,39.85,2.0,853.0,0.8380143151855468,True,PUT,2026-06-18,CRWV
CRWV260717C00070000,70.0,40.7,38.2,39.7,19.0,103.0,1.0388231652832034,True,CALL,2026-07-17,CRWV
CRWV260717C00072500,72.5,45.05,35.9,39.35,5.0,38.0,1.0390673046875003,True,CALL,2026-07-17,CRWV
CRWV260717C00075000,75.0,45.88,34.9,37.05,7.0,95.0,1.02112305847168,True,CALL,2026-07-17,CRWV
CRWV260717C00077500,77.5,40.3,33.65,36.35,4.0,138.0,1.0340624468994142,True,CALL,2026-07-17,CRWV
CRWV260717C00080000,80.0,34.63,32.5,34.3,16.0,250.0,1.015324747619629,True,CALL,2026-07-17,CRWV
CRWV260717C00082500,82.5,29.75,31.05,33.05,1.0,65.0,1.0068409033203123,True,CALL,2026-07-17,CRWV
CRWV260717C00085000,85.0,31.1,29.85,31.4,7.0,122.0,0.9935303381347658,True,CALL,2026-07-17,CRWV
CRWV260717C00087500,87.5,36.32,28.7,30.2,1.0,28.0,0.9897461962890625,True,CALL,2026-07-17,CRWV
CRWV260717C00090000,90.0,32.0,27.55,29.25,2.0,204.0,0.9896241271972657,True,CALL,2026-07-17,CRWV
CRWV260717C00092500,92.5,28.13,26.6,27.75,10.0,49.0,0.9806520489501953,True,CALL,2026-07-17,CRWV
CRWV260717C00095000,95.0,27.05,25.5,26.7,1.0,1080.0,0.9764406652832032,True,CALL,2026-07-17,CRWV
CRWV260717C00097500,97.5,26.15,24.35,25.65,3.0,72.0,0.9699099688720703,False,CALL,2026-07-17,CRWV
CRWV260717C00100000,100.0,25.23,23.7,24.6,23.0,337.0,0.9719241088867188,False,CALL,2026-07-17,CRWV
CRWV260717C00105000,105.0,22.44,22.0,22.7,8.0,196.0,0.9679568634033204,False,CALL,2026-07-17,CRWV
CRWV260717C00110000,110.0,20.4,19.9,21.15,21.0,133.0,0.9581913360595702,False,CALL,2026-07-17,CRWV
CRWV260717C00115000,115.0,19.02,18.35,19.5,88.0,546.0,0.9525151232910156,False,CALL,2026-07-17,CRWV
CRWV260717C00120000,120.0,17.9,16.9,18.1,3.0,455.0,0.9493413269042967,False,CALL,2026-07-17,CRWV
CRWV260717C00125000,125.0,19.2,15.5,16.75,38.0,103.0,0.9440313214111327,False,CALL,2026-07-17,CRWV
CRWV260717P00070000,70.0,8.69,8.55,9.6,2.0,2509.0,0.8881847119140623,False,PUT,2026-07-17,CRWV
CRWV260717P00072500,72.5,7.98,9.55,10.6,11.0,217.0,0.8858653991699219,False,PUT,2026-07-17,CRWV
CRWV260717P00075000,75.0,11.0,10.8,11.6,30.0,247.0,0.8872081591796874,False,PUT,2026-07-17,CRWV
CRWV260717P00077500,77.5,12.36,10.75,12.75,10.0,58.0,0.858399853515625,False,PUT,2026-07-17,CRWV
CRWV260717P00080000,80.0,12.71,11.45,13.8,1.0,364.0,0.8441177697753905,False,PUT,2026-07-17,CRWV
CRWV260717P00082500,82.5,15.4,12.35,15.0,2.0,8.0,0.8361222442626952,False,PUT,2026-07-17,CRWV
CRWV260717P00085000,85.0,15.22,14.6,16.25,1.0,153.0,0.8565688171386718,False,PUT,2026-07-17,CRWV
CRWV260717P00087500,87.5,16.48,16.05,17.5,1.0,22.0,0.8570570935058592,False,PUT,2026-07-17,CRWV
CRWV260717P00090000,90.0,17.85,17.95,18.85,2.0,432.0,0.8668226208496093,False,PUT,2026-07-17,CRWV
CRWV260717P00092500,92.5,18.85,18.55,20.2,2.0,4.0,0.8479629461669922,False,PUT,2026-07-17,CRWV
CRWV260717P00095000,95.0,19.55,19.75,21.65,2.0,80.0,0.8419205261230469,False,PUT,2026-07-17,CRWV
CRWV260717P00097500,97.5,19.94,21.1,23.05,17.0,22.0,0.8362443133544921,True,PUT,2026-07-17,CRWV
CRWV260717P00100000,100.0,23.15,23.65,24.5,21.0,229.0,0.8533950207519532,True,PUT,2026-07-17,CRWV
CRWV260717P00105000,105.0,26.98,26.6,27.6,46.0,87.0,0.8447891497802733,True,PUT,2026-07-17,CRWV
CRWV260717P00110000,110.0,29.2,29.5,30.9,2.0,68.0,0.8336198278808591,True,PUT,2026-07-17,CRWV
CRWV260717P00115000,115.0,29.8,32.4,34.35,3.0,248.0,0.8200091241455076,True,PUT,2026-07-17,CRWV
CRWV260717P00120000,120.0,33.9,35.6,37.8,2.0,99.0,0.8071308349609375,True,PUT,2026-07-17,CRWV
CRWV260717P00125000,125.0,34.3,39.2,41.5,2.0,52.0,0.8018818640136718,True,PUT,2026-07-17,CRWV
CRWV260821C00070000,70.0,49.5,39.95,41.75,10.0,52.0,1.0369921197509768,True,CALL,2026-08-21,CRWV
CRWV260821C00072500,72.5,36.9,38.45,41.3,2.0,12.0,1.0500535778808593,True,CALL,2026-08-21,CRWV
CRWV260821C00075000,75.0,41.4,37.15,39.9,2.0,52.0,1.0435838836669926,True,CALL,2026-08-21,CRWV
CRWV260821C00077500,77.5,38.8,35.7,37.85,3.0,30.0,1.0183764901733396,True,CALL,2026-08-21,CRWV
CRWV260821C00080000,80.0,44.6,34.45,36.45,1.0,79.0,1.0106860989379882,True,CALL,2026-08-21,CRWV
CRWV260821C00082500,82.5,36.57,33.35,35.9,3.0,41.0,1.0222827206420897,True,CALL,2026-08-21,CRWV
CRWV260821C00085000,85.0,38.65,32.0,34.15,4.0,198.0,1.0026294985961917,True,CALL,2026-08-21,CRWV
CRWV260821C00087500,87.5,34.82,31.0,33.15,5.0,63.0,1.0039112304687499,True,CALL,2026-08-21,CRWV
CRWV260821C00090000,90.0,32.15,29.85,31.55,50.0,372.0,0.9893189544677734,True,CALL,2026-08-21,CRWV
CRWV260821C00092500,92.5,34.6,28.7,31.1,2.0,19.0,0.995666547241211,True,CALL,2026-08-21,CRWV
CRWV260821C00095000,95.0,30.2,27.75,30.25,3.0,364.0,0.9967651690673829,True,CALL,2026-08-21,CRWV
CRWV260821C00097500,97.5,31.3,26.7,28.45,3.0,405.0,0.9772951489257813,False,CALL,2026-08-21,CRWV
CRWV260821C00100000,100.0,27.0,25.85,27.1,17.0,904.0,0.9689944506835937,False,CALL,2026-08-21,CRWV
CRWV260821C00105000,105.0,29.52,24.0,26.65,127.0,126.0,0.9869386071777344,False,CALL,2026-08-21,CRWV
CRWV260821C00110000,110.0,22.65,21.65,24.45,5.0,322.0,0.9606937524414061,False,CALL,2026-08-21,CRWV
CRWV260821C00115000,115.0,21.79,20.75,22.2,5.0,184.0,0.9556889196777343,False,CALL,2026-08-21,CRWV
CRWV260821C00120000,120.0,20.8,19.3,20.75,20.0,212.0,0.9515385705566406,False,CALL,2026-08-21,CRWV
CRWV260821C00125000,125.0,21.47,18.0,19.35,15.0,160.0,0.9476323596191407,False,CALL,2026-08-21,CRWV
CRWV260821P00070000,70.0,10.55,9.65,11.35,2.0,111.0,0.878358150024414,False,PUT,2026-08-21,CRWV
CRWV260821P00072500,72.5,9.46,11.05,12.4,2.0,267.0,0.883668155517578,False,PUT,2026-08-21,CRWV
CRWV260821P00075000,75.0,12.2,12.55,13.5,11.0,892.0,0.8896495410156249,False,PUT,2026-08-21,CRWV
CRWV260821P00077500,77.5,16.55,12.85,14.65,10.0,66.0,0.868165380859375,False,PUT,2026-08-21,CRWV
CRWV260821P00080000,80.0,14.45,14.25,15.8,3.0,277.0,0.8690808990478516,False,PUT,2026-08-21,CRWV
CRWV260821P00082500,82.5,16.95,15.4,17.0,2.0,48.0,0.8638929626464844,False,PUT,2026-08-21,CRWV
CRWV260821P00085000,85.0,17.35,16.85,18.3,2.0,441.0,0.8650526190185546,False,PUT,2026-08-21,CRWV
CRWV260821P00087500,87.5,15.45,17.9,19.6,1.0,56.0,0.8566908862304687,False,PUT,2026-08-21,CRWV
CRWV260821P00090000,90.0,19.5,19.15,20.9,2.0,138.0,0.8508315698242188,False,PUT,2026-08-21,CRWV
CRWV260821P00092500,92.5,18.95,20.05,22.35,2.0,87.0,0.8398453515625,False,PUT,2026-08-21,CRWV
CRWV260821P00095000,95.0,23.0,22.55,23.75,1.0,1412.0,0.8561415753173829,False,PUT,2026-08-21,CRWV
CRWV260821P00097500,97.5,23.8,23.95,25.2,2.0,68.0,0.8515029498291016,True,PUT,2026-08-21,CRWV
CRWV260821P00100000,100.0,25.67,24.65,26.8,44.0,284.0,0.835817071533203,True,PUT,2026-08-21,CRWV
CRWV260821P00105000,105.0,28.1,27.8,29.9,40.0,125.0,0.8305070660400391,True,PUT,2026-08-21,CRWV
CRWV260821P00110000,110.0,32.15,31.7,33.15,46.0,444.0,0.8361222442626952,True,PUT,2026-08-21,CRWV
CRWV260821P00115000,115.0,34.5,34.55,36.55,10.0,410.0,0.8217180914306641,True,PUT,2026-08-21,CRWV
CRWV260821P00120000,120.0,38.1,37.3,39.9,4.0,299.0,0.8007222076416016,True,PUT,2026-08-21,CRWV
CRWV260821P00125000,125.0,41.55,41.85,43.6,2.0,21.0,0.8130511859130858,True,PUT,2026-08-21,CRWV
CRWV260918C00070000,70.0,51.74,41.2,43.0,7.0,192.0,1.0286913800048831,True,CALL,2026-09-18,CRWV
CRWV260918C00072500,72.5,42.05,39.6,42.15,2.0,1295.0,1.0282641360473637,True,CALL,2026-09-18,CRWV
CRWV260918C00075000,75.0,43.8,38.35,39.7,2.0,874.0,0.9998779309082031,True,CALL,2026-09-18,CRWV
CRWV260918C00077500,77.5,39.4,36.8,39.1,2.0,236.0,1.003056742553711,True,CALL,2026-09-18,CRWV
CRWV260918C00080000,80.0,38.1,36.05,37.45,1.0,1141.0,0.9995117236328125,True,CALL,2026-09-18,CRWV
CRWV260918C00082500,82.5,44.33,34.85,37.1,25.0,900.0,1.0111133428955077,True,CALL,2026-09-18,CRWV
CRWV260918C00085000,85.0,35.75,33.45,35.15,3.0,203.0,0.9866944689941408,True,CALL,2026-09-18,CRWV
CRWV260918C00087500,87.5,33.45,32.3,33.85,58.0,68.0,0.978637908935547,True,CALL,2026-09-18,CRWV
CRWV260918C00090000,90.0,35.4,31.45,32.5,60.0,568.0,0.9742434216308593,True,CALL,2026-09-18,CRWV
CRWV260918C00092500,92.5,32.55,30.25,31.8,2.0,50.0,0.9740603179931642,True,CALL,2026-09-18,CRWV
CRWV260918C00095000,95.0,30.2,29.4,30.7,5.0,207.0,0.9718630743408203,True,CALL,2026-09-18,CRWV
CRWV260918C00097500,97.5,28.98,28.3,29.4,1.0,67.0,0.960815821533203,False,CALL,2026-09-18,CRWV
CRWV260918C00100000,100.0,29.0,27.5,28.6,118.0,1282.0,0.9627078924560546,False,CALL,2026-09-18,CRWV
CRWV260918C00105000,105.0,26.2,25.55,26.85,55.0,412.0,0.95507857421875,False,CALL,2026-09-18,CRWV
CRWV260918C00110000,110.0,24.48,23.9,24.95,13.0,437.0,0.9464727032470703,False,CALL,2026-09-18,CRWV
CRWV260918C00115000,115.0,23.0,22.5,23.5,5.0,493.0,0.9461675305175781,False,CALL,2026-09-18,CRWV
CRWV260918C00120000,120.0,22.1,20.8,22.05,5.0,958.0,0.9379278668212891,False,CALL,2026-09-18,CRWV
CRWV260918C00125000,125.0,20.29,19.8,20.65,6.0,565.0,0.9389654541015625,False,CALL,2026-09-18,CRWV
CRWV260918P00070000,70.0,11.5,11.55,12.25,1.0,2809.0,0.8872691937255859,False,PUT,2026-09-18,CRWV
CRWV260918P00072500,72.5,10.71,12.35,13.25,10.0,139.0,0.8756115954589843,False,PUT,2026-09-18,CRWV
CRWV260918P00075000,75.0,12.63,13.3,14.5,16.0,1771.0,0.8710950390625,False,PUT,2026-09-18,CRWV
CRWV260918P00077500,77.5,12.4,14.45,15.55,11.0,2106.0,0.8649915844726561,False,PUT,2026-09-18,CRWV
CRWV260918P00080000,80.0,15.0,15.1,16.8,10.0,488.0,0.8515029498291016,False,PUT,2026-09-18,CRWV
CRWV260918P00082500,82.5,14.5,15.75,18.1,10.0,107.0,0.8380143151855468,False,PUT,2026-09-18,CRWV
CRWV260918P00085000,85.0,18.2,17.8,19.35,61.0,887.0,0.8486953607177734,False,PUT,2026-09-18,CRWV
CRWV260918P00087500,87.5,19.75,19.9,20.85,5.0,155.0,0.8627943408203125,False,PUT,2026-09-18,CRWV
CRWV260918P00090000,90.0,21.48,21.15,22.0,14.0,3066.0,0.8533950207519532,False,PUT,2026-09-18,CRWV
CRWV260918P00092500,92.5,22.5,22.45,23.5,2.0,612.0,0.8499770861816407,False,PUT,2026-09-18,CRWV
CRWV260918P00095000,95.0,23.85,23.4,24.9,5.0,399.0,0.8375260388183592,False,PUT,2026-09-18,CRWV
CRWV260918P00097500,97.5,24.8,24.55,26.25,650.0,193.0,0.8267839587402341,True,PUT,2026-09-18,CRWV
CRWV260918P00100000,100.0,27.13,26.8,27.8,24.0,3079.0,0.8369767279052733,True,PUT,2026-09-18,CRWV
CRWV260918P00105000,105.0,30.05,29.7,30.95,122.0,688.0,0.8276384423828124,True,PUT,2026-09-18,CRWV
CRWV260918P00110000,110.0,33.35,33.35,34.15,82.0,1483.0,0.8274553387451171,True,PUT,2026-09-18,CRWV
CRWV260918P00115000,115.0,32.16,35.15,37.6,534.0,1016.0,0.7974873767089843,True,PUT,2026-09-18,CRWV
CRWV260918P00120000,120.0,35.73,38.5,41.15,5.0,768.0,0.7907735766601562,True,PUT,2026-09-18,CRWV
CRWV260918P00125000,125.0,37.4,42.6,44.7,25.0,187.0,0.7926656475830078,True,PUT,2026-09-18,CRWV
CRWV261218C00070000,70.0,48.0,44.25,48.0,2.0,186.0,1.0251513586425784,True,CALL,2026-12-18,CRWV
CRWV261218C00072500,72.5,51.0,43.3,45.25,21.0,77.0,0.9968262036132812,True,CALL,2026-12-18,CRWV
CRWV261218C00075000,75.0,48.48,41.9,45.35,5.0,242.0,1.0121509353637697,True,CALL,2026-12-18,CRWV
CRWV261218C00077500,77.5,42.5,40.75,44.0,2.0,102.0,1.0043384744262696,True,CALL,2026-12-18,CRWV
CRWV261218C00080000,80.0,42.0,39.5,41.55,2.0,307.0,0.9751589398193359,True,CALL,2026-12-18,CRWV
CRWV261218C00082500,82.5,45.85,38.95,42.0,4.0,65.0,1.0067188336181638,True,CALL,2026-12-18,CRWV
CRWV261218C00085000,85.0,39.8,37.6,39.45,4.0,109.0,0.9733279034423827,True,CALL,2026-12-18,CRWV
CRWV261218C00087500,87.5,38.85,36.45,39.5,2.0,23.0,0.9855348126220704,True,CALL,2026-12-18,CRWV
CRWV261218C00090000,90.0,37.37,35.65,38.3,3.0,838.0,0.9820558435058593,True,CALL,2026-12-18,CRWV
CRWV261218C00092500,92.5,36.75,35.0,37.5,3.0,4.0,0.986450330810547,True,CALL,2026-12-18,CRWV
CRWV261218C00095000,95.0,36.2,33.85,36.3,16.0,133.0,0.9760134234619142,True,CALL,2026-12-18,CRWV
CRWV261218C00097500,97.5,34.95,33.05,35.35,2.0,3.0,0.9742434216308593,False,CALL,2026-12-18,CRWV
CRWV261218C00100000,100.0,33.0,31.15,33.75,18.0,542.0,0.9455571850585938,False,CALL,2026-12-18,CRWV
CRWV261218C00105000,105.0,33.0,29.7,33.15,9.0,345.0,0.9603275451660156,False,CALL,2026-12-18,CRWV
CRWV261218C00110000,110.0,33.5,28.65,29.85,2.0,471.0,0.9389654541015625,False,CALL,2026-12-18,CRWV
CRWV261218C00115000,115.0,30.05,27.0,29.4,2.0,68.0,0.9476323596191407,False,CALL,2026-12-18,CRWV
CRWV261218C00120000,120.0,27.5,25.7,27.0,8.0,411.0,0.9314582049560547,False,CALL,2026-12-18,CRWV
CRWV261218C00125000,125.0,25.22,24.4,27.3,5.0,98.0,0.9509892596435545,False,CALL,2026-12-18,CRWV
CRWV261218P00070000,70.0,14.3,14.05,15.55,4.0,564.0,0.8630384790039063,False,PUT,2026-12-18,CRWV
CRWV261218P00072500,72.5,15.49,15.3,16.35,3.0,123.0,0.8538222625732423,False,PUT,2026-12-18,CRWV
CRWV261218P00075000,75.0,16.0,16.75,17.55,1.0,265.0,0.8543715734863282,False,PUT,2026-12-18,CRWV
CRWV261218P00077500,77.5,18.03,17.6,19.3,1.0,277.0,0.8526015716552735,False,PUT,2026-12-18,CRWV
CRWV261218P00080000,80.0,19.1,19.15,20.35,4.0,767.0,0.8495498443603515,False,PUT,2026-12-18,CRWV
CRWV261218P00082500,82.5,19.25,19.35,22.05,2.0,155.0,0.8339250006103514,False,PUT,2026-12-18,CRWV
CRWV261218P00085000,85.0,21.0,21.75,23.85,1.0,362.0,0.8547377807617188,False,PUT,2026-12-18,CRWV
CRWV261218P00087500,87.5,23.3,23.1,24.5,2.0,44.0,0.8388687988281249,False,PUT,2026-12-18,CRWV
CRWV261218P00090000,90.0,24.5,24.65,25.8,46.0,325.0,0.835695002441406,False,PUT,2026-12-18,CRWV
CRWV261218P00092500,92.5,23.4,25.75,27.5,3.0,9.0,0.8308732733154296,False,PUT,2026-12-18,CRWV
CRWV261218P00095000,95.0,28.3,27.7,29.9,6.0,90.0,0.8484512225341796,False,PUT,2026-12-18,CRWV
CRWV261218P00100000,100.0,30.55,30.6,31.7,82.0,471.0,0.8211077459716796,True,PUT,2026-12-18,CRWV
CRWV261218P00105000,105.0,33.65,34.25,35.15,178.0,106.0,0.8259905096435545,True,PUT,2026-12-18,CRWV
CRWV261218P00110000,110.0,36.95,36.2,38.25,2.0,257.0,0.79883013671875,True,PUT,2026-12-18,CRWV
CRWV261218P00115000,115.0,38.7,40.25,41.55,2.0,159.0,0.8014546221923828,True,PUT,2026-12-18,CRWV
CRWV261218P00120000,120.0,43.2,42.5,45.2,20.0,44.0,0.7813742565917969,True,PUT,2026-12-18,CRWV
CRWV261218P00125000,125.0,45.3,46.0,49.1,4.0,12.0,0.7796042547607422,True,PUT,2026-12-18,CRWV
CRWV270115C00070000,70.0,47.53,45.0,47.4,4.0,555.0,0.9863282617187501,True,CALL,2027-01-15,CRWV
CRWV270115C00072500,72.5,40.5,43.8,47.5,1.0,120.0,1.0054981365966797,True,CALL,2027-01-15,CRWV
CRWV270115C00075000,75.0,44.83,43.25,44.85,2.0,529.0,0.9858399853515626,True,CALL,2027-01-15,CRWV
CRWV270115C00077500,77.5,45.0,41.3,44.65,2.0,169.0,0.9839479144287109,True,CALL,2027-01-15,CRWV
CRWV270115C00080000,80.0,43.14,41.0,42.4,12.0,2158.0,0.9743654907226562,True,CALL,2027-01-15,CRWV
CRWV270115C00082500,82.5,46.02,40.0,42.45,1.0,113.0,0.99023447265625,True,CALL,2027-01-15,CRWV
CRWV270115C00085000,85.0,41.0,38.3,41.25,8.0,339.0,0.9733889379882812,True,CALL,2027-01-15,CRWV
CRWV270115C00087500,87.5,40.0,37.5,40.0,42.0,197.0,0.9696658306884764,True,CALL,2027-01-15,CRWV
CRWV270115C00090000,90.0,40.25,36.5,38.9,1.0,676.0,0.9643558251953125,True,CALL,2027-01-15,CRWV
CRWV270115C00092500,92.5,45.0,35.7,37.45,7.0,377.0,0.9561771960449219,True,CALL,2027-01-15,CRWV
CRWV270115C00095000,95.0,36.8,34.75,36.45,4.0,699.0,0.9519658123779295,True,CALL,2027-01-15,CRWV
CRWV270115C00097500,97.5,35.9,34.4,35.6,1.0,159.0,0.9580692669677733,False,CALL,2027-01-15,CRWV
CRWV270115C00100000,100.0,33.9,33.3,34.65,50.0,4331.0,0.9509892596435545,False,CALL,2027-01-15,CRWV
CRWV270115C00105000,105.0,33.7,31.25,33.85,28.0,586.0,0.9530949514770507,False,CALL,2027-01-15,CRWV
CRWV270115C00110000,110.0,30.77,29.85,31.6,32.0,768.0,0.9415899395751952,False,CALL,2027-01-15,CRWV
CRWV270115C00115000,115.0,30.6,27.9,29.95,73.0,658.0,0.9288947540283203,False,CALL,2027-01-15,CRWV
CRWV270115C00120000,120.0,27.0,27.0,28.4,439.0,1953.0,0.9299323413085938,False,CALL,2027-01-15,CRWV
CRWV270115C00125000,125.0,26.5,25.5,27.0,77.0,2885.0,0.9230659548950196,False,CALL,2027-01-15,CRWV
CRWV270115P00070000,70.0,15.36,14.7,16.0,7.0,5041.0,0.8480850152587891,False,PUT,2027-01-15,CRWV
CRWV270115P00072500,72.5,16.56,15.9,17.15,1.0,81.0,0.8438736315917967,False,PUT,2027-01-15,CRWV
CRWV270115P00075000,75.0,17.4,16.65,18.45,2.0,1817.0,0.8333756896972655,False,PUT,2027-01-15,CRWV
CRWV270115P00077500,77.5,17.7,18.25,19.85,3.0,433.0,0.8378922460937499,False,PUT,2027-01-15,CRWV
CRWV270115P00080000,80.0,20.15,19.75,21.3,5.0,1669.0,0.8401505242919922,False,PUT,2027-01-15,CRWV
CRWV270115P00082500,82.5,19.96,21.1,22.55,11.0,808.0,0.8355729333496091,False,PUT,2027-01-15,CRWV
CRWV270115P00085000,85.0,22.55,22.5,24.1,45.0,927.0,0.8355118988037107,False,PUT,2027-01-15,CRWV
CRWV270115P00087500,87.5,21.45,22.35,25.2,1.0,52.0,0.8040791076660156,False,PUT,2027-01-15,CRWV
CRWV270115P00090000,90.0,25.61,25.4,26.55,3.0,504.0,0.8240984387207031,False,PUT,2027-01-15,CRWV
CRWV270115P00092500,92.5,26.0,25.05,29.1,5.0,134.0,0.8103046313476561,False,PUT,2027-01-15,CRWV
CRWV270115P00095000,95.0,28.45,28.35,29.55,1.0,223.0,0.8183611914062499,False,PUT,2027-01-15,CRWV
CRWV270115P00097500,97.5,27.85,28.7,31.15,16.0,141.0,0.7997456549072266,True,PUT,2027-01-15,CRWV
CRWV270115P00100000,100.0,31.56,30.75,32.9,39.0,2918.0,0.8067035931396485,True,PUT,2027-01-15,CRWV
CRWV270115P00105000,105.0,31.2,33.0,35.85,2.0,314.0,0.7849142602539063,True,PUT,2027-01-15,CRWV
CRWV270115P00110000,110.0,35.97,36.95,39.7,31.0,321.0,0.7960835821533203,True,PUT,2027-01-15,CRWV
CRWV270115P00115000,115.0,38.0,40.35,43.65,39.0,595.0,0.7982197912597657,True,PUT,2027-01-15,CRWV
CRWV270115P00120000,120.0,41.82,44.65,46.1,5.0,184.0,0.7899801275634766,True,PUT,2027-01-15,CRWV
CRWV270115P00125000,125.0,48.5,48.4,49.65,200.0,549.0,0.7868063311767577,True,PUT,2027-01-15,CRWV
CRWV270617C00070000,70.0,53.0,50.0,53.25,1.0,59.0,0.9930420617675781,True,CALL,2027-06-17,CRWV
CRWV270617C00072500,72.5,60.6,48.2,52.5,1.0,24.0,0.9825441198730469,True,CALL,2027-06-17,CRWV
CRWV270617C00075000,75.0,50.0,48.1,51.5,1.0,137.0,0.9937134417724609,True,CALL,2027-06-17,CRWV
CRWV270617C00077500,77.5,54.05,47.2,49.25,2.0,37.0,0.9732058343505858,True,CALL,2027-06-17,CRWV
CRWV270617C00080000,80.0,48.1,46.15,48.95,4.0,106.0,0.9788820471191408,True,CALL,2027-06-17,CRWV
CRWV270617C00082500,82.5,44.8,45.3,48.5,1.0,23.0,0.9843141217041016,True,CALL,2027-06-17,CRWV
CRWV270617C00085000,85.0,49.6,43.5,46.25,4.0,82.0,0.9506840869140624,True,CALL,2027-06-17,CRWV
CRWV270617C00087500,87.5,54.15,43.3,46.5,2.0,76.0,0.9735110070800781,True,CALL,2027-06-17,CRWV
CRWV270617C00090000,90.0,43.0,42.55,44.5,6.0,264.0,0.957458921508789,True,CALL,2027-06-17,CRWV
CRWV270617C00092500,92.5,52.4,41.15,44.5,2.0,2.0,0.9591678887939452,True,CALL,2027-06-17,CRWV
CRWV270617C00095000,95.0,52.81,40.5,43.0,1.0,95.0,0.9505009832763671,True,CALL,2027-06-17,CRWV
CRWV270617C00097500,97.5,40.95,39.55,41.95,1.0,103.0,0.943512527770996,False,CALL,2027-06-17,CRWV
CRWV270617C00100000,100.0,44.29,38.0,41.75,7.0,266.0,0.9393621786499023,False,CALL,2027-06-17,CRWV
CRWV270617C00105000,105.0,38.45,37.4,40.5,1.0,137.0,0.9503178796386718,False,CALL,2027-06-17,CRWV
CRWV270617C00110000,110.0,37.57,36.0,38.7,6.0,27.0,0.942810630493164,False,CALL,2027-06-17,CRWV
CRWV270617C00115000,115.0,40.31,34.6,36.9,1.0,173.0,0.9339911386108398,False,CALL,2027-06-17,CRWV
CRWV270617C00120000,120.0,39.2,32.5,35.75,15.0,43.0,0.9234626794433594,False,CALL,2027-06-17,CRWV
CRWV270617C00125000,125.0,36.9,32.0,35.0,1.0,92.0,0.9349371740722656,False,CALL,2027-06-17,CRWV
CRWV270617P00070000,70.0,18.43,17.9,19.75,287.0,1155.0,0.8143329113769531,False,PUT,2027-06-17,CRWV
CRWV270617P00072500,72.5,18.6,19.0,21.15,1.0,17.0,0.8096942858886718,False,PUT,2027-06-17,CRWV
CRWV270617P00075000,75.0,19.39,19.9,22.35,20.0,103.0,0.7985249639892578,False,PUT,2027-06-17,CRWV
CRWV270617P00077500,77.5,23.0,21.35,23.8,2.0,35.0,0.7982197912597657,False,PUT,2027-06-17,CRWV
CRWV270617P00080000,80.0,24.0,24.0,25.1,2.0,701.0,0.8115253222656249,False,PUT,2027-06-17,CRWV
CRWV270617P00082500,82.5,27.1,24.0,27.3,2.0,8.0,0.7997456549072266,False,PUT,2027-06-17,CRWV
CRWV270617P00085000,85.0,27.2,26.8,28.3,2.0,27.0,0.8088398022460936,False,PUT,2027-06-17,CRWV
CRWV270617P00087500,87.5,27.6,26.9,29.9,22.0,23.0,0.7895528857421875,False,PUT,2027-06-17,CRWV
CRWV270617P00090000,90.0,28.65,28.3,31.45,1.0,49.0,0.7861349511718749,False,PUT,2027-06-17,CRWV
CRWV270617P00092500,92.5,29.0,30.5,32.75,2.0,13.0,0.789064609375,False,PUT,2027-06-17,CRWV
CRWV270617P00095000,95.0,33.15,31.25,34.15,2.0,61.0,0.774538387451172,False,PUT,2027-06-17,CRWV
CRWV270617P00097500,97.5,33.5,33.0,36.45,3.0,7.0,0.7829611547851563,True,PUT,2027-06-17,CRWV
CRWV270617P00100000,100.0,36.2,34.65,37.5,602.0,75.0,0.7742942492675782,True,PUT,2027-06-17,CRWV
CRWV270617P00105000,105.0,36.4,38.3,41.8,2.0,32.0,0.7858908129882812,True,PUT,2027-06-17,CRWV
CRWV270617P00110000,110.0,38.9,41.0,44.15,1.0,7.0,0.7614769946289064,True,PUT,2027-06-17,CRWV
CRWV270617P00115000,115.0,55.45,44.5,47.5,2.0,11.0,0.7564111273193359,True,PUT,2027-06-17,CRWV
CRWV270617P00120000,120.0,48.45,48.0,51.05,2.0,5.0,0.7519250881958007,True,PUT,2027-06-17,CRWV
CRWV270617P00125000,125.0,53.1,51.5,54.65,2.0,20.0,0.7464319790649415,True,PUT,2027-06-17,CRWV
CRWV270917C00070000,70.0,55.65,52.75,56.5,2.0,6.0,1.002507428894043,True,CALL,2027-09-17,CRWV
CRWV270917P00087500,87.5,29.25,29.0,32.0,2.0,2.0,0.7766135620117188,False,PUT,2027-09-17,CRWV
CRWV270917P00092500,92.5,31.9,32.0,35.4,2.0,9.0,0.7739890765380859,False,PUT,2027-09-17,CRWV
CRWV271217C00070000,70.0,56.05,54.2,58.0,1.0,312.0,0.9756472161865235,True,CALL,2027-12-17,CRWV
CRWV271217C00072500,72.5,41.2,54.0,56.25,2.0,22.0,0.9714968670654296,True,CALL,2027-12-17,CRWV
CRWV271217C00075000,75.0,55.0,52.9,56.5,1.0,170.0,0.9818727398681641,True,CALL,2027-12-17,CRWV
CRWV271217C00077500,77.5,56.05,51.85,55.5,7.0,32.0,0.9752199743652343,True,CALL,2027-12-17,CRWV
CRWV271217C00080000,80.0,52.75,50.75,54.5,7.0,281.0,0.9676516906738282,True,CALL,2027-12-17,CRWV
CRWV271217C00082500,82.5,57.0,50.0,53.25,1.0,5.0,0.9611209942626953,True,CALL,2027-12-17,CRWV
CRWV271217C00085000,85.0,60.0,49.45,52.5,2.0,257.0,0.9631046170043945,True,CALL,2027-12-17,CRWV
CRWV271217C00087500,87.5,56.1,48.0,52.0,2.0,34.0,0.9565434033203124,True,CALL,2027-12-17,CRWV
CRWV271217C00090000,90.0,50.77,47.65,51.0,2.0,379.0,0.9570316796874999,True,CALL,2027-12-17,CRWV
CRWV271217C00092500,92.5,53.8,46.75,50.5,2.0,286.0,0.956482368774414,True,CALL,2027-12-17,CRWV
CRWV271217C00095000,95.0,55.85,45.65,49.5,3.0,371.0,0.9473271868896485,True,CALL,2027-12-17,CRWV
CRWV271217C00097500,97.5,47.9,45.4,48.5,1.0,62.0,0.9479070150756835,False,CALL,2027-12-17,CRWV
CRWV271217C00100000,100.0,46.8,45.0,47.7,2.0,1757.0,0.948669946899414,False,CALL,2027-12-17,CRWV
CRWV271217C00105000,105.0,50.0,43.1,46.5,3.0,290.0,0.9413152841186524,False,CALL,2027-12-17,CRWV
CRWV271217C00110000,110.0,43.98,41.0,45.0,3.0,322.0,0.927613028564453,False,CALL,2027-12-17,CRWV
CRWV271217C00115000,115.0,49.77,40.6,43.95,1.0,248.0,0.9362494168090819,False,CALL,2027-12-17,CRWV
CRWV271217C00120000,120.0,44.0,38.75,42.5,2.0,733.0,0.9240730249023439,False,CALL,2027-12-17,CRWV
CRWV271217C00125000,125.0,43.5,37.95,41.5,4.0,297.0,0.9268806140136718,False,CALL,2027-12-17,CRWV
CRWV271217P00070000,70.0,22.6,20.8,25.0,1.0,1075.0,0.8062153167724608,False,PUT,2027-12-17,CRWV
CRWV271217P00072500,72.5,22.9,22.95,25.55,1.0,27.0,0.8017597949218749,False,PUT,2027-12-17,CRWV
CRWV271217P00075000,75.0,23.47,23.85,27.0,20.0,937.0,0.7922994403076171,False,PUT,2027-12-17,CRWV
CRWV271217P00077500,77.5,25.05,25.0,28.35,3.0,18.0,0.784456501159668,False,PUT,2027-12-17,CRWV
CRWV271217P00080000,80.0,26.5,26.5,29.8,3.0,409.0,0.7817404638671875,False,PUT,2027-12-17,CRWV
CRWV271217P00082500,82.5,29.6,28.0,31.3,4.0,71.0,0.7791159783935546,False,PUT,2027-12-17,CRWV
CRWV271217P00085000,85.0,29.55,29.5,32.75,1.0,349.0,0.7753623538208009,False,PUT,2027-12-17,CRWV
CRWV271217P00087500,87.5,30.26,31.8,34.75,20.0,74.0,0.7866842620849608,False,PUT,2027-12-17,CRWV
CRWV271217P00090000,90.0,32.41,32.5,35.6,10.0,396.0,0.76602406829834,False,PUT,2027-12-17,CRWV
CRWV271217P00092500,92.5,36.85,34.6,37.2,2.0,44.0,0.769380968322754,False,PUT,2027-12-17,CRWV
CRWV271217P00095000,95.0,37.15,35.5,38.85,1.0,101.0,0.7595849237060548,False,PUT,2027-12-17,CRWV
CRWV271217P00097500,97.5,38.1,37.0,40.7,5.0,55.0,0.7581811291503908,True,PUT,2027-12-17,CRWV
CRWV271217P00100000,100.0,41.0,40.1,41.85,12.0,1017.0,0.7659325164794923,True,PUT,2027-12-17,CRWV
CRWV271217P00105000,105.0,45.9,42.0,45.45,2.0,151.0,0.7485071536254884,True,PUT,2027-12-17,CRWV
CRWV271217P00110000,110.0,46.9,46.7,49.55,34.0,282.0,0.7637963073730469,True,PUT,2027-12-17,CRWV
CRWV271217P00115000,115.0,47.9,49.0,52.8,16.0,138.0,0.7445704254150391,True,PUT,2027-12-17,CRWV
CRWV271217P00120000,120.0,54.0,52.5,55.65,20.0,727.0,0.732577137145996,True,PUT,2027-12-17,CRWV
CRWV271217P00125000,125.0,57.82,56.0,59.2,1.0,304.0,0.7264431652832031,True,PUT,2027-12-17,CRWV
CRWV280121C00070000,70.0,57.4,55.95,58.7,5.0,712.0,0.9860841235351563,True,CALL,2028-01-21,CRWV
CRWV280121C00072500,72.5,56.25,54.0,58.0,2.0,112.0,0.971557901611328,True,CALL,2028-01-21,CRWV
CRWV280121C00075000,75.0,61.68,53.3,57.0,1.0,738.0,0.9698489343261718,True,CALL,2028-01-21,CRWV
CRWV280121C00077500,77.5,64.0,53.0,56.45,2.0,39.0,0.9788515298461916,True,CALL,2028-01-21,CRWV
CRWV280121C00080000,80.0,53.0,51.7,55.25,6.0,683.0,0.9656680679321289,True,CALL,2028-01-21,CRWV
CRWV280121C00082500,82.5,54.0,51.1,54.0,2.0,123.0,0.9607242697143553,True,CALL,2028-01-21,CRWV
CRWV280121C00085000,85.0,52.25,49.5,53.5,12.0,241.0,0.9523930541992187,True,CALL,2028-01-21,CRWV
CRWV280121C00087500,87.5,55.5,49.3,52.5,2.0,33.0,0.9548344360351562,True,CALL,2028-01-21,CRWV
CRWV280121C00090000,90.0,49.0,48.6,50.4,7.0,778.0,0.9377447631835938,True,CALL,2028-01-21,CRWV
CRWV280121C00092500,92.5,53.7,47.75,51.0,2.0,26.0,0.950623052368164,True,CALL,2028-01-21,CRWV
CRWV280121C00095000,95.0,50.75,47.2,50.5,5.0,108.0,0.9535527105712891,True,CALL,2028-01-21,CRWV
CRWV280121C00097500,97.5,57.0,46.5,49.5,1.0,30.0,0.9485478778076171,False,CALL,2028-01-21,CRWV
CRWV280121C00100000,100.0,46.5,45.75,48.5,20.0,1788.0,0.942810630493164,False,CALL,2028-01-21,CRWV
CRWV280121C00105000,105.0,48.0,44.65,47.25,4.0,199.0,0.9434209759521484,False,CALL,2028-01-21,CRWV
CRWV280121C00110000,110.0,48.6,42.55,46.0,5.0,380.0,0.9320685504150392,False,CALL,2028-01-21,CRWV
CRWV280121C00115000,115.0,49.17,41.6,44.5,1.0,139.0,0.9295661340332031,False,CALL,2028-01-21,CRWV
CRWV280121C00120000,120.0,42.89,40.2,43.5,1.0,240.0,0.926636475830078,False,CALL,2028-01-21,CRWV
CRWV280121C00125000,125.0,41.3,39.3,41.55,1.0,215.0,0.9183357775878906,False,CALL,2028-01-21,CRWV
CRWV280121P00070000,70.0,21.65,22.0,24.75,13.0,953.0,0.7989827230834962,False,PUT,2028-01-21,CRWV
CRWV280121P00072500,72.5,26.0,23.4,25.75,1.0,50.0,0.7904684039306642,False,PUT,2028-01-21,CRWV
CRWV280121P00075000,75.0,26.65,25.15,27.1,5.0,779.0,0.7903768521118165,False,PUT,2028-01-21,CRWV
CRWV280121P00077500,77.5,26.7,25.55,29.5,1.0,24.0,0.7859518475341796,False,PUT,2028-01-21,CRWV
CRWV280121P00080000,80.0,27.4,27.65,29.4,2.0,562.0,0.7715171774291992,False,PUT,2028-01-21,CRWV
CRWV280121P00082500,82.5,32.45,28.6,31.8,2.0,34.0,0.7728294201660157,False,PUT,2028-01-21,CRWV
CRWV280121P00085000,85.0,30.0,30.15,33.1,6.0,1341.0,0.7677635528564455,False,PUT,2028-01-21,CRWV
CRWV280121P00087500,87.5,32.4,31.5,35.0,2.0,11.0,0.7668480346679689,False,PUT,2028-01-21,CRWV
CRWV280121P00090000,90.0,33.65,33.0,36.9,5.0,538.0,0.7670921728515626,False,PUT,2028-01-21,CRWV
CRWV280121P00092500,92.5,34.43,35.1,38.05,3.0,303.0,0.7651695846557618,False,PUT,2028-01-21,CRWV
CRWV280121P00095000,95.0,36.2,36.4,39.8,1.0,395.0,0.760714062805176,False,PUT,2028-01-21,CRWV
CRWV280121P00097500,97.5,45.8,38.0,40.95,4.0,60.0,0.7527490545654296,True,PUT,2028-01-21,CRWV
CRWV280121P00100000,100.0,41.4,40.25,43.2,19.0,495.0,0.7628197546386719,True,PUT,2028-01-21,CRWV
CRWV280121P00105000,105.0,47.95,44.3,46.0,2.0,183.0,0.7590966473388674,True,PUT,2028-01-21,CRWV
CRWV280121P00110000,110.0,45.0,46.0,49.8,6.0,831.0,0.7406031799316406,True,PUT,2028-01-21,CRWV
CRWV280121P00115000,115.0,50.85,49.95,54.5,11.0,67.0,0.7522607781982422,True,PUT,2028-01-21,CRWV
CRWV280121P00120000,120.0,57.9,53.0,56.65,26.0,115.0,0.7290371334838868,True,PUT,2028-01-21,CRWV
CRWV280121P00125000,125.0,58.29,57.0,60.3,2.0,288.0,0.7285488571166993,True,PUT,2028-01-21,CRWV
CRWV280616C00070000,70.0,65.7,57.5,62.0,6.0,27.0,0.9623722024536132,True,CALL,2028-06-16,CRWV
CRWV280616C00072500,72.5,45.05,56.6,61.5,2.0,3.0,0.9634403070068358,True,CALL,2028-06-16,CRWV
CRWV280616C00075000,75.0,50.4,56.5,60.5,2.0,33.0,0.9677737597656251,True,CALL,2028-06-16,CRWV
CRWV280616C00077500,77.5,41.2,55.5,58.75,4.0,2.0,0.9509282250976561,True,CALL,2028-06-16,CRWV
CRWV280616C00080000,80.0,49.52,54.0,59.0,1.0,17.0,0.9525761578369141,True,CALL,2028-06-16,CRWV
CRWV280616C00082500,82.5,48.3,53.0,58.0,,2.0,0.9447637359619141,True,CALL,2028-06-16,CRWV
CRWV280616C00085000,85.0,63.0,52.5,57.5,10.0,16.0,0.9485783950805663,True,CALL,2028-06-16,CRWV
CRWV280616C00087500,87.5,64.5,52.5,56.5,1.0,2.0,0.9519047778320311,True,CALL,2028-06-16,CRWV
CRWV280616C00090000,90.0,54.5,51.85,55.5,1.0,27.0,0.9473577041625977,True,CALL,2028-06-16,CRWV
CRWV280616C00095000,95.0,49.22,49.5,53.55,1.0,49.0,0.9267585449218749,True,CALL,2028-06-16,CRWV
CRWV280616C00097500,97.5,62.8,49.2,53.5,2.0,2.0,0.9358832095336914,False,CALL,2028-06-16,CRWV
CRWV280616C00100000,100.0,59.3,48.95,53.0,118.0,102.0,0.9402471795654297,False,CALL,2028-06-16,CRWV
CRWV280616C00105000,105.0,50.6,47.95,51.5,12.0,15.0,0.9373785559082031,False,CALL,2028-06-16,CRWV
CRWV280616C00110000,110.0,48.95,46.0,50.0,4.0,35.0,0.923950955810547,False,CALL,2028-06-16,CRWV
CRWV280616C00115000,115.0,55.75,45.45,49.0,1.0,1.0,0.9291694094848633,False,CALL,2028-06-16,CRWV
CRWV280616C00120000,120.0,54.73,43.95,47.5,2.0,3.0,0.9191292266845703,False,CALL,2028-06-16,CRWV
CRWV280616C00125000,125.0,50.01,43.25,46.5,1.0,41.0,0.921173883972168,False,CALL,2028-06-16,CRWV
CRWV280616P00070000,70.0,30.3,23.5,26.9,1.0,2.0,0.7726463165283204,False,PUT,2028-06-16,CRWV
CRWV280616P00072500,72.5,26.0,25.0,30.0,1.0,12.0,0.7898580584716797,False,PUT,2028-06-16,CRWV
CRWV280616P00075000,75.0,30.24,26.5,29.75,1.0,13.0,0.7666038964843751,False,PUT,2028-06-16,CRWV
CRWV280616P00077500,77.5,29.3,28.0,31.5,2.0,5.0,0.7665428619384766,False,PUT,2028-06-16,CRWV
CRWV280616P00080000,80.0,29.0,30.1,33.05,30.0,59.0,0.7703880383300781,False,PUT,2028-06-16,CRWV
CRWV280616P00082500,82.5,33.55,31.0,34.55,,2.0,0.7599511309814455,False,PUT,2028-06-16,CRWV
CRWV280616P00085000,85.0,36.6,32.5,36.15,2.0,4.0,0.7568994036865235,False,PUT,2028-06-16,CRWV
CRWV280616P00090000,90.0,36.53,35.5,39.6,1.0,2.0,0.7522912954711914,False,PUT,2028-06-16,CRWV
CRWV280616P00095000,95.0,40.6,39.0,42.65,20.0,10.0,0.7473169799804689,False,PUT,2028-06-16,CRWV
CRWV280616P00097500,97.5,43.9,40.5,43.85,2.0,1.0,0.738711109008789,True,PUT,2028-06-16,CRWV
CRWV280616P00100000,100.0,43.69,42.5,45.55,1.0,3.0,0.7396266271972656,True,PUT,2028-06-16,CRWV
CRWV280616P00110000,110.0,54.9,49.0,53.05,2.0,1.0,0.7324855853271484,True,PUT,2028-06-16,CRWV
CRWV280616P00115000,115.0,52.22,52.85,55.85,1.0,4.0,0.7241848870849608,True,PUT,2028-06-16,CRWV
CRWV280616P00120000,120.0,58.27,56.0,60.9,,5.0,0.7289455816650392,True,PUT,2028-06-16,CRWV
CRWV280616P00125000,125.0,63.15,60.35,63.35,3.0,5.0,0.7201871243286133,True,PUT,2028-06-16,CRWV
CRWV281215C00070000,70.0,73.59,61.5,65.5,12.0,83.0,0.9684451397705078,True,CALL,2028-12-15,CRWV
CRWV281215C00072500,72.5,49.5,60.0,65.0,1.0,2.0,0.959839268798828,True,CALL,2028-12-15,CRWV
CRWV281215C00075000,75.0,67.75,59.0,64.0,1.0,59.0,0.9512944323730468,True,CALL,2028-12-15,CRWV
CRWV281215C00077500,77.5,72.26,59.5,63.5,1.0,13.0,0.9665530688476562,True,CALL,2028-12-15,CRWV
CRWV281215C00080000,80.0,60.0,58.0,62.5,1.0,106.0,0.9515385705566406,True,CALL,2028-12-15,CRWV
CRWV281215C00082500,82.5,60.65,58.0,61.5,1.0,0.0,0.953979952392578,True,CALL,2028-12-15,CRWV
CRWV281215C00085000,85.0,64.56,57.0,61.0,1.0,44.0,0.9503789141845702,True,CALL,2028-12-15,CRWV
CRWV281215C00087500,87.5,65.0,56.5,60.5,1.0,3.0,0.9521489160156249,True,CALL,2028-12-15,CRWV
CRWV281215C00090000,90.0,64.21,55.75,59.5,5.0,33.0,0.9453435641479492,True,CALL,2028-12-15,CRWV
CRWV281215C00095000,95.0,66.3,55.0,58.0,1.0,29.0,0.9448247705078124,True,CALL,2028-12-15,CRWV
CRWV281215C00100000,100.0,55.0,52.0,56.75,5.0,150.0,0.9227912994384766,False,CALL,2028-12-15,CRWV
CRWV281215C00105000,105.0,60.75,51.5,55.5,3.0,105.0,0.9259650958251953,False,CALL,2028-12-15,CRWV
CRWV281215C00110000,110.0,53.5,50.2,54.5,1.0,88.0,0.9227912994384766,False,CALL,2028-12-15,CRWV
CRWV281215C00115000,115.0,58.95,49.0,53.5,2.0,24.0,0.91992267578125,False,CALL,2028-12-15,CRWV
CRWV281215C00120000,120.0,52.67,47.5,51.5,27.0,29.0,0.9043893838500977,False,CALL,2028-12-15,CRWV
CRWV281215C00125000,125.0,53.5,47.2,50.25,6.0,70.0,0.9065561102294921,False,CALL,2028-12-15,CRWV
CRWV281215P00070000,70.0,27.58,25.8,29.6,1.0,2006.0,0.758913543701172,False,PUT,2028-12-15,CRWV
CRWV281215P00072500,72.5,31.0,27.7,30.95,1.0,3.0,0.7585473364257813,False,PUT,2028-12-15,CRWV
CRWV281215P00075000,75.0,30.8,28.5,33.5,2.0,8.0,0.7587304400634767,False,PUT,2028-12-15,CRWV
CRWV281215P00077500,77.5,33.4,30.5,33.9,2.0,2.0,0.7483545672607423,False,PUT,2028-12-15,CRWV
CRWV281215P00080000,80.0,33.93,32.05,35.85,11.0,128.0,0.7493616372680664,False,PUT,2028-12-15,CRWV
CRWV281215P00085000,85.0,35.47,35.0,39.9,1.0,51.0,0.7499414654541017,False,PUT,2028-12-15,CRWV
CRWV281215P00087500,87.5,38.15,36.5,39.7,2.0,6.0,0.7280910980224609,False,PUT,2028-12-15,CRWV
CRWV281215P00090000,90.0,39.8,39.0,41.0,6.0,67.0,0.7306545489501952,False,PUT,2028-12-15,CRWV
CRWV281215P00092500,92.5,40.89,40.7,43.3,2.0,0.0,0.734652311706543,False,PUT,2028-12-15,CRWV
CRWV281215P00095000,95.0,42.0,41.5,46.5,1.0,44.0,0.7381923153686524,False,PUT,2028-12-15,CRWV
CRWV281215P00100000,100.0,46.44,45.4,50.0,10.0,66.0,0.7386195571899413,True,PUT,2028-12-15,CRWV
CRWV281215P00105000,105.0,49.3,48.5,52.25,8.0,36.0,0.7196683306884766,True,PUT,2028-12-15,CRWV
CRWV281215P00110000,110.0,53.5,52.0,54.3,1.0,8.0,0.7023650369262696,True,PUT,2028-12-15,CRWV
CRWV281215P00115000,115.0,53.9,55.5,59.05,1.0,4.0,0.7075224560546876,True,PUT,2028-12-15,CRWV
CRWV281215P00120000,120.0,62.73,59.0,62.15,1.0,11.0,0.6978789978027344,True,PUT,2028-12-15,CRWV
CRWV281215P00125000,125.0,65.88,63.0,66.55,5.0,15.0,0.7024260714721681,True,PUT,2028-12-15,CRWV
CSCO260130C00060000,60.0,18.39,17.5,19.35,2.0,2.0,1.859375703125,True,CALL,2026-01-30,CSCO
CSCO260130C00065000,65.0,12.02,12.4,14.35,1.0,1.0,1.21875390625,True,CALL,2026-01-30,CSCO
CSCO260130C00068000,68.0,8.73,9.6,11.35,3.0,3.0,1.1875040625,True,CALL,2026-01-30,CSCO
CSCO260130C00069000,69.0,9.42,8.4,10.35,1.0,23.0,0.87500125,True,CALL,2026-01-30,CSCO
CSCO260130C00070000,70.0,8.54,7.6,9.35,20.0,104.0,0.9882813671875,True,CALL,2026-01-30,CSCO
CSCO260130C00071000,71.0,7.31,7.05,7.6,1.0,60.0,1.0351610742187503,True,CALL,2026-01-30,CSCO
CSCO260130C00072000,72.0,4.91,5.6,7.35,18.0,34.0,0.78711150390625,True,CALL,2026-01-30,CSCO
CSCO260130C00073000,73.0,5.37,5.15,5.45,8.0,122.0,0.6562534375000001,True,CALL,2026-01-30,CSCO
CSCO260130C00074000,74.0,5.02,3.95,4.65,30.0,780.0,0.7382838671874999,True,CALL,2026-01-30,CSCO
CSCO260130C00075000,75.0,3.36,3.15,3.6,359.0,1893.0,0.5820354296875,True,CALL,2026-01-30,CSCO
CSCO260130C00076000,76.0,2.36,2.0,2.7,46.0,1888.0,0.5214891601562499,True,CALL,2026-01-30,CSCO
CSCO260130C00077000,77.0,1.6,1.32,1.69,563.0,2451.0,0.37793590820312495,True,CALL,2026-01-30,CSCO
CSCO260130C00078000,78.0,0.73,0.65,0.84,550.0,2913.0,0.28711650390624993,True,CALL,2026-01-30,CSCO
CSCO260130C00079000,79.0,0.3,0.22,0.27,535.0,2395.0,0.23242955078125,False,CALL,2026-01-30,CSCO
CSCO260130C00080000,80.0,0.07,0.01,0.13,170.0,5172.0,0.278327529296875,False,CALL,2026-01-30,CSCO
CSCO260130C00081000,81.0,0.03,0.01,0.04,103.0,992.0,0.28516339843749994,False,CALL,2026-01-30,CSCO
CSCO260130C00082000,82.0,0.01,0.0,0.02,77.0,1174.0,0.32031929687499994,False,CALL,2026-01-30,CSCO
CSCO260130C00083000,83.0,0.02,0.0,0.04,76.0,302.0,0.4414118359375,False,CALL,2026-01-30,CSCO
CSCO260130C00084000,84.0,0.02,0.0,0.08,33.0,293.0,0.51562984375,False,CALL,2026-01-30,CSCO
CSCO260130C00085000,85.0,0.01,0.0,0.02,4.0,77.0,0.523442265625,False,CALL,2026-01-30,CSCO
CSCO260130C00086000,86.0,0.11,0.0,0.01,1.0,1.0,0.500005,False,CALL,2026-01-30,CSCO
CSCO260130C00087000,87.0,0.01,0.0,0.02,3.0,15.0,0.5937540625000001,False,CALL,2026-01-30,CSCO
CSCO260130C00088000,88.0,0.08,0.0,0.08,,1.0,0.7812521875,False,CALL,2026-01-30,CSCO
CSCO260130P00060000,60.0,0.01,0.0,0.06,25.0,76.0,1.5781271093749998,False,PUT,2026-01-30,CSCO
CSCO260130P00064000,64.0,0.22,0.0,0.03,,4.0,1.125004375,False,PUT,2026-01-30,CSCO
CSCO260130P00065000,65.0,0.02,0.0,0.3,3.0,17.0,1.4960962695312499,False,PUT,2026-01-30,CSCO
CSCO260130P00066000,66.0,0.01,0.0,0.2,26.0,41.0,1.2890660546875,False,PUT,2026-01-30,CSCO
CSCO260130P00067000,67.0,0.02,0.0,0.72,2.0,7.0,1.5839864550781246,False,PUT,2026-01-30,CSCO
CSCO260130P00068000,68.0,0.01,0.0,0.54,500.0,527.0,1.365237548828125,False,PUT,2026-01-30,CSCO
CSCO260130P00069000,69.0,0.01,0.0,0.55,11.0,193.0,1.26172244140625,False,PUT,2026-01-30,CSCO
CSCO260130P00070000,70.0,0.01,0.0,0.01,3.0,1371.0,0.5937540625000001,False,PUT,2026-01-30,CSCO
CSCO260130P00071000,71.0,0.01,0.0,0.54,3.0,425.0,1.0351610742187503,False,PUT,2026-01-30,CSCO
CSCO260130P00072000,72.0,0.02,0.01,0.05,3.0,510.0,0.57812921875,False,PUT,2026-01-30,CSCO
CSCO260130P00073000,73.0,0.02,0.0,0.04,62.0,788.0,0.523442265625,False,PUT,2026-01-30,CSCO
CSCO260130P00074000,74.0,0.04,0.01,0.05,3.0,875.0,0.45703667968750006,False,PUT,2026-01-30,CSCO
CSCO260130P00075000,75.0,0.06,0.01,0.06,30.0,755.0,0.38281867187499996,False,PUT,2026-01-30,CSCO
CSCO260130P00076000,76.0,0.1,0.05,0.11,33.0,1074.0,0.34180345703125,False,PUT,2026-01-30,CSCO
CSCO260130P00077000,77.0,0.23,0.14,0.27,1693.0,772.0,0.33008482421874996,False,PUT,2026-01-30,CSCO
CSCO260130P00078000,78.0,0.51,0.36,0.58,141.0,219.0,0.317389638671875,False,PUT,2026-01-30,CSCO
CSCO260130P00079000,79.0,0.95,0.84,1.09,109.0,142.0,0.30371790039062496,True,PUT,2026-01-30,CSCO
CSCO260130P00080000,80.0,1.81,1.49,1.97,3.0,0.0,0.38477177734374995,True,PUT,2026-01-30,CSCO
CSCO260130P00081000,81.0,3.07,1.73,3.55,1.0,5.0,0.8193377441406249,True,PUT,2026-01-30,CSCO
CSCO260130P00085000,85.0,8.0,4.8,8.35,1.0,0.0,1.7431653466796875,True,PUT,2026-01-30,CSCO
CSCO260206C00065000,65.0,10.83,12.5,14.4,4.0,4.0,0.6757844921875001,True,CALL,2026-02-06,CSCO
CSCO260206C00067000,67.0,9.81,10.5,12.45,,0.0,0.6054726953125001,True,CALL,2026-02-06,CSCO
CSCO260206C00068000,68.0,9.8,9.45,11.45,4.0,6.0,0.5371140039062501,True,CALL,2026-02-06,CSCO
CSCO260206C00069000,69.0,7.46,8.6,10.45,7.0,5.0,0.5468795312500001,True,CALL,2026-02-06,CSCO
CSCO260206C00070000,70.0,8.91,7.45,9.2,1.0,39.0,0.7763694238281251,True,CALL,2026-02-06,CSCO
CSCO260206C00071000,71.0,4.57,6.75,8.5,2.0,2.0,0.500005,True,CALL,2026-02-06,CSCO
CSCO260206C00072000,72.0,6.36,5.8,6.8,111.0,1538.0,0.5161181201171875,True,CALL,2026-02-06,CSCO
CSCO260206C00073000,73.0,5.05,5.35,5.75,21.0,168.0,0.44043528320312497,True,CALL,2026-02-06,CSCO
CSCO260206C00074000,74.0,5.0,4.35,4.85,11.0,958.0,0.414068359375,True,CALL,2026-02-06,CSCO
CSCO260206C00075000,75.0,3.62,3.3,3.9,32.0,933.0,0.36524072265625,True,CALL,2026-02-06,CSCO
CSCO260206C00076000,76.0,2.73,2.54,3.05,26.0,1201.0,0.3364324169921875,True,CALL,2026-02-06,CSCO
CSCO260206C00077000,77.0,2.12,1.94,2.12,170.0,865.0,0.2778392529296875,True,CALL,2026-02-06,CSCO
CSCO260206C00078000,78.0,1.43,1.32,1.48,44.0,1137.0,0.26709717285156254,True,CALL,2026-02-06,CSCO
CSCO260206C00079000,79.0,0.91,0.85,0.93,268.0,3119.0,0.25098405273437496,False,CALL,2026-02-06,CSCO
CSCO260206C00080000,80.0,0.55,0.51,0.61,111.0,1258.0,0.256843369140625,False,CALL,2026-02-06,CSCO
CSCO260206C00081000,81.0,0.33,0.3,0.37,124.0,2620.0,0.25830819824218754,False,CALL,2026-02-06,CSCO
CSCO260206C00082000,82.0,0.32,0.17,0.24,26.0,2193.0,0.2690502783203125,False,CALL,2026-02-06,CSCO
CSCO260206C00083000,83.0,0.17,0.1,0.17,72.0,101.0,0.2866282275390625,False,CALL,2026-02-06,CSCO
CSCO260206C00085000,85.0,0.07,0.0,0.15,7.0,111.0,0.358404853515625,False,CALL,2026-02-06,CSCO
CSCO260206C00086000,86.0,0.19,0.0,1.06,5.0,41.0,0.5590864404296876,False,CALL,2026-02-06,CSCO
CSCO260206C00100000,100.0,0.02,0.0,1.72,,10.0,1.2392616162109373,False,CALL,2026-02-06,CSCO
CSCO260206P00055000,55.0,0.52,0.0,2.13,,1.0,1.8701178369140625,False,PUT,2026-02-06,CSCO
CSCO260206P00060000,60.0,0.18,0.0,2.12,1.0,3.0,1.5107446337890624,False,PUT,2026-02-06,CSCO
CSCO260206P00065000,65.0,0.08,0.0,0.98,,8.0,0.9267585449218749,False,PUT,2026-02-06,CSCO
CSCO260206P00067000,67.0,0.17,0.0,1.27,3.0,76.0,0.875977802734375,False,PUT,2026-02-06,CSCO
CSCO260206P00068000,68.0,0.03,0.0,0.06,2.0,53.0,0.4726615234375,False,PUT,2026-02-06,CSCO
CSCO260206P00069000,69.0,0.08,0.0,0.18,17.0,68.0,0.5371140039062501,False,PUT,2026-02-06,CSCO
CSCO260206P00070000,70.0,0.06,0.06,0.08,1004.0,2281.0,0.41211525390625,False,PUT,2026-02-06,CSCO
CSCO260206P00071000,71.0,0.11,0.0,0.15,2.0,386.0,0.42188078125,False,PUT,2026-02-06,CSCO
CSCO260206P00072000,72.0,0.1,0.05,0.12,5.0,597.0,0.35547519531249994,False,PUT,2026-02-06,CSCO
CSCO260206P00073000,73.0,0.12,0.12,0.22,3.0,789.0,0.36133451171875,False,PUT,2026-02-06,CSCO
CSCO260206P00074000,74.0,0.28,0.17,0.21,8.0,880.0,0.304694453125,False,PUT,2026-02-06,CSCO
CSCO260206P00075000,75.0,0.29,0.26,0.3,903.0,731.0,0.2841868457031249,False,PUT,2026-02-06,CSCO
CSCO260206P00076000,76.0,0.44,0.4,0.52,19.0,115.0,0.28613995117187496,False,PUT,2026-02-06,CSCO
CSCO260206P00077000,77.0,0.7,0.65,0.76,42.0,883.0,0.27149166015625,False,PUT,2026-02-06,CSCO
CSCO260206P00078000,78.0,1.0,0.93,1.13,54.0,452.0,0.26319096191406255,False,PUT,2026-02-06,CSCO
CSCO260206P00079000,79.0,1.52,1.35,1.64,34.0,148.0,0.25928475097656256,True,PUT,2026-02-06,CSCO
CSCO260206P00080000,80.0,2.11,1.99,2.3,5.0,39.0,0.2617261328125,True,PUT,2026-02-06,CSCO
CSCO260206P00081000,81.0,2.8,2.08,3.7,10.0,15.0,0.42090422851562503,True,PUT,2026-02-06,CSCO
CSCO260206P00082000,82.0,5.5,2.84,4.65,,0.0,0.47363807617187503,True,PUT,2026-02-06,CSCO
CSCO260206P00083000,83.0,6.15,3.75,5.65,,0.0,0.5336960693359375,True,PUT,2026-02-06,CSCO
CSCO260206P00084000,84.0,7.1,4.7,6.55,,0.0,0.5639692041015626,True,PUT,2026-02-06,CSCO
CSCO260213C00060000,60.0,17.32,17.45,19.55,2.0,5.0,0.72851833984375,True,CALL,2026-02-13,CSCO
CSCO260213C00065000,65.0,8.6,12.8,14.55,1.0,10.0,0.6347692773437501,True,CALL,2026-02-13,CSCO
CSCO260213C00066000,66.0,8.6,11.9,13.7,,1.0,0.6445348046875,True,CALL,2026-02-13,CSCO
CSCO260213C00067000,67.0,10.0,10.85,12.75,11.0,19.0,0.6015664843750002,True,CALL,2026-02-13,CSCO
CSCO260213C00068000,68.0,11.0,10.05,11.8,1.0,7.0,0.5996133789062501,True,CALL,2026-02-13,CSCO
CSCO260213C00069000,69.0,8.25,9.1,10.9,1.0,20.0,0.5766643896484375,True,CALL,2026-02-13,CSCO
CSCO260213C00070000,70.0,7.8,8.25,10.0,5.0,82.0,0.5634809277343751,True,CALL,2026-02-13,CSCO
CSCO260213C00071000,71.0,8.75,7.55,8.25,1.0,20.0,0.5459029785156251,True,CALL,2026-02-13,CSCO
CSCO260213C00072000,72.0,7.47,6.55,8.05,5.0,29.0,0.5073291455078125,True,CALL,2026-02-13,CSCO
CSCO260213C00073000,73.0,5.35,5.75,7.15,15.0,64.0,0.6210975390625001,True,CALL,2026-02-13,CSCO
CSCO260213C00074000,74.0,5.45,5.0,5.55,24.0,379.0,0.45313046875,True,CALL,2026-02-13,CSCO
CSCO260213C00075000,75.0,4.85,4.5,4.9,69.0,221.0,0.4594780615234375,True,CALL,2026-02-13,CSCO
CSCO260213C00076000,76.0,3.98,3.95,4.15,9.0,506.0,0.43994700683593746,True,CALL,2026-02-13,CSCO
CSCO260213C00077000,77.0,3.5,3.35,3.55,167.0,986.0,0.43726148681640625,True,CALL,2026-02-13,CSCO
CSCO260213C00078000,78.0,3.05,2.79,2.92,49.0,345.0,0.42163664306640625,True,CALL,2026-02-13,CSCO
CSCO260213C00079000,79.0,2.39,2.28,2.45,66.0,1795.0,0.42188078125,False,CALL,2026-02-13,CSCO
CSCO260213C00080000,80.0,2.02,1.84,2.02,70.0,1401.0,0.41992767578125,False,CALL,2026-02-13,CSCO
CSCO260213C00081000,81.0,1.65,1.44,1.64,35.0,227.0,0.41699801757812494,False,CALL,2026-02-13,CSCO
CSCO260213C00082000,82.0,1.2,1.12,1.32,179.0,784.0,0.415044912109375,False,CALL,2026-02-13,CSCO
CSCO260213C00083000,83.0,1.0,0.87,1.02,1.0,386.0,0.40772076660156253,False,CALL,2026-02-13,CSCO
CSCO260213C00084000,84.0,0.74,0.65,0.82,40.0,200.0,0.4106504248046875,False,CALL,2026-02-13,CSCO
CSCO260213C00085000,85.0,0.55,0.5,0.57,2491.0,337.0,0.3940490283203125,False,CALL,2026-02-13,CSCO
CSCO260213C00086000,86.0,0.34,0.01,1.03,4.0,8.0,0.53320779296875,False,CALL,2026-02-13,CSCO
CSCO260213C00087000,87.0,0.32,0.14,0.48,5.0,138.0,0.43945873046875,False,CALL,2026-02-13,CSCO
CSCO260213P00060000,60.0,0.05,0.0,1.22,1.0,3.0,0.9677737597656251,False,PUT,2026-02-13,CSCO
CSCO260213P00062000,62.0,0.11,0.0,0.81,2.0,12.0,0.788088056640625,False,PUT,2026-02-13,CSCO
CSCO260213P00063000,63.0,0.15,0.0,1.0,4.0,9.0,0.7861349511718749,False,PUT,2026-02-13,CSCO
CSCO260213P00064000,64.0,0.22,0.0,1.0,12.0,28.0,0.7421900781249999,False,PUT,2026-02-13,CSCO
CSCO260213P00065000,65.0,0.17,0.12,0.18,2.0,49.0,0.5293015820312501,False,PUT,2026-02-13,CSCO
CSCO260213P00066000,66.0,0.42,0.03,0.71,1.0,74.0,0.6049844189453126,False,PUT,2026-02-13,CSCO
CSCO260213P00067000,67.0,0.57,0.13,0.74,1.0,7.0,0.5888712988281251,False,PUT,2026-02-13,CSCO
CSCO260213P00068000,68.0,0.29,0.21,0.41,1.0,104.0,0.5380905566406251,False,PUT,2026-02-13,CSCO
CSCO260213P00069000,69.0,0.3,0.29,0.44,26.0,155.0,0.5063525927734375,False,PUT,2026-02-13,CSCO
CSCO260213P00070000,70.0,0.46,0.41,0.49,158.0,724.0,0.47949739257812496,False,PUT,2026-02-13,CSCO
CSCO260213P00071000,71.0,0.58,0.49,0.67,5.0,150.0,0.4848684326171875,False,PUT,2026-02-13,CSCO
CSCO260213P00072000,72.0,0.75,0.65,0.72,8.0,115.0,0.4506890869140625,False,PUT,2026-02-13,CSCO
CSCO260213P00073000,73.0,0.85,0.82,0.92,16.0,156.0,0.446294599609375,False,PUT,2026-02-13,CSCO
CSCO260213P00074000,74.0,1.05,1.03,1.11,65.0,580.0,0.432622861328125,False,PUT,2026-02-13,CSCO
CSCO260213P00075000,75.0,1.31,1.29,1.35,2535.0,484.0,0.42090422851562503,False,PUT,2026-02-13,CSCO
CSCO260213P00076000,76.0,1.75,1.58,1.68,7.0,180.0,0.41699801757812494,False,PUT,2026-02-13,CSCO
CSCO260213P00077000,77.0,2.01,1.93,2.06,1127.0,345.0,0.41211525390625,False,PUT,2026-02-13,CSCO
CSCO260213P00078000,78.0,2.56,2.35,2.52,1057.0,71.0,0.41089456298828125,False,PUT,2026-02-13,CSCO
CSCO260213P00079000,79.0,2.9,2.83,3.05,15.0,116.0,0.41138283935546877,True,PUT,2026-02-13,CSCO
CSCO260213P00080000,80.0,3.65,3.4,3.6,9.0,82.0,0.4057676611328125,True,PUT,2026-02-13,CSCO
CSCO260213P00083000,83.0,9.45,4.2,5.7,1.0,1.0,0.4096738720703125,True,PUT,2026-02-13,CSCO
CSCO260213P00085000,85.0,10.55,6.05,7.85,1.0,0.0,0.523442265625,True,PUT,2026-02-13,CSCO
CSCO260213P00086000,86.0,10.9,6.9,8.7,3.0,0.0,0.53320779296875,True,PUT,2026-02-13,CSCO
CSCO260220C00055000,55.0,22.1,0.0,0.0,10.0,0.0,1.0000000000000003e-05,True,CALL,2026-02-20,CSCO
CSCO260220C00060000,60.0,14.65,17.75,19.6,1.0,34.0,0.70312796875,True,CALL,2026-02-20,CSCO
CSCO260220C00062500,62.5,13.85,15.25,17.0,1.0,162.0,0.5937540625000001,True,CALL,2026-02-20,CSCO
CSCO260220C00065000,65.0,13.68,13.4,14.05,1.0,94.0,0.5478560839843751,True,CALL,2026-02-20,CSCO
CSCO260220C00067500,67.5,10.9,10.9,11.5,3.0,105.0,0.5376022802734376,True,CALL,2026-02-20,CSCO
CSCO260220C00069000,69.0,6.25,9.2,11.0,3.0,3.0,0.5039112109375,True,CALL,2026-02-20,CSCO
CSCO260220C00070000,70.0,8.68,8.55,9.5,110.0,425.0,0.5449264257812501,True,CALL,2026-02-20,CSCO
CSCO260220C00071000,71.0,4.8,7.45,9.2,7.0,6.0,0.622074091796875,True,CALL,2026-02-20,CSCO
CSCO260220C00072000,72.0,7.5,6.65,8.25,1.0,33.0,0.5820354296875,True,CALL,2026-02-20,CSCO
CSCO260220C00072500,72.5,7.0,6.6,7.1,12.0,437.0,0.45386288330078123,True,CALL,2026-02-20,CSCO
CSCO260220C00074000,74.0,5.57,5.15,5.75,2.0,99.0,0.40918559570312496,True,CALL,2026-02-20,CSCO
CSCO260220C00075000,75.0,4.88,4.6,5.15,94.0,7223.0,0.418951123046875,True,CALL,2026-02-20,CSCO
CSCO260220C00076000,76.0,3.95,4.1,4.35,14.0,126.0,0.3940490283203125,True,CALL,2026-02-20,CSCO
CSCO260220C00077000,77.0,3.55,3.5,3.65,27.0,491.0,0.3776917700195312,True,CALL,2026-02-20,CSCO
CSCO260220C00077500,77.5,3.34,3.2,3.55,343.0,18300.0,0.3996642065429688,True,CALL,2026-02-20,CSCO
CSCO260220C00078000,78.0,2.98,2.93,3.05,368.0,1109.0,0.36817038085937503,True,CALL,2026-02-20,CSCO
CSCO260220C00079000,79.0,2.38,2.43,2.67,40.0,5813.0,0.38013315185546875,False,CALL,2026-02-20,CSCO
CSCO260220C00080000,80.0,2.18,2.0,2.22,281.0,19764.0,0.37622694091796877,False,CALL,2026-02-20,CSCO
CSCO260220C00081000,81.0,1.66,1.6,1.8,94.0,2337.0,0.36914693359375,False,CALL,2026-02-20,CSCO
CSCO260220C00082000,82.0,1.35,1.27,1.3,59.0,2572.0,0.34326828613281246,False,CALL,2026-02-20,CSCO
CSCO260220C00082500,82.5,1.15,1.04,1.25,17.0,11002.0,0.35596347167968745,False,CALL,2026-02-20,CSCO
CSCO260220C00083000,83.0,1.04,0.96,1.15,23.0,315.0,0.3601138208007812,False,CALL,2026-02-20,CSCO
CSCO260220C00084000,84.0,0.79,0.75,0.9,63.0,577.0,0.3562076098632812,False,CALL,2026-02-20,CSCO
CSCO260220C00085000,85.0,0.64,0.6,0.68,114.0,6423.0,0.3498600170898437,False,CALL,2026-02-20,CSCO
CSCO260220C00086000,86.0,0.47,0.39,0.56,30.0,35.0,0.35596347167968745,False,CALL,2026-02-20,CSCO
CSCO260220C00087500,87.5,0.32,0.28,0.36,300.0,480.0,0.3501041552734374,False,CALL,2026-02-20,CSCO
CSCO260220C00090000,90.0,0.16,0.13,0.2,119.0,1996.0,0.358404853515625,False,CALL,2026-02-20,CSCO
CSCO260220C00095000,95.0,0.05,0.01,0.1,16.0,196.0,0.4062559375,False,CALL,2026-02-20,CSCO
CSCO260220C00100000,100.0,0.07,0.0,0.08,1.0,655.0,0.476567734375,False,CALL,2026-02-20,CSCO
CSCO260220P00055000,55.0,0.04,0.0,0.08,10.0,10224.0,0.6171913281250001,False,PUT,2026-02-20,CSCO
CSCO260220P00060000,60.0,0.07,0.0,0.12,3.0,220.0,0.5117236328125,False,PUT,2026-02-20,CSCO
CSCO260220P00062500,62.5,0.09,0.06,0.16,1.0,4082.0,0.523442265625,False,PUT,2026-02-20,CSCO
CSCO260220P00063000,63.0,0.09,0.06,0.17,38.0,42.0,0.5136767382812499,False,PUT,2026-02-20,CSCO
CSCO260220P00064000,64.0,0.24,0.0,0.2,10.0,10.0,0.499028447265625,False,PUT,2026-02-20,CSCO
CSCO260220P00065000,65.0,0.18,0.15,0.4,13.0,1966.0,0.5019581054687501,False,PUT,2026-02-20,CSCO
CSCO260220P00066000,66.0,0.2,0.01,0.27,21.0,75.0,0.4672904833984375,False,PUT,2026-02-20,CSCO
CSCO260220P00067000,67.0,0.19,0.04,0.33,4.0,484.0,0.45703667968750006,False,PUT,2026-02-20,CSCO
CSCO260220P00067500,67.5,0.3,0.26,0.31,98.0,14936.0,0.4331111376953125,False,PUT,2026-02-20,CSCO
CSCO260220P00068000,68.0,0.35,0.27,0.55,48.0,165.0,0.48828636718750007,False,PUT,2026-02-20,CSCO
CSCO260220P00069000,69.0,0.42,0.14,0.49,1.0,136.0,0.43604079589843747,False,PUT,2026-02-20,CSCO
CSCO260220P00070000,70.0,0.5,0.45,0.6,14.0,17339.0,0.42676354492187507,False,PUT,2026-02-20,CSCO
CSCO260220P00071000,71.0,0.66,0.57,0.72,2.0,831.0,0.415044912109375,False,PUT,2026-02-20,CSCO
CSCO260220P00072000,72.0,0.78,0.73,0.85,24.0,232.0,0.4008848974609375,False,PUT,2026-02-20,CSCO
CSCO260220P00072500,72.5,0.84,0.81,0.94,24.0,16475.0,0.3969786865234375,False,PUT,2026-02-20,CSCO
CSCO260220P00073000,73.0,1.11,0.86,1.02,111.0,109.0,0.389654541015625,False,PUT,2026-02-20,CSCO
CSCO260220P00074000,74.0,1.13,1.11,1.2,6.0,266.0,0.37500625,False,PUT,2026-02-20,CSCO
CSCO260220P00075000,75.0,1.42,1.39,1.43,210.0,2747.0,0.3627993408203125,False,PUT,2026-02-20,CSCO
CSCO260220P00076000,76.0,1.73,1.63,1.79,197.0,456.0,0.3627993408203125,False,PUT,2026-02-20,CSCO
CSCO260220P00077000,77.0,2.07,2.04,2.17,1234.0,58.0,0.35816071533203125,False,PUT,2026-02-20,CSCO
CSCO260220P00077500,77.5,2.34,2.26,2.43,65.0,1516.0,0.362311064453125,False,PUT,2026-02-20,CSCO
CSCO260220P00078000,78.0,2.57,2.5,2.62,1253.0,215.0,0.35547519531249994,False,PUT,2026-02-20,CSCO
CSCO260220P00080000,80.0,3.64,3.5,3.7,44.0,591.0,0.35156898437499995,True,PUT,2026-02-20,CSCO
CSCO260220P00082500,82.5,7.5,4.9,5.35,2.0,291.0,0.34570966796874997,True,PUT,2026-02-20,CSCO
CSCO260220P00085000,85.0,11.0,6.15,7.85,3.0,236.0,0.436529072265625,True,PUT,2026-02-20,CSCO
CSCO260220P00087500,87.5,11.13,8.35,10.1,1.0,0.0,0.4731497998046875,True,PUT,2026-02-20,CSCO
CSCO260220P00090000,90.0,11.62,11.25,12.15,15.0,0.0,0.44482977050781247,True,PUT,2026-02-20,CSCO
CSCO260220P00095000,95.0,20.05,15.7,17.55,1.0,0.0,0.6645541357421877,True,PUT,2026-02-20,CSCO
CSCO260227C00064000,64.0,10.47,13.6,15.55,5.0,5.0,0.7111845288085938,True,CALL,2026-02-27,CSCO
CSCO260227C00067000,67.0,12.31,11.05,12.35,5.0,4.0,0.56055126953125,True,CALL,2026-02-27,CSCO
CSCO260227C00068000,68.0,10.85,10.2,12.1,1.0,2.0,0.6528355029296876,True,CALL,2026-02-27,CSCO
CSCO260227C00069000,69.0,9.5,9.05,11.2,2.0,2.0,0.6274451318359376,True,CALL,2026-02-27,CSCO
CSCO260227C00070000,70.0,7.85,8.2,10.3,4.0,10.0,0.6010782080078126,True,CALL,2026-02-27,CSCO
CSCO260227C00072000,72.0,7.9,6.8,7.7,5.0,14.0,0.43164630859375,True,CALL,2026-02-27,CSCO
CSCO260227C00073000,73.0,3.61,6.0,7.0,5.0,7.0,0.43335527587890627,True,CALL,2026-02-27,CSCO
CSCO260227C00074000,74.0,5.94,5.65,6.0,2.0,45.0,0.3913635083007812,True,CALL,2026-02-27,CSCO
CSCO260227C00075000,75.0,5.05,4.9,5.5,2.0,161.0,0.40991801025390623,True,CALL,2026-02-27,CSCO
CSCO260227C00076000,76.0,4.5,4.25,4.65,4.0,22.0,0.3806214282226562,True,CALL,2026-02-27,CSCO
CSCO260227C00077000,77.0,3.87,3.75,3.9,20.0,71.0,0.35938140625,True,CALL,2026-02-27,CSCO
CSCO260227C00078000,78.0,3.35,3.15,3.45,33.0,27.0,0.367193828125,True,CALL,2026-02-27,CSCO
CSCO260227C00079000,79.0,2.81,2.66,2.89,11.0,107.0,0.35742830078125,False,CALL,2026-02-27,CSCO
CSCO260227C00080000,80.0,2.25,2.22,2.38,17.0,282.0,0.3474186352539062,False,CALL,2026-02-27,CSCO
CSCO260227C00081000,81.0,1.93,1.82,2.03,22.0,73.0,0.3501041552734374,False,CALL,2026-02-27,CSCO
CSCO260227C00082000,82.0,1.37,1.45,1.68,28.0,56.0,0.3474186352539062,False,CALL,2026-02-27,CSCO
CSCO260227C00083000,83.0,1.21,1.13,1.39,1.0,228.0,0.34668622070312494,False,CALL,2026-02-27,CSCO
CSCO260227C00084000,84.0,1.05,0.9,1.15,2.0,32.0,0.3474186352539062,False,CALL,2026-02-27,CSCO
CSCO260227C00085000,85.0,0.76,0.69,0.9,9.0,99.0,0.34107104248046877,False,CALL,2026-02-27,CSCO
CSCO260227C00086000,86.0,0.65,0.05,0.8,5.0,55.0,0.3530338134765625,False,CALL,2026-02-27,CSCO
CSCO260227C00087000,87.0,0.27,0.34,1.69,1.0,30.0,0.5127001855468749,False,CALL,2026-02-27,CSCO
CSCO260227C00090000,90.0,0.14,0.0,1.42,1.0,3.0,0.5568891967773439,False,CALL,2026-02-27,CSCO
CSCO260227C00100000,100.0,0.15,0.0,1.64,,6.0,0.6699251757812501,False,CALL,2026-02-27,CSCO
CSCO260227P00060000,60.0,0.12,0.0,1.58,2.0,2002.0,0.7587914746093751,False,PUT,2026-02-27,CSCO
CSCO260227P00061000,61.0,0.16,0.0,2.17,1.0,1.0,0.7954122021484374,False,PUT,2026-02-27,CSCO
CSCO260227P00062000,62.0,0.24,0.0,2.2,2.0,1.0,0.7612328564453126,False,PUT,2026-02-27,CSCO
CSCO260227P00065000,65.0,0.16,0.0,2.25,3.0,9.0,0.654544470214844,False,PUT,2026-02-27,CSCO
CSCO260227P00066000,66.0,0.21,0.0,0.97,2.0,4.0,0.5864299169921875,False,PUT,2026-02-27,CSCO
CSCO260227P00067000,67.0,0.24,0.0,1.5,1.0,16.0,0.5053760400390624,False,PUT,2026-02-27,CSCO
CSCO260227P00068000,68.0,0.32,0.0,0.53,6.0,33.0,0.422857333984375,False,PUT,2026-02-27,CSCO
CSCO260227P00069000,69.0,0.35,0.33,2.05,2.0,13.0,0.5180712255859375,False,PUT,2026-02-27,CSCO
CSCO260227P00070000,70.0,0.41,0.41,0.8,1.0,24.0,0.41260353027343744,False,PUT,2026-02-27,CSCO
CSCO260227P00071000,71.0,0.64,0.6,0.77,2.0,5.0,0.37256486816406253,False,PUT,2026-02-27,CSCO
CSCO260227P00072000,72.0,0.91,0.8,0.93,36.0,77.0,0.36426416992187505,False,PUT,2026-02-27,CSCO
CSCO260227P00073000,73.0,1.05,0.98,1.1,5.0,27.0,0.3530338134765625,False,PUT,2026-02-27,CSCO
CSCO260227P00074000,74.0,1.4,1.2,1.43,1.0,59.0,0.35962554443359374,False,PUT,2026-02-27,CSCO
CSCO260227P00075000,75.0,1.75,1.49,1.72,6.0,136.0,0.35425450439453116,False,PUT,2026-02-27,CSCO
CSCO260227P00076000,76.0,2.11,1.83,2.05,6.0,12.0,0.348639326171875,False,PUT,2026-02-27,CSCO
CSCO260227P00078000,78.0,2.72,2.64,2.83,22.0,9.0,0.33484551879882807,False,PUT,2026-02-27,CSCO
CSCO260227P00079000,79.0,2.86,3.15,3.35,1.0,1.0,0.33399103515625,True,PUT,2026-02-27,CSCO
CSCO260227P00082000,82.0,8.23,4.9,5.2,,1.0,0.3293524096679687,True,PUT,2026-02-27,CSCO
CSCO260227P00083000,83.0,9.02,5.5,5.9,,1.0,0.3259344750976562,True,PUT,2026-02-27,CSCO
CSCO260306C00061000,61.0,13.8,16.3,18.85,,3.0,0.8017597949218749,True,CALL,2026-03-06,CSCO
CSCO260306C00070000,70.0,6.3,8.35,10.5,,2.0,0.567387138671875,True,CALL,2026-03-06,CSCO
CSCO260306C00073000,73.0,6.37,6.1,8.0,1.0,1.0,0.5083056982421875,True,CALL,2026-03-06,CSCO
CSCO260306C00077000,77.0,4.0,3.7,4.25,20.0,16.0,0.35962554443359374,True,CALL,2026-03-06,CSCO
CSCO260306C00078000,78.0,3.55,3.25,3.7,2.0,17.0,0.35596347167968745,True,CALL,2026-03-06,CSCO
CSCO260306C00080000,80.0,2.33,2.31,2.67,2.0,45.0,0.34229173339843744,False,CALL,2026-03-06,CSCO
CSCO260306C00081000,81.0,2.13,1.89,2.17,4.0,12.0,0.3298406860351562,False,CALL,2026-03-06,CSCO
CSCO260306C00082000,82.0,1.82,1.42,1.92,6.0,2.0,0.33887379882812496,False,CALL,2026-03-06,CSCO
CSCO260306C00085000,85.0,0.83,0.64,1.18,1.0,9.0,0.34400070068359373,False,CALL,2026-03-06,CSCO
CSCO260306P00065000,65.0,0.4,0.09,0.51,1.0,1.0,0.46191944335937507,False,PUT,2026-03-06,CSCO
CSCO260306P00066000,66.0,0.53,0.0,1.56,,1.0,0.6284216845703126,False,PUT,2026-03-06,CSCO
CSCO260306P00067000,67.0,0.29,0.0,1.27,9.0,6.0,0.5468795312500001,False,PUT,2026-03-06,CSCO
CSCO260306P00068000,68.0,0.84,0.0,1.59,1.0,1.0,0.561527822265625,False,PUT,2026-03-06,CSCO
CSCO260306P00069000,69.0,0.41,0.0,1.25,18.0,17.0,0.47559118164062497,False,PUT,2026-03-06,CSCO
CSCO260306P00070000,70.0,0.56,0.49,1.17,22.0,21.0,0.42969320312500003,False,PUT,2026-03-06,CSCO
CSCO260306P00073000,73.0,1.01,0.97,1.86,3.0,3.0,0.4133359448242187,False,PUT,2026-03-06,CSCO
CSCO260320C00055000,55.0,24.41,22.9,25.7,5.0,251.0,0.7651390673828126,True,CALL,2026-03-20,CSCO
CSCO260320C00057500,57.5,16.92,19.9,23.3,78.0,732.0,0.6469761865234375,True,CALL,2026-03-20,CSCO
CSCO260320C00060000,60.0,18.87,18.05,19.15,4.0,972.0,0.58789474609375,True,CALL,2026-03-20,CSCO
CSCO260320C00062500,62.5,12.22,15.55,16.9,78.0,547.0,0.5642133422851563,True,CALL,2026-03-20,CSCO
CSCO260320C00065000,65.0,13.98,13.7,14.25,7.0,1461.0,0.4689994506835938,True,CALL,2026-03-20,CSCO
CSCO260320C00067500,67.5,11.6,11.15,12.3,3.0,1014.0,0.47803256347656253,True,CALL,2026-03-20,CSCO
CSCO260320C00070000,70.0,9.0,8.9,9.9,19.0,2857.0,0.41480077392578124,True,CALL,2026-03-20,CSCO
CSCO260320C00072500,72.5,7.5,7.3,7.65,80.0,15696.0,0.36426416992187505,True,CALL,2026-03-20,CSCO
CSCO260320C00075000,75.0,5.6,5.35,5.8,683.0,7039.0,0.34229173339843744,True,CALL,2026-03-20,CSCO
CSCO260320C00077500,77.5,4.1,3.95,4.1,939.0,3994.0,0.31592480957031244,True,CALL,2026-03-20,CSCO
CSCO260320C00080000,80.0,2.73,2.71,2.82,352.0,13208.0,0.30445031494140623,False,CALL,2026-03-20,CSCO
CSCO260320C00082500,82.5,1.79,1.74,1.79,505.0,23104.0,0.29077857666015616,False,CALL,2026-03-20,CSCO
CSCO260320C00085000,85.0,1.14,1.06,1.19,209.0,11513.0,0.2941965112304687,False,CALL,2026-03-20,CSCO
CSCO260320C00087500,87.5,0.64,0.6,0.81,123.0,1433.0,0.30249720947265624,False,CALL,2026-03-20,CSCO
CSCO260320C00090000,90.0,0.36,0.32,0.6,124.0,7420.0,0.31836619140624994,False,CALL,2026-03-20,CSCO
CSCO260320C00095000,95.0,0.12,0.06,0.26,100.0,3358.0,0.3276434423828125,False,CALL,2026-03-20,CSCO
CSCO260320C00100000,100.0,0.01,0.0,0.1,1250.0,1404.0,0.331061376953125,False,CALL,2026-03-20,CSCO
CSCO260320P00055000,55.0,0.1,0.0,0.14,11.0,5713.0,0.5009815527343751,False,PUT,2026-03-20,CSCO
CSCO260320P00057500,57.5,0.04,0.0,0.3,4.0,1305.0,0.516606396484375,False,PUT,2026-03-20,CSCO
CSCO260320P00060000,60.0,0.08,0.06,0.33,1.0,5471.0,0.4672904833984375,False,PUT,2026-03-20,CSCO
CSCO260320P00062500,62.5,0.17,0.17,0.2,19.0,2547.0,0.367193828125,False,PUT,2026-03-20,CSCO
CSCO260320P00065000,65.0,0.33,0.28,0.38,1.0,7410.0,0.36426416992187505,False,PUT,2026-03-20,CSCO
CSCO260320P00067500,67.5,0.49,0.48,0.53,24.0,2341.0,0.3364324169921875,False,PUT,2026-03-20,CSCO
CSCO260320P00070000,70.0,0.84,0.78,0.86,15.0,25746.0,0.3249579223632812,False,PUT,2026-03-20,CSCO
CSCO260320P00072500,72.5,1.27,1.22,1.28,93.0,9291.0,0.30591514404296877,False,PUT,2026-03-20,CSCO
CSCO260320P00075000,75.0,1.89,1.85,1.95,105.0,3526.0,0.2937082348632812,False,PUT,2026-03-20,CSCO
CSCO260320P00077500,77.5,2.83,2.78,2.83,231.0,1789.0,0.2779613220214844,False,PUT,2026-03-20,CSCO
CSCO260320P00080000,80.0,4.25,4.0,4.1,43.0,1047.0,0.2708813146972656,True,PUT,2026-03-20,CSCO
CSCO260320P00082500,82.5,5.55,5.4,6.2,5.0,55.0,0.31323928955078123,True,PUT,2026-03-20,CSCO
CSCO260320P00085000,85.0,8.25,6.6,8.1,32.0,66.0,0.3198310205078124,True,PUT,2026-03-20,CSCO
CSCO260320P00087500,87.5,13.57,8.55,10.45,3.0,0.0,0.35962554443359374,True,PUT,2026-03-20,CSCO
CSCO260320P00090000,90.0,14.69,10.8,12.65,1.0,0.0,0.37305314453125,True,PUT,2026-03-20,CSCO
CSCO260320P00095000,95.0,27.71,15.95,18.75,2.0,1.0,0.6001016552734376,True,PUT,2026-03-20,CSCO
CSCO260417C00055000,55.0,18.9,22.95,24.75,4.0,1703.0,0.523442265625,True,CALL,2026-04-17,CSCO
CSCO260417C00057500,57.5,16.68,20.55,22.35,30.0,1885.0,0.637698935546875,True,CALL,2026-04-17,CSCO
CSCO260417C00060000,60.0,18.58,18.6,19.6,1.0,874.0,0.5400436621093752,True,CALL,2026-04-17,CSCO
CSCO260417C00062500,62.5,16.38,15.85,17.05,5.0,161.0,0.4733939379882813,True,CALL,2026-04-17,CSCO
CSCO260417C00065000,65.0,14.98,13.45,15.3,1.0,175.0,0.49878430908203125,True,CALL,2026-04-17,CSCO
CSCO260417C00067500,67.5,13.01,11.65,12.2,2.0,495.0,0.37329728271484375,True,CALL,2026-04-17,CSCO
CSCO260417C00070000,70.0,10.4,9.5,10.3,1.0,4776.0,0.3702455554199219,True,CALL,2026-04-17,CSCO
CSCO260417C00072500,72.5,8.3,7.35,8.9,2.0,2515.0,0.3936828210449219,True,CALL,2026-04-17,CSCO
CSCO260417C00075000,75.0,5.7,5.8,6.35,45.0,7804.0,0.31580274047851553,True,CALL,2026-04-17,CSCO
CSCO260417C00077500,77.5,4.56,4.5,4.6,531.0,2593.0,0.2887034020996093,True,CALL,2026-04-17,CSCO
CSCO260417C00080000,80.0,3.34,3.2,3.3,43.0,3216.0,0.2778392529296875,False,CALL,2026-04-17,CSCO
CSCO260417C00082500,82.5,2.22,2.22,2.33,18.0,5869.0,0.2735668347167969,False,CALL,2026-04-17,CSCO
CSCO260417C00085000,85.0,1.58,1.52,1.6,98.0,3753.0,0.2708813146972656,False,CALL,2026-04-17,CSCO
CSCO260417C00087500,87.5,1.01,0.98,1.07,7.0,474.0,0.2690502783203125,False,CALL,2026-04-17,CSCO
CSCO260417C00090000,90.0,0.75,0.45,0.79,17.0,1426.0,0.2788158056640625,False,CALL,2026-04-17,CSCO
CSCO260417C00095000,95.0,0.25,0.2,0.34,8.0,753.0,0.27930408203124996,False,CALL,2026-04-17,CSCO
CSCO260417C00100000,100.0,0.04,0.03,0.2,1.0,839.0,0.3002999658203125,False,CALL,2026-04-17,CSCO
CSCO260417P00055000,55.0,0.13,0.06,0.1,2500.0,9222.0,0.38086556640624997,False,PUT,2026-04-17,CSCO
CSCO260417P00057500,57.5,0.14,0.05,0.31,1.0,516.0,0.41797457031249996,False,PUT,2026-04-17,CSCO
CSCO260417P00060000,60.0,0.21,0.11,0.4,9.0,1617.0,0.39258419921875,False,PUT,2026-04-17,CSCO
CSCO260417P00062500,62.5,0.44,0.33,0.44,11.0,1564.0,0.35205726074218746,False,PUT,2026-04-17,CSCO
CSCO260417P00065000,65.0,0.6,0.53,0.66,30.0,2117.0,0.34009448974609374,False,PUT,2026-04-17,CSCO
CSCO260417P00067500,67.5,0.82,0.57,0.98,7.0,2991.0,0.32959654785156245,False,PUT,2026-04-17,CSCO
CSCO260417P00070000,70.0,1.27,1.2,1.27,21.0,2935.0,0.3042061767578125,False,PUT,2026-04-17,CSCO
CSCO260417P00072500,72.5,1.78,1.78,1.79,53.0,3082.0,0.29016823120117186,False,PUT,2026-04-17,CSCO
CSCO260417P00075000,75.0,2.52,2.45,2.52,25.0,2074.0,0.27893787475585935,False,PUT,2026-04-17,CSCO
CSCO260417P00077500,77.5,3.5,3.5,3.55,77.0,1196.0,0.273444765625,False,PUT,2026-04-17,CSCO
CSCO260417P00080000,80.0,5.0,4.65,4.85,35.0,1761.0,0.2696606237792969,True,PUT,2026-04-17,CSCO
CSCO260417P00082500,82.5,5.85,6.05,6.35,5.0,140.0,0.26270268554687504,True,PUT,2026-04-17,CSCO
CSCO260417P00085000,85.0,10.9,0.0,0.0,2.0,31.0,1.0000000000000003e-05,True,PUT,2026-04-17,CSCO
CSCO260417P00090000,90.0,14.95,11.1,12.9,35.0,1.0,0.32520206054687495,True,PUT,2026-04-17,CSCO
CSCO260618C00055000,55.0,24.45,23.35,25.2,19.0,227.0,0.5642133422851563,True,CALL,2026-06-18,CSCO
CSCO260618C00057500,57.5,22.66,21.05,22.9,2.0,323.0,0.5317429638671876,True,CALL,2026-06-18,CSCO
CSCO260618C00060000,60.0,20.26,18.8,20.65,2.0,382.0,0.5022022436523439,True,CALL,2026-06-18,CSCO
CSCO260618C00062500,62.5,17.31,16.7,18.0,1.0,455.0,0.43848217773437503,True,CALL,2026-06-18,CSCO
CSCO260618C00065000,65.0,15.6,14.5,16.25,22.0,822.0,0.44434149414062496,True,CALL,2026-06-18,CSCO
CSCO260618C00067500,67.5,13.07,12.8,13.35,16.0,1105.0,0.36426416992187505,True,CALL,2026-06-18,CSCO
CSCO260618C00070000,70.0,10.95,10.9,11.35,24.0,4020.0,0.3452213916015625,True,CALL,2026-06-18,CSCO
CSCO260618C00072500,72.5,9.22,8.9,9.6,1.0,2155.0,0.3353337951660156,True,CALL,2026-06-18,CSCO
CSCO260618C00075000,75.0,7.52,7.45,8.05,21.0,6188.0,0.32898620239257803,True,CALL,2026-06-18,CSCO
CSCO260618C00077500,77.5,6.3,6.05,6.35,25.0,1413.0,0.30713583496093744,True,CALL,2026-06-18,CSCO
CSCO260618C00080000,80.0,4.92,4.85,5.05,204.0,6082.0,0.29822479125976553,False,CALL,2026-06-18,CSCO
CSCO260618C00082500,82.5,3.85,3.75,4.0,16.0,1230.0,0.29383030395507803,False,CALL,2026-06-18,CSCO
CSCO260618C00085000,85.0,2.99,2.8,3.1,42.0,5606.0,0.28882547119140617,False,CALL,2026-06-18,CSCO
CSCO260618C00087500,87.5,2.32,2.19,2.35,13.0,664.0,0.2838206384277343,False,CALL,2026-06-18,CSCO
CSCO260618C00090000,90.0,1.74,1.63,1.8,8.0,8100.0,0.2827220166015625,False,CALL,2026-06-18,CSCO
CSCO260618C00095000,95.0,0.95,0.86,1.03,7.0,2077.0,0.28174546386718746,False,CALL,2026-06-18,CSCO
CSCO260618C00100000,100.0,0.53,0.45,0.63,22.0,11128.0,0.28833719482421866,False,CALL,2026-06-18,CSCO
CSCO260618P00055000,55.0,0.36,0.33,0.42,9.0,3407.0,0.37329728271484375,False,PUT,2026-06-18,CSCO
CSCO260618P00057500,57.5,0.56,0.42,0.66,10.0,3232.0,0.37354142089843745,False,PUT,2026-06-18,CSCO
CSCO260618P00060000,60.0,0.73,0.5,0.88,21.0,2219.0,0.3610903735351562,False,PUT,2026-06-18,CSCO
CSCO260618P00062500,62.5,0.98,0.8,1.11,1.0,1848.0,0.3435124243164062,False,PUT,2026-06-18,CSCO
CSCO260618P00065000,65.0,1.28,1.22,1.47,3.0,6325.0,0.33264827514648443,False,PUT,2026-06-18,CSCO
CSCO260618P00067500,67.5,1.71,1.66,1.78,1.0,3594.0,0.3112861840820312,False,PUT,2026-06-18,CSCO
CSCO260618P00070000,70.0,2.29,2.17,2.3,169.0,6182.0,0.29932341308593746,False,PUT,2026-06-18,CSCO
CSCO260618P00072500,72.5,2.9,2.86,2.96,161.0,2213.0,0.28833719482421866,False,PUT,2026-06-18,CSCO
CSCO260618P00075000,75.0,3.7,3.65,3.8,7.0,3363.0,0.27924304748535156,False,PUT,2026-06-18,CSCO
CSCO260618P00077500,77.5,4.7,4.65,4.8,7.0,860.0,0.26978269287109374,False,PUT,2026-06-18,CSCO
CSCO260618P00080000,80.0,5.9,5.85,6.05,45.0,743.0,0.26392337646484376,True,PUT,2026-06-18,CSCO
CSCO260618P00082500,82.5,7.8,7.1,7.55,10.0,73.0,0.2613599255371094,True,PUT,2026-06-18,CSCO
CSCO260618P00085000,85.0,8.43,8.8,9.6,2.0,45.0,0.27967028930664056,True,PUT,2026-06-18,CSCO
CSCO260618P00087500,87.5,11.5,10.5,11.45,,7.0,0.2797923583984374,True,PUT,2026-06-18,CSCO
CSCO260618P00090000,90.0,12.75,12.2,13.45,1.0,28.0,0.28162339477539056,True,PUT,2026-06-18,CSCO
CSCO260618P00095000,95.0,17.0,16.1,17.95,15.0,0.0,0.30261927856445314,True,PUT,2026-06-18,CSCO
CSCO260618P00100000,100.0,32.29,0.0,0.0,,0.0,1.0000000000000003e-05,True,PUT,2026-06-18,CSCO
CSCO260717C00055000,55.0,23.45,23.45,25.3,20.0,28.0,0.5230760583496092,True,CALL,2026-07-17,CSCO
CSCO260717C00060000,60.0,20.45,18.85,20.75,2.0,5.0,0.4650932397460938,True,CALL,2026-07-17,CSCO
CSCO260717C00065000,65.0,11.27,14.7,15.85,27.0,906.0,0.37805797729492185,True,CALL,2026-07-17,CSCO
CSCO260717C00067500,67.5,14.05,12.75,14.45,4.0,49.0,0.3986876538085938,True,CALL,2026-07-17,CSCO
CSCO260717C00070000,70.0,11.68,11.15,12.4,8.0,154.0,0.37329728271484375,True,CALL,2026-07-17,CSCO
CSCO260717C00072500,72.5,9.2,9.45,9.85,2.0,202.0,0.3184882604980468,True,CALL,2026-07-17,CSCO
CSCO260717C00075000,75.0,8.4,7.65,8.25,60.0,289.0,0.3094551477050781,True,CALL,2026-07-17,CSCO
CSCO260717C00077500,77.5,6.65,6.4,6.65,95.0,761.0,0.29395237304687494,True,CALL,2026-07-17,CSCO
CSCO260717C00080000,80.0,5.35,5.2,5.4,155.0,1732.0,0.28803202209472645,False,CALL,2026-07-17,CSCO
CSCO260717C00082500,82.5,4.25,4.1,4.35,6.0,1823.0,0.28424788024902337,False,CALL,2026-07-17,CSCO
CSCO260717C00085000,85.0,3.2,3.15,3.45,66.0,629.0,0.2805247729492187,False,CALL,2026-07-17,CSCO
CSCO260717C00087500,87.5,2.5,2.53,2.67,10.0,324.0,0.2756420092773437,False,CALL,2026-07-17,CSCO
CSCO260717C00090000,90.0,1.91,1.9,2.1,2.0,860.0,0.27509269836425776,False,CALL,2026-07-17,CSCO
CSCO260717C00095000,95.0,1.15,0.92,1.49,500.0,655.0,0.29016823120117186,False,CALL,2026-07-17,CSCO
CSCO260717C00100000,100.0,0.75,0.61,0.75,10.0,47.0,0.2747875256347656,False,CALL,2026-07-17,CSCO
CSCO260717P00055000,55.0,0.79,0.35,0.66,16.0,98.0,0.37842418457031246,False,PUT,2026-07-17,CSCO
CSCO260717P00060000,60.0,0.85,0.69,1.03,9.0,302.0,0.3446110461425781,False,PUT,2026-07-17,CSCO
CSCO260717P00065000,65.0,1.37,1.4,1.72,5.0,973.0,0.3219061950683593,False,PUT,2026-07-17,CSCO
CSCO260717P00067500,67.5,1.96,1.87,2.08,1.0,1092.0,0.30359583129882806,False,PUT,2026-07-17,CSCO
CSCO260717P00070000,70.0,2.57,2.5,2.62,190.0,571.0,0.2915109912109374,False,PUT,2026-07-17,CSCO
CSCO260717P00072500,72.5,3.35,3.2,3.4,35.0,567.0,0.28601788208007806,False,PUT,2026-07-17,CSCO
CSCO260717P00075000,75.0,4.4,4.0,4.25,3.0,745.0,0.2766185620117187,False,PUT,2026-07-17,CSCO
CSCO260717P00077500,77.5,5.15,5.05,5.25,120.0,1626.0,0.26709717285156254,False,PUT,2026-07-17,CSCO
CSCO260717P00080000,80.0,6.25,6.2,6.55,51.0,394.0,0.26380130737304686,True,PUT,2026-07-17,CSCO
CSCO260717P00082500,82.5,7.5,7.45,8.3,5.0,43.0,0.2739330419921875,True,PUT,2026-07-17,CSCO
CSCO260717P00085000,85.0,11.6,9.05,9.9,1.0,45.0,0.26978269287109374,True,PUT,2026-07-17,CSCO
CSCO260717P00087500,87.5,11.6,10.9,11.75,2.0,9.0,0.2710033837890625,True,PUT,2026-07-17,CSCO
CSCO260717P00090000,90.0,16.19,12.55,14.0,1.0,5.0,0.2884592639160155,True,PUT,2026-07-17,CSCO
CSCO260717P00095000,95.0,16.35,16.2,18.1,,21.0,0.28626202026367187,True,PUT,2026-07-17,CSCO
CSCO260918C00055000,55.0,24.95,24.3,25.05,1.0,137.0,0.4265194067382813,True,CALL,2026-09-18,CSCO
CSCO260918C00057500,57.5,21.0,21.6,23.3,1.0,50.0,0.44214425048828127,True,CALL,2026-09-18,CSCO
CSCO260918C00060000,60.0,20.37,19.55,21.4,10.0,529.0,0.4387263159179688,True,CALL,2026-09-18,CSCO
CSCO260918C00062500,62.5,14.29,17.4,18.7,66.0,519.0,0.38403936279296874,True,CALL,2026-09-18,CSCO
CSCO260918C00065000,65.0,16.2,15.5,16.35,65.0,869.0,0.35108070800781244,True,CALL,2026-09-18,CSCO
CSCO260918C00067500,67.5,12.86,13.45,14.9,2.0,559.0,0.36310451354980466,True,CALL,2026-09-18,CSCO
CSCO260918C00070000,70.0,12.3,12.1,12.6,50.0,949.0,0.3282537878417968,True,CALL,2026-09-18,CSCO
CSCO260918C00072500,72.5,11.33,10.2,11.35,11.0,1071.0,0.3382024188232422,True,CALL,2026-09-18,CSCO
CSCO260918C00075000,75.0,9.0,9.0,9.5,8.0,796.0,0.31677929321289056,True,CALL,2026-09-18,CSCO
CSCO260918C00077500,77.5,7.8,7.35,7.9,1.0,847.0,0.301764794921875,True,CALL,2026-09-18,CSCO
CSCO260918C00080000,80.0,6.45,6.1,6.5,18.0,14892.0,0.29004616210937495,False,CALL,2026-09-18,CSCO
CSCO260918C00082500,82.5,5.2,5.2,5.5,8.0,1733.0,0.2893137475585937,False,CALL,2026-09-18,CSCO
CSCO260918C00085000,85.0,4.45,4.25,4.65,1.0,7165.0,0.28955788574218744,False,CALL,2026-09-18,CSCO
CSCO260918C00087500,87.5,3.65,3.4,3.85,3.0,179.0,0.28717753845214833,False,CALL,2026-09-18,CSCO
CSCO260918C00090000,90.0,2.93,2.76,3.1,11.0,1047.0,0.28211167114257807,False,CALL,2026-09-18,CSCO
CSCO260918C00095000,95.0,1.71,1.69,2.33,7.0,438.0,0.2937082348632812,False,CALL,2026-09-18,CSCO
CSCO260918C00100000,100.0,1.23,1.22,1.33,1.0,1028.0,0.27698476928710936,False,CALL,2026-09-18,CSCO
CSCO260918P00055000,55.0,1.09,0.71,0.92,40.0,400.0,0.35278967529296873,False,PUT,2026-09-18,CSCO
CSCO260918P00057500,57.5,1.23,0.94,1.04,1.0,382.0,0.32959654785156245,False,PUT,2026-09-18,CSCO
CSCO260918P00060000,60.0,1.24,1.1,1.41,5.0,649.0,0.32569033691406246,False,PUT,2026-09-18,CSCO
CSCO260918P00062500,62.5,1.58,1.61,1.76,2.0,1773.0,0.31445998046874996,False,PUT,2026-09-18,CSCO
CSCO260918P00065000,65.0,2.1,1.82,2.32,3.0,2135.0,0.31153032226562494,False,PUT,2026-09-18,CSCO
CSCO260918P00067500,67.5,2.6,2.56,2.79,1.0,873.0,0.29798065307617183,False,PUT,2026-09-18,CSCO
CSCO260918P00070000,70.0,3.3,3.15,3.4,1.0,2299.0,0.28717753845214833,False,PUT,2026-09-18,CSCO
CSCO260918P00072500,72.5,4.1,4.0,4.3,20.0,597.0,0.2846751220703124,False,PUT,2026-09-18,CSCO
CSCO260918P00075000,75.0,5.1,4.85,5.1,1.0,2236.0,0.27210200561523434,False,PUT,2026-09-18,CSCO
CSCO260918P00077500,77.5,6.15,5.9,6.15,8.0,511.0,0.2645947564697265,False,PUT,2026-09-18,CSCO
CSCO260918P00080000,80.0,7.2,6.8,7.4,15.0,3132.0,0.2594068200683594,True,PUT,2026-09-18,CSCO
CSCO260918P00082500,82.5,8.55,8.45,8.8,27.0,1327.0,0.2543409527587891,True,PUT,2026-09-18,CSCO
CSCO260918P00085000,85.0,12.35,9.85,10.3,15.0,78.0,0.24738301452636718,True,PUT,2026-09-18,CSCO
CSCO260918P00087500,87.5,13.4,11.55,12.4,1.0,5.0,0.26056647644042963,True,PUT,2026-09-18,CSCO
CSCO260918P00090000,90.0,14.55,13.4,14.35,20.0,14.0,0.26306889282226564,True,PUT,2026-09-18,CSCO
CSCO260918P00100000,100.0,31.78,29.85,33.45,,8.0,0.675479319458008,True,PUT,2026-09-18,CSCO
CSCO261218C00055000,55.0,24.77,23.3,26.35,1.0,342.0,0.4446466668701171,True,CALL,2026-12-18,CSCO
CSCO261218C00057500,57.5,22.63,22.1,24.15,1.0,357.0,0.4229794030761719,True,CALL,2026-12-18,CSCO
CSCO261218C00060000,60.0,21.2,20.2,22.1,3.0,680.0,0.40796490478515623,True,CALL,2026-12-18,CSCO
CSCO261218C00062500,62.5,19.29,18.2,19.25,1.0,652.0,0.3528507098388671,True,CALL,2026-12-18,CSCO
CSCO261218C00065000,65.0,17.4,16.75,17.25,3.0,1343.0,0.3389348333740234,True,CALL,2026-12-18,CSCO
CSCO261218C00067500,67.5,15.4,14.55,16.35,9.0,616.0,0.3678652081298829,True,CALL,2026-12-18,CSCO
CSCO261218C00070000,70.0,13.59,13.2,14.4,1.0,1638.0,0.348639326171875,True,CALL,2026-12-18,CSCO
CSCO261218C00072500,72.5,9.3,11.45,12.7,1.0,1294.0,0.33667655517578127,True,CALL,2026-12-18,CSCO
CSCO261218C00075000,75.0,10.4,10.1,10.4,3.0,1688.0,0.30054410400390624,True,CALL,2026-12-18,CSCO
CSCO261218C00077500,77.5,9.02,8.95,9.1,1.0,321.0,0.29718720397949216,True,CALL,2026-12-18,CSCO
CSCO261218C00080000,80.0,7.91,7.7,7.85,25.0,1493.0,0.291877198486328,False,CALL,2026-12-18,CSCO
CSCO261218C00082500,82.5,7.1,6.15,6.9,1.0,318.0,0.2929758203124999,False,CALL,2026-12-18,CSCO
CSCO261218C00085000,85.0,6.0,5.2,6.0,5.0,2212.0,0.29230444030761704,False,CALL,2026-12-18,CSCO
CSCO261218C00087500,87.5,4.8,4.75,5.05,1.0,265.0,0.2864451239013671,False,CALL,2026-12-18,CSCO
CSCO261218C00090000,90.0,4.0,4.0,4.25,10.0,1357.0,0.2823558093261719,False,CALL,2026-12-18,CSCO
CSCO261218C00095000,95.0,3.05,2.66,3.35,16.0,571.0,0.29132788757324213,False,CALL,2026-12-18,CSCO
CSCO261218C00100000,100.0,1.8,1.59,2.18,5.0,420.0,0.2779002874755859,False,CALL,2026-12-18,CSCO
CSCO261218P00055000,55.0,1.28,0.84,1.27,5.0,200.0,0.3284979260253906,False,PUT,2026-12-18,CSCO
CSCO261218P00057500,57.5,1.69,1.25,1.5,2.0,1000.0,0.3136054968261719,False,PUT,2026-12-18,CSCO
CSCO261218P00060000,60.0,1.69,1.43,2.06,1.0,2209.0,0.3164741204833984,False,PUT,2026-12-18,CSCO
CSCO261218P00062500,62.5,2.17,1.84,2.55,1.0,294.0,0.309577216796875,False,PUT,2026-12-18,CSCO
CSCO261218P00065000,65.0,2.61,2.55,3.5,2.0,643.0,0.32019722778320303,False,PUT,2026-12-18,CSCO
CSCO261218P00067500,67.5,3.45,3.15,4.15,3.0,1234.0,0.31153032226562494,False,PUT,2026-12-18,CSCO
CSCO261218P00070000,70.0,3.95,3.75,4.45,247.0,766.0,0.28565167480468745,False,PUT,2026-12-18,CSCO
CSCO261218P00072500,72.5,4.95,4.7,6.1,69.0,736.0,0.30847859497070307,False,PUT,2026-12-18,CSCO
CSCO261218P00075000,75.0,6.05,5.9,6.05,69.0,1457.0,0.26453372192382807,False,PUT,2026-12-18,CSCO
CSCO261218P00077500,77.5,7.0,6.95,7.15,62.0,719.0,0.2588575091552735,False,PUT,2026-12-18,CSCO
CSCO261218P00080000,80.0,8.75,7.95,8.65,147.0,1347.0,0.2625195819091797,True,PUT,2026-12-18,CSCO
CSCO261218P00082500,82.5,12.1,9.25,10.8,1.0,26.0,0.284064776611328,True,PUT,2026-12-18,CSCO
CSCO261218P00085000,85.0,11.5,10.75,12.4,2.0,36.0,0.28327132751464834,True,PUT,2026-12-18,CSCO
CSCO261218P00087500,87.5,14.36,11.35,13.8,554.0,278.0,0.2718578674316406,True,PUT,2026-12-18,CSCO
CSCO261218P00090000,90.0,16.28,14.2,15.25,150.0,41.0,0.257819921875,True,PUT,2026-12-18,CSCO
CSCO261218P00095000,95.0,18.95,17.9,19.2,1.0,1.0,0.25794199096679693,True,PUT,2026-12-18,CSCO
CSCO261218P00100000,100.0,26.0,0.0,0.0,4.0,4.0,1.0000000000000003e-05,True,PUT,2026-12-18,CSCO
CSCO270115C00055000,55.0,25.45,24.5,26.4,1.0,1087.0,0.4294490649414063,True,CALL,2027-01-15,CSCO
CSCO270115C00057500,57.5,22.87,21.75,23.95,2.0,1066.0,0.3952697192382813,True,CALL,2027-01-15,CSCO
CSCO270115C00060000,60.0,21.48,19.9,22.15,1.0,973.0,0.39380489013671877,True,CALL,2027-01-15,CSCO
CSCO270115C00062500,62.5,19.4,18.4,20.45,5.0,939.0,0.39282833740234374,True,CALL,2027-01-15,CSCO
CSCO270115C00065000,65.0,17.35,16.35,18.3,2.0,1831.0,0.3694521063232422,True,CALL,2027-01-15,CSCO
CSCO270115C00067500,67.5,15.4,14.0,16.55,1.0,1424.0,0.36072416625976556,True,CALL,2027-01-15,CSCO
CSCO270115C00070000,70.0,13.85,13.5,13.95,37.0,3548.0,0.3177558459472656,True,CALL,2027-01-15,CSCO
CSCO270115C00072500,72.5,12.18,11.85,12.5,1.0,2720.0,0.31592480957031244,True,CALL,2027-01-15,CSCO
CSCO270115C00075000,75.0,11.15,10.3,11.8,1.0,2226.0,0.335944140625,True,CALL,2027-01-15,CSCO
CSCO270115C00077500,77.5,9.31,9.05,9.9,60.0,1449.0,0.31165239135742184,True,CALL,2027-01-15,CSCO
CSCO270115C00080000,80.0,7.95,7.95,8.2,82.0,3186.0,0.2913889221191405,False,CALL,2027-01-15,CSCO
CSCO270115C00082500,82.5,7.0,6.85,7.1,25.0,332.0,0.2876047802734374,False,CALL,2027-01-15,CSCO
CSCO270115C00085000,85.0,5.9,5.85,6.05,5.0,5281.0,0.28211167114257807,False,CALL,2027-01-15,CSCO
CSCO270115C00087500,87.5,5.2,4.8,5.25,8.0,301.0,0.2815623602294921,False,CALL,2027-01-15,CSCO
CSCO270115C00090000,90.0,4.4,4.2,4.5,23.0,2885.0,0.27960925476074217,False,CALL,2027-01-15,CSCO
CSCO270115C00095000,95.0,3.14,2.75,3.4,3.0,2652.0,0.28137925659179686,False,CALL,2027-01-15,CSCO
CSCO270115C00100000,100.0,2.25,2.06,2.26,239.0,1922.0,0.2701489001464844,False,CALL,2027-01-15,CSCO
CSCO270115P00055000,55.0,1.27,0.92,1.32,3.0,1119.0,0.3188544677734374,False,PUT,2027-01-15,CSCO
CSCO270115P00057500,57.5,1.57,1.41,1.71,11.0,2631.0,0.31445998046874996,False,PUT,2027-01-15,CSCO
CSCO270115P00060000,60.0,1.7,1.56,2.24,13.0,3235.0,0.3136054968261719,False,PUT,2027-01-15,CSCO
CSCO270115P00062500,62.5,2.35,1.98,2.71,8.0,884.0,0.30493859130859374,False,PUT,2027-01-15,CSCO
CSCO270115P00065000,65.0,3.15,2.72,3.15,30.0,1109.0,0.29175512939453113,False,PUT,2027-01-15,CSCO
CSCO270115P00067500,67.5,3.6,3.5,3.7,222.0,3168.0,0.2805247729492187,False,PUT,2027-01-15,CSCO
CSCO270115P00070000,70.0,4.55,3.8,5.5,48.0,2457.0,0.31354446228027344,False,PUT,2027-01-15,CSCO
CSCO270115P00072500,72.5,5.35,5.05,5.3,4.0,937.0,0.2675244146728516,False,PUT,2027-01-15,CSCO
CSCO270115P00075000,75.0,6.15,5.95,6.35,1.0,2689.0,0.2640454455566406,False,PUT,2027-01-15,CSCO
CSCO270115P00077500,77.5,7.3,7.1,7.4,45.0,1427.0,0.25659923095703124,False,PUT,2027-01-15,CSCO
CSCO270115P00080000,80.0,8.7,8.25,8.75,92.0,142.0,0.2551344018554688,True,PUT,2027-01-15,CSCO
CSCO270115P00082500,82.5,9.9,9.5,10.15,40.0,70.0,0.2512892254638671,True,PUT,2027-01-15,CSCO
CSCO270115P00085000,85.0,13.45,10.95,12.15,4.0,109.0,0.2634961346435547,True,PUT,2027-01-15,CSCO
CSCO270115P00087500,87.5,13.5,12.3,13.45,12.0,38.0,0.24878680908203127,True,PUT,2027-01-15,CSCO
CSCO270115P00090000,90.0,14.35,14.3,15.15,3.0,37.0,0.24372094177246095,True,PUT,2027-01-15,CSCO
CSCO270115P00095000,95.0,21.95,18.15,19.7,1.0,8.0,0.26746338012695314,True,PUT,2027-01-15,CSCO
CSCO270115P00100000,100.0,22.2,20.5,23.25,1.0,0.0,0.2387771435546875,True,PUT,2027-01-15,CSCO
CSCO270617C00060000,60.0,19.45,20.5,23.55,,1.0,0.383245913696289,True,CALL,2027-06-17,CSCO
CSCO270617C00065000,65.0,18.4,17.8,19.1,13.0,16.0,0.3358220715332031,True,CALL,2027-06-17,CSCO
CSCO270617C00072500,72.5,11.12,13.0,14.35,14.0,5.0,0.31818308776855464,True,CALL,2027-06-17,CSCO
CSCO270617C00075000,75.0,11.0,11.55,12.9,8.0,14.0,0.3117744604492187,True,CALL,2027-06-17,CSCO
CSCO270617C00080000,80.0,9.9,9.55,10.3,2.0,167.0,0.3006661730957031,False,CALL,2027-06-17,CSCO
CSCO270617C00082500,82.5,6.53,7.65,9.55,2.0,12.0,0.30676962768554683,False,CALL,2027-06-17,CSCO
CSCO270617C00090000,90.0,5.82,4.95,6.75,7.0,10.0,0.29730927307128896,False,CALL,2027-06-17,CSCO
CSCO270617C00095000,95.0,4.65,3.55,5.25,1.0,3.0,0.2912058184814452,False,CALL,2027-06-17,CSCO
CSCO270617P00060000,60.0,3.2,2.34,3.2,30.0,30.0,0.3036568658447265,False,PUT,2027-06-17,CSCO
CSCO270617P00065000,65.0,3.8,3.65,4.4,19.0,32.0,0.28876443664550777,False,PUT,2027-06-17,CSCO
CSCO270617P00067500,67.5,4.65,3.65,5.3,60.0,74.0,0.2877268493652343,False,PUT,2027-06-17,CSCO
CSCO270617P00070000,70.0,5.37,4.95,5.8,1.0,56.0,0.2711254528808594,False,PUT,2027-06-17,CSCO
CSCO270617P00075000,75.0,8.8,7.1,8.0,,32.0,0.2674023455810547,False,PUT,2027-06-17,CSCO
CSCO270617P00077500,77.5,8.4,7.3,9.6,4.0,48.0,0.2751537329101562,False,PUT,2027-06-17,CSCO
CSCO271217C00055000,55.0,23.0,26.1,28.4,1.0,30.0,0.3828797064208984,True,CALL,2027-12-17,CSCO
CSCO271217C00060000,60.0,23.58,22.55,24.6,1.0,141.0,0.36200589172363284,True,CALL,2027-12-17,CSCO
CSCO271217C00062500,62.5,20.5,20.8,23.0,1.0,144.0,0.35883209533691407,True,CALL,2027-12-17,CSCO
CSCO271217C00065000,65.0,20.78,18.65,21.8,1.0,56.0,0.3650576190185547,True,CALL,2027-12-17,CSCO
CSCO271217C00067500,67.5,18.58,17.1,19.75,4.0,81.0,0.34564863342285157,True,CALL,2027-12-17,CSCO
CSCO271217C00070000,70.0,16.55,15.3,17.65,8.0,165.0,0.3244696459960937,True,CALL,2027-12-17,CSCO
CSCO271217C00072500,72.5,16.18,14.65,16.7,7.0,29.0,0.3317632742309571,True,CALL,2027-12-17,CSCO
CSCO271217C00075000,75.0,14.35,13.35,14.15,1.0,1152.0,0.297583928527832,True,CALL,2027-12-17,CSCO
CSCO271217C00077500,77.5,9.8,11.4,12.9,1.0,41.0,0.29431858032226554,True,CALL,2027-12-17,CSCO
CSCO271217C00080000,80.0,11.56,10.25,12.85,2.0,90.0,0.31763377685546873,False,CALL,2027-12-17,CSCO
CSCO271217C00082500,82.5,10.55,10.0,11.1,1.0,72.0,0.29895720581054686,False,CALL,2027-12-17,CSCO
CSCO271217C00085000,85.0,9.65,8.1,11.2,2.0,258.0,0.3220892987060546,False,CALL,2027-12-17,CSCO
CSCO271217C00087500,87.5,8.77,8.35,9.2,1.0,1.0,0.2946847875976562,False,CALL,2027-12-17,CSCO
CSCO271217C00090000,90.0,7.68,7.5,8.35,2.0,170.0,0.2926096130371093,False,CALL,2027-12-17,CSCO
CSCO271217C00095000,95.0,5.45,5.75,7.4,1.0,71.0,0.30225307128906254,False,CALL,2027-12-17,CSCO
CSCO271217C00100000,100.0,4.85,4.1,5.95,256.0,495.0,0.29489840850830074,False,CALL,2027-12-17,CSCO
CSCO271217P00055000,55.0,2.7,1.98,3.3,1.0,80.0,0.3166572241210937,False,PUT,2027-12-17,CSCO
CSCO271217P00060000,60.0,3.75,2.63,3.9,1.0,50.0,0.2846751220703124,False,PUT,2027-12-17,CSCO
CSCO271217P00062500,62.5,5.25,3.25,4.7,2.0,73.0,0.2836985693359374,False,PUT,2027-12-17,CSCO
CSCO271217P00065000,65.0,4.9,3.45,6.15,1.0,71.0,0.2990792749023437,False,PUT,2027-12-17,CSCO
CSCO271217P00067500,67.5,5.7,4.7,6.0,73.0,96.0,0.26605958557128906,False,PUT,2027-12-17,CSCO
CSCO271217P00070000,70.0,6.76,6.15,7.3,8.0,123.0,0.2719494192504882,False,PUT,2027-12-17,CSCO
CSCO271217P00072500,72.5,8.0,5.95,8.25,70.0,246.0,0.2660901028442383,False,PUT,2027-12-17,CSCO
CSCO271217P00075000,75.0,8.55,7.0,8.65,44.0,127.0,0.2449416326904297,False,PUT,2027-12-17,CSCO
CSCO271217P00077500,77.5,9.5,8.05,11.15,47.0,55.0,0.2726513165283203,False,PUT,2027-12-17,CSCO
CSCO271217P00080000,80.0,10.7,9.25,12.5,89.0,134.0,0.27033200378417965,True,PUT,2027-12-17,CSCO
CSCO271217P00082500,82.5,13.15,10.25,13.4,,10.0,0.2556837127685547,True,PUT,2027-12-17,CSCO
CSCO271217P00085000,85.0,14.65,12.4,14.85,12.0,27.0,0.25202164001464844,True,PUT,2027-12-17,CSCO
CSCO271217P00090000,90.0,21.35,15.5,20.45,10.0,3.0,0.30313807220458977,True,PUT,2027-12-17,CSCO
CSCO271217P00100000,100.0,24.0,22.0,25.0,1.0,4.0,0.2257767852783203,True,PUT,2027-12-17,CSCO
CSCO280121C00055000,55.0,27.54,25.9,28.3,3.0,89.0,0.3699403826904296,True,CALL,2028-01-21,CSCO
CSCO280121C00057500,57.5,25.41,24.4,26.65,2.0,35.0,0.3688417608642578,True,CALL,2028-01-21,CSCO
CSCO280121C00060000,60.0,23.85,22.7,24.0,20.0,180.0,0.334418276977539,True,CALL,2028-01-21,CSCO
CSCO280121C00062500,62.5,21.44,20.8,23.1,4.0,99.0,0.3529117443847656,True,CALL,2028-01-21,CSCO
CSCO280121C00065000,65.0,19.85,19.4,21.25,3.0,248.0,0.34088793884277346,True,CALL,2028-01-21,CSCO
CSCO280121C00067500,67.5,15.85,17.05,19.85,5.0,120.0,0.33978931701660153,True,CALL,2028-01-21,CSCO
CSCO280121C00070000,70.0,17.53,16.4,17.7,72.0,904.0,0.3177558459472656,True,CALL,2028-01-21,CSCO
CSCO280121C00072500,72.5,13.55,14.9,17.0,1.0,276.0,0.33100034240722653,True,CALL,2028-01-21,CSCO
CSCO280121C00075000,75.0,14.4,13.45,15.4,17.0,1909.0,0.3201667105102538,True,CALL,2028-01-21,CSCO
CSCO280121C00077500,77.5,12.8,12.35,14.1,20.0,1052.0,0.31513136047363277,True,CALL,2028-01-21,CSCO
CSCO280121C00080000,80.0,12.9,11.45,12.9,1.0,1677.0,0.31098101135253897,False,CALL,2028-01-21,CSCO
CSCO280121C00082500,82.5,9.77,10.0,12.7,1.0,510.0,0.32819275329589837,False,CALL,2028-01-21,CSCO
CSCO280121C00085000,85.0,9.93,9.2,10.0,1.0,526.0,0.2869028829956054,False,CALL,2028-01-21,CSCO
CSCO280121C00087500,87.5,6.95,8.65,10.3,7.0,23.0,0.31250687499999996,False,CALL,2028-01-21,CSCO
CSCO280121C00090000,90.0,8.6,7.55,9.1,19.0,936.0,0.30264979583740237,False,CALL,2028-01-21,CSCO
CSCO280121C00095000,95.0,6.85,6.0,7.55,9.0,89.0,0.29834686035156244,False,CALL,2028-01-21,CSCO
CSCO280121C00100000,100.0,5.55,4.9,6.2,10.0,1277.0,0.2937997866821288,False,CALL,2028-01-21,CSCO
CSCO280121P00055000,55.0,2.75,1.88,3.05,1.0,61.0,0.2990792749023437,False,PUT,2028-01-21,CSCO
CSCO280121P00057500,57.5,4.15,2.56,4.4,10.0,57.0,0.32166205688476557,False,PUT,2028-01-21,CSCO
CSCO280121P00060000,60.0,4.3,2.86,4.5,3.0,111.0,0.2974923767089843,False,PUT,2028-01-21,CSCO
CSCO280121P00062500,62.5,4.56,3.4,4.7,10.0,34.0,0.276801665649414,False,PUT,2028-01-21,CSCO
CSCO280121P00065000,65.0,5.2,4.85,5.65,2.0,53.0,0.2775951147460937,False,PUT,2028-01-21,CSCO
CSCO280121P00067500,67.5,5.9,5.5,6.8,1.0,164.0,0.2810740838623046,False,PUT,2028-01-21,CSCO
CSCO280121P00070000,70.0,6.85,5.55,7.1,46.0,58.0,0.2601392346191406,False,PUT,2028-01-21,CSCO
CSCO280121P00072500,72.5,9.15,6.6,8.05,1.0,82.0,0.2546461254882813,False,PUT,2028-01-21,CSCO
CSCO280121P00075000,75.0,8.69,8.35,10.1,31.0,1006.0,0.273444765625,False,PUT,2028-01-21,CSCO
CSCO280121P00077500,77.5,9.65,9.2,11.3,2.0,343.0,0.26947752014160153,False,PUT,2028-01-21,CSCO
CSCO280121P00080000,80.0,11.4,10.4,11.6,11.0,1326.0,0.24311059631347653,True,PUT,2028-01-21,CSCO
CSCO280121P00082500,82.5,13.55,11.7,13.0,30.0,36.0,0.24033352447509765,True,PUT,2028-01-21,CSCO
CSCO280121P00085000,85.0,15.05,12.5,14.45,10.0,15.0,0.23676300354003904,True,PUT,2028-01-21,CSCO
CSCO280121P00087500,87.5,16.45,13.9,15.95,,2.0,0.23242955078125,True,PUT,2028-01-21,CSCO
CSCO280121P00090000,90.0,18.75,0.0,0.0,2.0,2.0,1.0000000000000003e-05,True,PUT,2028-01-21,CSCO
CSCO280121P00100000,100.0,32.0,24.05,25.6,,10.0,0.23661041717529296,True,PUT,2028-01-21,CSCO
CSX260130C00030000,30.0,7.97,7.1,8.8,1.0,33.0,2.3828165429687496,True,CALL,2026-01-30,CSX
CSX260130C00033000,33.0,4.98,4.2,5.4,2.0,3.0,1.2851598242187499,True,CALL,2026-01-30,CSX
CSX260130C00033500,33.5,2.59,3.7,4.7,,1.0,0.8437515624999999,True,CALL,2026-01-30,CSX
CSX260130C00034000,34.0,3.27,3.2,4.2,2.0,2.0,0.7500025,True,CALL,2026-01-30,CSX
CSX260130C00034500,34.5,2.23,2.7,3.7,5.0,8.0,0.6562534375000001,True,CALL,2026-01-30,CSX
CSX260130C00035000,35.0,2.57,2.2,3.0,3.0,47.0,1.142582412109375,True,CALL,2026-01-30,CSX
CSX260130C00035500,35.5,2.5,1.7,2.5,2.0,81.0,1.001958115234375,True,CALL,2026-01-30,CSX
CSX260130C00036000,36.0,1.23,1.15,1.75,1.0,62.0,0.5039112109375,True,CALL,2026-01-30,CSX
CSX260130C00036500,36.5,1.1,0.7,1.5,1.0,83.0,0.7070341796875,True,CALL,2026-01-30,CSX
CSX260130C00037000,37.0,0.8,0.5,1.15,18.0,412.0,0.6953155468750001,True,CALL,2026-01-30,CSX
CSX260130C00037500,37.5,0.2,0.25,0.35,4.0,316.0,0.22852333984375,True,CALL,2026-01-30,CSX
CSX260130C00038000,38.0,0.1,0.05,0.1,30.0,490.0,0.20313296874999998,False,CALL,2026-01-30,CSX
CSX260130C00038500,38.5,0.04,0.0,0.1,3.0,51.0,0.335944140625,False,CALL,2026-01-30,CSX
CSX260130C00039000,39.0,0.05,0.0,0.4,18.0,67.0,0.585941640625,False,CALL,2026-01-30,CSX
CSX260130C00040000,40.0,0.04,0.0,0.05,11.0,18.0,0.5507857421875001,False,CALL,2026-01-30,CSX
CSX260130C00041000,41.0,0.15,0.0,1.5,,166.0,1.7109389453125,False,CALL,2026-01-30,CSX
CSX260130C00044000,44.0,0.05,0.0,0.95,1.0,1.0,2.0273486816406248,False,CALL,2026-01-30,CSX
CSX260130C00045000,45.0,0.05,0.0,0.75,,4.0,2.0546923632812497,False,CALL,2026-01-30,CSX
CSX260130P00031000,31.0,0.08,0.0,0.95,6.0,11.0,2.501956870117187,False,PUT,2026-01-30,CSX
CSX260130P00032000,32.0,0.22,0.0,0.1,3.0,5.0,1.2500037499999999,False,PUT,2026-01-30,CSX
CSX260130P00032500,32.5,0.05,0.0,1.55,2.0,6.0,2.496097509765625,False,PUT,2026-01-30,CSX
CSX260130P00033000,33.0,0.21,0.0,0.2,1.0,4.0,1.21875390625,False,PUT,2026-01-30,CSX
CSX260130P00033500,33.5,0.07,0.0,0.15,1.0,16.0,1.0390673046875003,False,PUT,2026-01-30,CSX
CSX260130P00034000,34.0,0.05,0.0,0.1,1.0,26.0,0.851563984375,False,PUT,2026-01-30,CSX
CSX260130P00034500,34.5,0.06,0.0,0.05,1.0,18.0,0.6562534375000001,False,PUT,2026-01-30,CSX
CSX260130P00035000,35.0,0.24,0.0,0.05,1.0,307.0,0.570316796875,False,PUT,2026-01-30,CSX
CSX260130P00035500,35.5,0.05,0.0,0.55,5.0,66.0,0.937500625,False,PUT,2026-01-30,CSX
CSX260130P00036000,36.0,0.02,0.0,0.05,22.0,139.0,0.45313046875,False,PUT,2026-01-30,CSX
CSX260130P00036500,36.5,0.05,0.0,0.2,1.0,407.0,0.5644574804687501,False,PUT,2026-01-30,CSX
CSX260130P00037000,37.0,0.19,0.0,0.2,1.0,212.0,0.41797457031249996,False,PUT,2026-01-30,CSX
CSX260130P00037500,37.5,0.2,0.1,0.7,3.0,117.0,0.7070341796875,False,PUT,2026-01-30,CSX
CSX260130P00038000,38.0,0.58,0.4,1.0,20.0,21.0,0.7402369726562499,True,PUT,2026-01-30,CSX
CSX260130P00038500,38.5,4.11,0.65,1.7,,1.0,0.6093789062500001,True,PUT,2026-01-30,CSX
CSX260130P00039000,39.0,1.73,1.1,2.0,2.0,4.0,0.6152382226562501,True,PUT,2026-01-30,CSX
CSX260130P00039500,39.5,3.3,1.55,2.4,10.0,10.0,0.6367223828125,True,PUT,2026-01-30,CSX
CSX260130P00040000,40.0,4.27,2.0,3.2,,0.0,0.9179695703125,True,PUT,2026-01-30,CSX
CSX260130P00041000,41.0,6.59,2.85,3.9,1.0,0.0,0.7187528125,True,PUT,2026-01-30,CSX
CSX260130P00042000,42.0,4.35,3.9,4.8,2.0,1.0,0.773439765625,True,PUT,2026-01-30,CSX
CSX260130P00043000,43.0,6.21,4.8,5.8,1.0,0.0,1.8300789746093749,True,PUT,2026-01-30,CSX
CSX260130P00044000,44.0,9.4,5.7,7.5,,0.0,1.7109389453125,True,PUT,2026-01-30,CSX
CSX260130P00045000,45.0,9.99,6.7,7.9,,0.0,2.355472861328124,True,PUT,2026-01-30,CSX
CSX260206C00028000,28.0,9.47,8.9,11.1,3.0,3.0,1.44140904296875,True,CALL,2026-02-06,CSX
CSX260206C00032000,32.0,3.19,5.0,7.3,,2.0,1.0429735351562504,True,CALL,2026-02-06,CSX
CSX260206C00033000,33.0,2.37,4.0,6.0,,1.0,0.7949239257812499,True,CALL,2026-02-06,CSX
CSX260206C00034000,34.0,3.53,3.0,4.5,1.0,2.0,0.9765627343750001,True,CALL,2026-02-06,CSX
CSX260206C00035000,35.0,2.37,2.25,3.1,1.0,1.0,0.6005899316406251,True,CALL,2026-02-06,CSX
CSX260206C00035500,35.5,2.5,1.8,2.65,5.0,5.0,0.5585981640625001,True,CALL,2026-02-06,CSX
CSX260206C00036000,36.0,1.53,1.3,2.1,11.0,32.0,0.45898978515625005,True,CALL,2026-02-06,CSX
CSX260206C00036500,36.5,1.32,1.1,1.55,1.0,29.0,0.35938140625,True,CALL,2026-02-06,CSX
CSX260206C00037000,37.0,1.28,0.85,1.0,2.0,79.0,0.257819921875,True,CALL,2026-02-06,CSX
CSX260206C00037500,37.5,0.6,0.5,0.75,5.0,54.0,0.2797923583984374,True,CALL,2026-02-06,CSX
CSX260206C00038000,38.0,0.39,0.3,0.45,1.0,52.0,0.2524488818359375,False,CALL,2026-02-06,CSX
CSX260206C00038500,38.5,0.2,0.1,0.25,56.0,59.0,0.23926541992187497,False,CALL,2026-02-06,CSX
CSX260206C00039000,39.0,0.15,0.05,0.2,10.0,209.0,0.27539787109374997,False,CALL,2026-02-06,CSX
CSX260206C00039500,39.5,0.1,0.0,0.35,1.0,10.0,0.41797457031249996,False,CALL,2026-02-06,CSX
CSX260206C00040000,40.0,0.15,0.0,0.55,,8.0,0.5839885351562499,False,CALL,2026-02-06,CSX
CSX260206C00042000,42.0,0.05,0.0,0.55,,1.0,0.632816171875,False,CALL,2026-02-06,CSX
CSX260206P00031000,31.0,0.1,0.0,0.55,,3.0,0.999023447265625,False,PUT,2026-02-06,CSX
CSX260206P00032000,32.0,0.05,0.0,0.55,1.0,4.0,0.87695435546875,False,PUT,2026-02-06,CSX
CSX260206P00032500,32.5,0.19,0.0,0.4,,10.0,0.74414318359375,False,PUT,2026-02-06,CSX
CSX260206P00033000,33.0,0.25,0.0,0.55,,2.0,0.7539087109375,False,PUT,2026-02-06,CSX
CSX260206P00033500,33.5,0.05,0.0,0.35,5.0,0.0,0.6044961425781252,False,PUT,2026-02-06,CSX
CSX260206P00034000,34.0,0.08,0.0,0.35,1.0,14.0,0.5468795312500001,False,PUT,2026-02-06,CSX
CSX260206P00034500,34.5,0.15,0.0,0.6,1.0,1.0,0.585941640625,False,PUT,2026-02-06,CSX
CSX260206P00035000,35.0,0.1,0.0,0.15,1.0,69.0,0.41211525390625,False,PUT,2026-02-06,CSX
CSX260206P00035500,35.5,0.7,0.0,0.35,,2.0,0.48730981445312505,False,PUT,2026-02-06,CSX
CSX260206P00036000,36.0,0.15,0.05,0.2,1.0,99.0,0.33008482421874996,False,PUT,2026-02-06,CSX
CSX260206P00037000,37.0,0.37,0.2,0.35,1.0,36.0,0.2695385546875,False,PUT,2026-02-06,CSX
CSX260206P00038000,38.0,1.25,0.55,0.85,3.0,2.0,0.28516339843749994,True,PUT,2026-02-06,CSX
CSX260206P00042000,42.0,5.73,3.7,6.0,,0.0,0.7949239257812499,True,PUT,2026-02-06,CSX
CSX260206P00044000,44.0,8.65,5.7,8.2,1.0,0.0,1.05078599609375,True,PUT,2026-02-06,CSX
CSX260206P00045000,45.0,10.27,6.7,9.1,,0.0,1.1103560107421875,True,PUT,2026-02-06,CSX
CSX260206P00047000,47.0,10.41,8.7,10.3,2.0,0.0,0.93164130859375,True,PUT,2026-02-06,CSX
CSX260213C00032000,32.0,4.2,5.0,6.7,40.0,40.0,0.5800823242187501,True,CALL,2026-02-13,CSX
CSX260213C00033000,33.0,2.7,4.1,5.8,5.0,5.0,0.5644574804687501,True,CALL,2026-02-13,CSX
CSX260213C00034000,34.0,2.85,2.4,4.9,2.0,2.0,0.893555751953125,True,CALL,2026-02-13,CSX
CSX260213C00035000,35.0,2.55,2.1,3.4,7.0,20.0,0.57617611328125,True,CALL,2026-02-13,CSX
CSX260213C00036000,36.0,1.52,1.5,2.0,1.0,33.0,0.30322962402343745,True,CALL,2026-02-13,CSX
CSX260213C00037000,37.0,1.15,1.0,1.8,1.0,489.0,0.46094289062500005,True,CALL,2026-02-13,CSX
CSX260213C00038000,38.0,0.53,0.45,0.75,3.0,143.0,0.28565167480468745,False,CALL,2026-02-13,CSX
CSX260213C00039000,39.0,0.25,0.15,0.4,2.0,17.0,0.28516339843749994,False,CALL,2026-02-13,CSX
CSX260213C00040000,40.0,0.43,0.05,0.4,,1.0,0.3789124609375,False,CALL,2026-02-13,CSX
CSX260213C00043000,43.0,0.34,0.0,0.55,,1.0,0.5419967675781252,False,CALL,2026-02-13,CSX
CSX260213P00031000,31.0,0.13,0.0,0.55,1.0,13.0,0.7500025,False,PUT,2026-02-13,CSX
CSX260213P00032000,32.0,0.5,0.0,0.4,1.0,9.0,0.6015664843750002,False,PUT,2026-02-13,CSX
CSX260213P00033000,33.0,0.35,0.0,0.45,2.0,4.0,0.532231240234375,False,PUT,2026-02-13,CSX
CSX260213P00034000,34.0,0.1,0.0,0.15,1.0,15.0,0.39258419921875,False,PUT,2026-02-13,CSX
CSX260213P00035000,35.0,0.1,0.05,0.15,4.0,14.0,0.309577216796875,False,PUT,2026-02-13,CSX
CSX260213P00036000,36.0,0.2,0.15,0.3,1.0,97.0,0.2929758203124999,False,PUT,2026-02-13,CSX
CSX260213P00037000,37.0,0.56,0.35,0.7,1.0,29.0,0.32129584960937496,False,PUT,2026-02-13,CSX
CSX260213P00044000,44.0,7.32,5.7,7.5,,0.0,0.6054726953125001,True,PUT,2026-02-13,CSX
CSX260213P00046000,46.0,10.28,7.3,10.3,,0.0,0.8447281152343749,True,PUT,2026-02-13,CSX
CSX260213P00047000,47.0,11.6,8.7,10.4,1.0,0.0,0.7402369726562499,True,PUT,2026-02-13,CSX
CSX260220C00027500,27.5,10.0,5.5,8.8,2.0,2.0,1.0000000000000003e-05,True,CALL,2026-02-20,CSX
CSX260220C00029000,29.0,8.13,8.2,9.0,2.0,1.0,0.8183611914062499,True,CALL,2026-02-20,CSX
CSX260220C00030000,30.0,6.5,7.2,8.0,4.0,42.0,0.73633076171875,True,CALL,2026-02-20,CSX
CSX260220C00031000,31.0,6.2,6.2,7.0,10.0,10.0,0.6562534375000001,True,CALL,2026-02-20,CSX
CSX260220C00032500,32.5,5.56,4.8,5.4,1.0,248.0,0.4804739453125,True,CALL,2026-02-20,CSX
CSX260220C00034000,34.0,3.8,3.3,4.0,6.0,16.0,0.41797457031249996,True,CALL,2026-02-20,CSX
CSX260220C00034500,34.5,3.11,2.8,3.6,1.0,1.0,0.41797457031249996,True,CALL,2026-02-20,CSX
CSX260220C00035000,35.0,2.82,2.7,2.95,4.0,29946.0,0.31641308593749995,True,CALL,2026-02-20,CSX
CSX260220C00035500,35.5,2.52,2.05,2.55,2.0,290.0,0.3139717041015625,True,CALL,2026-02-20,CSX
CSX260220C00036000,36.0,1.92,1.85,2.15,3.0,43.0,0.30322962402343745,True,CALL,2026-02-20,CSX
CSX260220C00036500,36.5,1.47,1.5,1.65,162.0,640.0,0.2553785400390626,True,CALL,2026-02-20,CSX
CSX260220C00037000,37.0,1.05,1.15,1.3,8.0,84.0,0.247077841796875,True,CALL,2026-02-20,CSX
CSX260220C00037500,37.5,0.78,0.8,1.0,60.0,10025.0,0.2417068017578125,True,CALL,2026-02-20,CSX
CSX260220C00038000,38.0,0.6,0.6,0.75,30.0,3271.0,0.23828886718749998,False,CALL,2026-02-20,CSX
CSX260220C00038500,38.5,0.42,0.35,0.55,17.0,71.0,0.2368240380859375,False,CALL,2026-02-20,CSX
CSX260220C00039000,39.0,0.27,0.25,0.35,18.0,9058.0,0.22266402343749997,False,CALL,2026-02-20,CSX
CSX260220C00039500,39.5,0.22,0.15,0.25,10.0,85.0,0.22657023437499998,False,CALL,2026-02-20,CSX
CSX260220C00040000,40.0,0.13,0.1,0.15,12.0,40351.0,0.21875781249999998,False,CALL,2026-02-20,CSX
CSX260220C00041000,41.0,0.1,0.0,0.2,11.0,12.0,0.30274134765625,False,CALL,2026-02-20,CSX
CSX260220C00042000,42.0,0.05,0.0,0.1,2.0,12.0,0.3007882421875,False,CALL,2026-02-20,CSX
CSX260220C00042500,42.5,0.05,0.0,0.1,5.0,5130.0,0.3242255078124999,False,CALL,2026-02-20,CSX
CSX260220C00045000,45.0,0.05,0.0,0.05,1.0,110.0,0.38281867187499996,False,CALL,2026-02-20,CSX
CSX260220C00047500,47.5,0.1,0.0,1.85,,1.0,0.965820654296875,False,CALL,2026-02-20,CSX
CSX260220P00027500,27.5,0.08,0.0,0.15,8.0,135.0,0.6875031250000001,False,PUT,2026-02-20,CSX
CSX260220P00030000,30.0,0.05,0.0,0.1,2.0,416.0,0.5546919531250001,False,PUT,2026-02-20,CSX
CSX260220P00031000,31.0,0.15,0.0,0.15,10.0,10.0,0.5351608984375,False,PUT,2026-02-20,CSX
CSX260220P00032000,32.0,0.17,0.0,0.15,,2.0,0.46582565429687506,False,PUT,2026-02-20,CSX
CSX260220P00032500,32.5,0.05,0.0,0.1,4.0,1577.0,0.39160764648437496,False,PUT,2026-02-20,CSX
CSX260220P00033000,33.0,0.25,0.0,0.15,,1.0,0.39649041015625003,False,PUT,2026-02-20,CSX
CSX260220P00033500,33.5,0.05,0.05,0.15,1.0,35.0,0.362311064453125,False,PUT,2026-02-20,CSX
CSX260220P00034000,34.0,0.14,0.0,0.1,78.0,169.0,0.29492892578124996,False,PUT,2026-02-20,CSX
CSX260220P00034500,34.5,0.21,0.05,0.25,17.0,14.0,0.3437565625,False,PUT,2026-02-20,CSX
CSX260220P00035000,35.0,0.17,0.1,0.2,2.0,2941.0,0.28321029296874994,False,PUT,2026-02-20,CSX
CSX260220P00035500,35.5,0.22,0.15,0.3,4.0,2822.0,0.28613995117187496,False,PUT,2026-02-20,CSX
CSX260220P00036000,36.0,0.32,0.2,0.35,2.0,704.0,0.2617261328125,False,PUT,2026-02-20,CSX
CSX260220P00036500,36.5,0.45,0.3,0.45,26.0,298.0,0.24805439453125,False,PUT,2026-02-20,CSX
CSX260220P00037000,37.0,0.6,0.45,0.6,3.0,215.0,0.24024197265624997,False,PUT,2026-02-20,CSX
CSX260220P00037500,37.5,0.7,0.65,0.8,23.0,883.0,0.23535920898437498,False,PUT,2026-02-20,CSX
CSX260220P00040000,40.0,2.75,2.15,2.9,2.0,10.0,0.37305314453125,True,PUT,2026-02-20,CSX
CSX260220P00046000,46.0,8.82,6.6,10.5,1.0,0.0,0.5732464550781251,True,PUT,2026-02-20,CSX
CSX260220P00047500,47.5,11.28,8.0,12.0,1.0,0.0,0.6035195898437502,True,PUT,2026-02-20,CSX
CSX260227C00028000,28.0,8.99,8.6,10.4,1.0,4.0,1.001958115234375,True,CALL,2026-02-27,CSX
CSX260227C00029000,29.0,6.25,7.8,10.1,,4.0,0.68555001953125,True,CALL,2026-02-27,CSX
CSX260227C00034000,34.0,3.92,3.2,4.4,6.0,6.0,0.5039112109375,True,CALL,2026-02-27,CSX
CSX260227C00035000,35.0,2.9,2.15,3.5,2.0,1.0,0.44922425781249997,True,CALL,2026-02-27,CSX
CSX260227C00036000,36.0,1.92,1.95,2.15,1.0,10.0,0.26563234375,True,CALL,2026-02-27,CSX
CSX260227C00037000,37.0,1.25,1.25,1.45,2.0,22.0,0.252937158203125,True,CALL,2026-02-27,CSX
CSX260227C00038000,38.0,0.72,0.7,0.85,1.0,24.0,0.23194127441406248,False,CALL,2026-02-27,CSX
CSX260227C00039000,39.0,0.4,0.35,0.5,3.0,7.0,0.2348709326171875,False,CALL,2026-02-27,CSX
CSX260227C00040000,40.0,0.2,0.1,0.25,2.0,38.0,0.22901161621093752,False,CALL,2026-02-27,CSX
CSX260227C00041000,41.0,0.3,0.05,0.75,3.0,3.0,0.4419001123046875,False,CALL,2026-02-27,CSX
CSX260227C00044000,44.0,0.1,0.0,0.35,,1.0,0.47461462890625,False,CALL,2026-02-27,CSX
CSX260227P00032000,32.0,0.3,0.0,0.75,,1.0,0.5273484765625001,False,PUT,2026-02-27,CSX
CSX260227P00033000,33.0,0.33,0.0,0.45,1.0,2.0,0.48633326171875,False,PUT,2026-02-27,CSX
CSX260227P00035000,35.0,0.85,0.15,0.3,,1.0,0.28613995117187496,False,PUT,2026-02-27,CSX
CSX260227P00036000,36.0,0.45,0.3,0.45,8.0,10.0,0.25830819824218754,False,PUT,2026-02-27,CSX
CSX260227P00039000,39.0,1.76,1.65,1.85,3.0,9.0,0.241218525390625,True,PUT,2026-02-27,CSX
CSX260227P00043000,43.0,6.1,4.3,6.7,6.0,3.0,0.7382838671874999,True,PUT,2026-02-27,CSX
CSX260306C00035000,35.0,2.84,2.3,3.5,1.0,1.0,0.40430283203125,True,CALL,2026-03-06,CSX
CSX260306C00038000,38.0,0.83,0.75,0.95,136.0,136.0,0.2299881689453125,False,CALL,2026-03-06,CSX
CSX260306P00034000,34.0,0.3,0.1,0.3,3.0,3.0,0.32031929687499994,False,PUT,2026-03-06,CSX
CSX260306P00036000,36.0,0.54,0.35,0.6,5.0,123.0,0.270515107421875,False,PUT,2026-03-06,CSX
CSX260320C00027500,27.5,7.9,6.0,9.7,5.0,178.0,1.0000000000000003e-05,True,CALL,2026-03-20,CSX
CSX260320C00030000,30.0,8.4,7.2,8.1,1.0,127.0,0.5346726220703125,True,CALL,2026-03-20,CSX
CSX260320C00032500,32.5,5.4,4.9,5.6,5.0,1186.0,0.393560751953125,True,CALL,2026-03-20,CSX
CSX260320C00035000,35.0,3.05,2.7,3.2,1.0,9050.0,0.27637442382812494,True,CALL,2026-03-20,CSX
CSX260320C00037500,37.5,1.17,1.25,1.45,12.0,2568.0,0.24268335449218748,True,CALL,2026-03-20,CSX
CSX260320C00040000,40.0,0.35,0.35,0.4,30.0,3340.0,0.21192194335937498,False,CALL,2026-03-20,CSX
CSX260320C00042500,42.5,0.1,0.05,0.1,2.0,301.0,0.21778125976562498,False,CALL,2026-03-20,CSX
CSX260320C00045000,45.0,0.04,0.0,0.2,1.0,499.0,0.34326828613281246,False,CALL,2026-03-20,CSX
CSX260320C00047500,47.5,0.01,0.0,0.15,11.0,44.0,0.39160764648437496,False,CALL,2026-03-20,CSX
CSX260320P00027500,27.5,0.11,0.0,0.15,1.0,262.0,0.5293015820312501,False,PUT,2026-03-20,CSX
CSX260320P00030000,30.0,0.1,0.05,0.15,11.0,3880.0,0.4062559375,False,PUT,2026-03-20,CSX
CSX260320P00032500,32.5,0.13,0.1,0.25,27.0,1905.0,0.33301448242187504,False,PUT,2026-03-20,CSX
CSX260320P00035000,35.0,0.42,0.35,0.45,3.0,3391.0,0.25830819824218754,False,PUT,2026-03-20,CSX
CSX260320P00037500,37.5,1.24,1.1,1.2,8.0,607.0,0.229499892578125,False,PUT,2026-03-20,CSX
CSX260320P00040000,40.0,2.79,2.55,3.1,2.0,13.0,0.2919992675781249,True,PUT,2026-03-20,CSX
CSX260320P00042500,42.5,5.4,4.8,5.4,3.0,2.0,0.3676821044921875,True,PUT,2026-03-20,CSX
CSX260320P00047500,47.5,11.22,8.1,12.0,2.0,0.0,0.9243171630859376,True,PUT,2026-03-20,CSX
CSX260417C00030000,30.0,7.74,7.3,8.4,2.0,2.0,0.5127001855468749,True,CALL,2026-04-17,CSX
CSX260417C00035000,35.0,3.5,3.2,3.7,37.0,53.0,0.3110420458984374,True,CALL,2026-04-17,CSX
CSX260417C00037500,37.5,1.81,1.6,2.1,2.0,92.0,0.2885813330078124,True,CALL,2026-04-17,CSX
CSX260417C00040000,40.0,0.75,0.6,0.9,15.0,162.0,0.25440198730468755,False,CALL,2026-04-17,CSX
CSX260417C00042500,42.5,0.2,0.1,0.35,162.0,181.0,0.24732197998046873,False,CALL,2026-04-17,CSX
CSX260417P00030000,30.0,0.25,0.05,0.45,,1.0,0.437505625,False,PUT,2026-04-17,CSX
CSX260417P00032500,32.5,0.3,0.2,0.5,12.0,38.0,0.334967587890625,False,PUT,2026-04-17,CSX
CSX260417P00035000,35.0,0.75,0.55,0.95,5.0,372.0,0.2985909985351562,False,PUT,2026-04-17,CSX
CSX260417P00037500,37.5,1.54,1.3,1.75,3.0,37.0,0.26343510009765625,False,PUT,2026-04-17,CSX
CSX260515C00027500,27.5,8.4,9.0,11.8,,3.0,0.7504907763671875,True,CALL,2026-05-15,CSX
CSX260515C00030000,30.0,6.36,7.0,9.5,10.0,28.0,0.6489292919921875,True,CALL,2026-05-15,CSX
CSX260515C00032500,32.5,5.43,4.4,6.1,10.0,100.0,0.3676821044921875,True,CALL,2026-05-15,CSX
CSX260515C00035000,35.0,3.71,3.6,3.9,4.0,414.0,0.29614961669921874,True,CALL,2026-05-15,CSX
CSX260515C00037500,37.5,2.13,2.0,2.3,2.0,544.0,0.27246821289062495,True,CALL,2026-05-15,CSX
CSX260515C00040000,40.0,1.05,0.9,1.2,1.0,1051.0,0.2585523364257813,False,CALL,2026-05-15,CSX
CSX260515C00042500,42.5,0.4,0.3,0.5,2.0,267.0,0.24073024902343748,False,CALL,2026-05-15,CSX
CSX260515C00045000,45.0,0.15,0.1,0.2,9.0,14.0,0.2368240380859375,False,CALL,2026-05-15,CSX
CSX260515C00047500,47.5,0.19,0.0,0.55,2.0,2.0,0.37695935546875,False,CALL,2026-05-15,CSX
CSX260515P00027500,27.5,0.21,0.0,0.2,3.0,17.0,0.38867798828125,False,PUT,2026-05-15,CSX
CSX260515P00030000,30.0,0.25,0.05,0.35,4.0,238.0,0.348639326171875,False,PUT,2026-05-15,CSX
CSX260515P00032500,32.5,0.65,0.35,0.5,2.0,358.0,0.28784891845703114,False,PUT,2026-05-15,CSX
CSX260515P00035000,35.0,0.85,0.75,1.0,19.0,1074.0,0.26392337646484376,False,PUT,2026-05-15,CSX
CSX260515P00037500,37.5,1.75,1.65,1.9,2.0,525.0,0.24488059814453128,False,PUT,2026-05-15,CSX
CSX260515P00040000,40.0,3.2,2.95,3.5,5.0,9.0,0.2553785400390626,True,PUT,2026-05-15,CSX
CSX260618C00027500,27.5,8.5,0.0,0.0,1.0,105.0,1.0000000000000003e-05,True,CALL,2026-06-18,CSX
CSX260618C00030000,30.0,6.25,6.1,8.7,4.0,772.0,0.4379939013671875,True,CALL,2026-06-18,CSX
CSX260618C00032500,32.5,6.0,5.5,6.2,1.0,648.0,0.3354558642578125,True,CALL,2026-06-18,CSX
CSX260618C00035000,35.0,3.49,3.8,4.2,10.0,1663.0,0.2946847875976562,True,CALL,2026-06-18,CSX
CSX260618C00037500,37.5,2.2,2.25,2.45,7.0,3266.0,0.2536695727539063,True,CALL,2026-06-18,CSX
CSX260618C00040000,40.0,1.2,1.15,1.25,3.0,2487.0,0.2309647216796875,False,CALL,2026-06-18,CSX
CSX260618C00042500,42.5,0.55,0.5,0.65,3.0,710.0,0.23194127441406248,False,CALL,2026-06-18,CSX
CSX260618C00045000,45.0,0.22,0.15,0.35,3.0,1577.0,0.23975369628906246,False,CALL,2026-06-18,CSX
CSX260618C00047500,47.5,0.4,0.0,0.4,1.0,4.0,0.29932341308593746,False,CALL,2026-06-18,CSX
CSX260618P00027500,27.5,0.3,0.05,0.25,1.0,2437.0,0.3569400244140625,False,PUT,2026-06-18,CSX
CSX260618P00030000,30.0,0.3,0.25,0.6,41.0,3758.0,0.35938140625,False,PUT,2026-06-18,CSX
CSX260618P00032500,32.5,0.45,0.45,0.65,15.0,6912.0,0.27686270019531245,False,PUT,2026-06-18,CSX
CSX260618P00035000,35.0,1.05,0.9,1.2,3.0,1606.0,0.25489026367187506,False,PUT,2026-06-18,CSX
CSX260618P00037500,37.5,2.05,1.85,2.05,3.0,420.0,0.229499892578125,False,PUT,2026-06-18,CSX
CSX260618P00040000,40.0,4.5,3.1,3.7,4.0,39.0,0.245124736328125,True,PUT,2026-06-18,CSX
CSX260618P00042500,42.5,5.17,5.0,5.7,1.0,1.0,0.26319096191406255,True,PUT,2026-06-18,CSX
CSX260618P00047500,47.5,14.4,15.2,17.5,1.0,0.0,1.0385790258789065,True,PUT,2026-06-18,CSX
CSX260821C00030000,30.0,8.35,6.4,9.8,1.0,2.0,0.5056201782226561,True,CALL,2026-08-21,CSX
CSX260821C00032500,32.5,5.5,5.0,7.8,,71.0,0.4580132324218751,True,CALL,2026-08-21,CSX
CSX260821C00035000,35.0,3.16,4.3,4.9,22.0,93.0,0.3133613586425781,True,CALL,2026-08-21,CSX
CSX260821C00037500,37.5,3.04,2.8,3.3,5.0,38.0,0.28626202026367187,True,CALL,2026-08-21,CSX
CSX260821C00040000,40.0,1.65,1.65,2.1,21.0,214.0,0.2696606237792969,False,CALL,2026-08-21,CSX
CSX260821C00042500,42.5,0.93,0.85,1.4,3.0,8.0,0.2727123510742187,False,CALL,2026-08-21,CSX
CSX260821C00045000,45.0,0.39,0.4,0.65,3.0,136.0,0.24268335449218748,False,CALL,2026-08-21,CSX
CSX260821P00027500,27.5,0.26,0.2,0.5,2.0,153.0,0.35645174804687496,False,PUT,2026-08-21,CSX
CSX260821P00030000,30.0,0.6,0.4,0.65,1.0,64.0,0.3064034204101562,False,PUT,2026-08-21,CSX
CSX260821P00032500,32.5,0.8,0.7,0.95,2.0,17.0,0.2690502783203125,False,PUT,2026-08-21,CSX
CSX260821P00035000,35.0,1.8,1.25,1.7,2.0,3.0,0.26197027099609377,False,PUT,2026-08-21,CSX
CSX260821P00037500,37.5,2.45,2.35,2.65,1.0,51.0,0.24390404541015626,False,PUT,2026-08-21,CSX
CSX260821P00040000,40.0,4.5,3.5,4.1,,10.0,0.24024197265624997,True,PUT,2026-08-21,CSX
CSX260918C00027500,27.5,6.5,8.0,12.0,1.0,44.0,0.5351608984375,True,CALL,2026-09-18,CSX
CSX260918C00030000,30.0,6.34,8.1,9.0,12.0,73.0,0.3794007373046875,True,CALL,2026-09-18,CSX
CSX260918C00032500,32.5,6.7,6.0,6.8,5.0,692.0,0.327155166015625,True,CALL,2026-09-18,CSX
CSX260918C00035000,35.0,4.63,4.5,4.9,1.0,660.0,0.29395237304687494,True,CALL,2026-09-18,CSX
CSX260918C00037500,37.5,3.2,2.95,3.5,14.0,1674.0,0.28528546752929684,True,CALL,2026-09-18,CSX
CSX260918C00040000,40.0,2.0,1.75,2.0,13.0,1287.0,0.24439232177734377,False,CALL,2026-09-18,CSX
CSX260918C00042500,42.5,1.0,0.95,1.35,80.0,1151.0,0.2512281909179687,False,CALL,2026-09-18,CSX
CSX260918C00045000,45.0,0.5,0.5,0.85,48.0,1445.0,0.2512281909179687,False,CALL,2026-09-18,CSX
CSX260918C00047500,47.5,2.0,0.0,0.0,1.0,155.0,0.062509375,False,CALL,2026-09-18,CSX
CSX260918P00027500,27.5,0.7,0.0,0.0,282.0,610.0,0.12500875,False,PUT,2026-09-18,CSX
CSX260918P00030000,30.0,0.6,0.5,0.85,1.0,842.0,0.31690136230468746,False,PUT,2026-09-18,CSX
CSX260918P00032500,32.5,0.95,0.8,1.0,4.0,1966.0,0.25830819824218754,False,PUT,2026-09-18,CSX
CSX260918P00035000,35.0,1.55,1.4,1.7,2.0,533.0,0.24573508178710937,False,PUT,2026-09-18,CSX
CSX260918P00037500,37.5,2.73,2.45,2.7,4.0,104.0,0.23303989624023438,False,PUT,2026-09-18,CSX
CSX260918P00040000,40.0,3.88,3.7,4.3,5.0,13.0,0.2425612854003906,True,PUT,2026-09-18,CSX
CSX261218C00027500,27.5,8.2,8.1,9.3,1.0,9.0,1.0000000000000003e-05,True,CALL,2026-12-18,CSX
CSX261218C00030000,30.0,8.0,8.4,9.2,1.0,103.0,0.3425358715820312,True,CALL,2026-12-18,CSX
CSX261218C00032500,32.5,6.2,6.6,7.4,70.0,881.0,0.33008482421874996,True,CALL,2026-12-18,CSX
CSX261218C00035000,35.0,4.9,5.0,5.8,2.0,2184.0,0.31836619140624994,True,CALL,2026-12-18,CSX
CSX261218C00037500,37.5,3.5,3.5,3.9,70.0,3249.0,0.2703930383300781,True,CALL,2026-12-18,CSX
CSX261218C00040000,40.0,2.2,2.35,2.5,34.0,248.0,0.243171630859375,False,CALL,2026-12-18,CSX
CSX261218C00042500,42.5,1.55,1.45,1.85,9.0,272.0,0.25196060546875,False,CALL,2026-12-18,CSX
CSX261218C00045000,45.0,0.9,0.85,1.05,13.0,842.0,0.23157506713867188,False,CALL,2026-12-18,CSX
CSX261218C00047500,47.5,0.26,0.0,0.0,20.0,198.0,0.062509375,False,CALL,2026-12-18,CSX
CSX261218P00027500,27.5,0.7,0.4,0.6,2.0,89.0,0.2995675512695312,False,PUT,2026-12-18,CSX
CSX261218P00030000,30.0,1.0,0.5,2.2,1.0,1198.0,0.4096738720703125,False,PUT,2026-12-18,CSX
CSX261218P00032500,32.5,1.25,1.05,1.55,3.0,2408.0,0.27075924560546877,False,PUT,2026-12-18,CSX
CSX261218P00035000,35.0,2.28,1.75,2.5,1.0,732.0,0.27075924560546877,False,PUT,2026-12-18,CSX
CSX261218P00037500,37.5,3.0,2.75,3.2,1.0,31.0,0.2332840344238281,False,PUT,2026-12-18,CSX
CSX261218P00040000,40.0,4.4,3.9,4.7,4.0,4.0,0.23450472534179687,True,PUT,2026-12-18,CSX
CSX270115C00027500,27.5,10.5,9.0,12.9,4.0,60.0,0.5271043383789062,True,CALL,2027-01-15,CSX
CSX270115C00030000,30.0,8.98,8.4,9.3,1.0,252.0,0.33838552246093745,True,CALL,2027-01-15,CSX
CSX270115C00032500,32.5,6.3,7.0,7.6,78.0,550.0,0.33301448242187504,True,CALL,2027-01-15,CSX
CSX270115C00035000,35.0,5.65,5.2,6.0,11.0,1992.0,0.3200751586914062,True,CALL,2027-01-15,CSX
CSX270115C00037500,37.5,3.65,3.7,4.0,1.0,1585.0,0.2662426892089844,True,CALL,2027-01-15,CSX
CSX270115C00040000,40.0,2.61,2.5,2.75,20.0,1668.0,0.2503737072753906,False,CALL,2027-01-15,CSX
CSX270115C00042500,42.5,1.81,1.6,1.9,1.0,2922.0,0.24536887451171874,False,CALL,2027-01-15,CSX
CSX270115C00045000,45.0,0.95,0.95,1.25,31.0,779.0,0.2391433508300781,False,CALL,2027-01-15,CSX
CSX270115C00047500,47.5,0.7,0.5,0.85,51.0,104.0,0.2395095581054687,False,CALL,2027-01-15,CSX
CSX270115P00027500,27.5,0.9,0.0,0.0,140.0,3626.0,0.062509375,False,PUT,2027-01-15,CSX
CSX270115P00030000,30.0,0.9,0.75,0.95,5.0,4270.0,0.2690502783203125,False,PUT,2027-01-15,CSX
CSX270115P00032500,32.5,1.4,1.2,1.55,1.0,13068.0,0.25977302734375,False,PUT,2027-01-15,CSX
CSX270115P00035000,35.0,2.1,1.85,2.65,2.0,751.0,0.27075924560546877,False,PUT,2027-01-15,CSX
CSX270115P00037500,37.5,3.1,2.8,3.7,16.0,2239.0,0.25794199096679693,False,PUT,2027-01-15,CSX
CSX270115P00040000,40.0,4.2,4.0,4.7,42.0,55.0,0.2249833361816406,True,PUT,2027-01-15,CSX
CSX270115P00042500,42.5,7.2,5.6,6.5,230.0,237.0,0.2291336853027344,True,PUT,2027-01-15,CSX
CSX270115P00045000,45.0,13.03,0.0,0.0,1.0,0.0,1.0000000000000003e-05,True,PUT,2027-01-15,CSX
CSX270115P00047500,47.5,15.5,0.0,0.0,1.0,0.0,1.0000000000000003e-05,True,PUT,2027-01-15,CSX
CSX270617C00027500,27.5,10.0,6.9,11.2,,1.0,0.2873606420898437,True,CALL,2027-06-17,CSX
CSX270617C00030000,30.0,7.7,9.0,10.9,20.0,331.0,0.40442490112304685,True,CALL,2027-06-17,CSX
CSX270617C00032500,32.5,7.2,7.2,8.1,4.0,8629.0,0.31189652954101554,True,CALL,2027-06-17,CSX
CSX270617C00035000,35.0,6.3,4.7,7.3,22.0,220.0,0.3464420825195312,True,CALL,2027-06-17,CSX
CSX270617C00037500,37.5,4.85,4.1,4.9,2.0,58.0,0.2738109729003906,True,CALL,2027-06-17,CSX
CSX270617C00040000,40.0,3.3,2.05,5.3,1.0,149.0,0.3534000207519531,False,CALL,2027-06-17,CSX
CSX270617C00042500,42.5,1.9,0.35,3.3,20.0,37.0,0.28711650390624993,False,CALL,2027-06-17,CSX
CSX270617C00045000,45.0,1.45,0.05,1.9,3.0,35.0,0.2425612854003906,False,CALL,2027-06-17,CSX
CSX270617P00027500,27.5,0.87,0.0,2.7,1.0,1.0,0.4382380395507813,False,PUT,2027-06-17,CSX
CSX270617P00030000,30.0,1.3,0.0,1.3,2.0,154.0,0.2557447473144532,False,PUT,2027-06-17,CSX
CSX270617P00032500,32.5,1.75,1.45,2.1,2.0,391.0,0.2559888854980469,False,PUT,2027-06-17,CSX
CSX270617P00035000,35.0,2.47,1.2,3.5,36.0,187.0,0.2782054602050781,False,PUT,2027-06-17,CSX
CSX270617P00037500,37.5,4.8,3.0,3.8,1.0,32.0,0.2211991943359375,False,PUT,2027-06-17,CSX
CSX270617P00040000,40.0,4.8,4.3,6.8,2.0,5.0,0.3070137658691406,True,PUT,2027-06-17,CSX
CSX280121C00027500,27.5,10.2,11.3,13.8,1.0,1.0,0.4283504431152344,True,CALL,2028-01-21,CSX
CSX280121C00030000,30.0,9.7,9.2,10.7,20.0,113.0,0.32569033691406246,True,CALL,2028-01-21,CSX
CSX280121C00032500,32.5,8.1,6.2,9.0,1.0,78.0,0.3106758386230468,True,CALL,2028-01-21,CSX
CSX280121C00035000,35.0,5.8,4.7,8.1,1.0,41.0,0.33020689331054687,True,CALL,2028-01-21,CSX
CSX280121C00037500,37.5,5.5,5.0,5.7,130.0,67.0,0.26734131103515624,True,CALL,2028-01-21,CSX
CSX280121C00040000,40.0,3.5,2.35,5.2,14.0,46.0,0.2906565075683593,False,CALL,2028-01-21,CSX
CSX280121C00042500,42.5,2.3,1.2,4.1,1.0,17.0,0.2782054602050781,False,CALL,2028-01-21,CSX
CSX280121C00045000,45.0,2.49,1.15,2.75,1.0,12.0,0.24634542724609376,False,CALL,2028-01-21,CSX
CSX280121C00047500,47.5,1.5,0.05,3.5,6.0,42.0,0.31317825500488283,False,CALL,2028-01-21,CSX
CSX280121P00027500,27.5,1.11,0.4,1.75,3.0,17.0,0.29834686035156244,False,PUT,2028-01-21,CSX
CSX280121P00030000,30.0,1.8,1.25,2.3,11.0,28.0,0.28064684204101553,False,PUT,2028-01-21,CSX
CSX280121P00032500,32.5,2.56,1.6,4.5,5.0,51.0,0.3481510498046875,False,PUT,2028-01-21,CSX
CSX280121P00035000,35.0,3.8,2.7,3.3,1.0,45.0,0.22229781616210934,False,PUT,2028-01-21,CSX
CSX280121P00037500,37.5,4.6,3.5,6.1,4.0,20.0,0.2954782366943359,False,PUT,2028-01-21,CSX
CTRA260130C00024500,24.5,4.37,2.5,5.8,1.0,7.0,4.0234424707031256,True,CALL,2026-01-30,CTRA
CTRA260130C00025000,25.0,3.32,2.05,4.0,3.0,874.0,1.5078149609375,True,CALL,2026-01-30,CTRA
CTRA260130C00025500,25.5,2.92,1.45,4.8,1.0,7.0,3.5097668505859376,True,CALL,2026-01-30,CTRA
CTRA260130C00026000,26.0,1.9,1.0,4.1,1.0,863.0,2.9765650585937498,True,CALL,2026-01-30,CTRA
CTRA260130C00026500,26.5,1.9,0.3,3.6,4.0,445.0,2.72656568359375,True,CALL,2026-01-30,CTRA
CTRA260130C00027000,27.0,1.6,0.05,3.1,20.0,1451.0,2.4726600683593754,True,CALL,2026-01-30,CTRA
CTRA260130C00027500,27.5,1.05,1.0,2.35,1.0,197.0,0.9882813671875,True,CALL,2026-01-30,CTRA
CTRA260130C00028000,28.0,0.6,0.4,0.9,86.0,549.0,0.3398503515625,True,CALL,2026-01-30,CTRA
CTRA260130C00028500,28.5,0.55,0.0,0.6,251.0,82.0,0.46484910156250003,True,CALL,2026-01-30,CTRA
CTRA260130C00029000,29.0,0.25,0.15,0.3,110.0,48.0,0.42774009765625004,False,CALL,2026-01-30,CTRA
CTRA260130C00030000,30.0,0.05,0.05,0.15,3.0,4.0,0.5312546875,False,CALL,2026-01-30,CTRA
CTRA260130P00022000,22.0,0.07,0.0,0.8,,2.0,3.27343931640625,False,PUT,2026-01-30,CTRA
CTRA260130P00022500,22.5,0.1,0.0,0.8,,1.0,3.07031482421875,False,PUT,2026-01-30,CTRA
CTRA260130P00023000,23.0,0.34,0.0,0.8,1.0,15.0,2.8750028125,False,PUT,2026-01-30,CTRA
CTRA260130P00023500,23.5,0.15,0.0,0.05,1.0,22.0,1.40625296875,False,PUT,2026-01-30,CTRA
CTRA260130P00024000,24.0,0.05,0.0,0.1,1.0,61.0,1.453127734375,False,PUT,2026-01-30,CTRA
CTRA260130P00024500,24.5,0.15,0.0,0.4,14.0,67.0,1.8359383203124997,False,PUT,2026-01-30,CTRA
CTRA260130P00025000,25.0,0.02,0.0,0.05,30.0,310.0,1.0468797656250002,False,PUT,2026-01-30,CTRA
CTRA260130P00025500,25.5,0.05,0.0,0.35,1.0,23.0,1.4375028125,False,PUT,2026-01-30,CTRA
CTRA260130P00026000,26.0,0.04,0.0,0.05,14.0,118.0,0.79687703125,False,PUT,2026-01-30,CTRA
CTRA260130P00026500,26.5,0.05,0.0,0.05,1.0,111.0,0.6718782812500002,False,PUT,2026-01-30,CTRA
CTRA260130P00027000,27.0,0.24,0.0,0.85,7.0,166.0,1.3554719726562499,False,PUT,2026-01-30,CTRA
CTRA260130P00027500,27.5,0.26,0.0,0.8,36.0,45.0,1.11328568359375,False,PUT,2026-01-30,CTRA
CTRA260130P00028000,28.0,0.62,0.0,0.3,1.0,1.0,0.5429733203125001,False,PUT,2026-01-30,CTRA
CTRA260130P00036000,36.0,7.8,6.0,9.0,,0.0,2.5468786328124997,True,PUT,2026-01-30,CTRA
CTRA260206C00022000,22.0,4.85,4.9,8.4,10.0,11.0,2.598636315917969,True,CALL,2026-02-06,CTRA
CTRA260206C00024000,24.0,2.65,2.95,6.3,1.0,98.0,2.019536201171875,True,CALL,2026-02-06,CTRA
CTRA260206C00025000,25.0,3.2,1.85,4.0,3.0,6900.0,0.710940390625,True,CALL,2026-02-06,CTRA
CTRA260206C00026000,26.0,2.55,1.15,4.0,2.0,170.0,1.3378939355468746,True,CALL,2026-02-06,CTRA
CTRA260206C00026500,26.5,0.92,0.85,3.0,1.0,27.0,0.8896495410156249,True,CALL,2026-02-06,CTRA
CTRA260206C00027000,27.0,1.51,0.35,2.8,3.0,364.0,0.9794923925781251,True,CALL,2026-02-06,CTRA
CTRA260206C00027500,27.5,0.35,0.05,2.6,1.0,353.0,1.0439500927734378,True,CALL,2026-02-06,CTRA
CTRA260206C00028000,28.0,0.75,0.05,2.05,127.0,163.0,0.8896495410156249,True,CALL,2026-02-06,CTRA
CTRA260206C00028500,28.5,0.55,0.4,1.5,19.0,15.0,0.7304714453125,True,CALL,2026-02-06,CTRA
CTRA260206C00029000,29.0,0.35,0.05,1.3,15.0,35.0,0.75586181640625,False,CALL,2026-02-06,CTRA
CTRA260206C00030000,30.0,0.45,0.0,0.25,24.0,18.0,0.36426416992187505,False,CALL,2026-02-06,CTRA
CTRA260206C00031000,31.0,0.16,0.0,0.15,,2.0,0.42969320312500003,False,CALL,2026-02-06,CTRA
CTRA260206P00021000,21.0,0.07,0.0,0.85,,2.0,1.767579287109375,False,PUT,2026-02-06,CTRA
CTRA260206P00023000,23.0,0.1,0.0,0.9,1.0,19.0,1.408206083984375,False,PUT,2026-02-06,CTRA
CTRA260206P00024000,24.0,0.08,0.0,0.9,2.0,36.0,1.220707021484375,False,PUT,2026-02-06,CTRA
CTRA260206P00024500,24.5,0.17,0.0,0.05,,0.0,0.5468795312500001,False,PUT,2026-02-06,CTRA
CTRA260206P00025000,25.0,0.07,0.0,0.1,2.0,111.0,0.5585981640625001,False,PUT,2026-02-06,CTRA
CTRA260206P00026000,26.0,0.1,0.0,0.2,14.0,33.0,0.5117236328125,False,PUT,2026-02-06,CTRA
CTRA260206P00026500,26.5,0.21,0.0,0.4,2.0,3.0,0.5468795312500001,False,PUT,2026-02-06,CTRA
CTRA260206P00027000,27.0,0.25,0.05,0.2,44.0,130.0,0.46484910156250003,False,PUT,2026-02-06,CTRA
CTRA260206P00027500,27.5,0.35,0.0,1.1,3.0,6.0,0.62305064453125,False,PUT,2026-02-06,CTRA
CTRA260213C00024000,24.0,2.0,3.0,6.4,,0.0,1.5683615332031249,True,CALL,2026-02-13,CTRA
CTRA260213C00025000,25.0,1.4,2.05,5.3,250.0,172.0,1.3320345898437496,True,CALL,2026-02-13,CTRA
CTRA260213C00026000,26.0,2.5,1.4,3.9,5.0,48.0,0.9531254687499999,True,CALL,2026-02-13,CTRA
CTRA260213C00027000,27.0,1.0,0.5,3.2,23.0,35.0,0.91992267578125,True,CALL,2026-02-13,CTRA
CTRA260213C00028000,28.0,1.05,0.05,2.25,44.0,96.0,0.7534204345703125,True,CALL,2026-02-13,CTRA
CTRA260213C00029000,29.0,0.9,0.45,0.75,7.0,11.0,0.33887379882812496,False,CALL,2026-02-13,CTRA
CTRA260213C00030000,30.0,0.4,0.05,0.5,17.0,5.0,0.39258419921875,False,CALL,2026-02-13,CTRA
CTRA260213C00031000,31.0,0.15,0.0,0.55,56.0,3.0,0.5449264257812501,False,CALL,2026-02-13,CTRA
CTRA260213C00032000,32.0,0.09,0.0,0.8,2.0,1.0,0.577152666015625,False,CALL,2026-02-13,CTRA
CTRA260213P00021000,21.0,0.05,0.0,0.9,,3.0,1.3486360693359374,False,PUT,2026-02-13,CTRA
CTRA260213P00023000,23.0,0.1,0.0,0.95,5.0,27.0,1.076176494140625,False,PUT,2026-02-13,CTRA
CTRA260213P00024000,24.0,0.05,0.0,0.95,2.0,12.0,0.9335944140625,False,PUT,2026-02-13,CTRA
CTRA260213P00025000,25.0,0.05,0.05,0.9,1.0,53.0,0.7919942675781251,False,PUT,2026-02-13,CTRA
CTRA260213P00026000,26.0,0.47,0.0,0.75,2.0,27.0,0.5898478515625001,False,PUT,2026-02-13,CTRA
CTRA260213P00027000,27.0,0.45,0.05,0.4,1.0,7.0,0.46582565429687506,False,PUT,2026-02-13,CTRA
CTRA260213P00033000,33.0,5.1,3.0,6.1,,1.0,0.6816438085937502,True,PUT,2026-02-13,CTRA
CTRA260220C00022000,22.0,5.73,4.9,8.4,35.0,2.0,1.6259784326171873,True,CALL,2026-02-20,CTRA
CTRA260220C00023000,23.0,3.85,4.0,7.3,1.0,6.0,1.4169951025390626,True,CALL,2026-02-20,CTRA
CTRA260220C00024000,24.0,3.25,3.1,6.2,3.0,15.0,1.2168007910156249,True,CALL,2026-02-20,CTRA
CTRA260220C00025000,25.0,3.7,2.35,4.5,129.0,1214.0,0.7460962890625,True,CALL,2026-02-20,CTRA
CTRA260220C00025500,25.5,2.43,1.9,4.7,1.0,1.0,0.993164130859375,True,CALL,2026-02-20,CTRA
CTRA260220C00026000,26.0,2.6,1.7,3.0,6.0,2749.0,0.35156898437499995,True,CALL,2026-02-20,CTRA
CTRA260220C00026500,26.5,1.5,1.25,3.6,2.0,9.0,0.8037129003906249,True,CALL,2026-02-20,CTRA
CTRA260220C00027000,27.0,2.0,1.4,2.45,32.0,8446.0,0.47070841796875,True,CALL,2026-02-20,CTRA
CTRA260220C00027500,27.5,1.33,0.5,2.95,2.0,116.0,0.782228740234375,True,CALL,2026-02-20,CTRA
CTRA260220C00028000,28.0,1.23,0.45,2.35,72.0,3302.0,0.6640658593750002,True,CALL,2026-02-20,CTRA
CTRA260220C00028500,28.5,0.9,0.3,1.7,85.0,18.0,0.5273484765625001,True,CALL,2026-02-20,CTRA
CTRA260220C00029000,29.0,0.75,0.2,0.95,63.0,1132.0,0.35156898437499995,False,CALL,2026-02-20,CTRA
CTRA260220C00029500,29.5,0.6,0.05,0.85,41.0,3.0,0.39063109375,False,CALL,2026-02-20,CTRA
CTRA260220C00030000,30.0,0.27,0.25,0.4,113.0,1139.0,0.2890696093749999,False,CALL,2026-02-20,CTRA
CTRA260220C00031000,31.0,0.15,0.0,0.65,5.0,833.0,0.49414568359375005,False,CALL,2026-02-20,CTRA
CTRA260220C00032000,32.0,0.38,0.0,0.85,,1.0,0.6738313867187502,False,CALL,2026-02-20,CTRA
CTRA260220C00033000,33.0,0.05,0.0,0.6,3.0,9.0,0.5097705273437501,False,CALL,2026-02-20,CTRA
CTRA260220P00021000,21.0,0.1,0.0,0.1,,1.0,0.6796907031250001,False,PUT,2026-02-20,CTRA
CTRA260220P00022000,22.0,0.05,0.0,0.95,5.0,124.0,1.01953615234375,False,PUT,2026-02-20,CTRA
CTRA260220P00023000,23.0,0.05,0.0,0.9,25.0,291.0,0.8808605664062499,False,PUT,2026-02-20,CTRA
CTRA260220P00024000,24.0,0.05,0.05,0.1,20.0,138.0,0.49609878906250005,False,PUT,2026-02-20,CTRA
CTRA260220P00025000,25.0,0.06,0.05,0.5,1.0,421.0,0.5429733203125001,False,PUT,2026-02-20,CTRA
CTRA260220P00025500,25.5,0.2,0.0,0.85,10.0,14.0,0.5751995605468749,False,PUT,2026-02-20,CTRA
CTRA260220P00026000,26.0,0.2,0.05,0.85,1.0,266.0,0.5302781347656251,False,PUT,2026-02-20,CTRA
CTRA260220P00026500,26.5,0.4,0.0,0.6,3.0,13.0,0.5390671093750001,False,PUT,2026-02-20,CTRA
CTRA260220P00027000,27.0,0.4,0.0,1.3,6.0,28.0,0.75195560546875,False,PUT,2026-02-20,CTRA
CTRA260220P00027500,27.5,0.65,0.0,1.45,1.0,2.0,0.7304714453125,False,PUT,2026-02-20,CTRA
CTRA260220P00030000,30.0,3.8,0.9,2.45,,10.0,0.6191444335937502,True,PUT,2026-02-20,CTRA
CTRA260227C00024000,24.0,1.86,3.2,6.4,,100.0,1.1455120849609375,True,CALL,2026-02-27,CTRA
CTRA260227C00025000,25.0,2.2,2.45,5.3,,2.0,0.9726565234375,True,CALL,2026-02-27,CTRA
CTRA260227C00026000,26.0,1.9,1.5,4.3,25.0,47.0,0.8398453515625,True,CALL,2026-02-27,CTRA
CTRA260227C00027000,27.0,1.23,0.65,3.6,38.0,68.0,0.804689453125,True,CALL,2026-02-27,CTRA
CTRA260227C00028000,28.0,1.5,1.05,2.55,1.0,30.0,0.6445348046875,True,CALL,2026-02-27,CTRA
CTRA260227C00029000,29.0,1.05,0.9,1.1,23.0,20.0,0.35352208984374994,False,CALL,2026-02-27,CTRA
CTRA260227C00030000,30.0,0.55,0.5,0.9,9.0,9.0,0.415044912109375,False,CALL,2026-02-27,CTRA
CTRA260227P00022000,22.0,0.26,0.0,1.0,3.0,5.0,0.9072274902343749,False,PUT,2026-02-27,CTRA
CTRA260227P00023000,23.0,0.27,0.0,1.0,1.0,59.0,0.799806689453125,False,PUT,2026-02-27,CTRA
CTRA260227P00024000,24.0,0.2,0.0,0.25,1.0,6.0,0.551762294921875,False,PUT,2026-02-27,CTRA
CTRA260227P00025000,25.0,0.26,0.1,0.45,2.0,40.0,0.5664105859375,False,PUT,2026-02-27,CTRA
CTRA260227P00026000,26.0,0.69,0.0,1.0,5.0,20.0,0.6811555322265627,False,PUT,2026-02-27,CTRA
CTRA260227P00027000,27.0,0.54,0.3,0.5,1.0,54.0,0.3789124609375,False,PUT,2026-02-27,CTRA
CTRA260227P00029000,29.0,3.4,1.0,1.25,,2.0,0.35645174804687496,True,PUT,2026-02-27,CTRA
CTRA260306C00023000,23.0,5.0,4.1,7.3,1.0,1.0,1.1142622412109375,True,CALL,2026-03-06,CTRA
CTRA260306P00024000,24.0,0.15,0.0,0.2,1.0,1.0,0.46680220703125,False,PUT,2026-03-06,CTRA
CTRA260320C00023000,23.0,4.1,4.1,7.3,18.0,20.0,0.9516606396484374,True,CALL,2026-03-20,CTRA
CTRA260320C00024000,24.0,3.2,3.3,5.5,3.0,5.0,0.5854533642578125,True,CALL,2026-03-20,CTRA
CTRA260320C00025000,25.0,3.35,2.4,5.5,5.0,2088.0,0.8027363476562499,True,CALL,2026-03-20,CTRA
CTRA260320C00026000,26.0,2.9,2.3,3.6,2.0,1782.0,0.4467828759765625,True,CALL,2026-03-20,CTRA
CTRA260320C00027000,27.0,2.15,1.65,2.5,33.0,4657.0,0.33008482421874996,True,CALL,2026-03-20,CTRA
CTRA260320C00028000,28.0,1.5,1.6,1.8,106.0,2219.0,0.3129951513671875,True,CALL,2026-03-20,CTRA
CTRA260320C00029000,29.0,1.1,1.1,1.3,58.0,484.0,0.317389638671875,False,CALL,2026-03-20,CTRA
CTRA260320C00030000,30.0,0.7,0.7,0.9,25.0,146.0,0.31836619140624994,False,CALL,2026-03-20,CTRA
CTRA260320C00031000,31.0,0.3,0.25,0.6,1.0,2.0,0.3188544677734374,False,CALL,2026-03-20,CTRA
CTRA260320C00032000,32.0,0.3,0.25,0.35,92.0,240.0,0.30713583496093744,False,CALL,2026-03-20,CTRA
CTRA260320C00033000,33.0,0.05,0.0,1.0,,1.0,0.5556685058593751,False,CALL,2026-03-20,CTRA
CTRA260320P00021000,21.0,0.35,0.0,1.1,,10.0,0.805666005859375,False,PUT,2026-03-20,CTRA
CTRA260320P00022000,22.0,0.05,0.0,1.1,4.0,32.0,0.7187528125,False,PUT,2026-03-20,CTRA
CTRA260320P00024000,24.0,0.42,0.0,0.35,,10.0,0.47070841796875,False,PUT,2026-03-20,CTRA
CTRA260320P00025000,25.0,0.34,0.15,1.3,10.0,39.0,0.5293015820312501,False,PUT,2026-03-20,CTRA
CTRA260320P00026000,26.0,0.5,0.35,0.45,6.0,12.0,0.35596347167968745,False,PUT,2026-03-20,CTRA
CTRA260320P00027000,27.0,0.75,0.55,0.9,10.0,35.0,0.4008848974609375,False,PUT,2026-03-20,CTRA
CTRA260320P00030000,30.0,2.45,0.4,4.0,1.0,4.0,0.7773459765625,True,PUT,2026-03-20,CTRA
CTRA260417C00021000,21.0,6.05,5.9,7.9,2.0,5.0,0.335944140625,True,CALL,2026-04-17,CTRA
CTRA260417C00022000,22.0,3.62,5.0,8.5,2.0,76.0,0.9018564501953125,True,CALL,2026-04-17,CTRA
CTRA260417C00023000,23.0,2.8,4.1,7.4,5.0,149.0,0.7885763330078125,True,CALL,2026-04-17,CTRA
CTRA260417C00024000,24.0,4.75,3.3,5.4,6.0,1429.0,0.437505625,True,CALL,2026-04-17,CTRA
CTRA260417C00025000,25.0,4.05,2.25,4.8,23.0,2423.0,0.47803256347656253,True,CALL,2026-04-17,CTRA
CTRA260417C00026000,26.0,3.08,1.75,3.5,21.0,957.0,0.3325262060546875,True,CALL,2026-04-17,CTRA
CTRA260417C00027000,27.0,2.3,2.05,2.85,7.0,1042.0,0.3398503515625,True,CALL,2026-04-17,CTRA
CTRA260417C00028000,28.0,1.75,1.95,2.05,45.0,1221.0,0.29883513671874995,True,CALL,2026-04-17,CTRA
CTRA260417C00029000,29.0,1.48,1.45,1.5,36.0,892.0,0.2915109912109374,False,CALL,2026-04-17,CTRA
CTRA260417C00030000,30.0,1.05,0.95,1.1,19.0,868.0,0.2934640966796874,False,CALL,2026-04-17,CTRA
CTRA260417C00031000,31.0,0.4,0.6,1.5,3.0,82.0,0.43604079589843747,False,CALL,2026-04-17,CTRA
CTRA260417C00032000,32.0,0.46,0.45,0.8,1.0,1041.0,0.35205726074218746,False,CALL,2026-04-17,CTRA
CTRA260417C00033000,33.0,0.05,0.0,1.45,,12.0,0.5395553857421876,False,CALL,2026-04-17,CTRA
CTRA260417C00035000,35.0,0.17,0.0,0.25,1.0,11.0,0.3320379296875,False,CALL,2026-04-17,CTRA
CTRA260417P00021000,21.0,0.13,0.0,1.2,2.0,136.0,0.6665072412109377,False,PUT,2026-04-17,CTRA
CTRA260417P00022000,22.0,0.59,0.0,1.2,2.0,279.0,0.59570716796875,False,PUT,2026-04-17,CTRA
CTRA260417P00023000,23.0,0.25,0.1,1.25,1.0,994.0,0.5507857421875001,False,PUT,2026-04-17,CTRA
CTRA260417P00024000,24.0,0.65,0.0,1.35,45.0,82.0,0.6596713720703126,False,PUT,2026-04-17,CTRA
CTRA260417P00025000,25.0,0.5,0.35,1.65,10.0,445.0,0.6479527392578125,False,PUT,2026-04-17,CTRA
CTRA260417P00026000,26.0,0.67,0.5,0.6,87.0,1189.0,0.32520206054687495,False,PUT,2026-04-17,CTRA
CTRA260417P00027000,27.0,1.3,0.3,2.45,1.0,230.0,0.6391637646484375,False,PUT,2026-04-17,CTRA
CTRA260417P00028000,28.0,1.2,1.2,1.25,12.0,199.0,0.3127510131835937,False,PUT,2026-04-17,CTRA
CTRA260417P00029000,29.0,3.0,1.65,1.75,25.0,26.0,0.3139717041015625,True,PUT,2026-04-17,CTRA
CTRA260417P00030000,30.0,3.4,2.1,2.45,1.0,1.0,0.3354558642578125,True,PUT,2026-04-17,CTRA
CTRA260618C00022000,22.0,2.87,3.2,7.3,,1.0,0.398443515625,True,CALL,2026-06-18,CTRA
CTRA260618C00023000,23.0,4.8,0.0,5.7,2.0,55.0,1.0000000000000003e-05,True,CALL,2026-06-18,CTRA
CTRA260618C00024000,24.0,4.15,4.0,7.2,2.0,6.0,0.6682162084960939,True,CALL,2026-06-18,CTRA
CTRA260618C00025000,25.0,4.24,2.5,4.7,4.0,449.0,0.33887379882812496,True,CALL,2026-06-18,CTRA
CTRA260618C00026000,26.0,3.08,1.7,4.7,10.0,179.0,0.4506890869140625,True,CALL,2026-06-18,CTRA
CTRA260618C00027000,27.0,3.0,3.0,3.6,3.0,1095.0,0.370123486328125,True,CALL,2026-06-18,CTRA
CTRA260618C00028000,28.0,1.88,1.4,4.6,2.0,182.0,0.5920450952148439,True,CALL,2026-06-18,CTRA
CTRA260618C00029000,29.0,1.7,1.95,2.2,7.0,618.0,0.31592480957031244,False,CALL,2026-06-18,CTRA
CTRA260618C00030000,30.0,1.45,1.5,2.0,50.0,325.0,0.34668622070312494,False,CALL,2026-06-18,CTRA
CTRA260618C00032000,32.0,0.8,0.65,2.65,1.0,925.0,0.5358933129882812,False,CALL,2026-06-18,CTRA
CTRA260618C00035000,35.0,0.35,0.25,0.45,34.0,591.0,0.2973703076171874,False,CALL,2026-06-18,CTRA
CTRA260618P00021000,21.0,0.68,0.0,0.95,10.0,14.0,0.5898478515625001,False,PUT,2026-06-18,CTRA
CTRA260618P00022000,22.0,0.55,0.0,1.1,4.0,48.0,0.5642133422851563,False,PUT,2026-06-18,CTRA
CTRA260618P00023000,23.0,0.68,0.3,0.95,11.0,178.0,0.4733939379882813,False,PUT,2026-06-18,CTRA
CTRA260618P00024000,24.0,1.13,0.65,2.05,3.0,109.0,0.6196327099609377,False,PUT,2026-06-18,CTRA
CTRA260618P00025000,25.0,1.15,0.85,1.05,3.0,267.0,0.379889013671875,False,PUT,2026-06-18,CTRA
CTRA260618P00026000,26.0,1.25,1.15,2.95,1.0,21.0,0.6264685791015626,False,PUT,2026-06-18,CTRA
CTRA260618P00027000,27.0,1.55,1.0,3.2,15.0,217.0,0.5908244042968751,False,PUT,2026-06-18,CTRA
CTRA260618P00028000,28.0,2.67,1.3,0.0,,2.0,0.015634843750000002,False,PUT,2026-06-18,CTRA
CTRA260618P00030000,30.0,5.44,2.35,5.1,1.0,5.0,0.6223182299804688,True,PUT,2026-06-18,CTRA
CTRA260717C00021000,21.0,7.17,5.8,8.8,13.0,44.0,0.532231240234375,True,CALL,2026-07-17,CTRA
CTRA260717C00023000,23.0,4.76,4.1,8.1,5.0,10.0,0.6567417138671876,True,CALL,2026-07-17,CTRA
CTRA260717C00025000,25.0,3.5,2.5,5.0,2.0,10.0,0.3591372680664062,True,CALL,2026-07-17,CTRA
CTRA260717C00026000,26.0,2.79,1.75,5.8,1.0,12.0,0.5676312768554688,True,CALL,2026-07-17,CTRA
CTRA260717C00027000,27.0,2.3,1.1,3.5,1.0,272.0,0.3232489550781249,True,CALL,2026-07-17,CTRA
CTRA260717C00028000,28.0,1.93,0.55,4.7,1.0,377.0,0.5522505712890625,True,CALL,2026-07-17,CTRA
CTRA260717C00030000,30.0,1.45,0.9,2.15,1.0,86.0,0.3347234497070312,False,CALL,2026-07-17,CTRA
CTRA260717C00031000,31.0,1.3,0.05,3.3,1.0,2.0,0.5283250292968751,False,CALL,2026-07-17,CTRA
CTRA260717C00033000,33.0,0.65,0.0,2.6,5.0,10.0,0.5207567456054687,False,CALL,2026-07-17,CTRA
CTRA260717C00035000,35.0,0.28,0.0,0.7,,4.0,0.31690136230468746,False,CALL,2026-07-17,CTRA
CTRA260717P00021000,21.0,0.59,0.0,1.65,2.0,14.0,0.508793974609375,False,PUT,2026-07-17,CTRA
CTRA260717P00023000,23.0,1.25,0.0,2.1,1.0,16.0,0.6350134155273439,False,PUT,2026-07-17,CTRA
CTRA260717P00024000,24.0,1.5,0.0,2.45,1.0,11.0,0.6274451318359376,False,PUT,2026-07-17,CTRA
CTRA260717P00025000,25.0,1.4,0.05,2.85,10.0,70.0,0.6225623681640625,False,PUT,2026-07-17,CTRA
CTRA260717P00026000,26.0,2.0,0.7,3.2,,1.0,0.6059609716796877,False,PUT,2026-07-17,CTRA
CTRA260717P00028000,28.0,3.44,0.2,4.2,,20.0,0.6013223461914063,False,PUT,2026-07-17,CTRA
CTRA260918C00022000,22.0,6.36,5.3,9.3,1.0,5.0,0.6477086010742188,True,CALL,2026-09-18,CTRA
CTRA260918C00025000,25.0,4.9,3.0,6.9,2.0,35.0,0.5554243676757813,True,CALL,2026-09-18,CTRA
CTRA260918C00027000,27.0,2.69,1.6,4.9,10.0,45.0,0.44043528320312497,True,CALL,2026-09-18,CTRA
CTRA260918C00030000,30.0,1.68,0.2,4.2,16.0,247.0,0.5096484582519532,False,CALL,2026-09-18,CTRA
CTRA260918C00032000,32.0,1.25,0.4,2.1,4.0,35.0,0.3566958862304687,False,CALL,2026-09-18,CTRA
CTRA260918C00035000,35.0,0.75,0.0,2.5,1.0,57.0,0.4939015454101563,False,CALL,2026-09-18,CTRA
CTRA260918P00022000,22.0,1.2,0.0,2.25,5.0,1041.0,0.6196327099609377,False,PUT,2026-09-18,CTRA
CTRA260918P00025000,25.0,2.3,0.6,2.4,10.0,29.0,0.47437049072265625,False,PUT,2026-09-18,CTRA
CTRA260918P00027000,27.0,3.05,0.15,4.1,1.0,207.0,0.5638471350097658,False,PUT,2026-09-18,CTRA
CTRA260918P00030000,30.0,4.1,1.5,5.6,,1.0,0.5383346948242189,True,PUT,2026-09-18,CTRA
CTRA261218C00022000,22.0,6.0,5.4,9.6,2.0,44.0,0.5854533642578125,True,CALL,2026-12-18,CTRA
CTRA261218C00025000,25.0,2.8,3.1,7.5,122.0,144.0,0.534184345703125,True,CALL,2026-12-18,CTRA
CTRA261218C00027000,27.0,3.2,2.05,6.3,3.0,32.0,0.5109912182617188,True,CALL,2026-12-18,CTRA
CTRA261218C00030000,30.0,2.0,0.5,4.8,5.0,308.0,0.48743188354492195,False,CALL,2026-12-18,CTRA
CTRA261218C00032000,32.0,1.72,0.05,4.3,10.0,48.0,0.50586431640625,False,CALL,2026-12-18,CTRA
CTRA261218C00035000,35.0,0.89,0.05,3.3,1.0,17.0,0.4942677526855469,False,CALL,2026-12-18,CTRA
CTRA261218P00022000,22.0,1.93,0.0,2.9,,1.0,0.6066933862304689,False,PUT,2026-12-18,CTRA
CTRA261218P00025000,25.0,2.8,0.05,2.2,24.0,276.0,0.38086556640624997,False,PUT,2026-12-18,CTRA
CTRA261218P00027000,27.0,3.01,0.35,4.7,,5.0,0.5379684875488282,False,PUT,2026-12-18,CTRA
CTRA261218P00030000,30.0,4.7,0.0,0.0,,1.0,1.0000000000000003e-05,True,PUT,2026-12-18,CTRA
CTRA270115C00022000,22.0,6.75,5.5,9.6,2.0,353.0,0.5617719604492188,True,CALL,2027-01-15,CTRA
CTRA270115C00025000,25.0,5.84,4.3,7.2,22.0,733.0,0.4818167053222656,True,CALL,2027-01-15,CTRA
CTRA270115C00027000,27.0,4.0,2.4,6.1,12.0,5310.0,0.47119669433593747,True,CALL,2027-01-15,CTRA
CTRA270115C00030000,30.0,2.68,2.15,2.85,4.0,12155.0,0.29444064941406245,False,CALL,2027-01-15,CTRA
CTRA270115C00032000,32.0,1.95,0.45,2.0,78.0,444.0,0.28064684204101553,False,CALL,2027-01-15,CTRA
CTRA270115C00035000,35.0,1.1,0.05,1.15,9.0,1226.0,0.27027096923828126,False,CALL,2027-01-15,CTRA
CTRA270115P00022000,22.0,1.07,0.05,2.0,1.0,256.0,0.4738822143554688,False,PUT,2027-01-15,CTRA
CTRA270115P00025000,25.0,2.05,1.1,2.2,5.0,297.0,0.3654848608398438,False,PUT,2027-01-15,CTRA
CTRA270115P00027000,27.0,2.7,0.6,4.7,4.0,51.0,0.5161181201171875,False,PUT,2027-01-15,CTRA
CTRA270115P00030000,30.0,6.79,5.1,10.0,5.0,6.0,0.6137733935546876,True,PUT,2027-01-15,CTRA
CTRA270115P00032000,32.0,8.4,6.0,11.0,,2.0,0.5805706005859376,True,PUT,2027-01-15,CTRA
CTRA271217C00022000,22.0,7.8,6.0,11.0,1.0,19.0,0.5189257092285156,True,CALL,2027-12-17,CTRA
CTRA271217C00025000,25.0,4.2,4.0,9.0,1.0,61.0,0.4762015270996094,True,CALL,2027-12-17,CTRA
CTRA271217C00027000,27.0,4.4,3.0,8.0,1.0,33.0,0.4670463452148438,True,CALL,2027-12-17,CTRA
CTRA271217C00030000,30.0,3.71,1.5,5.0,4.0,3.0,0.34717449707031245,False,CALL,2027-12-17,CTRA
CTRA271217C00035000,35.0,1.9,0.0,4.9,6.0,23.0,0.4408014904785156,False,CALL,2027-12-17,CTRA
CTRA271217P00025000,25.0,4.6,1.5,6.0,4.0,2.0,0.5407760766601564,False,PUT,2027-12-17,CTRA
CTRA280121C00022000,22.0,8.02,6.0,11.0,4.0,10.0,0.5061084545898438,True,CALL,2028-01-21,CTRA
CTRA280121C00025000,25.0,5.5,4.5,9.5,1.0,24.0,0.5004932763671875,True,CALL,2028-01-21,CTRA
CTRA280121C00027000,27.0,4.36,3.0,8.0,12.0,46.0,0.4555718505859375,True,CALL,2028-01-21,CTRA
CTRA280121C00030000,30.0,4.06,2.0,5.4,5.0,12.0,0.36377589355468753,False,CALL,2028-01-21,CTRA
CTRA280121C00032000,32.0,2.75,1.0,6.0,16.0,850.0,0.44397528686523435,False,CALL,2028-01-21,CTRA
CTRA280121C00035000,35.0,2.61,2.25,2.55,12.0,22.0,0.28321029296874994,False,CALL,2028-01-21,CTRA
CTRA280121P00022000,22.0,2.9,0.0,0.0,1.0,2.0,0.062509375,False,PUT,2028-01-21,CTRA
CTRA280121P00025000,25.0,2.51,2.0,5.5,2.0,62.0,0.4914601635742188,False,PUT,2028-01-21,CTRA
CTRA280121P00027000,27.0,3.6,1.0,6.0,4.0,9.0,0.44727115234375,False,PUT,2028-01-21,CTRA
CTRA280121P00030000,30.0,5.9,2.5,7.5,1.0,1.0,0.42529871582031253,True,PUT,2028-01-21,CTRA
CTRA280121P00035000,35.0,9.7,5.5,10.5,12.0,6.0,0.39771110107421875,True,PUT,2028-01-21,CTRA
CVE260220C00015000,15.0,4.48,4.9,6.0,1.0,4.0,1.3085972070312497,True,CALL,2026-02-20,CVE
CVE260220C00016000,16.0,3.7,3.5,5.1,1.0,29.0,1.197269638671875,True,CALL,2026-02-20,CVE
CVE260220C00017000,17.0,3.4,3.2,3.7,2.0,328.0,0.6835969140625001,True,CALL,2026-02-20,CVE
CVE260220C00018000,18.0,2.3,2.5,2.75,17.0,1989.0,0.570316796875,True,CALL,2026-02-20,CVE
CVE260220C00019000,19.0,1.42,1.65,1.85,152.0,1721.0,0.4726615234375,True,CALL,2026-02-20,CVE
CVE260220C00020000,20.0,0.85,0.95,1.1,1061.0,2223.0,0.41602146484374997,True,CALL,2026-02-20,CVE
CVE260220C00021000,21.0,0.55,0.5,0.6,126.0,499.0,0.40332627929687503,False,CALL,2026-02-20,CVE
CVE260220C00022000,22.0,0.25,0.2,0.3,32.0,210.0,0.4023497265625,False,CALL,2026-02-20,CVE
CVE260220C00023000,23.0,0.1,0.05,0.15,3.0,426.0,0.415044912109375,False,CALL,2026-02-20,CVE
CVE260220P00015000,15.0,0.05,0.0,0.1,1.0,492.0,0.7070341796875,False,PUT,2026-02-20,CVE
CVE260220P00016000,16.0,0.05,0.0,0.15,14.0,1133.0,0.632816171875,False,PUT,2026-02-20,CVE
CVE260220P00017000,17.0,0.09,0.05,0.1,46.0,3739.0,0.50586431640625,False,PUT,2026-02-20,CVE
CVE260220P00018000,18.0,0.2,0.1,0.2,50.0,1106.0,0.507817421875,False,PUT,2026-02-20,CVE
CVE260220P00019000,19.0,0.3,0.2,0.35,9.0,15.0,0.45703667968750006,False,PUT,2026-02-20,CVE
CVE260220P00020000,20.0,0.65,0.5,0.65,241.0,21.0,0.42774009765625004,False,PUT,2026-02-20,CVE
CVE260220P00021000,21.0,1.2,1.0,1.15,3.0,4.0,0.415044912109375,True,PUT,2026-02-20,CVE
CVE260320C00015000,15.0,4.6,4.9,6.1,20.0,389.0,0.938477177734375,True,CALL,2026-03-20,CVE
CVE260320C00016000,16.0,3.85,4.0,4.8,100.0,423.0,0.631839619140625,True,CALL,2026-03-20,CVE
CVE260320C00017000,17.0,3.5,3.3,3.7,9.0,803.0,0.45898978515625005,True,CALL,2026-03-20,CVE
CVE260320C00018000,18.0,2.65,2.65,2.9,11.0,2467.0,0.45703667968750006,True,CALL,2026-03-20,CVE
CVE260320C00019000,19.0,2.05,1.9,2.0,36.0,2515.0,0.37793590820312495,True,CALL,2026-03-20,CVE
CVE260320C00020000,20.0,1.4,1.25,1.4,170.0,2712.0,0.38086556640624997,True,CALL,2026-03-20,CVE
CVE260320C00021000,21.0,0.75,0.7,0.9,34.0,4053.0,0.370123486328125,False,CALL,2026-03-20,CVE
CVE260320C00022000,22.0,0.47,0.45,0.55,1058.0,761.0,0.36524072265625,False,CALL,2026-03-20,CVE
CVE260320C00025000,25.0,0.1,0.05,0.15,245.0,890.0,0.405279384765625,False,CALL,2026-03-20,CVE
CVE260320P00015000,15.0,0.07,0.05,0.1,18.0,1712.0,0.51562984375,False,PUT,2026-03-20,CVE
CVE260320P00016000,16.0,0.1,0.1,0.15,78.0,1833.0,0.5019581054687501,False,PUT,2026-03-20,CVE
CVE260320P00017000,17.0,0.2,0.15,0.2,43.0,1190.0,0.4414118359375,False,PUT,2026-03-20,CVE
CVE260320P00018000,18.0,0.35,0.25,0.35,18.0,941.0,0.42090422851562503,False,PUT,2026-03-20,CVE
CVE260320P00019000,19.0,0.77,0.45,0.65,4.0,56.0,0.42578699218750005,False,PUT,2026-03-20,CVE
CVE260320P00020000,20.0,0.95,0.85,0.95,53.0,86.0,0.38867798828125,False,PUT,2026-03-20,CVE
CVE260320P00021000,21.0,3.56,0.0,0.0,,6.0,1.0000000000000003e-05,True,PUT,2026-03-20,CVE
CVE260320P00025000,25.0,7.9,6.7,8.1,1.0,2.0,1.4379910913085938,True,PUT,2026-03-20,CVE
CVE260618C00015000,15.0,6.0,5.1,6.0,10.0,49.0,0.5288133056640626,True,CALL,2026-06-18,CVE
CVE260618C00016000,16.0,4.25,4.3,5.1,20.0,153.0,0.48340360351562506,True,CALL,2026-06-18,CVE
CVE260618C00017000,17.0,4.2,3.5,4.2,6.0,298.0,0.4331111376953125,True,CALL,2026-06-18,CVE
CVE260618C00018000,18.0,2.85,3.1,3.4,67.0,983.0,0.4028380029296875,True,CALL,2026-06-18,CVE
CVE260618C00019000,19.0,2.5,2.55,2.75,213.0,858.0,0.3940490283203125,True,CALL,2026-06-18,CVE
CVE260618C00020000,20.0,2.15,1.9,2.1,32.0,1460.0,0.370123486328125,True,CALL,2026-06-18,CVE
CVE260618C00021000,21.0,1.44,1.5,1.6,9.0,182.0,0.36084623535156246,False,CALL,2026-06-18,CVE
CVE260618C00022000,22.0,1.25,1.15,1.25,2.0,395.0,0.36499658447265626,False,CALL,2026-06-18,CVE
CVE260618C00023000,23.0,0.9,0.7,0.9,1.0,529.0,0.3540103662109374,False,CALL,2026-06-18,CVE
CVE260618C00024000,24.0,0.6,0.6,0.7,3.0,271.0,0.36133451171875,False,CALL,2026-06-18,CVE
CVE260618C00025000,25.0,0.4,0.4,0.5,1.0,195.0,0.35645174804687496,False,CALL,2026-06-18,CVE
CVE260618P00015000,15.0,0.25,0.2,0.6,5.0,535.0,0.5551802294921876,False,PUT,2026-06-18,CVE
CVE260618P00016000,16.0,0.5,0.3,0.5,1.0,654.0,0.442388388671875,False,PUT,2026-06-18,CVE
CVE260618P00017000,17.0,0.65,0.5,0.65,10.0,570.0,0.41211525390625,False,PUT,2026-06-18,CVE
CVE260618P00018000,18.0,0.9,0.7,0.85,40.0,790.0,0.3842835009765625,False,PUT,2026-06-18,CVE
CVE260618P00019000,19.0,1.35,1.0,1.2,1.0,142.0,0.37793590820312495,False,PUT,2026-06-18,CVE
CVE260618P00020000,20.0,1.8,1.4,1.6,40.0,490.0,0.36499658447265626,False,PUT,2026-06-18,CVE
CVE260618P00021000,21.0,2.15,1.95,2.1,2.0,10.0,0.3557193334960937,True,PUT,2026-06-18,CVE
CVE260618P00022000,22.0,2.65,2.55,2.75,1.0,41.0,0.35986968261718744,True,PUT,2026-06-18,CVE
CVE260918C00016000,16.0,3.35,4.6,5.7,1.0,60.0,0.5112353564453125,True,CALL,2026-09-18,CVE
CVE260918C00018000,18.0,3.3,3.5,3.9,10.0,21.0,0.40479110839843746,True,CALL,2026-09-18,CVE
CVE260918C00019000,19.0,2.7,2.85,3.3,4.0,18.0,0.39819937744140627,True,CALL,2026-09-18,CVE
CVE260918C00020000,20.0,2.05,2.25,2.7,28.0,31.0,0.3820862573242187,True,CALL,2026-09-18,CVE
CVE260918C00021000,21.0,1.5,1.75,2.2,1.0,12.0,0.37256486816406253,False,CALL,2026-09-18,CVE
CVE260918C00022000,22.0,1.05,1.55,1.8,151.0,255.0,0.36914693359375,False,CALL,2026-09-18,CVE
CVE260918C00023000,23.0,1.1,1.05,1.45,20.0,25.0,0.3645083081054688,False,CALL,2026-09-18,CVE
CVE260918C00024000,24.0,1.05,0.9,1.25,9.0,119.0,0.37573866455078125,False,CALL,2026-09-18,CVE
CVE260918C00025000,25.0,0.8,0.6,0.95,1.0,107.0,0.3627993408203125,False,CALL,2026-09-18,CVE
CVE260918P00015000,15.0,0.85,0.35,0.7,5.0,42.0,0.4585015087890626,False,PUT,2026-09-18,CVE
CVE260918P00016000,16.0,0.94,0.5,0.8,2.0,13.0,0.41748629394531245,False,PUT,2026-09-18,CVE
CVE260918P00018000,18.0,1.2,1.1,1.3,5.0,10.0,0.38233039550781245,False,PUT,2026-09-18,CVE
CVE270115C00015000,15.0,6.2,6.0,6.5,9.0,2908.0,0.4387263159179688,True,CALL,2027-01-15,CVE
CVE270115C00017000,17.0,4.91,4.6,5.0,97.0,27345.0,0.40454697021484376,True,CALL,2027-01-15,CVE
CVE270115C00020000,20.0,3.06,2.7,3.3,77.0,4225.0,0.38794557373046873,True,CALL,2027-01-15,CVE
CVE270115C00022000,22.0,2.2,2.1,2.35,520.0,7119.0,0.36890279541015625,False,CALL,2027-01-15,CVE
CVE270115C00025000,25.0,1.15,1.25,1.45,20.0,3042.0,0.3645083081054688,False,CALL,2027-01-15,CVE
CVE270115P00015000,15.0,0.8,0.75,0.9,6.0,10479.0,0.414068359375,False,PUT,2027-01-15,CVE
CVE270115P00017000,17.0,1.3,1.2,1.4,311.0,1814.0,0.3850159155273437,False,PUT,2027-01-15,CVE
CVE270115P00020000,20.0,3.48,2.15,2.6,6.0,226.0,0.3588931298828125,False,PUT,2027-01-15,CVE
CVE270115P00022000,22.0,4.75,3.3,3.7,20.0,64.0,0.34717449707031245,True,PUT,2027-01-15,CVE
CVE270115P00025000,25.0,11.4,7.4,9.8,5.0,5.0,0.6972686523437501,True,PUT,2027-01-15,CVE
CVE280121C00015000,15.0,5.48,5.9,8.5,10.0,53.0,0.5520064331054688,True,CALL,2028-01-21,CVE
CVE280121C00017000,17.0,5.3,4.7,7.2,13.0,332.0,0.5144091528320311,True,CALL,2028-01-21,CVE
CVE280121C00020000,20.0,4.21,4.0,4.7,20.0,423.0,0.397466962890625,True,CALL,2028-01-21,CVE
CVE280121C00022000,22.0,3.54,2.5,4.5,2.0,248.0,0.4456842541503906,False,CALL,2028-01-21,CVE
CVE280121C00025000,25.0,2.7,2.0,4.2,60.0,1022.0,0.4973194799804688,False,CALL,2028-01-21,CVE
CVE280121P00015000,15.0,2.6,1.0,3.3,160.0,161.0,0.584965087890625,False,PUT,2028-01-21,CVE
CVE280121P00017000,17.0,2.86,0.75,3.7,1.0,104.0,0.5119677709960937,False,PUT,2028-01-21,CVE
CVE280121P00020000,20.0,3.7,2.1,4.7,5.0,91.0,0.4414118359375,False,PUT,2028-01-21,CVE
CVE280121P00022000,22.0,5.6,4.4,7.0,15.0,15.0,0.53320779296875,True,PUT,2028-01-21,CVE
CVX260130C00130000,130.0,34.85,40.75,44.05,1.0,2.0,2.972658818359375,True,CALL,2026-01-30,CVX
CVX260130C00135000,135.0,15.8,35.65,39.5,1.0,0.0,1.4570339648437498,True,CALL,2026-01-30,CVX
CVX260130C00140000,140.0,29.88,31.3,34.05,1.0,16.0,1.453127734375,True,CALL,2026-01-30,CVX
CVX260130C00145000,145.0,23.85,26.5,29.05,2.0,23.0,1.3515657421874998,True,CALL,2026-01-30,CVX
CVX260130C00147000,147.0,20.4,24.5,27.05,,4.0,1.2636755566406248,True,CALL,2026-01-30,CVX
CVX260130C00149000,149.0,25.07,22.45,25.05,1.0,2.0,1.15234798828125,True,CALL,2026-01-30,CVX
CVX260130C00150000,150.0,24.2,21.45,23.75,3.0,297.0,0.9355475195312499,True,CALL,2026-01-30,CVX
CVX260130C00152500,152.5,21.33,19.0,21.55,1.0,13.0,1.021489267578125,True,CALL,2026-01-30,CVX
CVX260130C00155000,155.0,17.71,16.7,18.05,17.0,577.0,1.076176494140625,True,CALL,2026-01-30,CVX
CVX260130C00157500,157.5,16.16,14.05,16.55,7.0,24.0,0.8183611914062499,True,CALL,2026-01-30,CVX
CVX260130C00160000,160.0,12.67,12.2,13.05,45.0,839.0,0.5800823242187501,True,CALL,2026-01-30,CVX
CVX260130C00162500,162.5,10.03,9.55,10.55,153.0,576.0,0.702151416015625,True,CALL,2026-01-30,CVX
CVX260130C00165000,165.0,7.75,7.2,8.15,426.0,2366.0,0.6059609716796877,True,CALL,2026-01-30,CVX
CVX260130C00167500,167.5,5.46,5.0,6.1,225.0,1997.0,0.585941640625,True,CALL,2026-01-30,CVX
CVX260130C00170000,170.0,3.55,3.25,3.8,755.0,6302.0,0.46143116699218756,True,CALL,2026-01-30,CVX
CVX260130C00172500,172.5,1.87,2.05,2.16,1256.0,1396.0,0.422857333984375,True,CALL,2026-01-30,CVX
CVX260130C00175000,175.0,1.05,1.05,1.19,1452.0,3993.0,0.4318904467773438,False,CALL,2026-01-30,CVX
CVX260130C00177500,177.5,0.52,0.44,0.58,478.0,660.0,0.43457596679687505,False,CALL,2026-01-30,CVX
CVX260130C00180000,180.0,0.27,0.2,0.32,1085.0,2300.0,0.46631393066406257,False,CALL,2026-01-30,CVX
CVX260130C00182500,182.5,0.21,0.07,0.29,235.0,92.0,0.5576216113281252,False,CALL,2026-01-30,CVX
CVX260130C00185000,185.0,0.1,0.09,0.13,261.0,412.0,0.5351608984375,False,CALL,2026-01-30,CVX
CVX260130C00190000,190.0,0.04,0.01,0.07,1227.0,1536.0,0.5937540625000001,False,CALL,2026-01-30,CVX
CVX260130C00195000,195.0,0.04,0.01,0.04,24.0,64.0,0.6875031250000001,False,CALL,2026-01-30,CVX
CVX260130C00200000,200.0,0.01,0.01,0.07,100.0,50.0,0.85937640625,False,CALL,2026-01-30,CVX
CVX260130C00205000,205.0,0.03,0.0,0.95,1.0,56.0,1.4589870800781248,False,CALL,2026-01-30,CVX
CVX260130C00210000,210.0,0.15,0.0,2.13,,106.0,1.9375003125,False,CALL,2026-01-30,CVX
CVX260130C00215000,215.0,0.03,0.0,2.13,,51.0,2.1044969262695306,False,CALL,2026-01-30,CVX
CVX260130C00220000,220.0,0.03,0.0,0.05,1.0,159.0,1.2500037499999999,False,CALL,2026-01-30,CVX
CVX260130P00125000,125.0,0.03,0.0,0.04,2.0,4.0,1.625001875,False,PUT,2026-01-30,CVX
CVX260130P00130000,130.0,0.01,0.0,0.02,10.0,167.0,1.3437532812499997,False,PUT,2026-01-30,CVX
CVX260130P00135000,135.0,0.01,0.0,0.05,12.0,147.0,1.2968785156249998,False,PUT,2026-01-30,CVX
CVX260130P00140000,140.0,0.01,0.0,0.35,3.0,282.0,1.466799541015625,False,PUT,2026-01-30,CVX
CVX260130P00145000,145.0,0.01,0.0,0.01,16.0,573.0,0.8125018749999999,False,PUT,2026-01-30,CVX
CVX260130P00146000,146.0,0.04,0.0,0.01,11.0,9.0,0.7812521875,False,PUT,2026-01-30,CVX
CVX260130P00147000,147.0,0.01,0.0,0.01,4.0,32.0,0.7500025,False,PUT,2026-01-30,CVX
CVX260130P00148000,148.0,0.01,0.0,0.23,10.0,24.0,1.05078599609375,False,PUT,2026-01-30,CVX
CVX260130P00149000,149.0,0.01,0.01,0.05,41.0,8.0,0.8359391406249999,False,PUT,2026-01-30,CVX
CVX260130P00150000,150.0,0.01,0.01,0.05,158.0,438.0,0.804689453125,False,PUT,2026-01-30,CVX
CVX260130P00152500,152.5,0.03,0.01,0.05,75.0,58.0,0.7187528125,False,PUT,2026-01-30,CVX
CVX260130P00155000,155.0,0.05,0.03,0.08,102.0,801.0,0.6914093359375001,False,PUT,2026-01-30,CVX
CVX260130P00157500,157.5,0.05,0.03,0.07,58.0,365.0,0.5937540625000001,False,PUT,2026-01-30,CVX
CVX260130P00160000,160.0,0.06,0.06,0.1,254.0,3475.0,0.5429733203125001,False,PUT,2026-01-30,CVX
CVX260130P00162500,162.5,0.12,0.12,0.16,104.0,4311.0,0.5009815527343751,False,PUT,2026-01-30,CVX
CVX260130P00165000,165.0,0.24,0.21,0.27,1047.0,1260.0,0.46582565429687506,False,PUT,2026-01-30,CVX
CVX260130P00167500,167.5,0.47,0.43,0.56,293.0,852.0,0.442388388671875,False,PUT,2026-01-30,CVX
CVX260130P00170000,170.0,1.03,0.99,1.07,443.0,319.0,0.41309180664062495,False,PUT,2026-01-30,CVX
CVX260130P00172500,172.5,2.03,1.94,2.25,945.0,60.0,0.44287666503906253,False,PUT,2026-01-30,CVX
CVX260130P00175000,175.0,3.63,3.35,3.5,24.0,9.0,0.39258419921875,True,PUT,2026-01-30,CVX
CVX260130P00177500,177.5,5.26,5.0,6.35,1.0,11.0,0.6323278955078125,True,PUT,2026-01-30,CVX
CVX260130P00180000,180.0,13.79,7.05,8.7,,8.0,0.7402369726562499,True,PUT,2026-01-30,CVX
CVX260130P00220000,220.0,61.5,45.5,49.35,,0.0,2.6084019165039063,True,PUT,2026-01-30,CVX
CVX260206C00125000,125.0,42.22,45.8,49.5,1.0,3.0,0.9707034179687499,True,CALL,2026-02-06,CVX
CVX260206C00140000,140.0,29.05,31.75,34.15,1.0,24.0,0.8193377441406249,True,CALL,2026-02-06,CVX
CVX260206C00145000,145.0,23.25,26.8,29.2,10.0,35.0,0.7226590234375,True,CALL,2026-02-06,CVX
CVX260206C00150000,150.0,23.1,21.9,24.2,2.0,253.0,0.62305064453125,True,CALL,2026-02-06,CVX
CVX260206C00152500,152.5,16.9,19.3,21.75,20.0,24.0,0.5585981640625001,True,CALL,2026-02-06,CVX
CVX260206C00155000,155.0,17.73,16.85,18.4,2.0,229.0,0.5820354296875,True,CALL,2026-02-06,CVX
CVX260206C00157500,157.5,16.42,14.5,16.85,3.0,7.0,0.6679720703125002,True,CALL,2026-02-06,CVX
CVX260206C00160000,160.0,12.86,12.3,13.35,43.0,570.0,0.446294599609375,True,CALL,2026-02-06,CVX
CVX260206C00162500,162.5,10.6,9.75,11.05,4.0,27.0,0.4118711157226562,True,CALL,2026-02-06,CVX
CVX260206C00165000,165.0,8.31,7.95,8.7,75.0,1099.0,0.362311064453125,True,CALL,2026-02-06,CVX
CVX260206C00167500,167.5,6.6,6.0,6.55,122.0,571.0,0.32739930419921875,True,CALL,2026-02-06,CVX
CVX260206C00170000,170.0,4.65,4.25,4.95,407.0,2500.0,0.33130551513671874,True,CALL,2026-02-06,CVX
CVX260206C00172500,172.5,3.41,2.87,3.3,287.0,162.0,0.30493859130859374,True,CALL,2026-02-06,CVX
CVX260206C00175000,175.0,2.15,1.96,2.23,506.0,1058.0,0.305671005859375,False,CALL,2026-02-06,CVX
CVX260206C00177500,177.5,1.37,1.2,1.47,190.0,372.0,0.3100654931640625,False,CALL,2026-02-06,CVX
CVX260206C00180000,180.0,0.89,0.87,0.95,1091.0,1372.0,0.31592480957031244,False,CALL,2026-02-06,CVX
CVX260206C00182500,182.5,0.55,0.47,0.63,139.0,32.0,0.327155166015625,False,CALL,2026-02-06,CVX
CVX260206C00185000,185.0,0.4,0.34,0.49,637.0,285.0,0.3530338134765625,False,CALL,2026-02-06,CVX
CVX260206C00190000,190.0,0.25,0.16,0.27,648.0,283.0,0.389654541015625,False,CALL,2026-02-06,CVX
CVX260206C00195000,195.0,0.01,0.01,1.04,1.0,7.0,0.5424850439453126,False,CALL,2026-02-06,CVX
CVX260206C00200000,200.0,0.05,0.01,2.01,3.0,8.0,0.7338893798828124,False,CALL,2026-02-06,CVX
CVX260206C00205000,205.0,0.01,0.0,2.17,,2.0,0.8354508642578123,False,CALL,2026-02-06,CVX
CVX260206C00210000,210.0,0.13,0.0,2.16,,2.0,0.9165047412109376,False,CALL,2026-02-06,CVX
CVX260206C00220000,220.0,0.17,0.0,2.14,,5.0,1.0683640332031252,False,CALL,2026-02-06,CVX
CVX260206P00135000,135.0,0.07,0.0,2.15,3.0,21.0,1.1420941333007812,False,PUT,2026-02-06,CVX
CVX260206P00140000,140.0,0.01,0.0,0.33,1.0,61.0,0.684573466796875,False,PUT,2026-02-06,CVX
CVX260206P00145000,145.0,0.05,0.0,0.1,4.0,287.0,0.5410202148437502,False,PUT,2026-02-06,CVX
CVX260206P00150000,150.0,0.06,0.0,0.18,20.0,197.0,0.495122236328125,False,PUT,2026-02-06,CVX
CVX260206P00152500,152.5,0.26,0.0,0.21,5.0,7.0,0.459966337890625,False,PUT,2026-02-06,CVX
CVX260206P00155000,155.0,0.24,0.01,0.42,2.0,376.0,0.476567734375,False,PUT,2026-02-06,CVX
CVX260206P00157500,157.5,0.22,0.14,0.44,22.0,148.0,0.42578699218750005,False,PUT,2026-02-06,CVX
CVX260206P00160000,160.0,0.29,0.29,0.51,307.0,366.0,0.3842835009765625,False,PUT,2026-02-06,CVX
CVX260206P00162500,162.5,0.52,0.39,0.8,44.0,325.0,0.3754945263671875,False,PUT,2026-02-06,CVX
CVX260206P00165000,165.0,0.74,0.71,0.89,360.0,1501.0,0.32227240234374993,False,PUT,2026-02-06,CVX
CVX260206P00167500,167.5,1.26,1.15,1.4,108.0,300.0,0.31201859863281245,False,PUT,2026-02-06,CVX
CVX260206P00170000,170.0,2.09,1.92,2.25,97.0,1004.0,0.3129951513671875,False,PUT,2026-02-06,CVX
CVX260206P00172500,172.5,2.97,2.85,3.25,199.0,56.0,0.3012765185546875,False,PUT,2026-02-06,CVX
CVX260206P00175000,175.0,4.45,4.15,4.75,20.0,25.0,0.3086006640625,True,PUT,2026-02-06,CVX
CVX260206P00180000,180.0,11.89,7.65,9.3,2.0,9.0,0.41870698486328123,True,PUT,2026-02-06,CVX
CVX260206P00185000,185.0,18.81,11.95,13.45,,1.0,0.4331111376953125,True,PUT,2026-02-06,CVX
CVX260213C00135000,135.0,31.33,36.7,39.15,22.0,7.0,0.69336244140625,True,CALL,2026-02-13,CVX
CVX260213C00140000,140.0,28.01,31.8,34.2,,1.0,0.6284216845703126,True,CALL,2026-02-13,CVX
CVX260213C00145000,145.0,22.57,26.8,29.25,2.0,5.0,0.5478560839843751,True,CALL,2026-02-13,CVX
CVX260213C00150000,150.0,22.35,22.1,23.75,2.0,22.0,0.5844768115234374,True,CALL,2026-02-13,CVX
CVX260213C00155000,155.0,12.98,17.15,18.95,29.0,120.0,0.5090381127929688,True,CALL,2026-02-13,CVX
CVX260213C00160000,160.0,13.1,12.6,14.05,23.0,380.0,0.4149228430175781,True,CALL,2026-02-13,CVX
CVX260213C00165000,165.0,9.27,8.4,9.35,28.0,599.0,0.331061376953125,True,CALL,2026-02-13,CVX
CVX260213C00170000,170.0,5.5,5.1,5.65,277.0,1391.0,0.2990792749023437,True,CALL,2026-02-13,CVX
CVX260213C00175000,175.0,2.84,2.68,3.0,148.0,627.0,0.2843089147949218,False,CALL,2026-02-13,CVX
CVX260213C00180000,180.0,1.29,1.04,1.35,185.0,269.0,0.2742992492675781,False,CALL,2026-02-13,CVX
CVX260213C00185000,185.0,0.72,0.33,0.64,44.0,355.0,0.2858958129882812,False,CALL,2026-02-13,CVX
CVX260213C00190000,190.0,0.5,0.25,0.34,52.0,97.0,0.30713583496093744,False,CALL,2026-02-13,CVX
CVX260213C00195000,195.0,0.41,0.11,0.94,1.0,200.0,0.4726615234375,False,CALL,2026-02-13,CVX
CVX260213C00200000,200.0,0.23,0.0,1.51,3.0,4.0,0.5107470800781251,False,CALL,2026-02-13,CVX
CVX260213P00130000,130.0,1.07,0.0,2.13,1.0,0.0,0.9565434033203124,False,PUT,2026-02-13,CVX
CVX260213P00135000,135.0,1.13,0.0,2.13,1.0,1.0,0.8544936425781251,False,PUT,2026-02-13,CVX
CVX260213P00140000,140.0,0.19,0.0,0.15,3.0,38.0,0.50586431640625,False,PUT,2026-02-13,CVX
CVX260213P00145000,145.0,0.17,0.0,0.19,2.0,15.0,0.450200810546875,False,PUT,2026-02-13,CVX
CVX260213P00150000,150.0,0.17,0.0,0.24,2.0,276.0,0.39258419921875,False,PUT,2026-02-13,CVX
CVX260213P00155000,155.0,0.28,0.22,0.41,9.0,187.0,0.35547519531249994,False,PUT,2026-02-13,CVX
CVX260213P00160000,160.0,0.57,0.52,0.74,8.0,414.0,0.3215399877929687,False,PUT,2026-02-13,CVX
CVX260213P00165000,165.0,1.25,1.16,1.42,23.0,495.0,0.2934640966796874,False,PUT,2026-02-13,CVX
CVX260213P00170000,170.0,2.78,2.55,3.2,22.0,1465.0,0.3034737622070312,False,PUT,2026-02-13,CVX
CVX260213P00175000,175.0,5.15,5.0,5.8,68.0,603.0,0.3062813513183594,True,PUT,2026-02-13,CVX
CVX260213P00180000,180.0,10.69,8.0,10.2,2.0,1802.0,0.3864807446289062,True,PUT,2026-02-13,CVX
CVX260213P00185000,185.0,17.96,12.25,14.5,2.0,215.0,0.42969320312500003,True,PUT,2026-02-13,CVX
CVX260213P00200000,200.0,32.66,27.0,29.0,2.0,0.0,0.6176796044921876,True,PUT,2026-02-13,CVX
CVX260213P00210000,210.0,44.15,36.55,38.95,15.0,125.0,0.5097705273437501,True,PUT,2026-02-13,CVX
CVX260213P00220000,220.0,52.51,46.25,49.45,,0.0,0.64062859375,True,PUT,2026-02-13,CVX
CVX260220C00125000,125.0,26.04,46.75,49.15,54.0,34.0,0.73437765625,True,CALL,2026-02-20,CVX
CVX260220C00130000,130.0,32.6,41.75,44.15,60.0,132.0,0.6586948193359375,True,CALL,2026-02-20,CVX
CVX260220C00135000,135.0,32.42,36.75,39.2,1.0,43.0,0.5913126806640626,True,CALL,2026-02-20,CVX
CVX260220C00140000,140.0,28.51,31.8,33.6,5.0,182.0,0.6330603100585939,True,CALL,2026-02-20,CVX
CVX260220C00145000,145.0,24.98,26.85,28.3,161.0,501.0,0.50586431640625,True,CALL,2026-02-20,CVX
CVX260220C00150000,150.0,23.52,22.05,23.35,4.0,1637.0,0.43604079589843747,True,CALL,2026-02-20,CVX
CVX260220C00155000,155.0,18.12,17.6,18.45,32.0,4584.0,0.370123486328125,True,CALL,2026-02-20,CVX
CVX260220C00157500,157.5,10.24,14.75,16.95,,5.0,0.4265194067382813,True,CALL,2026-02-20,CVX
CVX260220C00160000,160.0,13.48,12.95,13.65,143.0,6917.0,0.30933307861328124,True,CALL,2026-02-20,CVX
CVX260220C00162500,162.5,11.46,10.35,12.25,1.0,194.0,0.35510898803710933,True,CALL,2026-02-20,CVX
CVX260220C00165000,165.0,9.05,8.75,9.15,258.0,8713.0,0.2613599255371094,True,CALL,2026-02-20,CVX
CVX260220C00167500,167.5,7.16,6.9,7.45,47.0,472.0,0.26489992919921873,True,CALL,2026-02-20,CVX
CVX260220C00170000,170.0,5.6,5.3,5.75,868.0,19954.0,0.2555006091308594,True,CALL,2026-02-20,CVX
CVX260220C00172500,172.5,4.15,3.95,4.35,650.0,936.0,0.2514723291015625,True,CALL,2026-02-20,CVX
CVX260220C00175000,175.0,2.95,2.79,3.1,2295.0,6855.0,0.2430495617675781,False,CALL,2026-02-20,CVX
CVX260220C00177500,177.5,2.15,2.0,2.33,88.0,232.0,0.2500075,False,CALL,2026-02-20,CVX
CVX260220C00180000,180.0,1.55,1.4,1.6,2058.0,3967.0,0.247077841796875,False,CALL,2026-02-20,CVX
CVX260220C00182500,182.5,1.05,0.99,1.16,347.0,153.0,0.252937158203125,False,CALL,2026-02-20,CVX
CVX260220C00185000,185.0,0.73,0.67,0.85,535.0,1804.0,0.2602613037109375,False,CALL,2026-02-20,CVX
CVX260220C00190000,190.0,0.49,0.33,0.48,314.0,2551.0,0.27808339111328123,False,CALL,2026-02-20,CVX
CVX260220C00195000,195.0,0.3,0.25,0.33,253.0,478.0,0.305671005859375,False,CALL,2026-02-20,CVX
CVX260220C00200000,200.0,0.2,0.16,0.28,56.0,634.0,0.34278000976562495,False,CALL,2026-02-20,CVX
CVX260220C00205000,205.0,0.13,0.0,0.31,,1.0,0.39551385742187506,False,CALL,2026-02-20,CVX
CVX260220C00210000,210.0,0.13,0.05,0.15,16.0,691.0,0.3881897119140625,False,CALL,2026-02-20,CVX
CVX260220C00220000,220.0,0.05,0.0,0.12,7.0,108.0,0.44824770507812495,False,CALL,2026-02-20,CVX
CVX260220P00125000,125.0,0.05,0.01,0.08,10.0,2185.0,0.523442265625,False,PUT,2026-02-20,CVX
CVX260220P00130000,130.0,0.04,0.03,0.07,8.0,1841.0,0.49219257812500006,False,PUT,2026-02-20,CVX
CVX260220P00135000,135.0,0.06,0.05,0.2,6.0,2369.0,0.506840869140625,False,PUT,2026-02-20,CVX
CVX260220P00140000,140.0,0.09,0.08,0.12,14.0,3815.0,0.407232490234375,False,PUT,2026-02-20,CVX
CVX260220P00145000,145.0,0.2,0.1,0.2,185.0,3882.0,0.3789124609375,False,PUT,2026-02-20,CVX
CVX260220P00150000,150.0,0.28,0.27,0.32,201.0,3982.0,0.34668622070312494,False,PUT,2026-02-20,CVX
CVX260220P00152500,152.5,0.35,0.32,0.39,49.0,50.0,0.32739930419921875,False,PUT,2026-02-20,CVX
CVX260220P00155000,155.0,0.48,0.46,0.52,56.0,5567.0,0.31445998046874996,False,PUT,2026-02-20,CVX
CVX260220P00157500,157.5,0.78,0.63,0.78,484.0,83.0,0.3117744604492187,False,PUT,2026-02-20,CVX
CVX260220P00160000,160.0,0.9,0.85,1.03,73.0,3938.0,0.29883513671874995,False,PUT,2026-02-20,CVX
CVX260220P00162500,162.5,1.4,1.3,1.46,773.0,259.0,0.2941965112304687,False,PUT,2026-02-20,CVX
CVX260220P00165000,165.0,1.9,1.85,2.07,345.0,2324.0,0.29273168212890616,False,PUT,2026-02-20,CVX
CVX260220P00167500,167.5,2.73,2.59,3.05,35.0,753.0,0.3039620385742187,False,PUT,2026-02-20,CVX
CVX260220P00170000,170.0,3.8,3.7,3.8,1125.0,363.0,0.288947540283203,False,PUT,2026-02-20,CVX
CVX260220P00172500,172.5,5.0,5.0,5.05,399.0,49.0,0.29273168212890616,False,PUT,2026-02-20,CVX
CVX260220P00175000,175.0,6.25,6.2,6.95,42.0,176.0,0.32300481689453114,True,PUT,2026-02-20,CVX
CVX260220P00177500,177.5,7.9,8.05,8.65,13.0,44.0,0.3321599987792969,True,PUT,2026-02-20,CVX
CVX260220P00180000,180.0,14.07,9.65,11.05,4.0,156.0,0.3767152172851562,True,PUT,2026-02-20,CVX
CVX260220P00182500,182.5,18.29,11.2,13.25,,1.0,0.40405869384765625,True,PUT,2026-02-20,CVX
CVX260220P00185000,185.0,14.19,14.3,15.25,5.0,167.0,0.41296973754882804,True,PUT,2026-02-20,CVX
CVX260220P00190000,190.0,25.06,17.75,20.25,,26.0,0.49121602539062503,True,PUT,2026-02-20,CVX
CVX260220P00195000,195.0,44.85,38.05,40.6,1.0,1.0,1.4542873965454102,True,PUT,2026-02-20,CVX
CVX260220P00200000,200.0,34.87,27.55,29.95,,2.0,0.6044961425781252,True,PUT,2026-02-20,CVX
CVX260227C00140000,140.0,28.4,30.9,34.7,3.0,2.0,0.6794465649414063,True,CALL,2026-02-27,CVX
CVX260227C00145000,145.0,20.1,25.95,29.8,1.0,3.0,0.6064492480468751,True,CALL,2026-02-27,CVX
CVX260227C00150000,150.0,17.65,21.9,23.7,41.0,15.0,0.4215145739746094,True,CALL,2026-02-27,CVX
CVX260227C00155000,155.0,18.22,17.0,18.6,1.0,38.0,0.3391179370117187,True,CALL,2026-02-27,CVX
CVX260227C00160000,160.0,13.72,12.7,14.35,11.0,45.0,0.3254461987304687,True,CALL,2026-02-27,CVX
CVX260227C00165000,165.0,9.55,9.0,9.65,25.0,546.0,0.26050544189453123,True,CALL,2026-02-27,CVX
CVX260227C00170000,170.0,6.0,5.55,6.05,168.0,457.0,0.23938748901367185,True,CALL,2026-02-27,CVX
CVX260227C00175000,175.0,3.45,3.2,3.55,86.0,614.0,0.23603058898925777,False,CALL,2026-02-27,CVX
CVX260227C00180000,180.0,1.84,1.55,1.98,241.0,1055.0,0.23963162719726558,False,CALL,2026-02-27,CVX
CVX260227C00185000,185.0,1.02,0.9,1.19,31.0,58.0,0.2556226782226563,False,CALL,2026-02-27,CVX
CVX260227C00190000,190.0,0.63,0.41,0.65,38.0,49.0,0.2633130310058594,False,CALL,2026-02-27,CVX
CVX260227C00195000,195.0,0.4,0.13,0.5,26.0,12.0,0.2937082348632812,False,CALL,2026-02-27,CVX
CVX260227C00200000,200.0,0.25,0.02,0.35,5.0,9.0,0.3139717041015625,False,CALL,2026-02-27,CVX
CVX260227P00130000,130.0,0.59,0.0,2.14,,15.0,0.6992217578125001,False,PUT,2026-02-27,CVX
CVX260227P00135000,135.0,0.2,0.0,2.16,1.0,5.0,0.6262244409179689,False,PUT,2026-02-27,CVX
CVX260227P00140000,140.0,0.31,0.0,0.9,3.0,7.0,0.5278367529296876,False,PUT,2026-02-27,CVX
CVX260227P00145000,145.0,0.2,0.1,0.32,121.0,31.0,0.362311064453125,False,PUT,2026-02-27,CVX
CVX260227P00150000,150.0,0.29,0.15,0.42,4.0,54.0,0.3217841259765625,False,PUT,2026-02-27,CVX
CVX260227P00155000,155.0,0.7,0.7,0.78,5.0,123.0,0.30689169677734374,False,PUT,2026-02-27,CVX
CVX260227P00160000,160.0,1.3,1.19,1.6,15.0,115.0,0.30762411132812495,False,PUT,2026-02-27,CVX
CVX260227P00165000,165.0,2.34,2.33,2.96,12.0,221.0,0.3099434240722656,False,PUT,2026-02-27,CVX
CVX260227P00170000,170.0,4.45,4.25,4.3,128.0,36.0,0.2790599438476562,False,PUT,2026-02-27,CVX
CVX260227P00175000,175.0,7.2,6.85,7.6,12.0,1.0,0.3159858441162109,True,PUT,2026-02-27,CVX
CVX260227P00180000,180.0,9.06,10.2,10.9,1.0,3.0,0.3215399877929687,True,PUT,2026-02-27,CVX
CVX260227P00185000,185.0,19.92,14.15,16.1,,0.0,0.4124814611816406,True,PUT,2026-02-27,CVX
CVX260306C00155000,155.0,15.15,17.3,18.85,1.0,89.0,0.3266668896484375,True,CALL,2026-03-06,CVX
CVX260306C00160000,160.0,15.0,12.9,14.25,1.0,11.0,0.2863840893554687,True,CALL,2026-03-06,CVX
CVX260306C00165000,165.0,10.7,9.1,9.9,1.0,34.0,0.24842060180664063,True,CALL,2026-03-06,CVX
CVX260306C00170000,170.0,6.19,5.9,6.65,26.0,95.0,0.2436599072265625,True,CALL,2026-03-06,CVX
CVX260306C00175000,175.0,3.7,3.55,4.05,31.0,59.0,0.23566438171386717,False,CALL,2026-03-06,CVX
CVX260306C00180000,180.0,2.65,2.0,2.66,35.0,30.0,0.2515943981933594,False,CALL,2026-03-06,CVX
CVX260306P00160000,160.0,1.58,1.35,1.98,17.0,36.0,0.30225307128906254,False,PUT,2026-03-06,CVX
CVX260306P00165000,165.0,2.75,2.46,3.15,43.0,7.0,0.28919167846679683,False,PUT,2026-03-06,CVX
CVX260320C00125000,125.0,42.26,46.05,49.5,1.0,50.0,0.6978789978027344,True,CALL,2026-03-20,CVX
CVX260320C00130000,130.0,39.53,41.05,44.55,1.0,252.0,0.6369665209960937,True,CALL,2026-03-20,CVX
CVX260320C00135000,135.0,32.75,35.95,39.35,21.0,196.0,0.5551802294921876,True,CALL,2026-03-20,CVX
CVX260320C00140000,140.0,27.65,31.85,34.6,2.0,321.0,0.5134326000976561,True,CALL,2026-03-20,CVX
CVX260320C00145000,145.0,28.5,27.05,29.25,1.0,627.0,0.4246883703613281,True,CALL,2026-03-20,CVX
CVX260320C00150000,150.0,22.9,22.3,23.5,9.0,932.0,0.3062813513183594,True,CALL,2026-03-20,CVX
CVX260320C00155000,155.0,18.27,17.8,18.95,17.0,1891.0,0.28504132934570303,True,CALL,2026-03-20,CVX
CVX260320C00160000,160.0,13.87,13.4,14.35,475.0,5173.0,0.24951922363281248,True,CALL,2026-03-20,CVX
CVX260320C00165000,165.0,10.16,10.0,10.45,1317.0,7106.0,0.23676300354003904,True,CALL,2026-03-20,CVX
CVX260320C00170000,170.0,7.01,7.0,7.2,1132.0,15230.0,0.229499892578125,True,CALL,2026-03-20,CVX
CVX260320C00175000,175.0,4.65,4.5,4.75,3808.0,16869.0,0.22815713256835937,False,CALL,2026-03-20,CVX
CVX260320C00180000,180.0,2.95,2.8,2.96,1394.0,23705.0,0.22730264892578123,False,CALL,2026-03-20,CVX
CVX260320C00185000,185.0,1.85,1.8,1.95,281.0,3217.0,0.2375564526367187,False,CALL,2026-03-20,CVX
CVX260320C00190000,190.0,1.15,1.07,1.34,350.0,2136.0,0.25110612182617187,False,CALL,2026-03-20,CVX
CVX260320C00195000,195.0,0.72,0.7,0.8,139.0,353.0,0.2533033654785156,False,CALL,2026-03-20,CVX
CVX260320C00200000,200.0,0.54,0.47,0.58,154.0,992.0,0.26856200195312496,False,CALL,2026-03-20,CVX
CVX260320C00210000,210.0,0.34,0.12,0.4,1.0,652.0,0.3090889404296875,False,CALL,2026-03-20,CVX
CVX260320C00220000,220.0,0.18,0.13,0.25,266.0,1035.0,0.336920693359375,False,CALL,2026-03-20,CVX
CVX260320P00125000,125.0,0.08,0.08,0.16,20.0,1812.0,0.41602146484374997,False,PUT,2026-03-20,CVX
CVX260320P00130000,130.0,0.27,0.05,0.21,11.0,2250.0,0.3881897119140625,False,PUT,2026-03-20,CVX
CVX260320P00135000,135.0,0.25,0.2,0.3,1.0,4005.0,0.36524072265625,False,PUT,2026-03-20,CVX
CVX260320P00140000,140.0,0.3,0.27,0.44,69.0,4024.0,0.3442448388671875,False,PUT,2026-03-20,CVX
CVX260320P00145000,145.0,0.53,0.44,0.64,86.0,3340.0,0.3227606787109374,False,PUT,2026-03-20,CVX
CVX260320P00150000,150.0,0.77,0.73,0.88,84.0,4835.0,0.2966378930664062,False,PUT,2026-03-20,CVX
CVX260320P00155000,155.0,1.3,1.14,1.4,57.0,3260.0,0.28247787841796873,False,PUT,2026-03-20,CVX
CVX260320P00160000,160.0,2.12,2.01,2.26,105.0,2972.0,0.27246821289062495,False,PUT,2026-03-20,CVX
CVX260320P00165000,165.0,3.35,3.3,3.55,123.0,2776.0,0.2640454455566406,False,PUT,2026-03-20,CVX
CVX260320P00170000,170.0,5.35,5.2,5.4,379.0,736.0,0.25775888732910157,False,PUT,2026-03-20,CVX
CVX260320P00175000,175.0,7.95,7.9,9.8,107.0,51.0,0.32819275329589837,True,PUT,2026-03-20,CVX
CVX260320P00180000,180.0,11.06,11.1,12.0,13.0,191.0,0.2924875439453124,True,PUT,2026-03-20,CVX
CVX260320P00185000,185.0,19.8,14.55,16.3,1.0,18.0,0.3252630950927734,True,PUT,2026-03-20,CVX
CVX260320P00200000,200.0,34.95,27.7,30.25,3.0,2.0,0.4232235412597656,True,PUT,2026-03-20,CVX
CVX260417C00130000,130.0,37.62,40.85,44.75,1.0,1.0,0.5261277856445312,True,CALL,2026-04-17,CVX
CVX260417C00145000,145.0,22.96,27.25,29.65,1.0,2.0,0.36511865356445317,True,CALL,2026-04-17,CVX
CVX260417C00150000,150.0,23.72,22.65,24.6,4.0,45.0,0.3122627368164062,True,CALL,2026-04-17,CVX
CVX260417C00155000,155.0,19.38,18.75,19.65,4.0,20.0,0.26471682556152343,True,CALL,2026-04-17,CVX
CVX260417C00160000,160.0,15.22,14.65,15.3,40.0,330.0,0.24085231811523436,True,CALL,2026-04-17,CVX
CVX260417C00165000,165.0,12.45,10.95,11.8,41.0,461.0,0.23798369445800777,True,CALL,2026-04-17,CVX
CVX260417C00170000,170.0,8.4,8.1,8.65,259.0,1749.0,0.23053747985839845,True,CALL,2026-04-17,CVX
CVX260417C00175000,175.0,6.35,5.9,6.15,219.0,1532.0,0.22730264892578123,False,CALL,2026-04-17,CVX
CVX260417C00180000,180.0,4.2,4.05,4.3,116.0,1135.0,0.22797402893066404,False,CALL,2026-04-17,CVX
CVX260417C00185000,185.0,2.89,2.73,2.95,356.0,1208.0,0.2298660998535156,False,CALL,2026-04-17,CVX
CVX260417C00190000,190.0,1.9,1.76,2.02,29.0,307.0,0.2337723107910156,False,CALL,2026-04-17,CVX
CVX260417C00195000,195.0,1.4,1.23,1.54,236.0,229.0,0.24683370361328127,False,CALL,2026-04-17,CVX
CVX260417C00200000,200.0,0.94,0.86,1.01,369.0,336.0,0.24781025634765624,False,CALL,2026-04-17,CVX
CVX260417C00210000,210.0,0.37,0.49,0.64,18.0,32.0,0.27368890380859373,False,CALL,2026-04-17,CVX
CVX260417C00220000,220.0,0.39,0.3,0.49,1.0,66.0,0.3051827294921875,False,CALL,2026-04-17,CVX
CVX260417P00125000,125.0,0.29,0.1,0.45,2.0,3.0,0.3979552392578125,False,PUT,2026-04-17,CVX
CVX260417P00130000,130.0,0.69,0.17,0.71,10.0,11.0,0.3920959228515625,False,PUT,2026-04-17,CVX
CVX260417P00135000,135.0,0.5,0.34,0.6,20.0,124.0,0.3364324169921875,False,PUT,2026-04-17,CVX
CVX260417P00140000,140.0,0.67,0.56,0.65,2.0,32.0,0.30103238037109376,False,PUT,2026-04-17,CVX
CVX260417P00145000,145.0,0.84,0.81,0.91,8.0,144.0,0.28321029296874994,False,PUT,2026-04-17,CVX
CVX260417P00150000,150.0,1.31,1.24,1.47,5.0,132.0,0.27747304565429687,False,PUT,2026-04-17,CVX
CVX260417P00155000,155.0,1.95,1.92,2.11,43.0,1042.0,0.26343510009765625,False,PUT,2026-04-17,CVX
CVX260417P00160000,160.0,2.98,2.96,3.25,114.0,430.0,0.2594678546142578,False,PUT,2026-04-17,CVX
CVX260417P00165000,165.0,4.45,4.45,4.5,276.0,494.0,0.24536887451171874,False,PUT,2026-04-17,CVX
CVX260417P00170000,170.0,6.4,6.4,6.75,551.0,553.0,0.2500685345458984,False,PUT,2026-04-17,CVX
CVX260417P00175000,175.0,9.15,8.95,9.15,51.0,12.0,0.2433547344970703,True,PUT,2026-04-17,CVX
CVX260417P00180000,180.0,11.15,11.05,13.0,19.0,13.0,0.2677685528564453,True,PUT,2026-04-17,CVX
CVX260417P00185000,185.0,15.79,15.25,16.75,1.0,31.0,0.2772899420166015,True,PUT,2026-04-17,CVX
CVX260417P00190000,190.0,24.55,19.35,21.1,,2.0,0.2984078948974609,True,PUT,2026-04-17,CVX
CVX260515C00125000,125.0,32.0,46.0,49.65,2.0,34.0,0.49182637084960945,True,CALL,2026-05-15,CVX
CVX260515C00130000,130.0,43.75,41.9,44.45,1.0,55.0,0.4332332067871094,True,CALL,2026-05-15,CVX
CVX260515C00135000,135.0,32.84,37.2,39.65,1.0,72.0,0.4010069665527344,True,CALL,2026-05-15,CVX
CVX260515C00140000,140.0,28.96,32.45,35.0,5.0,366.0,0.37525038818359374,True,CALL,2026-05-15,CVX
CVX260515C00145000,145.0,26.0,27.95,29.9,10.0,452.0,0.32581240600585937,True,CALL,2026-05-15,CVX
CVX260515C00150000,150.0,25.0,23.85,24.95,9.0,1769.0,0.28394270751953116,True,CALL,2026-05-15,CVX
CVX260515C00155000,155.0,20.5,19.95,20.65,22.0,1248.0,0.266608896484375,True,CALL,2026-05-15,CVX
CVX260515C00160000,160.0,16.24,16.15,17.05,24.0,1997.0,0.26520510192871094,True,CALL,2026-05-15,CVX
CVX260515C00165000,165.0,13.35,12.9,13.8,101.0,1458.0,0.2630078582763672,True,CALL,2026-05-15,CVX
CVX260515C00170000,170.0,10.25,9.9,10.35,175.0,3046.0,0.24448387359619145,True,CALL,2026-05-15,CVX
CVX260515C00175000,175.0,7.7,7.5,7.85,429.0,4409.0,0.24097438720703124,False,CALL,2026-05-15,CVX
CVX260515C00180000,180.0,5.8,5.45,5.85,459.0,2674.0,0.23944852355957028,False,CALL,2026-05-15,CVX
CVX260515C00185000,185.0,4.25,3.95,4.35,111.0,989.0,0.24085231811523436,False,CALL,2026-05-15,CVX
CVX260515C00190000,190.0,3.07,2.86,3.2,103.0,1500.0,0.24268335449218748,False,CALL,2026-05-15,CVX
CVX260515C00195000,195.0,2.2,2.03,2.34,2.0,263.0,0.245124736328125,False,CALL,2026-05-15,CVX
CVX260515C00200000,200.0,1.79,1.44,1.91,129.0,489.0,0.25714854187011715,False,CALL,2026-05-15,CVX
CVX260515C00210000,210.0,1.02,0.72,1.23,6.0,94.0,0.2749095947265625,False,CALL,2026-05-15,CVX
CVX260515C00220000,220.0,0.7,0.65,0.7,277.0,83.0,0.28174546386718746,False,CALL,2026-05-15,CVX
CVX260515P00125000,125.0,0.47,0.13,0.67,71.0,895.0,0.370123486328125,False,PUT,2026-05-15,CVX
CVX260515P00130000,130.0,0.62,0.42,0.77,81.0,633.0,0.3430241479492187,False,PUT,2026-05-15,CVX
CVX260515P00135000,135.0,0.67,0.52,0.82,1.0,2412.0,0.31018756225585936,False,PUT,2026-05-15,CVX
CVX260515P00140000,140.0,0.97,0.87,1.1,8.0,2498.0,0.29431858032226554,False,PUT,2026-05-15,CVX
CVX260515P00145000,145.0,1.4,1.4,1.57,7.0,2678.0,0.284064776611328,False,PUT,2026-05-15,CVX
CVX260515P00150000,150.0,2.0,1.85,2.17,28.0,2320.0,0.27210200561523434,False,PUT,2026-05-15,CVX
CVX260515P00155000,155.0,2.92,2.78,3.5,17.0,1182.0,0.28003649658203117,False,PUT,2026-05-15,CVX
CVX260515P00160000,160.0,4.05,4.0,4.15,209.0,859.0,0.2528150891113281,False,PUT,2026-05-15,CVX
CVX260515P00165000,165.0,5.6,5.55,5.75,6.0,269.0,0.24750508361816403,False,PUT,2026-05-15,CVX
CVX260515P00170000,170.0,7.6,7.45,7.8,119.0,356.0,0.24353783813476562,False,PUT,2026-05-15,CVX
CVX260515P00175000,175.0,10.03,10.05,10.65,314.0,50.0,0.24945818908691403,True,PUT,2026-05-15,CVX
CVX260515P00180000,180.0,16.19,13.05,14.35,2.0,70.0,0.26746338012695314,True,PUT,2026-05-15,CVX
CVX260515P00185000,185.0,20.48,16.2,17.5,14.0,9.0,0.26056647644042963,True,PUT,2026-05-15,CVX
CVX260515P00190000,190.0,24.68,19.4,21.8,8.0,7.0,0.27887684020996095,True,PUT,2026-05-15,CVX
CVX260515P00220000,220.0,65.2,57.9,60.7,1.0,0.0,0.7088041815185546,True,PUT,2026-05-15,CVX
CVX260618C00125000,125.0,42.5,46.85,49.35,2.0,184.0,0.4105283557128906,True,CALL,2026-06-18,CVX
CVX260618C00130000,130.0,37.7,41.9,44.55,20.0,360.0,0.3828797064208984,True,CALL,2026-06-18,CVX
CVX260618C00135000,135.0,35.45,37.15,39.8,1.0,269.0,0.3566958862304687,True,CALL,2026-06-18,CVX
CVX260618C00140000,140.0,33.45,32.8,35.3,4.0,536.0,0.3398503515625,True,CALL,2026-06-18,CVX
CVX260618C00145000,145.0,30.5,28.5,30.1,3.0,1422.0,0.2919992675781249,True,CALL,2026-06-18,CVX
CVX260618C00150000,150.0,24.8,24.35,25.45,11.0,776.0,0.26581544738769536,True,CALL,2026-06-18,CVX
CVX260618C00155000,155.0,21.2,20.35,21.35,10.0,952.0,0.254463021850586,True,CALL,2026-06-18,CVX
CVX260618C00160000,160.0,17.1,16.95,17.95,65.0,2331.0,0.25580578186035163,True,CALL,2026-06-18,CVX
CVX260618C00165000,165.0,14.25,13.45,14.3,24.0,2337.0,0.24164576721191405,True,CALL,2026-06-18,CVX
CVX260618C00170000,170.0,11.2,10.85,11.2,1673.0,7117.0,0.23313144805908204,True,CALL,2026-06-18,CVX
CVX260618C00175000,175.0,8.61,8.45,8.8,176.0,2937.0,0.23212437805175778,False,CALL,2026-06-18,CVX
CVX260618C00180000,180.0,6.6,6.3,6.9,250.0,3484.0,0.23383334533691402,False,CALL,2026-06-18,CVX
CVX260618C00185000,185.0,5.1,4.85,5.25,254.0,3283.0,0.23294834442138673,False,CALL,2026-06-18,CVX
CVX260618C00190000,190.0,3.9,3.7,3.9,1802.0,3010.0,0.23139196350097657,False,CALL,2026-06-18,CVX
CVX260618C00195000,195.0,3.0,2.62,3.05,929.0,673.0,0.23651886535644528,False,CALL,2026-06-18,CVX
CVX260618C00200000,200.0,2.23,2.16,2.27,608.0,2482.0,0.23731231445312498,False,CALL,2026-06-18,CVX
CVX260618C00210000,210.0,1.33,1.24,1.4,524.0,402.0,0.24781025634765624,False,CALL,2026-06-18,CVX
CVX260618C00220000,220.0,0.87,0.82,1.0,122.0,324.0,0.26563234375,False,CALL,2026-06-18,CVX
CVX260618P00125000,125.0,0.65,0.64,2.2,78.0,4716.0,0.43201251586914063,False,PUT,2026-06-18,CVX
CVX260618P00130000,130.0,0.94,0.7,1.02,96.0,2138.0,0.3188544677734374,False,PUT,2026-06-18,CVX
CVX260618P00135000,135.0,1.33,1.16,1.27,21.0,3857.0,0.3012765185546875,False,PUT,2026-06-18,CVX
CVX260618P00140000,140.0,1.8,1.29,1.75,17.0,3720.0,0.29230444030761704,False,PUT,2026-06-18,CVX
CVX260618P00145000,145.0,2.18,2.22,2.3,37.0,4032.0,0.2802196002197265,False,PUT,2026-06-18,CVX
CVX260618P00150000,150.0,3.03,3.0,3.2,220.0,2363.0,0.2752758020019531,False,PUT,2026-06-18,CVX
CVX260618P00155000,155.0,4.1,4.05,4.3,86.0,2821.0,0.2687451055908203,False,PUT,2026-06-18,CVX
CVX260618P00160000,160.0,5.45,5.2,5.75,303.0,1626.0,0.2644116528320312,False,PUT,2026-06-18,CVX
CVX260618P00165000,165.0,7.1,7.0,7.3,297.0,561.0,0.2545545736694337,False,PUT,2026-06-18,CVX
CVX260618P00170000,170.0,9.45,9.15,9.55,346.0,375.0,0.25370009002685545,False,PUT,2026-06-18,CVX
CVX260618P00175000,175.0,11.95,11.7,11.95,43.0,35.0,0.2477492218017578,True,PUT,2026-06-18,CVX
CVX260618P00180000,180.0,14.9,14.7,14.95,8.0,64.0,0.24738301452636718,True,PUT,2026-06-18,CVX
CVX260618P00185000,185.0,22.5,18.05,19.5,10.0,21.0,0.2771068383789062,True,PUT,2026-06-18,CVX
CVX260618P00190000,190.0,23.83,20.75,23.0,1.0,10.0,0.27509269836425776,True,PUT,2026-06-18,CVX
CVX260618P00195000,195.0,30.67,24.8,27.5,2.0,1.0,0.2938913385009765,True,PUT,2026-06-18,CVX
CVX260618P00200000,200.0,35.61,29.1,31.5,1.0,1.0,0.294379614868164,True,PUT,2026-06-18,CVX
CVX260618P00210000,210.0,44.6,38.25,40.75,2.0,0.0,0.3219061950683593,True,PUT,2026-06-18,CVX
CVX260918C00125000,125.0,41.0,47.1,49.75,5.0,89.0,0.3375310388183594,True,CALL,2026-09-18,CVX
CVX260918C00130000,130.0,40.65,42.6,45.1,6.0,84.0,0.3201361932373046,True,CALL,2026-09-18,CVX
CVX260918C00135000,135.0,40.46,37.7,40.4,8.0,104.0,0.299262378540039,True,CALL,2026-09-18,CVX
CVX260918C00140000,140.0,34.8,33.95,35.75,2.0,888.0,0.2788158056640625,True,CALL,2026-09-18,CVX
CVX260918C00145000,145.0,31.2,30.0,31.25,15.0,213.0,0.26117682189941405,True,CALL,2026-09-18,CVX
CVX260918C00150000,150.0,27.3,26.15,27.35,26.0,413.0,0.2563550927734375,True,CALL,2026-09-18,CVX
CVX260918C00155000,155.0,23.2,22.6,23.65,2.0,1367.0,0.25095353546142574,True,CALL,2026-09-18,CVX
CVX260918C00160000,160.0,19.75,19.3,20.45,36.0,915.0,0.2507704318237304,True,CALL,2026-09-18,CVX
CVX260918C00165000,165.0,16.7,16.25,17.35,29.0,749.0,0.24680318634033205,True,CALL,2026-09-18,CVX
CVX260918C00170000,170.0,14.05,13.4,14.4,19.0,1929.0,0.24039455902099605,True,CALL,2026-09-18,CVX
CVX260918C00175000,175.0,11.35,11.25,11.6,222.0,2720.0,0.2314835153198242,False,CALL,2026-09-18,CVX
CVX260918C00180000,180.0,9.65,9.2,9.6,1404.0,1141.0,0.23175817077636718,False,CALL,2026-09-18,CVX
CVX260918C00185000,185.0,7.62,7.0,7.75,44.0,885.0,0.2294693753051758,False,CALL,2026-09-18,CVX
CVX260918C00190000,190.0,6.15,6.0,6.2,189.0,1149.0,0.2277604080200195,False,CALL,2026-09-18,CVX
CVX260918C00195000,195.0,5.05,4.7,5.05,81.0,395.0,0.2293167889404297,False,CALL,2026-09-18,CVX
CVX260918C00200000,200.0,3.94,3.75,4.1,359.0,481.0,0.23090368713378906,False,CALL,2026-09-18,CVX
CVX260918C00210000,210.0,2.8,2.49,2.72,24.0,79.0,0.2352371398925781,False,CALL,2026-09-18,CVX
CVX260918C00220000,220.0,1.71,1.52,1.89,25.0,91.0,0.24268335449218748,False,CALL,2026-09-18,CVX
CVX260918P00125000,125.0,1.46,1.17,1.71,1.0,445.0,0.31323928955078123,False,PUT,2026-09-18,CVX
CVX260918P00130000,130.0,2.05,1.84,2.12,2.0,3087.0,0.30145962219238287,False,PUT,2026-09-18,CVX
CVX260918P00135000,135.0,2.37,2.17,2.69,2.0,1513.0,0.2924875439453124,False,PUT,2026-09-18,CVX
CVX260918P00140000,140.0,3.15,3.0,3.4,4.0,689.0,0.28412581115722646,False,PUT,2026-09-18,CVX
CVX260918P00145000,145.0,4.25,3.95,4.2,38.0,1109.0,0.2742076974487304,False,PUT,2026-09-18,CVX
CVX260918P00150000,150.0,5.12,4.95,5.35,65.0,1106.0,0.2690807955932617,False,PUT,2026-09-18,CVX
CVX260918P00155000,155.0,6.5,6.3,6.95,8.0,421.0,0.26901976104736325,False,PUT,2026-09-18,CVX
CVX260918P00160000,160.0,8.4,7.85,8.6,11.0,1877.0,0.26438113555908205,False,PUT,2026-09-18,CVX
CVX260918P00165000,165.0,10.4,9.75,10.15,5.0,327.0,0.252937158203125,False,PUT,2026-09-18,CVX
CVX260918P00170000,170.0,12.7,12.0,12.25,4.0,999.0,0.2472304281616211,False,PUT,2026-09-18,CVX
CVX260918P00175000,175.0,16.32,14.25,15.5,8.0,501.0,0.2573316455078125,True,PUT,2026-09-18,CVX
CVX260918P00180000,180.0,20.35,16.65,18.6,218.0,427.0,0.25962044097900394,True,PUT,2026-09-18,CVX
CVX260918P00185000,185.0,24.31,20.25,21.7,17.0,11.0,0.2571790591430664,True,PUT,2026-09-18,CVX
CVX260918P00190000,190.0,28.03,23.2,24.9,5.0,6.0,0.25193008819580076,True,PUT,2026-09-18,CVX
CVX260918P00195000,195.0,36.92,26.9,29.8,,0.0,0.2763133892822265,True,PUT,2026-09-18,CVX
CVX260918P00200000,200.0,36.0,30.9,32.95,1.0,2.0,0.26178716735839846,True,PUT,2026-09-18,CVX
CVX260918P00210000,210.0,60.25,39.75,41.6,,5.0,0.27246821289062495,True,PUT,2026-09-18,CVX
CVX261218C00125000,125.0,43.75,47.6,50.2,2.0,74.0,0.302314105834961,True,CALL,2026-12-18,CVX
CVX261218C00130000,130.0,44.1,42.75,45.7,1.0,182.0,0.290473403930664,True,CALL,2026-12-18,CVX
CVX261218C00135000,135.0,35.15,38.5,40.8,14.0,510.0,0.26532717102050785,True,CALL,2026-12-18,CVX
CVX261218C00140000,140.0,30.99,34.55,37.2,1.0,290.0,0.27295648925781246,True,CALL,2026-12-18,CVX
CVX261218C00145000,145.0,28.95,31.05,32.8,2.0,285.0,0.25678233459472655,True,CALL,2026-12-18,CVX
CVX261218C00150000,150.0,28.7,27.45,28.85,6.0,381.0,0.24796284271240232,True,CALL,2026-12-18,CVX
CVX261218C00155000,155.0,25.09,24.15,25.75,1.0,672.0,0.25153336364746093,True,CALL,2026-12-18,CVX
CVX261218C00160000,160.0,22.09,21.3,22.2,38.0,1419.0,0.24262231994628902,True,CALL,2026-12-18,CVX
CVX261218C00165000,165.0,18.75,18.25,19.2,30.0,1032.0,0.23926541992187497,True,CALL,2026-12-18,CVX
CVX261218C00170000,170.0,16.24,15.85,16.65,42.0,1133.0,0.23905179901123047,True,CALL,2026-12-18,CVX
CVX261218C00175000,175.0,13.63,13.35,14.25,28.0,2001.0,0.23715972808837887,False,CALL,2026-12-18,CVX
CVX261218C00180000,180.0,11.65,11.4,12.1,163.0,708.0,0.23526765716552733,False,CALL,2026-12-18,CVX
CVX261218C00185000,185.0,10.01,9.5,10.4,26.0,283.0,0.23670196899414062,False,CALL,2026-12-18,CVX
CVX261218C00190000,190.0,8.51,8.15,8.7,20.0,858.0,0.2345657598876953,False,CALL,2026-12-18,CVX
CVX261218C00195000,195.0,5.2,6.8,7.35,2.0,530.0,0.23477938079833982,False,CALL,2026-12-18,CVX
CVX261218C00200000,200.0,5.8,5.4,6.3,43.0,633.0,0.23706817626953125,False,CALL,2026-12-18,CVX
CVX261218C00210000,210.0,4.0,3.8,4.35,4.0,583.0,0.23578645080566402,False,CALL,2026-12-18,CVX
CVX261218C00220000,220.0,2.94,2.65,3.0,127.0,1250.0,0.23600007171630855,False,CALL,2026-12-18,CVX
CVX261218P00125000,125.0,2.49,1.77,2.65,1.0,853.0,0.30133755310058596,False,PUT,2026-12-18,CVX
CVX261218P00130000,130.0,3.12,2.41,3.7,20.0,1671.0,0.30597617858886716,False,PUT,2026-12-18,CVX
CVX261218P00135000,135.0,3.5,3.2,4.0,4.0,308.0,0.28519391571044916,False,PUT,2026-12-18,CVX
CVX261218P00140000,140.0,4.95,4.1,4.75,17.0,1243.0,0.2746959738159179,False,PUT,2026-12-18,CVX
CVX261218P00145000,145.0,5.75,5.15,5.85,12.0,492.0,0.26923338195800783,False,PUT,2026-12-18,CVX
CVX261218P00150000,150.0,7.0,6.85,7.35,13.0,485.0,0.26807372558593745,False,PUT,2026-12-18,CVX
CVX261218P00155000,155.0,8.6,8.05,9.55,13.0,515.0,0.2753673538208008,False,PUT,2026-12-18,CVX
CVX261218P00160000,160.0,10.25,9.95,10.85,1.0,2042.0,0.2625195819091797,False,PUT,2026-12-18,CVX
CVX261218P00165000,165.0,12.3,11.7,12.9,11.0,2713.0,0.259071130065918,False,PUT,2026-12-18,CVX
CVX261218P00170000,170.0,15.25,14.15,15.2,347.0,560.0,0.2558973336791992,False,PUT,2026-12-18,CVX
CVX261218P00175000,175.0,17.95,15.95,17.85,44.0,91.0,0.2545545736694337,True,PUT,2026-12-18,CVX
CVX261218P00180000,180.0,21.05,19.25,20.8,2.0,399.0,0.2542188836669922,True,PUT,2026-12-18,CVX
CVX261218P00185000,185.0,27.19,22.35,23.35,10.0,17.0,0.24417870086669924,True,PUT,2026-12-18,CVX
CVX261218P00190000,190.0,29.23,24.9,27.65,2.0,10.0,0.2583997500610352,True,PUT,2026-12-18,CVX
CVX261218P00195000,195.0,33.65,28.4,31.3,8.0,5.0,0.2595594064331055,True,PUT,2026-12-18,CVX
CVX261218P00200000,200.0,47.9,43.95,48.0,2.0,4.0,0.46783979431152345,True,PUT,2026-12-18,CVX
CVX270115C00125000,125.0,44.1,47.9,50.4,4.0,144.0,0.29657685852050775,True,CALL,2027-01-15,CVX
CVX270115C00130000,130.0,44.23,43.05,45.65,1.0,800.0,0.2771678729248046,True,CALL,2027-01-15,CVX
CVX270115C00135000,135.0,37.72,38.8,41.5,1.0,415.0,0.2730175238037109,True,CALL,2027-01-15,CVX
CVX270115C00140000,140.0,36.68,34.8,37.4,8.0,1158.0,0.26642579284667967,True,CALL,2027-01-15,CVX
CVX270115C00145000,145.0,32.83,31.6,33.6,9.0,651.0,0.2629468237304688,True,CALL,2027-01-15,CVX
CVX270115C00150000,150.0,28.9,27.95,29.5,112.0,691.0,0.2501906036376953,True,CALL,2027-01-15,CVX
CVX270115C00155000,155.0,25.65,24.9,26.25,9.0,1534.0,0.2500075,True,CALL,2027-01-15,CVX
CVX270115C00160000,160.0,22.0,21.55,22.8,21.0,2095.0,0.2425307681274414,True,CALL,2027-01-15,CVX
CVX270115C00165000,165.0,19.5,18.95,19.95,33.0,1657.0,0.24118800811767577,True,CALL,2027-01-15,CVX
CVX270115C00170000,170.0,16.75,16.5,17.25,86.0,3037.0,0.23834990173339843,True,CALL,2027-01-15,CVX
CVX270115C00175000,175.0,14.55,14.2,14.85,18.0,1440.0,0.23642731353759766,False,CALL,2027-01-15,CVX
CVX270115C00180000,180.0,12.4,11.8,12.6,116.0,2615.0,0.23313144805908204,False,CALL,2027-01-15,CVX
CVX270115C00185000,185.0,10.63,9.6,11.15,35.0,1230.0,0.23838041900634765,False,CALL,2027-01-15,CVX
CVX270115C00190000,190.0,9.05,8.75,9.35,14.0,1834.0,0.23514558807373048,False,CALL,2027-01-15,CVX
CVX270115C00195000,195.0,7.71,7.4,8.15,18.0,1470.0,0.2381973153686523,False,CALL,2027-01-15,CVX
CVX270115C00200000,200.0,6.4,6.3,7.0,67.0,2735.0,0.23935697174072262,False,CALL,2027-01-15,CVX
CVX270115C00210000,210.0,4.6,4.45,4.9,63.0,462.0,0.2370071417236328,False,CALL,2027-01-15,CVX
CVX270115C00220000,220.0,3.4,2.93,3.5,3.0,611.0,0.23804472900390622,False,CALL,2027-01-15,CVX
CVX270115P00125000,125.0,2.85,2.27,2.9,12.0,1299.0,0.29730927307128896,False,PUT,2027-01-15,CVX
CVX270115P00130000,130.0,3.41,3.05,3.85,35.0,1410.0,0.297736514892578,False,PUT,2027-01-15,CVX
CVX270115P00135000,135.0,4.1,3.8,4.2,9.0,2121.0,0.2786937365722656,False,PUT,2027-01-15,CVX
CVX270115P00140000,140.0,5.0,4.45,5.15,5.0,2425.0,0.2726207992553711,False,PUT,2027-01-15,CVX
CVX270115P00145000,145.0,6.25,5.75,6.3,5.0,1350.0,0.26749389739990237,False,PUT,2027-01-15,CVX
CVX270115P00150000,150.0,7.36,7.2,7.65,26.0,2687.0,0.2627942373657227,False,PUT,2027-01-15,CVX
CVX270115P00155000,155.0,8.7,8.2,10.0,2.0,1508.0,0.27188838470458976,False,PUT,2027-01-15,CVX
CVX270115P00160000,160.0,10.8,10.5,11.1,3.0,1352.0,0.25592785095214843,False,PUT,2027-01-15,CVX
CVX270115P00165000,165.0,12.8,12.5,13.2,4.0,366.0,0.25321181365966794,False,PUT,2027-01-15,CVX
CVX270115P00170000,170.0,14.9,14.8,15.5,255.0,1009.0,0.25003801727294916,False,PUT,2027-01-15,CVX
CVX270115P00175000,175.0,18.65,17.2,18.25,93.0,256.0,0.25016008636474607,True,PUT,2027-01-15,CVX
CVX270115P00180000,180.0,20.4,19.95,20.85,25.0,519.0,0.24466697723388675,True,PUT,2027-01-15,CVX
CVX270115P00185000,185.0,24.75,21.9,24.25,1.0,6.0,0.24781025634765624,True,PUT,2027-01-15,CVX
CVX270115P00190000,190.0,30.48,26.9,27.85,2.0,7.0,0.25098405273437496,True,PUT,2027-01-15,CVX
CVX270115P00195000,195.0,34.0,28.85,31.1,4.0,6.0,0.24585715087890625,True,PUT,2027-01-15,CVX
CVX270115P00200000,200.0,34.36,33.55,35.5,20.0,56.0,0.2564771618652344,True,PUT,2027-01-15,CVX
CVX270115P00210000,210.0,45.95,41.2,43.65,2.0,1.0,0.26093268371582035,True,PUT,2027-01-15,CVX
CVX270115P00220000,220.0,55.74,49.1,52.3,2.0,1.0,0.26651734466552734,True,PUT,2027-01-15,CVX
CVX270617C00130000,130.0,42.2,43.95,47.1,4.0,5.0,0.2650219982910156,True,CALL,2027-06-17,CVX
CVX270617C00140000,140.0,33.45,36.1,40.0,,101.0,0.2694470028686523,True,CALL,2027-06-17,CVX
CVX270617C00145000,145.0,29.96,33.0,36.25,27.0,46.0,0.26319096191406255,True,CALL,2027-06-17,CVX
CVX270617C00150000,150.0,26.6,29.3,32.45,11.0,60.0,0.25406629730224617,True,CALL,2027-06-17,CVX
CVX270617C00155000,155.0,23.75,27.0,28.65,2.0,10.0,0.2430495617675781,True,CALL,2027-06-17,CVX
CVX270617C00160000,160.0,26.0,23.95,26.35,1.0,32.0,0.25040422454833977,True,CALL,2027-06-17,CVX
CVX270617C00165000,165.0,22.76,21.5,23.65,1.0,74.0,0.2492598268127441,True,CALL,2027-06-17,CVX
CVX270617C00170000,170.0,20.53,19.6,20.45,4.0,23.0,0.23929593719482417,True,CALL,2027-06-17,CVX
CVX270617C00175000,175.0,18.5,16.8,17.85,2.0,17.0,0.23459627716064452,False,CALL,2027-06-17,CVX
CVX270617C00180000,180.0,15.5,13.95,15.7,11.0,195.0,0.23303989624023438,False,CALL,2027-06-17,CVX
CVX270617C00185000,185.0,11.37,12.75,14.05,1.0,149.0,0.23528291580200195,False,CALL,2027-06-17,CVX
CVX270617C00190000,190.0,12.15,11.5,12.35,230.0,2.0,0.23465731170654297,False,CALL,2027-06-17,CVX
CVX270617C00195000,195.0,10.47,8.0,11.1,26.0,9.0,0.23767852172851558,False,CALL,2027-06-17,CVX
CVX270617C00200000,200.0,9.14,8.15,9.35,1.0,6.0,0.23209386077880856,False,CALL,2027-06-17,CVX
CVX270617C00210000,210.0,7.17,6.75,7.9,25.0,15.0,0.243171630859375,False,CALL,2027-06-17,CVX
CVX270617C00220000,220.0,5.1,4.2,5.85,1.0,3.0,0.23935697174072262,False,CALL,2027-06-17,CVX
CVX270617P00140000,140.0,8.2,6.75,7.5,,27.0,0.2696911410522461,False,PUT,2027-06-17,CVX
CVX270617P00145000,145.0,8.7,8.15,8.85,47.0,16.0,0.2650525155639648,False,PUT,2027-06-17,CVX
CVX270617P00155000,155.0,11.45,10.8,13.15,8.0,1.0,0.27136959106445313,False,PUT,2027-06-17,CVX
CVX270617P00160000,160.0,15.01,12.6,15.2,2.0,6.0,0.2686993296813965,False,PUT,2027-06-17,CVX
CVX270617P00165000,165.0,15.9,15.7,16.3,1.0,56.0,0.25142655319213864,False,PUT,2027-06-17,CVX
CVX270617P00180000,180.0,23.32,21.55,25.5,1.0,3.0,0.2616956155395508,True,PUT,2027-06-17,CVX
CVX270617P00185000,185.0,26.75,24.55,28.0,10.0,3.0,0.25354750366210943,True,PUT,2027-06-17,CVX
CVX270617P00195000,195.0,35.96,31.8,34.5,2.0,3.0,0.24951922363281248,True,PUT,2027-06-17,CVX
CVX280121C00125000,125.0,47.0,48.5,52.4,2.0,29.0,0.24790180816650392,True,CALL,2028-01-21,CVX
CVX280121C00130000,130.0,43.5,45.1,49.0,3.0,343.0,0.25418836639404296,True,CALL,2028-01-21,CVX
CVX280121C00135000,135.0,39.15,41.75,45.0,2.0,158.0,0.24753560089111326,True,CALL,2028-01-21,CVX
CVX280121C00140000,140.0,39.82,39.5,40.2,16.0,161.0,0.22797402893066404,True,CALL,2028-01-21,CVX
CVX280121C00145000,145.0,37.0,35.0,37.9,1.0,272.0,0.24164576721191405,True,CALL,2028-01-21,CVX
CVX280121C00150000,150.0,33.6,32.8,35.2,1.0,427.0,0.24616232360839846,True,CALL,2028-01-21,CVX
CVX280121C00155000,155.0,31.1,30.1,31.25,1.0,167.0,0.23352817260742187,True,CALL,2028-01-21,CVX
CVX280121C00160000,160.0,24.62,27.1,28.3,10.0,490.0,0.23102575622558597,True,CALL,2028-01-21,CVX
CVX280121C00165000,165.0,26.01,24.65,26.85,9.0,221.0,0.24282068222045894,True,CALL,2028-01-21,CVX
CVX280121C00170000,170.0,23.3,22.45,24.65,4.0,304.0,0.24420921813964847,True,CALL,2028-01-21,CVX
CVX280121C00175000,175.0,21.05,19.7,22.05,5.0,254.0,0.23963162719726558,False,CALL,2028-01-21,CVX
CVX280121C00180000,180.0,17.8,17.55,19.8,3.0,215.0,0.23705291763305664,False,CALL,2028-01-21,CVX
CVX280121C00185000,185.0,17.85,16.8,18.0,2.0,278.0,0.23751067672729487,False,CALL,2028-01-21,CVX
CVX280121C00190000,190.0,15.65,14.7,15.95,29.0,147.0,0.2338028280639648,False,CALL,2028-01-21,CVX
CVX280121C00195000,195.0,13.05,13.55,14.3,4.0,90.0,0.23270420623779298,False,CALL,2028-01-21,CVX
CVX280121C00200000,200.0,13.45,11.4,13.0,200.0,11504.0,0.2339096385192871,False,CALL,2028-01-21,CVX
CVX280121C00210000,210.0,10.81,9.65,10.65,63.0,786.0,0.23513032943725587,False,CALL,2028-01-21,CVX
CVX280121C00220000,220.0,8.46,8.1,9.3,9.0,87.0,0.2433547344970703,False,CALL,2028-01-21,CVX
CVX280121P00125000,125.0,6.6,6.2,7.15,12.0,255.0,0.28833719482421866,False,PUT,2028-01-21,CVX
CVX280121P00130000,130.0,8.05,7.3,8.05,10.0,699.0,0.27945666839599603,False,PUT,2028-01-21,CVX
CVX280121P00135000,135.0,8.97,8.35,9.95,2.0,140.0,0.2839732247924803,False,PUT,2028-01-21,CVX
CVX280121P00140000,140.0,10.75,8.55,10.85,2.0,131.0,0.27208674697875973,False,PUT,2028-01-21,CVX
CVX280121P00145000,145.0,12.15,11.3,12.0,2.0,98.0,0.26258061645507813,False,PUT,2028-01-21,CVX
CVX280121P00150000,150.0,13.09,12.15,13.7,8.0,183.0,0.2586286296081543,False,PUT,2028-01-21,CVX
CVX280121P00155000,155.0,16.57,14.85,16.55,2.0,268.0,0.26628846511840826,False,PUT,2028-01-21,CVX
CVX280121P00160000,160.0,17.6,16.85,17.95,1.0,161.0,0.2552869882202149,False,PUT,2028-01-21,CVX
CVX280121P00165000,165.0,18.96,18.4,20.45,8.0,134.0,0.25501233276367197,False,PUT,2028-01-21,CVX
CVX280121P00170000,170.0,23.45,20.6,22.25,1.0,54.0,0.24558249542236327,False,PUT,2028-01-21,CVX
CVX280121P00175000,175.0,25.5,22.8,25.5,2.0,62.0,0.2498243963623047,True,PUT,2028-01-21,CVX
CVX280121P00180000,180.0,30.05,25.75,27.85,1.0,52.0,0.2430495617675781,True,PUT,2028-01-21,CVX
CVX280121P00185000,185.0,31.74,28.75,30.85,6.0,6.0,0.24144740493774414,True,PUT,2028-01-21,CVX
CVX280121P00190000,190.0,34.7,31.75,34.9,80.0,16.0,0.2492140509033203,True,PUT,2028-01-21,CVX
CVX280121P00195000,195.0,47.98,45.25,48.5,,0.0,0.3546207116699218,True,PUT,2028-01-21,CVX
CVX280121P00200000,200.0,42.26,37.5,41.5,2.0,11.0,0.24498740859985352,True,PUT,2028-01-21,CVX
CVX281215C00125000,125.0,48.05,51.55,54.5,1.0,5.0,0.23651886535644528,True,CALL,2028-12-15,CVX
CVX281215C00130000,130.0,49.52,47.0,51.0,1.0,45.0,0.23712921081542968,True,CALL,2028-12-15,CVX
CVX281215C00135000,135.0,41.8,44.75,48.0,2.0,4.0,0.24158473266601563,True,CALL,2028-12-15,CVX
CVX281215C00140000,140.0,38.0,40.5,43.75,3.0,61.0,0.2297135134887695,True,CALL,2028-12-15,CVX
CVX281215C00145000,145.0,39.7,39.6,41.1,14.0,206.0,0.2342148112487793,True,CALL,2028-12-15,CVX
CVX281215C00150000,150.0,36.9,36.75,37.6,23.0,71.0,0.22809609802246095,True,CALL,2028-12-15,CVX
CVX281215C00155000,155.0,34.95,33.45,36.5,2.0,234.0,0.2438430108642578,True,CALL,2028-12-15,CVX
CVX281215C00160000,160.0,33.0,29.5,33.0,1.0,183.0,0.2348556739807129,True,CALL,2028-12-15,CVX
CVX281215C00165000,165.0,29.9,28.35,30.3,2.0,213.0,0.23218541259765624,True,CALL,2028-12-15,CVX
CVX281215C00170000,170.0,26.6,26.6,27.95,4.0,120.0,0.23136144622802735,True,CALL,2028-12-15,CVX
CVX281215C00175000,175.0,25.28,24.0,25.4,4.0,157.0,0.2275620457458496,False,CALL,2028-12-15,CVX
CVX281215C00180000,180.0,21.71,22.05,23.7,18.0,80.0,0.22992713439941403,False,CALL,2028-12-15,CVX
CVX281215C00185000,185.0,21.23,20.45,22.55,1.0,56.0,0.23580170944213863,False,CALL,2028-12-15,CVX
CVX281215C00190000,190.0,19.8,18.8,20.15,1.0,70.0,0.2298660998535156,False,CALL,2028-12-15,CVX
CVX281215C00195000,195.0,19.0,17.5,18.55,50.0,59.0,0.22974403076171873,False,CALL,2028-12-15,CVX
CVX281215C00200000,200.0,16.7,15.3,18.25,2.0,769.0,0.23992154129028315,False,CALL,2028-12-15,CVX
CVX281215C00210000,210.0,14.44,13.45,15.45,7.0,9.0,0.2386245571899414,False,CALL,2028-12-15,CVX
CVX281215C00220000,220.0,12.4,11.55,12.6,1.0,15.0,0.23334506896972657,False,CALL,2028-12-15,CVX
CVX281215P00125000,125.0,10.65,8.75,11.05,2.0,23.0,0.291175301208496,False,PUT,2028-12-15,CVX
CVX281215P00130000,130.0,12.3,9.2,11.6,1.0,2.0,0.27625235473632803,False,PUT,2028-12-15,CVX
CVX281215P00135000,135.0,13.32,11.95,13.6,12.0,13.0,0.2779002874755859,False,PUT,2028-12-15,CVX
CVX281215P00140000,140.0,14.45,12.0,15.8,2.0,53.0,0.2798839102172851,False,PUT,2028-12-15,CVX
CVX281215P00145000,145.0,16.6,13.5,16.45,2.0,1.0,0.2642285491943359,False,PUT,2028-12-15,CVX
CVX281215P00150000,150.0,18.55,15.75,18.8,21.0,171.0,0.26520510192871094,False,PUT,2028-12-15,CVX
CVX281215P00155000,155.0,21.3,17.5,20.3,2.0,48.0,0.2566297482299804,False,PUT,2028-12-15,CVX
CVX281215P00160000,160.0,22.2,20.85,22.8,5.0,132.0,0.2564771618652344,False,PUT,2028-12-15,CVX
CVX281215P00165000,165.0,23.73,22.9,24.6,4.0,317.0,0.24875629180908204,False,PUT,2028-12-15,CVX
CVX281215P00170000,170.0,26.15,25.55,27.4,39.0,264.0,0.24893939544677735,False,PUT,2028-12-15,CVX
CVX281215P00175000,175.0,30.15,27.8,30.0,2.0,13.0,0.24619284088134769,True,PUT,2028-12-15,CVX
CVX281215P00180000,180.0,33.65,30.6,33.15,6.0,9.0,0.2470931004333496,True,PUT,2028-12-15,CVX
CVX281215P00190000,190.0,40.3,36.25,38.05,,1.0,0.23372653488159179,True,PUT,2028-12-15,CVX
CZR260130C00020000,20.0,1.38,0.99,2.15,6.0,14.0,1.4453152734375,True,CALL,2026-01-30,CZR
CZR260130C00021000,21.0,0.52,0.44,0.57,330.0,27.0,0.6835969140625001,True,CALL,2026-01-30,CZR
CZR260130C00021500,21.5,0.23,0.17,0.28,29.0,36.0,0.5937540625000001,False,CALL,2026-01-30,CZR
CZR260130C00022000,22.0,0.09,0.07,0.11,109.0,102.0,0.57812921875,False,CALL,2026-01-30,CZR
CZR260130C00022500,22.5,0.06,0.01,0.06,2.0,54.0,0.5937540625000001,False,CALL,2026-01-30,CZR
CZR260130C00023000,23.0,0.01,0.01,0.04,11.0,82.0,0.70312796875,False,CALL,2026-01-30,CZR
CZR260130C00023500,23.5,0.03,0.0,0.02,3.0,193.0,0.7187528125,False,CALL,2026-01-30,CZR
CZR260130C00024000,24.0,0.02,0.0,0.01,2.0,89.0,0.7500025,False,CALL,2026-01-30,CZR
CZR260130C00024500,24.5,0.02,0.0,0.01,4.0,91.0,0.87500125,False,CALL,2026-01-30,CZR
CZR260130C00025000,25.0,0.01,0.0,0.2,6.0,230.0,1.609376953125,False,CALL,2026-01-30,CZR
CZR260130C00025500,25.5,0.02,0.0,0.48,2.0,146.0,2.214848212890624,False,CALL,2026-01-30,CZR
CZR260130C00026000,26.0,0.01,0.0,0.3,1.0,136.0,2.0781298046874994,False,CALL,2026-01-30,CZR
CZR260130C00026500,26.5,0.01,0.0,0.76,2.0,3.0,2.8906277734375,False,CALL,2026-01-30,CZR
CZR260130C00027000,27.0,0.03,0.0,0.75,1.0,423.0,3.031252421875,False,CALL,2026-01-30,CZR
CZR260130P00018000,18.0,0.43,0.0,0.75,,1.0,2.4843787890625,False,PUT,2026-01-30,CZR
CZR260130P00019000,19.0,0.01,0.0,0.75,100.0,102.0,1.9296878515625,False,PUT,2026-01-30,CZR
CZR260130P00020000,20.0,0.04,0.02,0.1,17.0,278.0,0.648441015625,False,PUT,2026-01-30,CZR
CZR260130P00020500,20.5,0.19,0.06,0.19,4.0,192.0,0.585941640625,False,PUT,2026-01-30,CZR
CZR260130P00021000,21.0,0.22,0.14,0.21,52.0,260.0,0.44922425781249997,False,PUT,2026-01-30,CZR
CZR260130P00021500,21.5,0.3,0.35,0.59,9.0,159.0,0.6210975390625001,True,PUT,2026-01-30,CZR
CZR260130P00022000,22.0,0.8,0.56,1.16,1.0,191.0,1.01953615234375,True,PUT,2026-01-30,CZR
CZR260130P00022500,22.5,1.0,0.64,1.37,13.0,128.0,0.523442265625,True,PUT,2026-01-30,CZR
CZR260130P00023000,23.0,1.44,1.07,1.97,29.0,251.0,1.0429735351562504,True,PUT,2026-01-30,CZR
CZR260130P00023500,23.5,1.67,1.54,2.47,3.0,96.0,1.21875390625,True,PUT,2026-01-30,CZR
CZR260130P00024000,24.0,2.01,1.95,3.2,51.0,16.0,1.96875015625,True,PUT,2026-01-30,CZR
CZR260130P00024500,24.5,2.87,2.45,3.85,2.0,55.0,2.480472548828125,True,PUT,2026-01-30,CZR
CZR260130P00025000,25.0,3.28,2.83,5.0,54.0,0.0,1.4609401953124999,True,PUT,2026-01-30,CZR
CZR260130P00025500,25.5,1.06,3.5,4.85,,0.0,2.843752890625,True,PUT,2026-01-30,CZR
CZR260130P00026000,26.0,3.89,4.0,5.35,9.0,0.0,3.0156274609375,True,PUT,2026-01-30,CZR
CZR260130P00027000,27.0,5.3,3.65,7.6,1.0,0.0,5.7187528515625,True,PUT,2026-01-30,CZR
CZR260206C00021500,21.5,0.83,0.53,0.62,4.0,24.0,0.551762294921875,False,CALL,2026-02-06,CZR
CZR260206C00022000,22.0,0.41,0.35,0.43,38.0,67.0,0.5468795312500001,False,CALL,2026-02-06,CZR
CZR260206C00022500,22.5,0.38,0.22,0.28,12.0,6.0,0.5390671093750001,False,CALL,2026-02-06,CZR
CZR260206C00023000,23.0,0.25,0.13,0.18,20.0,81.0,0.5351608984375,False,CALL,2026-02-06,CZR
CZR260206C00023500,23.5,0.13,0.08,0.15,3.0,423.0,0.5664105859375,False,CALL,2026-02-06,CZR
CZR260206C00024000,24.0,0.07,0.04,0.09,102.0,30.0,0.5546919531250001,False,CALL,2026-02-06,CZR
CZR260206C00024500,24.5,0.07,0.02,0.06,1.0,34.0,0.5625043750000001,False,CALL,2026-02-06,CZR
CZR260206C00025000,25.0,0.03,0.0,0.12,1.0,70.0,0.6757844921875001,False,CALL,2026-02-06,CZR
CZR260206C00025500,25.5,0.24,0.0,0.85,1.0,1.0,1.26172244140625,False,CALL,2026-02-06,CZR
CZR260206C00026000,26.0,0.02,0.0,0.06,6.0,117.0,0.70312796875,False,CALL,2026-02-06,CZR
CZR260206C00026500,26.5,0.02,0.0,0.58,4.0,106.0,1.2519568652343749,False,CALL,2026-02-06,CZR
CZR260206C00027000,27.0,0.02,0.0,0.14,4.0,54.0,0.937500625,False,CALL,2026-02-06,CZR
CZR260206P00020000,20.0,0.25,0.19,0.26,2.0,126.0,0.500005,False,PUT,2026-02-06,CZR
CZR260206P00021000,21.0,0.43,0.47,0.57,24.0,130.0,0.48633326171875,False,PUT,2026-02-06,CZR
CZR260206P00021500,21.5,0.79,0.68,0.81,2.0,8.0,0.463872548828125,True,PUT,2026-02-06,CZR
CZR260206P00022000,22.0,0.86,0.96,1.09,3.0,112.0,0.41992767578125,True,PUT,2026-02-06,CZR
CZR260206P00022500,22.5,1.44,1.34,1.45,5.0,36.0,0.3789124609375,True,PUT,2026-02-06,CZR
CZR260206P00023000,23.0,1.74,1.31,2.0,10.0,35.0,0.5293015820312501,True,PUT,2026-02-06,CZR
CZR260206P00023500,23.5,0.8,1.04,3.5,2.0,2.0,1.5214867675781247,True,PUT,2026-02-06,CZR
CZR260206P00024000,24.0,2.49,2.11,2.89,1.0,33.0,0.500005,True,PUT,2026-02-06,CZR
CZR260206P00025000,25.0,1.44,3.05,4.35,6.0,11.0,1.2578162109375,True,PUT,2026-02-06,CZR
CZR260206P00025500,25.5,2.25,3.45,4.85,1.0,0.0,1.3418001660156247,True,PUT,2026-02-06,CZR
CZR260206P00026000,26.0,3.55,4.0,5.25,2.0,0.0,1.3125034374999998,True,PUT,2026-02-06,CZR
CZR260213C00021000,21.0,1.52,1.08,1.2,2.0,3.0,0.6044961425781252,True,CALL,2026-02-13,CZR
CZR260213C00022000,22.0,0.64,0.6,0.69,82.0,41.0,0.5625043750000001,False,CALL,2026-02-13,CZR
CZR260213C00023000,23.0,0.39,0.3,0.39,2.0,72.0,0.5498091894531252,False,CALL,2026-02-13,CZR
CZR260213C00024000,24.0,0.29,0.11,0.2,1.0,65.0,0.5273484765625001,False,CALL,2026-02-13,CZR
CZR260213C00025000,25.0,0.1,0.06,0.24,4.0,633.0,0.632816171875,False,CALL,2026-02-13,CZR
CZR260213C00026000,26.0,0.09,0.0,0.52,1.0,156.0,0.85742330078125,False,CALL,2026-02-13,CZR
CZR260213C00027000,27.0,0.06,0.01,0.17,13.0,53.0,0.7382838671874999,False,CALL,2026-02-13,CZR
CZR260213P00018000,18.0,0.06,0.0,1.15,1.0,17.0,1.0488328808593752,False,PUT,2026-02-13,CZR
CZR260213P00019000,19.0,0.2,0.16,0.25,6.0,121.0,0.5371140039062501,False,PUT,2026-02-13,CZR
CZR260213P00020000,20.0,0.42,0.38,0.46,5.0,137.0,0.5117236328125,False,PUT,2026-02-13,CZR
CZR260213P00021000,21.0,0.63,0.7,0.79,14.0,126.0,0.49023947265625006,False,PUT,2026-02-13,CZR
CZR260213P00022000,22.0,1.25,1.21,1.3,2.0,50.0,0.44727115234375,True,PUT,2026-02-13,CZR
CZR260213P00023000,23.0,1.93,1.88,2.08,4.0,21.0,0.46484910156250003,True,PUT,2026-02-13,CZR
CZR260213P00024000,24.0,2.46,2.27,3.4,2.0,20.0,0.84179845703125,True,PUT,2026-02-13,CZR
CZR260213P00025000,25.0,2.23,3.15,4.3,1.0,41.0,0.90429783203125,True,PUT,2026-02-13,CZR
CZR260213P00026000,26.0,2.83,3.9,5.3,1.0,1.0,1.0253954980468751,True,PUT,2026-02-13,CZR
CZR260213P00027000,27.0,2.84,5.0,6.45,,0.0,1.259769326171875,True,PUT,2026-02-13,CZR
CZR260220C00018000,18.0,5.68,3.0,4.2,50.0,110.0,0.78711150390625,True,CALL,2026-02-20,CZR
CZR260220C00019000,19.0,6.29,2.2,3.4,,5.0,0.7402369726562499,True,CALL,2026-02-20,CZR
CZR260220C00020000,20.0,5.45,1.97,2.1,,2.0,0.6728548339843752,True,CALL,2026-02-20,CZR
CZR260220C00021000,21.0,1.47,1.38,1.55,30.0,99.0,0.6586948193359375,True,CALL,2026-02-20,CZR
CZR260220C00021500,21.5,1.36,1.05,1.24,1.0,36.0,0.6152382226562501,False,CALL,2026-02-20,CZR
CZR260220C00022000,22.0,0.96,0.91,1.01,11.0,21.0,0.622074091796875,False,CALL,2026-02-20,CZR
CZR260220C00023000,23.0,0.67,0.5,0.66,14.0,2144.0,0.5898478515625001,False,CALL,2026-02-20,CZR
CZR260220C00023500,23.5,0.63,0.44,0.54,2.0,15.0,0.6064492480468751,False,CALL,2026-02-20,CZR
CZR260220C00024000,24.0,0.36,0.29,0.45,4.0,201.0,0.5937540625000001,False,CALL,2026-02-20,CZR
CZR260220C00024500,24.5,0.29,0.26,0.36,4.0,62.0,0.6084023535156251,False,CALL,2026-02-20,CZR
CZR260220C00025000,25.0,0.29,0.17,0.29,14.0,1007.0,0.5976602734375001,False,CALL,2026-02-20,CZR
CZR260220C00025500,25.5,0.19,0.15,0.28,5.0,61.0,0.63086306640625,False,CALL,2026-02-20,CZR
CZR260220C00026000,26.0,0.3,0.12,0.29,10.0,1133.0,0.6660189648437502,False,CALL,2026-02-20,CZR
CZR260220C00026500,26.5,0.4,0.0,0.27,1.0,45.0,0.6367223828125,False,CALL,2026-02-20,CZR
CZR260220C00027000,27.0,0.16,0.0,0.24,1.0,143.0,0.6562534375000001,False,CALL,2026-02-20,CZR
CZR260220P00016000,16.0,0.1,0.0,0.23,1.0,6.0,0.7656273437500001,False,PUT,2026-02-20,CZR
CZR260220P00017000,17.0,0.1,0.0,0.28,26.0,27.0,0.6640658593750002,False,PUT,2026-02-20,CZR
CZR260220P00018000,18.0,0.25,0.19,0.39,1.0,1.0,0.6660189648437502,False,PUT,2026-02-20,CZR
CZR260220P00019000,19.0,0.4,0.34,0.47,151.0,216.0,0.5888712988281251,False,PUT,2026-02-20,CZR
CZR260220P00019500,19.5,0.42,0.44,0.58,2.0,2.0,0.5664105859375,False,PUT,2026-02-20,CZR
CZR260220P00020000,20.0,0.67,0.58,0.73,53.0,155.0,0.5537154003906251,False,PUT,2026-02-20,CZR
CZR260220P00020500,20.5,0.83,0.76,0.89,2.0,2.0,0.5371140039062501,False,PUT,2026-02-20,CZR
CZR260220P00021000,21.0,1.01,0.94,1.1,34.0,131.0,0.5185595019531251,False,PUT,2026-02-20,CZR
CZR260220P00021500,21.5,1.33,1.19,1.33,1.0,269.0,0.5039112109375,True,PUT,2026-02-20,CZR
CZR260220P00022000,22.0,1.7,1.48,1.61,8.0,1173.0,0.52539537109375,True,PUT,2026-02-20,CZR
CZR260220P00022500,22.5,1.64,1.8,1.94,1.0,233.0,0.5224657128906249,True,PUT,2026-02-20,CZR
CZR260220P00023000,23.0,2.27,2.11,2.28,10.0,215.0,0.507817421875,True,PUT,2026-02-20,CZR
CZR260220P00023500,23.5,2.0,2.52,2.67,1.0,7.0,0.5039112109375,True,PUT,2026-02-20,CZR
CZR260220P00024000,24.0,2.99,2.47,3.25,4.0,149.0,0.6132851171875001,True,PUT,2026-02-20,CZR
CZR260220P00024500,24.5,3.07,2.76,3.95,2.0,12.0,0.79101771484375,True,PUT,2026-02-20,CZR
CZR260220P00025000,25.0,3.92,3.3,4.05,5.0,2303.0,0.5732464550781251,True,PUT,2026-02-20,CZR
CZR260220P00025500,25.5,2.72,3.65,4.85,1.0,10.0,0.8388687988281249,True,PUT,2026-02-20,CZR
CZR260220P00026000,26.0,4.18,4.15,5.35,1.0,22.0,0.8886729882812499,True,PUT,2026-02-20,CZR
CZR260220P00027000,27.0,3.65,5.05,6.5,1.0,76.0,1.08203583984375,True,PUT,2026-02-20,CZR
CZR260227C00022500,22.5,1.95,0.87,1.16,30.0,30.0,0.6420934228515626,False,CALL,2026-02-27,CZR
CZR260227C00023000,23.0,1.7,0.71,0.81,,1.0,0.5986368261718751,False,CALL,2026-02-27,CZR
CZR260227C00024000,24.0,0.6,0.47,0.55,25.0,30.0,0.594730615234375,False,CALL,2026-02-27,CZR
CZR260227C00025000,25.0,1.52,0.25,0.38,,1.0,0.5800823242187501,False,CALL,2026-02-27,CZR
CZR260227C00026000,26.0,0.39,0.16,0.75,3.0,5.0,0.75195560546875,False,CALL,2026-02-27,CZR
CZR260227C00027000,27.0,1.01,0.0,0.75,,6.0,0.7832052929687501,False,CALL,2026-02-27,CZR
CZR260227P00019000,19.0,0.35,0.42,0.8,,4.0,0.6269568554687501,False,PUT,2026-02-27,CZR
CZR260227P00020000,20.0,0.82,0.77,0.85,10.0,14.0,0.5556685058593751,False,PUT,2026-02-27,CZR
CZR260227P00021000,21.0,1.08,1.15,1.26,2.0,7.0,0.5312546875,False,PUT,2026-02-27,CZR
CZR260227P00021500,21.5,1.22,1.39,1.58,1.0,1.0,0.5346726220703125,True,PUT,2026-02-27,CZR
CZR260227P00023000,23.0,2.02,2.27,2.41,1.0,2.0,0.506840869140625,True,PUT,2026-02-27,CZR
CZR260227P00023500,23.5,2.36,2.58,2.84,3.0,7.0,0.5312546875,True,PUT,2026-02-27,CZR
CZR260227P00024000,24.0,1.37,2.77,3.35,,1.0,0.5898478515625001,True,PUT,2026-02-27,CZR
CZR260227P00025000,25.0,3.56,3.0,4.55,4.0,17.0,0.7929708203125,True,PUT,2026-02-27,CZR
CZR260320C00015000,15.0,9.21,5.95,7.2,22.0,28.0,0.867188828125,True,CALL,2026-03-20,CZR
CZR260320C00016000,16.0,7.78,5.05,6.25,1.0,2.0,0.79101771484375,True,CALL,2026-03-20,CZR
CZR260320C00017000,17.0,7.0,4.2,5.4,1.0,7.0,0.745119736328125,True,CALL,2026-03-20,CZR
CZR260320C00018000,18.0,6.56,3.4,4.6,5.0,23.0,0.7060576269531251,True,CALL,2026-03-20,CZR
CZR260320C00019000,19.0,3.3,3.1,3.3,1.0,117.0,0.649417568359375,True,CALL,2026-03-20,CZR
CZR260320C00020000,20.0,2.6,2.45,2.63,5.0,823.0,0.624027197265625,True,CALL,2026-03-20,CZR
CZR260320C00021000,21.0,2.25,1.94,2.06,1.0,93.0,0.6132851171875001,True,CALL,2026-03-20,CZR
CZR260320C00022000,22.0,1.49,1.47,1.58,169.0,3301.0,0.5981485498046876,False,CALL,2026-03-20,CZR
CZR260320C00023000,23.0,1.1,1.09,1.19,1.0,483.0,0.5864299169921875,False,CALL,2026-03-20,CZR
CZR260320C00024000,24.0,0.8,0.78,0.88,15.0,320.0,0.5751995605468749,False,CALL,2026-03-20,CZR
CZR260320C00025000,25.0,0.71,0.56,0.66,76.0,11223.0,0.5732464550781251,False,CALL,2026-03-20,CZR
CZR260320C00026000,26.0,0.59,0.39,0.49,3.0,1723.0,0.570316796875,False,CALL,2026-03-20,CZR
CZR260320C00027000,27.0,0.36,0.25,0.37,5.0,3737.0,0.5664105859375,False,CALL,2026-03-20,CZR
CZR260320P00015000,15.0,0.17,0.0,0.36,4.0,228.0,0.676761044921875,False,PUT,2026-03-20,CZR
CZR260320P00016000,16.0,0.22,0.17,0.38,20.0,400.0,0.648441015625,False,PUT,2026-03-20,CZR
CZR260320P00017000,17.0,0.36,0.27,0.43,4.0,541.0,0.58789474609375,False,PUT,2026-03-20,CZR
CZR260320P00018000,18.0,0.59,0.5,0.62,181.0,2776.0,0.5800823242187501,False,PUT,2026-03-20,CZR
CZR260320P00019000,19.0,0.7,0.76,0.85,2.0,16458.0,0.5576216113281252,False,PUT,2026-03-20,CZR
CZR260320P00020000,20.0,1.13,1.08,1.18,204.0,2832.0,0.5361374511718751,False,PUT,2026-03-20,CZR
CZR260320P00021000,21.0,1.59,1.5,1.6,12.0,412.0,0.51758294921875,False,PUT,2026-03-20,CZR
CZR260320P00022000,22.0,2.13,2.01,2.13,2.0,8303.0,0.5009815527343751,True,PUT,2026-03-20,CZR
CZR260320P00023000,23.0,2.65,2.63,2.77,9.0,2201.0,0.5131884619140624,True,PUT,2026-03-20,CZR
CZR260320P00024000,24.0,2.53,3.2,3.45,1.0,432.0,0.4907277490234375,True,PUT,2026-03-20,CZR
CZR260320P00025000,25.0,4.0,4.0,4.25,3.0,633.0,0.48438015625,True,PUT,2026-03-20,CZR
CZR260320P00026000,26.0,4.92,4.45,5.2,1.0,219.0,0.5273484765625001,True,PUT,2026-03-20,CZR
CZR260320P00027000,27.0,4.2,5.25,6.1,1.0,782.0,0.5312546875,True,PUT,2026-03-20,CZR
CZR260618C00015000,15.0,8.4,6.55,7.85,1.0,231.0,0.735354208984375,True,CALL,2026-06-18,CZR
CZR260618C00017000,17.0,8.46,5.2,6.3,,3.0,0.6982452050781252,True,CALL,2026-06-18,CZR
CZR260618C00018000,18.0,8.13,4.55,5.1,3.0,4.0,0.6210975390625001,True,CALL,2026-06-18,CZR
CZR260618C00019000,19.0,7.14,4.15,4.45,100.0,308.0,0.6289099609375001,True,CALL,2026-06-18,CZR
CZR260618C00020000,20.0,3.83,3.5,3.85,1.0,211.0,0.6044961425781252,True,CALL,2026-06-18,CZR
CZR260618C00021000,21.0,3.15,3.0,3.3,3.0,105.0,0.5915568188476563,True,CALL,2026-06-18,CZR
CZR260618C00022000,22.0,2.72,2.6,2.82,15.0,208.0,0.585941640625,False,CALL,2026-06-18,CZR
CZR260618C00023000,23.0,2.28,2.15,2.41,77.0,1970.0,0.5727581787109376,False,CALL,2026-06-18,CZR
CZR260618C00024000,24.0,1.86,1.75,2.06,55.0,163.0,0.5620160986328125,False,CALL,2026-06-18,CZR
CZR260618C00025000,25.0,1.59,1.45,1.74,5556.0,1363.0,0.5551802294921876,False,CALL,2026-06-18,CZR
CZR260618C00026000,26.0,1.46,1.17,1.49,29.0,320.0,0.5493209130859377,False,CALL,2026-06-18,CZR
CZR260618C00027000,27.0,1.13,0.99,1.24,55.0,462.0,0.5468795312500001,False,CALL,2026-06-18,CZR
CZR260618P00015000,15.0,0.54,0.53,0.86,5.0,466.0,0.6210975390625001,False,PUT,2026-06-18,CZR
CZR260618P00016000,16.0,0.8,0.56,0.87,9.0,45.0,0.5459029785156251,False,PUT,2026-06-18,CZR
CZR260618P00017000,17.0,1.05,0.89,1.25,2.0,425.0,0.5639692041015626,False,PUT,2026-06-18,CZR
CZR260618P00018000,18.0,1.38,1.15,1.44,8.0,1233.0,0.5327195166015625,False,PUT,2026-06-18,CZR
CZR260618P00019000,19.0,1.68,1.48,1.78,22.0,227.0,0.51758294921875,False,PUT,2026-06-18,CZR
CZR260618P00020000,20.0,2.0,1.95,2.2,17.0,3532.0,0.5139208764648437,False,PUT,2026-06-18,CZR
CZR260618P00021000,21.0,2.51,2.35,2.66,37.0,172.0,0.5256395092773438,False,PUT,2026-06-18,CZR
CZR260618P00022000,22.0,3.05,2.85,3.2,31.0,180.0,0.5170946728515625,True,PUT,2026-06-18,CZR
CZR260618P00023000,23.0,3.65,3.4,3.75,2.0,1470.0,0.5004932763671875,True,PUT,2026-06-18,CZR
CZR260618P00024000,24.0,3.53,4.05,4.45,5.0,177.0,0.5024463818359376,True,PUT,2026-06-18,CZR
CZR260618P00025000,25.0,4.9,4.7,5.1,30.0,1151.0,0.48511257080078124,True,PUT,2026-06-18,CZR
CZR260618P00026000,26.0,5.7,5.35,5.8,1.0,1454.0,0.46753462158203124,True,PUT,2026-06-18,CZR
CZR260618P00027000,27.0,6.45,6.25,6.6,39.0,359.0,0.4624077197265626,True,PUT,2026-06-18,CZR
CZR260918C00020000,20.0,6.0,4.3,4.75,1.0,21.0,0.6040078662109377,True,CALL,2026-09-18,CZR
CZR260918C00025000,25.0,2.42,2.2,2.65,2.0,6.0,0.5581098876953126,False,CALL,2026-09-18,CZR
CZR260918C00027000,27.0,2.25,1.67,2.08,1.0,12.0,0.5493209130859377,False,CALL,2026-09-18,CZR
CZR260918P00020000,20.0,2.79,2.38,2.9,2.0,8.0,0.5293015820312501,False,PUT,2026-09-18,CZR
CZR260918P00024000,24.0,4.5,4.55,5.15,400.0,405.0,0.49658706542968756,True,PUT,2026-09-18,CZR
CZR260918P00025000,25.0,4.6,5.1,5.75,1.0,6.0,0.47900911621093745,True,PUT,2026-09-18,CZR
CZR260918P00026000,26.0,5.2,5.75,6.45,,0.0,0.47095255615234377,True,PUT,2026-09-18,CZR
CZR260918P00027000,27.0,5.84,6.6,7.2,,3.0,0.46533737792968755,True,PUT,2026-09-18,CZR
CZR261218C00015000,15.0,8.24,7.85,9.5,1.0,112.0,0.7607445800781252,True,CALL,2026-12-18,CZR
CZR261218C00018000,18.0,8.75,6.2,6.5,1.0,59.0,0.6364782446289063,True,CALL,2026-12-18,CZR
CZR261218C00020000,20.0,5.6,5.1,5.45,3.0,88.0,0.6132851171875001,True,CALL,2026-12-18,CZR
CZR261218C00023000,23.0,3.88,3.65,4.15,1.0,137.0,0.5820354296875,False,CALL,2026-12-18,CZR
CZR261218C00025000,25.0,3.59,2.87,3.45,51.0,1344.0,0.5664105859375,False,CALL,2026-12-18,CZR
CZR261218P00015000,15.0,0.98,1.1,1.51,90.0,288.0,0.5361374511718751,False,PUT,2026-12-18,CZR
CZR261218P00018000,18.0,2.18,2.18,2.61,7.0,527.0,0.51758294921875,False,PUT,2026-12-18,CZR
CZR261218P00020000,20.0,2.96,2.83,3.45,5.0,1587.0,0.5224657128906249,False,PUT,2026-12-18,CZR
CZR261218P00023000,23.0,4.92,4.3,5.05,1.0,154.0,0.4939015454101563,True,PUT,2026-12-18,CZR
CZR261218P00025000,25.0,5.35,5.55,6.3,1.0,246.0,0.47681187255859375,True,PUT,2026-12-18,CZR
CZR270115C00015000,15.0,8.54,7.95,10.15,3.0,215.0,0.7924825439453125,True,CALL,2027-01-15,CZR
CZR270115C00020000,20.0,5.75,5.3,5.7,5.0,1265.0,0.6169471899414063,True,CALL,2027-01-15,CZR
CZR270115C00023000,23.0,4.25,3.8,4.4,1.0,76.0,0.5820354296875,False,CALL,2027-01-15,CZR
CZR270115C00025000,25.0,3.5,3.05,3.65,23.0,702.0,0.5656781713867188,False,CALL,2027-01-15,CZR
CZR270115P00015000,15.0,1.5,1.12,1.56,4.0,4900.0,0.5210008837890624,False,PUT,2027-01-15,CZR
CZR270115P00020000,20.0,3.22,2.98,3.6,2.0,5991.0,0.5212450219726561,False,PUT,2027-01-15,CZR
CZR270115P00023000,23.0,4.77,4.4,5.25,2.0,613.0,0.49878430908203125,True,PUT,2027-01-15,CZR
CZR270115P00025000,25.0,6.0,5.65,6.5,1.0,1797.0,0.48242705078125003,True,PUT,2027-01-15,CZR
CZR280121C00015000,15.0,10.14,8.6,11.45,1.0,31.0,0.6687044848632814,True,CALL,2028-01-21,CZR
CZR280121C00018000,18.0,10.6,7.8,10.0,5.0,320.0,0.6824982922363283,True,CALL,2028-01-21,CZR
CZR280121C00020000,20.0,8.1,6.3,8.2,5.0,1880.0,0.5925333715820313,True,CALL,2028-01-21,CZR
CZR280121C00023000,23.0,6.43,6.25,7.05,1.0,37.0,0.6278113391113282,False,CALL,2028-01-21,CZR
CZR280121C00025000,25.0,6.0,5.0,6.3,2.0,1133.0,0.5897257824707032,False,CALL,2028-01-21,CZR
CZR280121C00027000,27.0,6.67,0.0,0.0,36.0,30.0,0.0312596875,False,CALL,2028-01-21,CZR
CZR280121P00015000,15.0,2.44,1.11,3.3,4.0,62.0,0.601810622558594,False,PUT,2028-01-21,CZR
CZR280121P00018000,18.0,3.55,3.3,4.1,2.0,72.0,0.5161181201171875,False,PUT,2028-01-21,CZR
CZR280121P00020000,20.0,4.77,4.3,5.25,1.0,1482.0,0.5142870837402342,False,PUT,2028-01-21,CZR
CZR280121P00023000,23.0,5.92,5.95,7.2,1.0,67.0,0.514653291015625,True,PUT,2028-01-21,CZR
CZR280121P00025000,25.0,7.95,7.15,8.45,3.0,1086.0,0.5013477600097658,True,PUT,2028-01-21,CZR
CZR280121P00027000,27.0,8.89,8.45,9.75,1.0,2.0,0.4862111926269531,True,PUT,2028-01-21,CZR
DAL260130C00050000,50.0,16.4,13.85,17.95,4.0,2.0,4.246098442382813,True,CALL,2026-01-30,DAL
DAL260130C00055000,55.0,10.83,9.05,12.95,5.0,15.0,3.244142514648437,True,CALL,2026-01-30,DAL
DAL260130C00056000,56.0,9.49,7.95,11.95,2.0,14.0,3.048830502929688,True,CALL,2026-01-30,DAL
DAL260130C00057000,57.0,8.59,6.95,10.95,1.0,3.0,2.853518491210937,True,CALL,2026-01-30,DAL
DAL260130C00058000,58.0,7.3,5.95,9.95,2.0,4.0,2.657229919433594,True,CALL,2026-01-30,DAL
DAL260130C00060000,60.0,6.0,5.75,6.6,24.0,73.0,0.7695335546875001,True,CALL,2026-01-30,DAL
DAL260130C00061000,61.0,5.65,3.5,7.0,13.0,136.0,0.7851583984375,True,CALL,2026-01-30,DAL
DAL260130C00062000,62.0,3.7,3.5,4.15,5.0,6.0,0.500005,True,CALL,2026-01-30,DAL
DAL260130C00063000,63.0,2.3,1.69,3.7,10.0,28.0,0.9003916210937499,True,CALL,2026-01-30,DAL
DAL260130C00064000,64.0,1.35,1.48,2.88,24.0,28.0,0.8378922460937499,True,CALL,2026-01-30,DAL
DAL260130C00065000,65.0,1.34,1.18,1.46,34.0,84.0,0.40430283203125,True,CALL,2026-01-30,DAL
DAL260130C00066000,66.0,0.65,0.54,0.68,184.0,104.0,0.3193427441406249,True,CALL,2026-01-30,DAL
DAL260130C00067000,67.0,0.2,0.18,0.27,140.0,384.0,0.31250687499999996,False,CALL,2026-01-30,DAL
DAL260130C00068000,68.0,0.05,0.06,0.12,171.0,822.0,0.34766277343749996,False,CALL,2026-01-30,DAL
DAL260130C00069000,69.0,0.02,0.01,0.09,44.0,793.0,0.43164630859375,False,CALL,2026-01-30,DAL
DAL260130C00070000,70.0,0.02,0.0,0.06,94.0,673.0,0.48828636718750007,False,CALL,2026-01-30,DAL
DAL260130C00071000,71.0,0.01,0.0,0.02,93.0,1603.0,0.476567734375,False,CALL,2026-01-30,DAL
DAL260130C00072000,72.0,0.02,0.0,0.03,76.0,789.0,0.5312546875,False,CALL,2026-01-30,DAL
DAL260130C00073000,73.0,0.01,0.0,0.04,1.0,681.0,0.632816171875,False,CALL,2026-01-30,DAL
DAL260130C00074000,74.0,0.03,0.0,0.01,2.0,949.0,0.5937540625000001,False,CALL,2026-01-30,DAL
DAL260130C00075000,75.0,0.03,0.0,0.01,11.0,583.0,0.6562534375000001,False,CALL,2026-01-30,DAL
DAL260130C00076000,76.0,0.04,0.0,0.04,16.0,104.0,0.8437515624999999,False,CALL,2026-01-30,DAL
DAL260130C00077000,77.0,0.01,0.0,0.01,7.0,326.0,0.7812521875,False,CALL,2026-01-30,DAL
DAL260130C00078000,78.0,0.08,0.0,0.01,5.0,170.0,0.8437515624999999,False,CALL,2026-01-30,DAL
DAL260130C00079000,79.0,0.04,0.0,2.13,5.0,77.0,2.4023477441406245,False,CALL,2026-01-30,DAL
DAL260130C00080000,80.0,0.01,0.0,0.04,4.0,248.0,1.109379453125,False,CALL,2026-01-30,DAL
DAL260130C00081000,81.0,0.39,0.0,0.15,3.0,32.0,1.41015919921875,False,CALL,2026-01-30,DAL
DAL260130C00082000,82.0,0.03,0.0,1.38,1.0,5.0,2.376957182617187,False,CALL,2026-01-30,DAL
DAL260130C00083000,83.0,0.05,0.0,0.01,4.0,22.0,1.125004375,False,CALL,2026-01-30,DAL
DAL260130C00084000,84.0,0.37,0.0,2.13,3.0,3.0,2.9042996142578126,False,CALL,2026-01-30,DAL
DAL260130C00085000,85.0,0.01,0.0,0.01,1.0,288.0,1.1875040625,False,CALL,2026-01-30,DAL
DAL260130P00050000,50.0,0.01,0.0,0.01,16.0,142.0,1.3750031249999999,False,PUT,2026-01-30,DAL
DAL260130P00055000,55.0,0.01,0.0,0.01,2.0,433.0,0.937500625,False,PUT,2026-01-30,DAL
DAL260130P00057000,57.0,0.02,0.0,0.03,2.0,395.0,0.87500125,False,PUT,2026-01-30,DAL
DAL260130P00058000,58.0,0.15,0.0,2.13,6.0,11.0,2.0937547656249995,False,PUT,2026-01-30,DAL
DAL260130P00059000,59.0,0.19,0.0,0.75,1.0,5.0,1.3281283593749997,False,PUT,2026-01-30,DAL
DAL260130P00060000,60.0,0.02,0.0,0.43,56.0,10467.0,1.009770576171875,False,PUT,2026-01-30,DAL
DAL260130P00061000,61.0,0.02,0.0,0.02,77.0,354.0,0.5390671093750001,False,PUT,2026-01-30,DAL
DAL260130P00062000,62.0,0.08,0.01,0.47,240.0,137.0,0.77148666015625,False,PUT,2026-01-30,DAL
DAL260130P00063000,63.0,0.07,0.04,0.25,31.0,417.0,0.5429733203125001,False,PUT,2026-01-30,DAL
DAL260130P00064000,64.0,0.23,0.08,0.15,153.0,654.0,0.41602146484374997,False,PUT,2026-01-30,DAL
DAL260130P00065000,65.0,0.28,0.24,0.34,271.0,1471.0,0.398443515625,False,PUT,2026-01-30,DAL
DAL260130P00066000,66.0,0.65,0.56,0.69,141.0,1388.0,0.38086556640624997,False,PUT,2026-01-30,DAL
DAL260130P00067000,67.0,1.35,1.13,1.35,172.0,803.0,0.422857333984375,True,PUT,2026-01-30,DAL
DAL260130P00068000,68.0,2.45,1.85,2.63,57.0,515.0,0.5205126074218749,True,PUT,2026-01-30,DAL
DAL260130P00069000,69.0,3.1,2.8,4.9,144.0,437.0,1.05078599609375,True,PUT,2026-01-30,DAL
DAL260130P00070000,70.0,4.8,3.6,5.3,52.0,629.0,0.9492192578124999,True,PUT,2026-01-30,DAL
DAL260130P00071000,71.0,4.95,4.15,7.1,2.0,176.0,1.205082099609375,True,PUT,2026-01-30,DAL
DAL260130P00072000,72.0,6.84,4.05,8.2,2.0,49.0,0.9179695703125,True,PUT,2026-01-30,DAL
DAL260130P00073000,73.0,6.37,5.05,9.05,3.0,3.0,0.929688203125,True,PUT,2026-01-30,DAL
DAL260130P00074000,74.0,4.57,6.05,9.3,2.0,2.0,2.0517626831054683,True,PUT,2026-01-30,DAL
DAL260130P00075000,75.0,6.9,7.05,11.1,14.0,0.0,1.15234798828125,True,PUT,2026-01-30,DAL
DAL260130P00076000,76.0,5.0,8.05,12.1,9.0,0.0,1.2441444042968748,True,PUT,2026-01-30,DAL
DAL260130P00077000,77.0,6.87,9.05,13.1,20.0,0.0,1.3320345898437496,True,PUT,2026-01-30,DAL
DAL260130P00078000,78.0,8.02,10.05,14.1,1.0,6.0,1.4179716601562502,True,PUT,2026-01-30,DAL
DAL260130P00079000,79.0,7.76,11.05,15.1,14.0,0.0,1.5000025,True,PUT,2026-01-30,DAL
DAL260206C00050000,50.0,20.23,14.1,18.0,,2.0,2.0224658813476566,True,CALL,2026-02-06,DAL
DAL260206C00060000,60.0,6.2,4.9,7.45,4.0,6.0,0.913086806640625,True,CALL,2026-02-06,DAL
DAL260206C00061000,61.0,4.5,3.95,6.45,3.0,2.0,0.8251970605468748,True,CALL,2026-02-06,DAL
DAL260206C00062000,62.0,8.35,3.15,6.4,1.0,0.0,0.5273484765625001,True,CALL,2026-02-06,DAL
DAL260206C00063000,63.0,5.21,3.45,3.75,4.0,7.0,0.43994700683593746,True,CALL,2026-02-06,DAL
DAL260206C00064000,64.0,2.35,2.65,3.0,24.0,6.0,0.428716650390625,True,CALL,2026-02-06,DAL
DAL260206C00065000,65.0,1.93,2.03,2.16,152.0,52.0,0.3754945263671875,True,CALL,2026-02-06,DAL
DAL260206C00066000,66.0,1.53,1.45,1.6,39.0,120.0,0.37305314453125,True,CALL,2026-02-06,DAL
DAL260206C00067000,67.0,0.85,1.0,1.15,121.0,379.0,0.37305314453125,False,CALL,2026-02-06,DAL
DAL260206C00068000,68.0,0.77,0.65,0.78,161.0,303.0,0.3676821044921875,False,CALL,2026-02-06,DAL
DAL260206C00069000,69.0,0.48,0.41,0.52,138.0,456.0,0.36817038085937503,False,CALL,2026-02-06,DAL
DAL260206C00070000,70.0,0.23,0.21,0.37,82.0,548.0,0.38184211914062494,False,CALL,2026-02-06,DAL
DAL260206C00071000,71.0,0.17,0.13,0.26,15.0,561.0,0.393560751953125,False,CALL,2026-02-06,DAL
DAL260206C00072000,72.0,0.13,0.12,0.2,1064.0,1318.0,0.415044912109375,False,CALL,2026-02-06,DAL
DAL260206C00073000,73.0,0.1,0.01,0.22,1.0,289.0,0.47461462890625,False,CALL,2026-02-06,DAL
DAL260206C00074000,74.0,0.06,0.03,0.15,19.0,324.0,0.47559118164062497,False,CALL,2026-02-06,DAL
DAL260206C00075000,75.0,0.17,0.0,0.17,5.0,312.0,0.53320779296875,False,CALL,2026-02-06,DAL
DAL260206C00076000,76.0,0.03,0.0,0.41,1.0,26.0,0.5996133789062501,False,CALL,2026-02-06,DAL
DAL260206C00077000,77.0,0.07,0.0,0.23,1.0,28.0,0.569340244140625,False,CALL,2026-02-06,DAL
DAL260206C00078000,78.0,0.27,0.0,0.35,3.0,49.0,0.6601596484375001,False,CALL,2026-02-06,DAL
DAL260206C00079000,79.0,0.1,0.0,0.53,5.0,13.0,0.7656273437500001,False,CALL,2026-02-06,DAL
DAL260206C00080000,80.0,0.06,0.0,0.35,17.0,108.0,0.7382838671874999,False,CALL,2026-02-06,DAL
DAL260206C00081000,81.0,0.42,0.0,0.51,,40.0,0.8378922460937499,False,CALL,2026-02-06,DAL
DAL260206C00082000,82.0,0.2,0.0,0.51,25.0,46.0,0.87695435546875,False,CALL,2026-02-06,DAL
DAL260206C00083000,83.0,0.29,0.0,0.15,,21.0,0.7304714453125,False,CALL,2026-02-06,DAL
DAL260206C00085000,85.0,0.09,0.0,0.15,10.0,105.0,0.7929708203125,False,CALL,2026-02-06,DAL
DAL260206P00050000,50.0,0.02,0.0,0.05,18.0,579.0,0.773439765625,False,PUT,2026-02-06,DAL
DAL260206P00055000,55.0,0.04,0.0,0.75,433.0,445.0,0.893555751953125,False,PUT,2026-02-06,DAL
DAL260206P00057000,57.0,0.21,0.02,0.18,13.0,74.0,0.5585981640625001,False,PUT,2026-02-06,DAL
DAL260206P00058000,58.0,0.2,0.01,0.56,10.0,14.0,0.6425816992187501,False,PUT,2026-02-06,DAL
DAL260206P00059000,59.0,0.11,0.11,0.21,21.0,75.0,0.53320779296875,False,PUT,2026-02-06,DAL
DAL260206P00060000,60.0,0.29,0.12,0.34,1.0,166.0,0.5419967675781252,False,PUT,2026-02-06,DAL
DAL260206P00061000,61.0,0.35,0.17,0.29,5.0,3837.0,0.45215391601562505,False,PUT,2026-02-06,DAL
DAL260206P00062000,62.0,0.49,0.29,0.42,52.0,81.0,0.43945873046875,False,PUT,2026-02-06,DAL
DAL260206P00063000,63.0,0.5,0.47,0.56,63.0,247.0,0.4145566357421875,False,PUT,2026-02-06,DAL
DAL260206P00064000,64.0,0.75,0.69,0.83,66.0,983.0,0.41211525390625,False,PUT,2026-02-06,DAL
DAL260206P00065000,65.0,1.32,1.01,1.12,141.0,5393.0,0.3930724755859375,False,PUT,2026-02-06,DAL
DAL260206P00066000,66.0,1.75,1.4,1.57,66.0,213.0,0.39258419921875,False,PUT,2026-02-06,DAL
DAL260206P00067000,67.0,2.15,1.95,2.09,43.0,274.0,0.3852600537109374,True,PUT,2026-02-06,DAL
DAL260206P00068000,68.0,2.82,2.56,2.8,173.0,223.0,0.4023497265625,True,PUT,2026-02-06,DAL
DAL260206P00069000,69.0,3.45,3.35,3.75,33.0,343.0,0.467778759765625,True,PUT,2026-02-06,DAL
DAL260206P00070000,70.0,4.99,3.85,5.5,45.0,256.0,0.51758294921875,True,PUT,2026-02-06,DAL
DAL260206P00071000,71.0,5.0,4.7,7.15,2.0,226.0,0.6606479248046876,True,PUT,2026-02-06,DAL
DAL260206P00072000,72.0,4.55,5.75,7.55,1.0,153.0,0.6391637646484375,True,PUT,2026-02-06,DAL
DAL260206P00073000,73.0,5.72,6.5,9.05,1.0,21.0,0.7412135253906249,True,PUT,2026-02-06,DAL
DAL260206P00074000,74.0,7.86,7.65,10.0,14.0,99.0,0.8168963623046874,True,PUT,2026-02-06,DAL
DAL260206P00075000,75.0,4.87,8.55,11.0,,0.0,0.8564467480468749,True,PUT,2026-02-06,DAL
DAL260206P00076000,76.0,5.6,9.5,12.0,,1.0,0.9018564501953125,True,PUT,2026-02-06,DAL
DAL260206P00077000,77.0,7.02,10.6,13.0,20.0,0.0,0.9731447998046875,True,PUT,2026-02-06,DAL
DAL260206P00078000,78.0,7.3,10.05,14.1,20.0,0.0,0.6679720703125002,True,PUT,2026-02-06,DAL
DAL260213C00050000,50.0,18.35,14.7,17.5,2.0,2.0,1.3544954150390622,True,CALL,2026-02-13,DAL
DAL260213C00055000,55.0,18.04,9.75,13.2,,1.0,0.6650424121093752,True,CALL,2026-02-13,DAL
DAL260213C00060000,60.0,7.85,4.95,7.65,1.0,41.0,0.7319362744140624,True,CALL,2026-02-13,DAL
DAL260213C00061000,61.0,5.3,4.8,6.85,1.0,51.0,0.7084990087890625,True,CALL,2026-02-13,DAL
DAL260213C00062000,62.0,4.43,4.4,6.8,2.0,9.0,0.5844768115234374,True,CALL,2026-02-13,DAL
DAL260213C00063000,63.0,3.7,3.8,4.15,7.0,6.0,0.41992767578125,True,CALL,2026-02-13,DAL
DAL260213C00064000,64.0,3.97,3.05,3.4,10.0,12.0,0.4023497265625,True,CALL,2026-02-13,DAL
DAL260213C00065000,65.0,3.03,2.41,2.75,3.0,26.0,0.39258419921875,True,CALL,2026-02-13,DAL
DAL260213C00066000,66.0,1.9,1.87,2.2,100.0,53.0,0.38867798828125,True,CALL,2026-02-13,DAL
DAL260213C00067000,67.0,1.45,1.36,1.73,3.0,71.0,0.38623660644531244,False,CALL,2026-02-13,DAL
DAL260213C00068000,68.0,1.05,0.98,1.34,14.0,72.0,0.38477177734374995,False,CALL,2026-02-13,DAL
DAL260213C00069000,69.0,0.9,0.71,1.04,16.0,58.0,0.38794557373046873,False,CALL,2026-02-13,DAL
DAL260213C00070000,70.0,0.55,0.52,0.78,33.0,144.0,0.38721315917968746,False,CALL,2026-02-13,DAL
DAL260213C00071000,71.0,0.39,0.34,0.58,11.0,111.0,0.387701435546875,False,CALL,2026-02-13,DAL
DAL260213C00072000,72.0,0.35,0.26,0.44,2.0,170.0,0.3930724755859375,False,CALL,2026-02-13,DAL
DAL260213C00073000,73.0,0.3,0.21,0.55,3.0,62.0,0.46680220703125,False,CALL,2026-02-13,DAL
DAL260213C00074000,74.0,0.15,0.16,0.41,4.0,37.0,0.46289599609375004,False,CALL,2026-02-13,DAL
DAL260213C00075000,75.0,0.25,0.0,0.54,1.0,75.0,0.5434615966796876,False,CALL,2026-02-13,DAL
DAL260213C00076000,76.0,0.28,0.03,0.62,2.0,28.0,0.5039112109375,False,CALL,2026-02-13,DAL
DAL260213C00077000,77.0,0.11,0.0,0.67,2.0,45.0,0.5419967675781252,False,CALL,2026-02-13,DAL
DAL260213C00078000,78.0,0.24,0.0,0.66,4.0,222.0,0.5727581787109376,False,CALL,2026-02-13,DAL
DAL260213C00079000,79.0,1.66,0.0,0.92,,11.0,0.65820654296875,False,CALL,2026-02-13,DAL
DAL260213C00080000,80.0,0.03,0.0,0.52,1.0,58.0,0.6015664843750002,False,CALL,2026-02-13,DAL
DAL260213C00081000,81.0,0.32,0.0,0.6,2.0,36.0,0.6513706738281251,False,CALL,2026-02-13,DAL
DAL260213C00082000,82.0,0.16,0.0,0.75,1.0,22.0,0.7172879833984375,False,CALL,2026-02-13,DAL
DAL260213C00083000,83.0,0.3,0.0,1.08,2.0,23.0,0.8173846386718748,False,CALL,2026-02-13,DAL
DAL260213C00084000,84.0,0.28,0.0,0.38,1.0,21.0,0.6718782812500002,False,CALL,2026-02-13,DAL
DAL260213C00085000,85.0,0.13,0.0,0.75,27.0,32.0,0.8037129003906249,False,CALL,2026-02-13,DAL
DAL260213P00050000,50.0,0.18,0.0,1.05,,5.0,1.0087940185546875,False,PUT,2026-02-13,DAL
DAL260213P00055000,55.0,0.21,0.0,0.81,8.0,11.0,0.6835969140625001,False,PUT,2026-02-13,DAL
DAL260213P00057000,57.0,0.28,0.09,0.35,3.0,11.0,0.5585981640625001,False,PUT,2026-02-13,DAL
DAL260213P00058000,58.0,0.21,0.01,0.95,6.0,17.0,0.559574716796875,False,PUT,2026-02-13,DAL
DAL260213P00059000,59.0,0.31,0.23,0.71,3.0,46.0,0.5034229345703125,False,PUT,2026-02-13,DAL
DAL260213P00060000,60.0,0.5,0.37,0.48,4.0,36.0,0.454107021484375,False,PUT,2026-02-13,DAL
DAL260213P00061000,61.0,0.6,0.44,0.62,4.0,47.0,0.4409235595703125,False,PUT,2026-02-13,DAL
DAL260213P00062000,62.0,1.03,0.58,0.8,4.0,297.0,0.428716650390625,False,PUT,2026-02-13,DAL
DAL260213P00063000,63.0,1.0,0.81,1.03,242.0,281.0,0.41797457031249996,False,PUT,2026-02-13,DAL
DAL260213P00064000,64.0,1.45,1.11,1.32,75.0,148.0,0.40820904296875,False,PUT,2026-02-13,DAL
DAL260213P00065000,65.0,1.86,1.4,1.71,68.0,235.0,0.4057676611328125,False,PUT,2026-02-13,DAL
DAL260213P00066000,66.0,2.07,1.82,2.12,1.0,125.0,0.3942931665039063,False,PUT,2026-02-13,DAL
DAL260213P00067000,67.0,2.72,2.36,2.63,9.0,33.0,0.38794557373046873,True,PUT,2026-02-13,DAL
DAL260213P00068000,68.0,3.82,2.94,3.2,4.0,48.0,0.37915659912109373,True,PUT,2026-02-13,DAL
DAL260213P00069000,69.0,3.88,3.65,4.0,2.0,127.0,0.4023497265625,True,PUT,2026-02-13,DAL
DAL260213P00070000,70.0,3.9,4.1,5.95,2.0,39.0,0.648441015625,True,PUT,2026-02-13,DAL
DAL260213P00071000,71.0,4.9,5.1,6.8,3.0,100.0,0.5009815527343751,True,PUT,2026-02-13,DAL
DAL260213P00072000,72.0,7.2,5.85,7.55,20.0,36.0,0.680911394042969,True,PUT,2026-02-13,DAL
DAL260213P00073000,73.0,5.6,6.85,8.85,1.0,22.0,0.5742230078125,True,PUT,2026-02-13,DAL
DAL260213P00075000,75.0,7.0,8.55,10.9,6.0,6.0,0.6289099609375001,True,PUT,2026-02-13,DAL
DAL260220C00050000,50.0,16.3,14.65,16.75,11.0,240.0,0.8872081591796874,True,CALL,2026-02-20,DAL
DAL260220C00052500,52.5,15.66,12.25,14.1,20.0,209.0,0.7124052197265626,True,CALL,2026-02-20,DAL
DAL260220C00055000,55.0,10.45,9.95,11.65,1.0,886.0,0.6181678808593751,True,CALL,2026-02-20,DAL
DAL260220C00057500,57.5,9.5,8.1,9.45,1.0,1850.0,0.5883830224609375,True,CALL,2026-02-20,DAL
DAL260220C00060000,60.0,6.0,6.5,6.9,5.0,2181.0,0.4545952978515625,True,CALL,2026-02-20,DAL
DAL260220C00062500,62.5,4.6,3.65,5.0,7.0,1866.0,0.4409235595703125,True,CALL,2026-02-20,DAL
DAL260220C00063000,63.0,4.0,3.55,4.5,19.0,9.0,0.4118711157226562,True,CALL,2026-02-20,DAL
DAL260220C00064000,64.0,3.4,3.4,3.9,101.0,100.0,0.41699801757812494,True,CALL,2026-02-20,DAL
DAL260220C00065000,65.0,3.0,2.94,3.1,145.0,2531.0,0.38184211914062494,True,CALL,2026-02-20,DAL
DAL260220C00066000,66.0,2.43,2.39,2.51,14.0,30.0,0.3711000390625,True,CALL,2026-02-20,DAL
DAL260220C00067000,67.0,1.95,1.91,2.03,13.0,165.0,0.3676821044921875,False,CALL,2026-02-20,DAL
DAL260220C00067500,67.5,1.76,1.72,1.8,46.0,3363.0,0.36377589355468753,False,CALL,2026-02-20,DAL
DAL260220C00068000,68.0,1.42,1.49,1.63,4.0,168.0,0.36646141357421874,False,CALL,2026-02-20,DAL
DAL260220C00069000,69.0,1.02,1.15,1.27,28.0,343.0,0.36206692626953124,False,CALL,2026-02-20,DAL
DAL260220C00070000,70.0,0.88,0.88,0.95,276.0,4780.0,0.3540103662109374,False,CALL,2026-02-20,DAL
DAL260220C00071000,71.0,0.6,0.66,0.73,222.0,149.0,0.3544986425781249,False,CALL,2026-02-20,DAL
DAL260220C00072000,72.0,0.46,0.43,0.57,254.0,781.0,0.358404853515625,False,CALL,2026-02-20,DAL
DAL260220C00072500,72.5,0.39,0.38,0.52,28.0,1620.0,0.36475244628906256,False,CALL,2026-02-20,DAL
DAL260220C00073000,73.0,0.36,0.25,0.55,1.0,152.0,0.3891662646484375,False,CALL,2026-02-20,DAL
DAL260220C00074000,74.0,0.44,0.18,0.41,137.0,286.0,0.38623660644531244,False,CALL,2026-02-20,DAL
DAL260220C00075000,75.0,0.25,0.21,0.3,652.0,19902.0,0.38281867187499996,False,CALL,2026-02-20,DAL
DAL260220C00076000,76.0,0.24,0.09,0.27,26.0,105.0,0.4008848974609375,False,CALL,2026-02-20,DAL
DAL260220C00077000,77.0,0.13,0.08,0.22,2.0,115.0,0.40820904296875,False,CALL,2026-02-20,DAL
DAL260220C00077500,77.5,0.14,0.1,0.2,14.0,2295.0,0.41211525390625,False,CALL,2026-02-20,DAL
DAL260220C00078000,78.0,0.27,0.06,0.19,2.0,25.0,0.41992767578125,False,CALL,2026-02-20,DAL
DAL260220C00079000,79.0,0.14,0.02,0.21,6.0,10.0,0.45508357421875,False,CALL,2026-02-20,DAL
DAL260220C00080000,80.0,0.08,0.08,0.1,48.0,13438.0,0.415044912109375,False,CALL,2026-02-20,DAL
DAL260220C00082000,82.0,0.08,0.0,0.2,7.0,49.0,0.5214891601562499,False,CALL,2026-02-20,DAL
DAL260220C00083000,83.0,0.18,0.01,0.2,6.0,44.0,0.543949873046875,False,CALL,2026-02-20,DAL
DAL260220C00085000,85.0,0.04,0.01,0.11,10.0,400.0,0.5273484765625001,False,CALL,2026-02-20,DAL
DAL260220P00050000,50.0,0.1,0.07,0.16,252.0,2834.0,0.6074258007812501,False,PUT,2026-02-20,DAL
DAL260220P00052500,52.5,0.16,0.1,0.2,255.0,3197.0,0.5429733203125001,False,PUT,2026-02-20,DAL
DAL260220P00055000,55.0,0.2,0.11,0.36,8.0,1371.0,0.55273884765625,False,PUT,2026-02-20,DAL
DAL260220P00057500,57.5,0.44,0.29,0.5,22.0,2009.0,0.4946339599609375,False,PUT,2026-02-20,DAL
DAL260220P00059000,59.0,0.54,0.42,0.65,230.0,71.0,0.4687553125,False,PUT,2026-02-20,DAL
DAL260220P00060000,60.0,0.64,0.55,0.64,411.0,3361.0,0.4194393994140625,False,PUT,2026-02-20,DAL
DAL260220P00061000,61.0,0.95,0.69,0.78,1.0,95.0,0.40332627929687503,False,PUT,2026-02-20,DAL
DAL260220P00062000,62.0,0.98,0.92,0.98,1518.0,167.0,0.3930724755859375,False,PUT,2026-02-20,DAL
DAL260220P00062500,62.5,1.14,1.0,1.1,374.0,2214.0,0.38867798828125,False,PUT,2026-02-20,DAL
DAL260220P00063000,63.0,1.26,1.13,1.23,2281.0,137.0,0.38403936279296874,False,PUT,2026-02-20,DAL
DAL260220P00064000,64.0,1.64,1.43,1.56,96.0,6769.0,0.379889013671875,False,PUT,2026-02-20,DAL
DAL260220P00065000,65.0,1.9,1.86,1.94,183.0,2036.0,0.37402969726562496,False,PUT,2026-02-20,DAL
DAL260220P00066000,66.0,2.28,2.25,2.36,80.0,130.0,0.36524072265625,False,PUT,2026-02-20,DAL
DAL260220P00067000,67.0,2.8,2.77,2.88,28.0,942.0,0.36157864990234373,True,PUT,2026-02-20,DAL
DAL260220P00067500,67.5,3.07,3.05,3.2,70.0,6066.0,0.36524072265625,True,PUT,2026-02-20,DAL
DAL260220P00068000,68.0,3.65,3.3,3.45,1.0,511.0,0.35547519531249994,True,PUT,2026-02-20,DAL
DAL260220P00069000,69.0,4.0,3.8,4.2,24.0,316.0,0.36865865722656255,True,PUT,2026-02-20,DAL
DAL260220P00070000,70.0,5.32,4.5,5.2,8.0,1916.0,0.4172421557617187,True,PUT,2026-02-20,DAL
DAL260220P00071000,71.0,4.51,5.2,6.95,3.0,44.0,0.5898478515625001,True,PUT,2026-02-20,DAL
DAL260220P00072000,72.0,5.84,6.05,7.8,1.0,57.0,0.6108437353515627,True,PUT,2026-02-20,DAL
DAL260220P00072500,72.5,6.18,6.4,8.3,5.0,1484.0,0.632816171875,True,PUT,2026-02-20,DAL
DAL260220P00073000,73.0,3.95,6.8,8.7,,11.0,0.6369665209960937,True,PUT,2026-02-20,DAL
DAL260220P00075000,75.0,9.92,8.85,10.55,10.0,84.0,0.5190477783203125,True,PUT,2026-02-20,DAL
DAL260220P00077500,77.5,8.7,11.1,13.25,4.0,3.0,0.594730615234375,True,PUT,2026-02-20,DAL
DAL260220P00080000,80.0,10.58,13.7,15.45,40.0,41.0,0.6440465283203125,True,PUT,2026-02-20,DAL
DAL260220P00085000,85.0,14.59,17.05,21.2,4.0,0.0,0.6074258007812501,True,PUT,2026-02-20,DAL
DAL260227C00060000,60.0,7.04,5.55,8.0,4.0,2.0,0.5927775097656252,True,CALL,2026-02-27,DAL
DAL260227C00061000,61.0,10.46,5.1,6.75,2.0,2.0,0.5012256909179689,True,CALL,2026-02-27,DAL
DAL260227C00063000,63.0,5.0,4.3,4.8,2.0,9.0,0.405279384765625,True,CALL,2026-02-27,DAL
DAL260227C00064000,64.0,5.45,3.6,4.15,1.0,2.0,0.40039662109375,True,CALL,2026-02-27,DAL
DAL260227C00065000,65.0,2.67,3.0,3.5,33.0,42.0,0.38843385009765624,True,CALL,2026-02-27,DAL
DAL260227C00066000,66.0,3.03,2.45,2.96,5.0,33.0,0.3845276391601562,True,CALL,2026-02-27,DAL
DAL260227C00067000,67.0,2.51,1.96,2.45,12.0,22.0,0.3776917700195312,False,CALL,2026-02-27,DAL
DAL260227C00068000,68.0,2.18,1.55,1.94,1.0,153.0,0.36304347900390627,False,CALL,2026-02-27,DAL
DAL260227C00069000,69.0,1.47,1.26,1.55,1.0,41.0,0.3569400244140625,False,CALL,2026-02-27,DAL
DAL260227C00070000,70.0,1.09,0.98,1.26,20.0,44.0,0.3579165771484375,False,CALL,2026-02-27,DAL
DAL260227C00071000,71.0,0.71,0.7,1.03,30.0,35.0,0.36084623535156246,False,CALL,2026-02-27,DAL
DAL260227C00072000,72.0,0.78,0.55,0.88,5.0,19.0,0.37134417724609375,False,CALL,2026-02-27,DAL
DAL260227C00073000,73.0,0.7,0.33,0.74,5.0,10.0,0.3789124609375,False,CALL,2026-02-27,DAL
DAL260227C00074000,74.0,0.57,0.31,0.67,2.0,22.0,0.39600213378906257,False,CALL,2026-02-27,DAL
DAL260227C00075000,75.0,0.41,0.05,0.55,22.0,52.0,0.39942006835937505,False,CALL,2026-02-27,DAL
DAL260227C00076000,76.0,0.41,0.0,0.59,1.0,3.0,0.43604079589843747,False,CALL,2026-02-27,DAL
DAL260227C00077000,77.0,0.38,0.0,0.65,1.0,7.0,0.4770560107421875,False,CALL,2026-02-27,DAL
DAL260227C00078000,78.0,0.21,0.1,0.32,9.0,17.0,0.415044912109375,False,CALL,2026-02-27,DAL
DAL260227C00079000,79.0,0.14,0.01,0.3,1.0,3.0,0.43164630859375,False,CALL,2026-02-27,DAL
DAL260227C00080000,80.0,0.13,0.01,0.4,17.0,49.0,0.48682153808593753,False,CALL,2026-02-27,DAL
DAL260227C00082000,82.0,1.2,0.0,0.75,,2.0,0.5239305419921875,False,CALL,2026-02-27,DAL
DAL260227C00084000,84.0,0.5,0.0,0.75,,1.0,0.5664105859375,False,CALL,2026-02-27,DAL
DAL260227C00085000,85.0,0.24,0.0,0.75,,30.0,0.586918193359375,False,CALL,2026-02-27,DAL
DAL260227P00050000,50.0,0.11,0.02,0.29,36.0,46.0,0.561527822265625,False,PUT,2026-02-27,DAL
DAL260227P00055000,55.0,0.3,0.06,0.44,18.0,31.0,0.5107470800781251,False,PUT,2026-02-27,DAL
DAL260227P00057000,57.0,0.49,0.29,0.63,1.0,32.0,0.48633326171875,False,PUT,2026-02-27,DAL
DAL260227P00059000,59.0,0.8,0.59,0.85,6.0,46.0,0.45313046875,False,PUT,2026-02-27,DAL
DAL260227P00060000,60.0,0.87,0.75,0.94,3.0,37.0,0.4272518212890626,False,PUT,2026-02-27,DAL
DAL260227P00061000,61.0,0.87,0.84,1.19,2.0,72.0,0.42676354492187507,False,PUT,2026-02-27,DAL
DAL260227P00062000,62.0,1.17,1.08,1.45,15.0,33.0,0.4206600903320313,False,PUT,2026-02-27,DAL
DAL260227P00063000,63.0,2.05,1.35,1.73,5.0,54.0,0.41138283935546877,False,PUT,2026-02-27,DAL
DAL260227P00064000,64.0,2.19,1.75,2.08,13.0,244.0,0.40601179931640624,False,PUT,2026-02-27,DAL
DAL260227P00065000,65.0,2.39,2.13,2.47,4.0,41.0,0.39942006835937505,False,PUT,2026-02-27,DAL
DAL260227P00066000,66.0,2.3,2.45,2.93,1.0,36.0,0.3952697192382813,False,PUT,2026-02-27,DAL
DAL260227P00067000,67.0,3.5,2.98,3.45,9.0,329.0,0.39234006103515623,True,PUT,2026-02-27,DAL
DAL260227P00068000,68.0,4.01,3.5,4.05,6.0,9.0,0.39282833740234374,True,PUT,2026-02-27,DAL
DAL260227P00069000,69.0,3.6,4.2,4.65,1.0,27.0,0.38672488281249995,True,PUT,2026-02-27,DAL
DAL260227P00070000,70.0,5.47,4.9,5.4,5.0,31.0,0.39502558105468755,True,PUT,2026-02-27,DAL
DAL260227P00071000,71.0,5.2,5.45,7.3,2.0,85.0,0.5661664477539063,True,PUT,2026-02-27,DAL
DAL260227P00072000,72.0,4.98,6.3,8.1,,1.0,0.5788616333007812,True,PUT,2026-02-27,DAL
DAL260227P00073000,73.0,5.85,6.85,8.95,3.0,8.0,0.59570716796875,True,PUT,2026-02-27,DAL
DAL260227P00077000,77.0,7.41,10.15,12.65,,1.0,0.6867707104492189,True,PUT,2026-02-27,DAL
DAL260227P00078000,78.0,8.16,11.45,13.6,,1.0,0.5004932763671875,True,PUT,2026-02-27,DAL
DAL260227P00080000,80.0,10.65,13.4,15.6,,1.0,0.5454147021484376,True,PUT,2026-02-27,DAL
DAL260306C00066000,66.0,6.11,2.28,3.65,,1.0,0.428716650390625,True,CALL,2026-03-06,DAL
DAL260306C00067000,67.0,3.75,1.88,3.2,2.0,3.0,0.4294490649414063,False,CALL,2026-03-06,DAL
DAL260306C00069000,69.0,4.46,1.32,2.15,,1.0,0.3967345483398438,False,CALL,2026-03-06,DAL
DAL260306P00056000,56.0,0.48,0.1,0.85,6.0,6.0,0.523442265625,False,PUT,2026-03-06,DAL
DAL260306P00060000,60.0,1.19,0.88,1.16,1.0,9.0,0.42139250488281255,False,PUT,2026-03-06,DAL
DAL260306P00063000,63.0,1.75,1.63,2.43,1.0,31.0,0.46191944335937507,False,PUT,2026-03-06,DAL
DAL260306P00064000,64.0,2.07,1.8,2.93,5.0,10.0,0.47192910888671874,False,PUT,2026-03-06,DAL
DAL260306P00068000,68.0,3.28,3.65,5.3,5.0,4.0,0.5041553491210937,True,PUT,2026-03-06,DAL
DAL260320C00047000,47.0,22.38,17.65,19.7,1.0,754.0,0.6811555322265627,True,CALL,2026-03-20,DAL
DAL260320C00050000,50.0,15.66,14.9,16.8,1.0,3009.0,0.6084023535156251,True,CALL,2026-03-20,DAL
DAL260320C00052500,52.5,13.3,12.75,14.4,2.0,552.0,0.5488326367187502,True,CALL,2026-03-20,DAL
DAL260320C00055000,55.0,11.04,10.6,12.15,12.0,2820.0,0.5134326000976561,True,CALL,2026-03-20,DAL
DAL260320C00057500,57.5,8.76,8.65,10.1,3.0,923.0,0.49609878906250005,True,CALL,2026-03-20,DAL
DAL260320C00060000,60.0,6.95,7.2,7.85,101.0,3466.0,0.43555251953125,True,CALL,2026-03-20,DAL
DAL260320C00062500,62.5,5.95,4.9,6.1,2.0,891.0,0.42188078125,True,CALL,2026-03-20,DAL
DAL260320C00065000,65.0,4.03,3.9,4.5,58.0,2193.0,0.401373173828125,True,CALL,2026-03-20,DAL
DAL260320C00067500,67.5,2.65,2.82,3.2,103.0,3941.0,0.38721315917968746,False,CALL,2026-03-20,DAL
DAL260320C00070000,70.0,2.0,1.93,2.24,153.0,8361.0,0.3825745336914062,False,CALL,2026-03-20,DAL
DAL260320C00072500,72.5,1.34,1.3,1.51,109.0,4737.0,0.37793590820312495,False,CALL,2026-03-20,DAL
DAL260320C00075000,75.0,0.95,0.87,0.98,39.0,6636.0,0.37354142089843745,False,CALL,2026-03-20,DAL
DAL260320C00077500,77.5,0.6,0.56,0.65,129.0,2436.0,0.3764710791015625,False,CALL,2026-03-20,DAL
DAL260320C00080000,80.0,0.42,0.38,0.49,8.0,5667.0,0.393560751953125,False,CALL,2026-03-20,DAL
DAL260320C00085000,85.0,0.2,0.16,0.29,7.0,2555.0,0.42578699218750005,False,CALL,2026-03-20,DAL
DAL260320P00047000,47.0,0.19,0.13,0.3,1.0,993.0,0.5429733203125001,False,PUT,2026-03-20,DAL
DAL260320P00050000,50.0,0.37,0.22,0.43,1.0,5362.0,0.5024463818359376,False,PUT,2026-03-20,DAL
DAL260320P00052500,52.5,0.5,0.41,0.54,7.0,8204.0,0.49121602539062503,False,PUT,2026-03-20,DAL
DAL260320P00055000,55.0,0.68,0.64,0.73,208.0,10930.0,0.4555718505859375,False,PUT,2026-03-20,DAL
DAL260320P00057500,57.5,1.06,0.95,1.14,33.0,7804.0,0.44385321777343745,False,PUT,2026-03-20,DAL
DAL260320P00060000,60.0,1.59,1.41,1.67,74.0,6425.0,0.42676354492187507,False,PUT,2026-03-20,DAL
DAL260320P00062500,62.5,2.37,2.05,2.42,131.0,1922.0,0.414068359375,False,PUT,2026-03-20,DAL
DAL260320P00065000,65.0,3.3,3.0,3.4,107.0,1820.0,0.4024717956542969,False,PUT,2026-03-20,DAL
DAL260320P00067500,67.5,4.6,4.15,4.7,13.0,5340.0,0.39856558471679693,True,PUT,2026-03-20,DAL
DAL260320P00070000,70.0,6.2,5.6,6.2,4.0,1627.0,0.39014281738281253,True,PUT,2026-03-20,DAL
DAL260320P00072500,72.5,7.68,7.35,8.0,4.0,877.0,0.3898986791992188,True,PUT,2026-03-20,DAL
DAL260320P00075000,75.0,8.75,9.3,11.15,5.0,408.0,0.5361374511718751,True,PUT,2026-03-20,DAL
DAL260320P00077500,77.5,10.35,11.5,13.3,2.0,32.0,0.5578657495117189,True,PUT,2026-03-20,DAL
DAL260320P00080000,80.0,11.8,13.75,15.95,10.0,61.0,0.6359899682617188,True,PUT,2026-03-20,DAL
DAL260320P00085000,85.0,14.75,18.75,20.75,1.0,45.0,0.5571333349609376,True,PUT,2026-03-20,DAL
DAL260417C00055000,55.0,13.77,10.65,12.9,3.0,16.0,0.5100146655273439,True,CALL,2026-04-17,DAL
DAL260417C00060000,60.0,8.45,8.3,9.0,3.0,6.0,0.46289599609375004,True,CALL,2026-04-17,DAL
DAL260417C00062500,62.5,6.4,6.65,7.25,4.0,4.0,0.4405573522949219,True,CALL,2026-04-17,DAL
DAL260417C00065000,65.0,5.5,5.15,5.85,36.0,99.0,0.4343318286132813,True,CALL,2026-04-17,DAL
DAL260417C00067500,67.5,4.2,3.75,4.5,32.0,121.0,0.4172421557617187,False,CALL,2026-04-17,DAL
DAL260417C00070000,70.0,3.65,2.78,3.5,2.0,545.0,0.41358008300781246,False,CALL,2026-04-17,DAL
DAL260417C00072500,72.5,2.45,2.35,2.65,16.0,103.0,0.40796490478515623,False,CALL,2026-04-17,DAL
DAL260417C00075000,75.0,1.72,1.59,1.88,56.0,170.0,0.3942931665039063,False,CALL,2026-04-17,DAL
DAL260417C00077500,77.5,1.12,1.14,1.44,1.0,102.0,0.39893179199218753,False,CALL,2026-04-17,DAL
DAL260417C00080000,80.0,0.96,0.75,1.11,20.0,114.0,0.40479110839843746,False,CALL,2026-04-17,DAL
DAL260417C00085000,85.0,0.57,0.4,0.65,2.0,63.0,0.41431249755859373,False,CALL,2026-04-17,DAL
DAL260417P00050000,50.0,0.64,0.58,0.73,16.0,15.0,0.49707534179687507,False,PUT,2026-04-17,DAL
DAL260417P00055000,55.0,1.29,1.16,1.46,12.0,39.0,0.46924358886718753,False,PUT,2026-04-17,DAL
DAL260417P00060000,60.0,2.55,2.22,2.66,38.0,192.0,0.44116769775390624,False,PUT,2026-04-17,DAL
DAL260417P00062500,62.5,3.37,3.05,3.55,9.0,2823.0,0.43286699951171875,False,PUT,2026-04-17,DAL
DAL260417P00065000,65.0,4.43,4.05,4.5,269.0,623.0,0.4145566357421875,False,PUT,2026-04-17,DAL
DAL260417P00067500,67.5,5.95,5.2,5.8,12.0,398.0,0.40991801025390623,True,PUT,2026-04-17,DAL
DAL260417P00070000,70.0,6.77,6.6,7.45,640.0,665.0,0.41870698486328123,True,PUT,2026-04-17,DAL
DAL260417P00072500,72.5,8.31,8.4,9.1,1.0,38.0,0.4133359448242187,True,PUT,2026-04-17,DAL
DAL260417P00075000,75.0,9.8,10.25,10.9,,5.0,0.40698835205078127,True,PUT,2026-04-17,DAL
DAL260515C00050000,50.0,17.87,15.75,17.8,21.0,105.0,0.5620160986328125,True,CALL,2026-05-15,DAL
DAL260515C00052500,52.5,18.67,13.7,15.5,3.0,34.0,0.5168505346679688,True,CALL,2026-05-15,DAL
DAL260515C00055000,55.0,14.75,11.7,13.6,20.0,114.0,0.5085498364257812,True,CALL,2026-05-15,DAL
DAL260515C00057500,57.5,11.55,10.45,11.55,6.0,232.0,0.476567734375,True,CALL,2026-05-15,DAL
DAL260515C00060000,60.0,11.6,8.85,9.7,4.0,246.0,0.45435115966796874,True,CALL,2026-05-15,DAL
DAL260515C00062500,62.5,6.83,7.25,8.05,10.0,216.0,0.43848217773437503,True,CALL,2026-05-15,DAL
DAL260515C00065000,65.0,6.2,5.9,6.7,1.0,532.0,0.4338435522460938,True,CALL,2026-05-15,DAL
DAL260515C00067500,67.5,5.1,4.9,5.25,9.0,548.0,0.4110166320800781,False,CALL,2026-05-15,DAL
DAL260515C00070000,70.0,3.9,3.9,4.25,27.0,2167.0,0.40869731933593745,False,CALL,2026-05-15,DAL
DAL260515C00072500,72.5,2.98,3.0,3.35,27.0,370.0,0.4027159338378906,False,CALL,2026-05-15,DAL
DAL260515C00075000,75.0,2.3,2.35,2.65,10.0,1133.0,0.4008848974609375,False,CALL,2026-05-15,DAL
DAL260515C00077500,77.5,1.92,1.8,2.0,27.0,323.0,0.39282833740234374,False,CALL,2026-05-15,DAL
DAL260515C00080000,80.0,1.2,1.25,1.59,10.0,3861.0,0.39588006469726567,False,CALL,2026-05-15,DAL
DAL260515C00085000,85.0,1.06,0.67,0.98,8.0,471.0,0.3996642065429688,False,CALL,2026-05-15,DAL
DAL260515P00050000,50.0,0.98,0.81,1.06,1.0,999.0,0.47827670166015623,False,PUT,2026-05-15,DAL
DAL260515P00052500,52.5,1.3,1.13,1.47,2.0,277.0,0.46851117431640626,False,PUT,2026-05-15,DAL
DAL260515P00055000,55.0,1.74,1.56,1.94,5.0,1357.0,0.45386288330078123,False,PUT,2026-05-15,DAL
DAL260515P00057500,57.5,2.34,2.1,2.53,9.0,824.0,0.44043528320312497,False,PUT,2026-05-15,DAL
DAL260515P00060000,60.0,3.17,2.78,3.3,7.0,1290.0,0.43115803222656257,False,PUT,2026-05-15,DAL
DAL260515P00062500,62.5,4.01,3.65,4.2,19.0,10825.0,0.4206600903320313,False,PUT,2026-05-15,DAL
DAL260515P00065000,65.0,5.17,4.65,5.35,16.0,1251.0,0.4167538793945312,False,PUT,2026-05-15,DAL
DAL260515P00067500,67.5,6.0,5.8,6.75,35.0,4490.0,0.4188290539550781,True,PUT,2026-05-15,DAL
DAL260515P00070000,70.0,7.35,7.25,8.25,71.0,728.0,0.41663181030273433,True,PUT,2026-05-15,DAL
DAL260515P00072500,72.5,9.48,8.75,9.8,1.0,641.0,0.407232490234375,True,PUT,2026-05-15,DAL
DAL260515P00075000,75.0,11.36,10.55,11.55,1.0,160.0,0.4018614501953125,True,PUT,2026-05-15,DAL
DAL260515P00077500,77.5,13.8,12.55,13.45,2.0,177.0,0.39819937744140627,True,PUT,2026-05-15,DAL
DAL260515P00080000,80.0,14.6,14.5,16.3,25.0,36.0,0.4694877270507813,True,PUT,2026-05-15,DAL
DAL260515P00085000,85.0,18.87,0.0,0.0,6.0,0.0,1.0000000000000003e-05,True,PUT,2026-05-15,DAL
DAL260618C00047000,47.0,21.17,18.9,20.75,4.0,685.0,0.5571333349609376,True,CALL,2026-06-18,DAL
DAL260618C00050000,50.0,18.9,16.25,18.2,50.0,1655.0,0.5314988256835937,True,CALL,2026-06-18,DAL
DAL260618C00052500,52.5,20.41,14.2,16.05,1.0,721.0,0.5017139672851563,True,CALL,2026-06-18,DAL
DAL260618C00055000,55.0,13.92,12.75,14.05,2.0,4264.0,0.4802298071289062,True,CALL,2026-06-18,DAL
DAL260618C00057500,57.5,10.8,10.75,12.2,5.0,672.0,0.46411668701171876,True,CALL,2026-06-18,DAL
DAL260618C00060000,60.0,10.1,9.75,10.45,5.0,1868.0,0.44775942871093743,True,CALL,2026-06-18,DAL
DAL260618C00062500,62.5,8.63,7.9,8.85,1.0,435.0,0.4338435522460938,True,CALL,2026-06-18,DAL
DAL260618C00065000,65.0,6.95,6.95,7.3,45.0,1266.0,0.4151669812011719,True,CALL,2026-06-18,DAL
DAL260618C00067500,67.5,5.5,5.4,6.0,112.0,444.0,0.40381455566406255,False,CALL,2026-06-18,DAL
DAL260618C00070000,70.0,4.45,4.4,5.1,10.0,3726.0,0.40833111206054684,False,CALL,2026-06-18,DAL
DAL260618C00072500,72.5,4.0,3.35,4.1,4.0,592.0,0.3983214465332031,False,CALL,2026-06-18,DAL
DAL260618C00075000,75.0,2.75,2.71,3.15,7.0,6172.0,0.38281867187499996,False,CALL,2026-06-18,DAL
DAL260618C00077500,77.5,2.6,2.22,2.49,8.0,487.0,0.37793590820312495,False,CALL,2026-06-18,DAL
DAL260618C00080000,80.0,1.76,1.74,1.98,1.0,601.0,0.3761048718261719,False,CALL,2026-06-18,DAL
DAL260618C00085000,85.0,1.14,1.09,1.28,2.0,1210.0,0.3781800463867187,False,CALL,2026-06-18,DAL
DAL260618P00047000,47.0,0.78,0.74,1.01,3.0,1084.0,0.4760794580078125,False,PUT,2026-06-18,DAL
DAL260618P00050000,50.0,1.2,1.16,1.4,6.0,1755.0,0.45752495605468757,False,PUT,2026-06-18,DAL
DAL260618P00052500,52.5,1.65,1.5,1.91,50.0,2591.0,0.4523980541992188,False,PUT,2026-06-18,DAL
DAL260618P00055000,55.0,2.22,2.03,2.36,1.0,2325.0,0.4321345849609375,False,PUT,2026-06-18,DAL
DAL260618P00057500,57.5,2.7,2.59,2.97,11.0,341.0,0.41760836303710935,False,PUT,2026-06-18,DAL
DAL260618P00060000,60.0,3.47,3.3,3.7,192.0,1516.0,0.4035704174804688,False,PUT,2026-06-18,DAL
DAL260618P00062500,62.5,3.9,4.1,5.05,71.0,901.0,0.42163664306640625,False,PUT,2026-06-18,DAL
DAL260618P00065000,65.0,5.8,5.15,5.75,6.0,399.0,0.38794557373046873,False,PUT,2026-06-18,DAL
DAL260618P00067500,67.5,6.7,6.35,6.8,133.0,829.0,0.3679262426757813,True,PUT,2026-06-18,DAL
DAL260618P00070000,70.0,8.9,7.95,9.0,2.0,1215.0,0.40906352661132805,True,PUT,2026-06-18,DAL
DAL260618P00072500,72.5,10.2,9.35,10.4,4.0,1180.0,0.39282833740234374,True,PUT,2026-06-18,DAL
DAL260618P00075000,75.0,12.35,11.05,12.5,5.0,1612.0,0.4133359448242187,True,PUT,2026-06-18,DAL
DAL260618P00077500,77.5,10.7,12.8,14.65,40.0,63.0,0.43164630859375,True,PUT,2026-06-18,DAL
DAL260618P00080000,80.0,13.99,14.95,16.75,2.0,176.0,0.44165597412109375,True,PUT,2026-06-18,DAL
DAL260618P00085000,85.0,18.5,19.1,21.1,1.0,27.0,0.4592339233398438,True,PUT,2026-06-18,DAL
DAL260918C00047000,47.0,25.83,19.8,21.75,1.0,49.0,0.5192919165039063,True,CALL,2026-09-18,DAL
DAL260918C00050000,50.0,22.0,17.45,19.35,2.0,170.0,0.4991505163574219,True,CALL,2026-09-18,DAL
DAL260918C00052500,52.5,18.65,15.9,17.5,10.0,237.0,0.48779809082031256,True,CALL,2026-09-18,DAL
DAL260918C00055000,55.0,14.37,13.85,15.6,1.0,186.0,0.4687553125,True,CALL,2026-09-18,DAL
DAL260918C00057500,57.5,14.7,13.0,13.9,2.0,172.0,0.45715874877929696,True,CALL,2026-09-18,DAL
DAL260918C00060000,60.0,12.63,10.85,12.35,2.0,560.0,0.44873598144531246,True,CALL,2026-09-18,DAL
DAL260918C00062500,62.5,9.92,9.8,10.85,1.0,227.0,0.4378718322753906,True,CALL,2026-09-18,DAL
DAL260918C00065000,65.0,10.1,8.45,9.55,5.0,324.0,0.43201251586914063,True,CALL,2026-09-18,DAL
DAL260918C00067500,67.5,7.35,7.3,8.15,63.0,121.0,0.4163876721191406,False,CALL,2026-09-18,DAL
DAL260918C00070000,70.0,6.45,6.2,7.1,45.0,1064.0,0.4126645648193359,False,CALL,2026-09-18,DAL
DAL260918C00072500,72.5,5.45,5.35,6.2,30.0,340.0,0.41119973571777346,False,CALL,2026-09-18,DAL
DAL260918C00075000,75.0,5.0,4.75,5.3,32.0,963.0,0.4050352465820312,False,CALL,2026-09-18,DAL
DAL260918C00077500,77.5,4.05,4.05,4.45,37.0,71.0,0.3967345483398438,False,CALL,2026-09-18,DAL
DAL260918C00080000,80.0,3.3,3.1,3.85,20.0,209.0,0.3966124792480469,False,CALL,2026-09-18,DAL
DAL260918C00085000,85.0,2.35,2.17,2.77,26.0,208.0,0.39075316284179684,False,CALL,2026-09-18,DAL
DAL260918P00047000,47.0,1.56,1.5,1.86,33.0,1257.0,0.45361874511718747,False,PUT,2026-09-18,DAL
DAL260918P00050000,50.0,2.09,1.99,2.45,1.0,969.0,0.4415339050292969,False,PUT,2026-09-18,DAL
DAL260918P00052500,52.5,2.62,2.5,3.0,27.0,205.0,0.4292049267578125,False,PUT,2026-09-18,DAL
DAL260918P00055000,55.0,3.2,3.2,3.7,38.0,1906.0,0.4211483666992188,False,PUT,2026-09-18,DAL
DAL260918P00057500,57.5,3.95,3.95,4.5,35.0,329.0,0.41309180664062495,False,PUT,2026-09-18,DAL
DAL260918P00060000,60.0,5.13,4.85,5.35,17.0,666.0,0.40210558837890625,False,PUT,2026-09-18,DAL
DAL260918P00062500,62.5,6.4,5.8,6.65,5.0,336.0,0.40845318115234375,False,PUT,2026-09-18,DAL
DAL260918P00065000,65.0,7.55,6.85,7.8,77.0,989.0,0.40112903564453123,False,PUT,2026-09-18,DAL
DAL260918P00067500,67.5,8.75,8.1,9.1,193.0,278.0,0.39563592651367196,True,PUT,2026-09-18,DAL
DAL260918P00070000,70.0,9.45,9.5,10.7,1.0,525.0,0.3991148956298829,True,PUT,2026-09-18,DAL
DAL260918P00072500,72.5,10.22,10.9,12.25,14.0,587.0,0.39514765014648445,True,PUT,2026-09-18,DAL
DAL260918P00075000,75.0,11.2,12.5,13.95,28.0,411.0,0.393560751953125,True,PUT,2026-09-18,DAL
DAL260918P00077500,77.5,12.35,14.25,15.8,2.0,8.0,0.3949645465087891,True,PUT,2026-09-18,DAL
DAL260918P00080000,80.0,14.8,16.2,17.7,2.0,48.0,0.3947814428710938,True,PUT,2026-09-18,DAL
DAL260918P00085000,85.0,17.08,19.95,22.0,2.0,13.0,0.4107724938964844,True,PUT,2026-09-18,DAL
DAL261218C00047000,47.0,25.06,20.5,23.65,4.0,94.0,0.5617719604492188,True,CALL,2026-12-18,DAL
DAL261218C00050000,50.0,20.38,18.5,20.85,3.0,658.0,0.5103808728027344,True,CALL,2026-12-18,DAL
DAL261218C00052500,52.5,17.6,16.6,18.65,1.0,591.0,0.47546911254882807,True,CALL,2026-12-18,DAL
DAL261218C00055000,55.0,18.25,15.05,16.95,1.0,815.0,0.46484910156250003,True,CALL,2026-12-18,DAL
DAL261218C00057500,57.5,14.93,14.35,15.45,9.0,138.0,0.4602104760742188,True,CALL,2026-12-18,DAL
DAL261218C00060000,60.0,13.36,12.25,14.75,1.0,527.0,0.4870656762695313,True,CALL,2026-12-18,DAL
DAL261218C00062500,62.5,12.5,11.3,12.65,6.0,369.0,0.4480035668945312,True,CALL,2026-12-18,DAL
DAL261218C00065000,65.0,10.43,10.1,11.1,23.0,345.0,0.4304256176757813,True,CALL,2026-12-18,DAL
DAL261218C00067500,67.5,8.95,8.7,10.4,16.0,791.0,0.44446356323242187,False,CALL,2026-12-18,DAL
DAL261218C00070000,70.0,8.5,7.95,8.9,13.0,571.0,0.42236905761718746,False,CALL,2026-12-18,DAL
DAL261218C00072500,72.5,6.9,6.75,7.95,2.0,521.0,0.4193173303222656,False,CALL,2026-12-18,DAL
DAL261218C00075000,75.0,6.7,5.9,6.85,37.0,2629.0,0.40692731750488287,False,CALL,2026-12-18,DAL
DAL261218C00077500,77.5,6.24,4.95,6.2,2.0,643.0,0.4096738720703125,False,CALL,2026-12-18,DAL
DAL261218C00080000,80.0,4.8,4.5,5.3,12.0,626.0,0.398992826538086,False,CALL,2026-12-18,DAL
DAL261218C00085000,85.0,3.6,3.75,4.2,2.0,567.0,0.39880972290039063,False,CALL,2026-12-18,DAL
DAL261218P00047000,47.0,2.28,2.02,2.78,3.0,530.0,0.4500787414550781,False,PUT,2026-12-18,DAL
DAL261218P00050000,50.0,2.64,2.71,3.5,5.0,833.0,0.4390925231933594,False,PUT,2026-12-18,DAL
DAL261218P00052500,52.5,3.3,3.4,4.15,5.0,590.0,0.42810630493164065,False,PUT,2026-12-18,DAL
DAL261218P00055000,55.0,3.95,4.15,4.85,1.0,238.0,0.4158993957519531,False,PUT,2026-12-18,DAL
DAL261218P00057500,57.5,4.6,4.9,5.7,1.0,434.0,0.4071104211425781,False,PUT,2026-12-18,DAL
DAL261218P00060000,60.0,6.5,5.8,6.55,1.0,323.0,0.39453730468750003,False,PUT,2026-12-18,DAL
DAL261218P00062500,62.5,6.55,7.0,7.75,334.0,413.0,0.39325557922363286,False,PUT,2026-12-18,DAL
DAL261218P00065000,65.0,8.6,7.95,9.1,6.0,66.0,0.39380489013671877,False,PUT,2026-12-18,DAL
DAL261218P00067500,67.5,7.6,9.2,11.0,1.0,527.0,0.412542495727539,True,PUT,2026-12-18,DAL
DAL261218P00070000,70.0,11.21,10.45,11.5,11.0,387.0,0.37067279724121094,True,PUT,2026-12-18,DAL
DAL261218P00072500,72.5,10.65,11.95,13.8,4.0,313.0,0.3978331701660156,True,PUT,2026-12-18,DAL
DAL261218P00075000,75.0,12.0,13.5,15.55,1.0,169.0,0.39942006835937505,True,PUT,2026-12-18,DAL
DAL261218P00077500,77.5,13.0,14.9,17.05,2.0,431.0,0.38757936645507807,True,PUT,2026-12-18,DAL
DAL261218P00080000,80.0,22.75,23.7,25.4,10.0,5.0,0.6186561572265626,True,PUT,2026-12-18,DAL
DAL261218P00085000,85.0,18.49,20.55,22.5,4.0,1.0,0.372076591796875,True,PUT,2026-12-18,DAL
DAL270115C00047000,47.0,26.4,21.05,24.0,1.0,273.0,0.5592695440673829,True,CALL,2027-01-15,DAL
DAL270115C00050000,50.0,20.92,18.75,21.05,14.0,2089.0,0.5004932763671875,True,CALL,2027-01-15,DAL
DAL270115C00052500,52.5,20.95,17.0,20.05,2.0,654.0,0.5262498547363281,True,CALL,2027-01-15,DAL
DAL270115C00055000,55.0,16.24,16.25,17.45,5.0,578.0,0.46960979614257814,True,CALL,2027-01-15,DAL
DAL270115C00057500,57.5,15.06,14.85,15.95,1.0,438.0,0.4637504797363281,True,CALL,2027-01-15,DAL
DAL270115C00060000,60.0,13.3,12.65,15.15,1.0,3793.0,0.4842580871582032,True,CALL,2027-01-15,DAL
DAL270115C00062500,62.5,14.26,11.9,13.15,1.0,537.0,0.4503228796386719,True,CALL,2027-01-15,DAL
DAL270115C00065000,65.0,11.3,10.4,12.25,8.0,885.0,0.45880668151855475,True,CALL,2027-01-15,DAL
DAL270115C00067500,67.5,9.53,9.35,10.85,8.0,481.0,0.44397528686523435,False,CALL,2027-01-15,DAL
DAL270115C00070000,70.0,8.46,8.5,9.85,13.0,1812.0,0.4420221813964844,False,CALL,2027-01-15,DAL
DAL270115C00072500,72.5,7.5,7.1,8.5,5.0,520.0,0.42352871398925784,False,CALL,2027-01-15,DAL
DAL270115C00075000,75.0,7.18,6.4,8.4,34.0,5129.0,0.4505670178222656,False,CALL,2027-01-15,DAL
DAL270115C00077500,77.5,6.31,5.65,7.5,33.0,475.0,0.4440363214111328,False,CALL,2027-01-15,DAL
DAL270115C00080000,80.0,5.3,5.1,6.05,10.0,1155.0,0.4130307720947265,False,CALL,2027-01-15,DAL
DAL270115C00085000,85.0,4.28,4.0,4.7,3.0,1576.0,0.40405869384765625,False,CALL,2027-01-15,DAL
DAL270115P00047000,47.0,2.55,2.24,3.1,3.0,1176.0,0.45227598510742195,False,PUT,2027-01-15,DAL
DAL270115P00050000,50.0,3.43,3.2,3.55,4.0,1815.0,0.42407802490234375,False,PUT,2027-01-15,DAL
DAL270115P00052500,52.5,3.9,3.75,4.5,36.0,588.0,0.4288387194824219,False,PUT,2027-01-15,DAL
DAL270115P00055000,55.0,4.83,4.4,5.15,16.0,2221.0,0.4133969793701171,False,PUT,2027-01-15,DAL
DAL270115P00057500,57.5,5.45,5.2,6.8,2.0,490.0,0.43994700683593746,False,PUT,2027-01-15,DAL
DAL270115P00060000,60.0,6.4,6.05,7.1,82.0,1147.0,0.4019835192871094,False,PUT,2027-01-15,DAL
DAL270115P00062500,62.5,7.4,7.35,8.65,2.0,529.0,0.414068359375,False,PUT,2027-01-15,DAL
DAL270115P00065000,65.0,9.3,8.25,9.3,8.0,491.0,0.3857483300781249,False,PUT,2027-01-15,DAL
DAL270115P00067500,67.5,9.85,9.5,11.4,1.0,189.0,0.41138283935546877,True,PUT,2027-01-15,DAL
DAL270115P00070000,70.0,11.55,10.8,12.8,11.0,393.0,0.4058897302246094,True,PUT,2027-01-15,DAL
DAL270115P00072500,72.5,11.54,12.4,14.25,1.0,173.0,0.39905386108398444,True,PUT,2027-01-15,DAL
DAL270115P00075000,75.0,13.0,14.05,15.8,35.0,284.0,0.39301144104003904,True,PUT,2027-01-15,DAL
DAL270115P00077500,77.5,13.05,15.45,17.45,1.0,347.0,0.3877624700927734,True,PUT,2027-01-15,DAL
DAL270115P00080000,80.0,15.7,17.0,19.15,5.0,5.0,0.38147591186523433,True,PUT,2027-01-15,DAL
DAL270115P00085000,85.0,22.85,0.0,0.0,2.0,10.0,1.0000000000000003e-05,True,PUT,2027-01-15,DAL
DAL280121C00050000,50.0,23.7,22.15,25.05,20.0,181.0,0.4942677526855469,True,CALL,2028-01-21,DAL
DAL280121C00052500,52.5,21.72,20.7,24.55,20.0,25.0,0.520390538330078,True,CALL,2028-01-21,DAL
DAL280121C00055000,55.0,21.7,19.85,22.15,8.0,119.0,0.4802908416748046,True,CALL,2028-01-21,DAL
DAL280121C00057500,57.5,23.0,18.1,20.8,1.0,95.0,0.4740653179931641,True,CALL,2028-01-21,DAL
DAL280121C00060000,60.0,18.25,18.0,19.4,2.0,174.0,0.46484910156250003,True,CALL,2028-01-21,DAL
DAL280121C00062500,62.5,17.15,15.95,18.35,158.0,371.0,0.4646049633789063,True,CALL,2028-01-21,DAL
DAL280121C00065000,65.0,15.7,15.15,17.55,11.0,119.0,0.46985393432617195,True,CALL,2028-01-21,DAL
DAL280121C00067500,67.5,14.97,13.65,16.25,26.0,39.0,0.45929495788574226,False,CALL,2028-01-21,DAL
DAL280121C00070000,70.0,13.9,12.65,15.2,153.0,211.0,0.4544732287597656,False,CALL,2028-01-21,DAL
DAL280121C00072500,72.5,13.4,11.85,14.35,2.0,12.0,0.45386288330078123,False,CALL,2028-01-21,DAL
DAL280121C00075000,75.0,12.86,10.95,13.55,10.0,118.0,0.4533135723876953,False,CALL,2028-01-21,DAL
DAL280121C00077500,77.5,12.38,9.9,12.85,2.0,11.0,0.4542290905761719,False,CALL,2028-01-21,DAL
DAL280121C00080000,80.0,10.5,9.1,11.8,1.0,99.0,0.4445856323242187,False,CALL,2028-01-21,DAL
DAL280121C00085000,85.0,9.1,8.0,10.5,2.0,68.0,0.44360907958984375,False,CALL,2028-01-21,DAL
DAL280121P00050000,50.0,6.15,4.9,6.4,12.0,485.0,0.40332627929687503,False,PUT,2028-01-21,DAL
DAL280121P00052500,52.5,6.13,5.75,8.35,2.0,21.0,0.43280596496582036,False,PUT,2028-01-21,DAL
DAL280121P00055000,55.0,7.65,6.65,9.2,1.0,77.0,0.42102629760742194,False,PUT,2028-01-21,DAL
DAL280121P00057500,57.5,8.85,7.65,9.45,336.0,659.0,0.3892883337402344,False,PUT,2028-01-21,DAL
DAL280121P00060000,60.0,9.65,8.75,10.8,7.0,334.0,0.3905700592041016,False,PUT,2028-01-21,DAL
DAL280121P00062500,62.5,9.95,9.85,11.75,4.0,14.0,0.3779969427490234,False,PUT,2028-01-21,DAL
DAL280121P00065000,65.0,12.35,11.1,13.7,40.0,157.0,0.3922179919433594,False,PUT,2028-01-21,DAL
DAL280121P00067500,67.5,13.2,12.5,15.0,112.0,140.0,0.3859924682617187,True,PUT,2028-01-21,DAL
DAL280121P00070000,70.0,15.05,13.7,16.4,2.0,13.0,0.38092660095214836,True,PUT,2028-01-21,DAL
DAL280121P00072500,72.5,14.3,15.1,17.5,30.0,37.0,0.366217275390625,True,PUT,2028-01-21,DAL
DAL280121P00075000,75.0,17.13,16.55,19.3,1.0,3.0,0.36890279541015625,True,PUT,2028-01-21,DAL
DAL280121P00077500,77.5,17.6,19.05,20.95,,1.0,0.36597313720703123,True,PUT,2028-01-21,DAL
DAL280121P00085000,85.0,22.15,23.0,26.1,12.0,72.0,0.35407140075683585,True,PUT,2028-01-21,DAL
DELL260130C00085000,85.0,34.8,30.85,33.95,2.0,0.0,3.2988298779296876,True,CALL,2026-01-30,DELL
DELL260130C00090000,90.0,31.55,25.85,28.95,,0.0,2.841799770507812,True,CALL,2026-01-30,DELL
DELL260130C00100000,100.0,18.75,16.35,19.05,3.0,30.0,2.025395561523437,True,CALL,2026-01-30,DELL
DELL260130C00104000,104.0,13.81,12.45,15.05,1.0,10.0,1.67578287109375,True,CALL,2026-01-30,DELL
DELL260130C00105000,105.0,12.11,11.45,14.0,1.0,7.0,1.5634787451171874,True,CALL,2026-01-30,DELL
DELL260130C00106000,106.0,10.48,10.45,12.75,1.0,14.0,1.3486360693359374,True,CALL,2026-01-30,DELL
DELL260130C00107000,107.0,10.89,9.45,12.05,5.0,36.0,1.4121123144531251,True,CALL,2026-01-30,DELL
DELL260130C00108000,108.0,9.9,8.7,11.05,4.0,56.0,1.32422212890625,True,CALL,2026-01-30,DELL
DELL260130C00109000,109.0,9.14,7.5,10.05,6.0,1.0,1.2343788281249999,True,CALL,2026-01-30,DELL
DELL260130C00110000,110.0,8.5,6.6,8.8,111.0,230.0,1.0361376318359379,True,CALL,2026-01-30,DELL
DELL260130C00111000,111.0,6.73,5.65,7.85,7.0,22.0,0.9707034179687499,True,CALL,2026-01-30,DELL
DELL260130C00112000,112.0,5.9,4.85,6.95,16.0,39.0,0.920899228515625,True,CALL,2026-01-30,DELL
DELL260130C00113000,113.0,5.26,4.5,5.85,8.0,89.0,0.790041162109375,True,CALL,2026-01-30,DELL
DELL260130C00114000,114.0,4.51,3.7,4.9,1.0,130.0,0.7138700488281251,True,CALL,2026-01-30,DELL
DELL260130C00115000,115.0,3.0,2.86,3.45,109.0,585.0,0.454107021484375,True,CALL,2026-01-30,DELL
DELL260130C00116000,116.0,3.0,2.22,3.0,2.0,448.0,0.5429733203125001,True,CALL,2026-01-30,DELL
DELL260130C00117000,117.0,2.19,1.58,2.68,77.0,1161.0,0.6284216845703126,True,CALL,2026-01-30,DELL
DELL260130C00118000,118.0,1.35,1.07,1.63,107.0,2869.0,0.4770560107421875,False,CALL,2026-01-30,DELL
DELL260130C00119000,119.0,1.21,0.8,1.17,107.0,1320.0,0.47070841796875,False,CALL,2026-01-30,DELL
DELL260130C00120000,120.0,0.56,0.5,0.98,225.0,2567.0,0.5205126074218749,False,CALL,2026-01-30,DELL
DELL260130C00121000,121.0,0.56,0.25,0.69,49.0,1459.0,0.5180712255859375,False,CALL,2026-01-30,DELL
DELL260130C00122000,122.0,0.29,0.2,0.3,46.0,789.0,0.43945873046875,False,CALL,2026-01-30,DELL
DELL260130C00123000,123.0,0.19,0.12,0.3,26.0,341.0,0.507817421875,False,CALL,2026-01-30,DELL
DELL260130C00124000,124.0,0.14,0.1,0.19,8.0,471.0,0.50586431640625,False,CALL,2026-01-30,DELL
DELL260130C00125000,125.0,0.1,0.08,0.16,166.0,1799.0,0.507817421875,False,CALL,2026-01-30,DELL
DELL260130C00126000,126.0,0.12,0.05,0.19,19.0,1403.0,0.56055126953125,False,CALL,2026-01-30,DELL
DELL260130C00127000,127.0,0.06,0.01,0.27,3.0,200.0,0.632816171875,False,CALL,2026-01-30,DELL
DELL260130C00128000,128.0,0.08,0.03,0.08,15.0,270.0,0.57617611328125,False,CALL,2026-01-30,DELL
DELL260130C00129000,129.0,0.01,0.0,0.2,5.0,105.0,0.6894562304687502,False,CALL,2026-01-30,DELL
DELL260130C00130000,130.0,0.03,0.02,0.05,67.0,1025.0,0.6210975390625001,False,CALL,2026-01-30,DELL
DELL260130C00131000,131.0,0.02,0.0,0.25,1.0,134.0,0.8164080859374999,False,CALL,2026-01-30,DELL
DELL260130C00132000,132.0,0.01,0.01,0.06,6.0,105.0,0.70312796875,False,CALL,2026-01-30,DELL
DELL260130C00133000,133.0,0.01,0.0,0.1,3.0,52.0,0.7812521875,False,CALL,2026-01-30,DELL
DELL260130C00134000,134.0,0.11,0.0,0.26,1.0,54.0,0.9609378906249999,False,CALL,2026-01-30,DELL
DELL260130C00135000,135.0,0.01,0.01,0.04,94.0,439.0,0.789064609375,False,CALL,2026-01-30,DELL
DELL260130C00136000,136.0,0.02,0.0,0.53,10.0,45.0,1.2070352148437498,False,CALL,2026-01-30,DELL
DELL260130C00137000,137.0,0.04,0.0,0.75,7.0,41.0,1.3515657421874998,False,CALL,2026-01-30,DELL
DELL260130C00138000,138.0,0.26,0.0,0.5,1.0,187.0,1.2851598242187499,False,CALL,2026-01-30,DELL
DELL260130C00139000,139.0,0.04,0.0,0.57,198.0,176.0,1.3671906640625,False,CALL,2026-01-30,DELL
DELL260130C00140000,140.0,0.01,0.0,0.56,1.0,402.0,1.408206083984375,False,CALL,2026-01-30,DELL
DELL260130C00141000,141.0,0.05,0.0,0.05,12.0,27.0,1.000005,False,CALL,2026-01-30,DELL
DELL260130C00142000,142.0,0.11,0.0,0.01,20.0,74.0,0.87500125,False,CALL,2026-01-30,DELL
DELL260130C00143000,143.0,0.01,0.0,0.75,1.0,131.0,1.6386736816406249,False,CALL,2026-01-30,DELL
DELL260130C00144000,144.0,0.01,0.0,0.75,1.0,31.0,1.68359533203125,False,CALL,2026-01-30,DELL
DELL260130C00145000,145.0,0.01,0.0,0.15,14.0,74.0,1.3085972070312497,False,CALL,2026-01-30,DELL
DELL260130C00146000,146.0,1.16,0.0,0.75,,1.0,1.7734386328124998,False,CALL,2026-01-30,DELL
DELL260130C00147000,147.0,0.09,0.0,0.75,4.0,15.0,1.81640716796875,False,CALL,2026-01-30,DELL
DELL260130C00148000,148.0,0.23,0.0,0.75,1.0,2.0,1.859375703125,False,CALL,2026-01-30,DELL
DELL260130C00149000,149.0,0.12,0.0,0.01,1.0,29.0,1.0625046875000002,False,CALL,2026-01-30,DELL
DELL260130C00150000,150.0,0.02,0.0,0.01,10.0,92.0,1.09375453125,False,CALL,2026-01-30,DELL
DELL260130C00152500,152.5,0.1,0.0,0.75,1.0,5.0,2.0468798828125,False,CALL,2026-01-30,DELL
DELL260130P00085000,85.0,0.08,0.0,0.01,1.0,24.0,1.5000025,False,PUT,2026-01-30,DELL
DELL260130P00090000,90.0,0.01,0.0,0.02,1.0,54.0,1.3437532812499997,False,PUT,2026-01-30,DELL
DELL260130P00095000,95.0,0.01,0.0,0.01,1.0,129.0,1.0312548437500002,False,PUT,2026-01-30,DELL
DELL260130P00097000,97.0,0.12,0.0,0.01,4.0,4.0,0.937500625,False,PUT,2026-01-30,DELL
DELL260130P00099000,99.0,0.05,0.0,0.3,1.0,2.0,1.3125034374999998,False,PUT,2026-01-30,DELL
DELL260130P00100000,100.0,0.01,0.01,0.02,17.0,577.0,0.8906260937499999,False,PUT,2026-01-30,DELL
DELL260130P00101000,101.0,0.1,0.0,0.54,1.0,15.0,1.3359408203124996,False,PUT,2026-01-30,DELL
DELL260130P00102000,102.0,0.08,0.0,0.78,13.0,36.0,1.3789093554687497,False,PUT,2026-01-30,DELL
DELL260130P00103000,103.0,0.2,0.0,0.75,11.0,9.0,1.29297228515625,False,PUT,2026-01-30,DELL
DELL260130P00104000,104.0,0.1,0.02,0.16,90.0,232.0,0.9101571484375,False,PUT,2026-01-30,DELL
DELL260130P00105000,105.0,0.09,0.01,0.13,17.0,3352.0,0.8164080859374999,False,PUT,2026-01-30,DELL
DELL260130P00106000,106.0,0.01,0.01,0.06,9.0,172.0,0.6796907031250001,False,PUT,2026-01-30,DELL
DELL260130P00107000,107.0,0.05,0.03,0.21,3.0,1310.0,0.7773459765625,False,PUT,2026-01-30,DELL
DELL260130P00108000,108.0,0.1,0.05,0.1,72.0,3956.0,0.6562534375000001,False,PUT,2026-01-30,DELL
DELL260130P00109000,109.0,0.18,0.06,0.22,5.0,255.0,0.6757844921875001,False,PUT,2026-01-30,DELL
DELL260130P00110000,110.0,0.14,0.1,0.22,79.0,3088.0,0.632816171875,False,PUT,2026-01-30,DELL
DELL260130P00111000,111.0,0.2,0.12,0.28,30.0,244.0,0.5996133789062501,False,PUT,2026-01-30,DELL
DELL260130P00112000,112.0,0.29,0.2,0.37,36.0,639.0,0.585941640625,False,PUT,2026-01-30,DELL
DELL260130P00113000,113.0,0.38,0.26,0.5,24.0,641.0,0.5625043750000001,False,PUT,2026-01-30,DELL
DELL260130P00114000,114.0,0.6,0.43,0.78,50.0,580.0,0.579105771484375,False,PUT,2026-01-30,DELL
DELL260130P00115000,115.0,0.81,0.54,1.11,503.0,2046.0,0.567387138671875,False,PUT,2026-01-30,DELL
DELL260130P00116000,116.0,1.35,0.84,1.25,85.0,255.0,0.5371140039062501,False,PUT,2026-01-30,DELL
DELL260130P00117000,117.0,1.89,1.27,1.89,52.0,607.0,0.5805706005859376,False,PUT,2026-01-30,DELL
DELL260130P00118000,118.0,2.35,1.76,2.77,78.0,3315.0,0.6411168701171875,True,PUT,2026-01-30,DELL
DELL260130P00119000,119.0,2.35,2.31,3.2,24.0,162.0,0.624027197265625,True,PUT,2026-01-30,DELL
DELL260130P00120000,120.0,3.45,3.0,3.85,12.0,412.0,0.63867548828125,True,PUT,2026-01-30,DELL
DELL260130P00121000,121.0,4.1,3.6,4.7,7.0,62.0,0.6523472265625001,True,PUT,2026-01-30,DELL
DELL260130P00122000,122.0,4.82,3.8,5.6,3.0,68.0,0.5820354296875,True,PUT,2026-01-30,DELL
DELL260130P00123000,123.0,5.72,4.65,6.95,3.0,54.0,0.700198310546875,True,PUT,2026-01-30,DELL
DELL260130P00124000,124.0,6.15,6.3,7.8,10.0,52.0,0.8754895263671875,True,PUT,2026-01-30,DELL
DELL260130P00125000,125.0,7.63,6.35,8.75,16.0,156.0,0.737307314453125,True,PUT,2026-01-30,DELL
DELL260130P00126000,126.0,10.8,7.25,9.45,1.0,14.0,0.6894562304687502,True,PUT,2026-01-30,DELL
DELL260130P00127000,127.0,9.47,8.4,10.65,2.0,23.0,0.8544936425781251,True,PUT,2026-01-30,DELL
DELL260130P00128000,128.0,15.91,9.15,11.65,2.0,59.0,0.840821904296875,True,PUT,2026-01-30,DELL
DELL260130P00129000,129.0,10.86,10.1,12.4,4.0,47.0,0.7812521875,True,PUT,2026-01-30,DELL
DELL260130P00130000,130.0,12.73,11.8,13.65,97.0,141.0,1.1494183154296875,True,PUT,2026-01-30,DELL
DELL260130P00131000,131.0,10.43,12.05,14.65,4.0,1.0,0.971679970703125,True,PUT,2026-01-30,DELL
DELL260130P00132000,132.0,16.62,13.0,15.65,5.0,4.0,1.0039112304687499,True,PUT,2026-01-30,DELL
DELL260130P00133000,133.0,16.88,14.0,16.6,1.0,2.0,1.0312548437500002,True,PUT,2026-01-30,DELL
DELL260130P00134000,134.0,18.72,15.05,17.6,3.0,1.0,1.1054732226562503,True,PUT,2026-01-30,DELL
DELL260130P00135000,135.0,17.58,16.05,18.6,9.0,39.0,1.154301103515625,True,PUT,2026-01-30,DELL
DELL260130P00136000,136.0,10.91,17.05,19.6,1.0,0.0,1.203128984375,True,PUT,2026-01-30,DELL
DELL260130P00137000,137.0,11.05,18.05,20.6,,0.0,1.2500037499999999,True,PUT,2026-01-30,DELL
DELL260130P00138000,138.0,12.75,19.05,21.6,,0.0,1.2968785156249998,True,PUT,2026-01-30,DELL
DELL260130P00140000,140.0,28.32,21.1,23.6,2.0,0.0,1.4160185449218752,True,PUT,2026-01-30,DELL
DELL260130P00141000,141.0,17.69,22.05,25.4,,0.0,1.763673056640625,True,PUT,2026-01-30,DELL
DELL260130P00142000,142.0,24.24,23.05,26.2,1.0,0.0,1.7441419042968749,True,PUT,2026-01-30,DELL
DELL260130P00143000,143.0,25.14,24.05,27.2,1.0,1.0,1.79296978515625,True,PUT,2026-01-30,DELL
DELL260130P00144000,144.0,22.05,25.05,28.55,1.0,0.0,1.96484392578125,True,PUT,2026-01-30,DELL
DELL260130P00145000,145.0,32.87,26.05,29.5,2.0,0.0,1.9970703271484376,True,PUT,2026-01-30,DELL
DELL260130P00146000,146.0,28.4,27.05,30.5,1.0,0.0,2.0449267626953125,True,PUT,2026-01-30,DELL
DELL260130P00147000,147.0,29.3,28.0,31.55,1.0,1.0,2.0937547656249995,True,PUT,2026-01-30,DELL
DELL260130P00148000,148.0,30.95,29.0,32.5,1.0,0.0,2.1220750073242183,True,PUT,2026-01-30,DELL
DELL260130P00149000,149.0,26.48,30.0,33.5,3.0,0.0,2.1679733300781248,True,PUT,2026-01-30,DELL
DELL260130P00150000,150.0,22.92,31.0,34.5,4.0,0.0,2.214848212890624,True,PUT,2026-01-30,DELL
DELL260130P00152500,152.5,25.35,33.5,37.0,3.0,0.0,2.3261760595703116,True,PUT,2026-01-30,DELL
DELL260206C00090000,90.0,26.0,26.45,29.05,1.0,1.0,1.3740265673828125,True,CALL,2026-02-06,DELL
DELL260206C00093000,93.0,23.09,23.45,26.05,140.0,12.0,1.2460975195312498,True,CALL,2026-02-06,DELL
DELL260206C00094000,94.0,22.49,22.5,25.1,344.0,17.0,1.2192421850585937,True,CALL,2026-02-06,DELL
DELL260206C00095000,95.0,22.23,21.5,24.15,160.0,98.0,1.1918985717773438,True,CALL,2026-02-06,DELL
DELL260206C00100000,100.0,16.7,16.55,18.2,3.0,7.0,0.65820654296875,True,CALL,2026-02-06,DELL
DELL260206C00105000,105.0,11.17,11.75,14.0,1.0,3.0,0.7368190380859375,True,CALL,2026-02-06,DELL
DELL260206C00106000,106.0,10.19,11.0,12.25,2.0,2.0,0.4858449853515625,True,CALL,2026-02-06,DELL
DELL260206C00107000,107.0,10.99,10.05,12.65,5.0,10.0,0.7888204711914062,True,CALL,2026-02-06,DELL
DELL260206C00109000,109.0,7.42,8.1,10.45,1.0,18.0,0.6601596484375001,True,CALL,2026-02-06,DELL
DELL260206C00110000,110.0,7.5,7.3,8.8,1.0,140.0,0.48828636718750007,True,CALL,2026-02-06,DELL
DELL260206C00111000,111.0,7.0,6.85,8.25,3.0,22.0,0.53320779296875,True,CALL,2026-02-06,DELL
DELL260206C00112000,112.0,6.99,6.6,7.2,2.0,13.0,0.47900911621093745,True,CALL,2026-02-06,DELL
DELL260206C00113000,113.0,4.9,5.85,6.5,3.0,42.0,0.4826711889648438,True,CALL,2026-02-06,DELL
DELL260206C00114000,114.0,5.4,5.15,5.7,2.0,136.0,0.4643608251953125,True,CALL,2026-02-06,DELL
DELL260206C00115000,115.0,5.44,4.4,5.05,8.0,168.0,0.4633842724609375,True,CALL,2026-02-06,DELL
DELL260206C00116000,116.0,4.79,4.0,4.25,11.0,89.0,0.43530838134765626,True,CALL,2026-02-06,DELL
DELL260206C00117000,117.0,3.4,3.5,3.65,126.0,186.0,0.4294490649414063,True,CALL,2026-02-06,DELL
DELL260206C00118000,118.0,3.2,3.05,3.15,202.0,338.0,0.43066975585937506,False,CALL,2026-02-06,DELL
DELL260206C00119000,119.0,2.98,2.56,2.64,17.0,98.0,0.42358974853515624,False,CALL,2026-02-06,DELL
DELL260206C00120000,120.0,2.21,2.14,2.28,482.0,1868.0,0.4304256176757813,False,CALL,2026-02-06,DELL
DELL260206C00121000,121.0,2.01,1.79,1.96,462.0,866.0,0.436529072265625,False,CALL,2026-02-06,DELL
DELL260206C00122000,122.0,1.61,1.48,1.63,26.0,520.0,0.43506424316406256,False,CALL,2026-02-06,DELL
DELL260206C00123000,123.0,1.52,1.18,1.36,22.0,267.0,0.43604079589843747,False,CALL,2026-02-06,DELL
DELL260206C00124000,124.0,1.0,1.0,1.07,29.0,185.0,0.4274959594726563,False,CALL,2026-02-06,DELL
DELL260206C00125000,125.0,0.83,0.8,0.97,56.0,302.0,0.446294599609375,False,CALL,2026-02-06,DELL
DELL260206C00126000,126.0,0.94,0.57,0.75,12.0,61.0,0.4379939013671875,False,CALL,2026-02-06,DELL
DELL260206C00127000,127.0,0.65,0.48,0.61,5.0,255.0,0.43945873046875,False,CALL,2026-02-06,DELL
DELL260206C00128000,128.0,0.66,0.4,0.55,24.0,84.0,0.45508357421875,False,CALL,2026-02-06,DELL
DELL260206C00129000,129.0,0.51,0.34,0.45,5.0,24.0,0.45752495605468757,False,CALL,2026-02-06,DELL
DELL260206C00130000,130.0,0.26,0.15,0.33,18.0,336.0,0.44775942871093743,False,CALL,2026-02-06,DELL
DELL260206C00131000,131.0,0.21,0.21,0.32,1.0,27.0,0.47022014160156256,False,CALL,2026-02-06,DELL
DELL260206C00132000,132.0,0.27,0.16,0.29,1.0,32.0,0.48438015625,False,CALL,2026-02-06,DELL
DELL260206C00133000,133.0,0.26,0.0,0.45,1.0,49.0,0.5654340332031251,False,CALL,2026-02-06,DELL
DELL260206C00134000,134.0,0.19,0.0,0.45,7.0,23.0,0.5048877636718749,False,CALL,2026-02-06,DELL
DELL260206C00135000,135.0,0.13,0.0,0.62,22.0,60.0,0.5644574804687501,False,CALL,2026-02-06,DELL
DELL260206C00136000,136.0,0.12,0.05,0.15,1.0,31.0,0.508793974609375,False,CALL,2026-02-06,DELL
DELL260206C00137000,137.0,0.69,0.0,0.78,2.0,5.0,0.6430699755859376,False,CALL,2026-02-06,DELL
DELL260206C00138000,138.0,0.12,0.0,0.43,1.0,37.0,0.58789474609375,False,CALL,2026-02-06,DELL
DELL260206C00139000,139.0,0.47,0.0,0.24,1.0,2.0,0.5488326367187502,False,CALL,2026-02-06,DELL
DELL260206C00140000,140.0,0.09,0.0,0.59,3.0,128.0,0.6709017285156251,False,CALL,2026-02-06,DELL
DELL260206C00141000,141.0,0.05,0.0,0.5,1.0,26.0,0.6699251757812501,False,CALL,2026-02-06,DELL
DELL260206C00142000,142.0,0.17,0.0,0.49,2.0,21.0,0.6884796777343751,False,CALL,2026-02-06,DELL
DELL260206C00143000,143.0,0.03,0.0,0.29,7.0,50.0,0.6455113574218749,False,CALL,2026-02-06,DELL
DELL260206C00145000,145.0,0.02,0.0,0.28,1.0,32.0,0.6796907031250001,False,CALL,2026-02-06,DELL
DELL260206C00150000,150.0,0.09,0.0,0.65,21.0,712.0,0.8916026464843749,False,CALL,2026-02-06,DELL
DELL260206C00152500,152.5,0.18,0.0,0.75,2.0,3.0,0.9648441015625,False,CALL,2026-02-06,DELL
DELL260206P00085000,85.0,0.06,0.0,0.09,,1.0,0.8906260937499999,False,PUT,2026-02-06,DELL
DELL260206P00090000,90.0,0.03,0.0,0.05,1.0,1228.0,0.6953155468750001,False,PUT,2026-02-06,DELL
DELL260206P00095000,95.0,0.13,0.01,0.13,3.0,102.0,0.6562534375000001,False,PUT,2026-02-06,DELL
DELL260206P00100000,100.0,0.15,0.01,0.21,26.0,358.0,0.5585981640625001,False,PUT,2026-02-06,DELL
DELL260206P00101000,101.0,0.17,0.0,0.36,2.0,51.0,0.5800823242187501,False,PUT,2026-02-06,DELL
DELL260206P00102000,102.0,0.23,0.03,0.34,2.0,76.0,0.55273884765625,False,PUT,2026-02-06,DELL
DELL260206P00104000,104.0,0.25,0.22,0.4,2.0,79.0,0.5502974658203126,False,PUT,2026-02-06,DELL
DELL260206P00105000,105.0,0.37,0.3,0.37,4501.0,4649.0,0.5273484765625001,False,PUT,2026-02-06,DELL
DELL260206P00106000,106.0,0.43,0.36,0.51,1.0,122.0,0.5283250292968751,False,PUT,2026-02-06,DELL
DELL260206P00107000,107.0,0.51,0.45,0.71,32.0,160.0,0.5361374511718751,False,PUT,2026-02-06,DELL
DELL260206P00108000,108.0,0.66,0.58,0.63,5.0,105.0,0.50586431640625,False,PUT,2026-02-06,DELL
DELL260206P00109000,109.0,0.83,0.69,0.77,26.0,722.0,0.507817421875,False,PUT,2026-02-06,DELL
DELL260206P00110000,110.0,0.93,0.85,1.02,70.0,1775.0,0.5034229345703125,False,PUT,2026-02-06,DELL
DELL260206P00111000,111.0,1.27,1.03,1.21,11.0,142.0,0.5141650146484374,False,PUT,2026-02-06,DELL
DELL260206P00112000,112.0,1.38,1.22,1.46,27.0,165.0,0.5131884619140624,False,PUT,2026-02-06,DELL
DELL260206P00113000,113.0,1.62,1.55,1.92,11.0,265.0,0.5102588037109376,False,PUT,2026-02-06,DELL
DELL260206P00114000,114.0,1.89,1.91,2.0,74.0,117.0,0.5004932763671875,False,PUT,2026-02-06,DELL
DELL260206P00115000,115.0,2.25,2.22,2.36,83.0,317.0,0.49927258544921876,False,PUT,2026-02-06,DELL
DELL260206P00116000,116.0,2.85,2.58,2.81,91.0,170.0,0.5048877636718749,False,PUT,2026-02-06,DELL
DELL260206P00117000,117.0,3.25,3.0,3.3,46.0,74.0,0.5097705273437501,False,PUT,2026-02-06,DELL
DELL260206P00118000,118.0,3.9,3.55,3.8,29.0,148.0,0.5100146655273439,True,PUT,2026-02-06,DELL
DELL260206P00119000,119.0,3.75,4.05,4.35,25.0,295.0,0.5114794946289063,True,PUT,2026-02-06,DELL
DELL260206P00120000,120.0,4.85,4.7,4.95,20.0,166.0,0.5141650146484374,True,PUT,2026-02-06,DELL
DELL260206P00121000,121.0,5.53,5.3,5.75,5.0,43.0,0.507817421875,True,PUT,2026-02-06,DELL
DELL260206P00122000,122.0,6.25,5.8,7.2,2.0,85.0,0.5532271240234375,True,PUT,2026-02-06,DELL
DELL260206P00123000,123.0,6.86,6.7,7.15,41.0,350.0,0.5141650146484374,True,PUT,2026-02-06,DELL
DELL260206P00124000,124.0,7.8,7.3,8.05,42.0,425.0,0.51758294921875,True,PUT,2026-02-06,DELL
DELL260206P00125000,125.0,8.45,7.65,9.1,5.0,497.0,0.5073291455078125,True,PUT,2026-02-06,DELL
DELL260206P00126000,126.0,9.18,8.25,10.5,2.0,52.0,0.5444381494140625,True,PUT,2026-02-06,DELL
DELL260206P00127000,127.0,10.02,9.1,11.25,2.0,6.0,0.5434615966796876,True,PUT,2026-02-06,DELL
DELL260206P00128000,128.0,17.02,10.65,12.15,3.0,9.0,0.6201209863281252,True,PUT,2026-02-06,DELL
DELL260206P00129000,129.0,10.37,10.8,12.75,1.0,1.0,0.524418818359375,True,PUT,2026-02-06,DELL
DELL260206P00130000,130.0,11.98,11.75,13.6,3.0,18.0,0.5293015820312501,True,PUT,2026-02-06,DELL
DELL260206P00131000,131.0,14.18,12.25,14.9,3.0,3.0,0.5302781347656251,True,PUT,2026-02-06,DELL
DELL260206P00133000,133.0,16.86,14.1,16.55,1.0,6.0,0.813478427734375,True,PUT,2026-02-06,DELL
DELL260206P00134000,134.0,18.72,15.1,17.75,3.0,5.0,0.56055126953125,True,PUT,2026-02-06,DELL
DELL260206P00135000,135.0,17.15,16.1,18.7,2.0,3.0,0.5751995605468749,True,PUT,2026-02-06,DELL
DELL260206P00137000,137.0,16.85,18.0,20.65,,0.0,0.5898478515625001,True,PUT,2026-02-06,DELL
DELL260206P00138000,138.0,23.9,19.05,21.65,1.0,0.0,0.62305064453125,True,PUT,2026-02-06,DELL
DELL260206P00140000,140.0,19.96,21.0,23.65,1.0,0.0,0.6552768847656252,True,PUT,2026-02-06,DELL
DELL260206P00145000,145.0,26.8,26.0,28.8,2.0,0.0,0.79687703125,True,PUT,2026-02-06,DELL
DELL260206P00150000,150.0,31.77,31.05,33.8,1.0,0.0,0.9101571484375,True,PUT,2026-02-06,DELL
DELL260206P00152500,152.5,34.27,33.55,36.3,3.0,0.0,0.9589847851562499,True,PUT,2026-02-06,DELL
DELL260213C00085000,85.0,30.68,31.55,34.15,584.0,31.0,1.2231484155273438,True,CALL,2026-02-13,DELL
DELL260213C00095000,95.0,23.4,21.65,24.25,14.0,29.0,0.9157723266601563,True,CALL,2026-02-13,DELL
DELL260213C00100000,100.0,15.61,16.85,18.3,6.0,21.0,0.5297898583984376,True,CALL,2026-02-13,DELL
DELL260213C00105000,105.0,12.45,12.2,14.8,2.0,3.0,0.6821320849609377,True,CALL,2026-02-13,DELL
DELL260213C00106000,106.0,11.6,11.3,12.65,4.0,4.0,0.4572808178710938,True,CALL,2026-02-13,DELL
DELL260213C00107000,107.0,10.75,11.0,13.3,12.0,6.0,0.51562984375,True,CALL,2026-02-13,DELL
DELL260213C00108000,108.0,9.3,9.9,11.35,1.0,0.0,0.5139208764648437,True,CALL,2026-02-13,DELL
DELL260213C00110000,110.0,8.95,8.45,9.4,1.0,17.0,0.454107021484375,True,CALL,2026-02-13,DELL
DELL260213C00111000,111.0,9.2,8.25,8.8,1.0,24.0,0.471684970703125,True,CALL,2026-02-13,DELL
DELL260213C00112000,112.0,7.58,7.0,8.1,2.0,2.0,0.471684970703125,True,CALL,2026-02-13,DELL
DELL260213C00113000,113.0,7.14,6.85,7.45,2.0,32.0,0.4733939379882813,True,CALL,2026-02-13,DELL
DELL260213C00114000,114.0,7.2,5.95,6.75,4.0,32.0,0.46582565429687506,True,CALL,2026-02-13,DELL
DELL260213C00115000,115.0,6.18,5.7,6.25,60.0,100.0,0.476567734375,True,CALL,2026-02-13,DELL
DELL260213C00116000,116.0,6.0,4.85,5.55,13.0,16.0,0.4624077197265626,True,CALL,2026-02-13,DELL
DELL260213C00117000,117.0,5.46,4.55,5.15,59.0,32.0,0.4758353198242187,True,CALL,2026-02-13,DELL
DELL260213C00118000,118.0,4.57,3.9,4.45,101.0,27.0,0.45508357421875,False,CALL,2026-02-13,DELL
DELL260213C00119000,119.0,4.0,3.55,4.0,5.0,24.0,0.45606012695312503,False,CALL,2026-02-13,DELL
DELL260213C00120000,120.0,3.27,3.2,3.55,30.0,184.0,0.45361874511718747,False,CALL,2026-02-13,DELL
DELL260213C00121000,121.0,3.2,2.75,3.05,6.0,20.0,0.442388388671875,False,CALL,2026-02-13,DELL
DELL260213C00122000,122.0,3.0,2.37,2.63,11.0,38.0,0.43579665771484377,False,CALL,2026-02-13,DELL
DELL260213C00123000,123.0,2.13,2.16,2.31,4.0,25.0,0.43604079589843747,False,CALL,2026-02-13,DELL
DELL260213C00124000,124.0,2.08,1.68,2.08,11.0,17.0,0.44287666503906253,False,CALL,2026-02-13,DELL
DELL260213C00125000,125.0,1.75,1.5,1.77,79.0,436.0,0.437505625,False,CALL,2026-02-13,DELL
DELL260213C00126000,126.0,1.74,1.32,1.87,5.0,42.0,0.4792532543945312,False,CALL,2026-02-13,DELL
DELL260213C00127000,127.0,1.54,1.11,1.33,10.0,25.0,0.4379939013671875,False,CALL,2026-02-13,DELL
DELL260213C00128000,128.0,1.04,0.96,1.16,1.0,37.0,0.43994700683593746,False,CALL,2026-02-13,DELL
DELL260213C00129000,129.0,1.12,0.83,1.08,1.0,14.0,0.45313046875,False,CALL,2026-02-13,DELL
DELL260213C00130000,130.0,0.93,0.71,0.86,43.0,512.0,0.4414118359375,False,CALL,2026-02-13,DELL
DELL260213C00131000,131.0,0.85,0.57,0.71,4.0,34.0,0.43726148681640625,False,CALL,2026-02-13,DELL
DELL260213C00132000,132.0,0.66,0.5,0.6,2.0,232.0,0.4370173486328125,False,CALL,2026-02-13,DELL
DELL260213C00133000,133.0,0.57,0.39,1.11,1.0,4.0,0.5510298803710938,False,CALL,2026-02-13,DELL
DELL260213C00134000,134.0,0.35,0.26,0.45,2.0,4.0,0.44287666503906253,False,CALL,2026-02-13,DELL
DELL260213C00135000,135.0,0.32,0.24,0.45,4.0,51.0,0.46191944335937507,False,CALL,2026-02-13,DELL
DELL260213C00136000,136.0,0.45,0.0,0.95,4.0,13.0,0.5874064697265625,False,CALL,2026-02-13,DELL
DELL260213C00137000,137.0,0.38,0.05,2.35,1.0,2.0,0.6528355029296876,False,CALL,2026-02-13,DELL
DELL260213C00138000,138.0,0.32,0.0,0.93,2.0,116.0,0.5205126074218749,False,CALL,2026-02-13,DELL
DELL260213C00139000,139.0,0.2,0.0,1.75,1.0,5.0,0.632816171875,False,CALL,2026-02-13,DELL
DELL260213C00140000,140.0,0.24,0.0,0.93,5.0,126.0,0.5556685058593751,False,CALL,2026-02-13,DELL
DELL260213C00141000,141.0,0.65,0.0,0.95,1.0,3.0,0.57617611328125,False,CALL,2026-02-13,DELL
DELL260213C00142000,142.0,0.16,0.0,1.15,4.0,18.0,0.6201209863281252,False,CALL,2026-02-13,DELL
DELL260213C00145000,145.0,0.15,0.0,0.95,1.0,19.0,0.6425816992187501,False,CALL,2026-02-13,DELL
DELL260213C00150000,150.0,0.15,0.0,0.95,12.0,19.0,0.7216824707031251,False,CALL,2026-02-13,DELL
DELL260213C00152500,152.5,0.52,0.0,0.76,,0.0,0.725588681640625,False,CALL,2026-02-13,DELL
DELL260213P00085000,85.0,0.05,0.0,0.09,4.0,17.0,0.6679720703125002,False,PUT,2026-02-13,DELL
DELL260213P00090000,90.0,0.14,0.08,0.15,2.0,17.0,0.6425816992187501,False,PUT,2026-02-13,DELL
DELL260213P00095000,95.0,0.21,0.15,0.24,26.0,49.0,0.5820354296875,False,PUT,2026-02-13,DELL
DELL260213P00100000,100.0,0.33,0.29,0.4,16.0,290.0,0.523442265625,False,PUT,2026-02-13,DELL
DELL260213P00101000,101.0,0.37,0.17,0.56,2.0,8.0,0.5048877636718749,False,PUT,2026-02-13,DELL
DELL260213P00103000,103.0,0.66,0.53,0.59,3.0,3.0,0.506840869140625,False,PUT,2026-02-13,DELL
DELL260213P00104000,104.0,0.77,0.62,0.68,4.0,24.0,0.5004932763671875,False,PUT,2026-02-13,DELL
DELL260213P00105000,105.0,0.7,0.71,0.8,6.0,655.0,0.5034229345703125,False,PUT,2026-02-13,DELL
DELL260213P00106000,106.0,0.82,0.86,0.96,2.0,11.0,0.5039112109375,False,PUT,2026-02-13,DELL
DELL260213P00107000,107.0,1.0,1.0,1.07,5.0,36.0,0.49219257812500006,False,PUT,2026-02-13,DELL
DELL260213P00108000,108.0,1.2,1.14,1.26,1.0,21.0,0.4909718872070313,False,PUT,2026-02-13,DELL
DELL260213P00109000,109.0,1.57,1.38,1.55,1.0,37.0,0.5002491381835938,False,PUT,2026-02-13,DELL
DELL260213P00110000,110.0,1.74,1.49,1.77,6.0,306.0,0.49561051269531253,False,PUT,2026-02-13,DELL
DELL260213P00111000,111.0,2.0,1.78,2.52,6.0,26.0,0.5075732836914062,False,PUT,2026-02-13,DELL
DELL260213P00112000,112.0,2.2,2.18,2.59,1.0,23.0,0.5219774365234374,False,PUT,2026-02-13,DELL
DELL260213P00113000,113.0,3.0,2.41,3.1,1.0,93.0,0.5007374145507812,False,PUT,2026-02-13,DELL
DELL260213P00114000,114.0,2.75,2.74,3.35,7.0,68.0,0.524418818359375,False,PUT,2026-02-13,DELL
DELL260213P00115000,115.0,3.1,3.15,3.5,11.0,321.0,0.4963429272460938,False,PUT,2026-02-13,DELL
DELL260213P00116000,116.0,3.7,3.6,4.2,9.0,343.0,0.523320196533203,False,PUT,2026-02-13,DELL
DELL260213P00117000,117.0,4.34,4.05,4.75,2.0,16.0,0.5307664111328125,False,PUT,2026-02-13,DELL
DELL260213P00118000,118.0,4.5,4.55,5.1,30.0,13.0,0.514653291015625,True,PUT,2026-02-13,DELL
DELL260213P00119000,119.0,5.4,5.05,5.75,2.0,12.0,0.5258836474609375,True,PUT,2026-02-13,DELL
DELL260213P00120000,120.0,5.44,5.6,6.25,1.0,90.0,0.5188036401367188,True,PUT,2026-02-13,DELL
DELL260213P00121000,121.0,6.55,6.2,6.9,4.0,65.0,0.5239305419921875,True,PUT,2026-02-13,DELL
DELL260213P00122000,122.0,7.03,6.75,7.5,15.0,37.0,0.5211229528808592,True,PUT,2026-02-13,DELL
DELL260213P00123000,123.0,10.74,7.5,8.2,1.0,7.0,0.5258836474609375,True,PUT,2026-02-13,DELL
DELL260213P00124000,124.0,5.0,7.6,9.2,4.0,4.0,0.56055126953125,True,PUT,2026-02-13,DELL
DELL260213P00125000,125.0,9.45,9.0,9.7,50.0,131.0,0.5383346948242189,True,PUT,2026-02-13,DELL
DELL260213P00126000,126.0,11.85,9.05,10.75,15.0,18.0,0.5754436987304687,True,PUT,2026-02-13,DELL
DELL260213P00127000,127.0,10.4,10.6,11.4,50.0,14.0,0.5163622583007812,True,PUT,2026-02-13,DELL
DELL260213P00128000,128.0,7.55,10.1,12.4,6.0,6.0,0.5937540625000001,True,PUT,2026-02-13,DELL
DELL260213P00129000,129.0,14.8,11.05,13.15,1.0,11.0,0.5908244042968751,True,PUT,2026-02-13,DELL
DELL260213P00130000,130.0,14.12,12.75,14.0,1.0,14.0,0.5122119091796875,True,PUT,2026-02-13,DELL
DELL260213P00131000,131.0,14.45,12.6,15.35,3.0,23.0,0.6699251757812501,True,PUT,2026-02-13,DELL
DELL260213P00132000,132.0,17.07,13.65,16.2,2.0,0.0,0.6762727685546877,True,PUT,2026-02-13,DELL
DELL260213P00133000,133.0,17.46,14.95,17.0,6.0,10.0,0.5173388110351562,True,PUT,2026-02-13,DELL
DELL260213P00134000,134.0,18.18,15.65,18.0,1.0,3.0,0.5107470800781251,True,PUT,2026-02-13,DELL
DELL260213P00135000,135.0,17.4,16.3,18.95,10.0,19.0,0.7153348779296875,True,PUT,2026-02-13,DELL
DELL260213P00137000,137.0,22.87,18.2,20.8,2.0,2.0,0.7390162817382812,True,PUT,2026-02-13,DELL
DELL260213P00139000,139.0,20.88,20.05,22.75,,5.0,0.5009815527343751,True,PUT,2026-02-13,DELL
DELL260213P00140000,140.0,24.05,21.1,23.7,2.0,0.0,0.51758294921875,True,PUT,2026-02-13,DELL
DELL260213P00141000,141.0,26.89,22.1,24.65,18.0,18.0,0.52539537109375,True,PUT,2026-02-13,DELL
DELL260213P00152500,152.5,39.73,33.55,37.0,3.0,0.0,0.8291032714843749,True,PUT,2026-02-13,DELL
DELL260220C00085000,85.0,67.08,49.0,51.8,,1.0,3.1806661108398435,True,CALL,2026-02-20,DELL
DELL260220C00090000,90.0,31.68,26.7,29.05,3.0,8.0,0.85937640625,True,CALL,2026-02-20,DELL
DELL260220C00095000,95.0,21.45,22.05,23.25,1.0,6.0,0.532231240234375,True,CALL,2026-02-20,DELL
DELL260220C00100000,100.0,19.0,17.3,18.8,1.0,105.0,0.55273884765625,True,CALL,2026-02-20,DELL
DELL260220C00105000,105.0,14.2,13.05,15.05,54.0,178.0,0.5998575170898439,True,CALL,2026-02-20,DELL
DELL260220C00110000,110.0,9.45,9.6,10.0,43.0,746.0,0.44507390869140623,True,CALL,2026-02-20,DELL
DELL260220C00111000,111.0,8.32,8.9,9.45,1.0,125.0,0.4602104760742188,True,CALL,2026-02-20,DELL
DELL260220C00112000,112.0,8.74,8.05,8.75,18.0,203.0,0.45691461059570315,True,CALL,2026-02-20,DELL
DELL260220C00113000,113.0,7.75,7.55,8.1,8.0,221.0,0.4558159887695313,True,CALL,2026-02-20,DELL
DELL260220C00114000,114.0,7.1,6.7,7.1,15.0,84.0,0.4205380212402344,True,CALL,2026-02-20,DELL
DELL260220C00115000,115.0,7.22,6.35,6.7,14.0,633.0,0.43726148681640625,True,CALL,2026-02-20,DELL
DELL260220C00116000,116.0,6.0,5.55,6.2,19.0,196.0,0.4419001123046875,True,CALL,2026-02-20,DELL
DELL260220C00117000,117.0,5.55,5.15,5.6,12.0,141.0,0.43530838134765626,True,CALL,2026-02-20,DELL
DELL260220C00118000,118.0,4.9,4.8,5.05,40.0,549.0,0.43030354858398445,False,CALL,2026-02-20,DELL
DELL260220C00119000,119.0,4.5,4.15,4.65,1.0,330.0,0.43555251953125,False,CALL,2026-02-20,DELL
DELL260220C00120000,120.0,4.05,3.8,4.2,763.0,2543.0,0.4338435522460938,False,CALL,2026-02-20,DELL
DELL260220C00121000,121.0,3.6,3.45,3.7,3.0,71.0,0.42529871582031253,False,CALL,2026-02-20,DELL
DELL260220C00122000,122.0,3.52,3.05,3.4,9.0,205.0,0.43140217041015627,False,CALL,2026-02-20,DELL
DELL260220C00123000,123.0,3.05,2.55,2.98,18.0,38.0,0.42456630126953127,False,CALL,2026-02-20,DELL
DELL260220C00124000,124.0,2.59,2.4,2.68,3.0,119.0,0.42578699218750005,False,CALL,2026-02-20,DELL
DELL260220C00125000,125.0,2.29,2.17,2.36,323.0,2992.0,0.4226131958007812,False,CALL,2026-02-20,DELL
DELL260220C00126000,126.0,2.4,1.91,2.14,5.0,139.0,0.42676354492187507,False,CALL,2026-02-20,DELL
DELL260220C00127000,127.0,2.06,1.7,1.99,13.0,202.0,0.43604079589843747,False,CALL,2026-02-20,DELL
DELL260220C00128000,128.0,1.56,1.52,1.67,7.0,519.0,0.42529871582031253,False,CALL,2026-02-20,DELL
DELL260220C00129000,129.0,1.68,1.31,1.7,4.0,109.0,0.45093322509765627,False,CALL,2026-02-20,DELL
DELL260220C00130000,130.0,1.27,1.15,1.39,25.0,2051.0,0.436529072265625,False,CALL,2026-02-20,DELL
DELL260220C00131000,131.0,1.25,1.01,1.31,2.0,68.0,0.4470270141601562,False,CALL,2026-02-20,DELL
DELL260220C00132000,132.0,1.15,0.61,1.32,14.0,58.0,0.4682670361328125,False,CALL,2026-02-20,DELL
DELL260220C00133000,133.0,0.85,0.71,1.17,2.0,59.0,0.467778759765625,False,CALL,2026-02-20,DELL
DELL260220C00134000,134.0,0.7,0.68,0.99,2.0,46.0,0.46094289062500005,False,CALL,2026-02-20,DELL
DELL260220C00135000,135.0,0.61,0.61,0.76,38.0,1665.0,0.4426325268554688,False,CALL,2026-02-20,DELL
DELL260220C00140000,140.0,0.32,0.32,0.4,27.0,2219.0,0.44824770507812495,False,CALL,2026-02-20,DELL
DELL260220C00145000,145.0,0.16,0.16,0.26,30.0,1300.0,0.47363807617187503,False,CALL,2026-02-20,DELL
DELL260220C00150000,150.0,0.11,0.11,0.12,39.0,6924.0,0.46973186523437505,False,CALL,2026-02-20,DELL
DELL260220P00085000,85.0,0.09,0.01,0.15,5.0,170.0,0.6015664843750002,False,PUT,2026-02-20,DELL
DELL260220P00090000,90.0,0.15,0.09,0.21,14.0,810.0,0.559574716796875,False,PUT,2026-02-20,DELL
DELL260220P00095000,95.0,0.31,0.29,0.47,9.0,1133.0,0.5542036767578126,False,PUT,2026-02-20,DELL
DELL260220P00100000,100.0,0.66,0.59,0.72,57.0,3237.0,0.5117236328125,False,PUT,2026-02-20,DELL
DELL260220P00105000,105.0,1.21,1.13,1.32,54.0,8431.0,0.4978077563476563,False,PUT,2026-02-20,DELL
DELL260220P00110000,110.0,2.07,2.18,2.33,175.0,13409.0,0.4731497998046875,False,PUT,2026-02-20,DELL
DELL260220P00111000,111.0,3.0,2.46,2.65,3.0,122.0,0.4738822143554688,False,PUT,2026-02-20,DELL
DELL260220P00112000,112.0,3.3,2.77,2.91,12.0,108.0,0.46631393066406257,False,PUT,2026-02-20,DELL
DELL260220P00113000,113.0,3.01,3.0,3.35,16.0,190.0,0.4731497998046875,False,PUT,2026-02-20,DELL
DELL260220P00114000,114.0,4.07,3.45,3.7,6.0,33.0,0.4689994506835938,False,PUT,2026-02-20,DELL
DELL260220P00115000,115.0,3.9,3.85,4.05,54.0,5563.0,0.46252978881835943,False,PUT,2026-02-20,DELL
DELL260220P00116000,116.0,4.05,4.25,4.5,4.0,72.0,0.4624077197265626,False,PUT,2026-02-20,DELL
DELL260220P00117000,117.0,4.9,4.8,4.95,17.0,289.0,0.45972219970703126,False,PUT,2026-02-20,DELL
DELL260220P00118000,118.0,5.1,5.35,5.45,47.0,257.0,0.45898978515625005,True,PUT,2026-02-20,DELL
DELL260220P00119000,119.0,6.52,5.75,6.05,7.0,51.0,0.46411668701171876,True,PUT,2026-02-20,DELL
DELL260220P00120000,120.0,6.4,6.35,6.55,25.0,3589.0,0.45825737060546884,True,PUT,2026-02-20,DELL
DELL260220P00121000,121.0,7.5,6.9,7.15,19.0,18.0,0.4585015087890626,True,PUT,2026-02-20,DELL
DELL260220P00122000,122.0,8.2,7.55,7.8,2.0,24.0,0.46082082153320314,True,PUT,2026-02-20,DELL
DELL260220P00123000,123.0,10.52,8.05,8.6,1.0,4.0,0.47412635253906255,True,PUT,2026-02-20,DELL
DELL260220P00124000,124.0,9.95,8.55,9.7,1.0,6.0,0.5124560473632812,True,PUT,2026-02-20,DELL
DELL260220P00125000,125.0,9.58,9.35,10.15,6.0,1618.0,0.4908498181152344,True,PUT,2026-02-20,DELL
DELL260220P00126000,126.0,10.05,10.2,11.6,,2.0,0.5593305786132813,True,PUT,2026-02-20,DELL
DELL260220P00127000,127.0,12.19,10.4,12.0,11.0,15.0,0.5295457202148439,True,PUT,2026-02-20,DELL
DELL260220P00128000,128.0,15.66,10.9,13.1,,2.0,0.5642133422851563,True,PUT,2026-02-20,DELL
DELL260220P00129000,129.0,13.09,11.7,14.15,1.0,3.0,0.5936319934082033,True,PUT,2026-02-20,DELL
DELL260220P00130000,130.0,13.69,13.1,14.65,17.0,2139.0,0.567387138671875,True,PUT,2026-02-20,DELL
DELL260220P00134000,134.0,17.26,16.0,18.35,1.0,4.0,0.6225623681640625,True,PUT,2026-02-20,DELL
DELL260220P00135000,135.0,18.46,16.85,19.35,2.0,1054.0,0.6430699755859376,True,PUT,2026-02-20,DELL
DELL260220P00140000,140.0,25.22,21.2,23.9,12.0,416.0,0.6838410522460938,True,PUT,2026-02-20,DELL
DELL260220P00145000,145.0,28.9,26.05,28.7,1.0,39.0,0.7421900781249999,True,PUT,2026-02-20,DELL
DELL260220P00150000,150.0,33.85,31.0,33.7,88.0,336.0,0.5449264257812501,True,PUT,2026-02-20,DELL
DELL260227C00090000,90.0,28.53,26.9,29.9,1.0,1.0,0.6069375244140626,True,CALL,2026-02-27,DELL
DELL260227C00095000,95.0,27.13,22.6,25.35,,1.0,0.6235389208984375,True,CALL,2026-02-27,DELL
DELL260227C00100000,100.0,19.5,18.9,20.2,3.0,5.0,0.5915568188476563,True,CALL,2026-02-27,DELL
DELL260227C00105000,105.0,13.31,14.45,16.7,2.0,3.0,0.5793499096679688,True,CALL,2026-02-27,DELL
DELL260227C00106000,106.0,17.77,14.05,15.2,,7.0,0.5571333349609376,True,CALL,2026-02-27,DELL
DELL260227C00108000,108.0,16.17,12.8,14.3,,2.0,0.5866740551757812,True,CALL,2026-02-27,DELL
DELL260227C00110000,110.0,10.6,11.0,12.65,6.0,11.0,0.5507857421875001,True,CALL,2026-02-27,DELL
DELL260227C00111000,111.0,11.82,11.05,11.95,10.0,16.0,0.5759319750976561,True,CALL,2026-02-27,DELL
DELL260227C00113000,113.0,10.45,9.75,11.6,5.0,8.0,0.6038857971191409,True,CALL,2026-02-27,DELL
DELL260227C00114000,114.0,9.0,9.2,10.1,1.0,26.0,0.5675092077636719,True,CALL,2026-02-27,DELL
DELL260227C00115000,115.0,10.0,8.6,10.1,4.0,96.0,0.5858195715332031,True,CALL,2026-02-27,DELL
DELL260227C00116000,116.0,8.92,8.05,9.3,10.0,30.0,0.5737347314453125,True,CALL,2026-02-27,DELL
DELL260227C00117000,117.0,8.4,7.45,8.6,8.0,26.0,0.5623823059082032,True,CALL,2026-02-27,DELL
DELL260227C00118000,118.0,7.9,7.0,7.9,1.0,19.0,0.5550581604003908,False,CALL,2026-02-27,DELL
DELL260227C00119000,119.0,7.5,6.65,7.75,1.0,14.0,0.570316796875,False,CALL,2026-02-27,DELL
DELL260227C00120000,120.0,7.23,6.25,7.2,2.0,208.0,0.567387138671875,False,CALL,2026-02-27,DELL
DELL260227C00121000,121.0,5.35,5.7,7.05,3.0,12.0,0.5722699023437501,False,CALL,2026-02-27,DELL
DELL260227C00122000,122.0,5.84,5.4,6.8,17.0,50.0,0.5813030151367188,False,CALL,2026-02-27,DELL
DELL260227C00123000,123.0,5.74,5.1,6.0,4.0,14.0,0.56836369140625,False,CALL,2026-02-27,DELL
DELL260227C00124000,124.0,5.56,4.45,5.9,4.0,24.0,0.5671430004882813,False,CALL,2026-02-27,DELL
DELL260227C00125000,125.0,5.27,4.3,5.55,4.0,105.0,0.5739788696289063,False,CALL,2026-02-27,DELL
DELL260227C00126000,126.0,4.72,3.95,4.5,2.0,17.0,0.5444381494140625,False,CALL,2026-02-27,DELL
DELL260227C00127000,127.0,4.0,4.0,4.25,7.0,25.0,0.5603071313476562,False,CALL,2026-02-27,DELL
DELL260227C00128000,128.0,3.9,3.2,3.95,4.0,18.0,0.5388229711914063,False,CALL,2026-02-27,DELL
DELL260227C00129000,129.0,3.1,3.1,3.9,6.0,8.0,0.5545698840332032,False,CALL,2026-02-27,DELL
DELL260227C00130000,130.0,3.62,3.05,3.35,14.0,166.0,0.5505416040039064,False,CALL,2026-02-27,DELL
DELL260227C00131000,131.0,3.0,2.66,3.15,1.0,5.0,0.5451705639648439,False,CALL,2026-02-27,DELL
DELL260227C00132000,132.0,3.0,2.29,3.0,29.0,73.0,0.5415084912109377,False,CALL,2026-02-27,DELL
DELL260227C00133000,133.0,2.65,2.38,2.93,5.0,33.0,0.561527822265625,False,CALL,2026-02-27,DELL
DELL260227C00134000,134.0,2.43,2.17,2.55,17.0,15.0,0.5522505712890625,False,CALL,2026-02-27,DELL
DELL260227C00135000,135.0,2.1,2.12,2.35,106.0,213.0,0.5578657495117189,False,CALL,2026-02-27,DELL
DELL260227C00140000,140.0,1.45,1.34,1.6,5.0,483.0,0.5559126440429689,False,CALL,2026-02-27,DELL
DELL260227C00145000,145.0,0.79,0.73,1.34,6.0,91.0,0.5681195532226562,False,CALL,2026-02-27,DELL
DELL260227C00150000,150.0,0.77,0.45,1.0,2.0,68.0,0.579105771484375,False,CALL,2026-02-27,DELL
DELL260227P00085000,85.0,0.42,0.0,1.05,6.0,40.0,0.729494892578125,False,PUT,2026-02-27,DELL
DELL260227P00090000,90.0,0.6,0.6,2.75,12.0,89.0,0.848634326171875,False,PUT,2026-02-27,DELL
DELL260227P00095000,95.0,1.42,0.76,1.2,7.0,62.0,0.6135292553710938,False,PUT,2026-02-27,DELL
DELL260227P00098000,98.0,1.57,1.01,2.62,,1.0,0.667239655761719,False,PUT,2026-02-27,DELL
DELL260227P00099000,99.0,1.5,1.5,1.82,2.0,2.0,0.6223182299804688,False,PUT,2026-02-27,DELL
DELL260227P00100000,100.0,1.87,1.6,2.1,26.0,435.0,0.6218299536132813,False,PUT,2026-02-27,DELL
DELL260227P00105000,105.0,3.0,2.66,3.1,22.0,92.0,0.6035195898437502,False,PUT,2026-02-27,DELL
DELL260227P00106000,106.0,3.3,2.83,3.65,1.0,13.0,0.6103554589843752,False,PUT,2026-02-27,DELL
DELL260227P00107000,107.0,3.25,2.7,4.5,2.0,9.0,0.6147499462890625,False,PUT,2026-02-27,DELL
DELL260227P00108000,108.0,4.2,3.5,4.35,4.0,35.0,0.614261669921875,False,PUT,2026-02-27,DELL
DELL260227P00109000,109.0,4.4,3.6,4.5,10.0,24.0,0.5949747534179688,False,PUT,2026-02-27,DELL
DELL260227P00110000,110.0,4.5,4.3,5.0,19.0,150.0,0.6147499462890625,False,PUT,2026-02-27,DELL
DELL260227P00111000,111.0,4.85,4.3,5.15,1.0,67.0,0.5891154370117189,False,PUT,2026-02-27,DELL
DELL260227P00112000,112.0,6.4,5.05,5.5,2.0,18.0,0.6009561389160158,False,PUT,2026-02-27,DELL
DELL260227P00113000,113.0,5.6,5.45,6.2,3.0,77.0,0.6107216662597659,False,PUT,2026-02-27,DELL
DELL260227P00114000,114.0,5.1,5.75,6.6,4.0,20.0,0.6031533825683595,False,PUT,2026-02-27,DELL
DELL260227P00115000,115.0,6.6,6.3,6.8,8.0,138.0,0.5961954443359375,False,PUT,2026-02-27,DELL
DELL260227P00116000,116.0,6.66,6.7,7.3,5.0,11.0,0.5935099243164064,False,PUT,2026-02-27,DELL
DELL260227P00117000,117.0,8.05,6.95,8.05,1.0,9.0,0.5931437170410157,False,PUT,2026-02-27,DELL
DELL260227P00118000,118.0,7.9,7.65,8.45,1.0,11.0,0.5949747534179688,True,PUT,2026-02-27,DELL
DELL260227P00119000,119.0,8.72,7.1,8.85,1.0,8.0,0.549076774902344,True,PUT,2026-02-27,DELL
DELL260227P00120000,120.0,8.5,8.4,9.75,6.0,82.0,0.5887492297363282,True,PUT,2026-02-27,DELL
DELL260227P00121000,121.0,10.36,8.9,10.1,2.0,93.0,0.5769085278320312,True,PUT,2026-02-27,DELL
DELL260227P00122000,122.0,12.55,9.2,10.9,20.0,22.0,0.5730023168945313,True,PUT,2026-02-27,DELL
DELL260227P00123000,123.0,11.6,10.1,11.15,1.0,6.0,0.569340244140625,True,PUT,2026-02-27,DELL
DELL260227P00124000,124.0,13.67,11.15,12.05,,1.0,0.5946085461425781,True,PUT,2026-02-27,DELL
DELL260227P00125000,125.0,12.05,10.8,12.55,2.0,15.0,0.5498091894531252,True,PUT,2026-02-27,DELL
DELL260227P00126000,126.0,13.69,11.3,13.65,4.0,5.0,0.5590864404296876,True,PUT,2026-02-27,DELL
DELL260227P00127000,127.0,15.6,12.75,14.05,3.0,3.0,0.577152666015625,True,PUT,2026-02-27,DELL
DELL260227P00128000,128.0,15.55,13.1,14.6,2.0,22.0,0.5561567822265626,True,PUT,2026-02-27,DELL
DELL260227P00129000,129.0,13.1,13.45,15.8,,1.0,0.5598188549804688,True,PUT,2026-02-27,DELL
DELL260227P00130000,130.0,15.25,14.45,16.5,1.0,25.0,0.5686078295898438,True,PUT,2026-02-27,DELL
DELL260227P00131000,131.0,17.46,15.8,16.8,6.0,7.0,0.5742230078125,True,PUT,2026-02-27,DELL
DELL260227P00132000,132.0,18.1,16.2,17.9,1.0,3.0,0.572391971435547,True,PUT,2026-02-27,DELL
DELL260227P00134000,134.0,23.9,17.25,19.65,,3.0,0.554814022216797,True,PUT,2026-02-27,DELL
DELL260227P00135000,135.0,22.2,18.85,20.6,,7.0,0.5992471716308594,True,PUT,2026-02-27,DELL
DELL260227P00140000,140.0,25.9,22.2,24.95,5.0,11.0,0.5610395458984375,True,PUT,2026-02-27,DELL
DELL260227P00145000,145.0,26.0,26.7,29.4,,1.0,0.5610395458984375,True,PUT,2026-02-27,DELL
DELL260227P00150000,150.0,35.25,31.4,34.05,7.0,6.0,0.5668988623046876,True,PUT,2026-02-27,DELL
DELL260306C00115000,115.0,10.22,9.2,11.0,3.0,7.0,0.5788616333007812,True,CALL,2026-03-06,DELL
DELL260306C00116000,116.0,8.4,8.45,9.65,1.0,54.0,0.5421188366699221,True,CALL,2026-03-06,DELL
DELL260306C00117000,117.0,9.8,7.75,9.3,2.0,44.0,0.5400436621093752,True,CALL,2026-03-06,DELL
DELL260306C00118000,118.0,8.5,7.35,9.15,2.0,36.0,0.5533491931152343,False,CALL,2026-03-06,DELL
DELL260306C00119000,119.0,7.75,7.3,8.95,1.0,9.0,0.5753216296386718,False,CALL,2026-03-06,DELL
DELL260306C00120000,120.0,7.47,6.7,7.6,1.0,61.0,0.5393112475585939,False,CALL,2026-03-06,DELL
DELL260306C00122000,122.0,6.9,5.8,7.65,,2.0,0.5654340332031251,False,CALL,2026-03-06,DELL
DELL260306C00123000,123.0,5.9,5.5,6.95,2.0,3.0,0.5574995422363282,False,CALL,2026-03-06,DELL
DELL260306C00125000,125.0,4.59,4.45,6.35,3.0,11.0,0.5495650512695314,False,CALL,2026-03-06,DELL
DELL260306C00126000,126.0,4.4,4.35,5.75,1.0,17.0,0.5481002221679689,False,CALL,2026-03-06,DELL
DELL260306C00127000,127.0,4.5,4.3,4.8,50.0,51.0,0.5349167602539062,False,CALL,2026-03-06,DELL
DELL260306C00130000,130.0,3.5,3.3,3.95,2.0,24.0,0.5280808911132813,False,CALL,2026-03-06,DELL
DELL260306P00098000,98.0,2.0,1.59,2.25,24.0,30.0,0.6130409790039064,False,PUT,2026-03-06,DELL
DELL260306P00100000,100.0,1.97,1.54,2.49,44.0,157.0,0.57812921875,False,PUT,2026-03-06,DELL
DELL260306P00101000,101.0,3.16,1.81,3.7,10.0,10.0,0.6303747900390625,False,PUT,2026-03-06,DELL
DELL260306P00105000,105.0,3.4,3.0,3.9,1.0,21.0,0.5932657861328126,False,PUT,2026-03-06,DELL
DELL260306P00106000,106.0,3.9,3.2,5.05,10.0,10.0,0.6232947827148438,False,PUT,2026-03-06,DELL
DELL260306P00108000,108.0,4.49,3.2,4.9,4.0,8.0,0.5629926513671876,False,PUT,2026-03-06,DELL
DELL260306P00110000,110.0,4.9,4.35,5.3,10.0,18.0,0.5666547241210937,False,PUT,2026-03-06,DELL
DELL260306P00112000,112.0,6.8,5.2,6.35,2.0,2.0,0.5770305969238281,False,PUT,2026-03-06,DELL
DELL260306P00114000,114.0,7.58,6.1,6.9,1.0,1.0,0.5656781713867188,False,PUT,2026-03-06,DELL
DELL260306P00115000,115.0,6.85,5.9,7.65,3.0,4.0,0.5523726403808593,False,PUT,2026-03-06,DELL
DELL260306P00117000,117.0,8.17,7.25,9.05,1.0,3.0,0.5778850805664062,False,PUT,2026-03-06,DELL
DELL260306P00118000,118.0,8.49,8.05,8.8,2.0,8.0,0.5609174768066407,True,PUT,2026-03-06,DELL
DELL260306P00119000,119.0,10.33,8.5,9.45,2.0,2.0,0.5611616149902343,True,PUT,2026-03-06,DELL
DELL260306P00120000,120.0,9.33,8.0,10.8,15.0,3.0,0.5518843640136719,True,PUT,2026-03-06,DELL
DELL260306P00124000,124.0,14.3,11.25,13.3,4.0,4.0,0.5813030151367188,True,PUT,2026-03-06,DELL
DELL260306P00140000,140.0,24.28,23.65,25.35,5.0,5.0,0.5971719970703125,True,PUT,2026-03-06,DELL
DELL260320C00085000,85.0,33.73,32.3,35.2,1.0,256.0,0.6181678808593751,True,CALL,2026-03-20,DELL
DELL260320C00090000,90.0,28.45,27.95,30.65,200.0,1776.0,0.6113320117187502,True,CALL,2026-03-20,DELL
DELL260320C00095000,95.0,24.65,23.4,26.15,3.0,790.0,0.5720257641601563,True,CALL,2026-03-20,DELL
DELL260320C00100000,100.0,21.0,19.8,21.15,10.0,1322.0,0.5390671093750001,True,CALL,2026-03-20,DELL
DELL260320C00105000,105.0,17.3,16.35,17.6,5.0,829.0,0.5476119458007813,True,CALL,2026-03-20,DELL
DELL260320C00110000,110.0,13.7,13.3,14.05,1.0,872.0,0.5404098693847659,True,CALL,2026-03-20,DELL
DELL260320C00115000,115.0,10.8,10.35,11.65,75.0,604.0,0.5455367712402344,True,CALL,2026-03-20,DELL
DELL260320C00120000,120.0,8.8,8.1,9.3,169.0,4557.0,0.5474898767089844,False,CALL,2026-03-20,DELL
DELL260320C00125000,125.0,6.3,6.1,7.1,36.0,1149.0,0.5379684875488282,False,CALL,2026-03-20,DELL
DELL260320C00130000,130.0,4.77,4.55,5.4,814.0,2101.0,0.5343064147949219,False,CALL,2026-03-20,DELL
DELL260320C00135000,135.0,3.59,3.3,3.8,195.0,1875.0,0.5217332983398437,False,CALL,2026-03-20,DELL
DELL260320C00140000,140.0,2.63,2.5,2.73,381.0,12630.0,0.5224657128906249,False,CALL,2026-03-20,DELL
DELL260320C00145000,145.0,2.03,1.73,2.17,18.0,1929.0,0.5271043383789062,False,CALL,2026-03-20,DELL
DELL260320C00150000,150.0,1.45,1.18,1.45,75.0,4991.0,0.5173388110351562,False,CALL,2026-03-20,DELL
DELL260320P00085000,85.0,0.77,0.62,1.0,40.0,3234.0,0.6176796044921876,False,PUT,2026-03-20,DELL
DELL260320P00090000,90.0,1.2,1.09,1.22,15.0,3094.0,0.5832561206054687,False,PUT,2026-03-20,DELL
DELL260320P00095000,95.0,1.93,1.64,2.17,49.0,1646.0,0.579105771484375,False,PUT,2026-03-20,DELL
DELL260320P00100000,100.0,2.69,2.55,2.95,70.0,6288.0,0.5573774731445313,False,PUT,2026-03-20,DELL
DELL260320P00105000,105.0,4.35,3.75,4.25,404.0,4613.0,0.5449264257812501,False,PUT,2026-03-20,DELL
DELL260320P00110000,110.0,6.1,5.5,6.05,178.0,7509.0,0.5427291821289064,False,PUT,2026-03-20,DELL
DELL260320P00115000,115.0,7.8,7.75,8.15,73.0,1705.0,0.5390671093750001,False,PUT,2026-03-20,DELL
DELL260320P00120000,120.0,10.25,10.25,11.1,7.0,3035.0,0.5426071130371095,True,PUT,2026-03-20,DELL
DELL260320P00125000,125.0,13.47,12.95,14.1,18.0,1228.0,0.5300339965820313,True,PUT,2026-03-20,DELL
DELL260320P00130000,130.0,17.1,16.35,17.4,104.0,1403.0,0.524418818359375,True,PUT,2026-03-20,DELL
DELL260320P00135000,135.0,21.19,20.05,20.95,4.0,1847.0,0.5141650146484374,True,PUT,2026-03-20,DELL
DELL260320P00140000,140.0,24.4,23.75,25.8,9.0,1488.0,0.5300339965820313,True,PUT,2026-03-20,DELL
DELL260320P00145000,145.0,29.4,27.8,29.7,567.0,893.0,0.5031787963867188,True,PUT,2026-03-20,DELL
DELL260320P00150000,150.0,36.75,32.25,34.85,8.0,676.0,0.5358933129882812,True,PUT,2026-03-20,DELL
DELL260417C00085000,85.0,38.05,32.85,35.9,1.0,15.0,0.5769085278320312,True,CALL,2026-04-17,DELL
DELL260417C00090000,90.0,31.05,28.7,30.9,2.0,12.0,0.5408981457519533,True,CALL,2026-04-17,DELL
DELL260417C00095000,95.0,25.33,25.25,27.15,2.0,34.0,0.5697064514160157,True,CALL,2026-04-17,DELL
DELL260417C00100000,100.0,22.5,20.9,22.35,8.0,148.0,0.5094043200683593,True,CALL,2026-04-17,DELL
DELL260417C00105000,105.0,18.09,17.95,19.7,1.0,12.0,0.5427291821289064,True,CALL,2026-04-17,DELL
DELL260417C00110000,110.0,15.31,14.65,15.55,155.0,874.0,0.5054981091308592,True,CALL,2026-04-17,DELL
DELL260417C00115000,115.0,13.0,12.05,13.6,27.0,836.0,0.5238084729003907,True,CALL,2026-04-17,DELL
DELL260417C00120000,120.0,10.8,9.7,10.85,73.0,1572.0,0.5118457019042968,False,CALL,2026-04-17,DELL
DELL260417C00125000,125.0,8.15,7.95,8.5,90.0,1285.0,0.5074512145996093,False,CALL,2026-04-17,DELL
DELL260417C00130000,130.0,6.45,6.25,6.9,3.0,1219.0,0.5067188000488281,False,CALL,2026-04-17,DELL
DELL260417C00135000,135.0,5.1,4.45,5.2,64.0,608.0,0.5056201782226561,False,CALL,2026-04-17,DELL
DELL260417C00140000,140.0,3.95,3.75,4.0,13.0,378.0,0.5003712072753908,False,CALL,2026-04-17,DELL
DELL260417C00145000,145.0,3.1,2.98,3.15,7.0,351.0,0.5024463818359376,False,CALL,2026-04-17,DELL
DELL260417C00150000,150.0,2.49,2.19,2.83,9.0,526.0,0.5072070764160157,False,CALL,2026-04-17,DELL
DELL260417P00085000,85.0,1.25,0.97,1.55,1.0,339.0,0.5561567822265626,False,PUT,2026-04-17,DELL
DELL260417P00090000,90.0,1.72,1.52,1.95,1.0,442.0,0.5288133056640626,False,PUT,2026-04-17,DELL
DELL260417P00095000,95.0,2.45,2.45,2.96,1030.0,2378.0,0.5288133056640626,False,PUT,2026-04-17,DELL
DELL260417P00100000,100.0,3.9,3.55,4.3,11.0,1017.0,0.5245408874511719,False,PUT,2026-04-17,DELL
DELL260417P00105000,105.0,5.2,5.05,5.5,178.0,1456.0,0.5092822509765625,False,PUT,2026-04-17,DELL
DELL260417P00110000,110.0,7.2,6.8,7.5,27.0,1498.0,0.5049487982177734,False,PUT,2026-04-17,DELL
DELL260417P00115000,115.0,9.0,9.1,9.65,13.0,993.0,0.5127612200927734,False,PUT,2026-04-17,DELL
DELL260417P00120000,120.0,11.5,11.3,12.55,97.0,1588.0,0.5216722637939453,True,PUT,2026-04-17,DELL
DELL260417P00125000,125.0,14.75,14.35,15.5,43.0,1045.0,0.5172777764892578,True,PUT,2026-04-17,DELL
DELL260417P00130000,130.0,18.38,17.45,19.1,1.0,530.0,0.5288133056640626,True,PUT,2026-04-17,DELL
DELL260417P00135000,135.0,26.34,21.1,22.6,4.0,158.0,0.5227708856201172,True,PUT,2026-04-17,DELL
DELL260417P00140000,140.0,24.44,25.1,26.4,2.0,561.0,0.5190477783203125,True,PUT,2026-04-17,DELL
DELL260417P00145000,145.0,29.64,28.5,31.3,10.0,308.0,0.5664105859375,True,PUT,2026-04-17,DELL
DELL260417P00150000,150.0,34.29,32.85,35.5,2.0,232.0,0.5675092077636719,True,PUT,2026-04-17,DELL
DELL260515C00085000,85.0,71.9,43.5,46.2,,1.0,1.1703532693481447,True,CALL,2026-05-15,DELL
DELL260515C00090000,90.0,35.84,29.05,32.1,5.0,18.0,0.523442265625,True,CALL,2026-05-15,DELL
DELL260515C00095000,95.0,26.38,25.35,27.95,3.0,16.0,0.5167284655761719,True,CALL,2026-05-15,DELL
DELL260515C00100000,100.0,22.6,21.85,23.9,1.0,109.0,0.5040332800292968,True,CALL,2026-05-15,DELL
DELL260515C00105000,105.0,19.6,19.0,20.8,4.0,25.0,0.5159960510253907,True,CALL,2026-05-15,DELL
DELL260515C00110000,110.0,16.35,16.2,17.5,16.0,69.0,0.508793974609375,True,CALL,2026-05-15,DELL
DELL260515C00115000,115.0,14.35,13.45,14.65,18.0,162.0,0.5236253692626953,True,CALL,2026-05-15,DELL
DELL260515C00120000,120.0,11.63,11.05,12.4,106.0,892.0,0.523442265625,False,CALL,2026-05-15,DELL
DELL260515C00125000,125.0,9.45,9.25,9.55,20.0,216.0,0.48828636718750007,False,CALL,2026-05-15,DELL
DELL260515C00130000,130.0,7.75,7.55,8.3,3.0,357.0,0.5053760400390624,False,CALL,2026-05-15,DELL
DELL260515C00135000,135.0,6.3,6.15,6.3,6.0,92.0,0.48169463623046876,False,CALL,2026-05-15,DELL
DELL260515C00140000,140.0,5.1,4.7,5.45,5.0,365.0,0.49658706542968756,False,CALL,2026-05-15,DELL
DELL260515C00145000,145.0,4.15,3.95,4.05,3.0,117.0,0.4774222180175781,False,CALL,2026-05-15,DELL
DELL260515C00150000,150.0,3.2,2.94,3.5,4.0,728.0,0.4908498181152344,False,CALL,2026-05-15,DELL
DELL260515P00085000,85.0,1.88,1.37,2.14,1.0,82.0,0.5256395092773438,False,PUT,2026-05-15,DELL
DELL260515P00090000,90.0,2.72,2.17,2.96,20.0,963.0,0.5183153637695312,False,PUT,2026-05-15,DELL
DELL260515P00095000,95.0,4.75,3.3,3.9,3.0,892.0,0.5101367346191408,False,PUT,2026-05-15,DELL
DELL260515P00100000,100.0,4.85,4.5,5.2,4.0,465.0,0.51758294921875,False,PUT,2026-05-15,DELL
DELL260515P00105000,105.0,6.61,6.3,6.9,37.0,1386.0,0.5131884619140624,False,PUT,2026-05-15,DELL
DELL260515P00110000,110.0,9.44,8.0,8.95,9.0,967.0,0.5105029418945313,False,PUT,2026-05-15,DELL
DELL260515P00115000,115.0,10.65,10.65,10.85,32.0,597.0,0.48895774719238294,False,PUT,2026-05-15,DELL
DELL260515P00120000,120.0,13.15,13.25,13.4,3.0,1948.0,0.48169463623046876,True,PUT,2026-05-15,DELL
DELL260515P00125000,125.0,16.12,15.6,17.0,1.0,236.0,0.5036670727539063,True,PUT,2026-05-15,DELL
DELL260515P00130000,130.0,19.75,18.85,20.6,1.0,841.0,0.5150194982910157,True,PUT,2026-05-15,DELL
DELL260515P00135000,135.0,23.61,22.45,24.35,15.0,97.0,0.5231981274414061,True,PUT,2026-05-15,DELL
DELL260515P00140000,140.0,28.64,26.25,28.0,5.0,182.0,0.5181932946777343,True,PUT,2026-05-15,DELL
DELL260515P00145000,145.0,29.2,29.95,32.05,9.0,57.0,0.5224657128906249,True,PUT,2026-05-15,DELL
DELL260515P00150000,150.0,35.65,33.75,36.4,1.0,55.0,0.5339402075195312,True,PUT,2026-05-15,DELL
DELL260618C00085000,85.0,36.5,34.4,37.45,1.0,586.0,0.5452926330566408,True,CALL,2026-06-18,DELL
DELL260618C00090000,90.0,30.1,30.7,33.5,1.0,345.0,0.5443160803222657,True,CALL,2026-06-18,DELL
DELL260618C00095000,95.0,28.5,26.9,29.55,1.0,232.0,0.528447098388672,True,CALL,2026-06-18,DELL
DELL260618C00100000,100.0,25.07,23.6,25.85,1.0,667.0,0.5200853656005859,True,CALL,2026-06-18,DELL
DELL260618C00105000,105.0,22.95,21.05,22.95,12.0,174.0,0.5322922747802734,True,CALL,2026-06-18,DELL
DELL260618C00110000,110.0,18.43,18.4,19.05,1.0,2353.0,0.5122119091796875,True,CALL,2026-06-18,DELL
DELL260618C00115000,115.0,17.0,15.7,17.3,20.0,246.0,0.5211229528808592,True,CALL,2026-06-18,DELL
DELL260618C00120000,120.0,14.75,13.5,14.6,18.0,2084.0,0.5126391510009765,False,CALL,2026-06-18,DELL
DELL260618C00125000,125.0,11.45,11.45,12.65,16.0,822.0,0.5109912182617188,False,CALL,2026-06-18,DELL
DELL260618C00130000,130.0,10.0,9.65,10.6,6.0,1332.0,0.5037891418457032,False,CALL,2026-06-18,DELL
DELL260618C00135000,135.0,7.75,7.8,9.15,6.0,619.0,0.5221605401611327,False,CALL,2026-06-18,DELL
DELL260618C00140000,140.0,7.6,6.85,7.6,7.0,1638.0,0.5134936346435546,False,CALL,2026-06-18,DELL
DELL260618C00145000,145.0,6.45,5.9,6.7,12.0,1500.0,0.5069629382324219,False,CALL,2026-06-18,DELL
DELL260618C00150000,150.0,5.09,5.0,5.45,26.0,1470.0,0.5024463818359376,False,CALL,2026-06-18,DELL
DELL260618P00085000,85.0,2.71,2.49,3.2,1.0,3280.0,0.5360153820800782,False,PUT,2026-06-18,DELL
DELL260618P00090000,90.0,3.78,3.05,4.3,14.0,2899.0,0.5173388110351562,False,PUT,2026-06-18,DELL
DELL260618P00095000,95.0,4.92,4.4,5.35,14.0,2587.0,0.5086108709716797,False,PUT,2026-06-18,DELL
DELL260618P00100000,100.0,6.3,5.85,7.0,6.0,4417.0,0.5046436254882812,False,PUT,2026-06-18,DELL
DELL260618P00105000,105.0,8.62,7.6,8.75,1.0,1590.0,0.5201464001464844,False,PUT,2026-06-18,DELL
DELL260618P00110000,110.0,10.37,9.85,11.0,1.0,5733.0,0.5201464001464844,False,PUT,2026-06-18,DELL
DELL260618P00115000,115.0,12.45,12.0,13.5,7.0,3450.0,0.5190477783203125,False,PUT,2026-06-18,DELL
DELL260618P00120000,120.0,15.5,14.6,16.0,6.0,4964.0,0.5088550091552735,True,PUT,2026-06-18,DELL
DELL260618P00125000,125.0,18.35,17.5,19.0,3.0,1505.0,0.5072681109619142,True,PUT,2026-06-18,DELL
DELL260618P00130000,130.0,20.92,20.7,22.4,1.0,1103.0,0.5112353564453125,True,PUT,2026-06-18,DELL
DELL260618P00135000,135.0,24.45,24.25,26.05,21.0,772.0,0.5165453619384766,True,PUT,2026-06-18,DELL
DELL260618P00140000,140.0,29.64,27.8,30.05,5.0,1015.0,0.5278367529296876,True,PUT,2026-06-18,DELL
DELL260618P00145000,145.0,30.5,31.75,33.25,15.0,899.0,0.5027515545654297,True,PUT,2026-06-18,DELL
DELL260618P00150000,150.0,26.45,35.35,37.7,1.0,339.0,0.5195360546875,True,PUT,2026-06-18,DELL
DELL260717C00085000,85.0,43.75,41.0,43.55,2.0,2.0,0.813478427734375,True,CALL,2026-07-17,DELL
DELL260717C00090000,90.0,32.0,31.55,34.35,9.0,11.0,0.5369919348144532,True,CALL,2026-07-17,DELL
DELL260717C00100000,100.0,24.5,25.2,26.9,1.0,41.0,0.5247850256347657,True,CALL,2026-07-17,DELL
DELL260717C00105000,105.0,22.05,22.3,24.15,10.0,23.0,0.5282029602050782,True,CALL,2026-07-17,DELL
DELL260717C00110000,110.0,20.48,19.4,20.6,3.0,79.0,0.5090991473388673,True,CALL,2026-07-17,DELL
DELL260717C00115000,115.0,17.52,17.0,17.7,70.0,355.0,0.5018970709228516,True,CALL,2026-07-17,DELL
DELL260717C00120000,120.0,15.0,14.5,15.2,19.0,282.0,0.5028736236572267,False,CALL,2026-07-17,DELL
DELL260717C00125000,125.0,13.3,12.65,13.35,34.0,525.0,0.50586431640625,False,CALL,2026-07-17,DELL
DELL260717C00130000,130.0,11.32,10.65,12.2,2.0,117.0,0.5238695074462891,False,CALL,2026-07-17,DELL
DELL260717C00135000,135.0,9.62,9.05,9.9,3.0,42.0,0.499577758178711,False,CALL,2026-07-17,DELL
DELL260717C00140000,140.0,7.35,7.85,8.45,2.0,81.0,0.4958546508789063,False,CALL,2026-07-17,DELL
DELL260717C00145000,145.0,6.13,6.45,7.25,1.0,397.0,0.4947560290527344,False,CALL,2026-07-17,DELL
DELL260717C00150000,150.0,6.43,5.5,6.85,2.0,194.0,0.5167284655761719,False,CALL,2026-07-17,DELL
DELL260717P00085000,85.0,3.19,2.87,3.8,1.0,164.0,0.5169726037597657,False,PUT,2026-07-17,DELL
DELL260717P00090000,90.0,4.55,3.95,5.15,14.0,150.0,0.5148974291992188,False,PUT,2026-07-17,DELL
DELL260717P00095000,95.0,5.6,5.15,5.8,5.0,445.0,0.5035450036621094,False,PUT,2026-07-17,DELL
DELL260717P00100000,100.0,7.19,6.65,7.35,73.0,192.0,0.49561051269531253,False,PUT,2026-07-17,DELL
DELL260717P00105000,105.0,9.02,8.6,9.25,11.0,334.0,0.4915211981201172,False,PUT,2026-07-17,DELL
DELL260717P00110000,110.0,11.12,10.65,11.35,1.0,3662.0,0.48541774353027345,False,PUT,2026-07-17,DELL
DELL260717P00115000,115.0,13.19,13.0,14.15,13.0,189.0,0.49359637268066414,False,PUT,2026-07-17,DELL
DELL260717P00120000,120.0,16.27,15.5,16.55,1.0,177.0,0.48065704895019534,True,PUT,2026-07-17,DELL
DELL260717P00125000,125.0,18.85,18.8,19.5,11.0,938.0,0.4776053216552735,True,PUT,2026-07-17,DELL
DELL260717P00130000,130.0,20.2,21.45,22.65,1.0,14.0,0.4735160070800781,True,PUT,2026-07-17,DELL
DELL260717P00135000,135.0,28.62,25.35,26.0,2.0,17.0,0.4688163470458985,True,PUT,2026-07-17,DELL
DELL260717P00140000,140.0,31.1,28.6,30.85,14.0,33.0,0.5071460418701172,True,PUT,2026-07-17,DELL
DELL260717P00145000,145.0,31.73,31.7,34.25,1.0,0.0,0.4928029235839845,True,PUT,2026-07-17,DELL
DELL260717P00150000,150.0,37.12,36.4,38.2,1.0,3.0,0.4914601635742188,True,PUT,2026-07-17,DELL
DELL260821C00095000,95.0,26.25,29.1,31.55,,3.0,0.5191698474121094,True,CALL,2026-08-21,DELL
DELL260821C00100000,100.0,25.4,26.5,28.45,1.0,5.0,0.5270433038330078,True,CALL,2026-08-21,DELL
DELL260821C00110000,110.0,22.3,20.8,22.45,,2.0,0.5130053582763672,True,CALL,2026-08-21,DELL
DELL260821C00115000,115.0,18.32,18.2,19.05,10.0,25.0,0.5067798345947265,True,CALL,2026-08-21,DELL
DELL260821C00120000,120.0,16.9,15.2,17.65,2.0,114.0,0.5280808911132813,False,CALL,2026-08-21,DELL
DELL260821C00125000,125.0,14.6,13.75,15.45,1.0,4.0,0.5202074346923828,False,CALL,2026-08-21,DELL
DELL260821C00130000,130.0,11.31,11.9,13.7,1.0,6.0,0.5197191583251952,False,CALL,2026-08-21,DELL
DELL260821C00135000,135.0,11.55,10.5,12.35,1.0,4.0,0.5255784747314454,False,CALL,2026-08-21,DELL
DELL260821C00145000,145.0,7.9,7.2,8.95,2.0,18.0,0.5027515545654297,False,CALL,2026-08-21,DELL
DELL260821C00150000,150.0,6.98,6.7,8.05,1.0,7.0,0.5086108709716797,False,CALL,2026-08-21,DELL
DELL260821P00085000,85.0,4.15,3.7,4.25,1.0,15.0,0.5033008654785156,False,PUT,2026-08-21,DELL
DELL260821P00090000,90.0,5.11,4.7,5.7,1.0,22.0,0.5185595019531251,False,PUT,2026-08-21,DELL
DELL260821P00095000,95.0,6.3,6.2,7.1,1.0,164.0,0.5084888018798828,False,PUT,2026-08-21,DELL
DELL260821P00100000,100.0,8.25,7.9,8.85,3.0,16.0,0.5035450036621094,False,PUT,2026-08-21,DELL
DELL260821P00105000,105.0,10.3,10.0,11.05,3.0,72.0,0.5056201782226561,False,PUT,2026-08-21,DELL
DELL260821P00110000,110.0,12.2,11.5,13.15,13.0,82.0,0.4968312036132813,False,PUT,2026-08-21,DELL
DELL260821P00115000,115.0,14.97,14.05,15.75,,5.0,0.4962818927001954,False,PUT,2026-08-21,DELL
DELL260821P00120000,120.0,17.34,16.7,18.6,28.0,57.0,0.4963429272460938,True,PUT,2026-08-21,DELL
DELL260821P00130000,130.0,25.09,22.7,24.85,,1.0,0.49396257995605475,True,PUT,2026-08-21,DELL
DELL260918C00085000,85.0,37.15,36.7,39.95,2.0,45.0,0.5349167602539062,True,CALL,2026-09-18,DELL
DELL260918C00090000,90.0,35.15,33.0,36.35,15.0,87.0,0.5265550274658204,True,CALL,2026-09-18,DELL
DELL260918C00095000,95.0,32.61,29.6,32.65,90.0,59.0,0.5149584637451172,True,CALL,2026-09-18,DELL
DELL260918C00100000,100.0,28.0,27.5,29.6,1.0,414.0,0.5287522711181643,True,CALL,2026-09-18,DELL
DELL260918C00105000,105.0,25.15,23.55,26.65,2.0,102.0,0.5075122491455077,True,CALL,2026-09-18,DELL
DELL260918C00110000,110.0,22.75,22.2,23.0,5.0,185.0,0.5089770782470704,True,CALL,2026-09-18,DELL
DELL260918C00115000,115.0,20.65,19.25,21.65,1.0,67.0,0.5138598419189453,True,CALL,2026-09-18,DELL
DELL260918C00120000,120.0,18.5,17.35,19.4,1.0,516.0,0.5148363946533203,False,CALL,2026-09-18,DELL
DELL260918C00125000,125.0,16.02,15.3,17.4,2.0,404.0,0.5119067364501952,False,CALL,2026-09-18,DELL
DELL260918C00130000,130.0,14.0,13.35,14.55,5.0,517.0,0.5101367346191408,False,CALL,2026-09-18,DELL
DELL260918C00135000,135.0,12.2,11.75,13.1,2.0,266.0,0.5131274273681641,False,CALL,2026-09-18,DELL
DELL260918C00140000,140.0,11.29,9.95,12.15,7.0,160.0,0.5255174401855469,False,CALL,2026-09-18,DELL
DELL260918C00145000,145.0,9.55,8.95,10.8,15.0,236.0,0.5233812310791015,False,CALL,2026-09-18,DELL
DELL260918C00150000,150.0,8.5,7.6,8.95,1.0,531.0,0.5031787963867188,False,CALL,2026-09-18,DELL
DELL260918P00085000,85.0,4.9,4.25,5.0,2.0,261.0,0.5017139672851563,False,PUT,2026-09-18,DELL
DELL260918P00090000,90.0,6.6,5.6,6.35,1.0,2629.0,0.5117846673583983,False,PUT,2026-09-18,DELL
DELL260918P00095000,95.0,7.2,6.9,7.8,4.0,2575.0,0.5016529327392578,False,PUT,2026-09-18,DELL
DELL260918P00100000,100.0,9.34,8.7,10.1,10.0,1064.0,0.512578116455078,False,PUT,2026-09-18,DELL
DELL260918P00105000,105.0,11.85,10.65,12.15,350.0,2683.0,0.5073291455078125,False,PUT,2026-09-18,DELL
DELL260918P00110000,110.0,13.31,12.6,14.6,11.0,1570.0,0.5073901800537108,False,PUT,2026-09-18,DELL
DELL260918P00115000,115.0,16.98,15.25,17.2,1.0,540.0,0.5054370745849608,False,PUT,2026-09-18,DELL
DELL260918P00120000,120.0,20.04,17.9,19.55,2.0,1571.0,0.49112447357177735,True,PUT,2026-09-18,DELL
DELL260918P00125000,125.0,21.87,20.75,22.7,1.0,1174.0,0.49310809631347663,True,PUT,2026-09-18,DELL
DELL260918P00130000,130.0,24.9,23.95,25.9,10.0,2217.0,0.49133809448242194,True,PUT,2026-09-18,DELL
DELL260918P00135000,135.0,26.95,26.95,29.3,2.0,338.0,0.49017843811035167,True,PUT,2026-09-18,DELL
DELL260918P00140000,140.0,33.42,30.7,32.65,2.0,619.0,0.48312894805908213,True,PUT,2026-09-18,DELL
DELL260918P00145000,145.0,34.4,34.4,36.55,1.0,850.0,0.4870046417236329,True,PUT,2026-09-18,DELL
DELL260918P00150000,150.0,33.5,38.2,40.5,2.0,204.0,0.4885915399169922,True,PUT,2026-09-18,DELL
DELL261218C00085000,85.0,38.65,38.5,42.2,10.0,79.0,0.5247850256347657,True,CALL,2026-12-18,DELL
DELL261218C00090000,90.0,36.89,35.1,38.5,6.0,130.0,0.5138598419189453,True,CALL,2026-12-18,DELL
DELL261218C00095000,95.0,33.75,32.15,35.5,1.0,149.0,0.5148974291992188,True,CALL,2026-12-18,DELL
DELL261218C00100000,100.0,29.94,30.6,32.6,7.0,694.0,0.5302171002197267,True,CALL,2026-12-18,DELL
DELL261218C00105000,105.0,27.74,27.3,30.4,2.0,122.0,0.5254564056396485,True,CALL,2026-12-18,DELL
DELL261218C00110000,110.0,22.25,25.4,27.05,3.0,860.0,0.5195055374145507,True,CALL,2026-12-18,DELL
DELL261218C00115000,115.0,24.25,22.65,25.05,2.0,305.0,0.5155077746582031,True,CALL,2026-12-18,DELL
DELL261218C00120000,120.0,20.84,20.6,22.0,1.0,500.0,0.5036670727539063,False,CALL,2026-12-18,DELL
DELL261218C00125000,125.0,18.12,18.45,20.95,10.0,193.0,0.5100146655273439,False,CALL,2026-12-18,DELL
DELL261218C00130000,130.0,16.7,16.7,19.25,8.0,294.0,0.5098620791625977,False,CALL,2026-12-18,DELL
DELL261218C00135000,135.0,14.9,14.6,16.8,2.0,410.0,0.5188646746826171,False,CALL,2026-12-18,DELL
DELL261218C00140000,140.0,13.33,13.7,15.75,3.0,151.0,0.5044910391235352,False,CALL,2026-12-18,DELL
DELL261218C00145000,145.0,12.0,11.65,13.95,1.0,1017.0,0.5168505346679688,False,CALL,2026-12-18,DELL
DELL261218C00150000,150.0,11.45,10.85,13.35,4.0,434.0,0.5018360363769532,False,CALL,2026-12-18,DELL
DELL261218P00085000,85.0,6.6,6.0,7.15,7.0,1025.0,0.5159960510253907,False,PUT,2026-12-18,DELL
DELL261218P00090000,90.0,8.37,7.85,8.55,23.0,2374.0,0.5043384527587891,False,PUT,2026-12-18,DELL
DELL261218P00095000,95.0,10.04,8.9,11.35,1.0,2556.0,0.5283250292968751,False,PUT,2026-12-18,DELL
DELL261218P00100000,100.0,11.0,11.2,13.2,15.0,5945.0,0.5180712255859375,False,PUT,2026-12-18,DELL
DELL261218P00105000,105.0,13.71,13.1,15.65,6.0,1914.0,0.5190172610473632,False,PUT,2026-12-18,DELL
DELL261218P00110000,110.0,18.27,15.2,17.2,14.0,988.0,0.493291199951172,False,PUT,2026-12-18,DELL
DELL261218P00115000,115.0,19.17,18.1,19.8,1.0,1014.0,0.48956809265136725,False,PUT,2026-12-18,DELL
DELL261218P00120000,120.0,22.25,20.05,23.75,1.0,2151.0,0.5128222546386718,True,PUT,2026-12-18,DELL
DELL261218P00125000,125.0,24.62,23.5,25.4,1.0,205.0,0.4793142889404296,True,PUT,2026-12-18,DELL
DELL261218P00130000,130.0,25.85,27.1,29.6,15.0,322.0,0.5002186209106446,True,PUT,2026-12-18,DELL
DELL261218P00135000,135.0,29.65,29.8,33.0,2.0,3309.0,0.4996387927246094,True,PUT,2026-12-18,DELL
DELL261218P00140000,140.0,33.8,32.55,35.15,2.0,138.0,0.4674125524902344,True,PUT,2026-12-18,DELL
DELL261218P00145000,145.0,37.5,36.75,40.0,1.0,71.0,0.49384051086425784,True,PUT,2026-12-18,DELL
DELL261218P00150000,150.0,41.09,39.6,43.45,2.0,92.0,0.485356708984375,True,PUT,2026-12-18,DELL
DELL270115C00085000,85.0,42.0,40.1,42.8,10.0,161.0,0.5390671093750001,True,CALL,2027-01-15,DELL
DELL270115C00090000,90.0,38.7,36.95,39.5,17.0,430.0,0.5350388293457031,True,CALL,2027-01-15,DELL
DELL270115C00095000,95.0,32.85,32.9,35.0,1.0,82.0,0.526097268371582,True,CALL,2027-01-15,DELL
DELL270115C00100000,100.0,31.6,31.1,33.6,2.0,621.0,0.5278977874755859,True,CALL,2027-01-15,DELL
DELL270115C00105000,105.0,30.0,27.15,30.5,3.0,790.0,0.5035144863891602,True,CALL,2027-01-15,DELL
DELL270115C00110000,110.0,26.0,26.05,28.5,102.0,509.0,0.5229234719848632,True,CALL,2027-01-15,DELL
DELL270115C00115000,115.0,24.9,23.3,25.8,23.0,497.0,0.5104419073486328,True,CALL,2027-01-15,DELL
DELL270115C00120000,120.0,22.4,21.45,23.9,11.0,1922.0,0.5136462210083007,False,CALL,2027-01-15,DELL
DELL270115C00125000,125.0,20.6,19.4,21.9,18.0,2125.0,0.5100146655273439,False,CALL,2027-01-15,DELL
DELL270115C00130000,130.0,18.5,17.5,20.1,3.0,2250.0,0.5070239727783203,False,CALL,2027-01-15,DELL
DELL270115C00135000,135.0,16.75,16.15,17.0,3.0,513.0,0.5021412091064454,False,CALL,2027-01-15,DELL
DELL270115C00140000,140.0,14.53,14.25,16.5,1.0,2158.0,0.5226182992553711,False,CALL,2027-01-15,DELL
DELL270115C00145000,145.0,13.23,12.4,15.4,1.0,351.0,0.5276536492919923,False,CALL,2027-01-15,DELL
DELL270115C00150000,150.0,12.84,11.65,13.25,21.0,3715.0,0.5071460418701172,False,CALL,2027-01-15,DELL
DELL270115P00085000,85.0,6.9,6.4,8.2,1.0,4728.0,0.500005,False,PUT,2027-01-15,DELL
DELL270115P00090000,90.0,8.5,8.0,9.85,2.0,3691.0,0.5224046783447265,False,PUT,2027-01-15,DELL
DELL270115P00095000,95.0,10.15,9.6,11.0,8.0,1562.0,0.4973194799804688,False,PUT,2027-01-15,DELL
DELL270115P00100000,100.0,12.1,11.85,13.85,5.0,5383.0,0.5136767382812499,False,PUT,2027-01-15,DELL
DELL270115P00105000,105.0,14.3,13.6,16.2,1.0,2317.0,0.5113269082641602,False,PUT,2027-01-15,DELL
DELL270115P00110000,110.0,17.1,16.05,17.3,4.0,2477.0,0.47559118164062497,False,PUT,2027-01-15,DELL
DELL270115P00115000,115.0,19.5,18.7,20.0,5.0,2333.0,0.474187387084961,False,PUT,2027-01-15,DELL
DELL270115P00120000,120.0,22.69,21.7,24.25,11.0,3210.0,0.503056727294922,True,PUT,2027-01-15,DELL
DELL270115P00125000,125.0,24.8,24.0,27.1,1.0,1576.0,0.4968922381591797,True,PUT,2027-01-15,DELL
DELL270115P00130000,130.0,27.7,27.65,30.15,1.0,1806.0,0.49182637084960945,True,PUT,2027-01-15,DELL
DELL270115P00135000,135.0,31.5,30.3,33.4,1.0,286.0,0.4880422290039063,True,PUT,2027-01-15,DELL
DELL270115P00140000,140.0,34.32,33.6,36.8,1.0,580.0,0.48456325988769533,True,PUT,2027-01-15,DELL
DELL270115P00145000,145.0,33.2,37.3,40.4,4.0,233.0,0.4826406716918946,True,PUT,2027-01-15,DELL
DELL270115P00150000,150.0,38.2,40.2,43.9,2.0,1081.0,0.4758353198242187,True,PUT,2027-01-15,DELL
DELL270617C00085000,85.0,41.8,42.0,45.5,1.0,8.0,0.5103198382568359,True,CALL,2027-06-17,DELL
DELL270617C00090000,90.0,37.5,39.0,43.0,10.0,26.0,0.5136767382812499,True,CALL,2027-06-17,DELL
DELL270617C00095000,95.0,40.47,36.5,40.0,38.0,10.0,0.5125475991821288,True,CALL,2027-06-17,DELL
DELL270617C00100000,100.0,35.24,34.0,37.5,1.0,40.0,0.5131579446411132,True,CALL,2027-06-17,DELL
DELL270617C00105000,105.0,32.43,31.0,35.0,8.0,11.0,0.5052539709472657,True,CALL,2027-06-17,DELL
DELL270617C00110000,110.0,28.99,28.5,32.5,1.0,6.0,0.539189178466797,True,CALL,2027-06-17,DELL
DELL270617C00115000,115.0,28.0,26.75,29.7,1.0,38.0,0.5242051974487304,True,CALL,2027-06-17,DELL
DELL270617C00120000,120.0,27.12,24.6,28.25,2.0,120.0,0.53281106842041,False,CALL,2027-06-17,DELL
DELL270617C00125000,125.0,24.83,22.9,25.85,4.0,20.0,0.5211839874267576,False,CALL,2027-06-17,DELL
DELL270617C00130000,130.0,24.4,21.55,24.5,1.0,76.0,0.5268602001953125,False,CALL,2027-06-17,DELL
DELL270617C00135000,135.0,20.7,19.0,22.95,501.0,1654.0,0.5268296829223633,False,CALL,2027-06-17,DELL
DELL270617C00140000,140.0,19.9,18.1,21.5,1.0,207.0,0.5267076138305665,False,CALL,2027-06-17,DELL
DELL270617C00145000,145.0,16.61,16.0,20.15,1.0,53.0,0.5266465792846681,False,CALL,2027-06-17,DELL
DELL270617C00150000,150.0,15.9,15.0,18.95,3.0,39.0,0.5276536492919923,False,CALL,2027-06-17,DELL
DELL270617P00085000,85.0,9.8,7.55,10.55,19.0,499.0,0.5037891418457032,False,PUT,2027-06-17,DELL
DELL270617P00090000,90.0,11.3,9.9,12.35,2.0,544.0,0.4968922381591797,False,PUT,2027-06-17,DELL
DELL270617P00095000,95.0,13.11,11.55,14.35,1.0,1130.0,0.4911549908447266,False,PUT,2027-06-17,DELL
DELL270617P00100000,100.0,16.71,14.05,17.2,10.0,723.0,0.5003712072753908,False,PUT,2027-06-17,DELL
DELL270617P00105000,105.0,19.55,16.05,19.5,260.0,696.0,0.4940541317749024,False,PUT,2027-06-17,DELL
DELL270617P00110000,110.0,19.8,18.65,21.2,60.0,814.0,0.4732413516235352,False,PUT,2027-06-17,DELL
DELL270617P00115000,115.0,23.35,21.0,24.65,1.0,35.0,0.4840749835205078,False,PUT,2027-06-17,DELL
DELL270617P00120000,120.0,25.58,23.5,28.0,4.0,15.0,0.4897511962890626,True,PUT,2027-06-17,DELL
DELL270617P00125000,125.0,28.35,26.5,31.0,2.0,289.0,0.48624170989990234,True,PUT,2027-06-17,DELL
DELL270617P00130000,130.0,32.1,30.0,33.5,1.0,151.0,0.47137979797363283,True,PUT,2027-06-17,DELL
DELL270617P00135000,135.0,35.35,32.95,37.5,1.0,12.0,0.48163360168457037,True,PUT,2027-06-17,DELL
DELL270617P00140000,140.0,33.12,36.0,40.45,2.0,5.0,0.4707694525146484,True,PUT,2027-06-17,DELL
DELL270917C00095000,95.0,39.91,38.5,42.2,1.0,8.0,0.5147143255615234,True,CALL,2027-09-17,DELL
DELL270917C00100000,100.0,34.25,36.25,39.5,22.0,13.0,0.5136767382812499,True,CALL,2027-09-17,DELL
DELL270917C00105000,105.0,31.85,33.0,37.0,,5.0,0.5022632781982423,True,CALL,2027-09-17,DELL
DELL270917C00110000,110.0,33.8,30.7,35.0,,13.0,0.5022632781982423,True,CALL,2027-09-17,DELL
DELL270917C00115000,115.0,28.48,28.5,32.5,1.0,3.0,0.5318345156860352,True,CALL,2027-09-17,DELL
DELL270917C00120000,120.0,30.9,26.5,30.95,,1.0,0.5369919348144532,False,CALL,2027-09-17,DELL
DELL270917C00125000,125.0,26.18,25.0,28.05,2.0,31.0,0.5168505346679688,False,CALL,2027-09-17,DELL
DELL270917C00130000,130.0,25.4,23.5,26.0,2.0,14.0,0.5098315618896485,False,CALL,2027-09-17,DELL
DELL270917C00135000,135.0,24.52,22.0,25.5,1.0,25.0,0.5271653729248047,False,CALL,2027-09-17,DELL
DELL270917C00140000,140.0,22.18,20.25,23.4,1.0,2.0,0.5160265682983399,False,CALL,2027-09-17,DELL
DELL270917C00145000,145.0,17.1,18.8,23.0,1.0,2.0,0.5317124465942383,False,CALL,2027-09-17,DELL
DELL270917C00150000,150.0,19.27,17.0,21.35,1.0,13.0,0.5252427847290039,False,CALL,2027-09-17,DELL
DELL270917P00085000,85.0,10.85,9.3,12.55,2.0,494.0,0.5105639764404297,False,PUT,2027-09-17,DELL
DELL270917P00090000,90.0,12.7,11.95,14.5,3.0,657.0,0.5042774182128906,False,PUT,2027-09-17,DELL
DELL270917P00095000,95.0,14.75,13.2,17.15,3.0,15.0,0.5096179409790039,False,PUT,2027-09-17,DELL
DELL270917P00100000,100.0,18.5,16.25,19.25,150.0,270.0,0.5004627590942383,False,PUT,2027-09-17,DELL
DELL270917P00105000,105.0,21.0,17.65,21.8,96.0,110.0,0.49762465270996104,False,PUT,2027-09-17,DELL
DELL270917P00110000,110.0,21.8,20.1,24.3,1.0,9.0,0.4914296463012696,False,PUT,2027-09-17,DELL
DELL270917P00115000,115.0,24.33,22.5,26.5,2.0,11.0,0.4777884252929688,False,PUT,2027-09-17,DELL
DELL270917P00120000,120.0,26.25,25.55,29.35,,8.0,0.4736991107177735,True,PUT,2027-09-17,DELL
DELL270917P00125000,125.0,29.0,28.5,32.7,2.0,156.0,0.47604894073486326,True,PUT,2027-09-17,DELL
DELL270917P00130000,130.0,33.05,31.5,36.0,2.0,2.0,0.47546911254882807,True,PUT,2027-09-17,DELL
DELL270917P00135000,135.0,33.75,34.5,39.0,2.0,1.0,0.4679923806762696,True,PUT,2027-09-17,DELL
DELL271217C00085000,85.0,47.2,45.0,48.55,10.0,115.0,0.5033008654785156,True,CALL,2027-12-17,DELL
DELL271217C00090000,90.0,44.7,42.0,46.5,1.0,71.0,0.5062915582275391,True,CALL,2027-12-17,DELL
DELL271217C00095000,95.0,46.4,40.0,43.5,2.0,451.0,0.5063831100463867,True,CALL,2027-12-17,DELL
DELL271217C00100000,100.0,39.7,38.5,40.9,2.0,1235.0,0.5119677709960937,True,CALL,2027-12-17,DELL
DELL271217C00105000,105.0,33.9,35.0,38.75,10.0,787.0,0.5008900009155274,True,CALL,2027-12-17,DELL
DELL271217C00110000,110.0,34.99,32.5,36.5,43.0,111.0,0.5302171002197267,True,CALL,2027-12-17,DELL
DELL271217C00115000,115.0,32.0,30.5,34.55,1.0,451.0,0.5296067547607424,True,CALL,2027-12-17,DELL
DELL271217C00120000,120.0,29.65,29.0,32.65,5.0,139.0,0.5279588220214844,False,CALL,2027-12-17,DELL
DELL271217C00125000,125.0,29.3,27.0,29.55,1.0,130.0,0.5054065573120117,False,CALL,2027-12-17,DELL
DELL271217C00130000,130.0,26.51,25.05,29.4,2.0,320.0,0.5286607192993166,False,CALL,2027-12-17,DELL
DELL271217C00135000,135.0,26.75,23.5,26.95,2.0,23.0,0.5137682901000976,False,CALL,2027-12-17,DELL
DELL271217C00140000,140.0,24.2,22.0,26.0,4.0,282.0,0.5211229528808592,False,CALL,2027-12-17,DELL
DELL271217C00145000,145.0,23.12,21.0,24.45,2.0,537.0,0.5177660528564454,False,CALL,2027-12-17,DELL
DELL271217C00150000,150.0,22.12,19.35,22.0,7.0,297.0,0.49930310272216794,False,CALL,2027-12-17,DELL
DELL271217P00085000,85.0,13.0,11.5,14.4,1.0,181.0,0.5157824301147461,False,PUT,2027-12-17,DELL
DELL271217P00090000,90.0,13.71,12.65,16.1,1.0,3045.0,0.5022937954711916,False,PUT,2027-12-17,DELL
DELL271217P00095000,95.0,16.61,14.75,18.05,3.0,1065.0,0.4920399917602539,False,PUT,2027-12-17,DELL
DELL271217P00100000,100.0,17.25,16.7,19.8,19.0,3030.0,0.47626256164550784,False,PUT,2027-12-17,DELL
DELL271217P00105000,105.0,20.6,19.5,22.5,1.0,439.0,0.4758963543701171,False,PUT,2027-12-17,DELL
DELL271217P00110000,110.0,25.05,21.55,26.0,3.0,311.0,0.4866994689941406,False,PUT,2027-12-17,DELL
DELL271217P00115000,115.0,26.0,24.1,27.7,6.0,289.0,0.46487961883544926,False,PUT,2027-12-17,DELL
DELL271217P00120000,120.0,28.5,28.5,29.55,2.0,714.0,0.4444940805053711,True,PUT,2027-12-17,DELL
DELL271217P00125000,125.0,25.8,30.0,33.45,2.0,552.0,0.45535822967529294,True,PUT,2027-12-17,DELL
DELL271217P00130000,130.0,33.48,33.15,37.35,10.0,502.0,0.4640861697387696,True,PUT,2027-12-17,DELL
DELL271217P00135000,135.0,37.9,0.0,0.0,4.0,47.0,1.0000000000000003e-05,True,PUT,2027-12-17,DELL
DELL271217P00140000,140.0,31.25,0.0,0.0,1.0,74.0,1.0000000000000003e-05,True,PUT,2027-12-17,DELL
DELL271217P00145000,145.0,30.35,37.0,40.5,1.0,31.0,0.34696087615966786,True,PUT,2027-12-17,DELL
DELL271217P00150000,150.0,47.0,46.0,50.5,2.0,408.0,0.4444940805053711,True,PUT,2027-12-17,DELL
DELL280121C00085000,85.0,48.52,45.5,49.7,1.0,9.0,0.5083667327880859,True,CALL,2028-01-21,DELL
DELL280121C00090000,90.0,43.55,43.0,45.7,2.0,57.0,0.5225877819824218,True,CALL,2028-01-21,DELL
DELL280121C00095000,95.0,42.0,41.25,43.7,2.0,28.0,0.5075732836914062,True,CALL,2028-01-21,DELL
DELL280121C00100000,100.0,39.52,38.0,41.95,1.0,145.0,0.5043384527587891,True,CALL,2028-01-21,DELL
DELL280121C00105000,105.0,33.95,35.5,39.5,3.0,7.0,0.5340317593383789,True,CALL,2028-01-21,DELL
DELL280121C00110000,110.0,35.75,34.25,36.55,2.0,176.0,0.5180712255859375,True,CALL,2028-01-21,DELL
DELL280121C00115000,115.0,33.75,31.0,35.5,1.0,73.0,0.5321702056884765,True,CALL,2028-01-21,DELL
DELL280121C00120000,120.0,31.63,29.5,33.5,5.0,460.0,0.5286302020263673,False,CALL,2028-01-21,DELL
DELL280121C00125000,125.0,29.5,27.65,31.4,1.0,130.0,0.5220384710693358,False,CALL,2028-01-21,DELL
DELL280121C00130000,130.0,26.63,26.0,28.85,5.0,336.0,0.5071765591430665,False,CALL,2028-01-21,DELL
DELL280121C00135000,135.0,26.5,25.75,27.2,1.0,548.0,0.5049793154907226,False,CALL,2028-01-21,DELL
DELL280121C00140000,140.0,25.27,23.0,26.2,7.0,242.0,0.5113879428100586,False,CALL,2028-01-21,DELL
DELL280121C00145000,145.0,23.7,21.6,25.0,12.0,236.0,0.5134020828247069,False,CALL,2028-01-21,DELL
DELL280121C00150000,150.0,21.82,20.15,22.6,2.0,280.0,0.49612930633544927,False,CALL,2028-01-21,DELL
DELL280121P00085000,85.0,12.9,10.7,14.3,2.0,312.0,0.5010425872802735,False,PUT,2028-01-21,DELL
DELL280121P00090000,90.0,14.85,13.9,16.25,2.0,1024.0,0.4929860272216797,False,PUT,2028-01-21,DELL
DELL280121P00095000,95.0,17.05,14.9,18.2,3.0,619.0,0.48279325805664064,False,PUT,2028-01-21,DELL
DELL280121P00100000,100.0,19.2,17.3,19.85,1.0,966.0,0.4655204815673829,False,PUT,2028-01-21,DELL
DELL280121P00105000,105.0,21.77,19.5,23.0,8.0,1232.0,0.47281410980224614,False,PUT,2028-01-21,DELL
DELL280121P00110000,110.0,23.91,21.95,25.55,30.0,1357.0,0.4672904833984375,False,PUT,2028-01-21,DELL
DELL280121P00115000,115.0,26.35,24.55,28.25,10.0,84.0,0.46234668518066413,False,PUT,2028-01-21,DELL
DELL280121P00120000,120.0,28.9,27.0,30.75,150.0,689.0,0.4524896060180664,True,PUT,2028-01-21,DELL
DELL280121P00125000,125.0,31.19,30.0,34.0,4.0,384.0,0.45273374420166024,True,PUT,2028-01-21,DELL
DELL280121P00130000,130.0,36.54,33.0,38.0,1.0,350.0,0.4626823751831055,True,PUT,2028-01-21,DELL
DELL280121P00135000,135.0,37.3,36.65,40.95,2.0,205.0,0.4548699533081054,True,PUT,2028-01-21,DELL
DELL280121P00140000,140.0,42.15,39.9,43.5,1.0,451.0,0.4396113168334961,True,PUT,2028-01-21,DELL
DELL280121P00145000,145.0,45.45,43.05,46.55,2.0,516.0,0.4305171694946289,True,PUT,2028-01-21,DELL
DELL280121P00150000,150.0,51.5,46.5,51.0,5.0,126.0,0.4411982150268554,True,PUT,2028-01-21,DELL
DELL281215C00090000,90.0,47.5,47.5,51.5,2.0,2.0,0.5286912365722658,True,CALL,2028-12-15,DELL
DELL281215C00110000,110.0,40.0,39.35,42.5,4.0,6.0,0.5133410482788084,True,CALL,2028-12-15,DELL
DELL281215C00115000,115.0,38.0,37.0,41.5,1.0,21.0,0.5239305419921875,True,CALL,2028-12-15,DELL
DELL281215C00120000,120.0,39.3,36.15,38.6,1.0,18.0,0.506840869140625,False,CALL,2028-12-15,DELL
DELL281215C00125000,125.0,35.21,34.05,36.5,2.0,6.0,0.500005,False,CALL,2028-12-15,DELL
DELL281215C00140000,140.0,32.27,29.0,33.0,,1.0,0.510472424621582,False,CALL,2028-12-15,DELL
DELL281215C00150000,150.0,27.53,26.0,30.0,1.0,3.0,0.5042774182128906,False,CALL,2028-12-15,DELL
DELL281215P00090000,90.0,18.06,16.55,20.85,3.0,453.0,0.4842886044311524,False,PUT,2028-12-15,DELL
DELL281215P00100000,100.0,23.25,21.8,24.5,2.0,3.0,0.45523616058349614,False,PUT,2028-12-15,DELL
DIS260130C00095000,95.0,15.04,14.5,16.45,1.0,4.0,1.2636755566406248,True,CALL,2026-01-30,DIS
DIS260130C00099000,99.0,11.17,10.5,12.25,20.0,32.0,1.0000000000000003e-05,True,CALL,2026-01-30,DIS
DIS260130C00100000,100.0,9.53,10.15,11.25,1.0,48.0,1.0000000000000003e-05,True,CALL,2026-01-30,DIS
DIS260130C00103000,103.0,6.86,6.8,8.3,6.0,1.0,0.507817421875,True,CALL,2026-01-30,DIS
DIS260130C00104000,104.0,6.37,6.1,7.25,7.0,2.0,1.0000000000000003e-05,True,CALL,2026-01-30,DIS
DIS260130C00105000,105.0,4.6,4.55,6.3,1.0,36.0,0.398443515625,True,CALL,2026-01-30,DIS
DIS260130C00106000,106.0,4.37,3.6,5.25,2.0,17.0,1.0000000000000003e-05,True,CALL,2026-01-30,DIS
DIS260130C00107000,107.0,3.4,3.15,4.65,13.0,34.0,0.5410202148437502,True,CALL,2026-01-30,DIS
DIS260130C00108000,108.0,2.85,2.79,3.15,49.0,130.0,1.0000000000000003e-05,True,CALL,2026-01-30,DIS
DIS260130C00109000,109.0,1.92,1.8,2.24,124.0,187.0,1.0000000000000003e-05,True,CALL,2026-01-30,DIS
DIS260130C00110000,110.0,1.24,1.2,1.43,676.0,526.0,0.180672255859375,True,CALL,2026-01-30,DIS
DIS260130C00111000,111.0,0.62,0.6,0.75,496.0,906.0,0.18457846679687498,True,CALL,2026-01-30,DIS
DIS260130C00112000,112.0,0.27,0.29,0.33,585.0,1300.0,0.19043778320312502,False,CALL,2026-01-30,DIS
DIS260130C00113000,113.0,0.12,0.09,0.15,169.0,1298.0,0.21094539062499998,False,CALL,2026-01-30,DIS
DIS260130C00114000,114.0,0.06,0.05,0.06,124.0,2984.0,0.22461712890624996,False,CALL,2026-01-30,DIS
DIS260130C00115000,115.0,0.03,0.02,0.04,162.0,1731.0,0.2617261328125,False,CALL,2026-01-30,DIS
DIS260130C00116000,116.0,0.02,0.01,0.03,149.0,2144.0,0.3007882421875,False,CALL,2026-01-30,DIS
DIS260130C00117000,117.0,0.04,0.01,0.06,40.0,2158.0,0.39649041015625003,False,CALL,2026-01-30,DIS
DIS260130C00118000,118.0,0.01,0.0,0.01,32.0,764.0,0.3437565625,False,CALL,2026-01-30,DIS
DIS260130C00119000,119.0,0.02,0.0,0.04,30.0,1317.0,0.4687553125,False,CALL,2026-01-30,DIS
DIS260130C00120000,120.0,0.01,0.0,0.01,24.0,7103.0,0.42188078125,False,CALL,2026-01-30,DIS
DIS260130C00121000,121.0,0.05,0.0,0.1,1.0,183.0,0.5820354296875,False,CALL,2026-01-30,DIS
DIS260130C00122000,122.0,0.01,0.0,2.13,4.0,89.0,1.3232455712890623,False,CALL,2026-01-30,DIS
DIS260130C00123000,123.0,0.01,0.0,0.53,11.0,377.0,0.9335944140625,False,CALL,2026-01-30,DIS
DIS260130C00124000,124.0,0.11,0.0,2.12,1.0,15.0,1.4638698681640623,False,CALL,2026-01-30,DIS
DIS260130C00125000,125.0,0.01,0.0,0.02,10.0,283.0,0.6250037500000001,False,CALL,2026-01-30,DIS
DIS260130C00126000,126.0,0.01,0.0,2.12,23.0,32.0,1.5996113769531248,False,CALL,2026-01-30,DIS
DIS260130C00127000,127.0,0.15,0.0,2.12,,1.0,1.6650407373046878,False,CALL,2026-01-30,DIS
DIS260130C00128000,128.0,0.01,0.0,2.12,1.0,3.0,1.7294935400390625,False,CALL,2026-01-30,DIS
DIS260130C00129000,129.0,0.14,0.0,0.22,2.0,16.0,1.0625046875000002,False,CALL,2026-01-30,DIS
DIS260130C00130000,130.0,0.01,0.0,0.02,1.0,14.0,0.79687703125,False,CALL,2026-01-30,DIS
DIS260130C00135000,135.0,0.08,0.0,2.12,2.0,22.0,2.150395249023437,False,CALL,2026-01-30,DIS
DIS260130C00140000,140.0,0.03,0.0,0.03,,10.0,1.1875040625,False,CALL,2026-01-30,DIS
DIS260130P00080000,80.0,0.02,0.0,2.13,1.0,1.0,3.4121108447265627,False,PUT,2026-01-30,DIS
DIS260130P00090000,90.0,0.01,0.0,0.05,20.0,89.0,1.203128984375,False,PUT,2026-01-30,DIS
DIS260130P00095000,95.0,0.05,0.0,2.13,2.0,11.0,1.97265638671875,False,PUT,2026-01-30,DIS
DIS260130P00096000,96.0,0.01,0.0,2.13,25.0,27.0,1.8808599707031248,False,PUT,2026-01-30,DIS
DIS260130P00099000,99.0,0.01,0.0,0.75,2.0,3.0,1.171879140625,False,PUT,2026-01-30,DIS
DIS260130P00100000,100.0,0.01,0.0,0.25,62.0,278.0,0.8535170898437501,False,PUT,2026-01-30,DIS
DIS260130P00101000,101.0,0.06,0.0,0.6,73.0,102.0,0.9609378906249999,False,PUT,2026-01-30,DIS
DIS260130P00102000,102.0,0.1,0.0,0.25,6.0,42.0,0.7226590234375,False,PUT,2026-01-30,DIS
DIS260130P00103000,103.0,0.02,0.01,0.08,1.0,387.0,0.5429733203125001,False,PUT,2026-01-30,DIS
DIS260130P00104000,104.0,0.06,0.01,0.05,1.0,1063.0,0.49609878906250005,False,PUT,2026-01-30,DIS
DIS260130P00105000,105.0,0.02,0.01,0.04,93.0,1196.0,0.41797457031249996,False,PUT,2026-01-30,DIS
DIS260130P00106000,106.0,0.04,0.03,0.05,96.0,1495.0,0.37500625,False,PUT,2026-01-30,DIS
DIS260130P00107000,107.0,0.07,0.03,0.08,90.0,325.0,0.34961587890624996,False,PUT,2026-01-30,DIS
DIS260130P00108000,108.0,0.08,0.06,0.13,107.0,930.0,0.32031929687499994,False,PUT,2026-01-30,DIS
DIS260130P00109000,109.0,0.17,0.15,0.25,246.0,2087.0,0.30762411132812495,False,PUT,2026-01-30,DIS
DIS260130P00110000,110.0,0.43,0.33,0.41,1060.0,1940.0,0.27735097656249996,False,PUT,2026-01-30,DIS
DIS260130P00111000,111.0,0.94,0.7,1.05,82.0,2785.0,0.35938140625,False,PUT,2026-01-30,DIS
DIS260130P00112000,112.0,1.61,1.3,1.86,57.0,419.0,0.44482977050781247,True,PUT,2026-01-30,DIS
DIS260130P00113000,113.0,2.18,2.09,2.73,21.0,360.0,0.5224657128906249,True,PUT,2026-01-30,DIS
DIS260130P00114000,114.0,3.42,3.0,3.9,18.0,133.0,0.5283250292968751,True,PUT,2026-01-30,DIS
DIS260130P00115000,115.0,4.33,3.85,5.55,3.0,102.0,0.7138700488281251,True,PUT,2026-01-30,DIS
DIS260130P00116000,116.0,5.5,4.8,6.5,1.0,19.0,0.7861349511718749,True,PUT,2026-01-30,DIS
DIS260130P00117000,117.0,8.05,5.75,7.5,1.0,0.0,0.8623060644531251,True,PUT,2026-01-30,DIS
DIS260130P00118000,118.0,8.02,6.75,8.5,21.0,0.0,0.9438482177734374,True,PUT,2026-01-30,DIS
DIS260130P00119000,119.0,8.48,7.7,9.5,21.0,0.0,1.01172369140625,True,PUT,2026-01-30,DIS
DIS260130P00120000,120.0,8.8,8.65,10.5,21.0,0.0,1.076176494140625,True,PUT,2026-01-30,DIS
DIS260130P00121000,121.0,9.8,9.65,11.5,3.0,0.0,1.1494183154296875,True,PUT,2026-01-30,DIS
DIS260130P00122000,122.0,10.73,10.65,12.5,21.0,0.0,1.220707021484375,True,PUT,2026-01-30,DIS
DIS260130P00123000,123.0,12.97,10.95,13.7,16.0,0.0,1.15625421875,True,PUT,2026-01-30,DIS
DIS260130P00124000,124.0,12.43,12.45,14.5,27.0,0.0,1.3046909765624997,True,PUT,2026-01-30,DIS
DIS260130P00125000,125.0,11.48,12.3,16.25,,0.0,1.2509803076171875,True,PUT,2026-01-30,DIS
DIS260130P00126000,126.0,12.15,13.25,17.2,,0.0,1.2783239208984374,True,PUT,2026-01-30,DIS
DIS260130P00127000,127.0,13.23,14.65,18.2,1.0,0.0,1.46484642578125,True,PUT,2026-01-30,DIS
DIS260130P00130000,130.0,18.35,17.45,21.2,,0.0,1.5761739941406248,True,PUT,2026-01-30,DIS
DIS260206C00085000,85.0,27.65,24.65,26.7,2.0,41.0,1.1005904345703126,True,CALL,2026-02-06,DIS
DIS260206C00095000,95.0,18.33,14.9,16.85,10.0,10.0,0.778322529296875,True,CALL,2026-02-06,DIS
DIS260206C00096000,96.0,15.51,14.6,15.45,1.0,45.0,0.5625043750000001,True,CALL,2026-02-06,DIS
DIS260206C00099000,99.0,13.83,11.2,13.15,,8.0,0.708010732421875,True,CALL,2026-02-06,DIS
DIS260206C00100000,100.0,10.67,10.3,11.8,5.0,92.0,0.5678754150390625,True,CALL,2026-02-06,DIS
DIS260206C00101000,101.0,10.15,9.45,11.15,,1.0,0.62305064453125,True,CALL,2026-02-06,DIS
DIS260206C00104000,104.0,7.4,7.45,8.55,3.0,42.0,0.5756878369140624,True,CALL,2026-02-06,DIS
DIS260206C00105000,105.0,7.55,7.3,7.7,182.0,34.0,0.5183153637695312,True,CALL,2026-02-06,DIS
DIS260206C00106000,106.0,9.02,6.6,7.0,1.0,4.0,0.523442265625,True,CALL,2026-02-06,DIS
DIS260206C00107000,107.0,6.23,5.95,6.35,4.0,25.0,0.5297898583984376,True,CALL,2026-02-06,DIS
DIS260206C00108000,108.0,5.43,5.2,5.65,3.0,27.0,0.51758294921875,True,CALL,2026-02-06,DIS
DIS260206C00109000,109.0,4.83,4.75,5.0,7.0,18.0,0.5258836474609375,True,CALL,2026-02-06,DIS
DIS260206C00110000,110.0,4.16,4.2,4.45,179.0,236.0,0.5273484765625001,True,CALL,2026-02-06,DIS
DIS260206C00111000,111.0,3.75,3.65,3.9,378.0,517.0,0.5227098510742187,True,CALL,2026-02-06,DIS
DIS260206C00112000,112.0,3.3,3.2,3.35,959.0,1033.0,0.5190477783203125,False,CALL,2026-02-06,DIS
DIS260206C00113000,113.0,2.89,2.74,2.92,90.0,251.0,0.5168505346679688,False,CALL,2026-02-06,DIS
DIS260206C00114000,114.0,2.39,2.34,2.49,335.0,403.0,0.5127001855468749,False,CALL,2026-02-06,DIS
DIS260206C00115000,115.0,2.05,1.94,2.08,910.0,972.0,0.5039112109375,False,CALL,2026-02-06,DIS
DIS260206C00116000,116.0,1.73,1.64,1.79,9.0,215.0,0.5053760400390624,False,CALL,2026-02-06,DIS
DIS260206C00117000,117.0,1.45,1.36,1.52,39.0,641.0,0.5041553491210937,False,CALL,2026-02-06,DIS
DIS260206C00118000,118.0,1.22,1.17,1.29,76.0,319.0,0.5085498364257812,False,CALL,2026-02-06,DIS
DIS260206C00119000,119.0,0.97,0.93,1.08,76.0,204.0,0.5043994873046875,False,CALL,2026-02-06,DIS
DIS260206C00120000,120.0,0.84,0.84,0.85,368.0,1035.0,0.5073291455078125,False,CALL,2026-02-06,DIS
DIS260206C00121000,121.0,0.71,0.6,0.72,50.0,94.0,0.5131884619140624,False,CALL,2026-02-06,DIS
DIS260206C00122000,122.0,0.56,0.5,0.59,23.0,132.0,0.5004932763671875,False,CALL,2026-02-06,DIS
DIS260206C00123000,123.0,0.47,0.44,0.5,20.0,217.0,0.5092822509765625,False,CALL,2026-02-06,DIS
DIS260206C00124000,124.0,0.37,0.14,0.46,16.0,50.0,0.5351608984375,False,CALL,2026-02-06,DIS
DIS260206C00125000,125.0,0.33,0.27,0.37,4.0,825.0,0.514653291015625,False,CALL,2026-02-06,DIS
DIS260206C00126000,126.0,0.25,0.2,0.31,31.0,40.0,0.5136767382812499,False,CALL,2026-02-06,DIS
DIS260206C00127000,127.0,0.26,0.11,0.33,2.0,77.0,0.5224657128906249,False,CALL,2026-02-06,DIS
DIS260206C00128000,128.0,0.2,0.0,0.24,4.0,12.0,0.5566450585937501,False,CALL,2026-02-06,DIS
DIS260206C00130000,130.0,0.14,0.05,0.15,2.0,153.0,0.5136767382812499,False,CALL,2026-02-06,DIS
DIS260206C00131000,131.0,0.22,0.06,0.2,1.0,12.0,0.5585981640625001,False,CALL,2026-02-06,DIS
DIS260206C00135000,135.0,0.05,0.04,0.11,1.0,53.0,0.58789474609375,False,CALL,2026-02-06,DIS
DIS260206C00140000,140.0,0.15,0.0,1.0,,6.0,0.9511723632812499,False,CALL,2026-02-06,DIS
DIS260206P00080000,80.0,0.04,0.0,0.05,10.0,227.0,0.8437515624999999,False,PUT,2026-02-06,DIS
DIS260206P00085000,85.0,0.06,0.03,0.08,4.0,437.0,0.773439765625,False,PUT,2026-02-06,DIS
DIS260206P00090000,90.0,0.14,0.06,0.14,5.0,96.0,0.6875031250000001,False,PUT,2026-02-06,DIS
DIS260206P00094000,94.0,0.29,0.22,0.35,3.0,42.0,0.6904327832031252,False,PUT,2026-02-06,DIS
DIS260206P00095000,95.0,0.31,0.26,0.32,3.0,393.0,0.65820654296875,False,PUT,2026-02-06,DIS
DIS260206P00096000,96.0,0.38,0.31,0.56,30.0,2.0,0.68555001953125,False,PUT,2026-02-06,DIS
DIS260206P00098000,98.0,0.46,0.42,0.57,2.0,92.0,0.632816171875,False,PUT,2026-02-06,DIS
DIS260206P00099000,99.0,0.58,0.51,0.65,22.0,246.0,0.622074091796875,False,PUT,2026-02-06,DIS
DIS260206P00100000,100.0,0.71,0.64,0.75,393.0,788.0,0.6162147753906251,False,PUT,2026-02-06,DIS
DIS260206P00101000,101.0,0.94,0.74,1.0,14.0,31.0,0.6206092626953126,False,PUT,2026-02-06,DIS
DIS260206P00102000,102.0,0.96,0.89,1.07,3.0,364.0,0.6035195898437502,False,PUT,2026-02-06,DIS
DIS260206P00103000,103.0,1.23,1.08,1.25,14.0,126.0,0.5991251025390626,False,PUT,2026-02-06,DIS
DIS260206P00104000,104.0,1.56,1.26,1.68,32.0,475.0,0.6123085644531252,False,PUT,2026-02-06,DIS
DIS260206P00105000,105.0,1.67,1.51,1.69,146.0,1442.0,0.586918193359375,False,PUT,2026-02-06,DIS
DIS260206P00106000,106.0,1.9,1.78,2.0,81.0,461.0,0.5854533642578125,False,PUT,2026-02-06,DIS
DIS260206P00107000,107.0,2.28,2.09,2.38,31.0,173.0,0.5874064697265625,False,PUT,2026-02-06,DIS
DIS260206P00108000,108.0,2.8,2.42,2.8,29.0,229.0,0.58789474609375,False,PUT,2026-02-06,DIS
DIS260206P00109000,109.0,3.09,2.86,3.15,131.0,217.0,0.5856975024414062,False,PUT,2026-02-06,DIS
DIS260206P00110000,110.0,3.5,3.2,3.5,75.0,588.0,0.5705609350585938,False,PUT,2026-02-06,DIS
DIS260206P00111000,111.0,3.9,3.7,4.05,154.0,916.0,0.5759319750976561,False,PUT,2026-02-06,DIS
DIS260206P00112000,112.0,4.33,4.2,4.55,13.0,538.0,0.5720257641601563,True,PUT,2026-02-06,DIS
DIS260206P00113000,113.0,5.05,4.75,5.15,9.0,1082.0,0.5732464550781251,True,PUT,2026-02-06,DIS
DIS260206P00114000,114.0,6.04,5.35,6.15,1.0,68.0,0.6020547607421877,True,PUT,2026-02-06,DIS
DIS260206P00115000,115.0,6.76,5.95,6.45,1.0,489.0,0.5739788696289063,True,PUT,2026-02-06,DIS
DIS260206P00116000,116.0,5.84,6.65,8.2,3.0,7.0,0.6586948193359375,True,PUT,2026-02-06,DIS
DIS260206P00117000,117.0,6.7,7.4,8.2,2.0,7.0,0.6084023535156251,True,PUT,2026-02-06,DIS
DIS260206P00118000,118.0,8.0,7.85,9.7,20.0,147.0,0.6489292919921875,True,PUT,2026-02-06,DIS
DIS260206P00119000,119.0,9.0,8.85,10.5,35.0,3.0,0.6748079394531252,True,PUT,2026-02-06,DIS
DIS260206P00120000,120.0,8.65,9.6,11.3,,1.0,0.6765169067382814,True,PUT,2026-02-06,DIS
DIS260206P00122000,122.0,10.8,11.35,13.05,2.0,7.0,0.7060576269531251,True,PUT,2026-02-06,DIS
DIS260206P00123000,123.0,9.65,11.95,13.95,4.0,2.0,0.6911651977539064,True,PUT,2026-02-06,DIS
DIS260206P00124000,124.0,10.5,12.85,14.85,2.0,1.0,0.7036162451171876,True,PUT,2026-02-06,DIS
DIS260206P00125000,125.0,15.58,14.05,15.8,15.0,21.0,0.752932158203125,True,PUT,2026-02-06,DIS
DIS260206P00126000,126.0,15.77,14.8,16.75,22.0,21.0,0.7504907763671875,True,PUT,2026-02-06,DIS
DIS260206P00127000,127.0,15.2,15.75,17.7,42.0,21.0,0.7695335546875001,True,PUT,2026-02-06,DIS
DIS260206P00131000,131.0,20.6,19.45,21.6,22.0,21.0,0.831056376953125,True,PUT,2026-02-06,DIS
DIS260206P00132000,132.0,20.11,20.6,22.55,42.0,11.0,0.8730481445312499,True,PUT,2026-02-06,DIS
DIS260213C00100000,100.0,10.97,10.9,12.1,6.0,30.0,0.4892629199218751,True,CALL,2026-02-13,DIS
DIS260213C00102000,102.0,9.3,9.5,10.4,15.0,6.0,0.477544287109375,True,CALL,2026-02-13,DIS
DIS260213C00103000,103.0,9.6,8.4,9.75,10.0,5.0,0.49707534179687507,True,CALL,2026-02-13,DIS
DIS260213C00104000,104.0,10.35,7.3,8.8,,3.0,0.467778759765625,True,CALL,2026-02-13,DIS
DIS260213C00105000,105.0,8.25,7.65,8.05,26.0,31.0,0.46411668701171876,True,CALL,2026-02-13,DIS
DIS260213C00106000,106.0,8.64,6.2,7.35,3.0,1.0,0.4631401342773438,True,CALL,2026-02-13,DIS
DIS260213C00107000,107.0,5.0,6.2,6.65,1.0,6.0,0.4577690942382813,True,CALL,2026-02-13,DIS
DIS260213C00108000,108.0,5.85,5.6,6.0,2.0,4.0,0.4545952978515625,True,CALL,2026-02-13,DIS
DIS260213C00110000,110.0,4.54,4.5,4.75,39.0,84.0,0.44214425048828127,True,CALL,2026-02-13,DIS
DIS260213C00111000,111.0,4.2,4.0,4.25,6.0,30.0,0.44336494140625,True,CALL,2026-02-13,DIS
DIS260213C00112000,112.0,3.63,3.5,3.75,37.0,247.0,0.44043528320312497,False,CALL,2026-02-13,DIS
DIS260213C00113000,113.0,3.2,2.85,3.35,1.0,99.0,0.4440973559570312,False,CALL,2026-02-13,DIS
DIS260213C00114000,114.0,2.6,2.62,2.97,1.0,125.0,0.44605046142578125,False,CALL,2026-02-13,DIS
DIS260213C00115000,115.0,2.34,2.26,2.53,3.0,113.0,0.43726148681640625,False,CALL,2026-02-13,DIS
DIS260213C00116000,116.0,2.09,1.87,2.21,21.0,131.0,0.43774976318359377,False,CALL,2026-02-13,DIS
DIS260213C00117000,117.0,1.37,1.35,1.92,1.0,280.0,0.4379939013671875,False,CALL,2026-02-13,DIS
DIS260213C00118000,118.0,1.25,1.37,1.6,7.0,53.0,0.4304256176757813,False,CALL,2026-02-13,DIS
DIS260213C00119000,119.0,0.95,1.24,1.5,30.0,42.0,0.4480035668945312,False,CALL,2026-02-13,DIS
DIS260213C00120000,120.0,1.09,0.99,1.14,9.0,249.0,0.4260311303710938,False,CALL,2026-02-13,DIS
DIS260213C00121000,121.0,0.77,0.76,1.01,5.0,93.0,0.4331111376953125,False,CALL,2026-02-13,DIS
DIS260213C00122000,122.0,0.7,0.66,0.88,2.0,259.0,0.437505625,False,CALL,2026-02-13,DIS
DIS260213C00123000,123.0,0.72,0.5,2.58,1.0,36.0,0.5668988623046876,False,CALL,2026-02-13,DIS
DIS260213C00124000,124.0,0.57,0.42,2.5,2.0,49.0,0.5810588769531251,False,CALL,2026-02-13,DIS
DIS260213C00125000,125.0,0.52,0.03,0.7,3.0,357.0,0.47510290527343746,False,CALL,2026-02-13,DIS
DIS260213C00126000,126.0,0.33,0.02,0.5,1.0,316.0,0.45313046875,False,CALL,2026-02-13,DIS
DIS260213C00127000,127.0,0.27,0.0,0.95,5.0,135.0,0.5686078295898438,False,CALL,2026-02-13,DIS
DIS260213C00129000,129.0,0.37,0.0,2.32,1.0,4.0,0.6523472265625001,False,CALL,2026-02-13,DIS
DIS260213C00130000,130.0,0.01,0.0,0.3,3.0,322.0,0.47461462890625,False,CALL,2026-02-13,DIS
DIS260213C00135000,135.0,0.13,0.0,0.75,4.0,33.0,0.58789474609375,False,CALL,2026-02-13,DIS
DIS260213C00140000,140.0,0.23,0.0,2.2,6.0,6.0,0.8657239990234374,False,CALL,2026-02-13,DIS
DIS260213P00080000,80.0,0.08,0.0,0.1,13.0,32.0,0.6875031250000001,False,PUT,2026-02-13,DIS
DIS260213P00085000,85.0,0.11,0.0,1.24,5.0,6.0,0.8974619628906249,False,PUT,2026-02-13,DIS
DIS260213P00090000,90.0,0.4,0.01,2.32,1.0,232.0,0.8862316064453124,False,PUT,2026-02-13,DIS
DIS260213P00095000,95.0,0.44,0.16,0.5,1.0,972.0,0.507817421875,False,PUT,2026-02-13,DIS
DIS260213P00099000,99.0,0.72,0.64,1.2,1.0,26.0,0.5388229711914063,False,PUT,2026-02-13,DIS
DIS260213P00100000,100.0,1.05,0.71,1.14,20.0,970.0,0.507817421875,False,PUT,2026-02-13,DIS
DIS260213P00101000,101.0,1.13,0.83,1.17,5.0,66.0,0.5180712255859375,False,PUT,2026-02-13,DIS
DIS260213P00102000,102.0,1.26,1.08,1.38,52.0,47.0,0.51758294921875,False,PUT,2026-02-13,DIS
DIS260213P00103000,103.0,1.6,1.18,1.6,1.0,193.0,0.514653291015625,False,PUT,2026-02-13,DIS
DIS260213P00104000,104.0,1.8,1.45,1.94,2.0,22.0,0.5241746801757812,False,PUT,2026-02-13,DIS
DIS260213P00105000,105.0,1.96,1.82,2.04,2.0,137.0,0.4982960327148438,False,PUT,2026-02-13,DIS
DIS260213P00106000,106.0,2.33,2.01,2.51,5.0,56.0,0.5161181201171875,False,PUT,2026-02-13,DIS
DIS260213P00107000,107.0,2.58,2.36,2.62,22.0,108.0,0.48633326171875,False,PUT,2026-02-13,DIS
DIS260213P00108000,108.0,3.05,2.71,3.15,4.0,37.0,0.5026905200195313,False,PUT,2026-02-13,DIS
DIS260213P00109000,109.0,3.55,3.1,3.45,1.0,49.0,0.4887746435546876,False,PUT,2026-02-13,DIS
DIS260213P00110000,110.0,3.65,3.55,4.05,16.0,159.0,0.5042774182128906,False,PUT,2026-02-13,DIS
DIS260213P00111000,111.0,4.27,4.0,4.5,2.0,428.0,0.4995167236328125,False,PUT,2026-02-13,DIS
DIS260213P00112000,112.0,4.84,4.5,5.05,1.0,842.0,0.5017139672851563,True,PUT,2026-02-13,DIS
DIS260213P00113000,113.0,5.61,5.05,5.6,1.0,1029.0,0.5004932763671875,True,PUT,2026-02-13,DIS
DIS260213P00114000,114.0,5.8,5.55,6.15,11.0,17.0,0.4953663745117188,True,PUT,2026-02-13,DIS
DIS260213P00115000,115.0,6.7,6.3,7.05,1.0,53.0,0.5256395092773438,True,PUT,2026-02-13,DIS
DIS260213P00116000,116.0,6.8,6.85,7.45,4.0,6.0,0.4968312036132813,True,PUT,2026-02-13,DIS
DIS260213P00117000,117.0,6.69,7.6,8.3,,1.0,0.51562984375,True,PUT,2026-02-13,DIS
DIS260213P00119000,119.0,9.63,8.95,10.75,1.0,1.0,0.5283250292968751,True,PUT,2026-02-13,DIS
DIS260213P00122000,122.0,11.23,11.45,13.2,,7.0,0.5476119458007813,True,PUT,2026-02-13,DIS
DIS260220C00080000,80.0,32.0,29.7,31.65,2.0,7.0,0.7929708203125,True,CALL,2026-02-20,DIS
DIS260220C00085000,85.0,29.5,24.75,26.6,1.0,32.0,0.6513706738281251,True,CALL,2026-02-20,DIS
DIS260220C00090000,90.0,20.0,20.3,22.05,1.0,50.0,0.6586948193359375,True,CALL,2026-02-20,DIS
DIS260220C00095000,95.0,16.3,15.8,16.75,45.0,113.0,0.4633842724609375,True,CALL,2026-02-20,DIS
DIS260220C00100000,100.0,11.6,11.85,12.5,7.0,295.0,0.4689994506835938,True,CALL,2026-02-20,DIS
DIS260220C00101000,101.0,10.9,9.95,11.6,152.0,147.0,0.454107021484375,True,CALL,2026-02-20,DIS
DIS260220C00104000,104.0,8.45,8.1,9.1,7.0,13.0,0.424810439453125,True,CALL,2026-02-20,DIS
DIS260220C00105000,105.0,8.1,7.85,8.25,115.0,1746.0,0.4089414575195312,True,CALL,2026-02-20,DIS
DIS260220C00106000,106.0,7.45,6.65,7.6,10.0,4.0,0.41211525390625,True,CALL,2026-02-20,DIS
DIS260220C00107000,107.0,6.7,6.35,6.9,1.0,31.0,0.4067442138671875,True,CALL,2026-02-20,DIS
DIS260220C00108000,108.0,5.95,5.7,6.25,10.0,37.0,0.4030821411132813,True,CALL,2026-02-20,DIS
DIS260220C00109000,109.0,5.2,5.25,5.6,12.0,125.0,0.39649041015625003,True,CALL,2026-02-20,DIS
DIS260220C00110000,110.0,4.95,4.75,4.95,184.0,1910.0,0.3869690209960937,True,CALL,2026-02-20,DIS
DIS260220C00111000,111.0,4.15,4.4,4.5,49.0,289.0,0.3922179919433594,True,CALL,2026-02-20,DIS
DIS260220C00112000,112.0,3.9,3.85,4.0,81.0,274.0,0.389654541015625,False,CALL,2026-02-20,DIS
DIS260220C00113000,113.0,3.5,3.2,3.5,11.0,197.0,0.3839172937011719,False,CALL,2026-02-20,DIS
DIS260220C00114000,114.0,3.2,2.81,3.1,5.0,152.0,0.3839172937011719,False,CALL,2026-02-20,DIS
DIS260220C00115000,115.0,2.67,2.45,2.71,101.0,7351.0,0.3815979809570312,False,CALL,2026-02-20,DIS
DIS260220C00116000,116.0,2.24,2.24,2.34,42.0,194.0,0.3776917700195312,False,CALL,2026-02-20,DIS
DIS260220C00117000,117.0,2.04,1.8,2.02,36.0,172.0,0.3754945263671875,False,CALL,2026-02-20,DIS
DIS260220C00118000,118.0,1.67,1.54,1.78,10.0,99.0,0.3781800463867187,False,CALL,2026-02-20,DIS
DIS260220C00119000,119.0,1.4,1.32,1.58,6.0,138.0,0.3825745336914062,False,CALL,2026-02-20,DIS
DIS260220C00120000,120.0,1.26,1.16,1.3,157.0,8873.0,0.37476211181640623,False,CALL,2026-02-20,DIS
DIS260220C00121000,121.0,1.0,0.96,1.17,16.0,386.0,0.38184211914062494,False,CALL,2026-02-20,DIS
DIS260220C00122000,122.0,0.71,0.57,1.03,4.0,37.0,0.3857483300781249,False,CALL,2026-02-20,DIS
DIS260220C00123000,123.0,0.76,0.61,0.92,1.0,343.0,0.39111937011718745,False,CALL,2026-02-20,DIS
DIS260220C00124000,124.0,0.81,0.52,0.73,1.0,16.0,0.38233039550781245,False,CALL,2026-02-20,DIS
DIS260220C00125000,125.0,0.63,0.53,0.61,35.0,5875.0,0.38086556640624997,False,CALL,2026-02-20,DIS
DIS260220C00130000,130.0,0.26,0.25,0.29,40.0,1554.0,0.39258419921875,False,CALL,2026-02-20,DIS
DIS260220C00135000,135.0,0.13,0.11,0.15,4.0,1105.0,0.411138701171875,False,CALL,2026-02-20,DIS
DIS260220C00140000,140.0,0.19,0.05,0.3,6.0,949.0,0.5356491748046875,False,CALL,2026-02-20,DIS
DIS260220P00080000,80.0,0.09,0.07,0.11,668.0,770.0,0.6210975390625001,False,PUT,2026-02-20,DIS
DIS260220P00085000,85.0,0.1,0.1,0.19,6.0,730.0,0.56055126953125,False,PUT,2026-02-20,DIS
DIS260220P00090000,90.0,0.28,0.21,0.35,1.0,3472.0,0.51758294921875,False,PUT,2026-02-20,DIS
DIS260220P00095000,95.0,0.5,0.46,0.56,75.0,2518.0,0.48242705078125003,False,PUT,2026-02-20,DIS
DIS260220P00100000,100.0,1.1,0.99,1.01,77.0,10787.0,0.436529072265625,False,PUT,2026-02-20,DIS
DIS260220P00101000,101.0,1.39,1.13,1.52,3.0,32.0,0.47949739257812496,False,PUT,2026-02-20,DIS
DIS260220P00102000,102.0,1.48,1.33,1.66,40.0,56.0,0.4670463452148438,False,PUT,2026-02-20,DIS
DIS260220P00103000,103.0,1.56,1.51,1.72,1.0,376.0,0.44360907958984375,False,PUT,2026-02-20,DIS
DIS260220P00104000,104.0,2.17,1.73,2.27,7.0,60.0,0.4738822143554688,False,PUT,2026-02-20,DIS
DIS260220P00105000,105.0,2.13,1.93,2.14,141.0,3734.0,0.42627526855468756,False,PUT,2026-02-20,DIS
DIS260220P00106000,106.0,2.35,2.27,2.38,11.0,84.0,0.4172421557617187,False,PUT,2026-02-20,DIS
DIS260220P00107000,107.0,2.65,2.6,2.65,7.0,267.0,0.40869731933593745,False,PUT,2026-02-20,DIS
DIS260220P00108000,108.0,3.15,2.95,3.1,7.0,3350.0,0.4145566357421875,False,PUT,2026-02-20,DIS
DIS260220P00109000,109.0,3.62,3.3,3.8,8.0,138.0,0.44006907592773437,False,PUT,2026-02-20,DIS
DIS260220P00110000,110.0,3.95,3.75,4.15,50.0,6997.0,0.42969320312500003,False,PUT,2026-02-20,DIS
DIS260220P00111000,111.0,4.3,4.25,4.75,121.0,428.0,0.4390925231933594,False,PUT,2026-02-20,DIS
DIS260220P00112000,112.0,4.8,4.8,5.0,10.0,468.0,0.414068359375,True,PUT,2026-02-20,DIS
DIS260220P00113000,113.0,5.7,5.25,5.35,9.0,168.0,0.3947814428710938,True,PUT,2026-02-20,DIS
DIS260220P00114000,114.0,5.95,5.85,5.95,4.0,135.0,0.39502558105468755,True,PUT,2026-02-20,DIS
DIS260220P00115000,115.0,6.55,6.45,6.65,46.0,1355.0,0.4012511047363281,True,PUT,2026-02-20,DIS
DIS260220P00116000,116.0,7.45,7.0,7.65,1.0,8.0,0.43335527587890627,True,PUT,2026-02-20,DIS
DIS260220P00117000,117.0,6.7,7.75,8.3,,3.0,0.43018147949218755,True,PUT,2026-02-20,DIS
DIS260220P00118000,118.0,7.0,8.55,9.05,,14.0,0.43408769042968753,True,PUT,2026-02-20,DIS
DIS260220P00120000,120.0,10.55,10.05,11.0,34.0,301.0,0.4826711889648438,True,PUT,2026-02-20,DIS
DIS260220P00125000,125.0,13.05,14.05,15.95,4.0,139.0,0.5981485498046876,True,PUT,2026-02-20,DIS
DIS260220P00130000,130.0,19.95,18.7,20.7,10.0,39.0,0.5327195166015625,True,PUT,2026-02-20,DIS
DIS260220P00135000,135.0,21.25,23.65,25.55,4.0,0.0,0.6003457934570313,True,PUT,2026-02-20,DIS
DIS260220P00140000,140.0,29.0,32.85,35.2,,2.0,1.253665841064453,True,PUT,2026-02-20,DIS
DIS260227C00100000,100.0,12.45,10.85,12.95,40.0,40.0,0.4643608251953125,True,CALL,2026-02-27,DIS
DIS260227C00102000,102.0,10.65,10.3,10.9,17.0,6.0,0.4057676611328125,True,CALL,2026-02-27,DIS
DIS260227C00103000,103.0,10.5,8.45,10.1,52.0,52.0,0.3996642065429688,True,CALL,2026-02-27,DIS
DIS260227C00105000,105.0,8.06,8.1,8.55,2.0,9.0,0.38623660644531244,True,CALL,2026-02-27,DIS
DIS260227C00108000,108.0,6.3,5.0,6.65,1.0,1.0,0.38623660644531244,True,CALL,2026-02-27,DIS
DIS260227C00109000,109.0,5.1,5.3,6.0,1.0,11.0,0.37964487548828124,True,CALL,2026-02-27,DIS
DIS260227C00110000,110.0,4.99,3.85,5.35,10.0,29.0,0.3706117626953125,True,CALL,2026-02-27,DIS
DIS260227C00111000,111.0,3.49,4.4,4.8,2.0,7.0,0.3670717590332031,True,CALL,2026-02-27,DIS
DIS260227C00112000,112.0,3.82,3.65,4.5,3.0,10.0,0.38049935913085936,False,CALL,2026-02-27,DIS
DIS260227C00113000,113.0,2.8,3.35,4.05,1.0,57.0,0.37964487548828124,False,CALL,2026-02-27,DIS
DIS260227C00114000,114.0,2.94,2.88,3.75,4.0,16.0,0.3880676428222656,False,CALL,2026-02-27,DIS
DIS260227C00115000,115.0,2.46,2.51,3.15,2.0,35.0,0.37000141723632807,False,CALL,2026-02-27,DIS
DIS260227C00116000,116.0,2.22,2.17,2.88,4.0,75.0,0.3761048718261719,False,CALL,2026-02-27,DIS
DIS260227C00117000,117.0,1.85,1.73,2.28,1.0,80.0,0.35156898437499995,False,CALL,2026-02-27,DIS
DIS260227C00118000,118.0,2.13,1.57,3.35,5.0,317.0,0.46851117431640626,False,CALL,2026-02-27,DIS
DIS260227C00119000,119.0,1.65,1.42,1.88,2.0,31.0,0.3635317553710938,False,CALL,2026-02-27,DIS
DIS260227C00120000,120.0,1.36,1.18,1.61,21.0,60.0,0.35962554443359374,False,CALL,2026-02-27,DIS
DIS260227C00121000,121.0,1.1,1.0,2.16,14.0,43.0,0.43457596679687505,False,CALL,2026-02-27,DIS
DIS260227C00122000,122.0,1.15,0.0,1.41,2.0,8.0,0.3803772900390625,False,CALL,2026-02-27,DIS
DIS260227C00123000,123.0,0.88,0.37,2.05,6.0,6.0,0.46631393066406257,False,CALL,2026-02-27,DIS
DIS260227C00124000,124.0,0.39,0.55,1.28,64.0,165.0,0.40405869384765625,False,CALL,2026-02-27,DIS
DIS260227C00125000,125.0,0.6,0.47,1.33,1.0,9.0,0.4282283740234375,False,CALL,2026-02-27,DIS
DIS260227C00126000,126.0,1.55,0.01,2.45,,1.0,0.5664105859375,False,CALL,2026-02-27,DIS
DIS260227C00127000,127.0,0.54,0.01,2.4,2.0,3.0,0.5808147387695313,False,CALL,2026-02-27,DIS
DIS260227C00128000,128.0,0.7,0.0,1.41,6.0,298.0,0.4909718872070313,False,CALL,2026-02-27,DIS
DIS260227C00130000,130.0,0.32,0.0,0.41,35.0,108.0,0.3715883154296875,False,CALL,2026-02-27,DIS
DIS260227C00135000,135.0,0.33,0.0,2.18,,87.0,0.559574716796875,False,CALL,2026-02-27,DIS
DIS260227C00140000,140.0,0.26,0.0,1.15,1.0,7.0,0.5376022802734376,False,CALL,2026-02-27,DIS
DIS260227P00080000,80.0,0.33,0.0,2.15,,1.0,0.8833019482421874,False,PUT,2026-02-27,DIS
DIS260227P00090000,90.0,0.29,0.0,2.36,1.0,5.0,0.6496617065429688,False,PUT,2026-02-27,DIS
DIS260227P00095000,95.0,0.5,0.0,1.69,1.0,52.0,0.5971719970703125,False,PUT,2026-02-27,DIS
DIS260227P00098000,98.0,1.56,0.71,1.47,1.0,12.0,0.49121602539062503,False,PUT,2026-02-27,DIS
DIS260227P00099000,99.0,0.97,0.26,3.05,5.0,24.0,0.6398961791992188,False,PUT,2026-02-27,DIS
DIS260227P00100000,100.0,1.35,0.92,1.5,4.0,30.0,0.44360907958984375,False,PUT,2026-02-27,DIS
DIS260227P00101000,101.0,1.12,1.13,1.72,3.0,9.0,0.442388388671875,False,PUT,2026-02-27,DIS
DIS260227P00102000,102.0,1.52,1.34,2.94,17.0,20.0,0.5387009020996094,False,PUT,2026-02-27,DIS
DIS260227P00103000,103.0,2.56,1.3,2.23,2.0,17.0,0.43994700683593746,False,PUT,2026-02-27,DIS
DIS260227P00104000,104.0,2.01,1.76,2.43,15.0,20.0,0.43018147949218755,False,PUT,2026-02-27,DIS
DIS260227P00105000,105.0,2.5,2.04,2.88,1.0,21.0,0.44116769775390624,False,PUT,2026-02-27,DIS
DIS260227P00106000,106.0,2.2,2.27,2.97,9.0,11.0,0.41760836303710935,False,PUT,2026-02-27,DIS
DIS260227P00107000,107.0,3.55,2.61,3.2,5.0,54.0,0.40491317749023437,False,PUT,2026-02-27,DIS
DIS260227P00108000,108.0,3.45,2.94,3.55,27.0,47.0,0.40039662109375,False,PUT,2026-02-27,DIS
DIS260227P00109000,109.0,3.22,3.45,4.05,6.0,50.0,0.40552352294921873,False,PUT,2026-02-27,DIS
DIS260227P00110000,110.0,4.05,3.9,4.15,102.0,1033.0,0.37622694091796877,False,PUT,2026-02-27,DIS
DIS260227P00111000,111.0,4.85,4.35,4.8,11.0,13.0,0.38843385009765624,False,PUT,2026-02-27,DIS
DIS260227P00112000,112.0,4.36,4.85,5.55,2.0,6.0,0.4057676611328125,True,PUT,2026-02-27,DIS
DIS260227P00113000,113.0,4.5,5.35,6.05,1.0,7.0,0.4008848974609375,True,PUT,2026-02-27,DIS
DIS260227P00114000,114.0,7.33,5.8,6.6,,8.0,0.39771110107421875,True,PUT,2026-02-27,DIS
DIS260227P00115000,115.0,7.48,6.65,8.15,5.0,16.0,0.4721732470703125,True,PUT,2026-02-27,DIS
DIS260227P00118000,118.0,7.65,8.5,9.2,,31.0,0.3931945446777344,True,PUT,2026-02-27,DIS
DIS260227P00120000,120.0,8.9,10.1,11.75,,13.0,0.48987326538085946,True,PUT,2026-02-27,DIS
DIS260306C00112000,112.0,4.85,3.65,4.8,2.0,2.0,0.36377589355468753,False,CALL,2026-03-06,DIS
DIS260306C00118000,118.0,2.98,0.95,2.65,,1.0,0.36817038085937503,False,CALL,2026-03-06,DIS
DIS260306C00120000,120.0,1.5,1.3,1.92,1.0,2.0,0.35095863891601553,False,CALL,2026-03-06,DIS
DIS260306C00121000,121.0,2.69,1.06,2.95,,5.0,0.45654840332031255,False,CALL,2026-03-06,DIS
DIS260306C00122000,122.0,1.3,0.93,1.4,1.0,18.0,0.3414372497558594,False,CALL,2026-03-06,DIS
DIS260306C00125000,125.0,1.25,0.55,2.56,,1.0,0.5017139672851563,False,CALL,2026-03-06,DIS
DIS260306C00126000,126.0,1.42,0.01,1.55,,5.0,0.424810439453125,False,CALL,2026-03-06,DIS
DIS260306C00128000,128.0,0.57,0.28,2.22,1.0,1.0,0.523442265625,False,CALL,2026-03-06,DIS
DIS260306C00130000,130.0,0.43,0.01,1.3,40.0,41.0,0.459966337890625,False,CALL,2026-03-06,DIS
DIS260306P00105000,105.0,2.68,2.3,2.99,17.0,75.0,0.4061338684082031,False,PUT,2026-03-06,DIS
DIS260306P00110000,110.0,4.04,4.05,4.75,7.0,10.0,0.38184211914062494,False,PUT,2026-03-06,DIS
DIS260306P00112000,112.0,4.85,4.95,5.95,1.0,7.0,0.3936828210449219,True,PUT,2026-03-06,DIS
DIS260306P00113000,113.0,5.23,4.4,6.25,2.0,2.0,0.37525038818359374,True,PUT,2026-03-06,DIS
DIS260306P00115000,115.0,6.04,6.25,7.35,2.0,4.0,0.36743796630859377,True,PUT,2026-03-06,DIS
DIS260320C00080000,80.0,31.6,30.05,31.85,3.0,715.0,0.5825237060546875,True,CALL,2026-03-20,DIS
DIS260320C00085000,85.0,29.14,25.2,27.0,1.0,167.0,0.5229539892578124,True,CALL,2026-03-20,DIS
DIS260320C00090000,90.0,21.45,20.45,22.4,1.0,583.0,0.49170430175781255,True,CALL,2026-03-20,DIS
DIS260320C00095000,95.0,18.39,15.85,17.45,1.0,547.0,0.40381455566406255,True,CALL,2026-03-20,DIS
DIS260320C00100000,100.0,12.69,12.6,13.35,10.0,1008.0,0.3902648864746094,True,CALL,2026-03-20,DIS
DIS260320C00105000,105.0,9.1,8.9,9.3,49.0,1628.0,0.348639326171875,True,CALL,2026-03-20,DIS
DIS260320C00110000,110.0,5.75,5.75,6.05,23.0,2519.0,0.32691102783203124,True,CALL,2026-03-20,DIS
DIS260320C00115000,115.0,3.55,3.5,3.65,72.0,4118.0,0.31482618774414056,False,CALL,2026-03-20,DIS
DIS260320C00120000,120.0,1.91,1.92,2.04,139.0,9802.0,0.30762411132812495,False,CALL,2026-03-20,DIS
DIS260320C00125000,125.0,1.05,1.01,1.11,159.0,6711.0,0.30823445678710937,False,CALL,2026-03-20,DIS
DIS260320C00130000,130.0,0.56,0.52,0.58,179.0,4003.0,0.3100654931640625,False,CALL,2026-03-20,DIS
DIS260320C00135000,135.0,0.3,0.27,0.33,14.0,1300.0,0.32031929687499994,False,CALL,2026-03-20,DIS
DIS260320C00140000,140.0,0.17,0.16,0.25,4.0,1984.0,0.34766277343749996,False,CALL,2026-03-20,DIS
DIS260320P00080000,80.0,0.17,0.13,0.21,1.0,1313.0,0.476567734375,False,PUT,2026-03-20,DIS
DIS260320P00085000,85.0,0.26,0.15,0.37,6.0,5916.0,0.44775942871093743,False,PUT,2026-03-20,DIS
DIS260320P00090000,90.0,0.49,0.45,0.58,3.0,3380.0,0.40991801025390623,False,PUT,2026-03-20,DIS
DIS260320P00095000,95.0,0.87,0.82,0.95,6.0,4930.0,0.37695935546875,False,PUT,2026-03-20,DIS
DIS260320P00100000,100.0,1.59,1.48,1.64,11.0,7518.0,0.3526676062011719,False,PUT,2026-03-20,DIS
DIS260320P00105000,105.0,2.73,2.61,2.87,25.0,3517.0,0.33765310791015624,False,PUT,2026-03-20,DIS
DIS260320P00110000,110.0,4.55,4.45,4.65,182.0,8316.0,0.31909860595703116,False,PUT,2026-03-20,DIS
DIS260320P00115000,115.0,7.35,6.95,7.9,78.0,1974.0,0.3469303588867187,True,PUT,2026-03-20,DIS
DIS260320P00120000,120.0,10.6,10.5,11.6,51.0,1319.0,0.3656069299316406,True,PUT,2026-03-20,DIS
DIS260320P00125000,125.0,12.95,14.55,15.3,1.0,443.0,0.3493717407226562,True,PUT,2026-03-20,DIS
DIS260320P00130000,130.0,19.6,19.15,20.6,26.0,86.0,0.44434149414062496,True,PUT,2026-03-20,DIS
DIS260320P00135000,135.0,23.01,23.55,25.65,4.0,13.0,0.5129443237304687,True,PUT,2026-03-20,DIS
DIS260320P00140000,140.0,27.46,32.85,35.35,2.0,16.0,0.8472915661621092,True,PUT,2026-03-20,DIS
DIS260417C00080000,80.0,33.9,30.45,32.3,1.0,61.0,0.5380905566406251,True,CALL,2026-04-17,DIS
DIS260417C00085000,85.0,23.5,25.75,27.55,5.0,9.0,0.48901878173828134,True,CALL,2026-04-17,DIS
DIS260417C00090000,90.0,20.65,21.0,22.8,1.0,120.0,0.43457596679687505,True,CALL,2026-04-17,DIS
DIS260417C00095000,95.0,16.1,16.55,18.1,10.0,111.0,0.3790345300292969,True,CALL,2026-04-17,DIS
DIS260417C00100000,100.0,13.4,12.4,14.3,4.0,360.0,0.3745179736328125,True,CALL,2026-04-17,DIS
DIS260417C00105000,105.0,8.9,8.75,10.2,1.0,241.0,0.32898620239257803,True,CALL,2026-04-17,DIS
DIS260417C00110000,110.0,6.85,6.6,7.05,99.0,562.0,0.31165239135742184,True,CALL,2026-04-17,DIS
DIS260417C00115000,115.0,4.5,4.35,4.6,104.0,1425.0,0.299811689453125,False,CALL,2026-04-17,DIS
DIS260417C00120000,120.0,2.76,2.68,2.83,261.0,1951.0,0.2915109912109374,False,CALL,2026-04-17,DIS
DIS260417C00125000,125.0,1.6,1.52,1.65,74.0,1874.0,0.28601788208007806,False,CALL,2026-04-17,DIS
DIS260417C00130000,130.0,0.7,0.57,0.99,22.0,1710.0,0.2890696093749999,False,CALL,2026-04-17,DIS
DIS260417C00135000,135.0,0.35,0.35,0.56,9.0,1062.0,0.28955788574218744,False,CALL,2026-04-17,DIS
DIS260417C00140000,140.0,0.33,0.15,0.4,24.0,735.0,0.3061592822265625,False,CALL,2026-04-17,DIS
DIS260417P00080000,80.0,0.27,0.15,0.4,10.0,232.0,0.432622861328125,False,PUT,2026-04-17,DIS
DIS260417P00085000,85.0,0.45,0.32,0.58,4.0,735.0,0.397466962890625,False,PUT,2026-04-17,DIS
DIS260417P00090000,90.0,0.74,0.59,0.9,1.0,440.0,0.3698793481445312,False,PUT,2026-04-17,DIS
DIS260417P00095000,95.0,1.2,1.16,1.24,12.0,1500.0,0.33008482421874996,False,PUT,2026-04-17,DIS
DIS260417P00100000,100.0,2.04,1.98,2.15,385.0,1693.0,0.31836619140624994,False,PUT,2026-04-17,DIS
DIS260417P00105000,105.0,3.35,3.3,3.4,144.0,2351.0,0.3004220349121094,False,PUT,2026-04-17,DIS
DIS260417P00110000,110.0,5.45,5.05,5.3,38.0,1900.0,0.2882151257324218,False,PUT,2026-04-17,DIS
DIS260417P00115000,115.0,7.9,7.6,8.0,63.0,1073.0,0.2836985693359374,True,PUT,2026-04-17,DIS
DIS260417P00120000,120.0,10.15,10.9,12.5,4.0,314.0,0.34180345703125,True,PUT,2026-04-17,DIS
DIS260417P00125000,125.0,15.3,14.85,15.8,18.0,29.0,0.313483427734375,True,PUT,2026-04-17,DIS
DIS260417P00130000,130.0,17.65,19.3,21.0,9.0,10.0,0.3841614318847656,True,PUT,2026-04-17,DIS
DIS260417P00135000,135.0,21.63,23.8,25.75,2.0,3.0,0.4194393994140625,True,PUT,2026-04-17,DIS
DIS260515C00080000,80.0,33.0,31.0,32.95,1.0,36.0,0.5307664111328125,True,CALL,2026-05-15,DIS
DIS260515C00085000,85.0,24.05,0.0,0.0,1.0,11.0,1.0000000000000003e-05,True,CALL,2026-05-15,DIS
DIS260515C00090000,90.0,25.4,21.85,23.65,5.0,505.0,0.4366511413574219,True,CALL,2026-05-15,DIS
DIS260515C00095000,95.0,17.91,17.6,19.3,1.0,96.0,0.4008848974609375,True,CALL,2026-05-15,DIS
DIS260515C00100000,100.0,14.8,14.45,15.5,1.0,176.0,0.3836731555175781,True,CALL,2026-05-15,DIS
DIS260515C00105000,105.0,11.2,10.9,11.65,12.0,374.0,0.3487613952636719,True,CALL,2026-05-15,DIS
DIS260515C00110000,110.0,8.45,8.25,8.65,17.0,488.0,0.3350896569824219,True,CALL,2026-05-15,DIS
DIS260515C00115000,115.0,6.05,5.85,6.15,54.0,628.0,0.32263860961914054,False,CALL,2026-05-15,DIS
DIS260515C00120000,120.0,4.0,4.05,4.2,9.0,1890.0,0.3127510131835937,False,CALL,2026-05-15,DIS
DIS260515C00125000,125.0,2.77,2.66,2.9,59.0,1675.0,0.3122017022705078,False,CALL,2026-05-15,DIS
DIS260515C00130000,130.0,1.85,1.64,2.05,1.0,1897.0,0.31726756958007807,False,CALL,2026-05-15,DIS
DIS260515C00135000,135.0,1.11,1.05,1.36,3.0,1711.0,0.31653515502929686,False,CALL,2026-05-15,DIS
DIS260515C00140000,140.0,0.77,0.56,1.0,4.0,663.0,0.32617861328125,False,CALL,2026-05-15,DIS
DIS260515P00080000,80.0,0.52,0.44,0.83,1.0,261.0,0.43774976318359377,False,PUT,2026-05-15,DIS
DIS260515P00085000,85.0,0.83,0.74,0.93,4.0,1369.0,0.3845276391601562,False,PUT,2026-05-15,DIS
DIS260515P00090000,90.0,1.34,1.14,1.45,26.0,773.0,0.3670717590332031,False,PUT,2026-05-15,DIS
DIS260515P00095000,95.0,1.99,1.9,2.06,110.0,1349.0,0.34107104248046877,False,PUT,2026-05-15,DIS
DIS260515P00100000,100.0,3.1,2.9,3.2,28.0,3125.0,0.3308782733154296,False,PUT,2026-05-15,DIS
DIS260515P00105000,105.0,4.6,4.35,4.5,3.0,929.0,0.3089668713378906,False,PUT,2026-05-15,DIS
DIS260515P00110000,110.0,6.65,6.3,6.5,11.0,878.0,0.29822479125976553,False,PUT,2026-05-15,DIS
DIS260515P00115000,115.0,9.25,8.85,9.2,15.0,624.0,0.29431858032226554,True,PUT,2026-05-15,DIS
DIS260515P00120000,120.0,12.56,11.95,13.5,33.0,258.0,0.33801931518554684,True,PUT,2026-05-15,DIS
DIS260515P00125000,125.0,14.64,15.75,17.2,1.0,111.0,0.3403386279296875,True,PUT,2026-05-15,DIS
DIS260515P00130000,130.0,15.95,19.7,21.45,6.0,42.0,0.3548648498535155,True,PUT,2026-05-15,DIS
DIS260515P00135000,135.0,28.25,0.0,0.0,2.0,14.0,1.0000000000000003e-05,True,PUT,2026-05-15,DIS
DIS260515P00140000,140.0,27.9,32.95,35.55,20.0,31.0,0.5922892333984376,True,PUT,2026-05-15,DIS
DIS260618C00080000,80.0,35.22,31.45,33.3,2.0,489.0,0.4904836108398438,True,CALL,2026-06-18,DIS
DIS260618C00085000,85.0,27.66,26.9,28.7,2.0,545.0,0.4506890869140625,True,CALL,2026-06-18,DIS
DIS260618C00090000,90.0,24.6,22.5,24.25,2.0,703.0,0.41559422302246096,True,CALL,2026-06-18,DIS
DIS260618C00095000,95.0,20.0,18.35,19.9,1.0,513.0,0.3794007373046875,True,CALL,2026-06-18,DIS
DIS260618C00100000,100.0,15.35,15.3,16.2,5.0,1486.0,0.36463037719726565,True,CALL,2026-06-18,DIS
DIS260618C00105000,105.0,11.77,11.75,12.55,1.0,438.0,0.33899586791992187,True,CALL,2026-06-18,DIS
DIS260618C00110000,110.0,9.33,8.9,9.6,7.0,2132.0,0.3267889587402344,True,CALL,2026-06-18,DIS
DIS260618C00115000,115.0,6.75,6.5,7.05,15.0,2063.0,0.31378860046386714,False,CALL,2026-06-18,DIS
DIS260618C00120000,120.0,4.85,4.85,5.1,23.0,2238.0,0.30689169677734374,False,CALL,2026-06-18,DIS
DIS260618C00125000,125.0,3.6,3.35,3.55,10.0,2937.0,0.2996285858154296,False,CALL,2026-06-18,DIS
DIS260618C00130000,130.0,2.35,2.23,2.45,899.0,8653.0,0.29614961669921874,False,CALL,2026-06-18,DIS
DIS260618C00135000,135.0,1.52,1.46,1.75,13.0,1622.0,0.29883513671874995,False,CALL,2026-06-18,DIS
DIS260618C00140000,140.0,1.05,1.05,1.19,14.0,1732.0,0.29798065307617183,False,CALL,2026-06-18,DIS
DIS260618P00080000,80.0,0.71,0.59,0.82,1.0,1002.0,0.38013315185546875,False,PUT,2026-06-18,DIS
DIS260618P00085000,85.0,1.06,0.9,1.15,2.0,936.0,0.35510898803710933,False,PUT,2026-06-18,DIS
DIS260618P00090000,90.0,1.7,1.48,1.8,2.0,4223.0,0.3438786315917969,False,PUT,2026-06-18,DIS
DIS260618P00095000,95.0,2.34,2.29,2.33,17.0,3027.0,0.3122627368164062,False,PUT,2026-06-18,DIS
DIS260618P00100000,100.0,3.7,3.35,3.65,6.0,3328.0,0.3086616986083984,False,PUT,2026-06-18,DIS
DIS260618P00105000,105.0,5.05,4.9,5.1,7.0,3685.0,0.29291478576660146,False,PUT,2026-06-18,DIS
DIS260618P00110000,110.0,7.1,6.85,7.4,18.0,5107.0,0.29279271667480455,False,PUT,2026-06-18,DIS
DIS260618P00115000,115.0,9.6,9.3,9.95,9.0,1357.0,0.28375960388183585,True,PUT,2026-06-18,DIS
DIS260618P00120000,120.0,13.65,12.3,13.25,1.0,2489.0,0.2849192602539062,True,PUT,2026-06-18,DIS
DIS260618P00125000,125.0,15.45,16.0,17.55,250.0,392.0,0.3110420458984374,True,PUT,2026-06-18,DIS
DIS260618P00130000,130.0,18.9,20.15,21.65,1.0,1172.0,0.31842722595214834,True,PUT,2026-06-18,DIS
DIS260618P00135000,135.0,23.26,28.25,30.65,6.0,134.0,0.5307053765869141,True,PUT,2026-06-18,DIS
DIS260618P00140000,140.0,26.2,29.1,30.8,1.0,211.0,0.3529117443847656,True,PUT,2026-06-18,DIS
DIS260717C00080000,80.0,36.0,31.6,33.45,2.0,6.0,0.45703667968750006,True,CALL,2026-07-17,DIS
DIS260717C00085000,85.0,23.88,30.8,0.0,6.0,8.0,1.0000000000000003e-05,True,CALL,2026-07-17,DIS
DIS260717C00090000,90.0,27.64,22.75,24.65,5.0,22.0,0.3988707574462891,True,CALL,2026-07-17,DIS
DIS260717C00095000,95.0,18.85,18.65,20.4,1.0,43.0,0.367743139038086,True,CALL,2026-07-17,DIS
DIS260717C00100000,100.0,16.95,15.65,16.6,4.0,120.0,0.3476017388916015,True,CALL,2026-07-17,DIS
DIS260717C00105000,105.0,13.0,12.15,13.2,1.0,20.0,0.33173275695800786,True,CALL,2026-07-17,DIS
DIS260717C00110000,110.0,9.5,9.5,10.2,11.0,203.0,0.31763377685546873,True,CALL,2026-07-17,DIS
DIS260717C00115000,115.0,7.49,7.35,7.55,16.0,384.0,0.302314105834961,False,CALL,2026-07-17,DIS
DIS260717C00120000,120.0,5.45,5.2,5.55,7.0,280.0,0.2949899603271484,False,CALL,2026-07-17,DIS
DIS260717C00125000,125.0,3.6,3.6,4.0,6.0,305.0,0.2898020239257812,False,CALL,2026-07-17,DIS
DIS260717C00130000,130.0,2.4,2.52,2.93,1.0,678.0,0.2902292657470703,False,CALL,2026-07-17,DIS
DIS260717C00135000,135.0,1.8,1.82,2.01,7.0,499.0,0.28528546752929684,False,CALL,2026-07-17,DIS
DIS260717C00140000,140.0,1.32,1.25,1.48,1.0,536.0,0.288947540283203,False,CALL,2026-07-17,DIS
DIS260717P00080000,80.0,0.9,0.77,1.02,1.0,125.0,0.36597313720703123,False,PUT,2026-07-17,DIS
DIS260717P00085000,85.0,1.33,1.27,1.51,4.0,157.0,0.3505924316406249,False,PUT,2026-07-17,DIS
DIS260717P00090000,90.0,2.16,1.89,2.16,5.0,2397.0,0.33423517333984376,False,PUT,2026-07-17,DIS
DIS260717P00095000,95.0,2.89,2.65,3.05,10.0,122.0,0.31909860595703116,False,PUT,2026-07-17,DIS
DIS260717P00100000,100.0,4.1,3.95,4.15,12.0,970.0,0.30133755310058596,False,PUT,2026-07-17,DIS
DIS260717P00105000,105.0,5.55,5.55,5.7,5.0,1151.0,0.28827616027832026,False,PUT,2026-07-17,DIS
DIS260717P00110000,110.0,7.55,7.5,7.85,5.0,351.0,0.281684429321289,False,PUT,2026-07-17,DIS
DIS260717P00115000,115.0,10.45,9.95,10.65,168.0,342.0,0.28162339477539056,True,PUT,2026-07-17,DIS
DIS260717P00120000,120.0,13.55,12.9,13.7,8.0,352.0,0.2751537329101562,True,PUT,2026-07-17,DIS
DIS260717P00125000,125.0,16.05,16.25,17.95,1.0,27.0,0.2981637567138671,True,PUT,2026-07-17,DIS
DIS260717P00130000,130.0,17.25,20.3,21.95,1.0,4.0,0.3024361749267578,True,PUT,2026-07-17,DIS
DIS260717P00135000,135.0,23.4,24.65,26.3,1.0,0.0,0.31201859863281245,True,PUT,2026-07-17,DIS
DIS260918C00080000,80.0,37.61,32.1,34.05,1.0,26.0,0.4242000939941406,True,CALL,2026-09-18,DIS
DIS260918C00085000,85.0,30.25,27.75,29.7,1.0,176.0,0.3994811029052735,True,CALL,2026-09-18,DIS
DIS260918C00090000,90.0,27.75,23.65,25.55,1.0,74.0,0.3781190118408203,True,CALL,2026-09-18,DIS
DIS260918C00095000,95.0,19.78,20.85,21.7,10.0,341.0,0.3616396844482421,True,CALL,2026-09-18,DIS
DIS260918C00100000,100.0,16.77,17.3,18.15,24.0,359.0,0.3476017388916015,True,CALL,2026-09-18,DIS
DIS260918C00105000,105.0,13.8,14.1,14.85,1.0,334.0,0.3329534478759766,True,CALL,2026-09-18,DIS
DIS260918C00110000,110.0,11.7,11.35,12.0,5.0,908.0,0.3227606787109374,True,CALL,2026-09-18,DIS
DIS260918C00115000,115.0,9.15,9.05,9.5,3.0,835.0,0.31317825500488283,False,CALL,2026-09-18,DIS
DIS260918C00120000,120.0,7.15,6.95,7.4,22.0,1163.0,0.30548790222167965,False,CALL,2026-09-18,DIS
DIS260918C00125000,125.0,5.4,5.05,5.7,16.0,647.0,0.29999479309082033,False,CALL,2026-09-18,DIS
DIS260918C00130000,130.0,4.0,4.0,4.35,2.0,1184.0,0.29608858215332035,False,CALL,2026-09-18,DIS
DIS260918C00135000,135.0,2.69,2.9,3.3,4.0,1177.0,0.29358616577148433,False,CALL,2026-09-18,DIS
DIS260918C00140000,140.0,2.26,2.03,2.45,1.0,927.0,0.29041236938476556,False,CALL,2026-09-18,DIS
DIS260918P00080000,80.0,1.34,1.29,1.45,1.0,1291.0,0.34448897705078124,False,PUT,2026-09-18,DIS
DIS260918P00085000,85.0,1.71,1.8,2.1,1.0,414.0,0.33338068969726564,False,PUT,2026-09-18,DIS
DIS260918P00090000,90.0,2.5,2.52,2.87,2.0,1139.0,0.3186103295898437,False,PUT,2026-09-18,DIS
DIS260918P00095000,95.0,3.7,3.75,3.95,9.0,1150.0,0.30750204223632804,False,PUT,2026-09-18,DIS
DIS260918P00100000,100.0,5.2,5.15,5.4,1.0,3222.0,0.29944548217773437,False,PUT,2026-09-18,DIS
DIS260918P00105000,105.0,6.9,6.7,7.45,2.0,1379.0,0.29920134399414056,False,PUT,2026-09-18,DIS
DIS260918P00110000,110.0,9.25,8.85,9.35,57.0,1841.0,0.28351546569824215,False,PUT,2026-09-18,DIS
DIS260918P00115000,115.0,11.35,11.25,11.95,1.0,493.0,0.2772899420166015,True,PUT,2026-09-18,DIS
DIS260918P00120000,120.0,14.9,14.0,15.55,10.0,404.0,0.28900857482910147,True,PUT,2026-09-18,DIS
DIS260918P00125000,125.0,15.92,17.35,19.05,228.0,324.0,0.2887034020996093,True,PUT,2026-09-18,DIS
DIS260918P00130000,130.0,20.6,21.15,22.8,106.0,977.0,0.28717753845214833,True,PUT,2026-09-18,DIS
DIS260918P00135000,135.0,24.62,25.1,26.9,26.0,23.0,0.28919167846679683,True,PUT,2026-09-18,DIS
DIS260918P00140000,140.0,28.19,29.25,31.3,1.0,22.0,0.29566134033203123,True,PUT,2026-09-18,DIS
DIS261120C00090000,90.0,28.35,24.25,27.7,,15.0,0.4096738720703125,True,CALL,2026-11-20,DIS
DIS261120C00095000,95.0,24.53,20.65,23.45,1.0,3.0,0.37531142272949214,True,CALL,2026-11-20,DIS
DIS261120C00100000,100.0,19.05,18.85,19.85,1.0,26.0,0.3566958862304687,True,CALL,2026-11-20,DIS
DIS261120C00110000,110.0,12.7,13.0,13.9,18.0,47.0,0.3346624151611328,True,CALL,2026-11-20,DIS
DIS261120C00115000,115.0,10.42,10.5,11.65,49.0,287.0,0.3316717224121094,False,CALL,2026-11-20,DIS
DIS261120C00120000,120.0,8.2,8.35,9.2,5.0,58.0,0.3165961895751953,False,CALL,2026-11-20,DIS
DIS261120C00125000,125.0,6.52,6.55,7.35,9.0,38.0,0.309577216796875,False,CALL,2026-11-20,DIS
DIS261120C00130000,130.0,5.69,5.1,6.95,10.0,25.0,0.33460138061523437,False,CALL,2026-11-20,DIS
DIS261120C00135000,135.0,4.1,3.9,5.25,2.0,34.0,0.3193427441406249,False,CALL,2026-11-20,DIS
DIS261120C00140000,140.0,3.22,3.0,3.7,3.0,152.0,0.30036100036621094,False,CALL,2026-11-20,DIS
DIS261120P00080000,80.0,1.56,1.59,2.17,,1.0,0.3460758752441406,False,PUT,2026-11-20,DIS
DIS261120P00085000,85.0,2.48,2.43,2.82,14.0,1.0,0.32874206420898433,False,PUT,2026-11-20,DIS
DIS261120P00090000,90.0,3.2,3.25,3.75,8.0,40.0,0.3163520513916015,False,PUT,2026-11-20,DIS
DIS261120P00095000,95.0,4.35,3.45,5.05,7.0,34.0,0.3089058367919921,False,PUT,2026-11-20,DIS
DIS261120P00100000,100.0,5.67,5.85,6.6,2.0,31.0,0.30054410400390624,False,PUT,2026-11-20,DIS
DIS261120P00105000,105.0,7.75,7.7,8.75,1.0,7.0,0.30011686218261713,False,PUT,2026-11-20,DIS
DIS261120P00110000,110.0,10.2,9.65,10.5,1.0,11.0,0.280707876586914,False,PUT,2026-11-20,DIS
DIS261120P00115000,115.0,11.65,12.2,14.0,8.0,44.0,0.2973703076171874,True,PUT,2026-11-20,DIS
DIS261120P00120000,120.0,13.3,15.0,17.35,,1.0,0.3021920367431641,True,PUT,2026-11-20,DIS
DIS261120P00125000,125.0,17.35,18.3,20.05,1.0,3.0,0.28284408569335934,True,PUT,2026-11-20,DIS
DIS261120P00130000,130.0,20.45,21.9,23.9,,15.0,0.2863230548095703,True,PUT,2026-11-20,DIS
DIS261218C00080000,80.0,38.62,32.5,35.9,7.0,511.0,0.4379939013671875,True,CALL,2026-12-18,DIS
DIS261218C00085000,85.0,30.1,28.5,31.4,1.0,406.0,0.40241076110839846,True,CALL,2026-12-18,DIS
DIS261218C00090000,90.0,27.1,25.25,27.5,2.0,491.0,0.38513798461914056,True,CALL,2026-12-18,DIS
DIS261218C00095000,95.0,21.95,21.0,23.9,6.0,813.0,0.37189348815917966,True,CALL,2026-12-18,DIS
DIS261218C00100000,100.0,18.85,19.25,19.95,4.0,769.0,0.34363449340820307,True,CALL,2026-12-18,DIS
DIS261218C00105000,105.0,16.4,16.0,17.35,1.0,569.0,0.34577070251464836,True,CALL,2026-12-18,DIS
DIS261218C00110000,110.0,12.75,13.2,14.3,26.0,1072.0,0.32959654785156245,True,CALL,2026-12-18,DIS
DIS261218C00115000,115.0,11.63,10.7,11.8,4.0,1723.0,0.3205634350585937,False,CALL,2026-12-18,DIS
DIS261218C00120000,120.0,9.25,8.6,9.65,7.0,2028.0,0.31342239318847653,False,CALL,2026-12-18,DIS
DIS261218C00125000,125.0,7.45,7.2,7.7,11.0,964.0,0.3045723840332031,False,CALL,2026-12-18,DIS
DIS261218C00130000,130.0,5.9,5.35,6.35,7.0,3576.0,0.30438928039550783,False,CALL,2026-12-18,DIS
DIS261218C00135000,135.0,4.45,4.1,4.9,1.0,359.0,0.2955392712402344,False,CALL,2026-12-18,DIS
DIS261218C00140000,140.0,3.8,3.15,5.0,1.0,626.0,0.32556826782226556,False,CALL,2026-12-18,DIS
DIS261218P00080000,80.0,2.16,1.42,2.26,24.0,1622.0,0.3352727606201171,False,PUT,2026-12-18,DIS
DIS261218P00085000,85.0,2.5,2.65,2.92,1.0,1878.0,0.31836619140624994,False,PUT,2026-12-18,DIS
DIS261218P00090000,90.0,3.75,3.55,4.5,4.0,1361.0,0.3284368914794922,False,PUT,2026-12-18,DIS
DIS261218P00095000,95.0,5.05,4.3,5.8,22.0,1314.0,0.31806101867675773,False,PUT,2026-12-18,DIS
DIS261218P00100000,100.0,6.0,6.1,7.65,5.0,1168.0,0.3159858441162109,False,PUT,2026-12-18,DIS
DIS261218P00105000,105.0,8.35,7.85,8.55,128.0,1739.0,0.2818064984130859,False,PUT,2026-12-18,DIS
DIS261218P00110000,110.0,10.65,9.85,11.6,5.0,1405.0,0.29505099487304687,False,PUT,2026-12-18,DIS
DIS261218P00115000,115.0,11.55,12.35,14.25,2.0,1457.0,0.2902292657470703,True,PUT,2026-12-18,DIS
DIS261218P00120000,120.0,16.2,15.4,16.55,5.0,658.0,0.26947752014160153,True,PUT,2026-12-18,DIS
DIS261218P00125000,125.0,19.7,18.55,19.95,1.0,166.0,0.267860104675293,True,PUT,2026-12-18,DIS
DIS261218P00130000,130.0,20.5,22.15,24.15,2.0,88.0,0.2803416693115234,True,PUT,2026-12-18,DIS
DIS261218P00135000,135.0,23.36,26.05,28.3,1.0,22.0,0.2866282275390625,True,PUT,2026-12-18,DIS
DIS261218P00140000,140.0,28.0,29.0,32.0,5.0,36.0,0.27399407653808594,True,PUT,2026-12-18,DIS
DIS270115C00080000,80.0,33.25,33.0,35.65,5.0,455.0,0.41058939025878904,True,CALL,2027-01-15,DIS
DIS270115C00085000,85.0,30.67,29.6,31.5,1.0,414.0,0.3895324719238281,True,CALL,2027-01-15,DIS
DIS270115C00090000,90.0,26.1,25.05,27.6,2.0,957.0,0.37256486816406253,True,CALL,2027-01-15,DIS
DIS270115C00095000,95.0,22.4,21.4,24.1,1.0,694.0,0.36237209899902345,True,CALL,2027-01-15,DIS
DIS270115C00100000,100.0,19.22,19.45,20.25,8.0,9484.0,0.33743948699951176,True,CALL,2027-01-15,DIS
DIS270115C00105000,105.0,16.55,16.3,18.2,1.0,676.0,0.3523624334716796,True,CALL,2027-01-15,DIS
DIS270115C00110000,110.0,13.5,13.6,14.9,52.0,1434.0,0.3302374105834961,True,CALL,2027-01-15,DIS
DIS270115C00115000,115.0,11.98,11.45,12.15,30.0,839.0,0.31558911956787106,False,CALL,2027-01-15,DIS
DIS270115C00120000,120.0,8.95,8.8,9.95,12.0,3641.0,0.30762411132812495,False,CALL,2027-01-15,DIS
DIS270115C00125000,125.0,7.7,7.75,8.05,183.0,1644.0,0.30048306945800785,False,CALL,2027-01-15,DIS
DIS270115C00130000,130.0,5.88,6.15,6.7,1.0,5071.0,0.3006661730957031,False,CALL,2027-01-15,DIS
DIS270115C00135000,135.0,4.54,4.5,5.45,1.0,1086.0,0.2981027221679687,False,CALL,2027-01-15,DIS
DIS270115C00140000,140.0,3.65,3.5,4.25,85.0,2821.0,0.2913889221191405,False,CALL,2027-01-15,DIS
DIS270115P00080000,80.0,2.2,2.1,2.39,2.0,1302.0,0.32776551147460936,False,PUT,2027-01-15,DIS
DIS270115P00085000,85.0,3.0,2.69,3.2,5.0,2598.0,0.31641308593749995,False,PUT,2027-01-15,DIS
DIS270115P00090000,90.0,3.95,3.8,4.25,26.0,1355.0,0.30689169677734374,False,PUT,2027-01-15,DIS
DIS270115P00095000,95.0,5.35,5.05,5.55,1.0,3990.0,0.2979196185302734,False,PUT,2027-01-15,DIS
DIS270115P00100000,100.0,6.93,6.35,7.85,3.0,3765.0,0.3083565258789062,False,PUT,2027-01-15,DIS
DIS270115P00105000,105.0,8.65,8.5,8.85,234.0,2065.0,0.2776561492919921,False,PUT,2027-01-15,DIS
DIS270115P00110000,110.0,11.25,10.5,11.75,10.0,831.0,0.286567192993164,False,PUT,2027-01-15,DIS
DIS270115P00115000,115.0,13.45,12.65,14.3,80.0,1555.0,0.27957873748779294,True,PUT,2027-01-15,DIS
DIS270115P00120000,120.0,16.6,15.55,17.7,69.0,2414.0,0.2852549502563476,True,PUT,2027-01-15,DIS
DIS270115P00125000,125.0,17.8,18.7,20.7,2.0,573.0,0.27509269836425776,True,PUT,2027-01-15,DIS
DIS270115P00130000,130.0,23.15,22.25,24.3,8.0,416.0,0.2727733856201171,True,PUT,2027-01-15,DIS
DIS270115P00135000,135.0,23.4,26.35,28.0,1.0,756.0,0.2667920001220704,True,PUT,2027-01-15,DIS
DIS270115P00140000,140.0,27.95,30.15,32.1,2.0,6.0,0.26593751647949215,True,PUT,2027-01-15,DIS
DIS270617C00080000,80.0,40.44,35.0,37.6,,1.0,0.4027159338378906,True,CALL,2027-06-17,DIS
DIS270617C00100000,100.0,22.2,21.6,23.45,1.0,1.0,0.35028725891113277,True,CALL,2027-06-17,DIS
DIS270617C00110000,110.0,16.8,16.5,18.8,2.0,14.0,0.3521182952880859,True,CALL,2027-06-17,DIS
DIS270617C00115000,115.0,15.7,13.9,16.05,1.0,25.0,0.3384160397338867,False,CALL,2027-06-17,DIS
DIS270617C00120000,120.0,12.95,12.0,13.6,9.0,16.0,0.3267889587402344,False,CALL,2027-06-17,DIS
DIS270617C00130000,130.0,8.6,8.0,10.65,1.0,7.0,0.32993223785400383,False,CALL,2027-06-17,DIS
DIS270617C00140000,140.0,6.48,5.95,6.95,,1.0,0.3036568658447265,False,CALL,2027-06-17,DIS
DIS270617P00080000,80.0,3.2,2.71,4.65,24.0,44.0,0.35169105346679685,False,PUT,2027-06-17,DIS
DIS270617P00085000,85.0,3.95,3.0,5.6,1.0,10.0,0.335944140625,False,PUT,2027-06-17,DIS
DIS270617P00090000,90.0,5.24,4.2,6.9,1.0,3.0,0.32581240600585937,False,PUT,2027-06-17,DIS
DIS270617P00095000,95.0,6.01,5.6,8.15,,1.0,0.31018756225585936,False,PUT,2027-06-17,DIS
DIS270617P00110000,110.0,12.23,12.0,13.65,,4.0,0.27637442382812494,False,PUT,2027-06-17,DIS
DIS270617P00115000,115.0,15.37,14.05,16.8,3.0,417.0,0.2814097738647461,True,PUT,2027-06-17,DIS
DIS270617P00120000,120.0,16.65,16.95,19.3,3.0,4.0,0.26901976104736325,True,PUT,2027-06-17,DIS
DIS270617P00130000,130.0,23.7,23.35,25.55,1.0,3.0,0.2538526763916016,True,PUT,2027-06-17,DIS
DIS271217C00080000,80.0,39.0,36.5,39.55,1.0,32.0,0.3931945446777344,True,CALL,2027-12-17,DIS
DIS271217C00085000,85.0,34.85,33.45,36.0,2.0,73.0,0.38233039550781245,True,CALL,2027-12-17,DIS
DIS271217C00090000,90.0,31.0,30.7,32.65,1.0,7.0,0.3728700408935547,True,CALL,2027-12-17,DIS
DIS271217C00095000,95.0,28.48,26.5,29.4,2.0,37.0,0.3624331335449219,True,CALL,2027-12-17,DIS
DIS271217C00100000,100.0,24.3,23.5,26.05,30.0,176.0,0.34754070434570306,True,CALL,2027-12-17,DIS
DIS271217C00105000,105.0,22.15,21.1,25.0,18.0,46.0,0.3706422799682617,True,CALL,2027-12-17,DIS
DIS271217C00110000,110.0,20.43,19.5,21.3,3.0,93.0,0.34393966613769533,True,CALL,2027-12-17,DIS
DIS271217C00115000,115.0,17.23,16.0,18.5,20.0,172.0,0.3304815487670898,False,CALL,2027-12-17,DIS
DIS271217C00120000,120.0,15.13,13.95,16.35,20.0,154.0,0.32507999145507804,False,CALL,2027-12-17,DIS
DIS271217C00125000,125.0,14.0,13.6,14.5,1.0,53.0,0.32187567779541015,False,CALL,2027-12-17,DIS
DIS271217C00130000,130.0,11.96,10.4,13.0,2.0,25.0,0.32175360870361325,False,CALL,2027-12-17,DIS
DIS271217C00135000,135.0,12.2,9.35,11.25,1.0,50.0,0.3149482568359374,False,CALL,2027-12-17,DIS
DIS271217C00140000,140.0,10.42,7.65,9.9,102.0,113.0,0.31238480590820306,False,CALL,2027-12-17,DIS
DIS271217P00080000,80.0,4.4,3.9,4.9,2.0,533.0,0.30811238769531246,False,PUT,2027-12-17,DIS
DIS271217P00085000,85.0,4.9,4.5,6.35,11.0,56.0,0.3057625576782227,False,PUT,2027-12-17,DIS
DIS271217P00090000,90.0,6.7,5.85,7.75,13.0,105.0,0.29743134216308587,False,PUT,2027-12-17,DIS
DIS271217P00095000,95.0,7.9,8.5,9.55,1.0,366.0,0.29337254486083975,False,PUT,2027-12-17,DIS
DIS271217P00100000,100.0,10.45,10.25,11.9,1.0,381.0,0.29526461578369134,False,PUT,2027-12-17,DIS
DIS271217P00105000,105.0,10.87,12.0,13.45,1.0,153.0,0.27875477111816405,False,PUT,2027-12-17,DIS
DIS271217P00110000,110.0,14.49,13.55,16.25,1.0,115.0,0.28043322113037106,False,PUT,2027-12-17,DIS
DIS271217P00115000,115.0,16.5,16.1,18.8,2.0,77.0,0.2740856283569336,True,PUT,2027-12-17,DIS
DIS271217P00120000,120.0,18.75,18.85,21.35,216.0,220.0,0.2642285491943359,True,PUT,2027-12-17,DIS
DIS271217P00125000,125.0,25.55,0.0,0.0,1.0,6.0,1.0000000000000003e-05,True,PUT,2027-12-17,DIS
DIS271217P00130000,130.0,28.35,25.1,27.5,1.0,18.0,0.2512892254638671,True,PUT,2027-12-17,DIS
DIS271217P00135000,135.0,35.15,0.0,0.0,2.0,26.0,1.0000000000000003e-05,True,PUT,2027-12-17,DIS
DIS271217P00140000,140.0,38.8,0.0,0.0,2.0,15.0,1.0000000000000003e-05,True,PUT,2027-12-17,DIS
DIS280121C00080000,80.0,39.18,37.0,40.0,1.0,95.0,0.394110062866211,True,CALL,2028-01-21,DIS
DIS280121C00085000,85.0,34.76,33.65,36.25,2.0,36.0,0.378363150024414,True,CALL,2028-01-21,DIS
DIS280121C00090000,90.0,31.5,31.1,32.9,2.0,289.0,0.368719691772461,True,CALL,2028-01-21,DIS
DIS280121C00095000,95.0,28.7,26.5,29.65,2.0,26.0,0.3582522671508789,True,CALL,2028-01-21,DIS
DIS280121C00100000,100.0,25.5,25.45,26.65,6.0,615.0,0.3497074307250976,True,CALL,2028-01-21,DIS
DIS280121C00105000,105.0,22.3,22.3,24.05,1.0,163.0,0.3453129434204102,True,CALL,2028-01-21,DIS
DIS280121C00110000,110.0,20.35,19.7,21.6,14.0,994.0,0.34049121429443363,True,CALL,2028-01-21,DIS
DIS280121C00115000,115.0,17.3,16.7,19.3,15.0,1334.0,0.3353337951660156,False,CALL,2028-01-21,DIS
DIS280121C00120000,120.0,16.14,15.0,17.25,18.0,337.0,0.3315496533203125,False,CALL,2028-01-21,DIS
DIS280121C00125000,125.0,13.7,13.8,14.75,7.0,206.0,0.31796946685791017,False,CALL,2028-01-21,DIS
DIS280121C00130000,130.0,12.4,11.7,13.15,1.0,963.0,0.31629101684570304,False,CALL,2028-01-21,DIS
DIS280121C00135000,135.0,11.3,10.85,11.5,1.0,263.0,0.31131670135498035,False,CALL,2028-01-21,DIS
DIS280121C00140000,140.0,9.95,9.5,10.1,10.0,361.0,0.30808187042236324,False,CALL,2028-01-21,DIS
DIS280121P00080000,80.0,4.5,4.1,5.05,1.0,192.0,0.30445031494140623,False,PUT,2028-01-21,DIS
DIS280121P00085000,85.0,5.75,5.6,6.5,1.0,86.0,0.30170376037597657,False,PUT,2028-01-21,DIS
DIS280121P00090000,90.0,7.6,6.0,7.9,3.0,341.0,0.29328099304199207,False,PUT,2028-01-21,DIS
DIS280121P00095000,95.0,8.4,7.25,9.95,2.0,86.0,0.29383030395507803,False,PUT,2028-01-21,DIS
DIS280121P00100000,100.0,9.51,9.5,12.25,20.0,586.0,0.2942880630493163,False,PUT,2028-01-21,DIS
DIS280121P00105000,105.0,12.39,11.25,14.35,1.0,392.0,0.28720805572509756,False,PUT,2028-01-21,DIS
DIS280121P00110000,110.0,14.95,13.95,17.25,105.0,462.0,0.2900156448364257,False,PUT,2028-01-21,DIS
DIS280121P00115000,115.0,17.56,15.95,19.1,4.0,149.0,0.272193557434082,True,PUT,2028-01-21,DIS
DIS280121P00120000,120.0,20.2,19.15,21.25,4.0,183.0,0.25617198913574224,True,PUT,2028-01-21,DIS
DIS280121P00125000,125.0,23.43,22.6,24.4,1.0,69.0,0.2527845718383789,True,PUT,2028-01-21,DIS
DIS280121P00130000,130.0,26.75,25.15,27.7,2.0,847.0,0.24848163635253906,True,PUT,2028-01-21,DIS
DIS280121P00135000,135.0,33.5,0.0,0.0,2.0,2.0,1.0000000000000003e-05,True,PUT,2028-01-21,DIS
DIS280121P00140000,140.0,33.2,32.4,35.5,2.0,2.0,0.2510450872802734,True,PUT,2028-01-21,DIS
DKNG260130C00024000,24.0,6.07,4.45,7.75,3.0,6.0,3.0937522656249996,True,CALL,2026-01-30,DKNG
DKNG260130C00025000,25.0,4.95,4.65,5.1,7.0,21.0,2.2578168554687497,True,CALL,2026-01-30,DKNG
DKNG260130C00026000,26.0,4.08,2.44,5.7,1.0,5.0,2.2226606933593747,True,CALL,2026-01-30,DKNG
DKNG260130C00027000,27.0,3.28,1.5,4.75,43.0,43.0,1.89453177734375,True,CALL,2026-01-30,DKNG
DKNG260130C00028000,28.0,2.03,0.78,4.05,21.0,78.0,1.8359383203124997,True,CALL,2026-01-30,DKNG
DKNG260130C00029000,29.0,1.59,0.01,3.1,1.0,12.0,1.5000025,True,CALL,2026-01-30,DKNG
DKNG260130C00029500,29.5,0.97,0.01,4.95,1.0,90.0,2.8593778515625,False,CALL,2026-01-30,DKNG
DKNG260130C00030000,30.0,0.5,0.3,0.5,1093.0,359.0,0.7070341796875,False,CALL,2026-01-30,DKNG
DKNG260130C00030500,30.5,0.33,0.19,0.37,789.0,544.0,0.7539087109375,False,CALL,2026-01-30,DKNG
DKNG260130C00031000,31.0,0.1,0.1,0.2,3696.0,1772.0,0.7187528125,False,CALL,2026-01-30,DKNG
DKNG260130C00031500,31.5,0.05,0.05,0.1,5007.0,5211.0,0.6953155468750001,False,CALL,2026-01-30,DKNG
DKNG260130C00032000,32.0,0.03,0.03,0.05,2097.0,3976.0,0.70312796875,False,CALL,2026-01-30,DKNG
DKNG260130C00032500,32.5,0.02,0.02,0.05,2201.0,3412.0,0.7812521875,False,CALL,2026-01-30,DKNG
DKNG260130C00033000,33.0,0.04,0.0,0.02,3202.0,3939.0,0.7187528125,False,CALL,2026-01-30,DKNG
DKNG260130C00033500,33.5,0.02,0.0,0.1,559.0,2909.0,1.0468797656250002,False,CALL,2026-01-30,DKNG
DKNG260130C00034000,34.0,0.01,0.0,0.02,82.0,1518.0,0.87500125,False,CALL,2026-01-30,DKNG
DKNG260130C00034500,34.5,0.01,0.0,1.71,4.0,480.0,2.800784248046875,False,CALL,2026-01-30,DKNG
DKNG260130C00035000,35.0,0.01,0.0,0.03,2.0,540.0,1.0781296093750001,False,CALL,2026-01-30,DKNG
DKNG260130C00035500,35.5,0.01,0.0,0.01,255.0,472.0,1.000005,False,CALL,2026-01-30,DKNG
DKNG260130C00036000,36.0,0.01,0.0,0.01,50.0,473.0,1.0625046875000002,False,CALL,2026-01-30,DKNG
DKNG260130C00036500,36.5,0.01,0.0,0.01,11.0,100.0,1.125004375,False,CALL,2026-01-30,DKNG
DKNG260130C00037000,37.0,0.01,0.0,0.32,3.0,489.0,2.0859422851562495,False,CALL,2026-01-30,DKNG
DKNG260130C00037500,37.5,0.01,0.0,0.01,1.0,66.0,1.2500037499999999,False,CALL,2026-01-30,DKNG
DKNG260130C00038000,38.0,0.01,0.0,0.01,6.0,1085.0,1.3125034374999998,False,CALL,2026-01-30,DKNG
DKNG260130P00023000,23.0,0.01,0.0,0.01,21.0,22.0,1.3125034374999998,False,PUT,2026-01-30,DKNG
DKNG260130P00025000,25.0,0.01,0.0,0.01,1.0,3202.0,0.937500625,False,PUT,2026-01-30,DKNG
DKNG260130P00026000,26.0,0.15,0.0,0.44,1.0,50.0,1.5546897265624997,False,PUT,2026-01-30,DKNG
DKNG260130P00027000,27.0,0.03,0.01,0.14,21.0,124.0,0.8828136718749999,False,PUT,2026-01-30,DKNG
DKNG260130P00027500,27.5,0.08,0.0,0.3,8.0,32.0,0.914063359375,False,PUT,2026-01-30,DKNG
DKNG260130P00028000,28.0,0.1,0.01,0.16,48.0,216.0,0.6171913281250001,False,PUT,2026-01-30,DKNG
DKNG260130P00028500,28.5,0.03,0.03,0.29,18.0,79.0,0.5937540625000001,False,PUT,2026-01-30,DKNG
DKNG260130P00029000,29.0,0.2,0.12,0.2,774.0,1846.0,0.46094289062500005,False,PUT,2026-01-30,DKNG
DKNG260130P00029500,29.5,0.57,0.21,0.56,305.0,386.0,0.6367223828125,True,PUT,2026-01-30,DKNG
DKNG260130P00030000,30.0,0.61,0.41,0.84,725.0,1561.0,0.62305064453125,True,PUT,2026-01-30,DKNG
DKNG260130P00030500,30.5,0.56,0.32,0.9,35.0,709.0,1.0000000000000003e-05,True,PUT,2026-01-30,DKNG
DKNG260130P00031000,31.0,0.83,0.95,1.45,81.0,557.0,1.0000000000000003e-05,True,PUT,2026-01-30,DKNG
DKNG260130P00031500,31.5,1.52,0.55,2.31,3.0,291.0,1.109379453125,True,PUT,2026-01-30,DKNG
DKNG260130P00032000,32.0,1.87,1.69,2.5,82.0,177.0,1.0000000000000003e-05,True,PUT,2026-01-30,DKNG
DKNG260130P00032500,32.5,2.1,0.5,4.1,23.0,163.0,2.5039099902343747,True,PUT,2026-01-30,DKNG
DKNG260130P00033000,33.0,2.43,1.11,4.35,21.0,375.0,2.3418010205078117,True,PUT,2026-01-30,DKNG
DKNG260130P00033500,33.5,3.42,1.81,4.95,2.0,86.0,2.6289096777343754,True,PUT,2026-01-30,DKNG
DKNG260130P00034000,34.0,3.88,2.68,4.7,2.0,145.0,1.5546897265624997,True,PUT,2026-01-30,DKNG
DKNG260130P00034500,34.5,3.9,2.56,5.65,1.0,4.0,2.4843787890625,True,PUT,2026-01-30,DKNG
DKNG260130P00035000,35.0,4.8,3.0,6.5,5.0,93.0,3.128908427734375,True,PUT,2026-01-30,DKNG
DKNG260130P00035500,35.5,5.15,3.6,7.05,12.0,0.0,3.333986040039062,True,PUT,2026-01-30,DKNG
DKNG260130P00036000,36.0,5.65,4.05,6.9,5.0,155.0,2.4218789453125,True,PUT,2026-01-30,DKNG
DKNG260130P00036500,36.5,6.25,4.55,8.0,4.0,4.0,3.519532451171875,True,PUT,2026-01-30,DKNG
DKNG260130P00037000,37.0,6.55,5.3,8.65,1.0,5.0,3.8593753515625,True,PUT,2026-01-30,DKNG
DKNG260130P00038000,38.0,6.13,6.15,9.65,,0.0,4.1015673730468745,True,PUT,2026-01-30,DKNG
DKNG260206C00023000,23.0,7.15,5.5,8.9,2.0,1.0,1.751954365234375,True,CALL,2026-02-06,DKNG
DKNG260206C00025000,25.0,5.99,3.55,6.15,1.0,1.0,1.0390673046875003,True,CALL,2026-02-06,DKNG
DKNG260206C00027500,27.5,3.32,1.84,4.45,1.0,1.0,1.119145029296875,True,CALL,2026-02-06,DKNG
DKNG260206C00028000,28.0,2.5,1.87,4.3,2.0,35.0,1.2587927685546876,True,CALL,2026-02-06,DKNG
DKNG260206C00029000,29.0,2.18,0.8,3.65,2.0,32.0,1.0771530517578127,True,CALL,2026-02-06,DKNG
DKNG260206C00029500,29.5,1.37,1.2,2.86,2.0,22.0,1.1025435498046878,False,CALL,2026-02-06,DKNG
DKNG260206C00030000,30.0,1.1,0.76,1.58,377.0,599.0,0.7578149218750001,False,CALL,2026-02-06,DKNG
DKNG260206C00030500,30.5,0.84,0.55,1.62,60.0,85.0,0.8183611914062499,False,CALL,2026-02-06,DKNG
DKNG260206C00031000,31.0,0.6,0.54,0.78,1939.0,7143.0,0.6738313867187502,False,CALL,2026-02-06,DKNG
DKNG260206C00031500,31.5,0.43,0.37,0.82,1073.0,169.0,0.7187528125,False,CALL,2026-02-06,DKNG
DKNG260206C00032000,32.0,0.4,0.23,0.4,768.0,1552.0,0.6054726953125001,False,CALL,2026-02-06,DKNG
DKNG260206C00032500,32.5,0.41,0.25,0.42,1537.0,1436.0,0.6875031250000001,False,CALL,2026-02-06,DKNG
DKNG260206C00033000,33.0,0.2,0.1,0.36,1223.0,1058.0,0.6621127539062501,False,CALL,2026-02-06,DKNG
DKNG260206C00033500,33.5,0.12,0.02,0.15,35.0,169.0,0.5507857421875001,False,CALL,2026-02-06,DKNG
DKNG260206C00034000,34.0,0.14,0.06,0.43,17.0,234.0,0.789064609375,False,CALL,2026-02-06,DKNG
DKNG260206C00034500,34.5,0.1,0.0,0.81,21.0,73.0,0.99023447265625,False,CALL,2026-02-06,DKNG
DKNG260206C00035000,35.0,0.08,0.0,0.15,24.0,1827.0,0.6718782812500002,False,CALL,2026-02-06,DKNG
DKNG260206C00035500,35.5,0.06,0.0,0.07,1.0,13.0,0.6210975390625001,False,CALL,2026-02-06,DKNG
DKNG260206C00036000,36.0,0.04,0.02,0.05,2.0,429.0,0.6601596484375001,False,CALL,2026-02-06,DKNG
DKNG260206C00036500,36.5,0.07,0.0,1.0,1.0,8.0,1.291019169921875,False,CALL,2026-02-06,DKNG
DKNG260206C00037000,37.0,0.02,0.01,0.04,2.0,312.0,0.6953155468750001,False,CALL,2026-02-06,DKNG
DKNG260206C00037500,37.5,0.06,0.0,0.11,3.0,58.0,0.8281267187499999,False,CALL,2026-02-06,DKNG
DKNG260206C00038000,38.0,0.02,0.0,0.3,9.0,542.0,1.052739111328125,False,CALL,2026-02-06,DKNG
DKNG260206P00024000,24.0,0.05,0.0,2.14,2.0,26.0,1.8417976660156248,False,PUT,2026-02-06,DKNG
DKNG260206P00025000,25.0,0.06,0.04,1.22,14.0,13.0,1.2812535937499998,False,PUT,2026-02-06,DKNG
DKNG260206P00027000,27.0,0.14,0.03,0.79,40.0,26.0,0.7304714453125,False,PUT,2026-02-06,DKNG
DKNG260206P00027500,27.5,0.16,0.15,1.83,2.0,27.0,1.017583037109375,False,PUT,2026-02-06,DKNG
DKNG260206P00028000,28.0,0.46,0.3,0.45,485.0,264.0,0.5214891601562499,False,PUT,2026-02-06,DKNG
DKNG260206P00028500,28.5,0.47,0.34,2.14,100.0,73.0,0.930664755859375,False,PUT,2026-02-06,DKNG
DKNG260206P00029000,29.0,0.75,0.62,1.0,135.0,922.0,0.5664105859375,False,PUT,2026-02-06,DKNG
DKNG260206P00029500,29.5,0.66,0.76,1.32,98.0,326.0,0.56055126953125,True,PUT,2026-02-06,DKNG
DKNG260206P00030000,30.0,1.17,1.08,1.5,692.0,1720.0,0.5449264257812501,True,PUT,2026-02-06,DKNG
DKNG260206P00030500,30.5,1.55,1.42,1.71,61.0,173.0,0.5205126074218749,True,PUT,2026-02-06,DKNG
DKNG260206P00031000,31.0,1.6,1.84,1.94,28.0,423.0,0.5019581054687501,True,PUT,2026-02-06,DKNG
DKNG260206P00031500,31.5,1.8,0.41,2.87,4.0,475.0,0.8789074609374999,True,PUT,2026-02-06,DKNG
DKNG260206P00032000,32.0,2.09,2.0,2.99,9.0,471.0,0.7216824707031251,True,PUT,2026-02-06,DKNG
DKNG260206P00032500,32.5,2.4,2.42,3.4,20.0,410.0,0.72851833984375,True,PUT,2026-02-06,DKNG
DKNG260206P00033000,33.0,2.94,2.74,4.0,13.0,621.0,0.86914193359375,True,PUT,2026-02-06,DKNG
DKNG260206P00033500,33.5,3.48,1.65,4.9,2.0,18.0,1.2070352148437498,True,PUT,2026-02-06,DKNG
DKNG260206P00034000,34.0,3.73,3.0,5.05,14.0,642.0,1.0351610742187503,True,PUT,2026-02-06,DKNG
DKNG260206P00034500,34.5,4.6,2.79,6.1,2.0,5.0,1.4736354443359376,True,PUT,2026-02-06,DKNG
DKNG260206P00035000,35.0,4.8,3.4,5.75,228.0,808.0,0.8906260937499999,True,PUT,2026-02-06,DKNG
DKNG260206P00035500,35.5,5.16,3.5,6.25,1.0,4.0,0.9414068359375,True,PUT,2026-02-06,DKNG
DKNG260206P00036000,36.0,6.1,4.1,7.25,11.0,290.0,1.423831005859375,True,PUT,2026-02-06,DKNG
DKNG260206P00036500,36.5,6.2,4.55,7.25,2.0,4.0,1.0390673046875003,True,PUT,2026-02-06,DKNG
DKNG260206P00037000,37.0,7.1,5.1,8.6,4.0,4.0,1.7861338818359376,True,PUT,2026-02-06,DKNG
DKNG260206P00037500,37.5,7.6,5.6,9.05,4.0,0.0,1.8085947070312498,True,PUT,2026-02-06,DKNG
DKNG260206P00038000,38.0,7.38,6.1,9.5,1.0,1.0,1.8291024169921872,True,PUT,2026-02-06,DKNG
DKNG260213C00025000,25.0,5.61,4.05,7.35,1.0,51.0,1.291019169921875,True,CALL,2026-02-13,DKNG
DKNG260213C00027000,27.0,8.85,2.37,5.4,,1.0,1.0371141894531253,True,CALL,2026-02-13,DKNG
DKNG260213C00028000,28.0,3.59,1.8,4.0,1.0,7.0,0.8632826171875,True,CALL,2026-02-13,DKNG
DKNG260213C00029000,29.0,2.36,2.21,3.45,15.0,16.0,1.0576218994140625,True,CALL,2026-02-13,DKNG
DKNG260213C00030000,30.0,1.82,0.53,2.12,27.0,161.0,0.63086306640625,False,CALL,2026-02-13,DKNG
DKNG260213C00031000,31.0,1.48,0.29,1.98,24.0,401.0,0.70898728515625,False,CALL,2026-02-13,DKNG
DKNG260213C00032000,32.0,0.97,0.97,1.61,137.0,398.0,0.9101571484375,False,CALL,2026-02-13,DKNG
DKNG260213C00033000,33.0,1.03,0.67,1.1,33.0,557.0,0.8491226025390625,False,CALL,2026-02-13,DKNG
DKNG260213C00034000,34.0,0.84,0.32,1.07,21.0,230.0,0.85937640625,False,CALL,2026-02-13,DKNG
DKNG260213C00035000,35.0,0.59,0.35,0.7,267.0,1212.0,0.85937640625,False,CALL,2026-02-13,DKNG
DKNG260213C00036000,36.0,0.36,0.25,0.5,4.0,447.0,0.8457046679687499,False,CALL,2026-02-13,DKNG
DKNG260213C00037000,37.0,0.26,0.2,0.52,3.0,972.0,0.911133701171875,False,CALL,2026-02-13,DKNG
DKNG260213C00038000,38.0,0.22,0.05,0.95,106.0,370.0,1.0830123974609376,False,CALL,2026-02-13,DKNG
DKNG260213P00024000,24.0,0.15,0.0,2.0,1.0,2.0,1.3398470507812497,False,PUT,2026-02-13,DKNG
DKNG260213P00025000,25.0,0.33,0.03,0.55,2.0,97.0,0.726565234375,False,PUT,2026-02-13,DKNG
DKNG260213P00026000,26.0,0.46,0.23,0.7,1.0,549.0,0.71679970703125,False,PUT,2026-02-13,DKNG
DKNG260213P00027000,27.0,0.65,0.25,0.94,30.0,659.0,0.648441015625,False,PUT,2026-02-13,DKNG
DKNG260213P00028000,28.0,0.96,0.49,2.28,2.0,290.0,0.852540537109375,False,PUT,2026-02-13,DKNG
DKNG260213P00029000,29.0,1.28,0.68,2.07,19.0,125.0,0.659183095703125,False,PUT,2026-02-13,DKNG
DKNG260213P00030000,30.0,1.79,1.0,2.98,23.0,1265.0,0.694338994140625,True,PUT,2026-02-13,DKNG
DKNG260213P00031000,31.0,2.28,1.6,4.25,2.0,197.0,0.8261736132812498,True,PUT,2026-02-13,DKNG
DKNG260213P00032000,32.0,2.97,1.41,4.25,1.0,275.0,1.1005904345703126,True,PUT,2026-02-13,DKNG
DKNG260213P00033000,33.0,3.64,2.34,5.05,4.0,107.0,1.142582412109375,True,PUT,2026-02-13,DKNG
DKNG260213P00034000,34.0,4.55,3.35,5.65,1.0,109.0,1.0771530517578127,True,PUT,2026-02-13,DKNG
DKNG260213P00035000,35.0,5.24,3.5,6.3,1.0,36.0,1.0048877880859375,True,PUT,2026-02-13,DKNG
DKNG260213P00036000,36.0,6.25,4.6,7.05,2.0,81.0,0.9531254687499999,True,PUT,2026-02-13,DKNG
DKNG260213P00037000,37.0,7.23,5.3,8.0,3.0,66.0,1.0009815576171874,True,PUT,2026-02-13,DKNG
DKNG260220C00022500,22.5,8.32,6.25,9.65,1.0,102.0,1.3046909765624997,True,CALL,2026-02-20,DKNG
DKNG260220C00024000,24.0,6.45,5.05,7.8,1.0,1.0,1.0849655126953124,True,CALL,2026-02-20,DKNG
DKNG260220C00025000,25.0,6.08,5.1,7.55,2.0,549.0,1.3466829541015621,True,CALL,2026-02-20,DKNG
DKNG260220C00026000,26.0,5.04,3.35,6.65,1.0,2.0,1.059086735839844,True,CALL,2026-02-20,DKNG
DKNG260220C00027000,27.0,5.99,2.84,5.25,,1.0,0.9267585449218749,True,CALL,2026-02-20,DKNG
DKNG260220C00027500,27.5,3.65,2.0,5.0,2.0,159.0,0.8334977587890623,True,CALL,2026-02-20,DKNG
DKNG260220C00028000,28.0,3.25,2.81,4.8,6.0,21.0,1.0459032080078128,True,CALL,2026-02-20,DKNG
DKNG260220C00029000,29.0,2.82,2.43,3.2,2.0,16.0,0.87695435546875,True,CALL,2026-02-20,DKNG
DKNG260220C00029500,29.5,2.68,2.05,2.9,4.0,6.0,0.840821904296875,False,CALL,2026-02-20,DKNG
DKNG260220C00030000,30.0,2.11,1.82,2.16,208.0,2863.0,0.75195560546875,False,CALL,2026-02-20,DKNG
DKNG260220C00030500,30.5,2.06,1.74,2.25,13.0,64.0,0.8227556787109375,False,CALL,2026-02-20,DKNG
DKNG260220C00031000,31.0,1.7,1.49,2.01,68.0,152.0,0.8037129003906249,False,CALL,2026-02-20,DKNG
DKNG260220C00031500,31.5,1.8,1.35,2.08,1.0,119.0,0.852540537109375,False,CALL,2026-02-20,DKNG
DKNG260220C00032000,32.0,1.26,1.11,1.66,31.0,249.0,0.7929708203125,False,CALL,2026-02-20,DKNG
DKNG260220C00032500,32.5,1.22,0.95,1.59,529.0,6781.0,0.804689453125,False,CALL,2026-02-20,DKNG
DKNG260220C00033000,33.0,1.32,0.84,1.34,49.0,110.0,0.78711150390625,False,CALL,2026-02-20,DKNG
DKNG260220C00033500,33.5,0.9,0.7,1.22,11.0,40.0,0.7832052929687501,False,CALL,2026-02-20,DKNG
DKNG260220C00034000,34.0,1.02,0.61,0.85,45.0,2185.0,0.7324245507812499,False,CALL,2026-02-20,DKNG
DKNG260220C00034500,34.5,0.9,0.52,2.49,5.0,41.0,1.0810592822265626,False,CALL,2026-02-20,DKNG
DKNG260220C00035000,35.0,0.66,0.5,0.67,348.0,10570.0,0.745119736328125,False,CALL,2026-02-20,DKNG
DKNG260220C00035500,35.5,0.45,0.42,2.03,1.0,294.0,1.0576218994140625,False,CALL,2026-02-20,DKNG
DKNG260220C00036000,36.0,0.44,0.35,0.6,8.0,113.0,0.7607445800781252,False,CALL,2026-02-20,DKNG
DKNG260220C00036500,36.5,0.36,0.01,2.48,41.0,105.0,1.1445355273437499,False,CALL,2026-02-20,DKNG
DKNG260220C00037000,37.0,0.31,0.26,0.56,6.0,620.0,0.790041162109375,False,CALL,2026-02-20,DKNG
DKNG260220C00037500,37.5,0.29,0.23,0.3,378.0,15588.0,0.726565234375,False,CALL,2026-02-20,DKNG
DKNG260220C00038000,38.0,0.26,0.1,0.35,2.0,82.0,0.7246121289062499,False,CALL,2026-02-20,DKNG
DKNG260220P00022500,22.5,0.45,0.0,0.75,30.0,292.0,0.937500625,False,PUT,2026-02-20,DKNG
DKNG260220P00023000,23.0,0.26,0.01,0.89,1.0,1.0,0.9335944140625,False,PUT,2026-02-20,DKNG
DKNG260220P00024000,24.0,0.32,0.19,0.45,10.0,153.0,0.7314479980468749,False,PUT,2026-02-20,DKNG
DKNG260220P00025000,25.0,0.46,0.42,0.5,1.0,7955.0,0.70898728515625,False,PUT,2026-02-20,DKNG
DKNG260220P00026000,26.0,0.57,0.57,1.06,5.0,28.0,0.764650791015625,False,PUT,2026-02-20,DKNG
DKNG260220P00027000,27.0,0.8,0.82,1.0,5.0,218.0,0.6733431103515627,False,PUT,2026-02-20,DKNG
DKNG260220P00027500,27.5,1.05,0.91,1.15,15.0,6715.0,0.6523472265625001,False,PUT,2026-02-20,DKNG
DKNG260220P00028000,28.0,1.23,1.14,1.4,13.0,431.0,0.6689486230468751,False,PUT,2026-02-20,DKNG
DKNG260220P00029000,29.0,1.57,1.56,1.75,14.0,91.0,0.6459996337890624,False,PUT,2026-02-20,DKNG
DKNG260220P00029500,29.5,1.76,1.64,3.7,5.0,80.0,0.90429783203125,True,PUT,2026-02-20,DKNG
DKNG260220P00030000,30.0,1.84,1.99,2.62,112.0,7861.0,0.68555001953125,True,PUT,2026-02-20,DKNG
DKNG260220P00030500,30.5,2.32,2.22,3.15,1.0,9.0,0.7143583251953125,True,PUT,2026-02-20,DKNG
DKNG260220P00031000,31.0,2.61,2.52,4.2,2.0,164.0,0.8383805224609374,True,PUT,2026-02-20,DKNG
DKNG260220P00031500,31.5,2.63,2.81,3.7,1.0,79.0,0.6884796777343751,True,PUT,2026-02-20,DKNG
DKNG260220P00032000,32.0,3.2,3.1,4.95,2.0,43.0,0.8393570751953124,True,PUT,2026-02-20,DKNG
DKNG260220P00032500,32.5,3.65,3.35,4.05,39.0,10691.0,0.5844768115234374,True,PUT,2026-02-20,DKNG
DKNG260220P00033000,33.0,3.8,2.2,4.2,2.0,12.0,0.629886513671875,True,PUT,2026-02-20,DKNG
DKNG260220P00033500,33.5,4.25,2.44,5.05,1.0,2.0,0.81445498046875,True,PUT,2026-02-20,DKNG
DKNG260220P00034000,34.0,4.55,3.25,5.2,1.0,11.0,0.7148466015625,True,PUT,2026-02-20,DKNG
DKNG260220P00034500,34.5,4.64,3.1,6.75,10.0,18.0,1.1679729101562502,True,PUT,2026-02-20,DKNG
DKNG260220P00035000,35.0,5.14,5.05,6.0,2.0,5578.0,0.6992217578125001,True,PUT,2026-02-20,DKNG
DKNG260220P00036000,36.0,5.7,4.35,7.7,3.0,4.0,1.083988955078125,True,PUT,2026-02-20,DKNG
DKNG260220P00037000,37.0,7.29,5.25,8.5,3.0,11.0,1.0742233789062503,True,PUT,2026-02-20,DKNG
DKNG260220P00037500,37.5,7.97,5.7,9.2,18.0,1392.0,1.1953165234375,True,PUT,2026-02-20,DKNG
DKNG260227C00025000,25.0,6.1,4.15,7.25,1.0,7.0,0.9428716650390624,True,CALL,2026-02-27,DKNG
DKNG260227C00026000,26.0,6.55,4.05,6.55,,50.0,1.0332079589843752,True,CALL,2026-02-27,DKNG
DKNG260227C00027000,27.0,4.03,3.6,5.1,1.0,26.0,0.913086806640625,True,CALL,2026-02-27,DKNG
DKNG260227C00028000,28.0,3.1,2.19,4.5,1.0,21.0,0.77148666015625,True,CALL,2026-02-27,DKNG
DKNG260227C00029000,29.0,2.77,1.93,4.5,4.0,14.0,0.8886729882812499,True,CALL,2026-02-27,DKNG
DKNG260227C00030000,30.0,2.38,1.16,2.85,2.0,63.0,0.6626010302734376,False,CALL,2026-02-27,DKNG
DKNG260227C00031000,31.0,1.75,0.75,2.39,2.0,142.0,0.6499058447265625,False,CALL,2026-02-27,DKNG
DKNG260227C00032000,32.0,1.6,0.63,2.56,22.0,528.0,0.7597680273437502,False,CALL,2026-02-27,DKNG
DKNG260227C00033000,33.0,1.29,0.61,1.51,32.0,223.0,0.6792024267578126,False,CALL,2026-02-27,DKNG
DKNG260227C00034000,34.0,0.8,0.4,2.73,20.0,559.0,0.9262702685546875,False,CALL,2026-02-27,DKNG
DKNG260227C00035000,35.0,0.55,0.55,1.21,76.0,418.0,0.7675804492187501,False,CALL,2026-02-27,DKNG
DKNG260227C00036000,36.0,0.6,0.34,0.93,10.0,87.0,0.737307314453125,False,CALL,2026-02-27,DKNG
DKNG260227C00037000,37.0,0.5,0.2,0.9,27.0,127.0,0.7587914746093751,False,CALL,2026-02-27,DKNG
DKNG260227C00038000,38.0,0.38,0.17,2.42,1.0,37.0,1.1162153564453123,False,CALL,2026-02-27,DKNG
DKNG260227P00022000,22.0,0.21,0.0,1.15,1.0,1.0,0.9970703417968749,False,PUT,2026-02-27,DKNG
DKNG260227P00024000,24.0,0.31,0.19,0.7,40.0,47.0,0.7128934960937501,False,PUT,2026-02-27,DKNG
DKNG260227P00025000,25.0,0.55,0.41,0.93,27.0,38.0,0.719729365234375,False,PUT,2026-02-27,DKNG
DKNG260227P00026000,26.0,0.83,0.59,0.83,3.0,80.0,0.6279334082031252,False,PUT,2026-02-27,DKNG
DKNG260227P00027000,27.0,0.76,0.5,1.5,3.0,38.0,0.6215858154296876,False,PUT,2026-02-27,DKNG
DKNG260227P00028000,28.0,1.39,0.93,1.57,2.0,82.0,0.5795940478515625,False,PUT,2026-02-27,DKNG
DKNG260227P00029000,29.0,1.56,1.35,1.9,2.0,220.0,0.5566450585937501,False,PUT,2026-02-27,DKNG
DKNG260227P00030000,30.0,2.12,1.31,2.79,2.0,79.0,0.5249070947265625,True,PUT,2026-02-27,DKNG
DKNG260227P00031000,31.0,2.6,1.72,3.15,1.0,541.0,0.6709017285156251,True,PUT,2026-02-27,DKNG
DKNG260227P00032000,32.0,3.18,3.15,4.15,4.0,28.0,0.6176796044921876,True,PUT,2026-02-27,DKNG
DKNG260227P00033000,33.0,3.8,2.86,5.0,9.0,81.0,0.8183611914062499,True,PUT,2026-02-27,DKNG
DKNG260227P00034000,34.0,4.77,3.3,5.4,2.0,42.0,0.6992217578125001,True,PUT,2026-02-27,DKNG
DKNG260227P00035000,35.0,5.18,5.3,7.8,1.0,62.0,0.8261736132812498,True,PUT,2026-02-27,DKNG
DKNG260227P00036000,36.0,5.0,4.55,8.25,1.0,13.0,1.1357465087890626,True,PUT,2026-02-27,DKNG
DKNG260227P00037000,37.0,4.96,5.4,8.65,2.0,25.0,0.9970703417968749,True,PUT,2026-02-27,DKNG
DKNG260306C00030000,30.0,2.85,1.97,3.65,2.0,21.0,0.8105487695312499,False,CALL,2026-03-06,DKNG
DKNG260306C00031000,31.0,2.17,1.44,2.68,6.0,40.0,0.7158231542968749,False,CALL,2026-03-06,DKNG
DKNG260306C00032000,32.0,1.74,1.38,2.37,4.0,38.0,0.7597680273437502,False,CALL,2026-03-06,DKNG
DKNG260306C00033000,33.0,1.35,1.07,2.28,2.0,25.0,0.788088056640625,False,CALL,2026-03-06,DKNG
DKNG260306C00034000,34.0,1.1,0.05,2.98,6.0,20.0,0.8183611914062499,False,CALL,2026-03-06,DKNG
DKNG260306C00035000,35.0,0.88,0.42,1.71,33.0,41.0,0.7509790527343749,False,CALL,2026-03-06,DKNG
DKNG260306C00038000,38.0,0.41,0.07,2.46,3.0,5.0,0.9941406835937501,False,CALL,2026-03-06,DKNG
DKNG260306P00024000,24.0,0.47,0.34,0.65,3.0,5.0,0.6669955175781253,False,PUT,2026-03-06,DKNG
DKNG260306P00025000,25.0,0.53,0.2,1.74,1.0,14.0,0.76367423828125,False,PUT,2026-03-06,DKNG
DKNG260306P00027000,27.0,1.03,0.97,1.95,1.0,15.0,0.7026396923828125,False,PUT,2026-03-06,DKNG
DKNG260306P00030000,30.0,2.3,1.82,3.05,20.0,28.0,0.5766643896484375,True,PUT,2026-03-06,DKNG
DKNG260306P00032000,32.0,3.43,3.35,4.75,12.0,13.0,0.6704134521484376,True,PUT,2026-03-06,DKNG
DKNG260306P00033000,33.0,3.87,2.88,4.85,1.0,4.0,0.6958038232421876,True,PUT,2026-03-06,DKNG
DKNG260306P00035000,35.0,5.23,5.5,7.0,6.0,8.0,0.64648791015625,True,PUT,2026-03-06,DKNG
DKNG260320C00022500,22.5,12.15,6.75,9.4,1.0,22.0,0.9184578466796876,True,CALL,2026-03-20,DKNG
DKNG260320C00025000,25.0,5.85,4.65,7.9,1.0,307.0,0.8881847119140623,True,CALL,2026-03-20,DKNG
DKNG260320C00027500,27.5,4.35,3.6,4.4,1.0,350.0,0.6821320849609377,True,CALL,2026-03-20,DKNG
DKNG260320C00030000,30.0,2.72,2.55,2.97,38.0,2068.0,0.6787141503906251,False,CALL,2026-03-20,DKNG
DKNG260320C00032500,32.5,1.6,1.44,1.97,224.0,3729.0,0.6435582519531251,False,CALL,2026-03-20,DKNG
DKNG260320C00035000,35.0,0.95,0.95,1.28,552.0,12894.0,0.6528355029296876,False,CALL,2026-03-20,DKNG
DKNG260320C00037500,37.5,0.6,0.54,0.82,127.0,4144.0,0.6479527392578125,False,CALL,2026-03-20,DKNG
DKNG260320P00022500,22.5,0.39,0.27,0.5,100.0,864.0,0.6347692773437501,False,PUT,2026-03-20,DKNG
DKNG260320P00025000,25.0,0.84,0.67,1.0,111.0,1283.0,0.6074258007812501,False,PUT,2026-03-20,DKNG
DKNG260320P00027500,27.5,1.6,1.34,1.67,25.0,8483.0,0.559574716796875,False,PUT,2026-03-20,DKNG
DKNG260320P00030000,30.0,2.49,2.4,2.98,50.0,7914.0,0.5493209130859377,True,PUT,2026-03-20,DKNG
DKNG260320P00032500,32.5,3.92,3.9,4.55,24.0,5327.0,0.5283250292968751,True,PUT,2026-03-20,DKNG
DKNG260320P00035000,35.0,5.59,5.7,6.4,2.0,3610.0,0.5937540625000001,True,PUT,2026-03-20,DKNG
DKNG260320P00037500,37.5,7.65,6.0,8.35,2.0,4015.0,0.5258836474609375,True,PUT,2026-03-20,DKNG
DKNG260515C00022500,22.5,9.1,7.5,10.55,10.0,26.0,0.8535170898437501,True,CALL,2026-05-15,DKNG
DKNG260515C00025000,25.0,6.98,6.5,7.35,3.0,73.0,0.7380397290039062,True,CALL,2026-05-15,DKNG
DKNG260515C00027500,27.5,5.25,4.8,5.65,1.0,52.0,0.6777375976562501,True,CALL,2026-05-15,DKNG
DKNG260515C00030000,30.0,3.75,3.4,4.35,200.0,3705.0,0.6445348046875,False,CALL,2026-05-15,DKNG
DKNG260515C00032500,32.5,3.3,2.67,3.3,32.0,623.0,0.6489292919921875,False,CALL,2026-05-15,DKNG
DKNG260515C00035000,35.0,2.0,1.8,2.4,40.0,2045.0,0.622074091796875,False,CALL,2026-05-15,DKNG
DKNG260515C00037500,37.5,1.36,1.02,1.87,1.0,987.0,0.6020547607421877,False,CALL,2026-05-15,DKNG
DKNG260515P00022500,22.5,0.9,0.81,1.19,7.0,1002.0,0.6152382226562501,False,PUT,2026-05-15,DKNG
DKNG260515P00025000,25.0,1.55,1.39,1.95,3.0,763.0,0.5927775097656252,False,PUT,2026-05-15,DKNG
DKNG260515P00027500,27.5,2.35,2.21,2.75,23.0,1007.0,0.5524947094726562,False,PUT,2026-05-15,DKNG
DKNG260515P00030000,30.0,3.53,3.3,4.1,14.0,1394.0,0.5380905566406251,True,PUT,2026-05-15,DKNG
DKNG260515P00032500,32.5,5.12,4.8,5.4,96.0,1550.0,0.5085498364257812,True,PUT,2026-05-15,DKNG
DKNG260515P00035000,35.0,6.5,6.5,7.1,10.0,7999.0,0.5376022802734376,True,PUT,2026-05-15,DKNG
DKNG260515P00037500,37.5,8.29,8.45,8.9,177.0,1350.0,0.49561051269531253,True,PUT,2026-05-15,DKNG
DKNG260618C00023000,23.0,10.7,7.05,10.45,1.0,48.0,0.7521997436523438,True,CALL,2026-06-18,DKNG
DKNG260618C00025000,25.0,7.25,6.85,7.55,1.0,209.0,0.6894562304687502,True,CALL,2026-06-18,DKNG
DKNG260618C00028000,28.0,5.43,4.95,5.75,2.0,372.0,0.6450230810546875,True,CALL,2026-06-18,DKNG
DKNG260618C00030000,30.0,4.2,4.0,4.85,48.0,827.0,0.6379430737304688,False,CALL,2026-06-18,DKNG
DKNG260618C00032000,32.0,3.56,2.95,3.8,34.0,719.0,0.5964395825195312,False,CALL,2026-06-18,DKNG
DKNG260618C00035000,35.0,2.52,1.97,2.62,4.0,3976.0,0.570316796875,False,CALL,2026-06-18,DKNG
DKNG260618C00037000,37.0,1.9,1.7,2.17,10.0,1380.0,0.5856975024414062,False,CALL,2026-06-18,DKNG
DKNG260618P00023000,23.0,1.28,1.11,1.7,12.0,343.0,0.5903361279296876,False,PUT,2026-06-18,DKNG
DKNG260618P00025000,25.0,1.75,1.61,2.01,20.0,3016.0,0.5397995239257813,False,PUT,2026-06-18,DKNG
DKNG260618P00028000,28.0,3.15,2.79,3.25,619.0,4801.0,0.5241746801757812,False,PUT,2026-06-18,DKNG
DKNG260618P00030000,30.0,3.8,2.35,3.65,34.0,2854.0,0.4611870288085938,True,PUT,2026-06-18,DKNG
DKNG260618P00032000,32.0,4.9,4.85,5.5,4.0,2205.0,0.543949873046875,True,PUT,2026-06-18,DKNG
DKNG260618P00035000,35.0,6.88,6.8,7.3,72.0,1983.0,0.49707534179687507,True,PUT,2026-06-18,DKNG
DKNG260618P00037000,37.0,8.49,8.25,9.05,24.0,1164.0,0.5249070947265625,True,PUT,2026-06-18,DKNG
DKNG260821C00025000,25.0,8.8,7.7,8.5,6.0,15.0,0.6918976123046876,True,CALL,2026-08-21,DKNG
DKNG260821C00027500,27.5,6.41,6.25,7.1,1.0,8.0,0.6665072412109377,True,CALL,2026-08-21,DKNG
DKNG260821C00030000,30.0,5.2,5.0,5.9,5.0,173.0,0.6467320483398438,False,CALL,2026-08-21,DKNG
DKNG260821C00032500,32.5,4.25,3.95,4.9,2.0,100.0,0.6323278955078125,False,CALL,2026-08-21,DKNG
DKNG260821C00035000,35.0,3.4,2.8,4.05,50.0,122.0,0.6041299353027345,False,CALL,2026-08-21,DKNG
DKNG260821C00037500,37.5,2.72,2.35,3.3,3.0,70.0,0.6064492480468751,False,CALL,2026-08-21,DKNG
DKNG260821P00022500,22.5,1.76,1.49,2.14,1.0,79.0,0.5832561206054687,False,PUT,2026-08-21,DKNG
DKNG260821P00025000,25.0,2.4,1.7,3.05,4.0,60.0,0.526371923828125,False,PUT,2026-08-21,DKNG
DKNG260821P00027500,27.5,3.35,2.84,4.5,13.0,45.0,0.543949873046875,False,PUT,2026-08-21,DKNG
DKNG260821P00030000,30.0,4.42,4.35,5.3,51.0,85.0,0.5172167419433593,True,PUT,2026-08-21,DKNG
DKNG260821P00032500,32.5,5.82,5.8,6.8,1.0,151.0,0.5048877636718749,True,PUT,2026-08-21,DKNG
DKNG260821P00035000,35.0,6.57,7.45,8.35,41.0,115.0,0.5380905566406251,True,PUT,2026-08-21,DKNG
DKNG260821P00037500,37.5,8.67,9.25,10.15,3.0,53.0,0.5251512329101562,True,PUT,2026-08-21,DKNG
DKNG260918C00022500,22.5,10.9,8.55,11.85,2.0,60.0,0.7475611181640626,True,CALL,2026-09-18,DKNG
DKNG260918C00025000,25.0,8.25,7.8,8.75,50.0,270.0,0.6709017285156251,True,CALL,2026-09-18,DKNG
DKNG260918C00027500,27.5,6.85,6.3,7.4,2.0,130.0,0.6452672192382812,True,CALL,2026-09-18,DKNG
DKNG260918C00030000,30.0,5.6,5.25,6.25,12.0,295.0,0.6391637646484375,False,CALL,2026-09-18,DKNG
DKNG260918C00032500,32.5,4.82,4.1,5.2,1.0,197.0,0.6169471899414063,False,CALL,2026-09-18,DKNG
DKNG260918C00035000,35.0,3.65,3.3,4.35,7.0,2874.0,0.6096230444335939,False,CALL,2026-09-18,DKNG
DKNG260918C00037500,37.5,3.0,2.6,3.65,2.0,323.0,0.6020547607421877,False,CALL,2026-09-18,DKNG
DKNG260918P00022500,22.5,1.8,1.45,2.0,10.0,47.0,0.5334519311523438,False,PUT,2026-09-18,DKNG
DKNG260918P00025000,25.0,2.56,1.8,3.0,3.0,1961.0,0.5734905932617188,False,PUT,2026-09-18,DKNG
DKNG260918P00027500,27.5,3.54,3.35,4.3,20.0,66.0,0.5280808911132813,False,PUT,2026-09-18,DKNG
DKNG260918P00030000,30.0,4.85,5.1,5.15,92.0,3502.0,0.5174608801269531,True,PUT,2026-09-18,DKNG
DKNG260918P00032500,32.5,5.65,6.0,7.05,4.0,508.0,0.5534712622070312,True,PUT,2026-09-18,DKNG
DKNG260918P00035000,35.0,5.6,5.85,9.35,66.0,3337.0,0.6125527026367189,True,PUT,2026-09-18,DKNG
DKNG260918P00037500,37.5,9.46,9.4,10.4,2.0,1251.0,0.5214891601562499,True,PUT,2026-09-18,DKNG
DKNG261218C00023000,23.0,10.55,9.35,13.4,2.0,236.0,0.8022480712890624,True,CALL,2026-12-18,DKNG
DKNG261218C00025000,25.0,10.12,8.8,9.75,25.0,311.0,0.6755403540039064,True,CALL,2026-12-18,DKNG
DKNG261218C00028000,28.0,8.01,7.15,8.25,10.0,66.0,0.6508823974609376,True,CALL,2026-12-18,DKNG
DKNG261218C00030000,30.0,6.9,6.25,7.35,1.0,607.0,0.639652041015625,False,CALL,2026-12-18,DKNG
DKNG261218C00033000,33.0,5.45,5.0,6.2,1.0,490.0,0.6237830590820312,False,CALL,2026-12-18,DKNG
DKNG261218C00035000,35.0,4.7,4.35,4.9,102.0,1517.0,0.5892375061035158,False,CALL,2026-12-18,DKNG
DKNG261218C00038000,38.0,4.0,3.5,4.35,1.0,236.0,0.5950968225097657,False,CALL,2026-12-18,DKNG
DKNG261218P00023000,23.0,2.62,2.17,2.83,360.0,561.0,0.52539537109375,False,PUT,2026-12-18,DKNG
DKNG261218P00025000,25.0,3.25,2.93,3.6,5.0,960.0,0.5148974291992188,False,PUT,2026-12-18,DKNG
DKNG261218P00028000,28.0,4.55,4.35,5.3,1.0,607.0,0.5183153637695312,False,PUT,2026-12-18,DKNG
DKNG261218P00030000,30.0,5.2,5.35,7.95,8.0,427.0,0.5793499096679688,True,PUT,2026-12-18,DKNG
DKNG261218P00033000,33.0,6.65,6.05,7.75,50.0,2166.0,0.5019581054687501,True,PUT,2026-12-18,DKNG
DKNG261218P00035000,35.0,9.1,8.3,9.0,10.0,1265.0,0.4875539526367188,True,PUT,2026-12-18,DKNG
DKNG261218P00038000,38.0,9.96,9.7,11.0,10.0,1599.0,0.4621635815429688,True,PUT,2026-12-18,DKNG
DKNG270115C00023000,23.0,9.83,9.7,11.45,20.0,166.0,0.6811555322265627,True,CALL,2027-01-15,DKNG
DKNG270115C00025000,25.0,9.95,7.85,10.05,1.0,526.0,0.6152382226562501,True,CALL,2027-01-15,DKNG
DKNG270115C00028000,28.0,7.08,6.8,8.55,10.0,535.0,0.6223182299804688,True,CALL,2027-01-15,DKNG
DKNG270115C00030000,30.0,6.9,6.5,7.65,1.0,608.0,0.63867548828125,False,CALL,2027-01-15,DKNG
DKNG270115C00033000,33.0,5.6,5.25,7.2,2.0,1058.0,0.6530796411132813,False,CALL,2027-01-15,DKNG
DKNG270115C00035000,35.0,5.0,4.4,5.8,6.0,1940.0,0.6066933862304689,False,CALL,2027-01-15,DKNG
DKNG270115C00037000,37.0,4.31,4.05,5.2,11.0,443.0,0.6112099426269533,False,CALL,2027-01-15,DKNG
DKNG270115P00023000,23.0,2.7,2.46,3.4,80.0,1730.0,0.5529829858398438,False,PUT,2027-01-15,DKNG
DKNG270115P00025000,25.0,3.45,3.05,4.65,100.0,6329.0,0.5537154003906251,False,PUT,2027-01-15,DKNG
DKNG270115P00028000,28.0,4.78,4.45,5.65,180.0,4264.0,0.5178270874023438,False,PUT,2027-01-15,DKNG
DKNG270115P00030000,30.0,5.65,5.45,6.15,2.0,7395.0,0.5112353564453125,True,PUT,2027-01-15,DKNG
DKNG270115P00033000,33.0,7.35,7.15,8.45,16.0,253.0,0.5419967675781252,True,PUT,2027-01-15,DKNG
DKNG270115P00035000,35.0,8.45,8.4,9.75,1.0,2389.0,0.5329636547851562,True,PUT,2027-01-15,DKNG
DKNG270115P00037000,37.0,9.25,9.8,11.1,5.0,1613.0,0.5214891601562499,True,PUT,2027-01-15,DKNG
DKNG271217C00023000,23.0,12.4,12.4,14.25,3.0,639.0,0.7072783178710937,True,CALL,2027-12-17,DKNG
DKNG271217C00025000,25.0,11.9,9.55,14.0,2.0,644.0,0.6490513610839843,True,CALL,2027-12-17,DKNG
DKNG271217C00028000,28.0,10.1,9.95,11.75,2.0,146.0,0.6627230993652344,True,CALL,2027-12-17,DKNG
DKNG271217C00030000,30.0,9.35,8.65,10.55,44.0,381.0,0.6229285754394531,False,CALL,2027-12-17,DKNG
DKNG271217C00033000,33.0,8.45,6.5,10.3,16.0,185.0,0.6049844189453126,False,CALL,2027-12-17,DKNG
DKNG271217C00035000,35.0,7.64,7.35,8.95,3.0,775.0,0.6245154736328126,False,CALL,2027-12-17,DKNG
DKNG271217C00038000,38.0,6.99,5.0,8.25,4.0,354.0,0.57617611328125,False,CALL,2027-12-17,DKNG
DKNG271217P00023000,23.0,3.69,3.05,6.5,12.0,45.0,0.5427291821289064,False,PUT,2027-12-17,DKNG
DKNG271217P00025000,25.0,5.15,5.0,5.5,4.0,1013.0,0.5168505346679688,False,PUT,2027-12-17,DKNG
DKNG271217P00028000,28.0,4.72,5.4,7.9,8.0,555.0,0.5618940295410157,False,PUT,2027-12-17,DKNG
DKNG271217P00030000,30.0,7.28,6.8,7.85,309.0,4080.0,0.47461462890625,True,PUT,2027-12-17,DKNG
DKNG271217P00033000,33.0,9.2,8.15,10.7,1.0,272.0,0.5285691674804689,True,PUT,2027-12-17,DKNG
DKNG271217P00035000,35.0,9.9,8.0,12.5,2.0,5023.0,0.5521285021972657,True,PUT,2027-12-17,DKNG
DKNG271217P00038000,38.0,10.15,9.5,14.5,70.0,4559.0,0.5374802111816408,True,PUT,2027-12-17,DKNG
DKNG280121C00022500,22.5,13.1,12.45,14.2,164.0,924.0,0.6733431103515627,True,CALL,2028-01-21,DKNG
DKNG280121C00025000,25.0,12.0,11.6,13.35,16.0,252.0,0.6850617431640625,True,CALL,2028-01-21,DKNG
DKNG280121C00027500,27.5,10.54,10.3,12.15,1.0,127.0,0.6604037866210939,True,CALL,2028-01-21,DKNG
DKNG280121C00030000,30.0,10.37,9.45,11.05,10.0,844.0,0.6506382592773439,False,CALL,2028-01-21,DKNG
DKNG280121C00032500,32.5,9.0,7.45,11.5,1.0,251.0,0.6491734301757812,False,CALL,2028-01-21,DKNG
DKNG280121C00035000,35.0,8.0,6.0,11.0,15.0,314.0,0.6309851354980469,False,CALL,2028-01-21,DKNG
DKNG280121C00037500,37.5,7.24,4.5,9.0,2.0,62.0,0.5623823059082032,False,CALL,2028-01-21,DKNG
DKNG280121P00022500,22.5,4.15,2.99,5.4,1.0,130.0,0.5036670727539063,False,PUT,2028-01-21,DKNG
DKNG280121P00025000,25.0,5.22,5.1,5.45,4.0,476.0,0.5006153454589843,False,PUT,2028-01-21,DKNG
DKNG280121P00027500,27.5,6.15,5.2,7.7,1.0,44.0,0.5555464367675782,False,PUT,2028-01-21,DKNG
DKNG280121P00030000,30.0,7.72,7.55,8.6,70.0,3873.0,0.5106250109863282,True,PUT,2028-01-21,DKNG
DKNG280121P00032500,32.5,8.4,7.0,11.5,6.0,53.0,0.5872844006347657,True,PUT,2028-01-21,DKNG
DKNG280121P00035000,35.0,10.57,8.05,13.0,4.0,808.0,0.5692181750488281,True,PUT,2028-01-21,DKNG
DKNG280121P00037500,37.5,12.17,10.95,12.65,1.0,41.0,0.43555251953125,True,PUT,2028-01-21,DKNG
DNN260130C00003000,3.0,1.4,1.0,1.45,1.0,6322.0,3.1250021875,True,CALL,2026-01-30,DNN
DNN260130C00003500,3.5,0.65,0.6,0.8,106.0,413.0,1.000005,True,CALL,2026-01-30,DNN
DNN260130C00004000,4.0,0.25,0.2,0.25,207.0,1400.0,0.7812521875,True,CALL,2026-01-30,DNN
DNN260130C00004500,4.5,0.03,0.0,0.05,268.0,179.0,0.937500625,False,CALL,2026-01-30,DNN
DNN260130C00005000,5.0,0.05,0.0,0.05,2.0,51.0,1.75000125,False,CALL,2026-01-30,DNN
DNN260130P00003000,3.0,0.03,0.0,0.05,1.0,107.0,3.06250234375,False,PUT,2026-01-30,DNN
DNN260130P00003500,3.5,0.03,0.0,0.05,1.0,161.0,1.9062504687500001,False,PUT,2026-01-30,DNN
DNN260130P00004000,4.0,0.1,0.0,0.1,105.0,264.0,1.0312548437500002,False,PUT,2026-01-30,DNN
DNN260130P00004500,4.5,0.4,0.25,0.35,1.0,21.0,1.203128984375,True,PUT,2026-01-30,DNN
DNN260130P00005000,5.0,1.17,0.4,1.0,2.0,1.0,3.7031257421875,True,PUT,2026-01-30,DNN
DNN260206C00003000,3.0,1.22,1.0,1.55,3.0,138.0,1.96875015625,True,CALL,2026-02-06,DNN
DNN260206C00003500,3.5,0.65,0.55,0.85,13.0,5463.0,0.500005,True,CALL,2026-02-06,DNN
DNN260206C00004000,4.0,0.35,0.3,0.4,46.0,1881.0,0.929688203125,True,CALL,2026-02-06,DNN
DNN260206C00004500,4.5,0.1,0.1,0.15,150.0,489.0,0.9062509375,False,CALL,2026-02-06,DNN
DNN260206C00005000,5.0,0.1,0.0,0.1,3.0,10.0,1.015629921875,False,CALL,2026-02-06,DNN
DNN260206P00003000,3.0,0.12,0.0,0.1,3.0,8.0,1.734376328125,False,PUT,2026-02-06,DNN
DNN260206P00003500,3.5,0.05,0.0,0.1,1.0,79.0,1.109379453125,False,PUT,2026-02-06,DNN
DNN260206P00004000,4.0,0.15,0.1,0.15,30.0,153.0,0.8125018749999999,False,PUT,2026-02-06,DNN
DNN260206P00005000,5.0,1.3,0.5,1.0,1.0,9.0,1.75000125,True,PUT,2026-02-06,DNN
DNN260213C00003000,3.0,1.16,1.15,1.35,9.0,108.0,1.3125034374999998,True,CALL,2026-02-13,DNN
DNN260213C00003500,3.5,0.7,0.6,0.85,32.0,118.0,0.6875031250000001,True,CALL,2026-02-13,DNN
DNN260213C00004000,4.0,0.36,0.25,0.45,24.0,640.0,0.6953155468750001,True,CALL,2026-02-13,DNN
DNN260213C00004500,4.5,0.2,0.15,0.25,22.0,247.0,0.9062509375,False,CALL,2026-02-13,DNN
DNN260213P00003000,3.0,0.07,0.0,0.15,4.0,35.0,1.46875265625,False,PUT,2026-02-13,DNN
DNN260213P00003500,3.5,0.05,0.0,0.15,21.0,145.0,0.9531254687499999,False,PUT,2026-02-13,DNN
DNN260213P00004000,4.0,0.2,0.15,0.25,40.0,47.0,0.8437515624999999,False,PUT,2026-02-13,DNN
DNN260220C00003000,3.0,1.15,1.1,1.3,64.0,4967.0,0.6562534375000001,True,CALL,2026-02-20,DNN
DNN260220C00003500,3.5,0.75,0.7,0.9,147.0,23396.0,0.9062509375,True,CALL,2026-02-20,DNN
DNN260220C00004000,4.0,0.45,0.4,0.45,2299.0,5592.0,0.7773459765625,True,CALL,2026-02-20,DNN
DNN260220C00004500,4.5,0.22,0.2,0.25,523.0,1418.0,0.8203142968749999,False,CALL,2026-02-20,DNN
DNN260220C00005000,5.0,0.1,0.1,0.15,74.0,259.0,0.8906260937499999,False,CALL,2026-02-20,DNN
DNN260220P00003000,3.0,0.03,0.0,0.1,2.0,2401.0,1.0781296093750001,False,PUT,2026-02-20,DNN
DNN260220P00003500,3.5,0.11,0.05,0.15,9.0,714.0,0.8906260937499999,False,PUT,2026-02-20,DNN
DNN260220P00004000,4.0,0.21,0.2,0.25,21.0,563.0,0.7656273437500001,False,PUT,2026-02-20,DNN
DNN260227C00003000,3.0,0.95,1.0,1.6,2.0,51.0,1.1953165234375,True,CALL,2026-02-27,DNN
DNN260227C00003500,3.5,0.8,0.75,0.95,31.0,1162.0,0.945313046875,True,CALL,2026-02-27,DNN
DNN260227C00004000,4.0,0.47,0.4,0.5,149.0,1622.0,0.73437765625,True,CALL,2026-02-27,DNN
DNN260227C00004500,4.5,0.2,0.2,0.3,49.0,235.0,0.773439765625,False,CALL,2026-02-27,DNN
DNN260227C00005000,5.0,0.14,0.1,0.15,27.0,435.0,0.7773459765625,False,CALL,2026-02-27,DNN
DNN260227P00003000,3.0,0.05,0.0,0.3,1.0,34.0,1.3671906640625,False,PUT,2026-02-27,DNN
DNN260227P00003500,3.5,0.1,0.05,0.3,11.0,57.0,1.000005,False,PUT,2026-02-27,DNN
DNN260227P00004000,4.0,0.57,0.05,0.5,,3.0,0.7773459765625,False,PUT,2026-02-27,DNN
DNN260306C00004000,4.0,0.53,0.45,0.6,40.0,126.0,0.8085956640624999,True,CALL,2026-03-06,DNN
DNN260306C00004500,4.5,0.32,0.3,0.35,22.0,39.0,0.8398453515625,False,CALL,2026-03-06,DNN
DNN260306C00005000,5.0,0.2,0.15,0.2,68.0,279.0,0.8125018749999999,False,CALL,2026-03-06,DNN
DNN260320C00003000,3.0,1.2,1.1,1.4,19.0,62.0,0.7500025,True,CALL,2026-03-20,DNN
DNN260320C00003500,3.5,0.85,0.75,0.95,7.0,480.0,0.7226590234375,True,CALL,2026-03-20,DNN
DNN260320C00004000,4.0,0.6,0.5,0.65,86.0,3703.0,0.773439765625,True,CALL,2026-03-20,DNN
DNN260320C00004500,4.5,0.38,0.35,0.45,301.0,3104.0,0.8359391406249999,False,CALL,2026-03-20,DNN
DNN260320C00005000,5.0,0.21,0.2,0.25,79.0,902.0,0.7832052929687501,False,CALL,2026-03-20,DNN
DNN260320P00003000,3.0,0.05,0.05,0.15,42.0,10.0,0.9023447265625,False,PUT,2026-03-20,DNN
DNN260320P00003500,3.5,0.15,0.05,0.35,225.0,231.0,0.8203142968749999,False,PUT,2026-03-20,DNN
DNN260320P00004000,4.0,0.35,0.35,0.4,53.0,201.0,0.7656273437500001,False,PUT,2026-03-20,DNN
DNN260417C00003000,3.0,1.28,1.25,1.4,136.0,9855.0,0.79687703125,True,CALL,2026-04-17,DNN
DNN260417C00003500,3.5,0.95,0.9,1.0,591.0,20738.0,0.7500025,True,CALL,2026-04-17,DNN
DNN260417C00004000,4.0,0.65,0.6,0.75,184.0,7334.0,0.75586181640625,True,CALL,2026-04-17,DNN
DNN260417C00004500,4.5,0.46,0.4,0.5,92.0,3257.0,0.73437765625,False,CALL,2026-04-17,DNN
DNN260417C00005000,5.0,0.31,0.3,0.4,536.0,21538.0,0.8007832421875,False,CALL,2026-04-17,DNN
DNN260417P00003000,3.0,0.1,0.05,0.15,40.0,472.0,0.726565234375,False,PUT,2026-04-17,DNN
DNN260417P00003500,3.5,0.45,0.2,0.4,1.0,770.0,0.8242205078124999,False,PUT,2026-04-17,DNN
DNN260417P00004000,4.0,0.5,0.4,0.5,12.0,581.0,0.7148466015625,False,PUT,2026-04-17,DNN
DNN260417P00004500,4.5,0.7,0.65,0.9,3.0,58.0,0.7617211328125001,True,PUT,2026-04-17,DNN
DNN260417P00005000,5.0,1.0,1.0,1.2,7.0,47.0,0.726565234375,True,PUT,2026-04-17,DNN
DNN260717C00003000,3.0,1.5,1.5,1.55,123.0,882.0,0.82226740234375,True,CALL,2026-07-17,DNN
DNN260717C00003500,3.5,1.15,1.1,1.25,86.0,1755.0,0.7539087109375,True,CALL,2026-07-17,DNN
DNN260717C00004000,4.0,0.95,0.95,1.0,317.0,14360.0,0.7929708203125,True,CALL,2026-07-17,DNN
DNN260717C00004500,4.5,0.65,0.65,0.8,355.0,2774.0,0.7421900781249999,False,CALL,2026-07-17,DNN
DNN260717C00005000,5.0,0.59,0.5,0.6,10142.0,1075.0,0.7246121289062499,False,CALL,2026-07-17,DNN
DNN260717P00003000,3.0,0.3,0.15,0.3,1.0,142.0,0.6835969140625001,False,PUT,2026-07-17,DNN
DNN260717P00003500,3.5,0.45,0.3,0.6,3.0,361.0,0.7226590234375,False,PUT,2026-07-17,DNN
DNN260717P00004000,4.0,0.69,0.6,0.7,154.0,167.0,0.6718782812500002,False,PUT,2026-07-17,DNN
DNN260717P00005000,5.0,1.5,0.95,1.45,1.0,51.0,0.586918193359375,True,PUT,2026-07-17,DNN
DNN270115C00003000,3.0,1.75,1.75,1.85,358.0,18264.0,0.8085956640624999,True,CALL,2027-01-15,DNN
DNN270115C00003500,3.5,1.5,1.4,1.55,143.0,4727.0,0.7421900781249999,True,CALL,2027-01-15,DNN
DNN270115C00004000,4.0,1.3,1.25,1.35,448.0,33720.0,0.7656273437500001,True,CALL,2027-01-15,DNN
DNN270115C00004500,4.5,1.08,1.0,1.15,291.0,8770.0,0.7324245507812499,False,CALL,2027-01-15,DNN
DNN270115C00005000,5.0,0.97,0.95,1.0,1720.0,7947.0,0.762697685546875,False,CALL,2027-01-15,DNN
DNN270115P00003000,3.0,0.58,0.35,0.55,1.0,904.0,0.676761044921875,False,PUT,2027-01-15,DNN
DNN270115P00003500,3.5,0.7,0.45,0.9,10.0,1036.0,0.6660189648437502,False,PUT,2027-01-15,DNN
DNN270115P00004000,4.0,0.86,0.85,1.1,17.0,506.0,0.6787141503906251,False,PUT,2027-01-15,DNN
DNN270115P00004500,4.5,1.39,1.15,1.4,2.0,8.0,0.6669955175781253,True,PUT,2027-01-15,DNN
DNN270115P00005000,5.0,2.0,1.25,1.75,10.0,99.0,0.5918009570312501,True,PUT,2027-01-15,DNN
DNN280121C00003000,3.0,2.15,2.1,2.4,1022.0,7478.0,0.8359391406249999,True,CALL,2028-01-21,DNN
DNN280121C00003500,3.5,1.95,1.8,2.25,55.0,1699.0,0.8095722167968749,True,CALL,2028-01-21,DNN
DNN280121C00004000,4.0,1.81,1.7,1.9,2044.0,9736.0,0.7763694238281251,True,CALL,2028-01-21,DNN
DNN280121C00004500,4.5,1.61,1.55,1.7,34.0,1374.0,0.7617211328125001,False,CALL,2028-01-21,DNN
DNN280121C00005000,5.0,1.53,1.35,1.55,105.0,14144.0,0.7402369726562499,False,CALL,2028-01-21,DNN
DNN280121P00003000,3.0,0.66,0.6,1.45,20.0,1477.0,0.8173846386718748,False,PUT,2028-01-21,DNN
DNN280121P00003500,3.5,1.05,0.0,3.2,57.0,131.0,0.963867548828125,False,PUT,2028-01-21,DNN
DNN280121P00004000,4.0,1.25,0.0,3.3,16.0,111.0,0.799806689453125,False,PUT,2028-01-21,DNN
DNN280121P00004500,4.5,2.46,1.2,3.9,,10.0,1.076176494140625,True,PUT,2028-01-21,DNN
DNN280121P00005000,5.0,2.8,1.7,3.6,5.0,55.0,0.9257819921875,True,PUT,2028-01-21,DNN
DOC260220C00012500,12.5,5.5,4.2,5.4,1.0,2.0,0.8476577734374999,True,CALL,2026-02-20,DOC
DOC260220C00015000,15.0,2.66,1.95,2.65,1.0,4.0,0.7744163183593751,True,CALL,2026-02-20,DOC
DOC260220C00017500,17.5,0.26,0.25,0.35,15.0,1068.0,0.27735097656249996,False,CALL,2026-02-20,DOC
DOC260220C00020000,20.0,0.05,0.0,0.05,4.0,89.0,0.39063109375,False,CALL,2026-02-20,DOC
DOC260220P00015000,15.0,0.05,0.0,0.1,22.0,306.0,0.45313046875,False,PUT,2026-02-20,DOC
DOC260220P00017500,17.5,0.77,0.65,0.75,58.0,7147.0,0.34180345703125,True,PUT,2026-02-20,DOC
DOC260220P00020000,20.0,2.97,2.65,3.8,4.0,14.0,0.7617211328125001,True,PUT,2026-02-20,DOC
DOC260320C00017500,17.5,0.47,0.45,0.55,11.0,94.0,0.264655791015625,False,CALL,2026-03-20,DOC
DOC260320C00020000,20.0,0.05,0.0,0.15,3.0,130.0,0.34961587890624996,False,CALL,2026-03-20,DOC
DOC260320P00012500,12.5,1.08,0.0,0.75,,1.0,0.8457046679687499,False,PUT,2026-03-20,DOC
DOC260320P00015000,15.0,0.15,0.1,0.2,1.0,6.0,0.3789124609375,False,PUT,2026-03-20,DOC
DOC260320P00017500,17.5,0.9,0.85,1.0,17.0,143.0,0.3276434423828125,True,PUT,2026-03-20,DOC
DOC260320P00020000,20.0,2.6,2.3,3.4,1.0,4.0,0.5937540625000001,True,PUT,2026-03-20,DOC
DOC260417C00012500,12.5,3.5,2.75,6.2,1.0,1.0,1.2343788281249999,True,CALL,2026-04-17,DOC
DOC260417C00015000,15.0,2.35,2.05,2.75,30.0,355.0,0.459966337890625,True,CALL,2026-04-17,DOC
DOC260417C00017500,17.5,0.6,0.55,0.75,4.0,1232.0,0.27539787109374997,False,CALL,2026-04-17,DOC
DOC260417C00020000,20.0,0.1,0.05,0.15,6.0,1407.0,0.2802806347656249,False,CALL,2026-04-17,DOC
DOC260417P00012500,12.5,0.15,0.0,0.4,30.0,35.0,0.5585981640625001,False,PUT,2026-04-17,DOC
DOC260417P00015000,15.0,0.15,0.15,0.3,10.0,906.0,0.3544986425781249,False,PUT,2026-04-17,DOC
DOC260417P00017500,17.5,1.06,1.0,1.15,18.0,848.0,0.31055376953124997,True,PUT,2026-04-17,DOC
DOC260417P00020000,20.0,3.15,2.9,3.2,3.0,23.0,0.40039662109375,True,PUT,2026-04-17,DOC
DOC260717C00012500,12.5,4.0,3.5,6.0,3.0,14.0,0.7797873583984375,True,CALL,2026-07-17,DOC
DOC260717C00015000,15.0,2.41,2.3,2.55,754.0,764.0,0.25440198730468755,True,CALL,2026-07-17,DOC
DOC260717C00017500,17.5,0.87,0.85,1.0,1.0,378.0,0.241218525390625,False,CALL,2026-07-17,DOC
DOC260717C00020000,20.0,0.25,0.25,0.35,21.0,442.0,0.25586681640625003,False,CALL,2026-07-17,DOC
DOC260717P00012500,12.5,0.15,0.1,0.45,1.0,25.0,0.49414568359375005,False,PUT,2026-07-17,DOC
DOC260717P00015000,15.0,0.55,0.35,0.7,9.0,298.0,0.3579165771484375,False,PUT,2026-07-17,DOC
DOC260717P00017500,17.5,1.5,1.4,1.6,1.0,190.0,0.30762411132812495,True,PUT,2026-07-17,DOC
DOC260717P00020000,20.0,2.7,2.6,3.7,4.0,201.0,0.397466962890625,True,PUT,2026-07-17,DOC
DOC261218C00012500,12.5,5.25,3.6,6.3,1.0,2.0,0.6313513427734375,True,CALL,2026-12-18,DOC
DOC261218C00015000,15.0,2.52,2.45,2.8,1.0,203.0,0.23731231445312498,True,CALL,2026-12-18,DOC
DOC261218C00017500,17.5,1.4,1.1,1.45,19.0,152.0,0.24439232177734377,False,CALL,2026-12-18,DOC
DOC261218C00020000,20.0,0.6,0.4,0.6,4.0,414.0,0.23389437988281248,False,CALL,2026-12-18,DOC
DOC261218P00012500,12.5,0.55,0.3,0.55,1.0,20.0,0.3857483300781249,False,PUT,2026-12-18,DOC
DOC261218P00015000,15.0,0.85,0.8,1.1,10.0,193.0,0.334967587890625,False,PUT,2026-12-18,DOC
DOC261218P00017500,17.5,1.8,1.95,2.25,9.0,807.0,0.3237372314453124,True,PUT,2026-12-18,DOC
DOC261218P00020000,20.0,3.27,0.0,0.0,1.0,6.0,1.0000000000000003e-05,True,PUT,2026-12-18,DOC
DOC270115C00012500,12.5,3.85,3.6,6.1,1.0,2.0,0.5632367895507813,True,CALL,2027-01-15,DOC
DOC270115C00015000,15.0,3.2,2.55,2.85,11.0,138.0,0.23731231445312498,True,CALL,2027-01-15,DOC
DOC270115C00017500,17.5,1.75,1.2,1.5,1.0,182.0,0.2417068017578125,False,CALL,2027-01-15,DOC
DOC270115C00020000,20.0,0.65,0.5,0.7,7.0,425.0,0.24146266357421875,False,CALL,2027-01-15,DOC
DOC270115P00012500,12.5,0.5,0.35,0.6,20.0,52.0,0.38281867187499996,False,PUT,2027-01-15,DOC
DOC270115P00015000,15.0,1.11,0.9,1.15,1.0,208.0,0.33008482421874996,False,PUT,2027-01-15,DOC
DOC270115P00017500,17.5,1.85,2.0,2.4,8.0,69.0,0.3327703442382813,True,PUT,2027-01-15,DOC
DOC270115P00020000,20.0,4.67,3.7,4.1,6.0,25.0,0.33960621337890623,True,PUT,2027-01-15,DOC
DOC280121C00012500,12.5,5.02,3.4,6.1,5.0,19.0,0.39282833740234374,True,CALL,2028-01-21,DOC
DOC280121C00015000,15.0,3.5,2.0,5.5,1.0,39.0,0.48608912353515626,True,CALL,2028-01-21,DOC
DOC280121C00017500,17.5,2.75,0.65,2.95,9.0,812.0,0.31995308959960933,False,CALL,2028-01-21,DOC
DOC280121C00020000,20.0,1.75,1.0,3.3,7.0,73.0,0.44434149414062496,False,CALL,2028-01-21,DOC
DOC280121P00012500,12.5,1.15,0.0,3.0,1.0,33.0,0.6250037500000001,False,PUT,2028-01-21,DOC
DOC280121P00015000,15.0,1.95,1.65,2.2,22.0,1536.0,0.35645174804687496,False,PUT,2028-01-21,DOC
DOC280121P00017500,17.5,3.82,1.9,4.7,1.0,92.0,0.47632359619140624,True,PUT,2028-01-21,DOC
DOW260130C00020000,20.0,6.04,6.1,7.65,36.0,14.0,4.308598364257811,True,CALL,2026-01-30,DOW
DOW260130C00020500,20.5,5.55,5.55,7.25,35.0,3.0,4.277348403320312,True,CALL,2026-01-30,DOW
DOW260130C00021000,21.0,5.82,5.15,6.65,24.0,11.0,3.816406708984375,True,CALL,2026-01-30,DOW
DOW260130C00022000,22.0,4.5,3.95,5.65,6.0,26.0,3.3359391601562494,True,CALL,2026-01-30,DOW
DOW260130C00022500,22.5,4.13,3.3,5.15,1.0,62.0,3.097658505859375,True,CALL,2026-01-30,DOW
DOW260130C00023000,23.0,3.8,3.85,4.65,12.0,54.0,2.0546923632812497,True,CALL,2026-01-30,DOW
DOW260130C00023500,23.5,3.05,3.25,4.15,1.0,225.0,1.74609501953125,True,CALL,2026-01-30,DOW
DOW260130C00024000,24.0,2.97,2.92,3.65,7.0,354.0,1.734376328125,True,CALL,2026-01-30,DOW
DOW260130C00024500,24.5,2.53,2.68,3.15,5.0,181.0,1.767579287109375,True,CALL,2026-01-30,DOW
DOW260130C00025000,25.0,2.55,2.25,2.54,116.0,548.0,1.5156274218749999,True,CALL,2026-01-30,DOW
DOW260130C00025500,25.5,1.92,1.67,2.1,218.0,469.0,1.2773473632812498,True,CALL,2026-01-30,DOW
DOW260130C00026000,26.0,1.18,1.06,1.72,294.0,1271.0,1.05078599609375,True,CALL,2026-01-30,DOW
DOW260130C00026500,26.5,1.02,0.97,1.3,70.0,601.0,1.123051259765625,True,CALL,2026-01-30,DOW
DOW260130C00027000,27.0,0.73,0.61,0.89,1360.0,2620.0,0.96679720703125,False,CALL,2026-01-30,DOW
DOW260130C00027500,27.5,0.45,0.43,0.63,253.0,1103.0,0.9570316796874999,False,CALL,2026-01-30,DOW
DOW260130C00028000,28.0,0.31,0.22,0.35,776.0,2981.0,0.84179845703125,False,CALL,2026-01-30,DOW
DOW260130C00028500,28.5,0.18,0.05,0.2,100.0,1593.0,0.7421900781249999,False,CALL,2026-01-30,DOW
DOW260130C00029000,29.0,0.09,0.06,0.13,159.0,2093.0,0.8203142968749999,False,CALL,2026-01-30,DOW
DOW260130C00029500,29.5,0.02,0.01,0.12,54.0,396.0,0.867188828125,False,CALL,2026-01-30,DOW
DOW260130C00030000,30.0,0.02,0.01,0.02,130.0,1434.0,0.73437765625,False,CALL,2026-01-30,DOW
DOW260130C00030500,30.5,0.01,0.0,0.1,3.0,429.0,1.0390673046875003,False,CALL,2026-01-30,DOW
DOW260130C00031000,31.0,0.02,0.0,0.03,21.0,497.0,0.92187578125,False,CALL,2026-01-30,DOW
DOW260130C00031500,31.5,0.01,0.0,0.02,44.0,75.0,0.9531254687499999,False,CALL,2026-01-30,DOW
DOW260130C00032000,32.0,0.01,0.0,0.11,62.0,1003.0,1.3671906640625,False,CALL,2026-01-30,DOW
DOW260130C00032500,32.5,0.01,0.0,0.54,11.0,74.0,2.1328171679687498,False,CALL,2026-01-30,DOW
DOW260130C00033000,33.0,0.01,0.0,0.01,1.0,266.0,1.09375453125,False,CALL,2026-01-30,DOW
DOW260130C00035000,35.0,0.03,0.0,0.1,2.0,111.0,1.875000625,False,CALL,2026-01-30,DOW
DOW260130P00019000,19.0,0.01,0.0,2.12,10.0,73.0,5.667971665039062,False,PUT,2026-01-30,DOW
DOW260130P00019500,19.5,0.02,0.0,0.05,1.0,112.0,2.1093797265624996,False,PUT,2026-01-30,DOW
DOW260130P00020000,20.0,0.01,0.0,0.01,10.0,286.0,1.625001875,False,PUT,2026-01-30,DOW
DOW260130P00020500,20.5,0.01,0.0,0.16,6.0,217.0,2.2421918945312496,False,PUT,2026-01-30,DOW
DOW260130P00021000,21.0,0.02,0.0,0.04,1.0,116.0,1.625001875,False,PUT,2026-01-30,DOW
DOW260130P00021500,21.5,0.02,0.0,0.04,1.0,141.0,1.5000025,False,PUT,2026-01-30,DOW
DOW260130P00022000,22.0,0.02,0.0,0.02,6.0,348.0,1.21875390625,False,PUT,2026-01-30,DOW
DOW260130P00022500,22.5,0.03,0.0,0.18,3.0,470.0,1.640626796875,False,PUT,2026-01-30,DOW
DOW260130P00023000,23.0,0.01,0.0,0.02,1015.0,2167.0,0.98437515625,False,PUT,2026-01-30,DOW
DOW260130P00023500,23.5,0.06,0.0,0.1,21.0,786.0,1.15625421875,False,PUT,2026-01-30,DOW
DOW260130P00024000,24.0,0.02,0.01,0.03,607.0,691.0,0.8437515624999999,False,PUT,2026-01-30,DOW
DOW260130P00024500,24.5,0.03,0.02,0.04,18.0,332.0,0.7812521875,False,PUT,2026-01-30,DOW
DOW260130P00025000,25.0,0.04,0.03,0.05,203.0,1478.0,0.6875031250000001,False,PUT,2026-01-30,DOW
DOW260130P00025500,25.5,0.07,0.05,0.11,27.0,454.0,0.6562534375000001,False,PUT,2026-01-30,DOW
DOW260130P00026000,26.0,0.2,0.07,0.2,291.0,606.0,0.5976602734375001,False,PUT,2026-01-30,DOW
DOW260130P00026500,26.5,0.21,0.11,0.3,18.0,410.0,0.6289099609375001,False,PUT,2026-01-30,DOW
DOW260130P00027000,27.0,0.33,0.27,0.54,437.0,1366.0,0.6523472265625001,True,PUT,2026-01-30,DOW
DOW260130P00027500,27.5,0.61,0.49,0.78,183.0,936.0,0.5722699023437501,True,PUT,2026-01-30,DOW
DOW260130P00028000,28.0,0.93,0.76,1.13,80.0,1382.0,0.5195360546875,True,PUT,2026-01-30,DOW
DOW260130P00028500,28.5,2.32,1.08,2.87,5.0,100.0,1.25390998046875,True,PUT,2026-01-30,DOW
DOW260130P00029000,29.0,2.73,1.4,2.93,2.0,207.0,0.8906260937499999,True,PUT,2026-01-30,DOW
DOW260130P00030000,30.0,3.6,2.41,2.98,2.0,17.0,1.0000000000000003e-05,True,PUT,2026-01-30,DOW
DOW260130P00031000,31.0,2.8,3.35,5.6,3.0,1.0,2.07031732421875,True,PUT,2026-01-30,DOW
DOW260130P00032000,32.0,3.85,4.4,6.55,,25.0,2.3476603808593746,True,PUT,2026-01-30,DOW
DOW260206C00022000,22.0,2.43,3.45,5.7,,2.0,1.6171894140625,True,CALL,2026-02-06,DOW
DOW260206C00022500,22.5,5.36,3.3,5.2,1.0,10.0,1.50390873046875,True,CALL,2026-02-06,DOW
DOW260206C00023000,23.0,3.35,2.91,4.7,1.0,20.0,1.3916046044921875,True,CALL,2026-02-06,DOW
DOW260206C00023500,23.5,3.7,3.4,4.2,1.0,35.0,0.92773509765625,True,CALL,2026-02-06,DOW
DOW260206C00024000,24.0,2.99,2.99,3.75,1.0,62.0,0.8964854101562498,True,CALL,2026-02-06,DOW
DOW260206C00024500,24.5,2.29,2.88,3.25,8.0,110.0,0.9511723632812499,True,CALL,2026-02-06,DOW
DOW260206C00025000,25.0,1.81,2.33,2.78,108.0,130.0,0.8339860351562498,True,CALL,2026-02-06,DOW
DOW260206C00025500,25.5,1.72,1.83,2.38,26.0,73.0,0.75586181640625,True,CALL,2026-02-06,DOW
DOW260206C00026000,26.0,1.78,1.58,1.8,343.0,204.0,0.6914093359375001,True,CALL,2026-02-06,DOW
DOW260206C00026500,26.5,1.35,1.09,1.35,196.0,125.0,0.5810588769531251,True,CALL,2026-02-06,DOW
DOW260206C00027000,27.0,1.11,1.12,1.19,178.0,301.0,0.6953155468750001,False,CALL,2026-02-06,DOW
DOW260206C00027500,27.5,0.83,0.82,0.89,51.0,297.0,0.647464462890625,False,CALL,2026-02-06,DOW
DOW260206C00028000,28.0,0.6,0.59,0.66,853.0,553.0,0.6191444335937502,False,CALL,2026-02-06,DOW
DOW260206C00028500,28.5,0.42,0.44,0.5,195.0,240.0,0.6152382226562501,False,CALL,2026-02-06,DOW
DOW260206C00029000,29.0,0.32,0.3,0.36,113.0,261.0,0.5996133789062501,False,CALL,2026-02-06,DOW
DOW260206C00029500,29.5,0.13,0.18,0.24,2.0,77.0,0.5722699023437501,False,CALL,2026-02-06,DOW
DOW260206C00030000,30.0,0.14,0.12,0.17,28.0,5390.0,0.570316796875,False,CALL,2026-02-06,DOW
DOW260206C00030500,30.5,0.11,0.04,0.2,7.0,58.0,0.5996133789062501,False,CALL,2026-02-06,DOW
DOW260206C00031000,31.0,0.25,0.01,0.17,5.0,293.0,0.6113320117187502,False,CALL,2026-02-06,DOW
DOW260206C00031500,31.5,0.1,0.0,0.1,10.0,81.0,0.585941640625,False,CALL,2026-02-06,DOW
DOW260206C00032000,32.0,0.26,0.02,0.28,10.0,322.0,0.804689453125,False,CALL,2026-02-06,DOW
DOW260206C00032500,32.5,0.14,0.0,1.15,23.0,28.0,1.2890660546875,False,CALL,2026-02-06,DOW
DOW260206C00033000,33.0,0.04,0.0,0.5,1.0,3.0,1.0371141894531253,False,CALL,2026-02-06,DOW
DOW260206P00019000,19.0,0.04,0.0,0.45,3.0,15.0,1.625001875,False,PUT,2026-02-06,DOW
DOW260206P00019500,19.5,0.01,0.0,0.03,5.0,31.0,0.92187578125,False,PUT,2026-02-06,DOW
DOW260206P00020000,20.0,0.02,0.0,0.1,20.0,39.0,1.0390673046875003,False,PUT,2026-02-06,DOW
DOW260206P00020500,20.5,0.29,0.0,0.75,9.0,32.0,1.5546897265624997,False,PUT,2026-02-06,DOW
DOW260206P00021000,21.0,0.03,0.0,0.63,2.0,11.0,1.376956240234375,False,PUT,2026-02-06,DOW
DOW260206P00021500,21.5,0.03,0.0,0.05,2.0,6.0,0.726565234375,False,PUT,2026-02-06,DOW
DOW260206P00022000,22.0,0.05,0.0,0.08,5.0,55.0,0.7187528125,False,PUT,2026-02-06,DOW
DOW260206P00022500,22.5,0.03,0.01,0.23,81.0,123.0,0.8281267187499999,False,PUT,2026-02-06,DOW
DOW260206P00023000,23.0,0.03,0.02,0.16,32.0,231.0,0.6992217578125001,False,PUT,2026-02-06,DOW
DOW260206P00023500,23.5,0.1,0.01,0.11,3.0,43.0,0.5664105859375,False,PUT,2026-02-06,DOW
DOW260206P00024000,24.0,0.15,0.05,0.1,8.0,87.0,0.523442265625,False,PUT,2026-02-06,DOW
DOW260206P00024500,24.5,0.1,0.06,0.15,21.0,159.0,0.5507857421875001,False,PUT,2026-02-06,DOW
DOW260206P00025000,25.0,0.17,0.08,0.17,498.0,349.0,0.48828636718750007,False,PUT,2026-02-06,DOW
DOW260206P00025500,25.5,0.28,0.19,0.23,36.0,33.0,0.45215391601562505,False,PUT,2026-02-06,DOW
DOW260206P00026000,26.0,0.31,0.28,0.32,94.0,129.0,0.41992767578125,False,PUT,2026-02-06,DOW
DOW260206P00026500,26.5,0.52,0.41,0.47,26.0,110.0,0.40332627929687503,False,PUT,2026-02-06,DOW
DOW260206P00027000,27.0,0.63,0.6,0.65,25.0,102.0,0.37305314453125,True,PUT,2026-02-06,DOW
DOW260206P00027500,27.5,0.93,0.81,0.85,55.0,180.0,0.3154365332031249,True,PUT,2026-02-06,DOW
DOW260206P00028000,28.0,1.76,1.08,1.13,112.0,314.0,0.24414818359375,True,PUT,2026-02-06,DOW
DOW260206P00028500,28.5,2.55,1.41,1.55,9.0,159.0,0.187508125,True,PUT,2026-02-06,DOW
DOW260206P00029000,29.0,1.83,1.58,1.89,20.0,5.0,1.0000000000000003e-05,True,PUT,2026-02-06,DOW
DOW260206P00030000,30.0,3.5,2.48,4.1,2.0,4.0,0.6777375976562501,True,PUT,2026-02-06,DOW
DOW260213C00022000,22.0,4.7,3.9,5.75,2.0,1.0,1.2470740771484374,True,CALL,2026-02-13,DOW
DOW260213C00022500,22.5,5.44,3.6,5.25,2.0,4.0,1.1611370068359377,True,CALL,2026-02-13,DOW
DOW260213C00023000,23.0,6.12,2.74,5.05,10.0,16.0,1.2548865380859375,True,CALL,2026-02-13,DOW
DOW260213C00023500,23.5,5.3,2.56,4.3,3.0,16.0,1.0185595947265624,True,CALL,2026-02-13,DOW
DOW260213C00024000,24.0,3.79,2.17,3.8,2.0,13.0,0.93164130859375,True,CALL,2026-02-13,DOW
DOW260213C00024500,24.5,3.17,3.0,3.45,1.0,71.0,0.8027363476562499,True,CALL,2026-02-13,DOW
DOW260213C00025000,25.0,2.75,2.48,2.94,31.0,280.0,0.708010732421875,True,CALL,2026-02-13,DOW
DOW260213C00025500,25.5,2.8,1.81,2.54,2.0,25.0,0.6025430371093752,True,CALL,2026-02-13,DOW
DOW260213C00026000,26.0,1.14,1.81,2.07,27.0,96.0,0.6372106591796876,True,CALL,2026-02-13,DOW
DOW260213C00026500,26.5,1.67,1.5,1.71,37.0,42.0,0.6103554589843752,True,CALL,2026-02-13,DOW
DOW260213C00027000,27.0,0.61,1.19,1.43,27.0,136.0,0.5908244042968751,False,CALL,2026-02-13,DOW
DOW260213C00027500,27.5,0.89,0.87,1.16,2.0,38.0,0.5576216113281252,False,CALL,2026-02-13,DOW
DOW260213C00028000,28.0,0.86,0.75,0.9,74.0,284.0,0.5576216113281252,False,CALL,2026-02-13,DOW
DOW260213C00028500,28.5,0.67,0.57,0.7,20.0,139.0,0.543949873046875,False,CALL,2026-02-13,DOW
DOW260213C00029000,29.0,0.2,0.33,0.68,27.0,210.0,0.5449264257812501,False,CALL,2026-02-13,DOW
DOW260213C00030000,30.0,0.29,0.23,0.31,15.0,217.0,0.5214891601562499,False,CALL,2026-02-13,DOW
DOW260213C00031000,31.0,0.48,0.05,0.5,1.0,18.0,0.624027197265625,False,CALL,2026-02-13,DOW
DOW260213C00032000,32.0,0.18,0.0,0.1,1.0,106.0,0.5468795312500001,False,CALL,2026-02-13,DOW
DOW260213C00033000,33.0,0.24,0.0,0.17,1.0,3.0,0.5996133789062501,False,CALL,2026-02-13,DOW
DOW260213P00019000,19.0,0.03,0.0,2.13,2.0,15.0,2.00781748046875,False,PUT,2026-02-13,DOW
DOW260213P00020000,20.0,0.02,0.01,0.05,3.0,70.0,0.7187528125,False,PUT,2026-02-13,DOW
DOW260213P00020500,20.5,0.28,0.0,0.75,2.0,8.0,1.1660197949218751,False,PUT,2026-02-13,DOW
DOW260213P00021000,21.0,0.1,0.0,0.6,2.0,24.0,1.017583037109375,False,PUT,2026-02-13,DOW
DOW260213P00021500,21.5,0.1,0.0,1.2,1.0,37.0,1.197269638671875,False,PUT,2026-02-13,DOW
DOW260213P00022000,22.0,0.07,0.03,0.26,5.0,22.0,0.7128934960937501,False,PUT,2026-02-13,DOW
DOW260213P00022500,22.5,0.1,0.0,0.75,5.0,37.0,0.867188828125,False,PUT,2026-02-13,DOW
DOW260213P00023000,23.0,0.12,0.05,0.71,4.0,54.0,0.79883013671875,False,PUT,2026-02-13,DOW
DOW260213P00023500,23.5,0.45,0.07,0.25,8.0,16.0,0.5449264257812501,False,PUT,2026-02-13,DOW
DOW260213P00024000,24.0,0.24,0.09,0.27,1.0,79.0,0.5019581054687501,False,PUT,2026-02-13,DOW
DOW260213P00024500,24.5,0.21,0.16,0.24,2.0,23.0,0.48340360351562506,False,PUT,2026-02-13,DOW
DOW260213P00025000,25.0,0.26,0.22,0.3,34.0,116.0,0.454107021484375,False,PUT,2026-02-13,DOW
DOW260213P00025500,25.5,0.48,0.26,0.41,2.0,29.0,0.44336494140625,False,PUT,2026-02-13,DOW
DOW260213P00026000,26.0,0.44,0.36,0.52,3.0,320.0,0.41699801757812494,False,PUT,2026-02-13,DOW
DOW260213P00026500,26.5,1.0,0.56,0.68,30.0,11.0,0.39942006835937505,False,PUT,2026-02-13,DOW
DOW260213P00027000,27.0,1.01,0.77,0.88,1.0,17.0,0.38184211914062494,True,PUT,2026-02-13,DOW
DOW260213P00027500,27.5,1.27,0.97,1.11,3.0,109.0,0.3569400244140625,True,PUT,2026-02-13,DOW
DOW260213P00028000,28.0,1.37,1.23,1.39,3.0,201.0,0.331061376953125,True,PUT,2026-02-13,DOW
DOW260213P00029000,29.0,1.94,1.73,2.04,51.0,67.0,0.12500875,True,PUT,2026-02-13,DOW
DOW260213P00030000,30.0,2.06,2.44,4.3,,2.0,0.561527822265625,True,PUT,2026-02-13,DOW
DOW260220C00020000,20.0,6.3,6.85,7.7,1.0,225.0,0.98437515625,True,CALL,2026-02-20,DOW
DOW260220C00021000,21.0,7.4,4.6,6.75,1.0,1.0,1.1865275048828123,True,CALL,2026-02-20,DOW
DOW260220C00022500,22.5,4.1,4.7,5.3,26.0,1079.0,0.8271501660156249,True,CALL,2026-02-20,DOW
DOW260220C00024500,24.5,2.92,3.0,3.45,30.0,31.0,0.6699251757812501,True,CALL,2026-02-20,DOW
DOW260220C00025000,25.0,2.82,2.65,2.99,74.0,8869.0,0.63867548828125,True,CALL,2026-02-20,DOW
DOW260220C00025500,25.5,2.33,2.18,2.49,59.0,26.0,0.5688519677734375,True,CALL,2026-02-20,DOW
DOW260220C00026000,26.0,1.57,1.99,2.14,231.0,13.0,0.5800823242187501,True,CALL,2026-02-20,DOW
DOW260220C00026500,26.5,1.43,1.78,1.9,81.0,78.0,0.5981485498046876,True,CALL,2026-02-20,DOW
DOW260220C00027000,27.0,1.54,1.5,1.59,70.0,111.0,0.5795940478515625,False,CALL,2026-02-20,DOW
DOW260220C00027500,27.5,1.19,1.22,1.27,778.0,10719.0,0.5502974658203126,False,CALL,2026-02-20,DOW
DOW260220C00028000,28.0,1.05,1.0,1.05,2361.0,319.0,0.5410202148437502,False,CALL,2026-02-20,DOW
DOW260220C00028500,28.5,0.78,0.8,0.87,269.0,310.0,0.53320779296875,False,CALL,2026-02-20,DOW
DOW260220C00029000,29.0,0.66,0.63,0.67,12.0,231.0,0.516606396484375,False,CALL,2026-02-20,DOW
DOW260220C00030000,30.0,0.42,0.38,0.42,341.0,5249.0,0.5048877636718749,False,CALL,2026-02-20,DOW
DOW260220C00031000,31.0,0.18,0.18,0.25,19.0,262.0,0.5048877636718749,False,CALL,2026-02-20,DOW
DOW260220C00032000,32.0,0.09,0.11,0.19,8.0,164.0,0.5039112109375,False,CALL,2026-02-20,DOW
DOW260220C00032500,32.5,0.11,0.09,0.12,51.0,1116.0,0.507817421875,False,CALL,2026-02-20,DOW
DOW260220C00033000,33.0,0.08,0.03,0.14,10.0,155.0,0.500005,False,CALL,2026-02-20,DOW
DOW260220C00035000,35.0,0.02,0.0,0.04,15.0,511.0,0.5351608984375,False,CALL,2026-02-20,DOW
DOW260220P00020000,20.0,0.05,0.03,0.05,90.0,8406.0,0.6250037500000001,False,PUT,2026-02-20,DOW
DOW260220P00022000,22.0,0.06,0.06,0.12,11.0,34.0,0.5312546875,False,PUT,2026-02-20,DOW
DOW260220P00022500,22.5,0.1,0.1,0.12,110.0,3190.0,0.507817421875,False,PUT,2026-02-20,DOW
DOW260220P00023000,23.0,0.18,0.05,0.2,28.0,459.0,0.5390671093750001,False,PUT,2026-02-20,DOW
DOW260220P00023500,23.5,0.27,0.06,0.28,4.0,16.0,0.5419967675781252,False,PUT,2026-02-20,DOW
DOW260220P00024000,24.0,0.28,0.2,0.33,29.0,182.0,0.514653291015625,False,PUT,2026-02-20,DOW
DOW260220P00024500,24.5,0.38,0.28,0.32,29.0,113.0,0.44922425781249997,False,PUT,2026-02-20,DOW
DOW260220P00025000,25.0,0.37,0.35,0.39,579.0,2511.0,0.424810439453125,False,PUT,2026-02-20,DOW
DOW260220P00025500,25.5,0.76,0.46,0.5,80.0,50.0,0.4101621484375,False,PUT,2026-02-20,DOW
DOW260220P00026000,26.0,0.62,0.6,0.64,95.0,423.0,0.39649041015625003,False,PUT,2026-02-20,DOW
DOW260220P00026500,26.5,1.27,0.76,0.81,10.0,50.0,0.38281867187499996,False,PUT,2026-02-20,DOW
DOW260220P00027000,27.0,0.98,0.94,1.0,14.0,81.0,0.3627993408203125,True,PUT,2026-02-20,DOW
DOW260220P00027500,27.5,1.28,1.19,1.21,87.0,879.0,0.335944140625,True,PUT,2026-02-20,DOW
DOW260220P00028000,28.0,2.1,1.42,1.48,8.0,119.0,0.313483427734375,True,PUT,2026-02-20,DOW
DOW260220P00028500,28.5,1.93,1.73,1.79,42.0,686.0,0.28613995117187496,True,PUT,2026-02-20,DOW
DOW260220P00029000,29.0,2.85,2.04,2.18,8.0,70.0,0.27246821289062495,True,PUT,2026-02-20,DOW
DOW260220P00030000,30.0,3.6,2.73,2.94,15.0,353.0,1.0000000000000003e-05,True,PUT,2026-02-20,DOW
DOW260220P00032000,32.0,5.1,4.5,5.2,16.0,27.0,0.5117236328125,True,PUT,2026-02-20,DOW
DOW260220P00032500,32.5,4.4,4.85,6.5,2.0,13.0,0.523442265625,True,PUT,2026-02-20,DOW
DOW260220P00035000,35.0,6.9,7.35,9.25,2.0,2.0,0.7851583984375,True,PUT,2026-02-20,DOW
DOW260227C00021500,21.5,6.37,4.2,6.3,,6.0,0.9995117236328125,True,CALL,2026-02-27,DOW
DOW260227C00022500,22.5,5.49,3.55,5.4,,1.0,0.9169930175781251,True,CALL,2026-02-27,DOW
DOW260227C00024000,24.0,4.14,1.69,4.15,50.0,60.0,0.8203142968749999,True,CALL,2026-02-27,DOW
DOW260227C00024500,24.5,2.52,1.4,3.6,1.0,9.0,0.7324245507812499,True,CALL,2026-02-27,DOW
DOW260227C00025000,25.0,3.96,1.0,3.2,6.0,45.0,0.6992217578125001,True,CALL,2026-02-27,DOW
DOW260227C00025500,25.5,1.54,1.34,2.79,5.0,55.0,0.659183095703125,True,CALL,2026-02-27,DOW
DOW260227C00026000,26.0,1.69,2.0,2.36,61.0,133.0,0.5473678076171876,True,CALL,2026-02-27,DOW
DOW260227C00026500,26.5,1.29,1.62,2.21,10.0,99.0,0.5483443603515626,True,CALL,2026-02-27,DOW
DOW260227C00027000,27.0,1.22,1.23,1.83,56.0,80.0,0.5029346582031251,False,CALL,2026-02-27,DOW
DOW260227C00027500,27.5,0.81,0.56,1.6,17.0,303.0,0.5971719970703125,False,CALL,2026-02-27,DOW
DOW260227C00028000,28.0,0.8,0.29,1.38,1.0,67.0,0.5908244042968751,False,CALL,2026-02-27,DOW
DOW260227C00028500,28.5,1.42,0.08,1.15,2.0,176.0,0.5737347314453125,False,CALL,2026-02-27,DOW
DOW260227C00029000,29.0,0.42,0.35,0.76,25.0,84.0,0.49219257812500006,False,CALL,2026-02-27,DOW
DOW260227C00029500,29.5,1.0,0.0,0.89,15.0,61.0,0.58789474609375,False,CALL,2026-02-27,DOW
DOW260227C00030000,30.0,0.43,0.05,0.58,8.0,72.0,0.516606396484375,False,CALL,2026-02-27,DOW
DOW260227C00031000,31.0,0.15,0.18,0.4,2.0,97.0,0.5185595019531251,False,CALL,2026-02-27,DOW
DOW260227C00032000,32.0,0.33,0.0,0.25,1.0,72.0,0.507817421875,False,CALL,2026-02-27,DOW
DOW260227C00033000,33.0,0.12,0.05,0.29,2.0,57.0,0.5136767382812499,False,CALL,2026-02-27,DOW
DOW260227P00020000,20.0,0.12,0.0,0.5,,1.0,0.8085956640624999,False,PUT,2026-02-27,DOW
DOW260227P00020500,20.5,0.14,0.0,0.5,,4.0,0.75586181640625,False,PUT,2026-02-27,DOW
DOW260227P00021000,21.0,0.13,0.04,0.24,5.0,14.0,0.6074258007812501,False,PUT,2026-02-27,DOW
DOW260227P00021500,21.5,0.1,0.0,0.93,1.0,7.0,0.79687703125,False,PUT,2026-02-27,DOW
DOW260227P00022000,22.0,0.13,0.0,0.26,100.0,13.0,0.507817421875,False,PUT,2026-02-27,DOW
DOW260227P00022500,22.5,0.19,0.1,0.36,4.0,23.0,0.5410202148437502,False,PUT,2026-02-27,DOW
DOW260227P00023000,23.0,0.2,0.1,0.6,2.0,183.0,0.5664105859375,False,PUT,2026-02-27,DOW
DOW260227P00023500,23.5,0.3,0.18,0.4,6.0,8.0,0.5400436621093752,False,PUT,2026-02-27,DOW
DOW260227P00024000,24.0,0.52,0.19,0.61,56.0,60.0,0.5830119824218749,False,PUT,2026-02-27,DOW
DOW260227P00024500,24.5,0.44,0.28,0.88,30.0,38.0,0.5107470800781251,False,PUT,2026-02-27,DOW
DOW260227P00025000,25.0,0.85,0.45,0.77,56.0,122.0,0.52539537109375,False,PUT,2026-02-27,DOW
DOW260227P00025500,25.5,0.7,0.35,1.46,1.0,52.0,0.508793974609375,False,PUT,2026-02-27,DOW
DOW260227P00026000,26.0,0.7,0.6,1.23,1.0,98.0,0.5507857421875001,False,PUT,2026-02-27,DOW
DOW260227P00026500,26.5,1.07,0.9,1.87,1.0,13.0,0.52539537109375,False,PUT,2026-02-27,DOW
DOW260227P00027000,27.0,1.53,1.08,1.65,12.0,22.0,0.5288133056640626,True,PUT,2026-02-27,DOW
DOW260227P00027500,27.5,1.5,1.37,2.15,19.0,30.0,0.6005899316406251,True,PUT,2026-02-27,DOW
DOW260227P00028000,28.0,1.68,1.5,2.4,1.0,16.0,0.5839885351562499,True,PUT,2026-02-27,DOW
DOW260227P00029000,29.0,2.8,2.1,4.55,,1.0,0.6743196630859377,True,PUT,2026-02-27,DOW
DOW260227P00031000,31.0,3.63,3.2,5.6,,30.0,0.963867548828125,True,PUT,2026-02-27,DOW
DOW260227P00033000,33.0,4.6,5.45,7.25,,4.0,0.6044961425781252,True,PUT,2026-02-27,DOW
DOW260306C00027000,27.0,1.56,1.59,1.85,52.0,6.0,0.5083056982421875,False,CALL,2026-03-06,DOW
DOW260306C00028000,28.0,1.07,1.07,1.33,72.0,45.0,0.5170946728515625,False,CALL,2026-03-06,DOW
DOW260306C00028500,28.5,1.0,0.87,1.11,3.0,5.0,0.5043994873046875,False,CALL,2026-03-06,DOW
DOW260306C00029000,29.0,0.56,0.69,1.05,2.0,29.0,0.5351608984375,False,CALL,2026-03-06,DOW
DOW260306C00030000,30.0,0.74,0.42,0.65,5.0,25.0,0.49023947265625006,False,CALL,2026-03-06,DOW
DOW260306C00030500,30.5,0.2,0.33,0.54,3.0,3.0,0.48779809082031256,False,CALL,2026-03-06,DOW
DOW260306C00031000,31.0,0.2,0.15,0.45,50.0,51.0,0.48730981445312505,False,CALL,2026-03-06,DOW
DOW260306C00031500,31.5,0.55,0.15,0.74,2.0,16.0,0.5185595019531251,False,CALL,2026-03-06,DOW
DOW260306C00032000,32.0,0.5,0.14,0.95,1.0,2.0,0.5918009570312501,False,CALL,2026-03-06,DOW
DOW260306C00033000,33.0,0.35,0.03,0.3,5.0,595.0,0.5390671093750001,False,CALL,2026-03-06,DOW
DOW260306P00023500,23.5,0.4,0.2,0.59,10.0,18.0,0.569340244140625,False,PUT,2026-03-06,DOW
DOW260306P00024000,24.0,0.47,0.35,0.48,1.0,22.0,0.471684970703125,False,PUT,2026-03-06,DOW
DOW260306P00024500,24.5,0.59,0.41,0.68,30.0,32.0,0.49707534179687507,False,PUT,2026-03-06,DOW
DOW260306P00025000,25.0,0.93,0.57,0.76,15.0,23.0,0.46924358886718753,False,PUT,2026-03-06,DOW
DOW260306P00026500,26.5,0.13,1.01,1.36,1.0,13.0,0.46582565429687506,False,PUT,2026-03-06,DOW
DOW260306P00027500,27.5,1.62,1.53,1.76,2.0,19.0,0.42676354492187507,True,PUT,2026-03-06,DOW
DOW260306P00028000,28.0,1.73,1.78,2.08,1.0,6.0,0.43115803222656257,True,PUT,2026-03-06,DOW
DOW260306P00028500,28.5,1.98,2.1,2.36,,2.0,0.41602146484374997,True,PUT,2026-03-06,DOW
DOW260320C00020000,20.0,7.71,7.3,7.8,1.0,1421.0,0.80664255859375,True,CALL,2026-03-20,DOW
DOW260320C00022500,22.5,4.85,5.05,5.4,2.0,2759.0,0.6411168701171875,True,CALL,2026-03-20,DOW
DOW260320C00025000,25.0,3.28,3.0,3.2,63.0,22359.0,0.508793974609375,True,CALL,2026-03-20,DOW
DOW260320C00027500,27.5,1.66,1.72,1.82,398.0,23224.0,0.5004932763671875,False,CALL,2026-03-20,DOW
DOW260320C00030000,30.0,0.8,0.7,0.86,450.0,11959.0,0.47852083984375,False,CALL,2026-03-20,DOW
DOW260320C00032500,32.5,0.27,0.31,0.39,180.0,6848.0,0.4731497998046875,False,CALL,2026-03-20,DOW
DOW260320C00035000,35.0,0.1,0.07,0.26,24.0,8961.0,0.526371923828125,False,CALL,2026-03-20,DOW
DOW260320P00020000,20.0,0.14,0.11,0.2,65.0,9023.0,0.5498091894531252,False,PUT,2026-03-20,DOW
DOW260320P00022500,22.5,0.39,0.25,0.41,328.0,12470.0,0.5014698291015626,False,PUT,2026-03-20,DOW
DOW260320P00025000,25.0,0.81,0.8,0.94,169.0,5044.0,0.45215391601562505,False,PUT,2026-03-20,DOW
DOW260320P00027500,27.5,1.92,1.78,2.0,26.0,5656.0,0.4233456103515625,True,PUT,2026-03-20,DOW
DOW260320P00030000,30.0,3.97,3.4,3.7,2.0,7017.0,0.42090422851562503,True,PUT,2026-03-20,DOW
DOW260320P00032500,32.5,5.15,5.25,6.5,4.0,2021.0,0.6660189648437502,True,PUT,2026-03-20,DOW
DOW260320P00035000,35.0,7.81,7.7,10.0,10.0,1545.0,0.7495142236328125,True,PUT,2026-03-20,DOW
DOW260417C00020000,20.0,9.2,6.0,7.8,4.0,4.0,0.7382838671874999,True,CALL,2026-04-17,DOW
DOW260417C00022500,22.5,5.99,3.95,6.25,3.0,13.0,0.788088056640625,True,CALL,2026-04-17,DOW
DOW260417C00025000,25.0,3.52,3.35,3.65,46.0,130.0,0.5307664111328125,True,CALL,2026-04-17,DOW
DOW260417C00027500,27.5,2.07,2.11,2.23,223.0,425.0,0.4939015454101563,False,CALL,2026-04-17,DOW
DOW260417C00030000,30.0,1.12,0.93,1.27,348.0,1083.0,0.47461462890625,False,CALL,2026-04-17,DOW
DOW260417C00032500,32.5,0.8,0.41,0.69,10.0,1070.0,0.46631393066406257,False,CALL,2026-04-17,DOW
DOW260417C00035000,35.0,0.21,0.17,0.37,44.0,165.0,0.46631393066406257,False,CALL,2026-04-17,DOW
DOW260417P00020000,20.0,0.3,0.16,0.26,51.0,47.0,0.5039112109375,False,PUT,2026-04-17,DOW
DOW260417P00022500,22.5,0.54,0.51,0.59,12.0,236.0,0.4624077197265626,False,PUT,2026-04-17,DOW
DOW260417P00025000,25.0,1.27,1.14,1.25,257.0,797.0,0.4335994140625,False,PUT,2026-04-17,DOW
DOW260417P00027500,27.5,2.87,2.12,2.37,345.0,966.0,0.414068359375,True,PUT,2026-04-17,DOW
DOW260417P00030000,30.0,4.45,3.65,4.0,1.0,9.0,0.407232490234375,True,PUT,2026-04-17,DOW
DOW260417P00032500,32.5,5.05,5.55,7.25,1.0,6.0,0.5102588037109376,True,PUT,2026-04-17,DOW
DOW260417P00035000,35.0,8.0,7.65,9.55,,1.0,0.5297898583984376,True,PUT,2026-04-17,DOW
DOW260618C00020000,20.0,6.71,7.0,8.15,4.0,1332.0,0.6381872119140625,True,CALL,2026-06-18,DOW
DOW260618C00022500,22.5,5.5,5.3,6.1,9.0,2219.0,0.561527822265625,True,CALL,2026-06-18,DOW
DOW260618C00025000,25.0,4.14,4.1,4.35,113.0,4637.0,0.5109912182617188,True,CALL,2026-06-18,DOW
DOW260618C00027500,27.5,2.88,2.85,2.85,209.0,7894.0,0.4624077197265626,False,CALL,2026-06-18,DOW
DOW260618C00030000,30.0,1.92,1.8,2.03,153.0,8247.0,0.4738822143554688,False,CALL,2026-06-18,DOW
DOW260618C00032500,32.5,1.21,1.13,1.32,513.0,3387.0,0.4633842724609375,False,CALL,2026-06-18,DOW
DOW260618C00035000,35.0,0.73,0.75,0.84,105.0,5244.0,0.45654840332031255,False,CALL,2026-06-18,DOW
DOW260618P00020000,20.0,0.58,0.53,0.61,52.0,12078.0,0.4907277490234375,False,PUT,2026-06-18,DOW
DOW260618P00022500,22.5,1.28,1.04,1.19,122.0,9709.0,0.47412635253906255,False,PUT,2026-06-18,DOW
DOW260618P00025000,25.0,1.96,1.86,2.0,508.0,5700.0,0.44775942871093743,False,PUT,2026-06-18,DOW
DOW260618P00027500,27.5,3.65,2.94,3.3,5.0,5904.0,0.44922425781249997,True,PUT,2026-06-18,DOW
DOW260618P00030000,30.0,4.63,4.5,4.75,8.0,5545.0,0.424810439453125,True,PUT,2026-06-18,DOW
DOW260618P00032500,32.5,6.6,6.2,6.55,117.0,812.0,0.4096738720703125,True,PUT,2026-06-18,DOW
DOW260618P00035000,35.0,7.9,8.2,9.85,1.0,351.0,0.6320837573242188,True,PUT,2026-06-18,DOW
DOW260918C00020000,20.0,7.91,7.9,8.5,3.0,565.0,0.5056201782226561,True,CALL,2026-09-18,DOW
DOW260918C00022500,22.5,6.6,5.1,6.75,7.0,262.0,0.5310105493164063,True,CALL,2026-09-18,DOW
DOW260918C00025000,25.0,4.84,4.95,5.1,3.0,12138.0,0.49170430175781255,True,CALL,2026-09-18,DOW
DOW260918C00027500,27.5,3.5,3.4,3.85,23.0,1765.0,0.47681187255859375,False,CALL,2026-09-18,DOW
DOW260918C00030000,30.0,2.27,2.3,2.81,8.0,2916.0,0.46057668334960944,False,CALL,2026-09-18,DOW
DOW260918C00032500,32.5,1.51,1.65,2.08,8.0,1323.0,0.4567925415039063,False,CALL,2026-09-18,DOW
DOW260918C00035000,35.0,1.22,0.99,1.49,1.0,6065.0,0.44922425781249997,False,CALL,2026-09-18,DOW
DOW260918P00020000,20.0,1.03,0.82,1.2,35.0,6008.0,0.4985401708984375,False,PUT,2026-09-18,DOW
DOW260918P00022500,22.5,1.59,1.58,1.88,10.0,2007.0,0.4721732470703125,False,PUT,2026-09-18,DOW
DOW260918P00025000,25.0,2.63,2.46,2.98,15.0,6078.0,0.47192910888671874,False,PUT,2026-09-18,DOW
DOW260918P00027500,27.5,3.82,3.65,4.1,2.0,3729.0,0.44312080322265623,True,PUT,2026-09-18,DOW
DOW260918P00030000,30.0,4.7,5.1,6.4,2.0,410.0,0.5249070947265625,True,PUT,2026-09-18,DOW
DOW260918P00032500,32.5,6.74,6.8,8.2,2.0,638.0,0.5273484765625001,True,PUT,2026-09-18,DOW
DOW260918P00035000,35.0,9.25,8.7,9.8,1.0,176.0,0.485356708984375,True,PUT,2026-09-18,DOW
DOW261218C00020000,20.0,8.9,7.1,8.85,20.0,1300.0,0.5241746801757812,True,CALL,2026-12-18,DOW
DOW261218C00022500,22.5,7.8,5.55,7.2,5.0,325.0,0.5043994873046875,True,CALL,2026-12-18,DOW
DOW261218C00025000,25.0,5.3,5.3,5.75,7.0,672.0,0.48608912353515626,True,CALL,2026-12-18,DOW
DOW261218C00027500,27.5,4.3,4.1,4.5,90.0,788.0,0.46924358886718753,False,CALL,2026-12-18,DOW
DOW261218C00030000,30.0,3.27,2.88,3.5,253.0,2532.0,0.4587456469726563,False,CALL,2026-12-18,DOW
DOW261218C00032500,32.5,2.5,2.37,2.65,29.0,1060.0,0.4459283923339844,False,CALL,2026-12-18,DOW
DOW261218C00035000,35.0,1.89,1.68,1.99,3.0,2861.0,0.4364070031738281,False,CALL,2026-12-18,DOW
DOW261218P00020000,20.0,1.37,1.26,1.44,757.0,3260.0,0.4592339233398438,False,PUT,2026-12-18,DOW
DOW261218P00022500,22.5,2.38,2.01,2.46,520.0,1300.0,0.47095255615234377,False,PUT,2026-12-18,DOW
DOW261218P00025000,25.0,3.6,3.0,3.6,1.0,1291.0,0.4660697924804688,False,PUT,2026-12-18,DOW
DOW261218P00027500,27.5,4.68,4.2,4.95,3.0,306.0,0.46045461425781253,True,PUT,2026-12-18,DOW
DOW261218P00030000,30.0,6.08,5.7,6.8,2.0,13528.0,0.48474636352539063,True,PUT,2026-12-18,DOW
DOW261218P00032500,32.5,8.13,7.3,8.15,2.0,511.0,0.44214425048828127,True,PUT,2026-12-18,DOW
DOW261218P00035000,35.0,8.69,9.1,11.45,1.0,1153.0,0.583866466064453,True,PUT,2026-12-18,DOW
DOW270115C00020000,20.0,8.02,8.35,9.05,2.0,2620.0,0.5305222729492188,True,CALL,2027-01-15,DOW
DOW270115C00022500,22.5,7.0,6.75,7.35,16.0,1514.0,0.5014698291015626,True,CALL,2027-01-15,DOW
DOW270115C00025000,25.0,5.66,5.5,5.85,76.0,7399.0,0.4770560107421875,True,CALL,2027-01-15,DOW
DOW270115C00027500,27.5,4.5,4.25,4.65,23.0,1890.0,0.46484910156250003,False,CALL,2027-01-15,DOW
DOW270115C00030000,30.0,3.45,3.2,3.65,134.0,2819.0,0.4545952978515625,False,CALL,2027-01-15,DOW
DOW270115C00032500,32.5,2.65,2.42,2.81,2.0,1608.0,0.44360907958984375,False,CALL,2027-01-15,DOW
DOW270115C00035000,35.0,1.84,1.84,2.15,246.0,6433.0,0.43530838134765626,False,CALL,2027-01-15,DOW
DOW270115P00020000,20.0,1.41,1.34,1.52,262.0,8518.0,0.4519097778320313,False,PUT,2027-01-15,DOW
DOW270115P00022500,22.5,2.52,2.11,2.51,1.0,7097.0,0.45752495605468757,False,PUT,2027-01-15,DOW
DOW270115P00025000,25.0,3.21,3.1,3.75,1.0,7121.0,0.4624077197265626,False,PUT,2027-01-15,DOW
DOW270115P00027500,27.5,4.4,4.3,5.45,5.0,1136.0,0.4897511962890626,True,PUT,2027-01-15,DOW
DOW270115P00030000,30.0,6.05,5.8,6.25,40.0,6767.0,0.41272559936523434,True,PUT,2027-01-15,DOW
DOW270115P00032500,32.5,7.85,7.45,8.1,5.0,2390.0,0.4190731921386719,True,PUT,2027-01-15,DOW
DOW270115P00035000,35.0,9.12,9.0,10.3,10.0,2816.0,0.4464166687011719,True,PUT,2027-01-15,DOW
DOW280121C00020000,20.0,9.1,8.7,10.5,26.0,498.0,0.5017139672851563,True,CALL,2028-01-21,DOW
DOW280121C00022500,22.5,7.67,7.4,9.1,7.0,677.0,0.4885305053710938,True,CALL,2028-01-21,DOW
DOW280121C00025000,25.0,7.25,5.9,8.5,14.0,2038.0,0.5247850256347657,True,CALL,2028-01-21,DOW
DOW280121C00027500,27.5,6.4,4.0,7.7,22.0,1462.0,0.5334519311523438,False,CALL,2028-01-21,DOW
DOW280121C00030000,30.0,5.5,4.9,5.55,35.0,751.0,0.44312080322265623,False,CALL,2028-01-21,DOW
DOW280121C00032500,32.5,4.0,3.95,5.2,11.0,1123.0,0.4681449670410156,False,CALL,2028-01-21,DOW
DOW280121C00035000,35.0,3.35,3.0,4.1,22.0,393.0,0.4368952795410156,False,CALL,2028-01-21,DOW
DOW280121P00020000,20.0,2.75,2.22,2.9,1.0,815.0,0.44421942504882805,False,PUT,2028-01-21,DOW
DOW280121P00022500,22.5,3.42,3.4,4.0,1.0,2754.0,0.43774976318359377,False,PUT,2028-01-21,DOW
DOW280121P00025000,25.0,4.4,4.5,5.75,5.0,878.0,0.46680220703125,False,PUT,2028-01-21,DOW
DOW280121P00027500,27.5,5.62,5.8,6.5,1.0,73.0,0.41309180664062495,True,PUT,2028-01-21,DOW
DOW280121P00030000,30.0,8.05,7.25,8.3,5.0,157.0,0.42383388671875,True,PUT,2028-01-21,DOW
DOW280121P00032500,32.5,8.67,7.35,10.15,1.0,51.0,0.4293269958496094,True,PUT,2028-01-21,DOW
DOW280121P00035000,35.0,10.5,10.15,11.95,1.0,63.0,0.4243221630859375,True,PUT,2028-01-21,DOW
DVN260130C00030000,30.0,9.64,8.55,12.55,1.0,8.0,1.9218753906250001,True,CALL,2026-01-30,DVN
DVN260130C00031000,31.0,7.35,7.55,11.55,7.0,5.0,1.734376328125,True,CALL,2026-01-30,DVN
DVN260130C00032000,32.0,7.67,6.55,10.55,1.0,4.0,1.5625021874999998,True,CALL,2026-01-30,DVN
DVN260130C00033000,33.0,6.67,5.55,9.55,1.0,2.0,1.3828155859374998,True,CALL,2026-01-30,DVN
DVN260130C00034000,34.0,5.77,4.6,8.35,2.0,10.0,3.962890717773437,True,CALL,2026-01-30,DVN
DVN260130C00035000,35.0,6.09,3.55,7.45,5.0,254.0,3.7089851025390628,True,CALL,2026-01-30,DVN
DVN260130C00035500,35.5,2.97,3.05,6.85,3.0,9.0,3.425782685546875,True,CALL,2026-01-30,DVN
DVN260130C00036000,36.0,4.73,2.57,6.65,25.0,622.0,1.0742233789062503,True,CALL,2026-01-30,DVN
DVN260130C00036500,36.5,4.25,2.8,5.9,3.0,388.0,1.40625296875,True,CALL,2026-01-30,DVN
DVN260130C00037000,37.0,3.63,3.0,5.4,15.0,556.0,1.712892060546875,True,CALL,2026-01-30,DVN
DVN260130C00037500,37.5,3.25,1.12,4.9,28.0,782.0,2.7529328051757815,True,CALL,2026-01-30,DVN
DVN260130C00038000,38.0,2.4,2.11,4.45,89.0,2026.0,1.5000025,True,CALL,2026-01-30,DVN
DVN260130C00038500,38.5,2.17,0.19,2.96,46.0,546.0,1.5195336523437497,True,CALL,2026-01-30,DVN
DVN260130C00039000,39.0,1.4,1.6,2.15,93.0,1696.0,0.78711150390625,True,CALL,2026-01-30,DVN
DVN260130C00039500,39.5,0.64,0.68,1.35,161.0,1555.0,0.6191444335937502,True,CALL,2026-01-30,DVN
DVN260130C00040000,40.0,0.88,0.54,0.95,464.0,1727.0,0.5546919531250001,True,CALL,2026-01-30,DVN
DVN260130C00040500,40.5,0.43,0.41,1.26,157.0,401.0,0.6894562304687502,True,CALL,2026-01-30,DVN
DVN260130C00041000,41.0,0.3,0.2,0.39,1403.0,3896.0,0.49805189453125004,False,CALL,2026-01-30,DVN
DVN260130C00041500,41.5,0.19,0.01,0.25,185.0,115.0,0.5136767382812499,False,CALL,2026-01-30,DVN
DVN260130C00042000,42.0,0.09,0.01,0.15,273.0,679.0,0.5195360546875,False,CALL,2026-01-30,DVN
DVN260130C00043000,43.0,0.03,0.0,1.42,15.0,234.0,1.3515657421874998,False,CALL,2026-01-30,DVN
DVN260130C00044000,44.0,0.02,0.0,0.07,5.0,7.0,0.648441015625,False,CALL,2026-01-30,DVN
DVN260130C00046000,46.0,0.01,0.0,0.01,5.0,12.0,0.6875031250000001,False,CALL,2026-01-30,DVN
DVN260130C00048000,48.0,0.12,0.0,2.13,,1.0,2.8027373681640624,False,CALL,2026-01-30,DVN
DVN260130C00049000,49.0,0.02,0.0,0.01,147.0,147.0,0.98437515625,False,CALL,2026-01-30,DVN
DVN260130P00029000,29.0,0.07,0.0,2.13,9.0,9.0,4.710941611328124,False,PUT,2026-01-30,DVN
DVN260130P00030000,30.0,0.05,0.0,2.13,1.0,27.0,4.371098286132812,False,PUT,2026-01-30,DVN
DVN260130P00031000,31.0,0.12,0.0,2.13,1.0,8.0,4.039067451171874,False,PUT,2026-01-30,DVN
DVN260130P00032000,32.0,0.01,0.0,2.13,3.0,119.0,3.712891342773437,False,PUT,2026-01-30,DVN
DVN260130P00032500,32.5,0.05,0.0,2.13,,1.0,3.550782373046875,False,PUT,2026-01-30,DVN
DVN260130P00033000,33.0,0.03,0.0,0.8,24.0,74.0,2.4023477441406245,False,PUT,2026-01-30,DVN
DVN260130P00033500,33.5,0.03,0.0,2.13,2.0,12.0,3.232423793945312,False,PUT,2026-01-30,DVN
DVN260130P00034000,34.0,0.01,0.0,0.24,115.0,600.0,1.5585959570312498,False,PUT,2026-01-30,DVN
DVN260130P00034500,34.5,0.01,0.0,0.25,57.0,270.0,1.46875265625,False,PUT,2026-01-30,DVN
DVN260130P00035000,35.0,0.02,0.0,0.03,71.0,751.0,0.92187578125,False,PUT,2026-01-30,DVN
DVN260130P00035500,35.5,0.03,0.0,2.13,13.0,176.0,2.60156599609375,False,PUT,2026-01-30,DVN
DVN260130P00036000,36.0,0.02,0.0,2.13,50.0,538.0,2.44531638671875,False,PUT,2026-01-30,DVN
DVN260130P00036500,36.5,0.02,0.0,0.02,125.0,684.0,0.6562534375000001,False,PUT,2026-01-30,DVN
DVN260130P00037000,37.0,0.01,0.0,0.02,19.0,915.0,0.57812921875,False,PUT,2026-01-30,DVN
DVN260130P00037500,37.5,0.01,0.0,0.05,60.0,403.0,0.585941640625,False,PUT,2026-01-30,DVN
DVN260130P00038000,38.0,0.21,0.01,0.2,9.0,583.0,0.6992217578125001,False,PUT,2026-01-30,DVN
DVN260130P00038500,38.5,0.09,0.0,0.37,132.0,277.0,0.7148466015625,False,PUT,2026-01-30,DVN
DVN260130P00039000,39.0,0.07,0.04,0.15,304.0,1096.0,0.5468795312500001,False,PUT,2026-01-30,DVN
DVN260130P00039500,39.5,0.12,0.05,0.29,113.0,70.0,0.57617611328125,False,PUT,2026-01-30,DVN
DVN260130P00040000,40.0,0.3,0.05,0.6,112.0,19.0,0.70117486328125,False,PUT,2026-01-30,DVN
DVN260206C00029000,29.0,9.75,9.6,13.75,7.0,15.0,1.3164096679687498,True,CALL,2026-02-06,DVN
DVN260206C00030000,30.0,10.8,8.65,12.4,40.0,100.0,0.7500025,True,CALL,2026-02-06,DVN
DVN260206C00034000,34.0,3.85,4.6,8.4,1.0,16.0,1.8935552197265624,True,CALL,2026-02-06,DVN
DVN260206C00035000,35.0,5.4,3.6,7.7,150.0,388.0,0.65039412109375,True,CALL,2026-02-06,DVN
DVN260206C00035500,35.5,1.88,3.1,6.9,,1.0,1.6386736816406249,True,CALL,2026-02-06,DVN
DVN260206C00036000,36.0,4.4,2.64,6.75,76.0,732.0,0.59570716796875,True,CALL,2026-02-06,DVN
DVN260206C00036500,36.5,2.85,2.19,5.95,1.0,12.0,1.4921900390624998,True,CALL,2026-02-06,DVN
DVN260206C00037000,37.0,3.4,1.72,5.45,86.0,661.0,1.40625296875,True,CALL,2026-02-06,DVN
DVN260206C00037500,37.5,3.1,1.26,4.8,1.0,110.0,1.2529334228515623,True,CALL,2026-02-06,DVN
DVN260206C00038000,38.0,2.64,2.41,4.5,47.0,504.0,0.790041162109375,True,CALL,2026-02-06,DVN
DVN260206C00038500,38.5,2.34,0.81,4.2,19.0,341.0,0.5029346582031251,True,CALL,2026-02-06,DVN
DVN260206C00039000,39.0,1.96,1.65,2.38,26.0,577.0,0.6025430371093752,True,CALL,2026-02-06,DVN
DVN260206C00039500,39.5,1.36,1.08,1.9,18.0,234.0,0.5302781347656251,True,CALL,2026-02-06,DVN
DVN260206C00040000,40.0,1.31,1.18,1.45,309.0,2548.0,0.46484910156250003,True,CALL,2026-02-06,DVN
DVN260206C00040500,40.5,1.06,0.88,1.18,95.0,173.0,0.46143116699218756,True,CALL,2026-02-06,DVN
DVN260206C00041000,41.0,0.68,0.64,0.95,362.0,289.0,0.459966337890625,False,CALL,2026-02-06,DVN
DVN260206C00041500,41.5,0.6,0.46,0.73,16.0,58.0,0.4497125341796875,False,CALL,2026-02-06,DVN
DVN260206C00042000,42.0,0.37,0.31,0.6,88.0,207.0,0.463872548828125,False,CALL,2026-02-06,DVN
DVN260206C00043000,43.0,0.25,0.15,0.34,3121.0,624.0,0.45606012695312503,False,CALL,2026-02-06,DVN
DVN260206C00044000,44.0,0.13,0.0,0.7,15.0,15.0,0.561527822265625,False,CALL,2026-02-06,DVN
DVN260206C00045000,45.0,0.07,0.0,0.95,124.0,64.0,0.72851833984375,False,CALL,2026-02-06,DVN
DVN260206C00046000,46.0,0.05,0.0,0.1,1.0,3.0,0.5312546875,False,CALL,2026-02-06,DVN
DVN260206C00047000,47.0,0.02,0.0,2.16,,1.0,1.2353553857421873,False,CALL,2026-02-06,DVN
DVN260206P00030000,30.0,0.07,0.0,2.13,,21.0,2.0605517236328126,False,PUT,2026-02-06,DVN
DVN260206P00031000,31.0,0.13,0.0,2.13,3.0,14.0,1.9042973535156251,False,PUT,2026-02-06,DVN
DVN260206P00032000,32.0,0.03,0.02,2.13,1.0,118.0,1.7568371533203124,False,PUT,2026-02-06,DVN
DVN260206P00033000,33.0,0.03,0.0,2.13,1.0,301.0,1.5986348193359374,False,PUT,2026-02-06,DVN
DVN260206P00034000,34.0,0.04,0.02,2.13,100.0,360.0,1.455080849609375,False,PUT,2026-02-06,DVN
DVN260206P00034500,34.5,0.03,0.0,2.13,1.0,2.0,1.3750031249999999,False,PUT,2026-02-06,DVN
DVN260206P00035000,35.0,0.03,0.0,2.14,4.0,344.0,1.303714418945312,False,PUT,2026-02-06,DVN
DVN260206P00035500,35.5,0.05,0.0,0.5,9.0,19.0,0.7148466015625,False,PUT,2026-02-06,DVN
DVN260206P00036000,36.0,0.08,0.01,2.15,7.0,635.0,1.16016044921875,False,PUT,2026-02-06,DVN
DVN260206P00036500,36.5,0.06,0.0,1.66,2.0,14.0,0.956055126953125,False,PUT,2026-02-06,DVN
DVN260206P00037000,37.0,0.15,0.02,0.21,1.0,566.0,0.5195360546875,False,PUT,2026-02-06,DVN
DVN260206P00037500,37.5,0.11,0.1,0.2,7.0,188.0,0.45703667968750006,False,PUT,2026-02-06,DVN
DVN260206P00038000,38.0,0.22,0.01,0.22,260.0,247.0,0.41602146484374997,False,PUT,2026-02-06,DVN
DVN260206P00038500,38.5,0.12,0.05,0.42,8.0,109.0,0.4687553125,False,PUT,2026-02-06,DVN
DVN260206P00039000,39.0,0.35,0.25,0.46,54.0,99.0,0.42090422851562503,False,PUT,2026-02-06,DVN
DVN260206P00039500,39.5,0.5,0.39,0.7,41.0,119.0,0.454107021484375,False,PUT,2026-02-06,DVN
DVN260206P00040000,40.0,0.8,0.52,0.81,67.0,156.0,0.41602146484374997,False,PUT,2026-02-06,DVN
DVN260213C00033000,33.0,5.8,5.7,9.45,4.0,3.0,0.5390671093750001,True,CALL,2026-02-13,DVN
DVN260213C00035000,35.0,5.75,5.5,7.0,25.0,314.0,0.8320329296874999,True,CALL,2026-02-13,DVN
DVN260213C00036000,36.0,4.0,3.55,6.6,1.0,576.0,0.6523472265625001,True,CALL,2026-02-13,DVN
DVN260213C00037000,37.0,3.79,1.86,5.7,2.0,259.0,1.138676181640625,True,CALL,2026-02-13,DVN
DVN260213C00038000,38.0,2.72,2.11,4.95,18.0,458.0,0.6186561572265626,True,CALL,2026-02-13,DVN
DVN260213C00039000,39.0,2.22,1.32,2.85,19.0,360.0,0.6025430371093752,True,CALL,2026-02-13,DVN
DVN260213C00040000,40.0,1.25,1.25,2.04,154.0,659.0,0.526371923828125,True,CALL,2026-02-13,DVN
DVN260213C00041000,41.0,0.7,0.65,1.2,195.0,1911.0,0.4194393994140625,False,CALL,2026-02-13,DVN
DVN260213C00042000,42.0,0.61,0.28,0.97,18.0,147.0,0.46533737792968755,False,CALL,2026-02-13,DVN
DVN260213C00043000,43.0,0.4,0.16,0.7,77.0,66.0,0.47412635253906255,False,CALL,2026-02-13,DVN
DVN260213C00044000,44.0,0.33,0.04,1.19,3.0,7.0,0.5273484765625001,False,CALL,2026-02-13,DVN
DVN260213C00045000,45.0,0.16,0.01,0.2,116.0,1016.0,0.41211525390625,False,CALL,2026-02-13,DVN
DVN260213C00046000,46.0,0.03,0.05,0.35,1.0,5.0,0.5556685058593751,False,CALL,2026-02-13,DVN
DVN260213C00047000,47.0,0.05,0.0,2.19,5.0,5.0,0.9326178613281251,False,CALL,2026-02-13,DVN
DVN260213P00030000,30.0,0.18,0.0,2.13,,2.0,1.5449241503906248,False,PUT,2026-02-13,DVN
DVN260213P00031000,31.0,0.04,0.0,2.13,6.0,32.0,1.4277372363281249,False,PUT,2026-02-13,DVN
DVN260213P00032000,32.0,0.02,0.0,0.2,2.0,139.0,0.6757844921875001,False,PUT,2026-02-13,DVN
DVN260213P00033000,33.0,0.04,0.02,0.04,2.0,163.0,0.507817421875,False,PUT,2026-02-13,DVN
DVN260213P00034000,34.0,0.23,0.04,1.0,10.0,102.0,0.8261736132812498,False,PUT,2026-02-13,DVN
DVN260213P00035000,35.0,0.1,0.02,0.45,1.0,282.0,0.56836369140625,False,PUT,2026-02-13,DVN
DVN260213P00036000,36.0,0.13,0.0,0.74,2.0,417.0,0.561527822265625,False,PUT,2026-02-13,DVN
DVN260213P00037000,37.0,0.2,0.0,0.55,8.0,299.0,0.551762294921875,False,PUT,2026-02-13,DVN
DVN260213P00038000,38.0,0.35,0.01,1.07,12.0,102.0,0.63867548828125,False,PUT,2026-02-13,DVN
DVN260213P00039000,39.0,1.13,0.01,2.63,4.0,44.0,0.5991251025390626,False,PUT,2026-02-13,DVN
DVN260213P00040000,40.0,0.88,0.8,2.95,7.0,13.0,0.6323278955078125,False,PUT,2026-02-13,DVN
DVN260220C00030000,30.0,8.49,8.7,12.5,1.0,81.0,0.6640658593750002,True,CALL,2026-02-20,DVN
DVN260220C00032500,32.5,7.87,6.25,8.7,4.0,128.0,0.8862316064453124,True,CALL,2026-02-20,DVN
DVN260220C00033000,33.0,6.97,5.9,9.55,6.0,9.0,0.5918009570312501,True,CALL,2026-02-20,DVN
DVN260220C00033500,33.5,6.17,5.3,9.35,3.0,3.0,0.6201209863281252,True,CALL,2026-02-20,DVN
DVN260220C00034000,34.0,5.66,4.8,8.55,3.0,7.0,1.2329139916992187,True,CALL,2026-02-20,DVN
DVN260220C00034500,34.5,5.2,4.35,8.1,2.0,54.0,1.1943399658203124,True,CALL,2026-02-20,DVN
DVN260220C00035000,35.0,5.78,5.2,6.35,49.0,969.0,0.7304714453125,True,CALL,2026-02-20,DVN
DVN260220C00036000,36.0,3.96,3.5,6.95,3.0,9.0,0.5991251025390626,True,CALL,2026-02-20,DVN
DVN260220C00036500,36.5,4.6,2.51,6.3,1.0,57.0,1.0336962377929688,True,CALL,2026-02-20,DVN
DVN260220C00037000,37.0,3.98,3.7,4.45,3.0,156.0,0.585941640625,True,CALL,2026-02-20,DVN
DVN260220C00037500,37.5,3.6,3.4,3.8,826.0,4736.0,0.4936574072265626,True,CALL,2026-02-20,DVN
DVN260220C00038000,38.0,3.01,2.7,3.8,20.0,459.0,0.5927775097656252,True,CALL,2026-02-20,DVN
DVN260220C00038500,38.5,2.9,0.85,4.75,31.0,454.0,0.9252937158203125,True,CALL,2026-02-20,DVN
DVN260220C00039000,39.0,2.56,0.89,2.96,626.0,2017.0,0.5312546875,True,CALL,2026-02-20,DVN
DVN260220C00039500,39.5,1.97,2.1,2.29,395.0,191.0,0.432622861328125,True,CALL,2026-02-20,DVN
DVN260220C00040000,40.0,1.85,1.82,1.99,1264.0,19326.0,0.42627526855468756,True,CALL,2026-02-20,DVN
DVN260220C00040500,40.5,1.6,1.56,1.72,413.0,5543.0,0.42188078125,True,CALL,2026-02-20,DVN
DVN260220C00041000,41.0,1.39,1.31,1.48,261.0,525.0,0.418951123046875,False,CALL,2026-02-20,DVN
DVN260220C00041500,41.5,1.15,1.11,1.27,280.0,130.0,0.41797457031249996,False,CALL,2026-02-20,DVN
DVN260220C00042000,42.0,0.91,0.92,1.08,122.0,199.0,0.4165097412109374,False,CALL,2026-02-20,DVN
DVN260220C00042500,42.5,0.85,0.78,0.92,569.0,10050.0,0.41748629394531245,False,CALL,2026-02-20,DVN
DVN260220C00043000,43.0,0.69,0.63,0.79,848.0,96.0,0.42090422851562503,False,CALL,2026-02-20,DVN
DVN260220C00044000,44.0,0.5,0.41,0.56,8.0,90.0,0.422857333984375,False,CALL,2026-02-20,DVN
DVN260220C00045000,45.0,0.35,0.05,0.4,419.0,762.0,0.4282283740234375,False,CALL,2026-02-20,DVN
DVN260220C00046000,46.0,0.19,0.01,0.75,65.0,34.0,0.6084023535156251,False,CALL,2026-02-20,DVN
DVN260220C00047500,47.5,0.12,0.05,0.24,645.0,1342.0,0.485356708984375,False,CALL,2026-02-20,DVN
DVN260220C00050000,50.0,0.06,0.07,0.1,7.0,1445.0,0.49023947265625006,False,CALL,2026-02-20,DVN
DVN260220P00030000,30.0,0.01,0.01,0.1,3.0,940.0,0.6210975390625001,False,PUT,2026-02-20,DVN
DVN260220P00032000,32.0,0.1,0.0,0.2,5.0,14.0,0.5625043750000001,False,PUT,2026-02-20,DVN
DVN260220P00032500,32.5,0.06,0.05,0.4,54.0,3278.0,0.63867548828125,False,PUT,2026-02-20,DVN
DVN260220P00033000,33.0,0.03,0.0,2.18,1.0,21.0,1.009770576171875,False,PUT,2026-02-20,DVN
DVN260220P00034000,34.0,0.13,0.0,0.22,5.0,395.0,0.53320779296875,False,PUT,2026-02-20,DVN
DVN260220P00034500,34.5,0.12,0.0,0.59,30.0,34.0,0.5419967675781252,False,PUT,2026-02-20,DVN
DVN260220P00035000,35.0,0.13,0.13,0.32,394.0,4237.0,0.5185595019531251,False,PUT,2026-02-20,DVN
DVN260220P00035500,35.5,0.17,0.0,0.74,13.0,437.0,0.50586431640625,False,PUT,2026-02-20,DVN
DVN260220P00036000,36.0,0.26,0.0,0.78,5.0,287.0,0.6250037500000001,False,PUT,2026-02-20,DVN
DVN260220P00036500,36.5,0.3,0.21,0.78,1.0,378.0,0.5815471533203125,False,PUT,2026-02-20,DVN
DVN260220P00037000,37.0,0.26,0.22,0.46,84.0,204.0,0.42774009765625004,False,PUT,2026-02-20,DVN
DVN260220P00037500,37.5,0.45,0.4,0.46,376.0,5400.0,0.387701435546875,False,PUT,2026-02-20,DVN
DVN260220P00038000,38.0,0.59,0.42,0.56,52.0,401.0,0.379889013671875,False,PUT,2026-02-20,DVN
DVN260220P00038500,38.5,0.85,0.55,0.71,68.0,362.0,0.38184211914062494,False,PUT,2026-02-20,DVN
DVN260220P00039000,39.0,0.8,0.73,0.84,28.0,488.0,0.3711000390625,False,PUT,2026-02-20,DVN
DVN260220P00039500,39.5,1.19,0.88,1.02,8.0,93.0,0.36817038085937503,False,PUT,2026-02-20,DVN
DVN260220P00040000,40.0,1.18,1.09,1.23,255.0,680.0,0.3657289990234375,False,PUT,2026-02-20,DVN
DVN260220P00040500,40.5,1.82,1.36,1.46,60.0,118.0,0.362311064453125,False,PUT,2026-02-20,DVN
DVN260220P00045000,45.0,7.5,3.2,6.65,59.0,62.0,0.9414068359375,True,PUT,2026-02-20,DVN
DVN260227C00030000,30.0,9.1,8.8,12.55,1.0,1.0,0.659183095703125,True,CALL,2026-02-27,DVN
DVN260227C00032000,32.0,5.34,6.8,10.55,,1.0,0.5410202148437502,True,CALL,2026-02-27,DVN
DVN260227C00033000,33.0,7.9,5.85,9.6,1.0,1.0,0.51758294921875,True,CALL,2026-02-27,DVN
DVN260227C00035000,35.0,4.93,3.95,7.75,2.0,345.0,1.0380907470703127,True,CALL,2026-02-27,DVN
DVN260227C00036000,36.0,4.6,3.0,6.85,2.0,528.0,0.9663089306640625,True,CALL,2026-02-27,DVN
DVN260227C00037000,37.0,4.67,3.05,5.9,1.0,589.0,0.5195360546875,True,CALL,2026-02-27,DVN
DVN260227C00038000,38.0,3.45,2.25,5.45,3.0,400.0,0.5312546875,True,CALL,2026-02-27,DVN
DVN260227C00039000,39.0,2.58,1.32,2.8,10.0,173.0,0.42847251220703125,True,CALL,2026-02-27,DVN
DVN260227C00040000,40.0,2.09,1.44,2.5,87.0,563.0,0.4848684326171875,True,CALL,2026-02-27,DVN
DVN260227C00041000,41.0,1.73,1.03,2.0,21.0,67.0,0.4792532543945312,False,CALL,2026-02-27,DVN
DVN260227C00042000,42.0,1.05,0.71,1.4,65.0,153.0,0.43604079589843747,False,CALL,2026-02-27,DVN
DVN260227C00043000,43.0,0.92,0.01,1.11,7.0,116.0,0.445318046875,False,CALL,2026-02-27,DVN
DVN260227C00044000,44.0,0.61,0.04,0.95,23.0,57.0,0.4721732470703125,False,CALL,2026-02-27,DVN
DVN260227C00045000,45.0,0.45,0.02,0.53,44.0,204.0,0.41602146484374997,False,CALL,2026-02-27,DVN
DVN260227C00046000,46.0,0.18,0.0,2.4,40.0,51.0,0.6538120556640626,False,CALL,2026-02-27,DVN
DVN260227C00049000,49.0,0.24,0.02,2.29,,6.0,0.797853583984375,False,CALL,2026-02-27,DVN
DVN260227P00031000,31.0,0.16,0.0,2.17,2.0,2.0,1.0498094384765626,False,PUT,2026-02-27,DVN
DVN260227P00032000,32.0,0.1,0.0,2.18,22.0,34.0,0.9677737597656251,False,PUT,2026-02-27,DVN
DVN260227P00033000,33.0,0.12,0.0,0.65,2.0,5.0,0.5839885351562499,False,PUT,2026-02-27,DVN
DVN260227P00034000,34.0,0.17,0.0,0.49,4.0,10.0,0.5918009570312501,False,PUT,2026-02-27,DVN
DVN260227P00035000,35.0,0.27,0.0,2.32,7.0,229.0,0.7407252490234374,False,PUT,2026-02-27,DVN
DVN260227P00036000,36.0,0.45,0.12,2.41,3.0,198.0,0.6870148486328126,False,PUT,2026-02-27,DVN
DVN260227P00037000,37.0,0.77,0.3,1.25,8.0,203.0,0.5976602734375001,False,PUT,2026-02-27,DVN
DVN260227P00038000,38.0,0.8,0.56,0.94,5.0,128.0,0.4335994140625,False,PUT,2026-02-27,DVN
DVN260227P00040000,40.0,1.4,0.01,3.4,15.0,16.0,0.7954122021484374,False,PUT,2026-02-27,DVN
DVN260306C00035000,35.0,4.73,4.05,7.85,1.0,5.0,0.9584965087890623,True,CALL,2026-03-06,DVN
DVN260306C00036000,36.0,2.52,3.15,7.3,,3.0,0.9719241088867188,True,CALL,2026-03-06,DVN
DVN260306C00039000,39.0,2.93,2.01,3.65,7.0,222.0,0.56055126953125,True,CALL,2026-03-06,DVN
DVN260306C00040000,40.0,2.26,1.38,3.2,17.0,29.0,0.5742230078125,True,CALL,2026-03-06,DVN
DVN260306C00041000,41.0,1.83,1.43,2.4,54.0,26.0,0.5092822509765625,False,CALL,2026-03-06,DVN
DVN260306C00042000,42.0,1.5,0.0,2.26,13.0,96.0,0.5620160986328125,False,CALL,2026-03-06,DVN
DVN260306P00039000,39.0,1.76,0.0,3.25,1.0,4.0,0.78711150390625,False,PUT,2026-03-06,DVN
DVN260320C00030000,30.0,10.1,8.8,12.6,4.0,394.0,0.5214891601562499,True,CALL,2026-03-20,DVN
DVN260320C00032500,32.5,8.5,6.7,10.1,32.0,1236.0,0.9497075341796875,True,CALL,2026-03-20,DVN
DVN260320C00035000,35.0,5.9,5.5,6.35,412.0,3401.0,0.4907277490234375,True,CALL,2026-03-20,DVN
DVN260320C00037500,37.5,4.1,4.1,5.0,122.0,3075.0,0.5634809277343751,True,CALL,2026-03-20,DVN
DVN260320C00040000,40.0,2.67,2.32,2.82,356.0,8506.0,0.4255428540039063,True,CALL,2026-03-20,DVN
DVN260320C00042500,42.5,1.46,1.25,1.63,367.0,3689.0,0.40381455566406255,False,CALL,2026-03-20,DVN
DVN260320C00045000,45.0,0.76,0.57,0.84,349.0,1899.0,0.38623660644531244,False,CALL,2026-03-20,DVN
DVN260320C00047500,47.5,0.39,0.07,0.57,42.0,6206.0,0.422857333984375,False,CALL,2026-03-20,DVN
DVN260320C00050000,50.0,0.23,0.01,0.25,37.0,614.0,0.4028380029296875,False,CALL,2026-03-20,DVN
DVN260320P00030000,30.0,0.1,0.05,0.1,9.0,4931.0,0.46289599609375004,False,PUT,2026-03-20,DVN
DVN260320P00032500,32.5,0.23,0.21,0.33,103.0,4209.0,0.47461462890625,False,PUT,2026-03-20,DVN
DVN260320P00035000,35.0,0.47,0.45,0.5,76.0,3276.0,0.40381455566406255,False,PUT,2026-03-20,DVN
DVN260320P00037500,37.5,1.05,0.82,1.36,358.0,3117.0,0.4467828759765625,False,PUT,2026-03-20,DVN
DVN260320P00040000,40.0,2.0,1.48,2.38,48.0,469.0,0.43897045410156255,False,PUT,2026-03-20,DVN
DVN260320P00042500,42.5,4.5,3.1,3.65,2.0,90.0,0.41040628662109374,True,PUT,2026-03-20,DVN
DVN260320P00045000,45.0,6.48,3.45,6.3,7.0,139.0,0.5705609350585938,True,PUT,2026-03-20,DVN
DVN260320P00047500,47.5,6.95,5.85,9.3,10.0,12.0,0.7758811474609376,True,PUT,2026-03-20,DVN
DVN260320P00050000,50.0,14.33,12.7,16.1,1.0,0.0,1.3320345898437496,True,PUT,2026-03-20,DVN
DVN260417C00030000,30.0,9.7,8.9,12.85,1.0,29.0,0.96679720703125,True,CALL,2026-04-17,DVN
DVN260417C00032500,32.5,7.75,6.55,9.5,5.0,102.0,0.6499058447265625,True,CALL,2026-04-17,DVN
DVN260417C00035000,35.0,6.57,6.05,7.35,25.0,559.0,0.5732464550781251,True,CALL,2026-04-17,DVN
DVN260417C00037500,37.5,4.5,3.9,4.7,183.0,1711.0,0.40796490478515623,True,CALL,2026-04-17,DVN
DVN260417C00040000,40.0,2.95,2.95,3.1,1044.0,16665.0,0.37964487548828124,True,CALL,2026-04-17,DVN
DVN260417C00042500,42.5,1.8,1.67,1.89,251.0,1701.0,0.35986968261718744,False,CALL,2026-04-17,DVN
DVN260417C00045000,45.0,1.06,1.06,1.23,378.0,1558.0,0.3715883154296875,False,CALL,2026-04-17,DVN
DVN260417C00047500,47.5,0.6,0.49,0.84,29.0,365.0,0.39111937011718745,False,CALL,2026-04-17,DVN
DVN260417C00050000,50.0,0.35,0.25,0.45,187.0,325.0,0.3789124609375,False,CALL,2026-04-17,DVN
DVN260417P00030000,30.0,0.18,0.0,1.05,3.0,824.0,0.5502974658203126,False,PUT,2026-04-17,DVN
DVN260417P00032500,32.5,0.35,0.35,0.46,8.0,1220.0,0.4204159521484375,False,PUT,2026-04-17,DVN
DVN260417P00035000,35.0,0.75,0.65,0.77,31.0,1466.0,0.38233039550781245,False,PUT,2026-04-17,DVN
DVN260417P00037500,37.5,1.78,0.79,1.34,3.0,852.0,0.35596347167968745,False,PUT,2026-04-17,DVN
DVN260417P00040000,40.0,2.49,2.25,2.32,136.0,535.0,0.34448897705078124,False,PUT,2026-04-17,DVN
DVN260417P00042500,42.5,5.2,2.29,4.3,2.0,6.0,0.4177304321289062,True,PUT,2026-04-17,DVN
DVN260618C00030000,30.0,9.3,9.25,12.0,10.0,650.0,0.5918009570312501,True,CALL,2026-06-18,DVN
DVN260618C00032500,32.5,9.05,7.1,9.8,12.0,1040.0,0.5293015820312501,True,CALL,2026-06-18,DVN
DVN260618C00035000,35.0,7.35,5.35,7.35,23.0,3884.0,0.4292049267578125,True,CALL,2026-06-18,DVN
DVN260618C00037500,37.5,5.51,3.8,6.65,11.0,2994.0,0.5190477783203125,True,CALL,2026-06-18,DVN
DVN260618C00040000,40.0,3.9,3.5,3.95,88.0,4339.0,0.3698793481445312,True,CALL,2026-06-18,DVN
DVN260618C00042500,42.5,2.73,2.6,2.78,71.0,4228.0,0.3588931298828125,False,CALL,2026-06-18,DVN
DVN260618C00045000,45.0,1.83,1.56,2.12,1490.0,9943.0,0.37500625,False,CALL,2026-06-18,DVN
DVN260618C00047500,47.5,1.3,0.98,1.35,1039.0,647.0,0.35718416259765623,False,CALL,2026-06-18,DVN
DVN260618C00050000,50.0,0.78,0.7,0.85,281.0,911.0,0.34766277343749996,False,CALL,2026-06-18,DVN
DVN260618P00030000,30.0,0.52,0.13,0.71,3.0,3086.0,0.45215391601562505,False,PUT,2026-06-18,DVN
DVN260618P00032500,32.5,0.95,0.36,1.1,6.0,2458.0,0.428716650390625,False,PUT,2026-06-18,DVN
DVN260618P00035000,35.0,1.4,1.27,1.34,18.0,5253.0,0.36597313720703123,False,PUT,2026-06-18,DVN
DVN260618P00037500,37.5,2.14,1.87,2.09,2.0,439.0,0.35108070800781244,False,PUT,2026-06-18,DVN
DVN260618P00040000,40.0,3.15,2.91,3.15,14.0,1936.0,0.3415593188476562,False,PUT,2026-06-18,DVN
DVN260618P00042500,42.5,4.5,4.25,4.95,7.0,66.0,0.37793590820312495,True,PUT,2026-06-18,DVN
DVN260618P00045000,45.0,7.23,5.75,7.5,2.0,25.0,0.46802289794921875,True,PUT,2026-06-18,DVN
DVN260618P00047500,47.5,15.3,12.45,13.4,,2.0,0.8366715551757811,True,PUT,2026-06-18,DVN
DVN260717C00030000,30.0,9.78,9.35,13.4,3.0,23.0,0.7319362744140624,True,CALL,2026-07-17,DVN
DVN260717C00032500,32.5,8.35,7.2,11.05,4.0,56.0,0.6350134155273439,True,CALL,2026-07-17,DVN
DVN260717C00035000,35.0,7.23,5.6,9.15,11.0,128.0,0.5876506079101562,True,CALL,2026-07-17,DVN
DVN260717C00037500,37.5,5.75,4.65,7.45,1.0,360.0,0.5510298803710938,True,CALL,2026-07-17,DVN
DVN260717C00040000,40.0,4.1,3.3,4.55,96.0,426.0,0.3920959228515625,True,CALL,2026-07-17,DVN
DVN260717C00042500,42.5,3.1,2.25,3.2,605.0,357.0,0.36499658447265626,False,CALL,2026-07-17,DVN
DVN260717C00045000,45.0,1.24,1.49,2.74,136.0,1255.0,0.40015248291015626,False,CALL,2026-07-17,DVN
DVN260717C00047500,47.5,1.55,0.8,1.75,29.0,141.0,0.3676821044921875,False,CALL,2026-07-17,DVN
DVN260717C00050000,50.0,1.11,0.32,1.18,31.0,734.0,0.3579165771484375,False,CALL,2026-07-17,DVN
DVN260717P00030000,30.0,0.7,0.5,1.3,8.0,189.0,0.5114794946289063,False,PUT,2026-07-17,DVN
DVN260717P00032500,32.5,1.3,0.01,1.38,27.0,145.0,0.4294490649414063,False,PUT,2026-07-17,DVN
DVN260717P00035000,35.0,1.51,0.72,1.96,1.0,151.0,0.40552352294921873,False,PUT,2026-07-17,DVN
DVN260717P00037500,37.5,2.42,1.42,2.8,121.0,1344.0,0.39075316284179684,False,PUT,2026-07-17,DVN
DVN260717P00040000,40.0,3.8,1.6,3.95,20.0,216.0,0.38477177734374995,False,PUT,2026-07-17,DVN
DVN260717P00042500,42.5,6.1,4.0,5.3,4.0,14.0,0.375982802734375,True,PUT,2026-07-17,DVN
DVN260918C00030000,30.0,10.5,9.8,12.75,1.0,264.0,0.5512740185546876,True,CALL,2026-09-18,DVN
DVN260918C00032500,32.5,8.35,7.85,11.8,5.0,1488.0,0.6169471899414063,True,CALL,2026-09-18,DVN
DVN260918C00035000,35.0,6.05,6.35,9.85,1.0,1759.0,0.5651898950195313,True,CALL,2026-09-18,DVN
DVN260918C00037500,37.5,6.25,5.3,7.05,1.0,1788.0,0.43726148681640625,True,CALL,2026-09-18,DVN
DVN260918C00040000,40.0,4.99,4.35,5.1,14.0,1504.0,0.3781800463867187,True,CALL,2026-09-18,DVN
DVN260918C00042500,42.5,3.91,2.68,4.25,161.0,397.0,0.3931945446777344,False,CALL,2026-09-18,DVN
DVN260918C00045000,45.0,2.94,1.83,3.0,55.0,387.0,0.3624331335449219,False,CALL,2026-09-18,DVN
DVN260918C00047500,47.5,1.85,0.85,2.88,4.0,525.0,0.40918559570312496,False,CALL,2026-09-18,DVN
DVN260918C00050000,50.0,1.65,0.75,2.0,1.0,527.0,0.3830628100585937,False,CALL,2026-09-18,DVN
DVN260918P00030000,30.0,1.14,0.01,2.36,2.0,850.0,0.5664105859375,False,PUT,2026-09-18,DVN
DVN260918P00032500,32.5,1.48,0.01,1.9,5.0,953.0,0.4249325085449219,False,PUT,2026-09-18,DVN
DVN260918P00035000,35.0,2.57,1.22,2.5,1.0,294.0,0.3978331701660156,False,PUT,2026-09-18,DVN
DVN260918P00037500,37.5,3.19,2.04,3.7,2.0,90.0,0.4096738720703125,False,PUT,2026-09-18,DVN
DVN260918P00040000,40.0,4.15,2.72,4.85,12.0,111.0,0.3996642065429688,False,PUT,2026-09-18,DVN
DVN260918P00042500,42.5,7.5,4.45,6.45,2.0,25.0,0.4102842175292969,True,PUT,2026-09-18,DVN
DVN260918P00045000,45.0,10.12,4.95,8.9,1.0,6.0,0.4738822143554688,True,PUT,2026-09-18,DVN
DVN260918P00050000,50.0,10.6,8.95,12.25,10.0,32.0,0.4497125341796875,True,PUT,2026-09-18,DVN
DVN261218C00030000,30.0,9.7,10.15,14.1,12.0,14.0,0.5950968225097657,True,CALL,2026-12-18,DVN
DVN261218C00032500,32.5,9.2,9.0,10.5,5.0,9.0,0.41223732299804683,True,CALL,2026-12-18,DVN
DVN261218C00035000,35.0,8.54,6.5,10.15,2.0,76.0,0.502080174560547,True,CALL,2026-12-18,DVN
DVN261218C00037500,37.5,6.6,4.95,7.9,2.0,250.0,0.43103596313476567,True,CALL,2026-12-18,DVN
DVN261218C00040000,40.0,5.7,3.65,6.3,33.0,177.0,0.4012511047363281,True,CALL,2026-12-18,DVN
DVN261218C00042500,42.5,4.74,3.15,5.0,2.0,59.0,0.38269660278320305,False,CALL,2026-12-18,DVN
DVN261218C00045000,45.0,3.85,3.3,4.0,2.0,237.0,0.37402969726562496,False,CALL,2026-12-18,DVN
DVN261218C00047500,47.5,3.05,0.87,3.25,2.0,138.0,0.37244279907226563,False,CALL,2026-12-18,DVN
DVN261218C00050000,50.0,2.25,1.82,2.59,30.0,285.0,0.3684145190429688,False,CALL,2026-12-18,DVN
DVN261218P00030000,30.0,1.25,0.1,2.3,25.0,252.0,0.47449255981445315,False,PUT,2026-12-18,DVN
DVN261218P00032500,32.5,2.1,0.01,2.4,2.0,2043.0,0.405279384765625,False,PUT,2026-12-18,DVN
DVN261218P00035000,35.0,3.1,1.42,3.45,3.0,77.0,0.41174904663085937,False,PUT,2026-12-18,DVN
DVN261218P00037500,37.5,3.96,1.61,5.0,11.0,52.0,0.43970286865234376,False,PUT,2026-12-18,DVN
DVN261218P00040000,40.0,5.19,3.0,6.7,3.0,78.0,0.4635063415527344,False,PUT,2026-12-18,DVN
DVN261218P00042500,42.5,6.83,4.15,8.0,1.0,11.0,0.44995667236328124,True,PUT,2026-12-18,DVN
DVN261218P00045000,45.0,10.5,5.6,9.5,,13.0,0.4414118359375,True,PUT,2026-12-18,DVN
DVN270115C00030000,30.0,12.08,10.25,14.1,54.0,988.0,0.5709271423339843,True,CALL,2027-01-15,DVN
DVN270115C00032500,32.5,10.95,8.4,12.0,2.0,354.0,0.5178270874023438,True,CALL,2027-01-15,DVN
DVN270115C00035000,35.0,8.54,7.0,8.95,10.0,3253.0,0.3934386828613281,True,CALL,2027-01-15,DVN
DVN270115C00037500,37.5,7.1,5.15,7.5,14.0,1552.0,0.38635867553710934,True,CALL,2027-01-15,DVN
DVN270115C00040000,40.0,5.75,5.5,6.25,211.0,4225.0,0.38172005004882803,True,CALL,2027-01-15,DVN
DVN270115C00042500,42.5,4.66,2.82,5.25,2102.0,12105.0,0.38281867187499996,False,CALL,2027-01-15,DVN
DVN270115C00045000,45.0,3.85,3.4,4.1,42.0,3981.0,0.36511865356445317,False,CALL,2027-01-15,DVN
DVN270115C00047500,47.5,3.2,1.32,3.5,28.0,416.0,0.37354142089843745,False,CALL,2027-01-15,DVN
DVN270115C00050000,50.0,2.58,2.25,2.75,50.0,2610.0,0.36438623901367195,False,CALL,2027-01-15,DVN
DVN270115C00052500,52.5,2.17,1.75,2.6,1.0,1161.0,0.3898986791992188,False,CALL,2027-01-15,DVN
DVN270115P00030000,30.0,1.54,1.35,4.15,4.0,5704.0,0.6208534008789064,False,PUT,2027-01-15,DVN
DVN270115P00032500,32.5,2.17,2.0,3.3,50.0,5123.0,0.4633842724609375,False,PUT,2027-01-15,DVN
DVN270115P00035000,35.0,2.95,1.42,3.5,40.0,4405.0,0.39880972290039063,False,PUT,2027-01-15,DVN
DVN270115P00037500,37.5,4.1,3.1,4.7,3.0,1586.0,0.401373173828125,False,PUT,2027-01-15,DVN
DVN270115P00040000,40.0,5.25,2.99,5.9,1.0,2360.0,0.39282833740234374,False,PUT,2027-01-15,DVN
DVN270115P00042500,42.5,6.6,4.35,7.25,33.0,147.0,0.3842835009765625,True,PUT,2027-01-15,DVN
DVN270115P00045000,45.0,8.1,5.85,9.7,5.0,140.0,0.43604079589843747,True,PUT,2027-01-15,DVN
DVN270115P00047500,47.5,11.25,7.45,11.35,10.0,107.0,0.42981527221679694,True,PUT,2027-01-15,DVN
DVN270115P00050000,50.0,10.95,9.5,13.2,1.0,334.0,0.42957113403320313,True,PUT,2027-01-15,DVN
DVN270115P00052500,52.5,18.8,16.35,19.5,6.0,7.0,0.6109658044433595,True,PUT,2027-01-15,DVN
DVN280121C00030000,30.0,13.07,11.5,16.5,6.0,133.0,0.5422409057617189,True,CALL,2028-01-21,DVN
DVN280121C00032500,32.5,11.79,10.0,14.5,25.0,210.0,0.49878430908203125,True,CALL,2028-01-21,DVN
DVN280121C00035000,35.0,10.3,9.0,11.5,6.0,1279.0,0.40479110839843746,True,CALL,2028-01-21,DVN
DVN280121C00037500,37.5,9.77,7.5,11.0,3.0,310.0,0.4366511413574219,True,CALL,2028-01-21,DVN
DVN280121C00040000,40.0,8.7,6.25,9.25,2.0,205.0,0.4028380029296875,True,CALL,2028-01-21,DVN
DVN280121C00042500,42.5,8.01,5.0,8.2,13.0,72.0,0.3979552392578125,False,CALL,2028-01-21,DVN
DVN280121C00045000,45.0,6.58,4.0,7.55,24.0,772.0,0.4066221447753906,False,CALL,2028-01-21,DVN
DVN280121C00047500,47.5,5.2,3.85,7.95,2.0,162.0,0.45752495605468757,False,CALL,2028-01-21,DVN
DVN280121C00050000,50.0,5.2,2.8,7.0,2.0,170.0,0.44556218505859374,False,CALL,2028-01-21,DVN
DVN280121P00030000,30.0,3.18,1.8,5.5,1.0,134.0,0.5140429455566407,False,PUT,2028-01-21,DVN
DVN280121P00032500,32.5,4.32,2.5,5.4,10.0,70.0,0.43994700683593746,False,PUT,2028-01-21,DVN
DVN280121P00035000,35.0,4.8,2.52,6.25,25.0,1503.0,0.4188290539550781,False,PUT,2028-01-21,DVN
DVN280121P00037500,37.5,6.0,3.5,7.0,5.0,115.0,0.38977661010742193,False,PUT,2028-01-21,DVN
DVN280121P00040000,40.0,7.01,5.0,9.5,10.0,105.0,0.4387263159179688,False,PUT,2028-01-21,DVN
DVN280121P00042500,42.5,8.54,6.0,10.5,5.0,18.0,0.41260353027343744,True,PUT,2028-01-21,DVN
DVN280121P00045000,45.0,9.45,7.5,12.0,1.0,12.0,0.4056455920410156,True,PUT,2028-01-21,DVN
DVN280121P00047500,47.5,14.56,0.0,0.0,1.0,1.0,1.0000000000000003e-05,True,PUT,2028-01-21,DVN
DVN280121P00050000,50.0,14.7,10.5,15.0,390.0,180.0,0.3807434973144531,True,PUT,2028-01-21,DVN
DVN281215C00032500,32.5,11.0,11.0,16.0,,11.0,0.4819387744140625,True,CALL,2028-12-15,DVN
DVN281215C00035000,35.0,11.71,10.25,14.05,4.0,7.0,0.44385321777343745,True,CALL,2028-12-15,DVN
DVN281215C00037500,37.5,10.21,9.9,12.3,2.0,29.0,0.41431249755859373,True,CALL,2028-12-15,DVN
DVN281215C00040000,40.0,10.65,9.4,11.2,1.0,28.0,0.40906352661132805,True,CALL,2028-12-15,DVN
DVN281215C00042500,42.5,8.95,7.6,9.1,689.0,3.0,0.36340968627929693,False,CALL,2028-12-15,DVN
DVN281215C00045000,45.0,8.65,6.65,8.65,2.0,70.0,0.3775086663818359,False,CALL,2028-12-15,DVN
DVN281215C00047500,47.5,5.93,6.25,7.8,2.0,3.0,0.3737855590820312,False,CALL,2028-12-15,DVN
DVN281215C00050000,50.0,7.15,5.8,7.05,1.0,441.0,0.37116107360839845,False,CALL,2028-12-15,DVN
DVN281215P00032500,32.5,4.65,3.7,6.3,,10.0,0.4056455920410156,False,PUT,2028-12-15,DVN
DVN281215P00035000,35.0,6.05,4.6,7.4,3.0,126.0,0.39600213378906257,False,PUT,2028-12-15,DVN
DVN281215P00037500,37.5,8.5,6.25,8.3,5.0,15.0,0.3751283190917969,False,PUT,2028-12-15,DVN
DVN281215P00047500,47.5,13.57,11.6,12.85,,200.0,0.30383996948242187,True,PUT,2028-12-15,DVN
DVN281215P00050000,50.0,15.45,13.15,14.4,220.0,240.0,0.2936472003173828,True,PUT,2028-12-15,DVN
DXCM260130C00056000,56.0,16.89,16.0,17.8,1.0,2.0,2.3125042187499996,True,CALL,2026-01-30,DXCM
DXCM260130C00060000,60.0,12.89,12.0,13.8,2.0,1.0,1.8281258593749998,True,CALL,2026-01-30,DXCM
DXCM260130C00061000,61.0,12.0,11.0,13.0,2.0,2.0,1.96875015625,True,CALL,2026-01-30,DXCM
DXCM260130C00065000,65.0,8.35,7.0,9.3,1.0,11.0,1.7070327148437499,True,CALL,2026-01-30,DXCM
DXCM260130C00066000,66.0,8.97,6.0,8.3,1.0,112.0,1.5644553027343748,True,CALL,2026-01-30,DXCM
DXCM260130C00067000,67.0,3.47,5.1,7.2,69.0,132.0,1.3476595117187498,True,CALL,2026-01-30,DXCM
DXCM260130C00068000,68.0,4.47,4.1,5.9,6.0,100.0,0.97460962890625,True,CALL,2026-01-30,DXCM
DXCM260130C00069000,69.0,4.15,3.3,5.0,1.0,4.0,0.922852333984375,True,CALL,2026-01-30,DXCM
DXCM260130C00070000,70.0,3.6,3.1,3.9,2.0,638.0,0.7148466015625,True,CALL,2026-01-30,DXCM
DXCM260130C00071000,71.0,1.68,1.35,3.2,5.0,140.0,0.7607445800781252,True,CALL,2026-01-30,DXCM
DXCM260130C00072000,72.0,2.07,1.65,2.3,2.0,157.0,0.65039412109375,True,CALL,2026-01-30,DXCM
DXCM260130C00073000,73.0,1.0,0.9,1.2,5.0,257.0,0.41797457031249996,True,CALL,2026-01-30,DXCM
DXCM260130C00074000,74.0,0.51,0.4,0.65,4.0,400.0,0.39453730468750003,False,CALL,2026-01-30,DXCM
DXCM260130C00075000,75.0,0.25,0.15,0.35,1.0,167.0,0.40918559570312496,False,CALL,2026-01-30,DXCM
DXCM260130C00076000,76.0,0.11,0.05,0.25,3.0,78.0,0.476567734375,False,CALL,2026-01-30,DXCM
DXCM260130C00077000,77.0,0.09,0.0,0.2,3.0,178.0,0.5507857421875001,False,CALL,2026-01-30,DXCM
DXCM260130C00078000,78.0,0.15,0.0,0.2,2.0,106.0,0.5468795312500001,False,CALL,2026-01-30,DXCM
DXCM260130C00079000,79.0,0.05,0.0,0.15,1.0,120.0,0.5976602734375001,False,CALL,2026-01-30,DXCM
DXCM260130C00080000,80.0,0.15,0.0,0.15,3.0,518.0,0.6796907031250001,False,CALL,2026-01-30,DXCM
DXCM260130C00081000,81.0,0.05,0.0,0.15,8.0,33.0,0.7578149218750001,False,CALL,2026-01-30,DXCM
DXCM260130C00085000,85.0,0.31,0.0,0.15,1.0,1.0,1.05078599609375,False,CALL,2026-01-30,DXCM
DXCM260130P00054000,54.0,0.05,0.0,2.1,4.0,50.0,3.6328134179687503,False,PUT,2026-01-30,DXCM
DXCM260130P00055000,55.0,0.07,0.0,0.15,1.0,32.0,1.953125234375,False,PUT,2026-01-30,DXCM
DXCM260130P00056000,56.0,0.05,0.0,0.75,1.0,2.0,2.50781623046875,False,PUT,2026-01-30,DXCM
DXCM260130P00057000,57.0,0.15,0.0,0.75,1.0,12.0,2.3789103027343748,False,PUT,2026-01-30,DXCM
DXCM260130P00058000,58.0,0.03,0.0,0.75,1.0,8.0,2.248051254882812,False,PUT,2026-01-30,DXCM
DXCM260130P00059000,59.0,0.08,0.0,0.75,2.0,9.0,2.1210984472656245,False,PUT,2026-01-30,DXCM
DXCM260130P00060000,60.0,0.08,0.0,0.75,1.0,3.0,1.9921875390625,False,PUT,2026-01-30,DXCM
DXCM260130P00061000,61.0,0.15,0.0,0.75,13.0,15.0,1.8671881640625,False,PUT,2026-01-30,DXCM
DXCM260130P00062000,62.0,0.27,0.0,0.4,17.0,16.0,1.4960962695312499,False,PUT,2026-01-30,DXCM
DXCM260130P00063000,63.0,0.03,0.0,0.75,10.0,50.0,1.615236298828125,False,PUT,2026-01-30,DXCM
DXCM260130P00064000,64.0,0.3,0.0,0.15,42.0,79.0,1.0390673046875003,False,PUT,2026-01-30,DXCM
DXCM260130P00065000,65.0,0.14,0.0,0.4,56.0,46.0,1.16016044921875,False,PUT,2026-01-30,DXCM
DXCM260130P00066000,66.0,0.2,0.0,0.75,2.0,7.0,1.2402381738281247,False,PUT,2026-01-30,DXCM
DXCM260130P00067000,67.0,0.13,0.0,0.75,1.0,36.0,1.115238798828125,False,PUT,2026-01-30,DXCM
DXCM260130P00068000,68.0,0.03,0.0,0.5,1.0,119.0,0.8730481445312499,False,PUT,2026-01-30,DXCM
DXCM260130P00069000,69.0,0.2,0.0,0.75,1.0,4.0,0.858399853515625,False,PUT,2026-01-30,DXCM
DXCM260130P00070000,70.0,0.09,0.05,0.35,1.0,55.0,0.58789474609375,False,PUT,2026-01-30,DXCM
DXCM260130P00071000,71.0,0.25,0.1,0.45,2.0,29.0,0.5214891601562499,False,PUT,2026-01-30,DXCM
DXCM260130P00072000,72.0,0.45,0.25,0.95,30.0,49.0,0.567387138671875,False,PUT,2026-01-30,DXCM
DXCM260130P00073000,73.0,1.72,0.5,1.35,5.0,15.0,0.5429733203125001,False,PUT,2026-01-30,DXCM
DXCM260130P00074000,74.0,1.25,1.0,2.2,,6.0,0.62305064453125,True,PUT,2026-01-30,DXCM
DXCM260130P00075000,75.0,1.75,1.7,3.5,1.0,2.0,0.8095722167968749,True,PUT,2026-01-30,DXCM
DXCM260130P00076000,76.0,5.2,2.15,3.9,,1.0,0.6709017285156251,True,PUT,2026-01-30,DXCM
DXCM260130P00077000,77.0,7.2,3.0,4.9,,32.0,0.7578149218750001,True,PUT,2026-01-30,DXCM
DXCM260130P00079000,79.0,6.62,4.9,7.0,1.0,1.0,0.993164130859375,True,PUT,2026-01-30,DXCM
DXCM260130P00080000,80.0,4.86,5.8,7.9,2.0,3.0,1.0234423828125,True,PUT,2026-01-30,DXCM
DXCM260206C00060000,60.0,15.57,12.0,14.5,,65.0,1.2294960400390624,True,CALL,2026-02-06,DXCM
DXCM260206C00064000,64.0,7.45,8.2,10.5,,2.0,0.94726615234375,True,CALL,2026-02-06,DXCM
DXCM260206C00066000,66.0,6.88,6.2,8.6,1.0,2.0,0.8383805224609374,True,CALL,2026-02-06,DXCM
DXCM260206C00067000,67.0,8.45,5.4,6.9,2.0,8.0,0.5185595019531251,True,CALL,2026-02-06,DXCM
DXCM260206C00068000,68.0,3.9,4.8,6.7,1.0,39.0,0.7211941943359376,True,CALL,2026-02-06,DXCM
DXCM260206C00069000,69.0,4.38,3.7,5.2,1.0,54.0,0.5004932763671875,True,CALL,2026-02-06,DXCM
DXCM260206C00070000,70.0,5.63,2.9,4.2,4.0,32.0,0.43066975585937506,True,CALL,2026-02-06,DXCM
DXCM260206C00071000,71.0,3.27,3.1,3.4,1.0,71.0,0.411138701171875,True,CALL,2026-02-06,DXCM
DXCM260206C00072000,72.0,2.37,2.45,2.65,3.0,93.0,0.3891662646484375,True,CALL,2026-02-06,DXCM
DXCM260206C00073000,73.0,1.57,1.8,2.0,1.0,282.0,0.37402969726562496,True,CALL,2026-02-06,DXCM
DXCM260206C00074000,74.0,1.38,1.3,1.5,5.0,80.0,0.372076591796875,False,CALL,2026-02-06,DXCM
DXCM260206C00075000,75.0,0.6,0.9,1.05,5.0,709.0,0.36133451171875,False,CALL,2026-02-06,DXCM
DXCM260206C00076000,76.0,0.5,0.6,0.75,1.0,313.0,0.36426416992187505,False,CALL,2026-02-06,DXCM
DXCM260206C00077000,77.0,0.45,0.4,0.55,13.0,95.0,0.37500625,False,CALL,2026-02-06,DXCM
DXCM260206C00078000,78.0,0.2,0.25,0.35,9.0,114.0,0.367193828125,False,CALL,2026-02-06,DXCM
DXCM260206C00079000,79.0,0.15,0.15,0.25,1.0,57.0,0.37793590820312495,False,CALL,2026-02-06,DXCM
DXCM260206C00080000,80.0,0.22,0.1,0.5,7.0,13.0,0.5229539892578124,False,CALL,2026-02-06,DXCM
DXCM260206C00081000,81.0,0.15,0.0,0.65,,5.0,0.5029346582031251,False,CALL,2026-02-06,DXCM
DXCM260206C00090000,90.0,0.2,0.0,0.25,,2.0,0.70898728515625,False,CALL,2026-02-06,DXCM
DXCM260206P00055000,55.0,0.6,0.0,1.2,,1.0,1.396487392578125,False,PUT,2026-02-06,DXCM
DXCM260206P00056000,56.0,1.1,0.0,1.15,1.0,3.0,1.3144565527343748,False,PUT,2026-02-06,DXCM
DXCM260206P00057000,57.0,1.15,0.0,0.85,1.0,8.0,1.1552776611328124,False,PUT,2026-02-06,DXCM
DXCM260206P00058000,58.0,0.01,0.0,0.75,5.0,5.0,1.0595750146484377,False,PUT,2026-02-06,DXCM
DXCM260206P00059000,59.0,1.05,0.0,0.75,1.0,1.0,0.999023447265625,False,PUT,2026-02-06,DXCM
DXCM260206P00060000,60.0,1.1,0.0,0.95,,22.0,0.99804689453125,False,PUT,2026-02-06,DXCM
DXCM260206P00061000,61.0,0.54,0.0,0.8,1.0,21.0,0.8945323046874999,False,PUT,2026-02-06,DXCM
DXCM260206P00062000,62.0,0.15,0.0,0.85,50.0,52.0,0.8476577734374999,False,PUT,2026-02-06,DXCM
DXCM260206P00063000,63.0,0.6,0.0,0.75,1.0,65.0,0.7617211328125001,False,PUT,2026-02-06,DXCM
DXCM260206P00064000,64.0,0.17,0.05,0.75,1.0,26.0,0.7148466015625,False,PUT,2026-02-06,DXCM
DXCM260206P00065000,65.0,0.14,0.05,0.75,1.0,22.0,0.6552768847656252,False,PUT,2026-02-06,DXCM
DXCM260206P00066000,66.0,0.46,0.0,0.4,1.0,174.0,0.59570716796875,False,PUT,2026-02-06,DXCM
DXCM260206P00067000,67.0,0.19,0.15,0.75,1.0,67.0,0.5566450585937501,False,PUT,2026-02-06,DXCM
DXCM260206P00068000,68.0,0.3,0.25,0.45,1.0,64.0,0.4946339599609375,False,PUT,2026-02-06,DXCM
DXCM260206P00069000,69.0,0.55,0.35,0.45,44.0,88.0,0.43164630859375,False,PUT,2026-02-06,DXCM
DXCM260206P00070000,70.0,0.4,0.5,0.6,1.0,102.0,0.41309180664062495,False,PUT,2026-02-06,DXCM
DXCM260206P00071000,71.0,0.81,0.7,0.85,1.0,205.0,0.40869731933593745,False,PUT,2026-02-06,DXCM
DXCM260206P00072000,72.0,1.15,0.9,1.1,1.0,172.0,0.38721315917968746,False,PUT,2026-02-06,DXCM
DXCM260206P00073000,73.0,1.75,1.35,1.55,2.0,88.0,0.39380489013671877,False,PUT,2026-02-06,DXCM
DXCM260206P00074000,74.0,2.05,1.8,2.0,11.0,40.0,0.38086556640624997,True,PUT,2026-02-06,DXCM
DXCM260206P00075000,75.0,2.5,2.4,2.6,1.0,42.0,0.38184211914062494,True,PUT,2026-02-06,DXCM
DXCM260206P00076000,76.0,3.7,3.1,3.4,5.0,18.0,0.411138701171875,True,PUT,2026-02-06,DXCM
DXCM260206P00077000,77.0,4.2,3.5,5.2,6.0,50.0,0.6738313867187502,True,PUT,2026-02-06,DXCM
DXCM260213C00056000,56.0,17.27,16.4,18.7,2.0,2.0,0.500005,True,CALL,2026-02-13,DXCM
DXCM260213C00058000,58.0,13.04,14.6,16.9,,1.0,0.6992217578125001,True,CALL,2026-02-13,DXCM
DXCM260213C00063000,63.0,9.9,10.1,11.8,,1.0,0.584965087890625,True,CALL,2026-02-13,DXCM
DXCM260213C00067000,67.0,8.0,6.6,8.5,4.0,39.0,0.5625043750000001,True,CALL,2026-02-13,DXCM
DXCM260213C00068000,68.0,5.42,7.1,7.8,2.0,19.0,0.694338994140625,True,CALL,2026-02-13,DXCM
DXCM260213C00069000,69.0,8.11,6.0,7.2,1.0,1.0,0.6589389575195312,True,CALL,2026-02-13,DXCM
DXCM260213C00070000,70.0,6.26,5.7,6.4,2.0,122.0,0.6738313867187502,True,CALL,2026-02-13,DXCM
DXCM260213C00071000,71.0,4.98,4.8,6.0,1.0,7.0,0.6635775830078127,True,CALL,2026-02-13,DXCM
DXCM260213C00072000,72.0,5.7,4.5,5.3,3.0,19.0,0.6723665576171877,True,CALL,2026-02-13,DXCM
DXCM260213C00073000,73.0,4.49,4.1,4.7,1.0,8.0,0.6743196630859377,True,CALL,2026-02-13,DXCM
DXCM260213C00074000,74.0,3.8,3.4,4.2,1.0,32.0,0.6538120556640626,False,CALL,2026-02-13,DXCM
DXCM260213C00075000,75.0,3.48,3.1,3.8,2.0,62.0,0.6677279321289065,False,CALL,2026-02-13,DXCM
DXCM260213C00076000,76.0,3.16,2.55,3.4,1.0,16.0,0.6550327465820314,False,CALL,2026-02-13,DXCM
DXCM260213C00077000,77.0,2.85,2.5,2.95,3.0,6.0,0.6738313867187502,False,CALL,2026-02-13,DXCM
DXCM260213C00078000,78.0,2.5,1.9,2.65,7.0,14.0,0.6528355029296876,False,CALL,2026-02-13,DXCM
DXCM260213C00079000,79.0,2.13,1.7,2.35,1.0,10.0,0.6606479248046876,False,CALL,2026-02-13,DXCM
DXCM260213C00080000,80.0,1.9,1.45,2.05,2.0,164.0,0.65820654296875,False,CALL,2026-02-13,DXCM
DXCM260213C00081000,81.0,1.65,1.2,1.85,30.0,50.0,0.6601596484375001,False,CALL,2026-02-13,DXCM
DXCM260213C00082000,82.0,1.4,1.05,1.6,4.0,31.0,0.6621127539062501,False,CALL,2026-02-13,DXCM
DXCM260213C00085000,85.0,0.95,0.65,1.3,3.0,480.0,0.6972686523437501,False,CALL,2026-02-13,DXCM
DXCM260213C00090000,90.0,0.5,0.0,1.0,13.0,15.0,0.7158231542968749,False,CALL,2026-02-13,DXCM
DXCM260213P00055000,55.0,0.47,0.05,0.9,3.0,10.0,0.9873048144531251,False,PUT,2026-02-13,DXCM
DXCM260213P00056000,56.0,1.31,0.1,0.75,1.0,2.0,0.914063359375,False,PUT,2026-02-13,DXCM
DXCM260213P00057000,57.0,1.36,0.0,0.85,1.0,1.0,0.866212275390625,False,PUT,2026-02-13,DXCM
DXCM260213P00058000,58.0,1.3,0.1,0.9,,2.0,0.8544936425781251,False,PUT,2026-02-13,DXCM
DXCM260213P00060000,60.0,0.55,0.1,1.25,3.0,11.0,0.8261736132812498,False,PUT,2026-02-13,DXCM
DXCM260213P00061000,61.0,0.79,0.4,1.15,1.0,9.0,0.8105487695312499,False,PUT,2026-02-13,DXCM
DXCM260213P00062000,62.0,0.96,0.6,1.3,2.0,19.0,0.8129901513671874,False,PUT,2026-02-13,DXCM
DXCM260213P00063000,63.0,1.05,0.7,1.65,5.0,10.0,0.8217791259765624,False,PUT,2026-02-13,DXCM
DXCM260213P00064000,64.0,1.1,0.65,1.3,1.0,295.0,0.7143583251953125,False,PUT,2026-02-13,DXCM
DXCM260213P00065000,65.0,1.35,1.1,1.45,1.0,9.0,0.7358424853515625,False,PUT,2026-02-13,DXCM
DXCM260213P00066000,66.0,1.45,1.1,2.0,15.0,25.0,0.7412135253906249,False,PUT,2026-02-13,DXCM
DXCM260213P00067000,67.0,2.03,1.45,1.9,2.0,14.0,0.7084990087890625,False,PUT,2026-02-13,DXCM
DXCM260213P00068000,68.0,2.05,1.65,2.4,5.0,280.0,0.71679970703125,False,PUT,2026-02-13,DXCM
DXCM260213P00069000,69.0,2.45,2.25,2.5,13.0,15.0,0.717776259765625,False,PUT,2026-02-13,DXCM
DXCM260213P00070000,70.0,2.9,2.45,2.95,20.0,27.0,0.7075224560546876,False,PUT,2026-02-13,DXCM
DXCM260213P00071000,71.0,3.35,3.0,3.3,1.0,2.0,0.7133817724609376,False,PUT,2026-02-13,DXCM
DXCM260213P00072000,72.0,4.2,3.4,3.7,1.0,21.0,0.7041045214843751,False,PUT,2026-02-13,DXCM
DXCM260213P00073000,73.0,4.35,3.8,4.2,1.0,15.0,0.6975127905273439,False,PUT,2026-02-13,DXCM
DXCM260213P00075000,75.0,5.25,4.6,5.2,2.0,4.0,0.666263103027344,True,PUT,2026-02-13,DXCM
DXCM260220C00055000,55.0,18.48,17.4,19.8,4.0,5.0,0.5546919531250001,True,CALL,2026-02-20,DXCM
DXCM260220C00060000,60.0,13.72,13.2,14.4,2.0,21.0,0.5380905566406251,True,CALL,2026-02-20,DXCM
DXCM260220C00065000,65.0,9.7,9.2,10.2,12.0,66.0,0.5903361279296876,True,CALL,2026-02-20,DXCM
DXCM260220C00069000,69.0,6.5,6.4,7.3,,36.0,0.5883830224609375,True,CALL,2026-02-20,DXCM
DXCM260220C00070000,70.0,6.1,5.9,6.7,3.0,681.0,0.5988809643554689,True,CALL,2026-02-20,DXCM
DXCM260220C00071000,71.0,5.9,5.6,6.1,1.0,52.0,0.6176796044921876,True,CALL,2026-02-20,DXCM
DXCM260220C00072000,72.0,5.03,5.0,5.5,1.0,96.0,0.6093789062500001,True,CALL,2026-02-20,DXCM
DXCM260220C00073000,73.0,4.7,4.2,5.0,11.0,254.0,0.5898478515625001,True,CALL,2026-02-20,DXCM
DXCM260220C00074000,74.0,4.3,4.0,4.5,1.0,549.0,0.6064492480468751,False,CALL,2026-02-20,DXCM
DXCM260220C00075000,75.0,3.67,3.6,4.0,6.0,974.0,0.6044961425781252,False,CALL,2026-02-20,DXCM
DXCM260220C00076000,76.0,3.2,2.9,3.6,1.0,24.0,0.5842326733398437,False,CALL,2026-02-20,DXCM
DXCM260220C00077000,77.0,2.8,2.6,3.2,1.0,60.0,0.5864299169921875,False,CALL,2026-02-20,DXCM
DXCM260220C00078000,78.0,2.68,2.35,2.8,4.0,692.0,0.5876506079101562,False,CALL,2026-02-20,DXCM
DXCM260220C00079000,79.0,2.3,2.05,2.6,9.0,39.0,0.5954630297851562,False,CALL,2026-02-20,DXCM
DXCM260220C00080000,80.0,1.97,1.8,2.25,5.0,914.0,0.5918009570312501,False,CALL,2026-02-20,DXCM
DXCM260220C00081000,81.0,1.9,1.55,2.0,1.0,31.0,0.5913126806640626,False,CALL,2026-02-20,DXCM
DXCM260220C00082000,82.0,1.7,1.2,1.8,7.0,73.0,0.5822795678710937,False,CALL,2026-02-20,DXCM
DXCM260220C00085000,85.0,1.13,0.85,1.2,4.0,438.0,0.5918009570312501,False,CALL,2026-02-20,DXCM
DXCM260220C00090000,90.0,0.5,0.35,0.8,1.0,189.0,0.6191444335937502,False,CALL,2026-02-20,DXCM
DXCM260220C00095000,95.0,0.25,0.1,0.45,1.0,136.0,0.622074091796875,False,CALL,2026-02-20,DXCM
DXCM260220P00055000,55.0,0.22,0.05,0.35,3.0,179.0,0.6816438085937502,False,PUT,2026-02-20,DXCM
DXCM260220P00058000,58.0,1.02,0.2,0.65,,1.0,0.6835969140625001,False,PUT,2026-02-20,DXCM
DXCM260220P00060000,60.0,0.65,0.45,0.75,1.0,675.0,0.6660189648437502,False,PUT,2026-02-20,DXCM
DXCM260220P00061000,61.0,0.78,0.7,1.0,,2.0,0.6962920996093751,False,PUT,2026-02-20,DXCM
DXCM260220P00063000,63.0,1.22,0.85,1.35,5.0,37.0,0.6684603466796877,False,PUT,2026-02-20,DXCM
DXCM260220P00064000,64.0,1.32,1.0,1.4,2.0,18.0,0.6445348046875,False,PUT,2026-02-20,DXCM
DXCM260220P00065000,65.0,1.5,1.3,1.55,1.0,300.0,0.6430699755859376,False,PUT,2026-02-20,DXCM
DXCM260220P00066000,66.0,1.78,1.3,1.8,2.0,36.0,0.6181678808593751,False,PUT,2026-02-20,DXCM
DXCM260220P00067000,67.0,1.95,1.8,2.05,71.0,139.0,0.6337927246093751,False,PUT,2026-02-20,DXCM
DXCM260220P00068000,68.0,2.4,1.95,2.4,5.0,84.0,0.622074091796875,False,PUT,2026-02-20,DXCM
DXCM260220P00069000,69.0,2.7,2.5,2.75,69.0,201.0,0.6367223828125,False,PUT,2026-02-20,DXCM
DXCM260220P00070000,70.0,3.1,2.85,3.1,2.0,665.0,0.6306189282226562,False,PUT,2026-02-20,DXCM
DXCM260220P00071000,71.0,3.2,3.2,3.5,1.0,163.0,0.6235389208984375,False,PUT,2026-02-20,DXCM
DXCM260220P00072000,72.0,4.0,3.7,4.0,11.0,230.0,0.6289099609375001,False,PUT,2026-02-20,DXCM
DXCM260220P00073000,73.0,4.59,4.1,4.4,2.0,32.0,0.6159706372070313,False,PUT,2026-02-20,DXCM
DXCM260220P00074000,74.0,4.9,4.5,4.9,20.0,324.0,0.6052285571289064,True,PUT,2026-02-20,DXCM
DXCM260220P00075000,75.0,5.7,4.9,5.4,4.0,121.0,0.5896037133789063,True,PUT,2026-02-20,DXCM
DXCM260220P00077000,77.0,7.4,6.0,6.7,1.0,1.0,0.5852092260742188,True,PUT,2026-02-20,DXCM
DXCM260220P00080000,80.0,9.0,8.3,9.3,2.0,8.0,0.639652041015625,True,PUT,2026-02-20,DXCM
DXCM260220P00081000,81.0,8.4,9.1,9.5,,4.0,0.601810622558594,True,PUT,2026-02-20,DXCM
DXCM260220P00082000,82.0,8.97,9.4,11.1,,2.0,0.63086306640625,True,PUT,2026-02-20,DXCM
DXCM260227C00055000,55.0,15.4,16.9,20.1,,1.0,1.0202685705566408,True,CALL,2026-02-27,DXCM
DXCM260227C00056000,56.0,14.55,15.9,19.1,,1.0,0.9753420434570312,True,CALL,2026-02-27,DXCM
DXCM260227C00069000,69.0,4.73,6.3,7.7,,1.0,0.5354050366210938,True,CALL,2026-02-27,DXCM
DXCM260227C00070000,70.0,6.5,6.4,7.0,,32.0,0.5756878369140624,True,CALL,2026-02-27,DXCM
DXCM260227C00071000,71.0,6.1,5.7,6.6,1.0,2.0,0.57812921875,True,CALL,2026-02-27,DXCM
DXCM260227C00073000,73.0,5.2,4.3,5.3,1.0,17.0,0.5405319384765627,True,CALL,2026-02-27,DXCM
DXCM260227C00075000,75.0,4.18,3.5,4.4,2.0,28.0,0.5471236694335939,False,CALL,2026-02-27,DXCM
DXCM260227C00076000,76.0,3.71,3.0,4.0,1.0,0.0,0.5415084912109377,False,CALL,2026-02-27,DXCM
DXCM260227C00077000,77.0,2.95,2.7,3.6,2.0,3.0,0.543949873046875,False,CALL,2026-02-27,DXCM
DXCM260227C00080000,80.0,2.25,1.1,2.55,4.0,26.0,0.5874064697265625,False,CALL,2026-02-27,DXCM
DXCM260227C00082000,82.0,1.8,1.35,2.05,20.0,41.0,0.5393112475585939,False,CALL,2026-02-27,DXCM
DXCM260227C00085000,85.0,1.3,0.05,1.7,1.0,8.0,0.6289099609375001,False,CALL,2026-02-27,DXCM
DXCM260227C00090000,90.0,0.6,0.0,2.7,1.0,12.0,0.7019072778320312,False,CALL,2026-02-27,DXCM
DXCM260227P00055000,55.0,0.35,0.0,0.95,1.0,2.0,0.7211941943359376,False,PUT,2026-02-27,DXCM
DXCM260227P00056000,56.0,1.34,0.05,2.0,1.0,1.0,0.848634326171875,False,PUT,2026-02-27,DXCM
DXCM260227P00057000,57.0,0.5,0.15,2.5,1.0,2.0,0.8793957373046875,False,PUT,2026-02-27,DXCM
DXCM260227P00058000,58.0,0.58,0.0,2.6,2.0,2.0,0.831056376953125,False,PUT,2026-02-27,DXCM
DXCM260227P00060000,60.0,0.88,0.4,2.8,1.0,1.0,0.8078632495117187,False,PUT,2026-02-27,DXCM
DXCM260227P00062000,62.0,1.52,0.0,3.1,10.0,10.0,0.7124052197265626,False,PUT,2026-02-27,DXCM
DXCM260227P00063000,63.0,1.22,0.0,1.55,2.0,3.0,0.51758294921875,False,PUT,2026-02-27,DXCM
DXCM260227P00064000,64.0,1.29,1.15,1.6,1.0,9.0,0.5961954443359375,False,PUT,2026-02-27,DXCM
DXCM260227P00066000,66.0,1.76,1.15,2.1,1.0,24.0,0.5532271240234375,False,PUT,2026-02-27,DXCM
DXCM260227P00068000,68.0,2.5,1.9,2.75,1.0,35.0,0.5656781713867188,False,PUT,2026-02-27,DXCM
DXCM260227P00070000,70.0,2.95,2.55,3.5,2.0,1.0,0.5585981640625001,False,PUT,2026-02-27,DXCM
DXCM260227P00072000,72.0,4.3,3.3,4.3,1.0,1.0,0.5446822875976562,False,PUT,2026-02-27,DXCM
DXCM260227P00073000,73.0,6.59,4.3,5.1,,1.0,0.5932657861328126,False,PUT,2026-02-27,DXCM
DXCM260306P00055000,55.0,1.17,0.05,2.45,1.0,3.0,0.8530288134765626,False,PUT,2026-03-06,DXCM
DXCM260306P00071000,71.0,3.76,3.4,4.1,1.0,4.0,0.5363815893554689,False,PUT,2026-03-06,DXCM
DXCM260306P00076000,76.0,6.62,6.0,6.6,2.0,4.0,0.524418818359375,True,PUT,2026-03-06,DXCM
DXCM260306P00081000,81.0,7.6,9.3,10.0,,3.0,0.5178270874023438,True,PUT,2026-03-06,DXCM
DXCM260320C00055000,55.0,19.13,17.8,19.6,1.0,245.0,0.6894562304687502,True,CALL,2026-03-20,DXCM
DXCM260320C00060000,60.0,14.0,13.7,15.0,20.0,1307.0,0.5981485498046876,True,CALL,2026-03-20,DXCM
DXCM260320C00065000,65.0,10.14,10.4,11.0,10.0,1297.0,0.5229539892578124,True,CALL,2026-03-20,DXCM
DXCM260320C00070000,70.0,7.3,6.9,7.6,7.0,846.0,0.5293015820312501,True,CALL,2026-03-20,DXCM
DXCM260320C00075000,75.0,4.7,4.4,5.0,11.0,1095.0,0.5153857055664062,False,CALL,2026-03-20,DXCM
DXCM260320C00080000,80.0,3.0,2.8,3.2,31.0,2684.0,0.5141650146484374,False,CALL,2026-03-20,DXCM
DXCM260320C00085000,85.0,1.85,1.45,2.05,3.0,3559.0,0.5224657128906249,False,CALL,2026-03-20,DXCM
DXCM260320C00090000,90.0,0.9,0.75,1.1,3.0,1536.0,0.5029346582031251,False,CALL,2026-03-20,DXCM
DXCM260320C00095000,95.0,0.5,0.4,0.55,7.0,830.0,0.48730981445312505,False,CALL,2026-03-20,DXCM
DXCM260320P00055000,55.0,0.55,0.35,0.9,5.0,2211.0,0.5932657861328126,False,PUT,2026-03-20,DXCM
DXCM260320P00060000,60.0,1.07,0.9,1.25,31.0,2937.0,0.5363815893554689,False,PUT,2026-03-20,DXCM
DXCM260320P00065000,65.0,2.05,1.8,2.1,3.0,1406.0,0.5158739819335938,False,PUT,2026-03-20,DXCM
DXCM260320P00070000,70.0,3.7,3.4,3.7,8.0,1348.0,0.4943898217773438,False,PUT,2026-03-20,DXCM
DXCM260320P00075000,75.0,6.1,5.7,6.6,3.0,671.0,0.5283250292968751,True,PUT,2026-03-20,DXCM
DXCM260320P00080000,80.0,8.8,9.1,9.7,46.0,368.0,0.5180712255859375,True,PUT,2026-03-20,DXCM
DXCM260320P00085000,85.0,18.75,12.8,13.4,3.0,160.0,0.5102588037109376,True,PUT,2026-03-20,DXCM
DXCM260320P00090000,90.0,30.4,20.8,0.0,2.0,268.0,1.0000000000000003e-05,True,PUT,2026-03-20,DXCM
DXCM260320P00095000,95.0,31.3,0.0,0.0,1.0,3.0,1.0000000000000003e-05,True,PUT,2026-03-20,DXCM
DXCM260618C00055000,55.0,20.73,19.9,22.0,2.0,21.0,0.5534712622070312,True,CALL,2026-06-18,DXCM
DXCM260618C00060000,60.0,17.1,16.2,17.4,5.0,173.0,0.5074512145996093,True,CALL,2026-06-18,DXCM
DXCM260618C00065000,65.0,13.2,13.1,14.1,1.0,160.0,0.5073291455078125,True,CALL,2026-06-18,DXCM
DXCM260618C00070000,70.0,10.1,10.0,11.2,4.0,615.0,0.5262498547363281,True,CALL,2026-06-18,DXCM
DXCM260618C00075000,75.0,7.9,7.9,8.3,24.0,346.0,0.49121602539062503,False,CALL,2026-06-18,DXCM
DXCM260618C00080000,80.0,5.8,5.6,6.3,1.0,1071.0,0.48376981079101566,False,CALL,2026-06-18,DXCM
DXCM260618C00085000,85.0,4.3,4.1,4.5,1.0,881.0,0.46570358520507815,False,CALL,2026-06-18,DXCM
DXCM260618C00090000,90.0,3.2,2.75,3.6,2.0,1342.0,0.4810842907714844,False,CALL,2026-06-18,DXCM
DXCM260618C00095000,95.0,2.25,1.8,2.9,1.0,185.0,0.4950001672363281,False,CALL,2026-06-18,DXCM
DXCM260618P00055000,55.0,1.8,1.45,1.95,1.0,1301.0,0.5101367346191408,False,PUT,2026-06-18,DXCM
DXCM260618P00060000,60.0,2.85,2.65,3.0,2.0,1758.0,0.48779809082031256,False,PUT,2026-06-18,DXCM
DXCM260618P00065000,65.0,4.45,4.1,4.6,40.0,1227.0,0.47803256347656253,False,PUT,2026-06-18,DXCM
DXCM260618P00070000,70.0,6.1,5.8,6.8,4.0,5213.0,0.47687290710449215,False,PUT,2026-06-18,DXCM
DXCM260618P00075000,75.0,8.7,8.4,8.9,1.0,673.0,0.44397528686523435,True,PUT,2026-06-18,DXCM
DXCM260618P00080000,80.0,11.8,11.4,12.3,23.0,997.0,0.4585015087890626,True,PUT,2026-06-18,DXCM
DXCM260618P00085000,85.0,21.5,0.0,0.0,5.0,1547.0,1.0000000000000003e-05,True,PUT,2026-06-18,DXCM
DXCM260618P00090000,90.0,24.7,24.2,28.0,2.0,193.0,0.8300798242187499,True,PUT,2026-06-18,DXCM
DXCM260618P00095000,95.0,23.75,35.3,37.9,1.0,7.0,1.200687590332031,True,PUT,2026-06-18,DXCM
DXCM260918C00055000,55.0,21.1,21.5,23.7,4.0,75.0,0.5406540075683595,True,CALL,2026-09-18,DXCM
DXCM260918C00060000,60.0,20.74,18.3,19.6,3.0,87.0,0.5157519128417969,True,CALL,2026-09-18,DXCM
DXCM260918C00065000,65.0,15.65,15.1,16.6,1.0,231.0,0.5048267291259765,True,CALL,2026-09-18,DXCM
DXCM260918C00070000,70.0,12.9,12.2,13.3,3.0,138.0,0.5036060382080079,True,CALL,2026-09-18,DXCM
DXCM260918C00075000,75.0,10.55,9.9,11.2,12.0,193.0,0.5067188000488281,False,CALL,2026-09-18,DXCM
DXCM260918C00080000,80.0,8.18,7.7,9.1,4.0,670.0,0.49609878906250005,False,CALL,2026-09-18,DXCM
DXCM260918C00085000,85.0,7.2,6.0,7.3,2.0,349.0,0.4859670544433594,False,CALL,2026-09-18,DXCM
DXCM260918C00090000,90.0,5.1,4.7,5.9,20.0,105.0,0.48163360168457037,False,CALL,2026-09-18,DXCM
DXCM260918C00095000,95.0,3.22,3.6,4.7,5.0,117.0,0.47577428527832033,False,CALL,2026-09-18,DXCM
DXCM260918P00055000,55.0,2.87,2.45,3.2,29.0,2121.0,0.48511257080078124,False,PUT,2026-09-18,DXCM
DXCM260918P00060000,60.0,5.33,3.7,4.7,1.0,348.0,0.4769339416503906,False,PUT,2026-09-18,DXCM
DXCM260918P00065000,65.0,7.28,5.3,6.4,11.0,216.0,0.4606987524414063,False,PUT,2026-09-18,DXCM
DXCM260918P00070000,70.0,8.1,7.4,8.4,1.0,168.0,0.44275459594726563,False,PUT,2026-09-18,DXCM
DXCM260918P00075000,75.0,10.5,10.2,10.9,2.0,87.0,0.43115803222656257,True,PUT,2026-09-18,DXCM
DXCM260918P00080000,80.0,15.5,12.8,14.3,1.0,336.0,0.4425104577636719,True,PUT,2026-09-18,DXCM
DXCM260918P00085000,85.0,28.4,0.0,0.0,54.0,67.0,1.0000000000000003e-05,True,PUT,2026-09-18,DXCM
DXCM260918P00090000,90.0,18.3,14.1,16.0,,26.0,1.0000000000000003e-05,True,PUT,2026-09-18,DXCM
DXCM260918P00095000,95.0,18.34,18.4,19.1,3.0,3.0,1.0000000000000003e-05,True,PUT,2026-09-18,DXCM
DXCM261218C00055000,55.0,21.4,22.0,25.3,1.0,31.0,0.513554669189453,True,CALL,2026-12-18,DXCM
DXCM261218C00060000,60.0,22.7,18.6,22.0,1.0,107.0,0.5751995605468749,True,CALL,2026-12-18,DXCM
DXCM261218C00065000,65.0,15.1,17.1,18.7,3.0,738.0,0.512150874633789,True,CALL,2026-12-18,DXCM
DXCM261218C00070000,70.0,12.8,14.4,15.7,98.0,159.0,0.5188036401367188,True,CALL,2026-12-18,DXCM
DXCM261218C00075000,75.0,12.24,12.1,13.1,8.0,187.0,0.49945568908691407,False,CALL,2026-12-18,DXCM
DXCM261218C00080000,80.0,9.7,9.8,11.5,2.0,59.0,0.5075732836914062,False,CALL,2026-12-18,DXCM
DXCM261218C00085000,85.0,9.5,8.1,9.5,25.0,95.0,0.49231464721679696,False,CALL,2026-12-18,DXCM
DXCM261218C00090000,90.0,7.06,6.5,8.0,4.0,266.0,0.4872487799072266,False,CALL,2026-12-18,DXCM
DXCM261218C00095000,95.0,6.5,4.9,6.7,1.0,774.0,0.4821218780517579,False,CALL,2026-12-18,DXCM
DXCM261218P00055000,55.0,4.0,3.5,4.4,15.0,190.0,0.47681187255859375,False,PUT,2026-12-18,DXCM
DXCM261218P00060000,60.0,5.5,5.0,6.4,57.0,259.0,0.48291532714843755,False,PUT,2026-12-18,DXCM
DXCM261218P00065000,65.0,7.5,6.8,8.2,2.0,41.0,0.46484910156250003,False,PUT,2026-12-18,DXCM
DXCM261218P00070000,70.0,12.0,8.9,11.1,4.0,233.0,0.4784598052978516,False,PUT,2026-12-18,DXCM
DXCM261218P00075000,75.0,15.4,11.5,13.6,6.0,132.0,0.4643608251953125,True,PUT,2026-12-18,DXCM
DXCM261218P00080000,80.0,16.5,14.3,15.7,3.0,22.0,0.4260311303710938,True,PUT,2026-12-18,DXCM
DXCM261218P00085000,85.0,29.8,0.0,0.0,2.0,11.0,1.0000000000000003e-05,True,PUT,2026-12-18,DXCM
DXCM261218P00090000,90.0,32.41,0.0,0.0,2.0,9.0,1.0000000000000003e-05,True,PUT,2026-12-18,DXCM
DXCM261218P00095000,95.0,36.71,0.0,0.0,1.0,24.0,1.0000000000000003e-05,True,PUT,2026-12-18,DXCM
DXCM270115C00055000,55.0,24.7,23.6,26.0,2.0,21.0,0.5488326367187502,True,CALL,2027-01-15,DXCM
DXCM270115C00060000,60.0,21.0,19.9,22.7,1.0,113.0,0.5218553674316406,True,CALL,2027-01-15,DXCM
DXCM270115C00065000,65.0,18.3,18.1,18.8,2.0,1466.0,0.5129443237304687,True,CALL,2027-01-15,DXCM
DXCM270115C00070000,70.0,15.4,14.8,16.1,2.0,1012.0,0.5125170819091796,True,CALL,2027-01-15,DXCM
DXCM270115C00075000,75.0,13.09,12.7,13.7,2.0,1459.0,0.5004322418212892,False,CALL,2027-01-15,DXCM
DXCM270115C00080000,80.0,10.89,10.2,12.2,1.0,868.0,0.5112963909912109,False,CALL,2027-01-15,DXCM
DXCM270115C00085000,85.0,8.53,8.4,10.8,5.0,453.0,0.5175219146728516,False,CALL,2027-01-15,DXCM
DXCM270115C00090000,90.0,7.86,6.8,8.0,3.0,209.0,0.4674125524902344,False,CALL,2027-01-15,DXCM
DXCM270115C00095000,95.0,5.95,5.5,7.8,5.0,514.0,0.5025074163818359,False,CALL,2027-01-15,DXCM
DXCM270115P00055000,55.0,4.4,3.7,4.5,3.0,1303.0,0.46252978881835943,False,PUT,2027-01-15,DXCM
DXCM270115P00060000,60.0,5.9,5.4,7.1,3.0,2162.0,0.4936574072265626,False,PUT,2027-01-15,DXCM
DXCM270115P00065000,65.0,7.8,7.0,8.4,2.0,1680.0,0.45386288330078123,False,PUT,2027-01-15,DXCM
DXCM270115P00070000,70.0,10.0,9.2,11.4,1.0,1913.0,0.4700370379638672,False,PUT,2027-01-15,DXCM
DXCM270115P00075000,75.0,12.5,11.9,13.0,2.0,881.0,0.4244442321777344,True,PUT,2027-01-15,DXCM
DXCM270115P00080000,80.0,15.3,14.6,16.2,1.0,205.0,0.4260921649169922,True,PUT,2027-01-15,DXCM
DXCM270115P00085000,85.0,16.5,23.0,27.5,1.0,163.0,0.6216468499755861,True,PUT,2027-01-15,DXCM
DXCM270115P00090000,90.0,23.48,21.2,23.4,10.0,82.0,0.4298763067626954,True,PUT,2027-01-15,DXCM
DXCM270115P00095000,95.0,39.88,0.0,0.0,5.0,48.0,1.0000000000000003e-05,True,PUT,2027-01-15,DXCM
DXCM280121C00055000,55.0,29.3,28.0,31.5,1.0,14.0,0.5448653912353516,True,CALL,2028-01-21,DXCM
DXCM280121C00060000,60.0,27.0,25.3,27.8,3.0,128.0,0.5202684692382812,True,CALL,2028-01-21,DXCM
DXCM280121C00065000,65.0,23.5,22.5,26.0,5.0,122.0,0.5178881219482423,True,CALL,2028-01-21,DXCM
DXCM280121C00070000,70.0,20.7,20.7,24.0,1.0,185.0,0.5208788146972656,True,CALL,2028-01-21,DXCM
DXCM280121C00075000,75.0,19.7,18.5,20.3,1.0,43.0,0.5150805328369141,False,CALL,2028-01-21,DXCM
DXCM280121C00080000,80.0,17.57,16.4,19.5,4.0,32.0,0.5365646929931642,False,CALL,2028-01-21,DXCM
DXCM280121C00085000,85.0,15.25,14.7,17.9,1.0,18.0,0.533909690246582,False,CALL,2028-01-21,DXCM
DXCM280121C00090000,90.0,14.35,13.1,16.0,1.0,16.0,0.5207567456054687,False,CALL,2028-01-21,DXCM
DXCM280121C00095000,95.0,12.1,11.6,15.0,1.0,15.0,0.5266770965576173,False,CALL,2028-01-21,DXCM
DXCM280121P00055000,55.0,8.8,6.5,8.7,7.0,2007.0,0.4637504797363281,False,PUT,2028-01-21,DXCM
DXCM280121P00060000,60.0,9.8,7.9,11.2,1.0,69.0,0.46680220703125,False,PUT,2028-01-21,DXCM
DXCM280121P00065000,65.0,11.99,10.6,13.5,1.0,270.0,0.4568535760498047,False,PUT,2028-01-21,DXCM
DXCM280121P00070000,70.0,17.27,12.9,16.0,5.0,65.0,0.44714908325195313,False,PUT,2028-01-21,DXCM
DXCM280121P00075000,75.0,18.0,15.3,18.8,1.0,10.0,0.44028269683837884,True,PUT,2028-01-21,DXCM
DXCM280121P00080000,80.0,22.5,18.2,21.0,10.0,15.0,0.41415991119384765,True,PUT,2028-01-21,DXCM
DXCM280121P00085000,85.0,25.65,26.5,31.0,4.0,0.0,0.5193224337768555,True,PUT,2028-01-21,DXCM
DXCM280121P00090000,90.0,30.2,33.0,37.5,4.0,0.0,0.5893900924682618,True,PUT,2028-01-21,DXCM
DXCM280121P00095000,95.0,39.03,32.0,37.0,4.0,4.0,0.5401962484741213,True,PUT,2028-01-21,DXCM
EA260130C00205000,205.0,0.3,0.0,0.05,3.0,554.0,0.055673505859375,False,CALL,2026-01-30,EA
EA260130C00210000,210.0,0.2,0.0,0.05,1.0,12.0,0.21875781249999998,False,CALL,2026-01-30,EA
EA260130C00215000,215.0,0.35,0.0,0.2,1.0,2.0,0.46484910156250003,False,CALL,2026-01-30,EA
EA260130P00190000,190.0,0.25,0.0,2.15,,2.0,0.9350592431640624,False,PUT,2026-01-30,EA
EA260130P00195000,195.0,0.3,0.0,2.15,49.0,50.0,0.6958038232421876,False,PUT,2026-01-30,EA
EA260130P00197500,197.5,0.05,0.0,2.2,,20.0,0.5756878369140624,False,PUT,2026-01-30,EA
EA260130P00200000,200.0,0.54,0.0,0.05,1.0,2.0,0.16211775390625,False,PUT,2026-01-30,EA
EA260130P00205000,205.0,1.25,0.8,3.3,1.0,2.0,0.46045461425781253,True,PUT,2026-01-30,EA
EA260130P00217500,217.5,13.0,11.7,15.7,1.0,5.0,0.5507857421875001,True,PUT,2026-01-30,EA
EA260206C00205000,205.0,0.11,0.05,0.3,41.0,54.0,0.05323212402343751,False,CALL,2026-02-06,EA
EA260206C00210000,210.0,0.1,0.0,0.05,1.0,5.0,0.10352458984374999,False,CALL,2026-02-06,EA
EA260206C00250000,250.0,0.34,0.0,0.1,,12.0,0.5371140039062501,False,CALL,2026-02-06,EA
EA260206P00200000,200.0,0.35,0.05,0.35,14.0,70.0,0.12867082275390623,False,PUT,2026-02-06,EA
EA260213C00200000,200.0,4.59,2.5,6.2,1.0,5.0,0.22901161621093752,True,CALL,2026-02-13,EA
EA260213C00205000,205.0,2.11,0.0,1.95,2.0,0.0,0.14112187011718752,False,CALL,2026-02-13,EA
EA260213C00210000,210.0,0.2,0.0,0.2,10.0,31.0,0.1049894189453125,False,CALL,2026-02-13,EA
EA260220C00200000,200.0,5.3,2.5,6.4,,5.0,0.20179020874023437,True,CALL,2026-02-20,EA
EA260220C00205000,205.0,0.25,0.0,0.4,512.0,1132.0,0.03895004028320312,False,CALL,2026-02-20,EA
EA260220C00210000,210.0,0.1,0.0,0.1,10.0,30.0,0.07422800781250001,False,CALL,2026-02-20,EA
EA260220P00190000,190.0,0.35,0.0,0.35,1.0,26.0,0.20020331054687499,False,PUT,2026-02-20,EA
EA260220P00200000,200.0,0.4,0.0,0.7,4.0,105.0,0.1054776953125,False,PUT,2026-02-20,EA
EA260227C00210000,210.0,0.15,0.0,0.15,1.0,2.0,0.071298349609375,False,CALL,2026-02-27,EA
EA260227P00205000,205.0,1.0,0.5,4.7,,0.0,0.17914639221191403,True,PUT,2026-02-27,EA
EA260320C00145000,145.0,33.75,55.1,59.0,5.0,79.0,1.0000000000000003e-05,True,CALL,2026-03-20,EA
EA260320C00150000,150.0,55.13,52.3,56.5,5.0,131.0,0.6842072595214845,True,CALL,2026-03-20,EA
EA260320C00155000,155.0,50.1,47.3,50.1,1.0,331.0,0.5048877636718749,True,CALL,2026-03-20,EA
EA260320C00160000,160.0,44.96,41.9,45.5,1.0,49.0,0.49573258178710944,True,CALL,2026-03-20,EA
EA260320C00165000,165.0,39.1,0.0,0.0,2.0,64.0,1.0000000000000003e-05,True,CALL,2026-03-20,EA
EA260320C00170000,170.0,37.34,0.0,0.0,4.0,626.0,1.0000000000000003e-05,True,CALL,2026-03-20,EA
EA260320C00175000,175.0,31.0,27.7,31.8,5.0,97.0,0.4317683776855469,True,CALL,2026-03-20,EA
EA260320C00180000,180.0,25.0,23.0,27.0,2.0,110.0,0.38825074645996094,True,CALL,2026-03-20,EA
EA260320C00185000,185.0,20.8,17.5,21.4,8.0,165.0,0.3042061767578125,True,CALL,2026-03-20,EA
EA260320C00190000,190.0,16.05,13.0,17.5,22.0,567.0,0.2986520330810546,True,CALL,2026-03-20,EA
EA260320C00195000,195.0,12.62,8.1,12.4,4.0,119.0,0.2348709326171875,True,CALL,2026-03-20,EA
EA260320C00200000,200.0,6.3,3.5,7.9,1.0,761.0,0.18811847045898436,True,CALL,2026-03-20,EA
EA260320C00210000,210.0,0.05,0.0,0.05,12.0,1937.0,0.0434665966796875,False,CALL,2026-03-20,EA
EA260320C00220000,220.0,0.05,0.0,0.0,10.0,57.0,0.062509375,False,CALL,2026-03-20,EA
EA260320C00230000,230.0,1.16,0.0,0.2,4.0,42.0,0.1772543212890625,False,CALL,2026-03-20,EA
EA260320C00240000,240.0,0.47,0.0,2.35,2.0,10.0,0.4012511047363281,False,CALL,2026-03-20,EA
EA260320C00250000,250.0,0.15,0.0,1.0,1.0,23.0,0.37183245361328127,False,CALL,2026-03-20,EA
EA260320P00145000,145.0,0.11,0.0,2.2,21.0,353.0,0.603763728027344,False,PUT,2026-03-20,EA
EA260320P00150000,150.0,0.05,0.0,2.2,1.0,195.0,0.5546919531250001,False,PUT,2026-03-20,EA
EA260320P00155000,155.0,2.55,0.0,2.3,1.0,152.0,0.5120898400878906,False,PUT,2026-03-20,EA
EA260320P00160000,160.0,0.06,0.05,0.85,10.0,210.0,0.43286699951171875,False,PUT,2026-03-20,EA
EA260320P00165000,165.0,0.5,0.0,0.0,2.0,51.0,0.12500875,False,PUT,2026-03-20,EA
EA260320P00170000,170.0,0.05,0.0,2.65,1.0,94.0,0.477544287109375,False,PUT,2026-03-20,EA
EA260320P00175000,175.0,0.6,0.0,0.6,13.0,20.0,0.27735097656249996,False,PUT,2026-03-20,EA
EA260320P00180000,180.0,0.1,0.1,1.25,1.0,1342.0,0.28833719482421866,False,PUT,2026-03-20,EA
EA260320P00185000,185.0,0.72,0.2,0.9,3.0,1030.0,0.21900195068359374,False,PUT,2026-03-20,EA
EA260320P00190000,190.0,1.55,0.0,1.55,1.0,938.0,0.21094539062499998,False,PUT,2026-03-20,EA
EA260320P00195000,195.0,1.0,0.0,1.1,1.0,43.0,0.13904669555664065,False,PUT,2026-03-20,EA
EA260320P00200000,200.0,1.45,0.4,1.5,308.0,2124.0,0.10303631347656249,False,PUT,2026-03-20,EA
EA260320P00210000,210.0,10.0,0.0,0.0,1.0,0.0,1.0000000000000003e-05,True,PUT,2026-03-20,EA
EA260320P00220000,220.0,18.5,16.8,20.9,1.0,0.0,0.352545537109375,True,PUT,2026-03-20,EA
EA260320P00240000,240.0,38.0,36.8,40.9,,0.0,0.523442265625,True,PUT,2026-03-20,EA
EA260618C00145000,145.0,61.2,57.8,62.2,9.0,43.0,0.4791922198486328,True,CALL,2026-06-18,EA
EA260618C00150000,150.0,55.6,53.2,57.5,118.0,343.0,0.4559990924072266,True,CALL,2026-06-18,EA
EA260618C00155000,155.0,50.1,48.5,53.0,5.0,58.0,0.43958079956054685,True,CALL,2026-06-18,EA
EA260618C00160000,160.0,45.8,44.0,48.0,3.0,76.0,0.4033873138427735,True,CALL,2026-06-18,EA
EA260618C00165000,165.0,40.9,39.0,43.0,36.0,98.0,0.36780417358398443,True,CALL,2026-06-18,EA
EA260618C00170000,170.0,36.1,34.0,38.5,9.0,32.0,0.34839518798828123,True,CALL,2026-06-18,EA
EA260618C00175000,175.0,31.6,29.5,33.9,1.0,144.0,0.324103438720703,True,CALL,2026-06-18,EA
EA260618C00180000,180.0,26.8,24.5,28.9,18.0,274.0,0.28766581481933584,True,CALL,2026-06-18,EA
EA260618C00185000,185.0,20.0,19.0,22.7,4.0,34.0,0.21967333068847655,True,CALL,2026-06-18,EA
EA260618C00190000,190.0,16.15,16.0,19.5,10.0,176.0,0.22772989074707028,True,CALL,2026-06-18,EA
EA260618C00195000,195.0,12.9,10.2,14.8,3.0,247.0,0.1946796841430664,True,CALL,2026-06-18,EA
EA260618C00200000,200.0,8.0,7.5,8.0,301.0,1123.0,0.11515167083740235,True,CALL,2026-06-18,EA
EA260618C00210000,210.0,0.1,0.1,0.15,6.0,1945.0,0.03284658569335938,False,CALL,2026-06-18,EA
EA260618C00220000,220.0,0.05,0.0,0.15,2.0,1174.0,0.06958938232421877,False,CALL,2026-06-18,EA
EA260618C00230000,230.0,1.06,0.0,0.25,2.0,29.0,0.11109287353515623,False,CALL,2026-06-18,EA
EA260618C00250000,250.0,0.15,0.0,2.15,8.0,33.0,0.27283442016601556,False,CALL,2026-06-18,EA
EA260618C00260000,260.0,0.08,0.0,0.2,3.0,4.0,0.18994950683593753,False,CALL,2026-06-18,EA
EA260618P00145000,145.0,5.1,0.0,4.8,1.0,424.0,0.5475509112548829,False,PUT,2026-06-18,EA
EA260618P00150000,150.0,0.7,0.0,0.7,5.0,344.0,0.30249720947265624,False,PUT,2026-06-18,EA
EA260618P00155000,155.0,0.65,0.0,0.0,1.0,201.0,0.12500875,False,PUT,2026-06-18,EA
EA260618P00160000,160.0,0.15,0.0,4.8,26.0,398.0,0.43201251586914063,False,PUT,2026-06-18,EA
EA260618P00165000,165.0,1.0,0.0,0.0,20.0,40.0,0.062509375,False,PUT,2026-06-18,EA
EA260618P00170000,170.0,0.25,0.0,4.8,13.0,9.0,0.3582827844238281,False,PUT,2026-06-18,EA
EA260618P00175000,175.0,0.9,0.0,4.8,2.0,79.0,0.32187567779541015,False,PUT,2026-06-18,EA
EA260618P00180000,180.0,1.05,0.0,4.8,1.0,170.0,0.28552960571289054,False,PUT,2026-06-18,EA
EA260618P00185000,185.0,1.45,0.0,4.8,7.0,16.0,0.24896991271972657,False,PUT,2026-06-18,EA
EA260618P00190000,190.0,1.75,0.0,4.8,5.0,11.0,0.2117693569946289,False,PUT,2026-06-18,EA
EA260618P00195000,195.0,3.2,0.5,4.7,15.0,109.0,0.17105931488037113,False,PUT,2026-06-18,EA
EA260618P00200000,200.0,2.01,2.05,2.5,302.0,1351.0,0.08405456970214846,False,PUT,2026-06-18,EA
EA260618P00210000,210.0,9.0,6.7,10.9,10.0,0.0,0.14692015197753905,True,PUT,2026-06-18,EA
EA260918C00145000,145.0,60.5,0.0,0.0,1.0,44.0,1.0000000000000003e-05,True,CALL,2026-09-18,EA
EA260918C00150000,150.0,54.5,51.5,56.0,1.0,5.0,0.3002999658203125,True,CALL,2026-09-18,EA
EA260918C00155000,155.0,50.1,47.0,51.5,1.0,27.0,0.29383030395507803,True,CALL,2026-09-18,EA
EA260918C00160000,160.0,46.5,43.5,48.4,3.0,44.0,0.32471378417968744,True,CALL,2026-09-18,EA
EA260918C00165000,165.0,40.0,37.5,42.0,1.0,1.0,0.2582471636962891,True,CALL,2026-09-18,EA
EA260918C00170000,170.0,35.0,32.6,37.5,5.0,18.0,0.24585715087890625,True,CALL,2026-09-18,EA
EA260918C00175000,175.0,30.9,30.0,34.1,3.0,37.0,0.2565076791381836,True,CALL,2026-09-18,EA
EA260918C00180000,180.0,25.0,25.0,29.5,11.0,246.0,0.23615265808105468,True,CALL,2026-09-18,EA
EA260918C00185000,185.0,22.4,20.0,24.5,1.0,41.0,0.20685607604980466,True,CALL,2026-09-18,EA
EA260918C00190000,190.0,16.3,0.0,20.3,9.0,130.0,0.19144485321044924,True,CALL,2026-09-18,EA
EA260918C00195000,195.0,12.5,12.5,16.0,5.0,889.0,0.17151707397460939,True,CALL,2026-09-18,EA
EA260918C00200000,200.0,8.0,8.1,9.3,4.0,3616.0,0.11039097625732422,True,CALL,2026-09-18,EA
EA260918C00210000,210.0,0.55,0.1,0.55,79.0,3433.0,0.037393659362792965,False,CALL,2026-09-18,EA
EA260918C00220000,220.0,0.1,0.05,0.15,1.0,941.0,0.054086607666015626,False,CALL,2026-09-18,EA
EA260918C00230000,230.0,3.4,0.0,0.0,4.0,7.0,0.0312596875,False,CALL,2026-09-18,EA
EA260918C00240000,240.0,2.15,0.0,5.0,4.0,124.0,0.24646749633789064,False,CALL,2026-09-18,EA
EA260918C00250000,250.0,0.97,0.0,4.8,100.0,162.0,0.2762218374633788,False,CALL,2026-09-18,EA
EA260918C00260000,260.0,1.0,0.0,5.0,2.0,2.0,0.31168290863037107,False,CALL,2026-09-18,EA
EA260918P00145000,145.0,1.1,0.0,5.0,10.0,62.0,0.43207355041503903,False,PUT,2026-09-18,EA
EA260918P00150000,150.0,1.4,0.0,0.0,1.0,86.0,0.062509375,False,PUT,2026-09-18,EA
EA260918P00155000,155.0,3.15,0.0,5.0,5.0,13.0,0.3709779699707031,False,PUT,2026-09-18,EA
EA260918P00160000,160.0,0.11,0.1,1.8,10.0,31.0,0.24445335632324222,False,PUT,2026-09-18,EA
EA260918P00165000,165.0,0.4,0.0,4.8,10.0,953.0,0.30725790405273434,False,PUT,2026-09-18,EA
EA260918P00170000,170.0,2.35,0.5,5.0,1.0,4.0,0.2834544311523437,False,PUT,2026-09-18,EA
EA260918P00175000,175.0,1.07,0.0,4.8,,10.0,0.250434741821289,False,PUT,2026-09-18,EA
EA260918P00185000,185.0,2.61,0.0,0.0,6.0,260.0,0.0312596875,False,PUT,2026-09-18,EA
EA260918P00190000,190.0,8.9,1.0,5.5,2.0,1.0,0.1775594940185547,False,PUT,2026-09-18,EA
EA260918P00195000,195.0,2.3,0.5,2.7,1.0,692.0,0.09748216979980469,False,PUT,2026-09-18,EA
EA260918P00200000,200.0,2.2,2.2,3.6,4.0,307.0,0.08350525878906252,False,PUT,2026-09-18,EA
EA260918P00210000,210.0,6.2,4.1,6.5,2.0,14.0,0.03687486572265625,True,PUT,2026-09-18,EA
EA260918P00220000,220.0,19.11,16.0,21.0,,0.0,0.16681741394042973,True,PUT,2026-09-18,EA
EA261218C00195000,195.0,13.4,13.0,16.0,,5.0,0.14540954696655273,True,CALL,2026-12-18,EA
EA261218C00200000,200.0,9.8,8.8,9.8,30.0,150.0,0.10032027618408201,True,CALL,2026-12-18,EA
EA261218C00210000,210.0,0.5,0.2,0.55,25.0,760.0,0.03168692932128907,False,CALL,2026-12-18,EA
EA261218C00220000,220.0,0.15,0.0,0.4,1.0,38.0,0.05652798950195313,False,CALL,2026-12-18,EA
EA261218C00240000,240.0,1.8,0.0,0.9,,4.0,0.12177391906738282,False,CALL,2026-12-18,EA
EA261218P00145000,145.0,1.3,0.0,0.0,1.0,6.0,0.062509375,False,PUT,2026-12-18,EA
EA261218P00150000,150.0,1.35,0.0,0.0,1.0,10.0,0.062509375,False,PUT,2026-12-18,EA
EA261218P00185000,185.0,1.08,0.0,5.0,,2.0,0.1676413803100586,False,PUT,2026-12-18,EA
EA261218P00200000,200.0,3.1,2.3,3.9,4.0,3.0,0.07496042236328126,False,PUT,2026-12-18,EA
EA261218P00210000,210.0,6.25,5.3,6.9,6.0,8.0,0.03888900573730468,True,PUT,2026-12-18,EA
EA270115C00145000,145.0,60.7,58.5,63.0,1.0,104.0,0.3252630950927734,True,CALL,2027-01-15,EA
EA270115C00150000,150.0,54.1,53.5,58.5,1.0,602.0,0.31378860046386714,True,CALL,2027-01-15,EA
EA270115C00155000,155.0,47.3,47.0,51.5,1.0,4.0,0.2389602471923828,True,CALL,2027-01-15,EA
EA270115C00160000,160.0,46.5,44.5,48.8,1.0,18.0,0.27283442016601556,True,CALL,2027-01-15,EA
EA270115C00165000,165.0,42.7,39.5,44.0,16.0,38.0,0.2534254345703125,True,CALL,2027-01-15,EA
EA270115C00170000,170.0,38.25,34.5,39.5,2.0,67.0,0.23947904083251947,True,CALL,2027-01-15,EA
EA270115C00175000,175.0,32.0,30.5,34.5,1.0,110.0,0.21573660247802734,True,CALL,2027-01-15,EA
EA270115C00180000,180.0,27.5,25.0,29.6,3.0,142.0,0.19373364868164064,True,CALL,2027-01-15,EA
EA270115C00185000,185.0,23.4,20.5,25.0,18.0,90.0,0.17603363037109376,True,CALL,2027-01-15,EA
EA270115C00190000,190.0,19.3,17.5,19.5,8.0,289.0,0.14402101104736326,True,CALL,2027-01-15,EA
EA270115C00195000,195.0,12.8,0.0,0.0,11.0,352.0,1.0000000000000003e-05,True,CALL,2027-01-15,EA
EA270115C00200000,200.0,10.1,8.9,10.3,1.0,1858.0,0.1027006234741211,True,CALL,2027-01-15,EA
EA270115C00210000,210.0,0.8,0.2,0.6,1.0,2382.0,0.03138175659179687,False,CALL,2027-01-15,EA
EA270115C00220000,220.0,0.37,0.05,0.5,1.0,236.0,0.057321438598632826,False,CALL,2027-01-15,EA
EA270115C00230000,230.0,0.01,0.0,0.4,1.0,43.0,0.07721870056152345,False,CALL,2027-01-15,EA
EA270115C00240000,240.0,0.05,0.0,0.0,8.0,30.0,0.0312596875,False,CALL,2027-01-15,EA
EA270115C00250000,250.0,3.4,0.0,0.0,5.0,20.0,0.0312596875,False,CALL,2027-01-15,EA
EA270115C00260000,260.0,0.5,0.0,0.0,10.0,73.0,0.062509375,False,CALL,2027-01-15,EA
EA270115P00145000,145.0,1.61,0.05,1.65,13.0,25.0,0.25312026184082037,False,PUT,2027-01-15,EA
EA270115P00150000,150.0,1.39,0.0,0.0,19.0,138.0,0.062509375,False,PUT,2027-01-15,EA
EA270115P00155000,155.0,2.45,0.0,5.0,15.0,56.0,0.3018258294677735,False,PUT,2027-01-15,EA
EA270115P00160000,160.0,1.7,0.0,5.0,13.0,22.0,0.2777477011108398,False,PUT,2027-01-15,EA
EA270115P00165000,165.0,1.45,0.0,5.0,43.0,54.0,0.25403578002929694,False,PUT,2027-01-15,EA
EA270115P00170000,170.0,19.25,0.0,5.0,2.0,135.0,0.23062903167724608,False,PUT,2027-01-15,EA
EA270115P00175000,175.0,0.4,0.0,5.0,2.0,12.0,0.2074053869628906,False,PUT,2027-01-15,EA
EA270115P00180000,180.0,1.85,0.0,5.0,17.0,179.0,0.18418174224853517,False,PUT,2027-01-15,EA
EA270115P00185000,185.0,1.9,0.5,5.0,2.0,27.0,0.16083602844238282,False,PUT,2027-01-15,EA
EA270115P00195000,195.0,3.4,1.0,5.0,1.0,5.0,0.11252718536376952,False,PUT,2027-01-15,EA
EA270115P00200000,200.0,2.8,2.35,5.5,14.0,152.0,0.09281302703857422,False,PUT,2027-01-15,EA
EA270115P00210000,210.0,9.24,6.5,11.5,,7.0,0.10083906982421875,True,PUT,2027-01-15,EA
EA270115P00250000,250.0,70.2,75.2,79.5,,0.0,0.5846904324340819,True,PUT,2027-01-15,EA
EA270617C00190000,190.0,17.9,0.0,0.0,14.0,15.0,1.0000000000000003e-05,True,CALL,2027-06-17,EA
EA270617C00195000,195.0,14.3,0.0,0.0,14.0,30.0,1.0000000000000003e-05,True,CALL,2027-06-17,EA
EA270617C00200000,200.0,10.39,0.0,0.0,21.0,21.0,1.0000000000000003e-05,True,CALL,2027-06-17,EA
EA270617C00210000,210.0,0.4,0.4,1.0,1.0,1507.0,0.03205313659667969,False,CALL,2027-06-17,EA
EA270617C00220000,220.0,0.25,0.0,1.4,10.0,36.0,0.06519489501953124,False,CALL,2027-06-17,EA
EA270617C00230000,230.0,1.85,0.0,0.0,7.0,7.0,0.015634843750000002,False,CALL,2027-06-17,EA
EA270617P00160000,160.0,2.25,0.0,0.0,13.0,13.0,0.0312596875,False,PUT,2027-06-17,EA
EA270617P00180000,180.0,3.3,0.0,0.0,15.0,15.0,0.0312596875,False,PUT,2027-06-17,EA
EA270617P00190000,190.0,4.92,0.0,0.0,1.0,4.0,0.015634843750000002,False,PUT,2027-06-17,EA
EA270617P00195000,195.0,5.0,1.5,4.5,,2.0,0.08811336700439454,False,PUT,2027-06-17,EA
EA270617P00200000,200.0,3.5,2.3,6.0,1.0,6.0,0.08292543060302737,False,PUT,2027-06-17,EA
EA271119C00150000,150.0,54.7,0.0,0.0,,6.0,1.0000000000000003e-05,True,CALL,2027-11-19,EA
EA271119C00170000,170.0,37.7,34.5,39.5,,1.0,0.17475190490722659,True,CALL,2027-11-19,EA
EA271119C00190000,190.0,18.02,16.5,21.5,,120.0,0.1261684063720703,True,CALL,2027-11-19,EA
EA271119C00195000,195.0,15.84,12.0,16.5,2.0,26.0,0.10671364486694337,True,CALL,2027-11-19,EA
EA271119C00200000,200.0,11.0,7.5,11.0,18.0,48.0,0.08150637741088868,True,CALL,2027-11-19,EA
EA271119C00210000,210.0,2.5,0.5,1.5,1.0,370.0,0.033746845245361326,False,CALL,2027-11-19,EA
EA271119C00220000,220.0,0.6,0.0,5.0,1.0,35.0,0.09873337799072265,False,CALL,2027-11-19,EA
EA271119C00230000,230.0,0.3,0.0,5.0,1.0,33.0,0.12404745590209962,False,CALL,2027-11-19,EA
EA271119C00240000,240.0,1.88,0.0,0.0,15.0,15.0,0.0312596875,False,CALL,2027-11-19,EA
EA271119C00250000,250.0,1.84,0.0,0.0,9.0,9.0,0.0312596875,False,CALL,2027-11-19,EA
EA271119P00165000,165.0,3.2,0.0,3.7,,4.0,0.1656272402954102,False,PUT,2027-11-19,EA
EA271119P00170000,170.0,3.6,0.5,4.1,,11.0,0.1555870574951172,False,PUT,2027-11-19,EA
EA271119P00175000,175.0,4.0,1.0,5.0,,5.0,0.1514977429199219,False,PUT,2027-11-19,EA
EA271119P00185000,185.0,4.0,0.0,0.0,,5.0,0.015634843750000002,False,PUT,2027-11-19,EA
EA271119P00195000,195.0,5.0,0.0,0.0,,5.0,0.007822421875,False,PUT,2027-11-19,EA
EA271217C00150000,150.0,54.7,0.0,0.0,,42.0,1.0000000000000003e-05,True,CALL,2027-12-17,EA
EA271217C00160000,160.0,47.0,44.0,49.0,13.0,18.0,0.1980365841674805,True,CALL,2027-12-17,EA
EA271217C00165000,165.0,40.9,0.0,0.0,,5.0,1.0000000000000003e-05,True,CALL,2027-12-17,EA
EA271217C00170000,170.0,37.9,34.5,39.5,,8.0,0.17113560806274414,True,CALL,2027-12-17,EA
EA271217C00190000,190.0,17.97,16.5,21.5,,19.0,0.12357443817138672,True,CALL,2027-12-17,EA
EA271217C00195000,195.0,14.02,12.5,17.5,,6.0,0.1141140835571289,True,CALL,2027-12-17,EA
EA271217C00200000,200.0,10.5,7.5,12.0,6.0,60.0,0.0890136265563965,True,CALL,2027-12-17,EA
EA271217C00210000,210.0,1.5,0.6,1.5,1.0,176.0,0.0330449479675293,False,CALL,2027-12-17,EA
EA271217C00220000,220.0,0.3,0.0,5.0,10.0,203.0,0.09670397933959962,False,CALL,2027-12-17,EA
EA271217C00230000,230.0,0.1,0.0,5.0,20.0,425.0,0.12149926361083985,False,CALL,2027-12-17,EA
EA271217C00240000,240.0,1.88,0.0,0.0,110.0,131.0,0.0312596875,False,CALL,2027-12-17,EA
EA271217C00250000,250.0,1.15,0.0,0.0,,368.0,0.0312596875,False,CALL,2027-12-17,EA
EA271217P00160000,160.0,2.45,0.0,2.45,2.0,92.0,0.15570912658691405,False,PUT,2027-12-17,EA
EA271217P00165000,165.0,2.8,0.0,0.0,5.0,18.0,0.0312596875,False,PUT,2027-12-17,EA
EA271217P00170000,170.0,3.0,0.0,0.0,,16.0,0.0312596875,False,PUT,2027-12-17,EA
EA271217P00175000,175.0,3.1,0.0,0.0,4.0,41.0,0.0312596875,False,PUT,2027-12-17,EA
EA271217P00180000,180.0,3.4,0.0,0.0,4.0,8.0,0.015634843750000002,False,PUT,2027-12-17,EA
EA271217P00185000,185.0,3.8,0.0,0.0,4.0,45.0,0.015634843750000002,False,PUT,2027-12-17,EA
EA271217P00190000,190.0,3.3,0.5,5.0,5.0,25.0,0.09812303253173829,False,PUT,2027-12-17,EA
EA271217P00195000,195.0,3.6,1.0,5.5,13.0,63.0,0.08550414016723634,False,PUT,2027-12-17,EA
EA271217P00200000,200.0,3.3,2.5,6.0,9.0,112.0,0.07108472869873048,False,PUT,2027-12-17,EA
EA271217P00210000,210.0,5.9,5.4,8.5,1.0,0.0,0.04386332122802734,True,PUT,2027-12-17,EA
EA280121C00150000,150.0,55.0,0.0,0.0,90.0,94.0,1.0000000000000003e-05,True,CALL,2028-01-21,EA
EA280121C00160000,160.0,47.0,44.0,49.0,2.0,35.0,0.19315382049560548,True,CALL,2028-01-21,EA
EA280121C00165000,165.0,41.3,0.0,0.0,14.0,61.0,1.0000000000000003e-05,True,CALL,2028-01-21,EA
EA280121C00170000,170.0,37.1,34.5,39.5,1.0,29.0,0.166924224395752,True,CALL,2028-01-21,EA
EA280121C00175000,175.0,33.1,30.0,35.0,2.0,44.0,0.15647205841064454,True,CALL,2028-01-21,EA
EA280121C00180000,180.0,28.2,25.5,30.0,10.0,113.0,0.1396265237426758,True,CALL,2028-01-21,EA
EA280121C00185000,185.0,23.8,21.0,25.0,1.0,36.0,0.12268943725585937,True,CALL,2028-01-21,EA
EA280121C00190000,190.0,19.76,18.2,20.1,3.0,231.0,0.10648476531982423,True,CALL,2028-01-21,EA
EA280121C00195000,195.0,15.34,0.0,0.0,4.0,6.0,1.0000000000000003e-05,True,CALL,2028-01-21,EA
EA280121C00200000,200.0,10.05,9.0,12.0,74.0,110.0,0.08681638290405275,True,CALL,2028-01-21,EA
EA280121C00210000,210.0,0.8,0.7,1.45,70.0,678.0,0.03170218795776368,False,CALL,2028-01-21,EA
EA280121C00220000,220.0,0.1,0.1,5.0,2.0,2061.0,0.09433889068603515,False,CALL,2028-01-21,EA
EA280121C00230000,230.0,0.3,0.05,5.0,87.0,2815.0,0.1185085708618164,False,CALL,2028-01-21,EA
EA280121C00240000,240.0,2.56,0.0,0.0,15.0,60.0,0.0312596875,False,CALL,2028-01-21,EA
EA280121C00250000,250.0,0.05,0.0,2.0,20.0,195.0,0.11795925994873047,False,CALL,2028-01-21,EA
EA280121C00260000,260.0,0.5,0.0,0.0,1.0,2.0,0.0312596875,False,CALL,2028-01-21,EA
EA280121P00150000,150.0,2.3,0.05,3.5,2.0,212.0,0.2018512432861328,False,PUT,2028-01-21,EA
EA280121P00160000,160.0,1.15,0.0,5.0,,1.0,0.19385571777343752,False,PUT,2028-01-21,EA
EA280121P00165000,165.0,3.55,1.1,4.1,3.0,4.0,0.16431499755859375,False,PUT,2028-01-21,EA
EA280121P00170000,170.0,3.2,0.0,0.0,,5.0,0.0312596875,False,PUT,2028-01-21,EA
EA280121P00175000,175.0,3.2,0.5,2.9,5.0,20.0,0.11649443084716798,False,PUT,2028-01-21,EA
EA280121P00180000,180.0,2.3,0.4,2.75,2.0,411.0,0.10001510345458985,False,PUT,2028-01-21,EA
EA280121P00185000,185.0,3.2,0.5,5.0,9.0,11.0,0.11228304718017576,False,PUT,2028-01-21,EA
EA280121P00190000,190.0,1.3,1.2,5.0,1.0,125.0,0.09571216796875001,False,PUT,2028-01-21,EA
EA280121P00195000,195.0,2.8,1.75,5.5,2.0,68.0,0.08341370697021487,False,PUT,2028-01-21,EA
EA280121P00200000,200.0,2.5,2.5,6.0,3.0,217.0,0.06934524414062501,False,PUT,2028-01-21,EA
EA280121P00210000,210.0,6.9,5.4,8.5,5.0,18.0,0.04279521667480468,True,PUT,2028-01-21,EA
EA280121P00260000,260.0,57.5,56.5,61.5,1.0,1.0,0.18384605224609374,True,PUT,2028-01-21,EA
EBAY260130C00077000,77.0,17.82,16.6,19.2,3.0,4.0,2.144535888671875,True,CALL,2026-01-30,EBAY
EBAY260130C00082000,82.0,3.3,11.6,14.2,,10.0,1.6279315478515624,True,CALL,2026-01-30,EBAY
EBAY260130C00083000,83.0,5.3,10.65,13.2,,2.0,1.54297103515625,True,CALL,2026-01-30,EBAY
EBAY260130C00084000,84.0,7.25,9.7,12.2,10.0,17.0,1.4560574072265624,True,CALL,2026-01-30,EBAY
EBAY260130C00085000,85.0,9.87,8.85,11.15,1.0,19.0,1.3828155859374998,True,CALL,2026-01-30,EBAY
EBAY260130C00086000,86.0,7.87,7.8,10.2,168.0,8.0,1.2763708056640621,True,CALL,2026-01-30,EBAY
EBAY260130C00087000,87.0,8.1,6.75,9.15,1.0,22.0,1.1396527392578126,True,CALL,2026-01-30,EBAY
EBAY260130C00088000,88.0,7.39,5.7,8.2,1.0,25.0,1.0312548437500002,True,CALL,2026-01-30,EBAY
EBAY260130C00089000,89.0,6.55,4.9,7.2,1.0,40.0,0.973633076171875,True,CALL,2026-01-30,EBAY
EBAY260130C00090000,90.0,4.84,3.75,5.9,5.0,112.0,0.7460962890625,True,CALL,2026-01-30,EBAY
EBAY260130C00091000,91.0,3.82,3.15,4.5,2.0,37.0,0.6357458300781251,True,CALL,2026-01-30,EBAY
EBAY260130C00092000,92.0,3.48,2.17,4.35,2.0,80.0,0.702151416015625,True,CALL,2026-01-30,EBAY
EBAY260130C00093000,93.0,2.6,1.8,2.51,2.0,219.0,0.5224657128906249,True,CALL,2026-01-30,EBAY
EBAY260130C00094000,94.0,1.41,1.02,1.63,3.0,114.0,0.5400436621093752,True,CALL,2026-01-30,EBAY
EBAY260130C00095000,95.0,0.95,0.53,1.1,19.0,140.0,0.516606396484375,False,CALL,2026-01-30,EBAY
EBAY260130C00096000,96.0,0.5,0.31,0.98,1.0,110.0,0.6103554589843752,False,CALL,2026-01-30,EBAY
EBAY260130C00097000,97.0,0.35,0.06,0.59,51.0,8319.0,0.56836369140625,False,CALL,2026-01-30,EBAY
EBAY260130C00098000,98.0,0.7,0.04,1.03,1.0,246.0,0.6445348046875,False,CALL,2026-01-30,EBAY
EBAY260130C00099000,99.0,0.35,0.0,0.44,1.0,49.0,0.55273884765625,False,CALL,2026-01-30,EBAY
EBAY260130C00100000,100.0,0.01,0.0,0.67,11.0,148.0,0.711916943359375,False,CALL,2026-01-30,EBAY
EBAY260130C00101000,101.0,0.1,0.0,0.72,14.0,10.0,0.8095722167968749,False,CALL,2026-01-30,EBAY
EBAY260130C00102000,102.0,0.03,0.0,0.68,4.0,5.0,0.8730481445312499,False,CALL,2026-01-30,EBAY
EBAY260130C00103000,103.0,0.03,0.0,0.76,20.0,23.0,0.9785158398437501,False,CALL,2026-01-30,EBAY
EBAY260130C00104000,104.0,0.01,0.0,0.95,1.0,9.0,1.1220747021484376,False,CALL,2026-01-30,EBAY
EBAY260130C00105000,105.0,0.01,0.0,0.95,1.0,24.0,1.197269638671875,False,CALL,2026-01-30,EBAY
EBAY260130C00110000,110.0,0.08,0.0,0.95,,20.0,1.5449241503906248,False,CALL,2026-01-30,EBAY
EBAY260130P00070000,70.0,0.11,0.0,0.27,20.0,21.0,2.1015672460937496,False,PUT,2026-01-30,EBAY
EBAY260130P00072000,72.0,0.42,0.0,2.13,,4.0,3.058596103515625,False,PUT,2026-01-30,EBAY
EBAY260130P00075000,75.0,0.13,0.0,0.75,4.0,5.0,2.058598603515625,False,PUT,2026-01-30,EBAY
EBAY260130P00076000,76.0,0.16,0.0,0.75,4.0,1.0,1.962890810546875,False,PUT,2026-01-30,EBAY
EBAY260130P00077000,77.0,0.17,0.0,0.76,4.0,3.0,1.873047509765625,False,PUT,2026-01-30,EBAY
EBAY260130P00078000,78.0,0.13,0.0,0.75,2.0,5.0,1.7734386328124998,False,PUT,2026-01-30,EBAY
EBAY260130P00079000,79.0,0.19,0.0,0.75,4.0,4.0,1.677735986328125,False,PUT,2026-01-30,EBAY
EBAY260130P00080000,80.0,0.01,0.0,0.75,10.0,13.0,1.5839864550781246,False,PUT,2026-01-30,EBAY
EBAY260130P00081000,81.0,0.12,0.0,0.75,4.0,7.0,1.4902369238281248,False,PUT,2026-01-30,EBAY
EBAY260130P00082000,82.0,0.14,0.0,0.25,20.0,22.0,1.0957076464843751,False,PUT,2026-01-30,EBAY
EBAY260130P00083000,83.0,0.09,0.0,0.75,8.0,149.0,1.3046909765624997,False,PUT,2026-01-30,EBAY
EBAY260130P00084000,84.0,0.03,0.01,0.29,2.0,119.0,0.9726565234375,False,PUT,2026-01-30,EBAY
EBAY260130P00085000,85.0,0.2,0.0,0.75,72.0,104.0,1.1171919140625,False,PUT,2026-01-30,EBAY
EBAY260130P00086000,86.0,0.01,0.0,0.75,2.0,151.0,1.0234423828125,False,PUT,2026-01-30,EBAY
EBAY260130P00087000,87.0,0.06,0.0,0.75,48.0,142.0,0.92773509765625,False,PUT,2026-01-30,EBAY
EBAY260130P00088000,88.0,0.05,0.0,0.1,1.0,177.0,0.51562984375,False,PUT,2026-01-30,EBAY
EBAY260130P00089000,89.0,0.05,0.0,0.75,16.0,92.0,0.735354208984375,False,PUT,2026-01-30,EBAY
EBAY260130P00090000,90.0,0.08,0.0,0.26,26.0,114.0,0.5634809277343751,False,PUT,2026-01-30,EBAY
EBAY260130P00091000,91.0,0.05,0.07,0.38,1.0,63.0,0.5361374511718751,False,PUT,2026-01-30,EBAY
EBAY260130P00092000,92.0,0.32,0.12,0.52,15.0,70.0,0.49414568359375005,False,PUT,2026-01-30,EBAY
EBAY260130P00093000,93.0,0.32,0.26,0.72,35.0,175.0,0.45117736328125,False,PUT,2026-01-30,EBAY
EBAY260130P00094000,94.0,1.82,0.57,2.25,1.0,80.0,0.5507857421875001,False,PUT,2026-01-30,EBAY
EBAY260130P00095000,95.0,1.29,0.86,1.71,5.0,24.0,0.46582565429687506,True,PUT,2026-01-30,EBAY
EBAY260130P00096000,96.0,1.31,1.55,3.3,68.0,89.0,0.8261736132812498,True,PUT,2026-01-30,EBAY
EBAY260130P00097000,97.0,3.55,1.1,3.8,1.0,158.0,0.7617211328125001,True,PUT,2026-01-30,EBAY
EBAY260130P00098000,98.0,4.82,1.95,4.85,2.0,80.0,0.8979502392578124,True,PUT,2026-01-30,EBAY
EBAY260130P00100000,100.0,6.6,3.85,6.4,7.0,7.0,0.893555751953125,True,PUT,2026-01-30,EBAY
EBAY260130P00101000,101.0,8.65,4.9,7.3,1.0,0.0,0.92773509765625,True,PUT,2026-01-30,EBAY
EBAY260206C00075000,75.0,10.55,18.6,20.55,1.0,1.0,0.93945373046875,True,CALL,2026-02-06,EBAY
EBAY260206C00083000,83.0,12.03,10.85,12.55,1.0,1.0,0.6455113574218749,True,CALL,2026-02-06,EBAY
EBAY260206C00084000,84.0,5.56,9.7,11.55,,2.0,0.5708050732421875,True,CALL,2026-02-06,EBAY
EBAY260206C00085000,85.0,10.51,8.8,10.55,1.0,2.0,0.5459029785156251,True,CALL,2026-02-06,EBAY
EBAY260206C00086000,86.0,9.05,7.9,9.6,1.0,1.0,0.52539537109375,True,CALL,2026-02-06,EBAY
EBAY260206C00087000,87.0,8.53,6.95,8.65,1.0,3.0,0.7104521142578125,True,CALL,2026-02-06,EBAY
EBAY260206C00088000,88.0,7.51,6.1,7.35,1.0,3.0,0.5844768115234374,True,CALL,2026-02-06,EBAY
EBAY260206C00089000,89.0,4.33,5.1,6.8,2.0,3.0,0.624027197265625,True,CALL,2026-02-06,EBAY
EBAY260206C00090000,90.0,5.7,3.95,5.35,22.0,30.0,0.4699760034179688,True,CALL,2026-02-06,EBAY
EBAY260206C00091000,91.0,4.75,3.5,5.2,2.0,20.0,0.5732464550781251,True,CALL,2026-02-06,EBAY
EBAY260206C00092000,92.0,4.49,3.25,3.8,1.0,57.0,0.43140217041015627,True,CALL,2026-02-06,EBAY
EBAY260206C00093000,93.0,2.74,2.54,3.15,4.0,662.0,0.42188078125,True,CALL,2026-02-06,EBAY
EBAY260206C00094000,94.0,2.26,1.9,2.52,11.0,812.0,0.4057676611328125,True,CALL,2026-02-06,EBAY
EBAY260206C00095000,95.0,1.76,1.38,2.21,3.0,215.0,0.4331111376953125,False,CALL,2026-02-06,EBAY
EBAY260206C00096000,96.0,0.93,0.95,1.67,2.0,26.0,0.4106504248046875,False,CALL,2026-02-06,EBAY
EBAY260206C00097000,97.0,0.99,0.54,1.22,2.0,17.0,0.39111937011718745,False,CALL,2026-02-06,EBAY
EBAY260206C00098000,98.0,1.3,0.41,0.92,9.0,841.0,0.38721315917968746,False,CALL,2026-02-06,EBAY
EBAY260206C00099000,99.0,0.5,0.24,0.68,270.0,59.0,0.383795224609375,False,CALL,2026-02-06,EBAY
EBAY260206C00100000,100.0,0.38,0.28,0.49,5.0,55.0,0.379889013671875,False,CALL,2026-02-06,EBAY
EBAY260206C00101000,101.0,0.35,0.0,0.35,1.0,25.0,0.37842418457031246,False,CALL,2026-02-06,EBAY
EBAY260206C00102000,102.0,0.21,0.0,0.64,164.0,45.0,0.5019581054687501,False,CALL,2026-02-06,EBAY
EBAY260206C00103000,103.0,0.47,0.0,2.09,,1.0,0.6450230810546875,False,CALL,2026-02-06,EBAY
EBAY260206C00104000,104.0,0.24,0.0,0.78,,7.0,0.500005,False,CALL,2026-02-06,EBAY
EBAY260206C00105000,105.0,0.11,0.0,0.86,,41.0,0.5488326367187502,False,CALL,2026-02-06,EBAY
EBAY260206C00110000,110.0,0.01,0.0,1.95,1.0,12.0,0.8930674755859375,False,CALL,2026-02-06,EBAY
EBAY260206P00078000,78.0,0.25,0.0,2.13,4.0,3.0,1.1142622412109375,False,PUT,2026-02-06,EBAY
EBAY260206P00079000,79.0,0.32,0.0,2.13,4.0,2.0,1.0605515722656251,False,PUT,2026-02-06,EBAY
EBAY260206P00080000,80.0,0.44,0.0,2.13,4.0,1.0,1.007329182128906,False,PUT,2026-02-06,EBAY
EBAY260206P00081000,81.0,0.21,0.0,2.13,4.0,2.0,0.954102021484375,False,PUT,2026-02-06,EBAY
EBAY260206P00082000,82.0,0.1,0.0,2.13,1.0,34.0,0.9003916210937499,False,PUT,2026-02-06,EBAY
EBAY260206P00083000,83.0,0.07,0.0,1.15,364.0,60.0,0.6928741650390625,False,PUT,2026-02-06,EBAY
EBAY260206P00084000,84.0,0.35,0.0,0.68,12.0,69.0,0.5561567822265626,False,PUT,2026-02-06,EBAY
EBAY260206P00085000,85.0,0.07,0.0,0.29,18.0,84.0,0.49170430175781255,False,PUT,2026-02-06,EBAY
EBAY260206P00086000,86.0,0.33,0.0,0.65,50.0,57.0,0.5722699023437501,False,PUT,2026-02-06,EBAY
EBAY260206P00087000,87.0,0.32,0.0,0.95,144.0,223.0,0.6030313134765627,False,PUT,2026-02-06,EBAY
EBAY260206P00088000,88.0,0.1,0.05,0.48,96.0,178.0,0.42529871582031253,False,PUT,2026-02-06,EBAY
EBAY260206P00089000,89.0,0.17,0.16,0.53,470.0,117.0,0.39063109375,False,PUT,2026-02-06,EBAY
EBAY260206P00090000,90.0,0.5,0.18,0.58,14.0,184.0,0.3530338134765625,False,PUT,2026-02-06,EBAY
EBAY260206P00091000,91.0,0.55,0.44,0.77,1.0,21.0,0.34229173339843744,False,PUT,2026-02-06,EBAY
EBAY260206P00092000,92.0,0.5,0.59,1.02,10.0,34.0,0.3327703442382813,False,PUT,2026-02-06,EBAY
EBAY260206P00093000,93.0,1.01,0.85,1.4,15.0,13.0,0.33447931152343746,False,PUT,2026-02-06,EBAY
EBAY260206P00094000,94.0,1.62,1.26,1.89,1.0,56.0,0.3413151806640625,False,PUT,2026-02-06,EBAY
EBAY260206P00095000,95.0,1.67,1.68,2.25,11.0,44.0,0.3122627368164062,True,PUT,2026-02-06,EBAY
EBAY260206P00096000,96.0,1.9,2.05,2.83,3.0,38.0,0.30591514404296877,True,PUT,2026-02-06,EBAY
EBAY260206P00098000,98.0,8.5,3.65,4.55,,8.0,0.362311064453125,True,PUT,2026-02-06,EBAY
EBAY260206P00100000,100.0,6.0,4.15,6.7,2.0,2.0,0.4907277490234375,True,PUT,2026-02-06,EBAY
EBAY260213C00084000,84.0,5.84,9.85,11.5,2.0,1.0,0.6325720336914062,True,CALL,2026-02-13,EBAY
EBAY260213C00086000,86.0,9.04,8.0,9.7,1.0,0.0,0.584965087890625,True,CALL,2026-02-13,EBAY
EBAY260213C00087000,87.0,8.27,6.9,9.15,2.0,6.0,0.6154823608398439,True,CALL,2026-02-13,EBAY
EBAY260213C00088000,88.0,5.57,6.3,7.7,1.0,1.0,0.49707534179687507,True,CALL,2026-02-13,EBAY
EBAY260213C00089000,89.0,3.85,5.35,7.4,2.0,12.0,0.5585981640625001,True,CALL,2026-02-13,EBAY
EBAY260213C00090000,90.0,5.97,4.65,5.8,2.0,8.0,0.42139250488281255,True,CALL,2026-02-13,EBAY
EBAY260213C00091000,91.0,5.2,4.4,5.1,22.0,16.0,0.41602146484374997,True,CALL,2026-02-13,EBAY
EBAY260213C00092000,92.0,4.05,3.8,4.4,13.0,15.0,0.40479110839843746,True,CALL,2026-02-13,EBAY
EBAY260213C00093000,93.0,2.78,3.25,3.75,15.0,19.0,0.39453730468750003,True,CALL,2026-02-13,EBAY
EBAY260213C00094000,94.0,2.73,2.67,3.0,14.0,46.0,0.3654848608398438,True,CALL,2026-02-13,EBAY
EBAY260213C00095000,95.0,3.3,2.13,2.66,1.0,36.0,0.38233039550781245,False,CALL,2026-02-13,EBAY
EBAY260213C00096000,96.0,1.76,1.69,2.02,17.0,27.0,0.35352208984374994,False,CALL,2026-02-13,EBAY
EBAY260213C00097000,97.0,1.97,1.33,1.79,6.0,18.0,0.3711000390625,False,CALL,2026-02-13,EBAY
EBAY260213C00098000,98.0,1.17,1.04,1.33,2.0,9.0,0.3508365698242187,False,CALL,2026-02-13,EBAY
EBAY260213C00099000,99.0,0.62,0.76,1.14,1.0,4.0,0.36206692626953124,False,CALL,2026-02-13,EBAY
EBAY260213C00100000,100.0,1.07,0.58,0.93,1.0,59.0,0.36475244628906256,False,CALL,2026-02-13,EBAY
EBAY260213C00103000,103.0,0.21,0.0,0.44,4.0,20.0,0.36084623535156246,False,CALL,2026-02-13,EBAY
EBAY260213C00105000,105.0,0.81,0.0,0.31,,6.0,0.37744763183593744,False,CALL,2026-02-13,EBAY
EBAY260213C00110000,110.0,0.4,0.0,1.11,,6.0,0.5688519677734375,False,CALL,2026-02-13,EBAY
EBAY260213P00076000,76.0,0.14,0.0,1.16,,1.0,0.77148666015625,False,PUT,2026-02-13,EBAY
EBAY260213P00077000,77.0,0.2,0.0,1.0,,1.0,0.708010732421875,False,PUT,2026-02-13,EBAY
EBAY260213P00078000,78.0,0.23,0.0,0.95,,2.0,0.6640658593750002,False,PUT,2026-02-13,EBAY
EBAY260213P00079000,79.0,1.29,0.0,0.76,,6.0,0.5952188916015625,False,PUT,2026-02-13,EBAY
EBAY260213P00081000,81.0,0.77,0.0,0.76,2.0,1.0,0.5288133056640626,False,PUT,2026-02-13,EBAY
EBAY260213P00082000,82.0,1.6,0.0,0.96,,6.0,0.5273484765625001,False,PUT,2026-02-13,EBAY
EBAY260213P00083000,83.0,0.35,0.0,0.69,4.0,7.0,0.5493209130859377,False,PUT,2026-02-13,EBAY
EBAY260213P00084000,84.0,0.33,0.03,0.64,136.0,59.0,0.5004932763671875,False,PUT,2026-02-13,EBAY
EBAY260213P00085000,85.0,0.34,0.05,0.64,374.0,78.0,0.463872548828125,False,PUT,2026-02-13,EBAY
EBAY260213P00086000,86.0,0.38,0.08,0.66,863.0,91.0,0.43164630859375,False,PUT,2026-02-13,EBAY
EBAY260213P00087000,87.0,0.38,0.13,0.68,654.0,84.0,0.3986876538085938,False,PUT,2026-02-13,EBAY
EBAY260213P00088000,88.0,0.55,0.29,0.73,129.0,138.0,0.3706117626953125,False,PUT,2026-02-13,EBAY
EBAY260213P00089000,89.0,0.56,0.39,0.61,50.0,5.0,0.3090889404296875,False,PUT,2026-02-13,EBAY
EBAY260213P00090000,90.0,0.5,0.54,0.87,15.0,16.0,0.3154365332031249,False,PUT,2026-02-13,EBAY
EBAY260213P00091000,91.0,0.64,0.76,1.13,10.0,17.0,0.3122627368164062,False,PUT,2026-02-13,EBAY
EBAY260213P00092000,92.0,0.84,1.05,1.43,5.0,11.0,0.30713583496093744,False,PUT,2026-02-13,EBAY
EBAY260213P00093000,93.0,3.8,1.45,1.83,17.0,17.0,0.3073799731445312,False,PUT,2026-02-13,EBAY
EBAY260213P00095000,95.0,2.51,2.27,2.68,349.0,20.0,0.2893137475585937,True,PUT,2026-02-13,EBAY
EBAY260213P00097000,97.0,3.6,3.5,3.8,2.0,9.0,0.2695385546875,True,PUT,2026-02-13,EBAY
EBAY260213P00098000,98.0,3.4,4.05,4.7,4.0,7.0,0.29492892578124996,True,PUT,2026-02-13,EBAY
EBAY260213P00099000,99.0,7.8,4.8,5.45,1.0,2.0,0.2912668530273437,True,PUT,2026-02-13,EBAY
EBAY260213P00100000,100.0,6.75,4.3,6.8,,1.0,0.3845276391601562,True,PUT,2026-02-13,EBAY
EBAY260220C00070000,70.0,20.35,23.2,26.4,2.0,6.0,0.8188494677734374,True,CALL,2026-02-20,EBAY
EBAY260220C00072500,72.5,13.2,21.5,23.9,1.0,1.0,0.8559584716796875,True,CALL,2026-02-20,EBAY
EBAY260220C00075000,75.0,19.2,19.0,20.9,8.0,15.0,0.708010732421875,True,CALL,2026-02-20,EBAY
EBAY260220C00077500,77.5,16.84,16.25,18.95,1.0,6.0,0.6660189648437502,True,CALL,2026-02-20,EBAY
EBAY260220C00080000,80.0,15.51,13.9,16.45,4.0,80.0,0.6015664843750002,True,CALL,2026-02-20,EBAY
EBAY260220C00082500,82.5,13.23,11.4,13.3,4.0,210.0,0.6293982373046876,True,CALL,2026-02-20,EBAY
EBAY260220C00085000,85.0,10.84,9.8,10.9,4.0,596.0,0.5537154003906251,True,CALL,2026-02-20,EBAY
EBAY260220C00087500,87.5,8.95,6.95,8.4,3.0,1139.0,0.46045461425781253,True,CALL,2026-02-20,EBAY
EBAY260220C00089000,89.0,4.45,5.95,7.2,,1.0,0.44116769775390624,True,CALL,2026-02-20,EBAY
EBAY260220C00090000,90.0,6.19,5.5,6.7,1.0,325.0,0.459966337890625,True,CALL,2026-02-20,EBAY
EBAY260220C00092000,92.0,3.47,4.2,6.25,5.0,66.0,0.5415084912109377,True,CALL,2026-02-20,EBAY
EBAY260220C00092500,92.5,4.53,3.85,4.5,40.0,661.0,0.3803772900390625,True,CALL,2026-02-20,EBAY
EBAY260220C00093000,93.0,3.52,3.7,4.4,2.0,16.0,0.3991759301757813,True,CALL,2026-02-20,EBAY
EBAY260220C00094000,94.0,3.1,3.05,3.7,10.0,46.0,0.37915659912109373,True,CALL,2026-02-20,EBAY
EBAY260220C00095000,95.0,2.79,2.53,3.2,7.0,895.0,0.375982802734375,False,CALL,2026-02-20,EBAY
EBAY260220C00096000,96.0,3.24,2.04,2.74,2.0,391.0,0.3723207299804688,False,CALL,2026-02-20,EBAY
EBAY260220C00097000,97.0,1.8,1.61,2.36,2.0,1.0,0.3726869372558594,False,CALL,2026-02-20,EBAY
EBAY260220C00097500,97.5,2.72,1.21,2.72,1.0,329.0,0.4318904467773438,False,CALL,2026-02-20,EBAY
EBAY260220C00098000,98.0,1.2,1.26,3.1,1.0,12.0,0.4929249926757813,False,CALL,2026-02-20,EBAY
EBAY260220C00099000,99.0,1.37,0.91,2.71,6.0,98.0,0.4870656762695313,False,CALL,2026-02-20,EBAY
EBAY260220C00100000,100.0,1.5,0.73,1.63,30.0,1287.0,0.39502558105468755,False,CALL,2026-02-20,EBAY
EBAY260220C00101000,101.0,0.72,0.52,2.09,107.0,107.0,0.48291532714843755,False,CALL,2026-02-20,EBAY
EBAY260220C00102000,102.0,1.0,0.42,1.77,1.0,7.0,0.47412635253906255,False,CALL,2026-02-20,EBAY
EBAY260220C00103000,103.0,0.49,0.26,2.0,2.0,12.0,0.5329636547851562,False,CALL,2026-02-20,EBAY
EBAY260220C00105000,105.0,0.21,0.04,0.48,2.0,467.0,0.3540103662109374,False,CALL,2026-02-20,EBAY
EBAY260220C00106000,106.0,0.38,0.0,1.35,,1.0,0.5261277856445312,False,CALL,2026-02-20,EBAY
EBAY260220C00110000,110.0,0.68,0.0,0.76,2.0,20.0,0.5180712255859375,False,CALL,2026-02-20,EBAY
EBAY260220C00115000,115.0,0.17,0.0,0.3,15.0,119.0,0.495122236328125,False,CALL,2026-02-20,EBAY
EBAY260220C00120000,120.0,0.11,0.0,0.2,15.0,22.0,0.53320779296875,False,CALL,2026-02-20,EBAY
EBAY260220P00070000,70.0,0.03,0.0,0.05,1.0,87.0,0.53320779296875,False,PUT,2026-02-20,EBAY
EBAY260220P00072500,72.5,0.13,0.0,0.18,2.0,119.0,0.5214891601562499,False,PUT,2026-02-20,EBAY
EBAY260220P00075000,75.0,0.1,0.0,0.23,3.0,100.0,0.5468795312500001,False,PUT,2026-02-20,EBAY
EBAY260220P00077500,77.5,0.02,0.0,0.34,1.0,81.0,0.524418818359375,False,PUT,2026-02-20,EBAY
EBAY260220P00080000,80.0,0.44,0.0,0.51,3.0,67.0,0.5053760400390624,False,PUT,2026-02-20,EBAY
EBAY260220P00082500,82.5,0.01,0.0,0.75,5.0,469.0,0.4858449853515625,False,PUT,2026-02-20,EBAY
EBAY260220P00083000,83.0,0.67,0.0,0.95,,3.0,0.5090381127929688,False,PUT,2026-02-20,EBAY
EBAY260220P00085000,85.0,0.35,0.12,0.7,12.0,140.0,0.398443515625,False,PUT,2026-02-20,EBAY
EBAY260220P00086000,86.0,1.01,0.0,0.75,,2.0,0.3764710791015625,False,PUT,2026-02-20,EBAY
EBAY260220P00087500,87.5,0.39,0.43,0.8,8.0,308.0,0.33667655517578127,False,PUT,2026-02-20,EBAY
EBAY260220P00088000,88.0,0.69,0.42,0.83,2.0,953.0,0.3249579223632812,False,PUT,2026-02-20,EBAY
EBAY260220P00090000,90.0,1.18,0.87,1.22,14.0,192.0,0.30982135498046875,False,PUT,2026-02-20,EBAY
EBAY260220P00091000,91.0,3.05,1.12,1.55,,21.0,0.31153032226562494,False,PUT,2026-02-20,EBAY
EBAY260220P00092000,92.0,1.3,1.39,2.06,1.0,52.0,0.3276434423828125,False,PUT,2026-02-20,EBAY
EBAY260220P00092500,92.5,1.56,1.51,2.1,5.0,57.0,0.30933307861328124,False,PUT,2026-02-20,EBAY
EBAY260220P00093000,93.0,1.96,1.68,2.43,1.0,120.0,0.3215399877929687,False,PUT,2026-02-20,EBAY
EBAY260220P00094000,94.0,2.57,2.12,2.66,237.0,12.0,0.2954172021484375,False,PUT,2026-02-20,EBAY
EBAY260220P00095000,95.0,3.2,2.58,3.15,1.0,152.0,0.2912668530273437,True,PUT,2026-02-20,EBAY
EBAY260220P00097500,97.5,4.2,3.95,5.0,1.0,6.0,0.32398136962890617,True,PUT,2026-02-20,EBAY
EBAY260220P00110000,110.0,14.85,13.85,16.95,2.0,2.0,0.5979044116210939,True,PUT,2026-02-20,EBAY
EBAY260227C00085000,85.0,11.77,9.5,12.45,5.0,11.0,0.6704134521484376,True,CALL,2026-02-27,EBAY
EBAY260227C00087000,87.0,9.75,7.85,11.75,,20.0,0.5236864038085938,True,CALL,2026-02-27,EBAY
EBAY260227C00088000,88.0,8.97,7.05,11.1,2.0,6.0,0.5170946728515625,True,CALL,2026-02-27,EBAY
EBAY260227C00090000,90.0,8.05,5.55,9.75,2.0,3.0,0.7066679724121094,True,CALL,2026-02-27,EBAY
EBAY260227C00091000,91.0,7.23,6.0,9.15,1.0,4.0,0.5485884985351563,True,CALL,2026-02-27,EBAY
EBAY260227C00092000,92.0,6.3,6.15,8.4,1.0,9.0,0.5717816259765626,True,CALL,2026-02-27,EBAY
EBAY260227C00093000,93.0,4.58,5.35,7.85,1.0,39.0,0.5566450585937501,True,CALL,2026-02-27,EBAY
EBAY260227C00094000,94.0,5.65,4.95,6.25,1.0,51.0,0.5089160437011719,True,CALL,2026-02-27,EBAY
EBAY260227C00095000,95.0,4.85,4.4,6.8,10.0,24.0,0.5520064331054688,False,CALL,2026-02-27,EBAY
EBAY260227C00096000,96.0,4.09,4.05,4.9,8.0,9.0,0.5273484765625001,False,CALL,2026-02-27,EBAY
EBAY260227C00097000,97.0,2.49,1.95,4.8,4.0,4.0,0.5561567822265626,False,CALL,2026-02-27,EBAY
EBAY260227C00098000,98.0,4.17,2.91,4.95,2.0,1.0,0.5105029418945313,False,CALL,2026-02-27,EBAY
EBAY260227C00100000,100.0,3.59,2.23,4.8,1.0,13.0,0.5366257275390626,False,CALL,2026-02-27,EBAY
EBAY260227C00101000,101.0,2.0,2.17,3.0,,265.0,0.5161181201171875,False,CALL,2026-02-27,EBAY
EBAY260227C00102000,102.0,2.25,1.87,2.61,3.0,8.0,0.5051319018554687,False,CALL,2026-02-27,EBAY
EBAY260227C00103000,103.0,1.32,1.41,2.71,,11.0,0.5429733203125001,False,CALL,2026-02-27,EBAY
EBAY260227C00105000,105.0,2.0,0.27,3.5,2.0,3.0,0.5034229345703125,False,CALL,2026-02-27,EBAY
EBAY260227C00106000,106.0,0.95,0.0,2.23,6.0,13.0,0.5671430004882813,False,CALL,2026-02-27,EBAY
EBAY260227C00115000,115.0,0.25,0.0,2.4,1.0,7.0,0.6171913281250001,False,CALL,2026-02-27,EBAY
EBAY260227P00078000,78.0,0.45,0.0,2.41,,1.0,0.6355016918945313,False,PUT,2026-02-27,EBAY
EBAY260227P00080000,80.0,0.62,0.0,2.53,,1.0,0.5852092260742188,False,PUT,2026-02-27,EBAY
EBAY260227P00081000,81.0,0.7,0.11,2.6,,5.0,0.5690961059570312,False,PUT,2026-02-27,EBAY
EBAY260227P00082000,82.0,0.95,0.0,2.69,,5.0,0.5368698657226563,False,PUT,2026-02-27,EBAY
EBAY260227P00084000,84.0,1.03,0.0,3.1,,2.0,0.5039112109375,False,PUT,2026-02-27,EBAY
EBAY260227P00085000,85.0,1.3,0.28,3.25,1.0,3.0,0.6760286303710938,False,PUT,2026-02-27,EBAY
EBAY260227P00087000,87.0,1.33,0.53,3.65,2.0,1.0,0.6435582519531251,False,PUT,2026-02-27,EBAY
EBAY260227P00088000,88.0,1.52,1.48,2.31,4.0,3.0,0.4611870288085938,False,PUT,2026-02-27,EBAY
EBAY260227P00090000,90.0,2.18,1.61,4.7,4.0,4.0,0.6281775463867189,False,PUT,2026-02-27,EBAY
EBAY260227P00093000,93.0,4.12,3.35,4.3,,1.0,0.4580132324218751,False,PUT,2026-02-27,EBAY
EBAY260227P00095000,95.0,5.2,4.5,5.35,1.0,3.0,0.4592339233398438,True,PUT,2026-02-27,EBAY
EBAY260227P00097000,97.0,8.22,3.9,6.9,1.0,1.0,0.49561051269531253,True,PUT,2026-02-27,EBAY
EBAY260306C00087000,87.0,9.2,8.25,11.25,,1.0,0.6127968408203126,True,CALL,2026-03-06,EBAY
EBAY260306C00093000,93.0,4.95,5.85,7.1,2.0,2.0,0.5434615966796876,True,CALL,2026-03-06,EBAY
EBAY260306P00081000,81.0,0.74,0.68,1.63,2.0,2.0,0.5495650512695314,False,PUT,2026-03-06,EBAY
EBAY260306P00082000,82.0,0.84,0.62,2.05,2.0,4.0,0.5727581787109376,False,PUT,2026-03-06,EBAY
EBAY260306P00083000,83.0,0.94,0.32,1.87,1.0,1.0,0.5214891601562499,False,PUT,2026-03-06,EBAY
EBAY260306P00084000,84.0,1.09,0.91,1.95,16.0,18.0,0.5009815527343751,False,PUT,2026-03-06,EBAY
EBAY260306P00085000,85.0,1.37,1.38,2.04,3.0,6.0,0.4809622216796875,False,PUT,2026-03-06,EBAY
EBAY260306P00086000,86.0,1.68,0.82,2.2,1.0,2.0,0.46753462158203124,False,PUT,2026-03-06,EBAY
EBAY260306P00087000,87.0,2.03,1.79,2.42,,2.0,0.4585015087890626,False,PUT,2026-03-06,EBAY
EBAY260306P00089000,89.0,2.69,1.13,3.15,,1.0,0.4621635815429688,False,PUT,2026-03-06,EBAY
EBAY260306P00090000,90.0,3.17,2.72,3.3,,5.0,0.44043528320312497,False,PUT,2026-03-06,EBAY
EBAY260306P00092000,92.0,3.7,3.45,4.0,18.0,19.0,0.4270076831054688,False,PUT,2026-03-06,EBAY
EBAY260320C00067500,67.5,17.85,26.65,29.25,10.0,117.0,0.7377955908203124,True,CALL,2026-03-20,EBAY
EBAY260320C00070000,70.0,25.5,24.45,26.0,2.0,102.0,0.6367223828125,True,CALL,2026-03-20,EBAY
EBAY260320C00072500,72.5,17.53,21.8,24.4,7.0,211.0,0.6384313500976562,True,CALL,2026-03-20,EBAY
EBAY260320C00075000,75.0,16.64,19.4,22.1,3.0,685.0,0.5986368261718751,True,CALL,2026-03-20,EBAY
EBAY260320C00077500,77.5,16.32,17.05,19.8,3.0,123.0,0.5593305786132813,True,CALL,2026-03-20,EBAY
EBAY260320C00080000,80.0,15.9,15.0,16.85,1.0,1684.0,0.5969278588867188,True,CALL,2026-03-20,EBAY
EBAY260320C00082500,82.5,13.27,12.7,14.4,3.0,396.0,0.5339402075195312,True,CALL,2026-03-20,EBAY
EBAY260320C00085000,85.0,11.55,11.55,12.25,7.0,594.0,0.49658706542968756,True,CALL,2026-03-20,EBAY
EBAY260320C00087500,87.5,9.9,9.85,10.5,21.0,206.0,0.4865773999023438,True,CALL,2026-03-20,EBAY
EBAY260320C00090000,90.0,8.38,8.2,8.7,10.0,1226.0,0.46289599609375004,True,CALL,2026-03-20,EBAY
EBAY260320C00092500,92.5,6.9,6.75,7.25,6.0,392.0,0.4555718505859375,True,CALL,2026-03-20,EBAY
EBAY260320C00095000,95.0,5.65,5.4,5.75,91.0,2198.0,0.43396562133789063,False,CALL,2026-03-20,EBAY
EBAY260320C00097500,97.5,4.4,4.3,4.75,10.0,960.0,0.4370173486328125,False,CALL,2026-03-20,EBAY
EBAY260320C00100000,100.0,3.4,3.4,3.75,33.0,3996.0,0.42896078857421877,False,CALL,2026-03-20,EBAY
EBAY260320C00105000,105.0,2.47,1.93,2.34,60.0,638.0,0.42566492309570314,False,CALL,2026-03-20,EBAY
EBAY260320C00110000,110.0,1.1,1.1,1.46,18.0,290.0,0.42957113403320313,False,CALL,2026-03-20,EBAY
EBAY260320C00115000,115.0,0.64,0.55,0.81,45.0,4181.0,0.42212491943359376,False,CALL,2026-03-20,EBAY
EBAY260320C00120000,120.0,0.34,0.22,0.55,41.0,351.0,0.4401911450195312,False,CALL,2026-03-20,EBAY
EBAY260320P00067500,67.5,0.93,0.01,0.75,4.0,1095.0,0.5566450585937501,False,PUT,2026-03-20,EBAY
EBAY260320P00070000,70.0,0.22,0.15,0.75,6.0,402.0,0.52539537109375,False,PUT,2026-03-20,EBAY
EBAY260320P00072500,72.5,0.35,0.11,0.41,2.0,231.0,0.46484910156250003,False,PUT,2026-03-20,EBAY
EBAY260320P00075000,75.0,0.46,0.37,0.75,6.0,343.0,0.48438015625,False,PUT,2026-03-20,EBAY
EBAY260320P00077500,77.5,0.56,0.44,0.92,5.0,216.0,0.4580132324218751,False,PUT,2026-03-20,EBAY
EBAY260320P00080000,80.0,0.75,0.85,1.22,5.0,1363.0,0.44312080322265623,False,PUT,2026-03-20,EBAY
EBAY260320P00082500,82.5,1.34,1.24,1.69,1.0,639.0,0.43774976318359377,False,PUT,2026-03-20,EBAY
EBAY260320P00085000,85.0,1.95,1.77,2.19,25.0,572.0,0.42358974853515624,False,PUT,2026-03-20,EBAY
EBAY260320P00087500,87.5,2.63,2.45,2.8,2.0,400.0,0.40881938842773435,False,PUT,2026-03-20,EBAY
EBAY260320P00090000,90.0,3.2,3.25,3.6,2.0,823.0,0.39819937744140627,False,PUT,2026-03-20,EBAY
EBAY260320P00092500,92.5,4.4,4.25,4.7,6.0,5439.0,0.3975890319824219,False,PUT,2026-03-20,EBAY
EBAY260320P00095000,95.0,5.2,5.45,5.95,18.0,129.0,0.39490351196289064,True,PUT,2026-03-20,EBAY
EBAY260320P00097500,97.5,6.6,6.7,7.35,1.0,149.0,0.39038695556640624,True,PUT,2026-03-20,EBAY
EBAY260320P00100000,100.0,8.15,8.4,8.85,16.0,138.0,0.38049935913085936,True,PUT,2026-03-20,EBAY
EBAY260320P00105000,105.0,14.65,11.8,12.85,11.0,36.0,0.40515731567382807,True,PUT,2026-03-20,EBAY
EBAY260320P00110000,110.0,25.45,25.5,29.0,24.0,74.0,1.2149697454833983,True,PUT,2026-03-20,EBAY
EBAY260320P00115000,115.0,18.05,30.05,34.0,1.0,0.0,1.2960240277099608,True,PUT,2026-03-20,EBAY
EBAY260320P00120000,120.0,27.2,23.95,26.55,2.0,0.0,0.4826711889648438,True,PUT,2026-03-20,EBAY
EBAY260417C00070000,70.0,26.45,24.25,26.95,1.0,7.0,0.5625043750000001,True,CALL,2026-04-17,EBAY
EBAY260417C00072500,72.5,13.1,0.0,0.0,1.0,1.0,1.0000000000000003e-05,True,CALL,2026-04-17,EBAY
EBAY260417C00075000,75.0,20.25,19.8,22.35,5.0,17.0,0.5148974291992188,True,CALL,2026-04-17,EBAY
EBAY260417C00077500,77.5,19.22,17.35,20.1,101.0,101.0,0.5971719970703125,True,CALL,2026-04-17,EBAY
EBAY260417C00080000,80.0,13.35,15.35,16.85,2.0,122.0,0.47949739257812496,True,CALL,2026-04-17,EBAY
EBAY260417C00082500,82.5,14.41,13.1,14.8,12.0,124.0,0.4591118542480469,True,CALL,2026-04-17,EBAY
EBAY260417C00085000,85.0,12.45,12.2,14.05,2.0,235.0,0.5216112292480468,True,CALL,2026-04-17,EBAY
EBAY260417C00087500,87.5,11.05,10.45,10.9,4.0,123.0,0.41663181030273433,True,CALL,2026-04-17,EBAY
EBAY260417C00090000,90.0,10.15,8.9,10.4,2.0,345.0,0.47461462890625,True,CALL,2026-04-17,EBAY
EBAY260417C00092500,92.5,7.45,7.5,8.05,1.0,285.0,0.41260353027343744,True,CALL,2026-04-17,EBAY
EBAY260417C00095000,95.0,6.75,6.15,7.95,3.0,174.0,0.47461462890625,False,CALL,2026-04-17,EBAY
EBAY260417C00097500,97.5,5.05,5.15,5.55,18.0,365.0,0.3971007556152344,False,CALL,2026-04-17,EBAY
EBAY260417C00100000,100.0,4.35,4.05,5.3,9.0,791.0,0.43579665771484377,False,CALL,2026-04-17,EBAY
EBAY260417C00105000,105.0,2.85,2.53,3.7,1.0,158.0,0.43079182495117196,False,CALL,2026-04-17,EBAY
EBAY260417C00110000,110.0,2.0,1.59,1.88,4.0,63.0,0.37915659912109373,False,CALL,2026-04-17,EBAY
EBAY260417C00115000,115.0,1.2,0.78,1.22,1.0,93.0,0.3820862573242187,False,CALL,2026-04-17,EBAY
EBAY260417C00120000,120.0,0.77,0.4,0.65,7.0,51.0,0.3679262426757813,False,CALL,2026-04-17,EBAY
EBAY260417P00070000,70.0,0.34,0.12,0.49,6.0,121.0,0.43018147949218755,False,PUT,2026-04-17,EBAY
EBAY260417P00072500,72.5,0.68,0.04,0.63,1.0,46.0,0.41358008300781246,False,PUT,2026-04-17,EBAY
EBAY260417P00075000,75.0,0.65,0.52,0.83,1.0,339.0,0.40039662109375,False,PUT,2026-04-17,EBAY
EBAY260417P00077500,77.5,1.02,0.84,1.06,60.0,110.0,0.3845276391601562,False,PUT,2026-04-17,EBAY
EBAY260417P00080000,80.0,1.25,1.03,1.42,1.0,211.0,0.375982802734375,False,PUT,2026-04-17,EBAY
EBAY260417P00082500,82.5,1.63,1.65,1.81,4.0,420.0,0.3619448571777344,False,PUT,2026-04-17,EBAY
EBAY260417P00085000,85.0,2.37,2.26,2.41,1.0,343.0,0.3566958862304687,False,PUT,2026-04-17,EBAY
EBAY260417P00087500,87.5,2.8,2.93,3.2,14.0,281.0,0.35510898803710933,False,PUT,2026-04-17,EBAY
EBAY260417P00090000,90.0,3.75,3.8,4.1,11.0,237.0,0.3505924316406249,False,PUT,2026-04-17,EBAY
EBAY260417P00092500,92.5,4.7,4.85,5.2,12.0,189.0,0.348639326171875,False,PUT,2026-04-17,EBAY
EBAY260417P00095000,95.0,6.4,6.1,6.75,1.0,17.0,0.36304347900390627,True,PUT,2026-04-17,EBAY
EBAY260417P00097500,97.5,7.85,7.35,8.2,17.0,60.0,0.3626772717285156,True,PUT,2026-04-17,EBAY
EBAY260417P00100000,100.0,9.5,8.75,9.75,18.0,54.0,0.35962554443359374,True,PUT,2026-04-17,EBAY
EBAY260417P00105000,105.0,12.3,12.15,13.25,2.0,59.0,0.3530338134765625,True,PUT,2026-04-17,EBAY
EBAY260417P00110000,110.0,14.75,25.8,28.25,15.0,19.0,0.9632572033691407,True,PUT,2026-04-17,EBAY
EBAY260417P00120000,120.0,29.8,34.35,38.1,2.0,1.0,1.065800569458008,True,PUT,2026-04-17,EBAY
EBAY260618C00067500,67.5,22.52,0.0,0.0,1.0,16.0,1.0000000000000003e-05,True,CALL,2026-06-18,EBAY
EBAY260618C00070000,70.0,25.16,24.65,27.95,6.0,59.0,0.6054726953125001,True,CALL,2026-06-18,EBAY
EBAY260618C00072500,72.5,23.05,14.65,18.1,2.0,86.0,1.0000000000000003e-05,True,CALL,2026-06-18,EBAY
EBAY260618C00075000,75.0,22.05,21.0,23.5,2.0,47.0,0.5471236694335939,True,CALL,2026-06-18,EBAY
EBAY260618C00077500,77.5,19.75,18.9,21.5,2.0,85.0,0.5293015820312501,True,CALL,2026-06-18,EBAY
EBAY260618C00080000,80.0,17.95,17.05,19.1,6.0,165.0,0.48743188354492195,True,CALL,2026-06-18,EBAY
EBAY260618C00082500,82.5,16.05,15.55,16.6,2.0,101.0,0.4401911450195312,True,CALL,2026-06-18,EBAY
EBAY260618C00085000,85.0,14.75,14.2,16.3,1.0,577.0,0.5002491381835938,True,CALL,2026-06-18,EBAY
EBAY260618C00087500,87.5,11.6,12.3,13.35,24.0,168.0,0.42737389038085943,True,CALL,2026-06-18,EBAY
EBAY260618C00090000,90.0,11.1,11.25,11.8,4.0,259.0,0.41809663940429687,True,CALL,2026-06-18,EBAY
EBAY260618C00092500,92.5,9.95,9.75,10.45,3.0,38.0,0.413519048461914,True,CALL,2026-06-18,EBAY
EBAY260618C00095000,95.0,9.13,8.6,9.25,67.0,598.0,0.41107766662597656,False,CALL,2026-06-18,EBAY
EBAY260618C00097500,97.5,7.45,7.45,8.05,40.0,65.0,0.40430283203125,False,CALL,2026-06-18,EBAY
EBAY260618C00100000,100.0,6.55,6.55,7.0,1.0,429.0,0.39978627563476565,False,CALL,2026-06-18,EBAY
EBAY260618C00105000,105.0,5.32,4.85,5.2,4.0,220.0,0.3913635083007812,False,CALL,2026-06-18,EBAY
EBAY260618C00110000,110.0,3.35,3.4,3.85,4.0,431.0,0.38757936645507807,False,CALL,2026-06-18,EBAY
EBAY260618C00115000,115.0,1.95,2.34,2.8,5.0,301.0,0.3839172937011719,False,CALL,2026-06-18,EBAY
EBAY260618C00120000,120.0,1.82,1.64,1.93,1.0,22.0,0.37573866455078125,False,CALL,2026-06-18,EBAY
EBAY260618P00067500,67.5,1.19,0.25,0.95,1.0,1060.0,0.4157773266601562,False,PUT,2026-06-18,EBAY
EBAY260618P00070000,70.0,1.0,0.49,1.17,1.0,1721.0,0.4035704174804688,False,PUT,2026-06-18,EBAY
EBAY260618P00072500,72.5,2.29,1.18,1.45,1.0,803.0,0.3929504064941406,False,PUT,2026-06-18,EBAY
EBAY260618P00075000,75.0,1.82,1.16,1.8,4.0,190.0,0.3836731555175781,False,PUT,2026-06-18,EBAY
EBAY260618P00077500,77.5,1.94,1.86,2.36,1.0,77.0,0.3842835009765625,False,PUT,2026-06-18,EBAY
EBAY260618P00080000,80.0,2.56,2.49,2.94,18.0,295.0,0.3795228063964844,False,PUT,2026-06-18,EBAY
EBAY260618P00082500,82.5,3.4,2.95,3.5,1.0,380.0,0.36865865722656255,False,PUT,2026-06-18,EBAY
EBAY260618P00085000,85.0,4.4,3.85,4.25,8.0,184.0,0.36304347900390627,False,PUT,2026-06-18,EBAY
EBAY260618P00087500,87.5,5.05,4.7,5.25,8.0,142.0,0.36426416992187505,False,PUT,2026-06-18,EBAY
EBAY260618P00090000,90.0,6.25,5.7,6.1,7.0,84.0,0.35315588256835934,False,PUT,2026-06-18,EBAY
EBAY260618P00092500,92.5,7.05,6.95,7.4,1.0,119.0,0.3569400244140625,False,PUT,2026-06-18,EBAY
EBAY260618P00095000,95.0,8.2,8.0,8.7,3.0,192.0,0.3554141607666015,True,PUT,2026-06-18,EBAY
EBAY260618P00097500,97.5,9.6,9.5,9.95,4.0,37.0,0.34668622070312494,True,PUT,2026-06-18,EBAY
EBAY260618P00100000,100.0,11.7,10.85,11.5,2.0,98.0,0.3459538061523437,True,PUT,2026-06-18,EBAY
EBAY260618P00105000,105.0,14.45,14.1,14.85,11.0,32.0,0.3413151806640625,True,PUT,2026-06-18,EBAY
EBAY260618P00110000,110.0,16.4,27.05,28.9,2.0,2.0,0.7619652709960938,True,PUT,2026-06-18,EBAY
EBAY260618P00115000,115.0,19.6,31.65,33.55,2.0,2.0,0.8044453149414061,True,PUT,2026-06-18,EBAY
EBAY260618P00120000,120.0,23.21,29.15,30.0,2.0,1.0,0.5076953527832031,True,PUT,2026-06-18,EBAY
EBAY260717C00070000,70.0,17.99,25.45,28.3,11.0,11.0,0.5731243859863282,True,CALL,2026-07-17,EBAY
EBAY260717C00075000,75.0,23.1,21.35,24.0,22.0,30.0,0.5256395092773438,True,CALL,2026-07-17,EBAY
EBAY260717C00077500,77.5,20.9,19.25,22.0,,4.0,0.507817421875,True,CALL,2026-07-17,EBAY
EBAY260717C00080000,80.0,20.21,17.6,19.8,1.0,3.0,0.4782156671142578,True,CALL,2026-07-17,EBAY
EBAY260717C00082500,82.5,17.3,15.6,17.45,20.0,21.0,0.44067942138671873,True,CALL,2026-07-17,EBAY
EBAY260717C00085000,85.0,15.0,14.6,16.5,1.0,19.0,0.4643608251953125,True,CALL,2026-07-17,EBAY
EBAY260717C00087500,87.5,7.72,0.0,0.0,,1.0,1.0000000000000003e-05,True,CALL,2026-07-17,EBAY
EBAY260717C00090000,90.0,12.43,11.55,13.75,,1.0,0.4603935797119141,True,CALL,2026-07-17,EBAY
EBAY260717C00092500,92.5,10.81,10.35,11.6,1.0,4.0,0.42236905761718746,True,CALL,2026-07-17,EBAY
EBAY260717C00095000,95.0,10.07,8.75,11.05,,1.0,0.4449518395996094,False,CALL,2026-07-17,EBAY
EBAY260717C00097500,97.5,7.88,7.85,9.8,,2.0,0.4364070031738281,False,CALL,2026-07-17,EBAY
EBAY260717C00100000,100.0,6.5,6.75,8.55,,1.0,0.42474940490722657,False,CALL,2026-07-17,EBAY
EBAY260717C00105000,105.0,5.39,4.95,5.9,1.0,3.0,0.38495488098144526,False,CALL,2026-07-17,EBAY
EBAY260717C00110000,110.0,3.5,3.75,5.15,1.0,58.0,0.4094297338867187,False,CALL,2026-07-17,EBAY
EBAY260717C00115000,115.0,2.71,2.78,3.1,21.0,33.0,0.3645083081054688,False,CALL,2026-07-17,EBAY
EBAY260717C00120000,120.0,1.92,1.75,2.33,50.0,55.0,0.36511865356445317,False,CALL,2026-07-17,EBAY
EBAY260717P00070000,70.0,1.59,0.61,1.39,10.0,14.0,0.38709109008789055,False,PUT,2026-07-17,EBAY
EBAY260717P00077500,77.5,2.26,2.24,2.52,9.0,64.0,0.35950347534179683,False,PUT,2026-07-17,EBAY
EBAY260717P00080000,80.0,2.87,2.6,3.15,18.0,44.0,0.3569400244140625,False,PUT,2026-07-17,EBAY
EBAY260717P00082500,82.5,3.45,3.35,3.85,3.0,52.0,0.35297277893066403,False,PUT,2026-07-17,EBAY
EBAY260717P00085000,85.0,9.4,0.0,0.0,1.0,17.0,0.0312596875,False,PUT,2026-07-17,EBAY
EBAY260717P00087500,87.5,5.6,5.0,5.65,3.0,202.0,0.34894449890136714,False,PUT,2026-07-17,EBAY
EBAY260717P00090000,90.0,9.43,5.8,7.3,10.0,14.0,0.3707338317871094,False,PUT,2026-07-17,EBAY
EBAY260717P00092500,92.5,8.85,7.05,8.3,,2.0,0.36084623535156246,False,PUT,2026-07-17,EBAY
EBAY260717P00097500,97.5,11.9,8.15,10.55,,2.0,0.3391789715576171,True,PUT,2026-07-17,EBAY
EBAY260717P00100000,100.0,13.6,11.05,12.35,,3.0,0.34857829162597653,True,PUT,2026-07-17,EBAY
EBAY260918C00067500,67.5,24.0,0.0,0.0,10.0,4.0,1.0000000000000003e-05,True,CALL,2026-09-18,EBAY
EBAY260918C00070000,70.0,25.0,26.3,29.3,1.0,4.0,0.5407760766601564,True,CALL,2026-09-18,EBAY
EBAY260918C00072500,72.5,25.12,16.5,19.05,2.0,4.0,1.0000000000000003e-05,True,CALL,2026-09-18,EBAY
EBAY260918C00075000,75.0,24.15,22.5,25.15,1.0,27.0,0.5013477600097658,True,CALL,2026-09-18,EBAY
EBAY260918C00077500,77.5,22.3,20.55,23.4,3.0,7.0,0.49384051086425784,True,CALL,2026-09-18,EBAY
EBAY260918C00080000,80.0,20.01,18.25,21.5,1.0,23.0,0.4779104943847656,True,CALL,2026-09-18,EBAY
EBAY260918C00082500,82.5,22.7,10.15,12.55,2.0,26.0,0.15564809204101562,True,CALL,2026-09-18,EBAY
EBAY260918C00085000,85.0,15.8,16.1,17.45,1.0,84.0,0.43207355041503903,True,CALL,2026-09-18,EBAY
EBAY260918C00087500,87.5,14.35,14.65,16.5,2.0,273.0,0.44586735778808595,True,CALL,2026-09-18,EBAY
EBAY260918C00090000,90.0,12.2,13.25,15.1,1.0,253.0,0.44031321411132807,True,CALL,2026-09-18,EBAY
EBAY260918C00092500,92.5,12.48,11.9,14.1,1.0,4.0,0.44598942687988286,True,CALL,2026-09-18,EBAY
EBAY260918C00095000,95.0,10.95,10.7,12.55,105.0,52.0,0.4304256176757813,False,CALL,2026-09-18,EBAY
EBAY260918C00097500,97.5,8.2,9.55,11.35,2.0,24.0,0.4244442321777344,False,CALL,2026-09-18,EBAY
EBAY260918C00100000,100.0,8.9,8.4,10.3,1.0,53.0,0.4210873321533204,False,CALL,2026-09-18,EBAY
EBAY260918C00105000,105.0,4.47,6.75,7.7,2.0,139.0,0.39038695556640624,False,CALL,2026-09-18,EBAY
EBAY260918C00110000,110.0,5.3,5.3,6.45,542.0,321.0,0.396063168334961,False,CALL,2026-09-18,EBAY
EBAY260918C00115000,115.0,3.9,4.15,5.8,36.0,45.0,0.41571629211425776,False,CALL,2026-09-18,EBAY
EBAY260918C00120000,120.0,3.47,3.2,3.6,10.0,141.0,0.36817038085937503,False,CALL,2026-09-18,EBAY
EBAY260918P00067500,67.5,1.75,0.9,1.74,14.0,190.0,0.3864807446289062,False,PUT,2026-09-18,EBAY
EBAY260918P00070000,70.0,2.09,1.73,2.09,1.0,13.0,0.3781800463867187,False,PUT,2026-09-18,EBAY
EBAY260918P00072500,72.5,2.5,1.6,2.66,1.0,731.0,0.3794007373046875,False,PUT,2026-09-18,EBAY
EBAY260918P00075000,75.0,3.46,2.54,3.2,1.0,365.0,0.374456939086914,False,PUT,2026-09-18,EBAY
EBAY260918P00077500,77.5,3.75,3.15,3.8,130.0,424.0,0.36890279541015625,False,PUT,2026-09-18,EBAY
EBAY260918P00080000,80.0,4.1,3.75,4.45,1.0,620.0,0.362311064453125,False,PUT,2026-09-18,EBAY
EBAY260918P00082500,82.5,5.0,4.55,5.85,542.0,421.0,0.3825745336914062,False,PUT,2026-09-18,EBAY
EBAY260918P00085000,85.0,7.4,5.3,6.2,1.0,91.0,0.3573062316894531,False,PUT,2026-09-18,EBAY
EBAY260918P00087500,87.5,11.25,6.2,7.45,1.0,172.0,0.3633486517333985,False,PUT,2026-09-18,EBAY
EBAY260918P00090000,90.0,13.65,0.0,0.0,3.0,220.0,0.015634843750000002,False,PUT,2026-09-18,EBAY
EBAY260918P00092500,92.5,10.6,8.45,9.25,1.0,126.0,0.34052173156738286,False,PUT,2026-09-18,EBAY
EBAY260918P00095000,95.0,9.8,9.6,10.6,1.0,37.0,0.34003345520019534,True,PUT,2026-09-18,EBAY
EBAY260918P00097500,97.5,14.91,16.3,20.6,2.0,25.0,0.5535933312988282,True,PUT,2026-09-18,EBAY
EBAY260918P00100000,100.0,21.4,0.0,0.0,1.0,32.0,1.0000000000000003e-05,True,PUT,2026-09-18,EBAY
EBAY260918P00105000,105.0,19.98,21.95,26.15,2.0,5.0,0.5780071496582031,True,PUT,2026-09-18,EBAY
EBAY260918P00110000,110.0,23.67,26.05,30.2,2.0,3.0,0.597782342529297,True,PUT,2026-09-18,EBAY
EBAY260918P00115000,115.0,21.95,30.85,34.9,6.0,7.0,0.6351354846191408,True,PUT,2026-09-18,EBAY
EBAY260918P00120000,120.0,28.18,30.1,30.75,2.0,5.0,0.4244442321777344,True,PUT,2026-09-18,EBAY
EBAY261218C00070000,70.0,20.41,27.7,30.5,6.0,6.0,0.5085498364257812,True,CALL,2026-12-18,EBAY
EBAY261218C00075000,75.0,17.55,22.7,27.0,1.0,1.0,0.49408464904785165,True,CALL,2026-12-18,EBAY
EBAY261218C00080000,80.0,19.0,19.35,23.5,5.0,12.0,0.4730277307128906,True,CALL,2026-12-18,EBAY
EBAY261218C00082500,82.5,13.75,19.6,21.55,4.0,5.0,0.4539239178466796,True,CALL,2026-12-18,EBAY
EBAY261218C00085000,85.0,13.95,17.4,20.5,2.0,14.0,0.46210254699707043,True,CALL,2026-12-18,EBAY
EBAY261218C00087500,87.5,15.99,16.5,18.7,1.0,16.0,0.4449518395996094,True,CALL,2026-12-18,EBAY
EBAY261218C00090000,90.0,15.65,14.4,17.5,2.0,207.0,0.4445245977783203,True,CALL,2026-12-18,EBAY
EBAY261218C00092500,92.5,14.0,13.15,16.2,10.0,40.0,0.43921459228515625,True,CALL,2026-12-18,EBAY
EBAY261218C00095000,95.0,11.81,12.8,15.0,2.0,6.0,0.435125277709961,False,CALL,2026-12-18,EBAY
EBAY261218C00100000,100.0,9.47,10.55,12.9,1.0,12.0,0.4304866522216797,False,CALL,2026-12-18,EBAY
EBAY261218C00105000,105.0,9.64,8.6,9.9,5.0,52.0,0.39380489013671877,False,CALL,2026-12-18,EBAY
EBAY261218C00110000,110.0,6.5,7.0,8.4,6.0,8.0,0.3930724755859375,False,CALL,2026-12-18,EBAY
EBAY261218C00115000,115.0,5.15,5.85,7.95,,2.0,0.41748629394531245,False,CALL,2026-12-18,EBAY
EBAY261218C00120000,120.0,5.22,4.7,5.8,5.0,211.0,0.38544315734863277,False,CALL,2026-12-18,EBAY
EBAY261218P00070000,70.0,4.42,1.65,4.05,1.0,2.0,0.41535008483886715,False,PUT,2026-12-18,EBAY
EBAY261218P00075000,75.0,5.78,3.7,4.6,1.0,3.0,0.37500625,False,PUT,2026-12-18,EBAY
EBAY261218P00077500,77.5,8.5,4.05,5.35,1.0,0.0,0.3717103845214844,False,PUT,2026-12-18,EBAY
EBAY261218P00080000,80.0,7.8,5.1,6.55,4.0,76.0,0.3814148773193359,False,PUT,2026-12-18,EBAY
EBAY261218P00082500,82.5,6.2,5.75,6.85,1.0,64.0,0.35773347351074214,False,PUT,2026-12-18,EBAY
EBAY261218P00085000,85.0,7.05,6.8,7.5,3.0,41.0,0.34448897705078124,False,PUT,2026-12-18,EBAY
EBAY261218P00087500,87.5,9.55,7.7,8.9,2.0,3.0,0.35242346801757807,False,PUT,2026-12-18,EBAY
EBAY261218P00090000,90.0,10.0,8.45,10.1,13.0,14.0,0.3513858807373046,False,PUT,2026-12-18,EBAY
EBAY261218P00095000,95.0,11.32,9.5,12.15,4.0,5.0,0.33246517150878907,True,PUT,2026-12-18,EBAY
EBAY261218P00097500,97.5,12.75,12.55,13.95,3.0,3.0,0.3417424224853516,True,PUT,2026-12-18,EBAY
EBAY261218P00100000,100.0,14.0,12.95,15.9,4.0,5.0,0.3530643307495117,True,PUT,2026-12-18,EBAY
EBAY261218P00120000,120.0,39.8,0.0,0.0,,8.0,1.0000000000000003e-05,True,PUT,2026-12-18,EBAY
EBAY270115C00067500,67.5,33.0,29.5,33.0,1.0,49.0,0.5228319201660157,True,CALL,2027-01-15,EBAY
EBAY270115C00070000,70.0,26.17,27.5,31.0,1.0,129.0,0.5073291455078125,True,CALL,2027-01-15,EBAY
EBAY270115C00072500,72.5,25.66,25.25,29.0,1.0,107.0,0.4910939562988281,True,CALL,2027-01-15,EBAY
EBAY270115C00075000,75.0,23.15,23.0,27.0,10.0,315.0,0.47400428344726564,True,CALL,2027-01-15,EBAY
EBAY270115C00077500,77.5,23.25,22.0,25.5,42.0,106.0,0.4730277307128906,True,CALL,2027-01-15,EBAY
EBAY270115C00080000,80.0,22.11,20.35,23.5,3.0,174.0,0.45380184875488283,True,CALL,2027-01-15,EBAY
EBAY270115C00082500,82.5,17.5,19.95,22.0,1.0,472.0,0.44946839599609373,True,CALL,2027-01-15,EBAY
EBAY270115C00085000,85.0,18.75,17.85,20.5,1.0,170.0,0.44336494140625,True,CALL,2027-01-15,EBAY
EBAY270115C00087500,87.5,18.56,16.7,19.0,2.0,62.0,0.43567458862304687,True,CALL,2027-01-15,EBAY
EBAY270115C00090000,90.0,15.9,15.8,17.45,15.0,885.0,0.4250240603637696,True,CALL,2027-01-15,EBAY
EBAY270115C00092500,92.5,15.11,14.0,16.5,1.0,34.0,0.4297542376708985,True,CALL,2027-01-15,EBAY
EBAY270115C00095000,95.0,14.64,13.2,15.5,189.0,298.0,0.43124958404541025,False,CALL,2027-01-15,EBAY
EBAY270115C00097500,97.5,12.58,11.5,14.4,2.0,204.0,0.42828940856933595,False,CALL,2027-01-15,EBAY
EBAY270115C00100000,100.0,12.51,10.95,13.0,1.0,452.0,0.41571629211425776,False,CALL,2027-01-15,EBAY
EBAY270115C00105000,105.0,9.65,9.0,10.8,1.0,74.0,0.40228869201660156,False,CALL,2027-01-15,EBAY
EBAY270115C00110000,110.0,8.1,7.7,8.45,1.0,70.0,0.3784852191162109,False,CALL,2027-01-15,EBAY
EBAY270115C00115000,115.0,6.45,6.15,8.4,1.0,45.0,0.4132749102783203,False,CALL,2027-01-15,EBAY
EBAY270115C00120000,120.0,5.95,5.15,6.45,1.0,860.0,0.38934936828613287,False,CALL,2027-01-15,EBAY
EBAY270115P00067500,67.5,3.3,2.4,3.75,1.0,77.0,0.4158993957519531,False,PUT,2027-01-15,EBAY
EBAY270115P00070000,70.0,3.59,1.84,3.2,1.0,69.0,0.3610903735351562,False,PUT,2027-01-15,EBAY
EBAY270115P00072500,72.5,4.5,1.73,4.3,1.0,7.0,0.37842418457031246,False,PUT,2027-01-15,EBAY
EBAY270115P00075000,75.0,4.15,2.99,4.9,3.0,111.0,0.37116107360839845,False,PUT,2027-01-15,EBAY
EBAY270115P00077500,77.5,4.75,4.5,6.05,3.0,623.0,0.3812317736816406,False,PUT,2027-01-15,EBAY
EBAY270115P00080000,80.0,4.7,5.2,6.3,7.0,607.0,0.35767243896484374,False,PUT,2027-01-15,EBAY
EBAY270115P00082500,82.5,6.3,6.1,7.25,1.0,18.0,0.355902437133789,False,PUT,2027-01-15,EBAY
EBAY270115P00085000,85.0,6.82,7.0,8.0,1.0,58.0,0.34564863342285157,False,PUT,2027-01-15,EBAY
EBAY270115P00087500,87.5,8.2,8.0,9.45,1.0,445.0,0.35419346984863276,False,PUT,2027-01-15,EBAY
EBAY270115P00090000,90.0,9.3,8.75,9.85,1.0,104.0,0.33008482421874996,False,PUT,2027-01-15,EBAY
EBAY270115P00092500,92.5,10.55,10.2,11.5,10.0,100.0,0.33945362701416015,False,PUT,2027-01-15,EBAY
EBAY270115P00095000,95.0,11.5,9.85,12.65,1.0,77.0,0.33264827514648443,True,PUT,2027-01-15,EBAY
EBAY270115P00097500,97.5,19.48,19.55,21.65,2.0,5.0,0.5094653546142578,True,PUT,2027-01-15,EBAY
EBAY270115P00100000,100.0,17.25,12.6,15.5,6.0,19.0,0.3278875805664062,True,PUT,2027-01-15,EBAY
EBAY270115P00105000,105.0,17.1,25.0,27.15,7.0,7.0,0.5252122674560546,True,PUT,2027-01-15,EBAY
EBAY270115P00110000,110.0,19.65,26.95,31.5,2.0,5.0,0.5163012237548827,True,PUT,2027-01-15,EBAY
EBAY270115P00115000,115.0,25.7,24.2,25.4,2.0,8.0,0.3036568658447265,True,PUT,2027-01-15,EBAY
EBAY270115P00120000,120.0,35.85,0.0,0.0,2.0,8.0,1.0000000000000003e-05,True,PUT,2027-01-15,EBAY
EBAY280121C00070000,70.0,32.02,31.0,35.0,1.0,44.0,0.4587456469726563,True,CALL,2028-01-21,EBAY
EBAY280121C00072500,72.5,24.7,30.7,33.5,2.0,10.0,0.45532771240234376,True,CALL,2028-01-21,EBAY
EBAY280121C00075000,75.0,31.6,28.0,32.0,24.0,94.0,0.45084167327880864,True,CALL,2028-01-21,EBAY
EBAY280121C00077500,77.5,21.1,0.0,0.0,,0.0,1.0000000000000003e-05,True,CALL,2028-01-21,EBAY
EBAY280121C00080000,80.0,27.0,25.5,29.0,1.0,51.0,0.43933666137695315,True,CALL,2028-01-21,EBAY
EBAY280121C00082500,82.5,19.65,25.0,28.0,1.0,77.0,0.44324287231445314,True,CALL,2028-01-21,EBAY
EBAY280121C00085000,85.0,23.53,23.75,26.5,1.0,149.0,0.4353694158935547,True,CALL,2028-01-21,EBAY
EBAY280121C00087500,87.5,19.4,22.5,25.0,102.0,29.0,0.426885614013672,True,CALL,2028-01-21,EBAY
EBAY280121C00090000,90.0,22.49,21.0,24.0,1.0,42.0,0.42792320129394534,True,CALL,2028-01-21,EBAY
EBAY280121C00092500,92.5,21.5,20.0,21.65,3.0,6.0,0.4011900701904296,True,CALL,2028-01-21,EBAY
EBAY280121C00095000,95.0,21.69,19.0,22.0,1.0,61.0,0.42731285583496104,False,CALL,2028-01-21,EBAY
EBAY280121C00097500,97.5,15.04,18.1,21.0,10.0,20.0,0.42578699218750005,False,CALL,2028-01-21,EBAY
EBAY280121C00100000,100.0,17.4,16.75,20.0,1.0,33.0,0.42352871398925784,False,CALL,2028-01-21,EBAY
EBAY280121C00105000,105.0,12.54,14.15,18.0,10.0,18.0,0.4169369830322265,False,CALL,2028-01-21,EBAY
EBAY280121C00110000,110.0,16.0,13.1,16.5,1.0,12.0,0.4171811212158203,False,CALL,2028-01-21,EBAY
EBAY280121C00115000,115.0,8.38,11.85,15.0,1.0,999.0,0.4149228430175781,False,CALL,2028-01-21,EBAY
EBAY280121C00120000,120.0,10.07,9.5,13.5,4.0,15.0,0.4103147348022461,False,CALL,2028-01-21,EBAY
EBAY280121P00070000,70.0,8.3,4.05,7.0,1.0,5.0,0.36096830444335937,False,PUT,2028-01-21,EBAY
EBAY280121P00072500,72.5,9.0,4.5,7.8,1.0,2.0,0.3569705416870117,False,PUT,2028-01-21,EBAY
EBAY280121P00075000,75.0,7.95,7.0,9.05,1.0,3.0,0.3626772717285156,False,PUT,2028-01-21,EBAY
EBAY280121P00077500,77.5,9.95,6.0,9.45,,1.0,0.3466251861572265,False,PUT,2028-01-21,EBAY
EBAY280121P00080000,80.0,9.65,7.1,10.75,1.0,12.0,0.35053139709472647,False,PUT,2028-01-21,EBAY
EBAY280121P00082500,82.5,13.85,8.0,11.3,3.0,6.0,0.33658500335693364,False,PUT,2028-01-21,EBAY
EBAY280121P00085000,85.0,15.6,9.0,13.35,2.0,0.0,0.3536441589355468,False,PUT,2028-01-21,EBAY
EBAY280121P00087500,87.5,18.45,0.0,0.0,1.0,2.0,0.015634843750000002,False,PUT,2028-01-21,EBAY
EBAY280121P00090000,90.0,17.67,11.5,15.5,4.0,9.0,0.3427189752197265,False,PUT,2028-01-21,EBAY
EBAY280121P00092500,92.5,15.94,12.5,16.5,2.0,120.0,0.334418276977539,False,PUT,2028-01-21,EBAY
EBAY280121P00095000,95.0,17.2,14.0,18.0,1.0,31.0,0.334967587890625,True,PUT,2028-01-21,EBAY
EBAY280121P00097500,97.5,22.55,15.5,19.45,2.0,5.0,0.3335332760620118,True,PUT,2028-01-21,EBAY
EBAY280121P00100000,100.0,18.2,16.5,21.0,56.0,92.0,0.33304499969482426,True,PUT,2028-01-21,EBAY
EBAY280121P00105000,105.0,21.1,26.0,28.95,2.0,9.0,0.4211178494262696,True,PUT,2028-01-21,EBAY
EBAY280121P00110000,110.0,23.55,29.5,32.6,2.0,45.0,0.4242000939941406,True,PUT,2028-01-21,EBAY
EBAY280121P00115000,115.0,27.05,35.6,38.45,2.0,3.0,0.466374965209961,True,PUT,2028-01-21,EBAY
EBAY280121P00120000,120.0,29.5,39.25,41.4,8.0,7.0,0.45157408782958985,True,PUT,2028-01-21,EBAY
ELAN260220C00018000,18.0,6.4,5.5,7.0,1.0,1.0,1.3291049169921871,True,CALL,2026-02-20,ELAN
ELAN260220C00020000,20.0,4.7,3.8,6.5,2.0,9.0,1.09375453125,True,CALL,2026-02-20,ELAN
ELAN260220C00021000,21.0,2.89,2.8,4.8,,2.0,0.727541787109375,True,CALL,2026-02-20,ELAN
ELAN260220C00022000,22.0,3.32,0.9,4.7,301.0,209.0,0.5810588769531251,True,CALL,2026-02-20,ELAN
ELAN260220C00023000,23.0,2.15,1.35,2.1,2.0,152.0,0.569340244140625,True,CALL,2026-02-20,ELAN
ELAN260220C00024000,24.0,1.0,0.95,1.15,10.0,5535.0,0.40918559570312496,True,CALL,2026-02-20,ELAN
ELAN260220C00025000,25.0,0.55,0.45,0.6,5.0,1296.0,0.367193828125,False,CALL,2026-02-20,ELAN
ELAN260220C00026000,26.0,0.3,0.15,0.3,17.0,4323.0,0.36035795898437495,False,CALL,2026-02-20,ELAN
ELAN260220C00027000,27.0,0.25,0.05,0.2,3.0,1354.0,0.4023497265625,False,CALL,2026-02-20,ELAN
ELAN260220C00028000,28.0,0.14,0.0,0.75,1.0,16.0,0.6054726953125001,False,CALL,2026-02-20,ELAN
ELAN260220C00030000,30.0,0.05,0.0,0.75,,1.0,0.7773459765625,False,CALL,2026-02-20,ELAN
ELAN260220P00019000,19.0,0.1,0.0,0.75,1.0,16.0,0.929688203125,False,PUT,2026-02-20,ELAN
ELAN260220P00020000,20.0,0.1,0.05,0.25,50.0,55.0,0.5976602734375001,False,PUT,2026-02-20,ELAN
ELAN260220P00021000,21.0,0.23,0.1,0.5,1.0,6.0,0.6005899316406251,False,PUT,2026-02-20,ELAN
ELAN260220P00022000,22.0,0.25,0.2,0.35,2.0,64.0,0.499028447265625,False,PUT,2026-02-20,ELAN
ELAN260220P00023000,23.0,0.5,0.35,0.5,1.0,202.0,0.4321345849609375,False,PUT,2026-02-20,ELAN
ELAN260220P00024000,24.0,0.75,0.65,0.8,21.0,741.0,0.39063109375,False,PUT,2026-02-20,ELAN
ELAN260220P00025000,25.0,0.95,1.15,1.3,2.0,331.0,0.36914693359375,True,PUT,2026-02-20,ELAN
ELAN260220P00026000,26.0,1.65,1.6,2.7,16.0,57.0,0.684573466796875,True,PUT,2026-02-20,ELAN
ELAN260220P00027000,27.0,3.0,2.2,3.6,3.0,3.0,0.7670921728515626,True,PUT,2026-02-20,ELAN
ELAN260320C00022000,22.0,3.8,2.6,3.7,,1.0,0.5117236328125,True,CALL,2026-03-20,ELAN
ELAN260320C00024000,24.0,1.8,1.75,1.95,1.0,47.0,0.4985401708984375,True,CALL,2026-03-20,ELAN
ELAN260320C00026000,26.0,1.2,0.9,1.05,2.0,3.0,0.4726615234375,False,CALL,2026-03-20,ELAN
ELAN260320C00027000,27.0,0.7,0.65,0.8,2.0,18.0,0.48242705078125003,False,CALL,2026-03-20,ELAN
ELAN260320C00028000,28.0,0.6,0.45,0.5,12.0,70.0,0.454107021484375,False,CALL,2026-03-20,ELAN
ELAN260320C00030000,30.0,0.43,0.1,0.75,,16.0,0.5434615966796876,False,CALL,2026-03-20,ELAN
ELAN260320P00018000,18.0,0.2,0.15,0.75,,1.0,0.7656273437500001,False,PUT,2026-03-20,ELAN
ELAN260320P00024000,24.0,1.4,1.35,1.55,17.0,127.0,0.4721732470703125,False,PUT,2026-03-20,ELAN
ELAN260320P00025000,25.0,1.85,1.85,2.1,8.0,46.0,0.47119669433593747,True,PUT,2026-03-20,ELAN
ELAN260417C00018000,18.0,6.5,6.0,7.4,215.0,229.0,0.5888712988281251,True,CALL,2026-04-17,ELAN
ELAN260417C00019000,19.0,6.4,5.1,6.5,1.0,129.0,0.551762294921875,True,CALL,2026-04-17,ELAN
ELAN260417C00020000,20.0,5.22,4.4,5.5,4.0,104.0,0.524418818359375,True,CALL,2026-04-17,ELAN
ELAN260417C00021000,21.0,4.25,3.6,4.7,14.0,43.0,0.5004932763671875,True,CALL,2026-04-17,ELAN
ELAN260417C00022000,22.0,3.75,3.2,3.6,21.0,408.0,0.5283250292968751,True,CALL,2026-04-17,ELAN
ELAN260417C00023000,23.0,2.71,2.6,2.85,50.0,732.0,0.48730981445312505,True,CALL,2026-04-17,ELAN
ELAN260417C00024000,24.0,2.2,2.1,2.25,2.0,1394.0,0.467778759765625,True,CALL,2026-04-17,ELAN
ELAN260417C00025000,25.0,1.9,1.6,1.75,1.0,925.0,0.45508357421875,False,CALL,2026-04-17,ELAN
ELAN260417C00030000,30.0,0.35,0.3,0.5,150.0,329.0,0.46191944335937507,False,CALL,2026-04-17,ELAN
ELAN260417P00018000,18.0,0.32,0.2,0.5,1.0,61.0,0.567387138671875,False,PUT,2026-04-17,ELAN
ELAN260417P00019000,19.0,0.53,0.3,0.75,,1.0,0.5644574804687501,False,PUT,2026-04-17,ELAN
ELAN260417P00020000,20.0,0.45,0.4,0.85,18.0,545.0,0.51758294921875,False,PUT,2026-04-17,ELAN
ELAN260417P00021000,21.0,0.65,0.65,0.9,4.0,1274.0,0.516606396484375,False,PUT,2026-04-17,ELAN
ELAN260417P00022000,22.0,1.04,0.9,1.05,4.0,80.0,0.46533737792968755,False,PUT,2026-04-17,ELAN
ELAN260417P00023000,23.0,1.8,1.25,1.4,66.0,66.0,0.45313046875,False,PUT,2026-04-17,ELAN
ELAN260417P00024000,24.0,2.3,1.65,1.8,244.0,272.0,0.43555251953125,False,PUT,2026-04-17,ELAN
ELAN260417P00025000,25.0,2.12,2.15,2.3,2.0,133.0,0.4233456103515625,True,PUT,2026-04-17,ELAN
ELAN260417P00030000,30.0,11.65,9.8,11.1,8.0,0.0,1.4721706079101562,True,PUT,2026-04-17,ELAN
ELAN260717C00018000,18.0,7.42,6.4,8.7,,55.0,0.6235389208984375,True,CALL,2026-07-17,ELAN
ELAN260717C00019000,19.0,5.0,5.6,7.1,,10.0,0.5097705273437501,True,CALL,2026-07-17,ELAN
ELAN260717C00020000,20.0,5.97,5.0,6.5,6.0,16.0,0.5249070947265625,True,CALL,2026-07-17,ELAN
ELAN260717C00021000,21.0,5.5,4.3,5.5,30.0,60.0,0.5900919897460939,True,CALL,2026-07-17,ELAN
ELAN260717C00022000,22.0,4.5,3.9,4.6,1.0,17.0,0.5300339965820313,True,CALL,2026-07-17,ELAN
ELAN260717C00023000,23.0,3.3,3.4,4.0,1.0,17.0,0.5161181201171875,True,CALL,2026-07-17,ELAN
ELAN260717C00024000,24.0,2.5,2.85,3.4,2.0,3.0,0.4958546508789063,True,CALL,2026-07-17,ELAN
ELAN260717C00025000,25.0,2.96,2.35,2.9,5.0,88.0,0.48413601806640627,False,CALL,2026-07-17,ELAN
ELAN260717C00026000,26.0,2.05,1.95,2.45,1.0,118.0,0.4733939379882813,False,CALL,2026-07-17,ELAN
ELAN260717C00027000,27.0,2.4,1.55,2.1,10.0,17.0,0.47095255615234377,False,CALL,2026-07-17,ELAN
ELAN260717C00028000,28.0,1.35,1.3,1.8,29.0,129.0,0.46973186523437505,False,CALL,2026-07-17,ELAN
ELAN260717C00029000,29.0,1.65,1.05,1.55,3.0,170.0,0.47070841796875,False,CALL,2026-07-17,ELAN
ELAN260717C00030000,30.0,1.4,0.8,1.2,62.0,74.0,0.44873598144531246,False,CALL,2026-07-17,ELAN
ELAN260717C00031000,31.0,0.9,0.7,1.15,1.0,26.0,0.47363807617187503,False,CALL,2026-07-17,ELAN
ELAN260717P00018000,18.0,0.55,0.5,0.75,5.0,5.0,0.5034229345703125,False,PUT,2026-07-17,ELAN
ELAN260717P00019000,19.0,1.2,0.4,1.15,1.0,29.0,0.5329636547851562,False,PUT,2026-07-17,ELAN
ELAN260717P00020000,20.0,1.05,0.85,1.25,1.0,37.0,0.48633326171875,False,PUT,2026-07-17,ELAN
ELAN260717P00021000,21.0,1.4,1.1,1.55,1.0,3.0,0.47461462890625,False,PUT,2026-07-17,ELAN
ELAN260717P00022000,22.0,1.6,1.4,1.85,1.0,2.0,0.45532771240234376,False,PUT,2026-07-17,ELAN
ELAN260717P00023000,23.0,3.01,1.75,2.25,2.0,2.0,0.445318046875,False,PUT,2026-07-17,ELAN
ELAN260717P00024000,24.0,3.3,2.15,2.7,,1.0,0.43506424316406256,False,PUT,2026-07-17,ELAN
ELAN260717P00025000,25.0,3.3,2.65,3.2,1.0,3.0,0.42456630126953127,True,PUT,2026-07-17,ELAN
ELAN260717P00026000,26.0,3.6,3.3,3.8,,1.0,0.42139250488281255,True,PUT,2026-07-17,ELAN
ELAN270115C00020000,20.0,7.5,5.4,7.4,15.0,349.0,0.5800823242187501,True,CALL,2027-01-15,ELAN
ELAN270115C00022000,22.0,5.94,5.3,5.8,3.0,432.0,0.5075732836914062,True,CALL,2027-01-15,ELAN
ELAN270115C00025000,25.0,4.41,3.7,4.3,9.0,735.0,0.4848684326171875,False,CALL,2027-01-15,ELAN
ELAN270115C00027000,27.0,3.7,2.9,3.7,12.0,192.0,0.4958546508789063,False,CALL,2027-01-15,ELAN
ELAN270115C00030000,30.0,2.55,2.0,2.75,7.0,177.0,0.48560084716796875,False,CALL,2027-01-15,ELAN
ELAN270115P00020000,20.0,1.88,1.55,2.15,4.0,242.0,0.4585015087890626,False,PUT,2027-01-15,ELAN
ELAN270115P00022000,22.0,3.3,2.2,2.9,,1.0,0.43897045410156255,False,PUT,2027-01-15,ELAN
ELAN270115P00025000,25.0,3.73,3.6,4.4,3.0,4.0,0.42188078125,True,PUT,2027-01-15,ELAN
EMR260130C00134000,134.0,15.17,14.5,16.3,13.0,13.0,0.87500125,True,CALL,2026-01-30,EMR
EMR260130C00135000,135.0,4.35,13.5,15.6,2.0,4.0,0.9414068359375,True,CALL,2026-01-30,EMR
EMR260130C00136000,136.0,14.35,12.5,14.6,3.0,4.0,0.8876964355468748,True,CALL,2026-01-30,EMR
EMR260130C00137000,137.0,3.9,11.5,13.6,,1.0,0.8339860351562498,True,CALL,2026-01-30,EMR
EMR260130C00138000,138.0,6.2,10.5,12.6,7.0,6.0,0.77929908203125,True,CALL,2026-01-30,EMR
EMR260130C00140000,140.0,10.74,8.2,10.9,2.0,19.0,0.6689486230468751,True,CALL,2026-01-30,EMR
EMR260130C00141000,141.0,7.32,7.5,10.0,2.0,12.0,0.7050810742187501,True,CALL,2026-01-30,EMR
EMR260130C00142000,142.0,6.4,6.4,8.7,2.0,35.0,0.5566450585937501,True,CALL,2026-01-30,EMR
EMR260130C00143000,143.0,5.45,5.7,7.7,1.0,3.0,0.5620160986328125,True,CALL,2026-01-30,EMR
EMR260130C00144000,144.0,5.07,4.8,6.7,1.0,11.0,0.51758294921875,True,CALL,2026-01-30,EMR
EMR260130C00145000,145.0,4.8,3.6,5.7,1.0,56.0,0.7260769580078125,True,CALL,2026-01-30,EMR
EMR260130C00146000,146.0,2.86,2.7,4.9,1.0,14.0,0.6938507177734375,True,CALL,2026-01-30,EMR
EMR260130C00147000,147.0,2.86,2.05,3.9,1.0,26.0,0.6049844189453126,True,CALL,2026-01-30,EMR
EMR260130C00148000,148.0,2.1,1.45,3.3,8.0,59.0,0.6035195898437502,True,CALL,2026-01-30,EMR
EMR260130C00149000,149.0,1.55,0.8,1.95,4.0,9.0,0.41797457031249996,True,CALL,2026-01-30,EMR
EMR260130C00150000,150.0,1.2,0.5,0.85,13.0,349.0,0.27197993652343744,False,CALL,2026-01-30,EMR
EMR260130C00152500,152.5,0.43,0.05,0.5,76.0,113.0,0.36963520996093746,False,CALL,2026-01-30,EMR
EMR260130C00155000,155.0,0.13,0.0,0.25,70.0,97.0,0.418951123046875,False,CALL,2026-01-30,EMR
EMR260130C00157500,157.5,0.1,0.0,0.75,4.0,7.0,0.6025430371093752,False,CALL,2026-01-30,EMR
EMR260130C00160000,160.0,0.02,0.0,0.15,7.0,7.0,0.5117236328125,False,CALL,2026-01-30,EMR
EMR260130P00122000,122.0,0.36,0.0,2.1,,5.0,2.150395249023437,False,PUT,2026-01-30,EMR
EMR260130P00124000,124.0,0.56,0.0,2.1,,4.0,2.0185596411132813,False,PUT,2026-01-30,EMR
EMR260130P00125000,125.0,2.1,0.0,2.1,,10.0,1.953125234375,False,PUT,2026-01-30,EMR
EMR260130P00128000,128.0,1.15,0.0,2.1,,2.0,1.7568371533203124,False,PUT,2026-01-30,EMR
EMR260130P00129000,129.0,1.21,0.0,2.1,,4.0,1.69140779296875,False,PUT,2026-01-30,EMR
EMR260130P00130000,130.0,1.42,0.0,0.15,,1.0,0.9179695703125,False,PUT,2026-01-30,EMR
EMR260130P00132000,132.0,2.0,0.0,2.15,,2.0,1.5068384033203124,False,PUT,2026-01-30,EMR
EMR260130P00134000,134.0,1.15,0.0,0.75,2.0,1.0,1.0234423828125,False,PUT,2026-01-30,EMR
EMR260130P00135000,135.0,0.96,0.0,0.75,2.0,1.0,0.9677737597656251,False,PUT,2026-01-30,EMR
EMR260130P00136000,136.0,0.84,0.0,2.15,,0.0,1.2431678466796874,False,PUT,2026-01-30,EMR
EMR260130P00137000,137.0,0.1,0.0,0.75,1.0,1.0,0.85742330078125,False,PUT,2026-01-30,EMR
EMR260130P00138000,138.0,0.62,0.0,0.75,1.0,1.0,0.8027363476562499,False,PUT,2026-01-30,EMR
EMR260130P00139000,139.0,0.34,0.0,0.75,3.0,2.0,0.7460962890625,False,PUT,2026-01-30,EMR
EMR260130P00140000,140.0,0.1,0.0,0.45,1.0,18.0,0.6044961425781252,False,PUT,2026-01-30,EMR
EMR260130P00141000,141.0,0.18,0.0,0.75,1.0,2.0,0.632816171875,False,PUT,2026-01-30,EMR
EMR260130P00143000,143.0,0.3,0.0,0.75,1.0,3.0,0.5170946728515625,False,PUT,2026-01-30,EMR
EMR260130P00144000,144.0,0.1,0.05,0.5,2.0,18.0,0.5048877636718749,False,PUT,2026-01-30,EMR
EMR260130P00145000,145.0,0.05,0.05,0.75,5.0,4.0,0.5200243310546875,False,PUT,2026-01-30,EMR
EMR260130P00146000,146.0,0.2,0.1,0.45,8.0,18.0,0.35742830078125,False,PUT,2026-01-30,EMR
EMR260130P00147000,147.0,0.37,0.25,1.0,11.0,31.0,0.43604079589843747,False,PUT,2026-01-30,EMR
EMR260130P00148000,148.0,0.9,0.45,0.6,135.0,135.0,0.2514723291015625,False,PUT,2026-01-30,EMR
EMR260130P00149000,149.0,1.33,0.8,0.95,100.0,404.0,0.23926541992187497,False,PUT,2026-01-30,EMR
EMR260130P00150000,150.0,2.3,1.3,1.65,1.0,198.0,0.27539787109374997,True,PUT,2026-01-30,EMR
EMR260130P00152500,152.5,3.2,2.05,4.0,3.0,3.0,0.4331111376953125,True,PUT,2026-01-30,EMR
EMR260206C00134000,134.0,4.74,15.0,17.4,,1.0,0.6303747900390625,True,CALL,2026-02-06,EMR
EMR260206C00135000,135.0,12.88,14.2,15.9,1.0,2.0,0.5688519677734375,True,CALL,2026-02-06,EMR
EMR260206C00136000,136.0,3.78,13.4,15.9,,4.0,0.6496617065429688,True,CALL,2026-02-06,EMR
EMR260206C00137000,137.0,3.31,12.3,13.8,,4.0,0.5092822509765625,True,CALL,2026-02-06,EMR
EMR260206C00140000,140.0,11.45,9.4,12.0,1.0,2.0,0.5227098510742187,True,CALL,2026-02-06,EMR
EMR260206C00142000,142.0,2.9,8.2,10.7,,1.0,0.5529829858398438,True,CALL,2026-02-06,EMR
EMR260206C00143000,143.0,6.95,7.7,8.8,22.0,27.0,0.5576216113281252,True,CALL,2026-02-06,EMR
EMR260206C00144000,144.0,6.76,7.0,7.5,1.0,4.0,0.4804739453125,True,CALL,2026-02-06,EMR
EMR260206C00145000,145.0,5.9,6.4,7.3,1.0,6.0,0.5327195166015625,True,CALL,2026-02-06,EMR
EMR260206C00146000,146.0,4.95,5.8,6.6,1.0,6.0,0.5217332983398437,True,CALL,2026-02-06,EMR
EMR260206C00147000,147.0,6.79,5.1,5.5,1.0,306.0,0.463872548828125,True,CALL,2026-02-06,EMR
EMR260206C00148000,148.0,4.5,4.5,4.9,5.0,13.0,0.45825737060546884,True,CALL,2026-02-06,EMR
EMR260206C00149000,149.0,4.3,4.1,4.7,4.0,11.0,0.49170430175781255,True,CALL,2026-02-06,EMR
EMR260206C00150000,150.0,4.1,3.6,3.9,21.0,51.0,0.4567925415039063,False,CALL,2026-02-06,EMR
EMR260206C00152500,152.5,2.38,2.5,2.85,1.0,14.0,0.4544732287597656,False,CALL,2026-02-06,EMR
EMR260206C00155000,155.0,1.88,1.65,2.05,5.0,19.0,0.45606012695312503,False,CALL,2026-02-06,EMR
EMR260206C00157500,157.5,1.02,1.05,1.5,3.0,5.0,0.46582565429687506,False,CALL,2026-02-06,EMR
EMR260206C00160000,160.0,0.85,0.65,1.15,6.0,30.0,0.48560084716796875,False,CALL,2026-02-06,EMR
EMR260206P00120000,120.0,1.74,0.0,2.25,,1.0,1.0961959252929687,False,PUT,2026-02-06,EMR
EMR260206P00127000,127.0,2.2,0.0,2.4,,1.0,0.893555751953125,False,PUT,2026-02-06,EMR
EMR260206P00129000,129.0,2.65,0.0,2.4,,2.0,0.8305681005859374,False,PUT,2026-02-06,EMR
EMR260206P00133000,133.0,2.3,0.35,1.45,,2.0,0.6425816992187501,False,PUT,2026-02-06,EMR
EMR260206P00134000,134.0,0.55,0.0,1.05,1.0,3.0,0.5249070947265625,False,PUT,2026-02-06,EMR
EMR260206P00135000,135.0,4.6,0.2,1.4,,1.0,0.561527822265625,False,PUT,2026-02-06,EMR
EMR260206P00136000,136.0,1.0,0.0,1.25,,1.0,0.6176796044921876,False,PUT,2026-02-06,EMR
EMR260206P00139000,139.0,1.65,0.8,3.1,,2.0,0.6262244409179689,False,PUT,2026-02-06,EMR
EMR260206P00140000,140.0,1.05,0.95,1.4,2.0,4.0,0.5100146655273439,False,PUT,2026-02-06,EMR
EMR260206P00141000,141.0,1.49,1.1,1.75,8.0,7.0,0.5256395092773438,False,PUT,2026-02-06,EMR
EMR260206P00142000,142.0,1.75,1.1,1.8,2.0,5.0,0.4958546508789063,False,PUT,2026-02-06,EMR
EMR260206P00143000,143.0,2.25,1.5,2.05,12.0,17.0,0.4907277490234375,False,PUT,2026-02-06,EMR
EMR260206P00146000,146.0,2.87,2.3,3.0,3.0,3.0,0.47852083984375,False,PUT,2026-02-06,EMR
EMR260206P00147000,147.0,3.42,2.8,3.4,1.0,2.0,0.476567734375,False,PUT,2026-02-06,EMR
EMR260206P00148000,148.0,3.58,3.2,3.8,2.0,6.0,0.47070841796875,False,PUT,2026-02-06,EMR
EMR260206P00149000,149.0,4.0,3.7,4.3,1.0,4.0,0.47192910888671874,False,PUT,2026-02-06,EMR
EMR260206P00152500,152.5,5.6,5.4,6.1,1.0,1.0,0.4506890869140625,True,PUT,2026-02-06,EMR
EMR260206P00155000,155.0,8.7,7.2,7.8,,1.0,0.45166563964843753,True,PUT,2026-02-06,EMR
EMR260213C00140000,140.0,11.34,9.6,12.8,,10.0,0.6036416589355471,True,CALL,2026-02-13,EMR
EMR260213C00141000,141.0,11.19,8.7,12.2,2.0,4.0,0.6091347680664063,True,CALL,2026-02-13,EMR
EMR260213C00143000,143.0,7.05,7.3,10.1,1.0,1.0,0.5351608984375,True,CALL,2026-02-13,EMR
EMR260213C00144000,144.0,8.7,7.1,9.1,,2.0,0.5019581054687501,True,CALL,2026-02-13,EMR
EMR260213C00145000,145.0,6.08,6.5,8.2,1.0,2.0,0.476567734375,True,CALL,2026-02-13,EMR
EMR260213C00146000,146.0,5.36,5.8,7.6,1.0,4.0,0.47485876708984376,True,CALL,2026-02-13,EMR
EMR260213C00147000,147.0,7.17,5.3,6.5,1.0,303.0,0.43018147949218755,True,CALL,2026-02-13,EMR
EMR260213C00148000,148.0,4.26,4.9,5.7,2.0,3.0,0.40845318115234375,True,CALL,2026-02-13,EMR
EMR260213C00149000,149.0,4.01,4.5,5.1,2.0,3.0,0.4008848974609375,True,CALL,2026-02-13,EMR
EMR260213C00150000,150.0,4.6,4.0,5.1,1.0,58.0,0.43897045410156255,False,CALL,2026-02-13,EMR
EMR260213C00152500,152.5,3.3,2.9,3.9,1.0,2.0,0.42737389038085943,False,CALL,2026-02-13,EMR
EMR260213C00155000,155.0,1.65,1.95,2.8,3.0,31.0,0.40845318115234375,False,CALL,2026-02-13,EMR
EMR260213C00160000,160.0,1.4,0.0,3.2,,1.0,0.5712933496093751,False,CALL,2026-02-13,EMR
EMR260213P00125000,125.0,1.3,0.0,2.45,,1.0,0.7219266088867188,False,PUT,2026-02-13,EMR
EMR260213P00126000,126.0,1.25,0.0,2.5,,3.0,0.7023955541992188,False,PUT,2026-02-13,EMR
EMR260213P00127000,127.0,1.6,0.0,2.55,,1.0,0.6826203613281252,False,PUT,2026-02-13,EMR
EMR260213P00128000,128.0,1.6,0.0,2.6,,2.0,0.6626010302734376,False,PUT,2026-02-13,EMR
EMR260213P00130000,130.0,1.0,0.0,2.7,,1.0,0.6223182299804688,False,PUT,2026-02-13,EMR
EMR260213P00131000,131.0,2.1,0.0,2.75,,3.0,0.601810622558594,False,PUT,2026-02-13,EMR
EMR260213P00132000,132.0,2.3,0.0,2.8,,2.0,0.5810588769531251,False,PUT,2026-02-13,EMR
EMR260213P00138000,138.0,4.2,0.0,3.4,,1.0,0.6469761865234375,False,PUT,2026-02-13,EMR
EMR260213P00140000,140.0,4.2,0.25,3.5,,3.0,0.59570716796875,False,PUT,2026-02-13,EMR
EMR260213P00141000,141.0,5.5,0.5,3.8,,1.0,0.5922892333984376,False,PUT,2026-02-13,EMR
EMR260213P00143000,143.0,5.35,1.05,3.9,,1.0,0.5366257275390626,False,PUT,2026-02-13,EMR
EMR260213P00144000,144.0,3.2,1.35,3.9,,1.0,0.5033008654785156,False,PUT,2026-02-13,EMR
EMR260213P00145000,145.0,2.67,1.75,4.0,1.0,3.0,0.4777884252929688,False,PUT,2026-02-13,EMR
EMR260213P00146000,146.0,3.98,2.15,4.5,,0.0,0.4845022253417969,False,PUT,2026-02-13,EMR
EMR260213P00149000,149.0,3.83,4.1,4.9,1.0,1.0,0.40210558837890625,False,PUT,2026-02-13,EMR
EMR260213P00150000,150.0,5.7,4.6,5.5,,1.0,0.40808697387695314,True,PUT,2026-02-13,EMR
EMR260213P00152500,152.5,6.1,5.6,7.4,,1.0,0.44507390869140623,True,PUT,2026-02-13,EMR
EMR260220C00110000,110.0,34.22,38.0,41.3,20.0,30.0,0.719729365234375,True,CALL,2026-02-20,EMR
EMR260220C00120000,120.0,30.13,28.3,31.3,,2.0,0.5822795678710937,True,CALL,2026-02-20,EMR
EMR260220C00125000,125.0,13.04,23.6,26.5,,5.0,0.5405319384765627,True,CALL,2026-02-20,EMR
EMR260220C00130000,130.0,20.9,18.8,21.7,10.0,19.0,0.6466099792480469,True,CALL,2026-02-20,EMR
EMR260220C00135000,135.0,15.14,14.5,16.8,13.0,110.0,0.541264353027344,True,CALL,2026-02-20,EMR
EMR260220C00140000,140.0,11.9,10.6,12.3,1.0,214.0,0.46362841064453125,True,CALL,2026-02-20,EMR
EMR260220C00145000,145.0,8.53,6.9,8.5,2.0,229.0,0.4185849157714844,True,CALL,2026-02-20,EMR
EMR260220C00147000,147.0,5.9,5.6,7.3,,35.0,0.4133359448242187,True,CALL,2026-02-20,EMR
EMR260220C00148000,148.0,5.3,5.1,6.7,1.0,4.0,0.40820904296875,True,CALL,2026-02-20,EMR
EMR260220C00150000,150.0,4.6,4.2,5.0,1040.0,2309.0,0.35938140625,False,CALL,2026-02-20,EMR
EMR260220C00152500,152.5,3.92,3.0,4.0,1.0,14.0,0.3632876171875,False,CALL,2026-02-20,EMR
EMR260220C00155000,155.0,2.45,2.15,3.9,1.0,697.0,0.4190731921386719,False,CALL,2026-02-20,EMR
EMR260220C00157500,157.5,1.64,1.4,3.7,1.0,9.0,0.4616753051757813,False,CALL,2026-02-20,EMR
EMR260220C00160000,160.0,1.0,0.05,3.4,1.0,516.0,0.49182637084960945,False,CALL,2026-02-20,EMR
EMR260220C00165000,165.0,0.9,0.0,2.0,2.0,61.0,0.4676566906738281,False,CALL,2026-02-20,EMR
EMR260220C00170000,170.0,0.34,0.0,2.4,10.0,41.0,0.5852092260742188,False,CALL,2026-02-20,EMR
EMR260220P00110000,110.0,0.5,0.0,2.15,2.0,3.0,0.8793957373046875,False,PUT,2026-02-20,EMR
EMR260220P00115000,115.0,0.45,0.0,2.2,35.0,42.0,0.7817404638671875,False,PUT,2026-02-20,EMR
EMR260220P00120000,120.0,0.47,0.0,2.2,1.0,691.0,0.6816438085937502,False,PUT,2026-02-20,EMR
EMR260220P00125000,125.0,0.55,0.0,2.4,1.0,188.0,0.5983926879882813,False,PUT,2026-02-20,EMR
EMR260220P00130000,130.0,0.56,0.0,2.3,5.0,171.0,0.6274451318359376,False,PUT,2026-02-20,EMR
EMR260220P00135000,135.0,1.25,0.0,2.1,1.0,319.0,0.4953663745117188,False,PUT,2026-02-20,EMR
EMR260220P00138000,138.0,1.7,1.1,3.5,,4.0,0.5478560839843751,False,PUT,2026-02-20,EMR
EMR260220P00139000,139.0,1.55,0.3,3.8,1.0,2.0,0.5463912548828126,False,PUT,2026-02-20,EMR
EMR260220P00140000,140.0,2.06,0.5,4.0,1.0,120.0,0.5358933129882812,False,PUT,2026-02-20,EMR
EMR260220P00142000,142.0,2.1,1.85,3.8,1.0,1.0,0.4672904833984375,False,PUT,2026-02-20,EMR
EMR260220P00144000,144.0,2.6,2.45,3.4,1.0,3.0,0.38355108642578123,False,PUT,2026-02-20,EMR
EMR260220P00145000,145.0,2.92,2.65,4.1,1.0,253.0,0.4056455920410156,False,PUT,2026-02-20,EMR
EMR260220P00146000,146.0,3.2,3.1,4.2,1.0,18.0,0.3833069482421875,False,PUT,2026-02-20,EMR
EMR260220P00147000,147.0,3.5,3.2,4.9,1.0,1.0,0.4007628283691406,False,PUT,2026-02-20,EMR
EMR260220P00148000,148.0,4.3,3.6,5.7,,12.0,0.422857333984375,False,PUT,2026-02-20,EMR
EMR260220P00149000,149.0,4.2,4.1,5.7,2.0,3.0,0.3890441955566406,False,PUT,2026-02-20,EMR
EMR260220P00150000,150.0,5.54,4.7,5.9,5.0,20.0,0.367193828125,True,PUT,2026-02-20,EMR
EMR260220P00152500,152.5,6.2,6.0,7.4,12.0,12.0,0.3712221081542969,True,PUT,2026-02-20,EMR
EMR260220P00160000,160.0,17.0,10.7,13.0,,1.0,0.398443515625,True,PUT,2026-02-20,EMR
EMR260227C00145000,145.0,8.43,7.1,8.8,1.0,0.0,0.3850159155273437,True,CALL,2026-02-27,EMR
EMR260227C00146000,146.0,7.86,5.6,8.5,,1.0,0.4012511047363281,True,CALL,2026-02-27,EMR
EMR260227C00160000,160.0,1.5,0.05,3.6,,1.0,0.44385321777343745,False,CALL,2026-02-27,EMR
EMR260227P00125000,125.0,0.28,0.0,2.35,,35.0,0.5207567456054687,False,PUT,2026-02-27,EMR
EMR260227P00139000,139.0,3.46,0.4,3.7,,1.0,0.4714408325195312,False,PUT,2026-02-27,EMR
EMR260227P00145000,145.0,3.68,2.05,4.8,3.0,4.0,0.3983214465332031,False,PUT,2026-02-27,EMR
EMR260227P00150000,150.0,7.3,4.5,6.8,1.0,1.0,0.3742738354492187,True,PUT,2026-02-27,EMR
EMR260306C00142000,142.0,10.16,8.8,12.2,1.0,1.0,0.4376276940917969,True,CALL,2026-03-06,EMR
EMR260306C00157500,157.5,2.8,0.9,4.0,,2.0,0.3811097045898437,False,CALL,2026-03-06,EMR
EMR260320C00105000,105.0,42.8,43.2,46.2,4.0,96.0,0.5556685058593751,True,CALL,2026-03-20,EMR
EMR260320C00110000,110.0,28.9,23.0,25.3,2.0,37.0,1.0000000000000003e-05,True,CALL,2026-03-20,EMR
EMR260320C00115000,115.0,35.68,33.7,36.3,30.0,50.0,0.6301306518554688,True,CALL,2026-03-20,EMR
EMR260320C00120000,120.0,26.05,28.4,31.5,5.0,118.0,0.5715374877929689,True,CALL,2026-03-20,EMR
EMR260320C00125000,125.0,24.43,23.9,26.9,3.0,295.0,0.5258836474609375,True,CALL,2026-03-20,EMR
EMR260320C00130000,130.0,21.3,19.5,22.0,5.0,126.0,0.4545952978515625,True,CALL,2026-03-20,EMR
EMR260320C00135000,135.0,16.69,15.5,17.4,1.0,351.0,0.39978627563476565,True,CALL,2026-03-20,EMR
EMR260320C00140000,140.0,13.45,11.6,13.2,1.0,759.0,0.3590151989746094,True,CALL,2026-03-20,EMR
EMR260320C00145000,145.0,9.43,8.3,9.0,51.0,1181.0,0.304694453125,True,CALL,2026-03-20,EMR
EMR260320C00150000,150.0,5.49,5.5,6.1,8.0,4239.0,0.29077857666015616,False,CALL,2026-03-20,EMR
EMR260320C00155000,155.0,3.66,3.3,4.0,10.0,2007.0,0.2860789166259765,False,CALL,2026-03-20,EMR
EMR260320C00160000,160.0,2.79,1.8,2.45,1.0,634.0,0.28040270385742183,False,CALL,2026-03-20,EMR
EMR260320C00165000,165.0,1.0,0.95,1.35,2.0,169.0,0.27149166015625,False,CALL,2026-03-20,EMR
EMR260320C00170000,170.0,0.85,0.25,1.4,4.0,200.0,0.32520206054687495,False,CALL,2026-03-20,EMR
EMR260320C00175000,175.0,0.4,0.0,1.0,5.0,104.0,0.33740896972656254,False,CALL,2026-03-20,EMR
EMR260320C00180000,180.0,0.25,0.0,2.25,1.0,2.0,0.48071808349609374,False,CALL,2026-03-20,EMR
EMR260320C00185000,185.0,0.15,0.0,2.35,1.0,2.0,0.532231240234375,False,CALL,2026-03-20,EMR
EMR260320C00190000,190.0,0.6,0.0,1.4,1.0,2.0,0.4953663745117188,False,CALL,2026-03-20,EMR
EMR260320P00105000,105.0,0.1,0.0,0.95,2.0,39.0,0.5537154003906251,False,PUT,2026-03-20,EMR
EMR260320P00110000,110.0,0.75,0.0,0.3,3.0,344.0,0.4506890869140625,False,PUT,2026-03-20,EMR
EMR260320P00115000,115.0,0.4,0.0,0.8,1.0,192.0,0.4848684326171875,False,PUT,2026-03-20,EMR
EMR260320P00120000,120.0,0.6,0.0,1.25,2.0,1862.0,0.47437049072265625,False,PUT,2026-03-20,EMR
EMR260320P00125000,125.0,0.6,0.55,0.8,101.0,193.0,0.3591372680664062,False,PUT,2026-03-20,EMR
EMR260320P00130000,130.0,1.32,0.9,1.3,5.0,232.0,0.3442448388671875,False,PUT,2026-03-20,EMR
EMR260320P00135000,135.0,1.77,1.5,1.8,31.0,538.0,0.31262894409179687,False,PUT,2026-03-20,EMR
EMR260320P00140000,140.0,2.6,2.45,3.1,1.0,239.0,0.3122627368164062,False,PUT,2026-03-20,EMR
EMR260320P00145000,145.0,4.0,3.7,4.5,1.0,174.0,0.2913889221191405,False,PUT,2026-03-20,EMR
EMR260320P00150000,150.0,6.0,5.9,6.7,1.0,144.0,0.28253891296386713,True,PUT,2026-03-20,EMR
EMR260320P00155000,155.0,8.1,8.8,9.9,4.0,7.0,0.2916330603027343,True,PUT,2026-03-20,EMR
EMR260320P00160000,160.0,23.9,0.0,0.0,2.0,0.0,1.0000000000000003e-05,True,PUT,2026-03-20,EMR
EMR260320P00165000,165.0,16.7,16.0,17.7,,1.0,0.30884480224609373,True,PUT,2026-03-20,EMR
EMR260618C00105000,105.0,43.9,44.4,47.3,4.0,72.0,0.5350388293457031,True,CALL,2026-06-18,EMR
EMR260618C00110000,110.0,41.38,39.4,42.7,2.0,34.0,0.5035450036621094,True,CALL,2026-06-18,EMR
EMR260618C00115000,115.0,31.15,35.3,37.9,1.0,27.0,0.4608818560791016,True,CALL,2026-06-18,EMR
EMR260618C00120000,120.0,26.62,30.7,33.3,1.0,272.0,0.4265804412841797,True,CALL,2026-06-18,EMR
EMR260618C00125000,125.0,25.5,26.3,29.0,1.0,269.0,0.4019835192871094,True,CALL,2026-06-18,EMR
EMR260618C00130000,130.0,24.17,22.5,24.6,2.0,264.0,0.36975727905273437,True,CALL,2026-06-18,EMR
EMR260618C00135000,135.0,21.15,18.9,20.8,2.0,265.0,0.3534000207519531,True,CALL,2026-06-18,EMR
EMR260618C00140000,140.0,16.1,15.5,16.2,1.0,170.0,0.30676962768554683,True,CALL,2026-06-18,EMR
EMR260618C00145000,145.0,11.85,12.6,13.1,2.0,303.0,0.2981637567138671,True,CALL,2026-06-18,EMR
EMR260618C00150000,150.0,9.9,9.8,10.4,7.0,385.0,0.29114478393554677,False,CALL,2026-06-18,EMR
EMR260618C00155000,155.0,7.7,7.4,8.0,3.0,2512.0,0.28253891296386713,False,CALL,2026-06-18,EMR
EMR260618C00160000,160.0,5.76,5.6,6.3,77.0,454.0,0.2834544311523437,False,CALL,2026-06-18,EMR
EMR260618C00165000,165.0,3.9,4.0,5.1,32.0,432.0,0.2901071966552734,False,CALL,2026-06-18,EMR
EMR260618C00170000,170.0,2.89,2.8,3.3,13.0,209.0,0.26868407104492187,False,CALL,2026-06-18,EMR
EMR260618C00175000,175.0,1.71,1.75,2.85,50.0,352.0,0.28424788024902337,False,CALL,2026-06-18,EMR
EMR260618C00180000,180.0,1.62,1.15,1.65,4.0,183.0,0.2620923400878906,False,CALL,2026-06-18,EMR
EMR260618C00185000,185.0,0.7,0.4,2.7,1.0,3.0,0.334967587890625,False,CALL,2026-06-18,EMR
EMR260618C00190000,190.0,0.45,0.0,2.7,3.0,3.0,0.3609072698974609,False,CALL,2026-06-18,EMR
EMR260618P00105000,105.0,0.65,0.0,2.85,1.0,58.0,0.5217332983398437,False,PUT,2026-06-18,EMR
EMR260618P00110000,110.0,0.94,0.0,2.4,4.0,377.0,0.44470770141601557,False,PUT,2026-06-18,EMR
EMR260618P00115000,115.0,1.29,0.05,2.25,4.0,156.0,0.38837281555175784,False,PUT,2026-06-18,EMR
EMR260618P00120000,120.0,1.92,1.55,3.2,2.0,210.0,0.3878235046386719,False,PUT,2026-06-18,EMR
EMR260618P00125000,125.0,2.5,2.15,2.55,1.0,1919.0,0.3103096313476562,False,PUT,2026-06-18,EMR
EMR260618P00130000,130.0,3.0,2.9,3.6,1.0,292.0,0.3053047985839844,False,PUT,2026-06-18,EMR
EMR260618P00135000,135.0,4.4,4.1,4.6,11.0,311.0,0.28919167846679683,False,PUT,2026-06-18,EMR
EMR260618P00140000,140.0,5.7,5.6,6.2,2.0,128.0,0.28357650024414055,False,PUT,2026-06-18,EMR
EMR260618P00145000,145.0,7.9,7.3,7.9,1.0,55.0,0.2708507974243164,False,PUT,2026-06-18,EMR
EMR260618P00150000,150.0,10.4,9.4,10.1,1.0,140.0,0.26190923645019537,True,PUT,2026-06-18,EMR
EMR260618P00155000,155.0,12.6,11.8,12.9,1.0,4.0,0.2585523364257813,True,PUT,2026-06-18,EMR
EMR260918C00105000,105.0,36.32,44.1,47.9,1.0,26.0,0.44196114685058596,True,CALL,2026-09-18,EMR
EMR260918C00110000,110.0,29.55,39.9,43.4,1.0,13.0,0.41870698486328123,True,CALL,2026-09-18,EMR
EMR260918C00115000,115.0,24.6,35.8,39.1,1.0,8.0,0.40051869018554687,True,CALL,2026-09-18,EMR
EMR260918C00120000,120.0,31.57,31.5,35.0,4.0,8.0,0.385626260986328,True,CALL,2026-09-18,EMR
EMR260918C00125000,125.0,30.3,27.4,31.1,4.0,6.0,0.3727479718017578,True,CALL,2026-09-18,EMR
EMR260918C00130000,130.0,26.55,24.6,27.3,4.0,17.0,0.35846588806152346,True,CALL,2026-09-18,EMR
EMR260918C00135000,135.0,22.75,21.3,23.7,2.0,106.0,0.34503828796386715,True,CALL,2026-09-18,EMR
EMR260918C00140000,140.0,19.85,18.0,20.5,15.0,417.0,0.33637138244628906,True,CALL,2026-09-18,EMR
EMR260918C00145000,145.0,15.94,14.9,17.6,20.0,57.0,0.3293218923950195,True,CALL,2026-09-18,EMR
EMR260918C00150000,150.0,12.84,12.4,14.9,4.0,189.0,0.32141791870117187,False,CALL,2026-09-18,EMR
EMR260918C00155000,155.0,10.0,10.1,12.0,1.0,111.0,0.304145142211914,False,CALL,2026-09-18,EMR
EMR260918C00160000,160.0,8.25,8.1,10.1,1.0,27.0,0.30261927856445314,False,CALL,2026-09-18,EMR
EMR260918C00165000,165.0,7.33,6.3,8.9,14.0,1335.0,0.31116411499023433,False,CALL,2026-09-18,EMR
EMR260918C00170000,170.0,5.0,4.9,7.1,8.0,2637.0,0.3018258294677735,False,CALL,2026-09-18,EMR
EMR260918C00175000,175.0,4.02,3.7,5.8,2.0,15.0,0.29883513671874995,False,CALL,2026-09-18,EMR
EMR260918C00180000,180.0,2.9,2.35,4.9,10.0,12.0,0.3012765185546875,False,CALL,2026-09-18,EMR
EMR260918C00185000,185.0,2.9,0.2,3.8,1.0,1.0,0.29407444213867184,False,CALL,2026-09-18,EMR
EMR260918C00190000,190.0,1.83,0.9,3.7,,2.0,0.3123237713623046,False,CALL,2026-09-18,EMR
EMR260918P00105000,105.0,2.8,0.0,2.95,3.0,103.0,0.41040628662109374,False,PUT,2026-09-18,EMR
EMR260918P00110000,110.0,5.6,4.1,6.4,6.0,293.0,0.497197410888672,False,PUT,2026-09-18,EMR
EMR260918P00115000,115.0,5.6,0.0,0.0,2.0,60.0,0.062509375,False,PUT,2026-09-18,EMR
EMR260918P00120000,120.0,9.3,0.0,0.0,1.0,15.0,0.062509375,False,PUT,2026-09-18,EMR
EMR260918P00125000,125.0,4.51,3.2,5.5,40.0,48.0,0.3338079315185547,False,PUT,2026-09-18,EMR
EMR260918P00130000,130.0,5.7,3.4,6.5,30.0,54.0,0.31757274230957033,False,PUT,2026-09-18,EMR
EMR260918P00135000,135.0,7.8,5.7,7.7,1.0,136.0,0.302314105834961,False,PUT,2026-09-18,EMR
EMR260918P00140000,140.0,8.88,7.4,9.0,1.0,217.0,0.284888742980957,False,PUT,2026-09-18,EMR
EMR260918P00145000,145.0,10.8,9.3,11.4,4.0,20.0,0.286567192993164,False,PUT,2026-09-18,EMR
EMR260918P00150000,150.0,12.7,11.6,13.9,3.0,15.0,0.28388167297363276,True,PUT,2026-09-18,EMR
EMR260918P00155000,155.0,15.3,13.8,16.4,3.0,5.0,0.27521476745605467,True,PUT,2026-09-18,EMR
EMR261218C00105000,105.0,48.0,45.5,50.0,3.0,7.0,0.443792183227539,True,CALL,2026-12-18,EMR
EMR261218C00110000,110.0,30.75,0.0,0.0,,15.0,1.0000000000000003e-05,True,CALL,2026-12-18,EMR
EMR261218C00115000,115.0,40.0,37.5,41.5,3.0,4.0,0.4049436947631836,True,CALL,2026-12-18,EMR
EMR261218C00120000,120.0,24.8,32.5,37.5,1.0,1.0,0.3891662646484375,True,CALL,2026-12-18,EMR
EMR261218C00125000,125.0,27.2,29.0,33.5,2.0,5.0,0.3711000390625,True,CALL,2026-12-18,EMR
EMR261218C00130000,130.0,17.9,25.0,30.0,,8.0,0.3614870980834961,True,CALL,2026-12-18,EMR
EMR261218C00135000,135.0,25.41,23.6,26.5,3.0,5.0,0.3486698434448242,True,CALL,2026-12-18,EMR
EMR261218C00140000,140.0,20.8,20.4,23.0,3.0,15.0,0.3328618960571289,True,CALL,2026-12-18,EMR
EMR261218C00145000,145.0,18.94,17.4,20.0,1.0,3.0,0.32330998962402335,True,CALL,2026-12-18,EMR
EMR261218C00150000,150.0,14.95,14.9,16.8,2.0,17.0,0.30664755859375,False,CALL,2026-12-18,EMR
EMR261218C00155000,155.0,13.09,12.7,14.4,2.0,11.0,0.3006966903686523,False,CALL,2026-12-18,EMR
EMR261218C00160000,160.0,12.21,10.6,13.0,2.0,14.0,0.3087532504272461,False,CALL,2026-12-18,EMR
EMR261218C00170000,170.0,8.2,7.0,9.2,4.0,24.0,0.2960580648803711,False,CALL,2026-12-18,EMR
EMR261218P00105000,105.0,2.1,0.0,5.0,3.0,4.0,0.4193173303222656,False,PUT,2026-12-18,EMR
EMR261218P00115000,115.0,5.7,1.95,5.4,6.0,5.0,0.35443760803222646,False,PUT,2026-12-18,EMR
EMR261218P00130000,130.0,7.51,5.9,8.5,1.0,2.0,0.3131477377319336,False,PUT,2026-12-18,EMR
EMR261218P00135000,135.0,7.92,7.1,9.5,1.0,1.0,0.2930978894042968,False,PUT,2026-12-18,EMR
EMR261218P00145000,145.0,12.52,11.1,12.5,10.0,84.0,0.2632214791870118,False,PUT,2026-12-18,EMR
EMR270115C00105000,105.0,48.11,45.5,50.0,6.0,83.0,0.4257259576416016,True,CALL,2027-01-15,EMR
EMR270115C00110000,110.0,42.24,42.2,45.5,1.0,53.0,0.40112903564453123,True,CALL,2027-01-15,EMR
EMR270115C00115000,115.0,41.0,38.0,41.5,1.0,8.0,0.38849488464355464,True,CALL,2027-01-15,EMR
EMR270115C00120000,120.0,37.22,34.0,37.2,1.0,49.0,0.36640037902832034,True,CALL,2027-01-15,EMR
EMR270115C00125000,125.0,30.9,30.0,34.0,1.0,56.0,0.36676658630371095,True,CALL,2027-01-15,EMR
EMR270115C00130000,130.0,27.8,26.5,30.5,1.0,78.0,0.356878989868164,True,CALL,2027-01-15,EMR
EMR270115C00135000,135.0,25.58,24.0,27.0,32.0,166.0,0.3440312179565429,True,CALL,2027-01-15,EMR
EMR270115C00140000,140.0,21.05,21.1,23.5,10.0,200.0,0.3284674087524414,True,CALL,2027-01-15,EMR
EMR270115C00145000,145.0,19.0,18.2,20.5,1.0,252.0,0.31900705413818353,True,CALL,2027-01-15,EMR
EMR270115C00150000,150.0,16.0,15.5,18.0,3.0,1271.0,0.31488722229003896,False,CALL,2027-01-15,EMR
EMR270115C00155000,155.0,15.16,13.3,15.0,6.0,256.0,0.29874358489990227,False,CALL,2027-01-15,EMR
EMR270115C00160000,160.0,11.6,11.1,13.0,9.0,150.0,0.29621065124511714,False,CALL,2027-01-15,EMR
EMR270115C00165000,165.0,7.1,9.2,11.2,8.0,467.0,0.2936472003173828,False,CALL,2027-01-15,EMR
EMR270115C00170000,170.0,8.0,7.6,9.2,3.0,92.0,0.2840342593383788,False,CALL,2027-01-15,EMR
EMR270115C00175000,175.0,7.19,6.1,7.5,7.0,23.0,0.27600821655273433,False,CALL,2027-01-15,EMR
EMR270115C00180000,180.0,5.0,4.9,7.5,2.0,20.0,0.29755341125488277,False,CALL,2027-01-15,EMR
EMR270115C00185000,185.0,4.8,2.95,6.3,2.0,8.0,0.2936472003173828,False,CALL,2027-01-15,EMR
EMR270115C00190000,190.0,4.02,3.1,6.0,2.0,19.0,0.30597617858886716,False,CALL,2027-01-15,EMR
EMR270115P00105000,105.0,1.97,0.3,5.0,1.0,96.0,0.40228869201660156,False,PUT,2027-01-15,EMR
EMR270115P00110000,110.0,3.3,2.6,5.0,1.0,225.0,0.3651796881103516,False,PUT,2027-01-15,EMR
EMR270115P00115000,115.0,3.8,2.05,5.5,13.0,42.0,0.3427189752197265,False,PUT,2027-01-15,EMR
EMR270115P00120000,120.0,6.27,2.9,6.3,1.0,16.0,0.32660585510253903,False,PUT,2027-01-15,EMR
EMR270115P00125000,125.0,6.31,5.1,7.2,2.0,40.0,0.31055376953124997,False,PUT,2027-01-15,EMR
EMR270115P00130000,130.0,7.3,6.4,8.9,2.0,34.0,0.30869221588134765,False,PUT,2027-01-15,EMR
EMR270115P00135000,135.0,8.3,7.7,8.8,56.0,57.0,0.26758544921875,False,PUT,2027-01-15,EMR
EMR270115P00140000,140.0,12.18,9.6,11.0,2.0,59.0,0.26865355377197264,False,PUT,2027-01-15,EMR
EMR270115P00145000,145.0,12.92,11.5,13.0,10.0,105.0,0.2613599255371094,False,PUT,2027-01-15,EMR
EMR270115P00150000,150.0,13.3,13.8,14.7,60.0,27.0,0.2447585290527344,True,PUT,2027-01-15,EMR
EMR270115P00155000,155.0,18.93,15.8,17.5,,1.0,0.24280542358398435,True,PUT,2027-01-15,EMR
EMR270115P00165000,165.0,37.0,35.5,40.5,,10.0,0.5261277856445312,True,PUT,2027-01-15,EMR
EMR280121C00105000,105.0,51.65,49.5,54.0,1.0,36.0,0.37436538726806634,True,CALL,2028-01-21,EMR
EMR280121C00110000,110.0,44.94,46.0,50.5,10.0,160.0,0.36926900268554685,True,CALL,2028-01-21,EMR
EMR280121C00115000,115.0,43.25,43.0,47.0,,2.0,0.3622195126342773,True,CALL,2028-01-21,EMR
EMR280121C00120000,120.0,29.27,0.0,0.0,1.0,12.0,1.0000000000000003e-05,True,CALL,2028-01-21,EMR
EMR280121C00130000,130.0,35.7,32.4,37.0,2.0,23.0,0.3388280229187011,True,CALL,2028-01-21,EMR
EMR280121C00135000,135.0,33.73,29.5,34.0,1.0,31.0,0.3325262060546875,True,CALL,2028-01-21,EMR
EMR280121C00140000,140.0,30.5,27.0,31.0,1.0,7.0,0.32462223236083976,True,CALL,2028-01-21,EMR
EMR280121C00145000,145.0,26.0,24.3,28.5,8.0,14.0,0.3214789532470703,True,CALL,2028-01-21,EMR
EMR280121C00150000,150.0,24.32,21.8,26.0,2.0,3.0,0.31662670684814453,False,CALL,2028-01-21,EMR
EMR280121C00155000,155.0,20.2,19.4,22.9,1.0,9.0,0.30297022720336914,False,CALL,2028-01-21,EMR
EMR280121C00160000,160.0,18.11,17.0,21.0,1.0,34.0,0.3021920367431641,False,CALL,2028-01-21,EMR
EMR280121C00165000,165.0,15.7,15.0,19.0,12.0,12.0,0.29862151580810536,False,CALL,2028-01-21,EMR
EMR280121C00170000,170.0,14.08,13.6,17.5,13.0,15.0,0.29944548217773437,False,CALL,2028-01-21,EMR
EMR280121C00175000,175.0,12.6,11.2,15.5,3.0,35.0,0.2927621994018553,False,CALL,2028-01-21,EMR
EMR280121C00180000,180.0,12.2,10.5,14.0,12.0,631.0,0.29062599029541014,False,CALL,2028-01-21,EMR
EMR280121C00190000,190.0,9.4,8.0,11.2,3.0,15.0,0.28458357025146475,False,CALL,2028-01-21,EMR
EMR280121P00105000,105.0,5.4,2.0,7.0,2.0,2.0,0.3218451605224609,False,PUT,2028-01-21,EMR
EMR280121P00115000,115.0,11.06,0.0,0.0,60.0,62.0,0.0312596875,False,PUT,2028-01-21,EMR
EMR280121P00120000,120.0,7.0,6.1,10.0,2.0,2.0,0.2880625393676757,False,PUT,2028-01-21,EMR
EMR280121P00125000,125.0,9.2,7.7,11.5,11.0,14.0,0.28159287750244133,False,PUT,2028-01-21,EMR
EMR280121P00130000,130.0,12.5,8.0,12.5,1.0,0.0,0.2662426892089844,False,PUT,2028-01-21,EMR
EMR280121P00135000,135.0,14.17,10.0,14.0,2.0,5.0,0.25644664459228517,False,PUT,2028-01-21,EMR
EMR280121P00140000,140.0,14.9,12.0,16.0,3.0,4.0,0.2512739668273925,False,PUT,2028-01-21,EMR
EMR280121P00145000,145.0,17.0,14.0,18.5,,2.0,0.25016008636474607,False,PUT,2028-01-21,EMR
EMR280121P00160000,160.0,22.0,21.5,25.5,,7.0,0.22751626983642576,True,PUT,2028-01-21,EMR
ENPH260130C00027000,27.0,13.58,9.6,11.35,3.0,18.0,4.335942080078125,True,CALL,2026-01-30,ENPH
ENPH260130C00028000,28.0,11.55,8.55,10.35,8.0,1.0,3.9863281591796875,True,CALL,2026-01-30,ENPH
ENPH260130C00029000,29.0,11.09,7.55,9.35,1.0,5.0,3.6464852587890633,True,CALL,2026-01-30,ENPH
ENPH260130C00030000,30.0,10.2,6.55,8.5,13.0,10.0,3.5390636523437498,True,CALL,2026-01-30,ENPH
ENPH260130C00030500,30.5,10.35,6.1,7.85,51.0,24.0,3.14843962890625,True,CALL,2026-01-30,ENPH
ENPH260130C00031000,31.0,9.95,5.6,7.3,24.0,40.0,2.9101589746093754,True,CALL,2026-01-30,ENPH
ENPH260130C00031500,31.5,7.04,5.15,6.8,2.0,2.0,2.750003125,True,CALL,2026-01-30,ENPH
ENPH260130C00032000,32.0,5.8,5.2,6.15,11.0,70.0,1.4882838085937498,True,CALL,2026-01-30,ENPH
ENPH260130C00032500,32.5,8.71,4.2,5.8,1.0,13.0,2.42969142578125,True,CALL,2026-01-30,ENPH
ENPH260130C00033000,33.0,4.6,4.25,5.25,5.0,69.0,1.4296903515625,True,CALL,2026-01-30,ENPH
ENPH260130C00033500,33.5,7.25,3.1,4.8,3.0,28.0,2.1093797265624996,True,CALL,2026-01-30,ENPH
ENPH260130C00034000,34.0,3.38,2.62,4.25,9.0,113.0,1.888672431640625,True,CALL,2026-01-30,ENPH
ENPH260130C00034500,34.5,2.98,2.56,3.75,12.0,29.0,0.87500125,True,CALL,2026-01-30,ENPH
ENPH260130C00035000,35.0,2.76,2.63,3.1,63.0,259.0,1.0976607617187502,True,CALL,2026-01-30,ENPH
ENPH260130C00035500,35.5,2.49,1.54,3.75,20.0,49.0,1.2851598242187499,True,CALL,2026-01-30,ENPH
ENPH260130C00036000,36.0,1.9,1.68,2.29,65.0,523.0,0.9492192578124999,True,CALL,2026-01-30,ENPH
ENPH260130C00036500,36.5,1.51,1.25,1.94,22.0,20.0,0.8984385156249999,True,CALL,2026-01-30,ENPH
ENPH260130C00037000,37.0,1.2,1.04,1.35,103.0,312.0,0.8115253222656249,True,CALL,2026-01-30,ENPH
ENPH260130C00037500,37.5,0.92,0.72,1.03,113.0,77.0,0.7675804492187501,True,CALL,2026-01-30,ENPH
ENPH260130C00038000,38.0,0.5,0.51,0.67,311.0,572.0,0.7128934960937501,False,CALL,2026-01-30,ENPH
ENPH260130C00038500,38.5,0.4,0.32,0.53,34.0,125.0,0.7246121289062499,False,CALL,2026-01-30,ENPH
ENPH260130C00039000,39.0,0.25,0.21,0.39,205.0,703.0,0.73633076171875,False,CALL,2026-01-30,ENPH
ENPH260130C00039500,39.5,0.2,0.11,0.29,159.0,106.0,0.73633076171875,False,CALL,2026-01-30,ENPH
ENPH260130C00040000,40.0,0.12,0.1,0.15,361.0,2212.0,0.7304714453125,False,CALL,2026-01-30,ENPH
ENPH260130C00040500,40.5,0.05,0.04,0.11,176.0,354.0,0.726565234375,False,CALL,2026-01-30,ENPH
ENPH260130C00041000,41.0,0.07,0.02,0.07,163.0,1126.0,0.726565234375,False,CALL,2026-01-30,ENPH
ENPH260130C00041500,41.5,0.02,0.01,0.11,215.0,246.0,0.851563984375,False,CALL,2026-01-30,ENPH
ENPH260130C00042000,42.0,0.02,0.02,0.04,241.0,1183.0,0.8125018749999999,False,CALL,2026-01-30,ENPH
ENPH260130C00042500,42.5,0.02,0.0,0.16,40.0,313.0,1.0703171484375003,False,CALL,2026-01-30,ENPH
ENPH260130C00043000,43.0,0.01,0.01,0.03,210.0,629.0,0.8906260937499999,False,CALL,2026-01-30,ENPH
ENPH260130C00043500,43.5,0.01,0.0,0.01,24.0,531.0,0.8125018749999999,False,CALL,2026-01-30,ENPH
ENPH260130C00044000,44.0,0.03,0.0,0.05,19.0,2140.0,1.0546922265625,False,CALL,2026-01-30,ENPH
ENPH260130C00045000,45.0,0.01,0.0,0.02,277.0,1568.0,1.0312548437500002,False,CALL,2026-01-30,ENPH
ENPH260130C00046000,46.0,0.05,0.0,0.52,11.0,121.0,2.042973642578125,False,CALL,2026-01-30,ENPH
ENPH260130C00047000,47.0,0.01,0.0,0.01,11.0,12.0,1.15625421875,False,CALL,2026-01-30,ENPH
ENPH260130P00027000,27.0,0.02,0.0,0.11,22.0,270.0,2.3046917382812495,False,PUT,2026-01-30,ENPH
ENPH260130P00028000,28.0,0.08,0.0,0.15,20.0,58.0,2.2031294921874993,False,PUT,2026-01-30,ENPH
ENPH260130P00029000,29.0,0.01,0.0,0.56,30.0,250.0,2.6406283984375003,False,PUT,2026-01-30,ENPH
ENPH260130P00030000,30.0,0.01,0.0,0.04,203.0,410.0,1.40625296875,False,PUT,2026-01-30,ENPH
ENPH260130P00030500,30.5,0.2,0.0,0.2,2.0,14.0,1.75000125,False,PUT,2026-01-30,ENPH
ENPH260130P00031000,31.0,0.01,0.0,0.25,4.0,174.0,1.71875140625,False,PUT,2026-01-30,ENPH
ENPH260130P00031500,31.5,0.01,0.0,0.05,72.0,245.0,1.1875040625,False,PUT,2026-01-30,ENPH
ENPH260130P00032000,32.0,0.06,0.01,0.06,6.0,501.0,1.15625421875,False,PUT,2026-01-30,ENPH
ENPH260130P00032500,32.5,0.01,0.0,0.57,7.0,44.0,1.720704521484375,False,PUT,2026-01-30,ENPH
ENPH260130P00033000,33.0,0.03,0.0,0.1,11.0,655.0,1.0312548437500002,False,PUT,2026-01-30,ENPH
ENPH260130P00033500,33.5,0.09,0.0,0.03,29.0,55.0,0.7500025,False,PUT,2026-01-30,ENPH
ENPH260130P00034000,34.0,0.03,0.01,0.06,12.0,168.0,0.773439765625,False,PUT,2026-01-30,ENPH
ENPH260130P00034500,34.5,0.04,0.0,0.28,1.0,56.0,0.9492192578124999,False,PUT,2026-01-30,ENPH
ENPH260130P00035000,35.0,0.1,0.02,0.05,16.0,275.0,0.585941640625,False,PUT,2026-01-30,ENPH
ENPH260130P00035500,35.5,0.1,0.04,0.14,3.0,226.0,0.6210975390625001,False,PUT,2026-01-30,ENPH
ENPH260130P00036000,36.0,0.18,0.1,0.13,167.0,209.0,0.5468795312500001,False,PUT,2026-01-30,ENPH
ENPH260130P00036500,36.5,0.18,0.15,0.27,158.0,77.0,0.5429733203125001,False,PUT,2026-01-30,ENPH
ENPH260130P00037000,37.0,0.34,0.27,0.43,109.0,358.0,0.5312546875,False,PUT,2026-01-30,ENPH
ENPH260130P00037500,37.5,0.56,0.44,0.67,45.0,247.0,0.523442265625,False,PUT,2026-01-30,ENPH
ENPH260130P00038000,38.0,0.81,0.68,0.89,107.0,567.0,0.5742230078125,True,PUT,2026-01-30,ENPH
ENPH260130P00038500,38.5,1.45,0.81,1.39,25.0,346.0,0.7382838671874999,True,PUT,2026-01-30,ENPH
ENPH260130P00039000,39.0,1.39,1.29,1.58,76.0,617.0,0.52539537109375,True,PUT,2026-01-30,ENPH
ENPH260130P00039500,39.5,1.91,1.55,2.32,127.0,235.0,0.945313046875,True,PUT,2026-01-30,ENPH
ENPH260130P00040000,40.0,2.35,1.96,2.77,147.0,231.0,1.0078174609375,True,PUT,2026-01-30,ENPH
ENPH260130P00040500,40.5,3.2,2.33,3.5,22.0,334.0,1.40234673828125,True,PUT,2026-01-30,ENPH
ENPH260130P00041000,41.0,3.57,2.75,4.5,52.0,123.0,1.013676806640625,True,PUT,2026-01-30,ENPH
ENPH260130P00041500,41.5,4.01,3.3,4.25,2.0,10.0,1.3085972070312497,True,PUT,2026-01-30,ENPH
ENPH260130P00042000,42.0,1.97,3.7,5.45,9.0,30.0,1.1015669921875002,True,PUT,2026-01-30,ENPH
ENPH260130P00043000,43.0,3.03,4.7,6.45,3.0,58.0,1.2656286718749998,True,PUT,2026-01-30,ENPH
ENPH260130P00044000,44.0,4.36,5.75,7.45,,45.0,1.4882838085937498,True,PUT,2026-01-30,ENPH
ENPH260130P00045000,45.0,4.9,6.7,8.4,47.0,27.0,1.50390873046875,True,PUT,2026-01-30,ENPH
ENPH260130P00046000,46.0,6.4,7.55,9.6,2.0,3.0,1.71875140625,True,PUT,2026-01-30,ENPH
ENPH260206C00027000,27.0,14.33,9.15,11.7,10.0,0.0,2.3261760595703116,True,CALL,2026-02-06,ENPH
ENPH260206C00029000,29.0,7.3,7.7,9.6,,24.0,0.98437515625,True,CALL,2026-02-06,ENPH
ENPH260206C00029500,29.5,11.86,7.1,9.35,54.0,54.0,1.05078599609375,True,CALL,2026-02-06,ENPH
ENPH260206C00030000,30.0,11.19,6.9,8.7,11.0,103.0,1.083988955078125,True,CALL,2026-02-06,ENPH
ENPH260206C00030500,30.5,8.95,6.2,8.45,,1.0,1.05078599609375,True,CALL,2026-02-06,ENPH
ENPH260206C00031000,31.0,10.35,6.2,7.85,22.0,17.0,1.1660197949218751,True,CALL,2026-02-06,ENPH
ENPH260206C00032000,32.0,7.36,5.85,6.85,5.0,63.0,1.25390998046875,True,CALL,2026-02-06,ENPH
ENPH260206C00032500,32.5,9.35,5.1,6.65,2.0,4.0,1.1923868505859376,True,CALL,2026-02-06,ENPH
ENPH260206C00033000,33.0,5.44,4.7,6.25,2.0,39.0,1.1748088134765624,True,CALL,2026-02-06,ENPH
ENPH260206C00033500,33.5,6.93,3.2,5.7,4.0,4.0,0.772463212890625,True,CALL,2026-02-06,ENPH
ENPH260206C00034000,34.0,4.85,4.05,5.15,2.0,87.0,1.0830123974609376,True,CALL,2026-02-06,ENPH
ENPH260206C00034500,34.5,4.65,4.35,4.7,3.0,28.0,1.2138711181640622,True,CALL,2026-02-06,ENPH
ENPH260206C00035000,35.0,6.38,4.05,4.5,3.0,346.0,1.2426795678710936,True,CALL,2026-02-06,ENPH
ENPH260206C00035500,35.5,4.43,3.7,4.05,18.0,35.0,1.1943399658203124,True,CALL,2026-02-06,ENPH
ENPH260206C00036000,36.0,3.59,3.45,3.75,16.0,187.0,1.1982461962890625,True,CALL,2026-02-06,ENPH
ENPH260206C00036500,36.5,2.9,3.05,3.55,1.0,17.0,1.1845743896484375,True,CALL,2026-02-06,ENPH
ENPH260206C00037000,37.0,2.86,2.86,3.25,117.0,300.0,1.1884806201171876,True,CALL,2026-02-06,ENPH
ENPH260206C00037500,37.5,2.7,2.3,2.95,121.0,38.0,1.107426337890625,True,CALL,2026-02-06,ENPH
ENPH260206C00038000,38.0,2.62,2.4,2.82,151.0,448.0,1.197269638671875,False,CALL,2026-02-06,ENPH
ENPH260206C00038500,38.5,2.06,2.16,2.52,10.0,39.0,1.1728556982421874,False,CALL,2026-02-06,ENPH
ENPH260206C00039000,39.0,2.02,1.93,2.33,171.0,359.0,1.1679729101562502,False,CALL,2026-02-06,ENPH
ENPH260206C00039500,39.5,1.91,1.78,2.15,7.0,117.0,1.1757853710937498,False,CALL,2026-02-06,ENPH
ENPH260206C00040000,40.0,1.73,1.69,1.98,486.0,3101.0,1.1943399658203124,False,CALL,2026-02-06,ENPH
ENPH260206C00040500,40.5,1.6,1.5,1.81,14.0,445.0,1.1860392260742185,False,CALL,2026-02-06,ENPH
ENPH260206C00041000,41.0,1.6,1.43,1.66,263.0,715.0,1.2036172631835935,False,CALL,2026-02-06,ENPH
ENPH260206C00041500,41.5,1.35,1.29,1.66,9.0,126.0,1.2353553857421873,False,CALL,2026-02-06,ENPH
ENPH260206C00042000,42.0,1.21,0.97,1.45,71.0,1027.0,1.1709025830078126,False,CALL,2026-02-06,ENPH
ENPH260206C00042500,42.5,0.86,0.91,1.36,49.0,80.0,1.19141029296875,False,CALL,2026-02-06,ENPH
ENPH260206C00043000,43.0,0.98,0.92,1.22,65.0,447.0,1.2128945605468748,False,CALL,2026-02-06,ENPH
ENPH260206C00043500,43.5,0.88,0.69,1.1,26.0,151.0,1.1728556982421874,False,CALL,2026-02-06,ENPH
ENPH260206C00044000,44.0,0.89,0.61,1.01,13.0,181.0,1.1757853710937498,False,CALL,2026-02-06,ENPH
ENPH260206C00044500,44.5,0.83,0.61,0.9,25.0,154.0,1.19141029296875,False,CALL,2026-02-06,ENPH
ENPH260206C00045000,45.0,0.7,0.62,0.88,190.0,621.0,1.2343788281249999,False,CALL,2026-02-06,ENPH
ENPH260206C00045500,45.5,1.24,0.47,0.75,13.0,47.0,1.19141029296875,False,CALL,2026-02-06,ENPH
ENPH260206C00046000,46.0,0.63,0.5,0.7,3.0,198.0,1.2265663671875,False,CALL,2026-02-06,ENPH
ENPH260206C00046500,46.5,0.86,0.38,1.06,14.0,69.0,1.3476595117187498,False,CALL,2026-02-06,ENPH
ENPH260206C00047000,47.0,0.45,0.37,0.61,23.0,170.0,1.23047259765625,False,CALL,2026-02-06,ENPH
ENPH260206C00048000,48.0,0.52,0.27,0.54,2.0,45.0,1.2382850585937497,False,CALL,2026-02-06,ENPH
ENPH260206P00027000,27.0,0.18,0.0,0.98,10.0,20.0,1.751954365234375,False,PUT,2026-02-06,ENPH
ENPH260206P00028000,28.0,0.1,0.0,0.71,3.0,107.0,1.46484642578125,False,PUT,2026-02-06,ENPH
ENPH260206P00029000,29.0,0.19,0.15,0.24,15.0,69.0,1.138676181640625,False,PUT,2026-02-06,ENPH
ENPH260206P00029500,29.5,0.18,0.0,0.25,2.0,7.0,0.9765627343750001,False,PUT,2026-02-06,ENPH
ENPH260206P00030000,30.0,0.27,0.24,0.3,107.0,743.0,1.107426337890625,False,PUT,2026-02-06,ENPH
ENPH260206P00030500,30.5,0.35,0.16,0.49,2.0,5.0,1.0996138769531252,False,PUT,2026-02-06,ENPH
ENPH260206P00031000,31.0,0.35,0.35,0.47,44.0,347.0,1.1123091259765625,False,PUT,2026-02-06,ENPH
ENPH260206P00032000,32.0,0.57,0.48,0.72,194.0,195.0,1.119145029296875,False,PUT,2026-02-06,ENPH
ENPH260206P00032500,32.5,0.7,0.55,0.77,10.0,30.0,1.087895185546875,False,PUT,2026-02-06,ENPH
ENPH260206P00033000,33.0,0.78,0.67,0.92,75.0,412.0,1.0976607617187502,False,PUT,2026-02-06,ENPH
ENPH260206P00033500,33.5,0.61,0.06,1.23,1.0,8.0,0.93164130859375,False,PUT,2026-02-06,ENPH
ENPH260206P00034000,34.0,0.99,0.94,1.08,47.0,156.0,1.0615281298828125,False,PUT,2026-02-06,ENPH
ENPH260206P00034500,34.5,1.26,1.1,1.39,150.0,112.0,1.0996138769531252,False,PUT,2026-02-06,ENPH
ENPH260206P00035000,35.0,1.33,1.28,1.44,95.0,277.0,1.0683640332031252,False,PUT,2026-02-06,ENPH
ENPH260206P00035500,35.5,1.61,1.45,1.99,157.0,57.0,1.1464886425781249,False,PUT,2026-02-06,ENPH
ENPH260206P00036000,36.0,1.8,1.64,1.87,121.0,98.0,1.0664109179687502,False,PUT,2026-02-06,ENPH
ENPH260206P00036500,36.5,2.0,1.84,4.05,115.0,31.0,1.4882838085937498,False,PUT,2026-02-06,ENPH
ENPH260206P00037000,37.0,2.34,2.0,2.47,31.0,148.0,1.0722702636718753,False,PUT,2026-02-06,ENPH
ENPH260206P00038000,38.0,3.0,2.51,2.97,144.0,84.0,1.0615281298828125,True,PUT,2026-02-06,ENPH
ENPH260206P00038500,38.5,3.35,2.87,3.25,106.0,32.0,1.0751999365234377,True,PUT,2026-02-06,ENPH
ENPH260206P00039000,39.0,3.33,3.15,3.45,37.0,59.0,1.0478563232421876,True,PUT,2026-02-06,ENPH
ENPH260206P00039500,39.5,2.75,3.5,3.85,1.0,47.0,1.0722702636718753,True,PUT,2026-02-06,ENPH
ENPH260206P00040000,40.0,4.2,3.8,4.15,38.0,237.0,1.0576218994140625,True,PUT,2026-02-06,ENPH
ENPH260206P00040500,40.5,4.35,4.2,4.5,7.0,83.0,1.0712937060546879,True,PUT,2026-02-06,ENPH
ENPH260206P00041000,41.0,4.97,4.5,4.85,1.0,38.0,1.0556687841796877,True,PUT,2026-02-06,ENPH
ENPH260206P00042000,42.0,3.75,4.15,6.2,3.0,7.0,0.922852333984375,True,PUT,2026-02-06,ENPH
ENPH260206P00042500,42.5,3.74,5.65,6.05,2.0,2.0,1.0703171484375003,True,PUT,2026-02-06,ENPH
ENPH260206P00043000,43.0,7.05,6.0,6.4,6.0,16.0,1.0419969775390627,True,PUT,2026-02-06,ENPH
ENPH260206P00043500,43.5,5.2,6.0,7.5,5.0,8.0,1.1201215869140624,True,PUT,2026-02-06,ENPH
ENPH260206P00044000,44.0,5.8,6.4,7.9,35.0,58.0,1.111332568359375,True,PUT,2026-02-06,ENPH
ENPH260206P00044500,44.5,6.05,6.85,8.35,6.0,9.0,1.1279340478515625,True,PUT,2026-02-06,ENPH
ENPH260213C00029000,29.0,6.88,8.05,9.7,17.0,2.0,0.9726565234375,True,CALL,2026-02-13,ENPH
ENPH260213C00030000,30.0,11.32,7.2,8.85,11.0,28.0,0.9785158398437501,True,CALL,2026-02-13,ENPH
ENPH260213C00031000,31.0,10.47,6.35,7.7,50.0,86.0,0.87500125,True,CALL,2026-02-13,ENPH
ENPH260213C00032000,32.0,6.31,6.1,6.9,15.0,45.0,1.0107471337890623,True,CALL,2026-02-13,ENPH
ENPH260213C00033000,33.0,5.8,5.35,6.15,18.0,110.0,0.9975586181640624,True,CALL,2026-02-13,ENPH
ENPH260213C00034000,34.0,6.75,4.75,5.25,8.0,41.0,0.9677737597656251,True,CALL,2026-02-13,ENPH
ENPH260213C00035000,35.0,4.45,4.3,4.6,8.0,155.0,0.9936524072265626,True,CALL,2026-02-13,ENPH
ENPH260213C00036000,36.0,3.93,3.7,4.05,20.0,117.0,0.9907227490234375,True,CALL,2026-02-13,ENPH
ENPH260213C00037000,37.0,3.2,3.15,3.6,15.0,102.0,0.9951172363281251,True,CALL,2026-02-13,ENPH
ENPH260213C00038000,38.0,2.7,2.75,2.99,54.0,151.0,0.9809572216796876,False,CALL,2026-02-13,ENPH
ENPH260213C00039000,39.0,2.42,2.29,2.64,5.0,238.0,0.9829103271484375,False,CALL,2026-02-13,ENPH
ENPH260213C00040000,40.0,1.95,1.97,2.29,8.0,389.0,0.992187578125,False,CALL,2026-02-13,ENPH
ENPH260213C00041000,41.0,1.62,1.53,1.95,9.0,50.0,0.9687503125,False,CALL,2026-02-13,ENPH
ENPH260213C00042000,42.0,1.41,1.27,1.63,85.0,346.0,0.963867548828125,False,CALL,2026-02-13,ENPH
ENPH260213C00043000,43.0,1.23,1.01,1.3,5.0,106.0,0.9423833886718749,False,CALL,2026-02-13,ENPH
ENPH260213C00044000,44.0,1.1,1.01,1.11,1.0,42.0,0.98437515625,False,CALL,2026-02-13,ENPH
ENPH260213C00045000,45.0,0.9,0.8,1.1,7.0,588.0,1.0127002490234376,False,CALL,2026-02-13,ENPH
ENPH260213C00046000,46.0,0.79,0.56,0.83,3.0,123.0,0.96679720703125,False,CALL,2026-02-13,ENPH
ENPH260213C00048000,48.0,1.02,0.47,0.59,20.0,20.0,1.0029346728515625,False,CALL,2026-02-13,ENPH
ENPH260213P00027000,27.0,0.3,0.12,0.22,1.0,20.0,1.0078174609375,False,PUT,2026-02-13,ENPH
ENPH260213P00028000,28.0,0.25,0.01,0.25,12.0,725.0,0.8652357226562499,False,PUT,2026-02-13,ENPH
ENPH260213P00029000,29.0,0.41,0.04,0.39,12.0,65.0,0.8730481445312499,False,PUT,2026-02-13,ENPH
ENPH260213P00030000,30.0,0.37,0.35,0.43,4.0,99.0,0.92187578125,False,PUT,2026-02-13,ENPH
ENPH260213P00031000,31.0,0.58,0.48,0.62,3.0,67.0,0.91992267578125,False,PUT,2026-02-13,ENPH
ENPH260213P00032000,32.0,0.37,0.66,0.73,2.0,39.0,0.8886729882812499,False,PUT,2026-02-13,ENPH
ENPH260213P00033000,33.0,0.97,0.88,0.94,18.0,70.0,0.8740246972656249,False,PUT,2026-02-13,ENPH
ENPH260213P00034000,34.0,1.23,1.16,1.2,178.0,101.0,0.8632826171875,False,PUT,2026-02-13,ENPH
ENPH260213P00035000,35.0,1.59,1.44,1.57,48.0,154.0,0.8535170898437501,False,PUT,2026-02-13,ENPH
ENPH260213P00036000,36.0,2.04,1.85,1.97,1.0,78.0,0.851563984375,False,PUT,2026-02-13,ENPH
ENPH260213P00037000,37.0,1.45,2.34,2.48,82.0,73.0,0.8608412353515625,False,PUT,2026-02-13,ENPH
ENPH260213P00038000,38.0,2.41,2.82,3.2,3.0,7.0,0.8818371191406249,True,PUT,2026-02-13,ENPH
ENPH260213P00039000,39.0,2.21,3.4,3.9,6.0,70.0,0.8984385156249999,True,PUT,2026-02-13,ENPH
ENPH260213P00040000,40.0,2.81,4.0,4.65,1.0,41.0,0.9091805957031249,True,PUT,2026-02-13,ENPH
ENPH260213P00043000,43.0,5.8,6.15,6.8,2.0,23.0,0.89257919921875,True,PUT,2026-02-13,ENPH
ENPH260220C00027000,27.0,12.03,9.95,11.65,10.0,10.0,0.9179695703125,True,CALL,2026-02-20,ENPH
ENPH260220C00030000,30.0,7.7,7.3,8.75,1.0,3423.0,0.8164080859374999,True,CALL,2026-02-20,ENPH
ENPH260220C00030500,30.5,9.9,6.95,8.55,58.0,58.0,0.8828136718749999,True,CALL,2026-02-20,ENPH
ENPH260220C00031000,31.0,8.47,6.45,8.15,,47.0,0.858399853515625,True,CALL,2026-02-20,ENPH
ENPH260220C00031500,31.5,10.1,6.2,7.5,2.0,4.0,0.8320329296874999,True,CALL,2026-02-20,ENPH
ENPH260220C00032000,32.0,8.26,6.15,7.0,6.0,15.0,0.8720715917968749,True,CALL,2026-02-20,ENPH
ENPH260220C00033000,33.0,8.35,5.15,6.3,,5.0,0.823243955078125,True,CALL,2026-02-20,ENPH
ENPH260220C00034000,34.0,6.35,5.1,5.5,1.0,10.0,0.9008798974609374,True,CALL,2026-02-20,ENPH
ENPH260220C00034500,34.5,4.65,4.75,5.15,1.0,13.0,0.8881847119140623,True,CALL,2026-02-20,ENPH
ENPH260220C00035000,35.0,4.61,4.55,4.8,44.0,4807.0,0.8945323046874999,True,CALL,2026-02-20,ENPH
ENPH260220C00035500,35.5,3.1,4.2,4.6,,114.0,0.8969736865234373,True,CALL,2026-02-20,ENPH
ENPH260220C00036000,36.0,6.25,3.95,4.2,2.0,202.0,0.8818371191406249,True,CALL,2026-02-20,ENPH
ENPH260220C00036500,36.5,3.5,3.5,4.05,2.0,27.0,0.8710950390625,True,CALL,2026-02-20,ENPH
ENPH260220C00037000,37.0,3.55,3.45,3.7,15.0,10.0,0.883790224609375,True,CALL,2026-02-20,ENPH
ENPH260220C00037500,37.5,3.22,2.91,3.45,11.0,198.0,0.840821904296875,True,CALL,2026-02-20,ENPH
ENPH260220C00038000,38.0,4.8,2.8,3.35,2.0,49.0,0.8725598681640624,False,CALL,2026-02-20,ENPH
ENPH260220C00038500,38.5,2.86,2.64,3.05,7.0,53.0,0.8676771044921875,False,CALL,2026-02-20,ENPH
ENPH260220C00039000,39.0,2.3,2.19,2.83,51.0,179.0,0.8320329296874999,False,CALL,2026-02-20,ENPH
ENPH260220C00039500,39.5,2.2,2.35,2.6,9.0,146.0,0.8730481445312499,False,CALL,2026-02-20,ENPH
ENPH260220C00040000,40.0,2.45,2.12,2.45,57.0,7232.0,0.8696302099609375,False,CALL,2026-02-20,ENPH
ENPH260220C00040500,40.5,1.7,1.82,2.27,24.0,23.0,0.84961087890625,False,CALL,2026-02-20,ENPH
ENPH260220C00041000,41.0,1.65,1.85,2.18,6.0,160.0,0.88476677734375,False,CALL,2026-02-20,ENPH
ENPH260220C00042000,42.0,1.55,1.37,1.89,12.0,331.0,0.8564467480468749,False,CALL,2026-02-20,ENPH
ENPH260220C00043000,43.0,1.39,1.2,1.57,1252.0,5499.0,0.85742330078125,False,CALL,2026-02-20,ENPH
ENPH260220C00044000,44.0,1.51,1.01,1.49,1.0,590.0,0.8828136718749999,False,CALL,2026-02-20,ENPH
ENPH260220C00045000,45.0,1.02,1.0,1.14,1270.0,8577.0,0.8867198828124999,False,CALL,2026-02-20,ENPH
ENPH260220C00046000,46.0,1.62,0.78,1.03,29.0,22.0,0.8867198828124999,False,CALL,2026-02-20,ENPH
ENPH260220C00047000,47.0,0.75,0.64,0.84,2.0,10.0,0.87695435546875,False,CALL,2026-02-20,ENPH
ENPH260220C00048000,48.0,1.22,0.51,0.82,4.0,6.0,0.8964854101562498,False,CALL,2026-02-20,ENPH
ENPH260220P00027000,27.0,0.39,0.01,0.4,,4.0,0.87695435546875,False,PUT,2026-02-20,ENPH
ENPH260220P00028000,28.0,0.2,0.01,0.3,,81.0,0.7500025,False,PUT,2026-02-20,ENPH
ENPH260220P00029000,29.0,0.29,0.01,0.52,1.0,1.0,0.7675804492187501,False,PUT,2026-02-20,ENPH
ENPH260220P00029500,29.5,0.23,0.02,0.56,1.0,37.0,0.7460962890625,False,PUT,2026-02-20,ENPH
ENPH260220P00030000,30.0,0.5,0.39,0.58,110.0,4439.0,0.82226740234375,False,PUT,2026-02-20,ENPH
ENPH260220P00031000,31.0,0.47,0.14,0.83,5.0,38.0,0.73437765625,False,PUT,2026-02-20,ENPH
ENPH260220P00031500,31.5,0.41,0.3,0.93,15.0,23.0,0.75195560546875,False,PUT,2026-02-20,ENPH
ENPH260220P00032000,32.0,0.85,0.77,0.9,1.0,27.0,0.797853583984375,False,PUT,2026-02-20,ENPH
ENPH260220P00032500,32.5,0.98,0.84,1.18,12.0,12.0,0.8159198095703124,False,PUT,2026-02-20,ENPH
ENPH260220P00033000,33.0,1.15,1.01,1.23,44.0,31.0,0.8042011767578124,False,PUT,2026-02-20,ENPH
ENPH260220P00033500,33.5,1.15,1.09,1.38,1.0,3.0,0.79101771484375,False,PUT,2026-02-20,ENPH
ENPH260220P00034000,34.0,1.54,1.24,1.59,5.0,56.0,0.795900478515625,False,PUT,2026-02-20,ENPH
ENPH260220P00034500,34.5,1.26,1.45,1.75,3.0,5.0,0.797853583984375,False,PUT,2026-02-20,ENPH
ENPH260220P00035000,35.0,1.68,1.61,1.86,146.0,5826.0,0.780275634765625,False,PUT,2026-02-20,ENPH
ENPH260220P00035500,35.5,1.2,1.89,2.41,5.0,22.0,0.8403336279296875,False,PUT,2026-02-20,ENPH
ENPH260220P00036000,36.0,2.15,2.09,2.29,4.0,114.0,0.7885763330078125,False,PUT,2026-02-20,ENPH
ENPH260220P00037000,37.0,2.78,2.43,2.92,2.0,55.0,0.7895528857421875,False,PUT,2026-02-20,ENPH
ENPH260220P00037500,37.5,3.04,2.66,3.1,22.0,81.0,0.7744163183593751,False,PUT,2026-02-20,ENPH
ENPH260220P00038000,38.0,3.3,3.0,3.3,3.0,35.0,0.7729514892578125,True,PUT,2026-02-20,ENPH
ENPH260220P00038500,38.5,2.77,3.35,3.8,1.0,69.0,0.8095722167968749,True,PUT,2026-02-20,ENPH
ENPH260220P00039000,39.0,4.0,3.55,3.85,1026.0,1047.0,0.762697685546875,True,PUT,2026-02-20,ENPH
ENPH260220P00039500,39.5,3.9,3.95,4.25,2.0,89.0,0.7856466748046875,True,PUT,2026-02-20,ENPH
ENPH260220P00040000,40.0,4.89,4.2,4.7,36.0,6680.0,0.7924825439453125,True,PUT,2026-02-20,ENPH
ENPH260220P00040500,40.5,5.0,4.5,5.0,5.0,110.0,0.782228740234375,True,PUT,2026-02-20,ENPH
ENPH260220P00041000,41.0,5.5,4.95,5.3,18.0,26.0,0.790041162109375,True,PUT,2026-02-20,ENPH
ENPH260220P00042000,42.0,6.5,5.55,5.95,12.0,221.0,0.7597680273437502,True,PUT,2026-02-20,ENPH
ENPH260220P00043000,43.0,7.3,6.4,6.8,8.0,108.0,0.7841818457031251,True,PUT,2026-02-20,ENPH
ENPH260220P00044000,44.0,6.32,7.15,7.6,5.0,7.0,0.7753928710937501,True,PUT,2026-02-20,ENPH
ENPH260220P00045000,45.0,8.7,7.85,9.05,109.0,667.0,0.8623060644531251,True,PUT,2026-02-20,ENPH
ENPH260220P00047000,47.0,7.5,9.3,10.95,7.0,4.0,0.850587431640625,True,PUT,2026-02-20,ENPH
ENPH260227C00030000,30.0,10.85,7.2,9.15,,7.0,0.7832052929687501,True,CALL,2026-02-27,ENPH
ENPH260227C00031000,31.0,10.2,6.4,8.35,2.0,3.0,0.7797873583984375,True,CALL,2026-02-27,ENPH
ENPH260227C00032000,32.0,5.35,6.5,7.5,,12.0,0.8984385156249999,True,CALL,2026-02-27,ENPH
ENPH260227C00033000,33.0,8.36,5.8,6.9,6.0,9.0,0.903321279296875,True,CALL,2026-02-27,ENPH
ENPH260227C00034000,34.0,6.98,5.35,5.85,1.0,7.0,0.8696302099609375,True,CALL,2026-02-27,ENPH
ENPH260227C00035000,35.0,4.82,4.65,5.05,1.0,21.0,0.8276384423828124,True,CALL,2026-02-27,ENPH
ENPH260227C00036000,36.0,6.66,4.1,4.6,1.0,33.0,0.8393570751953124,True,CALL,2026-02-27,ENPH
ENPH260227C00037000,37.0,3.75,3.65,3.9,249.0,53.0,0.8212908496093749,True,CALL,2026-02-27,ENPH
ENPH260227C00038000,38.0,3.1,3.15,3.55,8.0,40.0,0.8281267187499999,False,CALL,2026-02-27,ENPH
ENPH260227C00039000,39.0,4.44,2.72,3.0,223.0,259.0,0.8100604931640624,False,CALL,2026-02-27,ENPH
ENPH260227C00040000,40.0,2.47,2.33,2.69,20.0,101.0,0.81445498046875,False,CALL,2026-02-27,ENPH
ENPH260227C00041000,41.0,3.35,2.0,2.3,32.0,79.0,0.8071308349609375,False,CALL,2026-02-27,ENPH
ENPH260227C00042000,42.0,1.86,1.82,2.02,33.0,141.0,0.8227556787109375,False,CALL,2026-02-27,ENPH
ENPH260227C00043000,43.0,2.7,1.41,1.81,10.0,6.0,0.8100604931640624,False,CALL,2026-02-27,ENPH
ENPH260227C00044000,44.0,1.41,1.22,1.51,7.0,38.0,0.804689453125,False,CALL,2026-02-27,ENPH
ENPH260227C00045000,45.0,1.06,1.16,1.25,512.0,829.0,0.8159198095703124,False,CALL,2026-02-27,ENPH
ENPH260227C00046000,46.0,0.98,0.97,1.09,2.0,80.0,0.815431533203125,False,CALL,2026-02-27,ENPH
ENPH260227C00047000,47.0,1.61,0.75,1.08,9.0,44.0,0.8276384423828124,False,CALL,2026-02-27,ENPH
ENPH260227P00027000,27.0,0.47,0.13,0.35,3.0,168.0,0.79687703125,False,PUT,2026-02-27,ENPH
ENPH260227P00028000,28.0,0.24,0.01,0.81,1.0,49.0,0.8339860351562498,False,PUT,2026-02-27,ENPH
ENPH260227P00029000,29.0,0.3,0.15,0.71,128.0,183.0,0.7685570019531252,False,PUT,2026-02-27,ENPH
ENPH260227P00030000,30.0,0.6,0.51,0.65,2.0,30.0,0.7631859619140625,False,PUT,2026-02-27,ENPH
ENPH260227P00031000,31.0,0.75,0.69,0.82,3.0,10.0,0.7539087109375,False,PUT,2026-02-27,ENPH
ENPH260227P00032000,32.0,0.96,0.91,0.99,98.0,30.0,0.7382838671874999,False,PUT,2026-02-27,ENPH
ENPH260227P00033000,33.0,1.03,1.18,1.26,26.0,62.0,0.73437765625,False,PUT,2026-02-27,ENPH
ENPH260227P00034000,34.0,1.61,1.51,2.01,12.0,82.0,0.7915059912109376,False,PUT,2026-02-27,ENPH
ENPH260227P00035000,35.0,2.04,1.81,2.35,19.0,40.0,0.7719749365234375,False,PUT,2026-02-27,ENPH
ENPH260227P00036000,36.0,2.58,2.28,2.42,5.0,16.0,0.729494892578125,False,PUT,2026-02-27,ENPH
ENPH260227P00037000,37.0,2.88,2.76,2.88,27.0,27.0,0.725588681640625,False,PUT,2026-02-27,ENPH
ENPH260227P00038000,38.0,3.7,3.25,3.4,1.0,31.0,0.717776259765625,True,PUT,2026-02-27,ENPH
ENPH260227P00039000,39.0,4.5,3.85,4.0,2.0,4.0,0.7202176416015625,True,PUT,2026-02-27,ENPH
ENPH260227P00040000,40.0,4.4,4.45,4.7,106.0,24.0,0.7236355761718749,True,PUT,2026-02-27,ENPH
ENPH260227P00041000,41.0,5.7,5.1,5.25,10.0,4.0,0.7041045214843751,True,PUT,2026-02-27,ENPH
ENPH260227P00042000,42.0,4.8,5.85,6.0,1.0,7.0,0.7104521142578125,True,PUT,2026-02-27,ENPH
ENPH260227P00043000,43.0,5.4,6.4,7.0,,1.0,0.7143583251953125,True,PUT,2026-02-27,ENPH
ENPH260227P00044000,44.0,5.53,7.3,7.8,,2.0,0.7304714453125,True,PUT,2026-02-27,ENPH
ENPH260306C00033000,33.0,8.3,5.55,6.55,7.0,8.0,0.7358424853515625,True,CALL,2026-03-06,ENPH
ENPH260306C00034000,34.0,5.58,5.5,5.85,1.0,2.0,0.8007832421875,True,CALL,2026-03-06,ENPH
ENPH260306C00035000,35.0,7.09,4.95,5.2,3.0,3.0,0.79687703125,True,CALL,2026-03-06,ENPH
ENPH260306C00036000,36.0,6.87,4.3,4.8,2.0,19.0,0.7993184130859375,True,CALL,2026-03-06,ENPH
ENPH260306C00037000,37.0,4.3,3.8,4.3,1.0,3.0,0.7980977221679688,True,CALL,2026-03-06,ENPH
ENPH260306C00038000,38.0,3.39,3.3,3.75,10.0,5.0,0.7827170166015626,False,CALL,2026-03-06,ENPH
ENPH260306C00039000,39.0,2.63,2.88,3.4,9.0,22.0,0.788088056640625,False,CALL,2026-03-06,ENPH
ENPH260306C00040000,40.0,2.61,2.47,2.94,3.0,18.0,0.7749045947265626,False,CALL,2026-03-06,ENPH
ENPH260306C00041000,41.0,2.45,2.12,2.56,25.0,29.0,0.7680687255859376,False,CALL,2026-03-06,ENPH
ENPH260306C00042000,42.0,2.12,1.82,2.29,6.0,93.0,0.7709983837890625,False,CALL,2026-03-06,ENPH
ENPH260306C00043000,43.0,3.05,1.56,1.88,1.0,16.0,0.754885263671875,False,CALL,2026-03-06,ENPH
ENPH260306C00045000,45.0,2.39,1.17,1.54,2.0,7.0,0.7729514892578125,False,CALL,2026-03-06,ENPH
ENPH260306P00031000,31.0,0.86,0.57,1.13,6.0,9.0,0.710940390625,False,PUT,2026-03-06,ENPH
ENPH260306P00033000,33.0,1.5,1.19,1.65,1.0,3.0,0.7148466015625,False,PUT,2026-03-06,ENPH
ENPH260306P00034000,34.0,1.18,1.59,2.08,1.0,7.0,0.7309597216796875,False,PUT,2026-03-06,ENPH
ENPH260306P00035000,35.0,2.45,2.05,2.5,4.0,13.0,0.7397486962890624,False,PUT,2026-03-06,ENPH
ENPH260306P00036000,36.0,2.25,2.45,2.87,1.0,12.0,0.7251004052734374,False,PUT,2026-03-06,ENPH
ENPH260306P00037000,37.0,1.92,2.93,3.5,1.0,2.0,0.737307314453125,False,PUT,2026-03-06,ENPH
ENPH260306P00040000,40.0,4.65,4.65,5.05,1.0,2.0,0.7102079760742188,True,PUT,2026-03-06,ENPH
ENPH260320C00030000,30.0,11.7,8.0,9.3,2.0,1540.0,0.7436549072265625,True,CALL,2026-03-20,ENPH
ENPH260320C00035000,35.0,5.4,5.3,5.7,30.0,2802.0,0.7607445800781252,True,CALL,2026-03-20,ENPH
ENPH260320C00040000,40.0,3.15,3.1,3.25,308.0,6792.0,0.7443873217773438,False,CALL,2026-03-20,ENPH
ENPH260320C00045000,45.0,1.67,1.67,1.78,644.0,4227.0,0.7358424853515625,False,CALL,2026-03-20,ENPH
ENPH260320P00030000,30.0,0.92,0.84,0.94,78.0,4294.0,0.6831086376953126,False,PUT,2026-03-20,ENPH
ENPH260320P00035000,35.0,2.41,2.38,2.5,422.0,2973.0,0.6621127539062501,False,PUT,2026-03-20,ENPH
ENPH260320P00040000,40.0,5.05,5.0,5.2,114.0,3673.0,0.6501499829101562,True,PUT,2026-03-20,ENPH
ENPH260320P00045000,45.0,8.1,8.45,9.5,4.0,932.0,0.6948272705078126,True,PUT,2026-03-20,ENPH
ENPH260417C00030000,30.0,8.65,9.0,9.75,58.0,835.0,0.7500025,True,CALL,2026-04-17,ENPH
ENPH260417C00035000,35.0,5.9,6.0,6.3,91.0,1399.0,0.7114286669921875,True,CALL,2026-04-17,ENPH
ENPH260417C00040000,40.0,3.65,3.75,3.95,401.0,1323.0,0.6950714086914063,False,CALL,2026-04-17,ENPH
ENPH260417C00045000,45.0,2.26,2.26,2.43,297.0,1254.0,0.6901886450195314,False,CALL,2026-04-17,ENPH
ENPH260417P00030000,30.0,1.28,1.26,1.34,15.0,743.0,0.641605146484375,False,PUT,2026-04-17,ENPH
ENPH260417P00035000,35.0,3.09,2.96,3.1,69.0,2695.0,0.6235389208984375,False,PUT,2026-04-17,ENPH
ENPH260417P00040000,40.0,6.05,5.6,5.8,31.0,212.0,0.6088906298828126,True,PUT,2026-04-17,ENPH
ENPH260417P00045000,45.0,9.65,8.95,9.85,4.0,27.0,0.6279334082031252,True,PUT,2026-04-17,ENPH
ENPH260515C00030000,30.0,10.87,9.65,10.45,1.0,608.0,0.7573266455078126,True,CALL,2026-05-15,ENPH
ENPH260515C00035000,35.0,7.1,6.9,7.25,20.0,678.0,0.7336452416992187,True,CALL,2026-05-15,ENPH
ENPH260515C00040000,40.0,4.7,4.8,5.0,122.0,573.0,0.7268093725585938,False,CALL,2026-05-15,ENPH
ENPH260515C00045000,45.0,3.25,3.2,3.4,119.0,623.0,0.7175321215820312,False,CALL,2026-05-15,ENPH
ENPH260515P00030000,30.0,1.58,1.87,2.01,19.0,789.0,0.664309997558594,False,PUT,2026-05-15,ENPH
ENPH260515P00035000,35.0,4.0,3.8,4.0,147.0,573.0,0.6511265356445313,False,PUT,2026-05-15,ENPH
ENPH260515P00040000,40.0,6.7,6.5,6.7,6.0,173.0,0.6342810009765626,True,PUT,2026-05-15,ENPH
ENPH260515P00045000,45.0,10.1,9.9,10.1,17.0,133.0,0.6203651245117189,True,PUT,2026-05-15,ENPH
ENPH260618C00030000,30.0,11.39,10.45,11.1,2.0,249.0,0.7614769946289064,True,CALL,2026-06-18,ENPH
ENPH260618C00035000,35.0,7.7,7.5,8.1,518.0,7453.0,0.7227810925292968,True,CALL,2026-06-18,ENPH
ENPH260618C00040000,40.0,5.37,5.4,5.85,28.0,3090.0,0.7110624597167969,False,CALL,2026-06-18,ENPH
ENPH260618C00045000,45.0,3.89,3.85,4.15,21.0,2580.0,0.7023955541992188,False,CALL,2026-06-18,ENPH
ENPH260618P00030000,30.0,2.41,2.23,2.59,500.0,16094.0,0.6472203247070312,False,PUT,2026-06-18,ENPH
ENPH260618P00035000,35.0,4.35,4.3,4.55,5.0,3943.0,0.6276892700195313,False,PUT,2026-06-18,ENPH
ENPH260618P00040000,40.0,5.8,6.95,7.7,11.0,5302.0,0.6306189282226562,True,PUT,2026-06-18,ENPH
ENPH260618P00045000,45.0,8.95,10.25,11.25,25.0,526.0,0.6252478881835939,True,PUT,2026-06-18,ENPH
ENPH260821C00030000,30.0,13.6,11.55,12.6,9.0,24.0,0.7785666674804688,True,CALL,2026-08-21,ENPH
ENPH260821C00035000,35.0,8.6,8.8,9.5,6.0,190.0,0.7292507543945312,True,CALL,2026-08-21,ENPH
ENPH260821C00040000,40.0,6.95,6.55,7.35,10.0,121.0,0.7084990087890625,False,CALL,2026-08-21,ENPH
ENPH260821C00045000,45.0,5.5,5.15,5.55,3.0,206.0,0.7038603833007813,False,CALL,2026-08-21,ENPH
ENPH260821P00030000,30.0,2.87,3.25,3.5,13.0,46.0,0.6489292919921875,False,PUT,2026-08-21,ENPH
ENPH260821P00035000,35.0,5.6,5.4,5.7,68.0,127.0,0.6284216845703126,False,PUT,2026-08-21,ENPH
ENPH260821P00040000,40.0,8.45,8.2,8.7,4.0,3.0,0.6234168518066407,True,PUT,2026-08-21,ENPH
ENPH260821P00045000,45.0,13.73,11.45,12.1,,1.0,0.6120644262695314,True,PUT,2026-08-21,ENPH
ENPH260918C00030000,30.0,12.4,11.85,12.55,1.0,135.0,0.7434107690429688,True,CALL,2026-09-18,ENPH
ENPH260918C00035000,35.0,11.6,9.1,10.0,18.0,1715.0,0.7202176416015625,True,CALL,2026-09-18,ENPH
ENPH260918C00040000,40.0,7.32,7.0,7.8,11.0,961.0,0.7026396923828125,False,CALL,2026-09-18,ENPH
ENPH260918C00045000,45.0,5.72,5.75,6.05,1.0,406.0,0.7063017651367188,False,CALL,2026-09-18,ENPH
ENPH260918P00030000,30.0,3.75,3.55,3.7,20.0,1848.0,0.6352575537109376,False,PUT,2026-09-18,ENPH
ENPH260918P00035000,35.0,6.0,5.75,6.35,5.0,2780.0,0.6345251391601563,False,PUT,2026-09-18,ENPH
ENPH260918P00040000,40.0,8.8,8.5,8.9,5.0,105.0,0.6057168334960938,True,PUT,2026-09-18,ENPH
ENPH260918P00045000,45.0,11.8,11.8,12.7,3.0,584.0,0.614261669921875,True,PUT,2026-09-18,ENPH
ENPH261218C00030000,30.0,16.05,13.1,14.4,10.0,62.0,0.7678245874023439,True,CALL,2026-12-18,ENPH
ENPH261218C00035000,35.0,13.27,10.5,11.85,1.0,574.0,0.7370631762695312,True,CALL,2026-12-18,ENPH
ENPH261218C00040000,40.0,9.0,8.65,9.4,13.0,179.0,0.7133817724609376,False,CALL,2026-12-18,ENPH
ENPH261218C00045000,45.0,7.43,6.7,7.8,6.0,438.0,0.6945831323242189,False,CALL,2026-12-18,ENPH
ENPH261218P00030000,30.0,4.65,4.6,4.85,5.0,1641.0,0.6372106591796876,False,PUT,2026-12-18,ENPH
ENPH261218P00035000,35.0,7.1,6.95,7.2,16.0,2400.0,0.6168251208496094,False,PUT,2026-12-18,ENPH
ENPH261218P00040000,40.0,8.77,9.9,10.2,1.0,156.0,0.6104775280761721,True,PUT,2026-12-18,ENPH
ENPH261218P00045000,45.0,11.87,13.15,13.6,313.0,283.0,0.6009561389160158,True,PUT,2026-12-18,ENPH
ENPH270115C00030000,30.0,13.31,13.35,14.55,10.0,817.0,0.7537866418457031,True,CALL,2027-01-15,ENPH
ENPH270115C00035000,35.0,11.4,11.3,11.65,9.0,2640.0,0.729616961669922,True,CALL,2027-01-15,ENPH
ENPH270115C00040000,40.0,9.43,9.0,9.85,43.0,2752.0,0.7125272888183594,False,CALL,2027-01-15,ENPH
ENPH270115C00045000,45.0,7.67,7.65,8.1,5.0,1113.0,0.70898728515625,False,CALL,2027-01-15,ENPH
ENPH270115P00030000,30.0,5.0,4.8,5.05,17.0,4481.0,0.6284216845703126,False,PUT,2027-01-15,ENPH
ENPH270115P00035000,35.0,7.5,7.2,7.55,28.0,4401.0,0.6140175317382813,False,PUT,2027-01-15,ENPH
ENPH270115P00040000,40.0,9.79,10.15,10.75,12.0,2184.0,0.6134071862792969,True,PUT,2027-01-15,ENPH
ENPH270115P00045000,45.0,13.6,13.4,13.85,14.0,938.0,0.5936319934082033,True,PUT,2027-01-15,ENPH
ENPH280121C00030000,30.0,19.82,16.5,18.35,1.0,438.0,0.73633076171875,True,CALL,2028-01-21,ENPH
ENPH280121C00035000,35.0,16.0,14.8,18.25,8.0,264.0,0.7855246057128906,True,CALL,2028-01-21,ENPH
ENPH280121C00040000,40.0,14.3,13.5,15.4,5.0,436.0,0.7524438818359375,False,CALL,2028-01-21,ENPH
ENPH280121C00045000,45.0,12.18,12.3,13.0,14.0,531.0,0.7270535107421875,False,CALL,2028-01-21,ENPH
ENPH280121P00030000,30.0,6.9,7.6,8.0,1.0,2440.0,0.6099892517089844,False,PUT,2028-01-21,ENPH
ENPH280121P00035000,35.0,10.82,10.35,11.2,1.0,430.0,0.6080361462402344,False,PUT,2028-01-21,ENPH
ENPH280121P00040000,40.0,13.13,12.55,13.95,4.0,445.0,0.565556102294922,True,PUT,2028-01-21,ENPH
ENPH280121P00045000,45.0,16.5,15.0,17.2,2.0,106.0,0.532109171142578,True,PUT,2028-01-21,ENPH
ENPH281215C00030000,30.0,23.81,19.25,21.75,10.0,11.0,0.7742942492675782,True,CALL,2028-12-15,ENPH
ENPH281215C00035000,35.0,20.42,17.35,20.5,6.0,10.0,0.7685570019531252,True,CALL,2028-12-15,ENPH
ENPH281215C00040000,40.0,18.0,15.85,19.0,1.0,18.0,0.7586694055175782,False,CALL,2028-12-15,ENPH
ENPH281215C00045000,45.0,15.23,13.5,18.5,12.0,46.0,0.7463404272460938,False,CALL,2028-12-15,ENPH
ENPH281215P00030000,30.0,9.36,7.5,10.9,1.0,22.0,0.5762981823730469,False,PUT,2028-12-15,ENPH
ENPH281215P00035000,35.0,12.35,12.2,13.7,1.0,23.0,0.6033975207519533,False,PUT,2028-12-15,ENPH
ENPH281215P00040000,40.0,15.3,14.8,16.2,10.0,21.0,0.5635419622802735,True,PUT,2028-12-15,ENPH
ENPH281215P00045000,45.0,18.45,17.0,21.5,1.0,2.0,0.5681195532226562,True,PUT,2028-12-15,ENPH
EOSE260130C00011500,11.5,4.77,3.95,5.6,1.0,116.0,4.804691494140624,True,CALL,2026-01-30,EOSE
EOSE260130C00012000,12.0,4.28,3.45,5.1,1.0,170.0,4.359379550781249,True,CALL,2026-01-30,EOSE
EOSE260130C00012500,12.5,3.57,2.98,4.6,3.0,277.0,3.97656255859375,True,CALL,2026-01-30,EOSE
EOSE260130C00013000,13.0,2.46,2.55,3.05,622.0,379.0,1.2812535937499998,True,CALL,2026-01-30,EOSE
EOSE260130C00013500,13.5,2.16,2.04,2.79,8.0,128.0,1.8437507812499998,True,CALL,2026-01-30,EOSE
EOSE260130C00014000,14.0,1.86,1.66,2.35,10.0,174.0,1.859375703125,True,CALL,2026-01-30,EOSE
EOSE260130C00014500,14.5,1.4,1.3,1.86,7.0,215.0,1.71875140625,True,CALL,2026-01-30,EOSE
EOSE260130C00015000,15.0,1.19,0.93,1.16,181.0,1130.0,1.2421912890624998,True,CALL,2026-01-30,EOSE
EOSE260130C00015500,15.5,0.72,0.59,0.76,119.0,630.0,1.12109814453125,True,CALL,2026-01-30,EOSE
EOSE260130C00016000,16.0,0.4,0.35,0.5,1853.0,2548.0,1.1171919140625,False,CALL,2026-01-30,EOSE
EOSE260130C00016500,16.5,0.28,0.18,0.36,1290.0,2364.0,1.1640666796875,False,CALL,2026-01-30,EOSE
EOSE260130C00017000,17.0,0.12,0.08,0.15,2432.0,5227.0,1.0468797656250002,False,CALL,2026-01-30,EOSE
EOSE260130C00017500,17.5,0.05,0.04,0.07,2017.0,2686.0,1.0468797656250002,False,CALL,2026-01-30,EOSE
EOSE260130C00018000,18.0,0.02,0.02,0.03,1194.0,4943.0,1.0468797656250002,False,CALL,2026-01-30,EOSE
EOSE260130C00018500,18.5,0.01,0.01,0.03,211.0,5677.0,1.171879140625,False,CALL,2026-01-30,EOSE
EOSE260130C00019000,19.0,0.01,0.01,0.03,744.0,1804.0,1.3281283593749997,False,CALL,2026-01-30,EOSE
EOSE260130C00019500,19.5,0.01,0.0,0.06,2.0,1134.0,1.5937520312499998,False,CALL,2026-01-30,EOSE
EOSE260130C00020000,20.0,0.01,0.0,0.01,141.0,4145.0,1.3125034374999998,False,CALL,2026-01-30,EOSE
EOSE260130C00020500,20.5,0.01,0.0,0.01,121.0,103.0,1.4375028125,False,CALL,2026-01-30,EOSE
EOSE260130P00011500,11.5,0.01,0.0,0.01,5.0,395.0,1.75000125,False,PUT,2026-01-30,EOSE
EOSE260130P00012000,12.0,0.01,0.0,0.01,101.0,6128.0,1.5625021874999998,False,PUT,2026-01-30,EOSE
EOSE260130P00012500,12.5,0.01,0.0,0.01,4.0,348.0,1.3750031249999999,False,PUT,2026-01-30,EOSE
EOSE260130P00013000,13.0,0.02,0.01,0.02,81.0,895.0,1.3750031249999999,False,PUT,2026-01-30,EOSE
EOSE260130P00013500,13.5,0.02,0.01,0.02,88.0,880.0,1.125004375,False,PUT,2026-01-30,EOSE
EOSE260130P00014000,14.0,0.04,0.03,0.05,902.0,2126.0,1.1171919140625,False,PUT,2026-01-30,EOSE
EOSE260130P00014500,14.5,0.09,0.05,0.1,484.0,3851.0,1.0234423828125,False,PUT,2026-01-30,EOSE
EOSE260130P00015000,15.0,0.15,0.1,0.2,2184.0,5282.0,0.9609378906249999,False,PUT,2026-01-30,EOSE
EOSE260130P00015500,15.5,0.3,0.23,0.34,511.0,2677.0,0.8945323046874999,False,PUT,2026-01-30,EOSE
EOSE260130P00016000,16.0,0.52,0.46,0.64,477.0,3501.0,0.929688203125,True,PUT,2026-01-30,EOSE
EOSE260130P00016500,16.5,0.81,0.76,0.97,175.0,2066.0,0.87500125,True,PUT,2026-01-30,EOSE
EOSE260130P00017000,17.0,1.16,1.11,1.45,35.0,1327.0,0.8828136718749999,True,PUT,2026-01-30,EOSE
EOSE260130P00017500,17.5,1.55,1.57,1.82,54.0,903.0,1.2734411328124997,True,PUT,2026-01-30,EOSE
EOSE260130P00018000,18.0,2.05,1.93,2.32,68.0,682.0,1.5000025,True,PUT,2026-01-30,EOSE
EOSE260130P00018500,18.5,1.88,2.23,3.35,51.0,234.0,1.5781271093749998,True,PUT,2026-01-30,EOSE
EOSE260130P00019000,19.0,2.8,2.66,3.35,25.0,108.0,2.0468798828125,True,PUT,2026-01-30,EOSE
EOSE260130P00019500,19.5,4.25,3.2,4.55,1.0,14.0,2.3437541406249993,True,PUT,2026-01-30,EOSE
EOSE260130P00020000,20.0,3.7,3.7,4.6,1.0,148.0,3.3203141992187497,True,PUT,2026-01-30,EOSE
EOSE260130P00020500,20.5,5.14,4.2,5.45,1.0,2.0,2.4843787890625,True,PUT,2026-01-30,EOSE
EOSE260206C00011500,11.5,1.17,4.0,5.65,,72.0,2.355472861328124,True,CALL,2026-02-06,EOSE
EOSE260206C00012000,12.0,4.2,3.5,4.35,4.0,44.0,1.3515657421874998,True,CALL,2026-02-06,EOSE
EOSE260206C00012500,12.5,3.8,2.84,4.8,13.0,65.0,1.9218753906250001,True,CALL,2026-02-06,EOSE
EOSE260206C00013000,13.0,3.85,2.57,3.45,1.0,109.0,1.21875390625,True,CALL,2026-02-06,EOSE
EOSE260206C00013500,13.5,3.0,2.07,3.25,2.0,69.0,1.2890660546875,True,CALL,2026-02-06,EOSE
EOSE260206C00014000,14.0,2.67,2.06,2.66,19.0,153.0,1.36328443359375,True,CALL,2026-02-06,EOSE
EOSE260206C00014500,14.5,2.0,1.74,1.89,2.0,90.0,1.1054732226562503,True,CALL,2026-02-06,EOSE
EOSE260206C00015000,15.0,1.52,1.42,1.56,109.0,689.0,1.087895185546875,True,CALL,2026-02-06,EOSE
EOSE260206C00015500,15.5,1.27,1.14,1.28,152.0,695.0,1.08203583984375,True,CALL,2026-02-06,EOSE
EOSE260206C00016000,16.0,1.0,0.9,1.02,461.0,970.0,1.0683640332031252,False,CALL,2026-02-06,EOSE
EOSE260206C00016500,16.5,0.85,0.68,0.83,213.0,1148.0,1.0625046875000002,False,CALL,2026-02-06,EOSE
EOSE260206C00017000,17.0,0.62,0.56,0.65,651.0,8484.0,1.0781296093750001,False,CALL,2026-02-06,EOSE
EOSE260206C00017500,17.5,0.45,0.41,0.53,253.0,892.0,1.0800827246093752,False,CALL,2026-02-06,EOSE
EOSE260206C00018000,18.0,0.4,0.29,0.4,3945.0,14273.0,1.0605515722656251,False,CALL,2026-02-06,EOSE
EOSE260206C00018500,18.5,0.25,0.22,0.32,156.0,473.0,1.076176494140625,False,CALL,2026-02-06,EOSE
EOSE260206C00019000,19.0,0.2,0.19,0.25,303.0,2797.0,1.1054732226562503,False,CALL,2026-02-06,EOSE
EOSE260206C00019500,19.5,0.21,0.12,0.24,49.0,943.0,1.1328168359375002,False,CALL,2026-02-06,EOSE
EOSE260206C00020000,20.0,0.15,0.16,0.16,640.0,3695.0,1.18359783203125,False,CALL,2026-02-06,EOSE
EOSE260206C00020500,20.5,0.16,0.01,0.17,22.0,120.0,1.1015669921875002,False,CALL,2026-02-06,EOSE
EOSE260206P00011500,11.5,0.06,0.0,0.09,3.0,403.0,1.1875040625,False,PUT,2026-02-06,EOSE
EOSE260206P00012000,12.0,0.05,0.05,0.09,124.0,344.0,1.15234798828125,False,PUT,2026-02-06,EOSE
EOSE260206P00012500,12.5,0.06,0.06,0.12,30.0,469.0,1.0781296093750001,False,PUT,2026-02-06,EOSE
EOSE260206P00013000,13.0,0.11,0.12,0.16,68.0,800.0,1.0546922265625,False,PUT,2026-02-06,EOSE
EOSE260206P00013500,13.5,0.22,0.18,0.24,89.0,794.0,1.0312548437500002,False,PUT,2026-02-06,EOSE
EOSE260206P00014000,14.0,0.3,0.26,0.35,176.0,796.0,1.01172369140625,False,PUT,2026-02-06,EOSE
EOSE260206P00014500,14.5,0.39,0.36,0.49,59.0,423.0,0.98437515625,False,PUT,2026-02-06,EOSE
EOSE260206P00015000,15.0,0.58,0.53,0.67,142.0,650.0,0.9785158398437501,False,PUT,2026-02-06,EOSE
EOSE260206P00015500,15.5,0.86,0.76,0.9,110.0,1180.0,0.9882813671875,False,PUT,2026-02-06,EOSE
EOSE260206P00016000,16.0,1.06,1.02,1.14,306.0,416.0,0.9765627343750001,True,PUT,2026-02-06,EOSE
EOSE260206P00016500,16.5,1.41,1.28,1.46,135.0,1678.0,0.9648441015625,True,PUT,2026-02-06,EOSE
EOSE260206P00017000,17.0,1.56,1.61,1.78,11.0,199.0,0.9492192578124999,True,PUT,2026-02-06,EOSE
EOSE260206P00017500,17.5,2.1,1.98,2.15,4.0,150.0,0.9433599414062499,True,PUT,2026-02-06,EOSE
EOSE260206P00018000,18.0,2.29,2.4,2.54,49.0,192.0,0.945313046875,True,PUT,2026-02-06,EOSE
EOSE260206P00018500,18.5,2.56,2.48,3.05,1.0,38.0,0.6796907031250001,True,PUT,2026-02-06,EOSE
EOSE260206P00019000,19.0,2.74,2.41,3.8,8.0,15.0,1.609376953125,True,PUT,2026-02-06,EOSE
EOSE260206P00020000,20.0,3.0,3.2,4.95,10.0,16.0,2.019536201171875,True,PUT,2026-02-06,EOSE
EOSE260213C00012000,12.0,5.08,3.4,5.15,,3.0,1.54297103515625,True,CALL,2026-02-13,EOSE
EOSE260213C00012500,12.5,1.86,2.9,4.85,1.0,1.0,1.50390873046875,True,CALL,2026-02-13,EOSE
EOSE260213C00013000,13.0,2.82,2.65,3.8,35.0,69.0,1.1816447167968749,True,CALL,2026-02-13,EOSE
EOSE260213C00013500,13.5,2.61,2.16,3.25,41.0,42.0,1.015629921875,True,CALL,2026-02-13,EOSE
EOSE260213C00014000,14.0,2.33,1.98,2.83,3.0,28.0,1.0664109179687502,True,CALL,2026-02-13,EOSE
EOSE260213C00014500,14.5,2.2,2.03,2.22,1.0,57.0,1.0976607617187502,True,CALL,2026-02-13,EOSE
EOSE260213C00015000,15.0,1.75,1.74,1.92,29.0,154.0,1.091801416015625,True,CALL,2026-02-13,EOSE
EOSE260213C00015500,15.5,1.57,1.5,1.61,40.0,205.0,1.0781296093750001,True,CALL,2026-02-13,EOSE
EOSE260213C00016000,16.0,1.4,1.25,1.35,192.0,2281.0,1.05859845703125,False,CALL,2026-02-13,EOSE
EOSE260213C00016500,16.5,1.3,1.07,1.15,46.0,379.0,1.0683640332031252,False,CALL,2026-02-13,EOSE
EOSE260213C00017000,17.0,1.0,0.88,0.98,1533.0,2156.0,1.0664109179687502,False,CALL,2026-02-13,EOSE
EOSE260213C00017500,17.5,0.76,0.73,0.82,13.0,2219.0,1.0644578027343752,False,CALL,2026-02-13,EOSE
EOSE260213C00018000,18.0,0.7,0.62,0.7,1750.0,2860.0,1.0781296093750001,False,CALL,2026-02-13,EOSE
EOSE260213C00019000,19.0,0.49,0.44,0.51,6.0,387.0,1.0996138769531252,False,CALL,2026-02-13,EOSE
EOSE260213C00020000,20.0,0.37,0.3,0.37,2229.0,1238.0,1.11328568359375,False,CALL,2026-02-13,EOSE
EOSE260213P00011500,11.5,0.13,0.03,0.28,4.0,259.0,1.1757853710937498,False,PUT,2026-02-13,EOSE
EOSE260213P00012000,12.0,0.18,0.12,0.3,10.0,323.0,1.15234798828125,False,PUT,2026-02-13,EOSE
EOSE260213P00012500,12.5,0.24,0.18,0.25,3.0,5216.0,1.0312548437500002,False,PUT,2026-02-13,EOSE
EOSE260213P00013000,13.0,0.28,0.28,0.4,9.0,5405.0,1.0703171484375003,False,PUT,2026-02-13,EOSE
EOSE260213P00013500,13.5,0.43,0.41,0.46,75.0,258.0,1.0371141894531253,False,PUT,2026-02-13,EOSE
EOSE260213P00014000,14.0,0.59,0.54,0.59,72.0,410.0,1.01953615234375,False,PUT,2026-02-13,EOSE
EOSE260213P00014500,14.5,0.75,0.7,0.77,44.0,153.0,1.0127002490234376,False,PUT,2026-02-13,EOSE
EOSE260213P00015000,15.0,0.86,0.89,0.97,37.0,755.0,1.001958115234375,False,PUT,2026-02-13,EOSE
EOSE260213P00015500,15.5,1.37,1.11,1.22,6.0,231.0,1.000005,False,PUT,2026-02-13,EOSE
EOSE260213P00016000,16.0,1.5,1.36,1.47,14.0,328.0,0.9863282617187501,True,PUT,2026-02-13,EOSE
EOSE260213P00016500,16.5,1.83,1.66,1.75,73.0,283.0,0.9804689453125001,True,PUT,2026-02-13,EOSE
EOSE260213P00017000,17.0,2.14,1.97,2.09,78.0,429.0,0.9804689453125001,True,PUT,2026-02-13,EOSE
EOSE260213P00017500,17.5,2.46,2.32,2.45,2.0,199.0,0.98242205078125,True,PUT,2026-02-13,EOSE
EOSE260213P00018000,18.0,3.12,2.43,2.9,6.0,186.0,0.8984385156249999,True,PUT,2026-02-13,EOSE
EOSE260213P00019000,19.0,3.44,2.75,3.75,3.0,4.0,0.5351608984375,True,PUT,2026-02-13,EOSE
EOSE260213P00020000,20.0,4.75,3.7,5.15,27.0,43.0,0.96679720703125,True,PUT,2026-02-13,EOSE
EOSE260220C00012000,12.0,4.4,3.55,4.6,1.0,5455.0,1.05859845703125,True,CALL,2026-02-20,EOSE
EOSE260220C00013000,13.0,3.26,2.95,3.55,7.0,6894.0,1.009770576171875,True,CALL,2026-02-20,EOSE
EOSE260220C00014000,14.0,2.9,2.49,2.75,73.0,9175.0,1.052739111328125,True,CALL,2026-02-20,EOSE
EOSE260220C00014500,14.5,2.51,2.22,2.47,8.0,16.0,1.0712937060546879,True,CALL,2026-02-20,EOSE
EOSE260220C00015000,15.0,2.08,1.91,2.16,87.0,12613.0,1.0468797656250002,True,CALL,2026-02-20,EOSE
EOSE260220C00015500,15.5,1.75,1.7,1.89,65.0,173.0,1.0537156689453124,True,CALL,2026-02-20,EOSE
EOSE260220C00016000,16.0,1.57,1.5,1.67,1705.0,5675.0,1.0634812451171878,False,CALL,2026-02-20,EOSE
EOSE260220C00016500,16.5,1.36,1.3,1.44,141.0,827.0,1.0556687841796877,False,CALL,2026-02-20,EOSE
EOSE260220C00017000,17.0,1.15,1.11,1.27,336.0,4332.0,1.0556687841796877,False,CALL,2026-02-20,EOSE
EOSE260220C00017500,17.5,0.95,0.88,1.16,139.0,153.0,1.0498094384765626,False,CALL,2026-02-20,EOSE
EOSE260220C00018000,18.0,0.82,0.82,0.96,328.0,6095.0,1.056645341796875,False,CALL,2026-02-20,EOSE
EOSE260220C00018500,18.5,0.73,0.7,0.85,6.0,261.0,1.0644578027343752,False,CALL,2026-02-20,EOSE
EOSE260220C00019000,19.0,0.66,0.6,0.79,11.0,1826.0,1.0859420703125,False,CALL,2026-02-20,EOSE
EOSE260220C00019500,19.5,0.57,0.39,0.64,4.0,427.0,1.01953615234375,False,CALL,2026-02-20,EOSE
EOSE260220C00020000,20.0,0.52,0.5,0.61,2878.0,33016.0,1.119145029296875,False,CALL,2026-02-20,EOSE
EOSE260220C00020500,20.5,0.5,0.35,0.81,27.0,125.0,1.205082099609375,False,CALL,2026-02-20,EOSE
EOSE260220P00011500,11.5,0.17,0.18,0.3,7.0,74.0,1.11328568359375,False,PUT,2026-02-20,EOSE
EOSE260220P00012000,12.0,0.3,0.24,0.35,43.0,7478.0,1.0722702636718753,False,PUT,2026-02-20,EOSE
EOSE260220P00012500,12.5,0.35,0.31,0.43,30.0,817.0,1.0410204199218753,False,PUT,2026-02-20,EOSE
EOSE260220P00013000,13.0,0.48,0.41,0.54,435.0,2587.0,1.0234423828125,False,PUT,2026-02-20,EOSE
EOSE260220P00013500,13.5,0.62,0.49,0.68,10.0,349.0,0.9941406835937501,False,PUT,2026-02-20,EOSE
EOSE260220P00014000,14.0,0.68,0.67,0.8,37.0,2295.0,0.981445498046875,False,PUT,2026-02-20,EOSE
EOSE260220P00014500,14.5,0.9,0.83,1.02,1.0,396.0,0.9804689453125001,False,PUT,2026-02-20,EOSE
EOSE260220P00015000,15.0,1.22,1.13,1.22,202.0,5515.0,1.000005,False,PUT,2026-02-20,EOSE
EOSE260220P00015500,15.5,1.43,1.32,1.45,31.0,254.0,0.9765627343750001,False,PUT,2026-02-20,EOSE
EOSE260220P00016000,16.0,1.65,1.56,1.76,44.0,2132.0,0.9785158398437501,True,PUT,2026-02-20,EOSE
EOSE260220P00016500,16.5,2.28,1.78,2.08,2.0,50.0,0.9609378906249999,True,PUT,2026-02-20,EOSE
EOSE260220P00017000,17.0,2.2,2.11,2.34,4.0,3537.0,0.9433599414062499,True,PUT,2026-02-20,EOSE
EOSE260220P00017500,17.5,2.95,2.45,2.68,5.0,32.0,0.9414068359375,True,PUT,2026-02-20,EOSE
EOSE260220P00018000,18.0,2.65,2.83,3.05,34.0,2014.0,0.94726615234375,True,PUT,2026-02-20,EOSE
EOSE260220P00018500,18.5,3.57,3.05,3.5,1.0,2.0,0.91211025390625,True,PUT,2026-02-20,EOSE
EOSE260220P00019000,19.0,3.6,3.6,3.85,14.0,737.0,0.9492192578124999,True,PUT,2026-02-20,EOSE
EOSE260220P00019500,19.5,4.55,3.8,4.35,40.0,41.0,0.893555751953125,True,PUT,2026-02-20,EOSE
EOSE260220P00020000,20.0,4.15,4.2,4.9,50.0,256.0,0.9335944140625,True,PUT,2026-02-20,EOSE
EOSE260220P00020500,20.5,4.7,4.65,5.7,,1.0,1.107426337890625,True,PUT,2026-02-20,EOSE
EOSE260227C00013000,13.0,6.0,2.77,4.55,2.0,4.0,1.1982461962890625,True,CALL,2026-02-27,EOSE
EOSE260227C00014000,14.0,3.15,2.74,3.1,6.0,13.0,1.1162153564453123,True,CALL,2026-02-27,EOSE
EOSE260227C00014500,14.5,2.46,2.38,2.89,1.0,12.0,1.115238798828125,True,CALL,2026-02-27,EOSE
EOSE260227C00015000,15.0,2.72,2.28,2.64,32.0,160.0,1.1640666796875,True,CALL,2026-02-27,EOSE
EOSE260227C00015500,15.5,2.05,2.01,2.13,6.0,82.0,1.0781296093750001,True,CALL,2026-02-27,EOSE
EOSE260227C00016000,16.0,1.92,1.8,1.94,91.0,217.0,1.08984830078125,False,CALL,2026-02-27,EOSE
EOSE260227C00016500,16.5,1.79,1.57,1.71,57.0,104.0,1.0742233789062503,False,CALL,2026-02-27,EOSE
EOSE260227C00017000,17.0,1.49,1.4,1.52,8.0,598.0,1.0751999365234377,False,CALL,2026-02-27,EOSE
EOSE260227C00017500,17.5,1.38,1.24,1.45,21.0,1326.0,1.1035201074218752,False,CALL,2026-02-27,EOSE
EOSE260227C00018000,18.0,1.1,1.07,1.22,15.0,443.0,1.0742233789062503,False,CALL,2026-02-27,EOSE
EOSE260227C00018500,18.5,1.08,0.95,1.21,21.0,3609.0,1.1142622412109375,False,CALL,2026-02-27,EOSE
EOSE260227C00019000,19.0,0.87,0.83,0.98,13.0,285.0,1.08203583984375,False,CALL,2026-02-27,EOSE
EOSE260227C00020000,20.0,0.69,0.63,0.8,20.0,745.0,1.08984830078125,False,CALL,2026-02-27,EOSE
EOSE260227P00011500,11.5,0.36,0.21,0.4,31.0,39.0,1.052739111328125,False,PUT,2026-02-27,EOSE
EOSE260227P00012000,12.0,0.4,0.38,0.48,97.0,445.0,1.0742233789062503,False,PUT,2026-02-27,EOSE
EOSE260227P00012500,12.5,0.54,0.47,0.57,23.0,134.0,1.0449266503906252,False,PUT,2026-02-27,EOSE
EOSE260227P00013000,13.0,0.65,0.62,0.7,28.0,322.0,1.0419969775390627,False,PUT,2026-02-27,EOSE
EOSE260227P00013500,13.5,0.81,0.78,0.86,15.0,167.0,1.0380907470703127,False,PUT,2026-02-27,EOSE
EOSE260227P00014000,14.0,1.02,0.94,1.04,19.0,806.0,1.0263720556640625,False,PUT,2026-02-27,EOSE
EOSE260227P00014500,14.5,1.23,1.14,1.24,56.0,35.0,1.0205127099609377,False,PUT,2026-02-27,EOSE
EOSE260227P00015000,15.0,1.35,1.37,1.46,222.0,329.0,1.015629921875,False,PUT,2026-02-27,EOSE
EOSE260227P00015500,15.5,1.7,1.6,1.79,3.0,153.0,1.0302782861328126,False,PUT,2026-02-27,EOSE
EOSE260227P00016000,16.0,1.82,1.88,2.0,177.0,280.0,1.01172369140625,True,PUT,2026-02-27,EOSE
EOSE260227P00016500,16.5,2.37,2.12,2.29,2.0,9.0,0.993164130859375,True,PUT,2026-02-27,EOSE
EOSE260227P00017000,17.0,2.57,2.5,2.61,3.0,22.0,1.01172369140625,True,PUT,2026-02-27,EOSE
EOSE260227P00017500,17.5,3.35,2.8,2.94,2.0,32.0,0.999023447265625,True,PUT,2026-02-27,EOSE
EOSE260227P00018000,18.0,3.1,3.15,3.3,1.0,42.0,0.999023447265625,True,PUT,2026-02-27,EOSE
EOSE260227P00018500,18.5,2.85,3.35,3.8,3450.0,3450.0,0.9863282617187501,True,PUT,2026-02-27,EOSE
EOSE260227P00020000,20.0,5.23,4.7,5.0,20.0,0.0,1.0390673046875003,True,PUT,2026-02-27,EOSE
EOSE260306C00015000,15.0,2.67,2.57,2.83,1.0,16.0,1.1748088134765624,True,CALL,2026-03-06,EOSE
EOSE260306C00017000,17.0,1.93,1.71,1.98,5.0,35.0,1.16016044921875,False,CALL,2026-03-06,EOSE
EOSE260306C00017500,17.5,1.62,1.5,1.84,1.0,25.0,1.1572307763671876,False,CALL,2026-03-06,EOSE
EOSE260306C00018000,18.0,1.42,1.37,1.77,10.0,71.0,1.18359783203125,False,CALL,2026-03-06,EOSE
EOSE260306C00018500,18.5,1.39,1.05,1.55,1.0,26.0,1.1181684716796876,False,CALL,2026-03-06,EOSE
EOSE260306C00020000,20.0,1.11,0.8,1.2,2.0,57.0,1.1445355273437499,False,CALL,2026-03-06,EOSE
EOSE260306P00012000,12.0,0.75,0.49,0.74,1.0,42.0,1.119145029296875,False,PUT,2026-03-06,EOSE
EOSE260306P00013000,13.0,0.88,0.76,1.03,1.0,90.0,1.0957076464843751,False,PUT,2026-03-06,EOSE
EOSE260306P00013500,13.5,1.4,0.85,1.26,1.0,9.0,1.0800827246093752,False,PUT,2026-03-06,EOSE
EOSE260306P00014000,14.0,1.18,1.11,1.43,1.0,68.0,1.0859420703125,False,PUT,2026-03-06,EOSE
EOSE260306P00014500,14.5,1.65,1.25,1.66,1.0,31.0,1.0634812451171878,False,PUT,2026-03-06,EOSE
EOSE260306P00015000,15.0,2.11,1.58,1.93,1.0,137.0,1.09375453125,False,PUT,2026-03-06,EOSE
EOSE260306P00015500,15.5,2.26,1.81,2.16,30.0,125.0,1.0751999365234377,False,PUT,2026-03-06,EOSE
EOSE260306P00017000,17.0,2.2,2.73,3.1,10.0,0.0,1.0908248583984377,True,PUT,2026-03-06,EOSE
EOSE260306P00018000,18.0,2.99,3.35,3.75,27.0,26.0,1.0673874755859378,True,PUT,2026-03-06,EOSE
EOSE260306P00018500,18.5,3.0,3.75,4.15,7.0,2.0,1.0869186279296876,True,PUT,2026-03-06,EOSE
EOSE260320C00012000,12.0,5.4,4.4,5.2,16.0,1913.0,1.201175869140625,True,CALL,2026-03-20,EOSE
EOSE260320C00012500,12.5,4.5,4.15,4.85,82.0,2797.0,1.2109414453124998,True,CALL,2026-03-20,EOSE
EOSE260320C00014000,14.0,3.58,3.5,3.7,213.0,5255.0,1.1845743896484375,True,CALL,2026-03-20,EOSE
EOSE260320C00015000,15.0,3.1,3.0,3.2,646.0,18939.0,1.1796916015624999,True,CALL,2026-03-20,EOSE
EOSE260320C00016000,16.0,2.65,2.54,2.67,1209.0,6494.0,1.1513714306640623,False,CALL,2026-03-20,EOSE
EOSE260320C00017000,17.0,2.24,2.19,2.29,1649.0,2278.0,1.15625421875,False,CALL,2026-03-20,EOSE
EOSE260320C00018000,18.0,1.95,1.85,1.95,223.0,6176.0,1.1494183154296875,False,CALL,2026-03-20,EOSE
EOSE260320C00019000,19.0,1.67,1.59,1.7,46.0,6181.0,1.1606487280273439,False,CALL,2026-03-20,EOSE
EOSE260320C00020000,20.0,1.38,1.34,1.45,743.0,24559.0,1.15625421875,False,CALL,2026-03-20,EOSE
EOSE260320P00012000,12.0,0.89,0.82,0.9,24.0,8323.0,1.109379453125,False,PUT,2026-03-20,EOSE
EOSE260320P00012500,12.5,1.05,0.96,1.06,9.0,3664.0,1.0976607617187502,False,PUT,2026-03-20,EOSE
EOSE260320P00014000,14.0,1.56,1.58,1.67,167.0,1239.0,1.0966842041015625,False,PUT,2026-03-20,EOSE
EOSE260320P00015000,15.0,2.17,2.05,2.16,436.0,6085.0,1.087895185546875,False,PUT,2026-03-20,EOSE
EOSE260320P00016000,16.0,2.69,2.61,2.72,52.0,3314.0,1.0869186279296876,True,PUT,2026-03-20,EOSE
EOSE260320P00017000,17.0,3.3,3.2,3.35,103.0,1489.0,1.08203583984375,True,PUT,2026-03-20,EOSE
EOSE260320P00018000,18.0,4.0,3.85,4.0,96.0,814.0,1.070805427246094,True,PUT,2026-03-20,EOSE
EOSE260320P00019000,19.0,4.7,4.55,4.7,24.0,196.0,1.0605515722656251,True,PUT,2026-03-20,EOSE
EOSE260320P00020000,20.0,5.45,5.35,5.55,198.0,752.0,1.0869186279296876,True,PUT,2026-03-20,EOSE
EOSE260515C00012500,12.5,5.33,4.85,5.75,112.0,8798.0,1.137211345214844,True,CALL,2026-05-15,EOSE
EOSE260515C00014000,14.0,4.55,4.45,4.75,471.0,2518.0,1.1494183154296875,True,CALL,2026-05-15,EOSE
EOSE260515C00015000,15.0,4.18,4.0,4.3,22.0,6703.0,1.1435589697265625,True,CALL,2026-05-15,EOSE
EOSE260515C00016000,16.0,3.79,3.65,3.95,63.0,1904.0,1.1557659399414062,False,CALL,2026-05-15,EOSE
EOSE260515C00017000,17.0,3.7,3.3,3.5,131.0,1122.0,1.1411175756835936,False,CALL,2026-05-15,EOSE
EOSE260515C00018000,18.0,3.23,2.99,3.15,37.0,2274.0,1.137211345214844,False,CALL,2026-05-15,EOSE
EOSE260515C00019000,19.0,2.8,2.65,2.97,285.0,634.0,1.1450238061523437,False,CALL,2026-05-15,EOSE
EOSE260515C00020000,20.0,2.49,2.43,2.56,320.0,17243.0,1.1279340478515625,False,CALL,2026-05-15,EOSE
EOSE260515P00012500,12.5,1.75,1.79,1.92,3.0,2421.0,1.0795944458007813,False,PUT,2026-05-15,EOSE
EOSE260515P00014000,14.0,2.77,2.5,2.64,2.0,12152.0,1.0698288696289064,False,PUT,2026-05-15,EOSE
EOSE260515P00015000,15.0,3.3,3.05,3.2,16.0,851.0,1.0693405908203126,False,PUT,2026-05-15,EOSE
EOSE260515P00016000,16.0,3.45,3.6,3.8,2.0,807.0,1.0615281298828125,True,PUT,2026-05-15,EOSE
EOSE260515P00017000,17.0,4.63,4.25,4.4,1.0,495.0,1.0561570629882815,True,PUT,2026-05-15,EOSE
EOSE260515P00018000,18.0,5.3,4.9,5.05,3.0,614.0,1.0478563232421876,True,PUT,2026-05-15,EOSE
EOSE260515P00019000,19.0,5.4,5.6,5.8,1.0,113.0,1.0512742749023438,True,PUT,2026-05-15,EOSE
EOSE260515P00020000,20.0,6.25,6.3,6.5,10.0,505.0,1.0380907470703127,True,PUT,2026-05-15,EOSE
EOSE260717C00012500,12.5,6.3,5.6,6.45,9.0,5853.0,1.115238798828125,True,CALL,2026-07-17,EOSE
EOSE260717C00014000,14.0,5.3,5.15,5.6,28.0,596.0,1.1181684716796876,True,CALL,2026-07-17,EOSE
EOSE260717C00015000,15.0,5.03,4.75,5.25,17.0,11284.0,1.123051259765625,True,CALL,2026-07-17,EOSE
EOSE260717C00016000,16.0,4.68,4.4,4.9,13.0,1296.0,1.1254926538085939,False,CALL,2026-07-17,EOSE
EOSE260717C00017000,17.0,4.36,4.05,4.35,313.0,6313.0,1.0966842041015625,False,CALL,2026-07-17,EOSE
EOSE260717C00018000,18.0,3.9,3.75,4.0,42.0,732.0,1.091801416015625,False,CALL,2026-07-17,EOSE
EOSE260717C00019000,19.0,3.3,3.45,4.0,1.0,375.0,1.1220747021484376,False,CALL,2026-07-17,EOSE
EOSE260717C00020000,20.0,3.35,3.25,3.5,268.0,5749.0,1.1001021557617188,False,CALL,2026-07-17,EOSE
EOSE260717P00012500,12.5,2.38,2.21,2.56,10.0,653.0,1.0127002490234376,False,PUT,2026-07-17,EOSE
EOSE260717P00014000,14.0,3.3,3.05,3.4,9.0,836.0,1.0219775463867187,False,PUT,2026-07-17,EOSE
EOSE260717P00015000,15.0,3.68,3.65,3.95,1.0,2534.0,1.0185595947265624,False,PUT,2026-07-17,EOSE
EOSE260717P00016000,16.0,4.21,4.15,4.75,2.0,1347.0,1.0244189404296877,True,PUT,2026-07-17,EOSE
EOSE260717P00017000,17.0,4.93,4.6,5.4,9.0,461.0,0.99804689453125,True,PUT,2026-07-17,EOSE
EOSE260717P00018000,18.0,5.9,5.2,6.05,2.0,554.0,0.983398603515625,True,PUT,2026-07-17,EOSE
EOSE260717P00019000,19.0,6.35,5.95,7.0,3.0,18.0,1.0146533642578124,True,PUT,2026-07-17,EOSE
EOSE260717P00020000,20.0,7.45,6.75,7.45,12.0,26.0,0.9873048144531251,True,PUT,2026-07-17,EOSE
EOSE260821C00012000,12.0,6.51,6.05,7.7,10.0,51.0,1.1860392260742185,True,CALL,2026-08-21,EOSE
EOSE260821C00013000,13.0,6.55,5.6,7.2,15.0,512.0,1.173832255859375,True,CALL,2026-08-21,EOSE
EOSE260821C00014000,14.0,6.7,5.55,6.2,3.0,317.0,1.1416058544921874,True,CALL,2026-08-21,EOSE
EOSE260821C00015000,15.0,5.1,4.85,5.8,10.0,1437.0,1.0996138769531252,True,CALL,2026-08-21,EOSE
EOSE260821C00016000,16.0,5.0,4.8,5.4,4.0,75.0,1.1279340478515625,False,CALL,2026-08-21,EOSE
EOSE260821C00017000,17.0,5.1,4.2,5.0,61.0,161.0,1.0869186279296876,False,CALL,2026-08-21,EOSE
EOSE260821C00018000,18.0,4.5,4.0,4.85,4.0,2012.0,1.1137739624023437,False,CALL,2026-08-21,EOSE
EOSE260821C00019000,19.0,4.15,3.75,4.95,20.0,56.0,1.15625421875,False,CALL,2026-08-21,EOSE
EOSE260821C00020000,20.0,3.99,3.65,4.35,6.0,754.0,1.1347699511718752,False,CALL,2026-08-21,EOSE
EOSE260821P00012000,12.0,2.64,2.14,2.81,9.0,59.0,1.015629921875,False,PUT,2026-08-21,EOSE
EOSE260821P00013000,13.0,3.15,2.69,3.35,1.0,12.0,1.0200244311523439,False,PUT,2026-08-21,EOSE
EOSE260821P00014000,14.0,3.45,3.5,3.8,1.0,14.0,1.0346727954101564,False,PUT,2026-08-21,EOSE
EOSE260821P00015000,15.0,4.25,3.75,4.6,1.0,39.0,1.0146533642578124,False,PUT,2026-08-21,EOSE
EOSE260821P00016000,16.0,5.0,4.3,5.15,5.0,75.0,0.9946289599609376,True,PUT,2026-08-21,EOSE
EOSE260821P00017000,17.0,5.45,4.95,5.85,25.0,37.0,0.9965820654296875,True,PUT,2026-08-21,EOSE
EOSE260821P00018000,18.0,6.4,5.65,6.5,100.0,243.0,0.992187578125,True,PUT,2026-08-21,EOSE
EOSE260821P00019000,19.0,6.05,6.1,7.25,5.0,20.0,0.9663089306640625,True,PUT,2026-08-21,EOSE
EOSE260821P00020000,20.0,7.1,7.1,8.0,1.0,2.0,0.9943848217773439,True,PUT,2026-08-21,EOSE
EOSE270115C00012500,12.5,7.7,7.5,7.85,90.0,75722.0,1.1206098657226562,True,CALL,2027-01-15,EOSE
EOSE270115C00015000,15.0,6.75,6.6,6.95,557.0,19828.0,1.1091353137207034,True,CALL,2027-01-15,EOSE
EOSE270115C00017000,17.0,6.2,6.0,6.3,70.0,4739.0,1.1005904345703126,False,CALL,2027-01-15,EOSE
EOSE270115C00020000,20.0,5.4,5.25,5.5,18649.0,62911.0,1.0947310888671877,False,CALL,2027-01-15,EOSE
EOSE270115P00012500,12.5,4.01,3.4,4.25,3.0,35295.0,1.0014698364257812,False,PUT,2027-01-15,EOSE
EOSE270115P00015000,15.0,5.29,5.15,5.85,60.0,17929.0,1.0170947583007814,False,PUT,2027-01-15,EOSE
EOSE270115P00017000,17.0,6.55,6.1,7.2,3.0,183.0,0.97460962890625,True,PUT,2027-01-15,EOSE
EOSE270115P00020000,20.0,8.0,8.25,9.35,1.0,646.0,0.9633792724609375,True,PUT,2027-01-15,EOSE
EOSE280121C00012000,12.0,11.0,8.85,11.05,19.0,1753.0,1.1284223266601563,True,CALL,2028-01-21,EOSE
EOSE280121C00015000,15.0,9.13,8.55,9.3,26.0,11785.0,1.0825241186523438,True,CALL,2028-01-21,EOSE
EOSE280121C00017000,17.0,8.57,7.8,9.65,2.0,1660.0,1.1179243322753907,False,CALL,2028-01-21,EOSE
EOSE280121C00020000,20.0,7.6,7.6,8.25,5.0,38301.0,1.0854537915039062,False,CALL,2028-01-21,EOSE
EOSE280121P00012000,12.0,5.17,4.8,6.6,2.0,448.0,1.0476121838378907,False,PUT,2028-01-21,EOSE
EOSE280121P00015000,15.0,7.17,5.65,8.5,10.0,984.0,0.9252937158203125,False,PUT,2028-01-21,EOSE
EOSE280121P00017000,17.0,7.82,7.65,9.0,7.0,114.0,0.8930674755859375,True,PUT,2028-01-21,EOSE
EOSE280121P00020000,20.0,10.7,9.2,12.0,5.0,210.0,0.8872081591796874,True,PUT,2028-01-21,EOSE
EQT260130C00049000,49.0,7.64,6.55,8.75,2.0,7.0,2.3378947802734364,True,CALL,2026-01-30,EQT
EQT260130C00049500,49.5,7.22,5.95,7.4,1.0,6.0,1.2578162109375,True,CALL,2026-01-30,EQT
EQT260130C00050000,50.0,6.67,5.6,7.0,1.0,1136.0,1.3437532812499997,True,CALL,2026-01-30,EQT
EQT260130C00051000,51.0,5.7,4.6,6.05,2.0,490.0,1.2480506347656248,True,CALL,2026-01-30,EQT
EQT260130C00052000,52.0,3.9,3.5,4.9,11.0,486.0,0.8906260937499999,True,CALL,2026-01-30,EQT
EQT260130C00053000,53.0,3.28,2.68,3.95,5.0,143.0,0.804689453125,True,CALL,2026-01-30,EQT
EQT260130C00054000,54.0,2.74,2.25,2.85,27.0,466.0,0.5273484765625001,True,CALL,2026-01-30,EQT
EQT260130C00055000,55.0,1.35,1.29,1.85,102.0,1182.0,0.3789124609375,True,CALL,2026-01-30,EQT
EQT260130C00056000,56.0,1.0,0.78,1.08,58.0,1325.0,0.38477177734374995,True,CALL,2026-01-30,EQT
EQT260130C00057000,57.0,0.3,0.31,0.47,82.0,702.0,0.3505924316406249,False,CALL,2026-01-30,EQT
EQT260130C00058000,58.0,0.14,0.11,0.19,47.0,417.0,0.3711000390625,False,CALL,2026-01-30,EQT
EQT260130C00059000,59.0,0.1,0.03,0.09,1.0,377.0,0.41992767578125,False,CALL,2026-01-30,EQT
EQT260130C00060000,60.0,0.03,0.0,0.04,67.0,8290.0,0.45313046875,False,CALL,2026-01-30,EQT
EQT260130C00061000,61.0,0.02,0.0,0.04,10.0,35.0,0.500005,False,CALL,2026-01-30,EQT
EQT260130C00062000,62.0,0.03,0.0,0.24,19.0,24.0,0.8281267187499999,False,CALL,2026-01-30,EQT
EQT260130C00063000,63.0,0.01,0.0,0.03,1.0,6.0,0.648441015625,False,CALL,2026-01-30,EQT
EQT260130C00068000,68.0,0.06,0.0,0.24,,1.0,1.4375028125,False,CALL,2026-01-30,EQT
EQT260130C00070000,70.0,0.01,0.0,1.24,1.0,2.0,2.3671915820312495,False,CALL,2026-01-30,EQT
EQT260130P00044000,44.0,0.16,0.0,1.55,2.0,2.0,3.1054709863281245,False,PUT,2026-01-30,EQT
EQT260130P00045000,45.0,0.01,0.0,1.15,4.0,69.0,2.6503939990234375,False,PUT,2026-01-30,EQT
EQT260130P00046000,46.0,0.02,0.0,0.57,8.0,64.0,2.0351611621093753,False,PUT,2026-01-30,EQT
EQT260130P00047000,47.0,0.02,0.0,0.75,20.0,37.0,2.009770600585937,False,PUT,2026-01-30,EQT
EQT260130P00048000,48.0,0.01,0.0,0.75,6.0,47.0,1.8398445507812498,False,PUT,2026-01-30,EQT
EQT260130P00049000,49.0,0.02,0.0,0.6,10.0,6935.0,1.5664084179687499,False,PUT,2026-01-30,EQT
EQT260130P00049500,49.5,0.02,0.0,0.75,1.0,40.0,1.5859395703124997,False,PUT,2026-01-30,EQT
EQT260130P00050000,50.0,0.02,0.0,0.04,4.0,213.0,0.8125018749999999,False,PUT,2026-01-30,EQT
EQT260130P00051000,51.0,0.09,0.0,0.1,6.0,579.0,0.8125018749999999,False,PUT,2026-01-30,EQT
EQT260130P00052000,52.0,0.05,0.01,0.05,3.0,183.0,0.632816171875,False,PUT,2026-01-30,EQT
EQT260130P00053000,53.0,0.07,0.01,0.13,282.0,5958.0,0.6093789062500001,False,PUT,2026-01-30,EQT
EQT260130P00054000,54.0,0.08,0.03,0.14,77.0,2295.0,0.500005,False,PUT,2026-01-30,EQT
EQT260130P00055000,55.0,0.15,0.06,0.22,31.0,1096.0,0.49219257812500006,False,PUT,2026-01-30,EQT
EQT260130P00056000,56.0,0.62,0.32,0.79,73.0,373.0,0.5273484765625001,False,PUT,2026-01-30,EQT
EQT260130P00057000,57.0,2.93,0.87,1.32,17.0,54.0,0.5732464550781251,True,PUT,2026-01-30,EQT
EQT260130P00059000,59.0,5.5,2.23,3.05,,1.0,0.6953155468750001,True,PUT,2026-01-30,EQT
EQT260130P00061000,61.0,4.6,3.6,5.6,1.0,20.0,0.9687503125,True,PUT,2026-01-30,EQT
EQT260130P00062000,62.0,7.45,4.55,6.6,7.0,0.0,1.0800827246093752,True,PUT,2026-01-30,EQT
EQT260130P00063000,63.0,9.35,5.45,7.5,2.0,0.0,1.087895185546875,True,PUT,2026-01-30,EQT
EQT260130P00064000,64.0,10.3,6.15,8.5,2.0,1.0,0.937500625,True,PUT,2026-01-30,EQT
EQT260130P00065000,65.0,10.4,7.45,10.5,1.0,0.0,1.865235048828125,True,PUT,2026-01-30,EQT
EQT260130P00066000,66.0,12.0,8.45,11.5,,0.0,1.99609376953125,True,PUT,2026-01-30,EQT
EQT260206C00045000,45.0,9.1,10.6,12.95,2.0,2.0,0.6875031250000001,True,CALL,2026-02-06,EQT
EQT260206C00049000,49.0,6.15,6.55,8.95,,3.0,1.1870157836914061,True,CALL,2026-02-06,EQT
EQT260206C00050000,50.0,6.96,5.6,7.25,3.0,47.0,0.7773459765625,True,CALL,2026-02-06,EQT
EQT260206C00051000,51.0,5.75,4.7,6.9,5.0,25.0,0.9653323779296875,True,CALL,2026-02-06,EQT
EQT260206C00052000,52.0,4.4,3.8,5.05,15.0,309.0,0.5107470800781251,True,CALL,2026-02-06,EQT
EQT260206C00053000,53.0,3.5,2.97,4.1,4.0,51.0,0.45508357421875,True,CALL,2026-02-06,EQT
EQT260206C00054000,54.0,2.98,2.83,3.1,5.0,124.0,0.3711000390625,True,CALL,2026-02-06,EQT
EQT260206C00055000,55.0,2.3,2.07,2.34,12.0,417.0,0.3667055517578125,True,CALL,2026-02-06,EQT
EQT260206C00056000,56.0,1.4,1.42,1.71,33.0,549.0,0.36914693359375,True,CALL,2026-02-06,EQT
EQT260206C00057000,57.0,0.92,0.98,1.23,66.0,549.0,0.379889013671875,False,CALL,2026-02-06,EQT
EQT260206C00058000,58.0,0.75,0.61,0.83,220.0,161.0,0.3803772900390625,False,CALL,2026-02-06,EQT
EQT260206C00059000,59.0,0.5,0.36,0.57,202.0,63.0,0.39258419921875,False,CALL,2026-02-06,EQT
EQT260206C00060000,60.0,0.32,0.23,0.35,64.0,1232.0,0.389654541015625,False,CALL,2026-02-06,EQT
EQT260206C00061000,61.0,0.14,0.14,0.26,1.0,3.0,0.41602146484374997,False,CALL,2026-02-06,EQT
EQT260206C00062000,62.0,0.12,0.08,0.26,5.0,30.0,0.477544287109375,False,CALL,2026-02-06,EQT
EQT260206C00066000,66.0,0.13,0.0,0.14,16.0,31.0,0.5312546875,False,CALL,2026-02-06,EQT
EQT260206P00043000,43.0,0.22,0.0,0.75,,30.0,1.2773473632812498,False,PUT,2026-02-06,EQT
EQT260206P00044000,44.0,0.26,0.0,0.75,1.0,1.0,1.193363408203125,False,PUT,2026-02-06,EQT
EQT260206P00045000,45.0,0.18,0.0,0.75,30.0,66.0,1.1103560107421875,False,PUT,2026-02-06,EQT
EQT260206P00046000,46.0,0.36,0.0,0.75,,1.0,1.0283251708984378,False,PUT,2026-02-06,EQT
EQT260206P00047000,47.0,0.05,0.0,0.15,2.0,62.0,0.6640658593750002,False,PUT,2026-02-06,EQT
EQT260206P00048000,48.0,0.13,0.0,0.69,15.0,9170.0,0.8476577734374999,False,PUT,2026-02-06,EQT
EQT260206P00048500,48.5,0.56,0.0,0.2,,3.0,0.6015664843750002,False,PUT,2026-02-06,EQT
EQT260206P00049000,49.0,0.06,0.0,0.19,3.0,16.0,0.5644574804687501,False,PUT,2026-02-06,EQT
EQT260206P00050000,50.0,0.25,0.03,0.19,1.0,85.0,0.51562984375,False,PUT,2026-02-06,EQT
EQT260206P00051000,51.0,0.3,0.06,0.71,1.0,47.0,0.632816171875,False,PUT,2026-02-06,EQT
EQT260206P00052000,52.0,0.14,0.12,0.24,7.0,176.0,0.47461462890625,False,PUT,2026-02-06,EQT
EQT260206P00053000,53.0,0.31,0.25,0.33,12.0,127.0,0.44336494140625,False,PUT,2026-02-06,EQT
EQT260206P00054000,54.0,0.43,0.35,0.52,12.0,186.0,0.436529072265625,False,PUT,2026-02-06,EQT
EQT260206P00055000,55.0,0.72,0.62,0.79,44.0,180.0,0.42969320312500003,False,PUT,2026-02-06,EQT
EQT260206P00056000,56.0,1.14,0.97,1.21,13.0,30.0,0.44043528320312497,False,PUT,2026-02-06,EQT
EQT260206P00057000,57.0,1.53,1.46,1.67,15.0,11.0,0.4321345849609375,True,PUT,2026-02-06,EQT
EQT260206P00059000,59.0,7.11,2.83,3.1,,10.0,0.481450498046875,True,PUT,2026-02-06,EQT
EQT260206P00060000,60.0,5.65,3.0,4.65,2.0,33.0,0.74414318359375,True,PUT,2026-02-06,EQT
EQT260213C00048000,48.0,3.0,7.7,10.1,,1.0,0.5214891601562499,True,CALL,2026-02-13,EQT
EQT260213C00049000,49.0,5.0,6.75,8.45,1.0,8.0,0.7236355761718749,True,CALL,2026-02-13,EQT
EQT260213C00050000,50.0,5.8,5.8,8.25,5.0,249.0,0.901368173828125,True,CALL,2026-02-13,EQT
EQT260213C00051000,51.0,6.0,4.95,6.2,9.0,48.0,0.5009815527343751,True,CALL,2026-02-13,EQT
EQT260213C00052000,52.0,4.81,4.15,5.25,15.0,386.0,0.45508357421875,True,CALL,2026-02-13,EQT
EQT260213C00053000,53.0,3.34,3.4,4.35,6.0,70.0,0.4204159521484375,True,CALL,2026-02-13,EQT
EQT260213C00054000,54.0,3.33,2.7,3.45,4.0,311.0,0.37744763183593744,True,CALL,2026-02-13,EQT
EQT260213C00055000,55.0,2.6,2.42,2.93,15.0,1235.0,0.4145566357421875,True,CALL,2026-02-13,EQT
EQT260213C00056000,56.0,2.1,2.1,2.24,5.0,91.0,0.39160764648437496,True,CALL,2026-02-13,EQT
EQT260213C00057000,57.0,1.68,1.58,1.72,15.0,153.0,0.38843385009765624,False,CALL,2026-02-13,EQT
EQT260213C00058000,58.0,1.14,1.17,1.3,5.0,462.0,0.3881897119140625,False,CALL,2026-02-13,EQT
EQT260213C00059000,59.0,0.92,0.88,0.98,32.0,103.0,0.39282833740234374,False,CALL,2026-02-13,EQT
EQT260213C00060000,60.0,0.66,0.64,0.72,41.0,180.0,0.39502558105468755,False,CALL,2026-02-13,EQT
EQT260213C00061000,61.0,0.53,0.43,0.52,27.0,158.0,0.397466962890625,False,CALL,2026-02-13,EQT
EQT260213C00062000,62.0,0.19,0.23,0.39,1.0,16.0,0.407232490234375,False,CALL,2026-02-13,EQT
EQT260213C00064000,64.0,0.08,0.01,0.75,,1.0,0.6210975390625001,False,CALL,2026-02-13,EQT
EQT260213P00040000,40.0,0.15,0.0,0.75,,25.0,1.15234798828125,False,PUT,2026-02-13,EQT
EQT260213P00043000,43.0,0.19,0.0,0.75,1.0,2.0,0.9570316796874999,False,PUT,2026-02-13,EQT
EQT260213P00044000,44.0,0.18,0.0,0.75,,1.0,0.8945323046874999,False,PUT,2026-02-13,EQT
EQT260213P00045000,45.0,0.42,0.0,0.76,1.0,12.0,0.8359391406249999,False,PUT,2026-02-13,EQT
EQT260213P00046000,46.0,0.6,0.0,1.75,,11.0,0.9965820654296875,False,PUT,2026-02-13,EQT
EQT260213P00047000,47.0,0.06,0.0,0.62,2.0,12805.0,0.6757844921875001,False,PUT,2026-02-13,EQT
EQT260213P00048000,48.0,0.14,0.0,1.15,2.0,12.0,0.7397486962890624,False,PUT,2026-02-13,EQT
EQT260213P00049000,49.0,0.26,0.01,0.94,16.0,22.0,0.6342810009765626,False,PUT,2026-02-13,EQT
EQT260213P00050000,50.0,0.59,0.11,0.49,2.0,117.0,0.577152666015625,False,PUT,2026-02-13,EQT
EQT260213P00051000,51.0,0.62,0.16,0.36,6.0,154.0,0.4643608251953125,False,PUT,2026-02-13,EQT
EQT260213P00052000,52.0,0.31,0.31,0.44,3.0,109.0,0.4331111376953125,False,PUT,2026-02-13,EQT
EQT260213P00053000,53.0,0.56,0.48,0.6,20.0,22.0,0.418951123046875,False,PUT,2026-02-13,EQT
EQT260213P00054000,54.0,0.83,0.71,0.84,1.0,137.0,0.41260353027343744,False,PUT,2026-02-13,EQT
EQT260213P00055000,55.0,1.12,1.02,1.2,1.0,6.0,0.41797457031249996,False,PUT,2026-02-13,EQT
EQT260213P00056000,56.0,1.64,1.43,1.58,17.0,38.0,0.4101621484375,False,PUT,2026-02-13,EQT
EQT260213P00057000,57.0,2.76,1.9,2.08,5.0,12.0,0.4106504248046875,True,PUT,2026-02-13,EQT
EQT260213P00060000,60.0,4.95,2.55,4.2,2.0,2.0,0.45166563964843753,True,PUT,2026-02-13,EQT
EQT260220C00040000,40.0,15.75,15.55,17.9,1.0,1.0,1.3134799951171874,True,CALL,2026-02-20,EQT
EQT260220C00042500,42.5,8.5,13.05,15.4,20.0,42.0,1.1445355273437499,True,CALL,2026-02-20,EQT
EQT260220C00045000,45.0,11.2,10.8,11.9,2.0,17.0,0.5664105859375,True,CALL,2026-02-20,EQT
EQT260220C00047500,47.5,8.25,8.3,10.1,7.0,36.0,0.7358424853515625,True,CALL,2026-02-20,EQT
EQT260220C00048000,48.0,7.88,7.8,9.8,50.0,78.0,0.7641625146484375,True,CALL,2026-02-20,EQT
EQT260220C00048500,48.5,8.45,7.4,9.3,2.0,35.0,0.7334011035156249,True,CALL,2026-02-20,EQT
EQT260220C00049500,49.5,6.56,6.4,8.2,1.0,2.0,0.6455113574218749,True,CALL,2026-02-20,EQT
EQT260220C00050000,50.0,6.47,6.45,7.1,28.0,1443.0,0.43506424316406256,True,CALL,2026-02-20,EQT
EQT260220C00051000,51.0,6.0,5.15,7.05,1.0,39.0,0.6391637646484375,True,CALL,2026-02-20,EQT
EQT260220C00052000,52.0,5.13,4.45,5.45,2.0,57.0,0.4331111376953125,True,CALL,2026-02-20,EQT
EQT260220C00052500,52.5,4.42,4.1,4.9,82.0,1546.0,0.39160764648437496,True,CALL,2026-02-20,EQT
EQT260220C00053000,53.0,4.39,4.2,4.65,25.0,1048.0,0.42090422851562503,True,CALL,2026-02-20,EQT
EQT260220C00054000,54.0,3.4,3.55,3.85,96.0,327.0,0.39893179199218753,True,CALL,2026-02-20,EQT
EQT260220C00055000,55.0,3.2,2.89,3.2,235.0,1028.0,0.3967345483398438,True,CALL,2026-02-20,EQT
EQT260220C00056000,56.0,2.5,2.4,2.72,608.0,731.0,0.41260353027343744,True,CALL,2026-02-20,EQT
EQT260220C00057000,57.0,1.89,1.89,2.14,25.0,169.0,0.3979552392578125,False,CALL,2026-02-20,EQT
EQT260220C00057500,57.5,1.56,1.57,1.97,10.0,2931.0,0.407232490234375,False,CALL,2026-02-20,EQT
EQT260220C00058000,58.0,1.7,1.39,1.71,1.0,310.0,0.397466962890625,False,CALL,2026-02-20,EQT
EQT260220C00059000,59.0,1.35,1.04,1.4,3.0,170.0,0.407232490234375,False,CALL,2026-02-20,EQT
EQT260220C00060000,60.0,0.85,0.85,1.08,1572.0,4059.0,0.40381455566406255,False,CALL,2026-02-20,EQT
EQT260220C00061000,61.0,0.79,0.62,0.88,1.0,72.0,0.414068359375,False,CALL,2026-02-20,EQT
EQT260220C00062000,62.0,0.68,0.46,0.71,1.0,548.0,0.42236905761718746,False,CALL,2026-02-20,EQT
EQT260220C00062500,62.5,0.37,0.4,0.65,1.0,287.0,0.42969320312500003,False,CALL,2026-02-20,EQT
EQT260220C00065000,65.0,0.25,0.18,0.36,1.0,665.0,0.442388388671875,False,CALL,2026-02-20,EQT
EQT260220C00070000,70.0,0.17,0.0,0.33,62.0,71.0,0.506840869140625,False,CALL,2026-02-20,EQT
EQT260220P00040000,40.0,0.11,0.0,0.21,2.0,123.0,0.74414318359375,False,PUT,2026-02-20,EQT
EQT260220P00042500,42.5,0.11,0.0,0.23,18.0,190.0,0.6425816992187501,False,PUT,2026-02-20,EQT
EQT260220P00044000,44.0,0.27,0.0,0.23,,1.0,0.57617611328125,False,PUT,2026-02-20,EQT
EQT260220P00045000,45.0,0.08,0.05,0.08,1.0,264.0,0.500005,False,PUT,2026-02-20,EQT
EQT260220P00046000,46.0,0.15,0.0,0.27,1.0,11869.0,0.507817421875,False,PUT,2026-02-20,EQT
EQT260220P00047000,47.0,0.27,0.01,0.3,,98.0,0.5585981640625001,False,PUT,2026-02-20,EQT
EQT260220P00047500,47.5,0.18,0.14,0.18,19.0,14220.0,0.4726615234375,False,PUT,2026-02-20,EQT
EQT260220P00048000,48.0,0.98,0.03,0.34,,44.0,0.5283250292968751,False,PUT,2026-02-20,EQT
EQT260220P00048500,48.5,0.42,0.01,0.37,4.0,233.0,0.51562984375,False,PUT,2026-02-20,EQT
EQT260220P00049000,49.0,0.41,0.23,0.41,1.0,49.0,0.50586431640625,False,PUT,2026-02-20,EQT
EQT260220P00049500,49.5,0.4,0.09,0.45,5.0,31.0,0.49414568359375005,False,PUT,2026-02-20,EQT
EQT260220P00050000,50.0,0.38,0.32,0.44,29.0,3375.0,0.46484910156250003,False,PUT,2026-02-20,EQT
EQT260220P00051000,51.0,0.52,0.37,0.67,5.0,129.0,0.4809622216796875,False,PUT,2026-02-20,EQT
EQT260220P00052000,52.0,0.57,0.62,0.81,1.0,50.0,0.4594780615234375,False,PUT,2026-02-20,EQT
EQT260220P00052500,52.5,0.82,0.71,0.95,30.0,549.0,0.46191944335937507,False,PUT,2026-02-20,EQT
EQT260220P00053000,53.0,0.98,0.83,1.06,103.0,27.0,0.45508357421875,False,PUT,2026-02-20,EQT
EQT260220P00054000,54.0,1.26,1.13,1.36,4.0,1592.0,0.45044494873046875,False,PUT,2026-02-20,EQT
EQT260220P00055000,55.0,1.6,1.48,1.72,13.0,614.0,0.446294599609375,False,PUT,2026-02-20,EQT
EQT260220P00056000,56.0,2.26,1.87,2.15,3.0,219.0,0.44385321777343745,False,PUT,2026-02-20,EQT
EQT260220P00057000,57.0,4.1,2.38,2.71,1.0,13.0,0.45337460693359377,True,PUT,2026-02-20,EQT
EQT260220P00057500,57.5,3.45,2.6,3.0,1.0,226.0,0.4555718505859375,True,PUT,2026-02-20,EQT
EQT260220P00058000,58.0,4.6,3.0,3.3,,10.0,0.45703667968750006,True,PUT,2026-02-20,EQT
EQT260220P00059000,59.0,4.5,3.6,4.0,2.0,33.0,0.47070841796875,True,PUT,2026-02-20,EQT
EQT260220P00060000,60.0,8.97,4.45,4.7,1.0,18.0,0.47510290527343746,True,PUT,2026-02-20,EQT
EQT260220P00062500,62.5,8.22,5.55,7.45,,20.0,0.6577182666015625,True,PUT,2026-02-20,EQT
EQT260227C00047000,47.0,4.7,8.65,10.75,,5.0,0.7104521142578125,True,CALL,2026-02-27,EQT
EQT260227C00050000,50.0,6.9,6.1,7.5,3.0,62.0,0.49121602539062503,True,CALL,2026-02-27,EQT
EQT260227C00051000,51.0,5.4,5.15,6.5,62.0,120.0,0.4409235595703125,True,CALL,2026-02-27,EQT
EQT260227C00052000,52.0,4.4,4.7,6.65,6.0,102.0,0.6149940844726562,True,CALL,2026-02-27,EQT
EQT260227C00053000,53.0,3.95,4.45,4.8,1.0,58.0,0.397466962890625,True,CALL,2026-02-27,EQT
EQT260227C00054000,54.0,3.61,3.75,4.15,77.0,120.0,0.4023497265625,True,CALL,2026-02-27,EQT
EQT260227C00055000,55.0,3.3,3.35,3.5,17.0,247.0,0.39649041015625003,True,CALL,2026-02-27,EQT
EQT260227C00056000,56.0,2.73,2.78,2.99,3.0,129.0,0.4035704174804688,True,CALL,2026-02-27,EQT
EQT260227C00057000,57.0,2.39,2.36,2.55,1.0,72.0,0.4116269775390625,False,CALL,2026-02-27,EQT
EQT260227C00058000,58.0,1.79,1.92,2.03,10.0,782.0,0.3979552392578125,False,CALL,2026-02-27,EQT
EQT260227C00059000,59.0,1.15,1.56,1.68,6.0,33.0,0.40161731201171874,False,CALL,2026-02-27,EQT
EQT260227C00060000,60.0,1.36,1.27,1.38,11.0,269.0,0.40479110839843746,False,CALL,2026-02-27,EQT
EQT260227C00061000,61.0,1.0,0.98,1.2,1.0,3.0,0.42139250488281255,False,CALL,2026-02-27,EQT
EQT260227C00064000,64.0,0.54,0.46,0.65,1.0,3.0,0.43066975585937506,False,CALL,2026-02-27,EQT
EQT260227P00044000,44.0,0.54,0.0,0.75,,2.0,0.6533237792968751,False,PUT,2026-02-27,EQT
EQT260227P00045000,45.0,0.25,0.07,0.23,1.0,6.0,0.5400436621093752,False,PUT,2026-02-27,EQT
EQT260227P00046000,46.0,0.25,0.01,0.75,1.0,10242.0,0.5654340332031251,False,PUT,2026-02-27,EQT
EQT260227P00047000,47.0,1.25,0.01,0.75,,4.0,0.5210008837890624,False,PUT,2026-02-27,EQT
EQT260227P00048000,48.0,0.42,0.01,0.75,3.0,82.0,0.5903361279296876,False,PUT,2026-02-27,EQT
EQT260227P00049000,49.0,0.51,0.32,0.75,1.0,6.0,0.5400436621093752,False,PUT,2026-02-27,EQT
EQT260227P00050000,50.0,0.71,0.41,0.74,2.0,41.0,0.48779809082031256,False,PUT,2026-02-27,EQT
EQT260227P00051000,51.0,0.78,0.45,0.76,1.0,40.0,0.442388388671875,False,PUT,2026-02-27,EQT
EQT260227P00052000,52.0,1.5,0.85,0.98,13.0,31.0,0.4379939013671875,False,PUT,2026-02-27,EQT
EQT260227P00053000,53.0,1.23,1.11,1.26,6.0,39.0,0.43604079589843747,False,PUT,2026-02-27,EQT
EQT260227P00054000,54.0,1.62,1.41,1.6,3.0,304.0,0.43604079589843747,False,PUT,2026-02-27,EQT
EQT260227P00057000,57.0,2.85,2.76,2.95,2.0,14.0,0.43408769042968753,True,PUT,2026-02-27,EQT
EQT260227P00060000,60.0,4.62,4.6,4.95,1.0,64.0,0.45752495605468757,True,PUT,2026-02-27,EQT
EQT260306C00050000,50.0,6.85,6.15,8.25,45.0,55.0,0.5925333715820313,True,CALL,2026-03-06,EQT
EQT260306C00051000,51.0,5.4,5.55,7.4,2.0,5.0,0.5664105859375,True,CALL,2026-03-06,EQT
EQT260306C00054000,54.0,3.7,3.95,4.4,1.0,4.0,0.4008848974609375,True,CALL,2026-03-06,EQT
EQT260306C00055000,55.0,2.66,3.35,3.9,1.0,63.0,0.41528905029296875,True,CALL,2026-03-06,EQT
EQT260306C00056000,56.0,2.24,2.63,3.25,2.0,22.0,0.39990834472656256,True,CALL,2026-03-06,EQT
EQT260306C00057000,57.0,2.16,2.26,2.79,1.0,36.0,0.40381455566406255,False,CALL,2026-03-06,EQT
EQT260306C00058000,58.0,2.07,1.97,2.37,5.0,11.0,0.4057676611328125,False,CALL,2026-03-06,EQT
EQT260306C00060000,60.0,1.25,1.17,1.67,4.0,292.0,0.40796490478515623,False,CALL,2026-03-06,EQT
EQT260306P00056000,56.0,3.64,2.41,2.77,11.0,16.0,0.43726148681640625,False,PUT,2026-03-06,EQT
EQT260306P00057000,57.0,3.13,2.84,3.3,4.0,4.0,0.43945873046875,True,PUT,2026-03-06,EQT
EQT260320C00040000,40.0,15.76,15.7,17.65,104.0,124.0,0.8168963623046874,True,CALL,2026-03-20,EQT
EQT260320C00042500,42.5,13.35,13.35,14.85,1.0,7.0,0.6284216845703126,True,CALL,2026-03-20,EQT
EQT260320C00045000,45.0,12.0,10.95,12.85,2.0,270.0,0.6489292919921875,True,CALL,2026-03-20,EQT
EQT260320C00047500,47.5,7.35,8.85,10.6,2.0,130.0,0.5898478515625001,True,CALL,2026-03-20,EQT
EQT260320C00050000,50.0,7.1,7.2,7.8,12.0,1984.0,0.43066975585937506,True,CALL,2026-03-20,EQT
EQT260320C00052500,52.5,5.75,5.25,5.9,64.0,1546.0,0.41309180664062495,True,CALL,2026-03-20,EQT
EQT260320C00055000,55.0,4.22,4.15,4.35,217.0,3411.0,0.40918559570312496,True,CALL,2026-03-20,EQT
EQT260320C00057500,57.5,2.9,2.91,3.0,57.0,2180.0,0.3952697192382813,False,CALL,2026-03-20,EQT
EQT260320C00060000,60.0,2.0,1.96,2.03,1832.0,25452.0,0.39258419921875,False,CALL,2026-03-20,EQT
EQT260320C00062500,62.5,1.33,1.31,1.4,127.0,1351.0,0.401373173828125,False,CALL,2026-03-20,EQT
EQT260320C00065000,65.0,0.87,0.86,0.95,244.0,7204.0,0.40869731933593745,False,CALL,2026-03-20,EQT
EQT260320C00067500,67.5,0.67,0.48,0.66,7.0,2437.0,0.4204159521484375,False,CALL,2026-03-20,EQT
EQT260320C00070000,70.0,0.45,0.32,0.48,10.0,11312.0,0.436529072265625,False,CALL,2026-03-20,EQT
EQT260320P00040000,40.0,0.09,0.05,0.21,2.0,310.0,0.5185595019531251,False,PUT,2026-03-20,EQT
EQT260320P00042500,42.5,0.22,0.06,0.27,1.0,57.0,0.5127001855468749,False,PUT,2026-03-20,EQT
EQT260320P00045000,45.0,0.34,0.26,0.39,37.0,3044.0,0.47119669433593747,False,PUT,2026-03-20,EQT
EQT260320P00047500,47.5,0.55,0.48,0.61,23.0,503.0,0.4409235595703125,False,PUT,2026-03-20,EQT
EQT260320P00050000,50.0,0.97,0.94,0.98,66.0,14771.0,0.4177304321289062,False,PUT,2026-03-20,EQT
EQT260320P00052500,52.5,1.65,1.56,1.68,1.0,2408.0,0.4165097412109374,False,PUT,2026-03-20,EQT
EQT260320P00055000,55.0,2.6,2.45,2.61,46.0,2703.0,0.40991801025390623,False,PUT,2026-03-20,EQT
EQT260320P00057500,57.5,4.2,3.7,3.85,54.0,2060.0,0.40650007568359375,True,PUT,2026-03-20,EQT
EQT260320P00060000,60.0,5.4,5.2,5.5,18.0,1380.0,0.41919526123046874,True,PUT,2026-03-20,EQT
EQT260320P00062500,62.5,8.0,6.55,7.4,24.0,665.0,0.4348201049804688,True,PUT,2026-03-20,EQT
EQT260320P00065000,65.0,10.53,8.3,10.1,4.0,359.0,0.5424850439453126,True,PUT,2026-03-20,EQT
EQT260320P00067500,67.5,12.05,10.5,12.4,1.0,49.0,0.585941640625,True,PUT,2026-03-20,EQT
EQT260320P00070000,70.0,14.64,12.85,14.8,2.0,4.0,0.6359899682617188,True,PUT,2026-03-20,EQT
EQT260618C00040000,40.0,17.0,16.35,18.25,3.0,94.0,0.5805706005859376,True,CALL,2026-06-18,EQT
EQT260618C00042500,42.5,14.31,14.3,16.05,2.0,92.0,0.5451705639648439,True,CALL,2026-06-18,EQT
EQT260618C00045000,45.0,12.85,12.3,13.95,5.0,201.0,0.5153857055664062,True,CALL,2026-06-18,EQT
EQT260618C00047500,47.5,9.9,10.45,12.0,2.0,34.0,0.4931691308593751,True,CALL,2026-06-18,EQT
EQT260618C00050000,50.0,8.95,8.7,9.75,11.0,1256.0,0.4370173486328125,True,CALL,2026-06-18,EQT
EQT260618C00052500,52.5,7.8,7.6,8.05,4.0,1173.0,0.4204159521484375,True,CALL,2026-06-18,EQT
EQT260618C00055000,55.0,6.54,6.4,6.6,6.0,947.0,0.41138283935546877,True,CALL,2026-06-18,EQT
EQT260618C00057500,57.5,5.22,5.2,5.4,24.0,1021.0,0.40845318115234375,False,CALL,2026-06-18,EQT
EQT260618C00060000,60.0,4.2,4.15,4.4,18.0,3777.0,0.40772076660156253,False,CALL,2026-06-18,EQT
EQT260618C00062500,62.5,3.35,3.3,3.5,3.0,637.0,0.4030821411132813,False,CALL,2026-06-18,EQT
EQT260618C00065000,65.0,2.78,2.63,2.79,12.0,1517.0,0.4018614501953125,False,CALL,2026-06-18,EQT
EQT260618C00067500,67.5,2.2,2.09,2.29,126.0,1083.0,0.4078428356933594,False,CALL,2026-06-18,EQT
EQT260618C00070000,70.0,1.75,1.6,1.8,99.0,3637.0,0.4061338684082031,False,CALL,2026-06-18,EQT
EQT260618P00040000,40.0,0.72,0.01,0.8,12.0,686.0,0.47363807617187503,False,PUT,2026-06-18,EQT
EQT260618P00042500,42.5,1.04,0.73,1.09,2.0,338.0,0.45337460693359377,False,PUT,2026-06-18,EQT
EQT260618P00045000,45.0,1.2,0.97,1.49,3.0,3240.0,0.4370173486328125,False,PUT,2026-06-18,EQT
EQT260618P00047500,47.5,1.82,1.74,1.97,2.0,199.0,0.4182187084960937,False,PUT,2026-06-18,EQT
EQT260618P00050000,50.0,2.5,2.44,2.81,9.0,3371.0,0.4205380212402344,False,PUT,2026-06-18,EQT
EQT260618P00052500,52.5,3.35,3.35,3.75,3.0,868.0,0.4162656030273437,False,PUT,2026-06-18,EQT
EQT260618P00055000,55.0,4.56,4.35,4.8,11.0,612.0,0.4074766284179688,False,PUT,2026-06-18,EQT
EQT260618P00057500,57.5,6.0,5.6,6.05,30.0,174.0,0.40112903564453123,True,PUT,2026-06-18,EQT
EQT260618P00060000,60.0,7.3,7.1,7.45,2.0,567.0,0.3931945446777344,True,PUT,2026-06-18,EQT
EQT260618P00062500,62.5,8.79,8.75,9.1,20.0,36.0,0.3918517846679687,True,PUT,2026-06-18,EQT
EQT260618P00065000,65.0,11.0,10.05,10.9,3.0,164.0,0.39075316284179684,True,PUT,2026-06-18,EQT
EQT260618P00067500,67.5,10.3,0.0,0.0,3.0,6.0,1.0000000000000003e-05,True,PUT,2026-06-18,EQT
EQT260918C00040000,40.0,17.75,17.2,18.95,1.0,161.0,0.5220995056152342,True,CALL,2026-09-18,EQT
EQT260918C00042500,42.5,11.79,15.25,16.9,20.0,10.0,0.49927258544921876,True,CALL,2026-09-18,EQT
EQT260918C00045000,45.0,14.0,13.45,15.0,2.0,40.0,0.4831594653320313,True,CALL,2026-09-18,EQT
EQT260918C00047500,47.5,11.18,11.65,13.2,3.0,13.0,0.46802289794921875,True,CALL,2026-09-18,EQT
EQT260918C00050000,50.0,10.81,10.2,11.3,1.0,96.0,0.44043528320312497,True,CALL,2026-09-18,EQT
EQT260918C00052500,52.5,9.3,8.65,9.6,4.0,76.0,0.4202938830566406,True,CALL,2026-09-18,EQT
EQT260918C00055000,55.0,7.37,7.9,8.3,1.0,298.0,0.41712008666992184,True,CALL,2026-09-18,EQT
EQT260918C00057500,57.5,5.75,6.25,7.15,3.0,109.0,0.4149228430175781,False,CALL,2026-09-18,EQT
EQT260918C00060000,60.0,5.83,5.85,6.0,5.0,492.0,0.4057676611328125,False,CALL,2026-09-18,EQT
EQT260918C00062500,62.5,4.26,4.8,5.25,1.0,189.0,0.41211525390625,False,CALL,2026-09-18,EQT
EQT260918C00065000,65.0,3.42,4.1,4.3,4.0,361.0,0.4010069665527344,False,CALL,2026-09-18,EQT
EQT260918C00067500,67.5,2.7,3.35,3.85,1.0,235.0,0.4128476684570312,False,CALL,2026-09-18,EQT
EQT260918C00070000,70.0,2.34,2.87,3.3,14.0,607.0,0.414068359375,False,CALL,2026-09-18,EQT
EQT260918P00040000,40.0,1.3,0.82,1.39,1.0,32.0,0.43945873046875,False,PUT,2026-09-18,EQT
EQT260918P00042500,42.5,2.26,1.35,1.82,110.0,116.0,0.42566492309570314,False,PUT,2026-09-18,EQT
EQT260918P00045000,45.0,2.35,1.9,2.35,5.0,225.0,0.4128476684570312,False,PUT,2026-09-18,EQT
EQT260918P00047500,47.5,3.95,2.65,3.05,11.0,25.0,0.40491317749023437,False,PUT,2026-09-18,EQT
EQT260918P00050000,50.0,4.0,3.45,3.9,2.0,247.0,0.3986876538085938,False,PUT,2026-09-18,EQT
EQT260918P00052500,52.5,6.05,4.55,5.05,146.0,281.0,0.4022276574707031,False,PUT,2026-09-18,EQT
EQT260918P00055000,55.0,6.63,5.6,6.2,1.0,121.0,0.3969786865234375,False,PUT,2026-09-18,EQT
EQT260918P00057500,57.5,10.15,6.55,7.45,1.0,59.0,0.38977661010742193,True,PUT,2026-09-18,EQT
EQT260918P00060000,60.0,9.64,8.25,8.9,1.0,262.0,0.38635867553710934,True,PUT,2026-09-18,EQT
EQT260918P00062500,62.5,8.65,0.0,0.0,43.0,77.0,1.0000000000000003e-05,True,PUT,2026-09-18,EQT
EQT260918P00065000,65.0,10.15,0.0,0.0,215.0,218.0,1.0000000000000003e-05,True,PUT,2026-09-18,EQT
EQT260918P00067500,67.5,10.9,13.3,13.95,1.0,437.0,0.37402969726562496,True,PUT,2026-09-18,EQT
EQT261218C00040000,40.0,17.0,17.85,19.8,1.0,80.0,0.508793974609375,True,CALL,2026-12-18,EQT
EQT261218C00042500,42.5,12.6,15.15,17.9,4.0,52.0,0.4928029235839845,True,CALL,2026-12-18,EQT
EQT261218C00045000,45.0,10.7,14.25,16.05,5.0,29.0,0.4757132507324219,True,CALL,2026-12-18,EQT
EQT261218C00047500,47.5,12.65,11.6,15.25,1.0,3.0,0.5141650146484374,True,CALL,2026-12-18,EQT
EQT261218C00050000,50.0,10.7,11.3,12.4,6.0,141.0,0.432622861328125,True,CALL,2026-12-18,EQT
EQT261218C00052500,52.5,10.05,9.95,11.0,7.0,11.0,0.42737389038085943,True,CALL,2026-12-18,EQT
EQT261218C00055000,55.0,9.42,8.1,9.75,19.0,90.0,0.4242000939941406,True,CALL,2026-12-18,EQT
EQT261218C00057500,57.5,8.2,7.65,8.45,7.0,258.0,0.41345801391601555,False,CALL,2026-12-18,EQT
EQT261218C00060000,60.0,6.0,6.45,7.6,4.0,87.0,0.4190731921386719,False,CALL,2026-12-18,EQT
EQT261218C00062500,62.5,6.29,5.8,6.7,2.0,20.0,0.4177304321289062,False,CALL,2026-12-18,EQT
EQT261218C00065000,65.0,4.56,5.05,5.9,120.0,305.0,0.41663181030273433,False,CALL,2026-12-18,EQT
EQT261218C00067500,67.5,2.93,4.35,5.3,4.0,215.0,0.4212094012451172,False,CALL,2026-12-18,EQT
EQT261218C00070000,70.0,3.35,3.75,4.6,50.0,105.0,0.4172421557617187,False,CALL,2026-12-18,EQT
EQT261218P00040000,40.0,1.4,1.27,1.96,5.0,22.0,0.422857333984375,False,PUT,2026-12-18,EQT
EQT261218P00042500,42.5,2.4,1.01,2.52,1.0,127.0,0.4138242211914062,False,PUT,2026-12-18,EQT
EQT261218P00045000,45.0,2.97,2.67,3.0,11.0,1984.0,0.3934386828613281,False,PUT,2026-12-18,EQT
EQT261218P00047500,47.5,3.6,3.35,3.7,5.0,31.0,0.3820862573242187,False,PUT,2026-12-18,EQT
EQT261218P00050000,50.0,4.65,4.3,4.55,2.0,1183.0,0.3734193518066406,False,PUT,2026-12-18,EQT
EQT261218P00052500,52.5,6.0,5.25,6.15,10.0,300.0,0.3969786865234375,False,PUT,2026-12-18,EQT
EQT261218P00055000,55.0,6.61,6.3,7.15,1.0,941.0,0.38281867187499996,False,PUT,2026-12-18,EQT
EQT261218P00057500,57.5,8.1,8.55,0.0,10.0,53.0,1.0000000000000003e-05,True,PUT,2026-12-18,EQT
EQT261218P00060000,60.0,9.9,8.9,10.0,2.0,94.0,0.3792176336669921,True,PUT,2026-12-18,EQT
EQT261218P00062500,62.5,10.35,11.85,0.0,,17.0,1.0000000000000003e-05,True,PUT,2026-12-18,EQT
EQT270115C00040000,40.0,17.0,18.1,20.2,2.0,496.0,0.5164843273925781,True,CALL,2027-01-15,EQT
EQT270115C00042000,42.0,17.39,16.6,19.3,1.0,333.0,0.5422409057617189,True,CALL,2027-01-15,EQT
EQT270115C00045000,45.0,15.1,14.5,17.2,1.0,165.0,0.5235643347167969,True,CALL,2027-01-15,EQT
EQT270115C00047000,47.0,13.5,12.85,15.15,1.0,1009.0,0.4725394543457031,True,CALL,2027-01-15,EQT
EQT270115C00050000,50.0,12.49,12.05,12.75,38.0,1501.0,0.4329890686035156,True,CALL,2027-01-15,EQT
EQT270115C00052500,52.5,10.91,10.2,11.4,2.0,221.0,0.4294490649414063,True,CALL,2027-01-15,EQT
EQT270115C00055000,55.0,9.9,8.95,10.0,38.0,1460.0,0.4185849157714844,True,CALL,2027-01-15,EQT
EQT270115C00057500,57.5,8.67,7.85,9.1,3.0,371.0,0.42627526855468756,False,CALL,2027-01-15,EQT
EQT270115C00060000,60.0,8.35,7.3,7.85,16.0,5051.0,0.4133359448242187,False,CALL,2027-01-15,EQT
EQT270115C00062500,62.5,6.36,6.2,7.15,117.0,502.0,0.42102629760742194,False,CALL,2027-01-15,EQT
EQT270115C00065000,65.0,6.05,5.6,6.25,16.0,4093.0,0.41565525756835936,False,CALL,2027-01-15,EQT
EQT270115C00067500,67.5,5.1,4.65,5.7,13.0,379.0,0.4225521612548828,False,CALL,2027-01-15,EQT
EQT270115C00070000,70.0,4.47,4.2,4.95,3.0,3473.0,0.41687594848632803,False,CALL,2027-01-15,EQT
EQT270115P00040000,40.0,1.96,1.4,2.14,13.0,1771.0,0.41992767578125,False,PUT,2027-01-15,EQT
EQT270115P00042000,42.0,3.0,1.46,2.77,2.0,483.0,0.424810439453125,False,PUT,2027-01-15,EQT
EQT270115P00045000,45.0,3.3,2.41,4.3,15.0,4980.0,0.4563042651367188,False,PUT,2027-01-15,EQT
EQT270115P00047000,47.0,3.9,2.95,4.25,2.0,11183.0,0.40845318115234375,False,PUT,2027-01-15,EQT
EQT270115P00050000,50.0,5.02,3.9,5.35,253.0,2896.0,0.3996642065429688,False,PUT,2027-01-15,EQT
EQT270115P00052500,52.5,6.15,4.85,6.55,2.0,288.0,0.40027455200195317,False,PUT,2027-01-15,EQT
EQT270115P00055000,55.0,7.35,6.8,7.6,7.0,450.0,0.38825074645996094,False,PUT,2027-01-15,EQT
EQT270115P00057500,57.5,8.7,7.25,8.9,11.0,191.0,0.38294074096679687,True,PUT,2027-01-15,EQT
EQT270115P00060000,60.0,10.15,9.5,10.3,19.0,170.0,0.3773255627441406,True,PUT,2027-01-15,EQT
EQT270115P00062500,62.5,9.9,0.0,0.0,3.0,54.0,1.0000000000000003e-05,True,PUT,2027-01-15,EQT
EQT270115P00065000,65.0,13.9,11.9,13.65,2.0,18.0,0.3770203900146484,True,PUT,2027-01-15,EQT
EQT270115P00070000,70.0,17.1,18.9,20.0,2.0,3.0,0.5003712072753908,True,PUT,2027-01-15,EQT
EQT280121C00040000,40.0,22.11,20.9,23.05,1.0,174.0,0.4929249926757813,True,CALL,2028-01-21,EQT
EQT280121C00042500,42.5,20.37,18.6,22.4,15.0,67.0,0.5228319201660157,True,CALL,2028-01-21,EQT
EQT280121C00045000,45.0,18.0,17.0,20.95,3.0,1192.0,0.5143481182861327,True,CALL,2028-01-21,EQT
EQT280121C00047500,47.5,17.6,16.2,19.5,2.0,30.0,0.5037891418457032,True,CALL,2028-01-21,EQT
EQT280121C00050000,50.0,14.95,14.9,18.0,5.0,321.0,0.4897511962890626,True,CALL,2028-01-21,EQT
EQT280121C00052500,52.5,15.0,13.95,17.0,4.0,89.0,0.49170430175781255,True,CALL,2028-01-21,EQT
EQT280121C00055000,55.0,13.25,14.25,14.25,3.0,101.0,0.43231768859863284,True,CALL,2028-01-21,EQT
EQT280121C00057500,57.5,12.1,11.55,14.0,2.0,54.0,0.4557549542236329,False,CALL,2028-01-21,EQT
EQT280121C00060000,60.0,13.8,10.55,12.3,3.0,435.0,0.4295100994873047,False,CALL,2028-01-21,EQT
EQT280121C00062500,62.5,10.84,10.2,11.95,20.0,558.0,0.4449518395996094,False,CALL,2028-01-21,EQT
EQT280121C00065000,65.0,9.3,9.3,11.0,1.0,52.0,0.43933666137695315,False,CALL,2028-01-21,EQT
EQT280121C00067500,67.5,8.62,7.85,11.5,2.0,4.0,0.4776663562011719,False,CALL,2028-01-21,EQT
EQT280121C00070000,70.0,8.2,7.55,9.15,9.0,7657.0,0.4248714739990235,False,CALL,2028-01-21,EQT
EQT280121P00040000,40.0,3.9,2.22,5.4,1.0,58.0,0.4522149505615235,False,PUT,2028-01-21,EQT
EQT280121P00042500,42.5,5.46,3.8,5.2,92.0,61.0,0.39813834289550787,False,PUT,2028-01-21,EQT
EQT280121P00045000,45.0,5.97,3.75,7.2,49.0,138.0,0.43530838134765626,False,PUT,2028-01-21,EQT
EQT280121P00047500,47.5,6.5,6.0,7.0,1.0,8.0,0.3819031536865234,False,PUT,2028-01-21,EQT
EQT280121P00050000,50.0,7.58,6.6,7.9,2.0,200.0,0.37000141723632807,False,PUT,2028-01-21,EQT
EQT280121P00052500,52.5,8.52,7.2,10.05,3.0,439.0,0.39856558471679693,False,PUT,2028-01-21,EQT
EQT280121P00055000,55.0,9.8,8.7,11.2,1.0,226.0,0.38922729919433596,False,PUT,2028-01-21,EQT
EQT280121P00057500,57.5,12.6,9.4,12.9,1.0,450.0,0.3955748919677735,True,PUT,2028-01-21,EQT
EQT280121P00060000,60.0,12.57,10.8,14.3,10.0,290.0,0.38977661010742193,True,PUT,2028-01-21,EQT
EQT280121P00062500,62.5,14.95,12.25,15.75,1.0,3.0,0.38349005187988283,True,PUT,2028-01-21,EQT
EQT280121P00065000,65.0,14.25,0.0,0.0,15.0,15.0,1.0000000000000003e-05,True,PUT,2028-01-21,EQT
EQT280121P00067500,67.5,18.85,15.5,19.4,,28.0,0.38843385009765624,True,PUT,2028-01-21,EQT
EQX260220C00012500,12.5,3.8,3.6,3.8,51.0,649.0,0.97460962890625,True,CALL,2026-02-20,EQX
EQX260220C00015000,15.0,1.8,1.6,1.75,284.0,9495.0,0.75586181640625,True,CALL,2026-02-20,EQX
EQX260220C00017500,17.5,0.66,0.6,0.75,582.0,4556.0,0.7929708203125,False,CALL,2026-02-20,EQX
EQX260220C00020000,20.0,0.22,0.15,0.3,251.0,1941.0,0.79883013671875,False,CALL,2026-02-20,EQX
EQX260220P00012500,12.5,0.1,0.05,0.15,31.0,2534.0,0.7070341796875,False,PUT,2026-02-20,EQX
EQX260220P00015000,15.0,0.65,0.55,0.7,567.0,2828.0,0.6562534375000001,False,PUT,2026-02-20,EQX
EQX260220P00017500,17.5,1.8,1.85,2.1,21.0,609.0,0.585941640625,True,PUT,2026-02-20,EQX
EQX260220P00020000,20.0,4.0,3.8,4.3,11.0,58.0,0.7773459765625,True,PUT,2026-02-20,EQX
EQX260320C00012500,12.5,4.02,3.8,4.5,2.0,153.0,0.956055126953125,True,CALL,2026-03-20,EQX
EQX260320C00015000,15.0,2.15,2.15,2.55,159.0,16424.0,0.8115253222656249,True,CALL,2026-03-20,EQX
EQX260320C00017500,17.5,1.3,1.1,1.2,373.0,1537.0,0.7412135253906249,False,CALL,2026-03-20,EQX
EQX260320C00020000,20.0,0.58,0.5,0.65,42.0,1387.0,0.747072841796875,False,CALL,2026-03-20,EQX
EQX260320P00012500,12.5,0.32,0.25,0.4,2.0,406.0,0.6777375976562501,False,PUT,2026-03-20,EQX
EQX260320P00015000,15.0,1.1,0.95,1.15,242.0,347.0,0.6347692773437501,False,PUT,2026-03-20,EQX
EQX260320P00017500,17.5,2.3,2.2,2.6,4.0,42.0,0.5908244042968751,True,PUT,2026-03-20,EQX
EQX260417C00012500,12.5,4.2,4.1,4.2,39.0,12718.0,0.7675804492187501,True,CALL,2026-04-17,EQX
EQX260417C00015000,15.0,2.55,2.5,2.65,306.0,14286.0,0.7329128271484374,True,CALL,2026-04-17,EQX
EQX260417C00017500,17.5,1.62,1.45,1.6,379.0,14451.0,0.7241238525390624,False,CALL,2026-04-17,EQX
EQX260417C00020000,20.0,0.86,0.85,1.0,36.0,15444.0,0.7412135253906249,False,CALL,2026-04-17,EQX
EQX260417P00012500,12.5,0.3,0.3,0.55,11.0,2232.0,0.6025430371093752,False,PUT,2026-04-17,EQX
EQX260417P00015000,15.0,1.3,1.3,1.45,74.0,2162.0,0.6269568554687501,False,PUT,2026-04-17,EQX
EQX260417P00017500,17.5,2.25,2.65,2.9,1.0,113.0,0.6059609716796877,True,PUT,2026-04-17,EQX
EQX260717C00012500,12.5,5.75,4.5,6.2,3.0,770.0,0.8911143701171874,True,CALL,2026-07-17,EQX
EQX260717C00015000,15.0,3.5,3.4,3.6,152.0,21528.0,0.726565234375,True,CALL,2026-07-17,EQX
EQX260717C00017500,17.5,2.56,2.3,2.55,109.0,7254.0,0.7016631396484375,False,CALL,2026-07-17,EQX
EQX260717C00020000,20.0,1.65,1.7,1.85,77.0,1256.0,0.7143583251953125,False,CALL,2026-07-17,EQX
EQX260717P00012500,12.5,1.06,0.9,1.2,110.0,1225.0,0.6215858154296876,False,PUT,2026-07-17,EQX
EQX260717P00015000,15.0,2.13,1.9,2.25,82.0,604.0,0.5991251025390626,False,PUT,2026-07-17,EQX
EQX260717P00017500,17.5,3.4,3.4,3.7,14.0,117.0,0.5932657861328126,True,PUT,2026-07-17,EQX
EQX270115C00012500,12.5,6.0,5.6,6.1,21.0,10238.0,0.7216824707031251,True,CALL,2027-01-15,EQX
EQX270115C00015000,15.0,4.8,4.5,4.9,127.0,8745.0,0.7133817724609376,True,CALL,2027-01-15,EQX
EQX270115C00017500,17.5,3.83,2.95,4.1,10.0,921.0,0.6655306884765627,False,CALL,2027-01-15,EQX
EQX270115C00020000,20.0,3.09,2.75,3.2,133.0,3839.0,0.6904327832031252,False,CALL,2027-01-15,EQX
EQX270115P00012500,12.5,1.75,1.7,2.0,9.0,593.0,0.6001016552734376,False,PUT,2027-01-15,EQX
EQX270115P00015000,15.0,3.04,2.8,3.2,120.0,96.0,0.5749554223632812,False,PUT,2027-01-15,EQX
EQX270115P00017500,17.5,4.14,4.1,5.3,1.0,9.0,0.5974161352539062,True,PUT,2027-01-15,EQX
EQX270115P00020000,20.0,5.75,4.3,6.9,1.0,143.0,0.663333444824219,True,PUT,2027-01-15,EQX
EQX280121C00012500,12.5,8.1,6.6,9.2,8.0,810.0,0.8022480712890624,True,CALL,2028-01-21,EQX
EQX280121C00015000,15.0,6.79,5.8,6.8,61.0,2947.0,0.700198310546875,True,CALL,2028-01-21,EQX
EQX280121C00017500,17.5,5.4,4.8,7.0,30.0,672.0,0.7438990454101562,False,CALL,2028-01-21,EQX
EQX280121C00020000,20.0,4.9,4.4,5.1,69.0,1761.0,0.6824982922363283,False,CALL,2028-01-21,EQX
EQX280121P00012500,12.5,2.22,0.8,3.3,3.0,455.0,0.6262244409179689,False,PUT,2028-01-21,EQX
EQX280121P00015000,15.0,4.0,2.55,4.5,85.0,394.0,0.585941640625,False,PUT,2028-01-21,EQX
EQX280121P00017500,17.5,6.4,3.6,6.4,4.0,17.0,0.6127968408203126,True,PUT,2028-01-21,EQX
EQX280121P00020000,20.0,6.95,5.2,8.0,10.0,11.0,0.5866740551757812,True,PUT,2028-01-21,EQX
ERIC260220C00008000,8.0,2.4,2.5,3.6,1.0,53.0,1.08984830078125,True,CALL,2026-02-20,ERIC
ERIC260220C00009000,9.0,1.87,1.65,2.25,9.0,152.0,0.5820354296875,True,CALL,2026-02-20,ERIC
ERIC260220C00010000,10.0,0.95,0.9,1.05,2.0,1136.0,0.46289599609375004,True,CALL,2026-02-20,ERIC
ERIC260220C00011000,11.0,0.2,0.25,0.3,55.0,964.0,0.3242255078124999,False,CALL,2026-02-20,ERIC
ERIC260220C00012000,12.0,0.05,0.0,0.05,11.0,1984.0,0.32031929687499994,False,CALL,2026-02-20,ERIC
ERIC260220C00013000,13.0,0.05,0.0,0.05,3.0,14.0,0.49219257812500006,False,CALL,2026-02-20,ERIC
ERIC260220C00014000,14.0,0.02,0.0,0.05,4.0,4.0,0.5625043750000001,False,CALL,2026-02-20,ERIC
ERIC260220P00008000,8.0,0.05,0.0,0.05,3.0,85.0,0.6953155468750001,False,PUT,2026-02-20,ERIC
ERIC260220P00009000,9.0,0.05,0.0,0.05,1.0,1167.0,0.5429733203125001,False,PUT,2026-02-20,ERIC
ERIC260220P00010000,10.0,0.06,0.0,0.1,32.0,1294.0,0.37695935546875,False,PUT,2026-02-20,ERIC
ERIC260220P00011000,11.0,0.35,0.3,0.4,27.0,298.0,0.31055376953124997,True,PUT,2026-02-20,ERIC
ERIC260220P00012000,12.0,1.17,0.95,1.3,4.0,14.0,0.507817421875,True,PUT,2026-02-20,ERIC
ERIC260220P00013000,13.0,3.44,1.65,2.35,1.0,2.0,0.7851583984375,True,PUT,2026-02-20,ERIC
ERIC260220P00014000,14.0,3.0,2.4,3.7,15.0,15.0,1.3867218164062498,True,PUT,2026-02-20,ERIC
ERIC260320C00008000,8.0,3.0,2.5,3.7,3.0,1.0,0.79687703125,True,CALL,2026-03-20,ERIC
ERIC260320C00009000,9.0,1.45,1.75,2.5,2.0,2.0,0.59570716796875,True,CALL,2026-03-20,ERIC
ERIC260320C00010000,10.0,1.1,1.0,1.1,1.0,173.0,0.35156898437499995,True,CALL,2026-03-20,ERIC
ERIC260320C00011000,11.0,0.45,0.4,0.45,5.0,390.0,0.309577216796875,False,CALL,2026-03-20,ERIC
ERIC260320C00012000,12.0,0.1,0.1,0.15,11.0,93.0,0.31250687499999996,False,CALL,2026-03-20,ERIC
ERIC260320C00013000,13.0,0.08,0.0,0.1,3.0,4.0,0.398443515625,False,CALL,2026-03-20,ERIC
ERIC260320C00014000,14.0,0.03,0.0,0.05,22.0,22.0,0.42969320312500003,False,CALL,2026-03-20,ERIC
ERIC260320P00008000,8.0,0.1,0.0,0.05,,1600.0,0.5351608984375,False,PUT,2026-03-20,ERIC
ERIC260320P00009000,9.0,0.05,0.0,0.05,41.0,569.0,0.3632876171875,False,PUT,2026-03-20,ERIC
ERIC260320P00010000,10.0,0.08,0.1,0.15,30.0,43.0,0.29883513671874995,False,PUT,2026-03-20,ERIC
ERIC260320P00011000,11.0,0.5,0.45,0.5,4.0,4.0,0.2695385546875,True,PUT,2026-03-20,ERIC
ERIC260417C00008000,8.0,3.0,2.5,3.7,1.0,144.0,0.63867548828125,True,CALL,2026-04-17,ERIC
ERIC260417C00009000,9.0,2.01,1.7,2.45,50.0,232.0,0.7070341796875,True,CALL,2026-04-17,ERIC
ERIC260417C00010000,10.0,1.11,1.15,1.25,40.0,835.0,0.37305314453125,True,CALL,2026-04-17,ERIC
ERIC260417C00011000,11.0,0.57,0.55,0.65,37.0,7685.0,0.34766277343749996,False,CALL,2026-04-17,ERIC
ERIC260417C00012000,12.0,0.29,0.25,0.3,13.0,2655.0,0.34180345703125,False,CALL,2026-04-17,ERIC
ERIC260417C00013000,13.0,0.13,0.1,0.15,1.0,1306.0,0.36133451171875,False,CALL,2026-04-17,ERIC
ERIC260417C00014000,14.0,0.08,0.05,0.1,1.0,383.0,0.4062559375,False,CALL,2026-04-17,ERIC
ERIC260417P00008000,8.0,0.03,0.0,0.1,2.0,110.0,0.507817421875,False,PUT,2026-04-17,ERIC
ERIC260417P00009000,9.0,0.5,0.1,0.15,20.0,786.0,0.4023497265625,False,PUT,2026-04-17,ERIC
ERIC260417P00010000,10.0,0.25,0.3,0.35,20.0,861.0,0.36524072265625,False,PUT,2026-04-17,ERIC
ERIC260417P00011000,11.0,0.62,0.7,0.8,5.0,241.0,0.36524072265625,True,PUT,2026-04-17,ERIC
ERIC260417P00012000,12.0,1.28,1.4,1.5,1.0,22.0,0.389654541015625,True,PUT,2026-04-17,ERIC
ERIC260417P00013000,13.0,2.11,2.25,2.35,1.0,2.0,0.42383388671875,True,PUT,2026-04-17,ERIC
ERIC260417P00014000,14.0,6.2,5.0,7.0,,0.0,1.9169926025390627,True,PUT,2026-04-17,ERIC
ERIC260717C00008000,8.0,2.67,2.5,3.7,32.0,100.0,0.762697685546875,True,CALL,2026-07-17,ERIC
ERIC260717C00009000,9.0,2.15,2.15,2.25,100.0,293.0,0.389654541015625,True,CALL,2026-07-17,ERIC
ERIC260717C00010000,10.0,1.41,1.45,1.55,200.0,603.0,0.370123486328125,True,CALL,2026-07-17,ERIC
ERIC260717C00011000,11.0,0.9,0.9,1.0,51.0,2461.0,0.35547519531249994,False,CALL,2026-07-17,ERIC
ERIC260717C00012000,12.0,0.65,0.55,0.65,1.0,156.0,0.36084623535156246,False,CALL,2026-07-17,ERIC
ERIC260717C00013000,13.0,0.45,0.35,0.4,13.0,40.0,0.35986968261718744,False,CALL,2026-07-17,ERIC
ERIC260717C00014000,14.0,0.25,0.2,0.25,9.0,23.0,0.36524072265625,False,CALL,2026-07-17,ERIC
ERIC260717P00008000,8.0,0.11,0.1,0.15,1.0,1527.0,0.38867798828125,False,PUT,2026-07-17,ERIC
ERIC260717P00009000,9.0,0.3,0.25,0.3,1.0,244.0,0.35742830078125,False,PUT,2026-07-17,ERIC
ERIC260717P00010000,10.0,0.45,0.55,0.6,3.0,51.0,0.34570966796874997,False,PUT,2026-07-17,ERIC
ET260130C00013000,13.0,5.15,5.1,5.9,3.0,5.0,4.437504453124999,True,CALL,2026-01-30,ET
ET260130C00014000,14.0,3.35,3.85,5.05,4.0,5.0,4.242192197265625,True,CALL,2026-01-30,ET
ET260130C00015000,15.0,2.94,2.88,4.05,63.0,61.0,3.5273449316406245,True,CALL,2026-01-30,ET
ET260130C00015500,15.5,2.83,2.38,3.55,1.0,4.0,3.175783310546875,True,CALL,2026-01-30,ET
ET260130C00016000,16.0,2.34,2.18,2.71,12.0,252.0,1.8515632421875,True,CALL,2026-01-30,ET
ET260130C00016500,16.5,1.97,1.85,2.25,15.0,636.0,0.8125018749999999,True,CALL,2026-01-30,ET
ET260130C00017000,17.0,1.54,1.47,1.59,21.0,2762.0,0.8828136718749999,True,CALL,2026-01-30,ET
ET260130C00017500,17.5,1.0,0.95,1.06,262.0,3276.0,0.51562984375,True,CALL,2026-01-30,ET
ET260130C00018000,18.0,0.52,0.47,0.54,1511.0,6593.0,0.12500875,True,CALL,2026-01-30,ET
ET260130C00018500,18.5,0.09,0.08,0.1,13498.0,30362.0,0.1445398046875,True,CALL,2026-01-30,ET
ET260130C00019000,19.0,0.01,0.01,0.02,615.0,2413.0,0.273444765625,False,CALL,2026-01-30,ET
ET260130C00019500,19.5,0.01,0.0,0.01,17.0,394.0,0.398443515625,False,CALL,2026-01-30,ET
ET260130C00020000,20.0,0.01,0.0,0.01,2.0,119.0,0.500005,False,CALL,2026-01-30,ET
ET260130C00020500,20.5,0.01,0.0,0.01,11.0,17.0,0.6250037500000001,False,CALL,2026-01-30,ET
ET260130C00023000,23.0,0.13,0.0,0.01,,1.0,1.1875040625,False,CALL,2026-01-30,ET
ET260130P00013500,13.5,0.13,0.0,0.31,,1.0,3.19531451171875,False,PUT,2026-01-30,ET
ET260130P00014500,14.5,0.01,0.0,0.31,10.0,17.0,2.6250034375,False,PUT,2026-01-30,ET
ET260130P00015000,15.0,0.03,0.0,0.02,10.0,94.0,1.3437532812499997,False,PUT,2026-01-30,ET
ET260130P00015500,15.5,0.01,0.0,0.01,10.0,1080.0,1.0625046875000002,False,PUT,2026-01-30,ET
ET260130P00016000,16.0,0.01,0.0,0.01,2.0,1553.0,0.87500125,False,PUT,2026-01-30,ET
ET260130P00016500,16.5,0.01,0.0,0.01,1.0,410.0,0.7187528125,False,PUT,2026-01-30,ET
ET260130P00017000,17.0,0.01,0.0,0.01,41.0,819.0,0.5625043750000001,False,PUT,2026-01-30,ET
ET260130P00017500,17.5,0.03,0.0,0.01,36.0,1590.0,0.45313046875,False,PUT,2026-01-30,ET
ET260130P00018000,18.0,0.01,0.0,0.02,214.0,2788.0,0.31250687499999996,False,PUT,2026-01-30,ET
ET260130P00018500,18.5,0.07,0.05,0.07,90.0,1113.0,0.1601646484375,False,PUT,2026-01-30,ET
ET260130P00020000,20.0,1.65,1.39,1.91,52.0,550.0,1.2070352148437498,True,PUT,2026-01-30,ET
ET260206C00013000,13.0,3.45,4.85,6.1,,7.0,2.43750390625,True,CALL,2026-02-06,ET
ET260206C00013500,13.5,4.52,4.35,5.5,10.0,10.0,2.0937547656249995,True,CALL,2026-02-06,ET
ET260206C00015000,15.0,2.5,2.89,4.05,5.0,5.0,1.6621110644531252,True,CALL,2026-02-06,ET
ET260206C00015500,15.5,0.95,2.4,3.4,,25.0,1.2988316308593748,True,CALL,2026-02-06,ET
ET260206C00016000,16.0,2.34,2.25,2.67,1.0,203.0,0.804689453125,True,CALL,2026-02-06,ET
ET260206C00016500,16.5,1.93,1.8,2.09,112.0,540.0,0.523442265625,True,CALL,2026-02-06,ET
ET260206C00017000,17.0,1.54,1.48,1.57,4.0,1712.0,0.367193828125,True,CALL,2026-02-06,ET
ET260206C00017500,17.5,1.04,0.96,1.11,217.0,3305.0,0.3437565625,True,CALL,2026-02-06,ET
ET260206C00018000,18.0,0.53,0.51,0.58,312.0,3093.0,0.179695703125,True,CALL,2026-02-06,ET
ET260206C00018500,18.5,0.19,0.17,0.21,2798.0,2963.0,0.16309430664062502,True,CALL,2026-02-06,ET
ET260206C00019000,19.0,0.04,0.04,0.06,658.0,2472.0,0.18360191406249998,False,CALL,2026-02-06,ET
ET260206C00019500,19.5,0.04,0.01,0.05,81.0,165.0,0.27735097656249996,False,CALL,2026-02-06,ET
ET260206C00020000,20.0,0.01,0.0,0.1,4.0,665.0,0.45313046875,False,CALL,2026-02-06,ET
ET260206P00014500,14.5,0.01,0.0,0.31,15.0,16.0,1.2343788281249999,False,PUT,2026-02-06,ET
ET260206P00015000,15.0,0.01,0.0,0.31,20.0,26.0,1.1054732226562503,False,PUT,2026-02-06,ET
ET260206P00015500,15.5,0.02,0.0,0.25,2.0,57.0,0.9179695703125,False,PUT,2026-02-06,ET
ET260206P00016000,16.0,0.03,0.01,0.04,14.0,533.0,0.5390671093750001,False,PUT,2026-02-06,ET
ET260206P00016500,16.5,0.02,0.0,0.05,20.0,149.0,0.523442265625,False,PUT,2026-02-06,ET
ET260206P00017000,17.0,0.02,0.0,0.05,10.0,343.0,0.41797457031249996,False,PUT,2026-02-06,ET
ET260206P00017500,17.5,0.03,0.02,0.07,37.0,872.0,0.3437565625,False,PUT,2026-02-06,ET
ET260206P00018000,18.0,0.13,0.11,0.13,164.0,1242.0,0.2910227148437499,False,PUT,2026-02-06,ET
ET260206P00018500,18.5,0.4,0.35,0.44,527.0,1776.0,0.39649041015625003,False,PUT,2026-02-06,ET
ET260206P00019000,19.0,1.27,0.65,1.0,2.0,636.0,0.6367223828125,True,PUT,2026-02-06,ET
ET260206P00020000,20.0,2.26,1.18,2.43,40.0,30.0,0.7382838671874999,True,PUT,2026-02-06,ET
ET260213C00015000,15.0,3.0,2.89,3.9,1.0,2.0,1.087895185546875,True,CALL,2026-02-13,ET
ET260213C00016000,16.0,2.31,2.36,2.63,4.0,502.0,0.5429733203125001,True,CALL,2026-02-13,ET
ET260213C00016500,16.5,1.99,1.91,2.05,11.0,1430.0,0.28125718749999995,True,CALL,2026-02-13,ET
ET260213C00017000,17.0,1.52,1.45,1.59,61.0,1378.0,0.31250687499999996,True,CALL,2026-02-13,ET
ET260213C00017500,17.5,1.0,0.98,1.08,18.0,1969.0,0.21875781249999998,True,CALL,2026-02-13,ET
ET260213C00018000,18.0,0.5,0.52,0.59,276.0,2356.0,0.14649291015625,True,CALL,2026-02-13,ET
ET260213C00018500,18.5,0.22,0.19,0.23,990.0,1862.0,0.13477427734375003,True,CALL,2026-02-13,ET
ET260213C00019000,19.0,0.07,0.06,0.08,855.0,603.0,0.1562584375,False,CALL,2026-02-13,ET
ET260213C00019500,19.5,0.1,0.01,0.05,15.0,87.0,0.20703917968749996,False,CALL,2026-02-13,ET
ET260213P00014500,14.5,0.04,0.0,0.31,,5.0,0.9257819921875,False,PUT,2026-02-13,ET
ET260213P00015000,15.0,0.04,0.0,0.32,110.0,125.0,0.8359391406249999,False,PUT,2026-02-13,ET
ET260213P00015500,15.5,0.04,0.0,0.19,670.0,690.0,0.64062859375,False,PUT,2026-02-13,ET
ET260213P00016000,16.0,0.02,0.0,0.05,1.0,117.0,0.4687553125,False,PUT,2026-02-13,ET
ET260213P00016500,16.5,0.04,0.0,0.05,1.0,266.0,0.39063109375,False,PUT,2026-02-13,ET
ET260213P00017000,17.0,0.05,0.03,0.06,26.0,244.0,0.32813171874999997,False,PUT,2026-02-13,ET
ET260213P00017500,17.5,0.09,0.07,0.09,26.0,276.0,0.27930408203124996,False,PUT,2026-02-13,ET
ET260213P00018000,18.0,0.2,0.16,0.19,589.0,401.0,0.264655791015625,False,PUT,2026-02-13,ET
ET260213P00018500,18.5,0.48,0.4,0.58,26.0,9.0,0.387701435546875,False,PUT,2026-02-13,ET
ET260213P00020000,20.0,2.38,1.14,2.64,4.0,3.0,0.6181678808593751,True,PUT,2026-02-13,ET
ET260213P00020500,20.5,2.8,1.58,3.2,10.0,10.0,0.70898728515625,True,PUT,2026-02-13,ET
ET260220C00013000,13.0,5.55,4.95,6.1,30.0,40.0,1.5195336523437497,True,CALL,2026-02-20,ET
ET260220C00014000,14.0,4.11,3.85,5.15,20.0,68.0,1.338870493164062,True,CALL,2026-02-20,ET
ET260220C00015000,15.0,3.35,3.45,3.8,1.0,589.0,0.5820354296875,True,CALL,2026-02-20,ET
ET260220C00016000,16.0,2.49,2.2,2.69,16.0,2822.0,0.5195360546875,True,CALL,2026-02-20,ET
ET260220C00016500,16.5,1.6,1.39,2.42,5.0,5.0,0.6347692773437501,True,CALL,2026-02-20,ET
ET260220C00017000,17.0,1.56,1.45,1.57,170.0,10085.0,0.22266402343749997,True,CALL,2026-02-20,ET
ET260220C00017500,17.5,0.97,0.88,1.1,21.0,398.0,0.1992267578125,True,CALL,2026-02-20,ET
ET260220C00018000,18.0,0.61,0.55,0.62,1680.0,20111.0,0.14258669921875,True,CALL,2026-02-20,ET
ET260220C00018500,18.5,0.28,0.25,0.3,1114.0,3415.0,0.149422568359375,True,CALL,2026-02-20,ET
ET260220C00019000,19.0,0.13,0.11,0.13,1910.0,2380.0,0.16211775390625,False,CALL,2026-02-20,ET
ET260220C00019500,19.5,0.06,0.04,0.07,218.0,23.0,0.1914143359375,False,CALL,2026-02-20,ET
ET260220C00020000,20.0,0.02,0.01,0.04,1.0,988.0,0.21875781249999998,False,CALL,2026-02-20,ET
ET260220C00021000,21.0,0.05,0.0,0.12,1.0,6.0,0.41797457031249996,False,CALL,2026-02-20,ET
ET260220P00014000,14.0,0.04,0.0,0.32,11.0,142.0,0.8632826171875,False,PUT,2026-02-20,ET
ET260220P00015000,15.0,0.05,0.01,0.12,1.0,1718.0,0.5546919531250001,False,PUT,2026-02-20,ET
ET260220P00015500,15.5,0.05,0.0,0.24,,3.0,0.56836369140625,False,PUT,2026-02-20,ET
ET260220P00016000,16.0,0.03,0.03,0.04,2.0,3123.0,0.37500625,False,PUT,2026-02-20,ET
ET260220P00016500,16.5,0.06,0.01,0.24,11.0,82.0,0.5273484765625001,False,PUT,2026-02-20,ET
ET260220P00017000,17.0,0.08,0.07,0.12,29.0,1663.0,0.33789724609375,False,PUT,2026-02-20,ET
ET260220P00017500,17.5,0.14,0.12,0.16,91.0,292.0,0.2910227148437499,False,PUT,2026-02-20,ET
ET260220P00018000,18.0,0.3,0.24,0.33,121.0,405.0,0.30664755859375,False,PUT,2026-02-20,ET
ET260220P00018500,18.5,0.9,0.49,0.58,6.0,9.0,0.32520206054687495,False,PUT,2026-02-20,ET
ET260220P00020000,20.0,2.19,1.26,2.59,3.0,18.0,0.5390671093750001,True,PUT,2026-02-20,ET
ET260227C00014500,14.5,4.5,3.35,4.65,10.0,12.0,1.0742233789062503,True,CALL,2026-02-27,ET
ET260227C00015000,15.0,2.53,2.89,4.15,,15.0,0.9794923925781251,True,CALL,2026-02-27,ET
ET260227C00015500,15.5,2.67,2.39,3.65,,8.0,0.88476677734375,True,CALL,2026-02-27,ET
ET260227C00016500,16.5,2.0,1.39,2.42,1.0,257.0,0.5546919531250001,True,CALL,2026-02-27,ET
ET260227C00017000,17.0,1.53,1.32,1.61,50.0,462.0,0.2461012890625,True,CALL,2026-02-27,ET
ET260227C00017500,17.5,0.99,0.86,1.1,29.0,2885.0,0.17383638671875,True,CALL,2026-02-27,ET
ET260227C00018000,18.0,0.7,0.57,0.7,196.0,604.0,0.17383638671875,True,CALL,2026-02-27,ET
ET260227C00018500,18.5,0.33,0.28,0.35,1066.0,24685.0,0.15430533203125002,True,CALL,2026-02-27,ET
ET260227C00019000,19.0,0.15,0.12,0.23,615.0,2686.0,0.195320546875,False,CALL,2026-02-27,ET
ET260227C00019500,19.5,0.04,0.01,0.11,3.0,18.0,0.19727365234375,False,CALL,2026-02-27,ET
ET260227C00020000,20.0,0.05,0.01,0.08,25.0,118.0,0.2304764453125,False,CALL,2026-02-27,ET
ET260227C00021500,21.5,0.05,0.0,0.34,,10.0,0.5800823242187501,False,CALL,2026-02-27,ET
ET260227C00022000,22.0,0.18,0.0,0.1,27.0,27.0,0.437505625,False,CALL,2026-02-27,ET
ET260227P00014000,14.0,0.29,0.0,0.33,,1.0,0.76367423828125,False,PUT,2026-02-27,ET
ET260227P00015000,15.0,0.03,0.0,0.04,1.0,2.0,0.437505625,False,PUT,2026-02-27,ET
ET260227P00015500,15.5,0.1,0.0,0.33,2.0,4.0,0.5449264257812501,False,PUT,2026-02-27,ET
ET260227P00016000,16.0,0.06,0.01,0.31,1.0,47.0,0.5918009570312501,False,PUT,2026-02-27,ET
ET260227P00016500,16.5,0.15,0.03,0.15,61.0,19.0,0.39063109375,False,PUT,2026-02-27,ET
ET260227P00017000,17.0,0.14,0.02,0.32,7.0,119.0,0.436529072265625,False,PUT,2026-02-27,ET
ET260227P00017500,17.5,0.23,0.12,0.25,4.0,123.0,0.31153032226562494,False,PUT,2026-02-27,ET
ET260227P00018000,18.0,0.35,0.3,0.4,2.0,123.0,0.304694453125,False,PUT,2026-02-27,ET
ET260227P00018500,18.5,0.55,0.53,0.61,42.0,9.0,0.29883513671874995,False,PUT,2026-02-27,ET
ET260306C00016500,16.5,1.73,1.39,2.59,6.0,6.0,0.596683720703125,True,CALL,2026-03-06,ET
ET260306C00017000,17.0,1.0,0.92,1.67,150.0,150.0,0.270515107421875,True,CALL,2026-03-06,ET
ET260306C00017500,17.5,0.56,0.63,1.34,15.0,45.0,0.304694453125,True,CALL,2026-03-06,ET
ET260306C00018000,18.0,0.51,0.56,0.7,7.0,144.0,0.157234990234375,True,CALL,2026-03-06,ET
ET260306C00018500,18.5,0.36,0.31,0.39,79.0,187.0,0.1562584375,True,CALL,2026-03-06,ET
ET260306C00019000,19.0,0.18,0.15,0.2,142.0,577.0,0.16211775390625,False,CALL,2026-03-06,ET
ET260306C00019500,19.5,0.05,0.07,0.19,,1.0,0.22266402343749997,False,CALL,2026-03-06,ET
ET260306C00020000,20.0,0.06,0.01,0.14,60.0,56.0,0.2500075,False,CALL,2026-03-06,ET
ET260306P00016000,16.0,0.13,0.0,0.15,3.0,3.0,0.414068359375,False,PUT,2026-03-06,ET
ET260306P00016500,16.5,0.1,0.01,0.26,10.0,12.0,0.42969320312500003,False,PUT,2026-03-06,ET
ET260306P00017000,17.0,0.19,0.1,0.19,1.0,140.0,0.3154365332031249,False,PUT,2026-03-06,ET
ET260306P00018000,18.0,0.47,0.26,0.63,3.0,37.0,0.37793590820312495,False,PUT,2026-03-06,ET
ET260306P00019000,19.0,0.99,0.47,1.5,1.0,10.0,0.5293015820312501,True,PUT,2026-03-06,ET
ET260320C00013000,13.0,5.55,5.3,6.1,1.0,447.0,0.6914093359375001,True,CALL,2026-03-20,ET
ET260320C00014000,14.0,3.94,3.9,4.75,1.0,1252.0,0.6210975390625001,True,CALL,2026-03-20,ET
ET260320C00015000,15.0,3.5,3.45,3.6,20.0,2237.0,0.35938140625,True,CALL,2026-03-20,ET
ET260320C00016000,16.0,2.55,2.25,2.63,19.0,2963.0,0.3007882421875,True,CALL,2026-03-20,ET
ET260320C00017000,17.0,1.55,1.48,1.6,212.0,7924.0,0.179695703125,True,CALL,2026-03-20,ET
ET260320C00018000,18.0,0.7,0.66,0.73,1410.0,22377.0,0.14649291015625,True,CALL,2026-03-20,ET
ET260320C00019000,19.0,0.25,0.24,0.26,2605.0,26051.0,0.161141201171875,False,CALL,2026-03-20,ET
ET260320C00020000,20.0,0.09,0.08,0.1,3468.0,14870.0,0.18946123046875002,False,CALL,2026-03-20,ET
ET260320C00021000,21.0,0.05,0.03,0.06,9.0,1830.0,0.23438265625,False,CALL,2026-03-20,ET
ET260320C00022000,22.0,0.03,0.02,0.03,18.0,2827.0,0.257819921875,False,CALL,2026-03-20,ET
ET260320C00023000,23.0,0.04,0.0,0.2,40.0,203.0,0.47461462890625,False,CALL,2026-03-20,ET
ET260320C00024000,24.0,0.11,0.0,0.0,1.0,6.0,0.12500875,False,CALL,2026-03-20,ET
ET260320P00013000,13.0,0.03,0.0,0.04,6.0,1638.0,0.5195360546875,False,PUT,2026-03-20,ET
ET260320P00014000,14.0,0.01,0.0,0.05,60.0,2305.0,0.445318046875,False,PUT,2026-03-20,ET
ET260320P00015000,15.0,0.08,0.04,0.05,15.0,4368.0,0.35156898437499995,False,PUT,2026-03-20,ET
ET260320P00016000,16.0,0.07,0.07,0.08,203.0,5684.0,0.29492892578124996,False,PUT,2026-03-20,ET
ET260320P00017000,17.0,0.18,0.15,0.17,213.0,17367.0,0.257819921875,False,PUT,2026-03-20,ET
ET260320P00018000,18.0,0.41,0.37,0.44,231.0,3143.0,0.249030947265625,False,PUT,2026-03-20,ET
ET260320P00019000,19.0,1.45,0.76,1.28,536.0,595.0,0.3706117626953125,True,PUT,2026-03-20,ET
ET260320P00020000,20.0,1.94,1.76,2.47,2.0,313.0,0.5722699023437501,True,PUT,2026-03-20,ET
ET260320P00021000,21.0,3.56,3.85,4.1,1.0,6.0,0.8740246972656249,True,PUT,2026-03-20,ET
ET260320P00022000,22.0,3.96,3.1,4.6,2.0,18.0,0.5136767382812499,True,PUT,2026-03-20,ET
ET260320P00024000,24.0,7.2,5.15,6.6,1.0,0.0,0.6738313867187502,True,PUT,2026-03-20,ET
ET260417C00013000,13.0,5.1,4.85,6.15,2.0,60.0,0.8466812207031249,True,CALL,2026-04-17,ET
ET260417C00014000,14.0,4.1,3.85,5.15,4.0,60.0,0.7226590234375,True,CALL,2026-04-17,ET
ET260417C00015000,15.0,3.05,2.89,4.05,100.0,875.0,0.5590864404296876,True,CALL,2026-04-17,ET
ET260417C00016000,16.0,2.49,2.29,2.61,20.0,651.0,0.22461712890624996,True,CALL,2026-04-17,ET
ET260417C00017000,17.0,1.6,1.5,1.64,357.0,4268.0,0.16895362304687503,True,CALL,2026-04-17,ET
ET260417C00018000,18.0,0.85,0.75,0.86,541.0,6490.0,0.1606529248046875,True,CALL,2026-04-17,ET
ET260417C00019000,19.0,0.35,0.33,0.38,754.0,6050.0,0.16602396484375004,False,CALL,2026-04-17,ET
ET260417C00020000,20.0,0.15,0.12,0.15,124.0,5907.0,0.174812939453125,False,CALL,2026-04-17,ET
ET260417C00021000,21.0,0.06,0.05,0.1,4.0,967.0,0.213875048828125,False,CALL,2026-04-17,ET
ET260417C00022000,22.0,0.05,0.02,0.05,11.0,2940.0,0.22852333984375,False,CALL,2026-04-17,ET
ET260417C00023000,23.0,0.07,0.0,0.0,1.0,155.0,0.12500875,False,CALL,2026-04-17,ET
ET260417P00013000,13.0,0.1,0.01,0.04,126.0,508.0,0.41797457031249996,False,PUT,2026-04-17,ET
ET260417P00014000,14.0,0.05,0.02,0.08,5.0,671.0,0.39453730468750003,False,PUT,2026-04-17,ET
ET260417P00015000,15.0,0.08,0.03,0.11,3.0,1807.0,0.3398503515625,False,PUT,2026-04-17,ET
ET260417P00016000,16.0,0.12,0.1,0.13,353.0,5244.0,0.27149166015625,False,PUT,2026-04-17,ET
ET260417P00017000,17.0,0.21,0.2,0.24,365.0,4327.0,0.23731231445312498,False,PUT,2026-04-17,ET
ET260417P00018000,18.0,0.49,0.47,0.51,41.0,2355.0,0.22168747070312497,False,PUT,2026-04-17,ET
ET260417P00019000,19.0,1.1,0.8,1.42,27.0,1642.0,0.33887379882812496,True,PUT,2026-04-17,ET
ET260417P00020000,20.0,2.3,1.35,2.27,100.0,1725.0,0.39942006835937505,True,PUT,2026-04-17,ET
ET260618C00013000,13.0,5.35,4.85,5.6,1.0,585.0,0.3320379296875,True,CALL,2026-06-18,ET
ET260618C00015000,15.0,3.5,3.25,3.55,29.0,1622.0,0.14063359375,True,CALL,2026-06-18,ET
ET260618C00017000,17.0,1.65,1.62,1.74,316.0,12663.0,0.16309430664062502,True,CALL,2026-06-18,ET
ET260618C00020000,20.0,0.29,0.27,0.3,756.0,12043.0,0.17432466308593753,False,CALL,2026-06-18,ET
ET260618C00022000,22.0,0.1,0.07,0.1,74.0,5271.0,0.20117986328124998,False,CALL,2026-06-18,ET
ET260618P00013000,13.0,0.06,0.05,0.06,10.0,867.0,0.33789724609375,False,PUT,2026-06-18,ET
ET260618P00015000,15.0,0.16,0.12,0.14,18.0,2201.0,0.27149166015625,False,PUT,2026-06-18,ET
ET260618P00017000,17.0,0.45,0.41,0.46,74.0,3720.0,0.24024197265624997,False,PUT,2026-06-18,ET
ET260618P00020000,20.0,2.17,1.75,2.3,28.0,2857.0,0.30591514404296877,True,PUT,2026-06-18,ET
ET260618P00022000,22.0,3.97,3.4,4.6,1.0,45.0,0.5009815527343751,True,PUT,2026-06-18,ET
ET260717C00013000,13.0,5.07,4.85,6.15,16.0,5.0,0.577152666015625,True,CALL,2026-07-17,ET
ET260717C00014000,14.0,4.2,3.85,5.15,2.0,29.0,0.49219257812500006,True,CALL,2026-07-17,ET
ET260717C00015000,15.0,3.45,3.25,3.6,21.0,791.0,0.19727365234375,True,CALL,2026-07-17,ET
ET260717C00016000,16.0,2.29,2.27,2.61,20.0,81.0,0.15332877929687502,True,CALL,2026-07-17,ET
ET260717C00017000,17.0,1.74,1.67,1.8,9.0,1807.0,0.16553568847656253,True,CALL,2026-07-17,ET
ET260717C00018000,18.0,1.09,1.03,1.13,332.0,7737.0,0.16651224121093755,True,CALL,2026-07-17,ET
ET260717C00019000,19.0,0.62,0.59,0.63,315.0,6817.0,0.16407085937500002,False,CALL,2026-07-17,ET
ET260717C00020000,20.0,0.34,0.32,0.36,680.0,14730.0,0.1733481103515625,False,CALL,2026-07-17,ET
ET260717C00021000,21.0,0.18,0.17,0.2,185.0,441.0,0.180672255859375,False,CALL,2026-07-17,ET
ET260717C00022000,22.0,0.15,0.1,0.14,17.0,1309.0,0.20020331054687499,False,CALL,2026-07-17,ET
ET260717C00023000,23.0,0.06,0.05,0.25,15.0,48.0,0.2778392529296875,False,CALL,2026-07-17,ET
ET260717P00013000,13.0,0.06,0.01,0.39,5.0,77.0,0.49414568359375005,False,PUT,2026-07-17,ET
ET260717P00014000,14.0,0.12,0.01,0.18,50.0,132.0,0.32813171874999997,False,PUT,2026-07-17,ET
ET260717P00015000,15.0,0.17,0.08,0.17,10.0,472.0,0.2617261328125,False,PUT,2026-07-17,ET
ET260717P00016000,16.0,0.3,0.24,0.28,141.0,2018.0,0.23926541992187497,False,PUT,2026-07-17,ET
ET260717P00017000,17.0,0.5,0.42,0.5,1.0,582.0,0.22901161621093752,False,PUT,2026-07-17,ET
ET260717P00018000,18.0,1.05,0.81,0.94,5.0,272.0,0.24024197265624997,False,PUT,2026-07-17,ET
ET260717P00019000,19.0,1.63,0.87,1.75,4.0,726.0,0.2963937548828125,True,PUT,2026-07-17,ET
ET260717P00020000,20.0,2.51,1.58,2.6,1.0,1.0,0.3398503515625,True,PUT,2026-07-17,ET
ET260717P00023000,23.0,6.91,4.25,5.6,2.0,2.0,0.5053760400390624,True,PUT,2026-07-17,ET
ET270115C00013000,13.0,5.5,5.2,5.6,11.0,13592.0,0.20899228515624996,True,CALL,2027-01-15,ET
ET270115C00015000,15.0,3.55,3.45,3.6,117.0,23722.0,0.13672738281250002,True,CALL,2027-01-15,ET
ET270115C00017000,17.0,2.0,1.94,2.03,377.0,26845.0,0.1562584375,True,CALL,2027-01-15,ET
ET270115C00020000,20.0,0.71,0.69,0.71,8089.0,116304.0,0.17383638671875,False,CALL,2027-01-15,ET
ET270115C00022000,22.0,0.37,0.33,0.37,703.0,55536.0,0.19043778320312502,False,CALL,2027-01-15,ET
ET270115P00013000,13.0,0.24,0.2,0.3,200.0,7418.0,0.31592480957031244,False,PUT,2027-01-15,ET
ET270115P00015000,15.0,0.5,0.45,0.52,656.0,22989.0,0.26807372558593745,False,PUT,2027-01-15,ET
ET270115P00017000,17.0,1.04,1.02,1.12,354.0,8682.0,0.25757578369140627,False,PUT,2027-01-15,ET
ET270115P00020000,20.0,2.75,2.65,2.91,155.0,3189.0,0.2797923583984374,True,PUT,2027-01-15,ET
ET270115P00022000,22.0,4.5,4.3,4.5,23.0,233.0,0.30225307128906254,True,PUT,2027-01-15,ET
ET280121C00013000,13.0,5.5,4.9,5.8,28.0,31199.0,0.20948056152343747,True,CALL,2028-01-21,ET
ET280121C00015000,15.0,3.65,3.6,3.7,168.0,22212.0,0.12281150634765625,True,CALL,2028-01-21,ET
ET280121C00017000,17.0,2.4,2.25,2.43,325.0,6996.0,0.15406119384765626,True,CALL,2028-01-21,ET
ET280121C00020000,20.0,1.21,1.17,1.25,185.0,12786.0,0.17505707763671874,False,CALL,2028-01-21,ET
ET280121C00022000,22.0,0.72,0.61,0.83,60.0,1992.0,0.18763019409179688,False,CALL,2028-01-21,ET
ET280121P00013000,13.0,0.71,0.61,0.88,100.0,3025.0,0.32569033691406246,False,PUT,2028-01-21,ET
ET280121P00015000,15.0,1.28,1.08,1.43,4.0,2482.0,0.3073799731445312,False,PUT,2028-01-21,ET
ET280121P00017000,17.0,2.05,1.82,2.26,3.0,1732.0,0.30005582763671873,False,PUT,2028-01-21,ET
ET280121P00020000,20.0,3.92,3.45,3.9,5.0,901.0,0.29053443847656246,True,PUT,2028-01-21,ET
ET280121P00022000,22.0,5.46,4.9,5.55,15.0,76.0,0.31629101684570304,True,PUT,2028-01-21,ET
EXC260220C00038000,38.0,6.37,6.1,7.9,1.0,1.0,0.5214891601562499,True,CALL,2026-02-20,EXC
EXC260220C00042000,42.0,2.9,2.6,3.7,50.0,156.0,0.47412635253906255,True,CALL,2026-02-20,EXC
EXC260220C00043000,43.0,2.24,1.85,2.05,6.0,106.0,0.215828154296875,True,CALL,2026-02-20,EXC
EXC260220C00044000,44.0,1.35,1.15,1.3,15.0,819.0,0.20069158691406247,True,CALL,2026-02-20,EXC
EXC260220C00045000,45.0,0.81,0.6,0.8,34.0,985.0,0.20703917968749996,False,CALL,2026-02-20,EXC
EXC260220C00046000,46.0,0.42,0.25,0.45,14.0,579.0,0.2104571142578125,False,CALL,2026-02-20,EXC
EXC260220C00047000,47.0,0.2,0.1,0.25,10.0,6648.0,0.21826953613281247,False,CALL,2026-02-20,EXC
EXC260220C00048000,48.0,0.12,0.05,0.2,27.0,118.0,0.25391371093750004,False,CALL,2026-02-20,EXC
EXC260220C00049000,49.0,0.1,0.0,0.45,10.0,17.0,0.39551385742187506,False,CALL,2026-02-20,EXC
EXC260220C00050000,50.0,0.17,0.0,0.5,1.0,1.0,0.46484910156250003,False,CALL,2026-02-20,EXC
EXC260220P00036000,36.0,0.05,0.0,0.05,,1.0,0.45313046875,False,PUT,2026-02-20,EXC
EXC260220P00037000,37.0,0.05,0.0,0.05,,2.0,0.4062559375,False,PUT,2026-02-20,EXC
EXC260220P00038000,38.0,0.09,0.0,0.5,11.0,33.0,0.507817421875,False,PUT,2026-02-20,EXC
EXC260220P00039000,39.0,0.08,0.0,0.15,1.0,4.0,0.389654541015625,False,PUT,2026-02-20,EXC
EXC260220P00040000,40.0,0.08,0.05,0.15,2.0,24.0,0.33399103515625,False,PUT,2026-02-20,EXC
EXC260220P00041000,41.0,0.11,0.1,0.2,1.0,59.0,0.3007882421875,False,PUT,2026-02-20,EXC
EXC260220P00042000,42.0,0.25,0.15,0.3,5.0,104.0,0.27686270019531245,False,PUT,2026-02-20,EXC
EXC260220P00043000,43.0,0.35,0.3,0.4,1.0,564.0,0.23780059082031246,False,PUT,2026-02-20,EXC
EXC260220P00044000,44.0,0.55,0.55,0.7,11.0,1008.0,0.2299881689453125,False,PUT,2026-02-20,EXC
EXC260220P00045000,45.0,0.95,1.0,1.2,1.0,50.0,0.23535920898437498,True,PUT,2026-02-20,EXC
EXC260220P00048000,48.0,4.86,2.25,4.8,,0.0,0.6191444335937502,True,PUT,2026-02-20,EXC
EXC260320C00035000,35.0,8.8,0.0,0.0,1.0,0.0,1.0000000000000003e-05,True,CALL,2026-03-20,EXC
EXC260320C00037000,37.0,10.2,8.1,10.1,4.0,14.0,0.6833527758789064,True,CALL,2026-03-20,EXC
EXC260320C00038000,38.0,6.6,7.6,10.3,,1.0,0.7934590966796875,True,CALL,2026-03-20,EXC
EXC260320C00040000,40.0,5.05,4.5,5.8,1.0,163.0,0.44922425781249997,True,CALL,2026-03-20,EXC
EXC260320C00042000,42.0,3.13,2.6,3.7,3.0,373.0,0.31836619140624994,True,CALL,2026-03-20,EXC
EXC260320C00043000,43.0,1.65,2.0,2.3,33.0,291.0,0.1914143359375,True,CALL,2026-03-20,EXC
EXC260320C00044000,44.0,1.5,1.35,1.65,48.0,220.0,0.18946123046875002,True,CALL,2026-03-20,EXC
EXC260320C00045000,45.0,0.95,0.85,1.1,2.0,904.0,0.18433432861328125,False,CALL,2026-03-20,EXC
EXC260320C00046000,46.0,0.65,0.5,0.7,19.0,171.0,0.18238122314453126,False,CALL,2026-03-20,EXC
EXC260320C00047000,47.0,0.41,0.3,0.45,16.0,3419.0,0.1870198486328125,False,CALL,2026-03-20,EXC
EXC260320C00048000,48.0,0.3,0.15,0.3,1.0,715.0,0.195320546875,False,CALL,2026-03-20,EXC
EXC260320C00049000,49.0,0.25,0.05,0.2,5.0,267.0,0.2036212451171875,False,CALL,2026-03-20,EXC
EXC260320C00050000,50.0,0.13,0.0,0.2,2.0,4034.0,0.23438265625,False,CALL,2026-03-20,EXC
EXC260320C00055000,55.0,0.07,0.0,0.1,3.0,214.0,0.3193427441406249,False,CALL,2026-03-20,EXC
EXC260320P00033000,33.0,0.12,0.0,0.2,1.0,284.0,0.5273484765625001,False,PUT,2026-03-20,EXC
EXC260320P00035000,35.0,0.07,0.0,0.55,1.0,27.0,0.5795940478515625,False,PUT,2026-03-20,EXC
EXC260320P00036000,36.0,0.3,0.0,0.55,1.0,2.0,0.5302781347656251,False,PUT,2026-03-20,EXC
EXC260320P00038000,38.0,0.24,0.05,0.55,20.0,57.0,0.4335994140625,False,PUT,2026-03-20,EXC
EXC260320P00039000,39.0,0.35,0.1,0.55,1.0,36.0,0.3857483300781249,False,PUT,2026-03-20,EXC
EXC260320P00040000,40.0,0.3,0.2,0.3,2.0,236.0,0.273444765625,False,PUT,2026-03-20,EXC
EXC260320P00041000,41.0,0.35,0.3,0.4,20.0,242.0,0.25489026367187506,False,PUT,2026-03-20,EXC
EXC260320P00042000,42.0,0.5,0.45,0.55,1.0,1841.0,0.23926541992187497,False,PUT,2026-03-20,EXC
EXC260320P00043000,43.0,0.66,0.65,0.8,34.0,265.0,0.23072058349609376,False,PUT,2026-03-20,EXC
EXC260320P00044000,44.0,0.9,1.0,1.1,86.0,394.0,0.21680470703125,False,PUT,2026-03-20,EXC
EXC260320P00045000,45.0,1.4,1.5,1.65,10.0,400.0,0.225593681640625,True,PUT,2026-03-20,EXC
EXC260320P00046000,46.0,3.35,2.2,2.4,40.0,55.0,0.24951922363281248,True,PUT,2026-03-20,EXC
EXC260320P00047000,47.0,2.7,0.0,0.0,1.0,67.0,1.0000000000000003e-05,True,PUT,2026-03-20,EXC
EXC260320P00048000,48.0,3.3,3.3,5.7,48.0,146.0,0.5571333349609376,True,PUT,2026-03-20,EXC
EXC260320P00049000,49.0,3.74,0.0,6.7,2.0,46.0,0.6059609716796877,True,PUT,2026-03-20,EXC
EXC260320P00050000,50.0,7.13,4.3,6.6,1.0,4.0,0.47070841796875,True,PUT,2026-03-20,EXC
EXC260320P00055000,55.0,9.15,9.0,13.3,1.0,0.0,0.5585981640625001,True,PUT,2026-03-20,EXC
EXC260417C00038000,38.0,6.3,7.1,9.9,,1.0,0.5671430004882813,True,CALL,2026-04-17,EXC
EXC260417C00039000,39.0,5.5,5.3,7.0,,36.0,0.43848217773437503,True,CALL,2026-04-17,EXC
EXC260417C00040000,40.0,3.95,4.7,6.0,10.0,10.0,0.39234006103515623,True,CALL,2026-04-17,EXC
EXC260417C00041000,41.0,7.7,5.4,6.9,2.0,2.0,0.5061084545898438,True,CALL,2026-04-17,EXC
EXC260417C00042000,42.0,3.6,3.0,3.4,1.0,22.0,0.21143366699218746,True,CALL,2026-04-17,EXC
EXC260417C00043000,43.0,2.5,2.3,2.6,5.0,90.0,0.195320546875,True,CALL,2026-04-17,EXC
EXC260417C00044000,44.0,2.1,1.7,1.95,5.0,68.0,0.18946123046875002,True,CALL,2026-04-17,EXC
EXC260417C00045000,45.0,1.39,1.2,1.4,1.0,203.0,0.1840901904296875,False,CALL,2026-04-17,EXC
EXC260417C00046000,46.0,1.0,0.8,1.0,1.0,235.0,0.1848226049804687,False,CALL,2026-04-17,EXC
EXC260417C00047000,47.0,0.8,0.5,0.65,10.0,302.0,0.17920742675781248,False,CALL,2026-04-17,EXC
EXC260417C00048000,48.0,0.5,0.3,0.45,20.0,395.0,0.18311363769531247,False,CALL,2026-04-17,EXC
EXC260417C00049000,49.0,0.35,0.15,0.35,4976.0,5064.0,0.19507640869140624,False,CALL,2026-04-17,EXC
EXC260417C00050000,50.0,0.3,0.1,0.25,2.0,121.0,0.20069158691406247,False,CALL,2026-04-17,EXC
EXC260417C00055000,55.0,0.07,0.0,0.1,2.0,47.0,0.256843369140625,False,CALL,2026-04-17,EXC
EXC260417P00035000,35.0,0.13,0.05,0.6,1.0,3.0,0.47852083984375,False,PUT,2026-04-17,EXC
EXC260417P00036000,36.0,0.32,0.05,0.6,9.0,14.0,0.43848217773437503,False,PUT,2026-04-17,EXC
EXC260417P00038000,38.0,0.6,0.15,0.65,1.0,12.0,0.36963520996093746,False,PUT,2026-04-17,EXC
EXC260417P00039000,39.0,1.0,0.0,0.0,,0.0,0.062509375,False,PUT,2026-04-17,EXC
EXC260417P00040000,40.0,0.35,0.3,0.55,10.0,44.0,0.2710033837890625,False,PUT,2026-04-17,EXC
EXC260417P00041000,41.0,0.6,0.45,0.6,26.0,116.0,0.24073024902343748,False,PUT,2026-04-17,EXC
EXC260417P00042000,42.0,0.7,0.65,0.8,2.0,128.0,0.2304764453125,False,PUT,2026-04-17,EXC
EXC260417P00043000,43.0,0.8,0.9,1.05,1.0,106.0,0.21900195068359374,False,PUT,2026-04-17,EXC
EXC260417P00044000,44.0,1.18,1.25,1.4,10.0,123.0,0.2111895288085937,False,PUT,2026-04-17,EXC
EXC260417P00045000,45.0,1.57,1.7,1.9,5.0,95.0,0.21143366699218746,True,PUT,2026-04-17,EXC
EXC260417P00046000,46.0,2.3,2.35,2.6,4.0,37.0,0.22534954345703123,True,PUT,2026-04-17,EXC
EXC260417P00047000,47.0,2.95,3.1,3.4,15.0,20.0,0.24292749267578123,True,PUT,2026-04-17,EXC
EXC260417P00048000,48.0,2.65,3.5,4.0,2.0,13.0,0.225593681640625,True,PUT,2026-04-17,EXC
EXC260417P00049000,49.0,3.1,3.8,4.3,,5.0,0.10352458984374999,True,PUT,2026-04-17,EXC
EXC260417P00050000,50.0,6.55,4.3,6.5,1.0,2.0,0.36426416992187505,True,PUT,2026-04-17,EXC
EXC260618C00035000,35.0,12.02,10.5,12.6,1.0,20.0,0.5449264257812501,True,CALL,2026-06-18,EXC
EXC260618C00037000,37.0,7.9,9.6,12.8,5.0,14.0,0.6613803393554689,True,CALL,2026-06-18,EXC
EXC260618C00040000,40.0,4.12,5.0,6.2,2.0,82.0,0.31641308593749995,True,CALL,2026-06-18,EXC
EXC260618C00042000,42.0,3.0,3.5,3.8,8.0,289.0,0.20191227783203125,True,CALL,2026-06-18,EXC
EXC260618C00045000,45.0,2.17,1.7,2.05,33.0,2480.0,0.19654123779296873,False,CALL,2026-06-18,EXC
EXC260618C00047000,47.0,1.13,0.85,1.25,12.0,1924.0,0.19385571777343752,False,CALL,2026-06-18,EXC
EXC260618C00050000,50.0,0.55,0.35,0.65,6.0,1066.0,0.20703917968749996,False,CALL,2026-06-18,EXC
EXC260618C00055000,55.0,0.17,0.05,0.2,178.0,1756.0,0.22168747070312497,False,CALL,2026-06-18,EXC
EXC260618P00033000,33.0,0.31,0.05,0.25,15.0,339.0,0.33301448242187504,False,PUT,2026-06-18,EXC
EXC260618P00035000,35.0,0.35,0.0,0.8,5.0,94.0,0.39380489013671877,False,PUT,2026-06-18,EXC
EXC260618P00037000,37.0,0.65,0.3,0.6,57.0,396.0,0.29834686035156244,False,PUT,2026-06-18,EXC
EXC260618P00040000,40.0,0.74,0.65,0.9,4.0,2529.0,0.249030947265625,False,PUT,2026-06-18,EXC
EXC260618P00042000,42.0,1.15,1.05,1.4,1.0,430.0,0.23584748535156247,False,PUT,2026-06-18,EXC
EXC260618P00045000,45.0,2.22,2.3,2.6,5.0,2263.0,0.22144333251953124,True,PUT,2026-06-18,EXC
EXC260618P00047000,47.0,4.03,3.5,3.9,5.0,23.0,0.229499892578125,True,PUT,2026-06-18,EXC
EXC260618P00050000,50.0,6.75,4.9,6.7,1.0,3.0,0.29358616577148433,True,PUT,2026-06-18,EXC
EXC260618P00055000,55.0,9.87,0.0,0.0,1.0,0.0,1.0000000000000003e-05,True,PUT,2026-06-18,EXC
EXC260717C00041000,41.0,4.62,4.4,4.8,,14.0,0.2153398779296875,True,CALL,2026-07-17,EXC
EXC260717C00042000,42.0,3.39,3.7,4.1,,1.0,0.2124102197265625,True,CALL,2026-07-17,EXC
EXC260717C00043000,43.0,2.8,3.0,3.4,,2.0,0.20447572875976558,True,CALL,2026-07-17,EXC
EXC260717C00044000,44.0,2.43,2.4,2.85,,1.0,0.20459779785156246,True,CALL,2026-07-17,EXC
EXC260717C00045000,45.0,2.0,1.95,2.35,1.0,18.0,0.2036212451171875,False,CALL,2026-07-17,EXC
EXC260717C00046000,46.0,1.72,1.5,1.9,6.0,154.0,0.20142400146484374,False,CALL,2026-07-17,EXC
EXC260717C00047000,47.0,1.35,1.1,1.55,31.0,48.0,0.2024005541992187,False,CALL,2026-07-17,EXC
EXC260717C00048000,48.0,1.02,0.8,1.25,6.0,67.0,0.20313296874999998,False,CALL,2026-07-17,EXC
EXC260717C00049000,49.0,0.8,0.55,1.0,4.0,29.0,0.20386538330078124,False,CALL,2026-07-17,EXC
EXC260717C00050000,50.0,0.55,0.4,0.8,,1.0,0.20508607421874997,False,CALL,2026-07-17,EXC
EXC260717P00039000,39.0,1.1,0.6,0.9,,1.0,0.2561109545898438,False,PUT,2026-07-17,EXC
EXC260717P00040000,40.0,1.0,0.75,1.05,1.0,19.0,0.24341576904296874,False,PUT,2026-07-17,EXC
EXC260717P00041000,41.0,1.44,0.95,1.25,,1.0,0.23316196533203126,False,PUT,2026-07-17,EXC
EXC260717P00042000,42.0,1.34,1.2,1.55,2.0,5.0,0.22876747802734376,False,PUT,2026-07-17,EXC
EXC260717P00043000,43.0,2.09,1.5,1.9,,5.0,0.22425092163085933,False,PUT,2026-07-17,EXC
EXC260717P00044000,44.0,2.15,1.9,2.35,20.0,21.0,0.22364057617187497,False,PUT,2026-07-17,EXC
EXC260717P00045000,45.0,2.6,0.0,4.1,1.0,1.0,0.32507999145507804,True,PUT,2026-07-17,EXC
EXC260717P00050000,50.0,6.9,4.8,6.8,,1.0,0.27674063110351554,True,PUT,2026-07-17,EXC
EXC260918C00033000,33.0,10.83,11.0,13.3,,1.0,0.4567925415039063,True,CALL,2026-09-18,EXC
EXC260918C00040000,40.0,8.15,6.1,8.8,10.0,17.0,0.4585015087890626,True,CALL,2026-09-18,EXC
EXC260918C00042000,42.0,3.56,4.1,4.5,4.0,111.0,0.21277642700195312,True,CALL,2026-09-18,EXC
EXC260918C00045000,45.0,2.45,2.35,2.8,3.0,278.0,0.2054522814941406,False,CALL,2026-09-18,EXC
EXC260918C00047000,47.0,1.88,1.5,2.0,3.0,165.0,0.20557435058593748,False,CALL,2026-09-18,EXC
EXC260918C00050000,50.0,0.86,0.7,1.15,3.0,248.0,0.20569641967773436,False,CALL,2026-09-18,EXC
EXC260918C00055000,55.0,0.28,0.1,0.65,10.0,3123.0,0.23657989990234374,False,CALL,2026-09-18,EXC
EXC260918P00033000,33.0,0.5,0.0,0.95,3.0,25.0,0.37842418457031246,False,PUT,2026-09-18,EXC
EXC260918P00035000,35.0,0.55,0.4,0.85,2.0,115.0,0.3129951513671875,False,PUT,2026-09-18,EXC
EXC260918P00038000,38.0,0.85,0.7,1.1,1.0,61.0,0.264655791015625,False,PUT,2026-09-18,EXC
EXC260918P00040000,40.0,1.75,1.05,1.45,12.0,54.0,0.24414818359375,False,PUT,2026-09-18,EXC
EXC260918P00042000,42.0,1.75,1.55,2.0,10.0,238.0,0.2304764453125,False,PUT,2026-09-18,EXC
EXC260918P00045000,45.0,3.1,2.95,3.4,2.0,57.0,0.22840127075195313,True,PUT,2026-09-18,EXC
EXC260918P00047000,47.0,4.2,3.0,4.2,1.0,5.0,0.20032537963867186,True,PUT,2026-09-18,EXC
EXC260918P00050000,50.0,6.94,5.2,7.1,2.0,2.0,0.25989509643554687,True,PUT,2026-09-18,EXC
EXC261218C00040000,40.0,5.11,5.8,6.3,50.0,56.0,0.21595022338867187,True,CALL,2026-12-18,EXC
EXC261218C00043000,43.0,3.6,3.9,4.4,1.0,56.0,0.21070125244140625,True,CALL,2026-12-18,EXC
EXC261218C00045000,45.0,3.27,2.8,3.3,1.0,41.0,0.2039874523925781,False,CALL,2026-12-18,EXC
EXC261218C00047000,47.0,2.49,1.85,2.5,2.0,14.0,0.20447572875976558,False,CALL,2026-12-18,EXC
EXC261218C00050000,50.0,1.2,1.05,1.6,20.0,43.0,0.20533021240234373,False,CALL,2026-12-18,EXC
EXC261218C00055000,55.0,0.5,0.4,0.75,5.0,30.0,0.21021297607421874,False,CALL,2026-12-18,EXC
EXC261218P00035000,35.0,0.85,0.6,1.0,5.0,5.0,0.28137925659179686,False,PUT,2026-12-18,EXC
EXC261218P00040000,40.0,2.0,1.4,2.0,56.0,67.0,0.24695577270507812,False,PUT,2026-12-18,EXC
EXC261218P00043000,43.0,2.65,2.3,2.9,1.0,10.0,0.22486126708984372,False,PUT,2026-12-18,EXC
EXC261218P00045000,45.0,2.89,0.0,5.1,,1.0,0.29529513305664057,True,PUT,2026-12-18,EXC
EXC270115C00033000,33.0,11.47,11.1,13.5,7.0,12.0,0.39038695556640624,True,CALL,2027-01-15,EXC
EXC270115C00035000,35.0,10.38,9.3,11.7,1.0,22.0,0.35742830078125,True,CALL,2027-01-15,EXC
EXC270115C00038000,38.0,7.64,6.9,9.3,1.0,134.0,0.327155166015625,True,CALL,2027-01-15,EXC
EXC270115C00040000,40.0,6.4,6.0,6.5,1.0,177.0,0.2211991943359375,True,CALL,2027-01-15,EXC
EXC270115C00042000,42.0,4.22,4.7,5.2,10.0,439.0,0.21680470703125,True,CALL,2027-01-15,EXC
EXC270115C00045000,45.0,3.5,2.95,3.5,1.0,397.0,0.20716124877929684,False,CALL,2027-01-15,EXC
EXC270115C00047000,47.0,2.04,2.0,2.7,50.0,218.0,0.20777159423828123,False,CALL,2027-01-15,EXC
EXC270115C00050000,50.0,1.4,1.05,1.75,25.0,560.0,0.20655090332031245,False,CALL,2027-01-15,EXC
EXC270115C00055000,55.0,0.55,0.4,0.7,2.0,234.0,0.19715158325195312,False,CALL,2027-01-15,EXC
EXC270115P00033000,33.0,0.95,0.0,1.25,9.0,305.0,0.3398503515625,False,PUT,2027-01-15,EXC
EXC270115P00035000,35.0,1.2,0.65,1.05,1.0,64.0,0.2749095947265625,False,PUT,2027-01-15,EXC
EXC270115P00038000,38.0,1.4,1.05,1.55,15.0,93.0,0.2515943981933594,False,PUT,2027-01-15,EXC
EXC270115P00040000,40.0,1.7,1.5,1.95,11.0,258.0,0.23352817260742187,False,PUT,2027-01-15,EXC
EXC270115P00042000,42.0,2.55,2.05,2.6,1.0,236.0,0.22486126708984372,False,PUT,2027-01-15,EXC
EXC270115P00045000,45.0,4.5,3.2,4.0,5.0,91.0,0.22022264160156246,True,PUT,2027-01-15,EXC
EXC270115P00047000,47.0,4.68,2.0,7.0,5.0,41.0,0.3238593005371093,True,PUT,2027-01-15,EXC
EXC270115P00050000,50.0,6.7,6.5,7.1,1.0,14.0,0.21155573608398434,True,PUT,2027-01-15,EXC
EXC280121C00035000,35.0,12.31,0.0,0.0,3.0,4.0,1.0000000000000003e-05,True,CALL,2028-01-21,EXC
EXC280121C00038000,38.0,8.19,7.9,11.0,3.0,21.0,0.3103096313476562,True,CALL,2028-01-21,EXC
EXC280121C00040000,40.0,8.2,6.9,8.8,43.0,98.0,0.2601392346191406,True,CALL,2028-01-21,EXC
EXC280121C00042000,42.0,7.6,0.0,0.0,1.0,4.0,1.0000000000000003e-05,True,CALL,2028-01-21,EXC
EXC280121C00045000,45.0,4.5,4.2,7.5,1.0,4.0,0.30536583312988286,False,CALL,2028-01-21,EXC
EXC280121C00047000,47.0,3.5,3.1,6.1,2.0,30.0,0.2805858074951171,False,CALL,2028-01-21,EXC
EXC280121C00050000,50.0,2.2,2.05,4.6,1.0,41.0,0.2618482019042969,False,CALL,2028-01-21,EXC
EXC280121C00055000,55.0,1.13,1.0,3.0,10.0,12.0,0.25086198364257806,False,CALL,2028-01-21,EXC
EXC280121P00033000,33.0,2.05,0.0,3.4,14.0,15.0,0.37000141723632807,False,PUT,2028-01-21,EXC
EXC280121P00035000,35.0,2.0,0.0,0.0,2.0,10.0,0.0312596875,False,PUT,2028-01-21,EXC
EXC280121P00038000,38.0,3.0,1.15,3.7,1.0,14.0,0.2833323620605468,False,PUT,2028-01-21,EXC
EXC280121P00040000,40.0,4.6,1.85,4.8,,1.0,0.29291478576660146,False,PUT,2028-01-21,EXC
EXC280121P00042000,42.0,4.2,1.5,6.5,,1.0,0.3228827478027343,False,PUT,2028-01-21,EXC
EXC280121P00045000,45.0,6.3,3.8,8.0,,2.0,0.31488722229003896,True,PUT,2028-01-21,EXC
EXC280121P00047000,47.0,6.99,4.8,7.6,1.0,1.0,0.2500075,True,PUT,2028-01-21,EXC
EXK260220C00010000,10.0,3.6,3.3,3.5,132.0,12528.0,1.16016044921875,True,CALL,2026-02-20,EXK
EXK260220C00012500,12.5,1.8,1.65,1.85,467.0,16346.0,1.12891060546875,True,CALL,2026-02-20,EXK
EXK260220C00015000,15.0,0.83,0.75,0.85,743.0,11679.0,1.126957490234375,False,CALL,2026-02-20,EXK
EXK260220P00010000,10.0,0.21,0.2,0.25,59.0,6232.0,1.0273486132812502,False,PUT,2026-02-20,EXK
EXK260220P00012500,12.5,1.1,0.9,1.1,63.0,1656.0,0.9941406835937501,False,PUT,2026-02-20,EXK
EXK260220P00015000,15.0,2.7,2.45,2.95,10.0,667.0,1.111332568359375,True,PUT,2026-02-20,EXK
EXK260320C00010000,10.0,4.0,3.8,4.1,9.0,213.0,1.2109414453124998,True,CALL,2026-03-20,EXK
EXK260320C00012500,12.5,2.3,2.35,2.6,153.0,2540.0,1.1484417578125,True,CALL,2026-03-20,EXK
EXK260320C00015000,15.0,1.57,1.55,1.65,554.0,8161.0,1.1767619287109374,False,CALL,2026-03-20,EXK
EXK260320P00010000,10.0,0.7,0.55,0.8,76.0,545.0,1.0673874755859378,False,PUT,2026-03-20,EXK
EXK260320P00012500,12.5,1.7,1.45,1.85,53.0,706.0,1.015629921875,False,PUT,2026-03-20,EXK
EXK260320P00015000,15.0,3.48,3.2,3.5,12.0,268.0,1.08984830078125,True,PUT,2026-03-20,EXK
EXK260515C00010000,10.0,4.65,4.4,4.7,98.0,15335.0,1.1220747021484376,True,CALL,2026-05-15,EXK
EXK260515C00012500,12.5,3.31,3.2,3.7,187.0,8061.0,1.1596721704101562,True,CALL,2026-05-15,EXK
EXK260515C00015000,15.0,2.58,2.5,2.6,513.0,17998.0,1.1494183154296875,False,CALL,2026-05-15,EXK
EXK260515P00010000,10.0,1.33,1.3,1.55,5.0,2432.0,1.1015669921875002,False,PUT,2026-05-15,EXK
EXK260515P00012500,12.5,2.55,2.6,2.95,30.0,168.0,1.1235395385742186,False,PUT,2026-05-15,EXK
EXK260515P00015000,15.0,4.25,4.1,4.6,2.0,145.0,1.1069380590820312,True,PUT,2026-05-15,EXK
EXK260821C00010000,10.0,5.41,5.1,5.8,6.0,447.0,1.1123091259765625,True,CALL,2026-08-21,EXK
EXK260821C00012500,12.5,4.3,4.2,4.9,30.0,2801.0,1.1469769213867185,True,CALL,2026-08-21,EXK
EXK260821C00015000,15.0,3.65,3.6,3.9,135.0,1183.0,1.142582412109375,False,CALL,2026-08-21,EXK
EXK260821P00010000,10.0,2.15,1.95,2.25,6.0,265.0,1.0224658251953125,False,PUT,2026-08-21,EXK
EXK260821P00012500,12.5,3.5,3.4,3.8,395.0,1084.0,1.041508698730469,False,PUT,2026-08-21,EXK
EXK260821P00015000,15.0,4.47,4.4,5.7,33.0,35.0,0.9804689453125001,True,PUT,2026-08-21,EXK
EXK270115C00010000,10.0,6.1,6.0,6.6,60.0,22173.0,1.0698288696289064,True,CALL,2027-01-15,EXK
EXK270115C00012500,12.5,5.5,5.2,5.7,49.0,6410.0,1.0771530517578127,True,CALL,2027-01-15,EXK
EXK270115C00015000,15.0,4.9,4.7,5.0,77.0,8094.0,1.0996138769531252,False,CALL,2027-01-15,EXK
EXK270115P00010000,10.0,2.75,2.7,2.95,24.0,768.0,0.96679720703125,False,PUT,2027-01-15,EXK
EXK270115P00012500,12.5,4.4,4.2,4.8,10.0,31.0,0.993164130859375,False,PUT,2027-01-15,EXK
EXK270115P00015000,15.0,5.42,4.6,7.3,1.0,132.0,0.9291999267578125,True,PUT,2027-01-15,EXK
EXK280121C00010000,10.0,7.5,7.4,8.4,65.0,1167.0,1.059086735839844,True,CALL,2028-01-21,EXK
EXK280121C00012500,12.5,7.0,6.7,7.4,5.0,1440.0,1.0227099645996094,True,CALL,2028-01-21,EXK
EXK280121C00015000,15.0,6.39,6.3,6.8,231.0,2802.0,1.0332079589843752,False,CALL,2028-01-21,EXK
EXK280121P00010000,10.0,4.0,3.2,4.0,1.0,250.0,0.8178729150390623,False,PUT,2028-01-21,EXK
EXK280121P00012500,12.5,5.04,3.9,6.5,1.0,31.0,0.8051777294921875,False,PUT,2028-01-21,EXK
EXK280121P00015000,15.0,7.01,5.5,8.4,150.0,70.0,0.7944356494140624,True,PUT,2028-01-21,EXK
EXTR260220C00015000,15.0,0.24,0.25,0.35,8.0,155.0,0.45703667968750006,False,CALL,2026-02-20,EXTR
EXTR260220C00016000,16.0,0.12,0.05,0.2,2.0,248.0,0.523442265625,False,CALL,2026-02-20,EXTR
EXTR260220C00017000,17.0,0.32,0.0,0.5,11.0,438.0,0.7324245507812499,False,CALL,2026-02-20,EXTR
EXTR260220C00018000,18.0,0.15,0.0,0.75,10.0,40.0,1.001958115234375,False,CALL,2026-02-20,EXTR
EXTR260220P00010000,10.0,0.05,0.0,0.55,20.0,21.0,1.2988316308593748,False,PUT,2026-02-20,EXTR
EXTR260220P00011000,11.0,0.05,0.0,0.35,1.0,2.0,0.8945323046874999,False,PUT,2026-02-20,EXTR
EXTR260220P00012000,12.0,0.16,0.05,0.3,35.0,36.0,0.6640658593750002,False,PUT,2026-02-20,EXTR
EXTR260220P00013000,13.0,0.3,0.15,0.25,1.0,41.0,0.5117236328125,False,PUT,2026-02-20,EXTR
EXTR260220P00014000,14.0,0.25,0.35,0.5,9.0,101.0,0.42774009765625004,False,PUT,2026-02-20,EXTR
EXTR260220P00015000,15.0,1.0,0.9,1.0,25.0,379.0,0.35547519531249994,True,PUT,2026-02-20,EXTR
EXTR260220P00016000,16.0,2.0,1.7,2.2,5.0,99.0,0.7187528125,True,PUT,2026-02-20,EXTR
EXTR260220P00017000,17.0,2.4,2.05,3.3,1.0,82.0,0.9794923925781251,True,PUT,2026-02-20,EXTR
EXTR260220P00018000,18.0,2.65,3.1,4.2,10.0,20.0,1.0449266503906252,True,PUT,2026-02-20,EXTR
EXTR260320C00013000,13.0,5.9,0.0,0.0,25.0,26.0,1.0000000000000003e-05,True,CALL,2026-03-20,EXTR
EXTR260320C00014000,14.0,0.95,1.0,1.15,287.0,0.0,0.4931691308593751,True,CALL,2026-03-20,EXTR
EXTR260320C00016000,16.0,0.61,0.25,0.4,6.0,19.0,0.471684970703125,False,CALL,2026-03-20,EXTR
EXTR260320C00017000,17.0,0.15,0.15,0.25,2.0,24.0,0.49121602539062503,False,CALL,2026-03-20,EXTR
EXTR260320C00018000,18.0,0.73,0.05,0.75,4.0,52.0,0.6884796777343751,False,CALL,2026-03-20,EXTR
EXTR260320P00010000,10.0,0.1,0.0,0.75,2.0,2.0,0.9687503125,False,PUT,2026-03-20,EXTR
EXTR260320P00011000,11.0,0.3,0.05,0.75,1.0,54.0,0.79883013671875,False,PUT,2026-03-20,EXTR
EXTR260320P00013000,13.0,0.39,0.35,0.45,1.0,2.0,0.46191944335937507,False,PUT,2026-03-20,EXTR
EXTR260320P00014000,14.0,0.76,0.65,0.8,263.0,9.0,0.43066975585937506,False,PUT,2026-03-20,EXTR
EXTR260320P00015000,15.0,1.33,1.15,1.3,30.0,81.0,0.39258419921875,True,PUT,2026-03-20,EXTR
EXTR260320P00016000,16.0,2.2,1.9,2.05,138.0,247.0,0.39649041015625003,True,PUT,2026-03-20,EXTR
EXTR260320P00017000,17.0,2.42,1.85,3.9,3.0,136.0,0.9707034179687499,True,PUT,2026-03-20,EXTR
EXTR260320P00018000,18.0,3.67,3.3,4.1,42.0,94.0,0.6357458300781251,True,PUT,2026-03-20,EXTR
EXTR260618C00010000,10.0,8.5,0.0,0.0,,1.0,1.0000000000000003e-05,True,CALL,2026-06-18,EXTR
EXTR260618C00011000,11.0,6.7,0.0,0.0,2.0,2.0,1.0000000000000003e-05,True,CALL,2026-06-18,EXTR
EXTR260618C00012000,12.0,6.6,0.0,0.0,,1.0,1.0000000000000003e-05,True,CALL,2026-06-18,EXTR
EXTR260618C00013000,13.0,4.9,2.35,2.6,6.0,8.0,0.5361374511718751,True,CALL,2026-06-18,EXTR
EXTR260618C00014000,14.0,4.56,0.0,0.0,2.0,6.0,1.0000000000000003e-05,True,CALL,2026-06-18,EXTR
EXTR260618C00015000,15.0,1.5,1.25,1.5,2.0,13.0,0.516606396484375,False,CALL,2026-06-18,EXTR
EXTR260618C00016000,16.0,1.5,0.9,1.15,10.0,9.0,0.5122119091796875,False,CALL,2026-06-18,EXTR
EXTR260618C00017000,17.0,0.75,0.65,0.85,1.0,65.0,0.5019581054687501,False,CALL,2026-06-18,EXTR
EXTR260618C00018000,18.0,0.97,0.45,0.7,2.0,74.0,0.5205126074218749,False,CALL,2026-06-18,EXTR
EXTR260618P00011000,11.0,0.45,0.35,0.55,45.0,10.0,0.5029346582031251,False,PUT,2026-06-18,EXTR
EXTR260618P00012000,12.0,0.5,0.6,0.8,20.0,40.0,0.5210008837890624,False,PUT,2026-06-18,EXTR
EXTR260618P00014000,14.0,1.45,1.3,1.55,138.0,26.0,0.47559118164062497,False,PUT,2026-06-18,EXTR
EXTR260618P00015000,15.0,1.44,1.7,2.05,1.0,11.0,0.45166563964843753,True,PUT,2026-06-18,EXTR
EXTR260618P00016000,16.0,1.9,2.4,2.7,1.0,27.0,0.445318046875,True,PUT,2026-06-18,EXTR
EXTR260618P00017000,17.0,2.88,3.1,3.4,3.0,4.0,0.4292049267578125,True,PUT,2026-06-18,EXTR
EXTR260618P00018000,18.0,2.75,0.0,0.0,,1.0,1.0000000000000003e-05,True,PUT,2026-06-18,EXTR
EXTR260918C00014000,14.0,3.03,2.25,2.55,1.0,23.0,0.5122119091796875,True,CALL,2026-09-18,EXTR
EXTR260918C00016000,16.0,2.03,1.4,1.75,2.0,3.0,0.532231240234375,False,CALL,2026-09-18,EXTR
EXTR260918P00010000,10.0,0.5,0.4,0.65,1.0,1.0,0.5141650146484374,False,PUT,2026-09-18,EXTR
EXTR260918P00013000,13.0,1.45,1.15,1.55,11.0,1.0,0.48828636718750007,False,PUT,2026-09-18,EXTR
EXTR260918P00015000,15.0,2.01,2.2,2.55,2.0,12.0,0.46191944335937507,True,PUT,2026-09-18,EXTR
F260130C00010000,10.0,4.3,3.55,4.5,9.0,27.0,5.1718785351562495,True,CALL,2026-01-30,F
F260130C00010500,10.5,3.73,3.0,5.5,22.0,8.0,5.609377988281249,True,CALL,2026-01-30,F
F260130C00011000,11.0,3.59,2.55,5.0,30.0,22.0,5.14062857421875,True,CALL,2026-01-30,F
F260130C00011500,11.5,2.55,2.11,2.65,4.0,14.0,2.2187544531249994,True,CALL,2026-01-30,F
F260130C00012000,12.0,1.96,1.97,2.22,8.0,299.0,1.5468772656249998,True,CALL,2026-01-30,F
F260130C00012500,12.5,1.57,1.27,1.69,9.0,209.0,1.671876640625,True,CALL,2026-01-30,F
F260130C00013000,13.0,0.98,0.99,1.11,202.0,1569.0,0.6250037500000001,True,CALL,2026-01-30,F
F260130C00013500,13.5,0.58,0.53,0.58,2583.0,9363.0,0.523442265625,True,CALL,2026-01-30,F
F260130C00014000,14.0,0.14,0.14,0.15,6826.0,12035.0,0.31641308593749995,True,CALL,2026-01-30,F
F260130C00014500,14.5,0.01,0.0,0.01,1083.0,5779.0,0.29688203124999996,False,CALL,2026-01-30,F
F260130C00015000,15.0,0.01,0.0,0.01,31.0,5956.0,0.5312546875,False,CALL,2026-01-30,F
F260130C00015500,15.5,0.01,0.0,0.01,1.0,1060.0,0.6562534375000001,False,CALL,2026-01-30,F
F260130C00016000,16.0,0.01,0.0,0.01,5.0,326.0,0.8125018749999999,False,CALL,2026-01-30,F
F260130C00016500,16.5,0.01,0.0,0.01,5.0,291.0,0.9687503125,False,CALL,2026-01-30,F
F260130C00017000,17.0,0.02,0.0,0.01,5.0,182.0,1.125004375,False,CALL,2026-01-30,F
F260130C00017500,17.5,0.01,0.0,0.01,3.0,133.0,1.2500037499999999,False,CALL,2026-01-30,F
F260130C00018000,18.0,0.01,0.0,0.01,1.0,2.0,1.4375028125,False,CALL,2026-01-30,F
F260130P00010000,10.0,0.01,0.0,0.01,10.0,52.0,1.9375003125,False,PUT,2026-01-30,F
F260130P00010500,10.5,0.01,0.0,0.01,52.0,49.0,1.6875015625,False,PUT,2026-01-30,F
F260130P00011000,11.0,0.01,0.0,0.01,1.0,42.0,1.4375028125,False,PUT,2026-01-30,F
F260130P00011500,11.5,0.01,0.0,0.01,1.0,178.0,1.1875040625,False,PUT,2026-01-30,F
F260130P00012000,12.0,0.01,0.0,0.01,3.0,1055.0,0.9687503125,False,PUT,2026-01-30,F
F260130P00012500,12.5,0.01,0.0,0.01,22.0,8269.0,0.7500025,False,PUT,2026-01-30,F
F260130P00013000,13.0,0.01,0.0,0.01,220.0,82801.0,0.5312546875,False,PUT,2026-01-30,F
F260130P00013500,13.5,0.02,0.01,0.02,4192.0,15311.0,0.414068359375,False,PUT,2026-01-30,F
F260130P00014000,14.0,0.07,0.07,0.08,1439.0,2921.0,0.23438265625,False,PUT,2026-01-30,F
F260130P00014500,14.5,0.46,0.41,0.51,52.0,553.0,0.4687553125,True,PUT,2026-01-30,F
F260130P00015000,15.0,1.19,0.89,0.99,1.0,81.0,0.6562534375000001,True,PUT,2026-01-30,F
F260130P00015500,15.5,1.59,1.25,1.53,2.0,3.0,1.109379453125,True,PUT,2026-01-30,F
F260130P00016000,16.0,2.14,1.65,3.85,1.0,3.0,3.5742198144531248,True,PUT,2026-01-30,F
F260130P00016500,16.5,2.35,2.16,2.53,2.0,1.0,1.5781271093749998,True,PUT,2026-01-30,F
F260130P00017000,17.0,3.29,2.66,3.05,3.0,2.0,1.9062504687500001,True,PUT,2026-01-30,F
F260130P00017500,17.5,3.65,3.1,3.95,1.0,2.0,1.953125234375,True,PUT,2026-01-30,F
F260130P00018000,18.0,3.5,2.98,4.05,4.0,4.0,2.2968792578125,True,PUT,2026-01-30,F
F260206C00010000,10.0,4.05,4.0,4.1,3.0,25.0,1.0312548437500002,True,CALL,2026-02-06,F
F260206C00010500,10.5,3.18,3.0,4.35,1.0,3.0,1.46875265625,True,CALL,2026-02-06,F
F260206C00011000,11.0,2.8,2.65,3.15,5.0,1.0,1.21875390625,True,CALL,2026-02-06,F
F260206C00011500,11.5,2.15,2.17,2.65,1.0,12.0,1.0468797656250002,True,CALL,2026-02-06,F
F260206C00012000,12.0,1.85,1.77,2.14,8.0,62.0,0.851563984375,True,CALL,2026-02-06,F
F260206C00012500,12.5,1.43,1.36,1.64,10.0,72.0,0.6875031250000001,True,CALL,2026-02-06,F
F260206C00013000,13.0,1.08,1.0,1.13,79.0,354.0,0.500005,True,CALL,2026-02-06,F
F260206C00013500,13.5,0.61,0.6,0.66,644.0,12442.0,0.37500625,True,CALL,2026-02-06,F
F260206C00014000,14.0,0.26,0.26,0.27,3877.0,10401.0,0.28516339843749994,True,CALL,2026-02-06,F
F260206C00014500,14.5,0.07,0.07,0.08,1972.0,5624.0,0.273444765625,False,CALL,2026-02-06,F
F260206C00015000,15.0,0.02,0.01,0.02,866.0,1841.0,0.28516339843749994,False,CALL,2026-02-06,F
F260206C00015500,15.5,0.01,0.0,0.05,39.0,1036.0,0.48438015625,False,CALL,2026-02-06,F
F260206C00016000,16.0,0.01,0.0,0.01,47.0,545.0,0.42969320312500003,False,CALL,2026-02-06,F
F260206C00016500,16.5,0.01,0.0,0.01,1.0,248.0,0.51562984375,False,CALL,2026-02-06,F
F260206C00017000,17.0,0.01,0.0,0.01,4.0,21.0,0.5312546875,False,CALL,2026-02-06,F
F260206C00017500,17.5,0.01,0.0,0.01,112.0,139.0,0.5937540625000001,False,CALL,2026-02-06,F
F260206C00018000,18.0,0.01,0.0,0.01,,1.0,0.6562534375000001,False,CALL,2026-02-06,F
F260206P00010000,10.0,0.03,0.0,2.13,,1.0,3.5312511718749997,False,PUT,2026-02-06,F
F260206P00011000,11.0,0.01,0.0,0.01,10.0,23.0,0.6875031250000001,False,PUT,2026-02-06,F
F260206P00011500,11.5,0.01,0.0,1.95,244.0,280.0,2.5156287109374995,False,PUT,2026-02-06,F
F260206P00012000,12.0,0.01,0.0,0.03,3.0,207.0,0.5468795312500001,False,PUT,2026-02-06,F
F260206P00012500,12.5,0.02,0.01,0.02,97.0,898.0,0.45313046875,False,PUT,2026-02-06,F
F260206P00013000,13.0,0.02,0.02,0.03,1760.0,7061.0,0.35938140625,False,PUT,2026-02-06,F
F260206P00013500,13.5,0.06,0.06,0.07,2024.0,99314.0,0.2929758203124999,False,PUT,2026-02-06,F
F260206P00014000,14.0,0.21,0.19,0.2,396.0,971.0,0.24805439453125,False,PUT,2026-02-06,F
F260206P00014500,14.5,0.53,0.49,0.54,35.0,780.0,0.2695385546875,True,PUT,2026-02-06,F
F260206P00015000,15.0,0.98,0.92,1.02,16.0,82.0,0.3789124609375,True,PUT,2026-02-06,F
F260206P00015500,15.5,1.75,1.35,1.88,1.0,1.0,0.6835969140625001,True,PUT,2026-02-06,F
F260206P00016500,16.5,2.99,2.15,4.55,10.0,10.0,1.962890810546875,True,PUT,2026-02-06,F
F260206P00017500,17.5,3.66,3.15,5.55,2.0,0.0,2.2460981347656244,True,PUT,2026-02-06,F
F260206P00018000,18.0,4.5,3.65,4.2,1.0,0.0,1.421877890625,True,PUT,2026-02-06,F
F260213C00010000,10.0,3.88,3.2,5.6,4.0,4.0,1.6679704101562502,True,CALL,2026-02-13,F
F260213C00011000,11.0,2.66,2.56,3.35,1.0,11.0,1.255863095703125,True,CALL,2026-02-13,F
F260213C00011500,11.5,2.39,2.26,2.89,7.0,5.0,0.585941640625,True,CALL,2026-02-13,F
F260213C00012000,12.0,2.04,1.52,2.52,1.0,81.0,1.1484417578125,True,CALL,2026-02-13,F
F260213C00012500,12.5,1.73,1.48,1.72,1.0,103.0,0.6289099609375001,True,CALL,2026-02-13,F
F260213C00013000,13.0,1.2,1.18,1.25,34.0,1055.0,0.523442265625,True,CALL,2026-02-13,F
F260213C00013500,13.5,0.85,0.81,0.86,149.0,4547.0,0.476567734375,True,CALL,2026-02-13,F
F260213C00014000,14.0,0.52,0.5,0.55,473.0,9254.0,0.45313046875,True,CALL,2026-02-13,F
F260213C00014500,14.5,0.3,0.29,0.31,1005.0,5419.0,0.42578699218750005,False,CALL,2026-02-13,F
F260213C00015000,15.0,0.16,0.15,0.16,177.0,3685.0,0.41211525390625,False,CALL,2026-02-13,F
F260213C00015500,15.5,0.08,0.07,0.08,31.0,1093.0,0.414068359375,False,CALL,2026-02-13,F
F260213C00016000,16.0,0.04,0.03,0.04,8.0,548.0,0.42188078125,False,CALL,2026-02-13,F
F260213C00016500,16.5,0.02,0.0,0.02,249.0,1620.0,0.42969320312500003,False,CALL,2026-02-13,F
F260213C00017000,17.0,0.01,0.0,0.04,1.0,253.0,0.5625043750000001,False,CALL,2026-02-13,F
F260213C00017500,17.5,0.01,0.0,0.05,17.0,134.0,0.57812921875,False,CALL,2026-02-13,F
F260213C00018000,18.0,0.07,0.0,0.01,94.0,10.0,0.500005,False,CALL,2026-02-13,F
F260213P00010500,10.5,0.04,0.0,0.3,,20.0,1.125004375,False,PUT,2026-02-13,F
F260213P00011000,11.0,0.03,0.0,0.38,1.0,542.0,1.0625046875000002,False,PUT,2026-02-13,F
F260213P00011500,11.5,0.03,0.03,0.04,1.0,299.0,0.5898478515625001,False,PUT,2026-02-13,F
F260213P00012000,12.0,0.05,0.05,0.06,20.0,1101.0,0.5390671093750001,False,PUT,2026-02-13,F
F260213P00012500,12.5,0.11,0.08,0.09,11.0,2725.0,0.49609878906250005,False,PUT,2026-02-13,F
F260213P00013000,13.0,0.15,0.14,0.15,615.0,6007.0,0.45313046875,False,PUT,2026-02-13,F
F260213P00013500,13.5,0.27,0.26,0.27,1340.0,6662.0,0.42969320312500003,False,PUT,2026-02-13,F
F260213P00014000,14.0,0.46,0.45,0.47,27.0,4269.0,0.41797457031249996,False,PUT,2026-02-13,F
F260213P00014500,14.5,0.74,0.71,0.75,643.0,3044.0,0.40820904296875,True,PUT,2026-02-13,F
F260213P00015000,15.0,1.4,1.06,1.15,1.0,7.0,0.445318046875,True,PUT,2026-02-13,F
F260213P00015500,15.5,1.86,1.4,2.06,10.0,14.0,0.64648791015625,True,PUT,2026-02-13,F
F260213P00016000,16.0,2.58,1.79,2.96,2.0,0.0,0.9082040429687499,True,PUT,2026-02-13,F
F260213P00016500,16.5,3.15,2.28,3.3,,4.0,0.92187578125,True,PUT,2026-02-13,F
F260213P00017000,17.0,3.27,2.6,5.05,,0.0,1.5605490722656248,True,PUT,2026-02-13,F
F260213P00018000,18.0,5.2,3.5,6.05,4.0,0.0,1.7109389453125,True,PUT,2026-02-13,F
F260220C00010000,10.0,4.0,3.65,4.3,1.0,64.0,1.2460975195312498,True,CALL,2026-02-20,F
F260220C00011000,11.0,3.05,2.23,3.2,1.0,49.0,0.8398453515625,True,CALL,2026-02-20,F
F260220C00011500,11.5,2.48,1.99,3.0,1.0,20.0,1.0800827246093752,True,CALL,2026-02-20,F
F260220C00012000,12.0,2.04,2.07,2.19,54.0,1153.0,0.5117236328125,True,CALL,2026-02-20,F
F260220C00012500,12.5,1.47,1.54,1.78,2.0,90.0,0.58789474609375,True,CALL,2026-02-20,F
F260220C00013000,13.0,1.2,1.19,1.27,201.0,3698.0,0.45508357421875,True,CALL,2026-02-20,F
F260220C00013500,13.5,0.88,0.87,0.88,142.0,4867.0,0.414068359375,True,CALL,2026-02-20,F
F260220C00014000,14.0,0.57,0.56,0.57,4361.0,48617.0,0.39160764648437496,True,CALL,2026-02-20,F
F260220C00014500,14.5,0.33,0.32,0.34,363.0,2537.0,0.37695935546875,False,CALL,2026-02-20,F
F260220C00015000,15.0,0.18,0.16,0.18,247.0,16798.0,0.362311064453125,False,CALL,2026-02-20,F
F260220C00015500,15.5,0.07,0.08,0.1,81.0,562.0,0.36914693359375,False,CALL,2026-02-20,F
F260220C00016000,16.0,0.05,0.04,0.05,46.0,3690.0,0.3711000390625,False,CALL,2026-02-20,F
F260220C00016500,16.5,0.01,0.0,0.06,322.0,324.0,0.45313046875,False,CALL,2026-02-20,F
F260220C00017000,17.0,0.02,0.0,0.05,1.0,1272.0,0.49219257812500006,False,CALL,2026-02-20,F
F260220C00017500,17.5,0.02,0.0,0.25,60.0,65.0,0.6816438085937502,False,CALL,2026-02-20,F
F260220C00018000,18.0,0.03,0.0,0.03,1.0,290.0,0.5468795312500001,False,CALL,2026-02-20,F
F260220P00010000,10.0,0.03,0.0,0.03,12.0,1187.0,0.6562534375000001,False,PUT,2026-02-20,F
F260220P00010500,10.5,0.03,0.0,0.04,266.0,567.0,0.6093789062500001,False,PUT,2026-02-20,F
F260220P00011000,11.0,0.04,0.03,0.04,6.0,2788.0,0.57812921875,False,PUT,2026-02-20,F
F260220P00011500,11.5,0.04,0.04,0.05,6.0,197.0,0.5195360546875,False,PUT,2026-02-20,F
F260220P00012000,12.0,0.07,0.06,0.07,14.0,7828.0,0.4804739453125,False,PUT,2026-02-20,F
F260220P00012500,12.5,0.12,0.11,0.12,11.0,4252.0,0.45313046875,False,PUT,2026-02-20,F
F260220P00013000,13.0,0.2,0.19,0.2,273.0,109806.0,0.42578699218750005,False,PUT,2026-02-20,F
F260220P00013500,13.5,0.35,0.33,0.35,384.0,10106.0,0.42188078125,False,PUT,2026-02-20,F
F260220P00014000,14.0,0.53,0.53,0.55,98.0,8323.0,0.4062559375,False,PUT,2026-02-20,F
F260220P00014500,14.5,0.86,0.79,0.89,12.0,666.0,0.44336494140625,True,PUT,2026-02-20,F
F260220P00015000,15.0,1.24,1.16,1.26,8.0,1251.0,0.463872548828125,True,PUT,2026-02-20,F
F260220P00015500,15.5,1.83,1.46,1.94,1.0,7.0,0.5117236328125,True,PUT,2026-02-20,F
F260220P00016000,16.0,2.43,1.8,2.41,5.0,405.0,0.500005,True,PUT,2026-02-20,F
F260220P00017000,17.0,3.6,2.53,3.8,1.0,5.0,0.71679970703125,True,PUT,2026-02-20,F
F260227C00010000,10.0,3.68,3.8,6.05,16.0,6.0,1.765626171875,True,CALL,2026-02-27,F
F260227C00010500,10.5,2.97,2.81,5.55,,1.0,1.3798859130859373,True,CALL,2026-02-27,F
F260227C00011000,11.0,2.5,2.36,3.9,2.0,2.0,0.6289099609375001,True,CALL,2026-02-27,F
F260227C00011500,11.5,2.53,1.98,3.2,1.0,6.0,1.1201215869140624,True,CALL,2026-02-27,F
F260227C00012000,12.0,2.01,1.77,2.54,1.0,16.0,0.8554701953125,True,CALL,2026-02-27,F
F260227C00012500,12.5,1.45,1.37,1.76,3.0,29.0,0.49609878906250005,True,CALL,2026-02-27,F
F260227C00013000,13.0,1.2,1.13,1.28,2.0,97.0,0.4062559375,True,CALL,2026-02-27,F
F260227C00013500,13.5,0.85,0.81,0.89,5.0,506.0,0.36914693359375,True,CALL,2026-02-27,F
F260227C00014000,14.0,0.55,0.56,0.61,102.0,852.0,0.36817038085937503,True,CALL,2026-02-27,F
F260227C00014500,14.5,0.33,0.32,0.36,58.0,1170.0,0.3437565625,False,CALL,2026-02-27,F
F260227C00015000,15.0,0.18,0.16,0.2,61.0,1164.0,0.3320379296875,False,CALL,2026-02-27,F
F260227C00015500,15.5,0.07,0.08,0.16,13.0,1566.0,0.38086556640624997,False,CALL,2026-02-27,F
F260227C00016000,16.0,0.03,0.04,0.11,1.0,252.0,0.40039662109375,False,CALL,2026-02-27,F
F260227C00016500,16.5,0.06,0.01,0.06,12.0,17.0,0.39453730468750003,False,CALL,2026-02-27,F
F260227C00017000,17.0,0.01,0.0,0.06,10.0,16.0,0.44922425781249997,False,CALL,2026-02-27,F
F260227P00010000,10.0,0.04,0.0,2.14,4.0,31.0,1.9394534277343751,False,PUT,2026-02-27,F
F260227P00010500,10.5,0.04,0.0,2.15,5.0,10.0,1.7753917480468748,False,PUT,2026-02-27,F
F260227P00011000,11.0,0.05,0.0,2.14,4.0,33.0,1.609376953125,False,PUT,2026-02-27,F
F260227P00011500,11.5,0.04,0.03,0.1,1.0,193.0,0.5546919531250001,False,PUT,2026-02-27,F
F260227P00012000,12.0,0.08,0.07,0.1,2.0,135.0,0.46289599609375004,False,PUT,2026-02-27,F
F260227P00012500,12.5,0.13,0.12,0.16,3.0,448.0,0.43945873046875,False,PUT,2026-02-27,F
F260227P00013000,13.0,0.22,0.21,0.23,104.0,653.0,0.398443515625,False,PUT,2026-02-27,F
F260227P00013500,13.5,0.39,0.33,0.38,103.0,290.0,0.38867798828125,False,PUT,2026-02-27,F
F260227P00014000,14.0,0.59,0.54,0.64,32.0,58.0,0.41211525390625,False,PUT,2026-02-27,F
F260227P00014500,14.5,0.97,0.82,0.93,1.0,148.0,0.414068359375,True,PUT,2026-02-27,F
F260227P00015000,15.0,1.39,1.15,1.51,1.0,6.0,0.5751995605468749,True,PUT,2026-02-27,F
F260227P00016000,16.0,2.12,1.63,2.88,,0.0,0.570316796875,True,PUT,2026-02-27,F
F260227P00018000,18.0,4.21,3.35,5.55,,1.0,1.0058643457031249,True,PUT,2026-02-27,F
F260306C00012500,12.5,1.4,1.42,1.74,1.0,38.0,0.42969320312500003,True,CALL,2026-03-06,F
F260306C00013000,13.0,1.2,1.22,1.31,3.0,45.0,0.38672488281249995,True,CALL,2026-03-06,F
F260306C00013500,13.5,0.76,0.84,0.92,31.0,124.0,0.3505924316406249,True,CALL,2026-03-06,F
F260306C00014000,14.0,0.55,0.58,0.65,18.0,167.0,0.35352208984374994,True,CALL,2026-03-06,F
F260306C00014500,14.5,0.37,0.34,0.4,16.0,71.0,0.3320379296875,False,CALL,2026-03-06,F
F260306C00015000,15.0,0.23,0.2,0.25,22.0,86.0,0.33399103515625,False,CALL,2026-03-06,F
F260306C00015500,15.5,0.15,0.11,0.15,17.0,12.0,0.334967587890625,False,CALL,2026-03-06,F
F260306P00011000,11.0,0.15,0.0,0.11,1.0,60.0,0.5039112109375,False,PUT,2026-03-06,F
F260306P00011500,11.5,0.06,0.04,0.26,4.0,27.0,0.56055126953125,False,PUT,2026-03-06,F
F260306P00012000,12.0,0.1,0.08,0.17,20.0,61.0,0.49414568359375005,False,PUT,2026-03-06,F
F260306P00012500,12.5,0.16,0.13,0.19,57.0,99.0,0.42188078125,False,PUT,2026-03-06,F
F260306P00013000,13.0,0.26,0.23,0.32,23.0,42.0,0.42188078125,False,PUT,2026-03-06,F
F260306P00013500,13.5,0.43,0.37,0.41,62.0,48.0,0.36914693359375,False,PUT,2026-03-06,F
F260306P00014000,14.0,0.64,0.61,0.69,2.0,44.0,0.398443515625,False,PUT,2026-03-06,F
F260320C00009850,9.85,4.2,3.95,4.3,7.0,3396.0,0.6835969140625001,True,CALL,2026-03-20,F
F260320C00010000,10.0,4.0,3.75,4.2,4.0,1286.0,0.726565234375,True,CALL,2026-03-20,F
F260320C00011000,11.0,3.1,2.86,3.2,23.0,925.0,0.5664105859375,True,CALL,2026-03-20,F
F260320C00011850,11.85,2.3,2.16,2.4,167.0,27844.0,0.47949739257812496,True,CALL,2026-03-20,F
F260320C00012000,12.0,2.15,2.0,2.23,22.0,6429.0,0.43945873046875,True,CALL,2026-03-20,F
F260320C00013000,13.0,1.3,1.3,1.33,229.0,21597.0,0.3437565625,True,CALL,2026-03-20,F
F260320C00014000,14.0,0.67,0.65,0.69,635.0,27678.0,0.32129584960937496,True,CALL,2026-03-20,F
F260320C00014850,14.85,0.33,0.32,0.35,445.0,24050.0,0.31641308593749995,False,CALL,2026-03-20,F
F260320C00015000,15.0,0.28,0.27,0.28,1962.0,41857.0,0.3007882421875,False,CALL,2026-03-20,F
F260320C00016000,16.0,0.11,0.11,0.12,549.0,7632.0,0.31641308593749995,False,CALL,2026-03-20,F
F260320C00016850,16.85,0.06,0.05,0.06,46.0,6580.0,0.3320379296875,False,CALL,2026-03-20,F
F260320C00017000,17.0,0.04,0.04,0.05,2.0,3449.0,0.3320379296875,False,CALL,2026-03-20,F
F260320C00018000,18.0,0.01,0.01,0.03,6.0,1955.0,0.367193828125,False,CALL,2026-03-20,F
F260320P00009850,9.85,0.04,0.02,0.06,10.0,17034.0,0.5468795312500001,False,PUT,2026-03-20,F
F260320P00010000,10.0,0.04,0.03,0.06,80.0,9122.0,0.5390671093750001,False,PUT,2026-03-20,F
F260320P00011000,11.0,0.07,0.06,0.07,122.0,21715.0,0.45313046875,False,PUT,2026-03-20,F
F260320P00011850,11.85,0.12,0.11,0.12,4.0,13842.0,0.39649041015625003,False,PUT,2026-03-20,F
F260320P00012000,12.0,0.13,0.13,0.14,10.0,15746.0,0.39453730468750003,False,PUT,2026-03-20,F
F260320P00013000,13.0,0.32,0.3,0.32,304.0,24580.0,0.35938140625,False,PUT,2026-03-20,F
F260320P00014000,14.0,0.72,0.67,0.72,155.0,10239.0,0.35352208984374994,False,PUT,2026-03-20,F
F260320P00014850,14.85,1.35,1.19,1.29,38.0,437.0,0.38086556640624997,True,PUT,2026-03-20,F
F260320P00015000,15.0,1.39,1.3,1.41,8.0,172.0,0.389654541015625,True,PUT,2026-03-20,F
F260320P00016000,16.0,2.33,2.05,2.59,1.0,296.0,0.6250037500000001,True,PUT,2026-03-20,F
F260320P00016850,16.85,3.11,2.53,3.7,63.0,83.0,0.5361374511718751,True,PUT,2026-03-20,F
F260320P00017000,17.0,3.54,2.65,3.25,1.0,73.0,0.5410202148437502,True,PUT,2026-03-20,F
F260320P00018000,18.0,4.05,3.55,4.85,1.0,1.0,0.5976602734375001,True,PUT,2026-03-20,F
F260618C00010000,10.0,3.97,3.8,4.2,3.0,7493.0,0.43555251953125,True,CALL,2026-06-18,F
F260618C00011000,11.0,3.08,2.95,3.25,25.0,896.0,0.36914693359375,True,CALL,2026-06-18,F
F260618C00012000,12.0,2.22,2.2,2.41,2.0,14360.0,0.34278000976562495,True,CALL,2026-06-18,F
F260618C00013000,13.0,1.64,1.59,1.69,79.0,11218.0,0.32617861328125,True,CALL,2026-06-18,F
F260618C00014000,14.0,1.11,1.07,1.11,890.0,22371.0,0.3139717041015625,True,CALL,2026-06-18,F
F260618C00015000,15.0,0.68,0.66,0.68,787.0,23412.0,0.3042061767578125,False,CALL,2026-06-18,F
F260618C00016000,16.0,0.4,0.39,0.42,612.0,12589.0,0.30762411132812495,False,CALL,2026-06-18,F
F260618C00017000,17.0,0.23,0.21,0.24,163.0,12552.0,0.305671005859375,False,CALL,2026-06-18,F
F260618C00018000,18.0,0.15,0.14,0.15,4.0,2992.0,0.31445998046874996,False,CALL,2026-06-18,F
F260618P00010000,10.0,0.14,0.14,0.15,51.0,37324.0,0.42774009765625004,False,PUT,2026-06-18,F
F260618P00011000,11.0,0.25,0.23,0.27,51.0,8294.0,0.4023497265625,False,PUT,2026-06-18,F
F260618P00012000,12.0,0.41,0.41,0.43,164.0,20477.0,0.367193828125,False,PUT,2026-06-18,F
F260618P00013000,13.0,0.7,0.68,0.7,16.0,12791.0,0.34278000976562495,False,PUT,2026-06-18,F
F260618P00014000,14.0,1.13,1.12,1.15,14.0,3716.0,0.33740896972656254,False,PUT,2026-06-18,F
F260618P00015000,15.0,1.81,1.64,1.87,9.0,1384.0,0.372076591796875,True,PUT,2026-06-18,F
F260618P00016000,16.0,2.61,2.41,2.6,27.0,63.0,0.379889013671875,True,PUT,2026-06-18,F
F260618P00017000,17.0,3.4,3.2,3.5,2.0,135.0,0.4194393994140625,True,PUT,2026-06-18,F
F260618P00018000,18.0,3.91,3.55,5.05,4.0,5.0,0.6640658593750002,True,PUT,2026-06-18,F
F260918C00010000,10.0,4.08,3.95,4.25,2.0,822.0,0.36817038085937503,True,CALL,2026-09-18,F
F260918C00011000,11.0,3.25,3.1,3.6,10.0,30.0,0.41992767578125,True,CALL,2026-09-18,F
F260918C00012000,12.0,2.57,2.54,2.63,43.0,6064.0,0.33399103515625,True,CALL,2026-09-18,F
F260918C00013000,13.0,1.8,1.73,1.97,2.0,2059.0,0.3237372314453124,True,CALL,2026-09-18,F
F260918C00014000,14.0,1.41,1.36,1.42,458.0,1041.0,0.31445998046874996,True,CALL,2026-09-18,F
F260918C00015000,15.0,0.98,0.94,1.0,123.0,8750.0,0.3100654931640625,False,CALL,2026-09-18,F
F260918C00016000,16.0,0.65,0.61,0.69,179.0,796.0,0.30762411132812495,False,CALL,2026-09-18,F
F260918C00017000,17.0,0.44,0.41,0.49,337.0,6418.0,0.3129951513671875,False,CALL,2026-09-18,F
F260918C00018000,18.0,0.3,0.25,0.33,4.0,266.0,0.31201859863281245,False,CALL,2026-09-18,F
F260918P00010000,10.0,0.28,0.25,0.3,203.0,22973.0,0.4101621484375,False,PUT,2026-09-18,F
F260918P00011000,11.0,0.42,0.39,0.46,2.0,297.0,0.3842835009765625,False,PUT,2026-09-18,F
F260918P00012000,12.0,0.68,0.63,0.67,25.0,20617.0,0.35596347167968745,False,PUT,2026-09-18,F
F260918P00013000,13.0,1.05,0.96,1.08,3.0,1063.0,0.35938140625,False,PUT,2026-09-18,F
F260918P00014000,14.0,1.7,1.4,1.55,3.0,878.0,0.35205726074218746,False,PUT,2026-09-18,F
F260918P00015000,15.0,2.05,1.98,2.11,6.0,1409.0,0.34278000976562495,True,PUT,2026-09-18,F
F260918P00016000,16.0,3.05,2.66,2.79,12.0,21.0,0.3403386279296875,True,PUT,2026-09-18,F
F260918P00017000,17.0,3.52,3.4,3.6,1.0,4.0,0.35156898437499995,True,PUT,2026-09-18,F
F261218C00009850,9.85,4.25,4.15,5.0,3.0,2025.0,0.5307664111328125,True,CALL,2026-12-18,F
F261218C00010000,10.0,1.31,1.22,1.38,16.0,1665.0,1.0000000000000003e-05,True,CALL,2026-12-18,F
F261218C00011670,11.67,2.95,2.81,3.05,36.0,12132.0,0.3325262060546875,True,CALL,2026-12-18,F
F261218C00011820,11.82,0.84,0.81,0.86,81.0,9105.0,1.0000000000000003e-05,True,CALL,2026-12-18,F
F261218C00012000,12.0,2.85,0.0,0.0,2.0,847.0,1.0000000000000003e-05,True,CALL,2026-12-18,F
F261218C00014670,14.67,1.29,1.29,1.4,61.0,18732.0,0.31592480957031244,False,CALL,2026-12-18,F
F261218C00014820,14.82,0.4,0.32,0.49,5.0,6146.0,0.1518639501953125,False,CALL,2026-12-18,F
F261218C00014850,14.85,1.22,1.27,1.34,20.0,11785.0,0.317389638671875,False,CALL,2026-12-18,F
F261218C00015000,15.0,0.4,0.38,0.41,20.0,11955.0,0.1469811865234375,False,CALL,2026-12-18,F
F261218C00016670,16.67,0.75,0.73,0.79,83.0,10552.0,0.3154365332031249,False,CALL,2026-12-18,F
F261218C00016820,16.82,0.3,0.26,0.38,5.0,8808.0,0.231452998046875,False,CALL,2026-12-18,F
F261218C00017000,17.0,1.24,0.0,0.0,1472.0,1904.0,0.062509375,False,CALL,2026-12-18,F
F261218P00009850,9.85,0.41,0.38,0.45,50.0,9929.0,0.4145566357421875,False,PUT,2026-12-18,F
F261218P00010000,10.0,2.15,1.81,2.17,85.0,8092.0,0.8393570751953124,False,PUT,2026-12-18,F
F261218P00011670,11.67,0.8,0.77,0.85,5.0,26289.0,0.37354142089843745,False,PUT,2026-12-18,F
F261218P00011820,11.82,3.5,2.62,3.4,1.0,23457.0,0.8520522607421875,False,PUT,2026-12-18,F
F261218P00012000,12.0,2.03,0.0,0.0,15.0,638.0,0.062509375,False,PUT,2026-12-18,F
F261218P00014670,14.67,2.16,2.04,2.17,3.0,876.0,0.34180345703125,True,PUT,2026-12-18,F
F261218P00014820,14.82,6.0,5.4,5.85,1.0,313.0,0.9992675854492188,True,PUT,2026-12-18,F
F261218P00014850,14.85,2.4,2.15,2.28,2.0,186.0,0.3413151806640625,True,PUT,2026-12-18,F
F261218P00015000,15.0,5.35,5.3,6.0,1.0,186.0,0.9785158398437501,True,PUT,2026-12-18,F
F261218P00016670,16.67,3.8,3.4,3.5,4.0,107.0,0.3315496533203125,True,PUT,2026-12-18,F
F261218P00016820,16.82,7.58,5.65,8.0,3.0,86.0,0.9504399487304687,True,PUT,2026-12-18,F
F261218P00017000,17.0,5.45,0.0,0.0,1.0,24.0,1.0000000000000003e-05,True,PUT,2026-12-18,F
F270115C00009850,9.85,4.4,4.25,4.5,1.0,15536.0,0.34961587890624996,True,CALL,2027-01-15,F
F270115C00010000,10.0,1.38,1.35,1.4,115.0,11545.0,1.0000000000000003e-05,True,CALL,2027-01-15,F
F270115C00011850,11.85,2.95,2.9,2.98,253.0,15921.0,0.33008482421874996,True,CALL,2027-01-15,F
F270115C00012000,12.0,0.82,0.8,0.83,176.0,6914.0,1.0000000000000003e-05,True,CALL,2027-01-15,F
F270115C00014850,14.85,1.35,1.35,1.41,261.0,46768.0,0.317389638671875,False,CALL,2027-01-15,F
F270115C00015000,15.0,0.42,0.4,0.45,316.0,17186.0,0.1489342919921875,False,CALL,2027-01-15,F
F270115C00016850,16.85,0.77,0.76,0.8,187.0,11749.0,0.3129951513671875,False,CALL,2027-01-15,F
F270115C00017000,17.0,0.24,0.25,0.35,197.0,1965.0,0.22168747070312497,False,CALL,2027-01-15,F
F270115P00009850,9.85,0.44,0.4,0.48,1.0,33285.0,0.40772076660156253,False,PUT,2027-01-15,F
F270115P00010000,10.0,2.06,1.86,2.19,52.0,14628.0,0.8139667041015625,False,PUT,2027-01-15,F
F270115P00011850,11.85,0.92,0.87,0.93,76.0,29596.0,0.36133451171875,False,PUT,2027-01-15,F
F270115P00012000,12.0,3.6,2.93,3.55,2.0,2872.0,0.8447281152343749,False,PUT,2027-01-15,F
F270115P00014850,14.85,2.32,2.2,2.33,3.0,9825.0,0.33667655517578127,True,PUT,2027-01-15,F
F270115P00015000,15.0,6.1,4.95,6.3,1.0,153.0,0.9338385522460937,True,PUT,2027-01-15,F
F270115P00016850,16.85,3.75,3.55,3.7,1.0,91.0,0.3303289624023437,True,PUT,2027-01-15,F
F270115P00017000,17.0,8.3,6.6,8.75,2.0,60.0,1.0473680444335938,True,PUT,2027-01-15,F
F270617C00010000,10.0,4.4,4.2,5.45,30.0,42.0,0.5483443603515626,True,CALL,2027-06-17,F
F270617C00012000,12.0,2.95,2.85,3.2,41.0,74.0,0.33350275878906255,True,CALL,2027-06-17,F
F270617C00015000,15.0,1.57,1.46,1.79,7.0,283.0,0.33081723876953123,False,CALL,2027-06-17,F
F270617C00017000,17.0,1.0,0.8,1.27,3.0,303.0,0.34326828613281246,False,CALL,2027-06-17,F
F270617P00010000,10.0,0.86,0.44,1.74,30.0,32.0,0.6186561572265626,False,PUT,2027-06-17,F
F270617P00012000,12.0,1.28,0.01,3.0,97.0,114.0,0.6618686157226563,False,PUT,2027-06-17,F
F270617P00015000,15.0,3.03,2.43,3.3,,2.0,0.414068359375,True,PUT,2027-06-17,F
F271217C00010000,10.0,4.1,3.8,4.8,2.0,3741.0,0.3442448388671875,True,CALL,2027-12-17,F
F271217C00012000,12.0,3.18,2.84,3.5,12.0,9915.0,0.3320379296875,True,CALL,2027-12-17,F
F271217C00015000,15.0,1.97,1.92,2.04,31.0,7534.0,0.31592480957031244,False,CALL,2027-12-17,F
F271217C00017000,17.0,1.34,1.1,1.4,31.0,4343.0,0.31153032226562494,False,CALL,2027-12-17,F
F271217P00010000,10.0,0.9,0.5,0.93,2.0,9086.0,0.37744763183593744,False,PUT,2027-12-17,F
F271217P00012000,12.0,1.55,1.42,1.61,51.0,6510.0,0.3544986425781249,False,PUT,2027-12-17,F
F271217P00015000,15.0,3.16,1.2,4.2,350.0,834.0,0.47363807617187503,True,PUT,2027-12-17,F
F271217P00017000,17.0,4.05,2.0,5.55,5.0,54.0,0.4670463452148438,True,PUT,2027-12-17,F
F280121C00010000,10.0,4.45,4.4,5.2,23.0,1081.0,0.41235939208984373,True,CALL,2028-01-21,F
F280121C00012000,12.0,3.45,2.97,3.5,106.0,6057.0,0.3237372314453124,True,CALL,2028-01-21,F
F280121C00015000,15.0,1.99,1.95,2.04,19.0,7956.0,0.30811238769531246,False,CALL,2028-01-21,F
F280121C00017000,17.0,1.39,1.22,1.55,5.0,1240.0,0.3232489550781249,False,CALL,2028-01-21,F
F280121P00010000,10.0,0.97,0.7,0.95,13.0,533.0,0.372076591796875,False,PUT,2028-01-21,F
F280121P00012000,12.0,1.62,1.55,1.62,2.0,2198.0,0.34717449707031245,False,PUT,2028-01-21,F
F280121P00015000,15.0,3.11,1.2,3.75,1.0,4449.0,0.40381455566406255,True,PUT,2028-01-21,F
F280121P00017000,17.0,4.57,2.45,4.55,10.0,84.0,0.32813171874999997,True,PUT,2028-01-21,F
FCX260130C00046000,46.0,17.0,18.2,20.35,1.0,24.0,3.3632828417968748,True,CALL,2026-01-30,FCX
FCX260130C00047000,47.0,18.22,17.2,18.85,1.0,70.0,2.746096884765625,True,CALL,2026-01-30,FCX
FCX260130C00048000,48.0,17.32,16.2,17.75,3.0,51.0,2.49219126953125,True,CALL,2026-01-30,FCX
FCX260130C00049000,49.0,16.22,15.25,16.75,5.0,174.0,2.4023477441406245,True,CALL,2026-01-30,FCX
FCX260130C00050000,50.0,15.1,14.3,15.5,8.0,233.0,2.0351611621093753,True,CALL,2026-01-30,FCX
FCX260130C00051000,51.0,13.83,13.4,14.5,5.0,181.0,2.019536201171875,True,CALL,2026-01-30,FCX
FCX260130C00052000,52.0,13.2,12.0,13.7,23.0,271.0,1.640626796875,True,CALL,2026-01-30,FCX
FCX260130C00053000,53.0,11.0,11.2,12.6,1.0,82.0,1.6484392578125,True,CALL,2026-01-30,FCX
FCX260130C00054000,54.0,11.05,10.05,11.5,11.0,186.0,1.125004375,True,CALL,2026-01-30,FCX
FCX260130C00055000,55.0,10.15,9.7,10.55,46.0,566.0,1.7402356738281248,True,CALL,2026-01-30,FCX
FCX260130C00056000,56.0,9.0,8.65,9.75,8.0,336.0,1.681642216796875,True,CALL,2026-01-30,FCX
FCX260130C00057000,57.0,8.05,7.6,8.75,4.0,672.0,1.505861845703125,True,CALL,2026-01-30,FCX
FCX260130C00058000,58.0,7.15,6.85,7.45,32.0,617.0,1.3320345898437496,True,CALL,2026-01-30,FCX
FCX260130C00059000,59.0,6.57,5.45,6.6,444.0,1083.0,1.0546922265625,True,CALL,2026-01-30,FCX
FCX260130C00060000,60.0,5.4,4.85,5.3,146.0,4436.0,0.9648441015625,True,CALL,2026-01-30,FCX
FCX260130C00061000,61.0,4.5,3.7,4.5,82.0,1337.0,0.8388687988281249,True,CALL,2026-01-30,FCX
FCX260130C00062000,62.0,3.3,2.9,4.05,190.0,2579.0,0.946289599609375,True,CALL,2026-01-30,FCX
FCX260130C00063000,63.0,2.5,2.27,2.72,2107.0,5284.0,0.77148666015625,True,CALL,2026-01-30,FCX
FCX260130C00064000,64.0,1.82,1.42,1.86,563.0,2306.0,0.64648791015625,True,CALL,2026-01-30,FCX
FCX260130C00065000,65.0,1.14,0.85,1.26,2085.0,2112.0,0.6132851171875001,False,CALL,2026-01-30,FCX
FCX260130C00066000,66.0,0.7,0.54,0.85,974.0,2003.0,0.631839619140625,False,CALL,2026-01-30,FCX
FCX260130C00067000,67.0,0.43,0.35,0.48,521.0,682.0,0.629886513671875,False,CALL,2026-01-30,FCX
FCX260130C00068000,68.0,0.26,0.17,0.37,1562.0,1996.0,0.6611362011718751,False,CALL,2026-01-30,FCX
FCX260130C00069000,69.0,0.17,0.1,0.27,798.0,26.0,0.70117486328125,False,CALL,2026-01-30,FCX
FCX260130C00070000,70.0,0.1,0.08,0.16,3203.0,2281.0,0.72851833984375,False,CALL,2026-01-30,FCX
FCX260130C00071000,71.0,0.16,0.05,0.24,95.0,4.0,0.8632826171875,False,CALL,2026-01-30,FCX
FCX260130C00072000,72.0,0.09,0.01,0.15,40.0,116.0,0.8476577734374999,False,CALL,2026-01-30,FCX
FCX260130C00075000,75.0,0.01,0.0,0.2,1592.0,80.0,1.1484417578125,False,CALL,2026-01-30,FCX
FCX260130P00046000,46.0,0.14,0.0,0.08,5.0,86.0,2.0937547656249995,False,PUT,2026-01-30,FCX
FCX260130P00047000,47.0,0.03,0.0,0.03,2.0,122.0,1.75000125,False,PUT,2026-01-30,FCX
FCX260130P00048000,48.0,0.05,0.0,0.01,7.0,188.0,1.4375028125,False,PUT,2026-01-30,FCX
FCX260130P00049000,49.0,0.06,0.0,0.18,2.0,744.0,1.9765626171875001,False,PUT,2026-01-30,FCX
FCX260130P00050000,50.0,0.01,0.0,0.03,4.0,2041.0,1.4375028125,False,PUT,2026-01-30,FCX
FCX260130P00051000,51.0,0.01,0.0,0.17,1.0,146.0,1.71875140625,False,PUT,2026-01-30,FCX
FCX260130P00052000,52.0,0.05,0.0,0.02,10.0,463.0,1.1875040625,False,PUT,2026-01-30,FCX
FCX260130P00053000,53.0,0.02,0.0,0.02,182.0,1953.0,1.09375453125,False,PUT,2026-01-30,FCX
FCX260130P00054000,54.0,0.11,0.0,0.18,22.0,314.0,1.3750031249999999,False,PUT,2026-01-30,FCX
FCX260130P00055000,55.0,0.02,0.02,0.04,53.0,3387.0,1.0468797656250002,False,PUT,2026-01-30,FCX
FCX260130P00056000,56.0,0.02,0.02,0.09,8.0,693.0,1.0468797656250002,False,PUT,2026-01-30,FCX
FCX260130P00057000,57.0,0.03,0.03,0.05,74.0,1040.0,0.8906260937499999,False,PUT,2026-01-30,FCX
FCX260130P00058000,58.0,0.04,0.02,0.05,147.0,1230.0,0.7656273437500001,False,PUT,2026-01-30,FCX
FCX260130P00059000,59.0,0.07,0.02,0.05,66.0,3663.0,0.6640658593750002,False,PUT,2026-01-30,FCX
FCX260130P00060000,60.0,0.04,0.02,0.05,654.0,7328.0,0.5625043750000001,False,PUT,2026-01-30,FCX
FCX260130P00061000,61.0,0.08,0.03,0.18,152.0,4914.0,0.585941640625,False,PUT,2026-01-30,FCX
FCX260130P00062000,62.0,0.13,0.1,0.27,1814.0,5643.0,0.5468795312500001,False,PUT,2026-01-30,FCX
FCX260130P00063000,63.0,0.3,0.22,0.34,571.0,535.0,0.51758294921875,False,PUT,2026-01-30,FCX
FCX260130P00065000,65.0,1.04,0.82,1.13,862.0,7.0,0.5224657128906249,True,PUT,2026-01-30,FCX
FCX260130P00066000,66.0,1.42,1.42,1.86,1304.0,0.0,0.5839885351562499,True,PUT,2026-01-30,FCX
FCX260130P00067000,67.0,2.9,2.08,3.7,80.0,2.0,0.773439765625,True,PUT,2026-01-30,FCX
FCX260130P00068000,68.0,3.42,2.84,3.75,78.0,2.0,0.8359391406249999,True,PUT,2026-01-30,FCX
FCX260130P00072000,72.0,9.0,6.15,8.15,1.0,1.0,1.6601579492187502,True,PUT,2026-01-30,FCX
FCX260130P00075000,75.0,12.1,9.1,11.55,1.0,0.0,1.0859420703125,True,PUT,2026-01-30,FCX
FCX260130P00080000,80.0,18.15,13.4,16.75,1.0,0.0,3.036135222167969,True,PUT,2026-01-30,FCX
FCX260206C00046000,46.0,15.37,17.5,19.85,1.0,1.0,1.9492190039062502,True,CALL,2026-02-06,FCX
FCX260206C00047000,47.0,12.0,16.5,19.0,4.0,2.0,0.500005,True,CALL,2026-02-06,FCX
FCX260206C00048000,48.0,18.51,15.5,18.1,9.0,55.0,0.9062509375,True,CALL,2026-02-06,FCX
FCX260206C00049000,49.0,19.02,14.5,16.85,1.0,79.0,1.677735986328125,True,CALL,2026-02-06,FCX
FCX260206C00050000,50.0,15.15,14.45,16.2,5.0,46.0,1.3056675341796873,True,CALL,2026-02-06,FCX
FCX260206C00051000,51.0,15.73,12.55,14.85,1.0,87.0,1.5029321728515623,True,CALL,2026-02-06,FCX
FCX260206C00052000,52.0,16.63,11.65,13.8,5.0,122.0,1.3935577197265623,True,CALL,2026-02-06,FCX
FCX260206C00053000,53.0,11.7,10.55,12.6,1.0,70.0,1.2177773486328123,True,CALL,2026-02-06,FCX
FCX260206C00054000,54.0,11.4,10.9,11.9,48.0,200.0,1.0419969775390627,True,CALL,2026-02-06,FCX
FCX260206C00055000,55.0,10.43,9.5,10.85,22.0,248.0,0.84961087890625,True,CALL,2026-02-06,FCX
FCX260206C00056000,56.0,7.0,7.85,9.75,2.0,43.0,1.0380907470703127,True,CALL,2026-02-06,FCX
FCX260206C00057000,57.0,8.39,8.15,8.75,25.0,114.0,0.8359391406249999,True,CALL,2026-02-06,FCX
FCX260206C00058000,58.0,7.3,6.85,7.8,10.0,143.0,0.7070341796875,True,CALL,2026-02-06,FCX
FCX260206C00059000,59.0,6.55,5.9,6.9,13.0,231.0,0.6611362011718751,True,CALL,2026-02-06,FCX
FCX260206C00060000,60.0,5.37,5.25,5.95,405.0,1211.0,0.6538120556640626,True,CALL,2026-02-06,FCX
FCX260206C00061000,61.0,4.9,4.6,5.3,127.0,867.0,0.6772493212890626,True,CALL,2026-02-06,FCX
FCX260206C00062000,62.0,4.0,3.85,4.3,131.0,1798.0,0.6196327099609377,True,CALL,2026-02-06,FCX
FCX260206C00063000,63.0,3.4,3.2,3.55,325.0,893.0,0.5996133789062501,True,CALL,2026-02-06,FCX
FCX260206C00064000,64.0,2.74,2.76,3.05,440.0,1045.0,0.62305064453125,True,CALL,2026-02-06,FCX
FCX260206C00065000,65.0,2.36,2.22,2.54,1575.0,2402.0,0.6162147753906251,False,CALL,2026-02-06,FCX
FCX260206C00066000,66.0,1.88,1.79,2.04,698.0,684.0,0.6084023535156251,False,CALL,2026-02-06,FCX
FCX260206C00067000,67.0,1.47,1.43,1.56,602.0,522.0,0.59570716796875,False,CALL,2026-02-06,FCX
FCX260206C00068000,68.0,1.17,1.06,1.31,1365.0,229.0,0.5961954443359375,False,CALL,2026-02-06,FCX
FCX260206C00069000,69.0,1.08,0.89,1.05,146.0,16.0,0.6093789062500001,False,CALL,2026-02-06,FCX
FCX260206C00070000,70.0,0.81,0.7,0.86,1089.0,274.0,0.6181678808593751,False,CALL,2026-02-06,FCX
FCX260206C00072000,72.0,0.53,0.4,0.54,90.0,33.0,0.622074091796875,False,CALL,2026-02-06,FCX
FCX260206C00075000,75.0,0.27,0.14,0.31,95.0,91.0,0.64062859375,False,CALL,2026-02-06,FCX
FCX260206C00080000,80.0,0.16,0.1,0.27,1295.0,19.0,0.8125018749999999,False,CALL,2026-02-06,FCX
FCX260206P00046000,46.0,0.26,0.0,0.06,4.0,5.0,0.945313046875,False,PUT,2026-02-06,FCX
FCX260206P00047000,47.0,0.19,0.0,1.87,43.0,71.0,1.7666027294921873,False,PUT,2026-02-06,FCX
FCX260206P00048000,48.0,0.05,0.0,0.92,10.0,72.0,1.3808624707031247,False,PUT,2026-02-06,FCX
FCX260206P00049000,49.0,0.04,0.0,0.09,5.0,533.0,0.8359391406249999,False,PUT,2026-02-06,FCX
FCX260206P00050000,50.0,0.07,0.0,0.47,55.0,303.0,1.05078599609375,False,PUT,2026-02-06,FCX
FCX260206P00051000,51.0,0.05,0.0,1.17,3.0,211.0,1.2353553857421873,False,PUT,2026-02-06,FCX
FCX260206P00052000,52.0,0.05,0.0,1.17,9.0,209.0,1.1591838916015624,False,PUT,2026-02-06,FCX
FCX260206P00053000,53.0,0.05,0.01,0.81,1.0,117.0,0.9804689453125001,False,PUT,2026-02-06,FCX
FCX260206P00054000,54.0,0.09,0.03,0.39,16.0,548.0,0.77148666015625,False,PUT,2026-02-06,FCX
FCX260206P00055000,55.0,0.1,0.07,0.19,118.0,309.0,0.63867548828125,False,PUT,2026-02-06,FCX
FCX260206P00056000,56.0,0.11,0.0,0.22,1.0,2307.0,0.56055126953125,False,PUT,2026-02-06,FCX
FCX260206P00057000,57.0,0.21,0.14,0.23,112.0,311.0,0.567387138671875,False,PUT,2026-02-06,FCX
FCX260206P00058000,58.0,0.24,0.18,0.29,226.0,366.0,0.5390671093750001,False,PUT,2026-02-06,FCX
FCX260206P00059000,59.0,0.34,0.3,0.38,509.0,545.0,0.5293015820312501,False,PUT,2026-02-06,FCX
FCX260206P00060000,60.0,0.54,0.4,0.6,138.0,450.0,0.5273484765625001,False,PUT,2026-02-06,FCX
FCX260206P00061000,61.0,0.7,0.6,0.8,136.0,496.0,0.5214891601562499,False,PUT,2026-02-06,FCX
FCX260206P00062000,62.0,1.01,0.84,1.0,154.0,270.0,0.5043994873046875,False,PUT,2026-02-06,FCX
FCX260206P00063000,63.0,1.15,1.15,1.32,386.0,274.0,0.5195360546875,False,PUT,2026-02-06,FCX
FCX260206P00064000,64.0,1.55,1.56,1.78,1418.0,14.0,0.5019581054687501,False,PUT,2026-02-06,FCX
FCX260206P00065000,65.0,2.12,1.94,2.3,400.0,21.0,0.5346726220703125,True,PUT,2026-02-06,FCX
FCX260206P00066000,66.0,2.97,2.62,2.84,104.0,3.0,0.5268602001953125,True,PUT,2026-02-06,FCX
FCX260213C00046000,46.0,10.7,17.55,20.0,1.0,3.0,0.6953155468750001,True,CALL,2026-02-13,FCX
FCX260213C00047000,47.0,12.35,16.6,19.6,3.0,5.0,1.0244189404296877,True,CALL,2026-02-13,FCX
FCX260213C00048000,48.0,14.36,15.6,18.65,1.0,9.0,0.9853517089843751,True,CALL,2026-02-13,FCX
FCX260213C00050000,50.0,14.4,14.65,15.8,4.0,36.0,0.930664755859375,True,CALL,2026-02-13,FCX
FCX260213C00051000,51.0,9.08,12.75,15.05,10.0,29.0,0.6728548339843752,True,CALL,2026-02-13,FCX
FCX260213C00052000,52.0,13.12,12.25,14.2,15.0,26.0,0.8203142968749999,True,CALL,2026-02-13,FCX
FCX260213C00053000,53.0,12.45,11.3,13.0,3.0,31.0,0.7304714453125,True,CALL,2026-02-13,FCX
FCX260213C00054000,54.0,13.4,10.05,12.0,1.0,53.0,0.6162147753906251,True,CALL,2026-02-13,FCX
FCX260213C00055000,55.0,10.33,9.75,10.85,4.0,173.0,0.6875031250000001,True,CALL,2026-02-13,FCX
FCX260213C00056000,56.0,7.09,7.85,10.15,2.0,70.0,0.50586431640625,True,CALL,2026-02-13,FCX
FCX260213C00057000,57.0,7.82,7.85,9.05,2.0,37.0,0.6269568554687501,True,CALL,2026-02-13,FCX
FCX260213C00058000,58.0,6.95,7.1,8.05,56.0,112.0,0.6054726953125001,True,CALL,2026-02-13,FCX
FCX260213C00059000,59.0,6.64,6.15,7.25,11.0,133.0,0.57812921875,True,CALL,2026-02-13,FCX
FCX260213C00060000,60.0,5.93,5.6,6.45,22.0,220.0,0.5927775097656252,True,CALL,2026-02-13,FCX
FCX260213C00061000,61.0,5.15,5.0,5.6,8.0,111.0,0.5844768115234374,True,CALL,2026-02-13,FCX
FCX260213C00062000,62.0,3.86,4.45,5.0,25.0,150.0,0.5976602734375001,True,CALL,2026-02-13,FCX
FCX260213C00063000,63.0,3.72,3.85,4.35,94.0,834.0,0.5903361279296876,True,CALL,2026-02-13,FCX
FCX260213C00064000,64.0,3.48,3.3,3.75,94.0,108.0,0.5835002587890624,True,CALL,2026-02-13,FCX
FCX260213C00065000,65.0,3.15,2.78,3.25,692.0,2022.0,0.5795940478515625,False,CALL,2026-02-13,FCX
FCX260213C00066000,66.0,2.61,2.4,2.74,521.0,77.0,0.57812921875,False,CALL,2026-02-13,FCX
FCX260213C00067000,67.0,2.0,2.0,2.35,75.0,28.0,0.577152666015625,False,CALL,2026-02-13,FCX
FCX260213C00068000,68.0,1.98,1.7,1.99,135.0,58.0,0.5795940478515625,False,CALL,2026-02-13,FCX
FCX260213C00069000,69.0,1.82,1.24,1.69,11.0,704.0,0.5632367895507813,False,CALL,2026-02-13,FCX
FCX260213C00070000,70.0,1.36,1.22,1.45,606.0,344.0,0.5908244042968751,False,CALL,2026-02-13,FCX
FCX260213C00072000,72.0,1.0,0.72,1.15,238.0,71.0,0.5961954443359375,False,CALL,2026-02-13,FCX
FCX260213C00075000,75.0,0.65,0.45,0.73,69.0,190.0,0.62305064453125,False,CALL,2026-02-13,FCX
FCX260213P00046000,46.0,0.3,0.0,2.16,2.0,39.0,1.4541042919921874,False,PUT,2026-02-13,FCX
FCX260213P00047000,47.0,0.21,0.0,2.17,49.0,47.0,1.3872100952148436,False,PUT,2026-02-13,FCX
FCX260213P00048000,48.0,0.07,0.0,2.17,3.0,40.0,1.3193393408203122,False,PUT,2026-02-13,FCX
FCX260213P00049000,49.0,0.07,0.01,0.11,7.0,38.0,0.6562534375000001,False,PUT,2026-02-13,FCX
FCX260213P00050000,50.0,0.01,0.0,0.12,13.0,609.0,0.6132851171875001,False,PUT,2026-02-13,FCX
FCX260213P00051000,51.0,0.24,0.02,0.48,15.0,121.0,0.7480493945312501,False,PUT,2026-02-13,FCX
FCX260213P00052000,52.0,0.28,0.0,0.98,10.0,86.0,0.8271501660156249,False,PUT,2026-02-13,FCX
FCX260213P00053000,53.0,0.29,0.05,0.53,5.0,175.0,0.6738313867187502,False,PUT,2026-02-13,FCX
FCX260213P00054000,54.0,0.31,0.05,0.5,3.0,112.0,0.6162147753906251,False,PUT,2026-02-13,FCX
FCX260213P00055000,55.0,0.27,0.15,0.33,11.0,205.0,0.5488326367187502,False,PUT,2026-02-13,FCX
FCX260213P00056000,56.0,0.46,0.28,0.67,3.0,134.0,0.6044961425781252,False,PUT,2026-02-13,FCX
FCX260213P00057000,57.0,0.56,0.33,0.7,22.0,87.0,0.5654340332031251,False,PUT,2026-02-13,FCX
FCX260213P00058000,58.0,0.42,0.46,0.75,19.0,102.0,0.5395553857421876,False,PUT,2026-02-13,FCX
FCX260213P00059000,59.0,0.71,0.58,0.9,5.0,83.0,0.5214891601562499,False,PUT,2026-02-13,FCX
FCX260213P00060000,60.0,1.2,0.8,1.2,113.0,153.0,0.5273484765625001,False,PUT,2026-02-13,FCX
FCX260213P00061000,61.0,1.33,1.03,1.41,10.0,38.0,0.5127001855468749,False,PUT,2026-02-13,FCX
FCX260213P00062000,62.0,0.57,1.33,1.6,3.0,26.0,0.5217332983398437,False,PUT,2026-02-13,FCX
FCX260213P00063000,63.0,1.97,1.68,2.18,11.0,10.0,0.5092822509765625,False,PUT,2026-02-13,FCX
FCX260213P00064000,64.0,2.51,2.1,2.64,101.0,17.0,0.507817421875,False,PUT,2026-02-13,FCX
FCX260213P00065000,65.0,2.81,2.54,3.0,18.0,3.0,0.5305222729492188,True,PUT,2026-02-13,FCX
FCX260213P00070000,70.0,11.6,5.85,6.4,,35.0,0.5498091894531252,True,PUT,2026-02-13,FCX
FCX260220C00046000,46.0,19.19,18.3,19.75,3.0,823.0,0.8544936425781251,True,CALL,2026-02-20,FCX
FCX260220C00047000,47.0,16.49,17.3,18.9,8.0,1147.0,0.8544936425781251,True,CALL,2026-02-20,FCX
FCX260220C00048000,48.0,17.24,17.1,17.65,2.0,1232.0,0.9350592431640624,True,CALL,2026-02-20,FCX
FCX260220C00049000,49.0,15.34,15.25,17.0,6.0,1093.0,0.7763694238281251,True,CALL,2026-02-20,FCX
FCX260220C00050000,50.0,15.45,14.4,15.65,116.0,7778.0,0.6796907031250001,True,CALL,2026-02-20,FCX
FCX260220C00052000,52.0,11.22,12.5,14.1,1.0,2.0,0.7124052197265626,True,CALL,2026-02-20,FCX
FCX260220C00053000,53.0,10.26,11.2,13.3,2.0,3.0,0.647464462890625,True,CALL,2026-02-20,FCX
FCX260220C00054000,54.0,9.2,10.5,12.15,2.0,3.0,0.6279334082031252,True,CALL,2026-02-20,FCX
FCX260220C00055000,55.0,11.04,9.95,10.9,175.0,11362.0,0.6113320117187502,True,CALL,2026-02-20,FCX
FCX260220C00056000,56.0,9.81,8.95,10.3,17.0,293.0,0.6176796044921876,True,CALL,2026-02-20,FCX
FCX260220C00057000,57.0,8.0,8.35,9.45,18.0,132.0,0.6323278955078125,True,CALL,2026-02-20,FCX
FCX260220C00058000,58.0,7.15,7.25,8.35,8.0,136.0,0.5566450585937501,True,CALL,2026-02-20,FCX
FCX260220C00059000,59.0,6.95,6.85,7.45,287.0,879.0,0.5754436987304687,True,CALL,2026-02-20,FCX
FCX260220C00060000,60.0,6.37,6.25,6.75,784.0,19187.0,0.5839885351562499,True,CALL,2026-02-20,FCX
FCX260220C00061000,61.0,5.87,5.55,6.1,297.0,1170.0,0.5800823242187501,True,CALL,2026-02-20,FCX
FCX260220C00062000,62.0,5.15,4.95,5.35,867.0,765.0,0.569340244140625,True,CALL,2026-02-20,FCX
FCX260220C00063000,63.0,4.53,4.5,4.75,3042.0,2517.0,0.5764202514648438,True,CALL,2026-02-20,FCX
FCX260220C00064000,64.0,4.15,3.95,4.15,1125.0,4378.0,0.5686078295898438,True,CALL,2026-02-20,FCX
FCX260220C00065000,65.0,3.53,3.45,3.6,2801.0,15260.0,0.5620160986328125,False,CALL,2026-02-20,FCX
FCX260220C00066000,66.0,3.1,3.0,3.2,604.0,383.0,0.5642133422851563,False,CALL,2026-02-20,FCX
FCX260220C00067000,67.0,2.67,2.64,2.77,368.0,1062.0,0.5647016186523439,False,CALL,2026-02-20,FCX
FCX260220C00068000,68.0,2.3,2.25,2.34,873.0,286.0,0.5564009204101563,False,CALL,2026-02-20,FCX
FCX260220C00069000,69.0,2.02,1.92,2.13,225.0,2113.0,0.5644574804687501,False,CALL,2026-02-20,FCX
FCX260220C00070000,70.0,1.8,1.7,1.8,4497.0,6565.0,0.5659223095703125,False,CALL,2026-02-20,FCX
FCX260220C00071000,71.0,1.55,1.45,1.64,315.0,4563.0,0.5744671459960937,False,CALL,2026-02-20,FCX
FCX260220C00075000,75.0,0.81,0.81,0.93,838.0,1412.0,0.5898478515625001,False,CALL,2026-02-20,FCX
FCX260220C00080000,80.0,0.47,0.42,0.5,276.0,1121.0,0.624027197265625,False,CALL,2026-02-20,FCX
FCX260220P00046000,46.0,0.1,0.03,0.17,1.0,1154.0,0.7070341796875,False,PUT,2026-02-20,FCX
FCX260220P00047000,47.0,0.1,0.05,0.1,1.0,1151.0,0.63867548828125,False,PUT,2026-02-20,FCX
FCX260220P00048000,48.0,0.16,0.05,0.3,2.0,11834.0,0.6982452050781252,False,PUT,2026-02-20,FCX
FCX260220P00049000,49.0,0.15,0.05,0.45,1.0,1027.0,0.708010732421875,False,PUT,2026-02-20,FCX
FCX260220P00050000,50.0,0.1,0.09,0.16,44.0,26011.0,0.5800823242187501,False,PUT,2026-02-20,FCX
FCX260220P00051000,51.0,0.23,0.0,0.44,36.0,66.0,0.6074258007812501,False,PUT,2026-02-20,FCX
FCX260220P00052000,52.0,0.17,0.03,0.29,9.0,358.0,0.5302781347656251,False,PUT,2026-02-20,FCX
FCX260220P00053000,53.0,0.23,0.1,0.51,6.0,257.0,0.569340244140625,False,PUT,2026-02-20,FCX
FCX260220P00054000,54.0,0.34,0.2,0.37,68.0,1072.0,0.5185595019531251,False,PUT,2026-02-20,FCX
FCX260220P00055000,55.0,0.34,0.27,0.39,1094.0,16683.0,0.5185595019531251,False,PUT,2026-02-20,FCX
FCX260220P00056000,56.0,0.51,0.38,0.61,119.0,704.0,0.5102588037109376,False,PUT,2026-02-20,FCX
FCX260220P00057000,57.0,0.65,0.46,0.65,136.0,784.0,0.5092822509765625,False,PUT,2026-02-20,FCX
FCX260220P00058000,58.0,0.92,0.66,0.92,332.0,615.0,0.5273484765625001,False,PUT,2026-02-20,FCX
FCX260220P00059000,59.0,1.05,0.9,1.07,113.0,617.0,0.507817421875,False,PUT,2026-02-20,FCX
FCX260220P00060000,60.0,1.21,1.17,1.36,444.0,7411.0,0.5109912182617188,False,PUT,2026-02-20,FCX
FCX260220P00061000,61.0,1.54,1.5,1.73,43.0,360.0,0.5195360546875,False,PUT,2026-02-20,FCX
FCX260220P00062000,62.0,1.86,1.82,2.03,40.0,213.0,0.507817421875,False,PUT,2026-02-20,FCX
FCX260220P00063000,63.0,2.21,2.21,2.46,43.0,307.0,0.5102588037109376,False,PUT,2026-02-20,FCX
FCX260220P00064000,64.0,2.95,2.66,2.97,214.0,117.0,0.5170946728515625,False,PUT,2026-02-20,FCX
FCX260220P00065000,65.0,3.15,3.15,3.4,219.0,273.0,0.5041553491210937,True,PUT,2026-02-20,FCX
FCX260220P00070000,70.0,7.42,6.15,7.05,5.0,2.0,0.5747112841796875,True,PUT,2026-02-20,FCX
FCX260227C00046000,46.0,12.6,17.25,21.2,1.0,0.0,0.8466812207031249,True,CALL,2026-02-27,FCX
FCX260227C00048000,48.0,10.55,15.7,19.0,1.0,1.0,0.8095722167968749,True,CALL,2026-02-27,FCX
FCX260227C00049000,49.0,14.9,14.75,17.15,1.0,1.0,0.5918009570312501,True,CALL,2026-02-27,FCX
FCX260227C00050000,50.0,13.8,13.8,16.2,6.0,20.0,0.5830119824218749,True,CALL,2026-02-27,FCX
FCX260227C00051000,51.0,9.17,12.85,15.35,3.0,1.0,0.5908244042968751,True,CALL,2026-02-27,FCX
FCX260227C00052000,52.0,8.6,11.9,14.2,3.0,2.0,0.5327195166015625,True,CALL,2026-02-27,FCX
FCX260227C00053000,53.0,8.35,10.95,13.35,7.0,4.0,0.5336960693359375,True,CALL,2026-02-27,FCX
FCX260227C00054000,54.0,11.82,11.4,12.55,1.0,30.0,0.7104521142578125,True,CALL,2026-02-27,FCX
FCX260227C00055000,55.0,13.5,9.75,11.4,2.0,144.0,0.5727581787109376,True,CALL,2026-02-27,FCX
FCX260227C00056000,56.0,9.87,9.3,10.45,19.0,10.0,0.5949747534179688,True,CALL,2026-02-27,FCX
FCX260227C00057000,57.0,9.03,8.55,9.5,16.0,24.0,0.57812921875,True,CALL,2026-02-27,FCX
FCX260227C00058000,58.0,8.03,7.45,8.7,15.0,88.0,0.5395553857421876,True,CALL,2026-02-27,FCX
FCX260227C00059000,59.0,8.72,6.85,7.95,1.0,62.0,0.5468795312500001,True,CALL,2026-02-27,FCX
FCX260227C00060000,60.0,6.78,6.55,7.15,79.0,538.0,0.5668988623046876,True,CALL,2026-02-27,FCX
FCX260227C00061000,61.0,6.03,5.95,6.6,60.0,81.0,0.5754436987304687,True,CALL,2026-02-27,FCX
FCX260227C00062000,62.0,5.65,5.4,5.75,54.0,92.0,0.5598188549804688,True,CALL,2026-02-27,FCX
FCX260227C00063000,63.0,4.98,4.8,5.15,139.0,101.0,0.5534712622070312,True,CALL,2026-02-27,FCX
FCX260227C00064000,64.0,4.05,4.25,4.7,259.0,126.0,0.5559126440429689,True,CALL,2026-02-27,FCX
FCX260227C00065000,65.0,3.88,3.65,4.2,93.0,140.0,0.5461471166992189,False,CALL,2026-02-27,FCX
FCX260227C00067000,67.0,3.82,2.75,3.35,37.0,81.0,0.5415084912109377,False,CALL,2026-02-27,FCX
FCX260227C00068000,68.0,2.74,2.33,2.98,78.0,54.0,0.5373581420898439,False,CALL,2026-02-27,FCX
FCX260227C00069000,69.0,2.1,2.3,2.63,33.0,18.0,0.5573774731445313,False,CALL,2026-02-27,FCX
FCX260227C00070000,70.0,2.3,1.73,2.3,248.0,84.0,0.5351608984375,False,CALL,2026-02-27,FCX
FCX260227C00071000,71.0,2.24,1.1,2.16,4.0,29.0,0.5163622583007812,False,CALL,2026-02-27,FCX
FCX260227C00072000,72.0,1.65,1.28,1.85,5.0,5.0,0.5432174584960938,False,CALL,2026-02-27,FCX
FCX260227C00075000,75.0,1.1,0.78,1.26,97.0,25.0,0.5463912548828126,False,CALL,2026-02-27,FCX
FCX260227P00046000,46.0,0.2,0.0,2.2,6.0,10.0,1.0678757543945316,False,PUT,2026-02-27,FCX
FCX260227P00047000,47.0,0.19,0.0,2.22,3.0,25.0,1.0205127099609377,False,PUT,2026-02-27,FCX
FCX260227P00048000,48.0,0.23,0.0,2.24,35.0,36.0,0.973633076171875,False,PUT,2026-02-27,FCX
FCX260227P00049000,49.0,0.26,0.0,2.23,1.0,37.0,0.9233406103515626,False,PUT,2026-02-27,FCX
FCX260227P00050000,50.0,0.2,0.01,0.3,10.0,21.0,0.5283250292968751,False,PUT,2026-02-27,FCX
FCX260227P00051000,51.0,0.22,0.0,0.84,1.0,74.0,0.6191444335937502,False,PUT,2026-02-27,FCX
FCX260227P00052000,52.0,0.24,0.07,0.61,10.0,63.0,0.5493209130859377,False,PUT,2026-02-27,FCX
FCX260227P00053000,53.0,0.37,0.15,0.55,2.0,186.0,0.51562984375,False,PUT,2026-02-27,FCX
FCX260227P00054000,54.0,0.54,0.28,0.73,10.0,202.0,0.5288133056640626,False,PUT,2026-02-27,FCX
FCX260227P00055000,55.0,0.61,0.3,0.89,18.0,106.0,0.514653291015625,False,PUT,2026-02-27,FCX
FCX260227P00056000,56.0,0.88,0.61,1.18,10.0,107.0,0.5454147021484376,False,PUT,2026-02-27,FCX
FCX260227P00057000,57.0,0.89,0.63,1.17,15.0,43.0,0.5019581054687501,False,PUT,2026-02-27,FCX
FCX260227P00058000,58.0,1.1,0.92,1.3,14.0,95.0,0.5349167602539062,False,PUT,2026-02-27,FCX
FCX260227P00059000,59.0,0.87,1.16,1.47,2.0,44.0,0.5161181201171875,False,PUT,2026-02-27,FCX
FCX260227P00060000,60.0,1.65,1.45,1.9,122.0,92.0,0.5354050366210938,False,PUT,2026-02-27,FCX
FCX260227P00061000,61.0,1.96,1.69,2.4,1.0,192.0,0.5034229345703125,False,PUT,2026-02-27,FCX
FCX260227P00062000,62.0,2.5,2.04,2.72,3.0,126.0,0.5446822875976562,False,PUT,2026-02-27,FCX
FCX260227P00063000,63.0,2.55,2.44,3.05,1.0,9.0,0.5293015820312501,False,PUT,2026-02-27,FCX
FCX260306C00051000,51.0,11.56,12.95,15.25,3.0,5.0,0.532231240234375,True,CALL,2026-03-06,FCX
FCX260306C00052000,52.0,11.65,12.0,14.35,4.0,5.0,0.523442265625,True,CALL,2026-03-06,FCX
FCX260306C00053000,53.0,11.72,11.1,13.45,1.0,2.0,0.51758294921875,True,CALL,2026-03-06,FCX
FCX260306C00055000,55.0,10.4,10.35,11.5,10.0,237.0,0.5874064697265625,True,CALL,2026-03-06,FCX
FCX260306C00056000,56.0,8.4,9.45,10.7,2.0,4.0,0.5725140405273439,True,CALL,2026-03-06,FCX
FCX260306C00057000,57.0,10.0,7.95,10.0,2.0,2.0,0.5117236328125,True,CALL,2026-03-06,FCX
FCX260306C00059000,59.0,5.25,6.6,8.5,1.0,22.0,0.5151415673828125,True,CALL,2026-03-06,FCX
FCX260306C00060000,60.0,8.25,6.75,7.6,2.0,32.0,0.5561567822265626,True,CALL,2026-03-06,FCX
FCX260306C00061000,61.0,8.5,6.25,6.95,4.0,30.0,0.561527822265625,True,CALL,2026-03-06,FCX
FCX260306C00062000,62.0,4.93,5.8,6.2,36.0,141.0,0.5588423022460938,True,CALL,2026-03-06,FCX
FCX260306C00064000,64.0,5.0,4.6,5.15,15.0,12.0,0.5498091894531252,True,CALL,2026-03-06,FCX
FCX260306C00067000,67.0,3.58,3.5,3.7,542.0,12.0,0.5551802294921876,False,CALL,2026-03-06,FCX
FCX260306C00070000,70.0,2.62,2.5,2.67,994.0,537.0,0.5566450585937501,False,CALL,2026-03-06,FCX
FCX260306C00072000,72.0,1.65,1.65,2.28,6.0,1.0,0.5461471166992189,False,CALL,2026-03-06,FCX
FCX260306P00050000,50.0,0.37,0.0,2.35,4.0,4.0,0.8017597949218749,False,PUT,2026-03-06,FCX
FCX260306P00051000,51.0,0.65,0.0,2.36,1.0,6.0,0.7592797509765626,False,PUT,2026-03-06,FCX
FCX260306P00052000,52.0,1.18,0.25,0.98,1.0,2.0,0.5800823242187501,False,PUT,2026-03-06,FCX
FCX260306P00053000,53.0,1.25,0.33,1.11,1.0,14.0,0.569340244140625,False,PUT,2026-03-06,FCX
FCX260306P00055000,55.0,0.85,0.66,0.96,4.0,43.0,0.5127001855468749,False,PUT,2026-03-06,FCX
FCX260306P00059000,59.0,1.58,1.42,2.14,16.0,14.0,0.5122119091796875,False,PUT,2026-03-06,FCX
FCX260306P00060000,60.0,1.89,1.72,2.47,19.0,23.0,0.5097705273437501,False,PUT,2026-03-06,FCX
FCX260306P00061000,61.0,2.6,2.08,2.56,15.0,10.0,0.5229539892578124,False,PUT,2026-03-06,FCX
FCX260306P00063000,63.0,3.22,2.84,3.4,8.0,1.0,0.5205126074218749,False,PUT,2026-03-06,FCX
FCX260320C00046000,46.0,19.8,19.3,19.8,11.0,1147.0,0.7446314599609375,True,CALL,2026-03-20,FCX
FCX260320C00047000,47.0,18.2,17.65,18.95,1.0,5352.0,0.639652041015625,True,CALL,2026-03-20,FCX
FCX260320C00048000,48.0,16.55,16.65,17.95,3525.0,5883.0,0.6069375244140626,True,CALL,2026-03-20,FCX
FCX260320C00049000,49.0,17.0,16.1,17.1,1.0,3935.0,0.6499058447265625,True,CALL,2026-03-20,FCX
FCX260320C00050000,50.0,15.45,15.1,16.0,77.0,27366.0,0.6035195898437502,True,CALL,2026-03-20,FCX
FCX260320C00055000,55.0,11.5,11.0,11.6,8928.0,19160.0,0.559574716796875,True,CALL,2026-03-20,FCX
FCX260320C00060000,60.0,7.8,7.7,7.95,4616.0,15038.0,0.5496871203613283,True,CALL,2026-03-20,FCX
FCX260320C00065000,65.0,5.25,5.15,5.3,36463.0,40092.0,0.553837469482422,False,CALL,2026-03-20,FCX
FCX260320C00070000,70.0,3.29,3.15,3.4,5355.0,19837.0,0.5493209130859377,False,CALL,2026-03-20,FCX
FCX260320C00075000,75.0,2.08,2.05,2.13,30748.0,32916.0,0.5622602368164062,False,CALL,2026-03-20,FCX
FCX260320C00080000,80.0,1.33,1.27,1.4,950.0,3747.0,0.5766643896484375,False,CALL,2026-03-20,FCX
FCX260320P00046000,46.0,0.2,0.12,0.26,25.0,1312.0,0.53320779296875,False,PUT,2026-03-20,FCX
FCX260320P00047000,47.0,0.14,0.01,0.7,44.0,1115.0,0.5756878369140624,False,PUT,2026-03-20,FCX
FCX260320P00048000,48.0,0.18,0.12,0.7,31.0,1123.0,0.5634809277343751,False,PUT,2026-03-20,FCX
FCX260320P00049000,49.0,0.2,0.29,0.35,20.0,1494.0,0.5019581054687501,False,PUT,2026-03-20,FCX
FCX260320P00050000,50.0,0.39,0.35,0.46,119.0,10652.0,0.5004932763671875,False,PUT,2026-03-20,FCX
FCX260320P00055000,55.0,1.05,0.99,1.11,782.0,10138.0,0.48950705810546885,False,PUT,2026-03-20,FCX
FCX260320P00060000,60.0,2.48,2.36,2.56,362.0,3642.0,0.4897511962890626,False,PUT,2026-03-20,FCX
FCX260320P00065000,65.0,4.72,4.55,5.05,87.0,310.0,0.5097705273437501,True,PUT,2026-03-20,FCX
FCX260320P00070000,70.0,8.03,7.55,8.35,178.0,52.0,0.5305222729492188,True,PUT,2026-03-20,FCX
FCX260320P00075000,75.0,16.44,11.05,13.0,,0.0,0.5229539892578124,True,PUT,2026-03-20,FCX
FCX260320P00080000,80.0,13.75,15.55,16.55,94.0,45.0,0.5715374877929689,True,PUT,2026-03-20,FCX
FCX260417C00050000,50.0,15.45,14.95,16.75,27.0,86.0,0.5363815893554689,True,CALL,2026-04-17,FCX
FCX260417C00055000,55.0,12.3,12.0,12.55,240.0,417.0,0.5627485131835939,True,CALL,2026-04-17,FCX
FCX260417C00060000,60.0,9.02,8.7,9.1,93.0,2149.0,0.5405319384765627,True,CALL,2026-04-17,FCX
FCX260417C00065000,65.0,6.15,6.15,6.5,582.0,7505.0,0.5369919348144532,False,CALL,2026-04-17,FCX
FCX260417C00070000,70.0,4.35,4.25,4.5,3321.0,14898.0,0.5354050366210938,False,CALL,2026-04-17,FCX
FCX260417C00075000,75.0,3.02,2.73,3.2,487.0,3524.0,0.5355271057128907,False,CALL,2026-04-17,FCX
FCX260417C00080000,80.0,2.15,1.89,2.36,456.0,653.0,0.5524947094726562,False,CALL,2026-04-17,FCX
FCX260417P00050000,50.0,0.85,0.7,0.95,60.0,2859.0,0.5114794946289063,False,PUT,2026-04-17,FCX
FCX260417P00055000,55.0,1.72,1.59,1.87,357.0,3723.0,0.48828636718750007,False,PUT,2026-04-17,FCX
FCX260417P00060000,60.0,3.35,3.2,3.6,24.0,1032.0,0.49023947265625006,False,PUT,2026-04-17,FCX
FCX260417P00065000,65.0,5.69,5.5,6.25,119.0,361.0,0.509892596435547,True,PUT,2026-04-17,FCX
FCX260417P00070000,70.0,8.7,8.5,9.35,56.0,28.0,0.5120898400878906,True,PUT,2026-04-17,FCX
FCX260515C00046000,46.0,14.3,18.55,20.95,2.0,852.0,0.5488326367187502,True,CALL,2026-05-15,FCX
FCX260515C00047000,47.0,17.5,17.7,20.05,1.0,2712.0,0.5424850439453126,True,CALL,2026-05-15,FCX
FCX260515C00048000,48.0,18.45,16.8,19.2,4.0,506.0,0.534184345703125,True,CALL,2026-05-15,FCX
FCX260515C00049000,49.0,15.28,17.35,18.3,3.0,246.0,0.6125527026367189,True,CALL,2026-05-15,FCX
FCX260515C00050000,50.0,17.0,16.1,17.25,27.0,4338.0,0.5656781713867188,True,CALL,2026-05-15,FCX
FCX260515C00055000,55.0,12.95,12.45,13.4,24.0,7079.0,0.543949873046875,True,CALL,2026-05-15,FCX
FCX260515C00060000,60.0,9.7,9.65,10.2,136.0,2517.0,0.5444381494140625,True,CALL,2026-05-15,FCX
FCX260515C00065000,65.0,7.45,7.25,7.5,2410.0,3872.0,0.5369919348144532,False,CALL,2026-05-15,FCX
FCX260515C00070000,70.0,5.45,5.3,5.55,350.0,3616.0,0.5358933129882812,False,CALL,2026-05-15,FCX
FCX260515C00075000,75.0,4.0,3.8,4.15,1317.0,853.0,0.5387009020996094,False,CALL,2026-05-15,FCX
FCX260515C00080000,80.0,2.97,2.9,3.05,1678.0,1107.0,0.5485884985351563,False,CALL,2026-05-15,FCX
FCX260515P00046000,46.0,0.8,0.37,0.92,8.0,185.0,0.5356491748046875,False,PUT,2026-05-15,FCX
FCX260515P00047000,47.0,0.83,0.75,1.52,9.0,207.0,0.5441940112304688,False,PUT,2026-05-15,FCX
FCX260515P00048000,48.0,0.52,0.68,1.67,3.0,608.0,0.5236864038085938,False,PUT,2026-05-15,FCX
FCX260515P00049000,49.0,1.22,0.91,1.42,52.0,233.0,0.5310105493164063,False,PUT,2026-05-15,FCX
FCX260515P00050000,50.0,1.23,1.19,1.49,13.0,885.0,0.5129443237304687,False,PUT,2026-05-15,FCX
FCX260515P00055000,55.0,2.55,2.45,2.69,29.0,2775.0,0.49927258544921876,False,PUT,2026-05-15,FCX
FCX260515P00060000,60.0,4.3,4.15,4.4,288.0,1643.0,0.48413601806640627,False,PUT,2026-05-15,FCX
FCX260515P00065000,65.0,6.65,6.65,6.9,34.0,285.0,0.4848684326171875,True,PUT,2026-05-15,FCX
FCX260515P00070000,70.0,9.8,9.35,10.35,5.0,25.0,0.5127001855468749,True,PUT,2026-05-15,FCX
FCX260618C00047000,47.0,19.5,19.05,20.45,21.0,1233.0,0.5778850805664062,True,CALL,2026-06-18,FCX
FCX260618C00050000,50.0,17.39,16.95,17.95,229.0,21762.0,0.5686078295898438,True,CALL,2026-06-18,FCX
FCX260618C00055000,55.0,13.62,13.25,14.5,154.0,23379.0,0.5481002221679689,True,CALL,2026-06-18,FCX
FCX260618C00060000,60.0,10.6,10.4,11.05,111.0,5252.0,0.5282029602050782,True,CALL,2026-06-18,FCX
FCX260618C00065000,65.0,8.39,8.1,8.45,1534.0,13445.0,0.524418818359375,False,CALL,2026-06-18,FCX
FCX260618C00070000,70.0,6.42,6.15,6.5,2897.0,15253.0,0.5231981274414061,False,CALL,2026-06-18,FCX
FCX260618C00075000,75.0,4.85,4.6,4.9,1989.0,5980.0,0.5201464001464844,False,CALL,2026-06-18,FCX
FCX260618C00080000,80.0,3.75,3.6,3.85,2625.0,4885.0,0.5313767565917968,False,CALL,2026-06-18,FCX
FCX260618P00047000,47.0,1.25,0.96,2.01,15.0,2985.0,0.5185595019531251,False,PUT,2026-06-18,FCX
FCX260618P00050000,50.0,1.9,1.59,1.9,66.0,3906.0,0.4904836108398438,False,PUT,2026-06-18,FCX
FCX260618P00055000,55.0,3.1,2.81,3.2,45.0,4489.0,0.4760794580078125,False,PUT,2026-06-18,FCX
FCX260618P00060000,60.0,5.5,4.8,5.25,165.0,2174.0,0.47949739257812496,False,PUT,2026-06-18,FCX
FCX260618P00065000,65.0,7.6,7.2,7.8,74.0,360.0,0.4788870471191406,True,PUT,2026-06-18,FCX
FCX260618P00070000,70.0,10.25,10.05,10.6,5.0,63.0,0.4622856506347657,True,PUT,2026-06-18,FCX
FCX260618P00080000,80.0,18.9,17.4,19.35,1.0,2.0,0.5574995422363282,True,PUT,2026-06-18,FCX
FCX260821C00046000,46.0,19.86,20.05,22.3,1.0,4.0,0.5400436621093752,True,CALL,2026-08-21,FCX
FCX260821C00047000,47.0,20.0,20.5,21.45,25.0,153.0,0.5841106042480468,True,CALL,2026-08-21,FCX
FCX260821C00048000,48.0,18.45,19.45,20.4,4.0,247.0,0.5556685058593751,True,CALL,2026-08-21,FCX
FCX260821C00049000,49.0,14.5,17.7,19.95,1.0,78.0,0.5239305419921875,True,CALL,2026-08-21,FCX
FCX260821C00050000,50.0,17.69,17.0,19.25,12.0,147.0,0.5229539892578124,True,CALL,2026-08-21,FCX
FCX260821C00055000,55.0,15.25,14.95,15.55,15.0,2188.0,0.5408981457519533,True,CALL,2026-08-21,FCX
FCX260821C00060000,60.0,12.33,11.9,12.8,80.0,485.0,0.5286912365722658,True,CALL,2026-08-21,FCX
FCX260821C00065000,65.0,10.22,9.65,10.35,241.0,2635.0,0.5252733020019531,False,CALL,2026-08-21,FCX
FCX260821C00070000,70.0,7.95,7.75,8.3,328.0,348.0,0.5218553674316406,False,CALL,2026-08-21,FCX
FCX260821C00075000,75.0,6.47,6.25,6.7,136.0,559.0,0.5229539892578124,False,CALL,2026-08-21,FCX
FCX260821C00080000,80.0,5.2,5.1,5.4,254.0,531.0,0.5261888201904297,False,CALL,2026-08-21,FCX
FCX260821P00046000,46.0,1.33,1.54,2.52,1.0,17.0,0.5041553491210937,False,PUT,2026-08-21,FCX
FCX260821P00047000,47.0,2.57,1.77,3.4,12.0,13.0,0.5310105493164063,False,PUT,2026-08-21,FCX
FCX260821P00048000,48.0,2.2,1.54,3.15,10.0,28.0,0.553837469482422,False,PUT,2026-08-21,FCX
FCX260821P00049000,49.0,2.59,1.97,2.79,7.0,166.0,0.5017139672851563,False,PUT,2026-08-21,FCX
FCX260821P00050000,50.0,2.96,2.47,3.4,1.0,3188.0,0.5249070947265625,False,PUT,2026-08-21,FCX
FCX260821P00055000,55.0,4.4,4.0,4.6,7.0,247.0,0.4848684326171875,False,PUT,2026-08-21,FCX
FCX260821P00060000,60.0,6.18,6.15,6.55,6.0,82.0,0.4703422106933594,False,PUT,2026-08-21,FCX
FCX260821P00065000,65.0,7.85,8.25,9.5,5.0,122.0,0.48608912353515626,True,PUT,2026-08-21,FCX
FCX260918C00047000,47.0,18.64,19.6,22.05,2.0,2615.0,0.5363815893554689,True,CALL,2026-09-18,FCX
FCX260918C00050000,50.0,19.17,18.1,19.65,5.0,3071.0,0.5418746984863283,True,CALL,2026-09-18,FCX
FCX260918C00055000,55.0,15.69,15.4,16.05,31.0,4309.0,0.5349167602539062,True,CALL,2026-09-18,FCX
FCX260918C00060000,60.0,12.6,12.8,13.3,47.0,1882.0,0.5324753784179688,True,CALL,2026-09-18,FCX
FCX260918C00065000,65.0,10.59,10.35,10.95,135.0,448.0,0.5247850256347657,False,CALL,2026-09-18,FCX
FCX260918C00070000,70.0,8.95,8.4,8.95,73.0,596.0,0.520939849243164,False,CALL,2026-09-18,FCX
FCX260918C00075000,75.0,7.0,7.0,8.0,120.0,655.0,0.5407760766601564,False,CALL,2026-09-18,FCX
FCX260918C00080000,80.0,5.82,5.6,6.1,31.0,832.0,0.5241136456298827,False,CALL,2026-09-18,FCX
FCX260918P00047000,47.0,2.27,2.0,3.25,37.0,1603.0,0.5013477600097658,False,PUT,2026-09-18,FCX
FCX260918P00050000,50.0,3.05,2.77,3.95,4.0,1402.0,0.5302781347656251,False,PUT,2026-09-18,FCX
FCX260918P00055000,55.0,4.47,4.25,5.1,10.0,1201.0,0.48413601806640627,False,PUT,2026-09-18,FCX
FCX260918P00060000,60.0,7.05,6.65,7.1,301.0,520.0,0.4699760034179688,False,PUT,2026-09-18,FCX
FCX260918P00065000,65.0,9.65,9.0,10.15,50.0,439.0,0.48792015991210946,True,PUT,2026-09-18,FCX
FCX260918P00070000,70.0,12.78,11.55,13.4,2.0,15.0,0.49573258178710944,True,PUT,2026-09-18,FCX
FCX260918P00075000,75.0,16.18,14.9,16.65,1.0,1.0,0.4870656762695313,True,PUT,2026-09-18,FCX
FCX261218C00050000,50.0,21.0,19.1,21.05,13.0,3836.0,0.5268602001953125,True,CALL,2026-12-18,FCX
FCX261218C00055000,55.0,17.15,16.8,17.9,50.0,1988.0,0.5327805511474608,True,CALL,2026-12-18,FCX
FCX261218C00060000,60.0,14.8,14.4,15.2,153.0,7811.0,0.5293015820312501,True,CALL,2026-12-18,FCX
FCX261218C00065000,65.0,12.5,12.2,12.8,93.0,479.0,0.5228929547119141,False,CALL,2026-12-18,FCX
FCX261218C00070000,70.0,10.42,10.15,10.95,74.0,2264.0,0.5189257092285156,False,CALL,2026-12-18,FCX
FCX261218C00075000,75.0,9.0,8.45,9.25,1013.0,3391.0,0.5142870837402342,False,CALL,2026-12-18,FCX
FCX261218C00080000,80.0,7.83,7.25,7.75,214.0,426.0,0.5142870837402342,False,CALL,2026-12-18,FCX
FCX261218P00050000,50.0,3.85,3.9,4.5,26.0,2028.0,0.4810842907714844,False,PUT,2026-12-18,FCX
FCX261218P00055000,55.0,5.7,5.55,6.3,67.0,1150.0,0.46973186523437505,False,PUT,2026-12-18,FCX
FCX261218P00060000,60.0,7.82,7.25,9.4,15.0,169.0,0.5006153454589843,False,PUT,2026-12-18,FCX
FCX261218P00065000,65.0,10.04,9.75,11.8,2.0,172.0,0.48303739624023445,True,PUT,2026-12-18,FCX
FCX261218P00070000,70.0,12.0,12.65,14.65,1.0,45.0,0.4718070397949219,True,PUT,2026-12-18,FCX
FCX261218P00075000,75.0,18.64,15.9,18.15,10.0,16.0,0.4753470434570312,True,PUT,2026-12-18,FCX
FCX261218P00080000,80.0,21.23,19.5,21.6,8.0,37.0,0.4660697924804688,True,PUT,2026-12-18,FCX
FCX270115C00047000,47.0,22.7,21.6,24.1,15.0,2145.0,0.5565229895019532,True,CALL,2027-01-15,FCX
FCX270115C00050000,50.0,20.75,20.8,21.15,5124.0,14950.0,0.55273884765625,True,CALL,2027-01-15,FCX
FCX270115C00055000,55.0,17.6,17.15,18.3,100.0,17616.0,0.5285691674804689,True,CALL,2027-01-15,FCX
FCX270115C00060000,60.0,15.26,14.9,15.7,268.0,9627.0,0.5291795129394532,True,CALL,2027-01-15,FCX
FCX270115C00065000,65.0,13.15,12.6,13.35,760.0,6213.0,0.520939849243164,False,CALL,2027-01-15,FCX
FCX270115C00070000,70.0,11.18,10.75,11.55,526.0,5589.0,0.5216112292480468,False,CALL,2027-01-15,FCX
FCX270115C00075000,75.0,9.56,9.3,9.65,1891.0,10264.0,0.5180712255859375,False,CALL,2027-01-15,FCX
FCX270115C00080000,80.0,8.12,7.9,8.25,342.0,4199.0,0.5164843273925781,False,CALL,2027-01-15,FCX
FCX270115P00047000,47.0,3.45,2.41,3.95,4.0,1429.0,0.48987326538085946,False,PUT,2027-01-15,FCX
FCX270115P00050000,50.0,4.55,4.1,4.8,29.0,1933.0,0.4776663562011719,False,PUT,2027-01-15,FCX
FCX270115P00055000,55.0,6.45,5.95,6.7,9.0,1832.0,0.46936565795898444,False,PUT,2027-01-15,FCX
FCX270115P00060000,60.0,7.68,7.85,9.15,20.0,798.0,0.4696708306884766,False,PUT,2027-01-15,FCX
FCX270115P00065000,65.0,11.25,10.95,11.5,5205.0,279.0,0.4513604669189454,True,PUT,2027-01-15,FCX
FCX270115P00070000,70.0,14.23,13.75,15.35,3.0,32.0,0.4802908416748046,True,PUT,2027-01-15,FCX
FCX270115P00075000,75.0,17.6,16.25,18.55,3.0,4.0,0.47192910888671874,True,PUT,2027-01-15,FCX
FCX270115P00080000,80.0,23.75,19.8,22.05,,20.0,0.46545944702148445,True,PUT,2027-01-15,FCX
FCX270617C00050000,50.0,22.56,21.8,23.65,39.0,89.0,0.5368698657226563,True,CALL,2027-06-17,FCX
FCX270617C00055000,55.0,20.7,19.75,21.0,3.0,17.0,0.5440109075927735,True,CALL,2027-06-17,FCX
FCX270617C00060000,60.0,17.97,16.55,18.9,54.0,119.0,0.5289353747558594,True,CALL,2027-06-17,FCX
FCX270617C00065000,65.0,15.25,14.2,17.0,37.0,567.0,0.5246019219970703,False,CALL,2027-06-17,FCX
FCX270617C00070000,70.0,13.65,13.0,14.4,14.0,112.0,0.5202074346923828,False,CALL,2027-06-17,FCX
FCX270617C00075000,75.0,12.22,11.9,12.6,24.0,258.0,0.5238695074462891,False,CALL,2027-06-17,FCX
FCX270617C00080000,80.0,11.15,9.7,11.0,12.0,125.0,0.5064746618652343,False,CALL,2027-06-17,FCX
FCX270617P00050000,50.0,5.7,5.5,7.3,12.0,15.0,0.5081836291503907,False,PUT,2027-06-17,FCX
FCX270617P00055000,55.0,8.2,7.55,9.15,1.0,22.0,0.4870656762695313,False,PUT,2027-06-17,FCX
FCX270617P00060000,60.0,10.23,9.65,11.95,1.0,22.0,0.49231464721679696,False,PUT,2027-06-17,FCX
FCX270617P00065000,65.0,13.0,12.2,14.2,58.0,48.0,0.4683891052246094,True,PUT,2027-06-17,FCX
FCX270617P00080000,80.0,22.74,21.65,24.25,2.0,1.0,0.4622856506347657,True,PUT,2027-06-17,FCX
FCX280121C00047000,47.0,27.05,26.0,28.05,16.0,480.0,0.5490157403564455,True,CALL,2028-01-21,FCX
FCX280121C00050000,50.0,25.55,24.7,25.95,60.0,4609.0,0.5413864221191409,True,CALL,2028-01-21,FCX
FCX280121C00055000,55.0,22.64,20.85,23.95,17.0,2028.0,0.5205736419677733,True,CALL,2028-01-21,FCX
FCX280121C00060000,60.0,20.8,19.9,21.2,184.0,3081.0,0.5281419256591797,True,CALL,2028-01-21,FCX
FCX280121C00065000,65.0,18.9,18.0,18.9,136.0,3320.0,0.5212450219726561,False,CALL,2028-01-21,FCX
FCX280121C00070000,70.0,16.45,16.3,17.45,56.0,272.0,0.5242967492675781,False,CALL,2028-01-21,FCX
FCX280121C00075000,75.0,15.23,14.3,15.85,46.0,1092.0,0.5160570855712892,False,CALL,2028-01-21,FCX
FCX280121C00080000,80.0,13.7,13.15,14.1,284.0,1667.0,0.5134326000976561,False,CALL,2028-01-21,FCX
FCX280121P00047000,47.0,6.45,4.55,6.6,1.0,203.0,0.44727115234375,False,PUT,2028-01-21,FCX
FCX280121P00050000,50.0,7.47,6.0,9.05,10.0,859.0,0.4873708489990235,False,PUT,2028-01-21,FCX
FCX280121P00055000,55.0,9.9,9.45,11.3,2.0,874.0,0.47687290710449215,False,PUT,2028-01-21,FCX
FCX280121P00060000,60.0,12.5,12.05,13.45,1.0,178.0,0.4567315069580079,False,PUT,2028-01-21,FCX
FCX280121P00065000,65.0,15.15,14.0,17.5,2.0,56.0,0.4865773999023438,True,PUT,2028-01-21,FCX
FCX280121P00070000,70.0,19.13,16.0,20.4,50.0,52.0,0.4758353198242187,True,PUT,2028-01-21,FCX
FCX280121P00075000,75.0,22.4,19.5,23.5,,7.0,0.46582565429687506,True,PUT,2028-01-21,FCX
FCX280121P00080000,80.0,25.5,23.0,26.25,30.0,49.0,0.44159493957519536,True,PUT,2028-01-21,FCX
FE260220C00040000,40.0,5.16,6.3,9.0,2.0,2.0,0.5107470800781251,True,CALL,2026-02-20,FE
FE260220C00042000,42.0,5.87,5.0,6.3,1.0,4.0,0.6274451318359376,True,CALL,2026-02-20,FE
FE260220C00043000,43.0,2.47,3.3,5.8,,11.0,0.6884796777343751,True,CALL,2026-02-20,FE
FE260220C00044000,44.0,3.3,2.55,4.5,1.0,56.0,0.5297898583984376,True,CALL,2026-02-20,FE
FE260220C00045000,45.0,2.46,2.15,3.2,8.0,184.0,0.37500625,True,CALL,2026-02-20,FE
FE260220C00046000,46.0,2.03,1.4,1.65,3.0,2234.0,0.15821154296875,True,CALL,2026-02-20,FE
FE260220C00047000,47.0,1.16,0.85,1.05,1.0,1032.0,0.1753012158203125,True,CALL,2026-02-20,FE
FE260220C00048000,48.0,1.6,0.45,0.65,1.0,2066.0,0.1914143359375,False,CALL,2026-02-20,FE
FE260220C00049000,49.0,0.4,0.2,0.4,20.0,570.0,0.20703917968749996,False,CALL,2026-02-20,FE
FE260220C00050000,50.0,0.24,0.1,0.25,64.0,135.0,0.22315229980468748,False,CALL,2026-02-20,FE
FE260220C00055000,55.0,0.05,0.0,0.05,1.0,11.0,0.31836619140624994,False,CALL,2026-02-20,FE
FE260220P00036000,36.0,0.05,0.0,0.05,,1.0,0.500005,False,PUT,2026-02-20,FE
FE260220P00037000,37.0,0.1,0.0,2.15,,12.0,1.0693405908203126,False,PUT,2026-02-20,FE
FE260220P00040000,40.0,0.15,0.0,0.75,1.0,8.0,0.57812921875,False,PUT,2026-02-20,FE
FE260220P00041000,41.0,0.2,0.0,0.75,7.0,10.0,0.51562984375,False,PUT,2026-02-20,FE
FE260220P00042000,42.0,0.18,0.05,0.25,1.0,65.0,0.401373173828125,False,PUT,2026-02-20,FE
FE260220P00043000,43.0,0.3,0.1,0.35,8.0,239.0,0.38281867187499996,False,PUT,2026-02-20,FE
FE260220P00044000,44.0,0.27,0.2,0.35,6638.0,2728.0,0.32031929687499994,False,PUT,2026-02-20,FE
FE260220P00045000,45.0,0.4,0.35,0.55,10.0,19745.0,0.3129951513671875,False,PUT,2026-02-20,FE
FE260220P00046000,46.0,0.63,0.6,0.8,30.0,206.0,0.2978585839843749,False,PUT,2026-02-20,FE
FE260220P00047000,47.0,1.0,1.0,1.2,1.0,137.0,0.2954172021484375,False,PUT,2026-02-20,FE
FE260220P00048000,48.0,1.66,1.6,1.85,1.0,25.0,0.3217841259765625,True,PUT,2026-02-20,FE
FE260220P00050000,50.0,3.6,2.15,4.3,1.0,1.0,0.5783733569335938,True,PUT,2026-02-20,FE
FE260320C00035000,35.0,8.59,0.0,0.0,,10.0,1.0000000000000003e-05,True,CALL,2026-03-20,FE
FE260320C00037000,37.0,6.04,4.2,4.9,1.0,2.0,1.0000000000000003e-05,True,CALL,2026-03-20,FE
FE260320C00040000,40.0,7.82,5.8,9.2,4.0,31.0,0.7050810742187501,True,CALL,2026-03-20,FE
FE260320C00041000,41.0,6.07,4.5,6.9,,0.0,0.37744763183593744,True,CALL,2026-03-20,FE
FE260320C00042000,42.0,5.65,5.0,6.9,3.0,139.0,0.5356491748046875,True,CALL,2026-03-20,FE
FE260320C00043000,43.0,2.5,4.1,5.9,1.0,37.0,0.47949739257812496,True,CALL,2026-03-20,FE
FE260320C00044000,44.0,3.83,3.3,4.0,1.0,597.0,0.2651440673828125,True,CALL,2026-03-20,FE
FE260320C00045000,45.0,2.3,2.55,2.85,5.0,530.0,0.18946123046875002,True,CALL,2026-03-20,FE
FE260320C00046000,46.0,2.05,1.85,2.15,7.0,494.0,0.19068192138671874,True,CALL,2026-03-20,FE
FE260320C00047000,47.0,1.43,1.3,1.6,5.0,1265.0,0.19678537597656248,True,CALL,2026-03-20,FE
FE260320C00048000,48.0,1.0,0.85,1.15,11.0,489.0,0.2004474487304687,False,CALL,2026-03-20,FE
FE260320C00049000,49.0,0.65,0.55,0.75,12.0,313.0,0.195320546875,False,CALL,2026-03-20,FE
FE260320C00050000,50.0,0.5,0.35,0.55,37.0,2319.0,0.20703917968749996,False,CALL,2026-03-20,FE
FE260320C00055000,55.0,0.1,0.05,0.2,14.0,121.0,0.2841868457031249,False,CALL,2026-03-20,FE
FE260320C00060000,60.0,0.15,0.0,0.0,7.0,7.0,0.12500875,False,CALL,2026-03-20,FE
FE260320P00035000,35.0,0.18,0.0,0.2,1.0,150.0,0.5195360546875,False,PUT,2026-03-20,FE
FE260320P00036000,36.0,0.3,0.0,0.75,2.0,9.0,0.5581098876953126,False,PUT,2026-03-20,FE
FE260320P00037000,37.0,0.08,0.0,2.2,1.0,777.0,0.7241238525390624,False,PUT,2026-03-20,FE
FE260320P00038000,38.0,0.47,0.0,2.0,20.0,21.0,0.647464462890625,False,PUT,2026-03-20,FE
FE260320P00039000,39.0,0.53,0.0,2.25,20.0,24.0,0.624027197265625,False,PUT,2026-03-20,FE
FE260320P00040000,40.0,0.4,0.1,0.35,1.0,614.0,0.3803772900390625,False,PUT,2026-03-20,FE
FE260320P00041000,41.0,0.42,0.15,0.8,1.0,12.0,0.45117736328125,False,PUT,2026-03-20,FE
FE260320P00042000,42.0,0.28,0.2,0.45,2.0,153.0,0.3242255078124999,False,PUT,2026-03-20,FE
FE260320P00043000,43.0,0.35,0.3,0.5,20.0,179.0,0.2919992675781249,False,PUT,2026-03-20,FE
FE260320P00044000,44.0,0.56,0.45,0.7,1.0,72.0,0.28613995117187496,False,PUT,2026-03-20,FE
FE260320P00045000,45.0,1.04,0.65,0.9,3.0,1045.0,0.270515107421875,False,PUT,2026-03-20,FE
FE260320P00046000,46.0,1.05,0.95,1.25,4.0,265.0,0.2688061401367187,False,PUT,2026-03-20,FE
FE260320P00047000,47.0,1.95,1.3,1.65,11.0,454.0,0.26270268554687504,False,PUT,2026-03-20,FE
FE260320P00048000,48.0,2.0,1.9,2.2,10.0,296.0,0.26587648193359376,True,PUT,2026-03-20,FE
FE260320P00049000,49.0,3.6,2.95,3.3,23.0,34.0,0.33740896972656254,True,PUT,2026-03-20,FE
FE260417C00038000,38.0,9.38,7.1,9.9,3.0,3.0,0.4096738720703125,True,CALL,2026-04-17,FE
FE260417C00040000,40.0,7.3,7.0,8.5,4.0,6.0,0.45337460693359377,True,CALL,2026-04-17,FE
FE260417C00041000,41.0,4.0,5.9,7.6,1.0,1.0,0.4279842358398438,True,CALL,2026-04-17,FE
FE260417C00042000,42.0,3.4,4.6,7.2,1.0,206.0,0.4731497998046875,True,CALL,2026-04-17,FE
FE260417C00043000,43.0,2.7,4.4,5.7,2.0,20.0,0.35718416259765623,True,CALL,2026-04-17,FE
FE260417C00044000,44.0,3.8,3.6,4.0,73.0,153.0,0.21289849609375,True,CALL,2026-04-17,FE
FE260417C00045000,45.0,3.4,2.9,3.3,2.0,300.0,0.215828154296875,True,CALL,2026-04-17,FE
FE260417C00046000,46.0,2.55,2.2,2.6,3.0,266.0,0.2087481469726562,True,CALL,2026-04-17,FE
FE260417C00047000,47.0,2.1,1.65,1.95,1.0,143.0,0.198250205078125,True,CALL,2026-04-17,FE
FE260417C00048000,48.0,1.45,1.15,1.55,4.0,352.0,0.2067950415039062,False,CALL,2026-04-17,FE
FE260417C00049000,49.0,0.9,0.8,1.05,20.0,550.0,0.19336744140625,False,CALL,2026-04-17,FE
FE260417C00050000,50.0,0.55,0.45,0.9,10.0,549.0,0.21289849609375,False,CALL,2026-04-17,FE
FE260417C00055000,55.0,0.35,0.0,0.0,7.0,25.0,0.062509375,False,CALL,2026-04-17,FE
FE260417P00035000,35.0,0.1,0.05,0.25,1.0,3569.0,0.43848217773437503,False,PUT,2026-04-17,FE
FE260417P00036000,36.0,0.36,0.0,2.05,2.0,4.0,0.6093789062500001,False,PUT,2026-04-17,FE
FE260417P00037000,37.0,0.38,0.1,1.05,,0.0,0.5720257641601563,False,PUT,2026-04-17,FE
FE260417P00038000,38.0,0.49,0.15,1.4,2.0,1.0,0.5939982006835938,False,PUT,2026-04-17,FE
FE260417P00039000,39.0,0.84,0.0,0.75,2.0,95.0,0.43066975585937506,False,PUT,2026-04-17,FE
FE260417P00040000,40.0,0.43,0.2,2.0,6.0,82.0,0.5983926879882813,False,PUT,2026-04-17,FE
FE260417P00041000,41.0,0.6,0.25,0.5,56.0,184.0,0.305671005859375,False,PUT,2026-04-17,FE
FE260417P00042000,42.0,0.45,0.35,0.65,100.0,867.0,0.2978585839843749,False,PUT,2026-04-17,FE
FE260417P00043000,43.0,0.55,0.45,0.75,61.0,133.0,0.2766185620117187,False,PUT,2026-04-17,FE
FE260417P00044000,44.0,0.75,0.65,0.9,1.0,114.0,0.25928475097656256,False,PUT,2026-04-17,FE
FE260417P00045000,45.0,1.15,0.8,1.15,1.0,131.0,0.2500075,False,PUT,2026-04-17,FE
FE260417P00046000,46.0,1.45,1.1,1.45,11.0,118.0,0.2399978344726562,False,PUT,2026-04-17,FE
FE260417P00047000,47.0,1.55,1.5,1.9,19.0,378.0,0.23975369628906246,False,PUT,2026-04-17,FE
FE260417P00048000,48.0,2.6,0.0,0.0,9.0,311.0,1.0000000000000003e-05,True,PUT,2026-04-17,FE
FE260417P00049000,49.0,3.0,0.0,0.0,22.0,57.0,1.0000000000000003e-05,True,PUT,2026-04-17,FE
FE260618C00035000,35.0,6.53,9.3,9.6,8.0,387.0,1.0000000000000003e-05,True,CALL,2026-06-18,FE
FE260618C00037000,37.0,9.81,10.0,12.3,6.0,4.0,0.5429733203125001,True,CALL,2026-06-18,FE
FE260618C00040000,40.0,6.8,6.1,9.6,1.0,92.0,0.4689994506835938,True,CALL,2026-06-18,FE
FE260618C00042000,42.0,5.9,5.6,6.0,2.0,203.0,0.2148516015625,True,CALL,2026-06-18,FE
FE260618C00045000,45.0,3.71,3.3,3.8,1.0,5430.0,0.20996883789062498,True,CALL,2026-06-18,FE
FE260618C00047000,47.0,2.52,2.1,2.65,1.0,164.0,0.20850400878906244,True,CALL,2026-06-18,FE
FE260618C00050000,50.0,1.19,0.85,1.25,8.0,1088.0,0.19214675048828128,False,CALL,2026-06-18,FE
FE260618C00055000,55.0,0.45,0.15,1.0,8.0,44.0,0.2834544311523437,False,CALL,2026-06-18,FE
FE260618C00060000,60.0,0.25,0.0,0.0,2.0,31.0,0.062509375,False,CALL,2026-06-18,FE
FE260618P00035000,35.0,0.25,0.0,1.75,6.0,18.0,0.5981485498046876,False,PUT,2026-06-18,FE
FE260618P00037000,37.0,0.65,0.25,0.5,1.0,414.0,0.33570000244140624,False,PUT,2026-06-18,FE
FE260618P00040000,40.0,0.6,0.45,0.8,1.0,157.0,0.30054410400390624,False,PUT,2026-06-18,FE
FE260618P00042000,42.0,0.8,0.7,1.0,1.0,118.0,0.266608896484375,False,PUT,2026-06-18,FE
FE260618P00045000,45.0,1.76,1.35,1.85,1.0,120.0,0.25318129638671877,False,PUT,2026-06-18,FE
FE260618P00047000,47.0,2.55,0.0,0.0,5.0,52.0,0.0039162109375,False,PUT,2026-06-18,FE
FE260618P00050000,50.0,4.25,4.0,4.6,3.0,28.0,0.2601392346191406,True,PUT,2026-06-18,FE
FE260717C00040000,40.0,7.7,6.7,9.6,,4.0,0.4272518212890626,True,CALL,2026-07-17,FE
FE260717C00044000,44.0,4.7,4.2,4.8,1.0,32.0,0.22266402343749997,True,CALL,2026-07-17,FE
FE260717C00045000,45.0,3.97,3.5,4.1,6.0,29.0,0.21692677612304687,True,CALL,2026-07-17,FE
FE260717C00046000,46.0,3.38,2.95,3.5,6.0,19.0,0.2153398779296875,True,CALL,2026-07-17,FE
FE260717C00047000,47.0,2.54,2.35,2.95,2.0,498.0,0.2133867724609375,True,CALL,2026-07-17,FE
FE260717C00048000,48.0,2.4,1.9,2.5,34.0,2252.0,0.21460746337890624,False,CALL,2026-07-17,FE
FE260717C00049000,49.0,1.35,1.45,2.1,6.0,17.0,0.2153398779296875,False,CALL,2026-07-17,FE
FE260717C00050000,50.0,1.84,1.1,1.75,1.0,92.0,0.215828154296875,False,CALL,2026-07-17,FE
FE260717P00040000,40.0,1.01,0.5,1.15,4.0,16.0,0.3161689477539062,False,PUT,2026-07-17,FE
FE260717P00041000,41.0,0.9,0.5,1.1,24.0,25.0,0.2819896020507812,False,PUT,2026-07-17,FE
FE260717P00042000,42.0,0.98,0.8,1.25,1.0,25.0,0.2691723474121094,False,PUT,2026-07-17,FE
FE260717P00043000,43.0,1.55,0.0,0.0,27.0,30.0,0.0312596875,False,PUT,2026-07-17,FE
FE260717P00044000,44.0,2.0,1.2,1.75,1.0,2.0,0.25501233276367197,False,PUT,2026-07-17,FE
FE260717P00048000,48.0,3.2,0.0,0.0,6.0,6.0,1.0000000000000003e-05,True,PUT,2026-07-17,FE
FE260717P00049000,49.0,3.8,3.4,3.9,,54.0,0.23194127441406248,True,PUT,2026-07-17,FE
FE260918C00035000,35.0,10.15,11.0,12.8,7.0,12.0,0.2841868457031249,True,CALL,2026-09-18,FE
FE260918C00038000,38.0,9.78,8.9,10.8,3.0,6.0,0.3446110461425781,True,CALL,2026-09-18,FE
FE260918C00040000,40.0,8.4,7.6,9.8,3.0,62.0,0.38196418823242184,True,CALL,2026-09-18,FE
FE260918C00042000,42.0,4.21,5.4,7.9,1.0,72.0,0.3316717224121094,True,CALL,2026-09-18,FE
FE260918C00045000,45.0,3.93,3.8,4.5,3.0,5283.0,0.21399711791992188,True,CALL,2026-09-18,FE
FE260918C00047000,47.0,3.13,2.75,3.2,5.0,345.0,0.19886055053710935,True,CALL,2026-09-18,FE
FE260918C00050000,50.0,1.81,1.4,2.2,25.0,83.0,0.21509573974609375,False,CALL,2026-09-18,FE
FE260918C00055000,55.0,0.76,0.5,0.85,1.0,3937.0,0.20703917968749996,False,CALL,2026-09-18,FE
FE260918P00035000,35.0,0.61,0.35,1.7,1.0,30.0,0.45972219970703126,False,PUT,2026-09-18,FE
FE260918P00038000,38.0,1.35,1.2,1.45,6.0,14.0,0.35108070800781244,False,PUT,2026-09-18,FE
FE260918P00040000,40.0,1.18,0.8,1.3,7.0,73.0,0.2846751220703124,False,PUT,2026-09-18,FE
FE260918P00042000,42.0,1.35,1.15,1.7,2.0,56.0,0.2683178637695312,False,PUT,2026-09-18,FE
FE260918P00045000,45.0,2.25,1.95,2.6,20.0,47.0,0.25049577636718745,False,PUT,2026-09-18,FE
FE260918P00047000,47.0,3.6,2.9,3.9,2.0,3.0,0.2732006274414062,False,PUT,2026-09-18,FE
FE260918P00050000,50.0,5.0,4.5,5.0,2.0,0.0,0.229499892578125,True,PUT,2026-09-18,FE
FE261218C00038000,38.0,9.35,0.0,0.0,,2.0,1.0000000000000003e-05,True,CALL,2026-12-18,FE
FE261218C00043000,43.0,6.15,5.6,6.3,3.0,10.0,0.21717091430664062,True,CALL,2026-12-18,FE
FE261218C00045000,45.0,4.64,4.3,5.1,1.0,17.0,0.21753712158203126,True,CALL,2026-12-18,FE
FE261218C00050000,50.0,2.45,1.9,2.8,1.0,41.0,0.2166826379394531,False,CALL,2026-12-18,FE
FE261218P00035000,35.0,0.7,0.55,0.8,2.0,45.0,0.29688203124999996,False,PUT,2026-12-18,FE
FE261218P00038000,38.0,1.2,0.85,1.2,2.0,42.0,0.2755199401855468,False,PUT,2026-12-18,FE
FE261218P00040000,40.0,1.65,1.15,1.75,30.0,54.0,0.27674063110351554,False,PUT,2026-12-18,FE
FE261218P00043000,43.0,2.95,1.8,2.5,24.0,47.0,0.2572095764160156,False,PUT,2026-12-18,FE
FE261218P00045000,45.0,3.7,2.4,3.2,16.0,20.0,0.24817646362304688,False,PUT,2026-12-18,FE
FE261218P00047000,47.0,5.1,3.2,4.1,20.0,44.0,0.24311059631347653,False,PUT,2026-12-18,FE
FE270115C00035000,35.0,10.49,10.7,14.9,3.0,21.0,0.4412897668457031,True,CALL,2027-01-15,FE
FE270115C00038000,38.0,9.26,8.3,11.7,6.0,31.0,0.35120277709960934,True,CALL,2027-01-15,FE
FE270115C00040000,40.0,6.5,6.4,10.5,14.0,79.0,0.3582827844238281,True,CALL,2027-01-15,FE
FE270115C00042000,42.0,4.8,6.5,7.2,6.0,189.0,0.22400678344726557,True,CALL,2027-01-15,FE
FE270115C00045000,45.0,3.6,4.4,5.2,1.0,157.0,0.21448539428710936,True,CALL,2027-01-15,FE
FE270115C00047000,47.0,3.7,3.3,4.1,18.0,1972.0,0.21070125244140625,True,CALL,2027-01-15,FE
FE270115C00050000,50.0,2.4,2.05,3.0,2.0,386.0,0.21875781249999998,False,CALL,2027-01-15,FE
FE270115C00055000,55.0,1.0,0.25,1.25,1.0,5124.0,0.1966633068847656,False,CALL,2027-01-15,FE
FE270115C00060000,60.0,0.4,0.25,2.8,1.0,31.0,0.3582827844238281,False,CALL,2027-01-15,FE
FE270115P00035000,35.0,0.88,0.6,1.1,4.0,5.0,0.3171455004882812,False,PUT,2027-01-15,FE
FE270115P00038000,38.0,1.15,0.9,1.5,4.0,15.0,0.2898020239257812,False,PUT,2027-01-15,FE
FE270115P00040000,40.0,1.8,1.2,1.85,4.0,108.0,0.27283442016601556,False,PUT,2027-01-15,FE
FE270115P00042000,42.0,2.0,1.6,2.35,3.0,54.0,0.2611157873535156,False,PUT,2027-01-15,FE
FE270115P00045000,45.0,2.9,2.5,3.0,1.0,254.0,0.22669230346679686,False,PUT,2027-01-15,FE
FE270115P00047000,47.0,4.4,3.1,5.8,1.0,8.0,0.32605654418945307,False,PUT,2027-01-15,FE
FE270115P00050000,50.0,5.28,5.0,5.6,17.0,419.0,0.2196122961425781,True,PUT,2027-01-15,FE
FE270617C00047000,47.0,4.4,2.5,6.3,1.0,7.0,0.2761302856445312,True,CALL,2027-06-17,FE
FE270617C00050000,50.0,1.76,1.25,4.6,3.0,3.0,0.2548292291259766,False,CALL,2027-06-17,FE
FE280121C00035000,35.0,13.14,0.0,0.0,,1.0,1.0000000000000003e-05,True,CALL,2028-01-21,FE
FE280121C00038000,38.0,9.05,8.9,13.0,1.0,50.0,0.3103096313476562,True,CALL,2028-01-21,FE
FE280121C00040000,40.0,10.05,7.1,10.8,2.0,165.0,0.26380130737304686,True,CALL,2028-01-21,FE
FE280121C00042000,42.0,8.16,6.0,9.6,2.0,8.0,0.2622144091796875,True,CALL,2028-01-21,FE
FE280121C00045000,45.0,5.0,3.9,7.7,3.0,4.0,0.24872577453613282,True,CALL,2028-01-21,FE
FE280121C00047000,47.0,4.03,3.4,7.5,1.0,1006.0,0.27674063110351554,True,CALL,2028-01-21,FE
FE280121C00050000,50.0,3.9,2.15,5.7,2.0,266.0,0.25427991821289064,False,CALL,2028-01-21,FE
FE280121C00055000,55.0,2.4,1.1,4.0,1.0,20.0,0.25086198364257806,False,CALL,2028-01-21,FE
FE280121P00035000,35.0,2.35,0.0,3.3,,1.0,0.3532779516601562,False,PUT,2028-01-21,FE
FE280121P00038000,38.0,3.3,0.05,3.6,,2.0,0.31116411499023433,False,PUT,2028-01-21,FE
FE280121P00040000,40.0,4.0,0.5,4.1,1.0,1.0,0.29669892761230465,False,PUT,2028-01-21,FE
FE280121P00042000,42.0,4.8,1.2,4.4,,1.0,0.27161372924804683,False,PUT,2028-01-21,FE
FE280121P00045000,45.0,4.82,2.5,6.1,2.0,12.0,0.2811961529541015,False,PUT,2028-01-21,FE
FE280121P00047000,47.0,5.3,3.4,7.1,59.0,1000.0,0.27747304565429687,False,PUT,2028-01-21,FE
FE280121P00050000,50.0,7.48,4.7,8.6,15.0,6.0,0.2662426892089844,True,PUT,2028-01-21,FE
FE280121P00055000,55.0,10.19,8.0,12.0,2.0,391.0,0.2670361383056641,True,PUT,2028-01-21,FE
FHN260130C00022500,22.5,1.91,1.55,2.3,5.0,8.0,1.01953615234375,True,CALL,2026-01-30,FHN
FHN260130C00023000,23.0,1.48,1.05,1.75,,3.0,0.7617211328125001,True,CALL,2026-01-30,FHN
FHN260130C00023500,23.5,0.65,0.6,1.15,10.0,14.0,0.507817421875,True,CALL,2026-01-30,FHN
FHN260130C00024000,24.0,0.5,0.2,0.55,2.0,105.0,0.55273884765625,True,CALL,2026-01-30,FHN
FHN260130C00024500,24.5,0.1,0.0,0.25,60.0,156.0,0.48438015625,False,CALL,2026-01-30,FHN
FHN260130C00025000,25.0,0.1,0.0,0.1,5.0,339.0,0.476567734375,False,CALL,2026-01-30,FHN
FHN260130C00025500,25.5,0.23,0.0,0.05,16.0,37.0,0.5312546875,False,CALL,2026-01-30,FHN
FHN260130C00026000,26.0,0.1,0.0,0.1,1.0,28.0,0.6796907031250001,False,CALL,2026-01-30,FHN
FHN260130C00026500,26.5,0.2,0.0,0.05,,1.0,0.70312796875,False,CALL,2026-01-30,FHN
FHN260130C00027000,27.0,0.1,0.0,0.4,20.0,23.0,1.3750031249999999,False,CALL,2026-01-30,FHN
FHN260130C00029000,29.0,0.05,0.0,0.25,,6.0,1.71875140625,False,CALL,2026-01-30,FHN
FHN260130P00021500,21.5,0.05,0.0,0.4,1.0,1.0,1.5625021874999998,False,PUT,2026-01-30,FHN
FHN260130P00022000,22.0,0.09,0.0,0.15,,1.0,1.0078174609375,False,PUT,2026-01-30,FHN
FHN260130P00022500,22.5,0.1,0.0,0.1,1.0,17.0,0.7500025,False,PUT,2026-01-30,FHN
FHN260130P00023000,23.0,0.05,0.0,0.1,36.0,67.0,0.57812921875,False,PUT,2026-01-30,FHN
FHN260130P00023500,23.5,0.19,0.0,0.2,10.0,50.0,0.51562984375,False,PUT,2026-01-30,FHN
FHN260130P00024000,24.0,0.23,0.05,0.45,4.0,1323.0,0.523442265625,False,PUT,2026-01-30,FHN
FHN260130P00024500,24.5,0.34,0.3,0.65,20.0,63.0,0.7402369726562499,True,PUT,2026-01-30,FHN
FHN260130P00025000,25.0,0.86,0.25,1.0,,9.0,0.7812521875,True,PUT,2026-01-30,FHN
FHN260130P00025500,25.5,1.51,0.8,1.5,,4.0,0.99804689453125,True,PUT,2026-01-30,FHN
FHN260130P00026000,26.0,1.69,1.35,2.05,,1.0,1.2851598242187499,True,PUT,2026-01-30,FHN
FHN260130P00026500,26.5,2.29,1.85,2.55,,1.0,1.47265888671875,True,PUT,2026-01-30,FHN
FHN260130P00027000,27.0,2.86,2.35,3.1,,1.0,0.6250037500000001,True,PUT,2026-01-30,FHN
FHN260130P00029000,29.0,4.54,4.3,5.0,,6.0,2.14844212890625,True,PUT,2026-01-30,FHN
FHN260206C00022500,22.5,1.77,1.6,2.2,1.0,19.0,0.7421900781249999,True,CALL,2026-02-06,FHN
FHN260206C00023000,23.0,1.26,1.15,1.55,3.0,4.0,0.500005,True,CALL,2026-02-06,FHN
FHN260206C00024000,24.0,0.55,0.45,0.55,6.0,14.0,0.260749580078125,True,CALL,2026-02-06,FHN
FHN260206C00024500,24.5,0.33,0.2,0.3,1.0,13.0,0.2617261328125,False,CALL,2026-02-06,FHN
FHN260206C00025000,25.0,0.15,0.05,0.15,1.0,6.0,0.26758544921875,False,CALL,2026-02-06,FHN
FHN260206C00025500,25.5,0.09,0.0,0.15,1.0,1.0,0.35938140625,False,CALL,2026-02-06,FHN
FHN260206C00026000,26.0,0.3,0.0,0.25,1.0,1.0,0.5371140039062501,False,CALL,2026-02-06,FHN
FHN260206C00026500,26.5,0.1,0.0,0.25,1.0,12.0,0.6210975390625001,False,CALL,2026-02-06,FHN
FHN260206C00027000,27.0,0.18,0.0,0.2,1.0,4.0,0.5273484765625001,False,CALL,2026-02-06,FHN
FHN260206P00020000,20.0,0.05,0.0,0.15,,1.0,0.804689453125,False,PUT,2026-02-06,FHN
FHN260206P00022000,22.0,0.1,0.0,0.25,2.0,5.0,0.5488326367187502,False,PUT,2026-02-06,FHN
FHN260206P00022500,22.5,0.13,0.0,0.25,1.0,4.0,0.5898478515625001,False,PUT,2026-02-06,FHN
FHN260206P00023000,23.0,0.1,0.05,0.15,10.0,238.0,0.39063109375,False,PUT,2026-02-06,FHN
FHN260206P00023500,23.5,0.15,0.1,0.3,2.0,231.0,0.4101621484375,False,PUT,2026-02-06,FHN
FHN260206P00024000,24.0,0.39,0.25,0.35,20.0,25.0,0.3154365332031249,False,PUT,2026-02-06,FHN
FHN260206P00024500,24.5,0.46,0.5,0.65,20.0,137.0,0.348639326171875,True,PUT,2026-02-06,FHN
FHN260206P00025500,25.5,1.35,1.1,1.55,2.0,2.0,0.5097705273437501,True,PUT,2026-02-06,FHN
FHN260206P00027000,27.0,2.95,2.3,3.1,1.0,1.0,0.8203142968749999,True,PUT,2026-02-06,FHN
FHN260213C00020000,20.0,4.4,4.0,4.8,,7.0,0.6718782812500002,True,CALL,2026-02-13,FHN
FHN260213C00022000,22.0,2.44,2.1,2.75,,9.0,0.6757844921875001,True,CALL,2026-02-13,FHN
FHN260213C00023000,23.0,1.48,1.25,1.85,1.0,5.0,0.5537154003906251,True,CALL,2026-02-13,FHN
FHN260213C00023500,23.5,1.06,0.9,1.05,2.0,1.0,0.29004616210937495,True,CALL,2026-02-13,FHN
FHN260213C00024000,24.0,0.92,0.55,0.75,10.0,21.0,0.2978585839843749,True,CALL,2026-02-13,FHN
FHN260213C00024500,24.5,0.51,0.3,0.45,2.0,2.0,0.27149166015625,False,CALL,2026-02-13,FHN
FHN260213C00025000,25.0,0.25,0.15,0.3,18.0,69.0,0.28711650390624993,False,CALL,2026-02-13,FHN
FHN260213C00025500,25.5,0.12,0.05,0.2,13.0,26.0,0.30371790039062496,False,CALL,2026-02-13,FHN
FHN260213C00026000,26.0,0.05,0.0,0.25,,11.0,0.40332627929687503,False,CALL,2026-02-13,FHN
FHN260213C00026500,26.5,0.15,0.0,0.3,,44.0,0.500005,False,CALL,2026-02-13,FHN
FHN260213C00027000,27.0,0.06,0.0,0.4,4.0,25.0,0.6289099609375001,False,CALL,2026-02-13,FHN
FHN260213P00021000,21.0,0.1,0.0,0.4,1.0,2.0,0.6269568554687501,False,PUT,2026-02-13,FHN
FHN260213P00021500,21.5,0.1,0.0,0.35,2.0,7.0,0.5293015820312501,False,PUT,2026-02-13,FHN
FHN260213P00022000,22.0,0.1,0.05,0.15,4.0,95.0,0.43555251953125,False,PUT,2026-02-13,FHN
FHN260213P00022500,22.5,0.2,0.05,0.2,90.0,91.0,0.405279384765625,False,PUT,2026-02-13,FHN
FHN260213P00023000,23.0,0.15,0.1,0.25,2.0,7.0,0.362311064453125,False,PUT,2026-02-13,FHN
FHN260213P00023500,23.5,0.3,0.2,0.35,3.0,1.0,0.334967587890625,False,PUT,2026-02-13,FHN
FHN260213P00024000,24.0,0.45,0.35,0.5,5.0,178.0,0.31250687499999996,False,PUT,2026-02-13,FHN
FHN260213P00024500,24.5,0.55,0.6,0.75,10.0,125.0,0.31153032226562494,True,PUT,2026-02-13,FHN
FHN260213P00025000,25.0,0.85,0.95,1.1,,34.0,0.331061376953125,True,PUT,2026-02-13,FHN
FHN260220C00017000,17.0,7.3,7.0,7.9,2.0,22.0,0.9882813671875,True,CALL,2026-02-20,FHN
FHN260220C00018000,18.0,6.0,6.0,6.8,5.0,60.0,0.7929708203125,True,CALL,2026-02-20,FHN
FHN260220C00019000,19.0,5.4,5.0,5.8,125.0,207.0,0.6757844921875001,True,CALL,2026-02-20,FHN
FHN260220C00020000,20.0,4.9,4.0,4.8,1.0,583.0,0.5625043750000001,True,CALL,2026-02-20,FHN
FHN260220C00021000,21.0,3.23,3.1,3.8,1.0,150.0,0.7402369726562499,True,CALL,2026-02-20,FHN
FHN260220C00022000,22.0,2.37,2.2,2.8,6.0,826.0,0.5918009570312501,True,CALL,2026-02-20,FHN
FHN260220C00023000,23.0,1.58,1.4,1.6,5.0,27365.0,0.33887379882812496,True,CALL,2026-02-20,FHN
FHN260220C00024000,24.0,0.7,0.7,0.8,138.0,27782.0,0.2690502783203125,True,CALL,2026-02-20,FHN
FHN260220C00024500,24.5,0.55,0.45,0.55,5.0,16.0,0.26758544921875,False,CALL,2026-02-20,FHN
FHN260220C00025000,25.0,0.35,0.25,0.4,4.0,5413.0,0.2841868457031249,False,CALL,2026-02-20,FHN
FHN260220C00025500,25.5,0.37,0.15,0.25,,521.0,0.27930408203124996,False,CALL,2026-02-20,FHN
FHN260220C00026000,26.0,0.1,0.1,0.15,6.0,26248.0,0.27735097656249996,False,CALL,2026-02-20,FHN
FHN260220C00027000,27.0,0.05,0.0,0.05,4.0,107149.0,0.27735097656249996,False,CALL,2026-02-20,FHN
FHN260220C00028000,28.0,0.05,0.0,0.1,35.0,10036.0,0.40820904296875,False,CALL,2026-02-20,FHN
FHN260220C00029000,29.0,0.1,0.0,0.05,4.0,21.0,0.414068359375,False,CALL,2026-02-20,FHN
FHN260220C00030000,30.0,0.03,0.0,0.05,20.0,50132.0,0.476567734375,False,CALL,2026-02-20,FHN
FHN260220P00017000,17.0,0.13,0.0,0.1,10.0,368.0,0.7695335546875001,False,PUT,2026-02-20,FHN
FHN260220P00018000,18.0,0.08,0.0,0.1,2.0,249.0,0.6640658593750002,False,PUT,2026-02-20,FHN
FHN260220P00019000,19.0,0.05,0.0,0.1,2.0,1573.0,0.5625043750000001,False,PUT,2026-02-20,FHN
FHN260220P00019500,19.5,0.05,0.0,0.15,,1.0,0.5546919531250001,False,PUT,2026-02-20,FHN
FHN260220P00020000,20.0,0.07,0.0,0.15,2.0,817.0,0.5039112109375,False,PUT,2026-02-20,FHN
FHN260220P00021000,21.0,0.07,0.0,0.15,15.0,148.0,0.47852083984375,False,PUT,2026-02-20,FHN
FHN260220P00022000,22.0,0.15,0.05,0.2,2.0,544.0,0.40039662109375,False,PUT,2026-02-20,FHN
FHN260220P00022500,22.5,0.15,0.1,0.2,,1.0,0.33789724609375,False,PUT,2026-02-20,FHN
FHN260220P00023000,23.0,0.35,0.2,0.3,1.0,1178.0,0.32910827148437494,False,PUT,2026-02-20,FHN
FHN260220P00023500,23.5,0.35,0.3,0.4,42.0,1261.0,0.30274134765625,False,PUT,2026-02-20,FHN
FHN260220P00024000,24.0,0.45,0.45,0.6,11.0,5199.0,0.30274134765625,False,PUT,2026-02-20,FHN
FHN260220P00024500,24.5,0.65,0.7,0.85,13.0,31.0,0.3007882421875,True,PUT,2026-02-20,FHN
FHN260220P00025000,25.0,1.2,1.0,1.15,20.0,1419.0,0.2978585839843749,True,PUT,2026-02-20,FHN
FHN260220P00025500,25.5,1.17,1.25,1.6,,18.0,0.3437565625,True,PUT,2026-02-20,FHN
FHN260220P00026000,26.0,1.3,1.45,2.05,,13.0,0.3789124609375,True,PUT,2026-02-20,FHN
FHN260220P00027000,27.0,2.98,2.35,3.0,10.0,0.0,0.45606012695312503,True,PUT,2026-02-20,FHN
FHN260220P00028000,28.0,3.9,3.3,4.1,,0.0,0.6113320117187502,True,PUT,2026-02-20,FHN
FHN260220P00029000,29.0,6.8,6.3,7.6,,4.0,1.5781271093749998,True,PUT,2026-02-20,FHN
FHN260227C00019000,19.0,5.1,5.0,5.9,1.0,9.0,0.6445348046875,True,CALL,2026-02-27,FHN
FHN260227C00020000,20.0,4.45,4.1,4.9,,2.0,0.5800823242187501,True,CALL,2026-02-27,FHN
FHN260227C00024000,24.0,1.5,0.8,0.95,1.0,0.0,0.29053443847656246,True,CALL,2026-02-27,FHN
FHN260227C00025000,25.0,0.4,0.35,0.5,4.0,29.0,0.28711650390624993,False,CALL,2026-02-27,FHN
FHN260227C00025500,25.5,0.29,0.2,0.35,1.0,5.0,0.2880930566406249,False,CALL,2026-02-27,FHN
FHN260227C00026500,26.5,0.2,0.05,0.15,,20.0,0.28516339843749994,False,CALL,2026-02-27,FHN
FHN260227P00022500,22.5,0.38,0.15,0.3,1.0,5.0,0.348639326171875,False,PUT,2026-02-27,FHN
FHN260227P00023000,23.0,0.6,0.25,0.4,,10.0,0.33301448242187504,False,PUT,2026-02-27,FHN
FHN260227P00023500,23.5,0.52,0.35,0.55,,12.0,0.3242255078124999,False,PUT,2026-02-27,FHN
FHN260227P00024000,24.0,0.55,0.55,0.7,1.0,11.0,0.301764794921875,False,PUT,2026-02-27,FHN
FHN260306P00023000,23.0,0.38,0.3,0.45,14.0,10.0,0.3188544677734374,False,PUT,2026-03-06,FHN
FHN260320C00019000,19.0,5.6,5.1,6.1,,1.0,0.5918009570312501,True,CALL,2026-03-20,FHN
FHN260320C00020000,20.0,4.56,4.2,5.0,4.0,0.0,0.5009815527343751,True,CALL,2026-03-20,FHN
FHN260320C00022000,22.0,2.67,2.4,3.1,6.0,100.0,0.5009815527343751,True,CALL,2026-03-20,FHN
FHN260320C00023000,23.0,1.77,1.65,1.9,50.0,378.0,0.32617861328125,True,CALL,2026-03-20,FHN
FHN260320C00024000,24.0,1.1,1.0,1.25,3.0,23.0,0.30664755859375,True,CALL,2026-03-20,FHN
FHN260320C00025000,25.0,0.65,0.55,0.65,4.0,95.0,0.26367923828125,False,CALL,2026-03-20,FHN
FHN260320C00026000,26.0,0.3,0.25,0.5,1.0,103.0,0.31055376953124997,False,CALL,2026-03-20,FHN
FHN260320C00027000,27.0,0.32,0.1,0.3,5.0,65.0,0.31445998046874996,False,CALL,2026-03-20,FHN
FHN260320C00029000,29.0,0.08,0.0,0.45,,1.0,0.499028447265625,False,CALL,2026-03-20,FHN
FHN260320C00030000,30.0,0.05,0.0,0.45,25.0,25.0,0.5556685058593751,False,CALL,2026-03-20,FHN
FHN260320P00021000,21.0,0.13,0.15,0.3,,0.0,0.401373173828125,False,PUT,2026-03-20,FHN
FHN260320P00022000,22.0,0.35,0.25,0.45,12.0,13.0,0.3711000390625,False,PUT,2026-03-20,FHN
FHN260320P00023000,23.0,0.6,0.45,0.65,15.0,173.0,0.3354558642578125,False,PUT,2026-03-20,FHN
FHN260320P00024000,24.0,0.89,0.8,1.0,4.0,33.0,0.3154365332031249,False,PUT,2026-03-20,FHN
FHN260515C00017000,17.0,7.5,7.1,7.9,11.0,16.0,0.6669955175781253,True,CALL,2026-05-15,FHN
FHN260515C00018000,18.0,4.14,4.8,5.5,1.0,19.0,1.0000000000000003e-05,True,CALL,2026-05-15,FHN
FHN260515C00019000,19.0,5.85,5.3,6.0,2.0,6.0,0.5459029785156251,True,CALL,2026-05-15,FHN
FHN260515C00020000,20.0,5.45,4.4,5.1,10.0,218.0,0.4985401708984375,True,CALL,2026-05-15,FHN
FHN260515C00021000,21.0,4.47,3.5,4.2,28.0,1570.0,0.44727115234375,True,CALL,2026-05-15,FHN
FHN260515C00022000,22.0,3.1,2.85,3.2,10.0,11243.0,0.36865865722656255,True,CALL,2026-05-15,FHN
FHN260515C00023000,23.0,2.36,2.15,2.45,5.0,350.0,0.3403386279296875,True,CALL,2026-05-15,FHN
FHN260515C00024000,24.0,1.9,1.55,1.85,5.0,2548.0,0.3276434423828125,True,CALL,2026-05-15,FHN
FHN260515C00025000,25.0,1.25,1.05,1.4,15.0,2698.0,0.3266668896484375,False,CALL,2026-05-15,FHN
FHN260515C00026000,26.0,0.9,0.7,1.0,3.0,1764.0,0.31836619140624994,False,CALL,2026-05-15,FHN
FHN260515C00027000,27.0,0.65,0.4,0.75,1.0,2680.0,0.3242255078124999,False,CALL,2026-05-15,FHN
FHN260515C00028000,28.0,0.3,0.25,0.5,25.0,98.0,0.3149482568359374,False,CALL,2026-05-15,FHN
FHN260515C00029000,29.0,0.25,0.15,0.35,10.0,12128.0,0.31592480957031244,False,CALL,2026-05-15,FHN
FHN260515C00030000,30.0,0.13,0.05,0.45,2.0,176.0,0.383795224609375,False,CALL,2026-05-15,FHN
FHN260515C00031000,31.0,0.25,0.0,0.2,,1.0,0.33301448242187504,False,CALL,2026-05-15,FHN
FHN260515P00017000,17.0,0.18,0.05,0.25,5.0,99.0,0.50586431640625,False,PUT,2026-05-15,FHN
FHN260515P00018000,18.0,0.25,0.1,0.25,50.0,587.0,0.4414118359375,False,PUT,2026-05-15,FHN
FHN260515P00019000,19.0,0.25,0.15,0.35,50.0,493.0,0.42090422851562503,False,PUT,2026-05-15,FHN
FHN260515P00020000,20.0,0.29,0.25,0.45,200.0,589.0,0.389654541015625,False,PUT,2026-05-15,FHN
FHN260515P00021000,21.0,0.45,0.4,0.65,58.0,295.0,0.37842418457031246,False,PUT,2026-05-15,FHN
FHN260515P00022000,22.0,0.65,0.6,0.8,68.0,110.0,0.3413151806640625,False,PUT,2026-05-15,FHN
FHN260515P00023000,23.0,0.97,0.9,1.1,47.0,246.0,0.32617861328125,False,PUT,2026-05-15,FHN
FHN260515P00024000,24.0,1.4,1.2,1.5,430.0,795.0,0.3142158422851562,False,PUT,2026-05-15,FHN
FHN260515P00025000,25.0,2.02,1.75,2.05,4.0,151.0,0.313483427734375,True,PUT,2026-05-15,FHN
FHN260515P00026000,26.0,2.5,2.4,2.65,,487.0,0.3042061767578125,True,PUT,2026-05-15,FHN
FHN260821C00019000,19.0,6.3,5.6,6.3,,1.0,0.4580132324218751,True,CALL,2026-08-21,FHN
FHN260821C00020000,20.0,5.2,4.8,5.5,10.0,11.0,0.43604079589843747,True,CALL,2026-08-21,FHN
FHN260821C00021000,21.0,4.71,4.1,4.5,,40.0,0.3754945263671875,True,CALL,2026-08-21,FHN
FHN260821C00022000,22.0,3.7,3.4,3.8,3.0,4.0,0.36206692626953124,True,CALL,2026-08-21,FHN
FHN260821C00023000,23.0,3.4,2.75,3.1,5.0,10.0,0.3413151806640625,True,CALL,2026-08-21,FHN
FHN260821C00024000,24.0,2.3,2.15,2.45,3.0,19.0,0.32031929687499994,True,CALL,2026-08-21,FHN
FHN260821C00025000,25.0,1.8,1.7,1.95,1.0,36.0,0.3117744604492187,False,CALL,2026-08-21,FHN
FHN260821C00026000,26.0,1.47,1.25,1.55,2.0,94.0,0.3078682495117187,False,CALL,2026-08-21,FHN
FHN260821C00027000,27.0,1.1,0.9,1.2,2.0,3.0,0.30225307128906254,False,CALL,2026-08-21,FHN
FHN260821C00028000,28.0,0.9,0.65,0.9,1.0,13.0,0.29492892578124996,False,CALL,2026-08-21,FHN
FHN260821C00029000,29.0,0.55,0.5,0.65,4.0,1024.0,0.2863840893554687,False,CALL,2026-08-21,FHN
FHN260821C00030000,30.0,0.45,0.3,0.6,1.0,10.0,0.30713583496093744,False,CALL,2026-08-21,FHN
FHN260821C00031000,31.0,0.35,0.25,0.4,1.0,9.0,0.2924875439453124,False,CALL,2026-08-21,FHN
FHN260821P00017000,17.0,0.29,0.15,0.4,,2.0,0.41748629394531245,False,PUT,2026-08-21,FHN
FHN260821P00018000,18.0,0.35,0.3,0.5,7.0,1.0,0.39453730468750003,False,PUT,2026-08-21,FHN
FHN260821P00019000,19.0,0.45,0.45,0.65,7.0,5.0,0.3789124609375,False,PUT,2026-08-21,FHN
FHN260821P00020000,20.0,0.67,0.6,0.75,12.0,53.0,0.3461979443359374,False,PUT,2026-08-21,FHN
FHN260821P00021000,21.0,0.85,0.85,0.95,8.0,10.0,0.3286199951171874,False,PUT,2026-08-21,FHN
FHN260821P00022000,22.0,1.1,1.1,1.25,40.0,32.0,0.3198310205078124,False,PUT,2026-08-21,FHN
FHN260821P00023000,23.0,1.4,1.4,1.7,4.0,19.0,0.32398136962890617,False,PUT,2026-08-21,FHN
FHN260821P00025000,25.0,2.3,2.3,2.55,1.0,5.0,0.2954172021484375,True,PUT,2026-08-21,FHN
FHN270115C00018000,18.0,7.3,6.8,7.6,1.0,45.0,0.4445856323242187,True,CALL,2027-01-15,FHN
FHN270115C00020000,20.0,5.4,5.3,5.8,1.0,165.0,0.37402969726562496,True,CALL,2027-01-15,FHN
FHN270115C00022000,22.0,4.23,3.9,4.5,2.0,1861.0,0.35864899169921877,True,CALL,2027-01-15,FHN
FHN270115C00025000,25.0,2.51,2.3,2.9,5.0,408.0,0.33789724609375,False,CALL,2027-01-15,FHN
FHN270115C00027000,27.0,1.75,1.55,1.9,5.0,210.0,0.3070137658691406,False,CALL,2027-01-15,FHN
FHN270115C00030000,30.0,0.85,0.7,1.2,5.0,184.0,0.3127510131835937,False,CALL,2027-01-15,FHN
FHN270115P00018000,18.0,0.7,0.55,0.85,40.0,3631.0,0.367193828125,False,PUT,2027-01-15,FHN
FHN270115P00020000,20.0,1.0,0.95,1.3,10.0,2533.0,0.3442448388671875,False,PUT,2027-01-15,FHN
FHN270115P00022000,22.0,2.5,1.5,1.9,2.0,2071.0,0.32129584960937496,False,PUT,2027-01-15,FHN
FHN270115P00025000,25.0,3.1,2.75,3.2,40.0,568.0,0.29395237304687494,True,PUT,2027-01-15,FHN
FHN280121C00018000,18.0,8.0,7.2,8.3,10.0,11.0,0.3842835009765625,True,CALL,2028-01-21,FHN
FHN280121C00020000,20.0,6.55,4.9,7.0,5.0,11.0,0.3706117626953125,True,CALL,2028-01-21,FHN
FHN280121C00022000,22.0,5.2,3.9,7.0,30.0,45.0,0.45337460693359377,True,CALL,2028-01-21,FHN
FHN280121C00025000,25.0,4.04,2.25,4.4,2.0,36.0,0.34668622070312494,False,CALL,2028-01-21,FHN
FHN280121C00027000,27.0,2.7,1.15,2.35,,1.0,0.2475661181640625,False,CALL,2028-01-21,FHN
FHN280121C00030000,30.0,2.11,1.9,2.55,12.0,41.0,0.32459171508789053,False,CALL,2028-01-21,FHN
FHN280121P00018000,18.0,2.44,0.9,2.5,,1.0,0.4335994140625,False,PUT,2028-01-21,FHN
FHN280121P00020000,20.0,2.12,1.8,2.2,1.0,5.0,0.32398136962890617,False,PUT,2028-01-21,FHN
FHN280121P00022000,22.0,2.63,1.95,3.5,1.0,8.0,0.35425450439453116,False,PUT,2028-01-21,FHN
FHN280121P00025000,25.0,4.19,3.7,4.5,,1.0,0.30103238037109376,True,PUT,2028-01-21,FHN
FHN280121P00030000,30.0,9.2,0.0,0.0,,10.0,1.0000000000000003e-05,True,PUT,2028-01-21,FHN
FIG260130C00021000,21.0,7.89,4.45,8.2,1.0,1.0,1.4375028125,True,CALL,2026-01-30,FIG
FIG260130C00024000,24.0,3.67,3.0,4.25,1.0,2.0,1.8125009374999999,True,CALL,2026-01-30,FIG
FIG260130C00025000,25.0,2.33,2.03,2.71,11.0,147.0,0.8203142968749999,True,CALL,2026-01-30,FIG
FIG260130C00026000,26.0,1.25,1.25,2.06,5.0,17.0,1.05859845703125,True,CALL,2026-01-30,FIG
FIG260130C00026500,26.5,1.26,0.86,1.46,58.0,370.0,0.8457046679687499,True,CALL,2026-01-30,FIG
FIG260130C00027000,27.0,0.65,0.57,0.88,110.0,86.0,0.68555001953125,True,CALL,2026-01-30,FIG
FIG260130C00027500,27.5,0.43,0.32,0.42,256.0,204.0,0.5625043750000001,False,CALL,2026-01-30,FIG
FIG260130C00028000,28.0,0.25,0.22,0.32,269.0,521.0,0.6660189648437502,False,CALL,2026-01-30,FIG
FIG260130C00028500,28.5,0.2,0.11,0.19,57.0,180.0,0.6679720703125002,False,CALL,2026-01-30,FIG
FIG260130C00029000,29.0,0.1,0.06,0.15,679.0,822.0,0.73437765625,False,CALL,2026-01-30,FIG
FIG260130C00029500,29.5,0.06,0.05,0.08,38.0,228.0,0.7656273437500001,False,CALL,2026-01-30,FIG
FIG260130C00030000,30.0,0.02,0.02,0.06,812.0,1399.0,0.79687703125,False,CALL,2026-01-30,FIG
FIG260130C00030500,30.5,0.05,0.02,0.04,80.0,1408.0,0.851563984375,False,CALL,2026-01-30,FIG
FIG260130C00031000,31.0,0.02,0.02,0.03,321.0,1677.0,0.92187578125,False,CALL,2026-01-30,FIG
FIG260130C00031500,31.5,0.03,0.01,0.03,141.0,325.0,0.98437515625,False,CALL,2026-01-30,FIG
FIG260130C00032000,32.0,0.03,0.01,0.02,148.0,836.0,1.0312548437500002,False,CALL,2026-01-30,FIG
FIG260130C00032500,32.5,0.01,0.0,0.02,6.0,671.0,1.0468797656250002,False,CALL,2026-01-30,FIG
FIG260130C00033000,33.0,0.01,0.0,0.01,1.0,314.0,1.0312548437500002,False,CALL,2026-01-30,FIG
FIG260130C00033500,33.5,0.01,0.0,0.04,14.0,228.0,1.3125034374999998,False,CALL,2026-01-30,FIG
FIG260130C00034000,34.0,0.01,0.0,0.01,8.0,414.0,1.1875040625,False,CALL,2026-01-30,FIG
FIG260130C00034500,34.5,0.03,0.0,0.55,115.0,129.0,2.488285029296875,False,CALL,2026-01-30,FIG
FIG260130C00035000,35.0,0.03,0.0,0.03,5.0,687.0,1.5000025,False,CALL,2026-01-30,FIG
FIG260130C00035500,35.5,0.28,0.0,0.55,10.0,16.0,2.69531576171875,False,CALL,2026-01-30,FIG
FIG260130P00023000,23.0,0.02,0.0,0.05,60.0,72.0,1.21875390625,False,PUT,2026-01-30,FIG
FIG260130P00024000,24.0,0.15,0.0,0.13,12.0,10.0,1.1640666796875,False,PUT,2026-01-30,FIG
FIG260130P00024500,24.5,0.06,0.0,0.17,3.0,16.0,1.0859420703125,False,PUT,2026-01-30,FIG
FIG260130P00025000,25.0,0.05,0.02,0.07,83.0,324.0,0.79687703125,False,PUT,2026-01-30,FIG
FIG260130P00025500,25.5,0.07,0.05,0.09,2.0,51.0,0.73437765625,False,PUT,2026-01-30,FIG
FIG260130P00026000,26.0,0.13,0.09,0.16,46.0,253.0,0.6992217578125001,False,PUT,2026-01-30,FIG
FIG260130P00026500,26.5,0.21,0.17,0.32,92.0,163.0,0.7070341796875,False,PUT,2026-01-30,FIG
FIG260130P00027000,27.0,0.34,0.34,0.64,208.0,527.0,0.7949239257812499,False,PUT,2026-01-30,FIG
FIG260130P00027500,27.5,0.7,0.62,0.88,880.0,909.0,0.8105487695312499,True,PUT,2026-01-30,FIG
FIG260130P00028000,28.0,0.96,0.98,1.26,219.0,942.0,0.8945323046874999,True,PUT,2026-01-30,FIG
FIG260130P00028500,28.5,1.44,1.28,1.59,25.0,469.0,0.8378922460937499,True,PUT,2026-01-30,FIG
FIG260130P00029000,29.0,1.76,1.77,2.17,96.0,1066.0,1.0703171484375003,True,PUT,2026-01-30,FIG
FIG260130P00029500,29.5,2.3,1.8,2.5,69.0,292.0,1.2851598242187499,True,PUT,2026-01-30,FIG
FIG260130P00030000,30.0,2.5,2.4,3.2,30.0,553.0,1.0390673046875003,True,PUT,2026-01-30,FIG
FIG260130P00030500,30.5,1.9,2.85,4.05,79.0,87.0,1.4960962695312499,True,PUT,2026-01-30,FIG
FIG260130P00031000,31.0,3.95,3.5,4.0,6.0,168.0,1.1328168359375002,True,PUT,2026-01-30,FIG
FIG260130P00031500,31.5,1.91,2.54,5.35,1.0,20.0,3.2070332324218747,True,PUT,2026-01-30,FIG
FIG260130P00032000,32.0,4.05,4.35,5.85,1.0,169.0,2.1953170117187497,True,PUT,2026-01-30,FIG
FIG260130P00032500,32.5,5.5,4.85,5.75,10.0,55.0,1.625001875,True,PUT,2026-01-30,FIG
FIG260130P00033000,33.0,5.67,5.35,6.0,11.0,209.0,2.2500043749999996,True,PUT,2026-01-30,FIG
FIG260130P00033500,33.5,5.6,5.1,6.8,2.0,21.0,2.949221376953125,True,PUT,2026-01-30,FIG
FIG260130P00034000,34.0,7.0,6.35,7.25,12.0,164.0,1.9375003125,True,PUT,2026-01-30,FIG
FIG260130P00034500,34.5,7.4,6.8,8.3,1.0,196.0,2.707034482421875,True,PUT,2026-01-30,FIG
FIG260130P00035000,35.0,8.1,7.1,9.35,13.0,74.0,3.1796895507812497,True,PUT,2026-01-30,FIG
FIG260130P00035500,35.5,8.57,6.25,10.2,20.0,16.0,1.8437507812499998,True,PUT,2026-01-30,FIG
FIG260206C00023000,23.0,4.3,3.45,4.85,10.0,2.0,1.2656286718749998,True,CALL,2026-02-06,FIG
FIG260206C00023500,23.5,6.05,2.55,5.7,4.0,4.0,0.945313046875,True,CALL,2026-02-06,FIG
FIG260206C00024000,24.0,4.42,1.8,5.25,3.0,3.0,0.7480493945312501,True,CALL,2026-02-06,FIG
FIG260206C00024500,24.5,4.03,1.99,4.45,2.0,2.0,0.8476577734374999,True,CALL,2026-02-06,FIG
FIG260206C00025000,25.0,2.35,2.25,2.96,13.0,21.0,0.6523472265625001,True,CALL,2026-02-06,FIG
FIG260206C00026000,26.0,2.03,1.71,1.84,133.0,46.0,0.584965087890625,True,CALL,2026-02-06,FIG
FIG260206C00026500,26.5,1.39,1.42,1.53,1.0,1.0,0.6005899316406251,True,CALL,2026-02-06,FIG
FIG260206C00027000,27.0,1.45,1.15,1.26,66.0,96.0,0.6093789062500001,True,CALL,2026-02-06,FIG
FIG260206C00027500,27.5,0.99,0.92,1.03,27.0,21.0,0.6191444335937502,False,CALL,2026-02-06,FIG
FIG260206C00028000,28.0,0.94,0.7,0.83,188.0,153.0,0.6181678808593751,False,CALL,2026-02-06,FIG
FIG260206C00028500,28.5,0.66,0.59,0.67,8.0,124.0,0.6425816992187501,False,CALL,2026-02-06,FIG
FIG260206C00029000,29.0,0.54,0.46,0.53,214.0,230.0,0.648441015625,False,CALL,2026-02-06,FIG
FIG260206C00029500,29.5,0.4,0.36,0.43,2.0,81.0,0.6621127539062501,False,CALL,2026-02-06,FIG
FIG260206C00030000,30.0,0.3,0.27,0.32,240.0,523.0,0.65820654296875,False,CALL,2026-02-06,FIG
FIG260206C00030500,30.5,0.26,0.22,0.27,15.0,41.0,0.6835969140625001,False,CALL,2026-02-06,FIG
FIG260206C00031000,31.0,0.2,0.16,0.21,147.0,514.0,0.68555001953125,False,CALL,2026-02-06,FIG
FIG260206C00031500,31.5,0.32,0.12,0.33,1.0,41.0,0.789064609375,False,CALL,2026-02-06,FIG
FIG260206C00032000,32.0,0.09,0.06,0.15,27.0,829.0,0.69336244140625,False,CALL,2026-02-06,FIG
FIG260206C00032500,32.5,0.3,0.0,0.84,3.0,23.0,1.0966842041015625,False,CALL,2026-02-06,FIG
FIG260206C00033000,33.0,0.08,0.07,0.11,103.0,738.0,0.7656273437500001,False,CALL,2026-02-06,FIG
FIG260206C00033500,33.5,0.28,0.0,0.5,9.0,24.0,1.0390673046875003,False,CALL,2026-02-06,FIG
FIG260206C00034000,34.0,0.25,0.0,0.36,26.0,100.0,1.0039112304687499,False,CALL,2026-02-06,FIG
FIG260206C00034500,34.5,0.17,0.0,1.25,11.0,117.0,1.51172119140625,False,CALL,2026-02-06,FIG
FIG260206C00035000,35.0,0.04,0.04,0.05,1.0,323.0,0.8320329296874999,False,CALL,2026-02-06,FIG
FIG260206C00035500,35.5,0.17,0.0,1.0,2.0,6.0,1.509768076171875,False,CALL,2026-02-06,FIG
FIG260206P00023000,23.0,0.05,0.0,0.3,10.0,23.0,0.84179845703125,False,PUT,2026-02-06,FIG
FIG260206P00023500,23.5,0.24,0.02,0.2,1.0,1.0,0.70312796875,False,PUT,2026-02-06,FIG
FIG260206P00024000,24.0,0.13,0.11,0.17,49.0,63.0,0.6679720703125002,False,PUT,2026-02-06,FIG
FIG260206P00024500,24.5,0.26,0.17,0.27,4.0,12.0,0.6796907031250001,False,PUT,2026-02-06,FIG
FIG260206P00025000,25.0,0.25,0.25,0.35,40.0,191.0,0.6650424121093752,False,PUT,2026-02-06,FIG
FIG260206P00025500,25.5,0.37,0.35,0.46,13.0,4.0,0.6533237792968751,False,PUT,2026-02-06,FIG
FIG260206P00026000,26.0,0.53,0.51,0.62,75.0,120.0,0.6601596484375001,False,PUT,2026-02-06,FIG
FIG260206P00026500,26.5,0.8,0.7,0.82,29.0,5.0,0.6660189648437502,False,PUT,2026-02-06,FIG
FIG260206P00027000,27.0,0.93,0.91,1.07,49.0,97.0,0.6718782812500002,False,PUT,2026-02-06,FIG
FIG260206P00027500,27.5,1.2,1.16,1.33,22.0,29.0,0.6718782812500002,True,PUT,2026-02-06,FIG
FIG260206P00028000,28.0,1.49,1.47,1.65,44.0,598.0,0.6865265722656251,True,PUT,2026-02-06,FIG
FIG260206P00028500,28.5,1.71,1.82,2.0,11.0,102.0,0.7050810742187501,True,PUT,2026-02-06,FIG
FIG260206P00029000,29.0,2.16,2.2,2.37,10.0,104.0,0.7216824707031251,True,PUT,2026-02-06,FIG
FIG260206P00029500,29.5,2.65,2.6,2.77,2.0,102.0,0.7412135253906249,True,PUT,2026-02-06,FIG
FIG260206P00030000,30.0,3.0,2.63,3.25,88.0,222.0,0.6289099609375001,True,PUT,2026-02-06,FIG
FIG260206P00030500,30.5,1.59,1.7,4.0,2.0,4.0,1.12109814453125,True,PUT,2026-02-06,FIG
FIG260206P00031000,31.0,3.5,3.55,4.2,17.0,119.0,0.6953155468750001,True,PUT,2026-02-06,FIG
FIG260206P00031500,31.5,3.11,3.35,5.75,1.0,3.0,0.9267585449218749,True,PUT,2026-02-06,FIG
FIG260206P00032000,32.0,3.13,4.4,5.7,10.0,133.0,0.99023447265625,True,PUT,2026-02-06,FIG
FIG260206P00032500,32.5,3.95,3.6,7.1,2.0,2.0,0.8359391406249999,True,PUT,2026-02-06,FIG
FIG260206P00033000,33.0,5.7,5.4,6.05,4.0,75.0,0.6679720703125002,True,PUT,2026-02-06,FIG
FIG260206P00033500,33.5,5.3,5.2,7.75,1.0,4.0,1.08984830078125,True,PUT,2026-02-06,FIG
FIG260206P00034000,34.0,4.87,5.2,7.7,13.0,267.0,1.7587902685546877,True,PUT,2026-02-06,FIG
FIG260206P00034500,34.5,6.55,5.7,8.9,1.0,84.0,0.9570316796874999,True,PUT,2026-02-06,FIG
FIG260206P00035000,35.0,6.0,6.2,9.0,10.0,98.0,2.0976610058593748,True,PUT,2026-02-06,FIG
FIG260206P00035500,35.5,7.57,6.55,10.05,1.0,21.0,1.0468797656250002,True,PUT,2026-02-06,FIG
FIG260213C00023000,23.0,6.2,2.7,6.1,3.0,4.0,0.5429733203125001,True,CALL,2026-02-13,FIG
FIG260213C00025000,25.0,3.14,1.88,3.5,1.0,11.0,0.5429733203125001,True,CALL,2026-02-13,FIG
FIG260213C00026000,26.0,2.18,2.08,2.23,20.0,34.0,0.6279334082031252,True,CALL,2026-02-13,FIG
FIG260213C00027000,27.0,1.75,1.5,1.68,12.0,7.0,0.6279334082031252,True,CALL,2026-02-13,FIG
FIG260213C00028000,28.0,1.35,1.09,1.24,14.0,52.0,0.641605146484375,False,CALL,2026-02-13,FIG
FIG260213C00029000,29.0,0.85,0.76,0.91,35.0,83.0,0.6513706738281251,False,CALL,2026-02-13,FIG
FIG260213C00030000,30.0,0.6,0.53,0.67,758.0,188.0,0.6669955175781253,False,CALL,2026-02-13,FIG
FIG260213C00031000,31.0,1.35,0.34,0.5,3.0,46.0,0.676761044921875,False,CALL,2026-02-13,FIG
FIG260213C00032000,32.0,0.29,0.2,0.47,8.0,143.0,0.7187528125,False,CALL,2026-02-13,FIG
FIG260213C00033000,33.0,0.22,0.16,0.53,1.0,83.0,0.81445498046875,False,CALL,2026-02-13,FIG
FIG260213C00034000,34.0,0.22,0.15,0.29,16.0,34.0,0.79101771484375,False,CALL,2026-02-13,FIG
FIG260213C00034500,34.5,0.38,0.0,0.95,20.0,40.0,1.0341845166015626,False,CALL,2026-02-13,FIG
FIG260213C00035000,35.0,0.14,0.1,0.25,9.0,150.0,0.8183611914062499,False,CALL,2026-02-13,FIG
FIG260213C00035500,35.5,0.69,0.0,2.22,1.0,1.0,1.505861845703125,False,CALL,2026-02-13,FIG
FIG260213P00020000,20.0,0.17,0.0,0.2,2.0,2.0,0.92187578125,False,PUT,2026-02-13,FIG
FIG260213P00023000,23.0,0.2,0.13,0.43,11.0,73.0,0.7578149218750001,False,PUT,2026-02-13,FIG
FIG260213P00024000,24.0,0.35,0.26,0.44,5.0,42.0,0.6738313867187502,False,PUT,2026-02-13,FIG
FIG260213P00025000,25.0,0.53,0.48,0.65,18.0,477.0,0.65820654296875,False,PUT,2026-02-13,FIG
FIG260213P00026000,26.0,0.92,0.83,0.98,11.0,48.0,0.6616244775390626,False,PUT,2026-02-13,FIG
FIG260213P00027000,27.0,0.6,1.24,1.42,4.0,172.0,0.6552768847656252,False,PUT,2026-02-13,FIG
FIG260213P00028000,28.0,2.1,1.79,2.04,1.0,164.0,0.6718782812500002,True,PUT,2026-02-13,FIG
FIG260213P00029000,29.0,2.42,2.46,2.69,3.0,135.0,0.6796907031250001,True,PUT,2026-02-13,FIG
FIG260213P00030000,30.0,3.8,3.1,3.45,4.0,192.0,0.6640658593750002,True,PUT,2026-02-13,FIG
FIG260213P00031000,31.0,2.99,3.0,5.3,11.0,27.0,0.7070341796875,True,PUT,2026-02-13,FIG
FIG260213P00032000,32.0,3.5,3.2,6.3,6.0,158.0,1.408206083984375,True,PUT,2026-02-13,FIG
FIG260213P00033000,33.0,5.21,4.45,7.4,1.0,92.0,0.73633076171875,True,PUT,2026-02-13,FIG
FIG260213P00034000,34.0,6.7,6.5,8.0,2.0,54.0,1.0556687841796877,True,PUT,2026-02-13,FIG
FIG260213P00034500,34.5,2.0,6.3,9.15,1.0,2.0,1.08203583984375,True,PUT,2026-02-13,FIG
FIG260213P00035000,35.0,7.74,7.2,8.5,2.0,24.0,0.8125018749999999,True,PUT,2026-02-13,FIG
FIG260213P00035500,35.5,7.4,6.55,10.1,1.0,4.0,0.8164080859374999,True,PUT,2026-02-13,FIG
FIG260220C00020000,20.0,10.0,7.0,9.25,1.0,61.0,1.3798859130859373,True,CALL,2026-02-20,FIG
FIG260220C00022500,22.5,20.81,13.4,0.0,2.0,2.0,1.5439475927734374,True,CALL,2026-02-20,FIG
FIG260220C00023000,23.0,6.15,3.6,6.85,1.0,20.0,0.9941406835937501,True,CALL,2026-02-20,FIG
FIG260220C00025000,25.0,3.7,3.5,3.8,2.0,106.0,0.8828136718749999,True,CALL,2026-02-20,FIG
FIG260220C00026000,26.0,3.41,2.97,3.3,4.0,18.0,0.9077157666015624,True,CALL,2026-02-20,FIG
FIG260220C00027000,27.0,2.6,2.46,2.77,29.0,368.0,0.903321279296875,True,CALL,2026-02-20,FIG
FIG260220C00027500,27.5,2.43,2.25,2.56,6.0,53.0,0.9101571484375,False,CALL,2026-02-20,FIG
FIG260220C00028000,28.0,2.28,2.04,2.35,56.0,89.0,0.91211025390625,False,CALL,2026-02-20,FIG
FIG260220C00028500,28.5,1.95,1.85,2.11,30.0,54.0,0.9062509375,False,CALL,2026-02-20,FIG
FIG260220C00029000,29.0,1.75,1.68,1.95,1.0,129.0,0.913086806640625,False,CALL,2026-02-20,FIG
FIG260220C00029500,29.5,1.6,1.49,1.78,1.0,31.0,0.9091805957031249,False,CALL,2026-02-20,FIG
FIG260220C00030000,30.0,1.43,1.37,1.53,836.0,1993.0,0.8984385156249999,False,CALL,2026-02-20,FIG
FIG260220C00030500,30.5,1.7,1.1,1.47,1.0,10.0,0.8896495410156249,False,CALL,2026-02-20,FIG
FIG260220C00031000,31.0,1.25,1.14,1.3,17.0,136.0,0.9160164648437501,False,CALL,2026-02-20,FIG
FIG260220C00031500,31.5,1.16,1.04,1.23,5.0,124.0,0.930664755859375,False,CALL,2026-02-20,FIG
FIG260220C00032000,32.0,1.09,0.93,1.17,19.0,103.0,0.9423833886718749,False,CALL,2026-02-20,FIG
FIG260220C00032500,32.5,0.94,0.85,1.02,2.0,16.0,0.937500625,False,CALL,2026-02-20,FIG
FIG260220C00033000,33.0,0.75,0.76,0.98,199.0,405.0,0.9501958105468749,False,CALL,2026-02-20,FIG
FIG260220C00033500,33.5,0.8,0.69,0.89,10.0,251.0,0.9531254687499999,False,CALL,2026-02-20,FIG
FIG260220C00034000,34.0,0.68,0.55,0.8,5.0,240.0,0.9355475195312499,False,CALL,2026-02-20,FIG
FIG260220C00034500,34.5,0.74,0.54,0.77,2.0,148.0,0.9619144433593749,False,CALL,2026-02-20,FIG
FIG260220C00035000,35.0,0.59,0.52,0.64,271.0,2638.0,0.9570316796874999,False,CALL,2026-02-20,FIG
FIG260220C00035500,35.5,0.6,0.23,0.72,1.0,12.0,0.929688203125,False,CALL,2026-02-20,FIG
FIG260220P00020000,20.0,0.2,0.17,0.22,10.0,360.0,0.89257919921875,False,PUT,2026-02-20,FIG
FIG260220P00021000,21.0,0.3,0.27,0.33,3.0,40.0,0.8789074609374999,False,PUT,2026-02-20,FIG
FIG260220P00022000,22.0,0.45,0.45,0.5,1.0,56.0,0.885743330078125,False,PUT,2026-02-20,FIG
FIG260220P00022500,22.5,0.2,0.05,0.77,9.0,162.0,0.780275634765625,False,PUT,2026-02-20,FIG
FIG260220P00023000,23.0,0.72,0.66,0.79,5.0,46.0,0.9003916210937499,False,PUT,2026-02-20,FIG
FIG260220P00024000,24.0,1.08,0.93,1.04,28.0,136.0,0.885743330078125,False,PUT,2026-02-20,FIG
FIG260220P00025000,25.0,1.37,1.26,1.4,310.0,1955.0,0.8828136718749999,False,PUT,2026-02-20,FIG
FIG260220P00026000,26.0,1.64,1.66,1.84,246.0,2009.0,0.8828136718749999,False,PUT,2026-02-20,FIG
FIG260220P00027000,27.0,2.13,2.07,2.44,337.0,299.0,0.8886729882812499,False,PUT,2026-02-20,FIG
FIG260220P00027500,27.5,2.41,2.41,2.71,17.0,150.0,0.901368173828125,True,PUT,2026-02-20,FIG
FIG260220P00028000,28.0,2.77,2.54,3.0,26.0,497.0,0.8735364208984374,True,PUT,2026-02-20,FIG
FIG260220P00028500,28.5,3.2,3.0,3.35,2.0,103.0,0.911133701171875,True,PUT,2026-02-20,FIG
FIG260220P00029000,29.0,3.2,3.25,3.7,1.0,175.0,0.905274384765625,True,PUT,2026-02-20,FIG
FIG260220P00029500,29.5,2.1,3.65,4.0,2.0,39.0,0.913086806640625,True,PUT,2026-02-20,FIG
FIG260220P00030000,30.0,3.91,3.9,4.3,95.0,3601.0,0.8867198828124999,True,PUT,2026-02-20,FIG
FIG260220P00030500,30.5,4.65,4.4,4.7,1.0,24.0,0.922852333984375,True,PUT,2026-02-20,FIG
FIG260220P00031000,31.0,4.94,4.8,5.05,23.0,13.0,0.9257819921875,True,PUT,2026-02-20,FIG
FIG260220P00031500,31.5,4.31,4.9,5.75,1.0,141.0,0.9355475195312499,True,PUT,2026-02-20,FIG
FIG260220P00032000,32.0,5.4,5.55,5.85,6.0,3.0,0.929688203125,True,PUT,2026-02-20,FIG
FIG260220P00032500,32.5,6.25,5.75,6.3,1.0,7.0,0.8964854101562498,True,PUT,2026-02-20,FIG
FIG260220P00033000,33.0,5.2,5.8,7.1,2.0,110.0,0.90429783203125,True,PUT,2026-02-20,FIG
FIG260220P00033500,33.5,5.08,5.75,7.4,42.0,50.0,0.745119736328125,True,PUT,2026-02-20,FIG
FIG260220P00034000,34.0,6.33,5.75,7.85,3.0,2.0,0.570316796875,True,PUT,2026-02-20,FIG
FIG260220P00035000,35.0,8.19,8.2,8.4,53.0,2550.0,0.9785158398437501,True,PUT,2026-02-20,FIG
FIG260220P00035500,35.5,8.68,7.05,9.15,,1.0,1.19141029296875,True,PUT,2026-02-20,FIG
FIG260227C00024000,24.0,6.0,4.25,4.65,1.0,26.0,0.8339860351562498,True,CALL,2026-02-27,FIG
FIG260227C00025000,25.0,5.25,3.7,4.05,1.0,0.0,0.8544936425781251,True,CALL,2026-02-27,FIG
FIG260227C00026000,26.0,4.35,3.1,3.5,10.0,0.0,0.850587431640625,True,CALL,2026-02-27,FIG
FIG260227C00027000,27.0,2.91,2.63,2.98,5.0,17.0,0.852540537109375,True,CALL,2026-02-27,FIG
FIG260227C00028000,28.0,2.43,2.18,2.56,15.0,22.0,0.8544936425781251,False,CALL,2026-02-27,FIG
FIG260227C00029000,29.0,1.97,1.87,2.19,2.0,116.0,0.8686536572265625,False,CALL,2026-02-27,FIG
FIG260227C00030000,30.0,1.65,1.55,1.88,53.0,84.0,0.8745129736328124,False,CALL,2026-02-27,FIG
FIG260227C00031000,31.0,1.41,1.26,1.6,5.0,14.0,0.87500125,False,CALL,2026-02-27,FIG
FIG260227C00032000,32.0,1.29,0.93,1.36,15.0,149.0,0.860352958984375,False,CALL,2026-02-27,FIG
FIG260227C00033000,33.0,1.03,0.85,1.26,26.0,109.0,0.90429783203125,False,CALL,2026-02-27,FIG
FIG260227C00034000,34.0,0.82,0.71,1.0,105.0,140.0,0.8964854101562498,False,CALL,2026-02-27,FIG
FIG260227C00035000,35.0,0.75,0.75,1.26,37.0,346.0,1.0249072192382815,False,CALL,2026-02-27,FIG
FIG260227P00022000,22.0,0.54,0.51,0.74,4.0,8.0,0.858399853515625,False,PUT,2026-02-27,FIG
FIG260227P00023000,23.0,0.49,0.76,1.0,5.0,50.0,0.85937640625,False,PUT,2026-02-27,FIG
FIG260227P00024000,24.0,1.16,1.05,1.3,1.0,53.0,0.8520522607421875,False,PUT,2026-02-27,FIG
FIG260227P00025000,25.0,1.45,1.39,1.66,175.0,116.0,0.8437515624999999,False,PUT,2026-02-27,FIG
FIG260227P00026000,26.0,1.2,1.8,2.12,14.0,26.0,0.8437515624999999,False,PUT,2026-02-27,FIG
FIG260227P00027000,27.0,2.52,2.3,2.59,17.0,239.0,0.8398453515625,False,PUT,2026-02-27,FIG
FIG260227P00028000,28.0,3.0,2.85,3.15,7.0,177.0,0.8383805224609374,True,PUT,2026-02-27,FIG
FIG260227P00029000,29.0,3.6,3.6,3.8,1.0,153.0,0.8652357226562499,True,PUT,2026-02-27,FIG
FIG260227P00030000,30.0,3.28,4.15,4.55,4.0,140.0,0.8598646826171875,True,PUT,2026-02-27,FIG
FIG260227P00031000,31.0,4.42,4.9,5.3,2.0,60.0,0.8715833154296875,True,PUT,2026-02-27,FIG
FIG260227P00032000,32.0,5.31,5.7,6.1,3.0,72.0,0.8876964355468748,True,PUT,2026-02-27,FIG
FIG260227P00033000,33.0,6.75,6.5,6.85,3.0,131.0,0.8818371191406249,True,PUT,2026-02-27,FIG
FIG260227P00034000,34.0,6.6,5.95,9.25,2.0,92.0,0.922852333984375,True,PUT,2026-02-27,FIG
FIG260227P00035000,35.0,6.2,6.75,10.15,5.0,40.0,0.9257819921875,True,PUT,2026-02-27,FIG
FIG260306C00025000,25.0,4.97,3.9,4.25,1.0,1.0,0.8339860351562498,True,CALL,2026-03-06,FIG
FIG260306C00026000,26.0,3.0,3.3,3.7,2.0,1.0,0.8266618896484373,True,CALL,2026-03-06,FIG
FIG260306C00029000,29.0,2.25,1.95,2.41,1.0,27.0,0.8256853369140623,False,CALL,2026-03-06,FIG
FIG260306C00030000,30.0,2.0,1.72,2.07,57.0,40.0,0.840821904296875,False,CALL,2026-03-06,FIG
FIG260306C00031000,31.0,2.2,1.49,1.79,1.0,8.0,0.852540537109375,False,CALL,2026-03-06,FIG
FIG260306C00032000,32.0,1.41,1.25,1.54,3.0,15.0,0.8554701953125,False,CALL,2026-03-06,FIG
FIG260306C00034000,34.0,1.3,0.83,1.15,5.0,6.0,0.8564467480468749,False,CALL,2026-03-06,FIG
FIG260306C00035000,35.0,0.68,0.73,1.09,2.0,29.0,0.8876964355468748,False,CALL,2026-03-06,FIG
FIG260306P00020000,20.0,0.36,0.28,0.4,5.0,46.0,0.8164080859374999,False,PUT,2026-03-06,FIG
FIG260306P00022000,22.0,0.38,0.01,0.92,5.0,7.0,0.69336244140625,False,PUT,2026-03-06,FIG
FIG260306P00025000,25.0,1.65,1.62,1.83,26.0,18.0,0.8242205078124999,False,PUT,2026-03-06,FIG
FIG260306P00026000,26.0,1.2,1.94,2.4,1.0,3.0,0.8237322314453124,False,PUT,2026-03-06,FIG
FIG260306P00027000,27.0,2.6,2.44,2.8,3.0,3.0,0.8071308349609375,False,PUT,2026-03-06,FIG
FIG260320C00020000,20.0,7.75,7.4,9.4,5.0,184.0,1.041508698730469,True,CALL,2026-03-20,FIG
FIG260320C00022500,22.5,7.55,4.75,7.8,1.0,62.0,0.9018564501953125,True,CALL,2026-03-20,FIG
FIG260320C00025000,25.0,4.3,4.25,4.45,40.0,5828.0,0.7851583984375,True,CALL,2026-03-20,FIG
FIG260320C00030000,30.0,2.21,2.0,2.21,1307.0,1351.0,0.7685570019531252,False,CALL,2026-03-20,FIG
FIG260320C00035000,35.0,1.16,0.96,1.2,203.0,2415.0,0.8090839404296875,False,CALL,2026-03-20,FIG
FIG260320P00020000,20.0,0.52,0.43,0.54,25.0,504.0,0.7763694238281251,False,PUT,2026-03-20,FIG
FIG260320P00022500,22.5,1.1,0.93,1.25,60.0,618.0,0.7807639111328125,False,PUT,2026-03-20,FIG
FIG260320P00025000,25.0,1.98,1.83,2.05,570.0,970.0,0.7607445800781252,False,PUT,2026-03-20,FIG
FIG260320P00030000,30.0,4.9,4.75,4.95,57.0,1628.0,0.7851583984375,True,PUT,2026-03-20,FIG
FIG260320P00035000,35.0,7.95,8.45,8.9,231.0,2824.0,0.7832052929687501,True,PUT,2026-03-20,FIG
FIG260417C00020000,20.0,8.12,7.8,8.6,20.0,66.0,0.770510107421875,True,CALL,2026-04-17,FIG
FIG260417C00022500,22.5,6.89,6.2,6.65,2.0,52.0,0.7631859619140625,True,CALL,2026-04-17,FIG
FIG260417C00025000,25.0,5.05,4.75,5.1,74.0,167.0,0.75586181640625,True,CALL,2026-04-17,FIG
FIG260417C00030000,30.0,2.8,2.71,2.96,253.0,713.0,0.7629418237304688,False,CALL,2026-04-17,FIG
FIG260417C00035000,35.0,1.69,1.5,1.73,489.0,1760.0,0.7753928710937501,False,CALL,2026-04-17,FIG
FIG260417P00020000,20.0,0.77,0.71,0.79,21.0,127.0,0.7251004052734374,False,PUT,2026-04-17,FIG
FIG260417P00022500,22.5,1.48,1.39,1.6,59.0,238.0,0.7348659326171875,False,PUT,2026-04-17,FIG
FIG260417P00025000,25.0,2.47,2.39,2.5,306.0,1255.0,0.7211941943359376,False,PUT,2026-04-17,FIG
FIG260417P00030000,30.0,5.4,5.2,5.45,46.0,1331.0,0.7253445434570311,True,PUT,2026-04-17,FIG
FIG260417P00035000,35.0,9.28,8.8,9.3,9.0,1066.0,0.719729365234375,True,PUT,2026-04-17,FIG
FIG260618C00020000,20.0,8.65,8.8,9.45,1.0,103.0,0.7915059912109376,True,CALL,2026-06-18,FIG
FIG260618C00022500,22.5,8.25,7.3,7.85,2.0,68.0,0.7846701220703125,True,CALL,2026-06-18,FIG
FIG260618C00025000,25.0,6.35,6.0,6.5,23.0,101.0,0.7795432202148438,True,CALL,2026-06-18,FIG
FIG260618C00030000,30.0,4.1,4.0,4.25,52.0,527.0,0.7617211328125001,False,CALL,2026-06-18,FIG
FIG260618C00035000,35.0,2.84,2.61,2.92,104.0,546.0,0.76367423828125,False,CALL,2026-06-18,FIG
FIG260618P00020000,20.0,1.4,1.34,1.6,31.0,535.0,0.7172879833984375,False,PUT,2026-06-18,FIG
FIG260618P00022500,22.5,2.4,2.2,2.6,22.0,273.0,0.7199735034179688,False,PUT,2026-06-18,FIG
FIG260618P00025000,25.0,3.42,3.45,3.65,458.0,2012.0,0.7182645361328125,False,PUT,2026-06-18,FIG
FIG260618P00030000,30.0,6.4,6.35,6.6,26.0,2633.0,0.7131376342773439,True,PUT,2026-06-18,FIG
FIG260618P00035000,35.0,10.17,9.75,10.3,7.0,2909.0,0.6987334814453126,True,PUT,2026-06-18,FIG
FIG260717C00020000,20.0,9.26,8.75,9.95,1.0,34.0,0.7648949291992189,True,CALL,2026-07-17,FIG
FIG260717C00022500,22.5,7.75,7.55,8.2,9.0,8.0,0.7639183764648438,True,CALL,2026-07-17,FIG
FIG260717C00025000,25.0,6.35,6.35,6.9,42.0,480.0,0.7651390673828126,True,CALL,2026-07-17,FIG
FIG260717C00030000,30.0,4.61,4.25,4.65,2.0,386.0,0.737307314453125,False,CALL,2026-07-17,FIG
FIG260717C00035000,35.0,3.2,3.15,3.3,206.0,809.0,0.7592797509765626,False,CALL,2026-07-17,FIG
FIG260717P00020000,20.0,1.44,1.53,2.05,100.0,182.0,0.7180203979492188,False,PUT,2026-07-17,FIG
FIG260717P00022500,22.5,2.7,2.43,2.72,11.0,659.0,0.6848176049804688,False,PUT,2026-07-17,FIG
FIG260717P00025000,25.0,3.9,3.6,3.95,2.0,291.0,0.6872589868164063,False,PUT,2026-07-17,FIG
FIG260717P00030000,30.0,6.74,6.4,6.95,2.0,754.0,0.6762727685546877,True,PUT,2026-07-17,FIG
FIG260717P00035000,35.0,10.22,10.05,10.7,1.0,1445.0,0.6860382958984376,True,PUT,2026-07-17,FIG
FIG270115C00020000,20.0,12.0,11.0,12.0,1.0,244.0,0.8112811840820311,True,CALL,2027-01-15,FIG
FIG270115C00022500,22.5,11.3,9.7,10.4,2.0,142.0,0.7790549438476562,True,CALL,2027-01-15,FIG
FIG270115C00025000,25.0,8.7,8.7,8.8,29.0,435.0,0.752932158203125,True,CALL,2027-01-15,FIG
FIG270115C00030000,30.0,6.95,6.8,7.15,72.0,1391.0,0.7521997436523438,False,CALL,2027-01-15,FIG
FIG270115C00035000,35.0,5.6,5.45,5.8,52.0,1153.0,0.7536645727539062,False,CALL,2027-01-15,FIG
FIG270115P00020000,20.0,3.05,3.05,3.2,36.0,348.0,0.6752962158203126,False,PUT,2027-01-15,FIG
FIG270115P00022500,22.5,4.1,4.1,4.5,4.0,187.0,0.672122419433594,False,PUT,2027-01-15,FIG
FIG270115P00025000,25.0,5.51,5.35,5.6,75.0,6391.0,0.6523472265625001,False,PUT,2027-01-15,FIG
FIG270115P00030000,30.0,8.62,8.25,8.8,56.0,1462.0,0.6435582519531251,True,PUT,2027-01-15,FIG
FIG270115P00035000,35.0,12.1,11.9,12.85,4.0,1467.0,0.6661410339355471,True,PUT,2027-01-15,FIG
FIG280121C00020000,20.0,14.0,13.35,14.95,20.0,337.0,0.8057880749511719,True,CALL,2028-01-21,FIG
FIG280121C00022500,22.5,15.0,11.7,14.5,1.0,28.0,0.7939473730468749,True,CALL,2028-01-21,FIG
FIG280121C00025000,25.0,12.17,11.5,12.5,11.0,314.0,0.7725852819824219,True,CALL,2028-01-21,FIG
FIG280121C00030000,30.0,10.39,10.0,10.7,93.0,1154.0,0.7587914746093751,False,CALL,2028-01-21,FIG
FIG280121C00035000,35.0,8.75,8.5,9.4,13.0,362.0,0.7463404272460938,False,CALL,2028-01-21,FIG
FIG280121P00020000,20.0,4.8,4.6,4.95,13.0,196.0,0.6186561572265626,False,PUT,2028-01-21,FIG
FIG280121P00022500,22.5,6.1,5.65,6.3,2.0,104.0,0.602787175292969,False,PUT,2028-01-21,FIG
FIG280121P00025000,25.0,7.05,7.15,8.1,4.0,1468.0,0.6137733935546876,False,PUT,2028-01-21,FIG
FIG280121P00030000,30.0,10.7,9.35,11.65,1.0,3435.0,0.5815471533203125,True,PUT,2028-01-21,FIG
FIG280121P00035000,35.0,13.59,13.55,15.0,14.0,892.0,0.5891154370117189,True,PUT,2028-01-21,FIG
FLNC260220C00022000,22.0,9.6,9.4,10.4,23.0,1944.0,1.541017919921875,True,CALL,2026-02-20,FLNC
FLNC260220C00023000,23.0,9.1,8.6,9.1,2.0,1085.0,1.3750031249999999,True,CALL,2026-02-20,FLNC
FLNC260220C00024000,24.0,8.21,8.0,8.2,35.0,908.0,1.365237548828125,True,CALL,2026-02-20,FLNC
FLNC260220C00025000,25.0,7.6,7.1,7.5,274.0,973.0,1.3173862255859374,True,CALL,2026-02-20,FLNC
FLNC260220C00026000,26.0,6.77,6.4,6.9,26.0,1355.0,1.3212924560546875,True,CALL,2026-02-20,FLNC
FLNC260220C00027000,27.0,6.1,5.8,6.2,40.0,1451.0,1.307620649414062,True,CALL,2026-02-20,FLNC
FLNC260220C00028000,28.0,5.56,5.3,5.6,59.0,2143.0,1.3164096679687498,True,CALL,2026-02-20,FLNC
FLNC260220C00029000,29.0,5.05,4.7,5.0,23.0,604.0,1.2919957275390623,True,CALL,2026-02-20,FLNC
FLNC260220C00030000,30.0,4.45,4.2,4.4,201.0,2732.0,1.272464575195312,True,CALL,2026-02-20,FLNC
FLNC260220C00031000,31.0,4.0,3.8,4.2,117.0,1446.0,1.3217807348632813,False,CALL,2026-02-20,FLNC
FLNC260220C00032000,32.0,3.8,3.4,3.8,44.0,769.0,1.3247104077148437,False,CALL,2026-02-20,FLNC
FLNC260220C00033000,33.0,3.2,3.0,3.3,178.0,1016.0,1.2998081884765622,False,CALL,2026-02-20,FLNC
FLNC260220C00034000,34.0,2.75,2.7,2.95,41.0,608.0,1.3046909765624997,False,CALL,2026-02-20,FLNC
FLNC260220C00035000,35.0,2.65,2.3,2.7,15.0,480.0,1.2988316308593748,False,CALL,2026-02-20,FLNC
FLNC260220C00036000,36.0,2.1,2.05,2.25,37.0,71.0,1.2734411328124997,False,CALL,2026-02-20,FLNC
FLNC260220C00037000,37.0,2.15,1.75,2.2,176.0,327.0,1.2988316308593748,False,CALL,2026-02-20,FLNC
FLNC260220C00038000,38.0,1.68,1.55,1.75,19.0,1431.0,1.26172244140625,False,CALL,2026-02-20,FLNC
FLNC260220C00039000,39.0,1.45,1.3,1.7,6.0,118.0,1.2788121997070312,False,CALL,2026-02-20,FLNC
FLNC260220C00040000,40.0,1.3,1.2,1.5,215.0,265.0,1.2890660546875,False,CALL,2026-02-20,FLNC
FLNC260220P00022000,22.0,0.6,0.55,0.7,20.0,906.0,1.2793004785156248,False,PUT,2026-02-20,FLNC
FLNC260220P00023000,23.0,0.82,0.65,0.85,11.0,219.0,1.2324257128906249,False,PUT,2026-02-20,FLNC
FLNC260220P00024000,24.0,0.82,0.6,1.1,16.0,205.0,1.162113564453125,False,PUT,2026-02-20,FLNC
FLNC260220P00025000,25.0,1.15,1.15,1.35,41.0,341.0,1.2265663671875,False,PUT,2026-02-20,FLNC
FLNC260220P00026000,26.0,1.55,1.4,1.65,28.0,497.0,1.2080117724609374,False,PUT,2026-02-20,FLNC
FLNC260220P00027000,27.0,1.88,1.55,2.0,3.0,159.0,1.1640666796875,False,PUT,2026-02-20,FLNC
FLNC260220P00028000,28.0,2.7,2.25,2.4,17.0,185.0,1.2172890698242185,False,PUT,2026-02-20,FLNC
FLNC260220P00029000,29.0,2.93,2.5,2.8,14.0,173.0,1.171879140625,False,PUT,2026-02-20,FLNC
FLNC260220P00030000,30.0,3.07,3.1,3.3,131.0,289.0,1.1889688989257814,False,PUT,2026-02-20,FLNC
FLNC260220P00031000,31.0,3.7,3.7,3.8,61.0,118.0,1.1909220141601562,True,PUT,2026-02-20,FLNC
FLNC260220P00032000,32.0,4.1,4.2,4.4,11.0,31.0,1.179203322753906,True,PUT,2026-02-20,FLNC
FLNC260220P00033000,33.0,5.4,4.7,5.1,2.0,2.0,1.1704143041992188,True,PUT,2026-02-20,FLNC
FLNC260220P00035000,35.0,6.2,5.8,6.4,1.0,14.0,1.1142622412109375,True,PUT,2026-02-20,FLNC
FLNC260220P00037000,37.0,14.92,7.3,7.9,2.0,2.0,1.1103560107421875,True,PUT,2026-02-20,FLNC
FLNC260220P00038000,38.0,16.8,7.7,8.7,1.0,1.0,1.0312548437500002,True,PUT,2026-02-20,FLNC
FLNC260320C00022000,22.0,7.3,9.1,11.6,1.0,1.0,1.199711032714844,True,CALL,2026-03-20,FLNC
FLNC260320C00023000,23.0,7.94,8.4,10.7,1.0,2.0,1.162113564453125,True,CALL,2026-03-20,FLNC
FLNC260320C00024000,24.0,7.72,7.7,10.0,2.0,2.0,1.1499065942382813,True,CALL,2026-03-20,FLNC
FLNC260320C00025000,25.0,8.5,8.2,9.4,4.0,113.0,1.3085972070312497,True,CALL,2026-03-20,FLNC
FLNC260320C00026000,26.0,7.72,7.5,8.1,4.0,143.0,1.193363408203125,True,CALL,2026-03-20,FLNC
FLNC260320C00027000,27.0,7.36,7.0,7.5,12.0,61.0,1.1928751293945314,True,CALL,2026-03-20,FLNC
FLNC260320C00028000,28.0,6.57,5.7,7.1,2.0,25.0,1.1123091259765625,True,CALL,2026-03-20,FLNC
FLNC260320C00029000,29.0,6.28,6.0,6.6,17.0,74.0,1.2036172631835935,True,CALL,2026-03-20,FLNC
FLNC260320C00030000,30.0,5.72,5.5,6.0,106.0,880.0,1.1806681591796875,True,CALL,2026-03-20,FLNC
FLNC260320C00031000,31.0,5.2,5.0,5.8,7.0,39.0,1.1970254992675784,False,CALL,2026-03-20,FLNC
FLNC260320C00032000,32.0,5.1,4.7,5.2,76.0,282.0,1.1845743896484375,False,CALL,2026-03-20,FLNC
FLNC260320C00033000,33.0,4.8,4.3,4.8,2.0,46.0,1.1774943469238282,False,CALL,2026-03-20,FLNC
FLNC260320C00035000,35.0,4.05,3.6,4.2,106.0,122.0,1.1796916015624999,False,CALL,2026-03-20,FLNC
FLNC260320C00036000,36.0,3.6,3.2,3.9,1.0,8.0,1.1674846313476563,False,CALL,2026-03-20,FLNC
FLNC260320C00037000,37.0,3.1,3.0,3.6,1.0,38.0,1.1728556982421874,False,CALL,2026-03-20,FLNC
FLNC260320C00039000,39.0,2.9,2.55,3.0,2.0,35.0,1.1640666796875,False,CALL,2026-03-20,FLNC
FLNC260320C00040000,40.0,2.7,2.2,2.85,15.0,88.0,1.15625421875,False,CALL,2026-03-20,FLNC
FLNC260320P00022000,22.0,1.06,0.9,1.65,1.0,38.0,1.119145029296875,False,PUT,2026-03-20,FLNC
FLNC260320P00023000,23.0,1.62,1.35,1.7,10.0,25.0,1.1054732226562503,False,PUT,2026-03-20,FLNC
FLNC260320P00024000,24.0,2.11,1.5,2.3,17.0,24.0,1.1201215869140624,False,PUT,2026-03-20,FLNC
FLNC260320P00025000,25.0,2.28,1.9,2.45,1.0,23.0,1.094242810058594,False,PUT,2026-03-20,FLNC
FLNC260320P00026000,26.0,2.45,2.35,2.8,1.0,49.0,1.0952193676757815,False,PUT,2026-03-20,FLNC
FLNC260320P00027000,27.0,2.8,2.8,3.3,1.0,29.0,1.1054732226562503,False,PUT,2026-03-20,FLNC
FLNC260320P00028000,28.0,3.7,3.2,3.7,15.0,40.0,1.0883834643554686,False,PUT,2026-03-20,FLNC
FLNC260320P00029000,29.0,4.8,3.3,4.3,85.0,93.0,1.052739111328125,False,PUT,2026-03-20,FLNC
FLNC260320P00030000,30.0,4.59,3.8,4.7,4.0,46.0,1.0341845166015626,False,PUT,2026-03-20,FLNC
FLNC260320P00031000,31.0,4.9,4.6,5.3,10.0,2.0,1.0639695239257816,True,PUT,2026-03-20,FLNC
FLNC260320P00032000,32.0,5.5,5.0,5.9,10.0,7.0,1.0424852563476565,True,PUT,2026-03-20,FLNC
FLNC260320P00035000,35.0,10.9,6.9,8.5,,1.0,1.1035201074218752,True,PUT,2026-03-20,FLNC
FLNC260515C00022000,22.0,11.9,10.7,12.9,1.0,5473.0,1.1557659399414062,True,CALL,2026-05-15,FLNC
FLNC260515C00023000,23.0,12.0,10.4,12.5,1.0,662.0,1.2016641479492187,True,CALL,2026-05-15,FLNC
FLNC260515C00024000,24.0,10.6,9.4,11.7,20.0,2221.0,1.1313519995117187,True,CALL,2026-05-15,FLNC
FLNC260515C00025000,25.0,10.47,9.9,10.5,85.0,10448.0,1.1640666796875,True,CALL,2026-05-15,FLNC
FLNC260515C00026000,26.0,9.79,9.3,10.3,4.0,76.0,1.1811564379882813,True,CALL,2026-05-15,FLNC
FLNC260515C00027000,27.0,8.49,9.0,10.1,3.0,474.0,1.21875390625,True,CALL,2026-05-15,FLNC
FLNC260515C00028000,28.0,8.65,8.3,9.6,1.0,88.0,1.19141029296875,True,CALL,2026-05-15,FLNC
FLNC260515C00029000,29.0,7.75,7.7,8.9,9.0,306.0,1.1540569641113283,True,CALL,2026-05-15,FLNC
FLNC260515C00030000,30.0,7.98,7.5,8.4,144.0,2997.0,1.1628459826660156,True,CALL,2026-05-15,FLNC
FLNC260515C00031000,31.0,7.0,6.8,7.9,1.0,131.0,1.12891060546875,False,CALL,2026-05-15,FLNC
FLNC260515C00032000,32.0,7.39,6.8,7.5,43.0,31.0,1.1547893823242186,False,CALL,2026-05-15,FLNC
FLNC260515C00033000,33.0,6.83,6.6,7.0,3.0,361.0,1.1540569641113283,False,CALL,2026-05-15,FLNC
FLNC260515C00034000,34.0,4.37,6.0,7.0,3.0,48.0,1.1584514733886717,False,CALL,2026-05-15,FLNC
FLNC260515C00035000,35.0,6.21,5.8,6.7,23.0,284.0,1.1677287707519532,False,CALL,2026-05-15,FLNC
FLNC260515C00036000,36.0,5.35,5.3,6.4,19.0,699.0,1.1518597094726561,False,CALL,2026-05-15,FLNC
FLNC260515C00037000,37.0,2.95,5.0,6.1,3.0,76.0,1.1489300366210937,False,CALL,2026-05-15,FLNC
FLNC260515C00038000,38.0,5.5,4.9,5.4,2.0,612.0,1.12891060546875,False,CALL,2026-05-15,FLNC
FLNC260515C00039000,39.0,4.19,4.5,5.5,3.0,19.0,1.144291387939453,False,CALL,2026-05-15,FLNC
FLNC260515P00022000,22.0,3.0,2.15,3.0,2.0,290.0,1.0742233789062503,False,PUT,2026-05-15,FLNC
FLNC260515P00023000,23.0,4.45,2.4,3.6,4.0,483.0,1.0791061669921875,False,PUT,2026-05-15,FLNC
FLNC260515P00024000,24.0,4.1,2.8,4.0,4.0,86.0,1.0732468212890627,False,PUT,2026-05-15,FLNC
FLNC260515P00025000,25.0,4.0,3.3,4.2,20.0,455.0,1.0532273901367186,False,PUT,2026-05-15,FLNC
FLNC260515P00026000,26.0,4.16,3.7,4.5,4.0,63.0,1.0297900073242188,False,PUT,2026-05-15,FLNC
FLNC260515P00027000,27.0,6.3,4.2,5.4,2.0,557.0,1.0639695239257816,False,PUT,2026-05-15,FLNC
FLNC260515P00028000,28.0,6.82,4.7,5.8,1.0,106.0,1.049565299072266,False,PUT,2026-05-15,FLNC
FLNC260515P00029000,29.0,6.0,5.6,6.1,2.0,2264.0,1.056645341796875,False,PUT,2026-05-15,FLNC
FLNC260515P00030000,30.0,7.0,5.6,7.0,1.0,960.0,1.035649353027344,False,PUT,2026-05-15,FLNC
FLNC260515P00031000,31.0,12.6,6.2,7.5,8.0,13.0,1.0273486132812502,True,PUT,2026-05-15,FLNC
FLNC260515P00032000,32.0,10.6,6.9,8.5,5.0,7.0,1.0620164086914063,True,PUT,2026-05-15,FLNC
FLNC260515P00033000,33.0,16.0,14.7,17.1,1.0,1.0,2.284916397094727,True,PUT,2026-05-15,FLNC
FLNC260515P00035000,35.0,11.08,8.8,10.5,1.0,21.0,1.0546922265625,True,PUT,2026-05-15,FLNC
FLNC260515P00036000,36.0,15.2,9.4,10.6,1.0,1.0,1.001958115234375,True,PUT,2026-05-15,FLNC
FLNC260821C00022000,22.0,13.59,13.2,14.6,3.0,26.0,1.15625421875,True,CALL,2026-08-21,FLNC
FLNC260821C00023000,23.0,9.8,12.2,14.4,1.0,24.0,1.1376996240234376,True,CALL,2026-08-21,FLNC
FLNC260821C00024000,24.0,8.4,11.3,13.8,1.0,4.0,1.0964400646972656,True,CALL,2026-08-21,FLNC
FLNC260821C00025000,25.0,12.0,11.9,12.9,3.0,98.0,1.136967205810547,True,CALL,2026-08-21,FLNC
FLNC260821C00026000,26.0,6.6,11.1,12.6,,4.0,1.1198774475097655,True,CALL,2026-08-21,FLNC
FLNC260821C00027000,27.0,10.5,11.0,12.5,50.0,158.0,1.1591838916015624,True,CALL,2026-08-21,FLNC
FLNC260821C00028000,28.0,9.3,9.6,12.2,4.0,8.0,1.1003462951660157,True,CALL,2026-08-21,FLNC
FLNC260821C00029000,29.0,11.23,10.6,11.3,1.0,6.0,1.1525921276855469,True,CALL,2026-08-21,FLNC
FLNC260821C00030000,30.0,9.8,9.1,11.1,4.0,74.0,1.0927779736328125,True,CALL,2026-08-21,FLNC
FLNC260821C00031000,31.0,9.0,9.1,10.8,1.0,3.0,1.1159712170410154,False,CALL,2026-08-21,FLNC
FLNC260821C00032000,32.0,10.1,9.4,10.0,50.0,5.0,1.125004375,False,CALL,2026-08-21,FLNC
FLNC260821C00033000,33.0,8.63,8.7,10.1,3.0,16.0,1.1267133508300784,False,CALL,2026-08-21,FLNC
FLNC260821C00034000,34.0,8.76,8.3,9.8,1.0,19.0,1.12109814453125,False,CALL,2026-08-21,FLNC
FLNC260821C00035000,35.0,8.67,8.0,9.4,6.0,18.0,1.1145063806152344,False,CALL,2026-08-21,FLNC
FLNC260821C00036000,36.0,6.0,7.7,9.2,1.0,9.0,1.1176801928710938,False,CALL,2026-08-21,FLNC
FLNC260821C00037000,37.0,8.04,7.4,8.8,39.0,54.0,1.1086470349121096,False,CALL,2026-08-21,FLNC
FLNC260821C00038000,38.0,6.17,7.1,8.7,1.0,1.0,1.1149946594238282,False,CALL,2026-08-21,FLNC
FLNC260821C00039000,39.0,7.45,6.8,8.4,1.0,113.0,1.1091353137207034,False,CALL,2026-08-21,FLNC
FLNC260821C00040000,40.0,7.3,6.7,8.0,35.0,163.0,1.1079146166992189,False,CALL,2026-08-21,FLNC
FLNC260821P00022000,22.0,4.3,3.9,4.4,7.0,21.0,1.01953615234375,False,PUT,2026-08-21,FLNC
FLNC260821P00023000,23.0,4.9,4.3,4.9,1.0,7.0,1.0139209460449217,False,PUT,2026-08-21,FLNC
FLNC260821P00024000,24.0,6.7,4.6,5.4,17.0,30.0,0.9987793090820312,False,PUT,2026-08-21,FLNC
FLNC260821P00026000,26.0,7.6,5.9,7.3,,2.0,1.0673874755859378,False,PUT,2026-08-21,FLNC
FLNC260821P00027000,27.0,7.5,6.5,7.9,4.0,6.0,1.0695847302246095,False,PUT,2026-08-21,FLNC
FLNC260821P00028000,28.0,7.73,6.9,8.3,1.0,22.0,1.0446825109863282,False,PUT,2026-08-21,FLNC
FLNC260821P00030000,30.0,10.2,8.2,9.6,1.0,2.0,1.0512742749023438,False,PUT,2026-08-21,FLNC
FLNC260821P00032000,32.0,13.9,9.2,10.9,,2.0,1.0327196801757816,True,PUT,2026-08-21,FLNC
FLNC260821P00034000,34.0,11.6,10.8,11.6,3.0,1.0,1.0087940185546875,True,PUT,2026-08-21,FLNC
FLNC260821P00035000,35.0,12.3,11.3,12.6,1.0,2.0,1.0141650854492186,True,PUT,2026-08-21,FLNC
FLNC260821P00036000,36.0,13.0,12.0,13.3,1.0,1.0,1.0127002490234376,True,PUT,2026-08-21,FLNC
FLNC260821P00038000,38.0,14.4,13.4,14.7,1.0,2.0,1.0058643457031249,True,PUT,2026-08-21,FLNC
FLNC270115C00022000,22.0,15.3,15.3,16.8,12.0,285.0,1.1350140905761719,True,CALL,2027-01-15,FLNC
FLNC270115C00025000,25.0,14.95,14.2,15.3,25.0,1500.0,1.1167036352539061,True,CALL,2027-01-15,FLNC
FLNC270115C00027000,27.0,14.16,13.4,14.8,4.0,382.0,1.1214643536376954,True,CALL,2027-01-15,FLNC
FLNC270115C00030000,30.0,13.28,12.5,13.3,36.0,468.0,1.0969283435058594,True,CALL,2027-01-15,FLNC
FLNC270115C00032000,32.0,12.2,11.5,13.0,1.0,213.0,1.0910689978027346,False,CALL,2027-01-15,FLNC
FLNC270115C00035000,35.0,11.65,11.0,12.2,3.0,807.0,1.1057173620605472,False,CALL,2027-01-15,FLNC
FLNC270115C00037000,37.0,11.0,10.2,11.7,11.0,392.0,1.091801416015625,False,CALL,2027-01-15,FLNC
FLNC270115P00022000,22.0,7.0,5.2,6.9,45.0,162.0,0.9991455163574219,False,PUT,2027-01-15,FLNC
FLNC270115P00025000,25.0,8.0,6.8,8.6,294.0,362.0,0.9882813671875,False,PUT,2027-01-15,FLNC
FLNC270115P00027000,27.0,9.4,7.9,9.6,1.0,126.0,0.9689944506835937,False,PUT,2027-01-15,FLNC
FLNC270115P00030000,30.0,12.15,9.7,11.7,5.0,22.0,0.9683841052246094,False,PUT,2027-01-15,FLNC
FLNC270115P00035000,35.0,15.8,13.1,15.2,5.0,73.0,0.9633792724609375,True,PUT,2027-01-15,FLNC
FLNC270115P00037000,37.0,16.17,14.4,16.6,4.0,32.0,0.9526371923828124,True,PUT,2027-01-15,FLNC
FLNC280121C00022000,22.0,18.07,17.7,21.0,1.0,38.0,1.0822799792480469,True,CALL,2028-01-21,FLNC
FLNC280121C00025000,25.0,18.7,17.0,20.0,14.0,381.0,1.0815475610351561,True,CALL,2028-01-21,FLNC
FLNC280121C00027000,27.0,17.8,16.0,19.5,2.0,122.0,1.0622605480957032,True,CALL,2028-01-21,FLNC
FLNC280121C00030000,30.0,16.23,15.5,18.5,8.0,833.0,1.0607957116699218,True,CALL,2028-01-21,FLNC
FLNC280121C00032000,32.0,16.9,15.6,17.9,6.0,8.0,1.076176494140625,False,CALL,2028-01-21,FLNC
FLNC280121C00035000,35.0,15.45,14.0,17.4,1.0,63.0,1.0456590686035159,False,CALL,2028-01-21,FLNC
FLNC280121C00037000,37.0,15.21,13.8,17.0,13.0,600.0,1.052739111328125,False,CALL,2028-01-21,FLNC
FLNC280121C00040000,40.0,14.9,13.0,16.5,2.0,55.0,1.0466356262207035,False,CALL,2028-01-21,FLNC
FLNC280121P00022000,22.0,11.2,6.5,11.4,1.0,12.0,0.9421392504882812,False,PUT,2028-01-21,FLNC
FLNC280121P00025000,25.0,12.6,8.5,13.5,1.0,14.0,0.9439702868652342,False,PUT,2028-01-21,FLNC
FLNC280121P00035000,35.0,21.8,0.0,0.0,2.0,2.0,1.0000000000000003e-05,True,PUT,2028-01-21,FLNC
FLNC280121P00037000,37.0,20.35,17.0,21.5,5.0,8.0,0.898316446533203,True,PUT,2028-01-21,FLNC
FNB260220C00012500,12.5,5.2,4.3,5.5,4.0,0.0,1.478518232421875,True,CALL,2026-02-20,FNB
FNB260220C00015000,15.0,2.51,2.0,3.0,4.0,252.0,0.8984385156249999,True,CALL,2026-02-20,FNB
FNB260220C00017500,17.5,0.42,0.15,0.75,1.0,326.0,0.4414118359375,False,CALL,2026-02-20,FNB
FNB260220C00020000,20.0,0.1,0.0,0.1,10.0,112.0,0.42969320312500003,False,CALL,2026-02-20,FNB
FNB260220C00022500,22.5,0.05,0.0,0.75,,4.0,0.975586181640625,False,CALL,2026-02-20,FNB
FNB260220P00012500,12.5,0.7,0.0,1.6,,2.0,1.7265638671875,False,PUT,2026-02-20,FNB
FNB260220P00015000,15.0,0.3,0.0,0.75,1.0,132.0,0.7617211328125001,False,PUT,2026-02-20,FNB
FNB260220P00017500,17.5,0.55,0.5,0.6,34.0,83.0,0.33008482421874996,True,PUT,2026-02-20,FNB
FNB260320C00012500,12.5,4.88,4.3,5.5,4.0,4.0,0.992187578125,True,CALL,2026-03-20,FNB
FNB260320C00017500,17.5,0.63,0.3,1.0,1.0,1.0,0.39258419921875,False,CALL,2026-03-20,FNB
FNB260320C00020000,20.0,0.19,0.0,0.5,,33.0,0.5117236328125,False,CALL,2026-03-20,FNB
FNB260515C00012500,12.5,5.12,4.4,5.6,5.0,5.0,0.7319362744140624,True,CALL,2026-05-15,FNB
FNB260515C00015000,15.0,2.75,2.1,3.3,1.0,39.0,0.5205126074218749,True,CALL,2026-05-15,FNB
FNB260515C00017500,17.5,1.93,0.4,1.55,2.0,33.0,0.41748629394531245,False,CALL,2026-05-15,FNB
FNB260515C00020000,20.0,0.05,0.0,0.6,21.0,145.0,0.38477177734374995,False,CALL,2026-05-15,FNB
FNB260515C00022500,22.5,0.15,0.0,0.95,5.0,7.0,0.649417568359375,False,CALL,2026-05-15,FNB
FNB260515P00015000,15.0,0.35,0.0,0.8,2.0,45.0,0.5053760400390624,False,PUT,2026-05-15,FNB
FNB260515P00017500,17.5,1.12,0.05,3.3,,1.0,0.8764660791015625,True,PUT,2026-05-15,FNB
FNB260821C00012500,12.5,5.5,4.5,5.7,1.0,4.0,0.5610395458984375,True,CALL,2026-08-21,FNB
FNB260821C00015000,15.0,3.26,2.2,3.7,2.0,2.0,0.46973186523437505,True,CALL,2026-08-21,FNB
FNB260821C00017500,17.5,1.9,0.05,2.8,54.0,76.0,0.543949873046875,False,CALL,2026-08-21,FNB
FNB260821C00020000,20.0,0.5,0.1,1.0,3.0,11.0,0.3627993408203125,False,CALL,2026-08-21,FNB
FNB260821C00022500,22.5,0.25,0.0,0.75,2.0,8.0,0.4233456103515625,False,CALL,2026-08-21,FNB
FNB260821P00015000,15.0,0.63,0.0,1.15,25.0,25.0,0.44824770507812495,False,PUT,2026-08-21,FNB
FOX260220C00050000,50.0,15.72,12.8,17.0,,10.0,1.272464575195312,True,CALL,2026-02-20,FOX
FOX260220C00055000,55.0,10.77,8.0,12.0,,10.0,0.96289099609375,True,CALL,2026-02-20,FOX
FOX260220C00060000,60.0,8.4,3.4,7.5,1.0,21.0,0.7453638745117188,True,CALL,2026-02-20,FOX
FOX260220C00065000,65.0,2.16,0.45,2.6,6.0,41.0,0.40820904296875,False,CALL,2026-02-20,FOX
FOX260220C00070000,70.0,0.4,0.0,0.95,2.0,8.0,0.41358008300781246,False,CALL,2026-02-20,FOX
FOX260220P00055000,55.0,0.26,0.0,2.6,6.0,8.0,0.7812521875,False,PUT,2026-02-20,FOX
FOX260220P00060000,60.0,0.67,0.3,2.5,1.0,5.0,0.52539537109375,False,PUT,2026-02-20,FOX
FOX260220P00065000,65.0,1.7,0.9,4.8,10.0,12.0,0.7304714453125,True,PUT,2026-02-20,FOX
FOX260220P00070000,70.0,4.5,3.5,8.0,,1.0,0.7475611181640626,True,PUT,2026-02-20,FOX
FOX260220P00075000,75.0,9.0,8.2,12.5,,0.0,0.8845226391601562,True,PUT,2026-02-20,FOX
FOX260320C00050000,50.0,10.0,0.0,0.0,1.0,1.0,1.0000000000000003e-05,True,CALL,2026-03-20,FOX
FOX260320C00060000,60.0,6.0,3.5,8.0,4.0,8.0,0.5588423022460938,True,CALL,2026-03-20,FOX
FOX260320C00065000,65.0,3.56,0.5,4.9,1.0,4.0,0.5123339782714844,False,CALL,2026-03-20,FOX
FOX260320C00070000,70.0,1.97,0.0,3.8,1.0,1.0,0.5993692407226563,False,CALL,2026-03-20,FOX
FOX260320P00055000,55.0,1.82,0.0,0.0,5.0,5.0,0.12500875,False,PUT,2026-03-20,FOX
FOX260320P00060000,60.0,1.08,0.0,3.4,6.0,7.0,0.5925333715820313,False,PUT,2026-03-20,FOX
FOX260417C00050000,50.0,13.05,13.0,17.5,1.0,6.0,0.7514673291015624,True,CALL,2026-04-17,FOX
FOX260417C00055000,55.0,9.4,8.6,12.5,2.0,14.0,0.5754436987304687,True,CALL,2026-04-17,FOX
FOX260417C00060000,60.0,8.1,4.0,8.5,10.0,11.0,0.4953663745117188,True,CALL,2026-04-17,FOX
FOX260417C00065000,65.0,3.65,1.3,6.0,2.0,9.0,0.5034229345703125,False,CALL,2026-04-17,FOX
FOX260417C00070000,70.0,1.8,0.5,4.9,,7.0,0.5744671459960937,False,CALL,2026-04-17,FOX
FOX260417C00075000,75.0,1.5,0.0,2.4,3.0,5.0,0.47827670166015623,False,CALL,2026-04-17,FOX
FOX260417C00080000,80.0,0.55,0.0,1.65,,2.0,0.49707534179687507,False,CALL,2026-04-17,FOX
FOX260417P00050000,50.0,2.72,0.0,0.0,12.0,0.0,0.12500875,False,PUT,2026-04-17,FOX
FOX260417P00055000,55.0,0.8,0.0,0.0,5.0,7.0,0.062509375,False,PUT,2026-04-17,FOX
FOX260417P00060000,60.0,0.75,0.0,4.0,4.0,4.0,0.5312546875,False,PUT,2026-04-17,FOX
FOX260417P00065000,65.0,4.07,1.1,5.1,1.0,2.0,0.41919526123046874,True,PUT,2026-04-17,FOX
FOX260618C00050000,50.0,11.72,0.0,0.0,3.0,3.0,1.0000000000000003e-05,True,CALL,2026-06-18,FOX
FOX260618C00060000,60.0,10.45,6.9,8.3,2.0,12.0,0.3569400244140625,True,CALL,2026-06-18,FOX
FOX260618C00070000,70.0,3.32,0.5,5.3,1.0,0.0,0.45508357421875,False,CALL,2026-06-18,FOX
FOX260618C00075000,75.0,2.7,0.0,3.6,,5.0,0.4409235595703125,False,CALL,2026-06-18,FOX
FOX260618P00050000,50.0,2.39,0.0,0.0,1.0,2.0,0.12500875,False,PUT,2026-06-18,FOX
FOX260618P00055000,55.0,0.5,0.0,0.0,5.0,10.0,0.062509375,False,PUT,2026-06-18,FOX
FOX260618P00065000,65.0,4.5,2.0,6.8,,1.0,0.42017181396484377,True,PUT,2026-06-18,FOX
FOX260618P00070000,70.0,7.32,5.3,9.5,1.0,0.0,0.3980773083496094,True,PUT,2026-06-18,FOX
FOX260717C00055000,55.0,12.2,9.5,14.0,12.0,6.0,0.5006153454589843,True,CALL,2026-07-17,FOX
FOX260717C00060000,60.0,10.86,6.0,10.5,2.0,4.0,0.46155323608398446,True,CALL,2026-07-17,FOX
FOX260717C00065000,65.0,5.85,3.1,7.9,2.0,5.0,0.4515435705566406,False,CALL,2026-07-17,FOX
FOX260717C00070000,70.0,4.2,1.05,5.9,1.0,5.0,0.44861391235351555,False,CALL,2026-07-17,FOX
FOX260717C00075000,75.0,2.06,0.0,4.0,1.0,2.0,0.42578699218750005,False,CALL,2026-07-17,FOX
FOX260717P00065000,65.0,4.25,3.8,5.0,2.0,44.0,0.280158565673828,True,PUT,2026-07-17,FOX
FOX260717P00080000,80.0,15.2,13.5,17.8,10.0,3.0,0.41370215209960937,True,PUT,2026-07-17,FOX
FSM260220C00010000,10.0,1.5,1.5,1.7,313.0,1778.0,0.6796907031250001,True,CALL,2026-02-20,FSM
FSM260220C00012500,12.5,0.37,0.35,0.45,207.0,5257.0,0.7148466015625,False,CALL,2026-02-20,FSM
FSM260220P00010000,10.0,0.21,0.15,0.25,27.0,1139.0,0.6289099609375001,False,PUT,2026-02-20,FSM
FSM260220P00012500,12.5,1.3,1.45,1.55,22.0,286.0,0.6757844921875001,True,PUT,2026-02-20,FSM
FSM260320C00010000,10.0,2.0,1.95,2.0,130.0,8883.0,0.7382838671874999,True,CALL,2026-03-20,FSM
FSM260320C00012500,12.5,0.75,0.7,0.9,1577.0,6769.0,0.72851833984375,False,CALL,2026-03-20,FSM
FSM260320P00010000,10.0,0.63,0.5,0.6,71.0,1231.0,0.69336244140625,False,PUT,2026-03-20,FSM
FSM260320P00012500,12.5,1.8,1.75,1.95,28.0,301.0,0.6738313867187502,True,PUT,2026-03-20,FSM
FSM260515C00010000,10.0,2.5,2.35,2.6,47.0,2634.0,0.747072841796875,True,CALL,2026-05-15,FSM
FSM260515C00012500,12.5,1.35,1.15,1.35,345.0,5527.0,0.6879914013671876,False,CALL,2026-05-15,FSM
FSM260515P00010000,10.0,0.9,0.85,1.0,16.0,1149.0,0.65820654296875,False,PUT,2026-05-15,FSM
FSM260515P00012500,12.5,2.0,2.15,2.45,300.0,329.0,0.6513706738281251,True,PUT,2026-05-15,FSM
FSM260618C00010000,10.0,2.75,2.5,2.8,11.0,367.0,0.7216824707031251,True,CALL,2026-06-18,FSM
FSM260618C00012500,12.5,1.55,1.45,1.65,110.0,1550.0,0.7060576269531251,False,CALL,2026-06-18,FSM
FSM260618P00010000,10.0,1.1,1.0,1.3,40.0,154.0,0.6650424121093752,False,PUT,2026-06-18,FSM
FSM260618P00012500,12.5,3.02,2.35,2.65,1.0,15.0,0.63867548828125,True,PUT,2026-06-18,FSM
FSM260821C00010000,10.0,2.93,2.9,3.2,13.0,772.0,0.7324245507812499,True,CALL,2026-08-21,FSM
FSM260821C00012500,12.5,1.9,1.65,2.05,302.0,2188.0,0.6738313867187502,False,CALL,2026-08-21,FSM
FSM260821P00010000,10.0,1.37,1.3,1.55,70.0,991.0,0.6435582519531251,False,PUT,2026-08-21,FSM
FSM260821P00012500,12.5,2.8,2.55,2.95,2.0,4.0,0.6035195898437502,True,PUT,2026-08-21,FSM
FSM260918C00010000,10.0,3.4,2.9,3.3,1.0,13.0,0.7026396923828125,True,CALL,2026-09-18,FSM
FSM260918C00012500,12.5,2.15,1.95,2.2,7.0,96.0,0.694338994140625,False,CALL,2026-09-18,FSM
FSM260918P00012500,12.5,2.7,2.65,3.1,4.0,4.0,0.6005899316406251,True,PUT,2026-09-18,FSM
FSM261120C00010000,10.0,3.25,3.2,3.6,2.0,622.0,0.7070341796875,True,CALL,2026-11-20,FSM
FSM261120C00012500,12.5,2.4,2.2,2.55,28.0,381.0,0.6904327832031252,False,CALL,2026-11-20,FSM
FSM261120P00010000,10.0,1.72,1.6,1.9,20.0,34.0,0.6264685791015626,False,PUT,2026-11-20,FSM
FSM261120P00012500,12.5,2.9,3.0,3.3,4.0,8.0,0.6001016552734376,True,PUT,2026-11-20,FSM
FSM270115C00010000,10.0,3.7,3.3,3.8,150.0,9758.0,0.6870148486328126,True,CALL,2027-01-15,FSM
FSM270115C00012500,12.5,2.6,2.5,2.75,19.0,4479.0,0.6899445068359377,False,CALL,2027-01-15,FSM
FSM270115P00010000,10.0,1.7,1.5,2.05,2.0,57.0,0.5805706005859376,False,PUT,2027-01-15,FSM
FSM270115P00012500,12.5,3.1,2.9,3.5,10.0,14.0,0.5620160986328125,True,PUT,2027-01-15,FSM
FSM280121C00010000,10.0,4.9,4.1,5.0,63.0,847.0,0.6630893066406252,True,CALL,2028-01-21,FSM
FSM280121C00012500,12.5,4.0,3.5,4.1,5.0,342.0,0.6735872485351564,False,CALL,2028-01-21,FSM
FSM280121P00010000,10.0,2.71,1.5,3.9,10.0,78.0,0.5722699023437501,False,PUT,2028-01-21,FSM
FSM280121P00012500,12.5,4.3,2.55,4.8,1.0,40.0,0.6506382592773439,True,PUT,2028-01-21,FSM
GAP260130C00020000,20.0,7.45,7.05,7.9,2.0,17.0,3.2929705175781248,True,CALL,2026-01-30,GAP
GAP260130C00021000,21.0,5.75,5.35,8.25,1.0,2.0,3.7031257421875,True,CALL,2026-01-30,GAP
GAP260130C00022000,22.0,5.22,4.8,5.7,2.0,1.0,1.6796891015625,True,CALL,2026-01-30,GAP
GAP260130C00023500,23.5,3.6,3.4,4.1,1.0,37.0,1.2421912890624998,True,CALL,2026-01-30,GAP
GAP260130C00024000,24.0,3.35,3.0,3.6,2.0,11.0,1.2773473632812498,True,CALL,2026-01-30,GAP
GAP260130C00024500,24.5,2.65,2.57,2.94,1.0,23.0,0.9687503125,True,CALL,2026-01-30,GAP
GAP260130C00025000,25.0,2.26,2.14,2.4,42.0,32.0,0.867188828125,True,CALL,2026-01-30,GAP
GAP260130C00025500,25.5,1.78,1.26,2.25,51.0,54.0,0.6718782812500002,True,CALL,2026-01-30,GAP
GAP260130C00026000,26.0,1.35,0.98,1.72,46.0,161.0,0.7148466015625,True,CALL,2026-01-30,GAP
GAP260130C00026500,26.5,0.85,0.66,1.01,63.0,299.0,0.75586181640625,True,CALL,2026-01-30,GAP
GAP260130C00027000,27.0,0.4,0.38,0.43,9.0,633.0,0.40430283203125,True,CALL,2026-01-30,GAP
GAP260130C00027500,27.5,0.18,0.15,0.21,41.0,308.0,0.42188078125,False,CALL,2026-01-30,GAP
GAP260130C00028000,28.0,0.08,0.05,0.09,57.0,823.0,0.437505625,False,CALL,2026-01-30,GAP
GAP260130C00028500,28.5,0.03,0.01,0.04,25.0,290.0,0.4687553125,False,CALL,2026-01-30,GAP
GAP260130C00029000,29.0,0.04,0.0,0.03,1.0,171.0,0.5546919531250001,False,CALL,2026-01-30,GAP
GAP260130C00029500,29.5,0.02,0.0,0.03,20.0,143.0,0.5937540625000001,False,CALL,2026-01-30,GAP
GAP260130C00030000,30.0,0.01,0.0,0.02,7.0,165.0,0.64062859375,False,CALL,2026-01-30,GAP
GAP260130C00030500,30.5,0.01,0.0,0.02,20.0,55.0,0.73437765625,False,CALL,2026-01-30,GAP
GAP260130C00031000,31.0,0.05,0.0,0.23,4.0,41.0,1.3125034374999998,False,CALL,2026-01-30,GAP
GAP260130C00031500,31.5,0.32,0.0,0.02,10.0,22.0,0.9062509375,False,CALL,2026-01-30,GAP
GAP260130C00032000,32.0,0.01,0.0,0.02,1.0,7.0,0.98437515625,False,CALL,2026-01-30,GAP
GAP260130C00034000,34.0,0.03,0.0,0.01,1.0,54.0,1.1875040625,False,CALL,2026-01-30,GAP
GAP260130C00035000,35.0,0.05,0.0,0.02,,10.0,1.4375028125,False,CALL,2026-01-30,GAP
GAP260130P00022000,22.0,0.01,0.0,0.02,1.0,43.0,1.2812535937499998,False,PUT,2026-01-30,GAP
GAP260130P00022500,22.5,0.01,0.0,0.02,1.0,49.0,1.15625421875,False,PUT,2026-01-30,GAP
GAP260130P00023000,23.0,0.01,0.0,0.02,3.0,115.0,1.0312548437500002,False,PUT,2026-01-30,GAP
GAP260130P00023500,23.5,0.01,0.0,0.02,2.0,41.0,0.92187578125,False,PUT,2026-01-30,GAP
GAP260130P00024000,24.0,0.01,0.0,0.02,20.0,56.0,0.8125018749999999,False,PUT,2026-01-30,GAP
GAP260130P00024500,24.5,0.01,0.0,0.02,21.0,179.0,0.6875031250000001,False,PUT,2026-01-30,GAP
GAP260130P00025000,25.0,0.01,0.01,0.02,85.0,207.0,0.6093789062500001,False,PUT,2026-01-30,GAP
GAP260130P00025500,25.5,0.01,0.01,0.03,180.0,255.0,0.51562984375,False,PUT,2026-01-30,GAP
GAP260130P00026000,26.0,0.03,0.03,0.05,159.0,314.0,0.49219257812500006,False,PUT,2026-01-30,GAP
GAP260130P00026500,26.5,0.09,0.07,0.1,51.0,108.0,0.42969320312500003,False,PUT,2026-01-30,GAP
GAP260130P00027000,27.0,0.21,0.19,0.35,48.0,296.0,0.5507857421875001,False,PUT,2026-01-30,GAP
GAP260130P00027500,27.5,0.41,0.43,0.54,16.0,131.0,0.45508357421875,True,PUT,2026-01-30,GAP
GAP260130P00028000,28.0,0.94,0.75,1.11,41.0,81.0,0.500005,True,PUT,2026-01-30,GAP
GAP260130P00028500,28.5,1.35,1.0,1.63,8.0,65.0,0.9941406835937501,True,PUT,2026-01-30,GAP
GAP260130P00029000,29.0,2.26,1.36,2.31,1.0,55.0,0.5546919531250001,True,PUT,2026-01-30,GAP
GAP260130P00030000,30.0,2.82,2.42,3.45,2.0,39.0,1.1015669921875002,True,PUT,2026-01-30,GAP
GAP260130P00031000,31.0,4.1,2.85,5.9,1.0,0.0,2.2109419726562494,True,PUT,2026-01-30,GAP
GAP260130P00032000,32.0,5.35,3.95,6.9,1.0,0.0,2.58594103515625,True,PUT,2026-01-30,GAP
GAP260206C00021000,21.0,6.45,5.35,8.15,,1.0,1.6933609082031251,True,CALL,2026-02-06,GAP
GAP260206C00022000,22.0,4.85,4.55,7.15,1.0,9.0,1.5761739941406248,True,CALL,2026-02-06,GAP
GAP260206C00023000,23.0,3.74,3.55,5.6,1.0,2.0,1.0996138769531252,True,CALL,2026-02-06,GAP
GAP260206C00023500,23.5,4.25,3.05,5.7,,1.0,1.2695349023437497,True,CALL,2026-02-06,GAP
GAP260206C00024000,24.0,3.86,2.55,4.85,1.0,16.0,1.017583037109375,True,CALL,2026-02-06,GAP
GAP260206C00024500,24.5,2.38,2.1,4.05,5.0,7.0,0.8105487695312499,True,CALL,2026-02-06,GAP
GAP260206C00025000,25.0,2.03,1.85,2.68,1.0,33.0,0.7949239257812499,True,CALL,2026-02-06,GAP
GAP260206C00025500,25.5,1.58,1.43,2.32,7.0,29.0,0.789064609375,True,CALL,2026-02-06,GAP
GAP260206C00026000,26.0,1.21,1.41,1.51,59.0,103.0,0.46191944335937507,True,CALL,2026-02-06,GAP
GAP260206C00026500,26.5,1.12,1.04,1.17,1.0,134.0,0.459966337890625,True,CALL,2026-02-06,GAP
GAP260206C00027000,27.0,0.88,0.7,0.87,130.0,226.0,0.45313046875,True,CALL,2026-02-06,GAP
GAP260206C00027500,27.5,0.6,0.52,0.58,118.0,86.0,0.42188078125,False,CALL,2026-02-06,GAP
GAP260206C00028000,28.0,0.38,0.34,0.41,28.0,60.0,0.43066975585937506,False,CALL,2026-02-06,GAP
GAP260206C00028500,28.5,0.25,0.22,0.27,25.0,102.0,0.42969320312500003,False,CALL,2026-02-06,GAP
GAP260206C00029000,29.0,0.46,0.12,0.18,4.0,82.0,0.43555251953125,False,CALL,2026-02-06,GAP
GAP260206C00029500,29.5,0.1,0.09,0.14,4.0,33.0,0.46680220703125,False,CALL,2026-02-06,GAP
GAP260206C00030000,30.0,0.11,0.06,0.1,1.0,1017.0,0.48438015625,False,CALL,2026-02-06,GAP
GAP260206C00030500,30.5,0.03,0.03,0.07,34.0,87.0,0.49609878906250005,False,CALL,2026-02-06,GAP
GAP260206C00031000,31.0,0.04,0.02,0.04,50.0,44.0,0.48828636718750007,False,CALL,2026-02-06,GAP
GAP260206C00032000,32.0,0.02,0.01,0.02,43.0,5.0,0.51562984375,False,CALL,2026-02-06,GAP
GAP260206C00033000,33.0,0.22,0.0,0.08,,4.0,0.6679720703125002,False,CALL,2026-02-06,GAP
GAP260206C00034000,34.0,0.15,0.0,0.07,,1.0,0.73437765625,False,CALL,2026-02-06,GAP
GAP260206P00022000,22.0,0.02,0.0,0.03,24.0,105.0,0.64062859375,False,PUT,2026-02-06,GAP
GAP260206P00022500,22.5,0.02,0.0,0.03,14.0,116.0,0.57812921875,False,PUT,2026-02-06,GAP
GAP260206P00023000,23.0,0.02,0.0,0.04,44.0,70.0,0.5468795312500001,False,PUT,2026-02-06,GAP
GAP260206P00023500,23.5,0.02,0.01,0.05,28.0,62.0,0.5195360546875,False,PUT,2026-02-06,GAP
GAP260206P00024000,24.0,0.04,0.03,0.06,39.0,52.0,0.5273484765625001,False,PUT,2026-02-06,GAP
GAP260206P00024500,24.5,0.06,0.05,0.09,28.0,156.0,0.5039112109375,False,PUT,2026-02-06,GAP
GAP260206P00025000,25.0,0.13,0.08,0.15,16.0,120.0,0.5019581054687501,False,PUT,2026-02-06,GAP
GAP260206P00025500,25.5,0.16,0.13,0.19,2.0,102.0,0.45703667968750006,False,PUT,2026-02-06,GAP
GAP260206P00026000,26.0,0.27,0.2,0.3,6.0,119.0,0.45117736328125,False,PUT,2026-02-06,GAP
GAP260206P00026500,26.5,0.55,0.34,0.43,113.0,104.0,0.43164630859375,False,PUT,2026-02-06,GAP
GAP260206P00027000,27.0,0.56,0.53,0.63,60.0,43.0,0.42578699218750005,False,PUT,2026-02-06,GAP
GAP260206P00027500,27.5,0.87,0.76,0.83,4.0,40.0,0.38867798828125,True,PUT,2026-02-06,GAP
GAP260206P00028000,28.0,1.16,1.09,1.2,57.0,29.0,0.42090422851562503,True,PUT,2026-02-06,GAP
GAP260206P00028500,28.5,1.97,1.48,1.58,15.0,49.0,0.432622861328125,True,PUT,2026-02-06,GAP
GAP260206P00029000,29.0,1.7,1.6,2.43,1.0,12.0,0.7617211328125001,True,PUT,2026-02-06,GAP
GAP260206P00029500,29.5,2.66,2.03,3.2,2.0,8.0,0.6191444335937502,True,PUT,2026-02-06,GAP
GAP260206P00030000,30.0,2.58,2.35,3.8,2.0,2.0,0.65820654296875,True,PUT,2026-02-06,GAP
GAP260206P00033000,33.0,5.76,5.2,7.7,,4.0,1.369143779296875,True,PUT,2026-02-06,GAP
GAP260213C00022000,22.0,3.5,4.6,5.8,,10.0,1.1464886425781249,True,CALL,2026-02-13,GAP
GAP260213C00025000,25.0,1.98,2.02,2.8,8.0,24.0,0.6640658593750002,True,CALL,2026-02-13,GAP
GAP260213C00025500,25.5,1.95,1.59,2.42,10.0,26.0,0.6435582519531251,True,CALL,2026-02-13,GAP
GAP260213C00026000,26.0,1.66,1.59,1.76,21.0,57.0,0.47559118164062497,True,CALL,2026-02-13,GAP
GAP260213C00026500,26.5,1.11,1.3,1.38,2.0,61.0,0.44336494140625,True,CALL,2026-02-13,GAP
GAP260213C00027000,27.0,1.15,1.01,1.1,4.0,222.0,0.4414118359375,True,CALL,2026-02-13,GAP
GAP260213C00027500,27.5,0.92,0.77,0.86,12.0,46.0,0.44043528320312497,False,CALL,2026-02-13,GAP
GAP260213C00028000,28.0,0.63,0.56,0.63,17.0,70.0,0.42578699218750005,False,CALL,2026-02-13,GAP
GAP260213C00028500,28.5,0.48,0.42,0.48,1.0,66.0,0.42969320312500003,False,CALL,2026-02-13,GAP
GAP260213C00029000,29.0,0.25,0.27,0.36,13.0,25.0,0.4335994140625,False,CALL,2026-02-13,GAP
GAP260213C00029500,29.5,0.27,0.18,0.27,7.0,124.0,0.43945873046875,False,CALL,2026-02-13,GAP
GAP260213C00030000,30.0,0.12,0.12,0.2,1.0,225.0,0.445318046875,False,CALL,2026-02-13,GAP
GAP260213C00030500,30.5,0.16,0.08,0.69,10.0,144.0,0.6191444335937502,False,CALL,2026-02-13,GAP
GAP260213C00031000,31.0,0.31,0.0,0.76,10.0,15.0,0.6679720703125002,False,CALL,2026-02-13,GAP
GAP260213C00031500,31.5,0.37,0.0,0.75,,38.0,0.7128934960937501,False,CALL,2026-02-13,GAP
GAP260213C00032000,32.0,0.43,0.0,0.75,,9.0,0.7607445800781252,False,CALL,2026-02-13,GAP
GAP260213C00033000,33.0,0.09,0.0,0.14,2.0,86.0,0.5546919531250001,False,CALL,2026-02-13,GAP
GAP260213C00034000,34.0,0.21,0.0,0.1,,81.0,0.585941640625,False,CALL,2026-02-13,GAP
GAP260213P00020000,20.0,1.08,0.0,0.75,,1.0,1.2656286718749998,False,PUT,2026-02-13,GAP
GAP260213P00020500,20.5,1.05,0.0,0.75,,5.0,1.189457177734375,False,PUT,2026-02-13,GAP
GAP260213P00021500,21.5,1.08,0.0,0.75,,6.0,1.040043862304688,False,PUT,2026-02-13,GAP
GAP260213P00022000,22.0,0.06,0.0,0.75,10.0,15.0,0.96679720703125,False,PUT,2026-02-13,GAP
GAP260213P00022500,22.5,0.09,0.0,0.76,10.0,21.0,0.8974619628906249,False,PUT,2026-02-13,GAP
GAP260213P00023000,23.0,0.09,0.0,0.75,1.0,26.0,0.8203142968749999,False,PUT,2026-02-13,GAP
GAP260213P00023500,23.5,0.09,0.01,0.75,5.0,11.0,0.75195560546875,False,PUT,2026-02-13,GAP
GAP260213P00024000,24.0,0.21,0.0,0.75,1.0,19.0,0.676761044921875,False,PUT,2026-02-13,GAP
GAP260213P00024500,24.5,0.28,0.13,0.21,2.0,6.0,0.48730981445312505,False,PUT,2026-02-13,GAP
GAP260213P00025000,25.0,0.31,0.19,0.27,33.0,156.0,0.463872548828125,False,PUT,2026-02-13,GAP
GAP260213P00025500,25.5,0.5,0.27,0.35,10.0,12.0,0.4414118359375,False,PUT,2026-02-13,GAP
GAP260213P00026000,26.0,0.56,0.39,0.47,115.0,63.0,0.42774009765625004,False,PUT,2026-02-13,GAP
GAP260213P00026500,26.5,0.73,0.54,0.67,3.0,10.0,0.436529072265625,False,PUT,2026-02-13,GAP
GAP260213P00027000,27.0,1.05,0.75,0.87,159.0,51.0,0.42627526855468756,False,PUT,2026-02-13,GAP
GAP260213P00027500,27.5,1.3,0.98,1.12,4.0,3.0,0.41992767578125,True,PUT,2026-02-13,GAP
GAP260213P00028000,28.0,1.56,1.27,1.42,9.0,23.0,0.418951123046875,True,PUT,2026-02-13,GAP
GAP260213P00028500,28.5,2.61,1.62,1.76,,3.0,0.41797457031249996,True,PUT,2026-02-13,GAP
GAP260213P00029000,29.0,2.46,2.02,2.15,8.0,6.0,0.42578699218750005,True,PUT,2026-02-13,GAP
GAP260220C00020000,20.0,7.8,6.75,7.7,1.0,6.0,0.6093789062500001,True,CALL,2026-02-20,GAP
GAP260220C00022000,22.0,4.85,4.8,5.75,3.0,4.0,0.5351608984375,True,CALL,2026-02-20,GAP
GAP260220C00023000,23.0,2.72,3.9,4.8,9.0,9.0,0.5214891601562499,True,CALL,2026-02-20,GAP
GAP260220C00024000,24.0,3.45,2.98,3.85,30.0,117.0,0.7138700488281251,True,CALL,2026-02-20,GAP
GAP260220C00025000,25.0,2.43,2.14,3.0,1.0,123.0,0.6435582519531251,True,CALL,2026-02-20,GAP
GAP260220C00025500,25.5,1.85,2.14,2.31,,1.0,0.4892629199218751,True,CALL,2026-02-20,GAP
GAP260220C00026000,26.0,1.7,1.77,1.96,10.0,686.0,0.47852083984375,True,CALL,2026-02-20,GAP
GAP260220C00026500,26.5,1.41,1.48,1.64,1.0,42.0,0.46973186523437505,True,CALL,2026-02-20,GAP
GAP260220C00027000,27.0,1.21,1.19,1.35,55.0,6435.0,0.46094289062500005,True,CALL,2026-02-20,GAP
GAP260220C00027500,27.5,1.07,0.96,1.08,170.0,53.0,0.44824770507812495,False,CALL,2026-02-20,GAP
GAP260220C00028000,28.0,0.8,0.74,0.87,198.0,581.0,0.445318046875,False,CALL,2026-02-20,GAP
GAP260220C00028500,28.5,0.65,0.58,0.68,1.0,17.0,0.43897045410156255,False,CALL,2026-02-20,GAP
GAP260220C00029000,29.0,0.42,0.44,0.51,326.0,479.0,0.42774009765625004,False,CALL,2026-02-20,GAP
GAP260220C00029500,29.5,0.39,0.3,0.45,1.0,23.0,0.454107021484375,False,CALL,2026-02-20,GAP
GAP260220C00030000,30.0,0.28,0.24,0.36,20.0,2338.0,0.45898978515625005,False,CALL,2026-02-20,GAP
GAP260220C00030500,30.5,0.29,0.18,0.31,2.0,64.0,0.476567734375,False,CALL,2026-02-20,GAP
GAP260220C00031000,31.0,0.13,0.13,0.25,19.0,265.0,0.48242705078125003,False,CALL,2026-02-20,GAP
GAP260220C00032000,32.0,0.07,0.0,0.15,2.0,161.0,0.48438015625,False,CALL,2026-02-20,GAP
GAP260220C00033000,33.0,0.12,0.0,0.14,25.0,115.0,0.5400436621093752,False,CALL,2026-02-20,GAP
GAP260220C00034000,34.0,0.05,0.0,0.12,2.0,5.0,0.5039112109375,False,CALL,2026-02-20,GAP
GAP260220C00035000,35.0,0.02,0.0,0.11,2.0,131.0,0.5468795312500001,False,CALL,2026-02-20,GAP
GAP260220P00020000,20.0,0.19,0.0,0.1,3.0,47.0,0.6640658593750002,False,PUT,2026-02-20,GAP
GAP260220P00021000,21.0,0.04,0.0,0.13,6.0,395.0,0.6035195898437502,False,PUT,2026-02-20,GAP
GAP260220P00021500,21.5,0.29,0.0,0.15,,4.0,0.5742230078125,False,PUT,2026-02-20,GAP
GAP260220P00022000,22.0,0.06,0.06,0.17,1.0,312.0,0.5800823242187501,False,PUT,2026-02-20,GAP
GAP260220P00022500,22.5,0.09,0.03,0.14,10.0,24.0,0.5566450585937501,False,PUT,2026-02-20,GAP
GAP260220P00023000,23.0,0.08,0.03,0.18,3.0,470.0,0.5429733203125001,False,PUT,2026-02-20,GAP
GAP260220P00023500,23.5,0.44,0.07,0.27,,29.0,0.5566450585937501,False,PUT,2026-02-20,GAP
GAP260220P00024000,24.0,0.31,0.17,0.33,9.0,365.0,0.5380905566406251,False,PUT,2026-02-20,GAP
GAP260220P00024500,24.5,0.3,0.22,0.36,,38.0,0.49609878906250005,False,PUT,2026-02-20,GAP
GAP260220P00025000,25.0,0.31,0.31,0.39,15.0,430.0,0.450200810546875,False,PUT,2026-02-20,GAP
GAP260220P00025500,25.5,0.57,0.41,0.5,5.0,20.0,0.43848217773437503,False,PUT,2026-02-20,GAP
GAP260220P00026000,26.0,0.61,0.53,0.69,2.0,379.0,0.44824770507812495,False,PUT,2026-02-20,GAP
GAP260220P00026500,26.5,0.87,0.7,0.86,1.0,17.0,0.437505625,False,PUT,2026-02-20,GAP
GAP260220P00027000,27.0,1.01,0.9,1.05,13.0,1684.0,0.42188078125,False,PUT,2026-02-20,GAP
GAP260220P00027500,27.5,1.28,1.15,1.3,12.0,34.0,0.41699801757812494,True,PUT,2026-02-20,GAP
GAP260220P00028000,28.0,1.55,1.46,1.59,12.0,232.0,0.414068359375,True,PUT,2026-02-20,GAP
GAP260220P00029000,29.0,2.45,2.16,2.29,94.0,451.0,0.41699801757812494,True,PUT,2026-02-20,GAP
GAP260220P00030000,30.0,3.36,2.64,3.55,3.0,37.0,0.6337927246093751,True,PUT,2026-02-20,GAP
GAP260220P00032000,32.0,4.25,4.4,5.35,,1.0,0.725588681640625,True,PUT,2026-02-20,GAP
GAP260227C00021000,21.0,6.33,5.3,7.2,,3.0,0.5117236328125,True,CALL,2026-02-27,GAP
GAP260227C00025000,25.0,2.43,2.65,2.91,1.0,1.0,0.5283250292968751,True,CALL,2026-02-27,GAP
GAP260227C00026000,26.0,1.53,1.96,2.22,,20.0,0.5097705273437501,True,CALL,2026-02-27,GAP
GAP260227C00027000,27.0,1.54,1.36,1.63,5.0,106.0,0.49414568359375005,True,CALL,2026-02-27,GAP
GAP260227C00028000,28.0,1.03,0.89,1.12,15.0,29.0,0.471684970703125,False,CALL,2026-02-27,GAP
GAP260227C00029000,29.0,0.6,0.57,0.8,6.0,41.0,0.47852083984375,False,CALL,2026-02-27,GAP
GAP260227C00030000,30.0,0.45,0.34,0.52,1.0,37.0,0.4687553125,False,CALL,2026-02-27,GAP
GAP260227C00031000,31.0,0.3,0.22,0.31,6.0,6.0,0.45313046875,False,CALL,2026-02-27,GAP
GAP260227P00024000,24.0,0.38,0.28,0.44,1.0,72.0,0.526371923828125,False,PUT,2026-02-27,GAP
GAP260227P00025000,25.0,0.53,0.44,0.63,3.0,6.0,0.495122236328125,False,PUT,2026-02-27,GAP
GAP260227P00026000,26.0,0.88,0.7,0.93,3.0,12.0,0.4770560107421875,False,PUT,2026-02-27,GAP
GAP260227P00027000,27.0,1.27,1.1,1.33,2.0,49.0,0.459966337890625,False,PUT,2026-02-27,GAP
GAP260227P00030000,30.0,3.15,3.0,3.25,,2.0,0.43848217773437503,True,PUT,2026-02-27,GAP
GAP260306C00027000,27.0,2.1,1.67,2.25,10.0,3.0,0.5410202148437502,True,CALL,2026-03-06,GAP
GAP260306C00030000,30.0,0.9,0.55,1.1,3.0,12.0,0.526371923828125,False,CALL,2026-03-06,GAP
GAP260306P00023000,23.0,0.52,0.27,0.82,35.0,39.0,0.6210975390625001,False,PUT,2026-03-06,GAP
GAP260320C00020000,20.0,7.5,7.35,7.65,1.0,1202.0,0.6679720703125002,True,CALL,2026-03-20,GAP
GAP260320C00021000,21.0,6.52,6.2,7.05,1.0,523.0,0.6523472265625001,True,CALL,2026-03-20,GAP
GAP260320C00022000,22.0,5.48,5.3,6.25,1.0,1955.0,0.631839619140625,True,CALL,2026-03-20,GAP
GAP260320C00023000,23.0,4.9,4.5,5.35,1.0,2394.0,0.5976602734375001,True,CALL,2026-03-20,GAP
GAP260320C00024000,24.0,4.4,4.15,4.65,30.0,1457.0,0.6528355029296876,True,CALL,2026-03-20,GAP
GAP260320C00025000,25.0,3.45,3.5,3.85,6.0,1661.0,0.624027197265625,True,CALL,2026-03-20,GAP
GAP260320C00026000,26.0,3.05,3.0,3.1,32.0,686.0,0.6079140771484376,True,CALL,2026-03-20,GAP
GAP260320C00027000,27.0,2.51,2.47,2.53,68.0,1581.0,0.5952188916015625,True,CALL,2026-03-20,GAP
GAP260320C00028000,28.0,2.05,2.01,2.05,159.0,4635.0,0.586918193359375,False,CALL,2026-03-20,GAP
GAP260320C00029000,29.0,1.62,1.59,1.65,11.0,1297.0,0.57812921875,False,CALL,2026-03-20,GAP
GAP260320C00030000,30.0,1.31,1.26,1.33,233.0,2271.0,0.5751995605468749,False,CALL,2026-03-20,GAP
GAP260320C00031000,31.0,1.0,0.99,1.05,6.0,909.0,0.5712933496093751,False,CALL,2026-03-20,GAP
GAP260320C00032000,32.0,0.77,0.77,0.83,7.0,1072.0,0.569340244140625,False,CALL,2026-03-20,GAP
GAP260320C00033000,33.0,0.61,0.6,0.63,13.0,863.0,0.5649457568359376,False,CALL,2026-03-20,GAP
GAP260320C00034000,34.0,0.52,0.45,0.51,3.0,714.0,0.5659223095703125,False,CALL,2026-03-20,GAP
GAP260320C00035000,35.0,0.3,0.33,0.4,1.0,1301.0,0.5634809277343751,False,CALL,2026-03-20,GAP
GAP260320P00020000,20.0,0.22,0.17,0.3,1.0,2221.0,0.622074091796875,False,PUT,2026-03-20,GAP
GAP260320P00021000,21.0,0.3,0.32,0.43,5.0,340.0,0.624027197265625,False,PUT,2026-03-20,GAP
GAP260320P00022000,22.0,0.6,0.44,0.57,4.0,1307.0,0.6001016552734376,False,PUT,2026-03-20,GAP
GAP260320P00023000,23.0,0.69,0.65,0.77,2.0,772.0,0.5903361279296876,False,PUT,2026-03-20,GAP
GAP260320P00024000,24.0,0.92,0.89,0.98,12.0,1384.0,0.5698285205078125,False,PUT,2026-03-20,GAP
GAP260320P00025000,25.0,1.2,1.21,1.31,1.0,2652.0,0.5625043750000001,False,PUT,2026-03-20,GAP
GAP260320P00026000,26.0,1.59,1.59,1.7,4.0,871.0,0.5537154003906251,False,PUT,2026-03-20,GAP
GAP260320P00027000,27.0,2.27,2.06,2.2,6.0,4361.0,0.551762294921875,False,PUT,2026-03-20,GAP
GAP260320P00028000,28.0,2.85,2.57,2.73,1.0,3948.0,0.5415084912109377,True,PUT,2026-03-20,GAP
GAP260320P00029000,29.0,3.45,3.1,3.4,1.0,759.0,0.5336960693359375,True,PUT,2026-03-20,GAP
GAP260320P00030000,30.0,3.7,3.75,4.0,20.0,1125.0,0.51562984375,True,PUT,2026-03-20,GAP
GAP260320P00031000,31.0,4.9,4.5,4.85,2.0,38.0,0.5283250292968751,True,PUT,2026-03-20,GAP
GAP260320P00032000,32.0,6.05,5.3,5.65,1.0,30.0,0.5283250292968751,True,PUT,2026-03-20,GAP
GAP260320P00034000,34.0,6.75,6.7,7.6,,35.0,0.5107470800781251,True,PUT,2026-03-20,GAP
GAP260320P00035000,35.0,12.69,0.0,0.0,1.0,1.0,1.0000000000000003e-05,True,PUT,2026-03-20,GAP
GAP260618C00020000,20.0,7.5,7.6,8.45,1.0,157.0,0.5590864404296876,True,CALL,2026-06-18,GAP
GAP260618C00021000,21.0,6.05,6.85,7.65,1.0,28.0,0.5507857421875001,True,CALL,2026-06-18,GAP
GAP260618C00022000,22.0,7.0,6.1,7.05,7.0,1235.0,0.5551802294921876,True,CALL,2026-06-18,GAP
GAP260618C00023000,23.0,6.3,5.45,6.35,2.0,302.0,0.5498091894531252,True,CALL,2026-06-18,GAP
GAP260618C00024000,24.0,5.63,5.2,5.55,4.0,121.0,0.5629926513671876,True,CALL,2026-06-18,GAP
GAP260618C00025000,25.0,4.76,4.6,4.95,30.0,882.0,0.5546919531250001,True,CALL,2026-06-18,GAP
GAP260618C00026000,26.0,3.95,3.85,4.35,2.0,329.0,0.5285691674804689,True,CALL,2026-06-18,GAP
GAP260618C00027000,27.0,3.22,3.5,3.85,3.0,762.0,0.5346726220703125,True,CALL,2026-06-18,GAP
GAP260618C00028000,28.0,3.0,3.05,3.4,8.0,770.0,0.5302781347656251,False,CALL,2026-06-18,GAP
GAP260618C00029000,29.0,2.81,2.6,2.93,10.0,403.0,0.5185595019531251,False,CALL,2026-06-18,GAP
GAP260618C00030000,30.0,2.25,2.26,2.63,31.0,669.0,0.5214891601562499,False,CALL,2026-06-18,GAP
GAP260618C00031000,31.0,1.95,1.93,2.33,6.0,95.0,0.5195360546875,False,CALL,2026-06-18,GAP
GAP260618C00032000,32.0,1.68,1.65,2.03,20.0,431.0,0.5163622583007812,False,CALL,2026-06-18,GAP
GAP260618C00033000,33.0,1.5,1.4,1.72,2.0,166.0,0.5092822509765625,False,CALL,2026-06-18,GAP
GAP260618C00034000,34.0,1.1,1.16,1.58,2.0,349.0,0.5122119091796875,False,CALL,2026-06-18,GAP
GAP260618C00035000,35.0,1.0,1.01,1.26,23.0,218.0,0.5024463818359376,False,CALL,2026-06-18,GAP
GAP260618P00020000,20.0,0.75,0.53,0.82,5.0,329.0,0.51758294921875,False,PUT,2026-06-18,GAP
GAP260618P00021000,21.0,0.97,0.92,1.05,10.0,272.0,0.5346726220703125,False,PUT,2026-06-18,GAP
GAP260618P00022000,22.0,1.28,1.15,1.3,1.0,1744.0,0.5236864038085938,False,PUT,2026-06-18,GAP
GAP260618P00023000,23.0,1.52,1.48,1.59,171.0,439.0,0.5185595019531251,False,PUT,2026-06-18,GAP
GAP260618P00024000,24.0,1.98,1.8,1.99,18.0,300.0,0.5141650146484374,False,PUT,2026-06-18,GAP
GAP260618P00025000,25.0,2.27,2.18,2.37,20.0,1474.0,0.5053760400390624,False,PUT,2026-06-18,GAP
GAP260618P00026000,26.0,2.89,2.57,2.84,21.0,703.0,0.5185595019531251,False,PUT,2026-06-18,GAP
GAP260618P00027000,27.0,3.4,2.99,3.35,12.0,681.0,0.5151415673828125,False,PUT,2026-06-18,GAP
GAP260618P00028000,28.0,3.9,3.55,3.9,1.0,175.0,0.5112353564453125,True,PUT,2026-06-18,GAP
GAP260618P00029000,29.0,4.5,4.25,4.5,1.0,171.0,0.5083056982421875,True,PUT,2026-06-18,GAP
GAP260618P00030000,30.0,4.78,4.7,5.15,2.0,101.0,0.5065967309570312,True,PUT,2026-06-18,GAP
GAP260618P00031000,31.0,5.7,5.45,5.85,24.0,216.0,0.506840869140625,True,PUT,2026-06-18,GAP
GAP260618P00032000,32.0,10.3,8.75,10.35,3.0,3.0,0.9536137451171874,True,PUT,2026-06-18,GAP
GAP260618P00033000,33.0,6.65,6.85,7.35,,10.0,0.5070850073242188,True,PUT,2026-06-18,GAP
GAP260618P00035000,35.0,9.1,14.2,14.85,,2.0,1.3627961547851561,True,PUT,2026-06-18,GAP
GAP260918C00020000,20.0,7.8,8.1,9.05,1.0,256.0,0.5380905566406251,True,CALL,2026-09-18,GAP
GAP260918C00023000,23.0,8.0,6.55,6.95,2.0,1035.0,0.5471236694335939,True,CALL,2026-09-18,GAP
GAP260918C00025000,25.0,5.74,5.4,5.75,6.0,435.0,0.5319871020507813,True,CALL,2026-09-18,GAP
GAP260918C00026000,26.0,4.8,4.65,5.25,,3.0,0.5139208764648437,True,CALL,2026-09-18,GAP
GAP260918C00027000,27.0,4.55,4.4,4.65,4.0,859.0,0.5161181201171875,True,CALL,2026-09-18,GAP
GAP260918C00029000,29.0,3.3,3.45,3.8,10.0,25.0,0.5024463818359376,False,CALL,2026-09-18,GAP
GAP260918C00030000,30.0,3.1,3.0,3.55,7.0,715.0,0.5017139672851563,False,CALL,2026-09-18,GAP
GAP260918C00031000,31.0,2.74,2.75,3.1,5.0,5.0,0.5178270874023438,False,CALL,2026-09-18,GAP
GAP260918C00032000,32.0,2.45,2.2,2.8,91.0,115.0,0.5163622583007812,False,CALL,2026-09-18,GAP
GAP260918C00034000,34.0,1.95,1.85,2.37,352.0,371.0,0.5249070947265625,False,CALL,2026-09-18,GAP
GAP260918C00035000,35.0,1.85,1.68,2.14,9.0,304.0,0.523442265625,False,CALL,2026-09-18,GAP
GAP260918P00020000,20.0,1.4,0.95,1.37,26.0,241.0,0.5366257275390626,False,PUT,2026-09-18,GAP
GAP260918P00023000,23.0,2.29,2.04,2.35,1.0,388.0,0.5190477783203125,False,PUT,2026-09-18,GAP
GAP260918P00025000,25.0,3.05,2.82,3.2,20.0,328.0,0.5095263891601562,False,PUT,2026-09-18,GAP
GAP260918P00026000,26.0,3.47,3.2,3.65,1.0,43.0,0.5014698291015626,False,PUT,2026-09-18,GAP
GAP260918P00027000,27.0,3.92,3.75,4.2,1.0,338.0,0.5009815527343751,False,PUT,2026-09-18,GAP
GAP260918P00030000,30.0,9.9,8.4,9.0,,1.0,0.8055439367675781,True,PUT,2026-09-18,GAP
GAP260918P00032000,32.0,7.05,6.8,7.45,10.0,6.0,0.4982960327148438,True,PUT,2026-09-18,GAP
GAP261218C00020000,20.0,9.5,9.0,9.55,,2.0,0.5576216113281252,True,CALL,2026-12-18,GAP
GAP261218C00022000,22.0,7.2,7.7,8.35,1.0,2.0,0.5493209130859377,True,CALL,2026-12-18,GAP
GAP261218C00025000,25.0,5.57,5.95,6.75,1.0,7.0,0.5336960693359375,True,CALL,2026-12-18,GAP
GAP261218C00027000,27.0,4.5,4.95,5.65,5.0,141.0,0.51562984375,True,CALL,2026-12-18,GAP
GAP261218C00030000,30.0,5.1,3.75,4.65,6.0,68.0,0.5159960510253907,False,CALL,2026-12-18,GAP
GAP261218C00032000,32.0,3.93,3.05,4.0,4.0,13.0,0.5095263891601562,False,CALL,2026-12-18,GAP
GAP261218C00035000,35.0,2.71,2.26,2.8,2.0,34.0,0.5122119091796875,False,CALL,2026-12-18,GAP
GAP261218P00020000,20.0,1.8,1.58,2.23,18.0,109.0,0.53320779296875,False,PUT,2026-12-18,GAP
GAP261218P00022000,22.0,2.63,2.21,2.95,101.0,110.0,0.5188036401367188,False,PUT,2026-12-18,GAP
GAP261218P00025000,25.0,3.14,3.4,4.25,10.0,11.0,0.5441940112304688,False,PUT,2026-12-18,GAP
GAP261218P00027000,27.0,3.91,4.35,5.3,25.0,40.0,0.5356491748046875,False,PUT,2026-12-18,GAP
GAP261218P00035000,35.0,12.25,0.0,0.0,,8.0,1.0000000000000003e-05,True,PUT,2026-12-18,GAP
GAP270115C00020000,20.0,9.31,8.55,9.95,10.0,361.0,0.5314988256835937,True,CALL,2027-01-15,GAP
GAP270115C00022000,22.0,7.45,7.8,8.25,4.0,408.0,0.5268602001953125,True,CALL,2027-01-15,GAP
GAP270115C00025000,25.0,6.0,6.1,6.9,4.0,572.0,0.5273484765625001,True,CALL,2027-01-15,GAP
GAP270115C00027000,27.0,5.8,5.1,5.65,10.0,166.0,0.5019581054687501,True,CALL,2027-01-15,GAP
GAP270115C00030000,30.0,3.9,3.85,4.7,52.0,6347.0,0.502080174560547,False,CALL,2027-01-15,GAP
GAP270115C00032000,32.0,4.2,3.2,3.65,58.0,904.0,0.5006153454589843,False,CALL,2027-01-15,GAP
GAP270115C00035000,35.0,2.55,2.38,2.82,5.0,257.0,0.49341326904296884,False,CALL,2027-01-15,GAP
GAP270115P00020000,20.0,1.91,1.65,2.09,100.0,296.0,0.506840869140625,False,PUT,2027-01-15,GAP
GAP270115P00022000,22.0,2.45,2.28,2.74,2.0,1124.0,0.516606396484375,False,PUT,2027-01-15,GAP
GAP270115P00025000,25.0,3.68,3.45,4.15,5.0,195.0,0.5117236328125,False,PUT,2027-01-15,GAP
GAP270115P00027000,27.0,4.86,4.45,4.95,1.0,298.0,0.47998566894531247,False,PUT,2027-01-15,GAP
GAP270115P00030000,30.0,6.58,6.15,7.05,2.0,142.0,0.4995167236328125,True,PUT,2027-01-15,GAP
GAP270115P00032000,32.0,10.0,0.0,0.0,2.0,65.0,1.0000000000000003e-05,True,PUT,2027-01-15,GAP
GAP270115P00035000,35.0,10.35,9.6,10.5,10.0,13.0,0.481450498046875,True,PUT,2027-01-15,GAP
GAP280121C00020000,20.0,10.55,10.1,11.35,2.0,1354.0,0.5050098327636718,True,CALL,2028-01-21,GAP
GAP280121C00022000,22.0,9.5,9.2,10.45,3.0,259.0,0.5136767382812499,True,CALL,2028-01-21,GAP
GAP280121C00025000,25.0,7.9,7.6,8.65,1.0,67.0,0.5236864038085938,True,CALL,2028-01-21,GAP
GAP280121C00027000,27.0,7.15,6.8,8.0,10.0,22.0,0.5313767565917968,True,CALL,2028-01-21,GAP
GAP280121C00030000,30.0,6.1,5.0,7.65,3.0,77.0,0.575077491455078,False,CALL,2028-01-21,GAP
GAP280121C00032000,32.0,3.94,0.0,0.0,,0.0,0.0312596875,False,CALL,2028-01-21,GAP
GAP280121C00035000,35.0,4.65,4.4,5.5,10.0,112.0,0.5214891601562499,False,CALL,2028-01-21,GAP
GAP280121P00020000,20.0,3.14,2.6,3.4,20.0,175.0,0.4936574072265626,False,PUT,2028-01-21,GAP
GAP280121P00022000,22.0,3.57,3.3,4.35,1.0,19.0,0.49133809448242194,False,PUT,2028-01-21,GAP
GAP280121P00025000,25.0,5.47,4.15,5.7,1.0,31.0,0.4688773815917969,False,PUT,2028-01-21,GAP
GAP280121P00027000,27.0,6.6,5.15,6.75,228.0,249.0,0.4580132324218751,False,PUT,2028-01-21,GAP
GAP280121P00035000,35.0,14.6,0.0,0.0,2.0,1.0,1.0000000000000003e-05,True,PUT,2028-01-21,GAP
GFS260220C00035000,35.0,11.37,8.6,9.7,1.0,370.0,0.7158231542968749,True,CALL,2026-02-20,GFS
GFS260220C00040000,40.0,4.75,4.6,5.0,4.0,842.0,0.584965087890625,True,CALL,2026-02-20,GFS
GFS260220C00045000,45.0,2.1,2.15,2.4,184.0,1237.0,0.6391637646484375,False,CALL,2026-02-20,GFS
GFS260220C00050000,50.0,0.86,0.85,0.95,134.0,1355.0,0.6513706738281251,False,CALL,2026-02-20,GFS
GFS260220C00055000,55.0,0.4,0.3,0.5,240.0,691.0,0.70312796875,False,CALL,2026-02-20,GFS
GFS260220P00035000,35.0,0.25,0.1,0.35,15.0,273.0,0.6347692773437501,False,PUT,2026-02-20,GFS
GFS260220P00040000,40.0,1.15,1.05,1.25,51.0,1251.0,0.6259803027343751,False,PUT,2026-02-20,GFS
GFS260220P00045000,45.0,2.25,3.2,3.6,105.0,199.0,0.6201209863281252,True,PUT,2026-02-20,GFS
GFS260220P00050000,50.0,5.8,6.3,7.3,1.0,15.0,0.5546919531250001,True,PUT,2026-02-20,GFS
GFS260320C00040000,40.0,7.22,5.4,5.9,14.0,27.0,0.5493209130859377,True,CALL,2026-03-20,GFS
GFS260320C00045000,45.0,2.95,2.95,3.2,15.0,160.0,0.551762294921875,False,CALL,2026-03-20,GFS
GFS260320C00050000,50.0,1.46,1.45,1.65,100.0,4638.0,0.5581098876953126,False,CALL,2026-03-20,GFS
GFS260320C00055000,55.0,0.8,0.7,0.9,22.0,186.0,0.5795940478515625,False,CALL,2026-03-20,GFS
GFS260320P00035000,35.0,0.5,0.4,0.6,2.0,14.0,0.5302781347656251,False,PUT,2026-03-20,GFS
GFS260320P00040000,40.0,1.8,1.7,1.8,9.0,132.0,0.5302781347656251,False,PUT,2026-03-20,GFS
GFS260320P00045000,45.0,3.04,3.9,4.2,16.0,6057.0,0.5163622583007812,True,PUT,2026-03-20,GFS
GFS260320P00050000,50.0,6.0,5.9,8.0,2.0,7.0,0.6005899316406251,True,PUT,2026-03-20,GFS
GFS260417C00035000,35.0,10.4,9.4,10.2,2.0,8535.0,0.5419967675781252,True,CALL,2026-04-17,GFS
GFS260417C00040000,40.0,6.3,6.0,6.6,77.0,6763.0,0.5327195166015625,True,CALL,2026-04-17,GFS
GFS260417C00045000,45.0,3.7,3.6,3.8,291.0,14640.0,0.5202684692382812,False,CALL,2026-04-17,GFS
GFS260417C00050000,50.0,2.09,2.05,2.2,278.0,9818.0,0.5275926147460939,False,CALL,2026-04-17,GFS
GFS260417C00055000,55.0,1.25,1.2,1.3,479.0,47376.0,0.5454147021484376,False,CALL,2026-04-17,GFS
GFS260417P00035000,35.0,0.95,0.85,1.05,4.0,1499.0,0.5302781347656251,False,PUT,2026-04-17,GFS
GFS260417P00040000,40.0,2.35,2.15,2.25,491.0,379.0,0.49707534179687507,False,PUT,2026-04-17,GFS
GFS260417P00045000,45.0,4.7,4.5,4.7,17.0,4267.0,0.49487809814453126,True,PUT,2026-04-17,GFS
GFS260417P00050000,50.0,7.9,7.8,8.4,3.0,68.0,0.5368698657226563,True,PUT,2026-04-17,GFS
GFS260417P00055000,55.0,9.9,10.3,12.6,3.0,2.0,0.5690961059570312,True,PUT,2026-04-17,GFS
GFS260717C00035000,35.0,14.02,11.0,13.2,3.0,128.0,0.6435582519531251,True,CALL,2026-07-17,GFS
GFS260717C00040000,40.0,8.05,8.0,8.4,17.0,7854.0,0.5395553857421876,True,CALL,2026-07-17,GFS
GFS260717C00045000,45.0,5.8,5.4,6.1,10.0,611.0,0.5268602001953125,False,CALL,2026-07-17,GFS
GFS260717C00050000,50.0,3.87,3.7,4.1,12.0,274.0,0.51562984375,False,CALL,2026-07-17,GFS
GFS260717C00055000,55.0,2.6,2.5,2.85,13.0,725.0,0.5158739819335938,False,CALL,2026-07-17,GFS
GFS260717P00035000,35.0,2.0,1.85,2.2,3.0,93.0,0.5192919165039063,False,PUT,2026-07-17,GFS
GFS260717P00040000,40.0,3.8,3.7,4.0,4.0,42.0,0.5022022436523439,False,PUT,2026-07-17,GFS
GFS260717P00045000,45.0,5.7,6.2,6.6,1.0,20.0,0.49707534179687507,True,PUT,2026-07-17,GFS
GFS260717P00050000,50.0,8.0,9.2,9.8,,2.0,0.489384989013672,True,PUT,2026-07-17,GFS
GFS260717P00055000,55.0,15.9,12.9,13.6,,4.0,0.48950705810546885,True,PUT,2026-07-17,GFS
GFS270115C00035000,35.0,13.5,13.3,14.9,11.0,313.0,0.5958292370605469,True,CALL,2027-01-15,GFS
GFS270115C00040000,40.0,11.03,10.4,11.4,3.0,398.0,0.5474898767089844,True,CALL,2027-01-15,GFS
GFS270115C00045000,45.0,8.4,8.2,8.6,182.0,1519.0,0.5224657128906249,False,CALL,2027-01-15,GFS
GFS270115C00050000,50.0,6.6,6.6,6.8,98.0,721.0,0.5224657128906249,False,CALL,2027-01-15,GFS
GFS270115C00055000,55.0,5.2,5.0,5.8,11.0,719.0,0.5258836474609375,False,CALL,2027-01-15,GFS
GFS270115P00035000,35.0,3.6,3.5,3.9,281.0,481.0,0.49219257812500006,False,PUT,2027-01-15,GFS
GFS270115P00040000,40.0,5.7,5.5,6.0,140.0,519.0,0.4769339416503906,False,PUT,2027-01-15,GFS
GFS270115P00045000,45.0,7.68,7.8,9.5,1.0,1349.0,0.5163622583007812,True,PUT,2027-01-15,GFS
GFS270115P00050000,50.0,10.7,10.8,12.5,1.0,13.0,0.499028447265625,True,PUT,2027-01-15,GFS
GGB260220C00005000,5.0,0.05,0.05,0.1,101.0,485.0,0.585941640625,False,CALL,2026-02-20,GGB
GGB260320C00005000,5.0,0.1,0.05,0.25,7.0,7760.0,0.5351608984375,False,CALL,2026-03-20,GGB
GGB260320P00005000,5.0,0.73,0.5,0.95,1.0,70.0,0.5039112109375,True,PUT,2026-03-20,GGB
GGB260618C00005000,5.0,0.29,0.2,0.35,100.0,821.0,0.51758294921875,False,CALL,2026-06-18,GGB
GGB260618P00005000,5.0,0.7,0.6,0.95,1.0,24.0,0.52539537109375,True,PUT,2026-06-18,GGB
GGB260918C00005000,5.0,0.5,0.4,0.5,60.0,1511.0,0.5097705273437501,False,CALL,2026-09-18,GGB
GILD260130C00100000,100.0,20.27,37.5,39.65,,3.0,1.9062504687500001,True,CALL,2026-01-30,GILD
GILD260130C00107000,107.0,32.76,30.5,32.55,1.0,7.0,1.0000000000000003e-05,True,CALL,2026-01-30,GILD
GILD260130C00110000,110.0,12.62,27.5,29.65,1.0,4.0,1.4140654296875002,True,CALL,2026-01-30,GILD
GILD260130C00111000,111.0,28.52,26.5,28.65,1.0,5.0,1.36328443359375,True,CALL,2026-01-30,GILD
GILD260130C00112000,112.0,27.45,25.6,27.65,3.0,1.0,1.3164096679687498,True,CALL,2026-01-30,GILD
GILD260130C00113000,113.0,26.61,24.75,26.65,2.0,6.0,1.2695349023437497,True,CALL,2026-01-30,GILD
GILD260130C00114000,114.0,5.16,23.5,25.65,8.0,6.0,1.22266013671875,True,CALL,2026-01-30,GILD
GILD260130C00115000,115.0,23.64,22.6,24.65,28.0,32.0,1.1757853710937498,True,CALL,2026-01-30,GILD
GILD260130C00116000,116.0,23.57,21.8,23.65,1.0,10.0,1.1328168359375002,True,CALL,2026-01-30,GILD
GILD260130C00117000,117.0,21.77,20.9,22.65,2.0,4.0,1.0859420703125,True,CALL,2026-01-30,GILD
GILD260130C00118000,118.0,21.59,19.8,21.65,1.0,2.0,1.0390673046875003,True,CALL,2026-01-30,GILD
GILD260130C00119000,119.0,20.35,18.95,20.65,2.0,7.0,0.992187578125,True,CALL,2026-01-30,GILD
GILD260130C00120000,120.0,18.83,17.8,19.65,7.0,34.0,0.945313046875,True,CALL,2026-01-30,GILD
GILD260130C00121000,121.0,18.82,16.95,18.65,30.0,52.0,0.9023447265625,True,CALL,2026-01-30,GILD
GILD260130C00122000,122.0,17.82,15.95,17.65,30.0,70.0,0.8554701953125,True,CALL,2026-01-30,GILD
GILD260130C00123000,123.0,16.42,14.55,16.6,1.0,54.0,0.500005,True,CALL,2026-01-30,GILD
GILD260130C00124000,124.0,15.53,13.75,15.6,2.0,42.0,0.500005,True,CALL,2026-01-30,GILD
GILD260130C00125000,125.0,16.0,13.1,14.6,2.0,199.0,0.2500075,True,CALL,2026-01-30,GILD
GILD260130C00126000,126.0,13.75,12.1,13.6,3.0,130.0,0.2500075,True,CALL,2026-01-30,GILD
GILD260130C00127000,127.0,11.65,10.7,12.6,5.0,87.0,0.2500075,True,CALL,2026-01-30,GILD
GILD260130C00128000,128.0,10.7,9.8,11.6,5.0,68.0,0.2500075,True,CALL,2026-01-30,GILD
GILD260130C00129000,129.0,9.71,8.9,10.5,4.0,91.0,1.0000000000000003e-05,True,CALL,2026-01-30,GILD
GILD260130C00130000,130.0,9.67,7.6,9.6,30.0,306.0,0.2500075,True,CALL,2026-01-30,GILD
GILD260130C00131000,131.0,8.0,6.6,8.65,2.0,126.0,0.45313046875,True,CALL,2026-01-30,GILD
GILD260130C00132000,132.0,6.89,6.35,7.65,3.0,342.0,0.4062559375,True,CALL,2026-01-30,GILD
GILD260130C00133000,133.0,6.65,5.25,6.7,1.0,124.0,0.41211525390625,True,CALL,2026-01-30,GILD
GILD260130C00134000,134.0,6.01,4.15,5.75,10.0,102.0,0.397466962890625,True,CALL,2026-01-30,GILD
GILD260130C00135000,135.0,4.33,3.25,4.55,7.0,114.0,1.0000000000000003e-05,True,CALL,2026-01-30,GILD
GILD260130C00136000,136.0,3.62,2.62,4.0,137.0,402.0,0.39160764648437496,True,CALL,2026-01-30,GILD
GILD260130C00137000,137.0,2.82,2.35,3.55,2.0,181.0,0.4858449853515625,True,CALL,2026-01-30,GILD
GILD260130C00138000,138.0,3.0,1.55,3.2,1.0,96.0,0.5639692041015626,True,CALL,2026-01-30,GILD
GILD260130C00139000,139.0,0.92,0.96,1.5,16.0,122.0,0.28565167480468745,True,CALL,2026-01-30,GILD
GILD260130C00140000,140.0,0.99,0.5,0.93,4.0,171.0,0.2710033837890625,False,CALL,2026-01-30,GILD
GILD260130C00141000,141.0,0.58,0.23,0.6,7.0,23.0,0.282233740234375,False,CALL,2026-01-30,GILD
GILD260130C00142000,142.0,0.45,0.1,0.63,1.0,192.0,0.3711000390625,False,CALL,2026-01-30,GILD
GILD260130C00145000,145.0,0.09,0.0,0.17,31.0,186.0,0.383795224609375,False,CALL,2026-01-30,GILD
GILD260130P00105000,105.0,0.13,0.0,0.03,2.0,5.0,1.4375028125,False,PUT,2026-01-30,GILD
GILD260130P00106000,106.0,0.36,0.0,0.04,1.0,2.0,1.4375028125,False,PUT,2026-01-30,GILD
GILD260130P00107000,107.0,0.38,0.0,0.05,1.0,24.0,1.4296903515625,False,PUT,2026-01-30,GILD
GILD260130P00108000,108.0,1.2,0.0,0.06,1.0,2.0,1.4140654296875002,False,PUT,2026-01-30,GILD
GILD260130P00109000,109.0,1.26,0.0,0.07,1.0,2.0,1.3906280468749999,False,PUT,2026-01-30,GILD
GILD260130P00110000,110.0,0.01,0.0,0.08,2.0,27.0,1.3750031249999999,False,PUT,2026-01-30,GILD
GILD260130P00111000,111.0,0.14,0.0,0.97,2.0,4.0,2.0019581201171874,False,PUT,2026-01-30,GILD
GILD260130P00112000,112.0,0.03,0.0,0.73,10.0,3.0,1.8261727441406248,False,PUT,2026-01-30,GILD
GILD260130P00113000,113.0,0.1,0.0,0.78,4.0,5.0,1.7890635546875,False,PUT,2026-01-30,GILD
GILD260130P00114000,114.0,0.12,0.0,0.61,2.0,50.0,1.64453302734375,False,PUT,2026-01-30,GILD
GILD260130P00115000,115.0,0.01,0.0,0.01,1.0,64.0,0.9062509375,False,PUT,2026-01-30,GILD
GILD260130P00116000,116.0,0.01,0.0,0.51,2.0,13.0,1.47265888671875,False,PUT,2026-01-30,GILD
GILD260130P00117000,117.0,0.06,0.0,0.75,5.0,23.0,1.53515857421875,False,PUT,2026-01-30,GILD
GILD260130P00118000,118.0,0.28,0.0,0.75,2.0,38.0,1.474612001953125,False,PUT,2026-01-30,GILD
GILD260130P00119000,119.0,0.06,0.0,0.75,5.0,125.0,1.4160185449218752,False,PUT,2026-01-30,GILD
GILD260130P00120000,120.0,0.06,0.0,0.75,1.0,138.0,1.3574250878906249,False,PUT,2026-01-30,GILD
GILD260130P00121000,121.0,0.03,0.0,0.75,11.0,93.0,1.2968785156249998,False,PUT,2026-01-30,GILD
GILD260130P00122000,122.0,0.5,0.0,1.0,10.0,73.0,1.3271518017578123,False,PUT,2026-01-30,GILD
GILD260130P00123000,123.0,0.06,0.01,0.06,2.0,63.0,0.773439765625,False,PUT,2026-01-30,GILD
GILD260130P00124000,124.0,0.13,0.0,0.4,1.0,34.0,0.97460962890625,False,PUT,2026-01-30,GILD
GILD260130P00125000,125.0,0.01,0.0,0.75,11.0,131.0,1.0605515722656251,False,PUT,2026-01-30,GILD
GILD260130P00126000,126.0,0.03,0.0,0.14,26.0,29.0,0.7148466015625,False,PUT,2026-01-30,GILD
GILD260130P00127000,127.0,0.17,0.0,0.75,5.0,73.0,0.9423833886718749,False,PUT,2026-01-30,GILD
GILD260130P00128000,128.0,0.05,0.0,0.75,4.0,56.0,0.8828136718749999,False,PUT,2026-01-30,GILD
GILD260130P00129000,129.0,0.01,0.0,0.75,20.0,66.0,0.823243955078125,False,PUT,2026-01-30,GILD
GILD260130P00130000,130.0,0.01,0.0,0.06,12.0,160.0,0.5117236328125,False,PUT,2026-01-30,GILD
GILD260130P00131000,131.0,0.01,0.0,0.47,22.0,66.0,0.6201209863281252,False,PUT,2026-01-30,GILD
GILD260130P00132000,132.0,0.04,0.0,0.08,11.0,121.0,0.44336494140625,False,PUT,2026-01-30,GILD
GILD260130P00133000,133.0,0.11,0.03,0.29,12.0,64.0,0.5351608984375,False,PUT,2026-01-30,GILD
GILD260130P00134000,134.0,0.25,0.06,0.33,1.0,68.0,0.49414568359375005,False,PUT,2026-01-30,GILD
GILD260130P00135000,135.0,0.18,0.1,0.35,3.0,229.0,0.43897045410156255,False,PUT,2026-01-30,GILD
GILD260130P00136000,136.0,0.4,0.15,0.57,142.0,151.0,0.45117736328125,False,PUT,2026-01-30,GILD
GILD260130P00137000,137.0,0.36,0.32,0.9,25.0,76.0,0.4721732470703125,False,PUT,2026-01-30,GILD
GILD260130P00138000,138.0,0.71,0.56,1.06,622.0,301.0,0.42578699218750005,False,PUT,2026-01-30,GILD
GILD260130P00139000,139.0,1.15,0.91,1.38,1217.0,210.0,0.40430283203125,False,PUT,2026-01-30,GILD
GILD260130P00140000,140.0,1.75,1.46,2.53,3.0,540.0,0.5629926513671876,True,PUT,2026-01-30,GILD
GILD260130P00141000,141.0,2.35,2.1,3.25,1.0,4.0,0.6005899316406251,True,PUT,2026-01-30,GILD
GILD260130P00143000,143.0,3.11,3.45,5.1,10.0,10.0,0.5185595019531251,True,PUT,2026-01-30,GILD
GILD260206C00110000,110.0,25.7,27.7,30.25,1.0,0.0,1.040043862304688,True,CALL,2026-02-06,GILD
GILD260206C00111000,111.0,13.33,27.05,29.25,,5.0,1.0087940185546875,True,CALL,2026-02-06,GILD
GILD260206C00113000,113.0,8.79,25.05,27.3,,1.0,0.963867548828125,True,CALL,2026-02-06,GILD
GILD260206C00114000,114.0,8.0,24.05,25.75,,1.0,0.6796907031250001,True,CALL,2026-02-06,GILD
GILD260206C00115000,115.0,23.75,22.75,24.75,28.0,1.0,0.6543003320312502,True,CALL,2026-02-06,GILD
GILD260206C00116000,116.0,23.57,22.0,23.75,2.0,1.0,0.63086306640625,True,CALL,2026-02-06,GILD
GILD260206C00117000,117.0,8.63,20.85,22.75,1.0,6.0,0.6054726953125001,True,CALL,2026-02-06,GILD
GILD260206C00118000,118.0,6.5,19.9,21.75,3.0,5.0,0.5810588769531251,True,CALL,2026-02-06,GILD
GILD260206C00119000,119.0,6.33,19.0,20.75,2.0,2.0,0.5566450585937501,True,CALL,2026-02-06,GILD
GILD260206C00120000,120.0,18.93,17.85,19.65,6.0,25.0,0.445318046875,True,CALL,2026-02-06,GILD
GILD260206C00121000,121.0,13.95,16.9,18.75,71.0,142.0,0.507817421875,True,CALL,2026-02-06,GILD
GILD260206C00122000,122.0,18.2,15.65,17.75,8.0,21.0,0.48242705078125003,True,CALL,2026-02-06,GILD
GILD260206C00123000,123.0,11.03,14.65,16.8,3.0,7.0,0.485356708984375,True,CALL,2026-02-06,GILD
GILD260206C00124000,124.0,16.83,13.85,15.75,2.0,21.0,0.43457596679687505,True,CALL,2026-02-06,GILD
GILD260206C00125000,125.0,12.2,13.15,14.8,2.0,55.0,0.43457596679687505,True,CALL,2026-02-06,GILD
GILD260206C00126000,126.0,6.92,11.8,13.8,18.0,49.0,0.40918559570312496,True,CALL,2026-02-06,GILD
GILD260206C00127000,127.0,11.85,10.9,12.8,8.0,12.0,0.383795224609375,True,CALL,2026-02-06,GILD
GILD260206C00128000,128.0,10.92,9.95,11.9,5.0,10.0,0.393560751953125,True,CALL,2026-02-06,GILD
GILD260206C00129000,129.0,10.07,9.3,10.9,1.0,43.0,0.366217275390625,True,CALL,2026-02-06,GILD
GILD260206C00130000,130.0,9.47,8.95,9.8,36.0,354.0,0.30664755859375,True,CALL,2026-02-06,GILD
GILD260206C00131000,131.0,8.6,7.45,9.15,2.0,73.0,0.3711000390625,True,CALL,2026-02-06,GILD
GILD260206C00132000,132.0,7.22,6.55,8.1,2.0,40.0,0.32959654785156245,True,CALL,2026-02-06,GILD
GILD260206C00133000,133.0,7.22,5.85,7.0,12.0,88.0,0.2778392529296875,True,CALL,2026-02-06,GILD
GILD260206C00134000,134.0,5.6,5.1,6.2,3.0,83.0,0.28516339843749994,True,CALL,2026-02-06,GILD
GILD260206C00135000,135.0,5.79,4.75,5.55,12.0,159.0,0.3064034204101562,True,CALL,2026-02-06,GILD
GILD260206C00136000,136.0,5.15,4.05,4.65,1.0,30.0,0.28247787841796873,True,CALL,2026-02-06,GILD
GILD260206C00137000,137.0,4.17,3.35,4.05,10.0,94.0,0.29321995849609367,True,CALL,2026-02-06,GILD
GILD260206C00138000,138.0,3.66,2.74,3.15,1.0,113.0,0.2600171655273438,True,CALL,2026-02-06,GILD
GILD260206C00139000,139.0,2.51,2.14,2.61,1.0,30.0,0.26319096191406255,True,CALL,2026-02-06,GILD
GILD260206C00140000,140.0,1.89,1.62,2.18,99.0,223.0,0.2712475219726562,False,CALL,2026-02-06,GILD
GILD260206C00141000,141.0,1.85,1.22,1.68,56.0,97.0,0.26319096191406255,False,CALL,2026-02-06,GILD
GILD260206C00142000,142.0,1.03,0.88,1.3,58.0,996.0,0.2612378564453125,False,CALL,2026-02-06,GILD
GILD260206C00145000,145.0,0.44,0.29,0.56,30.0,26.0,0.2612378564453125,False,CALL,2026-02-06,GILD
GILD260206P00105000,105.0,0.05,0.0,0.4,2.0,10.0,0.95507857421875,False,PUT,2026-02-06,GILD
GILD260206P00109000,109.0,0.2,0.0,0.96,4.0,3.0,1.001958115234375,False,PUT,2026-02-06,GILD
GILD260206P00110000,110.0,0.05,0.0,0.95,8.0,16.0,0.9697268652343749,False,PUT,2026-02-06,GILD
GILD260206P00111000,111.0,0.44,0.0,0.95,1.0,3.0,0.93945373046875,False,PUT,2026-02-06,GILD
GILD260206P00112000,112.0,1.64,0.0,0.76,,2.0,0.868165380859375,False,PUT,2026-02-06,GILD
GILD260206P00113000,113.0,0.05,0.0,0.62,1.0,65.0,0.804689453125,False,PUT,2026-02-06,GILD
GILD260206P00114000,114.0,0.99,0.0,1.15,1.0,102.0,0.8886729882812499,False,PUT,2026-02-06,GILD
GILD260206P00115000,115.0,0.08,0.0,0.53,1.0,97.0,0.726565234375,False,PUT,2026-02-06,GILD
GILD260206P00116000,116.0,0.98,0.0,0.76,1.0,19.0,0.7539087109375,False,PUT,2026-02-06,GILD
GILD260206P00117000,117.0,0.38,0.0,0.75,6.0,88.0,0.7236355761718749,False,PUT,2026-02-06,GILD
GILD260206P00118000,118.0,0.35,0.0,0.76,1.0,14.0,0.6972686523437501,False,PUT,2026-02-06,GILD
GILD260206P00119000,119.0,0.07,0.0,0.96,9.0,11.0,0.7065459033203125,False,PUT,2026-02-06,GILD
GILD260206P00120000,120.0,0.1,0.0,0.14,1.0,17.0,0.52539537109375,False,PUT,2026-02-06,GILD
GILD260206P00121000,121.0,0.1,0.0,0.62,7.0,31.0,0.585941640625,False,PUT,2026-02-06,GILD
GILD260206P00122000,122.0,3.27,0.0,0.28,1.0,21.0,0.5468795312500001,False,PUT,2026-02-06,GILD
GILD260206P00123000,123.0,0.48,0.0,0.71,1.0,434.0,0.5488326367187502,False,PUT,2026-02-06,GILD
GILD260206P00124000,124.0,0.1,0.0,0.95,1.0,1.0,0.5600629931640625,False,PUT,2026-02-06,GILD
GILD260206P00125000,125.0,0.21,0.0,0.96,3.0,9.0,0.532231240234375,False,PUT,2026-02-06,GILD
GILD260206P00126000,126.0,0.15,0.0,0.95,6.0,40.0,0.5019581054687501,False,PUT,2026-02-06,GILD
GILD260206P00127000,127.0,2.1,0.0,0.95,4.0,164.0,0.5825237060546875,False,PUT,2026-02-06,GILD
GILD260206P00128000,128.0,0.37,0.0,0.95,20.0,30.0,0.5493209130859377,False,PUT,2026-02-06,GILD
GILD260206P00130000,130.0,0.35,0.0,0.71,11.0,6.0,0.43604079589843747,False,PUT,2026-02-06,GILD
GILD260206P00131000,131.0,0.45,0.05,1.43,1.0,63.0,0.5283250292968751,False,PUT,2026-02-06,GILD
GILD260206P00132000,132.0,0.53,0.3,1.75,46.0,9.0,0.5388229711914063,False,PUT,2026-02-06,GILD
GILD260206P00133000,133.0,0.65,0.31,0.7,46.0,1.0,0.3364324169921875,False,PUT,2026-02-06,GILD
GILD260206P00134000,134.0,0.66,0.51,0.89,1.0,6.0,0.33374689697265625,False,PUT,2026-02-06,GILD
GILD260206P00135000,135.0,0.88,0.7,1.24,3.0,14.0,0.3481510498046875,False,PUT,2026-02-06,GILD
GILD260206P00136000,136.0,1.15,0.9,1.45,54.0,57.0,0.33618827880859375,False,PUT,2026-02-06,GILD
GILD260206P00139000,139.0,2.3,1.98,2.4,87.0,66.0,0.30823445678710937,False,PUT,2026-02-06,GILD
GILD260213C00112000,112.0,9.95,25.8,27.95,,2.0,0.639652041015625,True,CALL,2026-02-13,GILD
GILD260213C00115000,115.0,10.0,23.15,25.0,4.0,4.0,0.5927775097656252,True,CALL,2026-02-13,GILD
GILD260213C00116000,116.0,8.94,21.9,24.05,,1.0,0.586918193359375,True,CALL,2026-02-13,GILD
GILD260213C00117000,117.0,22.0,21.1,22.9,1.0,2.0,0.51758294921875,True,CALL,2026-02-13,GILD
GILD260213C00118000,118.0,7.65,20.35,22.1,3.0,10.0,0.5566450585937501,True,CALL,2026-02-13,GILD
GILD260213C00119000,119.0,7.0,19.0,21.15,2.0,1.0,0.5473678076171876,True,CALL,2026-02-13,GILD
GILD260213C00120000,120.0,20.65,18.05,20.05,1.0,37.0,0.500005,True,CALL,2026-02-13,GILD
GILD260213C00121000,121.0,5.75,17.05,19.2,1.0,2.0,0.5141650146484374,True,CALL,2026-02-13,GILD
GILD260213C00122000,122.0,18.24,16.2,18.25,2.0,11.0,0.5024463818359376,True,CALL,2026-02-13,GILD
GILD260213C00123000,123.0,10.06,15.2,17.5,12.0,40.0,0.5266160620117188,True,CALL,2026-02-13,GILD
GILD260213C00124000,124.0,7.3,14.55,16.4,4.0,20.0,0.4848684326171875,True,CALL,2026-02-13,GILD
GILD260213C00125000,125.0,15.49,13.45,15.4,10.0,68.0,0.46094289062500005,True,CALL,2026-02-13,GILD
GILD260213C00126000,126.0,9.89,12.75,14.5,1.0,12.0,0.45361874511718747,True,CALL,2026-02-13,GILD
GILD260213C00127000,127.0,11.42,11.9,13.8,3.0,11.0,0.47363807617187503,True,CALL,2026-02-13,GILD
GILD260213C00128000,128.0,6.9,10.9,12.75,3.0,48.0,0.44067942138671873,True,CALL,2026-02-13,GILD
GILD260213C00129000,129.0,11.66,10.5,11.55,1.0,38.0,0.3869690209960937,True,CALL,2026-02-13,GILD
GILD260213C00130000,130.0,11.73,9.3,11.0,26.0,296.0,0.42017181396484377,True,CALL,2026-02-13,GILD
GILD260213C00131000,131.0,10.35,7.7,10.2,1.0,218.0,0.4162656030273437,True,CALL,2026-02-13,GILD
GILD260213C00132000,132.0,9.3,8.15,9.3,5.0,51.0,0.3986876538085938,True,CALL,2026-02-13,GILD
GILD260213C00133000,133.0,8.32,7.25,8.4,200.0,146.0,0.37964487548828124,True,CALL,2026-02-13,GILD
GILD260213C00134000,134.0,7.35,7.0,8.1,2.0,40.0,0.41919526123046874,True,CALL,2026-02-13,GILD
GILD260213C00135000,135.0,7.25,6.2,6.95,11.0,401.0,0.3715883154296875,True,CALL,2026-02-13,GILD
GILD260213C00136000,136.0,6.75,5.55,6.15,2.0,67.0,0.35645174804687496,True,CALL,2026-02-13,GILD
GILD260213C00137000,137.0,5.4,4.9,5.7,12.0,38.0,0.370123486328125,True,CALL,2026-02-13,GILD
GILD260213C00138000,138.0,5.1,4.65,5.15,12.0,54.0,0.3712221081542969,True,CALL,2026-02-13,GILD
GILD260213C00139000,139.0,4.85,4.2,4.75,12.0,3.0,0.38196418823242184,True,CALL,2026-02-13,GILD
GILD260213C00140000,140.0,3.75,3.65,4.0,92.0,26.0,0.35950347534179683,False,CALL,2026-02-13,GILD
GILD260213C00141000,141.0,4.0,2.84,3.7,5.0,23.0,0.37256486816406253,False,CALL,2026-02-13,GILD
GILD260213C00145000,145.0,1.88,1.92,2.1,232.0,72.0,0.3591372680664062,False,CALL,2026-02-13,GILD
GILD260213P00100000,100.0,0.06,0.0,0.78,2.0,7.0,0.922852333984375,False,PUT,2026-02-13,GILD
GILD260213P00105000,105.0,0.35,0.0,1.15,6.0,8.0,0.875977802734375,False,PUT,2026-02-13,GILD
GILD260213P00109000,109.0,0.1,0.05,0.59,1.0,6.0,0.692385888671875,False,PUT,2026-02-13,GILD
GILD260213P00110000,110.0,0.15,0.0,1.01,1.0,44.0,0.737307314453125,False,PUT,2026-02-13,GILD
GILD260213P00111000,111.0,0.67,0.0,0.94,10.0,10.0,0.70312796875,False,PUT,2026-02-13,GILD
GILD260213P00112000,112.0,0.82,0.0,0.95,,10.0,0.6826203613281252,False,PUT,2026-02-13,GILD
GILD260213P00113000,113.0,0.86,0.0,1.15,10.0,13.0,0.6894562304687502,False,PUT,2026-02-13,GILD
GILD260213P00114000,114.0,0.23,0.0,1.6,1.0,111.0,0.7231472998046875,False,PUT,2026-02-13,GILD
GILD260213P00115000,115.0,0.1,0.0,0.76,2.0,56.0,0.586918193359375,False,PUT,2026-02-13,GILD
GILD260213P00116000,116.0,1.26,0.0,1.35,38.0,52.0,0.6462437719726561,False,PUT,2026-02-13,GILD
GILD260213P00117000,117.0,0.22,0.0,1.36,11.0,53.0,0.624027197265625,False,PUT,2026-02-13,GILD
GILD260213P00118000,118.0,0.29,0.0,1.01,11.0,22.0,0.5581098876953126,False,PUT,2026-02-13,GILD
GILD260213P00119000,119.0,1.41,0.0,1.15,1.0,3.0,0.5537154003906251,False,PUT,2026-02-13,GILD
GILD260213P00120000,120.0,0.3,0.11,0.5,32.0,48.0,0.5131884619140624,False,PUT,2026-02-13,GILD
GILD260213P00122000,122.0,1.83,0.0,1.55,1.0,2.0,0.5273484765625001,False,PUT,2026-02-13,GILD
GILD260213P00123000,123.0,0.33,0.0,0.75,2.0,14.0,0.499028447265625,False,PUT,2026-02-13,GILD
GILD260213P00124000,124.0,0.42,0.0,1.16,5.0,12.0,0.5449264257812501,False,PUT,2026-02-13,GILD
GILD260213P00125000,125.0,0.35,0.0,0.88,4.0,17.0,0.47461462890625,False,PUT,2026-02-13,GILD
GILD260213P00126000,126.0,0.48,0.01,0.95,1.0,39.0,0.4616753051757813,False,PUT,2026-02-13,GILD
GILD260213P00127000,127.0,0.53,0.56,1.52,1.0,3.0,0.5173388110351562,False,PUT,2026-02-13,GILD
GILD260213P00128000,128.0,0.75,0.59,1.51,6.0,9.0,0.4887746435546876,False,PUT,2026-02-13,GILD
GILD260213P00129000,129.0,0.99,0.65,1.14,3.0,5.0,0.41358008300781246,False,PUT,2026-02-13,GILD
GILD260213P00130000,130.0,1.05,0.7,1.25,34.0,42.0,0.401373173828125,False,PUT,2026-02-13,GILD
GILD260213P00131000,131.0,1.28,0.74,1.58,2.0,22.0,0.4138242211914062,False,PUT,2026-02-13,GILD
GILD260213P00132000,132.0,1.41,1.15,1.75,2.0,50.0,0.40418076293945315,False,PUT,2026-02-13,GILD
GILD260213P00133000,133.0,1.2,1.39,2.05,3.0,5.0,0.40601179931640624,False,PUT,2026-02-13,GILD
GILD260213P00134000,134.0,2.5,1.45,2.35,11.0,12.0,0.40454697021484376,False,PUT,2026-02-13,GILD
GILD260213P00135000,135.0,2.23,2.09,2.53,35.0,33.0,0.38892212646484375,False,PUT,2026-02-13,GILD
GILD260213P00136000,136.0,2.75,2.55,2.88,5.0,38.0,0.38672488281249995,False,PUT,2026-02-13,GILD
GILD260220C00100000,100.0,28.6,37.95,39.85,112.0,162.0,0.709963837890625,True,CALL,2026-02-20,GILD
GILD260220C00105000,105.0,32.58,33.0,34.9,2.0,108.0,0.6411168701171875,True,CALL,2026-02-20,GILD
GILD260220C00110000,110.0,29.41,28.05,30.05,2.0,270.0,0.5996133789062501,True,CALL,2026-02-20,GILD
GILD260220C00115000,115.0,24.1,23.35,25.05,3.0,304.0,0.5073291455078125,True,CALL,2026-02-20,GILD
GILD260220C00118000,118.0,17.43,20.15,22.15,1.0,1.0,0.47510290527343746,True,CALL,2026-02-20,GILD
GILD260220C00119000,119.0,9.77,19.15,21.2,,2.0,0.46655806884765627,True,CALL,2026-02-20,GILD
GILD260220C00120000,120.0,19.7,18.55,20.2,2.0,710.0,0.44775942871093743,True,CALL,2026-02-20,GILD
GILD260220C00122000,122.0,14.23,16.6,18.35,1.0,1.0,0.43579665771484377,True,CALL,2026-02-20,GILD
GILD260220C00123000,123.0,10.6,15.65,17.25,,2.0,0.39990834472656256,True,CALL,2026-02-20,GILD
GILD260220C00124000,124.0,9.46,14.45,16.5,,12.0,0.418951123046875,True,CALL,2026-02-20,GILD
GILD260220C00125000,125.0,14.69,14.3,15.3,14.0,1440.0,0.36939107177734376,True,CALL,2026-02-20,GILD
GILD260220C00126000,126.0,11.0,13.05,14.7,4.0,8.0,0.40430283203125,True,CALL,2026-02-20,GILD
GILD260220C00127000,127.0,13.43,12.0,13.65,,6.0,0.37695935546875,True,CALL,2026-02-20,GILD
GILD260220C00128000,128.0,12.89,11.05,12.95,3.0,59.0,0.39014281738281253,True,CALL,2026-02-20,GILD
GILD260220C00129000,129.0,13.0,10.65,11.8,12.0,270.0,0.35156898437499995,True,CALL,2026-02-20,GILD
GILD260220C00130000,130.0,10.4,9.85,11.2,118.0,3892.0,0.3706117626953125,True,CALL,2026-02-20,GILD
GILD260220C00131000,131.0,8.35,8.85,10.2,13.0,75.0,0.34717449707031245,True,CALL,2026-02-20,GILD
GILD260220C00132000,132.0,9.52,8.15,9.45,10.0,313.0,0.3461979443359374,True,CALL,2026-02-20,GILD
GILD260220C00133000,133.0,7.26,8.05,8.65,12.0,74.0,0.33850759155273435,True,CALL,2026-02-20,GILD
GILD260220C00134000,134.0,8.3,7.3,8.2,1.0,40.0,0.35767243896484374,True,CALL,2026-02-20,GILD
GILD260220C00135000,135.0,7.41,6.65,7.25,56.0,4991.0,0.33374689697265625,True,CALL,2026-02-20,GILD
GILD260220C00136000,136.0,6.05,6.0,6.6,2.0,121.0,0.3316717224121094,True,CALL,2026-02-20,GILD
GILD260220C00140000,140.0,4.0,3.75,4.4,157.0,2310.0,0.3283758569335937,False,CALL,2026-02-20,GILD
GILD260220C00141000,141.0,3.63,3.25,3.9,2.0,65.0,0.32507999145507804,False,CALL,2026-02-20,GILD
GILD260220C00145000,145.0,2.17,2.01,2.36,8.0,1472.0,0.3200751586914062,False,CALL,2026-02-20,GILD
GILD260220C00150000,150.0,1.19,0.76,1.21,108.0,254.0,0.3232489550781249,False,CALL,2026-02-20,GILD
GILD260220C00155000,155.0,0.41,0.32,0.53,14.0,71.0,0.3193427441406249,False,CALL,2026-02-20,GILD
GILD260220C00160000,160.0,0.21,0.0,0.5,1.0,1111.0,0.3820862573242187,False,CALL,2026-02-20,GILD
GILD260220C00170000,170.0,0.45,0.0,0.0,1.0,12.0,0.12500875,False,CALL,2026-02-20,GILD
GILD260220P00100000,100.0,0.05,0.0,0.07,2.0,283.0,0.5390671093750001,False,PUT,2026-02-20,GILD
GILD260220P00105000,105.0,0.19,0.0,0.09,1.0,1134.0,0.5273484765625001,False,PUT,2026-02-20,GILD
GILD260220P00110000,110.0,0.05,0.05,0.14,7.0,2344.0,0.48340360351562506,False,PUT,2026-02-20,GILD
GILD260220P00112000,112.0,0.34,0.0,0.3,1.0,52.0,0.51758294921875,False,PUT,2026-02-20,GILD
GILD260220P00113000,113.0,0.38,0.0,0.32,1.0,1.0,0.506840869140625,False,PUT,2026-02-20,GILD
GILD260220P00115000,115.0,0.15,0.09,0.21,61.0,1397.0,0.43506424316406256,False,PUT,2026-02-20,GILD
GILD260220P00116000,116.0,0.58,0.0,0.4,,88.0,0.4770560107421875,False,PUT,2026-02-20,GILD
GILD260220P00117000,117.0,0.46,0.05,0.43,2.0,55.0,0.46631393066406257,False,PUT,2026-02-20,GILD
GILD260220P00118000,118.0,0.82,0.0,0.47,,11.0,0.4580132324218751,False,PUT,2026-02-20,GILD
GILD260220P00119000,119.0,0.31,0.0,0.52,27.0,27.0,0.4506890869140625,False,PUT,2026-02-20,GILD
GILD260220P00120000,120.0,0.28,0.19,0.43,60.0,1248.0,0.4128476684570312,False,PUT,2026-02-20,GILD
GILD260220P00121000,121.0,0.35,0.11,0.61,1.0,22.0,0.4309138940429688,False,PUT,2026-02-20,GILD
GILD260220P00122000,122.0,0.41,0.15,0.68,1.0,15.0,0.4243221630859375,False,PUT,2026-02-20,GILD
GILD260220P00123000,123.0,0.51,0.25,0.75,1.0,243.0,0.4165097412109374,False,PUT,2026-02-20,GILD
GILD260220P00124000,124.0,0.49,0.22,0.83,4.0,30.0,0.4089414575195312,False,PUT,2026-02-20,GILD
GILD260220P00125000,125.0,0.62,0.34,0.79,3.0,637.0,0.3830628100585937,False,PUT,2026-02-20,GILD
GILD260220P00126000,126.0,0.95,0.61,1.02,2.0,10.0,0.3942931665039063,False,PUT,2026-02-20,GILD
GILD260220P00127000,127.0,0.73,0.65,1.14,1.0,111.0,0.38794557373046873,False,PUT,2026-02-20,GILD
GILD260220P00128000,128.0,1.47,0.59,1.27,2.0,23.0,0.3813538427734374,False,PUT,2026-02-20,GILD
GILD260220P00129000,129.0,0.93,0.82,1.41,1.0,62.0,0.3742738354492187,False,PUT,2026-02-20,GILD
GILD260220P00130000,130.0,1.42,1.16,1.42,2.0,388.0,0.352545537109375,False,PUT,2026-02-20,GILD
GILD260220P00131000,131.0,1.61,1.26,1.92,2.0,70.0,0.37744763183593744,False,PUT,2026-02-20,GILD
GILD260220P00132000,132.0,1.82,1.58,2.05,2.0,57.0,0.36414210083007814,False,PUT,2026-02-20,GILD
GILD260220P00133000,133.0,2.05,1.82,2.35,3.0,69.0,0.36426416992187505,False,PUT,2026-02-20,GILD
GILD260220P00134000,134.0,2.33,2.12,2.64,7.0,38.0,0.3610903735351562,False,PUT,2026-02-20,GILD
GILD260220P00135000,135.0,2.57,2.4,2.8,3.0,125.0,0.3455875988769531,False,PUT,2026-02-20,GILD
GILD260220P00136000,136.0,2.94,2.83,3.4,2.0,40.0,0.36206692626953124,False,PUT,2026-02-20,GILD
GILD260220P00140000,140.0,4.7,4.6,5.15,1.0,5.0,0.35352208984374994,True,PUT,2026-02-20,GILD
GILD260220P00150000,150.0,32.3,23.65,27.5,2.0,1.0,1.3829376556396482,True,PUT,2026-02-20,GILD
GILD260227C00100000,100.0,35.28,37.45,40.8,1.0,1.0,0.8642591699218749,True,CALL,2026-02-27,GILD
GILD260227C00113000,113.0,18.52,25.15,27.25,3.0,2.0,0.5180712255859375,True,CALL,2026-02-27,GILD
GILD260227C00114000,114.0,17.71,23.95,26.3,2.0,2.0,0.5102588037109376,True,CALL,2026-02-27,GILD
GILD260227C00117000,117.0,10.46,21.6,23.4,,4.0,0.47559118164062497,True,CALL,2026-02-27,GILD
GILD260227C00118000,118.0,16.95,20.3,22.45,2.0,2.0,0.4655815161132813,True,CALL,2026-02-27,GILD
GILD260227C00119000,119.0,16.07,19.45,21.5,8.0,2.0,0.45532771240234376,True,CALL,2026-02-27,GILD
GILD260227C00120000,120.0,8.85,18.7,20.6,2.0,1.0,0.4514215014648438,True,CALL,2026-02-27,GILD
GILD260227C00121000,121.0,15.69,17.8,19.55,20.0,8.0,0.42676354492187507,True,CALL,2026-02-27,GILD
GILD260227C00122000,122.0,18.68,16.7,18.75,2.0,4.0,0.4338435522460938,True,CALL,2026-02-27,GILD
GILD260227C00123000,123.0,16.47,15.7,17.65,10.0,5.0,0.40332627929687503,True,CALL,2026-02-27,GILD
GILD260227C00124000,124.0,4.65,15.15,16.95,,1.0,0.418951123046875,True,CALL,2026-02-27,GILD
GILD260227C00125000,125.0,16.82,14.0,15.8,10.0,15.0,0.38355108642578123,True,CALL,2026-02-27,GILD
GILD260227C00126000,126.0,14.25,13.4,15.1,1.0,3.0,0.39563592651367196,True,CALL,2026-02-27,GILD
GILD260227C00128000,128.0,10.88,11.7,13.4,1.0,5.0,0.38355108642578123,True,CALL,2026-02-27,GILD
GILD260227C00129000,129.0,9.7,10.8,12.35,3.0,13.0,0.358404853515625,True,CALL,2026-02-27,GILD
GILD260227C00130000,130.0,11.6,9.95,11.8,1.0,134.0,0.37476211181640623,True,CALL,2026-02-27,GILD
GILD260227C00131000,131.0,11.44,9.0,10.65,1.0,33.0,0.340826904296875,True,CALL,2026-02-27,GILD
GILD260227C00132000,132.0,1.21,8.8,10.05,,1.0,0.3493717407226562,True,CALL,2026-02-27,GILD
GILD260227C00133000,133.0,8.0,8.45,9.1,4.0,7.0,0.3298406860351562,True,CALL,2026-02-27,GILD
GILD260227C00134000,134.0,8.41,7.05,8.7,200.0,207.0,0.34839518798828123,True,CALL,2026-02-27,GILD
GILD260227C00135000,135.0,8.03,7.0,7.85,23.0,32.0,0.3332586206054688,True,CALL,2026-02-27,GILD
GILD260227C00136000,136.0,7.42,6.05,7.1,5.0,47.0,0.3236151623535155,True,CALL,2026-02-27,GILD
GILD260227C00137000,137.0,7.54,5.7,6.45,11.0,12.0,0.3189765368652343,True,CALL,2026-02-27,GILD
GILD260227C00140000,140.0,4.47,4.55,4.85,2.0,41.0,0.31580274047851553,False,CALL,2026-02-27,GILD
GILD260227C00141000,141.0,4.05,4.0,4.35,4.0,48.0,0.31287308227539057,False,CALL,2026-02-27,GILD
GILD260227C00145000,145.0,3.19,2.5,2.81,8.0,26.0,0.3109199768066406,False,CALL,2026-02-27,GILD
GILD260227C00150000,150.0,1.56,1.2,1.48,123.0,18.0,0.3064034204101562,False,CALL,2026-02-27,GILD
GILD260227P00100000,100.0,0.37,0.0,0.96,,6.0,0.702151416015625,False,PUT,2026-02-27,GILD
GILD260227P00105000,105.0,0.53,0.0,0.77,1.0,8.0,0.5888712988281251,False,PUT,2026-02-27,GILD
GILD260227P00109000,109.0,0.15,0.0,0.77,1.0,0.0,0.524418818359375,False,PUT,2026-02-27,GILD
GILD260227P00110000,110.0,0.1,0.0,1.21,1.0,6.0,0.56055126953125,False,PUT,2026-02-27,GILD
GILD260227P00111000,111.0,0.22,0.0,0.96,1.0,1.0,0.5161181201171875,False,PUT,2026-02-27,GILD
GILD260227P00112000,112.0,0.16,0.0,2.26,1.0,14.0,0.6174354663085939,False,PUT,2026-02-27,GILD
GILD260227P00114000,114.0,0.2,0.0,0.96,1.0,0.0,0.5542036767578126,False,PUT,2026-02-27,GILD
GILD260227P00115000,115.0,0.66,0.0,1.16,1.0,11.0,0.5654340332031251,False,PUT,2026-02-27,GILD
GILD260227P00116000,116.0,0.16,0.0,0.75,2.0,2.0,0.4848684326171875,False,PUT,2026-02-27,GILD
GILD260227P00117000,117.0,0.21,0.0,0.75,2.0,12.0,0.46753462158203124,False,PUT,2026-02-27,GILD
GILD260227P00118000,118.0,0.31,0.0,0.75,4.0,16.0,0.450200810546875,False,PUT,2026-02-27,GILD
GILD260227P00120000,120.0,0.82,0.0,1.21,6.0,13.0,0.47852083984375,False,PUT,2026-02-27,GILD
GILD260227P00121000,121.0,1.5,0.0,1.25,1.0,2.0,0.4646049633789063,False,PUT,2026-02-27,GILD
GILD260227P00123000,123.0,5.0,0.31,1.09,,3.0,0.40820904296875,False,PUT,2026-02-27,GILD
GILD260227P00125000,125.0,0.78,0.66,1.58,3.0,13.0,0.42358974853515624,False,PUT,2026-02-27,GILD
GILD260227P00126000,126.0,3.5,0.71,1.4,,2.0,0.3857483300781249,False,PUT,2026-02-27,GILD
GILD260227P00128000,128.0,3.29,0.08,1.61,,0.0,0.3663393444824219,False,PUT,2026-02-27,GILD
GILD260227P00131000,131.0,3.78,1.24,2.27,1.0,1.0,0.358404853515625,False,PUT,2026-02-27,GILD
GILD260227P00135000,135.0,4.26,2.56,3.1,5.0,4.0,0.323126885986328,False,PUT,2026-02-27,GILD
GILD260227P00145000,145.0,9.18,7.85,8.5,2.0,2.0,0.33045103149414057,True,PUT,2026-02-27,GILD
GILD260306C00130000,130.0,12.73,11.15,12.25,1.0,30.0,0.36963520996093746,True,CALL,2026-03-06,GILD
GILD260306C00131000,131.0,12.13,9.95,11.5,1.0,21.0,0.3660952062988281,True,CALL,2026-03-06,GILD
GILD260306C00132000,132.0,10.58,9.55,10.45,1.0,23.0,0.3414372497558594,True,CALL,2026-03-06,GILD
GILD260306C00135000,135.0,9.19,7.45,8.4,1.0,1.0,0.33350275878906255,True,CALL,2026-03-06,GILD
GILD260306C00140000,140.0,5.4,4.55,5.35,2.0,17.0,0.31250687499999996,False,CALL,2026-03-06,GILD
GILD260306P00131000,131.0,1.93,2.0,2.7,13.0,17.0,0.352545537109375,False,PUT,2026-03-06,GILD
GILD260306P00136000,136.0,3.41,3.35,4.25,5.0,104.0,0.335944140625,False,PUT,2026-03-06,GILD
GILD260320C00100000,100.0,40.6,38.35,41.25,1.0,289.0,0.7219266088867188,True,CALL,2026-03-20,GILD
GILD260320C00105000,105.0,27.5,33.5,35.35,4.0,59.0,0.5207567456054687,True,CALL,2026-03-20,GILD
GILD260320C00110000,110.0,28.14,28.55,30.45,2.0,344.0,0.46631393066406257,True,CALL,2026-03-20,GILD
GILD260320C00115000,115.0,25.77,24.05,25.4,20.0,1543.0,0.3913635083007812,True,CALL,2026-03-20,GILD
GILD260320C00120000,120.0,21.27,19.4,20.9,1.0,1475.0,0.3753724572753906,True,CALL,2026-03-20,GILD
GILD260320C00125000,125.0,16.85,15.3,16.9,6.0,1008.0,0.37695935546875,True,CALL,2026-03-20,GILD
GILD260320C00130000,130.0,11.96,11.35,13.0,8.0,1970.0,0.3587710607910156,True,CALL,2026-03-20,GILD
GILD260320C00135000,135.0,9.0,8.55,8.95,27.0,1937.0,0.31214066772460936,True,CALL,2026-03-20,GILD
GILD260320C00140000,140.0,6.0,5.8,6.1,22.0,2604.0,0.30225307128906254,False,CALL,2026-03-20,GILD
GILD260320C00145000,145.0,3.78,3.6,3.85,53.0,881.0,0.2912668530273437,False,CALL,2026-03-20,GILD
GILD260320C00150000,150.0,2.26,2.11,2.33,15.0,2428.0,0.2868723657226562,False,CALL,2026-03-20,GILD
GILD260320C00155000,155.0,1.28,1.11,1.39,30.0,69.0,0.287970987548828,False,CALL,2026-03-20,GILD
GILD260320C00160000,160.0,0.74,0.39,0.85,20.0,802.0,0.29444064941406245,False,CALL,2026-03-20,GILD
GILD260320C00165000,165.0,0.35,0.2,0.87,6.0,7.0,0.34229173339843744,False,CALL,2026-03-20,GILD
GILD260320C00170000,170.0,1.3,0.02,1.95,4.0,4.0,0.4840139489746094,False,CALL,2026-03-20,GILD
GILD260320C00175000,175.0,0.11,0.0,2.24,1.0,5.0,0.5531050549316407,False,CALL,2026-03-20,GILD
GILD260320P00100000,100.0,0.19,0.1,0.81,15.0,749.0,0.5327195166015625,False,PUT,2026-03-20,GILD
GILD260320P00105000,105.0,0.2,0.16,0.86,2.0,1498.0,0.5383346948242189,False,PUT,2026-03-20,GILD
GILD260320P00110000,110.0,0.47,0.38,0.67,16.0,1103.0,0.4401911450195312,False,PUT,2026-03-20,GILD
GILD260320P00115000,115.0,0.64,0.4,1.05,1.0,2344.0,0.42163664306640625,False,PUT,2026-03-20,GILD
GILD260320P00120000,120.0,1.08,0.92,1.27,4.0,822.0,0.37280900634765624,False,PUT,2026-03-20,GILD
GILD260320P00125000,125.0,1.87,1.71,1.87,19.0,730.0,0.34656415161132803,False,PUT,2026-03-20,GILD
GILD260320P00130000,130.0,2.96,2.82,2.95,54.0,6173.0,0.3327703442382813,False,PUT,2026-03-20,GILD
GILD260320P00135000,135.0,4.1,4.4,4.6,3.0,216.0,0.3249579223632812,False,PUT,2026-03-20,GILD
GILD260320P00140000,140.0,6.78,6.65,6.85,20.0,250.0,0.31909860595703116,True,PUT,2026-03-20,GILD
GILD260320P00155000,155.0,33.94,0.0,0.0,1.0,0.0,1.0000000000000003e-05,True,PUT,2026-03-20,GILD
GILD260320P00160000,160.0,23.43,21.05,22.7,20.0,20.0,0.4074766284179688,True,PUT,2026-03-20,GILD
GILD260417C00115000,115.0,26.43,24.35,26.05,1.0,7.0,0.37244279907226563,True,CALL,2026-04-17,GILD
GILD260417C00120000,120.0,22.28,20.0,21.6,5.0,31.0,0.3497379479980468,True,CALL,2026-04-17,GILD
GILD260417C00125000,125.0,17.14,15.95,17.6,15.0,62.0,0.3404606970214844,True,CALL,2026-04-17,GILD
GILD260417C00130000,130.0,13.62,12.2,13.45,1.0,87.0,0.30884480224609373,True,CALL,2026-04-17,GILD
GILD260417C00135000,135.0,9.79,9.65,10.05,1.0,272.0,0.29560030578613283,True,CALL,2026-04-17,GILD
GILD260417C00140000,140.0,7.0,6.9,7.3,29.0,248.0,0.2891306439208984,False,CALL,2026-04-17,GILD
GILD260417C00145000,145.0,5.25,4.65,5.05,3.0,112.0,0.28186753295898437,False,CALL,2026-04-17,GILD
GILD260417C00150000,150.0,3.15,3.0,3.4,7.0,158.0,0.27851063293457035,False,CALL,2026-04-17,GILD
GILD260417C00155000,155.0,2.03,1.88,2.11,14.0,34.0,0.2708813146972656,False,CALL,2026-04-17,GILD
GILD260417C00165000,165.0,0.79,0.37,1.0,10.0,12.0,0.2854075366210937,False,CALL,2026-04-17,GILD
GILD260417P00100000,100.0,0.28,0.05,0.55,10.0,70.0,0.44482977050781247,False,PUT,2026-04-17,GILD
GILD260417P00105000,105.0,1.12,0.16,0.74,3.0,3.0,0.41748629394531245,False,PUT,2026-04-17,GILD
GILD260417P00110000,110.0,1.13,0.33,1.0,8.0,52.0,0.39087523193359375,False,PUT,2026-04-17,GILD
GILD260417P00115000,115.0,0.91,0.7,1.39,1.0,16.0,0.36780417358398443,False,PUT,2026-04-17,GILD
GILD260417P00120000,120.0,1.57,1.25,1.9,2.0,138.0,0.34339035522460937,False,PUT,2026-04-17,GILD
GILD260417P00125000,125.0,2.32,2.38,2.61,2.0,74.0,0.31995308959960933,False,PUT,2026-04-17,GILD
GILD260417P00130000,130.0,3.6,3.65,3.95,8.0,50.0,0.313483427734375,False,PUT,2026-04-17,GILD
GILD260417P00135000,135.0,5.41,5.25,5.6,36.0,98.0,0.301764794921875,False,PUT,2026-04-17,GILD
GILD260417P00140000,140.0,8.0,7.5,7.9,2.0,27.0,0.2970041003417968,True,PUT,2026-04-17,GILD
GILD260515C00100000,100.0,35.5,38.7,41.05,2.0,51.0,0.48071808349609374,True,CALL,2026-05-15,GILD
GILD260515C00105000,105.0,36.8,34.0,35.75,10.0,45.0,0.3996642065429688,True,CALL,2026-05-15,GILD
GILD260515C00110000,110.0,28.1,29.25,31.15,90.0,135.0,0.37964487548828124,True,CALL,2026-05-15,GILD
GILD260515C00115000,115.0,23.64,25.0,26.7,1.0,42.0,0.3614565808105469,True,CALL,2026-05-15,GILD
GILD260515C00120000,120.0,22.33,21.15,22.45,1.0,277.0,0.34497725341796875,True,CALL,2026-05-15,GILD
GILD260515C00125000,125.0,18.64,17.5,18.5,12.0,309.0,0.33179379150390625,True,CALL,2026-05-15,GILD
GILD260515C00130000,130.0,14.47,14.05,14.9,18.0,400.0,0.32068550415039054,True,CALL,2026-05-15,GILD
GILD260515C00135000,135.0,11.55,10.7,11.9,51.0,223.0,0.31806101867675773,True,CALL,2026-05-15,GILD
GILD260515C00140000,140.0,8.7,8.35,8.9,22.0,229.0,0.30158169128417966,False,CALL,2026-05-15,GILD
GILD260515C00145000,145.0,6.45,6.35,6.55,8.0,405.0,0.292853751220703,False,CALL,2026-05-15,GILD
GILD260515C00150000,150.0,4.6,4.6,4.8,18.0,317.0,0.2902903002929687,False,CALL,2026-05-15,GILD
GILD260515C00155000,155.0,3.2,3.1,3.35,46.0,1243.0,0.2845530529785155,False,CALL,2026-05-15,GILD
GILD260515C00160000,160.0,2.23,2.13,2.33,5.0,151.0,0.2825999475097656,False,CALL,2026-05-15,GILD
GILD260515C00165000,165.0,1.44,1.22,1.68,5.0,47.0,0.2862009857177734,False,CALL,2026-05-15,GILD
GILD260515C00170000,170.0,1.01,0.54,1.25,27.0,27.0,0.29273168212890616,False,CALL,2026-05-15,GILD
GILD260515C00180000,180.0,0.4,0.16,0.6,1.0,2.0,0.29505099487304687,False,CALL,2026-05-15,GILD
GILD260515P00100000,100.0,0.44,0.21,0.82,7.0,76.0,0.4172421557617187,False,PUT,2026-05-15,GILD
GILD260515P00105000,105.0,0.67,0.41,0.92,1.0,62.0,0.37781383911132804,False,PUT,2026-05-15,GILD
GILD260515P00110000,110.0,0.99,0.75,1.38,1.0,525.0,0.3670717590332031,False,PUT,2026-05-15,GILD
GILD260515P00115000,115.0,1.61,1.34,1.82,21.0,543.0,0.34448897705078124,False,PUT,2026-05-15,GILD
GILD260515P00120000,120.0,2.14,2.27,2.51,3.0,252.0,0.3278875805664062,False,PUT,2026-05-15,GILD
GILD260515P00125000,125.0,3.2,3.3,3.6,1.0,136.0,0.31909860595703116,False,PUT,2026-05-15,GILD
GILD260515P00130000,130.0,4.6,4.75,5.0,8.0,79.0,0.30951618225097655,False,PUT,2026-05-15,GILD
GILD260515P00135000,135.0,6.25,6.55,6.8,1.0,69.0,0.3009103112792969,False,PUT,2026-05-15,GILD
GILD260515P00140000,140.0,8.95,8.85,9.15,10.0,23.0,0.2967599621582031,True,PUT,2026-05-15,GILD
GILD260515P00155000,155.0,32.0,33.5,0.0,1.0,0.0,1.0000000000000003e-05,True,PUT,2026-05-15,GILD
GILD260618C00100000,100.0,37.9,39.1,40.95,2.0,153.0,0.4107724938964844,True,CALL,2026-06-18,GILD
GILD260618C00105000,105.0,30.66,34.7,36.4,5.0,66.0,0.3947814428710938,True,CALL,2026-06-18,GILD
GILD260618C00110000,110.0,28.64,30.0,31.85,100.0,274.0,0.3723207299804688,True,CALL,2026-06-18,GILD
GILD260618C00115000,115.0,27.2,25.75,27.55,5.0,449.0,0.3567569207763671,True,CALL,2026-06-18,GILD
GILD260618C00120000,120.0,22.7,21.6,23.55,6.0,480.0,0.3462589788818359,True,CALL,2026-06-18,GILD
GILD260618C00125000,125.0,20.0,18.55,19.5,23.0,445.0,0.3252630950927734,True,CALL,2026-06-18,GILD
GILD260618C00130000,130.0,16.69,14.5,15.85,8.0,1218.0,0.31012652770996096,True,CALL,2026-06-18,GILD
GILD260618C00135000,135.0,13.05,11.55,12.9,10.0,286.0,0.307074800415039,True,CALL,2026-06-18,GILD
GILD260618C00140000,140.0,9.79,9.05,10.0,4.0,428.0,0.29456271850585936,False,CALL,2026-06-18,GILD
GILD260618C00145000,145.0,7.85,6.85,7.85,3.0,275.0,0.29303685485839837,False,CALL,2026-06-18,GILD
GILD260618C00150000,150.0,5.4,5.2,5.75,84.0,247.0,0.2820506365966796,False,CALL,2026-06-18,GILD
GILD260618C00155000,155.0,4.35,3.7,4.6,5.0,447.0,0.2898020239257812,False,CALL,2026-06-18,GILD
GILD260618C00160000,160.0,2.75,2.65,3.05,20.0,934.0,0.2740551110839844,False,CALL,2026-06-18,GILD
GILD260618C00165000,165.0,2.13,1.77,2.42,1.0,21.0,0.282233740234375,False,CALL,2026-06-18,GILD
GILD260618C00170000,170.0,1.63,0.94,1.9,2.0,28.0,0.2887034020996093,False,CALL,2026-06-18,GILD
GILD260618C00175000,175.0,1.0,0.6,1.23,5.0,8.0,0.2794261511230468,False,CALL,2026-06-18,GILD
GILD260618C00180000,180.0,0.69,0.34,1.08,12.0,23.0,0.29395237304687494,False,CALL,2026-06-18,GILD
GILD260618P00100000,100.0,0.79,0.4,1.09,1.0,588.0,0.3891662646484375,False,PUT,2026-06-18,GILD
GILD260618P00105000,105.0,0.5,0.67,1.29,5.0,1791.0,0.35925933715820313,False,PUT,2026-06-18,GILD
GILD260618P00110000,110.0,1.4,1.37,1.75,13.0,320.0,0.34339035522460937,False,PUT,2026-06-18,GILD
GILD260618P00115000,115.0,2.04,1.91,2.48,4.0,258.0,0.3343572424316406,False,PUT,2026-06-18,GILD
GILD260618P00120000,120.0,3.05,2.81,3.4,22.0,168.0,0.32398136962890617,False,PUT,2026-06-18,GILD
GILD260618P00125000,125.0,4.15,3.95,4.6,1.0,290.0,0.3147041186523437,False,PUT,2026-06-18,GILD
GILD260618P00130000,130.0,5.35,5.15,6.2,3.0,47.0,0.3087227331542969,False,PUT,2026-06-18,GILD
GILD260618P00135000,135.0,7.85,7.25,7.9,32.0,32.0,0.2952340985107421,False,PUT,2026-06-18,GILD
GILD260618P00140000,140.0,10.1,9.6,10.45,13.0,55.0,0.29614961669921874,True,PUT,2026-06-18,GILD
GILD260618P00145000,145.0,15.58,11.85,13.3,1.0,4.0,0.2946237530517578,True,PUT,2026-06-18,GILD
GILD260618P00150000,150.0,19.08,15.0,16.55,1.0,3.0,0.29431858032226554,True,PUT,2026-06-18,GILD
GILD260618P00155000,155.0,41.09,36.3,40.2,6.0,0.0,0.8291643060302734,True,PUT,2026-06-18,GILD
GILD260618P00160000,160.0,45.66,40.95,44.9,6.0,0.0,0.8648084808349608,True,PUT,2026-06-18,GILD
GILD260618P00175000,175.0,61.06,55.75,59.65,4.0,0.0,0.9769289416503908,True,PUT,2026-06-18,GILD
GILD260821C00100000,100.0,42.0,39.65,41.6,1.0,3.0,0.38049935913085936,True,CALL,2026-08-21,GILD
GILD260821C00105000,105.0,33.52,35.15,37.15,1.0,26.0,0.3655458953857422,True,CALL,2026-08-21,GILD
GILD260821C00110000,110.0,32.99,31.0,32.85,5.0,22.0,0.351996226196289,True,CALL,2026-08-21,GILD
GILD260821C00115000,115.0,29.54,27.8,28.6,1.0,27.0,0.334967587890625,True,CALL,2026-08-21,GILD
GILD260821C00120000,120.0,24.05,23.95,25.15,1.0,9.0,0.3384465570068359,True,CALL,2026-08-21,GILD
GILD260821C00125000,125.0,20.95,20.3,20.85,63.0,70.0,0.3089058367919921,True,CALL,2026-08-21,GILD
GILD260821C00130000,130.0,17.12,16.7,18.2,10.0,63.0,0.319220675048828,True,CALL,2026-08-21,GILD
GILD260821C00135000,135.0,15.25,13.95,14.6,12.0,40.0,0.29682099670410156,True,CALL,2026-08-21,GILD
GILD260821C00140000,140.0,11.55,11.25,12.4,1.0,83.0,0.3020089331054688,False,CALL,2026-08-21,GILD
GILD260821C00145000,145.0,6.09,9.05,9.7,1.0,27.0,0.2875132284545897,False,CALL,2026-08-21,GILD
GILD260821C00150000,150.0,7.74,7.35,8.0,20.0,54.0,0.2898020239257812,False,CALL,2026-08-21,GILD
GILD260821C00155000,155.0,6.45,5.2,6.15,2.0,173.0,0.2811961529541015,False,CALL,2026-08-21,GILD
GILD260821C00160000,160.0,4.19,4.4,4.7,1.0,19.0,0.2755199401855468,False,CALL,2026-08-21,GILD
GILD260821C00180000,180.0,0.4,0.97,1.94,,7.0,0.2853465020751953,False,CALL,2026-08-21,GILD
GILD260821P00100000,100.0,1.81,0.82,1.64,16.0,29.0,0.35950347534179683,False,PUT,2026-08-21,GILD
GILD260821P00105000,105.0,1.66,1.24,2.12,9.0,34.0,0.3446110461425781,False,PUT,2026-08-21,GILD
GILD260821P00110000,110.0,2.45,1.85,2.77,5.0,2.0,0.33209896423339846,False,PUT,2026-08-21,GILD
GILD260821P00115000,115.0,2.92,3.1,3.55,14.0,8.0,0.31879343322753895,False,PUT,2026-08-21,GILD
GILD260821P00120000,120.0,3.85,4.0,4.6,2.0,20.0,0.3086006640625,False,PUT,2026-08-21,GILD
GILD260821P00125000,125.0,5.15,5.3,5.9,4.0,13.0,0.2990792749023437,False,PUT,2026-08-21,GILD
GILD260821P00130000,130.0,12.2,6.9,7.7,9.0,18.0,0.2957834094238281,False,PUT,2026-08-21,GILD
GILD260821P00135000,135.0,8.65,8.9,9.7,1.0,5.0,0.28955788574218744,False,PUT,2026-08-21,GILD
GILD260918C00100000,100.0,41.53,39.85,41.9,1.0,95.0,0.3723207299804688,True,CALL,2026-09-18,GILD
GILD260918C00105000,105.0,37.06,35.65,37.65,1.0,124.0,0.36463037719726565,True,CALL,2026-09-18,GILD
GILD260918C00110000,110.0,25.77,31.4,33.35,9.0,81.0,0.34894449890136714,True,CALL,2026-09-18,GILD
GILD260918C00115000,115.0,28.65,28.25,29.2,3.0,160.0,0.33399103515625,True,CALL,2026-09-18,GILD
GILD260918C00120000,120.0,26.38,23.8,25.55,1.0,1279.0,0.3290472369384765,True,CALL,2026-09-18,GILD
GILD260918C00125000,125.0,21.43,20.2,21.55,6.0,156.0,0.3083565258789062,True,CALL,2026-09-18,GILD
GILD260918C00130000,130.0,19.17,17.65,18.35,6.0,98.0,0.3030465203857422,True,CALL,2026-09-18,GILD
GILD260918C00135000,135.0,15.5,14.65,15.55,3.0,128.0,0.30048306945800785,True,CALL,2026-09-18,GILD
GILD260918C00140000,140.0,13.99,12.2,13.15,6.0,145.0,0.3001778967285156,False,CALL,2026-09-18,GILD
GILD260918C00145000,145.0,10.22,9.9,10.45,5.0,119.0,0.286567192993164,False,CALL,2026-09-18,GILD
GILD260918C00150000,150.0,8.8,7.95,8.25,4.0,1536.0,0.27756459747314455,False,CALL,2026-09-18,GILD
GILD260918C00155000,155.0,6.55,6.3,6.55,2.0,168.0,0.273444765625,False,CALL,2026-09-18,GILD
GILD260918C00160000,160.0,5.1,4.8,5.25,72.0,1372.0,0.2727123510742187,False,CALL,2026-09-18,GILD
GILD260918C00165000,165.0,4.35,3.45,4.05,177.0,174.0,0.26856200195312496,False,CALL,2026-09-18,GILD
GILD260918C00170000,170.0,3.35,2.91,3.1,154.0,303.0,0.26538820556640624,False,CALL,2026-09-18,GILD
GILD260918C00175000,175.0,2.6,1.85,2.68,1.0,3.0,0.2742992492675781,False,CALL,2026-09-18,GILD
GILD260918C00180000,180.0,1.55,1.43,2.26,25.0,29.0,0.280158565673828,False,CALL,2026-09-18,GILD
GILD260918P00100000,100.0,1.4,0.96,1.87,14.0,160.0,0.3501041552734374,False,PUT,2026-09-18,GILD
GILD260918P00105000,105.0,1.89,1.5,2.44,1.0,419.0,0.33814138427734375,False,PUT,2026-09-18,GILD
GILD260918P00110000,110.0,2.95,2.3,3.15,1.0,241.0,0.3265448205566406,False,PUT,2026-09-18,GILD
GILD260918P00115000,115.0,3.42,3.5,3.8,3.0,81.0,0.30762411132812495,False,PUT,2026-09-18,GILD
GILD260918P00120000,120.0,4.45,4.2,5.15,2.0,158.0,0.30591514404296877,False,PUT,2026-09-18,GILD
GILD260918P00125000,125.0,5.55,5.8,6.35,1.0,180.0,0.2926096130371093,False,PUT,2026-09-18,GILD
GILD260918P00130000,130.0,7.45,7.7,8.1,4.0,26.0,0.28729960754394523,False,PUT,2026-09-18,GILD
GILD260918P00135000,135.0,9.3,9.4,10.2,4.0,44.0,0.2832408102416991,False,PUT,2026-09-18,GILD
GILD260918P00140000,140.0,11.95,11.85,12.65,4.0,34.0,0.28006701385498034,True,PUT,2026-09-18,GILD
GILD260918P00145000,145.0,14.15,14.5,15.4,1.0,2.0,0.27664907928466786,True,PUT,2026-09-18,GILD
GILD260918P00155000,155.0,22.95,20.85,21.8,1.0,1.0,0.2700573483276367,True,PUT,2026-09-18,GILD
GILD260918P00160000,160.0,50.0,34.5,39.0,16.0,0.0,0.5338181384277343,True,PUT,2026-09-18,GILD
GILD260918P00165000,165.0,55.18,38.8,43.5,,0.0,0.5525862612915039,True,PUT,2026-09-18,GILD
GILD260918P00180000,180.0,53.07,0.0,61.1,3.0,0.0,0.751253708190918,True,PUT,2026-09-18,GILD
GILD261218C00100000,100.0,38.97,40.8,44.0,1.0,17.0,0.3948424774169922,True,CALL,2026-12-18,GILD
GILD261218C00105000,105.0,39.54,35.85,38.75,1.0,53.0,0.34656415161132803,True,CALL,2026-12-18,GILD
GILD261218C00110000,110.0,34.11,33.5,34.7,1.0,25.0,0.33624931335449215,True,CALL,2026-12-18,GILD
GILD261218C00115000,115.0,27.75,28.65,31.05,1.0,15.0,0.33234310241699216,True,CALL,2026-12-18,GILD
GILD261218C00120000,120.0,21.07,25.05,28.5,15.0,32.0,0.3490055334472656,True,CALL,2026-12-18,GILD
GILD261218C00125000,125.0,23.54,22.8,23.7,1.0,41.0,0.30902790588378903,True,CALL,2026-12-18,GILD
GILD261218C00130000,130.0,21.15,19.0,20.75,21.0,60.0,0.30655600677490236,True,CALL,2026-12-18,GILD
GILD261218C00135000,135.0,18.3,15.75,17.9,2.0,28.0,0.30109341491699215,True,CALL,2026-12-18,GILD
GILD261218C00140000,140.0,15.39,14.3,14.9,4.0,41.0,0.2881235739135741,False,CALL,2026-12-18,GILD
GILD261218C00145000,145.0,12.3,11.95,13.15,1.0,50.0,0.2944711666870117,False,CALL,2026-12-18,GILD
GILD261218C00150000,150.0,10.94,8.95,10.55,16.0,68.0,0.2798839102172851,False,CALL,2026-12-18,GILD
GILD261218C00155000,155.0,7.06,8.15,9.5,1.0,13.0,0.29074805938720694,False,CALL,2026-12-18,GILD
GILD261218C00160000,160.0,6.9,6.55,7.2,15.0,95.0,0.2725292474365234,False,CALL,2026-12-18,GILD
GILD261218C00165000,165.0,5.89,3.45,5.9,2.0,323.0,0.2699047619628906,False,CALL,2026-12-18,GILD
GILD261218C00170000,170.0,5.0,3.55,4.85,5.0,43.0,0.26868407104492187,False,CALL,2026-12-18,GILD
GILD261218P00100000,100.0,2.11,2.23,2.66,1.0,55.0,0.3309393078613281,False,PUT,2026-12-18,GILD
GILD261218P00105000,105.0,5.55,2.43,3.5,602.0,624.0,0.32520206054687495,False,PUT,2026-12-18,GILD
GILD261218P00110000,110.0,3.55,3.7,4.3,1.0,91.0,0.3129951513671875,False,PUT,2026-12-18,GILD
GILD261218P00115000,115.0,4.72,4.7,5.35,2.0,347.0,0.3037789349365234,False,PUT,2026-12-18,GILD
GILD261218P00120000,120.0,7.05,6.05,6.55,50.0,50.0,0.29383030395507803,False,PUT,2026-12-18,GILD
GILD261218P00125000,125.0,7.35,7.55,9.0,1.0,52.0,0.307074800415039,False,PUT,2026-12-18,GILD
GILD261218P00130000,130.0,12.3,8.5,10.9,3.0,7.0,0.3016427258300781,False,PUT,2026-12-18,GILD
GILD261218P00135000,135.0,10.45,10.6,12.9,2.0,17.0,0.2934640966796874,False,PUT,2026-12-18,GILD
GILD261218P00140000,140.0,14.75,12.55,14.25,2.0,2.0,0.26819579467773436,True,PUT,2026-12-18,GILD
GILD261218P00145000,145.0,22.1,15.0,17.75,,1.0,0.27945666839599603,True,PUT,2026-12-18,GILD
GILD270115C00100000,100.0,42.57,40.3,43.25,11.0,330.0,0.35346105529785155,True,CALL,2027-01-15,GILD
GILD270115C00105000,105.0,39.03,37.0,38.95,2.0,2323.0,0.3386906951904296,True,CALL,2027-01-15,GILD
GILD270115C00110000,110.0,35.25,33.2,34.25,1.0,238.0,0.31000445861816406,True,CALL,2027-01-15,GILD
GILD270115C00115000,115.0,31.5,29.2,31.5,3.0,1251.0,0.3298712033081054,True,CALL,2027-01-15,GILD
GILD270115C00120000,120.0,27.1,26.05,27.0,1.0,832.0,0.3011239321899414,True,CALL,2027-01-15,GILD
GILD270115C00125000,125.0,23.96,23.3,24.4,9.0,280.0,0.3111335977172851,True,CALL,2027-01-15,GILD
GILD270115C00130000,130.0,21.5,20.2,20.9,7.0,514.0,0.29706513488769526,True,CALL,2027-01-15,GILD
GILD270115C00135000,135.0,17.92,16.2,18.7,3.0,586.0,0.3039925558471679,True,CALL,2027-01-15,GILD
GILD270115C00140000,140.0,15.55,13.95,16.4,3.0,689.0,0.30408410766601557,False,CALL,2027-01-15,GILD
GILD270115C00145000,145.0,13.0,11.75,13.8,7.0,1506.0,0.294379614868164,False,CALL,2027-01-15,GILD
GILD270115C00150000,150.0,11.5,9.6,10.9,7.0,914.0,0.27497062927246096,False,CALL,2027-01-15,GILD
GILD270115C00155000,155.0,9.0,8.2,10.0,21.0,134.0,0.28833719482421866,False,CALL,2027-01-15,GILD
GILD270115C00160000,160.0,7.8,6.6,8.5,1.0,119.0,0.28693340026855463,False,CALL,2027-01-15,GILD
GILD270115C00165000,165.0,6.55,4.75,6.7,11.0,445.0,0.27555045745849605,False,CALL,2027-01-15,GILD
GILD270115C00170000,170.0,5.2,3.7,5.1,19.0,16.0,0.2633740655517578,False,CALL,2027-01-15,GILD
GILD270115C00175000,175.0,4.45,2.94,4.8,9.0,56.0,0.27664907928466786,False,CALL,2027-01-15,GILD
GILD270115C00180000,180.0,3.5,2.55,4.2,1.0,59.0,0.28089098022460934,False,CALL,2027-01-15,GILD
GILD270115P00100000,100.0,2.59,2.01,3.05,3.0,128.0,0.33228206787109377,False,PUT,2027-01-15,GILD
GILD270115P00105000,105.0,3.15,2.69,3.8,2.0,181.0,0.321723091430664,False,PUT,2027-01-15,GILD
GILD270115P00110000,110.0,4.15,3.5,4.7,1.0,409.0,0.3117134259033203,False,PUT,2027-01-15,GILD
GILD270115P00115000,115.0,5.26,4.55,5.8,3.0,113.0,0.30286341674804684,False,PUT,2027-01-15,GILD
GILD270115P00120000,120.0,6.8,6.55,6.8,11.0,362.0,0.28766581481933584,False,PUT,2027-01-15,GILD
GILD270115P00125000,125.0,8.25,8.05,9.45,1.0,129.0,0.30408410766601557,False,PUT,2027-01-15,GILD
GILD270115P00130000,130.0,12.85,8.9,10.5,3.0,47.0,0.2815013256835937,False,PUT,2027-01-15,GILD
GILD270115P00135000,135.0,11.85,11.7,13.6,6.0,51.0,0.29480685668945306,False,PUT,2027-01-15,GILD
GILD270115P00140000,140.0,13.9,13.3,15.75,31.0,145.0,0.2849802947998046,True,PUT,2027-01-15,GILD
GILD270115P00145000,145.0,16.3,15.35,18.4,25.0,37.0,0.280005979309082,True,PUT,2027-01-15,GILD
GILD270115P00150000,150.0,28.24,0.0,0.0,,2.0,1.0000000000000003e-05,True,PUT,2027-01-15,GILD
GILD270115P00160000,160.0,29.54,25.1,27.35,10.0,10.0,0.25678233459472655,True,PUT,2027-01-15,GILD
GILD270115P00180000,180.0,57.5,40.55,44.3,,0.0,0.2738109729003906,True,PUT,2027-01-15,GILD
GILD270617C00100000,100.0,42.75,41.5,45.5,1.0,72.0,0.35559726440429684,True,CALL,2027-06-17,GILD
GILD270617C00105000,105.0,24.85,28.0,33.0,3.0,51.0,1.0000000000000003e-05,True,CALL,2027-06-17,GILD
GILD270617C00110000,110.0,36.58,34.2,38.0,1.0,54.0,0.34134569793701175,True,CALL,2027-06-17,GILD
GILD270617C00115000,115.0,29.85,31.0,34.5,1.0,154.0,0.3347844842529296,True,CALL,2027-06-17,GILD
GILD270617C00120000,120.0,29.77,27.3,30.25,1.0,81.0,0.31165239135742184,True,CALL,2027-06-17,GILD
GILD270617C00125000,125.0,25.78,24.3,27.1,2.0,86.0,0.3064034204101562,True,CALL,2027-06-17,GILD
GILD270617C00130000,130.0,23.23,21.35,25.0,5.0,140.0,0.3152839468383788,True,CALL,2027-06-17,GILD
GILD270617C00135000,135.0,21.6,18.3,22.5,1.0,37.0,0.3138801522827148,True,CALL,2027-06-17,GILD
GILD270617C00140000,140.0,18.95,15.8,19.3,1.0,24.0,0.2986520330810546,False,CALL,2027-06-17,GILD
GILD270617C00145000,145.0,14.75,13.95,17.5,2.0,11.0,0.30228358856201176,False,CALL,2027-06-17,GILD
GILD270617C00150000,150.0,14.5,12.25,14.85,1.0,75.0,0.29004616210937495,False,CALL,2027-06-17,GILD
GILD270617C00155000,155.0,12.05,10.15,13.2,2.0,35.0,0.2903513348388671,False,CALL,2027-06-17,GILD
GILD270617C00160000,160.0,6.6,8.8,10.8,1.0,33.0,0.27625235473632803,False,CALL,2027-06-17,GILD
GILD270617C00165000,165.0,6.05,7.4,10.1,110.0,91.0,0.2863230548095703,False,CALL,2027-06-17,GILD
GILD270617C00170000,170.0,5.1,5.75,8.8,308.0,309.0,0.28458357025146475,False,CALL,2027-06-17,GILD
GILD270617C00175000,175.0,3.75,2.2,5.45,1.0,2.0,0.2433547344970703,False,CALL,2027-06-17,GILD
GILD270617P00100000,100.0,4.3,2.82,5.35,1.0,120.0,0.3418644915771484,False,PUT,2027-06-17,GILD
GILD270617P00105000,105.0,7.5,3.5,6.3,37.0,43.0,0.33078672149658206,False,PUT,2027-06-17,GILD
GILD270617P00110000,110.0,10.05,4.65,7.4,2.0,9.0,0.3205024005126953,False,PUT,2027-06-17,GILD
GILD270617P00115000,115.0,12.97,5.85,8.45,1.0,5.0,0.3067391104125976,False,PUT,2027-06-17,GILD
GILD270617P00120000,120.0,12.58,7.4,9.75,1.0,2.0,0.2954782366943359,False,PUT,2027-06-17,GILD
GILD270617P00125000,125.0,9.4,9.1,12.35,20.0,62.0,0.3041146249389648,False,PUT,2027-06-17,GILD
GILD270617P00130000,130.0,18.23,0.0,0.0,1.0,4.0,0.015634843750000002,False,PUT,2027-06-17,GILD
GILD270617P00140000,140.0,17.13,15.2,18.1,2.0,2.0,0.2742076974487304,True,PUT,2027-06-17,GILD
GILD270617P00175000,175.0,61.35,59.1,61.65,,0.0,0.5572859213256837,True,PUT,2027-06-17,GILD
GILD271217C00100000,100.0,39.5,43.5,45.95,5.0,261.0,0.31427687683105465,True,CALL,2027-12-17,GILD
GILD271217C00105000,105.0,40.0,40.0,42.3,1.0,64.0,0.31058428680419914,True,CALL,2027-12-17,GILD
GILD271217C00110000,110.0,40.1,36.5,38.95,4.0,52.0,0.30927204406738285,True,CALL,2027-12-17,GILD
GILD271217C00115000,115.0,23.26,33.0,35.6,1.0,46.0,0.30487755676269535,True,CALL,2027-12-17,GILD
GILD271217C00120000,120.0,26.32,30.0,33.4,1.0,82.0,0.3156806713867187,True,CALL,2027-12-17,GILD
GILD271217C00125000,125.0,28.89,26.5,30.35,3.0,32.0,0.31012652770996096,True,CALL,2027-12-17,GILD
GILD271217C00130000,130.0,21.0,24.0,26.45,15.0,193.0,0.2904428866577148,True,CALL,2027-12-17,GILD
GILD271217C00135000,135.0,23.05,21.0,23.8,2.0,67.0,0.286567192993164,True,CALL,2027-12-17,GILD
GILD271217C00140000,140.0,21.0,18.55,22.5,13.0,103.0,0.29837737762451166,False,CALL,2027-12-17,GILD
GILD271217C00145000,145.0,18.95,17.0,19.4,9.0,64.0,0.28388167297363276,False,CALL,2027-12-17,GILD
GILD271217C00150000,150.0,17.8,14.9,17.0,41.0,274.0,0.2765880447387695,False,CALL,2027-12-17,GILD
GILD271217C00155000,155.0,15.24,13.4,15.55,1.0,89.0,0.2796397720336914,False,CALL,2027-12-17,GILD
GILD271217C00160000,160.0,12.85,11.05,13.95,3.0,60.0,0.27875477111816405,False,CALL,2027-12-17,GILD
GILD271217C00165000,165.0,7.19,10.2,12.35,1.0,54.0,0.2759471820068359,False,CALL,2027-12-17,GILD
GILD271217C00170000,170.0,6.62,8.7,10.75,20.0,33.0,0.271217004699707,False,CALL,2027-12-17,GILD
GILD271217C00175000,175.0,9.2,7.5,9.0,9.0,51.0,0.262275443725586,False,CALL,2027-12-17,GILD
GILD271217C00180000,180.0,4.74,6.3,8.7,,1.0,0.27259028198242186,False,CALL,2027-12-17,GILD
GILD271217P00100000,100.0,5.04,4.5,5.45,1.0,39.0,0.2951120294189453,False,PUT,2027-12-17,GILD
GILD271217P00105000,105.0,6.6,4.7,7.75,1.0,71.0,0.31192704681396477,False,PUT,2027-12-17,GILD
GILD271217P00110000,110.0,7.7,5.8,8.75,13.0,1068.0,0.2990182403564453,False,PUT,2027-12-17,GILD
GILD271217P00115000,115.0,9.2,7.15,10.35,30.0,173.0,0.29456271850585936,False,PUT,2027-12-17,GILD
GILD271217P00120000,120.0,16.95,8.8,11.6,8.0,53.0,0.28208115386962884,False,PUT,2027-12-17,GILD
GILD271217P00125000,125.0,19.6,10.55,13.25,23.0,77.0,0.2738414901733398,False,PUT,2027-12-17,GILD
GILD271217P00130000,130.0,13.5,12.6,15.2,1.0,11.0,0.26761596649169916,False,PUT,2027-12-17,GILD
GILD271217P00135000,135.0,23.85,14.3,17.35,,24.0,0.26175665008544924,False,PUT,2027-12-17,GILD
GILD271217P00140000,140.0,26.75,16.95,19.6,,5.0,0.2548292291259766,True,PUT,2027-12-17,GILD
GILD271217P00145000,145.0,29.95,19.2,23.05,,1.0,0.2612683737182617,True,PUT,2027-12-17,GILD
GILD280121C00100000,100.0,42.05,43.0,47.05,1.0,83.0,0.3290472369384765,True,CALL,2028-01-21,GILD
GILD280121C00105000,105.0,40.0,39.5,43.5,1.0,32.0,0.3252325778198242,True,CALL,2028-01-21,GILD
GILD280121C00110000,110.0,29.6,36.0,39.95,2.0,69.0,0.31879343322753895,True,CALL,2028-01-21,GILD
GILD280121C00115000,115.0,36.3,32.5,35.65,3.0,17.0,0.29822479125976553,True,CALL,2028-01-21,GILD
GILD280121C00120000,120.0,32.8,29.5,32.5,4.0,1138.0,0.29444064941406245,True,CALL,2028-01-21,GILD
GILD280121C00125000,125.0,29.55,26.5,29.55,3.0,61.0,0.2910837493896483,True,CALL,2028-01-21,GILD
GILD280121C00130000,130.0,26.5,23.5,26.8,11.0,49.0,0.2881235739135741,True,CALL,2028-01-21,GILD
GILD280121C00135000,135.0,23.33,22.0,24.3,1.0,71.0,0.2861704684448242,True,CALL,2028-01-21,GILD
GILD280121C00140000,140.0,21.55,19.05,22.15,4.0,171.0,0.28650615844726557,False,CALL,2028-01-21,GILD
GILD280121C00145000,145.0,19.25,17.15,20.0,1.0,24.0,0.284614087524414,False,CALL,2028-01-21,GILD
GILD280121C00150000,150.0,17.32,15.4,17.5,39.0,192.0,0.2761913201904296,False,CALL,2028-01-21,GILD
GILD280121C00155000,155.0,14.8,13.8,16.15,27.0,2072.0,0.2804637384033203,False,CALL,2028-01-21,GILD
GILD280121C00160000,160.0,10.37,12.1,14.45,2.0,213.0,0.27838856384277344,False,CALL,2028-01-21,GILD
GILD280121C00165000,165.0,8.0,10.6,12.9,24.0,25.0,0.27640494110107416,False,CALL,2028-01-21,GILD
GILD280121C00170000,170.0,8.9,8.8,11.4,15.0,90.0,0.27332269653320307,False,CALL,2028-01-21,GILD
GILD280121C00175000,175.0,6.0,5.0,8.0,,2.0,0.24158473266601563,False,CALL,2028-01-21,GILD
GILD280121P00100000,100.0,5.23,4.5,5.95,1.0,155.0,0.2985909985351562,False,PUT,2028-01-21,GILD
GILD280121P00105000,105.0,8.2,4.85,7.1,1.0,25.0,0.29196875030517566,False,PUT,2028-01-21,GILD
GILD280121P00110000,110.0,10.55,6.0,8.35,1.0,13.0,0.28470563934326165,False,PUT,2028-01-21,GILD
GILD280121P00115000,115.0,8.82,7.4,9.75,1.0,165.0,0.2776561492919921,False,PUT,2028-01-21,GILD
GILD280121P00120000,120.0,17.04,9.1,11.9,2.0,11.0,0.27973132385253896,False,PUT,2028-01-21,GILD
GILD280121P00125000,125.0,12.7,10.8,13.15,22.0,10.0,0.26569337829589845,False,PUT,2028-01-21,GILD
GILD280121P00130000,130.0,15.5,12.9,15.05,1.0,3.0,0.25901009552001963,False,PUT,2028-01-21,GILD
GILD280121P00135000,135.0,23.8,14.0,18.1,,2.0,0.2652966537475586,False,PUT,2028-01-21,GILD
GILD280121P00145000,145.0,26.1,19.0,23.0,,16.0,0.2542494009399414,True,PUT,2028-01-21,GILD
GILD280121P00150000,150.0,29.25,21.8,25.65,,6.0,0.2478712908935547,True,PUT,2028-01-21,GILD
GILD280121P00160000,160.0,48.17,39.0,43.0,,1.0,0.3830933273315429,True,PUT,2028-01-21,GILD
GILD281215C00100000,100.0,42.29,45.95,49.5,1.0,2.0,0.3122932540893554,True,CALL,2028-12-15,GILD
GILD281215C00105000,105.0,45.6,42.0,45.85,1.0,7.0,0.3045723840332031,True,CALL,2028-12-15,GILD
GILD281215C00110000,110.0,39.34,39.0,42.65,1.0,7.0,0.30167324310302734,True,CALL,2028-12-15,GILD
GILD281215C00115000,115.0,28.54,36.5,39.65,3.0,9.0,0.29944548217773437,True,CALL,2028-12-15,GILD
GILD281215C00120000,120.0,36.0,33.5,36.7,2.0,1363.0,0.29599703033447267,True,CALL,2028-12-15,GILD
GILD281215C00125000,125.0,32.69,31.0,34.0,2.0,43.0,0.29386082122802726,True,CALL,2028-12-15,GILD
GILD281215C00130000,130.0,27.27,28.0,31.4,1.0,9.0,0.291175301208496,True,CALL,2028-12-15,GILD
GILD281215C00135000,135.0,28.23,25.5,29.0,1.0,10.0,0.2891611611938476,True,CALL,2028-12-15,GILD
GILD281215C00140000,140.0,23.22,24.5,27.0,6.0,13.0,0.2900003861999511,False,CALL,2028-12-15,GILD
GILD281215C00150000,150.0,20.7,19.4,22.0,1.0,15.0,0.2765727861022949,False,CALL,2028-12-15,GILD
GILD281215C00155000,155.0,16.85,17.0,20.8,5.0,10.0,0.2816691706848144,False,CALL,2028-12-15,GILD
GILD281215C00160000,160.0,15.75,15.0,19.0,6.0,9.0,0.27912097839355465,False,CALL,2028-12-15,GILD
GILD281215C00170000,170.0,12.08,12.55,15.0,,1.0,0.2659680337524414,False,CALL,2028-12-15,GILD
GILD281215C00180000,180.0,8.86,9.55,12.4,12.0,11.0,0.26308415145874026,False,CALL,2028-12-15,GILD
GILD281215P00100000,100.0,12.5,6.0,9.0,,1.0,0.2984384121704101,False,PUT,2028-12-15,GILD
GILD281215P00110000,110.0,9.8,8.6,11.5,1.0,4.0,0.280707876586914,False,PUT,2028-12-15,GILD
GILD281215P00120000,120.0,19.75,11.75,14.65,1.0,11.0,0.26618165466308596,False,PUT,2028-12-15,GILD
GILD281215P00125000,125.0,22.6,13.75,16.45,,3.0,0.2594068200683594,False,PUT,2028-12-15,GILD
GILD281215P00130000,130.0,18.2,14.5,18.5,1.0,3.0,0.2540052627563477,False,PUT,2028-12-15,GILD
GILD281215P00135000,135.0,20.4,16.55,21.0,1.0,1.0,0.2519453468322754,False,PUT,2028-12-15,GILD
GILD281215P00140000,140.0,20.25,19.0,23.0,3.0,5.0,0.24274438903808593,True,PUT,2028-12-15,GILD
GIS260220C00035000,35.0,9.3,8.9,11.5,,10.0,0.790041162109375,True,CALL,2026-02-20,GIS
GIS260220C00037500,37.5,7.6,5.6,9.1,10.0,11.0,1.1103560107421875,True,CALL,2026-02-20,GIS
GIS260220C00040000,40.0,4.8,3.1,6.3,1.0,42.0,0.795900478515625,True,CALL,2026-02-20,GIS
GIS260220C00042500,42.5,2.75,2.4,2.75,2.0,408.0,0.29395237304687494,True,CALL,2026-02-20,GIS
GIS260220C00045000,45.0,0.99,0.8,1.0,177.0,3709.0,0.24414818359375,False,CALL,2026-02-20,GIS
GIS260220C00047500,47.5,0.23,0.2,0.3,125.0,3636.0,0.25879647460937505,False,CALL,2026-02-20,GIS
GIS260220C00050000,50.0,0.08,0.05,0.1,12.0,1570.0,0.2910227148437499,False,CALL,2026-02-20,GIS
GIS260220C00052500,52.5,0.03,0.0,0.05,30.0,138.0,0.3398503515625,False,CALL,2026-02-20,GIS
GIS260220C00055000,55.0,0.01,0.0,0.05,11.0,10.0,0.41797457031249996,False,CALL,2026-02-20,GIS
GIS260220P00032500,32.5,0.05,0.0,0.75,,3.0,0.9511723632812499,False,PUT,2026-02-20,GIS
GIS260220P00035000,35.0,0.07,0.0,0.75,4.0,6.0,0.7753928710937501,False,PUT,2026-02-20,GIS
GIS260220P00037500,37.5,0.04,0.0,0.1,2.0,35.0,0.437505625,False,PUT,2026-02-20,GIS
GIS260220P00040000,40.0,0.05,0.05,0.15,3.0,650.0,0.336920693359375,False,PUT,2026-02-20,GIS
GIS260220P00042500,42.5,0.3,0.25,0.35,50.0,3573.0,0.26367923828125,False,PUT,2026-02-20,GIS
GIS260220P00045000,45.0,1.13,1.05,1.25,61.0,3246.0,0.2553785400390626,True,PUT,2026-02-20,GIS
GIS260220P00047500,47.5,3.01,2.75,3.4,2.0,1118.0,0.37354142089843745,True,PUT,2026-02-20,GIS
GIS260220P00050000,50.0,4.75,4.8,6.1,3.0,1.0,0.5810588769531251,True,PUT,2026-02-20,GIS
GIS260220P00055000,55.0,11.9,8.2,12.5,,0.0,0.5127001855468749,True,PUT,2026-02-20,GIS
GIS260320C00032500,32.5,12.4,10.3,14.5,5.0,0.0,1.1650432373046877,True,CALL,2026-03-20,GIS
GIS260320C00035000,35.0,9.9,8.8,12.0,40.0,20.0,0.5976602734375001,True,CALL,2026-03-20,GIS
GIS260320C00037500,37.5,8.49,6.6,8.1,1.0,66.0,0.5258836474609375,True,CALL,2026-03-20,GIS
GIS260320C00040000,40.0,5.3,4.5,5.7,1.0,48.0,0.41699801757812494,True,CALL,2026-03-20,GIS
GIS260320C00042500,42.5,3.3,3.0,3.4,1.0,423.0,0.3149482568359374,True,CALL,2026-03-20,GIS
GIS260320C00045000,45.0,1.65,1.55,1.7,123.0,2585.0,0.26856200195312496,False,CALL,2026-03-20,GIS
GIS260320C00047500,47.5,0.75,0.65,0.8,76.0,3223.0,0.26807372558593745,False,CALL,2026-03-20,GIS
GIS260320C00050000,50.0,0.3,0.3,0.35,54.0,2161.0,0.2739330419921875,False,CALL,2026-03-20,GIS
GIS260320C00052500,52.5,0.13,0.05,0.2,2.0,2775.0,0.30274134765625,False,CALL,2026-03-20,GIS
GIS260320C00055000,55.0,0.05,0.05,0.15,2.0,1731.0,0.3437565625,False,CALL,2026-03-20,GIS
GIS260320C00057500,57.5,0.05,0.0,0.05,1.0,1162.0,0.33008482421874996,False,CALL,2026-03-20,GIS
GIS260320P00032500,32.5,0.07,0.0,0.0,46.0,74.0,0.2500075,False,PUT,2026-03-20,GIS
GIS260320P00035000,35.0,0.05,0.0,0.35,1.0,262.0,0.5117236328125,False,PUT,2026-03-20,GIS
GIS260320P00037500,37.5,0.16,0.0,0.35,3.0,931.0,0.39990834472656256,False,PUT,2026-03-20,GIS
GIS260320P00040000,40.0,0.31,0.3,0.35,13.0,1622.0,0.29004616210937495,False,PUT,2026-03-20,GIS
GIS260320P00042500,42.5,0.78,0.75,0.8,123.0,2767.0,0.26270268554687504,False,PUT,2026-03-20,GIS
GIS260320P00045000,45.0,1.67,1.6,1.75,39.0,3356.0,0.24634542724609376,True,PUT,2026-03-20,GIS
GIS260320P00047500,47.5,3.36,3.1,3.5,3.0,2095.0,0.26807372558593745,True,PUT,2026-03-20,GIS
GIS260320P00050000,50.0,5.45,5.0,6.3,3.0,1408.0,0.4272518212890626,True,PUT,2026-03-20,GIS
GIS260320P00052500,52.5,7.92,5.7,10.0,9.0,260.0,0.7319362744140624,True,PUT,2026-03-20,GIS
GIS260320P00055000,55.0,10.54,8.3,12.5,4.0,41.0,0.8244646459960936,True,PUT,2026-03-20,GIS
GIS260320P00057500,57.5,10.9,10.7,15.0,20.0,21.0,0.9084481811523437,True,PUT,2026-03-20,GIS
GIS260417C00032500,32.5,12.9,0.0,0.0,1.0,1.0,1.0000000000000003e-05,True,CALL,2026-04-17,GIS
GIS260417C00035000,35.0,9.06,9.1,10.6,1.0,6.0,0.5283250292968751,True,CALL,2026-04-17,GIS
GIS260417C00037500,37.5,7.7,6.7,8.2,1.0,574.0,0.4419001123046875,True,CALL,2026-04-17,GIS
GIS260417C00040000,40.0,5.61,4.6,5.9,1.0,36.0,0.3676821044921875,True,CALL,2026-04-17,GIS
GIS260417C00042500,42.5,3.4,3.3,3.6,3.0,119.0,0.28003649658203117,True,CALL,2026-04-17,GIS
GIS260417C00045000,45.0,1.95,1.8,2.0,5.0,2395.0,0.25196060546875,False,CALL,2026-04-17,GIS
GIS260417C00047500,47.5,0.95,0.9,1.0,16.0,1489.0,0.24268335449218748,False,CALL,2026-04-17,GIS
GIS260417C00050000,50.0,0.45,0.4,0.5,17.0,1940.0,0.2485426708984375,False,CALL,2026-04-17,GIS
GIS260417C00052500,52.5,0.23,0.15,0.25,17.0,1463.0,0.2573316455078125,False,CALL,2026-04-17,GIS
GIS260417C00055000,55.0,0.12,0.05,0.25,1.0,974.0,0.3100654931640625,False,CALL,2026-04-17,GIS
GIS260417C00057500,57.5,0.1,0.05,0.6,17.0,102.0,0.44922425781249997,False,CALL,2026-04-17,GIS
GIS260417P00032500,32.5,0.05,0.0,0.55,48.0,107.0,0.569340244140625,False,PUT,2026-04-17,GIS
GIS260417P00035000,35.0,0.15,0.05,0.3,4.0,125.0,0.39453730468750003,False,PUT,2026-04-17,GIS
GIS260417P00037500,37.5,0.28,0.2,0.4,4.0,252.0,0.33447931152343746,False,PUT,2026-04-17,GIS
GIS260417P00040000,40.0,0.57,0.5,0.65,7.0,1295.0,0.2919992675781249,False,PUT,2026-04-17,GIS
GIS260417P00042500,42.5,1.18,1.1,1.25,14.0,1381.0,0.273444765625,False,PUT,2026-04-17,GIS
GIS260417P00045000,45.0,2.25,2.2,2.4,48.0,725.0,0.2761302856445312,True,PUT,2026-04-17,GIS
GIS260417P00047500,47.5,3.65,3.7,4.0,1.0,869.0,0.282233740234375,True,PUT,2026-04-17,GIS
GIS260417P00050000,50.0,5.54,5.4,6.8,25.0,468.0,0.4128476684570312,True,PUT,2026-04-17,GIS
GIS260417P00052500,52.5,8.2,6.3,9.9,1.0,67.0,0.5747112841796875,True,PUT,2026-04-17,GIS
GIS260417P00055000,55.0,10.51,8.5,12.3,1.0,40.0,0.6347692773437501,True,PUT,2026-04-17,GIS
GIS260417P00057500,57.5,13.55,11.0,14.8,1.0,4.0,0.7014190014648438,True,PUT,2026-04-17,GIS
GIS260618C00032500,32.5,17.43,14.8,19.5,1.0,0.0,1.0500535778808593,True,CALL,2026-06-18,GIS
GIS260618C00035000,35.0,9.22,8.8,10.9,5.0,36.0,0.44482977050781247,True,CALL,2026-06-18,GIS
GIS260618C00037500,37.5,7.0,6.9,8.4,1.0,10.0,0.35986968261718744,True,CALL,2026-06-18,GIS
GIS260618C00040000,40.0,6.0,5.0,6.1,3.0,341.0,0.29932341308593746,True,CALL,2026-06-18,GIS
GIS260618C00042500,42.5,3.96,3.2,4.2,2.0,643.0,0.2695385546875,True,CALL,2026-06-18,GIS
GIS260618C00045000,45.0,2.61,2.45,2.6,32.0,1055.0,0.2430495617675781,False,CALL,2026-06-18,GIS
GIS260618C00047500,47.5,1.6,1.45,1.6,48.0,1805.0,0.2401199035644531,False,CALL,2026-06-18,GIS
GIS260618C00050000,50.0,0.95,0.9,1.0,67.0,1603.0,0.2461012890625,False,CALL,2026-06-18,GIS
GIS260618C00052500,52.5,0.6,0.55,0.65,4.0,843.0,0.256843369140625,False,CALL,2026-06-18,GIS
GIS260618C00055000,55.0,0.36,0.3,0.5,1.0,758.0,0.27930408203124996,False,CALL,2026-06-18,GIS
GIS260618C00057500,57.5,0.3,0.05,0.7,13.0,364.0,0.3523013989257812,False,CALL,2026-06-18,GIS
GIS260618P00032500,32.5,0.27,0.25,0.7,2.0,60.0,0.45752495605468757,False,PUT,2026-06-18,GIS
GIS260618P00035000,35.0,0.3,0.05,0.55,1.0,157.0,0.3501041552734374,False,PUT,2026-06-18,GIS
GIS260618P00037500,37.5,0.45,0.25,0.75,1.0,829.0,0.3086006640625,False,PUT,2026-06-18,GIS
GIS260618P00040000,40.0,0.93,0.9,1.0,19.0,1810.0,0.2629468237304688,False,PUT,2026-06-18,GIS
GIS260618P00042500,42.5,1.73,1.6,1.75,3.0,4780.0,0.25391371093750004,False,PUT,2026-06-18,GIS
GIS260618P00045000,45.0,2.8,2.65,2.8,47.0,1536.0,0.24231714721679687,True,PUT,2026-06-18,GIS
GIS260618P00047500,47.5,4.41,3.9,4.5,6.0,387.0,0.25818612915039063,True,PUT,2026-06-18,GIS
GIS260618P00050000,50.0,6.5,5.6,6.4,3.0,360.0,0.26697510375976563,True,PUT,2026-06-18,GIS
GIS260618P00052500,52.5,9.1,7.8,9.3,3.0,280.0,0.3676821044921875,True,PUT,2026-06-18,GIS
GIS260618P00055000,55.0,11.0,10.1,11.6,1.0,119.0,0.3979552392578125,True,PUT,2026-06-18,GIS
GIS260618P00057500,57.5,13.43,12.1,14.8,1.0,46.0,0.524418818359375,True,PUT,2026-06-18,GIS
GIS260717C00035000,35.0,10.64,9.3,10.8,4.0,4.0,0.39087523193359375,True,CALL,2026-07-17,GIS
GIS260717C00037500,37.5,7.81,7.0,8.7,1.0,1.0,0.36377589355468753,True,CALL,2026-07-17,GIS
GIS260717C00040000,40.0,7.03,5.6,6.2,2.0,4.0,0.2830882238769531,True,CALL,2026-07-17,GIS
GIS260717C00042500,42.5,4.8,4.0,4.5,6.0,7.0,0.2718578674316406,True,CALL,2026-07-17,GIS
GIS260717C00045000,45.0,2.9,2.65,3.0,1.0,145.0,0.2541578491210938,False,CALL,2026-07-17,GIS
GIS260717C00047500,47.5,2.0,1.7,2.1,1.0,168.0,0.2612378564453125,False,CALL,2026-07-17,GIS
GIS260717C00050000,50.0,1.2,1.05,1.25,1.0,274.0,0.24878680908203127,False,CALL,2026-07-17,GIS
GIS260717C00052500,52.5,0.75,0.6,0.85,7.0,140.0,0.2576978527832031,False,CALL,2026-07-17,GIS
GIS260717C00055000,55.0,0.46,0.2,0.55,6.0,89.0,0.2617261328125,False,CALL,2026-07-17,GIS
GIS260717C00057500,57.5,0.3,0.1,0.75,23.0,31.0,0.3276434423828125,False,CALL,2026-07-17,GIS
GIS260717P00032500,32.5,0.2,0.0,0.75,2.0,94.0,0.42578699218750005,False,PUT,2026-07-17,GIS
GIS260717P00035000,35.0,0.4,0.3,0.8,5.0,279.0,0.35986968261718744,False,PUT,2026-07-17,GIS
GIS260717P00037500,37.5,0.71,0.6,1.0,13.0,197.0,0.3142158422851562,False,PUT,2026-07-17,GIS
GIS260717P00040000,40.0,1.35,1.0,1.35,2.0,299.0,0.2771068383789062,False,PUT,2026-07-17,GIS
GIS260717P00042500,42.5,2.11,1.9,2.35,1.0,514.0,0.28443098388671867,False,PUT,2026-07-17,GIS
GIS260717P00045000,45.0,3.35,2.95,3.4,1.0,585.0,0.2700268310546875,True,PUT,2026-07-17,GIS
GIS260717P00047500,47.5,4.3,4.4,5.0,1.0,123.0,0.27747304565429687,True,PUT,2026-07-17,GIS
GIS260717P00050000,50.0,6.5,6.3,6.8,1.0,390.0,0.28089098022460934,True,PUT,2026-07-17,GIS
GIS260717P00052500,52.5,7.85,8.0,9.6,38.0,45.0,0.3635317553710938,True,PUT,2026-07-17,GIS
GIS260717P00055000,55.0,10.8,10.1,12.1,4.0,5.0,0.4128476684570312,True,PUT,2026-07-17,GIS
GIS260717P00057500,57.5,11.35,12.7,0.0,,1.0,1.0000000000000003e-05,True,PUT,2026-07-17,GIS
GIS260918C00032500,32.5,17.2,13.7,16.2,4.0,12.0,0.594730615234375,True,CALL,2026-09-18,GIS
GIS260918C00035000,35.0,11.5,9.0,11.3,1.0,10.0,0.39160764648437496,True,CALL,2026-09-18,GIS
GIS260918C00037500,37.5,7.3,7.8,8.5,1.0,90.0,0.2902903002929687,True,CALL,2026-09-18,GIS
GIS260918C00040000,40.0,6.0,6.1,6.6,2.0,96.0,0.27637442382812494,True,CALL,2026-09-18,GIS
GIS260918C00042500,42.5,4.3,4.3,5.0,3.0,51.0,0.2695385546875,True,CALL,2026-09-18,GIS
GIS260918C00045000,45.0,3.4,3.1,3.7,1.0,294.0,0.2662426892089844,False,CALL,2026-09-18,GIS
GIS260918C00047500,47.5,2.48,1.9,2.65,3.0,276.0,0.26258061645507813,False,CALL,2026-09-18,GIS
GIS260918C00050000,50.0,1.65,1.5,1.7,11.0,609.0,0.24829853271484376,False,CALL,2026-09-18,GIS
GIS260918C00052500,52.5,1.1,0.65,1.3,2.0,242.0,0.2612378564453125,False,CALL,2026-09-18,GIS
GIS260918C00055000,55.0,0.69,0.5,0.85,10.0,589.0,0.2573316455078125,False,CALL,2026-09-18,GIS
GIS260918C00057500,57.5,0.52,0.2,0.55,1.0,121.0,0.2553785400390626,False,CALL,2026-09-18,GIS
GIS260918P00032500,32.5,0.35,0.25,0.65,13.0,107.0,0.3481510498046875,False,PUT,2026-09-18,GIS
GIS260918P00035000,35.0,0.65,0.45,0.9,1.0,296.0,0.32031929687499994,False,PUT,2026-09-18,GIS
GIS260918P00037500,37.5,1.1,0.85,1.15,1.0,584.0,0.2843089147949218,False,PUT,2026-09-18,GIS
GIS260918P00040000,40.0,1.75,1.4,2.0,1.0,460.0,0.29273168212890616,False,PUT,2026-09-18,GIS
GIS260918P00042500,42.5,2.55,2.1,2.85,9.0,133.0,0.2802806347656249,False,PUT,2026-09-18,GIS
GIS260918P00045000,45.0,3.7,3.1,4.0,9.0,173.0,0.2727123510742187,True,PUT,2026-09-18,GIS
GIS260918P00047500,47.5,4.75,4.6,5.5,1.0,369.0,0.2727123510742187,True,PUT,2026-09-18,GIS
GIS260918P00050000,50.0,7.2,6.5,7.2,1.0,202.0,0.27075924560546877,True,PUT,2026-09-18,GIS
GIS260918P00052500,52.5,9.32,8.2,9.7,1.0,119.0,0.3186103295898437,True,PUT,2026-09-18,GIS
GIS260918P00055000,55.0,10.82,10.0,12.4,4.0,78.0,0.3773255627441406,True,PUT,2026-09-18,GIS
GIS260918P00057500,57.5,11.72,11.9,14.6,1.0,4.0,0.3909973010253906,True,PUT,2026-09-18,GIS
GIS261218C00035000,35.0,9.88,8.9,11.7,3.0,4.0,0.36804831176757813,True,CALL,2026-12-18,GIS
GIS261218C00037500,37.5,8.8,7.0,9.6,1.0,148.0,0.3354558642578125,True,CALL,2026-12-18,GIS
GIS261218C00040000,40.0,6.5,6.4,7.1,4.0,33.0,0.26978269287109374,True,CALL,2026-12-18,GIS
GIS261218C00042500,42.5,5.6,4.8,5.6,11.0,24.0,0.26636475830078127,True,CALL,2026-12-18,GIS
GIS261218C00045000,45.0,3.96,3.6,4.2,10.0,96.0,0.2556226782226563,False,CALL,2026-12-18,GIS
GIS261218C00047500,47.5,3.0,2.55,3.2,10.0,27.0,0.2556226782226563,False,CALL,2026-12-18,GIS
GIS261218C00050000,50.0,2.3,1.6,2.55,1.0,283.0,0.26489992919921873,False,CALL,2026-12-18,GIS
GIS261218C00052500,52.5,1.51,1.05,1.95,15.0,150.0,0.2672192419433594,False,CALL,2026-12-18,GIS
GIS261218C00055000,55.0,0.98,0.65,1.45,2.0,141.0,0.2668530346679688,False,CALL,2026-12-18,GIS
GIS261218C00057500,57.5,0.4,0.4,1.1,2.0,47.0,0.26929441650390623,False,CALL,2026-12-18,GIS
GIS261218P00032500,32.5,0.55,0.5,2.9,160.0,212.0,0.5258836474609375,False,PUT,2026-12-18,GIS
GIS261218P00035000,35.0,1.02,0.75,1.1,2.0,71.0,0.2926096130371093,False,PUT,2026-12-18,GIS
GIS261218P00037500,37.5,1.3,1.15,1.85,1.0,107.0,0.29968962036132807,False,PUT,2026-12-18,GIS
GIS261218P00040000,40.0,2.3,1.75,2.6,2.0,122.0,0.2902903002929687,False,PUT,2026-12-18,GIS
GIS261218P00042500,42.5,3.1,2.6,3.5,14.0,110.0,0.27857166748046874,False,PUT,2026-12-18,GIS
GIS261218P00045000,45.0,4.35,3.7,4.7,10.0,104.0,0.2732006274414062,True,PUT,2026-12-18,GIS
GIS261218P00047500,47.5,6.0,5.2,6.1,6.0,112.0,0.2672192419433594,True,PUT,2026-12-18,GIS
GIS261218P00050000,50.0,7.32,6.9,7.8,4.0,71.0,0.26770751831054684,True,PUT,2026-12-18,GIS
GIS261218P00052500,52.5,9.4,8.9,9.6,3.0,42.0,0.26343510009765625,True,PUT,2026-12-18,GIS
GIS261218P00055000,55.0,11.75,9.3,13.5,20.0,35.0,0.3922179919433594,True,PUT,2026-12-18,GIS
GIS261218P00057500,57.5,14.0,12.4,15.5,1.0,3.0,0.3942931665039063,True,PUT,2026-12-18,GIS
GIS270115C00032500,32.5,12.76,11.1,13.8,1.0,15.0,0.37842418457031246,True,CALL,2027-01-15,GIS
GIS270115C00035000,35.0,10.86,9.1,11.6,5.0,138.0,0.3446110461425781,True,CALL,2027-01-15,GIS
GIS270115C00037500,37.5,8.1,8.1,9.2,1.0,115.0,0.291877198486328,True,CALL,2027-01-15,GIS
GIS270115C00040000,40.0,7.0,6.6,7.2,3.0,242.0,0.2655102746582031,True,CALL,2027-01-15,GIS
GIS270115C00042500,42.5,5.68,5.0,5.7,6.0,102.0,0.2616040637207031,True,CALL,2027-01-15,GIS
GIS270115C00045000,45.0,4.15,3.9,4.3,9.0,1389.0,0.2509230181884765,False,CALL,2027-01-15,GIS
GIS270115C00047500,47.5,3.2,2.5,3.4,3.0,847.0,0.2567213000488281,False,CALL,2027-01-15,GIS
GIS270115C00050000,50.0,2.32,2.1,2.45,21.0,1939.0,0.24805439453125,False,CALL,2027-01-15,GIS
GIS270115C00052500,52.5,1.85,1.1,1.8,1.0,819.0,0.24658956542968752,False,CALL,2027-01-15,GIS
GIS270115C00055000,55.0,1.2,1.05,1.45,2.0,1148.0,0.2559888854980469,False,CALL,2027-01-15,GIS
GIS270115C00057500,57.5,0.9,0.9,1.1,13.0,1110.0,0.25830819824218754,False,CALL,2027-01-15,GIS
GIS270115P00032500,32.5,0.82,0.55,0.85,2.0,314.0,0.30811238769531246,False,PUT,2027-01-15,GIS
GIS270115P00035000,35.0,1.13,0.9,1.35,4.0,324.0,0.3043282458496094,False,PUT,2027-01-15,GIS
GIS270115P00037500,37.5,1.75,1.3,1.8,15.0,193.0,0.2836985693359374,False,PUT,2027-01-15,GIS
GIS270115P00040000,40.0,2.5,2.3,2.5,26.0,741.0,0.2718578674316406,False,PUT,2027-01-15,GIS
GIS270115P00042500,42.5,3.5,3.3,3.6,4.0,4148.0,0.27332269653320307,False,PUT,2027-01-15,GIS
GIS270115P00045000,45.0,4.52,4.5,4.7,1.0,2612.0,0.2620923400878906,True,PUT,2027-01-15,GIS
GIS270115P00047500,47.5,5.47,5.4,6.3,1.0,679.0,0.26782958740234375,True,PUT,2027-01-15,GIS
GIS270115P00050000,50.0,7.7,7.4,7.9,10.0,517.0,0.26282475463867194,True,PUT,2027-01-15,GIS
GIS270115P00052500,52.5,9.45,9.1,9.8,3.0,458.0,0.26563234375,True,PUT,2027-01-15,GIS
GIS270115P00055000,55.0,11.75,10.5,13.0,1.0,723.0,0.3454655297851562,True,PUT,2027-01-15,GIS
GIS270115P00057500,57.5,12.66,12.6,15.5,1.0,77.0,0.37830211547851555,True,PUT,2027-01-15,GIS
GIS280121C00032500,32.5,12.8,12.2,15.5,2.0,176.0,0.37000141723632807,True,CALL,2028-01-21,GIS
GIS280121C00035000,35.0,11.5,10.0,12.4,6.0,267.0,0.28601788208007806,True,CALL,2028-01-21,GIS
GIS280121C00037500,37.5,10.6,7.8,10.8,1.0,73.0,0.28449201843261707,True,CALL,2028-01-21,GIS
GIS280121C00040000,40.0,8.35,7.8,8.9,46.0,487.0,0.26258061645507813,True,CALL,2028-01-21,GIS
GIS280121C00042500,42.5,7.25,5.4,9.5,6.0,370.0,0.3421086297607422,True,CALL,2028-01-21,GIS
GIS280121C00045000,45.0,6.15,6.0,6.6,6.0,206.0,0.2674023455810547,False,CALL,2028-01-21,GIS
GIS280121C00047500,47.5,5.45,4.0,6.1,1.0,88.0,0.286567192993164,False,CALL,2028-01-21,GIS
GIS280121C00050000,50.0,4.03,4.0,4.8,20.0,1088.0,0.26868407104492187,False,CALL,2028-01-21,GIS
GIS280121C00052500,52.5,3.7,2.5,4.7,3.0,27.0,0.29431858032226554,False,CALL,2028-01-21,GIS
GIS280121C00055000,55.0,3.2,1.8,4.0,24.0,77.0,0.2921213366699218,False,CALL,2028-01-21,GIS
GIS280121C00057500,57.5,2.6,1.7,3.8,1.0,46.0,0.3075630767822265,False,CALL,2028-01-21,GIS
GIS280121P00032500,32.5,1.7,1.4,2.2,4.0,198.0,0.309577216796875,False,PUT,2028-01-21,GIS
GIS280121P00035000,35.0,2.45,1.7,2.7,1.0,91.0,0.2913889221191405,False,PUT,2028-01-21,GIS
GIS280121P00037500,37.5,3.25,1.0,4.3,5.0,180.0,0.323126885986328,False,PUT,2028-01-21,GIS
GIS280121P00040000,40.0,4.18,3.7,4.7,1.0,274.0,0.2893137475585937,False,PUT,2028-01-21,GIS
GIS280121P00042500,42.5,5.4,3.8,7.5,1.0,1837.0,0.35474278076171867,False,PUT,2028-01-21,GIS
GIS280121P00045000,45.0,6.56,6.0,8.5,3.0,193.0,0.3363103479003906,True,PUT,2028-01-21,GIS
GIS280121P00047500,47.5,9.09,6.6,10.5,1.0,95.0,0.35443760803222646,True,PUT,2028-01-21,GIS
GIS280121P00050000,50.0,9.6,8.1,12.0,1.0,413.0,0.3482731188964844,True,PUT,2028-01-21,GIS
GIS280121P00052500,52.5,12.04,9.8,13.5,1.0,77.0,0.33850759155273435,True,PUT,2028-01-21,GIS
GIS280121P00055000,55.0,12.08,11.6,14.5,5.0,28.0,0.3045723840332031,True,PUT,2028-01-21,GIS
GIS280121P00057500,57.5,13.97,12.5,17.0,1.0,42.0,0.3286199951171874,True,PUT,2028-01-21,GIS
GLXY260130C00021000,21.0,9.22,8.3,9.9,2.0,3.0,4.210942236328124,True,CALL,2026-01-30,GLXY
GLXY260130C00022000,22.0,10.25,7.3,8.75,2.0,7.0,3.60156349609375,True,CALL,2026-01-30,GLXY
GLXY260130C00022500,22.5,9.44,6.85,8.25,1.0,3.0,3.4570326074218753,True,CALL,2026-01-30,GLXY
GLXY260130C00023000,23.0,10.0,6.35,7.75,16.0,50.0,3.253908115234375,True,CALL,2026-01-30,GLXY
GLXY260130C00023500,23.5,6.38,6.0,7.25,1.0,7.0,3.2148457128906243,True,CALL,2026-01-30,GLXY
GLXY260130C00024000,24.0,5.98,5.55,6.7,14.0,79.0,3.0117212207031248,True,CALL,2026-01-30,GLXY
GLXY260130C00024500,24.5,7.28,4.85,6.25,1.0,1.0,2.6601595996093756,True,CALL,2026-01-30,GLXY
GLXY260130C00025000,25.0,7.53,4.35,5.75,3.0,107.0,2.468753828125,True,CALL,2026-01-30,GLXY
GLXY260130C00025500,25.5,6.47,3.8,5.25,3.0,9.0,2.2265669335937495,True,CALL,2026-01-30,GLXY
GLXY260130C00026000,26.0,4.03,3.35,4.55,1.0,112.0,1.8984380078125,True,CALL,2026-01-30,GLXY
GLXY260130C00026500,26.5,5.49,2.88,4.35,2.0,19.0,1.9882813085937499,True,CALL,2026-01-30,GLXY
GLXY260130C00027000,27.0,3.28,2.61,3.75,7.0,191.0,1.8847662011718749,True,CALL,2026-01-30,GLXY
GLXY260130C00027500,27.5,3.08,2.08,3.45,1.0,18.0,1.79296978515625,True,CALL,2026-01-30,GLXY
GLXY260130C00028000,28.0,1.64,1.46,3.1,65.0,165.0,1.5917989160156247,True,CALL,2026-01-30,GLXY
GLXY260130C00028500,28.5,4.11,0.99,2.98,4.0,23.0,1.6171894140625,True,CALL,2026-01-30,GLXY
GLXY260130C00029000,29.0,1.48,1.05,1.9,3.0,1032.0,1.3515657421874998,True,CALL,2026-01-30,GLXY
GLXY260130C00029500,29.5,0.8,0.76,1.14,2.0,528.0,1.0488328808593752,True,CALL,2026-01-30,GLXY
GLXY260130C00030000,30.0,1.0,0.51,0.89,73.0,2213.0,1.021489267578125,False,CALL,2026-01-30,GLXY
GLXY260130C00030500,30.5,0.7,0.37,0.7,3.0,36.0,1.0449266503906252,False,CALL,2026-01-30,GLXY
GLXY260130C00031000,31.0,0.32,0.25,0.54,64.0,380.0,1.0546922265625,False,CALL,2026-01-30,GLXY
GLXY260130C00031500,31.5,0.24,0.2,0.44,7.0,122.0,1.11328568359375,False,CALL,2026-01-30,GLXY
GLXY260130C00032000,32.0,0.17,0.15,0.25,191.0,220.0,1.0625046875000002,False,CALL,2026-01-30,GLXY
GLXY260130C00032500,32.5,0.22,0.07,0.25,32.0,2048.0,1.11328568359375,False,CALL,2026-01-30,GLXY
GLXY260130C00033000,33.0,0.25,0.06,0.24,339.0,1311.0,1.2109414453124998,False,CALL,2026-01-30,GLXY
GLXY260130C00033500,33.5,0.12,0.07,0.28,21.0,126.0,1.3867218164062498,False,CALL,2026-01-30,GLXY
GLXY260130C00034000,34.0,0.1,0.05,0.13,77.0,452.0,1.2695349023437497,False,CALL,2026-01-30,GLXY
GLXY260130C00034500,34.5,0.08,0.01,0.09,12.0,178.0,1.2109414453124998,False,CALL,2026-01-30,GLXY
GLXY260130C00035000,35.0,0.05,0.05,0.09,166.0,2065.0,1.3906280468749999,False,CALL,2026-01-30,GLXY
GLXY260130C00035500,35.5,0.07,0.0,0.15,23.0,2008.0,1.5000025,False,CALL,2026-01-30,GLXY
GLXY260130C00036000,36.0,0.03,0.02,0.12,18.0,702.0,1.5703146484375,False,CALL,2026-01-30,GLXY
GLXY260130C00036500,36.5,0.04,0.0,0.16,2.0,1176.0,1.6953140234375002,False,CALL,2026-01-30,GLXY
GLXY260130C00037000,37.0,0.03,0.0,0.11,89.0,585.0,1.6640641796875002,False,CALL,2026-01-30,GLXY
GLXY260130C00037500,37.5,0.1,0.0,0.17,16.0,38.0,1.890625546875,False,CALL,2026-01-30,GLXY
GLXY260130C00038000,38.0,0.04,0.01,0.04,21.0,1195.0,1.609376953125,False,CALL,2026-01-30,GLXY
GLXY260130P00021000,21.0,0.03,0.0,0.1,2.0,2504.0,2.43750390625,False,PUT,2026-01-30,GLXY
GLXY260130P00022000,22.0,0.05,0.0,0.18,1.0,147.0,2.3984415039062497,False,PUT,2026-01-30,GLXY
GLXY260130P00022500,22.5,0.69,0.0,0.27,,21.0,2.4531288671875,False,PUT,2026-01-30,GLXY
GLXY260130P00023000,23.0,0.03,0.0,0.24,1.0,154.0,2.2343794140624995,False,PUT,2026-01-30,GLXY
GLXY260130P00023500,23.5,0.1,0.0,0.27,10.0,30.0,2.1328171679687498,False,PUT,2026-01-30,GLXY
GLXY260130P00024000,24.0,0.18,0.0,0.27,5.0,178.0,1.9765626171875001,False,PUT,2026-01-30,GLXY
GLXY260130P00024500,24.5,0.21,0.0,0.27,,36.0,1.82421962890625,False,PUT,2026-01-30,GLXY
GLXY260130P00025000,25.0,0.02,0.0,0.07,2.0,62.0,1.2500037499999999,False,PUT,2026-01-30,GLXY
GLXY260130P00025500,25.5,0.13,0.0,0.19,81.0,11.0,1.3906280468749999,False,PUT,2026-01-30,GLXY
GLXY260130P00026000,26.0,0.1,0.0,0.3,3.0,83.0,1.40625296875,False,PUT,2026-01-30,GLXY
GLXY260130P00026500,26.5,0.05,0.02,0.09,4.0,27.0,0.9687503125,False,PUT,2026-01-30,GLXY
GLXY260130P00027000,27.0,0.08,0.04,0.13,85.0,156.0,0.929688203125,False,PUT,2026-01-30,GLXY
GLXY260130P00027500,27.5,0.13,0.08,0.19,1.0,43.0,0.9062509375,False,PUT,2026-01-30,GLXY
GLXY260130P00028000,28.0,0.15,0.13,0.3,97.0,242.0,0.8867198828124999,False,PUT,2026-01-30,GLXY
GLXY260130P00028500,28.5,0.22,0.21,0.3,2.0,60.0,0.7656273437500001,False,PUT,2026-01-30,GLXY
GLXY260130P00029000,29.0,0.27,0.33,0.43,15.0,170.0,0.7226590234375,False,PUT,2026-01-30,GLXY
GLXY260130P00029500,29.5,0.48,0.52,0.72,123.0,160.0,0.7500025,False,PUT,2026-01-30,GLXY
GLXY260130P00030000,30.0,0.58,0.79,1.06,74.0,851.0,0.7832052929687501,True,PUT,2026-01-30,GLXY
GLXY260130P00030500,30.5,1.04,1.12,1.46,20.0,3764.0,0.8261736132812498,True,PUT,2026-01-30,GLXY
GLXY260130P00031000,31.0,1.38,1.52,1.68,167.0,444.0,0.726565234375,True,PUT,2026-01-30,GLXY
GLXY260130P00031500,31.5,1.16,1.52,2.27,1.0,219.0,1.142582412109375,True,PUT,2026-01-30,GLXY
GLXY260130P00032000,32.0,2.05,1.68,2.62,2.0,194.0,1.0429735351562504,True,PUT,2026-01-30,GLXY
GLXY260130P00032500,32.5,2.01,2.45,3.1,10.0,3672.0,1.1328168359375002,True,PUT,2026-01-30,GLXY
GLXY260130P00033000,33.0,2.8,2.4,3.85,8.0,203.0,1.7070327148437499,True,PUT,2026-01-30,GLXY
GLXY260130P00033500,33.5,1.65,2.85,4.3,98.0,81.0,1.76171994140625,True,PUT,2026-01-30,GLXY
GLXY260130P00034000,34.0,2.39,3.35,4.8,1.0,20.0,1.890625546875,True,PUT,2026-01-30,GLXY
GLXY260130P00035000,35.0,4.55,4.25,5.75,1.0,203.0,2.0351611621093753,True,PUT,2026-01-30,GLXY
GLXY260130P00036000,36.0,6.29,5.9,6.6,2.0,134.0,1.9062504687500001,True,PUT,2026-01-30,GLXY
GLXY260130P00037000,37.0,4.64,6.3,7.7,190.0,193.0,2.355472861328124,True,PUT,2026-01-30,GLXY
GLXY260130P00038000,38.0,6.6,7.3,8.7,1.0,1.0,2.550784873046875,True,PUT,2026-01-30,GLXY
GLXY260206C00022000,22.0,10.17,7.35,8.95,1.0,8.0,1.8359383203124997,True,CALL,2026-02-06,GLXY
GLXY260206C00023000,23.0,9.75,6.4,7.85,5.0,37.0,1.611330068359375,True,CALL,2026-02-06,GLXY
GLXY260206C00024000,24.0,6.82,5.5,7.05,1.0,26.0,1.5546897265624997,True,CALL,2026-02-06,GLXY
GLXY260206C00025000,25.0,7.7,4.6,6.2,12.0,125.0,1.453127734375,True,CALL,2026-02-06,GLXY
GLXY260206C00026000,26.0,6.15,3.8,5.25,3.0,81.0,1.3339877050781246,True,CALL,2026-02-06,GLXY
GLXY260206C00027000,27.0,4.03,3.5,4.55,4.0,22.0,1.4345731396484376,True,CALL,2026-02-06,GLXY
GLXY260206C00028000,28.0,3.25,2.74,3.15,90.0,111.0,1.1474652001953123,True,CALL,2026-02-06,GLXY
GLXY260206C00028500,28.5,4.03,2.52,2.92,1.0,2.0,1.1796916015624999,True,CALL,2026-02-06,GLXY
GLXY260206C00029000,29.0,2.7,2.19,2.56,4.0,34.0,1.1337933935546878,True,CALL,2026-02-06,GLXY
GLXY260206C00030000,30.0,2.0,1.74,2.09,95.0,189.0,1.1396527392578126,False,CALL,2026-02-06,GLXY
GLXY260206C00030500,30.5,2.08,1.63,1.86,1.0,16.0,1.1591838916015624,False,CALL,2026-02-06,GLXY
GLXY260206C00031000,31.0,1.65,1.32,1.72,69.0,85.0,1.140629296875,False,CALL,2026-02-06,GLXY
GLXY260206C00031500,31.5,1.35,1.26,1.49,31.0,37.0,1.15625421875,False,CALL,2026-02-06,GLXY
GLXY260206C00032000,32.0,1.32,1.17,1.31,1705.0,331.0,1.1679729101562502,False,CALL,2026-02-06,GLXY
GLXY260206C00032500,32.5,1.2,1.0,1.26,64.0,51.0,1.1875040625,False,CALL,2026-02-06,GLXY
GLXY260206C00033000,33.0,1.04,0.88,1.06,31.0,290.0,1.169926025390625,False,CALL,2026-02-06,GLXY
GLXY260206C00033500,33.5,0.98,0.69,0.96,18.0,22.0,1.1513714306640623,False,CALL,2026-02-06,GLXY
GLXY260206C00034000,34.0,0.91,0.66,0.84,81.0,155.0,1.169926025390625,False,CALL,2026-02-06,GLXY
GLXY260206C00034500,34.5,0.81,0.52,0.8,5.0,7.0,1.1728556982421874,False,CALL,2026-02-06,GLXY
GLXY260206C00035000,35.0,0.6,0.53,0.62,497.0,1107.0,1.171879140625,False,CALL,2026-02-06,GLXY
GLXY260206C00035500,35.5,0.52,0.47,0.57,24.0,104.0,1.1865275048828123,False,CALL,2026-02-06,GLXY
GLXY260206C00036000,36.0,0.49,0.35,0.5,403.0,51.0,1.162113564453125,False,CALL,2026-02-06,GLXY
GLXY260206C00036500,36.5,0.36,0.3,0.52,1.0,5.0,1.201175869140625,False,CALL,2026-02-06,GLXY
GLXY260206C00037000,37.0,0.4,0.29,0.59,41.0,179.0,1.2793004785156248,False,CALL,2026-02-06,GLXY
GLXY260206C00037500,37.5,0.39,0.27,0.52,31.0,227.0,1.2871129394531249,False,CALL,2026-02-06,GLXY
GLXY260206C00038000,38.0,0.3,0.21,0.33,5.0,114.0,1.203128984375,False,CALL,2026-02-06,GLXY
GLXY260206P00021000,21.0,0.05,0.0,0.49,2.0,61.0,1.5937520312499998,False,PUT,2026-02-06,GLXY
GLXY260206P00022000,22.0,0.1,0.01,0.09,20.0,72.0,1.015629921875,False,PUT,2026-02-06,GLXY
GLXY260206P00023000,23.0,0.1,0.07,0.2,20.0,86.0,1.08203583984375,False,PUT,2026-02-06,GLXY
GLXY260206P00024000,24.0,0.2,0.06,0.4,2.0,50.0,1.0703171484375003,False,PUT,2026-02-06,GLXY
GLXY260206P00025000,25.0,0.43,0.33,0.56,3.0,91.0,1.1308637207031251,False,PUT,2026-02-06,GLXY
GLXY260206P00026000,26.0,0.56,0.51,0.56,6.0,2798.0,1.0234423828125,False,PUT,2026-02-06,GLXY
GLXY260206P00026500,26.5,0.59,0.59,0.78,5.0,9.0,1.0410204199218753,False,PUT,2026-02-06,GLXY
GLXY260206P00027000,27.0,0.7,0.63,0.93,32.0,1132.0,1.0048877880859375,False,PUT,2026-02-06,GLXY
GLXY260206P00028000,28.0,1.07,1.06,1.41,98.0,878.0,1.0654343603515626,False,PUT,2026-02-06,GLXY
GLXY260206P00028500,28.5,1.3,1.21,1.59,13.0,16.0,1.0390673046875003,False,PUT,2026-02-06,GLXY
GLXY260206P00029000,29.0,1.51,1.47,1.71,93.0,91.0,1.015629921875,False,PUT,2026-02-06,GLXY
GLXY260206P00029500,29.5,1.74,1.52,2.01,58.0,1015.0,0.973633076171875,False,PUT,2026-02-06,GLXY
GLXY260206P00030000,30.0,2.16,2.09,2.41,56.0,186.0,1.087895185546875,True,PUT,2026-02-06,GLXY
GLXY260206P00031000,31.0,2.35,2.49,2.91,2.0,16.0,1.0029346728515625,True,PUT,2026-02-06,GLXY
GLXY260206P00031500,31.5,2.91,2.92,3.15,44.0,32.0,1.0039112304687499,True,PUT,2026-02-06,GLXY
GLXY260206P00032000,32.0,2.65,2.94,3.55,4.0,148.0,0.91992267578125,True,PUT,2026-02-06,GLXY
GLXY260206P00033000,33.0,3.95,3.75,4.45,39.0,276.0,0.9794923925781251,True,PUT,2026-02-06,GLXY
GLXY260206P00034000,34.0,3.75,4.45,5.15,10.0,149.0,0.8906260937499999,True,PUT,2026-02-06,GLXY
GLXY260206P00035000,35.0,5.05,5.3,6.4,1.0,232.0,1.0488328808593752,True,PUT,2026-02-06,GLXY
GLXY260206P00036000,36.0,5.32,5.85,7.25,1.0,2.0,0.8281267187499999,True,PUT,2026-02-06,GLXY
GLXY260206P00038000,38.0,6.95,7.6,9.0,1.0,2.0,1.4941431542968748,True,PUT,2026-02-06,GLXY
GLXY260213C00023000,23.0,9.35,6.6,8.2,1.0,1.0,1.404299853515625,True,CALL,2026-02-13,GLXY
GLXY260213C00025000,25.0,6.95,4.9,6.35,3.0,32.0,1.2168007910156249,True,CALL,2026-02-13,GLXY
GLXY260213C00026000,26.0,8.07,4.1,5.65,1.0,19.0,1.1796916015624999,True,CALL,2026-02-13,GLXY
GLXY260213C00027000,27.0,4.22,3.85,4.25,6.0,23.0,1.087895185546875,True,CALL,2026-02-13,GLXY
GLXY260213C00028000,28.0,4.91,3.3,3.65,3.0,68.0,1.0903365795898439,True,CALL,2026-02-13,GLXY
GLXY260213C00029000,29.0,3.28,2.67,3.1,3.0,56.0,1.0610398510742187,True,CALL,2026-02-13,GLXY
GLXY260213C00030000,30.0,2.77,2.23,2.6,5.0,77.0,1.056645341796875,False,CALL,2026-02-13,GLXY
GLXY260213C00031000,31.0,2.31,1.83,2.18,2.0,27.0,1.0537156689453124,False,CALL,2026-02-13,GLXY
GLXY260213C00032000,32.0,1.6,1.6,1.85,13.0,96.0,1.0810592822265626,False,CALL,2026-02-13,GLXY
GLXY260213C00033000,33.0,1.53,1.33,1.56,3.0,227.0,1.0888717431640624,False,CALL,2026-02-13,GLXY
GLXY260213C00034000,34.0,1.21,1.11,1.31,2.0,57.0,1.0976607617187502,False,CALL,2026-02-13,GLXY
GLXY260213C00035000,35.0,0.98,0.9,1.25,25.0,450.0,1.1367230664062502,False,CALL,2026-02-13,GLXY
GLXY260213C00036000,36.0,0.9,0.75,0.97,28.0,16.0,1.123051259765625,False,CALL,2026-02-13,GLXY
GLXY260213C00037000,37.0,1.59,0.57,0.85,2.0,27.0,1.1259809326171877,False,CALL,2026-02-13,GLXY
GLXY260213C00038000,38.0,1.1,0.31,0.68,2.0,4.0,1.0703171484375003,False,CALL,2026-02-13,GLXY
GLXY260213P00021000,21.0,0.19,0.01,0.76,1.0,2.0,1.3515657421874998,False,PUT,2026-02-13,GLXY
GLXY260213P00022000,22.0,0.14,0.01,0.4,24.0,3072.0,1.01953615234375,False,PUT,2026-02-13,GLXY
GLXY260213P00023000,23.0,0.22,0.12,0.58,3.0,17.0,1.0410204199218753,False,PUT,2026-02-13,GLXY
GLXY260213P00024000,24.0,0.46,0.4,0.51,2.0,10.0,0.992187578125,False,PUT,2026-02-13,GLXY
GLXY260213P00025000,25.0,0.51,0.54,0.78,51.0,13.0,0.9882813671875,False,PUT,2026-02-13,GLXY
GLXY260213P00026000,26.0,0.66,0.81,1.27,2.0,18.0,1.0449266503906252,False,PUT,2026-02-13,GLXY
GLXY260213P00027000,27.0,1.33,1.12,1.47,4.0,68.0,1.001958115234375,False,PUT,2026-02-13,GLXY
GLXY260213P00028000,28.0,1.06,1.49,1.8,2.0,16.0,0.9785158398437501,False,PUT,2026-02-13,GLXY
GLXY260213P00029000,29.0,1.91,1.94,2.22,3.0,17.0,0.963867548828125,False,PUT,2026-02-13,GLXY
GLXY260213P00030000,30.0,2.38,2.44,2.77,4.0,71.0,0.9599613378906249,True,PUT,2026-02-13,GLXY
GLXY260213P00031000,31.0,2.95,3.0,3.3,2.0,6.0,0.937500625,True,PUT,2026-02-13,GLXY
GLXY260213P00032000,32.0,2.82,3.7,4.0,2.0,60.0,0.9531254687499999,True,PUT,2026-02-13,GLXY
GLXY260213P00033000,33.0,3.95,4.35,4.7,1.0,18.0,0.9345709667968749,True,PUT,2026-02-13,GLXY
GLXY260213P00034000,34.0,5.23,4.85,5.5,2.0,36.0,0.87500125,True,PUT,2026-02-13,GLXY
GLXY260213P00035000,35.0,5.09,5.85,6.3,1.0,3.0,0.9179695703125,True,PUT,2026-02-13,GLXY
GLXY260220C00022500,22.5,8.13,7.1,8.8,1.0,258.0,1.2666052294921872,True,CALL,2026-02-20,GLXY
GLXY260220C00024000,24.0,10.5,5.85,7.35,,4.0,1.1396527392578126,True,CALL,2026-02-20,GLXY
GLXY260220C00025000,25.0,5.79,5.55,5.9,147.0,1866.0,1.0605515722656251,True,CALL,2026-02-20,GLXY
GLXY260220C00026000,26.0,6.92,4.4,5.9,1.0,2.0,1.0966842041015625,True,CALL,2026-02-20,GLXY
GLXY260220C00027000,27.0,4.25,4.2,4.55,2.0,10.0,1.0312548437500002,True,CALL,2026-02-20,GLXY
GLXY260220C00027500,27.5,4.45,3.9,4.6,21.0,798.0,1.0908248583984377,True,CALL,2026-02-20,GLXY
GLXY260220C00028000,28.0,6.05,3.4,3.95,,10.0,0.981445498046875,True,CALL,2026-02-20,GLXY
GLXY260220C00029500,29.5,3.9,2.85,3.5,1.0,7.0,1.0644578027343752,True,CALL,2026-02-20,GLXY
GLXY260220C00030000,30.0,3.0,2.55,2.95,272.0,2431.0,0.9951172363281251,False,CALL,2026-02-20,GLXY
GLXY260220C00030500,30.5,3.82,2.36,3.05,1.0,7.0,1.0498094384765626,False,CALL,2026-02-20,GLXY
GLXY260220C00031000,31.0,3.2,2.06,2.56,4.0,6.0,0.9819337744140625,False,CALL,2026-02-20,GLXY
GLXY260220C00031500,31.5,2.78,1.9,2.6,1.0,5.0,1.0234423828125,False,CALL,2026-02-20,GLXY
GLXY260220C00032000,32.0,2.52,1.85,2.2,11.0,91.0,1.0048877880859375,False,CALL,2026-02-20,GLXY
GLXY260220C00032500,32.5,1.85,1.7,2.01,133.0,1813.0,1.0014698364257812,False,CALL,2026-02-20,GLXY
GLXY260220C00033000,33.0,1.7,1.54,2.03,17.0,74.0,1.0293017285156252,False,CALL,2026-02-20,GLXY
GLXY260220C00033500,33.5,2.05,1.37,1.76,2.0,14.0,1.0004932788085936,False,CALL,2026-02-20,GLXY
GLXY260220C00034000,34.0,2.29,1.24,1.82,176.0,176.0,1.0351610742187503,False,CALL,2026-02-20,GLXY
GLXY260220C00034500,34.5,2.17,1.23,1.52,23.0,15.0,1.0224658251953125,False,CALL,2026-02-20,GLXY
GLXY260220C00035000,35.0,1.28,1.2,1.38,226.0,11226.0,1.0332079589843752,False,CALL,2026-02-20,GLXY
GLXY260220C00036000,36.0,1.89,0.8,1.22,6.0,39.0,1.0009815576171874,False,CALL,2026-02-20,GLXY
GLXY260220C00037000,37.0,1.0,0.8,1.08,2.0,88.0,1.0439500927734378,False,CALL,2026-02-20,GLXY
GLXY260220C00037500,37.5,0.92,0.74,1.1,59.0,633.0,1.0703171484375003,False,CALL,2026-02-20,GLXY
GLXY260220C00038000,38.0,0.8,0.69,0.96,11.0,131.0,1.0605515722656251,False,CALL,2026-02-20,GLXY
GLXY260220P00022500,22.5,0.3,0.28,0.42,51.0,3408.0,0.9238288867187501,False,PUT,2026-02-20,GLXY
GLXY260220P00024000,24.0,0.4,0.55,0.73,50.0,6.0,0.936524072265625,False,PUT,2026-02-20,GLXY
GLXY260220P00025000,25.0,0.82,0.75,0.85,43.0,2471.0,0.893555751953125,False,PUT,2026-02-20,GLXY
GLXY260220P00026000,26.0,1.15,0.92,1.26,2.0,2.0,0.8930674755859375,False,PUT,2026-02-20,GLXY
GLXY260220P00027000,27.0,1.5,1.32,1.62,1.0,3700.0,0.903321279296875,False,PUT,2026-02-20,GLXY
GLXY260220P00027500,27.5,1.66,1.28,1.86,33.0,446.0,0.8657239990234374,False,PUT,2026-02-20,GLXY
GLXY260220P00028000,28.0,1.23,1.7,1.99,2.0,368.0,0.8876964355468748,False,PUT,2026-02-20,GLXY
GLXY260220P00029000,29.0,2.35,2.15,2.56,1.0,122.0,0.8989267919921874,False,PUT,2026-02-20,GLXY
GLXY260220P00029500,29.5,2.0,2.18,2.71,,128.0,0.8398453515625,False,PUT,2026-02-20,GLXY
GLXY260220P00030000,30.0,2.64,2.67,3.05,11.0,761.0,0.8867198828124999,True,PUT,2026-02-20,GLXY
GLXY260220P00030500,30.5,2.35,2.71,3.3,4.0,10.0,0.8369156933593749,True,PUT,2026-02-20,GLXY
GLXY260220P00031000,31.0,3.29,3.25,3.6,4.0,3507.0,0.87500125,True,PUT,2026-02-20,GLXY
GLXY260220P00031500,31.5,2.56,3.45,4.0,,5.0,0.868165380859375,True,PUT,2026-02-20,GLXY
GLXY260220P00032000,32.0,3.65,3.75,4.3,4.0,12.0,0.8564467480468749,True,PUT,2026-02-20,GLXY
GLXY260220P00032500,32.5,4.35,4.25,4.6,3.0,63.0,0.87500125,True,PUT,2026-02-20,GLXY
GLXY260220P00033500,33.5,3.88,5.0,5.35,,10.0,0.8828136718749999,True,PUT,2026-02-20,GLXY
GLXY260220P00034000,34.0,4.6,5.25,5.7,2.0,2.0,0.851563984375,True,PUT,2026-02-20,GLXY
GLXY260220P00035000,35.0,6.05,6.2,6.55,17.0,45.0,0.8955088574218748,True,PUT,2026-02-20,GLXY
GLXY260220P00037500,37.5,7.77,7.7,9.15,3.0,60.0,0.8623060644531251,True,PUT,2026-02-20,GLXY
GLXY260227C00022000,22.0,9.8,7.7,9.7,,15.0,1.29297228515625,True,CALL,2026-02-27,GLXY
GLXY260227C00022500,22.5,11.5,7.3,8.8,,20.0,1.158207333984375,True,CALL,2026-02-27,GLXY
GLXY260227C00023000,23.0,9.24,6.85,8.35,1.0,0.0,1.1201215869140624,True,CALL,2026-02-27,GLXY
GLXY260227C00024000,24.0,4.0,6.05,7.95,,0.0,1.1650432373046877,True,CALL,2026-02-27,GLXY
GLXY260227C00024500,24.5,3.71,5.7,7.3,,1.0,1.0996138769531252,True,CALL,2026-02-27,GLXY
GLXY260227C00025500,25.5,7.2,4.9,6.55,1.0,2.0,1.0532273901367186,True,CALL,2026-02-27,GLXY
GLXY260227C00026000,26.0,8.65,4.55,6.25,,4.0,1.0478563232421876,True,CALL,2026-02-27,GLXY
GLXY260227C00026500,26.5,2.81,4.75,5.15,,1.0,0.9970703417968749,True,CALL,2026-02-27,GLXY
GLXY260227C00027000,27.0,8.85,4.45,5.3,1.0,3.0,1.0673874755859378,True,CALL,2026-02-27,GLXY
GLXY260227C00027500,27.5,5.81,4.15,5.2,1.0,18.0,1.0908248583984377,True,CALL,2026-02-27,GLXY
GLXY260227C00028000,28.0,7.78,3.75,4.35,,5.0,0.9765627343750001,True,CALL,2026-02-27,GLXY
GLXY260227C00028500,28.5,5.21,3.5,4.4,2.0,3.0,1.023930661621094,True,CALL,2026-02-27,GLXY
GLXY260227C00029000,29.0,5.25,3.4,3.85,4.0,7.0,0.99804689453125,True,CALL,2026-02-27,GLXY
GLXY260227C00029500,29.5,5.75,3.05,3.7,2.0,5.0,0.992187578125,True,CALL,2026-02-27,GLXY
GLXY260227C00030000,30.0,3.16,3.0,3.4,2.0,43.0,1.0048877880859375,False,CALL,2026-02-27,GLXY
GLXY260227C00030500,30.5,4.38,2.6,3.25,11.0,14.0,0.98437515625,False,CALL,2026-02-27,GLXY
GLXY260227C00031000,31.0,2.88,2.51,2.96,11.0,43.0,0.9858399853515626,False,CALL,2026-02-27,GLXY
GLXY260227C00032000,32.0,2.53,2.18,2.74,6.0,52.0,1.0102588549804685,False,CALL,2026-02-27,GLXY
GLXY260227C00033000,33.0,2.11,1.84,2.29,6.0,644.0,0.9873048144531251,False,CALL,2026-02-27,GLXY
GLXY260227C00034000,34.0,1.79,1.63,2.0,9.0,50.0,0.9965820654296875,False,CALL,2026-02-27,GLXY
GLXY260227C00035000,35.0,1.6,1.41,1.77,15.0,417.0,1.0039112304687499,False,CALL,2026-02-27,GLXY
GLXY260227C00036000,36.0,1.68,1.17,1.59,1.0,37.0,1.0068409033203123,False,CALL,2026-02-27,GLXY
GLXY260227C00037000,37.0,1.55,0.99,1.38,2.0,11.0,1.0058643457031249,False,CALL,2026-02-27,GLXY
GLXY260227P00022000,22.0,0.59,0.01,1.05,1.0,0.0,0.9765627343750001,False,PUT,2026-02-27,GLXY
GLXY260227P00022500,22.5,0.51,0.4,0.65,3.0,3013.0,0.91992267578125,False,PUT,2026-02-27,GLXY
GLXY260227P00024000,24.0,0.73,0.26,1.26,,0.0,0.87695435546875,False,PUT,2026-02-27,GLXY
GLXY260227P00024500,24.5,2.18,0.3,1.14,1.0,1.0,0.8027363476562499,False,PUT,2026-02-27,GLXY
GLXY260227P00025000,25.0,0.97,0.96,1.24,1.0,8.0,0.9062509375,False,PUT,2026-02-27,GLXY
GLXY260227P00025500,25.5,1.0,1.13,1.5,1.0,2.0,0.92773509765625,False,PUT,2026-02-27,GLXY
GLXY260227P00026000,26.0,1.28,1.23,1.59,3.0,52.0,0.8994150683593749,False,PUT,2026-02-27,GLXY
GLXY260227P00026500,26.5,1.17,1.45,1.7,1.0,3.0,0.89257919921875,False,PUT,2026-02-27,GLXY
GLXY260227P00027500,27.5,2.14,1.83,2.23,1.0,4.0,0.9072274902343749,False,PUT,2026-02-27,GLXY
GLXY260227P00028000,28.0,2.16,2.03,2.45,11.0,6.0,0.901368173828125,False,PUT,2026-02-27,GLXY
GLXY260227P00029000,29.0,2.62,2.46,2.92,10.0,2.0,0.8881847119140623,False,PUT,2026-02-27,GLXY
GLXY260227P00029500,29.5,3.0,2.75,3.25,4.0,11.0,0.9008798974609374,False,PUT,2026-02-27,GLXY
GLXY260227P00030000,30.0,2.8,3.0,3.4,1.0,55.0,0.87695435546875,True,PUT,2026-02-27,GLXY
GLXY260227P00030500,30.5,2.3,3.3,3.7,1.0,2.0,0.8793957373046875,True,PUT,2026-02-27,GLXY
GLXY260227P00031000,31.0,3.9,3.7,3.95,1.0,207.0,0.8852550537109375,True,PUT,2026-02-27,GLXY
GLXY260227P00032000,32.0,4.7,4.25,4.6,1.0,20.0,0.8710950390625,True,PUT,2026-02-27,GLXY
GLXY260227P00033000,33.0,5.18,4.9,5.35,2.0,62.0,0.8735364208984374,True,PUT,2026-02-27,GLXY
GLXY260227P00034000,34.0,5.0,5.65,6.1,2.0,7.0,0.8789074609374999,True,PUT,2026-02-27,GLXY
GLXY260227P00035000,35.0,6.29,6.05,7.0,3.0,11.0,0.8374039697265624,True,PUT,2026-02-27,GLXY
GLXY260306C00031500,31.5,3.85,2.49,3.15,10.0,5.0,0.9594730615234374,False,CALL,2026-03-06,GLXY
GLXY260306C00033000,33.0,4.0,2.13,2.65,1.0,2.0,0.9775392871093751,False,CALL,2026-03-06,GLXY
GLXY260306C00035000,35.0,1.82,1.49,1.97,68.0,15.0,0.9448247705078124,False,CALL,2026-03-06,GLXY
GLXY260306P00026500,26.5,1.55,1.65,2.16,,1.0,0.905274384765625,False,PUT,2026-03-06,GLXY
GLXY260306P00027000,27.0,1.39,1.64,2.35,1.0,1.0,0.8696302099609375,False,PUT,2026-03-06,GLXY
GLXY260306P00030000,30.0,3.04,2.89,3.7,,3.0,0.815431533203125,True,PUT,2026-03-06,GLXY
GLXY260306P00031500,31.5,3.6,4.15,4.65,2.0,3.0,0.866212275390625,True,PUT,2026-03-06,GLXY
GLXY260306P00033000,33.0,4.71,5.15,5.75,,3.0,0.8764660791015625,True,PUT,2026-03-06,GLXY
GLXY260320C00022500,22.5,10.6,7.85,9.25,1.0,1664.0,1.0634812451171878,True,CALL,2026-03-20,GLXY
GLXY260320C00025000,25.0,6.65,6.4,6.8,75.0,1401.0,0.9648441015625,True,CALL,2026-03-20,GLXY
GLXY260320C00027500,27.5,5.43,5.0,5.55,18.0,847.0,0.9829103271484375,True,CALL,2026-03-20,GLXY
GLXY260320C00030000,30.0,4.0,3.8,4.0,71.0,6865.0,0.9301764794921875,False,CALL,2026-03-20,GLXY
GLXY260320C00032500,32.5,3.15,2.86,2.96,166.0,2036.0,0.9155281884765626,False,CALL,2026-03-20,GLXY
GLXY260320C00035000,35.0,2.3,2.18,2.28,571.0,6186.0,0.9257819921875,False,CALL,2026-03-20,GLXY
GLXY260320C00037500,37.5,1.95,1.65,1.73,8.0,1615.0,0.930664755859375,False,CALL,2026-03-20,GLXY
GLXY260320P00022500,22.5,0.88,0.84,1.11,9.0,488.0,0.8862316064453124,False,PUT,2026-03-20,GLXY
GLXY260320P00025000,25.0,1.56,1.64,1.72,115.0,910.0,0.866212275390625,False,PUT,2026-03-20,GLXY
GLXY260320P00027500,27.5,2.5,2.63,2.75,126.0,2116.0,0.85742330078125,False,PUT,2026-03-20,GLXY
GLXY260320P00030000,30.0,3.79,3.9,4.1,7.0,1130.0,0.8549819189453125,True,PUT,2026-03-20,GLXY
GLXY260320P00032500,32.5,5.25,5.45,5.65,36.0,434.0,0.84961087890625,True,PUT,2026-03-20,GLXY
GLXY260320P00035000,35.0,6.81,7.25,7.45,1.0,1184.0,0.851563984375,True,PUT,2026-03-20,GLXY
GLXY260320P00037500,37.5,7.85,9.0,9.5,18.0,99.0,0.8330094824218748,True,PUT,2026-03-20,GLXY
GLXY260417C00022500,22.5,9.48,8.65,9.85,2.0,165.0,1.0361376318359379,True,CALL,2026-04-17,GLXY
GLXY260417C00025000,25.0,8.0,7.15,8.15,1.0,850.0,1.0063526245117185,True,CALL,2026-04-17,GLXY
GLXY260417C00027500,27.5,6.17,5.8,6.6,1.0,1084.0,0.9711916943359374,True,CALL,2026-04-17,GLXY
GLXY260417C00030000,30.0,4.8,4.7,4.85,65.0,1442.0,0.9086923193359374,False,CALL,2026-04-17,GLXY
GLXY260417C00032500,32.5,4.08,3.75,3.9,7.0,756.0,0.9028330029296875,False,CALL,2026-04-17,GLXY
GLXY260417C00035000,35.0,3.32,3.0,3.15,81.0,2919.0,0.9028330029296875,False,CALL,2026-04-17,GLXY
GLXY260417C00037500,37.5,2.39,2.45,2.64,2.0,322.0,0.9184578466796876,False,CALL,2026-04-17,GLXY
GLXY260417P00022500,22.5,1.26,1.4,1.59,1.0,998.0,0.858399853515625,False,PUT,2026-04-17,GLXY
GLXY260417P00025000,25.0,2.38,2.25,2.41,33.0,626.0,0.8422867333984375,False,PUT,2026-04-17,GLXY
GLXY260417P00027500,27.5,3.3,3.3,3.55,2.0,108.0,0.8330094824218748,False,PUT,2026-04-17,GLXY
GLXY260417P00030000,30.0,4.4,4.7,4.9,1.0,2087.0,0.8339860351562498,True,PUT,2026-04-17,GLXY
GLXY260417P00032500,32.5,4.9,6.2,6.45,1.0,98.0,0.8244646459960936,True,PUT,2026-04-17,GLXY
GLXY260417P00035000,35.0,8.05,7.95,8.15,27.0,1246.0,0.8178729150390623,True,PUT,2026-04-17,GLXY
GLXY260417P00037500,37.5,8.8,9.8,10.1,20.0,40.0,0.815431533203125,True,PUT,2026-04-17,GLXY
GLXY260618C00022500,22.5,12.48,9.65,11.25,3.0,229.0,0.9965820654296875,True,CALL,2026-06-18,GLXY
GLXY260618C00025000,25.0,10.9,8.6,9.9,1.0,467.0,1.01172369140625,True,CALL,2026-06-18,GLXY
GLXY260618C00027500,27.5,7.24,7.35,8.3,1.0,318.0,0.9672854833984376,True,CALL,2026-06-18,GLXY
GLXY260618C00030000,30.0,6.8,6.4,6.8,66.0,1693.0,0.9355475195312499,False,CALL,2026-06-18,GLXY
GLXY260618C00032500,32.5,5.97,5.5,5.95,6.0,700.0,0.9355475195312499,False,CALL,2026-06-18,GLXY
GLXY260618C00035000,35.0,5.0,4.75,5.1,17.0,3601.0,0.9294440649414062,False,CALL,2026-06-18,GLXY
GLXY260618C00037500,37.5,4.5,4.05,4.55,44.0,2160.0,0.9333502758789063,False,CALL,2026-06-18,GLXY
GLXY260618P00022500,22.5,2.26,2.42,2.65,3.0,318.0,0.8422867333984375,False,PUT,2026-06-18,GLXY
GLXY260618P00025000,25.0,3.6,3.45,3.8,10.0,289.0,0.84179845703125,False,PUT,2026-06-18,GLXY
GLXY260618P00027500,27.5,4.79,4.7,5.0,11.0,1221.0,0.8332536206054686,False,PUT,2026-06-18,GLXY
GLXY260618P00030000,30.0,5.19,6.05,6.55,6.0,401.0,0.8330094824218748,True,PUT,2026-06-18,GLXY
GLXY260618P00032500,32.5,6.75,7.65,8.1,1.0,115.0,0.8286149951171874,True,PUT,2026-06-18,GLXY
GLXY260618P00035000,35.0,8.7,9.4,9.85,1.0,61.0,0.8300798242187499,True,PUT,2026-06-18,GLXY
GLXY260618P00037500,37.5,10.45,11.2,11.7,3.0,9.0,0.8256853369140623,True,PUT,2026-06-18,GLXY
GLXY260717C00022500,22.5,14.0,10.1,11.75,10.0,21.0,0.9853517089843751,True,CALL,2026-07-17,GLXY
GLXY260717C00025000,25.0,10.4,9.15,10.1,2.0,83.0,0.9765627343750001,True,CALL,2026-07-17,GLXY
GLXY260717C00027500,27.5,9.5,8.0,8.95,2.0,84.0,0.9694827270507812,True,CALL,2026-07-17,GLXY
GLXY260717C00030000,30.0,8.8,7.0,7.95,3.0,145.0,0.9650882397460938,False,CALL,2026-07-17,GLXY
GLXY260717C00032500,32.5,7.0,5.95,7.1,10.0,41.0,0.9526371923828124,False,CALL,2026-07-17,GLXY
GLXY260717C00035000,35.0,5.5,5.25,6.05,7.0,174.0,0.936524072265625,False,CALL,2026-07-17,GLXY
GLXY260717C00037500,37.5,5.15,4.65,5.7,64.0,140.0,0.9589847851562499,False,CALL,2026-07-17,GLXY
GLXY260717P00022500,22.5,2.4,2.71,3.15,10.0,55.0,0.8332536206054686,False,PUT,2026-07-17,GLXY
GLXY260717P00025000,25.0,3.5,3.8,4.35,1.0,183.0,0.8327653442382811,False,PUT,2026-07-17,GLXY
GLXY260717P00027500,27.5,4.8,5.05,5.75,1.0,133.0,0.8330094824218748,False,PUT,2026-07-17,GLXY
GLXY260717P00030000,30.0,6.05,6.45,7.2,30.0,76.0,0.8256853369140623,True,PUT,2026-07-17,GLXY
GLXY260717P00032500,32.5,8.4,7.95,8.7,1.0,66.0,0.8107929077148437,True,PUT,2026-07-17,GLXY
GLXY260717P00035000,35.0,10.1,9.65,10.5,1.0,0.0,0.8120135986328124,True,PUT,2026-07-17,GLXY
GLXY260717P00037500,37.5,11.95,11.6,12.25,1.0,12.0,0.8120135986328124,True,PUT,2026-07-17,GLXY
GLXY260918C00022500,22.5,12.55,11.1,12.8,16.0,304.0,0.9848634326171876,True,CALL,2026-09-18,GLXY
GLXY260918C00025000,25.0,11.13,10.2,11.35,1.0,162.0,0.9799806689453125,True,CALL,2026-09-18,GLXY
GLXY260918C00027500,27.5,9.55,9.15,10.45,25.0,172.0,0.9846192944335939,True,CALL,2026-09-18,GLXY
GLXY260918C00030000,30.0,8.87,8.15,8.8,1.0,1041.0,0.936524072265625,False,CALL,2026-09-18,GLXY
GLXY260918C00032500,32.5,9.35,7.25,8.55,2.0,3720.0,0.9631351342773438,False,CALL,2026-09-18,GLXY
GLXY260918C00035000,35.0,6.85,6.65,7.2,34.0,3946.0,0.9360357958984374,False,CALL,2026-09-18,GLXY
GLXY260918C00037500,37.5,7.8,5.9,7.3,4.0,8201.0,0.9704592797851561,False,CALL,2026-09-18,GLXY
GLXY260918P00022500,22.5,3.35,3.55,4.05,4.0,147.0,0.8342301733398436,False,PUT,2026-09-18,GLXY
GLXY260918P00025000,25.0,6.1,4.75,5.35,1.0,173.0,0.833741896972656,False,PUT,2026-09-18,GLXY
GLXY260918P00027500,27.5,6.5,6.15,6.55,21.0,44.0,0.8217791259765624,False,PUT,2026-09-18,GLXY
GLXY260918P00030000,30.0,6.9,7.45,8.2,7.0,5273.0,0.8156756713867187,True,PUT,2026-09-18,GLXY
GLXY260918P00032500,32.5,8.88,9.05,9.95,1.0,73.0,0.8186053295898437,True,PUT,2026-09-18,GLXY
GLXY260918P00035000,35.0,11.15,10.75,11.5,8.0,48.0,0.8049335913085938,True,PUT,2026-09-18,GLXY
GLXY260918P00037500,37.5,12.15,12.2,13.55,4.0,25.0,0.7949239257812499,True,PUT,2026-09-18,GLXY
GLXY261218C00022500,22.5,13.95,12.4,14.05,4.0,4.0,0.9868165380859376,True,CALL,2026-12-18,GLXY
GLXY261218C00025000,25.0,13.45,11.4,12.8,3.0,6.0,0.975586181640625,True,CALL,2026-12-18,GLXY
GLXY261218C00027500,27.5,11.4,10.35,11.85,1.0,27.0,0.9681399670410156,True,CALL,2026-12-18,GLXY
GLXY261218C00030000,30.0,10.51,9.6,11.0,1.0,18.0,0.9719241088867188,False,CALL,2026-12-18,GLXY
GLXY261218C00032500,32.5,9.4,8.85,10.2,2.0,26.0,0.9702151416015624,False,CALL,2026-12-18,GLXY
GLXY261218C00035000,35.0,8.8,8.1,9.5,5.0,23.0,0.9663089306640625,False,CALL,2026-12-18,GLXY
GLXY261218C00037500,37.5,9.05,7.4,8.8,2.0,5.0,0.9592289233398437,False,CALL,2026-12-18,GLXY
GLXY261218P00022500,22.5,4.45,4.35,5.35,1.0,3.0,0.8317887915039062,False,PUT,2026-12-18,GLXY
GLXY261218P00025000,25.0,5.7,5.7,7.05,1.0,7.0,0.84961087890625,False,PUT,2026-12-18,GLXY
GLXY261218P00027500,27.5,9.0,6.8,8.45,8.0,12.0,0.8244646459960936,False,PUT,2026-12-18,GLXY
GLXY261218P00030000,30.0,8.2,8.55,9.9,2.0,74.0,0.8251970605468748,True,PUT,2026-12-18,GLXY
GLXY261218P00032500,32.5,12.3,9.55,11.7,,20.0,0.7979756530761719,True,PUT,2026-12-18,GLXY
GLXY261218P00035000,35.0,12.9,11.9,13.45,2.0,20.0,0.823243955078125,True,PUT,2026-12-18,GLXY
GLXY261218P00037500,37.5,14.35,13.75,14.55,2.0,289.0,0.7889425402832031,True,PUT,2026-12-18,GLXY
GLXY270115C00022500,22.5,13.52,12.35,14.0,2.0,371.0,0.9410406286621094,True,CALL,2027-01-15,GLXY
GLXY270115C00025000,25.0,12.7,11.85,13.15,7.0,1468.0,0.9787599780273439,True,CALL,2027-01-15,GLXY
GLXY270115C00027500,27.5,10.9,10.65,12.05,1.0,424.0,0.9538578833007811,True,CALL,2027-01-15,GLXY
GLXY270115C00030000,30.0,10.0,9.25,10.85,37.0,4097.0,0.9086923193359374,False,CALL,2027-01-15,GLXY
GLXY270115C00032500,32.5,9.29,9.2,10.0,12.0,480.0,0.9376226940917969,False,CALL,2027-01-15,GLXY
GLXY270115C00035000,35.0,8.5,8.25,9.3,8.0,2017.0,0.9248054394531251,False,CALL,2027-01-15,GLXY
GLXY270115C00037500,37.5,7.86,7.8,9.25,10.0,620.0,0.9577640942382811,False,CALL,2027-01-15,GLXY
GLXY270115P00022500,22.5,4.7,4.65,5.3,2.0,309.0,0.8122577368164061,False,PUT,2027-01-15,GLXY
GLXY270115P00025000,25.0,5.85,6.1,7.35,6.0,5304.0,0.851563984375,False,PUT,2027-01-15,GLXY
GLXY270115P00027500,27.5,7.0,7.1,8.1,4.0,45.0,0.7885763330078125,False,PUT,2027-01-15,GLXY
GLXY270115P00030000,30.0,8.93,8.9,9.65,1.0,292.0,0.7962666857910157,True,PUT,2027-01-15,GLXY
GLXY270115P00032500,32.5,9.98,10.2,11.95,2.0,473.0,0.8057880749511719,True,PUT,2027-01-15,GLXY
GLXY270115P00035000,35.0,11.95,12.15,13.6,4.0,1545.0,0.8073749731445312,True,PUT,2027-01-15,GLXY
GLXY270115P00037500,37.5,13.65,13.85,15.4,26.0,36.0,0.7980977221679688,True,PUT,2027-01-15,GLXY
GLXY280121C00022500,22.5,17.28,15.65,17.5,1.0,193.0,0.940430283203125,True,CALL,2028-01-21,GLXY
GLXY280121C00025000,25.0,16.88,14.8,16.75,2.0,578.0,0.9383551086425781,True,CALL,2028-01-21,GLXY
GLXY280121C00027500,27.5,16.54,13.7,15.8,1.0,124.0,0.914063359375,True,CALL,2028-01-21,GLXY
GLXY280121C00030000,30.0,15.9,13.3,15.1,5.0,383.0,0.9227302648925781,False,CALL,2028-01-21,GLXY
GLXY280121C00032500,32.5,15.9,12.65,14.3,1.0,74.0,0.9146737048339844,False,CALL,2028-01-21,GLXY
GLXY280121C00035000,35.0,13.0,12.15,13.55,32.0,285.0,0.9108895629882812,False,CALL,2028-01-21,GLXY
GLXY280121C00037500,37.5,14.0,11.5,13.35,3.0,54.0,0.9179695703125,False,CALL,2028-01-21,GLXY
GLXY280121P00022500,22.5,7.16,7.1,8.75,2.0,13.0,0.805666005859375,False,PUT,2028-01-21,GLXY
GLXY280121P00025000,25.0,8.69,8.6,9.8,1.0,36.0,0.7794211511230469,False,PUT,2028-01-21,GLXY
GLXY280121P00027500,27.5,10.22,9.6,11.8,1.0,73.0,0.7668480346679689,False,PUT,2028-01-21,GLXY
GLXY280121P00030000,30.0,12.0,11.75,12.95,5.0,28.0,0.7606225109863283,True,PUT,2028-01-21,GLXY
GLXY280121P00032500,32.5,13.7,13.4,14.7,10.0,15.0,0.7537866418457031,True,PUT,2028-01-21,GLXY
GLXY280121P00035000,35.0,15.14,15.15,16.95,3.0,10.0,0.7629418237304688,True,PUT,2028-01-21,GLXY
GLXY280121P00037500,37.5,18.2,0.0,0.0,2.0,4.0,1.0000000000000003e-05,True,PUT,2028-01-21,GLXY
GM260130C00065000,65.0,21.06,20.55,22.0,3.0,186.0,2.6601595996093756,True,CALL,2026-01-30,GM
GM260130C00067000,67.0,19.15,18.65,20.0,4.0,27.0,2.4335976660156247,True,CALL,2026-01-30,GM
GM260130C00068000,68.0,18.05,16.5,19.6,5.0,30.0,2.902346494140625,True,CALL,2026-01-30,GM
GM260130C00069000,69.0,17.15,15.5,18.7,4.0,3.0,2.853518491210937,True,CALL,2026-01-30,GM
GM260130C00070000,70.0,16.13,14.8,17.35,1.0,234.0,2.4394570263671875,True,CALL,2026-01-30,GM
GM260130C00071000,71.0,14.94,13.7,16.1,5.0,25.0,2.091801645507812,True,CALL,2026-01-30,GM
GM260130C00072000,72.0,14.03,12.9,15.25,4.0,10.0,2.1152390869140625,True,CALL,2026-01-30,GM
GM260130C00073000,73.0,13.04,12.05,14.0,3.0,13.0,1.7734386328124998,True,CALL,2026-01-30,GM
GM260130C00074000,74.0,12.8,11.05,13.05,12.0,32.0,1.7109389453125,True,CALL,2026-01-30,GM
GM260130C00075000,75.0,10.9,10.15,12.15,1.0,216.0,1.685548447265625,True,CALL,2026-01-30,GM
GM260130C00076000,76.0,9.93,9.1,10.8,1.0,32.0,1.255863095703125,True,CALL,2026-01-30,GM
GM260130C00077000,77.0,8.97,8.05,9.9,1.0,149.0,1.255863095703125,True,CALL,2026-01-30,GM
GM260130C00078000,78.0,7.88,7.0,8.95,6.0,261.0,1.193363408203125,True,CALL,2026-01-30,GM
GM260130C00079000,79.0,7.12,6.65,7.75,4.0,444.0,0.91211025390625,True,CALL,2026-01-30,GM
GM260130C00080000,80.0,6.12,5.7,6.75,29.0,1824.0,0.8164080859374999,True,CALL,2026-01-30,GM
GM260130C00081000,81.0,4.85,4.45,5.7,6.0,654.0,0.6718782812500002,True,CALL,2026-01-30,GM
GM260130C00082000,82.0,3.85,3.7,4.7,25.0,1053.0,0.57812921875,True,CALL,2026-01-30,GM
GM260130C00083000,83.0,3.53,3.15,3.85,26.0,686.0,0.584965087890625,True,CALL,2026-01-30,GM
GM260130C00084000,84.0,2.6,2.42,2.72,134.0,821.0,0.39258419921875,True,CALL,2026-01-30,GM
GM260130C00085000,85.0,1.69,1.58,1.82,2261.0,1694.0,0.336920693359375,True,CALL,2026-01-30,GM
GM260130C00086000,86.0,0.95,0.86,1.04,877.0,1269.0,0.29492892578124996,True,CALL,2026-01-30,GM
GM260130C00087000,87.0,0.47,0.42,0.52,320.0,1101.0,0.28711650390624993,False,CALL,2026-01-30,GM
GM260130C00088000,88.0,0.22,0.17,0.25,182.0,1972.0,0.3007882421875,False,CALL,2026-01-30,GM
GM260130C00089000,89.0,0.09,0.07,0.1,10.0,1534.0,0.304694453125,False,CALL,2026-01-30,GM
GM260130C00090000,90.0,0.03,0.03,0.04,369.0,1160.0,0.31641308593749995,False,CALL,2026-01-30,GM
GM260130C00091000,91.0,0.01,0.01,0.03,344.0,670.0,0.367193828125,False,CALL,2026-01-30,GM
GM260130C00092000,92.0,0.02,0.01,0.02,310.0,841.0,0.4062559375,False,CALL,2026-01-30,GM
GM260130C00093000,93.0,0.01,0.01,0.03,113.0,496.0,0.49219257812500006,False,CALL,2026-01-30,GM
GM260130C00094000,94.0,0.04,0.0,0.28,1.0,71.0,0.7402369726562499,False,CALL,2026-01-30,GM
GM260130C00095000,95.0,0.01,0.0,0.02,1.0,1545.0,0.5312546875,False,CALL,2026-01-30,GM
GM260130C00100000,100.0,0.03,0.0,0.01,4.0,456.0,0.7187528125,False,CALL,2026-01-30,GM
GM260130P00065000,65.0,0.01,0.0,0.01,15.0,117.0,1.3750031249999999,False,PUT,2026-01-30,GM
GM260130P00067000,67.0,0.01,0.0,0.01,2.0,341.0,1.21875390625,False,PUT,2026-01-30,GM
GM260130P00068000,68.0,0.01,0.0,0.01,2.0,1125.0,1.15625421875,False,PUT,2026-01-30,GM
GM260130P00069000,69.0,0.01,0.0,0.03,2.0,894.0,1.2343788281249999,False,PUT,2026-01-30,GM
GM260130P00070000,70.0,0.01,0.0,0.01,1.0,548.0,1.0312548437500002,False,PUT,2026-01-30,GM
GM260130P00071000,71.0,0.01,0.0,0.01,4.0,682.0,0.9687503125,False,PUT,2026-01-30,GM
GM260130P00072000,72.0,0.01,0.0,0.01,10.0,718.0,0.9062509375,False,PUT,2026-01-30,GM
GM260130P00073000,73.0,0.01,0.0,0.54,3.0,906.0,1.5390648046875,False,PUT,2026-01-30,GM
GM260130P00074000,74.0,0.04,0.0,0.06,34.0,1595.0,0.9687503125,False,PUT,2026-01-30,GM
GM260130P00075000,75.0,0.01,0.0,0.02,19.0,1997.0,0.7812521875,False,PUT,2026-01-30,GM
GM260130P00076000,76.0,0.01,0.0,0.01,4.0,1468.0,0.6562534375000001,False,PUT,2026-01-30,GM
GM260130P00077000,77.0,0.03,0.0,0.06,1.0,671.0,0.7500025,False,PUT,2026-01-30,GM
GM260130P00078000,78.0,0.01,0.0,0.01,8.0,857.0,0.5312546875,False,PUT,2026-01-30,GM
GM260130P00079000,79.0,0.01,0.0,0.04,28.0,1241.0,0.570316796875,False,PUT,2026-01-30,GM
GM260130P00080000,80.0,0.01,0.0,0.01,61.0,3430.0,0.45313046875,False,PUT,2026-01-30,GM
GM260130P00081000,81.0,0.06,0.0,0.06,15.0,783.0,0.523442265625,False,PUT,2026-01-30,GM
GM260130P00082000,82.0,0.04,0.01,0.04,47.0,626.0,0.4101621484375,False,PUT,2026-01-30,GM
GM260130P00083000,83.0,0.05,0.02,0.07,158.0,1185.0,0.37500625,False,PUT,2026-01-30,GM
GM260130P00084000,84.0,0.15,0.08,0.2,287.0,641.0,0.39258419921875,False,PUT,2026-01-30,GM
GM260130P00085000,85.0,0.22,0.21,0.31,329.0,840.0,0.34180345703125,False,PUT,2026-01-30,GM
GM260130P00086000,86.0,0.7,0.43,0.65,136.0,479.0,0.34766277343749996,False,PUT,2026-01-30,GM
GM260130P00087000,87.0,1.05,0.97,1.17,64.0,792.0,0.35547519531249994,True,PUT,2026-01-30,GM
GM260130P00088000,88.0,1.71,1.56,1.98,1.0,227.0,0.41992767578125,True,PUT,2026-01-30,GM
GM260130P00091000,91.0,4.62,4.0,5.9,3.0,10.0,0.7402369726562499,True,PUT,2026-01-30,GM
GM260130P00092000,92.0,6.85,4.9,7.05,8.0,8.0,0.8535170898437501,True,PUT,2026-01-30,GM
GM260130P00100000,100.0,20.1,12.8,15.15,1.0,0.0,1.5253929980468748,True,PUT,2026-01-30,GM
GM260206C00069000,69.0,11.5,16.05,17.9,,2.0,0.98437515625,True,CALL,2026-02-06,GM
GM260206C00070000,70.0,10.45,15.0,16.9,2.0,6.0,0.9345709667968749,True,CALL,2026-02-06,GM
GM260206C00073000,73.0,9.48,11.95,13.95,,1277.0,0.8125018749999999,True,CALL,2026-02-06,GM
GM260206C00074000,74.0,11.65,11.0,12.95,2.0,64.0,0.7617211328125001,True,CALL,2026-02-06,GM
GM260206C00075000,75.0,11.03,10.15,11.8,1.0,82.0,0.63867548828125,True,CALL,2026-02-06,GM
GM260206C00076000,76.0,9.61,9.1,10.9,2.0,7.0,0.64062859375,True,CALL,2026-02-06,GM
GM260206C00077000,77.0,6.53,8.15,9.8,1.0,2.0,0.5459029785156251,True,CALL,2026-02-06,GM
GM260206C00078000,78.0,8.82,7.2,8.95,1.0,114.0,0.5625043750000001,True,CALL,2026-02-06,GM
GM260206C00079000,79.0,7.3,6.35,7.7,1.0,255.0,0.40430283203125,True,CALL,2026-02-06,GM
GM260206C00080000,80.0,6.37,6.0,6.9,14.0,561.0,0.44434149414062496,True,CALL,2026-02-06,GM
GM260206C00081000,81.0,4.8,4.3,6.0,27.0,33.0,0.42627526855468756,True,CALL,2026-02-06,GM
GM260206C00082000,82.0,4.6,3.6,5.1,2.0,263.0,0.4008848974609375,True,CALL,2026-02-06,GM
GM260206C00083000,83.0,3.95,3.65,4.2,103.0,189.0,0.36865865722656255,True,CALL,2026-02-06,GM
GM260206C00084000,84.0,2.88,3.1,3.4,43.0,163.0,0.35156898437499995,True,CALL,2026-02-06,GM
GM260206C00085000,85.0,2.43,2.43,2.66,583.0,950.0,0.334967587890625,True,CALL,2026-02-06,GM
GM260206C00086000,86.0,1.95,1.81,2.08,1099.0,266.0,0.33447931152343746,True,CALL,2026-02-06,GM
GM260206C00087000,87.0,1.41,1.31,1.5,486.0,224.0,0.31836619140624994,False,CALL,2026-02-06,GM
GM260206C00088000,88.0,0.89,0.9,1.05,194.0,486.0,0.3086006640625,False,CALL,2026-02-06,GM
GM260206C00089000,89.0,0.68,0.59,0.7,231.0,650.0,0.3007882421875,False,CALL,2026-02-06,GM
GM260206C00090000,90.0,0.47,0.37,0.51,15.0,189.0,0.31055376953124997,False,CALL,2026-02-06,GM
GM260206C00091000,91.0,0.29,0.23,0.35,29.0,131.0,0.31445998046874996,False,CALL,2026-02-06,GM
GM260206C00092000,92.0,0.22,0.14,0.33,2.0,684.0,0.35156898437499995,False,CALL,2026-02-06,GM
GM260206C00093000,93.0,0.14,0.11,0.15,32.0,33.0,0.3193427441406249,False,CALL,2026-02-06,GM
GM260206C00094000,94.0,0.05,0.06,0.1,105.0,25.0,0.3242255078124999,False,CALL,2026-02-06,GM
GM260206C00095000,95.0,0.05,0.03,0.07,11.0,32.0,0.33399103515625,False,CALL,2026-02-06,GM
GM260206C00100000,100.0,0.03,0.0,0.38,9.0,120.0,0.5722699023437501,False,CALL,2026-02-06,GM
GM260206P00065000,65.0,0.3,0.0,2.09,4.0,22.0,1.5380882470703123,False,PUT,2026-02-06,GM
GM260206P00069000,69.0,0.01,0.0,1.27,3.0,34.0,1.1201215869140624,False,PUT,2026-02-06,GM
GM260206P00070000,70.0,0.02,0.0,0.02,2.0,307.0,0.523442265625,False,PUT,2026-02-06,GM
GM260206P00071000,71.0,0.02,0.0,0.03,7.0,43.0,0.51562984375,False,PUT,2026-02-06,GM
GM260206P00072000,72.0,0.03,0.0,0.05,1.0,130.0,0.51562984375,False,PUT,2026-02-06,GM
GM260206P00073000,73.0,0.02,0.0,0.76,2.0,285.0,0.78711150390625,False,PUT,2026-02-06,GM
GM260206P00074000,74.0,0.03,0.0,0.23,2.0,41.0,0.56836369140625,False,PUT,2026-02-06,GM
GM260206P00075000,75.0,0.02,0.0,0.24,2.0,119.0,0.5312546875,False,PUT,2026-02-06,GM
GM260206P00076000,76.0,0.04,0.02,0.04,43.0,109.0,0.4062559375,False,PUT,2026-02-06,GM
GM260206P00077000,77.0,0.07,0.05,0.13,4.0,109.0,0.4580132324218751,False,PUT,2026-02-06,GM
GM260206P00078000,78.0,0.13,0.03,0.18,1.0,105.0,0.44824770507812495,False,PUT,2026-02-06,GM
GM260206P00079000,79.0,0.12,0.01,0.13,3.0,214.0,0.375982802734375,False,PUT,2026-02-06,GM
GM260206P00080000,80.0,0.2,0.15,0.21,37.0,262.0,0.375982802734375,False,PUT,2026-02-06,GM
GM260206P00081000,81.0,0.27,0.21,0.29,15.0,197.0,0.362311064453125,False,PUT,2026-02-06,GM
GM260206P00082000,82.0,0.41,0.31,0.47,98.0,310.0,0.370123486328125,False,PUT,2026-02-06,GM
GM260206P00083000,83.0,0.63,0.45,0.58,24.0,131.0,0.3437565625,False,PUT,2026-02-06,GM
GM260206P00084000,84.0,0.7,0.66,0.82,28.0,199.0,0.33838552246093745,False,PUT,2026-02-06,GM
GM260206P00085000,85.0,1.04,0.9,1.15,57.0,294.0,0.336920693359375,False,PUT,2026-02-06,GM
GM260206P00086000,86.0,1.6,1.28,1.53,228.0,187.0,0.32910827148437494,False,PUT,2026-02-06,GM
GM260206P00100000,100.0,12.8,12.1,15.5,5.0,0.0,0.6435582519531251,True,PUT,2026-02-06,GM
GM260213C00065000,65.0,13.8,20.05,22.0,1.0,2.0,0.940430283203125,True,CALL,2026-02-13,GM
GM260213C00071000,71.0,12.05,14.1,16.1,,4.0,0.7397486962890624,True,CALL,2026-02-13,GM
GM260213C00073000,73.0,10.22,12.15,14.15,,20.0,0.6762727685546877,True,CALL,2026-02-13,GM
GM260213C00075000,75.0,11.9,10.25,11.95,5.0,7.0,0.534184345703125,True,CALL,2026-02-13,GM
GM260213C00078000,78.0,5.39,7.6,9.3,51.0,53.0,0.5117236328125,True,CALL,2026-02-13,GM
GM260213C00079000,79.0,7.85,6.6,8.35,12.0,1.0,0.48071808349609374,True,CALL,2026-02-13,GM
GM260213C00080000,80.0,5.35,6.4,7.25,4.0,84.0,0.4165097412109374,True,CALL,2026-02-13,GM
GM260213C00081000,81.0,5.15,5.05,6.35,1.0,265.0,0.39380489013671877,True,CALL,2026-02-13,GM
GM260213C00082000,82.0,4.75,4.9,5.5,25.0,334.0,0.3764710791015625,True,CALL,2026-02-13,GM
GM260213C00083000,83.0,4.0,4.35,4.7,87.0,56.0,0.362311064453125,True,CALL,2026-02-13,GM
GM260213C00084000,84.0,3.35,3.7,4.0,64.0,31.0,0.35742830078125,True,CALL,2026-02-13,GM
GM260213C00085000,85.0,2.94,3.05,3.3,36.0,230.0,0.3442448388671875,True,CALL,2026-02-13,GM
GM260213C00086000,86.0,2.39,2.48,2.68,96.0,221.0,0.3347234497070312,True,CALL,2026-02-13,GM
GM260213C00087000,87.0,2.08,1.95,2.18,155.0,799.0,0.33301448242187504,False,CALL,2026-02-13,GM
GM260213C00088000,88.0,1.59,1.5,1.69,175.0,151.0,0.3232489550781249,False,CALL,2026-02-13,GM
GM260213C00089000,89.0,1.21,1.16,1.3,8.0,367.0,0.31836619140624994,False,CALL,2026-02-13,GM
GM260213C00090000,90.0,0.94,0.84,1.02,37.0,203.0,0.32080757324218745,False,CALL,2026-02-13,GM
GM260213C00091000,91.0,0.6,0.61,0.76,52.0,33.0,0.317389638671875,False,CALL,2026-02-13,GM
GM260213C00092000,92.0,0.65,0.43,0.59,7.0,38.0,0.3217841259765625,False,CALL,2026-02-13,GM
GM260213C00093000,93.0,0.26,0.27,0.63,7.0,29.0,0.36426416992187505,False,CALL,2026-02-13,GM
GM260213C00095000,95.0,0.16,0.13,0.27,1.0,58.0,0.334967587890625,False,CALL,2026-02-13,GM
GM260213C00100000,100.0,0.07,0.0,1.84,328.0,357.0,0.647464462890625,False,CALL,2026-02-13,GM
GM260213P00065000,65.0,0.11,0.0,2.13,1.0,82.0,1.16016044921875,False,PUT,2026-02-13,GM
GM260213P00069000,69.0,0.05,0.0,1.82,5.0,11.0,0.9301764794921875,False,PUT,2026-02-13,GM
GM260213P00070000,70.0,0.06,0.0,0.61,16.0,32.0,0.6669955175781253,False,PUT,2026-02-13,GM
GM260213P00071000,71.0,0.08,0.0,0.6,10.0,32.0,0.6289099609375001,False,PUT,2026-02-13,GM
GM260213P00072000,72.0,0.11,0.0,0.49,45.0,99.0,0.5664105859375,False,PUT,2026-02-13,GM
GM260213P00073000,73.0,0.14,0.05,1.17,2.0,30.0,0.6699251757812501,False,PUT,2026-02-13,GM
GM260213P00074000,74.0,0.06,0.0,0.67,10.0,18.0,0.5361374511718751,False,PUT,2026-02-13,GM
GM260213P00075000,75.0,0.14,0.0,0.17,101.0,119.0,0.42774009765625004,False,PUT,2026-02-13,GM
GM260213P00076000,76.0,0.18,0.14,0.18,17.0,191.0,0.401373173828125,False,PUT,2026-02-13,GM
GM260213P00077000,77.0,0.26,0.01,0.41,26.0,33.0,0.45313046875,False,PUT,2026-02-13,GM
GM260213P00078000,78.0,0.4,0.05,0.49,8.0,33.0,0.43897045410156255,False,PUT,2026-02-13,GM
GM260213P00079000,79.0,0.46,0.3,0.47,20.0,57.0,0.39502558105468755,False,PUT,2026-02-13,GM
GM260213P00080000,80.0,0.45,0.39,0.49,25.0,78.0,0.36133451171875,False,PUT,2026-02-13,GM
GM260213P00081000,81.0,0.62,0.51,0.63,38.0,35.0,0.3530338134765625,False,PUT,2026-02-13,GM
GM260213P00082000,82.0,0.77,0.68,0.8,64.0,193.0,0.3437565625,False,PUT,2026-02-13,GM
GM260213P00083000,83.0,1.13,0.88,1.05,486.0,16.0,0.340826904296875,False,PUT,2026-02-13,GM
GM260213P00084000,84.0,1.37,1.14,1.34,261.0,39.0,0.335944140625,False,PUT,2026-02-13,GM
GM260213P00085000,85.0,1.85,1.47,1.69,5.0,321.0,0.33130551513671874,False,PUT,2026-02-13,GM
GM260213P00088000,88.0,3.25,2.86,3.15,8.0,9.0,0.3205634350585937,True,PUT,2026-02-13,GM
GM260213P00091000,91.0,8.3,4.9,5.35,,27.0,0.336920693359375,True,PUT,2026-02-13,GM
GM260220C00065000,65.0,20.8,20.1,21.9,2.0,124.0,0.743166630859375,True,CALL,2026-02-20,GM
GM260220C00070000,70.0,10.35,15.35,17.15,1.0,73.0,0.6650424121093752,True,CALL,2026-02-20,GM
GM260220C00071000,71.0,11.45,14.15,16.2,,3.0,0.6450230810546875,True,CALL,2026-02-20,GM
GM260220C00072500,72.5,14.95,12.95,14.5,3.0,23.0,0.5390671093750001,True,CALL,2026-02-20,GM
GM260220C00073000,73.0,13.35,12.35,14.15,1.0,11.0,0.5639692041015626,True,CALL,2026-02-20,GM
GM260220C00074000,74.0,7.1,11.3,13.15,12.0,22.0,0.5302781347656251,True,CALL,2026-02-20,GM
GM260220C00075000,75.0,12.6,10.45,12.0,57.0,182.0,0.45898978515625005,True,CALL,2026-02-20,GM
GM260220C00076000,76.0,8.18,9.6,11.1,2.0,9.0,0.45215391601562505,True,CALL,2026-02-20,GM
GM260220C00077000,77.0,7.68,8.5,10.3,10.0,16.0,0.46191944335937507,True,CALL,2026-02-20,GM
GM260220C00077500,77.5,9.1,8.9,9.75,29.0,120.0,0.43457596679687505,True,CALL,2026-02-20,GM
GM260220C00078000,78.0,6.8,7.4,9.4,5.0,120.0,0.4458063232421875,True,CALL,2026-02-20,GM
GM260220C00079000,79.0,8.6,6.7,8.35,8.0,276.0,0.4008848974609375,True,CALL,2026-02-20,GM
GM260220C00080000,80.0,7.17,6.5,7.5,122.0,1324.0,0.39014281738281253,True,CALL,2026-02-20,GM
GM260220C00081000,81.0,5.29,5.8,6.65,25.0,146.0,0.37573866455078125,True,CALL,2026-02-20,GM
GM260220C00082000,82.0,4.79,5.15,5.85,4.0,87.0,0.36475244628906256,True,CALL,2026-02-20,GM
GM260220C00082500,82.5,5.0,4.9,5.4,5128.0,10993.0,0.3505924316406249,True,CALL,2026-02-20,GM
GM260220C00083000,83.0,4.7,4.7,5.0,11.0,79.0,0.3425358715820312,True,CALL,2026-02-20,GM
GM260220C00084000,84.0,3.9,4.0,4.35,173.0,968.0,0.34180345703125,True,CALL,2026-02-20,GM
GM260220C00085000,85.0,3.6,3.4,3.7,181.0,2350.0,0.334967587890625,True,CALL,2026-02-20,GM
GM260220C00086000,86.0,2.8,2.81,3.1,38.0,203.0,0.3278875805664062,True,CALL,2026-02-20,GM
GM260220C00087000,87.0,2.31,2.27,2.54,39.0,95.0,0.3193427441406249,False,CALL,2026-02-20,GM
GM260220C00087500,87.5,2.17,2.1,2.29,247.0,5424.0,0.31592480957031244,False,CALL,2026-02-20,GM
GM260220C00088000,88.0,1.99,1.8,2.06,57.0,108.0,0.31323928955078123,False,CALL,2026-02-20,GM
GM260220C00089000,89.0,1.5,1.41,1.7,7.0,322.0,0.3147041186523437,False,CALL,2026-02-20,GM
GM260220C00090000,90.0,1.3,1.25,1.3,100.0,2302.0,0.30445031494140623,False,CALL,2026-02-20,GM
GM260220C00091000,91.0,0.95,0.82,1.13,30.0,26.0,0.31763377685546873,False,CALL,2026-02-20,GM
GM260220C00092000,92.0,0.73,0.73,0.82,4.0,40.0,0.30542686767578126,False,CALL,2026-02-20,GM
GM260220C00092500,92.5,0.6,0.54,0.81,7.0,104.0,0.31909860595703116,False,CALL,2026-02-20,GM
GM260220C00093000,93.0,0.52,0.5,0.71,1.0,1526.0,0.31763377685546873,False,CALL,2026-02-20,GM
GM260220C00095000,95.0,0.36,0.33,0.44,33.0,1818.0,0.32031929687499994,False,CALL,2026-02-20,GM
GM260220C00100000,100.0,0.1,0.02,0.25,70.0,212.0,0.379889013671875,False,CALL,2026-02-20,GM
GM260220C00105000,105.0,0.08,0.0,0.19,5.0,11.0,0.450200810546875,False,CALL,2026-02-20,GM
GM260220C00110000,110.0,0.07,0.0,0.24,1.0,11.0,0.5576216113281252,False,CALL,2026-02-20,GM
GM260220P00065000,65.0,0.02,0.01,0.04,10.0,259.0,0.50586431640625,False,PUT,2026-02-20,GM
GM260220P00069000,69.0,0.07,0.04,0.23,103.0,124.0,0.551762294921875,False,PUT,2026-02-20,GM
GM260220P00070000,70.0,0.11,0.05,0.14,22.0,722.0,0.47461462890625,False,PUT,2026-02-20,GM
GM260220P00071000,71.0,0.14,0.02,0.25,1.0,29.0,0.5039112109375,False,PUT,2026-02-20,GM
GM260220P00072000,72.0,0.15,0.05,0.32,9.0,774.0,0.5019581054687501,False,PUT,2026-02-20,GM
GM260220P00072500,72.5,0.12,0.04,0.27,6.0,347.0,0.4682670361328125,False,PUT,2026-02-20,GM
GM260220P00073000,73.0,0.16,0.04,0.28,1.0,271.0,0.45752495605468757,False,PUT,2026-02-20,GM
GM260220P00074000,74.0,0.22,0.08,0.33,64.0,589.0,0.4458063232421875,False,PUT,2026-02-20,GM
GM260220P00075000,75.0,0.2,0.19,0.22,43.0,1249.0,0.37793590820312495,False,PUT,2026-02-20,GM
GM260220P00076000,76.0,0.26,0.14,0.42,6.0,751.0,0.4116269775390625,False,PUT,2026-02-20,GM
GM260220P00077000,77.0,0.36,0.23,0.49,1.0,573.0,0.398443515625,False,PUT,2026-02-20,GM
GM260220P00077500,77.5,0.37,0.33,0.41,6.0,465.0,0.3627993408203125,False,PUT,2026-02-20,GM
GM260220P00078000,78.0,0.52,0.28,0.6,4.0,267.0,0.39063109375,False,PUT,2026-02-20,GM
GM260220P00079000,79.0,0.58,0.47,0.69,2.0,76.0,0.37476211181640623,False,PUT,2026-02-20,GM
GM260220P00080000,80.0,0.65,0.57,0.75,23.0,1272.0,0.35108070800781244,False,PUT,2026-02-20,GM
GM260220P00081000,81.0,1.03,0.73,1.03,35.0,290.0,0.36035795898437495,False,PUT,2026-02-20,GM
GM260220P00082000,82.0,1.04,0.94,1.09,40.0,180.0,0.3303289624023437,False,PUT,2026-02-20,GM
GM260220P00082500,82.5,1.1,1.06,1.23,34.0,1054.0,0.33008482421874996,False,PUT,2026-02-20,GM
GM260220P00083000,83.0,1.2,1.2,1.3,12.0,426.0,0.3186103295898437,False,PUT,2026-02-20,GM
GM260220P00084000,84.0,1.72,1.36,1.81,5.0,257.0,0.3393620751953125,False,PUT,2026-02-20,GM
GM260220P00085000,85.0,1.89,1.78,1.98,116.0,1311.0,0.3112861840820312,False,PUT,2026-02-20,GM
GM260220P00087500,87.5,3.3,2.85,3.3,2.0,30.0,0.3194648132324218,True,PUT,2026-02-20,GM
GM260220P00090000,90.0,5.5,4.45,4.85,7.0,8.0,0.313483427734375,True,PUT,2026-02-20,GM
GM260220P00095000,95.0,13.37,8.5,10.0,,1.0,0.5024463818359376,True,PUT,2026-02-20,GM
GM260220P00100000,100.0,18.1,13.3,15.1,1.0,0.0,0.5004932763671875,True,PUT,2026-02-20,GM
GM260227C00065000,65.0,15.0,19.7,22.65,1.0,0.0,0.8623060644531251,True,CALL,2026-02-27,GM
GM260227C00070000,70.0,12.35,15.1,17.7,,2.0,0.7028838305664062,True,CALL,2026-02-27,GM
GM260227C00071000,71.0,15.44,14.3,16.25,3.0,10.0,0.57617611328125,True,CALL,2026-02-27,GM
GM260227C00074000,74.0,7.18,11.25,13.85,13.0,5.0,0.5952188916015625,True,CALL,2026-02-27,GM
GM260227C00075000,75.0,6.74,10.5,13.0,4.0,8.0,0.5854533642578125,True,CALL,2026-02-27,GM
GM260227C00078000,78.0,4.7,7.85,9.85,1.0,0.0,0.4594780615234375,True,CALL,2026-02-27,GM
GM260227C00079000,79.0,8.05,7.1,8.8,12.0,23.0,0.4182187084960937,True,CALL,2026-02-27,GM
GM260227C00080000,80.0,7.1,6.25,8.15,170.0,261.0,0.4299373413085938,True,CALL,2026-02-27,GM
GM260227C00081000,81.0,5.72,5.2,7.05,1.0,14.0,0.3806214282226562,True,CALL,2026-02-27,GM
GM260227C00082000,82.0,5.12,5.8,6.3,5.0,20.0,0.37354142089843745,True,CALL,2026-02-27,GM
GM260227C00083000,83.0,4.5,5.15,5.65,1.0,11.0,0.3737855590820312,True,CALL,2026-02-27,GM
GM260227C00084000,84.0,5.15,4.45,4.9,37.0,150.0,0.35864899169921877,True,CALL,2026-02-27,GM
GM260227C00085000,85.0,3.35,3.9,4.2,28.0,49.0,0.3452213916015625,True,CALL,2026-02-27,GM
GM260227C00086000,86.0,3.25,3.35,3.6,6.0,22.0,0.33789724609375,True,CALL,2026-02-27,GM
GM260227C00087000,87.0,2.9,2.88,3.0,11.0,10.0,0.3259344750976562,False,CALL,2026-02-27,GM
GM260227C00088000,88.0,2.24,2.38,2.56,57.0,15.0,0.3254461987304687,False,CALL,2026-02-27,GM
GM260227C00090000,90.0,1.68,1.62,1.74,41.0,20.0,0.315314464111328,False,CALL,2026-02-27,GM
GM260227C00091000,91.0,1.72,1.33,1.45,2.0,10.0,0.3156806713867187,False,CALL,2026-02-27,GM
GM260227C00092000,92.0,1.1,1.12,1.4,6.0,5.0,0.34058276611328125,False,CALL,2026-02-27,GM
GM260227C00094000,94.0,0.57,0.66,0.89,1.0,5.0,0.3293524096679687,False,CALL,2026-02-27,GM
GM260227C00095000,95.0,0.48,0.39,0.78,9.0,44.0,0.33765310791015624,False,CALL,2026-02-27,GM
GM260227C00100000,100.0,0.21,0.03,0.78,15.0,25.0,0.44873598144531246,False,CALL,2026-02-27,GM
GM260227P00065000,65.0,0.2,0.0,1.04,4.0,155.0,0.700198310546875,False,PUT,2026-02-27,GM
GM260227P00069000,69.0,0.15,0.0,2.2,1.0,22.0,0.7202176416015625,False,PUT,2026-02-27,GM
GM260227P00070000,70.0,0.18,0.0,0.75,16.0,17.0,0.5107470800781251,False,PUT,2026-02-27,GM
GM260227P00072000,72.0,0.16,0.0,2.28,7.0,12.0,0.6289099609375001,False,PUT,2026-02-27,GM
GM260227P00073000,73.0,1.02,0.0,2.32,3.0,5.0,0.5996133789062501,False,PUT,2026-02-27,GM
GM260227P00074000,74.0,0.36,0.0,1.93,1.0,17.0,0.5314988256835937,False,PUT,2026-02-27,GM
GM260227P00075000,75.0,0.36,0.0,2.18,3.0,9.0,0.5217332983398437,False,PUT,2026-02-27,GM
GM260227P00076000,76.0,0.39,0.0,2.49,11.0,12.0,0.5141650146484374,False,PUT,2026-02-27,GM
GM260227P00077000,77.0,0.58,0.27,0.74,20.0,20.0,0.397466962890625,False,PUT,2026-02-27,GM
GM260227P00078000,78.0,0.72,0.49,1.13,2.0,78.0,0.4299373413085938,False,PUT,2026-02-27,GM
GM260227P00079000,79.0,0.71,0.59,1.07,75.0,77.0,0.38794557373046873,False,PUT,2026-02-27,GM
GM260227P00080000,80.0,0.9,0.79,1.16,13.0,73.0,0.367193828125,False,PUT,2026-02-27,GM
GM260227P00081000,81.0,1.23,1.0,1.26,4.0,12.0,0.3461979443359374,False,PUT,2026-02-27,GM
GM260227P00082000,82.0,1.28,1.24,1.51,40.0,18.0,0.3413151806640625,False,PUT,2026-02-27,GM
GM260227P00083000,83.0,2.17,1.48,1.86,1.0,3.0,0.3435124243164062,False,PUT,2026-02-27,GM
GM260227P00084000,84.0,2.09,1.82,2.09,2.0,32.0,0.3276434423828125,False,PUT,2026-02-27,GM
GM260227P00085000,85.0,2.83,2.2,2.48,19.0,21.0,0.32459171508789053,False,PUT,2026-02-27,GM
GM260306C00074000,74.0,12.52,11.55,13.6,3.0,3.0,0.4973194799804688,True,CALL,2026-03-06,GM
GM260306C00080000,80.0,5.46,6.2,8.8,1.0,10.0,0.4602104760742188,True,CALL,2026-03-06,GM
GM260306C00086000,86.0,3.65,3.6,4.05,7.0,7.0,0.3454655297851562,True,CALL,2026-03-06,GM
GM260306C00092000,92.0,1.44,1.15,1.79,21.0,13.0,0.34766277343749996,False,CALL,2026-03-06,GM
GM260306P00068000,68.0,0.26,0.05,2.28,1.0,2.0,0.6909210595703126,False,PUT,2026-03-06,GM
GM260306P00069000,69.0,0.19,0.04,0.92,12.0,43.0,0.5136767382812499,False,PUT,2026-03-06,GM
GM260306P00072000,72.0,0.35,0.0,1.98,2.0,19.0,0.540287800292969,False,PUT,2026-03-06,GM
GM260306P00075000,75.0,0.5,0.01,1.3,3.0,7.0,0.5012256909179689,False,PUT,2026-03-06,GM
GM260306P00077000,77.0,2.6,0.52,0.9,5.0,0.0,0.3830628100585937,False,PUT,2026-03-06,GM
GM260306P00079000,79.0,0.99,0.79,1.19,16.0,15.0,0.36499658447265626,False,PUT,2026-03-06,GM
GM260306P00080000,80.0,1.26,1.03,1.71,3.0,74.0,0.39649041015625003,False,PUT,2026-03-06,GM
GM260320C00062500,62.5,22.7,22.7,25.0,10.0,951.0,0.6992217578125001,True,CALL,2026-03-20,GM
GM260320C00065000,65.0,21.02,21.05,22.15,1.0,1325.0,0.5625043750000001,True,CALL,2026-03-20,GM
GM260320C00067500,67.5,17.5,17.95,20.1,1.0,1138.0,0.5874064697265625,True,CALL,2026-03-20,GM
GM260320C00070000,70.0,17.6,15.9,17.85,32.0,2649.0,0.5610395458984375,True,CALL,2026-03-20,GM
GM260320C00072500,72.5,13.85,13.25,15.45,7.0,1364.0,0.508793974609375,True,CALL,2026-03-20,GM
GM260320C00075000,75.0,11.8,11.75,12.7,16.0,2120.0,0.4116269775390625,True,CALL,2026-03-20,GM
GM260320C00077500,77.5,9.82,9.45,10.5,8.0,1208.0,0.38233039550781245,True,CALL,2026-03-20,GM
GM260320C00080000,80.0,8.0,7.7,8.5,15.0,16775.0,0.36365382446289063,True,CALL,2026-03-20,GM
GM260320C00082500,82.5,6.2,6.25,6.7,32.0,1072.0,0.3494938098144531,True,CALL,2026-03-20,GM
GM260320C00085000,85.0,4.77,4.85,5.1,121.0,2941.0,0.33618827880859375,True,CALL,2026-03-20,GM
GM260320C00087500,87.5,3.65,3.6,3.75,154.0,1801.0,0.32556826782226556,False,CALL,2026-03-20,GM
GM260320C00090000,90.0,2.57,2.57,2.72,265.0,1973.0,0.3219061950683593,False,CALL,2026-03-20,GM
GM260320C00092500,92.5,1.81,1.78,1.83,28.0,147.0,0.31140825317382803,False,CALL,2026-03-20,GM
GM260320C00095000,95.0,1.27,1.21,1.31,4529.0,729.0,0.31641308593749995,False,CALL,2026-03-20,GM
GM260320C00100000,100.0,0.54,0.53,0.64,45.0,838.0,0.3244696459960937,False,CALL,2026-03-20,GM
GM260320C00105000,105.0,0.29,0.24,0.33,1967.0,138.0,0.33838552246093745,False,CALL,2026-03-20,GM
GM260320P00062500,62.5,0.19,0.06,0.21,42.0,2535.0,0.4931691308593751,False,PUT,2026-03-20,GM
GM260320P00065000,65.0,0.2,0.15,0.27,11.0,2134.0,0.46484910156250003,False,PUT,2026-03-20,GM
GM260320P00067500,67.5,0.27,0.24,0.3,13.0,1612.0,0.422857333984375,False,PUT,2026-03-20,GM
GM260320P00070000,70.0,0.35,0.32,0.36,65.0,4178.0,0.387701435546875,False,PUT,2026-03-20,GM
GM260320P00072500,72.5,0.53,0.49,0.56,51.0,2292.0,0.37744763183593744,False,PUT,2026-03-20,GM
GM260320P00075000,75.0,0.74,0.71,0.75,137.0,3796.0,0.352545537109375,False,PUT,2026-03-20,GM
GM260320P00077500,77.5,1.06,1.04,1.11,65.0,2701.0,0.34009448974609374,False,PUT,2026-03-20,GM
GM260320P00080000,80.0,1.57,1.52,1.65,163.0,4536.0,0.33179379150390625,False,PUT,2026-03-20,GM
GM260320P00082500,82.5,2.27,2.21,2.35,11.0,1653.0,0.32129584960937496,False,PUT,2026-03-20,GM
GM260320P00085000,85.0,3.23,3.15,3.45,214.0,1307.0,0.3259344750976562,False,PUT,2026-03-20,GM
GM260320P00087500,87.5,4.53,4.3,4.55,36.0,452.0,0.31165239135742184,True,PUT,2026-03-20,GM
GM260320P00090000,90.0,6.3,5.75,6.05,33.0,96.0,0.3099434240722656,True,PUT,2026-03-20,GM
GM260320P00092500,92.5,8.6,7.45,8.25,1.0,3.0,0.3497379479980468,True,PUT,2026-03-20,GM
GM260320P00095000,95.0,9.79,9.35,10.2,7.0,20.0,0.3566958862304687,True,PUT,2026-03-20,GM
GM260320P00100000,100.0,16.3,13.5,15.05,1.0,15.0,0.4379939013671875,True,PUT,2026-03-20,GM
GM260618C00062500,62.5,19.62,24.0,25.95,2.0,1269.0,0.5188036401367188,True,CALL,2026-06-18,GM
GM260618C00065000,65.0,23.18,22.3,23.35,45.0,1027.0,0.46484910156250003,True,CALL,2026-06-18,GM
GM260618C00067500,67.5,20.31,19.3,21.75,3.0,1001.0,0.49170430175781255,True,CALL,2026-06-18,GM
GM260618C00070000,70.0,18.4,17.8,19.0,5.0,1482.0,0.4270076831054688,True,CALL,2026-06-18,GM
GM260618C00072500,72.5,14.9,15.5,17.2,17.0,254.0,0.4278621667480469,True,CALL,2026-06-18,GM
GM260618C00075000,75.0,13.85,14.0,15.05,17.0,2187.0,0.401373173828125,True,CALL,2026-06-18,GM
GM260618C00077500,77.5,12.65,12.5,13.2,1.0,511.0,0.38892212646484375,True,CALL,2026-06-18,GM
GM260618C00080000,80.0,10.9,10.9,11.5,17.0,2033.0,0.3792786682128906,True,CALL,2026-06-18,GM
GM260618C00082500,82.5,9.55,9.45,9.95,31.0,679.0,0.37183245361328127,True,CALL,2026-06-18,GM
GM260618C00085000,85.0,8.35,8.25,8.55,19.0,2554.0,0.36597313720703123,True,CALL,2026-06-18,GM
GM260618C00087500,87.5,7.06,6.95,7.2,57.0,1264.0,0.3566348516845703,False,CALL,2026-06-18,GM
GM260618C00090000,90.0,5.95,5.85,6.1,40.0,4546.0,0.3532779516601562,False,CALL,2026-06-18,GM
GM260618C00092500,92.5,4.9,4.85,5.05,2.0,151.0,0.3464420825195312,False,CALL,2026-06-18,GM
GM260618C00095000,95.0,4.0,3.95,4.2,51.0,3891.0,0.34339035522460937,False,CALL,2026-06-18,GM
GM260618C00100000,100.0,2.67,2.68,2.79,41.0,10851.0,0.3354558642578125,False,CALL,2026-06-18,GM
GM260618C00105000,105.0,1.64,1.68,1.88,33.0,564.0,0.334967587890625,False,CALL,2026-06-18,GM
GM260618C00110000,110.0,1.2,0.88,1.35,32.0,186.0,0.3430241479492187,False,CALL,2026-06-18,GM
GM260618P00062500,62.5,0.77,0.62,0.93,2.0,675.0,0.41480077392578124,False,PUT,2026-06-18,GM
GM260618P00065000,65.0,0.97,0.95,1.03,20.0,970.0,0.3869690209960937,False,PUT,2026-06-18,GM
GM260618P00067500,67.5,1.32,1.18,1.28,4.0,3824.0,0.37280900634765624,False,PUT,2026-06-18,GM
GM260618P00070000,70.0,1.56,1.5,1.64,20.0,709.0,0.3635317553710938,False,PUT,2026-06-18,GM
GM260618P00072500,72.5,2.08,1.88,2.22,1.0,795.0,0.36426416992187505,False,PUT,2026-06-18,GM
GM260618P00075000,75.0,2.64,2.51,2.75,3.0,1438.0,0.35425450439453116,False,PUT,2026-06-18,GM
GM260618P00077500,77.5,3.24,3.15,3.45,13.0,669.0,0.34839518798828123,False,PUT,2026-06-18,GM
GM260618P00080000,80.0,4.01,3.9,4.1,25.0,1172.0,0.33374689697265625,False,PUT,2026-06-18,GM
GM260618P00082500,82.5,4.95,4.85,5.15,157.0,901.0,0.3336248278808594,False,PUT,2026-06-18,GM
GM260618P00085000,85.0,5.95,5.9,6.1,85.0,927.0,0.3219672296142577,False,PUT,2026-06-18,GM
GM260618P00087500,87.5,7.2,7.1,7.4,8.0,714.0,0.3203803314208984,True,PUT,2026-06-18,GM
GM260618P00090000,90.0,8.85,8.45,8.8,10.0,198.0,0.31690136230468746,True,PUT,2026-06-18,GM
GM260618P00092500,92.5,10.4,9.9,10.3,20.0,17.0,0.31165239135742184,True,PUT,2026-06-18,GM
GM260618P00095000,95.0,15.4,11.4,12.55,,1.0,0.3371648315429688,True,PUT,2026-06-18,GM
GM260618P00100000,100.0,15.35,15.15,16.4,25.0,31.0,0.34290207885742185,True,PUT,2026-06-18,GM
GM260618P00105000,105.0,19.24,19.1,20.55,1.0,4.0,0.3474186352539062,True,PUT,2026-06-18,GM
GM260918C00062500,62.5,23.58,25.3,27.4,1.0,109.0,0.49841810180664065,True,CALL,2026-09-18,GM
GM260918C00065000,65.0,23.6,23.1,25.0,9.0,1306.0,0.463872548828125,True,CALL,2026-09-18,GM
GM260918C00067500,67.5,22.59,21.1,22.95,8.0,378.0,0.44861391235351555,True,CALL,2026-09-18,GM
GM260918C00070000,70.0,19.77,19.3,21.1,1.0,218.0,0.4410456286621094,True,CALL,2026-09-18,GM
GM260918C00072500,72.5,18.33,17.45,19.05,1.0,83.0,0.4210873321533204,True,CALL,2026-09-18,GM
GM260918C00075000,75.0,17.09,15.8,17.25,10.0,438.0,0.4102842175292969,True,CALL,2026-09-18,GM
GM260918C00077500,77.5,13.6,14.7,15.65,1.0,405.0,0.40491317749023437,True,CALL,2026-09-18,GM
GM260918C00080000,80.0,13.05,12.6,14.1,30.0,539.0,0.39819937744140627,True,CALL,2026-09-18,GM
GM260918C00082500,82.5,11.89,11.45,12.5,1.0,144.0,0.38635867553710934,True,CALL,2026-09-18,GM
GM260918C00085000,85.0,10.55,10.4,11.15,9.0,493.0,0.38080453186035157,True,CALL,2026-09-18,GM
GM260918C00087500,87.5,8.96,8.8,9.9,21.0,112.0,0.37567763000488286,False,CALL,2026-09-18,GM
GM260918C00090000,90.0,5.55,7.7,8.9,28.0,267.0,0.3763490100097656,False,CALL,2026-09-18,GM
GM260918C00092500,92.5,7.54,6.65,7.85,1.0,80.0,0.3719545227050781,False,CALL,2026-09-18,GM
GM260918C00095000,95.0,6.0,5.8,6.9,50.0,620.0,0.3681093463134766,False,CALL,2026-09-18,GM
GM260918C00100000,100.0,4.98,4.8,5.1,4.0,1169.0,0.35468174621582027,False,CALL,2026-09-18,GM
GM260918C00105000,105.0,3.73,3.2,4.15,1.0,78.0,0.36304347900390627,False,CALL,2026-09-18,GM
GM260918C00110000,110.0,2.77,2.34,2.9,107.0,554.0,0.3482731188964844,False,CALL,2026-09-18,GM
GM260918P00062500,62.5,2.15,1.31,1.84,10.0,358.0,0.39722282470703124,False,PUT,2026-09-18,GM
GM260918P00065000,65.0,2.0,1.66,2.09,50.0,126.0,0.3794007373046875,False,PUT,2026-09-18,GM
GM260918P00067500,67.5,2.29,2.04,2.7,10.0,327.0,0.3809876354980468,False,PUT,2026-09-18,GM
GM260918P00070000,70.0,2.7,2.53,3.2,55.0,1445.0,0.37134417724609375,False,PUT,2026-09-18,GM
GM260918P00072500,72.5,3.4,3.1,3.8,3.0,243.0,0.36340968627929693,False,PUT,2026-09-18,GM
GM260918P00075000,75.0,4.4,3.8,4.55,1.0,1558.0,0.35864899169921877,False,PUT,2026-09-18,GM
GM260918P00077500,77.5,5.0,4.5,5.35,2.0,70.0,0.3521182952880859,False,PUT,2026-09-18,GM
GM260918P00080000,80.0,5.93,5.65,6.1,1.0,678.0,0.33991138610839844,False,PUT,2026-09-18,GM
GM260918P00082500,82.5,6.72,6.5,7.3,6.0,123.0,0.34168138793945313,False,PUT,2026-09-18,GM
GM260918P00085000,85.0,8.0,7.55,8.45,1.0,62.0,0.3373479351806641,False,PUT,2026-09-18,GM
GM260918P00087500,87.5,9.35,8.75,9.8,2.0,50.0,0.3365544860839844,True,PUT,2026-09-18,GM
GM260918P00090000,90.0,10.64,10.2,11.15,1.0,169.0,0.33197689514160156,True,PUT,2026-09-18,GM
GM260918P00095000,95.0,16.03,13.05,14.35,1.0,0.0,0.3302679278564453,True,PUT,2026-09-18,GM
GM260918P00100000,100.0,20.17,16.45,17.75,,1.0,0.32227240234374993,True,PUT,2026-09-18,GM
GM261218C00062500,62.5,25.91,25.95,28.6,10.0,285.0,0.48242705078125003,True,CALL,2026-12-18,GM
GM261218C00065000,65.0,23.25,23.55,26.3,5.0,183.0,0.4545952978515625,True,CALL,2026-12-18,GM
GM261218C00067500,67.5,19.83,22.1,24.8,8.0,58.0,0.46082082153320314,True,CALL,2026-12-18,GM
GM261218C00070000,70.0,21.55,20.55,22.8,2.0,1665.0,0.44324287231445314,True,CALL,2026-12-18,GM
GM261218C00072500,72.5,18.57,18.6,20.95,1.0,52.0,0.43018147949218755,True,CALL,2026-12-18,GM
GM261218C00075000,75.0,19.0,17.05,19.2,8.0,140.0,0.41901215759277344,True,CALL,2026-12-18,GM
GM261218C00077500,77.5,16.95,16.35,17.55,15.0,37.0,0.4094297338867187,True,CALL,2026-12-18,GM
GM261218C00080000,80.0,13.9,14.0,16.1,7.0,1410.0,0.4044859356689453,True,CALL,2026-12-18,GM
GM261218C00082500,82.5,14.23,13.25,14.7,6.0,51.0,0.39880972290039063,True,CALL,2026-12-18,GM
GM261218C00085000,85.0,12.55,11.6,13.0,1.0,444.0,0.3813538427734374,True,CALL,2026-12-18,GM
GM261218C00087500,87.5,11.51,10.6,12.35,11.0,871.0,0.3947814428710938,False,CALL,2026-12-18,GM
GM261218C00090000,90.0,9.9,9.3,10.7,1.0,1569.0,0.37470107727050783,False,CALL,2026-12-18,GM
GM261218C00095000,95.0,8.37,7.95,8.9,1.0,203.0,0.3742738354492187,False,CALL,2026-12-18,GM
GM261218C00100000,100.0,6.7,6.6,7.05,1.0,1295.0,0.36377589355468753,False,CALL,2026-12-18,GM
GM261218C00105000,105.0,5.0,4.85,5.9,7.0,227.0,0.3675600354003906,False,CALL,2026-12-18,GM
GM261218C00110000,110.0,4.01,3.75,4.8,1.0,39.0,0.36615624084472653,False,CALL,2026-12-18,GM
GM261218P00062500,62.5,2.2,2.07,2.71,4.0,199.0,0.38721315917968746,False,PUT,2026-12-18,GM
GM261218P00065000,65.0,2.63,2.51,3.1,6.0,245.0,0.3748231463623046,False,PUT,2026-12-18,GM
GM261218P00067500,67.5,4.3,2.99,3.75,20.0,88.0,0.37244279907226563,False,PUT,2026-12-18,GM
GM261218P00070000,70.0,4.15,3.55,4.0,6.0,395.0,0.3497379479980468,False,PUT,2026-12-18,GM
GM261218P00072500,72.5,4.95,4.2,4.75,2.0,212.0,0.3461979443359374,False,PUT,2026-12-18,GM
GM261218P00075000,75.0,5.17,4.95,5.4,3.0,211.0,0.3358220715332031,False,PUT,2026-12-18,GM
GM261218P00077500,77.5,6.3,5.85,6.25,1.0,20.0,0.33020689331054687,False,PUT,2026-12-18,GM
GM261218P00080000,80.0,6.85,6.75,7.75,233.0,554.0,0.34339035522460937,False,PUT,2026-12-18,GM
GM261218P00082500,82.5,8.4,7.75,8.7,1.0,47.0,0.3347844842529296,False,PUT,2026-12-18,GM
GM261218P00085000,85.0,9.57,8.9,9.9,1.0,95.0,0.33148861877441405,False,PUT,2026-12-18,GM
GM261218P00087500,87.5,11.0,10.15,11.85,1.0,12.0,0.34870036071777344,True,PUT,2026-12-18,GM
GM261218P00090000,90.0,12.4,11.7,12.4,1.0,67.0,0.3198310205078124,True,PUT,2026-12-18,GM
GM261218P00092500,92.5,16.06,12.85,14.85,,3.0,0.3469303588867187,True,PUT,2026-12-18,GM
GM261218P00100000,100.0,20.66,17.65,19.25,,2.0,0.32269964416503893,True,PUT,2026-12-18,GM
GM261218P00110000,110.0,29.3,24.7,26.6,2.0,37.0,0.30408410766601557,True,PUT,2026-12-18,GM
GM270115C00062500,62.5,27.88,26.45,29.0,10.0,109.0,0.4810842907714844,True,CALL,2027-01-15,GM
GM270115C00065000,65.0,24.9,24.5,27.0,10.0,1686.0,0.46619186157226566,True,CALL,2027-01-15,GM
GM270115C00067500,67.5,22.87,22.65,25.5,10.0,372.0,0.4700370379638672,True,CALL,2027-01-15,GM
GM270115C00070000,70.0,21.3,21.3,23.35,8.0,842.0,0.44605046142578125,True,CALL,2027-01-15,GM
GM270115C00072500,72.5,16.95,19.2,21.55,3.0,212.0,0.4343318286132813,True,CALL,2027-01-15,GM
GM270115C00075000,75.0,18.53,18.45,19.45,4.0,7463.0,0.41058939025878904,True,CALL,2027-01-15,GM
GM270115C00077500,77.5,14.53,16.75,18.05,5.0,60.0,0.40930766479492187,True,CALL,2027-01-15,GM
GM270115C00080000,80.0,15.0,14.85,16.6,7.0,2691.0,0.4039976593017578,True,CALL,2027-01-15,GM
GM270115C00082500,82.5,13.77,13.7,15.2,2.0,285.0,0.3980773083496094,True,CALL,2027-01-15,GM
GM270115C00085000,85.0,12.95,12.8,13.55,77.0,2297.0,0.3825745336914062,True,CALL,2027-01-15,GM
GM270115C00087500,87.5,12.0,11.4,12.45,4.0,352.0,0.38172005004882803,False,CALL,2027-01-15,GM
GM270115C00090000,90.0,10.11,10.25,11.1,5.0,2689.0,0.37128314270019536,False,CALL,2027-01-15,GM
GM270115C00092500,92.5,9.3,9.2,10.45,7.0,186.0,0.3795228063964844,False,CALL,2027-01-15,GM
GM270115C00095000,95.0,8.82,8.4,9.3,1.0,385.0,0.37091693542480464,False,CALL,2027-01-15,GM
GM270115C00100000,100.0,7.28,6.95,7.35,1.0,392.0,0.35809968078613286,False,CALL,2027-01-15,GM
GM270115C00105000,105.0,5.7,5.25,6.35,2.0,60.0,0.36688865539550786,False,CALL,2027-01-15,GM
GM270115C00110000,110.0,4.3,4.1,5.0,1.0,820.0,0.3580386462402344,False,CALL,2027-01-15,GM
GM270115P00062500,62.5,3.86,2.25,2.92,2.0,266.0,0.38245246459960935,False,PUT,2027-01-15,GM
GM270115P00065000,65.0,3.05,2.7,3.5,5.0,587.0,0.37854625366210937,False,PUT,2027-01-15,GM
GM270115P00067500,67.5,3.6,3.2,4.0,3.0,285.0,0.3681093463134766,False,PUT,2027-01-15,GM
GM270115P00070000,70.0,4.35,4.05,4.2,14.0,1257.0,0.34363449340820307,False,PUT,2027-01-15,GM
GM270115P00072500,72.5,4.95,4.55,4.85,1.0,179.0,0.335944140625,False,PUT,2027-01-15,GM
GM270115P00075000,75.0,5.42,5.2,5.65,2.0,615.0,0.331061376953125,False,PUT,2027-01-15,GM
GM270115P00077500,77.5,6.43,6.3,6.5,2.0,135.0,0.32520206054687495,False,PUT,2027-01-15,GM
GM270115P00080000,80.0,7.6,7.05,7.95,37.0,350.0,0.33588310607910155,False,PUT,2027-01-15,GM
GM270115P00082500,82.5,8.6,8.1,9.0,2.0,2124.0,0.330512066040039,False,PUT,2027-01-15,GM
GM270115P00085000,85.0,10.0,9.2,10.2,22.0,155.0,0.32709413146972655,False,PUT,2027-01-15,GM
GM270115P00087500,87.5,11.3,10.45,12.2,15.0,24.0,0.34497725341796875,True,PUT,2027-01-15,GM
GM270115P00090000,90.0,12.75,11.75,13.5,8.0,17.0,0.3393620751953125,True,PUT,2027-01-15,GM
GM270115P00100000,100.0,21.75,17.9,19.5,10.0,13.0,0.317389638671875,True,PUT,2027-01-15,GM
GM270115P00105000,105.0,21.5,21.25,23.1,5.0,46.0,0.31116411499023433,True,PUT,2027-01-15,GM
GM270617C00070000,70.0,24.6,22.15,25.9,1.0,10.0,0.4516046051025391,True,CALL,2027-06-17,GM
GM270617C00082500,82.5,15.58,15.0,19.0,2.0,4.0,0.431219066772461,True,CALL,2027-06-17,GM
GM270617C00100000,100.0,10.0,8.05,11.5,33.0,148.0,0.40241076110839846,False,CALL,2027-06-17,GM
GM270617P00090000,90.0,16.8,12.6,16.5,,1.0,0.3575503698730469,True,PUT,2027-06-17,GM
GM280121C00062500,62.5,28.27,30.0,33.55,1.0,15.0,0.4714408325195312,True,CALL,2028-01-21,GM
GM280121C00065000,65.0,30.21,28.85,32.3,1.0,115.0,0.4749198016357422,True,CALL,2028-01-21,GM
GM280121C00067500,67.5,27.54,27.2,30.45,1.0,21.0,0.46082082153320314,True,CALL,2028-01-21,GM
GM280121C00070000,70.0,24.0,25.0,28.75,2.0,160.0,0.45013977600097654,True,CALL,2028-01-21,GM
GM280121C00072500,72.5,25.4,24.2,27.4,5.0,73.0,0.44739322143554683,True,CALL,2028-01-21,GM
GM280121C00075000,75.0,24.3,22.45,26.05,15.0,148.0,0.4435480450439453,True,CALL,2028-01-21,GM
GM280121C00077500,77.5,23.07,21.0,24.6,8.0,56.0,0.4364070031738281,True,CALL,2028-01-21,GM
GM280121C00080000,80.0,22.0,19.5,24.0,5.0,364.0,0.4476373596191406,True,CALL,2028-01-21,GM
GM280121C00082500,82.5,18.4,18.95,22.0,1.0,46.0,0.4263057858276368,True,CALL,2028-01-21,GM
GM280121C00085000,85.0,19.25,17.7,20.8,10.0,111.0,0.42212491943359376,True,CALL,2028-01-21,GM
GM280121C00087500,87.5,18.3,16.65,19.75,1.0,14.0,0.4202633657836914,False,CALL,2028-01-21,GM
GM280121C00090000,90.0,16.85,15.55,17.7,1.0,72.0,0.3963988583374024,False,CALL,2028-01-21,GM
GM280121C00092500,92.5,16.45,14.45,17.55,3.0,6.0,0.41174904663085937,False,CALL,2028-01-21,GM
GM280121C00095000,95.0,14.48,13.4,16.55,11.0,250.0,0.40833111206054684,False,CALL,2028-01-21,GM
GM280121C00100000,100.0,13.29,11.65,14.9,7.0,135.0,0.40631697204589845,False,CALL,2028-01-21,GM
GM280121C00105000,105.0,9.11,9.95,13.3,6.0,35.0,0.4022276574707031,False,CALL,2028-01-21,GM
GM280121C00110000,110.0,9.55,8.55,11.8,2.0,11.0,0.39728385925292964,False,CALL,2028-01-21,GM
GM280121P00062500,62.5,5.75,3.8,6.65,1.0,5.0,0.3869690209960937,False,PUT,2028-01-21,GM
GM280121P00065000,65.0,5.95,4.35,7.4,1.0,60.0,0.3808350491333008,False,PUT,2028-01-21,GM
GM280121P00067500,67.5,6.37,5.1,8.1,1.0,23.0,0.3721376263427735,False,PUT,2028-01-21,GM
GM280121P00070000,70.0,8.5,6.05,8.8,1.0,1119.0,0.3625246853637696,False,PUT,2028-01-21,GM
GM280121P00072500,72.5,9.72,6.95,9.9,2.0,47.0,0.36191433990478517,False,PUT,2028-01-21,GM
GM280121P00075000,75.0,9.5,7.8,10.75,7.0,101.0,0.35382726257324215,False,PUT,2028-01-21,GM
GM280121P00077500,77.5,10.34,8.9,12.45,1.0,25.0,0.3642946871948243,False,PUT,2028-01-21,GM
GM280121P00080000,80.0,11.11,11.25,13.05,3.0,452.0,0.3481510498046875,False,PUT,2028-01-21,GM
GM280121P00082500,82.5,14.5,11.0,14.15,51.0,67.0,0.3423527679443359,False,PUT,2028-01-21,GM
GM280121P00085000,85.0,14.0,12.2,15.35,1.0,19.0,0.3375920733642578,False,PUT,2028-01-21,GM
GM280121P00087500,87.5,16.2,13.3,16.65,,1.0,0.33386896606445315,True,PUT,2028-01-21,GM
GM280121P00090000,90.0,16.1,14.7,17.95,6.0,10.0,0.32898620239257803,True,PUT,2028-01-21,GM
GM280121P00095000,95.0,18.95,17.95,21.45,32.0,14.0,0.3345403460693359,True,PUT,2028-01-21,GM
GM280121P00110000,110.0,31.55,27.5,31.35,,1.0,0.3143379113769531,True,PUT,2028-01-21,GM
GME260130C00017000,17.0,5.97,5.5,6.45,14.0,5.0,2.593753515625,True,CALL,2026-01-30,GME
GME260130C00017500,17.5,6.65,5.05,6.95,2.0,3.0,4.1015673730468745,True,CALL,2026-01-30,GME
GME260130C00018000,18.0,5.12,4.6,5.6,60.0,211.0,2.69531576171875,True,CALL,2026-01-30,GME
GME260130C00019000,19.0,3.87,3.65,4.0,22.0,55.0,1.890625546875,True,CALL,2026-01-30,GME
GME260130C00019500,19.5,4.2,3.25,3.6,1.0,123.0,1.359378203125,True,CALL,2026-01-30,GME
GME260130C00020000,20.0,2.98,2.76,3.0,80.0,924.0,0.8125018749999999,True,CALL,2026-01-30,GME
GME260130C00020500,20.5,2.33,2.34,2.6,18.0,4371.0,1.1796916015624999,True,CALL,2026-01-30,GME
GME260130C00021000,21.0,1.99,1.82,2.08,506.0,6869.0,0.92187578125,True,CALL,2026-01-30,GME
GME260130C00021500,21.5,1.57,1.39,1.72,533.0,4396.0,0.992187578125,True,CALL,2026-01-30,GME
GME260130C00022000,22.0,1.0,0.96,1.05,3608.0,6087.0,0.6562534375000001,True,CALL,2026-01-30,GME
GME260130C00022500,22.5,0.6,0.52,0.62,2786.0,5936.0,0.523442265625,True,CALL,2026-01-30,GME
GME260130C00023000,23.0,0.29,0.28,0.3,14561.0,22485.0,0.51562984375,False,CALL,2026-01-30,GME
GME260130C00023500,23.5,0.12,0.12,0.13,9284.0,13031.0,0.51562984375,False,CALL,2026-01-30,GME
GME260130C00024000,24.0,0.06,0.06,0.07,10408.0,22724.0,0.57812921875,False,CALL,2026-01-30,GME
GME260130C00024500,24.5,0.05,0.04,0.05,2747.0,13168.0,0.6718782812500002,False,CALL,2026-01-30,GME
GME260130C00025000,25.0,0.05,0.04,0.05,17477.0,44956.0,0.8125018749999999,False,CALL,2026-01-30,GME
GME260130C00025500,25.5,0.03,0.03,0.04,1120.0,3902.0,0.9062509375,False,CALL,2026-01-30,GME
GME260130C00026000,26.0,0.03,0.03,0.04,1909.0,10115.0,1.0312548437500002,False,CALL,2026-01-30,GME
GME260130C00027000,27.0,0.02,0.02,0.03,3001.0,10634.0,1.1875040625,False,CALL,2026-01-30,GME
GME260130C00028000,28.0,0.02,0.01,0.03,1156.0,10676.0,1.3437532812499997,False,CALL,2026-01-30,GME
GME260130C00029000,29.0,0.02,0.02,0.03,174.0,2650.0,1.5937520312499998,False,CALL,2026-01-30,GME
GME260130P00017000,17.0,0.01,0.0,0.02,8.0,165.0,1.75000125,False,PUT,2026-01-30,GME
GME260130P00017500,17.5,0.02,0.0,0.02,1.0,2.0,1.625001875,False,PUT,2026-01-30,GME
GME260130P00018000,18.0,0.01,0.0,0.02,2.0,797.0,1.4375028125,False,PUT,2026-01-30,GME
GME260130P00018500,18.5,0.01,0.0,0.01,191.0,236.0,1.1875040625,False,PUT,2026-01-30,GME
GME260130P00019000,19.0,0.01,0.0,0.01,4.0,1319.0,1.0625046875000002,False,PUT,2026-01-30,GME
GME260130P00019500,19.5,0.01,0.0,0.01,1.0,550.0,0.937500625,False,PUT,2026-01-30,GME
GME260130P00020000,20.0,0.01,0.0,0.02,69.0,2918.0,0.87500125,False,PUT,2026-01-30,GME
GME260130P00020500,20.5,0.02,0.0,0.02,6.0,1555.0,0.7500025,False,PUT,2026-01-30,GME
GME260130P00021000,21.0,0.02,0.02,0.03,172.0,2938.0,0.710940390625,False,PUT,2026-01-30,GME
GME260130P00021500,21.5,0.02,0.02,0.04,475.0,1711.0,0.570316796875,False,PUT,2026-01-30,GME
GME260130P00022000,22.0,0.06,0.06,0.09,763.0,3525.0,0.5312546875,False,PUT,2026-01-30,GME
GME260130P00022500,22.5,0.17,0.14,0.17,1480.0,5584.0,0.48438015625,False,PUT,2026-01-30,GME
GME260130P00023000,23.0,0.35,0.31,0.37,3132.0,4043.0,0.44922425781249997,True,PUT,2026-01-30,GME
GME260130P00023500,23.5,0.67,0.66,0.69,480.0,2188.0,0.39453730468750003,True,PUT,2026-01-30,GME
GME260130P00024000,24.0,1.13,1.05,1.2,475.0,2221.0,0.6015664843750002,True,PUT,2026-01-30,GME
GME260130P00024500,24.5,1.53,1.51,1.75,116.0,1443.0,0.9023447265625,True,PUT,2026-01-30,GME
GME260130P00025000,25.0,2.01,1.88,2.2,104.0,802.0,0.9257819921875,True,PUT,2026-01-30,GME
GME260130P00025500,25.5,2.4,2.37,2.78,4.0,349.0,1.3125034374999998,True,PUT,2026-01-30,GME
GME260130P00026000,26.0,2.85,2.69,3.4,25.0,185.0,1.765626171875,True,PUT,2026-01-30,GME
GME260130P00027000,27.0,4.15,3.75,4.4,11.0,95.0,2.0820360449218747,True,PUT,2026-01-30,GME
GME260130P00028000,28.0,5.08,4.75,5.4,1.0,153.0,2.3750040624999995,True,PUT,2026-01-30,GME
GME260130P00029000,29.0,6.0,5.85,6.2,20.0,19.0,1.9375003125,True,PUT,2026-01-30,GME
GME260206C00018000,18.0,5.48,4.7,5.8,60.0,91.0,1.4882838085937498,True,CALL,2026-02-06,GME
GME260206C00019000,19.0,3.97,3.85,4.25,62.0,131.0,0.9765627343750001,True,CALL,2026-02-06,GME
GME260206C00019500,19.5,4.13,3.3,3.7,11.0,411.0,0.7929708203125,True,CALL,2026-02-06,GME
GME260206C00020000,20.0,3.08,2.83,3.25,45.0,463.0,0.7578149218750001,True,CALL,2026-02-06,GME
GME260206C00020500,20.5,2.62,2.45,2.71,21.0,12.0,0.7070341796875,True,CALL,2026-02-06,GME
GME260206C00021000,21.0,2.15,1.96,2.22,119.0,1885.0,0.6113320117187502,True,CALL,2026-02-06,GME
GME260206C00021500,21.5,1.67,1.55,1.85,398.0,1059.0,0.6035195898437502,True,CALL,2026-02-06,GME
GME260206C00022000,22.0,1.18,1.18,1.28,511.0,2864.0,0.5039112109375,True,CALL,2026-02-06,GME
GME260206C00022500,22.5,0.9,0.81,0.91,710.0,2269.0,0.49805189453125004,True,CALL,2026-02-06,GME
GME260206C00023000,23.0,0.65,0.63,0.65,3622.0,3889.0,0.49414568359375005,False,CALL,2026-02-06,GME
GME260206C00023500,23.5,0.44,0.44,0.48,1892.0,1997.0,0.5029346582031251,False,CALL,2026-02-06,GME
GME260206C00024000,24.0,0.33,0.32,0.36,5617.0,6386.0,0.5293015820312501,False,CALL,2026-02-06,GME
GME260206C00024500,24.5,0.26,0.26,0.28,1893.0,2544.0,0.570316796875,False,CALL,2026-02-06,GME
GME260206C00025000,25.0,0.2,0.21,0.22,4991.0,13743.0,0.6054726953125001,False,CALL,2026-02-06,GME
GME260206C00025500,25.5,0.18,0.18,0.19,292.0,948.0,0.6543003320312502,False,CALL,2026-02-06,GME
GME260206C00026000,26.0,0.17,0.16,0.17,1172.0,3881.0,0.7050810742187501,False,CALL,2026-02-06,GME
GME260206C00026500,26.5,0.14,0.12,0.16,111.0,2039.0,0.7402369726562499,False,CALL,2026-02-06,GME
GME260206C00027000,27.0,0.13,0.11,0.13,762.0,2812.0,0.773439765625,False,CALL,2026-02-06,GME
GME260206C00027500,27.5,0.12,0.12,0.14,362.0,470.0,0.851563984375,False,CALL,2026-02-06,GME
GME260206C00028000,28.0,0.11,0.1,0.11,937.0,2554.0,0.867188828125,False,CALL,2026-02-06,GME
GME260206C00028500,28.5,0.11,0.09,0.12,19.0,182.0,0.9257819921875,False,CALL,2026-02-06,GME
GME260206C00029000,29.0,0.1,0.1,0.11,37.0,1206.0,0.9804689453125001,False,CALL,2026-02-06,GME
GME260206P00017000,17.0,0.01,0.0,0.01,1.0,257.0,0.7500025,False,PUT,2026-02-06,GME
GME260206P00017500,17.5,0.01,0.0,0.02,1.0,63.0,0.7500025,False,PUT,2026-02-06,GME
GME260206P00018000,18.0,0.01,0.01,0.03,3.0,388.0,0.7578149218750001,False,PUT,2026-02-06,GME
GME260206P00018500,18.5,0.01,0.01,0.04,6.0,16.0,0.710940390625,False,PUT,2026-02-06,GME
GME260206P00019000,19.0,0.03,0.0,0.05,20.0,427.0,0.632816171875,False,PUT,2026-02-06,GME
GME260206P00019500,19.5,0.1,0.0,0.07,1.0,72.0,0.5937540625000001,False,PUT,2026-02-06,GME
GME260206P00020000,20.0,0.04,0.04,0.05,209.0,1535.0,0.5429733203125001,False,PUT,2026-02-06,GME
GME260206P00020500,20.5,0.07,0.03,0.12,1.0,424.0,0.523442265625,False,PUT,2026-02-06,GME
GME260206P00021000,21.0,0.11,0.11,0.13,296.0,1422.0,0.500005,False,PUT,2026-02-06,GME
GME260206P00021500,21.5,0.18,0.18,0.2,110.0,547.0,0.48633326171875,False,PUT,2026-02-06,GME
GME260206P00022000,22.0,0.29,0.26,0.3,820.0,1222.0,0.45898978515625005,False,PUT,2026-02-06,GME
GME260206P00022500,22.5,0.45,0.42,0.47,422.0,856.0,0.45117736328125,False,PUT,2026-02-06,GME
GME260206P00023000,23.0,0.65,0.68,0.7,378.0,969.0,0.442388388671875,True,PUT,2026-02-06,GME
GME260206P00023500,23.5,1.0,0.96,1.05,184.0,464.0,0.477544287109375,True,PUT,2026-02-06,GME
GME260206P00024000,24.0,1.4,1.33,1.49,88.0,2051.0,0.5488326367187502,True,PUT,2026-02-06,GME
GME260206P00024500,24.5,2.0,1.41,2.0,1.0,162.0,0.6621127539062501,True,PUT,2026-02-06,GME
GME260206P00025000,25.0,2.22,1.98,2.35,29.0,355.0,0.6171913281250001,True,PUT,2026-02-06,GME
GME260206P00025500,25.5,2.68,2.5,2.85,5.0,293.0,0.6992217578125001,True,PUT,2026-02-06,GME
GME260206P00026000,26.0,2.65,2.55,3.5,22.0,73.0,0.93164130859375,True,PUT,2026-02-06,GME
GME260206P00026500,26.5,4.23,3.0,3.95,2.0,2.0,0.96289099609375,True,PUT,2026-02-06,GME
GME260206P00027000,27.0,4.1,3.9,4.55,5.0,8.0,0.7421900781249999,True,PUT,2026-02-06,GME
GME260206P00027500,27.5,4.22,3.95,4.95,1.0,2.0,1.109379453125,True,PUT,2026-02-06,GME
GME260206P00028000,28.0,5.01,4.75,5.35,1.0,24.0,1.0546922265625,True,PUT,2026-02-06,GME
GME260206P00028500,28.5,4.55,4.9,5.95,20.0,23.0,1.2441444042968748,True,PUT,2026-02-06,GME
GME260206P00029000,29.0,5.5,5.35,6.45,2.0,4.0,1.3085972070312497,True,PUT,2026-02-06,GME
GME260213C00017000,17.0,6.68,5.8,6.4,3.0,23.0,1.119145029296875,True,CALL,2026-02-13,GME
GME260213C00018000,18.0,6.1,4.7,5.95,2.0,52.0,1.189457177734375,True,CALL,2026-02-13,GME
GME260213C00019000,19.0,5.17,3.75,4.85,22.0,10.0,0.9804689453125001,True,CALL,2026-02-13,GME
GME260213C00020000,20.0,3.15,2.8,3.3,13.0,132.0,0.57812921875,True,CALL,2026-02-13,GME
GME260213C00021000,21.0,2.3,2.11,2.37,179.0,456.0,0.5712933496093751,True,CALL,2026-02-13,GME
GME260213C00022000,22.0,1.47,1.31,1.5,36.0,1681.0,0.5351608984375,True,CALL,2026-02-13,GME
GME260213C00023000,23.0,0.87,0.82,0.89,1029.0,1974.0,0.49707534179687507,False,CALL,2026-02-13,GME
GME260213C00024000,24.0,0.52,0.51,0.55,452.0,2472.0,0.507817421875,False,CALL,2026-02-13,GME
GME260213C00025000,25.0,0.35,0.32,0.35,1652.0,4891.0,0.5410202148437502,False,CALL,2026-02-13,GME
GME260213C00026000,26.0,0.26,0.25,0.28,563.0,2155.0,0.6152382226562501,False,CALL,2026-02-13,GME
GME260213C00027000,27.0,0.22,0.2,0.26,262.0,969.0,0.6953155468750001,False,CALL,2026-02-13,GME
GME260213C00028000,28.0,0.19,0.17,0.22,61.0,1154.0,0.7597680273437502,False,CALL,2026-02-13,GME
GME260213C00029000,29.0,0.19,0.17,0.21,21.0,420.0,0.8457046679687499,False,CALL,2026-02-13,GME
GME260213P00017000,17.0,0.06,0.0,0.75,21.0,42.0,1.3027378613281246,False,PUT,2026-02-13,GME
GME260213P00018000,18.0,0.07,0.0,0.14,10.0,78.0,0.7148466015625,False,PUT,2026-02-13,GME
GME260213P00019000,19.0,0.04,0.04,0.06,38.0,511.0,0.5390671093750001,False,PUT,2026-02-13,GME
GME260213P00020000,20.0,0.12,0.09,0.15,7.0,596.0,0.51758294921875,False,PUT,2026-02-13,GME
GME260213P00021000,21.0,0.22,0.21,0.25,28.0,804.0,0.48633326171875,False,PUT,2026-02-13,GME
GME260213P00022000,22.0,0.48,0.37,0.49,354.0,513.0,0.4580132324218751,False,PUT,2026-02-13,GME
GME260213P00023000,23.0,0.85,0.82,0.98,228.0,852.0,0.47852083984375,True,PUT,2026-02-13,GME
GME260213P00024000,24.0,1.43,1.46,1.63,63.0,258.0,0.4931691308593751,True,PUT,2026-02-13,GME
GME260213P00025000,25.0,2.55,2.15,2.54,2.0,180.0,0.594730615234375,True,PUT,2026-02-13,GME
GME260213P00026000,26.0,3.09,3.0,3.65,1.0,18.0,0.56055126953125,True,PUT,2026-02-13,GME
GME260213P00027000,27.0,3.87,3.95,4.65,1.0,36.0,0.6425816992187501,True,PUT,2026-02-13,GME
GME260213P00028000,28.0,5.05,4.9,5.5,1.0,6.0,0.6054726953125001,True,PUT,2026-02-13,GME
GME260213P00029000,29.0,6.13,5.45,6.5,2.0,5.0,1.0253954980468751,True,PUT,2026-02-13,GME
GME260220C00017000,17.0,5.4,5.75,6.8,46.0,92.0,1.109379453125,True,CALL,2026-02-20,GME
GME260220C00018000,18.0,5.32,4.65,5.8,19.0,393.0,0.9101571484375,True,CALL,2026-02-20,GME
GME260220C00019000,19.0,4.7,3.75,4.4,29.0,78.0,0.6347692773437501,True,CALL,2026-02-20,GME
GME260220C00019500,19.5,4.75,3.35,4.4,2.0,3.0,0.79101771484375,True,CALL,2026-02-20,GME
GME260220C00020000,20.0,3.25,3.05,3.4,82.0,2269.0,0.6152382226562501,True,CALL,2026-02-20,GME
GME260220C00020500,20.5,3.06,2.47,3.05,5.0,26.0,0.5644574804687501,True,CALL,2026-02-20,GME
GME260220C00021000,21.0,2.33,2.17,2.35,111.0,12513.0,0.5390671093750001,True,CALL,2026-02-20,GME
GME260220C00021500,21.5,1.81,1.77,2.13,132.0,1818.0,0.5097705273437501,True,CALL,2026-02-20,GME
GME260220C00022000,22.0,1.65,1.48,1.64,202.0,5111.0,0.5117236328125,True,CALL,2026-02-20,GME
GME260220C00022500,22.5,1.25,1.15,1.33,67.0,1434.0,0.499028447265625,True,CALL,2026-02-20,GME
GME260220C00023000,23.0,1.02,1.01,1.04,1004.0,8707.0,0.47949739257812496,False,CALL,2026-02-20,GME
GME260220C00023500,23.5,0.83,0.79,0.86,281.0,913.0,0.4931691308593751,False,CALL,2026-02-20,GME
GME260220C00024000,24.0,0.66,0.64,0.69,2558.0,9161.0,0.49805189453125004,False,CALL,2026-02-20,GME
GME260220C00024500,24.5,0.55,0.52,0.58,145.0,1582.0,0.5019581054687501,False,CALL,2026-02-20,GME
GME260220C00025000,25.0,0.45,0.45,0.47,2819.0,20459.0,0.5195360546875,False,CALL,2026-02-20,GME
GME260220C00025500,25.5,0.43,0.38,0.46,55.0,854.0,0.5556685058593751,False,CALL,2026-02-20,GME
GME260220C00026000,26.0,0.34,0.33,0.36,733.0,4378.0,0.5644574804687501,False,CALL,2026-02-20,GME
GME260220C00027000,27.0,0.28,0.26,0.29,207.0,2752.0,0.6132851171875001,False,CALL,2026-02-20,GME
GME260220C00028000,28.0,0.23,0.22,0.25,675.0,2687.0,0.6679720703125002,False,CALL,2026-02-20,GME
GME260220C00029000,29.0,0.21,0.2,0.24,78.0,1207.0,0.7324245507812499,False,CALL,2026-02-20,GME
GME260220P00017000,17.0,0.03,0.02,0.1,6.0,741.0,0.6875031250000001,False,PUT,2026-02-20,GME
GME260220P00018000,18.0,0.09,0.04,0.1,1.0,1354.0,0.59570716796875,False,PUT,2026-02-20,GME
GME260220P00018500,18.5,0.06,0.0,0.19,7.0,8.0,0.57812921875,False,PUT,2026-02-20,GME
GME260220P00019000,19.0,0.1,0.08,0.12,19.0,1032.0,0.5273484765625001,False,PUT,2026-02-20,GME
GME260220P00019500,19.5,0.11,0.11,0.16,1.0,80.0,0.507817421875,False,PUT,2026-02-20,GME
GME260220P00020000,20.0,0.17,0.16,0.18,371.0,4925.0,0.48730981445312505,False,PUT,2026-02-20,GME
GME260220P00020500,20.5,0.22,0.17,0.27,2.0,212.0,0.48828636718750007,False,PUT,2026-02-20,GME
GME260220P00021000,21.0,0.31,0.29,0.33,281.0,3080.0,0.45606012695312503,False,PUT,2026-02-20,GME
GME260220P00021500,21.5,0.4,0.39,0.45,127.0,859.0,0.445318046875,False,PUT,2026-02-20,GME
GME260220P00022000,22.0,0.54,0.52,0.63,416.0,4693.0,0.44922425781249997,False,PUT,2026-02-20,GME
GME260220P00022500,22.5,0.75,0.67,0.83,99.0,431.0,0.44336494140625,False,PUT,2026-02-20,GME
GME260220P00023000,23.0,1.03,0.97,1.08,243.0,2347.0,0.442388388671875,True,PUT,2026-02-20,GME
GME260220P00023500,23.5,1.31,1.25,1.39,30.0,169.0,0.45117736328125,True,PUT,2026-02-20,GME
GME260220P00024000,24.0,1.64,1.53,1.75,151.0,695.0,0.467778759765625,True,PUT,2026-02-20,GME
GME260220P00024500,24.5,2.09,1.91,2.17,3.0,539.0,0.500005,True,PUT,2026-02-20,GME
GME260220P00025000,25.0,2.54,2.25,2.55,21.0,847.0,0.5009815527343751,True,PUT,2026-02-20,GME
GME260220P00025500,25.5,2.55,2.43,3.2,2.0,29.0,0.639652041015625,True,PUT,2026-02-20,GME
GME260220P00026000,26.0,2.78,2.83,3.65,1.0,103.0,0.6689486230468751,True,PUT,2026-02-20,GME
GME260220P00027000,27.0,4.15,4.2,4.4,1.0,612.0,0.5351608984375,True,PUT,2026-02-20,GME
GME260220P00028000,28.0,5.1,4.95,5.55,1.0,147.0,0.5664105859375,True,PUT,2026-02-20,GME
GME260220P00029000,29.0,6.04,5.45,6.6,1.0,25.0,0.9248054394531251,True,PUT,2026-02-20,GME
GME260227C00016500,16.5,8.0,6.25,7.65,1.0,43.0,1.1767619287109374,True,CALL,2026-02-27,GME
GME260227C00017000,17.0,5.07,5.75,7.15,3.0,5.0,1.1005904345703126,True,CALL,2026-02-27,GME
GME260227C00017500,17.5,6.83,5.3,6.35,4.0,19.0,0.938477177734375,True,CALL,2026-02-27,GME
GME260227C00018000,18.0,5.93,4.8,5.9,3.0,76.0,0.885743330078125,True,CALL,2026-02-27,GME
GME260227C00019500,19.5,4.55,3.45,4.1,1.0,2.0,0.6337927246093751,True,CALL,2026-02-27,GME
GME260227C00020000,20.0,3.25,3.0,3.6,33.0,42.0,0.5820354296875,True,CALL,2026-02-27,GME
GME260227C00020500,20.5,2.7,2.61,3.4,1.0,6.0,0.6201209863281252,True,CALL,2026-02-27,GME
GME260227C00021000,21.0,2.47,2.15,2.65,3.0,306.0,0.6123085644531252,True,CALL,2026-02-27,GME
GME260227C00021500,21.5,2.01,1.82,2.25,8.0,476.0,0.57617611328125,True,CALL,2026-02-27,GME
GME260227C00022000,22.0,1.8,1.52,2.03,12.0,673.0,0.5034229345703125,True,CALL,2026-02-27,GME
GME260227C00022500,22.5,1.5,1.33,1.69,152.0,164.0,0.506840869140625,True,CALL,2026-02-27,GME
GME260227C00023000,23.0,1.17,1.11,1.22,95.0,660.0,0.4887746435546876,False,CALL,2026-02-27,GME
GME260227C00023500,23.5,1.0,0.91,1.03,80.0,267.0,0.49805189453125004,False,CALL,2026-02-27,GME
GME260227C00024000,24.0,0.82,0.8,0.9,869.0,3364.0,0.5195360546875,False,CALL,2026-02-27,GME
GME260227C00024500,24.5,0.68,0.56,0.77,38.0,166.0,0.5317429638671876,False,CALL,2026-02-27,GME
GME260227C00025000,25.0,0.58,0.53,0.63,344.0,2310.0,0.508793974609375,False,CALL,2026-02-27,GME
GME260227C00025500,25.5,0.54,0.45,0.54,3.0,314.0,0.5224657128906249,False,CALL,2026-02-27,GME
GME260227C00026000,26.0,0.45,0.42,0.52,95.0,715.0,0.559574716796875,False,CALL,2026-02-27,GME
GME260227C00026500,26.5,0.43,0.35,0.45,9.0,47.0,0.56836369140625,False,CALL,2026-02-27,GME
GME260227C00027000,27.0,0.4,0.35,0.38,24.0,549.0,0.5908244042968751,False,CALL,2026-02-27,GME
GME260227C00028000,28.0,0.32,0.3,0.45,78.0,579.0,0.6757844921875001,False,CALL,2026-02-27,GME
GME260227C00029000,29.0,0.29,0.27,0.29,2.0,297.0,0.6865265722656251,False,CALL,2026-02-27,GME
GME260227P00017000,17.0,0.08,0.0,2.17,100.0,204.0,1.423831005859375,False,PUT,2026-02-27,GME
GME260227P00017500,17.5,0.11,0.0,0.93,2.0,2.0,0.9492192578124999,False,PUT,2026-02-27,GME
GME260227P00018000,18.0,0.13,0.02,0.11,101.0,255.0,0.5136767382812499,False,PUT,2026-02-27,GME
GME260227P00018500,18.5,0.21,0.0,1.71,,9.0,1.0410204199218753,False,PUT,2026-02-27,GME
GME260227P00019000,19.0,0.13,0.12,0.16,4.0,119.0,0.5019581054687501,False,PUT,2026-02-27,GME
GME260227P00019500,19.5,0.25,0.14,0.25,4.0,20.0,0.5351608984375,False,PUT,2026-02-27,GME
GME260227P00020000,20.0,0.22,0.21,0.28,151.0,908.0,0.495122236328125,False,PUT,2026-02-27,GME
GME260227P00020500,20.5,0.31,0.25,0.34,47.0,394.0,0.4687553125,False,PUT,2026-02-27,GME
GME260227P00021000,21.0,0.5,0.29,0.44,10.0,295.0,0.45508357421875,False,PUT,2026-02-27,GME
GME260227P00021500,21.5,0.56,0.46,0.57,11.0,1273.0,0.44434149414062496,False,PUT,2026-02-27,GME
GME260227P00022000,22.0,0.66,0.62,0.75,53.0,269.0,0.442388388671875,False,PUT,2026-02-27,GME
GME260227P00022500,22.5,0.86,0.28,0.97,6.0,98.0,0.442388388671875,False,PUT,2026-02-27,GME
GME260227P00023000,23.0,1.2,1.05,1.26,83.0,391.0,0.45606012695312503,True,PUT,2026-02-27,GME
GME260227P00023500,23.5,1.32,1.28,1.68,48.0,45.0,0.507817421875,True,PUT,2026-02-27,GME
GME260227P00024000,24.0,1.73,1.6,2.03,15.0,285.0,0.5214891601562499,True,PUT,2026-02-27,GME
GME260227P00025000,25.0,2.35,2.18,2.7,2.0,29.0,0.506840869140625,True,PUT,2026-02-27,GME
GME260227P00026000,26.0,3.3,3.25,3.65,1.0,22.0,0.585941640625,True,PUT,2026-02-27,GME
GME260227P00027000,27.0,4.22,4.05,4.5,11.0,2.0,0.596683720703125,True,PUT,2026-02-27,GME
GME260227P00028000,28.0,6.69,4.65,5.65,,1.0,0.7607445800781252,True,PUT,2026-02-27,GME
GME260227P00029000,29.0,7.99,5.55,6.55,,2.0,0.780275634765625,True,PUT,2026-02-27,GME
GME260306C00019000,19.0,4.11,3.2,5.05,,5.0,0.5361374511718751,True,CALL,2026-03-06,GME
GME260306C00020000,20.0,4.55,3.05,4.2,2.0,1.0,0.6787141503906251,True,CALL,2026-03-06,GME
GME260306C00020500,20.5,4.4,2.48,3.8,1.0,7.0,0.6162147753906251,True,CALL,2026-03-06,GME
GME260306C00021000,21.0,2.74,2.44,2.88,1.0,83.0,0.5556685058593751,True,CALL,2026-03-06,GME
GME260306C00022000,22.0,1.93,1.79,2.02,44.0,39.0,0.5004932763671875,True,CALL,2026-03-06,GME
GME260306C00022500,22.5,1.65,1.37,1.86,3.0,31.0,0.579105771484375,True,CALL,2026-03-06,GME
GME260306C00023000,23.0,1.45,1.3,1.58,76.0,536.0,0.51562984375,False,CALL,2026-03-06,GME
GME260306C00023500,23.5,1.23,1.02,1.49,24.0,332.0,0.5258836474609375,False,CALL,2026-03-06,GME
GME260306C00024000,24.0,1.02,0.96,1.13,852.0,563.0,0.5185595019531251,False,CALL,2026-03-06,GME
GME260306C00024500,24.5,0.92,0.75,1.11,625.0,898.0,0.5371140039062501,False,CALL,2026-03-06,GME
GME260306C00025000,25.0,0.76,0.7,0.79,535.0,777.0,0.5224657128906249,False,CALL,2026-03-06,GME
GME260306C00025500,25.5,0.68,0.6,0.72,12.0,103.0,0.5385788330078126,False,CALL,2026-03-06,GME
GME260306C00026000,26.0,0.58,0.52,0.61,74.0,428.0,0.5449264257812501,False,CALL,2026-03-06,GME
GME260306C00026500,26.5,0.59,0.45,0.72,1.0,171.0,0.59570716796875,False,CALL,2026-03-06,GME
GME260306C00027000,27.0,0.44,0.39,0.5,110.0,265.0,0.5722699023437501,False,CALL,2026-03-06,GME
GME260306C00028000,28.0,0.42,0.35,0.47,114.0,154.0,0.6269568554687501,False,CALL,2026-03-06,GME
GME260306P00019000,19.0,0.2,0.14,0.22,65.0,90.0,0.51562984375,False,PUT,2026-03-06,GME
GME260306P00020000,20.0,0.32,0.29,0.4,164.0,259.0,0.5117236328125,False,PUT,2026-03-06,GME
GME260306P00020500,20.5,0.52,0.2,0.52,12.0,14.0,0.508793974609375,False,PUT,2026-03-06,GME
GME260306P00021000,21.0,0.52,0.47,0.61,10.0,50.0,0.48340360351562506,False,PUT,2026-03-06,GME
GME260306P00021500,21.5,0.71,0.61,0.78,3.0,57.0,0.48242705078125003,False,PUT,2026-03-06,GME
GME260306P00022000,22.0,0.9,0.77,0.9,32.0,62.0,0.45313046875,False,PUT,2026-03-06,GME
GME260306P00022500,22.5,1.27,0.83,1.24,15.0,194.0,0.4931691308593751,False,PUT,2026-03-06,GME
GME260306P00023000,23.0,1.38,1.17,1.55,13.0,506.0,0.5107470800781251,True,PUT,2026-03-06,GME
GME260306P00023500,23.5,1.42,1.11,2.05,3.0,6.0,0.584965087890625,True,PUT,2026-03-06,GME
GME260306P00024000,24.0,1.92,1.74,2.18,29.0,32.0,0.5224657128906249,True,PUT,2026-03-06,GME
GME260320C00017000,17.0,6.45,6.1,6.5,27.0,8.0,0.7597680273437502,True,CALL,2026-03-20,GME
GME260320C00018000,18.0,5.83,4.95,6.6,1.0,71.0,0.8789074609374999,True,CALL,2026-03-20,GME
GME260320C00019000,19.0,4.55,4.25,4.6,6.0,282.0,0.6074258007812501,True,CALL,2026-03-20,GME
GME260320C00020000,20.0,3.55,3.45,3.8,62.0,456.0,0.57812921875,True,CALL,2026-03-20,GME
GME260320C00021000,21.0,2.9,2.66,3.05,85.0,427.0,0.5395553857421876,True,CALL,2026-03-20,GME
GME260320C00022000,22.0,2.22,2.06,2.37,223.0,717.0,0.5214891601562499,True,CALL,2026-03-20,GME
GME260320C00023000,23.0,1.6,1.58,1.68,520.0,2622.0,0.5097705273437501,False,CALL,2026-03-20,GME
GME260320C00024000,24.0,1.26,1.22,1.29,1864.0,6873.0,0.5043994873046875,False,CALL,2026-03-20,GME
GME260320C00025000,25.0,0.96,0.98,1.04,2984.0,11008.0,0.5293015820312501,False,CALL,2026-03-20,GME
GME260320C00026000,26.0,0.83,0.78,0.87,1258.0,2709.0,0.5542036767578126,False,CALL,2026-03-20,GME
GME260320C00027000,27.0,0.74,0.66,0.78,397.0,1110.0,0.5918009570312501,False,CALL,2026-03-20,GME
GME260320C00028000,28.0,0.62,0.6,0.64,338.0,2347.0,0.6210975390625001,False,CALL,2026-03-20,GME
GME260320C00029000,29.0,0.58,0.52,0.59,1425.0,2461.0,0.6552768847656252,False,CALL,2026-03-20,GME
GME260320P00017000,17.0,0.19,0.0,0.28,6.0,54.0,0.5546919531250001,False,PUT,2026-03-20,GME
GME260320P00018000,18.0,0.19,0.12,0.3,32.0,206.0,0.523442265625,False,PUT,2026-03-20,GME
GME260320P00019000,19.0,0.33,0.3,0.4,27.0,191.0,0.5117236328125,False,PUT,2026-03-20,GME
GME260320P00020000,20.0,0.5,0.46,0.53,18.0,889.0,0.49121602539062503,False,PUT,2026-03-20,GME
GME260320P00021000,21.0,0.7,0.66,0.8,2.0,1679.0,0.47852083984375,False,PUT,2026-03-20,GME
GME260320P00022000,22.0,1.07,1.02,1.12,24.0,625.0,0.454107021484375,False,PUT,2026-03-20,GME
GME260320P00023000,23.0,1.57,1.37,1.65,32.0,844.0,0.4643608251953125,True,PUT,2026-03-20,GME
GME260320P00024000,24.0,2.19,2.03,2.25,32.0,385.0,0.46582565429687506,True,PUT,2026-03-20,GME
GME260320P00025000,25.0,2.97,2.69,3.05,12.0,496.0,0.5029346582031251,True,PUT,2026-03-20,GME
GME260320P00026000,26.0,3.6,3.45,3.95,12.0,12.0,0.5542036767578126,True,PUT,2026-03-20,GME
GME260320P00027000,27.0,3.59,4.05,4.9,3.0,4.0,0.6118202880859377,True,PUT,2026-03-20,GME
GME260320P00028000,28.0,5.25,4.9,5.8,30.0,31.0,0.6425816992187501,True,PUT,2026-03-20,GME
GME260320P00029000,29.0,6.32,5.8,6.8,2.0,4.0,0.7041045214843751,True,PUT,2026-03-20,GME
GME260417C00017000,17.0,6.62,6.25,6.9,4.0,654.0,0.7304714453125,True,CALL,2026-04-17,GME
GME260417C00018000,18.0,5.79,5.4,6.1,4.0,470.0,0.6977569287109376,True,CALL,2026-04-17,GME
GME260417C00019000,19.0,4.65,4.65,5.05,9.0,270.0,0.6313513427734375,True,CALL,2026-04-17,GME
GME260417C00020000,20.0,4.21,3.9,4.35,365.0,7077.0,0.6113320117187502,True,CALL,2026-04-17,GME
GME260417C00021000,21.0,3.4,3.25,3.65,129.0,4148.0,0.5908244042968751,True,CALL,2026-04-17,GME
GME260417C00022000,22.0,2.82,2.78,2.88,217.0,6080.0,0.5698285205078125,True,CALL,2026-04-17,GME
GME260417C00023000,23.0,2.31,2.21,2.39,513.0,5416.0,0.5561567822265626,False,CALL,2026-04-17,GME
GME260417C00024000,24.0,1.85,1.86,2.02,155.0,6077.0,0.567387138671875,False,CALL,2026-04-17,GME
GME260417C00025000,25.0,1.56,1.55,1.6,2133.0,19829.0,0.5634809277343751,False,CALL,2026-04-17,GME
GME260417C00026000,26.0,1.32,1.3,1.43,117.0,3011.0,0.5844768115234374,False,CALL,2026-04-17,GME
GME260417C00027000,27.0,1.15,1.11,1.21,74.0,1455.0,0.59570716796875,False,CALL,2026-04-17,GME
GME260417C00028000,28.0,1.07,0.98,1.11,301.0,1852.0,0.6225623681640625,False,CALL,2026-04-17,GME
GME260417C00029000,29.0,0.91,0.85,0.95,26.0,800.0,0.6337927246093751,False,CALL,2026-04-17,GME
GME260417P00017000,17.0,0.34,0.25,0.44,2.0,1265.0,0.5712933496093751,False,PUT,2026-04-17,GME
GME260417P00018000,18.0,0.5,0.35,0.56,1.0,6480.0,0.5371140039062501,False,PUT,2026-04-17,GME
GME260417P00019000,19.0,0.65,0.55,0.75,2.0,3335.0,0.523442265625,False,PUT,2026-04-17,GME
GME260417P00020000,20.0,0.89,0.84,0.93,58.0,5030.0,0.5053760400390624,False,PUT,2026-04-17,GME
GME260417P00021000,21.0,1.15,1.13,1.25,11.0,3534.0,0.50586431640625,False,PUT,2026-04-17,GME
GME260417P00022000,22.0,1.63,1.55,1.71,35.0,6301.0,0.5102588037109376,False,PUT,2026-04-17,GME
GME260417P00023000,23.0,2.15,2.09,2.2,16.0,2883.0,0.5029346582031251,True,PUT,2026-04-17,GME
GME260417P00024000,24.0,2.89,2.67,2.8,56.0,1028.0,0.5053760400390624,True,PUT,2026-04-17,GME
GME260417P00025000,25.0,3.44,3.4,3.5,117.0,3363.0,0.5029346582031251,True,PUT,2026-04-17,GME
GME260417P00026000,26.0,4.07,3.95,4.5,2.0,269.0,0.51758294921875,True,PUT,2026-04-17,GME
GME260417P00027000,27.0,4.95,4.75,5.15,8.0,38.0,0.50586431640625,True,PUT,2026-04-17,GME
GME260417P00028000,28.0,4.6,5.3,6.15,3.0,225.0,0.6171913281250001,True,PUT,2026-04-17,GME
GME260417P00029000,29.0,8.3,6.15,7.0,3.0,8.0,0.6269568554687501,True,PUT,2026-04-17,GME
GME260618C00017000,17.0,7.1,6.75,7.35,5.0,55.0,0.6806672558593752,True,CALL,2026-06-18,GME
GME260618C00018000,18.0,6.17,5.9,6.55,8.0,383.0,0.6420934228515626,True,CALL,2026-06-18,GME
GME260618C00019000,19.0,5.47,5.1,5.75,8.0,69.0,0.6044961425781252,True,CALL,2026-06-18,GME
GME260618C00020000,20.0,4.95,4.65,4.95,57.0,10527.0,0.5981485498046876,True,CALL,2026-06-18,GME
GME260618C00021000,21.0,4.15,4.05,4.55,13.0,767.0,0.6064492480468751,True,CALL,2026-06-18,GME
GME260618C00022000,22.0,3.7,3.55,3.85,115.0,2523.0,0.5864299169921875,True,CALL,2026-06-18,GME
GME260618C00023000,23.0,3.25,3.1,3.35,44.0,2234.0,0.5810588769531251,False,CALL,2026-06-18,GME
GME260618C00024000,24.0,2.8,2.72,2.84,54.0,1560.0,0.5730023168945313,False,CALL,2026-06-18,GME
GME260618C00025000,25.0,2.44,2.41,2.49,634.0,8936.0,0.5776409423828125,False,CALL,2026-06-18,GME
GME260618C00026000,26.0,2.63,2.12,2.21,1.0,657.0,0.5830119824218749,False,CALL,2026-06-18,GME
GME260618C00027000,27.0,2.0,1.88,2.02,24.0,776.0,0.5944864770507813,False,CALL,2026-06-18,GME
GME260618C00028000,28.0,1.74,1.66,1.78,62.0,1089.0,0.5976602734375001,False,CALL,2026-06-18,GME
GME260618C00029000,29.0,1.53,1.52,1.59,19.0,1269.0,0.6084023535156251,False,CALL,2026-06-18,GME
GME260618P00017000,17.0,0.67,0.51,0.83,10.0,309.0,0.5376022802734376,False,PUT,2026-06-18,GME
GME260618P00018000,18.0,0.96,0.85,1.07,86.0,599.0,0.5444381494140625,False,PUT,2026-06-18,GME
GME260618P00019000,19.0,1.24,1.0,1.39,1.0,512.0,0.524418818359375,False,PUT,2026-06-18,GME
GME260618P00020000,20.0,1.45,1.43,1.61,33.0,1285.0,0.514653291015625,False,PUT,2026-06-18,GME
GME260618P00021000,21.0,2.01,1.76,2.2,20.0,2809.0,0.5210008837890624,False,PUT,2026-06-18,GME
GME260618P00022000,22.0,2.45,2.34,2.45,1.0,890.0,0.5073291455078125,False,PUT,2026-06-18,GME
GME260618P00023000,23.0,3.0,2.79,2.95,25.0,450.0,0.5097705273437501,True,PUT,2026-06-18,GME
GME260618P00024000,24.0,3.5,3.4,3.6,15.0,285.0,0.5017139672851563,True,PUT,2026-06-18,GME
GME260618P00025000,25.0,4.2,4.05,4.2,16.0,1275.0,0.5112353564453125,True,PUT,2026-06-18,GME
GME260618P00026000,26.0,4.55,4.45,4.95,14.0,54.0,0.5219774365234374,True,PUT,2026-06-18,GME
GME260618P00027000,27.0,5.65,5.4,5.7,30.0,767.0,0.52539537109375,True,PUT,2026-06-18,GME
GME260618P00028000,28.0,7.65,5.9,6.75,1.0,6.0,0.5800823242187501,True,PUT,2026-06-18,GME
GME260618P00029000,29.0,8.08,6.7,7.5,5.0,12.0,0.5732464550781251,True,PUT,2026-06-18,GME
GME260717C00017000,17.0,7.73,6.8,7.95,14.0,1014.0,0.6972686523437501,True,CALL,2026-07-17,GME
GME260717C00018000,18.0,7.28,6.05,7.2,1.0,1229.0,0.6713900048828126,True,CALL,2026-07-17,GME
GME260717C00019000,19.0,7.1,5.4,6.5,1.0,224.0,0.6552768847656252,True,CALL,2026-07-17,GME
GME260717C00020000,20.0,5.1,4.85,5.35,2.0,473.0,0.6003457934570313,True,CALL,2026-07-17,GME
GME260717C00021000,21.0,5.23,4.3,4.7,2.0,146.0,0.5874064697265625,True,CALL,2026-07-17,GME
GME260717C00022000,22.0,3.8,3.85,4.1,14.0,258.0,0.5800823242187501,True,CALL,2026-07-17,GME
GME260717C00023000,23.0,3.5,3.4,3.7,60.0,643.0,0.5820354296875,False,CALL,2026-07-17,GME
GME260717C00024000,24.0,3.13,3.0,3.35,22.0,495.0,0.5854533642578125,False,CALL,2026-07-17,GME
GME260717C00025000,25.0,2.75,2.64,3.05,64.0,1095.0,0.5893595751953126,False,CALL,2026-07-17,GME
GME260717C00026000,26.0,2.45,2.34,2.63,2.0,93.0,0.5827678442382812,False,CALL,2026-07-17,GME
GME260717C00027000,27.0,2.71,2.12,2.63,10.0,587.0,0.6113320117187502,False,CALL,2026-07-17,GME
GME260717C00028000,28.0,2.1,1.84,2.25,2.0,522.0,0.5993692407226563,False,CALL,2026-07-17,GME
GME260717C00029000,29.0,2.06,1.69,2.1,6.0,91.0,0.6130409790039064,False,CALL,2026-07-17,GME
GME260717P00017000,17.0,0.75,0.61,1.0,5.0,14.0,0.526371923828125,False,PUT,2026-07-17,GME
GME260717P00018000,18.0,1.29,0.85,1.41,5.0,32.0,0.5354050366210938,False,PUT,2026-07-17,GME
GME260717P00019000,19.0,1.33,1.12,1.71,3.0,8.0,0.5229539892578124,False,PUT,2026-07-17,GME
GME260717P00020000,20.0,1.56,1.46,2.08,355.0,446.0,0.51562984375,False,PUT,2026-07-17,GME
GME260717P00021000,21.0,1.35,1.84,2.47,3.0,27.0,0.5051319018554687,False,PUT,2026-07-17,GME
GME260717P00022000,22.0,2.72,2.3,2.94,20.0,56.0,0.5532271240234375,False,PUT,2026-07-17,GME
GME260717P00023000,23.0,3.03,2.82,3.4,3.0,64.0,0.5376022802734376,True,PUT,2026-07-17,GME
GME260717P00024000,24.0,5.03,3.35,4.1,8.0,21.0,0.5532271240234375,True,PUT,2026-07-17,GME
GME260717P00025000,25.0,4.25,4.3,4.55,1.0,61.0,0.5019581054687501,True,PUT,2026-07-17,GME
GME260717P00026000,26.0,6.1,4.6,5.5,1.0,9.0,0.5651898950195313,True,PUT,2026-07-17,GME
GME260717P00027000,27.0,6.25,5.3,6.3,,1.0,0.5788616333007812,True,PUT,2026-07-17,GME
GME260717P00028000,28.0,7.0,6.05,7.05,3.0,1.0,0.5795940478515625,True,PUT,2026-07-17,GME
GME260717P00029000,29.0,8.46,6.85,7.8,,4.0,0.5751995605468749,True,PUT,2026-07-17,GME
GME260918C00017000,17.0,8.2,7.25,8.95,1.0,7.0,0.735354208984375,True,CALL,2026-09-18,GME
GME260918C00018000,18.0,8.65,6.55,7.75,10.0,78.0,0.6674837939453127,True,CALL,2026-09-18,GME
GME260918C00020000,20.0,6.12,5.45,6.0,2.0,358.0,0.6110878735351564,True,CALL,2026-09-18,GME
GME260918C00021000,21.0,5.57,4.9,5.65,2.0,41.0,0.6174354663085939,True,CALL,2026-09-18,GME
GME260918C00022000,22.0,5.15,4.45,5.15,1.0,276.0,0.614261669921875,True,CALL,2026-09-18,GME
GME260918C00023000,23.0,4.27,4.05,4.55,1.0,43.0,0.6022988989257814,False,CALL,2026-09-18,GME
GME260918C00024000,24.0,4.15,3.65,4.15,1.0,110.0,0.6001016552734376,False,CALL,2026-09-18,GME
GME260918C00025000,25.0,3.52,3.3,3.7,118.0,1175.0,0.5932657861328126,False,CALL,2026-09-18,GME
GME260918C00026000,26.0,3.27,2.96,3.3,56.0,50.0,0.5864299169921875,False,CALL,2026-09-18,GME
GME260918C00027000,27.0,2.8,2.62,3.05,1.0,925.0,0.5861857788085938,False,CALL,2026-09-18,GME
GME260918C00028000,28.0,3.23,2.41,3.0,1.0,10.0,0.6049844189453126,False,CALL,2026-09-18,GME
GME260918C00029000,29.0,3.13,2.23,2.77,12.0,13.0,0.6103554589843752,False,CALL,2026-09-18,GME
GME260918P00017000,17.0,1.28,0.76,1.74,2.0,5.0,0.5454147021484376,False,PUT,2026-09-18,GME
GME260918P00018000,18.0,1.5,1.24,1.76,10.0,49.0,0.5275926147460939,False,PUT,2026-09-18,GME
GME260918P00020000,20.0,2.26,2.01,2.46,1.0,384.0,0.514653291015625,False,PUT,2026-09-18,GME
GME260918P00021000,21.0,2.58,2.49,2.98,21.0,7.0,0.5180712255859375,False,PUT,2026-09-18,GME
GME260918P00022000,22.0,2.8,2.81,3.5,4.0,221.0,0.5034229345703125,False,PUT,2026-09-18,GME
GME260918P00025000,25.0,4.9,4.75,5.1,1.0,136.0,0.5214891601562499,True,PUT,2026-09-18,GME
GME260918P00026000,26.0,6.35,5.1,5.85,10.0,53.0,0.5310105493164063,True,PUT,2026-09-18,GME
GME260918P00027000,27.0,7.05,5.8,6.7,1.0,34.0,0.5502974658203126,True,PUT,2026-09-18,GME
GME260918P00029000,29.0,8.7,7.25,8.25,,10.0,0.5571333349609376,True,PUT,2026-09-18,GME
GME261016C00018000,18.0,7.25,6.9,7.95,3.0,200.0,0.6765169067382814,True,CALL,2026-10-16,GME
GME261016C00020000,20.0,6.05,5.7,6.05,14.0,2577.0,0.5996133789062501,True,CALL,2026-10-16,GME
GME261016C00023000,23.0,4.45,4.25,4.65,23.0,611.0,0.5891154370117189,False,CALL,2026-10-16,GME
GME261016C00025000,25.0,3.55,3.5,3.9,49.0,2162.0,0.5864299169921875,False,CALL,2026-10-16,GME
GME261016C00027000,27.0,3.2,2.9,3.2,21.0,377.0,0.5817912915039063,False,CALL,2026-10-16,GME
GME261016P00018000,18.0,1.04,1.36,1.93,1.0,463.0,0.5239305419921875,False,PUT,2026-10-16,GME
GME261016P00020000,20.0,2.45,2.07,2.65,1.0,5699.0,0.5048877636718749,False,PUT,2026-10-16,GME
GME261016P00023000,23.0,3.6,3.55,4.05,3.0,137.0,0.5195360546875,True,PUT,2026-10-16,GME
GME261016P00025000,25.0,4.92,4.65,5.5,2.0,127.0,0.5446822875976562,True,PUT,2026-10-16,GME
GME261016P00027000,27.0,7.25,5.95,6.85,3.0,36.0,0.5395553857421876,True,PUT,2026-10-16,GME
GME261218C00018000,18.0,9.2,7.2,8.4,3.0,269.0,0.6628451684570313,True,CALL,2026-12-18,GME
GME261218C00020000,20.0,6.5,6.2,6.7,2.0,151.0,0.6147499462890625,True,CALL,2026-12-18,GME
GME261218C00022000,22.0,5.6,5.2,6.35,7.0,505.0,0.6411168701171875,True,CALL,2026-12-18,GME
GME261218C00025000,25.0,4.2,4.0,4.3,69.0,344.0,0.5789837023925781,False,CALL,2026-12-18,GME
GME261218C00027000,27.0,3.54,3.4,3.65,9.0,384.0,0.5775188732910157,False,CALL,2026-12-18,GME
GME261218P00018000,18.0,2.03,1.71,2.2,342.0,421.0,0.5178270874023438,False,PUT,2026-12-18,GME
GME261218P00020000,20.0,2.61,2.46,2.91,1.0,148.0,0.526371923828125,False,PUT,2026-12-18,GME
GME261218P00022000,22.0,3.5,3.35,4.3,3.0,37.0,0.508793974609375,False,PUT,2026-12-18,GME
GME261218P00025000,25.0,6.2,5.05,6.0,17.0,21.0,0.5471236694335939,True,PUT,2026-12-18,GME
GME270115C00018000,18.0,7.7,7.45,8.25,64.0,1285.0,0.6430699755859376,True,CALL,2027-01-15,GME
GME270115C00020000,20.0,6.46,6.35,6.6,216.0,17412.0,0.5930216479492189,True,CALL,2027-01-15,GME
GME270115C00022000,22.0,9.0,0.0,0.0,6.0,1770.0,1.0000000000000003e-05,True,CALL,2027-01-15,GME
GME270115C00023000,23.0,5.1,5.0,5.4,88.0,2334.0,0.5937540625000001,False,CALL,2027-01-15,GME
GME270115C00025000,25.0,4.36,4.25,4.5,384.0,12557.0,0.5808147387695313,False,CALL,2027-01-15,GME
GME270115C00027000,27.0,3.7,3.65,3.85,22.0,701.0,0.579105771484375,False,CALL,2027-01-15,GME
GME270115P00018000,18.0,2.0,1.81,2.25,35.0,332.0,0.507817421875,False,PUT,2027-01-15,GME
GME270115P00020000,20.0,2.82,2.73,2.92,29.0,8649.0,0.5063525927734375,False,PUT,2027-01-15,GME
GME270115P00022000,22.0,3.41,0.0,0.0,14.0,190.0,0.015634843750000002,False,PUT,2027-01-15,GME
GME270115P00023000,23.0,4.3,4.15,4.45,2.0,168.0,0.4931691308593751,True,PUT,2027-01-15,GME
GME270115P00025000,25.0,5.65,5.0,5.7,1.0,2994.0,0.49133809448242194,True,PUT,2027-01-15,GME
GME270115P00027000,27.0,6.75,6.45,7.2,20.0,101.0,0.5041553491210937,True,PUT,2027-01-15,GME
GME270917C00018000,18.0,10.6,8.25,9.4,4.0,195.0,0.6001016552734376,True,CALL,2027-09-17,GME
GME270917C00020000,20.0,9.6,6.8,8.35,5.0,244.0,0.5638471350097658,True,CALL,2027-09-17,GME
GME270917C00022000,22.0,9.98,0.0,0.0,,1.0,1.0000000000000003e-05,True,CALL,2027-09-17,GME
GME270917C00023000,23.0,6.75,5.8,7.05,68.0,459.0,0.5664105859375,False,CALL,2027-09-17,GME
GME270917C00025000,25.0,6.4,5.6,6.15,57.0,497.0,0.5769085278320312,False,CALL,2027-09-17,GME
GME270917C00027000,27.0,4.8,4.95,5.45,11.0,202.0,0.569340244140625,False,CALL,2027-09-17,GME
GME270917P00018000,18.0,2.97,2.44,4.0,35.0,40.0,0.5207567456054687,False,PUT,2027-09-17,GME
GME270917P00020000,20.0,4.0,3.45,4.3,7.0,23.0,0.524418818359375,False,PUT,2027-09-17,GME
GME270917P00023000,23.0,5.8,3.0,6.0,8.0,58.0,0.5168505346679688,True,PUT,2027-09-17,GME
GME270917P00025000,25.0,6.35,4.0,8.3,2.0,803.0,0.603763728027344,True,PUT,2027-09-17,GME
GME270917P00027000,27.0,7.4,5.5,10.0,2.0,33.0,0.6284216845703126,True,PUT,2027-09-17,GME
GME271217C00018000,18.0,11.04,8.35,11.5,5.0,510.0,0.6716341430664063,True,CALL,2027-12-17,GME
GME271217C00020000,20.0,8.6,8.0,8.95,22.0,544.0,0.6093789062500001,True,CALL,2027-12-17,GME
GME271217C00023000,23.0,7.6,6.25,8.1,5.0,1200.0,0.5918009570312501,False,CALL,2027-12-17,GME
GME271217C00025000,25.0,6.4,6.15,6.65,8.0,900.0,0.5808147387695313,False,CALL,2027-12-17,GME
GME271217C00027000,27.0,5.9,5.45,6.05,11.0,535.0,0.5747112841796875,False,CALL,2027-12-17,GME
GME271217P00018000,18.0,3.35,3.15,3.7,82.0,2495.0,0.50586431640625,False,PUT,2027-12-17,GME
GME271217P00020000,20.0,4.53,3.85,4.65,50.0,1322.0,0.5210008837890624,False,PUT,2027-12-17,GME
GME271217P00023000,23.0,6.24,4.0,8.0,1.0,3.0,0.6533237792968751,True,PUT,2027-12-17,GME
GME271217P00025000,25.0,6.7,6.05,9.45,1.0,393.0,0.5172167419433593,True,PUT,2027-12-17,GME
GME271217P00027000,27.0,9.55,5.5,10.5,20.0,8.0,0.6262244409179689,True,PUT,2027-12-17,GME
GME280121C00018000,18.0,9.9,9.05,10.15,2.0,210.0,0.6225623681640625,True,CALL,2028-01-21,GME
GME280121C00020000,20.0,8.65,8.5,9.35,170.0,10561.0,0.6361120373535156,True,CALL,2028-01-21,GME
GME280121C00022000,22.0,11.55,0.0,0.0,2.0,61.0,1.0000000000000003e-05,True,CALL,2028-01-21,GME
GME280121C00023000,23.0,7.45,6.8,8.15,2.0,352.0,0.602787175292969,False,CALL,2028-01-21,GME
GME280121C00025000,25.0,6.55,6.35,6.7,20.0,23753.0,0.5766643896484375,False,CALL,2028-01-21,GME
GME280121C00027000,27.0,6.1,5.6,6.15,1.0,729.0,0.5705609350585938,False,CALL,2028-01-21,GME
GME280121P00018000,18.0,3.56,3.25,3.75,1.0,2575.0,0.5009815527343751,False,PUT,2028-01-21,GME
GME280121P00020000,20.0,4.38,4.0,4.7,2.0,716.0,0.5127001855468749,False,PUT,2028-01-21,GME
GME280121P00022000,22.0,4.5,0.0,0.0,1.0,6.0,0.007822421875,False,PUT,2028-01-21,GME
GME280121P00023000,23.0,5.73,5.45,6.0,1.0,168.0,0.46960979614257814,True,PUT,2028-01-21,GME
GME280121P00025000,25.0,6.6,6.6,7.3,6.0,134.0,0.4687553125,True,PUT,2028-01-21,GME
GME280121P00027000,27.0,8.1,7.0,9.25,10.0,28.0,0.5118457019042968,True,PUT,2028-01-21,GME
GME280616C00018000,18.0,10.9,9.7,10.8,75.0,223.0,0.6272009936523439,True,CALL,2028-06-16,GME
GME280616C00020000,20.0,10.25,8.9,10.45,42.0,2485.0,0.6441685974121094,True,CALL,2028-06-16,GME
GME280616C00022000,22.0,9.0,7.1,8.9,3.0,97.0,0.5639692041015626,True,CALL,2028-06-16,GME
GME280616C00025000,25.0,7.45,7.0,7.7,3.0,5294.0,0.5874064697265625,False,CALL,2028-06-16,GME
GME280616C00027000,27.0,5.12,6.3,7.1,,85.0,0.5803264624023439,False,CALL,2028-06-16,GME
GME280616P00018000,18.0,3.7,2.67,5.9,15.0,45.0,0.5277146838378908,False,PUT,2028-06-16,GME
GME280616P00020000,20.0,4.95,3.05,5.5,4.0,55.0,0.5339402075195312,False,PUT,2028-06-16,GME
GME280616P00022000,22.0,5.7,3.9,8.0,20.0,37.0,0.634891346435547,False,PUT,2028-06-16,GME
GME280616P00025000,25.0,6.65,5.55,9.75,1.0,11.0,0.6087685607910158,True,PUT,2028-06-16,GME
GME280616P00027000,27.0,9.9,7.05,10.35,,21.0,0.546025047607422,True,PUT,2028-06-16,GME
GME281215C00018000,18.0,11.15,10.3,13.2,5.0,7.0,0.6999541723632813,True,CALL,2028-12-15,GME
GME281215C00020000,20.0,10.4,9.5,10.65,2.0,435.0,0.6174354663085939,True,CALL,2028-12-15,GME
GME281215C00022000,22.0,9.5,9.0,9.95,26.0,322.0,0.6219520227050781,True,CALL,2028-12-15,GME
GME281215C00025000,25.0,7.97,8.0,9.45,5.0,1132.0,0.6306189282226562,False,CALL,2028-12-15,GME
GME281215C00027000,27.0,6.34,6.5,9.0,22.0,188.0,0.5986368261718751,False,CALL,2028-12-15,GME
GME281215P00020000,20.0,5.19,5.15,6.1,71.0,70.0,0.5316208947753907,False,PUT,2028-12-15,GME
GME281215P00022000,22.0,5.85,4.0,8.0,1.0,9.0,0.5773968041992188,False,PUT,2028-12-15,GME
GME281215P00025000,25.0,7.25,5.5,10.5,1.0,23.0,0.6062051098632814,True,PUT,2028-12-15,GME
GME281215P00027000,27.0,8.8,6.5,11.35,20.0,22.0,0.5634809277343751,True,PUT,2028-12-15,GME
GOOG260130C00240000,240.0,96.95,94.6,98.3,3.0,20.0,3.0292993017578125,True,CALL,2026-01-30,GOOG
GOOG260130C00245000,245.0,92.62,89.75,93.3,2.0,3.0,1.6640641796875002,True,CALL,2026-01-30,GOOG
GOOG260130C00250000,250.0,84.28,84.75,88.3,1.0,13.0,1.5625021874999998,True,CALL,2026-01-30,GOOG
GOOG260130C00255000,255.0,79.34,79.85,83.25,5.0,51.0,1.53515857421875,True,CALL,2026-01-30,GOOG
GOOG260130C00260000,260.0,70.2,74.9,78.45,17.0,129.0,1.626954990234375,True,CALL,2026-01-30,GOOG
GOOG260130C00265000,265.0,72.66,70.0,73.65,12.0,5.0,1.654298603515625,True,CALL,2026-01-30,GOOG
GOOG260130C00270000,270.0,63.71,64.45,68.2,3.0,46.0,2.122563287353515,True,CALL,2026-01-30,GOOG
GOOG260130C00275000,275.0,56.55,59.6,63.35,18.0,36.0,0.87500125,True,CALL,2026-01-30,GOOG
GOOG260130C00280000,280.0,51.2,54.85,58.35,1.0,88.0,1.1328168359375002,True,CALL,2026-01-30,GOOG
GOOG260130C00285000,285.0,49.3,49.85,53.5,1.0,54.0,1.1103560107421875,True,CALL,2026-01-30,GOOG
GOOG260130C00290000,290.0,38.6,44.45,48.45,1.0,92.0,1.6303729418945312,True,CALL,2026-01-30,GOOG
GOOG260130C00292500,292.5,36.61,42.8,45.95,52.0,52.0,1.0810592822265626,True,CALL,2026-01-30,GOOG
GOOG260130C00295000,295.0,38.97,40.3,43.9,98.0,245.0,1.12109814453125,True,CALL,2026-01-30,GOOG
GOOG260130C00300000,300.0,35.8,35.7,37.7,30.0,305.0,0.8271501660156249,True,CALL,2026-01-30,GOOG
GOOG260130C00302500,302.5,29.13,32.8,35.7,3.0,3.0,0.804689453125,True,CALL,2026-01-30,GOOG
GOOG260130C00305000,305.0,30.54,30.65,33.25,5.0,432.0,0.8378922460937499,True,CALL,2026-01-30,GOOG
GOOG260130C00307500,307.5,27.9,27.8,30.8,1.0,46.0,0.7236355761718749,True,CALL,2026-01-30,GOOG
GOOG260130C00310000,310.0,26.27,25.65,26.9,41.0,873.0,0.7084990087890625,True,CALL,2026-01-30,GOOG
GOOG260130C00312500,312.5,21.66,22.85,25.55,1.0,30.0,0.5742230078125,True,CALL,2026-01-30,GOOG
GOOG260130C00315000,315.0,18.76,20.55,21.9,57.0,3636.0,0.5971719970703125,True,CALL,2026-01-30,GOOG
GOOG260130C00317500,317.5,17.72,18.0,19.95,14.0,351.0,0.6728548339843752,True,CALL,2026-01-30,GOOG
GOOG260130C00320000,320.0,16.34,15.85,16.95,277.0,1319.0,0.49707534179687507,True,CALL,2026-01-30,GOOG
GOOG260130C00322500,322.5,13.0,13.75,14.6,81.0,1008.0,0.4726615234375,True,CALL,2026-01-30,GOOG
GOOG260130C00325000,325.0,11.85,11.4,12.5,900.0,2102.0,0.4809622216796875,True,CALL,2026-01-30,GOOG
GOOG260130C00327500,327.5,9.75,9.05,10.1,1437.0,1038.0,0.4250545776367188,True,CALL,2026-01-30,GOOG
GOOG260130C00330000,330.0,7.5,7.25,7.5,6314.0,4067.0,0.335944140625,True,CALL,2026-01-30,GOOG
GOOG260130C00332500,332.5,5.63,5.5,5.65,5362.0,2590.0,0.3332586206054688,True,CALL,2026-01-30,GOOG
GOOG260130C00335000,335.0,3.85,3.8,3.9,10276.0,3410.0,0.31372756591796874,True,CALL,2026-01-30,GOOG
GOOG260130C00337500,337.5,2.44,2.4,2.45,7370.0,6026.0,0.29505099487304687,False,CALL,2026-01-30,GOOG
GOOG260130C00340000,340.0,1.46,1.5,1.54,17770.0,19999.0,0.2981027221679687,False,CALL,2026-01-30,GOOG
GOOG260130C00342500,342.5,0.85,0.83,0.85,17500.0,2429.0,0.29224340576171864,False,CALL,2026-01-30,GOOG
GOOG260130C00345000,345.0,0.44,0.44,0.46,5258.0,6191.0,0.29395237304687494,False,CALL,2026-01-30,GOOG
GOOG260130C00347500,347.5,0.19,0.23,0.24,1575.0,2121.0,0.2978585839843749,False,CALL,2026-01-30,GOOG
GOOG260130C00350000,350.0,0.09,0.11,0.13,7000.0,4968.0,0.30664755859375,False,CALL,2026-01-30,GOOG
GOOG260130C00352500,352.5,0.05,0.05,0.08,430.0,1225.0,0.32227240234374993,False,CALL,2026-01-30,GOOG
GOOG260130C00355000,355.0,0.03,0.03,0.04,709.0,8536.0,0.32813171874999997,False,CALL,2026-01-30,GOOG
GOOG260130C00357500,357.5,0.03,0.02,0.03,101.0,1486.0,0.35156898437499995,False,CALL,2026-01-30,GOOG
GOOG260130C00360000,360.0,0.01,0.01,0.02,507.0,3300.0,0.367193828125,False,CALL,2026-01-30,GOOG
GOOG260130C00362500,362.5,0.01,0.0,0.02,1.0,402.0,0.398443515625,False,CALL,2026-01-30,GOOG
GOOG260130C00365000,365.0,0.05,0.0,0.05,522.0,2727.0,0.48438015625,False,CALL,2026-01-30,GOOG
GOOG260130C00367500,367.5,0.01,0.0,0.15,7.0,455.0,0.5488326367187502,False,CALL,2026-01-30,GOOG
GOOG260130C00370000,370.0,0.02,0.0,0.05,4.0,1243.0,0.507817421875,False,CALL,2026-01-30,GOOG
GOOG260130C00375000,375.0,0.03,0.0,0.01,1.0,575.0,0.523442265625,False,CALL,2026-01-30,GOOG
GOOG260130C00380000,380.0,0.05,0.0,0.05,5.0,260.0,0.632816171875,False,CALL,2026-01-30,GOOG
GOOG260130C00385000,385.0,0.03,0.0,0.25,18.0,161.0,0.8457046679687499,False,CALL,2026-01-30,GOOG
GOOG260130C00390000,390.0,0.01,0.0,0.01,7.0,69.0,0.6562534375000001,False,CALL,2026-01-30,GOOG
GOOG260130C00395000,395.0,0.01,0.0,0.18,1.0,52.0,0.937500625,False,CALL,2026-01-30,GOOG
GOOG260130C00400000,400.0,0.01,0.0,0.01,10.0,333.0,0.7500025,False,CALL,2026-01-30,GOOG
GOOG260130C00405000,405.0,0.01,0.0,0.17,2.0,2.0,1.0546922265625,False,CALL,2026-01-30,GOOG
GOOG260130C00410000,410.0,0.06,0.0,0.05,1.0,32.0,0.9765627343750001,False,CALL,2026-01-30,GOOG
GOOG260130C00415000,415.0,0.04,0.0,0.16,,5.0,1.1660197949218751,False,CALL,2026-01-30,GOOG
GOOG260130C00420000,420.0,0.02,0.0,0.75,3.0,1.0,1.51172119140625,False,CALL,2026-01-30,GOOG
GOOG260130C00425000,425.0,0.07,0.0,0.15,,1.0,1.2695349023437497,False,CALL,2026-01-30,GOOG
GOOG260130P00240000,240.0,0.01,0.0,0.01,1.0,96.0,1.40625296875,False,PUT,2026-01-30,GOOG
GOOG260130P00245000,245.0,0.12,0.0,0.74,1.0,5.0,2.128910927734375,False,PUT,2026-01-30,GOOG
GOOG260130P00250000,250.0,0.02,0.0,0.03,17.0,155.0,1.3750031249999999,False,PUT,2026-01-30,GOOG
GOOG260130P00255000,255.0,0.06,0.0,0.75,4.0,292.0,1.8984380078125,False,PUT,2026-01-30,GOOG
GOOG260130P00260000,260.0,0.01,0.0,0.16,15.0,275.0,1.4375028125,False,PUT,2026-01-30,GOOG
GOOG260130P00265000,265.0,0.19,0.0,0.05,5.0,140.0,1.1796916015624999,False,PUT,2026-01-30,GOOG
GOOG260130P00270000,270.0,0.01,0.0,0.81,3.0,2617.0,1.5781271093749998,False,PUT,2026-01-30,GOOG
GOOG260130P00275000,275.0,0.03,0.0,0.31,3.0,373.0,1.26172244140625,False,PUT,2026-01-30,GOOG
GOOG260130P00280000,280.0,0.01,0.0,0.01,20.0,865.0,0.8125018749999999,False,PUT,2026-01-30,GOOG
GOOG260130P00285000,285.0,0.01,0.0,0.02,117.0,444.0,0.7812521875,False,PUT,2026-01-30,GOOG
GOOG260130P00290000,290.0,0.01,0.0,0.02,152.0,712.0,0.70312796875,False,PUT,2026-01-30,GOOG
GOOG260130P00292500,292.5,0.02,0.0,0.05,5.0,148.0,0.726565234375,False,PUT,2026-01-30,GOOG
GOOG260130P00295000,295.0,0.02,0.0,0.02,74.0,1833.0,0.6250037500000001,False,PUT,2026-01-30,GOOG
GOOG260130P00297500,297.5,0.01,0.0,0.12,20.0,104.0,0.7187528125,False,PUT,2026-01-30,GOOG
GOOG260130P00300000,300.0,0.01,0.01,0.03,102.0,2408.0,0.5937540625000001,False,PUT,2026-01-30,GOOG
GOOG260130P00302500,302.5,0.02,0.0,0.11,19.0,259.0,0.6269568554687501,False,PUT,2026-01-30,GOOG
GOOG260130P00305000,305.0,0.02,0.01,0.2,80.0,1155.0,0.63867548828125,False,PUT,2026-01-30,GOOG
GOOG260130P00307500,307.5,0.01,0.01,0.02,200.0,668.0,0.476567734375,False,PUT,2026-01-30,GOOG
GOOG260130P00310000,310.0,0.01,0.01,0.02,295.0,6027.0,0.437505625,False,PUT,2026-01-30,GOOG
GOOG260130P00312500,312.5,0.03,0.02,0.03,118.0,982.0,0.42188078125,False,PUT,2026-01-30,GOOG
GOOG260130P00315000,315.0,0.03,0.03,0.04,6091.0,2830.0,0.39453730468750003,False,PUT,2026-01-30,GOOG
GOOG260130P00317500,317.5,0.05,0.05,0.06,1027.0,1741.0,0.37500625,False,PUT,2026-01-30,GOOG
GOOG260130P00320000,320.0,0.07,0.07,0.08,13264.0,13096.0,0.34570966796874997,False,PUT,2026-01-30,GOOG
GOOG260130P00322500,322.5,0.12,0.11,0.13,3429.0,8043.0,0.32813171874999997,False,PUT,2026-01-30,GOOG
GOOG260130P00325000,325.0,0.2,0.19,0.21,5382.0,10276.0,0.30762411132812495,False,PUT,2026-01-30,GOOG
GOOG260130P00327500,327.5,0.34,0.33,0.35,5912.0,3075.0,0.2890696093749999,False,PUT,2026-01-30,GOOG
GOOG260130P00330000,330.0,0.62,0.59,0.62,4813.0,4037.0,0.27539787109374997,False,PUT,2026-01-30,GOOG
GOOG260130P00332500,332.5,1.11,1.06,1.1,5063.0,1326.0,0.26538820556640624,False,PUT,2026-01-30,GOOG
GOOG260130P00335000,335.0,1.88,1.79,1.85,2534.0,1504.0,0.25391371093750004,False,PUT,2026-01-30,GOOG
GOOG260130P00337500,337.5,3.1,2.93,3.0,1210.0,1768.0,0.24634542724609376,True,PUT,2026-01-30,GOOG
GOOG260130P00340000,340.0,4.5,4.5,4.6,819.0,687.0,0.24414818359375,True,PUT,2026-01-30,GOOG
GOOG260130P00342500,342.5,14.2,6.2,6.35,159.0,304.0,0.20752745605468748,True,PUT,2026-01-30,GOOG
GOOG260130P00345000,345.0,9.95,7.9,9.35,27.0,328.0,0.3557193334960937,True,PUT,2026-01-30,GOOG
GOOG260130P00347500,347.5,13.95,10.75,12.5,3.0,3.0,0.5188036401367188,True,PUT,2026-01-30,GOOG
GOOG260130P00350000,350.0,21.45,12.4,14.15,2.0,68.0,0.4414118359375,True,PUT,2026-01-30,GOOG
GOOG260130P00352500,352.5,15.7,15.65,17.4,12.0,13.0,0.6342810009765626,True,PUT,2026-01-30,GOOG
GOOG260130P00355000,355.0,20.6,17.5,20.2,6.0,9.0,0.7443873217773438,True,PUT,2026-01-30,GOOG
GOOG260130P00360000,360.0,30.6,22.05,25.2,234.0,0.0,0.8654798608398437,True,PUT,2026-01-30,GOOG
GOOG260130P00365000,365.0,28.0,27.0,30.25,1.0,1.0,0.5293015820312501,True,PUT,2026-01-30,GOOG
GOOG260130P00370000,370.0,37.85,31.8,35.25,,0.0,1.0991255981445316,True,PUT,2026-01-30,GOOG
GOOG260130P00375000,375.0,46.14,36.8,40.15,2.0,0.0,1.1845743896484375,True,PUT,2026-01-30,GOOG
GOOG260130P00385000,385.0,55.95,47.0,50.35,,0.0,0.8632826171875,True,PUT,2026-01-30,GOOG
GOOG260130P00390000,390.0,56.99,52.0,55.35,3.0,0.0,0.9326178613281251,True,PUT,2026-01-30,GOOG
GOOG260206C00240000,240.0,95.5,95.2,98.6,2.0,54.0,1.0849655126953124,True,CALL,2026-02-06,GOOG
GOOG260206C00245000,245.0,89.78,90.15,93.55,3.0,216.0,1.0078174609375,True,CALL,2026-02-06,GOOG
GOOG260206C00250000,250.0,86.19,84.9,88.7,3.0,30.0,0.930664755859375,True,CALL,2026-02-06,GOOG
GOOG260206C00255000,255.0,83.0,80.2,83.7,9.0,7.0,0.93164130859375,True,CALL,2026-02-06,GOOG
GOOG260206C00260000,260.0,76.47,74.95,78.8,5.0,45.0,0.8510757080078125,True,CALL,2026-02-06,GOOG
GOOG260206C00265000,265.0,65.29,70.15,73.75,3.0,32.0,0.8208025732421874,True,CALL,2026-02-06,GOOG
GOOG260206C00270000,270.0,66.25,65.0,68.05,3.0,70.0,0.5625043750000001,True,CALL,2026-02-06,GOOG
GOOG260206C00275000,275.0,53.65,60.55,62.9,4.0,34.0,0.6401403173828125,True,CALL,2026-02-06,GOOG
GOOG260206C00280000,280.0,49.62,55.45,57.55,1.0,58.0,0.7766135620117188,True,CALL,2026-02-06,GOOG
GOOG260206C00282500,282.5,53.97,52.7,55.65,166.0,14.0,0.5468795312500001,True,CALL,2026-02-06,GOOG
GOOG260206C00285000,285.0,46.1,50.7,53.0,16.0,28.0,0.5800823242187501,True,CALL,2026-02-06,GOOG
GOOG260206C00290000,290.0,47.31,45.7,48.0,4.0,40.0,0.5288133056640626,True,CALL,2026-02-06,GOOG
GOOG260206C00295000,295.0,39.92,41.25,43.15,74.0,28.0,0.5456588403320313,True,CALL,2026-02-06,GOOG
GOOG260206C00300000,300.0,37.03,36.65,38.55,81.0,489.0,0.5444381494140625,True,CALL,2026-02-06,GOOG
GOOG260206C00305000,305.0,27.71,32.1,33.8,6.0,86.0,0.5220995056152342,True,CALL,2026-02-06,GOOG
GOOG260206C00307500,307.5,30.04,30.3,32.15,11.0,18.0,0.5603071313476562,True,CALL,2026-02-06,GOOG
GOOG260206C00310000,310.0,26.5,28.0,29.6,29.0,281.0,0.5319871020507813,True,CALL,2026-02-06,GOOG
GOOG260206C00312500,312.5,26.3,25.7,27.5,9.0,67.0,0.5197801928710937,True,CALL,2026-02-06,GOOG
GOOG260206C00315000,315.0,20.85,24.3,25.55,41.0,1057.0,0.540287800292969,True,CALL,2026-02-06,GOOG
GOOG260206C00317500,317.5,16.8,23.1,23.3,79.0,70.0,0.5501753967285157,True,CALL,2026-02-06,GOOG
GOOG260206C00320000,320.0,20.82,21.25,21.45,345.0,447.0,0.5473678076171876,True,CALL,2026-02-06,GOOG
GOOG260206C00322500,322.5,17.7,19.45,19.6,98.0,106.0,0.5418136639404298,True,CALL,2026-02-06,GOOG
GOOG260206C00325000,325.0,17.73,17.75,17.95,3070.0,1181.0,0.5404098693847659,True,CALL,2026-02-06,GOOG
GOOG260206C00327500,327.5,16.25,16.05,16.25,1289.0,189.0,0.5335740002441407,True,CALL,2026-02-06,GOOG
GOOG260206C00330000,330.0,14.15,14.55,14.75,1057.0,2538.0,0.5327195166015625,True,CALL,2026-02-06,GOOG
GOOG260206C00332500,332.5,13.05,13.1,13.3,851.0,567.0,0.5299729620361329,True,CALL,2026-02-06,GOOG
GOOG260206C00335000,335.0,11.78,11.8,11.95,1415.0,2469.0,0.5290574438476563,True,CALL,2026-02-06,GOOG
GOOG260206C00337500,337.5,10.25,10.55,10.7,351.0,579.0,0.527470545654297,False,CALL,2026-02-06,GOOG
GOOG260206C00340000,340.0,9.32,9.3,9.45,2190.0,2161.0,0.5216112292480468,False,CALL,2026-02-06,GOOG
GOOG260206C00342500,342.5,8.13,8.3,8.4,283.0,429.0,0.522343643798828,False,CALL,2026-02-06,GOOG
GOOG260206C00345000,345.0,7.4,7.3,7.45,1251.0,1353.0,0.5212450219726561,False,CALL,2026-02-06,GOOG
GOOG260206C00347500,347.5,6.35,6.35,6.5,193.0,347.0,0.5172167419433593,False,CALL,2026-02-06,GOOG
GOOG260206C00350000,350.0,5.7,5.6,5.75,1360.0,2382.0,0.5191698474121094,False,CALL,2026-02-06,GOOG
GOOG260206C00352500,352.5,4.52,4.9,5.0,100.0,319.0,0.5185595019531251,False,CALL,2026-02-06,GOOG
GOOG260206C00355000,355.0,4.32,4.25,4.35,518.0,1218.0,0.5179491564941407,False,CALL,2026-02-06,GOOG
GOOG260206C00357500,357.5,3.25,3.65,3.8,98.0,73.0,0.5178270874023438,False,CALL,2026-02-06,GOOG
GOOG260206C00360000,360.0,3.1,3.15,3.3,719.0,1230.0,0.5183153637695312,False,CALL,2026-02-06,GOOG
GOOG260206C00362500,362.5,2.73,2.73,2.82,34.0,271.0,0.5184374328613282,False,CALL,2026-02-06,GOOG
GOOG260206C00365000,365.0,2.43,2.35,2.43,283.0,1048.0,0.5194139855957032,False,CALL,2026-02-06,GOOG
GOOG260206C00367500,367.5,1.88,2.04,2.12,26.0,97.0,0.5227098510742187,False,CALL,2026-02-06,GOOG
GOOG260206C00370000,370.0,1.75,1.76,1.83,196.0,406.0,0.5247850256347657,False,CALL,2026-02-06,GOOG
GOOG260206C00372500,372.5,1.48,1.49,1.56,49.0,79.0,0.5249070947265625,False,CALL,2026-02-06,GOOG
GOOG260206C00375000,375.0,1.24,1.28,1.34,733.0,1298.0,0.5271043383789062,False,CALL,2026-02-06,GOOG
GOOG260206C00377500,377.5,1.07,1.09,1.16,40.0,42.0,0.5295457202148439,False,CALL,2026-02-06,GOOG
GOOG260206C00380000,380.0,0.88,0.92,0.99,188.0,583.0,0.5305222729492188,False,CALL,2026-02-06,GOOG
GOOG260206C00382500,382.5,0.47,0.81,0.86,14.0,49.0,0.5356491748046875,False,CALL,2026-02-06,GOOG
GOOG260206C00385000,385.0,0.6,0.68,0.73,113.0,441.0,0.5363815893554689,False,CALL,2026-02-06,GOOG
GOOG260206C00387500,387.5,0.6,0.59,0.63,60.0,102.0,0.540287800292969,False,CALL,2026-02-06,GOOG
GOOG260206C00390000,390.0,0.53,0.51,0.56,13.0,269.0,0.5454147021484376,False,CALL,2026-02-06,GOOG
GOOG260206C00392500,392.5,0.36,0.43,0.49,2.0,5.0,0.5483443603515626,False,CALL,2026-02-06,GOOG
GOOG260206C00395000,395.0,0.23,0.36,0.41,20.0,216.0,0.5493209130859377,False,CALL,2026-02-06,GOOG
GOOG260206C00400000,400.0,0.29,0.25,0.31,123.0,467.0,0.5542036767578126,False,CALL,2026-02-06,GOOG
GOOG260206C00405000,405.0,0.14,0.18,0.23,42.0,88.0,0.559574716796875,False,CALL,2026-02-06,GOOG
GOOG260206C00410000,410.0,0.14,0.13,0.18,3.0,256.0,0.56836369140625,False,CALL,2026-02-06,GOOG
GOOG260206C00415000,415.0,0.08,0.1,0.14,3.0,44.0,0.57812921875,False,CALL,2026-02-06,GOOG
GOOG260206C00420000,420.0,0.1,0.07,0.1,2.0,20.0,0.5810588769531251,False,CALL,2026-02-06,GOOG
GOOG260206C00425000,425.0,0.06,0.04,0.08,2.0,18.0,0.5839885351562499,False,CALL,2026-02-06,GOOG
GOOG260206C00430000,430.0,0.04,0.03,0.07,6.0,36.0,0.5976602734375001,False,CALL,2026-02-06,GOOG
GOOG260206C00435000,435.0,0.19,0.01,0.06,,16.0,0.6015664843750002,False,CALL,2026-02-06,GOOG
GOOG260206P00240000,240.0,0.06,0.01,0.06,7.0,87.0,0.789064609375,False,PUT,2026-02-06,GOOG
GOOG260206P00245000,245.0,0.07,0.02,0.07,1.0,1070.0,0.7656273437500001,False,PUT,2026-02-06,GOOG
GOOG260206P00250000,250.0,0.04,0.03,0.08,23.0,130.0,0.7382838671874999,False,PUT,2026-02-06,GOOG
GOOG260206P00255000,255.0,0.08,0.04,0.09,5.0,530.0,0.7070341796875,False,PUT,2026-02-06,GOOG
GOOG260206P00260000,260.0,0.13,0.06,0.11,23.0,133.0,0.6835969140625001,False,PUT,2026-02-06,GOOG
GOOG260206P00265000,265.0,0.16,0.09,0.14,33.0,200.0,0.6621127539062501,False,PUT,2026-02-06,GOOG
GOOG260206P00267500,267.5,0.19,0.1,0.15,10.0,66.0,0.64648791015625,False,PUT,2026-02-06,GOOG
GOOG260206P00270000,270.0,0.16,0.12,0.16,114.0,455.0,0.632816171875,False,PUT,2026-02-06,GOOG
GOOG260206P00272500,272.5,0.17,0.14,0.19,12.0,23.0,0.62305064453125,False,PUT,2026-02-06,GOOG
GOOG260206P00275000,275.0,0.17,0.16,0.21,52.0,302.0,0.6103554589843752,False,PUT,2026-02-06,GOOG
GOOG260206P00277500,277.5,0.23,0.19,0.24,3.0,19.0,0.5996133789062501,False,PUT,2026-02-06,GOOG
GOOG260206P00280000,280.0,0.24,0.23,0.28,31.0,629.0,0.5908244042968751,False,PUT,2026-02-06,GOOG
GOOG260206P00282500,282.5,0.28,0.27,0.32,16.0,62.0,0.5800823242187501,False,PUT,2026-02-06,GOOG
GOOG260206P00285000,285.0,0.33,0.34,0.36,52.0,452.0,0.5717816259765626,False,PUT,2026-02-06,GOOG
GOOG260206P00287500,287.5,0.47,0.39,0.43,30.0,40.0,0.5620160986328125,False,PUT,2026-02-06,GOOG
GOOG260206P00290000,290.0,0.45,0.46,0.49,268.0,719.0,0.5512740185546876,False,PUT,2026-02-06,GOOG
GOOG260206P00292500,292.5,0.67,0.55,0.61,166.0,87.0,0.5463912548828126,False,PUT,2026-02-06,GOOG
GOOG260206P00295000,295.0,0.72,0.68,0.73,158.0,631.0,0.5415084912109377,False,PUT,2026-02-06,GOOG
GOOG260206P00297500,297.5,0.85,0.82,0.87,125.0,158.0,0.5354050366210938,False,PUT,2026-02-06,GOOG
GOOG260206P00300000,300.0,1.02,0.98,1.0,443.0,2573.0,0.5266160620117188,False,PUT,2026-02-06,GOOG
GOOG260206P00302500,302.5,1.25,1.18,1.24,111.0,146.0,0.5239305419921875,False,PUT,2026-02-06,GOOG
GOOG260206P00305000,305.0,1.43,1.41,1.47,151.0,932.0,0.5180712255859375,False,PUT,2026-02-06,GOOG
GOOG260206P00307500,307.5,1.7,1.72,1.77,71.0,208.0,0.51562984375,False,PUT,2026-02-06,GOOG
GOOG260206P00310000,310.0,2.15,2.04,2.11,596.0,1650.0,0.5112353564453125,False,PUT,2026-02-06,GOOG
GOOG260206P00312500,312.5,2.52,2.46,2.51,67.0,196.0,0.5089160437011719,False,PUT,2026-02-06,GOOG
GOOG260206P00315000,315.0,3.05,2.9,2.98,281.0,1529.0,0.5054981091308592,False,PUT,2026-02-06,GOOG
GOOG260206P00317500,317.5,3.58,3.45,3.55,88.0,438.0,0.5046436254882812,False,PUT,2026-02-06,GOOG
GOOG260206P00320000,320.0,4.2,4.05,4.2,383.0,6581.0,0.503056727294922,False,PUT,2026-02-06,GOOG
GOOG260206P00322500,322.5,4.65,4.8,4.85,104.0,654.0,0.5013477600097658,False,PUT,2026-02-06,GOOG
GOOG260206P00325000,325.0,5.77,5.5,5.65,327.0,1279.0,0.5018360363769532,False,PUT,2026-02-06,GOOG
GOOG260206P00327500,327.5,6.75,6.4,6.55,175.0,201.0,0.5015308636474609,False,PUT,2026-02-06,GOOG
GOOG260206P00330000,330.0,7.42,7.35,7.45,778.0,11100.0,0.49670913452148446,False,PUT,2026-02-06,GOOG
GOOG260206P00332500,332.5,8.55,8.4,8.55,604.0,748.0,0.497197410888672,False,PUT,2026-02-06,GOOG
GOOG260206P00335000,335.0,9.7,9.55,9.7,411.0,785.0,0.4954884436035156,False,PUT,2026-02-06,GOOG
GOOG260206P00337500,337.5,11.0,10.8,10.95,98.0,176.0,0.4940236145019532,True,PUT,2026-02-06,GOOG
GOOG260206P00340000,340.0,12.93,12.05,12.25,456.0,434.0,0.4904836108398438,True,PUT,2026-02-06,GOOG
GOOG260206P00342500,342.5,15.2,13.55,13.75,13.0,196.0,0.4919484399414063,True,PUT,2026-02-06,GOOG
GOOG260206P00345000,345.0,16.56,15.0,15.2,11.0,106.0,0.4865773999023438,True,PUT,2026-02-06,GOOG
GOOG260206P00347500,347.5,18.27,16.6,16.8,10.0,38.0,0.4840139489746094,True,PUT,2026-02-06,GOOG
GOOG260206P00350000,350.0,18.55,18.35,18.6,368.0,98.0,0.48730981445312505,True,PUT,2026-02-06,GOOG
GOOG260206P00352500,352.5,26.85,20.15,20.35,3.0,19.0,0.48376981079101566,True,PUT,2026-02-06,GOOG
GOOG260206P00355000,355.0,23.81,22.0,22.2,46.0,30.0,0.48120635986328125,True,PUT,2026-02-06,GOOG
GOOG260206P00357500,357.5,23.75,23.9,24.1,15.0,45.0,0.4770560107421875,True,PUT,2026-02-06,GOOG
GOOG260206P00360000,360.0,33.38,25.85,26.1,10.0,94.0,0.47461462890625,True,PUT,2026-02-06,GOOG
GOOG260206P00365000,365.0,35.5,30.0,31.9,2.0,10.0,0.5217332983398437,True,PUT,2026-02-06,GOOG
GOOG260206P00370000,370.0,35.5,34.0,36.3,2.0,30.0,0.5091601818847658,True,PUT,2026-02-06,GOOG
GOOG260206P00375000,375.0,45.65,38.55,40.6,44.0,45.0,0.599735447998047,True,PUT,2026-02-06,GOOG
GOOG260206P00380000,380.0,51.76,43.55,45.55,132.0,15.0,0.5390671093750001,True,PUT,2026-02-06,GOOG
GOOG260206P00385000,385.0,58.62,47.65,51.0,136.0,40.0,0.5505416040039064,True,PUT,2026-02-06,GOOG
GOOG260206P00390000,390.0,57.2,52.55,55.35,1.0,1.0,0.5214891601562499,True,PUT,2026-02-06,GOOG
GOOG260206P00395000,395.0,68.48,57.6,60.25,,0.0,0.551762294921875,True,PUT,2026-02-06,GOOG
GOOG260206P00400000,400.0,69.2,62.75,65.65,1.0,0.0,0.6459996337890624,True,PUT,2026-02-06,GOOG
GOOG260206P00420000,420.0,93.37,82.0,85.15,,0.0,0.5429733203125001,True,PUT,2026-02-06,GOOG
GOOG260206P00430000,430.0,103.37,92.0,95.25,,0.0,0.6435582519531251,True,PUT,2026-02-06,GOOG
GOOG260206P00435000,435.0,108.17,97.0,100.35,,0.0,0.7050810742187501,True,PUT,2026-02-06,GOOG
GOOG260213C00240000,240.0,92.38,95.2,98.9,1.0,3.0,0.852540537109375,True,CALL,2026-02-13,GOOG
GOOG260213C00250000,250.0,80.14,85.35,89.0,3.0,20.0,0.79101771484375,True,CALL,2026-02-13,GOOG
GOOG260213C00260000,260.0,74.97,75.35,78.2,2.0,5.0,0.6064492480468751,True,CALL,2026-02-13,GOOG
GOOG260213C00265000,265.0,66.0,70.7,73.3,17.0,48.0,0.624027197265625,True,CALL,2026-02-13,GOOG
GOOG260213C00270000,270.0,68.28,65.55,68.45,1.0,4.0,0.5827678442382812,True,CALL,2026-02-13,GOOG
GOOG260213C00275000,275.0,54.8,60.75,63.45,25.0,17.0,0.5600629931640625,True,CALL,2026-02-13,GOOG
GOOG260213C00280000,280.0,51.45,56.0,58.35,17.0,19.0,0.5302781347656251,True,CALL,2026-02-13,GOOG
GOOG260213C00285000,285.0,52.89,51.05,53.4,5.0,42.0,0.6208534008789064,True,CALL,2026-02-13,GOOG
GOOG260213C00290000,290.0,47.55,47.0,49.15,16.0,50.0,0.5434615966796876,True,CALL,2026-02-13,GOOG
GOOG260213C00295000,295.0,38.73,42.1,44.15,5.0,12.0,0.500005,True,CALL,2026-02-13,GOOG
GOOG260213C00300000,300.0,33.43,37.75,39.15,11.0,30.0,0.5249070947265625,True,CALL,2026-02-13,GOOG
GOOG260213C00305000,305.0,33.0,33.2,34.8,3.0,140.0,0.5106250109863282,True,CALL,2026-02-13,GOOG
GOOG260213C00310000,310.0,31.8,29.05,31.0,1.0,178.0,0.5167284655761719,True,CALL,2026-02-13,GOOG
GOOG260213C00315000,315.0,28.42,26.45,26.65,1.0,431.0,0.4865163653564454,True,CALL,2026-02-13,GOOG
GOOG260213C00320000,320.0,22.0,22.75,22.95,22.0,385.0,0.4777884252929688,True,CALL,2026-02-13,GOOG
GOOG260213C00325000,325.0,19.2,19.4,19.6,166.0,599.0,0.4731497998046875,True,CALL,2026-02-13,GOOG
GOOG260213C00330000,330.0,16.1,16.25,16.4,721.0,687.0,0.46368944519042965,True,CALL,2026-02-13,GOOG
GOOG260213C00335000,335.0,13.08,13.5,13.65,782.0,756.0,0.4600273724365235,True,CALL,2026-02-13,GOOG
GOOG260213C00340000,340.0,10.75,11.0,11.15,343.0,888.0,0.45441219421386714,False,CALL,2026-02-13,GOOG
GOOG260213C00345000,345.0,8.55,8.85,8.95,95.0,774.0,0.4484918432617187,False,CALL,2026-02-13,GOOG
GOOG260213C00350000,350.0,6.8,7.05,7.2,754.0,1333.0,0.4481866705322265,False,CALL,2026-02-13,GOOG
GOOG260213C00355000,355.0,5.35,5.6,5.7,103.0,2888.0,0.44696597961425777,False,CALL,2026-02-13,GOOG
GOOG260213C00360000,360.0,4.25,4.35,4.45,112.0,1110.0,0.44562321960449214,False,CALL,2026-02-13,GOOG
GOOG260213C00365000,365.0,3.07,3.35,3.45,30.0,274.0,0.4454401159667969,False,CALL,2026-02-13,GOOG
GOOG260213C00370000,370.0,2.64,2.62,2.71,68.0,309.0,0.44910218872070307,False,CALL,2026-02-13,GOOG
GOOG260213C00375000,375.0,1.8,2.02,2.09,111.0,380.0,0.45093322509765627,False,CALL,2026-02-13,GOOG
GOOG260213C00380000,380.0,1.54,1.57,1.64,239.0,415.0,0.4559380578613281,False,CALL,2026-02-13,GOOG
GOOG260213C00385000,385.0,1.07,1.21,1.27,63.0,87.0,0.45972219970703126,False,CALL,2026-02-13,GOOG
GOOG260213C00390000,390.0,0.81,0.93,0.99,49.0,160.0,0.4643608251953125,False,CALL,2026-02-13,GOOG
GOOG260213C00395000,395.0,0.64,0.71,0.75,100.0,260.0,0.46655806884765627,False,CALL,2026-02-13,GOOG
GOOG260213C00400000,400.0,0.48,0.55,0.59,7.0,98.0,0.4726615234375,False,CALL,2026-02-13,GOOG
GOOG260213C00405000,405.0,0.39,0.41,0.46,9.0,69.0,0.477544287109375,False,CALL,2026-02-13,GOOG
GOOG260213C00410000,410.0,0.34,0.33,0.38,1.0,30.0,0.48730981445312505,False,CALL,2026-02-13,GOOG
GOOG260213C00415000,415.0,0.28,0.24,0.29,1.0,23.0,0.49023947265625006,False,CALL,2026-02-13,GOOG
GOOG260213C00420000,420.0,0.16,0.18,0.23,3.0,5.0,0.49609878906250005,False,CALL,2026-02-13,GOOG
GOOG260213C00425000,425.0,0.11,0.14,0.19,1.0,146.0,0.5048877636718749,False,CALL,2026-02-13,GOOG
GOOG260213C00430000,430.0,0.1,0.1,0.16,1.0,21.0,0.5009815527343751,False,CALL,2026-02-13,GOOG
GOOG260213C00435000,435.0,0.1,0.08,0.13,1.0,14.0,0.507817421875,False,CALL,2026-02-13,GOOG
GOOG260213P00240000,240.0,0.13,0.07,0.13,7.0,20.0,0.6660189648437502,False,PUT,2026-02-13,GOOG
GOOG260213P00245000,245.0,0.13,0.09,0.14,1.0,11.0,0.64062859375,False,PUT,2026-02-13,GOOG
GOOG260213P00250000,250.0,0.14,0.11,0.17,9.0,245.0,0.6191444335937502,False,PUT,2026-02-13,GOOG
GOOG260213P00255000,255.0,0.22,0.14,0.19,1.0,299.0,0.594730615234375,False,PUT,2026-02-13,GOOG
GOOG260213P00260000,260.0,0.26,0.18,0.23,4.0,81.0,0.5751995605468749,False,PUT,2026-02-13,GOOG
GOOG260213P00265000,265.0,0.35,0.23,0.29,1.0,112.0,0.5571333349609376,False,PUT,2026-02-13,GOOG
GOOG260213P00270000,270.0,0.54,0.3,0.35,3.0,165.0,0.5380905566406251,False,PUT,2026-02-13,GOOG
GOOG260213P00275000,275.0,0.4,0.39,0.44,57.0,152.0,0.5205126074218749,False,PUT,2026-02-13,GOOG
GOOG260213P00280000,280.0,0.52,0.51,0.54,87.0,499.0,0.5024463818359376,False,PUT,2026-02-13,GOOG
GOOG260213P00285000,285.0,0.69,0.68,0.74,13.0,230.0,0.49487809814453126,False,PUT,2026-02-13,GOOG
GOOG260213P00290000,290.0,0.9,0.92,0.98,76.0,465.0,0.4819387744140625,False,PUT,2026-02-13,GOOG
GOOG260213P00295000,295.0,1.25,1.24,1.31,37.0,467.0,0.47070841796875,False,PUT,2026-02-13,GOOG
GOOG260213P00300000,300.0,1.83,1.69,1.77,202.0,867.0,0.46191944335937507,False,PUT,2026-02-13,GOOG
GOOG260213P00305000,305.0,2.34,2.26,2.34,53.0,554.0,0.4515435705566406,False,PUT,2026-02-13,GOOG
GOOG260213P00310000,310.0,3.15,3.05,3.15,223.0,662.0,0.4459283923339844,False,PUT,2026-02-13,GOOG
GOOG260213P00315000,315.0,4.15,4.05,4.2,33.0,329.0,0.4415339050292969,False,PUT,2026-02-13,GOOG
GOOG260213P00320000,320.0,5.41,5.35,5.5,108.0,390.0,0.43720045227050786,False,PUT,2026-02-13,GOOG
GOOG260213P00325000,325.0,7.05,6.95,7.1,104.0,3715.0,0.4336604486083985,False,PUT,2026-02-13,GOOG
GOOG260213P00330000,330.0,8.87,8.75,8.9,102.0,5294.0,0.42627526855468756,False,PUT,2026-02-13,GOOG
GOOG260213P00335000,335.0,11.25,11.0,11.15,29.0,1146.0,0.42365078308105464,False,PUT,2026-02-13,GOOG
GOOG260213P00340000,340.0,15.6,13.45,13.65,52.0,134.0,0.41809663940429687,True,PUT,2026-02-13,GOOG
GOOG260213P00345000,345.0,17.25,16.4,16.6,31.0,49.0,0.4167538793945312,True,PUT,2026-02-13,GOOG
GOOG260213P00350000,350.0,20.1,19.55,19.75,13.0,26.0,0.41095559753417965,True,PUT,2026-02-13,GOOG
GOOG260213P00355000,355.0,27.55,23.15,23.35,17.0,10.0,0.41095559753417965,True,PUT,2026-02-13,GOOG
GOOG260213P00360000,360.0,28.85,26.85,27.1,21.0,22.0,0.4057676611328125,True,PUT,2026-02-13,GOOG
GOOG260213P00365000,365.0,35.75,30.9,31.15,27.0,7.0,0.4028380029296875,True,PUT,2026-02-13,GOOG
GOOG260213P00375000,375.0,43.79,38.95,41.15,,102.0,0.4846242944335938,True,PUT,2026-02-13,GOOG
GOOG260213P00390000,390.0,53.95,52.9,54.45,15.0,16.0,0.45825737060546884,True,PUT,2026-02-13,GOOG
GOOG260220C00240000,240.0,97.62,97.4,98.4,30.0,946.0,0.8449722534179687,True,CALL,2026-02-20,GOOG
GOOG260220C00245000,245.0,83.9,90.6,93.1,1.0,1124.0,0.6274451318359376,True,CALL,2026-02-20,GOOG
GOOG260220C00250000,250.0,81.02,86.15,88.1,22.0,1439.0,0.6508823974609376,True,CALL,2026-02-20,GOOG
GOOG260220C00255000,255.0,76.64,80.6,83.7,1.0,716.0,0.6181678808593751,True,CALL,2026-02-20,GOOG
GOOG260220C00260000,260.0,74.68,75.95,78.25,7.0,1146.0,0.5732464550781251,True,CALL,2026-02-20,GOOG
GOOG260220C00265000,265.0,69.63,70.75,73.45,1.0,532.0,0.5373581420898439,True,CALL,2026-02-20,GOOG
GOOG260220C00270000,270.0,68.0,66.5,69.3,43.0,1413.0,0.5970499279785157,True,CALL,2026-02-20,GOOG
GOOG260220C00275000,275.0,56.16,61.2,63.5,2.0,800.0,0.6084023535156251,True,CALL,2026-02-20,GOOG
GOOG260220C00280000,280.0,49.84,56.2,58.65,65.0,1146.0,0.5776409423828125,True,CALL,2026-02-20,GOOG
GOOG260220C00285000,285.0,53.2,52.35,53.65,3.0,2477.0,0.5355271057128907,True,CALL,2026-02-20,GOOG
GOOG260220C00290000,290.0,42.84,47.6,49.15,53.0,1802.0,0.5250291638183593,True,CALL,2026-02-20,GOOG
GOOG260220C00295000,295.0,39.3,43.05,44.85,11.0,615.0,0.5199022619628906,True,CALL,2026-02-20,GOOG
GOOG260220C00300000,300.0,37.5,38.35,40.4,56.0,7164.0,0.501103621826172,True,CALL,2026-02-20,GOOG
GOOG260220C00305000,305.0,32.58,34.65,36.05,6.0,811.0,0.48242705078125003,True,CALL,2026-02-20,GOOG
GOOG260220C00307500,307.5,31.5,32.2,34.15,11.0,12.0,0.48279325805664064,True,CALL,2026-02-20,GOOG
GOOG260220C00310000,310.0,27.1,30.6,32.15,44.0,2971.0,0.47711704528808596,True,CALL,2026-02-20,GOOG
GOOG260220C00312500,312.5,27.75,29.45,29.7,5.0,26.0,0.45288633056640626,True,CALL,2026-02-20,GOOG
GOOG260220C00315000,315.0,26.4,27.55,27.7,405.0,2637.0,0.44482977050781247,True,CALL,2026-02-20,GOOG
GOOG260220C00317500,317.5,20.9,25.65,25.85,22.0,131.0,0.4405573522949219,True,CALL,2026-02-20,GOOG
GOOG260220C00320000,320.0,23.66,23.95,24.15,324.0,3224.0,0.4395197650146484,True,CALL,2026-02-20,GOOG
GOOG260220C00322500,322.5,21.9,22.2,22.35,93.0,43.0,0.43317217224121096,True,CALL,2026-02-20,GOOG
GOOG260220C00325000,325.0,20.05,20.55,20.7,185.0,3555.0,0.42981527221679694,True,CALL,2026-02-20,GOOG
GOOG260220C00327500,327.5,18.65,18.95,19.15,1092.0,270.0,0.4276180285644532,True,CALL,2026-02-20,GOOG
GOOG260220C00330000,330.0,17.45,17.5,17.65,921.0,10318.0,0.4249325085449219,True,CALL,2026-02-20,GOOG
GOOG260220C00332500,332.5,15.25,16.05,16.15,1165.0,278.0,0.42023284851074216,True,CALL,2026-02-20,GOOG
GOOG260220C00335000,335.0,14.15,14.65,14.85,260.0,2223.0,0.4194393994140625,True,CALL,2026-02-20,GOOG
GOOG260220C00337500,337.5,13.25,13.45,13.65,134.0,424.0,0.4195614685058594,False,CALL,2026-02-20,GOOG
GOOG260220C00340000,340.0,12.05,12.1,12.25,618.0,10680.0,0.411688012084961,False,CALL,2026-02-20,GOOG
GOOG260220C00342500,342.5,10.9,11.1,11.2,82.0,169.0,0.41211525390625,False,CALL,2026-02-20,GOOG
GOOG260220C00345000,345.0,10.1,10.0,10.15,205.0,5462.0,0.41046732116699214,False,CALL,2026-02-20,GOOG
GOOG260220C00347500,347.5,8.85,9.0,9.15,107.0,104.0,0.40820904296875,False,CALL,2026-02-20,GOOG
GOOG260220C00350000,350.0,8.23,8.2,8.3,1779.0,10818.0,0.4085752502441406,False,CALL,2026-02-20,GOOG
GOOG260220C00352500,352.5,7.2,7.35,7.5,24.0,1121.0,0.4085142156982422,False,CALL,2026-02-20,GOOG
GOOG260220C00355000,355.0,6.4,6.65,6.75,155.0,1666.0,0.40808697387695314,False,CALL,2026-02-20,GOOG
GOOG260220C00360000,360.0,5.25,5.25,5.35,237.0,4256.0,0.40454697021484376,False,CALL,2026-02-20,GOOG
GOOG260220C00365000,365.0,4.12,4.2,4.35,86.0,2495.0,0.4078428356933594,False,CALL,2026-02-20,GOOG
GOOG260220C00370000,370.0,3.05,3.3,3.45,163.0,6210.0,0.4080259393310547,False,CALL,2026-02-20,GOOG
GOOG260220C00375000,375.0,2.57,2.65,2.73,60.0,2720.0,0.4091245611572265,False,CALL,2026-02-20,GOOG
GOOG260220C00380000,380.0,2.1,2.09,2.16,194.0,2066.0,0.4110166320800781,False,CALL,2026-02-20,GOOG
GOOG260220C00385000,385.0,1.5,1.66,1.72,16.0,2590.0,0.41431249755859373,False,CALL,2026-02-20,GOOG
GOOG260220C00390000,390.0,1.26,1.28,1.33,35.0,5596.0,0.41480077392578124,False,CALL,2026-02-20,GOOG
GOOG260220C00395000,395.0,0.7,1.03,1.09,13.0,300.0,0.42139250488281255,False,CALL,2026-02-20,GOOG
GOOG260220C00400000,400.0,0.74,0.79,0.85,94.0,1549.0,0.4234676794433594,False,CALL,2026-02-20,GOOG
GOOG260220C00405000,405.0,0.55,0.63,0.69,1.0,554.0,0.42896078857421877,False,CALL,2026-02-20,GOOG
GOOG260220C00410000,410.0,0.47,0.5,0.56,33.0,313.0,0.4343318286132813,False,CALL,2026-02-20,GOOG
GOOG260220C00415000,415.0,0.33,0.4,0.45,257.0,227.0,0.43897045410156255,False,CALL,2026-02-20,GOOG
GOOG260220C00420000,420.0,0.27,0.31,0.37,12.0,488.0,0.44482977050781247,False,CALL,2026-02-20,GOOG
GOOG260220C00425000,425.0,0.2,0.25,0.3,1.0,1275.0,0.4497125341796875,False,CALL,2026-02-20,GOOG
GOOG260220C00430000,430.0,0.22,0.19,0.24,3.0,185.0,0.45313046875,False,CALL,2026-02-20,GOOG
GOOG260220C00435000,435.0,0.11,0.15,0.2,5.0,84.0,0.4594780615234375,False,CALL,2026-02-20,GOOG
GOOG260220P00240000,240.0,0.15,0.14,0.19,1.0,717.0,0.5908244042968751,False,PUT,2026-02-20,GOOG
GOOG260220P00245000,245.0,0.2,0.17,0.22,4.0,1180.0,0.5717816259765626,False,PUT,2026-02-20,GOOG
GOOG260220P00250000,250.0,0.23,0.21,0.26,48.0,2568.0,0.5537154003906251,False,PUT,2026-02-20,GOOG
GOOG260220P00255000,255.0,0.28,0.25,0.3,5.0,1347.0,0.5336960693359375,False,PUT,2026-02-20,GOOG
GOOG260220P00260000,260.0,0.41,0.31,0.36,1107.0,2178.0,0.516606396484375,False,PUT,2026-02-20,GOOG
GOOG260220P00265000,265.0,0.47,0.39,0.44,11.0,1671.0,0.5009815527343751,False,PUT,2026-02-20,GOOG
GOOG260220P00270000,270.0,0.62,0.49,0.53,11.0,2574.0,0.48779809082031256,False,PUT,2026-02-20,GOOG
GOOG260220P00275000,275.0,0.67,0.62,0.67,23.0,1962.0,0.47437049072265625,False,PUT,2026-02-20,GOOG
GOOG260220P00280000,280.0,0.8,0.8,0.85,100.0,3421.0,0.4611870288085938,False,PUT,2026-02-20,GOOG
GOOG260220P00285000,285.0,1.22,1.03,1.08,80.0,2709.0,0.4484918432617187,False,PUT,2026-02-20,GOOG
GOOG260220P00290000,290.0,1.29,1.34,1.39,285.0,10304.0,0.437505625,False,PUT,2026-02-20,GOOG
GOOG260220P00295000,295.0,1.87,1.76,1.82,122.0,2499.0,0.4290828576660156,False,PUT,2026-02-20,GOOG
GOOG260220P00300000,300.0,2.33,2.29,2.36,233.0,20928.0,0.4206600903320313,False,PUT,2026-02-20,GOOG
GOOG260220P00305000,305.0,3.05,2.98,3.05,98.0,3145.0,0.4128476684570312,False,PUT,2026-02-20,GOOG
GOOG260220P00307500,307.5,5.6,3.4,3.5,89.0,90.0,0.41107766662597656,False,PUT,2026-02-20,GOOG
GOOG260220P00310000,310.0,3.94,3.8,3.95,1136.0,7282.0,0.4071104211425781,False,PUT,2026-02-20,GOOG
GOOG260220P00312500,312.5,4.35,4.35,4.45,132.0,223.0,0.4032652447509766,False,PUT,2026-02-20,GOOG
GOOG260220P00315000,315.0,5.1,4.9,5.05,1242.0,3710.0,0.4012511047363281,False,PUT,2026-02-20,GOOG
GOOG260220P00317500,317.5,5.75,5.55,5.7,97.0,261.0,0.39893179199218753,False,PUT,2026-02-20,GOOG
GOOG260220P00320000,320.0,6.9,6.25,6.35,201.0,4773.0,0.39441523559570313,False,PUT,2026-02-20,GOOG
GOOG260220P00322500,322.5,7.0,7.0,7.2,284.0,104.0,0.3945983392333985,False,PUT,2026-02-20,GOOG
GOOG260220P00325000,325.0,7.95,7.8,8.0,277.0,1169.0,0.3908141973876953,False,PUT,2026-02-20,GOOG
GOOG260220P00327500,327.5,8.97,8.75,8.95,57.0,190.0,0.389654541015625,False,PUT,2026-02-20,GOOG
GOOG260220P00330000,330.0,10.22,9.8,9.95,227.0,2252.0,0.387701435546875,False,PUT,2026-02-20,GOOG
GOOG260220P00332500,332.5,11.04,10.8,10.95,49.0,141.0,0.38355108642578123,False,PUT,2026-02-20,GOOG
GOOG260220P00335000,335.0,12.35,11.95,12.15,134.0,1125.0,0.3831238446044921,False,PUT,2026-02-20,GOOG
GOOG260220P00337500,337.5,13.7,13.2,13.4,22.0,126.0,0.38196418823242184,True,PUT,2026-02-20,GOOG
GOOG260220P00340000,340.0,14.55,14.5,14.7,84.0,945.0,0.37995004821777345,True,PUT,2026-02-20,GOOG
GOOG260220P00342500,342.5,17.2,15.85,16.05,15.0,32.0,0.3771424591064453,True,PUT,2026-02-20,GOOG
GOOG260220P00345000,345.0,17.3,17.35,17.5,36.0,452.0,0.37506728454589844,True,PUT,2026-02-20,GOOG
GOOG260220P00347500,347.5,19.45,18.9,19.15,15.0,10.0,0.37683728637695313,True,PUT,2026-02-20,GOOG
GOOG260220P00350000,350.0,20.94,20.5,20.7,116.0,1282.0,0.3732362481689453,True,PUT,2026-02-20,GOOG
GOOG260220P00352500,352.5,25.2,22.25,22.45,4.0,36.0,0.3737855590820312,True,PUT,2026-02-20,GOOG
GOOG260220P00355000,355.0,24.1,23.9,24.15,4.0,303.0,0.3704896936035156,True,PUT,2026-02-20,GOOG
GOOG260220P00360000,360.0,31.91,27.65,27.9,26.0,508.0,0.36914693359375,True,PUT,2026-02-20,GOOG
GOOG260220P00365000,365.0,36.41,31.65,31.9,9.0,94.0,0.36865865722656255,True,PUT,2026-02-20,GOOG
GOOG260220P00370000,370.0,40.29,34.95,37.15,2.0,89.0,0.4158993957519531,True,PUT,2026-02-20,GOOG
GOOG260220P00375000,375.0,44.09,39.4,41.0,1.0,23.0,0.3967345483398438,True,PUT,2026-02-20,GOOG
GOOG260220P00380000,380.0,50.51,44.45,46.0,3.0,11.0,0.4285945812988281,True,PUT,2026-02-20,GOOG
GOOG260220P00385000,385.0,60.06,48.45,50.65,1.0,52.0,0.43958079956054685,True,PUT,2026-02-20,GOOG
GOOG260220P00390000,390.0,58.5,53.05,55.35,25.0,75.0,0.4498346032714844,True,PUT,2026-02-20,GOOG
GOOG260220P00395000,395.0,59.8,57.8,59.5,15.0,687.0,0.4118711157226562,True,PUT,2026-02-20,GOOG
GOOG260220P00400000,400.0,78.75,62.5,65.0,8.0,0.0,0.47876497802734375,True,PUT,2026-02-20,GOOG
GOOG260220P00405000,405.0,72.21,67.35,69.85,16.0,16.0,0.4919484399414063,True,PUT,2026-02-20,GOOG
GOOG260220P00410000,410.0,94.98,72.7,74.8,1.0,1.0,0.5120898400878906,True,PUT,2026-02-20,GOOG
GOOG260220P00415000,415.0,92.95,94.55,98.35,2.0,0.0,1.2630041732788082,True,PUT,2026-02-20,GOOG
GOOG260220P00425000,425.0,104.9,104.8,108.4,9.0,0.0,1.3358187506103512,True,PUT,2026-02-20,GOOG
GOOG260227C00240000,240.0,96.81,95.8,99.6,1.0,6.0,0.7170438452148438,True,CALL,2026-02-27,GOOG
GOOG260227C00250000,250.0,87.27,85.8,89.75,8.0,9.0,0.6525913647460939,True,CALL,2026-02-27,GOOG
GOOG260227C00255000,255.0,83.25,81.05,84.75,3.0,4.0,0.6291540991210938,True,CALL,2026-02-27,GOOG
GOOG260227C00260000,260.0,69.96,76.15,78.65,1.0,7.0,0.541264353027344,True,CALL,2026-02-27,GOOG
GOOG260227C00265000,265.0,69.6,71.4,74.5,1.0,2.0,0.5622602368164062,True,CALL,2026-02-27,GOOG
GOOG260227C00270000,270.0,60.25,66.5,68.85,1.0,3.0,0.5026905200195313,True,CALL,2026-02-27,GOOG
GOOG260227C00275000,275.0,58.45,61.75,64.4,11.0,58.0,0.5018360363769532,True,CALL,2026-02-27,GOOG
GOOG260227C00280000,280.0,56.15,57.2,58.9,15.0,74.0,0.521367091064453,True,CALL,2026-02-27,GOOG
GOOG260227C00285000,285.0,54.47,52.5,54.75,1.0,3.0,0.5299729620361329,True,CALL,2026-02-27,GOOG
GOOG260227C00290000,290.0,50.09,48.5,50.15,1.0,1.0,0.5094653546142578,True,CALL,2026-02-27,GOOG
GOOG260227C00295000,295.0,42.4,43.4,45.75,1.0,8.0,0.495122236328125,True,CALL,2026-02-27,GOOG
GOOG260227C00300000,300.0,36.15,39.3,40.75,23.0,41.0,0.45313046875,True,CALL,2026-02-27,GOOG
GOOG260227C00305000,305.0,30.0,34.9,37.2,1.0,86.0,0.46484910156250003,True,CALL,2026-02-27,GOOG
GOOG260227C00310000,310.0,26.5,30.9,33.15,4.0,97.0,0.4514215014648438,True,CALL,2026-02-27,GOOG
GOOG260227C00315000,315.0,24.3,27.4,29.35,4.0,112.0,0.44122873229980464,True,CALL,2026-02-27,GOOG
GOOG260227C00320000,320.0,22.7,23.65,25.65,6.0,281.0,0.42877768493652346,True,CALL,2026-02-27,GOOG
GOOG260227C00325000,325.0,20.85,21.75,21.95,45.0,414.0,0.41104714935302733,True,CALL,2026-02-27,GOOG
GOOG260227C00330000,330.0,18.75,18.75,18.95,287.0,413.0,0.4067442138671875,True,CALL,2026-02-27,GOOG
GOOG260227C00335000,335.0,15.78,15.9,16.1,189.0,921.0,0.39990834472656256,True,CALL,2026-02-27,GOOG
GOOG260227C00340000,340.0,13.03,13.5,13.65,178.0,388.0,0.39685661743164063,False,CALL,2026-02-27,GOOG
GOOG260227C00345000,345.0,11.1,11.3,11.45,146.0,1784.0,0.3936828210449219,False,CALL,2026-02-27,GOOG
GOOG260227C00350000,350.0,9.25,9.3,9.5,513.0,773.0,0.3904785073852539,False,CALL,2026-02-27,GOOG
GOOG260227C00355000,355.0,7.22,7.7,7.85,54.0,726.0,0.38886109191894536,False,CALL,2026-02-27,GOOG
GOOG260227C00360000,360.0,6.3,6.2,6.35,78.0,780.0,0.38507695007324216,False,CALL,2026-02-27,GOOG
GOOG260227C00365000,365.0,5.0,5.05,5.25,26.0,563.0,0.387152124633789,False,CALL,2026-02-27,GOOG
GOOG260227C00370000,370.0,3.45,4.1,4.25,229.0,605.0,0.3867859173583984,False,CALL,2026-02-27,GOOG
GOOG260227C00375000,375.0,3.15,3.25,3.4,120.0,348.0,0.38587039916992183,False,CALL,2026-02-27,GOOG
GOOG260227C00380000,380.0,2.7,2.67,2.76,54.0,252.0,0.38788453918457033,False,CALL,2026-02-27,GOOG
GOOG260227C00385000,385.0,2.0,2.14,2.23,65.0,197.0,0.38977661010742193,False,CALL,2026-02-27,GOOG
GOOG260227C00390000,390.0,1.57,1.71,1.78,2.0,174.0,0.39087523193359375,False,CALL,2026-02-27,GOOG
GOOG260227C00395000,395.0,1.23,1.34,1.43,39.0,186.0,0.3930724755859375,False,CALL,2026-02-27,GOOG
GOOG260227C00400000,400.0,1.18,1.11,1.19,488.0,391.0,0.39856558471679693,False,CALL,2026-02-27,GOOG
GOOG260227C00405000,405.0,0.8,0.88,0.95,2.0,13.0,0.40039662109375,False,CALL,2026-02-27,GOOG
GOOG260227C00410000,410.0,0.76,0.71,0.79,482.0,49.0,0.40552352294921873,False,CALL,2026-02-27,GOOG
GOOG260227C00420000,420.0,0.36,0.48,0.54,4.0,15.0,0.4145566357421875,False,CALL,2026-02-27,GOOG
GOOG260227C00425000,425.0,0.26,0.39,0.45,1.0,4.0,0.4194393994140625,False,CALL,2026-02-27,GOOG
GOOG260227C00430000,430.0,0.25,0.32,0.39,2.0,8.0,0.42676354492187507,False,CALL,2026-02-27,GOOG
GOOG260227C00435000,435.0,0.18,0.25,0.31,7.0,7.0,0.4282283740234375,False,CALL,2026-02-27,GOOG
GOOG260227P00240000,240.0,0.23,0.19,0.25,11.0,26.0,0.5380905566406251,False,PUT,2026-02-27,GOOG
GOOG260227P00245000,245.0,0.36,0.23,0.29,3.0,7.0,0.5214891601562499,False,PUT,2026-02-27,GOOG
GOOG260227P00250000,250.0,0.4,0.28,0.34,1.0,18.0,0.5053760400390624,False,PUT,2026-02-27,GOOG
GOOG260227P00255000,255.0,0.42,0.34,0.4,1.0,7.0,0.4953663745117188,False,PUT,2026-02-27,GOOG
GOOG260227P00260000,260.0,0.52,0.42,0.48,2.0,44.0,0.47998566894531247,False,PUT,2026-02-27,GOOG
GOOG260227P00265000,265.0,0.75,0.53,0.59,6.0,376.0,0.46655806884765627,False,PUT,2026-02-27,GOOG
GOOG260227P00270000,270.0,0.86,0.66,0.73,5.0,209.0,0.45386288330078123,False,PUT,2026-02-27,GOOG
GOOG260227P00275000,275.0,1.1,0.83,0.91,37.0,171.0,0.4419001123046875,False,PUT,2026-02-27,GOOG
GOOG260227P00280000,280.0,1.14,1.07,1.13,50.0,150.0,0.4299373413085938,False,PUT,2026-02-27,GOOG
GOOG260227P00285000,285.0,1.42,1.35,1.43,25.0,158.0,0.4200497448730469,False,PUT,2026-02-27,GOOG
GOOG260227P00290000,290.0,1.76,1.74,1.81,53.0,391.0,0.4106504248046875,False,PUT,2026-02-27,GOOG
GOOG260227P00295000,295.0,2.47,2.22,2.32,17.0,208.0,0.4035704174804688,False,PUT,2026-02-27,GOOG
GOOG260227P00300000,300.0,3.0,2.81,2.92,107.0,575.0,0.39502558105468755,False,PUT,2026-02-27,GOOG
GOOG260227P00305000,305.0,3.75,3.6,3.75,96.0,366.0,0.39050902465820314,False,PUT,2026-02-27,GOOG
GOOG260227P00310000,310.0,4.59,4.55,4.75,98.0,373.0,0.38568729553222647,False,PUT,2026-02-27,GOOG
GOOG260227P00315000,315.0,6.53,5.7,5.85,37.0,203.0,0.3776307354736328,False,PUT,2026-02-27,GOOG
GOOG260227P00320000,320.0,7.25,7.1,7.3,126.0,306.0,0.37390762817382805,False,PUT,2026-02-27,GOOG
GOOG260227P00325000,325.0,9.57,8.8,8.95,57.0,187.0,0.368872278137207,False,PUT,2026-02-27,GOOG
GOOG260227P00330000,330.0,11.6,10.75,10.95,64.0,1394.0,0.36627830993652344,False,PUT,2026-02-27,GOOG
GOOG260227P00335000,335.0,13.3,12.95,13.2,53.0,85.0,0.3629214099121094,False,PUT,2026-02-27,GOOG
GOOG260227P00340000,340.0,16.6,15.55,15.7,8.0,10077.0,0.35871002624511716,True,PUT,2026-02-27,GOOG
GOOG260227P00345000,345.0,20.5,18.3,18.5,2.0,44.0,0.35492588439941397,True,PUT,2026-02-27,GOOG
GOOG260227P00350000,350.0,22.15,21.35,21.6,2.0,57.0,0.3517520880126953,True,PUT,2026-02-27,GOOG
GOOG260227P00355000,355.0,26.6,24.8,25.05,4.0,137.0,0.35095863891601553,True,PUT,2026-02-27,GOOG
GOOG260227P00360000,360.0,30.32,28.25,29.75,2.0,25.0,0.38147591186523433,True,PUT,2026-02-27,GOOG
GOOG260227P00365000,365.0,35.8,31.45,33.65,15.0,17.0,0.3833069482421875,True,PUT,2026-02-27,GOOG
GOOG260227P00370000,370.0,36.0,35.65,37.7,15.0,16.0,0.38440557006835935,True,PUT,2026-02-27,GOOG
GOOG260227P00385000,385.0,50.18,48.6,50.45,,19.0,0.37439590454101557,True,PUT,2026-02-27,GOOG
GOOG260306C00250000,250.0,83.95,86.15,89.6,1.0,1.0,0.5969278588867188,True,CALL,2026-03-06,GOOG
GOOG260306C00260000,260.0,72.0,76.6,79.75,,9.0,0.5564009204101563,True,CALL,2026-03-06,GOOG
GOOG260306C00275000,275.0,57.28,61.95,65.35,1.0,1.0,0.5784954260253907,True,CALL,2026-03-06,GOOG
GOOG260306C00300000,300.0,36.0,40.05,41.85,31.0,21.0,0.4470270141601562,True,CALL,2026-03-06,GOOG
GOOG260306C00320000,320.0,20.53,25.9,26.55,6.0,37.0,0.4094907684326171,True,CALL,2026-03-06,GOOG
GOOG260306C00325000,325.0,18.8,22.75,23.35,3.0,8.0,0.4048521429443359,True,CALL,2026-03-06,GOOG
GOOG260306C00330000,330.0,18.6,19.75,20.4,54.0,35.0,0.4010069665527344,True,CALL,2026-03-06,GOOG
GOOG260306C00335000,335.0,17.0,16.8,17.45,20.0,64.0,0.3917907501220703,True,CALL,2026-03-06,GOOG
GOOG260306C00340000,340.0,14.45,14.45,14.95,415.0,483.0,0.3877624700927734,False,CALL,2026-03-06,GOOG
GOOG260306C00345000,345.0,11.55,12.1,12.75,18.0,42.0,0.3852600537109374,False,CALL,2026-03-06,GOOG
GOOG260306C00350000,350.0,10.05,10.1,10.6,27.0,151.0,0.378363150024414,False,CALL,2026-03-06,GOOG
GOOG260306C00355000,355.0,8.0,8.4,8.9,2.0,25.0,0.37683728637695313,False,CALL,2026-03-06,GOOG
GOOG260306C00360000,360.0,7.1,6.95,7.55,38.0,345.0,0.3789734954833984,False,CALL,2026-03-06,GOOG
GOOG260306C00365000,365.0,5.75,5.7,6.15,224.0,46.0,0.3746400427246094,False,CALL,2026-03-06,GOOG
GOOG260306C00370000,370.0,4.95,4.7,5.2,2.0,118.0,0.37805797729492185,False,CALL,2026-03-06,GOOG
GOOG260306C00375000,375.0,3.95,3.75,4.15,22.0,346.0,0.373480386352539,False,CALL,2026-03-06,GOOG
GOOG260306C00380000,380.0,3.35,3.1,3.45,1.0,679.0,0.37579969909667965,False,CALL,2026-03-06,GOOG
GOOG260306C00385000,385.0,2.37,2.5,2.87,23.0,99.0,0.3784852191162109,False,CALL,2026-03-06,GOOG
GOOG260306C00390000,390.0,2.2,2.07,2.38,20.0,75.0,0.38104867004394527,False,CALL,2026-03-06,GOOG
GOOG260306C00395000,395.0,2.19,1.63,1.99,2.0,12.0,0.3846497082519531,False,CALL,2026-03-06,GOOG
GOOG260306P00255000,255.0,0.77,0.42,0.65,204.0,185.0,0.4848684326171875,False,PUT,2026-03-06,GOOG
GOOG260306P00260000,260.0,0.88,0.48,0.76,1.0,12.0,0.46973186523437505,False,PUT,2026-03-06,GOOG
GOOG260306P00265000,265.0,0.78,0.61,0.9,2.0,8.0,0.4555718505859375,False,PUT,2026-03-06,GOOG
GOOG260306P00270000,270.0,1.3,0.88,1.07,29.0,15.0,0.4419001123046875,False,PUT,2026-03-06,GOOG
GOOG260306P00280000,280.0,1.66,1.32,1.59,19.0,28.0,0.41992767578125,False,PUT,2026-03-06,GOOG
GOOG260306P00285000,285.0,2.84,1.66,1.92,6.0,33.0,0.40833111206054684,False,PUT,2026-03-06,GOOG
GOOG260306P00290000,290.0,3.05,2.16,2.41,9.0,61.0,0.401373173828125,False,PUT,2026-03-06,GOOG
GOOG260306P00295000,295.0,3.15,2.65,2.99,27.0,118.0,0.39380489013671877,False,PUT,2026-03-06,GOOG
GOOG260306P00300000,300.0,3.5,3.35,3.7,143.0,111.0,0.3867859173583984,False,PUT,2026-03-06,GOOG
GOOG260306P00305000,305.0,4.65,4.15,4.65,91.0,63.0,0.38318487915039057,False,PUT,2026-03-06,GOOG
GOOG260306P00310000,310.0,7.14,5.25,5.65,10.0,57.0,0.3756165954589844,False,PUT,2026-03-06,GOOG
GOOG260306P00315000,315.0,7.2,6.5,6.95,9.0,61.0,0.3715883154296875,False,PUT,2026-03-06,GOOG
GOOG260306P00320000,320.0,9.01,7.95,8.4,11.0,27.0,0.36591210266113283,False,PUT,2026-03-06,GOOG
GOOG260306P00325000,325.0,10.8,9.65,10.15,15.0,26.0,0.3622195126342773,False,PUT,2026-03-06,GOOG
GOOG260306P00330000,330.0,11.5,11.55,12.2,82.0,34.0,0.3598391653442382,False,PUT,2026-03-06,GOOG
GOOG260306P00335000,335.0,14.25,13.9,14.55,20.0,12.0,0.3585269226074219,False,PUT,2026-03-06,GOOG
GOOG260320C00240000,240.0,90.45,96.75,98.9,19.0,3647.0,0.5609174768066407,True,CALL,2026-03-20,GOOG
GOOG260320C00245000,245.0,92.12,91.5,94.4,20.0,750.0,0.5427291821289064,True,CALL,2026-03-20,GOOG
GOOG260320C00250000,250.0,82.31,86.65,89.2,4.0,11957.0,0.5123339782714844,True,CALL,2026-03-20,GOOG
GOOG260320C00255000,255.0,75.38,81.8,84.6,3.0,698.0,0.5039112109375,True,CALL,2026-03-20,GOOG
GOOG260320C00260000,260.0,74.0,77.0,79.35,7.0,2318.0,0.5413253875732424,True,CALL,2026-03-20,GOOG
GOOG260320C00265000,265.0,67.93,72.35,75.2,5.0,1089.0,0.5502364312744141,True,CALL,2026-03-20,GOOG
GOOG260320C00270000,270.0,62.8,68.0,70.25,3.0,10440.0,0.520390538330078,True,CALL,2026-03-20,GOOG
GOOG260320C00275000,275.0,59.69,64.0,65.55,1.0,1387.0,0.5006763800048828,True,CALL,2026-03-20,GOOG
GOOG260320C00280000,280.0,60.0,59.25,60.45,9.0,1888.0,0.4647880670166016,True,CALL,2026-03-20,GOOG
GOOG260320C00285000,285.0,55.15,54.3,56.5,3.0,2328.0,0.47009807250976565,True,CALL,2026-03-20,GOOG
GOOG260320C00290000,290.0,46.1,50.25,52.1,64.0,4504.0,0.4561211614990235,True,CALL,2026-03-20,GOOG
GOOG260320C00295000,295.0,45.2,45.95,47.25,4.0,882.0,0.42664147583007817,True,CALL,2026-03-20,GOOG
GOOG260320C00300000,300.0,42.19,42.1,43.35,164.0,4015.0,0.42328457580566403,True,CALL,2026-03-20,GOOG
GOOG260320C00305000,305.0,37.4,38.2,39.15,14.0,797.0,0.40833111206054684,True,CALL,2026-03-20,GOOG
GOOG260320C00310000,310.0,34.62,34.45,35.85,160.0,1775.0,0.4126950820922851,True,CALL,2026-03-20,GOOG
GOOG260320C00315000,315.0,29.9,30.3,32.25,73.0,2087.0,0.40546248840332033,True,CALL,2026-03-20,GOOG
GOOG260320C00320000,320.0,27.58,28.2,28.4,207.0,3033.0,0.3892578164672852,True,CALL,2026-03-20,GOOG
GOOG260320C00325000,325.0,24.1,25.05,25.25,158.0,1757.0,0.38471074279785156,True,CALL,2026-03-20,GOOG
GOOG260320C00330000,330.0,21.76,22.05,22.25,651.0,4122.0,0.37924815093994135,True,CALL,2026-03-20,GOOG
GOOG260320C00335000,335.0,18.89,19.4,19.55,272.0,4052.0,0.3757691818237304,True,CALL,2026-03-20,GOOG
GOOG260320C00340000,340.0,16.6,16.85,17.0,311.0,11454.0,0.37116107360839845,False,CALL,2026-03-20,GOOG
GOOG260320C00345000,345.0,14.3,14.6,14.75,113.0,5713.0,0.36832296722412117,False,CALL,2026-03-20,GOOG
GOOG260320C00350000,350.0,12.35,12.55,12.75,454.0,7513.0,0.36640037902832034,False,CALL,2026-03-20,GOOG
GOOG260320C00355000,355.0,10.6,10.75,10.95,111.0,1466.0,0.36447779083251963,False,CALL,2026-03-20,GOOG
GOOG260320C00360000,360.0,9.1,9.25,9.4,121.0,6052.0,0.363836928100586,False,CALL,2026-03-20,GOOG
GOOG260320C00365000,365.0,7.8,7.85,8.0,54.0,1377.0,0.36261623718261715,False,CALL,2026-03-20,GOOG
GOOG260320C00370000,370.0,6.49,6.65,6.8,183.0,3143.0,0.36215847808837887,False,CALL,2026-03-20,GOOG
GOOG260320C00375000,375.0,5.6,5.55,5.65,67.0,3224.0,0.35907623352050777,False,CALL,2026-03-20,GOOG
GOOG260320C00380000,380.0,4.65,4.75,4.85,291.0,13611.0,0.3616396844482421,False,CALL,2026-03-20,GOOG
GOOG260320C00385000,385.0,3.92,3.95,4.1,93.0,824.0,0.36237209899902345,False,CALL,2026-03-20,GOOG
GOOG260320C00390000,390.0,3.15,3.3,3.4,84.0,1073.0,0.36133451171875,False,CALL,2026-03-20,GOOG
GOOG260320C00395000,395.0,2.76,2.83,2.9,40.0,392.0,0.363836928100586,False,CALL,2026-03-20,GOOG
GOOG260320C00400000,400.0,2.39,2.38,2.45,443.0,9473.0,0.3654848608398438,False,CALL,2026-03-20,GOOG
GOOG260320C00405000,405.0,1.96,1.96,2.03,14.0,941.0,0.3654848608398438,False,CALL,2026-03-20,GOOG
GOOG260320C00410000,410.0,1.71,1.68,1.71,37.0,3170.0,0.367193828125,False,CALL,2026-03-20,GOOG
GOOG260320C00415000,415.0,1.3,1.42,1.47,20.0,109.0,0.3707338317871094,False,CALL,2026-03-20,GOOG
GOOG260320C00420000,420.0,1.09,1.2,1.25,42.0,447.0,0.37329728271484375,False,CALL,2026-03-20,GOOG
GOOG260320C00425000,425.0,1.02,1.01,1.06,8.0,293.0,0.3756165954589844,False,CALL,2026-03-20,GOOG
GOOG260320C00430000,430.0,0.69,0.86,0.91,1.0,299.0,0.3789124609375,False,CALL,2026-03-20,GOOG
GOOG260320C00435000,435.0,0.7,0.73,0.77,1.0,12.0,0.3809876354980468,False,CALL,2026-03-20,GOOG
GOOG260320P00240000,240.0,0.57,0.48,0.51,10.0,2165.0,0.4687553125,False,PUT,2026-03-20,GOOG
GOOG260320P00245000,245.0,0.7,0.57,0.6,1.0,1240.0,0.45654840332031255,False,PUT,2026-03-20,GOOG
GOOG260320P00250000,250.0,0.68,0.67,0.72,33.0,2156.0,0.44605046142578125,False,PUT,2026-03-20,GOOG
GOOG260320P00255000,255.0,0.93,0.81,0.86,11.0,1032.0,0.43530838134765626,False,PUT,2026-03-20,GOOG
GOOG260320P00260000,260.0,1.13,0.97,1.03,6.0,1218.0,0.424810439453125,False,PUT,2026-03-20,GOOG
GOOG260320P00265000,265.0,1.31,1.18,1.24,7.0,1273.0,0.4151669812011719,False,PUT,2026-03-20,GOOG
GOOG260320P00270000,270.0,1.59,1.43,1.5,12.0,2692.0,0.4062559375,False,PUT,2026-03-20,GOOG
GOOG260320P00275000,275.0,2.0,1.73,1.81,97.0,1241.0,0.3973448937988281,False,PUT,2026-03-20,GOOG
GOOG260320P00280000,280.0,2.28,2.13,2.2,101.0,2388.0,0.3895324719238281,False,PUT,2026-03-20,GOOG
GOOG260320P00285000,285.0,2.64,2.6,2.68,68.0,1775.0,0.3823914300537109,False,PUT,2026-03-20,GOOG
GOOG260320P00290000,290.0,3.21,3.2,3.25,70.0,2016.0,0.3753724572753906,False,PUT,2026-03-20,GOOG
GOOG260320P00295000,295.0,3.9,3.85,3.95,91.0,4129.0,0.3692079681396484,False,PUT,2026-03-20,GOOG
GOOG260320P00300000,300.0,4.75,4.7,4.8,1186.0,3773.0,0.36389796264648444,False,PUT,2026-03-20,GOOG
GOOG260320P00305000,305.0,5.7,5.65,5.8,42.0,873.0,0.3587710607910156,False,PUT,2026-03-20,GOOG
GOOG260320P00310000,310.0,6.95,6.8,6.95,143.0,2700.0,0.3534000207519531,False,PUT,2026-03-20,GOOG
GOOG260320P00315000,315.0,8.25,8.15,8.3,55.0,3146.0,0.34860880889892576,False,PUT,2026-03-20,GOOG
GOOG260320P00320000,320.0,9.79,9.8,10.0,154.0,9823.0,0.34729656616210935,False,PUT,2026-03-20,GOOG
GOOG260320P00325000,325.0,11.73,11.5,11.7,103.0,1278.0,0.34134569793701175,False,PUT,2026-03-20,GOOG
GOOG260320P00330000,330.0,13.81,13.65,13.8,340.0,11050.0,0.3391789715576171,False,PUT,2026-03-20,GOOG
GOOG260320P00335000,335.0,16.0,15.75,15.95,121.0,10654.0,0.33341120697021487,False,PUT,2026-03-20,GOOG
GOOG260320P00340000,340.0,18.5,18.35,18.5,42.0,1096.0,0.3309698251342773,True,PUT,2026-03-20,GOOG
GOOG260320P00345000,345.0,26.22,21.05,21.25,57.0,413.0,0.32782654602050776,True,PUT,2026-03-20,GOOG
GOOG260320P00350000,350.0,24.17,24.1,24.3,6.0,268.0,0.3260870614624023,True,PUT,2026-03-20,GOOG
GOOG260320P00355000,355.0,29.58,27.35,27.55,6.0,59.0,0.3238593005371093,True,PUT,2026-03-20,GOOG
GOOG260320P00360000,360.0,34.5,30.75,31.0,1.0,45.0,0.3213263668823242,True,PUT,2026-03-20,GOOG
GOOG260320P00365000,365.0,33.6,34.4,35.5,1.0,57.0,0.33899586791992187,True,PUT,2026-03-20,GOOG
GOOG260320P00370000,370.0,39.0,37.75,39.55,5.0,89.0,0.34326828613281246,True,PUT,2026-03-20,GOOG
GOOG260320P00375000,375.0,45.15,41.4,43.2,6.0,77.0,0.33316706878662117,True,PUT,2026-03-20,GOOG
GOOG260320P00380000,380.0,54.35,45.9,47.35,1.0,75.0,0.33197689514160156,True,PUT,2026-03-20,GOOG
GOOG260320P00385000,385.0,51.7,50.6,52.2,40.0,26.0,0.34943277526855465,True,PUT,2026-03-20,GOOG
GOOG260320P00390000,390.0,58.95,54.3,56.65,15.0,12.0,0.3522403643798828,True,PUT,2026-03-20,GOOG
GOOG260320P00395000,395.0,75.4,59.45,60.6,7.0,0.0,0.3316717224121094,True,PUT,2026-03-20,GOOG
GOOG260320P00400000,400.0,71.32,64.2,65.85,1.0,6.0,0.360785200805664,True,PUT,2026-03-20,GOOG
GOOG260320P00405000,405.0,88.55,84.55,0.0,5.0,0.0,1.0000000000000003e-05,True,PUT,2026-03-20,GOOG
GOOG260320P00410000,410.0,79.95,73.6,75.3,28.0,268.0,0.3711000390625,True,PUT,2026-03-20,GOOG
GOOG260320P00420000,420.0,84.6,82.85,85.45,25.0,0.0,0.41174904663085937,True,PUT,2026-03-20,GOOG
GOOG260417C00240000,240.0,97.55,97.75,100.15,2.0,612.0,0.5169115692138673,True,CALL,2026-04-17,GOOG
GOOG260417C00245000,245.0,90.15,92.85,95.2,8.0,363.0,0.5476119458007813,True,CALL,2026-04-17,GOOG
GOOG260417C00250000,250.0,83.15,88.1,90.8,10.0,795.0,0.5438278039550781,True,CALL,2026-04-17,GOOG
GOOG260417C00255000,255.0,78.28,83.65,86.4,20.0,322.0,0.5375412457275393,True,CALL,2026-04-17,GOOG
GOOG260417C00260000,260.0,80.41,79.3,81.45,5.0,1477.0,0.5114794946289063,True,CALL,2026-04-17,GOOG
GOOG260417C00265000,265.0,75.59,74.6,77.0,2.0,508.0,0.5012256909179689,True,CALL,2026-04-17,GOOG
GOOG260417C00270000,270.0,65.8,70.5,71.75,5.0,520.0,0.46594772338867196,True,CALL,2026-04-17,GOOG
GOOG260417C00275000,275.0,65.74,65.6,67.6,7.0,437.0,0.4626518579101563,True,CALL,2026-04-17,GOOG
GOOG260417C00280000,280.0,57.93,61.2,63.4,1.0,440.0,0.4555718505859375,True,CALL,2026-04-17,GOOG
GOOG260417C00285000,285.0,56.75,56.9,59.3,2.0,748.0,0.44885805053710937,True,CALL,2026-04-17,GOOG
GOOG260417C00290000,290.0,47.09,53.4,55.0,2.0,625.0,0.43555251953125,True,CALL,2026-04-17,GOOG
GOOG260417C00295000,295.0,46.2,49.2,50.3,1.0,588.0,0.4122068057250976,True,CALL,2026-04-17,GOOG
GOOG260417C00300000,300.0,45.3,45.5,46.7,121.0,1287.0,0.4109250802612304,True,CALL,2026-04-17,GOOG
GOOG260417C00305000,305.0,40.6,41.45,42.65,10.0,844.0,0.39813834289550787,True,CALL,2026-04-17,GOOG
GOOG260417C00310000,310.0,36.85,38.1,38.9,118.0,880.0,0.3891357473754883,True,CALL,2026-04-17,GOOG
GOOG260417C00315000,315.0,33.5,34.7,35.7,22.0,797.0,0.38779298736572265,True,CALL,2026-04-17,GOOG
GOOG260417C00320000,320.0,29.5,31.45,32.25,46.0,1771.0,0.37933970275878903,True,CALL,2026-04-17,GOOG
GOOG260417C00325000,325.0,27.49,28.5,29.2,454.0,1480.0,0.37521987091064457,True,CALL,2026-04-17,GOOG
GOOG260417C00330000,330.0,25.8,26.25,26.45,210.0,2637.0,0.3733583172607422,True,CALL,2026-04-17,GOOG
GOOG260417C00335000,335.0,23.5,23.55,23.75,299.0,1332.0,0.3695436581420898,True,CALL,2026-04-17,GOOG
GOOG260417C00340000,340.0,20.69,21.0,21.2,186.0,3492.0,0.36545434356689455,False,CALL,2026-04-17,GOOG
GOOG260417C00345000,345.0,18.5,18.7,18.9,98.0,954.0,0.3626467544555664,False,CALL,2026-04-17,GOOG
GOOG260417C00350000,350.0,16.3,16.6,16.75,140.0,1167.0,0.35953399261474606,False,CALL,2026-04-17,GOOG
GOOG260417C00355000,355.0,14.15,14.7,14.85,29.0,535.0,0.3577945080566406,False,CALL,2026-04-17,GOOG
GOOG260417C00360000,360.0,13.0,12.95,13.1,172.0,1536.0,0.355902437133789,False,CALL,2026-04-17,GOOG
GOOG260417C00365000,365.0,11.3,11.4,11.55,475.0,760.0,0.35477329803466784,False,CALL,2026-04-17,GOOG
GOOG260417C00370000,370.0,8.45,10.0,10.15,25.0,981.0,0.3537662280273437,False,CALL,2026-04-17,GOOG
GOOG260417C00375000,375.0,8.85,8.75,8.9,352.0,844.0,0.35300329620361326,False,CALL,2026-04-17,GOOG
GOOG260417C00380000,380.0,7.55,7.6,7.75,59.0,1779.0,0.3517215707397461,False,CALL,2026-04-17,GOOG
GOOG260417C00385000,385.0,6.27,6.65,6.8,12.0,532.0,0.3520877780151367,False,CALL,2026-04-17,GOOG
GOOG260417C00390000,390.0,5.41,5.8,5.95,2.0,357.0,0.35239295074462884,False,CALL,2026-04-17,GOOG
GOOG260417C00395000,395.0,3.94,5.05,5.15,2.0,262.0,0.3516300189208984,False,CALL,2026-04-17,GOOG
GOOG260417C00400000,400.0,4.32,4.35,4.45,89.0,1069.0,0.35108070800781244,False,CALL,2026-04-17,GOOG
GOOG260417C00405000,405.0,3.65,3.8,3.9,41.0,5334.0,0.3523624334716796,False,CALL,2026-04-17,GOOG
GOOG260417C00410000,410.0,3.26,3.3,3.4,29.0,376.0,0.35321691711425773,False,CALL,2026-04-17,GOOG
GOOG260417C00415000,415.0,2.45,2.91,2.99,1.0,41.0,0.3550479534912109,False,CALL,2026-04-17,GOOG
GOOG260417C00420000,420.0,2.48,2.49,2.56,71.0,493.0,0.35443760803222646,False,CALL,2026-04-17,GOOG
GOOG260417C00430000,430.0,1.87,1.93,2.0,43.0,1144.0,0.3591372680664062,False,CALL,2026-04-17,GOOG
GOOG260417P00240000,240.0,1.32,0.97,1.02,1.0,1333.0,0.4265194067382813,False,PUT,2026-04-17,GOOG
GOOG260417P00245000,245.0,1.26,1.14,1.19,131.0,1131.0,0.4172421557617187,False,PUT,2026-04-17,GOOG
GOOG260417P00250000,250.0,1.39,1.35,1.4,14.0,10916.0,0.40906352661132805,False,PUT,2026-04-17,GOOG
GOOG260417P00255000,255.0,1.69,1.58,1.64,3.0,630.0,0.40064075927734377,False,PUT,2026-04-17,GOOG
GOOG260417P00260000,260.0,2.21,1.88,1.93,15.0,737.0,0.39288937194824214,False,PUT,2026-04-17,GOOG
GOOG260417P00265000,265.0,2.48,2.21,2.28,5.0,660.0,0.38587039916992183,False,PUT,2026-04-17,GOOG
GOOG260417P00270000,270.0,3.45,2.61,2.69,102.0,991.0,0.3790345300292969,False,PUT,2026-04-17,GOOG
GOOG260417P00275000,275.0,3.1,3.1,3.2,46.0,980.0,0.373480386352539,False,PUT,2026-04-17,GOOG
GOOG260417P00280000,280.0,3.95,3.65,3.75,103.0,782.0,0.3667055517578125,False,PUT,2026-04-17,GOOG
GOOG260417P00285000,285.0,4.35,4.3,4.35,77.0,915.0,0.3591372680664062,False,PUT,2026-04-17,GOOG
GOOG260417P00290000,290.0,5.15,5.05,5.2,46.0,1149.0,0.35584140258789054,False,PUT,2026-04-17,GOOG
GOOG260417P00295000,295.0,6.05,6.0,6.15,56.0,763.0,0.3519657089233398,False,PUT,2026-04-17,GOOG
GOOG260417P00300000,300.0,7.1,7.0,7.2,67.0,1871.0,0.3474491525268554,False,PUT,2026-04-17,GOOG
GOOG260417P00305000,305.0,10.7,8.25,8.4,93.0,1911.0,0.343207251586914,False,PUT,2026-04-17,GOOG
GOOG260417P00310000,310.0,9.65,9.5,9.65,90.0,2022.0,0.33707327972412116,False,PUT,2026-04-17,GOOG
GOOG260417P00315000,315.0,11.39,11.0,11.15,90.0,878.0,0.33280086151123045,False,PUT,2026-04-17,GOOG
GOOG260417P00320000,320.0,13.0,12.7,12.85,125.0,1657.0,0.3290472369384765,False,PUT,2026-04-17,GOOG
GOOG260417P00325000,325.0,15.65,14.6,14.8,142.0,549.0,0.32651430328369135,False,PUT,2026-04-17,GOOG
GOOG260417P00330000,330.0,16.8,16.65,16.85,175.0,551.0,0.32248602325439446,False,PUT,2026-04-17,GOOG
GOOG260417P00335000,335.0,19.35,18.95,19.15,98.0,495.0,0.31940377868652337,False,PUT,2026-04-17,GOOG
GOOG260417P00340000,340.0,23.35,21.45,21.65,21.0,334.0,0.3163825686645507,True,PUT,2026-04-17,GOOG
GOOG260417P00345000,345.0,26.35,24.3,24.5,12.0,249.0,0.315863775024414,True,PUT,2026-04-17,GOOG
GOOG260417P00350000,350.0,29.4,27.1,27.3,34.0,1823.0,0.3113472186279296,True,PUT,2026-04-17,GOOG
GOOG260417P00355000,355.0,35.5,30.25,30.5,4.0,53.0,0.310279114074707,True,PUT,2026-04-17,GOOG
GOOG260417P00360000,360.0,32.7,33.5,34.45,8.0,87.0,0.31903757141113276,True,PUT,2026-04-17,GOOG
GOOG260417P00365000,365.0,43.94,36.85,37.8,3.0,65.0,0.31476515319824216,True,PUT,2026-04-17,GOOG
GOOG260417P00370000,370.0,47.84,40.35,41.85,3.0,56.0,0.3204108486938476,True,PUT,2026-04-17,GOOG
GOOG260417P00375000,375.0,54.4,44.3,45.9,15.0,42.0,0.3238593005371093,True,PUT,2026-04-17,GOOG
GOOG260417P00380000,380.0,54.8,48.2,49.7,2.0,69.0,0.31973946868896475,True,PUT,2026-04-17,GOOG
GOOG260417P00385000,385.0,57.9,52.25,53.85,33.0,147.0,0.3202582623291015,True,PUT,2026-04-17,GOOG
GOOG260417P00390000,390.0,60.3,56.5,58.1,2.0,53.0,0.32068550415039054,True,PUT,2026-04-17,GOOG
GOOG260417P00395000,395.0,64.8,60.85,62.45,26.0,26.0,0.32129584960937496,True,PUT,2026-04-17,GOOG
GOOG260417P00400000,400.0,67.8,65.3,66.95,1.0,14.0,0.3237372314453124,True,PUT,2026-04-17,GOOG
GOOG260417P00405000,405.0,70.85,69.85,71.45,6.0,22.0,0.3242255078124999,True,PUT,2026-04-17,GOOG
GOOG260417P00410000,410.0,76.93,74.4,76.1,11.0,18.0,0.3275213732910156,True,PUT,2026-04-17,GOOG
GOOG260417P00420000,420.0,83.14,83.1,85.5,10.0,7.0,0.33301448242187504,True,PUT,2026-04-17,GOOG
GOOG260515C00240000,240.0,91.45,99.65,102.3,4.0,18.0,0.5210619183349607,True,CALL,2026-05-15,GOOG
GOOG260515C00245000,245.0,98.9,95.2,97.9,2.0,53.0,0.5150805328369141,True,CALL,2026-05-15,GOOG
GOOG260515C00250000,250.0,93.58,90.9,92.65,6.0,183.0,0.5224046783447265,True,CALL,2026-05-15,GOOG
GOOG260515C00255000,255.0,82.95,87.0,88.4,1.0,122.0,0.5170336383056642,True,CALL,2026-05-15,GOOG
GOOG260515C00260000,260.0,70.1,81.9,83.7,2.0,53.0,0.49896741271972656,True,CALL,2026-05-15,GOOG
GOOG260515C00265000,265.0,77.73,77.5,79.3,1.0,27.0,0.4877065390014649,True,CALL,2026-05-15,GOOG
GOOG260515C00270000,270.0,69.05,73.2,75.3,1.0,70.0,0.48431912170410163,True,CALL,2026-05-15,GOOG
GOOG260515C00275000,275.0,70.74,68.95,70.65,6.0,72.0,0.4654899642944337,True,CALL,2026-05-15,GOOG
GOOG260515C00280000,280.0,66.09,64.85,66.5,2.0,83.0,0.4563652996826172,True,CALL,2026-05-15,GOOG
GOOG260515C00285000,285.0,61.6,60.8,62.5,1.0,32.0,0.44882753326416014,True,CALL,2026-05-15,GOOG
GOOG260515C00290000,290.0,57.67,57.15,58.45,3.0,56.0,0.4389399368286133,True,CALL,2026-05-15,GOOG
GOOG260515C00295000,295.0,49.6,53.1,54.6,1.0,74.0,0.43124958404541025,True,CALL,2026-05-15,GOOG
GOOG260515C00300000,300.0,44.25,50.1,51.45,31.0,256.0,0.4336604486083985,True,CALL,2026-05-15,GOOG
GOOG260515C00305000,305.0,44.75,46.15,48.0,4.0,68.0,0.42902182312011716,True,CALL,2026-05-15,GOOG
GOOG260515C00310000,310.0,39.0,43.15,44.2,15.0,149.0,0.41727267303466786,True,CALL,2026-05-15,GOOG
GOOG260515C00315000,315.0,34.75,39.75,40.8,14.0,369.0,0.4101621484375,True,CALL,2026-05-15,GOOG
GOOG260515C00320000,320.0,36.65,36.8,38.25,26.0,369.0,0.41379370391845705,True,CALL,2026-05-15,GOOG
GOOG260515C00325000,325.0,32.87,33.3,34.55,53.0,1795.0,0.3988707574462891,True,CALL,2026-05-15,GOOG
GOOG260515C00330000,330.0,31.49,31.6,31.8,81.0,483.0,0.39584954742431644,True,CALL,2026-05-15,GOOG
GOOG260515C00335000,335.0,29.07,29.0,29.2,50.0,306.0,0.39304195831298827,True,CALL,2026-05-15,GOOG
GOOG260515C00340000,340.0,25.25,26.5,26.7,27.0,513.0,0.3897460928344727,False,CALL,2026-05-15,GOOG
GOOG260515C00345000,345.0,23.15,24.15,24.35,68.0,363.0,0.38663333099365227,False,CALL,2026-05-15,GOOG
GOOG260515C00350000,350.0,21.95,22.1,22.3,119.0,598.0,0.3858093646240234,False,CALL,2026-05-15,GOOG
GOOG260515C00355000,355.0,19.58,20.1,20.25,21.0,140.0,0.38315436187744134,False,CALL,2026-05-15,GOOG
GOOG260515C00360000,360.0,17.75,18.15,18.35,64.0,330.0,0.38077401458740234,False,CALL,2026-05-15,GOOG
GOOG260515C00365000,365.0,16.05,16.35,16.55,130.0,431.0,0.3779969427490234,False,CALL,2026-05-15,GOOG
GOOG260515C00370000,370.0,14.6,14.85,15.0,10.0,248.0,0.3770203900146484,False,CALL,2026-05-15,GOOG
GOOG260515C00375000,375.0,12.54,13.4,13.55,91.0,377.0,0.3758454750061035,False,CALL,2026-05-15,GOOG
GOOG260515C00380000,380.0,11.85,12.1,12.3,70.0,568.0,0.37604383728027346,False,CALL,2026-05-15,GOOG
GOOG260515C00385000,385.0,10.3,10.85,11.05,19.0,294.0,0.37460952545166015,False,CALL,2026-05-15,GOOG
GOOG260515C00390000,390.0,8.7,9.75,9.95,5.0,277.0,0.37399917999267573,False,CALL,2026-05-15,GOOG
GOOG260515C00395000,395.0,8.8,8.75,8.9,16.0,775.0,0.3726564199829102,False,CALL,2026-05-15,GOOG
GOOG260515C00400000,400.0,7.85,7.85,8.0,63.0,306.0,0.3723817645263672,False,CALL,2026-05-15,GOOG
GOOG260515C00405000,405.0,6.95,7.1,7.25,6.0,151.0,0.373480386352539,False,CALL,2026-05-15,GOOG
GOOG260515C00410000,410.0,5.6,6.35,6.5,3.0,287.0,0.37320573089599607,False,CALL,2026-05-15,GOOG
GOOG260515C00415000,415.0,5.6,5.7,5.8,1.0,174.0,0.3725343508911133,False,CALL,2026-05-15,GOOG
GOOG260515C00420000,420.0,4.11,5.05,5.15,2.0,212.0,0.37152728088378906,False,CALL,2026-05-15,GOOG
GOOG260515C00425000,425.0,4.3,4.55,4.7,8.0,228.0,0.3737855590820312,False,CALL,2026-05-15,GOOG
GOOG260515C00430000,430.0,4.0,4.05,4.2,5.0,36.0,0.3737245245361328,False,CALL,2026-05-15,GOOG
GOOG260515C00435000,435.0,3.55,3.65,3.8,4.0,117.0,0.37506728454589844,False,CALL,2026-05-15,GOOG
GOOG260515P00240000,240.0,2.21,1.94,1.99,52.0,250.0,0.42212491943359376,False,PUT,2026-05-15,GOOG
GOOG260515P00245000,245.0,2.41,2.24,2.3,4.0,514.0,0.41528905029296875,False,PUT,2026-05-15,GOOG
GOOG260515P00250000,250.0,2.9,2.59,2.67,2.0,634.0,0.40930766479492187,False,PUT,2026-05-15,GOOG
GOOG260515P00255000,255.0,3.13,3.0,3.1,1.0,738.0,0.4036314520263672,False,PUT,2026-05-15,GOOG
GOOG260515P00260000,260.0,4.5,3.5,3.6,32.0,2159.0,0.398443515625,False,PUT,2026-05-15,GOOG
GOOG260515P00265000,265.0,4.65,4.05,4.15,10.0,496.0,0.39288937194824214,False,PUT,2026-05-15,GOOG
GOOG260515P00270000,270.0,4.75,4.65,4.75,4.0,463.0,0.3868164346313476,False,PUT,2026-05-15,GOOG
GOOG260515P00275000,275.0,6.15,5.3,5.45,95.0,350.0,0.38147591186523433,False,PUT,2026-05-15,GOOG
GOOG260515P00280000,280.0,6.15,6.1,6.3,87.0,922.0,0.37772228729248036,False,PUT,2026-05-15,GOOG
GOOG260515P00285000,285.0,8.76,7.05,7.1,21.0,544.0,0.37079486633300784,False,PUT,2026-05-15,GOOG
GOOG260515P00290000,290.0,8.85,8.05,8.2,46.0,403.0,0.3681398635864258,False,PUT,2026-05-15,GOOG
GOOG260515P00295000,295.0,10.05,9.25,9.35,53.0,265.0,0.36414210083007814,False,PUT,2026-05-15,GOOG
GOOG260515P00300000,300.0,10.65,10.45,10.65,91.0,659.0,0.36072416625976556,False,PUT,2026-05-15,GOOG
GOOG260515P00305000,305.0,12.64,11.8,11.95,58.0,9135.0,0.3551700225830078,False,PUT,2026-05-15,GOOG
GOOG260515P00310000,310.0,14.45,13.35,13.55,17.0,249.0,0.35242346801757807,False,PUT,2026-05-15,GOOG
GOOG260515P00315000,315.0,15.5,15.0,15.15,116.0,245.0,0.3474796697998046,False,PUT,2026-05-15,GOOG
GOOG260515P00320000,320.0,17.1,16.9,17.1,10554.0,190.0,0.34564863342285157,False,PUT,2026-05-15,GOOG
GOOG260515P00325000,325.0,19.02,18.9,19.1,94.0,1139.0,0.34229173339843744,False,PUT,2026-05-15,GOOG
GOOG260515P00330000,330.0,22.15,21.15,21.35,33.0,807.0,0.34027759338378905,False,PUT,2026-05-15,GOOG
GOOG260515P00335000,335.0,26.2,23.45,23.65,14.0,195.0,0.3367681069946289,False,PUT,2026-05-15,GOOG
GOOG260515P00340000,340.0,28.8,25.9,26.1,20.0,234.0,0.33313655151367194,True,PUT,2026-05-15,GOOG
GOOG260515P00345000,345.0,30.0,28.6,28.8,6.0,73.0,0.3307256869506836,True,PUT,2026-05-15,GOOG
GOOG260515P00350000,350.0,35.9,31.5,31.7,15.0,36.0,0.3289251678466796,True,PUT,2026-05-15,GOOG
GOOG260515P00355000,355.0,37.85,34.4,34.65,5.0,41.0,0.325629302368164,True,PUT,2026-05-15,GOOG
GOOG260515P00360000,360.0,42.82,37.6,37.8,5.0,15.0,0.322974299621582,True,PUT,2026-05-15,GOOG
GOOG260515P00365000,365.0,45.95,40.7,41.9,3.0,29.0,0.33209896423339846,True,PUT,2026-05-15,GOOG
GOOG260515P00370000,370.0,45.34,43.6,45.3,1.0,5.0,0.3291693060302734,True,PUT,2026-05-15,GOOG
GOOG260515P00375000,375.0,50.8,47.7,48.95,3.0,12.0,0.32794861511230466,True,PUT,2026-05-15,GOOG
GOOG260515P00380000,380.0,51.0,51.55,53.1,1.0,64.0,0.3329534478759766,True,PUT,2026-05-15,GOOG
GOOG260515P00385000,385.0,65.55,54.95,56.55,30.0,34.0,0.3244696459960937,True,PUT,2026-05-15,GOOG
GOOG260515P00390000,390.0,63.2,59.25,60.55,1.0,9.0,0.3232489550781249,True,PUT,2026-05-15,GOOG
GOOG260515P00395000,395.0,64.6,62.8,65.1,2.0,17.0,0.3306341351318359,True,PUT,2026-05-15,GOOG
GOOG260515P00400000,400.0,68.9,66.95,69.3,100.0,102.0,0.3300237896728515,True,PUT,2026-05-15,GOOG
GOOG260515P00405000,405.0,76.4,71.3,73.6,1.0,5.0,0.3297491342163086,True,PUT,2026-05-15,GOOG
GOOG260515P00410000,410.0,85.75,75.65,78.0,,5.0,0.33005430694580074,True,PUT,2026-05-15,GOOG
GOOG260515P00415000,415.0,81.98,80.25,82.45,2.0,2.0,0.3300237896728515,True,PUT,2026-05-15,GOOG
GOOG260515P00420000,420.0,89.65,85.0,86.5,1.0,2.0,0.31726756958007807,True,PUT,2026-05-15,GOOG
GOOG260618C00240000,240.0,100.0,101.85,103.95,12.0,2330.0,0.5063831100463867,True,CALL,2026-06-18,GOOG
GOOG260618C00245000,245.0,90.95,97.0,99.5,1.0,629.0,0.5216722637939453,True,CALL,2026-06-18,GOOG
GOOG260618C00250000,250.0,89.7,92.6,95.05,70.0,8659.0,0.5101977691650392,True,CALL,2026-06-18,GOOG
GOOG260618C00255000,255.0,83.86,88.2,90.15,6.0,2649.0,0.4886525744628907,True,CALL,2026-06-18,GOOG
GOOG260618C00260000,260.0,78.02,83.9,86.5,2.0,1749.0,0.49228412994384774,True,CALL,2026-06-18,GOOG
GOOG260618C00265000,265.0,80.5,79.65,82.1,5.0,390.0,0.4796804962158203,True,CALL,2026-06-18,GOOG
GOOG260618C00270000,270.0,74.38,76.15,77.85,10.0,1103.0,0.4691825543212891,True,CALL,2026-06-18,GOOG
GOOG260618C00275000,275.0,67.8,71.9,73.45,5.0,654.0,0.4552971951293946,True,CALL,2026-06-18,GOOG
GOOG260618C00280000,280.0,66.3,68.05,69.55,10.0,3739.0,0.4491632232666015,True,CALL,2026-06-18,GOOG
GOOG260618C00285000,285.0,60.0,63.6,66.1,2.0,566.0,0.4489190850830078,True,CALL,2026-06-18,GOOG
GOOG260618C00290000,290.0,58.15,59.8,62.1,65.0,1187.0,0.4386957986450196,True,CALL,2026-06-18,GOOG
GOOG260618C00295000,295.0,52.62,56.8,58.15,3.0,800.0,0.42828940856933595,True,CALL,2026-06-18,GOOG
GOOG260618C00300000,300.0,52.1,54.15,54.4,122.0,5620.0,0.4197750894165039,True,CALL,2026-06-18,GOOG
GOOG260618C00305000,305.0,47.39,50.75,51.05,20.0,570.0,0.41563999893188475,True,CALL,2026-06-18,GOOG
GOOG260618C00310000,310.0,41.84,47.4,47.65,15.0,1343.0,0.4094602511596679,True,CALL,2026-06-18,GOOG
GOOG260618C00315000,315.0,42.65,44.25,44.4,12.0,1074.0,0.40396714202880857,True,CALL,2026-06-18,GOOG
GOOG260618C00320000,320.0,40.75,41.2,41.35,5067.0,9062.0,0.399694723815918,True,CALL,2026-06-18,GOOG
GOOG260618C00325000,325.0,37.71,38.3,38.45,40.0,1356.0,0.39588006469726567,True,CALL,2026-06-18,GOOG
GOOG260618C00330000,330.0,35.25,35.55,35.8,164.0,5842.0,0.39372859695434576,True,CALL,2026-06-18,GOOG
GOOG260618C00335000,335.0,32.8,32.9,33.1,65.0,1045.0,0.3895324719238281,True,CALL,2026-06-18,GOOG
GOOG260618C00340000,340.0,30.08,30.35,30.6,142.0,4104.0,0.38634341690063473,False,CALL,2026-06-18,GOOG
GOOG260618C00345000,345.0,27.91,28.1,28.3,32.0,596.0,0.38413091461181637,False,CALL,2026-06-18,GOOG
GOOG260618C00350000,350.0,24.63,25.9,26.15,147.0,2451.0,0.38231513687133784,False,CALL,2026-06-18,GOOG
GOOG260618C00355000,355.0,23.65,23.75,23.9,20.0,2109.0,0.3779053909301757,False,CALL,2026-06-18,GOOG
GOOG260618C00360000,360.0,20.75,21.95,22.1,67.0,1482.0,0.3775086663818359,False,CALL,2026-06-18,GOOG
GOOG260618C00365000,365.0,19.68,20.15,20.25,4.0,948.0,0.37517409500122073,False,CALL,2026-06-18,GOOG
GOOG260618C00370000,370.0,18.23,18.4,18.55,19.0,2903.0,0.373327799987793,False,CALL,2026-06-18,GOOG
GOOG260618C00375000,375.0,16.65,16.85,17.0,7.0,7585.0,0.3720460745239258,False,CALL,2026-06-18,GOOG
GOOG260618C00380000,380.0,14.75,15.35,15.5,15.0,7477.0,0.37007771041870113,False,CALL,2026-06-18,GOOG
GOOG260618C00385000,385.0,13.37,14.1,14.25,63.0,1031.0,0.370123486328125,False,CALL,2026-06-18,GOOG
GOOG260618C00390000,390.0,11.4,12.75,12.95,4.0,2128.0,0.36829244995117194,False,CALL,2026-06-18,GOOG
GOOG260618C00395000,395.0,12.0,11.75,11.95,7.0,446.0,0.36939107177734376,False,CALL,2026-06-18,GOOG
GOOG260618C00400000,400.0,10.85,10.75,10.9,214.0,5514.0,0.3686891744995118,False,CALL,2026-06-18,GOOG
GOOG260618C00405000,405.0,8.01,9.8,9.9,8.0,633.0,0.3675295181274414,False,CALL,2026-06-18,GOOG
GOOG260618C00410000,410.0,7.69,8.9,9.1,2.0,1328.0,0.3683840017700196,False,CALL,2026-06-18,GOOG
GOOG260618C00420000,420.0,6.22,7.35,7.5,1.0,963.0,0.3669191726684571,False,CALL,2026-06-18,GOOG
GOOG260618C00430000,430.0,5.89,6.1,6.2,24.0,3260.0,0.36646141357421874,False,CALL,2026-06-18,GOOG
GOOG260618P00240000,240.0,3.25,2.91,2.98,3.0,1191.0,0.40582869567871094,False,PUT,2026-06-18,GOOG
GOOG260618P00245000,245.0,3.27,3.3,3.45,5.0,316.0,0.40161731201171874,False,PUT,2026-06-18,GOOG
GOOG260618P00250000,250.0,4.0,3.8,3.9,12.0,2358.0,0.39523920196533213,False,PUT,2026-06-18,GOOG
GOOG260618P00255000,255.0,4.33,4.3,4.45,8.0,832.0,0.3902648864746094,False,PUT,2026-06-18,GOOG
GOOG260618P00260000,260.0,5.41,4.95,5.1,32.0,5857.0,0.38623660644531244,False,PUT,2026-06-18,GOOG
GOOG260618P00265000,265.0,6.4,5.6,5.75,21.0,1264.0,0.38056039367675776,False,PUT,2026-06-18,GOOG
GOOG260618P00270000,270.0,6.73,6.35,6.55,20.0,1267.0,0.376684700012207,False,PUT,2026-06-18,GOOG
GOOG260618P00275000,275.0,8.61,7.2,7.4,2.0,1581.0,0.3721376263427735,False,PUT,2026-06-18,GOOG
GOOG260618P00280000,280.0,9.47,8.15,8.3,6.0,1005.0,0.36701072448730465,False,PUT,2026-06-18,GOOG
GOOG260618P00285000,285.0,10.63,9.2,9.4,22.0,930.0,0.363836928100586,False,PUT,2026-06-18,GOOG
GOOG260618P00290000,290.0,10.76,10.3,10.5,2.0,5806.0,0.3589846817016602,False,PUT,2026-06-18,GOOG
GOOG260618P00295000,295.0,13.28,11.6,11.8,70.0,1146.0,0.3556888162231445,False,PUT,2026-06-18,GOOG
GOOG260618P00300000,300.0,13.24,12.9,13.1,37.0,1463.0,0.35074501800537106,False,PUT,2026-06-18,GOOG
GOOG260618P00305000,305.0,14.83,14.45,14.6,35.0,662.0,0.34708294525146477,False,PUT,2026-06-18,GOOG
GOOG260618P00310000,310.0,18.35,16.05,16.2,1.0,2783.0,0.34314621704101556,False,PUT,2026-06-18,GOOG
GOOG260618P00315000,315.0,18.2,17.85,18.05,22.0,627.0,0.34085742156982424,False,PUT,2026-06-18,GOOG
GOOG260618P00320000,320.0,21.45,19.7,19.95,572.0,4231.0,0.337470004272461,False,PUT,2026-06-18,GOOG
GOOG260618P00325000,325.0,23.6,21.75,21.95,64.0,1584.0,0.3336858624267578,False,PUT,2026-06-18,GOOG
GOOG260618P00330000,330.0,25.15,23.95,24.15,34.0,938.0,0.33066465240478515,False,PUT,2026-06-18,GOOG
GOOG260618P00335000,335.0,29.6,26.25,26.45,33.0,447.0,0.3271856832885742,False,PUT,2026-06-18,GOOG
GOOG260618P00340000,340.0,29.55,28.8,28.95,19.0,770.0,0.3244086114501953,True,PUT,2026-06-18,GOOG
GOOG260618P00345000,345.0,35.2,31.45,31.7,13.0,181.0,0.3229132650756835,True,PUT,2026-06-18,GOOG
GOOG260618P00350000,350.0,34.25,34.25,34.5,2.0,188.0,0.32034981414794916,True,PUT,2026-06-18,GOOG
GOOG260618P00355000,355.0,39.9,37.05,37.35,15.0,320.0,0.3166724827575683,True,PUT,2026-06-18,GOOG
GOOG260618P00360000,360.0,44.5,40.15,40.45,4.0,305.0,0.3143531700134277,True,PUT,2026-06-18,GOOG
GOOG260618P00365000,365.0,47.05,43.4,43.75,25.0,160.0,0.31284256500244134,True,PUT,2026-06-18,GOOG
GOOG260618P00370000,370.0,46.9,46.8,47.1,2.0,87.0,0.3103248899841308,True,PUT,2026-06-18,GOOG
GOOG260618P00375000,375.0,53.7,50.25,50.5,8.0,414.0,0.3067391104125976,True,PUT,2026-06-18,GOOG
GOOG260618P00380000,380.0,58.3,53.75,54.05,1.0,96.0,0.30344324493408203,True,PUT,2026-06-18,GOOG
GOOG260618P00385000,385.0,62.1,57.4,57.75,18.0,81.0,0.30051358673095707,True,PUT,2026-06-18,GOOG
GOOG260618P00390000,390.0,66.05,61.3,61.65,19.0,130.0,0.29883513671874995,True,PUT,2026-06-18,GOOG
GOOG260618P00395000,395.0,64.4,65.2,65.55,1.0,85.0,0.2954477194213867,True,PUT,2026-06-18,GOOG
GOOG260618P00400000,400.0,71.55,69.25,69.6,1.0,93.0,0.29279271667480455,True,PUT,2026-06-18,GOOG
GOOG260618P00405000,405.0,77.05,73.2,74.5,31.0,36.0,0.3037484176635742,True,PUT,2026-06-18,GOOG
GOOG260618P00410000,410.0,77.05,77.45,79.25,2.0,41.0,0.31153032226562494,True,PUT,2026-06-18,GOOG
GOOG260618P00420000,420.0,85.45,86.15,87.95,2.0,11.0,0.30930256134033207,True,PUT,2026-06-18,GOOG
GOOG260618P00430000,430.0,106.55,95.15,96.45,12.0,11.0,0.29560030578613283,True,PUT,2026-06-18,GOOG
GOOG260717C00240000,240.0,104.95,103.2,105.25,1.0,4.0,0.5128222546386718,True,CALL,2026-07-17,GOOG
GOOG260717C00245000,245.0,98.95,98.8,100.85,,4.0,0.5026294854736328,True,CALL,2026-07-17,GOOG
GOOG260717C00250000,250.0,90.0,94.5,96.2,7.0,120.0,0.4870656762695313,True,CALL,2026-07-17,GOOG
GOOG260717C00255000,255.0,90.21,90.85,92.75,1.0,9.0,0.4930775790405274,True,CALL,2026-07-17,GOOG
GOOG260717C00260000,260.0,84.81,86.6,88.85,4.0,29.0,0.48923240264892587,True,CALL,2026-07-17,GOOG
GOOG260717C00265000,265.0,72.65,82.55,84.5,5.0,41.0,0.4769034243774414,True,CALL,2026-07-17,GOOG
GOOG260717C00270000,270.0,77.65,77.8,79.55,3.0,33.0,0.45465633239746095,True,CALL,2026-07-17,GOOG
GOOG260717C00275000,275.0,75.1,74.45,76.5,1.0,21.0,0.46143116699218756,True,CALL,2026-07-17,GOOG
GOOG260717C00280000,280.0,64.4,69.95,71.8,1.0,11.0,0.44229683685302734,True,CALL,2026-07-17,GOOG
GOOG260717C00285000,285.0,62.0,66.15,67.95,3.0,19.0,0.4350032086181641,True,CALL,2026-07-17,GOOG
GOOG260717C00290000,290.0,60.25,62.5,64.95,2.0,11.0,0.43826855682373045,True,CALL,2026-07-17,GOOG
GOOG260717C00295000,295.0,50.32,58.9,60.75,35.0,25.0,0.42426112854003906,True,CALL,2026-07-17,GOOG
GOOG260717C00300000,300.0,54.9,55.8,56.9,20.0,67.0,0.41417516983032227,True,CALL,2026-07-17,GOOG
GOOG260717C00305000,305.0,51.2,52.15,53.9,26.0,47.0,0.4137479280090332,True,CALL,2026-07-17,GOOG
GOOG260717C00310000,310.0,49.77,48.9,50.7,2.0,28.0,0.4095823202514648,True,CALL,2026-07-17,GOOG
GOOG260717C00315000,315.0,43.75,46.0,47.55,6.0,13.0,0.40488266021728514,True,CALL,2026-07-17,GOOG
GOOG260717C00320000,320.0,40.88,42.85,44.4,2.0,54.0,0.39905386108398444,True,CALL,2026-07-17,GOOG
GOOG260717C00325000,325.0,37.43,40.15,41.7,459.0,48.0,0.3972533419799804,True,CALL,2026-07-17,GOOG
GOOG260717C00330000,330.0,37.88,37.6,39.05,20.0,169.0,0.3947814428710938,True,CALL,2026-07-17,GOOG
GOOG260717C00335000,335.0,35.6,35.95,36.2,35.0,373.0,0.38893738510131837,True,CALL,2026-07-17,GOOG
GOOG260717C00340000,340.0,33.0,33.45,33.75,45.0,473.0,0.38634341690063473,False,CALL,2026-07-17,GOOG
GOOG260717C00345000,345.0,26.67,31.15,31.35,4.0,172.0,0.3831238446044921,False,CALL,2026-07-17,GOOG
GOOG260717C00350000,350.0,28.73,28.85,29.1,19.0,340.0,0.3803925486755371,False,CALL,2026-07-17,GOOG
GOOG260717C00355000,355.0,26.0,26.8,27.05,5.0,132.0,0.37868358139038083,False,CALL,2026-07-17,GOOG
GOOG260717C00360000,360.0,24.4,24.8,25.0,6.0,141.0,0.3758302163696289,False,CALL,2026-07-17,GOOG
GOOG260717C00365000,365.0,23.35,23.05,23.25,5.0,88.0,0.3751588363647461,False,CALL,2026-07-17,GOOG
GOOG260717C00370000,370.0,19.45,21.3,21.5,1.0,143.0,0.3733735758972168,False,CALL,2026-07-17,GOOG
GOOG260717C00375000,375.0,19.25,19.7,19.9,42.0,284.0,0.37219866088867193,False,CALL,2026-07-17,GOOG
GOOG260717C00380000,380.0,15.5,18.0,18.2,8.0,120.0,0.3687654676818848,False,CALL,2026-07-17,GOOG
GOOG260717C00385000,385.0,15.95,16.65,16.85,2.0,66.0,0.3683382258605958,False,CALL,2026-07-17,GOOG
GOOG260717C00390000,390.0,14.61,15.4,15.65,15.0,311.0,0.3687044331359864,False,CALL,2026-07-17,GOOG
GOOG260717C00395000,395.0,12.0,14.1,14.3,12.0,50.0,0.3662325340270996,False,CALL,2026-07-17,GOOG
GOOG260717C00400000,400.0,12.9,13.1,13.25,936.0,469.0,0.36652244812011714,False,CALL,2026-07-17,GOOG
GOOG260717C00405000,405.0,10.75,12.0,12.2,25.0,51.0,0.3658510681152344,False,CALL,2026-07-17,GOOG
GOOG260717C00410000,410.0,11.0,11.1,11.3,30.0,53.0,0.36629356857299805,False,CALL,2026-07-17,GOOG
GOOG260717C00420000,420.0,8.94,9.35,9.55,1.0,46.0,0.36521020538330085,False,CALL,2026-07-17,GOOG
GOOG260717C00430000,430.0,7.9,7.85,8.05,5.0,26.0,0.3643252044677735,False,CALL,2026-07-17,GOOG
GOOG260717P00240000,240.0,4.35,3.7,3.8,4.0,36.0,0.3943542010498047,False,PUT,2026-07-17,GOOG
GOOG260717P00245000,245.0,4.14,4.15,4.3,2.0,625.0,0.38922729919433596,False,PUT,2026-07-17,GOOG
GOOG260717P00250000,250.0,4.8,4.75,4.85,217.0,463.0,0.38403936279296874,False,PUT,2026-07-17,GOOG
GOOG260717P00255000,255.0,6.1,5.35,5.5,4.0,28.0,0.37985849639892577,False,PUT,2026-07-17,GOOG
GOOG260717P00260000,260.0,6.25,6.1,6.2,1.0,237.0,0.3753724572753906,False,PUT,2026-07-17,GOOG
GOOG260717P00265000,265.0,7.75,6.9,7.0,2.0,82.0,0.37152728088378906,False,PUT,2026-07-17,GOOG
GOOG260717P00270000,270.0,8.1,7.7,7.85,16.0,389.0,0.367193828125,False,PUT,2026-07-17,GOOG
GOOG260717P00275000,275.0,9.75,8.6,8.8,31.0,896.0,0.36322658264160157,False,PUT,2026-07-17,GOOG
GOOG260717P00280000,280.0,10.07,9.75,9.85,4.0,96.0,0.35950347534179683,False,PUT,2026-07-17,GOOG
GOOG260717P00285000,285.0,10.9,10.85,11.0,113.0,1213.0,0.3559329544067382,False,PUT,2026-07-17,GOOG
GOOG260717P00290000,290.0,13.6,12.05,12.2,2.0,153.0,0.35169105346679685,False,PUT,2026-07-17,GOOG
GOOG260717P00295000,295.0,15.15,13.35,13.6,28.0,129.0,0.34885294708251957,False,PUT,2026-07-17,GOOG
GOOG260717P00300000,300.0,15.0,14.75,14.95,84.0,536.0,0.34393966613769533,False,PUT,2026-07-17,GOOG
GOOG260717P00305000,305.0,16.06,16.35,16.55,8.0,191.0,0.34088793884277346,False,PUT,2026-07-17,GOOG
GOOG260717P00310000,310.0,18.2,18.15,18.25,180.0,518.0,0.33765310791015624,False,PUT,2026-07-17,GOOG
GOOG260717P00315000,315.0,21.7,19.95,20.2,20.0,116.0,0.3359593992614746,False,PUT,2026-07-17,GOOG
GOOG260717P00320000,320.0,22.7,21.8,22.0,9.0,334.0,0.331061376953125,False,PUT,2026-07-17,GOOG
GOOG260717P00325000,325.0,24.0,23.85,24.1,47.0,352.0,0.3282385292053222,False,PUT,2026-07-17,GOOG
GOOG260717P00330000,330.0,26.4,26.1,26.35,37.0,299.0,0.32565981964111324,False,PUT,2026-07-17,GOOG
GOOG260717P00335000,335.0,31.8,28.4,28.7,25.0,45.0,0.3227454200744628,False,PUT,2026-07-17,GOOG
GOOG260717P00340000,340.0,32.8,30.9,31.15,11.0,332.0,0.31951058914184566,True,PUT,2026-07-17,GOOG
GOOG260717P00345000,345.0,33.55,33.6,33.8,1.0,39.0,0.317038690032959,True,PUT,2026-07-17,GOOG
GOOG260717P00350000,350.0,37.8,36.45,36.75,33.0,74.0,0.31641308593749995,True,PUT,2026-07-17,GOOG
GOOG260717P00355000,355.0,44.25,39.25,39.5,1.0,4.0,0.3122017022705078,True,PUT,2026-07-17,GOOG
GOOG260717P00360000,360.0,42.65,42.3,42.5,5.0,7.0,0.30930256134033207,True,PUT,2026-07-17,GOOG
GOOG260717P00365000,365.0,46.3,45.45,45.7,1.0,13.0,0.3072273867797851,True,PUT,2026-07-17,GOOG
GOOG260717P00370000,370.0,50.4,48.65,48.95,2.0,6.0,0.30429772857666015,True,PUT,2026-07-17,GOOG
GOOG260717P00375000,375.0,54.49,51.85,53.3,,36.0,0.3129951513671875,True,PUT,2026-07-17,GOOG
GOOG260717P00380000,380.0,58.35,55.35,56.85,4.0,10.0,0.3111488563537597,True,PUT,2026-07-17,GOOG
GOOG260717P00385000,385.0,66.55,59.0,60.25,,1.0,0.30605247177124023,True,PUT,2026-07-17,GOOG
GOOG260717P00390000,390.0,70.15,62.8,64.65,,1.0,0.3124153231811523,True,PUT,2026-07-17,GOOG
GOOG260717P00400000,400.0,76.3,70.6,72.5,,0.0,0.3096840272521973,True,PUT,2026-07-17,GOOG
GOOG260717P00405000,405.0,81.0,74.65,76.55,,1.0,0.30823445678710937,True,PUT,2026-07-17,GOOG
GOOG260717P00420000,420.0,94.15,87.3,89.25,,30.0,0.3053047985839844,True,PUT,2026-07-17,GOOG
GOOG260821C00250000,250.0,92.82,96.4,99.45,,1.0,0.4978382736206055,True,CALL,2026-08-21,GOOG
GOOG260821C00265000,265.0,80.43,84.15,86.95,2.0,2.0,0.4699760034179688,True,CALL,2026-08-21,GOOG
GOOG260821C00295000,295.0,61.13,62.15,64.95,,3.0,0.43579665771484377,True,CALL,2026-08-21,GOOG
GOOG260821C00300000,300.0,56.0,58.5,61.1,7.0,6.0,0.4252681985473633,True,CALL,2026-08-21,GOOG
GOOG260821C00315000,315.0,48.65,49.05,52.0,,1.0,0.41608249938964836,True,CALL,2026-08-21,GOOG
GOOG260821C00330000,330.0,39.09,40.95,43.8,15.0,7.0,0.407781801147461,True,CALL,2026-08-21,GOOG
GOOG260821C00335000,335.0,37.54,39.95,40.8,2.0,73.0,0.4004576556396484,True,CALL,2026-08-21,GOOG
GOOG260821C00340000,340.0,38.0,37.7,38.45,4.0,49.0,0.3987792056274414,False,CALL,2026-08-21,GOOG
GOOG260821C00350000,350.0,30.7,33.45,33.95,3.0,81.0,0.3945983392333985,False,CALL,2026-08-21,GOOG
GOOG260821C00360000,360.0,29.13,28.75,29.7,7.0,9.0,0.38922729919433596,False,CALL,2026-08-21,GOOG
GOOG260821C00375000,375.0,22.7,23.4,24.4,1.0,4.0,0.3852447950744628,False,CALL,2026-08-21,GOOG
GOOG260821C00400000,400.0,14.6,16.4,17.35,1.0,60.0,0.3802552209472656,False,CALL,2026-08-21,GOOG
GOOG260821C00410000,410.0,12.7,14.35,15.15,14.0,2.0,0.37958384094238284,False,CALL,2026-08-21,GOOG
GOOG260821C00420000,420.0,11.7,12.25,13.15,,200.0,0.37831737411499017,False,CALL,2026-08-21,GOOG
GOOG260821C00430000,430.0,10.33,10.85,11.5,11.0,13.0,0.3786072882080078,False,CALL,2026-08-21,GOOG
GOOG260821P00240000,240.0,5.2,4.8,5.3,1.0,2.0,0.3955748919677735,False,PUT,2026-08-21,GOOG
GOOG260821P00245000,245.0,5.7,5.65,6.05,21.0,0.0,0.393560751953125,False,PUT,2026-08-21,GOOG
GOOG260821P00250000,250.0,6.64,6.1,6.65,4.0,8.0,0.387152124633789,False,PUT,2026-08-21,GOOG
GOOG260821P00255000,255.0,7.2,6.7,7.4,1.0,2.0,0.3826355682373046,False,PUT,2026-08-21,GOOG
GOOG260821P00265000,265.0,9.1,8.6,9.2,1.0,164.0,0.3754029745483398,False,PUT,2026-08-21,GOOG
GOOG260821P00270000,270.0,10.7,9.55,10.15,85.0,2.0,0.37082538360595707,False,PUT,2026-08-21,GOOG
GOOG260821P00290000,290.0,15.9,14.35,15.1,8.0,2.0,0.3574435594177246,False,PUT,2026-08-21,GOOG
GOOG260821P00300000,300.0,18.1,17.4,18.15,10.0,12.0,0.35098915618896476,False,PUT,2026-08-21,GOOG
GOOG260821P00305000,305.0,19.3,19.3,19.9,1.0,2.0,0.34859355026245115,False,PUT,2026-08-21,GOOG
GOOG260821P00325000,325.0,29.9,27.0,27.8,24.0,1.0,0.3370122451782227,False,PUT,2026-08-21,GOOG
GOOG260918C00240000,240.0,105.62,106.35,109.2,2.0,870.0,0.5046436254882812,True,CALL,2026-09-18,GOOG
GOOG260918C00245000,245.0,92.85,102.15,105.0,2.0,415.0,0.4961903408813477,True,CALL,2026-09-18,GOOG
GOOG260918C00250000,250.0,93.0,98.0,100.35,8.0,1417.0,0.48056549713134766,True,CALL,2026-09-18,GOOG
GOOG260918C00255000,255.0,95.34,94.0,96.9,2.0,518.0,0.4820303262329102,True,CALL,2026-09-18,GOOG
GOOG260918C00260000,260.0,85.85,89.95,92.8,2.0,541.0,0.4733634207153321,True,CALL,2026-09-18,GOOG
GOOG260918C00265000,265.0,85.8,86.05,88.35,2.0,358.0,0.4595696133422852,True,CALL,2026-09-18,GOOG
GOOG260918C00270000,270.0,79.42,82.85,84.95,1.0,480.0,0.4589592678833009,True,CALL,2026-09-18,GOOG
GOOG260918C00275000,275.0,79.44,79.05,81.25,12.0,539.0,0.45358822784423825,True,CALL,2026-09-18,GOOG
GOOG260918C00280000,280.0,74.13,74.9,77.15,12.0,363.0,0.44275459594726563,True,CALL,2026-09-18,GOOG
GOOG260918C00285000,285.0,69.45,71.85,74.25,10.0,332.0,0.445318046875,True,CALL,2026-09-18,GOOG
GOOG260918C00290000,290.0,63.1,68.25,70.7,6.0,2490.0,0.43942821319580083,True,CALL,2026-09-18,GOOG
GOOG260918C00295000,295.0,61.65,66.2,66.5,16.0,310.0,0.4257564749145508,True,CALL,2026-09-18,GOOG
GOOG260918C00300000,300.0,59.08,62.9,63.25,43.0,1059.0,0.4218197467041016,True,CALL,2026-09-18,GOOG
GOOG260918C00305000,305.0,59.45,59.7,60.05,1.0,456.0,0.41760836303710935,True,CALL,2026-09-18,GOOG
GOOG260918C00310000,310.0,53.02,56.65,56.85,19.0,310.0,0.4125882716369628,True,CALL,2026-09-18,GOOG
GOOG260918C00315000,315.0,49.25,53.7,53.95,1.0,368.0,0.40978068252563477,True,CALL,2026-09-18,GOOG
GOOG260918C00320000,320.0,50.68,50.8,51.0,34.0,717.0,0.4056455920410156,True,CALL,2026-09-18,GOOG
GOOG260918C00325000,325.0,45.05,48.0,48.35,89.0,542.0,0.4035856761169434,True,CALL,2026-09-18,GOOG
GOOG260918C00330000,330.0,44.98,45.35,45.6,33.0,491.0,0.3997252410888672,True,CALL,2026-09-18,GOOG
GOOG260918C00335000,335.0,41.4,42.75,43.05,30.0,220.0,0.39694816925048826,True,CALL,2026-09-18,GOOG
GOOG260918C00340000,340.0,39.87,40.35,40.55,5.0,413.0,0.39380489013671877,False,CALL,2026-09-18,GOOG
GOOG260918C00345000,345.0,37.7,37.95,38.3,8.0,490.0,0.39220273330688477,False,CALL,2026-09-18,GOOG
GOOG260918C00350000,350.0,36.0,35.75,36.05,66.0,1225.0,0.3897613514709473,False,CALL,2026-09-18,GOOG
GOOG260918C00355000,355.0,33.25,33.7,33.95,14.0,157.0,0.38789979782104494,False,CALL,2026-09-18,GOOG
GOOG260918C00360000,360.0,28.68,31.65,31.95,13.0,2564.0,0.386175571899414,False,CALL,2026-09-18,GOOG
GOOG260918C00365000,365.0,28.6,29.7,30.0,5.0,254.0,0.38411565597534175,False,CALL,2026-09-18,GOOG
GOOG260918C00370000,370.0,25.75,27.9,28.15,7.0,1469.0,0.38222358505249016,False,CALL,2026-09-18,GOOG
GOOG260918C00375000,375.0,25.1,26.2,26.45,15.0,211.0,0.3809571182250976,False,CALL,2026-09-18,GOOG
GOOG260918C00380000,380.0,22.8,24.55,24.85,6.0,1316.0,0.3799042723083496,False,CALL,2026-09-18,GOOG
GOOG260918C00385000,385.0,21.74,23.0,23.25,2.0,289.0,0.3781037532043457,False,CALL,2026-09-18,GOOG
GOOG260918C00390000,390.0,21.15,21.55,21.8,1.0,428.0,0.377035648651123,False,CALL,2026-09-18,GOOG
GOOG260918C00395000,395.0,18.28,20.2,20.45,1.0,382.0,0.37622694091796877,False,CALL,2026-09-18,GOOG
GOOG260918C00400000,400.0,18.7,18.95,19.2,28.0,756.0,0.37575392318725587,False,CALL,2026-09-18,GOOG
GOOG260918C00405000,405.0,15.4,17.75,18.0,1.0,251.0,0.37509780181884766,False,CALL,2026-09-18,GOOG
GOOG260918C00410000,410.0,14.75,16.6,16.85,14.0,990.0,0.3743196113586425,False,CALL,2026-09-18,GOOG
GOOG260918C00420000,420.0,14.05,14.55,14.8,2.0,467.0,0.373480386352539,False,CALL,2026-09-18,GOOG
GOOG260918C00425000,425.0,12.31,13.55,13.8,29.0,50.0,0.3723970231628418,False,CALL,2026-09-18,GOOG
GOOG260918C00430000,430.0,12.26,12.6,12.85,20.0,666.0,0.3712373667907715,False,CALL,2026-09-18,GOOG
GOOG260918C00435000,435.0,11.75,11.9,12.15,2.0,41.0,0.37244279907226563,False,CALL,2026-09-18,GOOG
GOOG260918P00240000,240.0,6.4,5.7,5.85,6.0,585.0,0.3825745336914062,False,PUT,2026-09-18,GOOG
GOOG260918P00245000,245.0,6.9,6.35,6.55,3.0,310.0,0.3788514263916015,False,PUT,2026-09-18,GOOG
GOOG260918P00250000,250.0,8.3,7.1,7.3,17.0,6020.0,0.37494521545410153,False,PUT,2026-09-18,GOOG
GOOG260918P00255000,255.0,9.1,7.9,8.1,1.0,433.0,0.37082538360595707,False,PUT,2026-09-18,GOOG
GOOG260918P00260000,260.0,9.6,8.8,9.0,9.0,482.0,0.36725486267089846,False,PUT,2026-09-18,GOOG
GOOG260918P00265000,265.0,9.95,9.75,9.95,13.0,455.0,0.36340968627929693,False,PUT,2026-09-18,GOOG
GOOG260918P00270000,270.0,11.03,10.8,11.05,5.0,419.0,0.3606326144409179,False,PUT,2026-09-18,GOOG
GOOG260918P00275000,275.0,12.4,11.95,12.2,42.0,226.0,0.35739778350830076,False,PUT,2026-09-18,GOOG
GOOG260918P00280000,280.0,13.25,13.15,13.4,7.0,1341.0,0.3537662280273437,False,PUT,2026-09-18,GOOG
GOOG260918P00285000,285.0,16.05,14.45,14.75,2.0,276.0,0.3509281216430663,False,PUT,2026-09-18,GOOG
GOOG260918P00290000,290.0,17.33,15.95,16.2,1.0,391.0,0.3481815670776367,False,PUT,2026-09-18,GOOG
GOOG260918P00295000,295.0,19.3,17.4,17.65,5.0,292.0,0.344382166595459,False,PUT,2026-09-18,GOOG
GOOG260918P00300000,300.0,21.3,19.0,19.3,3.0,437.0,0.3417576811218262,False,PUT,2026-09-18,GOOG
GOOG260918P00305000,305.0,22.95,20.75,21.05,39.0,176.0,0.3391179370117187,False,PUT,2026-09-18,GOOG
GOOG260918P00310000,310.0,25.05,22.55,22.85,10.0,637.0,0.335944140625,False,PUT,2026-09-18,GOOG
GOOG260918P00315000,315.0,24.66,24.45,24.8,5.0,207.0,0.3332586206054688,False,PUT,2026-09-18,GOOG
GOOG260918P00320000,320.0,26.7,26.6,26.85,1.0,109.0,0.3304968074035644,False,PUT,2026-09-18,GOOG
GOOG260918P00325000,325.0,31.0,28.6,28.9,2.0,411.0,0.3267126655578613,False,PUT,2026-09-18,GOOG
GOOG260918P00330000,330.0,31.45,30.9,31.2,55.0,24139.0,0.324301800994873,False,PUT,2026-09-18,GOOG
GOOG260918P00335000,335.0,33.45,33.3,33.6,1.0,157.0,0.3217993846130371,False,PUT,2026-09-18,GOOG
GOOG260918P00340000,340.0,38.5,35.75,36.1,7.0,98.0,0.3191901577758788,True,PUT,2026-09-18,GOOG
GOOG260918P00345000,345.0,41.6,38.4,38.7,15.0,118.0,0.3164741204833984,True,PUT,2026-09-18,GOOG
GOOG260918P00350000,350.0,45.76,41.2,41.6,1.0,37.0,0.3155433436584472,True,PUT,2026-09-18,GOOG
GOOG260918P00355000,355.0,45.4,44.05,44.45,3.0,152.0,0.3131172204589844,True,PUT,2026-09-18,GOOG
GOOG260918P00360000,360.0,50.2,46.95,47.3,56.0,96.0,0.3096687686157227,True,PUT,2026-09-18,GOOG
GOOG260918P00365000,365.0,51.5,50.05,50.4,18.0,12.0,0.3075630767822265,True,PUT,2026-09-18,GOOG
GOOG260918P00370000,370.0,57.6,53.15,53.55,10.0,27.0,0.30490807403564457,True,PUT,2026-09-18,GOOG
GOOG260918P00375000,375.0,56.6,56.45,56.8,1.0,30.0,0.3022072953796387,True,PUT,2026-09-18,GOOG
GOOG260918P00380000,380.0,58.73,59.75,60.15,1.0,11.0,0.299460740814209,True,PUT,2026-09-18,GOOG
GOOG260918P00385000,385.0,79.35,63.2,63.65,14.0,41.0,0.2972024626159668,True,PUT,2026-09-18,GOOG
GOOG260918P00390000,390.0,66.75,66.9,67.35,7.0,11.0,0.2960428062438965,True,PUT,2026-09-18,GOOG
GOOG260918P00395000,395.0,84.85,70.55,71.0,2.0,16.0,0.29335728622436513,True,PUT,2026-09-18,GOOG
GOOG260918P00400000,400.0,78.54,74.25,74.7,24.0,65.0,0.29018348983764647,True,PUT,2026-09-18,GOOG
GOOG260918P00405000,405.0,80.35,78.15,78.65,3.0,58.0,0.2888407298278808,True,PUT,2026-09-18,GOOG
GOOG260918P00410000,410.0,86.05,82.1,82.55,3.0,43.0,0.2858958129882812,True,PUT,2026-09-18,GOOG
GOOG260918P00420000,420.0,108.88,90.15,90.65,11.0,27.0,0.28064684204101553,True,PUT,2026-09-18,GOOG
GOOG260918P00430000,430.0,104.3,98.4,98.9,2.0,23.0,0.272895454711914,True,PUT,2026-09-18,GOOG
GOOG261218C00240000,240.0,111.21,111.55,114.35,2.0,592.0,0.494771287689209,True,CALL,2026-12-18,GOOG
GOOG261218C00245000,245.0,106.96,107.6,109.85,1.0,233.0,0.4815267912292481,True,CALL,2026-12-18,GOOG
GOOG261218C00250000,250.0,99.37,103.65,105.95,1.0,1474.0,0.47531652618408204,True,CALL,2026-12-18,GOOG
GOOG261218C00255000,255.0,95.82,100.0,102.2,11.0,652.0,0.4703269520568848,True,CALL,2026-12-18,GOOG
GOOG261218C00260000,260.0,90.95,96.25,98.45,1.0,1917.0,0.4647880670166016,True,CALL,2026-12-18,GOOG
GOOG261218C00265000,265.0,87.1,92.7,94.4,1.0,879.0,0.4555565919494629,True,CALL,2026-12-18,GOOG
GOOG261218C00270000,270.0,83.05,88.85,91.1,35.0,1090.0,0.4537713314819336,True,CALL,2026-12-18,GOOG
GOOG261218C00275000,275.0,87.24,85.3,88.2,1.0,539.0,0.45528193649292,True,CALL,2026-12-18,GOOG
GOOG261218C00280000,280.0,83.0,82.05,84.1,1.0,1062.0,0.44421942504882805,True,CALL,2026-12-18,GOOG
GOOG261218C00285000,285.0,80.73,78.45,81.4,1.0,316.0,0.44624882369995117,True,CALL,2026-12-18,GOOG
GOOG261218C00290000,290.0,68.85,76.7,77.15,1.0,3792.0,0.43301958587646483,True,CALL,2026-12-18,GOOG
GOOG261218C00295000,295.0,67.35,73.5,73.95,1.0,318.0,0.4291744094848633,True,CALL,2026-12-18,GOOG
GOOG261218C00300000,300.0,70.0,70.55,70.9,16.0,2181.0,0.4260921649169922,True,CALL,2026-12-18,GOOG
GOOG261218C00305000,305.0,62.9,67.5,67.9,9.0,287.0,0.422857333984375,True,CALL,2026-12-18,GOOG
GOOG261218C00310000,310.0,60.56,64.4,64.8,19.0,1517.0,0.41817293258666993,True,CALL,2026-12-18,GOOG
GOOG261218C00315000,315.0,60.64,61.6,62.0,16.0,426.0,0.41547215393066406,True,CALL,2026-12-18,GOOG
GOOG261218C00320000,320.0,58.34,58.8,59.2,14.0,1146.0,0.412191547088623,True,CALL,2026-12-18,GOOG
GOOG261218C00325000,325.0,52.42,56.25,56.55,5.0,471.0,0.4095670616149902,True,CALL,2026-12-18,GOOG
GOOG261218C00330000,330.0,52.38,53.55,53.9,67.0,700.0,0.4063474893188477,True,CALL,2026-12-18,GOOG
GOOG261218C00335000,335.0,50.84,51.15,51.45,57.0,1236.0,0.40418076293945315,True,CALL,2026-12-18,GOOG
GOOG261218C00340000,340.0,48.7,48.7,49.1,22.0,698.0,0.4022429161071777,False,CALL,2026-12-18,GOOG
GOOG261218C00345000,345.0,42.5,46.4,46.75,3.0,357.0,0.3997252410888672,False,CALL,2026-12-18,GOOG
GOOG261218C00350000,350.0,43.69,44.0,44.4,165.0,7654.0,0.3966277378845215,False,CALL,2026-12-18,GOOG
GOOG261218C00355000,355.0,41.64,41.95,42.25,1.0,417.0,0.39456782196044926,False,CALL,2026-12-18,GOOG
GOOG261218C00360000,360.0,38.5,39.95,40.3,5007.0,1294.0,0.3935302346801758,False,CALL,2026-12-18,GOOG
GOOG261218C00365000,365.0,35.08,38.0,38.4,115.0,265.0,0.3923248023986816,False,CALL,2026-12-18,GOOG
GOOG261218C00370000,370.0,32.6,36.15,36.45,8.0,922.0,0.3901885932922364,False,CALL,2026-12-18,GOOG
GOOG261218C00375000,375.0,30.79,34.15,34.5,8.0,229.0,0.387503073272705,False,CALL,2026-12-18,GOOG
GOOG261218C00380000,380.0,32.44,32.4,32.7,14.0,469.0,0.38548893325805655,False,CALL,2026-12-18,GOOG
GOOG261218C00385000,385.0,29.2,30.95,31.25,1.0,130.0,0.3857483300781249,False,CALL,2026-12-18,GOOG
GOOG261218C00390000,390.0,27.4,29.3,29.6,5.0,312.0,0.38388677642822266,False,CALL,2026-12-18,GOOG
GOOG261218C00395000,395.0,24.85,27.85,28.2,46.0,530.0,0.38356634506225584,False,CALL,2026-12-18,GOOG
GOOG261218C00400000,400.0,26.2,26.4,26.7,35.0,3610.0,0.3819336709594726,False,CALL,2026-12-18,GOOG
GOOG261218C00405000,405.0,23.31,25.1,25.4,7.0,238.0,0.38147591186523433,False,CALL,2026-12-18,GOOG
GOOG261218C00410000,410.0,23.05,23.6,23.95,7.0,1029.0,0.3792786682128906,False,CALL,2026-12-18,GOOG
GOOG261218C00420000,420.0,19.0,21.4,21.75,11.0,760.0,0.37946177185058594,False,CALL,2026-12-18,GOOG
GOOG261218C00430000,430.0,19.25,19.2,19.5,18.0,937.0,0.37746289047241205,False,CALL,2026-12-18,GOOG
GOOG261218P00240000,240.0,8.5,8.55,8.75,20.0,322.0,0.37134417724609375,False,PUT,2026-12-18,GOOG
GOOG261218P00245000,245.0,9.6,9.35,9.65,8.0,327.0,0.3682619326782227,False,PUT,2026-12-18,GOOG
GOOG261218P00250000,250.0,10.67,10.35,10.6,4.0,783.0,0.3650271017456055,False,PUT,2026-12-18,GOOG
GOOG261218P00255000,255.0,12.97,11.35,11.65,2.0,396.0,0.3622195126342773,False,PUT,2026-12-18,GOOG
GOOG261218P00260000,260.0,12.85,12.45,12.7,1.0,660.0,0.35858795715332037,False,PUT,2026-12-18,GOOG
GOOG261218P00265000,265.0,15.36,13.55,13.85,3.0,512.0,0.35535312622070303,False,PUT,2026-12-18,GOOG
GOOG261218P00270000,270.0,15.95,14.85,15.15,30.0,1046.0,0.35300329620361326,False,PUT,2026-12-18,GOOG
GOOG261218P00275000,275.0,16.25,16.15,16.5,13.0,677.0,0.35034829345703117,False,PUT,2026-12-18,GOOG
GOOG261218P00280000,280.0,18.08,17.55,17.85,10.0,549.0,0.3468693243408203,False,PUT,2026-12-18,GOOG
GOOG261218P00285000,285.0,19.7,19.05,19.4,2.0,661.0,0.3446415634155273,False,PUT,2026-12-18,GOOG
GOOG261218P00290000,290.0,20.31,20.6,21.0,2.0,268.0,0.34207811248779296,False,PUT,2026-12-18,GOOG
GOOG261218P00295000,295.0,24.28,22.3,22.7,11.0,543.0,0.33965198928833,False,PUT,2026-12-18,GOOG
GOOG261218P00300000,300.0,26.04,24.1,24.45,3.0,552.0,0.3368901760864258,False,PUT,2026-12-18,GOOG
GOOG261218P00305000,305.0,27.14,25.9,26.3,10.0,146.0,0.3342504319763184,False,PUT,2026-12-18,GOOG
GOOG261218P00310000,310.0,30.75,27.75,28.15,2.0,353.0,0.3308477560424804,False,PUT,2026-12-18,GOOG
GOOG261218P00315000,315.0,29.93,29.75,30.15,1.0,172.0,0.3279943910217285,False,PUT,2026-12-18,GOOG
GOOG261218P00320000,320.0,35.4,32.0,32.4,1.0,163.0,0.3264837860107421,False,PUT,2026-12-18,GOOG
GOOG261218P00325000,325.0,37.81,34.1,34.5,12.0,186.0,0.32294378234863275,False,PUT,2026-12-18,GOOG
GOOG261218P00330000,330.0,38.3,36.45,36.9,3.0,204.0,0.3211280046081542,False,PUT,2026-12-18,GOOG
GOOG261218P00335000,335.0,39.56,38.9,39.35,10.0,110.0,0.3189460195922851,False,PUT,2026-12-18,GOOG
GOOG261218P00340000,340.0,42.2,41.45,41.8,51.0,402.0,0.3160163613891601,True,PUT,2026-12-18,GOOG
GOOG261218P00345000,345.0,44.75,44.15,44.6,24.0,50.0,0.31513136047363277,True,PUT,2026-12-18,GOOG
GOOG261218P00350000,350.0,47.57,46.85,47.25,1.0,91.0,0.31230851272583,True,PUT,2026-12-18,GOOG
GOOG261218P00355000,355.0,52.55,49.5,49.9,3.0,5.0,0.3087685090637207,True,PUT,2026-12-18,GOOG
GOOG261218P00360000,360.0,52.35,52.35,52.8,4.0,25.0,0.30644919631958006,True,PUT,2026-12-18,GOOG
GOOG261218P00365000,365.0,55.53,55.55,56.0,22.0,30.0,0.30580833358764653,True,PUT,2026-12-18,GOOG
GOOG261218P00370000,370.0,65.55,58.45,58.85,50.0,60.0,0.3016427258300781,True,PUT,2026-12-18,GOOG
GOOG261218P00375000,375.0,77.11,61.6,62.05,1.0,2.0,0.2995522926330566,True,PUT,2026-12-18,GOOG
GOOG261218P00380000,380.0,72.56,64.85,65.4,8.0,4.0,0.29798065307617183,True,PUT,2026-12-18,GOOG
GOOG261218P00385000,385.0,76.4,68.4,68.9,2.0,9.0,0.29695832443237297,True,PUT,2026-12-18,GOOG
GOOG261218P00390000,390.0,81.9,71.7,72.25,1.0,95.0,0.29395237304687494,True,PUT,2026-12-18,GOOG
GOOG261218P00395000,395.0,85.85,75.2,75.75,4.0,15.0,0.2915109912109374,True,PUT,2026-12-18,GOOG
GOOG261218P00400000,400.0,83.55,78.75,79.3,1.0,38.0,0.28876443664550777,True,PUT,2026-12-18,GOOG
GOOG261218P00405000,405.0,90.94,82.35,82.85,12.0,9.0,0.285239691619873,True,PUT,2026-12-18,GOOG
GOOG261218P00410000,410.0,102.25,86.1,86.65,6.0,23.0,0.28328658615112295,True,PUT,2026-12-18,GOOG
GOOG261218P00420000,420.0,103.0,93.9,94.5,,1.0,0.27967028930664056,True,PUT,2026-12-18,GOOG
GOOG261218P00430000,430.0,107.88,101.75,102.35,2.0,68.0,0.2730175238037109,True,PUT,2026-12-18,GOOG
GOOG270115C00240000,240.0,113.35,113.25,115.95,4.0,2361.0,0.49359637268066414,True,CALL,2027-01-15,GOOG
GOOG270115C00245000,245.0,108.5,109.15,112.0,1.0,313.0,0.4866384344482422,True,CALL,2027-01-15,GOOG
GOOG270115C00250000,250.0,105.76,105.45,108.3,9.0,2608.0,0.4820608435058594,True,CALL,2027-01-15,GOOG
GOOG270115C00255000,255.0,104.85,101.5,103.85,2.0,256.0,0.4689384161376954,True,CALL,2027-01-15,GOOG
GOOG270115C00260000,260.0,99.0,98.1,99.95,6.0,4054.0,0.46152271881103524,True,CALL,2027-01-15,GOOG
GOOG270115C00265000,265.0,93.9,94.25,96.15,6.0,484.0,0.45474788421630863,True,CALL,2027-01-15,GOOG
GOOG270115C00270000,270.0,90.67,90.9,92.9,4.0,4311.0,0.45300839965820316,True,CALL,2027-01-15,GOOG
GOOG270115C00275000,275.0,85.3,87.25,89.45,7.0,1669.0,0.448674946899414,True,CALL,2027-01-15,GOOG
GOOG270115C00280000,280.0,83.96,84.0,85.7,21.0,1898.0,0.4410456286621094,True,CALL,2027-01-15,GOOG
GOOG270115C00285000,285.0,82.75,80.25,82.4,1.0,701.0,0.437154676361084,True,CALL,2027-01-15,GOOG
GOOG270115C00290000,290.0,77.95,78.4,79.2,7.0,6491.0,0.43361467269897463,True,CALL,2027-01-15,GOOG
GOOG270115C00295000,295.0,72.03,75.4,75.8,7.0,274.0,0.42780113220214844,True,CALL,2027-01-15,GOOG
GOOG270115C00300000,300.0,72.24,72.35,72.8,95.0,5707.0,0.42494776718139654,True,CALL,2027-01-15,GOOG
GOOG270115C00305000,305.0,64.65,69.3,69.75,3.0,539.0,0.4211178494262696,True,CALL,2027-01-15,GOOG
GOOG270115C00310000,310.0,65.0,66.5,66.85,26.0,3372.0,0.4180050875854492,True,CALL,2027-01-15,GOOG
GOOG270115C00315000,315.0,62.25,63.65,64.05,10.0,701.0,0.4151669812011719,True,CALL,2027-01-15,GOOG
GOOG270115C00320000,320.0,56.4,60.9,61.3,2.0,3624.0,0.412191547088623,True,CALL,2027-01-15,GOOG
GOOG270115C00325000,325.0,55.0,58.25,58.6,32.0,363.0,0.40907878524780267,True,CALL,2027-01-15,GOOG
GOOG270115C00330000,330.0,55.17,55.55,56.0,72.0,1371.0,0.40622542022705077,True,CALL,2027-01-15,GOOG
GOOG270115C00335000,335.0,52.85,53.1,53.55,33.0,360.0,0.4039976593017578,True,CALL,2027-01-15,GOOG
GOOG270115C00340000,340.0,50.45,50.7,51.15,33.0,1973.0,0.40163257064819335,False,CALL,2027-01-15,GOOG
GOOG270115C00345000,345.0,48.0,48.35,48.8,3.0,594.0,0.3991148956298829,False,CALL,2027-01-15,GOOG
GOOG270115C00350000,350.0,44.75,46.15,46.6,93.0,2548.0,0.39723808334350585,False,CALL,2027-01-15,GOOG
GOOG270115C00355000,355.0,43.25,43.95,44.4,5.0,369.0,0.3948272187805176,False,CALL,2027-01-15,GOOG
GOOG270115C00360000,360.0,41.56,41.9,42.3,64.0,2002.0,0.39267575103759766,False,CALL,2027-01-15,GOOG
GOOG270115C00365000,365.0,38.5,39.85,40.25,6.0,367.0,0.39038695556640624,False,CALL,2027-01-15,GOOG
GOOG270115C00370000,370.0,37.72,37.95,38.35,26.0,1719.0,0.38875428146362306,False,CALL,2027-01-15,GOOG
GOOG270115C00375000,375.0,33.7,36.3,36.7,2.0,377.0,0.38851014328002925,False,CALL,2027-01-15,GOOG
GOOG270115C00380000,380.0,34.3,34.55,34.95,68.0,1941.0,0.3870300555419921,False,CALL,2027-01-15,GOOG
GOOG270115C00385000,385.0,32.57,32.85,33.2,7.0,363.0,0.38507695007324216,False,CALL,2027-01-15,GOOG
GOOG270115C00390000,390.0,29.95,31.25,31.6,3.0,376.0,0.383795224609375,False,CALL,2027-01-15,GOOG
GOOG270115C00395000,395.0,30.0,29.7,30.1,12.0,246.0,0.3828339305114746,False,CALL,2027-01-15,GOOG
GOOG270115C00400000,400.0,28.5,28.35,28.75,112.0,6286.0,0.3825897923278808,False,CALL,2027-01-15,GOOG
GOOG270115C00405000,405.0,26.85,26.95,27.3,35.0,540.0,0.38114022186279295,False,CALL,2027-01-15,GOOG
GOOG270115C00410000,410.0,23.82,25.65,26.0,2.0,895.0,0.38042306594848635,False,CALL,2027-01-15,GOOG
GOOG270115C00420000,420.0,23.3,23.15,23.5,15.0,1651.0,0.37854625366210937,False,CALL,2027-01-15,GOOG
GOOG270115C00430000,430.0,20.93,20.9,21.2,4.0,911.0,0.3766694413757324,False,CALL,2027-01-15,GOOG
GOOG270115P00240000,240.0,10.57,9.15,9.45,3.0,1266.0,0.3663546031188965,False,PUT,2027-01-15,GOOG
GOOG270115P00245000,245.0,10.33,10.15,10.35,2.0,449.0,0.36284511672973635,False,PUT,2027-01-15,GOOG
GOOG270115P00250000,250.0,11.48,11.05,11.35,29.0,1233.0,0.35986968261718744,False,PUT,2027-01-15,GOOG
GOOG270115P00255000,255.0,12.0,12.1,12.4,1.0,310.0,0.3566958862304687,False,PUT,2027-01-15,GOOG
GOOG270115P00260000,260.0,13.9,13.25,13.6,15.0,1071.0,0.3545139012145995,False,PUT,2027-01-15,GOOG
GOOG270115P00265000,265.0,14.95,14.45,14.75,1.0,436.0,0.35095863891601553,False,PUT,2027-01-15,GOOG
GOOG270115P00270000,270.0,15.73,15.75,16.1,1.0,1848.0,0.3487919125366211,False,PUT,2027-01-15,GOOG
GOOG270115P00275000,275.0,17.2,17.2,17.4,7.0,541.0,0.34534346069335936,False,PUT,2027-01-15,GOOG
GOOG270115P00280000,280.0,20.34,18.5,18.9,1.0,523.0,0.34314621704101556,False,PUT,2027-01-15,GOOG
GOOG270115P00285000,285.0,20.2,20.05,20.45,23.0,483.0,0.34064380065917965,False,PUT,2027-01-15,GOOG
GOOG270115P00290000,290.0,21.95,21.65,22.05,22.0,327.0,0.3378667288208008,False,PUT,2027-01-15,GOOG
GOOG270115P00295000,295.0,23.9,23.35,23.75,6.0,317.0,0.3352422433471679,False,PUT,2027-01-15,GOOG
GOOG270115P00300000,300.0,25.56,25.15,25.55,9.0,2351.0,0.3327856028747559,False,PUT,2027-01-15,GOOG
GOOG270115P00305000,305.0,27.8,26.95,27.35,6.0,149.0,0.32959654785156245,False,PUT,2027-01-15,GOOG
GOOG270115P00310000,310.0,30.05,28.95,29.4,4.0,1707.0,0.32779602874755853,False,PUT,2027-01-15,GOOG
GOOG270115P00315000,315.0,32.1,30.95,31.4,7.0,426.0,0.32486637054443357,False,PUT,2027-01-15,GOOG
GOOG270115P00320000,320.0,36.4,33.15,33.65,5.0,424.0,0.3232336964416503,False,PUT,2027-01-15,GOOG
GOOG270115P00325000,325.0,36.43,35.4,35.85,3.0,461.0,0.3204871418762207,False,PUT,2027-01-15,GOOG
GOOG270115P00330000,330.0,40.24,37.6,38.05,23.0,2231.0,0.3170692073059082,False,PUT,2027-01-15,GOOG
GOOG270115P00335000,335.0,41.3,40.1,40.55,4.0,113.0,0.3152686882019042,False,PUT,2027-01-15,GOOG
GOOG270115P00340000,340.0,43.15,42.7,43.15,6.0,305.0,0.31354446228027344,True,PUT,2027-01-15,GOOG
GOOG270115P00345000,345.0,48.4,45.25,45.75,2.0,145.0,0.3111335977172851,True,PUT,2027-01-15,GOOG
GOOG270115P00350000,350.0,51.15,47.9,48.35,7.0,1575.0,0.3080208358764648,True,PUT,2027-01-15,GOOG
GOOG270115P00355000,355.0,55.5,50.7,51.2,4.0,239.0,0.3061440235900879,True,PUT,2027-01-15,GOOG
GOOG270115P00360000,360.0,55.7,53.45,54.0,5.0,150.0,0.3031991067504882,True,PUT,2027-01-15,GOOG
GOOG270115P00365000,365.0,60.65,56.65,57.15,8.0,34.0,0.30225307128906254,True,PUT,2027-01-15,GOOG
GOOG270115P00370000,370.0,62.77,59.75,60.2,1.0,57.0,0.2998727239990234,True,PUT,2027-01-15,GOOG
GOOG270115P00375000,375.0,64.46,62.8,63.4,2.0,33.0,0.29798065307617183,True,PUT,2027-01-15,GOOG
GOOG270115P00380000,380.0,67.73,65.95,66.5,2.0,62.0,0.2946390116882324,True,PUT,2027-01-15,GOOG
GOOG270115P00385000,385.0,87.32,80.5,80.95,8.0,10.0,0.3794312545776367,True,PUT,2027-01-15,GOOG
GOOG270115P00390000,390.0,73.67,72.7,73.3,1.0,110.0,0.2906717662048339,True,PUT,2027-01-15,GOOG
GOOG270115P00395000,395.0,86.5,76.25,76.8,8.0,9.0,0.28850503982543935,True,PUT,2027-01-15,GOOG
GOOG270115P00400000,400.0,82.35,79.75,80.4,2.0,376.0,0.28650615844726557,True,PUT,2027-01-15,GOOG
GOOG270115P00405000,405.0,94.25,83.4,83.95,,7.0,0.28340865524291986,True,PUT,2027-01-15,GOOG
GOOG270115P00410000,410.0,86.81,87.15,87.75,5.0,10.0,0.2818064984130859,True,PUT,2027-01-15,GOOG
GOOG270115P00420000,420.0,94.55,94.75,95.45,1.0,9.0,0.27756459747314455,True,PUT,2027-01-15,GOOG
GOOG270115P00430000,430.0,103.47,102.65,103.25,5.0,49.0,0.27149166015625,True,PUT,2027-01-15,GOOG
GOOG270319C00250000,250.0,109.88,108.4,111.0,2.0,7.0,0.47116617706298825,True,CALL,2027-03-19,GOOG
GOOG270319C00260000,260.0,102.3,101.0,104.25,1.0,4.0,0.46584091293334967,True,CALL,2027-03-19,GOOG
GOOG270319C00265000,265.0,92.0,97.5,100.55,,1.0,0.45941702697753906,True,CALL,2027-03-19,GOOG
GOOG270319C00270000,270.0,96.3,94.0,98.2,1.0,5.0,0.4646812565612793,True,CALL,2027-03-19,GOOG
GOOG270319C00280000,280.0,89.0,88.25,92.0,1.0,3.0,0.45989004470825195,True,CALL,2027-03-19,GOOG
GOOG270319C00285000,285.0,85.9,84.25,87.75,2.0,4.0,0.4472253764343262,True,CALL,2027-03-19,GOOG
GOOG270319C00290000,290.0,77.26,81.2,84.35,4.0,12.0,0.44138131866455077,True,CALL,2027-03-19,GOOG
GOOG270319C00315000,315.0,63.3,66.5,70.0,,5.0,0.426885614013672,True,CALL,2027-03-19,GOOG
GOOG270319C00325000,325.0,62.5,61.0,64.55,4.0,7.0,0.4201870726013184,True,CALL,2027-03-19,GOOG
GOOG270319C00330000,330.0,60.2,59.9,62.3,120.0,126.0,0.4196530203247071,True,CALL,2027-03-19,GOOG
GOOG270319C00335000,335.0,56.78,56.5,60.5,116.0,7.0,0.4218655226135254,True,CALL,2027-03-19,GOOG
GOOG270319C00340000,340.0,55.85,54.95,57.4,2.0,14.0,0.41432775619506834,False,CALL,2027-03-19,GOOG
GOOG270319C00350000,350.0,47.5,50.05,53.5,23.0,26.0,0.41438879074096674,False,CALL,2027-03-19,GOOG
GOOG270319C00355000,355.0,44.42,47.0,51.45,,1.0,0.4130612893676757,False,CALL,2027-03-19,GOOG
GOOG270319C00370000,370.0,41.18,41.0,44.8,14.0,10.0,0.40312791702270506,False,CALL,2027-03-19,GOOG
GOOG270319C00375000,375.0,40.43,40.75,43.25,115.0,1.0,0.40369248657226564,False,CALL,2027-03-19,GOOG
GOOG270319C00385000,385.0,36.37,36.0,40.15,9.0,5.0,0.4036467106628418,False,CALL,2027-03-19,GOOG
GOOG270319C00390000,390.0,33.3,34.0,37.85,5.0,6.0,0.39778739425659176,False,CALL,2027-03-19,GOOG
GOOG270319C00395000,395.0,34.3,34.3,36.25,1.0,6.0,0.39645989288330086,False,CALL,2027-03-19,GOOG
GOOG270319C00400000,400.0,34.0,33.5,34.8,180.0,909.0,0.3958342887878418,False,CALL,2027-03-19,GOOG
GOOG270319C00410000,410.0,29.5,28.5,33.0,3.0,4.0,0.40144946701049805,False,CALL,2027-03-19,GOOG
GOOG270319C00420000,420.0,25.51,26.0,28.9,3.0,7.0,0.389028936920166,False,CALL,2027-03-19,GOOG
GOOG270319C00430000,430.0,23.97,23.0,27.35,14.0,11.0,0.39394221786499023,False,CALL,2027-03-19,GOOG
GOOG270319P00260000,260.0,16.0,14.9,17.3,7.0,1.0,0.36473718765258795,False,PUT,2027-03-19,GOOG
GOOG270319P00290000,290.0,26.47,24.15,27.4,58.0,1.0,0.3558108853149413,False,PUT,2027-03-19,GOOG
GOOG270319P00310000,310.0,34.5,31.7,35.0,,1.0,0.34445845977783207,False,PUT,2027-03-19,GOOG
GOOG270319P00330000,330.0,41.45,40.0,44.0,3.0,6.0,0.3346471565246582,False,PUT,2027-03-19,GOOG
GOOG270319P00350000,350.0,53.98,50.1,54.5,,2.0,0.3266821482849121,True,PUT,2027-03-19,GOOG
GOOG270617C00240000,240.0,121.85,121.2,123.85,2.0,307.0,0.4874624008178712,True,CALL,2027-06-17,GOOG
GOOG270617C00245000,245.0,112.0,117.3,120.25,1.0,1371.0,0.4825948957824708,True,CALL,2027-06-17,GOOG
GOOG270617C00250000,250.0,108.74,113.75,116.55,5.0,529.0,0.47650669982910154,True,CALL,2027-06-17,GOOG
GOOG270617C00255000,255.0,111.25,111.3,112.85,1.0,225.0,0.4701591070556641,True,CALL,2027-06-17,GOOG
GOOG270617C00260000,260.0,104.93,106.8,109.45,1.0,479.0,0.4660697924804688,True,CALL,2027-06-17,GOOG
GOOG270617C00265000,265.0,98.0,103.35,106.5,1.0,86.0,0.4653068606567383,True,CALL,2027-06-17,GOOG
GOOG270617C00270000,270.0,99.0,100.7,102.75,15.0,271.0,0.4576470251464845,True,CALL,2027-06-17,GOOG
GOOG270617C00275000,275.0,92.0,96.75,100.0,2.0,121.0,0.45760124923706064,True,CALL,2027-06-17,GOOG
GOOG270617C00280000,280.0,89.76,93.85,96.85,6.0,215.0,0.4539849523925781,True,CALL,2027-06-17,GOOG
GOOG270617C00285000,285.0,86.05,90.7,93.4,12.0,102.0,0.4477823166656494,True,CALL,2027-06-17,GOOG
GOOG270617C00290000,290.0,88.95,89.65,90.25,36.0,178.0,0.44351752777099607,True,CALL,2027-06-17,GOOG
GOOG270617C00295000,295.0,88.0,86.75,87.25,1.0,226.0,0.4400233000183105,True,CALL,2027-06-17,GOOG
GOOG270617C00300000,300.0,83.85,83.8,84.35,27.0,685.0,0.436880020904541,True,CALL,2027-06-17,GOOG
GOOG270617C00305000,305.0,78.9,81.0,81.6,2.0,156.0,0.4344386390686035,True,CALL,2027-06-17,GOOG
GOOG270617C00310000,310.0,76.0,78.25,78.8,9.0,398.0,0.4312801013183594,True,CALL,2027-06-17,GOOG
GOOG270617C00315000,315.0,71.46,75.5,76.1,3.0,101.0,0.42844962425231936,True,CALL,2027-06-17,GOOG
GOOG270617C00320000,320.0,72.35,72.9,73.5,12.0,1940.0,0.4259395785522462,True,CALL,2027-06-17,GOOG
GOOG270617C00325000,325.0,66.5,70.45,71.05,105.0,71.0,0.4240856542205811,True,CALL,2027-06-17,GOOG
GOOG270617C00330000,330.0,66.3,68.05,68.6,110.0,669.0,0.4218655226135254,True,CALL,2027-06-17,GOOG
GOOG270617C00335000,335.0,63.75,65.55,66.1,2.0,63.0,0.4189663816833496,True,CALL,2027-06-17,GOOG
GOOG270617C00340000,340.0,58.3,63.25,63.85,1.0,265.0,0.41734896621704093,False,CALL,2027-06-17,GOOG
GOOG270617C00345000,345.0,60.3,60.95,61.5,1.0,212.0,0.41473973937988284,False,CALL,2027-06-17,GOOG
GOOG270617C00350000,350.0,54.18,58.85,59.4,4.0,1365.0,0.4134046086883544,False,CALL,2027-06-17,GOOG
GOOG270617C00355000,355.0,54.79,56.65,57.25,2.0,43.0,0.41140572731018066,False,CALL,2027-06-17,GOOG
GOOG270617C00360000,360.0,54.78,54.6,55.1,11.0,494.0,0.40907878524780267,False,CALL,2027-06-17,GOOG
GOOG270617C00365000,365.0,52.42,52.45,53.0,2.0,80.0,0.40673658454895023,False,CALL,2027-06-17,GOOG
GOOG270617C00370000,370.0,50.65,50.65,51.2,6.0,301.0,0.40598128204345707,False,CALL,2027-06-17,GOOG
GOOG270617C00375000,375.0,48.58,48.7,49.25,1.0,128.0,0.4039366247558594,False,CALL,2027-06-17,GOOG
GOOG270617C00380000,380.0,44.4,47.05,47.55,1.0,346.0,0.4031736929321289,False,CALL,2027-06-17,GOOG
GOOG270617C00385000,385.0,44.35,45.3,45.7,1.0,148.0,0.40114429428100584,False,CALL,2027-06-17,GOOG
GOOG270617C00390000,390.0,42.75,43.65,44.1,3.0,174.0,0.40039662109375,False,CALL,2027-06-17,GOOG
GOOG270617C00395000,395.0,40.25,42.0,42.4,1.0,115.0,0.3987029124450684,False,CALL,2027-06-17,GOOG
GOOG270617C00400000,400.0,39.1,40.4,40.9,10.0,557.0,0.39798575653076174,False,CALL,2027-06-17,GOOG
GOOG270617C00405000,405.0,35.45,38.9,39.4,8.0,30.0,0.39698631584167476,False,CALL,2027-06-17,GOOG
GOOG270617C00410000,410.0,35.72,37.5,37.95,21.0,116.0,0.3960173924255372,False,CALL,2027-06-17,GOOG
GOOG270617C00420000,420.0,34.46,34.7,35.15,150.0,573.0,0.3938811833190918,False,CALL,2027-06-17,GOOG
GOOG270617C00430000,430.0,32.35,32.25,32.65,9.0,324.0,0.3926299751281738,False,CALL,2027-06-17,GOOG
GOOG270617P00240000,240.0,14.25,14.05,14.4,2.0,275.0,0.36084623535156246,False,PUT,2027-06-17,GOOG
GOOG270617P00245000,245.0,15.3,15.2,15.6,1.0,92.0,0.35845062942504885,False,PUT,2027-06-17,GOOG
GOOG270617P00250000,250.0,16.4,16.45,16.8,14.0,419.0,0.3554446780395507,False,PUT,2027-06-17,GOOG
GOOG270617P00255000,255.0,18.8,17.7,18.1,10.0,222.0,0.3528354512023925,False,PUT,2027-06-17,GOOG
GOOG270617P00260000,260.0,19.45,19.05,19.5,5.0,263.0,0.3505619143676757,False,PUT,2027-06-17,GOOG
GOOG270617P00265000,265.0,21.15,20.45,20.9,21.0,187.0,0.3477238079833984,False,PUT,2027-06-17,GOOG
GOOG270617P00270000,270.0,22.0,21.95,22.4,1.0,240.0,0.3451908743286133,False,PUT,2027-06-17,GOOG
GOOG270617P00275000,275.0,23.94,23.6,24.05,2.0,396.0,0.3433293206787109,False,PUT,2027-06-17,GOOG
GOOG270617P00280000,280.0,25.32,25.25,25.7,2.0,556.0,0.3409184561157227,False,PUT,2027-06-17,GOOG
GOOG270617P00285000,285.0,27.05,26.85,27.35,2.0,184.0,0.3379887979125976,False,PUT,2027-06-17,GOOG
GOOG270617P00290000,290.0,30.88,28.65,29.15,2.0,136.0,0.33568474380493163,False,PUT,2027-06-17,GOOG
GOOG270617P00295000,295.0,32.98,30.55,31.1,1.0,86.0,0.3339452592468262,False,PUT,2027-06-17,GOOG
GOOG270617P00300000,300.0,32.67,32.5,33.05,3.0,501.0,0.33170223968505863,False,PUT,2027-06-17,GOOG
GOOG270617P00305000,305.0,35.55,34.5,35.05,1.0,135.0,0.3292913751220703,False,PUT,2027-06-17,GOOG
GOOG270617P00310000,310.0,37.42,36.5,37.05,10.0,95.0,0.32639223419189456,False,PUT,2027-06-17,GOOG
GOOG270617P00315000,315.0,39.9,38.65,39.2,11.0,46.0,0.3240347748565673,False,PUT,2027-06-17,GOOG
GOOG270617P00320000,320.0,41.94,40.9,41.55,21.0,545.0,0.3225317991638183,False,PUT,2027-06-17,GOOG
GOOG270617P00325000,325.0,46.68,43.2,43.8,3.0,152.0,0.31986916709899893,False,PUT,2027-06-17,GOOG
GOOG270617P00330000,330.0,49.25,45.65,46.3,3.0,95.0,0.31836619140624994,False,PUT,2027-06-17,GOOG
GOOG270617P00335000,335.0,48.57,48.05,48.65,3.0,14.0,0.3154060159301757,False,PUT,2027-06-17,GOOG
GOOG270617P00340000,340.0,51.11,50.55,51.15,2.0,64.0,0.31294937545776363,True,PUT,2027-06-17,GOOG
GOOG270617P00345000,345.0,55.9,53.15,53.8,12.0,23.0,0.3109962699890136,True,PUT,2027-06-17,GOOG
GOOG270617P00350000,350.0,56.47,55.8,56.45,12.0,25.0,0.30855488815307613,True,PUT,2027-06-17,GOOG
GOOG270617P00355000,355.0,59.75,58.6,59.25,2.0,32.0,0.3066170413208008,True,PUT,2027-06-17,GOOG
GOOG270617P00360000,360.0,62.2,61.5,62.2,28.0,36.0,0.30515984153747555,True,PUT,2027-06-17,GOOG
GOOG270617P00365000,365.0,64.77,64.35,65.1,4.0,0.0,0.3029244512939453,True,PUT,2027-06-17,GOOG
GOOG270617P00370000,370.0,79.55,67.3,67.95,2.0,1.0,0.29991849990844727,True,PUT,2027-06-17,GOOG
GOOG270617P00375000,375.0,83.0,70.3,71.0,2.0,5.0,0.2977212562561034,True,PUT,2027-06-17,GOOG
GOOG270617P00380000,380.0,85.88,73.65,74.35,1.0,5.0,0.2970041003417968,True,PUT,2027-06-17,GOOG
GOOG270617P00385000,385.0,87.8,76.7,77.35,1.0,3.0,0.2935709071350097,True,PUT,2027-06-17,GOOG
GOOG270617P00390000,390.0,80.5,80.15,80.85,4.0,13.0,0.2929453030395507,True,PUT,2027-06-17,GOOG
GOOG270617P00400000,400.0,86.1,86.65,87.45,1.0,8.0,0.2877268493652343,True,PUT,2027-06-17,GOOG
GOOG270617P00405000,405.0,93.55,90.2,90.95,2.0,6.0,0.28577374389648436,True,PUT,2027-06-17,GOOG
GOOG270617P00410000,410.0,118.18,93.7,94.55,2.0,2.0,0.284064776611328,True,PUT,2027-06-17,GOOG
GOOG270617P00420000,420.0,102.15,100.95,101.85,1.0,9.0,0.280005979309082,True,PUT,2027-06-17,GOOG
GOOG270617P00430000,430.0,109.65,108.35,109.15,1.0,1.0,0.2740856283569336,True,PUT,2027-06-17,GOOG
GOOG271217C00240000,240.0,129.88,129.9,133.1,1.0,361.0,0.48993429992675785,True,CALL,2027-12-17,GOOG
GOOG271217C00245000,245.0,127.28,126.3,129.4,1.0,225.0,0.4831594653320313,True,CALL,2027-12-17,GOOG
GOOG271217C00250000,250.0,125.0,123.15,126.0,2.0,1304.0,0.4784598052978516,True,CALL,2027-12-17,GOOG
GOOG271217C00255000,255.0,116.8,119.9,123.6,1.0,290.0,0.48073334213256835,True,CALL,2027-12-17,GOOG
GOOG271217C00260000,260.0,116.9,117.0,120.4,1.0,325.0,0.47685764846801754,True,CALL,2027-12-17,GOOG
GOOG271217C00265000,265.0,112.2,113.65,116.9,1.0,183.0,0.47067790069580084,True,CALL,2027-12-17,GOOG
GOOG271217C00270000,270.0,106.23,110.8,113.6,11.0,1066.0,0.46570358520507815,True,CALL,2027-12-17,GOOG
GOOG271217C00275000,275.0,107.72,107.7,110.25,4.0,1617.0,0.4601875881195069,True,CALL,2027-12-17,GOOG
GOOG271217C00280000,280.0,106.75,105.3,107.6,10.0,363.0,0.45906607833862306,True,CALL,2027-12-17,GOOG
GOOG271217C00285000,285.0,102.9,102.2,105.05,1.0,128.0,0.4582649999237062,True,CALL,2027-12-17,GOOG
GOOG271217C00290000,290.0,99.32,100.85,101.55,1.0,136.0,0.4511392166900635,True,CALL,2027-12-17,GOOG
GOOG271217C00295000,295.0,92.14,98.05,98.85,10.0,120.0,0.44885805053710937,True,CALL,2027-12-17,GOOG
GOOG271217C00300000,300.0,91.3,95.3,96.0,10.0,1128.0,0.44539434005737305,True,CALL,2027-12-17,GOOG
GOOG271217C00305000,305.0,89.29,92.75,93.4,32.0,79.0,0.4432123550415039,True,CALL,2027-12-17,GOOG
GOOG271217C00310000,310.0,84.5,90.0,90.75,22.0,147.0,0.4404581711578369,True,CALL,2027-12-17,GOOG
GOOG271217C00315000,315.0,86.6,87.45,88.2,1.0,126.0,0.438054935913086,True,CALL,2027-12-17,GOOG
GOOG271217C00320000,320.0,83.5,84.95,85.7,1.0,251.0,0.4356898472595215,True,CALL,2027-12-17,GOOG
GOOG271217C00325000,325.0,82.71,82.65,83.3,5.0,86.0,0.4336604486083985,True,CALL,2027-12-17,GOOG
GOOG271217C00330000,330.0,78.91,80.25,81.0,3.0,187.0,0.43195148132324224,True,CALL,2027-12-17,GOOG
GOOG271217C00335000,335.0,78.06,77.9,78.65,2.0,71.0,0.429716091079712,True,CALL,2027-12-17,GOOG
GOOG271217C00340000,340.0,71.6,75.55,76.3,2.0,126.0,0.42723656265258797,False,CALL,2027-12-17,GOOG
GOOG271217C00345000,345.0,71.25,73.5,74.2,1.0,94.0,0.42592431991577157,False,CALL,2027-12-17,GOOG
GOOG271217C00350000,350.0,69.68,71.3,71.95,10.0,621.0,0.4235363433074951,False,CALL,2027-12-17,GOOG
GOOG271217C00355000,355.0,68.4,69.2,69.9,10.0,44.0,0.4220333676147461,False,CALL,2027-12-17,GOOG
GOOG271217C00360000,360.0,62.2,67.15,67.85,1.0,112.0,0.42028625373840334,False,CALL,2027-12-17,GOOG
GOOG271217C00365000,365.0,64.67,65.05,65.8,2.0,15.0,0.4183178896331786,False,CALL,2027-12-17,GOOG
GOOG271217C00370000,370.0,60.85,63.25,64.0,1.0,69.0,0.41748629394531245,False,CALL,2027-12-17,GOOG
GOOG271217C00375000,375.0,53.8,61.35,62.05,1.0,71.0,0.4156171109771729,False,CALL,2027-12-17,GOOG
GOOG271217C00380000,380.0,59.0,59.45,60.15,20.0,354.0,0.4138013332366943,False,CALL,2027-12-17,GOOG
GOOG271217C00385000,385.0,53.68,57.65,58.35,2.0,36.0,0.4123136161804199,False,CALL,2027-12-17,GOOG
GOOG271217C00390000,390.0,55.0,56.0,56.65,2.0,63.0,0.4111539598083496,False,CALL,2027-12-17,GOOG
GOOG271217C00395000,395.0,52.8,54.35,55.0,1.0,159.0,0.4100553379821777,False,CALL,2027-12-17,GOOG
GOOG271217C00400000,400.0,52.9,52.75,53.45,1.0,512.0,0.40929240615844725,False,CALL,2027-12-17,GOOG
GOOG271217C00405000,405.0,50.87,51.15,51.8,2.0,37.0,0.407781801147461,False,CALL,2027-12-17,GOOG
GOOG271217C00410000,410.0,45.58,49.7,50.3,1.0,63.0,0.40688154159545903,False,CALL,2027-12-17,GOOG
GOOG271217C00420000,420.0,48.08,46.8,47.45,2.0,120.0,0.4053175313568115,False,CALL,2027-12-17,GOOG
GOOG271217C00430000,430.0,44.1,44.0,44.65,1.0,131.0,0.4032652447509766,False,CALL,2027-12-17,GOOG
GOOG271217P00240000,240.0,19.0,19.1,19.55,1.0,283.0,0.3539798489379882,False,PUT,2027-12-17,GOOG
GOOG271217P00245000,245.0,24.0,20.45,20.9,1.0,376.0,0.3514163980102538,False,PUT,2027-12-17,GOOG
GOOG271217P00250000,250.0,21.6,21.85,22.35,2.0,784.0,0.3492191543579102,False,PUT,2027-12-17,GOOG
GOOG271217P00255000,255.0,23.17,23.3,23.85,2.0,145.0,0.34696087615966786,False,PUT,2027-12-17,GOOG
GOOG271217P00260000,260.0,27.1,24.85,25.4,5.0,671.0,0.3446415634155273,False,PUT,2027-12-17,GOOG
GOOG271217P00265000,265.0,26.35,26.45,27.05,2.0,715.0,0.3426274234008788,False,PUT,2027-12-17,GOOG
GOOG271217P00270000,270.0,29.28,28.1,28.65,58.0,1086.0,0.3398350929260254,False,PUT,2027-12-17,GOOG
GOOG271217P00275000,275.0,29.9,29.8,30.4,20.0,510.0,0.3376988838195801,False,PUT,2027-12-17,GOOG
GOOG271217P00280000,280.0,33.3,31.6,32.2,60.0,1242.0,0.3354863815307617,False,PUT,2027-12-17,GOOG
GOOG271217P00285000,285.0,32.15,33.45,34.05,1.0,689.0,0.333212844696045,False,PUT,2027-12-17,GOOG
GOOG271217P00290000,290.0,35.55,35.35,36.0,346.0,436.0,0.33119107536315917,False,PUT,2027-12-17,GOOG
GOOG271217P00295000,295.0,40.34,37.3,37.9,30.0,87.0,0.3284750380706787,False,PUT,2027-12-17,GOOG
GOOG271217P00300000,300.0,39.55,39.35,40.05,16.0,528.0,0.32692628646850586,False,PUT,2027-12-17,GOOG
GOOG271217P00305000,305.0,42.0,41.45,42.15,1.0,109.0,0.3246908962249755,False,PUT,2027-12-17,GOOG
GOOG271217P00310000,310.0,43.36,43.5,44.2,10.0,168.0,0.3217993846130371,False,PUT,2027-12-17,GOOG
GOOG271217P00315000,315.0,46.0,45.9,46.55,2.0,184.0,0.32031929687499994,False,PUT,2027-12-17,GOOG
GOOG271217P00320000,320.0,48.3,48.05,48.7,1.0,334.0,0.3173133454895019,False,PUT,2027-12-17,GOOG
GOOG271217P00325000,325.0,53.93,50.5,51.25,2.0,35.0,0.3162452409362792,False,PUT,2027-12-17,GOOG
GOOG271217P00330000,330.0,53.12,52.8,53.55,1.0,152.0,0.3133995052337646,False,PUT,2027-12-17,GOOG
GOOG271217P00335000,335.0,55.56,55.35,56.15,3.0,14.0,0.31189652954101554,False,PUT,2027-12-17,GOOG
GOOG271217P00340000,340.0,60.9,57.9,58.7,2.0,642.0,0.30976032043457036,True,PUT,2027-12-17,GOOG
GOOG271217P00345000,345.0,61.08,60.4,61.2,1.0,11.0,0.3070137658691406,True,PUT,2027-12-17,GOOG
GOOG271217P00350000,350.0,61.85,63.1,63.95,8.0,105.0,0.3052971692657471,True,PUT,2027-12-17,GOOG
GOOG271217P00355000,355.0,65.05,65.8,66.65,2.0,14.0,0.30297022720336914,True,PUT,2027-12-17,GOOG
GOOG271217P00360000,360.0,74.45,68.7,69.55,2.0,53.0,0.3013985876464844,True,PUT,2027-12-17,GOOG
GOOG271217P00365000,365.0,73.32,71.6,72.45,2.0,36.0,0.2994912580871582,True,PUT,2027-12-17,GOOG
GOOG271217P00370000,370.0,76.33,74.3,75.2,2.0,66.0,0.29643953079223634,True,PUT,2027-12-17,GOOG
GOOG271217P00375000,375.0,89.45,77.45,78.35,1.0,11.0,0.29522646919250484,True,PUT,2027-12-17,GOOG
GOOG271217P00380000,380.0,86.05,80.4,81.4,2.0,163.0,0.29314366531372066,True,PUT,2027-12-17,GOOG
GOOG271217P00385000,385.0,89.3,83.55,84.4,12.0,52.0,0.2904581452941894,True,PUT,2027-12-17,GOOG
GOOG271217P00390000,390.0,93.65,86.7,87.65,2.0,4.0,0.28881021255493156,True,PUT,2027-12-17,GOOG
GOOG271217P00395000,395.0,94.01,89.95,90.85,2.0,3.0,0.286567192993164,True,PUT,2027-12-17,GOOG
GOOG271217P00400000,400.0,97.75,93.3,94.25,5.0,63.0,0.28510999320983876,True,PUT,2027-12-17,GOOG
GOOG271217P00405000,405.0,104.05,96.75,97.7,2.0,9.0,0.283614646835327,True,PUT,2027-12-17,GOOG
GOOG271217P00410000,410.0,107.85,100.25,101.1,1.0,7.0,0.2815165843200683,True,PUT,2027-12-17,GOOG
GOOG271217P00420000,420.0,114.6,107.0,108.0,19.0,20.0,0.2769084761047363,True,PUT,2027-12-17,GOOG
GOOG271217P00430000,430.0,124.6,114.15,115.15,,5.0,0.2724376956176757,True,PUT,2027-12-17,GOOG
GOOG280121C00240000,240.0,130.85,131.5,134.85,4.0,270.0,0.4910634390258789,True,CALL,2028-01-21,GOOG
GOOG280121C00250000,250.0,122.55,125.0,127.8,6.0,1386.0,0.4796347203063965,True,CALL,2028-01-21,GOOG
GOOG280121C00260000,260.0,116.3,118.5,121.9,1.0,946.0,0.4754614832305908,True,CALL,2028-01-21,GOOG
GOOG280121C00270000,270.0,110.68,112.45,114.95,10.0,385.0,0.46318591018676764,True,CALL,2028-01-21,GOOG
GOOG280121C00280000,280.0,106.8,106.3,109.9,13.0,721.0,0.4624534956359864,True,CALL,2028-01-21,GOOG
GOOG280121C00290000,290.0,101.8,102.55,103.25,2.0,513.0,0.450551759185791,True,CALL,2028-01-21,GOOG
GOOG280121C00300000,300.0,96.36,97.1,97.8,18.0,5518.0,0.4452417536926269,True,CALL,2028-01-21,GOOG
GOOG280121C00310000,310.0,95.0,91.85,92.6,1.0,1173.0,0.4404505418395996,True,CALL,2028-01-21,GOOG
GOOG280121C00320000,320.0,82.0,86.95,87.6,1.0,1499.0,0.4358424336242676,True,CALL,2028-01-21,GOOG
GOOG280121C00325000,325.0,84.45,84.55,85.2,22.0,314.0,0.43375200042724615,True,CALL,2028-01-21,GOOG
GOOG280121C00330000,330.0,79.2,82.2,82.85,9.0,899.0,0.4317149724578857,True,CALL,2028-01-21,GOOG
GOOG280121C00335000,335.0,80.0,79.85,80.55,8.0,115.0,0.42972372039794926,True,CALL,2028-01-21,GOOG
GOOG280121C00340000,340.0,72.8,77.65,78.3,21.0,399.0,0.4277706149291992,False,CALL,2028-01-21,GOOG
GOOG280121C00345000,345.0,73.68,75.2,75.9,1.0,160.0,0.4247799221801758,False,CALL,2028-01-21,GOOG
GOOG280121C00350000,350.0,73.5,73.35,74.0,25.0,751.0,0.4242916458129883,False,CALL,2028-01-21,GOOG
GOOG280121C00355000,355.0,69.48,71.15,71.85,10.0,88.0,0.42221647125244144,False,CALL,2028-01-21,GOOG
GOOG280121C00360000,360.0,64.76,69.2,69.9,5.0,404.0,0.42100340965271,False,CALL,2028-01-21,GOOG
GOOG280121C00365000,365.0,66.6,67.2,67.95,4.0,40.0,0.419576727142334,False,CALL,2028-01-21,GOOG
GOOG280121C00370000,370.0,61.98,65.3,65.95,10.0,380.0,0.4176541389465332,False,CALL,2028-01-21,GOOG
GOOG280121C00375000,375.0,63.05,63.45,64.15,2.0,64.0,0.4166012930297851,False,CALL,2028-01-21,GOOG
GOOG280121C00380000,380.0,59.0,61.45,62.2,1.0,358.0,0.41454137710571287,False,CALL,2028-01-21,GOOG
GOOG280121C00385000,385.0,59.55,59.7,60.4,2.0,21.0,0.413068918685913,False,CALL,2028-01-21,GOOG
GOOG280121C00390000,390.0,57.94,57.95,58.55,2.0,133.0,0.411138701171875,False,CALL,2028-01-21,GOOG
GOOG280121C00395000,395.0,56.28,56.35,57.05,2.0,69.0,0.41084878707885747,False,CALL,2028-01-21,GOOG
GOOG280121C00400000,400.0,54.75,54.65,55.2,15.0,1175.0,0.4085218450164795,False,CALL,2028-01-21,GOOG
GOOG280121C00405000,405.0,51.43,53.1,53.8,3.0,304.0,0.4083768879699707,False,CALL,2028-01-21,GOOG
GOOG280121C00410000,410.0,50.41,51.55,52.15,12.0,858.0,0.40672132591247556,False,CALL,2028-01-21,GOOG
GOOG280121C00420000,420.0,47.1,48.85,49.55,1.0,59.0,0.40656111022949215,False,CALL,2028-01-21,GOOG
GOOG280121C00430000,430.0,43.5,46.05,46.65,1.0,1388.0,0.40409684043884275,False,CALL,2028-01-21,GOOG
GOOG280121P00240000,240.0,19.39,19.7,20.25,201.0,521.0,0.3510501907348632,False,PUT,2028-01-21,GOOG
GOOG280121P00250000,250.0,22.8,22.55,23.15,11.0,537.0,0.3467777725219726,False,PUT,2028-01-21,GOOG
GOOG280121P00260000,260.0,26.1,25.55,26.2,1.0,946.0,0.34194078475952144,False,PUT,2028-01-21,GOOG
GOOG280121P00270000,270.0,29.4,28.9,29.55,1.0,810.0,0.337622590637207,False,PUT,2028-01-21,GOOG
GOOG280121P00280000,280.0,31.85,32.4,33.0,2.0,764.0,0.33243465423583984,False,PUT,2028-01-21,GOOG
GOOG280121P00290000,290.0,36.13,36.2,36.9,1.0,260.0,0.32863525375366204,False,PUT,2028-01-21,GOOG
GOOG280121P00300000,300.0,41.1,40.3,40.95,4.0,806.0,0.32427128372192376,False,PUT,2028-01-21,GOOG
GOOG280121P00310000,310.0,47.99,44.5,45.25,2.0,558.0,0.3199607189178466,False,PUT,2028-01-21,GOOG
GOOG280121P00320000,320.0,52.71,49.0,49.75,4.0,261.0,0.3154212745666503,False,PUT,2028-01-21,GOOG
GOOG280121P00325000,325.0,51.82,51.35,52.1,12.0,50.0,0.31320877227783206,False,PUT,2028-01-21,GOOG
GOOG280121P00330000,330.0,53.65,53.8,54.65,2.0,158.0,0.3117592018127441,False,PUT,2028-01-21,GOOG
GOOG280121P00335000,335.0,56.0,56.3,57.15,2.0,318.0,0.3096916565704346,False,PUT,2028-01-21,GOOG
GOOG280121P00340000,340.0,58.5,58.8,59.5,3.0,155.0,0.3064949722290039,True,PUT,2028-01-21,GOOG
GOOG280121P00345000,345.0,61.3,61.55,62.4,1.0,103.0,0.3059304026794434,True,PUT,2028-01-21,GOOG
GOOG280121P00350000,350.0,64.4,64.1,64.95,4.0,1346.0,0.3031609601593017,True,PUT,2028-01-21,GOOG
GOOG280121P00355000,355.0,72.65,66.9,67.75,1.0,68.0,0.3013985876464844,True,PUT,2028-01-21,GOOG
GOOG280121P00360000,360.0,70.5,69.6,70.5,2.0,48.0,0.2990640162658691,True,PUT,2028-01-21,GOOG
GOOG280121P00365000,365.0,74.7,72.65,73.55,22.0,24.0,0.2979882823944091,True,PUT,2028-01-21,GOOG
GOOG280121P00370000,370.0,84.25,75.5,76.45,2.0,4.0,0.29580629737854003,True,PUT,2028-01-21,GOOG
GOOG280121P00375000,375.0,90.21,78.45,79.35,2.0,10.0,0.2933115103149413,True,PUT,2028-01-21,GOOG
GOOG280121P00380000,380.0,83.26,81.55,82.5,2.0,19.0,0.2918237932586668,True,PUT,2028-01-21,GOOG
GOOG280121P00385000,385.0,86.35,84.7,85.7,2.0,15.0,0.2902903002929687,True,PUT,2028-01-21,GOOG
GOOG280121P00390000,390.0,95.35,87.95,88.9,,3.0,0.2884592639160155,True,PUT,2028-01-21,GOOG
GOOG280121P00395000,395.0,95.38,91.05,92.05,5.0,11.0,0.2860483993530273,True,PUT,2028-01-21,GOOG
GOOG280121P00400000,400.0,95.34,94.4,95.4,1.0,19.0,0.2844004666137695,True,PUT,2028-01-21,GOOG
GOOG280121P00405000,405.0,98.71,97.8,98.8,1.0,3.0,0.2827220166015625,True,PUT,2028-01-21,GOOG
GOOG280121P00410000,410.0,105.8,101.0,102.0,1.0,10.0,0.2796397720336914,True,PUT,2028-01-21,GOOG
GOOG280121P00420000,420.0,121.68,107.95,108.95,4.0,43.0,0.27556571609497066,True,PUT,2028-01-21,GOOG
GOOG280121P00430000,430.0,115.24,115.1,116.15,5.0,49.0,0.271667134475708,True,PUT,2028-01-21,GOOG
GOOG281215C00240000,240.0,144.48,144.5,149.0,1.0,87.0,0.4944050804138184,True,CALL,2028-12-15,GOOG
GOOG281215C00250000,250.0,140.75,139.5,142.4,1.0,83.0,0.483952914428711,True,CALL,2028-12-15,GOOG
GOOG281215C00260000,260.0,130.68,132.5,136.2,3.0,48.0,0.47543859527587884,True,CALL,2028-12-15,GOOG
GOOG281215C00270000,270.0,122.8,126.5,131.0,50.0,127.0,0.4719748847961425,True,CALL,2028-12-15,GOOG
GOOG281215C00280000,280.0,118.0,121.0,125.5,2.0,51.0,0.4661384563446045,True,CALL,2028-12-15,GOOG
GOOG281215C00290000,290.0,115.75,116.5,120.5,1.0,34.0,0.4623009092712403,True,CALL,2028-12-15,GOOG
GOOG281215C00300000,300.0,113.01,111.0,115.5,12.0,148.0,0.4577996115112305,True,CALL,2028-12-15,GOOG
GOOG281215C00310000,310.0,108.25,106.0,110.5,3.0,37.0,0.4526727096557618,True,CALL,2028-12-15,GOOG
GOOG281215C00320000,320.0,106.65,101.5,106.0,1.0,55.0,0.44940736145019533,True,CALL,2028-12-15,GOOG
GOOG281215C00325000,325.0,96.77,99.5,102.0,1.0,49.0,0.4391459284210205,True,CALL,2028-12-15,GOOG
GOOG281215C00330000,330.0,97.95,97.0,99.75,3.0,87.0,0.43720045227050786,True,CALL,2028-12-15,GOOG
GOOG281215C00335000,335.0,93.03,95.0,97.65,2.0,178.0,0.4358195456695557,True,CALL,2028-12-15,GOOG
GOOG281215C00340000,340.0,91.33,93.15,97.5,39.0,314.0,0.4434107173156738,False,CALL,2028-12-15,GOOG
GOOG281215C00345000,345.0,91.83,91.0,93.45,2.0,42.0,0.43259234405517577,False,CALL,2028-12-15,GOOG
GOOG281215C00350000,350.0,89.84,88.5,92.0,10.0,136.0,0.43375962974548343,False,CALL,2028-12-15,GOOG
GOOG281215C00355000,355.0,85.22,86.5,90.55,1.0,26.0,0.4347438117980958,False,CALL,2028-12-15,GOOG
GOOG281215C00360000,360.0,86.5,84.65,89.0,16.0,66.0,0.4351100190734864,False,CALL,2028-12-15,GOOG
GOOG281215C00365000,365.0,76.72,83.0,87.0,2.0,13.0,0.43327898269653325,False,CALL,2028-12-15,GOOG
GOOG281215C00370000,370.0,84.0,81.0,85.45,1.0,56.0,0.43334001724243165,False,CALL,2028-12-15,GOOG
GOOG281215C00375000,375.0,79.25,79.15,83.5,1.0,28.0,0.4314632049560547,False,CALL,2028-12-15,GOOG
GOOG281215C00380000,380.0,77.65,77.5,81.9,1.0,14.0,0.4310283338165284,False,CALL,2028-12-15,GOOG
GOOG281215C00385000,385.0,81.35,76.65,78.75,1.0,17.0,0.42354397262573246,False,CALL,2028-12-15,GOOG
GOOG281215C00390000,390.0,73.15,75.15,77.35,2.0,78.0,0.4237499642181396,False,CALL,2028-12-15,GOOG
GOOG281215C00395000,395.0,74.23,73.35,75.4,2.0,3.0,0.42137724624633793,False,CALL,2028-12-15,GOOG
GOOG281215C00400000,400.0,72.8,71.75,73.95,6.0,106.0,0.421102590789795,False,CALL,2028-12-15,GOOG
GOOG281215C00405000,405.0,67.93,70.1,72.2,1.0,32.0,0.41937073554992677,False,CALL,2028-12-15,GOOG
GOOG281215C00410000,410.0,69.4,68.65,70.7,,22.0,0.4186230623626709,False,CALL,2028-12-15,GOOG
GOOG281215C00420000,420.0,66.11,65.6,67.65,46.0,246.0,0.41654788780212393,False,CALL,2028-12-15,GOOG
GOOG281215C00430000,430.0,64.65,62.75,64.8,3.0,24.0,0.4148846964263916,False,CALL,2028-12-15,GOOG
GOOG281215P00240000,240.0,25.9,25.4,26.9,1.0,10.0,0.33493707061767575,False,PUT,2028-12-15,GOOG
GOOG281215P00250000,250.0,29.55,28.45,30.05,4.0,39.0,0.3302526692199707,False,PUT,2028-12-15,GOOG
GOOG281215P00260000,260.0,33.75,31.85,33.45,2.0,254.0,0.3259344750976562,False,PUT,2028-12-15,GOOG
GOOG281215P00270000,270.0,37.3,35.35,37.1,30.0,32.0,0.321898565750122,False,PUT,2028-12-15,GOOG
GOOG281215P00280000,280.0,40.0,39.45,41.05,1.0,272.0,0.31838145004272456,False,PUT,2028-12-15,GOOG
GOOG281215P00290000,290.0,46.15,43.5,45.0,10.0,32.0,0.31380385910034175,False,PUT,2028-12-15,GOOG
GOOG281215P00300000,300.0,49.17,47.75,49.3,2.0,83.0,0.30998919998168945,False,PUT,2028-12-15,GOOG
GOOG281215P00310000,310.0,51.6,51.85,53.8,1.0,66.0,0.30615165290832524,False,PUT,2028-12-15,GOOG
GOOG281215P00320000,320.0,60.39,56.6,58.7,4.0,26.0,0.30322962402343745,False,PUT,2028-12-15,GOOG
GOOG281215P00325000,325.0,63.45,59.15,60.1,8.0,44.0,0.2965463412475585,False,PUT,2028-12-15,GOOG
GOOG281215P00330000,330.0,63.61,61.25,63.55,2.0,78.0,0.2991097921752929,False,PUT,2028-12-15,GOOG
GOOG281215P00335000,335.0,63.8,64.1,66.1,1.0,67.0,0.29727875579833973,False,PUT,2028-12-15,GOOG
GOOG281215P00340000,340.0,66.2,66.7,67.9,1.0,103.0,0.29183142257690414,True,PUT,2028-12-15,GOOG
GOOG281215P00345000,345.0,72.6,69.35,70.55,2.0,34.0,0.2900156448364257,True,PUT,2028-12-15,GOOG
GOOG281215P00350000,350.0,75.6,72.05,74.25,1.0,4.0,0.29264013031005853,True,PUT,2028-12-15,GOOG
GOOG281215P00360000,360.0,84.59,77.65,79.85,2.0,10.0,0.2891611611938476,True,PUT,2028-12-15,GOOG
GOOG281215P00400000,400.0,105.15,101.8,104.2,1.0,7.0,0.2751384742736816,True,PUT,2028-12-15,GOOG
GOOGL260130C00240000,240.0,92.5,94.3,97.6,28.0,42.0,2.8847684130859372,True,CALL,2026-01-30,GOOGL
GOOGL260130C00245000,245.0,87.99,89.35,92.25,5.0,11.0,2.587894155273437,True,CALL,2026-01-30,GOOGL
GOOGL260130C00250000,250.0,79.43,84.75,87.95,1.0,101.0,1.8671881640625,True,CALL,2026-01-30,GOOGL
GOOGL260130C00255000,255.0,80.55,79.5,82.95,4.0,13.0,1.5820333398437496,True,CALL,2026-01-30,GOOGL
GOOGL260130C00260000,260.0,76.31,74.85,77.45,4.0,12.0,1.2812535937499998,True,CALL,2026-01-30,GOOGL
GOOGL260130C00265000,265.0,70.15,69.5,72.35,10.0,14.0,2.0859422851562495,True,CALL,2026-01-30,GOOGL
GOOGL260130C00270000,270.0,65.0,64.45,67.45,2.0,93.0,1.9873047509765625,True,CALL,2026-01-30,GOOGL
GOOGL260130C00275000,275.0,52.7,59.45,62.35,1.0,45.0,1.8212899560546876,True,CALL,2026-01-30,GOOGL
GOOGL260130C00280000,280.0,53.4,54.45,57.45,19.0,140.0,1.7216810791015624,True,CALL,2026-01-30,GOOGL
GOOGL260130C00285000,285.0,44.89,50.3,52.55,2.0,49.0,1.1777384863281248,True,CALL,2026-01-30,GOOGL
GOOGL260130C00290000,290.0,44.3,44.5,47.8,46.0,140.0,0.7812521875,True,CALL,2026-01-30,GOOGL
GOOGL260130C00292500,292.5,43.08,41.95,45.4,1.0,4.0,0.7929708203125,True,CALL,2026-01-30,GOOGL
GOOGL260130C00295000,295.0,39.13,39.55,42.9,1.0,72.0,0.8164080859374999,True,CALL,2026-01-30,GOOGL
GOOGL260130C00297500,297.5,30.3,36.95,40.25,1.0,2.0,1.334964262695312,True,CALL,2026-01-30,GOOGL
GOOGL260130C00300000,300.0,36.2,35.4,36.8,39.0,517.0,1.015629921875,True,CALL,2026-01-30,GOOGL
GOOGL260130C00302500,302.5,25.45,31.95,35.15,1.0,10.0,1.1777384863281248,True,CALL,2026-01-30,GOOGL
GOOGL260130C00305000,305.0,30.0,29.55,31.8,57.0,440.0,0.8979502392578124,True,CALL,2026-01-30,GOOGL
GOOGL260130C00307500,307.5,22.47,26.9,29.8,1.0,80.0,0.96679720703125,True,CALL,2026-01-30,GOOGL
GOOGL260130C00310000,310.0,24.62,24.6,26.8,36.0,460.0,0.77929908203125,True,CALL,2026-01-30,GOOGL
GOOGL260130C00312500,312.5,17.5,21.85,24.35,60.0,1160.0,0.7329128271484374,True,CALL,2026-01-30,GOOGL
GOOGL260130C00315000,315.0,21.15,21.0,22.0,74.0,1532.0,0.5737347314453125,True,CALL,2026-01-30,GOOGL
GOOGL260130C00317500,317.5,16.7,17.6,19.35,29.0,2132.0,0.6103554589843752,True,CALL,2026-01-30,GOOGL
GOOGL260130C00320000,320.0,15.05,16.0,16.6,282.0,3318.0,0.4897511962890626,True,CALL,2026-01-30,GOOGL
GOOGL260130C00322500,322.5,13.9,13.0,14.3,1610.0,1442.0,0.47461462890625,True,CALL,2026-01-30,GOOGL
GOOGL260130C00325000,325.0,11.44,10.75,11.7,1091.0,2034.0,0.39111937011718745,True,CALL,2026-01-30,GOOGL
GOOGL260130C00327500,327.5,8.8,8.85,9.8,4995.0,2357.0,0.42236905761718746,True,CALL,2026-01-30,GOOGL
GOOGL260130C00330000,330.0,7.3,6.75,7.3,12142.0,5738.0,0.3454655297851562,True,CALL,2026-01-30,GOOGL
GOOGL260130C00332500,332.5,5.25,5.2,5.35,9586.0,3514.0,0.32642275146484373,True,CALL,2026-01-30,GOOGL
GOOGL260130C00335000,335.0,3.66,3.6,3.7,18605.0,9180.0,0.31372756591796874,True,CALL,2026-01-30,GOOGL
GOOGL260130C00337500,337.5,2.36,2.28,2.33,12299.0,6397.0,0.2985909985351562,False,CALL,2026-01-30,GOOGL
GOOGL260130C00340000,340.0,1.37,1.36,1.39,18144.0,12342.0,0.2934640966796874,False,CALL,2026-01-30,GOOGL
GOOGL260130C00342500,342.5,0.79,0.78,0.81,4659.0,5892.0,0.2966378930664062,False,CALL,2026-01-30,GOOGL
GOOGL260130C00345000,345.0,0.45,0.43,0.45,12925.0,11412.0,0.30054410400390624,False,CALL,2026-01-30,GOOGL
GOOGL260130C00347500,347.5,0.22,0.22,0.24,1609.0,1811.0,0.3051827294921875,False,CALL,2026-01-30,GOOGL
GOOGL260130C00350000,350.0,0.1,0.11,0.12,4174.0,9034.0,0.3086006640625,False,CALL,2026-01-30,GOOGL
GOOGL260130C00352500,352.5,0.07,0.06,0.07,434.0,1148.0,0.32227240234374993,False,CALL,2026-01-30,GOOGL
GOOGL260130C00355000,355.0,0.04,0.03,0.04,1028.0,2875.0,0.33399103515625,False,CALL,2026-01-30,GOOGL
GOOGL260130C00357500,357.5,0.01,0.01,0.03,486.0,2440.0,0.35547519531249994,False,CALL,2026-01-30,GOOGL
GOOGL260130C00360000,360.0,0.01,0.01,0.02,1476.0,3021.0,0.3711000390625,False,CALL,2026-01-30,GOOGL
GOOGL260130C00362500,362.5,0.01,0.01,0.02,40.0,245.0,0.4062559375,False,CALL,2026-01-30,GOOGL
GOOGL260130C00365000,365.0,0.02,0.0,0.01,90.0,2342.0,0.4062559375,False,CALL,2026-01-30,GOOGL
GOOGL260130C00367500,367.5,0.01,0.0,0.02,202.0,1094.0,0.4687553125,False,CALL,2026-01-30,GOOGL
GOOGL260130C00370000,370.0,0.01,0.0,0.01,4.0,1335.0,0.4687553125,False,CALL,2026-01-30,GOOGL
GOOGL260130C00375000,375.0,0.02,0.0,0.02,3.0,500.0,0.523442265625,False,CALL,2026-01-30,GOOGL
GOOGL260130C00380000,380.0,0.01,0.0,0.01,1.0,901.0,0.5468795312500001,False,CALL,2026-01-30,GOOGL
GOOGL260130C00385000,385.0,0.21,0.0,0.01,1.0,155.0,0.5937540625000001,False,CALL,2026-01-30,GOOGL
GOOGL260130C00390000,390.0,0.33,0.0,0.56,1.0,149.0,1.0371141894531253,False,CALL,2026-01-30,GOOGL
GOOGL260130C00395000,395.0,0.01,0.0,0.01,25.0,57.0,0.70312796875,False,CALL,2026-01-30,GOOGL
GOOGL260130C00400000,400.0,0.01,0.0,0.01,3.0,659.0,0.7500025,False,CALL,2026-01-30,GOOGL
GOOGL260130C00405000,405.0,0.01,0.0,0.03,5.0,67.0,0.8828136718749999,False,CALL,2026-01-30,GOOGL
GOOGL260130C00410000,410.0,0.17,0.0,0.81,1.0,215.0,1.3994170654296876,False,CALL,2026-01-30,GOOGL
GOOGL260130C00415000,415.0,0.01,0.0,0.15,180.0,50.0,1.1640666796875,False,CALL,2026-01-30,GOOGL
GOOGL260130C00420000,420.0,0.01,0.0,0.01,498.0,605.0,0.937500625,False,CALL,2026-01-30,GOOGL
GOOGL260130C00425000,425.0,0.01,0.0,0.01,10.0,19.0,0.98437515625,False,CALL,2026-01-30,GOOGL
GOOGL260130C00430000,430.0,0.26,0.0,0.01,1.0,3.0,1.0312548437500002,False,CALL,2026-01-30,GOOGL
GOOGL260130C00435000,435.0,0.02,0.0,0.01,,2.0,1.0625046875000002,False,CALL,2026-01-30,GOOGL
GOOGL260130P00240000,240.0,0.01,0.0,0.53,1.0,120.0,2.134770288085937,False,PUT,2026-01-30,GOOGL
GOOGL260130P00245000,245.0,0.02,0.0,0.01,101.0,212.0,1.3125034374999998,False,PUT,2026-01-30,GOOGL
GOOGL260130P00250000,250.0,0.01,0.0,0.01,4.0,864.0,1.2500037499999999,False,PUT,2026-01-30,GOOGL
GOOGL260130P00255000,255.0,0.01,0.0,0.02,2.0,405.0,1.2500037499999999,False,PUT,2026-01-30,GOOGL
GOOGL260130P00260000,260.0,0.01,0.0,0.01,10.0,10850.0,1.09375453125,False,PUT,2026-01-30,GOOGL
GOOGL260130P00265000,265.0,0.01,0.0,0.33,10.0,273.0,1.46875265625,False,PUT,2026-01-30,GOOGL
GOOGL260130P00270000,270.0,0.01,0.0,0.02,10.0,1215.0,1.000005,False,PUT,2026-01-30,GOOGL
GOOGL260130P00275000,275.0,0.01,0.0,0.07,6.0,1096.0,1.0468797656250002,False,PUT,2026-01-30,GOOGL
GOOGL260130P00280000,280.0,0.01,0.0,0.01,35.0,1882.0,0.79687703125,False,PUT,2026-01-30,GOOGL
GOOGL260130P00285000,285.0,0.02,0.0,0.02,20.0,1516.0,0.7656273437500001,False,PUT,2026-01-30,GOOGL
GOOGL260130P00290000,290.0,0.01,0.0,0.03,15.0,1700.0,0.726565234375,False,PUT,2026-01-30,GOOGL
GOOGL260130P00292500,292.5,0.02,0.0,0.07,6.0,68.0,0.7500025,False,PUT,2026-01-30,GOOGL
GOOGL260130P00295000,295.0,0.02,0.0,0.02,209.0,2147.0,0.6250037500000001,False,PUT,2026-01-30,GOOGL
GOOGL260130P00297500,297.5,0.01,0.01,0.02,14.0,1042.0,0.6093789062500001,False,PUT,2026-01-30,GOOGL
GOOGL260130P00300000,300.0,0.02,0.01,0.02,620.0,3149.0,0.570316796875,False,PUT,2026-01-30,GOOGL
GOOGL260130P00302500,302.5,0.02,0.01,0.03,82.0,482.0,0.5507857421875001,False,PUT,2026-01-30,GOOGL
GOOGL260130P00305000,305.0,0.01,0.01,0.02,643.0,6873.0,0.5117236328125,False,PUT,2026-01-30,GOOGL
GOOGL260130P00307500,307.5,0.01,0.01,0.02,188.0,1617.0,0.4726615234375,False,PUT,2026-01-30,GOOGL
GOOGL260130P00310000,310.0,0.01,0.01,0.02,782.0,2617.0,0.4335994140625,False,PUT,2026-01-30,GOOGL
GOOGL260130P00312500,312.5,0.02,0.02,0.03,282.0,1324.0,0.41602146484374997,False,PUT,2026-01-30,GOOGL
GOOGL260130P00315000,315.0,0.03,0.03,0.04,850.0,3360.0,0.39063109375,False,PUT,2026-01-30,GOOGL
GOOGL260130P00317500,317.5,0.05,0.05,0.06,1302.0,2584.0,0.36914693359375,False,PUT,2026-01-30,GOOGL
GOOGL260130P00320000,320.0,0.08,0.06,0.08,3519.0,8157.0,0.3398503515625,False,PUT,2026-01-30,GOOGL
GOOGL260130P00322500,322.5,0.12,0.11,0.13,3066.0,2409.0,0.32129584960937496,False,PUT,2026-01-30,GOOGL
GOOGL260130P00325000,325.0,0.22,0.21,0.22,5679.0,4511.0,0.30371790039062496,False,PUT,2026-01-30,GOOGL
GOOGL260130P00327500,327.5,0.41,0.37,0.39,4303.0,2997.0,0.28955788574218744,False,PUT,2026-01-30,GOOGL
GOOGL260130P00330000,330.0,0.72,0.67,0.69,8327.0,8121.0,0.27686270019531245,False,PUT,2026-01-30,GOOGL
GOOGL260130P00332500,332.5,1.31,1.19,1.23,2344.0,2362.0,0.2690502783203125,False,PUT,2026-01-30,GOOGL
GOOGL260130P00335000,335.0,2.01,1.95,2.0,2962.0,4348.0,0.25440198730468755,False,PUT,2026-01-30,GOOGL
GOOGL260130P00337500,337.5,3.5,3.05,3.15,1286.0,638.0,0.24097438720703124,True,PUT,2026-01-30,GOOGL
GOOGL260130P00340000,340.0,5.05,4.65,4.75,4952.0,876.0,0.231452998046875,True,PUT,2026-01-30,GOOGL
GOOGL260130P00342500,342.5,6.65,6.5,6.7,82.0,100.0,0.21631643066406248,True,PUT,2026-01-30,GOOGL
GOOGL260130P00345000,345.0,9.31,8.6,9.55,277.0,309.0,0.340826904296875,True,PUT,2026-01-30,GOOGL
GOOGL260130P00347500,347.5,11.87,10.75,12.2,17.0,6.0,0.42847251220703125,True,PUT,2026-01-30,GOOGL
GOOGL260130P00350000,350.0,15.73,13.65,14.95,13.0,151.0,0.5324753784179688,True,PUT,2026-01-30,GOOGL
GOOGL260130P00352500,352.5,17.0,15.85,17.25,2.0,4.0,0.5561567822265626,True,PUT,2026-01-30,GOOGL
GOOGL260130P00355000,355.0,20.0,17.9,20.0,21.0,118.0,0.6606479248046876,True,PUT,2026-01-30,GOOGL
GOOGL260130P00357500,357.5,27.9,20.25,23.2,9.0,8.0,0.532231240234375,True,PUT,2026-01-30,GOOGL
GOOGL260130P00360000,360.0,25.78,22.5,25.6,400.0,102.0,0.50586431640625,True,PUT,2026-01-30,GOOGL
GOOGL260130P00365000,365.0,29.0,27.4,30.6,,0.0,0.5546919531250001,True,PUT,2026-01-30,GOOGL
GOOGL260130P00370000,370.0,55.0,32.6,35.6,2.0,0.0,0.6962920996093751,True,PUT,2026-01-30,GOOGL
GOOGL260130P00385000,385.0,46.78,47.2,50.6,,0.0,0.6835969140625001,True,PUT,2026-01-30,GOOGL
GOOGL260206C00240000,240.0,91.0,94.85,97.35,4.0,55.0,1.308108928222656,True,CALL,2026-02-06,GOOGL
GOOGL260206C00245000,245.0,90.34,89.85,92.95,1.0,21.0,0.9589847851562499,True,CALL,2026-02-06,GOOGL
GOOGL260206C00250000,250.0,85.21,84.6,87.95,4.0,8.0,0.8330094824218748,True,CALL,2026-02-06,GOOGL
GOOGL260206C00255000,255.0,80.3,79.75,82.95,18.0,9.0,0.8281267187499999,True,CALL,2026-02-06,GOOGL
GOOGL260206C00260000,260.0,74.7,74.65,77.8,4.0,43.0,0.6972686523437501,True,CALL,2026-02-06,GOOGL
GOOGL260206C00265000,265.0,70.43,69.8,72.65,20.0,9.0,0.6523472265625001,True,CALL,2026-02-06,GOOGL
GOOGL260206C00270000,270.0,65.2,64.75,67.7,1.0,106.0,0.6054726953125001,True,CALL,2026-02-06,GOOGL
GOOGL260206C00275000,275.0,55.08,59.8,62.6,1.0,8.0,0.5410202148437502,True,CALL,2026-02-06,GOOGL
GOOGL260206C00280000,280.0,51.95,54.95,57.85,139.0,177.0,0.596683720703125,True,CALL,2026-02-06,GOOGL
GOOGL260206C00282500,282.5,46.3,52.6,55.7,26.0,5.0,0.64062859375,True,CALL,2026-02-06,GOOGL
GOOGL260206C00285000,285.0,54.1,49.95,53.0,3.0,27.0,0.5698285205078125,True,CALL,2026-02-06,GOOGL
GOOGL260206C00287500,287.5,48.6,47.95,50.45,5.0,15.0,0.5974161352539062,True,CALL,2026-02-06,GOOGL
GOOGL260206C00290000,290.0,44.25,45.2,47.85,44.0,55.0,0.5317429638671876,True,CALL,2026-02-06,GOOGL
GOOGL260206C00292500,292.5,38.62,44.05,45.75,2.0,2.0,0.6506382592773439,True,CALL,2026-02-06,GOOGL
GOOGL260206C00295000,295.0,42.1,41.3,42.65,9.0,31.0,0.5620160986328125,True,CALL,2026-02-06,GOOGL
GOOGL260206C00297500,297.5,35.24,39.1,41.1,1.0,1.0,0.6127968408203126,True,CALL,2026-02-06,GOOGL
GOOGL260206C00300000,300.0,37.48,37.2,38.4,69.0,239.0,0.6025430371093752,True,CALL,2026-02-06,GOOGL
GOOGL260206C00302500,302.5,27.95,34.4,36.45,3.0,3.0,0.5827678442382812,True,CALL,2026-02-06,GOOGL
GOOGL260206C00305000,305.0,29.07,32.35,33.9,22.0,140.0,0.56836369140625,True,CALL,2026-02-06,GOOGL
GOOGL260206C00307500,307.5,28.05,30.05,31.45,5.0,36.0,0.5456588403320313,True,CALL,2026-02-06,GOOGL
GOOGL260206C00310000,310.0,26.58,28.1,29.55,52.0,522.0,0.5568891967773439,True,CALL,2026-02-06,GOOGL
GOOGL260206C00312500,312.5,22.15,25.95,27.15,49.0,64.0,0.5371140039062501,True,CALL,2026-02-06,GOOGL
GOOGL260206C00315000,315.0,20.93,24.25,25.0,94.0,617.0,0.5388229711914063,True,CALL,2026-02-06,GOOGL
GOOGL260206C00317500,317.5,22.7,22.9,23.15,179.0,117.0,0.5556685058593751,True,CALL,2026-02-06,GOOGL
GOOGL260206C00320000,320.0,20.7,21.05,21.25,551.0,1347.0,0.5505416040039064,True,CALL,2026-02-06,GOOGL
GOOGL260206C00322500,322.5,19.05,19.2,19.4,160.0,282.0,0.5429733203125001,True,CALL,2026-02-06,GOOGL
GOOGL260206C00325000,325.0,17.4,17.65,17.8,633.0,913.0,0.5461471166992189,True,CALL,2026-02-06,GOOGL
GOOGL260206C00327500,327.5,15.49,15.9,16.1,405.0,391.0,0.537236072998047,True,CALL,2026-02-06,GOOGL
GOOGL260206C00330000,330.0,14.55,14.5,14.65,3347.0,1981.0,0.5394333166503908,True,CALL,2026-02-06,GOOGL
GOOGL260206C00332500,332.5,12.8,13.0,13.15,606.0,664.0,0.5335740002441407,True,CALL,2026-02-06,GOOGL
GOOGL260206C00335000,335.0,11.8,11.8,11.85,1967.0,6464.0,0.5356491748046875,True,CALL,2026-02-06,GOOGL
GOOGL260206C00337500,337.5,10.1,10.4,10.55,452.0,1764.0,0.5286912365722658,False,CALL,2026-02-06,GOOGL
GOOGL260206C00340000,340.0,9.39,9.25,9.4,1366.0,5310.0,0.5269822692871093,False,CALL,2026-02-06,GOOGL
GOOGL260206C00342500,342.5,8.05,8.2,8.35,509.0,488.0,0.5259446820068359,False,CALL,2026-02-06,GOOGL
GOOGL260206C00345000,345.0,7.22,7.2,7.35,1280.0,8000.0,0.5231370928955077,False,CALL,2026-02-06,GOOGL
GOOGL260206C00347500,347.5,6.1,6.35,6.5,178.0,374.0,0.5235643347167969,False,CALL,2026-02-06,GOOGL
GOOGL260206C00350000,350.0,5.63,5.55,5.7,2884.0,4465.0,0.5225877819824218,False,CALL,2026-02-06,GOOGL
GOOGL260206C00352500,352.5,4.95,4.85,5.0,281.0,1141.0,0.5228319201660157,False,CALL,2026-02-06,GOOGL
GOOGL260206C00355000,355.0,4.3,4.2,4.35,1774.0,2672.0,0.5218553674316406,False,CALL,2026-02-06,GOOGL
GOOGL260206C00357500,357.5,3.6,3.6,3.75,116.0,195.0,0.5197801928710937,False,CALL,2026-02-06,GOOGL
GOOGL260206C00360000,360.0,3.2,3.15,3.25,1899.0,10004.0,0.5216112292480468,False,CALL,2026-02-06,GOOGL
GOOGL260206C00362500,362.5,2.66,2.75,2.83,201.0,184.0,0.5241746801757812,False,CALL,2026-02-06,GOOGL
GOOGL260206C00365000,365.0,2.37,2.37,2.44,581.0,1126.0,0.5250291638183593,False,CALL,2026-02-06,GOOGL
GOOGL260206C00367500,367.5,2.02,2.04,2.12,139.0,148.0,0.5268602001953125,False,CALL,2026-02-06,GOOGL
GOOGL260206C00370000,370.0,1.69,1.75,1.82,620.0,2525.0,0.5280808911132813,False,CALL,2026-02-06,GOOGL
GOOGL260206C00372500,372.5,1.5,1.52,1.59,57.0,149.0,0.5317429638671876,False,CALL,2026-02-06,GOOGL
GOOGL260206C00375000,375.0,1.32,1.31,1.36,2521.0,1614.0,0.5334519311523438,False,CALL,2026-02-06,GOOGL
GOOGL260206C00377500,377.5,1.14,1.12,1.18,24.0,104.0,0.5361374511718751,False,CALL,2026-02-06,GOOGL
GOOGL260206C00380000,380.0,0.93,0.96,1.02,216.0,4143.0,0.5385788330078126,False,CALL,2026-02-06,GOOGL
GOOGL260206C00382500,382.5,0.7,0.8,0.86,6.0,16.0,0.5383346948242189,False,CALL,2026-02-06,GOOGL
GOOGL260206C00385000,385.0,0.72,0.71,0.77,55.0,307.0,0.5454147021484376,False,CALL,2026-02-06,GOOGL
GOOGL260206C00387500,387.5,0.51,0.58,0.64,20.0,15.0,0.5434615966796876,False,CALL,2026-02-06,GOOGL
GOOGL260206C00390000,390.0,0.48,0.51,0.56,100.0,1093.0,0.5485884985351563,False,CALL,2026-02-06,GOOGL
GOOGL260206C00395000,395.0,0.23,0.37,0.43,2.0,218.0,0.5556685058593751,False,CALL,2026-02-06,GOOGL
GOOGL260206C00400000,400.0,0.27,0.26,0.32,586.0,1164.0,0.5600629931640625,False,CALL,2026-02-06,GOOGL
GOOGL260206C00405000,405.0,0.15,0.2,0.24,1.0,47.0,0.56836369140625,False,CALL,2026-02-06,GOOGL
GOOGL260206C00410000,410.0,0.16,0.14,0.19,4.0,24.0,0.57617611328125,False,CALL,2026-02-06,GOOGL
GOOGL260206C00415000,415.0,0.09,0.1,0.14,1.0,62.0,0.5800823242187501,False,CALL,2026-02-06,GOOGL
GOOGL260206C00420000,420.0,0.07,0.07,0.12,164.0,121.0,0.5918009570312501,False,CALL,2026-02-06,GOOGL
GOOGL260206C00425000,425.0,0.06,0.04,0.1,100.0,113.0,0.59570716796875,False,CALL,2026-02-06,GOOGL
GOOGL260206C00430000,430.0,0.03,0.03,0.08,1.0,42.0,0.6054726953125001,False,CALL,2026-02-06,GOOGL
GOOGL260206C00435000,435.0,0.02,0.02,0.07,10.0,112.0,0.6171913281250001,False,CALL,2026-02-06,GOOGL
GOOGL260206P00240000,240.0,0.05,0.03,0.07,5.0,59.0,0.8203142968749999,False,PUT,2026-02-06,GOOGL
GOOGL260206P00245000,245.0,0.09,0.03,0.08,1.0,81.0,0.7812521875,False,PUT,2026-02-06,GOOGL
GOOGL260206P00250000,250.0,0.08,0.05,0.09,8.0,222.0,0.75586181640625,False,PUT,2026-02-06,GOOGL
GOOGL260206P00255000,255.0,0.09,0.06,0.11,5.0,105.0,0.726565234375,False,PUT,2026-02-06,GOOGL
GOOGL260206P00260000,260.0,0.11,0.07,0.13,15.0,1049.0,0.69336244140625,False,PUT,2026-02-06,GOOGL
GOOGL260206P00265000,265.0,0.19,0.1,0.15,16.0,811.0,0.6669955175781253,False,PUT,2026-02-06,GOOGL
GOOGL260206P00270000,270.0,0.19,0.14,0.18,20.0,771.0,0.641605146484375,False,PUT,2026-02-06,GOOGL
GOOGL260206P00275000,275.0,0.2,0.18,0.23,7.0,858.0,0.6162147753906251,False,PUT,2026-02-06,GOOGL
GOOGL260206P00277500,277.5,0.25,0.22,0.26,7.0,16.0,0.6069375244140626,False,PUT,2026-02-06,GOOGL
GOOGL260206P00280000,280.0,0.27,0.25,0.28,53.0,462.0,0.5918009570312501,False,PUT,2026-02-06,GOOGL
GOOGL260206P00282500,282.5,0.34,0.3,0.34,27.0,17.0,0.584965087890625,False,PUT,2026-02-06,GOOGL
GOOGL260206P00285000,285.0,0.36,0.36,0.39,363.0,949.0,0.5756878369140624,False,PUT,2026-02-06,GOOGL
GOOGL260206P00287500,287.5,0.46,0.42,0.47,13.0,171.0,0.5678754150390625,False,PUT,2026-02-06,GOOGL
GOOGL260206P00290000,290.0,0.53,0.51,0.55,235.0,1015.0,0.5600629931640625,False,PUT,2026-02-06,GOOGL
GOOGL260206P00292500,292.5,0.67,0.6,0.65,59.0,151.0,0.551762294921875,False,PUT,2026-02-06,GOOGL
GOOGL260206P00295000,295.0,0.75,0.74,0.77,224.0,1082.0,0.5463912548828126,False,PUT,2026-02-06,GOOGL
GOOGL260206P00297500,297.5,0.93,0.87,0.93,351.0,206.0,0.5400436621093752,False,PUT,2026-02-06,GOOGL
GOOGL260206P00300000,300.0,1.08,1.08,1.11,755.0,5332.0,0.5366257275390626,False,PUT,2026-02-06,GOOGL
GOOGL260206P00302500,302.5,1.2,1.26,1.32,161.0,159.0,0.5293015820312501,False,PUT,2026-02-06,GOOGL
GOOGL260206P00305000,305.0,1.53,1.52,1.59,276.0,1194.0,0.5258836474609375,False,PUT,2026-02-06,GOOGL
GOOGL260206P00307500,307.5,1.82,1.8,1.86,188.0,232.0,0.5194139855957032,False,PUT,2026-02-06,GOOGL
GOOGL260206P00310000,310.0,2.25,2.17,2.23,1105.0,13881.0,0.5173388110351562,False,PUT,2026-02-06,GOOGL
GOOGL260206P00312500,312.5,2.65,2.56,2.63,114.0,215.0,0.5127001855468749,False,PUT,2026-02-06,GOOGL
GOOGL260206P00315000,315.0,3.2,3.05,3.2,377.0,2421.0,0.5134326000976561,False,PUT,2026-02-06,GOOGL
GOOGL260206P00317500,317.5,3.73,3.6,3.75,59.0,251.0,0.5107470800781251,False,PUT,2026-02-06,GOOGL
GOOGL260206P00320000,320.0,4.29,4.2,4.35,3398.0,1364.0,0.5067188000488281,False,PUT,2026-02-06,GOOGL
GOOGL260206P00322500,322.5,5.0,4.9,5.05,83.0,301.0,0.5041553491210937,False,PUT,2026-02-06,GOOGL
GOOGL260206P00325000,325.0,6.05,5.65,5.8,297.0,6984.0,0.5039112109375,False,PUT,2026-02-06,GOOGL
GOOGL260206P00327500,327.5,6.76,6.6,6.75,574.0,321.0,0.5015918981933594,False,PUT,2026-02-06,GOOGL
GOOGL260206P00330000,330.0,7.86,7.5,7.65,625.0,2620.0,0.4998829309082031,False,PUT,2026-02-06,GOOGL
GOOGL260206P00332500,332.5,8.99,8.6,8.75,528.0,407.0,0.4996387927246094,False,PUT,2026-02-06,GOOGL
GOOGL260206P00335000,335.0,10.2,9.8,9.95,274.0,1059.0,0.4996387927246094,False,PUT,2026-02-06,GOOGL
GOOGL260206P00337500,337.5,11.15,11.05,11.2,564.0,419.0,0.4975636181640626,True,PUT,2026-02-06,GOOGL
GOOGL260206P00340000,340.0,12.6,12.4,12.6,160.0,326.0,0.4981739636230469,True,PUT,2026-02-06,GOOGL
GOOGL260206P00342500,342.5,13.85,13.85,14.0,143.0,33.0,0.4942677526855469,True,PUT,2026-02-06,GOOGL
GOOGL260206P00345000,345.0,15.35,15.3,15.5,62.0,99.0,0.4907277490234375,True,PUT,2026-02-06,GOOGL
GOOGL260206P00347500,347.5,17.0,16.95,17.15,11.0,52.0,0.49023947265625006,True,PUT,2026-02-06,GOOGL
GOOGL260206P00350000,350.0,21.3,18.7,18.9,76.0,152.0,0.49060567993164067,True,PUT,2026-02-06,GOOGL
GOOGL260206P00352500,352.5,20.5,20.35,20.55,107.0,48.0,0.4808401525878906,True,PUT,2026-02-06,GOOGL
GOOGL260206P00355000,355.0,23.81,22.2,22.45,20.0,81.0,0.4804739453125,True,PUT,2026-02-06,GOOGL
GOOGL260206P00357500,357.5,25.81,24.25,24.5,1.0,26.0,0.48511257080078124,True,PUT,2026-02-06,GOOGL
GOOGL260206P00360000,360.0,24.91,26.2,26.45,6.0,13.0,0.4792532543945312,True,PUT,2026-02-06,GOOGL
GOOGL260206P00362500,362.5,27.8,28.3,29.65,6.0,2.0,0.5105029418945313,True,PUT,2026-02-06,GOOGL
GOOGL260206P00365000,365.0,30.4,29.95,31.7,15.0,15.0,0.5554243676757813,True,PUT,2026-02-06,GOOGL
GOOGL260206P00370000,370.0,37.05,35.0,36.3,21.0,22.0,0.5268602001953125,True,PUT,2026-02-06,GOOGL
GOOGL260206P00385000,385.0,49.4,48.35,50.4,6.0,39.0,0.5029346582031251,True,PUT,2026-02-06,GOOGL
GOOGL260206P00390000,390.0,55.11,53.2,56.35,66.0,17.0,0.6093789062500001,True,PUT,2026-02-06,GOOGL
GOOGL260213C00240000,240.0,98.25,94.9,98.3,1.0,10.0,0.8261736132812498,True,CALL,2026-02-13,GOOGL
GOOGL260213C00245000,245.0,86.97,90.15,93.15,1.0,1.0,0.7954122021484374,True,CALL,2026-02-13,GOOGL
GOOGL260213C00250000,250.0,84.5,85.2,88.1,2.0,28.0,0.75195560546875,True,CALL,2026-02-13,GOOGL
GOOGL260213C00255000,255.0,81.4,80.25,82.8,1.0,10.0,0.6772493212890626,True,CALL,2026-02-13,GOOGL
GOOGL260213C00260000,260.0,75.1,75.05,78.15,4.0,15.0,0.6547886083984377,True,CALL,2026-02-13,GOOGL
GOOGL260213C00265000,265.0,65.33,70.35,73.25,1.0,104.0,0.6533237792968751,True,CALL,2026-02-13,GOOGL
GOOGL260213C00270000,270.0,64.63,65.35,68.3,28.0,17.0,0.6145058081054688,True,CALL,2026-02-13,GOOGL
GOOGL260213C00275000,275.0,59.84,60.3,63.7,76.0,24.0,0.5981485498046876,True,CALL,2026-02-13,GOOGL
GOOGL260213C00280000,280.0,55.15,56.0,58.45,121.0,137.0,0.5830119824218749,True,CALL,2026-02-13,GOOGL
GOOGL260213C00285000,285.0,51.15,50.6,53.35,129.0,113.0,0.5075732836914062,True,CALL,2026-02-13,GOOGL
GOOGL260213C00290000,290.0,47.6,46.9,48.0,1.0,32.0,0.5158739819335938,True,CALL,2026-02-13,GOOGL
GOOGL260213C00295000,295.0,36.55,42.25,43.85,1.0,17.0,0.5201464001464844,True,CALL,2026-02-13,GOOGL
GOOGL260213C00300000,300.0,38.4,37.7,38.85,34.0,200.0,0.5255174401855469,True,CALL,2026-02-13,GOOGL
GOOGL260213C00305000,305.0,32.75,33.1,34.45,8.0,111.0,0.5076953527832031,True,CALL,2026-02-13,GOOGL
GOOGL260213C00310000,310.0,28.27,29.2,30.75,75.0,126.0,0.5184374328613282,True,CALL,2026-02-13,GOOGL
GOOGL260213C00315000,315.0,25.14,26.3,26.5,30.0,105.0,0.4920094744873047,True,CALL,2026-02-13,GOOGL
GOOGL260213C00320000,320.0,22.3,22.6,22.8,74.0,369.0,0.4821218780517579,True,CALL,2026-02-13,GOOGL
GOOGL260213C00325000,325.0,18.95,19.15,19.35,133.0,576.0,0.47260048889160156,True,CALL,2026-02-13,GOOGL
GOOGL260213C00330000,330.0,15.99,16.15,16.3,289.0,968.0,0.4679008288574219,True,CALL,2026-02-13,GOOGL
GOOGL260213C00335000,335.0,13.0,13.3,13.5,170.0,927.0,0.46155323608398446,True,CALL,2026-02-13,GOOGL
GOOGL260213C00340000,340.0,11.0,10.9,11.05,298.0,781.0,0.45691461059570315,False,CALL,2026-02-13,GOOGL
GOOGL260213C00345000,345.0,8.67,8.85,9.0,417.0,463.0,0.4557549542236329,False,CALL,2026-02-13,GOOGL
GOOGL260213C00350000,350.0,7.0,7.0,7.15,695.0,1543.0,0.45117736328125,False,CALL,2026-02-13,GOOGL
GOOGL260213C00355000,355.0,5.45,5.6,5.65,501.0,2646.0,0.4493463269042969,False,CALL,2026-02-13,GOOGL
GOOGL260213C00360000,360.0,4.3,4.35,4.5,99.0,744.0,0.4519097778320313,False,CALL,2026-02-13,GOOGL
GOOGL260213C00365000,365.0,3.21,3.4,3.5,57.0,291.0,0.45166563964843753,False,CALL,2026-02-13,GOOGL
GOOGL260213C00370000,370.0,2.65,2.64,2.73,71.0,515.0,0.45361874511718747,False,CALL,2026-02-13,GOOGL
GOOGL260213C00375000,375.0,2.08,2.04,2.12,64.0,517.0,0.45606012695312503,False,CALL,2026-02-13,GOOGL
GOOGL260213C00380000,380.0,1.58,1.59,1.66,36.0,240.0,0.46045461425781253,False,CALL,2026-02-13,GOOGL
GOOGL260213C00385000,385.0,1.26,1.23,1.29,36.0,73.0,0.4642387561035156,False,CALL,2026-02-13,GOOGL
GOOGL260213C00390000,390.0,0.95,0.91,0.98,42.0,290.0,0.4660697924804688,False,CALL,2026-02-13,GOOGL
GOOGL260213C00395000,395.0,0.6,0.72,0.77,4.0,237.0,0.471684970703125,False,CALL,2026-02-13,GOOGL
GOOGL260213C00400000,400.0,0.57,0.56,0.6,97.0,181.0,0.476567734375,False,CALL,2026-02-13,GOOGL
GOOGL260213C00405000,405.0,0.36,0.43,0.49,5.0,149.0,0.485356708984375,False,CALL,2026-02-13,GOOGL
GOOGL260213C00410000,410.0,0.28,0.34,0.39,1.0,205.0,0.49170430175781255,False,CALL,2026-02-13,GOOGL
GOOGL260213C00415000,415.0,0.26,0.26,0.3,2.0,30.0,0.495122236328125,False,CALL,2026-02-13,GOOGL
GOOGL260213C00420000,420.0,0.19,0.2,0.26,10.0,19.0,0.5073291455078125,False,CALL,2026-02-13,GOOGL
GOOGL260213C00425000,425.0,0.17,0.16,0.21,2.0,24.0,0.5048877636718749,False,CALL,2026-02-13,GOOGL
GOOGL260213C00430000,430.0,0.15,0.12,0.17,1.0,14.0,0.5097705273437501,False,CALL,2026-02-13,GOOGL
GOOGL260213C00435000,435.0,0.07,0.09,0.14,4.0,12.0,0.514653291015625,False,CALL,2026-02-13,GOOGL
GOOGL260213P00240000,240.0,0.16,0.08,0.14,1.0,21.0,0.6718782812500002,False,PUT,2026-02-13,GOOGL
GOOGL260213P00245000,245.0,0.18,0.1,0.15,7.0,28.0,0.6445348046875,False,PUT,2026-02-13,GOOGL
GOOGL260213P00250000,250.0,0.17,0.13,0.18,3.0,37.0,0.6250037500000001,False,PUT,2026-02-13,GOOGL
GOOGL260213P00255000,255.0,0.22,0.16,0.21,15.0,47.0,0.6025430371093752,False,PUT,2026-02-13,GOOGL
GOOGL260213P00260000,260.0,0.22,0.2,0.25,20.0,63.0,0.5810588769531251,False,PUT,2026-02-13,GOOGL
GOOGL260213P00265000,265.0,0.43,0.25,0.31,3.0,69.0,0.561527822265625,False,PUT,2026-02-13,GOOGL
GOOGL260213P00270000,270.0,0.32,0.32,0.38,16.0,250.0,0.5424850439453126,False,PUT,2026-02-13,GOOGL
GOOGL260213P00275000,275.0,0.55,0.42,0.47,13.0,280.0,0.5249070947265625,False,PUT,2026-02-13,GOOGL
GOOGL260213P00280000,280.0,0.61,0.55,0.61,11.0,275.0,0.5095263891601562,False,PUT,2026-02-13,GOOGL
GOOGL260213P00285000,285.0,0.85,0.72,0.78,18.0,293.0,0.4978077563476563,False,PUT,2026-02-13,GOOGL
GOOGL260213P00290000,290.0,1.07,0.97,1.04,24.0,426.0,0.4859670544433594,False,PUT,2026-02-13,GOOGL
GOOGL260213P00295000,295.0,1.7,1.31,1.38,67.0,711.0,0.4742484216308594,False,PUT,2026-02-13,GOOGL
GOOGL260213P00300000,300.0,1.8,1.75,1.82,87.0,1135.0,0.4626518579101563,False,PUT,2026-02-13,GOOGL
GOOGL260213P00305000,305.0,2.41,2.37,2.45,133.0,625.0,0.45532771240234376,False,PUT,2026-02-13,GOOGL
GOOGL260213P00310000,310.0,3.2,3.2,3.35,573.0,1626.0,0.4531915032958984,False,PUT,2026-02-13,GOOGL
GOOGL260213P00315000,315.0,4.43,4.2,4.3,95.0,451.0,0.4424494232177735,False,PUT,2026-02-13,GOOGL
GOOGL260213P00320000,320.0,5.45,5.45,5.6,57.0,1084.0,0.43720045227050786,False,PUT,2026-02-13,GOOGL
GOOGL260213P00325000,325.0,7.0,7.05,7.2,104.0,354.0,0.43286699951171875,False,PUT,2026-02-13,GOOGL
GOOGL260213P00330000,330.0,9.1,8.95,9.1,139.0,841.0,0.4283504431152344,False,PUT,2026-02-13,GOOGL
GOOGL260213P00335000,335.0,11.49,11.2,11.35,41.0,444.0,0.424810439453125,False,PUT,2026-02-13,GOOGL
GOOGL260213P00340000,340.0,13.95,13.75,13.95,26.0,178.0,0.4219418157958984,True,PUT,2026-02-13,GOOGL
GOOGL260213P00345000,345.0,17.01,16.65,16.85,81.0,72.0,0.4180356048583984,True,PUT,2026-02-13,GOOGL
GOOGL260213P00350000,350.0,22.15,19.9,20.1,9.0,35.0,0.41528905029296875,True,PUT,2026-02-13,GOOGL
GOOGL260213P00355000,355.0,28.1,23.4,23.65,4.0,36.0,0.41272559936523434,True,PUT,2026-02-13,GOOGL
GOOGL260213P00360000,360.0,29.7,27.25,27.45,26.0,35.0,0.40906352661132805,True,PUT,2026-02-13,GOOGL
GOOGL260213P00365000,365.0,30.92,31.1,32.55,4.0,9.0,0.4601494415283204,True,PUT,2026-02-13,GOOGL
GOOGL260213P00370000,370.0,37.1,35.1,36.85,,3.0,0.46716841430664063,True,PUT,2026-02-13,GOOGL
GOOGL260220C00240000,240.0,94.0,95.35,98.1,5.0,2270.0,0.7163114306640624,True,CALL,2026-02-20,GOOGL
GOOGL260220C00245000,245.0,90.4,90.4,93.05,41.0,2583.0,0.6787141503906251,True,CALL,2026-02-20,GOOGL
GOOGL260220C00250000,250.0,85.88,85.35,88.2,3.0,1887.0,0.6506382592773439,True,CALL,2026-02-20,GOOGL
GOOGL260220C00255000,255.0,78.8,80.45,82.65,32.0,1396.0,0.570316796875,True,CALL,2026-02-20,GOOGL
GOOGL260220C00260000,260.0,76.3,76.3,78.0,6.0,7511.0,0.6303747900390625,True,CALL,2026-02-20,GOOGL
GOOGL260220C00265000,265.0,72.05,70.6,73.3,3.0,1052.0,0.5664105859375,True,CALL,2026-02-20,GOOGL
GOOGL260220C00270000,270.0,66.21,66.0,68.0,9.0,2759.0,0.5356491748046875,True,CALL,2026-02-20,GOOGL
GOOGL260220C00275000,275.0,61.8,61.25,63.1,11.0,809.0,0.518681571044922,True,CALL,2026-02-20,GOOGL
GOOGL260220C00280000,280.0,49.03,56.05,58.15,39.0,2840.0,0.5649457568359376,True,CALL,2026-02-20,GOOGL
GOOGL260220C00285000,285.0,52.6,52.15,53.85,192.0,1715.0,0.5124560473632812,True,CALL,2026-02-20,GOOGL
GOOGL260220C00290000,290.0,47.16,47.85,49.15,49.0,4037.0,0.5045215563964844,True,CALL,2026-02-20,GOOGL
GOOGL260220C00295000,295.0,40.7,43.15,44.4,22.0,2575.0,0.5124560473632812,True,CALL,2026-02-20,GOOGL
GOOGL260220C00300000,300.0,35.21,38.95,40.05,70.0,10049.0,0.4986622399902344,True,CALL,2026-02-20,GOOGL
GOOGL260220C00305000,305.0,32.46,34.15,36.1,116.0,1414.0,0.4970143072509766,True,CALL,2026-02-20,GOOGL
GOOGL260220C00307500,307.5,32.55,32.85,33.85,13.0,57.0,0.4821218780517579,True,CALL,2026-02-20,GOOGL
GOOGL260220C00310000,310.0,31.0,30.25,31.7,100.0,2761.0,0.4703422106933594,True,CALL,2026-02-20,GOOGL
GOOGL260220C00312500,312.5,28.8,29.3,29.5,27.0,73.0,0.455632885131836,True,CALL,2026-02-20,GOOGL
GOOGL260220C00315000,315.0,26.95,27.4,27.6,122.0,2154.0,0.4508111560058594,True,CALL,2026-02-20,GOOGL
GOOGL260220C00317500,317.5,24.5,25.55,25.75,68.0,222.0,0.44605046142578125,True,CALL,2026-02-20,GOOGL
GOOGL260220C00320000,320.0,23.42,23.8,24.0,428.0,6774.0,0.44287666503906253,True,CALL,2026-02-20,GOOGL
GOOGL260220C00322500,322.5,21.05,22.0,22.2,36.0,151.0,0.4361018304443359,True,CALL,2026-02-20,GOOGL
GOOGL260220C00325000,325.0,20.43,20.45,20.6,245.0,5296.0,0.4340266558837891,True,CALL,2026-02-20,GOOGL
GOOGL260220C00327500,327.5,18.65,18.85,19.05,174.0,280.0,0.43140217041015627,True,CALL,2026-02-20,GOOGL
GOOGL260220C00330000,330.0,17.45,17.4,17.55,2260.0,10277.0,0.4283504431152344,True,CALL,2026-02-20,GOOGL
GOOGL260220C00332500,332.5,15.77,15.95,16.1,154.0,342.0,0.424810439453125,True,CALL,2026-02-20,GOOGL
GOOGL260220C00335000,335.0,14.6,14.55,14.7,720.0,5140.0,0.4207211248779297,True,CALL,2026-02-20,GOOGL
GOOGL260220C00337500,337.5,13.0,13.3,13.45,357.0,499.0,0.4190731921386719,False,CALL,2026-02-20,GOOGL
GOOGL260220C00340000,340.0,12.2,12.15,12.3,1634.0,8319.0,0.4182797430419921,False,CALL,2026-02-20,GOOGL
GOOGL260220C00342500,342.5,10.7,11.0,11.15,131.0,412.0,0.41547215393066406,False,CALL,2026-02-20,GOOGL
GOOGL260220C00345000,345.0,10.0,9.95,10.1,900.0,3842.0,0.413519048461914,False,CALL,2026-02-20,GOOGL
GOOGL260220C00347500,347.5,8.9,9.05,9.15,161.0,339.0,0.41260353027343744,False,CALL,2026-02-20,GOOGL
GOOGL260220C00350000,350.0,8.25,8.15,8.3,6232.0,41756.0,0.41272559936523434,False,CALL,2026-02-20,GOOGL
GOOGL260220C00352500,352.5,7.17,7.3,7.4,41.0,174.0,0.4092466302490234,False,CALL,2026-02-20,GOOGL
GOOGL260220C00355000,355.0,6.35,6.55,6.7,219.0,3434.0,0.4101621484375,False,CALL,2026-02-20,GOOGL
GOOGL260220C00360000,360.0,5.35,5.25,5.4,604.0,7019.0,0.4097959411621094,False,CALL,2026-02-20,GOOGL
GOOGL260220C00365000,365.0,4.05,4.2,4.3,398.0,4751.0,0.40906352661132805,False,CALL,2026-02-20,GOOGL
GOOGL260220C00370000,370.0,3.2,3.25,3.35,291.0,6644.0,0.4066221447753906,False,CALL,2026-02-20,GOOGL
GOOGL260220C00375000,375.0,2.5,2.64,2.72,110.0,2887.0,0.41138283935546877,False,CALL,2026-02-20,GOOGL
GOOGL260220C00380000,380.0,2.1,2.13,2.17,1195.0,7571.0,0.4141904284667969,False,CALL,2026-02-20,GOOGL
GOOGL260220C00385000,385.0,1.57,1.62,1.69,56.0,1544.0,0.41480077392578124,False,CALL,2026-02-20,GOOGL
GOOGL260220C00390000,390.0,1.3,1.33,1.38,70.0,2098.0,0.42090422851562503,False,CALL,2026-02-20,GOOGL
GOOGL260220C00395000,395.0,0.69,1.06,1.11,23.0,691.0,0.42542078491210944,False,CALL,2026-02-20,GOOGL
GOOGL260220C00400000,400.0,0.83,0.82,0.88,260.0,6205.0,0.428716650390625,False,CALL,2026-02-20,GOOGL
GOOGL260220C00405000,405.0,0.47,0.66,0.72,8.0,875.0,0.43457596679687505,False,CALL,2026-02-20,GOOGL
GOOGL260220C00410000,410.0,0.55,0.54,0.6,7.0,827.0,0.4419001123046875,False,CALL,2026-02-20,GOOGL
GOOGL260220C00415000,415.0,0.35,0.43,0.48,150.0,316.0,0.44556218505859374,False,CALL,2026-02-20,GOOGL
GOOGL260220C00420000,420.0,0.34,0.35,0.4,752.0,2036.0,0.45215391601562505,False,CALL,2026-02-20,GOOGL
GOOGL260220C00425000,425.0,0.2,0.27,0.33,4.0,410.0,0.4580132324218751,False,CALL,2026-02-20,GOOGL
GOOGL260220C00430000,430.0,0.2,0.22,0.26,4.0,474.0,0.46045461425781253,False,CALL,2026-02-20,GOOGL
GOOGL260220C00435000,435.0,0.13,0.17,0.22,1.0,112.0,0.4672904833984375,False,CALL,2026-02-20,GOOGL
GOOGL260220P00240000,240.0,0.25,0.14,0.19,131.0,2707.0,0.5898478515625001,False,PUT,2026-02-20,GOOGL
GOOGL260220P00245000,245.0,0.2,0.17,0.22,5.0,4108.0,0.570316796875,False,PUT,2026-02-20,GOOGL
GOOGL260220P00250000,250.0,0.24,0.21,0.25,57.0,3657.0,0.5507857421875001,False,PUT,2026-02-20,GOOGL
GOOGL260220P00255000,255.0,0.41,0.26,0.31,19.0,2516.0,0.5346726220703125,False,PUT,2026-02-20,GOOGL
GOOGL260220P00260000,260.0,0.46,0.32,0.37,224.0,2058.0,0.5170946728515625,False,PUT,2026-02-20,GOOGL
GOOGL260220P00265000,265.0,0.42,0.4,0.44,35.0,4913.0,0.500005,False,PUT,2026-02-20,GOOGL
GOOGL260220P00270000,270.0,0.5,0.5,0.55,55.0,9866.0,0.4892629199218751,False,PUT,2026-02-20,GOOGL
GOOGL260220P00275000,275.0,0.67,0.63,0.68,283.0,2879.0,0.47363807617187503,False,PUT,2026-02-20,GOOGL
GOOGL260220P00280000,280.0,0.82,0.81,0.85,631.0,6213.0,0.4591118542480469,False,PUT,2026-02-20,GOOGL
GOOGL260220P00285000,285.0,1.06,1.04,1.09,75.0,3732.0,0.44727115234375,False,PUT,2026-02-20,GOOGL
GOOGL260220P00290000,290.0,1.38,1.37,1.43,196.0,5948.0,0.43836010864257813,False,PUT,2026-02-20,GOOGL
GOOGL260220P00295000,295.0,1.83,1.8,1.86,684.0,2795.0,0.4293269958496094,False,PUT,2026-02-20,GOOGL
GOOGL260220P00300000,300.0,2.38,2.36,2.42,464.0,8227.0,0.42139250488281255,False,PUT,2026-02-20,GOOGL
GOOGL260220P00305000,305.0,3.05,3.0,3.15,197.0,3063.0,0.4149228430175781,False,PUT,2026-02-20,GOOGL
GOOGL260220P00307500,307.5,3.72,3.45,3.6,125.0,439.0,0.41272559936523434,False,PUT,2026-02-20,GOOGL
GOOGL260220P00310000,310.0,4.0,3.95,4.1,265.0,13976.0,0.41046732116699214,False,PUT,2026-02-20,GOOGL
GOOGL260220P00312500,312.5,4.4,4.45,4.6,97.0,1512.0,0.4061338684082031,False,PUT,2026-02-20,GOOGL
GOOGL260220P00315000,315.0,5.05,5.1,5.2,227.0,2545.0,0.4036314520263672,False,PUT,2026-02-20,GOOGL
GOOGL260220P00317500,317.5,6.25,5.7,5.8,101.0,186.0,0.39905386108398444,False,PUT,2026-02-20,GOOGL
GOOGL260220P00320000,320.0,6.45,6.45,6.55,795.0,7320.0,0.39771110107421875,False,PUT,2026-02-20,GOOGL
GOOGL260220P00322500,322.5,7.22,7.15,7.3,67.0,173.0,0.394110062866211,False,PUT,2026-02-20,GOOGL
GOOGL260220P00325000,325.0,8.29,8.0,8.15,1826.0,2163.0,0.3916686810302734,False,PUT,2026-02-20,GOOGL
GOOGL260220P00327500,327.5,9.05,8.95,9.1,265.0,367.0,0.39014281738281253,False,PUT,2026-02-20,GOOGL
GOOGL260220P00330000,330.0,10.11,9.95,10.15,1223.0,14737.0,0.38941040283203127,False,PUT,2026-02-20,GOOGL
GOOGL260220P00332500,332.5,11.1,11.0,11.2,61.0,394.0,0.38635867553710934,False,PUT,2026-02-20,GOOGL
GOOGL260220P00335000,335.0,12.28,12.2,12.35,197.0,1826.0,0.38410039733886714,False,PUT,2026-02-20,GOOGL
GOOGL260220P00337500,337.5,13.85,13.45,13.65,92.0,421.0,0.38403936279296874,True,PUT,2026-02-20,GOOGL
GOOGL260220P00340000,340.0,15.7,14.75,14.95,68.0,1437.0,0.38172005004882803,True,PUT,2026-02-20,GOOGL
GOOGL260220P00342500,342.5,16.2,16.1,16.25,32.0,110.0,0.3771424591064453,True,PUT,2026-02-20,GOOGL
GOOGL260220P00345000,345.0,17.9,17.55,17.8,45.0,478.0,0.3777528045654296,True,PUT,2026-02-20,GOOGL
GOOGL260220P00347500,347.5,24.75,19.1,19.35,4.0,66.0,0.3761048718261719,True,PUT,2026-02-20,GOOGL
GOOGL260220P00350000,350.0,23.23,20.75,20.95,4.0,534.0,0.3737855590820312,True,PUT,2026-02-20,GOOGL
GOOGL260220P00352500,352.5,24.95,22.4,22.65,14.0,34.0,0.3723817645263672,True,PUT,2026-02-20,GOOGL
GOOGL260220P00355000,355.0,26.56,24.25,24.5,20.0,91.0,0.3737855590820312,True,PUT,2026-02-20,GOOGL
GOOGL260220P00360000,360.0,28.95,27.95,28.2,3.0,156.0,0.3701845208740234,True,PUT,2026-02-20,GOOGL
GOOGL260220P00365000,365.0,31.33,31.85,32.1,9.0,103.0,0.3649355499267578,True,PUT,2026-02-20,GOOGL
GOOGL260220P00370000,370.0,36.07,35.9,36.4,10.0,231.0,0.3684145190429688,True,PUT,2026-02-20,GOOGL
GOOGL260220P00375000,375.0,39.65,40.35,41.75,20.0,75.0,0.4188290539550781,True,PUT,2026-02-20,GOOGL
GOOGL260220P00380000,380.0,52.67,44.75,46.3,1.0,107.0,0.42810630493164065,True,PUT,2026-02-20,GOOGL
GOOGL260220P00385000,385.0,62.25,48.75,50.9,20.0,26.0,0.43555251953125,True,PUT,2026-02-20,GOOGL
GOOGL260220P00390000,390.0,90.15,70.4,74.05,,0.0,1.0943648797607424,True,PUT,2026-02-20,GOOGL
GOOGL260220P00395000,395.0,59.85,58.2,61.05,7.0,3.0,0.5019581054687501,True,PUT,2026-02-20,GOOGL
GOOGL260220P00400000,400.0,80.03,63.0,65.9,10.0,0.0,0.5196581237792968,True,PUT,2026-02-20,GOOGL
GOOGL260220P00405000,405.0,88.2,85.4,0.0,,0.0,1.0000000000000003e-05,True,PUT,2026-02-20,GOOGL
GOOGL260220P00410000,410.0,88.4,90.4,0.0,1.0,0.0,1.0000000000000003e-05,True,PUT,2026-02-20,GOOGL
GOOGL260220P00430000,430.0,109.15,110.4,0.0,1.0,0.0,1.0000000000000003e-05,True,PUT,2026-02-20,GOOGL
GOOGL260220P00435000,435.0,109.2,115.4,0.0,11.0,0.0,1.0000000000000003e-05,True,PUT,2026-02-20,GOOGL
GOOGL260227C00240000,240.0,94.23,95.6,99.0,1.0,12.0,0.7104521142578125,True,CALL,2026-02-27,GOOGL
GOOGL260227C00250000,250.0,81.07,85.5,88.55,5.0,15.0,0.6049844189453126,True,CALL,2026-02-27,GOOGL
GOOGL260227C00260000,260.0,75.4,75.65,79.05,1.0,36.0,0.5730023168945313,True,CALL,2026-02-27,GOOGL
GOOGL260227C00265000,265.0,69.95,70.75,73.95,2.0,4.0,0.5383346948242189,True,CALL,2026-02-27,GOOGL
GOOGL260227C00270000,270.0,60.0,65.95,69.3,1.0,63.0,0.5279588220214844,True,CALL,2026-02-27,GOOGL
GOOGL260227C00275000,275.0,54.6,61.3,64.05,15.0,50.0,0.5882609533691407,True,CALL,2026-02-27,GOOGL
GOOGL260227C00280000,280.0,56.85,57.0,59.2,1.0,24.0,0.5572554040527344,True,CALL,2026-02-27,GOOGL
GOOGL260227C00285000,285.0,57.46,52.85,54.45,11.0,73.0,0.5307664111328125,True,CALL,2026-02-27,GOOGL
GOOGL260227C00290000,290.0,42.97,48.05,49.8,119.0,20.0,0.5075732836914062,True,CALL,2026-02-27,GOOGL
GOOGL260227C00295000,295.0,44.18,43.8,45.55,2.0,47.0,0.49945568908691407,True,CALL,2026-02-27,GOOGL
GOOGL260227C00300000,300.0,35.82,39.6,40.85,7.0,156.0,0.4690604852294922,True,CALL,2026-02-27,GOOGL
GOOGL260227C00305000,305.0,32.75,34.85,36.8,1.0,30.0,0.4606377178955079,True,CALL,2026-02-27,GOOGL
GOOGL260227C00310000,310.0,31.71,31.4,32.65,21.0,172.0,0.44385321777343745,True,CALL,2026-02-27,GOOGL
GOOGL260227C00315000,315.0,26.2,27.65,28.55,48.0,108.0,0.42450526672363287,True,CALL,2026-02-27,GOOGL
GOOGL260227C00320000,320.0,24.25,24.8,25.05,8.0,213.0,0.4184628466796875,True,CALL,2026-02-27,GOOGL
GOOGL260227C00325000,325.0,21.35,21.65,21.85,31.0,223.0,0.41461767028808594,True,CALL,2026-02-27,GOOGL
GOOGL260227C00330000,330.0,18.7,18.55,18.7,177.0,429.0,0.40570662658691403,True,CALL,2026-02-27,GOOGL
GOOGL260227C00335000,335.0,15.75,15.9,16.05,211.0,368.0,0.4036314520263672,True,CALL,2026-02-27,GOOGL
GOOGL260227C00340000,340.0,13.2,13.45,13.6,264.0,1043.0,0.4000914483642578,False,CALL,2026-02-27,GOOGL
GOOGL260227C00345000,345.0,10.9,11.15,11.3,74.0,365.0,0.39386592468261716,False,CALL,2026-02-27,GOOGL
GOOGL260227C00350000,350.0,9.0,9.15,9.35,525.0,555.0,0.39014281738281253,False,CALL,2026-02-27,GOOGL
GOOGL260227C00355000,355.0,7.5,7.55,7.7,142.0,456.0,0.3880066082763671,False,CALL,2026-02-27,GOOGL
GOOGL260227C00360000,360.0,5.95,6.25,6.4,111.0,1415.0,0.3897155755615235,False,CALL,2026-02-27,GOOGL
GOOGL260227C00365000,365.0,4.9,5.0,5.15,41.0,1426.0,0.3867859173583984,False,CALL,2026-02-27,GOOGL
GOOGL260227C00370000,370.0,3.75,4.1,4.25,15.0,477.0,0.3895324719238281,False,CALL,2026-02-27,GOOGL
GOOGL260227C00375000,375.0,3.1,3.25,3.4,273.0,218.0,0.38843385009765624,False,CALL,2026-02-27,GOOGL
GOOGL260227C00380000,380.0,2.63,2.65,2.75,15.0,304.0,0.3898376446533204,False,CALL,2026-02-27,GOOGL
GOOGL260227C00385000,385.0,2.05,2.14,2.24,8.0,116.0,0.39258419921875,False,CALL,2026-02-27,GOOGL
GOOGL260227C00390000,390.0,1.55,1.75,1.83,2.0,79.0,0.39588006469726567,False,CALL,2026-02-27,GOOGL
GOOGL260227C00395000,395.0,0.95,1.37,1.46,17.0,53.0,0.3971007556152344,False,CALL,2026-02-27,GOOGL
GOOGL260227C00400000,400.0,1.11,1.13,1.21,148.0,143.0,0.4019835192871094,False,CALL,2026-02-27,GOOGL
GOOGL260227C00405000,405.0,0.89,0.92,0.99,1.0,16.0,0.4057676611328125,False,CALL,2026-02-27,GOOGL
GOOGL260227C00410000,410.0,0.73,0.75,0.83,58.0,8.0,0.41138283935546877,False,CALL,2026-02-27,GOOGL
GOOGL260227C00415000,415.0,0.46,0.62,0.69,2.0,14.0,0.41602146484374997,False,CALL,2026-02-27,GOOGL
GOOGL260227C00420000,420.0,0.5,0.52,0.58,3.0,8.0,0.42163664306640625,False,CALL,2026-02-27,GOOGL
GOOGL260227C00425000,425.0,0.38,0.43,0.49,1.0,11.0,0.4272518212890626,False,CALL,2026-02-27,GOOGL
GOOGL260227C00430000,430.0,0.25,0.35,0.41,,10.0,0.43164630859375,False,CALL,2026-02-27,GOOGL
GOOGL260227C00435000,435.0,0.22,0.3,0.35,14.0,5.0,0.437505625,False,CALL,2026-02-27,GOOGL
GOOGL260227P00240000,240.0,0.24,0.2,0.25,2.0,12.0,0.5385788330078126,False,PUT,2026-02-27,GOOGL
GOOGL260227P00245000,245.0,0.37,0.23,0.29,6.0,23.0,0.5200243310546875,False,PUT,2026-02-27,GOOGL
GOOGL260227P00250000,250.0,0.44,0.28,0.34,2.0,63.0,0.5039112109375,False,PUT,2026-02-27,GOOGL
GOOGL260227P00255000,255.0,0.49,0.35,0.4,6.0,28.0,0.4936574072265626,False,PUT,2026-02-27,GOOGL
GOOGL260227P00260000,260.0,0.47,0.43,0.49,19.0,55.0,0.47998566894531247,False,PUT,2026-02-27,GOOGL
GOOGL260227P00265000,265.0,0.85,0.53,0.59,28.0,163.0,0.46484910156250003,False,PUT,2026-02-27,GOOGL
GOOGL260227P00270000,270.0,0.78,0.66,0.73,88.0,132.0,0.45215391601562505,False,PUT,2026-02-27,GOOGL
GOOGL260227P00275000,275.0,0.82,0.84,0.91,30.0,3352.0,0.4401911450195312,False,PUT,2026-02-27,GOOGL
GOOGL260227P00280000,280.0,1.23,1.08,1.14,200.0,297.0,0.4288387194824219,False,PUT,2026-02-27,GOOGL
GOOGL260227P00285000,285.0,1.56,1.39,1.45,13.0,352.0,0.4194393994140625,False,PUT,2026-02-27,GOOGL
GOOGL260227P00290000,290.0,1.79,1.79,1.85,69.0,326.0,0.411138701171875,False,PUT,2026-02-27,GOOGL
GOOGL260227P00295000,295.0,2.3,2.27,2.36,55.0,242.0,0.40344834838867194,False,PUT,2026-02-27,GOOGL
GOOGL260227P00300000,300.0,3.11,2.91,2.99,148.0,592.0,0.39588006469726567,False,PUT,2026-02-27,GOOGL
GOOGL260227P00305000,305.0,4.3,3.7,3.85,128.0,426.0,0.39197385375976557,False,PUT,2026-02-27,GOOGL
GOOGL260227P00310000,310.0,4.8,4.65,4.75,209.0,397.0,0.38294074096679687,False,PUT,2026-02-27,GOOGL
GOOGL260227P00315000,315.0,5.94,5.8,5.95,46.0,667.0,0.3778748736572265,False,PUT,2026-02-27,GOOGL
GOOGL260227P00320000,320.0,7.65,7.25,7.45,92.0,282.0,0.3751283190917969,False,PUT,2026-02-27,GOOGL
GOOGL260227P00325000,325.0,9.73,8.95,9.1,66.0,372.0,0.3695131408691406,False,PUT,2026-02-27,GOOGL
GOOGL260227P00330000,330.0,11.05,10.95,11.15,73.0,10588.0,0.3676821044921875,False,PUT,2026-02-27,GOOGL
GOOGL260227P00335000,335.0,14.27,13.15,13.35,30.0,158.0,0.3624331335449219,False,PUT,2026-02-27,GOOGL
GOOGL260227P00340000,340.0,17.95,15.75,15.95,220.0,46.0,0.3603274417114257,True,PUT,2026-02-27,GOOGL
GOOGL260227P00345000,345.0,20.15,18.5,18.75,5.0,50.0,0.3560245062255859,True,PUT,2026-02-27,GOOGL
GOOGL260227P00350000,350.0,21.75,21.6,21.85,13.0,37.0,0.3523624334716796,True,PUT,2026-02-27,GOOGL
GOOGL260227P00355000,355.0,31.85,25.1,25.35,2.0,62.0,0.352545537109375,True,PUT,2026-02-27,GOOGL
GOOGL260227P00360000,360.0,34.4,28.85,29.95,10.0,128.0,0.3797669445800781,True,PUT,2026-02-27,GOOGL
GOOGL260227P00365000,365.0,32.05,32.25,33.85,31.0,35.0,0.38092660095214836,True,PUT,2026-02-27,GOOGL
GOOGL260227P00370000,370.0,35.93,36.4,37.55,5.0,71.0,0.3683534844970704,True,PUT,2026-02-27,GOOGL
GOOGL260227P00390000,390.0,60.5,54.2,55.95,,71.0,0.4094297338867187,True,PUT,2026-02-27,GOOGL
GOOGL260227P00400000,400.0,69.58,62.95,66.05,10.0,10.0,0.46362841064453125,True,PUT,2026-02-27,GOOGL
GOOGL260227P00405000,405.0,73.62,68.0,71.1,,0.0,0.4899953344726563,True,PUT,2026-02-27,GOOGL
GOOGL260306C00260000,260.0,76.81,76.0,79.25,2.0,11.0,0.5395553857421876,True,CALL,2026-03-06,GOOGL
GOOGL260306C00290000,290.0,47.54,48.6,50.85,2.0,2.0,0.4995167236328125,True,CALL,2026-03-06,GOOGL
GOOGL260306C00295000,295.0,43.56,44.3,46.85,10.0,16.0,0.497197410888672,True,CALL,2026-03-06,GOOGL
GOOGL260306C00300000,300.0,39.15,40.45,42.0,1.0,6.0,0.4619804779052735,True,CALL,2026-03-06,GOOGL
GOOGL260306C00315000,315.0,28.55,28.8,30.05,103.0,4.0,0.42358974853515624,True,CALL,2026-03-06,GOOGL
GOOGL260306C00320000,320.0,23.52,25.85,26.5,6.0,208.0,0.4144345666503906,True,CALL,2026-03-06,GOOGL
GOOGL260306C00325000,325.0,20.91,22.45,23.1,26.0,11.0,0.40430283203125,True,CALL,2026-03-06,GOOGL
GOOGL260306C00330000,330.0,19.43,19.35,20.0,319.0,37.0,0.39645989288330086,True,CALL,2026-03-06,GOOGL
GOOGL260306C00335000,335.0,16.5,16.75,17.35,49.0,96.0,0.39398799377441407,True,CALL,2026-03-06,GOOGL
GOOGL260306C00340000,340.0,14.6,14.35,14.95,333.0,60.0,0.3919128192138671,False,CALL,2026-03-06,GOOGL
GOOGL260306C00345000,345.0,12.0,11.9,12.45,16.0,29.0,0.3819336709594726,False,CALL,2026-03-06,GOOGL
GOOGL260306C00350000,350.0,9.45,10.1,10.7,81.0,58.0,0.38422246643066404,False,CALL,2026-03-06,GOOGL
GOOGL260306C00355000,355.0,8.37,8.45,9.0,45.0,33.0,0.3825134991455078,False,CALL,2026-03-06,GOOGL
GOOGL260306C00360000,360.0,7.1,7.0,7.4,139.0,91.0,0.37793590820312495,False,CALL,2026-03-06,GOOGL
GOOGL260306C00365000,365.0,6.0,5.7,6.25,220.0,150.0,0.38019418640136715,False,CALL,2026-03-06,GOOGL
GOOGL260306C00370000,370.0,4.88,4.75,5.1,20.0,417.0,0.3775086663818359,False,CALL,2026-03-06,GOOGL
GOOGL260306C00375000,375.0,3.95,3.9,4.3,9.0,293.0,0.38092660095214836,False,CALL,2026-03-06,GOOGL
GOOGL260306C00380000,380.0,2.61,3.25,3.5,24.0,287.0,0.379889013671875,False,CALL,2026-03-06,GOOGL
GOOGL260306C00385000,385.0,1.94,2.71,2.87,17.0,47.0,0.3806214282226562,False,CALL,2026-03-06,GOOGL
GOOGL260306C00390000,390.0,1.78,2.2,2.39,3.0,36.0,0.38355108642578123,False,CALL,2026-03-06,GOOGL
GOOGL260306C00395000,395.0,1.35,1.81,2.0,3.0,21.0,0.38709109008789055,False,CALL,2026-03-06,GOOGL
GOOGL260306C00415000,415.0,0.71,0.74,1.04,2.0,2.0,0.4058897302246094,False,CALL,2026-03-06,GOOGL
GOOGL260306P00245000,245.0,0.38,0.34,0.4,1.0,2.0,0.4997608618164063,False,PUT,2026-03-06,GOOGL
GOOGL260306P00255000,255.0,0.63,0.49,0.57,25.0,27.0,0.4721732470703125,False,PUT,2026-03-06,GOOGL
GOOGL260306P00260000,260.0,0.89,0.59,0.68,9.0,25.0,0.45825737060546884,False,PUT,2026-03-06,GOOGL
GOOGL260306P00265000,265.0,0.79,0.72,0.83,11.0,21.0,0.4467828759765625,False,PUT,2026-03-06,GOOGL
GOOGL260306P00270000,270.0,1.09,0.89,1.02,24.0,48.0,0.43579665771484377,False,PUT,2026-03-06,GOOGL
GOOGL260306P00275000,275.0,1.72,1.12,1.25,9.0,42.0,0.4249325085449219,False,PUT,2026-03-06,GOOGL
GOOGL260306P00280000,280.0,1.43,1.29,1.56,37.0,20.0,0.4162656030273437,False,PUT,2026-03-06,GOOGL
GOOGL260306P00285000,285.0,2.27,1.77,1.94,28.0,67.0,0.40759869750976563,False,PUT,2026-03-06,GOOGL
GOOGL260306P00290000,290.0,2.42,2.26,2.39,19.0,266.0,0.398443515625,False,PUT,2026-03-06,GOOGL
GOOGL260306P00295000,295.0,3.33,2.81,3.05,28.0,102.0,0.3943542010498047,False,PUT,2026-03-06,GOOGL
GOOGL260306P00300000,300.0,4.37,3.5,3.85,71.0,102.0,0.3902648864746094,False,PUT,2026-03-06,GOOGL
GOOGL260306P00305000,305.0,4.8,4.25,4.7,6.0,65.0,0.3825134991455078,False,PUT,2026-03-06,GOOGL
GOOGL260306P00310000,310.0,5.53,5.45,5.8,38.0,52.0,0.3776917700195312,False,PUT,2026-03-06,GOOGL
GOOGL260306P00315000,315.0,9.1,6.7,7.1,10.0,40.0,0.3731141790771484,False,PUT,2026-03-06,GOOGL
GOOGL260306P00320000,320.0,8.9,8.0,8.6,65.0,198.0,0.3682314154052735,False,PUT,2026-03-06,GOOGL
GOOGL260306P00325000,325.0,11.46,9.75,10.35,11.0,20.0,0.3639589971923829,False,PUT,2026-03-06,GOOGL
GOOGL260306P00330000,330.0,13.59,12.0,12.4,22.0,522.0,0.3610903735351562,False,PUT,2026-03-06,GOOGL
GOOGL260306P00335000,335.0,18.55,14.25,14.7,2.0,20.0,0.35809968078613286,False,PUT,2026-03-06,GOOGL
GOOGL260306P00350000,350.0,22.31,22.65,23.15,9.0,14.0,0.34943277526855465,True,PUT,2026-03-06,GOOGL
GOOGL260306P00360000,360.0,26.45,29.5,30.2,20.0,52.0,0.34882242980957034,True,PUT,2026-03-06,GOOGL
GOOGL260320C00240000,240.0,89.88,96.05,98.7,5.0,5253.0,0.5515181567382813,True,CALL,2026-03-20,GOOGL
GOOGL260320C00245000,245.0,89.87,91.3,93.8,8.0,2150.0,0.5380905566406251,True,CALL,2026-03-20,GOOGL
GOOGL260320C00250000,250.0,85.95,87.35,88.85,4.0,2923.0,0.5489547058105471,True,CALL,2026-03-20,GOOGL
GOOGL260320C00255000,255.0,80.57,81.5,84.3,1.0,1492.0,0.5064746618652343,True,CALL,2026-03-20,GOOGL
GOOGL260320C00260000,260.0,75.87,76.7,79.65,8.0,2321.0,0.5720257641601563,True,CALL,2026-03-20,GOOGL
GOOGL260320C00265000,265.0,72.92,73.5,74.05,1.0,895.0,0.5119677709960937,True,CALL,2026-03-20,GOOGL
GOOGL260320C00270000,270.0,68.13,68.4,69.8,23.0,3620.0,0.5148974291992188,True,CALL,2026-03-20,GOOGL
GOOGL260320C00275000,275.0,63.64,64.0,64.8,7.0,1399.0,0.4832204998779297,True,CALL,2026-03-20,GOOGL
GOOGL260320C00280000,280.0,58.8,59.0,60.8,18.0,2479.0,0.48944602355957045,True,CALL,2026-03-20,GOOGL
GOOGL260320C00285000,285.0,53.41,55.05,55.7,27.0,3179.0,0.4530694342041016,True,CALL,2026-03-20,GOOGL
GOOGL260320C00290000,290.0,46.02,50.25,51.45,54.0,3919.0,0.4449518395996094,True,CALL,2026-03-20,GOOGL
GOOGL260320C00295000,295.0,45.55,46.35,47.65,8.0,120.0,0.4470270141601562,True,CALL,2026-03-20,GOOGL
GOOGL260320C00300000,300.0,42.83,42.6,43.7,210.0,7724.0,0.4404658004760742,True,CALL,2026-03-20,GOOGL
GOOGL260320C00305000,305.0,33.1,38.0,38.9,14.0,1273.0,0.4089719747924804,True,CALL,2026-03-20,GOOGL
GOOGL260320C00310000,310.0,33.0,34.45,35.35,336.0,11813.0,0.40698835205078127,True,CALL,2026-03-20,GOOGL
GOOGL260320C00315000,315.0,31.25,31.1,31.8,371.0,3760.0,0.4009154147338867,True,CALL,2026-03-20,GOOGL
GOOGL260320C00320000,320.0,28.22,28.1,28.25,1183.0,6649.0,0.3911804046630859,True,CALL,2026-03-20,GOOGL
GOOGL260320C00325000,325.0,24.7,24.95,25.15,214.0,4442.0,0.38730471099853514,True,CALL,2026-03-20,GOOGL
GOOGL260320C00330000,330.0,22.0,21.95,22.15,1638.0,8132.0,0.38147591186523433,True,CALL,2026-03-20,GOOGL
GOOGL260320C00335000,335.0,19.3,19.35,19.45,418.0,2786.0,0.377661252746582,True,CALL,2026-03-20,GOOGL
GOOGL260320C00340000,340.0,16.92,16.8,16.9,2003.0,22305.0,0.37271745452880856,False,CALL,2026-03-20,GOOGL
GOOGL260320C00345000,345.0,14.15,14.5,14.7,111.0,2094.0,0.3706117626953125,False,CALL,2026-03-20,GOOGL
GOOGL260320C00350000,350.0,12.65,12.65,12.75,1367.0,12774.0,0.3694521063232422,False,CALL,2026-03-20,GOOGL
GOOGL260320C00355000,355.0,10.6,10.8,10.9,82.0,1591.0,0.3662477926635742,False,CALL,2026-03-20,GOOGL
GOOGL260320C00360000,360.0,9.3,9.3,9.35,1946.0,4513.0,0.36536279174804687,False,CALL,2026-03-20,GOOGL
GOOGL260320C00365000,365.0,7.65,7.7,7.85,76.0,1453.0,0.36157864990234373,False,CALL,2026-03-20,GOOGL
GOOGL260320C00370000,370.0,6.55,6.7,6.75,292.0,6018.0,0.36322658264160157,False,CALL,2026-03-20,GOOGL
GOOGL260320C00375000,375.0,5.55,5.65,5.75,119.0,7057.0,0.36389796264648444,False,CALL,2026-03-20,GOOGL
GOOGL260320C00380000,380.0,4.65,4.65,4.8,207.0,3178.0,0.36225002990722655,False,CALL,2026-03-20,GOOGL
GOOGL260320C00385000,385.0,3.95,3.95,4.1,31.0,1529.0,0.3643252044677735,False,CALL,2026-03-20,GOOGL
GOOGL260320C00390000,390.0,3.3,3.25,3.4,291.0,3357.0,0.3631655480957031,False,CALL,2026-03-20,GOOGL
GOOGL260320C00395000,395.0,2.27,2.83,2.9,2.0,471.0,0.3656069299316406,False,CALL,2026-03-20,GOOGL
GOOGL260320C00400000,400.0,2.31,2.37,2.44,600.0,7906.0,0.36676658630371095,False,CALL,2026-03-20,GOOGL
GOOGL260320C00405000,405.0,1.88,2.03,2.09,21.0,202.0,0.3698793481445312,False,CALL,2026-03-20,GOOGL
GOOGL260320C00410000,410.0,1.65,1.71,1.78,8.0,752.0,0.3723207299804688,False,CALL,2026-03-20,GOOGL
GOOGL260320C00415000,415.0,1.11,1.42,1.48,35.0,236.0,0.37280900634765624,False,CALL,2026-03-20,GOOGL
GOOGL260320C00420000,420.0,1.05,1.21,1.28,7.0,1623.0,0.3767152172851562,False,CALL,2026-03-20,GOOGL
GOOGL260320C00425000,425.0,1.01,1.03,1.1,3.0,509.0,0.379889013671875,False,CALL,2026-03-20,GOOGL
GOOGL260320C00430000,430.0,0.9,0.89,0.95,50.0,1095.0,0.3833069482421875,False,CALL,2026-03-20,GOOGL
GOOGL260320C00435000,435.0,0.78,0.75,0.82,46.0,9.0,0.38672488281249995,False,CALL,2026-03-20,GOOGL
GOOGL260320P00240000,240.0,0.72,0.46,0.51,51.0,7252.0,0.467778759765625,False,PUT,2026-03-20,GOOGL
GOOGL260320P00245000,245.0,0.86,0.55,0.6,5.0,7038.0,0.45532771240234376,False,PUT,2026-03-20,GOOGL
GOOGL260320P00250000,250.0,0.69,0.67,0.71,40.0,5232.0,0.44360907958984375,False,PUT,2026-03-20,GOOGL
GOOGL260320P00255000,255.0,1.27,0.8,0.85,75.0,2414.0,0.43286699951171875,False,PUT,2026-03-20,GOOGL
GOOGL260320P00260000,260.0,1.26,0.97,1.02,24.0,6295.0,0.4226131958007812,False,PUT,2026-03-20,GOOGL
GOOGL260320P00265000,265.0,1.38,1.17,1.24,85.0,1729.0,0.4138242211914062,False,PUT,2026-03-20,GOOGL
GOOGL260320P00270000,270.0,1.48,1.43,1.49,162.0,4088.0,0.40418076293945315,False,PUT,2026-03-20,GOOGL
GOOGL260320P00275000,275.0,2.0,1.75,1.82,195.0,2315.0,0.3963683410644532,False,PUT,2026-03-20,GOOGL
GOOGL260320P00280000,280.0,2.13,2.16,2.23,342.0,3733.0,0.38941040283203127,False,PUT,2026-03-20,GOOGL
GOOGL260320P00285000,285.0,2.62,2.62,2.69,90.0,2265.0,0.3811707391357422,False,PUT,2026-03-20,GOOGL
GOOGL260320P00290000,290.0,3.2,3.2,3.3,224.0,2994.0,0.3754945263671875,False,PUT,2026-03-20,GOOGL
GOOGL260320P00295000,295.0,3.95,3.95,4.05,80.0,1549.0,0.37067279724121094,False,PUT,2026-03-20,GOOGL
GOOGL260320P00300000,300.0,4.75,4.8,4.95,497.0,10477.0,0.36646141357421874,False,PUT,2026-03-20,GOOGL
GOOGL260320P00305000,305.0,5.75,5.8,5.9,142.0,2543.0,0.3594424407958984,False,PUT,2026-03-20,GOOGL
GOOGL260320P00310000,310.0,7.1,6.9,7.05,857.0,3956.0,0.353674676208496,False,PUT,2026-03-20,GOOGL
GOOGL260320P00315000,315.0,8.42,8.25,8.45,301.0,3254.0,0.3497379479980468,False,PUT,2026-03-20,GOOGL
GOOGL260320P00320000,320.0,10.0,9.9,10.05,2629.0,3368.0,0.3458317370605468,False,PUT,2026-03-20,GOOGL
GOOGL260320P00325000,325.0,12.75,11.7,11.9,146.0,3435.0,0.3427494924926757,False,PUT,2026-03-20,GOOGL
GOOGL260320P00330000,330.0,13.92,13.75,13.9,235.0,2142.0,0.338171901550293,False,PUT,2026-03-20,GOOGL
GOOGL260320P00335000,335.0,17.05,16.0,16.2,107.0,1071.0,0.3350896569824219,False,PUT,2026-03-20,GOOGL
GOOGL260320P00340000,340.0,18.65,18.6,18.75,110.0,1261.0,0.33228206787109377,True,PUT,2026-03-20,GOOGL
GOOGL260320P00345000,345.0,23.71,21.25,21.5,279.0,318.0,0.328833616027832,True,PUT,2026-03-20,GOOGL
GOOGL260320P00350000,350.0,24.5,24.3,24.55,1163.0,1430.0,0.32675844146728517,True,PUT,2026-03-20,GOOGL
GOOGL260320P00355000,355.0,31.71,27.5,27.75,20.0,240.0,0.323126885986328,True,PUT,2026-03-20,GOOGL
GOOGL260320P00360000,360.0,34.05,31.0,31.25,17.0,317.0,0.3213568841552734,True,PUT,2026-03-20,GOOGL
GOOGL260320P00365000,365.0,34.55,34.7,35.95,18.0,54.0,0.3435124243164062,True,PUT,2026-03-20,GOOGL
GOOGL260320P00370000,370.0,40.55,38.4,39.25,10.0,157.0,0.32874206420898433,True,PUT,2026-03-20,GOOGL
GOOGL260320P00375000,375.0,42.96,42.15,43.55,1.0,51.0,0.334967587890625,True,PUT,2026-03-20,GOOGL
GOOGL260320P00380000,380.0,49.7,46.55,47.7,3.0,91.0,0.3336248278808594,True,PUT,2026-03-20,GOOGL
GOOGL260320P00385000,385.0,57.9,51.4,52.55,1.0,36.0,0.35108070800781244,True,PUT,2026-03-20,GOOGL
GOOGL260320P00390000,390.0,60.25,55.3,56.8,11.0,64.0,0.34668622070312494,True,PUT,2026-03-20,GOOGL
GOOGL260320P00395000,395.0,60.6,59.8,61.55,,5.0,0.35718416259765623,True,PUT,2026-03-20,GOOGL
GOOGL260320P00400000,400.0,71.5,64.55,65.9,1.0,309.0,0.3491276025390625,True,PUT,2026-03-20,GOOGL
GOOGL260320P00410000,410.0,82.85,73.85,75.2,20.0,0.0,0.3479069116210937,True,PUT,2026-03-20,GOOGL
GOOGL260320P00420000,420.0,103.0,82.65,86.3,10.0,0.0,0.43677321044921874,True,PUT,2026-03-20,GOOGL
GOOGL260417C00240000,240.0,98.29,97.5,100.65,5.0,476.0,0.5395553857421876,True,CALL,2026-04-17,GOOGL
GOOGL260417C00245000,245.0,94.0,92.9,94.85,1.0,312.0,0.5041553491210937,True,CALL,2026-04-17,GOOGL
GOOGL260417C00250000,250.0,86.87,88.65,90.35,3.0,764.0,0.5056812127685546,True,CALL,2026-04-17,GOOGL
GOOGL260417C00255000,255.0,89.72,83.05,85.4,3.0,403.0,0.5136767382812499,True,CALL,2026-04-17,GOOGL
GOOGL260417C00260000,260.0,79.5,79.4,81.3,3.0,693.0,0.5169726037597657,True,CALL,2026-04-17,GOOGL
GOOGL260417C00265000,265.0,71.65,75.0,76.7,42.0,437.0,0.5016529327392578,True,CALL,2026-04-17,GOOGL
GOOGL260417C00270000,270.0,68.04,70.25,71.5,5.0,851.0,0.467778759765625,True,CALL,2026-04-17,GOOGL
GOOGL260417C00275000,275.0,66.8,65.8,67.65,3.0,405.0,0.47241738525390625,True,CALL,2026-04-17,GOOGL
GOOGL260417C00280000,280.0,55.66,61.55,62.65,5.0,636.0,0.4439447695922851,True,CALL,2026-04-17,GOOGL
GOOGL260417C00285000,285.0,57.78,57.6,58.35,7.0,1385.0,0.4329890686035156,True,CALL,2026-04-17,GOOGL
GOOGL260417C00290000,290.0,52.12,53.2,53.95,6.0,653.0,0.4181271566772461,True,CALL,2026-04-17,GOOGL
GOOGL260417C00295000,295.0,48.05,49.15,50.7,2.0,554.0,0.42685509674072275,True,CALL,2026-04-17,GOOGL
GOOGL260417C00300000,300.0,45.5,44.75,46.65,48.0,2442.0,0.41544163665771483,True,CALL,2026-04-17,GOOGL
GOOGL260417C00305000,305.0,36.05,41.0,42.7,3.0,540.0,0.40418076293945315,True,CALL,2026-04-17,GOOGL
GOOGL260417C00310000,310.0,38.39,38.0,39.25,6.0,851.0,0.4003050692749024,True,CALL,2026-04-17,GOOGL
GOOGL260417C00315000,315.0,33.78,34.75,35.7,229.0,947.0,0.3920959228515625,True,CALL,2026-04-17,GOOGL
GOOGL260417C00320000,320.0,30.7,31.6,32.3,50.0,1141.0,0.3841919491577148,True,CALL,2026-04-17,GOOGL
GOOGL260417C00325000,325.0,28.66,28.6,29.4,114.0,1365.0,0.38223884368896477,True,CALL,2026-04-17,GOOGL
GOOGL260417C00330000,330.0,25.74,26.15,26.35,1105.0,6219.0,0.37509780181884766,True,CALL,2026-04-17,GOOGL
GOOGL260417C00335000,335.0,23.25,23.45,23.65,368.0,1634.0,0.37106952178955077,True,CALL,2026-04-17,GOOGL
GOOGL260417C00340000,340.0,20.52,21.0,21.15,370.0,3008.0,0.3675600354003906,False,CALL,2026-04-17,GOOGL
GOOGL260417C00345000,345.0,18.3,18.7,18.9,585.0,1349.0,0.36536279174804687,False,CALL,2026-04-17,GOOGL
GOOGL260417C00350000,350.0,16.2,16.65,16.75,450.0,2647.0,0.3620974435424804,False,CALL,2026-04-17,GOOGL
GOOGL260417C00355000,355.0,14.1,14.7,14.85,125.0,643.0,0.3602053726196288,False,CALL,2026-04-17,GOOGL
GOOGL260417C00360000,360.0,12.8,13.05,13.15,274.0,2667.0,0.3589846817016602,False,CALL,2026-04-17,GOOGL
GOOGL260417C00365000,365.0,11.22,11.45,11.6,124.0,508.0,0.3577945080566406,False,CALL,2026-04-17,GOOGL
GOOGL260417C00370000,370.0,9.89,10.05,10.15,111.0,1790.0,0.3557803680419921,False,CALL,2026-04-17,GOOGL
GOOGL260417C00375000,375.0,8.5,8.8,8.9,49.0,3743.0,0.35492588439941397,False,CALL,2026-04-17,GOOGL
GOOGL260417C00380000,380.0,7.5,7.6,7.75,157.0,2136.0,0.35352208984374994,False,CALL,2026-04-17,GOOGL
GOOGL260417C00385000,385.0,6.65,6.7,6.8,22.0,1021.0,0.35382726257324215,False,CALL,2026-04-17,GOOGL
GOOGL260417C00390000,390.0,5.69,5.7,5.85,4.0,1467.0,0.3518131225585937,False,CALL,2026-04-17,GOOGL
GOOGL260417C00395000,395.0,5.06,5.05,5.15,6.0,342.0,0.35321691711425773,False,CALL,2026-04-17,GOOGL
GOOGL260417C00400000,400.0,4.35,4.3,4.45,107.0,3314.0,0.3526065716552734,False,CALL,2026-04-17,GOOGL
GOOGL260417C00405000,405.0,3.35,3.8,3.9,5.0,42.0,0.35382726257324215,False,CALL,2026-04-17,GOOGL
GOOGL260417C00410000,410.0,2.76,3.35,3.45,32.0,878.0,0.3561465753173828,False,CALL,2026-04-17,GOOGL
GOOGL260417C00415000,415.0,2.31,2.91,2.97,51.0,85.0,0.3557803680419921,False,CALL,2026-04-17,GOOGL
GOOGL260417C00420000,420.0,2.5,2.53,2.6,9.0,707.0,0.35718416259765623,False,CALL,2026-04-17,GOOGL
GOOGL260417C00425000,425.0,2.14,2.22,2.29,7.0,56.0,0.3591372680664062,False,CALL,2026-04-17,GOOGL
GOOGL260417C00430000,430.0,1.7,1.93,2.0,7.0,923.0,0.3604189935302734,False,CALL,2026-04-17,GOOGL
GOOGL260417C00435000,435.0,1.41,1.67,1.73,,1.0,0.36096830444335937,False,CALL,2026-04-17,GOOGL
GOOGL260417P00240000,240.0,1.04,0.98,1.01,25.0,1905.0,0.4246883703613281,False,PUT,2026-04-17,GOOGL
GOOGL260417P00245000,245.0,1.3,1.15,1.19,1.0,1375.0,0.4162656030273437,False,PUT,2026-04-17,GOOGL
GOOGL260417P00250000,250.0,1.5,1.36,1.41,4.0,1548.0,0.4085752502441406,False,PUT,2026-04-17,GOOGL
GOOGL260417P00255000,255.0,1.86,1.6,1.66,2.0,1131.0,0.40064075927734377,False,PUT,2026-04-17,GOOGL
GOOGL260417P00260000,260.0,2.0,1.9,1.97,597.0,2568.0,0.3936828210449219,False,PUT,2026-04-17,GOOGL
GOOGL260417P00265000,265.0,2.49,2.26,2.33,2.0,623.0,0.3867859173583984,False,PUT,2026-04-17,GOOGL
GOOGL260417P00270000,270.0,2.6,2.67,2.75,437.0,1855.0,0.38007211730957036,False,PUT,2026-04-17,GOOGL
GOOGL260417P00275000,275.0,3.72,3.15,3.25,42.0,836.0,0.37390762817382805,False,PUT,2026-04-17,GOOGL
GOOGL260417P00280000,280.0,4.25,3.75,3.85,67.0,3408.0,0.3684755535888672,False,PUT,2026-04-17,GOOGL
GOOGL260417P00285000,285.0,4.45,4.4,4.55,162.0,729.0,0.3633486517333985,False,PUT,2026-04-17,GOOGL
GOOGL260417P00290000,290.0,5.3,5.2,5.35,192.0,1313.0,0.35816071533203125,False,PUT,2026-04-17,GOOGL
GOOGL260417P00295000,295.0,6.9,6.15,6.2,9.0,1373.0,0.3515384671020507,False,PUT,2026-04-17,GOOGL
GOOGL260417P00300000,300.0,7.15,7.15,7.25,82.0,3027.0,0.34683880706787107,False,PUT,2026-04-17,GOOGL
GOOGL260417P00305000,305.0,8.41,8.35,8.5,135.0,719.0,0.3434513897705078,False,PUT,2026-04-17,GOOGL
GOOGL260417P00310000,310.0,9.85,9.65,9.8,149.0,1870.0,0.33804983245849607,False,PUT,2026-04-17,GOOGL
GOOGL260417P00315000,315.0,11.4,11.25,11.4,100.0,591.0,0.33530327789306635,False,PUT,2026-04-17,GOOGL
GOOGL260417P00320000,320.0,13.15,12.95,13.1,60.0,916.0,0.33124448059082034,False,PUT,2026-04-17,GOOGL
GOOGL260417P00325000,325.0,15.1,14.85,15.0,67.0,1133.0,0.32755189056396483,False,PUT,2026-04-17,GOOGL
GOOGL260417P00330000,330.0,17.2,16.95,17.1,450.0,1488.0,0.324103438720703,False,PUT,2026-04-17,GOOGL
GOOGL260417P00335000,335.0,19.3,19.3,19.45,111.0,591.0,0.3215705050659179,False,PUT,2026-04-17,GOOGL
GOOGL260417P00340000,340.0,23.4,21.7,21.9,45.0,278.0,0.3175117077636719,True,PUT,2026-04-17,GOOGL
GOOGL260417P00345000,345.0,25.3,24.4,24.65,1.0,127.0,0.31513136047363277,True,PUT,2026-04-17,GOOGL
GOOGL260417P00350000,350.0,27.6,27.4,27.6,25.0,245.0,0.31284256500244134,True,PUT,2026-04-17,GOOGL
GOOGL260417P00355000,355.0,30.75,30.5,30.8,6.0,60.0,0.3115913568115234,True,PUT,2026-04-17,GOOGL
GOOGL260417P00360000,360.0,36.3,33.7,34.6,35.0,88.0,0.31760325958251956,True,PUT,2026-04-17,GOOGL
GOOGL260417P00365000,365.0,38.26,36.7,38.1,1.0,31.0,0.3157417059326171,True,PUT,2026-04-17,GOOGL
GOOGL260417P00370000,370.0,42.19,40.2,41.85,2.0,35.0,0.31555860229492183,True,PUT,2026-04-17,GOOGL
GOOGL260417P00375000,375.0,45.4,44.8,45.45,3.0,165.0,0.3094551477050781,True,PUT,2026-04-17,GOOGL
GOOGL260417P00380000,380.0,53.5,48.15,49.6,21.0,50.0,0.31165239135742184,True,PUT,2026-04-17,GOOGL
GOOGL260417P00385000,385.0,52.95,52.15,53.8,2.0,17.0,0.31250687499999996,True,PUT,2026-04-17,GOOGL
GOOGL260417P00390000,390.0,60.25,56.25,58.05,7.0,237.0,0.31214066772460936,True,PUT,2026-04-17,GOOGL
GOOGL260417P00395000,395.0,66.4,60.55,62.4,1.0,13.0,0.3117134259033203,True,PUT,2026-04-17,GOOGL
GOOGL260417P00400000,400.0,65.75,65.65,67.25,1.0,34.0,0.32349309326171866,True,PUT,2026-04-17,GOOGL
GOOGL260417P00410000,410.0,75.2,74.55,76.1,1.0,105.0,0.31629101684570304,True,PUT,2026-04-17,GOOGL
GOOGL260417P00420000,420.0,93.1,83.9,85.6,98.0,0.0,0.32349309326171866,True,PUT,2026-04-17,GOOGL
GOOGL260417P00430000,430.0,94.85,92.75,95.95,,1.0,0.3637148590087891,True,PUT,2026-04-17,GOOGL
GOOGL260515C00240000,240.0,96.66,99.15,102.3,1.0,186.0,0.5236864038085938,True,CALL,2026-05-15,GOOGL
GOOGL260515C00245000,245.0,91.8,95.0,97.9,1.0,278.0,0.5219164019775391,True,CALL,2026-05-15,GOOGL
GOOGL260515C00250000,250.0,91.1,91.05,92.45,8.0,3609.0,0.50586431640625,True,CALL,2026-05-15,GOOGL
GOOGL260515C00255000,255.0,85.05,86.25,87.7,8.0,310.0,0.5069019036865234,True,CALL,2026-05-15,GOOGL
GOOGL260515C00260000,260.0,81.5,81.75,83.35,12.0,616.0,0.49799085998535164,True,CALL,2026-05-15,GOOGL
GOOGL260515C00265000,265.0,72.8,77.7,78.95,2.0,1721.0,0.4866689517211914,True,CALL,2026-05-15,GOOGL
GOOGL260515C00270000,270.0,72.27,73.1,74.75,10.0,391.0,0.4788260125732422,True,CALL,2026-05-15,GOOGL
GOOGL260515C00275000,275.0,67.3,68.85,70.5,66.0,471.0,0.46857220886230466,True,CALL,2026-05-15,GOOGL
GOOGL260515C00280000,280.0,68.55,65.45,67.05,1.0,1004.0,0.4730277307128906,True,CALL,2026-05-15,GOOGL
GOOGL260515C00285000,285.0,59.89,61.15,62.8,13.0,507.0,0.4598442687988281,True,CALL,2026-05-15,GOOGL
GOOGL260515C00290000,290.0,52.75,57.25,58.4,22.0,457.0,0.4430597686767578,True,CALL,2026-05-15,GOOGL
GOOGL260515C00295000,295.0,53.2,53.5,54.6,1.0,684.0,0.4359187268066406,True,CALL,2026-05-15,GOOGL
GOOGL260515C00300000,300.0,44.03,49.9,51.45,22.0,1860.0,0.4379939013671875,True,CALL,2026-05-15,GOOGL
GOOGL260515C00305000,305.0,42.72,46.4,47.35,10.0,662.0,0.42270474761962884,True,CALL,2026-05-15,GOOGL
GOOGL260515C00310000,310.0,39.45,43.05,44.4,28.0,1221.0,0.4241085421752929,True,CALL,2026-05-15,GOOGL
GOOGL260515C00315000,315.0,39.65,39.75,40.75,22.0,1096.0,0.4129392202758788,True,CALL,2026-05-15,GOOGL
GOOGL260515C00320000,320.0,36.0,36.7,38.0,44.0,1540.0,0.41345801391601555,True,CALL,2026-05-15,GOOGL
GOOGL260515C00325000,325.0,34.01,33.65,34.6,62.0,1004.0,0.4026854165649414,True,CALL,2026-05-15,GOOGL
GOOGL260515C00330000,330.0,31.09,31.5,31.7,354.0,1852.0,0.3973601524353027,True,CALL,2026-05-15,GOOGL
GOOGL260515C00335000,335.0,28.63,28.95,29.1,112.0,1027.0,0.3943847183227539,True,CALL,2026-05-15,GOOGL
GOOGL260515C00340000,340.0,26.26,26.55,26.7,430.0,1915.0,0.39230954376220706,False,CALL,2026-05-15,GOOGL
GOOGL260515C00345000,345.0,23.9,24.15,24.4,97.0,4720.0,0.38977661010742193,False,CALL,2026-05-15,GOOGL
GOOGL260515C00350000,350.0,21.9,22.0,22.2,117.0,1975.0,0.38674014144897456,False,CALL,2026-05-15,GOOGL
GOOGL260515C00355000,355.0,20.1,20.0,20.2,29.0,1186.0,0.3846497082519531,False,CALL,2026-05-15,GOOGL
GOOGL260515C00360000,360.0,17.8,18.2,18.35,1026.0,2682.0,0.3828491891479492,False,CALL,2026-05-15,GOOGL
GOOGL260515C00365000,365.0,16.15,16.5,16.6,91.0,681.0,0.38068246276855466,False,CALL,2026-05-15,GOOGL
GOOGL260515C00370000,370.0,14.65,14.9,15.05,426.0,2718.0,0.3796753927612304,False,CALL,2026-05-15,GOOGL
GOOGL260515C00375000,375.0,13.15,13.4,13.6,39.0,1821.0,0.37842418457031246,False,CALL,2026-05-15,GOOGL
GOOGL260515C00380000,380.0,11.95,12.05,12.2,48.0,1997.0,0.37622694091796877,False,CALL,2026-05-15,GOOGL
GOOGL260515C00385000,385.0,10.85,10.95,11.1,21.0,874.0,0.37708142456054683,False,CALL,2026-05-15,GOOGL
GOOGL260515C00390000,390.0,9.75,9.75,9.95,15.0,927.0,0.3756165954589844,False,CALL,2026-05-15,GOOGL
GOOGL260515C00395000,395.0,8.75,8.8,9.0,16.0,144.0,0.37592176818847656,False,CALL,2026-05-15,GOOGL
GOOGL260515C00400000,400.0,7.85,7.9,8.1,104.0,1490.0,0.37567763000488286,False,CALL,2026-05-15,GOOGL
GOOGL260515C00410000,410.0,6.24,6.4,6.55,28.0,469.0,0.3755860781860352,False,CALL,2026-05-15,GOOGL
GOOGL260515C00420000,420.0,5.1,5.15,5.3,6.0,562.0,0.3761964236450196,False,CALL,2026-05-15,GOOGL
GOOGL260515C00430000,430.0,4.1,4.2,4.3,206.0,992.0,0.3775086663818359,False,CALL,2026-05-15,GOOGL
GOOGL260515P00240000,240.0,2.02,1.98,2.04,405.0,1542.0,0.42358974853515624,False,PUT,2026-05-15,GOOGL
GOOGL260515P00245000,245.0,2.35,2.29,2.38,3.0,1329.0,0.4177914666748046,False,PUT,2026-05-15,GOOGL
GOOGL260515P00250000,250.0,2.76,2.66,2.75,12.0,1218.0,0.41138283935546877,False,PUT,2026-05-15,GOOGL
GOOGL260515P00255000,255.0,3.72,3.05,3.2,3.0,864.0,0.40607283386230464,False,PUT,2026-05-15,GOOGL
GOOGL260515P00260000,260.0,4.5,3.55,3.65,26.0,1017.0,0.39893179199218753,False,PUT,2026-05-15,GOOGL
GOOGL260515P00265000,265.0,4.1,4.1,4.25,30.0,1549.0,0.3946288565063477,False,PUT,2026-05-15,GOOGL
GOOGL260515P00270000,270.0,4.9,4.75,4.85,12.0,2083.0,0.3883117810058594,False,PUT,2026-05-15,GOOGL
GOOGL260515P00275000,275.0,6.15,5.5,5.6,5.0,698.0,0.3839172937011719,False,PUT,2026-05-15,GOOGL
GOOGL260515P00280000,280.0,7.15,6.3,6.35,19.0,2520.0,0.37756970092773434,False,PUT,2026-05-15,GOOGL
GOOGL260515P00285000,285.0,7.25,7.15,7.3,60.0,2574.0,0.37366348999023435,False,PUT,2026-05-15,GOOGL
GOOGL260515P00290000,290.0,8.3,8.15,8.3,35.0,2804.0,0.3686891744995118,False,PUT,2026-05-15,GOOGL
GOOGL260515P00295000,295.0,10.2,9.3,9.5,75.0,578.0,0.3654238262939453,False,PUT,2026-05-15,GOOGL
GOOGL260515P00300000,300.0,10.72,10.6,10.8,71.0,2619.0,0.36179227081298826,False,PUT,2026-05-15,GOOGL
GOOGL260515P00305000,305.0,12.95,12.0,12.15,58.0,296.0,0.3568484725952148,False,PUT,2026-05-15,GOOGL
GOOGL260515P00310000,310.0,14.45,13.55,13.7,113.0,686.0,0.35309484802246094,False,PUT,2026-05-15,GOOGL
GOOGL260515P00315000,315.0,16.15,15.15,15.35,85.0,1137.0,0.34873087799072267,False,PUT,2026-05-15,GOOGL
GOOGL260515P00320000,320.0,18.1,17.0,17.2,52.0,942.0,0.3452213916015625,False,PUT,2026-05-15,GOOGL
GOOGL260515P00325000,325.0,20.25,19.1,19.3,21.0,1386.0,0.34314621704101556,False,PUT,2026-05-15,GOOGL
GOOGL260515P00330000,330.0,21.55,21.2,21.45,108.0,420.0,0.33954517883300783,False,PUT,2026-05-15,GOOGL
GOOGL260515P00335000,335.0,23.95,23.55,23.8,21.0,503.0,0.3365544860839844,False,PUT,2026-05-15,GOOGL
GOOGL260515P00340000,340.0,26.45,26.1,26.35,6.0,906.0,0.3341436215209961,True,PUT,2026-05-15,GOOGL
GOOGL260515P00345000,345.0,29.15,28.75,28.95,61.0,143.0,0.3302221519470215,True,PUT,2026-05-15,GOOGL
GOOGL260515P00350000,350.0,31.9,31.55,31.8,80.0,180.0,0.32755189056396483,True,PUT,2026-05-15,GOOGL
GOOGL260515P00355000,355.0,36.7,34.6,34.85,2.0,150.0,0.3254767160034179,True,PUT,2026-05-15,GOOGL
GOOGL260515P00360000,360.0,38.35,37.8,38.0,9.0,133.0,0.32265386825561515,True,PUT,2026-05-15,GOOGL
GOOGL260515P00365000,365.0,47.15,41.0,42.2,10.0,43.0,0.33313655151367194,True,PUT,2026-05-15,GOOGL
GOOGL260515P00370000,370.0,48.55,43.9,45.45,4.0,121.0,0.32776551147460936,True,PUT,2026-05-15,GOOGL
GOOGL260515P00375000,375.0,55.03,48.05,49.55,10.0,30.0,0.3334417242431641,True,PUT,2026-05-15,GOOGL
GOOGL260515P00380000,380.0,54.2,51.75,53.15,10.0,40.0,0.32950499603271477,True,PUT,2026-05-15,GOOGL
GOOGL260515P00385000,385.0,57.6,55.8,57.3,11.0,41.0,0.3327703442382813,True,PUT,2026-05-15,GOOGL
GOOGL260515P00390000,390.0,64.25,59.6,61.3,11.0,91.0,0.33185482604980465,True,PUT,2026-05-15,GOOGL
GOOGL260515P00395000,395.0,68.6,63.7,65.45,3.0,34.0,0.3318853433227539,True,PUT,2026-05-15,GOOGL
GOOGL260515P00400000,400.0,71.25,67.85,69.6,1.0,64.0,0.33017637603759764,True,PUT,2026-05-15,GOOGL
GOOGL260515P00410000,410.0,80.1,76.55,78.45,23.0,43.0,0.3334417242431641,True,PUT,2026-05-15,GOOGL
GOOGL260515P00420000,420.0,87.34,85.4,86.95,3.0,0.0,0.3209906768798828,True,PUT,2026-05-15,GOOGL
GOOGL260515P00430000,430.0,103.95,94.85,96.35,1.0,1.0,0.3261175787353515,True,PUT,2026-05-15,GOOGL
GOOGL260618C00240000,240.0,95.17,101.9,103.85,6.0,4540.0,0.5138598419189453,True,CALL,2026-06-18,GOOGL
GOOGL260618C00245000,245.0,97.5,97.25,98.75,2.0,1718.0,0.5116015637207032,True,CALL,2026-06-18,GOOGL
GOOGL260618C00250000,250.0,91.75,92.75,94.3,16.0,3383.0,0.5005543109130859,True,CALL,2026-06-18,GOOGL
GOOGL260618C00255000,255.0,84.06,88.45,89.95,3.0,1284.0,0.4909108526611329,True,CALL,2026-06-18,GOOGL
GOOGL260618C00260000,260.0,78.25,84.1,86.4,6.0,2390.0,0.4962513754272462,True,CALL,2026-06-18,GOOGL
GOOGL260618C00265000,265.0,79.21,79.5,82.25,3.0,875.0,0.4880422290039063,True,CALL,2026-06-18,GOOGL
GOOGL260618C00270000,270.0,82.0,75.9,77.05,1.0,1529.0,0.4600273724365235,True,CALL,2026-06-18,GOOGL
GOOGL260618C00275000,275.0,70.9,71.85,73.0,1.0,352.0,0.45252012329101565,True,CALL,2026-06-18,GOOGL
GOOGL260618C00280000,280.0,64.96,67.9,70.0,6.0,3256.0,0.46115651153564463,True,CALL,2026-06-18,GOOGL
GOOGL260618C00285000,285.0,62.75,64.05,66.0,6.0,904.0,0.45166563964843753,True,CALL,2026-06-18,GOOGL
GOOGL260618C00290000,290.0,58.7,60.3,61.95,22.0,1597.0,0.4404963177490234,True,CALL,2026-06-18,GOOGL
GOOGL260618C00295000,295.0,51.47,56.7,57.65,1.0,341.0,0.42484095672607425,True,CALL,2026-06-18,GOOGL
GOOGL260618C00300000,300.0,51.95,53.5,54.75,86.0,5898.0,0.4283199258422852,True,CALL,2026-06-18,GOOGL
GOOGL260618C00305000,305.0,50.0,49.85,51.3,5.0,875.0,0.4224453507995605,True,CALL,2026-06-18,GOOGL
GOOGL260618C00310000,310.0,41.7,46.45,47.85,30.0,3183.0,0.4153195675659179,True,CALL,2026-06-18,GOOGL
GOOGL260618C00315000,315.0,42.4,43.5,44.75,36.0,778.0,0.4115049084472656,True,CALL,2026-06-18,GOOGL
GOOGL260618C00320000,320.0,40.5,40.45,41.3,103.0,3964.0,0.4018919674682617,True,CALL,2026-06-18,GOOGL
GOOGL260618C00325000,325.0,37.6,37.55,38.75,160.0,1726.0,0.40228869201660156,True,CALL,2026-06-18,GOOGL
GOOGL260618C00330000,330.0,35.3,35.45,35.85,730.0,2679.0,0.3968871347045898,True,CALL,2026-06-18,GOOGL
GOOGL260618C00335000,335.0,32.46,32.85,33.1,135.0,1203.0,0.39194333648681634,True,CALL,2026-06-18,GOOGL
GOOGL260618C00340000,340.0,30.4,30.4,30.6,166.0,4307.0,0.38863221237182616,False,CALL,2026-06-18,GOOGL
GOOGL260618C00345000,345.0,27.85,28.1,28.3,26.0,831.0,0.3863128996276855,False,CALL,2026-06-18,GOOGL
GOOGL260618C00350000,350.0,26.0,25.9,26.1,456.0,10270.0,0.383795224609375,False,CALL,2026-06-18,GOOGL
GOOGL260618C00355000,355.0,23.65,23.85,24.05,51.0,287.0,0.3816895327758788,False,CALL,2026-06-18,GOOGL
GOOGL260618C00360000,360.0,21.52,21.9,22.05,56.0,1832.0,0.37879039184570307,False,CALL,2026-06-18,GOOGL
GOOGL260618C00365000,365.0,19.94,20.1,20.25,43.0,282.0,0.37698987274169915,False,CALL,2026-06-18,GOOGL
GOOGL260618C00370000,370.0,18.12,18.45,18.65,59.0,5029.0,0.3763184927368164,False,CALL,2026-06-18,GOOGL
GOOGL260618C00375000,375.0,16.1,16.85,17.05,13.0,1096.0,0.3743348699951171,False,CALL,2026-06-18,GOOGL
GOOGL260618C00380000,380.0,15.2,15.45,15.65,102.0,7046.0,0.37363297271728513,False,CALL,2026-06-18,GOOGL
GOOGL260618C00385000,385.0,14.0,14.15,14.3,15.0,887.0,0.3723359886169434,False,CALL,2026-06-18,GOOGL
GOOGL260618C00390000,390.0,12.8,12.85,13.0,25.0,3755.0,0.37045917633056635,False,CALL,2026-06-18,GOOGL
GOOGL260618C00395000,395.0,11.6,11.85,12.0,12.0,142.0,0.37152728088378906,False,CALL,2026-06-18,GOOGL
GOOGL260618C00400000,400.0,10.5,10.8,10.95,166.0,8877.0,0.37079486633300784,False,CALL,2026-06-18,GOOGL
GOOGL260618C00410000,410.0,8.83,8.9,9.05,25.0,764.0,0.368872278137207,False,CALL,2026-06-18,GOOGL
GOOGL260618C00420000,420.0,7.4,7.4,7.55,56.0,1017.0,0.3689943472290039,False,CALL,2026-06-18,GOOGL
GOOGL260618C00430000,430.0,6.14,6.15,6.3,197.0,7375.0,0.3695131408691406,False,CALL,2026-06-18,GOOGL
GOOGL260618P00240000,240.0,3.0,2.92,3.05,405.0,4783.0,0.40735455932617193,False,PUT,2026-06-18,GOOGL
GOOGL260618P00245000,245.0,3.5,3.35,3.45,2.0,1122.0,0.4007017938232422,False,PUT,2026-06-18,GOOGL
GOOGL260618P00250000,250.0,4.03,3.8,3.95,14.0,7110.0,0.3957579956054688,False,PUT,2026-06-18,GOOGL
GOOGL260618P00255000,255.0,4.65,4.4,4.5,200.0,1037.0,0.3905700592041016,False,PUT,2026-06-18,GOOGL
GOOGL260618P00260000,260.0,5.03,5.0,5.15,26.0,2575.0,0.3864197100830078,False,PUT,2026-06-18,GOOGL
GOOGL260618P00265000,265.0,5.68,5.7,5.8,2.0,3190.0,0.3806214282226562,False,PUT,2026-06-18,GOOGL
GOOGL260618P00270000,270.0,6.95,6.4,6.6,30.0,2020.0,0.37662366546630854,False,PUT,2026-06-18,GOOGL
GOOGL260618P00275000,275.0,7.75,7.25,7.45,3021.0,1244.0,0.37198503997802734,False,PUT,2026-06-18,GOOGL
GOOGL260618P00280000,280.0,8.8,8.2,8.4,32.0,4024.0,0.3676515872192383,False,PUT,2026-06-18,GOOGL
GOOGL260618P00285000,285.0,9.75,9.25,9.45,45.0,1390.0,0.3634707208251954,False,PUT,2026-06-18,GOOGL
GOOGL260618P00290000,290.0,10.45,10.45,10.6,101.0,2771.0,0.3593203717041016,False,PUT,2026-06-18,GOOGL
GOOGL260618P00295000,295.0,12.45,11.7,11.9,78.0,1415.0,0.355902437133789,False,PUT,2026-06-18,GOOGL
GOOGL260618P00300000,300.0,13.9,13.1,13.2,86.0,3221.0,0.3508365698242187,False,PUT,2026-06-18,GOOGL
GOOGL260618P00305000,305.0,15.5,14.6,14.75,45.0,1071.0,0.34775432525634764,False,PUT,2026-06-18,GOOGL
GOOGL260618P00310000,310.0,16.55,16.25,16.4,54.0,2035.0,0.34433639068603517,False,PUT,2026-06-18,GOOGL
GOOGL260618P00315000,315.0,19.95,18.1,18.3,22.0,1323.0,0.3425358715820312,False,PUT,2026-06-18,GOOGL
GOOGL260618P00320000,320.0,24.0,19.95,20.15,5.0,942.0,0.3383550051879882,False,PUT,2026-06-18,GOOGL
GOOGL260618P00325000,325.0,22.3,22.1,22.3,22.0,2730.0,0.33626457199096677,False,PUT,2026-06-18,GOOGL
GOOGL260618P00330000,330.0,24.39,24.3,24.55,82.0,584.0,0.3337011210632324,False,PUT,2026-06-18,GOOGL
GOOGL260618P00335000,335.0,28.2,26.5,26.75,33.0,541.0,0.328833616027832,False,PUT,2026-06-18,GOOGL
GOOGL260618P00340000,340.0,30.8,29.05,29.3,31.0,1300.0,0.32652956192016597,True,PUT,2026-06-18,GOOGL
GOOGL260618P00345000,345.0,34.25,31.65,31.95,24.0,277.0,0.3237067141723632,True,PUT,2026-06-18,GOOGL
GOOGL260618P00350000,350.0,35.12,34.4,34.7,8.0,183.0,0.3204108486938476,True,PUT,2026-06-18,GOOGL
GOOGL260618P00355000,355.0,41.3,37.35,37.65,9.0,186.0,0.31783213912963865,True,PUT,2026-06-18,GOOGL
GOOGL260618P00360000,360.0,42.15,40.5,40.8,9.0,133.0,0.3160163613891601,True,PUT,2026-06-18,GOOGL
GOOGL260618P00365000,365.0,49.4,43.7,43.95,8.0,129.0,0.3125221336364746,True,PUT,2026-06-18,GOOGL
GOOGL260618P00370000,370.0,48.1,46.7,48.35,4.0,35.0,0.3234625759887695,True,PUT,2026-06-18,GOOGL
GOOGL260618P00375000,375.0,52.93,50.2,51.45,1.0,31.0,0.3161689477539062,True,PUT,2026-06-18,GOOGL
GOOGL260618P00380000,380.0,58.05,53.75,55.1,4.0,35.0,0.3144904977416991,True,PUT,2026-06-18,GOOGL
GOOGL260618P00385000,385.0,60.99,57.9,59.0,1.0,5.0,0.3147956704711914,True,PUT,2026-06-18,GOOGL
GOOGL260618P00390000,390.0,65.8,61.9,62.65,10.0,50.0,0.3099129067993164,True,PUT,2026-06-18,GOOGL
GOOGL260618P00395000,395.0,78.2,65.0,67.15,21.0,16.0,0.3164741204833984,True,PUT,2026-06-18,GOOGL
GOOGL260618P00400000,400.0,67.5,69.25,70.85,1.0,57.0,0.3091194577026367,True,PUT,2026-06-18,GOOGL
GOOGL260618P00410000,410.0,79.4,77.6,79.25,3.0,53.0,0.3060372131347656,True,PUT,2026-06-18,GOOGL
GOOGL260618P00420000,420.0,85.5,86.8,88.45,3.0,236.0,0.31333084136962885,True,PUT,2026-06-18,GOOGL
GOOGL260618P00430000,430.0,97.24,95.4,97.0,3.0,1.0,0.30152065673828127,True,PUT,2026-06-18,GOOGL
GOOGL260717C00240000,240.0,102.85,103.0,105.0,2.0,204.0,0.5141650146484374,True,CALL,2026-07-17,GOOGL
GOOGL260717C00245000,245.0,94.3,99.2,100.7,3.0,186.0,0.5058032818603515,True,CALL,2026-07-17,GOOGL
GOOGL260717C00250000,250.0,91.05,94.85,96.35,1.0,1330.0,0.49573258178710944,True,CALL,2026-07-17,GOOGL
GOOGL260717C00255000,255.0,84.56,90.55,92.05,2.0,6.0,0.4859670544433594,True,CALL,2026-07-17,GOOGL
GOOGL260717C00260000,260.0,86.5,86.15,87.85,22.0,180.0,0.47723911437988287,True,CALL,2026-07-17,GOOGL
GOOGL260717C00265000,265.0,82.11,81.7,83.75,2.0,12.0,0.4694266925048829,True,CALL,2026-07-17,GOOGL
GOOGL260717C00270000,270.0,75.99,78.05,79.3,1.0,46.0,0.45526667785644537,True,CALL,2026-07-17,GOOGL
GOOGL260717C00275000,275.0,72.75,74.2,76.15,3.0,13.0,0.4604240969848633,True,CALL,2026-07-17,GOOGL
GOOGL260717C00280000,280.0,68.95,70.4,72.5,4.0,42.0,0.45645685150146487,True,CALL,2026-07-17,GOOGL
GOOGL260717C00285000,285.0,65.57,66.35,67.85,10.0,21.0,0.43741407318115233,True,CALL,2026-07-17,GOOGL
GOOGL260717C00290000,290.0,60.1,62.85,64.35,17.0,73.0,0.4337825177001954,True,CALL,2026-07-17,GOOGL
GOOGL260717C00295000,295.0,56.65,58.9,60.65,10.0,34.0,0.42636682037353524,True,CALL,2026-07-17,GOOGL
GOOGL260717C00300000,300.0,55.22,55.95,57.15,3.0,203.0,0.42056853851318365,True,CALL,2026-07-17,GOOGL
GOOGL260717C00305000,305.0,47.85,52.65,54.25,3.0,165.0,0.4210873321533204,True,CALL,2026-07-17,GOOGL
GOOGL260717C00310000,310.0,44.58,49.4,50.85,2.0,247.0,0.41425146301269533,True,CALL,2026-07-17,GOOGL
GOOGL260717C00315000,315.0,45.73,46.3,47.45,1.0,444.0,0.40643904113769536,True,CALL,2026-07-17,GOOGL
GOOGL260717C00320000,320.0,40.3,43.4,44.65,2.0,366.0,0.40451645294189453,True,CALL,2026-07-17,GOOGL
GOOGL260717C00325000,325.0,40.69,40.6,42.1,17.0,326.0,0.404226538848877,True,CALL,2026-07-17,GOOGL
GOOGL260717C00330000,330.0,38.3,37.85,38.75,205.0,463.0,0.3937743728637696,True,CALL,2026-07-17,GOOGL
GOOGL260717C00335000,335.0,35.3,35.85,36.1,25.0,325.0,0.39005126556396486,True,CALL,2026-07-17,GOOGL
GOOGL260717C00340000,340.0,33.15,33.35,33.6,70.0,719.0,0.3868164346313476,False,CALL,2026-07-17,GOOGL
GOOGL260717C00345000,345.0,30.74,31.05,31.3,27.0,451.0,0.38460393234252926,False,CALL,2026-07-17,GOOGL
GOOGL260717C00350000,350.0,28.35,28.9,29.15,98.0,312.0,0.3828797064208984,False,CALL,2026-07-17,GOOGL
GOOGL260717C00355000,355.0,24.6,26.8,27.05,2.0,333.0,0.38052987640380853,False,CALL,2026-07-17,GOOGL
GOOGL260717C00360000,360.0,24.55,24.85,25.1,78.0,288.0,0.3786988400268554,False,CALL,2026-07-17,GOOGL
GOOGL260717C00365000,365.0,22.69,23.0,23.2,1.0,196.0,0.37628797546386716,False,CALL,2026-07-17,GOOGL
GOOGL260717C00370000,370.0,21.01,21.2,21.45,21.0,571.0,0.3744416804504394,False,CALL,2026-07-17,GOOGL
GOOGL260717C00375000,375.0,18.95,19.6,19.8,26.0,148.0,0.372625902709961,False,CALL,2026-07-17,GOOGL
GOOGL260717C00380000,380.0,17.85,18.15,18.35,16.0,310.0,0.37201555725097657,False,CALL,2026-07-17,GOOGL
GOOGL260717C00385000,385.0,16.0,16.8,16.95,56.0,556.0,0.3709779699707031,False,CALL,2026-07-17,GOOGL
GOOGL260717C00390000,390.0,15.3,15.4,15.6,11.0,518.0,0.3695131408691406,False,CALL,2026-07-17,GOOGL
GOOGL260717C00395000,395.0,14.1,14.1,14.3,1.0,41.0,0.36759055267333984,False,CALL,2026-07-17,GOOGL
GOOGL260717C00400000,400.0,12.95,13.1,13.3,94.0,2148.0,0.3684755535888672,False,CALL,2026-07-17,GOOGL
GOOGL260717C00410000,410.0,10.75,11.05,11.15,4.0,359.0,0.3654848608398438,False,CALL,2026-07-17,GOOGL
GOOGL260717C00420000,420.0,7.92,9.45,9.6,3.0,191.0,0.36713279357910156,False,CALL,2026-07-17,GOOGL
GOOGL260717C00430000,430.0,7.8,7.95,8.1,1.0,354.0,0.366217275390625,False,CALL,2026-07-17,GOOGL
GOOGL260717P00240000,240.0,4.45,3.7,3.85,11.0,211.0,0.3949645465087891,False,PUT,2026-07-17,GOOGL
GOOGL260717P00245000,245.0,4.95,4.2,4.35,1.0,1003.0,0.389654541015625,False,PUT,2026-07-17,GOOGL
GOOGL260717P00250000,250.0,4.9,4.9,4.95,150.0,245.0,0.38556522644042956,False,PUT,2026-07-17,GOOGL
GOOGL260717P00255000,255.0,5.7,5.4,5.6,5.0,68.0,0.3811707391357422,False,PUT,2026-07-17,GOOGL
GOOGL260717P00260000,260.0,6.5,6.1,6.3,3.0,1534.0,0.3764710791015625,False,PUT,2026-07-17,GOOGL
GOOGL260717P00265000,265.0,8.25,6.95,7.1,4.0,463.0,0.37244279907226563,False,PUT,2026-07-17,GOOGL
GOOGL260717P00270000,270.0,8.3,7.75,7.95,265.0,694.0,0.36795675994873045,False,PUT,2026-07-17,GOOGL
GOOGL260717P00275000,275.0,9.2,8.75,8.95,2.0,2404.0,0.3646914117431641,False,PUT,2026-07-17,GOOGL
GOOGL260717P00280000,280.0,11.15,9.75,9.95,6.0,2969.0,0.35999175170898434,False,PUT,2026-07-17,GOOGL
GOOGL260717P00285000,285.0,11.0,10.95,11.05,102.0,187.0,0.3555362298583984,False,PUT,2026-07-17,GOOGL
GOOGL260717P00290000,290.0,12.66,12.1,12.3,10.0,426.0,0.35193519165039056,False,PUT,2026-07-17,GOOGL
GOOGL260717P00295000,295.0,13.65,13.5,13.65,31.0,601.0,0.3483036361694336,False,PUT,2026-07-17,GOOGL
GOOGL260717P00300000,300.0,15.83,14.9,15.15,44.0,2007.0,0.34525190887451174,False,PUT,2026-07-17,GOOGL
GOOGL260717P00305000,305.0,17.5,16.5,16.65,5.0,703.0,0.3407963870239258,False,PUT,2026-07-17,GOOGL
GOOGL260717P00310000,310.0,18.3,18.2,18.35,110.0,849.0,0.337470004272461,False,PUT,2026-07-17,GOOGL
GOOGL260717P00315000,315.0,20.45,20.05,20.2,3.0,329.0,0.3344945701599121,False,PUT,2026-07-17,GOOGL
GOOGL260717P00320000,320.0,22.5,22.05,22.3,523.0,745.0,0.3329839651489258,False,PUT,2026-07-17,GOOGL
GOOGL260717P00325000,325.0,24.35,24.05,24.25,5.0,471.0,0.32831482238769527,False,PUT,2026-07-17,GOOGL
GOOGL260717P00330000,330.0,26.65,26.25,26.5,42.0,659.0,0.325629302368164,False,PUT,2026-07-17,GOOGL
GOOGL260717P00335000,335.0,29.8,28.6,28.85,31.0,522.0,0.32260809234619137,False,PUT,2026-07-17,GOOGL
GOOGL260717P00340000,340.0,32.35,31.2,31.45,10.0,1160.0,0.32091438369750974,True,PUT,2026-07-17,GOOGL
GOOGL260717P00345000,345.0,37.5,33.8,34.1,5.0,264.0,0.31833567413330077,True,PUT,2026-07-17,GOOGL
GOOGL260717P00350000,350.0,37.6,36.55,36.8,14.0,259.0,0.31487196365356435,True,PUT,2026-07-17,GOOGL
GOOGL260717P00355000,355.0,39.25,39.35,39.7,90.0,96.0,0.3121711849975586,True,PUT,2026-07-17,GOOGL
GOOGL260717P00360000,360.0,44.11,42.4,42.75,15.0,73.0,0.30972980316162113,True,PUT,2026-07-17,GOOGL
GOOGL260717P00365000,365.0,47.35,45.6,45.9,9.0,218.0,0.3069832485961914,True,PUT,2026-07-17,GOOGL
GOOGL260717P00370000,370.0,54.2,48.9,49.25,12.0,1012.0,0.30512169494628905,True,PUT,2026-07-17,GOOGL
GOOGL260717P00375000,375.0,53.3,52.1,53.8,26.0,31.0,0.316138430480957,True,PUT,2026-07-17,GOOGL
GOOGL260717P00380000,380.0,59.45,55.65,56.85,5.0,24.0,0.3081429049682617,True,PUT,2026-07-17,GOOGL
GOOGL260717P00385000,385.0,61.5,59.5,60.9,5.0,3.0,0.31105730453491204,True,PUT,2026-07-17,GOOGL
GOOGL260717P00390000,390.0,67.1,62.8,64.65,2.0,5.0,0.30902790588378903,True,PUT,2026-07-17,GOOGL
GOOGL260717P00395000,395.0,67.7,66.75,68.95,4.0,26.0,0.3131172204589844,True,PUT,2026-07-17,GOOGL
GOOGL260717P00400000,400.0,80.8,70.85,72.95,32.0,24.0,0.3121711849975586,True,PUT,2026-07-17,GOOGL
GOOGL260717P00410000,410.0,83.4,78.55,80.55,10.0,8.0,0.3001778967285156,True,PUT,2026-07-17,GOOGL
GOOGL260717P00420000,420.0,92.0,87.0,89.85,22.0,9.0,0.31049273498535157,True,PUT,2026-07-17,GOOGL
GOOGL260717P00430000,430.0,98.4,96.35,97.65,6.0,46.0,0.28897805755615225,True,PUT,2026-07-17,GOOGL
GOOGL260821C00240000,240.0,104.67,105.75,107.55,1.0,946.0,0.5144701873779296,True,CALL,2026-08-21,GOOGL
GOOGL260821C00245000,245.0,101.24,101.5,103.3,1.0,382.0,0.5055591436767577,True,CALL,2026-08-21,GOOGL
GOOGL260821C00250000,250.0,95.91,97.1,99.05,7.0,558.0,0.49609878906250005,True,CALL,2026-08-21,GOOGL
GOOGL260821C00255000,255.0,85.37,92.85,94.85,1.0,279.0,0.486882572631836,True,CALL,2026-08-21,GOOGL
GOOGL260821C00260000,260.0,84.7,89.2,90.7,2.0,1145.0,0.4778494598388672,True,CALL,2026-08-21,GOOGL
GOOGL260821C00265000,265.0,84.78,85.25,86.55,1.0,278.0,0.4682670361328125,True,CALL,2026-08-21,GOOGL
GOOGL260821C00270000,270.0,79.4,81.35,83.4,2.0,279.0,0.47186807434082034,True,CALL,2026-08-21,GOOGL
GOOGL260821C00275000,275.0,77.0,77.55,78.7,24.0,205.0,0.4534966760253906,True,CALL,2026-08-21,GOOGL
GOOGL260821C00280000,280.0,73.07,73.85,75.0,6.0,447.0,0.4479425323486328,True,CALL,2026-08-21,GOOGL
GOOGL260821C00285000,285.0,71.3,70.25,71.65,3.0,462.0,0.44588261642456056,True,CALL,2026-08-21,GOOGL
GOOGL260821C00290000,290.0,61.18,66.65,68.05,4.0,431.0,0.4397791618347168,True,CALL,2026-08-21,GOOGL
GOOGL260821C00295000,295.0,61.94,62.75,64.3,34.0,444.0,0.43112751495361334,True,CALL,2026-08-21,GOOGL
GOOGL260821C00300000,300.0,60.7,59.95,61.15,28.0,1011.0,0.4285945812988281,True,CALL,2026-08-21,GOOGL
GOOGL260821C00305000,305.0,54.15,56.8,58.55,15.0,319.0,0.4311885494995118,True,CALL,2026-08-21,GOOGL
GOOGL260821C00310000,310.0,48.51,53.5,55.35,14.0,359.0,0.426061647644043,True,CALL,2026-08-21,GOOGL
GOOGL260821C00315000,315.0,47.17,50.7,51.95,5.0,396.0,0.41794405303955073,True,CALL,2026-08-21,GOOGL
GOOGL260821C00320000,320.0,48.55,47.8,49.0,12.0,540.0,0.41377844528198243,True,CALL,2026-08-21,GOOGL
GOOGL260821C00325000,325.0,41.5,44.45,46.55,3.0,354.0,0.4138547384643554,True,CALL,2026-08-21,GOOGL
GOOGL260821C00330000,330.0,40.2,42.45,43.4,25.0,595.0,0.4057981784057617,True,CALL,2026-08-21,GOOGL
GOOGL260821C00335000,335.0,40.16,40.45,40.7,576.0,988.0,0.40143420837402344,True,CALL,2026-08-21,GOOGL
GOOGL260821C00340000,340.0,35.26,38.05,38.25,35.0,457.0,0.3986876538085938,False,CALL,2026-08-21,GOOGL
GOOGL260821C00345000,345.0,35.35,35.75,36.0,24.0,496.0,0.3969939451599121,False,CALL,2026-08-21,GOOGL
GOOGL260821C00350000,350.0,32.25,33.5,33.75,53.0,1016.0,0.3943694596862793,False,CALL,2026-08-21,GOOGL
GOOGL260821C00360000,360.0,28.35,29.4,29.6,6.0,676.0,0.3898681619262696,False,CALL,2026-08-21,GOOGL
GOOGL260821C00370000,370.0,24.85,25.8,26.0,14.0,467.0,0.3872741937255859,False,CALL,2026-08-21,GOOGL
GOOGL260821C00380000,380.0,22.15,22.35,22.55,35.0,689.0,0.38271186141967767,False,CALL,2026-08-21,GOOGL
GOOGL260821C00390000,390.0,19.0,19.5,19.65,66.0,314.0,0.3804535832214356,False,CALL,2026-08-21,GOOGL
GOOGL260821C00400000,400.0,16.37,16.95,17.15,14.0,707.0,0.3792786682128906,False,CALL,2026-08-21,GOOGL
GOOGL260821C00410000,410.0,14.35,14.85,15.0,18.0,358.0,0.37900401275634765,False,CALL,2026-08-21,GOOGL
GOOGL260821C00420000,420.0,11.72,12.8,12.95,10.0,109.0,0.37698987274169915,False,CALL,2026-08-21,GOOGL
GOOGL260821C00430000,430.0,11.15,11.25,11.4,1.0,436.0,0.3783784086608886,False,CALL,2026-08-21,GOOGL
GOOGL260821P00240000,240.0,5.2,5.05,5.2,2.0,926.0,0.39252316467285153,False,PUT,2026-08-21,GOOGL
GOOGL260821P00245000,245.0,5.75,5.75,5.9,69.0,781.0,0.38959350646972657,False,PUT,2026-08-21,GOOGL
GOOGL260821P00250000,250.0,6.55,6.4,6.55,1.0,706.0,0.38434453552246095,False,PUT,2026-08-21,GOOGL
GOOGL260821P00255000,255.0,7.32,7.2,7.35,2.0,400.0,0.38086556640624997,False,PUT,2026-08-21,GOOGL
GOOGL260821P00260000,260.0,9.1,8.0,8.2,1.0,825.0,0.3770509072875976,False,PUT,2026-08-21,GOOGL
GOOGL260821P00265000,265.0,9.35,8.85,9.1,4.0,505.0,0.3728700408935547,False,PUT,2026-08-21,GOOGL
GOOGL260821P00270000,270.0,11.2,9.9,10.1,2.0,1081.0,0.36911641632080083,False,PUT,2026-08-21,GOOGL
GOOGL260821P00275000,275.0,11.59,11.0,11.2,28.0,344.0,0.36569848175048825,False,PUT,2026-08-21,GOOGL
GOOGL260821P00280000,280.0,12.2,12.15,12.35,40.0,173.0,0.36176175354003903,False,PUT,2026-08-21,GOOGL
GOOGL260821P00285000,285.0,13.75,13.4,13.6,11.0,56.0,0.358053904876709,False,PUT,2026-08-21,GOOGL
GOOGL260821P00290000,290.0,17.15,14.8,15.05,15.0,457.0,0.3557193334960937,False,PUT,2026-08-21,GOOGL
GOOGL260821P00295000,295.0,17.2,16.25,16.5,11.0,469.0,0.35217932983398437,False,PUT,2026-08-21,GOOGL
GOOGL260821P00300000,300.0,19.0,17.9,18.1,1.0,1109.0,0.34923441299438474,False,PUT,2026-08-21,GOOGL
GOOGL260821P00305000,305.0,19.6,19.55,19.7,60.0,95.0,0.34512983978271483,False,PUT,2026-08-21,GOOGL
GOOGL260821P00310000,310.0,20.17,21.3,21.5,1.0,400.0,0.3421086297607422,False,PUT,2026-08-21,GOOGL
GOOGL260821P00315000,315.0,25.9,23.2,23.5,2.0,91.0,0.34009448974609374,False,PUT,2026-08-21,GOOGL
GOOGL260821P00320000,320.0,26.65,25.3,25.6,2.0,221.0,0.3379125047302246,False,PUT,2026-08-21,GOOGL
GOOGL260821P00325000,325.0,30.4,27.45,27.75,2.0,129.0,0.33507439834594727,False,PUT,2026-08-21,GOOGL
GOOGL260821P00330000,330.0,30.7,29.6,29.85,115.0,152.0,0.3305731005859375,False,PUT,2026-08-21,GOOGL
GOOGL260821P00335000,335.0,32.32,32.0,32.3,2.0,210.0,0.32848266738891596,False,PUT,2026-08-21,GOOGL
GOOGL260821P00340000,340.0,35.6,34.5,34.8,1.0,103.0,0.3257208541870117,True,PUT,2026-08-21,GOOGL
GOOGL260821P00345000,345.0,40.6,37.1,37.45,6.0,150.0,0.32329473098754874,True,PUT,2026-08-21,GOOGL
GOOGL260821P00350000,350.0,41.35,39.9,40.2,9.0,94.0,0.32071602142333977,True,PUT,2026-08-21,GOOGL
GOOGL260821P00360000,360.0,51.65,45.65,46.0,5.0,105.0,0.31510084320068354,True,PUT,2026-08-21,GOOGL
GOOGL260821P00370000,370.0,57.95,52.0,52.4,7.0,247.0,0.3109962699890136,True,PUT,2026-08-21,GOOGL
GOOGL260821P00380000,380.0,64.75,58.75,59.1,10.0,112.0,0.30548790222167965,True,PUT,2026-08-21,GOOGL
GOOGL260821P00390000,390.0,69.15,66.2,66.95,1.0,157.0,0.3083412672424316,True,PUT,2026-08-21,GOOGL
GOOGL260821P00400000,400.0,80.55,72.7,74.55,24.0,57.0,0.30445031494140623,True,PUT,2026-08-21,GOOGL
GOOGL260821P00410000,410.0,88.89,81.15,83.1,12.0,349.0,0.3085396295166015,True,PUT,2026-08-21,GOOGL
GOOGL260821P00420000,420.0,89.35,89.65,91.85,3.0,103.0,0.3124458404541015,True,PUT,2026-08-21,GOOGL
GOOGL260821P00430000,430.0,96.9,97.75,100.4,3.0,22.0,0.3104011831665039,True,PUT,2026-08-21,GOOGL
GOOGL260918C00240000,240.0,100.57,106.95,108.5,5.0,993.0,0.49805189453125004,True,CALL,2026-09-18,GOOGL
GOOGL260918C00245000,245.0,95.21,102.3,105.25,,1.0,0.5043689700317383,True,CALL,2026-09-18,GOOGL
GOOGL260918C00250000,250.0,98.6,98.3,100.35,10.0,1710.0,0.48474636352539063,True,CALL,2026-09-18,GOOGL
GOOGL260918C00260000,260.0,84.63,90.7,92.85,2.0,2432.0,0.4777579080200196,True,CALL,2026-09-18,GOOGL
GOOGL260918C00265000,265.0,80.78,86.85,88.0,1.0,13.0,0.4585167674255372,True,CALL,2026-09-18,GOOGL
GOOGL260918C00270000,270.0,81.45,82.6,84.4,76.0,1761.0,0.45535822967529294,True,CALL,2026-09-18,GOOGL
GOOGL260918C00280000,280.0,72.75,75.85,76.75,6.0,1111.0,0.441060887298584,True,CALL,2026-09-18,GOOGL
GOOGL260918C00285000,285.0,69.09,72.05,73.35,,1.0,0.4378718322753906,True,CALL,2026-09-18,GOOGL
GOOGL260918C00290000,290.0,68.0,68.1,70.55,14.0,1611.0,0.4404963177490234,True,CALL,2026-09-18,GOOGL
GOOGL260918C00295000,295.0,63.73,65.25,66.65,1.0,5.0,0.4299983758544922,True,CALL,2026-09-18,GOOGL
GOOGL260918C00300000,300.0,60.84,62.2,63.05,1.0,1918.0,0.42221647125244144,True,CALL,2026-09-18,GOOGL
GOOGL260918C00305000,305.0,58.9,58.4,60.8,1.0,844.0,0.4277706149291992,True,CALL,2026-09-18,GOOGL
GOOGL260918C00310000,310.0,53.75,56.45,57.0,4.0,605.0,0.4163876721191406,True,CALL,2026-09-18,GOOGL
GOOGL260918C00315000,315.0,48.4,52.45,54.55,24.0,986.0,0.41794405303955073,True,CALL,2026-09-18,GOOGL
GOOGL260918C00320000,320.0,50.3,50.3,50.85,2.0,1958.0,0.4062406788635254,True,CALL,2026-09-18,GOOGL
GOOGL260918C00325000,325.0,44.2,46.95,48.3,4.0,501.0,0.4050962811279296,True,CALL,2026-09-18,GOOGL
GOOGL260918C00330000,330.0,43.85,44.8,45.55,332.0,2339.0,0.4011595529174804,True,CALL,2026-09-18,GOOGL
GOOGL260918C00335000,335.0,42.25,42.85,43.15,136.0,429.0,0.3997252410888672,True,CALL,2026-09-18,GOOGL
GOOGL260918C00340000,340.0,40.15,40.4,40.65,40.0,1514.0,0.39650566879272464,False,CALL,2026-09-18,GOOGL
GOOGL260918C00345000,345.0,36.75,38.0,38.25,27.0,347.0,0.3934081655883789,False,CALL,2026-09-18,GOOGL
GOOGL260918C00350000,350.0,33.15,35.8,36.05,34.0,1902.0,0.3913787669372558,False,CALL,2026-09-18,GOOGL
GOOGL260918C00355000,355.0,32.35,33.65,33.9,2.0,176.0,0.38899841964721676,False,CALL,2026-09-18,GOOGL
GOOGL260918C00360000,360.0,30.27,31.55,31.85,694.0,2490.0,0.38674014144897456,False,CALL,2026-09-18,GOOGL
GOOGL260918C00365000,365.0,26.4,29.8,30.05,10.0,156.0,0.38603824417114246,False,CALL,2026-09-18,GOOGL
GOOGL260918C00370000,370.0,26.0,27.95,28.15,30.0,722.0,0.3836121209716796,False,CALL,2026-09-18,GOOGL
GOOGL260918C00375000,375.0,25.1,26.3,26.55,2.0,214.0,0.38327643096923825,False,CALL,2026-09-18,GOOGL
GOOGL260918C00380000,380.0,21.65,24.65,24.85,10.0,386.0,0.38121651504516596,False,CALL,2026-09-18,GOOGL
GOOGL260918C00385000,385.0,20.91,23.0,23.2,51.0,128.0,0.37888194366455075,False,CALL,2026-09-18,GOOGL
GOOGL260918C00390000,390.0,21.35,21.55,21.75,328.0,3265.0,0.3777680632019042,False,CALL,2026-09-18,GOOGL
GOOGL260918C00395000,395.0,17.73,20.35,20.6,1.0,182.0,0.3789429782104492,False,CALL,2026-09-18,GOOGL
GOOGL260918C00400000,400.0,17.65,18.9,19.15,96.0,1613.0,0.37641004455566407,False,CALL,2026-09-18,GOOGL
GOOGL260918C00405000,405.0,15.4,17.8,18.0,1.0,103.0,0.37622694091796877,False,CALL,2026-09-18,GOOGL
GOOGL260918C00410000,410.0,14.6,16.65,16.85,30.0,426.0,0.37541823318481443,False,CALL,2026-09-18,GOOGL
GOOGL260918C00415000,415.0,16.3,15.55,15.8,1.0,1226.0,0.37500625,False,CALL,2026-09-18,GOOGL
GOOGL260918C00420000,420.0,14.55,14.6,14.8,11.0,1516.0,0.3745332322692871,False,CALL,2026-09-18,GOOGL
GOOGL260918C00425000,425.0,14.1,13.7,13.9,1.0,111.0,0.3745484909057617,False,CALL,2026-09-18,GOOGL
GOOGL260918C00430000,430.0,12.65,12.75,12.95,1.0,183.0,0.373404093170166,False,CALL,2026-09-18,GOOGL
GOOGL260918C00435000,435.0,10.91,11.95,12.15,1.0,98.0,0.3734193518066406,False,CALL,2026-09-18,GOOGL
GOOGL260918P00240000,240.0,5.85,5.75,5.95,123.0,2419.0,0.3839172937011719,False,PUT,2026-09-18,GOOGL
GOOGL260918P00245000,245.0,6.6,6.45,6.6,1.0,9.0,0.3790650473022461,False,PUT,2026-09-18,GOOGL
GOOGL260918P00250000,250.0,7.45,7.2,7.4,8.0,2101.0,0.3759522854614258,False,PUT,2026-09-18,GOOGL
GOOGL260918P00255000,255.0,8.6,8.0,8.2,5.0,16.0,0.3717103845214844,False,PUT,2026-09-18,GOOGL
GOOGL260918P00260000,260.0,8.4,8.9,9.1,5.0,933.0,0.3680177944946289,False,PUT,2026-09-18,GOOGL
GOOGL260918P00265000,265.0,11.35,9.9,10.1,1.0,130.0,0.3647829635620118,False,PUT,2026-09-18,GOOGL
GOOGL260918P00270000,270.0,12.75,10.9,11.15,1.0,1216.0,0.3611514080810546,False,PUT,2026-09-18,GOOGL
GOOGL260918P00275000,275.0,12.7,12.05,12.3,15.0,24.0,0.35785554260253905,False,PUT,2026-09-18,GOOGL
GOOGL260918P00280000,280.0,13.35,13.35,13.55,12.0,2599.0,0.35474278076171867,False,PUT,2026-09-18,GOOGL
GOOGL260918P00285000,285.0,14.67,14.6,14.9,1.0,5.0,0.3517978639221191,False,PUT,2026-09-18,GOOGL
GOOGL260918P00290000,290.0,18.5,16.05,16.3,10.0,1251.0,0.34836467071533206,False,PUT,2026-09-18,GOOGL
GOOGL260918P00295000,295.0,18.15,17.55,17.8,339.0,2.0,0.34503828796386715,False,PUT,2026-09-18,GOOGL
GOOGL260918P00300000,300.0,19.95,19.2,19.45,132.0,3033.0,0.34232225067138666,False,PUT,2026-09-18,GOOGL
GOOGL260918P00305000,305.0,22.05,20.9,21.2,5.0,322.0,0.3395909547424316,False,PUT,2026-09-18,GOOGL
GOOGL260918P00310000,310.0,23.0,22.75,23.05,101.0,407.0,0.33684440017700196,False,PUT,2026-09-18,GOOGL
GOOGL260918P00315000,315.0,24.77,24.7,25.0,1.0,861.0,0.3340520697021484,False,PUT,2026-09-18,GOOGL
GOOGL260918P00320000,320.0,29.3,26.8,27.1,153.0,435.0,0.33170223968505863,False,PUT,2026-09-18,GOOGL
GOOGL260918P00325000,325.0,32.44,28.95,29.25,3.0,905.0,0.32878784011840817,False,PUT,2026-09-18,GOOGL
GOOGL260918P00330000,330.0,32.25,31.15,31.45,1.0,321.0,0.32532412963867186,False,PUT,2026-09-18,GOOGL
GOOGL260918P00335000,335.0,33.35,33.6,33.9,1.0,198.0,0.32320317916870106,False,PUT,2026-09-18,GOOGL
GOOGL260918P00340000,340.0,36.9,36.05,36.4,19.0,303.0,0.3205176591491699,True,PUT,2026-09-18,GOOGL
GOOGL260918P00345000,345.0,41.0,38.7,39.05,1.0,64.0,0.31819834640502925,True,PUT,2026-09-18,GOOGL
GOOGL260918P00350000,350.0,44.0,41.4,41.75,15.0,35.0,0.315314464111328,True,PUT,2026-09-18,GOOGL
GOOGL260918P00355000,355.0,44.22,44.3,44.65,20.0,30.0,0.313285065460205,True,PUT,2026-09-18,GOOGL
GOOGL260918P00360000,360.0,47.35,47.2,47.55,10.0,41.0,0.31023333816528315,True,PUT,2026-09-18,GOOGL
GOOGL260918P00365000,365.0,54.9,50.2,50.65,10.0,8.0,0.308051353149414,True,PUT,2026-09-18,GOOGL
GOOGL260918P00370000,370.0,53.2,53.5,53.9,54.0,60.0,0.306296609954834,True,PUT,2026-09-18,GOOGL
GOOGL260918P00375000,375.0,57.7,56.8,57.15,2.0,4.0,0.3035500553894042,True,PUT,2026-09-18,GOOGL
GOOGL260918P00380000,380.0,60.15,60.05,60.5,30.0,29.0,0.3007577249145508,True,PUT,2026-09-18,GOOGL
GOOGL260918P00385000,385.0,68.52,63.15,65.25,10.0,34.0,0.3112861840820312,True,PUT,2026-09-18,GOOGL
GOOGL260918P00390000,390.0,71.15,66.65,68.2,22.0,29.0,0.3025429853820801,True,PUT,2026-09-18,GOOGL
GOOGL260918P00395000,395.0,75.05,70.25,71.65,2.0,47.0,0.2978128080749511,True,PUT,2026-09-18,GOOGL
GOOGL260918P00400000,400.0,80.0,74.25,75.7,1.0,27.0,0.2986672917175292,True,PUT,2026-09-18,GOOGL
GOOGL260918P00405000,405.0,98.1,78.35,79.6,2.0,15.0,0.2969888417053222,True,PUT,2026-09-18,GOOGL
GOOGL260918P00410000,410.0,86.45,82.1,83.1,30.0,18.0,0.28945107528686514,True,PUT,2026-09-18,GOOGL
GOOGL260918P00415000,415.0,90.54,85.9,87.6,4.0,26.0,0.2931894412231445,True,PUT,2026-09-18,GOOGL
GOOGL260918P00420000,420.0,95.25,90.4,91.8,3.0,8.0,0.29242650939941395,True,PUT,2026-09-18,GOOGL
GOOGL260918P00425000,425.0,103.4,93.7,96.75,3.0,20.0,0.30109341491699215,True,PUT,2026-09-18,GOOGL
GOOGL260918P00430000,430.0,106.49,98.15,100.55,3.0,9.0,0.29337254486083975,True,PUT,2026-09-18,GOOGL
GOOGL260918P00435000,435.0,103.95,102.7,104.5,3.0,40.0,0.2862009857177734,True,PUT,2026-09-18,GOOGL
GOOGL261120C00240000,240.0,105.58,109.55,113.45,,6.0,0.5095569064331055,True,CALL,2026-11-20,GOOGL
GOOGL261120C00245000,245.0,94.5,105.55,109.45,,1.0,0.5022785368347169,True,CALL,2026-11-20,GOOGL
GOOGL261120C00250000,250.0,101.62,101.6,104.9,15.0,17.0,0.48778283218383794,True,CALL,2026-11-20,GOOGL
GOOGL261120C00255000,255.0,97.78,98.8,100.6,15.0,1.0,0.47627782028198246,True,CALL,2026-11-20,GOOGL
GOOGL261120C00260000,260.0,91.16,94.9,96.25,2.0,4.0,0.4640098765563965,True,CALL,2026-11-20,GOOGL
GOOGL261120C00265000,265.0,90.67,91.2,92.55,4.0,17.0,0.45889823333740243,True,CALL,2026-11-20,GOOGL
GOOGL261120C00275000,275.0,79.73,83.95,85.45,16.0,17.0,0.45013977600097654,True,CALL,2026-11-20,GOOGL
GOOGL261120C00280000,280.0,75.85,80.7,82.45,5.0,5.0,0.4504754660034179,True,CALL,2026-11-20,GOOGL
GOOGL261120C00285000,285.0,72.57,77.1,78.85,5.0,2.0,0.4439447695922851,True,CALL,2026-11-20,GOOGL
GOOGL261120C00290000,290.0,72.94,74.65,76.35,1.0,6.0,0.4476373596191406,True,CALL,2026-11-20,GOOGL
GOOGL261120C00295000,295.0,68.49,69.6,73.45,1.0,5.0,0.44653873779296877,True,CALL,2026-11-20,GOOGL
GOOGL261120C00300000,300.0,66.98,67.4,70.15,3.0,47.0,0.44099985275268555,True,CALL,2026-11-20,GOOGL
GOOGL261120C00305000,305.0,64.07,64.5,65.95,1.0,3.0,0.4266719931030274,True,CALL,2026-11-20,GOOGL
GOOGL261120C00310000,310.0,58.7,60.45,63.0,1.0,4.0,0.4233456103515625,True,CALL,2026-11-20,GOOGL
GOOGL261120C00315000,315.0,59.42,58.65,60.05,1.0,2.0,0.41937836486816404,True,CALL,2026-11-20,GOOGL
GOOGL261120C00320000,320.0,57.15,56.15,58.15,22.0,9.0,0.4239559558105469,True,CALL,2026-11-20,GOOGL
GOOGL261120C00325000,325.0,50.11,53.35,54.75,6.0,52.0,0.41480077392578124,True,CALL,2026-11-20,GOOGL
GOOGL261120C00330000,330.0,47.1,50.9,53.15,6.0,75.0,0.420476986694336,True,CALL,2026-11-20,GOOGL
GOOGL261120C00335000,335.0,45.5,48.4,49.35,15.0,13.0,0.4068205070495606,True,CALL,2026-11-20,GOOGL
GOOGL261120C00340000,340.0,45.01,45.95,47.25,1.0,105.0,0.4069425761413575,False,CALL,2026-11-20,GOOGL
GOOGL261120C00345000,345.0,43.84,43.65,44.7,8.0,26.0,0.4026701579284668,False,CALL,2026-11-20,GOOGL
GOOGL261120C00350000,350.0,42.0,41.65,42.85,2.0,50.0,0.40360093475341796,False,CALL,2026-11-20,GOOGL
GOOGL261120C00355000,355.0,37.86,39.4,40.4,11.0,12.0,0.39893179199218753,False,CALL,2026-11-20,GOOGL
GOOGL261120C00360000,360.0,37.3,37.7,38.25,26.0,33.0,0.3961547201538086,False,CALL,2026-11-20,GOOGL
GOOGL261120C00365000,365.0,35.0,35.45,36.25,2.0,42.0,0.3940185110473633,False,CALL,2026-11-20,GOOGL
GOOGL261120C00370000,370.0,31.35,33.6,34.5,2.0,45.0,0.3933471310424804,False,CALL,2026-11-20,GOOGL
GOOGL261120C00375000,375.0,28.65,32.0,32.75,2.0,3.0,0.3921111814880371,False,CALL,2026-11-20,GOOGL
GOOGL261120C00380000,380.0,28.01,30.0,31.05,5.0,8.0,0.390707386932373,False,CALL,2026-11-20,GOOGL
GOOGL261120C00390000,390.0,27.36,27.1,27.95,17.0,5.0,0.3887695401000977,False,CALL,2026-11-20,GOOGL
GOOGL261120C00395000,395.0,23.55,25.5,26.4,1.0,3.0,0.3869690209960937,False,CALL,2026-11-20,GOOGL
GOOGL261120C00400000,400.0,24.96,24.25,25.15,1.0,30.0,0.3872436764526367,False,CALL,2026-11-20,GOOGL
GOOGL261120C00405000,405.0,20.85,22.95,23.85,,11.0,0.3865722964477538,False,CALL,2026-11-20,GOOGL
GOOGL261120C00415000,415.0,21.35,20.6,21.4,4.0,7.0,0.38506169143676755,False,CALL,2026-11-20,GOOGL
GOOGL261120C00420000,420.0,20.2,19.3,20.3,8.0,17.0,0.38471074279785156,False,CALL,2026-11-20,GOOGL
GOOGL261120C00430000,430.0,18.1,17.55,18.25,8.0,29.0,0.38400884552001957,False,CALL,2026-11-20,GOOGL
GOOGL261120P00240000,240.0,8.3,7.65,8.45,1.0,154.0,0.38303229278564455,False,PUT,2026-11-20,GOOGL
GOOGL261120P00245000,245.0,9.92,8.55,8.9,,1.0,0.3732362481689453,False,PUT,2026-11-20,GOOGL
GOOGL261120P00250000,250.0,9.68,9.45,9.8,2.0,29.0,0.36972676177978514,False,PUT,2026-11-20,GOOGL
GOOGL261120P00255000,255.0,10.9,10.4,11.15,1.0,97.0,0.37149676361083983,False,PUT,2026-11-20,GOOGL
GOOGL261120P00260000,260.0,12.0,11.5,11.9,10.0,12.0,0.3641115835571289,False,PUT,2026-11-20,GOOGL
GOOGL261120P00265000,265.0,14.4,12.45,13.0,1.0,11.0,0.36057157989501953,False,PUT,2026-11-20,GOOGL
GOOGL261120P00270000,270.0,14.9,13.85,14.25,250.0,53.0,0.35796235305786134,False,PUT,2026-11-20,GOOGL
GOOGL261120P00275000,275.0,16.2,15.1,15.9,12.0,13.0,0.3589694230651856,False,PUT,2026-11-20,GOOGL
GOOGL261120P00280000,280.0,16.4,16.5,16.95,403.0,473.0,0.35231665756225583,False,PUT,2026-11-20,GOOGL
GOOGL261120P00285000,285.0,21.05,18.0,18.45,,14.0,0.34979898254394526,False,PUT,2026-11-20,GOOGL
GOOGL261120P00290000,290.0,19.75,19.5,20.05,10.0,27.0,0.3474033766174316,False,PUT,2026-11-20,GOOGL
GOOGL261120P00295000,295.0,21.68,20.9,21.75,32.0,18.0,0.34512983978271483,False,PUT,2026-11-20,GOOGL
GOOGL261120P00300000,300.0,24.25,22.55,23.75,1.0,103.0,0.3448551843261719,False,PUT,2026-11-20,GOOGL
GOOGL261120P00310000,310.0,29.2,26.3,27.6,1.0,31.0,0.3401250070190429,False,PUT,2026-11-20,GOOGL
GOOGL261120P00315000,315.0,29.08,28.3,29.65,30.0,34.0,0.33765310791015624,False,PUT,2026-11-20,GOOGL
GOOGL261120P00320000,320.0,31.16,30.6,31.6,30.0,140.0,0.33348750015258793,False,PUT,2026-11-20,GOOGL
GOOGL261120P00325000,325.0,33.4,32.8,33.85,3.0,304.0,0.33113767013549805,False,PUT,2026-11-20,GOOGL
GOOGL261120P00330000,330.0,35.75,35.15,36.3,3.0,7.0,0.32968809967041013,False,PUT,2026-11-20,GOOGL
GOOGL261120P00335000,335.0,38.2,37.9,38.8,3.0,7.0,0.32782654602050776,False,PUT,2026-11-20,GOOGL
GOOGL261120P00340000,340.0,40.23,39.95,41.2,19.0,47.0,0.3243170596313476,True,PUT,2026-11-20,GOOGL
GOOGL261120P00345000,345.0,43.4,42.6,44.0,6.0,69.0,0.3233710241699218,True,PUT,2026-11-20,GOOGL
GOOGL261120P00350000,350.0,47.03,45.3,46.8,10.0,47.0,0.32161628097534173,True,PUT,2026-11-20,GOOGL
GOOGL261120P00355000,355.0,51.05,48.6,49.4,13.0,13.0,0.3174201559448242,True,PUT,2026-11-20,GOOGL
GOOGL261120P00370000,370.0,61.95,57.2,58.55,,11.0,0.3113777359008788,True,PUT,2026-11-20,GOOGL
GOOGL261120P00400000,400.0,83.48,78.15,78.7,,6.0,0.2941965112304687,True,PUT,2026-11-20,GOOGL
GOOGL261120P00410000,410.0,91.2,84.5,86.85,1.0,2.0,0.29587496124267576,True,PUT,2026-11-20,GOOGL
GOOGL261120P00415000,415.0,92.49,89.3,90.7,,2.0,0.29349461395263665,True,PUT,2026-11-20,GOOGL
GOOGL261218C00240000,240.0,110.84,113.15,113.5,10.0,1040.0,0.4876455044555664,True,CALL,2026-12-18,GOOGL
GOOGL261218C00245000,245.0,110.0,109.2,109.6,26.0,605.0,0.48187773986816407,True,CALL,2026-12-18,GOOGL
GOOGL261218C00250000,250.0,110.0,105.3,105.6,1.0,1945.0,0.4744467839050293,True,CALL,2026-12-18,GOOGL
GOOGL261218C00255000,255.0,97.01,101.45,101.8,1.0,1812.0,0.4688773815917969,True,CALL,2026-12-18,GOOGL
GOOGL261218C00260000,260.0,92.2,97.7,98.15,5.0,1264.0,0.4644523770141602,True,CALL,2026-12-18,GOOGL
GOOGL261218C00265000,265.0,88.0,93.9,94.3,1.0,879.0,0.457311335144043,True,CALL,2026-12-18,GOOGL
GOOGL261218C00270000,270.0,84.4,90.4,90.7,4.0,1926.0,0.4523370196533204,True,CALL,2026-12-18,GOOGL
GOOGL261218C00280000,280.0,78.37,83.3,83.55,11.0,2070.0,0.4413202841186523,True,CALL,2026-12-18,GOOGL
GOOGL261218C00290000,290.0,76.0,76.6,77.05,4.0,2748.0,0.4343470872497559,True,CALL,2026-12-18,GOOGL
GOOGL261218C00300000,300.0,69.75,70.35,70.75,36.0,22487.0,0.42683983810424814,True,CALL,2026-12-18,GOOGL
GOOGL261218C00305000,305.0,62.05,67.4,67.8,6.0,1329.0,0.42398647308349613,True,CALL,2026-12-18,GOOGL
GOOGL261218C00310000,310.0,60.0,64.4,64.85,10.0,14718.0,0.4205075039672852,True,CALL,2026-12-18,GOOGL
GOOGL261218C00315000,315.0,62.65,61.5,61.85,5.0,459.0,0.41605198211669914,True,CALL,2026-12-18,GOOGL
GOOGL261218C00320000,320.0,55.35,58.85,59.2,11.0,2849.0,0.4139615489196777,True,CALL,2026-12-18,GOOGL
GOOGL261218C00325000,325.0,50.65,56.15,56.5,13.0,602.0,0.4108640457153321,True,CALL,2026-12-18,GOOGL
GOOGL261218C00330000,330.0,51.75,53.55,53.95,16.0,1547.0,0.4084074052429199,True,CALL,2026-12-18,GOOGL
GOOGL261218C00335000,335.0,50.37,50.9,51.3,11.0,884.0,0.4045622288513184,True,CALL,2026-12-18,GOOGL
GOOGL261218C00340000,340.0,48.53,48.65,49.0,41.0,3257.0,0.40297533065795904,False,CALL,2026-12-18,GOOGL
GOOGL261218C00345000,345.0,45.0,46.3,46.65,4.0,982.0,0.40041187973022463,False,CALL,2026-12-18,GOOGL
GOOGL261218C00350000,350.0,42.81,44.15,44.5,17.0,4058.0,0.39885549880981447,False,CALL,2026-12-18,GOOGL
GOOGL261218C00355000,355.0,38.91,42.0,42.35,1.0,450.0,0.3967498069763184,False,CALL,2026-12-18,GOOGL
GOOGL261218C00360000,360.0,39.88,39.95,40.3,8.0,2020.0,0.3948729946899414,False,CALL,2026-12-18,GOOGL
GOOGL261218C00365000,365.0,35.3,38.0,38.4,4.0,494.0,0.3936370451354981,False,CALL,2026-12-18,GOOGL
GOOGL261218C00370000,370.0,35.15,36.15,36.45,5.0,1238.0,0.39145506011962883,False,CALL,2026-12-18,GOOGL
GOOGL261218C00375000,375.0,33.76,34.35,34.7,2.0,597.0,0.3903259210205078,False,CALL,2026-12-18,GOOGL
GOOGL261218C00380000,380.0,30.37,32.5,32.8,6.0,1562.0,0.38747255599975583,False,CALL,2026-12-18,GOOGL
GOOGL261218C00385000,385.0,30.6,31.0,31.35,10.0,167.0,0.3877166941833496,False,CALL,2026-12-18,GOOGL
GOOGL261218C00390000,390.0,27.09,29.35,29.75,10.0,5353.0,0.38623660644531244,False,CALL,2026-12-18,GOOGL
GOOGL261218C00395000,395.0,26.72,27.85,28.2,6.0,238.0,0.3846649668884277,False,CALL,2026-12-18,GOOGL
GOOGL261218C00400000,400.0,26.51,26.4,26.75,72.0,2888.0,0.3834290173339844,False,CALL,2026-12-18,GOOGL
GOOGL261218C00405000,405.0,24.3,25.25,25.55,23.0,425.0,0.38377996597290037,False,CALL,2026-12-18,GOOGL
GOOGL261218C00410000,410.0,23.8,23.85,24.15,91.0,2093.0,0.38199470550537107,False,CALL,2026-12-18,GOOGL
GOOGL261218C00415000,415.0,21.18,22.55,22.9,2.0,166.0,0.38101815277099604,False,CALL,2026-12-18,GOOGL
GOOGL261218C00420000,420.0,20.9,21.55,21.85,10.0,142.0,0.3813080668640136,False,CALL,2026-12-18,GOOGL
GOOGL261218C00425000,425.0,18.95,20.35,20.65,8.0,153.0,0.37985849639892577,False,CALL,2026-12-18,GOOGL
GOOGL261218C00430000,430.0,19.1,19.35,19.65,5.0,318.0,0.37973642730712887,False,CALL,2026-12-18,GOOGL
GOOGL261218C00435000,435.0,18.5,18.35,18.6,2.0,62.0,0.37875987457275384,False,CALL,2026-12-18,GOOGL
GOOGL261218P00240000,240.0,8.95,8.55,8.8,3.0,1714.0,0.3714662463378906,False,PUT,2026-12-18,GOOGL
GOOGL261218P00245000,245.0,11.0,9.5,9.7,9.0,435.0,0.36832296722412117,False,PUT,2026-12-18,GOOGL
GOOGL261218P00250000,250.0,11.74,10.4,10.65,42.0,2729.0,0.36499658447265626,False,PUT,2026-12-18,GOOGL
GOOGL261218P00255000,255.0,11.65,11.35,11.65,1.0,225.0,0.36151761535644533,False,PUT,2026-12-18,GOOGL
GOOGL261218P00260000,260.0,14.5,12.5,12.75,1.0,1422.0,0.35846588806152346,False,PUT,2026-12-18,GOOGL
GOOGL261218P00265000,265.0,14.17,13.7,14.0,2.0,459.0,0.3563601962280273,False,PUT,2026-12-18,GOOGL
GOOGL261218P00270000,270.0,15.85,14.95,15.25,45.0,1247.0,0.35333898620605464,False,PUT,2026-12-18,GOOGL
GOOGL261218P00280000,280.0,18.0,17.7,18.0,36.0,1121.0,0.3476017388916015,False,PUT,2026-12-18,GOOGL
GOOGL261218P00290000,290.0,21.0,20.75,21.1,6.0,4253.0,0.342154405670166,False,PUT,2026-12-18,GOOGL
GOOGL261218P00300000,300.0,24.41,24.2,24.55,35.0,3335.0,0.33685965881347657,False,PUT,2026-12-18,GOOGL
GOOGL261218P00305000,305.0,26.3,26.1,26.4,12.0,638.0,0.3341741387939453,False,PUT,2026-12-18,GOOGL
GOOGL261218P00310000,310.0,31.2,27.9,28.3,1.0,534.0,0.33115292877197267,False,PUT,2026-12-18,GOOGL
GOOGL261218P00315000,315.0,30.91,30.05,30.45,21.0,583.0,0.32950499603271477,False,PUT,2026-12-18,GOOGL
GOOGL261218P00320000,320.0,33.07,32.25,32.6,4.0,513.0,0.32707887283325193,False,PUT,2026-12-18,GOOGL
GOOGL261218P00325000,325.0,37.38,34.45,34.85,1.0,1462.0,0.32471378417968744,False,PUT,2026-12-18,GOOGL
GOOGL261218P00330000,330.0,40.5,36.65,37.05,2.0,363.0,0.32118903915405267,False,PUT,2026-12-18,GOOGL
GOOGL261218P00335000,335.0,38.57,39.1,39.5,5.0,250.0,0.3189612782287597,False,PUT,2026-12-18,GOOGL
GOOGL261218P00340000,340.0,42.85,41.55,42.0,2.0,532.0,0.3163825686645507,True,PUT,2026-12-18,GOOGL
GOOGL261218P00345000,345.0,44.0,44.15,44.65,19.0,791.0,0.3142463595581054,True,PUT,2026-12-18,GOOGL
GOOGL261218P00350000,350.0,51.6,46.9,47.35,26.0,3006.0,0.3117744604492187,True,PUT,2026-12-18,GOOGL
GOOGL261218P00355000,355.0,48.15,49.7,50.15,25.0,84.0,0.30934833724975586,True,PUT,2026-12-18,GOOGL
GOOGL261218P00360000,360.0,53.85,52.6,53.1,1.0,50.0,0.3073952317810058,True,PUT,2026-12-18,GOOGL
GOOGL261218P00365000,365.0,57.22,55.55,56.05,2.0,42.0,0.304694453125,True,PUT,2026-12-18,GOOGL
GOOGL261218P00370000,370.0,87.0,69.35,69.8,10.0,7.0,0.38757936645507807,True,PUT,2026-12-18,GOOGL
GOOGL261218P00375000,375.0,65.3,61.85,62.35,25.0,32.0,0.3003457417297363,True,PUT,2026-12-18,GOOGL
GOOGL261218P00380000,380.0,65.05,65.15,65.7,2.0,25.0,0.29872832626342766,True,PUT,2026-12-18,GOOGL
GOOGL261218P00385000,385.0,69.75,68.45,69.0,2.0,24.0,0.29598177169799805,True,PUT,2026-12-18,GOOGL
GOOGL261218P00390000,390.0,72.95,71.9,72.45,5.0,1.0,0.2937692694091796,True,PUT,2026-12-18,GOOGL
GOOGL261218P00395000,395.0,89.0,87.85,88.35,28.0,21.0,0.3954223056030274,True,PUT,2026-12-18,GOOGL
GOOGL261218P00400000,400.0,80.65,79.15,79.65,1.0,28.0,0.2897867652893066,True,PUT,2026-12-18,GOOGL
GOOGL261218P00410000,410.0,122.0,99.75,100.2,4.0,4.0,0.400671276550293,True,PUT,2026-12-18,GOOGL
GOOGL261218P00415000,415.0,105.3,90.35,90.9,2.0,4.0,0.2825236543273925,True,PUT,2026-12-18,GOOGL
GOOGL261218P00420000,420.0,94.35,94.1,94.75,2.0,18.0,0.27957873748779294,True,PUT,2026-12-18,GOOGL
GOOGL261218P00425000,425.0,104.3,98.2,98.75,3.0,7.0,0.2773967524719238,True,PUT,2026-12-18,GOOGL
GOOGL261218P00430000,430.0,108.0,102.35,102.8,1.0,8.0,0.2750011465454102,True,PUT,2026-12-18,GOOGL
GOOGL261218P00435000,435.0,115.64,106.3,106.95,3.0,5.0,0.2730175238037109,True,PUT,2026-12-18,GOOGL
GOOGL270115C00240000,240.0,107.27,112.75,115.85,5.0,1990.0,0.4958241336059571,True,CALL,2027-01-15,GOOGL
GOOGL270115C00245000,245.0,106.2,108.65,111.05,1.0,1340.0,0.4790548921203613,True,CALL,2027-01-15,GOOGL
GOOGL270115C00250000,250.0,105.4,105.55,107.35,25.0,12668.0,0.474690922088623,True,CALL,2027-01-15,GOOGL
GOOGL270115C00255000,255.0,102.3,101.9,103.95,8.0,2397.0,0.4729972134399414,True,CALL,2027-01-15,GOOGL
GOOGL270115C00260000,260.0,94.8,98.4,99.65,8.0,2350.0,0.4612633219909668,True,CALL,2027-01-15,GOOGL
GOOGL270115C00265000,265.0,90.55,93.95,96.0,6.0,5086.0,0.45598383377075197,True,CALL,2027-01-15,GOOGL
GOOGL270115C00270000,270.0,90.15,90.45,92.7,23.0,2343.0,0.4536645210266113,True,CALL,2027-01-15,GOOGL
GOOGL270115C00275000,275.0,88.0,86.95,89.25,16.0,2997.0,0.4492852923583984,True,CALL,2027-01-15,GOOGL
GOOGL270115C00280000,280.0,83.39,84.4,85.85,8.0,2642.0,0.4448450291442871,True,CALL,2027-01-15,GOOGL
GOOGL270115C00285000,285.0,79.11,81.25,82.35,2.0,476.0,0.4390009713745118,True,CALL,2027-01-15,GOOGL
GOOGL270115C00290000,290.0,75.0,78.7,79.1,4.0,1856.0,0.43494217407226565,True,CALL,2027-01-15,GOOGL
GOOGL270115C00295000,295.0,69.38,75.55,75.95,5.0,1034.0,0.43123432540893564,True,CALL,2027-01-15,GOOGL
GOOGL270115C00300000,300.0,71.5,72.45,72.9,96.0,7772.0,0.4278469081115723,True,CALL,2027-01-15,GOOGL
GOOGL270115C00305000,305.0,63.95,69.45,69.85,26.0,1519.0,0.4239254385375977,True,CALL,2027-01-15,GOOGL
GOOGL270115C00310000,310.0,65.97,66.5,66.95,107.0,3720.0,0.4207211248779297,True,CALL,2027-01-15,GOOGL
GOOGL270115C00315000,315.0,60.1,63.75,64.2,25.0,1933.0,0.4182187084960937,True,CALL,2027-01-15,GOOGL
GOOGL270115C00320000,320.0,60.37,60.95,61.35,18.0,3081.0,0.4143430148315429,True,CALL,2027-01-15,GOOGL
GOOGL270115C00325000,325.0,54.45,58.25,58.65,34.0,1404.0,0.41116921844482424,True,CALL,2027-01-15,GOOGL
GOOGL270115C00330000,330.0,55.5,55.65,56.05,123.0,2220.0,0.4082548188781738,True,CALL,2027-01-15,GOOGL
GOOGL270115C00335000,335.0,53.17,53.2,53.6,41.0,614.0,0.40596602340698246,True,CALL,2027-01-15,GOOGL
GOOGL270115C00340000,340.0,50.9,50.9,51.25,45.0,1477.0,0.4039366247558594,False,CALL,2027-01-15,GOOGL
GOOGL270115C00345000,345.0,45.04,48.5,48.85,4.0,606.0,0.40097644927978515,False,CALL,2027-01-15,GOOGL
GOOGL270115C00350000,350.0,46.25,46.15,46.55,634.0,12924.0,0.3982909292602539,False,CALL,2027-01-15,GOOGL
GOOGL270115C00355000,355.0,40.15,44.15,44.5,2.0,623.0,0.3969786865234375,False,CALL,2027-01-15,GOOGL
GOOGL270115C00360000,360.0,41.5,42.05,42.4,30.0,10919.0,0.3947814428710938,False,CALL,2027-01-15,GOOGL
GOOGL270115C00365000,365.0,39.17,40.15,40.55,2.0,563.0,0.39397273513793946,False,CALL,2027-01-15,GOOGL
GOOGL270115C00370000,370.0,37.97,38.2,38.55,10.0,2427.0,0.3915313533020019,False,CALL,2027-01-15,GOOGL
GOOGL270115C00375000,375.0,34.32,36.45,36.8,11.0,301.0,0.39050902465820314,False,CALL,2027-01-15,GOOGL
GOOGL270115C00380000,380.0,34.54,34.7,35.05,62.0,10542.0,0.38899841964721676,False,CALL,2027-01-15,GOOGL
GOOGL270115C00385000,385.0,32.9,32.8,33.15,6.0,364.0,0.3858551405334472,False,CALL,2027-01-15,GOOGL
GOOGL270115C00390000,390.0,29.45,31.2,31.55,11.0,427.0,0.3845428977966308,False,CALL,2027-01-15,GOOGL
GOOGL270115C00395000,395.0,29.1,29.9,30.25,4.0,220.0,0.3851074673461914,False,CALL,2027-01-15,GOOGL
GOOGL270115C00400000,400.0,28.38,28.25,28.6,165.0,4653.0,0.3824982405090332,False,CALL,2027-01-15,GOOGL
GOOGL270115C00405000,405.0,26.58,27.0,27.4,10.0,227.0,0.3829865168762207,False,CALL,2027-01-15,GOOGL
GOOGL270115C00410000,410.0,25.07,25.65,26.0,3.0,383.0,0.3814606532287597,False,CALL,2027-01-15,GOOGL
GOOGL270115C00415000,415.0,23.25,24.4,24.7,1.0,428.0,0.38030099685668944,False,CALL,2027-01-15,GOOGL
GOOGL270115C00420000,420.0,21.8,23.25,23.6,5.0,676.0,0.3803620314025879,False,CALL,2027-01-15,GOOGL
GOOGL270115C00425000,425.0,21.45,22.15,22.45,7.0,540.0,0.37961435821533207,False,CALL,2027-01-15,GOOGL
GOOGL270115C00430000,430.0,21.07,20.9,21.2,12.0,301.0,0.3776154768371582,False,CALL,2027-01-15,GOOGL
GOOGL270115C00435000,435.0,20.25,19.9,20.2,2.0,534.0,0.3773408213806152,False,CALL,2027-01-15,GOOGL
GOOGL270115P00240000,240.0,9.65,9.3,9.55,15.0,3161.0,0.36711753494262694,False,PUT,2027-01-15,GOOGL
GOOGL270115P00245000,245.0,10.6,10.2,10.45,50.0,1169.0,0.36351649673461917,False,PUT,2027-01-15,GOOGL
GOOGL270115P00250000,250.0,11.35,11.2,11.45,13.0,9094.0,0.36044951080322263,False,PUT,2027-01-15,GOOGL
GOOGL270115P00255000,255.0,13.13,12.3,12.55,2.0,734.0,0.3578097666931152,False,PUT,2027-01-15,GOOGL
GOOGL270115P00260000,260.0,13.9,13.4,13.7,15.0,976.0,0.3549411430358886,False,PUT,2027-01-15,GOOGL
GOOGL270115P00265000,265.0,15.1,14.55,14.9,1.0,6013.0,0.3518588984680175,False,PUT,2027-01-15,GOOGL
GOOGL270115P00270000,270.0,16.08,15.95,16.25,4.0,1894.0,0.34961587890624996,False,PUT,2027-01-15,GOOGL
GOOGL270115P00275000,275.0,17.4,17.3,17.6,5.0,2442.0,0.34657941024780264,False,PUT,2027-01-15,GOOGL
GOOGL270115P00280000,280.0,20.03,18.75,19.1,3.0,4227.0,0.3442753561401367,False,PUT,2027-01-15,GOOGL
GOOGL270115P00285000,285.0,19.29,20.15,20.55,1.0,1082.0,0.34075061111450194,False,PUT,2027-01-15,GOOGL
GOOGL270115P00290000,290.0,22.05,22.0,22.25,42.0,836.0,0.3388280229187011,False,PUT,2027-01-15,GOOGL
GOOGL270115P00295000,295.0,23.95,23.6,23.85,60.0,680.0,0.3352422433471679,False,PUT,2027-01-15,GOOGL
GOOGL270115P00300000,300.0,26.25,25.35,25.75,73.0,3316.0,0.3335943106079102,False,PUT,2027-01-15,GOOGL
GOOGL270115P00305000,305.0,29.69,27.25,27.55,1.0,427.0,0.33034422103881833,False,PUT,2027-01-15,GOOGL
GOOGL270115P00310000,310.0,30.1,29.2,29.5,2.0,1191.0,0.3276434423828125,False,PUT,2027-01-15,GOOGL
GOOGL270115P00315000,315.0,32.16,31.35,31.75,20.0,830.0,0.3266974069213867,False,PUT,2027-01-15,GOOGL
GOOGL270115P00320000,320.0,34.35,33.45,33.85,6.0,1324.0,0.32378300735473625,False,PUT,2027-01-15,GOOGL
GOOGL270115P00325000,325.0,36.7,35.75,36.1,29.0,966.0,0.32137214279174803,False,PUT,2027-01-15,GOOGL
GOOGL270115P00330000,330.0,38.7,38.1,38.45,15.0,1246.0,0.31903757141113276,False,PUT,2027-01-15,GOOGL
GOOGL270115P00335000,335.0,40.62,40.55,40.8,5.0,583.0,0.31603162002563473,False,PUT,2027-01-15,GOOGL
GOOGL270115P00340000,340.0,47.15,42.85,43.3,16.0,399.0,0.313483427734375,True,PUT,2027-01-15,GOOGL
GOOGL270115P00345000,345.0,46.95,45.45,45.95,5.0,360.0,0.3113929945373534,True,PUT,2027-01-15,GOOGL
GOOGL270115P00350000,350.0,50.0,48.4,48.8,364.0,534.0,0.3101417863464356,True,PUT,2027-01-15,GOOGL
GOOGL270115P00355000,355.0,52.75,51.0,51.55,5.0,167.0,0.3074410076904296,True,PUT,2027-01-15,GOOGL
GOOGL270115P00360000,360.0,55.45,53.85,54.4,1.0,1644.0,0.3048317808532715,True,PUT,2027-01-15,GOOGL
GOOGL270115P00365000,365.0,56.45,56.8,57.3,1.0,124.0,0.30193263992309577,True,PUT,2027-01-15,GOOGL
GOOGL270115P00370000,370.0,63.6,59.9,60.4,10.0,60.0,0.2998727239990234,True,PUT,2027-01-15,GOOGL
GOOGL270115P00375000,375.0,72.13,63.05,63.6,8.0,244.0,0.297934877166748,True,PUT,2027-01-15,GOOGL
GOOGL270115P00380000,380.0,69.7,66.2,66.8,5.0,157.0,0.2953256503295898,True,PUT,2027-01-15,GOOGL
GOOGL270115P00385000,385.0,73.05,69.55,70.15,5.0,12.0,0.29321995849609367,True,PUT,2027-01-15,GOOGL
GOOGL270115P00390000,390.0,73.48,73.0,73.6,20.0,25.0,0.2912668530273437,True,PUT,2027-01-15,GOOGL
GOOGL270115P00395000,395.0,80.05,76.55,77.1,5.0,10.0,0.2890696093749999,True,PUT,2027-01-15,GOOGL
GOOGL270115P00400000,400.0,80.91,80.1,80.65,4.0,62.0,0.28659771026611325,True,PUT,2027-01-15,GOOGL
GOOGL270115P00405000,405.0,95.0,83.65,84.25,10.0,10.0,0.28388167297363276,True,PUT,2027-01-15,GOOGL
GOOGL270115P00410000,410.0,94.93,87.4,87.95,3.0,7.0,0.28134873931884763,True,PUT,2027-01-15,GOOGL
GOOGL270115P00415000,415.0,94.9,91.2,91.8,,10.0,0.27948718566894526,True,PUT,2027-01-15,GOOGL
GOOGL270115P00420000,420.0,102.55,94.95,95.6,1.0,10.0,0.27648123428344723,True,PUT,2027-01-15,GOOGL
GOOGL270115P00425000,425.0,103.4,98.95,99.6,8.0,4.0,0.27471123245239254,True,PUT,2027-01-15,GOOGL
GOOGL270115P00430000,430.0,108.5,103.0,103.65,,11.0,0.2727886442565917,True,PUT,2027-01-15,GOOGL
GOOGL270115P00435000,435.0,125.65,107.05,107.7,,2.0,0.27017941741943363,True,PUT,2027-01-15,GOOGL
GOOGL270319C00255000,255.0,104.78,105.95,108.45,5.0,4.0,0.4793142889404296,True,CALL,2027-03-19,GOOGL
GOOGL270319C00265000,265.0,95.07,98.9,101.75,1.0,1.0,0.4727378166198731,True,CALL,2027-03-19,GOOGL
GOOGL270319C00270000,270.0,95.36,95.55,98.2,1.0,6.0,0.4669547933959961,True,CALL,2027-03-19,GOOGL
GOOGL270319C00290000,290.0,79.9,82.45,84.25,5.0,11.0,0.44252571640014654,True,CALL,2027-03-19,GOOGL
GOOGL270319C00300000,300.0,73.3,76.5,78.8,2.0,10.0,0.44028269683837884,True,CALL,2027-03-19,GOOGL
GOOGL270319C00310000,310.0,69.65,70.75,72.7,3.0,8.0,0.4310969976806641,True,CALL,2027-03-19,GOOGL
GOOGL270319C00320000,320.0,64.83,65.3,67.75,1.0,4.0,0.42885397811889653,True,CALL,2027-03-19,GOOGL
GOOGL270319C00330000,330.0,60.38,60.15,62.4,4.0,21.0,0.4218655226135254,True,CALL,2027-03-19,GOOGL
GOOGL270319C00335000,335.0,55.86,57.75,59.7,8.0,27.0,0.4175625871276855,True,CALL,2027-03-19,GOOGL
GOOGL270319C00340000,340.0,51.2,55.45,57.65,2.0,11.0,0.4175168112182617,False,CALL,2027-03-19,GOOGL
GOOGL270319C00345000,345.0,53.0,53.1,54.15,40.0,31.0,0.4067289552307129,False,CALL,2027-03-19,GOOGL
GOOGL270319C00350000,350.0,51.0,50.95,51.95,7.0,16.0,0.40477584976196285,False,CALL,2027-03-19,GOOGL
GOOGL270319C00360000,360.0,45.5,47.35,48.2,5.0,2.0,0.40416550430297854,False,CALL,2027-03-19,GOOGL
GOOGL270319C00370000,370.0,40.36,42.9,44.3,2.0,2.0,0.400823862915039,False,CALL,2027-03-19,GOOGL
GOOGL270319C00375000,375.0,37.86,40.75,42.2,2.0,2.0,0.3974974801635742,False,CALL,2027-03-19,GOOGL
GOOGL270319C00395000,395.0,32.2,34.3,35.6,3.0,5.0,0.39288937194824214,False,CALL,2027-03-19,GOOGL
GOOGL270319C00400000,400.0,33.2,33.15,34.15,5.0,27.0,0.3922179919433594,False,CALL,2027-03-19,GOOGL
GOOGL270319C00420000,420.0,28.8,27.35,28.75,1.0,12.0,0.38884583328247074,False,CALL,2027-03-19,GOOGL
GOOGL270319C00430000,430.0,26.2,25.6,26.25,4.0,12.0,0.3865722964477538,False,CALL,2027-03-19,GOOGL
GOOGL270319P00245000,245.0,13.96,12.4,13.0,1.0,7.0,0.3652712399291992,False,PUT,2027-03-19,GOOGL
GOOGL270319P00260000,260.0,15.93,15.45,16.55,1.0,11.0,0.3564670066833496,False,PUT,2027-03-19,GOOGL
GOOGL270319P00265000,265.0,17.85,16.65,17.9,20.0,2.0,0.35390355575561516,False,PUT,2027-03-19,GOOGL
GOOGL270319P00270000,270.0,18.4,18.65,19.3,34.0,82.0,0.3511570011901855,False,PUT,2027-03-19,GOOGL
GOOGL270319P00300000,300.0,31.39,28.6,29.3,1.0,8.0,0.3354406056213379,False,PUT,2027-03-19,GOOGL
GOOGL270319P00305000,305.0,30.3,30.5,31.3,2.0,26.0,0.33336543106079103,False,PUT,2027-03-19,GOOGL
GOOGL270319P00310000,310.0,32.92,32.1,33.4,1.0,23.0,0.3314275842285156,False,PUT,2027-03-19,GOOGL
GOOGL270319P00315000,315.0,34.7,34.2,35.55,13.0,20.0,0.32926085784912107,False,PUT,2027-03-19,GOOGL
GOOGL270319P00320000,320.0,37.32,36.1,37.65,1.0,22.0,0.32613283737182613,False,PUT,2027-03-19,GOOGL
GOOGL270319P00330000,330.0,42.15,41.35,42.3,86.0,10.0,0.3214484359741211,False,PUT,2027-03-19,GOOGL
GOOGL270319P00345000,345.0,48.87,48.65,50.05,5.0,7.0,0.31557386093139644,True,PUT,2027-03-19,GOOGL
GOOGL270319P00350000,350.0,52.05,51.15,52.75,3.0,3.0,0.3133003240966796,True,PUT,2027-03-19,GOOGL
GOOGL270617C00240000,240.0,125.5,121.0,123.2,4.0,463.0,0.48413601806640627,True,CALL,2027-06-17,GOOGL
GOOGL270617C00245000,245.0,118.55,117.2,120.55,11.0,155.0,0.48790490127563485,True,CALL,2027-06-17,GOOGL
GOOGL270617C00250000,250.0,111.43,114.8,115.85,6.0,1340.0,0.47285988571167,True,CALL,2027-06-17,GOOGL
GOOGL270617C00255000,255.0,108.46,110.25,112.3,2.0,295.0,0.46785505294799806,True,CALL,2027-06-17,GOOGL
GOOGL270617C00260000,260.0,102.53,107.05,109.85,1.0,317.0,0.4717307466125488,True,CALL,2027-06-17,GOOGL
GOOGL270617C00265000,265.0,100.14,103.7,106.6,2.0,195.0,0.4683433293151856,True,CALL,2027-06-17,GOOGL
GOOGL270617C00270000,270.0,99.85,101.25,103.2,2.0,884.0,0.4633842724609375,True,CALL,2027-06-17,GOOGL
GOOGL270617C00275000,275.0,97.9,98.05,99.4,2.0,181.0,0.45500728103637694,True,CALL,2027-06-17,GOOGL
GOOGL270617C00280000,280.0,95.0,94.1,96.7,2.0,513.0,0.45485469467163087,True,CALL,2027-06-17,GOOGL
GOOGL270617C00285000,285.0,90.98,91.75,94.15,1.0,504.0,0.45532771240234376,True,CALL,2027-06-17,GOOGL
GOOGL270617C00290000,290.0,82.65,89.5,90.05,1.0,350.0,0.4439295109558105,True,CALL,2027-06-17,GOOGL
GOOGL270617C00295000,295.0,86.43,86.55,87.1,89.0,2045.0,0.4407404559326171,True,CALL,2027-06-17,GOOGL
GOOGL270617C00300000,300.0,83.0,83.75,84.25,10.0,1652.0,0.43791760818481446,True,CALL,2027-06-17,GOOGL
GOOGL270617C00305000,305.0,75.1,80.85,81.4,3.0,1881.0,0.4347285531616212,True,CALL,2027-06-17,GOOGL
GOOGL270617C00310000,310.0,72.55,78.2,78.8,3.0,181.0,0.43291277542114254,True,CALL,2027-06-17,GOOGL
GOOGL270617C00315000,315.0,71.89,75.5,76.1,1.0,199.0,0.430044151763916,True,CALL,2027-06-17,GOOGL
GOOGL270617C00320000,320.0,67.5,72.85,73.5,3.0,642.0,0.4274959594726563,True,CALL,2027-06-17,GOOGL
GOOGL270617C00325000,325.0,70.0,70.3,70.85,1.0,94.0,0.42424586990356444,True,CALL,2027-06-17,GOOGL
GOOGL270617C00330000,330.0,67.85,67.85,68.35,41.0,3063.0,0.4216671603393555,True,CALL,2027-06-17,GOOGL
GOOGL270617C00335000,335.0,64.65,65.5,66.1,12.0,147.0,0.420377805557251,True,CALL,2027-06-17,GOOGL
GOOGL270617C00340000,340.0,62.63,63.1,63.65,14.0,339.0,0.417425259399414,False,CALL,2027-06-17,GOOGL
GOOGL270617C00345000,345.0,60.9,60.95,61.5,5.0,62.0,0.41608249938964836,False,CALL,2027-06-17,GOOGL
GOOGL270617C00350000,350.0,58.55,58.75,59.25,47.0,1454.0,0.4137479280090332,False,CALL,2027-06-17,GOOGL
GOOGL270617C00355000,355.0,56.95,56.55,57.1,39.0,135.0,0.4117185293579102,False,CALL,2027-06-17,GOOGL
GOOGL270617C00360000,360.0,53.25,54.5,55.0,20.0,286.0,0.4096738720703125,False,CALL,2027-06-17,GOOGL
GOOGL270617C00365000,365.0,51.13,52.45,53.05,35.0,168.0,0.4082548188781738,False,CALL,2027-06-17,GOOGL
GOOGL270617C00370000,370.0,50.13,50.6,51.15,5.0,708.0,0.4068357656860352,False,CALL,2027-06-17,GOOGL
GOOGL270617C00375000,375.0,45.75,48.8,49.3,6.0,186.0,0.4054014538574219,False,CALL,2027-06-17,GOOGL
GOOGL270617C00380000,380.0,46.39,46.7,47.2,1.0,285.0,0.4020750711059571,False,CALL,2027-06-17,GOOGL
GOOGL270617C00385000,385.0,45.65,45.25,45.75,20.0,204.0,0.4025633474731446,False,CALL,2027-06-17,GOOGL
GOOGL270617C00390000,390.0,40.56,43.45,43.9,1.0,82.0,0.4001982588195801,False,CALL,2027-06-17,GOOGL
GOOGL270617C00395000,395.0,38.0,41.8,42.3,2.0,122.0,0.3991148956298829,False,CALL,2027-06-17,GOOGL
GOOGL270617C00400000,400.0,38.3,40.3,40.8,28.0,317.0,0.39838248107910157,False,CALL,2027-06-17,GOOGL
GOOGL270617C00405000,405.0,36.1,38.9,39.45,6.0,131.0,0.39831381721496584,False,CALL,2027-06-17,GOOGL
GOOGL270617C00410000,410.0,37.38,37.5,38.0,1.0,105.0,0.3973296351623535,False,CALL,2027-06-17,GOOGL
GOOGL270617C00415000,415.0,35.9,35.95,36.5,2.0,59.0,0.39572747833251964,False,CALL,2027-06-17,GOOGL
GOOGL270617C00420000,420.0,32.4,34.65,35.1,1.0,278.0,0.3945067874145508,False,CALL,2027-06-17,GOOGL
GOOGL270617C00425000,425.0,33.35,33.45,33.95,4.0,90.0,0.3946441151428223,False,CALL,2027-06-17,GOOGL
GOOGL270617C00430000,430.0,29.37,32.15,32.55,2.0,130.0,0.3928741133117675,False,CALL,2027-06-17,GOOGL
GOOGL270617C00435000,435.0,29.07,31.05,31.6,8.0,176.0,0.39383540740966794,False,CALL,2027-06-17,GOOGL
GOOGL270617P00240000,240.0,13.97,14.15,14.4,100.0,527.0,0.36026640716552727,False,PUT,2027-06-17,GOOGL
GOOGL270617P00245000,245.0,15.45,15.15,15.55,20.0,373.0,0.3573367489624023,False,PUT,2027-06-17,GOOGL
GOOGL270617P00250000,250.0,16.3,16.55,16.8,5.0,2042.0,0.3548343325805663,False,PUT,2027-06-17,GOOGL
GOOGL270617P00255000,255.0,17.49,17.8,18.1,1.0,549.0,0.352194588470459,False,PUT,2027-06-17,GOOGL
GOOGL270617P00260000,260.0,21.54,19.05,19.5,1.0,628.0,0.34990579299926755,False,PUT,2027-06-17,GOOGL
GOOGL270617P00265000,265.0,20.7,20.65,20.95,10.0,179.0,0.3474796697998046,False,PUT,2027-06-17,GOOGL
GOOGL270617P00270000,270.0,21.77,22.05,22.4,5.0,225.0,0.34448897705078124,False,PUT,2027-06-17,GOOGL
GOOGL270617P00275000,275.0,23.85,23.75,24.1,1.0,187.0,0.3430394065856933,False,PUT,2027-06-17,GOOGL
GOOGL270617P00280000,280.0,27.8,25.2,25.65,3.0,542.0,0.33980457565307615,False,PUT,2027-06-17,GOOGL
GOOGL270617P00285000,285.0,27.35,27.05,27.45,2.0,76.0,0.33800405654907223,False,PUT,2027-06-17,GOOGL
GOOGL270617P00290000,290.0,29.25,28.9,29.25,12.0,241.0,0.33566948516845707,False,PUT,2027-06-17,GOOGL
GOOGL270617P00295000,295.0,34.02,30.8,31.1,38.0,67.0,0.33316706878662117,False,PUT,2027-06-17,GOOGL
GOOGL270617P00300000,300.0,32.99,32.55,33.05,45.0,439.0,0.33089353195190424,False,PUT,2027-06-17,GOOGL
GOOGL270617P00305000,305.0,34.87,34.7,35.1,4.0,33.0,0.32881072807312006,False,PUT,2027-06-17,GOOGL
GOOGL270617P00310000,310.0,37.79,36.65,37.1,2.0,381.0,0.32588869918823243,False,PUT,2027-06-17,GOOGL
GOOGL270617P00315000,315.0,39.95,38.8,39.35,1.0,114.0,0.3241797319030761,False,PUT,2027-06-17,GOOGL
GOOGL270617P00320000,320.0,42.3,40.95,41.55,1.0,83.0,0.32163153961181634,False,PUT,2027-06-17,GOOGL
GOOGL270617P00325000,325.0,43.87,43.35,43.95,2.0,155.0,0.3199378309631347,False,PUT,2027-06-17,GOOGL
GOOGL270617P00330000,330.0,47.47,45.8,46.15,2.0,361.0,0.3164436032104492,False,PUT,2027-06-17,GOOGL
GOOGL270617P00335000,335.0,49.94,48.15,48.7,2.0,82.0,0.31474989456176755,False,PUT,2027-06-17,GOOGL
GOOGL270617P00340000,340.0,52.54,50.75,51.4,3.0,77.0,0.31354446228027344,True,PUT,2027-06-17,GOOGL
GOOGL270617P00345000,345.0,53.22,53.35,54.0,83.0,108.0,0.3112251495361328,True,PUT,2027-06-17,GOOGL
GOOGL270617P00350000,350.0,55.86,56.05,56.7,7.0,24.0,0.3090736817932129,True,PUT,2027-06-17,GOOGL
GOOGL270617P00355000,355.0,73.15,67.35,67.8,5.0,10.0,0.359808648071289,True,PUT,2027-06-17,GOOGL
GOOGL270617P00360000,360.0,63.7,61.65,62.35,2.0,13.0,0.30495384994506836,True,PUT,2027-06-17,GOOGL
GOOGL270617P00365000,365.0,66.65,64.65,65.3,2.0,16.0,0.3030083737945557,True,PUT,2027-06-17,GOOGL
GOOGL270617P00370000,370.0,69.65,67.65,68.3,2.0,248.0,0.3009103112792969,True,PUT,2027-06-17,GOOGL
GOOGL270617P00375000,375.0,72.71,70.7,71.4,2.0,26.0,0.2990029817199707,True,PUT,2027-06-17,GOOGL
GOOGL270617P00380000,380.0,79.75,73.65,74.4,10.0,14.0,0.29599703033447267,True,PUT,2027-06-17,GOOGL
GOOGL270617P00385000,385.0,94.6,87.35,87.95,9.0,19.0,0.36034270034790034,True,PUT,2027-06-17,GOOGL
GOOGL270617P00390000,390.0,98.1,90.9,91.45,,8.0,0.3600985621643066,True,PUT,2027-06-17,GOOGL
GOOGL270617P00395000,395.0,87.5,83.6,84.4,30.0,32.0,0.29074805938720694,True,PUT,2027-06-17,GOOGL
GOOGL270617P00400000,400.0,94.8,87.1,87.75,12.0,30.0,0.2882074964141845,True,PUT,2027-06-17,GOOGL
GOOGL270617P00405000,405.0,114.86,90.3,91.1,,1.0,0.28519391571044916,True,PUT,2027-06-17,GOOGL
GOOGL270617P00410000,410.0,115.35,94.15,94.9,1.0,3.0,0.28482770843505856,True,PUT,2027-06-17,GOOGL
GOOGL270617P00415000,415.0,114.01,109.65,110.3,3.0,3.0,0.3628145994567871,True,PUT,2027-06-17,GOOGL
GOOGL270617P00420000,420.0,119.65,113.55,114.25,10.0,10.0,0.36365382446289063,True,PUT,2027-06-17,GOOGL
GOOGL270617P00425000,425.0,121.94,105.05,105.75,,1.0,0.2772594247436523,True,PUT,2027-06-17,GOOGL
GOOGL270617P00430000,430.0,112.8,108.65,109.45,16.0,12.0,0.27437554244995116,True,PUT,2027-06-17,GOOGL
GOOGL270617P00435000,435.0,120.1,112.45,113.3,,8.0,0.2721630401611328,True,PUT,2027-06-17,GOOGL
GOOGL271217C00240000,240.0,131.93,130.3,133.5,4.0,574.0,0.4952290467834473,True,CALL,2027-12-17,GOOGL
GOOGL271217C00245000,245.0,128.17,126.5,129.8,6.0,231.0,0.4883168844604493,True,CALL,2027-12-17,GOOGL
GOOGL271217C00250000,250.0,121.22,124.6,127.5,68.0,2347.0,0.4915517153930664,True,CALL,2027-12-17,GOOGL
GOOGL271217C00255000,255.0,121.24,120.75,122.6,3.0,224.0,0.47554540573120113,True,CALL,2027-12-17,GOOGL
GOOGL271217C00260000,260.0,119.0,116.95,120.0,1.0,841.0,0.4759879061889648,True,CALL,2027-12-17,GOOGL
GOOGL271217C00265000,265.0,110.07,114.5,117.05,1.0,252.0,0.4735923002624512,True,CALL,2027-12-17,GOOGL
GOOGL271217C00270000,270.0,110.9,110.75,113.3,5.0,385.0,0.4654899642944337,True,CALL,2027-12-17,GOOGL
GOOGL271217C00275000,275.0,104.95,107.5,110.25,6.0,1306.0,0.4619499606323243,True,CALL,2027-12-17,GOOGL
GOOGL271217C00280000,280.0,104.5,105.45,107.3,27.0,5549.0,0.45882194015502936,True,CALL,2027-12-17,GOOGL
GOOGL271217C00285000,285.0,100.03,102.75,105.5,1.0,227.0,0.4628120735931397,True,CALL,2027-12-17,GOOGL
GOOGL271217C00290000,290.0,99.8,100.7,101.5,1.0,228.0,0.452428571472168,True,CALL,2027-12-17,GOOGL
GOOGL271217C00295000,295.0,95.63,97.95,98.7,2.0,139.0,0.4494989132690429,True,CALL,2027-12-17,GOOGL
GOOGL271217C00300000,300.0,91.5,95.2,95.95,7.0,1387.0,0.44660740165710444,True,CALL,2027-12-17,GOOGL
GOOGL271217C00305000,305.0,92.25,92.6,93.3,1.0,312.0,0.4440820973205566,True,CALL,2027-12-17,GOOGL
GOOGL271217C00310000,310.0,84.4,89.65,90.4,1.0,581.0,0.439809679107666,True,CALL,2027-12-17,GOOGL
GOOGL271217C00315000,315.0,86.35,87.35,88.05,1.0,150.0,0.4385737295532227,True,CALL,2027-12-17,GOOGL
GOOGL271217C00320000,320.0,83.36,84.9,85.7,3.0,1097.0,0.437055495223999,True,CALL,2027-12-17,GOOGL
GOOGL271217C00325000,325.0,78.23,82.25,83.05,1.0,270.0,0.43354600883483885,True,CALL,2027-12-17,GOOGL
GOOGL271217C00330000,330.0,79.57,80.05,80.85,26.0,564.0,0.43239398178100585,True,CALL,2027-12-17,GOOGL
GOOGL271217C00335000,335.0,72.38,77.8,78.5,5.0,99.0,0.43012807426452637,True,CALL,2027-12-17,GOOGL
GOOGL271217C00340000,340.0,73.75,75.45,76.25,7.0,525.0,0.428190227432251,False,CALL,2027-12-17,GOOGL
GOOGL271217C00345000,345.0,74.0,73.1,73.8,1.0,263.0,0.4248943619537354,False,CALL,2027-12-17,GOOGL
GOOGL271217C00350000,350.0,66.41,70.95,71.6,13.0,1995.0,0.4227657821655273,False,CALL,2027-12-17,GOOGL
GOOGL271217C00355000,355.0,66.03,69.0,69.7,3.0,135.0,0.4220791435241699,False,CALL,2027-12-17,GOOGL
GOOGL271217C00360000,360.0,66.72,66.9,67.6,4.0,1132.0,0.4200344862365723,False,CALL,2027-12-17,GOOGL
GOOGL271217C00365000,365.0,65.41,65.0,65.75,27.0,5212.0,0.41914948532104496,False,CALL,2027-12-17,GOOGL
GOOGL271217C00370000,370.0,62.2,63.1,63.8,2.0,601.0,0.41747103530883783,False,CALL,2027-12-17,GOOGL
GOOGL271217C00375000,375.0,61.7,61.0,61.7,6.0,122.0,0.41477025665283207,False,CALL,2027-12-17,GOOGL
GOOGL271217C00380000,380.0,60.33,59.2,59.8,4.0,356.0,0.41293159095764154,False,CALL,2027-12-17,GOOGL
GOOGL271217C00385000,385.0,54.22,57.55,58.2,1.0,70.0,0.41251197845458976,False,CALL,2027-12-17,GOOGL
GOOGL271217C00390000,390.0,53.85,55.9,56.55,2.0,106.0,0.4116040895843506,False,CALL,2027-12-17,GOOGL
GOOGL271217C00395000,395.0,50.79,54.1,54.75,1.0,47.0,0.4096738720703125,False,CALL,2027-12-17,GOOGL
GOOGL271217C00400000,400.0,51.23,52.6,53.3,6.0,526.0,0.4094297338867187,False,CALL,2027-12-17,GOOGL
GOOGL271217C00405000,405.0,48.55,50.85,51.5,29.0,78.0,0.40708753318786617,False,CALL,2027-12-17,GOOGL
GOOGL271217C00410000,410.0,49.45,49.55,50.15,74.0,171.0,0.40698835205078127,False,CALL,2027-12-17,GOOGL
GOOGL271217C00415000,415.0,47.15,48.05,48.6,2.0,90.0,0.40559981613159174,False,CALL,2027-12-17,GOOGL
GOOGL271217C00420000,420.0,45.76,46.65,47.15,1.0,128.0,0.4045622288513184,False,CALL,2027-12-17,GOOGL
GOOGL271217C00425000,425.0,45.25,45.25,45.95,2.0,50.0,0.4047148152160644,False,CALL,2027-12-17,GOOGL
GOOGL271217C00430000,430.0,43.15,43.8,44.35,2.0,52.0,0.4024717956542969,False,CALL,2027-12-17,GOOGL
GOOGL271217C00435000,435.0,41.98,42.65,43.25,18.0,168.0,0.4028074856567383,False,CALL,2027-12-17,GOOGL
GOOGL271217P00240000,240.0,21.1,19.2,19.5,1.0,919.0,0.3530338134765625,False,PUT,2027-12-17,GOOGL
GOOGL271217P00245000,245.0,23.74,20.3,20.85,6.0,558.0,0.350470362548828,False,PUT,2027-12-17,GOOGL
GOOGL271217P00250000,250.0,21.7,21.95,22.3,11.0,1456.0,0.3482731188964844,False,PUT,2027-12-17,GOOGL
GOOGL271217P00255000,255.0,23.95,23.4,23.8,4.0,512.0,0.3460148406982422,False,PUT,2027-12-17,GOOGL
GOOGL271217P00260000,260.0,24.8,24.8,25.3,2.0,772.0,0.3433293206787109,False,PUT,2027-12-17,GOOGL
GOOGL271217P00265000,265.0,28.67,26.35,26.95,20.0,402.0,0.3413151806640625,False,PUT,2027-12-17,GOOGL
GOOGL271217P00270000,270.0,29.11,28.15,28.6,1.0,332.0,0.3388890574645996,False,PUT,2027-12-17,GOOGL
GOOGL271217P00275000,275.0,29.75,29.75,30.35,2.0,204.0,0.33673758972167966,False,PUT,2027-12-17,GOOGL
GOOGL271217P00280000,280.0,32.66,31.65,32.15,2.0,515.0,0.3345250874328613,False,PUT,2027-12-17,GOOGL
GOOGL271217P00285000,285.0,33.5,33.35,33.95,2.0,215.0,0.3319158605957031,False,PUT,2027-12-17,GOOGL
GOOGL271217P00290000,290.0,34.9,35.55,36.0,1.0,347.0,0.33052732467651363,False,PUT,2027-12-17,GOOGL
GOOGL271217P00295000,295.0,37.97,37.25,37.95,2.0,274.0,0.3281088307952881,False,PUT,2027-12-17,GOOGL
GOOGL271217P00300000,300.0,40.43,39.65,40.0,20.0,650.0,0.3259344750976562,False,PUT,2027-12-17,GOOGL
GOOGL271217P00305000,305.0,41.56,41.65,42.1,2.0,107.0,0.32368382621765124,False,PUT,2027-12-17,GOOGL
GOOGL271217P00310000,310.0,46.2,43.55,44.3,4.0,104.0,0.32166205688476557,False,PUT,2027-12-17,GOOGL
GOOGL271217P00315000,315.0,45.7,45.75,46.45,15.0,78.0,0.3189917955017089,False,PUT,2027-12-17,GOOGL
GOOGL271217P00320000,320.0,48.68,48.25,48.8,18.0,173.0,0.3171226125335693,False,PUT,2027-12-17,GOOGL
GOOGL271217P00325000,325.0,51.13,50.4,51.1,1.0,150.0,0.31461256683349603,False,PUT,2027-12-17,GOOGL
GOOGL271217P00330000,330.0,55.95,52.85,53.5,1.0,321.0,0.3123161420440673,False,PUT,2027-12-17,GOOGL
GOOGL271217P00335000,335.0,55.12,55.3,56.1,10.0,101.0,0.31079027839660645,False,PUT,2027-12-17,GOOGL
GOOGL271217P00340000,340.0,60.25,57.9,58.7,1.0,59.0,0.3089134661102294,True,PUT,2027-12-17,GOOGL
GOOGL271217P00345000,345.0,65.19,60.45,61.25,72.0,140.0,0.30641867904663084,True,PUT,2027-12-17,GOOGL
GOOGL271217P00350000,350.0,63.7,63.2,64.0,2.0,74.0,0.3046791944885254,True,PUT,2027-12-17,GOOGL
GOOGL271217P00355000,355.0,72.09,66.0,66.7,1.0,106.0,0.3023293644714356,True,PUT,2027-12-17,GOOGL
GOOGL271217P00360000,360.0,81.95,68.5,69.4,1.0,98.0,0.29964384445190423,True,PUT,2027-12-17,GOOGL
GOOGL271217P00365000,365.0,73.37,71.4,72.3,2.0,71.0,0.2977059976196288,True,PUT,2027-12-17,GOOGL
GOOGL271217P00370000,370.0,80.8,74.4,75.3,2.0,114.0,0.29598177169799805,True,PUT,2027-12-17,GOOGL
GOOGL271217P00375000,375.0,90.26,77.35,78.25,2.0,60.0,0.2936472003173828,True,PUT,2027-12-17,GOOGL
GOOGL271217P00380000,380.0,92.0,80.35,81.3,7.0,61.0,0.2915338791656493,True,PUT,2027-12-17,GOOGL
GOOGL271217P00385000,385.0,85.45,83.65,84.55,2.0,37.0,0.29018348983764647,True,PUT,2027-12-17,GOOGL
GOOGL271217P00390000,390.0,89.1,86.8,87.75,2.0,31.0,0.2882303843688964,True,PUT,2027-12-17,GOOGL
GOOGL271217P00395000,395.0,93.7,90.2,91.05,10.0,18.0,0.28650615844726557,True,PUT,2027-12-17,GOOGL
GOOGL271217P00400000,400.0,93.72,93.2,94.2,4.0,24.0,0.28362227615356433,True,PUT,2027-12-17,GOOGL
GOOGL271217P00405000,405.0,102.8,96.7,97.55,1.0,4.0,0.2815165843200683,True,PUT,2027-12-17,GOOGL
GOOGL271217P00410000,410.0,107.65,100.0,101.0,10.0,25.0,0.27965503067016595,True,PUT,2027-12-17,GOOGL
GOOGL271217P00415000,415.0,120.45,114.75,115.45,,1.0,0.33978168769836425,True,PUT,2027-12-17,GOOGL
GOOGL271217P00420000,420.0,119.65,107.15,108.1,10.0,25.0,0.27611502700805657,True,PUT,2027-12-17,GOOGL
GOOGL271217P00425000,425.0,115.05,110.6,111.6,,10.0,0.2735592053985596,True,PUT,2027-12-17,GOOGL
GOOGL271217P00430000,430.0,130.6,114.7,115.6,2.0,13.0,0.27368890380859373,True,PUT,2027-12-17,GOOGL
GOOGL271217P00435000,435.0,125.17,118.2,119.25,,6.0,0.27138484970092774,True,PUT,2027-12-17,GOOGL
GOOGL280121C00240000,240.0,128.1,131.0,134.45,4.0,623.0,0.49022421401977545,True,CALL,2028-01-21,GOOGL
GOOGL280121C00245000,245.0,117.0,128.75,131.9,2.0,23.0,0.49171956039428716,True,CALL,2028-01-21,GOOGL
GOOGL280121C00250000,250.0,125.3,125.55,127.2,2.0,1160.0,0.47734592483520505,True,CALL,2028-01-21,GOOGL
GOOGL280121C00255000,255.0,119.4,122.5,124.7,1.0,72.0,0.478597133026123,True,CALL,2028-01-21,GOOGL
GOOGL280121C00260000,260.0,115.4,119.1,121.55,1.0,536.0,0.47495031890869144,True,CALL,2028-01-21,GOOGL
GOOGL280121C00265000,265.0,117.55,116.15,119.0,1.0,102.0,0.47508764663696285,True,CALL,2028-01-21,GOOGL
GOOGL280121C00270000,270.0,112.13,112.55,115.1,1.0,3520.0,0.46594772338867196,True,CALL,2028-01-21,GOOGL
GOOGL280121C00275000,275.0,111.28,109.25,113.0,1.0,122.0,0.46843488113403325,True,CALL,2028-01-21,GOOGL
GOOGL280121C00280000,280.0,105.1,107.7,109.55,6.0,472.0,0.46188892608642584,True,CALL,2028-01-21,GOOGL
GOOGL280121C00285000,285.0,100.67,103.55,107.25,9.0,367.0,0.4624229783630372,True,CALL,2028-01-21,GOOGL
GOOGL280121C00290000,290.0,98.25,102.5,103.25,31.0,402.0,0.4521233987426758,True,CALL,2028-01-21,GOOGL
GOOGL280121C00295000,295.0,99.8,99.75,100.5,1.0,183.0,0.44939973213195805,True,CALL,2028-01-21,GOOGL
GOOGL280121C00300000,300.0,96.85,97.05,97.8,14.0,1380.0,0.44672947074890135,True,CALL,2028-01-21,GOOGL
GOOGL280121C00305000,305.0,95.2,94.3,94.95,1.0,470.0,0.442937699584961,True,CALL,2028-01-21,GOOGL
GOOGL280121C00310000,310.0,86.45,91.85,92.6,1.0,338.0,0.44185433639526367,True,CALL,2028-01-21,GOOGL
GOOGL280121C00315000,315.0,85.12,89.1,89.85,11.0,222.0,0.4381922636413575,True,CALL,2028-01-21,GOOGL
GOOGL280121C00320000,320.0,85.48,86.85,87.5,9.0,513.0,0.43660536544799805,True,CALL,2028-01-21,GOOGL
GOOGL280121C00325000,325.0,79.0,84.45,85.15,1.0,163.0,0.434774329071045,True,CALL,2028-01-21,GOOGL
GOOGL280121C00330000,330.0,81.65,82.1,82.85,30.0,1349.0,0.4329890686035156,True,CALL,2028-01-21,GOOGL
GOOGL280121C00335000,335.0,75.65,79.8,80.45,3.0,293.0,0.4304103590393067,True,CALL,2028-01-21,GOOGL
GOOGL280121C00340000,340.0,76.97,77.55,78.3,22.0,328.0,0.42898367652893066,False,CALL,2028-01-21,GOOGL
GOOGL280121C00345000,345.0,73.55,75.35,76.05,33.0,135.0,0.4267788035583497,False,CALL,2028-01-21,GOOGL
GOOGL280121C00350000,350.0,73.25,73.0,73.65,12.0,605.0,0.42354397262573246,False,CALL,2028-01-21,GOOGL
GOOGL280121C00355000,355.0,69.73,71.15,71.85,2.0,63.0,0.4233456103515625,False,CALL,2028-01-21,GOOGL
GOOGL280121C00360000,360.0,64.81,68.95,69.65,2.0,164.0,0.4207669007873535,False,CALL,2028-01-21,GOOGL
GOOGL280121C00365000,365.0,64.15,66.85,67.55,1.0,54.0,0.4185086225891113,False,CALL,2028-01-21,GOOGL
GOOGL280121C00370000,370.0,64.06,64.95,65.7,1.0,3517.0,0.4173871128082275,False,CALL,2028-01-21,GOOGL
GOOGL280121C00375000,375.0,60.25,63.4,64.1,2.0,96.0,0.41737948348999016,False,CALL,2028-01-21,GOOGL
GOOGL280121C00380000,380.0,61.6,61.3,62.05,3.0,2408.0,0.4147626273345948,False,CALL,2028-01-21,GOOGL
GOOGL280121C00385000,385.0,57.95,59.65,60.2,1.0,140.0,0.41300788414001455,False,CALL,2028-01-21,GOOGL
GOOGL280121C00390000,390.0,57.96,58.1,58.8,1.0,216.0,0.41344275527954094,False,CALL,2028-01-21,GOOGL
GOOGL280121C00395000,395.0,55.9,56.2,56.85,1.0,113.0,0.4107572352600098,False,CALL,2028-01-21,GOOGL
GOOGL280121C00400000,400.0,54.8,54.6,55.15,28.0,1114.0,0.4092008543395996,False,CALL,2028-01-21,GOOGL
GOOGL280121C00405000,405.0,49.45,53.1,53.65,4.0,82.0,0.4085142156982422,False,CALL,2028-01-21,GOOGL
GOOGL280121C00410000,410.0,51.36,51.55,52.1,1.0,129.0,0.40736981796264654,False,CALL,2028-01-21,GOOGL
GOOGL280121C00415000,415.0,50.05,50.3,50.85,1.0,162.0,0.40762921478271485,False,CALL,2028-01-21,GOOGL
GOOGL280121C00420000,420.0,48.37,48.8,49.4,1.0,282.0,0.40664503273010255,False,CALL,2028-01-21,GOOGL
GOOGL280121C00425000,425.0,47.03,47.35,47.85,2.0,701.0,0.40495132408142087,False,CALL,2028-01-21,GOOGL
GOOGL280121C00430000,430.0,46.18,46.1,46.6,1.0,156.0,0.40467666862487794,False,CALL,2028-01-21,GOOGL
GOOGL280121C00435000,435.0,43.28,44.65,45.25,2.0,116.0,0.4037001158905029,False,CALL,2028-01-21,GOOGL
GOOGL280121P00240000,240.0,19.75,19.7,20.2,202.0,509.0,0.350119413909912,False,PUT,2028-01-21,GOOGL
GOOGL280121P00245000,245.0,22.45,21.05,21.6,2.0,20.0,0.3478153598022461,False,PUT,2028-01-21,GOOGL
GOOGL280121P00250000,250.0,22.73,22.45,22.9,2.0,1906.0,0.34433639068603517,False,PUT,2028-01-21,GOOGL
GOOGL280121P00255000,255.0,24.29,24.1,24.55,1.0,83.0,0.3430851824951171,False,PUT,2028-01-21,GOOGL
GOOGL280121P00260000,260.0,24.89,25.55,26.15,10.0,790.0,0.341025266571045,False,PUT,2028-01-21,GOOGL
GOOGL280121P00265000,265.0,27.48,27.25,27.75,1.0,48.0,0.3385381088256836,False,PUT,2028-01-21,GOOGL
GOOGL280121P00270000,270.0,29.2,28.8,29.45,3.0,2270.0,0.33635612380981444,False,PUT,2028-01-21,GOOGL
GOOGL280121P00275000,275.0,30.61,30.55,31.15,2.0,253.0,0.33378504356384275,False,PUT,2028-01-21,GOOGL
GOOGL280121P00280000,280.0,32.54,32.35,32.95,2.0,531.0,0.3314962480926513,False,PUT,2028-01-21,GOOGL
GOOGL280121P00285000,285.0,35.35,34.25,34.85,1.0,361.0,0.32946684944152826,False,PUT,2028-01-21,GOOGL
GOOGL280121P00290000,290.0,35.24,36.25,36.85,10.0,369.0,0.327681588973999,False,PUT,2028-01-21,GOOGL
GOOGL280121P00295000,295.0,39.1,38.15,38.8,2.0,42.0,0.32521731918334956,False,PUT,2028-01-21,GOOGL
GOOGL280121P00300000,300.0,42.77,40.2,40.85,2.0,973.0,0.32300481689453114,False,PUT,2028-01-21,GOOGL
GOOGL280121P00305000,305.0,43.15,42.35,43.1,10.0,86.0,0.3216010223388671,False,PUT,2028-01-21,GOOGL
GOOGL280121P00310000,310.0,46.02,44.5,45.15,3.0,478.0,0.31867899345397943,False,PUT,2028-01-21,GOOGL
GOOGL280121P00315000,315.0,47.04,46.8,47.5,2.0,61.0,0.3171378711700439,False,PUT,2028-01-21,GOOGL
GOOGL280121P00320000,320.0,49.35,49.15,49.85,2.0,2466.0,0.31523817092895495,False,PUT,2028-01-21,GOOGL
GOOGL280121P00325000,325.0,51.77,51.45,52.1,2.0,17.0,0.3124458404541015,False,PUT,2028-01-21,GOOGL
GOOGL280121P00330000,330.0,56.81,53.9,54.6,3.0,707.0,0.31069872657775877,False,PUT,2028-01-21,GOOGL
GOOGL280121P00335000,335.0,59.4,56.3,56.95,3.0,25.0,0.3078072149658203,False,PUT,2028-01-21,GOOGL
GOOGL280121P00340000,340.0,62.85,59.1,59.75,1.0,24.0,0.3070137658691406,True,PUT,2028-01-21,GOOGL
GOOGL280121P00345000,345.0,61.45,61.65,62.4,2.0,71.0,0.30508354835510254,True,PUT,2028-01-21,GOOGL
GOOGL280121P00350000,350.0,68.08,64.3,65.05,1.0,110.0,0.30282527015686034,True,PUT,2028-01-21,GOOGL
GOOGL280121P00355000,355.0,66.9,66.95,67.8,3.0,63.0,0.3007729835510254,True,PUT,2028-01-21,GOOGL
GOOGL280121P00360000,360.0,73.8,69.7,70.6,2.0,18.0,0.29867492103576654,True,PUT,2028-01-21,GOOGL
GOOGL280121P00365000,365.0,74.45,72.6,73.55,50.0,70.0,0.29704987625122065,True,PUT,2028-01-21,GOOGL
GOOGL280121P00370000,370.0,83.0,75.7,76.6,1.0,94.0,0.29563082305908206,True,PUT,2028-01-21,GOOGL
GOOGL280121P00375000,375.0,99.37,78.6,79.5,4.0,11.0,0.2931055187225341,True,PUT,2028-01-21,GOOGL
GOOGL280121P00380000,380.0,86.04,81.75,82.65,20.0,36.0,0.2915949137115478,True,PUT,2028-01-21,GOOGL
GOOGL280121P00385000,385.0,97.53,84.9,85.85,2.0,1.0,0.29003853279113767,True,PUT,2028-01-21,GOOGL
GOOGL280121P00390000,390.0,88.2,87.8,88.8,1.0,16.0,0.28683421913146967,True,PUT,2028-01-21,GOOGL
GOOGL280121P00400000,400.0,98.05,94.45,95.5,10.0,33.0,0.2837901211547851,True,PUT,2028-01-21,GOOGL
GOOGL280121P00405000,405.0,103.8,97.75,98.75,2.0,2.0,0.28125718749999995,True,PUT,2028-01-21,GOOGL
GOOGL280121P00410000,410.0,104.65,101.1,102.15,10.0,30.0,0.27922778884887695,True,PUT,2028-01-21,GOOGL
GOOGL280121P00420000,420.0,113.25,108.15,109.2,10.0,18.0,0.27565726791381834,True,PUT,2028-01-21,GOOGL
GOOGL280121P00425000,425.0,116.49,111.65,112.75,5.0,30.0,0.27355157608032227,True,PUT,2028-01-21,GOOGL
GOOGL280121P00430000,430.0,120.5,115.35,116.4,1.0,2.0,0.2717052810668945,True,PUT,2028-01-21,GOOGL
GOOGL280121P00435000,435.0,123.25,119.05,120.1,,5.0,0.26985898605346675,True,PUT,2028-01-21,GOOGL
GOOGL280616C00240000,240.0,137.9,137.05,140.55,6.0,55.0,0.48837791900634775,True,CALL,2028-06-16,GOOGL
GOOGL280616C00250000,250.0,127.93,130.95,135.15,4.0,278.0,0.4868749433135987,True,CALL,2028-06-16,GOOGL
GOOGL280616C00260000,260.0,126.41,125.2,129.5,1.0,69.0,0.4826101544189454,True,CALL,2028-06-16,GOOGL
GOOGL280616C00270000,270.0,114.67,120.6,122.3,1.0,257.0,0.4680534152221679,True,CALL,2028-06-16,GOOGL
GOOGL280616C00280000,280.0,115.15,114.75,117.75,1.0,76.0,0.4687400538635254,True,CALL,2028-06-16,GOOGL
GOOGL280616C00290000,290.0,108.85,108.3,112.25,1.0,38.0,0.46289599609375004,True,CALL,2028-06-16,GOOGL
GOOGL280616C00300000,300.0,105.17,103.3,105.95,1.0,394.0,0.4519097778320313,True,CALL,2028-06-16,GOOGL
GOOGL280616C00310000,310.0,98.25,99.45,101.8,21.0,330.0,0.4520165882873535,True,CALL,2028-06-16,GOOGL
GOOGL280616C00320000,320.0,92.0,93.65,95.75,9.0,541.0,0.44116769775390624,True,CALL,2028-06-16,GOOGL
GOOGL280616C00330000,330.0,89.3,90.05,92.25,3.0,508.0,0.4429987341308594,True,CALL,2028-06-16,GOOGL
GOOGL280616C00340000,340.0,86.3,85.8,87.9,13.0,135.0,0.43959605819702147,False,CALL,2028-06-16,GOOGL
GOOGL280616C00350000,350.0,81.78,81.45,83.3,10.0,360.0,0.4342173888397217,False,CALL,2028-06-16,GOOGL
GOOGL280616C00360000,360.0,79.85,76.65,79.4,1.0,173.0,0.43166156723022464,False,CALL,2028-06-16,GOOGL
GOOGL280616C00370000,370.0,73.2,73.65,74.9,1.0,87.0,0.4254665608215333,False,CALL,2028-06-16,GOOGL
GOOGL280616C00380000,380.0,68.7,69.95,71.5,2.0,146.0,0.42401699035644536,False,CALL,2028-06-16,GOOGL
GOOGL280616C00390000,390.0,65.06,66.65,67.75,5.0,52.0,0.4202099605560302,False,CALL,2028-06-16,GOOGL
GOOGL280616C00400000,400.0,62.11,63.2,64.75,10.0,277.0,0.419401252822876,False,CALL,2028-06-16,GOOGL
GOOGL280616C00410000,410.0,58.5,60.2,62.15,2.0,127.0,0.41990478782653806,False,CALL,2028-06-16,GOOGL
GOOGL280616C00420000,420.0,57.85,57.2,58.85,2.0,49.0,0.41643344802856436,False,CALL,2028-06-16,GOOGL
GOOGL280616C00430000,430.0,52.13,54.3,55.9,5.0,15.0,0.41407598869323725,False,CALL,2028-06-16,GOOGL
GOOGL280616P00240000,240.0,24.67,22.95,23.8,2.0,129.0,0.34560285751342773,False,PUT,2028-06-16,GOOGL
GOOGL280616P00250000,250.0,27.75,25.95,27.05,1.0,498.0,0.34241380249023434,False,PUT,2028-06-16,GOOGL
GOOGL280616P00260000,260.0,29.25,29.25,30.35,1.0,312.0,0.3380650910949707,False,PUT,2028-06-16,GOOGL
GOOGL280616P00270000,270.0,34.8,32.8,33.9,1.0,370.0,0.3339452592468262,False,PUT,2028-06-16,GOOGL
GOOGL280616P00280000,280.0,37.5,36.1,37.65,2.0,165.0,0.32971861694335935,False,PUT,2028-06-16,GOOGL
GOOGL280616P00290000,290.0,41.91,39.9,41.6,1.0,65.0,0.32540805213928226,False,PUT,2028-06-16,GOOGL
GOOGL280616P00300000,300.0,44.93,44.75,45.95,3.0,338.0,0.3220892987060546,False,PUT,2028-06-16,GOOGL
GOOGL280616P00310000,310.0,50.4,49.25,50.3,1.0,86.0,0.31757274230957033,False,PUT,2028-06-16,GOOGL
GOOGL280616P00320000,320.0,56.2,53.85,55.1,1.0,842.0,0.31426161819458004,False,PUT,2028-06-16,GOOGL
GOOGL280616P00330000,330.0,63.13,57.95,59.95,3.0,28.0,0.3100807518005371,False,PUT,2028-06-16,GOOGL
GOOGL280616P00340000,340.0,63.54,63.3,65.2,61.0,121.0,0.30678488632202144,True,PUT,2028-06-16,GOOGL
GOOGL280616P00350000,350.0,73.5,68.45,70.65,10.0,123.0,0.3033974690246582,True,PUT,2028-06-16,GOOGL
GOOGL280616P00360000,360.0,78.78,74.75,76.25,1.0,8.0,0.29967436172485346,True,PUT,2028-06-16,GOOGL
GOOGL280616P00380000,380.0,91.0,85.8,87.95,2.0,2.0,0.2915415084838866,True,PUT,2028-06-16,GOOGL
GOOGL280616P00390000,390.0,97.31,92.25,94.3,1.0,1.0,0.28836008277893055,True,PUT,2028-06-16,GOOGL
GOOGL280616P00400000,400.0,100.0,99.2,100.8,1.0,9.0,0.28490400161743157,True,PUT,2028-06-16,GOOGL
GOOGL280616P00410000,410.0,107.55,105.15,107.5,10.0,6.0,0.2814402911376953,True,PUT,2028-06-16,GOOGL
GOOGL280616P00430000,430.0,139.8,119.35,121.25,54.0,54.0,0.2732692913055419,True,PUT,2028-06-16,GOOGL
GOOGL281215C00240000,240.0,148.0,144.0,148.0,2.0,14.0,0.4899648171997071,True,CALL,2028-12-15,GOOGL
GOOGL281215C00245000,245.0,141.58,141.0,145.5,1.0,15.0,0.48967490310668954,True,CALL,2028-12-15,GOOGL
GOOGL281215C00250000,250.0,133.64,138.5,143.0,20.0,29.0,0.48911796287536624,True,CALL,2028-12-15,GOOGL
GOOGL281215C00255000,255.0,131.56,135.5,140.0,1.0,5.0,0.4853948555755615,True,CALL,2028-12-15,GOOGL
GOOGL281215C00260000,260.0,129.9,132.5,137.0,16.0,22.0,0.4815344205474854,True,CALL,2028-12-15,GOOGL
GOOGL281215C00265000,265.0,132.38,130.05,134.0,2.0,24.0,0.477544287109375,True,CALL,2028-12-15,GOOGL
GOOGL281215C00270000,270.0,127.28,127.05,131.5,3.0,41.0,0.4761862684631348,True,CALL,2028-12-15,GOOGL
GOOGL281215C00275000,275.0,122.97,124.0,129.0,3.0,15.0,0.47461462890625,True,CALL,2028-12-15,GOOGL
GOOGL281215C00280000,280.0,124.19,121.55,126.0,2.0,42.0,0.47018962432861333,True,CALL,2028-12-15,GOOGL
GOOGL281215C00285000,285.0,124.5,119.0,123.5,4.0,162.0,0.46828992408752446,True,CALL,2028-12-15,GOOGL
GOOGL281215C00290000,290.0,118.6,116.5,121.0,2.0,72.0,0.4662147495269776,True,CALL,2028-12-15,GOOGL
GOOGL281215C00295000,295.0,115.32,114.0,118.5,2.0,205.0,0.4639793592834473,True,CALL,2028-12-15,GOOGL
GOOGL281215C00300000,300.0,109.85,111.5,115.75,17.0,111.0,0.460317286529541,True,CALL,2028-12-15,GOOGL
GOOGL281215C00305000,305.0,106.41,109.0,113.5,10.0,21.0,0.45903556106567384,True,CALL,2028-12-15,GOOGL
GOOGL281215C00310000,310.0,109.01,107.0,111.5,1.0,89.0,0.45882194015502936,True,CALL,2028-12-15,GOOGL
GOOGL281215C00315000,315.0,99.5,104.8,108.5,1.0,26.0,0.45351193466186523,True,CALL,2028-12-15,GOOGL
GOOGL281215C00320000,320.0,100.65,102.05,105.75,10.0,146.0,0.4493386975860596,True,CALL,2028-12-15,GOOGL
GOOGL281215C00325000,325.0,98.0,100.0,104.0,3.0,36.0,0.4498651205444336,True,CALL,2028-12-15,GOOGL
GOOGL281215C00330000,330.0,100.0,97.75,101.1,41.0,151.0,0.44471533073425284,True,CALL,2028-12-15,GOOGL
GOOGL281215C00335000,335.0,92.45,95.75,99.05,5.0,60.0,0.4434946398162841,True,CALL,2028-12-15,GOOGL
GOOGL281215C00340000,340.0,91.22,93.65,97.0,42.0,110.0,0.4421137332153321,False,CALL,2028-12-15,GOOGL
GOOGL281215C00345000,345.0,90.5,91.8,94.8,22.0,82.0,0.4398936016082763,False,CALL,2028-12-15,GOOGL
GOOGL281215C00350000,350.0,91.4,89.95,92.8,35.0,342.0,0.4384592897796631,False,CALL,2028-12-15,GOOGL
GOOGL281215C00355000,355.0,89.71,87.85,90.25,2.0,23.0,0.43436234588623046,False,CALL,2028-12-15,GOOGL
GOOGL281215C00360000,360.0,86.25,85.9,88.45,3.0,28.0,0.4335765261077881,False,CALL,2028-12-15,GOOGL
GOOGL281215C00365000,365.0,81.5,84.0,86.95,1.0,7.0,0.43400376792907713,False,CALL,2028-12-15,GOOGL
GOOGL281215C00370000,370.0,84.3,81.55,84.8,9.0,17.0,0.4313487651824951,False,CALL,2028-12-15,GOOGL
GOOGL281215C00375000,375.0,79.55,80.3,82.9,3.0,7.0,0.42969320312500003,False,CALL,2028-12-15,GOOGL
GOOGL281215C00380000,380.0,76.01,78.55,82.1,8.0,21.0,0.4328288529205323,False,CALL,2028-12-15,GOOGL
GOOGL281215C00385000,385.0,78.7,77.7,79.45,1.0,11.0,0.42754936470031746,False,CALL,2028-12-15,GOOGL
GOOGL281215C00390000,390.0,72.7,76.35,78.1,8.0,29.0,0.42795371856689457,False,CALL,2028-12-15,GOOGL
GOOGL281215C00395000,395.0,72.77,74.8,76.45,16.0,37.0,0.42689324333190926,False,CALL,2028-12-15,GOOGL
GOOGL281215C00400000,400.0,73.94,72.95,75.1,25.0,496.0,0.427038200378418,False,CALL,2028-12-15,GOOGL
GOOGL281215C00405000,405.0,71.0,71.45,73.25,1.0,2.0,0.42484095672607425,False,CALL,2028-12-15,GOOGL
GOOGL281215C00410000,410.0,67.36,69.85,71.75,5.0,14.0,0.4240703955841064,False,CALL,2028-12-15,GOOGL
GOOGL281215C00415000,415.0,64.02,68.4,70.2,,2.0,0.42296414443969726,False,CALL,2028-12-15,GOOGL
GOOGL281215C00420000,420.0,66.95,66.95,68.7,1.0,30.0,0.421957074432373,False,CALL,2028-12-15,GOOGL
GOOGL281215C00425000,425.0,59.73,65.55,67.25,80.0,83.0,0.42106444419860845,False,CALL,2028-12-15,GOOGL
GOOGL281215C00430000,430.0,61.75,64.15,65.9,90.0,104.0,0.4204922453308106,False,CALL,2028-12-15,GOOGL
GOOGL281215P00240000,240.0,27.66,26.05,27.5,5.0,5.0,0.33837026382446284,False,PUT,2028-12-15,GOOGL
GOOGL281215P00250000,250.0,29.73,29.2,30.7,1.0,163.0,0.33376215560913086,False,PUT,2028-12-15,GOOGL
GOOGL281215P00255000,255.0,33.6,30.95,32.45,133.0,141.0,0.3319311192321777,False,PUT,2028-12-15,GOOGL
GOOGL281215P00260000,260.0,34.72,32.5,34.3,5.0,895.0,0.3303747383117675,False,PUT,2028-12-15,GOOGL
GOOGL281215P00265000,265.0,34.57,34.45,36.0,100.0,127.0,0.32767395965576174,False,PUT,2028-12-15,GOOGL
GOOGL281215P00270000,270.0,38.66,36.3,37.9,10.0,15.0,0.325827664642334,False,PUT,2028-12-15,GOOGL
GOOGL281215P00275000,275.0,40.61,38.25,39.95,1.0,14.0,0.32451542190551746,False,PUT,2028-12-15,GOOGL
GOOGL281215P00280000,280.0,41.63,40.25,41.95,5.0,13.0,0.32263860961914054,False,PUT,2028-12-15,GOOGL
GOOGL281215P00285000,285.0,43.1,42.2,44.0,1.0,17.0,0.3207617973327636,False,PUT,2028-12-15,GOOGL
GOOGL281215P00290000,290.0,45.0,44.35,46.1,4.0,38.0,0.3188849850463866,False,PUT,2028-12-15,GOOGL
GOOGL281215P00295000,295.0,47.57,46.55,48.3,2.0,14.0,0.31725231094360345,False,PUT,2028-12-15,GOOGL
GOOGL281215P00300000,300.0,52.0,48.65,50.4,49.0,105.0,0.31487196365356435,False,PUT,2028-12-15,GOOGL
GOOGL281215P00305000,305.0,53.87,50.7,52.8,25.0,41.0,0.31371230728149413,False,PUT,2028-12-15,GOOGL
GOOGL281215P00310000,310.0,55.98,53.15,55.0,12.0,24.0,0.31133195999145497,False,PUT,2028-12-15,GOOGL
GOOGL281215P00315000,315.0,58.35,55.55,57.4,1.0,15.0,0.3096840272521973,False,PUT,2028-12-15,GOOGL
GOOGL281215P00320000,320.0,58.95,57.85,59.75,1.0,22.0,0.3075478181457519,False,PUT,2028-12-15,GOOGL
GOOGL281215P00325000,325.0,62.0,60.3,62.4,1.0,69.0,0.3065865240478516,False,PUT,2028-12-15,GOOGL
GOOGL281215P00330000,330.0,67.08,62.8,64.85,10.0,69.0,0.30445031494140623,False,PUT,2028-12-15,GOOGL
GOOGL281215P00335000,335.0,67.0,65.55,67.4,101.0,107.0,0.3025506147003174,False,PUT,2028-12-15,GOOGL
GOOGL281215P00340000,340.0,71.1,68.0,69.95,33.0,3.0,0.30042966423034667,True,PUT,2028-12-15,GOOGL
GOOGL281215P00350000,350.0,74.27,73.6,75.5,3.0,36.0,0.29753815261840816,True,PUT,2028-12-15,GOOGL
GOOGL281215P00355000,355.0,76.89,76.35,78.35,2.0,3.0,0.29608858215332035,True,PUT,2028-12-15,GOOGL
GOOGL281215P00360000,360.0,79.85,78.95,81.0,2.0,15.0,0.2935403898620605,True,PUT,2028-12-15,GOOGL
GOOGL281215P00385000,385.0,97.5,93.7,95.8,,8.0,0.28442335456848133,True,PUT,2028-12-15,GOOGL
GOOGL281215P00400000,400.0,106.35,102.9,104.2,10.0,16.0,0.2742839906311035,True,PUT,2028-12-15,GOOGL
GRAB260130C00004000,4.0,0.43,0.3,0.53,1.0,154.0,0.8125018749999999,True,CALL,2026-01-30,GRAB
GRAB260130C00004500,4.5,0.02,0.02,0.03,796.0,2248.0,0.500005,False,CALL,2026-01-30,GRAB
GRAB260130C00005000,5.0,0.01,0.0,0.01,6.0,7786.0,0.937500625,False,CALL,2026-01-30,GRAB
GRAB260130C00005500,5.5,0.01,0.0,0.01,2.0,1741.0,1.5000025,False,CALL,2026-01-30,GRAB
GRAB260130P00004000,4.0,0.01,0.0,0.01,20.0,139.0,0.8125018749999999,False,PUT,2026-01-30,GRAB
GRAB260130P00004500,4.5,0.12,0.1,0.13,1025.0,3506.0,0.57812921875,True,PUT,2026-01-30,GRAB
GRAB260130P00005000,5.0,0.6,0.56,0.62,27.0,1223.0,0.500005,True,PUT,2026-01-30,GRAB
GRAB260130P00005500,5.5,1.03,0.7,1.21,1.0,14.0,3.3125017187499997,True,PUT,2026-01-30,GRAB
GRAB260206C00004000,4.0,0.43,0.41,0.45,355.0,230.0,0.5312546875,True,CALL,2026-02-06,GRAB
GRAB260206C00004500,4.5,0.07,0.07,0.08,501.0,1333.0,0.42969320312500003,False,CALL,2026-02-06,GRAB
GRAB260206C00005000,5.0,0.02,0.02,0.03,454.0,3794.0,0.648441015625,False,CALL,2026-02-06,GRAB
GRAB260206C00005500,5.5,0.01,0.01,0.02,1.0,1146.0,0.87500125,False,CALL,2026-02-06,GRAB
GRAB260206P00004000,4.0,0.02,0.01,0.02,1.0,98.0,0.5312546875,False,PUT,2026-02-06,GRAB
GRAB260206P00004500,4.5,0.16,0.16,0.17,968.0,2368.0,0.42969320312500003,True,PUT,2026-02-06,GRAB
GRAB260206P00005000,5.0,0.61,0.49,0.63,33.0,659.0,0.7500025,True,PUT,2026-02-06,GRAB
GRAB260206P00005500,5.5,1.0,0.95,1.35,4.0,32.0,1.2343788281249999,True,PUT,2026-02-06,GRAB
GRAB260213C00004000,4.0,0.48,0.43,0.67,305.0,374.0,0.85937640625,True,CALL,2026-02-13,GRAB
GRAB260213C00004500,4.5,0.2,0.19,0.21,225.0,1448.0,0.6523472265625001,False,CALL,2026-02-13,GRAB
GRAB260213C00005000,5.0,0.08,0.07,0.08,404.0,5246.0,0.70312796875,False,CALL,2026-02-13,GRAB
GRAB260213C00005500,5.5,0.03,0.02,0.03,177.0,3056.0,0.73437765625,False,CALL,2026-02-13,GRAB
GRAB260213P00004000,4.0,0.05,0.04,0.06,28.0,2198.0,0.5390671093750001,False,PUT,2026-02-13,GRAB
GRAB260213P00004500,4.5,0.27,0.26,0.28,202.0,2828.0,0.5976602734375001,True,PUT,2026-02-13,GRAB
GRAB260213P00005000,5.0,0.67,0.62,0.69,87.0,711.0,0.6640658593750002,True,PUT,2026-02-13,GRAB
GRAB260213P00005500,5.5,1.01,0.96,1.35,4.0,294.0,0.945313046875,True,PUT,2026-02-13,GRAB
GRAB260220C00003500,3.5,1.1,0.7,1.45,1.0,1.0,1.2500037499999999,True,CALL,2026-02-20,GRAB
GRAB260220C00004000,4.0,0.47,0.28,0.5,10.0,1409.0,0.5742230078125,True,CALL,2026-02-20,GRAB
GRAB260220C00004500,4.5,0.21,0.21,0.23,283.0,849.0,0.5898478515625001,False,CALL,2026-02-20,GRAB
GRAB260220C00005000,5.0,0.1,0.09,0.1,483.0,26716.0,0.6445348046875,False,CALL,2026-02-20,GRAB
GRAB260220C00005500,5.5,0.04,0.03,0.04,30.0,1171.0,0.6640658593750002,False,CALL,2026-02-20,GRAB
GRAB260220P00004000,4.0,0.06,0.05,0.07,65.0,10943.0,0.51562984375,False,PUT,2026-02-20,GRAB
GRAB260220P00004500,4.5,0.29,0.27,0.3,90.0,2198.0,0.5312546875,True,PUT,2026-02-20,GRAB
GRAB260220P00005000,5.0,0.67,0.65,0.69,61.0,17714.0,0.6015664843750002,True,PUT,2026-02-20,GRAB
GRAB260227C00003500,3.5,1.08,0.74,1.0,1.0,83.0,0.85937640625,True,CALL,2026-02-27,GRAB
GRAB260227C00004000,4.0,0.8,0.41,0.78,14.0,27.0,0.73437765625,True,CALL,2026-02-27,GRAB
GRAB260227C00004500,4.5,0.25,0.2,0.26,52.0,741.0,0.5351608984375,False,CALL,2026-02-27,GRAB
GRAB260227C00005000,5.0,0.1,0.1,0.13,100.0,1713.0,0.6132851171875001,False,CALL,2026-02-27,GRAB
GRAB260227C00005500,5.5,0.05,0.04,0.06,27.0,2803.0,0.64062859375,False,CALL,2026-02-27,GRAB
GRAB260227P00003500,3.5,0.01,0.0,0.2,12.0,36.0,0.8906260937499999,False,PUT,2026-02-27,GRAB
GRAB260227P00004000,4.0,0.08,0.06,0.1,9.0,442.0,0.5312546875,False,PUT,2026-02-27,GRAB
GRAB260227P00004500,4.5,0.33,0.3,0.34,17.0,2749.0,0.5351608984375,True,PUT,2026-02-27,GRAB
GRAB260227P00005000,5.0,0.5,0.22,0.95,15.0,202.0,1.140629296875,True,PUT,2026-02-27,GRAB
GRAB260227P00005500,5.5,0.95,0.81,1.39,2.0,109.0,1.2773473632812498,True,PUT,2026-02-27,GRAB
GRAB260306C00003500,3.5,0.96,0.83,1.07,3.0,67.0,0.5937540625000001,True,CALL,2026-03-06,GRAB
GRAB260306C00004000,4.0,0.53,0.5,0.56,33.0,46.0,0.523442265625,True,CALL,2026-03-06,GRAB
GRAB260306C00004500,4.5,0.26,0.23,0.28,3.0,12.0,0.5273484765625001,False,CALL,2026-03-06,GRAB
GRAB260306C00005000,5.0,0.12,0.11,0.13,7.0,334.0,0.5625043750000001,False,CALL,2026-03-06,GRAB
GRAB260306C00005500,5.5,0.05,0.04,0.07,3.0,254.0,0.5937540625000001,False,CALL,2026-03-06,GRAB
GRAB260306P00004000,4.0,0.09,0.08,0.12,2.0,1554.0,0.523442265625,False,PUT,2026-03-06,GRAB
GRAB260306P00004500,4.5,0.32,0.31,0.36,21.0,116.0,0.507817421875,True,PUT,2026-03-06,GRAB
GRAB260306P00005000,5.0,0.69,0.66,0.73,6.0,24.0,0.5312546875,True,PUT,2026-03-06,GRAB
GRAB260320C00004000,4.0,0.56,0.54,0.59,1.0,549.0,0.5097705273437501,True,CALL,2026-03-20,GRAB
GRAB260320C00005000,5.0,0.17,0.15,0.17,165.0,2240.0,0.5507857421875001,False,CALL,2026-03-20,GRAB
GRAB260320P00004000,4.0,0.13,0.12,0.15,43.0,4665.0,0.500005,False,PUT,2026-03-20,GRAB
GRAB260320P00005000,5.0,0.71,0.69,0.75,46.0,232.0,0.5507857421875001,True,PUT,2026-03-20,GRAB
GRAB260417C00004000,4.0,0.66,0.62,0.66,10.0,4592.0,0.51562984375,True,CALL,2026-04-17,GRAB
GRAB260417C00005000,5.0,0.24,0.23,0.24,710.0,25440.0,0.5429733203125001,False,CALL,2026-04-17,GRAB
GRAB260417P00004000,4.0,0.18,0.17,0.19,238.0,18386.0,0.46094289062500005,False,PUT,2026-04-17,GRAB
GRAB260417P00005000,5.0,0.77,0.75,0.81,27.0,35381.0,0.523442265625,True,PUT,2026-04-17,GRAB
GRAB260717C00004000,4.0,0.83,0.81,0.85,84.0,1602.0,0.5293015820312501,True,CALL,2026-07-17,GRAB
GRAB260717C00005000,5.0,0.45,0.43,0.47,146.0,8735.0,0.5546919531250001,False,CALL,2026-07-17,GRAB
GRAB260717P00004000,4.0,0.32,0.27,0.35,2.0,9919.0,0.46484910156250003,False,PUT,2026-07-17,GRAB
GRAB260717P00005000,5.0,0.95,0.84,0.98,23.0,1757.0,0.5039112109375,True,PUT,2026-07-17,GRAB
GRAB270115C00003500,3.5,1.39,1.39,1.55,89.0,3384.0,0.62305064453125,True,CALL,2027-01-15,GRAB
GRAB270115C00004000,4.0,1.14,1.11,1.15,199.0,17609.0,0.559574716796875,True,CALL,2027-01-15,GRAB
GRAB270115C00004500,4.5,0.92,0.9,0.93,578.0,26078.0,0.5566450585937501,False,CALL,2027-01-15,GRAB
GRAB270115C00005000,5.0,0.75,0.73,0.76,601.0,103550.0,0.5566450585937501,False,CALL,2027-01-15,GRAB
GRAB270115C00005500,5.5,0.62,0.6,0.64,232.0,50570.0,0.5644574804687501,False,CALL,2027-01-15,GRAB
GRAB270115P00003500,3.5,0.35,0.28,0.35,21.0,6200.0,0.46680220703125,False,PUT,2027-01-15,GRAB
GRAB270115P00004000,4.0,0.55,0.5,0.58,30.0,1815.0,0.47070841796875,False,PUT,2027-01-15,GRAB
GRAB270115P00004500,4.5,0.82,0.81,0.84,22.0,2645.0,0.45898978515625005,True,PUT,2027-01-15,GRAB
GRAB270115P00005000,5.0,1.15,1.0,1.18,20.0,14559.0,0.467778759765625,True,PUT,2027-01-15,GRAB
GRAB270115P00005500,5.5,1.41,1.03,1.54,73.0,3388.0,0.46484910156250003,True,PUT,2027-01-15,GRAB
GRAB270617C00003500,3.5,1.6,1.49,1.73,11.0,2358.0,0.6054726953125001,True,CALL,2027-06-17,GRAB
GRAB270617C00004000,4.0,1.4,1.2,1.8,1.0,2427.0,0.6679720703125002,True,CALL,2027-06-17,GRAB
GRAB270617C00004500,4.5,1.13,1.08,1.16,10.0,5932.0,0.567387138671875,False,CALL,2027-06-17,GRAB
GRAB270617C00005000,5.0,0.95,0.85,1.06,10.0,12254.0,0.567387138671875,False,CALL,2027-06-17,GRAB
GRAB270617C00005500,5.5,0.83,0.8,0.85,190.0,4569.0,0.5712933496093751,False,CALL,2027-06-17,GRAB
GRAB270617P00003500,3.5,0.33,0.0,0.7,20.0,49.0,0.6054726953125001,False,PUT,2027-06-17,GRAB
GRAB270617P00004000,4.0,0.65,0.37,0.89,1.0,786.0,0.559574716796875,False,PUT,2027-06-17,GRAB
GRAB270617P00004500,4.5,1.2,0.44,1.81,1.0,1314.0,0.524418818359375,True,PUT,2027-06-17,GRAB
GRAB270617P00005000,5.0,1.4,1.2,1.4,10.0,841.0,0.49707534179687507,True,PUT,2027-06-17,GRAB
GRAB270617P00005500,5.5,1.63,0.96,1.7,20.0,83.0,0.46680220703125,True,PUT,2027-06-17,GRAB
GRAB271217C00003500,3.5,1.7,1.52,2.51,1.0,1638.0,0.7324245507812499,True,CALL,2027-12-17,GRAB
GRAB271217C00004000,4.0,1.58,1.42,2.56,12.0,3127.0,0.8125018749999999,True,CALL,2027-12-17,GRAB
GRAB271217C00004500,4.5,1.34,1.3,1.71,5.0,2719.0,0.6562534375000001,False,CALL,2027-12-17,GRAB
GRAB271217C00005000,5.0,1.18,1.1,1.19,57.0,16308.0,0.5654340332031251,False,CALL,2027-12-17,GRAB
GRAB271217C00005500,5.5,1.11,0.95,1.32,50.0,11029.0,0.6181678808593751,False,CALL,2027-12-17,GRAB
GRAB271217P00003500,3.5,0.53,0.4,0.85,8.0,2697.0,0.5976602734375001,False,PUT,2027-12-17,GRAB
GRAB271217P00004000,4.0,0.84,0.73,0.95,1.0,315.0,0.506840869140625,False,PUT,2027-12-17,GRAB
GRAB271217P00004500,4.5,1.1,0.96,1.52,2.0,488.0,0.62305064453125,True,PUT,2027-12-17,GRAB
GRAB271217P00005000,5.0,1.36,1.07,1.48,12.0,1989.0,0.45898978515625005,True,PUT,2027-12-17,GRAB
GRAB271217P00005500,5.5,1.69,1.44,1.82,10.0,272.0,0.450200810546875,True,PUT,2027-12-17,GRAB
GRAB280121C00004000,4.0,1.6,1.55,1.6,405.0,6822.0,0.5927775097656252,True,CALL,2028-01-21,GRAB
GRAB280121C00005000,5.0,1.17,1.19,1.31,1659.0,25572.0,0.59570716796875,False,CALL,2028-01-21,GRAB
GRAB280121P00004000,4.0,0.85,0.75,0.92,50.0,517.0,0.481450498046875,False,PUT,2028-01-21,GRAB
GRAB280121P00005000,5.0,1.25,1.29,1.5,200.0,3408.0,0.45606012695312503,True,PUT,2028-01-21,GRAB
GS260130C00655000,655.0,307.16,275.2,283.75,,1.0,2.895510573730469,True,CALL,2026-01-30,GS
GS260130C00660000,660.0,242.79,270.2,278.65,1.0,1.0,2.8264189495849603,True,CALL,2026-01-30,GS
GS260130C00675000,675.0,210.75,255.2,264.3,,1.0,2.7766143865966795,True,CALL,2026-01-30,GS
GS260130C00695000,695.0,268.05,235.2,243.95,,5.0,2.519779091186523,True,CALL,2026-01-30,GS
GS260130C00700000,700.0,203.35,230.2,239.15,10.0,7.0,2.4987830499267583,True,CALL,2026-01-30,GS
GS260130C00705000,705.0,180.1,225.2,233.95,,0.0,2.419925825195312,True,CALL,2026-01-30,GS
GS260130C00710000,710.0,192.35,220.2,228.95,2.0,5.0,2.3703654022216787,True,CALL,2026-01-30,GS
GS260130C00715000,715.0,218.98,215.2,223.95,1.0,1.0,2.321049119262695,True,CALL,2026-01-30,GS
GS260130C00720000,720.0,164.3,210.8,217.15,2.0,1.0,1.9736329443359377,True,CALL,2026-01-30,GS
GS260130C00725000,725.0,164.0,205.8,212.15,,1.0,1.9296878515625,True,CALL,2026-01-30,GS
GS260130C00730000,730.0,195.8,200.8,206.45,6.0,10.0,1.7250990307617187,True,CALL,2026-01-30,GS
GS260130C00735000,735.0,167.1,195.8,202.1,,3.0,1.8320320898437497,True,CALL,2026-01-30,GS
GS260130C00740000,740.0,185.8,190.8,196.95,1.0,11.0,1.7587902685546877,True,CALL,2026-01-30,GS
GS260130C00745000,745.0,180.8,185.8,192.15,7.0,9.0,1.7553723168945314,True,CALL,2026-01-30,GS
GS260130C00750000,750.0,129.55,180.8,186.95,2.0,0.0,1.673829755859375,True,CALL,2026-01-30,GS
GS260130C00755000,755.0,152.55,175.8,181.15,,1.0,1.44140904296875,True,CALL,2026-01-30,GS
GS260130C00760000,760.0,144.0,170.8,176.05,4.0,3.0,1.3720734521484375,True,CALL,2026-01-30,GS
GS260130C00765000,765.0,140.95,165.8,172.2,11.0,4.0,1.5922871948242183,True,CALL,2026-01-30,GS
GS260130C00770000,770.0,196.7,160.8,167.2,3.0,13.0,1.5498069384765623,True,CALL,2026-01-30,GS
GS260130C00775000,775.0,183.28,155.8,161.1,1.0,6.0,1.2749059692382811,True,CALL,2026-01-30,GS
GS260130C00780000,780.0,145.9,150.8,156.1,1.0,32.0,1.237796779785156,True,CALL,2026-01-30,GS
GS260130C00785000,785.0,129.25,145.8,150.9,2.0,9.0,1.138676181640625,True,CALL,2026-01-30,GS
GS260130C00790000,790.0,143.65,140.8,147.2,10.0,6.0,1.3801300524902342,True,CALL,2026-01-30,GS
GS260130C00795000,795.0,130.95,135.8,142.2,1.0,31.0,1.3378939355468746,True,CALL,2026-01-30,GS
GS260130C00800000,800.0,135.0,130.85,136.5,1.0,9.0,1.1779826257324215,True,CALL,2026-01-30,GS
GS260130C00805000,805.0,154.75,125.8,132.2,2.0,9.0,1.25390998046875,True,CALL,2026-01-30,GS
GS260130C00810000,810.0,124.75,120.8,127.2,22.0,19.0,1.2119180029296874,True,CALL,2026-01-30,GS
GS260130C00815000,815.0,98.6,115.25,121.15,2.0,20.0,0.99023447265625,True,CALL,2026-01-30,GS
GS260130C00820000,820.0,106.85,110.85,117.1,5.0,27.0,1.1145063806152344,True,CALL,2026-01-30,GS
GS260130C00825000,825.0,101.25,105.25,111.0,1.0,28.0,0.8818371191406249,True,CALL,2026-01-30,GS
GS260130C00830000,830.0,98.55,100.25,106.0,2.0,5.0,0.8457046679687499,True,CALL,2026-01-30,GS
GS260130C00835000,835.0,102.13,95.85,101.0,2.0,55.0,0.8100604931640624,True,CALL,2026-01-30,GS
GS260130C00840000,840.0,93.22,90.85,95.7,2.0,18.0,0.692385888671875,True,CALL,2026-01-30,GS
GS260130C00845000,845.0,83.54,85.85,91.6,9.0,16.0,0.84179845703125,True,CALL,2026-01-30,GS
GS260130C00850000,850.0,89.62,80.9,86.0,1.0,13.0,0.702151416015625,True,CALL,2026-01-30,GS
GS260130C00855000,855.0,74.65,75.9,80.9,1.0,7.0,0.6450230810546875,True,CALL,2026-01-30,GS
GS260130C00860000,860.0,88.47,70.9,75.9,1.0,44.0,0.6098671826171876,True,CALL,2026-01-30,GS
GS260130C00865000,865.0,67.0,65.95,71.2,2.0,9.0,0.6276892700195313,True,CALL,2026-01-30,GS
GS260130C00870000,870.0,62.5,61.0,66.85,8.0,23.0,0.6716341430664063,True,CALL,2026-01-30,GS
GS260130C00875000,875.0,53.4,55.25,61.4,2.0,32.0,0.5788616333007812,True,CALL,2026-01-30,GS
GS260130C00880000,880.0,52.0,50.5,56.35,74.0,96.0,0.5334519311523438,True,CALL,2026-01-30,GS
GS260130C00885000,885.0,48.65,45.6,50.6,2.0,21.0,0.36865865722656255,True,CALL,2026-01-30,GS
GS260130C00890000,890.0,51.7,41.2,46.2,3.0,59.0,0.43726148681640625,True,CALL,2026-01-30,GS
GS260130C00895000,895.0,36.08,35.8,42.05,4.0,89.0,0.47803256347656253,True,CALL,2026-01-30,GS
GS260130C00900000,900.0,29.6,31.45,37.1,19.0,169.0,0.4373835559082031,True,CALL,2026-01-30,GS
GS260130C00905000,905.0,23.4,26.3,32.3,2.0,104.0,0.4056455920410156,True,CALL,2026-01-30,GS
GS260130C00910000,910.0,32.95,21.1,27.15,33.0,37.0,0.3487613952636719,True,CALL,2026-01-30,GS
GS260130C00915000,915.0,19.5,16.7,22.4,34.0,70.0,0.31525342956542957,True,CALL,2026-01-30,GS
GS260130C00920000,920.0,15.4,15.45,17.3,22.0,146.0,0.2587354400634766,True,CALL,2026-01-30,GS
GS260130C00925000,925.0,10.6,11.45,14.5,25.0,162.0,0.30133755310058596,True,CALL,2026-01-30,GS
GS260130C00930000,930.0,10.0,8.2,10.4,165.0,443.0,0.26807372558593745,True,CALL,2026-01-30,GS
GS260130C00932500,932.5,8.0,8.0,8.95,21.0,89.0,0.26856200195312496,True,CALL,2026-01-30,GS
GS260130C00935000,935.0,6.65,5.7,8.4,86.0,204.0,0.2967599621582031,True,CALL,2026-01-30,GS
GS260130C00937500,937.5,5.1,4.65,6.25,55.0,115.0,0.26215337463378907,False,CALL,2026-01-30,GS
GS260130C00940000,940.0,4.3,3.75,5.0,88.0,331.0,0.25501233276367197,False,CALL,2026-01-30,GS
GS260130C00942500,942.5,3.05,3.05,4.3,51.0,88.0,0.2634961346435547,False,CALL,2026-01-30,GS
GS260130C00945000,945.0,2.7,2.41,3.15,562.0,268.0,0.249030947265625,False,CALL,2026-01-30,GS
GS260130C00947500,947.5,2.64,1.82,2.99,16.0,102.0,0.27136959106445313,False,CALL,2026-01-30,GS
GS260130C00950000,950.0,2.0,1.48,2.38,739.0,813.0,0.2706371765136719,False,CALL,2026-01-30,GS
GS260130C00952500,952.5,1.42,1.03,1.73,97.0,291.0,0.2620923400878906,False,CALL,2026-01-30,GS
GS260130C00955000,955.0,1.01,0.84,1.56,159.0,221.0,0.2757640783691406,False,CALL,2026-01-30,GS
GS260130C00957500,957.5,1.0,0.47,1.09,78.0,152.0,0.26697510375976563,False,CALL,2026-01-30,GS
GS260130C00960000,960.0,0.6,0.38,0.85,268.0,465.0,0.2688061401367187,False,CALL,2026-01-30,GS
GS260130C00962500,962.5,0.6,0.21,0.8,89.0,146.0,0.28394270751953116,False,CALL,2026-01-30,GS
GS260130C00965000,965.0,0.42,0.25,0.56,278.0,278.0,0.27857166748046874,False,CALL,2026-01-30,GS
GS260130C00967500,967.5,0.3,0.17,0.55,9.0,37.0,0.2951730639648437,False,CALL,2026-01-30,GS
GS260130C00970000,970.0,0.25,0.16,0.34,355.0,312.0,0.2836985693359374,False,CALL,2026-01-30,GS
GS260130C00975000,975.0,0.22,0.11,0.33,162.0,327.0,0.3139717041015625,False,CALL,2026-01-30,GS
GS260130C00980000,980.0,0.16,0.12,0.12,61.0,509.0,0.29395237304687494,False,CALL,2026-01-30,GS
GS260130C00985000,985.0,0.15,0.03,0.36,19.0,200.0,0.3815979809570312,False,CALL,2026-01-30,GS
GS260130C00990000,990.0,0.1,0.05,0.24,167.0,329.0,0.3852600537109374,False,CALL,2026-01-30,GS
GS260130C00995000,995.0,0.05,0.0,0.28,24.0,107.0,0.42383388671875,False,CALL,2026-01-30,GS
GS260130C01000000,1000.0,0.04,0.02,0.07,226.0,1094.0,0.37402969726562496,False,CALL,2026-01-30,GS
GS260130C01005000,1005.0,0.02,0.0,0.25,17.0,192.0,0.4726615234375,False,CALL,2026-01-30,GS
GS260130C01010000,1010.0,0.06,0.03,0.1,10.0,272.0,0.4414118359375,False,CALL,2026-01-30,GS
GS260130C01015000,1015.0,0.16,0.0,0.25,1.0,125.0,0.5268602001953125,False,CALL,2026-01-30,GS
GS260130C01020000,1020.0,0.02,0.0,0.2,1.0,388.0,0.5361374511718751,False,CALL,2026-01-30,GS
GS260130C01025000,1025.0,0.12,0.0,0.57,25.0,34.0,0.5913126806640626,False,CALL,2026-01-30,GS
GS260130C01030000,1030.0,0.12,0.0,0.57,1.0,458.0,0.6176796044921876,False,CALL,2026-01-30,GS
GS260130C01035000,1035.0,0.32,0.0,0.9,2.0,24.0,0.6904327832031252,False,CALL,2026-01-30,GS
GS260130C01040000,1040.0,0.45,0.0,3.1,1.0,40.0,0.8989267919921874,False,CALL,2026-01-30,GS
GS260130C01045000,1045.0,0.19,0.0,3.45,4.0,9.0,0.9516606396484374,False,CALL,2026-01-30,GS
GS260130C01050000,1050.0,0.03,0.0,0.04,4.0,131.0,0.5351608984375,False,CALL,2026-01-30,GS
GS260130C01055000,1055.0,0.03,0.0,4.3,27.0,65.0,1.0638474542236331,False,CALL,2026-01-30,GS
GS260130C01060000,1060.0,0.01,0.0,0.45,5.0,225.0,0.747072841796875,False,CALL,2026-01-30,GS
GS260130C01070000,1070.0,0.09,0.0,4.25,10.0,84.0,1.1555218005371093,False,CALL,2026-01-30,GS
GS260130C01080000,1080.0,0.01,0.0,0.01,5.0,67.0,0.57812921875,False,CALL,2026-01-30,GS
GS260130C01090000,1090.0,0.35,0.0,4.25,18.0,39.0,1.2771032238769529,False,CALL,2026-01-30,GS
GS260130C01100000,1100.0,0.01,0.0,0.04,23.0,178.0,0.726565234375,False,CALL,2026-01-30,GS
GS260130C01110000,1110.0,0.03,0.0,4.3,7.0,14.0,1.3974639501953123,False,CALL,2026-01-30,GS
GS260130C01120000,1120.0,0.05,0.0,4.3,1.0,11.0,1.4543484313964843,False,CALL,2026-01-30,GS
GS260130C01130000,1130.0,0.36,0.0,4.3,,2.0,1.5105004943847655,False,CALL,2026-01-30,GS
GS260130C01150000,1150.0,0.05,0.0,4.3,,40.0,1.6198749475097656,False,CALL,2026-01-30,GS
GS260130C01200000,1200.0,0.04,0.0,0.05,,5.0,1.09375453125,False,CALL,2026-01-30,GS
GS260130P00690000,690.0,0.01,0.01,0.05,4.0,5.0,1.3671906640625,False,PUT,2026-01-30,GS
GS260130P00695000,695.0,0.01,0.01,0.05,12.0,4.0,1.3359408203124996,False,PUT,2026-01-30,GS
GS260130P00700000,700.0,0.13,0.01,0.1,13.0,12.0,1.3789093554687497,False,PUT,2026-01-30,GS
GS260130P00710000,710.0,0.13,0.0,0.05,2.0,30.0,1.2265663671875,False,PUT,2026-01-30,GS
GS260130P00715000,715.0,0.02,0.0,0.05,16.0,16.0,1.1953165234375,False,PUT,2026-01-30,GS
GS260130P00720000,720.0,0.01,0.0,4.3,1.0,188.0,2.0520068231201165,False,PUT,2026-01-30,GS
GS260130P00725000,725.0,0.03,0.0,0.03,1.0,279.0,1.09375453125,False,PUT,2026-01-30,GS
GS260130P00730000,730.0,0.01,0.0,0.1,3.0,72.0,1.18359783203125,False,PUT,2026-01-30,GS
GS260130P00735000,735.0,0.01,0.0,0.1,1.0,95.0,1.15625421875,False,PUT,2026-01-30,GS
GS260130P00740000,740.0,0.01,0.0,4.3,1.0,35.0,1.8718268127441409,False,PUT,2026-01-30,GS
GS260130P00745000,745.0,0.01,0.0,4.3,2.0,168.0,1.8271493017578124,False,PUT,2026-01-30,GS
GS260130P00750000,750.0,0.02,0.0,0.06,20.0,184.0,1.015629921875,False,PUT,2026-01-30,GS
GS260130P00755000,755.0,0.02,0.0,0.1,7.0,142.0,1.0351610742187503,False,PUT,2026-01-30,GS
GS260130P00760000,760.0,0.02,0.0,0.38,13.0,97.0,1.1630901220703125,False,PUT,2026-01-30,GS
GS260130P00765000,765.0,0.01,0.0,4.3,3.0,62.0,1.650392373046875,False,PUT,2026-01-30,GS
GS260130P00770000,770.0,0.04,0.0,0.58,6.0,110.0,1.158207333984375,False,PUT,2026-01-30,GS
GS260130P00775000,775.0,1.17,0.0,4.3,5.0,100.0,1.5629904663085936,False,PUT,2026-01-30,GS
GS260130P00780000,780.0,0.05,0.0,0.58,3.0,160.0,1.08984830078125,False,PUT,2026-01-30,GS
GS260130P00785000,785.0,0.05,0.0,0.23,8.0,413.0,0.9423833886718749,False,PUT,2026-01-30,GS
GS260130P00790000,790.0,0.03,0.01,0.07,35.0,116.0,0.8164080859374999,False,PUT,2026-01-30,GS
GS260130P00795000,795.0,0.09,0.0,4.3,2.0,81.0,1.3891632104492184,False,PUT,2026-01-30,GS
GS260130P00800000,800.0,0.01,0.0,0.15,1.0,231.0,0.8105487695312499,False,PUT,2026-01-30,GS
GS260130P00805000,805.0,0.03,0.0,0.09,10.0,60.0,0.7421900781249999,False,PUT,2026-01-30,GS
GS260130P00810000,810.0,0.15,0.0,0.89,52.0,87.0,0.9458013232421875,False,PUT,2026-01-30,GS
GS260130P00815000,815.0,0.03,0.0,0.1,7.0,149.0,0.69336244140625,False,PUT,2026-01-30,GS
GS260130P00820000,820.0,0.05,0.01,0.09,16.0,291.0,0.6660189648437502,False,PUT,2026-01-30,GS
GS260130P00825000,825.0,0.05,0.01,0.09,18.0,100.0,0.6367223828125,False,PUT,2026-01-30,GS
GS260130P00830000,830.0,0.04,0.0,0.1,11.0,109.0,0.6093789062500001,False,PUT,2026-01-30,GS
GS260130P00835000,835.0,0.2,0.0,0.2,71.0,126.0,0.6289099609375001,False,PUT,2026-01-30,GS
GS260130P00840000,840.0,0.05,0.0,0.13,9.0,144.0,0.570316796875,False,PUT,2026-01-30,GS
GS260130P00845000,845.0,0.4,0.0,0.15,3.0,126.0,0.5507857421875001,False,PUT,2026-01-30,GS
GS260130P00850000,850.0,0.05,0.02,0.12,7.0,176.0,0.5195360546875,False,PUT,2026-01-30,GS
GS260130P00855000,855.0,0.06,0.0,0.28,2.0,188.0,0.534184345703125,False,PUT,2026-01-30,GS
GS260130P00860000,860.0,0.21,0.02,0.38,7.0,554.0,0.5293015820312501,False,PUT,2026-01-30,GS
GS260130P00865000,865.0,0.1,0.04,0.4,10.0,186.0,0.5043994873046875,False,PUT,2026-01-30,GS
GS260130P00870000,870.0,0.18,0.08,0.18,82.0,996.0,0.45898978515625005,False,PUT,2026-01-30,GS
GS260130P00875000,875.0,0.18,0.03,0.3,87.0,309.0,0.4624077197265626,False,PUT,2026-01-30,GS
GS260130P00880000,880.0,0.23,0.13,0.32,42.0,857.0,0.4335994140625,False,PUT,2026-01-30,GS
GS260130P00885000,885.0,0.32,0.15,0.51,53.0,485.0,0.43506424316406256,False,PUT,2026-01-30,GS
GS260130P00890000,890.0,0.44,0.26,0.57,17.0,416.0,0.40772076660156253,False,PUT,2026-01-30,GS
GS260130P00895000,895.0,0.54,0.34,0.69,35.0,326.0,0.3859924682617187,False,PUT,2026-01-30,GS
GS260130P00900000,900.0,0.56,0.41,0.8,122.0,567.0,0.35938140625,False,PUT,2026-01-30,GS
GS260130P00905000,905.0,0.77,0.66,1.07,92.0,288.0,0.3438786315917969,False,PUT,2026-01-30,GS
GS260130P00910000,910.0,1.45,0.95,1.24,169.0,461.0,0.3139717041015625,False,PUT,2026-01-30,GS
GS260130P00915000,915.0,1.81,1.09,2.09,110.0,302.0,0.32068550415039054,False,PUT,2026-01-30,GS
GS260130P00920000,920.0,3.39,1.96,3.0,269.0,480.0,0.31372756591796874,False,PUT,2026-01-30,GS
GS260130P00925000,925.0,5.4,2.95,4.35,295.0,364.0,0.3118354949951171,False,PUT,2026-01-30,GS
GS260130P00930000,930.0,7.75,4.9,6.25,148.0,443.0,0.31537549865722647,False,PUT,2026-01-30,GS
GS260130P00932500,932.5,6.69,5.85,8.3,20.0,365.0,0.35108070800781244,False,PUT,2026-01-30,GS
GS260130P00935000,935.0,11.05,6.85,9.65,89.0,463.0,0.3566958862304687,False,PUT,2026-01-30,GS
GS260130P00937500,937.5,8.3,7.1,11.6,4.0,91.0,0.3803772900390625,True,PUT,2026-01-30,GS
GS260130P00940000,940.0,10.85,10.0,12.15,36.0,122.0,0.34955484436035156,True,PUT,2026-01-30,GS
GS260130P00942500,942.5,17.45,10.45,15.4,12.0,111.0,0.41498387756347654,True,PUT,2026-01-30,GS
GS260130P00945000,945.0,14.32,12.3,16.4,36.0,125.0,0.3940490283203125,True,PUT,2026-01-30,GS
GS260130P00947500,947.5,9.6,14.3,18.7,2.0,47.0,0.41974457214355465,True,PUT,2026-01-30,GS
GS260130P00950000,950.0,20.37,16.0,19.4,77.0,129.0,0.37842418457031246,True,PUT,2026-01-30,GS
GS260130P00952500,952.5,25.7,18.4,21.9,17.0,33.0,0.407781801147461,True,PUT,2026-01-30,GS
GS260130P00955000,955.0,23.0,19.7,23.9,6.0,127.0,0.4140073248291015,True,PUT,2026-01-30,GS
GS260130P00957500,957.5,10.44,21.65,28.15,9.0,16.0,0.518986743774414,True,PUT,2026-01-30,GS
GS260130P00960000,960.0,29.72,24.8,28.8,12.0,195.0,0.46295703063964844,True,PUT,2026-01-30,GS
GS260130P00962500,962.5,35.65,26.8,32.25,2.0,10.0,0.5338791729736327,True,PUT,2026-01-30,GS
GS260130P00965000,965.0,24.25,29.65,33.65,3.0,198.0,0.5065967309570312,True,PUT,2026-01-30,GS
GS260130P00967500,967.5,39.55,32.0,37.05,8.0,16.0,0.57617611328125,True,PUT,2026-01-30,GS
GS260130P00970000,970.0,42.52,34.25,39.5,2.0,67.0,0.5988809643554689,True,PUT,2026-01-30,GS
GS260130P00975000,975.0,44.67,39.2,44.8,5.0,30.0,0.5050098327636718,True,PUT,2026-01-30,GS
GS260130P00980000,980.0,29.41,44.05,48.95,4.0,50.0,0.5109912182617188,True,PUT,2026-01-30,GS
GS260130P00985000,985.0,51.9,49.25,54.15,17.0,17.0,0.5659223095703125,True,PUT,2026-01-30,GS
GS260130P00990000,990.0,38.6,53.05,59.1,4.0,1.0,0.5521285021972657,True,PUT,2026-01-30,GS
GS260130P00995000,995.0,62.05,59.55,64.45,2.0,0.0,0.6671175866699222,True,PUT,2026-01-30,GS
GS260130P01000000,1000.0,68.86,62.7,69.45,130.0,0.0,0.624027197265625,True,PUT,2026-01-30,GS
GS260130P01005000,1005.0,76.1,67.0,74.35,1.0,0.0,0.6145058081054688,True,PUT,2026-01-30,GS
GS260130P01010000,1010.0,81.0,70.8,79.95,4.0,0.0,0.6064492480468751,True,PUT,2026-01-30,GS
GS260130P01015000,1015.0,86.95,76.0,84.35,2.0,0.0,0.6040078662109377,True,PUT,2026-01-30,GS
GS260130P01020000,1020.0,60.7,80.65,89.95,12.0,0.0,0.6557651611328126,True,PUT,2026-01-30,GS
GS260130P01025000,1025.0,95.95,86.0,94.35,2.0,0.0,0.6626010302734376,True,PUT,2026-01-30,GS
GS260130P01030000,1030.0,65.5,90.7,99.35,,0.0,0.65820654296875,True,PUT,2026-01-30,GS
GS260130P01040000,1040.0,96.7,101.0,109.35,2.0,0.0,0.7478052563476563,True,PUT,2026-01-30,GS
GS260130P01050000,1050.0,75.1,110.65,119.35,,0.0,0.7592797509765626,True,PUT,2026-01-30,GS
GS260130P01060000,1060.0,107.2,120.95,129.35,2.0,0.0,0.851563984375,True,PUT,2026-01-30,GS
GS260130P01070000,1070.0,89.45,130.65,139.35,,0.0,0.8623060644531251,True,PUT,2026-01-30,GS
GS260130P01080000,1080.0,105.4,140.8,149.35,,0.0,0.9355475195312499,True,PUT,2026-01-30,GS
GS260130P01100000,1100.0,161.96,160.65,169.35,2.0,0.0,1.009770576171875,True,PUT,2026-01-30,GS
GS260130P01120000,1120.0,144.45,180.8,189.95,,0.0,1.2163125122070313,True,PUT,2026-01-30,GS
GS260130P01170000,1170.0,212.77,230.95,239.35,,0.0,1.3867218164062498,True,PUT,2026-01-30,GS
GS260206C00660000,660.0,281.09,271.2,279.2,,1.0,1.3754914038085935,True,CALL,2026-02-06,GS
GS260206C00675000,675.0,235.2,256.2,262.85,2.0,1.0,1.1923868505859376,True,CALL,2026-02-06,GS
GS260206C00680000,680.0,270.0,251.25,257.0,,1.0,1.0827682580566407,True,CALL,2026-02-06,GS
GS260206C00700000,700.0,231.82,231.0,236.65,1.0,2.0,0.9570316796874999,True,CALL,2026-02-06,GS
GS260206C00710000,710.0,201.35,221.0,226.4,2.0,1.0,0.883790224609375,True,CALL,2026-02-06,GS
GS260206C00715000,715.0,197.0,216.0,221.7,2.0,1.0,0.9025888647460938,True,CALL,2026-02-06,GS
GS260206C00720000,720.0,192.55,210.75,216.75,2.0,1.0,0.888428850097656,True,CALL,2026-02-06,GS
GS260206C00725000,725.0,187.2,206.0,211.75,2.0,1.0,0.8684095190429688,True,CALL,2026-02-06,GS
GS260206C00735000,735.0,177.2,196.4,201.8,2.0,1.0,0.8338639660644529,True,CALL,2026-02-06,GS
GS260206C00740000,740.0,216.8,191.0,196.45,1.0,0.0,0.7746604565429689,True,CALL,2026-02-06,GS
GS260206C00750000,750.0,163.2,181.0,186.8,2.0,1.0,0.7744163183593751,True,CALL,2026-02-06,GS
GS260206C00755000,755.0,224.15,176.45,181.6,2.0,5.0,0.73437765625,True,CALL,2026-02-06,GS
GS260206C00760000,760.0,173.7,171.0,176.25,,1.0,0.6748079394531252,True,CALL,2026-02-06,GS
GS260206C00770000,770.0,153.35,161.55,166.95,3.0,5.0,0.7097196997070312,True,CALL,2026-02-06,GS
GS260206C00775000,775.0,139.85,156.55,161.8,2.0,1.0,0.6770051831054689,True,CALL,2026-02-06,GS
GS260206C00780000,780.0,150.65,151.6,157.05,2.0,5.0,0.6787141503906251,True,CALL,2026-02-06,GS
GS260206C00785000,785.0,156.05,146.6,152.1,2.0,0.0,0.6628451684570313,True,CALL,2026-02-06,GS
GS260206C00790000,790.0,183.85,141.65,146.9,,2.0,0.6274451318359376,True,CALL,2026-02-06,GS
GS260206C00795000,795.0,181.9,136.7,142.0,,0.0,0.6158485681152344,True,CALL,2026-02-06,GS
GS260206C00800000,800.0,167.6,131.75,137.2,2.0,0.0,0.6108437353515627,True,CALL,2026-02-06,GS
GS260206C00805000,805.0,129.9,126.8,133.05,,1.0,0.6430699755859376,True,CALL,2026-02-06,GS
GS260206C00810000,810.0,155.86,121.85,127.3,20.0,22.0,0.5777630114746093,True,CALL,2026-02-06,GS
GS260206C00815000,815.0,121.4,116.9,123.1,12.0,7.0,0.603763728027344,True,CALL,2026-02-06,GS
GS260206C00820000,820.0,132.25,112.0,117.45,3.0,4.0,0.547001600341797,True,CALL,2026-02-06,GS
GS260206C00825000,825.0,109.7,106.45,112.75,2.0,3.0,0.5435836657714845,True,CALL,2026-02-06,GS
GS260206C00830000,830.0,138.2,102.1,107.5,2.0,3.0,0.5095263891601562,True,CALL,2026-02-06,GS
GS260206C00835000,835.0,103.5,97.15,103.4,2.0,2.0,0.5335740002441407,True,CALL,2026-02-06,GS
GS260206C00840000,840.0,99.95,91.9,97.6,26.0,20.0,0.47437049072265625,True,CALL,2026-02-06,GS
GS260206C00845000,845.0,107.3,86.8,93.55,12.0,9.0,0.49707534179687507,True,CALL,2026-02-06,GS
GS260206C00850000,850.0,86.26,81.95,88.0,2.0,15.0,0.45203184692382814,True,CALL,2026-02-06,GS
GS260206C00855000,855.0,81.46,77.05,83.65,3.0,9.0,0.457585990600586,True,CALL,2026-02-06,GS
GS260206C00860000,860.0,81.85,72.15,78.0,3.0,14.0,0.4097959411621094,True,CALL,2026-02-06,GS
GS260206C00865000,865.0,78.95,67.55,73.85,12.0,12.0,0.42078215942382813,True,CALL,2026-02-06,GS
GS260206C00870000,870.0,63.75,62.85,69.4,25.0,39.0,0.41687594848632803,True,CALL,2026-02-06,GS
GS260206C00875000,875.0,59.6,57.9,64.3,2.0,4.0,0.3905700592041016,True,CALL,2026-02-06,GS
GS260206C00880000,880.0,54.2,53.9,58.85,4.0,81.0,0.35309484802246094,True,CALL,2026-02-06,GS
GS260206C00885000,885.0,57.5,49.35,53.55,2.0,15.0,0.32068550415039054,True,CALL,2026-02-06,GS
GS260206C00890000,890.0,42.95,44.4,50.0,13.0,22.0,0.3395146615600586,True,CALL,2026-02-06,GS
GS260206C00895000,895.0,40.08,39.85,45.2,10.0,54.0,0.3198310205078124,True,CALL,2026-02-06,GS
GS260206C00900000,900.0,35.99,35.55,41.85,13.0,68.0,0.3334417242431641,True,CALL,2026-02-06,GS
GS260206C00905000,905.0,32.55,33.2,37.8,25.0,42.0,0.3264837860107421,True,CALL,2026-02-06,GS
GS260206C00910000,910.0,30.05,29.15,33.45,10.0,45.0,0.3107673904418945,True,CALL,2026-02-06,GS
GS260206C00915000,915.0,26.9,26.1,29.6,8.0,37.0,0.3026803131103516,True,CALL,2026-02-06,GS
GS260206C00920000,920.0,31.75,23.1,25.75,1.0,42.0,0.29157202575683583,True,CALL,2026-02-06,GS
GS260206C00925000,925.0,26.58,20.3,22.5,12.0,153.0,0.2880930566406249,True,CALL,2026-02-06,GS
GS260206C00930000,930.0,16.1,17.1,19.1,43.0,99.0,0.2782054602050781,True,CALL,2026-02-06,GS
GS260206C00935000,935.0,15.85,14.8,16.0,12.0,90.0,0.26963010650634767,True,CALL,2026-02-06,GS
GS260206C00940000,940.0,12.65,12.6,13.9,9.0,111.0,0.2739635592651367,False,CALL,2026-02-06,GS
GS260206C00945000,945.0,13.25,10.95,11.75,11.0,102.0,0.2732616619873046,False,CALL,2026-02-06,GS
GS260206C00947500,947.5,12.55,8.15,10.6,43.0,55.0,0.26996579650878905,False,CALL,2026-02-06,GS
GS260206C00950000,950.0,10.25,8.6,9.85,96.0,148.0,0.2727428683471679,False,CALL,2026-02-06,GS
GS260206C00952500,952.5,8.5,7.4,9.15,27.0,23.0,0.2754894229125976,False,CALL,2026-02-06,GS
GS260206C00955000,955.0,7.26,7.0,8.1,28.0,74.0,0.27069821105957037,False,CALL,2026-02-06,GS
GS260206C00957500,957.5,6.95,5.45,7.5,2.0,21.0,0.2733837310791015,False,CALL,2026-02-06,GS
GS260206C00960000,960.0,5.96,5.0,7.05,64.0,117.0,0.2782054602050781,False,CALL,2026-02-06,GS
GS260206C00962500,962.5,5.7,3.85,6.55,69.0,44.0,0.2812877047729492,False,CALL,2026-02-06,GS
GS260206C00965000,965.0,4.6,3.7,6.1,14.0,206.0,0.2846751220703124,False,CALL,2026-02-06,GS
GS260206C00967500,967.5,10.13,3.35,5.2,1.0,36.0,0.27719839019775383,False,CALL,2026-02-06,GS
GS260206C00970000,970.0,5.1,2.85,4.65,69.0,154.0,0.27625235473632803,False,CALL,2026-02-06,GS
GS260206C00975000,975.0,3.44,2.56,3.75,41.0,140.0,0.2761913201904296,False,CALL,2026-02-06,GS
GS260206C00980000,980.0,2.61,1.94,3.2,25.0,121.0,0.2820506365966796,False,CALL,2026-02-06,GS
GS260206C00985000,985.0,2.21,1.67,2.45,53.0,117.0,0.27863270202636714,False,CALL,2026-02-06,GS
GS260206C00990000,990.0,1.45,1.47,2.16,15.0,91.0,0.2872385729980468,False,CALL,2026-02-06,GS
GS260206C00995000,995.0,1.72,1.04,1.8,5.0,85.0,0.29114478393554677,False,CALL,2026-02-06,GS
GS260206C01000000,1000.0,1.08,0.78,1.39,113.0,323.0,0.2898630584716796,False,CALL,2026-02-06,GS
GS260206C01005000,1005.0,1.11,0.6,1.26,2.0,55.0,0.2995675512695312,False,CALL,2026-02-06,GS
GS260206C01010000,1010.0,1.02,0.46,0.91,18.0,110.0,0.2946847875976562,False,CALL,2026-02-06,GS
GS260206C01015000,1015.0,0.6,0.4,0.91,30.0,88.0,0.309577216796875,False,CALL,2026-02-06,GS
GS260206C01020000,1020.0,0.4,0.4,0.77,16.0,81.0,0.3142158422851562,False,CALL,2026-02-06,GS
GS260206C01025000,1025.0,0.46,0.19,0.7,18.0,41.0,0.3227606787109374,False,CALL,2026-02-06,GS
GS260206C01030000,1030.0,0.4,0.24,0.47,44.0,54.0,0.3145820495605468,False,CALL,2026-02-06,GS
GS260206C01035000,1035.0,0.26,0.11,0.51,17.0,12.0,0.3320379296875,False,CALL,2026-02-06,GS
GS260206C01040000,1040.0,0.27,0.07,0.47,4.0,327.0,0.34058276611328125,False,CALL,2026-02-06,GS
GS260206C01045000,1045.0,0.14,0.01,0.92,41.0,20.0,0.3961242028808594,False,CALL,2026-02-06,GS
GS260206C01050000,1050.0,0.39,0.01,1.05,3.0,19.0,0.41992767578125,False,CALL,2026-02-06,GS
GS260206C01055000,1055.0,0.14,0.0,0.89,10.0,4.0,0.42090422851562503,False,CALL,2026-02-06,GS
GS260206C01060000,1060.0,0.12,0.0,0.89,106.0,37.0,0.4343318286132813,False,CALL,2026-02-06,GS
GS260206C01065000,1065.0,0.12,0.0,0.71,14.0,10.0,0.43066975585937506,False,CALL,2026-02-06,GS
GS260206C01070000,1070.0,0.27,0.0,2.1,17.0,12.0,0.5433395275878907,False,CALL,2026-02-06,GS
GS260206C01075000,1075.0,0.58,0.0,1.9,,1.0,0.5463912548828126,False,CALL,2026-02-06,GS
GS260206C01080000,1080.0,0.34,0.0,1.7,10.0,4.0,0.5481002221679689,False,CALL,2026-02-06,GS
GS260206C01090000,1090.0,0.36,0.0,4.3,8.0,36.0,0.6035195898437502,False,CALL,2026-02-06,GS
GS260206C01100000,1100.0,0.04,0.0,0.06,1.0,146.0,0.3789124609375,False,CALL,2026-02-06,GS
GS260206C01110000,1110.0,0.41,0.0,4.3,,50.0,0.6586948193359375,False,CALL,2026-02-06,GS
GS260206C01120000,1120.0,0.01,0.0,2.15,15.0,34.0,0.6040078662109377,False,CALL,2026-02-06,GS
GS260206C01130000,1130.0,0.25,0.0,4.3,,32.0,0.712039012451172,False,CALL,2026-02-06,GS
GS260206C01140000,1140.0,0.2,0.0,4.3,,8.0,0.7380397290039062,False,CALL,2026-02-06,GS
GS260206C01150000,1150.0,0.19,0.0,4.3,,27.0,0.76367423828125,False,CALL,2026-02-06,GS
GS260206C01160000,1160.0,0.21,0.0,4.3,,14.0,0.7888204711914062,False,CALL,2026-02-06,GS
GS260206C01200000,1200.0,0.5,0.0,4.3,,10.0,0.8858653991699219,False,CALL,2026-02-06,GS
GS260206P00675000,675.0,0.12,0.0,4.3,4.0,3.0,1.164310819091797,False,PUT,2026-02-06,GS
GS260206P00685000,685.0,0.1,0.0,4.3,,3.0,1.1198774475097655,False,PUT,2026-02-06,GS
GS260206P00690000,690.0,0.1,0.0,4.3,,15.0,1.0976607617187502,False,PUT,2026-02-06,GS
GS260206P00695000,695.0,0.12,0.0,4.3,,11.0,1.0756882153320313,False,PUT,2026-02-06,GS
GS260206P00700000,700.0,0.12,0.0,4.3,,8.0,1.0538377386474609,False,PUT,2026-02-06,GS
GS260206P00705000,705.0,0.14,0.0,4.3,8.0,15.0,1.031987261962891,False,PUT,2026-02-06,GS
GS260206P00710000,710.0,0.11,0.0,2.31,,10.0,0.9055185229492188,False,PUT,2026-02-06,GS
GS260206P00715000,715.0,0.21,0.0,2.1,,26.0,0.8720715917968749,False,PUT,2026-02-06,GS
GS260206P00720000,720.0,0.06,0.0,1.97,13.0,15.0,0.8437515624999999,False,PUT,2026-02-06,GS
GS260206P00725000,725.0,0.05,0.0,2.1,13.0,18.0,0.8332536206054686,False,PUT,2026-02-06,GS
GS260206P00730000,730.0,0.06,0.0,2.1,9.0,17.0,0.8139667041015625,False,PUT,2026-02-06,GS
GS260206P00735000,735.0,0.1,0.0,2.5,19.0,20.0,0.8183611914062499,False,PUT,2026-02-06,GS
GS260206P00740000,740.0,0.12,0.0,2.1,2.0,19.0,0.7756370092773439,False,PUT,2026-02-06,GS
GS260206P00745000,745.0,0.19,0.0,2.51,35.0,56.0,0.7797873583984375,False,PUT,2026-02-06,GS
GS260206P00750000,750.0,0.25,0.0,1.51,1.0,51.0,0.6992217578125001,False,PUT,2026-02-06,GS
GS260206P00755000,755.0,0.19,0.0,0.22,2.0,46.0,0.5293015820312501,False,PUT,2026-02-06,GS
GS260206P00760000,760.0,0.21,0.15,0.5,8.0,38.0,0.586918193359375,False,PUT,2026-02-06,GS
GS260206P00765000,765.0,0.2,0.0,0.41,1.0,60.0,0.5376022802734376,False,PUT,2026-02-06,GS
GS260206P00770000,770.0,0.09,0.19,0.51,1.0,72.0,0.559574716796875,False,PUT,2026-02-06,GS
GS260206P00775000,775.0,0.14,0.17,0.59,19.0,35.0,0.5495650512695314,False,PUT,2026-02-06,GS
GS260206P00780000,780.0,0.18,0.0,0.58,14.0,63.0,0.5136767382812499,False,PUT,2026-02-06,GS
GS260206P00785000,785.0,0.32,0.0,1.45,15.0,43.0,0.5698285205078125,False,PUT,2026-02-06,GS
GS260206P00790000,790.0,0.6,0.32,1.14,8.0,53.0,0.55273884765625,False,PUT,2026-02-06,GS
GS260206P00795000,795.0,0.33,0.12,0.52,4.0,65.0,0.5070850073242188,False,PUT,2026-02-06,GS
GS260206P00800000,800.0,0.43,0.27,0.6,10.0,72.0,0.5014698291015626,False,PUT,2026-02-06,GS
GS260206P00805000,805.0,0.74,0.4,1.2,15.0,26.0,0.507817421875,False,PUT,2026-02-06,GS
GS260206P00810000,810.0,0.65,0.44,0.9,1.0,30.0,0.5003712072753908,False,PUT,2026-02-06,GS
GS260206P00815000,815.0,0.62,0.44,1.22,2.0,21.0,0.5103808728027344,False,PUT,2026-02-06,GS
GS260206P00820000,820.0,0.55,0.49,1.24,7.0,23.0,0.493291199951172,False,PUT,2026-02-06,GS
GS260206P00825000,825.0,0.68,0.62,0.89,26.0,37.0,0.4458063232421875,False,PUT,2026-02-06,GS
GS260206P00830000,830.0,0.73,0.71,0.87,9.0,76.0,0.42615319946289065,False,PUT,2026-02-06,GS
GS260206P00835000,835.0,0.88,0.66,1.48,4.0,16.0,0.45337460693359377,False,PUT,2026-02-06,GS
GS260206P00840000,840.0,1.15,0.75,1.57,6.0,26.0,0.4398249377441406,False,PUT,2026-02-06,GS
GS260206P00845000,845.0,1.12,0.87,1.63,31.0,138.0,0.4239559558105469,False,PUT,2026-02-06,GS
GS260206P00850000,850.0,1.33,0.99,1.83,48.0,169.0,0.41528905029296875,False,PUT,2026-02-06,GS
GS260206P00855000,855.0,1.59,1.21,1.69,19.0,76.0,0.3880676428222656,False,PUT,2026-02-06,GS
GS260206P00860000,860.0,1.79,1.34,1.88,13.0,95.0,0.37781383911132804,False,PUT,2026-02-06,GS
GS260206P00865000,865.0,1.53,1.46,1.86,2.0,105.0,0.3567569207763671,False,PUT,2026-02-06,GS
GS260206P00870000,870.0,2.11,1.77,2.01,52.0,138.0,0.34326828613281246,False,PUT,2026-02-06,GS
GS260206P00875000,875.0,1.82,1.58,2.34,11.0,84.0,0.3360662097167969,False,PUT,2026-02-06,GS
GS260206P00880000,880.0,2.45,2.3,2.7,48.0,239.0,0.3280096496582031,False,PUT,2026-02-06,GS
GS260206P00885000,885.0,3.55,2.67,3.1,42.0,130.0,0.31928170959472646,False,PUT,2026-02-06,GS
GS260206P00890000,890.0,3.6,3.15,3.65,39.0,132.0,0.3130561859130859,False,PUT,2026-02-06,GS
GS260206P00895000,895.0,4.28,3.65,4.3,14.0,92.0,0.3069832485961914,False,PUT,2026-02-06,GS
GS260206P00900000,900.0,4.85,4.45,5.1,72.0,108.0,0.30188686401367193,False,PUT,2026-02-06,GS
GS260206P00905000,905.0,5.8,5.4,6.2,12.0,60.0,0.30054410400390624,False,PUT,2026-02-06,GS
GS260206P00910000,910.0,6.3,6.3,7.3,41.0,121.0,0.2955697885131836,False,PUT,2026-02-06,GS
GS260206P00915000,915.0,5.85,7.6,9.1,2.0,102.0,0.3008797940063477,False,PUT,2026-02-06,GS
GS260206P00920000,920.0,9.5,9.3,10.35,23.0,199.0,0.29172461212158196,False,PUT,2026-02-06,GS
GS260206P00925000,925.0,15.45,10.75,12.7,3.0,318.0,0.2988046194458007,False,PUT,2026-02-06,GS
GS260206P00930000,930.0,15.3,12.8,14.6,19.0,79.0,0.29386082122802726,False,PUT,2026-02-06,GS
GS260206P00935000,935.0,17.15,15.5,17.15,31.0,98.0,0.29621065124511714,False,PUT,2026-02-06,GS
GS260206P00940000,940.0,19.65,17.15,20.1,35.0,139.0,0.3014901394653321,True,PUT,2026-02-06,GS
GS260206P00945000,945.0,21.48,20.0,22.8,15.0,45.0,0.2986520330810546,True,PUT,2026-02-06,GS
GS260206P00947500,947.5,19.22,21.85,24.7,2.0,153.0,0.30542686767578126,True,PUT,2026-02-06,GS
GS260206P00950000,950.0,26.7,23.25,25.85,1.0,64.0,0.2980416876220703,True,PUT,2026-02-06,GS
GS260206P00952500,952.5,33.3,24.3,30.05,12.0,21.0,0.34458052886962887,True,PUT,2026-02-06,GS
GS260206P00955000,955.0,28.5,25.95,29.3,15.0,14.0,0.3009103112792969,True,PUT,2026-02-06,GS
GS260206P00957500,957.5,32.08,28.4,32.15,3.0,17.0,0.3223029196166991,True,PUT,2026-02-06,GS
GS260206P00960000,960.0,26.25,30.55,33.95,3.0,47.0,0.3234625759887695,True,PUT,2026-02-06,GS
GS260206P00962500,962.5,19.85,32.1,36.85,,9.0,0.34528242614746096,True,PUT,2026-02-06,GS
GS260206P00965000,965.0,40.3,33.05,37.2,1.0,13.0,0.3161689477539062,True,PUT,2026-02-06,GS
GS260206P00970000,970.0,36.7,37.4,42.55,1.0,29.0,0.3493717407226562,True,PUT,2026-02-06,GS
GS260206P00975000,975.0,49.03,40.75,46.5,1.0,73.0,0.35169105346679685,True,PUT,2026-02-06,GS
GS260206P00980000,980.0,33.53,46.25,51.1,4.0,40.0,0.3663393444824219,True,PUT,2026-02-06,GS
GS260206P00985000,985.0,37.31,50.2,55.6,2.0,13.0,0.3772645281982422,True,PUT,2026-02-06,GS
GS260206P00990000,990.0,60.96,55.25,60.6,3.0,17.0,0.39932851654052737,True,PUT,2026-02-06,GS
GS260206P00995000,995.0,62.75,60.15,65.25,8.0,8.0,0.4118711157226562,True,PUT,2026-02-06,GS
GS260206P01000000,1000.0,79.67,64.6,70.55,1.0,17.0,0.4407404559326171,True,PUT,2026-02-06,GS
GS260206P01005000,1005.0,50.05,69.7,75.25,12.0,8.0,0.45325253784179687,True,PUT,2026-02-06,GS
GS260206P01010000,1010.0,63.85,74.95,80.4,11.0,13.0,0.477544287109375,True,PUT,2026-02-06,GS
GS260206P01015000,1015.0,54.3,79.3,85.0,,2.0,0.4859670544433594,True,PUT,2026-02-06,GS
GS260206P01020000,1020.0,59.05,84.0,89.95,2.0,1.0,0.5037281072998048,True,PUT,2026-02-06,GS
GS260206P01030000,1030.0,75.55,94.5,99.35,2.0,0.0,0.5224046783447265,True,PUT,2026-02-06,GS
GS260206P01040000,1040.0,87.35,102.45,109.95,1.0,0.0,0.5779461151123046,True,PUT,2026-02-06,GS
GS260206P01050000,1050.0,85.55,111.2,119.95,2.0,0.0,0.6135292553710938,True,PUT,2026-02-06,GS
GS260206P01060000,1060.0,102.95,121.2,129.95,2.0,0.0,0.6481968774414062,True,PUT,2026-02-06,GS
GS260206P01070000,1070.0,100.5,130.9,139.35,4.0,0.0,0.6604648211669923,True,PUT,2026-02-06,GS
GS260206P01090000,1090.0,138.8,152.3,159.35,,0.0,0.5417526293945314,True,PUT,2026-02-06,GS
GS260206P01110000,1110.0,173.95,173.1,179.35,,0.0,0.6243934045410158,True,PUT,2026-02-06,GS
GS260213C00750000,750.0,232.6,181.7,188.4,,1.0,0.6749300085449221,True,CALL,2026-02-13,GS
GS260213C00760000,760.0,220.7,172.0,177.65,,1.0,0.6041299353027345,True,CALL,2026-02-13,GS
GS260213C00785000,785.0,195.8,147.65,153.7,2.0,1.0,0.5732464550781251,True,CALL,2026-02-13,GS
GS260213C00795000,795.0,145.05,137.85,144.15,,2.0,0.5575605767822267,True,CALL,2026-02-13,GS
GS260213C00800000,800.0,122.83,132.95,138.1,1.0,2.0,0.5001270690917969,True,CALL,2026-02-13,GS
GS260213C00805000,805.0,149.4,128.05,133.3,,1.0,0.4924367163085938,True,CALL,2026-02-13,GS
GS260213C00810000,810.0,130.1,122.6,128.65,,2.0,0.4897511962890626,True,CALL,2026-02-13,GS
GS260213C00815000,815.0,129.5,118.2,124.35,,1.0,0.4975636181640626,True,CALL,2026-02-13,GS
GS260213C00820000,820.0,115.95,113.4,118.9,5.0,40.0,0.4658866888427735,True,CALL,2026-02-13,GS
GS260213C00825000,825.0,99.19,108.5,114.8,1.0,1.0,0.4778494598388672,True,CALL,2026-02-13,GS
GS260213C00830000,830.0,102.08,103.0,108.4,2.0,3.0,0.41620456848144527,True,CALL,2026-02-13,GS
GS260213C00835000,835.0,106.5,98.55,103.95,,1.0,0.41809663940429687,True,CALL,2026-02-13,GS
GS260213C00840000,840.0,93.65,94.05,99.65,2.0,9.0,0.4221859539794922,True,CALL,2026-02-13,GS
GS260213C00845000,845.0,119.7,89.35,94.75,2.0,14.0,0.4078428356933594,True,CALL,2026-02-13,GS
GS260213C00850000,850.0,81.0,84.15,90.8,5.0,5.0,0.417425259399414,True,CALL,2026-02-13,GS
GS260213C00855000,855.0,82.5,79.45,85.5,2.0,12.0,0.3922179919433594,True,CALL,2026-02-13,GS
GS260213C00860000,860.0,66.01,74.7,81.5,1.0,21.0,0.3973448937988281,True,CALL,2026-02-13,GS
GS260213C00865000,865.0,73.0,70.65,76.15,4.0,9.0,0.3711000390625,True,CALL,2026-02-13,GS
GS260213C00870000,870.0,68.4,65.8,71.2,10.0,7.0,0.35370519348144525,True,CALL,2026-02-13,GS
GS260213C00875000,875.0,63.85,61.2,66.5,2.0,18.0,0.34125414611816407,True,CALL,2026-02-13,GS
GS260213C00880000,880.0,59.0,57.0,62.45,73.0,26.0,0.34076586975097656,True,CALL,2026-02-13,GS
GS260213C00885000,885.0,62.8,52.45,57.85,1.0,32.0,0.3283758569335937,True,CALL,2026-02-13,GS
GS260213C00890000,890.0,49.05,48.4,54.95,7.0,31.0,0.34418380432128903,True,CALL,2026-02-13,GS
GS260213C00895000,895.0,45.5,44.2,50.9,2.0,13.0,0.33789724609375,True,CALL,2026-02-13,GS
GS260213C00900000,900.0,42.05,40.8,46.1,8.0,76.0,0.31867136413574215,True,CALL,2026-02-13,GS
GS260213C00905000,905.0,34.85,39.05,41.3,1.0,47.0,0.29883513671874995,True,CALL,2026-02-13,GS
GS260213C00910000,910.0,34.75,32.9,38.4,2.0,16.0,0.30559471267700195,True,CALL,2026-02-13,GS
GS260213C00915000,915.0,33.05,31.9,34.55,4.0,35.0,0.29657685852050775,True,CALL,2026-02-13,GS
GS260213C00920000,920.0,27.25,29.95,31.1,2.0,35.0,0.29123633575439445,True,CALL,2026-02-13,GS
GS260213C00925000,925.0,26.92,26.85,28.15,14.0,98.0,0.290473403930664,True,CALL,2026-02-13,GS
GS260213C00930000,930.0,23.75,24.0,25.4,16.0,72.0,0.29004616210937495,True,CALL,2026-02-13,GS
GS260213C00935000,935.0,21.3,21.3,22.3,14.0,49.0,0.28290512023925773,True,CALL,2026-02-13,GS
GS260213C00940000,940.0,18.95,18.85,19.95,13.0,47.0,0.2830882238769531,False,CALL,2026-02-13,GS
GS260213C00945000,945.0,16.85,16.55,17.55,12.0,101.0,0.2803721865844726,False,CALL,2026-02-13,GS
GS260213C00950000,950.0,14.5,14.4,15.25,11.0,126.0,0.2765575274658203,False,CALL,2026-02-13,GS
GS260213C00955000,955.0,15.63,10.55,13.55,8.0,58.0,0.278327529296875,False,CALL,2026-02-13,GS
GS260213C00960000,960.0,11.03,10.65,11.95,47.0,33.0,0.2792735647583008,False,CALL,2026-02-13,GS
GS260213C00965000,965.0,13.22,9.0,10.3,22.0,86.0,0.2772899420166015,False,CALL,2026-02-13,GS
GS260213C00970000,970.0,8.3,6.8,8.9,4.0,36.0,0.2765880447387695,False,CALL,2026-02-13,GS
GS260213C00975000,975.0,7.5,5.85,7.65,38.0,88.0,0.2759471820068359,False,CALL,2026-02-13,GS
GS260213C00980000,980.0,7.05,5.0,6.7,1.0,41.0,0.27805287384033206,False,CALL,2026-02-13,GS
GS260213C00985000,985.0,6.0,4.65,6.0,3.0,28.0,0.28278305114746094,False,CALL,2026-02-13,GS
GS260213C00990000,990.0,4.45,3.65,5.7,10.0,90.0,0.293677717590332,False,CALL,2026-02-13,GS
GS260213C00995000,995.0,4.1,3.1,5.15,12.0,37.0,0.2987741021728515,False,CALL,2026-02-13,GS
GS260213C01000000,1000.0,4.55,2.82,4.2,6.0,194.0,0.29383030395507803,False,CALL,2026-02-13,GS
GS260213C01005000,1005.0,2.87,2.27,3.25,10.0,37.0,0.285590640258789,False,CALL,2026-02-13,GS
GS260213C01010000,1010.0,2.98,2.15,3.65,4.0,95.0,0.30951618225097655,False,CALL,2026-02-13,GS
GS260213C01015000,1015.0,2.07,1.67,2.51,4.0,31.0,0.29193823303222644,False,CALL,2026-02-13,GS
GS260213C01020000,1020.0,1.28,1.42,2.75,22.0,116.0,0.311957564086914,False,CALL,2026-02-13,GS
GS260213C01025000,1025.0,1.24,1.32,2.62,1.0,9.0,0.320746538696289,False,CALL,2026-02-13,GS
GS260213C01030000,1030.0,1.27,0.88,2.1,1.0,73.0,0.31592480957031244,False,CALL,2026-02-13,GS
GS260213C01040000,1040.0,0.99,0.69,1.69,1.0,18.0,0.3237372314453124,False,CALL,2026-02-13,GS
GS260213C01050000,1050.0,0.85,0.49,1.13,18.0,70.0,0.3193427441406249,False,CALL,2026-02-13,GS
GS260213C01060000,1060.0,0.53,0.36,0.72,2.0,4.0,0.3139717041015625,False,CALL,2026-02-13,GS
GS260213C01070000,1070.0,0.39,0.26,1.29,122.0,61.0,0.3695131408691406,False,CALL,2026-02-13,GS
GS260213C01080000,1080.0,0.25,0.24,0.46,72.0,44.0,0.3286199951171874,False,CALL,2026-02-13,GS
GS260213C01090000,1090.0,0.28,0.17,0.93,3.0,45.0,0.38672488281249995,False,CALL,2026-02-13,GS
GS260213C01100000,1100.0,0.3,0.09,0.93,1.0,48.0,0.40552352294921873,False,CALL,2026-02-13,GS
GS260213C01110000,1110.0,0.2,0.04,0.93,8.0,22.0,0.42407802490234375,False,CALL,2026-02-13,GS
GS260213C01120000,1120.0,0.2,0.0,0.93,26.0,13.0,0.44214425048828127,False,CALL,2026-02-13,GS
GS260213C01130000,1130.0,0.15,0.0,1.5,2.0,9.0,0.4991505163574219,False,CALL,2026-02-13,GS
GS260213C01140000,1140.0,0.41,0.0,1.9,,2.0,0.5406540075683595,False,CALL,2026-02-13,GS
GS260213C01150000,1150.0,0.28,0.0,1.7,3.0,4.0,0.5482222912597658,False,CALL,2026-02-13,GS
GS260213C01160000,1160.0,0.23,0.0,1.51,,1.0,0.554814022216797,False,CALL,2026-02-13,GS
GS260213C01180000,1180.0,2.23,0.0,1.7,,1.0,0.5380905566406251,False,CALL,2026-02-13,GS
GS260213C01200000,1200.0,0.03,0.0,4.35,,1.0,0.6657748266601564,False,CALL,2026-02-13,GS
GS260213P00700000,700.0,0.24,0.0,4.3,29.0,26.0,0.7904073693847657,False,PUT,2026-02-13,GS
GS260213P00720000,720.0,0.15,0.0,1.26,73.0,58.0,0.5910685424804689,False,PUT,2026-02-13,GS
GS260213P00725000,725.0,0.26,0.0,1.5,65.0,95.0,0.5927775097656252,False,PUT,2026-02-13,GS
GS260213P00730000,730.0,0.25,0.0,1.5,58.0,50.0,0.5788616333007812,False,PUT,2026-02-13,GS
GS260213P00735000,735.0,0.27,0.0,1.5,53.0,82.0,0.5649457568359376,False,PUT,2026-02-13,GS
GS260213P00740000,740.0,0.27,0.0,0.52,10.0,33.0,0.5219774365234374,False,PUT,2026-02-13,GS
GS260213P00745000,745.0,0.32,0.0,1.45,10.0,37.0,0.5346726220703125,False,PUT,2026-02-13,GS
GS260213P00750000,750.0,0.42,0.0,1.45,6.0,44.0,0.5210008837890624,False,PUT,2026-02-13,GS
GS260213P00755000,755.0,0.38,0.0,1.33,26.0,33.0,0.5007374145507812,False,PUT,2026-02-13,GS
GS260213P00760000,760.0,0.45,0.0,1.28,6.0,36.0,0.5432174584960938,False,PUT,2026-02-13,GS
GS260213P00765000,765.0,0.62,0.4,0.72,31.0,13.0,0.4801077380371094,False,PUT,2026-02-13,GS
GS260213P00770000,770.0,0.55,0.25,0.61,31.0,23.0,0.45483943603515625,False,PUT,2026-02-13,GS
GS260213P00775000,775.0,0.52,0.01,1.48,10.0,139.0,0.513554669189453,False,PUT,2026-02-13,GS
GS260213P00780000,780.0,0.78,0.01,1.5,5.0,61.0,0.5001270690917969,False,PUT,2026-02-13,GS
GS260213P00785000,785.0,0.65,0.01,1.55,19.0,6.0,0.4886525744628907,False,PUT,2026-02-13,GS
GS260213P00790000,790.0,0.64,0.03,1.59,10.0,38.0,0.47638463073730464,False,PUT,2026-02-13,GS
GS260213P00795000,795.0,0.98,0.71,1.06,12.0,24.0,0.4278621667480469,False,PUT,2026-02-13,GS
GS260213P00800000,800.0,0.88,0.49,1.29,9.0,124.0,0.4293269958496094,False,PUT,2026-02-13,GS
GS260213P00805000,805.0,1.0,0.55,1.45,4.0,31.0,0.4246883703613281,False,PUT,2026-02-13,GS
GS260213P00810000,810.0,1.05,0.92,1.57,7.0,90.0,0.41687594848632803,False,PUT,2026-02-13,GS
GS260213P00815000,815.0,1.05,0.88,1.68,7.0,16.0,0.4080259393310547,False,PUT,2026-02-13,GS
GS260213P00820000,820.0,1.3,0.88,1.81,3.0,40.0,0.3996642065429688,False,PUT,2026-02-13,GS
GS260213P00825000,825.0,1.31,1.0,2.16,16.0,143.0,0.40015248291015626,False,PUT,2026-02-13,GS
GS260213P00830000,830.0,1.75,1.42,2.14,8.0,479.0,0.3841614318847656,False,PUT,2026-02-13,GS
GS260213P00835000,835.0,2.06,1.38,2.37,28.0,45.0,0.3778748736572265,False,PUT,2026-02-13,GS
GS260213P00840000,840.0,2.49,1.42,2.56,15.0,99.0,0.36926900268554685,False,PUT,2026-02-13,GS
GS260213P00845000,845.0,1.99,1.94,2.94,2.0,33.0,0.3663393444824219,False,PUT,2026-02-13,GS
GS260213P00850000,850.0,3.04,2.25,3.45,6.0,49.0,0.3657289990234375,False,PUT,2026-02-13,GS
GS260213P00855000,855.0,3.68,1.85,3.45,1.0,12.0,0.34918863708496095,False,PUT,2026-02-13,GS
GS260213P00860000,860.0,3.74,3.0,3.85,39.0,54.0,0.3433293206787109,False,PUT,2026-02-13,GS
GS260213P00865000,865.0,3.03,3.4,5.0,1.0,57.0,0.35431553894042955,False,PUT,2026-02-13,GS
GS260213P00870000,870.0,4.05,3.9,4.8,9.0,53.0,0.33179379150390625,False,PUT,2026-02-13,GS
GS260213P00875000,875.0,4.7,4.4,4.9,2.0,211.0,0.3159858441162109,False,PUT,2026-02-13,GS
GS260213P00880000,880.0,5.2,4.95,5.55,18.0,79.0,0.3113777359008788,False,PUT,2026-02-13,GS
GS260213P00885000,885.0,8.5,5.7,6.2,2.0,12.0,0.3052132467651367,False,PUT,2026-02-13,GS
GS260213P00890000,890.0,6.7,5.95,6.95,30.0,136.0,0.29944548217773437,False,PUT,2026-02-13,GS
GS260213P00895000,895.0,9.34,7.35,7.8,5.0,138.0,0.29383030395507803,False,PUT,2026-02-13,GS
GS260213P00900000,900.0,8.2,7.8,9.0,2.0,84.0,0.29218237121582025,False,PUT,2026-02-13,GS
GS260213P00905000,905.0,11.0,9.55,10.2,1.0,45.0,0.2884592639160155,False,PUT,2026-02-13,GS
GS260213P00910000,910.0,13.15,9.9,12.05,10.0,40.0,0.2921213366699218,False,PUT,2026-02-13,GS
GS260213P00915000,915.0,15.6,12.15,13.4,23.0,240.0,0.2863230548095703,False,PUT,2026-02-13,GS
GS260213P00920000,920.0,14.7,13.8,15.1,11.0,187.0,0.28330184478759757,False,PUT,2026-02-13,GS
GS260213P00925000,925.0,17.0,14.55,17.05,3.0,176.0,0.2814097738647461,False,PUT,2026-02-13,GS
GS260213P00930000,930.0,19.65,17.5,20.6,7.0,51.0,0.29790435989379876,False,PUT,2026-02-13,GS
GS260213P00935000,935.0,23.53,20.2,21.4,20.0,55.0,0.2766185620117187,False,PUT,2026-02-13,GS
GS260213P00940000,940.0,24.1,22.85,23.95,14.0,38.0,0.2755199401855468,True,PUT,2026-02-13,GS
GS260213P00945000,945.0,27.0,25.75,28.15,2.0,63.0,0.29340306213378897,True,PUT,2026-02-13,GS
GS260213P00950000,950.0,28.0,28.35,31.0,4.0,39.0,0.2917856466674803,True,PUT,2026-02-13,GS
GS260213P00955000,955.0,24.2,31.45,35.2,2.0,37.0,0.30597617858886716,True,PUT,2026-02-13,GS
GS260213P00960000,960.0,41.9,34.25,37.5,21.0,58.0,0.2926096130371093,True,PUT,2026-02-13,GS
GS260213P00965000,965.0,33.65,37.95,41.0,46.0,34.0,0.2933115103149413,True,PUT,2026-02-13,GS
GS260213P00970000,970.0,45.55,41.5,43.0,37.0,22.0,0.2690502783203125,True,PUT,2026-02-13,GS
GS260213P00975000,975.0,48.2,45.05,49.05,10.0,22.0,0.3046029013061523,True,PUT,2026-02-13,GS
GS260213P00980000,980.0,52.17,48.95,50.9,11.0,89.0,0.27127803924560545,True,PUT,2026-02-13,GS
GS260213P00985000,985.0,59.5,53.4,57.15,2.0,54.0,0.3103096313476562,True,PUT,2026-02-13,GS
GS260213P00990000,990.0,52.35,56.6,61.2,13.0,36.0,0.31061480407714837,True,PUT,2026-02-13,GS
GS260213P00995000,995.0,68.85,62.5,65.65,6.0,52.0,0.3166572241210937,True,PUT,2026-02-13,GS
GS260213P01000000,1000.0,73.55,66.7,72.05,4.0,44.0,0.35907623352050777,True,PUT,2026-02-13,GS
GS260213P01005000,1005.0,52.35,70.2,76.2,2.0,10.0,0.358954164428711,True,PUT,2026-02-13,GS
GS260213P01010000,1010.0,84.15,75.4,81.2,2.0,48.0,0.374456939086914,True,PUT,2026-02-13,GS
GS260213P01015000,1015.0,89.4,80.0,86.05,2.0,10.0,0.38663333099365227,True,PUT,2026-02-13,GS
GS260213P01020000,1020.0,95.1,85.4,90.25,2.0,17.0,0.38446660461425775,True,PUT,2026-02-13,GS
GS260213P01030000,1030.0,109.28,94.7,99.85,2.0,46.0,0.4037535211181641,True,PUT,2026-02-13,GS
GS260213P01040000,1040.0,92.85,104.25,109.6,2.0,0.0,0.4249935430908204,True,PUT,2026-02-13,GS
GS260213P01050000,1050.0,90.7,113.8,120.05,,0.0,0.4626518579101563,True,PUT,2026-02-13,GS
GS260213P01060000,1060.0,104.15,123.85,129.4,2.0,0.0,0.4718070397949219,True,PUT,2026-02-13,GS
GS260213P01070000,1070.0,105.2,132.55,139.35,,0.0,0.4954274090576172,True,PUT,2026-02-13,GS
GS260213P01080000,1080.0,122.55,142.2,149.35,,0.0,0.5197801928710937,True,PUT,2026-02-13,GS
GS260213P01090000,1090.0,152.5,152.2,159.35,,0.0,0.543644700317383,True,PUT,2026-02-13,GS
GS260213P01100000,1100.0,129.79,162.4,169.35,1.0,0.0,0.5670819659423829,True,PUT,2026-02-13,GS
GS260213P01130000,1130.0,155.75,191.1,199.95,,0.0,0.6533237792968751,True,PUT,2026-02-13,GS
GS260213P01160000,1160.0,194.05,221.2,229.95,,0.0,0.5168505346679688,True,PUT,2026-02-13,GS
GS260220C00660000,660.0,245.25,272.3,277.75,2.0,67.0,0.7828390856933594,True,CALL,2026-02-20,GS
GS260220C00670000,670.0,282.95,262.35,268.95,11.0,27.0,0.5400436621093752,True,CALL,2026-02-20,GS
GS260220C00675000,675.0,266.0,257.0,262.4,2.0,10.0,0.7182645361328125,True,CALL,2026-02-20,GS
GS260220C00680000,680.0,249.89,251.8,258.2,1.0,90.0,0.7506128454589844,True,CALL,2026-02-20,GS
GS260220C00685000,685.0,256.0,247.45,252.6,2.0,9.0,0.7028838305664062,True,CALL,2026-02-20,GS
GS260220C00690000,690.0,262.8,242.45,248.55,1.0,24.0,0.739138350830078,True,CALL,2026-02-20,GS
GS260220C00695000,695.0,192.78,237.5,243.9,1.0,2.0,0.7406031799316406,True,CALL,2026-02-20,GS
GS260220C00700000,700.0,231.25,232.0,238.85,8.0,91.0,0.7237576452636718,True,CALL,2026-02-20,GS
GS260220C00705000,705.0,182.37,227.55,233.0,1.0,19.0,0.6691927612304689,True,CALL,2026-02-20,GS
GS260220C00710000,710.0,265.77,222.6,228.05,1.0,302.0,0.6577182666015625,True,CALL,2026-02-20,GS
GS260220C00715000,715.0,192.25,217.1,223.05,12.0,16.0,0.6438634246826171,True,CALL,2026-02-20,GS
GS260220C00720000,720.0,209.6,212.7,218.1,25.0,75.0,0.6323889300537109,True,CALL,2026-02-20,GS
GS260220C00725000,725.0,181.0,207.75,213.0,4.0,11.0,0.6138954626464845,True,CALL,2026-02-20,GS
GS260220C00730000,730.0,192.3,202.75,208.2,10.0,103.0,0.6093789062500001,True,CALL,2026-02-20,GS
GS260220C00735000,735.0,223.5,197.1,203.25,10.0,53.0,0.597782342529297,True,CALL,2026-02-20,GS
GS260220C00740000,740.0,190.27,192.9,198.65,25.0,157.0,0.600712000732422,True,CALL,2026-02-20,GS
GS260220C00745000,745.0,189.65,187.95,193.35,2.0,16.0,0.5745281805419922,True,CALL,2026-02-20,GS
GS260220C00750000,750.0,212.51,185.65,188.45,1.0,135.0,0.5648847222900393,True,CALL,2026-02-20,GS
GS260220C00755000,755.0,172.33,178.05,183.5,1.0,24.0,0.5531050549316407,True,CALL,2026-02-20,GS
GS260220C00760000,760.0,187.85,173.1,178.55,2.0,138.0,0.541264353027344,True,CALL,2026-02-20,GS
GS260220C00765000,765.0,149.65,168.0,173.65,2.0,68.0,0.5312546875,True,CALL,2026-02-20,GS
GS260220C00770000,770.0,184.2,162.7,168.45,3.0,167.0,0.5101367346191408,True,CALL,2026-02-20,GS
GS260220C00775000,775.0,167.4,158.0,163.8,2.0,16.0,0.5090381127929688,True,CALL,2026-02-20,GS
GS260220C00780000,780.0,152.83,153.0,158.7,1.0,213.0,0.491765336303711,True,CALL,2026-02-20,GS
GS260220C00785000,785.0,147.9,148.05,154.05,2.0,90.0,0.48969016174316415,True,CALL,2026-02-20,GS
GS260220C00790000,790.0,176.05,143.15,148.8,1.0,75.0,0.46771772521972654,True,CALL,2026-02-20,GS
GS260220C00795000,795.0,154.1,138.2,144.45,2.0,28.0,0.47400428344726564,True,CALL,2026-02-20,GS
GS260220C00800000,800.0,133.9,133.35,139.25,25.0,193.0,0.45404598693847653,True,CALL,2026-02-20,GS
GS260220C00805000,805.0,125.2,128.55,134.0,2.0,27.0,0.4327449304199219,True,CALL,2026-02-20,GS
GS260220C00810000,810.0,121.54,124.2,130.65,1.0,209.0,0.4631401342773438,True,CALL,2026-02-20,GS
GS260220C00815000,815.0,144.05,118.9,124.2,12.0,103.0,0.41083352844238286,True,CALL,2026-02-20,GS
GS260220C00820000,820.0,113.45,114.1,119.8,11.0,285.0,0.4127866339111328,True,CALL,2026-02-20,GS
GS260220C00825000,825.0,108.8,109.85,116.15,2.0,96.0,0.4303645831298829,True,CALL,2026-02-20,GS
GS260220C00830000,830.0,106.0,105.05,110.45,6.0,187.0,0.3996642065429688,True,CALL,2026-02-20,GS
GS260220C00835000,835.0,90.56,99.9,106.0,1.0,47.0,0.39716179016113284,True,CALL,2026-02-20,GS
GS260220C00840000,840.0,103.55,95.1,100.6,1.0,325.0,0.37363297271728513,True,CALL,2026-02-20,GS
GS260220C00845000,845.0,93.8,90.4,97.1,4.0,43.0,0.3891662646484375,True,CALL,2026-02-20,GS
GS260220C00850000,850.0,83.45,85.9,91.4,5.0,277.0,0.36014433807373036,True,CALL,2026-02-20,GS
GS260220C00855000,855.0,91.0,81.7,88.15,2.0,156.0,0.3768983209228516,True,CALL,2026-02-20,GS
GS260220C00860000,860.0,80.0,76.75,82.25,11.0,317.0,0.3450077706909179,True,CALL,2026-02-20,GS
GS260220C00865000,865.0,71.69,72.25,77.8,7.0,494.0,0.3386296606445312,True,CALL,2026-02-20,GS
GS260220C00870000,870.0,71.35,67.9,73.8,1.0,142.0,0.3386906951904296,True,CALL,2026-02-20,GS
GS260220C00875000,875.0,63.0,63.6,69.05,5.0,90.0,0.3258429232788086,True,CALL,2026-02-20,GS
GS260220C00880000,880.0,77.16,59.3,65.55,21.0,138.0,0.3309393078613281,True,CALL,2026-02-20,GS
GS260220C00885000,885.0,58.45,55.05,60.75,6.0,92.0,0.31604687866210934,True,CALL,2026-02-20,GS
GS260220C00890000,890.0,52.96,51.3,56.6,37.0,133.0,0.309577216796875,True,CALL,2026-02-20,GS
GS260220C00895000,895.0,51.45,47.3,53.1,2.0,70.0,0.31049273498535157,True,CALL,2026-02-20,GS
GS260220C00900000,900.0,44.94,45.7,50.35,4.0,372.0,0.3189765368652343,True,CALL,2026-02-20,GS
GS260220C00905000,905.0,41.55,41.7,44.8,36.0,96.0,0.29204504348754873,True,CALL,2026-02-20,GS
GS260220C00910000,910.0,50.4,39.2,41.35,10.0,176.0,0.2895273684692382,True,CALL,2026-02-20,GS
GS260220C00915000,915.0,40.3,35.1,38.1,11.0,171.0,0.287818401184082,True,CALL,2026-02-20,GS
GS260220C00920000,920.0,32.94,32.1,35.95,6.0,488.0,0.2967447035217285,True,CALL,2026-02-20,GS
GS260220C00925000,925.0,28.0,29.2,31.35,7.0,83.0,0.2771373556518554,True,CALL,2026-02-20,GS
GS260220C00930000,930.0,26.06,26.1,29.65,306.0,498.0,0.2876047802734374,True,CALL,2026-02-20,GS
GS260220C00935000,935.0,26.95,23.5,27.15,5.0,166.0,0.2877573666381835,True,CALL,2026-02-20,GS
GS260220C00940000,940.0,22.08,20.7,24.2,44.0,587.0,0.2815318429565429,False,CALL,2026-02-20,GS
GS260220C00945000,945.0,19.22,18.5,20.95,9.0,132.0,0.27042355560302733,False,CALL,2026-02-20,GS
GS260220C00947500,947.5,19.28,16.15,20.7,1.0,56.0,0.2790599438476562,False,CALL,2026-02-20,GS
GS260220C00950000,950.0,16.89,16.8,18.55,233.0,375.0,0.2667157069396973,False,CALL,2026-02-20,GS
GS260220C00952500,952.5,15.45,15.3,17.5,2.0,8.0,0.2658459646606446,False,CALL,2026-02-20,GS
GS260220C00955000,955.0,15.85,15.1,17.55,37.0,88.0,0.2767101138305663,False,CALL,2026-02-20,GS
GS260220C00957500,957.5,13.55,12.4,16.35,4.0,9.0,0.27342950698852536,False,CALL,2026-02-20,GS
GS260220C00960000,960.0,14.01,12.75,15.2,44.0,218.0,0.2702404519653321,False,CALL,2026-02-20,GS
GS260220C00965000,965.0,12.75,11.3,13.1,7.0,151.0,0.264655791015625,False,CALL,2026-02-20,GS
GS260220C00970000,970.0,10.08,10.4,11.55,87.0,929.0,0.2636944969177246,False,CALL,2026-02-20,GS
GS260220C00975000,975.0,9.75,8.85,10.25,6.0,565.0,0.26416751464843746,False,CALL,2026-02-20,GS
GS260220C00980000,980.0,8.56,7.7,8.9,13.0,226.0,0.26236699554443366,False,CALL,2026-02-20,GS
GS260220C00985000,985.0,6.7,6.7,7.9,4.0,180.0,0.26364872100830083,False,CALL,2026-02-20,GS
GS260220C00990000,990.0,6.33,5.95,6.85,63.0,325.0,0.26270268554687504,False,CALL,2026-02-20,GS
GS260220C00995000,995.0,6.65,5.1,6.0,1.0,217.0,0.2631604446411133,False,CALL,2026-02-20,GS
GS260220C01000000,1000.0,4.96,4.6,5.3,60.0,2660.0,0.264655791015625,False,CALL,2026-02-20,GS
GS260220C01005000,1005.0,3.44,4.0,4.8,1.0,110.0,0.26840941558837883,False,CALL,2026-02-20,GS
GS260220C01010000,1010.0,3.85,3.45,4.15,22.0,444.0,0.2682263119506836,False,CALL,2026-02-20,GS
GS260220C01015000,1015.0,2.94,2.7,3.7,24.0,39.0,0.27069821105957037,False,CALL,2026-02-20,GS
GS260220C01020000,1020.0,3.93,2.33,3.25,1.0,231.0,0.2720409710693359,False,CALL,2026-02-20,GS
GS260220C01025000,1025.0,2.34,1.95,2.85,1.0,21.0,0.2733532138061523,False,CALL,2026-02-20,GS
GS260220C01030000,1030.0,2.32,1.71,2.56,35.0,729.0,0.27637442382812494,False,CALL,2026-02-20,GS
GS260220C01035000,1035.0,1.7,1.5,3.05,4.0,51.0,0.29944548217773437,False,CALL,2026-02-20,GS
GS260220C01040000,1040.0,1.43,1.52,2.18,7.0,100.0,0.2857127093505859,False,CALL,2026-02-20,GS
GS260220C01050000,1050.0,1.53,1.02,1.65,5.0,269.0,0.2872385729980468,False,CALL,2026-02-20,GS
GS260220C01060000,1060.0,0.86,0.77,1.36,1.0,103.0,0.2938913385009765,False,CALL,2026-02-20,GS
GS260220C01070000,1070.0,0.77,0.73,1.14,3.0,64.0,0.3011544494628906,False,CALL,2026-02-20,GS
GS260220C01080000,1080.0,0.1,0.53,0.99,2.0,666.0,0.3099434240722656,False,CALL,2026-02-20,GS
GS260220C01090000,1090.0,0.55,0.37,1.05,1.0,19.0,0.3293524096679687,False,CALL,2026-02-20,GS
GS260220C01100000,1100.0,0.34,0.35,0.48,209.0,1186.0,0.3050606604003906,False,CALL,2026-02-20,GS
GS260220C01110000,1110.0,0.44,0.24,0.88,11.0,116.0,0.350470362548828,False,CALL,2026-02-20,GS
GS260220C01120000,1120.0,0.28,0.23,0.6,4.0,139.0,0.34448897705078124,False,CALL,2026-02-20,GS
GS260220C01130000,1130.0,0.3,0.1,1.29,2.0,24.0,0.4054014538574219,False,CALL,2026-02-20,GS
GS260220C01140000,1140.0,0.23,0.0,0.64,2.0,19.0,0.37622694091796877,False,CALL,2026-02-20,GS
GS260220C01150000,1150.0,0.19,0.1,1.23,2.0,30.0,0.4321345849609375,False,CALL,2026-02-20,GS
GS260220C01160000,1160.0,0.36,0.1,1.21,2.0,31.0,0.4456842541503906,False,CALL,2026-02-20,GS
GS260220C01170000,1170.0,0.28,0.0,1.19,,3.0,0.4588677160644532,False,CALL,2026-02-20,GS
GS260220C01180000,1180.0,0.28,0.0,0.6,30.0,44.0,0.42664147583007817,False,CALL,2026-02-20,GS
GS260220C01190000,1190.0,0.15,0.0,1.15,1.0,2.0,0.4845022253417969,False,CALL,2026-02-20,GS
GS260220C01200000,1200.0,0.12,0.0,1.13,1.0,12.0,0.49695327270507816,False,CALL,2026-02-20,GS
GS260220P00655000,655.0,0.22,0.0,1.17,2.0,5.0,0.6403844555664062,False,PUT,2026-02-20,GS
GS260220P00660000,660.0,0.18,0.0,0.98,7.0,287.0,0.6135292553710938,False,PUT,2026-02-20,GS
GS260220P00665000,665.0,4.24,0.0,1.73,10.0,15.0,0.6516148120117189,False,PUT,2026-02-20,GS
GS260220P00670000,670.0,0.33,0.0,0.6,308.0,471.0,0.5542036767578126,False,PUT,2026-02-20,GS
GS260220P00675000,675.0,0.34,0.0,1.0,3.0,25.0,0.5795940478515625,False,PUT,2026-02-20,GS
GS260220P00680000,680.0,0.49,0.0,1.01,6.0,144.0,0.5688519677734375,False,PUT,2026-02-20,GS
GS260220P00685000,685.0,1.33,0.0,1.02,1.0,12.0,0.5581098876953126,False,PUT,2026-02-20,GS
GS260220P00690000,690.0,0.23,0.1,0.38,3.0,35.0,0.52539537109375,False,PUT,2026-02-20,GS
GS260220P00695000,695.0,0.2,0.0,1.05,14.0,18.0,0.5371140039062501,False,PUT,2026-02-20,GS
GS260220P00700000,700.0,0.27,0.03,0.51,16.0,54.0,0.523442265625,False,PUT,2026-02-20,GS
GS260220P00705000,705.0,0.28,0.23,0.4,11.0,45.0,0.49561051269531253,False,PUT,2026-02-20,GS
GS260220P00710000,710.0,0.23,0.05,0.61,6.0,115.0,0.5136767382812499,False,PUT,2026-02-20,GS
GS260220P00715000,715.0,0.45,0.04,0.55,1.0,49.0,0.49487809814453126,False,PUT,2026-02-20,GS
GS260220P00720000,720.0,0.33,0.19,0.55,9.0,196.0,0.4836477416992188,False,PUT,2026-02-20,GS
GS260220P00725000,725.0,0.42,0.33,0.5,4.0,31.0,0.4660697924804688,False,PUT,2026-02-20,GS
GS260220P00730000,730.0,0.6,0.14,0.58,9.0,424.0,0.4646049633789063,False,PUT,2026-02-20,GS
GS260220P00735000,735.0,0.44,0.4,0.47,14.0,153.0,0.4401911450195312,False,PUT,2026-02-20,GS
GS260220P00740000,740.0,0.5,0.23,0.51,21.0,150.0,0.4343318286132813,False,PUT,2026-02-20,GS
GS260220P00745000,745.0,0.48,0.0,1.34,6.0,26.0,0.49341326904296884,False,PUT,2026-02-20,GS
GS260220P00750000,750.0,0.55,0.49,0.89,10.0,143.0,0.4489801196289062,False,PUT,2026-02-20,GS
GS260220P00755000,755.0,0.67,0.46,0.89,22.0,36.0,0.4373835559082031,False,PUT,2026-02-20,GS
GS260220P00760000,760.0,0.6,0.3,0.91,27.0,198.0,0.42737389038085943,False,PUT,2026-02-20,GS
GS260220P00765000,765.0,0.61,0.06,1.5,5.0,131.0,0.45386288330078123,False,PUT,2026-02-20,GS
GS260220P00770000,770.0,0.67,0.29,1.32,2.0,605.0,0.43140217041015627,False,PUT,2026-02-20,GS
GS260220P00775000,775.0,0.86,0.12,1.68,3.0,115.0,0.4387263159179688,False,PUT,2026-02-20,GS
GS260220P00780000,780.0,0.8,0.81,1.17,2.0,211.0,0.39856558471679693,False,PUT,2026-02-20,GS
GS260220P00785000,785.0,1.09,0.82,1.36,6.0,90.0,0.3975890319824219,False,PUT,2026-02-20,GS
GS260220P00790000,790.0,1.13,1.03,1.29,46.0,143.0,0.38184211914062494,False,PUT,2026-02-20,GS
GS260220P00795000,795.0,0.89,0.98,1.32,1.0,68.0,0.3715883154296875,False,PUT,2026-02-20,GS
GS260220P00800000,800.0,1.24,1.17,1.66,2.0,406.0,0.37616590637207037,False,PUT,2026-02-20,GS
GS260220P00805000,805.0,1.2,1.29,1.76,2.0,94.0,0.36829244995117194,False,PUT,2026-02-20,GS
GS260220P00810000,810.0,1.34,1.27,2.11,3.0,886.0,0.3699403826904296,False,PUT,2026-02-20,GS
GS260220P00815000,815.0,1.45,1.45,2.3,2.0,288.0,0.3642031353759766,False,PUT,2026-02-20,GS
GS260220P00820000,820.0,2.0,1.76,2.61,7.0,196.0,0.3618227880859375,False,PUT,2026-02-20,GS
GS260220P00825000,825.0,1.84,2.06,2.8,3.0,112.0,0.35474278076171867,False,PUT,2026-02-20,GS
GS260220P00830000,830.0,1.84,1.93,3.1,2.0,195.0,0.35028725891113277,False,PUT,2026-02-20,GS
GS260220P00835000,835.0,2.55,2.14,3.35,14.0,62.0,0.34363449340820307,False,PUT,2026-02-20,GS
GS260220P00840000,840.0,3.13,2.8,3.45,2.0,465.0,0.332587240600586,False,PUT,2026-02-20,GS
GS260220P00845000,845.0,3.25,3.15,4.05,160.0,237.0,0.3334417242431641,False,PUT,2026-02-20,GS
GS260220P00850000,850.0,3.73,3.4,4.2,194.0,1243.0,0.32263860961914054,False,PUT,2026-02-20,GS
GS260220P00855000,855.0,4.05,3.95,4.75,28.0,146.0,0.32010567596435535,False,PUT,2026-02-20,GS
GS260220P00860000,860.0,4.95,4.3,5.3,54.0,1931.0,0.3163520513916015,False,PUT,2026-02-20,GS
GS260220P00865000,865.0,4.3,4.9,6.0,17.0,190.0,0.31427687683105465,False,PUT,2026-02-20,GS
GS260220P00870000,870.0,5.66,5.2,6.2,7.0,423.0,0.30225307128906254,False,PUT,2026-02-20,GS
GS260220P00875000,875.0,6.63,6.2,6.8,19.0,604.0,0.2965463412475585,False,PUT,2026-02-20,GS
GS260220P00880000,880.0,7.25,6.55,7.65,191.0,356.0,0.2937692694091796,False,PUT,2026-02-20,GS
GS260220P00885000,885.0,6.6,7.65,8.5,5.0,174.0,0.28971047210693357,False,PUT,2026-02-20,GS
GS260220P00890000,890.0,9.0,8.65,9.55,13.0,262.0,0.28717753845214833,False,PUT,2026-02-20,GS
GS260220P00895000,895.0,10.1,9.75,11.1,11.0,326.0,0.2898630584716796,False,PUT,2026-02-20,GS
GS260220P00900000,900.0,11.8,10.95,11.9,87.0,465.0,0.2812266702270507,False,PUT,2026-02-20,GS
GS260220P00905000,905.0,13.15,12.25,13.5,28.0,297.0,0.2813182220458984,False,PUT,2026-02-20,GS
GS260220P00910000,910.0,14.55,13.55,15.2,13.0,746.0,0.28092149749755857,False,PUT,2026-02-20,GS
GS260220P00915000,915.0,18.0,15.15,16.85,5.0,156.0,0.2783122706604004,False,PUT,2026-02-20,GS
GS260220P00920000,920.0,18.9,16.65,18.6,30.0,358.0,0.27529106063842773,False,PUT,2026-02-20,GS
GS260220P00925000,925.0,16.3,18.75,20.8,3.0,549.0,0.2756267506408691,False,PUT,2026-02-20,GS
GS260220P00930000,930.0,24.55,20.4,23.05,28.0,216.0,0.27481804290771483,False,PUT,2026-02-20,GS
GS260220P00935000,935.0,25.6,23.25,25.65,9.0,92.0,0.27611502700805657,False,PUT,2026-02-20,GS
GS260220P00940000,940.0,26.1,25.25,27.9,40.0,1195.0,0.2720257124328613,True,PUT,2026-02-20,GS
GS260220P00945000,945.0,31.71,28.0,30.4,3.0,121.0,0.26892820922851557,True,PUT,2026-02-20,GS
GS260220P00947500,947.5,33.05,29.1,32.65,14.0,28.0,0.27754933883666993,True,PUT,2026-02-20,GS
GS260220P00950000,950.0,34.7,31.0,33.65,40.0,202.0,0.2722851092529296,True,PUT,2026-02-20,GS
GS260220P00952500,952.5,33.45,32.5,37.8,1.0,13.0,0.30095608718872074,True,PUT,2026-02-20,GS
GS260220P00955000,955.0,37.8,33.8,36.6,2.0,54.0,0.27075924560546877,True,PUT,2026-02-20,GS
GS260220P00957500,957.5,24.95,35.15,39.65,,16.0,0.28693340026855463,True,PUT,2026-02-20,GS
GS260220P00960000,960.0,33.95,36.3,39.9,2.0,106.0,0.27149166015625,True,PUT,2026-02-20,GS
GS260220P00965000,965.0,31.25,40.3,43.3,4.0,72.0,0.2717968328857422,True,PUT,2026-02-20,GS
GS260220P00970000,970.0,34.13,42.3,46.9,4.0,207.0,0.27292597198486324,True,PUT,2026-02-20,GS
GS260220P00975000,975.0,48.95,45.85,50.65,2.0,178.0,0.274421318359375,True,PUT,2026-02-20,GS
GS260220P00980000,980.0,47.55,51.7,55.2,2.0,129.0,0.2848582257080078,True,PUT,2026-02-20,GS
GS260220P00985000,985.0,64.35,54.7,58.55,2.0,24.0,0.27838856384277344,True,PUT,2026-02-20,GS
GS260220P00990000,990.0,62.45,58.5,63.8,6.0,51.0,0.29669892761230465,True,PUT,2026-02-20,GS
GS260220P00995000,995.0,59.05,62.95,66.8,3.0,20.0,0.2820201193237304,True,PUT,2026-02-20,GS
GS260220P01000000,1000.0,76.15,67.0,73.1,2.0,89.0,0.3152839468383788,True,PUT,2026-02-20,GS
GS260220P01005000,1005.0,80.7,71.7,77.25,8.0,3.0,0.31607739593505857,True,PUT,2026-02-20,GS
GS260220P01010000,1010.0,72.0,76.6,82.0,2.0,6.0,0.3253851641845703,True,PUT,2026-02-20,GS
GS260220P01015000,1015.0,96.42,81.25,86.35,10.0,6.0,0.32758240783691406,True,PUT,2026-02-20,GS
GS260220P01020000,1020.0,99.65,86.0,90.9,1.0,26.0,0.33234310241699216,True,PUT,2026-02-20,GS
GS260220P01030000,1030.0,82.9,94.4,100.35,2.0,12.0,0.34635053070068356,True,PUT,2026-02-20,GS
GS260220P01035000,1035.0,110.5,99.85,105.15,2.0,1.0,0.35416295257568353,True,PUT,2026-02-20,GS
GS260220P01040000,1040.0,121.04,104.55,110.5,2.0,11.0,0.3724122817993164,True,PUT,2026-02-20,GS
GS260220P01050000,1050.0,130.23,114.7,120.0,1.0,3.0,0.3848938464355468,True,PUT,2026-02-20,GS
GS260220P01060000,1060.0,130.0,124.4,130.0,10.0,9.0,0.4066221447753906,True,PUT,2026-02-20,GS
GS260220P01070000,1070.0,143.55,134.2,139.5,4.0,0.0,0.4166928448486328,True,PUT,2026-02-20,GS
GS260220P01080000,1080.0,117.3,144.5,149.35,2.0,0.0,0.4335994140625,True,PUT,2026-02-20,GS
GS260220P01100000,1100.0,157.07,163.0,169.35,2.0,0.0,0.4730277307128906,True,PUT,2026-02-20,GS
GS260220P01120000,1120.0,197.65,183.0,189.35,3.0,0.0,0.5109301837158204,True,PUT,2026-02-20,GS
GS260220P01130000,1130.0,207.67,192.5,199.35,1.0,0.0,0.5293626165771486,True,PUT,2026-02-20,GS
GS260220P01140000,1140.0,177.35,201.0,209.35,,0.0,0.5474898767089844,True,PUT,2026-02-20,GS
GS260220P01170000,1170.0,235.65,231.05,239.35,,0.0,0.6000406207275393,True,PUT,2026-02-20,GS
GS260227C00680000,680.0,293.85,252.55,261.1,,1.0,0.5813030151367188,True,CALL,2026-02-27,GS
GS260227C00700000,700.0,255.8,233.3,241.15,,0.0,0.5594526477050781,True,CALL,2026-02-27,GS
GS260227C00720000,720.0,245.15,213.5,221.7,,7.0,0.5316819293212891,True,CALL,2026-02-27,GS
GS260227C00725000,725.0,212.3,208.55,216.7,,1.0,0.5211229528808592,True,CALL,2026-02-27,GS
GS260227C00735000,735.0,200.0,198.65,207.3,,1.0,0.5125170819091796,True,CALL,2026-02-27,GS
GS260227C00740000,740.0,198.45,193.75,201.95,,27.0,0.622074091796875,True,CALL,2026-02-27,GS
GS260227C00745000,745.0,215.85,189.0,197.45,,1.0,0.6204261590576172,True,CALL,2026-02-27,GS
GS260227C00755000,755.0,183.8,178.45,185.45,,27.0,0.5429122857666018,True,CALL,2026-02-27,GS
GS260227C00765000,765.0,174.45,169.2,175.65,,2.0,0.5220384710693358,True,CALL,2026-02-27,GS
GS260227C00770000,770.0,186.85,163.75,169.8,,2.0,0.4867605035400391,True,CALL,2026-02-27,GS
GS260227C00775000,775.0,188.1,159.4,164.35,12.0,4.0,0.4617363397216797,True,CALL,2026-02-27,GS
GS260227C00780000,780.0,156.45,154.0,159.9,,2.0,0.46414720428466794,True,CALL,2026-02-27,GS
GS260227C00785000,785.0,154.4,149.15,155.55,,18.0,0.4676566906738281,True,CALL,2026-02-27,GS
GS260227C00790000,790.0,169.25,144.85,150.6,2.0,0.0,0.4559075405883789,True,CALL,2026-02-27,GS
GS260227C00795000,795.0,142.05,140.0,145.4,,1.0,0.43836010864257813,True,CALL,2026-02-27,GS
GS260227C00800000,800.0,138.85,135.2,140.65,,1.0,0.43124958404541025,True,CALL,2026-02-27,GS
GS260227C00805000,805.0,136.0,130.4,135.75,14.0,26.0,0.42056853851318365,True,CALL,2026-02-27,GS
GS260227C00810000,810.0,157.35,125.1,130.85,39.0,49.0,0.40976542388916015,True,CALL,2026-02-27,GS
GS260227C00815000,815.0,150.75,120.35,126.0,2.0,4.0,0.39990834472656256,True,CALL,2026-02-27,GS
GS260227C00820000,820.0,150.1,115.55,121.1,2.0,12.0,0.3888916091918946,True,CALL,2026-02-27,GS
GS260227C00825000,825.0,144.85,111.0,116.55,2.0,6.0,0.3845276391601562,True,CALL,2026-02-27,GS
GS260227C00830000,830.0,107.8,106.8,112.25,4.0,31.0,0.38403936279296874,True,CALL,2026-02-27,GS
GS260227C00835000,835.0,108.55,101.6,107.4,24.0,10.0,0.3731141790771484,True,CALL,2026-02-27,GS
GS260227C00840000,840.0,98.3,97.05,102.9,2.0,7.0,0.3678652081298829,True,CALL,2026-02-27,GS
GS260227C00845000,845.0,94.75,92.95,98.2,2.0,22.0,0.35883209533691407,True,CALL,2026-02-27,GS
GS260227C00850000,850.0,89.4,88.1,94.0,2.0,2.0,0.35718416259765623,True,CALL,2026-02-27,GS
GS260227C00855000,855.0,84.15,83.65,89.4,6.0,30.0,0.34873087799072267,True,CALL,2026-02-27,GS
GS260227C00860000,860.0,79.3,79.05,84.65,2.0,14.0,0.3377446597290039,True,CALL,2026-02-27,GS
GS260227C00865000,865.0,80.6,75.1,81.0,33.0,21.0,0.34146776702880854,True,CALL,2026-02-27,GS
GS260227C00870000,870.0,74.67,70.75,77.15,2.0,8.0,0.34110155975341794,True,CALL,2026-02-27,GS
GS260227C00875000,875.0,66.92,67.45,72.6,2.0,86.0,0.33103085968017576,True,CALL,2026-02-27,GS
GS260227C00880000,880.0,62.4,62.5,68.3,2.0,45.0,0.32355412780761705,True,CALL,2026-02-27,GS
GS260227C00885000,885.0,54.2,58.6,64.8,8.0,25.0,0.324652749633789,True,CALL,2026-02-27,GS
GS260227C00890000,890.0,58.2,54.65,60.55,2.0,31.0,0.31621472366333,True,CALL,2026-02-27,GS
GS260227C00895000,895.0,52.3,53.0,56.3,4.0,19.0,0.3071205763244628,True,CALL,2026-02-27,GS
GS260227C00900000,900.0,51.45,48.9,52.75,5.0,65.0,0.30475548767089844,True,CALL,2026-02-27,GS
GS260227C00905000,905.0,47.65,43.9,49.25,2.0,122.0,0.3018258294677735,True,CALL,2026-02-27,GS
GS260227C00910000,910.0,43.6,42.75,46.2,8.0,19.0,0.3023446231079102,True,CALL,2026-02-27,GS
GS260227C00915000,915.0,39.71,38.15,42.5,2.0,29.0,0.2953103916931152,True,CALL,2026-02-27,GS
GS260227C00920000,920.0,39.0,36.65,39.4,7.0,34.0,0.2930826307678222,True,CALL,2026-02-27,GS
GS260227C00925000,925.0,35.3,35.0,36.1,27.0,60.0,0.287818401184082,True,CALL,2026-02-27,GS
GS260227C00930000,930.0,32.53,32.05,33.2,14.0,44.0,0.2852244329833984,True,CALL,2026-02-27,GS
GS260227C00935000,935.0,28.8,29.45,30.55,7.0,17.0,0.28375960388183585,True,CALL,2026-02-27,GS
GS260227C00940000,940.0,24.0,26.85,28.05,17.0,73.0,0.28249313705444334,False,CALL,2026-02-27,GS
GS260227C00945000,945.0,27.3,24.3,25.8,3.0,45.0,0.28234055068969727,False,CALL,2026-02-27,GS
GS260227C00950000,950.0,20.33,22.25,23.45,4.0,180.0,0.28003649658203117,False,CALL,2026-02-27,GS
GS260227C00955000,955.0,18.53,19.7,21.85,9.0,125.0,0.28363753479003895,False,CALL,2026-02-27,GS
GS260227C00960000,960.0,19.15,18.05,19.2,2.0,91.0,0.27593192337036127,False,CALL,2026-02-27,GS
GS260227C00965000,965.0,16.4,14.15,16.7,42.0,66.0,0.26816527740478513,False,CALL,2026-02-27,GS
GS260227C00970000,970.0,14.46,14.45,15.6,8.0,78.0,0.2731243342590332,False,CALL,2026-02-27,GS
GS260227C00975000,975.0,13.0,11.55,14.15,2.0,45.0,0.273444765625,False,CALL,2026-02-27,GS
GS260227C00980000,980.0,13.3,11.7,12.3,2.0,55.0,0.26819579467773436,False,CALL,2026-02-27,GS
GS260227C00985000,985.0,9.05,10.35,10.95,1.0,65.0,0.26700562103271486,False,CALL,2026-02-27,GS
GS260227C00990000,990.0,9.53,9.25,9.85,2.0,55.0,0.26747863876342776,False,CALL,2026-02-27,GS
GS260227C00995000,995.0,8.65,8.3,10.0,2.0,54.0,0.28220322296142575,False,CALL,2026-02-27,GS
GS260227C01000000,1000.0,7.38,6.5,8.05,8.0,72.0,0.2700573483276367,False,CALL,2026-02-27,GS
GS260227C01005000,1005.0,6.63,5.75,7.25,2.0,26.0,0.2711254528808594,False,CALL,2026-02-27,GS
GS260227C01010000,1010.0,5.7,5.1,6.4,2.0,28.0,0.2703930383300781,False,CALL,2026-02-27,GS
GS260227C01015000,1015.0,4.55,4.85,5.75,5.0,9.0,0.2715526947021484,False,CALL,2026-02-27,GS
GS260227C01020000,1020.0,3.23,4.0,6.2,2.0,15.0,0.2892527130126953,False,CALL,2026-02-27,GS
GS260227C01030000,1030.0,3.0,3.1,4.5,2.0,17.0,0.2815013256835937,False,CALL,2026-02-27,GS
GS260227C01040000,1040.0,1.7,2.25,4.4,1.0,109.0,0.2990792749023437,False,CALL,2026-02-27,GS
GS260227C01050000,1050.0,1.77,1.65,4.1,2.0,36.0,0.311957564086914,False,CALL,2026-02-27,GS
GS260227C01060000,1060.0,4.2,1.0,3.0,9.0,16.0,0.30536583312988286,False,CALL,2026-02-27,GS
GS260227C01070000,1070.0,1.28,0.42,2.44,52.0,39.0,0.30750204223632804,False,CALL,2026-02-27,GS
GS260227C01080000,1080.0,1.13,0.55,1.95,4.0,58.0,0.3086616986083984,False,CALL,2026-02-27,GS
GS260227C01090000,1090.0,0.61,0.01,1.7,2.0,11.0,0.31525342956542957,False,CALL,2026-02-27,GS
GS260227C01100000,1100.0,1.26,0.01,1.5,1.0,8.0,0.32233343688964833,False,CALL,2026-02-27,GS
GS260227C01110000,1110.0,0.72,0.01,1.5,2.0,28.0,0.33661552062988287,False,CALL,2026-02-27,GS
GS260227C01120000,1120.0,0.4,0.01,1.54,2.0,15.0,0.3523624334716796,False,CALL,2026-02-27,GS
GS260227C01130000,1130.0,1.45,0.0,2.7,,1.0,0.40833111206054684,False,CALL,2026-02-27,GS
GS260227C01140000,1140.0,0.38,0.0,2.1,3.0,30.0,0.40241076110839846,False,CALL,2026-02-27,GS
GS260227C01150000,1150.0,0.85,0.0,1.1,,1.0,0.3714662463378906,False,CALL,2026-02-27,GS
GS260227C01160000,1160.0,0.64,0.0,1.8,2.0,10.0,0.4180356048583984,False,CALL,2026-02-27,GS
GS260227C01170000,1170.0,0.5,0.0,2.01,2.0,18.0,0.44006907592773437,False,CALL,2026-02-27,GS
GS260227C01180000,1180.0,0.46,0.0,1.5,,6.0,0.43054768676757815,False,CALL,2026-02-27,GS
GS260227C01190000,1190.0,0.4,0.0,1.5,12.0,13.0,0.44312080322265623,False,CALL,2026-02-27,GS
GS260227C01200000,1200.0,0.27,0.0,1.5,,21.0,0.4555718505859375,False,CALL,2026-02-27,GS
GS260227P00700000,700.0,2.14,0.0,4.6,,1.0,0.5845988806152342,False,PUT,2026-02-27,GS
GS260227P00725000,725.0,2.08,0.0,2.09,,2.0,0.5153246710205077,False,PUT,2026-02-27,GS
GS260227P00730000,730.0,2.13,0.0,2.29,,2.0,0.5127612200927734,False,PUT,2026-02-27,GS
GS260227P00735000,735.0,0.61,0.0,3.5,5.0,4.0,0.5473678076171876,False,PUT,2026-02-27,GS
GS260227P00750000,750.0,1.08,0.01,2.11,2.0,15.0,0.45862357788085945,False,PUT,2026-02-27,GS
GS260227P00760000,760.0,0.88,0.68,1.16,4.0,1.0,0.3898986791992188,False,PUT,2026-02-27,GS
GS260227P00765000,765.0,0.97,0.71,1.31,2.0,10.0,0.387701435546875,False,PUT,2026-02-27,GS
GS260227P00770000,770.0,1.13,0.85,1.39,8.0,7.0,0.3812317736816406,False,PUT,2026-02-27,GS
GS260227P00775000,775.0,1.3,0.94,1.68,2.0,36.0,0.3841614318847656,False,PUT,2026-02-27,GS
GS260227P00780000,780.0,1.3,1.1,1.73,8.0,21.0,0.3754945263671875,False,PUT,2026-02-27,GS
GS260227P00785000,785.0,1.3,0.49,1.73,22.0,24.0,0.36463037719726565,False,PUT,2026-02-27,GS
GS260227P00795000,795.0,1.88,0.4,2.33,6.0,40.0,0.3649355499267578,False,PUT,2026-02-27,GS
GS260227P00800000,800.0,1.91,0.84,2.46,1.0,47.0,0.3579165771484375,False,PUT,2026-02-27,GS
GS260227P00805000,805.0,1.54,1.14,2.78,1.0,3.0,0.35632967895507806,False,PUT,2026-02-27,GS
GS260227P00810000,810.0,3.15,1.05,2.79,2.0,45.0,0.34503828796386715,False,PUT,2026-02-27,GS
GS260227P00815000,815.0,3.75,1.25,3.5,10.0,6.0,0.3524845025634765,False,PUT,2026-02-27,GS
GS260227P00820000,820.0,3.18,1.25,3.7,4.0,17.0,0.34534346069335936,False,PUT,2026-02-27,GS
GS260227P00825000,825.0,3.5,2.77,4.05,7.0,40.0,0.34134569793701175,False,PUT,2026-02-27,GS
GS260227P00830000,830.0,3.1,3.15,4.45,6.0,153.0,0.3377141424560547,False,PUT,2026-02-27,GS
GS260227P00835000,835.0,3.93,2.27,5.1,1.0,18.0,0.338324487915039,False,PUT,2026-02-27,GS
GS260227P00840000,840.0,3.9,3.5,5.3,6.0,32.0,0.32923034057617184,False,PUT,2026-02-27,GS
GS260227P00845000,845.0,6.1,2.84,6.2,1.0,48.0,0.33234310241699216,False,PUT,2026-02-27,GS
GS260227P00850000,850.0,5.3,4.9,6.85,3.0,53.0,0.3297796514892578,False,PUT,2026-02-27,GS
GS260227P00855000,855.0,6.77,5.3,7.0,3.0,12.0,0.31845774322509757,False,PUT,2026-02-27,GS
GS260227P00860000,860.0,7.3,5.9,8.8,9.0,54.0,0.33148861877441405,False,PUT,2026-02-27,GS
GS260227P00865000,865.0,7.66,6.45,9.2,3.0,21.0,0.3225165405273437,False,PUT,2026-02-27,GS
GS260227P00870000,870.0,7.72,7.45,8.1,2.0,20.0,0.2924875439453124,False,PUT,2026-02-27,GS
GS260227P00875000,875.0,10.0,8.25,8.9,1.0,71.0,0.28881021255493156,False,PUT,2026-02-27,GS
GS260227P00880000,880.0,9.55,9.15,9.8,6.0,47.0,0.2854685711669921,False,PUT,2026-02-27,GS
GS260227P00885000,885.0,8.95,9.8,10.85,3.0,43.0,0.2829661547851562,False,PUT,2026-02-27,GS
GS260227P00890000,890.0,12.3,10.1,12.05,2.0,46.0,0.28113511840820304,False,PUT,2026-02-27,GS
GS260227P00895000,895.0,12.95,11.85,14.7,1.0,38.0,0.2941659939575195,False,PUT,2026-02-27,GS
GS260227P00900000,900.0,12.5,13.3,16.05,3.0,111.0,0.29114478393554677,False,PUT,2026-02-27,GS
GS260227P00905000,905.0,15.92,14.75,16.7,3.0,62.0,0.27983813430786125,False,PUT,2026-02-27,GS
GS260227P00910000,910.0,17.38,16.1,19.4,7.0,169.0,0.2884745225524901,False,PUT,2026-02-27,GS
GS260227P00915000,915.0,15.41,18.05,20.4,2.0,94.0,0.27875477111816405,False,PUT,2026-02-27,GS
GS260227P00920000,920.0,21.3,20.3,21.6,16.0,49.0,0.27008786560058595,False,PUT,2026-02-27,GS
GS260227P00925000,925.0,20.1,22.45,23.65,1.0,51.0,0.2684704501342773,False,PUT,2026-02-27,GS
GS260227P00930000,930.0,24.7,24.5,25.8,2.0,107.0,0.26651734466552734,False,PUT,2026-02-27,GS
GS260227P00935000,935.0,26.22,26.95,28.15,17.0,30.0,0.2651745846557617,False,PUT,2026-02-27,GS
GS260227P00940000,940.0,30.2,28.65,31.9,9.0,75.0,0.2755962333679199,True,PUT,2026-02-27,GS
GS260227P00945000,945.0,33.95,32.0,33.25,5.0,39.0,0.262275443725586,True,PUT,2026-02-27,GS
GS260227P00950000,950.0,36.1,33.9,38.15,10.0,17.0,0.2811046011352538,True,PUT,2026-02-27,GS
GS260227P00955000,955.0,40.45,36.8,41.05,14.0,17.0,0.27992968612670893,True,PUT,2026-02-27,GS
GS260227P00960000,960.0,44.35,40.1,45.8,2.0,48.0,0.2954782366943359,True,PUT,2026-02-27,GS
GS260227P00965000,965.0,45.35,43.4,47.5,2.0,10.0,0.2802501174926757,True,PUT,2026-02-27,GS
GS260227P00970000,970.0,48.85,46.25,52.45,4.0,19.0,0.29608858215332035,True,PUT,2026-02-27,GS
GS260227P00975000,975.0,55.15,50.2,55.95,2.0,23.0,0.29651582397460935,True,PUT,2026-02-27,GS
GS260227P00980000,980.0,59.9,53.6,59.6,1.0,31.0,0.2974618594360351,True,PUT,2026-02-27,GS
GS260227P00985000,985.0,52.5,57.55,61.9,11.0,18.0,0.28241684387207033,True,PUT,2026-02-27,GS
GS260227P00990000,990.0,68.0,61.0,67.15,1.0,9.0,0.2989877230834961,True,PUT,2026-02-27,GS
GS260227P00995000,995.0,54.75,64.5,71.25,2.0,17.0,0.3020089331054688,True,PUT,2026-02-27,GS
GS260227P01000000,1000.0,63.7,68.75,75.1,10.0,8.0,0.3011544494628906,True,PUT,2026-02-27,GS
GS260227P01005000,1005.0,75.25,73.8,79.5,2.0,2.0,0.3061592822265625,True,PUT,2026-02-27,GS
GS260227P01010000,1010.0,71.35,78.15,83.2,2.0,17.0,0.30130703582763674,True,PUT,2026-02-27,GS
GS260227P01015000,1015.0,62.2,82.0,88.35,2.0,2.0,0.31497877410888664,True,PUT,2026-02-27,GS
GS260227P01020000,1020.0,75.8,86.7,92.35,6.0,5.0,0.3124458404541015,True,PUT,2026-02-27,GS
GS260227P01030000,1030.0,90.35,96.05,101.4,12.0,2.0,0.320044641418457,True,PUT,2026-02-27,GS
GS260227P01040000,1040.0,111.2,105.8,111.15,2.0,1.0,0.33685965881347657,True,PUT,2026-02-27,GS
GS260227P01070000,1070.0,114.35,133.2,139.7,,0.0,0.3688417608642578,True,PUT,2026-02-27,GS
GS260227P01090000,1090.0,129.68,151.4,159.4,4.0,0.0,0.39819937744140627,True,PUT,2026-02-27,GS
GS260227P01100000,1100.0,139.35,161.2,169.35,4.0,0.0,0.4141904284667969,True,PUT,2026-02-27,GS
GS260227P01110000,1110.0,159.9,171.2,179.35,,0.0,0.4309749285888672,True,PUT,2026-02-27,GS
GS260227P01140000,1140.0,210.7,200.95,209.45,,0.0,0.4818167053222656,True,PUT,2026-02-27,GS
GS260227P01150000,1150.0,202.35,211.0,219.45,,0.0,0.4974415490722657,True,PUT,2026-02-27,GS
GS260227P01170000,1170.0,226.1,231.55,239.95,,0.0,0.5401657312011721,True,PUT,2026-02-27,GS
GS260306C00840000,840.0,97.05,98.0,104.0,20.0,10.0,0.34729656616210935,True,CALL,2026-03-06,GS
GS260306C00850000,850.0,84.3,89.45,95.0,6.0,,0.33505913970947265,True,CALL,2026-03-06,GS
GS260306C00855000,855.0,86.25,86.25,91.3,2.0,3.0,0.3383550051879882,True,CALL,2026-03-06,GS
GS260306C00860000,860.0,84.85,80.45,87.0,6.0,6.0,0.3332281033325196,True,CALL,2026-03-06,GS
GS260306C00865000,865.0,75.95,76.3,82.55,2.0,0.0,0.32581240600585937,True,CALL,2026-03-06,GS
GS260306C00875000,875.0,64.91,68.35,75.0,11.0,19.0,0.3243170596313476,True,CALL,2026-03-06,GS
GS260306C00895000,895.0,55.8,55.45,58.55,2.0,10.0,0.2983163430786132,True,CALL,2026-03-06,GS
GS260306C00900000,900.0,54.4,49.45,54.9,2.0,18.0,0.2946237530517578,True,CALL,2026-03-06,GS
GS260306C00905000,905.0,46.63,48.1,51.45,2.0,1.0,0.29193823303222644,True,CALL,2026-03-06,GS
GS260306C00915000,915.0,44.3,39.5,45.0,10.0,3.0,0.2878794357299803,True,CALL,2026-03-06,GS
GS260306C00920000,920.0,41.65,38.5,41.65,15.0,30.0,0.283362879333496,True,CALL,2026-03-06,GS
GS260306C00925000,925.0,38.35,34.5,38.8,3.0,26.0,0.282233740234375,True,CALL,2026-03-06,GS
GS260306C00930000,930.0,34.4,32.15,36.4,26.0,18.0,0.283912190246582,True,CALL,2026-03-06,GS
GS260306C00935000,935.0,35.25,29.8,34.35,4.0,19.0,0.2875284870910643,True,CALL,2026-03-06,GS
GS260306C00945000,945.0,28.37,24.75,28.05,2.0,86.0,0.2732311447143554,False,CALL,2026-03-06,GS
GS260306C00950000,950.0,24.75,22.0,25.65,7.0,8.0,0.270866056060791,False,CALL,2026-03-06,GS
GS260306C00955000,955.0,22.8,20.1,24.45,1.0,6.0,0.2777324424743652,False,CALL,2026-03-06,GS
GS260306C00960000,960.0,20.79,18.4,22.65,3.0,10.0,0.27855640884399413,False,CALL,2026-03-06,GS
GS260306C00965000,965.0,18.5,17.05,21.05,1.0,32.0,0.28018908294677725,False,CALL,2026-03-06,GS
GS260306C00970000,970.0,15.68,15.2,19.5,15.0,23.0,0.28137925659179686,False,CALL,2026-03-06,GS
GS260306C00975000,975.0,14.0,13.85,17.65,5.0,7.0,0.27889209884643557,False,CALL,2026-03-06,GS
GS260306C00980000,980.0,12.05,12.55,16.15,4.0,7.0,0.27863270202636714,False,CALL,2026-03-06,GS
GS260306C00985000,985.0,11.15,11.35,15.6,2.0,2.0,0.2866282275390625,False,CALL,2026-03-06,GS
GS260306C00995000,995.0,8.8,8.35,12.65,10.0,8.0,0.282233740234375,False,CALL,2026-03-06,GS
GS260306C01000000,1000.0,9.53,6.9,12.15,4.0,8.0,0.2888407298278808,False,CALL,2026-03-06,GS
GS260306C01005000,1005.0,9.1,7.3,10.85,5.0,5.0,0.2862009857177734,False,CALL,2026-03-06,GS
GS260306C01015000,1015.0,7.28,5.1,9.85,2.0,3.0,0.2966226344299316,False,CALL,2026-03-06,GS
GS260306C01020000,1020.0,12.71,3.7,9.05,,1.0,0.2974923767089843,False,CALL,2026-03-06,GS
GS260306C01025000,1025.0,4.45,3.25,8.3,4.0,4.0,0.29825530853271476,False,CALL,2026-03-06,GS
GS260306C01030000,1030.0,3.8,3.65,5.85,1.0,2.0,0.2743908010864258,False,CALL,2026-03-06,GS
GS260306C01050000,1050.0,3.3,1.43,3.65,1.0,13.0,0.2724071783447265,False,CALL,2026-03-06,GS
GS260306C01100000,1100.0,0.99,0.55,2.05,2.0,9.0,0.3083565258789062,False,CALL,2026-03-06,GS
GS260306P00815000,815.0,4.0,3.85,4.95,10.0,12.0,0.3479374288940429,False,PUT,2026-03-06,GS
GS260306P00820000,820.0,4.85,4.1,5.4,14.0,16.0,0.34491621887207036,False,PUT,2026-03-06,GS
GS260306P00835000,835.0,8.05,5.6,7.1,13.0,11.0,0.3377141424560547,False,PUT,2026-03-06,GS
GS260306P00840000,840.0,5.86,6.0,7.85,32.0,38.0,0.33661552062988287,False,PUT,2026-03-06,GS
GS260306P00845000,845.0,6.85,6.6,7.65,1.0,3.0,0.3211127459716796,False,PUT,2026-03-06,GS
GS260306P00850000,850.0,7.06,7.25,9.3,2.0,5.0,0.33124448059082034,False,PUT,2026-03-06,GS
GS260306P00855000,855.0,9.1,8.0,10.35,7.0,10.0,0.33161068786621095,False,PUT,2026-03-06,GS
GS260306P00860000,860.0,9.18,8.8,11.35,4.0,5.0,0.3303899969482421,False,PUT,2026-03-06,GS
GS260306P00865000,865.0,10.48,9.25,12.4,2.0,12.0,0.3288793919372558,False,PUT,2026-03-06,GS
GS260306P00870000,870.0,11.59,10.75,13.8,6.0,21.0,0.33042051422119134,False,PUT,2026-03-06,GS
GS260306P00875000,875.0,12.31,11.1,15.15,1.0,2.0,0.3303594796752929,False,PUT,2026-03-06,GS
GS260306P00890000,890.0,17.08,15.1,19.25,3.0,20.0,0.3252630950927734,False,PUT,2026-03-06,GS
GS260306P00895000,895.0,17.65,16.35,18.35,10.0,5.0,0.30036100036621094,False,PUT,2026-03-06,GS
GS260306P00900000,900.0,20.0,17.65,20.0,2.0,12.0,0.29943022354125975,False,PUT,2026-03-06,GS
GS260306P00905000,905.0,16.1,19.05,23.75,2.0,10.0,0.3165961895751953,False,PUT,2026-03-06,GS
GS260306P00915000,915.0,24.5,22.85,27.65,10.0,12.0,0.3146888600158691,False,PUT,2026-03-06,GS
GS260306P00920000,920.0,20.35,24.75,30.1,1.0,52.0,0.3167030000305175,False,PUT,2026-03-06,GS
GS260306P00925000,925.0,21.9,26.6,30.5,12.0,22.0,0.30026944854736326,False,PUT,2026-03-06,GS
GS260306P00930000,930.0,31.15,29.3,32.7,2.0,52.0,0.2984231535339355,False,PUT,2026-03-06,GS
GS260306P00935000,935.0,33.8,30.9,35.25,11.0,2.0,0.2986062571716308,False,PUT,2026-03-06,GS
GS260306P00940000,940.0,36.35,34.3,39.8,2.0,3.0,0.3146736013793945,True,PUT,2026-03-06,GS
GS260306P00945000,945.0,39.2,36.75,42.5,15.0,2.0,0.3142463595581054,True,PUT,2026-03-06,GS
GS260306P00950000,950.0,42.0,39.8,45.05,2.0,6.0,0.31168290863037107,True,PUT,2026-03-06,GS
GS260306P00960000,960.0,51.7,45.35,51.55,4.0,2.0,0.31581799911499014,True,PUT,2026-03-06,GS
GS260306P00965000,965.0,52.75,48.4,54.75,2.0,19.0,0.31621472366333,True,PUT,2026-03-06,GS
GS260306P00970000,970.0,54.2,52.2,56.65,2.0,6.0,0.3042672113037109,True,PUT,2026-03-06,GS
GS260306P00975000,975.0,62.85,55.35,59.75,2.0,27.0,0.3018410881042481,True,PUT,2026-03-06,GS
GS260306P00980000,980.0,56.15,59.0,64.95,2.0,26.0,0.3177863632202148,True,PUT,2026-03-06,GS
GS260306P00995000,995.0,72.7,70.05,75.95,2.0,5.0,0.31961739959716784,True,PUT,2026-03-06,GS
GS260306P01005000,1005.0,66.2,78.25,83.0,2.0,1.0,0.3138496350097656,True,PUT,2026-03-06,GS
GS260306P01010000,1010.0,85.0,82.0,88.3,4.0,12.0,0.3285742192077636,True,PUT,2026-03-06,GS
GS260306P01030000,1030.0,104.15,99.5,104.95,20.0,2.0,0.3340215524291992,True,PUT,2026-03-06,GS
GS260306P01050000,1050.0,124.65,117.5,123.15,6.0,5.0,0.35004312072753896,True,PUT,2026-03-06,GS
GS260306P01070000,1070.0,141.35,136.5,142.0,10.0,4.0,0.36960469268798823,True,PUT,2026-03-06,GS
GS260306P01090000,1090.0,143.9,155.95,161.25,2.0,1.0,0.3914245428466796,True,PUT,2026-03-06,GS
GS260320C00660000,660.0,303.0,273.0,279.45,1.0,42.0,0.5853312951660157,True,CALL,2026-03-20,GS
GS260320C00665000,665.0,130.36,286.75,294.35,5.0,5.0,0.8827526373291015,True,CALL,2026-03-20,GS
GS260320C00670000,670.0,239.66,263.0,270.7,3.0,3.0,0.5990030334472658,True,CALL,2026-03-20,GS
GS260320C00675000,675.0,234.15,258.0,264.35,,1.0,0.5510909149169922,True,CALL,2026-03-20,GS
GS260320C00680000,680.0,260.64,253.0,260.75,1.0,92.0,0.5786174951171875,True,CALL,2026-03-20,GS
GS260320C00685000,685.0,165.4,266.45,273.05,,2.0,0.8153704986572266,True,CALL,2026-03-20,GS
GS260320C00690000,690.0,240.75,243.1,250.0,1.0,4.0,0.538212625732422,True,CALL,2026-03-20,GS
GS260320C00695000,695.0,208.15,238.7,244.65,2.0,7.0,0.5185595019531251,True,CALL,2026-03-20,GS
GS260320C00700000,700.0,232.38,233.8,239.8,2.0,601.0,0.5123339782714844,True,CALL,2026-03-20,GS
GS260320C00705000,705.0,246.37,228.35,235.35,1.0,18.0,0.5158739819335938,True,CALL,2026-03-20,GS
GS260320C00710000,710.0,251.4,223.45,230.45,1.0,8.0,0.5079394909667969,True,CALL,2026-03-20,GS
GS260320C00715000,715.0,208.0,218.55,225.4,2.0,29.0,0.4964039617919922,True,CALL,2026-03-20,GS
GS260320C00720000,720.0,231.52,213.65,219.2,1.0,148.0,0.45642633422851564,True,CALL,2026-03-20,GS
GS260320C00725000,725.0,171.55,209.3,215.3,18.0,42.0,0.4736075588989258,True,CALL,2026-03-20,GS
GS260320C00730000,730.0,190.5,204.0,210.65,2.0,11.0,0.4712577288818359,True,CALL,2026-03-20,GS
GS260320C00735000,735.0,203.35,199.55,205.5,2.0,16.0,0.4577690942382813,True,CALL,2026-03-20,GS
GS260320C00740000,740.0,185.2,194.7,199.7,12.0,325.0,0.4296321685791016,True,CALL,2026-03-20,GS
GS260320C00745000,745.0,237.2,189.85,196.15,2.0,11.0,0.4509027078247071,True,CALL,2026-03-20,GS
GS260320C00750000,750.0,230.4,185.0,190.7,7.0,156.0,0.4315547567749024,True,CALL,2026-03-20,GS
GS260320C00755000,755.0,174.55,179.6,185.15,1.0,7.0,0.4100400793457031,True,CALL,2026-03-20,GS
GS260320C00760000,760.0,174.14,175.35,180.3,1.0,273.0,0.4032652447509766,True,CALL,2026-03-20,GS
GS260320C00765000,765.0,134.3,170.55,175.3,11.0,19.0,0.3933471310424804,True,CALL,2026-03-20,GS
GS260320C00770000,770.0,159.75,165.75,171.05,1.0,71.0,0.39789420471191406,True,CALL,2026-03-20,GS
GS260320C00775000,775.0,198.0,160.4,166.2,1.0,22.0,0.39050902465820314,True,CALL,2026-03-20,GS
GS260320C00780000,780.0,154.54,156.2,162.3,1.0,921.0,0.3992369647216797,True,CALL,2026-03-20,GS
GS260320C00785000,785.0,162.25,151.5,156.5,1.0,50.0,0.37543349182128904,True,CALL,2026-03-20,GS
GS260320C00790000,790.0,140.0,146.35,153.05,1.0,291.0,0.3900817828369141,True,CALL,2026-03-20,GS
GS260320C00795000,795.0,137.0,141.6,147.5,10.0,35.0,0.37106952178955077,True,CALL,2026-03-20,GS
GS260320C00800000,800.0,137.45,137.1,143.5,2.0,322.0,0.37543349182128904,True,CALL,2026-03-20,GS
GS260320C00805000,805.0,151.45,132.4,137.7,2.0,24.0,0.35312536529541017,True,CALL,2026-03-20,GS
GS260320C00810000,810.0,127.85,127.65,134.1,1.0,306.0,0.36228054718017577,True,CALL,2026-03-20,GS
GS260320C00815000,815.0,124.15,123.75,129.5,8.0,61.0,0.35671114486694333,True,CALL,2026-03-20,GS
GS260320C00820000,820.0,117.52,119.25,125.6,6.0,306.0,0.35965606170654296,True,CALL,2026-03-20,GS
GS260320C00825000,825.0,115.35,114.0,119.35,12.0,116.0,0.33289241333007813,True,CALL,2026-03-20,GS
GS260320C00830000,830.0,108.45,110.6,115.45,2.0,228.0,0.33542534698486326,True,CALL,2026-03-20,GS
GS260320C00835000,835.0,98.6,106.4,111.05,2.0,41.0,0.3312139633178711,True,CALL,2026-03-20,GS
GS260320C00840000,840.0,105.0,100.95,107.3,2.0,203.0,0.3338079315185547,True,CALL,2026-03-20,GS
GS260320C00845000,845.0,98.35,97.95,103.35,15.0,35.0,0.3333349137878418,True,CALL,2026-03-20,GS
GS260320C00850000,850.0,95.6,92.6,99.3,16.0,541.0,0.3311681874084473,True,CALL,2026-03-20,GS
GS260320C00855000,855.0,87.8,89.15,94.1,1.0,43.0,0.31702343139648437,True,CALL,2026-03-20,GS
GS260320C00860000,860.0,88.0,84.45,90.6,1.0,168.0,0.3194342959594726,True,CALL,2026-03-20,GS
GS260320C00865000,865.0,83.35,80.45,86.6,2.0,47.0,0.31629101684570304,True,CALL,2026-03-20,GS
GS260320C00870000,870.0,74.87,76.4,82.8,1.0,179.0,0.3144294631958008,True,CALL,2026-03-20,GS
GS260320C00875000,875.0,77.4,72.85,78.85,4.0,65.0,0.310630062713623,True,CALL,2026-03-20,GS
GS260320C00880000,880.0,85.05,70.3,74.45,1.0,458.0,0.3024819508361816,True,CALL,2026-03-20,GS
GS260320C00885000,885.0,75.05,67.2,70.7,1.0,28.0,0.29941496490478514,True,CALL,2026-03-20,GS
GS260320C00890000,890.0,63.3,62.6,67.65,1.0,238.0,0.3014748808288575,True,CALL,2026-03-20,GS
GS260320C00895000,895.0,63.0,58.95,63.0,1.0,90.0,0.2899698689270019,True,CALL,2026-03-20,GS
GS260320C00900000,900.0,58.25,56.5,61.1,1.0,457.0,0.29964384445190423,True,CALL,2026-03-20,GS
GS260320C00905000,905.0,60.55,52.35,57.8,2.0,107.0,0.29750763534545893,True,CALL,2026-03-20,GS
GS260320C00910000,910.0,52.36,49.4,54.45,15.0,27.0,0.29434909759521477,True,CALL,2026-03-20,GS
GS260320C00915000,915.0,50.21,46.25,50.8,5.0,65.0,0.28832193618774404,True,CALL,2026-03-20,GS
GS260320C00920000,920.0,45.9,44.1,48.9,6.0,269.0,0.29454745986938474,True,CALL,2026-03-20,GS
GS260320C00925000,925.0,55.5,41.0,45.45,1.0,39.0,0.2886881434631347,True,CALL,2026-03-20,GS
GS260320C00930000,930.0,42.55,41.15,43.35,8.0,98.0,0.2919229743957518,True,CALL,2026-03-20,GS
GS260320C00935000,935.0,38.45,36.15,40.2,4.0,68.0,0.2868876243591308,True,CALL,2026-03-20,GS
GS260320C00940000,940.0,36.0,35.95,37.25,17.0,669.0,0.2825999475097656,False,CALL,2026-03-20,GS
GS260320C00945000,945.0,34.51,33.6,34.35,20.0,52.0,0.2779613220214844,False,CALL,2026-03-20,GS
GS260320C00950000,950.0,31.85,31.3,32.55,57.0,401.0,0.2804942556762695,False,CALL,2026-03-20,GS
GS260320C00955000,955.0,29.81,29.15,30.55,6.0,74.0,0.28089098022460934,False,CALL,2026-03-20,GS
GS260320C00960000,960.0,27.7,26.95,28.4,4.0,272.0,0.27948718566894526,False,CALL,2026-03-20,GS
GS260320C00965000,965.0,28.0,22.1,26.0,4.0,57.0,0.2755199401855468,False,CALL,2026-03-20,GS
GS260320C00970000,970.0,25.78,20.5,24.7,2.0,190.0,0.27898365066528313,False,CALL,2026-03-20,GS
GS260320C00975000,975.0,28.0,21.5,23.6,2.0,136.0,0.283362879333496,False,CALL,2026-03-20,GS
GS260320C00980000,980.0,18.85,19.8,20.85,3.0,407.0,0.2744518356323242,False,CALL,2026-03-20,GS
GS260320C00985000,985.0,20.25,16.3,19.55,6.0,79.0,0.2759624406433105,False,CALL,2026-03-20,GS
GS260320C00990000,990.0,19.1,14.7,18.9,3.0,253.0,0.28211167114257807,False,CALL,2026-03-20,GS
GS260320C00995000,995.0,14.1,13.8,16.8,3.0,46.0,0.2758708888244628,False,CALL,2026-03-20,GS
GS260320C01000000,1000.0,13.7,12.65,15.3,133.0,1035.0,0.2737194210815429,False,CALL,2026-03-20,GS
GS260320C01005000,1005.0,11.1,12.35,14.3,1.0,15.0,0.27518425018310544,False,CALL,2026-03-20,GS
GS260320C01010000,1010.0,12.0,11.75,13.0,20.0,85.0,0.2733532138061523,False,CALL,2026-03-20,GS
GS260320C01015000,1015.0,10.4,9.65,11.9,1.0,18.0,0.2726207992553711,False,CALL,2026-03-20,GS
GS260320C01020000,1020.0,10.1,9.75,10.75,22.0,310.0,0.27065243515014653,False,CALL,2026-03-20,GS
GS260320C01025000,1025.0,7.22,7.7,11.25,2.0,7.0,0.284614087524414,False,CALL,2026-03-20,GS
GS260320C01030000,1030.0,10.0,7.35,9.7,9.0,102.0,0.27756459747314455,False,CALL,2026-03-20,GS
GS260320C01035000,1035.0,7.15,6.75,9.7,20.0,46.0,0.28610943389892574,False,CALL,2026-03-20,GS
GS260320C01040000,1040.0,7.97,6.15,7.5,15.0,292.0,0.2696911410522461,False,CALL,2026-03-20,GS
GS260320C01050000,1050.0,6.51,5.4,6.75,2.0,109.0,0.27616080291748035,False,CALL,2026-03-20,GS
GS260320C01060000,1060.0,4.39,4.2,5.3,3.0,90.0,0.2714611428833008,False,CALL,2026-03-20,GS
GS260320C01070000,1070.0,3.75,3.4,5.2,4.0,26.0,0.2841868457031249,False,CALL,2026-03-20,GS
GS260320C01080000,1080.0,2.82,3.3,3.8,3.0,120.0,0.2750011465454102,False,CALL,2026-03-20,GS
GS260320C01090000,1090.0,2.13,2.15,3.35,3.0,25.0,0.27945666839599603,False,CALL,2026-03-20,GS
GS260320C01100000,1100.0,2.64,2.0,2.79,2.0,1027.0,0.2802196002197265,False,CALL,2026-03-20,GS
GS260320C01110000,1110.0,2.05,1.91,3.15,3.0,38.0,0.2999642758178711,False,CALL,2026-03-20,GS
GS260320C01120000,1120.0,1.69,1.42,2.15,3.0,51.0,0.2880015048217772,False,CALL,2026-03-20,GS
GS260320C01130000,1130.0,1.22,1.25,2.44,50.0,30.0,0.3067085931396484,False,CALL,2026-03-20,GS
GS260320C01140000,1140.0,1.25,0.81,1.62,1.0,68.0,0.2940134075927734,False,CALL,2026-03-20,GS
GS260320C01150000,1150.0,1.0,0.6,1.99,1.0,38.0,0.3161079132080078,False,CALL,2026-03-20,GS
GS260320C01160000,1160.0,1.07,0.62,1.28,10.0,80.0,0.30213100219726563,False,CALL,2026-03-20,GS
GS260320C01170000,1170.0,1.86,0.28,1.42,5.0,12.0,0.317389638671875,False,CALL,2026-03-20,GS
GS260320C01180000,1180.0,1.37,0.13,1.08,,1.0,0.3128120477294921,False,CALL,2026-03-20,GS
GS260320C01190000,1190.0,0.53,0.01,1.45,2.0,12.0,0.3379582806396484,False,CALL,2026-03-20,GS
GS260320C01200000,1200.0,0.65,0.0,1.25,1.0,28.0,0.3391179370117187,False,CALL,2026-03-20,GS
GS260320C01210000,1210.0,0.75,0.0,1.29,2.0,4.0,0.3501041552734374,False,CALL,2026-03-20,GS
GS260320P00655000,655.0,0.66,0.32,0.88,1.0,36.0,0.4558159887695313,False,PUT,2026-03-20,GS
GS260320P00660000,660.0,0.64,0.4,1.23,7.0,514.0,0.47083048706054687,False,PUT,2026-03-20,GS
GS260320P00665000,665.0,0.78,0.0,1.27,2.0,11.0,0.4643608251953125,False,PUT,2026-03-20,GS
GS260320P00670000,670.0,0.75,0.07,1.34,3.0,37.0,0.4594780615234375,False,PUT,2026-03-20,GS
GS260320P00675000,675.0,0.95,0.54,1.1,8.0,18.0,0.436529072265625,False,PUT,2026-03-20,GS
GS260320P00680000,680.0,0.91,0.65,1.2,18.0,397.0,0.43396562133789063,False,PUT,2026-03-20,GS
GS260320P00685000,685.0,1.01,0.76,1.47,2.0,13.0,0.4398249377441406,False,PUT,2026-03-20,GS
GS260320P00690000,690.0,1.09,0.05,1.58,1.0,241.0,0.4364070031738281,False,PUT,2026-03-20,GS
GS260320P00695000,695.0,1.1,0.08,1.72,2.0,14.0,0.43396562133789063,False,PUT,2026-03-20,GS
GS260320P00700000,700.0,1.2,1.05,1.5,7.0,705.0,0.41498387756347654,False,PUT,2026-03-20,GS
GS260320P00705000,705.0,1.32,0.99,1.64,1.0,9.0,0.4126645648193359,False,PUT,2026-03-20,GS
GS260320P00710000,710.0,1.4,1.23,1.78,3.0,51.0,0.40991801025390623,False,PUT,2026-03-20,GS
GS260320P00715000,715.0,1.45,1.19,1.85,1.0,9.0,0.403875590209961,False,PUT,2026-03-20,GS
GS260320P00720000,720.0,1.53,1.29,1.95,4.0,497.0,0.39893179199218753,False,PUT,2026-03-20,GS
GS260320P00725000,725.0,1.55,1.56,2.15,1.0,36.0,0.39740592834472654,False,PUT,2026-03-20,GS
GS260320P00730000,730.0,1.73,1.67,2.18,1.0,31.0,0.3895324719238281,False,PUT,2026-03-20,GS
GS260320P00735000,735.0,1.79,1.8,2.47,1.0,141.0,0.39014281738281253,False,PUT,2026-03-20,GS
GS260320P00740000,740.0,2.1,1.81,2.51,7.0,392.0,0.38233039550781245,False,PUT,2026-03-20,GS
GS260320P00745000,745.0,2.2,1.79,2.68,1.0,94.0,0.378363150024414,False,PUT,2026-03-20,GS
GS260320P00750000,750.0,2.43,2.05,2.89,2.0,405.0,0.37525038818359374,False,PUT,2026-03-20,GS
GS260320P00755000,755.0,3.11,1.81,2.98,1.0,14.0,0.3685060708618164,False,PUT,2026-03-20,GS
GS260320P00760000,760.0,3.0,2.4,3.35,10.0,310.0,0.3687807263183594,False,PUT,2026-03-20,GS
GS260320P00765000,765.0,3.12,2.05,3.6,2.0,34.0,0.3654238262939453,False,PUT,2026-03-20,GS
GS260320P00770000,770.0,3.32,2.55,3.95,2.0,94.0,0.36392847991943367,False,PUT,2026-03-20,GS
GS260320P00775000,775.0,3.0,2.23,4.25,3.0,72.0,0.360785200805664,False,PUT,2026-03-20,GS
GS260320P00780000,780.0,4.0,2.48,4.6,7.0,652.0,0.35822174987792965,False,PUT,2026-03-20,GS
GS260320P00785000,785.0,4.65,2.77,4.95,2.0,57.0,0.3551700225830078,False,PUT,2026-03-20,GS
GS260320P00790000,790.0,3.9,4.4,5.35,2.0,187.0,0.3525760543823242,False,PUT,2026-03-20,GS
GS260320P00795000,795.0,5.05,4.7,5.8,1.0,43.0,0.35034829345703117,False,PUT,2026-03-20,GS
GS260320P00800000,800.0,5.6,4.8,6.05,12.0,401.0,0.3443669079589844,False,PUT,2026-03-20,GS
GS260320P00805000,805.0,5.35,5.55,6.75,20.0,79.0,0.34512983978271483,False,PUT,2026-03-20,GS
GS260320P00810000,810.0,5.7,5.9,7.05,19.0,157.0,0.33920948883056634,False,PUT,2026-03-20,GS
GS260320P00815000,815.0,6.7,6.3,7.95,2.0,44.0,0.34146776702880854,False,PUT,2026-03-20,GS
GS260320P00820000,820.0,4.8,6.95,8.2,5.0,138.0,0.3341588801574707,False,PUT,2026-03-20,GS
GS260320P00825000,825.0,7.35,7.45,9.35,4.0,85.0,0.33814138427734375,False,PUT,2026-03-20,GS
GS260320P00830000,830.0,9.3,7.85,9.55,15.0,203.0,0.3295660305786132,False,PUT,2026-03-20,GS
GS260320P00835000,835.0,9.16,8.85,10.4,5.0,71.0,0.3284979260253906,False,PUT,2026-03-20,GS
GS260320P00840000,840.0,9.87,9.35,10.25,4.0,337.0,0.31546705047607415,False,PUT,2026-03-20,GS
GS260320P00845000,845.0,8.38,9.65,12.3,2.0,100.0,0.32662111373901365,False,PUT,2026-03-20,GS
GS260320P00850000,850.0,12.5,11.05,11.85,5.0,411.0,0.31009601043701174,False,PUT,2026-03-20,GS
GS260320P00855000,855.0,13.6,11.85,12.9,5.0,134.0,0.3091347163391113,False,PUT,2026-03-20,GS
GS260320P00860000,860.0,11.9,12.95,13.85,166.0,172.0,0.3065102308654785,False,PUT,2026-03-20,GS
GS260320P00865000,865.0,15.0,13.9,14.85,14.0,121.0,0.30379419357299803,False,PUT,2026-03-20,GS
GS260320P00870000,870.0,15.6,14.9,15.95,38.0,134.0,0.30141384628295903,False,PUT,2026-03-20,GS
GS260320P00875000,875.0,18.77,16.35,17.25,4.0,104.0,0.3002084140014648,False,PUT,2026-03-20,GS
GS260320P00880000,880.0,19.35,17.3,18.75,4.0,366.0,0.30005582763671873,False,PUT,2026-03-20,GS
GS260320P00885000,885.0,18.65,18.65,22.6,10.0,44.0,0.3186103295898437,False,PUT,2026-03-20,GS
GS260320P00890000,890.0,22.31,20.1,21.95,16.0,168.0,0.29917082672119133,False,PUT,2026-03-20,GS
GS260320P00895000,895.0,22.75,21.95,25.75,14.0,217.0,0.3150703259277343,False,PUT,2026-03-20,GS
GS260320P00900000,900.0,21.82,23.7,27.5,1.0,632.0,0.31371230728149413,False,PUT,2026-03-20,GS
GS260320P00905000,905.0,20.99,24.55,29.5,1.0,455.0,0.3136207554626465,False,PUT,2026-03-20,GS
GS260320P00910000,910.0,29.33,27.35,30.7,2.0,71.0,0.3068611795043945,False,PUT,2026-03-20,GS
GS260320P00915000,915.0,31.45,28.4,33.6,4.0,43.0,0.31214066772460936,False,PUT,2026-03-20,GS
GS260320P00920000,920.0,30.25,31.15,35.55,23.0,117.0,0.3096840272521973,False,PUT,2026-03-20,GS
GS260320P00925000,925.0,36.15,33.3,37.9,2.0,58.0,0.30950092361450193,False,PUT,2026-03-20,GS
GS260320P00930000,930.0,38.79,34.6,40.1,5.0,67.0,0.3075630767822265,False,PUT,2026-03-20,GS
GS260320P00935000,935.0,40.25,37.4,42.95,7.0,29.0,0.30963825134277345,False,PUT,2026-03-20,GS
GS260320P00940000,940.0,43.0,39.35,45.65,22.0,126.0,0.30997394134521483,True,PUT,2026-03-20,GS
GS260320P00945000,945.0,47.55,42.8,48.45,63.0,85.0,0.31037066589355466,True,PUT,2026-03-20,GS
GS260320P00950000,950.0,48.95,45.5,50.3,3.0,347.0,0.3032906585693359,True,PUT,2026-03-20,GS
GS260320P00955000,955.0,52.2,48.45,53.8,1.0,52.0,0.307425749053955,True,PUT,2026-03-20,GS
GS260320P00960000,960.0,55.2,51.55,56.5,2.0,81.0,0.30513695358276366,True,PUT,2026-03-20,GS
GS260320P00965000,965.0,58.2,54.7,60.1,2.0,38.0,0.30878376770019533,True,PUT,2026-03-20,GS
GS260320P00970000,970.0,63.9,56.35,63.4,2.0,33.0,0.30965350997924806,True,PUT,2026-03-20,GS
GS260320P00975000,975.0,63.67,60.35,64.5,1.0,125.0,0.29335728622436513,True,PUT,2026-03-20,GS
GS260320P00980000,980.0,66.25,64.2,69.2,4.0,14.0,0.3034585035705566,True,PUT,2026-03-20,GS
GS260320P00985000,985.0,75.6,66.15,72.95,2.0,4.0,0.305869368133545,True,PUT,2026-03-20,GS
GS260320P00990000,990.0,79.25,70.35,75.75,2.0,24.0,0.30023893127441403,True,PUT,2026-03-20,GS
GS260320P00995000,995.0,78.65,75.05,80.45,2.0,30.0,0.3091041990661621,True,PUT,2026-03-20,GS
GS260320P01000000,1000.0,82.5,79.0,84.0,2.0,31.0,0.3082649740600586,True,PUT,2026-03-20,GS
GS260320P01005000,1005.0,87.91,82.0,88.3,2.0,3.0,0.31308670318603515,True,PUT,2026-03-20,GS
GS260320P01010000,1010.0,91.25,86.0,91.9,2.0,8.0,0.31156083953857416,True,PUT,2026-03-20,GS
GS260320P01015000,1015.0,92.9,90.65,96.0,1.0,9.0,0.3137733418273925,True,PUT,2026-03-20,GS
GS260320P01020000,1020.0,101.6,94.0,100.15,8.0,6.0,0.3159858441162109,True,PUT,2026-03-20,GS
GS260320P01025000,1025.0,103.25,98.55,104.35,2.0,15.0,0.31821360504150387,True,PUT,2026-03-20,GS
GS260320P01030000,1030.0,109.1,102.1,108.6,10.0,15.0,0.32047188323974607,True,PUT,2026-03-20,GS
GS260320P01035000,1035.0,122.65,106.6,112.85,2.0,6.0,0.32234869552612294,True,PUT,2026-03-20,GS
GS260320P01040000,1040.0,118.95,111.15,116.75,2.0,12.0,0.3202735209655761,True,PUT,2026-03-20,GS
GS260320P01050000,1050.0,100.55,119.9,125.15,6.0,112.0,0.3205329177856445,True,PUT,2026-03-20,GS
GS260320P01060000,1060.0,109.3,128.8,134.85,2.0,8.0,0.33348750015258793,True,PUT,2026-03-20,GS
GS260320P01070000,1070.0,121.05,138.55,143.6,2.0,5.0,0.33469293243408205,True,PUT,2026-03-20,GS
GS260320P01080000,1080.0,160.45,147.4,152.95,22.0,12.0,0.3417424224853516,True,PUT,2026-03-20,GS
GS260320P01100000,1100.0,155.3,167.0,172.0,2.0,0.0,0.3578250253295898,True,PUT,2026-03-20,GS
GS260320P01110000,1110.0,149.9,176.15,181.65,,4.0,0.3665834826660156,True,PUT,2026-03-20,GS
GS260320P01130000,1130.0,201.2,194.6,201.6,,1.0,0.39234006103515623,True,PUT,2026-03-20,GS
GS260320P01140000,1140.0,237.35,203.8,210.85,2.0,0.0,0.39349971740722656,True,PUT,2026-03-20,GS
GS260417C00655000,655.0,148.68,296.35,303.55,,1.0,0.7247952325439453,True,CALL,2026-04-17,GS
GS260417C00660000,660.0,251.0,274.0,279.2,2.0,2.0,0.46393358337402346,True,CALL,2026-04-17,GS
GS260417C00665000,665.0,164.05,289.1,295.5,,1.0,0.7296017030334474,True,CALL,2026-04-17,GS
GS260417C00670000,670.0,159.95,283.6,291.6,,1.0,0.7214383325195313,True,CALL,2026-04-17,GS
GS260417C00675000,675.0,296.09,259.4,265.45,2.0,15.0,0.4672904833984375,True,CALL,2026-04-17,GS
GS260417C00680000,680.0,235.4,255.1,261.5,1.0,36.0,0.4794363580322265,True,CALL,2026-04-17,GS
GS260417C00685000,685.0,168.5,270.15,277.4,1.0,26.0,0.6998321032714845,True,CALL,2026-04-17,GS
GS260417C00690000,690.0,282.74,245.0,251.0,1.0,14.0,0.4524590887451172,True,CALL,2026-04-17,GS
GS260417C00695000,695.0,197.3,240.75,245.8,2.0,12.0,0.4400080413818359,True,CALL,2026-04-17,GS
GS260417C00700000,700.0,257.0,236.0,241.0,4.0,45.0,0.4352473468017578,True,CALL,2026-04-17,GS
GS260417C00705000,705.0,196.5,230.5,236.5,2.0,21.0,0.4357356231689453,True,CALL,2026-04-17,GS
GS260417C00710000,710.0,242.35,225.75,231.95,9.0,25.0,0.4348201049804688,True,CALL,2026-04-17,GS
GS260417C00715000,715.0,239.95,221.75,227.35,2.0,4.0,0.4326533786010742,True,CALL,2026-04-17,GS
GS260417C00720000,720.0,219.48,217.05,223.25,1.0,26.0,0.4378413150024414,True,CALL,2026-04-17,GS
GS260417C00725000,725.0,190.0,212.3,217.4,2.0,18.0,0.4159909475708008,True,CALL,2026-04-17,GS
GS260417C00730000,730.0,208.73,207.6,212.65,1.0,16.0,0.411138701171875,True,CALL,2026-04-17,GS
GS260417C00735000,735.0,168.55,202.95,207.85,2.0,9.0,0.4054014538574219,True,CALL,2026-04-17,GS
GS260417C00740000,740.0,222.0,197.8,203.0,5.0,19.0,0.3988707574462891,True,CALL,2026-04-17,GS
GS260417C00745000,745.0,221.25,193.2,198.8,6.0,11.0,0.4012816220092773,True,CALL,2026-04-17,GS
GS260417C00750000,750.0,216.48,189.05,193.85,1.0,112.0,0.3931029928588867,True,CALL,2026-04-17,GS
GS260417C00755000,755.0,158.6,184.5,189.2,3.0,33.0,0.38883057464599613,True,CALL,2026-04-17,GS
GS260417C00760000,760.0,159.87,179.4,185.55,4.0,18.0,0.3967345483398438,True,CALL,2026-04-17,GS
GS260417C00765000,765.0,141.0,175.35,180.2,20.0,32.0,0.3834290173339844,True,CALL,2026-04-17,GS
GS260417C00770000,770.0,183.65,170.4,176.0,1.0,94.0,0.383795224609375,True,CALL,2026-04-17,GS
GS260417C00775000,775.0,188.0,165.9,172.0,2.0,117.0,0.3858398818969726,True,CALL,2026-04-17,GS
GS260417C00780000,780.0,175.05,162.45,166.7,1.0,124.0,0.3732667654418945,True,CALL,2026-04-17,GS
GS260417C00785000,785.0,157.9,156.75,162.2,2.0,23.0,0.36939107177734376,True,CALL,2026-04-17,GS
GS260417C00790000,790.0,151.47,152.65,158.1,5.0,118.0,0.3694063304138184,True,CALL,2026-04-17,GS
GS260417C00795000,795.0,149.4,148.0,153.05,14.0,81.0,0.3594729580688476,True,CALL,2026-04-17,GS
GS260417C00800000,800.0,144.07,144.1,149.6,2.0,127.0,0.3651491708374024,True,CALL,2026-04-17,GS
GS260417C00805000,805.0,136.0,139.65,145.85,10.0,33.0,0.36713279357910156,True,CALL,2026-04-17,GS
GS260417C00810000,810.0,138.15,135.0,141.2,10.0,325.0,0.36048002807617185,True,CALL,2026-04-17,GS
GS260417C00815000,815.0,132.1,131.45,136.2,5.0,232.0,0.35063820755004876,True,CALL,2026-04-17,GS
GS260417C00820000,820.0,120.0,127.0,132.15,1.0,277.0,0.348990274810791,True,CALL,2026-04-17,GS
GS260417C00825000,825.0,138.1,123.0,129.35,2.0,61.0,0.35729097305297847,True,CALL,2026-04-17,GS
GS260417C00830000,830.0,120.05,118.65,123.85,2.0,60.0,0.3429783720397949,True,CALL,2026-04-17,GS
GS260417C00835000,835.0,124.64,114.5,120.8,1.0,42.0,0.3481815670776367,True,CALL,2026-04-17,GS
GS260417C00840000,840.0,135.79,110.55,115.95,1.0,99.0,0.33885854019165035,True,CALL,2026-04-17,GS
GS260417C00845000,845.0,129.51,106.75,112.1,25.0,65.0,0.3370122451782227,True,CALL,2026-04-17,GS
GS260417C00850000,850.0,103.31,102.7,108.0,2.0,66.0,0.3329534478759766,True,CALL,2026-04-17,GS
GS260417C00855000,855.0,121.0,99.0,104.65,2.0,61.0,0.33399103515625,True,CALL,2026-04-17,GS
GS260417C00860000,860.0,106.85,96.0,100.55,10.0,61.0,0.3292761164855957,True,CALL,2026-04-17,GS
GS260417C00865000,865.0,115.1,91.5,97.65,32.0,83.0,0.3325109474182129,True,CALL,2026-04-17,GS
GS260417C00870000,870.0,107.75,88.95,94.3,56.0,84.0,0.3321447401428223,True,CALL,2026-04-17,GS
GS260417C00875000,875.0,83.05,84.55,90.5,10.0,59.0,0.32839111557006834,True,CALL,2026-04-17,GS
GS260417C00880000,880.0,81.39,82.2,87.05,13.0,66.0,0.3265753378295898,True,CALL,2026-04-17,GS
GS260417C00885000,885.0,79.3,77.9,83.7,4.0,42.0,0.3250189569091796,True,CALL,2026-04-17,GS
GS260417C00890000,890.0,70.7,74.35,80.0,10.0,63.0,0.3208686077880859,True,CALL,2026-04-17,GS
GS260417C00895000,895.0,77.0,71.25,76.45,1.0,77.0,0.3173133454895019,True,CALL,2026-04-17,GS
GS260417C00900000,900.0,76.22,69.45,73.9,1.0,901.0,0.31949533050537104,True,CALL,2026-04-17,GS
GS260417C00905000,905.0,62.45,65.55,70.65,2.0,172.0,0.31697765548706053,True,CALL,2026-04-17,GS
GS260417C00910000,910.0,61.07,62.95,67.35,6.0,7.0,0.3137733418273925,True,CALL,2026-04-17,GS
GS260417C00915000,915.0,61.54,62.35,64.45,7.0,16.0,0.3125526509094238,True,CALL,2026-04-17,GS
GS260417C00920000,920.0,61.22,59.55,61.45,23.0,381.0,0.3103248899841308,True,CALL,2026-04-17,GS
GS260417C00925000,925.0,67.19,54.15,59.15,5.0,19.0,0.31176683113098136,True,CALL,2026-04-17,GS
GS260417C00930000,930.0,55.0,54.35,56.75,3.0,83.0,0.3121864436340332,True,CALL,2026-04-17,GS
GS260417C00940000,940.0,49.1,45.25,50.45,1.0,343.0,0.303092296295166,False,CALL,2026-04-17,GS
GS260417C00945000,945.0,45.4,43.75,48.05,17.0,20.0,0.30225307128906254,False,CALL,2026-04-17,GS
GS260417C00950000,950.0,46.0,40.65,45.7,11.0,13.0,0.30126888923645023,False,CALL,2026-04-17,GS
GS260417C00955000,955.0,39.0,38.55,43.9,8.0,11.0,0.3030312617492676,False,CALL,2026-04-17,GS
GS260417C00960000,960.0,44.16,36.4,41.55,1.0,532.0,0.30120022537231445,False,CALL,2026-04-17,GS
GS260417C00965000,965.0,35.4,34.25,39.2,2.0,6.0,0.29892668853759763,False,CALL,2026-04-17,GS
GS260417C00970000,970.0,37.99,32.3,37.4,2.0,13.0,0.29944548217773437,False,CALL,2026-04-17,GS
GS260417C00975000,975.0,29.85,30.45,35.25,1.0,4.0,0.29748474739074704,False,CALL,2026-04-17,GS
GS260417C00980000,980.0,30.9,31.6,32.75,14.0,345.0,0.2929834496307372,False,CALL,2026-04-17,GS
GS260417C00985000,985.0,36.95,28.7,31.35,1.0,18.0,0.2946237530517578,False,CALL,2026-04-17,GS
GS260417C00990000,990.0,27.27,25.65,30.6,1.0,11.0,0.2998574653625488,False,CALL,2026-04-17,GS
GS260417C01000000,1000.0,27.2,25.25,26.3,7.0,285.0,0.29195349166870105,False,CALL,2026-04-17,GS
GS260417C01010000,1010.0,23.6,19.85,24.05,4.0,90.0,0.29524935714721673,False,CALL,2026-04-17,GS
GS260417C01020000,1020.0,20.0,19.35,21.7,4.0,99.0,0.29650056533813474,False,CALL,2026-04-17,GS
GS260417C01030000,1030.0,13.95,15.3,19.45,1.0,29.0,0.2970041003417968,False,CALL,2026-04-17,GS
GS260417C01040000,1040.0,14.8,14.8,15.95,6.0,289.0,0.2867350379943847,False,CALL,2026-04-17,GS
GS260417C01050000,1050.0,11.4,12.2,14.1,527.0,598.0,0.28671977935791015,False,CALL,2026-04-17,GS
GS260417C01060000,1060.0,12.0,11.3,12.2,3.0,192.0,0.2847361566162109,False,CALL,2026-04-17,GS
GS260417C01070000,1070.0,8.66,9.1,10.7,6.0,129.0,0.2845530529785155,False,CALL,2026-04-17,GS
GS260417C01080000,1080.0,8.85,8.0,9.7,3.0,87.0,0.2876352975463866,False,CALL,2026-04-17,GS
GS260417C01090000,1090.0,6.75,6.65,9.95,2.0,12.0,0.3020699676513672,False,CALL,2026-04-17,GS
GS260417C01100000,1100.0,7.15,6.0,7.15,2.0,74.0,0.28449201843261707,False,CALL,2026-04-17,GS
GS260417C01110000,1110.0,4.95,5.2,6.7,27.0,96.0,0.2901987484741211,False,CALL,2026-04-17,GS
GS260417C01120000,1120.0,5.45,4.45,5.55,2.0,64.0,0.2863840893554687,False,CALL,2026-04-17,GS
GS260417C01130000,1130.0,4.11,4.05,6.0,1.0,3.0,0.30249720947265624,False,CALL,2026-04-17,GS
GS260417C01140000,1140.0,3.55,3.25,4.3,2.0,24.0,0.28839822937011705,False,CALL,2026-04-17,GS
GS260417C01150000,1150.0,3.2,2.83,4.8,2.0,31.0,0.30557945404052733,False,CALL,2026-04-17,GS
GS260417C01160000,1160.0,2.61,2.73,3.4,2.0,29.0,0.29181616394042953,False,CALL,2026-04-17,GS
GS260417C01170000,1170.0,2.46,1.4,3.0,1.0,2.0,0.29303685485839837,False,CALL,2026-04-17,GS
GS260417C01180000,1180.0,2.05,2.16,2.68,2.0,31.0,0.2949899603271484,False,CALL,2026-04-17,GS
GS260417C01190000,1190.0,1.83,1.9,3.25,2.0,25.0,0.315161877746582,False,CALL,2026-04-17,GS
GS260417C01200000,1200.0,2.24,1.55,3.0,3.0,22.0,0.3184882604980468,False,CALL,2026-04-17,GS
GS260417C01210000,1210.0,2.27,1.55,2.75,2.0,7.0,0.32126533233642574,False,CALL,2026-04-17,GS
GS260417P00655000,655.0,1.82,1.62,2.21,1.0,36.0,0.42578699218750005,False,PUT,2026-04-17,GS
GS260417P00660000,660.0,1.72,1.63,2.39,1.0,188.0,0.42407802490234375,False,PUT,2026-04-17,GS
GS260417P00665000,665.0,2.47,1.86,2.5,9.0,71.0,0.4198056066894531,False,PUT,2026-04-17,GS
GS260417P00670000,670.0,2.75,1.85,2.65,10.0,46.0,0.4165707757568359,False,PUT,2026-04-17,GS
GS260417P00675000,675.0,3.0,2.1,2.84,2.0,64.0,0.41431249755859373,False,PUT,2026-04-17,GS
GS260417P00680000,680.0,2.7,2.1,3.0,3.0,328.0,0.41089456298828125,False,PUT,2026-04-17,GS
GS260417P00685000,685.0,2.25,2.35,3.1,1.0,68.0,0.4056455920410156,False,PUT,2026-04-17,GS
GS260417P00690000,690.0,2.11,1.5,3.35,2.0,232.0,0.40418076293945315,False,PUT,2026-04-17,GS
GS260417P00695000,695.0,3.28,1.65,3.4,2.0,50.0,0.397466962890625,False,PUT,2026-04-17,GS
GS260417P00700000,700.0,2.75,2.67,3.6,2.0,2951.0,0.3942931665039063,False,PUT,2026-04-17,GS
GS260417P00705000,705.0,3.1,2.0,3.85,10.0,73.0,0.39197385375976557,False,PUT,2026-04-17,GS
GS260417P00710000,710.0,3.51,2.5,4.25,10.0,179.0,0.39252316467285153,False,PUT,2026-04-17,GS
GS260417P00715000,715.0,3.95,2.42,4.55,4.0,888.0,0.3904479901123047,False,PUT,2026-04-17,GS
GS260417P00720000,720.0,4.5,2.4,4.7,1.0,229.0,0.3852295364379882,False,PUT,2026-04-17,GS
GS260417P00725000,725.0,5.05,2.84,4.95,3.0,452.0,0.38175056732177726,False,PUT,2026-04-17,GS
GS260417P00730000,730.0,4.6,2.83,5.25,3.0,197.0,0.3789124609375,False,PUT,2026-04-17,GS
GS260417P00735000,735.0,4.75,4.1,5.55,1.0,1684.0,0.3758302163696289,False,PUT,2026-04-17,GS
GS260417P00740000,740.0,5.25,3.35,5.95,2.0,1450.0,0.3740907318115234,False,PUT,2026-04-17,GS
GS260417P00745000,745.0,5.6,5.1,6.8,1.0,162.0,0.37879039184570307,False,PUT,2026-04-17,GS
GS260417P00750000,750.0,5.95,5.25,6.6,2.0,312.0,0.3673158972167969,False,PUT,2026-04-17,GS
GS260417P00755000,755.0,6.25,5.6,6.7,5.0,51.0,0.3603274417114257,False,PUT,2026-04-17,GS
GS260417P00760000,760.0,7.0,4.75,7.75,2.0,203.0,0.36646141357421874,False,PUT,2026-04-17,GS
GS260417P00765000,765.0,6.54,6.65,8.0,2.0,203.0,0.3611208908081054,False,PUT,2026-04-17,GS
GS260417P00770000,770.0,8.0,7.3,8.0,1.0,187.0,0.35242346801757807,False,PUT,2026-04-17,GS
GS260417P00775000,775.0,8.1,6.05,9.35,8.0,75.0,0.36035795898437495,False,PUT,2026-04-17,GS
GS260417P00780000,780.0,8.6,8.35,9.9,5.0,346.0,0.3578250253295898,False,PUT,2026-04-17,GS
GS260417P00785000,785.0,9.7,7.05,10.3,2.0,76.0,0.35333898620605464,False,PUT,2026-04-17,GS
GS260417P00790000,790.0,10.0,9.35,10.65,1.0,79.0,0.34810527389526363,False,PUT,2026-04-17,GS
GS260417P00795000,795.0,10.8,9.95,11.95,9.0,27.0,0.3526065716552734,False,PUT,2026-04-17,GS
GS260417P00800000,800.0,10.93,10.65,12.7,25.0,470.0,0.3507907939147949,False,PUT,2026-04-17,GS
GS260417P00805000,805.0,12.35,11.25,12.35,3.0,94.0,0.3379582806396484,False,PUT,2026-04-17,GS
GS260417P00810000,810.0,11.8,12.0,12.55,18.0,129.0,0.33052732467651363,False,PUT,2026-04-17,GS
GS260417P00815000,815.0,13.3,12.75,13.6,197.0,1239.0,0.3309698251342773,False,PUT,2026-04-17,GS
GS260417P00820000,820.0,14.67,13.45,14.5,2.0,192.0,0.3295202546691894,False,PUT,2026-04-17,GS
GS260417P00825000,825.0,15.51,14.05,15.35,1.0,242.0,0.3272467178344727,False,PUT,2026-04-17,GS
GS260417P00830000,830.0,15.18,14.95,15.95,1.0,122.0,0.3225012818908691,False,PUT,2026-04-17,GS
GS260417P00835000,835.0,17.3,16.25,16.9,7.0,157.0,0.3204108486938476,False,PUT,2026-04-17,GS
GS260417P00840000,840.0,17.6,16.9,20.3,48.0,231.0,0.3371037969970704,False,PUT,2026-04-17,GS
GS260417P00845000,845.0,16.48,16.35,21.5,1.0,182.0,0.33568474380493163,False,PUT,2026-04-17,GS
GS260417P00850000,850.0,20.8,17.85,22.9,1.0,289.0,0.33531853652954097,False,PUT,2026-04-17,GS
GS260417P00855000,855.0,22.2,18.6,24.3,1.0,192.0,0.3345098287963867,False,PUT,2026-04-17,GS
GS260417P00860000,860.0,20.5,20.85,25.45,1.0,393.0,0.3315343946838379,False,PUT,2026-04-17,GS
GS260417P00865000,865.0,23.5,22.05,27.05,15.0,52.0,0.33130551513671874,False,PUT,2026-04-17,GS
GS260417P00870000,870.0,26.1,23.25,28.05,2.0,136.0,0.32662111373901365,False,PUT,2026-04-17,GS
GS260417P00875000,875.0,26.9,25.45,29.9,2.0,91.0,0.32723145919799806,False,PUT,2026-04-17,GS
GS260417P00880000,880.0,28.95,26.1,28.5,2.0,345.0,0.306296609954834,False,PUT,2026-04-17,GS
GS260417P00885000,885.0,27.55,28.9,33.25,4.0,323.0,0.32485111190795896,False,PUT,2026-04-17,GS
GS260417P00890000,890.0,31.1,29.45,34.9,2.0,284.0,0.3228980064392089,False,PUT,2026-04-17,GS
GS260417P00895000,895.0,33.15,32.25,33.5,2.0,124.0,0.3016808724212646,False,PUT,2026-04-17,GS
GS260417P00900000,900.0,34.95,33.5,36.25,5.0,410.0,0.3059227733612061,False,PUT,2026-04-17,GS
GS260417P00905000,905.0,36.8,35.65,37.1,3.0,233.0,0.29813323944091785,False,PUT,2026-04-17,GS
GS260417P00910000,910.0,35.5,37.35,41.55,2.0,19.0,0.31153032226562494,False,PUT,2026-04-17,GS
GS260417P00915000,915.0,41.25,39.25,41.0,3.0,10.0,0.2946695289611816,False,PUT,2026-04-17,GS
GS260417P00920000,920.0,42.9,42.2,43.1,2.0,405.0,0.2931741825866699,False,PUT,2026-04-17,GS
GS260417P00925000,925.0,44.98,43.85,46.8,20.0,39.0,0.3005517333221436,False,PUT,2026-04-17,GS
GS260417P00930000,930.0,43.8,45.95,47.55,3.0,38.0,0.2903055589294433,False,PUT,2026-04-17,GS
GS260417P00935000,935.0,49.15,48.7,49.9,1.0,19.0,0.2889322816467284,False,PUT,2026-04-17,GS
GS260417P00940000,940.0,53.95,51.25,52.35,2.0,303.0,0.28768107345581045,True,PUT,2026-04-17,GS
GS260417P00945000,945.0,53.0,52.6,58.15,11.0,18.0,0.3052742813110352,True,PUT,2026-04-17,GS
GS260417P00950000,950.0,55.6,55.55,60.95,11.0,2.0,0.3051674708557129,True,PUT,2026-04-17,GS
GS260417P00960000,960.0,64.9,61.35,66.25,6.0,197.0,0.30193263992309577,True,PUT,2026-04-17,GS
GS260417P00965000,965.0,72.4,64.05,68.4,8.0,6.0,0.2967447035217285,True,PUT,2026-04-17,GS
GS260417P00970000,970.0,51.65,66.6,72.25,,1.0,0.3010628976440429,True,PUT,2026-04-17,GS
GS260417P00980000,980.0,77.55,73.55,78.75,2.0,44.0,0.3014977687835694,True,PUT,2026-04-17,GS
GS260417P00990000,990.0,84.05,80.35,84.35,2.0,1.0,0.29482211532592767,True,PUT,2026-04-17,GS
GS260417P01000000,1000.0,91.0,87.0,92.8,2.0,16.0,0.30403833175659173,True,PUT,2026-04-17,GS
GS260417P01010000,1010.0,95.06,94.45,99.35,4.0,6.0,0.2999490171813965,True,PUT,2026-04-17,GS
GS260417P01020000,1020.0,103.07,101.15,107.0,5.0,46.0,0.3013833290100098,True,PUT,2026-04-17,GS
GS260417P01030000,1030.0,117.25,109.1,114.75,8.0,7.0,0.3020852262878418,True,PUT,2026-04-17,GS
GS260417P01040000,1040.0,100.85,117.25,122.45,6.0,18.0,0.30098660446166997,True,PUT,2026-04-17,GS
GS260417P01050000,1050.0,135.4,124.7,130.9,1.0,7.0,0.3040078144836425,True,PUT,2026-04-17,GS
GS260417P01060000,1060.0,115.05,132.8,139.15,2.0,7.0,0.30429772857666015,True,PUT,2026-04-17,GS
GS260417P01070000,1070.0,152.7,141.75,148.0,2.0,2.0,0.308249715423584,True,PUT,2026-04-17,GS
GS260417P01080000,1080.0,150.55,150.6,156.9,2.0,5.0,0.31168290863037107,True,PUT,2026-04-17,GS
GS260417P01100000,1100.0,177.28,168.15,174.8,1.0,3.0,0.3166114482116699,True,PUT,2026-04-17,GS
GS260417P01120000,1120.0,196.0,187.35,193.5,1.0,2.0,0.3261023200988769,True,PUT,2026-04-17,GS
GS260417P01130000,1130.0,208.0,197.4,202.45,8.0,4.0,0.32532412963867186,True,PUT,2026-04-17,GS
GS260417P01140000,1140.0,217.3,206.55,212.55,20.0,5.0,0.3370122451782227,True,PUT,2026-04-17,GS
GS260417P01150000,1150.0,227.3,216.1,222.2,2.0,1.0,0.343207251586914,True,PUT,2026-04-17,GS
GS260417P01180000,1180.0,277.14,243.65,251.4,,0.0,0.36273830627441406,True,PUT,2026-04-17,GS
GS260417P01190000,1190.0,242.65,255.15,261.25,,0.0,0.37021503814697265,True,PUT,2026-04-17,GS
GS260417P01200000,1200.0,275.4,264.95,271.0,2.0,0.0,0.37604383728027346,True,PUT,2026-04-17,GS
GS260515C00655000,655.0,302.15,282.45,288.45,2.0,3.0,0.48196929168701175,True,CALL,2026-05-15,GS
GS260515C00660000,660.0,235.65,278.25,283.4,8.0,33.0,0.4730277307128906,True,CALL,2026-05-15,GS
GS260515C00665000,665.0,150.4,292.35,299.8,,6.0,0.6631503411865236,True,CALL,2026-05-15,GS
GS260515C00670000,670.0,238.65,268.75,274.1,2.0,5.0,0.4668327243041992,True,CALL,2026-05-15,GS
GS260515C00675000,675.0,146.59,281.25,288.5,2.0,1.0,0.6315039291381835,True,CALL,2026-05-15,GS
GS260515C00680000,680.0,214.6,259.2,264.5,2.0,10.0,0.4559990924072266,True,CALL,2026-05-15,GS
GS260515C00685000,685.0,213.6,254.5,260.1,4.0,3.0,0.4556939196777344,True,CALL,2026-05-15,GS
GS260515C00700000,700.0,262.45,240.35,245.9,2.0,24.0,0.44098459411621094,True,CALL,2026-05-15,GS
GS260515C00705000,705.0,105.29,254.8,260.9,2.0,2.0,0.5974008766174317,True,CALL,2026-05-15,GS
GS260515C00710000,710.0,245.2,230.85,236.5,2.0,16.0,0.4315547567749024,True,CALL,2026-05-15,GS
GS260515C00715000,715.0,201.75,226.25,231.15,2.0,2.0,0.4193173303222656,True,CALL,2026-05-15,GS
GS260515C00720000,720.0,197.7,221.55,226.75,2.0,17.0,0.4178830184936523,True,CALL,2026-05-15,GS
GS260515C00725000,725.0,236.35,216.75,222.95,22.0,12.0,0.4225521612548828,True,CALL,2026-05-15,GS
GS260515C00730000,730.0,168.2,212.7,218.4,12.0,9.0,0.4188595712280273,True,CALL,2026-05-15,GS
GS260515C00735000,735.0,188.4,208.15,213.9,8.0,6.0,0.4155179298400879,True,CALL,2026-05-15,GS
GS260515C00740000,740.0,189.0,203.6,208.8,1.0,50.0,0.4061338684082031,True,CALL,2026-05-15,GS
GS260515C00745000,745.0,156.7,199.15,204.55,2.0,6.0,0.40500472930908205,True,CALL,2026-05-15,GS
GS260515C00750000,750.0,159.02,194.7,199.65,2.0,20.0,0.39751273880004884,True,CALL,2026-05-15,GS
GS260515C00755000,755.0,211.45,190.25,195.85,6.0,119.0,0.4000914483642578,True,CALL,2026-05-15,GS
GS260515C00760000,760.0,146.31,185.15,190.8,1.0,79.0,0.39110411148071283,True,CALL,2026-05-15,GS
GS260515C00765000,765.0,160.5,181.0,186.1,4.0,28.0,0.3852295364379882,True,CALL,2026-05-15,GS
GS260515C00770000,770.0,194.3,176.4,182.65,2.0,53.0,0.3898986791992188,True,CALL,2026-05-15,GS
GS260515C00775000,775.0,162.75,172.35,178.1,1.0,38.0,0.38492436370849603,True,CALL,2026-05-15,GS
GS260515C00780000,780.0,190.45,168.05,173.9,1.0,69.0,0.3826508268737792,True,CALL,2026-05-15,GS
GS260515C00785000,785.0,152.37,165.0,169.1,3.0,30.0,0.37544875045776366,True,CALL,2026-05-15,GS
GS260515C00790000,790.0,173.2,159.25,164.95,5.0,52.0,0.3732209895324707,True,CALL,2026-05-15,GS
GS260515C00795000,795.0,158.2,155.4,161.15,5.0,12.0,0.3733735758972168,True,CALL,2026-05-15,GS
GS260515C00800000,800.0,147.97,151.0,157.8,1.0,92.0,0.3764253031921387,True,CALL,2026-05-15,GS
GS260515C00805000,805.0,148.05,147.05,153.25,2.0,8.0,0.3704896936035156,True,CALL,2026-05-15,GS
GS260515C00810000,810.0,164.25,143.0,148.5,3.0,48.0,0.36307399627685544,True,CALL,2026-05-15,GS
GS260515C00815000,815.0,166.9,138.95,144.7,4.0,10.0,0.362112702178955,True,CALL,2026-05-15,GS
GS260515C00820000,820.0,135.4,134.95,141.15,1.0,289.0,0.3625246853637696,True,CALL,2026-05-15,GS
GS260515C00825000,825.0,143.45,131.05,135.85,2.0,5.0,0.35111122528076166,True,CALL,2026-05-15,GS
GS260515C00830000,830.0,156.95,126.95,132.05,2.0,58.0,0.3494632925415039,True,CALL,2026-05-15,GS
GS260515C00835000,835.0,124.25,123.3,128.25,2.0,80.0,0.34754070434570306,True,CALL,2026-05-15,GS
GS260515C00840000,840.0,139.4,119.25,125.15,2.0,81.0,0.34967691345214835,True,CALL,2026-05-15,GS
GS260515C00845000,845.0,148.0,115.7,120.75,18.0,56.0,0.3435124243164062,True,CALL,2026-05-15,GS
GS260515C00850000,850.0,140.6,111.85,117.05,2.0,61.0,0.3414067324829102,True,CALL,2026-05-15,GS
GS260515C00855000,855.0,109.05,108.15,113.5,2.0,60.0,0.33991138610839844,True,CALL,2026-05-15,GS
GS260515C00860000,860.0,100.34,104.6,109.85,77.0,178.0,0.33756155609130856,True,CALL,2026-05-15,GS
GS260515C00865000,865.0,96.87,102.3,106.1,3.0,49.0,0.3343801303863525,True,CALL,2026-05-15,GS
GS260515C00870000,870.0,95.39,97.75,103.3,1.0,54.0,0.33626457199096677,True,CALL,2026-05-15,GS
GS260515C00875000,875.0,120.45,94.35,99.15,3.0,33.0,0.33034422103881833,True,CALL,2026-05-15,GS
GS260515C00880000,880.0,88.05,92.55,96.45,1.0,41.0,0.3321294815063477,True,CALL,2026-05-15,GS
GS260515C00885000,885.0,107.4,88.2,93.2,10.0,31.0,0.3305883592224121,True,CALL,2026-05-15,GS
GS260515C00890000,890.0,123.03,85.05,89.75,2.0,69.0,0.3276968476104737,True,CALL,2026-05-15,GS
GS260515C00895000,895.0,109.8,81.35,86.4,2.0,33.0,0.32507236213684076,True,CALL,2026-05-15,GS
GS260515C00900000,900.0,93.55,78.2,83.7,1.0,201.0,0.32555300918579094,True,CALL,2026-05-15,GS
GS260515C00905000,905.0,74.54,77.5,80.5,3.0,133.0,0.3231345153045653,True,CALL,2026-05-15,GS
GS260515C00910000,910.0,80.8,72.45,77.05,1.0,107.0,0.31915964050292955,True,CALL,2026-05-15,GS
GS260515C00920000,920.0,67.5,70.05,71.3,4.0,124.0,0.31621472366333,True,CALL,2026-05-15,GS
GS260515C00930000,930.0,61.46,64.3,66.15,3.0,101.0,0.3150703259277343,True,CALL,2026-05-15,GS
GS260515C00940000,940.0,61.99,56.7,60.0,3.0,79.0,0.30773092178344724,False,CALL,2026-05-15,GS
GS260515C00950000,950.0,51.7,53.6,56.8,2.0,436.0,0.31380385910034175,False,CALL,2026-05-15,GS
GS260515C00960000,960.0,49.75,49.85,51.0,17.0,106.0,0.30577018699645997,False,CALL,2026-05-15,GS
GS260515C00970000,970.0,45.45,45.25,47.05,13.0,247.0,0.3056862644958496,False,CALL,2026-05-15,GS
GS260515C00980000,980.0,39.5,41.5,42.85,8.0,247.0,0.30313807220458977,False,CALL,2026-05-15,GS
GS260515C01000000,1000.0,33.0,34.35,35.4,5.0,363.0,0.29918608535766594,False,CALL,2026-05-15,GS
GS260515C01010000,1010.0,32.0,30.8,31.95,1.0,43.0,0.29679047943115233,False,CALL,2026-05-15,GS
GS260515C01020000,1020.0,28.05,25.2,29.15,4.0,77.0,0.29668366897583004,False,CALL,2026-05-15,GS
GS260515C01030000,1030.0,29.65,25.0,27.35,3.0,39.0,0.30109341491699215,False,CALL,2026-05-15,GS
GS260515C01040000,1040.0,20.35,22.6,24.1,3.0,56.0,0.29621065124511714,False,CALL,2026-05-15,GS
GS260515C01050000,1050.0,17.9,17.75,22.75,25.0,42.0,0.3013833290100098,False,CALL,2026-05-15,GS
GS260515C01060000,1060.0,20.1,18.15,18.9,2.0,271.0,0.2900919380187988,False,CALL,2026-05-15,GS
GS260515C01070000,1070.0,15.25,15.55,17.7,1.0,24.0,0.2942728044128417,False,CALL,2026-05-15,GS
GS260515C01080000,1080.0,13.25,13.1,15.9,2.0,60.0,0.29361668304443356,False,CALL,2026-05-15,GS
GS260515C01090000,1090.0,11.65,11.75,14.55,22.0,30.0,0.29512728805541993,False,CALL,2026-05-15,GS
GS260515C01100000,1100.0,12.27,11.0,12.25,1.0,111.0,0.28841348800659167,False,CALL,2026-05-15,GS
GS260515C01110000,1110.0,16.0,9.4,12.55,12.0,9.0,0.3010628976440429,False,CALL,2026-05-15,GS
GS260515C01120000,1120.0,9.85,8.4,10.25,15.0,78.0,0.29196875030517566,False,CALL,2026-05-15,GS
GS260515C01130000,1130.0,7.75,7.5,10.4,20.0,23.0,0.30289393402099607,False,CALL,2026-05-15,GS
GS260515C01140000,1140.0,6.8,6.65,7.95,235.0,140.0,0.2892832302856445,False,CALL,2026-05-15,GS
GS260515C01150000,1150.0,6.3,5.9,7.25,2.0,7.0,0.2909311630249023,False,CALL,2026-05-15,GS
GS260515C01160000,1160.0,10.04,5.3,6.6,2.0,27.0,0.29242650939941395,False,CALL,2026-05-15,GS
GS260515C01170000,1170.0,8.28,4.75,6.1,2.0,2.0,0.2949899603271484,False,CALL,2026-05-15,GS
GS260515C01180000,1180.0,4.9,4.25,5.1,10.0,17.0,0.2905649557495117,False,CALL,2026-05-15,GS
GS260515C01190000,1190.0,7.51,3.85,5.4,24.0,13.0,0.3023446231079102,False,CALL,2026-05-15,GS
GS260515C01200000,1200.0,5.25,3.4,5.0,2.0,36.0,0.3047249703979492,False,CALL,2026-05-15,GS
GS260515P00655000,655.0,3.6,2.16,3.65,2.0,31.0,0.40296007202148443,False,PUT,2026-05-15,GS
GS260515P00660000,660.0,3.6,2.04,3.75,1.0,336.0,0.39798575653076174,False,PUT,2026-05-15,GS
GS260515P00665000,665.0,4.75,2.15,4.3,17.0,38.0,0.40228869201660156,False,PUT,2026-05-15,GS
GS260515P00670000,670.0,29.05,0.0,0.0,2.0,2.0,0.12500875,False,PUT,2026-05-15,GS
GS260515P00680000,680.0,4.5,2.65,4.85,1.0,133.0,0.39087523193359375,False,PUT,2026-05-15,GS
GS260515P00685000,685.0,4.75,3.35,5.1,1.0,52.0,0.3880066082763671,False,PUT,2026-05-15,GS
GS260515P00690000,690.0,8.58,3.0,5.35,1.0,26.0,0.38495488098144526,False,PUT,2026-05-15,GS
GS260515P00695000,695.0,5.4,3.2,5.2,1.0,33.0,0.37509780181884766,False,PUT,2026-05-15,GS
GS260515P00700000,700.0,6.35,4.65,5.5,8.0,53.0,0.37271745452880856,False,PUT,2026-05-15,GS
GS260515P00705000,705.0,5.42,3.8,5.75,345.0,354.0,0.3693300372314453,False,PUT,2026-05-15,GS
GS260515P00710000,710.0,17.85,5.4,6.65,6.0,10.0,0.37534194000244137,False,PUT,2026-05-15,GS
GS260515P00715000,715.0,6.35,4.25,6.9,1.0,293.0,0.3713746945190429,False,PUT,2026-05-15,GS
GS260515P00720000,720.0,7.95,5.85,6.95,16.0,83.0,0.364538825378418,False,PUT,2026-05-15,GS
GS260515P00725000,725.0,13.56,4.95,7.35,3.0,103.0,0.36237209899902345,False,PUT,2026-05-15,GS
GS260515P00730000,730.0,7.7,6.6,7.75,10.0,28.0,0.3599612344360351,False,PUT,2026-05-15,GS
GS260515P00735000,735.0,7.8,7.5,8.0,2.0,138.0,0.35547519531249994,False,PUT,2026-05-15,GS
GS260515P00740000,740.0,8.4,7.05,8.35,2.0,203.0,0.3520877780151367,False,PUT,2026-05-15,GS
GS260515P00745000,745.0,8.8,7.9,9.15,3.0,260.0,0.353674676208496,False,PUT,2026-05-15,GS
GS260515P00750000,750.0,9.18,8.85,9.7,4.0,252.0,0.351996226196289,False,PUT,2026-05-15,GS
GS260515P00755000,755.0,10.05,8.7,10.15,2.0,16.0,0.34897501617431637,False,PUT,2026-05-15,GS
GS260515P00760000,760.0,10.45,9.2,10.75,1.0,52.0,0.34728130752563474,False,PUT,2026-05-15,GS
GS260515P00765000,765.0,13.2,8.45,11.05,3.0,297.0,0.3423527679443359,False,PUT,2026-05-15,GS
GS260515P00770000,770.0,12.0,9.55,11.8,2.0,49.0,0.3416508706665039,False,PUT,2026-05-15,GS
GS260515P00775000,775.0,10.55,9.6,13.4,1.0,63.0,0.3483188948059082,False,PUT,2026-05-15,GS
GS260515P00780000,780.0,12.75,10.2,13.25,6.0,98.0,0.33876698837280267,False,PUT,2026-05-15,GS
GS260515P00785000,785.0,14.0,12.5,15.15,2.0,24.0,0.3468540657043457,False,PUT,2026-05-15,GS
GS260515P00790000,790.0,15.15,12.95,16.0,7.0,42.0,0.34541975387573237,False,PUT,2026-05-15,GS
GS260515P00795000,795.0,17.35,14.35,16.25,1.0,25.0,0.3389348333740234,False,PUT,2026-05-15,GS
GS260515P00800000,800.0,13.75,14.9,16.1,1.0,386.0,0.32923034057617184,False,PUT,2026-05-15,GS
GS260515P00805000,805.0,16.7,15.95,16.75,1.0,41.0,0.3257666300964355,False,PUT,2026-05-15,GS
GS260515P00810000,810.0,20.0,15.85,19.35,10.0,69.0,0.3365239688110352,False,PUT,2026-05-15,GS
GS260515P00815000,815.0,21.05,15.75,20.4,5.0,39.0,0.3351964674377441,False,PUT,2026-05-15,GS
GS260515P00820000,820.0,19.65,17.65,21.45,1.0,400.0,0.333563793334961,False,PUT,2026-05-15,GS
GS260515P00825000,825.0,19.8,17.35,22.55,1.0,44.0,0.33197689514160156,False,PUT,2026-05-15,GS
GS260515P00830000,830.0,20.8,20.3,21.4,7.0,48.0,0.31510084320068354,False,PUT,2026-05-15,GS
GS260515P00835000,835.0,22.85,19.45,23.5,15.0,118.0,0.31984627914428704,False,PUT,2026-05-15,GS
GS260515P00840000,840.0,27.44,21.85,26.2,1.0,61.0,0.3277349942016602,False,PUT,2026-05-15,GS
GS260515P00845000,845.0,25.41,22.0,26.35,3.0,93.0,0.3191291232299803,False,PUT,2026-05-15,GS
GS260515P00850000,850.0,25.98,25.35,29.05,11.0,191.0,0.32598025100708,False,PUT,2026-05-15,GS
GS260515P00855000,855.0,30.2,24.65,30.3,9.0,30.0,0.32359227439880356,False,PUT,2026-05-15,GS
GS260515P00860000,860.0,27.84,27.95,30.05,12.0,230.0,0.3121711849975586,False,PUT,2026-05-15,GS
GS260515P00865000,865.0,30.95,29.1,30.65,3.0,16.0,0.3056557472229004,False,PUT,2026-05-15,GS
GS260515P00870000,870.0,25.93,29.9,32.35,1.0,33.0,0.30524376403808595,False,PUT,2026-05-15,GS
GS260515P00875000,875.0,34.61,31.45,34.1,1.0,34.0,0.30475548767089844,False,PUT,2026-05-15,GS
GS260515P00880000,880.0,36.37,33.25,37.65,1.0,11.0,0.31378097114562986,False,PUT,2026-05-15,GS
GS260515P00885000,885.0,38.75,34.65,39.4,2.0,19.0,0.312483987045288,False,PUT,2026-05-15,GS
GS260515P00890000,890.0,39.65,37.65,41.2,6.0,32.0,0.3111412270355224,False,PUT,2026-05-15,GS
GS260515P00895000,895.0,42.6,38.4,42.85,2.0,32.0,0.30869984519958493,False,PUT,2026-05-15,GS
GS260515P00900000,900.0,42.27,40.6,42.85,22.0,90.0,0.297385566253662,False,PUT,2026-05-15,GS
GS260515P00905000,905.0,45.35,43.15,46.45,15.0,37.0,0.30451134948730463,False,PUT,2026-05-15,GS
GS260515P00910000,910.0,41.85,45.4,46.65,7.0,26.0,0.2937921573638915,False,PUT,2026-05-15,GS
GS260515P00920000,920.0,52.81,49.0,52.75,4.0,28.0,0.30052121604919435,False,PUT,2026-05-15,GS
GS260515P00930000,930.0,51.45,53.4,58.1,1.0,31.0,0.3020241917419434,False,PUT,2026-05-15,GS
GS260515P00940000,940.0,57.25,59.0,64.0,1.0,41.0,0.30492333267211913,True,PUT,2026-05-15,GS
GS260515P00950000,950.0,64.95,62.4,67.75,7.0,16.0,0.2958978491973877,True,PUT,2026-05-15,GS
GS260515P00960000,960.0,69.15,69.45,74.45,2.0,26.0,0.3002236726379394,True,PUT,2026-05-15,GS
GS260515P00970000,970.0,76.1,73.85,79.65,2.0,18.0,0.29585970260620115,True,PUT,2026-05-15,GS
GS260515P00980000,980.0,72.19,81.2,85.7,31.0,35.0,0.2944635373687744,True,PUT,2026-05-15,GS
GS260515P01000000,1000.0,95.35,92.9,98.6,6.0,4.0,0.2920297848510741,True,PUT,2026-05-15,GS
GS260515P01010000,1010.0,100.65,100.25,105.2,2.0,2.0,0.2897257307434082,True,PUT,2026-05-15,GS
GS260515P01020000,1020.0,92.7,107.2,112.7,2.0,6.0,0.2910913787078856,True,PUT,2026-05-15,GS
GS260515P01030000,1030.0,115.1,113.85,120.0,2.0,6.0,0.2902368950653076,True,PUT,2026-05-15,GS
GS260515P01040000,1040.0,123.1,122.4,127.6,2.0,4.0,0.28995461029052727,True,PUT,2026-05-15,GS
GS260515P01050000,1050.0,128.3,130.2,135.4,,1.0,0.2897409893798828,True,PUT,2026-05-15,GS
GS260515P01060000,1060.0,141.75,137.3,143.4,14.0,5.0,0.28967995483398434,True,PUT,2026-05-15,GS
GS260515P01070000,1070.0,138.0,146.35,151.85,,3.0,0.291526249847412,True,PUT,2026-05-15,GS
GS260515P01080000,1080.0,146.0,153.4,160.15,3.0,4.0,0.2914346980285643,True,PUT,2026-05-15,GS
GS260515P01090000,1090.0,165.4,162.45,168.65,,0.0,0.2917398707580565,True,PUT,2026-05-15,GS
GS260515P01100000,1100.0,140.5,171.35,177.7,3.0,95.0,0.29527987442016596,True,PUT,2026-05-15,GS
GS260515P01120000,1120.0,227.7,188.8,195.1,2.0,6.0,0.29445590805053706,True,PUT,2026-05-15,GS
GS260515P01130000,1130.0,163.52,196.65,204.3,,1.0,0.2970041003417968,True,PUT,2026-05-15,GS
GS260515P01140000,1140.0,244.1,207.25,213.6,2.0,0.0,0.2998422067260742,True,PUT,2026-05-15,GS
GS260515P01150000,1150.0,181.45,216.1,223.0,,1.0,0.30307703765869143,True,PUT,2026-05-15,GS
GS260515P01160000,1160.0,267.1,225.75,232.45,,0.0,0.306296609954834,True,PUT,2026-05-15,GS
GS260515P01170000,1170.0,246.6,236.75,242.0,2.0,0.0,0.31009601043701174,True,PUT,2026-05-15,GS
GS260515P01180000,1180.0,287.76,246.15,251.65,,0.0,0.31461256683349603,True,PUT,2026-05-15,GS
GS260515P01200000,1200.0,296.15,264.9,271.1,,0.0,0.3244086114501953,True,PUT,2026-05-15,GS
GS260618C00660000,660.0,315.0,280.3,286.25,3.0,133.0,0.44669132415771484,True,CALL,2026-06-18,GS
GS260618C00670000,670.0,227.4,271.0,276.15,1.0,1.0,0.4306087213134766,True,CALL,2026-06-18,GS
GS260618C00675000,675.0,171.2,284.3,292.15,2.0,1.0,0.5767406828308104,True,CALL,2026-06-18,GS
GS260618C00680000,680.0,261.18,262.0,267.2,2.0,216.0,0.4270687176513672,True,CALL,2026-06-18,GS
GS260618C00690000,690.0,229.8,252.55,258.5,2.0,2.0,0.42520716400146485,True,CALL,2026-06-18,GS
GS260618C00695000,695.0,225.8,247.95,254.9,98.0,49.0,0.4309749285888672,True,CALL,2026-06-18,GS
GS260618C00700000,700.0,245.0,243.4,249.45,1.0,294.0,0.41913422668457034,True,CALL,2026-06-18,GS
GS260618C00705000,705.0,224.41,239.15,244.25,,1.0,0.4096891307067871,True,CALL,2026-06-18,GS
GS260618C00710000,710.0,252.55,234.65,240.05,2.0,15.0,0.4094144752502441,True,CALL,2026-06-18,GS
GS260618C00715000,715.0,189.3,229.75,235.25,,1.0,0.4035856761169434,True,CALL,2026-06-18,GS
GS260618C00720000,720.0,227.0,225.3,230.5,1.0,157.0,0.39818411880493165,True,CALL,2026-06-18,GS
GS260618C00725000,725.0,201.5,220.9,226.15,2.0,2.0,0.39613946151733404,True,CALL,2026-06-18,GS
GS260618C00730000,730.0,194.2,216.4,221.65,2.0,0.0,0.39266049240112305,True,CALL,2026-06-18,GS
GS260618C00735000,735.0,195.15,211.65,217.75,2.0,12.0,0.3938811833190918,True,CALL,2026-06-18,GS
GS260618C00740000,740.0,207.82,207.0,212.75,2.0,404.0,0.38616031326293937,True,CALL,2026-06-18,GS
GS260618C00745000,745.0,177.6,202.9,207.9,2.0,1.0,0.37962961685180663,True,CALL,2026-06-18,GS
GS260618C00750000,750.0,199.3,198.55,204.95,3.0,80.0,0.3873657455444336,True,CALL,2026-06-18,GS
GS260618C00755000,755.0,220.17,194.3,199.2,10.0,3.0,0.37401443862915035,True,CALL,2026-06-18,GS
GS260618C00760000,760.0,184.29,190.0,196.1,2.0,391.0,0.3799195309448242,True,CALL,2026-06-18,GS
GS260618C00765000,765.0,207.75,185.75,192.35,2.0,2.0,0.3806977214050293,True,CALL,2026-06-18,GS
GS260618C00770000,770.0,183.49,181.55,186.7,1.0,7.0,0.3682619326782227,True,CALL,2026-06-18,GS
GS260618C00775000,775.0,181.1,177.35,182.35,1.0,24.0,0.36473718765258795,True,CALL,2026-06-18,GS
GS260618C00780000,780.0,177.4,173.4,178.75,5.0,427.0,0.3660036544799804,True,CALL,2026-06-18,GS
GS260618C00785000,785.0,172.27,169.15,175.35,1.0,80.0,0.36818563949584965,True,CALL,2026-06-18,GS
GS260618C00790000,790.0,175.0,164.6,171.0,1.0,177.0,0.3640963249206543,True,CALL,2026-06-18,GS
GS260618C00795000,795.0,141.35,161.15,168.15,3.0,8.0,0.3690172351837159,True,CALL,2026-06-18,GS
GS260618C00800000,800.0,150.01,157.0,163.35,2.0,684.0,0.361860934677124,True,CALL,2026-06-18,GS
GS260618C00805000,805.0,150.78,153.15,158.25,1.0,41.0,0.3529117443847656,True,CALL,2026-06-18,GS
GS260618C00810000,810.0,149.45,149.15,155.7,2.0,43.0,0.3587405435180664,True,CALL,2026-06-18,GS
GS260618C00815000,815.0,183.47,145.3,151.95,2.0,14.0,0.35729097305297847,True,CALL,2026-06-18,GS
GS260618C00820000,820.0,165.38,141.15,147.85,219.0,274.0,0.35369756416320797,True,CALL,2026-06-18,GS
GS260618C00825000,825.0,116.06,138.0,144.8,1.0,8.0,0.3556735575866699,True,CALL,2026-06-18,GS
GS260618C00830000,830.0,126.5,133.55,139.5,6.0,116.0,0.34526716751098635,True,CALL,2026-06-18,GS
GS260618C00835000,835.0,129.9,130.25,135.9,2.0,37.0,0.3439091488647461,True,CALL,2026-06-18,GS
GS260618C00840000,840.0,124.57,126.1,132.45,2.0,49.0,0.34311569976806633,True,CALL,2026-06-18,GS
GS260618C00845000,845.0,122.8,123.0,128.75,4.0,62.0,0.3407963870239258,True,CALL,2026-06-18,GS
GS260618C00850000,850.0,118.33,119.25,126.3,30.0,1122.0,0.34458815818786614,True,CALL,2026-06-18,GS
GS260618C00855000,855.0,112.37,116.0,122.0,2.0,61.0,0.33883565223693846,True,CALL,2026-06-18,GS
GS260618C00860000,860.0,112.0,113.85,118.0,7.0,188.0,0.33444116493225096,True,CALL,2026-06-18,GS
GS260618C00865000,865.0,102.51,108.85,114.75,2.0,25.0,0.33354090538024905,True,CALL,2026-06-18,GS
GS260618C00870000,870.0,139.0,105.15,111.6,1.0,36.0,0.33288478401184085,True,CALL,2026-06-18,GS
GS260618C00875000,875.0,102.05,103.25,107.8,1.0,31.0,0.3289251678466796,True,CALL,2026-06-18,GS
GS260618C00880000,880.0,99.95,99.2,104.75,1.0,130.0,0.32829956375122066,True,CALL,2026-06-18,GS
GS260618C00885000,885.0,115.3,96.05,101.7,2.0,40.0,0.32744508010864254,True,CALL,2026-06-18,GS
GS260618C00890000,890.0,90.7,93.05,98.15,1.0,50.0,0.3240576628112792,True,CALL,2026-06-18,GS
GS260618C00895000,895.0,91.05,89.8,95.8,5.0,59.0,0.3259344750976562,True,CALL,2026-06-18,GS
GS260618C00900000,900.0,87.9,86.5,92.1,61.0,386.0,0.3214560652923584,True,CALL,2026-06-18,GS
GS260618C00905000,905.0,78.61,84.05,89.1,23.0,46.0,0.3199302016448974,True,CALL,2026-06-18,GS
GS260618C00920000,920.0,73.2,75.65,80.25,3.0,178.0,0.31468123069763176,True,CALL,2026-06-18,GS
GS260618C00940000,940.0,65.52,64.9,69.15,2.0,287.0,0.30758596473693844,False,CALL,2026-06-18,GS
GS260618C00960000,960.0,56.26,56.35,60.85,8.0,640.0,0.3088905781555175,False,CALL,2026-06-18,GS
GS260618C00970000,970.0,52.9,50.1,55.15,3.0,110.0,0.30144436355590826,False,CALL,2026-06-18,GS
GS260618C00980000,980.0,45.65,46.1,51.15,8.0,252.0,0.3004220349121094,False,CALL,2026-06-18,GS
GS260618C01000000,1000.0,40.76,41.1,43.1,9.0,563.0,0.29534853828430174,False,CALL,2026-06-18,GS
GS260618C01020000,1020.0,35.0,32.05,36.85,19.0,242.0,0.2946847875976562,False,CALL,2026-06-18,GS
GS260618C01040000,1040.0,28.16,27.95,30.8,2.0,99.0,0.2913889221191405,False,CALL,2026-06-18,GS
GS260618C01060000,1060.0,28.85,22.15,25.4,1.0,215.0,0.2875895216369628,False,CALL,2026-06-18,GS
GS260618C01080000,1080.0,21.75,18.3,21.35,19.0,312.0,0.28733012481689446,False,CALL,2026-06-18,GS
GS260618C01100000,1100.0,16.65,15.35,17.65,47.0,252.0,0.2858042611694336,False,CALL,2026-06-18,GS
GS260618C01120000,1120.0,14.5,12.45,14.7,36.0,331.0,0.28566693344116206,False,CALL,2026-06-18,GS
GS260618C01140000,1140.0,13.5,10.6,12.0,2.0,530.0,0.2841410697937011,False,CALL,2026-06-18,GS
GS260618C01160000,1160.0,11.15,8.7,9.95,1.0,249.0,0.2844462425231933,False,CALL,2026-06-18,GS
GS260618C01180000,1180.0,7.76,7.3,8.55,10.0,117.0,0.28769633209228507,False,CALL,2026-06-18,GS
GS260618C01200000,1200.0,6.5,5.85,7.55,4.0,82.0,0.29279271667480455,False,CALL,2026-06-18,GS
GS260618P00655000,655.0,6.8,4.75,5.6,58.0,110.0,0.38507695007324216,False,PUT,2026-06-18,GS
GS260618P00660000,660.0,4.9,4.75,5.95,2.0,188.0,0.38373419006347653,False,PUT,2026-06-18,GS
GS260618P00665000,665.0,6.1,4.25,6.15,1.0,56.0,0.37995004821777345,False,PUT,2026-06-18,GS
GS260618P00670000,670.0,7.08,4.45,6.5,2.0,126.0,0.3782105636596679,False,PUT,2026-06-18,GS
GS260618P00675000,675.0,6.7,5.9,6.95,1.0,27.0,0.37760021820068357,False,PUT,2026-06-18,GS
GS260618P00680000,680.0,6.3,6.25,7.3,1.0,266.0,0.3753724572753906,False,PUT,2026-06-18,GS
GS260618P00685000,685.0,7.45,5.3,7.65,1.0,52.0,0.3729921099853516,False,PUT,2026-06-18,GS
GS260618P00690000,690.0,9.19,6.6,8.05,1.0,321.0,0.37102374588012693,False,PUT,2026-06-18,GS
GS260618P00695000,695.0,8.4,7.2,8.5,12.0,10.0,0.3694521063232422,False,PUT,2026-06-18,GS
GS260618P00700000,700.0,8.15,7.5,8.95,22.0,875.0,0.3676363285827637,False,PUT,2026-06-18,GS
GS260618P00705000,705.0,10.8,6.6,9.35,1.0,225.0,0.3650728776550293,False,PUT,2026-06-18,GS
GS260618P00710000,710.0,9.65,7.0,9.8,8.0,463.0,0.3628908926391602,False,PUT,2026-06-18,GS
GS260618P00715000,715.0,9.4,8.65,10.25,1.0,393.0,0.3605105453491211,False,PUT,2026-06-18,GS
GS260618P00720000,720.0,10.25,9.5,10.45,1.0,1099.0,0.35547519531249994,False,PUT,2026-06-18,GS
GS260618P00725000,725.0,9.45,8.3,11.2,2.0,379.0,0.3557193334960937,False,PUT,2026-06-18,GS
GS260618P00730000,730.0,12.38,9.75,11.4,3.0,119.0,0.35050087982177724,False,PUT,2026-06-18,GS
GS260618P00735000,735.0,11.6,10.4,12.3,2.0,954.0,0.3515995016479492,False,PUT,2026-06-18,GS
GS260618P00740000,740.0,12.0,11.75,12.5,8.0,227.0,0.3461826856994628,False,PUT,2026-06-18,GS
GS260618P00745000,745.0,11.25,10.5,13.05,2.0,59.0,0.3437565625,False,PUT,2026-06-18,GS
GS260618P00750000,750.0,13.62,13.05,13.7,3.0,230.0,0.34197130203247067,False,PUT,2026-06-18,GS
GS260618P00755000,755.0,14.77,12.65,14.4,2.0,90.0,0.34039966247558595,False,PUT,2026-06-18,GS
GS260618P00760000,760.0,15.0,13.95,15.1,10.0,268.0,0.3385838847351074,False,PUT,2026-06-18,GS
GS260618P00765000,765.0,17.35,13.05,16.55,4.0,42.0,0.342230698852539,False,PUT,2026-06-18,GS
GS260618P00770000,770.0,15.4,14.25,16.55,1.0,463.0,0.3347234497070312,False,PUT,2026-06-18,GS
GS260618P00775000,775.0,17.6,16.7,18.5,2.0,320.0,0.34121599952697756,False,PUT,2026-06-18,GS
GS260618P00780000,780.0,18.3,16.9,19.4,7.0,398.0,0.3397740583801269,False,PUT,2026-06-18,GS
GS260618P00785000,785.0,18.66,17.75,20.35,3.0,166.0,0.3384465570068359,False,PUT,2026-06-18,GS
GS260618P00790000,790.0,19.81,18.8,21.2,3.0,449.0,0.33623405471801754,False,PUT,2026-06-18,GS
GS260618P00795000,795.0,21.45,19.15,22.2,1.0,177.0,0.3347844842529296,False,PUT,2026-06-18,GS
GS260618P00800000,800.0,20.35,20.75,23.15,60.0,755.0,0.33280086151123045,False,PUT,2026-06-18,GS
GS260618P00805000,805.0,22.88,19.95,24.3,10.0,184.0,0.33183956741333004,False,PUT,2026-06-18,GS
GS260618P00810000,810.0,24.35,22.6,25.6,2.0,204.0,0.33150387741088866,False,PUT,2026-06-18,GS
GS260618P00815000,815.0,25.4,21.9,27.15,2.0,49.0,0.3323583610534668,False,PUT,2026-06-18,GS
GS260618P00820000,820.0,23.65,23.6,26.65,9.0,62.0,0.32117378051757806,False,PUT,2026-06-18,GS
GS260618P00825000,825.0,28.42,24.2,29.3,1.0,54.0,0.3278189167022705,False,PUT,2026-06-18,GS
GS260618P00830000,830.0,28.88,25.8,30.5,3.0,245.0,0.32594210441589355,False,PUT,2026-06-18,GS
GS260618P00835000,835.0,28.95,27.05,31.85,11.0,54.0,0.3246680082702636,False,PUT,2026-06-18,GS
GS260618P00840000,840.0,31.35,29.05,33.3,2.0,158.0,0.32367619689941396,False,PUT,2026-06-18,GS
GS260618P00845000,845.0,29.15,31.6,34.75,7.0,68.0,0.32244787666320796,False,PUT,2026-06-18,GS
GS260618P00850000,850.0,35.0,33.6,35.4,60.0,392.0,0.31690136230468746,False,PUT,2026-06-18,GS
GS260618P00855000,855.0,34.65,33.85,38.0,1.0,30.0,0.3210517114257812,False,PUT,2026-06-18,GS
GS260618P00860000,860.0,36.46,35.6,39.45,1.0,120.0,0.31912149391174305,False,PUT,2026-06-18,GS
GS260618P00865000,865.0,38.85,37.0,41.3,60.0,128.0,0.31891550231933585,False,PUT,2026-06-18,GS
GS260618P00870000,870.0,32.8,37.35,42.85,6.0,126.0,0.3170158020782471,False,PUT,2026-06-18,GS
GS260618P00875000,875.0,42.8,40.05,44.65,20.0,100.0,0.31608502525329585,False,PUT,2026-06-18,GS
GS260618P00880000,880.0,45.0,42.45,47.05,2.0,116.0,0.31772532867431635,False,PUT,2026-06-18,GS
GS260618P00885000,885.0,40.0,43.95,48.55,2.0,87.0,0.31488722229003896,False,PUT,2026-06-18,GS
GS260618P00890000,890.0,46.47,45.6,50.4,2.0,129.0,0.3134681690979004,False,PUT,2026-06-18,GS
GS260618P00895000,895.0,50.95,47.5,52.6,1.0,43.0,0.3133995052337646,False,PUT,2026-06-18,GS
GS260618P00900000,900.0,51.5,49.45,54.3,1.0,328.0,0.31082842498779295,False,PUT,2026-06-18,GS
GS260618P00905000,905.0,51.95,51.45,55.55,1.0,35.0,0.3060372131347656,False,PUT,2026-06-18,GS
GS260618P00920000,920.0,60.95,57.35,60.95,8.0,112.0,0.29775940284728997,False,PUT,2026-06-18,GS
GS260618P00940000,940.0,70.2,66.3,72.9,11.0,124.0,0.30409173698425285,True,PUT,2026-06-18,GS
GS260618P00960000,960.0,80.13,77.05,81.95,2.0,71.0,0.2939600023651122,True,PUT,2026-06-18,GS
GS260618P00970000,970.0,85.0,83.45,86.6,4.0,30.0,0.287970987548828,True,PUT,2026-06-18,GS
GS260618P00980000,980.0,95.0,89.25,92.7,125.0,136.0,0.2872767195892333,True,PUT,2026-06-18,GS
GS260618P01000000,1000.0,91.0,100.65,106.1,5.0,270.0,0.2883753414154051,True,PUT,2026-06-18,GS
GS260618P01020000,1020.0,120.85,114.75,118.95,4.0,11.0,0.2832484395599364,True,PUT,2026-06-18,GS
GS260618P01040000,1040.0,129.3,128.25,133.9,3.0,32.0,0.284263138885498,True,PUT,2026-06-18,GS
GS260618P01060000,1060.0,150.15,143.4,148.7,2.0,1.0,0.2810359372711181,True,PUT,2026-06-18,GS
GS260618P01080000,1080.0,168.7,158.5,164.6,2.0,2.0,0.2800136086273193,True,PUT,2026-06-18,GS
GS260618P01100000,1100.0,191.4,174.8,180.25,2.0,1.0,0.27376519699096674,True,PUT,2026-06-18,GS
GS260618P01120000,1120.0,177.55,192.6,198.85,1.0,3.0,0.2829966720581054,True,PUT,2026-06-18,GS
GS260618P01140000,1140.0,186.0,210.25,215.9,2.0,3.0,0.2793117113494873,True,PUT,2026-06-18,GS
GS260618P01160000,1160.0,212.2,228.05,234.3,2.0,4.0,0.28281356842041017,True,PUT,2026-06-18,GS
GS260618P01180000,1180.0,263.02,246.75,253.0,2.0,2.0,0.2868113311767577,True,PUT,2026-06-18,GS
GS260618P01200000,1200.0,288.26,266.3,272.05,,0.0,0.29230444030761704,True,PUT,2026-06-18,GS
GS260717C00660000,660.0,246.65,282.3,288.8,2.0,4.0,0.43207355041503903,True,CALL,2026-07-17,GS
GS260717C00680000,680.0,164.5,283.3,289.75,,3.0,0.5398224118804933,True,CALL,2026-07-17,GS
GS260717C00695000,695.0,218.1,250.7,256.25,,2.0,0.4037535211181641,True,CALL,2026-07-17,GS
GS260717C00700000,700.0,237.23,245.75,251.5,2.0,14.0,0.3986571365356446,True,CALL,2026-07-17,GS
GS260717C00705000,705.0,285.2,241.85,247.35,2.0,0.0,0.3982756706237793,True,CALL,2026-07-17,GS
GS260717C00710000,710.0,225.25,237.45,242.9,4.0,3.0,0.3953612710571289,True,CALL,2026-07-17,GS
GS260717C00715000,715.0,189.6,232.3,238.8,4.0,3.0,0.3949492878723145,True,CALL,2026-07-17,GS
GS260717C00720000,720.0,191.15,228.3,234.1,8.0,4.0,0.38992919647216795,True,CALL,2026-07-17,GS
GS260717C00725000,725.0,185.1,223.6,230.05,,2.0,0.3895324719238281,True,CALL,2026-07-17,GS
GS260717C00730000,730.0,128.6,240.35,248.0,,1.0,0.503285606842041,True,CALL,2026-07-17,GS
GS260717C00735000,735.0,228.8,215.05,220.95,5.0,2.0,0.3812317736816406,True,CALL,2026-07-17,GS
GS260717C00740000,740.0,244.0,211.0,216.4,50.0,50.0,0.37698987274169915,True,CALL,2026-07-17,GS
GS260717C00745000,745.0,102.3,225.95,232.9,2.0,1.0,0.49884534362792965,True,CALL,2026-07-17,GS
GS260717C00750000,750.0,194.85,202.75,208.05,2.0,12.0,0.3731446963500976,True,CALL,2026-07-17,GS
GS260717C00760000,760.0,212.02,194.1,200.25,2.0,17.0,0.3720613331604004,True,CALL,2026-07-17,GS
GS260717C00765000,765.0,184.9,190.1,196.0,1.0,15.0,0.3691011576843262,True,CALL,2026-07-17,GS
GS260717C00770000,770.0,198.3,186.35,191.95,1.0,32.0,0.367193828125,True,CALL,2026-07-17,GS
GS260717C00775000,775.0,202.85,182.1,188.4,5.0,43.0,0.3680025358581543,True,CALL,2026-07-17,GS
GS260717C00780000,780.0,210.0,178.15,184.1,2.0,61.0,0.3643175751495362,True,CALL,2026-07-17,GS
GS260717C00785000,785.0,205.9,174.25,182.2,2.0,182.0,0.37377792976379387,True,CALL,2026-07-17,GS
GS260717C00790000,790.0,163.8,170.65,176.5,2.0,11.0,0.3621050728607177,True,CALL,2026-07-17,GS
GS260717C00795000,795.0,169.75,166.8,172.2,1.0,4.0,0.3580462755584717,True,CALL,2026-07-17,GS
GS260717C00800000,800.0,152.65,162.6,168.5,1.0,64.0,0.35704683486938477,True,CALL,2026-07-17,GS
GS260717C00805000,805.0,191.15,159.15,165.15,1.0,7.0,0.35767243896484374,True,CALL,2026-07-17,GS
GS260717C00810000,810.0,153.97,155.4,161.15,2.0,5.0,0.35474278076171867,True,CALL,2026-07-17,GS
GS260717C00815000,815.0,147.1,151.25,156.95,2.0,20.0,0.3506916127777099,True,CALL,2026-07-17,GS
GS260717C00820000,820.0,149.05,147.6,153.85,2.0,43.0,0.35195045028686517,True,CALL,2026-07-17,GS
GS260717C00825000,825.0,137.54,144.05,149.9,24.0,12.0,0.34883768844604496,True,CALL,2026-07-17,GS
GS260717C00830000,830.0,133.5,142.15,146.65,44.0,96.0,0.3489292402648925,True,CALL,2026-07-17,GS
GS260717C00835000,835.0,166.25,137.9,142.85,2.0,145.0,0.34621320297241204,True,CALL,2026-07-17,GS
GS260717C00840000,840.0,128.51,134.6,139.5,62.0,54.0,0.3454502711486816,True,CALL,2026-07-17,GS
GS260717C00845000,845.0,159.25,129.45,136.0,4.0,102.0,0.3437947090911865,True,CALL,2026-07-17,GS
GS260717C00850000,850.0,126.2,126.0,132.9,2.0,234.0,0.3437794504547119,True,CALL,2026-07-17,GS
GS260717C00855000,855.0,153.55,123.15,129.05,2.0,8.0,0.3402089295196533,True,CALL,2026-07-17,GS
GS260717C00860000,860.0,118.0,119.8,125.9,2.0,6.0,0.3395909547424316,True,CALL,2026-07-17,GS
GS260717C00865000,865.0,112.17,118.1,122.35,2.0,61.0,0.33703513313293465,True,CALL,2026-07-17,GS
GS260717C00870000,870.0,112.22,113.35,119.6,2.0,72.0,0.33777517700195314,True,CALL,2026-07-17,GS
GS260717C00875000,875.0,108.0,111.0,116.15,1.0,11.0,0.33530327789306635,True,CALL,2026-07-17,GS
GS260717C00880000,880.0,124.65,107.05,112.9,6.0,64.0,0.33351801742553716,True,CALL,2026-07-17,GS
GS260717C00885000,885.0,98.17,104.6,110.0,46.0,56.0,0.33302974105834965,True,CALL,2026-07-17,GS
GS260717C00900000,900.0,91.44,95.15,100.25,93.0,118.0,0.3261023200988769,True,CALL,2026-07-17,GS
GS260717C00920000,920.0,83.9,83.75,89.2,5.0,122.0,0.3223181782531737,True,CALL,2026-07-17,GS
GS260717C00940000,940.0,89.0,73.9,78.25,3.0,43.0,0.31595532684326166,False,CALL,2026-07-17,GS
GS260717C00960000,960.0,64.55,66.55,69.8,4.0,131.0,0.31645123252868645,False,CALL,2026-07-17,GS
GS260717C00980000,980.0,55.45,55.8,60.2,6.0,243.0,0.3094475183868408,False,CALL,2026-07-17,GS
GS260717C01000000,1000.0,54.7,47.1,52.05,5.0,133.0,0.3051674708557129,False,CALL,2026-07-17,GS
GS260717C01020000,1020.0,44.45,40.15,45.15,1.0,34.0,0.30297785652160647,False,CALL,2026-07-17,GS
GS260717C01040000,1040.0,33.05,34.6,39.4,6.0,53.0,0.30274134765625,False,CALL,2026-07-17,GS
GS260717C01060000,1060.0,31.55,29.65,34.15,1.0,58.0,0.3019784158325196,False,CALL,2026-07-17,GS
GS260717C01080000,1080.0,27.75,25.45,28.55,10.0,95.0,0.29682099670410156,False,CALL,2026-07-17,GS
GS260717C01100000,1100.0,23.1,21.65,24.8,5.0,61.0,0.29768310966491685,False,CALL,2026-07-17,GS
GS260717C01120000,1120.0,19.35,18.15,21.15,2.0,25.0,0.2966378930664062,False,CALL,2026-07-17,GS
GS260717C01140000,1140.0,15.75,15.15,17.2,1.0,53.0,0.291175301208496,False,CALL,2026-07-17,GS
GS260717C01160000,1160.0,13.75,13.05,14.9,6.0,11.0,0.2927621994018553,False,CALL,2026-07-17,GS
GS260717C01180000,1180.0,11.65,11.0,13.2,4.0,63.0,0.2963784962463379,False,CALL,2026-07-17,GS
GS260717C01200000,1200.0,10.0,9.25,10.9,2.0,82.0,0.2938913385009765,False,CALL,2026-07-17,GS
GS260717P00660000,660.0,6.26,5.7,7.9,1.0,9.0,0.37438064590454095,False,PUT,2026-07-17,GS
GS260717P00680000,680.0,8.35,8.2,9.6,2.0,35.0,0.3673158972167969,False,PUT,2026-07-17,GS
GS260717P00685000,685.0,14.13,7.4,10.05,11.0,12.0,0.36536279174804687,False,PUT,2026-07-17,GS
GS260717P00690000,690.0,11.01,7.8,10.55,3.0,66.0,0.3637453762817383,False,PUT,2026-07-17,GS
GS260717P00695000,695.0,11.1,8.2,10.6,3.0,27.0,0.35764192169189457,False,PUT,2026-07-17,GS
GS260717P00700000,700.0,12.75,8.65,11.1,1.0,20.0,0.3557803680419921,False,PUT,2026-07-17,GS
GS260717P00705000,705.0,11.7,10.35,11.6,2.0,13.0,0.3537509693908691,False,PUT,2026-07-17,GS
GS260717P00710000,710.0,12.97,9.6,12.15,2.0,5.0,0.351996226196289,False,PUT,2026-07-17,GS
GS260717P00715000,715.0,12.4,12.05,12.75,2.0,2.0,0.35048562118530263,False,PUT,2026-07-17,GS
GS260717P00720000,720.0,13.05,12.5,13.3,2.0,22.0,0.3483799293518066,False,PUT,2026-07-17,GS
GS260717P00725000,725.0,14.72,11.1,13.95,2.0,2.0,0.3469151002502441,False,PUT,2026-07-17,GS
GS260717P00730000,730.0,17.4,13.6,14.6,6.0,4.0,0.34525190887451174,False,PUT,2026-07-17,GS
GS260717P00735000,735.0,26.65,13.55,15.25,2.0,13.0,0.3434208724975586,False,PUT,2026-07-17,GS
GS260717P00740000,740.0,15.75,14.05,16.15,1.0,28.0,0.34323776885986323,False,PUT,2026-07-17,GS
GS260717P00745000,745.0,16.75,15.25,16.6,1.0,137.0,0.3395909547424316,False,PUT,2026-07-17,GS
GS260717P00750000,750.0,17.0,15.65,17.35,22.0,136.0,0.3379430220031738,False,PUT,2026-07-17,GS
GS260717P00755000,755.0,26.15,16.1,18.5,1.0,25.0,0.3388280229187011,False,PUT,2026-07-17,GS
GS260717P00760000,760.0,20.4,17.55,19.4,1.0,77.0,0.33775991836547853,False,PUT,2026-07-17,GS
GS260717P00765000,765.0,23.05,16.45,19.9,1.0,25.0,0.3338994833374024,False,PUT,2026-07-17,GS
GS260717P00770000,770.0,17.8,17.35,21.2,4.0,63.0,0.3349828465270996,False,PUT,2026-07-17,GS
GS260717P00775000,775.0,22.16,20.05,22.9,2.0,258.0,0.338171901550293,False,PUT,2026-07-17,GS
GS260717P00780000,780.0,22.97,19.5,24.0,2.0,108.0,0.3373937110900879,False,PUT,2026-07-17,GS
GS260717P00785000,785.0,23.71,21.55,25.0,3.0,229.0,0.3358220715332031,False,PUT,2026-07-17,GS
GS260717P00790000,790.0,23.36,22.25,26.1,3.0,67.0,0.3346318978881836,False,PUT,2026-07-17,GS
GS260717P00795000,795.0,25.9,23.6,27.25,1.0,21.0,0.33351801742553716,False,PUT,2026-07-17,GS
GS260717P00800000,800.0,29.0,23.5,28.5,1.0,329.0,0.3327398269653321,False,PUT,2026-07-17,GS
GS260717P00805000,805.0,26.5,24.0,29.65,3.0,16.0,0.33122922195434573,False,PUT,2026-07-17,GS
GS260717P00810000,810.0,26.45,27.4,30.55,31.0,87.0,0.3282232705688476,False,PUT,2026-07-17,GS
GS260717P00815000,815.0,28.75,27.6,32.1,7.0,20.0,0.32840637420654295,False,PUT,2026-07-17,GS
GS260717P00820000,820.0,32.15,27.65,33.55,1.0,50.0,0.3278494339752197,False,PUT,2026-07-17,GS
GS260717P00825000,825.0,34.25,30.3,35.05,11.0,36.0,0.32732301101684574,False,PUT,2026-07-17,GS
GS260717P00830000,830.0,31.7,31.05,36.3,1.0,87.0,0.3253546469116211,False,PUT,2026-07-17,GS
GS260717P00835000,835.0,36.6,33.55,37.95,1.0,144.0,0.3251333966827392,False,PUT,2026-07-17,GS
GS260717P00840000,840.0,37.21,33.85,37.75,1.0,128.0,0.3159782147979736,False,PUT,2026-07-17,GS
GS260717P00845000,845.0,35.45,35.9,40.85,3.0,14.0,0.3221655918884277,False,PUT,2026-07-17,GS
GS260717P00850000,850.0,41.1,38.8,42.7,1.0,85.0,0.32222662643432615,False,PUT,2026-07-17,GS
GS260717P00855000,855.0,42.05,39.15,44.45,1.0,51.0,0.32161628097534173,False,PUT,2026-07-17,GS
GS260717P00860000,860.0,42.32,41.0,46.2,1.0,31.0,0.32079231460571284,False,PUT,2026-07-17,GS
GS260717P00865000,865.0,44.8,43.05,47.55,60.0,7.0,0.31801524276733395,False,PUT,2026-07-17,GS
GS260717P00870000,870.0,47.0,44.9,49.5,2.0,9.0,0.3176795527648925,False,PUT,2026-07-17,GS
GS260717P00875000,875.0,49.05,46.35,50.75,20.0,29.0,0.3141242904663085,False,PUT,2026-07-17,GS
GS260717P00880000,880.0,51.7,47.5,53.1,1.0,63.0,0.31510084320068354,False,PUT,2026-07-17,GS
GS260717P00885000,885.0,53.65,50.15,54.25,2.0,68.0,0.31079027839660645,False,PUT,2026-07-17,GS
GS260717P00900000,900.0,58.28,56.45,61.15,1.0,97.0,0.31116411499023433,False,PUT,2026-07-17,GS
GS260717P00920000,920.0,69.45,64.3,69.45,5.0,121.0,0.3051293242645263,False,PUT,2026-07-17,GS
GS260717P00940000,940.0,77.0,73.15,79.85,11.0,71.0,0.3043282458496094,True,PUT,2026-07-17,GS
GS260717P00960000,960.0,84.9,83.8,88.85,8.0,40.0,0.2948526325988769,True,PUT,2026-07-17,GS
GS260717P00980000,980.0,98.6,96.05,100.95,1.0,19.0,0.2944177614593505,True,PUT,2026-07-17,GS
GS260717P01000000,1000.0,118.11,107.5,113.0,6.0,21.0,0.2906717662048339,True,PUT,2026-07-17,GS
GS260717P01020000,1020.0,121.75,120.35,124.6,8.0,41.0,0.2818141277313232,True,PUT,2026-07-17,GS
GS260717P01040000,1040.0,146.14,134.05,138.85,2.0,10.0,0.28076891113281244,True,PUT,2026-07-17,GS
GS260717P01060000,1060.0,174.0,148.4,154.1,,0.0,0.2812266702270507,True,PUT,2026-07-17,GS
GS260717P01080000,1080.0,176.76,163.5,169.0,2.0,1.0,0.2771373556518554,True,PUT,2026-07-17,GS
GS260717P01100000,1100.0,189.35,178.7,184.0,2.0,2.0,0.2700802362823487,True,PUT,2026-07-17,GS
GS260717P01120000,1120.0,203.35,195.8,201.85,,1.0,0.27542838836669914,True,PUT,2026-07-17,GS
GS260717P01140000,1140.0,197.2,213.05,219.4,1.0,0.0,0.2770915797424316,True,PUT,2026-07-17,GS
GS260717P01180000,1180.0,264.94,248.0,255.05,2.0,1.0,0.2772746833801269,True,PUT,2026-07-17,GS
GS260717P01200000,1200.0,233.48,267.0,273.4,1.0,1.0,0.2778545115661621,True,PUT,2026-07-17,GS
GS260821C00660000,660.0,310.35,286.4,293.4,1.0,3.0,0.43092915267944343,True,CALL,2026-08-21,GS
GS260821C00665000,665.0,248.35,282.0,289.0,,1.0,0.4285945812988281,True,CALL,2026-08-21,GS
GS260821C00670000,670.0,256.35,277.55,283.6,2.0,82.0,0.41867646759033206,True,CALL,2026-08-21,GS
GS260821C00675000,675.0,157.35,292.0,298.4,2.0,1.0,0.5219316606140136,True,CALL,2026-08-21,GS
GS260821C00680000,680.0,242.0,269.15,274.9,1.0,8.0,0.4144803425598144,True,CALL,2026-08-21,GS
GS260821C00685000,685.0,232.5,264.25,270.35,,1.0,0.410787752532959,True,CALL,2026-08-21,GS
GS260821C00690000,690.0,234.0,259.85,265.35,1.0,2.0,0.4039061074829102,True,CALL,2026-08-21,GS
GS260821C00695000,695.0,228.1,255.6,262.5,2.0,2.0,0.41165749481201175,True,CALL,2026-08-21,GS
GS260821C00700000,700.0,229.69,251.3,257.3,4.0,22.0,0.40335679656982426,True,CALL,2026-08-21,GS
GS260821C00705000,705.0,219.3,246.85,252.6,,3.0,0.3983977397155762,True,CALL,2026-08-21,GS
GS260821C00710000,710.0,253.3,242.1,247.85,1.0,10.0,0.3930877342224121,True,CALL,2026-08-21,GS
GS260821C00715000,715.0,214.95,238.3,243.85,2.0,3.0,0.3925079060363769,True,CALL,2026-08-21,GS
GS260821C00720000,720.0,265.25,233.8,239.8,2.0,9.0,0.3914245428466796,True,CALL,2026-08-21,GS
GS260821C00730000,730.0,207.5,225.65,231.85,1.0,6.0,0.389654541015625,True,CALL,2026-08-21,GS
GS260821C00735000,735.0,133.86,241.6,247.8,,4.0,0.49511460700988774,True,CALL,2026-08-21,GS
GS260821C00740000,740.0,248.25,217.2,224.15,1.0,66.0,0.38863221237182616,True,CALL,2026-08-21,GS
GS260821C00745000,745.0,233.7,213.2,219.2,10.0,14.0,0.38175819664001454,True,CALL,2026-08-21,GS
GS260821C00750000,750.0,237.05,209.15,214.95,2.0,5.0,0.3787446159362792,True,CALL,2026-08-21,GS
GS260821C00755000,755.0,230.8,204.75,212.25,1.0,2.0,0.3839020350646973,True,CALL,2026-08-21,GS
GS260821C00760000,760.0,227.1,201.1,207.6,1.0,493.0,0.3784852191162109,True,CALL,2026-08-21,GS
GS260821C00765000,765.0,184.3,197.0,202.45,2.0,2.0,0.37044391769409174,True,CALL,2026-08-21,GS
GS260821C00770000,770.0,158.78,193.0,198.7,2.0,56.0,0.36960469268798823,True,CALL,2026-08-21,GS
GS260821C00775000,775.0,176.95,189.3,195.9,8.0,77.0,0.373327799987793,True,CALL,2026-08-21,GS
GS260821C00780000,780.0,210.15,185.45,191.35,1.0,54.0,0.36816275154113776,True,CALL,2026-08-21,GS
GS260821C00785000,785.0,171.4,181.6,188.1,2.0,13.0,0.36923848541259763,True,CALL,2026-08-21,GS
GS260821C00790000,790.0,141.45,177.45,183.25,1.0,18.0,0.3624865387725831,True,CALL,2026-08-21,GS
GS260821C00795000,795.0,164.5,174.05,179.55,10.0,7.0,0.36113614944458,True,CALL,2026-08-21,GS
GS260821C00800000,800.0,168.1,170.15,176.4,25.0,490.0,0.3621737367248535,True,CALL,2026-08-21,GS
GS260821C00805000,805.0,167.7,166.3,171.95,2.0,25.0,0.3570926107788086,True,CALL,2026-08-21,GS
GS260821C00810000,810.0,208.01,162.65,168.8,1.0,29.0,0.3577868787384033,True,CALL,2026-08-21,GS
GS260821C00815000,815.0,178.9,159.35,165.7,20.0,15.0,0.3584964053344727,True,CALL,2026-08-21,GS
GS260821C00820000,820.0,154.5,155.15,161.15,26.0,40.0,0.3526904941558838,True,CALL,2026-08-21,GS
GS260821C00825000,825.0,158.84,152.0,158.1,1.0,8.0,0.3533084689331054,True,CALL,2026-08-21,GS
GS260821C00830000,830.0,191.62,148.1,155.25,1.0,33.0,0.35456730644226064,True,CALL,2026-08-21,GS
GS260821C00835000,835.0,117.74,145.0,151.8,2.0,164.0,0.35311010665893555,True,CALL,2026-08-21,GS
GS260821C00840000,840.0,140.14,142.0,147.4,1.0,97.0,0.3475712216186523,True,CALL,2026-08-21,GS
GS260821C00845000,845.0,114.79,138.0,144.4,2.0,33.0,0.3477085493469238,True,CALL,2026-08-21,GS
GS260821C00850000,850.0,164.53,136.25,141.05,12.0,434.0,0.3462589788818359,True,CALL,2026-08-21,GS
GS260821C00855000,855.0,99.24,133.25,138.25,2.0,30.0,0.346861695022583,True,CALL,2026-08-21,GS
GS260821C00860000,860.0,122.22,128.3,134.3,2.0,47.0,0.3427189752197265,True,CALL,2026-08-21,GS
GS260821C00865000,865.0,137.7,125.0,131.7,12.0,21.0,0.3437870797729492,True,CALL,2026-08-21,GS
GS260821C00870000,870.0,117.72,123.05,128.4,1.0,17.0,0.34194078475952144,True,CALL,2026-08-21,GS
GS260821C00875000,875.0,131.15,119.0,124.9,2.0,22.0,0.3391866008758544,True,CALL,2026-08-21,GS
GS260821C00880000,880.0,145.98,116.0,121.5,10.0,44.0,0.3366918138122559,True,CALL,2026-08-21,GS
GS260821C00885000,885.0,110.83,113.0,118.35,1.0,6.0,0.3350133638000488,True,CALL,2026-08-21,GS
GS260821C00890000,890.0,111.35,110.0,115.55,4.0,5.0,0.33451745811462397,True,CALL,2026-08-21,GS
GS260821C00895000,895.0,118.7,107.0,112.35,2.0,20.0,0.3323583610534668,True,CALL,2026-08-21,GS
GS260821C00900000,900.0,104.15,104.85,110.0,25.0,144.0,0.3332281033325196,True,CALL,2026-08-21,GS
GS260821C00905000,905.0,121.1,102.3,106.6,2.0,47.0,0.3300390483093261,True,CALL,2026-08-21,GS
GS260821C00910000,910.0,98.8,98.0,104.35,1.0,140.0,0.33094693717956536,True,CALL,2026-08-21,GS
GS260821C00920000,920.0,91.6,93.0,98.25,15.0,132.0,0.32643801010131834,True,CALL,2026-08-21,GS
GS260821C00930000,930.0,87.75,88.95,94.05,3.0,27.0,0.3282232705688476,True,CALL,2026-08-21,GS
GS260821C00940000,940.0,80.0,83.0,88.15,1.0,168.0,0.3232565843963622,False,CALL,2026-08-21,GS
GS260821C00950000,950.0,81.2,78.9,83.6,2.0,53.0,0.3225546871185302,False,CALL,2026-08-21,GS
GS260821C00960000,960.0,72.35,73.25,78.6,5.0,38.0,0.3196250289154051,False,CALL,2026-08-21,GS
GS260821C00970000,970.0,68.7,70.35,74.2,2.0,18.0,0.31825175163269037,False,CALL,2026-08-21,GS
GS260821C00980000,980.0,65.85,64.0,70.6,1.0,74.0,0.3191367525482176,False,CALL,2026-08-21,GS
GS260821C01000000,1000.0,58.4,58.0,61.45,30.0,750.0,0.31212540908813474,False,CALL,2026-08-21,GS
GS260821C01020000,1020.0,60.15,50.25,53.8,2.0,133.0,0.30812001701354974,False,CALL,2026-08-21,GS
GS260821C01040000,1040.0,40.65,45.1,48.25,40.0,104.0,0.30962299270629884,False,CALL,2026-08-21,GS
GS260821C01060000,1060.0,36.3,38.45,42.8,28.0,62.0,0.30940937179565425,False,CALL,2026-08-21,GS
GS260821C01080000,1080.0,31.8,32.3,37.0,27.0,51.0,0.30561760063171384,False,CALL,2026-08-21,GS
GS260821C01100000,1100.0,30.5,28.85,32.25,2.0,140.0,0.3038781160736084,False,CALL,2026-08-21,GS
GS260821C01120000,1120.0,27.1,24.4,29.3,1.0,97.0,0.30800557723999017,False,CALL,2026-08-21,GS
GS260821C01140000,1140.0,21.32,20.9,23.85,2.0,45.0,0.29875121421813955,False,CALL,2026-08-21,GS
GS260821C01160000,1160.0,17.8,18.1,20.45,2.0,41.0,0.2967523328399658,False,CALL,2026-08-21,GS
GS260821C01180000,1180.0,15.5,15.75,19.65,10.0,56.0,0.3067467397308349,False,CALL,2026-08-21,GS
GS260821C01200000,1200.0,12.8,13.3,15.9,2.0,123.0,0.2992318612670898,False,CALL,2026-08-21,GS
GS260821P00655000,655.0,10.6,7.3,9.65,130.0,112.0,0.36524072265625,False,PUT,2026-08-21,GS
GS260821P00660000,660.0,9.15,8.9,10.35,6.0,28.0,0.36598839584350584,False,PUT,2026-08-21,GS
GS260821P00665000,665.0,16.9,8.05,10.7,,1.0,0.3631350308227539,False,PUT,2026-08-21,GS
GS260821P00670000,670.0,10.15,8.45,10.95,2.0,4.0,0.35925933715820313,False,PUT,2026-08-21,GS
GS260821P00675000,675.0,36.15,0.0,0.0,2.0,1.0,0.062509375,False,PUT,2026-08-21,GS
GS260821P00680000,680.0,11.0,9.3,11.85,1.0,34.0,0.35489536712646474,False,PUT,2026-08-21,GS
GS260821P00685000,685.0,11.45,9.75,12.3,2.0,5.0,0.35253027847290036,False,PUT,2026-08-21,GS
GS260821P00690000,690.0,13.2,11.45,12.8,2.0,9.0,0.3504551039123534,False,PUT,2026-08-21,GS
GS260821P00695000,695.0,13.25,12.8,13.4,2.0,8.0,0.34905130935668943,False,PUT,2026-08-21,GS
GS260821P00700000,700.0,14.18,11.2,14.0,1.0,37.0,0.3474796697998046,False,PUT,2026-08-21,GS
GS260821P00705000,705.0,15.2,11.8,14.6,4.0,9.0,0.34574018524169914,False,PUT,2026-08-21,GS
GS260821P00710000,710.0,15.65,14.3,15.25,1.0,20.0,0.3442295802307129,False,PUT,2026-08-21,GS
GS260821P00715000,715.0,15.5,12.9,15.9,2.0,16.0,0.3425511302185058,False,PUT,2026-08-21,GS
GS260821P00720000,720.0,15.95,13.5,16.55,10.0,27.0,0.3407200938415527,False,PUT,2026-08-21,GS
GS260821P00725000,725.0,17.55,15.85,17.5,2.0,9.0,0.34078112838745117,False,PUT,2026-08-21,GS
GS260821P00730000,730.0,27.3,14.8,18.0,10.0,27.0,0.3376378492736816,False,PUT,2026-08-21,GS
GS260821P00735000,735.0,18.45,15.35,18.9,2.0,9.0,0.3369817279052735,False,PUT,2026-08-21,GS
GS260821P00740000,740.0,17.46,17.2,19.75,1.0,360.0,0.3358068128967285,False,PUT,2026-08-21,GS
GS260821P00745000,745.0,21.45,17.15,20.6,2.0,108.0,0.33446405288696285,False,PUT,2026-08-21,GS
GS260821P00750000,750.0,22.25,17.55,21.45,5.0,54.0,0.3329534478759766,False,PUT,2026-08-21,GS
GS260821P00755000,755.0,24.3,18.35,22.5,2.0,3.0,0.33244991287231446,False,PUT,2026-08-21,GS
GS260821P00760000,760.0,26.1,19.15,23.35,5.0,230.0,0.3306036178588867,False,PUT,2026-08-21,GS
GS260821P00765000,765.0,67.05,0.0,0.0,2.0,34.0,0.062509375,False,PUT,2026-08-21,GS
GS260821P00770000,770.0,28.35,20.85,25.0,2.0,23.0,0.3262243891906738,False,PUT,2026-08-21,GS
GS260821P00775000,775.0,25.45,21.7,27.1,2.0,24.0,0.3306188764953613,False,PUT,2026-08-21,GS
GS260821P00780000,780.0,28.95,23.9,28.3,2.0,156.0,0.32992460853576655,False,PUT,2026-08-21,GS
GS260821P00785000,785.0,25.4,25.25,28.65,2.0,11.0,0.3247214134979247,False,PUT,2026-08-21,GS
GS260821P00790000,790.0,32.85,25.0,30.45,2.0,22.0,0.32674318283081055,False,PUT,2026-08-21,GS
GS260821P00795000,795.0,27.77,26.25,31.85,1.0,22.0,0.32651430328369135,False,PUT,2026-08-21,GS
GS260821P00800000,800.0,33.2,28.0,31.95,1.0,103.0,0.3198386498260497,False,PUT,2026-08-21,GS
GS260821P00810000,810.0,35.55,30.35,35.4,1.0,43.0,0.32163153961181634,False,PUT,2026-08-21,GS
GS260821P00815000,815.0,37.0,31.6,37.15,1.0,49.0,0.32228766098022454,False,PUT,2026-08-21,GS
GS260821P00820000,820.0,38.7,33.0,38.55,1.0,68.0,0.3211508925628661,False,PUT,2026-08-21,GS
GS260821P00825000,825.0,39.35,35.45,39.9,1.0,15.0,0.3196250289154051,False,PUT,2026-08-21,GS
GS260821P00830000,830.0,40.25,36.15,41.5,7.0,225.0,0.3190299420928955,False,PUT,2026-08-21,GS
GS260821P00835000,835.0,41.95,38.85,43.2,1.0,55.0,0.31868662277221677,False,PUT,2026-08-21,GS
GS260821P00840000,840.0,43.8,40.35,44.35,1.0,103.0,0.31583325775146476,False,PUT,2026-08-21,GS
GS260821P00845000,845.0,45.45,41.05,46.0,2.0,130.0,0.3149329981994628,False,PUT,2026-08-21,GS
GS260821P00850000,850.0,47.35,42.05,46.9,1.0,107.0,0.31079027839660645,False,PUT,2026-08-21,GS
GS260821P00855000,855.0,43.25,44.3,50.05,2.0,34.0,0.3156806713867187,False,PUT,2026-08-21,GS
GS260821P00860000,860.0,44.9,46.95,51.0,2.0,111.0,0.31144639976501454,False,PUT,2026-08-21,GS
GS260821P00865000,865.0,54.65,48.5,53.4,2.0,10.0,0.31285782363891596,False,PUT,2026-08-21,GS
GS260821P00870000,870.0,56.1,50.75,55.05,9.0,18.0,0.3111183390808105,False,PUT,2026-08-21,GS
GS260821P00875000,875.0,55.15,51.15,56.1,2.0,20.0,0.30689169677734374,False,PUT,2026-08-21,GS
GS260821P00880000,880.0,50.95,53.1,58.2,3.0,52.0,0.3066017826843262,False,PUT,2026-08-21,GS
GS260821P00885000,885.0,56.55,55.15,61.55,,1.0,0.3108894595336914,False,PUT,2026-08-21,GS
GS260821P00890000,890.0,78.37,58.2,62.85,1.0,4.0,0.3071816108703613,False,PUT,2026-08-21,GS
GS260821P00895000,895.0,65.45,60.35,65.7,4.0,2.0,0.3091576042938232,False,PUT,2026-08-21,GS
GS260821P00900000,900.0,67.87,61.1,67.8,20.0,159.0,0.3081352756500244,False,PUT,2026-08-21,GS
GS260821P00905000,905.0,89.9,63.55,69.25,2.0,23.0,0.30454949607849113,False,PUT,2026-08-21,GS
GS260821P00910000,910.0,68.35,67.1,71.75,2.0,102.0,0.3046868238067627,False,PUT,2026-08-21,GS
GS260821P00920000,920.0,77.93,70.45,76.6,9.0,101.0,0.30389337471008304,False,PUT,2026-08-21,GS
GS260821P00930000,930.0,75.1,75.15,81.0,1.0,6.0,0.3007958715057373,False,PUT,2026-08-21,GS
GS260821P00940000,940.0,81.5,80.1,84.75,8.0,77.0,0.29473056350708,True,PUT,2026-08-21,GS
GS260821P00950000,950.0,88.35,85.25,91.2,4.0,84.0,0.2976983683013915,True,PUT,2026-08-21,GS
GS260821P00960000,960.0,92.55,90.65,95.05,1.0,5.0,0.29069465415954576,True,PUT,2026-08-21,GS
GS260821P00970000,970.0,99.75,96.0,102.0,1.0,13.0,0.2941202180480957,True,PUT,2026-08-21,GS
GS260821P00980000,980.0,88.18,101.15,106.3,4.0,13.0,0.2873987886810302,True,PUT,2026-08-21,GS
GS260821P01000000,1000.0,114.6,114.35,118.15,20.0,8.0,0.28359938819885244,True,PUT,2026-08-21,GS
GS260821P01020000,1020.0,131.95,126.0,130.65,2.0,28.0,0.2795100736236572,True,PUT,2026-08-21,GS
GS260821P01040000,1040.0,132.85,139.2,144.95,1.0,5.0,0.27961688407897944,True,PUT,2026-08-21,GS
GS260821P01060000,1060.0,158.85,152.6,158.85,2.0,3.0,0.27565726791381834,True,PUT,2026-08-21,GS
GS260821P01080000,1080.0,153.68,168.4,173.6,2.0,3.0,0.27250635948181146,True,PUT,2026-08-21,GS
GS260821P01100000,1100.0,197.85,182.7,189.3,2.0,3.0,0.2709194612884521,True,PUT,2026-08-21,GS
GS260821P01120000,1120.0,201.7,199.2,205.1,2.0,1.0,0.2672726471710205,True,PUT,2026-08-21,GS
GS260821P01140000,1140.0,208.71,215.15,221.95,2.0,1.0,0.2663189823913575,True,PUT,2026-08-21,GS
GS260821P01160000,1160.0,215.56,232.4,239.65,2.0,0.0,0.267860104675293,True,PUT,2026-08-21,GS
GS260821P01180000,1180.0,259.8,250.35,257.2,2.0,1.0,0.2665936378479004,True,PUT,2026-08-21,GS
GS260821P01200000,1200.0,277.35,268.6,275.45,2.0,1.0,0.2677838114929199,True,PUT,2026-08-21,GS
GS260918C00655000,655.0,264.56,292.65,298.8,2.0,63.0,0.4136106002807617,True,CALL,2026-09-18,GS
GS260918C00660000,660.0,245.8,288.85,295.35,2.0,18.0,0.418050863494873,True,CALL,2026-09-18,GS
GS260918C00665000,665.0,256.55,283.8,290.2,2.0,3.0,0.41039102798461913,True,CALL,2026-09-18,GS
GS260918C00670000,670.0,238.9,280.05,286.6,2.0,5.0,0.41329779823303225,True,CALL,2026-09-18,GS
GS260918C00675000,675.0,255.85,275.0,281.45,2.0,7.0,0.4056608506774902,True,CALL,2026-09-18,GS
GS260918C00680000,680.0,312.37,270.85,276.9,2.0,52.0,0.40201403656005863,True,CALL,2026-09-18,GS
GS260918C00685000,685.0,214.75,266.5,273.45,,1.0,0.4053099020385742,True,CALL,2026-09-18,GS
GS260918C00690000,690.0,304.95,261.9,267.65,2.0,4.0,0.39362178649902346,True,CALL,2026-09-18,GS
GS260918C00695000,695.0,194.45,257.7,263.65,1.0,1.0,0.39324032058715824,True,CALL,2026-09-18,GS
GS260918C00700000,700.0,248.99,253.25,260.4,1.0,138.0,0.39717704879760746,True,CALL,2026-09-18,GS
GS260918C00705000,705.0,223.35,249.1,254.95,,2.0,0.3878235046386719,True,CALL,2026-09-18,GS
GS260918C00710000,710.0,209.01,244.8,252.05,2.0,6.0,0.3933547603607177,True,CALL,2026-09-18,GS
GS260918C00715000,715.0,261.4,240.6,247.25,2.0,16.0,0.3877472114562988,True,CALL,2026-09-18,GS
GS260918C00720000,720.0,230.0,236.3,242.4,1.0,32.0,0.38187263641357416,True,CALL,2026-09-18,GS
GS260918C00725000,725.0,124.0,252.15,258.35,2.0,5.0,0.4823812748718262,True,CALL,2026-09-18,GS
GS260918C00730000,730.0,210.05,228.55,235.7,2.0,4.0,0.38626712371826166,True,CALL,2026-09-18,GS
GS260918C00735000,735.0,244.8,224.1,230.35,6.0,7.0,0.3775925888824463,True,CALL,2026-09-18,GS
GS260918C00740000,740.0,232.88,220.15,226.8,1.0,62.0,0.37831737411499017,True,CALL,2026-09-18,GS
GS260918C00745000,745.0,179.95,216.05,223.35,2.0,3.0,0.3793244441223144,True,CALL,2026-09-18,GS
GS260918C00750000,750.0,211.75,212.1,218.4,1.0,51.0,0.3726640493011475,True,CALL,2026-09-18,GS
GS260918C00755000,755.0,192.89,208.55,214.85,22.0,98.0,0.3729005581665039,True,CALL,2026-09-18,GS
GS260918C00760000,760.0,190.6,204.25,211.6,2.0,64.0,0.3743882752227783,True,CALL,2026-09-18,GS
GS260918C00765000,765.0,166.0,200.45,206.75,2.0,1.0,0.36809408767700197,True,CALL,2026-09-18,GS
GS260918C00770000,770.0,210.7,196.6,202.45,1.0,51.0,0.36437098037719734,True,CALL,2026-09-18,GS
GS260918C00775000,775.0,91.7,213.2,220.65,2.0,12.0,0.45990530334472657,True,CALL,2026-09-18,GS
GS260918C00780000,780.0,187.02,189.0,195.85,1.0,75.0,0.36580529220581054,True,CALL,2026-09-18,GS
GS260918C00785000,785.0,171.5,185.2,191.5,2.0,7.0,0.3615633912658691,True,CALL,2026-09-18,GS
GS260918C00790000,790.0,207.0,181.75,188.45,1.0,115.0,0.36296718582153326,True,CALL,2026-09-18,GS
GS260918C00795000,795.0,206.39,178.05,185.25,2.0,12.0,0.3635088674163819,True,CALL,2026-09-18,GS
GS260918C00800000,800.0,174.9,174.1,180.2,2.0,431.0,0.3560092475891113,True,CALL,2026-09-18,GS
GS260918C00805000,805.0,166.1,170.45,176.7,2.0,4.0,0.3550479534912109,True,CALL,2026-09-18,GS
GS260918C00810000,810.0,166.0,166.9,172.3,2.0,40.0,0.3502109657287597,True,CALL,2026-09-18,GS
GS260918C00815000,815.0,152.35,163.95,169.75,3.0,1.0,0.3529041150665283,True,CALL,2026-09-18,GS
GS260918C00820000,820.0,153.0,160.5,165.0,1.0,369.0,0.34648022911071763,True,CALL,2026-09-18,GS
GS260918C00825000,825.0,159.0,156.35,161.8,2.0,45.0,0.34623609092712393,True,CALL,2026-09-18,GS
GS260918C00830000,830.0,179.25,153.0,158.3,2.0,21.0,0.3446491927337646,True,CALL,2026-09-18,GS
GS260918C00835000,835.0,67.75,168.0,174.3,22.0,11.0,0.4180890100860596,True,CALL,2026-09-18,GS
GS260918C00840000,840.0,142.2,146.0,152.55,1.0,44.0,0.3459385475158691,True,CALL,2026-09-18,GS
GS260918C00845000,845.0,118.1,143.0,148.45,2.0,102.0,0.3416432413482666,True,CALL,2026-09-18,GS
GS260918C00850000,850.0,167.0,139.6,146.05,7.0,45.0,0.3437031572723388,True,CALL,2026-09-18,GS
GS260918C00855000,855.0,129.55,136.05,142.2,2.0,113.0,0.3401402656555175,True,CALL,2026-09-18,GS
GS260918C00860000,860.0,134.1,133.15,139.2,3.0,55.0,0.3396443599700927,True,CALL,2026-09-18,GS
GS260918C00865000,865.0,130.0,130.0,136.15,2.0,38.0,0.3388203936004638,True,CALL,2026-09-18,GS
GS260918C00870000,870.0,99.0,126.5,132.2,2.0,46.0,0.3345784926605224,True,CALL,2026-09-18,GS
GS260918C00875000,875.0,117.4,123.45,129.3,1.0,303.0,0.3340444403839111,True,CALL,2026-09-18,GS
GS260918C00880000,880.0,124.05,121.2,127.05,2.0,306.0,0.33570000244140624,True,CALL,2026-09-18,GS
GS260918C00885000,885.0,121.75,118.4,123.45,2.0,26.0,0.3323736196899414,True,CALL,2026-09-18,GS
GS260918C00890000,890.0,116.0,115.0,121.15,12.0,98.0,0.33354090538024905,True,CALL,2026-09-18,GS
GS260918C00895000,895.0,147.88,111.55,118.0,4.0,10.0,0.3315649119567871,True,CALL,2026-09-18,GS
GS260918C00900000,900.0,107.62,109.2,115.45,5.0,316.0,0.3315572826385498,True,CALL,2026-09-18,GS
GS260918C00905000,905.0,107.58,106.2,111.35,2.0,10.0,0.32602602691650384,True,CALL,2026-09-18,GS
GS260918C00910000,910.0,99.89,103.2,109.95,1.0,20.0,0.32972624626159663,True,CALL,2026-09-18,GS
GS260918C00915000,915.0,98.65,101.0,106.5,1.0,7.0,0.3262091305541992,True,CALL,2026-09-18,GS
GS260918C00920000,920.0,94.41,100.1,103.6,1.0,276.0,0.32446201667785635,True,CALL,2026-09-18,GS
GS260918C00925000,925.0,95.0,97.0,100.75,3.0,136.0,0.3227530493927001,True,CALL,2026-09-18,GS
GS260918C00930000,930.0,93.57,93.8,98.3,2.0,34.0,0.32227240234374993,True,CALL,2026-09-18,GS
GS260918C00935000,935.0,90.0,90.05,95.6,1.0,13.0,0.32081520256042473,True,CALL,2026-09-18,GS
GS260918C00940000,940.0,103.6,89.9,93.7,2.0,64.0,0.32192145370483394,False,CALL,2026-09-18,GS
GS260918C00945000,945.0,100.01,86.25,91.45,1.0,85.0,0.3217078327941894,False,CALL,2026-09-18,GS
GS260918C00950000,950.0,100.48,83.4,89.35,4.0,90.0,0.32186041915893554,False,CALL,2026-09-18,GS
GS260918C00955000,955.0,87.5,80.9,86.65,4.0,35.0,0.31986916709899893,False,CALL,2026-09-18,GS
GS260918C00960000,960.0,79.3,78.4,84.3,2.0,79.0,0.31891550231933585,False,CALL,2026-09-18,GS
GS260918C00965000,965.0,100.0,76.95,81.95,4.0,8.0,0.3178359537887573,False,CALL,2026-09-18,GS
GS260918C00970000,970.0,71.05,74.0,79.8,2.0,12.0,0.31729045753479,False,CALL,2026-09-18,GS
GS260918C00975000,975.0,64.85,71.95,77.0,1.0,7.0,0.31443709251403806,False,CALL,2026-09-18,GS
GS260918C00980000,980.0,71.9,69.8,75.95,3.0,84.0,0.31732097480773924,False,CALL,2026-09-18,GS
GS260918C00985000,985.0,87.7,67.15,73.7,3.0,45.0,0.316050693321228,False,CALL,2026-09-18,GS
GS260918C00990000,990.0,65.73,66.25,70.65,1.0,16.0,0.3119499347686767,False,CALL,2026-09-18,GS
GS260918C00995000,995.0,62.69,63.1,68.4,3.0,15.0,0.31040499782562253,False,CALL,2026-09-18,GS
GS260918C01000000,1000.0,62.65,61.8,66.65,2.0,328.0,0.3104164418029785,False,CALL,2026-09-18,GS
GS260918C01005000,1005.0,62.1,59.2,64.85,1.0,9.0,0.31013797168731694,False,CALL,2026-09-18,GS
GS260918C01010000,1010.0,59.65,57.3,63.8,1.0,9.0,0.3122856247711181,False,CALL,2026-09-18,GS
GS260918C01015000,1015.0,52.97,55.65,61.15,3.0,11.0,0.30885243156433106,False,CALL,2026-09-18,GS
GS260918C01020000,1020.0,54.37,54.1,58.95,1.0,44.0,0.30680777427673334,False,CALL,2026-09-18,GS
GS260918C01025000,1025.0,65.35,53.7,57.8,3.0,6.0,0.308249715423584,False,CALL,2026-09-18,GS
GS260918C01030000,1030.0,54.91,52.25,55.6,1.0,61.0,0.30593803199768066,False,CALL,2026-09-18,GS
GS260918C01035000,1035.0,52.0,49.45,54.4,6.0,13.0,0.3069832485961914,False,CALL,2026-09-18,GS
GS260918C01040000,1040.0,63.1,49.5,51.95,14.0,55.0,0.30351190879821766,False,CALL,2026-09-18,GS
GS260918C01045000,1045.0,48.65,46.3,51.15,2.0,366.0,0.3057244110870362,False,CALL,2026-09-18,GS
GS260918C01050000,1050.0,50.0,44.8,50.5,2.0,20.0,0.3083870431518554,False,CALL,2026-09-18,GS
GS260918C01055000,1055.0,45.78,44.65,49.05,1.0,13.0,0.3080894997406005,False,CALL,2026-09-18,GS
GS260918C01060000,1060.0,58.96,43.5,45.9,26.0,53.0,0.3015244713973999,False,CALL,2026-09-18,GS
GS260918C01065000,1065.0,41.1,40.8,46.35,5.0,15.0,0.30787587882995604,False,CALL,2026-09-18,GS
GS260918C01070000,1070.0,55.5,39.3,44.75,3.0,10.0,0.30667807586669915,False,CALL,2026-09-18,GS
GS260918C01075000,1075.0,32.0,37.65,43.75,20.0,50.0,0.3075707061004638,False,CALL,2026-09-18,GS
GS260918C01080000,1080.0,37.0,38.05,42.5,6.0,51.0,0.3074333783721923,False,CALL,2026-09-18,GS
GS260918C01085000,1085.0,37.73,35.75,39.85,2.0,67.0,0.30188686401367193,False,CALL,2026-09-18,GS
GS260918C01090000,1090.0,34.45,35.7,40.15,1.0,48.0,0.3073799731445312,False,CALL,2026-09-18,GS
GS260918C01095000,1095.0,42.15,33.05,38.9,2.0,11.0,0.30690695541381835,False,CALL,2026-09-18,GS
GS260918C01100000,1100.0,32.7,33.25,35.5,1.0,79.0,0.29792724784851066,False,CALL,2026-09-18,GS
GS260918C01105000,1105.0,30.9,31.25,35.75,2.0,30.0,0.3030465203857422,False,CALL,2026-09-18,GS
GS260918C01110000,1110.0,28.75,31.25,34.7,2.0,5.0,0.30297785652160647,False,CALL,2026-09-18,GS
GS260918C01115000,1115.0,46.3,29.0,33.7,2.0,4.0,0.3030083737945557,False,CALL,2026-09-18,GS
GS260918C01120000,1120.0,28.65,29.15,31.2,2.0,24.0,0.29678285011291505,False,CALL,2026-09-18,GS
GS260918C01125000,1125.0,27.95,27.3,30.5,4.0,6.0,0.2977746614837645,False,CALL,2026-09-18,GS
GS260918C01130000,1130.0,42.75,26.55,30.2,2.0,13.0,0.30036100036621094,False,CALL,2026-09-18,GS
GS260918C01135000,1135.0,25.25,25.8,29.15,2.0,20.0,0.29971250831604,False,CALL,2026-09-18,GS
GS260918C01140000,1140.0,25.55,25.15,28.25,4.0,10.0,0.2995980685424804,False,CALL,2026-09-18,GS
GS260918C01145000,1145.0,23.4,23.85,27.05,14.0,172.0,0.29806457557678223,False,CALL,2026-09-18,GS
GS260918C01150000,1150.0,22.74,22.85,25.5,6.0,10.0,0.29482211532592767,False,CALL,2026-09-18,GS
GS260918C01155000,1155.0,22.45,22.4,24.75,2.0,16.0,0.2949975896453857,False,CALL,2026-09-18,GS
GS260918C01160000,1160.0,20.9,22.3,24.75,8.0,69.0,0.2985147053527832,False,CALL,2026-09-18,GS
GS260918C01165000,1165.0,22.9,20.75,23.5,8.0,8.0,0.29622590988159175,False,CALL,2026-09-18,GS
GS260918C01170000,1170.0,21.75,20.4,22.5,4.0,31.0,0.2949441844177246,False,CALL,2026-09-18,GS
GS260918C01175000,1175.0,18.45,19.35,21.75,2.0,24.0,0.29472293418884266,False,CALL,2026-09-18,GS
GS260918C01180000,1180.0,18.15,18.9,20.8,2.0,52.0,0.2934183207702636,False,CALL,2026-09-18,GS
GS260918C01185000,1185.0,26.85,18.2,20.3,13.0,52.0,0.2942193991851806,False,CALL,2026-09-18,GS
GS260918C01190000,1190.0,17.8,17.35,20.2,2.0,77.0,0.29695832443237297,False,CALL,2026-09-18,GS
GS260918C01195000,1195.0,24.73,16.9,19.25,4.0,37.0,0.2953409089660644,False,CALL,2026-09-18,GS
GS260918C01200000,1200.0,16.85,16.4,18.2,6.0,99.0,0.29304448417663564,False,CALL,2026-09-18,GS
GS260918P00655000,655.0,10.52,9.8,12.45,24.0,25.0,0.36757529403686523,False,PUT,2026-09-18,GS
GS260918P00660000,660.0,12.6,9.75,12.2,10.0,274.0,0.3594424407958984,False,PUT,2026-09-18,GS
GS260918P00665000,665.0,13.55,11.8,13.6,1.0,13.0,0.3648745153808594,False,PUT,2026-09-18,GS
GS260918P00670000,670.0,13.65,10.65,13.15,2.0,13.0,0.3552310571289062,False,PUT,2026-09-18,GS
GS260918P00675000,675.0,12.5,12.4,13.8,1.0,33.0,0.35431553894042955,False,PUT,2026-09-18,GS
GS260918P00680000,680.0,14.5,12.95,14.15,46.0,126.0,0.35095863891601553,False,PUT,2026-09-18,GS
GS260918P00685000,685.0,14.95,12.15,14.8,29.0,34.0,0.34976846527099603,False,PUT,2026-09-18,GS
GS260918P00690000,690.0,15.3,12.7,15.65,2.0,6.0,0.3498294998168945,False,PUT,2026-09-18,GS
GS260918P00695000,695.0,17.65,13.2,16.2,12.0,14.0,0.3476017388916015,False,PUT,2026-09-18,GS
GS260918P00700000,700.0,17.15,13.85,16.85,2.0,544.0,0.3459232888793945,False,PUT,2026-09-18,GS
GS260918P00705000,705.0,16.55,14.25,17.55,2.0,2.0,0.34445845977783207,False,PUT,2026-09-18,GS
GS260918P00710000,710.0,18.55,16.3,18.25,2.0,136.0,0.3428410443115234,False,PUT,2026-09-18,GS
GS260918P00715000,715.0,19.05,15.7,18.8,6.0,7.0,0.34014789497375486,False,PUT,2026-09-18,GS
GS260918P00720000,720.0,19.67,18.25,19.7,1.0,391.0,0.3395222908782959,False,PUT,2026-09-18,GS
GS260918P00725000,725.0,49.9,0.0,0.0,,1.0,0.062509375,False,PUT,2026-09-18,GS
GS260918P00730000,730.0,22.2,17.75,21.45,2.0,80.0,0.33743948699951176,False,PUT,2026-09-18,GS
GS260918P00735000,735.0,25.3,20.15,22.35,2.0,8.0,0.336295089263916,False,PUT,2026-09-18,GS
GS260918P00740000,740.0,23.3,21.6,23.1,1.0,115.0,0.33416650947570803,False,PUT,2026-09-18,GS
GS260918P00745000,745.0,25.2,20.0,23.95,2.0,10.0,0.33246517150878907,False,PUT,2026-09-18,GS
GS260918P00750000,750.0,25.2,21.0,26.1,2.0,65.0,0.33756155609130856,False,PUT,2026-09-18,GS
GS260918P00755000,755.0,23.1,22.85,26.5,2.0,48.0,0.33312892219543466,False,PUT,2026-09-18,GS
GS260918P00760000,760.0,23.43,22.65,27.0,3.0,436.0,0.329184564666748,False,PUT,2026-09-18,GS
GS260918P00765000,765.0,31.65,23.55,27.95,2.0,37.0,0.32744508010864254,False,PUT,2026-09-18,GS
GS260918P00770000,770.0,28.4,25.0,28.9,1.0,107.0,0.32557589714050283,False,PUT,2026-09-18,GS
GS260918P00775000,775.0,32.25,27.0,31.45,20.0,11.0,0.33129025650024413,False,PUT,2026-09-18,GS
GS260918P00780000,780.0,33.25,27.0,32.65,8.0,219.0,0.3302221519470215,False,PUT,2026-09-18,GS
GS260918P00785000,785.0,34.15,28.1,33.85,18.0,33.0,0.32900146102905264,False,PUT,2026-09-18,GS
GS260918P00790000,790.0,35.7,29.65,35.15,1.0,71.0,0.3280859428405762,False,PUT,2026-09-18,GS
GS260918P00795000,795.0,30.35,31.0,36.45,1.0,13.0,0.3270178382873535,False,PUT,2026-09-18,GS
GS260918P00800000,800.0,36.2,33.25,37.75,6.0,281.0,0.3258047766876221,False,PUT,2026-09-18,GS
GS260918P00805000,805.0,32.65,34.1,39.1,10.0,50.0,0.32466037895202626,False,PUT,2026-09-18,GS
GS260918P00810000,810.0,36.26,35.9,40.55,3.0,39.0,0.3237906366729736,False,PUT,2026-09-18,GS
GS260918P00815000,815.0,35.6,38.6,41.95,2.0,13.0,0.3225623164367675,False,PUT,2026-09-18,GS
GS260918P00820000,820.0,43.04,38.0,43.5,10.0,20.0,0.3218070139312744,False,PUT,2026-09-18,GS
GS260918P00825000,825.0,38.4,41.1,45.0,4.0,15.0,0.3206931334686278,False,PUT,2026-09-18,GS
GS260918P00830000,830.0,44.8,42.6,44.6,1.0,72.0,0.3117973484039306,False,PUT,2026-09-18,GS
GS260918P00835000,835.0,41.9,43.45,48.0,2.0,18.0,0.3180305014038085,False,PUT,2026-09-18,GS
GS260918P00840000,840.0,47.1,46.2,48.3,4.0,15.0,0.3117973484039306,False,PUT,2026-09-18,GS
GS260918P00845000,845.0,49.65,47.15,51.2,1.0,14.0,0.3155814902496338,False,PUT,2026-09-18,GS
GS260918P00850000,850.0,50.94,49.05,53.5,1.0,22.0,0.31681743980407706,False,PUT,2026-09-18,GS
GS260918P00855000,855.0,53.15,51.05,55.25,2.0,11.0,0.3157798525238036,False,PUT,2026-09-18,GS
GS260918P00860000,860.0,48.1,52.8,56.65,5.0,19.0,0.31329269477844235,False,PUT,2026-09-18,GS
GS260918P00865000,865.0,48.45,53.55,57.25,1.0,13.0,0.3077347364425659,False,PUT,2026-09-18,GS
GS260918P00870000,870.0,60.25,56.4,60.8,1.0,43.0,0.3129112288665771,False,PUT,2026-09-18,GS
GS260918P00875000,875.0,61.41,57.15,62.35,1.0,7.0,0.31057665748596186,False,PUT,2026-09-18,GS
GS260918P00880000,880.0,52.52,59.2,64.7,4.0,35.0,0.31099245532989495,False,PUT,2026-09-18,GS
GS260918P00885000,885.0,68.25,62.3,65.55,2.0,7.0,0.3058922560882569,False,PUT,2026-09-18,GS
GS260918P00890000,890.0,65.7,63.8,68.7,1.0,18.0,0.30885243156433106,False,PUT,2026-09-18,GS
GS260918P00895000,895.0,66.4,66.45,70.5,1.0,26.0,0.3068611795043945,False,PUT,2026-09-18,GS
GS260918P00900000,900.0,71.62,68.5,72.65,1.0,122.0,0.3059685492706299,False,PUT,2026-09-18,GS
GS260918P00905000,905.0,69.75,69.55,74.9,2.0,5.0,0.3052666519927979,False,PUT,2026-09-18,GS
GS260918P00910000,910.0,92.8,71.5,75.4,3.0,4.0,0.2983926362609863,False,PUT,2026-09-18,GS
GS260918P00915000,915.0,80.95,73.15,79.55,3.0,7.0,0.3039467799377441,False,PUT,2026-09-18,GS
GS260918P00920000,920.0,83.04,76.8,81.8,61.0,39.0,0.30281001152038567,False,PUT,2026-09-18,GS
GS260918P00925000,925.0,78.15,79.05,84.0,3.0,156.0,0.30136425571441655,False,PUT,2026-09-18,GS
GS260918P00930000,930.0,82.8,80.9,86.55,1.0,3.0,0.3009637165069581,False,PUT,2026-09-18,GS
GS260918P00935000,935.0,87.1,82.35,89.0,1.0,7.0,0.30007108627319334,False,PUT,2026-09-18,GS
GS260918P00940000,940.0,94.0,86.0,91.9,1.0,19.0,0.30055936264038086,True,PUT,2026-09-18,GS
GS260918P00950000,950.0,89.68,90.0,96.95,1.0,15.0,0.298560481262207,True,PUT,2026-09-18,GS
GS260918P00955000,955.0,96.0,93.0,99.65,1.0,1.0,0.297934877166748,True,PUT,2026-09-18,GS
GS260918P00960000,960.0,88.02,95.05,102.0,2.0,12.0,0.29599703033447267,True,PUT,2026-09-18,GS
GS260918P00965000,965.0,172.71,0.0,0.0,,1.0,1.0000000000000003e-05,True,PUT,2026-09-18,GS
GS260918P00970000,970.0,91.6,100.6,107.0,2.0,3.0,0.2926859062194824,True,PUT,2026-09-18,GS
GS260918P00975000,975.0,95.9,103.15,109.8,3.0,13.0,0.2918237932586668,True,PUT,2026-09-18,GS
GS260918P00980000,980.0,112.55,106.1,112.0,5.0,28.0,0.2888025832366943,True,PUT,2026-09-18,GS
GS260918P00990000,990.0,108.9,111.95,117.25,2.0,2.0,0.28515576911926266,True,PUT,2026-09-18,GS
GS260918P00995000,995.0,110.55,114.95,121.45,1.0,2.0,0.2884592639160155,True,PUT,2026-09-18,GS
GS260918P01000000,1000.0,113.9,117.95,124.6,1.0,5.0,0.2880625393676757,True,PUT,2026-09-18,GS
GS260918P01005000,1005.0,117.8,121.1,128.0,4.0,5.0,0.28838297073364244,True,PUT,2026-09-18,GS
GS260918P01010000,1010.0,119.3,124.3,130.2,1.0,2.0,0.28445387184143056,True,PUT,2026-09-18,GS
GS260918P01015000,1015.0,185.2,127.6,132.1,1.0,1.0,0.2792964527130126,True,PUT,2026-09-18,GS
GS260918P01020000,1020.0,129.15,130.15,135.8,2.0,1.0,0.28021578556060783,True,PUT,2026-09-18,GS
GS260918P01025000,1025.0,122.65,133.45,139.0,2.0,3.0,0.27925830612182617,True,PUT,2026-09-18,GS
GS260918P01030000,1030.0,125.5,136.85,143.2,,1.0,0.28167680000305173,True,PUT,2026-09-18,GS
GS260918P01035000,1035.0,147.2,141.0,146.95,2.0,1.0,0.2824015852355957,True,PUT,2026-09-18,GS
GS260918P01040000,1040.0,131.85,144.1,150.1,,7.0,0.2808604629516601,True,PUT,2026-09-18,GS
GS260918P01045000,1045.0,134.65,146.65,153.85,,2.0,0.281333480682373,True,PUT,2026-09-18,GS
GS260918P01050000,1050.0,182.99,150.0,156.8,,1.0,0.27877002975463866,True,PUT,2026-09-18,GS
GS260918P01080000,1080.0,290.34,167.85,173.6,,1.0,0.25563030754089355,True,PUT,2026-09-18,GS
GS260918P01120000,1120.0,186.0,202.45,209.05,,0.0,0.26847807945251456,True,PUT,2026-09-18,GS
GS260918P01125000,1125.0,340.7,198.75,206.0,1.0,1.0,0.2346878289794922,True,PUT,2026-09-18,GS
GS260918P01155000,1155.0,216.9,232.0,237.85,1.0,1.0,0.26454135124206535,True,PUT,2026-09-18,GS
GS260918P01160000,1160.0,220.4,235.2,242.15,1.0,1.0,0.2643582476043701,True,PUT,2026-09-18,GS
GS260918P01180000,1180.0,386.69,243.8,250.9,,0.0,0.20766478378295894,True,PUT,2026-09-18,GS
GS260918P01200000,1200.0,279.7,270.2,276.75,2.0,0.0,0.2593839321136475,True,PUT,2026-09-18,GS
GS261218C00660000,660.0,297.75,296.0,304.0,2.0,54.0,0.4025252008819581,True,CALL,2026-12-18,GS
GS261218C00670000,670.0,237.15,288.0,295.0,1.0,12.0,0.39548334014892583,True,CALL,2026-12-18,GS
GS261218C00680000,680.0,318.19,280.0,286.5,3.0,41.0,0.39079130943298335,True,CALL,2026-12-18,GS
GS261218C00690000,690.0,299.1,272.0,279.3,1.0,5.0,0.39202725898742674,True,CALL,2026-12-18,GS
GS261218C00700000,700.0,292.01,264.0,270.5,1.0,182.0,0.3852676830291747,True,CALL,2026-12-18,GS
GS261218C00710000,710.0,244.6,256.0,262.35,2.0,72.0,0.38126229095458974,True,CALL,2026-12-18,GS
GS261218C00720000,720.0,248.55,248.0,254.5,3.0,600.0,0.3782563395690917,True,CALL,2026-12-18,GS
GS261218C00730000,730.0,279.57,240.0,247.5,9.0,17.0,0.3784394432067871,True,CALL,2026-12-18,GS
GS261218C00740000,740.0,269.47,232.0,237.45,1.0,305.0,0.3656755937957763,True,CALL,2026-12-18,GS
GS261218C00750000,750.0,266.2,225.0,231.15,2.0,12.0,0.3679415013122559,True,CALL,2026-12-18,GS
GS261218C00760000,760.0,181.5,217.0,223.0,2.0,262.0,0.3624407628631592,True,CALL,2026-12-18,GS
GS261218C00770000,770.0,211.73,210.0,217.55,1.0,37.0,0.3668199915313721,True,CALL,2026-12-18,GS
GS261218C00780000,780.0,243.25,203.0,208.3,2.0,210.0,0.35661196372985837,True,CALL,2026-12-18,GS
GS261218C00790000,790.0,232.55,196.0,201.45,24.0,567.0,0.3549487723541259,True,CALL,2026-12-18,GS
GS261218C00795000,795.0,177.13,192.3,199.5,1.0,6.0,0.3591448973846435,True,CALL,2026-12-18,GS
GS261218C00800000,800.0,192.0,189.0,195.0,2.0,423.0,0.35425450439453116,True,CALL,2026-12-18,GS
GS261218C00805000,805.0,214.4,185.0,192.45,3.0,18.0,0.3560626528167724,True,CALL,2026-12-18,GS
GS261218C00810000,810.0,202.0,182.0,188.2,2.0,153.0,0.3519237476730346,True,CALL,2026-12-18,GS
GS261218C00815000,815.0,176.69,178.0,184.95,2.0,41.0,0.35111885459899894,True,CALL,2026-12-18,GS
GS261218C00820000,820.0,173.33,175.0,182.15,73.0,197.0,0.3517139414215088,True,CALL,2026-12-18,GS
GS261218C00825000,825.0,139.8,172.0,178.85,1.0,15.0,0.3505237677764892,True,CALL,2026-12-18,GS
GS261218C00830000,830.0,138.05,168.0,177.0,2.0,269.0,0.3539836635971068,True,CALL,2026-12-18,GS
GS261218C00835000,835.0,137.73,166.25,172.0,2.0,223.0,0.3470638719558715,True,CALL,2026-12-18,GS
GS261218C00840000,840.0,157.43,162.0,168.35,2.0,189.0,0.3444813477325439,True,CALL,2026-12-18,GS
GS261218C00845000,845.0,152.5,159.0,167.25,2.0,128.0,0.3499515689086914,True,CALL,2026-12-18,GS
GS261218C00850000,850.0,159.75,156.0,161.9,7.0,508.0,0.34179964237213134,True,CALL,2026-12-18,GS
GS261218C00855000,855.0,154.4,154.25,159.0,4.0,69.0,0.34133806861877447,True,CALL,2026-12-18,GS
GS261218C00860000,860.0,166.96,150.0,157.0,2.0,268.0,0.3435734588623046,True,CALL,2026-12-18,GS
GS261218C00865000,865.0,120.54,147.0,154.0,2.0,13.0,0.34257783283233634,True,CALL,2026-12-18,GS
GS261218C00870000,870.0,168.05,144.0,150.3,1.0,398.0,0.3393391872406005,True,CALL,2026-12-18,GS
GS261218C00875000,875.0,176.0,141.0,148.0,6.0,17.0,0.340300481338501,True,CALL,2026-12-18,GS
GS261218C00880000,880.0,167.57,139.25,144.45,7.0,268.0,0.3373631938171387,True,CALL,2026-12-18,GS
GS261218C00885000,885.0,144.5,136.25,142.75,2.0,20.0,0.3399152007675171,True,CALL,2026-12-18,GS
GS261218C00890000,890.0,131.45,133.0,138.6,2.0,117.0,0.3350057344818115,True,CALL,2026-12-18,GS
GS261218C00895000,895.0,131.71,130.0,135.7,2.0,76.0,0.33376215560913086,True,CALL,2026-12-18,GS
GS261218C00900000,900.0,122.22,127.0,132.05,4.0,192.0,0.33021452262878415,True,CALL,2026-12-18,GS
GS261218C00905000,905.0,120.84,124.25,130.6,2.0,37.0,0.3330678876495362,True,CALL,2026-12-18,GS
GS261218C00910000,910.0,120.95,122.0,127.8,2.0,40.0,0.3318357527542114,True,CALL,2026-12-18,GS
GS261218C00915000,915.0,117.52,119.0,124.6,6.0,24.0,0.32934478034973136,True,CALL,2026-12-18,GS
GS261218C00920000,920.0,115.4,118.7,123.8,2.0,263.0,0.3337545262908935,True,CALL,2026-12-18,GS
GS261218C00925000,925.0,110.28,114.0,120.5,9.0,56.0,0.3307829068374634,True,CALL,2026-12-18,GS
GS261218C00930000,930.0,123.4,111.0,117.6,2.0,84.0,0.3288908359146117,True,CALL,2026-12-18,GS
GS261218C00935000,935.0,129.6,109.0,114.15,2.0,4.0,0.3253279442977905,True,CALL,2026-12-18,GS
GS261218C00940000,940.0,113.25,109.0,111.5,1.0,381.0,0.32398136962890617,False,CALL,2026-12-18,GS
GS261218C00945000,945.0,105.2,104.0,112.0,2.0,15.0,0.33157254127502445,False,CALL,2026-12-18,GS
GS261218C00950000,950.0,98.0,102.25,108.65,4.0,154.0,0.32802490829467773,False,CALL,2026-12-18,GS
GS261218C00955000,955.0,122.05,99.0,105.0,2.0,22.0,0.3235350545120238,False,CALL,2026-12-18,GS
GS261218C00960000,960.0,98.6,97.0,103.5,1.0,740.0,0.32509525009155266,False,CALL,2026-12-18,GS
GS261218C00965000,965.0,92.51,95.0,101.55,1.0,13.0,0.325278353729248,False,CALL,2026-12-18,GS
GS261218C00970000,970.0,94.35,93.0,98.0,2.0,112.0,0.32081520256042473,False,CALL,2026-12-18,GS
GS261218C00975000,975.0,112.1,90.25,95.8,4.0,10.0,0.3201018613052367,False,CALL,2026-12-18,GS
GS261218C00980000,980.0,85.0,88.9,93.9,2.0,330.0,0.3201514518737792,False,CALL,2026-12-18,GS
GS261218C00985000,985.0,72.99,86.0,92.0,1.0,7.0,0.32010567596435535,False,CALL,2026-12-18,GS
GS261218C00990000,990.0,88.86,84.0,90.0,1.0,14.0,0.31968987812042227,False,CALL,2026-12-18,GS
GS261218C00995000,995.0,102.93,82.0,88.0,1.0,2.0,0.3191825284576415,False,CALL,2026-12-18,GS
GS261218C01000000,1000.0,80.0,80.0,86.0,1.0,367.0,0.3185798123168945,False,CALL,2026-12-18,GS
GS261218C01005000,1005.0,99.8,78.0,84.7,3.0,7.0,0.3198920550537109,False,CALL,2026-12-18,GS
GS261218C01010000,1010.0,77.75,76.0,82.0,6.0,18.0,0.31711498321533205,False,CALL,2026-12-18,GS
GS261218C01015000,1015.0,75.95,74.0,80.0,2.0,40.0,0.3162452409362792,False,CALL,2026-12-18,GS
GS261218C01020000,1020.0,72.85,72.0,78.0,2.0,119.0,0.3152839468383788,False,CALL,2026-12-18,GS
GS261218C01025000,1025.0,71.2,71.0,77.0,6.0,11.0,0.31711498321533205,False,CALL,2026-12-18,GS
GS261218C01030000,1030.0,69.05,69.6,75.0,3.0,63.0,0.3159782147979736,False,CALL,2026-12-18,GS
GS261218C01035000,1035.0,78.5,67.0,73.85,3.0,8.0,0.3172179790115356,False,CALL,2026-12-18,GS
GS261218C01040000,1040.0,63.0,66.7,70.5,2.0,275.0,0.3119880813598632,False,CALL,2026-12-18,GS
GS261218C01045000,1045.0,82.35,64.0,70.0,6.0,206.0,0.3149482568359374,False,CALL,2026-12-18,GS
GS261218C01050000,1050.0,80.0,62.0,68.45,1.0,44.0,0.31477659717559814,False,CALL,2026-12-18,GS
GS261218C01055000,1055.0,77.97,60.3,67.0,16.0,100.0,0.3148147437667846,False,CALL,2026-12-18,GS
GS261218C01060000,1060.0,59.4,61.75,63.85,2.0,248.0,0.30974506179809574,False,CALL,2026-12-18,GS
GS261218C01065000,1065.0,82.7,57.65,64.0,2.0,57.0,0.3143531700134277,False,CALL,2026-12-18,GS
GS261218C01070000,1070.0,59.75,56.25,63.0,10.0,121.0,0.3154899384307861,False,CALL,2026-12-18,GS
GS261218C01075000,1075.0,58.42,54.35,61.0,10.0,33.0,0.3135673502349854,False,CALL,2026-12-18,GS
GS261218C01080000,1080.0,54.65,53.7,59.75,2.0,84.0,0.3138000444412231,False,CALL,2026-12-18,GS
GS261218C01085000,1085.0,62.95,51.3,58.0,2.0,15.0,0.3124458404541015,False,CALL,2026-12-18,GS
GS261218C01090000,1090.0,57.2,50.7,56.35,3.0,93.0,0.3113014427185058,False,CALL,2026-12-18,GS
GS261218C01095000,1095.0,68.81,49.55,55.75,2.0,26.0,0.31329269477844235,False,CALL,2026-12-18,GS
GS261218C01100000,1100.0,49.25,48.9,52.5,52.0,120.0,0.3070366538238525,False,CALL,2026-12-18,GS
GS261218C01105000,1105.0,47.8,46.0,53.0,10.0,23.0,0.31230088340759266,False,CALL,2026-12-18,GS
GS261218C01110000,1110.0,49.09,45.0,52.0,6.0,18.0,0.3128540089797973,False,CALL,2026-12-18,GS
GS261218C01115000,1115.0,39.85,44.5,51.0,1.0,7.0,0.31334228534698483,False,CALL,2026-12-18,GS
GS261218C01120000,1120.0,44.43,43.9,47.4,4.0,76.0,0.30550316085815427,False,CALL,2026-12-18,GS
GS261218C01125000,1125.0,36.45,42.05,49.0,1.0,15.0,0.3141204758071899,False,CALL,2026-12-18,GS
GS261218C01130000,1130.0,42.3,40.95,48.0,2.0,6.0,0.31440657524108884,False,CALL,2026-12-18,GS
GS261218C01135000,1135.0,48.55,39.0,44.75,8.0,10.0,0.3073341972351074,False,CALL,2026-12-18,GS
GS261218C01140000,1140.0,50.1,40.8,42.9,4.0,10.0,0.30463341857910153,False,CALL,2026-12-18,GS
GS261218C01145000,1145.0,32.95,37.35,44.0,1.0,33.0,0.3115913568115234,False,CALL,2026-12-18,GS
GS261218C01150000,1150.0,37.85,36.05,43.0,2.0,30.0,0.3115837274932861,False,CALL,2026-12-18,GS
GS261218C01155000,1155.0,35.3,35.0,42.0,2.0,32.0,0.3115150636291503,False,CALL,2026-12-18,GS
GS261218C01160000,1160.0,35.51,36.8,38.75,2.0,63.0,0.30371790039062496,False,CALL,2026-12-18,GS
GS261218C01165000,1165.0,42.13,34.15,38.3,8.0,61.0,0.30532768653869635,False,CALL,2026-12-18,GS
GS261218C01170000,1170.0,33.7,32.0,40.0,2.0,78.0,0.3142997647857666,False,CALL,2026-12-18,GS
GS261218C01175000,1175.0,35.05,32.6,38.85,6.0,22.0,0.31346053977966304,False,CALL,2026-12-18,GS
GS261218C01180000,1180.0,44.26,33.0,35.45,7.0,110.0,0.3046105306243896,False,CALL,2026-12-18,GS
GS261218C01185000,1185.0,31.48,30.5,37.0,4.0,17.0,0.3131095911407471,False,CALL,2026-12-18,GS
GS261218C01190000,1190.0,36.65,28.05,35.5,2.0,52.0,0.31079027839660645,False,CALL,2026-12-18,GS
GS261218C01195000,1195.0,40.4,28.5,33.75,4.0,42.0,0.3074333783721923,False,CALL,2026-12-18,GS
GS261218C01200000,1200.0,28.65,29.65,32.1,2.0,317.0,0.30428246994018554,False,CALL,2026-12-18,GS
GS261218P00660000,660.0,18.5,16.35,20.1,1.0,68.0,0.3557040748596191,False,PUT,2026-12-18,GS
GS261218P00670000,670.0,22.85,18.05,22.7,2.0,25.0,0.35918304397583006,False,PUT,2026-12-18,GS
GS261218P00680000,680.0,22.16,18.25,24.0,1.0,54.0,0.35477329803466784,False,PUT,2026-12-18,GS
GS261218P00690000,690.0,24.0,20.75,27.3,2.0,52.0,0.36022063125610343,False,PUT,2026-12-18,GS
GS261218P00700000,700.0,25.55,22.55,26.8,2.0,455.0,0.3460835045623779,False,PUT,2026-12-18,GS
GS261218P00710000,710.0,26.6,23.0,28.9,2.0,19.0,0.34463393409729004,False,PUT,2026-12-18,GS
GS261218P00720000,720.0,25.77,24.0,30.75,1.0,478.0,0.3415440602111816,False,PUT,2026-12-18,GS
GS261218P00730000,730.0,31.25,26.0,32.0,8.0,41.0,0.33541008834838865,False,PUT,2026-12-18,GS
GS261218P00740000,740.0,30.1,29.0,34.65,2.0,78.0,0.3350896569824219,False,PUT,2026-12-18,GS
GS261218P00750000,750.0,33.75,31.0,36.5,10.0,116.0,0.3309011612701416,False,PUT,2026-12-18,GS
GS261218P00760000,760.0,36.1,33.0,39.2,10.0,354.0,0.32981016876220703,False,PUT,2026-12-18,GS
GS261218P00770000,770.0,41.98,37.35,41.7,22.0,119.0,0.3274374507904052,False,PUT,2026-12-18,GS
GS261218P00780000,780.0,40.57,39.6,45.75,2.0,52.0,0.33045866081237785,False,PUT,2026-12-18,GS
GS261218P00790000,790.0,45.52,42.35,48.65,20.0,128.0,0.3285818485260009,False,PUT,2026-12-18,GS
GS261218P00795000,795.0,48.7,44.25,50.6,16.0,26.0,0.32926848716735835,False,PUT,2026-12-18,GS
GS261218P00800000,800.0,49.46,44.0,50.75,10.0,89.0,0.32343205871582026,False,PUT,2026-12-18,GS
GS261218P00805000,805.0,50.24,46.0,51.85,1.0,10.0,0.32092964233398436,False,PUT,2026-12-18,GS
GS261218P00810000,810.0,52.0,47.0,54.35,1.0,27.0,0.32320317916870106,False,PUT,2026-12-18,GS
GS261218P00815000,815.0,48.75,49.0,55.75,2.0,2.0,0.3215247291564941,False,PUT,2026-12-18,GS
GS261218P00820000,820.0,56.5,52.5,56.55,13.0,16.0,0.31773295799255363,False,PUT,2026-12-18,GS
GS261218P00825000,825.0,58.45,52.0,58.2,2.0,3.0,0.3167335173034667,False,PUT,2026-12-18,GS
GS261218P00830000,830.0,61.28,54.0,60.45,6.0,68.0,0.3176185182189941,False,PUT,2026-12-18,GS
GS261218P00835000,835.0,54.8,56.25,61.25,12.0,14.0,0.3136054968261719,False,PUT,2026-12-18,GS
GS261218P00840000,840.0,59.0,57.0,63.15,12.0,98.0,0.3131095911407471,False,PUT,2026-12-18,GS
GS261218P00845000,845.0,59.45,60.25,65.85,2.0,18.0,0.3150703259277343,False,PUT,2026-12-18,GS
GS261218P00850000,850.0,65.2,61.05,67.6,63.0,83.0,0.3138496350097656,False,PUT,2026-12-18,GS
GS261218P00855000,855.0,61.45,64.25,70.0,2.0,13.0,0.31457823490142817,False,PUT,2026-12-18,GS
GS261218P00860000,860.0,64.82,65.75,70.4,1.0,63.0,0.30892109542846674,False,PUT,2026-12-18,GS
GS261218P00865000,865.0,72.1,67.0,73.95,10.0,7.0,0.3129989660263061,False,PUT,2026-12-18,GS
GS261218P00870000,870.0,75.85,69.0,75.85,4.0,58.0,0.3118202363586425,False,PUT,2026-12-18,GS
GS261218P00875000,875.0,74.2,71.0,77.0,2.0,24.0,0.308249715423584,False,PUT,2026-12-18,GS
GS261218P00880000,880.0,77.84,73.0,79.0,1.0,17.0,0.3071892401885986,False,PUT,2026-12-18,GS
GS261218P00885000,885.0,89.6,75.45,81.45,5.0,7.0,0.3073799731445312,False,PUT,2026-12-18,GS
GS261218P00890000,890.0,80.55,77.0,84.0,1.0,8.0,0.3077499950790405,False,PUT,2026-12-18,GS
GS261218P00895000,895.0,82.5,79.0,84.3,2.0,8.0,0.301314665145874,False,PUT,2026-12-18,GS
GS261218P00900000,900.0,84.1,83.05,88.0,2.0,266.0,0.3048851860809326,False,PUT,2026-12-18,GS
GS261218P00905000,905.0,77.5,84.0,90.0,2.0,1.0,0.3033059172058105,False,PUT,2026-12-18,GS
GS261218P00910000,910.0,93.24,86.0,91.2,3.0,15.0,0.29928526649475096,False,PUT,2026-12-18,GS
GS261218P00915000,915.0,95.44,89.25,94.05,1.0,5.0,0.3000024224090576,False,PUT,2026-12-18,GS
GS261218P00920000,920.0,92.42,91.1,97.0,1.0,10.0,0.30088742332458496,False,PUT,2026-12-18,GS
GS261218P00925000,925.0,94.64,93.8,97.65,16.0,91.0,0.29500903362274167,False,PUT,2026-12-18,GS
GS261218P00930000,930.0,100.07,95.0,102.0,2.0,8.0,0.2997201376342773,False,PUT,2026-12-18,GS
GS261218P00935000,935.0,93.55,98.0,104.0,4.0,11.0,0.2975419672775268,False,PUT,2026-12-18,GS
GS261218P00940000,940.0,106.0,101.0,107.0,10.0,3.0,0.29813323944091785,True,PUT,2026-12-18,GS
GS261218P00945000,945.0,111.2,103.0,110.0,3.0,14.0,0.2986138864898681,True,PUT,2026-12-18,GS
GS261218P00950000,950.0,113.95,106.0,112.0,3.0,10.0,0.29613435806274413,True,PUT,2026-12-18,GS
GS261218P00955000,955.0,99.1,108.5,114.0,21.0,15.0,0.29355946315765374,True,PUT,2026-12-18,GS
GS261218P00960000,960.0,113.28,111.0,116.0,2.0,10.0,0.29088538711547846,True,PUT,2026-12-18,GS
GS261218P00965000,965.0,121.43,112.1,120.0,2.0,6.0,0.2937997866821288,True,PUT,2026-12-18,GS
GS261218P00970000,970.0,106.35,116.4,122.0,2.0,21.0,0.2909197190475463,True,PUT,2026-12-18,GS
GS261218P00975000,975.0,109.1,117.5,125.0,4.0,9.0,0.2907823913192748,True,PUT,2026-12-18,GS
GS261218P00980000,980.0,131.05,122.0,128.0,5.0,17.0,0.29054206779479974,True,PUT,2026-12-18,GS
GS261218P00985000,985.0,114.15,123.05,131.0,1.0,4.0,0.2901987484741211,True,PUT,2026-12-18,GS
GS261218P00990000,990.0,116.75,125.85,134.0,,1.0,0.28976006267547605,True,PUT,2026-12-18,GS
GS261218P00995000,995.0,135.75,128.1,136.0,2.0,2.0,0.2863612014007568,True,PUT,2026-12-18,GS
GS261218P01000000,1000.0,136.7,131.6,140.0,1.0,25.0,0.28857370368957513,True,PUT,2026-12-18,GS
GS261218P01005000,1005.0,208.89,134.0,141.0,,1.0,0.2820925978469848,True,PUT,2026-12-18,GS
GS261218P01015000,1015.0,163.46,141.1,149.0,2.0,1.0,0.28604077003479,True,PUT,2026-12-18,GS
GS261218P01020000,1020.0,170.32,144.45,151.0,2.0,9.0,0.2821002271652221,True,PUT,2026-12-18,GS
GS261218P01025000,1025.0,149.2,147.05,154.0,,1.0,0.2809367561340332,True,PUT,2026-12-18,GS
GS261218P01030000,1030.0,228.25,0.0,0.0,,1.0,1.0000000000000003e-05,True,PUT,2026-12-18,GS
GS261218P01035000,1035.0,220.5,152.0,0.0,,1.0,1.0000000000000003e-05,True,PUT,2026-12-18,GS
GS261218P01040000,1040.0,174.35,157.15,165.0,4.0,3.0,0.2827143872833252,True,PUT,2026-12-18,GS
GS261218P01045000,1045.0,216.55,161.0,168.0,1.0,1.0,0.2811541917037963,True,PUT,2026-12-18,GS
GS261218P01050000,1050.0,182.11,164.05,170.0,2.0,2.0,0.2765041222381591,True,PUT,2026-12-18,GS
GS261218P01055000,1055.0,197.0,166.8,174.0,2.0,2.0,0.2777057398605346,True,PUT,2026-12-18,GS
GS261218P01060000,1060.0,207.08,171.0,176.75,2.0,3.0,0.27505455177307125,True,PUT,2026-12-18,GS
GS261218P01065000,1065.0,196.45,174.0,181.0,2.0,1.0,0.2768398122406005,True,PUT,2026-12-18,GS
GS261218P01075000,1075.0,212.55,181.0,187.0,,0.0,0.2724911008453369,True,PUT,2026-12-18,GS
GS261218P01080000,1080.0,216.5,185.0,192.0,,0.0,0.27636679450988766,True,PUT,2026-12-18,GS
GS261218P01095000,1095.0,219.0,195.95,202.0,,1.0,0.2718731260681152,True,PUT,2026-12-18,GS
GS261218P01100000,1100.0,177.6,197.0,205.0,2.0,3.0,0.26905790763854975,True,PUT,2026-12-18,GS
GS261218P01110000,1110.0,197.35,205.0,213.0,,1.0,0.2696072185516357,True,PUT,2026-12-18,GS
GS261218P01115000,1115.0,215.0,209.0,216.0,1.0,1.0,0.2664181635284424,True,PUT,2026-12-18,GS
GS261218P01120000,1120.0,191.3,213.0,221.0,2.0,1.0,0.26983609809875486,True,PUT,2026-12-18,GS
GS261218P01150000,1150.0,378.05,0.0,237.0,,1.0,0.23843382423400875,True,PUT,2026-12-18,GS
GS261218P01160000,1160.0,250.41,245.0,251.0,4.0,3.0,0.25984932052612303,True,PUT,2026-12-18,GS
GS261218P01180000,1180.0,308.43,261.0,268.0,,2.0,0.25986457916259764,True,PUT,2026-12-18,GS
GS261218P01185000,1185.0,292.61,265.0,273.0,,1.0,0.26269505622863776,True,PUT,2026-12-18,GS
GS261218P01190000,1190.0,255.65,269.0,276.0,,0.0,0.2573163868713379,True,PUT,2026-12-18,GS
GS261218P01200000,1200.0,258.0,278.0,285.0,1.0,2.0,0.2585599657440186,True,PUT,2026-12-18,GS
GS270115C00660000,660.0,297.0,298.0,305.5,1.0,359.0,0.3936828210449219,True,CALL,2027-01-15,GS
GS270115C00670000,670.0,313.75,290.0,297.3,1.0,10.0,0.390554800567627,True,CALL,2027-01-15,GS
GS270115C00680000,680.0,316.45,282.0,290.0,1.0,109.0,0.39124906852722163,True,CALL,2027-01-15,GS
GS270115C00690000,690.0,258.7,274.0,282.0,6.0,34.0,0.388227858505249,True,CALL,2027-01-15,GS
GS270115C00700000,700.0,277.41,266.0,272.65,1.0,340.0,0.3790269007110596,True,CALL,2027-01-15,GS
GS270115C00710000,710.0,258.48,258.0,265.7,1.0,74.0,0.37994241889953617,True,CALL,2027-01-15,GS
GS270115C00720000,720.0,290.72,250.0,257.5,57.0,380.0,0.37520461227416996,True,CALL,2027-01-15,GS
GS270115C00730000,730.0,283.9,243.0,250.4,42.0,94.0,0.37457137886047365,True,CALL,2027-01-15,GS
GS270115C00740000,740.0,235.5,235.0,241.85,1.0,477.0,0.36791098403930667,True,CALL,2027-01-15,GS
GS270115C00750000,750.0,220.4,227.0,235.25,2.0,13.0,0.3684145190429688,True,CALL,2027-01-15,GS
GS270115C00760000,760.0,247.01,220.0,227.15,2.0,262.0,0.36294429786682136,True,CALL,2027-01-15,GS
GS270115C00770000,770.0,245.85,213.0,219.3,1.0,82.0,0.3581569006729126,True,CALL,2027-01-15,GS
GS270115C00780000,780.0,199.76,206.0,212.5,5.0,189.0,0.35677980873107906,True,CALL,2027-01-15,GS
GS270115C00790000,790.0,192.15,199.0,205.4,11.0,489.0,0.3539798489379882,True,CALL,2027-01-15,GS
GS270115C00795000,795.0,210.4,195.0,202.05,1.0,7.0,0.35312536529541017,True,CALL,2027-01-15,GS
GS270115C00800000,800.0,185.3,192.0,198.1,7.0,267.0,0.3501880777740478,True,CALL,2027-01-15,GS
GS270115C00805000,805.0,155.85,189.0,194.45,2.0,16.0,0.3481815670776367,True,CALL,2027-01-15,GS
GS270115C00810000,810.0,221.04,186.0,191.35,20.0,123.0,0.3478916529846191,True,CALL,2027-01-15,GS
GS270115C00815000,815.0,176.96,182.0,189.05,1.0,25.0,0.3500736380004882,True,CALL,2027-01-15,GS
GS270115C00820000,820.0,173.32,179.0,186.0,9.0,71.0,0.3497074307250976,True,CALL,2027-01-15,GS
GS270115C00825000,825.0,175.07,176.0,182.0,1.0,6.0,0.34624372024536126,True,CALL,2027-01-15,GS
GS270115C00830000,830.0,165.78,173.0,178.8,5.0,333.0,0.3452366502380371,True,CALL,2027-01-15,GS
GS270115C00835000,835.0,207.0,169.0,176.15,1.0,6.0,0.34584699569702143,True,CALL,2027-01-15,GS
GS270115C00840000,840.0,160.98,166.0,172.5,2.0,83.0,0.3432606568145752,True,CALL,2027-01-15,GS
GS270115C00845000,845.0,165.1,163.0,169.3,1.0,103.0,0.3419865606689453,True,CALL,2027-01-15,GS
GS270115C00850000,850.0,188.85,160.0,165.65,8.0,218.0,0.3392705233764648,True,CALL,2027-01-15,GS
GS270115C00855000,855.0,130.1,157.0,163.0,4.0,40.0,0.339487958946228,True,CALL,2027-01-15,GS
GS270115C00860000,860.0,178.0,154.0,162.85,1.0,203.0,0.34704479866027826,True,CALL,2027-01-15,GS
GS270115C00865000,865.0,160.1,151.0,157.9,2.0,7.0,0.340201300201416,True,CALL,2027-01-15,GS
GS270115C00870000,870.0,146.66,148.25,156.0,1.0,238.0,0.34230699203491205,True,CALL,2027-01-15,GS
GS270115C00875000,875.0,160.32,146.0,154.0,2.0,6.0,0.3439930713653564,True,CALL,2027-01-15,GS
GS270115C00880000,880.0,154.65,142.0,150.0,4.0,221.0,0.33976261440277095,True,CALL,2027-01-15,GS
GS270115C00885000,885.0,148.5,140.0,145.6,2.0,35.0,0.33432672515869144,True,CALL,2027-01-15,GS
GS270115C00890000,890.0,138.35,137.05,143.2,3.0,101.0,0.3345937512969971,True,CALL,2027-01-15,GS
GS270115C00895000,895.0,136.25,134.0,140.5,1.0,37.0,0.3338994833374024,True,CALL,2027-01-15,GS
GS270115C00900000,900.0,127.62,131.0,137.55,2.0,756.0,0.33240795162200926,True,CALL,2027-01-15,GS
GS270115C00905000,905.0,147.8,129.0,135.4,11.0,27.0,0.33309840492248544,True,CALL,2027-01-15,GS
GS270115C00910000,910.0,126.5,126.0,132.8,1.0,120.0,0.33241939559936523,True,CALL,2027-01-15,GS
GS270115C00915000,915.0,124.21,124.0,129.0,2.0,98.0,0.3282919344329833,True,CALL,2027-01-15,GS
GS270115C00920000,920.0,129.64,121.0,126.3,1.0,100.0,0.3271704246520996,True,CALL,2027-01-15,GS
GS270115C00925000,925.0,119.5,118.0,124.25,1.0,57.0,0.3277731407928467,True,CALL,2027-01-15,GS
GS270115C00930000,930.0,119.0,116.25,122.5,2.0,188.0,0.3291120861434936,True,CALL,2027-01-15,GS
GS270115C00935000,935.0,113.35,113.0,120.5,2.0,37.0,0.3296575823974609,True,CALL,2027-01-15,GS
GS270115C00940000,940.0,112.0,111.0,117.0,1.0,434.0,0.32598025100708,False,CALL,2027-01-15,GS
GS270115C00945000,945.0,107.52,109.0,114.05,3.0,31.0,0.32374104610443105,False,CALL,2027-01-15,GS
GS270115C00950000,950.0,120.0,106.0,112.0,10.0,241.0,0.32388981781005854,False,CALL,2027-01-15,GS
GS270115C00955000,955.0,128.0,104.0,110.45,5.0,55.0,0.32532412963867186,False,CALL,2027-01-15,GS
GS270115C00960000,960.0,99.95,102.0,108.5,2.0,754.0,0.3255720824813842,False,CALL,2027-01-15,GS
GS270115C00965000,965.0,124.18,100.0,105.0,6.0,18.0,0.32149421188354493,False,CALL,2027-01-15,GS
GS270115C00970000,970.0,105.59,97.05,102.7,1.0,467.0,0.3206168402862548,False,CALL,2027-01-15,GS
GS270115C00975000,975.0,95.1,95.0,101.0,2.0,70.0,0.3212920349502563,False,CALL,2027-01-15,GS
GS270115C00980000,980.0,95.7,94.05,98.9,1.0,732.0,0.3207884999465942,False,CALL,2027-01-15,GS
GS270115C00985000,985.0,105.37,91.0,97.0,5.0,24.0,0.32075035335540764,False,CALL,2027-01-15,GS
GS270115C00990000,990.0,105.6,89.0,95.0,3.0,103.0,0.3203536288070678,False,CALL,2027-01-15,GS
GS270115C00995000,995.0,110.86,87.0,92.45,3.0,94.0,0.3183738207244873,False,CALL,2027-01-15,GS
GS270115C01000000,1000.0,92.61,85.0,91.0,2.0,544.0,0.3193122268676757,False,CALL,2027-01-15,GS
GS270115C01005000,1005.0,103.75,83.0,89.0,1.0,186.0,0.3186675494766235,False,CALL,2027-01-15,GS
GS270115C01010000,1010.0,82.4,81.0,87.05,1.0,47.0,0.31807627731323235,False,CALL,2027-01-15,GS
GS270115C01015000,1015.0,81.75,79.0,85.0,3.0,107.0,0.3171302418518066,False,CALL,2027-01-15,GS
GS270115C01020000,1020.0,78.55,77.0,83.45,6.0,96.0,0.31748119049072265,False,CALL,2027-01-15,GS
GS270115C01025000,1025.0,74.0,77.25,81.35,2.0,6.0,0.31623379695892323,False,CALL,2027-01-15,GS
GS270115C01030000,1030.0,72.34,74.0,80.0,5.0,18.0,0.3169738408279419,False,CALL,2027-01-15,GS
GS270115C01035000,1035.0,71.15,72.0,78.0,6.0,22.0,0.31584088706970204,False,CALL,2027-01-15,GS
GS270115C01040000,1040.0,70.45,70.1,76.9,3.0,213.0,0.31712642719268797,False,CALL,2027-01-15,GS
GS270115C01045000,1045.0,68.8,69.0,74.6,12.0,111.0,0.3150016620635986,False,CALL,2027-01-15,GS
GS270115C01050000,1050.0,68.3,67.0,72.7,5.0,60.0,0.31390304023742677,False,CALL,2027-01-15,GS
GS270115C01055000,1055.0,65.65,67.0,71.95,1.0,38.0,0.3159476975250244,False,CALL,2027-01-15,GS
GS270115C01060000,1060.0,64.35,64.0,70.05,2.0,103.0,0.31469648933410643,False,CALL,2027-01-15,GS
GS270115C01065000,1065.0,81.06,63.25,68.55,22.0,68.0,0.3144904977416991,False,CALL,2027-01-15,GS
GS270115C01070000,1070.0,61.45,61.05,65.9,2.0,35.0,0.31094286476135247,False,CALL,2027-01-15,GS
GS270115C01075000,1075.0,63.41,59.0,66.0,14.0,19.0,0.31513898979187005,False,CALL,2027-01-15,GS
GS270115C01080000,1080.0,59.21,58.0,65.0,4.0,131.0,0.3161460597991943,False,CALL,2027-01-15,GS
GS270115C01085000,1085.0,61.03,58.95,63.0,20.0,28.0,0.3142158422851562,False,CALL,2027-01-15,GS
GS270115C01090000,1090.0,55.95,55.0,62.0,4.0,5.0,0.31508939922332757,False,CALL,2027-01-15,GS
GS270115C01095000,1095.0,55.65,53.55,61.0,2.0,16.0,0.3159019216156005,False,CALL,2027-01-15,GS
GS270115C01100000,1100.0,53.15,52.95,59.0,4.0,697.0,0.31372756591796874,False,CALL,2027-01-15,GS
GS270115C01105000,1105.0,42.85,51.5,58.0,2.0,8.0,0.31440657524108884,False,CALL,2027-01-15,GS
GS270115C01110000,1110.0,51.0,49.0,56.5,1.0,57.0,0.31354446228027344,False,CALL,2027-01-15,GS
GS270115C01115000,1115.0,64.35,48.5,53.75,2.0,70.0,0.30887150485992426,False,CALL,2027-01-15,GS
GS270115C01120000,1120.0,45.95,47.1,54.0,6.0,175.0,0.3130790738677979,False,CALL,2027-01-15,GS
GS270115C01125000,1125.0,58.1,46.6,53.0,1.0,39.0,0.3134986863708496,False,CALL,2027-01-15,GS
GS270115C01130000,1130.0,45.85,45.05,52.0,2.0,17.0,0.3138496350097656,False,CALL,2027-01-15,GS
GS270115C01135000,1135.0,38.2,44.35,49.75,2.0,26.0,0.3103248899841308,False,CALL,2027-01-15,GS
GS270115C01140000,1140.0,51.94,42.0,48.75,3.0,29.0,0.31053851089477535,False,CALL,2027-01-15,GS
GS270115C01145000,1145.0,45.4,44.95,46.65,84.0,7.0,0.30725790405273434,False,CALL,2027-01-15,GS
GS270115C01150000,1150.0,41.1,40.55,45.75,2.0,414.0,0.30763174064636223,False,CALL,2027-01-15,GS
GS270115C01155000,1155.0,50.55,39.5,46.0,1.0,25.0,0.3115837274932861,False,CALL,2027-01-15,GS
GS270115C01160000,1160.0,39.3,38.7,45.0,2.0,17.0,0.3115532102203369,False,CALL,2027-01-15,GS
GS270115C01165000,1165.0,38.45,38.75,44.0,2.0,28.0,0.31145402908325187,False,CALL,2027-01-15,GS
GS270115C01170000,1170.0,50.58,37.45,41.75,15.0,64.0,0.30725027473449706,False,CALL,2027-01-15,GS
GS270115C01175000,1175.0,35.49,36.45,43.0,20.0,20.0,0.31431883808135985,False,CALL,2027-01-15,GS
GS270115C01180000,1180.0,34.9,35.5,40.75,2.0,275.0,0.30996631202697755,False,CALL,2027-01-15,GS
GS270115C01185000,1185.0,36.66,34.55,40.35,4.0,100.0,0.3115913568115234,False,CALL,2027-01-15,GS
GS270115C01190000,1190.0,32.55,33.25,38.05,2.0,81.0,0.306823032913208,False,CALL,2027-01-15,GS
GS270115C01195000,1195.0,35.35,33.75,37.55,2.0,114.0,0.30800557723999017,False,CALL,2027-01-15,GS
GS270115C01200000,1200.0,33.28,31.15,35.45,9.0,433.0,0.30364923652648923,False,CALL,2027-01-15,GS
GS270115C01210000,1210.0,31.9,29.55,36.0,2.0,38.0,0.3111259683990478,False,CALL,2027-01-15,GS
GS270115P00660000,660.0,21.15,19.55,23.05,6.0,211.0,0.35757325782775884,False,PUT,2027-01-15,GS
GS270115P00670000,670.0,22.81,20.0,24.75,2.0,292.0,0.3553607555389403,False,PUT,2027-01-15,GS
GS270115P00680000,680.0,24.21,21.35,26.0,2.0,175.0,0.3504779918670653,False,PUT,2027-01-15,GS
GS270115P00690000,690.0,25.67,22.05,27.9,28.0,177.0,0.34848673980712885,False,PUT,2027-01-15,GS
GS270115P00700000,700.0,27.1,26.1,28.35,10.0,601.0,0.3393391872406005,False,PUT,2027-01-15,GS
GS270115P00710000,710.0,29.5,25.35,31.15,2.0,29.0,0.3407887577056885,False,PUT,2027-01-15,GS
GS270115P00720000,720.0,31.6,29.4,33.75,2.0,455.0,0.34068194725036616,False,PUT,2027-01-15,GS
GS270115P00730000,730.0,34.8,29.0,35.8,102.0,106.0,0.3377446597290039,False,PUT,2027-01-15,GS
GS270115P00740000,740.0,35.75,31.0,37.15,2.0,178.0,0.3316412051391602,False,PUT,2027-01-15,GS
GS270115P00750000,750.0,36.04,33.15,40.5,2.0,230.0,0.3331594394683839,False,PUT,2027-01-15,GS
GS270115P00760000,760.0,42.5,39.1,41.85,2.0,201.0,0.32651430328369135,False,PUT,2027-01-15,GS
GS270115P00770000,770.0,43.0,39.0,44.4,3.0,8.0,0.32411869735717763,False,PUT,2027-01-15,GS
GS270115P00780000,780.0,46.7,41.0,46.95,2.0,88.0,0.32134925483703614,False,PUT,2027-01-15,GS
GS270115P00790000,790.0,48.47,45.2,51.5,20.0,186.0,0.3251486553192138,False,PUT,2027-01-15,GS
GS270115P00795000,795.0,52.8,46.0,51.6,125.0,128.0,0.3193427441406249,False,PUT,2027-01-15,GS
GS270115P00800000,800.0,51.7,47.0,53.15,12.0,682.0,0.31845774322509757,False,PUT,2027-01-15,GS
GS270115P00805000,805.0,50.9,50.7,55.5,1.0,15.0,0.32014382255554186,False,PUT,2027-01-15,GS
GS270115P00810000,810.0,53.9,50.0,57.3,2.0,52.0,0.31984627914428704,False,PUT,2027-01-15,GS
GS270115P00815000,815.0,58.65,52.0,58.7,3.0,30.0,0.31812968254089347,False,PUT,2027-01-15,GS
GS270115P00820000,820.0,52.25,53.0,60.65,1.0,35.0,0.3181067945861816,False,PUT,2027-01-15,GS
GS270115P00825000,825.0,59.5,56.25,61.4,2.0,15.0,0.3141319197845458,False,PUT,2027-01-15,GS
GS270115P00830000,830.0,64.43,57.05,63.6,6.0,106.0,0.3147041186523437,False,PUT,2027-01-15,GS
GS270115P00835000,835.0,55.95,59.0,65.55,4.0,17.0,0.31436079933166505,False,PUT,2027-01-15,GS
GS270115P00840000,840.0,64.35,60.1,66.45,11.0,116.0,0.3106605799865722,False,PUT,2027-01-15,GS
GS270115P00845000,845.0,65.65,63.25,68.4,2.0,11.0,0.31013415702819824,False,PUT,2027-01-15,GS
GS270115P00850000,850.0,67.65,66.2,70.55,16.0,327.0,0.3101074544143677,False,PUT,2027-01-15,GS
GS270115P00855000,855.0,64.1,66.0,73.4,4.0,43.0,0.3120796331787109,False,PUT,2027-01-15,GS
GS270115P00860000,860.0,70.75,69.05,74.85,2.0,56.0,0.3097145445251465,False,PUT,2027-01-15,GS
GS270115P00865000,865.0,68.5,70.0,77.0,27.0,25.0,0.30935596656799313,False,PUT,2027-01-15,GS
GS270115P00870000,870.0,74.6,72.15,79.0,1.0,87.0,0.3084518923568725,False,PUT,2027-01-15,GS
GS270115P00875000,875.0,81.0,74.0,79.4,2.0,29.0,0.30277186492919916,False,PUT,2027-01-15,GS
GS270115P00880000,880.0,71.0,76.0,82.65,4.0,38.0,0.30533531585693363,False,PUT,2027-01-15,GS
GS270115P00885000,885.0,80.05,78.0,85.3,2.0,4.0,0.306021954498291,False,PUT,2027-01-15,GS
GS270115P00890000,890.0,82.95,80.0,87.0,2.0,35.0,0.30387430141448973,False,PUT,2027-01-15,GS
GS270115P00895000,895.0,87.05,83.0,89.0,2.0,27.0,0.30249720947265624,False,PUT,2027-01-15,GS
GS270115P00900000,900.0,87.32,84.5,91.55,44.0,189.0,0.3025887612915039,False,PUT,2027-01-15,GS
GS270115P00905000,905.0,90.2,87.0,93.0,2.0,22.0,0.2994683701324463,False,PUT,2027-01-15,GS
GS270115P00910000,910.0,91.35,89.0,96.0,4.0,15.0,0.3006280265045166,False,PUT,2027-01-15,GS
GS270115P00915000,915.0,95.9,92.0,98.0,1.0,61.0,0.2988809126281738,False,PUT,2027-01-15,GS
GS270115P00920000,920.0,96.1,95.0,101.0,6.0,14.0,0.2998269480895996,False,PUT,2027-01-15,GS
GS270115P00925000,925.0,97.75,97.5,101.3,1.0,69.0,0.29316655326843255,False,PUT,2027-01-15,GS
GS270115P00930000,930.0,102.0,99.0,105.95,1.0,10.0,0.2984880027389526,False,PUT,2027-01-15,GS
GS270115P00935000,935.0,92.97,102.0,108.0,20.0,217.0,0.2965043799972534,False,PUT,2027-01-15,GS
GS270115P00940000,940.0,112.05,103.45,110.05,10.0,13.0,0.2944292054367065,True,PUT,2027-01-15,GS
GS270115P00945000,945.0,114.55,107.0,113.0,3.0,5.0,0.2947381928253173,True,PUT,2027-01-15,GS
GS270115P00950000,950.0,113.6,109.45,116.0,2.0,72.0,0.2950815121459961,True,PUT,2027-01-15,GS
GS270115P00955000,955.0,120.2,112.0,118.0,2.0,26.0,0.2925943544006347,True,PUT,2027-01-15,GS
GS270115P00960000,960.0,119.4,115.0,121.0,1.0,156.0,0.29274694076538077,True,PUT,2027-01-15,GS
GS270115P00965000,965.0,125.39,117.05,123.0,82.0,42.0,0.29007286472320554,True,PUT,2027-01-15,GS
GS270115P00970000,970.0,128.4,120.0,126.0,104.0,51.0,0.29003853279113767,True,PUT,2027-01-15,GS
GS270115P00975000,975.0,131.39,123.0,128.25,2.0,7.0,0.2878565477752685,True,PUT,2027-01-15,GS
GS270115P00980000,980.0,126.55,126.0,130.75,2.0,20.0,0.28626964958190915,True,PUT,2027-01-15,GS
GS270115P00985000,985.0,119.45,127.2,133.75,2.0,11.0,0.28594540355682363,True,PUT,2027-01-15,GS
GS270115P00990000,990.0,128.0,131.0,137.0,2.0,3.0,0.28621624435424803,True,PUT,2027-01-15,GS
GS270115P00995000,995.0,124.3,134.0,140.0,,7.0,0.2857050800323486,True,PUT,2027-01-15,GS
GS270115P01000000,1000.0,139.36,137.15,143.0,1.0,76.0,0.2851023638916015,True,PUT,2027-01-15,GS
GS270115P01005000,1005.0,145.0,140.0,146.0,2.0,21.0,0.2844080959320068,True,PUT,2027-01-15,GS
GS270115P01010000,1010.0,128.75,142.95,147.75,,3.0,0.28017763896942127,True,PUT,2027-01-15,GS
GS270115P01020000,1020.0,137.55,147.0,155.0,2.0,6.0,0.2817607225036621,True,PUT,2027-01-15,GS
GS270115P01030000,1030.0,164.37,154.4,161.0,2.0,4.0,0.27952533226013176,True,PUT,2027-01-15,GS
GS270115P01035000,1035.0,141.75,156.0,165.0,,1.0,0.28105882522583,True,PUT,2027-01-15,GS
GS270115P01050000,1050.0,162.05,166.65,174.0,16.0,15.0,0.27671392848968496,True,PUT,2027-01-15,GS
GS270115P01060000,1060.0,167.1,172.6,181.0,,1.0,0.2761836908721923,True,PUT,2027-01-15,GS
GS270115P01065000,1065.0,170.05,176.65,184.0,1.0,2.0,0.2743412105178833,True,PUT,2027-01-15,GS
GS270115P01070000,1070.0,175.05,181.05,188.0,4.0,2.0,0.27530631927490234,True,PUT,2027-01-15,GS
GS270115P01075000,1075.0,174.8,184.9,190.75,15.0,19.0,0.2725292474365234,True,PUT,2027-01-15,GS
GS270115P01080000,1080.0,294.72,183.0,0.0,,0.0,1.0000000000000003e-05,True,PUT,2027-01-15,GS
GS270115P01085000,1085.0,172.2,190.0,198.0,,1.0,0.2718273501586914,True,PUT,2027-01-15,GS
GS270115P01095000,1095.0,178.25,199.25,205.0,,4.0,0.2700115724182129,True,PUT,2027-01-15,GS
GS270115P01100000,1100.0,196.85,201.2,209.0,1.0,3.0,0.27049221946716306,True,PUT,2027-01-15,GS
GS270115P01105000,1105.0,184.95,206.0,213.0,,1.0,0.27089657333374023,True,PUT,2027-01-15,GS
GS270115P01110000,1110.0,199.05,208.1,216.0,,9.0,0.2681195014953613,True,PUT,2027-01-15,GS
GS270115P01120000,1120.0,207.4,215.25,223.0,,7.0,0.26532717102050785,True,PUT,2027-01-15,GS
GS270115P01125000,1125.0,212.45,219.1,227.0,1.0,11.0,0.2653805762481689,True,PUT,2027-01-15,GS
GS270115P01130000,1130.0,236.63,223.0,231.0,2.0,1.0,0.2653615029525757,True,PUT,2027-01-15,GS
GS270115P01155000,1155.0,391.65,236.0,244.0,2.0,0.0,0.23912046287536617,True,PUT,2027-01-15,GS
GS270115P01160000,1160.0,233.0,247.0,255.0,2.0,0.0,0.26355716918945316,True,PUT,2027-01-15,GS
GS270115P01170000,1170.0,242.3,255.0,263.0,,0.0,0.26228307304382326,True,PUT,2027-01-15,GS
GS270115P01175000,1175.0,264.0,259.0,267.0,1.0,0.0,0.26150488258361815,True,PUT,2027-01-15,GS
GS270115P01180000,1180.0,250.1,263.0,271.0,,2.0,0.26063514030456536,True,PUT,2027-01-15,GS
GS270115P01195000,1195.0,266.0,275.75,283.0,,1.0,0.25743082664489747,True,PUT,2027-01-15,GS
GS270115P01200000,1200.0,381.9,272.0,279.0,,0.0,0.2220307900238037,True,PUT,2027-01-15,GS
GS270617C00660000,660.0,332.0,312.0,320.0,2.0,170.0,0.3854660453033447,True,CALL,2027-06-17,GS
GS270617C00670000,670.0,209.95,324.0,333.0,,1.0,0.4553048244476319,True,CALL,2027-06-17,GS
GS270617C00680000,680.0,317.0,296.0,302.0,4.0,226.0,0.3709245647430419,True,CALL,2027-06-17,GS
GS270617C00690000,690.0,329.2,289.0,294.45,4.0,8.0,0.3686662865447998,True,CALL,2027-06-17,GS
GS270617C00700000,700.0,282.0,281.0,288.5,1.0,202.0,0.37153491020202634,True,CALL,2027-06-17,GS
GS270617C00710000,710.0,263.0,274.0,280.05,6.0,38.0,0.365667964477539,True,CALL,2027-06-17,GS
GS270617C00720000,720.0,270.49,266.0,273.0,3.0,110.0,0.3641955060577393,True,CALL,2027-06-17,GS
GS270617C00730000,730.0,246.55,259.0,266.5,2.0,14.0,0.36414210083007814,True,CALL,2027-06-17,GS
GS270617C00740000,740.0,274.45,252.0,259.05,4.0,152.0,0.36083097671508785,True,CALL,2027-06-17,GS
GS270617C00750000,750.0,223.01,245.0,252.0,10.0,11.0,0.35850403465270997,True,CALL,2027-06-17,GS
GS270617C00760000,760.0,261.0,239.0,245.0,1.0,33.0,0.3560779114532471,True,CALL,2027-06-17,GS
GS270617C00770000,770.0,248.4,232.0,237.7,1.0,7.0,0.35255316642761225,True,CALL,2027-06-17,GS
GS270617C00780000,780.0,219.0,225.0,232.05,5.0,82.0,0.35346105529785155,True,CALL,2027-06-17,GS
GS270617C00790000,790.0,197.14,219.0,226.55,1.0,6.0,0.3544147200775145,True,CALL,2027-06-17,GS
GS270617C00795000,795.0,233.76,216.0,221.5,1.0,7.0,0.3484791104888916,True,CALL,2027-06-17,GS
GS270617C00800000,800.0,214.52,212.0,219.0,8.0,243.0,0.34947092185974116,True,CALL,2027-06-17,GS
GS270617C00805000,805.0,200.01,209.0,216.0,2.0,6.0,0.3490207920837402,True,CALL,2027-06-17,GS
GS270617C00810000,810.0,208.43,207.0,212.95,1.0,108.0,0.34836467071533206,True,CALL,2027-06-17,GS
GS270617C00815000,815.0,175.0,203.0,210.7,2.0,10.0,0.3497532066345214,True,CALL,2027-06-17,GS
GS270617C00820000,820.0,218.8,200.0,207.0,1.0,12.0,0.3472507902526855,True,CALL,2027-06-17,GS
GS270617C00825000,825.0,122.95,218.0,225.0,2.0,3.0,0.4009077854156494,True,CALL,2027-06-17,GS
GS270617C00830000,830.0,218.4,194.0,201.0,2.0,6.0,0.34573255592346186,True,CALL,2027-06-17,GS
GS270617C00835000,835.0,193.0,191.0,198.0,1.0,2.0,0.34487807228088385,True,CALL,2027-06-17,GS
GS270617C00840000,840.0,216.78,189.0,194.55,2.0,96.0,0.34281815635681145,True,CALL,2027-06-17,GS
GS270617C00845000,845.0,187.25,186.0,193.0,2.0,7.0,0.3455074910354614,True,CALL,2027-06-17,GS
GS270617C00850000,850.0,221.5,183.0,190.45,1.0,46.0,0.34557996955871584,True,CALL,2027-06-17,GS
GS270617C00855000,855.0,170.57,180.0,187.0,2.0,2.0,0.3433369499969482,True,CALL,2027-06-17,GS
GS270617C00860000,860.0,196.55,178.25,182.9,10.0,40.0,0.33943836837768554,True,CALL,2027-06-17,GS
GS270617C00865000,865.0,184.45,174.0,181.0,4.0,3.0,0.34093752941131594,True,CALL,2027-06-17,GS
GS270617C00870000,870.0,187.35,172.0,178.75,1.0,79.0,0.3414906549835205,True,CALL,2027-06-17,GS
GS270617C00875000,875.0,152.0,169.0,176.0,1.0,9.0,0.3407467964553833,True,CALL,2027-06-17,GS
GS270617C00880000,880.0,161.35,166.0,171.5,5.0,135.0,0.33570000244140624,True,CALL,2027-06-17,GS
GS270617C00885000,885.0,170.05,163.0,170.35,2.0,36.0,0.3387173978042602,True,CALL,2027-06-17,GS
GS270617C00890000,890.0,176.15,160.0,166.65,4.0,27.0,0.33551689880371094,True,CALL,2027-06-17,GS
GS270617C00895000,895.0,137.1,159.25,164.65,4.0,174.0,0.3363370505142212,True,CALL,2027-06-17,GS
GS270617C00900000,900.0,160.0,155.0,162.05,4.0,295.0,0.3356580411911011,True,CALL,2027-06-17,GS
GS270617C00905000,905.0,144.5,153.0,159.5,1.0,2.0,0.3350362517547607,True,CALL,2027-06-17,GS
GS270617C00910000,910.0,146.8,150.0,156.75,4.0,16.0,0.33388422470092777,True,CALL,2027-06-17,GS
GS270617C00915000,915.0,149.0,148.0,154.5,2.0,1.0,0.3338498927688599,True,CALL,2027-06-17,GS
GS270617C00920000,920.0,149.38,145.0,151.5,2.0,48.0,0.33199215377807617,True,CALL,2027-06-17,GS
GS270617C00925000,925.0,143.62,143.0,149.5,2.0,10.0,0.33241939559936523,True,CALL,2027-06-17,GS
GS270617C00930000,930.0,143.25,141.0,146.0,1.0,64.0,0.3292913751220703,True,CALL,2027-06-17,GS
GS270617C00935000,935.0,151.9,138.0,144.55,3.0,10.0,0.330874458656311,True,CALL,2027-06-17,GS
GS270617C00940000,940.0,133.63,136.0,142.5,3.0,105.0,0.33100034240722653,False,CALL,2027-06-17,GS
GS270617C00945000,945.0,140.0,135.25,139.1,6.0,31.0,0.3279409857940674,False,CALL,2027-06-17,GS
GS270617C00950000,950.0,132.0,131.25,137.5,1.0,82.0,0.32898620239257803,False,CALL,2027-06-17,GS
GS270617C00955000,955.0,144.4,129.0,135.5,2.0,13.0,0.32904342227935784,False,CALL,2027-06-17,GS
GS270617C00960000,960.0,131.8,127.0,133.5,4.0,121.0,0.32904342227935784,False,CALL,2027-06-17,GS
GS270617C00965000,965.0,126.79,125.0,130.1,2.0,73.0,0.32577425941467286,False,CALL,2027-06-17,GS
GS270617C00970000,970.0,156.87,123.0,128.05,9.0,52.0,0.3255453798675536,False,CALL,2027-06-17,GS
GS270617C00975000,975.0,120.65,120.0,126.05,8.0,7.0,0.3253699055480957,False,CALL,2027-06-17,GS
GS270617C00980000,980.0,121.0,118.0,124.05,3.0,603.0,0.3251410260009765,False,CALL,2027-06-17,GS
GS270617C00985000,985.0,134.95,116.0,122.0,1.0,36.0,0.3247366721343994,False,CALL,2027-06-17,GS
GS270617C00990000,990.0,124.5,114.0,119.9,2.0,11.0,0.32416447326660147,False,CALL,2027-06-17,GS
GS270617C00995000,995.0,130.6,112.0,118.0,1.0,28.0,0.3239889989471435,False,CALL,2027-06-17,GS
GS270617C01000000,1000.0,107.95,110.0,116.0,3.0,229.0,0.3235312398529051,False,CALL,2027-06-17,GS
GS270617C01005000,1005.0,109.55,109.25,114.0,2.0,6.0,0.3230162608718871,False,CALL,2027-06-17,GS
GS270617C01010000,1010.0,107.05,106.0,112.0,1.0,198.0,0.32244787666320796,False,CALL,2027-06-17,GS
GS270617C01015000,1015.0,122.2,104.0,110.0,1.0,16.0,0.3218260872268677,False,CALL,2027-06-17,GS
GS270617C01020000,1020.0,112.95,102.0,108.0,1.0,71.0,0.32114707790374747,False,CALL,2027-06-17,GS
GS270617C01025000,1025.0,98.65,102.25,106.0,2.0,4.0,0.3204108486938476,False,CALL,2027-06-17,GS
GS270617C01030000,1030.0,98.64,99.0,105.0,1.0,53.0,0.3219061950683593,False,CALL,2027-06-17,GS
GS270617C01035000,1035.0,114.1,97.0,103.0,2.0,22.0,0.3210669700622558,False,CALL,2027-06-17,GS
GS270617C01040000,1040.0,95.95,95.0,101.0,2.0,75.0,0.32017052516937244,False,CALL,2027-06-17,GS
GS270617C01045000,1045.0,110.25,93.0,99.05,1.0,16.0,0.31933511482238763,False,CALL,2027-06-17,GS
GS270617C01050000,1050.0,96.43,92.0,98.0,3.0,241.0,0.3205100298309326,False,CALL,2027-06-17,GS
GS270617C01055000,1055.0,106.55,90.0,95.75,1.0,4.0,0.318881170387268,False,CALL,2027-06-17,GS
GS270617C01060000,1060.0,92.22,88.0,93.75,8.0,130.0,0.3177711045837402,False,CALL,2027-06-17,GS
GS270617C01065000,1065.0,88.12,87.0,93.0,2.0,19.0,0.31948770118713377,False,CALL,2027-06-17,GS
GS270617C01070000,1070.0,105.3,85.0,91.0,1.0,31.0,0.3182708249282837,False,CALL,2027-06-17,GS
GS270617C01075000,1075.0,68.5,83.0,90.0,8.0,12.0,0.31931985618591296,False,CALL,2027-06-17,GS
GS270617C01080000,1080.0,90.79,82.0,88.0,1.0,197.0,0.31799998413085934,False,CALL,2027-06-17,GS
GS270617C01085000,1085.0,82.49,80.0,87.0,2.0,4.0,0.31895364891052236,False,CALL,2027-06-17,GS
GS270617C01090000,1090.0,99.45,79.0,85.0,2.0,55.0,0.3175269664001465,False,CALL,2027-06-17,GS
GS270617C01095000,1095.0,78.85,77.0,84.0,2.0,58.0,0.31838907936096184,False,CALL,2027-06-17,GS
GS270617C01100000,1100.0,75.72,76.0,82.0,605.0,621.0,0.31685940105438226,False,CALL,2027-06-17,GS
GS270617C01105000,1105.0,90.05,75.25,81.0,11.0,13.0,0.3176261475372314,False,CALL,2027-06-17,GS
GS270617C01110000,1110.0,86.0,73.1,80.0,3.0,60.0,0.31835474742889397,False,CALL,2027-06-17,GS
GS270617C01115000,1115.0,60.71,72.1,78.0,8.0,8.0,0.3166724827575683,False,CALL,2027-06-17,GS
GS270617C01120000,1120.0,69.75,70.0,77.0,2.0,161.0,0.3173057161712646,False,CALL,2027-06-17,GS
GS270617C01125000,1125.0,57.14,69.1,76.0,1.0,4.0,0.31790080299377443,False,CALL,2027-06-17,GS
GS270617C01130000,1130.0,78.32,67.0,73.75,1.0,47.0,0.3154594211578369,False,CALL,2027-06-17,GS
GS270617C01135000,1135.0,61.3,66.0,73.0,10.0,14.0,0.3165656723022461,False,CALL,2027-06-17,GS
GS270617C01140000,1140.0,55.4,65.0,72.0,4.0,55.0,0.31703106071472165,False,CALL,2027-06-17,GS
GS270617C01145000,1145.0,52.51,64.0,71.0,2.0,7.0,0.31745448787689207,False,CALL,2027-06-17,GS
GS270617C01150000,1150.0,66.2,62.5,69.0,22.0,94.0,0.31540220127105706,False,CALL,2027-06-17,GS
GS270617C01155000,1155.0,78.5,61.05,68.0,48.0,34.0,0.3157340766143798,False,CALL,2027-06-17,GS
GS270617C01160000,1160.0,61.0,60.15,65.75,2.0,42.0,0.31294937545776363,False,CALL,2027-06-17,GS
GS270617C01165000,1165.0,54.36,59.0,66.0,4.0,20.0,0.31628338752746576,False,CALL,2027-06-17,GS
GS270617C01170000,1170.0,75.05,57.95,63.7,2.0,48.0,0.31326599216461176,False,CALL,2027-06-17,GS
GS270617C01175000,1175.0,57.6,56.5,62.7,2.0,38.0,0.31342239318847653,False,CALL,2027-06-17,GS
GS270617C01180000,1180.0,56.35,55.25,63.0,4.0,53.0,0.31680599582672114,False,CALL,2027-06-17,GS
GS270617C01185000,1185.0,55.1,55.5,60.75,2.0,31.0,0.31375045387268063,False,CALL,2027-06-17,GS
GS270617C01190000,1190.0,63.75,54.05,61.0,2.0,76.0,0.31695476753234864,False,CALL,2027-06-17,GS
GS270617C01195000,1195.0,54.75,52.5,60.0,2.0,77.0,0.3169700261688232,False,CALL,2027-06-17,GS
GS270617C01200000,1200.0,58.18,52.0,58.4,1.0,141.0,0.31540983058929434,False,CALL,2027-06-17,GS
GS270617C01210000,1210.0,51.01,49.1,57.0,2.0,120.0,0.3167754785537719,False,CALL,2027-06-17,GS
GS270617P00660000,660.0,30.5,29.15,33.95,44.0,122.0,0.34468733932495116,False,PUT,2027-06-17,GS
GS270617P00670000,670.0,32.3,31.45,36.0,10.0,5.0,0.342505354309082,False,PUT,2027-06-17,GS
GS270617P00680000,680.0,35.5,34.2,35.9,27.0,280.0,0.3319158605957031,False,PUT,2027-06-17,GS
GS270617P00690000,690.0,38.5,33.3,39.85,6.0,5.0,0.3363637531280518,False,PUT,2027-06-17,GS
GS270617P00700000,700.0,39.97,35.3,40.35,12.0,695.0,0.3278723219299316,False,PUT,2027-06-17,GS
GS270617P00710000,710.0,43.15,38.65,43.45,2.0,37.0,0.32841400352478023,False,PUT,2027-06-17,GS
GS270617P00720000,720.0,44.7,40.0,45.55,2.0,41.0,0.32516009929656975,False,PUT,2027-06-17,GS
GS270617P00730000,730.0,44.05,42.0,49.45,10.0,10.0,0.3275137439727783,False,PUT,2027-06-17,GS
GS270617P00740000,740.0,50.0,45.55,51.25,22.0,58.0,0.3227225321197509,False,PUT,2027-06-17,GS
GS270617P00750000,750.0,48.58,49.25,54.65,6.0,62.0,0.32269964416503893,False,PUT,2027-06-17,GS
GS270617P00760000,760.0,51.5,51.3,56.7,2.0,27.0,0.3182441223144531,False,PUT,2027-06-17,GS
GS270617P00770000,770.0,55.25,54.0,62.0,10.0,7.0,0.3231192566680907,False,PUT,2027-06-17,GS
GS270617P00780000,780.0,61.1,57.0,62.3,2.0,413.0,0.3131172204589844,False,PUT,2027-06-17,GS
GS270617P00790000,790.0,64.7,60.0,66.0,2.0,9.0,0.3126976079559326,False,PUT,2027-06-17,GS
GS270617P00795000,795.0,65.4,62.0,67.8,2.0,66.0,0.3122169609069824,False,PUT,2027-06-17,GS
GS270617P00800000,800.0,67.0,63.0,70.0,88.0,233.0,0.31275864250183105,False,PUT,2027-06-17,GS
GS270617P00805000,805.0,69.5,66.25,70.95,2.0,3.0,0.30979846702575686,False,PUT,2027-06-17,GS
GS270617P00810000,810.0,70.2,67.0,73.25,14.0,105.0,0.3104393297576904,False,PUT,2027-06-17,GS
GS270617P00815000,815.0,75.9,69.25,75.5,2.0,14.0,0.3108513129425049,False,PUT,2027-06-17,GS
GS270617P00820000,820.0,83.6,70.0,76.4,2.0,6.0,0.30759740871429436,False,PUT,2027-06-17,GS
GS270617P00825000,825.0,69.7,72.0,80.0,2.0,9.0,0.3113891798782348,False,PUT,2027-06-17,GS
GS270617P00830000,830.0,78.7,74.0,81.1,2.0,6.0,0.3085396295166015,False,PUT,2027-06-17,GS
GS270617P00835000,835.0,83.21,76.0,82.05,1.0,8.0,0.3052666519927979,False,PUT,2027-06-17,GS
GS270617P00840000,840.0,82.35,78.0,85.0,2.0,10.0,0.30707098575592034,False,PUT,2027-06-17,GS
GS270617P00845000,845.0,83.8,80.0,86.9,20.0,11.0,0.3061020623397827,False,PUT,2027-06-17,GS
GS270617P00850000,850.0,85.67,82.0,88.95,10.0,26.0,0.30544212631225587,False,PUT,2027-06-17,GS
GS270617P00855000,855.0,87.8,84.0,90.5,2.0,2.0,0.30346613288879387,False,PUT,2027-06-17,GS
GS270617P00860000,860.0,89.8,86.0,91.65,2.0,14.0,0.300437293548584,False,PUT,2027-06-17,GS
GS270617P00865000,865.0,91.5,88.05,94.6,5.0,20.0,0.30181057083129886,False,PUT,2027-06-17,GS
GS270617P00870000,870.0,94.5,90.0,97.0,5.0,10.0,0.30173809230804444,False,PUT,2027-06-17,GS
GS270617P00875000,875.0,95.45,92.0,98.0,6.0,7.0,0.2981790153503417,False,PUT,2027-06-17,GS
GS270617P00880000,880.0,97.6,94.25,100.05,10.0,9.0,0.2971223547744751,False,PUT,2027-06-17,GS
GS270617P00885000,885.0,100.3,96.0,103.0,2.0,13.0,0.29817138603210436,False,PUT,2027-06-17,GS
GS270617P00890000,890.0,101.95,99.0,103.75,2.0,7.0,0.29386082122802726,False,PUT,2027-06-17,GS
GS270617P00895000,895.0,119.01,101.1,107.0,1.0,2.0,0.2954744220352173,False,PUT,2027-06-17,GS
GS270617P00900000,900.0,111.05,103.0,108.9,23.0,22.0,0.2937921573638915,False,PUT,2027-06-17,GS
GS270617P00905000,905.0,114.0,105.65,111.45,1.0,1.0,0.29358998043060297,False,PUT,2027-06-17,GS
GS270617P00910000,910.0,185.3,0.0,0.0,,1.0,0.0039162109375,False,PUT,2027-06-17,GS
GS270617P00915000,915.0,118.27,110.0,116.95,4.0,2.0,0.29389896781921376,False,PUT,2027-06-17,GS
GS270617P00920000,920.0,120.45,113.0,119.25,10.0,6.0,0.2928918978118895,False,PUT,2027-06-17,GS
GS270617P00925000,925.0,110.05,115.0,121.45,1.0,5.0,0.29158728439331044,False,PUT,2027-06-17,GS
GS270617P00930000,930.0,147.0,118.0,124.0,2.0,15.0,0.29103034416198725,False,PUT,2027-06-17,GS
GS270617P00935000,935.0,137.4,120.0,127.0,,2.0,0.29144232734680164,False,PUT,2027-06-17,GS
GS270617P00940000,940.0,129.2,123.0,129.0,10.0,7.0,0.28947777790069573,True,PUT,2027-06-17,GS
GS270617P00945000,945.0,128.0,125.0,132.0,,6.0,0.28975243335723877,True,PUT,2027-06-17,GS
GS270617P00950000,950.0,133.23,128.0,135.0,1.0,3.0,0.2899584249496459,True,PUT,2027-06-17,GS
GS270617P00955000,955.0,133.22,130.0,137.0,,4.0,0.28780314254760736,True,PUT,2027-06-17,GS
GS270617P00960000,960.0,141.59,133.0,139.4,132.0,101.0,0.2864985291290283,True,PUT,2027-06-17,GS
GS270617P00965000,965.0,144.29,135.9,142.0,2.0,1.0,0.28558682559967036,True,PUT,2027-06-17,GS
GS270617P00970000,970.0,134.95,138.9,145.0,1.0,4.0,0.28552197639465327,True,PUT,2027-06-17,GS
GS270617P00980000,980.0,141.8,143.95,151.0,1.0,2.0,0.2851977303695678,True,PUT,2027-06-17,GS
GS270617P00995000,995.0,156.0,151.45,158.0,1.0,3.0,0.27965503067016595,True,PUT,2027-06-17,GS
GS270617P01000000,1000.0,158.75,155.85,162.0,1.0,109.0,0.2814784377288818,True,PUT,2027-06-17,GS
GS270617P01015000,1015.0,154.8,164.0,171.0,,1.0,0.27971606521606435,True,PUT,2027-06-17,GS
GS270617P01020000,1020.0,162.35,165.95,172.75,2.0,1.0,0.2761379149627685,True,PUT,2027-06-17,GS
GS270617P01025000,1025.0,216.35,168.55,177.0,2.0,1.0,0.27821690418243405,True,PUT,2027-06-17,GS
GS270617P01030000,1030.0,219.9,171.55,180.0,8.0,4.0,0.2773738645172119,True,PUT,2027-06-17,GS
GS270617P01040000,1040.0,258.55,0.0,185.55,1.0,0.0,0.27444420631408695,True,PUT,2027-06-17,GS
GS270617P01050000,1050.0,217.85,183.5,191.0,2.0,2.0,0.2710110131072998,True,PUT,2027-06-17,GS
GS270617P01055000,1055.0,260.5,187.0,0.0,,1.0,1.0000000000000003e-05,True,PUT,2027-06-17,GS
GS270617P01060000,1060.0,187.95,190.9,198.0,2.0,1.0,0.2709156466293335,True,PUT,2027-06-17,GS
GS270617P01070000,1070.0,187.6,196.2,204.0,,4.0,0.2682186826324463,True,PUT,2027-06-17,GS
GS270617P01080000,1080.0,199.4,204.4,212.0,2.0,2.0,0.27000394309997555,True,PUT,2027-06-17,GS
GS270617P01090000,1090.0,275.0,0.0,0.0,1.0,1.0,1.0000000000000003e-05,True,PUT,2027-06-17,GS
GS270617P01095000,1095.0,276.35,213.0,0.0,,1.0,1.0000000000000003e-05,True,PUT,2027-06-17,GS
GS270617P01100000,1100.0,211.35,218.0,225.0,8.0,4.0,0.26569337829589845,True,PUT,2027-06-17,GS
GS270617P01105000,1105.0,212.3,220.15,228.0,,12.0,0.2638318246459961,True,PUT,2027-06-17,GS
GS270617P01115000,1115.0,216.07,227.0,235.0,2.0,1.0,0.2623479222488404,True,PUT,2027-06-17,GS
GS270617P01120000,1120.0,271.9,231.75,238.0,,0.0,0.26025748905181884,True,PUT,2027-06-17,GS
GS270617P01130000,1130.0,223.9,239.0,246.0,,7.0,0.26089453712463384,True,PUT,2027-06-17,GS
GS270617P01135000,1135.0,273.0,243.35,250.0,,1.0,0.26113486064910885,True,PUT,2027-06-17,GS
GS270617P01140000,1140.0,238.65,247.0,254.0,,2.0,0.26132559360504154,True,PUT,2027-06-17,GS
GS270617P01150000,1150.0,245.85,252.25,260.0,5.0,5.0,0.25632457550048826,True,PUT,2027-06-17,GS
GS270617P01170000,1170.0,257.0,267.9,276.0,6.0,7.0,0.25599651481628416,True,PUT,2027-06-17,GS
GS270617P01180000,1180.0,268.55,275.0,284.0,,2.0,0.25550442378997806,True,PUT,2027-06-17,GS
GS270617P01190000,1190.0,284.0,283.0,292.0,,1.0,0.2547872678756714,True,PUT,2027-06-17,GS
GS270617P01195000,1195.0,270.86,289.0,295.0,,6.0,0.25148377307891845,True,PUT,2027-06-17,GS
GS270617P01200000,1200.0,285.35,290.2,299.0,,1.0,0.25094590614318846,True,PUT,2027-06-17,GS
GS280121C00660000,660.0,328.53,329.0,336.5,1.0,8.0,0.3718706002044677,True,CALL,2028-01-21,GS
GS280121C00670000,670.0,324.51,322.0,330.0,5.0,18.0,0.3719240054321289,True,CALL,2028-01-21,GS
GS280121C00680000,680.0,317.49,315.0,322.5,5.0,14.0,0.36888753677368163,True,CALL,2028-01-21,GS
GS280121C00690000,690.0,237.99,328.0,337.0,44.0,25.0,0.42465403842926025,True,CALL,2028-01-21,GS
GS280121C00700000,700.0,306.6,301.0,308.35,5.0,68.0,0.3646532651519776,True,CALL,2028-01-21,GS
GS280121C00710000,710.0,327.42,295.0,301.0,4.0,35.0,0.3615405033111573,True,CALL,2028-01-21,GS
GS280121C00720000,720.0,319.15,288.0,295.5,2.0,31.0,0.36301677639007573,True,CALL,2028-01-21,GS
GS280121C00730000,730.0,276.21,282.0,292.0,1.0,13.0,0.3691774508666992,True,CALL,2028-01-21,GS
GS280121C00740000,740.0,264.12,275.0,282.05,2.0,30.0,0.35900756965637204,True,CALL,2028-01-21,GS
GS280121C00750000,750.0,271.5,269.0,276.5,1.0,58.0,0.35957213920593256,True,CALL,2028-01-21,GS
GS280121C00760000,760.0,294.0,263.0,270.5,12.0,89.0,0.3588053927230835,True,CALL,2028-01-21,GS
GS280121C00770000,770.0,300.36,256.0,263.35,10.0,24.0,0.35513950531005856,True,CALL,2028-01-21,GS
GS280121C00780000,780.0,235.5,250.0,257.0,8.0,28.0,0.3531940291595458,True,CALL,2028-01-21,GS
GS280121C00790000,790.0,266.5,244.0,251.4,2.0,52.0,0.3527744166564941,True,CALL,2028-01-21,GS
GS280121C00795000,795.0,224.8,241.0,249.0,2.0,3.0,0.3533847621154785,True,CALL,2028-01-21,GS
GS280121C00800000,800.0,240.15,239.0,245.0,1.0,129.0,0.3503559227752685,True,CALL,2028-01-21,GS
GS280121C00805000,805.0,204.77,236.0,243.05,1.0,13.0,0.3518588984680175,True,CALL,2028-01-21,GS
GS280121C00810000,810.0,237.2,233.0,240.0,1.0,31.0,0.35086708709716785,True,CALL,2028-01-21,GS
GS280121C00815000,815.0,216.44,230.0,237.05,2.0,7.0,0.35005075004577624,True,CALL,2028-01-21,GS
GS280121C00820000,820.0,250.5,227.0,234.0,2.0,43.0,0.3489712015151977,True,CALL,2028-01-21,GS
GS280121C00825000,825.0,210.72,224.0,230.5,2.0,11.0,0.3468845829772949,True,CALL,2028-01-21,GS
GS280121C00830000,830.0,235.0,221.0,229.0,8.0,36.0,0.34905893867492677,True,CALL,2028-01-21,GS
GS280121C00835000,835.0,202.9,219.0,227.5,,2.0,0.35116081584930414,True,CALL,2028-01-21,GS
GS280121C00840000,840.0,254.45,216.0,222.55,2.0,101.0,0.34586225433349604,True,CALL,2028-01-21,GS
GS280121C00845000,845.0,195.04,214.0,221.0,2.0,5.0,0.34774669593811036,True,CALL,2028-01-21,GS
GS280121C00850000,850.0,213.0,211.0,218.0,1.0,105.0,0.3465183757019042,True,CALL,2028-01-21,GS
GS280121C00855000,855.0,202.0,208.0,214.6,1.0,3.0,0.34442031318664557,True,CALL,2028-01-21,GS
GS280121C00860000,860.0,236.32,206.0,213.05,2.0,58.0,0.34613309513092033,True,CALL,2028-01-21,GS
GS280121C00865000,865.0,145.21,225.0,232.45,,1.0,0.39118421932220454,True,CALL,2028-01-21,GS
GS280121C00870000,870.0,225.55,200.0,208.1,2.0,88.0,0.3455570816040039,True,CALL,2028-01-21,GS
GS280121C00875000,875.0,167.05,198.0,205.0,2.0,19.0,0.3439205928421021,True,CALL,2028-01-21,GS
GS280121C00880000,880.0,196.0,195.0,202.0,2.0,333.0,0.34245576374053954,True,CALL,2028-01-21,GS
GS280121C00885000,885.0,230.45,193.25,200.0,3.0,58.0,0.34298600135803226,True,CALL,2028-01-21,GS
GS280121C00890000,890.0,190.67,190.0,196.6,1.0,200.0,0.3406361713409424,True,CALL,2028-01-21,GS
GS280121C00895000,895.0,173.7,188.0,194.55,45.0,43.0,0.3409756760025025,True,CALL,2028-01-21,GS
GS280121C00900000,900.0,185.85,185.0,193.05,2.0,179.0,0.3423680265808105,True,CALL,2028-01-21,GS
GS280121C00905000,905.0,221.95,183.0,189.5,3.0,104.0,0.33961384269714356,True,CALL,2028-01-21,GS
GS280121C00910000,910.0,177.46,181.0,186.5,3.0,16.0,0.3379239487075805,True,CALL,2028-01-21,GS
GS280121C00915000,915.0,203.6,178.0,184.75,1.0,1.0,0.3386830658721923,True,CALL,2028-01-21,GS
GS280121C00920000,920.0,180.0,176.0,181.9,5.0,38.0,0.3372182367706299,True,CALL,2028-01-21,GS
GS280121C00925000,925.0,170.63,175.25,181.4,24.0,12.0,0.3403462572479248,True,CALL,2028-01-21,GS
GS280121C00930000,930.0,171.25,172.0,177.8,1.0,52.0,0.33732504722595213,True,CALL,2028-01-21,GS
GS280121C00935000,935.0,173.5,169.0,175.55,4.0,5.0,0.336920693359375,True,CALL,2028-01-21,GS
GS280121C00940000,940.0,199.19,167.0,173.55,1.0,47.0,0.33696646926879886,False,CALL,2028-01-21,GS
GS280121C00945000,945.0,199.1,165.0,171.5,3.0,43.0,0.33687110279083254,False,CALL,2028-01-21,GS
GS280121C00950000,950.0,164.57,163.0,169.55,13.0,71.0,0.3369283226776123,False,CALL,2028-01-21,GS
GS280121C00955000,955.0,181.75,160.0,166.5,1.0,12.0,0.3348111868667602,False,CALL,2028-01-21,GS
GS280121C00960000,960.0,183.09,158.0,164.55,11.0,111.0,0.33478829891204825,False,CALL,2028-01-21,GS
GS280121C00965000,965.0,153.7,156.0,162.6,2.0,14.0,0.33472726436614986,False,CALL,2028-01-21,GS
GS280121C00970000,970.0,181.12,154.0,160.5,5.0,91.0,0.3343343544769287,False,CALL,2028-01-21,GS
GS280121C00975000,975.0,156.6,153.25,158.5,2.0,56.0,0.33409784561157224,False,CALL,2028-01-21,GS
GS280121C00980000,980.0,173.96,150.0,156.45,146.0,94.0,0.333727823677063,False,CALL,2028-01-21,GS
GS280121C00985000,985.0,93.12,168.0,175.05,2.0,1.0,0.37305314453125,False,CALL,2028-01-21,GS
GS280121C00990000,990.0,170.75,146.0,152.5,2.0,6.0,0.3331556248092652,False,CALL,2028-01-21,GS
GS280121C00995000,995.0,144.65,144.0,150.5,2.0,5.0,0.33276652957916264,False,CALL,2028-01-21,GS
GS280121C01000000,1000.0,142.27,142.0,148.5,9.0,361.0,0.3323392877578735,False,CALL,2028-01-21,GS
GS280121C01005000,1005.0,163.72,140.0,148.0,2.0,80.0,0.33473870834350583,False,CALL,2028-01-21,GS
GS280121C01010000,1010.0,127.65,138.0,144.0,2.0,23.0,0.3304166995620727,False,CALL,2028-01-21,GS
GS280121C01015000,1015.0,155.0,136.0,142.0,2.0,6.0,0.32987883262634266,False,CALL,2028-01-21,GS
GS280121C01020000,1020.0,151.5,134.0,140.0,2.0,30.0,0.3293066337585449,False,CALL,2028-01-21,GS
GS280121C01025000,1025.0,158.82,132.0,138.0,1.0,17.0,0.3286962882995605,False,CALL,2028-01-21,GS
GS280121C01030000,1030.0,120.7,130.0,136.05,2.0,6.0,0.32814316272735594,False,CALL,2028-01-21,GS
GS280121C01035000,1035.0,111.0,129.0,135.0,2.0,2.0,0.32927230182647704,False,CALL,2028-01-21,GS
GS280121C01040000,1040.0,151.88,127.0,133.0,2.0,37.0,0.3285513312530517,False,CALL,2028-01-21,GS
GS280121C01045000,1045.0,126.38,126.25,131.0,1.0,6.0,0.32779984340667717,False,CALL,2028-01-21,GS
GS280121C01050000,1050.0,154.55,123.0,129.05,4.0,254.0,0.3271055754470825,False,CALL,2028-01-21,GS
GS280121C01055000,1055.0,81.17,141.0,0.0,,4.0,0.015634843750000002,False,CALL,2028-01-21,GS
GS280121C01060000,1060.0,137.35,120.0,125.95,2.0,90.0,0.32713609272003175,False,CALL,2028-01-21,GS
GS280121C01065000,1065.0,122.45,118.0,125.9,2.0,3.0,0.3299589404678344,False,CALL,2028-01-21,GS
GS280121C01070000,1070.0,108.4,117.0,123.0,4.0,32.0,0.3273153816986084,False,CALL,2028-01-21,GS
GS280121C01075000,1075.0,138.4,115.0,121.0,2.0,10.0,0.32635408760070805,False,CALL,2028-01-21,GS
GS280121C01080000,1080.0,114.8,113.0,120.0,2.0,132.0,0.32726579113006593,False,CALL,2028-01-21,GS
GS280121C01085000,1085.0,96.75,112.0,118.0,2.0,2.0,0.32623201850891115,False,CALL,2028-01-21,GS
GS280121C01090000,1090.0,116.35,110.0,115.8,1.0,17.0,0.32478626270294186,False,CALL,2028-01-21,GS
GS280121C01095000,1095.0,134.56,109.0,115.0,1.0,4.0,0.32598406566619864,False,CALL,2028-01-21,GS
GS280121C01100000,1100.0,107.98,107.0,113.0,5.0,388.0,0.32485111190795896,False,CALL,2028-01-21,GS
GS280121C01105000,1105.0,130.35,106.0,112.0,2.0,2.0,0.3256025997543334,False,CALL,2028-01-21,GS
GS280121C01110000,1110.0,128.55,104.0,111.0,2.0,5.0,0.3263235703277588,False,CALL,2028-01-21,GS
GS280121C01115000,1115.0,105.49,103.0,109.0,1.0,5.0,0.325091435432434,False,CALL,2028-01-21,GS
GS280121C01120000,1120.0,102.69,102.25,108.0,4.0,47.0,0.3257513714599609,False,CALL,2028-01-21,GS
GS280121C01125000,1125.0,128.0,100.0,106.0,8.0,9.0,0.32445057270050043,False,CALL,2028-01-21,GS
GS280121C01130000,1130.0,117.25,98.0,104.1,50.0,73.0,0.32330998962402335,False,CALL,2028-01-21,GS
GS280121C01135000,1135.0,120.24,97.0,104.0,4.0,7.0,0.32562548770904537,False,CALL,2028-01-21,GS
GS280121C01140000,1140.0,103.12,96.0,102.0,1.0,105.0,0.3242255078124999,False,CALL,2028-01-21,GS
GS280121C01145000,1145.0,85.6,95.3,101.0,34.0,62.0,0.3247366721343994,False,CALL,2028-01-21,GS
GS280121C01150000,1150.0,97.5,96.9,99.95,2.0,58.0,0.3251257673645019,False,CALL,2028-01-21,GS
GS280121C01155000,1155.0,111.7,92.0,98.0,6.0,12.0,0.32372578746795644,False,CALL,2028-01-21,GS
GS280121C01160000,1160.0,94.4,91.25,97.0,2.0,93.0,0.3241530292892455,False,CALL,2028-01-21,GS
GS280121C01165000,1165.0,89.85,89.0,96.0,2.0,24.0,0.32454975383758533,False,CALL,2028-01-21,GS
GS280121C01170000,1170.0,89.35,88.8,95.0,3.0,47.0,0.3249235904312134,False,CALL,2028-01-21,GS
GS280121C01175000,1175.0,106.7,87.0,93.0,2.0,7.0,0.32329473098754874,False,CALL,2028-01-21,GS
GS280121C01180000,1180.0,84.71,85.0,92.0,4.0,116.0,0.3236075330352782,False,CALL,2028-01-21,GS
GS280121C01185000,1185.0,103.0,84.0,91.0,2.0,63.0,0.3238974471282958,False,CALL,2028-01-21,GS
GS280121C01190000,1190.0,83.63,83.25,89.75,10.0,13.0,0.32366093826293935,False,CALL,2028-01-21,GS
GS280121C01195000,1195.0,101.3,82.0,87.75,3.0,33.0,0.32189475109100335,False,CALL,2028-01-21,GS
GS280121C01200000,1200.0,80.91,81.0,86.75,1.0,213.0,0.3220969280242919,False,CALL,2028-01-21,GS
GS280121C01210000,1210.0,96.73,78.0,84.5,4.0,58.0,0.32192145370483394,False,CALL,2028-01-21,GS
GS280121P00660000,660.0,45.8,43.25,48.7,2.0,53.0,0.3351773941421509,False,PUT,2028-01-21,GS
GS280121P00670000,670.0,49.6,46.75,50.05,164.0,133.0,0.329875017967224,False,PUT,2028-01-21,GS
GS280121P00680000,680.0,52.8,48.25,53.4,8.0,19.0,0.33034422103881833,False,PUT,2028-01-21,GS
GS280121P00690000,690.0,54.35,51.25,55.95,13.0,76.0,0.328208011932373,False,PUT,2028-01-21,GS
GS280121P00700000,700.0,57.2,53.9,59.35,4.0,78.0,0.3282118265914916,False,PUT,2028-01-21,GS
GS280121P00710000,710.0,58.39,55.0,61.7,1.0,21.0,0.3250876207733153,False,PUT,2028-01-21,GS
GS280121P00720000,720.0,63.3,58.1,65.4,2.0,16.0,0.3253546469116211,False,PUT,2028-01-21,GS
GS280121P00730000,730.0,63.75,61.0,68.2,2.0,9.0,0.3230124462127685,False,PUT,2028-01-21,GS
GS280121P00740000,740.0,69.6,64.0,71.1,2.0,59.0,0.320735094718933,False,PUT,2028-01-21,GS
GS280121P00750000,750.0,70.5,67.0,74.1,1.0,175.0,0.318518777770996,False,PUT,2028-01-21,GS
GS280121P00760000,760.0,76.85,70.0,77.25,24.0,18.0,0.31647793514251704,False,PUT,2028-01-21,GS
GS280121P00770000,770.0,78.0,74.0,80.15,1.0,4.0,0.31365127273559573,False,PUT,2028-01-21,GS
GS280121P00780000,780.0,78.5,78.05,83.75,5.0,62.0,0.3122932540893554,False,PUT,2028-01-21,GS
GS280121P00790000,790.0,81.52,81.6,87.0,14.0,16.0,0.30992435077667235,False,PUT,2028-01-21,GS
GS280121P00795000,795.0,88.3,82.3,88.7,2.0,3.0,0.3088409875869751,False,PUT,2028-01-21,GS
GS280121P00800000,800.0,88.0,84.0,90.6,2.0,236.0,0.30816579292297364,False,PUT,2028-01-21,GS
GS280121P00805000,805.0,90.85,86.0,91.0,2.0,9.0,0.30408410766601557,False,PUT,2028-01-21,GS
GS280121P00810000,810.0,96.18,88.0,95.0,24.0,16.0,0.3079826892852783,False,PUT,2028-01-21,GS
GS280121P00815000,815.0,105.05,90.55,95.25,2.0,3.0,0.30351190879821766,False,PUT,2028-01-21,GS
GS280121P00820000,820.0,97.35,92.0,97.75,2.0,18.0,0.3039582239151001,False,PUT,2028-01-21,GS
GS280121P00825000,825.0,97.0,94.0,100.45,2.0,8.0,0.3047669316482544,False,PUT,2028-01-21,GS
GS280121P00830000,830.0,112.78,96.0,101.25,1.0,12.0,0.30142147560119636,False,PUT,2028-01-21,GS
GS280121P00835000,835.0,105.2,98.0,104.5,2.0,1.0,0.3032906585693359,False,PUT,2028-01-21,GS
GS280121P00840000,840.0,103.4,100.0,106.95,2.0,18.0,0.3033822103881836,False,PUT,2028-01-21,GS
GS280121P00845000,845.0,101.75,102.0,108.75,2.0,6.0,0.30203945037841795,False,PUT,2028-01-21,GS
GS280121P00850000,850.0,103.0,104.0,109.75,4.0,7.0,0.2989800937652588,False,PUT,2028-01-21,GS
GS280121P00855000,855.0,109.5,106.0,112.55,14.0,25.0,0.29965147377014156,False,PUT,2028-01-21,GS
GS280121P00860000,860.0,117.1,108.0,115.0,2.0,35.0,0.2995332193374634,False,PUT,2028-01-21,GS
GS280121P00865000,865.0,133.5,110.0,117.0,6.0,4.0,0.29843078285217284,False,PUT,2028-01-21,GS
GS280121P00870000,870.0,117.2,112.95,119.0,2.0,3.0,0.2972825704574584,False,PUT,2028-01-21,GS
GS280121P00875000,875.0,137.45,114.0,120.75,2.0,2.0,0.2955850471496582,False,PUT,2028-01-21,GS
GS280121P00880000,880.0,141.0,117.0,123.0,1.0,39.0,0.29486026191711423,False,PUT,2028-01-21,GS
GS280121P00885000,885.0,143.0,119.0,126.0,15.0,31.0,0.29560030578613283,False,PUT,2028-01-21,GS
GS280121P00890000,890.0,124.3,121.0,128.0,2.0,18.0,0.2942728044128417,False,PUT,2028-01-21,GS
GS280121P00895000,895.0,131.02,124.0,130.0,2.0,7.0,0.2929033417892455,False,PUT,2028-01-21,GS
GS280121P00900000,900.0,124.5,126.0,132.0,50.0,82.0,0.2914919179153441,False,PUT,2028-01-21,GS
GS280121P00905000,905.0,154.59,128.0,135.0,1.0,1.0,0.29202215553283684,False,PUT,2028-01-21,GS
GS280121P00910000,910.0,134.42,131.0,137.0,1.0,7.0,0.2905153651809692,False,PUT,2028-01-21,GS
GS280121P00920000,920.0,139.5,135.0,141.0,2.0,151.0,0.2873873447036743,False,PUT,2028-01-21,GS
GS280121P00925000,925.0,141.78,138.5,145.0,10.0,18.0,0.28967232551574706,False,PUT,2028-01-21,GS
GS280121P00930000,930.0,136.19,140.0,145.75,3.0,189.0,0.28555630832672113,False,PUT,2028-01-21,GS
GS280121P00935000,935.0,157.9,142.95,149.0,2.0,2.0,0.28627346424102784,False,PUT,2028-01-21,GS
GS280121P00940000,940.0,144.05,145.0,152.0,2.0,5.0,0.28644893856048576,True,PUT,2028-01-21,GS
GS280121P00945000,945.0,156.35,148.0,155.0,2.0,1.0,0.2865748223114013,True,PUT,2028-01-21,GS
GS280121P00950000,950.0,146.44,151.0,155.75,3.0,4.0,0.2823138480758667,True,PUT,2028-01-21,GS
GS280121P00965000,965.0,153.15,157.25,165.0,,3.0,0.28275634853363035,True,PUT,2028-01-21,GS
GS280121P00970000,970.0,188.35,159.95,168.0,,1.0,0.28264953807830806,True,PUT,2028-01-21,GS
GS280121P00975000,975.0,172.22,163.95,170.0,2.0,1.0,0.2805781781768798,True,PUT,2028-01-21,GS
GS280121P00980000,980.0,174.64,164.75,173.0,3.0,27.0,0.2803798159027099,True,PUT,2028-01-21,GS
GS280121P00990000,990.0,168.95,171.95,178.0,,4.0,0.27793080474853515,True,PUT,2028-01-21,GS
GS280121P01000000,1000.0,182.05,177.9,184.0,1.0,126.0,0.27721364883422844,True,PUT,2028-01-21,GS
GS280121P01030000,1030.0,191.2,193.0,201.0,2.0,2.0,0.27206385902404784,True,PUT,2028-01-21,GS
GS280121P01035000,1035.0,291.7,0.0,0.0,,1.0,1.0000000000000003e-05,True,PUT,2028-01-21,GS
GS280121P01040000,1040.0,200.2,200.0,207.0,2.0,2.0,0.27062573253631594,True,PUT,2028-01-21,GS
GS280121P01050000,1050.0,223.5,205.0,214.0,12.0,35.0,0.2709194612884521,True,PUT,2028-01-21,GS
GS280121P01055000,1055.0,268.25,210.0,217.0,,1.0,0.27004590435028075,True,PUT,2028-01-21,GS
GS280121P01060000,1060.0,261.95,213.0,0.0,,1.0,1.0000000000000003e-05,True,PUT,2028-01-21,GS
GS280121P01080000,1080.0,256.58,224.95,232.0,,0.0,0.26499148101806635,True,PUT,2028-01-21,GS
GS280121P01100000,1100.0,261.65,237.95,245.0,200.0,200.0,0.26207326679229737,True,PUT,2028-01-21,GS
GS280121P01120000,1120.0,342.82,346.0,355.0,,0.0,0.445405784034729,True,PUT,2028-01-21,GS
GS280121P01150000,1150.0,262.0,273.0,280.0,,3.0,0.2566717094802856,True,PUT,2028-01-21,GS
GS280121P01155000,1155.0,265.45,275.7,283.0,,1.0,0.2548559317398072,True,PUT,2028-01-21,GS
GS280121P01160000,1160.0,268.7,278.0,287.0,3.0,3.0,0.25506573799133314,True,PUT,2028-01-21,GS
GS280121P01165000,1165.0,272.1,282.9,290.0,,5.0,0.25314696445465096,True,PUT,2028-01-21,GS
GS280121P01195000,1195.0,292.95,305.1,312.0,,5.0,0.249030947265625,True,PUT,2028-01-21,GS
GS280121P01200000,1200.0,290.0,306.05,315.0,3.0,3.0,0.2467192638397217,True,PUT,2028-01-21,GS
GS280121P01210000,1210.0,324.5,314.15,323.0,,0.0,0.24635305656433107,True,PUT,2028-01-21,GS
GS280616C00660000,660.0,304.4,339.0,347.3,,1.0,0.36739219039917,True,CALL,2028-06-16,GS
GS280616C00680000,680.0,298.57,327.0,335.0,1.0,2.0,0.36762869926452635,True,CALL,2028-06-16,GS
GS280616C00690000,690.0,350.76,320.0,328.0,2.0,79.0,0.36530557186126705,True,CALL,2028-06-16,GS
GS280616C00700000,700.0,358.44,314.0,321.0,65.0,19.0,0.36284511672973635,True,CALL,2028-06-16,GS
GS280616C00710000,710.0,324.6,307.0,315.0,40.0,23.0,0.3625857199096679,True,CALL,2028-06-16,GS
GS280616C00720000,720.0,312.5,301.0,309.0,2.0,0.0,0.3621088875198364,True,CALL,2028-06-16,GS
GS280616C00730000,730.0,293.68,295.0,303.0,1.0,2.0,0.36143369285583493,True,CALL,2028-06-16,GS
GS280616C00740000,740.0,273.55,288.0,296.95,,1.0,0.36045332546234127,True,CALL,2028-06-16,GS
GS280616C00750000,750.0,309.0,282.0,291.0,1.0,1.0,0.35951873397827144,True,CALL,2028-06-16,GS
GS280616C00760000,760.0,245.09,277.0,285.0,,1.0,0.3582980430603027,True,CALL,2028-06-16,GS
GS280616C00770000,770.0,269.89,271.0,279.0,6.0,7.0,0.3569171364593505,True,CALL,2028-06-16,GS
GS280616C00800000,800.0,289.9,254.0,262.0,2.0,4.0,0.3538959264373779,True,CALL,2028-06-16,GS
GS280616C00810000,810.0,219.1,249.0,256.5,2.0,6.0,0.35290792972564694,True,CALL,2028-06-16,GS
GS280616C00820000,820.0,268.0,243.0,250.95,3.0,5.0,0.3516681655120849,True,CALL,2028-06-16,GS
GS280616C00830000,830.0,281.2,238.0,245.5,6.0,13.0,0.35047417720794666,True,CALL,2028-06-16,GS
GS280616C00840000,840.0,232.35,233.0,241.0,1.0,8.0,0.35097389755249014,True,CALL,2028-06-16,GS
GS280616C00850000,850.0,259.03,227.0,235.5,6.0,19.0,0.3493793700408935,True,CALL,2028-06-16,GS
GS280616C00860000,860.0,212.17,222.0,230.5,1.0,9.0,0.3486011795806885,True,CALL,2028-06-16,GS
GS280616C00870000,870.0,241.0,217.0,225.5,2.0,3.0,0.34767421741485594,True,CALL,2028-06-16,GS
GS280616C00880000,880.0,231.5,212.0,220.5,1.0,15.0,0.34660611286163323,True,CALL,2028-06-16,GS
GS280616C00890000,890.0,210.0,207.0,216.0,3.0,11.0,0.3463276427459716,True,CALL,2028-06-16,GS
GS280616C00900000,900.0,230.0,202.0,211.0,5.0,67.0,0.3449810680770874,True,CALL,2028-06-16,GS
GS280616C00910000,910.0,201.6,198.0,204.35,1.0,11.0,0.34049502895355227,True,CALL,2028-06-16,GS
GS280616C00920000,920.0,208.6,193.0,201.3,50.0,29.0,0.3424481344223022,True,CALL,2028-06-16,GS
GS280616C00930000,930.0,190.1,189.0,196.45,4.0,10.0,0.3409871199798584,True,CALL,2028-06-16,GS
GS280616C00940000,940.0,205.55,184.0,191.0,1.0,49.0,0.3383263952445983,False,CALL,2028-06-16,GS
GS280616C00950000,950.0,180.34,180.0,186.95,11.0,30.0,0.33804983245849607,False,CALL,2028-06-16,GS
GS280616C00960000,960.0,176.75,176.0,182.55,1.0,7.0,0.33701987449646,False,CALL,2028-06-16,GS
GS280616C00970000,970.0,200.17,172.0,178.5,4.0,8.0,0.33648200756073,False,CALL,2028-06-16,GS
GS280616C00980000,980.0,168.39,168.0,175.0,1.0,68.0,0.3367833656311035,False,CALL,2028-06-16,GS
GS280616C00990000,990.0,184.49,165.25,171.0,1.0,6.0,0.3360776536941529,False,CALL,2028-06-16,GS
GS280616C01000000,1000.0,160.92,161.25,167.55,2.0,512.0,0.33621116676330565,False,CALL,2028-06-16,GS
GS280616C01010000,1010.0,182.25,156.0,163.05,2.0,2.0,0.3343877597045898,False,CALL,2028-06-16,GS
GS280616C01020000,1020.0,178.15,152.0,159.5,2.0,4.0,0.3341016602706909,False,CALL,2028-06-16,GS
GS280616C01030000,1030.0,177.09,149.0,157.05,2.0,7.0,0.33561226528167726,False,CALL,2028-06-16,GS
GS280616C01040000,1040.0,146.2,145.0,151.0,2.0,54.0,0.33074476024627686,False,CALL,2028-06-16,GS
GS280616C01050000,1050.0,144.25,142.25,147.45,1.0,9.0,0.3301096195030212,False,CALL,2028-06-16,GS
GS280616C01060000,1060.0,141.46,138.0,145.5,4.0,37.0,0.33213711082458497,False,CALL,2028-06-16,GS
GS280616C01070000,1070.0,137.15,135.0,140.95,14.0,17.0,0.32953932796478264,False,CALL,2028-06-16,GS
GS280616C01080000,1080.0,132.39,132.0,138.0,1.0,9.0,0.3296079918289184,False,CALL,2028-06-16,GS
GS280616C01090000,1090.0,116.3,128.0,135.5,16.0,10.0,0.33034803569793697,False,CALL,2028-06-16,GS
GS280616C01100000,1100.0,125.75,125.0,132.65,4.0,16.0,0.3303747383117675,False,CALL,2028-06-16,GS
GS280616C01110000,1110.0,123.45,123.15,128.25,2.0,15.0,0.32759766647338867,False,CALL,2028-06-16,GS
GS280616C01120000,1120.0,120.5,120.25,126.0,2.0,42.0,0.32845596477508543,False,CALL,2028-06-16,GS
GS280616C01130000,1130.0,101.9,117.25,123.05,2.0,4.0,0.3279943910217285,False,CALL,2028-06-16,GS
GS280616C01140000,1140.0,115.55,113.55,120.0,2.0,19.0,0.32725434715270996,False,CALL,2028-06-16,GS
GS280616C01150000,1150.0,111.48,112.25,117.05,1.0,58.0,0.3265867818069458,False,CALL,2028-06-16,GS
GS280616C01160000,1160.0,109.8,108.0,115.0,60.0,60.0,0.3274069335174561,False,CALL,2028-06-16,GS
GS280616C01170000,1170.0,121.3,106.25,112.05,2.0,57.0,0.32654100589752194,False,CALL,2028-06-16,GS
GS280616C01180000,1180.0,126.32,103.0,110.0,10.0,10.0,0.32717423931121825,False,CALL,2028-06-16,GS
GS280616C01190000,1190.0,101.3,100.0,106.05,2.0,12.0,0.32433613292694086,False,CALL,2028-06-16,GS
GS280616C01200000,1200.0,99.79,98.1,105.0,2.0,217.0,0.3265696158409118,False,CALL,2028-06-16,GS
GS280616C01210000,1210.0,111.47,96.0,102.8,2.0,33.0,0.3266668896484375,False,CALL,2028-06-16,GS
GS280616P00660000,660.0,58.39,52.25,57.85,37.0,20.0,0.33066465240478515,False,PUT,2028-06-16,GS
GS280616P00670000,670.0,69.45,54.0,60.4,2.0,2.0,0.32844452079772946,False,PUT,2028-06-16,GS
GS280616P00680000,680.0,60.6,57.25,62.65,,5.0,0.32528598304748535,False,PUT,2028-06-16,GS
GS280616P00690000,690.0,65.67,59.0,65.7,1.0,3.0,0.324015701560974,False,PUT,2028-06-16,GS
GS280616P00700000,700.0,64.23,62.0,68.5,1.0,29.0,0.3219252683639526,False,PUT,2028-06-16,GS
GS280616P00720000,720.0,73.4,69.35,74.35,2.0,3.0,0.3178435831069946,False,PUT,2028-06-16,GS
GS280616P00730000,730.0,78.4,72.6,77.4,1.0,9.0,0.31584470172882073,False,PUT,2028-06-16,GS
GS280616P00740000,740.0,84.65,75.25,82.05,2.0,2.0,0.31729427219390866,False,PUT,2028-06-16,GS
GS280616P00750000,750.0,85.04,78.0,84.9,4.0,10.0,0.3144676097869873,False,PUT,2028-06-16,GS
GS280616P00760000,760.0,96.0,82.15,88.45,14.0,8.0,0.31302948329925534,False,PUT,2028-06-16,GS
GS280616P00770000,770.0,88.15,85.0,91.8,2.0,8.0,0.31098864067077625,False,PUT,2028-06-16,GS
GS280616P00780000,780.0,92.0,88.0,94.3,1.0,16.0,0.30700613655090325,False,PUT,2028-06-16,GS
GS280616P00790000,790.0,106.15,92.0,98.9,,11.0,0.3072807920074463,False,PUT,2028-06-16,GS
GS280616P00800000,800.0,99.2,96.0,103.0,3.0,5.0,0.3063080539321899,False,PUT,2028-06-16,GS
GS280616P00810000,810.0,111.0,99.0,106.95,2.0,2.0,0.3048546688079834,False,PUT,2028-06-16,GS
GS280616P00820000,820.0,105.32,103.0,111.0,6.0,6.0,0.30343180095672606,False,PUT,2028-06-16,GS
GS280616P00830000,830.0,116.5,107.0,114.05,16.0,19.0,0.2998841679763794,False,PUT,2028-06-16,GS
GS280616P00840000,840.0,117.55,111.0,118.55,,1.0,0.2990296843338013,False,PUT,2028-06-16,GS
GS280616P00850000,850.0,120.25,116.0,122.85,2.0,51.0,0.2976182604598998,False,PUT,2028-06-16,GS
GS280616P00860000,860.0,124.55,120.0,127.0,2.0,5.0,0.29576052146911613,False,PUT,2028-06-16,GS
GS280616P00880000,880.0,140.65,129.0,134.75,2.0,9.0,0.29057639972686766,False,PUT,2028-06-16,GS
GS280616P00900000,900.0,149.55,138.0,143.75,2.0,28.0,0.28712413322448727,False,PUT,2028-06-16,GS
GS280616P00910000,910.0,139.7,143.0,150.0,,2.0,0.2883333801651,False,PUT,2028-06-16,GS
GS280616P00920000,920.0,153.7,147.95,155.0,2.0,3.0,0.28710505992889396,False,PUT,2028-06-16,GS
GS280616P00930000,930.0,153.1,153.0,160.0,2.0,8.0,0.2857241533279419,False,PUT,2028-06-16,GS
GS280616P00940000,940.0,162.25,156.05,164.75,36.0,47.0,0.28374434524536124,True,PUT,2028-06-16,GS
GS280616P00950000,950.0,167.0,163.0,170.0,2.0,14.0,0.2825007663726806,True,PUT,2028-06-16,GS
GS280616P00960000,960.0,177.47,168.0,175.0,4.0,3.0,0.2806659153366088,True,PUT,2028-06-16,GS
GS280616P00970000,970.0,171.95,173.85,181.0,,2.0,0.2804370357894897,True,PUT,2028-06-16,GS
GS280616P00980000,980.0,186.5,178.95,186.0,2.0,2.0,0.27830464134216304,True,PUT,2028-06-16,GS
GS280616P01000000,1000.0,199.75,189.95,196.0,2.0,2.0,0.27360116664886475,True,PUT,2028-06-16,GS
GS280616P01010000,1010.0,212.95,193.55,203.0,,1.0,0.2745014262008667,True,PUT,2028-06-16,GS
GS280616P01020000,1020.0,198.6,199.0,208.0,4.0,3.0,0.2717815742492676,True,PUT,2028-06-16,GS
GS280616P01040000,1040.0,217.3,212.0,219.0,2.0,24.0,0.2676312251281738,True,PUT,2028-06-16,GS
GS280616P01060000,1060.0,229.0,223.45,232.0,2.0,2.0,0.2663685729598999,True,PUT,2028-06-16,GS
GS280616P01200000,1200.0,327.15,319.0,326.0,,2.0,0.24665059997558597,True,PUT,2028-06-16,GS
GS281215C00700000,700.0,344.26,327.0,335.0,2.0,5.0,0.3600794888687134,True,CALL,2028-12-15,GS
GS281215C00740000,740.0,315.0,303.0,312.0,,1.0,0.35798524101257323,True,CALL,2028-12-15,GS
GS281215C00800000,800.0,300.04,270.0,278.0,,4.0,0.35133629016876217,True,CALL,2028-12-15,GS
GS281215C00835000,835.0,274.85,252.0,260.0,,10.0,0.34866221412658693,True,CALL,2028-12-15,GS
GS281215C00850000,850.0,245.6,244.0,251.0,1.0,16.0,0.3447865204620362,True,CALL,2028-12-15,GS
GS281215C00865000,865.0,241.45,237.0,246.0,2.0,1.0,0.34762462684631346,True,CALL,2028-12-15,GS
GS281215C00870000,870.0,258.15,235.0,242.5,,1.0,0.3453320167160034,True,CALL,2028-12-15,GS
GS281215C00880000,880.0,245.12,230.0,238.0,2.0,3.0,0.34497153142929077,True,CALL,2028-12-15,GS
GS281215C00890000,890.0,223.03,225.0,234.0,1.0,1.0,0.345335831375122,True,CALL,2028-12-15,GS
GS281215C00900000,900.0,218.25,221.0,230.0,6.0,10.0,0.34556852558135986,True,CALL,2028-12-15,GS
GS281215C00910000,910.0,221.7,216.0,224.15,2.0,2.0,0.342581647491455,True,CALL,2028-12-15,GS
GS281215C00920000,920.0,210.25,212.0,220.0,2.0,5.0,0.3423375093078613,True,CALL,2028-12-15,GS
GS281215C00925000,925.0,207.38,209.0,216.0,2.0,5.0,0.3389844239425659,True,CALL,2028-12-15,GS
GS281215C00930000,930.0,209.57,207.0,214.05,8.0,10.0,0.3390054045677185,True,CALL,2028-12-15,GS
GS281215C00935000,935.0,210.65,206.0,211.95,3.0,2.0,0.33874982240676876,True,CALL,2028-12-15,GS
GS281215C00940000,940.0,216.55,203.0,209.5,,1.0,0.33789343143463135,False,CALL,2028-12-15,GS
GS281215C00945000,945.0,225.0,201.0,208.0,2.0,47.0,0.33856481143951417,False,CALL,2028-12-15,GS
GS281215C00950000,950.0,198.14,199.0,206.0,1.0,87.0,0.3383893371200561,False,CALL,2028-12-15,GS
GS281215C00955000,955.0,198.89,197.0,204.0,1.0,5.0,0.33818525285720824,False,CALL,2028-12-15,GS
GS281215C00960000,960.0,196.4,195.0,201.1,25.0,71.0,0.33649345153808596,False,CALL,2028-12-15,GS
GS281215C00965000,965.0,211.11,193.0,200.0,2.0,37.0,0.3376988838195801,False,CALL,2028-12-15,GS
GS281215C00970000,970.0,195.7,191.0,198.0,5.0,94.0,0.3374127843856812,False,CALL,2028-12-15,GS
GS281215C00975000,975.0,191.3,189.0,194.05,1.0,64.0,0.3339567032241822,False,CALL,2028-12-15,GS
GS281215C00980000,980.0,190.4,187.0,194.7,6.0,73.0,0.33789724609375,False,CALL,2028-12-15,GS
GS281215C00985000,985.0,187.85,185.0,190.05,12.0,4.0,0.33327006458282477,False,CALL,2028-12-15,GS
GS281215C00995000,995.0,211.1,181.3,189.0,,23.0,0.3372144221115112,False,CALL,2028-12-15,GS
GS281215C01000000,1000.0,181.0,179.0,186.0,1.0,57.0,0.3351735794830323,False,CALL,2028-12-15,GS
GS281215C01005000,1005.0,212.5,177.0,184.05,7.0,8.0,0.3347921135711669,False,CALL,2028-12-15,GS
GS281215C01010000,1010.0,186.25,175.15,182.2,1.0,23.0,0.3345479753875732,False,CALL,2028-12-15,GS
GS281215C01025000,1025.0,199.67,170.0,177.0,,1.0,0.33421991470336915,False,CALL,2028-12-15,GS
GS281215C01040000,1040.0,177.0,165.0,171.85,1.0,4.0,0.3337507116317749,False,CALL,2028-12-15,GS
GS281215C01045000,1045.0,191.77,163.0,170.0,,1.0,0.3333349137878418,False,CALL,2028-12-15,GS
GS281215C01050000,1050.0,164.5,161.0,167.05,2.0,2.0,0.3311567434310913,False,CALL,2028-12-15,GS
GS281215C01055000,1055.0,159.0,159.0,166.75,2.0,31.0,0.3331479954910279,False,CALL,2028-12-15,GS
GS281215C01060000,1060.0,159.6,158.0,166.35,2.0,19.0,0.33495805124282835,False,CALL,2028-12-15,GS
GS281215C01065000,1065.0,161.55,156.0,162.05,2.0,43.0,0.3305769152450561,False,CALL,2028-12-15,GS
GS281215C01070000,1070.0,183.16,154.0,161.7,,77.0,0.33241939559936523,False,CALL,2028-12-15,GS
GS281215C01080000,1080.0,163.12,151.3,158.65,,3.0,0.3323163998031616,False,CALL,2028-12-15,GS
GS281215C01085000,1085.0,164.7,150.0,156.65,,1.0,0.3314848041152954,False,CALL,2028-12-15,GS
GS281215C01100000,1100.0,146.4,145.0,151.05,18.0,11.0,0.3294821080780028,False,CALL,2028-12-15,GS
GS281215C01130000,1130.0,137.4,136.0,143.25,4.0,2.0,0.3302641131973267,False,CALL,2028-12-15,GS
GS281215C01150000,1150.0,135.55,130.0,136.35,2.0,3.0,0.3276777743148804,False,CALL,2028-12-15,GS
GS281215C01155000,1155.0,144.3,129.4,135.05,,1.0,0.3276548863601685,False,CALL,2028-12-15,GS
GS281215C01160000,1160.0,126.3,127.0,134.0,29.0,79.0,0.3280058349990845,False,CALL,2028-12-15,GS
GS281215C01165000,1165.0,142.09,126.0,133.0,2.0,74.0,0.3284178181838989,False,CALL,2028-12-15,GS
GS281215C01170000,1170.0,126.75,125.0,131.05,24.0,87.0,0.32730012306213385,False,CALL,2028-12-15,GS
GS281215C01175000,1175.0,147.52,123.0,130.0,144.0,106.0,0.32759385181427003,False,CALL,2028-12-15,GS
GS281215C01180000,1180.0,122.5,122.0,129.0,2.0,3.0,0.32795052244186396,False,CALL,2028-12-15,GS
GS281215C01185000,1185.0,145.65,121.0,128.0,2.0,1.0,0.3282881197738647,False,CALL,2028-12-15,GS
GS281215C01190000,1190.0,123.4,120.0,126.75,2.0,1.0,0.328208011932373,False,CALL,2028-12-15,GS
GS281215C01195000,1195.0,143.27,119.25,125.0,,2.0,0.32730775238037113,False,CALL,2028-12-15,GS
GS281215C01200000,1200.0,119.05,117.0,123.6,14.0,20.0,0.3269491744232177,False,CALL,2028-12-15,GS
GS281215C01210000,1210.0,138.12,115.0,121.75,,65.0,0.3276968476104737,False,CALL,2028-12-15,GS
GS281215P00680000,680.0,72.8,67.0,72.5,1.0,5.0,0.3186027002716064,False,PUT,2028-12-15,GS
GS281215P00690000,690.0,75.16,70.0,78.0,4.0,7.0,0.32240210075378406,False,PUT,2028-12-15,GS
GS281215P00700000,700.0,80.65,73.75,81.0,,1.0,0.32035744346618644,False,PUT,2028-12-15,GS
GS281215P00710000,710.0,80.05,76.75,84.0,,1.0,0.31818308776855464,False,PUT,2028-12-15,GS
GS281215P00730000,730.0,88.09,83.0,88.95,1.0,6.0,0.31127855476379385,False,PUT,2028-12-15,GS
GS281215P00740000,740.0,95.18,86.2,92.15,,1.0,0.30918049224853517,False,PUT,2028-12-15,GS
GS281215P00750000,750.0,95.0,89.35,95.6,,10.0,0.30744863700866687,False,PUT,2028-12-15,GS
GS281215P00760000,760.0,95.2,93.0,99.05,2.0,4.0,0.30558326869964597,False,PUT,2028-12-15,GS
GS281215P00770000,770.0,100.85,96.05,103.4,10.0,12.0,0.305320057220459,False,PUT,2028-12-15,GS
GS281215P00790000,790.0,105.1,104.0,109.45,,1.0,0.29929289581298824,False,PUT,2028-12-15,GS
GS281215P00800000,800.0,108.25,108.0,116.0,1.0,2.0,0.30264979583740237,False,PUT,2028-12-15,GS
GS281215P00805000,805.0,113.95,109.0,116.25,5.0,21.0,0.29867492103576654,False,PUT,2028-12-15,GS
GS281215P00810000,810.0,115.5,111.0,118.35,,21.0,0.2980798342132568,False,PUT,2028-12-15,GS
GS281215P00820000,820.0,116.4,116.2,121.75,1.0,2.0,0.29534472362518305,False,PUT,2028-12-15,GS
GS281215P00840000,840.0,127.15,124.0,130.9,,5.0,0.29368916156768793,False,PUT,2028-12-15,GS
GS281215P00860000,860.0,140.19,132.0,139.35,2.0,2.0,0.29024833904266356,False,PUT,2028-12-15,GS
GS281215P00870000,870.0,145.4,137.0,144.0,25.0,11.0,0.28906198005676265,False,PUT,2028-12-15,GS
GS281215P00890000,890.0,147.75,146.0,152.9,,6.0,0.2856173428726196,False,PUT,2028-12-15,GS
GS281215P00900000,900.0,155.5,150.65,158.0,10.0,6.0,0.28479146917343134,False,PUT,2028-12-15,GS
GS281215P00920000,920.0,169.31,160.0,167.0,22.0,11.0,0.28076128181457516,False,PUT,2028-12-15,GS
GS281215P00925000,925.0,168.28,163.0,169.8,9.0,31.0,0.2805781781768798,False,PUT,2028-12-15,GS
GS281215P00930000,930.0,166.8,165.05,172.0,,4.0,0.2793841898727416,False,PUT,2028-12-15,GS
GS281215P00940000,940.0,171.3,170.0,178.0,2.0,2.0,0.27949862964630123,True,PUT,2028-12-15,GS
GS281215P00950000,950.0,177.0,176.5,182.7,1.0,174.0,0.2773738645172119,True,PUT,2028-12-15,GS
GS281215P00960000,960.0,189.33,178.0,188.0,2.0,1.0,0.27609595371246337,True,PUT,2028-12-15,GS
GS281215P01000000,1000.0,198.38,201.65,209.0,7.0,4.0,0.26942983690261835,True,PUT,2028-12-15,GS
GS281215P01020000,1020.0,212.95,211.0,220.0,,5.0,0.2661549520492554,True,PUT,2028-12-15,GS
GS281215P01100000,1100.0,254.01,260.0,269.0,,1.0,0.25606517868041995,True,PUT,2028-12-15,GS
GS281215P01150000,1150.0,286.03,294.0,302.0,,2.0,0.24960886812210084,True,PUT,2028-12-15,GS
GT260220C00007000,7.0,2.56,2.1,2.9,2.0,4.0,1.4453152734375,True,CALL,2026-02-20,GT
GT260220C00008000,8.0,1.61,1.45,1.8,13.0,82.0,0.507817421875,True,CALL,2026-02-20,GT
GT260220C00009000,9.0,0.92,0.9,1.0,49.0,1734.0,0.6601596484375001,True,CALL,2026-02-20,GT
GT260220C00010000,10.0,0.44,0.4,0.45,1281.0,16394.0,0.62305064453125,False,CALL,2026-02-20,GT
GT260220C00011000,11.0,0.19,0.15,0.2,3.0,2707.0,0.6347692773437501,False,CALL,2026-02-20,GT
GT260220C00012000,12.0,0.08,0.05,0.1,2.0,163.0,0.6679720703125002,False,CALL,2026-02-20,GT
GT260220P00007000,7.0,0.05,0.0,0.05,40.0,2218.0,0.7187528125,False,PUT,2026-02-20,GT
GT260220P00008000,8.0,0.12,0.1,0.15,61.0,1315.0,0.7070341796875,False,PUT,2026-02-20,GT
GT260220P00009000,9.0,0.35,0.3,0.45,35.0,2564.0,0.6718782812500002,False,PUT,2026-02-20,GT
GT260220P00010000,10.0,0.92,0.8,0.9,21.0,230.0,0.632816171875,True,PUT,2026-02-20,GT
GT260220P00011000,11.0,1.8,1.4,1.9,5.0,118.0,0.71679970703125,True,PUT,2026-02-20,GT
GT260220P00012000,12.0,2.72,2.3,2.9,2.0,6.0,0.8710950390625,True,PUT,2026-02-20,GT
GT260320C00007000,7.0,2.5,2.6,2.8,5.0,639.0,0.6914093359375001,True,CALL,2026-03-20,GT
GT260320C00008000,8.0,1.71,1.55,1.85,2.0,1373.0,0.632816171875,True,CALL,2026-03-20,GT
GT260320C00009000,9.0,1.05,1.05,1.1,11.0,868.0,0.5390671093750001,True,CALL,2026-03-20,GT
GT260320C00010000,10.0,0.57,0.55,0.6,41.0,11798.0,0.524418818359375,False,CALL,2026-03-20,GT
GT260320C00011000,11.0,0.25,0.25,0.3,105.0,1284.0,0.51562984375,False,CALL,2026-03-20,GT
GT260320C00012000,12.0,0.11,0.1,0.15,1.0,374.0,0.51758294921875,False,CALL,2026-03-20,GT
GT260320P00007000,7.0,0.15,0.05,0.1,1.0,968.0,0.6171913281250001,False,PUT,2026-03-20,GT
GT260320P00008000,8.0,0.18,0.15,0.25,1.0,7018.0,0.5644574804687501,False,PUT,2026-03-20,GT
GT260320P00009000,9.0,0.41,0.4,0.5,12.0,631.0,0.5097705273437501,False,PUT,2026-03-20,GT
GT260320P00010000,10.0,0.95,0.9,1.05,5.0,323.0,0.5136767382812499,True,PUT,2026-03-20,GT
GT260320P00011000,11.0,1.63,1.6,1.8,1.0,228.0,0.523442265625,True,PUT,2026-03-20,GT
GT260320P00012000,12.0,3.2,2.35,2.9,95.0,141.0,0.6113320117187502,True,PUT,2026-03-20,GT
GT260417C00007000,7.0,1.9,2.35,2.95,21.0,197.0,0.8281267187499999,True,CALL,2026-04-17,GT
GT260417C00008000,8.0,1.79,1.7,1.9,6.0,403.0,0.5498091894531252,True,CALL,2026-04-17,GT
GT260417C00009000,9.0,1.14,1.15,1.25,2.0,431.0,0.5097705273437501,True,CALL,2026-04-17,GT
GT260417C00010000,10.0,0.65,0.65,0.7,3.0,1360.0,0.49219257812500006,False,CALL,2026-04-17,GT
GT260417C00011000,11.0,0.35,0.35,0.4,1.0,1161.0,0.49609878906250005,False,CALL,2026-04-17,GT
GT260417C00012000,12.0,0.2,0.15,0.25,2.0,413.0,0.523442265625,False,CALL,2026-04-17,GT
GT260417P00007000,7.0,0.12,0.1,0.15,1.0,3510.0,0.570316796875,False,PUT,2026-04-17,GT
GT260417P00008000,8.0,0.25,0.2,0.3,6.0,1228.0,0.5371140039062501,False,PUT,2026-04-17,GT
GT260417P00009000,9.0,0.58,0.5,0.55,10.0,164.0,0.47070841796875,False,PUT,2026-04-17,GT
GT260417P00010000,10.0,1.1,0.95,1.05,2.0,64.0,0.45508357421875,True,PUT,2026-04-17,GT
GT260417P00011000,11.0,1.73,1.7,1.85,109.0,119.0,0.51758294921875,True,PUT,2026-04-17,GT
GT260618C00007000,7.0,2.9,2.5,3.2,1.0,362.0,0.5468795312500001,True,CALL,2026-06-18,GT
GT260618C00008000,8.0,2.0,2.1,2.25,2.0,405.0,0.5654340332031251,True,CALL,2026-06-18,GT
GT260618C00009000,9.0,1.13,1.45,1.6,1.0,479.0,0.5273484765625001,True,CALL,2026-06-18,GT
GT260618C00010000,10.0,1.0,0.95,1.1,6.0,1117.0,0.5048877636718749,False,CALL,2026-06-18,GT
GT260618C00011000,11.0,0.65,0.6,0.75,103.0,426.0,0.5283250292968751,False,CALL,2026-06-18,GT
GT260618C00012000,12.0,0.46,0.4,0.5,5.0,625.0,0.5224657128906249,False,CALL,2026-06-18,GT
GT260618P00007000,7.0,0.25,0.2,0.3,29.0,2014.0,0.5351608984375,False,PUT,2026-06-18,GT
GT260618P00008000,8.0,0.5,0.45,0.65,109.0,352.0,0.543949873046875,False,PUT,2026-06-18,GT
GT260618P00009000,9.0,0.85,0.75,1.0,1.0,566.0,0.5546919531250001,False,PUT,2026-06-18,GT
GT260618P00010000,10.0,1.75,1.25,1.45,1.0,389.0,0.5097705273437501,True,PUT,2026-06-18,GT
GT260618P00011000,11.0,2.4,2.15,0.0,5.0,22.0,1.0000000000000003e-05,True,PUT,2026-06-18,GT
GT260618P00012000,12.0,3.69,4.2,4.3,10.0,52.0,1.1035201074218752,True,PUT,2026-06-18,GT
GT260717C00007000,7.0,2.95,2.6,3.1,9.0,697.0,0.6562534375000001,True,CALL,2026-07-17,GT
GT260717C00008000,8.0,2.25,2.2,2.4,1.0,98.0,0.5742230078125,True,CALL,2026-07-17,GT
GT260717C00009000,9.0,1.36,1.55,1.7,1.0,39.0,0.5214891601562499,True,CALL,2026-07-17,GT
GT260717C00010000,10.0,1.1,1.1,1.2,11.0,482.0,0.507817421875,False,CALL,2026-07-17,GT
GT260717C00011000,11.0,0.63,0.7,0.85,3.0,62.0,0.5205126074218749,False,CALL,2026-07-17,GT
GT260717C00012000,12.0,0.5,0.45,0.55,1.0,488.0,0.49707534179687507,False,CALL,2026-07-17,GT
GT260717P00007000,7.0,0.3,0.25,0.45,20.0,258.0,0.5546919531250001,False,PUT,2026-07-17,GT
GT260717P00008000,8.0,0.59,0.5,0.65,53.0,65.0,0.507817421875,False,PUT,2026-07-17,GT
GT260717P00009000,9.0,1.1,0.85,1.0,116.0,191.0,0.5048877636718749,False,PUT,2026-07-17,GT
GT260717P00010000,10.0,1.5,1.35,1.5,1.0,322.0,0.48340360351562506,True,PUT,2026-07-17,GT
GT260717P00012000,12.0,2.9,3.6,3.9,3.0,523.0,0.8125018749999999,True,PUT,2026-07-17,GT
GT260918C00008000,8.0,2.36,2.45,2.55,10.0,604.0,0.5712933496093751,True,CALL,2026-09-18,GT
GT260918C00009000,9.0,1.5,1.8,2.1,10.0,66.0,0.5585981640625001,True,CALL,2026-09-18,GT
GT260918C00010000,10.0,1.4,1.3,1.5,12.0,487.0,0.51562984375,False,CALL,2026-09-18,GT
GT260918C00011000,11.0,0.78,0.95,1.1,5.0,18.0,0.5029346582031251,False,CALL,2026-09-18,GT
GT260918C00012000,12.0,1.0,0.65,0.8,1.0,1004.0,0.5136767382812499,False,CALL,2026-09-18,GT
GT260918P00007000,7.0,0.47,0.4,0.6,1.0,19.0,0.55273884765625,False,PUT,2026-09-18,GT
GT260918P00008000,8.0,0.75,0.65,0.8,108.0,532.0,0.52539537109375,False,PUT,2026-09-18,GT
GT260918P00009000,9.0,1.15,1.0,1.3,20.0,434.0,0.5361374511718751,False,PUT,2026-09-18,GT
GT260918P00010000,10.0,1.8,1.5,1.8,10.0,121.0,0.5112353564453125,True,PUT,2026-09-18,GT
GT260918P00012000,12.0,4.3,3.8,5.5,3.0,13.0,0.989257919921875,True,PUT,2026-09-18,GT
GT261218C00008000,8.0,2.7,2.65,2.9,1.0,284.0,0.57617611328125,True,CALL,2026-12-18,GT
GT261218C00010000,10.0,1.7,1.6,1.8,3.0,215.0,0.5214891601562499,False,CALL,2026-12-18,GT
GT261218C00012000,12.0,1.0,0.9,1.1,5.0,201.0,0.5224657128906249,False,CALL,2026-12-18,GT
GT261218P00008000,8.0,0.86,0.85,1.05,20.0,2871.0,0.5297898583984376,False,PUT,2026-12-18,GT
GT261218P00010000,10.0,1.8,1.75,2.05,70.0,1094.0,0.5034229345703125,True,PUT,2026-12-18,GT
GT261218P00012000,12.0,3.2,3.0,3.4,5.0,30.0,0.4897511962890626,True,PUT,2026-12-18,GT
GT270115C00007000,7.0,3.4,3.0,3.6,1.0,2584.0,0.5351608984375,True,CALL,2027-01-15,GT
GT270115C00010000,10.0,1.65,1.65,1.85,2.0,5804.0,0.5136767382812499,False,CALL,2027-01-15,GT
GT270115C00012000,12.0,1.08,0.95,1.25,11.0,3336.0,0.5009815527343751,False,CALL,2027-01-15,GT
GT270115P00007000,7.0,0.66,0.55,0.85,1.0,4656.0,0.5293015820312501,False,PUT,2027-01-15,GT
GT270115P00010000,10.0,1.9,1.75,2.05,3.0,3248.0,0.48291532714843755,True,PUT,2027-01-15,GT
GT270115P00012000,12.0,3.2,3.0,3.4,4.0,30.0,0.46973186523437505,True,PUT,2027-01-15,GT
GT271217C00007000,7.0,3.5,2.55,5.3,15.0,151.0,0.5488326367187502,True,CALL,2027-12-17,GT
GT271217C00010000,10.0,2.25,1.05,2.85,2.0,120.0,0.5844768115234374,False,CALL,2027-12-17,GT
GT271217C00012000,12.0,1.65,0.3,2.05,8.0,63.0,0.540287800292969,False,CALL,2027-12-17,GT
GT271217P00007000,7.0,1.95,0.75,1.35,2.0,206.0,0.551762294921875,False,PUT,2027-12-17,GT
GT271217P00010000,10.0,2.58,1.05,3.9,1.0,16.0,0.7158231542968749,True,PUT,2027-12-17,GT
GT271217P00012000,12.0,4.59,0.0,0.0,,10.0,1.0000000000000003e-05,True,PUT,2027-12-17,GT
GT280121C00007000,7.0,4.1,3.8,5.0,2.0,2870.0,0.6562534375000001,True,CALL,2028-01-21,GT
GT280121C00010000,10.0,2.7,2.0,3.9,4.0,736.0,0.5898478515625001,False,CALL,2028-01-21,GT
GT280121C00012000,12.0,1.85,0.9,2.05,3.0,1623.0,0.5268602001953125,False,CALL,2028-01-21,GT
GT280121P00007000,7.0,1.0,0.0,1.5,3.0,2726.0,0.57617611328125,False,PUT,2028-01-21,GT
GT280121P00010000,10.0,2.64,1.5,2.7,24.0,57.0,0.46045461425781253,True,PUT,2028-01-21,GT
GT280121P00012000,12.0,4.0,2.55,5.3,,1.0,0.6848176049804688,True,PUT,2028-01-21,GT
HAL260130C00024500,24.5,9.66,7.55,11.65,1.0,17.0,3.00781498046875,True,CALL,2026-01-30,HAL
HAL260130C00025000,25.0,9.4,7.1,10.95,2.0,13.0,2.5781285546875,True,CALL,2026-01-30,HAL
HAL260130C00025500,25.5,7.75,7.9,10.45,1.0,14.0,4.007817490234375,True,CALL,2026-01-30,HAL
HAL260130C00026000,26.0,7.35,6.8,9.95,2.0,15.0,3.238283154296875,True,CALL,2026-01-30,HAL
HAL260130C00026500,26.5,7.7,7.0,8.5,1.0,19.0,2.7968780078125004,True,CALL,2026-01-30,HAL
HAL260130C00027000,27.0,7.3,6.4,8.1,1.0,46.0,2.636722158203125,True,CALL,2026-01-30,HAL
HAL260130C00027500,27.5,6.72,5.95,7.5,1.0,55.0,2.425785185546875,True,CALL,2026-01-30,HAL
HAL260130C00028000,28.0,6.32,5.55,7.1,1.0,39.0,2.4726600683593754,True,CALL,2026-01-30,HAL
HAL260130C00028500,28.5,5.55,5.0,6.5,8.0,34.0,2.1679733300781248,True,CALL,2026-01-30,HAL
HAL260130C00029000,29.0,4.54,4.5,6.0,5.0,40.0,2.0117237207031247,True,CALL,2026-01-30,HAL
HAL260130C00029500,29.5,4.75,4.0,5.5,1.0,30.0,1.859375703125,True,CALL,2026-01-30,HAL
HAL260130C00030000,30.0,3.97,3.75,4.3,16.0,360.0,1.25390998046875,True,CALL,2026-01-30,HAL
HAL260130C00030500,30.5,3.51,2.98,4.0,41.0,136.0,1.0351610742187503,True,CALL,2026-01-30,HAL
HAL260130C00031000,31.0,2.94,2.7,3.25,4.0,165.0,0.87500125,True,CALL,2026-01-30,HAL
HAL260130C00031500,31.5,1.45,2.12,3.1,1.0,809.0,1.015629921875,True,CALL,2026-01-30,HAL
HAL260130C00032000,32.0,2.15,1.81,2.18,38.0,502.0,0.6718782812500002,True,CALL,2026-01-30,HAL
HAL260130C00032500,32.5,1.05,1.1,2.26,3.0,228.0,0.8125018749999999,True,CALL,2026-01-30,HAL
HAL260130C00033000,33.0,1.02,0.89,1.3,138.0,925.0,0.5390671093750001,True,CALL,2026-01-30,HAL
HAL260130C00033500,33.5,0.81,0.53,0.91,75.0,665.0,0.500005,True,CALL,2026-01-30,HAL
HAL260130C00034000,34.0,0.4,0.3,0.44,178.0,833.0,0.49023947265625006,False,CALL,2026-01-30,HAL
HAL260130C00034500,34.5,0.24,0.12,0.26,2393.0,2352.0,0.500005,False,CALL,2026-01-30,HAL
HAL260130C00035000,35.0,0.09,0.08,0.1,1184.0,1450.0,0.445318046875,False,CALL,2026-01-30,HAL
HAL260130C00035500,35.5,0.03,0.01,0.05,10.0,377.0,0.46484910156250003,False,CALL,2026-01-30,HAL
HAL260130C00036000,36.0,0.02,0.02,0.1,60.0,300.0,0.5937540625000001,False,CALL,2026-01-30,HAL
HAL260130C00036500,36.5,0.03,0.0,0.03,1.0,64.0,0.5312546875,False,CALL,2026-01-30,HAL
HAL260130C00037000,37.0,0.01,0.0,0.04,3.0,279.0,0.632816171875,False,CALL,2026-01-30,HAL
HAL260130C00038000,38.0,0.01,0.0,0.17,1.0,27.0,1.0429735351562504,False,CALL,2026-01-30,HAL
HAL260130C00039000,39.0,0.02,0.0,0.52,1.0,2.0,1.62109564453125,False,CALL,2026-01-30,HAL
HAL260130C00040000,40.0,0.03,0.0,0.75,,2.0,2.0273486816406248,False,CALL,2026-01-30,HAL
HAL260130C00041000,41.0,0.04,0.0,1.15,,4.0,2.5488317529296873,False,CALL,2026-01-30,HAL
HAL260130P00024000,24.0,0.09,0.0,2.12,1.0,100.0,5.132816083984375,False,PUT,2026-01-30,HAL
HAL260130P00025000,25.0,0.08,0.0,0.1,29.0,62.0,2.156254609375,False,PUT,2026-01-30,HAL
HAL260130P00025500,25.5,0.37,0.0,2.12,2.0,14.0,4.500004375,False,PUT,2026-01-30,HAL
HAL260130P00026000,26.0,0.33,0.0,2.12,5.0,5.0,4.294926506347656,False,PUT,2026-01-30,HAL
HAL260130P00026500,26.5,0.04,0.0,2.12,15.0,31.0,4.091801760253906,False,PUT,2026-01-30,HAL
HAL260130P00027000,27.0,0.01,0.0,0.95,1.0,33.0,2.8906277734375,False,PUT,2026-01-30,HAL
HAL260130P00027500,27.5,0.03,0.0,2.05,3.0,7.0,3.6386727783203128,False,PUT,2026-01-30,HAL
HAL260130P00028000,28.0,0.04,0.0,0.4,30.0,115.0,1.96875015625,False,PUT,2026-01-30,HAL
HAL260130P00028500,28.5,0.01,0.0,0.01,2.0,90.0,0.937500625,False,PUT,2026-01-30,HAL
HAL260130P00029000,29.0,0.03,0.0,0.04,1.0,122.0,1.0468797656250002,False,PUT,2026-01-30,HAL
HAL260130P00029500,29.5,0.01,0.0,1.16,5.0,90.0,2.2265669335937495,False,PUT,2026-01-30,HAL
HAL260130P00030000,30.0,0.04,0.0,0.57,2.0,248.0,1.5781271093749998,False,PUT,2026-01-30,HAL
HAL260130P00030500,30.5,0.01,0.0,0.25,20.0,278.0,1.11328568359375,False,PUT,2026-01-30,HAL
HAL260130P00031000,31.0,0.01,0.0,0.25,25.0,258.0,0.98437515625,False,PUT,2026-01-30,HAL
HAL260130P00031500,31.5,0.03,0.0,0.1,1.0,11037.0,0.6718782812500002,False,PUT,2026-01-30,HAL
HAL260130P00032000,32.0,0.02,0.02,0.05,10.0,1445.0,0.5117236328125,False,PUT,2026-01-30,HAL
HAL260130P00032500,32.5,0.03,0.02,0.07,44.0,1220.0,0.48438015625,False,PUT,2026-01-30,HAL
HAL260130P00033000,33.0,0.1,0.06,0.13,34.0,2130.0,0.445318046875,False,PUT,2026-01-30,HAL
HAL260130P00033500,33.5,0.25,0.15,0.27,6.0,418.0,0.4414118359375,False,PUT,2026-01-30,HAL
HAL260130P00034000,34.0,0.44,0.32,0.48,50.0,376.0,0.42383388671875,True,PUT,2026-01-30,HAL
HAL260130P00034500,34.5,1.37,0.66,1.01,17.0,95.0,0.65820654296875,True,PUT,2026-01-30,HAL
HAL260130P00035000,35.0,1.54,0.5,1.48,3.0,28.0,0.79687703125,True,PUT,2026-01-30,HAL
HAL260130P00035500,35.5,1.62,0.66,2.01,1.0,25.0,0.9882813671875,True,PUT,2026-01-30,HAL
HAL260130P00036500,36.5,1.81,1.52,2.96,3.0,1.0,1.203128984375,True,PUT,2026-01-30,HAL
HAL260206C00024500,24.5,6.48,8.35,10.55,1.0,1.0,1.08984830078125,True,CALL,2026-02-06,HAL
HAL260206C00025000,25.0,3.11,8.45,10.05,,2.0,1.5488303808593749,True,CALL,2026-02-06,HAL
HAL260206C00025500,25.5,3.09,7.95,9.55,,4.0,1.470705771484375,True,CALL,2026-02-06,HAL
HAL260206C00026000,26.0,8.85,7.5,9.05,4.0,4.0,1.421877890625,True,CALL,2026-02-06,HAL
HAL260206C00027000,27.0,5.38,6.55,8.05,2.0,9.0,1.2949254003906248,True,CALL,2026-02-06,HAL
HAL260206C00027500,27.5,6.3,6.0,7.55,1.0,2.0,1.193363408203125,True,CALL,2026-02-06,HAL
HAL260206C00028000,28.0,6.3,5.5,7.05,1.0,5.0,1.119145029296875,True,CALL,2026-02-06,HAL
HAL260206C00028500,28.5,5.14,5.0,6.6,3.0,4.0,1.0664109179687502,True,CALL,2026-02-06,HAL
HAL260206C00029000,29.0,5.2,4.55,6.1,16.0,30.0,1.0127002490234376,True,CALL,2026-02-06,HAL
HAL260206C00029500,29.5,5.5,4.05,5.6,1.0,21.0,0.937500625,True,CALL,2026-02-06,HAL
HAL260206C00030000,30.0,4.52,3.6,4.4,2.0,53.0,0.5585981640625001,True,CALL,2026-02-06,HAL
HAL260206C00030500,30.5,3.89,3.25,3.9,1.0,73.0,0.5820354296875,True,CALL,2026-02-06,HAL
HAL260206C00031000,31.0,3.54,2.66,3.5,5.0,121.0,0.5214891601562499,True,CALL,2026-02-06,HAL
HAL260206C00031500,31.5,2.68,2.41,2.96,2.0,76.0,0.5351608984375,True,CALL,2026-02-06,HAL
HAL260206C00032000,32.0,2.3,2.01,2.46,26.0,179.0,0.6289099609375001,True,CALL,2026-02-06,HAL
HAL260206C00032500,32.5,1.79,1.6,1.83,5.0,195.0,0.47070841796875,True,CALL,2026-02-06,HAL
HAL260206C00033000,33.0,1.45,1.28,1.48,50.0,309.0,0.46191944335937507,True,CALL,2026-02-06,HAL
HAL260206C00033500,33.5,1.06,1.06,1.13,18.0,103.0,0.43555251953125,True,CALL,2026-02-06,HAL
HAL260206C00034000,34.0,0.77,0.78,0.86,904.0,1515.0,0.428716650390625,False,CALL,2026-02-06,HAL
HAL260206C00034500,34.5,0.67,0.55,0.63,486.0,1232.0,0.41992767578125,False,CALL,2026-02-06,HAL
HAL260206C00035000,35.0,0.43,0.39,0.47,1273.0,1693.0,0.42578699218750005,False,CALL,2026-02-06,HAL
HAL260206C00035500,35.5,0.35,0.26,0.33,22.0,573.0,0.42188078125,False,CALL,2026-02-06,HAL
HAL260206C00036000,36.0,0.23,0.18,0.23,34.0,511.0,0.422857333984375,False,CALL,2026-02-06,HAL
HAL260206C00036500,36.5,0.15,0.12,0.17,1.0,51.0,0.43555251953125,False,CALL,2026-02-06,HAL
HAL260206C00037000,37.0,0.06,0.08,0.36,1.0,34.0,0.5293015820312501,False,CALL,2026-02-06,HAL
HAL260206C00037500,37.5,0.14,0.05,0.3,1.0,41.0,0.5429733203125001,False,CALL,2026-02-06,HAL
HAL260206C00038000,38.0,0.05,0.03,0.09,34.0,62.0,0.49805189453125004,False,CALL,2026-02-06,HAL
HAL260206C00039000,39.0,0.48,0.01,0.2,1.0,5.0,0.6015664843750002,False,CALL,2026-02-06,HAL
HAL260206P00024000,24.0,0.33,0.0,0.95,1.0,0.0,1.8515632421875,False,PUT,2026-02-06,HAL
HAL260206P00024500,24.5,0.28,0.0,0.95,2.0,0.0,1.767579287109375,False,PUT,2026-02-06,HAL
HAL260206P00025000,25.0,0.28,0.0,0.19,,4.0,1.140629296875,False,PUT,2026-02-06,HAL
HAL260206P00025500,25.5,0.05,0.0,0.75,1.0,2.0,1.4941431542968748,False,PUT,2026-02-06,HAL
HAL260206P00026000,26.0,0.08,0.0,0.75,3.0,10.0,1.4160185449218752,False,PUT,2026-02-06,HAL
HAL260206P00026500,26.5,0.09,0.0,0.75,1.0,2.0,1.3398470507812497,False,PUT,2026-02-06,HAL
HAL260206P00027000,27.0,0.05,0.0,0.75,4.0,7.0,1.2636755566406248,False,PUT,2026-02-06,HAL
HAL260206P00027500,27.5,0.1,0.0,0.75,2.0,4.0,1.189457177734375,False,PUT,2026-02-06,HAL
HAL260206P00028000,28.0,0.04,0.0,0.06,5.0,109.0,0.6250037500000001,False,PUT,2026-02-06,HAL
HAL260206P00028500,28.5,0.07,0.0,0.75,5.0,7.0,1.0410204199218753,False,PUT,2026-02-06,HAL
HAL260206P00029000,29.0,0.38,0.0,0.75,5.0,26.0,0.96679720703125,False,PUT,2026-02-06,HAL
HAL260206P00029500,29.5,0.06,0.01,0.12,2.0,65.0,0.5546919531250001,False,PUT,2026-02-06,HAL
HAL260206P00030000,30.0,0.07,0.04,0.11,210.0,351.0,0.51562984375,False,PUT,2026-02-06,HAL
HAL260206P00030500,30.5,0.08,0.06,0.17,6.0,73.0,0.5117236328125,False,PUT,2026-02-06,HAL
HAL260206P00031000,31.0,0.14,0.06,0.14,306.0,524.0,0.47852083984375,False,PUT,2026-02-06,HAL
HAL260206P00031500,31.5,0.11,0.1,0.18,6.0,66.0,0.45117736328125,False,PUT,2026-02-06,HAL
HAL260206P00032000,32.0,0.19,0.16,0.23,139.0,145.0,0.41992767578125,False,PUT,2026-02-06,HAL
HAL260206P00032500,32.5,0.23,0.23,0.3,8.0,426.0,0.39160764648437496,False,PUT,2026-02-06,HAL
HAL260206P00033000,33.0,0.36,0.36,0.4,15.0,325.0,0.36524072265625,False,PUT,2026-02-06,HAL
HAL260206P00033500,33.5,0.53,0.54,0.59,6.0,138.0,0.36524072265625,False,PUT,2026-02-06,HAL
HAL260206P00034000,34.0,0.82,0.77,0.83,4.0,104.0,0.36524072265625,True,PUT,2026-02-06,HAL
HAL260206P00034500,34.5,1.1,1.02,1.08,17.0,135.0,0.344733115234375,True,PUT,2026-02-06,HAL
HAL260206P00035000,35.0,1.39,1.39,1.55,12.0,83.0,0.41309180664062495,True,PUT,2026-02-06,HAL
HAL260206P00035500,35.5,1.65,1.73,1.95,5.0,54.0,0.43164630859375,True,PUT,2026-02-06,HAL
HAL260206P00036500,36.5,2.12,1.77,3.05,2.0,1.0,0.62305064453125,True,PUT,2026-02-06,HAL
HAL260206P00040000,40.0,8.25,5.0,6.55,,2.0,1.009770576171875,True,PUT,2026-02-06,HAL
HAL260213C00028000,28.0,4.6,5.7,7.1,,1.0,0.922852333984375,True,CALL,2026-02-13,HAL
HAL260213C00028500,28.5,4.56,5.1,6.65,,20.0,0.8476577734374999,True,CALL,2026-02-13,HAL
HAL260213C00029000,29.0,4.55,4.75,6.15,1.0,4.0,0.8339860351562498,True,CALL,2026-02-13,HAL
HAL260213C00029500,29.5,3.9,4.25,5.65,26.0,26.0,0.773439765625,True,CALL,2026-02-13,HAL
HAL260213C00030000,30.0,4.2,3.8,4.55,2.0,3.0,0.5546919531250001,True,CALL,2026-02-13,HAL
HAL260213C00030500,30.5,3.16,3.35,4.4,2.0,17.0,0.6152382226562501,True,CALL,2026-02-13,HAL
HAL260213C00031000,31.0,3.23,2.88,3.55,7.0,38.0,0.639652041015625,True,CALL,2026-02-13,HAL
HAL260213C00031500,31.5,3.11,2.45,3.6,1.0,78.0,0.5644574804687501,True,CALL,2026-02-13,HAL
HAL260213C00032000,32.0,2.37,2.12,2.63,3.0,77.0,0.543949873046875,True,CALL,2026-02-13,HAL
HAL260213C00032500,32.5,2.7,1.84,2.01,1.0,74.0,0.4272518212890626,True,CALL,2026-02-13,HAL
HAL260213C00033000,33.0,1.46,1.5,1.67,2.0,59.0,0.41797457031249996,True,CALL,2026-02-13,HAL
HAL260213C00033500,33.5,1.81,1.21,1.41,5.0,59.0,0.4272518212890626,True,CALL,2026-02-13,HAL
HAL260213C00034000,34.0,1.17,0.95,1.12,21.0,377.0,0.41309180664062495,False,CALL,2026-02-13,HAL
HAL260213C00035000,35.0,0.75,0.56,0.7,342.0,421.0,0.407232490234375,False,CALL,2026-02-13,HAL
HAL260213C00036000,36.0,0.53,0.38,0.43,1.0,159.0,0.411138701171875,False,CALL,2026-02-13,HAL
HAL260213C00037000,37.0,0.23,0.18,0.28,18.0,37.0,0.43066975585937506,False,CALL,2026-02-13,HAL
HAL260213C00038000,38.0,0.23,0.02,0.35,8.0,68.0,0.5507857421875001,False,CALL,2026-02-13,HAL
HAL260213C00039000,39.0,0.09,0.01,0.63,35.0,50.0,0.6103554589843752,False,CALL,2026-02-13,HAL
HAL260213C00040000,40.0,0.06,0.0,0.31,2.0,138.0,0.56055126953125,False,CALL,2026-02-13,HAL
HAL260213P00025000,25.0,0.26,0.0,0.76,3.0,3.0,1.18359783203125,False,PUT,2026-02-13,HAL
HAL260213P00025500,25.5,0.06,0.0,0.76,,1.0,1.125004375,False,PUT,2026-02-13,HAL
HAL260213P00027000,27.0,0.06,0.0,0.76,2.0,6.0,0.9521489160156249,False,PUT,2026-02-13,HAL
HAL260213P00027500,27.5,0.28,0.0,0.95,,1.0,0.96289099609375,False,PUT,2026-02-13,HAL
HAL260213P00028000,28.0,0.11,0.0,0.6,2.0,94.0,0.780275634765625,False,PUT,2026-02-13,HAL
HAL260213P00028500,28.5,0.58,0.0,0.76,,1.0,0.7832052929687501,False,PUT,2026-02-13,HAL
HAL260213P00029000,29.0,0.08,0.02,0.14,2.0,21.0,0.5449264257812501,False,PUT,2026-02-13,HAL
HAL260213P00029500,29.5,0.09,0.04,0.12,2.0,73.0,0.47852083984375,False,PUT,2026-02-13,HAL
HAL260213P00030000,30.0,0.1,0.06,0.19,3.0,135.0,0.49219257812500006,False,PUT,2026-02-13,HAL
HAL260213P00030500,30.5,0.15,0.1,0.19,2.0,21.0,0.44336494140625,False,PUT,2026-02-13,HAL
HAL260213P00031000,31.0,0.27,0.15,0.23,10.0,273.0,0.41992767578125,False,PUT,2026-02-13,HAL
HAL260213P00031500,31.5,0.29,0.23,0.33,2.0,37.0,0.422857333984375,False,PUT,2026-02-13,HAL
HAL260213P00032000,32.0,0.33,0.3,0.37,7.0,370.0,0.38477177734374995,False,PUT,2026-02-13,HAL
HAL260213P00032500,32.5,0.51,0.42,0.52,1.0,66.0,0.38867798828125,False,PUT,2026-02-13,HAL
HAL260213P00033000,33.0,0.56,0.57,0.7,3.0,198.0,0.39014281738281253,False,PUT,2026-02-13,HAL
HAL260213P00033500,33.5,0.98,0.74,0.89,1.0,344.0,0.38233039550781245,False,PUT,2026-02-13,HAL
HAL260213P00034000,34.0,1.32,0.97,1.21,2.0,160.0,0.40820904296875,True,PUT,2026-02-13,HAL
HAL260213P00035000,35.0,2.05,1.56,1.74,6.0,21.0,0.38281867187499996,True,PUT,2026-02-13,HAL
HAL260220C00024000,24.0,9.46,9.65,11.1,11.0,479.0,1.162113564453125,True,CALL,2026-02-20,HAL
HAL260220C00025000,25.0,7.95,8.7,10.1,1.0,270.0,1.0742233789062503,True,CALL,2026-02-20,HAL
HAL260220C00026000,26.0,8.0,7.85,8.8,35.0,1719.0,0.922852333984375,True,CALL,2026-02-20,HAL
HAL260220C00027000,27.0,7.15,6.6,8.1,3.0,2446.0,0.8398453515625,True,CALL,2026-02-20,HAL
HAL260220C00028000,28.0,6.39,6.0,6.4,2.0,9695.0,0.6543003320312502,True,CALL,2026-02-20,HAL
HAL260220C00029000,29.0,4.49,4.75,5.25,8.0,3351.0,0.5937540625000001,True,CALL,2026-02-20,HAL
HAL260220C00029500,29.5,4.83,4.25,5.75,1.0,5.0,0.6679720703125002,True,CALL,2026-02-20,HAL
HAL260220C00030000,30.0,4.23,4.0,4.45,14.0,3230.0,0.5952188916015625,True,CALL,2026-02-20,HAL
HAL260220C00030500,30.5,3.92,3.3,4.45,2.0,3.0,0.5127001855468749,True,CALL,2026-02-20,HAL
HAL260220C00031000,31.0,3.41,3.1,3.75,21.0,1445.0,0.6084023535156251,True,CALL,2026-02-20,HAL
HAL260220C00031500,31.5,3.01,2.73,3.45,4.0,8.0,0.6210975390625001,True,CALL,2026-02-20,HAL
HAL260220C00032000,32.0,2.62,2.35,2.78,53.0,1625.0,0.5048877636718749,True,CALL,2026-02-20,HAL
HAL260220C00032500,32.5,2.27,2.0,2.28,23.0,580.0,0.445318046875,True,CALL,2026-02-20,HAL
HAL260220C00033000,33.0,1.81,1.7,1.95,202.0,3174.0,0.43555251953125,True,CALL,2026-02-20,HAL
HAL260220C00033500,33.5,1.62,1.51,1.59,61.0,568.0,0.4101621484375,True,CALL,2026-02-20,HAL
HAL260220C00034000,34.0,1.21,1.25,1.29,1235.0,7955.0,0.39453730468750003,False,CALL,2026-02-20,HAL
HAL260220C00034500,34.5,0.97,1.01,1.06,150.0,356.0,0.39160764648437496,False,CALL,2026-02-20,HAL
HAL260220C00035000,35.0,0.87,0.81,0.86,259.0,5966.0,0.38867798828125,False,CALL,2026-02-20,HAL
HAL260220C00035500,35.5,0.64,0.64,0.67,5.0,119.0,0.379889013671875,False,CALL,2026-02-20,HAL
HAL260220C00036000,36.0,0.5,0.51,0.54,968.0,1659.0,0.38233039550781245,False,CALL,2026-02-20,HAL
HAL260220C00036500,36.5,0.4,0.38,0.44,2.0,66.0,0.387701435546875,False,CALL,2026-02-20,HAL
HAL260220C00037000,37.0,0.34,0.31,0.35,371.0,3261.0,0.389654541015625,False,CALL,2026-02-20,HAL
HAL260220C00038000,38.0,0.24,0.17,0.3,68.0,355.0,0.43555251953125,False,CALL,2026-02-20,HAL
HAL260220C00039000,39.0,0.12,0.04,0.3,5.0,70.0,0.499028447265625,False,CALL,2026-02-20,HAL
HAL260220C00040000,40.0,0.08,0.06,0.1,88.0,1351.0,0.42383388671875,False,CALL,2026-02-20,HAL
HAL260220C00041000,41.0,0.11,0.01,0.12,1.0,3.0,0.49023947265625006,False,CALL,2026-02-20,HAL
HAL260220C00042000,42.0,0.04,0.0,0.22,3.0,5.0,0.5273484765625001,False,CALL,2026-02-20,HAL
HAL260220C00043000,43.0,0.21,0.0,0.15,,1.0,0.5312546875,False,CALL,2026-02-20,HAL
HAL260220P00024000,24.0,0.02,0.0,0.14,2.0,910.0,0.7500025,False,PUT,2026-02-20,HAL
HAL260220P00025000,25.0,0.07,0.0,0.15,1.0,1690.0,0.6835969140625001,False,PUT,2026-02-20,HAL
HAL260220P00026000,26.0,0.01,0.0,0.06,1.0,1747.0,0.5195360546875,False,PUT,2026-02-20,HAL
HAL260220P00027000,27.0,0.04,0.0,0.18,20.0,1728.0,0.5546919531250001,False,PUT,2026-02-20,HAL
HAL260220P00028000,28.0,0.06,0.02,0.06,52.0,919.0,0.44336494140625,False,PUT,2026-02-20,HAL
HAL260220P00028500,28.5,0.04,0.0,0.19,8.0,17.0,0.532231240234375,False,PUT,2026-02-20,HAL
HAL260220P00029000,29.0,0.1,0.05,0.11,2.0,1207.0,0.42774009765625004,False,PUT,2026-02-20,HAL
HAL260220P00029500,29.5,0.11,0.01,0.22,80.0,133.0,0.47070841796875,False,PUT,2026-02-20,HAL
HAL260220P00030000,30.0,0.14,0.11,0.18,8.0,2189.0,0.40430283203125,False,PUT,2026-02-20,HAL
HAL260220P00030500,30.5,0.2,0.17,0.28,152.0,574.0,0.418951123046875,False,PUT,2026-02-20,HAL
HAL260220P00031000,31.0,0.22,0.23,0.29,4.0,2287.0,0.379889013671875,False,PUT,2026-02-20,HAL
HAL260220P00031500,31.5,0.3,0.32,0.36,2.0,698.0,0.36524072265625,False,PUT,2026-02-20,HAL
HAL260220P00032000,32.0,0.47,0.42,0.45,34.0,4130.0,0.35156898437499995,False,PUT,2026-02-20,HAL
HAL260220P00032500,32.5,0.58,0.55,0.59,6.0,343.0,0.34766277343749996,False,PUT,2026-02-20,HAL
HAL260220P00033000,33.0,0.84,0.7,0.75,25.0,3879.0,0.340826904296875,False,PUT,2026-02-20,HAL
HAL260220P00033500,33.5,1.2,0.9,0.96,481.0,589.0,0.3398503515625,False,PUT,2026-02-20,HAL
HAL260220P00034000,34.0,1.17,1.13,1.18,290.0,1725.0,0.3315496533203125,True,PUT,2026-02-20,HAL
HAL260220P00034500,34.5,1.35,1.41,1.47,116.0,543.0,0.33350275878906255,True,PUT,2026-02-20,HAL
HAL260220P00035000,35.0,1.64,1.71,1.77,16.0,268.0,0.3286199951171874,True,PUT,2026-02-20,HAL
HAL260220P00035500,35.5,1.96,1.96,2.25,36.0,82.0,0.372076591796875,True,PUT,2026-02-20,HAL
HAL260220P00036000,36.0,2.34,2.39,2.79,21.0,125.0,0.43164630859375,True,PUT,2026-02-20,HAL
HAL260220P00037000,37.0,3.79,2.4,3.75,1.0,60.0,0.5029346582031251,True,PUT,2026-02-20,HAL
HAL260220P00038000,38.0,6.73,3.2,4.7,1.0,14.0,0.561527822265625,True,PUT,2026-02-20,HAL
HAL260220P00040000,40.0,5.15,5.0,6.5,1.0,1.0,0.6074258007812501,True,PUT,2026-02-20,HAL
HAL260227C00025000,25.0,9.58,8.55,10.2,20.0,24.0,0.9257819921875,True,CALL,2026-02-27,HAL
HAL260227C00026000,26.0,7.0,7.7,9.2,,3.0,0.875977802734375,True,CALL,2026-02-27,HAL
HAL260227C00027000,27.0,6.25,6.6,8.25,,1.0,0.773439765625,True,CALL,2026-02-27,HAL
HAL260227C00029000,29.0,4.74,4.7,6.35,1.0,503.0,0.639652041015625,True,CALL,2026-02-27,HAL
HAL260227C00030000,30.0,5.0,3.95,4.9,2.0,21.0,0.5117236328125,True,CALL,2026-02-27,HAL
HAL260227C00031000,31.0,3.33,3.1,4.5,1.0,11.0,0.5488326367187502,True,CALL,2026-02-27,HAL
HAL260227C00032000,32.0,3.6,2.5,2.71,2.0,90.0,0.42090422851562503,True,CALL,2026-02-27,HAL
HAL260227C00033000,33.0,2.12,1.89,2.08,1.0,34.0,0.4165097412109374,True,CALL,2026-02-27,HAL
HAL260227C00034000,34.0,1.54,1.35,1.5,72.0,167.0,0.39990834472656256,False,CALL,2026-02-27,HAL
HAL260227C00035000,35.0,1.0,0.93,1.08,10.0,274.0,0.39893179199218753,False,CALL,2026-02-27,HAL
HAL260227C00036000,36.0,0.7,0.63,0.77,5.0,14.0,0.4023497265625,False,CALL,2026-02-27,HAL
HAL260227C00037000,37.0,0.55,0.42,0.54,6.0,54.0,0.4067442138671875,False,CALL,2026-02-27,HAL
HAL260227C00038000,38.0,0.46,0.33,0.33,35.0,74.0,0.3940490283203125,False,CALL,2026-02-27,HAL
HAL260227C00039000,39.0,0.14,0.15,0.33,5.0,17.0,0.450200810546875,False,CALL,2026-02-27,HAL
HAL260227C00040000,40.0,0.19,0.1,0.75,37.0,56.0,0.5444381494140625,False,CALL,2026-02-27,HAL
HAL260227C00042000,42.0,0.23,0.01,0.75,,2.0,0.6250037500000001,False,CALL,2026-02-27,HAL
HAL260227P00025000,25.0,0.23,0.0,0.75,,0.0,0.86132951171875,False,PUT,2026-02-27,HAL
HAL260227P00027000,27.0,0.35,0.0,0.95,,2.0,0.7460962890625,False,PUT,2026-02-27,HAL
HAL260227P00028000,28.0,0.13,0.01,0.36,2.0,31.0,0.6025430371093752,False,PUT,2026-02-27,HAL
HAL260227P00029000,29.0,0.32,0.11,0.4,1.0,151.0,0.5410202148437502,False,PUT,2026-02-27,HAL
HAL260227P00030000,30.0,0.26,0.2,0.34,9.0,16.0,0.432622861328125,False,PUT,2026-02-27,HAL
HAL260227P00031000,31.0,0.36,0.32,0.48,3.0,9.0,0.4062559375,False,PUT,2026-02-27,HAL
HAL260227P00032000,32.0,0.59,0.52,0.69,4.0,212.0,0.383795224609375,False,PUT,2026-02-27,HAL
HAL260227P00033000,33.0,1.25,0.82,1.01,15.0,52.0,0.36963520996093746,False,PUT,2026-02-27,HAL
HAL260227P00034000,34.0,1.5,1.26,1.49,20.0,23.0,0.370123486328125,True,PUT,2026-02-27,HAL
HAL260227P00035000,35.0,1.68,1.85,2.15,6.0,6.0,0.389654541015625,True,PUT,2026-02-27,HAL
HAL260227P00036000,36.0,2.1,2.52,2.83,2.0,2.0,0.389654541015625,True,PUT,2026-02-27,HAL
HAL260227P00037000,37.0,3.05,3.15,3.6,1.0,9.0,0.3920959228515625,True,PUT,2026-02-27,HAL
HAL260306C00030000,30.0,4.0,4.05,5.45,5.0,15.0,0.567387138671875,True,CALL,2026-03-06,HAL
HAL260306C00031000,31.0,3.62,3.2,4.55,7.0,10.0,0.51562984375,True,CALL,2026-03-06,HAL
HAL260306C00033000,33.0,2.65,2.01,2.22,2.0,2.0,0.40869731933593745,True,CALL,2026-03-06,HAL
HAL260306C00034000,34.0,1.64,1.51,1.68,1.0,44.0,0.4018614501953125,False,CALL,2026-03-06,HAL
HAL260306C00035000,35.0,1.38,1.05,1.25,40.0,53.0,0.39942006835937505,False,CALL,2026-03-06,HAL
HAL260306C00036000,36.0,0.62,0.7,0.92,49.0,64.0,0.4008848974609375,False,CALL,2026-03-06,HAL
HAL260306C00037000,37.0,0.6,0.51,0.67,1.0,27.0,0.40381455566406255,False,CALL,2026-03-06,HAL
HAL260306P00030000,30.0,0.44,0.29,0.45,37.0,51.0,0.4321345849609375,False,PUT,2026-03-06,HAL
HAL260306P00032000,32.0,1.18,0.67,0.87,6.0,20.0,0.3940490283203125,False,PUT,2026-03-06,HAL
HAL260306P00033000,33.0,1.05,1.0,1.26,10.0,11.0,0.3930724755859375,False,PUT,2026-03-06,HAL
HAL260320C00024000,24.0,8.79,8.95,11.2,1.0,1639.0,0.6074258007812501,True,CALL,2026-03-20,HAL
HAL260320C00025000,25.0,8.0,8.6,9.4,2.0,1301.0,0.72070591796875,True,CALL,2026-03-20,HAL
HAL260320C00026000,26.0,6.9,7.8,9.25,2.0,1749.0,0.70117486328125,True,CALL,2026-03-20,HAL
HAL260320C00027000,27.0,6.4,6.75,8.3,1.0,4712.0,0.629886513671875,True,CALL,2026-03-20,HAL
HAL260320C00028000,28.0,6.7,6.15,7.05,8.0,1369.0,0.5839885351562499,True,CALL,2026-03-20,HAL
HAL260320C00029000,29.0,5.45,5.2,5.5,29.0,1311.0,0.48242705078125003,True,CALL,2026-03-20,HAL
HAL260320C00030000,30.0,4.7,4.35,4.8,93.0,2350.0,0.49609878906250005,True,CALL,2026-03-20,HAL
HAL260320C00031000,31.0,4.1,3.6,3.85,10.0,1885.0,0.4331111376953125,True,CALL,2026-03-20,HAL
HAL260320C00032000,32.0,3.16,2.91,3.15,53.0,3894.0,0.42090422851562503,True,CALL,2026-03-20,HAL
HAL260320C00033000,33.0,2.49,2.31,2.51,54.0,1153.0,0.40772076660156253,True,CALL,2026-03-20,HAL
HAL260320C00034000,34.0,1.99,1.8,1.99,96.0,1984.0,0.40381455566406255,False,CALL,2026-03-20,HAL
HAL260320C00035000,35.0,1.42,1.44,1.48,740.0,24149.0,0.3864807446289062,False,CALL,2026-03-20,HAL
HAL260320C00036000,36.0,1.18,1.04,1.13,151.0,3108.0,0.3859924682617187,False,CALL,2026-03-20,HAL
HAL260320C00037000,37.0,0.82,0.77,0.91,26.0,1485.0,0.39942006835937505,False,CALL,2026-03-20,HAL
HAL260320C00038000,38.0,0.89,0.54,0.71,7.0,474.0,0.4062559375,False,CALL,2026-03-20,HAL
HAL260320C00039000,39.0,0.47,0.42,0.52,97.0,962.0,0.40332627929687503,False,CALL,2026-03-20,HAL
HAL260320C00040000,40.0,0.33,0.33,0.4,26.0,4076.0,0.40918559570312496,False,CALL,2026-03-20,HAL
HAL260320C00041000,41.0,0.31,0.19,0.38,1.0,63.0,0.4419001123046875,False,CALL,2026-03-20,HAL
HAL260320C00042000,42.0,0.21,0.14,0.33,14.0,557.0,0.459966337890625,False,CALL,2026-03-20,HAL
HAL260320C00043000,43.0,0.18,0.12,0.18,40.0,91.0,0.42578699218750005,False,CALL,2026-03-20,HAL
HAL260320C00044000,44.0,0.16,0.04,0.24,1.0,3.0,0.48730981445312505,False,CALL,2026-03-20,HAL
HAL260320P00024000,24.0,0.03,0.0,0.15,1.0,242.0,0.5097705273437501,False,PUT,2026-03-20,HAL
HAL260320P00025000,25.0,0.1,0.0,0.17,1.0,2102.0,0.5410202148437502,False,PUT,2026-03-20,HAL
HAL260320P00026000,26.0,0.1,0.02,0.19,10.0,1016.0,0.49707534179687507,False,PUT,2026-03-20,HAL
HAL260320P00027000,27.0,0.16,0.1,0.23,6.0,1772.0,0.46289599609375004,False,PUT,2026-03-20,HAL
HAL260320P00028000,28.0,0.28,0.2,0.3,3.0,909.0,0.437505625,False,PUT,2026-03-20,HAL
HAL260320P00029000,29.0,0.36,0.31,0.4,40.0,2049.0,0.415044912109375,False,PUT,2026-03-20,HAL
HAL260320P00030000,30.0,0.53,0.49,0.55,86.0,3347.0,0.398443515625,False,PUT,2026-03-20,HAL
HAL260320P00031000,31.0,0.75,0.58,0.84,4.0,525.0,0.40479110839843746,False,PUT,2026-03-20,HAL
HAL260320P00032000,32.0,1.01,0.99,1.07,61.0,807.0,0.3803772900390625,False,PUT,2026-03-20,HAL
HAL260320P00033000,33.0,1.42,1.42,1.49,148.0,625.0,0.38233039550781245,False,PUT,2026-03-20,HAL
HAL260320P00034000,34.0,1.88,1.89,1.98,74.0,446.0,0.38086556640624997,True,PUT,2026-03-20,HAL
HAL260320P00035000,35.0,2.41,2.29,2.55,59.0,188.0,0.3794007373046875,True,PUT,2026-03-20,HAL
HAL260320P00036000,36.0,3.2,2.91,3.25,2.0,8.0,0.3891662646484375,True,PUT,2026-03-20,HAL
HAL260320P00037000,37.0,3.9,3.6,4.0,2.0,128.0,0.39624627197265627,True,PUT,2026-03-20,HAL
HAL260320P00040000,40.0,6.2,5.4,6.65,1.0,5.0,0.4545952978515625,True,PUT,2026-03-20,HAL
HAL260417C00024000,24.0,10.95,9.8,11.3,2.0,168.0,0.6904327832031252,True,CALL,2026-04-17,HAL
HAL260417C00025000,25.0,9.55,8.85,9.45,2.0,250.0,0.596683720703125,True,CALL,2026-04-17,HAL
HAL260417C00026000,26.0,6.8,7.95,9.4,113.0,195.0,0.6074258007812501,True,CALL,2026-04-17,HAL
HAL260417C00027000,27.0,7.68,7.05,8.5,4.0,750.0,0.5737347314453125,True,CALL,2026-04-17,HAL
HAL260417C00028000,28.0,6.95,6.15,7.65,1.0,1230.0,0.5429733203125001,True,CALL,2026-04-17,HAL
HAL260417C00029000,29.0,5.5,5.35,6.3,5.0,752.0,0.5664105859375,True,CALL,2026-04-17,HAL
HAL260417C00030000,30.0,4.96,4.7,5.15,29.0,341.0,0.47022014160156256,True,CALL,2026-04-17,HAL
HAL260417C00031000,31.0,4.05,4.0,4.25,15.0,787.0,0.4233456103515625,True,CALL,2026-04-17,HAL
HAL260417C00032000,32.0,3.46,3.35,3.65,17.0,1080.0,0.424810439453125,True,CALL,2026-04-17,HAL
HAL260417C00033000,33.0,3.14,2.65,3.05,4.0,1137.0,0.41602146484374997,True,CALL,2026-04-17,HAL
HAL260417C00034000,34.0,2.4,2.15,2.46,28.0,684.0,0.3991759301757813,False,CALL,2026-04-17,HAL
HAL260417C00035000,35.0,1.92,1.93,1.98,163.0,2926.0,0.39063109375,False,CALL,2026-04-17,HAL
HAL260417C00036000,36.0,1.54,1.5,1.66,64.0,1054.0,0.3979552392578125,False,CALL,2026-04-17,HAL
HAL260417C00037000,37.0,1.26,1.22,1.35,78.0,333.0,0.39819937744140627,False,CALL,2026-04-17,HAL
HAL260417C00038000,38.0,1.01,0.94,1.07,225.0,719.0,0.39502558105468755,False,CALL,2026-04-17,HAL
HAL260417C00039000,39.0,0.85,0.74,0.85,5.0,370.0,0.3940490283203125,False,CALL,2026-04-17,HAL
HAL260417C00040000,40.0,0.66,0.59,0.67,3.0,444.0,0.393560751953125,False,CALL,2026-04-17,HAL
HAL260417C00041000,41.0,0.56,0.42,0.63,5.0,3.0,0.4184628466796875,False,CALL,2026-04-17,HAL
HAL260417C00042000,42.0,0.31,0.31,0.59,6.0,49.0,0.4409235595703125,False,CALL,2026-04-17,HAL
HAL260417C00043000,43.0,0.26,0.01,0.75,20.0,27.0,0.5107470800781251,False,CALL,2026-04-17,HAL
HAL260417C00044000,44.0,0.18,0.19,0.39,2.0,2.0,0.44336494140625,False,CALL,2026-04-17,HAL
HAL260417P00024000,24.0,0.14,0.04,0.21,1.0,374.0,0.50586431640625,False,PUT,2026-04-17,HAL
HAL260417P00025000,25.0,0.21,0.07,0.25,4.0,1500.0,0.476567734375,False,PUT,2026-04-17,HAL
HAL260417P00026000,26.0,0.27,0.13,0.29,20.0,225.0,0.44482977050781247,False,PUT,2026-04-17,HAL
HAL260417P00027000,27.0,0.26,0.2,0.39,2.0,694.0,0.43164630859375,False,PUT,2026-04-17,HAL
HAL260417P00028000,28.0,0.42,0.34,0.49,12.0,867.0,0.411138701171875,False,PUT,2026-04-17,HAL
HAL260417P00029000,29.0,0.59,0.43,0.66,14.0,947.0,0.401373173828125,False,PUT,2026-04-17,HAL
HAL260417P00030000,30.0,0.74,0.8,0.85,33.0,1003.0,0.38721315917968746,False,PUT,2026-04-17,HAL
HAL260417P00031000,31.0,1.05,1.04,1.13,37.0,951.0,0.3813538427734374,False,PUT,2026-04-17,HAL
HAL260417P00032000,32.0,1.42,1.39,1.44,1.0,507.0,0.3706117626953125,False,PUT,2026-04-17,HAL
HAL260417P00033000,33.0,1.85,1.78,1.88,62.0,273.0,0.3711000390625,False,PUT,2026-04-17,HAL
HAL260417P00034000,34.0,2.33,2.25,2.37,103.0,506.0,0.36817038085937503,True,PUT,2026-04-17,HAL
HAL260417P00035000,35.0,2.75,2.74,2.93,61.0,153.0,0.36597313720703123,True,PUT,2026-04-17,HAL
HAL260417P00036000,36.0,3.3,3.25,3.6,3.0,3.0,0.3711000390625,True,PUT,2026-04-17,HAL
HAL260417P00037000,37.0,3.8,3.95,4.3,1.0,3.0,0.3715883154296875,True,PUT,2026-04-17,HAL
HAL260417P00038000,38.0,4.21,4.7,5.05,1.0,14.0,0.37183245361328127,True,PUT,2026-04-17,HAL
HAL260618C00024000,24.0,11.26,10.0,11.55,1.0,20.0,0.5708050732421875,True,CALL,2026-06-18,HAL
HAL260618C00025000,25.0,9.89,9.25,10.65,1.0,1300.0,0.559574716796875,True,CALL,2026-06-18,HAL
HAL260618C00026000,26.0,9.35,8.3,9.1,1.0,48.0,0.5390671093750001,True,CALL,2026-06-18,HAL
HAL260618C00027000,27.0,8.75,7.5,8.9,2.0,454.0,0.5073291455078125,True,CALL,2026-06-18,HAL
HAL260618C00028000,28.0,7.05,6.8,7.4,150.0,1039.0,0.49023947265625006,True,CALL,2026-06-18,HAL
HAL260618C00029000,29.0,6.42,6.15,6.7,13.0,1839.0,0.48438015625,True,CALL,2026-06-18,HAL
HAL260618C00030000,30.0,5.65,5.5,5.7,118.0,12150.0,0.43140217041015627,True,CALL,2026-06-18,HAL
HAL260618C00031000,31.0,4.8,4.8,5.1,2.0,860.0,0.43164630859375,True,CALL,2026-06-18,HAL
HAL260618C00032000,32.0,4.4,4.05,4.55,3.0,1435.0,0.43237872314453124,True,CALL,2026-06-18,HAL
HAL260618C00033000,33.0,3.9,3.65,3.9,18.0,982.0,0.415044912109375,True,CALL,2026-06-18,HAL
HAL260618C00034000,34.0,3.35,3.15,3.45,62.0,495.0,0.4172421557617187,False,CALL,2026-06-18,HAL
HAL260618C00035000,35.0,3.0,2.67,3.05,45.0,1254.0,0.41968353759765625,False,CALL,2026-06-18,HAL
HAL260618C00036000,36.0,2.39,2.2,2.45,9.0,255.0,0.39331661376953125,False,CALL,2026-06-18,HAL
HAL260618C00037000,37.0,2.0,1.97,2.13,7.0,348.0,0.3952697192382813,False,CALL,2026-06-18,HAL
HAL260618C00038000,38.0,1.7,1.57,1.86,12.0,362.0,0.3986876538085938,False,CALL,2026-06-18,HAL
HAL260618C00039000,39.0,1.55,1.42,1.52,5.0,1014.0,0.3881897119140625,False,CALL,2026-06-18,HAL
HAL260618C00040000,40.0,1.23,1.21,1.29,566.0,8784.0,0.387701435546875,False,CALL,2026-06-18,HAL
HAL260618C00041000,41.0,1.12,1.02,1.1,1.0,204.0,0.38843385009765624,False,CALL,2026-06-18,HAL
HAL260618C00042000,42.0,0.9,0.87,0.95,3.0,639.0,0.3913635083007812,False,CALL,2026-06-18,HAL
HAL260618C00043000,43.0,0.77,0.76,0.79,1.0,42.0,0.3891662646484375,False,CALL,2026-06-18,HAL
HAL260618C00044000,44.0,0.53,0.63,0.68,8.0,572.0,0.3918517846679687,False,CALL,2026-06-18,HAL
HAL260618P00024000,24.0,0.34,0.25,0.39,3.0,202.0,0.442388388671875,False,PUT,2026-06-18,HAL
HAL260618P00025000,25.0,0.49,0.34,0.5,2.0,2382.0,0.432622861328125,False,PUT,2026-06-18,HAL
HAL260618P00026000,26.0,0.73,0.46,0.8,13.0,1430.0,0.45898978515625005,False,PUT,2026-06-18,HAL
HAL260618P00027000,27.0,0.77,0.72,0.79,1.0,1079.0,0.4118711157226562,False,PUT,2026-06-18,HAL
HAL260618P00028000,28.0,0.9,0.91,1.03,2.0,358.0,0.41089456298828125,False,PUT,2026-06-18,HAL
HAL260618P00029000,29.0,1.08,1.02,1.32,1.0,424.0,0.4106504248046875,False,PUT,2026-06-18,HAL
HAL260618P00030000,30.0,1.4,1.37,1.57,6.0,322.0,0.3979552392578125,False,PUT,2026-06-18,HAL
HAL260618P00031000,31.0,1.77,1.47,1.98,4.0,2225.0,0.4018614501953125,False,PUT,2026-06-18,HAL
HAL260618P00032000,32.0,2.44,2.11,2.22,8.0,1118.0,0.37744763183593744,False,PUT,2026-06-18,HAL
HAL260618P00033000,33.0,2.88,2.52,2.66,15.0,510.0,0.37305314453125,False,PUT,2026-06-18,HAL
HAL260618P00034000,34.0,3.0,3.0,3.2,7.0,230.0,0.37476211181640623,True,PUT,2026-06-18,HAL
HAL260618P00035000,35.0,3.65,3.55,3.7,4.0,64.0,0.3657289990234375,True,PUT,2026-06-18,HAL
HAL260618P00036000,36.0,4.15,4.1,4.35,5.0,5.0,0.36890279541015625,True,PUT,2026-06-18,HAL
HAL260618P00037000,37.0,13.25,9.6,10.85,,5.0,0.9929199926757812,True,PUT,2026-06-18,HAL
HAL260618P00038000,38.0,5.5,5.45,5.6,4.0,1.0,0.3523013989257812,True,PUT,2026-06-18,HAL
HAL260618P00040000,40.0,7.45,6.2,7.2,,1.0,0.3601138208007812,True,PUT,2026-06-18,HAL
HAL260717C00025000,25.0,10.45,9.35,10.8,2.0,15.0,0.5327195166015625,True,CALL,2026-07-17,HAL
HAL260717C00026000,26.0,7.85,8.45,9.95,1.0,70.0,0.5080615600585938,True,CALL,2026-07-17,HAL
HAL260717C00027000,27.0,5.95,7.65,9.1,1.0,47.0,0.5976602734375001,True,CALL,2026-07-17,HAL
HAL260717C00028000,28.0,6.97,6.8,8.3,5.0,40.0,0.5732464550781251,True,CALL,2026-07-17,HAL
HAL260717C00029000,29.0,6.88,6.25,7.5,1.0,45.0,0.5471236694335939,True,CALL,2026-07-17,HAL
HAL260717C00030000,30.0,5.9,5.5,6.1,7.0,226.0,0.44385321777343745,True,CALL,2026-07-17,HAL
HAL260717C00031000,31.0,4.8,4.85,5.65,2.0,51.0,0.4592339233398438,True,CALL,2026-07-17,HAL
HAL260717C00032000,32.0,4.65,4.45,4.85,1.0,104.0,0.4282283740234375,True,CALL,2026-07-17,HAL
HAL260717C00033000,33.0,4.0,3.9,4.3,17.0,650.0,0.4226131958007812,True,CALL,2026-07-17,HAL
HAL260717C00034000,34.0,3.55,3.4,3.8,35.0,200.0,0.4182187084960937,False,CALL,2026-07-17,HAL
HAL260717C00035000,35.0,2.79,3.0,3.35,16.0,227.0,0.41480077392578124,False,CALL,2026-07-17,HAL
HAL260717C00036000,36.0,2.78,2.54,2.89,6.0,86.0,0.40601179931640624,False,CALL,2026-07-17,HAL
HAL260717C00037000,37.0,2.03,2.26,2.57,14.0,94.0,0.40869731933593745,False,CALL,2026-07-17,HAL
HAL260717C00038000,38.0,2.34,1.82,2.26,26.0,88.0,0.40845318115234375,False,CALL,2026-07-17,HAL
HAL260717C00039000,39.0,2.15,1.56,2.03,3.0,7.0,0.41358008300781246,False,CALL,2026-07-17,HAL
HAL260717C00040000,40.0,1.5,1.41,1.77,24.0,370.0,0.41211525390625,False,CALL,2026-07-17,HAL
HAL260717C00041000,41.0,1.4,1.14,1.52,5.0,9.0,0.40845318115234375,False,CALL,2026-07-17,HAL
HAL260717C00042000,42.0,1.17,0.91,1.34,1.0,41.0,0.4101621484375,False,CALL,2026-07-17,HAL
HAL260717C00043000,43.0,0.6,0.91,1.18,,4.0,0.4116269775390625,False,CALL,2026-07-17,HAL
HAL260717C00044000,44.0,0.7,0.62,1.05,,1.0,0.415044912109375,False,CALL,2026-07-17,HAL
HAL260717P00024000,24.0,0.5,0.16,0.69,1.0,2.0,0.47852083984375,False,PUT,2026-07-17,HAL
HAL260717P00025000,25.0,0.52,0.18,0.87,1.0,6.0,0.47412635253906255,False,PUT,2026-07-17,HAL
HAL260717P00026000,26.0,0.81,0.54,1.06,1.0,228.0,0.46582565429687506,False,PUT,2026-07-17,HAL
HAL260717P00028000,28.0,1.05,0.95,1.3,1.0,92.0,0.41602146484374997,False,PUT,2026-07-17,HAL
HAL260717P00029000,29.0,1.26,1.29,1.56,3.0,34.0,0.40772076660156253,False,PUT,2026-07-17,HAL
HAL260717P00030000,30.0,1.75,1.57,1.83,2.0,1986.0,0.39624627197265627,False,PUT,2026-07-17,HAL
HAL260717P00031000,31.0,1.86,1.88,2.24,27.0,60.0,0.397466962890625,False,PUT,2026-07-17,HAL
HAL260717P00032000,32.0,2.28,2.27,2.64,127.0,548.0,0.39234006103515623,False,PUT,2026-07-17,HAL
HAL260717P00033000,33.0,2.92,2.63,3.05,73.0,1082.0,0.3833069482421875,False,PUT,2026-07-17,HAL
HAL260717P00034000,34.0,3.45,3.15,3.55,91.0,327.0,0.37964487548828124,True,PUT,2026-07-17,HAL
HAL260717P00035000,35.0,4.0,3.65,4.05,1.0,202.0,0.3711000390625,True,PUT,2026-07-17,HAL
HAL260717P00036000,36.0,4.3,4.25,4.65,13.0,189.0,0.36865865722656255,True,PUT,2026-07-17,HAL
HAL260717P00037000,37.0,4.95,4.85,5.3,20.0,21.0,0.36743796630859377,True,PUT,2026-07-17,HAL
HAL260717P00040000,40.0,8.75,6.9,7.45,,3.0,0.36035795898437495,True,PUT,2026-07-17,HAL
HAL260918C00025000,25.0,8.79,9.65,11.15,1.0,515.0,0.5039112109375,True,CALL,2026-09-18,HAL
HAL260918C00027000,27.0,7.35,8.15,9.2,10.0,1207.0,0.5227098510742187,True,CALL,2026-09-18,HAL
HAL260918C00028000,28.0,8.08,7.55,8.8,3.0,5.0,0.5476119458007813,True,CALL,2026-09-18,HAL
HAL260918C00029000,29.0,5.79,7.0,7.35,100.0,105.0,0.45044494873046875,True,CALL,2026-09-18,HAL
HAL260918C00030000,30.0,7.2,6.35,6.75,5.0,3662.0,0.4484918432617187,True,CALL,2026-09-18,HAL
HAL260918C00031000,31.0,6.16,5.15,6.75,1.0,66.0,0.5039112109375,True,CALL,2026-09-18,HAL
HAL260918C00032000,32.0,4.92,5.0,5.55,7.0,1632.0,0.43445389770507814,True,CALL,2026-09-18,HAL
HAL260918C00033000,33.0,5.25,4.3,5.0,5.0,56.0,0.42774009765625004,True,CALL,2026-09-18,HAL
HAL260918C00034000,34.0,4.77,4.0,4.65,11.0,78.0,0.43677321044921874,False,CALL,2026-09-18,HAL
HAL260918C00035000,35.0,3.85,3.65,4.0,532.0,24965.0,0.4145566357421875,False,CALL,2026-09-18,HAL
HAL260918C00036000,36.0,3.5,3.15,3.6,1.0,252.0,0.41260353027343744,False,CALL,2026-09-18,HAL
HAL260918C00037000,37.0,3.0,2.82,3.5,2.0,83.0,0.43579665771484377,False,CALL,2026-09-18,HAL
HAL260918C00038000,38.0,2.83,2.5,2.89,20.0,255.0,0.40869731933593745,False,CALL,2026-09-18,HAL
HAL260918C00039000,39.0,2.6,2.1,2.61,2.0,174.0,0.4096738720703125,False,CALL,2026-09-18,HAL
HAL260918C00040000,40.0,2.06,2.15,2.28,14.0,328.0,0.4030821411132813,False,CALL,2026-09-18,HAL
HAL260918C00041000,41.0,1.09,1.87,2.11,1.0,68.0,0.40991801025390623,False,CALL,2026-09-18,HAL
HAL260918C00042000,42.0,1.66,1.72,1.92,106.0,1174.0,0.4128476684570312,False,CALL,2026-09-18,HAL
HAL260918C00043000,43.0,1.69,1.44,1.71,5.0,113.0,0.4116269775390625,False,CALL,2026-09-18,HAL
HAL260918C00044000,44.0,1.34,1.32,1.46,58.0,257.0,0.40332627929687503,False,CALL,2026-09-18,HAL
HAL260918P00024000,24.0,0.8,0.42,1.15,1.0,424.0,0.4907277490234375,False,PUT,2026-09-18,HAL
HAL260918P00025000,25.0,0.88,0.72,1.12,5.0,2984.0,0.4458063232421875,False,PUT,2026-09-18,HAL
HAL260918P00026000,26.0,1.15,0.69,1.44,50.0,587.0,0.45337460693359377,False,PUT,2026-09-18,HAL
HAL260918P00027000,27.0,1.4,1.05,1.44,4.0,3227.0,0.4128476684570312,False,PUT,2026-09-18,HAL
HAL260918P00028000,28.0,1.54,1.63,1.78,543.0,1605.0,0.41528905029296875,False,PUT,2026-09-18,HAL
HAL260918P00029000,29.0,1.9,1.47,2.09,5.0,280.0,0.4096738720703125,False,PUT,2026-09-18,HAL
HAL260918P00030000,30.0,2.45,2.16,2.47,50.0,1682.0,0.40772076660156253,False,PUT,2026-09-18,HAL
HAL260918P00031000,31.0,2.58,2.6,2.81,112.0,70.0,0.3979552392578125,False,PUT,2026-09-18,HAL
HAL260918P00032000,32.0,3.3,2.9,3.2,285.0,855.0,0.39014281738281253,False,PUT,2026-09-18,HAL
HAL260918P00033000,33.0,3.15,3.35,3.65,1.0,538.0,0.3845276391601562,False,PUT,2026-09-18,HAL
HAL260918P00034000,34.0,3.8,3.4,4.1,2000.0,66.0,0.3754945263671875,True,PUT,2026-09-18,HAL
HAL260918P00035000,35.0,4.56,3.9,4.65,2.0,58.0,0.37256486816406253,True,PUT,2026-09-18,HAL
HAL260918P00037000,37.0,5.3,5.1,5.8,5.0,136.0,0.36096830444335937,True,PUT,2026-09-18,HAL
HAL260918P00040000,40.0,9.66,6.95,7.9,,1.0,0.35474278076171867,True,PUT,2026-09-18,HAL
HAL261218C00025000,25.0,10.57,9.4,10.95,4.0,345.0,0.4931691308593751,True,CALL,2026-12-18,HAL
HAL261218C00028000,28.0,8.87,8.1,8.7,6.0,594.0,0.4545952978515625,True,CALL,2026-12-18,HAL
HAL261218C00030000,30.0,7.2,7.0,7.3,3.0,481.0,0.42957113403320313,True,CALL,2026-12-18,HAL
HAL261218C00033000,33.0,5.5,5.35,5.8,2.0,1966.0,0.4276180285644532,True,CALL,2026-12-18,HAL
HAL261218C00035000,35.0,4.75,4.35,4.8,12.0,2880.0,0.4145566357421875,False,CALL,2026-12-18,HAL
HAL261218C00037000,37.0,3.25,3.65,4.1,31.0,1683.0,0.4167538793945312,False,CALL,2026-12-18,HAL
HAL261218C00040000,40.0,2.9,2.68,2.96,74.0,6185.0,0.39771110107421875,False,CALL,2026-12-18,HAL
HAL261218C00042000,42.0,2.35,2.15,2.57,6.0,641.0,0.40601179931640624,False,CALL,2026-12-18,HAL
HAL261218P00025000,25.0,1.23,0.92,1.47,10.0,920.0,0.4233456103515625,False,PUT,2026-12-18,HAL
HAL261218P00028000,28.0,2.0,1.65,2.34,164.0,1016.0,0.4089414575195312,False,PUT,2026-12-18,HAL
HAL261218P00030000,30.0,2.85,2.36,2.97,53.0,188.0,0.39087523193359375,False,PUT,2026-12-18,HAL
HAL261218P00033000,33.0,4.0,3.4,4.4,12.0,141.0,0.38684695190429685,False,PUT,2026-12-18,HAL
HAL261218P00035000,35.0,5.15,4.85,5.25,20.0,254.0,0.3631655480957031,True,PUT,2026-12-18,HAL
HAL261218P00037000,37.0,6.4,5.65,6.55,1.0,111.0,0.3654848608398438,True,PUT,2026-12-18,HAL
HAL261218P00040000,40.0,9.59,7.7,8.5,247.0,246.0,0.3518131225585937,True,PUT,2026-12-18,HAL
HAL261218P00042000,42.0,9.65,9.5,9.95,8.0,1.0,0.3437565625,True,PUT,2026-12-18,HAL
HAL270115C00025000,25.0,10.71,10.55,11.0,43.0,4327.0,0.47876497802734375,True,CALL,2027-01-15,HAL
HAL270115C00027000,27.0,8.7,8.9,10.35,10.0,953.0,0.5376022802734376,True,CALL,2027-01-15,HAL
HAL270115C00030000,30.0,7.33,7.1,7.6,69.0,2053.0,0.43774976318359377,True,CALL,2027-01-15,HAL
HAL270115C00032000,32.0,6.2,6.05,6.3,11.0,9729.0,0.4133359448242187,True,CALL,2027-01-15,HAL
HAL270115C00035000,35.0,5.1,4.7,4.95,69.0,5506.0,0.40906352661132805,False,CALL,2027-01-15,HAL
HAL270115C00037000,37.0,4.09,4.1,4.1,20.0,4102.0,0.39978627563476565,False,CALL,2027-01-15,HAL
HAL270115C00040000,40.0,3.11,3.0,3.25,31.0,4800.0,0.40405869384765625,False,CALL,2027-01-15,HAL
HAL270115C00042000,42.0,2.84,2.51,2.8,2.0,44.0,0.40796490478515623,False,CALL,2027-01-15,HAL
HAL270115P00025000,25.0,1.36,1.2,1.51,2.0,16171.0,0.41089456298828125,False,PUT,2027-01-15,HAL
HAL270115P00027000,27.0,2.08,1.5,2.13,1500.0,6665.0,0.40796490478515623,False,PUT,2027-01-15,HAL
HAL270115P00030000,30.0,2.95,2.39,3.15,57.0,1912.0,0.39050902465820314,False,PUT,2027-01-15,HAL
HAL270115P00032000,32.0,3.95,3.15,4.15,4.0,892.0,0.3931945446777344,False,PUT,2027-01-15,HAL
HAL270115P00035000,35.0,5.5,4.6,5.65,5.0,129.0,0.3786683227539062,True,PUT,2027-01-15,HAL
HAL270115P00037000,37.0,6.3,5.8,6.8,39.0,45.0,0.3695131408691406,True,PUT,2027-01-15,HAL
HAL270115P00040000,40.0,9.5,7.8,8.75,1.0,7.0,0.35718416259765623,True,PUT,2027-01-15,HAL
HAL280121C00025000,25.0,13.0,11.3,13.0,2.0,606.0,0.481450498046875,True,CALL,2028-01-21,HAL
HAL280121C00027000,27.0,11.26,10.4,11.5,4.0,191.0,0.4512994323730469,True,CALL,2028-01-21,HAL
HAL280121C00030000,30.0,9.4,8.9,10.0,4.0,2167.0,0.44812563598632804,True,CALL,2028-01-21,HAL
HAL280121C00032000,32.0,8.87,7.55,9.05,2.0,300.0,0.44312080322265623,True,CALL,2028-01-21,HAL
HAL280121C00035000,35.0,7.05,6.9,7.3,7.0,398.0,0.41089456298828125,False,CALL,2028-01-21,HAL
HAL280121C00037000,37.0,6.35,5.95,6.8,1.0,7268.0,0.42127043579101564,False,CALL,2028-01-21,HAL
HAL280121C00040000,40.0,5.45,5.25,5.75,2.0,833.0,0.4141293939208984,False,CALL,2028-01-21,HAL
HAL280121C00042000,42.0,4.83,3.15,5.7,15.0,446.0,0.43970286865234376,False,CALL,2028-01-21,HAL
HAL280121P00025000,25.0,2.5,1.96,3.0,4.0,354.0,0.4017393811035156,False,PUT,2028-01-21,HAL
HAL280121P00027000,27.0,3.7,1.0,5.5,5.0,90.0,0.5107470800781251,False,PUT,2028-01-21,HAL
HAL280121P00030000,30.0,4.75,4.2,4.75,2.0,98.0,0.36780417358398443,False,PUT,2028-01-21,HAL
HAL280121P00032000,32.0,5.35,4.65,5.95,1.0,1652.0,0.37525038818359374,False,PUT,2028-01-21,HAL
HAL280121P00035000,35.0,7.05,4.5,9.0,50.0,55.0,0.44348701049804684,True,PUT,2028-01-21,HAL
HBAN260220C00013000,13.0,4.4,3.6,4.8,1.0,1.0,0.585941640625,True,CALL,2026-02-20,HBAN
HBAN260220C00014000,14.0,3.44,2.7,3.7,,1.0,1.0625046875000002,True,CALL,2026-02-20,HBAN
HBAN260220C00015000,15.0,1.96,1.85,2.5,5.0,25.0,0.6738313867187502,True,CALL,2026-02-20,HBAN
HBAN260220C00016000,16.0,1.05,1.05,1.6,4.0,58.0,0.5371140039062501,True,CALL,2026-02-20,HBAN
HBAN260220C00017000,17.0,0.47,0.5,0.55,214.0,1546.0,0.26758544921875,True,CALL,2026-02-20,HBAN
HBAN260220C00018000,18.0,0.15,0.1,0.15,91.0,1724.0,0.25391371093750004,False,CALL,2026-02-20,HBAN
HBAN260220C00019000,19.0,0.05,0.0,0.1,186.0,12681.0,0.35156898437499995,False,CALL,2026-02-20,HBAN
HBAN260220C00020000,20.0,0.04,0.0,0.05,2.0,1517.0,0.39453730468750003,False,CALL,2026-02-20,HBAN
HBAN260220C00021000,21.0,0.01,0.0,0.35,6.0,40.0,0.6640658593750002,False,CALL,2026-02-20,HBAN
HBAN260220P00014000,14.0,0.05,0.0,0.05,22.0,28.0,0.5195360546875,False,PUT,2026-02-20,HBAN
HBAN260220P00015000,15.0,0.05,0.0,0.1,4.0,464.0,0.44727115234375,False,PUT,2026-02-20,HBAN
HBAN260220P00016000,16.0,0.1,0.05,0.15,1.0,321.0,0.33008482421874996,False,PUT,2026-02-20,HBAN
HBAN260220P00017000,17.0,0.35,0.35,0.4,189.0,1732.0,0.282233740234375,False,PUT,2026-02-20,HBAN
HBAN260220P00018000,18.0,0.95,0.75,1.15,150.0,708.0,0.37305314453125,True,PUT,2026-02-20,HBAN
HBAN260220P00019000,19.0,1.9,1.7,2.2,45.0,222.0,0.577152666015625,True,PUT,2026-02-20,HBAN
HBAN260220P00020000,20.0,2.96,2.4,3.4,1.0,1.0,0.867188828125,True,PUT,2026-02-20,HBAN
HBAN260220P00021000,21.0,2.79,3.3,4.4,,1.0,1.0039112304687499,True,PUT,2026-02-20,HBAN
HBAN260220P00022000,22.0,4.66,4.4,5.4,1.0,0.0,0.6250037500000001,True,PUT,2026-02-20,HBAN
HBAN260320C00014000,14.0,3.6,2.85,3.7,1.0,2.0,0.7138700488281251,True,CALL,2026-03-20,HBAN
HBAN260320C00016000,16.0,1.45,1.15,1.75,1.0,2200.0,0.42969320312500003,True,CALL,2026-03-20,HBAN
HBAN260320C00017000,17.0,0.72,0.65,0.8,1.0,28.0,0.278327529296875,True,CALL,2026-03-20,HBAN
HBAN260320C00018000,18.0,0.3,0.2,0.35,39.0,372.0,0.2612378564453125,False,CALL,2026-03-20,HBAN
HBAN260320C00019000,19.0,0.1,0.05,0.15,91.0,265.0,0.2695385546875,False,CALL,2026-03-20,HBAN
HBAN260320C00020000,20.0,0.05,0.0,0.2,100.0,227.0,0.3857483300781249,False,CALL,2026-03-20,HBAN
HBAN260320C00021000,21.0,0.05,0.0,0.1,1.0,34.0,0.38477177734374995,False,CALL,2026-03-20,HBAN
HBAN260320P00014000,14.0,0.19,0.05,0.15,,1.0,0.45703667968750006,False,PUT,2026-03-20,HBAN
HBAN260320P00015000,15.0,0.1,0.1,0.2,14.0,35.0,0.37500625,False,PUT,2026-03-20,HBAN
HBAN260320P00016000,16.0,0.34,0.25,0.35,2.0,57.0,0.32569033691406246,False,PUT,2026-03-20,HBAN
HBAN260320P00017000,17.0,0.5,0.55,0.65,13.0,3696.0,0.2880930566406249,False,PUT,2026-03-20,HBAN
HBAN260320P00018000,18.0,1.05,1.1,1.3,6.0,27.0,0.3139717041015625,True,PUT,2026-03-20,HBAN
HBAN260417C00014000,14.0,4.15,2.9,3.6,2.0,54.0,0.52539537109375,True,CALL,2026-04-17,HBAN
HBAN260417C00015000,15.0,2.05,2.05,2.8,4.0,889.0,0.49121602539062503,True,CALL,2026-04-17,HBAN
HBAN260417C00016000,16.0,1.55,1.45,1.65,2.0,346.0,0.3086006640625,True,CALL,2026-04-17,HBAN
HBAN260417C00017000,17.0,0.75,0.7,0.95,9.0,1848.0,0.27149166015625,True,CALL,2026-04-17,HBAN
HBAN260417C00018000,18.0,0.45,0.4,0.5,13.0,2668.0,0.2602613037109375,False,CALL,2026-04-17,HBAN
HBAN260417C00019000,19.0,0.2,0.15,0.3,7.0,2220.0,0.282233740234375,False,CALL,2026-04-17,HBAN
HBAN260417C00020000,20.0,0.14,0.05,0.15,3.0,1057.0,0.28321029296874994,False,CALL,2026-04-17,HBAN
HBAN260417C00021000,21.0,0.13,0.0,0.2,15.0,202.0,0.37305314453125,False,CALL,2026-04-17,HBAN
HBAN260417C00022000,22.0,0.1,0.0,0.1,1.0,61.0,0.35938140625,False,CALL,2026-04-17,HBAN
HBAN260417P00013000,13.0,0.1,0.05,0.2,5.0,194.0,0.5039112109375,False,PUT,2026-04-17,HBAN
HBAN260417P00014000,14.0,0.23,0.05,0.25,1.0,500.0,0.43164630859375,False,PUT,2026-04-17,HBAN
HBAN260417P00015000,15.0,0.25,0.2,0.25,10.0,634.0,0.327155166015625,False,PUT,2026-04-17,HBAN
HBAN260417P00016000,16.0,0.44,0.3,0.5,130.0,909.0,0.3178779150390625,False,PUT,2026-04-17,HBAN
HBAN260417P00017000,17.0,0.72,0.65,0.85,3.0,1048.0,0.29492892578124996,False,PUT,2026-04-17,HBAN
HBAN260417P00018000,18.0,1.24,1.25,1.4,5.0,165.0,0.28516339843749994,True,PUT,2026-04-17,HBAN
HBAN260417P00019000,19.0,1.29,1.6,2.55,17.0,29.0,0.43604079589843747,True,PUT,2026-04-17,HBAN
HBAN260417P00020000,20.0,2.75,2.4,3.5,3.0,3.0,0.5048877636718749,True,PUT,2026-04-17,HBAN
HBAN260417P00022000,22.0,4.6,4.1,5.3,5.0,5.0,0.5664105859375,True,PUT,2026-04-17,HBAN
HBAN260515C00013000,13.0,3.8,3.8,4.8,2.0,2.0,0.6455113574218749,True,CALL,2026-05-15,HBAN
HBAN260515C00014000,14.0,2.9,2.95,3.8,2.0,2.0,0.532231240234375,True,CALL,2026-05-15,HBAN
HBAN260515C00015000,15.0,2.52,2.05,3.0,1.0,8.0,0.49023947265625006,True,CALL,2026-05-15,HBAN
HBAN260515C00016000,16.0,2.4,1.55,1.75,1.0,17.0,0.2963937548828125,True,CALL,2026-05-15,HBAN
HBAN260515C00017000,17.0,1.25,1.05,1.15,2.0,44.0,0.2876047802734374,True,CALL,2026-05-15,HBAN
HBAN260515C00018000,18.0,0.53,0.55,0.7,11.0,153.0,0.2797923583984374,False,CALL,2026-05-15,HBAN
HBAN260515C00019000,19.0,0.4,0.3,0.4,10.0,671.0,0.27539787109374997,False,CALL,2026-05-15,HBAN
HBAN260515C00020000,20.0,0.15,0.05,0.25,10.0,445.0,0.28711650390624993,False,CALL,2026-05-15,HBAN
HBAN260515C00021000,21.0,0.28,0.0,0.35,13.0,173.0,0.38477177734374995,False,CALL,2026-05-15,HBAN
HBAN260515C00022000,22.0,0.15,0.0,0.35,15.0,16.0,0.437505625,False,CALL,2026-05-15,HBAN
HBAN260515P00013000,13.0,0.19,0.05,0.15,,1.0,0.39942006835937505,False,PUT,2026-05-15,HBAN
HBAN260515P00014000,14.0,0.2,0.1,0.25,23.0,1.0,0.3711000390625,False,PUT,2026-05-15,HBAN
HBAN260515P00015000,15.0,0.3,0.2,0.35,175.0,214.0,0.32227240234374993,False,PUT,2026-05-15,HBAN
HBAN260515P00016000,16.0,0.55,0.5,0.6,10.0,109.0,0.3042061767578125,False,PUT,2026-05-15,HBAN
HBAN260515P00017000,17.0,0.85,0.85,0.95,16.0,268.0,0.28076891113281244,False,PUT,2026-05-15,HBAN
HBAN260515P00018000,18.0,1.3,1.2,1.7,3.0,9.0,0.32813171874999997,True,PUT,2026-05-15,HBAN
HBAN260515P00019000,19.0,1.7,1.75,2.45,2.0,96.0,0.3452213916015625,True,PUT,2026-05-15,HBAN
HBAN260618C00013000,13.0,5.0,3.8,4.8,1.0,92.0,0.5620160986328125,True,CALL,2026-06-18,HBAN
HBAN260618C00015000,15.0,2.51,2.15,2.85,25.0,972.0,0.38281867187499996,True,CALL,2026-06-18,HBAN
HBAN260618C00017000,17.0,1.15,1.05,1.25,25.0,1495.0,0.2739330419921875,True,CALL,2026-06-18,HBAN
HBAN260618C00020000,20.0,0.25,0.2,0.3,3.0,6306.0,0.26758544921875,False,CALL,2026-06-18,HBAN
HBAN260618C00022000,22.0,0.1,0.05,0.2,50.0,473.0,0.32129584960937496,False,CALL,2026-06-18,HBAN
HBAN260618P00013000,13.0,0.15,0.1,0.3,3.0,436.0,0.42774009765625004,False,PUT,2026-06-18,HBAN
HBAN260618P00015000,15.0,0.45,0.4,0.5,7.0,1199.0,0.32959654785156245,False,PUT,2026-06-18,HBAN
HBAN260618P00017000,17.0,1.15,0.95,1.1,20.0,648.0,0.2802806347656249,False,PUT,2026-06-18,HBAN
HBAN260618P00020000,20.0,2.0,2.55,3.6,2.0,94.0,0.40430283203125,True,PUT,2026-06-18,HBAN
HBAN260717C00013000,13.0,3.93,4.5,0.0,10.0,10.0,1.0000000000000003e-05,True,CALL,2026-07-17,HBAN
HBAN260717C00014000,14.0,3.07,0.0,0.0,1.0,1.0,1.0000000000000003e-05,True,CALL,2026-07-17,HBAN
HBAN260717C00015000,15.0,2.85,2.15,3.2,7.0,8.0,0.44043528320312497,True,CALL,2026-07-17,HBAN
HBAN260717C00016000,16.0,1.85,1.75,1.95,1.0,30.0,0.28321029296874994,True,CALL,2026-07-17,HBAN
HBAN260717C00017000,17.0,1.1,1.15,1.35,90.0,118.0,0.2712475219726562,True,CALL,2026-07-17,HBAN
HBAN260717C00018000,18.0,0.75,0.6,0.85,48.0,210.0,0.25489026367187506,False,CALL,2026-07-17,HBAN
HBAN260717C00019000,19.0,0.45,0.4,0.55,1.0,199.0,0.25586681640625003,False,CALL,2026-07-17,HBAN
HBAN260717C00020000,20.0,0.35,0.15,0.4,50.0,1402.0,0.27246821289062495,False,CALL,2026-07-17,HBAN
HBAN260717C00021000,21.0,0.5,0.05,0.45,29.0,104.0,0.334967587890625,False,CALL,2026-07-17,HBAN
HBAN260717C00022000,22.0,0.35,0.05,0.4,6.0,11.0,0.3632876171875,False,CALL,2026-07-17,HBAN
HBAN260717P00013000,13.0,0.25,0.15,0.25,1.0,26.0,0.367193828125,False,PUT,2026-07-17,HBAN
HBAN260717P00014000,14.0,0.49,0.2,0.4,1.0,16.0,0.34961587890624996,False,PUT,2026-07-17,HBAN
HBAN260717P00015000,15.0,0.45,0.35,0.55,1.0,4.0,0.31445998046874996,False,PUT,2026-07-17,HBAN
HBAN260717P00016000,16.0,0.71,0.55,0.8,7.0,12.0,0.28955788574218744,False,PUT,2026-07-17,HBAN
HBAN260717P00017000,17.0,1.15,0.95,1.2,10.0,121.0,0.27686270019531245,False,PUT,2026-07-17,HBAN
HBAN260717P00018000,18.0,1.7,1.55,1.7,1.0,71.0,0.2602613037109375,True,PUT,2026-07-17,HBAN
HBAN260717P00019000,19.0,2.0,2.25,2.45,1.0,20.0,0.2739330419921875,True,PUT,2026-07-17,HBAN
HBAN260717P00021000,21.0,3.58,3.4,4.5,,6.0,0.39600213378906257,True,PUT,2026-07-17,HBAN
HBAN270115C00015000,15.0,3.2,2.85,3.1,7.0,834.0,0.2880930566406249,True,CALL,2027-01-15,HBAN
HBAN270115C00017000,17.0,1.65,1.6,1.9,37.0,1174.0,0.2712475219726562,True,CALL,2027-01-15,HBAN
HBAN270115C00020000,20.0,0.7,0.55,0.85,12.0,2995.0,0.2683178637695312,False,CALL,2027-01-15,HBAN
HBAN270115C00022000,22.0,0.38,0.2,0.45,7.0,3964.0,0.2629468237304688,False,CALL,2027-01-15,HBAN
HBAN270115P00015000,15.0,0.95,0.75,1.05,4.0,548.0,0.3107979077148437,False,PUT,2027-01-15,HBAN
HBAN270115P00017000,17.0,2.1,1.45,1.8,1.0,288.0,0.2827220166015625,False,PUT,2027-01-15,HBAN
HBAN270115P00020000,20.0,2.78,3.3,3.7,8.0,73.0,0.2727123510742187,True,PUT,2027-01-15,HBAN
HBAN280121C00013000,13.0,6.0,0.0,0.0,3.0,43.0,1.0000000000000003e-05,True,CALL,2028-01-21,HBAN
HBAN280121C00015000,15.0,4.08,3.0,5.0,1.0,40.0,0.4292049267578125,True,CALL,2028-01-21,HBAN
HBAN280121C00017000,17.0,2.75,2.3,3.1,14.0,120.0,0.31641308593749995,True,CALL,2028-01-21,HBAN
HBAN280121C00020000,20.0,1.55,0.95,2.3,1.0,272.0,0.3425358715820312,False,CALL,2028-01-21,HBAN
HBAN280121C00022000,22.0,1.25,0.0,3.1,1.0,2.0,0.4802298071289062,False,CALL,2028-01-21,HBAN
HBAN280121P00013000,13.0,1.2,0.0,2.9,1.0,174.0,0.5732464550781251,False,PUT,2028-01-21,HBAN
HBAN280121P00015000,15.0,1.85,0.35,2.6,2.0,16.0,0.4028380029296875,False,PUT,2028-01-21,HBAN
HBAN280121P00017000,17.0,2.45,2.25,4.0,1.0,6.0,0.43286699951171875,False,PUT,2028-01-21,HBAN
HBAN280121P00020000,20.0,4.3,2.5,5.4,5.0,1.0,0.37134417724609375,True,PUT,2028-01-21,HBAN
HBM260220C00020000,20.0,7.0,5.9,7.5,16.0,249.0,1.2509803076171875,True,CALL,2026-02-20,HBM
HBM260220C00022500,22.5,4.1,4.4,5.2,10.0,143.0,0.7773459765625,True,CALL,2026-02-20,HBM
HBM260220C00025000,25.0,3.0,2.7,3.1,128.0,1569.0,0.7138700488281251,True,CALL,2026-02-20,HBM
HBM260220C00030000,30.0,0.85,0.8,1.2,935.0,2434.0,0.789064609375,False,CALL,2026-02-20,HBM
HBM260220P00020000,20.0,0.1,0.05,0.2,11.0,159.0,0.7695335546875001,False,PUT,2026-02-20,HBM
HBM260220P00022500,22.5,0.42,0.25,0.45,2.0,69.0,0.69336244140625,False,PUT,2026-02-20,HBM
HBM260220P00025000,25.0,0.95,0.85,1.1,175.0,58.0,0.6699251757812501,False,PUT,2026-02-20,HBM
HBM260220P00030000,30.0,4.2,3.7,4.6,28.0,18.0,0.7773459765625,True,PUT,2026-02-20,HBM
HBM260320C00020000,20.0,7.45,6.9,7.7,5.0,134.0,0.74414318359375,True,CALL,2026-03-20,HBM
HBM260320C00022500,22.5,6.21,5.0,5.7,1.0,6.0,0.7241238525390624,True,CALL,2026-03-20,HBM
HBM260320C00025000,25.0,3.85,3.6,4.2,139.0,324.0,0.752932158203125,True,CALL,2026-03-20,HBM
HBM260320C00030000,30.0,1.75,1.65,2.05,288.0,1302.0,0.7563500927734376,False,CALL,2026-03-20,HBM
HBM260320P00020000,20.0,0.5,0.0,1.0,5.0,23.0,0.7539087109375,False,PUT,2026-03-20,HBM
HBM260320P00022500,22.5,0.78,0.0,1.55,3.0,67.0,0.6347692773437501,False,PUT,2026-03-20,HBM
HBM260320P00025000,25.0,1.9,1.45,2.35,3.0,116.0,0.7045927978515626,False,PUT,2026-03-20,HBM
HBM260417C00020000,20.0,7.3,7.0,8.1,19.0,1569.0,0.6928741650390625,True,CALL,2026-04-17,HBM
HBM260417C00022500,22.5,5.6,5.4,6.3,1034.0,1066.0,0.7133817724609376,True,CALL,2026-04-17,HBM
HBM260417C00025000,25.0,4.3,4.0,4.7,636.0,1335.0,0.7026396923828125,True,CALL,2026-04-17,HBM
HBM260417C00030000,30.0,2.4,2.3,2.5,999.0,4135.0,0.72070591796875,False,CALL,2026-04-17,HBM
HBM260417P00020000,20.0,0.8,0.3,1.0,3.0,56.0,0.6640658593750002,False,PUT,2026-04-17,HBM
HBM260417P00022500,22.5,1.36,0.95,1.65,2.0,21.0,0.6543003320312502,False,PUT,2026-04-17,HBM
HBM260417P00025000,25.0,1.73,2.15,2.75,2.0,16.0,0.6853058813476562,False,PUT,2026-04-17,HBM
HBM260717C00020000,20.0,8.8,7.7,10.0,21.0,2336.0,0.7456080126953125,True,CALL,2026-07-17,HBM
HBM260717C00022500,22.5,7.0,6.3,7.6,11.0,2202.0,0.6718782812500002,True,CALL,2026-07-17,HBM
HBM260717C00025000,25.0,5.8,5.6,6.1,83.0,2634.0,0.6994658959960938,True,CALL,2026-07-17,HBM
HBM260717C00030000,30.0,3.9,3.7,4.2,274.0,1057.0,0.7043486596679689,False,CALL,2026-07-17,HBM
HBM260717P00020000,20.0,1.6,1.4,1.6,11.0,528.0,0.6411168701171875,False,PUT,2026-07-17,HBM
HBM260717P00022500,22.5,2.25,1.85,2.65,1.0,173.0,0.6088906298828126,False,PUT,2026-07-17,HBM
HBM260717P00025000,25.0,3.55,3.3,3.6,14.0,26.0,0.614261669921875,False,PUT,2026-07-17,HBM
HBM260717P00030000,30.0,5.6,6.1,7.1,3.0,49.0,0.6320837573242188,True,PUT,2026-07-17,HBM
HIMS260130C00022000,22.0,7.15,7.45,8.25,5.0,429.0,3.07031482421875,True,CALL,2026-01-30,HIMS
HIMS260130C00023000,23.0,7.0,6.45,7.4,3.0,98.0,2.9140652148437503,True,CALL,2026-01-30,HIMS
HIMS260130C00024000,24.0,5.8,5.45,6.1,12.0,89.0,2.14844212890625,True,CALL,2026-01-30,HIMS
HIMS260130C00024500,24.5,5.26,4.95,5.6,3.0,29.0,1.984375078125,True,CALL,2026-01-30,HIMS
HIMS260130C00025000,25.0,4.86,4.5,5.15,3.0,15.0,1.9492190039062502,True,CALL,2026-01-30,HIMS
HIMS260130C00026000,26.0,3.3,2.61,4.15,21.0,124.0,2.220707573242187,True,CALL,2026-01-30,HIMS
HIMS260130C00026500,26.5,2.9,1.98,3.75,1.0,2.0,2.175785810546875,True,CALL,2026-01-30,HIMS
HIMS260130C00027000,27.0,2.93,2.53,3.1,12.0,41.0,1.2578162109375,True,CALL,2026-01-30,HIMS
HIMS260130C00027500,27.5,2.16,1.99,2.52,6.0,243.0,0.9726565234375,True,CALL,2026-01-30,HIMS
HIMS260130C00028000,28.0,1.76,1.63,1.88,45.0,133.0,0.8085956640624999,True,CALL,2026-01-30,HIMS
HIMS260130C00028500,28.5,1.4,1.33,1.44,316.0,822.0,0.8281267187499999,True,CALL,2026-01-30,HIMS
HIMS260130C00029000,29.0,1.07,0.93,1.06,1160.0,1836.0,0.7617211328125001,True,CALL,2026-01-30,HIMS
HIMS260130C00029500,29.5,0.68,0.6,0.74,1047.0,1129.0,0.7148466015625,True,CALL,2026-01-30,HIMS
HIMS260130C00030000,30.0,0.4,0.41,0.49,3804.0,4428.0,0.72070591796875,False,CALL,2026-01-30,HIMS
HIMS260130C00030500,30.5,0.25,0.23,0.28,1281.0,2772.0,0.6796907031250001,False,CALL,2026-01-30,HIMS
HIMS260130C00031000,31.0,0.15,0.14,0.17,3696.0,3771.0,0.6953155468750001,False,CALL,2026-01-30,HIMS
HIMS260130C00031500,31.5,0.09,0.08,0.11,1369.0,3288.0,0.7187528125,False,CALL,2026-01-30,HIMS
HIMS260130C00032000,32.0,0.06,0.06,0.07,14834.0,5416.0,0.7617211328125001,False,CALL,2026-01-30,HIMS
HIMS260130C00032500,32.5,0.04,0.04,0.05,2220.0,7589.0,0.804689453125,False,CALL,2026-01-30,HIMS
HIMS260130C00033000,33.0,0.04,0.03,0.04,2629.0,6816.0,0.85937640625,False,CALL,2026-01-30,HIMS
HIMS260130C00033500,33.5,0.03,0.02,0.04,233.0,1500.0,0.92187578125,False,CALL,2026-01-30,HIMS
HIMS260130C00034000,34.0,0.02,0.02,0.03,802.0,4741.0,0.98437515625,False,CALL,2026-01-30,HIMS
HIMS260130C00034500,34.5,0.01,0.01,0.03,23.0,599.0,1.0312548437500002,False,CALL,2026-01-30,HIMS
HIMS260130C00035000,35.0,0.02,0.01,0.02,1308.0,4059.0,1.0625046875000002,False,CALL,2026-01-30,HIMS
HIMS260130C00035500,35.5,0.02,0.01,0.03,27.0,459.0,1.1875040625,False,CALL,2026-01-30,HIMS
HIMS260130C00036000,36.0,0.01,0.0,0.03,25.0,1661.0,1.21875390625,False,CALL,2026-01-30,HIMS
HIMS260130C00036500,36.5,0.01,0.0,0.02,64.0,99.0,1.21875390625,False,CALL,2026-01-30,HIMS
HIMS260130C00037000,37.0,0.02,0.0,0.03,42.0,958.0,1.3437532812499997,False,CALL,2026-01-30,HIMS
HIMS260130C00037500,37.5,0.01,0.0,0.04,5.0,87.0,1.484377578125,False,CALL,2026-01-30,HIMS
HIMS260130C00038000,38.0,0.04,0.0,0.04,181.0,1162.0,1.5468772656249998,False,CALL,2026-01-30,HIMS
HIMS260130P00021000,21.0,0.01,0.0,0.04,2.0,758.0,2.1250046874999997,False,PUT,2026-01-30,HIMS
HIMS260130P00022000,22.0,0.01,0.0,0.07,2.0,1.0,2.031254921875,False,PUT,2026-01-30,HIMS
HIMS260130P00023000,23.0,0.01,0.0,0.1,7.0,8437.0,1.875000625,False,PUT,2026-01-30,HIMS
HIMS260130P00024000,24.0,0.01,0.0,0.04,8.0,495.0,1.3750031249999999,False,PUT,2026-01-30,HIMS
HIMS260130P00024500,24.5,0.02,0.0,0.14,1.0,16.0,1.5781271093749998,False,PUT,2026-01-30,HIMS
HIMS260130P00025000,25.0,0.02,0.01,0.03,101.0,687.0,1.140629296875,False,PUT,2026-01-30,HIMS
HIMS260130P00025500,25.5,0.05,0.0,0.11,2.0,24.0,1.2343788281249999,False,PUT,2026-01-30,HIMS
HIMS260130P00026000,26.0,0.02,0.02,0.03,9.0,1287.0,0.9531254687499999,False,PUT,2026-01-30,HIMS
HIMS260130P00026500,26.5,0.02,0.02,0.05,17.0,742.0,0.8828136718749999,False,PUT,2026-01-30,HIMS
HIMS260130P00027000,27.0,0.04,0.03,0.05,150.0,1216.0,0.7812521875,False,PUT,2026-01-30,HIMS
HIMS260130P00027500,27.5,0.06,0.05,0.06,550.0,871.0,0.7070341796875,False,PUT,2026-01-30,HIMS
HIMS260130P00028000,28.0,0.09,0.08,0.11,1399.0,2821.0,0.6679720703125002,False,PUT,2026-01-30,HIMS
HIMS260130P00028500,28.5,0.15,0.12,0.19,313.0,1819.0,0.6210975390625001,False,PUT,2026-01-30,HIMS
HIMS260130P00029000,29.0,0.3,0.23,0.31,794.0,2518.0,0.5918009570312501,False,PUT,2026-01-30,HIMS
HIMS260130P00029500,29.5,0.51,0.4,0.51,716.0,1116.0,0.5722699023437501,False,PUT,2026-01-30,HIMS
HIMS260130P00030000,30.0,0.72,0.68,0.77,839.0,2294.0,0.56055126953125,True,PUT,2026-01-30,HIMS
HIMS260130P00030500,30.5,1.08,1.03,1.1,358.0,384.0,0.5390671093750001,True,PUT,2026-01-30,HIMS
HIMS260130P00031000,31.0,1.5,1.4,1.5,230.0,962.0,0.5742230078125,True,PUT,2026-01-30,HIMS
HIMS260130P00031500,31.5,1.87,1.84,2.02,365.0,274.0,0.7500025,True,PUT,2026-01-30,HIMS
HIMS260130P00032000,32.0,2.34,2.22,2.46,225.0,944.0,0.7148466015625,True,PUT,2026-01-30,HIMS
HIMS260130P00032500,32.5,2.75,2.6,3.2,42.0,164.0,1.3515657421874998,True,PUT,2026-01-30,HIMS
HIMS260130P00033000,33.0,3.7,3.15,3.85,188.0,515.0,1.0546922265625,True,PUT,2026-01-30,HIMS
HIMS260130P00033500,33.5,4.13,2.91,4.4,2.0,13.0,1.9492190039062502,True,PUT,2026-01-30,HIMS
HIMS260130P00034000,34.0,4.5,4.0,4.75,37.0,514.0,1.8281258593749998,True,PUT,2026-01-30,HIMS
HIMS260130P00034500,34.5,5.34,3.9,6.15,23.0,25.0,1.4453152734375,True,PUT,2026-01-30,HIMS
HIMS260130P00035000,35.0,5.36,5.2,5.4,27.0,345.0,1.0000000000000003e-05,True,PUT,2026-01-30,HIMS
HIMS260130P00035500,35.5,5.9,4.9,7.1,1.0,59.0,1.5546897265624997,True,PUT,2026-01-30,HIMS
HIMS260130P00036000,36.0,6.37,5.4,7.6,2.0,163.0,1.6484392578125,True,PUT,2026-01-30,HIMS
HIMS260130P00036500,36.5,7.0,5.9,8.1,1.0,16.0,1.734376328125,True,PUT,2026-01-30,HIMS
HIMS260130P00037000,37.0,7.88,7.05,8.5,2.0,219.0,2.5585973535156246,True,PUT,2026-01-30,HIMS
HIMS260130P00037500,37.5,6.8,7.35,9.1,1.0,2.0,2.5546911132812498,True,PUT,2026-01-30,HIMS
HIMS260130P00038000,38.0,8.79,7.95,9.6,70.0,168.0,2.761721845703125,True,PUT,2026-01-30,HIMS
HIMS260206C00021000,21.0,8.8,8.5,9.6,2.0,6.0,1.90234423828125,True,CALL,2026-02-06,HIMS
HIMS260206C00024000,24.0,6.3,5.55,6.6,19.0,20.0,1.3554719726562499,True,CALL,2026-02-06,HIMS
HIMS260206C00025000,25.0,4.48,3.6,5.8,25.0,30.0,0.7500025,True,CALL,2026-02-06,HIMS
HIMS260206C00025500,25.5,5.24,4.1,5.35,12.0,2.0,1.2021524267578125,True,CALL,2026-02-06,HIMS
HIMS260206C00026000,26.0,4.5,3.65,4.75,1.0,3.0,1.0859420703125,True,CALL,2026-02-06,HIMS
HIMS260206C00026500,26.5,4.18,2.23,4.3,4.0,3.0,0.6191444335937502,True,CALL,2026-02-06,HIMS
HIMS260206C00027000,27.0,2.43,2.78,3.35,22.0,33.0,0.7949239257812499,True,CALL,2026-02-06,HIMS
HIMS260206C00027500,27.5,3.25,1.87,3.0,3.0,176.0,0.6074258007812501,True,CALL,2026-02-06,HIMS
HIMS260206C00028000,28.0,2.33,2.06,2.34,36.0,112.0,0.6914093359375001,True,CALL,2026-02-06,HIMS
HIMS260206C00028500,28.5,1.88,1.87,2.02,188.0,179.0,0.7314479980468749,True,CALL,2026-02-06,HIMS
HIMS260206C00029000,29.0,1.55,1.6,1.7,652.0,319.0,0.727541787109375,True,CALL,2026-02-06,HIMS
HIMS260206C00029500,29.5,1.38,1.33,1.39,422.0,331.0,0.710940390625,True,CALL,2026-02-06,HIMS
HIMS260206C00030000,30.0,1.14,1.1,1.17,1292.0,1231.0,0.7128934960937501,False,CALL,2026-02-06,HIMS
HIMS260206C00030500,30.5,0.96,0.92,0.96,195.0,348.0,0.7158231542968749,False,CALL,2026-02-06,HIMS
HIMS260206C00031000,31.0,0.79,0.74,0.79,496.0,1187.0,0.7148466015625,False,CALL,2026-02-06,HIMS
HIMS260206C00031500,31.5,0.59,0.6,0.65,124.0,819.0,0.7187528125,False,CALL,2026-02-06,HIMS
HIMS260206C00032000,32.0,0.58,0.48,0.54,1647.0,1414.0,0.7246121289062499,False,CALL,2026-02-06,HIMS
HIMS260206C00032500,32.5,0.41,0.39,0.44,247.0,404.0,0.7314479980468749,False,CALL,2026-02-06,HIMS
HIMS260206C00033000,33.0,0.34,0.32,0.35,345.0,938.0,0.73633076171875,False,CALL,2026-02-06,HIMS
HIMS260206C00033500,33.5,0.26,0.25,0.29,255.0,433.0,0.7421900781249999,False,CALL,2026-02-06,HIMS
HIMS260206C00034000,34.0,0.23,0.22,0.27,417.0,1560.0,0.7773459765625,False,CALL,2026-02-06,HIMS
HIMS260206C00034500,34.5,0.2,0.18,0.22,77.0,193.0,0.7832052929687501,False,CALL,2026-02-06,HIMS
HIMS260206C00035000,35.0,0.15,0.15,0.17,512.0,1525.0,0.78711150390625,False,CALL,2026-02-06,HIMS
HIMS260206C00035500,35.5,0.15,0.08,0.23,1.0,83.0,0.8281267187499999,False,CALL,2026-02-06,HIMS
HIMS260206C00036000,36.0,0.13,0.08,0.15,145.0,2473.0,0.8164080859374999,False,CALL,2026-02-06,HIMS
HIMS260206C00036500,36.5,0.12,0.04,0.19,12.0,44.0,0.85937640625,False,CALL,2026-02-06,HIMS
HIMS260206C00037000,37.0,0.09,0.07,0.12,64.0,409.0,0.867188828125,False,CALL,2026-02-06,HIMS
HIMS260206C00037500,37.5,0.01,0.02,0.14,1.0,2.0,0.8789074609374999,False,CALL,2026-02-06,HIMS
HIMS260206C00038000,38.0,0.08,0.06,0.09,71.0,249.0,0.9062509375,False,CALL,2026-02-06,HIMS
HIMS260206P00022000,22.0,0.03,0.0,0.33,5.0,7.0,1.29297228515625,False,PUT,2026-02-06,HIMS
HIMS260206P00023000,23.0,0.12,0.0,0.13,5.0,136.0,0.929688203125,False,PUT,2026-02-06,HIMS
HIMS260206P00024000,24.0,0.07,0.05,0.1,3.0,591.0,0.8203142968749999,False,PUT,2026-02-06,HIMS
HIMS260206P00024500,24.5,0.12,0.0,0.31,5.0,141.0,0.89257919921875,False,PUT,2026-02-06,HIMS
HIMS260206P00025000,25.0,0.07,0.07,0.11,84.0,405.0,0.7148466015625,False,PUT,2026-02-06,HIMS
HIMS260206P00025500,25.5,0.13,0.1,0.16,6.0,358.0,0.710940390625,False,PUT,2026-02-06,HIMS
HIMS260206P00026000,26.0,0.17,0.15,0.19,51.0,843.0,0.6894562304687502,False,PUT,2026-02-06,HIMS
HIMS260206P00026500,26.5,0.24,0.19,0.26,77.0,347.0,0.6718782812500002,False,PUT,2026-02-06,HIMS
HIMS260206P00027000,27.0,0.31,0.26,0.32,147.0,698.0,0.648441015625,False,PUT,2026-02-06,HIMS
HIMS260206P00027500,27.5,0.44,0.37,0.45,128.0,313.0,0.6543003320312502,False,PUT,2026-02-06,HIMS
HIMS260206P00028000,28.0,0.54,0.51,0.53,173.0,1231.0,0.6347692773437501,False,PUT,2026-02-06,HIMS
HIMS260206P00028500,28.5,0.68,0.66,0.73,63.0,1607.0,0.637698935546875,False,PUT,2026-02-06,HIMS
HIMS260206P00029000,29.0,0.89,0.87,0.93,232.0,649.0,0.63867548828125,False,PUT,2026-02-06,HIMS
HIMS260206P00029500,29.5,1.11,1.1,1.17,233.0,355.0,0.637698935546875,False,PUT,2026-02-06,HIMS
HIMS260206P00030000,30.0,1.35,1.36,1.44,123.0,1458.0,0.6347692773437501,True,PUT,2026-02-06,HIMS
HIMS260206P00030500,30.5,1.7,1.67,1.74,302.0,320.0,0.6357458300781251,True,PUT,2026-02-06,HIMS
HIMS260206P00031000,31.0,1.96,1.98,2.07,150.0,907.0,0.6269568554687501,True,PUT,2026-02-06,HIMS
HIMS260206P00031500,31.5,2.42,2.31,2.44,348.0,123.0,0.6191444335937502,True,PUT,2026-02-06,HIMS
HIMS260206P00032000,32.0,2.71,2.67,2.84,78.0,1091.0,0.6113320117187502,True,PUT,2026-02-06,HIMS
HIMS260206P00032500,32.5,3.36,2.92,3.4,7.0,80.0,0.6035195898437502,True,PUT,2026-02-06,HIMS
HIMS260206P00033000,33.0,3.67,3.4,3.95,16.0,537.0,0.6787141503906251,True,PUT,2026-02-06,HIMS
HIMS260206P00033500,33.5,3.88,3.75,4.8,1.0,46.0,0.823243955078125,True,PUT,2026-02-06,HIMS
HIMS260206P00034000,34.0,4.67,4.25,4.75,20.0,303.0,0.59570716796875,True,PUT,2026-02-06,HIMS
HIMS260206P00034500,34.5,5.34,4.0,6.2,11.0,24.0,0.773439765625,True,PUT,2026-02-06,HIMS
HIMS260206P00035000,35.0,5.49,5.3,5.9,17.0,313.0,0.8242205078124999,True,PUT,2026-02-06,HIMS
HIMS260206P00035500,35.5,5.44,4.95,7.2,1.0,5.0,0.84179845703125,True,PUT,2026-02-06,HIMS
HIMS260206P00036000,36.0,7.13,6.2,7.65,12.0,144.0,1.2353553857421873,True,PUT,2026-02-06,HIMS
HIMS260206P00036500,36.5,7.09,6.55,8.1,,1.0,1.203128984375,True,PUT,2026-02-06,HIMS
HIMS260206P00037000,37.0,7.38,6.45,8.65,10.0,104.0,0.9414068359375,True,PUT,2026-02-06,HIMS
HIMS260206P00037500,37.5,7.9,6.95,8.9,1.0,2.0,0.6718782812500002,True,PUT,2026-02-06,HIMS
HIMS260206P00038000,38.0,9.32,8.0,9.6,25.0,71.0,1.3261752441406247,True,PUT,2026-02-06,HIMS
HIMS260213C00021000,21.0,9.46,7.4,9.75,2.0,2.0,1.9746095019531251,True,CALL,2026-02-13,HIMS
HIMS260213C00022000,22.0,7.6,6.45,8.75,,1.0,0.5937540625000001,True,CALL,2026-02-13,HIMS
HIMS260213C00024000,24.0,5.87,4.65,6.9,2.0,24.0,0.7578149218750001,True,CALL,2026-02-13,HIMS
HIMS260213C00025000,25.0,4.97,4.0,5.35,2.0,151.0,0.5312546875,True,CALL,2026-02-13,HIMS
HIMS260213C00026000,26.0,4.35,4.0,4.25,7.0,711.0,0.770510107421875,True,CALL,2026-02-13,HIMS
HIMS260213C00027000,27.0,3.0,2.99,3.5,1.0,13.0,0.692385888671875,True,CALL,2026-02-13,HIMS
HIMS260213C00028000,28.0,2.03,2.56,2.77,32.0,62.0,0.7314479980468749,True,CALL,2026-02-13,HIMS
HIMS260213C00029000,29.0,2.05,2.01,2.18,195.0,385.0,0.7299831689453125,True,CALL,2026-02-13,HIMS
HIMS260213C00030000,30.0,1.65,1.52,1.7,346.0,178.0,0.7270535107421875,False,CALL,2026-02-13,HIMS
HIMS260213C00031000,31.0,1.18,1.13,1.27,113.0,344.0,0.719729365234375,False,CALL,2026-02-13,HIMS
HIMS260213C00032000,32.0,0.9,0.85,1.0,206.0,535.0,0.73633076171875,False,CALL,2026-02-13,HIMS
HIMS260213C00033000,33.0,0.69,0.62,0.72,112.0,423.0,0.7324245507812499,False,CALL,2026-02-13,HIMS
HIMS260213C00034000,34.0,0.52,0.49,0.53,570.0,2318.0,0.7480493945312501,False,CALL,2026-02-13,HIMS
HIMS260213C00035000,35.0,0.4,0.37,0.41,492.0,723.0,0.764650791015625,False,CALL,2026-02-13,HIMS
HIMS260213C00036000,36.0,0.3,0.29,0.32,77.0,870.0,0.7851583984375,False,CALL,2026-02-13,HIMS
HIMS260213C00037000,37.0,0.25,0.23,0.27,77.0,372.0,0.81445498046875,False,CALL,2026-02-13,HIMS
HIMS260213C00038000,38.0,0.2,0.18,0.21,1927.0,10301.0,0.8300798242187499,False,CALL,2026-02-13,HIMS
HIMS260213P00022000,22.0,0.09,0.0,0.36,6.0,24.0,0.9882813671875,False,PUT,2026-02-13,HIMS
HIMS260213P00023000,23.0,0.15,0.0,0.29,3.0,75.0,0.8242205078124999,False,PUT,2026-02-13,HIMS
HIMS260213P00024000,24.0,0.2,0.1,0.23,3.0,94.0,0.73633076171875,False,PUT,2026-02-13,HIMS
HIMS260213P00025000,25.0,0.23,0.15,0.25,126.0,366.0,0.65820654296875,False,PUT,2026-02-13,HIMS
HIMS260213P00026000,26.0,0.37,0.34,0.4,30.0,354.0,0.6669955175781253,False,PUT,2026-02-13,HIMS
HIMS260213P00027000,27.0,0.59,0.55,0.62,62.0,954.0,0.6552768847656252,False,PUT,2026-02-13,HIMS
HIMS260213P00028000,28.0,0.86,0.79,0.93,43.0,600.0,0.6347692773437501,False,PUT,2026-02-13,HIMS
HIMS260213P00029000,29.0,1.65,1.28,1.4,13.0,519.0,0.6621127539062501,False,PUT,2026-02-13,HIMS
HIMS260213P00030000,30.0,1.81,1.74,1.9,55.0,733.0,0.64648791015625,True,PUT,2026-02-13,HIMS
HIMS260213P00031000,31.0,2.39,2.32,2.51,12.0,249.0,0.637698935546875,True,PUT,2026-02-13,HIMS
HIMS260213P00032000,32.0,3.16,3.0,3.25,32.0,248.0,0.641605146484375,True,PUT,2026-02-13,HIMS
HIMS260213P00033000,33.0,3.95,3.75,4.0,25.0,307.0,0.6259803027343751,True,PUT,2026-02-13,HIMS
HIMS260213P00034000,34.0,4.89,4.5,5.6,6.0,170.0,0.8183611914062499,True,PUT,2026-02-13,HIMS
HIMS260213P00035000,35.0,5.62,5.45,5.85,3.0,155.0,0.65820654296875,True,PUT,2026-02-13,HIMS
HIMS260213P00036000,36.0,6.05,6.0,7.7,1.0,85.0,0.8789074609374999,True,PUT,2026-02-13,HIMS
HIMS260213P00037000,37.0,8.03,7.1,8.6,4.0,125.0,0.9570316796874999,True,PUT,2026-02-13,HIMS
HIMS260213P00038000,38.0,8.99,7.5,9.7,5.0,38.0,0.8242205078124999,True,PUT,2026-02-13,HIMS
HIMS260220C00021000,21.0,8.9,7.55,9.8,3.0,39.0,0.7539087109375,True,CALL,2026-02-20,HIMS
HIMS260220C00022000,22.0,7.3,7.1,8.3,68.0,53.0,0.710940390625,True,CALL,2026-02-20,HIMS
HIMS260220C00023000,23.0,6.57,5.75,7.4,21.0,113.0,1.1513714306640623,True,CALL,2026-02-20,HIMS
HIMS260220C00024000,24.0,5.02,4.9,7.0,14.0,35.0,0.754885263671875,True,CALL,2026-02-20,HIMS
HIMS260220C00025000,25.0,5.4,5.0,5.4,11.0,107.0,0.79101771484375,True,CALL,2026-02-20,HIMS
HIMS260220C00026000,26.0,3.48,4.15,4.55,4.0,28.0,0.7421900781249999,True,CALL,2026-02-20,HIMS
HIMS260220C00026500,26.5,3.74,3.8,4.35,5.0,6.0,0.7763694238281251,True,CALL,2026-02-20,HIMS
HIMS260220C00027000,27.0,3.48,3.55,3.8,314.0,236.0,0.7490259472656251,True,CALL,2026-02-20,HIMS
HIMS260220C00027500,27.5,3.06,3.0,3.4,13.0,38.0,0.6894562304687502,True,CALL,2026-02-20,HIMS
HIMS260220C00028000,28.0,3.0,2.93,3.15,77.0,313.0,0.743166630859375,True,CALL,2026-02-20,HIMS
HIMS260220C00028500,28.5,2.57,2.69,2.82,65.0,119.0,0.7417018017578124,True,CALL,2026-02-20,HIMS
HIMS260220C00029000,29.0,2.5,2.4,2.5,6822.0,293.0,0.7270535107421875,True,CALL,2026-02-20,HIMS
HIMS260220C00029500,29.5,2.16,2.16,2.27,82.0,731.0,0.7304714453125,True,CALL,2026-02-20,HIMS
HIMS260220C00030000,30.0,1.96,1.94,2.03,2850.0,1321.0,0.729494892578125,False,CALL,2026-02-20,HIMS
HIMS260220C00030500,30.5,1.84,1.73,1.8,315.0,279.0,0.725588681640625,False,CALL,2026-02-20,HIMS
HIMS260220C00031000,31.0,1.55,1.55,1.62,163.0,2449.0,0.729494892578125,False,CALL,2026-02-20,HIMS
HIMS260220C00031500,31.5,1.45,1.37,1.43,74.0,120.0,0.7260769580078125,False,CALL,2026-02-20,HIMS
HIMS260220C00032000,32.0,1.25,1.22,1.26,1429.0,2237.0,0.725588681640625,False,CALL,2026-02-20,HIMS
HIMS260220C00032500,32.5,1.11,1.09,1.14,90.0,231.0,0.7324245507812499,False,CALL,2026-02-20,HIMS
HIMS260220C00033000,33.0,0.97,0.97,1.0,746.0,2760.0,0.7329128271484374,False,CALL,2026-02-20,HIMS
HIMS260220C00033500,33.5,0.88,0.83,0.91,168.0,214.0,0.7338893798828124,False,CALL,2026-02-20,HIMS
HIMS260220C00034000,34.0,0.79,0.76,0.81,497.0,1382.0,0.7421900781249999,False,CALL,2026-02-20,HIMS
HIMS260220C00034500,34.5,0.6,0.64,0.72,21.0,102.0,0.7382838671874999,False,CALL,2026-02-20,HIMS
HIMS260220C00035000,35.0,0.61,0.61,0.64,995.0,5890.0,0.75195560546875,False,CALL,2026-02-20,HIMS
HIMS260220C00035500,35.5,0.56,0.52,0.59,15.0,147.0,0.75586181640625,False,CALL,2026-02-20,HIMS
HIMS260220C00036000,36.0,0.48,0.48,0.52,64.0,1222.0,0.762697685546875,False,CALL,2026-02-20,HIMS
HIMS260220C00036500,36.5,0.45,0.25,0.49,17.0,106.0,0.7246121289062499,False,CALL,2026-02-20,HIMS
HIMS260220C00037000,37.0,0.44,0.38,0.44,151.0,3117.0,0.77929908203125,False,CALL,2026-02-20,HIMS
HIMS260220C00037500,37.5,0.31,0.34,0.4,15.0,708.0,0.7861349511718749,False,CALL,2026-02-20,HIMS
HIMS260220C00038000,38.0,0.35,0.3,0.37,235.0,1978.0,0.7929708203125,False,CALL,2026-02-20,HIMS
HIMS260220P00021000,21.0,0.09,0.06,0.15,10.0,5703.0,0.8281267187499999,False,PUT,2026-02-20,HIMS
HIMS260220P00022000,22.0,0.16,0.1,0.16,63.0,2592.0,0.7675804492187501,False,PUT,2026-02-20,HIMS
HIMS260220P00023000,23.0,0.19,0.15,0.23,5.0,665.0,0.73633076171875,False,PUT,2026-02-20,HIMS
HIMS260220P00024000,24.0,0.34,0.27,0.31,4.0,1044.0,0.7187528125,False,PUT,2026-02-20,HIMS
HIMS260220P00025000,25.0,0.42,0.42,0.43,254.0,2754.0,0.6992217578125001,False,PUT,2026-02-20,HIMS
HIMS260220P00026000,26.0,0.59,0.58,0.62,54.0,1073.0,0.676761044921875,False,PUT,2026-02-20,HIMS
HIMS260220P00026500,26.5,0.71,0.7,0.75,4.0,536.0,0.6728548339843752,False,PUT,2026-02-20,HIMS
HIMS260220P00027000,27.0,0.85,0.84,0.9,69.0,1898.0,0.6699251757812501,False,PUT,2026-02-20,HIMS
HIMS260220P00027500,27.5,1.03,1.01,1.06,42.0,188.0,0.6679720703125002,False,PUT,2026-02-20,HIMS
HIMS260220P00028000,28.0,1.2,1.2,1.26,254.0,2628.0,0.6699251757812501,False,PUT,2026-02-20,HIMS
HIMS260220P00028500,28.5,1.43,1.4,1.47,180.0,156.0,0.6674837939453127,False,PUT,2026-02-20,HIMS
HIMS260220P00029000,29.0,1.74,1.64,1.7,254.0,1417.0,0.6689486230468751,False,PUT,2026-02-20,HIMS
HIMS260220P00029500,29.5,1.95,1.88,1.95,155.0,300.0,0.6660189648437502,False,PUT,2026-02-20,HIMS
HIMS260220P00030000,30.0,2.15,2.14,2.22,128.0,7967.0,0.6640658593750002,True,PUT,2026-02-20,HIMS
HIMS260220P00030500,30.5,2.46,2.37,2.52,68.0,241.0,0.6547886083984377,True,PUT,2026-02-20,HIMS
HIMS260220P00031000,31.0,2.79,2.73,2.82,98.0,3485.0,0.6611362011718751,True,PUT,2026-02-20,HIMS
HIMS260220P00031500,31.5,3.8,2.99,3.15,9.0,40.0,0.649417568359375,True,PUT,2026-02-20,HIMS
HIMS260220P00032000,32.0,3.48,3.35,3.6,63.0,12080.0,0.6699251757812501,True,PUT,2026-02-20,HIMS
HIMS260220P00032500,32.5,4.37,3.65,3.9,2.0,46.0,0.64648791015625,True,PUT,2026-02-20,HIMS
HIMS260220P00033000,33.0,4.3,4.05,4.4,10.0,2405.0,0.6748079394531252,True,PUT,2026-02-20,HIMS
HIMS260220P00033500,33.5,4.51,4.4,4.65,2.0,26.0,0.6372106591796876,True,PUT,2026-02-20,HIMS
HIMS260220P00034000,34.0,4.71,4.75,5.2,4.0,1994.0,0.6562534375000001,True,PUT,2026-02-20,HIMS
HIMS260220P00034500,34.5,5.85,4.35,5.85,3.0,9.0,0.8564467480468749,True,PUT,2026-02-20,HIMS
HIMS260220P00035000,35.0,6.22,5.65,6.05,82.0,3551.0,0.6728548339843752,True,PUT,2026-02-20,HIMS
HIMS260220P00035500,35.5,6.35,5.25,7.45,1.0,6.0,0.708010732421875,True,PUT,2026-02-20,HIMS
HIMS260220P00036000,36.0,6.96,6.4,7.35,7.0,909.0,0.75586181640625,True,PUT,2026-02-20,HIMS
HIMS260220P00036500,36.5,7.0,6.15,7.45,4.0,10.0,0.8281267187499999,True,PUT,2026-02-20,HIMS
HIMS260220P00037000,37.0,7.83,7.45,8.05,8.0,1005.0,0.7500025,True,PUT,2026-02-20,HIMS
HIMS260220P00037500,37.5,8.85,7.8,9.35,4.0,18.0,0.9570316796874999,True,PUT,2026-02-20,HIMS
HIMS260220P00038000,38.0,8.54,8.3,8.8,15.0,599.0,0.6601596484375001,True,PUT,2026-02-20,HIMS
HIMS260227C00021000,21.0,9.7,7.25,10.1,,0.0,0.6601596484375001,True,CALL,2026-02-27,HIMS
HIMS260227C00022000,22.0,7.3,7.0,8.55,22.0,42.0,0.70898728515625,True,CALL,2026-02-27,HIMS
HIMS260227C00023000,23.0,6.55,7.0,7.6,232.0,44.0,0.9580082324218748,True,CALL,2026-02-27,HIMS
HIMS260227C00024000,24.0,6.05,5.85,7.65,25.0,11.0,1.0488328808593752,True,CALL,2026-02-27,HIMS
HIMS260227C00025000,25.0,5.6,5.55,6.1,1.0,8.0,0.9555668505859375,True,CALL,2026-02-27,HIMS
HIMS260227C00027000,27.0,4.85,4.15,4.8,2.0,11.0,0.9272468212890624,True,CALL,2026-02-27,HIMS
HIMS260227C00028000,28.0,3.75,3.5,4.05,5.0,32.0,0.8828136718749999,True,CALL,2026-02-27,HIMS
HIMS260227C00029000,29.0,3.25,3.15,3.5,132.0,242.0,0.9003916210937499,True,CALL,2026-02-27,HIMS
HIMS260227C00030000,30.0,3.0,2.74,3.05,83.0,446.0,0.9077157666015624,False,CALL,2026-02-27,HIMS
HIMS260227C00031000,31.0,2.49,2.31,2.59,31.0,303.0,0.8955088574218748,False,CALL,2026-02-27,HIMS
HIMS260227C00032000,32.0,2.2,1.89,2.24,55.0,539.0,0.8867198828124999,False,CALL,2026-02-27,HIMS
HIMS260227C00033000,33.0,1.76,1.74,1.85,264.0,721.0,0.8994150683593749,False,CALL,2026-02-27,HIMS
HIMS260227C00034000,34.0,1.53,1.37,1.64,132.0,821.0,0.893555751953125,False,CALL,2026-02-27,HIMS
HIMS260227C00035000,35.0,1.29,1.24,1.34,433.0,1003.0,0.9003916210937499,False,CALL,2026-02-27,HIMS
HIMS260227C00036000,36.0,1.06,1.06,1.21,233.0,655.0,0.9174812939453125,False,CALL,2026-02-27,HIMS
HIMS260227C00037000,37.0,0.95,0.87,1.02,59.0,585.0,0.9125985302734375,False,CALL,2026-02-27,HIMS
HIMS260227C00038000,38.0,0.83,0.76,0.88,206.0,580.0,0.9233406103515626,False,CALL,2026-02-27,HIMS
HIMS260227P00021000,21.0,0.36,0.12,0.36,24.0,86.0,0.8710950390625,False,PUT,2026-02-27,HIMS
HIMS260227P00022000,22.0,0.39,0.38,0.43,4.0,151.0,0.8994150683593749,False,PUT,2026-02-27,HIMS
HIMS260227P00023000,23.0,0.56,0.52,0.63,28.0,350.0,0.8964854101562498,False,PUT,2026-02-27,HIMS
HIMS260227P00024000,24.0,0.72,0.7,0.98,84.0,608.0,0.9169930175781251,False,PUT,2026-02-27,HIMS
HIMS260227P00025000,25.0,0.99,0.93,1.03,187.0,1266.0,0.86132951171875,False,PUT,2026-02-27,HIMS
HIMS260227P00026000,26.0,1.23,1.18,1.44,29.0,387.0,0.867188828125,False,PUT,2026-02-27,HIMS
HIMS260227P00027000,27.0,1.63,1.57,1.69,28.0,348.0,0.848634326171875,False,PUT,2026-02-27,HIMS
HIMS260227P00028000,28.0,2.06,1.97,2.12,70.0,676.0,0.8447281152343749,False,PUT,2026-02-27,HIMS
HIMS260227P00029000,29.0,2.49,2.49,2.62,91.0,403.0,0.852540537109375,False,PUT,2026-02-27,HIMS
HIMS260227P00030000,30.0,3.2,2.96,3.2,114.0,3252.0,0.8471694970703124,True,PUT,2026-02-27,HIMS
HIMS260227P00031000,31.0,3.64,3.5,3.8,24.0,378.0,0.8393570751953124,True,PUT,2026-02-27,HIMS
HIMS260227P00032000,32.0,4.25,4.15,4.55,33.0,229.0,0.8554701953125,True,PUT,2026-02-27,HIMS
HIMS260227P00033000,33.0,5.52,4.85,5.1,13.0,231.0,0.8344743115234373,True,PUT,2026-02-27,HIMS
HIMS260227P00034000,34.0,6.13,5.5,6.15,32.0,123.0,0.8710950390625,True,PUT,2026-02-27,HIMS
HIMS260227P00035000,35.0,6.38,6.15,6.75,4.0,184.0,0.8212908496093749,True,PUT,2026-02-27,HIMS
HIMS260227P00036000,36.0,6.93,7.15,7.45,13.0,146.0,0.8354508642578123,True,PUT,2026-02-27,HIMS
HIMS260227P00037000,37.0,7.8,7.0,8.25,11.0,43.0,0.5839885351562499,True,PUT,2026-02-27,HIMS
HIMS260227P00038000,38.0,9.23,8.5,9.25,86.0,79.0,0.7744163183593751,True,PUT,2026-02-27,HIMS
HIMS260306C00022000,22.0,8.29,7.15,9.45,2.0,3.0,0.9648441015625,True,CALL,2026-03-06,HIMS
HIMS260306C00026000,26.0,5.35,5.2,5.65,10.0,7.0,0.9423833886718749,True,CALL,2026-03-06,HIMS
HIMS260306C00029000,29.0,3.9,3.55,4.0,12.0,89.0,0.9335944140625,True,CALL,2026-03-06,HIMS
HIMS260306C00030000,30.0,3.39,3.15,3.5,19.0,52.0,0.9321295849609376,False,CALL,2026-03-06,HIMS
HIMS260306C00031000,31.0,2.82,2.7,3.05,29.0,46.0,0.9194343994140625,False,CALL,2026-03-06,HIMS
HIMS260306C00032000,32.0,2.55,2.2,2.6,20.0,47.0,0.8886729882812499,False,CALL,2026-03-06,HIMS
HIMS260306C00033000,33.0,2.02,2.04,2.34,8.0,63.0,0.9184578466796876,False,CALL,2026-03-06,HIMS
HIMS260306C00034000,34.0,1.73,1.64,2.08,4.0,25.0,0.9062509375,False,CALL,2026-03-06,HIMS
HIMS260306C00035000,35.0,1.71,1.59,1.99,93.0,113.0,0.9580082324218748,False,CALL,2026-03-06,HIMS
HIMS260306C00036000,36.0,1.48,1.34,1.6,52.0,162.0,0.930664755859375,False,CALL,2026-03-06,HIMS
HIMS260306C00037000,37.0,1.28,1.12,1.51,82.0,106.0,0.9433599414062499,False,CALL,2026-03-06,HIMS
HIMS260306C00038000,38.0,1.15,1.04,1.22,26.0,92.0,0.940430283203125,False,CALL,2026-03-06,HIMS
HIMS260306P00021000,21.0,0.55,0.37,0.67,3.0,10.0,0.97460962890625,False,PUT,2026-03-06,HIMS
HIMS260306P00022000,22.0,0.61,0.44,0.8,3.0,23.0,0.929688203125,False,PUT,2026-03-06,HIMS
HIMS260306P00023000,23.0,0.91,0.62,0.87,6.0,207.0,0.8876964355468748,False,PUT,2026-03-06,HIMS
HIMS260306P00024000,24.0,1.03,0.9,1.17,16.0,169.0,0.9038095556640625,False,PUT,2026-03-06,HIMS
HIMS260306P00025000,25.0,1.27,1.19,1.37,25.0,156.0,0.8833019482421874,False,PUT,2026-03-06,HIMS
HIMS260306P00026000,26.0,1.59,1.51,1.7,9.0,42.0,0.875977802734375,False,PUT,2026-03-06,HIMS
HIMS260306P00027000,27.0,1.99,1.95,2.1,25.0,54.0,0.8823253955078124,False,PUT,2026-03-06,HIMS
HIMS260306P00028000,28.0,2.48,2.17,2.7,15.0,185.0,0.8710950390625,False,PUT,2026-03-06,HIMS
HIMS260306P00029000,29.0,2.84,2.8,3.05,25.0,129.0,0.868165380859375,False,PUT,2026-03-06,HIMS
HIMS260306P00030000,30.0,3.5,3.25,3.7,7.0,83.0,0.868165380859375,True,PUT,2026-03-06,HIMS
HIMS260306P00031000,31.0,4.28,3.9,4.3,1.0,11.0,0.875977802734375,True,PUT,2026-03-06,HIMS
HIMS260306P00032000,32.0,3.86,4.35,4.85,7.0,45.0,0.8378922460937499,True,PUT,2026-03-06,HIMS
HIMS260306P00033000,33.0,5.4,5.15,5.5,2.0,55.0,0.848634326171875,True,PUT,2026-03-06,HIMS
HIMS260306P00034000,34.0,6.21,5.75,6.4,4.0,22.0,0.8564467480468749,True,PUT,2026-03-06,HIMS
HIMS260306P00035000,35.0,6.95,6.6,7.05,1.0,135.0,0.8544936425781251,True,PUT,2026-03-06,HIMS
HIMS260306P00036000,36.0,7.85,7.35,7.85,13.0,49.0,0.8500991552734375,True,PUT,2026-03-06,HIMS
HIMS260306P00037000,37.0,7.7,7.3,8.7,,2.0,0.6992217578125001,True,PUT,2026-03-06,HIMS
HIMS260320C00021000,21.0,8.33,8.2,10.4,2.0,7.0,0.911133701171875,True,CALL,2026-03-20,HIMS
HIMS260320C00022000,22.0,7.6,7.55,8.8,6.0,22.0,0.7666038964843751,True,CALL,2026-03-20,HIMS
HIMS260320C00023000,23.0,7.05,7.65,8.85,20.0,94.0,1.0654343603515626,True,CALL,2026-03-20,HIMS
HIMS260320C00024000,24.0,7.74,6.4,7.3,2.0,46.0,0.8364274169921874,True,CALL,2026-03-20,HIMS
HIMS260320C00025000,25.0,6.2,6.3,6.6,5.0,353.0,0.9145516357421876,True,CALL,2026-03-20,HIMS
HIMS260320C00026000,26.0,5.0,5.0,6.0,3.0,50.0,0.8227556787109375,True,CALL,2026-03-20,HIMS
HIMS260320C00027000,27.0,4.64,5.05,5.4,11.0,123.0,0.8999033447265624,True,CALL,2026-03-20,HIMS
HIMS260320C00028000,28.0,4.65,4.5,4.85,19.0,633.0,0.89257919921875,True,CALL,2026-03-20,HIMS
HIMS260320C00029000,29.0,4.25,4.05,4.35,29.0,238.0,0.893555751953125,True,CALL,2026-03-20,HIMS
HIMS260320C00030000,30.0,3.75,3.65,3.85,842.0,1947.0,0.8911143701171874,False,CALL,2026-03-20,HIMS
HIMS260320C00031000,31.0,3.4,3.2,3.5,18.0,809.0,0.8906260937499999,False,CALL,2026-03-20,HIMS
HIMS260320C00032000,32.0,2.99,2.9,3.1,39.0,964.0,0.893555751953125,False,CALL,2026-03-20,HIMS
HIMS260320C00033000,33.0,2.71,2.61,2.75,89.0,2473.0,0.8955088574218748,False,CALL,2026-03-20,HIMS
HIMS260320C00034000,34.0,2.41,2.35,2.47,6661.0,9294.0,0.901368173828125,False,CALL,2026-03-20,HIMS
HIMS260320C00035000,35.0,2.1,2.07,2.2,685.0,10736.0,0.8994150683593749,False,CALL,2026-03-20,HIMS
HIMS260320C00036000,36.0,1.77,1.82,1.98,14.0,919.0,0.9008798974609374,False,CALL,2026-03-20,HIMS
HIMS260320C00037000,37.0,1.6,1.63,1.79,29.0,2684.0,0.9072274902343749,False,CALL,2026-03-20,HIMS
HIMS260320C00038000,38.0,1.51,1.48,1.59,52.0,1300.0,0.91211025390625,False,CALL,2026-03-20,HIMS
HIMS260320P00021000,21.0,0.73,0.56,0.67,4.0,406.0,0.87695435546875,False,PUT,2026-03-20,HIMS
HIMS260320P00022000,22.0,0.8,0.76,0.82,16.0,297.0,0.8632826171875,False,PUT,2026-03-20,HIMS
HIMS260320P00023000,23.0,1.03,1.01,1.03,381.0,1147.0,0.8579115771484375,False,PUT,2026-03-20,HIMS
HIMS260320P00024000,24.0,1.38,1.24,1.5,146.0,532.0,0.8774426318359375,False,PUT,2026-03-20,HIMS
HIMS260320P00025000,25.0,1.63,1.55,1.67,83.0,4876.0,0.8491226025390625,False,PUT,2026-03-20,HIMS
HIMS260320P00026000,26.0,1.98,1.87,2.03,37.0,884.0,0.8388687988281249,False,PUT,2026-03-20,HIMS
HIMS260320P00027000,27.0,2.4,2.3,2.42,128.0,3745.0,0.8359391406249999,False,PUT,2026-03-20,HIMS
HIMS260320P00028000,28.0,2.86,2.76,2.92,35.0,3891.0,0.8388687988281249,False,PUT,2026-03-20,HIMS
HIMS260320P00029000,29.0,3.29,3.2,3.45,50.0,618.0,0.8320329296874999,False,PUT,2026-03-20,HIMS
HIMS260320P00030000,30.0,3.92,3.75,3.95,87.0,6374.0,0.8247087841796874,True,PUT,2026-03-20,HIMS
HIMS260320P00031000,31.0,4.6,4.35,4.65,29.0,8116.0,0.8364274169921874,True,PUT,2026-03-20,HIMS
HIMS260320P00032000,32.0,5.13,5.0,5.3,27.0,3584.0,0.8393570751953124,True,PUT,2026-03-20,HIMS
HIMS260320P00033000,33.0,5.85,5.65,5.95,14.0,2604.0,0.8334977587890623,True,PUT,2026-03-20,HIMS
HIMS260320P00034000,34.0,6.55,6.4,6.65,14.0,1292.0,0.8371598315429687,True,PUT,2026-03-20,HIMS
HIMS260320P00035000,35.0,7.28,7.1,7.4,25.0,4543.0,0.8334977587890623,True,PUT,2026-03-20,HIMS
HIMS260320P00036000,36.0,8.19,7.85,8.15,1.0,540.0,0.8286149951171874,True,PUT,2026-03-20,HIMS
HIMS260320P00037000,37.0,8.97,8.65,9.05,6.0,1457.0,0.842775009765625,True,PUT,2026-03-20,HIMS
HIMS260320P00038000,38.0,9.66,9.45,9.75,13.0,1381.0,0.8237322314453124,True,PUT,2026-03-20,HIMS
HIMS260417C00025000,25.0,7.21,6.9,7.25,3.0,148.0,0.8745129736328124,True,CALL,2026-04-17,HIMS
HIMS260417C00026000,26.0,7.0,6.2,6.65,3.0,5.0,0.8564467480468749,True,CALL,2026-04-17,HIMS
HIMS260417C00027000,27.0,5.9,5.7,6.0,1.0,2.0,0.8479019116210937,True,CALL,2026-04-17,HIMS
HIMS260417C00028000,28.0,5.5,5.2,5.5,2.0,30.0,0.8471694970703124,True,CALL,2026-04-17,HIMS
HIMS260417C00029000,29.0,5.0,4.7,5.05,33.0,59.0,0.8442398388671875,True,CALL,2026-04-17,HIMS
HIMS260417C00030000,30.0,4.38,4.3,4.65,170.0,6157.0,0.8491226025390625,False,CALL,2026-04-17,HIMS
HIMS260417C00031000,31.0,4.03,3.85,4.25,12.0,25.0,0.8432632861328124,False,CALL,2026-04-17,HIMS
HIMS260417C00032000,32.0,3.67,3.5,3.9,18.0,94.0,0.8454605297851561,False,CALL,2026-04-17,HIMS
HIMS260417C00033000,33.0,3.25,3.2,3.5,3.0,41.0,0.8422867333984375,False,CALL,2026-04-17,HIMS
HIMS260417C00034000,34.0,3.12,2.89,3.2,9.0,20.0,0.8422867333984375,False,CALL,2026-04-17,HIMS
HIMS260417C00035000,35.0,2.76,2.58,2.86,85.0,1050.0,0.8334977587890623,False,CALL,2026-04-17,HIMS
HIMS260417P00021000,21.0,1.02,0.87,1.03,1.0,4.0,0.82226740234375,False,PUT,2026-04-17,HIMS
HIMS260417P00022000,22.0,1.2,1.1,1.25,2.0,3.0,0.8120135986328124,False,PUT,2026-04-17,HIMS
HIMS260417P00023000,23.0,1.62,1.36,1.62,5.0,10.0,0.8173846386718748,False,PUT,2026-04-17,HIMS
HIMS260417P00024000,24.0,1.5,1.45,1.97,2.0,14.0,0.789064609375,False,PUT,2026-04-17,HIMS
HIMS260417P00025000,25.0,2.19,1.96,2.25,2.0,962.0,0.7944356494140624,False,PUT,2026-04-17,HIMS
HIMS260417P00026000,26.0,2.57,2.4,2.64,3.0,14.0,0.7949239257812499,False,PUT,2026-04-17,HIMS
HIMS260417P00027000,27.0,2.82,2.72,3.15,2.0,16.0,0.78711150390625,False,PUT,2026-04-17,HIMS
HIMS260417P00028000,28.0,3.36,3.25,3.55,10.0,17.0,0.7817404638671875,False,PUT,2026-04-17,HIMS
HIMS260417P00029000,29.0,4.23,3.75,4.15,4.0,16.0,0.7856466748046875,False,PUT,2026-04-17,HIMS
HIMS260417P00030000,30.0,4.61,4.35,4.7,3.0,6196.0,0.7866232275390624,True,PUT,2026-04-17,HIMS
HIMS260417P00032000,32.0,6.1,5.4,5.95,5.0,16.0,0.7700218310546876,True,PUT,2026-04-17,HIMS
HIMS260417P00033000,33.0,5.9,5.7,6.55,5.0,12.0,0.7297390307617188,True,PUT,2026-04-17,HIMS
HIMS260417P00034000,34.0,7.43,6.85,7.25,1.0,11.0,0.7709983837890625,True,PUT,2026-04-17,HIMS
HIMS260417P00035000,35.0,7.35,7.55,7.9,5.0,640.0,0.7612328564453126,True,PUT,2026-04-17,HIMS
HIMS260515C00021000,21.0,14.1,10.25,11.55,1.0,5.0,1.0419969775390627,True,CALL,2026-05-15,HIMS
HIMS260515C00022000,22.0,9.45,8.65,10.75,3.0,29.0,0.913086806640625,True,CALL,2026-05-15,HIMS
HIMS260515C00023000,23.0,8.96,8.0,10.05,1.0,2.0,0.9016123120117188,True,CALL,2026-05-15,HIMS
HIMS260515C00024000,24.0,8.0,7.4,8.85,4.0,7.0,0.840821904296875,True,CALL,2026-05-15,HIMS
HIMS260515C00025000,25.0,7.59,7.7,8.1,1.0,90.0,0.9057626611328125,True,CALL,2026-05-15,HIMS
HIMS260515C00026000,26.0,6.72,7.15,7.6,1.0,6.0,0.9057626611328125,True,CALL,2026-05-15,HIMS
HIMS260515C00027000,27.0,6.3,6.0,7.05,1.0,21.0,0.8442398388671875,True,CALL,2026-05-15,HIMS
HIMS260515C00028000,28.0,6.44,6.2,6.55,1.0,40.0,0.8981943774414061,True,CALL,2026-05-15,HIMS
HIMS260515C00029000,29.0,5.5,5.75,6.1,3.0,59.0,0.8957529956054686,True,CALL,2026-05-15,HIMS
HIMS260515C00030000,30.0,5.52,5.4,5.65,66.0,450.0,0.8969736865234373,False,CALL,2026-05-15,HIMS
HIMS260515C00031000,31.0,5.23,4.95,5.4,6.0,287.0,0.9018564501953125,False,CALL,2026-05-15,HIMS
HIMS260515C00032000,32.0,4.85,4.65,4.9,4.0,128.0,0.8947764428710936,False,CALL,2026-05-15,HIMS
HIMS260515C00033000,33.0,4.35,4.25,4.65,16.0,149.0,0.8957529956054686,False,CALL,2026-05-15,HIMS
HIMS260515C00034000,34.0,4.07,3.9,4.35,26.0,278.0,0.893555751953125,False,CALL,2026-05-15,HIMS
HIMS260515C00035000,35.0,3.9,3.7,3.95,7.0,918.0,0.8916026464843749,False,CALL,2026-05-15,HIMS
HIMS260515C00036000,36.0,3.5,3.3,3.7,2.0,200.0,0.8828136718749999,False,CALL,2026-05-15,HIMS
HIMS260515C00037000,37.0,3.45,3.1,3.45,2.0,306.0,0.8867198828124999,False,CALL,2026-05-15,HIMS
HIMS260515C00038000,38.0,2.96,2.43,3.3,7.0,239.0,0.85742330078125,False,CALL,2026-05-15,HIMS
HIMS260515P00021000,21.0,1.63,1.45,1.77,28.0,55.0,0.8798840136718749,False,PUT,2026-05-15,HIMS
HIMS260515P00022000,22.0,1.85,1.72,2.04,3.0,59.0,0.8657239990234374,False,PUT,2026-05-15,HIMS
HIMS260515P00023000,23.0,2.15,2.02,2.35,4.0,64.0,0.8535170898437501,False,PUT,2026-05-15,HIMS
HIMS260515P00024000,24.0,2.52,2.25,2.73,5.0,63.0,0.8359391406249999,False,PUT,2026-05-15,HIMS
HIMS260515P00025000,25.0,2.93,2.81,3.0,60.0,569.0,0.8342301733398436,False,PUT,2026-05-15,HIMS
HIMS260515P00026000,26.0,3.42,3.25,3.5,11.0,893.0,0.8364274169921874,False,PUT,2026-05-15,HIMS
HIMS260515P00027000,27.0,3.98,3.4,3.95,67.0,302.0,0.8032246240234374,False,PUT,2026-05-15,HIMS
HIMS260515P00028000,28.0,4.5,4.15,4.5,1.0,396.0,0.8251970605468748,False,PUT,2026-05-15,HIMS
HIMS260515P00029000,29.0,5.15,4.45,5.45,27.0,337.0,0.8364274169921874,False,PUT,2026-05-15,HIMS
HIMS260515P00030000,30.0,5.45,5.3,5.6,24.0,2262.0,0.8227556787109375,True,PUT,2026-05-15,HIMS
HIMS260515P00031000,31.0,6.44,5.75,6.25,6.0,123.0,0.8127460131835937,True,PUT,2026-05-15,HIMS
HIMS260515P00032000,32.0,6.7,6.6,6.85,6.0,177.0,0.825929475097656,True,PUT,2026-05-15,HIMS
HIMS260515P00033000,33.0,7.57,7.25,7.65,5.0,183.0,0.8349625878906248,True,PUT,2026-05-15,HIMS
HIMS260515P00034000,34.0,8.6,7.5,8.3,4.0,235.0,0.7971211694335938,True,PUT,2026-05-15,HIMS
HIMS260515P00035000,35.0,9.01,8.4,8.9,2.0,1013.0,0.8027363476562499,True,PUT,2026-05-15,HIMS
HIMS260515P00036000,36.0,9.49,9.05,9.65,1.0,385.0,0.7966328930664062,True,PUT,2026-05-15,HIMS
HIMS260515P00037000,37.0,10.1,9.55,10.4,2.0,100.0,0.7749045947265626,True,PUT,2026-05-15,HIMS
HIMS260515P00038000,38.0,11.19,10.75,11.2,1.0,269.0,0.8115253222656249,True,PUT,2026-05-15,HIMS
HIMS260618C00021000,21.0,10.52,10.7,11.1,2.0,25.0,0.9077157666015624,True,CALL,2026-06-18,HIMS
HIMS260618C00022000,22.0,11.47,9.05,10.45,11.0,88.0,0.8049335913085938,True,CALL,2026-06-18,HIMS
HIMS260618C00023000,23.0,9.61,9.05,9.9,1.0,19.0,0.8667005517578125,True,CALL,2026-06-18,HIMS
HIMS260618C00024000,24.0,7.97,8.85,9.6,4.0,12.0,0.9194343994140625,True,CALL,2026-06-18,HIMS
HIMS260618C00025000,25.0,7.52,7.85,8.7,12.0,265.0,0.8498550170898438,True,CALL,2026-06-18,HIMS
HIMS260618C00026000,26.0,8.35,7.3,8.75,1.0,22.0,0.8898936791992187,True,CALL,2026-06-18,HIMS
HIMS260618C00027000,27.0,7.8,6.85,7.75,1.0,275.0,0.851563984375,True,CALL,2026-06-18,HIMS
HIMS260618C00028000,28.0,6.83,6.8,7.1,29.0,79.0,0.866212275390625,True,CALL,2026-06-18,HIMS
HIMS260618C00029000,29.0,6.3,6.35,6.85,113.0,66.0,0.8764660791015625,True,CALL,2026-06-18,HIMS
HIMS260618C00030000,30.0,6.2,6.0,6.3,28.0,987.0,0.8686536572265625,False,CALL,2026-06-18,HIMS
HIMS260618C00031000,31.0,5.95,5.55,6.0,1.0,1355.0,0.8684095190429688,False,CALL,2026-06-18,HIMS
HIMS260618C00032000,32.0,5.2,5.2,5.55,16.0,323.0,0.8615736499023439,False,CALL,2026-06-18,HIMS
HIMS260618C00033000,33.0,4.88,4.95,5.2,24.0,207.0,0.8654798608398437,False,CALL,2026-06-18,HIMS
HIMS260618C00034000,34.0,4.66,4.6,5.0,8.0,165.0,0.870118486328125,False,CALL,2026-06-18,HIMS
HIMS260618C00035000,35.0,4.5,4.3,4.6,45.0,1742.0,0.8620619262695313,False,CALL,2026-06-18,HIMS
HIMS260618C00036000,36.0,3.7,4.05,4.35,1.0,414.0,0.8652357226562499,False,CALL,2026-06-18,HIMS
HIMS260618C00037000,37.0,3.75,3.6,4.15,1.0,519.0,0.8554701953125,False,CALL,2026-06-18,HIMS
HIMS260618C00038000,38.0,3.56,3.5,3.95,1.0,292.0,0.8679212426757812,False,CALL,2026-06-18,HIMS
HIMS260618P00021000,21.0,1.95,1.79,1.93,15.0,41.0,0.8193377441406249,False,PUT,2026-06-18,HIMS
HIMS260618P00022000,22.0,2.05,2.11,2.3,6.0,175.0,0.8178729150390623,False,PUT,2026-06-18,HIMS
HIMS260618P00023000,23.0,2.66,2.44,2.68,3.0,395.0,0.8120135986328124,False,PUT,2026-06-18,HIMS
HIMS260618P00024000,24.0,3.05,2.83,3.1,9.0,126.0,0.8095722167968749,False,PUT,2026-06-18,HIMS
HIMS260618P00025000,25.0,3.4,3.25,3.55,43.0,1926.0,0.8071308349609375,False,PUT,2026-06-18,HIMS
HIMS260618P00026000,26.0,4.05,3.75,4.0,306.0,522.0,0.8061542822265625,False,PUT,2026-06-18,HIMS
HIMS260618P00027000,27.0,4.25,4.15,4.5,316.0,2184.0,0.79687703125,False,PUT,2026-06-18,HIMS
HIMS260618P00028000,28.0,5.05,4.65,5.0,32.0,124.0,0.7912618530273439,False,PUT,2026-06-18,HIMS
HIMS260618P00029000,29.0,5.5,5.15,5.55,8.0,137.0,0.7854025366210937,False,PUT,2026-06-18,HIMS
HIMS260618P00030000,30.0,6.5,5.8,6.15,13.0,6184.0,0.7897970239257812,True,PUT,2026-06-18,HIMS
HIMS260618P00031000,31.0,6.75,6.35,6.75,14.0,1754.0,0.7836935693359376,True,PUT,2026-06-18,HIMS
HIMS260618P00032000,32.0,7.48,7.0,7.4,1.0,787.0,0.7844259838867188,True,PUT,2026-06-18,HIMS
HIMS260618P00033000,33.0,8.0,7.75,8.0,1.0,337.0,0.7854025366210937,True,PUT,2026-06-18,HIMS
HIMS260618P00034000,34.0,8.85,8.4,8.9,3.0,281.0,0.79687703125,True,PUT,2026-06-18,HIMS
HIMS260618P00035000,35.0,9.9,9.05,9.45,2.0,3477.0,0.7817404638671875,True,PUT,2026-06-18,HIMS
HIMS260618P00036000,36.0,9.94,9.75,10.2,5.0,193.0,0.7807639111328125,True,PUT,2026-06-18,HIMS
HIMS260618P00037000,37.0,9.99,10.3,10.95,2.0,1335.0,0.7668480346679689,True,PUT,2026-06-18,HIMS
HIMS260618P00038000,38.0,12.1,10.7,11.7,4.0,83.0,0.7392604199218749,True,PUT,2026-06-18,HIMS
HIMS260717C00022000,22.0,10.8,9.45,11.7,1.0,13.0,0.8774426318359375,True,CALL,2026-07-17,HIMS
HIMS260717C00025000,25.0,8.9,8.7,9.05,5.0,74.0,0.8632826171875,True,CALL,2026-07-17,HIMS
HIMS260717C00026000,26.0,8.31,7.6,9.25,,2.0,0.8679212426757812,True,CALL,2026-07-17,HIMS
HIMS260717C00029000,29.0,6.65,6.7,7.3,6.0,9.0,0.8510757080078125,True,CALL,2026-07-17,HIMS
HIMS260717C00030000,30.0,5.99,6.4,6.8,4.0,150.0,0.84961087890625,False,CALL,2026-07-17,HIMS
HIMS260717C00031000,31.0,5.7,5.95,6.95,10.0,22.0,0.87695435546875,False,CALL,2026-07-17,HIMS
HIMS260717C00032000,32.0,5.73,5.6,6.1,1.0,15.0,0.8447281152343749,False,CALL,2026-07-17,HIMS
HIMS260717C00033000,33.0,5.25,5.25,5.75,3.0,4.0,0.84179845703125,False,CALL,2026-07-17,HIMS
HIMS260717C00035000,35.0,4.93,4.7,5.1,25.0,264.0,0.8415543188476562,False,CALL,2026-07-17,HIMS
HIMS260717P00024000,24.0,3.15,3.05,3.5,10.0,24.0,0.7849142602539063,False,PUT,2026-07-17,HIMS
HIMS260717P00025000,25.0,3.82,3.3,3.85,2.0,64.0,0.7605004418945314,False,PUT,2026-07-17,HIMS
HIMS260717P00030000,30.0,6.25,6.15,6.55,1.0,138.0,0.7666038964843751,True,PUT,2026-07-17,HIMS
HIMS260717P00031000,31.0,7.36,6.4,7.2,7.0,8.0,0.7443873217773438,True,PUT,2026-07-17,HIMS
HIMS260717P00032000,32.0,7.32,6.95,7.85,2.0,2.0,0.7387721435546875,True,PUT,2026-07-17,HIMS
HIMS260717P00035000,35.0,9.8,9.05,9.85,10.0,35.0,0.7360866235351562,True,PUT,2026-07-17,HIMS
HIMS260821C00023000,23.0,11.5,9.45,11.05,3.0,2.0,0.833741896972656,True,CALL,2026-08-21,HIMS
HIMS260821C00025000,25.0,9.5,9.25,9.85,1.0,19.0,0.8764660791015625,True,CALL,2026-08-21,HIMS
HIMS260821C00026000,26.0,9.7,8.35,9.45,2.0,1.0,0.8518081225585938,True,CALL,2026-08-21,HIMS
HIMS260821C00028000,28.0,7.85,7.85,8.45,10.0,49.0,0.8654798608398437,True,CALL,2026-08-21,HIMS
HIMS260821C00029000,29.0,7.2,7.65,8.05,2.0,18.0,0.87695435546875,True,CALL,2026-08-21,HIMS
HIMS260821C00030000,30.0,7.65,7.25,7.7,6.0,232.0,0.8767102172851562,False,CALL,2026-08-21,HIMS
HIMS260821C00031000,31.0,7.3,6.85,7.3,1.0,117.0,0.8713391772460937,False,CALL,2026-08-21,HIMS
HIMS260821C00032000,32.0,6.59,6.5,7.0,1.0,50.0,0.8728040063476561,False,CALL,2026-08-21,HIMS
HIMS260821C00033000,33.0,5.75,6.2,6.65,2.0,798.0,0.8720715917968749,False,CALL,2026-08-21,HIMS
HIMS260821C00034000,34.0,5.9,5.9,6.35,21.0,827.0,0.8723157299804687,False,CALL,2026-08-21,HIMS
HIMS260821C00035000,35.0,5.72,5.6,6.0,30.0,97.0,0.868165380859375,False,CALL,2026-08-21,HIMS
HIMS260821C00036000,36.0,5.33,5.3,5.75,1.0,109.0,0.8679212426757812,False,CALL,2026-08-21,HIMS
HIMS260821C00037000,37.0,5.3,5.2,5.45,38.0,28.0,0.8745129736328124,False,CALL,2026-08-21,HIMS
HIMS260821C00038000,38.0,5.25,4.8,5.25,3.0,12.0,0.8684095190429688,False,CALL,2026-08-21,HIMS
HIMS260821P00024000,24.0,4.29,3.45,4.05,2.0,4.0,0.7812521875,False,PUT,2026-08-21,HIMS
HIMS260821P00025000,25.0,4.3,3.9,4.9,1.0,178.0,0.8029804858398437,False,PUT,2026-08-21,HIMS
HIMS260821P00028000,28.0,6.2,5.4,6.1,3.0,531.0,0.7678245874023439,False,PUT,2026-08-21,HIMS
HIMS260821P00029000,29.0,6.74,5.95,6.8,44.0,56.0,0.7722190747070312,False,PUT,2026-08-21,HIMS
HIMS260821P00030000,30.0,7.31,6.75,7.8,2.0,141.0,0.8061542822265625,True,PUT,2026-08-21,HIMS
HIMS260821P00031000,31.0,7.61,7.1,7.9,1.0,106.0,0.7585473364257813,True,PUT,2026-08-21,HIMS
HIMS260821P00032000,32.0,8.09,8.2,8.6,3.0,32.0,0.7866232275390624,True,PUT,2026-08-21,HIMS
HIMS260821P00033000,33.0,9.0,8.35,9.2,4.0,71.0,0.7526880200195312,True,PUT,2026-08-21,HIMS
HIMS260821P00034000,34.0,9.79,9.4,9.9,1.0,131.0,0.773439765625,True,PUT,2026-08-21,HIMS
HIMS260821P00035000,35.0,10.15,10.1,10.65,2.0,332.0,0.7751487329101563,True,PUT,2026-08-21,HIMS
HIMS260821P00036000,36.0,11.1,10.8,11.65,57.0,361.0,0.789064609375,True,PUT,2026-08-21,HIMS
HIMS260821P00037000,37.0,9.88,11.1,12.5,1.0,7.0,0.7700218310546876,True,PUT,2026-08-21,HIMS
HIMS260821P00038000,38.0,12.55,12.25,12.75,1.0,17.0,0.7634301000976562,True,PUT,2026-08-21,HIMS
HIMS260918C00021000,21.0,12.8,12.0,12.45,5.0,5.0,0.9101571484375,True,CALL,2026-09-18,HIMS
HIMS260918C00023000,23.0,10.56,9.8,11.9,10.0,14.0,0.8640150317382812,True,CALL,2026-09-18,HIMS
HIMS260918C00024000,24.0,11.04,9.3,11.4,1.0,0.0,0.8635267553710937,True,CALL,2026-09-18,HIMS
HIMS260918C00025000,25.0,9.95,9.85,10.15,5.0,3.0,0.8789074609374999,True,CALL,2026-09-18,HIMS
HIMS260918C00026000,26.0,9.25,8.6,9.75,2.0,6.0,0.8322770678710936,True,CALL,2026-09-18,HIMS
HIMS260918C00027000,27.0,8.7,8.05,9.4,1.0,19.0,0.8305681005859374,True,CALL,2026-09-18,HIMS
HIMS260918C00028000,28.0,8.69,8.4,8.8,1.0,23.0,0.8637708935546875,True,CALL,2026-09-18,HIMS
HIMS260918C00029000,29.0,7.9,7.95,8.45,3.0,49.0,0.8623060644531251,True,CALL,2026-09-18,HIMS
HIMS260918C00030000,30.0,7.85,7.6,8.1,2.0,369.0,0.864137100830078,False,CALL,2026-09-18,HIMS
HIMS260918C00031000,31.0,7.0,7.25,7.65,1.0,99.0,0.858399853515625,False,CALL,2026-09-18,HIMS
HIMS260918C00032000,32.0,7.52,6.85,7.35,5.0,302.0,0.8565688171386718,False,CALL,2026-09-18,HIMS
HIMS260918C00033000,33.0,6.55,6.6,6.95,2.0,341.0,0.8557143334960937,False,CALL,2026-09-18,HIMS
HIMS260918C00034000,34.0,6.25,5.95,6.8,2.0,21.0,0.8449722534179687,False,CALL,2026-09-18,HIMS
HIMS260918C00035000,35.0,5.81,5.95,6.35,9.0,67.0,0.851563984375,False,CALL,2026-09-18,HIMS
HIMS260918C00036000,36.0,7.0,5.45,6.15,2.0,4.0,0.8432632861328124,False,CALL,2026-09-18,HIMS
HIMS260918C00038000,38.0,5.38,5.15,5.65,2.0,17.0,0.8542495043945313,False,CALL,2026-09-18,HIMS
HIMS260918P00022000,22.0,3.39,3.1,3.4,1.0,3.0,0.7893087475585938,False,PUT,2026-09-18,HIMS
HIMS260918P00023000,23.0,3.81,3.55,3.85,8.0,23.0,0.789064609375,False,PUT,2026-09-18,HIMS
HIMS260918P00024000,24.0,3.96,3.75,4.3,,1.0,0.7688011401367189,False,PUT,2026-09-18,HIMS
HIMS260918P00025000,25.0,4.8,4.4,4.8,2.0,32.0,0.778322529296875,False,PUT,2026-09-18,HIMS
HIMS260918P00026000,26.0,4.8,4.7,5.3,,3.0,0.762697685546875,False,PUT,2026-09-18,HIMS
HIMS260918P00027000,27.0,5.87,5.2,5.85,7.0,9.0,0.760012165527344,False,PUT,2026-09-18,HIMS
HIMS260918P00028000,28.0,6.8,6.0,6.85,5.0,10.0,0.7976094458007812,False,PUT,2026-09-18,HIMS
HIMS260918P00029000,29.0,6.5,6.3,6.95,2.0,5.0,0.7524438818359375,False,PUT,2026-09-18,HIMS
HIMS260918P00030000,30.0,6.9,7.2,7.7,2.0,82.0,0.7753928710937501,True,PUT,2026-09-18,HIMS
HIMS260918P00031000,31.0,7.74,7.8,8.65,3.0,9.0,0.7902853002929688,True,PUT,2026-09-18,HIMS
HIMS260918P00032000,32.0,9.02,8.4,8.85,2.0,22.0,0.7622094091796876,True,PUT,2026-09-18,HIMS
HIMS260918P00033000,33.0,9.51,8.95,9.6,4.0,110.0,0.7592797509765626,True,PUT,2026-09-18,HIMS
HIMS260918P00034000,34.0,9.1,9.75,10.2,1.0,603.0,0.760012165527344,True,PUT,2026-09-18,HIMS
HIMS260918P00035000,35.0,10.4,10.0,11.0,8.0,454.0,0.7402369726562499,True,PUT,2026-09-18,HIMS
HIMS260918P00036000,36.0,11.43,11.0,11.65,14.0,134.0,0.7507349145507812,True,PUT,2026-09-18,HIMS
HIMS260918P00037000,37.0,12.12,11.95,12.95,,5.0,0.7912618530273439,True,PUT,2026-09-18,HIMS
HIMS260918P00038000,38.0,13.45,12.65,13.35,3.0,3.0,0.7695335546875001,True,PUT,2026-09-18,HIMS
HIMS261016C00025000,25.0,9.5,10.0,10.55,12.0,55.0,0.8632826171875,True,CALL,2026-10-16,HIMS
HIMS261016C00030000,30.0,7.87,8.0,9.0,3.0,141.0,0.8854991918945312,False,CALL,2026-10-16,HIMS
HIMS261016C00031000,31.0,7.55,7.6,8.05,6.0,24.0,0.8503432934570312,False,CALL,2026-10-16,HIMS
HIMS261016C00035000,35.0,6.35,6.45,6.75,8.0,78.0,0.8498550170898438,False,CALL,2026-10-16,HIMS
HIMS261016P00025000,25.0,4.8,4.75,5.2,301.0,18.0,0.7800314965820312,False,PUT,2026-10-16,HIMS
HIMS261016P00026000,26.0,5.4,5.0,5.6,300.0,1.0,0.7551294018554688,False,PUT,2026-10-16,HIMS
HIMS261016P00030000,30.0,7.76,7.55,7.95,1.0,516.0,0.7641625146484375,True,PUT,2026-10-16,HIMS
HIMS261016P00035000,35.0,11.07,10.35,11.25,4.0,209.0,0.729494892578125,True,PUT,2026-10-16,HIMS
HIMS261120C00025000,25.0,11.5,10.55,11.15,1.0,9.0,0.8752453881835938,True,CALL,2026-11-20,HIMS
HIMS261120C00028000,28.0,10.5,8.6,9.85,3.0,11.0,0.831056376953125,True,CALL,2026-11-20,HIMS
HIMS261120C00030000,30.0,8.65,8.7,9.1,5.0,47.0,0.8715833154296875,False,CALL,2026-11-20,HIMS
HIMS261120C00032000,32.0,7.74,8.0,8.45,20.0,149.0,0.8693860717773438,False,CALL,2026-11-20,HIMS
HIMS261120C00035000,35.0,6.85,7.15,7.5,1.0,184.0,0.8669446899414062,False,CALL,2026-11-20,HIMS
HIMS261120C00037000,37.0,6.2,5.55,7.05,1.0,11.0,0.8195818823242187,False,CALL,2026-11-20,HIMS
HIMS261120P00025000,25.0,5.34,5.1,5.6,1.0,40.0,0.7742942492675782,False,PUT,2026-11-20,HIMS
HIMS261120P00028000,28.0,7.3,6.6,7.4,23.0,14.0,0.7666038964843751,False,PUT,2026-11-20,HIMS
HIMS261120P00030000,30.0,8.12,8.1,8.6,3.0,17.0,0.7768577001953125,True,PUT,2026-11-20,HIMS
HIMS261120P00032000,32.0,9.4,8.9,9.75,3.0,25.0,0.7434107690429688,True,PUT,2026-11-20,HIMS
HIMS261120P00035000,35.0,11.68,11.3,11.8,1.0,114.0,0.7557397473144531,True,PUT,2026-11-20,HIMS
HIMS261218C00023000,23.0,12.05,11.1,12.85,1.0,418.0,0.8630384790039063,True,CALL,2026-12-18,HIMS
HIMS261218C00025000,25.0,11.15,11.0,11.45,3.0,168.0,0.8773205627441407,True,CALL,2026-12-18,HIMS
HIMS261218C00028000,28.0,9.63,9.8,10.2,59.0,99.0,0.8718274536132812,True,CALL,2026-12-18,HIMS
HIMS261218C00030000,30.0,9.22,9.1,9.35,6.0,448.0,0.8645033081054687,False,CALL,2026-12-18,HIMS
HIMS261218C00033000,33.0,8.5,7.95,8.45,4.0,508.0,0.8569350244140624,False,CALL,2026-12-18,HIMS
HIMS261218C00035000,35.0,7.65,6.95,7.95,14.0,621.0,0.8400894897460938,False,CALL,2026-12-18,HIMS
HIMS261218C00038000,38.0,6.91,6.7,7.15,1.0,263.0,0.8616957189941408,False,CALL,2026-12-18,HIMS
HIMS261218P00023000,23.0,4.6,4.5,4.75,3.0,1340.0,0.7763694238281251,False,PUT,2026-12-18,HIMS
HIMS261218P00025000,25.0,5.9,5.45,5.75,7.0,2879.0,0.7668480346679689,False,PUT,2026-12-18,HIMS
HIMS261218P00028000,28.0,7.3,7.15,7.45,9.0,503.0,0.7623314782714845,False,PUT,2026-12-18,HIMS
HIMS261218P00030000,30.0,8.45,8.4,8.75,13.0,841.0,0.7639183764648438,True,PUT,2026-12-18,HIMS
HIMS261218P00033000,33.0,10.62,10.3,11.1,1.0,1012.0,0.7739280419921876,True,PUT,2026-12-18,HIMS
HIMS261218P00035000,35.0,12.14,11.65,12.2,10.0,2763.0,0.7562280236816408,True,PUT,2026-12-18,HIMS
HIMS261218P00038000,38.0,13.85,13.8,14.3,15.0,1036.0,0.747194910888672,True,PUT,2026-12-18,HIMS
HIMS270115C00022000,22.0,13.15,12.65,13.15,17.0,864.0,0.8806164282226561,True,CALL,2027-01-15,HIMS
HIMS270115C00025000,25.0,11.73,11.4,11.75,17.0,2018.0,0.8784191845703124,True,CALL,2027-01-15,HIMS
HIMS270115C00027000,27.0,10.75,10.45,10.9,25.0,566.0,0.866212275390625,True,CALL,2027-01-15,HIMS
HIMS270115C00030000,30.0,9.9,8.85,9.8,113.0,2482.0,0.8388687988281249,False,CALL,2027-01-15,HIMS
HIMS270115C00032000,32.0,8.84,8.6,9.25,10.0,690.0,0.8605970971679688,False,CALL,2027-01-15,HIMS
HIMS270115C00035000,35.0,8.1,7.75,8.2,98.0,2837.0,0.8521743298339843,False,CALL,2027-01-15,HIMS
HIMS270115C00037000,37.0,7.17,7.15,7.75,25.0,948.0,0.8513198461914062,False,CALL,2027-01-15,HIMS
HIMS270115P00022000,22.0,4.4,4.05,4.55,1.0,578.0,0.764650791015625,False,PUT,2027-01-15,HIMS
HIMS270115P00025000,25.0,5.9,5.8,6.0,21.0,5073.0,0.7666038964843751,False,PUT,2027-01-15,HIMS
HIMS270115P00027000,27.0,7.0,6.85,7.15,21.0,659.0,0.7607445800781252,False,PUT,2027-01-15,HIMS
HIMS270115P00030000,30.0,9.18,8.6,8.95,7.0,5340.0,0.7512231909179687,True,PUT,2027-01-15,HIMS
HIMS270115P00032000,32.0,10.0,9.75,10.3,5.0,498.0,0.7437769763183593,True,PUT,2027-01-15,HIMS
HIMS270115P00035000,35.0,12.4,11.45,12.3,1.0,2878.0,0.7211941943359376,True,PUT,2027-01-15,HIMS
HIMS270115P00037000,37.0,13.5,13.35,13.85,6.0,826.0,0.743166630859375,True,PUT,2027-01-15,HIMS
HIMS271217C00023000,23.0,15.0,15.6,16.2,1.0,8.0,0.9167488793945313,True,CALL,2027-12-17,HIMS
HIMS271217C00025000,25.0,15.25,14.9,15.45,3.0,604.0,0.910035079345703,True,CALL,2027-12-17,HIMS
HIMS271217C00028000,28.0,15.24,13.9,14.45,2.0,57.0,0.901368173828125,True,CALL,2027-12-17,HIMS
HIMS271217C00030000,30.0,13.49,12.45,13.85,5.0,593.0,0.866212275390625,False,CALL,2027-12-17,HIMS
HIMS271217C00033000,33.0,12.75,12.35,13.95,1.0,179.0,0.9212654357910157,False,CALL,2027-12-17,HIMS
HIMS271217C00035000,35.0,12.25,12.05,12.55,2.0,776.0,0.8940440283203124,False,CALL,2027-12-17,HIMS
HIMS271217C00037000,37.0,10.7,10.75,12.1,2.0,250.0,0.8646253771972656,False,CALL,2027-12-17,HIMS
HIMS271217P00023000,23.0,7.68,7.35,7.65,14.0,146.0,0.764650791015625,False,PUT,2027-12-17,HIMS
HIMS271217P00025000,25.0,8.77,8.45,8.8,1.0,910.0,0.7545190563964843,False,PUT,2027-12-17,HIMS
HIMS271217P00028000,28.0,10.0,10.35,10.7,1.0,161.0,0.7489038781738282,False,PUT,2027-12-17,HIMS
HIMS271217P00030000,30.0,11.71,11.65,12.05,2.0,694.0,0.7452418054199219,True,PUT,2027-12-17,HIMS
HIMS271217P00033000,33.0,13.61,13.8,14.3,1.0,150.0,0.7486597399902344,True,PUT,2027-12-17,HIMS
HIMS271217P00035000,35.0,15.45,14.85,15.55,3.0,1136.0,0.7269314416503907,True,PUT,2027-12-17,HIMS
HIMS271217P00037000,37.0,17.38,15.55,17.0,10.0,64.0,0.6989776196289064,True,PUT,2027-12-17,HIMS
HIMS280121C00023000,23.0,16.0,15.9,16.4,3.0,51.0,0.9155281884765626,True,CALL,2028-01-21,HIMS
HIMS280121C00025000,25.0,15.5,15.15,15.75,19.0,613.0,0.9099130102539061,True,CALL,2028-01-21,HIMS
HIMS280121C00028000,28.0,14.57,14.3,14.8,28.0,208.0,0.9075936975097656,True,CALL,2028-01-21,HIMS
HIMS280121C00030000,30.0,13.82,13.7,14.15,32.0,1098.0,0.9008798974609374,False,CALL,2028-01-21,HIMS
HIMS280121C00033000,33.0,13.3,12.85,13.95,10.0,405.0,0.916138533935547,False,CALL,2028-01-21,HIMS
HIMS280121C00035000,35.0,12.65,12.2,12.7,32.0,1831.0,0.8822033264160156,False,CALL,2028-01-21,HIMS
HIMS280121C00037000,37.0,11.81,11.85,12.55,2.0,278.0,0.8946543737792967,False,CALL,2028-01-21,HIMS
HIMS280121P00023000,23.0,7.82,7.45,7.9,10.0,73.0,0.760012165527344,False,PUT,2028-01-21,HIMS
HIMS280121P00025000,25.0,8.85,8.6,9.05,1.0,892.0,0.7512231909179687,False,PUT,2028-01-21,HIMS
HIMS280121P00028000,28.0,10.68,10.55,10.9,12.0,101.0,0.7447535290527343,False,PUT,2028-01-21,HIMS
HIMS280121P00030000,30.0,12.05,11.85,12.4,3.0,1897.0,0.7457300817871093,True,PUT,2028-01-21,HIMS
HIMS280121P00033000,33.0,14.15,13.95,14.4,10.0,94.0,0.7385280053710936,True,PUT,2028-01-21,HIMS
HIMS280121P00035000,35.0,15.82,14.95,15.7,1.0,1177.0,0.7170438452148438,True,PUT,2028-01-21,HIMS
HIMS280121P00037000,37.0,17.25,15.75,17.2,3.0,952.0,0.694338994140625,True,PUT,2028-01-21,HIMS
HL260130C00019000,19.0,7.55,7.45,7.85,83.0,92.0,2.8750028125,True,CALL,2026-01-30,HL
HL260130C00019500,19.5,6.9,6.4,7.45,90.0,124.0,3.13281466796875,True,CALL,2026-01-30,HL
HL260130C00020000,20.0,6.17,5.45,7.0,4.0,361.0,3.1015647460937497,True,CALL,2026-01-30,HL
HL260130C00020500,20.5,8.06,4.95,6.45,2.0,182.0,2.7343781640625,True,CALL,2026-01-30,HL
HL260130C00021000,21.0,5.65,5.15,6.0,4.0,460.0,2.699222001953125,True,CALL,2026-01-30,HL
HL260130C00021500,21.5,6.18,4.8,5.6,14.0,240.0,2.7656280859375,True,CALL,2026-01-30,HL
HL260130C00022000,22.0,3.75,4.5,5.0,20.0,712.0,1.1875040625,True,CALL,2026-01-30,HL
HL260130C00022500,22.5,4.2,4.0,4.45,3.0,199.0,1.9765626171875001,True,CALL,2026-01-30,HL
HL260130C00023000,23.0,3.55,3.25,4.0,8.0,488.0,1.9179691601562503,True,CALL,2026-01-30,HL
HL260130C00023500,23.5,3.85,2.74,3.5,4.0,349.0,1.72265763671875,True,CALL,2026-01-30,HL
HL260130C00024000,24.0,2.8,2.57,3.2,15.0,626.0,1.26172244140625,True,CALL,2026-01-30,HL
HL260130C00024500,24.5,1.89,1.88,2.49,8.0,290.0,1.3125034374999998,True,CALL,2026-01-30,HL
HL260130C00025000,25.0,1.76,1.59,2.09,298.0,1050.0,0.804689453125,True,CALL,2026-01-30,HL
HL260130C00025500,25.5,1.58,1.33,1.8,55.0,18.0,1.0312548437500002,True,CALL,2026-01-30,HL
HL260130C00026000,26.0,1.27,1.06,1.56,152.0,482.0,1.1445355273437499,True,CALL,2026-01-30,HL
HL260130C00027000,27.0,0.75,0.73,0.73,1150.0,1236.0,1.076176494140625,False,CALL,2026-01-30,HL
HL260130C00027500,27.5,0.5,0.4,0.52,315.0,1161.0,0.9765627343750001,False,CALL,2026-01-30,HL
HL260130C00028000,28.0,0.35,0.29,0.4,1175.0,1348.0,1.0234423828125,False,CALL,2026-01-30,HL
HL260130C00028500,28.5,0.2,0.21,0.28,159.0,177.0,1.0429735351562504,False,CALL,2026-01-30,HL
HL260130C00029000,29.0,0.2,0.14,0.21,554.0,828.0,1.0703171484375003,False,CALL,2026-01-30,HL
HL260130C00029500,29.5,0.11,0.09,0.17,3692.0,5421.0,1.109379453125,False,CALL,2026-01-30,HL
HL260130C00030000,30.0,0.09,0.07,0.12,1180.0,3231.0,1.140629296875,False,CALL,2026-01-30,HL
HL260130C00030500,30.5,0.1,0.05,0.1,87.0,336.0,1.1875040625,False,CALL,2026-01-30,HL
HL260130C00031000,31.0,0.05,0.04,0.08,229.0,791.0,1.2421912890624998,False,CALL,2026-01-30,HL
HL260130C00031500,31.5,0.04,0.0,0.08,35.0,728.0,1.2421912890624998,False,CALL,2026-01-30,HL
HL260130C00032000,32.0,0.03,0.0,0.06,166.0,901.0,1.2734411328124997,False,CALL,2026-01-30,HL
HL260130C00032500,32.5,0.02,0.0,0.05,28.0,717.0,1.3281283593749997,False,CALL,2026-01-30,HL
HL260130C00033000,33.0,0.03,0.02,0.05,48.0,1156.0,1.484377578125,False,CALL,2026-01-30,HL
HL260130C00033500,33.5,0.04,0.0,0.07,58.0,750.0,1.5781271093749998,False,CALL,2026-01-30,HL
HL260130C00034000,34.0,0.01,0.01,0.02,11.0,867.0,1.46875265625,False,CALL,2026-01-30,HL
HL260130C00034500,34.5,0.01,0.0,0.04,9.0,75.0,1.5937520312499998,False,CALL,2026-01-30,HL
HL260130P00019000,19.0,0.19,0.0,0.02,1.0,87.0,1.9375003125,False,PUT,2026-01-30,HL
HL260130P00019500,19.5,0.07,0.0,0.02,17.0,128.0,1.8125009374999999,False,PUT,2026-01-30,HL
HL260130P00020000,20.0,0.01,0.0,0.01,2.0,374.0,1.5625021874999998,False,PUT,2026-01-30,HL
HL260130P00020500,20.5,0.01,0.0,0.67,1.0,69.0,3.1250021875,False,PUT,2026-01-30,HL
HL260130P00021000,21.0,0.02,0.0,0.03,4.0,828.0,1.5312523437499999,False,PUT,2026-01-30,HL
HL260130P00021500,21.5,0.01,0.0,0.04,19.0,133.0,1.453127734375,False,PUT,2026-01-30,HL
HL260130P00022000,22.0,0.03,0.0,0.04,4.0,1245.0,1.3125034374999998,False,PUT,2026-01-30,HL
HL260130P00022500,22.5,0.03,0.0,0.04,1.0,1596.0,1.1875040625,False,PUT,2026-01-30,HL
HL260130P00023000,23.0,0.03,0.02,0.05,313.0,1985.0,1.171879140625,False,PUT,2026-01-30,HL
HL260130P00023500,23.5,0.03,0.03,0.11,10.0,444.0,1.1875040625,False,PUT,2026-01-30,HL
HL260130P00024000,24.0,0.08,0.06,0.1,117.0,683.0,1.0703171484375003,False,PUT,2026-01-30,HL
HL260130P00024500,24.5,0.13,0.09,0.12,207.0,596.0,0.98437515625,False,PUT,2026-01-30,HL
HL260130P00025000,25.0,0.21,0.17,0.2,1015.0,1384.0,0.992187578125,False,PUT,2026-01-30,HL
HL260130P00025500,25.5,0.39,0.11,0.38,398.0,393.0,0.9023447265625,False,PUT,2026-01-30,HL
HL260130P00026000,26.0,0.5,0.45,0.56,174.0,1597.0,1.056645341796875,False,PUT,2026-01-30,HL
HL260130P00026500,26.5,0.71,0.67,0.91,71.0,405.0,1.15234798828125,False,PUT,2026-01-30,HL
HL260130P00027000,27.0,0.85,0.93,1.08,181.0,695.0,1.0957076464843751,True,PUT,2026-01-30,HL
HL260130P00027500,27.5,1.41,1.25,1.58,43.0,2330.0,1.2343788281249999,True,PUT,2026-01-30,HL
HL260130P00028000,28.0,1.8,1.39,1.94,243.0,1692.0,1.111332568359375,True,PUT,2026-01-30,HL
HL260130P00028500,28.5,2.36,1.94,2.92,11.0,421.0,1.6875015625,True,PUT,2026-01-30,HL
HL260130P00029000,29.0,2.84,2.31,3.05,248.0,629.0,1.501955615234375,True,PUT,2026-01-30,HL
HL260130P00029500,29.5,3.12,2.61,3.65,9.0,201.0,1.5859395703124997,True,PUT,2026-01-30,HL
HL260130P00030000,30.0,3.5,3.2,3.8,153.0,2560.0,1.4921900390624998,True,PUT,2026-01-30,HL
HL260130P00030500,30.5,4.75,3.65,4.8,8.0,1255.0,2.0546923632812497,True,PUT,2026-01-30,HL
HL260130P00031000,31.0,5.12,4.15,4.9,6.0,370.0,1.81640716796875,True,PUT,2026-01-30,HL
HL260130P00031500,31.5,5.56,4.6,6.1,11.0,1109.0,2.56250359375,True,PUT,2026-01-30,HL
HL260130P00032000,32.0,5.81,5.1,6.05,15.0,1750.0,2.1796920507812496,True,PUT,2026-01-30,HL
HL260130P00032500,32.5,6.25,5.6,6.7,15.0,162.0,2.46094134765625,True,PUT,2026-01-30,HL
HL260130P00033000,33.0,6.05,6.1,7.55,1.0,293.0,2.9277370556640623,True,PUT,2026-01-30,HL
HL260130P00034000,34.0,7.96,7.1,8.55,6.0,132.0,3.177736430664062,True,PUT,2026-01-30,HL
HL260130P00034500,34.5,4.77,7.6,9.05,48.0,59.0,3.2968767578125,True,PUT,2026-01-30,HL
HL260206C00019000,19.0,13.43,6.4,8.3,1.0,58.0,2.0839891650390623,True,CALL,2026-02-06,HL
HL260206C00019500,19.5,11.9,6.0,7.55,2.0,201.0,1.6386736816406249,True,CALL,2026-02-06,HL
HL260206C00020000,20.0,6.22,6.05,7.0,6.0,431.0,1.46484642578125,True,CALL,2026-02-06,HL
HL260206C00020500,20.5,5.63,5.3,6.55,2.0,14.0,1.4375028125,True,CALL,2026-02-06,HL
HL260206C00021000,21.0,4.82,4.75,6.05,1.0,619.0,1.3398470507812497,True,CALL,2026-02-06,HL
HL260206C00021500,21.5,5.34,4.25,5.6,2.0,263.0,1.3046909765624997,True,CALL,2026-02-06,HL
HL260206C00022000,22.0,4.8,4.55,5.15,6.0,167.0,0.8632826171875,True,CALL,2026-02-06,HL
HL260206C00022500,22.5,4.8,3.85,4.7,1.0,121.0,0.6171913281250001,True,CALL,2026-02-06,HL
HL260206C00023000,23.0,4.5,3.5,4.3,10.0,71.0,0.7812521875,True,CALL,2026-02-06,HL
HL260206C00023500,23.5,3.49,3.1,3.9,5.0,102.0,0.8125018749999999,True,CALL,2026-02-06,HL
HL260206C00024000,24.0,3.79,2.91,3.5,46.0,358.0,0.9062509375,True,CALL,2026-02-06,HL
HL260206C00024500,24.5,2.25,2.69,3.15,4.0,64.0,0.96679720703125,True,CALL,2026-02-06,HL
HL260206C00025000,25.0,2.77,2.42,2.76,106.0,556.0,0.9687503125,True,CALL,2026-02-06,HL
HL260206C00025500,25.5,2.2,2.21,2.5,199.0,13.0,1.0166064794921876,True,CALL,2026-02-06,HL
HL260206C00026000,26.0,2.1,1.94,2.31,115.0,104.0,1.0488328808593752,True,CALL,2026-02-06,HL
HL260206C00026500,26.5,1.85,1.69,1.85,207.0,75.0,0.9882813671875,True,CALL,2026-02-06,HL
HL260206C00027000,27.0,1.75,1.5,1.84,121.0,572.0,1.0683640332031252,False,CALL,2026-02-06,HL
HL260206C00027500,27.5,1.46,1.31,1.64,111.0,328.0,1.0781296093750001,False,CALL,2026-02-06,HL
HL260206C00028000,28.0,1.28,1.14,1.29,210.0,789.0,1.0361376318359379,False,CALL,2026-02-06,HL
HL260206C00028500,28.5,1.09,0.97,1.18,18.0,97.0,1.0546922265625,False,CALL,2026-02-06,HL
HL260206C00029000,29.0,0.87,0.83,1.03,104.0,316.0,1.0576218994140625,False,CALL,2026-02-06,HL
HL260206C00029500,29.5,0.75,0.68,0.93,59.0,82.0,1.0634812451171878,False,CALL,2026-02-06,HL
HL260206C00030000,30.0,0.7,0.64,0.76,342.0,677.0,1.0722702636718753,False,CALL,2026-02-06,HL
HL260206C00030500,30.5,0.61,0.59,0.7,59.0,470.0,1.109379453125,False,CALL,2026-02-06,HL
HL260206C00031000,31.0,0.53,0.46,0.61,81.0,470.0,1.0957076464843751,False,CALL,2026-02-06,HL
HL260206C00031500,31.5,0.44,0.43,0.73,1.0,249.0,1.201175869140625,False,CALL,2026-02-06,HL
HL260206C00032000,32.0,0.38,0.27,0.6,41.0,661.0,1.142582412109375,False,CALL,2026-02-06,HL
HL260206C00032500,32.5,0.3,0.15,0.5,127.0,177.0,1.0957076464843751,False,CALL,2026-02-06,HL
HL260206C00033000,33.0,0.32,0.29,0.39,14.0,576.0,1.1679729101562502,False,CALL,2026-02-06,HL
HL260206C00033500,33.5,0.3,0.26,0.35,21.0,80.0,1.185550947265625,False,CALL,2026-02-06,HL
HL260206C00034000,34.0,0.24,0.14,0.37,45.0,507.0,1.1796916015624999,False,CALL,2026-02-06,HL
HL260206P00019000,19.0,0.04,0.02,0.05,4.0,147.0,1.1015669921875002,False,PUT,2026-02-06,HL
HL260206P00019500,19.5,0.06,0.0,0.06,1.0,53.0,1.000005,False,PUT,2026-02-06,HL
HL260206P00020000,20.0,0.12,0.0,0.1,1.0,107.0,1.015629921875,False,PUT,2026-02-06,HL
HL260206P00020500,20.5,0.08,0.06,0.1,9.0,73.0,1.0312548437500002,False,PUT,2026-02-06,HL
HL260206P00021000,21.0,0.2,0.1,0.2,67.0,266.0,1.1015669921875002,False,PUT,2026-02-06,HL
HL260206P00021500,21.5,0.2,0.12,0.18,18.0,53.0,1.015629921875,False,PUT,2026-02-06,HL
HL260206P00022000,22.0,0.2,0.05,0.37,29.0,436.0,1.01953615234375,False,PUT,2026-02-06,HL
HL260206P00022500,22.5,0.32,0.06,0.53,11.0,397.0,1.0351610742187503,False,PUT,2026-02-06,HL
HL260206P00023000,23.0,0.31,0.31,0.44,26.0,582.0,1.0253954980468751,False,PUT,2026-02-06,HL
HL260206P00023500,23.5,0.51,0.26,0.52,164.0,132.0,0.9414068359375,False,PUT,2026-02-06,HL
HL260206P00024000,24.0,0.62,0.57,0.64,226.0,212.0,1.021489267578125,False,PUT,2026-02-06,HL
HL260206P00024500,24.5,0.78,0.69,0.79,12.0,135.0,1.0107471337890623,False,PUT,2026-02-06,HL
HL260206P00025000,25.0,0.97,0.79,0.96,249.0,632.0,0.9863282617187501,False,PUT,2026-02-06,HL
HL260206P00025500,25.5,1.16,1.06,1.16,54.0,119.0,1.013676806640625,False,PUT,2026-02-06,HL
HL260206P00026000,26.0,1.32,1.15,1.47,204.0,909.0,1.001958115234375,False,PUT,2026-02-06,HL
HL260206P00026500,26.5,1.58,1.51,1.67,55.0,414.0,1.0253954980468751,False,PUT,2026-02-06,HL
HL260206P00027000,27.0,2.0,1.8,1.9,30.0,1374.0,1.021489267578125,True,PUT,2026-02-06,HL
HL260206P00027500,27.5,2.35,2.11,2.21,118.0,501.0,1.0332079589843752,True,PUT,2026-02-06,HL
HL260206P00028000,28.0,2.52,2.43,2.53,5.0,218.0,1.0390673046875003,True,PUT,2026-02-06,HL
HL260206P00028500,28.5,3.01,2.56,3.05,16.0,40.0,1.0351610742187503,True,PUT,2026-02-06,HL
HL260206P00029000,29.0,3.45,3.15,3.4,14.0,161.0,1.11328568359375,True,PUT,2026-02-06,HL
HL260206P00029500,29.5,3.77,3.4,3.95,4.0,874.0,1.1367230664062502,True,PUT,2026-02-06,HL
HL260206P00030000,30.0,4.25,3.9,4.2,63.0,400.0,1.1367230664062502,True,PUT,2026-02-06,HL
HL260206P00030500,30.5,4.88,4.15,5.6,1.0,31.0,1.4375028125,True,PUT,2026-02-06,HL
HL260206P00031000,31.0,5.0,4.65,5.2,26.0,40.0,1.197269638671875,True,PUT,2026-02-06,HL
HL260206P00031500,31.5,4.65,5.05,6.5,75.0,154.0,1.5244164404296874,True,PUT,2026-02-06,HL
HL260206P00032000,32.0,6.44,5.5,6.65,2.0,220.0,1.451174619140625,True,PUT,2026-02-06,HL
HL260206P00032500,32.5,6.69,5.9,6.95,5.0,115.0,1.400393623046875,True,PUT,2026-02-06,HL
HL260206P00033000,33.0,5.35,6.4,7.85,7.0,180.0,1.623048759765625,True,PUT,2026-02-06,HL
HL260206P00034000,34.0,7.85,7.4,7.75,2.0,171.0,1.2500037499999999,True,PUT,2026-02-06,HL
HL260213C00019000,19.0,7.9,7.6,8.1,1.0,51.0,1.015629921875,True,CALL,2026-02-13,HL
HL260213C00019500,19.5,8.03,6.15,7.65,5.0,24.0,1.3339877050781246,True,CALL,2026-02-13,HL
HL260213C00020000,20.0,6.1,6.55,7.2,24.0,30.0,0.93164130859375,True,CALL,2026-02-13,HL
HL260213C00020500,20.5,7.7,5.35,6.75,16.0,23.0,1.2636755566406248,True,CALL,2026-02-13,HL
HL260213C00021000,21.0,6.5,4.95,6.3,1.0,42.0,1.2236366943359376,True,CALL,2026-02-13,HL
HL260213C00021500,21.5,4.45,4.6,5.95,10.0,18.0,0.5625043750000001,True,CALL,2026-02-13,HL
HL260213C00022000,22.0,5.02,4.6,5.5,2.0,84.0,0.86132951171875,True,CALL,2026-02-13,HL
HL260213C00022500,22.5,6.7,4.25,5.1,6.0,64.0,0.8886729882812499,True,CALL,2026-02-13,HL
HL260213C00023000,23.0,5.2,3.95,4.7,10.0,131.0,0.9160164648437501,True,CALL,2026-02-13,HL
HL260213C00023500,23.5,5.14,3.55,4.4,9.0,958.0,0.9267585449218749,True,CALL,2026-02-13,HL
HL260213C00024000,24.0,3.75,3.65,4.0,9.0,65.0,1.0351610742187503,True,CALL,2026-02-13,HL
HL260213C00024500,24.5,5.3,3.35,3.75,7.0,62.0,1.056645341796875,True,CALL,2026-02-13,HL
HL260213C00025000,25.0,3.4,3.05,3.35,2.0,284.0,1.0312548437500002,True,CALL,2026-02-13,HL
HL260213C00025500,25.5,4.0,2.66,3.15,52.0,93.0,1.0244189404296877,True,CALL,2026-02-13,HL
HL260213C00026000,26.0,2.6,2.51,3.0,70.0,231.0,1.0771530517578127,True,CALL,2026-02-13,HL
HL260213C00027000,27.0,2.0,1.94,2.42,1.0,105.0,1.0302782861328126,False,CALL,2026-02-13,HL
HL260213C00028000,28.0,1.77,1.55,2.02,204.0,1632.0,1.0351610742187503,False,CALL,2026-02-13,HL
HL260213C00029000,29.0,1.4,1.39,1.66,32.0,245.0,1.0742233789062503,False,CALL,2026-02-13,HL
HL260213C00030000,30.0,1.09,1.14,1.58,90.0,575.0,1.1347699511718752,False,CALL,2026-02-13,HL
HL260213C00031000,31.0,0.92,0.87,1.22,15.0,77.0,1.1025435498046878,False,CALL,2026-02-13,HL
HL260213C00032000,32.0,0.9,0.85,1.1,37.0,559.0,1.1757853710937498,False,CALL,2026-02-13,HL
HL260213C00033000,33.0,0.7,0.63,0.85,2.0,152.0,1.1435589697265625,False,CALL,2026-02-13,HL
HL260213C00034000,34.0,0.58,0.4,0.78,8.0,171.0,1.140629296875,False,CALL,2026-02-13,HL
HL260213P00019000,19.0,0.13,0.02,0.76,1.0,29.0,1.39453427734375,False,PUT,2026-02-13,HL
HL260213P00019500,19.5,0.22,0.14,0.26,58.0,4.0,1.09375453125,False,PUT,2026-02-13,HL
HL260213P00020000,20.0,0.19,0.01,0.29,3.0,133.0,0.9531254687499999,False,PUT,2026-02-13,HL
HL260213P00020500,20.5,0.29,0.21,0.36,16.0,15.0,1.052739111328125,False,PUT,2026-02-13,HL
HL260213P00021000,21.0,0.32,0.16,0.75,1.0,36.0,1.1367230664062502,False,PUT,2026-02-13,HL
HL260213P00021500,21.5,0.45,0.38,0.95,3.0,23.0,1.2197304638671875,False,PUT,2026-02-13,HL
HL260213P00022000,22.0,0.71,0.35,0.98,11.0,896.0,1.1347699511718752,False,PUT,2026-02-13,HL
HL260213P00022500,22.5,0.56,0.36,1.07,2.0,13.0,1.083988955078125,False,PUT,2026-02-13,HL
HL260213P00023000,23.0,0.75,0.73,0.89,204.0,280.0,1.05859845703125,False,PUT,2026-02-13,HL
HL260213P00023500,23.5,0.9,0.75,1.33,105.0,224.0,1.1035201074218752,False,PUT,2026-02-13,HL
HL260213P00024000,24.0,1.4,0.81,1.44,310.0,267.0,1.056645341796875,False,PUT,2026-02-13,HL
HL260213P00024500,24.5,1.2,1.07,1.73,3.0,123.0,1.1025435498046878,False,PUT,2026-02-13,HL
HL260213P00025000,25.0,1.84,1.4,2.06,8.0,353.0,1.162113564453125,False,PUT,2026-02-13,HL
HL260213P00025500,25.5,1.75,1.58,2.03,11.0,8.0,1.0908248583984377,False,PUT,2026-02-13,HL
HL260213P00026000,26.0,2.25,1.86,2.2,30.0,255.0,1.083988955078125,False,PUT,2026-02-13,HL
HL260213P00027000,27.0,2.88,2.35,2.61,302.0,37.0,1.0478563232421876,True,PUT,2026-02-13,HL
HL260213P00028000,28.0,2.85,3.0,3.55,5.0,239.0,1.138676181640625,True,PUT,2026-02-13,HL
HL260213P00029000,29.0,3.88,3.65,4.05,20.0,67.0,1.1044966650390626,True,PUT,2026-02-13,HL
HL260213P00030000,30.0,4.66,4.2,4.95,15.0,104.0,1.11328568359375,True,PUT,2026-02-13,HL
HL260213P00031000,31.0,5.9,5.05,5.9,11.0,13.0,1.1884806201171876,True,PUT,2026-02-13,HL
HL260213P00032000,32.0,5.5,5.85,7.05,1.0,7.0,1.2890660546875,True,PUT,2026-02-13,HL
HL260213P00033000,33.0,7.32,6.8,7.85,2.0,125.0,1.3281283593749997,True,PUT,2026-02-13,HL
HL260220C00019000,19.0,8.15,7.55,8.2,5.0,246.0,0.8867198828124999,True,CALL,2026-02-20,HL
HL260220C00020000,20.0,7.17,6.8,7.4,5.0,2445.0,1.0058643457031249,True,CALL,2026-02-20,HL
HL260220C00021000,21.0,5.4,5.75,6.45,36.0,740.0,0.8789074609374999,True,CALL,2026-02-20,HL
HL260220C00022000,22.0,5.4,5.25,5.8,20.0,1065.0,1.0146533642578124,True,CALL,2026-02-20,HL
HL260220C00022500,22.5,10.22,4.35,5.45,4.0,2.0,0.8740246972656249,True,CALL,2026-02-20,HL
HL260220C00023000,23.0,4.7,4.6,5.1,42.0,653.0,1.0312548437500002,True,CALL,2026-02-20,HL
HL260220C00023500,23.5,5.8,4.2,4.8,,1.0,1.0219775463867187,True,CALL,2026-02-20,HL
HL260220C00024000,24.0,4.3,4.15,4.4,33.0,851.0,1.0615281298828125,True,CALL,2026-02-20,HL
HL260220C00024500,24.5,3.28,3.4,4.15,2.0,78.0,0.9765627343750001,True,CALL,2026-02-20,HL
HL260220C00025000,25.0,3.6,3.55,3.9,57.0,1138.0,1.0722702636718753,True,CALL,2026-02-20,HL
HL260220C00025500,25.5,2.68,3.35,3.6,46.0,3.0,1.0781296093750001,True,CALL,2026-02-20,HL
HL260220C00026000,26.0,3.2,3.1,3.35,220.0,910.0,1.0786178881835937,True,CALL,2026-02-20,HL
HL260220C00026500,26.5,2.99,2.88,3.0,220.0,14.0,1.0605515722656251,True,CALL,2026-02-20,HL
HL260220C00027000,27.0,2.79,2.7,2.85,346.0,2608.0,1.08203583984375,False,CALL,2026-02-20,HL
HL260220C00027500,27.5,2.57,2.48,2.69,512.0,316.0,1.0893600219726562,False,CALL,2026-02-20,HL
HL260220C00028000,28.0,2.4,2.29,2.43,419.0,2940.0,1.0786178881835937,False,CALL,2026-02-20,HL
HL260220C00028500,28.5,2.16,2.1,2.34,253.0,331.0,1.0952193676757815,False,CALL,2026-02-20,HL
HL260220C00029000,29.0,2.0,1.96,2.26,374.0,1583.0,1.1186567504882814,False,CALL,2026-02-20,HL
HL260220C00029500,29.5,1.74,1.81,2.01,8.0,126.0,1.1035201074218752,False,CALL,2026-02-20,HL
HL260220C00030000,30.0,1.75,1.67,1.8,659.0,4948.0,1.094242810058594,False,CALL,2026-02-20,HL
HL260220C00031000,31.0,1.46,1.43,1.56,36.0,1050.0,1.105961501464844,False,CALL,2026-02-20,HL
HL260220C00032000,32.0,1.32,1.23,1.4,132.0,3134.0,1.1284223266601563,False,CALL,2026-02-20,HL
HL260220C00033000,33.0,1.09,1.09,1.17,135.0,1740.0,1.1367230664062502,False,CALL,2026-02-20,HL
HL260220C00034000,34.0,0.91,0.93,1.05,1082.0,5965.0,1.1533245458984376,False,CALL,2026-02-20,HL
HL260220P00019000,19.0,0.31,0.27,0.35,29.0,2904.0,1.08984830078125,False,PUT,2026-02-20,HL
HL260220P00019500,19.5,0.25,0.07,0.55,1.0,7.0,1.0253954980468751,False,PUT,2026-02-20,HL
HL260220P00020000,20.0,0.46,0.4,0.48,81.0,2561.0,1.0703171484375003,False,PUT,2026-02-20,HL
HL260220P00020500,20.5,0.48,0.48,0.81,40.0,48.0,1.1464886425781249,False,PUT,2026-02-20,HL
HL260220P00021000,21.0,0.63,0.59,0.72,6.0,784.0,1.08203583984375,False,PUT,2026-02-20,HL
HL260220P00022000,22.0,0.86,0.81,0.88,43.0,8104.0,1.0478563232421876,False,PUT,2026-02-20,HL
HL260220P00022500,22.5,0.63,0.77,1.38,1.0,441.0,1.091801416015625,False,PUT,2026-02-20,HL
HL260220P00023000,23.0,1.2,1.08,1.18,1025.0,1473.0,1.0410204199218753,False,PUT,2026-02-20,HL
HL260220P00023500,23.5,1.2,1.11,1.73,2.0,37.0,1.0947310888671877,False,PUT,2026-02-20,HL
HL260220P00024000,24.0,1.52,1.45,1.55,128.0,1908.0,1.0459032080078128,False,PUT,2026-02-20,HL
HL260220P00024500,24.5,1.75,1.56,1.98,20.0,117.0,1.0742233789062503,False,PUT,2026-02-20,HL
HL260220P00025000,25.0,1.91,1.89,2.01,728.0,1673.0,1.0581101782226563,False,PUT,2026-02-20,HL
HL260220P00025500,25.5,2.35,2.12,2.28,124.0,132.0,1.0644578027343752,False,PUT,2026-02-20,HL
HL260220P00026000,26.0,2.4,2.36,2.46,136.0,416.0,1.0498094384765626,False,PUT,2026-02-20,HL
HL260220P00026500,26.5,2.64,2.64,2.69,1818.0,1838.0,1.0468797656250002,False,PUT,2026-02-20,HL
HL260220P00027000,27.0,2.97,2.91,3.05,36.0,708.0,1.0615281298828125,True,PUT,2026-02-20,HL
HL260220P00027500,27.5,3.12,3.1,3.8,37.0,233.0,1.12891060546875,True,PUT,2026-02-20,HL
HL260220P00028000,28.0,3.56,3.5,3.7,10.0,2379.0,1.0712937060546879,True,PUT,2026-02-20,HL
HL260220P00028500,28.5,3.75,3.85,4.55,336.0,558.0,1.1777384863281248,True,PUT,2026-02-20,HL
HL260220P00029000,29.0,4.3,4.1,4.4,5.0,326.0,1.0732468212890627,True,PUT,2026-02-20,HL
HL260220P00029500,29.5,4.9,4.55,5.1,2.0,250.0,1.1630901220703125,True,PUT,2026-02-20,HL
HL260220P00030000,30.0,5.11,4.8,5.3,123.0,647.0,1.1157270776367185,True,PUT,2026-02-20,HL
HL260220P00031000,31.0,6.25,5.05,6.55,2.0,248.0,1.1240278173828124,True,PUT,2026-02-20,HL
HL260220P00032000,32.0,5.45,6.35,7.1,10.0,131.0,1.19141029296875,True,PUT,2026-02-20,HL
HL260220P00033000,33.0,7.03,7.25,8.5,56.0,123.0,1.3447298388671873,True,PUT,2026-02-20,HL
HL260220P00034000,34.0,8.31,8.0,8.4,1.0,73.0,1.1298871630859377,True,PUT,2026-02-20,HL
HL260227C00019000,19.0,6.08,6.75,8.75,,2.0,1.4121123144531251,True,CALL,2026-02-27,HL
HL260227C00020000,20.0,5.85,5.95,7.8,5.0,8.0,0.6679720703125002,True,CALL,2026-02-27,HL
HL260227C00021000,21.0,11.37,5.3,7.0,3.0,124.0,0.79687703125,True,CALL,2026-02-27,HL
HL260227C00021500,21.5,11.05,5.0,6.7,9.0,0.0,0.8564467480468749,True,CALL,2026-02-27,HL
HL260227C00022000,22.0,6.3,4.65,6.4,1.0,11.0,0.88476677734375,True,CALL,2026-02-27,HL
HL260227C00022500,22.5,5.21,4.9,5.85,1.0,26.0,0.9794923925781251,True,CALL,2026-02-27,HL
HL260227C00023000,23.0,4.76,4.5,5.5,1.0,216.0,0.9624027197265624,True,CALL,2026-02-27,HL
HL260227C00023500,23.5,8.97,4.4,5.2,4.0,7.0,1.0102588549804685,True,CALL,2026-02-27,HL
HL260227C00024000,24.0,6.4,4.45,5.0,1.0,45.0,1.0947310888671877,True,CALL,2026-02-27,HL
HL260227C00024500,24.5,5.97,4.0,5.45,1.0,20.0,1.1953165234375,True,CALL,2026-02-27,HL
HL260227C00025000,25.0,4.0,3.9,4.25,45.0,449.0,1.0595750146484377,True,CALL,2026-02-27,HL
HL260227C00025500,25.5,3.43,2.9,4.0,3.0,40.0,0.9335944140625,True,CALL,2026-02-27,HL
HL260227C00026000,26.0,3.79,3.4,3.85,1.0,305.0,1.0771530517578127,True,CALL,2026-02-27,HL
HL260227C00027000,27.0,3.1,2.99,3.25,216.0,169.0,1.059086735839844,False,CALL,2026-02-27,HL
HL260227C00028000,28.0,2.99,2.54,2.93,32.0,778.0,1.0654343603515626,False,CALL,2026-02-27,HL
HL260227C00029000,29.0,2.1,2.29,2.6,37.0,196.0,1.0883834643554686,False,CALL,2026-02-27,HL
HL260227C00030000,30.0,2.14,2.02,2.27,148.0,1045.0,1.0947310888671877,False,CALL,2026-02-27,HL
HL260227C00031000,31.0,1.9,1.63,2.11,19.0,56.0,1.0976607617187502,False,CALL,2026-02-27,HL
HL260227C00032000,32.0,1.4,1.54,1.8,14.0,327.0,1.115238798828125,False,CALL,2026-02-27,HL
HL260227C00033000,33.0,1.46,1.24,1.67,29.0,221.0,1.1171919140625,False,CALL,2026-02-27,HL
HL260227C00034000,34.0,1.26,1.18,1.43,29.0,149.0,1.1347699511718752,False,CALL,2026-02-27,HL
HL260227P00019000,19.0,0.42,0.22,0.67,2.0,18.0,1.0605515722656251,False,PUT,2026-02-27,HL
HL260227P00019500,19.5,0.39,0.1,1.6,1.0,19.0,1.2548865380859375,False,PUT,2026-02-27,HL
HL260227P00020000,20.0,0.63,0.54,0.85,24.0,157.0,1.0986373193359378,False,PUT,2026-02-27,HL
HL260227P00020500,20.5,1.01,0.68,1.0,16.0,38.0,1.11328568359375,False,PUT,2026-02-27,HL
HL260227P00021000,21.0,1.0,0.66,1.19,2.0,22.0,1.08984830078125,False,PUT,2026-02-27,HL
HL260227P00021500,21.5,0.83,0.74,1.34,45.0,56.0,1.0781296093750001,False,PUT,2026-02-27,HL
HL260227P00022000,22.0,1.12,1.04,1.28,5.0,301.0,1.0644578027343752,False,PUT,2026-02-27,HL
HL260227P00022500,22.5,1.26,1.18,1.42,7.0,8.0,1.0546922265625,False,PUT,2026-02-27,HL
HL260227P00023000,23.0,1.3,0.93,1.87,19.0,171.0,1.023930661621094,False,PUT,2026-02-27,HL
HL260227P00023500,23.5,1.84,1.56,2.2,1.0,45.0,1.1376996240234376,False,PUT,2026-02-27,HL
HL260227P00024000,24.0,1.64,1.3,2.32,98.0,140.0,1.0332079589843752,False,PUT,2026-02-27,HL
HL260227P00024500,24.5,2.11,1.8,2.26,6.0,37.0,1.0361376318359379,False,PUT,2026-02-27,HL
HL260227P00025000,25.0,2.31,2.18,2.5,3.0,470.0,1.0644578027343752,False,PUT,2026-02-27,HL
HL260227P00025500,25.5,2.3,2.29,2.97,1.0,26.0,1.0810592822265626,False,PUT,2026-02-27,HL
HL260227P00026000,26.0,2.83,2.67,3.15,4.0,32.0,1.0888717431640624,False,PUT,2026-02-27,HL
HL260227P00027000,27.0,3.3,3.2,3.7,51.0,147.0,1.0859420703125,True,PUT,2026-02-27,HL
HL260227P00028000,28.0,3.69,3.8,4.4,1.0,222.0,1.1030318286132816,True,PUT,2026-02-27,HL
HL260227P00029000,29.0,4.6,4.55,4.75,20.0,32.0,1.0737351000976565,True,PUT,2026-02-27,HL
HL260227P00030000,30.0,5.7,5.2,5.5,68.0,11.0,1.0800827246093752,True,PUT,2026-02-27,HL
HL260227P00031000,31.0,5.91,5.9,6.65,5.0,20.0,1.150394873046875,True,PUT,2026-02-27,HL
HL260227P00032000,32.0,5.75,6.75,7.2,12.0,54.0,1.1347699511718752,True,PUT,2026-02-27,HL
HL260227P00033000,33.0,8.16,7.45,8.2,6.0,1.0,1.1611370068359377,True,PUT,2026-02-27,HL
HL260306C00026000,26.0,3.79,3.75,4.05,13.0,16.0,1.0532273901367186,True,CALL,2026-03-06,HL
HL260306C00028000,28.0,3.1,2.75,3.25,55.0,154.0,1.0376024682617189,False,CALL,2026-03-06,HL
HL260306C00028500,28.5,2.8,2.64,3.0,1.0,53.0,1.0390673046875003,False,CALL,2026-03-06,HL
HL260306C00030000,30.0,2.0,2.19,2.79,19.0,174.0,1.0888717431640624,False,CALL,2026-03-06,HL
HL260306C00031000,31.0,1.6,2.05,2.41,1.0,139.0,1.0986373193359378,False,CALL,2026-03-06,HL
HL260306C00031500,31.5,2.07,1.77,2.45,26.0,47.0,1.1025435498046878,False,CALL,2026-03-06,HL
HL260306C00032000,32.0,1.98,1.76,2.26,2.0,351.0,1.1108442895507813,False,CALL,2026-03-06,HL
HL260306C00032500,32.5,2.0,1.71,2.08,3.0,19.0,1.112797404785156,False,CALL,2026-03-06,HL
HL260306C00033000,33.0,1.88,1.26,2.16,21.0,42.0,1.08984830078125,False,CALL,2026-03-06,HL
HL260306C00034000,34.0,1.91,1.25,1.79,7.0,41.0,1.0947310888671877,False,CALL,2026-03-06,HL
HL260306P00028500,28.5,3.35,4.4,5.2,1.0,8.0,1.1069380590820312,True,PUT,2026-03-06,HL
HL260306P00030000,30.0,6.1,5.45,6.25,6.0,22.0,1.1220747021484376,True,PUT,2026-03-06,HL
HL260306P00033000,33.0,7.5,7.6,8.7,5.0,15.0,1.150394873046875,True,PUT,2026-03-06,HL
HL260320C00019000,19.0,7.64,8.25,8.9,56.0,3203.0,1.0048877880859375,True,CALL,2026-03-20,HL
HL260320C00020000,20.0,8.0,7.65,8.05,115.0,6892.0,1.0122119702148438,True,CALL,2026-03-20,HL
HL260320C00021000,21.0,6.1,6.85,7.4,30.0,2781.0,1.001958115234375,True,CALL,2026-03-20,HL
HL260320C00022000,22.0,6.15,5.9,6.75,1342.0,3112.0,0.9545902978515625,True,CALL,2026-03-20,HL
HL260320C00023000,23.0,5.3,5.65,6.2,15.0,1747.0,1.0205127099609377,True,CALL,2026-03-20,HL
HL260320C00024000,24.0,4.44,5.2,5.6,57.0,1613.0,1.0302782861328126,True,CALL,2026-03-20,HL
HL260320C00025000,25.0,4.9,4.75,4.95,646.0,6694.0,1.0205127099609377,True,CALL,2026-03-20,HL
HL260320C00026000,26.0,4.3,4.3,4.45,30.0,1327.0,1.0205127099609377,True,CALL,2026-03-20,HL
HL260320C00027000,27.0,4.0,3.85,4.1,423.0,3753.0,1.0288134497070316,False,CALL,2026-03-20,HL
HL260320C00028000,28.0,3.55,3.45,3.75,2259.0,14884.0,1.0341845166015626,False,CALL,2026-03-20,HL
HL260320C00029000,29.0,3.25,3.0,3.55,202.0,5121.0,1.0429735351562504,False,CALL,2026-03-20,HL
HL260320C00030000,30.0,2.99,3.0,3.0,1336.0,13238.0,1.056645341796875,False,CALL,2026-03-20,HL
HL260320C00031000,31.0,2.68,2.46,2.91,199.0,4010.0,1.0522508325195314,False,CALL,2026-03-20,HL
HL260320C00032000,32.0,2.5,2.33,2.65,3550.0,6312.0,1.0717819848632817,False,CALL,2026-03-20,HL
HL260320C00033000,33.0,2.22,2.02,2.43,158.0,1132.0,1.066899196777344,False,CALL,2026-03-20,HL
HL260320C00034000,34.0,2.0,1.9,2.2,54.0,3386.0,1.0795944458007813,False,CALL,2026-03-20,HL
HL260320P00019000,19.0,0.93,0.81,0.9,5.0,857.0,1.0185595947265624,False,PUT,2026-03-20,HL
HL260320P00020000,20.0,1.07,1.03,1.1,207.0,2600.0,0.99804689453125,False,PUT,2026-03-20,HL
HL260320P00021000,21.0,1.35,1.3,1.4,1.0,1000.0,0.993164130859375,False,PUT,2026-03-20,HL
HL260320P00022000,22.0,1.71,1.67,1.82,29.0,1246.0,1.009770576171875,False,PUT,2026-03-20,HL
HL260320P00023000,23.0,2.05,2.02,2.35,48.0,2183.0,1.0234423828125,False,PUT,2026-03-20,HL
HL260320P00024000,24.0,2.49,2.43,2.67,79.0,694.0,1.001958115234375,False,PUT,2026-03-20,HL
HL260320P00025000,25.0,2.95,2.96,3.2,229.0,1968.0,1.0151416430664062,False,PUT,2026-03-20,HL
HL260320P00026000,26.0,3.5,3.5,3.55,234.0,369.0,0.9946289599609376,False,PUT,2026-03-20,HL
HL260320P00027000,27.0,4.1,4.0,4.1,179.0,314.0,0.9848634326171876,True,PUT,2026-03-20,HL
HL260320P00028000,28.0,4.72,4.6,5.0,240.0,729.0,1.0219775463867187,True,PUT,2026-03-20,HL
HL260320P00029000,29.0,4.9,5.25,6.2,95.0,133.0,1.0932662524414063,True,PUT,2026-03-20,HL
HL260320P00030000,30.0,5.85,6.0,6.3,246.0,212.0,1.0312548437500002,True,PUT,2026-03-20,HL
HL260320P00031000,31.0,6.55,6.65,7.6,25.0,107.0,1.1005904345703126,True,PUT,2026-03-20,HL
HL260320P00032000,32.0,7.7,7.45,7.95,1.0,142.0,1.0615281298828125,True,PUT,2026-03-20,HL
HL260320P00033000,33.0,8.72,8.2,9.1,2.0,82.0,1.112797404785156,True,PUT,2026-03-20,HL
HL260320P00034000,34.0,9.3,9.05,9.7,27.0,69.0,1.1001021557617188,True,PUT,2026-03-20,HL
HL260618C00019000,19.0,9.25,9.4,10.45,92.0,2303.0,0.9291999267578125,True,CALL,2026-06-18,HL
HL260618C00020000,20.0,9.75,9.3,9.95,111.0,5289.0,0.991211025390625,True,CALL,2026-06-18,HL
HL260618C00021000,21.0,8.07,8.65,9.2,16.0,1985.0,0.9621585815429687,True,CALL,2026-06-18,HL
HL260618C00022000,22.0,8.35,8.4,8.75,19.0,2006.0,0.9946289599609376,True,CALL,2026-06-18,HL
HL260618C00025000,25.0,7.17,6.9,7.35,95.0,10293.0,0.983398603515625,True,CALL,2026-06-18,HL
HL260618C00026000,26.0,6.55,6.6,6.95,84.0,1048.0,0.993164130859375,True,CALL,2026-06-18,HL
HL260618C00027000,27.0,6.35,6.15,6.45,794.0,1302.0,0.9790041162109376,False,CALL,2026-06-18,HL
HL260618C00028000,28.0,6.11,5.9,6.15,493.0,1777.0,0.9926758544921875,False,CALL,2026-06-18,HL
HL260618C00029000,29.0,5.45,5.4,5.9,31.0,1447.0,0.9873048144531251,False,CALL,2026-06-18,HL
HL260618C00030000,30.0,5.5,5.25,5.5,1262.0,8033.0,0.9941406835937501,False,CALL,2026-06-18,HL
HL260618C00031000,31.0,5.1,4.9,5.3,1785.0,9188.0,0.99804689453125,False,CALL,2026-06-18,HL
HL260618C00032000,32.0,4.85,4.75,4.95,588.0,12919.0,1.0031788122558591,False,CALL,2026-06-18,HL
HL260618C00033000,33.0,4.3,4.15,4.75,35.0,13230.0,0.9829103271484375,False,CALL,2026-06-18,HL
HL260618C00034000,34.0,4.4,4.3,4.55,12.0,9236.0,1.0170947583007814,False,CALL,2026-06-18,HL
HL260618P00019000,19.0,2.17,2.0,2.36,7.0,698.0,0.930664755859375,False,PUT,2026-06-18,HL
HL260618P00020000,20.0,2.6,2.54,2.7,108.0,1473.0,0.9389654541015625,False,PUT,2026-06-18,HL
HL260618P00021000,21.0,3.05,2.8,3.35,1.0,855.0,0.9428716650390624,False,PUT,2026-06-18,HL
HL260618P00022000,22.0,3.45,3.4,3.65,2014.0,552.0,0.9396978686523438,False,PUT,2026-06-18,HL
HL260618P00025000,25.0,5.1,4.9,5.2,90.0,1145.0,0.9301764794921875,False,PUT,2026-06-18,HL
HL260618P00026000,26.0,5.62,5.1,6.25,535.0,633.0,0.9372564868164062,False,PUT,2026-06-18,HL
HL260618P00027000,27.0,6.58,6.1,6.9,1.0,148.0,0.9711916943359374,True,PUT,2026-06-18,HL
HL260618P00028000,28.0,7.18,6.7,7.5,1.0,85.0,0.9655765161132812,True,PUT,2026-06-18,HL
HL260618P00029000,29.0,6.25,7.1,8.25,8.0,87.0,0.9531254687499999,True,PUT,2026-06-18,HL
HL260618P00030000,30.0,8.86,8.05,8.9,26.0,606.0,0.971679970703125,True,PUT,2026-06-18,HL
HL260618P00031000,31.0,9.15,8.8,9.25,101.0,196.0,0.9492192578124999,True,PUT,2026-06-18,HL
HL260618P00032000,32.0,6.82,9.25,10.5,12.0,12.0,0.9694827270507812,True,PUT,2026-06-18,HL
HL260618P00033000,33.0,7.86,10.25,11.25,4.0,6.0,0.9907227490234375,True,PUT,2026-06-18,HL
HL260618P00034000,34.0,11.4,11.0,11.8,71.0,118.0,0.975586181640625,True,PUT,2026-06-18,HL
HL260918C00019000,19.0,14.18,10.15,11.85,,2.0,0.90429783203125,True,CALL,2026-09-18,HL
HL260918C00020000,20.0,10.23,10.45,11.25,9.0,73.0,0.963867548828125,True,CALL,2026-09-18,HL
HL260918C00021000,21.0,9.89,9.65,10.7,2.0,35.0,0.9355475195312499,True,CALL,2026-09-18,HL
HL260918C00022000,22.0,9.54,9.0,10.2,10.0,5.0,0.91992267578125,True,CALL,2026-09-18,HL
HL260918C00023000,23.0,10.2,8.9,9.8,1.0,33.0,0.94726615234375,True,CALL,2026-09-18,HL
HL260918C00024000,24.0,8.92,8.85,9.5,3.0,12.0,0.9799806689453125,True,CALL,2026-09-18,HL
HL260918C00025000,25.0,8.42,8.4,8.85,62.0,322.0,0.9589847851562499,True,CALL,2026-09-18,HL
HL260918C00026000,26.0,7.8,7.9,8.55,90.0,133.0,0.9558109887695312,True,CALL,2026-09-18,HL
HL260918C00027000,27.0,8.7,7.7,8.3,33.0,260.0,0.9721682470703125,False,CALL,2026-09-18,HL
HL260918C00028000,28.0,7.4,7.2,7.9,110.0,320.0,0.9582523706054686,False,CALL,2026-09-18,HL
HL260918C00029000,29.0,7.2,6.6,7.6,1.0,31.0,0.9423833886718749,False,CALL,2026-09-18,HL
HL260918C00030000,30.0,7.19,6.85,7.3,53.0,480.0,0.9763185961914063,False,CALL,2026-09-18,HL
HL260918C00031000,31.0,6.1,5.95,7.15,24.0,196.0,0.9479985668945312,False,CALL,2026-09-18,HL
HL260918C00032000,32.0,6.51,6.2,6.75,5.0,242.0,0.9719241088867188,False,CALL,2026-09-18,HL
HL260918C00033000,33.0,5.86,6.25,6.45,17.0,167.0,0.9880372290039063,False,CALL,2026-09-18,HL
HL260918C00034000,34.0,6.5,5.65,6.45,10.0,16.0,0.9819337744140625,False,CALL,2026-09-18,HL
HL260918P00019000,19.0,3.54,3.05,4.05,5.0,100.0,0.954102021484375,False,PUT,2026-09-18,HL
HL260918P00020000,20.0,4.09,3.55,4.5,8.0,33.0,0.9523930541992187,False,PUT,2026-09-18,HL
HL260918P00022000,22.0,4.8,4.6,4.85,3.0,15.0,0.9023447265625,False,PUT,2026-09-18,HL
HL260918P00023000,23.0,5.4,5.1,5.4,3.0,43.0,0.8991709301757811,False,PUT,2026-09-18,HL
HL260918P00024000,24.0,5.64,5.55,6.3,2.0,3.0,0.913086806640625,False,PUT,2026-09-18,HL
HL260918P00025000,25.0,6.5,6.25,6.95,2.0,44.0,0.9233406103515626,False,PUT,2026-09-18,HL
HL260918P00026000,26.0,5.6,6.8,7.55,4.0,5.0,0.9177254321289063,False,PUT,2026-09-18,HL
HL260918P00028000,28.0,8.3,8.1,9.05,1.0,24.0,0.930664755859375,True,PUT,2026-09-18,HL
HL260918P00030000,30.0,9.25,8.8,10.4,9.0,22.0,0.8894054028320311,True,PUT,2026-09-18,HL
HL260918P00033000,33.0,11.8,11.7,12.1,1.0,36.0,0.9057626611328125,True,PUT,2026-09-18,HL
HL270115C00020000,20.0,12.35,12.0,12.55,220.0,8270.0,0.9670413452148439,True,CALL,2027-01-15,HL
HL270115C00022000,22.0,10.85,11.05,11.9,49.0,1963.0,0.9702151416015624,True,CALL,2027-01-15,HL
HL270115C00025000,25.0,10.25,9.95,10.8,151.0,6052.0,0.9704592797851561,True,CALL,2027-01-15,HL
HL270115C00027000,27.0,9.65,9.4,9.9,155.0,1084.0,0.96289099609375,False,CALL,2027-01-15,HL
HL270115C00030000,30.0,8.78,8.7,8.95,1206.0,7596.0,0.9689944506835937,False,CALL,2027-01-15,HL
HL270115C00032000,32.0,8.17,7.95,8.45,144.0,1830.0,0.9594730615234374,False,CALL,2027-01-15,HL
HL270115P00020000,20.0,4.85,4.7,5.0,12.0,1276.0,0.8803722900390624,False,PUT,2027-01-15,HL
HL270115P00022000,22.0,5.92,5.8,6.05,14.0,964.0,0.87500125,False,PUT,2027-01-15,HL
HL270115P00025000,25.0,7.7,7.55,8.4,6.0,1441.0,0.8991709301757811,False,PUT,2027-01-15,HL
HL270115P00027000,27.0,8.67,8.8,9.5,2.0,493.0,0.8842785009765625,True,PUT,2027-01-15,HL
HL270115P00030000,30.0,11.14,10.55,12.25,2.0,403.0,0.901246104736328,True,PUT,2027-01-15,HL
HL270115P00032000,32.0,12.27,12.15,13.3,1.0,40.0,0.8881847119140623,True,PUT,2027-01-15,HL
HL280121C00020000,20.0,14.8,13.65,15.95,35.0,3307.0,0.9105233557128907,True,CALL,2028-01-21,HL
HL280121C00022000,22.0,15.15,13.4,14.75,2.0,854.0,0.9038095556640625,True,CALL,2028-01-21,HL
HL280121C00025000,25.0,13.6,13.3,13.95,127.0,2268.0,0.9414068359375,True,CALL,2028-01-21,HL
HL280121C00027000,27.0,12.1,12.45,13.7,8.0,419.0,0.9389654541015625,False,CALL,2028-01-21,HL
HL280121C00030000,30.0,12.25,11.9,12.6,80.0,3032.0,0.930664755859375,False,CALL,2028-01-21,HL
HL280121C00032000,32.0,11.57,11.05,12.15,173.0,200.0,0.9149178430175782,False,CALL,2028-01-21,HL
HL280121P00020000,20.0,6.95,6.75,7.2,107.0,368.0,0.8081073876953124,False,PUT,2028-01-21,HL
HL280121P00022000,22.0,7.2,7.4,8.5,5.0,31.0,0.7817404638671875,False,PUT,2028-01-21,HL
HL280121P00025000,25.0,9.76,9.5,11.15,1.0,25.0,0.8120135986328124,False,PUT,2028-01-21,HL
HL280121P00027000,27.0,11.43,10.65,12.3,155.0,36.0,0.7913839221191408,True,PUT,2028-01-21,HL
HL280121P00030000,30.0,13.85,13.3,15.2,13.0,23.0,0.8349625878906248,True,PUT,2028-01-21,HL
HL280121P00032000,32.0,14.19,14.15,15.95,2.0,17.0,0.7824728784179689,True,PUT,2028-01-21,HL
HLN260220C00007500,7.5,2.5,2.3,3.9,4.0,20.0,1.3671906640625,True,CALL,2026-02-20,HLN
HLN260220C00010000,10.0,0.45,0.35,0.5,32.0,636.0,0.31250687499999996,True,CALL,2026-02-20,HLN
HLN260220C00012500,12.5,0.04,0.0,0.05,1.0,497.0,0.5312546875,False,CALL,2026-02-20,HLN
HLN260220P00007500,7.5,0.1,0.0,0.15,11.0,160.0,0.914063359375,False,PUT,2026-02-20,HLN
HLN260220P00010000,10.0,0.35,0.0,0.25,1.0,172.0,0.38086556640624997,False,PUT,2026-02-20,HLN
HLN260320C00010000,10.0,0.6,0.5,0.65,,5.0,0.31445998046874996,True,CALL,2026-03-20,HLN
HLN260515C00007500,7.5,2.7,2.2,3.1,6.0,21.0,0.6337927246093751,True,CALL,2026-05-15,HLN
HLN260515C00010000,10.0,0.7,0.3,0.95,1.0,380.0,0.35742830078125,True,CALL,2026-05-15,HLN
HLN260515C00012500,12.5,0.1,0.0,0.1,10.0,352.0,0.29492892578124996,False,CALL,2026-05-15,HLN
HLN260515P00007500,7.5,0.05,0.0,0.2,1.0,7.0,0.56055126953125,False,PUT,2026-05-15,HLN
HLN260515P00010000,10.0,0.44,0.05,0.75,2.0,30.0,0.4101621484375,False,PUT,2026-05-15,HLN
HLN260515P00012500,12.5,2.7,1.9,2.6,,2.0,0.49219257812500006,True,PUT,2026-05-15,HLN
HLN260821C00007500,7.5,2.65,0.85,3.4,8.0,10.0,0.6181678808593751,True,CALL,2026-08-21,HLN
HLN260821C00010000,10.0,1.11,0.9,1.3,17.0,50.0,0.37500625,True,CALL,2026-08-21,HLN
HLN260821C00012500,12.5,0.25,0.0,0.25,3.0,100.0,0.2880930566406249,False,CALL,2026-08-21,HLN
HLN260821P00007500,7.5,0.1,0.0,0.1,,4.0,0.33008482421874996,False,PUT,2026-08-21,HLN
HLN260821P00010000,10.0,0.5,0.25,0.9,7.0,11.0,0.34668622070312494,False,PUT,2026-08-21,HLN
HMY260220C00017000,17.0,8.0,5.9,8.3,4.0,1300.0,0.8203142968749999,True,CALL,2026-02-20,HMY
HMY260220C00018000,18.0,6.0,5.4,8.0,23.0,99.0,1.2890660546875,True,CALL,2026-02-20,HMY
HMY260220C00019000,19.0,4.8,4.8,7.1,3.0,1360.0,1.2832067089843748,True,CALL,2026-02-20,HMY
HMY260220C00020000,20.0,4.5,4.3,4.8,3.0,449.0,0.866212275390625,True,CALL,2026-02-20,HMY
HMY260220C00021000,21.0,4.9,3.2,4.0,2.0,628.0,0.745119736328125,True,CALL,2026-02-20,HMY
HMY260220C00022000,22.0,4.3,2.7,3.2,1.0,2873.0,0.764650791015625,True,CALL,2026-02-20,HMY
HMY260220C00023000,23.0,2.4,1.95,2.5,56.0,1294.0,0.708010732421875,True,CALL,2026-02-20,HMY
HMY260220C00024000,24.0,1.85,1.55,1.95,39.0,1041.0,0.7246121289062499,True,CALL,2026-02-20,HMY
HMY260220C00025000,25.0,1.35,1.25,1.45,990.0,2184.0,0.7334011035156249,False,CALL,2026-02-20,HMY
HMY260220C00026000,26.0,0.85,0.85,1.15,103.0,2175.0,0.72851833984375,False,CALL,2026-02-20,HMY
HMY260220C00027000,27.0,0.73,0.6,0.85,433.0,4540.0,0.7236355761718749,False,CALL,2026-02-20,HMY
HMY260220C00028000,28.0,0.55,0.4,0.7,103.0,612.0,0.7382838671874999,False,CALL,2026-02-20,HMY
HMY260220C00029000,29.0,0.54,0.25,0.7,4.0,15.0,0.788088056640625,False,CALL,2026-02-20,HMY
HMY260220C00030000,30.0,0.3,0.25,0.4,28.0,182.0,0.773439765625,False,CALL,2026-02-20,HMY
HMY260220P00017000,17.0,0.13,0.0,0.2,1.0,146.0,0.85937640625,False,PUT,2026-02-20,HMY
HMY260220P00018000,18.0,0.1,0.0,0.3,22.0,372.0,0.8125018749999999,False,PUT,2026-02-20,HMY
HMY260220P00019000,19.0,0.2,0.1,0.35,8.0,429.0,0.7695335546875001,False,PUT,2026-02-20,HMY
HMY260220P00020000,20.0,0.3,0.25,0.45,6.0,445.0,0.7421900781249999,False,PUT,2026-02-20,HMY
HMY260220P00021000,21.0,0.5,0.35,0.65,9.0,990.0,0.6982452050781252,False,PUT,2026-02-20,HMY
HMY260220P00022000,22.0,0.84,0.65,0.9,12.0,292.0,0.6884796777343751,False,PUT,2026-02-20,HMY
HMY260220P00023000,23.0,1.14,1.0,1.25,117.0,416.0,0.6728548339843752,False,PUT,2026-02-20,HMY
HMY260220P00024000,24.0,1.6,1.45,1.75,54.0,15.0,0.6704134521484376,False,PUT,2026-02-20,HMY
HMY260220P00025000,25.0,2.15,2.0,2.5,11.0,111.0,0.700198310546875,True,PUT,2026-02-20,HMY
HMY260320C00017000,17.0,7.6,6.7,9.2,11.0,842.0,1.105961501464844,True,CALL,2026-03-20,HMY
HMY260320C00018000,18.0,7.3,6.1,7.4,3.0,558.0,0.8896495410156249,True,CALL,2026-03-20,HMY
HMY260320C00019000,19.0,7.07,5.2,6.8,2.0,293.0,0.8818371191406249,True,CALL,2026-03-20,HMY
HMY260320C00020000,20.0,4.75,4.8,5.2,26.0,3904.0,0.76367423828125,True,CALL,2026-03-20,HMY
HMY260320C00021000,21.0,5.1,3.6,4.9,21.0,132.0,0.7329128271484374,True,CALL,2026-03-20,HMY
HMY260320C00022000,22.0,4.73,3.3,4.1,1.0,2208.0,0.7500025,True,CALL,2026-03-20,HMY
HMY260320C00023000,23.0,2.9,2.7,3.2,120.0,672.0,0.6879914013671876,True,CALL,2026-03-20,HMY
HMY260320C00024000,24.0,2.35,2.25,2.75,10.0,146.0,0.6972686523437501,True,CALL,2026-03-20,HMY
HMY260320C00025000,25.0,2.1,2.0,2.3,377.0,1820.0,0.7163114306640624,False,CALL,2026-03-20,HMY
HMY260320C00026000,26.0,1.75,1.5,1.9,23.0,1189.0,0.6914093359375001,False,CALL,2026-03-20,HMY
HMY260320C00027000,27.0,1.45,1.2,1.55,7.0,631.0,0.68555001953125,False,CALL,2026-03-20,HMY
HMY260320C00028000,28.0,1.3,0.95,1.3,4.0,183.0,0.6875031250000001,False,CALL,2026-03-20,HMY
HMY260320C00029000,29.0,0.92,0.75,1.1,3.0,9.0,0.6918976123046876,False,CALL,2026-03-20,HMY
HMY260320C00030000,30.0,0.8,0.65,0.95,7.0,268.0,0.710940390625,False,CALL,2026-03-20,HMY
HMY260320P00017000,17.0,0.3,0.0,0.75,2.0,236.0,0.804689453125,False,PUT,2026-03-20,HMY
HMY260320P00018000,18.0,0.4,0.3,0.4,1.0,164.0,0.6884796777343751,False,PUT,2026-03-20,HMY
HMY260320P00019000,19.0,0.45,0.1,0.75,25.0,94.0,0.631839619140625,False,PUT,2026-03-20,HMY
HMY260320P00020000,20.0,0.71,0.6,0.85,2.0,1673.0,0.6640658593750002,False,PUT,2026-03-20,HMY
HMY260320P00021000,21.0,0.8,0.4,1.25,4.0,698.0,0.5918009570312501,False,PUT,2026-03-20,HMY
HMY260320P00022000,22.0,1.35,1.2,1.45,70.0,1370.0,0.639652041015625,False,PUT,2026-03-20,HMY
HMY260320P00023000,23.0,1.36,1.4,2.25,14.0,379.0,0.6577182666015625,False,PUT,2026-03-20,HMY
HMY260320P00024000,24.0,1.65,1.3,2.5,6.0,17.0,0.534184345703125,False,PUT,2026-03-20,HMY
HMY260320P00025000,25.0,2.9,2.7,2.95,10.0,101.0,0.6313513427734375,True,PUT,2026-03-20,HMY
HMY260320P00026000,26.0,3.4,3.2,3.6,31.0,3.0,0.6113320117187502,True,PUT,2026-03-20,HMY
HMY260320P00029000,29.0,9.77,4.0,7.0,4.0,3.0,0.5473678076171876,True,PUT,2026-03-20,HMY
HMY260515C00017000,17.0,6.7,6.6,9.1,22.0,54.0,0.729494892578125,True,CALL,2026-05-15,HMY
HMY260515C00018000,18.0,7.5,6.6,7.3,2.0,111.0,0.6777375976562501,True,CALL,2026-05-15,HMY
HMY260515C00019000,19.0,5.75,5.1,8.0,3.0,111.0,0.7573266455078126,True,CALL,2026-05-15,HMY
HMY260515C00020000,20.0,5.78,5.2,5.9,4.0,859.0,0.6655306884765627,True,CALL,2026-05-15,HMY
HMY260515C00021000,21.0,4.26,4.5,6.2,30.0,124.0,0.7553735400390625,True,CALL,2026-05-15,HMY
HMY260515C00022000,22.0,5.1,4.0,4.7,5.0,529.0,0.6557651611328126,True,CALL,2026-05-15,HMY
HMY260515C00023000,23.0,3.73,3.6,4.4,1.0,77.0,0.6865265722656251,True,CALL,2026-05-15,HMY
HMY260515C00024000,24.0,3.4,3.0,3.7,20.0,469.0,0.6472203247070312,True,CALL,2026-05-15,HMY
HMY260515C00025000,25.0,3.1,2.7,3.2,39.0,704.0,0.6489292919921875,False,CALL,2026-05-15,HMY
HMY260515C00026000,26.0,3.05,2.25,3.6,17.0,48.0,0.7143583251953125,False,CALL,2026-05-15,HMY
HMY260515C00027000,27.0,3.1,1.9,3.3,63.0,68.0,0.7148466015625,False,CALL,2026-05-15,HMY
HMY260515C00028000,28.0,2.3,1.75,3.3,1.0,33.0,0.7578149218750001,False,CALL,2026-05-15,HMY
HMY260515C00029000,29.0,1.94,1.4,2.7,1.0,37.0,0.7163114306640624,False,CALL,2026-05-15,HMY
HMY260515C00030000,30.0,1.5,1.4,1.75,2.0,2163.0,0.6660189648437502,False,CALL,2026-05-15,HMY
HMY260515P00017000,17.0,0.4,0.1,0.8,64.0,169.0,0.58789474609375,False,PUT,2026-05-15,HMY
HMY260515P00018000,18.0,0.83,0.25,1.2,1.0,26.0,0.6123085644531252,False,PUT,2026-05-15,HMY
HMY260515P00019000,19.0,0.8,0.95,1.4,2.0,33.0,0.6630893066406252,False,PUT,2026-05-15,HMY
HMY260515P00020000,20.0,1.0,1.2,1.6,60.0,704.0,0.6337927246093751,False,PUT,2026-05-15,HMY
HMY260515P00021000,21.0,3.0,1.0,2.15,3.0,7.0,0.585941640625,False,PUT,2026-05-15,HMY
HMY260515P00022000,22.0,2.25,1.35,2.45,5.0,38.0,0.5649457568359376,False,PUT,2026-05-15,HMY
HMY260515P00023000,23.0,2.8,1.75,3.0,10.0,16.0,0.5649457568359376,False,PUT,2026-05-15,HMY
HMY260515P00024000,24.0,4.6,2.0,3.6,,22.0,0.543949873046875,False,PUT,2026-05-15,HMY
HMY260821C00017000,17.0,9.2,8.2,9.1,1.0,17.0,0.708010732421875,True,CALL,2026-08-21,HMY
HMY260821C00018000,18.0,6.05,7.2,9.7,,1.0,0.790041162109375,True,CALL,2026-08-21,HMY
HMY260821C00019000,19.0,4.4,6.6,9.0,3.0,3.0,0.7736839038085939,True,CALL,2026-08-21,HMY
HMY260821C00020000,20.0,5.98,6.1,8.3,3.0,23.0,0.7617211328125001,True,CALL,2026-08-21,HMY
HMY260821C00021000,21.0,6.82,5.5,7.7,1.0,23.0,0.745119736328125,True,CALL,2026-08-21,HMY
HMY260821C00022000,22.0,5.64,5.0,7.3,1.0,12.0,0.7480493945312501,True,CALL,2026-08-21,HMY
HMY260821C00023000,23.0,4.2,4.5,6.8,10.0,386.0,0.7382838671874999,True,CALL,2026-08-21,HMY
HMY260821C00024000,24.0,4.7,4.2,6.1,1.0,21.0,0.7248562670898437,True,CALL,2026-08-21,HMY
HMY260821C00025000,25.0,4.2,4.1,4.5,17.0,250.0,0.65820654296875,False,CALL,2026-08-21,HMY
HMY260821C00026000,26.0,4.52,3.3,5.2,6.0,5.0,0.7009307250976562,False,CALL,2026-08-21,HMY
HMY260821C00027000,27.0,4.5,2.45,4.6,7.0,213.0,0.6455113574218749,False,CALL,2026-08-21,HMY
HMY260821C00028000,28.0,4.6,3.0,3.6,1.0,10.0,0.6562534375000001,False,CALL,2026-08-21,HMY
HMY260821C00030000,30.0,3.25,1.7,3.5,218.0,226.0,0.631839619140625,False,CALL,2026-08-21,HMY
HMY260821P00017000,17.0,1.25,0.5,2.2,4.0,109.0,0.6479527392578125,False,PUT,2026-08-21,HMY
HMY260821P00018000,18.0,1.23,0.75,2.55,10.0,20.0,0.639652041015625,False,PUT,2026-08-21,HMY
HMY260821P00019000,19.0,2.45,1.4,2.2,1.0,7.0,0.5976602734375001,False,PUT,2026-08-21,HMY
HMY260821P00020000,20.0,2.22,1.9,2.65,55.0,351.0,0.6096230444335939,False,PUT,2026-08-21,HMY
HMY260821P00021000,21.0,3.71,1.4,3.0,2.0,5.0,0.5249070947265625,False,PUT,2026-08-21,HMY
HMY260821P00022000,22.0,3.2,2.75,3.5,94.0,1.0,0.594730615234375,False,PUT,2026-08-21,HMY
HMY260821P00023000,23.0,3.7,3.3,4.0,51.0,1.0,0.5939982006835938,False,PUT,2026-08-21,HMY
HMY260821P00025000,25.0,4.1,4.3,6.0,1.0,11.0,0.6398961791992188,True,PUT,2026-08-21,HMY
HMY270115C00017000,17.0,8.6,8.5,11.2,53.0,456.0,0.726565234375,True,CALL,2027-01-15,HMY
HMY270115C00020000,20.0,7.7,7.5,7.7,15.0,1226.0,0.6323278955078125,True,CALL,2027-01-15,HMY
HMY270115C00022000,22.0,6.5,6.0,7.1,2.0,163.0,0.6176796044921876,True,CALL,2027-01-15,HMY
HMY270115C00025000,25.0,5.35,4.7,5.6,65.0,6560.0,0.5942423388671876,False,CALL,2027-01-15,HMY
HMY270115C00027000,27.0,4.75,4.3,5.7,6.0,154.0,0.6499058447265625,False,CALL,2027-01-15,HMY
HMY270115C00030000,30.0,4.0,3.5,4.3,7.0,185.0,0.6218299536132813,False,CALL,2027-01-15,HMY
HMY270115P00017000,17.0,2.8,0.05,3.8,2.0,548.0,0.5874064697265625,False,PUT,2027-01-15,HMY
HMY270115P00020000,20.0,3.4,2.65,3.5,1.0,7.0,0.5681195532226562,False,PUT,2027-01-15,HMY
HMY270115P00025000,25.0,5.2,3.8,7.1,1.0,2289.0,0.5207567456054687,True,PUT,2027-01-15,HMY
HMY280121C00017000,17.0,10.35,9.9,13.0,2.0,18.0,0.6748079394531252,True,CALL,2028-01-21,HMY
HMY280121C00020000,20.0,11.1,8.8,10.8,3.0,70.0,0.6392858337402343,True,CALL,2028-01-21,HMY
HMY280121C00022000,22.0,9.8,7.7,10.5,6.0,69.0,0.6447789428710937,True,CALL,2028-01-21,HMY
HMY280121C00025000,25.0,8.05,6.5,9.2,3.0,34.0,0.6248816809082032,False,CALL,2028-01-21,HMY
HMY280121C00027000,27.0,9.6,5.5,9.0,1.0,8.0,0.6246375427246094,False,CALL,2028-01-21,HMY
HMY280121C00030000,30.0,4.55,5.0,8.5,1.0,69.0,0.64648791015625,False,CALL,2028-01-21,HMY
HMY280121P00017000,17.0,3.73,0.5,5.0,1.0,117.0,0.7355983471679688,False,PUT,2028-01-21,HMY
HMY280121P00020000,20.0,4.81,2.15,6.2,1.0,157.0,0.6784700122070313,False,PUT,2028-01-21,HMY
HMY280121P00022000,22.0,6.0,3.0,6.0,1.0,9.0,0.5532271240234375,False,PUT,2028-01-21,HMY
HMY280121P00030000,30.0,10.9,8.5,13.0,1.0,1.0,0.6674837939453127,True,PUT,2028-01-21,HMY
HOOD260130C00075000,75.0,32.7,23.85,27.6,28.0,10.0,2.69531576171875,True,CALL,2026-01-30,HOOD
HOOD260130C00080000,80.0,20.32,20.2,22.5,18.0,102.0,2.7168000830078123,True,CALL,2026-01-30,HOOD
HOOD260130C00085000,85.0,16.2,14.7,17.45,59.0,41.0,1.99609376953125,True,CALL,2026-01-30,HOOD
HOOD260130C00090000,90.0,10.6,10.15,12.55,62.0,43.0,1.6367205664062499,True,CALL,2026-01-30,HOOD
HOOD260130C00095000,95.0,6.5,5.45,6.75,243.0,62.0,0.9697268652343749,True,CALL,2026-01-30,HOOD
HOOD260130C00097000,97.0,4.95,3.5,4.25,38.0,97.0,0.649417568359375,True,CALL,2026-01-30,HOOD
HOOD260130C00098000,98.0,3.4,2.73,3.25,77.0,136.0,0.5795940478515625,True,CALL,2026-01-30,HOOD
HOOD260130C00099000,99.0,2.3,2.13,2.25,208.0,2074.0,0.5239305419921875,True,CALL,2026-01-30,HOOD
HOOD260130C00100000,100.0,1.65,1.59,1.74,2465.0,362.0,0.5361374511718751,True,CALL,2026-01-30,HOOD
HOOD260130C00101000,101.0,1.15,1.1,1.15,2152.0,403.0,0.507817421875,False,CALL,2026-01-30,HOOD
HOOD260130C00102000,102.0,0.74,0.74,0.81,3452.0,358.0,0.5097705273437501,False,CALL,2026-01-30,HOOD
HOOD260130C00103000,103.0,0.52,0.48,0.55,4221.0,429.0,0.5117236328125,False,CALL,2026-01-30,HOOD
HOOD260130C00104000,104.0,0.31,0.3,0.4,5704.0,1049.0,0.524418818359375,False,CALL,2026-01-30,HOOD
HOOD260130C00105000,105.0,0.22,0.2,0.23,7816.0,3698.0,0.523442265625,False,CALL,2026-01-30,HOOD
HOOD260130C00106000,106.0,0.14,0.14,0.16,2702.0,1922.0,0.5449264257812501,False,CALL,2026-01-30,HOOD
HOOD260130C00107000,107.0,0.1,0.08,0.11,4628.0,3345.0,0.55273884765625,False,CALL,2026-01-30,HOOD
HOOD260130C00108000,108.0,0.08,0.06,0.08,2881.0,7194.0,0.57812921875,False,CALL,2026-01-30,HOOD
HOOD260130C00109000,109.0,0.05,0.05,0.08,1421.0,5243.0,0.6250037500000001,False,CALL,2026-01-30,HOOD
HOOD260130C00110000,110.0,0.05,0.04,0.06,7593.0,11630.0,0.6523472265625001,False,CALL,2026-01-30,HOOD
HOOD260130C00111000,111.0,0.04,0.03,0.05,7028.0,8454.0,0.6796907031250001,False,CALL,2026-01-30,HOOD
HOOD260130C00112000,112.0,0.04,0.03,0.05,5231.0,9654.0,0.726565234375,False,CALL,2026-01-30,HOOD
HOOD260130C00113000,113.0,0.03,0.02,0.03,921.0,8097.0,0.726565234375,False,CALL,2026-01-30,HOOD
HOOD260130C00114000,114.0,0.03,0.02,0.05,415.0,2980.0,0.8125018749999999,False,CALL,2026-01-30,HOOD
HOOD260130C00115000,115.0,0.02,0.02,0.03,1280.0,8887.0,0.8203142968749999,False,CALL,2026-01-30,HOOD
HOOD260130C00116000,116.0,0.02,0.02,0.03,3126.0,3824.0,0.85937640625,False,CALL,2026-01-30,HOOD
HOOD260130C00117000,117.0,0.02,0.01,0.04,7475.0,10739.0,0.9062509375,False,CALL,2026-01-30,HOOD
HOOD260130C00118000,118.0,0.02,0.01,0.03,4567.0,7783.0,0.92187578125,False,CALL,2026-01-30,HOOD
HOOD260130C00119000,119.0,0.02,0.01,0.03,181.0,1082.0,0.9609378906249999,False,CALL,2026-01-30,HOOD
HOOD260130C00120000,120.0,0.01,0.01,0.03,1341.0,7360.0,1.000005,False,CALL,2026-01-30,HOOD
HOOD260130C00121000,121.0,0.01,0.01,0.06,66.0,901.0,1.1171919140625,False,CALL,2026-01-30,HOOD
HOOD260130C00122000,122.0,0.01,0.01,0.04,224.0,1048.0,1.109379453125,False,CALL,2026-01-30,HOOD
HOOD260130C00123000,123.0,0.01,0.0,0.03,39.0,818.0,1.0781296093750001,False,CALL,2026-01-30,HOOD
HOOD260130C00124000,124.0,0.01,0.0,0.02,33.0,506.0,1.0781296093750001,False,CALL,2026-01-30,HOOD
HOOD260130C00125000,125.0,0.01,0.0,0.01,119.0,2751.0,1.0312548437500002,False,CALL,2026-01-30,HOOD
HOOD260130C00126000,126.0,0.01,0.0,0.01,2.0,1020.0,1.0625046875000002,False,CALL,2026-01-30,HOOD
HOOD260130C00127000,127.0,0.02,0.0,0.01,19.0,826.0,1.09375453125,False,CALL,2026-01-30,HOOD
HOOD260130C00128000,128.0,0.01,0.0,0.14,5.0,492.0,1.5312523437499999,False,CALL,2026-01-30,HOOD
HOOD260130C00129000,129.0,0.14,0.0,0.22,1.0,211.0,1.68359533203125,False,CALL,2026-01-30,HOOD
HOOD260130C00130000,130.0,0.01,0.0,0.01,128.0,2569.0,1.1875040625,False,CALL,2026-01-30,HOOD
HOOD260130P00075000,75.0,0.02,0.0,0.03,5.0,95.0,1.5156274218749999,False,PUT,2026-01-30,HOOD
HOOD260130P00080000,80.0,0.02,0.0,0.04,5.0,506.0,1.2500037499999999,False,PUT,2026-01-30,HOOD
HOOD260130P00085000,85.0,0.01,0.0,0.01,957.0,1728.0,0.8125018749999999,False,PUT,2026-01-30,HOOD
HOOD260130P00090000,90.0,0.05,0.02,0.09,450.0,1850.0,0.7500025,False,PUT,2026-01-30,HOOD
HOOD260130P00091000,91.0,0.07,0.0,0.08,18.0,29.0,0.648441015625,False,PUT,2026-01-30,HOOD
HOOD260130P00092000,92.0,0.05,0.04,0.11,240.0,240.0,0.6562534375000001,False,PUT,2026-01-30,HOOD
HOOD260130P00093000,93.0,0.08,0.06,0.11,103.0,109.0,0.6015664843750002,False,PUT,2026-01-30,HOOD
HOOD260130P00094000,94.0,0.11,0.07,0.12,154.0,394.0,0.5429733203125001,False,PUT,2026-01-30,HOOD
HOOD260130P00095000,95.0,0.15,0.12,0.16,2135.0,3459.0,0.51562984375,False,PUT,2026-01-30,HOOD
HOOD260130P00096000,96.0,0.2,0.17,0.24,1568.0,414.0,0.508793974609375,False,PUT,2026-01-30,HOOD
HOOD260130P00097000,97.0,0.32,0.3,0.35,989.0,895.0,0.47949739257812496,False,PUT,2026-01-30,HOOD
HOOD260130P00098000,98.0,0.53,0.53,0.55,2386.0,3688.0,0.4672904833984375,False,PUT,2026-01-30,HOOD
HOOD260130P00099000,99.0,0.75,0.76,0.85,3416.0,5773.0,0.459966337890625,False,PUT,2026-01-30,HOOD
HOOD260130P00100000,100.0,1.22,1.1,1.22,12984.0,11484.0,0.43945873046875,False,PUT,2026-01-30,HOOD
HOOD260130P00101000,101.0,1.69,1.6,1.75,4169.0,2794.0,0.4331111376953125,True,PUT,2026-01-30,HOOD
HOOD260130P00102000,102.0,2.34,2.22,2.35,4052.0,2812.0,0.407232490234375,True,PUT,2026-01-30,HOOD
HOOD260130P00103000,103.0,3.08,2.95,3.1,1467.0,3537.0,0.39063109375,True,PUT,2026-01-30,HOOD
HOOD260130P00104000,104.0,3.82,3.75,4.4,697.0,2727.0,0.6279334082031252,True,PUT,2026-01-30,HOOD
HOOD260130P00105000,105.0,4.7,4.5,5.05,629.0,5337.0,0.5195360546875,True,PUT,2026-01-30,HOOD
HOOD260130P00106000,106.0,5.6,5.5,5.8,756.0,2457.0,1.0000000000000003e-05,True,PUT,2026-01-30,HOOD
HOOD260130P00107000,107.0,6.27,6.35,6.85,454.0,2175.0,0.38281867187499996,True,PUT,2026-01-30,HOOD
HOOD260130P00108000,108.0,7.3,7.1,7.75,317.0,1893.0,1.0000000000000003e-05,True,PUT,2026-01-30,HOOD
HOOD260130P00109000,109.0,8.22,8.1,9.0,87.0,2049.0,0.7480493945312501,True,PUT,2026-01-30,HOOD
HOOD260130P00110000,110.0,9.2,9.1,9.95,311.0,3225.0,0.7500025,True,PUT,2026-01-30,HOOD
HOOD260130P00111000,111.0,10.26,9.95,10.9,46.0,652.0,0.726565234375,True,PUT,2026-01-30,HOOD
HOOD260130P00112000,112.0,11.44,10.95,11.9,117.0,838.0,0.7773459765625,True,PUT,2026-01-30,HOOD
HOOD260130P00113000,113.0,12.3,11.95,12.75,158.0,779.0,1.0000000000000003e-05,True,PUT,2026-01-30,HOOD
HOOD260130P00114000,114.0,12.4,12.75,13.75,45.0,576.0,1.0000000000000003e-05,True,PUT,2026-01-30,HOOD
HOOD260130P00115000,115.0,14.31,14.15,14.95,154.0,1359.0,1.0234423828125,True,PUT,2026-01-30,HOOD
HOOD260130P00116000,116.0,15.27,15.05,15.75,1035.0,1398.0,1.0000000000000003e-05,True,PUT,2026-01-30,HOOD
HOOD260130P00117000,117.0,15.56,15.85,16.9,37.0,906.0,1.0234423828125,True,PUT,2026-01-30,HOOD
HOOD260130P00118000,118.0,17.05,16.55,18.05,26.0,820.0,1.3261752441406247,True,PUT,2026-01-30,HOOD
HOOD260130P00119000,119.0,18.14,18.0,18.85,9.0,199.0,0.8906260937499999,True,PUT,2026-01-30,HOOD
HOOD260130P00120000,120.0,18.74,18.8,19.85,66.0,253.0,0.937500625,True,PUT,2026-01-30,HOOD
HOOD260130P00121000,121.0,19.71,18.75,20.95,2.0,109.0,1.32422212890625,True,PUT,2026-01-30,HOOD
HOOD260130P00122000,122.0,20.0,19.55,22.3,43.0,162.0,1.8085947070312498,True,PUT,2026-01-30,HOOD
HOOD260130P00123000,123.0,20.13,20.55,23.45,15.0,64.0,1.994140654296875,True,PUT,2026-01-30,HOOD
HOOD260130P00124000,124.0,24.02,21.55,24.85,2.0,43.0,2.339847900390624,True,PUT,2026-01-30,HOOD
HOOD260130P00125000,125.0,22.98,24.0,25.6,6.0,48.0,2.2246138134765623,True,PUT,2026-01-30,HOOD
HOOD260130P00126000,126.0,23.47,23.55,27.2,4.0,0.0,2.67969080078125,True,PUT,2026-01-30,HOOD
HOOD260130P00127000,127.0,22.5,24.5,28.2,1.0,0.0,2.7412140844726567,True,PUT,2026-01-30,HOOD
HOOD260130P00128000,128.0,21.32,25.45,29.2,5.0,0.0,2.8017608081054686,True,PUT,2026-01-30,HOOD
HOOD260130P00129000,129.0,22.26,26.55,30.2,1.0,0.0,2.8613309716796875,True,PUT,2026-01-30,HOOD
HOOD260130P00130000,130.0,24.85,27.45,31.2,5.0,7.0,2.9199245751953127,True,PUT,2026-01-30,HOOD
HOOD260206C00075000,75.0,31.1,25.3,27.6,2.0,6.0,1.5810567822265622,True,CALL,2026-02-06,HOOD
HOOD260206C00080000,80.0,20.5,20.35,22.7,26.0,38.0,1.3378939355468746,True,CALL,2026-02-06,HOOD
HOOD260206C00085000,85.0,15.5,15.4,16.75,36.0,34.0,0.9414068359375,True,CALL,2026-02-06,HOOD
HOOD260206C00086000,86.0,21.01,14.25,16.35,,1.0,0.9599613378906249,True,CALL,2026-02-06,HOOD
HOOD260206C00087000,87.0,16.03,13.1,15.45,1.0,1.0,0.9028330029296875,True,CALL,2026-02-06,HOOD
HOOD260206C00088000,88.0,14.5,12.65,14.5,1.0,35.0,0.9311530322265625,True,CALL,2026-02-06,HOOD
HOOD260206C00089000,89.0,14.0,11.75,12.3,1.0,25.0,0.73437765625,True,CALL,2026-02-06,HOOD
HOOD260206C00090000,90.0,11.3,10.65,12.35,150.0,347.0,0.8081073876953124,True,CALL,2026-02-06,HOOD
HOOD260206C00091000,91.0,9.95,9.8,10.4,84.0,24.0,0.65820654296875,True,CALL,2026-02-06,HOOD
HOOD260206C00092000,92.0,10.37,8.9,9.75,24.0,23.0,0.6626010302734376,True,CALL,2026-02-06,HOOD
HOOD260206C00093000,93.0,10.0,8.3,8.65,7.0,27.0,0.6435582519531251,True,CALL,2026-02-06,HOOD
HOOD260206C00094000,94.0,8.61,7.55,8.15,11.0,22.0,0.6657748266601564,True,CALL,2026-02-06,HOOD
HOOD260206C00095000,95.0,7.2,6.8,7.15,44.0,321.0,0.6315954809570312,True,CALL,2026-02-06,HOOD
HOOD260206C00096000,96.0,7.3,6.0,6.5,24.0,28.0,0.6210975390625001,True,CALL,2026-02-06,HOOD
HOOD260206C00097000,97.0,6.45,5.4,5.8,99.0,24.0,0.6176796044921876,True,CALL,2026-02-06,HOOD
HOOD260206C00098000,98.0,6.02,4.75,5.3,96.0,53.0,0.6203651245117189,True,CALL,2026-02-06,HOOD
HOOD260206C00099000,99.0,4.65,4.2,4.5,55.0,46.0,0.6001016552734376,True,CALL,2026-02-06,HOOD
HOOD260206C00100000,100.0,3.95,3.65,3.95,660.0,897.0,0.5935099243164064,True,CALL,2026-02-06,HOOD
HOOD260206C00101000,101.0,3.32,3.2,3.45,433.0,25.0,0.5922892333984376,False,CALL,2026-02-06,HOOD
HOOD260206C00102000,102.0,3.05,2.76,2.89,524.0,77.0,0.5800823242187501,False,CALL,2026-02-06,HOOD
HOOD260206C00103000,103.0,2.45,2.3,2.47,575.0,212.0,0.5705609350585938,False,CALL,2026-02-06,HOOD
HOOD260206C00104000,104.0,2.04,1.99,2.13,1253.0,283.0,0.5732464550781251,False,CALL,2026-02-06,HOOD
HOOD260206C00105000,105.0,1.75,1.75,1.75,5351.0,2100.0,0.5720257641601563,False,CALL,2026-02-06,HOOD
HOOD260206C00106000,106.0,1.45,1.45,1.55,4754.0,801.0,0.5751995605468749,False,CALL,2026-02-06,HOOD
HOOD260206C00107000,107.0,1.23,1.23,1.35,858.0,1487.0,0.5800823242187501,False,CALL,2026-02-06,HOOD
HOOD260206C00108000,108.0,1.06,0.99,1.13,860.0,2869.0,0.5747112841796875,False,CALL,2026-02-06,HOOD
HOOD260206C00109000,109.0,0.9,0.82,0.96,848.0,5108.0,0.57617611328125,False,CALL,2026-02-06,HOOD
HOOD260206C00110000,110.0,0.72,0.69,0.77,5755.0,4556.0,0.5742230078125,False,CALL,2026-02-06,HOOD
HOOD260206C00111000,111.0,0.64,0.57,0.64,435.0,779.0,0.5751995605468749,False,CALL,2026-02-06,HOOD
HOOD260206C00112000,112.0,0.49,0.47,0.55,4388.0,765.0,0.5795940478515625,False,CALL,2026-02-06,HOOD
HOOD260206C00113000,113.0,0.38,0.32,0.46,409.0,2027.0,0.569340244140625,False,CALL,2026-02-06,HOOD
HOOD260206C00114000,114.0,0.33,0.29,0.36,530.0,848.0,0.5732464550781251,False,CALL,2026-02-06,HOOD
HOOD260206C00115000,115.0,0.29,0.26,0.31,1721.0,3214.0,0.5844768115234374,False,CALL,2026-02-06,HOOD
HOOD260206C00116000,116.0,0.25,0.23,0.26,179.0,1297.0,0.5927775097656252,False,CALL,2026-02-06,HOOD
HOOD260206C00117000,117.0,0.22,0.19,0.21,181.0,804.0,0.5937540625000001,False,CALL,2026-02-06,HOOD
HOOD260206C00118000,118.0,0.16,0.17,0.18,254.0,3135.0,0.6035195898437502,False,CALL,2026-02-06,HOOD
HOOD260206C00119000,119.0,0.13,0.1,0.17,106.0,665.0,0.5996133789062501,False,CALL,2026-02-06,HOOD
HOOD260206C00120000,120.0,0.13,0.12,0.14,962.0,2788.0,0.6191444335937502,False,CALL,2026-02-06,HOOD
HOOD260206C00121000,121.0,0.12,0.1,0.25,243.0,791.0,0.6757844921875001,False,CALL,2026-02-06,HOOD
HOOD260206C00122000,122.0,0.08,0.08,0.11,1136.0,1499.0,0.63086306640625,False,CALL,2026-02-06,HOOD
HOOD260206C00123000,123.0,0.06,0.02,0.12,57.0,1742.0,0.62305064453125,False,CALL,2026-02-06,HOOD
HOOD260206C00124000,124.0,0.07,0.05,0.07,9.0,624.0,0.6289099609375001,False,CALL,2026-02-06,HOOD
HOOD260206C00125000,125.0,0.06,0.05,0.07,323.0,1708.0,0.648441015625,False,CALL,2026-02-06,HOOD
HOOD260206C00126000,126.0,0.04,0.01,0.07,4.0,261.0,0.632816171875,False,CALL,2026-02-06,HOOD
HOOD260206C00127000,127.0,0.05,0.03,0.06,24.0,255.0,0.6621127539062501,False,CALL,2026-02-06,HOOD
HOOD260206C00128000,128.0,0.04,0.0,0.06,28.0,258.0,0.648441015625,False,CALL,2026-02-06,HOOD
HOOD260206C00129000,129.0,0.04,0.01,0.07,14.0,380.0,0.6875031250000001,False,CALL,2026-02-06,HOOD
HOOD260206C00130000,130.0,0.04,0.03,0.04,379.0,3192.0,0.6953155468750001,False,CALL,2026-02-06,HOOD
HOOD260206P00075000,75.0,0.02,0.0,0.06,17.0,485.0,0.773439765625,False,PUT,2026-02-06,HOOD
HOOD260206P00080000,80.0,0.06,0.02,0.1,403.0,1057.0,0.6796907031250001,False,PUT,2026-02-06,HOOD
HOOD260206P00085000,85.0,0.17,0.12,0.24,58.0,535.0,0.6269568554687501,False,PUT,2026-02-06,HOOD
HOOD260206P00087000,87.0,0.3,0.22,0.4,2099.0,6.0,0.6250037500000001,False,PUT,2026-02-06,HOOD
HOOD260206P00088000,88.0,0.34,0.28,0.46,205.0,52.0,0.6113320117187502,False,PUT,2026-02-06,HOOD
HOOD260206P00089000,89.0,0.43,0.35,0.52,40.0,199.0,0.59570716796875,False,PUT,2026-02-06,HOOD
HOOD260206P00090000,90.0,0.57,0.52,0.59,420.0,1248.0,0.594730615234375,False,PUT,2026-02-06,HOOD
HOOD260206P00091000,91.0,0.54,0.56,0.76,156.0,492.0,0.5820354296875,False,PUT,2026-02-06,HOOD
HOOD260206P00092000,92.0,0.81,0.73,0.81,202.0,1663.0,0.5654340332031251,False,PUT,2026-02-06,HOOD
HOOD260206P00093000,93.0,0.97,0.9,1.05,225.0,1992.0,0.567387138671875,False,PUT,2026-02-06,HOOD
HOOD260206P00094000,94.0,1.19,1.09,1.25,1907.0,2196.0,0.5590864404296876,False,PUT,2026-02-06,HOOD
HOOD260206P00095000,95.0,1.45,1.32,1.49,2457.0,2234.0,0.55273884765625,False,PUT,2026-02-06,HOOD
HOOD260206P00096000,96.0,1.69,1.69,1.77,1287.0,4811.0,0.5561567822265626,False,PUT,2026-02-06,HOOD
HOOD260206P00097000,97.0,1.94,1.9,2.08,517.0,268.0,0.5400436621093752,False,PUT,2026-02-06,HOOD
HOOD260206P00098000,98.0,2.29,2.24,2.42,194.0,553.0,0.5314988256835937,False,PUT,2026-02-06,HOOD
HOOD260206P00099000,99.0,2.8,2.65,2.83,658.0,433.0,0.5271043383789062,False,PUT,2026-02-06,HOOD
HOOD260206P00100000,100.0,3.19,3.05,3.3,1993.0,4460.0,0.5192919165039063,False,PUT,2026-02-06,HOOD
HOOD260206P00101000,101.0,3.75,3.55,3.9,372.0,1075.0,0.5219774365234374,True,PUT,2026-02-06,HOOD
HOOD260206P00102000,102.0,4.27,4.2,4.45,966.0,377.0,0.5251512329101562,True,PUT,2026-02-06,HOOD
HOOD260206P00103000,103.0,4.75,4.65,4.95,370.0,1057.0,0.500005,True,PUT,2026-02-06,HOOD
HOOD260206P00104000,104.0,5.42,5.35,5.65,153.0,917.0,0.5041553491210937,True,PUT,2026-02-06,HOOD
HOOD260206P00105000,105.0,6.15,6.0,6.55,480.0,3783.0,0.5148974291992188,True,PUT,2026-02-06,HOOD
HOOD260206P00106000,106.0,6.2,6.5,7.1,141.0,691.0,0.5293015820312501,True,PUT,2026-02-06,HOOD
HOOD260206P00107000,107.0,7.52,7.3,7.9,128.0,608.0,0.5327195166015625,True,PUT,2026-02-06,HOOD
HOOD260206P00108000,108.0,8.19,7.75,8.6,140.0,845.0,0.5063525927734375,True,PUT,2026-02-06,HOOD
HOOD260206P00109000,109.0,8.8,8.6,9.35,151.0,730.0,0.47803256347656253,True,PUT,2026-02-06,HOOD
HOOD260206P00110000,110.0,9.8,9.9,10.2,189.0,2461.0,0.46484910156250003,True,PUT,2026-02-06,HOOD
HOOD260206P00111000,111.0,10.74,10.6,11.15,27.0,557.0,0.47803256347656253,True,PUT,2026-02-06,HOOD
HOOD260206P00112000,112.0,11.7,11.2,12.35,67.0,568.0,0.5795940478515625,True,PUT,2026-02-06,HOOD
HOOD260206P00113000,113.0,12.76,12.25,13.2,17.0,519.0,0.5585981640625001,True,PUT,2026-02-06,HOOD
HOOD260206P00114000,114.0,12.93,13.05,14.2,31.0,309.0,0.58789474609375,True,PUT,2026-02-06,HOOD
HOOD260206P00115000,115.0,14.46,14.05,14.95,90.0,805.0,0.48340360351562506,True,PUT,2026-02-06,HOOD
HOOD260206P00116000,116.0,15.42,15.05,16.05,23.0,367.0,0.5742230078125,True,PUT,2026-02-06,HOOD
HOOD260206P00117000,117.0,15.56,15.5,17.05,27.0,231.0,0.5996133789062501,True,PUT,2026-02-06,HOOD
HOOD260206P00118000,118.0,17.02,15.6,18.05,68.0,580.0,0.6250037500000001,True,PUT,2026-02-06,HOOD
HOOD260206P00119000,119.0,17.13,16.55,19.25,4.0,102.0,0.7509790527343749,True,PUT,2026-02-06,HOOD
HOOD260206P00120000,120.0,19.2,19.0,19.85,12.0,268.0,0.437505625,True,PUT,2026-02-06,HOOD
HOOD260206P00121000,121.0,19.1,18.55,21.25,2.0,93.0,0.804689453125,True,PUT,2026-02-06,HOOD
HOOD260206P00122000,122.0,19.72,19.55,22.1,1.0,119.0,0.7539087109375,True,PUT,2026-02-06,HOOD
HOOD260206P00123000,123.0,21.05,20.55,23.15,10.0,125.0,0.80664255859375,True,PUT,2026-02-06,HOOD
HOOD260206P00124000,124.0,23.51,21.65,24.25,6.0,70.0,0.8818371191406249,True,PUT,2026-02-06,HOOD
HOOD260206P00125000,125.0,24.55,22.55,25.35,18.0,185.0,0.9521489160156249,True,PUT,2026-02-06,HOOD
HOOD260206P00126000,126.0,22.29,23.55,27.1,26.0,31.0,1.2348671069335935,True,PUT,2026-02-06,HOOD
HOOD260206P00127000,127.0,23.85,24.55,28.2,52.0,22.0,1.2919957275390623,True,PUT,2026-02-06,HOOD
HOOD260206P00128000,128.0,23.49,25.55,29.35,30.0,36.0,1.3627961547851561,True,PUT,2026-02-06,HOOD
HOOD260206P00129000,129.0,24.35,26.55,30.35,27.0,84.0,1.3911163256835937,True,PUT,2026-02-06,HOOD
HOOD260206P00130000,130.0,26.5,27.5,31.35,1.0,50.0,1.4194364965820312,True,PUT,2026-02-06,HOOD
HOOD260213C00075000,75.0,25.81,25.15,27.75,1.0,13.0,1.1860392260742185,True,CALL,2026-02-13,HOOD
HOOD260213C00080000,80.0,28.0,20.55,22.65,3.0,15.0,1.0210009887695315,True,CALL,2026-02-13,HOOD
HOOD260213C00085000,85.0,18.05,16.25,18.25,27.0,12.0,0.94726615234375,True,CALL,2026-02-13,HOOD
HOOD260213C00090000,90.0,13.6,12.15,12.9,7.0,30.0,0.7768577001953125,True,CALL,2026-02-13,HOOD
HOOD260213C00091000,91.0,13.0,11.65,12.55,2.0,14.0,0.8186053295898437,True,CALL,2026-02-13,HOOD
HOOD260213C00095000,95.0,9.6,9.15,9.5,129.0,12.0,0.7883321948242188,True,CALL,2026-02-13,HOOD
HOOD260213C00096000,96.0,14.83,8.55,8.95,5.0,5.0,0.7893087475585938,True,CALL,2026-02-13,HOOD
HOOD260213C00097000,97.0,7.9,7.95,8.75,8.0,11.0,0.8088398022460936,True,CALL,2026-02-13,HOOD
HOOD260213C00098000,98.0,7.32,7.2,7.7,1.0,69.0,0.7634301000976562,True,CALL,2026-02-13,HOOD
HOOD260213C00099000,99.0,7.7,6.8,7.35,69.0,48.0,0.7797873583984375,True,CALL,2026-02-13,HOOD
HOOD260213C00100000,100.0,6.61,6.4,6.55,276.0,286.0,0.7658714819335939,True,CALL,2026-02-13,HOOD
HOOD260213C00102000,102.0,5.47,5.35,5.55,291.0,23.0,0.7502466381835937,False,CALL,2026-02-13,HOOD
HOOD260213C00103000,103.0,5.1,4.9,5.1,183.0,116.0,0.7456080126953125,False,CALL,2026-02-13,HOOD
HOOD260213C00104000,104.0,5.2,4.5,4.9,70.0,115.0,0.7561059545898439,False,CALL,2026-02-13,HOOD
HOOD260213C00105000,105.0,4.25,4.2,4.35,613.0,679.0,0.7485376708984376,False,CALL,2026-02-13,HOOD
HOOD260213C00106000,106.0,4.22,3.8,4.15,125.0,499.0,0.7536645727539062,False,CALL,2026-02-13,HOOD
HOOD260213C00107000,107.0,3.66,3.45,3.75,123.0,396.0,0.7465845654296875,False,CALL,2026-02-13,HOOD
HOOD260213C00108000,108.0,3.35,3.15,3.5,141.0,313.0,0.7497583618164063,False,CALL,2026-02-13,HOOD
HOOD260213C00109000,109.0,3.23,2.81,3.25,95.0,630.0,0.7475611181640626,False,CALL,2026-02-13,HOOD
HOOD260213C00110000,110.0,2.75,2.67,2.84,1019.0,6098.0,0.745119736328125,False,CALL,2026-02-13,HOOD
HOOD260213C00111000,111.0,2.5,2.42,2.63,41.0,275.0,0.7465845654296875,False,CALL,2026-02-13,HOOD
HOOD260213C00112000,112.0,2.25,2.17,2.28,322.0,156.0,0.7351100708007812,False,CALL,2026-02-13,HOOD
HOOD260213C00113000,113.0,2.06,1.91,2.23,235.0,246.0,0.7424342163085937,False,CALL,2026-02-13,HOOD
HOOD260213C00114000,114.0,1.95,1.76,1.87,68.0,510.0,0.7319362744140624,False,CALL,2026-02-13,HOOD
HOOD260213C00115000,115.0,1.75,1.62,1.71,703.0,2888.0,0.735354208984375,False,CALL,2026-02-13,HOOD
HOOD260213C00116000,116.0,1.67,1.47,1.54,71.0,560.0,0.7351100708007812,False,CALL,2026-02-13,HOOD
HOOD260213C00117000,117.0,1.41,1.33,1.44,162.0,434.0,0.7397486962890624,False,CALL,2026-02-13,HOOD
HOOD260213C00118000,118.0,1.24,1.21,1.33,188.0,386.0,0.743166630859375,False,CALL,2026-02-13,HOOD
HOOD260213C00119000,119.0,1.12,1.12,1.17,61.0,310.0,0.743166630859375,False,CALL,2026-02-13,HOOD
HOOD260213C00120000,120.0,1.03,1.02,1.05,1136.0,2024.0,0.7436549072265625,False,CALL,2026-02-13,HOOD
HOOD260213C00121000,121.0,1.06,0.88,1.08,80.0,293.0,0.7543969873046875,False,CALL,2026-02-13,HOOD
HOOD260213C00122000,122.0,0.87,0.75,0.93,2593.0,2512.0,0.74414318359375,False,CALL,2026-02-13,HOOD
HOOD260213C00123000,123.0,0.8,0.73,0.82,66.0,263.0,0.7490259472656251,False,CALL,2026-02-13,HOOD
HOOD260213C00124000,124.0,0.71,0.67,0.75,70.0,467.0,0.752932158203125,False,CALL,2026-02-13,HOOD
HOOD260213C00125000,125.0,0.68,0.56,0.68,623.0,1476.0,0.7480493945312501,False,CALL,2026-02-13,HOOD
HOOD260213C00126000,126.0,0.59,0.53,0.65,20.0,393.0,0.7583031982421876,False,CALL,2026-02-13,HOOD
HOOD260213C00127000,127.0,0.53,0.5,0.55,66.0,255.0,0.7568383691406251,False,CALL,2026-02-13,HOOD
HOOD260213C00128000,128.0,0.51,0.46,0.52,15.0,360.0,0.76367423828125,False,CALL,2026-02-13,HOOD
HOOD260213C00129000,129.0,0.5,0.41,0.48,27.0,486.0,0.7656273437500001,False,CALL,2026-02-13,HOOD
HOOD260213C00130000,130.0,0.42,0.37,0.42,855.0,3727.0,0.764650791015625,False,CALL,2026-02-13,HOOD
HOOD260213P00075000,75.0,0.27,0.25,0.34,37.0,430.0,0.8281267187499999,False,PUT,2026-02-13,HOOD
HOOD260213P00080000,80.0,0.63,0.59,0.67,114.0,1010.0,0.8027363476562499,False,PUT,2026-02-13,HOOD
HOOD260213P00085000,85.0,1.2,1.16,1.26,181.0,604.0,0.773439765625,False,PUT,2026-02-13,HOOD
HOOD260213P00090000,90.0,2.17,2.05,2.21,955.0,2052.0,0.7395045581054687,False,PUT,2026-02-13,HOOD
HOOD260213P00091000,91.0,2.39,2.29,2.49,15.0,375.0,0.73633076171875,False,PUT,2026-02-13,HOOD
HOOD260213P00092000,92.0,2.6,2.51,2.75,37.0,56.0,0.7268093725585938,False,PUT,2026-02-13,HOOD
HOOD260213P00093000,93.0,2.87,2.74,3.1,33.0,61.0,0.7214383325195313,False,PUT,2026-02-13,HOOD
HOOD260213P00094000,94.0,3.21,3.1,3.4,2211.0,2361.0,0.7185086743164062,False,PUT,2026-02-13,HOOD
HOOD260213P00095000,95.0,3.55,3.45,3.7,304.0,1973.0,0.7116728051757812,False,PUT,2026-02-13,HOOD
HOOD260213P00096000,96.0,4.0,3.9,4.15,120.0,81.0,0.7175321215820312,False,PUT,2026-02-13,HOOD
HOOD260213P00097000,97.0,4.37,4.3,4.55,77.0,97.0,0.7136259106445313,False,PUT,2026-02-13,HOOD
HOOD260213P00098000,98.0,4.78,4.7,5.0,55.0,116.0,0.7097196997070312,False,PUT,2026-02-13,HOOD
HOOD260213P00099000,99.0,5.25,5.15,5.4,147.0,195.0,0.7023955541992188,False,PUT,2026-02-13,HOOD
HOOD260213P00100000,100.0,5.77,5.65,6.0,659.0,3476.0,0.7070341796875,False,PUT,2026-02-13,HOOD
HOOD260213P00101000,101.0,5.93,6.05,6.45,63.0,95.0,0.69336244140625,True,PUT,2026-02-13,HOOD
HOOD260213P00102000,102.0,6.69,6.65,6.95,35.0,136.0,0.6916534741210938,True,PUT,2026-02-13,HOOD
HOOD260213P00103000,103.0,7.22,7.05,7.55,44.0,809.0,0.6806672558593752,True,PUT,2026-02-13,HOOD
HOOD260213P00104000,104.0,7.73,7.65,8.1,41.0,486.0,0.6752962158203126,True,PUT,2026-02-13,HOOD
HOOD260213P00105000,105.0,8.49,8.2,8.75,103.0,2239.0,0.6699251757812501,True,PUT,2026-02-13,HOOD
HOOD260213P00106000,106.0,8.32,8.85,9.4,55.0,593.0,0.667239655761719,True,PUT,2026-02-13,HOOD
HOOD260213P00107000,107.0,9.7,9.5,10.2,78.0,602.0,0.6711458666992189,True,PUT,2026-02-13,HOOD
HOOD260213P00108000,108.0,10.53,10.0,10.75,112.0,400.0,0.6455113574218749,True,PUT,2026-02-13,HOOD
HOOD260213P00109000,109.0,10.49,10.75,11.5,20.0,289.0,0.6462437719726561,True,PUT,2026-02-13,HOOD
HOOD260213P00110000,110.0,11.8,11.45,12.2,116.0,1169.0,0.6364782446289063,True,PUT,2026-02-13,HOOD
HOOD260213P00111000,111.0,12.62,12.3,12.95,21.0,162.0,0.6381872119140625,True,PUT,2026-02-13,HOOD
HOOD260213P00112000,112.0,12.68,12.95,13.75,46.0,259.0,0.6247596118164063,True,PUT,2026-02-13,HOOD
HOOD260213P00113000,113.0,14.22,13.95,14.8,30.0,359.0,0.6577182666015625,True,PUT,2026-02-13,HOOD
HOOD260213P00114000,114.0,14.93,14.5,15.4,35.0,387.0,0.6108437353515627,True,PUT,2026-02-13,HOOD
HOOD260213P00115000,115.0,15.87,15.45,16.55,37.0,602.0,0.6462437719726561,True,PUT,2026-02-13,HOOD
HOOD260213P00116000,116.0,16.62,16.35,17.0,13.0,241.0,0.6059609716796877,True,PUT,2026-02-13,HOOD
HOOD260213P00117000,117.0,16.6,17.15,18.35,10.0,163.0,0.6459996337890624,True,PUT,2026-02-13,HOOD
HOOD260213P00118000,118.0,18.5,17.85,19.2,9.0,172.0,0.6176796044921876,True,PUT,2026-02-13,HOOD
HOOD260213P00119000,119.0,20.18,18.65,19.8,10.0,109.0,0.5546919531250001,True,PUT,2026-02-13,HOOD
HOOD260213P00120000,120.0,19.75,19.95,20.6,73.0,470.0,0.5913126806640626,True,PUT,2026-02-13,HOOD
HOOD260213P00121000,121.0,20.95,19.8,21.6,57.0,428.0,0.7026396923828125,True,PUT,2026-02-13,HOOD
HOOD260213P00122000,122.0,18.54,20.8,22.4,5.0,79.0,0.6699251757812501,True,PUT,2026-02-13,HOOD
HOOD260213P00123000,123.0,23.27,22.25,23.4,3.0,71.0,0.6904327832031252,True,PUT,2026-02-13,HOOD
HOOD260213P00124000,124.0,23.73,22.85,24.6,2.0,38.0,0.7661156201171876,True,PUT,2026-02-13,HOOD
HOOD260213P00125000,125.0,24.1,24.4,25.25,32.0,280.0,0.6806672558593752,True,PUT,2026-02-13,HOOD
HOOD260213P00126000,126.0,19.84,24.1,26.15,18.0,41.0,0.659183095703125,True,PUT,2026-02-13,HOOD
HOOD260213P00127000,127.0,27.32,25.05,27.2,2.0,22.0,0.6982452050781252,True,PUT,2026-02-13,HOOD
HOOD260213P00128000,128.0,23.3,25.8,28.25,12.0,58.0,0.735354208984375,True,PUT,2026-02-13,HOOD
HOOD260213P00129000,129.0,22.62,26.8,29.3,1.0,35.0,0.77148666015625,True,PUT,2026-02-13,HOOD
HOOD260213P00130000,130.0,29.18,28.9,30.1,1.0,108.0,0.7050810742187501,True,PUT,2026-02-13,HOOD
HOOD260220C00075000,75.0,27.28,25.7,27.05,4.0,190.0,0.971679970703125,True,CALL,2026-02-20,HOOD
HOOD260220C00080000,80.0,21.6,21.05,22.35,15.0,447.0,0.8710950390625,True,CALL,2026-02-20,HOOD
HOOD260220C00085000,85.0,16.5,17.1,18.55,9.0,233.0,0.8754895263671875,True,CALL,2026-02-20,HOOD
HOOD260220C00090000,90.0,14.75,13.05,13.45,285.0,1869.0,0.7404811108398437,True,CALL,2026-02-20,HOOD
HOOD260220C00095000,95.0,10.32,9.75,10.15,78.0,1366.0,0.7248562670898437,True,CALL,2026-02-20,HOOD
HOOD260220C00096000,96.0,12.5,9.15,9.6,3.0,23.0,0.7241238525390624,True,CALL,2026-02-20,HOOD
HOOD260220C00097000,97.0,9.55,8.55,9.15,27.0,22.0,0.7263210961914062,True,CALL,2026-02-20,HOOD
HOOD260220C00098000,98.0,8.5,8.0,8.3,24.0,9.0,0.7081328015136719,True,CALL,2026-02-20,HOOD
HOOD260220C00099000,99.0,7.72,7.45,7.9,40.0,5.0,0.710940390625,True,CALL,2026-02-20,HOOD
HOOD260220C00100000,100.0,7.1,7.05,7.25,431.0,1810.0,0.7063017651367188,True,CALL,2026-02-20,HOOD
HOOD260220C00101000,101.0,6.7,6.45,6.7,244.0,33.0,0.6945831323242189,False,CALL,2026-02-20,HOOD
HOOD260220C00102000,102.0,6.2,5.95,6.25,141.0,44.0,0.6905548522949221,False,CALL,2026-02-20,HOOD
HOOD260220C00103000,103.0,5.75,5.55,5.85,167.0,63.0,0.6918976123046876,False,CALL,2026-02-20,HOOD
HOOD260220C00104000,104.0,5.4,5.15,5.5,54.0,153.0,0.6934845104980469,False,CALL,2026-02-20,HOOD
HOOD260220C00105000,105.0,4.8,4.75,4.9,804.0,2437.0,0.6804231176757813,False,CALL,2026-02-20,HOOD
HOOD260220C00106000,106.0,4.75,4.4,4.55,128.0,397.0,0.6801789794921876,False,CALL,2026-02-20,HOOD
HOOD260220C00107000,107.0,4.32,4.05,4.25,56.0,794.0,0.6805451867675782,False,CALL,2026-02-20,HOOD
HOOD260220C00108000,108.0,4.03,3.75,4.0,51.0,451.0,0.6840851904296876,False,CALL,2026-02-20,HOOD
HOOD260220C00109000,109.0,3.55,3.4,3.7,61.0,356.0,0.6804231176757813,False,CALL,2026-02-20,HOOD
HOOD260220C00110000,110.0,3.24,3.2,3.35,2079.0,7834.0,0.6800569104003908,False,CALL,2026-02-20,HOOD
HOOD260220C00111000,111.0,3.25,2.84,3.25,8.0,102.0,0.6828644995117189,False,CALL,2026-02-20,HOOD
HOOD260220C00112000,112.0,2.8,2.67,2.81,48.0,1045.0,0.6750520776367189,False,CALL,2026-02-20,HOOD
HOOD260220C00113000,113.0,2.65,2.44,2.64,57.0,364.0,0.6774934594726563,False,CALL,2026-02-20,HOOD
HOOD260220C00114000,114.0,2.3,2.24,2.45,31.0,71.0,0.6789582885742189,False,CALL,2026-02-20,HOOD
HOOD260220C00115000,115.0,2.1,2.04,2.17,940.0,7251.0,0.6726106958007814,False,CALL,2026-02-20,HOOD
HOOD260220C00116000,116.0,1.97,1.89,2.07,284.0,1623.0,0.6796907031250001,False,CALL,2026-02-20,HOOD
HOOD260220C00117000,117.0,1.99,1.73,1.93,530.0,180.0,0.681887946777344,False,CALL,2026-02-20,HOOD
HOOD260220C00118000,118.0,1.7,1.58,1.75,21.0,284.0,0.6801789794921876,False,CALL,2026-02-20,HOOD
HOOD260220C00119000,119.0,1.7,1.42,1.61,38.0,174.0,0.6792024267578126,False,CALL,2026-02-20,HOOD
HOOD260220C00120000,120.0,1.4,1.33,1.39,1865.0,13057.0,0.6752962158203126,False,CALL,2026-02-20,HOOD
HOOD260220C00125000,125.0,0.88,0.85,0.88,2307.0,7724.0,0.6787141503906251,False,CALL,2026-02-20,HOOD
HOOD260220C00130000,130.0,0.59,0.55,0.59,620.0,5807.0,0.6899445068359377,False,CALL,2026-02-20,HOOD
HOOD260220P00075000,75.0,0.43,0.4,0.49,136.0,1428.0,0.7524438818359375,False,PUT,2026-02-20,HOOD
HOOD260220P00080000,80.0,0.82,0.83,0.92,195.0,3890.0,0.7314479980468749,False,PUT,2026-02-20,HOOD
HOOD260220P00085000,85.0,1.52,1.45,1.6,1403.0,4601.0,0.6999541723632813,False,PUT,2026-02-20,HOOD
HOOD260220P00090000,90.0,2.72,2.58,2.72,1195.0,6224.0,0.6848176049804688,False,PUT,2026-02-20,HOOD
HOOD260220P00095000,95.0,4.24,4.0,4.35,760.0,8686.0,0.6586948193359375,False,PUT,2026-02-20,HOOD
HOOD260220P00096000,96.0,4.55,4.4,4.7,107.0,1359.0,0.6540561938476563,False,PUT,2026-02-20,HOOD
HOOD260220P00097000,97.0,4.8,4.8,5.15,52.0,853.0,0.6523472265625001,False,PUT,2026-02-20,HOOD
HOOD260220P00098000,98.0,5.39,5.3,5.6,39.0,835.0,0.6530796411132813,False,PUT,2026-02-20,HOOD
HOOD260220P00099000,99.0,5.82,5.65,6.0,77.0,236.0,0.6413610083007812,False,PUT,2026-02-20,HOOD
HOOD260220P00100000,100.0,6.32,6.25,6.5,1652.0,10785.0,0.6447789428710937,False,PUT,2026-02-20,HOOD
HOOD260220P00101000,101.0,6.9,6.75,7.0,180.0,499.0,0.64062859375,True,PUT,2026-02-20,HOOD
HOOD260220P00102000,102.0,6.95,7.2,7.6,134.0,175.0,0.6367223828125,True,PUT,2026-02-20,HOOD
HOOD260220P00103000,103.0,7.43,7.7,8.1,85.0,972.0,0.6279334082031252,True,PUT,2026-02-20,HOOD
HOOD260220P00104000,104.0,8.25,8.35,8.7,34.0,359.0,0.6291540991210938,True,PUT,2026-02-20,HOOD
HOOD260220P00105000,105.0,9.1,8.95,9.25,401.0,5296.0,0.6228065063476562,True,PUT,2026-02-20,HOOD
HOOD260220P00106000,106.0,10.05,9.45,9.9,13.0,1273.0,0.6141396008300781,True,PUT,2026-02-20,HOOD
HOOD260220P00107000,107.0,9.5,9.95,10.6,22.0,230.0,0.6053506262207033,True,PUT,2026-02-20,HOOD
HOOD260220P00108000,108.0,10.13,10.7,11.3,38.0,529.0,0.6074258007812501,True,PUT,2026-02-20,HOOD
HOOD260220P00109000,109.0,10.82,11.35,12.0,7.0,153.0,0.601810622558594,True,PUT,2026-02-20,HOOD
HOOD260220P00110000,110.0,12.5,12.35,12.6,545.0,9684.0,0.6079140771484376,True,PUT,2026-02-20,HOOD
HOOD260220P00111000,111.0,13.45,12.95,13.4,19.0,54.0,0.6001016552734376,True,PUT,2026-02-20,HOOD
HOOD260220P00112000,112.0,14.07,13.2,14.2,18.0,68.0,0.567387138671875,True,PUT,2026-02-20,HOOD
HOOD260220P00113000,113.0,14.41,14.3,14.9,15.0,72.0,0.579105771484375,True,PUT,2026-02-20,HOOD
HOOD260220P00114000,114.0,15.82,15.2,15.75,5.0,75.0,0.585941640625,True,PUT,2026-02-20,HOOD
HOOD260220P00115000,115.0,16.13,16.2,16.55,244.0,4896.0,0.5952188916015625,True,PUT,2026-02-20,HOOD
HOOD260220P00116000,116.0,17.5,16.55,17.45,5.0,62.0,0.56055126953125,True,PUT,2026-02-20,HOOD
HOOD260220P00117000,117.0,16.74,17.05,18.75,3.0,74.0,0.5649457568359376,True,PUT,2026-02-20,HOOD
HOOD260220P00118000,118.0,18.93,18.45,19.2,52.0,79.0,0.5722699023437501,True,PUT,2026-02-20,HOOD
HOOD260220P00119000,119.0,20.33,18.1,20.0,10.0,50.0,0.6223182299804688,True,PUT,2026-02-20,HOOD
HOOD260220P00120000,120.0,20.31,20.1,21.2,154.0,5303.0,0.57812921875,True,PUT,2026-02-20,HOOD
HOOD260220P00125000,125.0,25.0,24.8,25.3,82.0,5664.0,0.5820354296875,True,PUT,2026-02-20,HOOD
HOOD260220P00130000,130.0,29.11,29.3,30.3,13.0,1255.0,0.65820654296875,True,PUT,2026-02-20,HOOD
HOOD260227C00075000,75.0,27.9,26.15,28.05,1.0,9.0,0.9858399853515626,True,CALL,2026-02-27,HOOD
HOOD260227C00080000,80.0,23.35,21.2,23.45,1.0,8.0,0.8605970971679688,True,CALL,2026-02-27,HOOD
HOOD260227C00085000,85.0,19.1,17.45,19.0,2.0,8.0,0.8159198095703124,True,CALL,2026-02-27,HOOD
HOOD260227C00090000,90.0,14.65,13.75,14.15,35.0,17.0,0.7233914379882812,True,CALL,2026-02-27,HOOD
HOOD260227C00092000,92.0,12.3,12.3,12.75,41.0,5.0,0.70898728515625,True,CALL,2026-02-27,HOOD
HOOD260227C00095000,95.0,11.62,10.35,11.15,1.0,10.0,0.7094755615234375,True,CALL,2026-02-27,HOOD
HOOD260227C00096000,96.0,15.85,9.8,10.2,1.0,1.0,0.6914093359375001,True,CALL,2026-02-27,HOOD
HOOD260227C00097000,97.0,10.0,9.15,9.8,7.0,4.0,0.692385888671875,True,CALL,2026-02-27,HOOD
HOOD260227C00098000,98.0,8.65,8.65,9.1,1.0,5.0,0.6848176049804688,True,CALL,2026-02-27,HOOD
HOOD260227C00100000,100.0,8.16,7.6,8.0,101.0,53.0,0.6754182849121095,True,CALL,2026-02-27,HOOD
HOOD260227C00101000,101.0,8.4,6.95,7.65,19.0,1.0,0.6713900048828126,False,CALL,2026-02-27,HOOD
HOOD260227C00102000,102.0,7.63,6.65,7.05,66.0,3.0,0.6701693139648439,False,CALL,2026-02-27,HOOD
HOOD260227C00103000,103.0,6.4,6.4,7.1,30.0,24.0,0.6975127905273439,False,CALL,2026-02-27,HOOD
HOOD260227C00104000,104.0,6.74,5.7,6.2,14.0,42.0,0.6621127539062501,False,CALL,2026-02-27,HOOD
HOOD260227C00105000,105.0,5.62,5.3,6.0,54.0,225.0,0.6687044848632814,False,CALL,2026-02-27,HOOD
HOOD260227C00106000,106.0,5.83,5.05,5.6,31.0,75.0,0.6716341430664063,False,CALL,2026-02-27,HOOD
HOOD260227C00107000,107.0,5.1,4.55,5.15,66.0,143.0,0.6594272338867189,False,CALL,2026-02-27,HOOD
HOOD260227C00108000,108.0,4.65,4.2,4.85,22.0,238.0,0.6589389575195312,False,CALL,2026-02-27,HOOD
HOOD260227C00109000,109.0,4.1,3.5,4.55,8.0,179.0,0.6403844555664062,False,CALL,2026-02-27,HOOD
HOOD260227C00110000,110.0,3.9,3.75,4.5,141.0,303.0,0.6766389758300781,False,CALL,2026-02-27,HOOD
HOOD260227C00111000,111.0,3.87,3.4,4.3,19.0,165.0,0.6765169067382814,False,CALL,2026-02-27,HOOD
HOOD260227C00112000,112.0,3.25,3.1,4.2,10.0,113.0,0.6821320849609377,False,CALL,2026-02-27,HOOD
HOOD260227C00113000,113.0,3.15,2.95,3.95,12.0,244.0,0.6865265722656251,False,CALL,2026-02-27,HOOD
HOOD260227C00114000,114.0,2.81,2.73,3.35,11.0,118.0,0.6682162084960939,False,CALL,2026-02-27,HOOD
HOOD260227C00115000,115.0,2.75,2.53,2.94,138.0,897.0,0.6584506811523438,False,CALL,2026-02-27,HOOD
HOOD260227C00116000,116.0,2.79,2.35,3.15,61.0,2377.0,0.6816438085937502,False,CALL,2026-02-27,HOOD
HOOD260227C00117000,117.0,2.27,2.14,2.55,31.0,202.0,0.6577182666015625,False,CALL,2026-02-27,HOOD
HOOD260227C00118000,118.0,2.15,2.1,2.41,88.0,169.0,0.6674837939453127,False,CALL,2026-02-27,HOOD
HOOD260227C00119000,119.0,1.95,1.83,2.03,32.0,257.0,0.6479527392578125,False,CALL,2026-02-27,HOOD
HOOD260227C00120000,120.0,1.89,1.7,2.09,419.0,670.0,0.6623568920898439,False,CALL,2026-02-27,HOOD
HOOD260227C00121000,121.0,1.79,1.54,1.84,11.0,181.0,0.6543003320312502,False,CALL,2026-02-27,HOOD
HOOD260227C00122000,122.0,1.67,1.44,1.61,32.0,157.0,0.649417568359375,False,CALL,2026-02-27,HOOD
HOOD260227C00123000,123.0,1.62,1.33,1.51,7.0,77.0,0.6516148120117189,False,CALL,2026-02-27,HOOD
HOOD260227C00124000,124.0,1.4,1.14,1.42,29.0,54.0,0.647464462890625,False,CALL,2026-02-27,HOOD
HOOD260227C00125000,125.0,1.24,1.13,1.35,207.0,2054.0,0.657229990234375,False,CALL,2026-02-27,HOOD
HOOD260227C00126000,126.0,1.18,1.0,1.18,5.0,65.0,0.6489292919921875,False,CALL,2026-02-27,HOOD
HOOD260227C00127000,127.0,1.15,0.96,1.39,27.0,92.0,0.6782258740234376,False,CALL,2026-02-27,HOOD
HOOD260227C00128000,128.0,0.89,0.89,1.05,11.0,178.0,0.65820654296875,False,CALL,2026-02-27,HOOD
HOOD260227C00129000,129.0,0.89,0.82,1.02,3.0,85.0,0.6635775830078127,False,CALL,2026-02-27,HOOD
HOOD260227C00130000,130.0,0.92,0.76,0.9,93.0,461.0,0.6604037866210939,False,CALL,2026-02-27,HOOD
HOOD260227P00075000,75.0,0.58,0.56,0.82,18.0,124.0,0.7304714453125,False,PUT,2026-02-27,HOOD
HOOD260227P00080000,80.0,1.13,1.07,1.12,50.0,173.0,0.6840851904296876,False,PUT,2026-02-27,HOOD
HOOD260227P00085000,85.0,1.73,1.85,1.85,136.0,403.0,0.659183095703125,False,PUT,2026-02-27,HOOD
HOOD260227P00090000,90.0,3.05,2.96,3.2,205.0,815.0,0.6472203247070312,False,PUT,2026-02-27,HOOD
HOOD260227P00091000,91.0,3.3,3.25,3.5,19.0,63.0,0.6440465283203125,False,PUT,2026-02-27,HOOD
HOOD260227P00092000,92.0,3.83,3.45,3.8,26.0,191.0,0.6342810009765626,False,PUT,2026-02-27,HOOD
HOOD260227P00093000,93.0,4.0,3.8,4.15,10.0,106.0,0.632938240966797,False,PUT,2026-02-27,HOOD
HOOD260227P00094000,94.0,4.13,4.15,4.45,12.0,139.0,0.6269568554687501,False,PUT,2026-02-27,HOOD
HOOD260227P00095000,95.0,4.62,4.35,4.9,173.0,1029.0,0.6192665026855471,False,PUT,2026-02-27,HOOD
HOOD260227P00096000,96.0,4.99,4.85,5.3,37.0,66.0,0.6212196081542969,False,PUT,2026-02-27,HOOD
HOOD260227P00097000,97.0,5.43,5.2,5.7,37.0,45.0,0.614261669921875,False,PUT,2026-02-27,HOOD
HOOD260227P00098000,98.0,5.98,5.75,6.2,17.0,65.0,0.6187782263183594,False,PUT,2026-02-27,HOOD
HOOD260227P00099000,99.0,6.03,6.05,6.65,19.0,85.0,0.6079140771484376,False,PUT,2026-02-27,HOOD
HOOD260227P00100000,100.0,7.0,6.85,7.1,213.0,1317.0,0.6171913281250001,False,PUT,2026-02-27,HOOD
HOOD260227P00101000,101.0,6.78,7.2,7.8,25.0,31.0,0.6156044299316408,True,PUT,2026-02-27,HOOD
HOOD260227P00102000,102.0,7.8,7.7,8.25,51.0,20.0,0.6077920080566408,True,PUT,2026-02-27,HOOD
HOOD260227P00103000,103.0,8.5,8.3,8.8,28.0,338.0,0.6066933862304689,True,PUT,2026-02-27,HOOD
HOOD260227P00104000,104.0,9.15,8.8,9.3,32.0,185.0,0.5971719970703125,True,PUT,2026-02-27,HOOD
HOOD260227P00105000,105.0,9.61,9.25,10.0,45.0,539.0,0.5922892333984376,True,PUT,2026-02-27,HOOD
HOOD260227P00106000,106.0,10.23,9.95,10.9,23.0,232.0,0.6054726953125001,True,PUT,2026-02-27,HOOD
HOOD260227P00107000,107.0,10.72,10.65,11.3,16.0,327.0,0.5944864770507813,True,PUT,2026-02-27,HOOD
HOOD260227P00108000,108.0,10.9,11.4,12.1,14.0,166.0,0.6022988989257814,True,PUT,2026-02-27,HOOD
HOOD260227P00109000,109.0,12.0,11.95,12.65,6.0,92.0,0.5872844006347657,True,PUT,2026-02-27,HOOD
HOOD260227P00110000,110.0,12.87,12.7,13.35,22.0,481.0,0.5866740551757812,True,PUT,2026-02-27,HOOD
HOOD260227P00111000,111.0,13.11,13.05,14.3,1.0,303.0,0.5769085278320312,True,PUT,2026-02-27,HOOD
HOOD260227P00112000,112.0,14.66,14.05,14.95,1.0,142.0,0.5827678442382812,True,PUT,2026-02-27,HOOD
HOOD260227P00113000,113.0,15.0,15.0,15.6,21.0,195.0,0.5847209497070311,True,PUT,2026-02-27,HOOD
HOOD260227P00114000,114.0,15.7,15.8,16.35,16.0,119.0,0.5825237060546875,True,PUT,2026-02-27,HOOD
HOOD260227P00115000,115.0,16.31,16.35,17.2,51.0,262.0,0.569340244140625,True,PUT,2026-02-27,HOOD
HOOD260227P00116000,116.0,16.34,16.05,18.3,5.0,35.0,0.514653291015625,True,PUT,2026-02-27,HOOD
HOOD260227P00117000,117.0,18.52,17.9,19.3,1.0,106.0,0.5886271606445312,True,PUT,2026-02-27,HOOD
HOOD260227P00118000,118.0,13.85,18.45,19.9,1.0,44.0,0.5520064331054688,True,PUT,2026-02-27,HOOD
HOOD260227P00119000,119.0,20.05,19.5,20.55,26.0,224.0,0.5485884985351563,True,PUT,2026-02-27,HOOD
HOOD260227P00120000,120.0,21.0,19.7,21.3,2.0,143.0,0.6054726953125001,True,PUT,2026-02-27,HOOD
HOOD260227P00121000,121.0,18.13,20.85,22.5,4.0,11.0,0.5266160620117188,True,PUT,2026-02-27,HOOD
HOOD260227P00122000,122.0,19.96,22.25,23.45,2.0,5.0,0.5722699023437501,True,PUT,2026-02-27,HOOD
HOOD260227P00123000,123.0,18.59,23.05,24.0,5.0,33.0,0.5300339965820313,True,PUT,2026-02-27,HOOD
HOOD260227P00124000,124.0,21.57,23.8,24.75,3.0,25.0,0.5871623315429688,True,PUT,2026-02-27,HOOD
HOOD260227P00125000,125.0,25.5,24.45,26.1,4.0,77.0,0.5034229345703125,True,PUT,2026-02-27,HOOD
HOOD260227P00126000,126.0,22.92,24.3,26.7,20.0,26.0,0.6084023535156251,True,PUT,2026-02-27,HOOD
HOOD260227P00127000,127.0,27.72,25.25,27.95,2.0,3.0,0.6677279321289065,True,PUT,2026-02-27,HOOD
HOOD260227P00128000,128.0,21.73,26.2,28.4,1.0,7.0,0.5751995605468749,True,PUT,2026-02-27,HOOD
HOOD260227P00129000,129.0,23.22,27.15,29.55,1.0,2.0,0.622074091796875,True,PUT,2026-02-27,HOOD
HOOD260227P00130000,130.0,26.6,28.8,30.75,11.0,69.0,0.6762727685546877,True,PUT,2026-02-27,HOOD
HOOD260306C00080000,80.0,22.0,21.55,24.3,1.0,1.0,0.852540537109375,True,CALL,2026-03-06,HOOD
HOOD260306C00091000,91.0,21.5,13.35,14.65,5.0,0.0,0.7153348779296875,True,CALL,2026-03-06,HOOD
HOOD260306C00092000,92.0,14.0,12.85,13.3,1.0,1.0,0.6875031250000001,True,CALL,2026-03-06,HOOD
HOOD260306C00093000,93.0,19.0,12.15,13.15,1.0,1.0,0.7027617614746093,True,CALL,2026-03-06,HOOD
HOOD260306C00095000,95.0,13.46,11.05,12.65,2.0,4.0,0.7308376525878906,True,CALL,2026-03-06,HOOD
HOOD260306C00096000,96.0,15.97,9.9,10.7,1.0,2.0,0.6473423937988281,True,CALL,2026-03-06,HOOD
HOOD260306C00102000,102.0,8.0,7.15,7.9,5.0,1.0,0.6564975756835938,False,CALL,2026-03-06,HOOD
HOOD260306C00103000,103.0,7.9,6.7,7.35,11.0,1.0,0.6497837756347657,False,CALL,2026-03-06,HOOD
HOOD260306C00105000,105.0,6.52,5.9,6.85,30.0,67.0,0.6596713720703126,False,CALL,2026-03-06,HOOD
HOOD260306C00106000,106.0,6.4,5.65,6.25,5.0,32.0,0.6546665393066409,False,CALL,2026-03-06,HOOD
HOOD260306C00107000,107.0,5.27,5.35,5.9,5.0,18.0,0.6562534375000001,False,CALL,2026-03-06,HOOD
HOOD260306C00108000,108.0,5.37,4.85,5.7,3.0,71.0,0.654544470214844,False,CALL,2026-03-06,HOOD
HOOD260306C00109000,109.0,4.6,4.7,5.3,3.0,54.0,0.6577182666015625,False,CALL,2026-03-06,HOOD
HOOD260306C00110000,110.0,4.58,4.2,4.75,107.0,151.0,0.63867548828125,False,CALL,2026-03-06,HOOD
HOOD260306C00111000,111.0,4.25,4.0,4.55,1.0,4.0,0.6455113574218749,False,CALL,2026-03-06,HOOD
HOOD260306C00112000,112.0,3.82,3.6,4.25,28.0,11.0,0.6381872119140625,False,CALL,2026-03-06,HOOD
HOOD260306C00113000,113.0,4.13,3.45,4.0,1.0,3.0,0.642703768310547,False,CALL,2026-03-06,HOOD
HOOD260306C00114000,114.0,3.5,3.35,3.75,2.0,98.0,0.648441015625,False,CALL,2026-03-06,HOOD
HOOD260306C00115000,115.0,3.38,3.25,3.6,20.0,94.0,0.6577182666015625,False,CALL,2026-03-06,HOOD
HOOD260306C00116000,116.0,4.0,2.94,3.25,1.0,13.0,0.6469761865234375,False,CALL,2026-03-06,HOOD
HOOD260306C00117000,117.0,2.9,2.73,3.1,11.0,3.0,0.6490513610839843,False,CALL,2026-03-06,HOOD
HOOD260306C00118000,118.0,2.6,2.44,2.76,3.0,12.0,0.6364782446289063,False,CALL,2026-03-06,HOOD
HOOD260306C00119000,119.0,3.18,2.36,2.66,4.0,14.0,0.6455113574218749,False,CALL,2026-03-06,HOOD
HOOD260306C00120000,120.0,2.37,2.21,2.34,108.0,88.0,0.6383092810058593,False,CALL,2026-03-06,HOOD
HOOD260306C00125000,125.0,1.7,1.56,1.69,120.0,249.0,0.6433141137695313,False,CALL,2026-03-06,HOOD
HOOD260306C00130000,130.0,1.1,1.08,1.19,27.0,93.0,0.6452672192382812,False,CALL,2026-03-06,HOOD
HOOD260306P00080000,80.0,1.12,1.28,1.55,39.0,41.0,0.6677279321289065,False,PUT,2026-03-06,HOOD
HOOD260306P00085000,85.0,2.11,2.0,2.5,46.0,113.0,0.6420934228515626,False,PUT,2026-03-06,HOOD
HOOD260306P00090000,90.0,3.5,3.25,3.7,70.0,215.0,0.6213416772460938,False,PUT,2026-03-06,HOOD
HOOD260306P00091000,91.0,3.9,3.45,3.95,9.0,15.0,0.610599597167969,False,PUT,2026-03-06,HOOD
HOOD260306P00092000,92.0,4.25,3.95,4.3,20.0,7.0,0.6168251208496094,False,PUT,2026-03-06,HOOD
HOOD260306P00093000,93.0,4.45,3.7,4.65,34.0,10.0,0.5876506079101562,False,PUT,2026-03-06,HOOD
HOOD260306P00095000,95.0,4.5,4.55,5.45,18.0,86.0,0.5893595751953126,False,PUT,2026-03-06,HOOD
HOOD260306P00096000,96.0,5.6,5.15,5.85,11.0,18.0,0.5946085461425781,False,PUT,2026-03-06,HOOD
HOOD260306P00097000,97.0,6.04,5.85,6.35,10.0,22.0,0.6059609716796877,False,PUT,2026-03-06,HOOD
HOOD260306P00098000,98.0,6.2,6.35,6.85,8.0,19.0,0.6074258007812501,False,PUT,2026-03-06,HOOD
HOOD260306P00099000,99.0,7.43,6.65,7.35,8.0,13.0,0.5991251025390626,False,PUT,2026-03-06,HOOD
HOOD260306P00100000,100.0,7.45,7.25,7.8,139.0,138.0,0.5991251025390626,False,PUT,2026-03-06,HOOD
HOOD260306P00101000,101.0,7.65,7.65,8.35,20.0,13.0,0.5936319934082033,True,PUT,2026-03-06,HOOD
HOOD260306P00102000,102.0,8.63,8.3,8.85,5.0,15.0,0.5944864770507813,True,PUT,2026-03-06,HOOD
HOOD260306P00103000,103.0,9.74,8.45,9.55,5.0,22.0,0.5817912915039063,True,PUT,2026-03-06,HOOD
HOOD260306P00104000,104.0,10.29,9.35,9.95,2.0,30.0,0.5852092260742188,True,PUT,2026-03-06,HOOD
HOOD260306P00105000,105.0,10.3,10.0,10.8,38.0,95.0,0.5950968225097657,True,PUT,2026-03-06,HOOD
HOOD260306P00106000,106.0,11.28,10.6,11.25,3.0,75.0,0.5855754333496093,True,PUT,2026-03-06,HOOD
HOOD260306P00107000,107.0,11.87,11.2,11.85,3.0,39.0,0.5803264624023439,True,PUT,2026-03-06,HOOD
HOOD260306P00108000,108.0,12.81,11.7,12.75,2.0,46.0,0.5817912915039063,True,PUT,2026-03-06,HOOD
HOOD260306P00109000,109.0,10.26,12.2,13.35,4.0,12.0,0.5692181750488281,True,PUT,2026-03-06,HOOD
HOOD260306P00110000,110.0,13.42,12.8,13.9,7.0,51.0,0.5566450585937501,True,PUT,2026-03-06,HOOD
HOOD260306P00112000,112.0,12.85,14.1,15.7,7.0,14.0,0.5616498913574219,True,PUT,2026-03-06,HOOD
HOOD260306P00114000,114.0,16.54,15.4,17.7,5.0,5.0,0.5708050732421875,True,PUT,2026-03-06,HOOD
HOOD260306P00115000,115.0,16.73,17.0,17.65,1.0,88.0,0.5686078295898438,True,PUT,2026-03-06,HOOD
HOOD260306P00116000,116.0,18.63,17.1,18.55,1.0,1.0,0.5365036584472658,True,PUT,2026-03-06,HOOD
HOOD260306P00118000,118.0,18.25,19.2,20.35,1.0,10.0,0.5668988623046876,True,PUT,2026-03-06,HOOD
HOOD260306P00119000,119.0,20.15,19.65,21.2,1.0,14.0,0.543949873046875,True,PUT,2026-03-06,HOOD
HOOD260306P00120000,120.0,20.7,19.85,21.55,1.0,6.0,0.5751995605468749,True,PUT,2026-03-06,HOOD
HOOD260306P00125000,125.0,26.1,24.05,26.4,16.0,2.0,0.6352575537109376,True,PUT,2026-03-06,HOOD
HOOD260306P00130000,130.0,29.43,28.35,30.9,1.0,6.0,0.6337927246093751,True,PUT,2026-03-06,HOOD
HOOD260320C00075000,75.0,29.0,26.85,28.6,5.0,2173.0,0.834718449707031,True,CALL,2026-03-20,HOOD
HOOD260320C00080000,80.0,23.0,22.9,24.15,40.0,1651.0,0.7883321948242188,True,CALL,2026-03-20,HOOD
HOOD260320C00085000,85.0,19.25,18.8,19.65,55.0,1455.0,0.7165555688476561,True,CALL,2026-03-20,HOOD
HOOD260320C00090000,90.0,16.0,15.3,16.1,19.0,1288.0,0.6932403723144531,True,CALL,2026-03-20,HOOD
HOOD260320C00095000,95.0,12.47,12.25,13.05,35.0,696.0,0.6792024267578126,True,CALL,2026-03-20,HOOD
HOOD260320C00100000,100.0,9.95,9.9,10.15,1083.0,1574.0,0.6679720703125002,True,CALL,2026-03-20,HOOD
HOOD260320C00105000,105.0,7.85,7.55,7.85,462.0,2114.0,0.6510044665527344,False,CALL,2026-03-20,HOOD
HOOD260320C00110000,110.0,5.85,5.75,6.0,1248.0,5530.0,0.6424596301269532,False,CALL,2026-03-20,HOOD
HOOD260320C00115000,115.0,4.45,4.4,4.6,291.0,5311.0,0.6418492846679689,False,CALL,2026-03-20,HOOD
HOOD260320C00120000,120.0,3.4,3.3,3.45,1048.0,6934.0,0.6384313500976562,False,CALL,2026-03-20,HOOD
HOOD260320C00125000,125.0,2.55,2.45,2.62,395.0,5125.0,0.6384313500976562,False,CALL,2026-03-20,HOOD
HOOD260320C00130000,130.0,1.91,1.81,1.97,857.0,6075.0,0.63867548828125,False,CALL,2026-03-20,HOOD
HOOD260320P00075000,75.0,1.35,1.31,1.44,126.0,2037.0,0.6772493212890626,False,PUT,2026-03-20,HOOD
HOOD260320P00080000,80.0,2.2,2.05,2.21,178.0,3701.0,0.6562534375000001,False,PUT,2026-03-20,HOOD
HOOD260320P00085000,85.0,3.25,3.1,3.35,560.0,2553.0,0.6408727319335938,False,PUT,2026-03-20,HOOD
HOOD260320P00090000,90.0,4.7,4.5,4.8,855.0,5755.0,0.6236609899902343,False,PUT,2026-03-20,HOOD
HOOD260320P00095000,95.0,6.51,6.45,6.7,528.0,7314.0,0.6143837390136719,False,PUT,2026-03-20,HOOD
HOOD260320P00100000,100.0,8.9,8.75,9.0,727.0,9848.0,0.6013223461914063,False,PUT,2026-03-20,HOOD
HOOD260320P00105000,105.0,11.5,11.45,11.75,334.0,2912.0,0.58789474609375,True,PUT,2026-03-20,HOOD
HOOD260320P00110000,110.0,14.8,14.5,14.95,411.0,4009.0,0.5732464550781251,True,PUT,2026-03-20,HOOD
HOOD260320P00115000,115.0,18.35,17.95,18.75,61.0,2516.0,0.5668988623046876,True,PUT,2026-03-20,HOOD
HOOD260320P00120000,120.0,21.43,21.65,22.45,115.0,4786.0,0.5378464184570313,True,PUT,2026-03-20,HOOD
HOOD260320P00125000,125.0,26.86,25.4,26.9,24.0,2328.0,0.5127001855468749,True,PUT,2026-03-20,HOOD
HOOD260320P00130000,130.0,30.75,30.35,31.65,20.0,1318.0,0.5532271240234375,True,PUT,2026-03-20,HOOD
HOOD260417C00075000,75.0,28.0,27.65,29.6,1.0,85.0,0.7537866418457031,True,CALL,2026-04-17,HOOD
HOOD260417C00080000,80.0,24.06,24.0,25.2,24.0,187.0,0.7180203979492188,True,CALL,2026-04-17,HOOD
HOOD260417C00085000,85.0,21.65,20.25,21.6,11.0,340.0,0.6931183032226562,True,CALL,2026-04-17,HOOD
HOOD260417C00090000,90.0,17.7,17.15,17.85,72.0,386.0,0.6677279321289065,True,CALL,2026-04-17,HOOD
HOOD260417C00095000,95.0,14.72,14.15,14.95,56.0,183.0,0.6536899865722658,True,CALL,2026-04-17,HOOD
HOOD260417C00100000,100.0,11.95,11.9,12.2,293.0,3842.0,0.6467930828857422,True,CALL,2026-04-17,HOOD
HOOD260417C00105000,105.0,9.87,9.55,10.0,131.0,1080.0,0.6347692773437501,False,CALL,2026-04-17,HOOD
HOOD260417C00110000,110.0,7.95,7.6,8.2,297.0,3353.0,0.6278113391113282,False,CALL,2026-04-17,HOOD
HOOD260417C00115000,115.0,6.45,6.15,6.6,219.0,1719.0,0.6246375427246094,False,CALL,2026-04-17,HOOD
HOOD260417C00120000,120.0,5.1,4.9,5.2,570.0,3537.0,0.618289949951172,False,CALL,2026-04-17,HOOD
HOOD260417C00125000,125.0,4.14,3.9,4.1,292.0,1327.0,0.6148720153808593,False,CALL,2026-04-17,HOOD
HOOD260417C00130000,130.0,3.2,3.1,3.3,550.0,5288.0,0.6156044299316408,False,CALL,2026-04-17,HOOD
HOOD260417P00075000,75.0,2.21,2.0,2.34,103.0,464.0,0.6315954809570312,False,PUT,2026-04-17,HOOD
HOOD260417P00080000,80.0,3.2,3.05,3.4,103.0,851.0,0.622074091796875,False,PUT,2026-04-17,HOOD
HOOD260417P00085000,85.0,4.5,4.4,4.6,98.0,2551.0,0.606571317138672,False,PUT,2026-04-17,HOOD
HOOD260417P00090000,90.0,6.1,5.95,6.35,142.0,2802.0,0.5948526843261719,False,PUT,2026-04-17,HOOD
HOOD260417P00095000,95.0,8.2,8.05,8.2,225.0,1954.0,0.5819133605957032,False,PUT,2026-04-17,HOOD
HOOD260417P00100000,100.0,10.61,10.5,10.8,157.0,2516.0,0.5794719787597657,False,PUT,2026-04-17,HOOD
HOOD260417P00105000,105.0,13.35,13.25,13.55,106.0,2587.0,0.5695233477783204,True,PUT,2026-04-17,HOOD
HOOD260417P00110000,110.0,16.4,16.1,16.65,25.0,2396.0,0.5529829858398438,True,PUT,2026-04-17,HOOD
HOOD260417P00115000,115.0,19.23,19.2,20.15,33.0,963.0,0.5357712438964843,True,PUT,2026-04-17,HOOD
HOOD260417P00120000,120.0,23.23,22.65,23.9,21.0,1311.0,0.5170946728515625,True,PUT,2026-04-17,HOOD
HOOD260417P00125000,125.0,26.89,27.2,27.95,2.0,1324.0,0.5279588220214844,True,PUT,2026-04-17,HOOD
HOOD260417P00130000,130.0,32.07,31.3,32.6,2.0,801.0,0.5319871020507813,True,PUT,2026-04-17,HOOD
HOOD260515C00075000,75.0,30.71,29.65,30.7,30.0,121.0,0.7602563037109377,True,CALL,2026-05-15,HOOD
HOOD260515C00080000,80.0,27.28,26.05,26.8,9.0,107.0,0.7330348962402342,True,CALL,2026-05-15,HOOD
HOOD260515C00085000,85.0,23.0,22.4,23.8,5.0,297.0,0.7188748815917969,True,CALL,2026-05-15,HOOD
HOOD260515C00090000,90.0,19.49,19.5,19.9,5.0,137.0,0.6881134704589844,True,CALL,2026-05-15,HOOD
HOOD260515C00095000,95.0,16.4,16.75,17.3,34.0,237.0,0.6822541540527345,True,CALL,2026-05-15,HOOD
HOOD260515C00100000,100.0,14.9,14.2,14.65,249.0,470.0,0.6671175866699222,True,CALL,2026-05-15,HOOD
HOOD260515C00105000,105.0,12.5,12.05,12.7,52.0,768.0,0.6656527575683595,False,CALL,2026-05-15,HOOD
HOOD260515C00110000,110.0,10.4,10.1,10.3,68.0,1176.0,0.6467320483398438,False,CALL,2026-05-15,HOOD
HOOD260515C00115000,115.0,8.7,8.5,8.65,125.0,1991.0,0.6423375610351563,False,CALL,2026-05-15,HOOD
HOOD260515C00120000,120.0,7.35,7.1,7.25,145.0,1311.0,0.6383092810058593,False,CALL,2026-05-15,HOOD
HOOD260515C00125000,125.0,6.15,5.95,6.1,95.0,758.0,0.6370885900878906,False,CALL,2026-05-15,HOOD
HOOD260515C00130000,130.0,5.1,5.0,5.35,109.0,1872.0,0.6430089410400393,False,CALL,2026-05-15,HOOD
HOOD260515P00075000,75.0,3.57,3.3,3.65,36.0,478.0,0.6485630847167969,False,PUT,2026-05-15,HOOD
HOOD260515P00080000,80.0,4.71,4.55,4.9,20.0,585.0,0.6357458300781251,False,PUT,2026-05-15,HOOD
HOOD260515P00085000,85.0,6.3,6.1,6.4,16.0,622.0,0.6235389208984375,False,PUT,2026-05-15,HOOD
HOOD260515P00090000,90.0,8.12,8.0,8.25,45.0,2376.0,0.6148720153808593,False,PUT,2026-05-15,HOOD
HOOD260515P00095000,95.0,10.25,10.05,10.45,70.0,1342.0,0.6036416589355471,False,PUT,2026-05-15,HOOD
HOOD260515P00100000,100.0,12.8,12.65,12.85,190.0,5216.0,0.5961954443359375,False,PUT,2026-05-15,HOOD
HOOD260515P00105000,105.0,15.55,15.4,15.55,72.0,2140.0,0.5853312951660157,True,PUT,2026-05-15,HOOD
HOOD260515P00110000,110.0,18.47,18.25,18.75,57.0,1059.0,0.5751995605468749,True,PUT,2026-05-15,HOOD
HOOD260515P00115000,115.0,21.4,21.55,22.1,9.0,1977.0,0.5664716204833984,True,PUT,2026-05-15,HOOD
HOOD260515P00120000,120.0,24.95,25.1,25.7,9.0,531.0,0.5576826458740236,True,PUT,2026-05-15,HOOD
HOOD260515P00125000,125.0,29.0,29.1,29.5,2.0,1476.0,0.5540816076660158,True,PUT,2026-05-15,HOOD
HOOD260515P00130000,130.0,33.82,32.75,33.55,3.0,1336.0,0.5360153820800782,True,PUT,2026-05-15,HOOD
HOOD260618C00075000,75.0,31.3,31.05,31.9,4.0,985.0,0.7395045581054687,True,CALL,2026-06-18,HOOD
HOOD260618C00080000,80.0,29.0,27.35,28.85,12.0,1345.0,0.7274197180175781,True,CALL,2026-06-18,HOOD
HOOD260618C00085000,85.0,25.47,24.1,25.5,50.0,726.0,0.7083769396972657,True,CALL,2026-06-18,HOOD
HOOD260618C00090000,90.0,22.15,21.35,22.45,24.0,1394.0,0.6982452050781252,True,CALL,2026-06-18,HOOD
HOOD260618C00095000,95.0,19.0,18.5,19.55,215.0,2101.0,0.6794465649414063,True,CALL,2026-06-18,HOOD
HOOD260618C00100000,100.0,16.6,16.25,16.65,83.0,2472.0,0.664309997558594,True,CALL,2026-06-18,HOOD
HOOD260618C00105000,105.0,14.59,14.0,14.7,1550.0,4806.0,0.6595493029785158,False,CALL,2026-06-18,HOOD
HOOD260618C00110000,110.0,12.5,12.1,12.6,211.0,1632.0,0.6501499829101562,False,CALL,2026-06-18,HOOD
HOOD260618C00115000,115.0,10.75,10.4,10.8,184.0,2562.0,0.6424596301269532,False,CALL,2026-06-18,HOOD
HOOD260618C00120000,120.0,9.05,9.1,9.25,631.0,2763.0,0.6403234210205078,False,CALL,2026-06-18,HOOD
HOOD260618C00125000,125.0,8.35,7.7,8.0,59.0,1558.0,0.6350744500732424,False,CALL,2026-06-18,HOOD
HOOD260618C00130000,130.0,6.86,6.6,6.75,226.0,2415.0,0.6293372027587891,False,CALL,2026-06-18,HOOD
HOOD260618P00075000,75.0,4.58,4.45,4.7,19.0,5782.0,0.6353796228027344,False,PUT,2026-06-18,HOOD
HOOD260618P00080000,80.0,5.84,5.75,6.1,49.0,1456.0,0.6203651245117189,False,PUT,2026-06-18,HOOD
HOOD260618P00085000,85.0,7.65,7.35,7.8,111.0,2814.0,0.6086464916992189,False,PUT,2026-06-18,HOOD
HOOD260618P00090000,90.0,9.39,9.55,9.7,77.0,4607.0,0.6033975207519533,False,PUT,2026-06-18,HOOD
HOOD260618P00095000,95.0,11.55,11.6,12.15,28.0,3380.0,0.5949137188720703,False,PUT,2026-06-18,HOOD
HOOD260618P00100000,100.0,14.19,14.1,14.55,61.0,7738.0,0.5837443969726561,False,PUT,2026-06-18,HOOD
HOOD260618P00105000,105.0,17.08,16.8,17.35,53.0,2351.0,0.5743450769042968,True,PUT,2026-06-18,HOOD
HOOD260618P00110000,110.0,19.49,19.9,20.5,23.0,2975.0,0.5700116241455078,True,PUT,2026-06-18,HOOD
HOOD260618P00115000,115.0,23.14,23.1,23.8,13.0,1861.0,0.5611616149902343,True,PUT,2026-06-18,HOOD
HOOD260618P00120000,120.0,26.43,26.4,27.2,13.0,1374.0,0.547001600341797,True,PUT,2026-06-18,HOOD
HOOD260618P00125000,125.0,31.27,29.65,30.95,6.0,608.0,0.5295457202148439,True,PUT,2026-06-18,HOOD
HOOD260618P00130000,130.0,29.3,33.75,34.85,11.0,769.0,0.5258226129150392,True,PUT,2026-06-18,HOOD
HOOD260717C00075000,75.0,37.43,31.95,33.6,20.0,22.0,0.7413966290283203,True,CALL,2026-07-17,HOOD
HOOD260717C00080000,80.0,31.3,28.5,30.3,2.0,9.0,0.7238797143554687,True,CALL,2026-07-17,HOOD
HOOD260717C00085000,85.0,26.7,25.4,26.7,2.0,21.0,0.6995879650878907,True,CALL,2026-07-17,HOOD
HOOD260717C00090000,90.0,24.0,22.65,23.25,6.0,195.0,0.6787141503906251,True,CALL,2026-07-17,HOOD
HOOD260717C00095000,95.0,20.5,20.05,20.6,81.0,162.0,0.6692537957763673,True,CALL,2026-07-17,HOOD
HOOD260717C00100000,100.0,18.05,17.5,18.0,43.0,254.0,0.6538120556640626,True,CALL,2026-07-17,HOOD
HOOD260717C00105000,105.0,15.65,15.45,15.8,1028.0,369.0,0.6477086010742188,False,CALL,2026-07-17,HOOD
HOOD260717C00110000,110.0,14.15,13.4,14.1,17.0,505.0,0.6434361828613282,False,CALL,2026-07-17,HOOD
HOOD260717C00115000,115.0,13.04,11.85,12.15,2.0,490.0,0.6368444519042968,False,CALL,2026-07-17,HOOD
HOOD260717C00120000,120.0,11.35,10.4,10.65,41.0,508.0,0.633914793701172,False,CALL,2026-07-17,HOOD
HOOD260717C00125000,125.0,9.2,9.05,9.35,10.0,61.0,0.6306799627685546,False,CALL,2026-07-17,HOOD
HOOD260717C00130000,130.0,8.51,7.9,8.55,22.0,273.0,0.6353796228027344,False,CALL,2026-07-17,HOOD
HOOD260717P00075000,75.0,4.8,5.15,5.5,12.0,122.0,0.6203651245117189,False,PUT,2026-07-17,HOOD
HOOD260717P00080000,80.0,7.1,6.7,7.0,8.0,46.0,0.6102944244384767,False,PUT,2026-07-17,HOOD
HOOD260717P00085000,85.0,8.8,8.45,8.8,4.0,304.0,0.6007730352783205,False,PUT,2026-07-17,HOOD
HOOD260717P00090000,90.0,10.55,10.5,10.85,47.0,566.0,0.5925333715820313,False,PUT,2026-07-17,HOOD
HOOD260717P00095000,95.0,13.4,12.8,13.15,3.0,87.0,0.5844157769775391,False,PUT,2026-07-17,HOOD
HOOD260717P00100000,100.0,15.95,15.3,15.75,56.0,289.0,0.5764812860107422,False,PUT,2026-07-17,HOOD
HOOD260717P00105000,105.0,18.4,18.05,18.5,9.0,639.0,0.5672040350341796,True,PUT,2026-07-17,HOOD
HOOD260717P00110000,110.0,20.69,21.05,21.6,10.0,352.0,0.56055126953125,True,PUT,2026-07-17,HOOD
HOOD260717P00115000,115.0,24.15,24.3,24.9,5.0,202.0,0.5540816076660158,True,PUT,2026-07-17,HOOD
HOOD260717P00120000,120.0,28.65,27.75,28.25,23.0,100.0,0.5446822875976562,True,PUT,2026-07-17,HOOD
HOOD260717P00125000,125.0,30.7,31.0,32.05,3.0,50.0,0.5324143438720703,True,PUT,2026-07-17,HOOD
HOOD260717P00130000,130.0,32.25,34.8,35.95,37.0,124.0,0.5258226129150392,True,PUT,2026-07-17,HOOD
HOOD260821C00075000,75.0,37.55,33.3,34.85,6.0,16.0,0.7354762780761719,True,CALL,2026-08-21,HOOD
HOOD260821C00080000,80.0,31.6,30.1,32.0,48.0,43.0,0.7292507543945312,True,CALL,2026-08-21,HOOD
HOOD260821C00085000,85.0,28.15,27.0,28.1,2.0,19.0,0.6962920996093751,True,CALL,2026-08-21,HOOD
HOOD260821C00090000,90.0,24.2,24.45,25.9,2.0,76.0,0.7008086560058593,True,CALL,2026-08-21,HOOD
HOOD260821C00095000,95.0,22.5,22.0,22.9,10.0,60.0,0.6849396740722657,True,CALL,2026-08-21,HOOD
HOOD260821C00100000,100.0,20.3,19.85,20.3,94.0,164.0,0.6752962158203126,True,CALL,2026-08-21,HOOD
HOOD260821C00105000,105.0,17.6,17.35,18.35,5.0,105.0,0.6647982739257814,False,CALL,2026-08-21,HOOD
HOOD260821C00110000,110.0,15.95,15.6,16.2,10.0,271.0,0.6577793011474609,False,CALL,2026-08-21,HOOD
HOOD260821C00115000,115.0,14.0,13.9,14.95,161.0,116.0,0.6610751666259767,False,CALL,2026-08-21,HOOD
HOOD260821C00120000,120.0,13.11,12.55,13.0,63.0,1048.0,0.653445848388672,False,CALL,2026-08-21,HOOD
HOOD260821C00125000,125.0,11.0,10.85,11.65,51.0,110.0,0.645084115600586,False,CALL,2026-08-21,HOOD
HOOD260821C00130000,130.0,10.35,9.7,10.3,5.0,123.0,0.6414830773925781,False,CALL,2026-08-21,HOOD
HOOD260821P00075000,75.0,6.47,6.3,6.75,19.0,35.0,0.6235999554443359,False,PUT,2026-08-21,HOOD
HOOD260821P00080000,80.0,8.06,8.0,8.45,21.0,234.0,0.6157875335693359,False,PUT,2026-08-21,HOOD
HOOD260821P00085000,85.0,9.95,9.95,10.35,19.0,63.0,0.6079140771484376,False,PUT,2026-08-21,HOOD
HOOD260821P00090000,90.0,12.3,12.0,12.5,23.0,535.0,0.5982095843505859,False,PUT,2026-08-21,HOOD
HOOD260821P00095000,95.0,15.2,14.4,14.9,4.0,534.0,0.591373715209961,False,PUT,2026-08-21,HOOD
HOOD260821P00100000,100.0,17.49,16.85,17.45,22.0,638.0,0.5805095660400392,False,PUT,2026-08-21,HOOD
HOOD260821P00105000,105.0,20.2,19.5,20.4,6.0,285.0,0.5726971441650393,True,PUT,2026-08-21,HOOD
HOOD260821P00110000,110.0,22.35,22.75,23.35,12.0,355.0,0.5681195532226562,True,PUT,2026-08-21,HOOD
HOOD260821P00115000,115.0,24.67,26.0,26.65,2.0,261.0,0.5628705822753908,True,PUT,2026-08-21,HOOD
HOOD260821P00120000,120.0,27.5,29.25,30.2,1.0,389.0,0.5556685058593751,True,PUT,2026-08-21,HOOD
HOOD260821P00125000,125.0,32.75,32.9,33.6,2.0,28.0,0.5468184967041017,True,PUT,2026-08-21,HOOD
HOOD260821P00130000,130.0,34.3,36.1,37.5,1.0,35.0,0.5327805511474608,True,PUT,2026-08-21,HOOD
HOOD260918C00075000,75.0,36.0,34.3,35.7,3.0,96.0,0.729616961669922,True,CALL,2026-09-18,HOOD
HOOD260918C00080000,80.0,31.0,31.05,32.95,8.0,198.0,0.7215604016113282,True,CALL,2026-09-18,HOOD
HOOD260918C00085000,85.0,28.85,28.45,29.2,5.0,140.0,0.700198310546875,True,CALL,2026-09-18,HOOD
HOOD260918C00090000,90.0,26.0,25.7,26.2,150.0,282.0,0.6844513977050781,True,CALL,2026-09-18,HOOD
HOOD260918C00095000,95.0,23.3,22.9,24.1,43.0,280.0,0.6776155285644532,True,CALL,2026-09-18,HOOD
HOOD260918C00100000,100.0,21.25,20.85,21.55,53.0,1211.0,0.6699251757812501,True,CALL,2026-09-18,HOOD
HOOD260918C00105000,105.0,20.18,18.8,19.35,102.0,517.0,0.6624179266357424,False,CALL,2026-09-18,HOOD
HOOD260918C00110000,110.0,17.37,16.9,17.35,53.0,1203.0,0.6553989538574221,False,CALL,2026-09-18,HOOD
HOOD260918C00115000,115.0,15.93,15.15,15.75,30.0,642.0,0.6522251574707032,False,CALL,2026-09-18,HOOD
HOOD260918C00120000,120.0,14.55,13.55,14.15,26.0,1294.0,0.6467930828857422,False,CALL,2026-09-18,HOOD
HOOD260918C00125000,125.0,13.12,12.15,13.05,39.0,515.0,0.6481358428955077,False,CALL,2026-09-18,HOOD
HOOD260918C00130000,130.0,11.8,10.95,11.5,22.0,1365.0,0.641605146484375,False,CALL,2026-09-18,HOOD
HOOD260918P00075000,75.0,7.18,7.1,7.45,14.0,721.0,0.6184120190429689,False,PUT,2026-09-18,HOOD
HOOD260918P00080000,80.0,9.0,8.65,9.3,17.0,1005.0,0.6079140771484376,False,PUT,2026-09-18,HOOD
HOOD260918P00085000,85.0,10.78,10.8,11.15,73.0,5449.0,0.6008951043701174,False,PUT,2026-09-18,HOOD
HOOD260918P00090000,90.0,12.89,13.0,13.35,60.0,1780.0,0.5933878552246095,False,PUT,2026-09-18,HOOD
HOOD260918P00095000,95.0,15.52,15.25,15.8,11.0,1235.0,0.5838054315185546,False,PUT,2026-09-18,HOOD
HOOD260918P00100000,100.0,17.87,17.9,18.45,85.0,2407.0,0.5774578387451172,False,PUT,2026-09-18,HOOD
HOOD260918P00105000,105.0,20.8,20.75,21.35,5.0,3389.0,0.5719036950683594,True,PUT,2026-09-18,HOOD
HOOD260918P00110000,110.0,20.92,23.6,24.45,9.0,1261.0,0.5634198931884766,True,PUT,2026-09-18,HOOD
HOOD260918P00115000,115.0,27.71,26.3,27.65,37.0,3660.0,0.5484664294433594,True,PUT,2026-09-18,HOOD
HOOD260918P00120000,120.0,31.34,30.25,31.15,2.0,606.0,0.5524336749267578,True,PUT,2026-09-18,HOOD
HOOD260918P00125000,125.0,35.2,33.75,34.55,4.0,453.0,0.5425460784912111,True,PUT,2026-09-18,HOOD
HOOD260918P00130000,130.0,38.45,37.4,38.25,1.0,1371.0,0.5349167602539062,True,PUT,2026-09-18,HOOD
HOOD261016C00080000,80.0,32.3,32.3,33.45,16.0,44.0,0.7142362561035156,True,CALL,2026-10-16,HOOD
HOOD261016C00085000,85.0,30.67,29.4,30.1,2.0,3.0,0.6937896832275392,True,CALL,2026-10-16,HOOD
HOOD261016C00090000,90.0,26.84,26.55,27.6,2.0,5.0,0.6838410522460938,True,CALL,2026-10-16,HOOD
HOOD261016C00095000,95.0,28.5,24.15,25.4,11.0,12.0,0.6806672558593752,True,CALL,2026-10-16,HOOD
HOOD261016C00100000,100.0,22.5,21.9,22.9,26.0,47.0,0.6698641412353517,True,CALL,2026-10-16,HOOD
HOOD261016C00105000,105.0,20.75,19.9,20.65,6.0,23.0,0.6620517193603517,False,CALL,2026-10-16,HOOD
HOOD261016C00110000,110.0,19.27,18.05,19.4,8.0,98.0,0.6668734484863283,False,CALL,2026-10-16,HOOD
HOOD261016C00115000,115.0,16.73,16.2,17.0,7.0,31.0,0.6502720520019531,False,CALL,2026-10-16,HOOD
HOOD261016C00120000,120.0,15.12,14.85,15.3,11.0,103.0,0.647464462890625,False,CALL,2026-10-16,HOOD
HOOD261016C00125000,125.0,13.4,13.35,14.0,6.0,63.0,0.6445958392333984,False,CALL,2026-10-16,HOOD
HOOD261016C00130000,130.0,12.6,12.0,12.9,14.0,94.0,0.643405665588379,False,CALL,2026-10-16,HOOD
HOOD261016P00075000,75.0,8.18,7.7,8.2,1.0,25.0,0.6124306335449221,False,PUT,2026-10-16,HOOD
HOOD261016P00080000,80.0,9.66,9.6,10.05,3.0,6.0,0.6065102825927735,False,PUT,2026-10-16,HOOD
HOOD261016P00085000,85.0,10.38,11.5,12.05,1.0,1190.0,0.5957682025146485,False,PUT,2026-10-16,HOOD
HOOD261016P00090000,90.0,14.18,13.85,14.3,14.0,368.0,0.5902750933837893,False,PUT,2026-10-16,HOOD
HOOD261016P00095000,95.0,16.45,16.25,16.75,6.0,12.0,0.5822795678710937,False,PUT,2026-10-16,HOOD
HOOD261016P00100000,100.0,19.2,18.9,19.4,4.0,42.0,0.5753216296386718,False,PUT,2026-10-16,HOOD
HOOD261016P00105000,105.0,21.78,21.4,22.2,30.0,99.0,0.5627485131835939,True,PUT,2026-10-16,HOOD
HOOD261016P00110000,110.0,24.63,24.7,25.35,2.0,9.0,0.5619550640869142,True,PUT,2026-10-16,HOOD
HOOD261016P00115000,115.0,25.55,27.85,28.55,25.0,35.0,0.5545698840332032,True,PUT,2026-10-16,HOOD
HOOD261016P00120000,120.0,30.88,31.1,32.05,1.0,211.0,0.5482833258056643,True,PUT,2026-10-16,HOOD
HOOD261016P00125000,125.0,27.0,34.7,35.5,1.0,17.0,0.5418136639404298,True,PUT,2026-10-16,HOOD
HOOD261016P00130000,130.0,35.8,38.4,39.3,,150.0,0.5379074530029297,True,PUT,2026-10-16,HOOD
HOOD261120C00075000,75.0,41.0,35.95,38.45,3.0,7.0,0.7299831689453125,True,CALL,2026-11-20,HOOD
HOOD261120C00080000,80.0,37.98,33.6,34.45,1.0,2.0,0.7107572869873047,True,CALL,2026-11-20,HOOD
HOOD261120C00085000,85.0,35.55,30.0,31.95,1.0,4.0,0.6916534741210938,True,CALL,2026-11-20,HOOD
HOOD261120C00090000,90.0,29.45,28.05,29.85,10.0,1.0,0.7006255523681642,True,CALL,2026-11-20,HOOD
HOOD261120C00095000,95.0,28.19,25.8,26.65,1.0,34.0,0.6825593267822267,True,CALL,2026-11-20,HOOD
HOOD261120C00100000,100.0,24.1,23.8,25.0,2.0,12.0,0.6871369177246094,True,CALL,2026-11-20,HOOD
HOOD261120C00105000,105.0,23.65,21.4,22.55,1.0,18.0,0.6699251757812501,False,CALL,2026-11-20,HOOD
HOOD261120C00110000,110.0,20.05,19.75,20.5,7.0,12.0,0.6654086193847659,False,CALL,2026-11-20,HOOD
HOOD261120C00115000,115.0,20.25,17.95,18.75,1.0,124.0,0.659305164794922,False,CALL,2026-11-20,HOOD
HOOD261120C00120000,120.0,16.91,16.25,17.5,13.0,54.0,0.6580234393310547,False,CALL,2026-11-20,HOOD
HOOD261120C00125000,125.0,17.45,14.5,16.65,4.0,21.0,0.6583286120605469,False,CALL,2026-11-20,HOOD
HOOD261120C00130000,130.0,14.2,13.2,14.65,3.0,14.0,0.6458165301513672,False,CALL,2026-11-20,HOOD
HOOD261120P00075000,75.0,8.47,8.65,9.25,2.0,12.0,0.6136513244628907,False,PUT,2026-11-20,HOOD
HOOD261120P00080000,80.0,11.07,10.6,11.2,1.0,19.0,0.6074258007812501,False,PUT,2026-11-20,HOOD
HOOD261120P00085000,85.0,12.0,12.45,13.45,15.0,27.0,0.5980264807128908,False,PUT,2026-11-20,HOOD
HOOD261120P00090000,90.0,15.35,15.0,15.6,3.0,5.0,0.5922281988525393,False,PUT,2026-11-20,HOOD
HOOD261120P00095000,95.0,18.0,17.55,18.05,3.0,13.0,0.5853312951660157,False,PUT,2026-11-20,HOOD
HOOD261120P00100000,100.0,20.6,20.2,20.75,2.0,56.0,0.5783123223876954,False,PUT,2026-11-20,HOOD
HOOD261120P00105000,105.0,20.6,23.0,24.45,9.0,77.0,0.582584740600586,True,PUT,2026-11-20,HOOD
HOOD261120P00110000,110.0,24.03,26.0,26.85,10.0,12.0,0.566685241394043,True,PUT,2026-11-20,HOOD
HOOD261120P00115000,115.0,26.91,29.15,30.0,1.0,4.0,0.5590254058837891,True,PUT,2026-11-20,HOOD
HOOD261218C00075000,75.0,37.0,37.4,38.4,1.0,170.0,0.7227810925292968,True,CALL,2026-12-18,HOOD
HOOD261218C00080000,80.0,36.05,34.1,36.1,3.0,92.0,0.7152128088378906,True,CALL,2026-12-18,HOOD
HOOD261218C00085000,85.0,32.0,31.65,32.65,15.0,91.0,0.6980010668945313,True,CALL,2026-12-18,HOOD
HOOD261218C00090000,90.0,29.5,29.0,30.9,11.0,177.0,0.6996489996337891,True,CALL,2026-12-18,HOOD
HOOD261218C00095000,95.0,27.57,26.5,27.65,9.0,178.0,0.6769441485595704,True,CALL,2026-12-18,HOOD
HOOD261218C00100000,100.0,25.87,24.75,25.45,40.0,355.0,0.6763948376464846,True,CALL,2026-12-18,HOOD
HOOD261218C00105000,105.0,23.62,22.3,23.45,21.0,1072.0,0.6649813775634767,False,CALL,2026-12-18,HOOD
HOOD261218C00110000,110.0,21.3,20.75,21.5,63.0,375.0,0.6629672375488282,False,CALL,2026-12-18,HOOD
HOOD261218C00115000,115.0,19.08,18.9,19.7,8.0,450.0,0.6555210229492189,False,CALL,2026-12-18,HOOD
HOOD261218C00120000,120.0,18.09,17.55,18.2,142.0,649.0,0.6555820574951172,False,CALL,2026-12-18,HOOD
HOOD261218C00125000,125.0,16.55,16.2,16.85,39.0,534.0,0.6546055047607424,False,CALL,2026-12-18,HOOD
HOOD261218C00130000,130.0,15.25,14.85,15.3,11.0,1116.0,0.6481968774414062,False,CALL,2026-12-18,HOOD
HOOD261218P00075000,75.0,9.75,9.55,10.3,49.0,766.0,0.6219520227050781,False,PUT,2026-12-18,HOOD
HOOD261218P00080000,80.0,11.45,11.35,11.9,27.0,1069.0,0.6048623498535157,False,PUT,2026-12-18,HOOD
HOOD261218P00085000,85.0,13.85,13.4,13.95,1.0,328.0,0.5942423388671876,False,PUT,2026-12-18,HOOD
HOOD261218P00090000,90.0,16.1,15.8,16.35,86.0,385.0,0.588993367919922,False,PUT,2026-12-18,HOOD
HOOD261218P00095000,95.0,18.82,18.3,18.9,14.0,255.0,0.5821574987792968,False,PUT,2026-12-18,HOOD
HOOD261218P00100000,100.0,20.85,20.9,21.55,55.0,3962.0,0.573368524169922,False,PUT,2026-12-18,HOOD
HOOD261218P00105000,105.0,24.4,22.9,24.4,35.0,1071.0,0.5547835049438478,True,PUT,2026-12-18,HOOD
HOOD261218P00110000,110.0,26.98,26.9,27.55,5.0,326.0,0.5629316168212892,True,PUT,2026-12-18,HOOD
HOOD261218P00115000,115.0,30.41,30.0,30.75,8.0,388.0,0.555515919494629,True,PUT,2026-12-18,HOOD
HOOD261218P00120000,120.0,34.0,33.3,34.4,8.0,189.0,0.5529219512939454,True,PUT,2026-12-18,HOOD
HOOD261218P00125000,125.0,32.92,36.7,37.85,11.0,143.0,0.5454147021484376,True,PUT,2026-12-18,HOOD
HOOD261218P00130000,130.0,38.15,40.05,41.2,18.0,115.0,0.5321702056884765,True,PUT,2026-12-18,HOOD
HOOD270115C00075000,75.0,39.85,38.3,39.35,79.0,2093.0,0.7248562670898437,True,CALL,2027-01-15,HOOD
HOOD270115C00080000,80.0,36.35,35.4,36.3,59.0,2398.0,0.7100248724365235,True,CALL,2027-01-15,HOOD
HOOD270115C00085000,85.0,33.53,32.6,34.4,35.0,6127.0,0.7103300451660157,True,CALL,2027-01-15,HOOD
HOOD270115C00090000,90.0,30.65,30.15,30.45,45.0,2752.0,0.681216566772461,True,CALL,2027-01-15,HOOD
HOOD270115C00095000,95.0,28.25,27.95,28.6,72.0,4025.0,0.6826203613281252,True,CALL,2027-01-15,HOOD
HOOD270115C00100000,100.0,26.1,25.75,26.65,486.0,11967.0,0.6784089776611328,True,CALL,2027-01-15,HOOD
HOOD270115C00105000,105.0,24.06,23.65,24.4,89.0,1652.0,0.668094139404297,False,CALL,2027-01-15,HOOD
HOOD270115C00110000,110.0,22.43,21.95,22.55,72.0,2562.0,0.6650424121093752,False,CALL,2027-01-15,HOOD
HOOD270115C00115000,115.0,21.2,20.05,20.75,27.0,2496.0,0.6569858520507813,False,CALL,2027-01-15,HOOD
HOOD270115C00120000,120.0,18.89,18.5,19.1,93.0,4252.0,0.652469295654297,False,CALL,2027-01-15,HOOD
HOOD270115C00125000,125.0,17.5,17.25,17.75,32.0,1819.0,0.6528355029296876,False,CALL,2027-01-15,HOOD
HOOD270115C00130000,130.0,16.49,15.8,16.5,68.0,3189.0,0.6493565338134766,False,CALL,2027-01-15,HOOD
HOOD270115P00075000,75.0,10.27,10.05,10.45,9.0,637.0,0.6080361462402344,False,PUT,2027-01-15,HOOD
HOOD270115P00080000,80.0,12.14,11.65,12.5,32.0,1169.0,0.5947916497802734,False,PUT,2027-01-15,HOOD
HOOD270115P00085000,85.0,14.51,14.2,15.0,29.0,1560.0,0.5979654461669923,False,PUT,2027-01-15,HOOD
HOOD270115P00090000,90.0,16.76,16.45,17.0,9.0,1773.0,0.5836833624267577,False,PUT,2027-01-15,HOOD
HOOD270115P00095000,95.0,19.56,18.85,19.55,14.0,566.0,0.5749859396362305,False,PUT,2027-01-15,HOOD
HOOD270115P00100000,100.0,22.09,21.85,22.3,353.0,9732.0,0.5726361096191408,False,PUT,2027-01-15,HOOD
HOOD270115P00105000,105.0,25.13,23.85,25.45,21.0,581.0,0.5582319567871095,True,PUT,2027-01-15,HOOD
HOOD270115P00110000,110.0,28.55,27.5,28.55,15.0,1501.0,0.5606123040771485,True,PUT,2027-01-15,HOOD
HOOD270115P00115000,115.0,31.45,29.9,31.65,4.0,3273.0,0.5432174584960938,True,PUT,2027-01-15,HOOD
HOOD270115P00120000,120.0,34.89,33.85,34.75,18.0,2073.0,0.5420578021240237,True,PUT,2027-01-15,HOOD
HOOD270115P00125000,125.0,36.27,37.6,38.85,23.0,381.0,0.5478560839843751,True,PUT,2027-01-15,HOOD
HOOD270115P00130000,130.0,39.15,40.1,42.6,2.0,505.0,0.5297898583984376,True,PUT,2027-01-15,HOOD
HOOD270319C00075000,75.0,41.7,39.95,40.9,6.0,45.0,0.7178372943115234,True,CALL,2027-03-19,HOOD
HOOD270319C00080000,80.0,38.13,37.35,39.1,5.0,135.0,0.7239407489013672,True,CALL,2027-03-19,HOOD
HOOD270319C00085000,85.0,35.22,34.75,35.85,6.0,755.0,0.7045317633056642,True,CALL,2027-03-19,HOOD
HOOD270319C00090000,90.0,32.8,31.6,33.65,16.0,2132.0,0.6894257131958009,True,CALL,2027-03-19,HOOD
HOOD270319C00095000,95.0,31.55,29.85,30.75,22.0,175.0,0.6807282904052736,True,CALL,2027-03-19,HOOD
HOOD270319C00100000,100.0,28.95,28.0,29.1,18.0,716.0,0.6835358795166018,True,CALL,2027-03-19,HOOD
HOOD270319C00105000,105.0,26.4,25.25,27.05,20.0,154.0,0.6671175866699222,False,CALL,2027-03-19,HOOD
HOOD270319C00110000,110.0,24.6,24.2,24.9,51.0,348.0,0.667666897583008,False,CALL,2027-03-19,HOOD
HOOD270319C00115000,115.0,24.55,22.5,23.5,11.0,564.0,0.6667208621215822,False,CALL,2027-03-19,HOOD
HOOD270319C00120000,120.0,21.78,20.65,21.8,33.0,286.0,0.6579929220581054,False,CALL,2027-03-19,HOOD
HOOD270319C00125000,125.0,19.52,19.5,20.25,16.0,1100.0,0.6570468865966796,False,CALL,2027-03-19,HOOD
HOOD270319C00130000,130.0,18.2,18.1,19.75,6.0,895.0,0.663333444824219,False,CALL,2027-03-19,HOOD
HOOD270319P00075000,75.0,10.1,11.45,12.65,1.0,695.0,0.6170082244873047,False,PUT,2027-03-19,HOOD
HOOD270319P00080000,80.0,13.65,13.5,14.35,83.0,350.0,0.6022378643798829,False,PUT,2027-03-19,HOOD
HOOD270319P00085000,85.0,14.81,15.7,16.5,1.0,6851.0,0.5921976815795901,False,PUT,2027-03-19,HOOD
HOOD270319P00090000,90.0,17.1,18.1,18.75,2.0,464.0,0.5822795678710937,False,PUT,2027-03-19,HOOD
HOOD270319P00095000,95.0,19.96,20.75,21.65,4.0,387.0,0.5800823242187501,False,PUT,2027-03-19,HOOD
HOOD270319P00100000,100.0,23.98,23.3,24.15,7.0,88.0,0.5678143804931641,False,PUT,2027-03-19,HOOD
HOOD270319P00105000,105.0,27.12,26.35,28.1,22.0,245.0,0.5758709405517577,True,PUT,2027-03-19,HOOD
HOOD270319P00110000,110.0,29.97,29.1,30.2,3.0,61.0,0.5547224703979493,True,PUT,2027-03-19,HOOD
HOOD270319P00115000,115.0,33.05,32.45,33.35,3.0,170.0,0.5501753967285157,True,PUT,2027-03-19,HOOD
HOOD270319P00120000,120.0,35.85,35.8,36.65,6.0,126.0,0.5444381494140625,True,PUT,2027-03-19,HOOD
HOOD270319P00125000,125.0,39.15,39.25,40.15,10.0,17.0,0.5394333166503908,True,PUT,2027-03-19,HOOD
HOOD270319P00130000,130.0,40.32,42.85,44.85,1.0,23.0,0.5477340148925782,True,PUT,2027-03-19,HOOD
HOOD270617C00075000,75.0,43.97,42.35,43.45,13.0,10.0,0.7211331597900392,True,CALL,2027-06-17,HOOD
HOOD270617C00080000,80.0,43.05,39.15,41.6,14.0,27.0,0.7139310833740236,True,CALL,2027-06-17,HOOD
HOOD270617C00085000,85.0,37.85,37.4,38.4,4.0,30.0,0.7049590051269532,True,CALL,2027-06-17,HOOD
HOOD270617C00090000,90.0,35.64,35.1,36.05,40.0,44.0,0.6970855487060548,True,CALL,2027-06-17,HOOD
HOOD270617C00095000,95.0,34.37,32.65,34.3,22.0,44.0,0.6919586468505861,True,CALL,2027-06-17,HOOD
HOOD270617C00100000,100.0,31.22,31.2,31.8,30.0,168.0,0.6872589868164063,True,CALL,2027-06-17,HOOD
HOOD270617C00105000,105.0,29.38,28.95,30.0,14.0,58.0,0.679110874938965,False,CALL,2027-06-17,HOOD
HOOD270617C00110000,110.0,27.6,26.8,29.1,36.0,59.0,0.6799958758544924,False,CALL,2027-06-17,HOOD
HOOD270617C00115000,115.0,25.8,25.55,26.4,2.0,137.0,0.6688265539550782,False,CALL,2027-06-17,HOOD
HOOD270617C00120000,120.0,26.0,24.0,25.0,6.0,40.0,0.6667513793945314,False,CALL,2027-06-17,HOOD
HOOD270617C00125000,125.0,23.02,22.5,23.5,6.0,76.0,0.6622653402709963,False,CALL,2027-06-17,HOOD
HOOD270617C00130000,130.0,21.53,21.3,22.2,10.0,14.0,0.6614413739013674,False,CALL,2027-06-17,HOOD
HOOD270617P00075000,75.0,13.5,13.4,13.5,22.0,157.0,0.5992776889038086,False,PUT,2027-06-17,HOOD
HOOD270617P00080000,80.0,15.5,15.3,16.45,1.0,477.0,0.5979044116210939,False,PUT,2027-06-17,HOOD
HOOD270617P00085000,85.0,17.17,17.7,18.55,1.0,34.0,0.5878337115478516,False,PUT,2027-06-17,HOOD
HOOD270617P00090000,90.0,20.53,20.25,20.8,6.0,602.0,0.5782512878417969,False,PUT,2027-06-17,HOOD
HOOD270617P00095000,95.0,23.53,22.75,23.5,3.0,9.0,0.5703473141479493,False,PUT,2027-06-17,HOOD
HOOD270617P00100000,100.0,24.2,25.65,27.2,1.0,32.0,0.5753216296386718,False,PUT,2027-06-17,HOOD
HOOD270617P00105000,105.0,27.36,28.6,29.25,1.0,102.0,0.5593305786132813,True,PUT,2027-06-17,HOOD
HOOD270617P00110000,110.0,32.25,30.65,32.4,2.0,30.0,0.5432784930419923,True,PUT,2027-06-17,HOOD
HOOD270617P00115000,115.0,35.41,34.75,35.45,1.0,44.0,0.5457809094238282,True,PUT,2027-06-17,HOOD
HOOD270617P00120000,120.0,37.95,38.2,38.95,2.0,171.0,0.5436141830444338,True,PUT,2027-06-17,HOOD
HOOD270617P00125000,125.0,35.05,40.1,42.2,1.0,38.0,0.519963296508789,True,PUT,2027-06-17,HOOD
HOOD270617P00130000,130.0,42.0,43.55,45.75,,1.0,0.5137682901000976,True,PUT,2027-06-17,HOOD
HOOD271217C00075000,75.0,46.45,46.0,48.4,25.0,843.0,0.7236966107177734,True,CALL,2027-12-17,HOOD
HOOD271217C00080000,80.0,45.0,43.85,46.3,5.0,2118.0,0.7213772979736328,True,CALL,2027-12-17,HOOD
HOOD271217C00085000,85.0,46.0,41.55,43.15,4.0,2058.0,0.7030058996582031,True,CALL,2027-12-17,HOOD
HOOD271217C00090000,90.0,41.0,39.7,40.85,26.0,10481.0,0.6976958941650393,True,CALL,2027-12-17,HOOD
HOOD271217C00095000,95.0,38.2,37.75,39.2,3.0,3828.0,0.6962310650634767,True,CALL,2027-12-17,HOOD
HOOD271217C00100000,100.0,36.64,35.65,36.9,17.0,8729.0,0.6846345013427735,True,CALL,2027-12-17,HOOD
HOOD271217C00105000,105.0,35.11,33.85,35.3,30.0,1438.0,0.6817048431396486,False,CALL,2027-12-17,HOOD
HOOD271217C00110000,110.0,33.1,31.75,33.3,3.0,697.0,0.6703524176025393,False,CALL,2027-12-17,HOOD
HOOD271217C00115000,115.0,31.41,30.85,32.1,28.0,877.0,0.6769441485595704,False,CALL,2027-12-17,HOOD
HOOD271217C00120000,120.0,30.0,29.0,30.5,6.0,3980.0,0.6691317266845704,False,CALL,2027-12-17,HOOD
HOOD271217C00125000,125.0,28.61,27.15,29.7,2.0,917.0,0.6676058630371096,False,CALL,2027-12-17,HOOD
HOOD271217C00130000,130.0,28.0,26.55,27.85,26.0,1018.0,0.6667208621215822,False,CALL,2027-12-17,HOOD
HOOD271217P00075000,75.0,16.7,16.25,16.75,1.0,988.0,0.5877726770019531,False,PUT,2027-12-17,HOOD
HOOD271217P00080000,80.0,18.59,18.45,19.1,5.0,459.0,0.5787090469360351,False,PUT,2027-12-17,HOOD
HOOD271217P00085000,85.0,19.56,20.35,21.6,10.0,1175.0,0.5655255850219728,False,PUT,2027-12-17,HOOD
HOOD271217P00090000,90.0,23.73,23.55,24.45,82.0,3211.0,0.5676923114013672,False,PUT,2027-12-17,HOOD
HOOD271217P00095000,95.0,27.1,26.35,28.2,51.0,473.0,0.5719342123413086,False,PUT,2027-12-17,HOOD
HOOD271217P00100000,100.0,29.62,29.1,32.0,6.0,1953.0,0.5734295587158205,False,PUT,2027-12-17,HOOD
HOOD271217P00105000,105.0,32.32,31.35,33.0,3.0,259.0,0.5409591802978517,True,PUT,2027-12-17,HOOD
HOOD271217P00110000,110.0,33.26,34.95,36.35,20.0,597.0,0.5424240093994142,True,PUT,2027-12-17,HOOD
HOOD271217P00115000,115.0,39.19,38.15,40.15,15.0,209.0,0.5423324575805665,True,PUT,2027-12-17,HOOD
HOOD271217P00120000,120.0,39.75,41.5,42.7,1.0,159.0,0.5302781347656251,True,PUT,2027-12-17,HOOD
HOOD271217P00125000,125.0,44.25,45.05,46.9,3.0,180.0,0.5335740002441407,True,PUT,2027-12-17,HOOD
HOOD271217P00130000,130.0,46.67,48.45,49.55,1.0,82.0,0.5197801928710937,True,PUT,2027-12-17,HOOD
HOOD280121C00075000,75.0,47.9,47.15,48.6,109.0,634.0,0.7223538507080078,True,CALL,2028-01-21,HOOD
HOOD280121C00080000,80.0,45.5,45.0,46.0,8.0,345.0,0.7135343588256836,True,CALL,2028-01-21,HOOD
HOOD280121C00085000,85.0,43.49,42.9,44.2,6.0,90.0,0.7122831506347658,True,CALL,2028-01-21,HOOD
HOOD280121C00090000,90.0,40.9,40.65,42.5,31.0,377.0,0.7082243533325195,True,CALL,2028-01-21,HOOD
HOOD280121C00095000,95.0,38.89,38.7,40.1,15.0,221.0,0.6981841705322267,True,CALL,2028-01-21,HOOD
HOOD280121C00100000,100.0,37.5,37.1,37.75,127.0,2013.0,0.6907989904785157,True,CALL,2028-01-21,HOOD
HOOD280121C00105000,105.0,35.6,35.25,36.3,60.0,394.0,0.6883576086425782,False,CALL,2028-01-21,HOOD
HOOD280121C00110000,110.0,34.0,33.45,34.3,17.0,505.0,0.6796296685791017,False,CALL,2028-01-21,HOOD
HOOD280121C00115000,115.0,33.35,31.6,32.75,15.0,620.0,0.6734651794433595,False,CALL,2028-01-21,HOOD
HOOD280121C00120000,120.0,31.0,30.4,31.0,26.0,1134.0,0.6702608657836916,False,CALL,2028-01-21,HOOD
HOOD280121C00125000,125.0,29.4,28.8,29.7,19.0,603.0,0.6662936203002933,False,CALL,2028-01-21,HOOD
HOOD280121C00130000,130.0,28.0,27.35,28.65,20.0,863.0,0.6648593084716798,False,CALL,2028-01-21,HOOD
HOOD280121P00075000,75.0,16.75,16.7,17.2,15.0,781.0,0.5840800869750976,False,PUT,2028-01-21,HOOD
HOOD280121P00080000,80.0,19.3,18.95,19.65,10.0,427.0,0.5762981823730469,False,PUT,2028-01-21,HOOD
HOOD280121P00085000,85.0,21.45,21.65,22.1,250.0,606.0,0.5708661077880859,False,PUT,2028-01-21,HOOD
HOOD280121P00090000,90.0,23.69,23.5,24.85,8.0,1845.0,0.5573469558715821,False,PUT,2028-01-21,HOOD
HOOD280121P00095000,95.0,26.93,27.05,28.35,8.0,744.0,0.5663495513916017,False,PUT,2028-01-21,HOOD
HOOD280121P00100000,100.0,30.2,29.85,30.5,8.0,2247.0,0.5521895367431642,False,PUT,2028-01-21,HOOD
HOOD280121P00105000,105.0,33.25,32.9,33.5,2.0,216.0,0.5468795312500001,True,PUT,2028-01-21,HOOD
HOOD280121P00110000,110.0,35.82,34.7,36.85,1.0,735.0,0.5314377911376953,True,PUT,2028-01-21,HOOD
HOOD280121P00115000,115.0,37.49,39.2,40.05,7.0,1028.0,0.5376633148193359,True,PUT,2028-01-21,HOOD
HOOD280121P00120000,120.0,42.18,42.5,43.35,20.0,293.0,0.5320786538696288,True,PUT,2028-01-21,HOOD
HOOD280121P00125000,125.0,44.0,45.4,46.7,2.0,278.0,0.5218553674316406,True,PUT,2028-01-21,HOOD
HOOD280121P00130000,130.0,49.71,48.35,50.2,3.0,253.0,0.5119677709960937,True,PUT,2028-01-21,HOOD
HPE260130C00017000,17.0,4.65,4.3,5.1,3.0,2.0,2.89844025390625,True,CALL,2026-01-30,HPE
HPE260130C00018000,18.0,3.43,3.3,4.1,1.0,1.0,2.3984415039062497,True,CALL,2026-01-30,HPE
HPE260130C00020000,20.0,1.78,1.33,1.9,1.0,42.0,0.8437515624999999,True,CALL,2026-01-30,HPE
HPE260130C00020500,20.5,1.25,1.05,1.43,7.0,82.0,0.7578149218750001,True,CALL,2026-01-30,HPE
HPE260130C00021000,21.0,0.78,0.56,0.96,5.0,492.0,0.6210975390625001,True,CALL,2026-01-30,HPE
HPE260130C00021500,21.5,0.38,0.38,0.46,34.0,415.0,0.3789124609375,True,CALL,2026-01-30,HPE
HPE260130C00022000,22.0,0.14,0.1,0.19,62.0,2594.0,0.39453730468750003,False,CALL,2026-01-30,HPE
HPE260130C00022500,22.5,0.05,0.02,0.05,72.0,5621.0,0.38281867187499996,False,CALL,2026-01-30,HPE
HPE260130C00023000,23.0,0.04,0.0,0.05,44.0,260.0,0.5625043750000001,False,CALL,2026-01-30,HPE
HPE260130C00023500,23.5,0.01,0.0,0.01,1.0,154.0,0.51562984375,False,CALL,2026-01-30,HPE
HPE260130C00024000,24.0,0.01,0.0,0.09,2.0,54.0,0.85937640625,False,CALL,2026-01-30,HPE
HPE260130C00024500,24.5,0.01,0.0,0.52,2.0,102.0,1.6367205664062499,False,CALL,2026-01-30,HPE
HPE260130C00025000,25.0,0.01,0.0,0.01,1.0,158.0,0.7812521875,False,CALL,2026-01-30,HPE
HPE260130C00025500,25.5,0.01,0.0,0.01,2.0,20.0,0.87500125,False,CALL,2026-01-30,HPE
HPE260130C00026000,26.0,0.01,0.0,0.01,1.0,1353.0,0.9687503125,False,CALL,2026-01-30,HPE
HPE260130C00026500,26.5,0.25,0.0,2.13,1.0,2.0,3.941406396484375,False,CALL,2026-01-30,HPE
HPE260130C00027000,27.0,0.02,0.0,0.28,1.0,174.0,2.0625048437499998,False,CALL,2026-01-30,HPE
HPE260130C00027500,27.5,0.06,0.0,0.61,4.0,19.0,2.7031282421875,False,CALL,2026-01-30,HPE
HPE260130C00028000,28.0,0.03,0.0,2.13,1.0,5.0,4.464848168945313,False,CALL,2026-01-30,HPE
HPE260130P00018000,18.0,0.01,0.0,0.01,1.0,17.0,1.125004375,False,PUT,2026-01-30,HPE
HPE260130P00018500,18.5,0.05,0.0,0.75,,1.0,2.50781623046875,False,PUT,2026-01-30,HPE
HPE260130P00019000,19.0,0.01,0.0,0.75,37.0,348.0,2.2421918945312496,False,PUT,2026-01-30,HPE
HPE260130P00019500,19.5,0.02,0.0,0.75,89.0,137.0,1.9765626171875001,False,PUT,2026-01-30,HPE
HPE260130P00020000,20.0,0.01,0.0,0.64,10.0,124.0,1.5898458007812497,False,PUT,2026-01-30,HPE
HPE260130P00020500,20.5,0.08,0.01,0.05,24.0,1816.0,0.5937540625000001,False,PUT,2026-01-30,HPE
HPE260130P00021000,21.0,0.05,0.03,0.2,5.0,327.0,0.6445348046875,False,PUT,2026-01-30,HPE
HPE260130P00021500,21.5,0.15,0.11,0.18,13.0,5957.0,0.5117236328125,False,PUT,2026-01-30,HPE
HPE260130P00022000,22.0,0.4,0.33,0.54,3012.0,4071.0,0.55273884765625,True,PUT,2026-01-30,HPE
HPE260130P00022500,22.5,0.82,0.54,1.35,10.0,5067.0,0.8632826171875,True,PUT,2026-01-30,HPE
HPE260130P00023000,23.0,1.25,1.08,1.59,22.0,33.0,0.8984385156249999,True,PUT,2026-01-30,HPE
HPE260130P00023500,23.5,2.35,1.51,2.02,1.0,58.0,0.937500625,True,PUT,2026-01-30,HPE
HPE260130P00024000,24.0,2.31,2.04,2.47,3.0,14.0,1.0859420703125,True,PUT,2026-01-30,HPE
HPE260130P00024500,24.5,2.72,2.42,3.2,6.0,11.0,1.40625296875,True,PUT,2026-01-30,HPE
HPE260130P00025000,25.0,3.38,2.92,3.7,1.0,10.0,1.5664084179687499,True,PUT,2026-01-30,HPE
HPE260130P00026500,26.5,4.92,4.1,5.85,1.0,0.0,2.4726600683593754,True,PUT,2026-01-30,HPE
HPE260130P00027000,27.0,2.98,4.0,6.7,1.0,0.0,2.2773480566406246,True,PUT,2026-01-30,HPE
HPE260130P00027500,27.5,5.04,4.05,7.75,,0.0,2.56250359375,True,PUT,2026-01-30,HPE
HPE260130P00028000,28.0,6.34,5.7,7.55,20.0,1.0,3.281251796875,True,PUT,2026-01-30,HPE
HPE260206C00016000,16.0,5.73,5.35,6.1,,10.0,1.609376953125,True,CALL,2026-02-06,HPE
HPE260206C00018000,18.0,3.6,3.35,4.0,2.0,6.0,0.9687503125,True,CALL,2026-02-06,HPE
HPE260206C00019000,19.0,3.72,2.34,3.15,,4.0,0.96289099609375,True,CALL,2026-02-06,HPE
HPE260206C00020500,20.5,1.43,1.02,1.56,1.0,1.0,0.5117236328125,True,CALL,2026-02-06,HPE
HPE260206C00021000,21.0,1.06,0.9,1.07,4.0,112.0,0.40039662109375,True,CALL,2026-02-06,HPE
HPE260206C00021500,21.5,0.67,0.67,0.72,32.0,74.0,0.38477177734374995,True,CALL,2026-02-06,HPE
HPE260206C00022000,22.0,0.45,0.4,0.44,11.0,221.0,0.3711000390625,False,CALL,2026-02-06,HPE
HPE260206C00022500,22.5,0.2,0.23,0.28,42.0,307.0,0.39063109375,False,CALL,2026-02-06,HPE
HPE260206C00023000,23.0,0.15,0.12,0.16,14.0,114.0,0.39453730468750003,False,CALL,2026-02-06,HPE
HPE260206C00023500,23.5,0.07,0.04,0.1,19.0,326.0,0.41797457031249996,False,CALL,2026-02-06,HPE
HPE260206C00024000,24.0,0.04,0.01,0.08,14.0,142.0,0.46680220703125,False,CALL,2026-02-06,HPE
HPE260206C00024500,24.5,0.06,0.0,0.05,15.0,47.0,0.4804739453125,False,CALL,2026-02-06,HPE
HPE260206C00025000,25.0,0.02,0.01,1.21,11.0,126.0,1.197269638671875,False,CALL,2026-02-06,HPE
HPE260206C00025500,25.5,1.08,0.0,0.27,14.0,44.0,0.7675804492187501,False,CALL,2026-02-06,HPE
HPE260206C00026000,26.0,0.05,0.0,0.59,1.0,1.0,1.05078599609375,False,CALL,2026-02-06,HPE
HPE260206C00026500,26.5,0.24,0.0,0.75,35.0,35.0,1.2148476757812499,False,CALL,2026-02-06,HPE
HPE260206C00027000,27.0,0.28,0.0,0.79,1.0,5.0,1.3125034374999998,False,CALL,2026-02-06,HPE
HPE260206C00027500,27.5,0.23,0.0,1.4,3.0,3.0,1.6972671386718752,False,CALL,2026-02-06,HPE
HPE260206P00017500,17.5,0.1,0.0,0.75,,1.0,1.43359658203125,False,PUT,2026-02-06,HPE
HPE260206P00018500,18.5,0.09,0.0,0.75,,20.0,1.1816447167968749,False,PUT,2026-02-06,HPE
HPE260206P00019000,19.0,0.06,0.0,1.0,1.0,18.0,1.19141029296875,False,PUT,2026-02-06,HPE
HPE260206P00019500,19.5,0.05,0.0,1.15,11.0,40.0,1.1308637207031251,False,PUT,2026-02-06,HPE
HPE260206P00020000,20.0,0.08,0.06,0.12,1.0,51.0,0.5195360546875,False,PUT,2026-02-06,HPE
HPE260206P00020500,20.5,0.12,0.12,0.17,2.0,118.0,0.47461462890625,False,PUT,2026-02-06,HPE
HPE260206P00021000,21.0,0.27,0.22,0.28,1.0,61.0,0.45898978515625005,False,PUT,2026-02-06,HPE
HPE260206P00021500,21.5,0.43,0.36,0.4,17.0,36.0,0.41211525390625,False,PUT,2026-02-06,HPE
HPE260206P00022000,22.0,0.74,0.62,0.7,6.0,168.0,0.45508357421875,True,PUT,2026-02-06,HPE
HPE260206P00022500,22.5,1.05,0.9,1.04,2.0,19.0,0.481450498046875,True,PUT,2026-02-06,HPE
HPE260206P00023000,23.0,2.08,1.26,1.78,6.0,9.0,0.586918193359375,True,PUT,2026-02-06,HPE
HPE260206P00023500,23.5,2.38,1.56,2.21,5.0,62.0,0.570316796875,True,PUT,2026-02-06,HPE
HPE260206P00024000,24.0,2.2,2.03,2.85,3.0,8.0,0.7187528125,True,PUT,2026-02-06,HPE
HPE260206P00024500,24.5,2.19,2.43,3.2,3.0,21.0,0.6679720703125002,True,PUT,2026-02-06,HPE
HPE260206P00025000,25.0,3.12,2.92,3.7,,0.0,0.7382838671874999,True,PUT,2026-02-06,HPE
HPE260206P00026000,26.0,4.41,3.85,4.7,2.0,2.0,0.8281267187499999,True,PUT,2026-02-06,HPE
HPE260206P00027500,27.5,6.89,5.35,6.2,20.0,11.0,1.015629921875,True,PUT,2026-02-06,HPE
HPE260213C00020000,20.0,1.85,1.54,2.15,1.0,24.0,0.5429733203125001,True,CALL,2026-02-13,HPE
HPE260213C00020500,20.5,1.57,1.44,1.71,1.0,27.0,0.49219257812500006,True,CALL,2026-02-13,HPE
HPE260213C00021000,21.0,1.1,1.08,1.24,2.0,21.0,0.4101621484375,True,CALL,2026-02-13,HPE
HPE260213C00021500,21.5,0.65,0.74,0.9,3.0,14.0,0.39160764648437496,True,CALL,2026-02-13,HPE
HPE260213C00022000,22.0,0.69,0.53,0.62,1.0,80.0,0.37695935546875,False,CALL,2026-02-13,HPE
HPE260213C00022500,22.5,0.47,0.33,0.43,16.0,72.0,0.38086556640624997,False,CALL,2026-02-13,HPE
HPE260213C00023000,23.0,0.26,0.22,0.3,4.0,87.0,0.39258419921875,False,CALL,2026-02-13,HPE
HPE260213C00023500,23.5,0.18,0.11,0.2,2.0,12.0,0.398443515625,False,CALL,2026-02-13,HPE
HPE260213C00024000,24.0,0.12,0.05,0.14,3.0,42.0,0.41211525390625,False,CALL,2026-02-13,HPE
HPE260213C00024500,24.5,0.06,0.05,0.49,45.0,6.0,0.586918193359375,False,CALL,2026-02-13,HPE
HPE260213C00025000,25.0,0.04,0.0,1.0,4.0,31.0,0.82226740234375,False,CALL,2026-02-13,HPE
HPE260213C00025500,25.5,0.18,0.0,2.14,2.0,55.0,1.2587927685546876,False,CALL,2026-02-13,HPE
HPE260213C00027000,27.0,0.04,0.0,1.8,,2.0,1.3515657421874998,False,CALL,2026-02-13,HPE
HPE260213P00018000,18.0,0.24,0.0,0.45,7.0,8.0,0.8261736132812498,False,PUT,2026-02-13,HPE
HPE260213P00019000,19.0,0.13,0.04,2.19,7.0,21.0,1.3320345898437496,False,PUT,2026-02-13,HPE
HPE260213P00019500,19.5,0.09,0.07,0.35,27.0,59.0,0.5585981640625001,False,PUT,2026-02-13,HPE
HPE260213P00020000,20.0,0.16,0.12,0.2,3.0,74.0,0.46484910156250003,False,PUT,2026-02-13,HPE
HPE260213P00020500,20.5,0.36,0.2,0.29,47.0,47.0,0.446294599609375,False,PUT,2026-02-13,HPE
HPE260213P00021000,21.0,0.4,0.35,0.42,2.0,82.0,0.432622861328125,False,PUT,2026-02-13,HPE
HPE260213P00021500,21.5,0.6,0.49,0.61,1.0,24.0,0.42774009765625004,False,PUT,2026-02-13,HPE
HPE260213P00022000,22.0,0.8,0.76,0.85,1.0,12.0,0.42383388671875,True,PUT,2026-02-13,HPE
HPE260213P00022500,22.5,1.13,1.05,1.16,2.0,21.0,0.42969320312500003,True,PUT,2026-02-13,HPE
HPE260213P00023000,23.0,1.5,1.24,1.53,2.0,8.0,0.446294599609375,True,PUT,2026-02-13,HPE
HPE260213P00023500,23.5,3.09,1.67,2.27,,1.0,0.6787141503906251,True,PUT,2026-02-13,HPE
HPE260213P00024000,24.0,2.54,2.01,2.73,7.0,10.0,0.73437765625,True,PUT,2026-02-13,HPE
HPE260213P00024500,24.5,2.72,2.46,3.4,1.0,2.0,0.5996133789062501,True,PUT,2026-02-13,HPE
HPE260213P00027500,27.5,5.1,5.4,6.25,,0.0,0.8242205078124999,True,PUT,2026-02-13,HPE
HPE260220C00016000,16.0,4.53,5.3,6.15,4.0,38.0,1.0605515722656251,True,CALL,2026-02-20,HPE
HPE260220C00017000,17.0,3.6,4.35,5.15,6.0,13.0,0.90429783203125,True,CALL,2026-02-20,HPE
HPE260220C00017500,17.5,3.15,3.9,4.7,,11.0,0.8710950390625,True,CALL,2026-02-20,HPE
HPE260220C00018000,18.0,4.05,3.4,4.2,6.0,54.0,0.7939473730468749,True,CALL,2026-02-20,HPE
HPE260220C00019000,19.0,3.15,2.52,3.25,13.0,182.0,0.6748079394531252,True,CALL,2026-02-20,HPE
HPE260220C00020000,20.0,2.05,1.91,2.15,15.0,279.0,0.45215391601562505,True,CALL,2026-02-20,HPE
HPE260220C00020500,20.5,1.75,1.56,1.74,21.0,164.0,0.42774009765625004,True,CALL,2026-02-20,HPE
HPE260220C00021000,21.0,1.26,1.23,1.38,5.0,2324.0,0.414068359375,True,CALL,2026-02-20,HPE
HPE260220C00021500,21.5,0.98,1.03,1.07,9.0,268.0,0.4062559375,True,CALL,2026-02-20,HPE
HPE260220C00022000,22.0,0.77,0.76,0.77,42.0,3275.0,0.38281867187499996,False,CALL,2026-02-20,HPE
HPE260220C00022500,22.5,0.53,0.54,0.57,76.0,796.0,0.38477177734374995,False,CALL,2026-02-20,HPE
HPE260220C00023000,23.0,0.41,0.39,0.42,30.0,6173.0,0.39063109375,False,CALL,2026-02-20,HPE
HPE260220C00023500,23.5,0.26,0.25,0.26,1.0,98.0,0.36914693359375,False,CALL,2026-02-20,HPE
HPE260220C00024000,24.0,0.17,0.18,0.19,3.0,6124.0,0.38086556640624997,False,CALL,2026-02-20,HPE
HPE260220C00024500,24.5,0.12,0.07,0.14,1.0,42.0,0.393560751953125,False,CALL,2026-02-20,HPE
HPE260220C00025000,25.0,0.06,0.05,0.09,8.0,6548.0,0.39063109375,False,CALL,2026-02-20,HPE
HPE260220C00026000,26.0,0.03,0.01,0.05,12.0,2317.0,0.41797457031249996,False,CALL,2026-02-20,HPE
HPE260220C00027000,27.0,0.03,0.0,0.05,21.0,1270.0,0.48438015625,False,CALL,2026-02-20,HPE
HPE260220C00028000,28.0,0.02,0.0,0.05,55.0,1026.0,0.5507857421875001,False,CALL,2026-02-20,HPE
HPE260220P00016000,16.0,0.06,0.0,0.06,15.0,64.0,0.64062859375,False,PUT,2026-02-20,HPE
HPE260220P00017000,17.0,0.07,0.0,0.06,20.0,210.0,0.5312546875,False,PUT,2026-02-20,HPE
HPE260220P00018000,18.0,0.16,0.0,0.08,1.0,810.0,0.523442265625,False,PUT,2026-02-20,HPE
HPE260220P00018500,18.5,0.1,0.05,0.1,1.0,4.0,0.49023947265625006,False,PUT,2026-02-20,HPE
HPE260220P00019000,19.0,0.13,0.08,0.13,1.0,416.0,0.46094289062500005,False,PUT,2026-02-20,HPE
HPE260220P00019500,19.5,0.15,0.12,0.19,1.0,25.0,0.44922425781249997,False,PUT,2026-02-20,HPE
HPE260220P00020000,20.0,0.28,0.23,0.28,4.0,1523.0,0.44336494140625,False,PUT,2026-02-20,HPE
HPE260220P00020500,20.5,0.35,0.33,0.39,3.0,58.0,0.43066975585937506,False,PUT,2026-02-20,HPE
HPE260220P00021000,21.0,0.56,0.49,0.55,3.0,5716.0,0.42676354492187507,False,PUT,2026-02-20,HPE
HPE260220P00021500,21.5,0.7,0.66,0.7,64.0,1124.0,0.39942006835937505,False,PUT,2026-02-20,HPE
HPE260220P00022000,22.0,0.94,0.9,0.97,33.0,2333.0,0.40820904296875,True,PUT,2026-02-20,HPE
HPE260220P00023000,23.0,2.27,1.34,1.64,20.0,2129.0,0.42774009765625004,True,PUT,2026-02-20,HPE
HPE260220P00024000,24.0,2.25,2.12,2.47,1.0,1044.0,0.4687553125,True,PUT,2026-02-20,HPE
HPE260220P00025000,25.0,3.41,2.95,3.4,1.0,770.0,0.5312546875,True,PUT,2026-02-20,HPE
HPE260220P00026000,26.0,2.46,3.7,4.7,3.0,6.0,0.8261736132812498,True,PUT,2026-02-20,HPE
HPE260220P00027000,27.0,5.05,3.5,7.25,1.0,0.0,0.69336244140625,True,PUT,2026-02-20,HPE
HPE260220P00028000,28.0,6.88,4.9,8.25,40.0,0.0,0.9335944140625,True,PUT,2026-02-20,HPE
HPE260227C00019000,19.0,3.67,2.58,3.4,1.0,1.0,0.6777375976562501,True,CALL,2026-02-27,HPE
HPE260227C00020000,20.0,1.58,2.0,2.34,1.0,3.0,0.49805189453125004,True,CALL,2026-02-27,HPE
HPE260227C00020500,20.5,1.2,1.65,1.93,,4.0,0.46484910156250003,True,CALL,2026-02-27,HPE
HPE260227C00021000,21.0,0.88,1.29,1.51,,7.0,0.418951123046875,True,CALL,2026-02-27,HPE
HPE260227C00021500,21.5,0.85,1.02,1.38,2.0,26.0,0.4819387744140625,True,CALL,2026-02-27,HPE
HPE260227C00022000,22.0,0.95,0.77,0.95,25.0,84.0,0.407232490234375,False,CALL,2026-02-27,HPE
HPE260227C00022500,22.5,0.72,0.55,0.72,1.0,58.0,0.398443515625,False,CALL,2026-02-27,HPE
HPE260227C00023000,23.0,0.45,0.38,0.67,3.0,43.0,0.450200810546875,False,CALL,2026-02-27,HPE
HPE260227C00023500,23.5,0.36,0.25,0.43,2.0,21.0,0.407232490234375,False,CALL,2026-02-27,HPE
HPE260227C00024000,24.0,0.32,0.16,0.31,1.0,13.0,0.4023497265625,False,CALL,2026-02-27,HPE
HPE260227C00024500,24.5,0.28,0.1,0.24,1.0,17.0,0.4101621484375,False,CALL,2026-02-27,HPE
HPE260227C00025000,25.0,0.17,0.06,2.25,14.0,43.0,0.9023447265625,False,CALL,2026-02-27,HPE
HPE260227C00025500,25.5,0.17,0.0,2.2,,2.0,0.9326178613281251,False,CALL,2026-02-27,HPE
HPE260227C00026000,26.0,0.06,0.0,1.14,1.0,2.0,0.7314479980468749,False,CALL,2026-02-27,HPE
HPE260227C00026500,26.5,0.06,0.0,2.17,,7.0,1.0263720556640625,False,CALL,2026-02-27,HPE
HPE260227C00027000,27.0,0.07,0.0,1.35,,65.0,0.87500125,False,CALL,2026-02-27,HPE
HPE260227P00016000,16.0,0.26,0.0,2.14,,1.0,1.4902369238281248,False,PUT,2026-02-27,HPE
HPE260227P00017000,17.0,0.39,0.0,2.16,,1.0,1.3105503222656247,False,PUT,2026-02-27,HPE
HPE260227P00019000,19.0,0.23,0.11,0.22,3.0,16.0,0.476567734375,False,PUT,2026-02-27,HPE
HPE260227P00019500,19.5,0.25,0.2,0.28,1.0,18.0,0.45313046875,False,PUT,2026-02-27,HPE
HPE260227P00020000,20.0,0.35,0.29,0.39,18.0,66.0,0.44824770507812495,False,PUT,2026-02-27,HPE
HPE260227P00020500,20.5,0.45,0.35,0.52,1.0,3.0,0.43945873046875,False,PUT,2026-02-27,HPE
HPE260227P00021000,21.0,0.62,0.53,0.68,2.0,103.0,0.42969320312500003,False,PUT,2026-02-27,HPE
HPE260227P00021500,21.5,0.88,0.74,0.89,35.0,52.0,0.42676354492187507,False,PUT,2026-02-27,HPE
HPE260227P00022000,22.0,1.13,0.94,1.13,1.0,39.0,0.42139250488281255,True,PUT,2026-02-27,HPE
HPE260227P00022500,22.5,1.44,1.24,1.42,4.0,41.0,0.42090422851562503,True,PUT,2026-02-27,HPE
HPE260227P00023000,23.0,2.49,1.59,1.76,,4.0,0.42676354492187507,True,PUT,2026-02-27,HPE
HPE260227P00023500,23.5,2.51,1.97,2.21,1.0,1.0,0.4687553125,True,PUT,2026-02-27,HPE
HPE260227P00024000,24.0,2.59,1.0,4.45,2.0,25.0,0.534184345703125,True,PUT,2026-02-27,HPE
HPE260227P00024500,24.5,2.85,1.83,4.9,,1.0,0.6543003320312502,True,PUT,2026-02-27,HPE
HPE260306C00023000,23.0,0.86,0.49,0.85,2.0,15.0,0.4726615234375,False,CALL,2026-03-06,HPE
HPE260306C00025000,25.0,0.25,0.0,0.44,,1.0,0.5127001855468749,False,CALL,2026-03-06,HPE
HPE260306P00020000,20.0,0.55,0.32,0.66,3.0,9.0,0.526371923828125,False,PUT,2026-03-06,HPE
HPE260306P00020500,20.5,0.89,0.44,0.82,1.0,1.0,0.5190477783203125,False,PUT,2026-03-06,HPE
HPE260306P00022000,22.0,1.33,1.04,1.47,1.0,3.0,0.5019581054687501,True,PUT,2026-03-06,HPE
HPE260306P00022500,22.5,2.09,1.31,1.76,3.0,3.0,0.5029346582031251,True,PUT,2026-03-06,HPE
HPE260320C00016000,16.0,7.15,5.45,7.75,8.0,21.0,0.9804689453125001,True,CALL,2026-03-20,HPE
HPE260320C00017000,17.0,4.08,4.55,6.3,8.0,23.0,0.76367423828125,True,CALL,2026-03-20,HPE
HPE260320C00018000,18.0,3.93,3.75,4.65,43.0,617.0,0.53320779296875,True,CALL,2026-03-20,HPE
HPE260320C00019000,19.0,3.25,2.95,4.25,3.0,51.0,0.6025430371093752,True,CALL,2026-03-20,HPE
HPE260320C00020000,20.0,2.3,2.24,2.66,75.0,1250.0,0.5009815527343751,True,CALL,2026-03-20,HPE
HPE260320C00021000,21.0,1.9,1.81,1.96,1.0,521.0,0.467778759765625,True,CALL,2026-03-20,HPE
HPE260320C00022000,22.0,1.45,1.32,1.43,3.0,7842.0,0.459966337890625,False,CALL,2026-03-20,HPE
HPE260320C00023000,23.0,0.91,0.9,1.02,8.0,1706.0,0.45654840332031255,False,CALL,2026-03-20,HPE
HPE260320C00024000,24.0,0.66,0.61,0.7,15.0,2612.0,0.45117736328125,False,CALL,2026-03-20,HPE
HPE260320C00025000,25.0,0.4,0.4,0.49,3.0,2451.0,0.45703667968750006,False,CALL,2026-03-20,HPE
HPE260320C00026000,26.0,0.28,0.23,0.33,39.0,2652.0,0.4580132324218751,False,CALL,2026-03-20,HPE
HPE260320C00027000,27.0,0.17,0.16,0.33,53.0,6630.0,0.5195360546875,False,CALL,2026-03-20,HPE
HPE260320C00028000,28.0,0.14,0.08,0.15,13.0,402.0,0.46582565429687506,False,CALL,2026-03-20,HPE
HPE260320P00016000,16.0,0.14,0.07,0.58,1.0,8236.0,0.73437765625,False,PUT,2026-03-20,HPE
HPE260320P00017000,17.0,0.22,0.17,2.32,1.0,93.0,1.0771530517578127,False,PUT,2026-03-20,HPE
HPE260320P00018000,18.0,0.3,0.27,0.35,3.0,10386.0,0.5136767382812499,False,PUT,2026-03-20,HPE
HPE260320P00019000,19.0,0.53,0.43,0.54,36.0,2755.0,0.51758294921875,False,PUT,2026-03-20,HPE
HPE260320P00020000,20.0,0.82,0.65,0.81,190.0,1640.0,0.5029346582031251,False,PUT,2026-03-20,HPE
HPE260320P00021000,21.0,1.1,1.07,1.14,46.0,829.0,0.47949739257812496,False,PUT,2026-03-20,HPE
HPE260320P00022000,22.0,1.5,1.45,1.64,13.0,1267.0,0.47949739257812496,True,PUT,2026-03-20,HPE
HPE260320P00023000,23.0,1.45,2.04,2.26,1.0,1801.0,0.48633326171875,True,PUT,2026-03-20,HPE
HPE260320P00024000,24.0,3.24,2.75,2.94,2.0,1636.0,0.48389187988281257,True,PUT,2026-03-20,HPE
HPE260320P00025000,25.0,3.71,3.4,3.85,7.0,1010.0,0.5376022802734376,True,PUT,2026-03-20,HPE
HPE260320P00026000,26.0,4.05,4.25,5.3,2.0,992.0,0.584965087890625,True,PUT,2026-03-20,HPE
HPE260320P00027000,27.0,3.4,5.15,6.7,1.0,374.0,0.711916943359375,True,PUT,2026-03-20,HPE
HPE260320P00028000,28.0,4.45,5.45,6.85,454.0,522.0,0.747072841796875,True,PUT,2026-03-20,HPE
HPE260417C00016000,16.0,6.01,5.5,6.35,1.0,3.0,0.676761044921875,True,CALL,2026-04-17,HPE
HPE260417C00017000,17.0,5.05,4.65,5.45,2.0,22.0,0.624027197265625,True,CALL,2026-04-17,HPE
HPE260417C00018000,18.0,3.8,3.8,4.55,6.0,3.0,0.5654340332031251,True,CALL,2026-04-17,HPE
HPE260417C00019000,19.0,2.76,3.25,3.55,5.0,238.0,0.467778759765625,True,CALL,2026-04-17,HPE
HPE260417C00020000,20.0,2.75,2.62,2.81,2.0,424.0,0.445318046875,True,CALL,2026-04-17,HPE
HPE260417C00021000,21.0,2.15,2.05,2.2,10.0,105.0,0.4379939013671875,True,CALL,2026-04-17,HPE
HPE260417C00022000,22.0,1.67,1.54,1.69,30.0,451.0,0.4335994140625,False,CALL,2026-04-17,HPE
HPE260417C00023000,23.0,1.1,1.1,1.27,11.0,355.0,0.4292049267578125,False,CALL,2026-04-17,HPE
HPE260417C00024000,24.0,0.9,0.81,0.91,1.0,512.0,0.4194393994140625,False,CALL,2026-04-17,HPE
HPE260417C00025000,25.0,0.65,0.48,0.66,1.0,840.0,0.418951123046875,False,CALL,2026-04-17,HPE
HPE260417C00026000,26.0,0.44,0.27,0.5,13.0,624.0,0.42774009765625004,False,CALL,2026-04-17,HPE
HPE260417C00027000,27.0,0.29,0.17,0.36,2.0,523.0,0.4292049267578125,False,CALL,2026-04-17,HPE
HPE260417C00028000,28.0,0.26,0.11,0.31,55.0,621.0,0.4545952978515625,False,CALL,2026-04-17,HPE
HPE260417P00016000,16.0,0.34,0.11,0.24,3.0,598.0,0.5390671093750001,False,PUT,2026-04-17,HPE
HPE260417P00017000,17.0,0.43,0.19,0.34,3.0,97.0,0.5107470800781251,False,PUT,2026-04-17,HPE
HPE260417P00018000,18.0,0.44,0.32,0.49,5.0,527.0,0.48828636718750007,False,PUT,2026-04-17,HPE
HPE260417P00019000,19.0,1.06,0.52,0.73,50.0,206.0,0.47949739257812496,False,PUT,2026-04-17,HPE
HPE260417P00020000,20.0,0.95,0.95,1.0,2.0,1560.0,0.4585015087890626,False,PUT,2026-04-17,HPE
HPE260417P00021000,21.0,1.34,1.3,1.44,1.0,485.0,0.46289599609375004,False,PUT,2026-04-17,HPE
HPE260417P00022000,22.0,1.91,1.77,1.91,152.0,516.0,0.45215391601562505,True,PUT,2026-04-17,HPE
HPE260417P00023000,23.0,2.39,2.23,2.51,10.0,225.0,0.45313046875,True,PUT,2026-04-17,HPE
HPE260417P00024000,24.0,3.07,2.94,3.2,4.0,599.0,0.45752495605468757,True,PUT,2026-04-17,HPE
HPE260417P00025000,25.0,3.76,3.65,3.95,1.0,588.0,0.46045461425781253,True,PUT,2026-04-17,HPE
HPE260417P00026000,26.0,3.0,4.35,5.1,222.0,753.0,0.5659223095703125,True,PUT,2026-04-17,HPE
HPE260417P00027000,27.0,3.7,5.2,6.0,4.0,108.0,0.594730615234375,True,PUT,2026-04-17,HPE
HPE260417P00028000,28.0,4.7,5.4,7.6,118.0,118.0,0.8208025732421874,True,PUT,2026-04-17,HPE
HPE260515C00016000,16.0,5.65,5.6,6.4,24.0,52.0,0.6015664843750002,True,CALL,2026-05-15,HPE
HPE260515C00017000,17.0,4.93,0.0,0.0,1.0,1.0,1.0000000000000003e-05,True,CALL,2026-05-15,HPE
HPE260515C00018000,18.0,4.37,3.95,4.7,10.0,25.0,0.5307664111328125,True,CALL,2026-05-15,HPE
HPE260515C00019000,19.0,3.62,3.5,3.75,2.0,16.0,0.45703667968750006,True,CALL,2026-05-15,HPE
HPE260515C00020000,20.0,2.38,2.84,3.1,4.0,124.0,0.45264219238281256,True,CALL,2026-05-15,HPE
HPE260515C00021000,21.0,2.17,2.24,2.48,5.0,242.0,0.43848217773437503,True,CALL,2026-05-15,HPE
HPE260515C00022000,22.0,1.71,1.66,1.99,1.0,343.0,0.43604079589843747,False,CALL,2026-05-15,HPE
HPE260515C00023000,23.0,1.44,1.32,1.57,13.0,2358.0,0.4331111376953125,False,CALL,2026-05-15,HPE
HPE260515C00024000,24.0,0.92,1.0,1.16,5.0,820.0,0.4165097412109374,False,CALL,2026-05-15,HPE
HPE260515C00025000,25.0,0.83,0.63,0.92,14.0,1780.0,0.4233456103515625,False,CALL,2026-05-15,HPE
HPE260515C00026000,26.0,0.5,0.42,0.71,1.0,180.0,0.424810439453125,False,CALL,2026-05-15,HPE
HPE260515C00027000,27.0,0.43,0.28,0.53,1.0,1670.0,0.42188078125,False,CALL,2026-05-15,HPE
HPE260515C00028000,28.0,0.42,0.19,0.4,55.0,208.0,0.422857333984375,False,CALL,2026-05-15,HPE
HPE260515P00016000,16.0,0.27,0.01,0.32,1.0,6.0,0.5039112109375,False,PUT,2026-05-15,HPE
HPE260515P00017000,17.0,0.4,0.27,0.47,1.0,92.0,0.4907277490234375,False,PUT,2026-05-15,HPE
HPE260515P00018000,18.0,0.55,0.44,0.67,1.0,120.0,0.47803256347656253,False,PUT,2026-05-15,HPE
HPE260515P00019000,19.0,0.85,0.67,0.93,10.0,150.0,0.46631393066406257,False,PUT,2026-05-15,HPE
HPE260515P00020000,20.0,1.15,1.11,1.19,27.0,297.0,0.43945873046875,False,PUT,2026-05-15,HPE
HPE260515P00021000,21.0,1.52,1.36,1.65,1.0,227.0,0.44385321777343745,False,PUT,2026-05-15,HPE
HPE260515P00022000,22.0,2.1,1.92,2.15,3.0,3450.0,0.43945873046875,True,PUT,2026-05-15,HPE
HPE260515P00023000,23.0,2.57,2.5,2.74,1.0,10235.0,0.43848217773437503,True,PUT,2026-05-15,HPE
HPE260515P00024000,24.0,4.1,3.05,3.4,1.0,45.0,0.437505625,True,PUT,2026-05-15,HPE
HPE260515P00025000,25.0,3.75,3.8,4.1,33.0,61.0,0.43164630859375,True,PUT,2026-05-15,HPE
HPE260515P00026000,26.0,3.2,4.6,4.9,26.0,110.0,0.436529072265625,True,PUT,2026-05-15,HPE
HPE260515P00027000,27.0,3.85,5.3,6.05,7.0,27.0,0.5239305419921875,True,PUT,2026-05-15,HPE
HPE260618C00017000,17.0,5.2,5.0,5.8,1.0,1731.0,0.5678754150390625,True,CALL,2026-06-18,HPE
HPE260618C00018000,18.0,4.7,4.5,4.8,1.0,78.0,0.48779809082031256,True,CALL,2026-06-18,HPE
HPE260618C00019000,19.0,4.05,3.8,4.1,1.0,14.0,0.47803256347656253,True,CALL,2026-06-18,HPE
HPE260618C00020000,20.0,3.3,3.15,3.45,30.0,2933.0,0.46631393066406257,True,CALL,2026-06-18,HPE
HPE260618C00021000,21.0,2.5,2.54,2.88,2.0,152.0,0.4585015087890626,True,CALL,2026-06-18,HPE
HPE260618C00022000,22.0,1.95,2.13,2.39,3.0,2526.0,0.454107021484375,False,CALL,2026-06-18,HPE
HPE260618C00023000,23.0,1.87,1.76,1.87,6.0,275.0,0.432622861328125,False,CALL,2026-06-18,HPE
HPE260618C00024000,24.0,1.41,1.42,1.54,5.0,635.0,0.43530838134765626,False,CALL,2026-06-18,HPE
HPE260618C00025000,25.0,1.2,1.09,1.2,1.0,836.0,0.42529871582031253,False,CALL,2026-06-18,HPE
HPE260618C00026000,26.0,0.83,0.87,0.92,1.0,386.0,0.41602146484374997,False,CALL,2026-06-18,HPE
HPE260618C00027000,27.0,0.69,0.68,0.71,3.0,891.0,0.4116269775390625,False,CALL,2026-06-18,HPE
HPE260618C00028000,28.0,0.52,0.41,0.66,2.0,89.0,0.4379939013671875,False,CALL,2026-06-18,HPE
HPE260618P00017000,17.0,0.63,0.41,0.69,2.0,2146.0,0.49561051269531253,False,PUT,2026-06-18,HPE
HPE260618P00018000,18.0,0.84,0.76,0.92,3.0,122.0,0.4819387744140625,False,PUT,2026-06-18,HPE
HPE260618P00019000,19.0,1.23,0.9,1.23,4.0,1435.0,0.47461462890625,False,PUT,2026-06-18,HPE
HPE260618P00020000,20.0,1.62,1.25,1.59,1.0,3532.0,0.46533737792968755,False,PUT,2026-06-18,HPE
HPE260618P00021000,21.0,2.0,1.65,2.01,1.0,1095.0,0.45606012695312503,False,PUT,2026-06-18,HPE
HPE260618P00022000,22.0,2.57,2.21,2.47,54.0,790.0,0.442388388671875,True,PUT,2026-06-18,HPE
HPE260618P00023000,23.0,3.6,2.85,3.05,32.0,125.0,0.43945873046875,True,PUT,2026-06-18,HPE
HPE260618P00024000,24.0,3.7,3.35,3.7,2.0,57.0,0.4382380395507813,True,PUT,2026-06-18,HPE
HPE260618P00025000,25.0,4.05,4.05,4.45,22.0,153.0,0.44605046142578125,True,PUT,2026-06-18,HPE
HPE260618P00026000,26.0,4.8,4.8,5.2,2.0,163.0,0.44482977050781247,True,PUT,2026-06-18,HPE
HPE260618P00027000,27.0,6.15,5.45,6.0,1.0,428.0,0.445318046875,True,PUT,2026-06-18,HPE
HPE260618P00028000,28.0,4.7,6.05,6.65,2.0,2.0,0.3979552392578125,True,PUT,2026-06-18,HPE
HPE260821C00016000,16.0,5.82,6.0,6.8,1.0,1.0,0.5395553857421876,True,CALL,2026-08-21,HPE
HPE260821C00020000,20.0,3.41,3.45,3.85,13.0,33.0,0.454107021484375,True,CALL,2026-08-21,HPE
HPE260821C00021000,21.0,3.3,2.86,3.3,,1.0,0.44727115234375,True,CALL,2026-08-21,HPE
HPE260821C00022000,22.0,2.55,2.35,2.79,7.0,6.0,0.43848217773437503,False,CALL,2026-08-21,HPE
HPE260821C00023000,23.0,1.89,1.94,2.38,24.0,95.0,0.4370173486328125,False,CALL,2026-08-21,HPE
HPE260821C00024000,24.0,1.3,1.55,2.0,19.0,25.0,0.43237872314453124,False,CALL,2026-08-21,HPE
HPE260821C00025000,25.0,1.33,1.24,1.67,3.0,44.0,0.4282283740234375,False,CALL,2026-08-21,HPE
HPE260821C00026000,26.0,0.97,0.97,1.42,1.0,2021.0,0.4299373413085938,False,CALL,2026-08-21,HPE
HPE260821C00027000,27.0,0.78,0.73,1.18,14.0,16.0,0.4272518212890626,False,CALL,2026-08-21,HPE
HPE260821C00028000,28.0,1.16,0.59,0.98,1.0,3.0,0.42529871582031253,False,CALL,2026-08-21,HPE
HPE260821P00016000,16.0,0.62,0.44,0.86,2.0,42.0,0.5185595019531251,False,PUT,2026-08-21,HPE
HPE260821P00017000,17.0,1.09,0.63,0.96,21.0,17.0,0.47461462890625,False,PUT,2026-08-21,HPE
HPE260821P00018000,18.0,1.32,0.72,1.24,50.0,70.0,0.4650932397460938,False,PUT,2026-08-21,HPE
HPE260821P00019000,19.0,2.07,1.15,1.57,,40.0,0.45606012695312503,False,PUT,2026-08-21,HPE
HPE260821P00020000,20.0,1.74,1.51,1.99,,20.0,0.45337460693359377,False,PUT,2026-08-21,HPE
HPE260821P00021000,21.0,2.35,2.01,2.39,1.0,221.0,0.4387263159179688,False,PUT,2026-08-21,HPE
HPE260821P00022000,22.0,2.6,2.49,2.89,1.0,2.0,0.43164630859375,True,PUT,2026-08-21,HPE
HPE260821P00023000,23.0,3.15,3.0,3.45,1.0,3.0,0.42578699218750005,True,PUT,2026-08-21,HPE
HPE260821P00024000,24.0,3.6,3.6,4.05,1.0,7.0,0.41797457031249996,True,PUT,2026-08-21,HPE
HPE260821P00025000,25.0,4.5,4.3,4.7,20.0,60.0,0.4101621484375,True,PUT,2026-08-21,HPE
HPE260821P00026000,26.0,5.0,4.95,5.45,4.0,65.0,0.411138701171875,True,PUT,2026-08-21,HPE
HPE260821P00027000,27.0,4.5,5.8,6.2,8.0,18.0,0.4057676611328125,True,PUT,2026-08-21,HPE
HPE260821P00028000,28.0,7.26,6.5,7.3,1.0,4.0,0.45752495605468757,True,PUT,2026-08-21,HPE
HPE260918C00017000,17.0,7.0,5.85,6.2,2.0,497.0,0.5239305419921875,True,CALL,2026-09-18,HPE
HPE260918C00020000,20.0,3.5,3.65,4.1,18.0,245.0,0.46533737792968755,True,CALL,2026-09-18,HPE
HPE260918C00022000,22.0,2.15,2.61,3.05,3.0,468.0,0.4489801196289062,False,CALL,2026-09-18,HPE
HPE260918C00025000,25.0,1.77,1.5,1.86,6.0,1174.0,0.42969320312500003,False,CALL,2026-09-18,HPE
HPE260918C00027000,27.0,1.13,0.94,1.37,10.0,317.0,0.43115803222656257,False,CALL,2026-09-18,HPE
HPE260918P00017000,17.0,0.95,0.77,1.14,10.0,10926.0,0.4826711889648438,False,PUT,2026-09-18,HPE
HPE260918P00020000,20.0,2.0,1.7,2.18,10.0,4591.0,0.45508357421875,False,PUT,2026-09-18,HPE
HPE260918P00022000,22.0,3.1,2.67,3.15,2.0,519.0,0.4426325268554688,True,PUT,2026-09-18,HPE
HPE260918P00025000,25.0,4.72,4.5,4.95,5.0,1158.0,0.42188078125,True,PUT,2026-09-18,HPE
HPE260918P00027000,27.0,6.0,5.95,6.4,10.0,307.0,0.41309180664062495,True,PUT,2026-09-18,HPE
HPE261218C00018000,18.0,5.85,5.35,5.7,2.0,8.0,0.4633842724609375,True,CALL,2026-12-18,HPE
HPE261218C00020000,20.0,3.65,4.1,4.55,2.0,166.0,0.45435115966796874,True,CALL,2026-12-18,HPE
HPE261218C00022000,22.0,3.4,3.1,3.5,1.0,616.0,0.43628493408203123,False,CALL,2026-12-18,HPE
HPE261218C00025000,25.0,2.25,1.95,2.37,81.0,355.0,0.4274959594726563,False,CALL,2026-12-18,HPE
HPE261218C00027000,27.0,2.19,1.37,1.78,1.0,33.0,0.4194393994140625,False,CALL,2026-12-18,HPE
HPE261218P00018000,18.0,1.65,1.58,1.7,3.0,21395.0,0.4414118359375,False,PUT,2026-12-18,HPE
HPE261218P00020000,20.0,2.45,2.2,2.52,5.0,615.0,0.43140217041015627,False,PUT,2026-12-18,HPE
HPE261218P00022000,22.0,3.4,3.25,3.55,50.0,64.0,0.424810439453125,True,PUT,2026-12-18,HPE
HPE261218P00025000,25.0,5.85,4.85,5.35,10.0,49.0,0.4074766284179688,True,PUT,2026-12-18,HPE
HPE261218P00027000,27.0,6.41,6.35,6.8,2.0,17.0,0.4035704174804688,True,PUT,2026-12-18,HPE
HPE270115C00017000,17.0,5.29,6.1,6.45,29.0,576.0,0.4660697924804688,True,CALL,2027-01-15,HPE
HPE270115C00020000,20.0,4.4,4.2,4.7,43.0,1286.0,0.45508357421875,True,CALL,2027-01-15,HPE
HPE270115C00022000,22.0,3.4,3.2,3.65,1.0,3989.0,0.436529072265625,False,CALL,2027-01-15,HPE
HPE270115C00025000,25.0,2.42,2.09,2.52,1.0,2297.0,0.42774009765625004,False,CALL,2027-01-15,HPE
HPE270115C00027000,27.0,1.35,1.54,1.96,18.0,1799.0,0.42456630126953127,False,CALL,2027-01-15,HPE
HPE270115P00017000,17.0,1.41,1.34,1.58,10.0,5233.0,0.463872548828125,False,PUT,2027-01-15,HPE
HPE270115P00020000,20.0,2.57,2.33,2.78,10.0,2310.0,0.4470270141601562,False,PUT,2027-01-15,HPE
HPE270115P00022000,22.0,3.5,3.4,3.65,48.0,274.0,0.4194393994140625,True,PUT,2027-01-15,HPE
HPE270115P00025000,25.0,5.8,5.0,5.6,22.0,348.0,0.4204159521484375,True,PUT,2027-01-15,HPE
HPE270115P00027000,27.0,6.15,6.4,6.95,1.0,25.0,0.4057676611328125,True,PUT,2027-01-15,HPE
HPE280121C00018000,18.0,6.69,5.75,7.35,5.0,125.0,0.47437049072265625,True,CALL,2028-01-21,HPE
HPE280121C00020000,20.0,5.9,5.7,6.0,12.0,144.0,0.4338435522460938,True,CALL,2028-01-21,HPE
HPE280121C00022000,22.0,5.0,3.9,6.15,49.0,1161.0,0.5163622583007812,False,CALL,2028-01-21,HPE
HPE280121C00025000,25.0,4.1,3.6,4.1,2.0,197.0,0.42737389038085943,False,CALL,2028-01-21,HPE
HPE280121C00027000,27.0,3.1,3.0,3.45,65.0,1125.0,0.41968353759765625,False,CALL,2028-01-21,HPE
HPE280121P00018000,18.0,2.95,2.66,3.5,40.0,708.0,0.4753470434570312,False,PUT,2028-01-21,HPE
HPE280121P00020000,20.0,4.0,3.6,4.0,1.0,105.0,0.4211483666992188,False,PUT,2028-01-21,HPE
HPE280121P00022000,22.0,4.8,4.6,4.9,5.0,640.0,0.397466962890625,True,PUT,2028-01-21,HPE
HPE280121P00025000,25.0,6.6,6.2,6.9,1.0,1529.0,0.39954213745117195,True,PUT,2028-01-21,HPE
HPE280121P00027000,27.0,6.6,7.45,9.0,2.0,36.0,0.45313046875,True,PUT,2028-01-21,HPE
HPQ260130C00014000,14.0,5.19,5.25,5.7,1.0,1.0,3.1718770703125,True,CALL,2026-01-30,HPQ
HPQ260130C00015000,15.0,4.63,4.1,4.7,1.0,0.0,2.2187544531249994,True,CALL,2026-01-30,HPQ
HPQ260130C00016000,16.0,3.46,3.05,3.65,4.0,1.0,1.40625296875,True,CALL,2026-01-30,HPQ
HPQ260130C00017000,17.0,2.11,2.05,2.75,1.0,4.0,1.3046909765624997,True,CALL,2026-01-30,HPQ
HPQ260130C00018000,18.0,1.5,1.26,1.59,23.0,203.0,0.929688203125,True,CALL,2026-01-30,HPQ
HPQ260130C00018500,18.5,0.94,0.51,1.17,1.0,4.0,1.21875390625,True,CALL,2026-01-30,HPQ
HPQ260130C00019000,19.0,0.51,0.48,0.5,372.0,407.0,0.5312546875,True,CALL,2026-01-30,HPQ
HPQ260130C00019500,19.5,0.2,0.17,0.18,827.0,1134.0,0.44922425781249997,False,CALL,2026-01-30,HPQ
HPQ260130C00020000,20.0,0.06,0.04,0.06,8214.0,16985.0,0.476567734375,False,CALL,2026-01-30,HPQ
HPQ260130C00020500,20.5,0.03,0.01,0.03,2706.0,2833.0,0.51562984375,False,CALL,2026-01-30,HPQ
HPQ260130C00021000,21.0,0.01,0.0,0.01,21.0,618.0,0.5312546875,False,CALL,2026-01-30,HPQ
HPQ260130C00021500,21.5,0.01,0.0,0.01,1.0,384.0,0.6562534375000001,False,CALL,2026-01-30,HPQ
HPQ260130C00022000,22.0,0.01,0.0,0.01,15.0,1123.0,0.7812521875,False,CALL,2026-01-30,HPQ
HPQ260130C00022500,22.5,0.01,0.0,0.25,1.0,32.0,1.6328143359374998,False,CALL,2026-01-30,HPQ
HPQ260130C00023000,23.0,0.02,0.0,0.05,2.0,424.0,1.2656286718749998,False,CALL,2026-01-30,HPQ
HPQ260130C00023500,23.5,0.05,0.0,0.03,1.0,8.0,1.2812535937499998,False,CALL,2026-01-30,HPQ
HPQ260130C00024000,24.0,0.01,0.0,0.02,11.0,98.0,1.3125034374999998,False,CALL,2026-01-30,HPQ
HPQ260130C00024500,24.5,0.04,0.0,1.85,,4.0,4.332035834960937,False,CALL,2026-01-30,HPQ
HPQ260130C00025000,25.0,0.01,0.0,0.01,6.0,307.0,1.3750031249999999,False,CALL,2026-01-30,HPQ
HPQ260130P00015000,15.0,0.01,0.0,0.1,,4.0,2.0468798828125,False,PUT,2026-01-30,HPQ
HPQ260130P00017000,17.0,0.01,0.0,0.01,41.0,54.0,0.7812521875,False,PUT,2026-01-30,HPQ
HPQ260130P00018000,18.0,0.02,0.01,0.03,13.0,224.0,0.6093789062500001,False,PUT,2026-01-30,HPQ
HPQ260130P00018500,18.5,0.03,0.02,0.04,89.0,216.0,0.500005,False,PUT,2026-01-30,HPQ
HPQ260130P00019000,19.0,0.1,0.08,0.11,441.0,2065.0,0.42188078125,False,PUT,2026-01-30,HPQ
HPQ260130P00019500,19.5,0.29,0.26,0.3,5152.0,2697.0,0.34961587890624996,True,PUT,2026-01-30,HPQ
HPQ260130P00020000,20.0,0.68,0.63,0.72,86.0,1239.0,0.42969320312500003,True,PUT,2026-01-30,HPQ
HPQ260130P00020500,20.5,1.05,0.95,1.18,25.0,336.0,0.4062559375,True,PUT,2026-01-30,HPQ
HPQ260130P00021000,21.0,1.45,1.33,1.67,26.0,606.0,1.0000000000000003e-05,True,PUT,2026-01-30,HPQ
HPQ260130P00021500,21.5,1.9,1.89,2.25,10.0,268.0,1.1015669921875002,True,PUT,2026-01-30,HPQ
HPQ260130P00022000,22.0,2.75,2.25,3.1,2.0,116.0,0.500005,True,PUT,2026-01-30,HPQ
HPQ260130P00022500,22.5,3.01,2.85,3.2,7.0,6.0,1.140629296875,True,PUT,2026-01-30,HPQ
HPQ260130P00023000,23.0,3.65,3.35,4.05,2.0,362.0,1.2656286718749998,True,PUT,2026-01-30,HPQ
HPQ260130P00023500,23.5,4.22,3.8,4.65,2.0,4.0,1.5937520312499998,True,PUT,2026-01-30,HPQ
HPQ260130P00024000,24.0,4.8,4.35,6.45,1.0,14.0,3.718750703125,True,PUT,2026-01-30,HPQ
HPQ260130P00024500,24.5,5.74,4.8,6.8,1.0,4.0,3.6835945410156254,True,PUT,2026-01-30,HPQ
HPQ260130P00025000,25.0,5.7,5.35,5.7,5.0,80.0,1.75000125,True,PUT,2026-01-30,HPQ
HPQ260206C00018000,18.0,1.2,1.09,1.79,1.0,18.0,0.8476577734374999,True,CALL,2026-02-06,HPQ
HPQ260206C00018500,18.5,1.54,1.02,1.12,,1.0,0.52539537109375,True,CALL,2026-02-06,HPQ
HPQ260206C00019000,19.0,0.84,0.68,0.71,48.0,37.0,0.44336494140625,True,CALL,2026-02-06,HPQ
HPQ260206C00019500,19.5,0.49,0.4,0.44,570.0,106.0,0.42969320312500003,False,CALL,2026-02-06,HPQ
HPQ260206C00020000,20.0,0.23,0.22,0.25,72.0,663.0,0.42188078125,False,CALL,2026-02-06,HPQ
HPQ260206C00020500,20.5,0.11,0.1,0.13,8.0,637.0,0.41602146484374997,False,CALL,2026-02-06,HPQ
HPQ260206C00021000,21.0,0.07,0.04,0.08,18.0,206.0,0.445318046875,False,CALL,2026-02-06,HPQ
HPQ260206C00021500,21.5,0.07,0.0,0.47,5.0,21.0,0.7460962890625,False,CALL,2026-02-06,HPQ
HPQ260206C00022000,22.0,0.03,0.01,0.03,11.0,122.0,0.49219257812500006,False,CALL,2026-02-06,HPQ
HPQ260206C00023000,23.0,0.01,0.01,0.05,1.0,198.0,0.6171913281250001,False,CALL,2026-02-06,HPQ
HPQ260206C00024000,24.0,0.26,0.0,0.13,1.0,71.0,0.8554701953125,False,CALL,2026-02-06,HPQ
HPQ260206C00025000,25.0,0.05,0.0,0.01,1.0,14.0,0.6562534375000001,False,CALL,2026-02-06,HPQ
HPQ260206P00017000,17.0,0.23,0.0,1.0,6.0,8.0,1.1953165234375,False,PUT,2026-02-06,HPQ
HPQ260206P00017500,17.5,0.04,0.02,0.11,1.0,59.0,0.56836369140625,False,PUT,2026-02-06,HPQ
HPQ260206P00018000,18.0,0.14,0.05,0.11,7.0,119.0,0.45313046875,False,PUT,2026-02-06,HPQ
HPQ260206P00018500,18.5,0.25,0.13,0.16,19.0,295.0,0.38867798828125,False,PUT,2026-02-06,HPQ
HPQ260206P00019000,19.0,0.3,0.29,0.31,60.0,347.0,0.3789124609375,False,PUT,2026-02-06,HPQ
HPQ260206P00019500,19.5,0.46,0.49,0.53,17.0,44.0,0.35938140625,True,PUT,2026-02-06,HPQ
HPQ260206P00020000,20.0,0.8,0.81,0.86,4.0,426.0,0.35938140625,True,PUT,2026-02-06,HPQ
HPQ260206P00020500,20.5,1.07,0.98,1.26,2.0,26.0,0.35938140625,True,PUT,2026-02-06,HPQ
HPQ260206P00021000,21.0,1.52,1.36,1.7,4.0,519.0,0.3320379296875,True,PUT,2026-02-06,HPQ
HPQ260206P00021500,21.5,2.11,1.87,2.18,5.0,7.0,0.31250687499999996,True,PUT,2026-02-06,HPQ
HPQ260206P00022000,22.0,2.47,2.33,3.05,14.0,21.0,1.0039112304687499,True,PUT,2026-02-06,HPQ
HPQ260206P00022500,22.5,3.05,2.85,3.6,2.0,5.0,0.6171913281250001,True,PUT,2026-02-06,HPQ
HPQ260206P00023000,23.0,3.44,3.35,3.7,3.0,8.0,0.6015664843750002,True,PUT,2026-02-06,HPQ
HPQ260206P00024000,24.0,4.81,4.35,5.15,1.0,7.0,0.8828136718749999,True,PUT,2026-02-06,HPQ
HPQ260206P00025000,25.0,6.05,5.35,6.05,1.0,6.0,0.8281267187499999,True,PUT,2026-02-06,HPQ
HPQ260213C00016000,16.0,3.5,2.95,3.75,1.0,12.0,1.05859845703125,True,CALL,2026-02-13,HPQ
HPQ260213C00018000,18.0,1.57,0.79,1.87,5.0,9.0,0.694338994140625,True,CALL,2026-02-13,HPQ
HPQ260213C00019000,19.0,0.91,0.81,0.88,7.0,25.0,0.4414118359375,True,CALL,2026-02-13,HPQ
HPQ260213C00020000,20.0,0.38,0.36,0.42,4.0,32.0,0.43066975585937506,False,CALL,2026-02-13,HPQ
HPQ260213C00021000,21.0,0.12,0.12,0.16,6.0,124.0,0.41602146484374997,False,CALL,2026-02-13,HPQ
HPQ260213C00022000,22.0,0.06,0.02,0.45,5.0,150.0,0.63086306640625,False,CALL,2026-02-13,HPQ
HPQ260213C00023000,23.0,0.05,0.01,0.16,1.0,951.0,0.57812921875,False,CALL,2026-02-13,HPQ
HPQ260213C00024000,24.0,0.03,0.0,0.04,7.0,55.0,0.51562984375,False,CALL,2026-02-13,HPQ
HPQ260213C00025000,25.0,0.08,0.0,0.15,3.0,15.0,0.7539087109375,False,CALL,2026-02-13,HPQ
HPQ260213P00015000,15.0,0.05,0.0,1.2,,4.0,1.46875265625,False,PUT,2026-02-13,HPQ
HPQ260213P00016000,16.0,0.02,0.0,0.11,,1.0,0.57812921875,False,PUT,2026-02-13,HPQ
HPQ260213P00017000,17.0,0.09,0.04,0.11,15.0,91.0,0.5117236328125,False,PUT,2026-02-13,HPQ
HPQ260213P00018000,18.0,0.16,0.13,0.19,3.0,74.0,0.41602146484374997,False,PUT,2026-02-13,HPQ
HPQ260213P00019000,19.0,0.44,0.41,0.47,7.0,251.0,0.38672488281249995,False,PUT,2026-02-13,HPQ
HPQ260213P00020000,20.0,0.93,0.91,1.01,3.0,143.0,0.37402969726562496,True,PUT,2026-02-13,HPQ
HPQ260213P00021000,21.0,1.75,1.49,2.15,82.0,196.0,0.6650424121093752,True,PUT,2026-02-13,HPQ
HPQ260213P00022000,22.0,2.53,2.04,3.1,4.0,178.0,0.7929708203125,True,PUT,2026-02-13,HPQ
HPQ260213P00023000,23.0,3.99,3.35,4.1,1.0,117.0,0.5117236328125,True,PUT,2026-02-13,HPQ
HPQ260213P00025000,25.0,5.43,5.35,5.7,6.0,1.0,0.6171913281250001,True,PUT,2026-02-13,HPQ
HPQ260220C00015000,15.0,6.2,3.75,4.75,1.0,15.0,1.0722702636718753,True,CALL,2026-02-20,HPQ
HPQ260220C00016000,16.0,4.1,3.05,3.75,3.0,4.0,0.5195360546875,True,CALL,2026-02-20,HPQ
HPQ260220C00017000,17.0,2.12,2.19,2.79,8.0,10.0,0.7236355761718749,True,CALL,2026-02-20,HPQ
HPQ260220C00018000,18.0,1.68,1.41,1.81,1.0,12.0,0.5429733203125001,True,CALL,2026-02-20,HPQ
HPQ260220C00019000,19.0,1.12,0.96,1.0,296.0,1029.0,0.43164630859375,True,CALL,2026-02-20,HPQ
HPQ260220C00020000,20.0,0.49,0.48,0.5,145.0,1653.0,0.4023497265625,False,CALL,2026-02-20,HPQ
HPQ260220C00020500,20.5,0.36,0.3,0.33,43.0,240.0,0.39160764648437496,False,CALL,2026-02-20,HPQ
HPQ260220C00021000,21.0,0.2,0.19,0.21,78.0,957.0,0.38477177734374995,False,CALL,2026-02-20,HPQ
HPQ260220C00021500,21.5,0.15,0.11,0.15,3.0,137.0,0.398443515625,False,CALL,2026-02-20,HPQ
HPQ260220C00022000,22.0,0.07,0.06,0.11,6.0,1736.0,0.41602146484374997,False,CALL,2026-02-20,HPQ
HPQ260220C00022500,22.5,0.08,0.0,0.09,3.0,279.0,0.4414118359375,False,CALL,2026-02-20,HPQ
HPQ260220C00023000,23.0,0.04,0.01,0.05,2.0,1529.0,0.42774009765625004,False,CALL,2026-02-20,HPQ
HPQ260220C00023500,23.5,0.05,0.0,0.07,,12.0,0.5039112109375,False,CALL,2026-02-20,HPQ
HPQ260220C00024000,24.0,0.06,0.0,0.07,1.0,1620.0,0.5429733203125001,False,CALL,2026-02-20,HPQ
HPQ260220C00025000,25.0,0.02,0.01,0.05,2.0,2354.0,0.5312546875,False,CALL,2026-02-20,HPQ
HPQ260220P00014000,14.0,0.04,0.0,0.07,1.0,6.0,0.6875031250000001,False,PUT,2026-02-20,HPQ
HPQ260220P00015000,15.0,0.02,0.0,0.04,3.0,36.0,0.51562984375,False,PUT,2026-02-20,HPQ
HPQ260220P00016000,16.0,0.06,0.01,0.11,100.0,165.0,0.570316796875,False,PUT,2026-02-20,HPQ
HPQ260220P00017000,17.0,0.15,0.08,0.15,1.0,777.0,0.4687553125,False,PUT,2026-02-20,HPQ
HPQ260220P00018000,18.0,0.24,0.23,0.26,7.0,1071.0,0.397466962890625,False,PUT,2026-02-20,HPQ
HPQ260220P00019000,19.0,0.51,0.54,0.55,404.0,1710.0,0.36524072265625,False,PUT,2026-02-20,HPQ
HPQ260220P00020000,20.0,1.03,1.04,1.06,40.0,14586.0,0.3398503515625,True,PUT,2026-02-20,HPQ
HPQ260220P00020500,20.5,1.27,1.25,1.42,1.0,219.0,0.3398503515625,True,PUT,2026-02-20,HPQ
HPQ260220P00021000,21.0,1.7,1.7,1.82,12.0,6689.0,0.335944140625,True,PUT,2026-02-20,HPQ
HPQ260220P00022000,22.0,2.62,2.44,2.8,11.0,7106.0,0.42969320312500003,True,PUT,2026-02-20,HPQ
HPQ260220P00022500,22.5,3.04,2.88,3.2,4.0,149.0,0.335944140625,True,PUT,2026-02-20,HPQ
HPQ260220P00023000,23.0,3.4,3.35,3.7,10.0,1077.0,0.37500625,True,PUT,2026-02-20,HPQ
HPQ260220P00024000,24.0,4.69,4.35,5.1,2.0,365.0,0.507817421875,True,PUT,2026-02-20,HPQ
HPQ260220P00025000,25.0,5.62,5.3,6.7,4.0,248.0,0.9101571484375,True,PUT,2026-02-20,HPQ
HPQ260227C00016000,16.0,5.85,2.85,3.9,,2.0,0.875977802734375,True,CALL,2026-02-27,HPQ
HPQ260227C00019000,19.0,1.12,1.12,1.39,4.0,6.0,0.5576216113281252,True,CALL,2026-02-27,HPQ
HPQ260227C00019500,19.5,1.1,0.82,1.13,25.0,25.0,0.5478560839843751,False,CALL,2026-02-27,HPQ
HPQ260227C00020000,20.0,0.64,0.61,0.88,3.0,148.0,0.5283250292968751,False,CALL,2026-02-27,HPQ
HPQ260227C00020500,20.5,0.55,0.42,0.72,9.0,36.0,0.5356491748046875,False,CALL,2026-02-27,HPQ
HPQ260227C00021000,21.0,0.43,0.33,0.56,16.0,31.0,0.5293015820312501,False,CALL,2026-02-27,HPQ
HPQ260227C00021500,21.5,0.25,0.21,0.44,8.0,236.0,0.5293015820312501,False,CALL,2026-02-27,HPQ
HPQ260227C00022000,22.0,0.25,0.15,0.32,7.0,176.0,0.516606396484375,False,CALL,2026-02-27,HPQ
HPQ260227C00022500,22.5,0.14,0.15,0.26,24.0,277.0,0.5273484765625001,False,CALL,2026-02-27,HPQ
HPQ260227C00023000,23.0,0.12,0.03,0.75,1.0,24.0,0.6630893066406252,False,CALL,2026-02-27,HPQ
HPQ260227C00023500,23.5,0.2,0.0,2.21,1.0,4.0,1.107426337890625,False,CALL,2026-02-27,HPQ
HPQ260227C00024000,24.0,0.3,0.0,0.3,,13.0,0.56836369140625,False,CALL,2026-02-27,HPQ
HPQ260227C00025000,25.0,0.03,0.02,2.16,6.0,42.0,1.2548865380859375,False,CALL,2026-02-27,HPQ
HPQ260227P00015000,15.0,0.05,0.0,0.11,,101.0,0.5390671093750001,False,PUT,2026-02-27,HPQ
HPQ260227P00016000,16.0,0.15,0.04,0.18,2.0,53.0,0.500005,False,PUT,2026-02-27,HPQ
HPQ260227P00016500,16.5,0.16,0.06,2.28,6.0,7.0,1.1367230664062502,False,PUT,2026-02-27,HPQ
HPQ260227P00017000,17.0,0.26,0.09,0.33,7.0,60.0,0.5468795312500001,False,PUT,2026-02-27,HPQ
HPQ260227P00017500,17.5,0.46,0.17,0.41,1.0,35.0,0.51758294921875,False,PUT,2026-02-27,HPQ
HPQ260227P00018000,18.0,0.56,0.3,0.5,13.0,90.0,0.48340360351562506,False,PUT,2026-02-27,HPQ
HPQ260227P00018500,18.5,0.7,0.36,0.69,14.0,122.0,0.48633326171875,False,PUT,2026-02-27,HPQ
HPQ260227P00019000,19.0,0.75,0.65,0.85,390.0,165.0,0.45898978515625005,False,PUT,2026-02-27,HPQ
HPQ260227P00019500,19.5,1.16,0.86,1.12,6.0,107.0,0.4643608251953125,True,PUT,2026-02-27,HPQ
HPQ260227P00020000,20.0,1.56,1.06,1.53,1.0,31.0,0.516606396484375,True,PUT,2026-02-27,HPQ
HPQ260227P00020500,20.5,1.66,1.42,1.73,19.0,293.0,0.45606012695312503,True,PUT,2026-02-27,HPQ
HPQ260227P00021000,21.0,1.79,1.79,2.07,62.0,317.0,0.44336494140625,True,PUT,2026-02-27,HPQ
HPQ260227P00021500,21.5,2.01,2.19,2.45,1.0,25.0,0.4335994140625,True,PUT,2026-02-27,HPQ
HPQ260227P00022000,22.0,2.96,2.49,3.05,2.0,12.0,0.5498091894531252,True,PUT,2026-02-27,HPQ
HPQ260227P00023000,23.0,3.59,3.4,4.2,1.0,4.0,0.745119736328125,True,PUT,2026-02-27,HPQ
HPQ260227P00024000,24.0,3.87,4.3,5.15,2.0,6.0,0.8125018749999999,True,PUT,2026-02-27,HPQ
HPQ260227P00025000,25.0,3.63,3.6,7.5,,4.0,1.619142529296875,True,PUT,2026-02-27,HPQ
HPQ260306C00019500,19.5,1.23,1.11,1.23,1.0,9.0,0.5097705273437501,False,CALL,2026-03-06,HPQ
HPQ260306C00020000,20.0,0.94,0.83,1.0,3.0,3.0,0.52539537109375,False,CALL,2026-03-06,HPQ
HPQ260306C00020500,20.5,0.95,0.68,0.8,,4.0,0.516606396484375,False,CALL,2026-03-06,HPQ
HPQ260306C00022000,22.0,0.35,0.3,0.39,2.0,84.0,0.5029346582031251,False,CALL,2026-03-06,HPQ
HPQ260306C00022500,22.5,0.24,0.19,0.32,2.0,5.0,0.5117236328125,False,CALL,2026-03-06,HPQ
HPQ260306C00023000,23.0,0.18,0.12,0.31,4.0,4.0,0.5498091894531252,False,CALL,2026-03-06,HPQ
HPQ260306P00016000,16.0,0.38,0.08,0.34,1.0,2.0,0.5419967675781252,False,PUT,2026-03-06,HPQ
HPQ260306P00016500,16.5,0.32,0.17,0.42,11.0,11.0,0.5390671093750001,False,PUT,2026-03-06,HPQ
HPQ260306P00017500,17.5,0.46,0.32,0.5,7.0,44.0,0.5136767382812499,False,PUT,2026-03-06,HPQ
HPQ260306P00018000,18.0,0.58,0.47,0.64,2.0,13.0,0.5009815527343751,False,PUT,2026-03-06,HPQ
HPQ260306P00018500,18.5,0.85,0.65,0.82,1.0,10.0,0.495122236328125,False,PUT,2026-03-06,HPQ
HPQ260306P00019500,19.5,1.11,1.09,1.25,2.0,21.0,0.47070841796875,True,PUT,2026-03-06,HPQ
HPQ260306P00020000,20.0,1.38,1.31,1.52,3.0,10.0,0.46143116699218756,True,PUT,2026-03-06,HPQ
HPQ260306P00020500,20.5,1.87,1.63,1.82,1.0,1.0,0.450200810546875,True,PUT,2026-03-06,HPQ
HPQ260306P00021500,21.5,2.56,2.37,2.54,2.0,2.0,0.43945873046875,True,PUT,2026-03-06,HPQ
HPQ260306P00022000,22.0,2.76,2.6,3.05,2.0,13.0,0.495122236328125,True,PUT,2026-03-06,HPQ
HPQ260306P00023000,23.0,3.9,3.45,4.3,1.0,6.0,0.7216824707031251,True,PUT,2026-03-06,HPQ
HPQ260320C00014000,14.0,6.0,4.95,5.85,3.0,5.0,0.5351608984375,True,CALL,2026-03-20,HPQ
HPQ260320C00015000,15.0,4.5,4.1,4.9,4.0,7.0,0.5429733203125001,True,CALL,2026-03-20,HPQ
HPQ260320C00016000,16.0,3.85,3.25,4.0,5.0,5.0,0.5195360546875,True,CALL,2026-03-20,HPQ
HPQ260320C00017000,17.0,3.0,2.63,3.1,10.0,21.0,0.5214891601562499,True,CALL,2026-03-20,HPQ
HPQ260320C00018000,18.0,2.09,2.08,2.19,1.0,35.0,0.5151415673828125,True,CALL,2026-03-20,HPQ
HPQ260320C00019000,19.0,1.49,1.47,1.58,7.0,154.0,0.4946339599609375,True,CALL,2026-03-20,HPQ
HPQ260320C00020000,20.0,1.14,0.99,1.1,86.0,506.0,0.48242705078125003,False,CALL,2026-03-20,HPQ
HPQ260320C00021000,21.0,0.72,0.63,0.83,335.0,2136.0,0.507817421875,False,CALL,2026-03-20,HPQ
HPQ260320C00022000,22.0,0.42,0.39,0.49,1093.0,1918.0,0.4726615234375,False,CALL,2026-03-20,HPQ
HPQ260320C00023000,23.0,0.23,0.22,0.26,66.0,2261.0,0.4414118359375,False,CALL,2026-03-20,HPQ
HPQ260320C00024000,24.0,0.14,0.12,0.18,21.0,3345.0,0.4580132324218751,False,CALL,2026-03-20,HPQ
HPQ260320C00025000,25.0,0.07,0.03,0.19,90.0,3323.0,0.524418818359375,False,CALL,2026-03-20,HPQ
HPQ260320P00014000,14.0,0.12,0.08,0.12,1.0,119.0,0.570316796875,False,PUT,2026-03-20,HPQ
HPQ260320P00015000,15.0,0.17,0.15,0.2,608.0,1024.0,0.5429733203125001,False,PUT,2026-03-20,HPQ
HPQ260320P00016000,16.0,0.29,0.25,0.32,370.0,150.0,0.5107470800781251,False,PUT,2026-03-20,HPQ
HPQ260320P00017000,17.0,0.52,0.46,0.53,62.0,288.0,0.500005,False,PUT,2026-03-20,HPQ
HPQ260320P00018000,18.0,0.76,0.79,0.83,75.0,11337.0,0.5019581054687501,False,PUT,2026-03-20,HPQ
HPQ260320P00019000,19.0,1.23,1.22,1.24,2597.0,13508.0,0.4892629199218751,False,PUT,2026-03-20,HPQ
HPQ260320P00020000,20.0,1.9,1.72,1.75,50.0,3193.0,0.47363807617187503,True,PUT,2026-03-20,HPQ
HPQ260320P00021000,21.0,2.35,2.25,2.44,3.0,5998.0,0.48340360351562506,True,PUT,2026-03-20,HPQ
HPQ260320P00022000,22.0,3.11,3.1,3.2,5.0,1611.0,0.48730981445312505,True,PUT,2026-03-20,HPQ
HPQ260320P00023000,23.0,4.65,3.8,4.45,5.0,2403.0,0.5371140039062501,True,PUT,2026-03-20,HPQ
HPQ260320P00024000,24.0,4.9,4.65,5.6,126.0,2515.0,0.6113320117187502,True,PUT,2026-03-20,HPQ
HPQ260320P00025000,25.0,5.89,5.6,6.9,25.0,1135.0,0.7412135253906249,True,PUT,2026-03-20,HPQ
HPQ260417C00015000,15.0,4.74,4.2,4.9,6.0,6.0,0.65039412109375,True,CALL,2026-04-17,HPQ
HPQ260417C00016000,16.0,5.12,3.35,4.05,,10.0,0.5996133789062501,True,CALL,2026-04-17,HPQ
HPQ260417C00017000,17.0,3.01,2.62,3.1,30.0,31.0,0.5029346582031251,True,CALL,2026-04-17,HPQ
HPQ260417C00018000,18.0,2.18,1.97,2.38,2.0,3.0,0.4726615234375,True,CALL,2026-04-17,HPQ
HPQ260417C00019000,19.0,1.82,1.62,1.8,8.0,38.0,0.459966337890625,True,CALL,2026-04-17,HPQ
HPQ260417C00020000,20.0,1.32,1.2,1.28,25.0,297.0,0.437505625,False,CALL,2026-04-17,HPQ
HPQ260417C00021000,21.0,0.83,0.82,0.88,1.0,187.0,0.422857333984375,False,CALL,2026-04-17,HPQ
HPQ260417C00022000,22.0,0.58,0.52,0.66,1.0,97.0,0.43604079589843747,False,CALL,2026-04-17,HPQ
HPQ260417C00023000,23.0,0.34,0.36,0.43,5.0,88.0,0.42383388671875,False,CALL,2026-04-17,HPQ
HPQ260417C00024000,24.0,0.24,0.15,0.34,10.0,257.0,0.445318046875,False,CALL,2026-04-17,HPQ
HPQ260417C00025000,25.0,0.19,0.08,0.23,50.0,73.0,0.44336494140625,False,CALL,2026-04-17,HPQ
HPQ260417P00014000,14.0,0.15,0.13,0.27,5.0,9.0,0.5449264257812501,False,PUT,2026-04-17,HPQ
HPQ260417P00015000,15.0,0.28,0.23,0.31,25.0,43.0,0.5185595019531251,False,PUT,2026-04-17,HPQ
HPQ260417P00016000,16.0,0.46,0.4,0.48,2.0,9.0,0.500005,False,PUT,2026-04-17,HPQ
HPQ260417P00017000,17.0,0.76,0.6,0.72,1.0,45.0,0.48340360351562506,False,PUT,2026-04-17,HPQ
HPQ260417P00018000,18.0,0.94,0.98,1.01,25.0,1216.0,0.45898978515625005,False,PUT,2026-04-17,HPQ
HPQ260417P00019000,19.0,1.58,1.39,1.44,15.0,649.0,0.450200810546875,False,PUT,2026-04-17,HPQ
HPQ260417P00020000,20.0,1.99,1.93,2.0,368.0,475.0,0.450200810546875,True,PUT,2026-04-17,HPQ
HPQ260417P00021000,21.0,2.83,2.42,2.69,2.0,113.0,0.46191944335937507,True,PUT,2026-04-17,HPQ
HPQ260417P00022000,22.0,3.36,3.1,3.4,79.0,101.0,0.45703667968750006,True,PUT,2026-04-17,HPQ
HPQ260417P00023000,23.0,4.28,3.9,4.2,1.0,3.0,0.45898978515625005,True,PUT,2026-04-17,HPQ
HPQ260417P00024000,24.0,4.99,4.75,5.45,25.0,35.0,0.6088906298828126,True,PUT,2026-04-17,HPQ
HPQ260515C00015000,15.0,4.87,4.3,5.0,15.0,15.0,0.596683720703125,True,CALL,2026-05-15,HPQ
HPQ260515C00016000,16.0,7.5,3.5,4.2,8.0,8.0,0.5644574804687501,True,CALL,2026-05-15,HPQ
HPQ260515C00017000,17.0,3.15,3.05,3.25,3.0,4.0,0.4760794580078125,True,CALL,2026-05-15,HPQ
HPQ260515C00018000,18.0,3.7,2.37,2.6,,2.0,0.4633842724609375,True,CALL,2026-05-15,HPQ
HPQ260515C00019000,19.0,1.72,1.76,2.05,16.0,236.0,0.45606012695312503,True,CALL,2026-05-15,HPQ
HPQ260515C00020000,20.0,1.29,1.37,1.56,12.0,318.0,0.44336494140625,False,CALL,2026-05-15,HPQ
HPQ260515C00021000,21.0,0.99,1.08,1.15,2.0,391.0,0.43018147949218755,False,CALL,2026-05-15,HPQ
HPQ260515C00022000,22.0,0.71,0.78,0.83,1.0,664.0,0.42090422851562503,False,CALL,2026-05-15,HPQ
HPQ260515C00023000,23.0,0.51,0.56,0.6,28.0,621.0,0.41699801757812494,False,CALL,2026-05-15,HPQ
HPQ260515C00024000,24.0,0.43,0.4,0.43,6.0,202.0,0.415044912109375,False,CALL,2026-05-15,HPQ
HPQ260515C00025000,25.0,0.32,0.28,0.5,1.0,826.0,0.48633326171875,False,CALL,2026-05-15,HPQ
HPQ260515P00014000,14.0,0.24,0.2,0.37,,7.0,0.51758294921875,False,PUT,2026-05-15,HPQ
HPQ260515P00015000,15.0,0.4,0.32,0.43,1.0,135.0,0.500005,False,PUT,2026-05-15,HPQ
HPQ260515P00016000,16.0,0.55,0.39,0.63,100.0,108.0,0.48340360351562506,False,PUT,2026-05-15,HPQ
HPQ260515P00017000,17.0,0.92,0.66,0.9,5.0,221.0,0.46924358886718753,False,PUT,2026-05-15,HPQ
HPQ260515P00018000,18.0,1.34,1.09,1.24,4.0,290.0,0.4545952978515625,False,PUT,2026-05-15,HPQ
HPQ260515P00019000,19.0,1.79,1.6,1.66,4.0,717.0,0.44043528320312497,False,PUT,2026-05-15,HPQ
HPQ260515P00020000,20.0,2.4,1.97,2.24,4.0,739.0,0.44482977050781247,True,PUT,2026-05-15,HPQ
HPQ260515P00021000,21.0,2.85,2.6,2.85,2.0,567.0,0.436529072265625,True,PUT,2026-05-15,HPQ
HPQ260515P00022000,22.0,3.1,3.25,3.55,1.0,548.0,0.432622861328125,True,PUT,2026-05-15,HPQ
HPQ260515P00023000,23.0,4.24,4.05,4.35,3.0,528.0,0.43945873046875,True,PUT,2026-05-15,HPQ
HPQ260515P00024000,24.0,4.55,4.85,5.55,5.0,262.0,0.551762294921875,True,PUT,2026-05-15,HPQ
HPQ260515P00025000,25.0,5.75,5.8,6.4,1.0,150.0,0.5590864404296876,True,PUT,2026-05-15,HPQ
HPQ260618C00015000,15.0,6.5,4.45,5.15,5.0,2.0,0.567387138671875,True,CALL,2026-06-18,HPQ
HPQ260618C00017000,17.0,5.85,3.05,3.5,,6.0,0.477544287109375,True,CALL,2026-06-18,HPQ
HPQ260618C00018000,18.0,2.72,2.45,2.86,5.0,7.0,0.4624077197265626,True,CALL,2026-06-18,HPQ
HPQ260618C00019000,19.0,2.09,2.01,2.32,4.0,9.0,0.4545952978515625,True,CALL,2026-06-18,HPQ
HPQ260618C00020000,20.0,1.86,1.74,1.82,11.0,660.0,0.44043528320312497,False,CALL,2026-06-18,HPQ
HPQ260618C00021000,21.0,1.41,1.35,1.44,26.0,1177.0,0.436529072265625,False,CALL,2026-06-18,HPQ
HPQ260618C00022000,22.0,1.13,1.06,1.1,8.0,2149.0,0.42774009765625004,False,CALL,2026-06-18,HPQ
HPQ260618C00023000,23.0,0.87,0.8,0.87,86.0,1334.0,0.43018147949218755,False,CALL,2026-06-18,HPQ
HPQ260618C00024000,24.0,0.57,0.59,0.71,12.0,772.0,0.43897045410156255,False,CALL,2026-06-18,HPQ
HPQ260618C00025000,25.0,0.49,0.47,0.51,125.0,2162.0,0.42676354492187507,False,CALL,2026-06-18,HPQ
HPQ260618P00014000,14.0,0.5,0.38,0.64,1.0,21.0,0.5473678076171876,False,PUT,2026-06-18,HPQ
HPQ260618P00015000,15.0,0.66,0.63,0.66,15.0,316.0,0.5102588037109376,False,PUT,2026-06-18,HPQ
HPQ260618P00016000,16.0,0.88,0.86,0.9,5.0,1679.0,0.499028447265625,False,PUT,2026-06-18,HPQ
HPQ260618P00017000,17.0,1.3,1.18,1.23,1.0,2126.0,0.49121602539062503,False,PUT,2026-06-18,HPQ
HPQ260618P00018000,18.0,1.57,1.57,1.6,9.0,1813.0,0.47730014892578126,False,PUT,2026-06-18,HPQ
HPQ260618P00019000,19.0,2.05,2.02,2.08,18.0,1576.0,0.4731497998046875,False,PUT,2026-06-18,HPQ
HPQ260618P00020000,20.0,2.56,2.55,2.62,8.0,3545.0,0.46680220703125,True,PUT,2026-06-18,HPQ
HPQ260618P00021000,21.0,3.45,3.0,3.25,15.0,722.0,0.46533737792968755,True,PUT,2026-06-18,HPQ
HPQ260618P00022000,22.0,3.77,3.65,3.95,2.0,227.0,0.46631393066406257,True,PUT,2026-06-18,HPQ
HPQ260618P00023000,23.0,4.52,4.4,4.7,11.0,3171.0,0.46680220703125,True,PUT,2026-06-18,HPQ
HPQ260618P00024000,24.0,5.34,5.2,5.5,1.0,419.0,0.4682670361328125,True,PUT,2026-06-18,HPQ
HPQ260618P00025000,25.0,5.0,6.0,6.7,5.0,3112.0,0.5634809277343751,True,PUT,2026-06-18,HPQ
HPQ260821C00014000,14.0,5.98,5.35,6.15,1.0,1.0,0.5483443603515626,True,CALL,2026-08-21,HPQ
HPQ260821C00015000,15.0,5.2,4.6,5.3,1.0,12.0,0.508793974609375,True,CALL,2026-08-21,HPQ
HPQ260821C00016000,16.0,4.9,3.9,4.45,5.0,16.0,0.46484910156250003,True,CALL,2026-08-21,HPQ
HPQ260821C00017000,17.0,5.3,3.5,3.8,1.0,4.0,0.45654840332031255,True,CALL,2026-08-21,HPQ
HPQ260821C00018000,18.0,2.8,2.89,3.2,2.0,6.0,0.4467828759765625,True,CALL,2026-08-21,HPQ
HPQ260821C00019000,19.0,3.05,2.33,2.69,,12.0,0.442388388671875,True,CALL,2026-08-21,HPQ
HPQ260821C00020000,20.0,1.95,1.84,2.24,1.0,19.0,0.4379939013671875,False,CALL,2026-08-21,HPQ
HPQ260821C00021000,21.0,1.61,1.44,1.85,1.0,28.0,0.4335994140625,False,CALL,2026-08-21,HPQ
HPQ260821C00022000,22.0,1.45,1.12,1.53,2.0,25.0,0.43237872314453124,False,CALL,2026-08-21,HPQ
HPQ260821C00023000,23.0,1.14,0.87,1.28,44.0,101.0,0.43506424316406256,False,CALL,2026-08-21,HPQ
HPQ260821C00024000,24.0,1.49,0.58,1.02,100.0,102.0,0.42774009765625004,False,CALL,2026-08-21,HPQ
HPQ260821C00025000,25.0,0.83,0.57,0.72,1.0,44.0,0.4023497265625,False,CALL,2026-08-21,HPQ
HPQ260821P00014000,14.0,0.59,0.39,0.69,2.0,9.0,0.5092822509765625,False,PUT,2026-08-21,HPQ
HPQ260821P00015000,15.0,0.8,0.66,0.9,5.0,24.0,0.49023947265625006,False,PUT,2026-08-21,HPQ
HPQ260821P00016000,16.0,1.04,1.02,1.13,10.0,236.0,0.46582565429687506,False,PUT,2026-08-21,HPQ
HPQ260821P00017000,17.0,1.4,1.31,1.52,7.0,13.0,0.46582565429687506,False,PUT,2026-08-21,HPQ
HPQ260821P00018000,18.0,1.9,1.67,1.92,9.0,129.0,0.4555718505859375,False,PUT,2026-08-21,HPQ
HPQ260821P00019000,19.0,2.21,2.16,2.38,1.0,12.0,0.445318046875,False,PUT,2026-08-21,HPQ
HPQ260821P00020000,20.0,2.56,2.67,2.91,1.0,63.0,0.43726148681640625,True,PUT,2026-08-21,HPQ
HPQ260821P00021000,21.0,3.49,3.25,3.55,5.0,45.0,0.4382380395507813,True,PUT,2026-08-21,HPQ
HPQ260821P00022000,22.0,3.8,3.9,4.2,,11.0,0.43164630859375,True,PUT,2026-08-21,HPQ
HPQ260821P00023000,23.0,3.82,4.6,4.95,4.0,10.0,0.4343318286132813,True,PUT,2026-08-21,HPQ
HPQ260821P00024000,24.0,4.63,5.35,5.8,,1.0,0.4484918432617187,True,PUT,2026-08-21,HPQ
HPQ260821P00025000,25.0,6.7,6.15,6.9,3.0,9.0,0.506840869140625,True,PUT,2026-08-21,HPQ
HPQ260918C00016000,16.0,4.5,4.0,4.55,10.0,11.0,0.45654840332031255,True,CALL,2026-09-18,HPQ
HPQ260918C00018000,18.0,3.3,3.0,3.35,5.0,23.0,0.445318046875,True,CALL,2026-09-18,HPQ
HPQ260918C00019000,19.0,2.5,2.46,2.84,82.0,86.0,0.43994700683593746,True,CALL,2026-09-18,HPQ
HPQ260918C00020000,20.0,2.11,1.98,2.4,23.0,59.0,0.43677321044921874,False,CALL,2026-09-18,HPQ
HPQ260918C00021000,21.0,1.9,1.7,1.92,51.0,61.0,0.4182187084960937,False,CALL,2026-09-18,HPQ
HPQ260918C00022000,22.0,1.74,1.27,1.73,510.0,517.0,0.4387263159179688,False,CALL,2026-09-18,HPQ
HPQ260918C00023000,23.0,1.14,1.09,1.43,1.0,5043.0,0.4338435522460938,False,CALL,2026-09-18,HPQ
HPQ260918C00024000,24.0,0.95,0.8,1.19,10.0,32.0,0.4321345849609375,False,CALL,2026-09-18,HPQ
HPQ260918C00025000,25.0,0.75,0.63,0.97,30.0,745.0,0.4272518212890626,False,CALL,2026-09-18,HPQ
HPQ260918P00014000,14.0,0.68,0.52,0.83,,474.0,0.51562984375,False,PUT,2026-09-18,HPQ
HPQ260918P00015000,15.0,0.92,0.78,1.12,762.0,1513.0,0.5107470800781251,False,PUT,2026-09-18,HPQ
HPQ260918P00016000,16.0,1.29,1.19,1.39,55.0,884.0,0.4907277490234375,False,PUT,2026-09-18,HPQ
HPQ260918P00017000,17.0,1.62,1.58,1.79,706.0,10606.0,0.4875539526367188,False,PUT,2026-09-18,HPQ
HPQ260918P00018000,18.0,2.04,1.99,2.2,392.0,1508.0,0.4760794580078125,False,PUT,2026-09-18,HPQ
HPQ260918P00019000,19.0,2.53,2.46,2.65,7.0,1917.0,0.4626518579101563,False,PUT,2026-09-18,HPQ
HPQ260918P00020000,20.0,3.05,2.99,3.2,71.0,1647.0,0.45752495605468757,True,PUT,2026-09-18,HPQ
HPQ260918P00021000,21.0,3.7,3.5,3.75,1.0,7.0,0.44385321777343745,True,PUT,2026-09-18,HPQ
HPQ260918P00022000,22.0,3.3,4.15,4.45,2.0,14.0,0.446294599609375,True,PUT,2026-09-18,HPQ
HPQ260918P00023000,23.0,5.05,4.85,5.15,20.0,882.0,0.4419001123046875,True,PUT,2026-09-18,HPQ
HPQ260918P00024000,24.0,5.89,5.6,5.9,1.0,5.0,0.4387263159179688,True,PUT,2026-09-18,HPQ
HPQ260918P00025000,25.0,4.15,6.4,7.1,1.0,197.0,0.5114794946289063,True,PUT,2026-09-18,HPQ
HPQ261218C00015000,15.0,5.55,4.9,5.5,1.0,13.0,0.44360907958984375,True,CALL,2026-12-18,HPQ
HPQ261218C00018000,18.0,3.9,3.25,3.75,2.0,37.0,0.43677321044921874,True,CALL,2026-12-18,HPQ
HPQ261218C00020000,20.0,2.5,2.5,2.76,3.0,103.0,0.42017181396484377,False,CALL,2026-12-18,HPQ
HPQ261218C00023000,23.0,1.56,1.52,1.81,140.0,298.0,0.42236905761718746,False,CALL,2026-12-18,HPQ
HPQ261218C00025000,25.0,1.17,0.99,1.23,2.0,145.0,0.40381455566406255,False,CALL,2026-12-18,HPQ
HPQ261218P00015000,15.0,1.43,1.24,1.42,6.0,5394.0,0.49023947265625006,False,PUT,2026-12-18,HPQ
HPQ261218P00018000,18.0,2.62,2.38,2.58,1.0,1917.0,0.459966337890625,False,PUT,2026-12-18,HPQ
HPQ261218P00020000,20.0,3.58,3.4,3.65,3.0,880.0,0.450200810546875,True,PUT,2026-12-18,HPQ
HPQ261218P00023000,23.0,5.47,5.3,5.6,2.0,379.0,0.43897045410156255,True,PUT,2026-12-18,HPQ
HPQ261218P00025000,25.0,7.25,6.75,7.1,2.0,161.0,0.4338435522460938,True,PUT,2026-12-18,HPQ
HPQ270115C00015000,15.0,5.07,5.2,5.55,11.0,183.0,0.43457596679687505,True,CALL,2027-01-15,HPQ
HPQ270115C00018000,18.0,3.61,3.5,3.8,18.0,401.0,0.4260311303710938,True,CALL,2027-01-15,HPQ
HPQ270115C00020000,20.0,2.58,2.38,2.85,7.0,2118.0,0.415044912109375,False,CALL,2027-01-15,HPQ
HPQ270115C00023000,23.0,1.76,1.59,1.92,4.0,723.0,0.42017181396484377,False,CALL,2027-01-15,HPQ
HPQ270115C00025000,25.0,1.22,1.13,1.4,10.0,1036.0,0.41235939208984373,False,CALL,2027-01-15,HPQ
HPQ270115P00015000,15.0,1.43,1.3,1.55,16.0,291.0,0.49341326904296884,False,PUT,2027-01-15,HPQ
HPQ270115P00018000,18.0,2.62,2.32,2.76,1.0,1220.0,0.46680220703125,False,PUT,2027-01-15,HPQ
HPQ270115P00020000,20.0,3.75,3.5,3.8,25.0,2508.0,0.4519097778320313,True,PUT,2027-01-15,HPQ
HPQ270115P00023000,23.0,5.5,5.35,5.7,19.0,6834.0,0.43457596679687505,True,PUT,2027-01-15,HPQ
HPQ270115P00025000,25.0,7.0,6.8,7.2,1.0,1204.0,0.43066975585937506,True,PUT,2027-01-15,HPQ
HPQ280121C00015000,15.0,5.75,5.7,6.2,11.0,1264.0,0.383795224609375,True,CALL,2028-01-21,HPQ
HPQ280121C00018000,18.0,4.6,4.3,4.6,9.0,485.0,0.3767152172851562,True,CALL,2028-01-21,HPQ
HPQ280121C00020000,20.0,3.6,3.5,3.8,28.0,1489.0,0.37830211547851555,False,CALL,2028-01-21,HPQ
HPQ280121C00023000,23.0,2.78,2.59,2.81,18.0,387.0,0.375982802734375,False,CALL,2028-01-21,HPQ
HPQ280121C00025000,25.0,2.04,2.0,2.37,79.0,1223.0,0.38172005004882803,False,CALL,2028-01-21,HPQ
HPQ280121P00015000,15.0,2.43,2.08,2.58,1.0,731.0,0.46851117431640626,False,PUT,2028-01-21,HPQ
HPQ280121P00018000,18.0,3.9,3.7,4.1,7.0,176.0,0.459966337890625,False,PUT,2028-01-21,HPQ
HPQ280121P00020000,20.0,4.95,4.75,5.05,4.0,433.0,0.4331111376953125,True,PUT,2028-01-21,HPQ
HPQ280121P00023000,23.0,6.61,6.6,7.2,4.0,363.0,0.442388388671875,True,PUT,2028-01-21,HPQ
HPQ280121P00025000,25.0,8.46,7.0,8.5,10.0,306.0,0.424810439453125,True,PUT,2028-01-21,HPQ
HST260220C00016850,16.85,1.9,1.5,2.15,3.0,9.0,0.53320779296875,True,CALL,2026-02-20,HST
HST260220C00017000,17.0,1.8,0.0,0.0,7.0,8.0,1.0000000000000003e-05,True,CALL,2026-02-20,HST
HST260220C00017850,17.85,1.15,1.05,1.2,5.0,67.0,0.37695935546875,True,CALL,2026-02-20,HST
HST260220C00018000,18.0,1.04,0.0,0.0,,5.0,1.0000000000000003e-05,True,CALL,2026-02-20,HST
HST260220C00018850,18.85,0.49,0.45,0.55,10.0,369.0,0.33008482421874996,False,CALL,2026-02-20,HST
HST260220C00019000,19.0,0.4,0.0,0.0,3.0,143.0,0.015634843750000002,False,CALL,2026-02-20,HST
HST260220C00019850,19.85,0.17,0.1,0.25,1.0,219.0,0.348639326171875,False,CALL,2026-02-20,HST
HST260220C00020000,20.0,0.19,0.0,0.0,,8.0,0.062509375,False,CALL,2026-02-20,HST
HST260220C00020850,20.85,0.07,0.0,0.2,11.0,99.0,0.450200810546875,False,CALL,2026-02-20,HST
HST260220C00021000,21.0,0.1,0.0,0.0,12.0,80.0,0.12500875,False,CALL,2026-02-20,HST
HST260220P00014850,14.85,0.05,0.0,0.4,1.0,2.0,0.79101771484375,False,PUT,2026-02-20,HST
HST260220P00015850,15.85,0.05,0.0,0.15,1.0,69.0,0.570316796875,False,PUT,2026-02-20,HST
HST260220P00016000,16.0,0.2,0.0,0.0,1.0,31.0,0.12500875,False,PUT,2026-02-20,HST
HST260220P00016850,16.85,0.15,0.05,0.2,2.0,2451.0,0.45703667968750006,False,PUT,2026-02-20,HST
HST260220P00017000,17.0,0.27,0.0,0.0,1.0,2377.0,0.12500875,False,PUT,2026-02-20,HST
HST260220P00017850,17.85,0.33,0.25,0.35,5.0,86.0,0.379889013671875,False,PUT,2026-02-20,HST
HST260220P00018850,18.85,0.65,0.6,0.7,3.0,43.0,0.3320379296875,True,PUT,2026-02-20,HST
HST260220P00019850,19.85,1.7,1.05,1.6,,4.0,0.47461462890625,True,PUT,2026-02-20,HST
HST260220P00020000,20.0,1.85,0.0,0.0,,4.0,1.0000000000000003e-05,True,PUT,2026-02-20,HST
HST260320C00018000,18.0,1.05,1.15,1.3,,1.0,0.3305731005859375,True,CALL,2026-03-20,HST
HST260320C00019000,19.0,0.65,0.55,0.7,2.0,319.0,0.29883513671874995,False,CALL,2026-03-20,HST
HST260320C00020000,20.0,0.34,0.25,0.4,5.0,3851.0,0.313483427734375,False,CALL,2026-03-20,HST
HST260320C00021000,21.0,0.17,0.1,0.2,,14.0,0.31445998046874996,False,CALL,2026-03-20,HST
HST260320P00016000,16.0,0.15,0.1,0.3,,31.0,0.463872548828125,False,PUT,2026-03-20,HST
HST260320P00018000,18.0,0.55,0.4,0.6,11.0,14.0,0.3325262060546875,False,PUT,2026-03-20,HST
HST260417C00014850,14.85,3.6,3.4,4.4,,213.0,0.6064492480468751,True,CALL,2026-04-17,HST
HST260417C00015000,15.0,3.6,0.0,0.0,1.0,213.0,1.0000000000000003e-05,True,CALL,2026-04-17,HST
HST260417C00015850,15.85,2.65,2.55,3.3,,29.0,0.45215391601562505,True,CALL,2026-04-17,HST
HST260417C00016000,16.0,2.65,0.0,0.0,1.0,29.0,1.0000000000000003e-05,True,CALL,2026-04-17,HST
HST260417C00016850,16.85,1.95,1.75,2.4,,40.0,0.38281867187499996,True,CALL,2026-04-17,HST
HST260417C00017000,17.0,2.02,0.0,0.0,1.0,42.0,1.0000000000000003e-05,True,CALL,2026-04-17,HST
HST260417C00017850,17.85,1.42,1.35,1.5,50.0,737.0,0.299811689453125,True,CALL,2026-04-17,HST
HST260417C00018000,18.0,1.1,0.0,0.0,50.0,776.0,1.0000000000000003e-05,True,CALL,2026-04-17,HST
HST260417C00018850,18.85,0.8,0.7,0.95,10.0,231.0,0.2929758203124999,False,CALL,2026-04-17,HST
HST260417C00019000,19.0,0.8,0.0,0.0,10.0,190.0,0.015634843750000002,False,CALL,2026-04-17,HST
HST260417C00019850,19.85,0.5,0.35,0.5,5.0,147.0,0.270515107421875,False,CALL,2026-04-17,HST
HST260417C00020000,20.0,0.32,0.0,0.0,3.0,135.0,0.0312596875,False,CALL,2026-04-17,HST
HST260417C00020850,20.85,0.2,0.15,0.35,5.0,33.0,0.30225307128906254,False,CALL,2026-04-17,HST
HST260417C00021000,21.0,0.34,0.0,0.0,11.0,28.0,0.062509375,False,CALL,2026-04-17,HST
HST260417C00021850,21.85,0.19,0.05,0.3,14.0,48.0,0.3505924316406249,False,CALL,2026-04-17,HST
HST260417C00022000,22.0,0.22,0.0,0.0,7.0,54.0,0.12500875,False,CALL,2026-04-17,HST
HST260417P00013850,13.85,0.08,0.0,0.4,2.0,50.0,0.5205126074218749,False,PUT,2026-04-17,HST
HST260417P00014000,14.0,0.18,0.0,0.0,6.0,48.0,0.12500875,False,PUT,2026-04-17,HST
HST260417P00014850,14.85,0.2,0.1,0.35,1.0,707.0,0.5127001855468749,False,PUT,2026-04-17,HST
HST260417P00015000,15.0,0.29,0.0,0.0,10.0,707.0,0.12500875,False,PUT,2026-04-17,HST
HST260417P00015850,15.85,0.2,0.15,0.3,1.0,185.0,0.387701435546875,False,PUT,2026-04-17,HST
HST260417P00016000,16.0,0.4,0.0,0.0,1.0,185.0,0.062509375,False,PUT,2026-04-17,HST
HST260417P00016850,16.85,0.4,0.25,0.5,1.0,257.0,0.3667055517578125,False,PUT,2026-04-17,HST
HST260417P00017000,17.0,0.54,0.0,0.0,3.0,256.0,0.062509375,False,PUT,2026-04-17,HST
HST260417P00017850,17.85,0.7,0.5,0.75,1.0,109.0,0.3325262060546875,False,PUT,2026-04-17,HST
HST260417P00018000,18.0,0.88,0.0,0.0,2.0,16.0,0.0312596875,False,PUT,2026-04-17,HST
HST260417P00018850,18.85,0.76,0.95,1.2,10.0,71.0,0.3232489550781249,True,PUT,2026-04-17,HST
HST260417P00019000,19.0,1.5,0.0,0.0,23.0,30.0,1.0000000000000003e-05,True,PUT,2026-04-17,HST
HST260417P00019850,19.85,1.68,1.55,1.85,4.0,5.0,0.33350275878906255,True,PUT,2026-04-17,HST
HST260417P00020000,20.0,2.15,0.0,0.0,2.0,2.0,1.0000000000000003e-05,True,PUT,2026-04-17,HST
HST260417P00021850,21.85,5.1,2.85,4.0,,3.0,0.5488326367187502,True,PUT,2026-04-17,HST
HST260417P00022000,22.0,5.1,0.0,0.0,3.0,3.0,1.0000000000000003e-05,True,PUT,2026-04-17,HST
HST260717C00013850,13.85,4.4,4.3,5.4,,20.0,0.49219257812500006,True,CALL,2026-07-17,HST
HST260717C00016850,16.85,1.94,2.4,2.6,45.0,24.0,0.3090889404296875,True,CALL,2026-07-17,HST
HST260717C00017000,17.0,2.25,0.0,0.0,1.0,45.0,1.0000000000000003e-05,True,CALL,2026-07-17,HST
HST260717C00017850,17.85,1.78,1.65,1.95,50.0,87.0,0.2985909985351562,True,CALL,2026-07-17,HST
HST260717C00018000,18.0,1.55,0.0,0.0,60.0,54.0,1.0000000000000003e-05,True,CALL,2026-07-17,HST
HST260717C00018850,18.85,1.31,1.1,1.4,5.0,160.0,0.2880930566406249,False,CALL,2026-07-17,HST
HST260717C00019000,19.0,1.12,0.0,0.0,23.0,121.0,0.007822421875,False,CALL,2026-07-17,HST
HST260717C00019850,19.85,1.0,0.7,1.0,3.0,53.0,0.28711650390624993,False,CALL,2026-07-17,HST
HST260717C00020000,20.0,0.67,0.0,0.0,5.0,36.0,0.0312596875,False,CALL,2026-07-17,HST
HST260717C00020850,20.85,0.5,0.4,0.75,17.0,41.0,0.2978585839843749,False,CALL,2026-07-17,HST
HST260717C00021000,21.0,0.45,0.0,0.0,2.0,4.0,0.062509375,False,CALL,2026-07-17,HST
HST260717C00021850,21.85,0.3,0.25,0.55,,1.0,0.3042061767578125,False,CALL,2026-07-17,HST
HST260717C00022850,22.85,0.23,0.15,0.4,1.0,4.0,0.309577216796875,False,CALL,2026-07-17,HST
HST260717C00023000,23.0,0.4,0.0,0.0,1.0,2.0,0.062509375,False,CALL,2026-07-17,HST
HST260717P00013850,13.85,0.3,0.2,0.45,,2.0,0.45898978515625005,False,PUT,2026-07-17,HST
HST260717P00014850,14.85,0.5,0.35,0.5,1.0,7.0,0.39942006835937505,False,PUT,2026-07-17,HST
HST260717P00015000,15.0,0.45,0.0,0.0,6.0,7.0,0.062509375,False,PUT,2026-07-17,HST
HST260717P00015850,15.85,0.6,0.4,0.65,1.0,6.0,0.3657289990234375,False,PUT,2026-07-17,HST
HST260717P00016000,16.0,0.93,0.0,0.0,,1.0,0.062509375,False,PUT,2026-07-17,HST
HST260717P00016850,16.85,0.8,0.65,0.9,1.0,2.0,0.3452213916015625,False,PUT,2026-07-17,HST
HST260717P00017850,17.85,1.02,0.95,1.25,1.0,4.0,0.33081723876953123,False,PUT,2026-07-17,HST
HST260717P00019850,19.85,1.94,2.0,2.3,4.0,2.0,0.3181220532226562,True,PUT,2026-07-17,HST
HST270115C00014850,14.85,4.3,3.7,4.8,,43.0,0.3676821044921875,True,CALL,2027-01-15,HST
HST270115C00015000,15.0,4.3,0.0,0.0,1.0,43.0,1.0000000000000003e-05,True,CALL,2027-01-15,HST
HST270115C00016850,16.85,2.95,2.85,3.2,50.0,58.0,0.309577216796875,True,CALL,2027-01-15,HST
HST270115C00017000,17.0,2.75,0.0,0.0,8.0,13.0,1.0000000000000003e-05,True,CALL,2027-01-15,HST
HST270115C00019850,19.85,1.45,1.15,1.65,1.0,45.0,0.28882547119140617,False,CALL,2027-01-15,HST
HST270115C00020000,20.0,1.22,0.0,0.0,5.0,39.0,0.015634843750000002,False,CALL,2027-01-15,HST
HST270115C00021850,21.85,0.9,0.6,1.05,1.0,192.0,0.2893137475585937,False,CALL,2027-01-15,HST
HST270115C00022000,22.0,0.7,0.0,0.0,2.0,11.0,0.0312596875,False,CALL,2027-01-15,HST
HST270115P00014850,14.85,0.8,0.6,0.95,7.0,67.0,0.36914693359375,False,PUT,2027-01-15,HST
HST270115P00015000,15.0,1.65,0.0,0.0,20.0,50.0,0.062509375,False,PUT,2027-01-15,HST
HST270115P00016850,16.85,1.4,1.1,1.55,,11.0,0.3413151806640625,False,PUT,2027-01-15,HST
HST270115P00017000,17.0,1.4,0.0,0.0,3.0,11.0,0.0312596875,False,PUT,2027-01-15,HST
HST270115P00019850,19.85,2.46,2.55,2.95,,6.0,0.3103096313476562,True,PUT,2027-01-15,HST
HST280121C00014850,14.85,4.6,3.2,6.2,,5.0,0.43066975585937506,True,CALL,2028-01-21,HST
HST280121C00015000,15.0,4.6,0.0,0.0,8.0,5.0,1.0000000000000003e-05,True,CALL,2028-01-21,HST
HST280121C00016850,16.85,3.72,2.0,5.0,6.0,116.0,0.4068662829589844,True,CALL,2028-01-21,HST
HST280121C00017000,17.0,3.5,0.0,0.0,1.0,113.0,1.0000000000000003e-05,True,CALL,2028-01-21,HST
HST280121C00019850,19.85,1.4,0.5,3.9,,15.0,0.41699801757812494,False,CALL,2028-01-21,HST
HST280121C00020000,20.0,2.3,0.0,0.0,2.0,17.0,0.015634843750000002,False,CALL,2028-01-21,HST
HST280121C00021850,21.85,1.81,0.15,3.4,2.0,3.0,0.42969320312500003,False,CALL,2028-01-21,HST
HST280121C00022000,22.0,1.45,0.0,0.0,1.0,2.0,0.0312596875,False,CALL,2028-01-21,HST
HST280121P00014850,14.85,1.85,0.05,3.4,,4.0,0.5576216113281252,False,PUT,2028-01-21,HST
HST280121P00015000,15.0,1.85,0.0,0.0,2.0,4.0,0.0312596875,False,PUT,2028-01-21,HST
HST280121P00016850,16.85,2.5,0.6,3.9,,2.0,0.4880422290039063,False,PUT,2028-01-21,HST
HST280121P00017000,17.0,2.5,0.0,0.0,,2.0,0.015634843750000002,False,PUT,2028-01-21,HST
HTZ260130C00004000,4.0,1.35,1.01,1.36,1.0,2.0,2.843752890625,True,CALL,2026-01-30,HTZ
HTZ260130C00004500,4.5,0.65,0.51,0.83,2.0,6.0,1.625001875,True,CALL,2026-01-30,HTZ
HTZ260130C00005000,5.0,0.17,0.15,0.19,24.0,201.0,0.6093789062500001,True,CALL,2026-01-30,HTZ
HTZ260130C00005500,5.5,0.01,0.01,0.02,361.0,1094.0,0.7500025,False,CALL,2026-01-30,HTZ
HTZ260130C00006000,6.0,0.01,0.0,0.01,33.0,4267.0,1.125004375,False,CALL,2026-01-30,HTZ
HTZ260130C00006500,6.5,0.02,0.0,0.02,30.0,1820.0,1.75000125,False,CALL,2026-01-30,HTZ
HTZ260130P00004000,4.0,0.01,0.0,0.01,1.0,217.0,1.6875015625,False,PUT,2026-01-30,HTZ
HTZ260130P00004500,4.5,0.01,0.0,0.01,32.0,277.0,0.9687503125,False,PUT,2026-01-30,HTZ
HTZ260130P00005000,5.0,0.04,0.03,0.04,66.0,2030.0,0.5625043750000001,False,PUT,2026-01-30,HTZ
HTZ260130P00005500,5.5,0.42,0.36,0.45,29.0,1416.0,0.98437515625,True,PUT,2026-01-30,HTZ
HTZ260130P00006000,6.0,0.75,0.67,1.0,3.0,185.0,2.6406283984375003,True,PUT,2026-01-30,HTZ
HTZ260130P00006500,6.5,1.18,1.18,1.5,2.0,23.0,3.3593766015624995,True,PUT,2026-01-30,HTZ
HTZ260206C00004000,4.0,1.96,1.02,1.38,3.0,1.0,1.4375028125,True,CALL,2026-02-06,HTZ
HTZ260206C00004500,4.5,0.82,0.57,0.87,72.0,28.0,1.0234423828125,True,CALL,2026-02-06,HTZ
HTZ260206C00005000,5.0,0.28,0.28,0.33,32.0,50.0,0.7382838671874999,True,CALL,2026-02-06,HTZ
HTZ260206C00005500,5.5,0.12,0.1,0.12,142.0,243.0,0.7578149218750001,False,CALL,2026-02-06,HTZ
HTZ260206C00006000,6.0,0.06,0.05,0.06,221.0,1231.0,0.914063359375,False,CALL,2026-02-06,HTZ
HTZ260206C00006500,6.5,0.04,0.01,0.04,6.0,701.0,0.98437515625,False,CALL,2026-02-06,HTZ
HTZ260206P00004000,4.0,0.08,0.0,0.05,2.0,23.0,1.09375453125,False,PUT,2026-02-06,HTZ
HTZ260206P00004500,4.5,0.04,0.03,0.05,63.0,138.0,0.7656273437500001,False,PUT,2026-02-06,HTZ
HTZ260206P00005000,5.0,0.16,0.15,0.17,78.0,2111.0,0.6875031250000001,False,PUT,2026-02-06,HTZ
HTZ260206P00005500,5.5,0.51,0.45,0.51,1.0,183.0,0.7578149218750001,True,PUT,2026-02-06,HTZ
HTZ260206P00006000,6.0,0.9,0.82,1.0,7.0,112.0,0.8281267187499999,True,PUT,2026-02-06,HTZ
HTZ260206P00006500,6.5,1.09,1.25,1.52,4.0,5.0,0.8906260937499999,True,PUT,2026-02-06,HTZ
HTZ260213C00004000,4.0,1.72,0.93,1.36,1.0,20.0,0.73437765625,True,CALL,2026-02-13,HTZ
HTZ260213C00005000,5.0,0.49,0.47,0.53,31.0,165.0,1.0234423828125,True,CALL,2026-02-13,HTZ
HTZ260213C00005500,5.5,0.28,0.27,0.33,81.0,309.0,1.0429735351562504,False,CALL,2026-02-13,HTZ
HTZ260213C00006000,6.0,0.17,0.16,0.21,1.0,412.0,1.09375453125,False,CALL,2026-02-13,HTZ
HTZ260213C00006500,6.5,0.12,0.1,0.15,10.0,56.0,1.171879140625,False,CALL,2026-02-13,HTZ
HTZ260213P00004000,4.0,0.07,0.05,0.08,1.0,145.0,1.0546922265625,False,PUT,2026-02-13,HTZ
HTZ260213P00004500,4.5,0.17,0.15,0.18,27.0,122.0,1.0078174609375,False,PUT,2026-02-13,HTZ
HTZ260213P00005000,5.0,0.35,0.35,0.35,78.0,1020.0,0.9765627343750001,False,PUT,2026-02-13,HTZ
HTZ260213P00005500,5.5,0.67,0.63,0.71,10.0,582.0,1.0429735351562504,True,PUT,2026-02-13,HTZ
HTZ260213P00006000,6.0,0.93,1.01,1.13,5.0,51.0,1.1328168359375002,True,PUT,2026-02-13,HTZ
HTZ260213P00006500,6.5,1.25,1.35,1.57,10.0,770.0,1.0468797656250002,True,PUT,2026-02-13,HTZ
HTZ260220C00004000,4.0,1.27,1.16,1.28,2.0,69.0,0.9765627343750001,True,CALL,2026-02-20,HTZ
HTZ260220C00004500,4.5,0.93,0.83,1.0,1.0,5.0,1.1328168359375002,True,CALL,2026-02-20,HTZ
HTZ260220C00005000,5.0,0.55,0.54,0.57,317.0,4897.0,0.9648441015625,True,CALL,2026-02-20,HTZ
HTZ260220C00005500,5.5,0.34,0.34,0.35,127.0,427.0,0.9570316796874999,False,CALL,2026-02-20,HTZ
HTZ260220C00006000,6.0,0.2,0.19,0.22,195.0,3755.0,0.9570316796874999,False,CALL,2026-02-20,HTZ
HTZ260220C00006500,6.5,0.13,0.12,0.14,14.0,377.0,0.992187578125,False,CALL,2026-02-20,HTZ
HTZ260220P00004000,4.0,0.09,0.08,0.1,217.0,713.0,0.9765627343750001,False,PUT,2026-02-20,HTZ
HTZ260220P00004500,4.5,0.2,0.19,0.22,7.0,415.0,0.9414068359375,False,PUT,2026-02-20,HTZ
HTZ260220P00005000,5.0,0.4,0.4,0.42,44.0,4643.0,0.9335944140625,False,PUT,2026-02-20,HTZ
HTZ260220P00005500,5.5,0.7,0.69,0.7,65.0,724.0,0.9179695703125,True,PUT,2026-02-20,HTZ
HTZ260220P00006000,6.0,0.99,1.05,1.17,18.0,1324.0,1.0312548437500002,True,PUT,2026-02-20,HTZ
HTZ260227C00004000,4.0,2.0,1.02,1.41,10.0,10.0,0.8398453515625,True,CALL,2026-02-27,HTZ
HTZ260227C00005000,5.0,0.6,0.49,0.7,25.0,49.0,0.914063359375,True,CALL,2026-02-27,HTZ
HTZ260227C00005500,5.5,0.37,0.35,0.44,23.0,99.0,0.9257819921875,False,CALL,2026-02-27,HTZ
HTZ260227C00006000,6.0,0.27,0.24,0.31,23.0,253.0,0.9687503125,False,CALL,2026-02-27,HTZ
HTZ260227C00006500,6.5,0.15,0.12,0.38,199.0,237.0,1.125004375,False,CALL,2026-02-27,HTZ
HTZ260227P00004000,4.0,0.13,0.07,0.13,1.0,196.0,0.8906260937499999,False,PUT,2026-02-27,HTZ
HTZ260227P00004500,4.5,0.26,0.18,0.28,4.0,314.0,0.87500125,False,PUT,2026-02-27,HTZ
HTZ260227P00005000,5.0,0.4,0.23,0.54,12.0,41.0,0.773439765625,False,PUT,2026-02-27,HTZ
HTZ260227P00005500,5.5,0.75,0.64,0.85,25.0,2214.0,0.8906260937499999,True,PUT,2026-02-27,HTZ
HTZ260227P00006000,6.0,1.0,1.01,1.22,1.0,154.0,0.914063359375,True,PUT,2026-02-27,HTZ
HTZ260227P00006500,6.5,1.24,1.38,1.63,,2.0,0.8789074609374999,True,PUT,2026-02-27,HTZ
HTZ260306C00004500,4.5,1.24,0.91,0.99,2.0,3.0,0.9570316796874999,True,CALL,2026-03-06,HTZ
HTZ260306C00006000,6.0,0.29,0.28,0.33,20.0,46.0,0.9238288867187501,False,CALL,2026-03-06,HTZ
HTZ260306C00006500,6.5,0.21,0.19,0.26,183.0,134.0,0.9687503125,False,CALL,2026-03-06,HTZ
HTZ260306P00004500,4.5,0.32,0.28,0.36,2.0,24.0,0.9570316796874999,False,PUT,2026-03-06,HTZ
HTZ260306P00005000,5.0,0.51,0.49,0.56,4.0,35.0,0.9179695703125,False,PUT,2026-03-06,HTZ
HTZ260320C00004000,4.0,1.5,1.24,1.77,12.0,579.0,1.21875390625,True,CALL,2026-03-20,HTZ
HTZ260320C00005000,5.0,0.74,0.7,0.75,25.0,1170.0,0.87500125,True,CALL,2026-03-20,HTZ
HTZ260320C00006000,6.0,0.4,0.35,0.39,662.0,24409.0,0.87695435546875,False,CALL,2026-03-20,HTZ
HTZ260320P00004000,4.0,0.2,0.19,0.23,9.0,10616.0,0.914063359375,False,PUT,2026-03-20,HTZ
HTZ260320P00005000,5.0,0.61,0.56,0.65,71.0,4426.0,0.8886729882812499,False,PUT,2026-03-20,HTZ
HTZ260320P00006000,6.0,1.21,1.2,1.25,21.0,1503.0,0.8554701953125,True,PUT,2026-03-20,HTZ
HTZ260618C00004000,4.0,1.55,1.59,1.7,6.0,824.0,0.8789074609374999,True,CALL,2026-06-18,HTZ
HTZ260618C00004500,4.5,1.36,1.3,1.44,1.0,1114.0,0.86914193359375,True,CALL,2026-06-18,HTZ
HTZ260618C00005000,5.0,1.06,1.04,1.21,75.0,4558.0,0.8535170898437501,True,CALL,2026-06-18,HTZ
HTZ260618C00005500,5.5,0.9,0.86,0.99,137.0,746.0,0.8447281152343749,False,CALL,2026-06-18,HTZ
HTZ260618P00004000,4.0,0.5,0.49,0.57,50.0,2140.0,0.8945323046874999,False,PUT,2026-06-18,HTZ
HTZ260618P00004500,4.5,0.7,0.7,0.84,1.0,210.0,0.8964854101562498,False,PUT,2026-06-18,HTZ
HTZ260618P00005000,5.0,1.01,0.96,1.02,20.0,1311.0,0.84961087890625,False,PUT,2026-06-18,HTZ
HTZ260618P00005500,5.5,1.22,1.25,1.41,2.0,803.0,0.8730481445312499,True,PUT,2026-06-18,HTZ
HTZ260918C00004000,4.0,2.0,1.74,2.01,1.0,1.0,0.8652357226562499,True,CALL,2026-09-18,HTZ
HTZ260918C00005000,5.0,1.4,1.28,1.53,1.0,2.0,0.8457046679687499,True,CALL,2026-09-18,HTZ
HTZ260918C00006000,6.0,0.95,0.96,1.06,30.0,4.0,0.805666005859375,False,CALL,2026-09-18,HTZ
HTZ260918P00004000,4.0,0.76,0.69,0.82,100.0,110.0,0.8730481445312499,False,PUT,2026-09-18,HTZ
HTZ260918P00005000,5.0,1.27,1.23,1.32,7.0,11.0,0.8457046679687499,False,PUT,2026-09-18,HTZ
HTZ261218C00004000,4.0,2.2,1.92,2.2,2.0,1440.0,0.85742330078125,True,CALL,2026-12-18,HTZ
HTZ261218C00004500,4.5,2.15,1.69,1.99,2.0,222.0,0.8544936425781251,True,CALL,2026-12-18,HTZ
HTZ261218C00005000,5.0,1.7,1.6,1.68,15.0,2346.0,0.848634326171875,True,CALL,2026-12-18,HTZ
HTZ261218C00005500,5.5,1.38,1.33,1.44,5.0,3194.0,0.8007832421875,False,CALL,2026-12-18,HTZ
HTZ261218P00004000,4.0,0.91,0.91,1.02,1.0,11104.0,0.8808605664062499,False,PUT,2026-12-18,HTZ
HTZ261218P00004500,4.5,1.1,1.17,1.36,8.0,288.0,0.8886729882812499,False,PUT,2026-12-18,HTZ
HTZ261218P00005000,5.0,1.55,1.43,1.63,1.0,2703.0,0.860352958984375,False,PUT,2026-12-18,HTZ
HTZ261218P00005500,5.5,1.75,1.72,1.96,2.0,2313.0,0.8476577734374999,True,PUT,2026-12-18,HTZ
HTZ270115C00004000,4.0,2.01,1.97,2.1,21.0,3094.0,0.80664255859375,True,CALL,2027-01-15,HTZ
HTZ270115C00004500,4.5,1.8,1.72,2.0,1.0,1012.0,0.8320329296874999,True,CALL,2027-01-15,HTZ
HTZ270115C00005000,5.0,1.59,1.55,1.74,2.0,7506.0,0.8173846386718748,True,CALL,2027-01-15,HTZ
HTZ270115C00005500,5.5,1.39,1.34,1.5,1.0,4474.0,0.78711150390625,False,CALL,2027-01-15,HTZ
HTZ270115P00004000,4.0,1.02,0.89,1.07,1.0,4671.0,0.8544936425781251,False,PUT,2027-01-15,HTZ
HTZ270115P00004500,4.5,1.1,1.19,1.45,20.0,195.0,0.88476677734375,False,PUT,2027-01-15,HTZ
HTZ270115P00005000,5.0,1.63,1.48,1.78,83.0,3079.0,0.8808605664062499,False,PUT,2027-01-15,HTZ
HTZ270115P00005500,5.5,1.76,1.8,2.09,10.0,2196.0,0.868165380859375,True,PUT,2027-01-15,HTZ
HTZ280121C00004000,4.0,2.8,2.44,2.77,1.0,191.0,0.8242205078124999,True,CALL,2028-01-21,HTZ
HTZ280121C00005000,5.0,2.2,2.0,2.49,35.0,1644.0,0.807619111328125,True,CALL,2028-01-21,HTZ
HTZ280121P00004000,4.0,1.62,1.58,2.1,52.0,232.0,1.0039112304687499,False,PUT,2028-01-21,HTZ
HTZ280121P00005000,5.0,2.25,2.23,2.55,14.0,371.0,0.9248054394531251,False,PUT,2028-01-21,HTZ
HTZ281215C00005000,5.0,2.71,2.5,4.0,2.0,610.0,1.0517625537109376,True,CALL,2028-12-15,HTZ
HTZ281215P00004000,4.0,1.35,1.7,2.33,,40.0,0.9091805957031249,False,PUT,2028-12-15,HTZ
HUT260130C00044000,44.0,14.73,16.8,19.2,2.0,3.0,2.847659130859375,True,CALL,2026-01-30,HUT
HUT260130C00045000,45.0,17.85,15.8,18.1,3.0,43.0,2.57031607421875,True,CALL,2026-01-30,HUT
HUT260130C00046000,46.0,16.73,14.8,17.45,1.0,26.0,2.7812530468750003,True,CALL,2026-01-30,HUT
HUT260130C00047000,47.0,17.6,13.8,16.15,1.0,8.0,2.3320354199218745,True,CALL,2026-01-30,HUT
HUT260130C00048000,48.0,12.91,12.8,15.3,5.0,469.0,2.328129179687499,True,CALL,2026-01-30,HUT
HUT260130C00049000,49.0,14.14,11.85,14.3,1.0,15.0,2.2187544531249994,True,CALL,2026-01-30,HUT
HUT260130C00050000,50.0,14.1,10.85,13.1,14.0,84.0,1.89453177734375,True,CALL,2026-01-30,HUT
HUT260130C00051000,51.0,11.99,9.85,12.2,1.0,52.0,1.8359383203124997,True,CALL,2026-01-30,HUT
HUT260130C00052000,52.0,9.73,8.85,11.2,3.0,102.0,1.69140779296875,True,CALL,2026-01-30,HUT
HUT260130C00053000,53.0,9.94,8.2,10.2,5.0,21.0,1.7695324023437498,True,CALL,2026-01-30,HUT
HUT260130C00054000,54.0,8.62,7.35,9.25,5.0,135.0,1.71875140625,True,CALL,2026-01-30,HUT
HUT260130C00055000,55.0,7.86,6.6,8.0,108.0,821.0,1.5527366113281247,True,CALL,2026-01-30,HUT
HUT260130C00056000,56.0,6.79,5.45,7.25,3.0,57.0,1.431643466796875,True,CALL,2026-01-30,HUT
HUT260130C00057000,57.0,5.4,4.8,6.35,39.0,510.0,1.4375028125,True,CALL,2026-01-30,HUT
HUT260130C00058000,58.0,5.0,4.0,6.0,123.0,156.0,1.5419944775390624,True,CALL,2026-01-30,HUT
HUT260130C00059000,59.0,3.98,3.6,4.6,40.0,285.0,1.3955108349609375,True,CALL,2026-01-30,HUT
HUT260130C00060000,60.0,3.2,3.1,3.6,187.0,844.0,1.3203158984374999,True,CALL,2026-01-30,HUT
HUT260130C00061000,61.0,2.73,2.22,3.05,28.0,1407.0,1.236331943359375,True,CALL,2026-01-30,HUT
HUT260130C00062000,62.0,2.11,1.7,2.46,53.0,1005.0,1.2060586572265624,False,CALL,2026-01-30,HUT
HUT260130C00063000,63.0,1.33,1.3,1.87,76.0,892.0,1.1689494677734376,False,CALL,2026-01-30,HUT
HUT260130C00064000,64.0,0.87,0.92,1.45,39.0,398.0,1.1435589697265625,False,CALL,2026-01-30,HUT
HUT260130C00065000,65.0,0.68,0.63,1.02,45.0,2361.0,1.0976607617187502,False,CALL,2026-01-30,HUT
HUT260130C00066000,66.0,0.5,0.42,0.65,33.0,346.0,1.0468797656250002,False,CALL,2026-01-30,HUT
HUT260130C00067000,67.0,0.23,0.28,0.49,23.0,913.0,1.056645341796875,False,CALL,2026-01-30,HUT
HUT260130C00068000,68.0,0.26,0.18,0.31,89.0,775.0,1.0332079589843752,False,CALL,2026-01-30,HUT
HUT260130C00069000,69.0,0.13,0.08,0.2,50.0,33.0,0.9960937890625,False,CALL,2026-01-30,HUT
HUT260130C00070000,70.0,0.11,0.08,0.14,29.0,773.0,1.0390673046875003,False,CALL,2026-01-30,HUT
HUT260130C00071000,71.0,0.37,0.0,0.15,26.0,26.0,1.05078599609375,False,CALL,2026-01-30,HUT
HUT260130C00072000,72.0,0.2,0.03,0.12,34.0,360.0,1.1367230664062502,False,CALL,2026-01-30,HUT
HUT260130C00075000,75.0,0.03,0.02,0.07,2.0,152.0,1.2656286718749998,False,CALL,2026-01-30,HUT
HUT260130C00080000,80.0,0.01,0.0,0.09,2.0,424.0,1.609376953125,False,CALL,2026-01-30,HUT
HUT260130P00044000,44.0,0.26,0.0,0.05,79.0,69.0,1.96875015625,False,PUT,2026-01-30,HUT
HUT260130P00045000,45.0,0.03,0.0,0.14,2.0,189.0,2.1328171679687498,False,PUT,2026-01-30,HUT
HUT260130P00045500,45.5,0.2,0.0,0.26,1.0,1.0,2.2968792578125,False,PUT,2026-01-30,HUT
HUT260130P00046000,46.0,0.09,0.0,0.06,2.0,13.0,1.765626171875,False,PUT,2026-01-30,HUT
HUT260130P00047000,47.0,0.05,0.0,0.57,11.0,541.0,2.4570351074218753,False,PUT,2026-01-30,HUT
HUT260130P00048000,48.0,0.03,0.02,0.06,4.0,191.0,1.609376953125,False,PUT,2026-01-30,HUT
HUT260130P00048500,48.5,0.19,0.0,0.27,33.0,33.0,1.8984380078125,False,PUT,2026-01-30,HUT
HUT260130P00049000,49.0,0.05,0.0,0.05,4.0,3116.0,1.3906280468749999,False,PUT,2026-01-30,HUT
HUT260130P00049500,49.5,0.21,0.0,0.07,1.0,506.0,1.40625296875,False,PUT,2026-01-30,HUT
HUT260130P00050000,50.0,0.04,0.03,0.07,39.0,1383.0,1.4296903515625,False,PUT,2026-01-30,HUT
HUT260130P00051000,51.0,0.04,0.02,0.09,13.0,178.0,1.3281283593749997,False,PUT,2026-01-30,HUT
HUT260130P00052000,52.0,0.06,0.05,0.08,27.0,446.0,1.2500037499999999,False,PUT,2026-01-30,HUT
HUT260130P00053000,53.0,0.1,0.05,0.12,12.0,278.0,1.19141029296875,False,PUT,2026-01-30,HUT
HUT260130P00054000,54.0,0.09,0.08,0.16,21.0,768.0,1.1484417578125,False,PUT,2026-01-30,HUT
HUT260130P00055000,55.0,0.13,0.09,0.15,701.0,1903.0,1.01953615234375,False,PUT,2026-01-30,HUT
HUT260130P00056000,56.0,0.23,0.13,0.29,8.0,341.0,1.0273486132812502,False,PUT,2026-01-30,HUT
HUT260130P00057000,57.0,0.33,0.23,0.43,164.0,4144.0,1.017583037109375,False,PUT,2026-01-30,HUT
HUT260130P00058000,58.0,0.7,0.35,0.66,2.0,217.0,1.01172369140625,False,PUT,2026-01-30,HUT
HUT260130P00059000,59.0,0.63,0.43,0.79,177.0,4200.0,0.914063359375,False,PUT,2026-01-30,HUT
HUT260130P00060000,60.0,1.51,0.61,1.53,37.0,272.0,1.0078174609375,False,PUT,2026-01-30,HUT
HUT260130P00061000,61.0,2.08,0.95,1.61,5.0,103.0,0.8984385156249999,False,PUT,2026-01-30,HUT
HUT260130P00062000,62.0,3.0,1.33,1.7,5.0,146.0,0.7587914746093751,True,PUT,2026-01-30,HUT
HUT260130P00063000,63.0,2.0,1.84,2.91,9.0,461.0,0.9101571484375,True,PUT,2026-01-30,HUT
HUT260130P00064000,64.0,4.31,2.49,4.05,9.0,98.0,1.0459032080078128,True,PUT,2026-01-30,HUT
HUT260130P00065000,65.0,5.28,3.25,5.1,11.0,23.0,1.162113564453125,True,PUT,2026-01-30,HUT
HUT260130P00068000,68.0,9.6,5.0,7.45,1.0,1.0,1.8105478222656248,True,PUT,2026-01-30,HUT
HUT260130P00069000,69.0,7.6,6.15,8.15,1.0,1.0,1.7373060009765624,True,PUT,2026-01-30,HUT
HUT260130P00070000,70.0,9.67,6.8,9.3,,8.0,1.982421962890625,True,PUT,2026-01-30,HUT
HUT260130P00080000,80.0,24.05,16.9,19.2,3.0,1.0,3.014650900878906,True,PUT,2026-01-30,HUT
HUT260206C00045000,45.0,19.7,15.9,18.45,7.0,7.0,1.431643466796875,True,CALL,2026-02-06,HUT
HUT260206C00047000,47.0,11.2,14.15,16.25,2.0,6.0,1.2919957275390623,True,CALL,2026-02-06,HUT
HUT260206C00048000,48.0,15.5,13.05,15.4,5.0,4.0,1.2314491552734375,True,CALL,2026-02-06,HUT
HUT260206C00049000,49.0,14.55,12.05,14.45,2.0,18.0,1.169926025390625,True,CALL,2026-02-06,HUT
HUT260206C00050000,50.0,10.15,11.2,13.55,16.0,60.0,1.1650432373046877,True,CALL,2026-02-06,HUT
HUT260206C00051000,51.0,9.98,10.75,12.6,2.0,8.0,1.2334022705078125,True,CALL,2026-02-06,HUT
HUT260206C00052000,52.0,7.35,9.4,11.8,7.0,13.0,1.11328568359375,True,CALL,2026-02-06,HUT
HUT260206C00053000,53.0,7.29,8.55,10.85,4.0,16.0,1.0712937060546879,True,CALL,2026-02-06,HUT
HUT260206C00054000,54.0,9.44,7.7,10.4,5.0,7.0,1.1201215869140624,True,CALL,2026-02-06,HUT
HUT260206C00055000,55.0,7.73,7.65,9.2,6.0,41.0,1.15625421875,True,CALL,2026-02-06,HUT
HUT260206C00056000,56.0,6.5,6.95,8.4,1.0,68.0,1.1376996240234376,True,CALL,2026-02-06,HUT
HUT260206C00057000,57.0,8.6,6.7,7.4,3.0,60.0,1.1474652001953123,True,CALL,2026-02-06,HUT
HUT260206C00058000,58.0,6.1,4.5,6.95,16.0,45.0,0.9443364941406249,True,CALL,2026-02-06,HUT
HUT260206C00059000,59.0,5.6,5.45,5.95,57.0,80.0,1.107426337890625,True,CALL,2026-02-06,HUT
HUT260206C00060000,60.0,4.9,5.05,5.35,55.0,377.0,1.1206098657226562,True,CALL,2026-02-06,HUT
HUT260206C00061000,61.0,4.0,4.55,4.85,4.0,627.0,1.1235395385742186,True,CALL,2026-02-06,HUT
HUT260206C00062000,62.0,4.1,3.9,4.25,19.0,164.0,1.0844772338867186,False,CALL,2026-02-06,HUT
HUT260206C00063000,63.0,3.59,3.45,3.85,12.0,241.0,1.087895185546875,False,CALL,2026-02-06,HUT
HUT260206C00064000,64.0,3.4,2.94,3.4,12.0,47.0,1.0673874755859378,False,CALL,2026-02-06,HUT
HUT260206C00065000,65.0,2.98,2.69,3.05,17.0,292.0,1.0849655126953124,False,CALL,2026-02-06,HUT
HUT260206C00066000,66.0,2.47,2.29,2.69,12.0,49.0,1.0722702636718753,False,CALL,2026-02-06,HUT
HUT260206C00067000,67.0,2.82,1.91,2.29,13.0,122.0,1.0468797656250002,False,CALL,2026-02-06,HUT
HUT260206C00068000,68.0,1.8,1.65,1.99,5.0,80.0,1.0429735351562504,False,CALL,2026-02-06,HUT
HUT260206C00069000,69.0,1.17,1.37,1.78,1.0,56.0,1.0405321411132817,False,CALL,2026-02-06,HUT
HUT260206C00070000,70.0,1.3,1.24,1.45,61.0,440.0,1.0341845166015626,False,CALL,2026-02-06,HUT
HUT260206C00071000,71.0,1.66,0.99,1.31,10.0,32.0,1.0307665649414064,False,CALL,2026-02-06,HUT
HUT260206C00075000,75.0,0.6,0.46,0.73,3.0,324.0,1.0205127099609377,False,CALL,2026-02-06,HUT
HUT260206C00076000,76.0,0.6,0.41,1.07,1.0,1.0,1.1376996240234376,False,CALL,2026-02-06,HUT
HUT260206C00078000,78.0,0.53,0.08,0.65,40.0,42.0,1.0253954980468751,False,CALL,2026-02-06,HUT
HUT260206C00079000,79.0,0.3,0.01,0.93,2.0,9.0,1.1328168359375002,False,CALL,2026-02-06,HUT
HUT260206C00080000,80.0,0.26,0.2,0.33,19.0,41.0,1.0312548437500002,False,CALL,2026-02-06,HUT
HUT260206P00044000,44.0,0.42,0.0,0.75,1.0,5.0,1.46875265625,False,PUT,2026-02-06,HUT
HUT260206P00045000,45.0,0.35,0.0,0.53,4.0,82.0,1.2851598242187499,False,PUT,2026-02-06,HUT
HUT260206P00046000,46.0,0.45,0.0,0.57,13.0,28.0,1.23047259765625,False,PUT,2026-02-06,HUT
HUT260206P00047000,47.0,0.18,0.12,0.41,12.0,64.0,1.138676181640625,False,PUT,2026-02-06,HUT
HUT260206P00047500,47.5,0.25,0.0,0.7,2.0,1.0,1.1767619287109374,False,PUT,2026-02-06,HUT
HUT260206P00048000,48.0,0.38,0.18,0.44,5.0,79.0,1.107426337890625,False,PUT,2026-02-06,HUT
HUT260206P00048500,48.5,0.37,0.02,0.73,1.0,4.0,1.12109814453125,False,PUT,2026-02-06,HUT
HUT260206P00049000,49.0,0.74,0.02,0.77,508.0,559.0,1.0986373193359378,False,PUT,2026-02-06,HUT
HUT260206P00049500,49.5,0.74,0.13,0.78,500.0,507.0,1.1015669921875002,False,PUT,2026-02-06,HUT
HUT260206P00050000,50.0,0.42,0.36,0.5,9.0,854.0,1.0468797656250002,False,PUT,2026-02-06,HUT
HUT260206P00051000,51.0,0.5,0.37,0.68,9.0,101.0,1.0293017285156252,False,PUT,2026-02-06,HUT
HUT260206P00052000,52.0,0.7,0.53,0.91,7.0,81.0,1.0517625537109376,False,PUT,2026-02-06,HUT
HUT260206P00053000,53.0,1.03,0.7,0.98,6.0,49.0,1.0244189404296877,False,PUT,2026-02-06,HUT
HUT260206P00054000,54.0,0.95,0.87,0.98,13.0,786.0,0.97460962890625,False,PUT,2026-02-06,HUT
HUT260206P00055000,55.0,1.23,1.07,1.22,16.0,143.0,0.9707034179687499,False,PUT,2026-02-06,HUT
HUT260206P00056000,56.0,1.37,1.3,1.47,61.0,64.0,0.9619144433593749,False,PUT,2026-02-06,HUT
HUT260206P00057000,57.0,2.22,1.58,2.04,54.0,158.0,0.9995117236328125,False,PUT,2026-02-06,HUT
HUT260206P00058000,58.0,2.37,1.9,2.08,74.0,58.0,0.9487309814453124,False,PUT,2026-02-06,HUT
HUT260206P00059000,59.0,2.5,2.23,2.53,34.0,39.0,0.9497075341796875,False,PUT,2026-02-06,HUT
HUT260206P00060000,60.0,3.37,2.54,3.1,67.0,140.0,0.9521489160156249,False,PUT,2026-02-06,HUT
HUT260206P00061000,61.0,3.22,3.0,3.25,14.0,58.0,0.9077157666015624,False,PUT,2026-02-06,HUT
HUT260206P00062000,62.0,3.67,3.55,3.95,7.0,3.0,0.9355475195312499,True,PUT,2026-02-06,HUT
HUT260206P00063000,63.0,3.87,4.1,4.4,1.0,80.0,0.91992267578125,True,PUT,2026-02-06,HUT
HUT260206P00064000,64.0,5.05,4.6,4.85,3.0,51.0,0.885743330078125,True,PUT,2026-02-06,HUT
HUT260206P00065000,65.0,5.28,5.25,5.85,21.0,14.0,0.9331061376953125,True,PUT,2026-02-06,HUT
HUT260206P00070000,70.0,14.35,8.45,9.3,,1.0,0.773439765625,True,PUT,2026-02-06,HUT
HUT260213C00044000,44.0,11.12,17.15,19.5,1.0,1.0,1.22266013671875,True,CALL,2026-02-13,HUT
HUT260213C00046000,46.0,14.6,15.35,17.85,5.0,5.0,1.2255898095703124,True,CALL,2026-02-13,HUT
HUT260213C00047000,47.0,16.45,14.85,16.75,1.0,12.0,1.2402381738281247,True,CALL,2026-02-13,HUT
HUT260213C00050000,50.0,12.0,12.0,14.3,2.0,8.0,1.1513714306640623,True,CALL,2026-02-13,HUT
HUT260213C00051000,51.0,14.01,10.95,13.55,2.0,2.0,1.1103560107421875,True,CALL,2026-02-13,HUT
HUT260213C00052000,52.0,12.0,10.25,12.55,,1.0,1.0810592822265626,True,CALL,2026-02-13,HUT
HUT260213C00053000,53.0,6.8,9.35,11.7,1.0,4.0,1.041508698730469,True,CALL,2026-02-13,HUT
HUT260213C00054000,54.0,7.5,8.55,10.9,5.0,25.0,1.0185595947265624,True,CALL,2026-02-13,HUT
HUT260213C00055000,55.0,10.0,8.25,10.15,4.0,19.0,1.0561570629882815,True,CALL,2026-02-13,HUT
HUT260213C00056000,56.0,9.26,8.45,9.15,2.0,44.0,1.111332568359375,True,CALL,2026-02-13,HUT
HUT260213C00057000,57.0,8.24,7.2,8.7,2.0,21.0,1.05859845703125,True,CALL,2026-02-13,HUT
HUT260213C00058000,58.0,8.19,6.75,7.75,11.0,102.0,1.0341845166015626,True,CALL,2026-02-13,HUT
HUT260213C00059000,59.0,6.77,6.6,7.4,2.0,26.0,1.0964400646972656,True,CALL,2026-02-13,HUT
HUT260213C00060000,60.0,6.17,5.85,6.8,4.0,42.0,1.0654343603515626,True,CALL,2026-02-13,HUT
HUT260213C00061000,61.0,5.65,5.45,6.35,4.0,81.0,1.0786178881835937,True,CALL,2026-02-13,HUT
HUT260213C00062000,62.0,5.18,4.8,5.75,13.0,12.0,1.0468797656250002,False,CALL,2026-02-13,HUT
HUT260213C00063000,63.0,5.0,4.5,5.3,5.0,26.0,1.0583543176269532,False,CALL,2026-02-13,HUT
HUT260213C00064000,64.0,4.53,3.9,4.8,2.0,10.0,1.0302782861328126,False,CALL,2026-02-13,HUT
HUT260213C00065000,65.0,3.1,3.6,4.4,6.0,957.0,1.0361376318359379,False,CALL,2026-02-13,HUT
HUT260213C00066000,66.0,3.47,3.15,3.9,1.0,8.0,1.01172369140625,False,CALL,2026-02-13,HUT
HUT260213C00067000,67.0,4.58,2.91,3.65,1.0,3.0,1.027592752685547,False,CALL,2026-02-13,HUT
HUT260213C00068000,68.0,4.0,2.46,3.25,1.0,9.0,1.001958115234375,False,CALL,2026-02-13,HUT
HUT260213C00069000,69.0,2.71,2.34,3.05,2.0,2.0,1.0263720556640625,False,CALL,2026-02-13,HUT
HUT260213C00070000,70.0,2.0,2.02,2.7,12.0,121.0,1.0087940185546875,False,CALL,2026-02-13,HUT
HUT260213C00075000,75.0,1.26,1.23,1.59,2.0,328.0,1.0151416430664062,False,CALL,2026-02-13,HUT
HUT260213C00080000,80.0,0.9,0.64,0.9,2.0,271.0,1.0029346728515625,False,CALL,2026-02-13,HUT
HUT260213P00044000,44.0,0.66,0.0,1.53,1.0,11.0,1.3222690136718749,False,PUT,2026-02-13,HUT
HUT260213P00045000,45.0,0.41,0.21,0.6,1.0,76.0,1.0605515722656251,False,PUT,2026-02-13,HUT
HUT260213P00046000,46.0,0.94,0.26,0.9,3.0,10.0,1.0986373193359378,False,PUT,2026-02-13,HUT
HUT260213P00047000,47.0,0.78,0.44,0.95,8.0,23.0,1.0908248583984377,False,PUT,2026-02-13,HUT
HUT260213P00048000,48.0,0.85,0.6,0.93,13.0,16.0,1.0576218994140625,False,PUT,2026-02-13,HUT
HUT260213P00049000,49.0,1.29,0.63,1.29,9.0,18.0,1.0693405908203126,False,PUT,2026-02-13,HUT
HUT260213P00050000,50.0,1.41,0.81,1.33,9.0,46.0,1.0419969775390627,False,PUT,2026-02-13,HUT
HUT260213P00051000,51.0,1.45,0.8,1.68,2.0,3.0,1.0297900073242188,False,PUT,2026-02-13,HUT
HUT260213P00052000,52.0,1.45,1.17,1.58,2.0,16.0,1.0014698364257812,False,PUT,2026-02-13,HUT
HUT260213P00053000,53.0,1.45,1.35,1.85,1.0,14.0,0.9941406835937501,False,PUT,2026-02-13,HUT
HUT260213P00054000,54.0,2.2,1.6,2.29,2.0,14.0,1.0107471337890623,False,PUT,2026-02-13,HUT
HUT260213P00055000,55.0,3.85,1.75,2.38,2.0,15.0,0.963867548828125,False,PUT,2026-02-13,HUT
HUT260213P00056000,56.0,2.2,2.11,2.94,1.0,48.0,0.9926758544921875,False,PUT,2026-02-13,HUT
HUT260213P00057000,57.0,2.5,2.44,3.05,2.0,4.0,0.9594730615234374,False,PUT,2026-02-13,HUT
HUT260213P00058000,58.0,3.0,2.77,3.5,2.0,18.0,0.9572758178710936,False,PUT,2026-02-13,HUT
HUT260213P00059000,59.0,3.35,3.05,3.85,1.0,27.0,0.9331061376953125,False,PUT,2026-02-13,HUT
HUT260213P00060000,60.0,5.18,3.6,4.55,7.0,13.0,0.9653323779296875,False,PUT,2026-02-13,HUT
HUT260213P00061000,61.0,4.6,4.2,4.75,40.0,7.0,0.9458013232421875,False,PUT,2026-02-13,HUT
HUT260213P00063000,63.0,5.4,5.0,5.75,1.0,1.0,0.9082040429687499,True,PUT,2026-02-13,HUT
HUT260213P00070000,70.0,15.4,9.4,10.95,,1.0,0.91211025390625,True,PUT,2026-02-13,HUT
HUT260220C00044000,44.0,20.49,17.35,19.75,1.0,516.0,1.1171919140625,True,CALL,2026-02-20,HUT
HUT260220C00045000,45.0,17.8,16.65,18.7,1.0,1612.0,1.1069380590820312,True,CALL,2026-02-20,HUT
HUT260220C00046000,46.0,12.6,15.6,17.9,5.0,712.0,1.0751999365234377,True,CALL,2026-02-20,HUT
HUT260220C00047000,47.0,11.7,14.75,17.05,2.0,138.0,1.0664109179687502,True,CALL,2026-02-20,HUT
HUT260220C00048000,48.0,15.0,14.55,16.15,2.0,164.0,1.1367230664062502,True,CALL,2026-02-20,HUT
HUT260220C00049000,49.0,14.23,13.05,15.3,27.0,174.0,1.0268603344726563,True,CALL,2026-02-20,HUT
HUT260220C00050000,50.0,13.35,12.15,14.5,5.0,308.0,1.0058643457031249,True,CALL,2026-02-20,HUT
HUT260220C00051000,51.0,11.13,11.4,13.95,1.0,1.0,1.0293017285156252,True,CALL,2026-02-20,HUT
HUT260220C00052000,52.0,9.15,10.6,13.1,3.0,3.0,1.0053760668945313,True,CALL,2026-02-20,HUT
HUT260220C00054000,54.0,6.9,9.3,11.4,2.0,14.0,0.9785158398437501,True,CALL,2026-02-20,HUT
HUT260220C00055000,55.0,9.9,9.4,10.8,7.0,781.0,1.0551805053710939,True,CALL,2026-02-20,HUT
HUT260220C00056000,56.0,8.47,9.15,9.9,10.0,44.0,1.0610398510742187,True,CALL,2026-02-20,HUT
HUT260220C00057000,57.0,8.5,8.05,9.3,286.0,274.0,1.0127002490234376,True,CALL,2026-02-20,HUT
HUT260220C00058000,58.0,9.05,7.9,8.65,1.0,17.0,1.0407762805175786,True,CALL,2026-02-20,HUT
HUT260220C00059000,59.0,7.0,7.0,8.15,3.0,8.0,1.0119678308105469,True,CALL,2026-02-20,HUT
HUT260220C00060000,60.0,7.23,6.85,7.55,133.0,2793.0,1.0341845166015626,True,CALL,2026-02-20,HUT
HUT260220C00061000,61.0,5.92,6.35,6.95,6.0,103.0,1.0224658251953125,True,CALL,2026-02-20,HUT
HUT260220C00062000,62.0,6.1,5.9,6.45,50.0,62.0,1.0192920129394532,False,CALL,2026-02-20,HUT
HUT260220C00063000,63.0,5.65,5.45,6.05,67.0,4330.0,1.0202685705566408,False,CALL,2026-02-20,HUT
HUT260220C00064000,64.0,4.85,5.05,5.6,1.0,47.0,1.0170947583007814,False,CALL,2026-02-20,HUT
HUT260220C00065000,65.0,4.85,4.6,5.0,292.0,4075.0,0.9941406835937501,False,CALL,2026-02-20,HUT
HUT260220C00066000,66.0,3.89,4.25,4.75,2.0,5.0,1.0039112304687499,False,CALL,2026-02-20,HUT
HUT260220C00067000,67.0,3.4,4.0,4.4,1.0,1814.0,1.009770576171875,False,CALL,2026-02-20,HUT
HUT260220C00068000,68.0,3.3,3.6,4.1,2.0,332.0,1.0043995092773437,False,CALL,2026-02-20,HUT
HUT260220C00069000,69.0,3.5,3.3,3.85,167.0,31.0,1.0078174609375,False,CALL,2026-02-20,HUT
HUT260220C00070000,70.0,3.3,3.05,3.55,53.0,2847.0,1.0080616003417968,False,CALL,2026-02-20,HUT
HUT260220C00075000,75.0,1.56,1.98,2.39,313.0,3865.0,1.0092822973632813,False,CALL,2026-02-20,HUT
HUT260220C00080000,80.0,1.32,1.27,1.39,2.0,1925.0,0.9882813671875,False,CALL,2026-02-20,HUT
HUT260220P00044000,44.0,0.62,0.48,0.81,4.0,44.0,1.0517625537109376,False,PUT,2026-02-20,HUT
HUT260220P00045000,45.0,0.74,0.56,0.85,3.0,269.0,1.0224658251953125,False,PUT,2026-02-20,HUT
HUT260220P00046000,46.0,0.75,0.64,0.95,2.0,246.0,1.001958115234375,False,PUT,2026-02-20,HUT
HUT260220P00047000,47.0,0.9,0.76,1.1,11.0,639.0,0.9941406835937501,False,PUT,2026-02-20,HUT
HUT260220P00048000,48.0,1.0,0.81,1.29,25.0,4802.0,0.9765627343750001,False,PUT,2026-02-20,HUT
HUT260220P00049000,49.0,1.34,1.05,1.56,9.0,132.0,0.9941406835937501,False,PUT,2026-02-20,HUT
HUT260220P00050000,50.0,1.38,1.22,1.63,11.0,946.0,0.96679720703125,False,PUT,2026-02-20,HUT
HUT260220P00051000,51.0,1.55,1.43,1.63,3.0,16.0,0.9335944140625,False,PUT,2026-02-20,HUT
HUT260220P00052000,52.0,2.15,1.67,1.87,20.0,52.0,0.9301764794921875,False,PUT,2026-02-20,HUT
HUT260220P00053000,53.0,2.18,1.95,2.13,7.0,7.0,0.9272468212890624,False,PUT,2026-02-20,HUT
HUT260220P00054000,54.0,2.84,2.11,2.79,1.0,16.0,0.948242705078125,False,PUT,2026-02-20,HUT
HUT260220P00055000,55.0,3.03,2.53,2.73,20.0,821.0,0.9165047412109376,False,PUT,2026-02-20,HUT
HUT260220P00056000,56.0,3.45,2.83,3.1,8.0,3982.0,0.911133701171875,False,PUT,2026-02-20,HUT
HUT260220P00057000,57.0,3.75,3.2,3.5,29.0,1304.0,0.9099130102539061,False,PUT,2026-02-20,HUT
HUT260220P00058000,58.0,4.25,3.6,3.9,16.0,252.0,0.9062509375,False,PUT,2026-02-20,HUT
HUT260220P00059000,59.0,4.0,3.9,4.35,2.0,63.0,0.8933116137695312,False,PUT,2026-02-20,HUT
HUT260220P00060000,60.0,4.95,4.55,4.8,120.0,328.0,0.905274384765625,False,PUT,2026-02-20,HUT
HUT260220P00061000,61.0,5.75,4.9,5.25,4.0,34.0,0.8872081591796874,False,PUT,2026-02-20,HUT
HUT260220P00062000,62.0,4.95,5.45,6.3,510.0,507.0,0.9299323413085938,True,PUT,2026-02-20,HUT
HUT260220P00063000,63.0,7.5,5.9,6.85,46.0,57.0,0.9191902612304688,True,PUT,2026-02-20,HUT
HUT260220P00064000,64.0,6.45,6.55,7.05,5.0,41.0,0.8918467846679687,True,PUT,2026-02-20,HUT
HUT260220P00065000,65.0,8.6,7.1,7.65,21.0,153.0,0.8845226391601562,True,PUT,2026-02-20,HUT
HUT260220P00066000,66.0,7.7,7.85,8.05,2.0,4.0,0.8725598681640624,True,PUT,2026-02-20,HUT
HUT260220P00070000,70.0,10.3,10.35,11.1,18.0,46.0,0.8623060644531251,True,PUT,2026-02-20,HUT
HUT260220P00075000,75.0,29.65,0.0,0.0,,5.0,1.0000000000000003e-05,True,PUT,2026-02-20,HUT
HUT260220P00080000,80.0,20.57,18.2,20.45,1.0,2.0,0.9233406103515626,True,PUT,2026-02-20,HUT
HUT260227C00050000,50.0,15.51,13.05,15.45,2.0,36.0,1.076176494140625,True,CALL,2026-02-27,HUT
HUT260227C00051000,51.0,15.38,12.3,14.55,2.0,2.0,1.0502977172851562,True,CALL,2026-02-27,HUT
HUT260227C00052000,52.0,12.5,11.65,13.8,1.0,2.0,1.0459032080078128,True,CALL,2026-02-27,HUT
HUT260227C00053000,53.0,8.78,10.9,13.15,6.0,7.0,1.037358328857422,True,CALL,2026-02-27,HUT
HUT260227C00054000,54.0,11.4,10.2,12.9,,2.0,1.0637253845214847,True,CALL,2026-02-27,HUT
HUT260227C00055000,55.0,9.45,10.55,11.5,1.0,4.0,1.076176494140625,True,CALL,2026-02-27,HUT
HUT260227C00056000,56.0,10.32,9.7,11.1,1.0,53.0,1.0683640332031252,True,CALL,2026-02-27,HUT
HUT260227C00057000,57.0,9.42,8.65,10.55,2.0,6.0,1.0305224255371095,True,CALL,2026-02-27,HUT
HUT260227C00058000,58.0,9.7,8.65,9.75,27.0,33.0,1.0512742749023438,True,CALL,2026-02-27,HUT
HUT260227C00059000,59.0,11.13,8.0,9.45,1.0,40.0,1.056645341796875,True,CALL,2026-02-27,HUT
HUT260227C00060000,60.0,7.55,7.05,8.7,26.0,48.0,1.0039112304687499,True,CALL,2026-02-27,HUT
HUT260227C00061000,61.0,7.75,7.2,8.3,2.0,14.0,1.0537156689453124,True,CALL,2026-02-27,HUT
HUT260227C00062000,62.0,7.05,6.65,7.85,150.0,27.0,1.0459032080078128,False,CALL,2026-02-27,HUT
HUT260227C00063000,63.0,7.19,6.05,7.25,2.0,26.0,1.0210009887695315,False,CALL,2026-02-27,HUT
HUT260227C00064000,64.0,6.43,5.7,7.05,1.0,42.0,1.0393114440917972,False,CALL,2026-02-27,HUT
HUT260227C00065000,65.0,6.8,4.45,6.5,14.0,52.0,0.9663089306640625,False,CALL,2026-02-27,HUT
HUT260227C00066000,66.0,5.1,5.1,6.05,1.0,7.0,1.031987261962891,False,CALL,2026-02-27,HUT
HUT260227C00067000,67.0,3.52,4.5,5.8,2.0,22.0,1.0205127099609377,False,CALL,2026-02-27,HUT
HUT260227C00069000,69.0,3.1,3.7,5.0,24.0,14.0,0.9965820654296875,False,CALL,2026-02-27,HUT
HUT260227C00070000,70.0,3.65,3.55,4.85,10.0,39.0,1.0170947583007814,False,CALL,2026-02-27,HUT
HUT260227C00075000,75.0,4.25,2.8,3.4,3.0,39.0,1.0361376318359379,False,CALL,2026-02-27,HUT
HUT260227C00080000,80.0,2.57,1.57,2.42,1.0,95.0,0.999023447265625,False,CALL,2026-02-27,HUT
HUT260227P00044000,44.0,1.01,0.77,1.56,4.0,11.0,1.0966842041015625,False,PUT,2026-02-27,HUT
HUT260227P00045000,45.0,1.09,0.9,2.03,2.0,27.0,1.1274457690429687,False,PUT,2026-02-27,HUT
HUT260227P00046000,46.0,1.96,1.27,1.59,15.0,3.0,1.0625046875000002,False,PUT,2026-02-27,HUT
HUT260227P00047000,47.0,1.5,1.29,1.8,16.0,11.0,1.0371141894531253,False,PUT,2026-02-27,HUT
HUT260227P00048000,48.0,1.83,1.44,2.02,4.0,3.0,1.0258837768554687,False,PUT,2026-02-27,HUT
HUT260227P00049000,49.0,2.0,1.72,2.2,6.0,17.0,1.021489267578125,False,PUT,2026-02-27,HUT
HUT260227P00050000,50.0,2.3,1.82,2.36,1.0,55.0,0.992187578125,False,PUT,2026-02-27,HUT
HUT260227P00051000,51.0,2.64,2.09,3.2,13.0,11.0,1.0449266503906252,False,PUT,2026-02-27,HUT
HUT260227P00052000,52.0,5.32,2.4,3.35,1.0,8.0,1.0273486132812502,False,PUT,2026-02-27,HUT
HUT260227P00053000,53.0,3.13,2.54,3.3,3.0,58.0,0.9743654907226562,False,PUT,2026-02-27,HUT
HUT260227P00054000,54.0,3.34,2.88,3.85,1.0,28.0,0.9897461962890625,False,PUT,2026-02-27,HUT
HUT260227P00055000,55.0,3.85,3.35,4.0,1.0,32.0,0.9780275634765626,False,PUT,2026-02-27,HUT
HUT260227P00056000,56.0,4.2,3.65,4.35,1.0,10.0,0.9650882397460938,False,PUT,2026-02-27,HUT
HUT260227P00057000,57.0,4.21,3.85,4.9,3.0,13.0,0.9570316796874999,False,PUT,2026-02-27,HUT
HUT260227P00058000,58.0,4.73,4.3,5.45,1.0,8.0,0.9643558251953125,False,PUT,2026-02-27,HUT
HUT260227P00059000,59.0,4.95,4.9,5.65,33.0,40.0,0.9528813305664061,False,PUT,2026-02-27,HUT
HUT260227P00060000,60.0,6.67,5.45,6.4,1.0,18.0,0.9748537670898438,False,PUT,2026-02-27,HUT
HUT260227P00061000,61.0,6.94,5.85,6.6,1.0,1.0,0.9421392504882812,False,PUT,2026-02-27,HUT
HUT260227P00063000,63.0,9.5,6.8,8.1,,5.0,0.9572758178710936,True,PUT,2026-02-27,HUT
HUT260227P00066000,66.0,13.88,8.6,9.6,1.0,1.0,0.9289557885742188,True,PUT,2026-02-27,HUT
HUT260227P00070000,70.0,16.05,11.2,12.6,,1.0,0.9355475195312499,True,PUT,2026-02-27,HUT
HUT260227P00080000,80.0,24.7,18.7,21.2,,1.0,0.9421392504882812,True,PUT,2026-02-27,HUT
HUT260306C00044000,44.0,17.0,18.15,20.8,2.0,3.0,1.1298871630859377,True,CALL,2026-03-06,HUT
HUT260306C00045000,45.0,17.25,17.3,19.7,15.0,16.0,1.0825241186523438,True,CALL,2026-03-06,HUT
HUT260306C00054000,54.0,8.78,11.4,13.15,,6.0,1.066899196777344,True,CALL,2026-03-06,HUT
HUT260306C00056000,56.0,12.99,9.6,12.05,10.0,16.0,1.0224658251953125,True,CALL,2026-03-06,HUT
HUT260306C00057000,57.0,9.24,9.3,11.2,1.0,2.0,1.0180713159179686,True,CALL,2026-03-06,HUT
HUT260306C00058000,58.0,8.5,9.45,10.9,10.0,27.0,1.0791061669921875,True,CALL,2026-03-06,HUT
HUT260306C00060000,60.0,9.65,7.45,9.65,3.0,9.0,0.9926758544921875,True,CALL,2026-03-06,HUT
HUT260306C00062000,62.0,8.75,7.35,8.75,6.0,6.0,1.0449266503906252,False,CALL,2026-03-06,HUT
HUT260306C00065000,65.0,6.65,6.0,7.55,,2.0,1.035893492431641,False,CALL,2026-03-06,HUT
HUT260306C00067000,67.0,6.85,4.9,6.85,2.0,2.0,1.0119678308105469,False,CALL,2026-03-06,HUT
HUT260306C00075000,75.0,3.6,3.4,4.35,9.0,11.0,1.0429735351562504,False,CALL,2026-03-06,HUT
HUT260306C00080000,80.0,2.96,2.09,3.3,7.0,36.0,1.013676806640625,False,CALL,2026-03-06,HUT
HUT260306P00044000,44.0,2.05,0.58,1.84,1.0,2.0,0.9995117236328125,False,PUT,2026-03-06,HUT
HUT260306P00050000,50.0,2.96,2.19,3.2,5.0,20.0,1.0043995092773437,False,PUT,2026-03-06,HUT
HUT260306P00051000,51.0,4.15,2.13,3.95,8.0,19.0,1.0085498791503906,False,PUT,2026-03-06,HUT
HUT260306P00052000,52.0,4.7,2.3,3.95,10.0,12.0,0.9665530688476562,False,PUT,2026-03-06,HUT
HUT260306P00053000,53.0,3.55,3.4,4.0,1.0,0.0,1.0009815576171874,False,PUT,2026-03-06,HUT
HUT260306P00054000,54.0,6.05,3.55,5.25,,0.0,1.0483446020507814,False,PUT,2026-03-06,HUT
HUT260306P00055000,55.0,4.8,3.9,4.9,76.0,47.0,0.9873048144531251,False,PUT,2026-03-06,HUT
HUT260306P00056000,56.0,6.24,4.25,5.45,6.0,2.0,0.9904786108398438,False,PUT,2026-03-06,HUT
HUT260306P00057000,57.0,6.75,4.35,6.35,4.0,1.0,0.9973144799804687,False,PUT,2026-03-06,HUT
HUT260306P00059000,59.0,6.47,5.65,6.7,22.0,10.0,0.9782717016601563,False,PUT,2026-03-06,HUT
HUT260320C00044000,44.0,21.38,19.6,21.3,1.0,108.0,1.1477093395996092,True,CALL,2026-03-20,HUT
HUT260320C00045000,45.0,21.2,18.15,20.5,3.0,934.0,1.0754440759277344,True,CALL,2026-03-20,HUT
HUT260320C00046000,46.0,16.8,17.35,19.75,1.0,130.0,1.0647019421386719,True,CALL,2026-03-20,HUT
HUT260320C00047000,47.0,17.7,16.7,19.05,3.0,429.0,1.0681198937988285,True,CALL,2026-03-20,HUT
HUT260320C00048000,48.0,16.5,16.35,18.2,1.0,67.0,1.0798385852050782,True,CALL,2026-03-20,HUT
HUT260320C00049000,49.0,11.85,15.15,17.55,6.0,67.0,1.040043862304688,True,CALL,2026-03-20,HUT
HUT260320C00050000,50.0,15.5,14.55,17.0,21.0,704.0,1.0500535778808593,True,CALL,2026-03-20,HUT
HUT260320C00055000,55.0,13.4,12.4,13.9,27.0,300.0,1.0874069067382814,True,CALL,2026-03-20,HUT
HUT260320C00060000,60.0,9.7,10.0,11.15,32.0,727.0,1.0730026818847658,True,CALL,2026-03-20,HUT
HUT260320C00065000,65.0,8.45,7.95,8.95,38.0,2634.0,1.0643357330322267,False,CALL,2026-03-20,HUT
HUT260320C00070000,70.0,6.8,6.4,7.05,348.0,1243.0,1.0598191540527346,False,CALL,2026-03-20,HUT
HUT260320C00075000,75.0,4.45,4.6,5.65,119.0,1532.0,1.033452098388672,False,CALL,2026-03-20,HUT
HUT260320C00080000,80.0,4.0,3.65,4.5,50.0,1804.0,1.0380907470703127,False,CALL,2026-03-20,HUT
HUT260320P00044000,44.0,2.7,1.65,2.57,3.0,102.0,1.0385790258789065,False,PUT,2026-03-20,HUT
HUT260320P00045000,45.0,2.42,2.15,2.55,510.0,1179.0,1.0351610742187503,False,PUT,2026-03-20,HUT
HUT260320P00046000,46.0,3.25,2.0,3.05,1.0,59.0,1.0180713159179686,False,PUT,2026-03-20,HUT
HUT260320P00047000,47.0,2.64,2.19,3.35,1.0,126.0,1.0107471337890623,False,PUT,2026-03-20,HUT
HUT260320P00048000,48.0,3.22,2.7,3.75,2.0,126.0,1.0336962377929688,False,PUT,2026-03-20,HUT
HUT260320P00049000,49.0,5.5,3.2,4.1,3.0,325.0,1.0473680444335938,False,PUT,2026-03-20,HUT
HUT260320P00050000,50.0,4.0,3.5,4.0,6.0,1889.0,1.0107471337890623,False,PUT,2026-03-20,HUT
HUT260320P00055000,55.0,5.74,5.5,6.0,51.0,727.0,1.0078174609375,False,PUT,2026-03-20,HUT
HUT260320P00060000,60.0,8.07,7.75,8.5,103.0,335.0,0.9941406835937501,False,PUT,2026-03-20,HUT
HUT260320P00065000,65.0,11.25,10.5,11.4,3.0,111.0,0.9829103271484375,True,PUT,2026-03-20,HUT
HUT260320P00070000,70.0,16.46,13.65,14.65,1.0,39.0,0.9694827270507812,True,PUT,2026-03-20,HUT
HUT260320P00075000,75.0,21.8,17.15,18.3,4.0,18.0,0.958862716064453,True,PUT,2026-03-20,HUT
HUT260320P00080000,80.0,26.05,20.95,22.1,1.0,11.0,0.9389654541015625,True,PUT,2026-03-20,HUT
HUT260417C00044000,44.0,22.06,20.95,22.7,4.0,154.0,1.111576707763672,True,CALL,2026-04-17,HUT
HUT260417C00045000,45.0,21.33,20.4,22.05,4.0,42.0,1.1174360534667969,True,CALL,2026-04-17,HUT
HUT260417C00046000,46.0,17.68,19.0,21.45,2.0,73.0,1.0715378454589848,True,CALL,2026-04-17,HUT
HUT260417C00047000,47.0,19.47,18.3,20.8,1.0,85.0,1.0654343603515626,True,CALL,2026-04-17,HUT
HUT260417C00048000,48.0,20.0,17.7,20.05,3.0,95.0,1.0581101782226563,True,CALL,2026-04-17,HUT
HUT260417C00049000,49.0,15.18,17.0,19.4,2.0,453.0,1.049321159667969,True,CALL,2026-04-17,HUT
HUT260417C00050000,50.0,16.96,16.6,18.8,22.0,791.0,1.0583543176269532,True,CALL,2026-04-17,HUT
HUT260417C00055000,55.0,14.56,14.4,15.75,1.0,242.0,1.0625046875000002,True,CALL,2026-04-17,HUT
HUT260417C00060000,60.0,12.0,12.0,13.5,18.0,369.0,1.0598191540527346,True,CALL,2026-04-17,HUT
HUT260417C00065000,65.0,10.04,9.85,11.5,18.0,658.0,1.0504197869873046,False,CALL,2026-04-17,HUT
HUT260417C00070000,70.0,8.61,7.95,9.55,34.0,958.0,1.0286913800048831,False,CALL,2026-04-17,HUT
HUT260417C00075000,75.0,7.3,7.15,8.0,10.0,512.0,1.049931508178711,False,CALL,2026-04-17,HUT
HUT260417C00080000,80.0,6.55,5.95,6.7,41.0,1216.0,1.0450487200927736,False,CALL,2026-04-17,HUT
HUT260417P00044000,44.0,3.37,2.67,3.85,1.0,87.0,1.0014698364257812,False,PUT,2026-04-17,HUT
HUT260417P00045000,45.0,3.6,3.5,3.95,1.0,224.0,1.0205127099609377,False,PUT,2026-04-17,HUT
HUT260417P00046000,46.0,5.35,3.2,4.6,1.0,90.0,0.9995117236328125,False,PUT,2026-04-17,HUT
HUT260417P00047000,47.0,5.75,3.4,5.0,3.0,126.0,0.9929199926757812,False,PUT,2026-04-17,HUT
HUT260417P00048000,48.0,6.04,3.65,5.35,9.0,74.0,0.9848634326171876,False,PUT,2026-04-17,HUT
HUT260417P00049000,49.0,5.12,4.2,5.75,1.0,552.0,0.9953613745117188,False,PUT,2026-04-17,HUT
HUT260417P00050000,50.0,5.0,5.0,6.1,1.0,261.0,1.0144092248535155,False,PUT,2026-04-17,HUT
HUT260417P00055000,55.0,8.1,7.35,8.2,11.0,407.0,1.0087940185546875,False,PUT,2026-04-17,HUT
HUT260417P00060000,60.0,10.6,9.85,10.85,34.0,270.0,1.0007374182128905,False,PUT,2026-04-17,HUT
HUT260417P00065000,65.0,13.6,12.75,13.6,3.0,120.0,0.9846192944335939,True,PUT,2026-04-17,HUT
HUT260417P00070000,70.0,19.0,15.8,16.95,3.0,25.0,0.9742434216308593,True,PUT,2026-04-17,HUT
HUT260417P00075000,75.0,22.0,19.3,20.4,21.0,43.0,0.9636234106445312,True,PUT,2026-04-17,HUT
HUT260417P00080000,80.0,24.6,23.0,24.25,1.0,18.0,0.9578861633300779,True,PUT,2026-04-17,HUT
HUT260618C00044000,44.0,25.39,23.05,25.55,2.0,90.0,1.0683640332031252,True,CALL,2026-06-18,HUT
HUT260618C00045000,45.0,25.5,22.5,24.95,2.0,448.0,1.0673874755859378,True,CALL,2026-06-18,HUT
HUT260618C00046000,46.0,20.85,22.1,24.35,1.0,99.0,1.0719040545654301,True,CALL,2026-06-18,HUT
HUT260618C00047000,47.0,19.98,21.3,23.8,6.0,178.0,1.0600632934570315,True,CALL,2026-06-18,HUT
HUT260618C00048000,48.0,19.4,20.75,23.25,2.0,17.0,1.0581101782226563,True,CALL,2026-06-18,HUT
HUT260618C00049000,49.0,12.0,20.2,22.65,10.0,36.0,1.0532273901367186,True,CALL,2026-06-18,HUT
HUT260618C00050000,50.0,20.45,19.65,22.15,1.0,398.0,1.0515184143066407,True,CALL,2026-06-18,HUT
HUT260618C00055000,55.0,17.71,17.7,19.65,4.0,355.0,1.0604295025634767,True,CALL,2026-06-18,HUT
HUT260618C00060000,60.0,15.5,15.35,17.4,5.0,594.0,1.0438280230712893,True,CALL,2026-06-18,HUT
HUT260618C00065000,65.0,14.33,13.3,15.45,5.0,263.0,1.0324755407714847,False,CALL,2026-06-18,HUT
HUT260618C00070000,70.0,13.97,11.35,13.7,2.0,561.0,1.0170947583007814,False,CALL,2026-06-18,HUT
HUT260618C00075000,75.0,11.65,10.15,11.95,1.0,205.0,1.013676806640625,False,CALL,2026-06-18,HUT
HUT260618C00080000,80.0,10.66,8.9,11.3,4.0,164.0,1.0332079589843752,False,CALL,2026-06-18,HUT
HUT260618P00044000,44.0,7.02,5.05,6.55,1.0,50.0,0.9982910327148438,False,PUT,2026-06-18,HUT
HUT260618P00045000,45.0,6.53,6.1,6.75,26.0,198.0,1.017583037109375,False,PUT,2026-06-18,HUT
HUT260618P00046000,46.0,7.15,5.8,7.4,6.0,27.0,0.9946289599609376,False,PUT,2026-06-18,HUT
HUT260618P00047000,47.0,7.45,6.2,7.85,32.0,195.0,0.993286199951172,False,PUT,2026-06-18,HUT
HUT260618P00048000,48.0,7.3,6.65,8.35,1.0,18.0,0.9951172363281251,False,PUT,2026-06-18,HUT
HUT260618P00049000,49.0,9.1,7.75,8.75,5.0,6.0,1.0183154553222655,False,PUT,2026-06-18,HUT
HUT260618P00050000,50.0,8.65,8.2,9.2,1.0,245.0,1.015385782470703,False,PUT,2026-06-18,HUT
HUT260618P00055000,55.0,10.74,10.6,11.85,15.0,127.0,1.0087940185546875,False,PUT,2026-06-18,HUT
HUT260618P00060000,60.0,14.7,12.65,14.75,17.0,159.0,0.979614461669922,False,PUT,2026-06-18,HUT
HUT260618P00065000,65.0,19.0,15.5,17.85,2.0,9.0,0.9689944506835937,True,PUT,2026-06-18,HUT
HUT260618P00070000,70.0,21.1,19.05,21.05,150.0,158.0,0.969604796142578,True,PUT,2026-06-18,HUT
HUT260618P00075000,75.0,25.6,22.6,24.55,3.0,10.0,0.9664309997558593,True,PUT,2026-06-18,HUT
HUT260618P00080000,80.0,30.95,26.4,28.15,,1.0,0.962768927001953,True,PUT,2026-06-18,HUT
HUT260717C00044000,44.0,26.34,24.15,26.6,1.0,8.0,1.0636033148193362,True,CALL,2026-07-17,HUT
HUT260717C00045000,45.0,25.17,23.6,26.05,4.0,29.0,1.0625046875000002,True,CALL,2026-07-17,HUT
HUT260717C00046000,46.0,22.25,23.05,25.5,1.0,2.0,1.0603074328613284,True,CALL,2026-07-17,HUT
HUT260717C00047000,47.0,19.85,22.5,25.0,2.0,4.0,1.0593308752441408,True,CALL,2026-07-17,HUT
HUT260717C00050000,50.0,20.0,20.95,23.4,1.0,14.0,1.0513963446044923,True,CALL,2026-07-17,HUT
HUT260717C00055000,55.0,20.85,18.55,21.05,68.0,212.0,1.0419969775390627,True,CALL,2026-07-17,HUT
HUT260717C00060000,60.0,19.4,16.4,18.95,3.0,46.0,1.0338183074951173,True,CALL,2026-07-17,HUT
HUT260717C00065000,65.0,16.65,14.95,17.05,100.0,111.0,1.0402880017089848,False,CALL,2026-07-17,HUT
HUT260717C00070000,70.0,12.3,14.35,15.45,3.0,21.0,1.0692185211181642,False,CALL,2026-07-17,HUT
HUT260717C00075000,75.0,12.8,12.75,14.05,6.0,115.0,1.0631150360107424,False,CALL,2026-07-17,HUT
HUT260717C00080000,80.0,11.12,11.2,12.75,4.0,76.0,1.0526170416259766,False,CALL,2026-07-17,HUT
HUT260717P00044000,44.0,13.92,6.6,7.55,,0.0,1.017583037109375,False,PUT,2026-07-17,HUT
HUT260717P00045000,45.0,7.57,6.85,7.9,1.0,13.0,1.0051319274902344,False,PUT,2026-07-17,HUT
HUT260717P00046000,46.0,9.2,7.4,8.4,,1.0,1.0105029943847654,False,PUT,2026-07-17,HUT
HUT260717P00047000,47.0,8.67,7.8,8.85,1.0,13.0,1.0065967639160154,False,PUT,2026-07-17,HUT
HUT260717P00048000,48.0,12.7,7.65,9.3,15.0,15.0,0.9810792907714845,False,PUT,2026-07-17,HUT
HUT260717P00050000,50.0,11.81,9.15,10.35,1.0,2.0,1.001958115234375,False,PUT,2026-07-17,HUT
HUT260717P00055000,55.0,13.72,11.75,13.0,10.0,41.0,0.9963379272460937,False,PUT,2026-07-17,HUT
HUT260717P00060000,60.0,14.8,14.65,16.15,1.0,29.0,1.0003712091064452,False,PUT,2026-07-17,HUT
HUT260717P00070000,70.0,28.0,20.85,22.45,2.0,1.0,0.9788820471191408,True,PUT,2026-07-17,HUT
HUT260717P00075000,75.0,26.25,24.35,26.05,,1.0,0.9769289416503908,True,PUT,2026-07-17,HUT
HUT260717P00080000,80.0,28.9,28.0,29.6,6.0,39.0,0.9680178979492188,True,PUT,2026-07-17,HUT
HUT260918C00045000,45.0,25.4,25.8,28.3,3.0,164.0,1.062748826904297,True,CALL,2026-09-18,HUT
HUT260918C00047000,47.0,28.15,25.1,27.25,2.0,42.0,1.066899196777344,True,CALL,2026-09-18,HUT
HUT260918C00050000,50.0,24.0,23.3,25.8,1.0,815.0,1.0481004626464845,True,CALL,2026-09-18,HUT
HUT260918C00055000,55.0,25.45,21.75,23.6,1.0,169.0,1.0589036312866211,True,CALL,2026-09-18,HUT
HUT260918C00060000,60.0,22.51,19.85,21.6,5.0,88.0,1.0526170416259766,True,CALL,2026-09-18,HUT
HUT260918C00065000,65.0,19.7,17.9,19.8,4.0,59.0,1.040959385070801,False,CALL,2026-09-18,HUT
HUT260918C00070000,70.0,17.4,15.85,18.25,4.0,146.0,1.0253954980468751,False,CALL,2026-09-18,HUT
HUT260918C00075000,75.0,15.55,14.45,16.75,7.0,644.0,1.020878919067383,False,CALL,2026-09-18,HUT
HUT260918C00080000,80.0,14.0,13.25,15.8,1.0,58.0,1.0288744845581057,False,CALL,2026-09-18,HUT
HUT260918P00045000,45.0,9.5,8.8,9.95,1.0,158.0,0.9984131018066407,False,PUT,2026-09-18,HUT
HUT260918P00047000,47.0,10.05,10.0,10.35,10.0,206.0,0.983398603515625,False,PUT,2026-09-18,HUT
HUT260918P00050000,50.0,13.2,10.45,12.45,12.0,20.0,0.962768927001953,False,PUT,2026-09-18,HUT
HUT260918P00055000,55.0,15.9,13.1,15.3,2.0,30.0,0.9573978869628905,False,PUT,2026-09-18,HUT
HUT260918P00060000,60.0,17.1,16.75,18.3,18.0,19.0,0.971679970703125,False,PUT,2026-09-18,HUT
HUT260918P00065000,65.0,20.8,20.0,21.55,22.0,22.0,0.9698489343261718,True,PUT,2026-09-18,HUT
HUT260918P00070000,70.0,23.0,22.5,25.2,10.0,149.0,0.9498296032714844,True,PUT,2026-09-18,HUT
HUT260918P00075000,75.0,29.5,26.1,28.85,54.0,31.0,0.9505009832763671,True,PUT,2026-09-18,HUT
HUT260918P00080000,80.0,33.9,30.0,32.6,,19.0,0.953979952392578,True,PUT,2026-09-18,HUT
HUT270115C00045000,45.0,32.6,28.85,32.0,15.0,585.0,1.0579881085205078,True,CALL,2027-01-15,HUT
HUT270115C00047000,47.0,28.35,28.0,30.95,2.0,49.0,1.0502977172851562,True,CALL,2027-01-15,HUT
HUT270115C00050000,50.0,30.1,27.65,30.0,11.0,4061.0,1.0781296093750001,True,CALL,2027-01-15,HUT
HUT270115C00055000,55.0,25.35,24.55,27.5,5.0,647.0,1.0261279162597656,True,CALL,2027-01-15,HUT
HUT270115C00060000,60.0,23.6,23.85,25.45,15.0,380.0,1.0399217926025395,True,CALL,2027-01-15,HUT
HUT270115C00065000,65.0,23.0,22.6,23.95,7.0,302.0,1.0459032080078128,False,CALL,2027-01-15,HUT
HUT270115C00070000,70.0,21.43,21.2,22.95,102.0,298.0,1.0535325643920896,False,CALL,2027-01-15,HUT
HUT270115C00075000,75.0,20.3,18.5,21.1,1.0,1368.0,1.009160227661133,False,CALL,2027-01-15,HUT
HUT270115C00080000,80.0,18.44,17.3,19.95,85.0,611.0,1.0090381579589844,False,CALL,2027-01-15,HUT
HUT270115P00045000,45.0,11.89,10.9,13.1,15.0,73.0,0.9616703051757811,False,PUT,2027-01-15,HUT
HUT270115P00047000,47.0,13.6,12.0,14.4,4.0,603.0,0.9656985852050781,False,PUT,2027-01-15,HUT
HUT270115P00050000,50.0,14.75,14.3,15.8,1.0,440.0,0.9704592797851561,False,PUT,2027-01-15,HUT
HUT270115P00055000,55.0,18.9,16.6,19.05,7.0,143.0,0.9544682287597657,False,PUT,2027-01-15,HUT
HUT270115P00060000,60.0,20.67,19.4,22.15,4.0,399.0,0.9398199377441407,False,PUT,2027-01-15,HUT
HUT270115P00065000,65.0,25.0,23.4,25.2,1.0,34.0,0.9449468395996092,True,PUT,2027-01-15,HUT
HUT270115P00070000,70.0,28.85,26.0,28.65,2.0,46.0,0.9216926776123047,True,PUT,2027-01-15,HUT
HUT270115P00075000,75.0,31.95,29.65,32.3,1.0,60.0,0.9205330212402343,True,PUT,2027-01-15,HUT
HUT270115P00080000,80.0,35.5,34.0,36.6,10.0,46.0,0.942810630493164,True,PUT,2027-01-15,HUT
HUT270617C00045000,45.0,30.4,32.0,35.6,2.0,12.0,1.0500535778808593,True,CALL,2027-06-17,HUT
HUT270617C00047000,47.0,29.7,31.0,34.95,2.0,214.0,1.0441942321777344,True,CALL,2027-06-17,HUT
HUT270617C00050000,50.0,31.35,30.0,32.95,1.0,23.0,1.021489267578125,True,CALL,2027-06-17,HUT
HUT270617C00055000,55.0,27.0,28.0,31.2,1.0,19.0,1.0095874716186524,True,CALL,2027-06-17,HUT
HUT270617C00060000,60.0,26.17,26.5,29.8,21.0,33.0,1.0109912731933592,True,CALL,2027-06-17,HUT
HUT270617C00065000,65.0,27.93,25.0,28.2,1.0,7.0,1.0035450213623045,False,CALL,2027-06-17,HUT
HUT270617C00070000,70.0,22.47,23.5,26.8,1.0,55.0,0.9963379272460937,False,CALL,2027-06-17,HUT
HUT270617C00075000,75.0,23.39,22.5,25.55,4.0,78.0,0.9982299981689453,False,CALL,2027-06-17,HUT
HUT270617C00080000,80.0,23.75,21.15,24.15,1.0,37.0,0.9876710217285156,False,CALL,2027-06-17,HUT
HUT270617P00045000,45.0,15.45,13.35,16.1,12.0,24.0,0.9347540704345703,False,PUT,2027-06-17,HUT
HUT270617P00047000,47.0,17.3,14.4,16.55,,1.0,0.9124154266357423,False,PUT,2027-06-17,HUT
HUT270617P00050000,50.0,17.6,16.3,18.65,3.0,12.0,0.9184578466796876,False,PUT,2027-06-17,HUT
HUT270617P00060000,60.0,23.72,22.4,25.45,3.0,9.0,0.9096688720703124,False,PUT,2027-06-17,HUT
HUT270617P00075000,75.0,36.75,33.05,35.75,,0.0,0.8919078192138672,True,PUT,2027-06-17,HUT
HUT270917C00045000,45.0,30.85,33.5,37.1,2.0,41.0,1.0363817712402348,True,CALL,2027-09-17,HUT
HUT270917C00047000,47.0,34.4,32.5,36.5,2.0,36.0,1.0299120770263672,True,CALL,2027-09-17,HUT
HUT270917C00050000,50.0,27.18,31.5,34.9,24.0,266.0,1.0144702597045896,True,CALL,2027-09-17,HUT
HUT270917C00055000,55.0,34.04,30.0,32.9,1.0,63.0,1.0041553698730468,True,CALL,2027-09-17,HUT
HUT270917C00065000,65.0,29.15,27.0,30.4,2.0,3.0,1.0015919061279297,False,CALL,2027-09-17,HUT
HUT270917C00070000,70.0,18.9,25.5,28.95,1.0,2.0,0.9912720599365235,False,CALL,2027-09-17,HUT
HUT270917C00075000,75.0,25.15,24.5,27.9,2.0,5.0,0.9945679254150392,False,CALL,2027-09-17,HUT
HUT270917C00080000,80.0,12.18,0.0,0.0,,1.0,0.062509375,False,CALL,2027-09-17,HUT
HUT270917P00050000,50.0,22.25,17.55,19.75,2.0,1.0,0.8940440283203124,False,PUT,2027-09-17,HUT
HUT270917P00055000,55.0,22.55,20.75,23.65,2.0,1.0,0.9028330029296875,False,PUT,2027-09-17,HUT
HUT270917P00060000,60.0,26.6,23.9,27.05,,1.0,0.8948985119628905,False,PUT,2027-09-17,HUT
HUT270917P00065000,65.0,30.4,27.3,29.95,2.0,2.0,0.8786022882080078,True,PUT,2027-09-17,HUT
HUT271217C00045000,45.0,34.85,35.0,38.1,1.0,450.0,1.021489267578125,True,CALL,2027-12-17,HUT
HUT271217C00047000,47.0,33.75,34.0,37.05,2.0,197.0,1.0038501956176757,True,CALL,2027-12-17,HUT
HUT271217C00050000,50.0,31.9,33.0,36.2,1.0,238.0,1.0032398471069333,True,CALL,2027-12-17,HUT
HUT271217C00055000,55.0,31.8,31.5,34.95,2.0,72.0,1.0050708926391603,True,CALL,2027-12-17,HUT
HUT271217C00060000,60.0,30.0,30.0,33.0,5.0,28.0,0.9893189544677734,True,CALL,2027-12-17,HUT
HUT271217C00065000,65.0,29.74,29.0,31.7,1.0,20.0,0.992187578125,False,CALL,2027-12-17,HUT
HUT271217C00070000,70.0,28.4,27.5,30.35,2.0,15.0,0.9821168780517577,False,CALL,2027-12-17,HUT
HUT271217C00075000,75.0,29.93,26.5,29.2,11.0,163.0,0.9819337744140625,False,CALL,2027-12-17,HUT
HUT271217C00080000,80.0,23.66,25.05,28.15,10.0,113.0,0.973633076171875,False,CALL,2027-12-17,HUT
HUT271217P00045000,45.0,16.6,15.8,17.95,5.0,49.0,0.892457130126953,False,PUT,2027-12-17,HUT
HUT271217P00047000,47.0,19.37,17.0,19.3,2.0,51.0,0.8917857501220703,False,PUT,2027-12-17,HUT
HUT271217P00050000,50.0,20.7,18.8,21.15,2.0,42.0,0.8854991918945312,False,PUT,2027-12-17,HUT
HUT271217P00055000,55.0,24.67,21.9,24.4,,1.0,0.8765881481933593,False,PUT,2027-12-17,HUT
HUT271217P00060000,60.0,34.21,0.0,0.0,,3.0,0.007822421875,False,PUT,2027-12-17,HUT
HUT271217P00075000,75.0,41.7,35.65,38.95,2.0,1.0,0.8565077825927734,True,PUT,2027-12-17,HUT
HUT271217P00080000,80.0,42.06,39.15,42.65,2.0,6.0,0.8466201861572265,True,PUT,2027-12-17,HUT
HUT280121C00045000,45.0,30.0,35.5,38.35,1.0,39.0,1.0131885278320314,True,CALL,2028-01-21,HUT
HUT280121C00047000,47.0,34.15,34.5,38.3,13.0,102.0,1.016972688598633,True,CALL,2028-01-21,HUT
HUT280121C00050000,50.0,36.36,33.5,36.8,10.0,835.0,1.0014088015747071,True,CALL,2028-01-21,HUT
HUT280121C00055000,55.0,29.94,32.0,35.7,1.0,185.0,1.0048877880859375,True,CALL,2028-01-21,HUT
HUT280121C00060000,60.0,32.5,30.5,34.3,1.0,1060.0,0.9984741363525391,True,CALL,2028-01-21,HUT
HUT280121C00065000,65.0,28.75,29.5,32.45,1.0,136.0,0.9901124035644531,False,CALL,2028-01-21,HUT
HUT280121C00070000,70.0,27.85,28.0,31.45,2.0,42.0,0.9855348126220704,False,CALL,2028-01-21,HUT
HUT280121C00075000,75.0,30.27,27.0,29.7,11.0,227.0,0.9745485943603516,False,CALL,2028-01-21,HUT
HUT280121C00080000,80.0,27.64,26.0,28.65,1.0,218.0,0.9732668688964843,False,CALL,2028-01-21,HUT
HUT280121P00045000,45.0,18.0,16.15,18.3,3.0,75.0,0.8853771228027343,False,PUT,2028-01-21,HUT
HUT280121P00047000,47.0,19.75,17.05,19.7,2.0,70.0,0.8791515991210936,False,PUT,2028-01-21,HUT
HUT280121P00050000,50.0,20.8,18.9,21.4,2.0,55.0,0.8706677972412109,False,PUT,2028-01-21,HUT
HUT280121P00055000,55.0,24.45,22.05,24.95,2.0,135.0,0.8680433117675781,False,PUT,2028-01-21,HUT
HUT280121P00060000,60.0,28.15,25.65,27.85,2.0,23.0,0.8576064044189453,False,PUT,2028-01-21,HUT
HUT280121P00065000,65.0,31.95,28.75,31.8,4.0,5.0,0.8533950207519532,True,PUT,2028-01-21,HUT
HUT280121P00070000,70.0,35.45,32.25,35.5,8.0,28.0,0.8485732916259765,True,PUT,2028-01-21,HUT
HUT280121P00075000,75.0,43.2,36.0,39.25,1.0,10.0,0.8457657025146483,True,PUT,2028-01-21,HUT
HUT280121P00080000,80.0,42.3,39.5,42.75,6.0,28.0,0.8328263787841794,True,PUT,2028-01-21,HUT
HUT280616C00045000,45.0,37.24,37.5,41.0,1.0,3.0,1.0206347796630861,True,CALL,2028-06-16,HUT
HUT280616C00050000,50.0,32.0,36.0,38.95,10.0,45.0,1.003117777404785,True,CALL,2028-06-16,HUT
HUT280616C00055000,55.0,32.0,34.5,37.5,10.0,14.0,0.9949341326904297,True,CALL,2028-06-16,HUT
HUT280616C00060000,60.0,35.4,33.0,36.1,1.0,731.0,0.9851686053466797,True,CALL,2028-06-16,HUT
HUT280616C00065000,65.0,35.65,32.0,34.7,1.0,2.0,0.9819948089599608,False,CALL,2028-06-16,HUT
HUT280616C00070000,70.0,31.5,30.5,34.0,1.0,642.0,0.9798585998535156,False,CALL,2028-06-16,HUT
HUT280616C00075000,75.0,28.23,29.5,33.0,2.0,111.0,0.9789430816650393,False,CALL,2028-06-16,HUT
HUT280616C00080000,80.0,27.15,28.5,31.9,1.0,12.0,0.9746706634521485,False,CALL,2028-06-16,HUT
HUT280616P00050000,50.0,22.25,20.4,22.85,1.0,18.0,0.8471694970703124,False,PUT,2028-06-16,HUT
HUT280616P00055000,55.0,24.75,23.6,26.15,4.0,18.0,0.8382584533691406,False,PUT,2028-06-16,HUT
HUT280616P00060000,60.0,29.25,26.85,30.45,,6.0,0.8435684588623047,False,PUT,2028-06-16,HUT
IAG260220C00015000,15.0,6.75,5.5,6.3,1.0,106.0,1.3115268798828121,True,CALL,2026-02-20,IAG
IAG260220C00016000,16.0,5.3,4.5,6.2,10.0,94.0,1.451174619140625,True,CALL,2026-02-20,IAG
IAG260220C00017000,17.0,4.05,3.7,4.2,35.0,384.0,0.9648441015625,True,CALL,2026-02-20,IAG
IAG260220C00018000,18.0,3.3,2.95,3.3,15.0,648.0,0.88476677734375,True,CALL,2026-02-20,IAG
IAG260220C00019000,19.0,2.5,2.2,2.7,66.0,163.0,0.85742330078125,True,CALL,2026-02-20,IAG
IAG260220C00020000,20.0,1.95,1.75,1.9,120.0,1608.0,0.813478427734375,True,CALL,2026-02-20,IAG
IAG260220C00021000,21.0,1.44,1.25,1.6,49.0,898.0,0.8359391406249999,False,CALL,2026-02-20,IAG
IAG260220C00022000,22.0,1.03,0.9,1.25,1514.0,639.0,0.8398453515625,False,CALL,2026-02-20,IAG
IAG260220C00023000,23.0,0.8,0.65,0.8,9.0,269.0,0.8027363476562499,False,CALL,2026-02-20,IAG
IAG260220C00024000,24.0,0.5,0.45,0.65,42.0,801.0,0.823243955078125,False,CALL,2026-02-20,IAG
IAG260220C00025000,25.0,0.4,0.3,0.5,416.0,595.0,0.8300798242187499,False,CALL,2026-02-20,IAG
IAG260220C00026000,26.0,0.3,0.25,0.5,1.0,111.0,0.9062509375,False,CALL,2026-02-20,IAG
IAG260220P00015000,15.0,0.1,0.0,0.85,265.0,381.0,1.201175869140625,False,PUT,2026-02-20,IAG
IAG260220P00016000,16.0,0.16,0.0,0.5,5.0,253.0,0.851563984375,False,PUT,2026-02-20,IAG
IAG260220P00017000,17.0,0.3,0.3,0.55,31.0,296.0,0.8388687988281249,False,PUT,2026-02-20,IAG
IAG260220P00018000,18.0,0.55,0.45,0.65,61.0,579.0,0.7460962890625,False,PUT,2026-02-20,IAG
IAG260220P00019000,19.0,0.84,0.75,0.95,20.0,537.0,0.7246121289062499,False,PUT,2026-02-20,IAG
IAG260220P00020000,20.0,1.32,1.15,1.45,1026.0,2097.0,0.72851833984375,False,PUT,2026-02-20,IAG
IAG260220P00021000,21.0,1.05,1.6,1.95,7.0,60.0,0.6914093359375001,True,PUT,2026-02-20,IAG
IAG260220P00022000,22.0,2.0,2.0,2.7,6.0,30.0,0.648441015625,True,PUT,2026-02-20,IAG
IAG260220P00023000,23.0,2.33,1.65,3.4,15.0,50.0,0.8193377441406249,True,PUT,2026-02-20,IAG
IAG260320C00015000,15.0,6.1,5.7,6.3,14.0,4991.0,0.93945373046875,True,CALL,2026-03-20,IAG
IAG260320C00016000,16.0,6.18,4.9,5.6,8.0,2250.0,0.92773509765625,True,CALL,2026-03-20,IAG
IAG260320C00017000,17.0,4.5,4.2,5.7,13.0,973.0,1.0791061669921875,True,CALL,2026-03-20,IAG
IAG260320C00018000,18.0,3.62,3.5,3.9,67.0,1050.0,0.8212908496093749,True,CALL,2026-03-20,IAG
IAG260320C00019000,19.0,3.0,2.75,3.2,16.0,378.0,0.76367423828125,True,CALL,2026-03-20,IAG
IAG260320C00020000,20.0,2.62,2.3,2.9,51.0,566.0,0.80664255859375,True,CALL,2026-03-20,IAG
IAG260320C00021000,21.0,2.25,1.9,2.2,21.0,394.0,0.7675804492187501,False,CALL,2026-03-20,IAG
IAG260320C00022000,22.0,1.73,1.55,1.8,87.0,431.0,0.7656273437500001,False,CALL,2026-03-20,IAG
IAG260320C00023000,23.0,1.3,1.25,1.45,326.0,487.0,0.7607445800781252,False,CALL,2026-03-20,IAG
IAG260320C00024000,24.0,1.4,1.05,1.1,55.0,469.0,0.754885263671875,False,CALL,2026-03-20,IAG
IAG260320C00025000,25.0,0.95,0.8,1.0,19.0,648.0,0.7695335546875001,False,CALL,2026-03-20,IAG
IAG260320C00026000,26.0,0.98,0.65,0.95,22.0,33.0,0.8017597949218749,False,CALL,2026-03-20,IAG
IAG260320P00015000,15.0,0.37,0.1,0.65,1.0,180.0,0.773439765625,False,PUT,2026-03-20,IAG
IAG260320P00016000,16.0,0.5,0.3,0.65,1.0,265.0,0.711916943359375,False,PUT,2026-03-20,IAG
IAG260320P00017000,17.0,0.43,0.3,0.95,1.0,64.0,0.6621127539062501,False,PUT,2026-03-20,IAG
IAG260320P00018000,18.0,1.03,0.85,1.15,7.0,419.0,0.6865265722656251,False,PUT,2026-03-20,IAG
IAG260320P00019000,19.0,1.45,1.4,1.5,205.0,28.0,0.70312796875,False,PUT,2026-03-20,IAG
IAG260320P00020000,20.0,1.73,1.8,2.05,1.0,28.0,0.6992217578125001,False,PUT,2026-03-20,IAG
IAG260320P00021000,21.0,1.85,2.35,2.55,4.0,3.0,0.6870148486328126,True,PUT,2026-03-20,IAG
IAG260320P00022000,22.0,2.95,2.9,3.2,311.0,27.0,0.6757844921875001,True,PUT,2026-03-20,IAG
IAG260515C00015000,15.0,6.6,6.3,6.9,3.0,1201.0,0.8637708935546875,True,CALL,2026-05-15,IAG
IAG260515C00016000,16.0,6.5,5.4,7.7,10.0,176.0,1.0371141894531253,True,CALL,2026-05-15,IAG
IAG260515C00017000,17.0,6.4,4.7,7.0,2.0,253.0,0.993164130859375,True,CALL,2026-05-15,IAG
IAG260515C00018000,18.0,4.7,4.1,5.0,1.0,736.0,0.788088056640625,True,CALL,2026-05-15,IAG
IAG260515C00019000,19.0,4.0,3.5,4.3,5.0,131.0,0.752932158203125,True,CALL,2026-05-15,IAG
IAG260515C00020000,20.0,4.0,3.0,3.8,10.0,1602.0,0.7436549072265625,True,CALL,2026-05-15,IAG
IAG260515C00021000,21.0,3.09,2.6,3.3,7.0,958.0,0.735354208984375,False,CALL,2026-05-15,IAG
IAG260515C00022000,22.0,2.53,2.2,2.9,5.0,28.0,0.7280300634765625,False,CALL,2026-05-15,IAG
IAG260515C00023000,23.0,2.4,1.85,2.55,7.0,210.0,0.7226590234375,False,CALL,2026-05-15,IAG
IAG260515C00024000,24.0,1.65,1.65,3.0,3.0,3.0,0.8178729150390623,False,CALL,2026-05-15,IAG
IAG260515C00025000,25.0,1.85,1.5,1.95,1.0,600.0,0.7377955908203124,False,CALL,2026-05-15,IAG
IAG260515C00026000,26.0,1.59,1.15,2.3,11.0,18.0,0.7924825439453125,False,CALL,2026-05-15,IAG
IAG260515P00015000,15.0,0.67,0.2,0.95,4.0,59.0,0.6201209863281252,False,PUT,2026-05-15,IAG
IAG260515P00016000,16.0,0.85,0.35,1.3,7.0,342.0,0.6171913281250001,False,PUT,2026-05-15,IAG
IAG260515P00017000,17.0,1.34,0.6,1.55,2.0,6.0,0.59570716796875,False,PUT,2026-05-15,IAG
IAG260515P00018000,18.0,1.62,0.95,1.9,6.0,31.0,0.58789474609375,False,PUT,2026-05-15,IAG
IAG260515P00019000,19.0,1.9,1.3,2.45,1.0,9.0,0.5893595751953126,False,PUT,2026-05-15,IAG
IAG260515P00020000,20.0,2.5,1.5,2.85,3.0,4.0,0.5410202148437502,False,PUT,2026-05-15,IAG
IAG260515P00021000,21.0,4.55,1.8,3.6,6.0,8.0,0.5312546875,True,PUT,2026-05-15,IAG
IAG260515P00022000,22.0,5.6,2.5,4.1,,2.0,0.5239305419921875,True,PUT,2026-05-15,IAG
IAG260618C00015000,15.0,7.8,6.5,8.9,1.0,75.0,1.0595750146484377,True,CALL,2026-06-18,IAG
IAG260618C00016000,16.0,6.0,5.8,8.2,1.0,98.0,1.017583037109375,True,CALL,2026-06-18,IAG
IAG260618C00017000,17.0,5.25,5.1,6.7,10.0,46.0,0.87695435546875,True,CALL,2026-06-18,IAG
IAG260618C00018000,18.0,5.2,4.6,6.8,6.0,304.0,0.9448247705078124,True,CALL,2026-06-18,IAG
IAG260618C00019000,19.0,2.78,4.1,6.0,20.0,24.0,0.901368173828125,True,CALL,2026-06-18,IAG
IAG260618C00020000,20.0,4.04,3.7,4.1,2.0,3364.0,0.7500025,True,CALL,2026-06-18,IAG
IAG260618C00021000,21.0,3.9,3.2,3.9,3.0,43.0,0.7607445800781252,False,CALL,2026-06-18,IAG
IAG260618C00022000,22.0,2.95,2.75,3.3,8.0,59.0,0.72851833984375,False,CALL,2026-06-18,IAG
IAG260618C00023000,23.0,2.75,2.5,2.9,7.0,24.0,0.7290066162109375,False,CALL,2026-06-18,IAG
IAG260618C00024000,24.0,2.91,2.15,3.2,5.0,43.0,0.782228740234375,False,CALL,2026-06-18,IAG
IAG260618C00025000,25.0,2.2,1.95,2.3,1.0,1059.0,0.7251004052734374,False,CALL,2026-06-18,IAG
IAG260618C00026000,26.0,1.75,1.65,2.7,1.0,19.0,0.7836935693359376,False,CALL,2026-06-18,IAG
IAG260618P00015000,15.0,0.95,0.85,1.25,3.0,109.0,0.694338994140625,False,PUT,2026-06-18,IAG
IAG260618P00016000,16.0,0.94,1.0,1.45,3.0,18.0,0.65039412109375,False,PUT,2026-06-18,IAG
IAG260618P00017000,17.0,1.7,1.15,1.75,5.0,13.0,0.6132851171875001,False,PUT,2026-06-18,IAG
IAG260618P00018000,18.0,2.0,1.75,2.35,103.0,212.0,0.6543003320312502,False,PUT,2026-06-18,IAG
IAG260618P00019000,19.0,2.5,2.3,2.7,3.0,6.0,0.64648791015625,False,PUT,2026-06-18,IAG
IAG260618P00020000,20.0,2.9,2.7,3.2,5.0,6.0,0.6284216845703126,False,PUT,2026-06-18,IAG
IAG260618P00022000,22.0,3.53,3.9,4.4,1.0,0.0,0.6254920263671876,True,PUT,2026-06-18,IAG
IAG260821C00015000,15.0,7.32,6.9,9.4,21.0,246.0,0.9794923925781251,True,CALL,2026-08-21,IAG
IAG260821C00016000,16.0,7.06,6.2,7.4,1.0,50.0,0.8022480712890624,True,CALL,2026-08-21,IAG
IAG260821C00017000,17.0,6.08,5.7,8.0,1.0,91.0,0.914063359375,True,CALL,2026-08-21,IAG
IAG260821C00018000,18.0,6.35,5.2,7.1,10.0,22.0,0.8676771044921875,True,CALL,2026-08-21,IAG
IAG260821C00019000,19.0,2.6,4.7,6.8,,1.0,0.8728040063476561,True,CALL,2026-08-21,IAG
IAG260821C00020000,20.0,5.2,4.3,5.6,1.0,178.0,0.8027363476562499,True,CALL,2026-08-21,IAG
IAG260821C00021000,21.0,2.61,3.9,5.6,1.0,8.0,0.8327653442382811,False,CALL,2026-08-21,IAG
IAG260821C00022000,22.0,4.0,3.5,5.0,3.0,2044.0,0.8068866967773438,False,CALL,2026-08-21,IAG
IAG260821C00025000,25.0,2.54,2.65,4.0,3.0,62.0,0.8002949658203125,False,CALL,2026-08-21,IAG
IAG260821P00015000,15.0,1.39,0.85,1.8,1.0,22.0,0.6435582519531251,False,PUT,2026-08-21,IAG
IAG260821P00016000,16.0,3.2,0.0,0.0,1.0,1.0,0.062509375,False,PUT,2026-08-21,IAG
IAG260821P00017000,17.0,3.7,1.4,2.55,12.0,8.0,0.6145058081054688,False,PUT,2026-08-21,IAG
IAG260821P00018000,18.0,2.7,1.7,2.85,6.0,12.0,0.5844768115234374,False,PUT,2026-08-21,IAG
IAG260821P00019000,19.0,4.3,2.0,3.4,3.0,100.0,0.5712933496093751,False,PUT,2026-08-21,IAG
IAG260821P00020000,20.0,5.0,3.1,3.9,10.0,10.0,0.6147499462890625,False,PUT,2026-08-21,IAG
IAG260821P00022000,22.0,5.9,3.4,5.2,,2.0,0.5434615966796876,True,PUT,2026-08-21,IAG
IAG260918C00018000,18.0,6.3,5.4,7.6,10.0,11.0,0.8754895263671875,True,CALL,2026-09-18,IAG
IAG260918C00019000,19.0,4.7,4.9,7.0,,6.0,0.852540537109375,True,CALL,2026-09-18,IAG
IAG260918C00020000,20.0,5.2,4.5,6.5,14.0,20.0,0.842775009765625,True,CALL,2026-09-18,IAG
IAG260918C00021000,21.0,4.55,4.0,5.0,1.0,2.0,0.7412135253906249,False,CALL,2026-09-18,IAG
IAG260918C00023000,23.0,4.4,3.4,4.6,10.0,3.0,0.7675804492187501,False,CALL,2026-09-18,IAG
IAG260918P00019000,19.0,3.25,2.1,3.5,,300.0,0.5524947094726562,False,PUT,2026-09-18,IAG
IAG260918P00020000,20.0,3.85,2.6,4.2,,300.0,0.56055126953125,False,PUT,2026-09-18,IAG
IAG260918P00025000,25.0,7.19,5.4,7.4,,0.0,0.5051319018554687,True,PUT,2026-09-18,IAG
IAG261120C00015000,15.0,8.36,6.8,10.0,200.0,458.0,0.8615736499023439,True,CALL,2026-11-20,IAG
IAG261120C00017000,17.0,7.1,6.5,7.4,3.0,73.0,0.7773459765625,True,CALL,2026-11-20,IAG
IAG261120C00020000,20.0,6.2,4.7,6.6,12.0,173.0,0.7697776928710938,True,CALL,2026-11-20,IAG
IAG261120C00022000,22.0,6.4,4.4,5.0,10.0,15.0,0.7341335180664061,False,CALL,2026-11-20,IAG
IAG261120C00025000,25.0,3.9,2.95,6.0,23.0,37.0,0.8234880932617187,False,CALL,2026-11-20,IAG
IAG261120P00015000,15.0,2.65,0.3,4.0,5.0,24.0,0.6948272705078126,False,PUT,2026-11-20,IAG
IAG270115C00015000,15.0,8.28,8.0,8.5,12.0,945.0,0.764650791015625,True,CALL,2027-01-15,IAG
IAG270115C00017000,17.0,7.5,6.2,7.5,2.0,473.0,0.6977569287109376,True,CALL,2027-01-15,IAG
IAG270115C00020000,20.0,6.0,5.5,6.4,35.0,571.0,0.7463404272460938,True,CALL,2027-01-15,IAG
IAG270115C00022000,22.0,5.7,4.8,5.6,7.0,319.0,0.7375514526367187,False,CALL,2027-01-15,IAG
IAG270115C00025000,25.0,4.3,3.1,5.8,22.0,4864.0,0.75195560546875,False,CALL,2027-01-15,IAG
IAG270115P00015000,15.0,2.4,1.7,3.1,1.0,267.0,0.6801789794921876,False,PUT,2027-01-15,IAG
IAG270115P00017000,17.0,3.06,2.35,4.1,3.0,4.0,0.657229990234375,False,PUT,2027-01-15,IAG
IAG270115P00020000,20.0,4.18,2.75,5.6,1.0,11.0,0.5573774731445313,False,PUT,2027-01-15,IAG
IAG270115P00025000,25.0,9.5,5.9,8.7,,1.0,0.5268602001953125,True,PUT,2027-01-15,IAG
IAG280121C00015000,15.0,10.0,9.7,11.0,1.0,854.0,0.7858908129882812,True,CALL,2028-01-21,IAG
IAG280121C00017000,17.0,9.58,7.0,11.0,6.0,154.0,0.7175321215820312,True,CALL,2028-01-21,IAG
IAG280121C00020000,20.0,8.0,6.9,9.3,2.0,129.0,0.7299831689453125,True,CALL,2028-01-21,IAG
IAG280121C00022000,22.0,9.09,6.9,9.4,7.0,107.0,0.7919942675781251,False,CALL,2028-01-21,IAG
IAG280121C00025000,25.0,6.2,6.2,7.2,6.0,233.0,0.7260769580078125,False,CALL,2028-01-21,IAG
IAG280121P00015000,15.0,3.2,2.9,3.8,6.0,29.0,0.58789474609375,False,PUT,2028-01-21,IAG
IAG280121P00017000,17.0,4.6,3.4,5.3,2.0,279.0,0.5773968041992188,False,PUT,2028-01-21,IAG
IAG280121P00020000,20.0,6.02,4.2,6.9,2.0,159.0,0.5168505346679688,False,PUT,2028-01-21,IAG
IAG280121P00025000,25.0,9.0,6.5,11.0,,5.0,0.6950714086914063,True,PUT,2028-01-21,IAG
IBM260130C00220000,220.0,85.8,84.0,87.6,,3.0,2.8295927697753904,True,CALL,2026-01-30,IBM
IBM260130C00240000,240.0,55.62,64.1,67.65,4.0,5.0,2.2265669335937495,True,CALL,2026-01-30,IBM
IBM260130C00250000,250.0,65.1,54.0,58.0,8.0,8.0,1.9599611376953123,True,CALL,2026-01-30,IBM
IBM260130C00255000,255.0,50.74,49.0,52.6,,1.0,1.7465832983398437,True,CALL,2026-01-30,IBM
IBM260130C00260000,260.0,35.25,44.15,47.55,20.0,38.0,1.6123066259765624,True,CALL,2026-01-30,IBM
IBM260130C00265000,265.0,43.67,39.2,42.8,127.0,153.0,1.5024438940429685,True,CALL,2026-01-30,IBM
IBM260130C00267500,267.5,41.17,36.65,39.4,127.0,138.0,1.298343352050781,True,CALL,2026-01-30,IBM
IBM260130C00270000,270.0,38.17,34.15,36.95,8.0,19.0,1.2338905493164063,True,CALL,2026-01-30,IBM
IBM260130C00272500,272.5,22.45,31.65,34.4,35.0,35.0,1.1552776611328124,True,CALL,2026-01-30,IBM
IBM260130C00275000,275.0,34.37,29.15,31.9,18.0,34.0,1.0835006762695314,True,CALL,2026-01-30,IBM
IBM260130C00280000,280.0,33.15,24.8,27.8,25.0,28.0,1.1049849438476564,True,CALL,2026-01-30,IBM
IBM260130C00282500,282.5,29.0,21.7,25.2,7.0,15.0,0.9567875415039062,True,CALL,2026-01-30,IBM
IBM260130C00285000,285.0,21.5,19.4,22.0,54.0,65.0,0.8291032714843749,True,CALL,2026-01-30,IBM
IBM260130C00287500,287.5,29.42,16.7,19.85,12.0,29.0,0.7670921728515626,True,CALL,2026-01-30,IBM
IBM260130C00290000,290.0,19.64,14.55,17.7,125.0,323.0,0.7487818090820313,True,CALL,2026-01-30,IBM
IBM260130C00292500,292.5,14.91,11.9,14.15,145.0,500.0,0.5647016186523439,True,CALL,2026-01-30,IBM
IBM260130C00295000,295.0,9.99,10.35,11.75,626.0,1565.0,0.5671430004882813,True,CALL,2026-01-30,IBM
IBM260130C00297500,297.5,8.3,8.25,9.65,232.0,427.0,0.5319871020507813,True,CALL,2026-01-30,IBM
IBM260130C00300000,300.0,7.1,6.4,7.8,753.0,1440.0,0.5124560473632812,True,CALL,2026-01-30,IBM
IBM260130C00302500,302.5,4.95,4.95,5.9,93.0,516.0,0.5465133239746094,True,CALL,2026-01-30,IBM
IBM260130C00305000,305.0,3.0,3.1,4.1,431.0,1078.0,0.4887746435546876,False,CALL,2026-01-30,IBM
IBM260130C00307500,307.5,2.33,1.74,2.55,220.0,790.0,0.43286699951171875,False,CALL,2026-01-30,IBM
IBM260130C00310000,310.0,1.47,1.44,1.62,1166.0,1318.0,0.4167538793945312,False,CALL,2026-01-30,IBM
IBM260130C00312500,312.5,0.95,0.56,1.1,497.0,314.0,0.42578699218750005,False,CALL,2026-01-30,IBM
IBM260130C00315000,315.0,0.53,0.41,0.66,2296.0,1372.0,0.4204159521484375,False,CALL,2026-01-30,IBM
IBM260130C00317500,317.5,0.25,0.19,0.38,405.0,235.0,0.41748629394531245,False,CALL,2026-01-30,IBM
IBM260130C00320000,320.0,0.17,0.15,0.17,4008.0,1378.0,0.398443515625,False,CALL,2026-01-30,IBM
IBM260130C00322500,322.5,0.12,0.07,0.21,756.0,281.0,0.46582565429687506,False,CALL,2026-01-30,IBM
IBM260130C00325000,325.0,0.06,0.05,0.1,2309.0,866.0,0.45215391601562505,False,CALL,2026-01-30,IBM
IBM260130C00327500,327.5,0.07,0.02,0.07,344.0,167.0,0.4687553125,False,CALL,2026-01-30,IBM
IBM260130C00330000,330.0,0.04,0.01,0.07,1001.0,909.0,0.5117236328125,False,CALL,2026-01-30,IBM
IBM260130C00335000,335.0,0.06,0.01,0.12,477.0,682.0,0.585941640625,False,CALL,2026-01-30,IBM
IBM260130C00340000,340.0,0.03,0.01,0.05,554.0,686.0,0.6015664843750002,False,CALL,2026-01-30,IBM
IBM260130C00342500,342.5,0.05,0.01,0.05,56.0,210.0,0.6367223828125,False,CALL,2026-01-30,IBM
IBM260130C00345000,345.0,0.11,0.01,0.05,105.0,105.0,0.6718782812500002,False,CALL,2026-01-30,IBM
IBM260130C00350000,350.0,0.03,0.01,0.02,682.0,1249.0,0.6875031250000001,False,CALL,2026-01-30,IBM
IBM260130C00355000,355.0,0.01,0.0,0.02,316.0,460.0,0.7187528125,False,CALL,2026-01-30,IBM
IBM260130C00360000,360.0,0.02,0.0,0.02,1.0,61.0,0.7812521875,False,CALL,2026-01-30,IBM
IBM260130C00365000,365.0,0.03,0.0,0.02,1.0,66.0,0.8437515624999999,False,CALL,2026-01-30,IBM
IBM260130C00370000,370.0,0.21,0.0,0.02,6.0,41.0,0.8906260937499999,False,CALL,2026-01-30,IBM
IBM260130C00375000,375.0,0.02,0.0,0.01,2.0,10.0,0.9062509375,False,CALL,2026-01-30,IBM
IBM260130C00380000,380.0,0.01,0.0,0.01,1.0,25.0,0.937500625,False,CALL,2026-01-30,IBM
IBM260130C00385000,385.0,0.15,0.0,2.13,1.0,3.0,1.9467776098632816,False,CALL,2026-01-30,IBM
IBM260130C00390000,390.0,0.01,0.0,0.01,2.0,1.0,1.0312548437500002,False,CALL,2026-01-30,IBM
IBM260130P00215000,215.0,0.02,0.0,0.01,10.0,116.0,1.46875265625,False,PUT,2026-01-30,IBM
IBM260130P00220000,220.0,0.01,0.0,0.01,1.0,55.0,1.3750031249999999,False,PUT,2026-01-30,IBM
IBM260130P00225000,225.0,0.01,0.0,0.01,4.0,269.0,1.2812535937499998,False,PUT,2026-01-30,IBM
IBM260130P00230000,230.0,0.01,0.0,0.01,19.0,117.0,1.1875040625,False,PUT,2026-01-30,IBM
IBM260130P00235000,235.0,0.01,0.0,0.02,39.0,259.0,1.1875040625,False,PUT,2026-01-30,IBM
IBM260130P00240000,240.0,0.01,0.0,0.01,311.0,419.0,1.0312548437500002,False,PUT,2026-01-30,IBM
IBM260130P00245000,245.0,0.01,0.0,0.01,82.0,251.0,0.937500625,False,PUT,2026-01-30,IBM
IBM260130P00247500,247.5,0.01,0.0,0.02,2.0,85.0,0.9531254687499999,False,PUT,2026-01-30,IBM
IBM260130P00250000,250.0,0.01,0.0,0.01,326.0,1164.0,0.87500125,False,PUT,2026-01-30,IBM
IBM260130P00252500,252.5,0.01,0.0,0.01,20.0,71.0,0.8125018749999999,False,PUT,2026-01-30,IBM
IBM260130P00255000,255.0,0.01,0.0,0.01,177.0,1047.0,0.7812521875,False,PUT,2026-01-30,IBM
IBM260130P00260000,260.0,0.01,0.0,0.01,940.0,923.0,0.70312796875,False,PUT,2026-01-30,IBM
IBM260130P00262500,262.5,0.01,0.0,0.01,523.0,414.0,0.6562534375000001,False,PUT,2026-01-30,IBM
IBM260130P00265000,265.0,0.01,0.0,0.01,1005.0,1092.0,0.6250037500000001,False,PUT,2026-01-30,IBM
IBM260130P00267500,267.5,0.01,0.0,0.01,637.0,358.0,0.5937540625000001,False,PUT,2026-01-30,IBM
IBM260130P00270000,270.0,0.04,0.01,0.02,446.0,904.0,0.6093789062500001,False,PUT,2026-01-30,IBM
IBM260130P00272500,272.5,0.02,0.01,0.02,131.0,316.0,0.5625043750000001,False,PUT,2026-01-30,IBM
IBM260130P00275000,275.0,0.03,0.02,0.03,503.0,969.0,0.5546919531250001,False,PUT,2026-01-30,IBM
IBM260130P00277500,277.5,0.04,0.02,0.04,56.0,83.0,0.5195360546875,False,PUT,2026-01-30,IBM
IBM260130P00280000,280.0,0.05,0.03,0.07,1473.0,2366.0,0.507817421875,False,PUT,2026-01-30,IBM
IBM260130P00282500,282.5,0.05,0.03,0.12,58.0,136.0,0.52539537109375,False,PUT,2026-01-30,IBM
IBM260130P00285000,285.0,0.13,0.03,0.15,1192.0,1633.0,0.49219257812500006,False,PUT,2026-01-30,IBM
IBM260130P00287500,287.5,0.14,0.04,0.29,49.0,217.0,0.4995167236328125,False,PUT,2026-01-30,IBM
IBM260130P00290000,290.0,0.11,0.12,0.24,574.0,962.0,0.42090422851562503,False,PUT,2026-01-30,IBM
IBM260130P00292500,292.5,0.17,0.1,0.33,781.0,619.0,0.39014281738281253,False,PUT,2026-01-30,IBM
IBM260130P00295000,295.0,0.35,0.27,0.4,662.0,1443.0,0.3437565625,False,PUT,2026-01-30,IBM
IBM260130P00297500,297.5,0.61,0.57,0.75,119.0,368.0,0.3403386279296875,False,PUT,2026-01-30,IBM
IBM260130P00300000,300.0,1.05,1.05,1.2,878.0,561.0,0.3225165405273437,False,PUT,2026-01-30,IBM
IBM260130P00302500,302.5,1.8,1.44,2.49,278.0,31.0,0.37402969726562496,False,PUT,2026-01-30,IBM
IBM260130P00305000,305.0,2.6,2.6,2.6,1077.0,302.0,0.2536695727539063,True,PUT,2026-01-30,IBM
IBM260130P00307500,307.5,4.14,3.25,5.0,361.0,176.0,0.3549869189453124,True,PUT,2026-01-30,IBM
IBM260130P00310000,310.0,5.5,4.6,6.6,950.0,62.0,0.3303289624023437,True,PUT,2026-01-30,IBM
IBM260130P00312500,312.5,7.65,6.0,8.7,234.0,8.0,0.3393620751953125,True,PUT,2026-01-30,IBM
IBM260130P00315000,315.0,9.85,8.75,11.4,210.0,67.0,0.4458063232421875,True,PUT,2026-01-30,IBM
IBM260130P00317500,317.5,6.45,10.65,13.75,23.0,12.0,0.4809622216796875,True,PUT,2026-01-30,IBM
IBM260130P00320000,320.0,9.0,12.8,15.9,18.0,41.0,0.445318046875,True,PUT,2026-01-30,IBM
IBM260130P00325000,325.0,13.65,17.65,21.05,22.0,16.0,0.6025430371093752,True,PUT,2026-01-30,IBM
IBM260130P00330000,330.0,35.7,22.65,26.15,4.0,9.0,0.7402369726562499,True,PUT,2026-01-30,IBM
IBM260130P00340000,340.0,34.6,33.2,36.0,30.0,35.0,0.8828136718749999,True,PUT,2026-01-30,IBM
IBM260130P00342500,342.5,49.21,35.7,38.75,28.0,48.0,1.0273486132812502,True,PUT,2026-01-30,IBM
IBM260130P00345000,345.0,52.0,37.25,41.1,28.0,20.0,1.0185595947265624,True,PUT,2026-01-30,IBM
IBM260130P00347500,347.5,55.75,39.85,43.6,56.0,0.0,1.0644578027343752,True,PUT,2026-01-30,IBM
IBM260130P00350000,350.0,56.0,42.95,46.25,27.0,0.0,1.1709025830078126,True,PUT,2026-01-30,IBM
IBM260130P00355000,355.0,50.0,47.7,51.3,,0.0,1.2822301513671874,True,PUT,2026-01-30,IBM
IBM260206C00240000,240.0,57.15,64.3,67.9,5.0,2.0,1.0859420703125,True,CALL,2026-02-06,IBM
IBM260206C00250000,250.0,41.81,54.35,57.3,2.0,2.0,0.8977061010742187,True,CALL,2026-02-06,IBM
IBM260206C00255000,255.0,45.0,49.5,53.1,1.0,1.0,0.8913585083007811,True,CALL,2026-02-06,IBM
IBM260206C00265000,265.0,31.9,39.6,43.0,1.0,6.0,0.7436549072265625,True,CALL,2026-02-06,IBM
IBM260206C00270000,270.0,38.52,34.25,37.3,4.0,5.0,0.6101113208007813,True,CALL,2026-02-06,IBM
IBM260206C00275000,275.0,24.24,29.8,32.45,1.0,18.0,0.5778850805664062,True,CALL,2026-02-06,IBM
IBM260206C00280000,280.0,32.1,24.7,27.7,4.0,24.0,0.5114794946289063,True,CALL,2026-02-06,IBM
IBM260206C00285000,285.0,23.63,19.65,22.9,31.0,82.0,0.5675092077636719,True,CALL,2026-02-06,IBM
IBM260206C00287500,287.5,21.28,18.2,20.4,13.0,12.0,0.5238084729003907,True,CALL,2026-02-06,IBM
IBM260206C00290000,290.0,19.05,16.0,19.1,19.0,44.0,0.5562788513183594,True,CALL,2026-02-06,IBM
IBM260206C00292500,292.5,14.45,13.65,16.1,46.0,75.0,0.4774222180175781,True,CALL,2026-02-06,IBM
IBM260206C00295000,295.0,13.55,11.35,14.55,123.0,252.0,0.4845022253417969,True,CALL,2026-02-06,IBM
IBM260206C00297500,297.5,10.53,10.05,11.6,44.0,60.0,0.4067442138671875,True,CALL,2026-02-06,IBM
IBM260206C00300000,300.0,8.83,8.35,10.0,120.0,275.0,0.4017393811035156,True,CALL,2026-02-06,IBM
IBM260206C00302500,302.5,8.25,6.95,8.65,7.0,43.0,0.40344834838867194,True,CALL,2026-02-06,IBM
IBM260206C00305000,305.0,5.9,6.2,6.85,248.0,237.0,0.3746400427246094,False,CALL,2026-02-06,IBM
IBM260206C00307500,307.5,5.2,4.5,5.9,145.0,55.0,0.38355108642578123,False,CALL,2026-02-06,IBM
IBM260206C00310000,310.0,4.3,3.9,4.65,329.0,283.0,0.36926900268554685,False,CALL,2026-02-06,IBM
IBM260206C00312500,312.5,3.2,3.1,3.5,256.0,61.0,0.35193519165039056,False,CALL,2026-02-06,IBM
IBM260206C00315000,315.0,2.47,2.57,3.0,544.0,243.0,0.36475244628906256,False,CALL,2026-02-06,IBM
IBM260206C00317500,317.5,1.93,1.55,2.31,202.0,20.0,0.35925933715820313,False,CALL,2026-02-06,IBM
IBM260206C00320000,320.0,1.38,1.07,1.7,503.0,233.0,0.35071450073242183,False,CALL,2026-02-06,IBM
IBM260206C00322500,322.5,1.15,0.73,1.34,63.0,7.0,0.35352208984374994,False,CALL,2026-02-06,IBM
IBM260206C00325000,325.0,0.75,0.75,0.95,720.0,176.0,0.3461979443359374,False,CALL,2026-02-06,IBM
IBM260206C00330000,330.0,0.35,0.3,0.41,518.0,714.0,0.32813171874999997,False,CALL,2026-02-06,IBM
IBM260206C00335000,335.0,0.19,0.18,0.3,302.0,199.0,0.352545537109375,False,CALL,2026-02-06,IBM
IBM260206C00340000,340.0,0.18,0.01,0.24,126.0,159.0,0.3803772900390625,False,CALL,2026-02-06,IBM
IBM260206C00345000,345.0,0.2,0.0,0.26,8.0,25.0,0.42676354492187507,False,CALL,2026-02-06,IBM
IBM260206C00347500,347.5,0.35,0.01,0.56,9.0,16.0,0.5151415673828125,False,CALL,2026-02-06,IBM
IBM260206C00350000,350.0,0.07,0.01,0.04,153.0,67.0,0.35938140625,False,CALL,2026-02-06,IBM
IBM260206C00355000,355.0,0.24,0.0,1.1,4.0,21.0,0.5776409423828125,False,CALL,2026-02-06,IBM
IBM260206C00360000,360.0,0.08,0.01,0.12,22.0,14.0,0.48438015625,False,CALL,2026-02-06,IBM
IBM260206C00380000,380.0,0.39,0.0,2.14,,1.0,0.8789074609374999,False,CALL,2026-02-06,IBM
IBM260206C00385000,385.0,0.08,0.01,0.05,2.0,1.0,0.5507857421875001,False,CALL,2026-02-06,IBM
IBM260206C00390000,390.0,0.02,0.01,0.04,4.0,1.0,0.5664105859375,False,CALL,2026-02-06,IBM
IBM260206P00230000,230.0,0.28,0.0,2.13,18.0,29.0,1.11328568359375,False,PUT,2026-02-06,IBM
IBM260206P00235000,235.0,0.02,0.0,0.31,25.0,84.0,0.7500025,False,PUT,2026-02-06,IBM
IBM260206P00240000,240.0,0.34,0.0,0.25,4.0,71.0,0.6757844921875001,False,PUT,2026-02-06,IBM
IBM260206P00242500,242.5,0.03,0.0,0.25,2.0,33.0,0.65039412109375,False,PUT,2026-02-06,IBM
IBM260206P00245000,245.0,0.03,0.0,0.03,10.0,23.0,0.5273484765625001,False,PUT,2026-02-06,IBM
IBM260206P00250000,250.0,0.05,0.0,0.05,2.0,43.0,0.5097705273437501,False,PUT,2026-02-06,IBM
IBM260206P00255000,255.0,0.06,0.0,0.26,25.0,48.0,0.52539537109375,False,PUT,2026-02-06,IBM
IBM260206P00260000,260.0,0.04,0.04,0.08,51.0,182.0,0.44336494140625,False,PUT,2026-02-06,IBM
IBM260206P00262500,262.5,0.3,0.0,0.35,2.0,6.0,0.5288133056640626,False,PUT,2026-02-06,IBM
IBM260206P00265000,265.0,0.07,0.05,0.1,14.0,74.0,0.40820904296875,False,PUT,2026-02-06,IBM
IBM260206P00267500,267.5,0.13,0.0,0.35,13.0,11.0,0.4726615234375,False,PUT,2026-02-06,IBM
IBM260206P00270000,270.0,0.17,0.06,0.42,123.0,124.0,0.46045461425781253,False,PUT,2026-02-06,IBM
IBM260206P00272500,272.5,2.51,0.0,1.25,1.0,3.0,0.5590864404296876,False,PUT,2026-02-06,IBM
IBM260206P00275000,275.0,0.17,0.1,0.76,100.0,209.0,0.46045461425781253,False,PUT,2026-02-06,IBM
IBM260206P00277500,277.5,0.34,0.0,0.68,10.0,30.0,0.4172421557617187,False,PUT,2026-02-06,IBM
IBM260206P00280000,280.0,0.4,0.25,0.6,90.0,158.0,0.3742738354492187,False,PUT,2026-02-06,IBM
IBM260206P00282500,282.5,0.48,0.0,1.97,11.0,22.0,0.48828636718750007,False,PUT,2026-02-06,IBM
IBM260206P00285000,285.0,0.66,0.25,1.04,87.0,116.0,0.36377589355468753,False,PUT,2026-02-06,IBM
IBM260206P00287500,287.5,7.3,0.5,1.36,19.0,71.0,0.35938140625,False,PUT,2026-02-06,IBM
IBM260206P00290000,290.0,0.95,0.95,1.45,90.0,124.0,0.32996275512695306,False,PUT,2026-02-06,IBM
IBM260206P00292500,292.5,1.48,1.19,1.97,21.0,145.0,0.3305731005859375,False,PUT,2026-02-06,IBM
IBM260206P00295000,295.0,2.1,1.71,2.1,125.0,250.0,0.2974923767089843,False,PUT,2026-02-06,IBM
IBM260206P00297500,297.5,2.48,2.23,3.3,19.0,21.0,0.32569033691406246,False,PUT,2026-02-06,IBM
IBM260206P00300000,300.0,3.22,2.77,3.75,242.0,156.0,0.2999337585449219,False,PUT,2026-02-06,IBM
IBM260206P00302500,302.5,3.85,3.55,5.4,38.0,3.0,0.3314275842285156,False,PUT,2026-02-06,IBM
IBM260206P00305000,305.0,5.35,5.0,6.05,198.0,40.0,0.3007882421875,True,PUT,2026-02-06,IBM
IBM260206P00310000,310.0,8.0,7.4,9.4,113.0,42.0,0.3220282641601562,True,PUT,2026-02-06,IBM
IBM260206P00315000,315.0,11.8,10.5,12.65,165.0,30.0,0.3034737622070312,True,PUT,2026-02-06,IBM
IBM260206P00320000,320.0,14.9,14.2,17.15,27.0,3.0,0.33814138427734375,True,PUT,2026-02-06,IBM
IBM260206P00330000,330.0,37.66,23.25,26.2,1.0,3.0,0.35645174804687496,True,PUT,2026-02-06,IBM
IBM260206P00335000,335.0,26.5,28.3,30.85,10.0,10.0,0.33838552246093745,True,PUT,2026-02-06,IBM
IBM260206P00340000,340.0,26.85,32.75,36.05,6.0,1.0,0.42627526855468756,True,PUT,2026-02-06,IBM
IBM260213C00280000,280.0,32.5,25.2,28.05,6.0,12.0,0.4985401708984375,True,CALL,2026-02-13,IBM
IBM260213C00285000,285.0,29.42,20.55,23.45,2.0,7.0,0.4544732287597656,True,CALL,2026-02-13,IBM
IBM260213C00290000,290.0,24.3,16.2,19.2,13.0,54.0,0.42188078125,True,CALL,2026-02-13,IBM
IBM260213C00295000,295.0,16.71,12.7,14.9,43.0,114.0,0.37854625366210937,True,CALL,2026-02-13,IBM
IBM260213C00300000,300.0,13.57,9.05,11.55,95.0,43.0,0.3640810662841797,True,CALL,2026-02-13,IBM
IBM260213C00305000,305.0,9.77,6.9,8.4,33.0,44.0,0.34192552612304683,False,CALL,2026-02-13,IBM
IBM260213C00310000,310.0,5.57,5.2,6.05,120.0,125.0,0.3338079315185547,False,CALL,2026-02-13,IBM
IBM260213C00315000,315.0,3.5,3.45,3.8,189.0,77.0,0.30982135498046875,False,CALL,2026-02-13,IBM
IBM260213C00320000,320.0,2.58,2.15,2.5,134.0,107.0,0.3067085931396484,False,CALL,2026-02-13,IBM
IBM260213C00325000,325.0,1.49,1.28,1.64,69.0,76.0,0.30811238769531246,False,CALL,2026-02-13,IBM
IBM260213C00330000,330.0,1.45,0.63,1.43,130.0,68.0,0.33899586791992187,False,CALL,2026-02-13,IBM
IBM260213C00335000,335.0,0.95,0.28,1.3,12.0,68.0,0.3711000390625,False,CALL,2026-02-13,IBM
IBM260213C00340000,340.0,0.44,0.14,0.51,7.0,66.0,0.3293524096679687,False,CALL,2026-02-13,IBM
IBM260213C00345000,345.0,0.13,0.13,0.24,93.0,50.0,0.3156806713867187,False,CALL,2026-02-13,IBM
IBM260213C00350000,350.0,0.5,0.0,0.9,136.0,141.0,0.4458063232421875,False,CALL,2026-02-13,IBM
IBM260213C00355000,355.0,0.1,0.01,0.09,1.0,2.0,0.3242255078124999,False,CALL,2026-02-13,IBM
IBM260213C00360000,360.0,1.2,0.0,1.24,,10.0,0.5510298803710938,False,CALL,2026-02-13,IBM
IBM260213C00365000,365.0,1.13,0.0,2.14,,1.0,0.5656781713867188,False,CALL,2026-02-13,IBM
IBM260213C00370000,370.0,0.91,0.0,2.13,,1.0,0.5969278588867188,False,CALL,2026-02-13,IBM
IBM260213P00220000,220.0,0.28,0.0,0.22,12.0,12.0,0.65820654296875,False,PUT,2026-02-13,IBM
IBM260213P00230000,230.0,0.62,0.0,0.38,2.0,2.0,0.6210975390625001,False,PUT,2026-02-13,IBM
IBM260213P00235000,235.0,0.05,0.0,0.36,5.0,6.0,0.5742230078125,False,PUT,2026-02-13,IBM
IBM260213P00240000,240.0,0.5,0.0,0.2,15.0,20.0,0.5415084912109377,False,PUT,2026-02-13,IBM
IBM260213P00245000,245.0,0.63,0.0,2.17,5.0,6.0,0.6813996704101564,False,PUT,2026-02-13,IBM
IBM260213P00250000,250.0,0.56,0.0,0.59,5.0,82.0,0.5542036767578126,False,PUT,2026-02-13,IBM
IBM260213P00255000,255.0,0.2,0.0,0.39,1.0,124.0,0.46973186523437505,False,PUT,2026-02-13,IBM
IBM260213P00260000,260.0,0.01,0.0,0.79,2.0,72.0,0.49170430175781255,False,PUT,2026-02-13,IBM
IBM260213P00265000,265.0,0.23,0.15,0.43,23.0,56.0,0.39063109375,False,PUT,2026-02-13,IBM
IBM260213P00270000,270.0,0.46,0.2,0.59,19.0,63.0,0.3711000390625,False,PUT,2026-02-13,IBM
IBM260213P00275000,275.0,0.52,0.23,0.84,35.0,94.0,0.3540103662109374,False,PUT,2026-02-13,IBM
IBM260213P00280000,280.0,0.68,0.66,1.27,27.0,91.0,0.34326828613281246,False,PUT,2026-02-13,IBM
IBM260213P00285000,285.0,1.7,1.44,1.89,23.0,61.0,0.3324041369628906,False,PUT,2026-02-13,IBM
IBM260213P00290000,290.0,2.43,2.26,2.83,50.0,65.0,0.3249579223632812,False,PUT,2026-02-13,IBM
IBM260213P00295000,295.0,3.71,3.55,3.95,82.0,53.0,0.31000445861816406,False,PUT,2026-02-13,IBM
IBM260213P00300000,300.0,4.84,4.85,6.5,49.0,67.0,0.337470004272461,False,PUT,2026-02-13,IBM
IBM260213P00305000,305.0,7.59,6.85,8.25,95.0,22.0,0.31214066772460936,True,PUT,2026-02-13,IBM
IBM260213P00310000,310.0,10.65,9.95,11.5,182.0,24.0,0.32739930419921875,True,PUT,2026-02-13,IBM
IBM260213P00315000,315.0,10.45,12.75,14.95,12.0,4.0,0.3336248278808594,True,PUT,2026-02-13,IBM
IBM260213P00320000,320.0,9.9,16.45,18.85,1.0,1.0,0.34400070068359373,True,PUT,2026-02-13,IBM
IBM260220C00220000,220.0,77.97,84.3,87.65,2.0,13.0,0.8562026098632812,True,CALL,2026-02-20,IBM
IBM260220C00225000,225.0,76.93,79.3,82.2,3.0,2.0,0.7805197729492188,True,CALL,2026-02-20,IBM
IBM260220C00230000,230.0,68.52,74.3,77.25,1.0,10.0,0.7370631762695312,True,CALL,2026-02-20,IBM
IBM260220C00235000,235.0,60.0,69.35,72.3,1.0,5.0,0.6967803759765626,True,CALL,2026-02-20,IBM
IBM260220C00240000,240.0,72.65,64.45,67.25,5.0,13.0,0.6538120556640626,True,CALL,2026-02-20,IBM
IBM260220C00245000,245.0,56.2,59.55,62.35,1.0,10.0,0.6185340881347658,True,CALL,2026-02-20,IBM
IBM260220C00250000,250.0,58.05,54.4,57.25,7.0,84.0,0.561527822265625,True,CALL,2026-02-20,IBM
IBM260220C00255000,255.0,42.39,49.6,52.3,1.0,34.0,0.5283250292968751,True,CALL,2026-02-20,IBM
IBM260220C00260000,260.0,50.01,44.3,47.45,10.0,24.0,0.5898478515625001,True,CALL,2026-02-20,IBM
IBM260220C00265000,265.0,47.1,39.6,42.5,1.0,381.0,0.5423629748535157,True,CALL,2026-02-20,IBM
IBM260220C00270000,270.0,41.57,34.8,37.8,43.0,175.0,0.5081836291503907,True,CALL,2026-02-20,IBM
IBM260220C00275000,275.0,37.96,30.05,33.0,44.0,220.0,0.4664359997558594,True,CALL,2026-02-20,IBM
IBM260220C00280000,280.0,30.84,25.4,28.4,73.0,405.0,0.4321345849609375,True,CALL,2026-02-20,IBM
IBM260220C00285000,285.0,28.57,21.05,24.0,16.0,170.0,0.4024717956542969,True,CALL,2026-02-20,IBM
IBM260220C00287500,287.5,32.0,18.85,21.9,1.0,21.0,0.389654541015625,True,CALL,2026-02-20,IBM
IBM260220C00290000,290.0,20.45,16.9,19.9,70.0,380.0,0.3789734954833984,True,CALL,2026-02-20,IBM
IBM260220C00292500,292.5,21.26,15.35,17.1,19.0,33.0,0.3365544860839844,True,CALL,2026-02-20,IBM
IBM260220C00295000,295.0,15.9,14.0,15.75,289.0,421.0,0.3461979443359374,True,CALL,2026-02-20,IBM
IBM260220C00297500,297.5,17.92,12.1,13.9,15.0,83.0,0.33460138061523437,True,CALL,2026-02-20,IBM
IBM260220C00300000,300.0,12.75,10.6,12.25,201.0,1329.0,0.32721620056152345,True,CALL,2026-02-20,IBM
IBM260220C00302500,302.5,10.15,9.1,10.9,11.0,89.0,0.32672792419433594,True,CALL,2026-02-20,IBM
IBM260220C00305000,305.0,8.85,8.0,9.3,122.0,850.0,0.3147041186523437,False,CALL,2026-02-20,IBM
IBM260220C00307500,307.5,8.68,6.8,8.1,44.0,81.0,0.3125679095458984,False,CALL,2026-02-20,IBM
IBM260220C00310000,310.0,6.2,5.85,7.15,274.0,1468.0,0.315314464111328,False,CALL,2026-02-20,IBM
IBM260220C00312500,312.5,5.4,4.95,5.8,40.0,43.0,0.30109341491699215,False,CALL,2026-02-20,IBM
IBM260220C00315000,315.0,4.35,4.15,4.8,520.0,799.0,0.2948678912353515,False,CALL,2026-02-20,IBM
IBM260220C00317500,317.5,5.35,3.45,4.15,15.0,78.0,0.29767548034667957,False,CALL,2026-02-20,IBM
IBM260220C00320000,320.0,3.06,2.9,3.35,221.0,1635.0,0.29132788757324213,False,CALL,2026-02-20,IBM
IBM260220C00322500,322.5,2.75,2.29,2.85,27.0,53.0,0.2934640966796874,False,CALL,2026-02-20,IBM
IBM260220C00325000,325.0,2.18,1.75,2.22,279.0,1506.0,0.2862009857177734,False,CALL,2026-02-20,IBM
IBM260220C00327500,327.5,2.8,1.53,2.14,4.0,25.0,0.3025582440185547,False,CALL,2026-02-20,IBM
IBM260220C00330000,330.0,1.29,1.24,1.7,849.0,1671.0,0.29846892944335934,False,CALL,2026-02-20,IBM
IBM260220C00335000,335.0,1.0,0.79,1.28,78.0,762.0,0.30823445678710937,False,CALL,2026-02-20,IBM
IBM260220C00340000,340.0,0.67,0.51,0.85,77.0,1731.0,0.3078682495117187,False,CALL,2026-02-20,IBM
IBM260220C00345000,345.0,0.38,0.37,0.52,49.0,382.0,0.3039620385742187,False,CALL,2026-02-20,IBM
IBM260220C00350000,350.0,0.37,0.22,0.35,85.0,979.0,0.30713583496093744,False,CALL,2026-02-20,IBM
IBM260220C00355000,355.0,0.2,0.11,0.28,32.0,128.0,0.3198310205078124,False,CALL,2026-02-20,IBM
IBM260220C00360000,360.0,0.21,0.09,0.22,22.0,488.0,0.3305731005859375,False,CALL,2026-02-20,IBM
IBM260220C00365000,365.0,0.22,0.03,0.25,9.0,282.0,0.36035795898437495,False,CALL,2026-02-20,IBM
IBM260220C00370000,370.0,0.1,0.01,0.18,30.0,426.0,0.36426416992187505,False,CALL,2026-02-20,IBM
IBM260220C00375000,375.0,0.13,0.01,0.23,1.0,31.0,0.39942006835937505,False,CALL,2026-02-20,IBM
IBM260220C00380000,380.0,0.9,0.0,1.8,2.0,20.0,0.5307664111328125,False,CALL,2026-02-20,IBM
IBM260220C00385000,385.0,0.51,0.0,0.13,5.0,7.0,0.40772076660156253,False,CALL,2026-02-20,IBM
IBM260220C00390000,390.0,0.2,0.01,0.35,1.0,33.0,0.49121602539062503,False,CALL,2026-02-20,IBM
IBM260220C00395000,395.0,0.48,0.0,0.28,1.0,2.0,0.4946339599609375,False,CALL,2026-02-20,IBM
IBM260220P00215000,215.0,0.2,0.0,1.04,4.0,12.0,0.7299831689453125,False,PUT,2026-02-20,IBM
IBM260220P00220000,220.0,0.28,0.0,0.63,1.0,60.0,0.6347692773437501,False,PUT,2026-02-20,IBM
IBM260220P00225000,225.0,0.5,0.0,0.63,11.0,21.0,0.5961954443359375,False,PUT,2026-02-20,IBM
IBM260220P00230000,230.0,0.36,0.0,0.56,4.0,138.0,0.5483443603515626,False,PUT,2026-02-20,IBM
IBM260220P00235000,235.0,0.18,0.0,0.52,8.0,16.0,0.50586431640625,False,PUT,2026-02-20,IBM
IBM260220P00240000,240.0,0.14,0.0,0.24,71.0,118.0,0.4643608251953125,False,PUT,2026-02-20,IBM
IBM260220P00245000,245.0,0.1,0.0,0.26,36.0,598.0,0.43457596679687505,False,PUT,2026-02-20,IBM
IBM260220P00250000,250.0,0.2,0.16,0.32,246.0,565.0,0.41358008300781246,False,PUT,2026-02-20,IBM
IBM260220P00255000,255.0,0.26,0.2,0.33,83.0,750.0,0.3803772900390625,False,PUT,2026-02-20,IBM
IBM260220P00260000,260.0,0.33,0.31,0.45,150.0,486.0,0.36524072265625,False,PUT,2026-02-20,IBM
IBM260220P00265000,265.0,0.53,0.47,0.58,104.0,364.0,0.3461979443359374,False,PUT,2026-02-20,IBM
IBM260220P00270000,270.0,0.76,0.7,0.81,123.0,1423.0,0.3325262060546875,False,PUT,2026-02-20,IBM
IBM260220P00275000,275.0,1.09,1.01,1.15,209.0,821.0,0.32068550415039054,False,PUT,2026-02-20,IBM
IBM260220P00280000,280.0,1.62,1.42,1.67,199.0,748.0,0.31165239135742184,False,PUT,2026-02-20,IBM
IBM260220P00282500,282.5,1.81,1.45,2.04,25.0,62.0,0.30933307861328124,False,PUT,2026-02-20,IBM
IBM260220P00285000,285.0,2.35,2.08,2.35,124.0,647.0,0.3007882421875,False,PUT,2026-02-20,IBM
IBM260220P00287500,287.5,2.68,2.41,2.92,11.0,47.0,0.301764794921875,False,PUT,2026-02-20,IBM
IBM260220P00290000,290.0,3.5,3.0,3.4,160.0,546.0,0.2952340985107421,False,PUT,2026-02-20,IBM
IBM260220P00292500,292.5,2.36,3.1,4.15,27.0,92.0,0.2963937548828125,False,PUT,2026-02-20,IBM
IBM260220P00295000,295.0,4.78,4.25,5.1,95.0,1939.0,0.30097134582519536,False,PUT,2026-02-20,IBM
IBM260220P00297500,297.5,3.63,4.5,6.3,4.0,61.0,0.31012652770996096,False,PUT,2026-02-20,IBM
IBM260220P00300000,300.0,6.17,5.85,7.3,173.0,1280.0,0.3084175604248046,False,PUT,2026-02-20,IBM
IBM260220P00302500,302.5,7.37,7.0,8.55,6.0,54.0,0.3115913568115234,False,PUT,2026-02-20,IBM
IBM260220P00305000,305.0,8.6,8.3,9.65,132.0,492.0,0.3062813513183594,True,PUT,2026-02-20,IBM
IBM260220P00310000,310.0,11.5,10.7,11.95,144.0,3098.0,0.2882151257324218,True,PUT,2026-02-20,IBM
IBM260220P00312500,312.5,10.4,12.05,13.6,36.0,44.0,0.29041236938476556,True,PUT,2026-02-20,IBM
IBM260220P00315000,315.0,13.65,13.8,16.15,12.0,132.0,0.32129584960937496,True,PUT,2026-02-20,IBM
IBM260220P00320000,320.0,16.19,17.0,20.1,1.0,151.0,0.3360662097167969,True,PUT,2026-02-20,IBM
IBM260220P00325000,325.0,36.67,21.0,24.1,2.0,63.0,0.3433293206787109,True,PUT,2026-02-20,IBM
IBM260220P00330000,330.0,24.17,25.45,27.95,20.0,42.0,0.3325262060546875,True,PUT,2026-02-20,IBM
IBM260220P00335000,335.0,32.3,30.0,32.95,2.0,3.0,0.3709779699707031,True,PUT,2026-02-20,IBM
IBM260220P00340000,340.0,47.75,34.7,37.65,2.0,7.0,0.39050902465820314,True,PUT,2026-02-20,IBM
IBM260220P00350000,350.0,39.8,44.45,47.35,2.0,69.0,0.4382380395507813,True,PUT,2026-02-20,IBM
IBM260220P00365000,365.0,59.2,59.3,62.35,,1.0,0.5291795129394532,True,PUT,2026-02-20,IBM
IBM260220P00375000,375.0,69.0,69.25,72.35,2.0,3.0,0.5855754333496093,True,PUT,2026-02-20,IBM
IBM260227C00250000,250.0,62.5,54.45,57.95,5.0,0.0,0.5214891601562499,True,CALL,2026-02-27,IBM
IBM260227C00260000,260.0,51.68,44.7,47.55,2.0,2.0,0.5218553674316406,True,CALL,2026-02-27,IBM
IBM260227C00275000,275.0,36.9,30.45,33.35,2.0,1.0,0.42365078308105464,True,CALL,2026-02-27,IBM
IBM260227C00280000,280.0,22.68,25.95,28.9,10.0,16.0,0.39819937744140627,True,CALL,2026-02-27,IBM
IBM260227C00285000,285.0,17.07,21.7,24.9,1.0,2.0,0.3848938464355468,True,CALL,2026-02-27,IBM
IBM260227C00290000,290.0,26.93,18.2,21.2,7.0,35.0,0.37476211181640623,True,CALL,2026-02-27,IBM
IBM260227C00295000,295.0,15.55,14.8,16.75,29.0,35.0,0.3340520697021484,True,CALL,2026-02-27,IBM
IBM260227C00300000,300.0,12.45,11.8,13.75,24.0,49.0,0.330512066040039,True,CALL,2026-02-27,IBM
IBM260227C00305000,305.0,10.75,9.45,11.15,13.0,41.0,0.32874206420898433,False,CALL,2026-02-27,IBM
IBM260227C00310000,310.0,8.85,7.55,8.85,72.0,65.0,0.325629302368164,False,CALL,2026-02-27,IBM
IBM260227C00315000,315.0,6.29,5.8,6.85,43.0,40.0,0.32129584960937496,False,CALL,2026-02-27,IBM
IBM260227C00320000,320.0,4.36,3.95,4.55,57.0,86.0,0.29621065124511714,False,CALL,2026-02-27,IBM
IBM260227C00325000,325.0,3.9,2.9,3.3,40.0,43.0,0.2934640966796874,False,CALL,2026-02-27,IBM
IBM260227C00330000,330.0,2.0,2.0,2.25,43.0,46.0,0.28711650390624993,False,CALL,2026-02-27,IBM
IBM260227C00335000,335.0,1.49,1.09,1.57,73.0,39.0,0.28626202026367187,False,CALL,2026-02-27,IBM
IBM260227C00340000,340.0,1.6,0.81,1.1,113.0,56.0,0.2873606420898437,False,CALL,2026-02-27,IBM
IBM260227C00345000,345.0,0.67,0.26,0.78,8.0,31.0,0.29016823120117186,False,CALL,2026-02-27,IBM
IBM260227C00350000,350.0,0.7,0.33,0.51,13.0,23.0,0.28882547119140617,False,CALL,2026-02-27,IBM
IBM260227C00355000,355.0,0.34,0.0,0.54,36.0,31.0,0.31519239501953117,False,CALL,2026-02-27,IBM
IBM260227C00360000,360.0,0.34,0.11,0.44,4.0,7.0,0.32520206054687495,False,CALL,2026-02-27,IBM
IBM260227C00365000,365.0,1.52,0.0,0.25,,1.0,0.3154365332031249,False,CALL,2026-02-27,IBM
IBM260227P00215000,215.0,0.37,0.0,2.13,4.0,2.0,0.7292507543945312,False,PUT,2026-02-27,IBM
IBM260227P00225000,225.0,0.61,0.0,2.14,,0.0,0.6496617065429688,False,PUT,2026-02-27,IBM
IBM260227P00240000,240.0,0.9,0.0,2.17,50.0,51.0,0.5354050366210938,False,PUT,2026-02-27,IBM
IBM260227P00245000,245.0,1.09,0.0,2.19,1.0,2.0,0.5911906115722658,False,PUT,2026-02-27,IBM
IBM260227P00250000,250.0,0.5,0.0,0.45,35.0,47.0,0.3845276391601562,False,PUT,2026-02-27,IBM
IBM260227P00255000,255.0,0.34,0.0,0.62,63.0,68.0,0.37476211181640623,False,PUT,2026-02-27,IBM
IBM260227P00260000,260.0,0.51,0.39,0.7,50.0,93.0,0.3498600170898437,False,PUT,2026-02-27,IBM
IBM260227P00265000,265.0,0.69,0.51,0.92,12.0,41.0,0.335944140625,False,PUT,2026-02-27,IBM
IBM260227P00270000,270.0,0.87,0.78,1.5,63.0,82.0,0.34180345703125,False,PUT,2026-02-27,IBM
IBM260227P00275000,275.0,1.58,1.21,1.91,69.0,68.0,0.3263006823730469,False,PUT,2026-02-27,IBM
IBM260227P00280000,280.0,2.08,1.62,2.38,29.0,44.0,0.30811238769531246,False,PUT,2026-02-27,IBM
IBM260227P00285000,285.0,2.86,2.49,3.2,41.0,21.0,0.2986520330810546,False,PUT,2026-02-27,IBM
IBM260227P00290000,290.0,4.5,4.0,4.55,45.0,19.0,0.299262378540039,False,PUT,2026-02-27,IBM
IBM260227P00295000,295.0,6.25,5.65,6.1,35.0,18.0,0.29505099487304687,False,PUT,2026-02-27,IBM
IBM260227P00300000,300.0,7.15,7.55,8.2,33.0,24.0,0.29657685852050775,False,PUT,2026-02-27,IBM
IBM260227P00305000,305.0,9.52,10.0,10.85,11.0,16.0,0.30261927856445314,True,PUT,2026-02-27,IBM
IBM260227P00320000,320.0,18.12,17.8,20.65,16.0,1.0,0.31250687499999996,True,PUT,2026-02-27,IBM
IBM260227P00325000,325.0,24.2,21.8,24.6,,1.0,0.31891550231933585,True,PUT,2026-02-27,IBM
IBM260227P00380000,380.0,73.95,73.6,77.15,,1.0,0.5214891601562499,True,PUT,2026-02-27,IBM
IBM260306C00270000,270.0,48.0,35.5,38.85,1.0,2.0,0.4437311486816406,True,CALL,2026-03-06,IBM
IBM260306C00290000,290.0,20.8,19.0,21.3,14.0,22.0,0.34039966247558595,True,CALL,2026-03-06,IBM
IBM260306C00295000,295.0,19.35,15.8,18.05,19.0,18.0,0.33667655517578127,True,CALL,2026-03-06,IBM
IBM260306C00300000,300.0,19.59,12.85,14.95,1.0,11.0,0.32923034057617184,True,CALL,2026-03-06,IBM
IBM260306C00310000,310.0,9.37,8.0,10.1,88.0,6.0,0.32581240600585937,False,CALL,2026-03-06,IBM
IBM260306C00320000,320.0,7.9,4.6,6.4,13.0,8.0,0.32068550415039054,False,CALL,2026-03-06,IBM
IBM260306C00330000,330.0,3.47,2.51,3.35,73.0,21.0,0.2998727239990234,False,CALL,2026-03-06,IBM
IBM260306C00335000,335.0,2.75,1.79,2.47,60.0,16.0,0.297736514892578,False,CALL,2026-03-06,IBM
IBM260306P00215000,215.0,0.36,0.0,2.21,12.0,16.0,0.6613803393554689,False,PUT,2026-03-06,IBM
IBM260306P00250000,250.0,2.18,0.0,1.36,1.0,13.0,0.4370173486328125,False,PUT,2026-03-06,IBM
IBM260306P00265000,265.0,1.05,0.92,1.62,12.0,10.0,0.34998208618164056,False,PUT,2026-03-06,IBM
IBM260306P00270000,270.0,1.19,1.17,2.51,20.0,14.0,0.36035795898437495,False,PUT,2026-03-06,IBM
IBM260306P00275000,275.0,1.76,1.53,3.25,1.0,10.0,0.35333898620605464,False,PUT,2026-03-06,IBM
IBM260306P00280000,280.0,2.3,2.34,3.75,4.0,3.0,0.33124448059082034,False,PUT,2026-03-06,IBM
IBM260306P00285000,285.0,3.0,3.2,4.55,1.0,2.0,0.31537549865722647,False,PUT,2026-03-06,IBM
IBM260306P00290000,290.0,4.0,4.4,5.8,18.0,15.0,0.3075630767822265,False,PUT,2026-03-06,IBM
IBM260306P00295000,295.0,14.59,5.8,7.55,18.0,13.0,0.3061592822265625,False,PUT,2026-03-06,IBM
IBM260306P00305000,305.0,19.3,10.05,12.25,,1.0,0.3087227331542969,True,PUT,2026-03-06,IBM
IBM260306P00350000,350.0,59.95,44.65,47.45,2.0,0.0,0.3508365698242187,True,PUT,2026-03-06,IBM
IBM260320C00220000,220.0,85.5,84.2,88.1,1.0,129.0,0.5887492297363282,True,CALL,2026-03-20,IBM
IBM260320C00230000,230.0,85.5,74.5,77.55,1.0,79.0,0.5140429455566407,True,CALL,2026-03-20,IBM
IBM260320C00235000,235.0,60.75,69.55,73.15,10.0,11.0,0.5042774182128906,True,CALL,2026-03-20,IBM
IBM260320C00240000,240.0,68.5,64.65,67.5,3.0,512.0,0.5356491748046875,True,CALL,2026-03-20,IBM
IBM260320C00250000,250.0,62.4,55.15,58.3,21.0,529.0,0.5017139672851563,True,CALL,2026-03-20,IBM
IBM260320C00255000,255.0,46.5,50.3,53.25,,1.0,0.463872548828125,True,CALL,2026-03-20,IBM
IBM260320C00260000,260.0,51.01,45.75,48.3,35.0,364.0,0.43030354858398445,True,CALL,2026-03-20,IBM
IBM260320C00265000,265.0,55.44,41.2,44.05,2.0,50.0,0.4215145739746094,True,CALL,2026-03-20,IBM
IBM260320C00270000,270.0,41.96,36.75,39.8,15.0,1969.0,0.4090024920654296,True,CALL,2026-03-20,IBM
IBM260320C00275000,275.0,26.5,32.95,35.5,3.0,3.0,0.39160764648437496,True,CALL,2026-03-20,IBM
IBM260320C00280000,280.0,30.0,29.0,31.5,22.0,4698.0,0.37958384094238284,True,CALL,2026-03-20,IBM
IBM260320C00285000,285.0,35.15,25.35,27.6,1.0,48.0,0.366217275390625,True,CALL,2026-03-20,IBM
IBM260320C00290000,290.0,23.41,21.75,23.9,78.0,1989.0,0.35370519348144525,True,CALL,2026-03-20,IBM
IBM260320C00295000,295.0,24.97,18.2,21.0,42.0,400.0,0.3552310571289062,True,CALL,2026-03-20,IBM
IBM260320C00300000,300.0,16.5,15.8,17.7,179.0,2190.0,0.34204759521484374,True,CALL,2026-03-20,IBM
IBM260320C00305000,305.0,14.45,12.6,15.5,66.0,378.0,0.34799846343994134,False,CALL,2026-03-20,IBM
IBM260320C00310000,310.0,10.95,10.6,12.15,317.0,1756.0,0.32294378234863275,False,CALL,2026-03-20,IBM
IBM260320C00315000,315.0,8.96,9.0,9.8,65.0,478.0,0.3139717041015625,False,CALL,2026-03-20,IBM
IBM260320C00320000,320.0,7.35,7.3,8.0,246.0,3905.0,0.3113777359008788,False,CALL,2026-03-20,IBM
IBM260320C00325000,325.0,6.0,5.65,6.15,115.0,347.0,0.3012765185546875,False,CALL,2026-03-20,IBM
IBM260320C00330000,330.0,4.63,4.25,4.7,408.0,11758.0,0.29444064941406245,False,CALL,2026-03-20,IBM
IBM260320C00335000,335.0,3.35,3.35,3.75,26.0,219.0,0.29529513305664057,False,CALL,2026-03-20,IBM
IBM260320C00340000,340.0,2.88,2.47,2.83,124.0,991.0,0.2913889221191405,False,CALL,2026-03-20,IBM
IBM260320C00345000,345.0,2.0,1.83,2.27,68.0,123.0,0.2945016839599609,False,CALL,2026-03-20,IBM
IBM260320C00350000,350.0,1.51,1.3,1.68,540.0,697.0,0.2913889221191405,False,CALL,2026-03-20,IBM
IBM260320C00355000,355.0,1.15,1.06,1.27,35.0,76.0,0.2910227148437499,False,CALL,2026-03-20,IBM
IBM260320C00360000,360.0,0.84,0.79,0.93,111.0,1143.0,0.28919167846679683,False,CALL,2026-03-20,IBM
IBM260320C00365000,365.0,1.0,0.46,0.82,1.0,7.0,0.29932341308593746,False,CALL,2026-03-20,IBM
IBM260320C00370000,370.0,0.5,0.47,0.59,11.0,354.0,0.2970041003417968,False,CALL,2026-03-20,IBM
IBM260320C00375000,375.0,0.6,0.35,0.47,12.0,15.0,0.3007882421875,False,CALL,2026-03-20,IBM
IBM260320C00380000,380.0,0.5,0.16,0.4,4.0,408.0,0.30762411132812495,False,CALL,2026-03-20,IBM
IBM260320C00385000,385.0,0.5,0.0,0.34,1.0,39.0,0.3139717041015625,False,CALL,2026-03-20,IBM
IBM260320C00390000,390.0,0.57,0.0,0.49,1.0,182.0,0.3481510498046875,False,CALL,2026-03-20,IBM
IBM260320P00215000,215.0,0.77,0.0,1.81,1.0,1.0,0.5417526293945314,False,PUT,2026-03-20,IBM
IBM260320P00220000,220.0,0.5,0.21,0.42,8.0,1080.0,0.44605046142578125,False,PUT,2026-03-20,IBM
IBM260320P00225000,225.0,1.05,0.0,0.89,1.0,4.0,0.47998566894531247,False,PUT,2026-03-20,IBM
IBM260320P00230000,230.0,0.36,0.33,0.66,14.0,752.0,0.4255428540039063,False,PUT,2026-03-20,IBM
IBM260320P00235000,235.0,1.55,0.11,1.04,88.0,98.0,0.4359187268066406,False,PUT,2026-03-20,IBM
IBM260320P00240000,240.0,0.59,0.53,0.93,19.0,2355.0,0.39722282470703124,False,PUT,2026-03-20,IBM
IBM260320P00245000,245.0,0.77,0.53,1.1,103.0,191.0,0.38281867187499996,False,PUT,2026-03-20,IBM
IBM260320P00250000,250.0,0.97,0.75,1.12,274.0,1526.0,0.35559726440429684,False,PUT,2026-03-20,IBM
IBM260320P00255000,255.0,1.07,1.16,1.45,33.0,244.0,0.3482731188964844,False,PUT,2026-03-20,IBM
IBM260320P00260000,260.0,1.59,1.53,1.79,140.0,1261.0,0.33728690063476563,False,PUT,2026-03-20,IBM
IBM260320P00265000,265.0,2.14,1.95,2.36,100.0,5362.0,0.33301448242187504,False,PUT,2026-03-20,IBM
IBM260320P00270000,270.0,2.71,2.46,2.96,339.0,1693.0,0.32459171508789053,False,PUT,2026-03-20,IBM
IBM260320P00275000,275.0,3.35,2.88,3.8,106.0,251.0,0.3197089514160155,False,PUT,2026-03-20,IBM
IBM260320P00280000,280.0,4.35,4.1,4.65,548.0,3864.0,0.3096992858886719,False,PUT,2026-03-20,IBM
IBM260320P00285000,285.0,5.55,5.3,5.95,55.0,190.0,0.30716635223388666,False,PUT,2026-03-20,IBM
IBM260320P00290000,290.0,7.3,6.6,7.3,193.0,1445.0,0.2997506549072265,False,PUT,2026-03-20,IBM
IBM260320P00295000,295.0,8.62,8.5,9.05,166.0,4666.0,0.29596651306152344,False,PUT,2026-03-20,IBM
IBM260320P00300000,300.0,10.59,10.4,10.8,380.0,2046.0,0.2858958129882812,False,PUT,2026-03-20,IBM
IBM260320P00305000,305.0,11.45,12.0,13.7,15.0,200.0,0.29492892578124996,True,PUT,2026-03-20,IBM
IBM260320P00310000,310.0,14.66,15.3,16.0,26.0,580.0,0.2840342593383788,True,PUT,2026-03-20,IBM
IBM260320P00315000,315.0,15.6,17.75,19.5,38.0,11.0,0.29340306213378897,True,PUT,2026-03-20,IBM
IBM260320P00320000,320.0,21.4,20.9,23.3,43.0,165.0,0.304145142211914,True,PUT,2026-03-20,IBM
IBM260320P00325000,325.0,33.8,23.7,26.45,,1.0,0.2935251312255859,True,PUT,2026-03-20,IBM
IBM260320P00330000,330.0,25.0,27.65,30.15,10.0,44.0,0.2901071966552734,True,PUT,2026-03-20,IBM
IBM260320P00335000,335.0,36.16,31.6,34.6,,10.0,0.30274134765625,True,PUT,2026-03-20,IBM
IBM260320P00340000,340.0,31.4,35.95,38.55,6.0,13.0,0.295356167602539,True,PUT,2026-03-20,IBM
IBM260320P00345000,345.0,41.65,40.35,43.1,,2.0,0.30322962402343745,True,PUT,2026-03-20,IBM
IBM260320P00350000,350.0,48.45,45.0,48.1,2.0,8.0,0.3262396478271484,True,PUT,2026-03-20,IBM
IBM260320P00355000,355.0,65.2,49.7,52.55,2.0,1.0,0.32471378417968744,True,PUT,2026-03-20,IBM
IBM260320P00360000,360.0,59.55,56.65,59.45,2.0,1.0,0.42212491943359376,True,PUT,2026-03-20,IBM
IBM260320P00370000,370.0,71.08,64.35,67.5,1.0,1.0,0.38245246459960935,True,PUT,2026-03-20,IBM
IBM260417C00215000,215.0,90.95,90.05,93.05,6.0,13.0,0.5245408874511719,True,CALL,2026-04-17,IBM
IBM260417C00220000,220.0,94.95,84.95,88.0,1.0,23.0,0.5684857604980469,True,CALL,2026-04-17,IBM
IBM260417C00225000,225.0,87.1,80.35,83.85,2.0,17.0,0.5731854205322267,True,CALL,2026-04-17,IBM
IBM260417C00230000,230.0,76.99,75.35,78.55,20.0,18.0,0.5305222729492188,True,CALL,2026-04-17,IBM
IBM260417C00235000,235.0,63.05,70.85,73.8,2.0,37.0,0.5095874237060547,True,CALL,2026-04-17,IBM
IBM260417C00240000,240.0,55.7,66.4,69.1,3.0,39.0,0.48981223083496106,True,CALL,2026-04-17,IBM
IBM260417C00245000,245.0,54.95,61.8,64.35,2.0,39.0,0.46771772521972654,True,CALL,2026-04-17,IBM
IBM260417C00250000,250.0,50.0,56.6,59.9,3.0,255.0,0.4542290905761719,True,CALL,2026-04-17,IBM
IBM260417C00255000,255.0,54.72,53.0,55.25,34.0,80.0,0.4334773449707031,True,CALL,2026-04-17,IBM
IBM260417C00260000,260.0,41.75,48.65,51.1,2.0,78.0,0.42517664672851563,True,CALL,2026-04-17,IBM
IBM260417C00265000,265.0,37.85,44.5,46.65,2.0,34.0,0.40692731750488287,True,CALL,2026-04-17,IBM
IBM260417C00270000,270.0,53.0,40.45,42.5,4.0,48.0,0.3943542010498047,True,CALL,2026-04-17,IBM
IBM260417C00275000,275.0,44.15,35.75,38.55,1.0,60.0,0.38400884552001957,True,CALL,2026-04-17,IBM
IBM260417C00280000,280.0,37.68,31.95,34.8,1.0,62.0,0.3752809054565429,True,CALL,2026-04-17,IBM
IBM260417C00285000,285.0,33.6,28.55,31.1,3.0,61.0,0.36472192901611333,True,CALL,2026-04-17,IBM
IBM260417C00290000,290.0,31.65,25.3,27.65,8.0,185.0,0.3561160580444336,True,CALL,2026-04-17,IBM
IBM260417C00295000,295.0,24.86,22.25,24.8,36.0,131.0,0.3554446780395507,True,CALL,2026-04-17,IBM
IBM260417C00300000,300.0,20.4,19.6,21.7,32.0,277.0,0.34668622070312494,True,CALL,2026-04-17,IBM
IBM260417C00305000,305.0,19.4,17.2,18.2,41.0,365.0,0.32746033874511715,False,CALL,2026-04-17,IBM
IBM260417C00310000,310.0,15.8,14.9,15.5,70.0,298.0,0.3188849850463866,False,CALL,2026-04-17,IBM
IBM260417C00315000,315.0,14.0,12.5,13.6,83.0,333.0,0.320746538696289,False,CALL,2026-04-17,IBM
IBM260417C00320000,320.0,11.4,10.9,11.55,116.0,544.0,0.3162299822998046,False,CALL,2026-04-17,IBM
IBM260417C00325000,325.0,10.27,8.5,10.9,124.0,537.0,0.33423517333984376,False,CALL,2026-04-17,IBM
IBM260417C00330000,330.0,8.48,7.5,8.2,460.0,242.0,0.30976032043457036,False,CALL,2026-04-17,IBM
IBM260417C00335000,335.0,6.96,5.75,7.8,191.0,276.0,0.327155166015625,False,CALL,2026-04-17,IBM
IBM260417C00340000,340.0,5.29,5.05,5.65,33.0,591.0,0.3043282458496094,False,CALL,2026-04-17,IBM
IBM260417C00345000,345.0,4.73,3.85,4.8,8.0,56.0,0.30597617858886716,False,CALL,2026-04-17,IBM
IBM260417C00350000,350.0,4.0,3.2,4.1,149.0,1461.0,0.3084175604248046,False,CALL,2026-04-17,IBM
IBM260417C00355000,355.0,4.08,2.51,3.95,3.0,105.0,0.3236151623535155,False,CALL,2026-04-17,IBM
IBM260417C00360000,360.0,2.5,2.07,2.86,42.0,1652.0,0.30933307861328124,False,CALL,2026-04-17,IBM
IBM260417C00370000,370.0,2.05,1.16,2.45,3.0,205.0,0.3286199951171874,False,CALL,2026-04-17,IBM
IBM260417C00380000,380.0,0.86,0.75,1.85,5.0,91.0,0.3353337951660156,False,CALL,2026-04-17,IBM
IBM260417C00390000,390.0,0.8,0.52,0.97,4.0,92.0,0.31677929321289056,False,CALL,2026-04-17,IBM
IBM260417P00215000,215.0,1.28,0.0,1.6,24.0,101.0,0.4896291271972657,False,PUT,2026-04-17,IBM
IBM260417P00220000,220.0,0.94,0.48,0.88,3.0,163.0,0.40869731933593745,False,PUT,2026-04-17,IBM
IBM260417P00225000,225.0,1.72,0.5,1.09,6.0,69.0,0.4018614501953125,False,PUT,2026-04-17,IBM
IBM260417P00230000,230.0,1.97,0.05,2.85,21.0,86.0,0.4757132507324219,False,PUT,2026-04-17,IBM
IBM260417P00235000,235.0,2.7,0.08,2.11,2.0,44.0,0.41296973754882804,False,PUT,2026-04-17,IBM
IBM260417P00240000,240.0,1.28,0.82,1.76,5.0,187.0,0.36926900268554685,False,PUT,2026-04-17,IBM
IBM260417P00245000,245.0,1.87,0.8,1.87,5.0,1378.0,0.34943277526855465,False,PUT,2026-04-17,IBM
IBM260417P00250000,250.0,1.71,0.97,2.3,4.0,391.0,0.3430241479492187,False,PUT,2026-04-17,IBM
IBM260417P00255000,255.0,2.83,1.69,2.7,8.0,688.0,0.3325262060546875,False,PUT,2026-04-17,IBM
IBM260417P00260000,260.0,2.36,2.49,3.55,4.0,184.0,0.33447931152343746,False,PUT,2026-04-17,IBM
IBM260417P00265000,265.0,4.05,3.25,4.05,7.0,228.0,0.3213568841552734,False,PUT,2026-04-17,IBM
IBM260417P00270000,270.0,4.54,3.9,5.15,15.0,245.0,0.3220282641601562,False,PUT,2026-04-17,IBM
IBM260417P00275000,275.0,5.1,5.3,6.0,35.0,498.0,0.31214066772460936,False,PUT,2026-04-17,IBM
IBM260417P00280000,280.0,7.2,6.65,7.05,230.0,309.0,0.3037789349365234,False,PUT,2026-04-17,IBM
IBM260417P00285000,285.0,8.7,8.05,8.75,39.0,347.0,0.30542686767578126,False,PUT,2026-04-17,IBM
IBM260417P00290000,290.0,9.4,9.3,10.55,13.0,305.0,0.30441979766845706,False,PUT,2026-04-17,IBM
IBM260417P00295000,295.0,9.0,11.35,12.1,34.0,405.0,0.29456271850585936,False,PUT,2026-04-17,IBM
IBM260417P00300000,300.0,13.05,13.45,14.35,32.0,639.0,0.29361668304443356,False,PUT,2026-04-17,IBM
IBM260417P00305000,305.0,15.3,15.6,16.2,24.0,356.0,0.2813182220458984,True,PUT,2026-04-17,IBM
IBM260417P00310000,310.0,17.75,18.25,19.1,70.0,304.0,0.283362879333496,True,PUT,2026-04-17,IBM
IBM260417P00315000,315.0,19.32,20.75,22.6,15.0,106.0,0.29196875030517566,True,PUT,2026-04-17,IBM
IBM260417P00320000,320.0,21.85,23.35,25.5,6.0,31.0,0.28574322662353513,True,PUT,2026-04-17,IBM
IBM260417P00325000,325.0,24.3,26.25,29.4,8.0,29.0,0.2942575457763671,True,PUT,2026-04-17,IBM
IBM260417P00330000,330.0,41.05,30.05,32.35,6.0,520.0,0.28031115203857415,True,PUT,2026-04-17,IBM
IBM260417P00335000,335.0,27.7,33.95,36.6,2.0,5.0,0.28900857482910147,True,PUT,2026-04-17,IBM
IBM260417P00340000,340.0,49.8,37.5,40.5,4.0,23.0,0.2868723657226562,True,PUT,2026-04-17,IBM
IBM260417P00350000,350.0,38.85,46.05,49.0,2.0,1.0,0.2891306439208984,True,PUT,2026-04-17,IBM
IBM260417P00360000,360.0,61.3,58.35,60.65,209.0,163.0,0.372076591796875,True,PUT,2026-04-17,IBM
IBM260515C00220000,220.0,94.65,87.1,89.1,2.0,2930.0,0.5283250292968751,True,CALL,2026-05-15,IBM
IBM260515C00230000,230.0,68.97,76.9,79.9,2.0,65.0,0.49872327453613285,True,CALL,2026-05-15,IBM
IBM260515C00240000,240.0,63.85,67.75,71.0,3.0,76.0,0.4739432489013672,True,CALL,2026-05-15,IBM
IBM260515C00250000,250.0,62.68,58.85,61.7,13.0,111.0,0.435125277709961,True,CALL,2026-05-15,IBM
IBM260515C00260000,260.0,57.73,51.05,53.3,1.0,87.0,0.41345801391601555,True,CALL,2026-05-15,IBM
IBM260515C00270000,270.0,49.3,42.85,45.4,3.0,133.0,0.3953307537841797,True,CALL,2026-05-15,IBM
IBM260515C00280000,280.0,41.5,35.8,38.2,7.0,100.0,0.3820862573242187,True,CALL,2026-05-15,IBM
IBM260515C00290000,290.0,35.5,29.55,31.75,31.0,219.0,0.37244279907226563,True,CALL,2026-05-15,IBM
IBM260515C00300000,300.0,24.62,23.5,25.6,49.0,401.0,0.35806916351318363,True,CALL,2026-05-15,IBM
IBM260515C00310000,310.0,19.67,18.95,20.4,66.0,377.0,0.3485477743530273,False,CALL,2026-05-15,IBM
IBM260515C00320000,320.0,15.25,15.25,15.8,63.0,198.0,0.3379887979125976,False,CALL,2026-05-15,IBM
IBM260515C00330000,330.0,11.6,11.1,12.0,40.0,278.0,0.3293524096679687,False,CALL,2026-05-15,IBM
IBM260515C00340000,340.0,10.7,8.6,9.2,38.0,268.0,0.32688051055908207,False,CALL,2026-05-15,IBM
IBM260515C00350000,350.0,8.25,6.3,6.65,52.0,245.0,0.31873239868164055,False,CALL,2026-05-15,IBM
IBM260515C00360000,360.0,4.73,4.6,4.9,25.0,150.0,0.3163520513916015,False,CALL,2026-05-15,IBM
IBM260515C00370000,370.0,4.33,3.1,3.75,1.0,369.0,0.3193122268676757,False,CALL,2026-05-15,IBM
IBM260515C00380000,380.0,2.6,2.2,2.76,4.0,403.0,0.31909860595703116,False,CALL,2026-05-15,IBM
IBM260515C00390000,390.0,3.54,1.72,3.6,5.0,45.0,0.3707338317871094,False,CALL,2026-05-15,IBM
IBM260515P00220000,220.0,2.94,0.01,1.95,171.0,546.0,0.4165097412109374,False,PUT,2026-05-15,IBM
IBM260515P00230000,230.0,1.68,1.38,2.19,6.0,367.0,0.3813538427734374,False,PUT,2026-05-15,IBM
IBM260515P00240000,240.0,2.8,2.44,3.1,14.0,338.0,0.369574175415039,False,PUT,2026-05-15,IBM
IBM260515P00250000,250.0,3.25,3.75,4.05,5.0,513.0,0.3505924316406249,False,PUT,2026-05-15,IBM
IBM260515P00260000,260.0,5.3,5.35,5.8,16.0,591.0,0.3443669079589844,False,PUT,2026-05-15,IBM
IBM260515P00270000,270.0,7.48,7.45,7.75,32.0,526.0,0.33170223968505863,False,PUT,2026-05-15,IBM
IBM260515P00280000,280.0,10.45,10.15,10.8,63.0,698.0,0.329535513305664,False,PUT,2026-05-15,IBM
IBM260515P00290000,290.0,14.0,13.65,14.4,38.0,293.0,0.3246832669067382,False,PUT,2026-05-15,IBM
IBM260515P00300000,300.0,17.6,17.85,18.65,19.0,302.0,0.31867136413574215,False,PUT,2026-05-15,IBM
IBM260515P00310000,310.0,22.47,22.7,23.55,49.0,183.0,0.311255666809082,True,PUT,2026-05-15,IBM
IBM260515P00320000,320.0,23.23,27.85,29.25,2.0,146.0,0.3046029013061523,True,PUT,2026-05-15,IBM
IBM260515P00330000,330.0,36.5,34.1,36.5,7.0,31.0,0.3113777359008788,True,PUT,2026-05-15,IBM
IBM260515P00340000,340.0,38.8,40.7,43.3,1.0,17.0,0.3000863449096679,True,PUT,2026-05-15,IBM
IBM260515P00350000,350.0,48.1,48.55,51.55,1.0,1.0,0.304694453125,True,PUT,2026-05-15,IBM
IBM260515P00360000,360.0,60.8,57.0,59.9,,5.0,0.3024361749267578,True,PUT,2026-05-15,IBM
IBM260515P00380000,380.0,86.0,75.1,78.2,1.0,0.0,0.31409377319335935,True,PUT,2026-05-15,IBM
IBM260515P00390000,390.0,98.5,84.7,87.65,15.0,15.0,0.3203803314208984,True,PUT,2026-05-15,IBM
IBM260618C00220000,220.0,94.71,86.5,89.65,12.0,97.0,0.47632359619140624,True,CALL,2026-06-18,IBM
IBM260618C00230000,230.0,91.61,77.8,80.4,1.0,475.0,0.44739322143554683,True,CALL,2026-06-18,IBM
IBM260618C00240000,240.0,71.1,69.05,71.6,1.0,247.0,0.4265194067382813,True,CALL,2026-06-18,IBM
IBM260618C00250000,250.0,66.88,60.3,63.05,1.0,316.0,0.40656111022949215,True,CALL,2026-06-18,IBM
IBM260618C00260000,260.0,60.27,52.15,55.05,11.0,652.0,0.3918823019409179,True,CALL,2026-06-18,IBM
IBM260618C00270000,270.0,39.5,44.95,47.55,5.0,200.0,0.37946177185058594,True,CALL,2026-06-18,IBM
IBM260618C00280000,280.0,44.5,38.1,40.5,16.0,689.0,0.36725486267089846,True,CALL,2026-06-18,IBM
IBM260618C00290000,290.0,34.83,31.6,34.5,48.0,2136.0,0.36295192718505864,True,CALL,2026-06-18,IBM
IBM260618C00300000,300.0,27.55,26.6,28.45,71.0,1233.0,0.3502262243652343,True,CALL,2026-06-18,IBM
IBM260618C00310000,310.0,22.1,21.35,23.4,135.0,2625.0,0.34335983795166014,False,CALL,2026-06-18,IBM
IBM260618C00320000,320.0,18.6,17.3,19.9,111.0,679.0,0.3493564820861816,False,CALL,2026-06-18,IBM
IBM260618C00330000,330.0,16.13,13.75,16.1,32.0,844.0,0.34400070068359373,False,CALL,2026-06-18,IBM
IBM260618C00340000,340.0,11.23,10.75,11.85,23.0,1149.0,0.32434757690429683,False,CALL,2026-06-18,IBM
IBM260618C00350000,350.0,10.32,8.2,9.05,45.0,2906.0,0.31726756958007807,False,CALL,2026-06-18,IBM
IBM260618C00360000,360.0,8.02,6.3,7.2,34.0,466.0,0.31818308776855464,False,CALL,2026-06-18,IBM
IBM260618C00370000,370.0,5.11,4.75,5.35,7.0,494.0,0.3122017022705078,False,CALL,2026-06-18,IBM
IBM260618C00380000,380.0,4.9,3.55,4.05,7.0,1407.0,0.3100654931640625,False,CALL,2026-06-18,IBM
IBM260618C00390000,390.0,2.87,2.65,3.15,6.0,132.0,0.3112861840820312,False,CALL,2026-06-18,IBM
IBM260618P00220000,220.0,1.83,1.85,2.32,7.0,1312.0,0.37854625366210937,False,PUT,2026-06-18,IBM
IBM260618P00230000,230.0,2.31,2.49,3.1,14.0,795.0,0.3644472735595704,False,PUT,2026-06-18,IBM
IBM260618P00240000,240.0,3.24,2.96,4.1,14.0,3877.0,0.3506534661865234,False,PUT,2026-06-18,IBM
IBM260618P00250000,250.0,4.45,4.85,5.3,57.0,1458.0,0.3353643124389648,False,PUT,2026-06-18,IBM
IBM260618P00260000,260.0,6.0,6.6,7.2,13.0,2176.0,0.3279791323852539,False,PUT,2026-06-18,IBM
IBM260618P00270000,270.0,9.2,9.05,9.6,33.0,1247.0,0.32092964233398436,False,PUT,2026-06-18,IBM
IBM260618P00280000,280.0,11.85,12.0,13.55,265.0,944.0,0.3290777542114257,False,PUT,2026-06-18,IBM
IBM260618P00290000,290.0,15.65,15.25,16.7,36.0,1519.0,0.3152992054748534,False,PUT,2026-06-18,IBM
IBM260618P00300000,300.0,19.35,19.4,21.2,22.0,810.0,0.31192704681396477,False,PUT,2026-06-18,IBM
IBM260618P00310000,310.0,24.77,24.7,26.15,22.0,224.0,0.3056404885864258,True,PUT,2026-06-18,IBM
IBM260618P00320000,320.0,28.1,29.5,32.25,3.0,74.0,0.3058846267700196,True,PUT,2026-06-18,IBM
IBM260618P00330000,330.0,34.46,36.5,38.9,2.0,37.0,0.30524376403808595,True,PUT,2026-06-18,IBM
IBM260618P00340000,340.0,53.1,42.5,45.4,10.0,18.0,0.2939218557739257,True,PUT,2026-06-18,IBM
IBM260618P00350000,350.0,60.35,50.15,53.25,2.0,16.0,0.2945932357788086,True,PUT,2026-06-18,IBM
IBM260618P00370000,370.0,78.35,66.85,69.5,2.0,306.0,0.28162339477539056,True,PUT,2026-06-18,IBM
IBM260618P00380000,380.0,76.36,82.55,85.9,1.0,1.0,0.4299983758544922,True,PUT,2026-06-18,IBM
IBM260717C00220000,220.0,80.35,87.85,90.5,11.0,86.0,0.45538874694824216,True,CALL,2026-07-17,IBM
IBM260717C00230000,230.0,82.82,79.0,81.65,2.0,3.0,0.4356135540771484,True,CALL,2026-07-17,IBM
IBM260717C00235000,235.0,84.55,74.7,77.2,1.0,1.0,0.42389492126464845,True,CALL,2026-07-17,IBM
IBM260717C00240000,240.0,69.77,70.65,72.95,1.0,14.0,0.4153806021118164,True,CALL,2026-07-17,IBM
IBM260717C00250000,250.0,62.6,62.5,64.65,2.0,19.0,0.39871817108154295,True,CALL,2026-07-17,IBM
IBM260717C00255000,255.0,62.25,57.7,60.6,3.0,4.0,0.39038695556640624,True,CALL,2026-07-17,IBM
IBM260717C00260000,260.0,45.72,53.85,56.8,1.0,14.0,0.38483281188964835,True,CALL,2026-07-17,IBM
IBM260717C00265000,265.0,57.5,50.85,53.05,1.0,3.0,0.37863780548095705,True,CALL,2026-07-17,IBM
IBM260717C00270000,270.0,42.25,47.5,49.5,1.0,4.0,0.37392288681030267,True,CALL,2026-07-17,IBM
IBM260717C00275000,275.0,38.41,43.85,46.1,1.0,6.0,0.3697877963256836,True,CALL,2026-07-17,IBM
IBM260717C00280000,280.0,47.93,40.75,42.95,2.0,23.0,0.36743796630859377,True,CALL,2026-07-17,IBM
IBM260717C00285000,285.0,30.51,37.55,39.65,6.0,27.0,0.3614870980834961,True,CALL,2026-07-17,IBM
IBM260717C00290000,290.0,44.8,34.55,36.75,1.0,25.0,0.3591372680664062,True,CALL,2026-07-17,IBM
IBM260717C00295000,295.0,38.65,31.7,33.95,1.0,45.0,0.3563907135009765,True,CALL,2026-07-17,IBM
IBM260717C00300000,300.0,34.0,28.9,31.1,5.0,93.0,0.35144691528320304,True,CALL,2026-07-17,IBM
IBM260717C00305000,305.0,28.85,26.35,28.6,2.0,24.0,0.3491581198120117,False,CALL,2026-07-17,IBM
IBM260717C00310000,310.0,27.0,23.85,26.45,19.0,91.0,0.34952432708740233,False,CALL,2026-07-17,IBM
IBM260717C00315000,315.0,26.25,21.75,24.3,35.0,32.0,0.3482731188964844,False,CALL,2026-07-17,IBM
IBM260717C00320000,320.0,22.67,19.7,21.5,11.0,52.0,0.3375920733642578,False,CALL,2026-07-17,IBM
IBM260717C00325000,325.0,15.75,18.2,20.25,2.0,215.0,0.3441532870483398,False,CALL,2026-07-17,IBM
IBM260717C00330000,330.0,14.05,15.75,18.35,4.0,41.0,0.3412846633911133,False,CALL,2026-07-17,IBM
IBM260717C00335000,335.0,15.48,14.05,15.9,8.0,21.0,0.32993223785400383,False,CALL,2026-07-17,IBM
IBM260717C00340000,340.0,14.45,12.75,13.95,16.0,92.0,0.32305059280395493,False,CALL,2026-07-17,IBM
IBM260717C00345000,345.0,9.25,11.3,12.35,9.0,32.0,0.3189765368652343,False,CALL,2026-07-17,IBM
IBM260717C00350000,350.0,12.05,10.1,10.95,6.0,110.0,0.3159858441162109,False,CALL,2026-07-17,IBM
IBM260717C00355000,355.0,7.8,8.75,9.9,30.0,22.0,0.3163520513916015,False,CALL,2026-07-17,IBM
IBM260717C00360000,360.0,8.45,7.85,8.8,1.0,54.0,0.31461256683349603,False,CALL,2026-07-17,IBM
IBM260717C00365000,365.0,5.75,6.9,7.75,8.0,11.0,0.31214066772460936,False,CALL,2026-07-17,IBM
IBM260717C00370000,370.0,4.9,6.05,6.9,2.0,17.0,0.3113777359008788,False,CALL,2026-07-17,IBM
IBM260717C00375000,375.0,6.75,5.45,6.05,25.0,4.0,0.30918049224853517,False,CALL,2026-07-17,IBM
IBM260717C00380000,380.0,6.4,4.4,5.4,6.0,12.0,0.3092110095214844,False,CALL,2026-07-17,IBM
IBM260717C00385000,385.0,6.0,4.25,4.8,1.0,1.0,0.3089668713378906,False,CALL,2026-07-17,IBM
IBM260717C00390000,390.0,5.0,3.8,4.25,1.0,46.0,0.30847859497070307,False,CALL,2026-07-17,IBM
IBM260717P00215000,215.0,2.9,0.55,3.65,,20.0,0.40991801025390623,False,PUT,2026-07-17,IBM
IBM260717P00220000,220.0,2.24,2.11,3.75,1.0,44.0,0.3919128192138671,False,PUT,2026-07-17,IBM
IBM260717P00225000,225.0,1.45,1.46,3.85,20.0,17.0,0.37402969726562496,False,PUT,2026-07-17,IBM
IBM260717P00230000,230.0,2.89,2.0,4.05,1.0,19.0,0.3588931298828125,False,PUT,2026-07-17,IBM
IBM260717P00235000,235.0,3.53,3.45,4.95,1.0,2.0,0.360785200805664,False,PUT,2026-07-17,IBM
IBM260717P00240000,240.0,6.8,3.65,5.3,26.0,20.0,0.34766277343749996,False,PUT,2026-07-17,IBM
IBM260717P00245000,245.0,8.05,4.1,5.4,3.0,34.0,0.3286199951171874,False,PUT,2026-07-17,IBM
IBM260717P00250000,250.0,5.45,5.35,6.25,2.0,190.0,0.3247748187255859,False,PUT,2026-07-17,IBM
IBM260717P00255000,255.0,10.25,6.05,7.25,65.0,209.0,0.3218451605224609,False,PUT,2026-07-17,IBM
IBM260717P00260000,260.0,7.15,7.75,8.3,13.0,222.0,0.31784739776611326,False,PUT,2026-07-17,IBM
IBM260717P00265000,265.0,13.3,8.4,9.55,1.0,31.0,0.31519239501953117,False,PUT,2026-07-17,IBM
IBM260717P00270000,270.0,9.55,9.85,10.95,11.0,106.0,0.31287308227539057,False,PUT,2026-07-17,IBM
IBM260717P00275000,275.0,17.05,11.3,12.45,9.0,187.0,0.31000445861816406,False,PUT,2026-07-17,IBM
IBM260717P00280000,280.0,12.35,13.0,14.05,1.0,50.0,0.30655600677490236,False,PUT,2026-07-17,IBM
IBM260717P00285000,285.0,13.65,14.85,15.9,4.0,35.0,0.3045723840332031,False,PUT,2026-07-17,IBM
IBM260717P00290000,290.0,23.45,16.75,17.9,1.0,58.0,0.30251246810913085,False,PUT,2026-07-17,IBM
IBM260717P00295000,295.0,16.25,18.85,20.75,4.0,49.0,0.3091194577026367,False,PUT,2026-07-17,IBM
IBM260717P00300000,300.0,28.35,21.1,23.25,10.0,101.0,0.3091957508850098,False,PUT,2026-07-17,IBM
IBM260717P00305000,305.0,23.3,24.25,25.6,1.0,36.0,0.3055489367675781,True,PUT,2026-07-17,IBM
IBM260717P00310000,310.0,22.61,26.4,28.05,2.0,51.0,0.3012765185546875,True,PUT,2026-07-17,IBM
IBM260717P00315000,315.0,26.25,29.0,31.15,16.0,2.0,0.3030465203857422,True,PUT,2026-07-17,IBM
IBM260717P00320000,320.0,41.0,31.75,34.1,3.0,7.0,0.30118496673583983,True,PUT,2026-07-17,IBM
IBM260717P00340000,340.0,47.6,44.35,46.8,,0.0,0.2867502966308593,True,PUT,2026-07-17,IBM
IBM260717P00355000,355.0,61.05,55.2,58.1,2.0,2.0,0.2805858074951171,True,PUT,2026-07-17,IBM
IBM260821C00230000,230.0,75.79,80.65,83.35,,4.0,0.4294490649414063,True,CALL,2026-08-21,IBM
IBM260821C00250000,250.0,62.1,64.9,67.95,,1.0,0.41394629028320307,True,CALL,2026-08-21,IBM
IBM260821C00260000,260.0,50.29,56.9,59.7,1.0,2.0,0.39133299102783203,True,CALL,2026-08-21,IBM
IBM260821C00270000,270.0,54.81,49.9,53.0,10.0,11.0,0.3859314337158203,True,CALL,2026-08-21,IBM
IBM260821C00280000,280.0,38.28,43.55,46.6,5.0,1.0,0.37889720230102536,True,CALL,2026-08-21,IBM
IBM260821C00290000,290.0,32.75,37.8,40.5,2.0,7.0,0.37033710723876956,True,CALL,2026-08-21,IBM
IBM260821C00300000,300.0,38.09,32.4,35.3,2.0,42.0,0.36696494857788087,True,CALL,2026-08-21,IBM
IBM260821C00310000,310.0,35.4,28.3,30.5,2.0,8.0,0.36284511672973635,False,CALL,2026-08-21,IBM
IBM260821C00320000,320.0,24.0,22.75,26.15,17.0,74.0,0.35864899169921877,False,CALL,2026-08-21,IBM
IBM260821C00330000,330.0,23.75,19.95,22.3,8.0,8.0,0.3550632121276855,False,CALL,2026-08-21,IBM
IBM260821C00340000,340.0,20.0,16.35,19.0,10.0,10.0,0.3529117443847656,False,CALL,2026-08-21,IBM
IBM260821C00350000,350.0,16.65,13.15,16.05,4.0,40.0,0.35024148300170893,False,CALL,2026-08-21,IBM
IBM260821C00360000,360.0,9.8,11.05,13.7,10.0,15.0,0.350470362548828,False,CALL,2026-08-21,IBM
IBM260821C00370000,370.0,12.0,9.05,11.8,1.0,10.0,0.35251501983642575,False,CALL,2026-08-21,IBM
IBM260821C00380000,380.0,10.7,7.3,8.95,1.0,1.0,0.3372563833618164,False,CALL,2026-08-21,IBM
IBM260821P00220000,220.0,3.0,3.45,4.45,5.0,49.0,0.37531142272949214,False,PUT,2026-08-21,IBM
IBM260821P00230000,230.0,6.85,4.15,6.35,1.0,3.0,0.37839366729736323,False,PUT,2026-08-21,IBM
IBM260821P00240000,240.0,8.8,5.8,7.7,1.0,21.0,0.36298244445800787,False,PUT,2026-08-21,IBM
IBM260821P00250000,250.0,7.53,7.0,9.6,1.0,27.0,0.3526981234741211,False,PUT,2026-08-21,IBM
IBM260821P00260000,260.0,9.63,10.15,11.7,2.0,65.0,0.34039966247558595,False,PUT,2026-08-21,IBM
IBM260821P00270000,270.0,17.82,12.05,14.7,1.0,35.0,0.33530327789306635,False,PUT,2026-08-21,IBM
IBM260821P00290000,290.0,18.25,19.3,22.0,1.0,33.0,0.32305059280395493,False,PUT,2026-08-21,IBM
IBM260821P00390000,390.0,90.47,87.0,89.9,,1.0,0.28211167114257807,True,PUT,2026-08-21,IBM
IBM260918C00220000,220.0,81.2,89.9,93.3,1.0,71.0,0.4444025286865234,True,CALL,2026-09-18,IBM
IBM260918C00230000,230.0,73.7,82.1,84.15,1.0,80.0,0.41666232757568356,True,CALL,2026-09-18,IBM
IBM260918C00240000,240.0,84.0,73.15,75.95,7.0,162.0,0.40274645111083984,True,CALL,2026-09-18,IBM
IBM260918C00250000,250.0,72.9,65.4,68.15,1.0,129.0,0.391058335571289,True,CALL,2026-09-18,IBM
IBM260918C00260000,260.0,61.82,57.9,60.8,1.0,379.0,0.3813233255004882,True,CALL,2026-09-18,IBM
IBM260918C00270000,270.0,57.55,51.1,54.0,2.0,1025.0,0.37399917999267573,True,CALL,2026-09-18,IBM
IBM260918C00280000,280.0,52.08,44.9,47.45,2.0,1139.0,0.3650271017456055,True,CALL,2026-09-18,IBM
IBM260918C00290000,290.0,43.1,39.15,41.65,2.0,551.0,0.359808648071289,True,CALL,2026-09-18,IBM
IBM260918C00300000,300.0,36.23,33.55,36.45,31.0,1479.0,0.3562686444091796,True,CALL,2026-09-18,IBM
IBM260918C00310000,310.0,31.54,28.8,32.0,9.0,532.0,0.35584140258789054,False,CALL,2026-09-18,IBM
IBM260918C00320000,320.0,27.65,24.75,27.55,19.0,1018.0,0.3508365698242187,False,CALL,2026-09-18,IBM
IBM260918C00330000,330.0,23.8,21.1,23.9,6.0,258.0,0.3497379479980468,False,CALL,2026-09-18,IBM
IBM260918C00340000,340.0,20.25,17.95,20.5,4.0,102.0,0.34706768661499016,False,CALL,2026-09-18,IBM
IBM260918C00350000,350.0,16.3,15.2,17.6,97.0,547.0,0.34570966796874997,False,CALL,2026-09-18,IBM
IBM260918C00360000,360.0,17.2,12.5,15.15,2.0,230.0,0.3455570816040039,False,CALL,2026-09-18,IBM
IBM260918C00370000,370.0,14.5,10.6,12.2,4.0,115.0,0.335593191986084,False,CALL,2026-09-18,IBM
IBM260918C00380000,380.0,10.4,8.75,10.3,10.0,143.0,0.334418276977539,False,CALL,2026-09-18,IBM
IBM260918C00390000,390.0,9.98,7.2,9.65,4.0,264.0,0.3470219107055663,False,CALL,2026-09-18,IBM
IBM260918P00220000,220.0,4.45,4.0,4.7,1.0,226.0,0.3579470944213867,False,PUT,2026-09-18,IBM
IBM260918P00230000,230.0,5.55,4.7,6.35,2.0,220.0,0.35492588439941397,False,PUT,2026-09-18,IBM
IBM260918P00240000,240.0,7.05,6.8,8.0,17.0,282.0,0.3455875988769531,False,PUT,2026-09-18,IBM
IBM260918P00250000,250.0,8.67,7.6,9.8,5.0,410.0,0.33386896606445315,False,PUT,2026-09-18,IBM
IBM260918P00260000,260.0,10.7,9.8,12.25,11.0,310.0,0.32675844146728517,False,PUT,2026-09-18,IBM
IBM260918P00270000,270.0,18.65,12.75,15.65,18.0,192.0,0.3262091305541992,False,PUT,2026-09-18,IBM
IBM260918P00280000,280.0,15.68,17.3,18.8,1.0,4423.0,0.31677929321289056,False,PUT,2026-09-18,IBM
IBM260918P00290000,290.0,27.3,20.15,22.9,9.0,1423.0,0.3127967890930175,False,PUT,2026-09-18,IBM
IBM260918P00300000,300.0,24.3,25.4,27.5,2.0,1284.0,0.3086311813354492,False,PUT,2026-09-18,IBM
IBM260918P00310000,310.0,29.8,30.35,32.9,1.0,395.0,0.3073952317810058,True,PUT,2026-09-18,IBM
IBM260918P00320000,320.0,35.4,35.9,38.45,1.0,49.0,0.30240565765380856,True,PUT,2026-09-18,IBM
IBM260918P00330000,330.0,41.25,42.0,44.8,1.0,50.0,0.30060513854980464,True,PUT,2026-09-18,IBM
IBM260918P00340000,340.0,47.55,48.5,51.15,1.0,14.0,0.2937234934997558,True,PUT,2026-09-18,IBM
IBM260918P00350000,350.0,52.0,55.5,58.45,3.0,13.0,0.29231969894409165,True,PUT,2026-09-18,IBM
IBM260918P00360000,360.0,63.66,63.0,65.9,1.0,98.0,0.28790995300292954,True,PUT,2026-09-18,IBM
IBM260918P00390000,390.0,88.8,94.05,97.55,,4.0,0.3777680632019042,True,PUT,2026-09-18,IBM
IBM261016C00225000,225.0,89.66,86.7,89.2,,2.0,0.41486180847167964,True,CALL,2026-10-16,IBM
IBM261016C00230000,230.0,84.46,82.6,85.0,,10.0,0.40726300750732425,True,CALL,2026-10-16,IBM
IBM261016C00240000,240.0,73.95,74.95,76.9,,1.0,0.3942626492309571,True,CALL,2026-10-16,IBM
IBM261016C00250000,250.0,64.7,66.95,69.6,,1.0,0.38852540191650387,True,CALL,2026-10-16,IBM
IBM261016C00260000,260.0,55.04,59.95,62.15,,1.0,0.37663892410278316,True,CALL,2026-10-16,IBM
IBM261016C00270000,270.0,55.11,53.2,55.6,,10.0,0.3714357290649414,True,CALL,2026-10-16,IBM
IBM261016C00275000,275.0,52.28,49.85,52.5,,2.0,0.36911641632080083,True,CALL,2026-10-16,IBM
IBM261016C00280000,280.0,55.35,46.95,49.45,1.0,20.0,0.366217275390625,True,CALL,2026-10-16,IBM
IBM261016C00285000,285.0,46.45,43.8,46.35,,1.0,0.36176175354003903,True,CALL,2026-10-16,IBM
IBM261016C00290000,290.0,43.0,41.1,43.8,,5.0,0.3619448571777344,True,CALL,2026-10-16,IBM
IBM261016C00295000,295.0,47.76,38.35,40.95,1.0,1.0,0.35796235305786134,True,CALL,2026-10-16,IBM
IBM261016C00300000,300.0,41.88,35.7,38.55,3.0,34.0,0.3574588180541992,True,CALL,2026-10-16,IBM
IBM261016C00305000,305.0,37.08,33.4,36.05,2.0,2.0,0.35491062576293936,False,CALL,2026-10-16,IBM
IBM261016C00310000,310.0,28.2,30.8,34.15,,0.0,0.3572146798706054,False,CALL,2026-10-16,IBM
IBM261016C00325000,325.0,27.3,25.0,27.7,,3.0,0.3507755352783203,False,CALL,2026-10-16,IBM
IBM261016C00350000,350.0,20.79,16.65,19.35,3.0,1.0,0.3447483738708496,False,CALL,2026-10-16,IBM
IBM261016C00360000,360.0,16.0,14.05,16.8,,2.0,0.3442753561401367,False,CALL,2026-10-16,IBM
IBM261016C00370000,370.0,12.4,11.15,14.8,,1.0,0.3466251861572265,False,CALL,2026-10-16,IBM
IBM261016C00380000,380.0,9.25,9.25,12.6,10.0,12.0,0.34374130386352536,False,CALL,2026-10-16,IBM
IBM261016P00220000,220.0,4.6,3.4,5.15,1.0,4.0,0.3479679461669921,False,PUT,2026-10-16,IBM
IBM261016P00235000,235.0,9.25,5.75,7.35,,10.0,0.33457086334228514,False,PUT,2026-10-16,IBM
IBM261016P00240000,240.0,7.16,6.7,8.35,5.0,15.0,0.3321294815063477,False,PUT,2026-10-16,IBM
IBM261016P00245000,245.0,11.2,7.8,9.25,2.0,131.0,0.3267889587402344,False,PUT,2026-10-16,IBM
IBM261016P00250000,250.0,10.7,8.95,11.5,,1.0,0.33920948883056634,False,PUT,2026-10-16,IBM
IBM261016P00255000,255.0,12.36,10.2,11.8,,2.0,0.32309636871337877,False,PUT,2026-10-16,IBM
IBM261016P00260000,260.0,10.85,12.05,13.2,1.0,2.0,0.3207770559692382,False,PUT,2026-10-16,IBM
IBM261016P00265000,265.0,17.65,13.1,14.55,1.0,6.0,0.31651989639282224,False,PUT,2026-10-16,IBM
IBM261016P00280000,280.0,23.0,18.25,19.65,,2.0,0.30847859497070307,False,PUT,2026-10-16,IBM
IBM261016P00300000,300.0,33.78,26.85,29.5,63.0,26.0,0.31143877044677726,False,PUT,2026-10-16,IBM
IBM261120C00250000,250.0,70.41,68.75,72.7,,6.0,0.4021971401977539,True,CALL,2026-11-20,IBM
IBM261120C00265000,265.0,52.77,58.4,61.6,1.0,2.0,0.3813233255004882,True,CALL,2026-11-20,IBM
IBM261120C00270000,270.0,49.55,55.0,59.15,17.0,19.0,0.3860840200805663,True,CALL,2026-11-20,IBM
IBM261120C00280000,280.0,44.36,48.6,53.0,1.0,3.0,0.3793244441223144,True,CALL,2026-11-20,IBM
IBM261120C00285000,285.0,48.63,46.0,49.5,,26.0,0.3704896936035156,True,CALL,2026-11-20,IBM
IBM261120C00290000,290.0,45.05,43.4,47.0,1.0,5.0,0.37058124542236326,True,CALL,2026-11-20,IBM
IBM261120C00295000,295.0,37.0,40.5,44.35,2.0,4.0,0.3682619326782227,True,CALL,2026-11-20,IBM
IBM261120C00300000,300.0,44.98,38.55,42.0,2.0,6.0,0.3678652081298829,True,CALL,2026-11-20,IBM
IBM261120C00305000,305.0,33.95,35.95,39.35,,1.0,0.36377589355468753,False,CALL,2026-11-20,IBM
IBM261120C00310000,310.0,39.39,33.5,37.0,2.0,9.0,0.3616091671752929,False,CALL,2026-11-20,IBM
IBM261120C00320000,320.0,31.23,29.0,32.8,2.0,5.0,0.35927459579467774,False,CALL,2026-11-20,IBM
IBM261120C00325000,325.0,29.6,26.95,30.8,,4.0,0.35776399078369137,False,CALL,2026-11-20,IBM
IBM261120C00330000,330.0,27.7,25.0,28.9,,1.0,0.35632967895507806,False,CALL,2026-11-20,IBM
IBM261120C00340000,340.0,18.65,21.7,25.5,,10.0,0.35477329803466784,False,CALL,2026-11-20,IBM
IBM261120C00360000,360.0,14.75,16.0,19.6,2.0,1.0,0.351019673461914,False,CALL,2026-11-20,IBM
IBM261120C00370000,370.0,15.71,13.1,17.05,,1.0,0.34870036071777344,False,CALL,2026-11-20,IBM
IBM261120C00380000,380.0,14.26,11.4,14.95,6.0,3.0,0.34824260162353515,False,CALL,2026-11-20,IBM
IBM261120C00385000,385.0,13.09,10.6,14.0,,2.0,0.3481510498046875,False,CALL,2026-11-20,IBM
IBM261120C00390000,390.0,12.4,10.55,11.85,1.0,3.0,0.33383844879150393,False,CALL,2026-11-20,IBM
IBM261120C00395000,395.0,7.9,9.35,11.0,2.0,3.0,0.3332281033325196,False,CALL,2026-11-20,IBM
IBM261120P00220000,220.0,7.73,4.25,7.75,,1.0,0.37485366363525385,False,PUT,2026-11-20,IBM
IBM261120P00230000,230.0,10.7,5.95,9.25,,5.0,0.3620974435424804,False,PUT,2026-11-20,IBM
IBM261120P00240000,240.0,10.65,7.95,10.1,,10.0,0.3372563833618164,False,PUT,2026-11-20,IBM
IBM261120P00250000,250.0,15.55,10.15,12.9,2.0,15.0,0.3364018997192383,False,PUT,2026-11-20,IBM
IBM261120P00255000,255.0,16.3,11.5,14.6,2.0,4.0,0.33756155609130856,False,PUT,2026-11-20,IBM
IBM261120P00260000,260.0,15.75,13.0,16.05,2.0,1.0,0.3343877597045898,False,PUT,2026-11-20,IBM
IBM261120P00270000,270.0,20.0,16.0,20.15,,2.0,0.33777517700195314,False,PUT,2026-11-20,IBM
IBM261120P00280000,280.0,25.5,20.0,23.85,4.0,11.0,0.33197689514160156,False,PUT,2026-11-20,IBM
IBM261120P00295000,295.0,32.52,26.5,29.15,,1.0,0.3135902381896973,False,PUT,2026-11-20,IBM
IBM261120P00305000,305.0,35.6,31.5,34.6,,1.0,0.31445998046874996,True,PUT,2026-11-20,IBM
IBM261120P00310000,310.0,37.58,34.0,37.15,,5.0,0.3116981672668457,True,PUT,2026-11-20,IBM
IBM261218C00220000,220.0,93.65,92.65,95.55,30.0,26.0,0.41132180480957037,True,CALL,2026-12-18,IBM
IBM261218C00230000,230.0,77.34,84.65,87.5,15.0,23.0,0.4000609310913086,True,CALL,2026-12-18,IBM
IBM261218C00240000,240.0,79.82,76.7,79.95,5.0,10.0,0.39218747467041015,True,CALL,2026-12-18,IBM
IBM261218C00250000,250.0,78.0,69.4,72.9,1.0,42.0,0.3866791069030761,True,CALL,2026-12-18,IBM
IBM261218C00260000,260.0,69.65,62.55,66.0,4.0,22.0,0.3792176336669921,True,CALL,2026-12-18,IBM
IBM261218C00270000,270.0,56.3,56.0,59.6,2.0,12.0,0.3735109036254882,True,CALL,2026-12-18,IBM
IBM261218C00280000,280.0,53.4,50.1,53.5,10.0,52.0,0.3673158972167969,True,CALL,2026-12-18,IBM
IBM261218C00290000,290.0,51.5,45.15,47.9,3.0,79.0,0.3624483921813965,True,CALL,2026-12-18,IBM
IBM261218C00300000,300.0,45.88,39.45,42.95,22.0,541.0,0.3600985621643066,True,CALL,2026-12-18,IBM
IBM261218C00310000,310.0,35.5,35.0,38.4,1.0,137.0,0.3579318357849121,False,CALL,2026-12-18,IBM
IBM261218C00320000,320.0,35.52,30.9,34.0,6.0,141.0,0.35388829711914055,False,CALL,2026-12-18,IBM
IBM261218C00330000,330.0,31.75,27.2,30.5,36.0,147.0,0.3546207116699218,False,CALL,2026-12-18,IBM
IBM261218C00340000,340.0,28.0,23.75,25.75,9.0,19.0,0.3413151806640625,False,CALL,2026-12-18,IBM
IBM261218C00350000,350.0,24.88,20.75,23.65,9.0,43.0,0.3486698434448242,False,CALL,2026-12-18,IBM
IBM261218C00360000,360.0,21.08,17.2,21.0,5.0,49.0,0.3485630329895019,False,CALL,2026-12-18,IBM
IBM261218C00370000,370.0,18.97,15.15,18.5,6.0,44.0,0.34729656616210935,False,CALL,2026-12-18,IBM
IBM261218C00380000,380.0,14.82,13.5,16.0,3.0,631.0,0.3434513897705078,False,CALL,2026-12-18,IBM
IBM261218C00390000,390.0,13.56,10.95,13.75,2.0,15.0,0.3395146615600586,False,CALL,2026-12-18,IBM
IBM261218P00220000,220.0,6.12,6.05,6.95,7.0,106.0,0.3448246670532227,False,PUT,2026-12-18,IBM
IBM261218P00230000,230.0,7.4,7.2,8.7,6.0,73.0,0.33792776336669916,False,PUT,2026-12-18,IBM
IBM261218P00240000,240.0,9.95,9.9,11.15,2.0,134.0,0.33637138244628906,False,PUT,2026-12-18,IBM
IBM261218P00250000,250.0,12.3,11.15,13.6,3.0,158.0,0.32993223785400383,False,PUT,2026-12-18,IBM
IBM261218P00260000,260.0,19.34,14.0,16.25,3.0,93.0,0.3218146432495117,False,PUT,2026-12-18,IBM
IBM261218P00270000,270.0,18.52,17.0,19.95,1.0,39.0,0.32082283187866206,False,PUT,2026-12-18,IBM
IBM261218P00280000,280.0,21.0,21.0,23.35,41.0,74.0,0.3125221336364746,False,PUT,2026-12-18,IBM
IBM261218P00290000,290.0,31.3,26.85,28.55,1.0,62.0,0.3171760177612304,False,PUT,2026-12-18,IBM
IBM261218P00300000,300.0,36.55,30.0,33.4,1.0,149.0,0.31427687683105465,False,PUT,2026-12-18,IBM
IBM261218P00310000,310.0,42.6,35.0,38.2,14.0,121.0,0.30715109359741205,True,PUT,2026-12-18,IBM
IBM261218P00320000,320.0,44.2,40.5,44.2,1.0,72.0,0.3068459208679199,True,PUT,2026-12-18,IBM
IBM261218P00330000,330.0,48.66,47.35,49.8,4.0,40.0,0.2993844476318359,True,PUT,2026-12-18,IBM
IBM261218P00340000,340.0,49.0,53.0,56.2,2.0,1.0,0.29538668487548825,True,PUT,2026-12-18,IBM
IBM261218P00350000,350.0,70.85,60.0,63.4,1.0,2.0,0.2952035812377929,True,PUT,2026-12-18,IBM
IBM261218P00360000,360.0,75.45,67.0,70.4,2.0,2.0,0.2898172825622558,True,PUT,2026-12-18,IBM
IBM261218P00370000,370.0,76.18,74.45,77.4,1.0,0.0,0.2806163247680663,True,PUT,2026-12-18,IBM
IBM270115C00220000,220.0,98.9,93.35,96.3,3.0,415.0,0.4052183502197265,True,CALL,2027-01-15,IBM
IBM270115C00230000,230.0,96.5,85.5,88.45,10.0,255.0,0.39600213378906257,True,CALL,2027-01-15,IBM
IBM270115C00240000,240.0,89.5,77.95,81.0,10.0,391.0,0.3885864364624023,True,CALL,2027-01-15,IBM
IBM270115C00250000,250.0,78.05,70.5,73.8,9.0,551.0,0.3807434973144531,True,CALL,2027-01-15,IBM
IBM270115C00260000,260.0,71.95,64.3,66.9,27.0,1640.0,0.37293107543945314,True,CALL,2027-01-15,IBM
IBM270115C00270000,270.0,61.35,57.7,60.65,8.0,1298.0,0.3683840017700196,True,CALL,2027-01-15,IBM
IBM270115C00280000,280.0,54.88,51.7,54.65,39.0,1086.0,0.3629061512756348,True,CALL,2027-01-15,IBM
IBM270115C00290000,290.0,50.55,45.75,49.3,18.0,907.0,0.3600527862548828,True,CALL,2027-01-15,IBM
IBM270115C00300000,300.0,44.55,41.1,44.35,77.0,2060.0,0.3574740766906738,True,CALL,2027-01-15,IBM
IBM270115C00310000,310.0,38.32,36.55,40.0,25.0,1707.0,0.35690950714111325,False,CALL,2027-01-15,IBM
IBM270115C00320000,320.0,35.7,32.75,35.4,86.0,1660.0,0.3512485530090332,False,CALL,2027-01-15,IBM
IBM270115C00330000,330.0,33.83,28.7,31.55,25.0,916.0,0.3490360507202148,False,CALL,2027-01-15,IBM
IBM270115C00340000,340.0,30.15,25.45,27.9,89.0,1168.0,0.34574018524169914,False,CALL,2027-01-15,IBM
IBM270115C00350000,350.0,22.6,22.55,24.55,177.0,1510.0,0.34230699203491205,False,CALL,2027-01-15,IBM
IBM270115C00360000,360.0,22.6,19.55,21.45,11.0,1160.0,0.33840078109741206,False,CALL,2027-01-15,IBM
IBM270115C00370000,370.0,18.0,16.65,19.65,14.0,464.0,0.34372604522705075,False,CALL,2027-01-15,IBM
IBM270115C00380000,380.0,17.5,14.95,16.95,17.0,462.0,0.33859914337158203,False,CALL,2027-01-15,IBM
IBM270115C00390000,390.0,12.25,12.25,15.65,7.0,1441.0,0.34467208068847655,False,CALL,2027-01-15,IBM
IBM270115P00220000,220.0,7.2,6.95,7.6,7.0,1516.0,0.341376215209961,False,PUT,2027-01-15,IBM
IBM270115P00230000,230.0,8.58,7.25,9.95,18.0,460.0,0.3418644915771484,False,PUT,2027-01-15,IBM
IBM270115P00240000,240.0,8.4,9.75,11.5,2.0,268.0,0.327155166015625,False,PUT,2027-01-15,IBM
IBM270115P00250000,250.0,12.9,11.95,14.5,8.0,1061.0,0.3267889587402344,False,PUT,2027-01-15,IBM
IBM270115P00260000,260.0,14.4,14.8,17.15,1.0,1609.0,0.31818308776855464,False,PUT,2027-01-15,IBM
IBM270115P00270000,270.0,18.2,18.8,20.55,29.0,540.0,0.3136360140991211,False,PUT,2027-01-15,IBM
IBM270115P00280000,280.0,22.22,22.65,24.7,2.0,822.0,0.3122627368164062,False,PUT,2027-01-15,IBM
IBM270115P00290000,290.0,25.43,26.15,29.0,5.0,573.0,0.3082649740600586,False,PUT,2027-01-15,IBM
IBM270115P00300000,300.0,31.5,31.0,34.15,32.0,2618.0,0.3079445426940917,False,PUT,2027-01-15,IBM
IBM270115P00310000,310.0,35.01,36.0,39.45,58.0,1050.0,0.3052132467651367,True,PUT,2027-01-15,IBM
IBM270115P00320000,320.0,41.1,41.75,45.15,16.0,115.0,0.3023598817443848,True,PUT,2027-01-15,IBM
IBM270115P00330000,330.0,57.19,47.5,51.35,4.0,49.0,0.30036100036621094,True,PUT,2027-01-15,IBM
IBM270115P00340000,340.0,63.44,54.0,57.5,3.0,20.0,0.29465427032470703,True,PUT,2027-01-15,IBM
IBM270115P00350000,350.0,59.32,60.6,63.75,1.0,5.0,0.2863840893554687,True,PUT,2027-01-15,IBM
IBM270115P00360000,360.0,77.0,68.0,71.05,2.0,7.0,0.2841563284301757,True,PUT,2027-01-15,IBM
IBM270115P00370000,370.0,78.45,75.1,78.0,20.0,11.0,0.2752605433654785,True,PUT,2027-01-15,IBM
IBM270115P00390000,390.0,115.45,109.6,114.0,1.0,1.0,0.46249927154541026,True,PUT,2027-01-15,IBM
IBM270617C00220000,220.0,101.1,97.3,100.95,3.0,1.0,0.39050902465820314,True,CALL,2027-06-17,IBM
IBM270617C00230000,230.0,97.67,90.0,93.55,1.0,17.0,0.3830933273315429,True,CALL,2027-06-17,IBM
IBM270617C00250000,250.0,69.43,76.9,80.0,2.0,4.0,0.3728547822570801,True,CALL,2027-06-17,IBM
IBM270617C00260000,260.0,81.69,70.55,74.0,1.0,1.0,0.3706270213317871,True,CALL,2027-06-17,IBM
IBM270617C00290000,290.0,60.61,54.05,57.5,2.0,9.0,0.360983563079834,True,CALL,2027-06-17,IBM
IBM270617C00300000,300.0,53.92,49.45,52.5,76.0,4.0,0.35701631759643554,True,CALL,2027-06-17,IBM
IBM270617C00310000,310.0,47.47,45.0,48.0,10.0,4.0,0.35454441848754875,False,CALL,2027-06-17,IBM
IBM270617C00340000,340.0,34.18,32.85,36.5,,0.0,0.34920389572143556,False,CALL,2027-06-17,IBM
IBM270617C00350000,350.0,33.0,29.8,33.5,2.0,4.0,0.34957010299682617,False,CALL,2027-06-17,IBM
IBM270617C00360000,360.0,29.2,26.4,30.5,,5.0,0.34822734298706054,False,CALL,2027-06-17,IBM
IBM270617C00370000,370.0,27.98,24.45,27.3,2.0,10.0,0.3437565625,False,CALL,2027-06-17,IBM
IBM270617P00220000,220.0,13.1,9.0,13.0,,10.0,0.35120277709960934,False,PUT,2027-06-17,IBM
IBM270617P00230000,230.0,16.94,11.0,15.0,,7.0,0.340826904296875,False,PUT,2027-06-17,IBM
IBM270617P00240000,240.0,15.25,15.4,17.0,2.0,64.0,0.3284674087524414,False,PUT,2027-06-17,IBM
IBM270617P00250000,250.0,17.66,18.15,19.6,2.0,1.0,0.3198310205078124,False,PUT,2027-06-17,IBM
IBM270617P00280000,280.0,30.4,28.2,30.4,1.0,35.0,0.30429772857666015,False,PUT,2027-06-17,IBM
IBM271217C00220000,220.0,106.3,101.5,105.5,2.0,6.0,0.3758302163696289,True,CALL,2027-12-17,IBM
IBM271217C00230000,230.0,99.25,95.35,98.5,1.0,39.0,0.36989460678100583,True,CALL,2027-12-17,IBM
IBM271217C00240000,240.0,86.5,88.85,92.05,9.0,24.0,0.36646141357421874,True,CALL,2027-12-17,IBM
IBM271217C00250000,250.0,82.11,82.25,86.0,5.0,29.0,0.3639895144653321,True,CALL,2027-12-17,IBM
IBM271217C00260000,260.0,87.25,76.5,80.0,3.0,24.0,0.35988494125366205,True,CALL,2027-12-17,IBM
IBM271217C00270000,270.0,65.16,71.1,74.5,5.0,17.0,0.35740541282653804,True,CALL,2027-12-17,IBM
IBM271217C00280000,280.0,76.25,65.5,69.5,3.0,316.0,0.3564059721374511,True,CALL,2027-12-17,IBM
IBM271217C00290000,290.0,67.53,60.55,64.5,4.0,45.0,0.3536289002990722,True,CALL,2027-12-17,IBM
IBM271217C00300000,300.0,50.2,56.15,60.0,1.0,207.0,0.352347174835205,True,CALL,2027-12-17,IBM
IBM271217C00310000,310.0,60.5,52.75,55.5,1.0,96.0,0.3494632925415039,False,CALL,2027-12-17,IBM
IBM271217C00320000,320.0,57.15,48.1,51.5,3.0,83.0,0.3481281618499755,False,CALL,2027-12-17,IBM
IBM271217C00330000,330.0,49.75,43.5,48.0,1.0,45.0,0.34834941207885745,False,CALL,2027-12-17,IBM
IBM271217C00340000,340.0,39.15,40.5,44.5,26.0,62.0,0.34715923843383784,False,CALL,2027-12-17,IBM
IBM271217C00350000,350.0,42.96,37.6,41.0,1.0,451.0,0.34465682205200193,False,CALL,2027-12-17,IBM
IBM271217C00360000,360.0,41.25,34.95,37.55,2.0,67.0,0.34117022361755367,False,CALL,2027-12-17,IBM
IBM271217C00370000,370.0,34.6,31.0,35.0,18.0,56.0,0.3419102674865722,False,CALL,2027-12-17,IBM
IBM271217C00380000,380.0,33.02,28.4,32.5,4.0,184.0,0.34183397430419915,False,CALL,2027-12-17,IBM
IBM271217C00390000,390.0,28.55,26.3,30.0,4.0,164.0,0.34065142997741693,False,CALL,2027-12-17,IBM
IBM271217P00220000,220.0,16.7,12.5,16.2,2.0,6.0,0.3315343946838379,False,PUT,2027-12-17,IBM
IBM271217P00230000,230.0,21.75,15.0,19.0,1.0,8.0,0.327155166015625,False,PUT,2027-12-17,IBM
IBM271217P00240000,240.0,18.62,18.15,22.0,5.0,11.0,0.3221655918884277,False,PUT,2027-12-17,IBM
IBM271217P00250000,250.0,26.0,21.5,24.55,1.0,37.0,0.3117744604492187,False,PUT,2027-12-17,IBM
IBM271217P00260000,260.0,32.4,25.0,28.5,15.0,160.0,0.3099434240722656,False,PUT,2027-12-17,IBM
IBM271217P00270000,270.0,34.0,29.0,32.75,1.0,344.0,0.3079292840576171,False,PUT,2027-12-17,IBM
IBM271217P00280000,280.0,33.13,33.5,37.3,3.0,30.0,0.3057625576782227,False,PUT,2027-12-17,IBM
IBM271217P00290000,290.0,44.25,38.0,41.3,1.0,98.0,0.2981256101226806,False,PUT,2027-12-17,IBM
IBM271217P00300000,300.0,47.3,43.0,46.25,2.0,30.0,0.29469241691589354,False,PUT,2027-12-17,IBM
IBM271217P00310000,310.0,53.35,48.0,51.1,1.0,12.0,0.28882547119140617,True,PUT,2027-12-17,IBM
IBM271217P00320000,320.0,58.45,53.5,56.45,1.0,6.0,0.28420973365783686,True,PUT,2027-12-17,IBM
IBM271217P00330000,330.0,69.95,64.0,69.0,2.0,4.0,0.32102119415283203,True,PUT,2027-12-17,IBM
IBM271217P00340000,340.0,73.7,65.5,69.05,10.0,6.0,0.28111985977172843,True,PUT,2027-12-17,IBM
IBM271217P00350000,350.0,70.0,72.0,75.05,1.0,1.0,0.27519950881958005,True,PUT,2027-12-17,IBM
IBM271217P00360000,360.0,87.05,78.5,82.5,2.0,2.0,0.2765041222381591,True,PUT,2027-12-17,IBM
IBM271217P00370000,370.0,82.1,90.5,0.0,18.0,39.0,1.0000000000000003e-05,True,PUT,2027-12-17,IBM
IBM271217P00380000,380.0,98.62,98.0,102.5,2.0,3.0,0.3073189385986328,True,PUT,2027-12-17,IBM
IBM271217P00390000,390.0,95.0,105.5,110.0,,10.0,0.30548790222167965,True,PUT,2027-12-17,IBM
IBM280121C00220000,220.0,108.35,102.5,106.05,3.0,116.0,0.37135943588256837,True,CALL,2028-01-21,IBM
IBM280121C00230000,230.0,99.5,95.5,99.55,2.0,33.0,0.3692995199584961,True,CALL,2028-01-21,IBM
IBM280121C00240000,240.0,93.0,89.65,93.0,5.0,30.0,0.3646914117431641,True,CALL,2028-01-21,IBM
IBM280121C00250000,250.0,77.87,83.5,87.0,2.0,72.0,0.36225002990722655,True,CALL,2028-01-21,IBM
IBM280121C00260000,260.0,72.0,77.0,81.0,1.0,209.0,0.3579165771484375,True,CALL,2028-01-21,IBM
IBM280121C00270000,270.0,78.65,72.7,76.0,13.0,115.0,0.35854218124389653,True,CALL,2028-01-21,IBM
IBM280121C00280000,280.0,73.5,67.15,70.55,1.0,201.0,0.3543689441680907,True,CALL,2028-01-21,IBM
IBM280121C00290000,290.0,68.24,62.55,65.9,5.0,322.0,0.3536441589355468,True,CALL,2028-01-21,IBM
IBM280121C00300000,300.0,63.92,57.95,61.0,8.0,488.0,0.34978372390747065,True,CALL,2028-01-21,IBM
IBM280121C00310000,310.0,58.78,53.55,57.0,11.0,762.0,0.3498600170898437,False,CALL,2028-01-21,IBM
IBM280121C00320000,320.0,54.5,49.95,52.75,7.0,71.0,0.3469761347961425,False,CALL,2028-01-21,IBM
IBM280121C00330000,330.0,50.5,46.2,48.95,2.0,115.0,0.34537397796630853,False,CALL,2028-01-21,IBM
IBM280121C00340000,340.0,47.0,42.15,45.5,1.0,83.0,0.34450423568725586,False,CALL,2028-01-21,IBM
IBM280121C00350000,350.0,43.53,39.25,42.5,10.0,287.0,0.34499251205444337,False,CALL,2028-01-21,IBM
IBM280121C00360000,360.0,37.8,36.2,38.9,8.0,152.0,0.3407582404327393,False,CALL,2028-01-21,IBM
IBM280121C00370000,370.0,37.16,32.05,36.5,2.0,83.0,0.3424366904449463,False,CALL,2028-01-21,IBM
IBM280121C00380000,380.0,34.26,29.75,34.0,19.0,425.0,0.3424595783996582,False,CALL,2028-01-21,IBM
IBM280121C00390000,390.0,29.35,28.35,31.1,49.0,162.0,0.3390111265563965,False,CALL,2028-01-21,IBM
IBM280121P00220000,220.0,17.7,13.0,17.0,4.0,84.0,0.33066465240478515,False,PUT,2028-01-21,IBM
IBM280121P00230000,230.0,19.74,15.5,19.15,2.0,124.0,0.320395590057373,False,PUT,2028-01-21,IBM
IBM280121P00240000,240.0,23.6,18.5,22.0,2.0,132.0,0.31427687683105465,False,PUT,2028-01-21,IBM
IBM280121P00250000,250.0,26.15,22.0,25.35,50.0,81.0,0.31000445861816406,False,PUT,2028-01-21,IBM
IBM280121P00260000,260.0,31.57,25.5,28.4,1.0,118.0,0.30167324310302734,False,PUT,2028-01-21,IBM
IBM280121P00270000,270.0,34.5,29.5,31.95,25.0,53.0,0.2950967707824707,False,PUT,2028-01-21,IBM
IBM280121P00280000,280.0,34.7,34.8,36.45,1.0,122.0,0.2928690098571776,False,PUT,2028-01-21,IBM
IBM280121P00290000,290.0,36.95,38.5,40.85,1.0,74.0,0.2880549100494384,False,PUT,2028-01-21,IBM
IBM280121P00300000,300.0,42.36,43.5,46.5,1.0,28.0,0.2889856868743895,False,PUT,2028-01-21,IBM
IBM280121P00310000,310.0,49.25,49.0,51.4,7.0,58.0,0.28353072433471677,True,PUT,2028-01-21,IBM
IBM280121P00320000,320.0,55.55,54.3,57.1,2.0,11.0,0.2810664545440673,True,PUT,2028-01-21,IBM
IBM280121P00330000,330.0,65.2,59.95,63.45,1.0,10.0,0.28069261795043937,True,PUT,2028-01-21,IBM
IBM280121P00340000,340.0,72.75,66.0,69.5,2.0,105.0,0.2768932174682617,True,PUT,2028-01-21,IBM
IBM280121P00350000,350.0,78.25,72.45,75.5,3.0,201.0,0.27114834083557127,True,PUT,2028-01-21,IBM
IBM280121P00360000,360.0,86.37,79.0,82.5,2.0,2.0,0.26973691696166996,True,PUT,2028-01-21,IBM
IBM280121P00370000,370.0,99.05,86.0,89.5,2.0,5.0,0.266807258758545,True,PUT,2028-01-21,IBM
IBM280121P00380000,380.0,105.64,98.5,103.0,2.0,2.0,0.30287867538452146,True,PUT,2028-01-21,IBM
IBM280121P00390000,390.0,107.0,100.5,103.55,2.0,7.0,0.25641612731933594,True,PUT,2028-01-21,IBM
IBRX260220C00004500,4.5,1.53,1.4,1.7,10.0,1460.0,1.1953165234375,True,CALL,2026-02-20,IBRX
IBRX260220C00005000,5.0,1.05,1.05,1.35,46.0,7838.0,1.2148476757812499,True,CALL,2026-02-20,IBRX
IBRX260220C00005500,5.5,0.9,0.8,0.95,130.0,11332.0,1.16016044921875,True,CALL,2026-02-20,IBRX
IBRX260220C00006000,6.0,0.65,0.65,0.7,1660.0,3419.0,1.22266013671875,False,CALL,2026-02-20,IBRX
IBRX260220C00007500,7.5,0.35,0.3,0.35,2062.0,41058.0,1.37109689453125,False,CALL,2026-02-20,IBRX
IBRX260220P00004500,4.5,0.15,0.15,0.2,37.0,8103.0,1.2578162109375,False,PUT,2026-02-20,IBRX
IBRX260220P00005000,5.0,0.3,0.3,0.35,121.0,11419.0,1.2578162109375,False,PUT,2026-02-20,IBRX
IBRX260220P00005500,5.5,0.53,0.5,0.55,324.0,13078.0,1.2421912890624998,False,PUT,2026-02-20,IBRX
IBRX260220P00006000,6.0,0.8,0.75,0.85,110.0,11724.0,1.2578162109375,True,PUT,2026-02-20,IBRX
IBRX260220P00007500,7.5,2.0,1.85,2.05,944.0,8887.0,1.41015919921875,True,PUT,2026-02-20,IBRX
IBRX260320C00004500,4.5,2.1,1.45,2.4,2.0,1436.0,1.4296903515625,True,CALL,2026-03-20,IBRX
IBRX260320C00005000,5.0,1.45,1.4,1.55,47.0,6026.0,1.197269638671875,True,CALL,2026-03-20,IBRX
IBRX260320C00005500,5.5,1.2,1.05,1.35,161.0,6492.0,1.1757853710937498,True,CALL,2026-03-20,IBRX
IBRX260320C00006000,6.0,1.03,0.9,1.1,264.0,1278.0,1.1953165234375,False,CALL,2026-03-20,IBRX
IBRX260320C00007500,7.5,0.65,0.55,0.7,247.0,4848.0,1.2890660546875,False,CALL,2026-03-20,IBRX
IBRX260320P00004500,4.5,0.4,0.3,0.45,14.0,142.0,1.1875040625,False,PUT,2026-03-20,IBRX
IBRX260320P00005000,5.0,0.63,0.55,0.7,42.0,3961.0,1.2578162109375,False,PUT,2026-03-20,IBRX
IBRX260320P00005500,5.5,0.85,0.75,0.95,11.0,1000.0,1.23047259765625,False,PUT,2026-03-20,IBRX
IBRX260320P00006000,6.0,1.14,1.1,1.25,71.0,635.0,1.2773473632812498,True,PUT,2026-03-20,IBRX
IBRX260320P00007500,7.5,2.2,2.05,2.4,8.0,2053.0,1.2832067089843748,True,PUT,2026-03-20,IBRX
IBRX260417C00004500,4.5,2.0,1.75,2.0,1.0,1670.0,1.0859420703125,True,CALL,2026-04-17,IBRX
IBRX260417C00005000,5.0,1.69,1.5,1.8,115.0,3613.0,1.150394873046875,True,CALL,2026-04-17,IBRX
IBRX260417C00005500,5.5,1.35,1.1,1.65,72.0,1768.0,1.1171919140625,True,CALL,2026-04-17,IBRX
IBRX260417C00006000,6.0,1.35,1.15,1.35,34.0,434.0,1.1953165234375,False,CALL,2026-04-17,IBRX
IBRX260417C00007500,7.5,0.83,0.8,1.05,88.0,6020.0,1.3144565527343748,False,CALL,2026-04-17,IBRX
IBRX260417P00004500,4.5,0.42,0.15,0.85,1.0,27.0,1.111332568359375,False,PUT,2026-04-17,IBRX
IBRX260417P00005000,5.0,0.75,0.35,1.0,3.0,1658.0,1.0644578027343752,False,PUT,2026-04-17,IBRX
IBRX260417P00005500,5.5,1.05,0.85,1.3,15.0,1258.0,1.2109414453124998,False,PUT,2026-04-17,IBRX
IBRX260417P00006000,6.0,1.3,1.2,1.5,1.0,5.0,1.189457177734375,True,PUT,2026-04-17,IBRX
IBRX260417P00007500,7.5,2.32,1.95,2.7,8.0,1138.0,1.125004375,True,PUT,2026-04-17,IBRX
IBRX260515C00004500,4.5,2.0,1.95,2.25,4.0,439.0,1.169926025390625,True,CALL,2026-05-15,IBRX
IBRX260515C00005000,5.0,1.85,1.6,2.05,7.0,866.0,1.150394873046875,True,CALL,2026-05-15,IBRX
IBRX260515C00005500,5.5,1.55,1.45,1.9,8.0,851.0,1.2158242333984375,True,CALL,2026-05-15,IBRX
IBRX260515C00006000,6.0,1.55,1.25,1.8,734.0,478.0,1.2509803076171875,False,CALL,2026-05-15,IBRX
IBRX260515C00007500,7.5,1.03,0.95,1.25,58.0,1593.0,1.2675817871093749,False,CALL,2026-05-15,IBRX
IBRX260515P00004500,4.5,0.61,0.25,1.0,700.0,740.0,1.0859420703125,False,PUT,2026-05-15,IBRX
IBRX260515P00005000,5.0,0.95,0.8,1.4,1.0,52.0,1.3085972070312497,False,PUT,2026-05-15,IBRX
IBRX260515P00005500,5.5,1.15,0.75,1.5,16.0,424.0,1.08203583984375,False,PUT,2026-05-15,IBRX
IBRX260515P00006000,6.0,1.55,1.4,1.6,21.0,318.0,1.1445355273437499,True,PUT,2026-05-15,IBRX
IBRX260515P00007500,7.5,2.5,2.0,3.2,6.0,47.0,1.1845743896484375,True,PUT,2026-05-15,IBRX
IBRX260717C00004500,4.5,2.06,2.05,3.1,1.0,68.0,1.3164096679687498,True,CALL,2026-07-17,IBRX
IBRX260717C00005000,5.0,2.0,2.0,2.25,62.0,298.0,1.1347699511718752,True,CALL,2026-07-17,IBRX
IBRX260717C00005500,5.5,1.8,1.65,1.9,51.0,358.0,1.0332079589843752,True,CALL,2026-07-17,IBRX
IBRX260717C00006000,6.0,1.77,1.5,2.05,3.0,218.0,1.158207333984375,False,CALL,2026-07-17,IBRX
IBRX260717C00007500,7.5,1.25,1.2,1.4,18.0,1239.0,1.1298871630859377,False,CALL,2026-07-17,IBRX
IBRX260717P00004500,4.5,0.88,0.45,1.2,12.0,61.0,1.0263720556640625,False,PUT,2026-07-17,IBRX
IBRX260717P00005000,5.0,1.16,0.8,1.45,10.0,663.0,1.056645341796875,False,PUT,2026-07-17,IBRX
IBRX260717P00005500,5.5,1.51,0.95,1.7,18.0,53.0,0.9960937890625,False,PUT,2026-07-17,IBRX
IBRX260717P00006000,6.0,1.7,1.6,1.9,407.0,372.0,1.0712937060546879,True,PUT,2026-07-17,IBRX
IBRX260717P00007500,7.5,2.84,2.3,3.2,9.0,401.0,1.0332079589843752,True,PUT,2026-07-17,IBRX
IBRX260821C00004500,4.5,3.13,2.0,3.0,7.0,18.0,1.142582412109375,True,CALL,2026-08-21,IBRX
IBRX260821C00005000,5.0,2.35,1.75,2.6,1.0,487.0,1.0673874755859378,True,CALL,2026-08-21,IBRX
IBRX260821C00005500,5.5,1.64,1.5,2.1,15.0,1060.0,0.9570316796874999,True,CALL,2026-08-21,IBRX
IBRX260821C00007500,7.5,1.5,1.3,1.55,6.0,813.0,1.1005904345703126,False,CALL,2026-08-21,IBRX
IBRX260821P00004500,4.5,2.03,0.55,1.25,3.0,13.0,0.99023447265625,False,PUT,2026-08-21,IBRX
IBRX260821P00005000,5.0,1.25,0.85,1.4,35.0,81.0,0.96289099609375,False,PUT,2026-08-21,IBRX
IBRX260821P00005500,5.5,1.6,1.4,1.7,1.0,894.0,1.0488328808593752,False,PUT,2026-08-21,IBRX
IBRX260821P00007500,7.5,3.1,2.3,3.5,1.0,1.0,1.0263720556640625,True,PUT,2026-08-21,IBRX
IBRX270115C00004500,4.5,1.4,1.5,3.2,1.0,361.0,0.78711150390625,True,CALL,2027-01-15,IBRX
IBRX270115C00005000,5.0,2.5,2.35,2.6,3.0,25729.0,0.9726565234375,True,CALL,2027-01-15,IBRX
IBRX270115C00005500,5.5,2.3,2.2,2.55,26.0,7313.0,1.013676806640625,True,CALL,2027-01-15,IBRX
IBRX270115C00007500,7.5,1.81,1.8,2.0,182.0,7834.0,1.0498094384765626,False,CALL,2027-01-15,IBRX
IBRX270115P00004500,4.5,2.25,0.0,5.0,2.0,93.0,1.748048134765625,False,PUT,2027-01-15,IBRX
IBRX270115P00005000,5.0,1.8,1.25,1.85,15.0,327.0,0.9570316796874999,False,PUT,2027-01-15,IBRX
IBRX270115P00005500,5.5,1.95,1.8,2.05,556.0,2315.0,0.9863282617187501,False,PUT,2027-01-15,IBRX
IBRX270115P00007500,7.5,3.6,1.0,6.0,10.0,251.0,1.0478563232421876,True,PUT,2027-01-15,IBRX
IBRX280121C00004500,4.5,3.2,2.4,5.1,14.0,314.0,1.1484417578125,True,CALL,2028-01-21,IBRX
IBRX280121C00005000,5.0,3.2,2.7,3.3,21.0,6121.0,0.8818371191406249,True,CALL,2028-01-21,IBRX
IBRX280121C00005500,5.5,3.09,2.95,3.1,115.0,787.0,0.9487309814453124,True,CALL,2028-01-21,IBRX
IBRX280121C00007500,7.5,2.6,2.55,2.9,312.0,1671.0,1.0043995092773437,False,CALL,2028-01-21,IBRX
IBRX280121P00004500,4.5,3.0,0.2,5.0,,16.0,1.2714880175781247,False,PUT,2028-01-21,IBRX
IBRX280121P00005000,5.0,2.54,1.45,2.95,10.0,30.0,0.91992267578125,False,PUT,2028-01-21,IBRX
IBRX280121P00005500,5.5,2.61,2.05,2.95,1.0,1172.0,0.8989267919921874,False,PUT,2028-01-21,IBRX
IBRX280121P00007500,7.5,4.1,3.7,4.4,2.0,136.0,0.9091805957031249,True,PUT,2028-01-21,IBRX
INFY260220C00015000,15.0,3.99,2.0,3.7,,0.0,0.53320779296875,True,CALL,2026-02-20,INFY
INFY260220C00016000,16.0,2.25,1.6,2.1,4.0,157.0,0.5918009570312501,True,CALL,2026-02-20,INFY
INFY260220C00017000,17.0,1.0,0.6,1.1,1.0,7.0,0.38281867187499996,True,CALL,2026-02-20,INFY
INFY260220C00018000,18.0,0.38,0.3,0.4,894.0,2146.0,0.29004616210937495,False,CALL,2026-02-20,INFY
INFY260220C00019000,19.0,0.2,0.15,0.25,32.0,3006.0,0.3857483300781249,False,CALL,2026-02-20,INFY
INFY260220C00020000,20.0,0.1,0.05,0.1,212.0,4469.0,0.39258419921875,False,CALL,2026-02-20,INFY
INFY260220C00021000,21.0,0.05,0.05,0.1,11.0,413.0,0.500005,False,CALL,2026-02-20,INFY
INFY260220C00022000,22.0,0.1,0.0,0.35,2.0,320.0,0.6894562304687502,False,CALL,2026-02-20,INFY
INFY260220C00023000,23.0,0.05,0.0,0.75,1.0,9.0,0.98437515625,False,CALL,2026-02-20,INFY
INFY260220P00014000,14.0,0.26,0.0,0.75,10.0,118.0,1.009770576171875,False,PUT,2026-02-20,INFY
INFY260220P00015000,15.0,0.07,0.0,0.15,8.0,390.0,0.5839885351562499,False,PUT,2026-02-20,INFY
INFY260220P00016000,16.0,0.09,0.05,0.15,1.0,1035.0,0.41602146484374997,False,PUT,2026-02-20,INFY
INFY260220P00017000,17.0,0.3,0.25,0.35,3.0,4270.0,0.37695935546875,False,PUT,2026-02-20,INFY
INFY260220P00018000,18.0,0.65,0.5,0.9,7.0,6353.0,0.42676354492187507,True,PUT,2026-02-20,INFY
INFY260220P00019000,19.0,1.45,1.4,1.6,1.0,781.0,0.446294599609375,True,PUT,2026-02-20,INFY
INFY260220P00020000,20.0,2.2,2.0,2.7,4.0,4814.0,0.6689486230468751,True,PUT,2026-02-20,INFY
INFY260220P00021000,21.0,2.5,3.0,3.7,10.0,10.0,0.805666005859375,True,PUT,2026-02-20,INFY
INFY260220P00022000,22.0,3.5,4.0,4.9,2.0,299.0,0.7050810742187501,True,PUT,2026-02-20,INFY
INFY260220P00023000,23.0,3.9,4.8,6.9,25.0,25.0,1.15625421875,True,PUT,2026-02-20,INFY
INFY260320C00015000,15.0,3.2,2.5,3.2,14.0,24.0,0.5888712988281251,True,CALL,2026-03-20,INFY
INFY260320C00016000,16.0,2.25,1.6,3.0,15.0,110.0,0.8032246240234374,True,CALL,2026-03-20,INFY
INFY260320C00017000,17.0,1.33,0.8,1.9,1.0,4.0,0.5810588769531251,True,CALL,2026-03-20,INFY
INFY260320C00018000,18.0,0.77,0.6,0.8,54.0,1146.0,0.34668622070312494,False,CALL,2026-03-20,INFY
INFY260320C00019000,19.0,0.57,0.35,0.55,1.0,534.0,0.38867798828125,False,CALL,2026-03-20,INFY
INFY260320C00020000,20.0,0.26,0.2,0.35,54.0,770.0,0.4062559375,False,CALL,2026-03-20,INFY
INFY260320C00021000,21.0,0.27,0.0,0.5,2.0,181.0,0.570316796875,False,CALL,2026-03-20,INFY
INFY260320C00022000,22.0,0.15,0.0,0.35,1.0,88.0,0.5742230078125,False,CALL,2026-03-20,INFY
INFY260320C00023000,23.0,0.4,0.0,0.75,1.0,2.0,0.6611362011718751,False,CALL,2026-03-20,INFY
INFY260320P00013000,13.0,0.91,0.0,0.75,50.0,130.0,0.8203142968749999,False,PUT,2026-03-20,INFY
INFY260320P00014000,14.0,0.6,0.0,0.75,100.0,309.0,0.6777375976562501,False,PUT,2026-03-20,INFY
INFY260320P00015000,15.0,0.32,0.0,0.25,51.0,134.0,0.463872548828125,False,PUT,2026-03-20,INFY
INFY260320P00016000,16.0,0.31,0.2,0.35,1.0,136.0,0.39258419921875,False,PUT,2026-03-20,INFY
INFY260320P00017000,17.0,0.6,0.55,0.7,37.0,3703.0,0.397466962890625,False,PUT,2026-03-20,INFY
INFY260320P00018000,18.0,1.1,1.05,1.2,17.0,15411.0,0.40039662109375,True,PUT,2026-03-20,INFY
INFY260320P00019000,19.0,1.45,1.75,2.05,2.0,10205.0,0.4848684326171875,True,PUT,2026-03-20,INFY
INFY260320P00020000,20.0,1.8,2.05,3.0,,70.0,0.5800823242187501,True,PUT,2026-03-20,INFY
INFY260320P00021000,21.0,2.05,3.0,5.1,1.0,1.0,0.70117486328125,True,PUT,2026-03-20,INFY
INFY260320P00023000,23.0,3.4,4.8,5.9,3.0,3.0,0.8007832421875,True,PUT,2026-03-20,INFY
INFY260417C00013000,13.0,5.8,4.0,5.7,1.0,0.0,0.9589847851562499,True,CALL,2026-04-17,INFY
INFY260417C00014000,14.0,2.76,2.2,5.1,1.0,7.0,0.9794923925781251,True,CALL,2026-04-17,INFY
INFY260417C00015000,15.0,3.31,2.4,3.8,4.0,18.0,0.7158231542968749,True,CALL,2026-04-17,INFY
INFY260417C00016000,16.0,2.53,1.5,3.2,12.0,216.0,0.7138700488281251,True,CALL,2026-04-17,INFY
INFY260417C00017000,17.0,1.75,0.85,2.35,15.0,567.0,0.6093789062500001,True,CALL,2026-04-17,INFY
INFY260417C00018000,18.0,1.25,0.85,1.25,4.0,2246.0,0.4155331884765625,False,CALL,2026-04-17,INFY
INFY260417C00019000,19.0,0.55,0.55,0.9,6.0,140.0,0.42383388671875,False,CALL,2026-04-17,INFY
INFY260417C00020000,20.0,0.6,0.1,1.0,5.0,445.0,0.5507857421875001,False,CALL,2026-04-17,INFY
INFY260417C00021000,21.0,0.5,0.0,0.95,30.0,166.0,0.6176796044921876,False,CALL,2026-04-17,INFY
INFY260417C00022000,22.0,0.35,0.0,0.75,1.0,83.0,0.6206092626953126,False,CALL,2026-04-17,INFY
INFY260417C00023000,23.0,0.23,0.0,2.3,3.0,5.0,0.8281267187499999,False,CALL,2026-04-17,INFY
INFY260417P00013000,13.0,0.45,0.0,2.45,1.0,2.0,1.0791061669921875,False,PUT,2026-04-17,INFY
INFY260417P00014000,14.0,0.75,0.0,2.7,,1.0,0.975586181640625,False,PUT,2026-04-17,INFY
INFY260417P00015000,15.0,0.42,0.0,0.95,2.0,101.0,0.6738313867187502,False,PUT,2026-04-17,INFY
INFY260417P00016000,16.0,0.5,0.25,1.1,8.0,185.0,0.5903361279296876,False,PUT,2026-04-17,INFY
INFY260417P00017000,17.0,1.1,0.8,1.15,4.0,588.0,0.4633842724609375,False,PUT,2026-04-17,INFY
INFY260417P00018000,18.0,1.25,1.3,1.65,3.0,4237.0,0.4580132324218751,True,PUT,2026-04-17,INFY
INFY260417P00019000,19.0,1.3,1.45,4.0,1.0,94.0,0.5986368261718751,True,PUT,2026-04-17,INFY
INFY260417P00020000,20.0,2.5,2.1,3.4,3.0,123.0,0.59570716796875,True,PUT,2026-04-17,INFY
INFY260417P00021000,21.0,2.5,2.8,5.5,2.0,2.0,0.5976602734375001,True,PUT,2026-04-17,INFY
INFY260417P00022000,22.0,2.25,3.6,5.3,4.0,4.0,0.7226590234375,True,PUT,2026-04-17,INFY
INFY260717C00015000,15.0,3.9,1.4,5.4,2.0,9.0,0.8852550537109375,True,CALL,2026-07-17,INFY
INFY260717C00018000,18.0,2.22,1.25,1.85,2.0,53.0,0.40772076660156253,False,CALL,2026-07-17,INFY
INFY260717C00019000,19.0,1.83,0.95,1.5,6.0,9.0,0.415044912109375,False,CALL,2026-07-17,INFY
INFY260717C00020000,20.0,0.8,0.8,1.25,1.0,77.0,0.42969320312500003,False,CALL,2026-07-17,INFY
INFY260717C00021000,21.0,0.9,0.35,1.05,35.0,59.0,0.44385321777343745,False,CALL,2026-07-17,INFY
INFY260717C00023000,23.0,0.55,0.0,1.65,1.0,1.0,0.676761044921875,False,CALL,2026-07-17,INFY
INFY260717P00014000,14.0,0.45,0.0,1.35,1.0,2.0,0.6650424121093752,False,PUT,2026-07-17,INFY
INFY260717P00015000,15.0,0.81,0.1,1.85,280.0,283.0,0.6865265722656251,False,PUT,2026-07-17,INFY
INFY260717P00016000,16.0,1.0,0.15,2.35,11.0,26.0,0.6914093359375001,False,PUT,2026-07-17,INFY
INFY260717P00017000,17.0,1.5,1.35,1.9,4.0,5.0,0.47803256347656253,False,PUT,2026-07-17,INFY
INFY260717P00018000,18.0,2.2,1.9,2.6,1.0,6.0,0.5097705273437501,True,PUT,2026-07-17,INFY
INFY260717P00019000,19.0,2.4,1.5,3.7,11.0,12.0,0.6103554589843752,True,PUT,2026-07-17,INFY
INFY260717P00020000,20.0,3.0,2.1,5.3,6.0,7.0,0.8032246240234374,True,PUT,2026-07-17,INFY
INFY260717P00022000,22.0,2.6,2.95,6.9,1.0,1.0,0.8369156933593749,True,PUT,2026-07-17,INFY
INFY270115C00013000,13.0,5.8,3.5,7.4,2.0,132.0,0.7983418603515625,True,CALL,2027-01-15,INFY
INFY270115C00015000,15.0,4.61,3.0,5.6,1.0,1127.0,0.6489292919921875,True,CALL,2027-01-15,INFY
INFY270115C00018000,18.0,2.68,2.15,4.6,2.0,177.0,0.5053760400390624,False,CALL,2027-01-15,INFY
INFY270115C00020000,20.0,1.8,1.75,1.8,6.0,1165.0,0.3794007373046875,False,CALL,2027-01-15,INFY
INFY270115C00022000,22.0,1.6,0.1,3.8,36.0,131.0,0.7485376708984376,False,CALL,2027-01-15,INFY
INFY270115P00013000,13.0,0.7,0.1,3.8,5.0,128.0,0.6586948193359375,False,PUT,2027-01-15,INFY
INFY270115P00015000,15.0,1.5,1.25,2.0,8.0,8230.0,0.5029346582031251,False,PUT,2027-01-15,INFY
INFY270115P00018000,18.0,2.68,2.6,3.4,1.0,6429.0,0.47119669433593747,True,PUT,2027-01-15,INFY
INFY270115P00020000,20.0,4.5,3.0,6.0,1.0,66.0,0.6596713720703126,True,PUT,2027-01-15,INFY
INFY270115P00022000,22.0,4.6,5.3,6.7,9.0,219.0,0.55273884765625,True,PUT,2027-01-15,INFY
INFY280121C00013000,13.0,6.8,3.5,8.5,1.0,84.0,0.7087431469726562,True,CALL,2028-01-21,INFY
INFY280121C00015000,15.0,5.5,3.3,7.0,1.0,299.0,0.6213416772460938,True,CALL,2028-01-21,INFY
INFY280121C00017000,17.0,4.0,1.5,6.5,24.0,488.0,0.6496617065429688,True,CALL,2028-01-21,INFY
INFY280121C00020000,20.0,3.4,1.8,3.7,17.0,484.0,0.4559380578613281,False,CALL,2028-01-21,INFY
INFY280121C00022000,22.0,2.75,1.45,2.55,1.0,410.0,0.3966124792480469,False,CALL,2028-01-21,INFY
INFY280121P00013000,13.0,1.25,0.1,5.0,2.0,33.0,0.5422409057617189,False,PUT,2028-01-21,INFY
INFY280121P00015000,15.0,2.7,1.9,2.8,1.0,209.0,0.44605046142578125,False,PUT,2028-01-21,INFY
INFY280121P00017000,17.0,3.4,3.0,4.4,1.0,3224.0,0.4985401708984375,False,PUT,2028-01-21,INFY
INFY280121P00020000,20.0,5.3,3.6,7.5,1.0,116.0,0.6147499462890625,True,PUT,2028-01-21,INFY
INFY280121P00022000,22.0,8.5,5.5,10.5,,0.0,0.516606396484375,True,PUT,2028-01-21,INFY
INTC260130C00034000,34.0,14.92,13.35,15.65,4.0,33.0,3.1601583496093753,True,CALL,2026-01-30,INTC
INTC260130C00035000,35.0,12.78,12.4,14.65,5.0,348.0,3.003908740234375,True,CALL,2026-01-30,INTC
INTC260130C00036000,36.0,12.3,10.85,13.65,10.0,573.0,1.8125009374999999,True,CALL,2026-01-30,INTC
INTC260130C00037000,37.0,11.15,10.65,11.2,175.0,2123.0,1.0000000000000003e-05,True,CALL,2026-01-30,INTC
INTC260130C00038000,38.0,10.3,9.45,10.3,163.0,759.0,1.78125109375,True,CALL,2026-01-30,INTC
INTC260130C00039000,39.0,8.86,8.4,9.35,20.0,505.0,1.78125109375,True,CALL,2026-01-30,INTC
INTC260130C00039500,39.5,8.49,8.05,9.15,2.0,132.0,2.2832074169921874,True,CALL,2026-01-30,INTC
INTC260130C00040000,40.0,7.76,7.75,8.15,94.0,3116.0,1.0000000000000003e-05,True,CALL,2026-01-30,INTC
INTC260130C00040500,40.5,8.37,6.7,8.0,32.0,79.0,1.8320320898437497,True,CALL,2026-01-30,INTC
INTC260130C00041000,41.0,6.6,6.5,7.7,39.0,1370.0,2.0351611621093753,True,CALL,2026-01-30,INTC
INTC260130C00041500,41.5,6.66,5.95,7.2,14.0,226.0,1.92578162109375,True,CALL,2026-01-30,INTC
INTC260130C00042000,42.0,5.62,5.6,6.15,84.0,3500.0,1.0000000000000003e-05,True,CALL,2026-01-30,INTC
INTC260130C00042500,42.5,5.19,5.0,5.7,34.0,4845.0,1.0000000000000003e-05,True,CALL,2026-01-30,INTC
INTC260130C00043000,43.0,4.8,4.55,5.25,765.0,4762.0,0.8125018749999999,True,CALL,2026-01-30,INTC
INTC260130C00043500,43.5,4.65,4.2,4.75,64.0,4082.0,0.7421900781249999,True,CALL,2026-01-30,INTC
INTC260130C00044000,44.0,3.72,3.5,4.2,1224.0,9491.0,1.0000000000000003e-05,True,CALL,2026-01-30,INTC
INTC260130C00044500,44.5,3.5,3.1,3.75,375.0,1961.0,0.6015664843750002,True,CALL,2026-01-30,INTC
INTC260130C00045000,45.0,3.1,3.05,3.25,1768.0,13171.0,0.5312546875,True,CALL,2026-01-30,INTC
INTC260130C00045500,45.5,2.48,2.63,2.78,996.0,3175.0,0.5390671093750001,True,CALL,2026-01-30,INTC
INTC260130C00046000,46.0,1.92,2.13,2.31,745.0,10125.0,0.5097705273437501,True,CALL,2026-01-30,INTC
INTC260130C00046500,46.5,1.78,1.79,1.86,292.0,3804.0,0.48633326171875,True,CALL,2026-01-30,INTC
INTC260130C00047000,47.0,1.4,1.37,1.44,3372.0,9199.0,0.4687553125,True,CALL,2026-01-30,INTC
INTC260130C00047500,47.5,1.11,1.08,1.12,3069.0,3530.0,0.49609878906250005,True,CALL,2026-01-30,INTC
INTC260130C00048000,48.0,0.8,0.8,0.84,19743.0,7766.0,0.5097705273437501,True,CALL,2026-01-30,INTC
INTC260130C00048500,48.5,0.59,0.58,0.62,9137.0,5631.0,0.5117236328125,False,CALL,2026-01-30,INTC
INTC260130C00049000,49.0,0.43,0.43,0.44,18124.0,7651.0,0.5312546875,False,CALL,2026-01-30,INTC
INTC260130C00049500,49.5,0.25,0.3,0.34,3231.0,3142.0,0.5566450585937501,False,CALL,2026-01-30,INTC
INTC260130C00050000,50.0,0.25,0.22,0.24,20889.0,16417.0,0.57617611328125,False,CALL,2026-01-30,INTC
INTC260130C00051000,51.0,0.13,0.13,0.15,10810.0,5932.0,0.6445348046875,False,CALL,2026-01-30,INTC
INTC260130C00052000,52.0,0.09,0.08,0.1,3365.0,8200.0,0.710940390625,False,CALL,2026-01-30,INTC
INTC260130C00053000,53.0,0.05,0.06,0.07,1227.0,6092.0,0.789064609375,False,CALL,2026-01-30,INTC
INTC260130C00054000,54.0,0.03,0.03,0.04,1992.0,6712.0,0.8125018749999999,False,CALL,2026-01-30,INTC
INTC260130C00055000,55.0,0.03,0.02,0.03,3367.0,13314.0,0.867188828125,False,CALL,2026-01-30,INTC
INTC260130C00056000,56.0,0.01,0.01,0.02,1660.0,7288.0,0.9062509375,False,CALL,2026-01-30,INTC
INTC260130C00057000,57.0,0.02,0.0,0.02,1381.0,8550.0,0.937500625,False,CALL,2026-01-30,INTC
INTC260130C00058000,58.0,0.01,0.0,0.02,2303.0,8038.0,1.0312548437500002,False,CALL,2026-01-30,INTC
INTC260130C00059000,59.0,0.01,0.0,0.01,435.0,3776.0,1.0312548437500002,False,CALL,2026-01-30,INTC
INTC260130C00060000,60.0,0.01,0.0,0.01,930.0,19277.0,1.09375453125,False,CALL,2026-01-30,INTC
INTC260130C00061000,61.0,0.03,0.0,0.01,394.0,1882.0,1.1875040625,False,CALL,2026-01-30,INTC
INTC260130C00062000,62.0,0.01,0.0,0.01,26.0,1636.0,1.2500037499999999,False,CALL,2026-01-30,INTC
INTC260130P00034000,34.0,0.01,0.0,0.01,214.0,7797.0,1.75000125,False,PUT,2026-01-30,INTC
INTC260130P00035000,35.0,0.01,0.0,0.01,5.0,3553.0,1.625001875,False,PUT,2026-01-30,INTC
INTC260130P00036000,36.0,0.01,0.0,0.01,8.0,1982.0,1.4375028125,False,PUT,2026-01-30,INTC
INTC260130P00037000,37.0,0.01,0.0,0.01,120.0,2757.0,1.3437532812499997,False,PUT,2026-01-30,INTC
INTC260130P00038000,38.0,0.01,0.0,0.01,154.0,6228.0,1.21875390625,False,PUT,2026-01-30,INTC
INTC260130P00039000,39.0,0.01,0.0,0.01,105.0,6225.0,1.09375453125,False,PUT,2026-01-30,INTC
INTC260130P00039500,39.5,0.01,0.0,0.01,50.0,2272.0,1.0312548437500002,False,PUT,2026-01-30,INTC
INTC260130P00040000,40.0,0.01,0.0,0.01,255.0,9476.0,0.9687503125,False,PUT,2026-01-30,INTC
INTC260130P00040500,40.5,0.01,0.0,0.02,132.0,3350.0,0.992187578125,False,PUT,2026-01-30,INTC
INTC260130P00041000,41.0,0.01,0.0,0.01,801.0,5330.0,0.87500125,False,PUT,2026-01-30,INTC
INTC260130P00041500,41.5,0.01,0.0,0.01,112.0,3732.0,0.8125018749999999,False,PUT,2026-01-30,INTC
INTC260130P00042000,42.0,0.02,0.0,0.01,1473.0,13985.0,0.7500025,False,PUT,2026-01-30,INTC
INTC260130P00042500,42.5,0.01,0.0,0.01,1500.0,16103.0,0.6875031250000001,False,PUT,2026-01-30,INTC
INTC260130P00043000,43.0,0.02,0.01,0.02,3211.0,13493.0,0.73437765625,False,PUT,2026-01-30,INTC
INTC260130P00043500,43.5,0.01,0.01,0.02,763.0,6792.0,0.6718782812500002,False,PUT,2026-01-30,INTC
INTC260130P00044000,44.0,0.03,0.03,0.04,2138.0,10580.0,0.6953155468750001,False,PUT,2026-01-30,INTC
INTC260130P00044500,44.5,0.04,0.03,0.04,897.0,2149.0,0.6250037500000001,False,PUT,2026-01-30,INTC
INTC260130P00045000,45.0,0.05,0.04,0.06,8104.0,11230.0,0.5937540625000001,False,PUT,2026-01-30,INTC
INTC260130P00045500,45.5,0.08,0.08,0.09,1743.0,1993.0,0.585941640625,False,PUT,2026-01-30,INTC
INTC260130P00046000,46.0,0.11,0.11,0.13,6380.0,6339.0,0.5546919531250001,False,PUT,2026-01-30,INTC
INTC260130P00046500,46.5,0.2,0.18,0.21,2608.0,3662.0,0.5488326367187502,False,PUT,2026-01-30,INTC
INTC260130P00047000,47.0,0.31,0.28,0.31,14070.0,10032.0,0.5351608984375,False,PUT,2026-01-30,INTC
INTC260130P00047500,47.5,0.49,0.44,0.47,10808.0,4540.0,0.5390671093750001,False,PUT,2026-01-30,INTC
INTC260130P00048000,48.0,0.68,0.67,0.7,19612.0,16616.0,0.5566450585937501,False,PUT,2026-01-30,INTC
INTC260130P00048500,48.5,1.17,0.95,1.0,4481.0,7003.0,0.5800823242187501,True,PUT,2026-01-30,INTC
INTC260130P00049000,49.0,1.4,1.27,1.31,2266.0,5805.0,0.58789474609375,True,PUT,2026-01-30,INTC
INTC260130P00049500,49.5,1.96,1.66,1.73,808.0,1262.0,0.6347692773437501,True,PUT,2026-01-30,INTC
INTC260130P00050000,50.0,2.17,2.08,2.12,1208.0,7906.0,0.6601596484375001,True,PUT,2026-01-30,INTC
INTC260130P00051000,51.0,3.46,2.99,3.65,315.0,2043.0,1.05859845703125,True,PUT,2026-01-30,INTC
INTC260130P00052000,52.0,4.35,3.85,4.45,63.0,1712.0,1.0800827246093752,True,PUT,2026-01-30,INTC
INTC260130P00053000,53.0,5.75,4.7,5.1,47.0,2481.0,0.9023447265625,True,PUT,2026-01-30,INTC
INTC260130P00054000,54.0,5.99,5.65,6.3,453.0,831.0,1.1640666796875,True,PUT,2026-01-30,INTC
INTC260130P00055000,55.0,7.5,6.65,7.55,7.0,538.0,1.486330693359375,True,PUT,2026-01-30,INTC
INTC260130P00056000,56.0,8.02,7.4,8.55,30.0,105.0,1.4296903515625,True,PUT,2026-01-30,INTC
INTC260130P00057000,57.0,9.39,8.2,10.15,4.0,30.0,1.86328193359375,True,PUT,2026-01-30,INTC
INTC260130P00058000,58.0,14.6,9.1,11.5,4.0,6.0,2.162113969726563,True,PUT,2026-01-30,INTC
INTC260130P00059000,59.0,10.89,10.0,12.85,1.0,2.0,2.4492226269531248,True,PUT,2026-01-30,INTC
INTC260130P00060000,60.0,12.08,11.65,13.75,2.0,9.0,2.8945340136718753,True,PUT,2026-01-30,INTC
INTC260130P00061000,61.0,12.69,11.95,14.95,1.0,2.0,2.74219064453125,True,PUT,2026-01-30,INTC
INTC260130P00062000,62.0,13.22,12.95,16.0,74.0,40.0,2.89844025390625,True,PUT,2026-01-30,INTC
INTC260206C00034000,34.0,14.93,12.95,14.75,1.0,138.0,1.74609501953125,True,CALL,2026-02-06,INTC
INTC260206C00035000,35.0,13.53,11.95,13.8,37.0,108.0,1.673829755859375,True,CALL,2026-02-06,INTC
INTC260206C00036000,36.0,11.75,10.95,12.65,13.0,169.0,1.4365262548828124,True,CALL,2026-02-06,INTC
INTC260206C00037000,37.0,11.26,10.5,11.25,3.0,268.0,0.789064609375,True,CALL,2026-02-06,INTC
INTC260206C00038000,38.0,9.94,9.55,10.3,8.0,158.0,0.8398453515625,True,CALL,2026-02-06,INTC
INTC260206C00039000,39.0,9.13,8.95,10.0,9.0,211.0,0.9785158398437501,True,CALL,2026-02-06,INTC
INTC260206C00039500,39.5,8.28,7.95,9.35,2.0,48.0,1.2128945605468748,True,CALL,2026-02-06,INTC
INTC260206C00040000,40.0,8.29,7.6,8.3,9.0,1762.0,0.6875031250000001,True,CALL,2026-02-06,INTC
INTC260206C00040500,40.5,7.2,7.1,8.45,11.0,32.0,0.6054726953125001,True,CALL,2026-02-06,INTC
INTC260206C00041000,41.0,6.75,6.4,7.65,6.0,332.0,0.9257819921875,True,CALL,2026-02-06,INTC
INTC260206C00041500,41.5,6.05,5.45,6.95,1.0,47.0,0.7304714453125,True,CALL,2026-02-06,INTC
INTC260206C00042000,42.0,6.3,5.75,6.55,30.0,2146.0,0.7617211328125001,True,CALL,2026-02-06,INTC
INTC260206C00042500,42.5,5.85,5.3,5.85,35.0,2782.0,0.5546919531250001,True,CALL,2026-02-06,INTC
INTC260206C00043000,43.0,5.02,4.8,5.45,64.0,1880.0,0.5976602734375001,True,CALL,2026-02-06,INTC
INTC260206C00043500,43.5,5.08,4.35,5.05,46.0,745.0,0.6191444335937502,True,CALL,2026-02-06,INTC
INTC260206C00044000,44.0,4.08,3.95,4.6,140.0,2683.0,0.5996133789062501,True,CALL,2026-02-06,INTC
INTC260206C00044500,44.5,3.8,3.65,4.2,60.0,816.0,0.6005899316406251,True,CALL,2026-02-06,INTC
INTC260206C00045000,45.0,3.5,3.4,3.7,255.0,4710.0,0.5488326367187502,True,CALL,2026-02-06,INTC
INTC260206C00045500,45.5,2.99,2.97,3.35,40.0,1260.0,0.56055126953125,True,CALL,2026-02-06,INTC
INTC260206C00046000,46.0,2.7,2.95,2.95,251.0,4250.0,0.5429733203125001,True,CALL,2026-02-06,INTC
INTC260206C00046500,46.5,2.34,2.58,2.73,63.0,1228.0,0.5576216113281252,True,CALL,2026-02-06,INTC
INTC260206C00047000,47.0,2.4,2.29,2.44,2940.0,2823.0,0.5654340332031251,True,CALL,2026-02-06,INTC
INTC260206C00047500,47.5,2.1,2.02,2.12,815.0,1198.0,0.5625043750000001,True,CALL,2026-02-06,INTC
INTC260206C00048000,48.0,1.77,1.78,1.86,7097.0,3346.0,0.5668988623046876,True,CALL,2026-02-06,INTC
INTC260206C00048500,48.5,1.6,1.58,1.64,7731.0,4519.0,0.5766643896484375,False,CALL,2026-02-06,INTC
INTC260206C00049000,49.0,1.39,1.37,1.43,2488.0,3091.0,0.579105771484375,False,CALL,2026-02-06,INTC
INTC260206C00049500,49.5,1.11,1.18,1.26,416.0,800.0,0.5839885351562499,False,CALL,2026-02-06,INTC
INTC260206C00050000,50.0,1.07,1.03,1.09,12795.0,13358.0,0.5893595751953126,False,CALL,2026-02-06,INTC
INTC260206C00051000,51.0,0.66,0.75,0.84,2192.0,2680.0,0.6005899316406251,False,CALL,2026-02-06,INTC
INTC260206C00052000,52.0,0.62,0.58,0.64,4360.0,6475.0,0.6191444335937502,False,CALL,2026-02-06,INTC
INTC260206C00053000,53.0,0.46,0.43,0.49,891.0,1546.0,0.6337927246093751,False,CALL,2026-02-06,INTC
INTC260206C00054000,54.0,0.36,0.36,0.4,554.0,2379.0,0.6669955175781253,False,CALL,2026-02-06,INTC
INTC260206C00055000,55.0,0.27,0.27,0.32,3583.0,5862.0,0.684573466796875,False,CALL,2026-02-06,INTC
INTC260206C00056000,56.0,0.27,0.2,0.26,171.0,1011.0,0.70117486328125,False,CALL,2026-02-06,INTC
INTC260206C00057000,57.0,0.2,0.17,0.22,592.0,3038.0,0.7324245507812499,False,CALL,2026-02-06,INTC
INTC260206C00058000,58.0,0.19,0.15,0.18,188.0,1902.0,0.7597680273437502,False,CALL,2026-02-06,INTC
INTC260206C00059000,59.0,0.17,0.12,0.16,56.0,540.0,0.7851583984375,False,CALL,2026-02-06,INTC
INTC260206C00060000,60.0,0.12,0.12,0.14,827.0,8724.0,0.8242205078124999,False,CALL,2026-02-06,INTC
INTC260206C00061000,61.0,0.09,0.06,0.23,2.0,1810.0,0.8906260937499999,False,CALL,2026-02-06,INTC
INTC260206C00062000,62.0,0.1,0.07,0.11,3038.0,1764.0,0.85937640625,False,CALL,2026-02-06,INTC
INTC260206P00034000,34.0,0.03,0.01,0.05,51.0,439.0,1.0078174609375,False,PUT,2026-02-06,INTC
INTC260206P00035000,35.0,0.01,0.01,0.03,392.0,4016.0,0.8828136718749999,False,PUT,2026-02-06,INTC
INTC260206P00036000,36.0,0.03,0.02,0.04,81.0,731.0,0.85937640625,False,PUT,2026-02-06,INTC
INTC260206P00037000,37.0,0.04,0.03,0.04,114.0,1237.0,0.804689453125,False,PUT,2026-02-06,INTC
INTC260206P00038000,38.0,0.03,0.03,0.05,170.0,839.0,0.7500025,False,PUT,2026-02-06,INTC
INTC260206P00038500,38.5,0.07,0.04,0.07,4.0,461.0,0.7500025,False,PUT,2026-02-06,INTC
INTC260206P00039000,39.0,0.05,0.05,0.06,157.0,1204.0,0.7148466015625,False,PUT,2026-02-06,INTC
INTC260206P00039500,39.5,0.07,0.06,0.07,218.0,602.0,0.6992217578125001,False,PUT,2026-02-06,INTC
INTC260206P00040000,40.0,0.07,0.07,0.08,1967.0,5673.0,0.6796907031250001,False,PUT,2026-02-06,INTC
INTC260206P00040500,40.5,0.09,0.08,0.1,23.0,614.0,0.6640658593750002,False,PUT,2026-02-06,INTC
INTC260206P00041000,41.0,0.1,0.1,0.11,72.0,1996.0,0.64648791015625,False,PUT,2026-02-06,INTC
INTC260206P00041500,41.5,0.13,0.11,0.14,55.0,752.0,0.63086306640625,False,PUT,2026-02-06,INTC
INTC260206P00042000,42.0,0.15,0.15,0.18,1821.0,4124.0,0.63086306640625,False,PUT,2026-02-06,INTC
INTC260206P00042500,42.5,0.2,0.18,0.22,100.0,1672.0,0.6191444335937502,False,PUT,2026-02-06,INTC
INTC260206P00043000,43.0,0.25,0.24,0.29,574.0,2593.0,0.62305064453125,False,PUT,2026-02-06,INTC
INTC260206P00043500,43.5,0.3,0.28,0.34,158.0,605.0,0.6064492480468751,False,PUT,2026-02-06,INTC
INTC260206P00044000,44.0,0.38,0.35,0.4,3370.0,3535.0,0.596683720703125,False,PUT,2026-02-06,INTC
INTC260206P00044500,44.5,0.52,0.43,0.51,254.0,748.0,0.59570716796875,False,PUT,2026-02-06,INTC
INTC260206P00045000,45.0,0.59,0.55,0.6,2327.0,6787.0,0.5927775097656252,False,PUT,2026-02-06,INTC
INTC260206P00045500,45.5,0.78,0.65,0.75,469.0,1387.0,0.5898478515625001,False,PUT,2026-02-06,INTC
INTC260206P00046000,46.0,0.86,0.8,0.91,818.0,2336.0,0.5918009570312501,False,PUT,2026-02-06,INTC
INTC260206P00046500,46.5,1.11,0.96,1.08,543.0,774.0,0.5888712988281251,False,PUT,2026-02-06,INTC
INTC260206P00047000,47.0,1.2,1.16,1.25,5564.0,1925.0,0.585941640625,False,PUT,2026-02-06,INTC
INTC260206P00047500,47.5,1.44,1.37,1.4,1490.0,1346.0,0.5742230078125,False,PUT,2026-02-06,INTC
INTC260206P00048000,48.0,1.77,1.64,1.72,3433.0,1450.0,0.5937540625000001,False,PUT,2026-02-06,INTC
INTC260206P00048500,48.5,2.08,1.88,2.03,552.0,850.0,0.5981485498046876,True,PUT,2026-02-06,INTC
INTC260206P00049000,49.0,2.43,2.2,2.37,501.0,981.0,0.614261669921875,True,PUT,2026-02-06,INTC
INTC260206P00049500,49.5,2.84,2.5,2.66,62.0,186.0,0.6113320117187502,True,PUT,2026-02-06,INTC
INTC260206P00050000,50.0,3.07,2.88,3.05,1905.0,1216.0,0.6333044482421876,True,PUT,2026-02-06,INTC
INTC260206P00051000,51.0,3.76,3.55,4.2,5.0,278.0,0.7128934960937501,True,PUT,2026-02-06,INTC
INTC260206P00052000,52.0,4.4,4.3,5.05,28.0,532.0,0.73633076171875,True,PUT,2026-02-06,INTC
INTC260206P00053000,53.0,6.0,4.8,5.9,4.0,243.0,0.6865265722656251,True,PUT,2026-02-06,INTC
INTC260206P00054000,54.0,6.63,6.05,6.3,12.0,176.0,0.6748079394531252,True,PUT,2026-02-06,INTC
INTC260206P00055000,55.0,7.4,7.1,7.75,55.0,717.0,0.8789074609374999,True,PUT,2026-02-06,INTC
INTC260206P00056000,56.0,8.1,7.55,9.25,50.0,68.0,0.93945373046875,True,PUT,2026-02-06,INTC
INTC260206P00057000,57.0,9.05,8.35,10.0,11.0,76.0,0.8789074609374999,True,PUT,2026-02-06,INTC
INTC260206P00058000,58.0,10.5,9.5,11.2,4.0,76.0,1.0478563232421876,True,PUT,2026-02-06,INTC
INTC260206P00059000,59.0,15.0,10.3,11.95,65.0,26.0,0.96679720703125,True,PUT,2026-02-06,INTC
INTC260206P00060000,60.0,12.55,11.25,12.6,20.0,58.0,0.84179845703125,True,PUT,2026-02-06,INTC
INTC260206P00062000,62.0,9.1,13.4,15.2,,0.0,1.2578162109375,True,PUT,2026-02-06,INTC
INTC260213C00034000,34.0,13.73,13.0,14.95,23.0,37.0,1.4345731396484376,True,CALL,2026-02-13,INTC
INTC260213C00035000,35.0,12.87,12.45,13.45,20.0,627.0,0.9960937890625,True,CALL,2026-02-13,INTC
INTC260213C00036000,36.0,12.12,11.55,13.0,5.0,109.0,0.70312796875,True,CALL,2026-02-13,INTC
INTC260213C00037000,37.0,10.93,10.65,11.4,7.0,30.0,0.8085956640624999,True,CALL,2026-02-13,INTC
INTC260213C00038000,38.0,9.98,9.6,10.35,2.0,147.0,0.6914093359375001,True,CALL,2026-02-13,INTC
INTC260213C00039000,39.0,10.0,8.25,10.0,24.0,172.0,1.0205127099609377,True,CALL,2026-02-13,INTC
INTC260213C00040000,40.0,7.97,7.7,8.55,67.0,366.0,0.7128934960937501,True,CALL,2026-02-13,INTC
INTC260213C00041000,41.0,6.72,6.75,8.0,17.0,183.0,0.5273484765625001,True,CALL,2026-02-13,INTC
INTC260213C00042000,42.0,6.15,6.25,6.7,15.0,254.0,0.5293015820312501,True,CALL,2026-02-13,INTC
INTC260213C00043000,43.0,5.38,5.3,5.7,39.0,1209.0,0.5664105859375,True,CALL,2026-02-13,INTC
INTC260213C00044000,44.0,4.72,4.35,4.9,143.0,758.0,0.5634809277343751,True,CALL,2026-02-13,INTC
INTC260213C00045000,45.0,3.93,3.75,4.25,106.0,1382.0,0.5112353564453125,True,CALL,2026-02-13,INTC
INTC260213C00046000,46.0,3.38,3.2,3.55,83.0,2647.0,0.5288133056640626,True,CALL,2026-02-13,INTC
INTC260213C00047000,47.0,2.8,2.84,2.98,688.0,1428.0,0.5654340332031251,True,CALL,2026-02-13,INTC
INTC260213C00048000,48.0,2.38,2.36,2.49,2032.0,1933.0,0.57617611328125,True,CALL,2026-02-13,INTC
INTC260213C00049000,49.0,1.78,1.93,2.02,556.0,910.0,0.5776409423828125,False,CALL,2026-02-13,INTC
INTC260213C00050000,50.0,1.63,1.59,1.67,2306.0,3501.0,0.5893595751953126,False,CALL,2026-02-13,INTC
INTC260213C00051000,51.0,1.25,1.29,1.35,1108.0,1546.0,0.5952188916015625,False,CALL,2026-02-13,INTC
INTC260213C00052000,52.0,1.0,1.05,1.09,754.0,1797.0,0.6035195898437502,False,CALL,2026-02-13,INTC
INTC260213C00053000,53.0,0.82,0.86,0.91,234.0,594.0,0.6176796044921876,False,CALL,2026-02-13,INTC
INTC260213C00054000,54.0,0.65,0.65,0.74,112.0,821.0,0.6186561572265626,False,CALL,2026-02-13,INTC
INTC260213C00055000,55.0,0.58,0.53,0.61,246.0,3395.0,0.63086306640625,False,CALL,2026-02-13,INTC
INTC260213C00056000,56.0,0.54,0.42,0.51,69.0,3541.0,0.641605146484375,False,CALL,2026-02-13,INTC
INTC260213C00057000,57.0,0.42,0.36,0.45,29.0,311.0,0.6640658593750002,False,CALL,2026-02-13,INTC
INTC260213C00058000,58.0,0.34,0.3,0.52,105.0,360.0,0.7128934960937501,False,CALL,2026-02-13,INTC
INTC260213C00059000,59.0,0.35,0.26,0.32,3.0,106.0,0.69336244140625,False,CALL,2026-02-13,INTC
INTC260213C00060000,60.0,0.25,0.21,0.29,443.0,4081.0,0.709963837890625,False,CALL,2026-02-13,INTC
INTC260213C00061000,61.0,0.2,0.2,0.81,4.0,835.0,0.893555751953125,False,CALL,2026-02-13,INTC
INTC260213C00062000,62.0,0.19,0.01,0.22,2.0,89.0,0.6738313867187502,False,CALL,2026-02-13,INTC
INTC260213P00034000,34.0,0.05,0.01,0.18,2.0,379.0,0.9023447265625,False,PUT,2026-02-13,INTC
INTC260213P00035000,35.0,0.03,0.03,0.08,106.0,592.0,0.7656273437500001,False,PUT,2026-02-13,INTC
INTC260213P00036000,36.0,0.07,0.07,0.15,5.0,977.0,0.7949239257812499,False,PUT,2026-02-13,INTC
INTC260213P00037000,37.0,0.07,0.07,0.17,81.0,654.0,0.74414318359375,False,PUT,2026-02-13,INTC
INTC260213P00038000,38.0,0.13,0.11,0.13,95.0,1175.0,0.6816438085937502,False,PUT,2026-02-13,INTC
INTC260213P00039000,39.0,0.18,0.14,0.29,11.0,3193.0,0.7050810742187501,False,PUT,2026-02-13,INTC
INTC260213P00040000,40.0,0.22,0.2,0.22,230.0,5623.0,0.6347692773437501,False,PUT,2026-02-13,INTC
INTC260213P00041000,41.0,0.34,0.26,0.44,11.0,918.0,0.6533237792968751,False,PUT,2026-02-13,INTC
INTC260213P00042000,42.0,0.42,0.37,0.44,166.0,1552.0,0.6084023535156251,False,PUT,2026-02-13,INTC
INTC260213P00043000,43.0,0.61,0.52,0.57,706.0,4684.0,0.5937540625000001,False,PUT,2026-02-13,INTC
INTC260213P00044000,44.0,0.78,0.7,0.74,358.0,888.0,0.577152666015625,False,PUT,2026-02-13,INTC
INTC260213P00045000,45.0,0.99,0.95,1.0,348.0,1372.0,0.5717816259765626,False,PUT,2026-02-13,INTC
INTC260213P00046000,46.0,1.38,1.28,1.35,309.0,731.0,0.5732464550781251,False,PUT,2026-02-13,INTC
INTC260213P00047000,47.0,1.78,1.68,1.76,222.0,505.0,0.5732464550781251,False,PUT,2026-02-13,INTC
INTC260213P00048000,48.0,2.35,2.13,2.24,835.0,1026.0,0.5712933496093751,False,PUT,2026-02-13,INTC
INTC260213P00049000,49.0,2.78,2.72,2.91,241.0,314.0,0.5927775097656252,True,PUT,2026-02-13,INTC
INTC260213P00050000,50.0,3.53,3.35,3.5,229.0,500.0,0.5932657861328126,True,PUT,2026-02-13,INTC
INTC260213P00051000,51.0,4.79,4.0,4.4,3.0,223.0,0.622074091796875,True,PUT,2026-02-13,INTC
INTC260213P00052000,52.0,5.3,4.8,5.45,22.0,204.0,0.6806672558593752,True,PUT,2026-02-13,INTC
INTC260213P00053000,53.0,6.15,5.25,6.75,3.0,231.0,0.717776259765625,True,PUT,2026-02-13,INTC
INTC260213P00054000,54.0,7.09,6.15,7.3,3.0,166.0,0.70117486328125,True,PUT,2026-02-13,INTC
INTC260213P00055000,55.0,8.0,6.85,8.55,1.0,69.0,0.7543969873046875,True,PUT,2026-02-13,INTC
INTC260213P00056000,56.0,8.6,7.75,9.1,1.0,61.0,0.7138700488281251,True,PUT,2026-02-13,INTC
INTC260213P00057000,57.0,9.55,8.8,10.05,1.0,39.0,0.7666038964843751,True,PUT,2026-02-13,INTC
INTC260213P00058000,58.0,11.17,9.45,11.3,9.0,11.0,0.79687703125,True,PUT,2026-02-13,INTC
INTC260213P00059000,59.0,11.95,10.4,12.6,1.0,21.0,0.8964854101562498,True,PUT,2026-02-13,INTC
INTC260213P00060000,60.0,11.4,11.35,13.55,1.0,21.0,0.9238288867187501,True,PUT,2026-02-13,INTC
INTC260213P00061000,61.0,16.07,12.15,14.75,3.0,3.0,0.9697268652343749,True,PUT,2026-02-13,INTC
INTC260213P00062000,62.0,19.25,13.3,15.65,5.0,4.0,1.0249072192382815,True,PUT,2026-02-13,INTC
INTC260220C00034000,34.0,14.36,13.6,14.45,6.0,3044.0,0.89257919921875,True,CALL,2026-02-20,INTC
INTC260220C00035000,35.0,13.3,12.75,13.45,17.0,22933.0,0.8300798242187499,True,CALL,2026-02-20,INTC
INTC260220C00036000,36.0,12.03,12.05,12.45,17.0,12879.0,0.5351608984375,True,CALL,2026-02-20,INTC
INTC260220C00037000,37.0,11.7,10.9,11.45,6.0,13629.0,0.711916943359375,True,CALL,2026-02-20,INTC
INTC260220C00038000,38.0,10.0,9.95,10.45,11.0,7108.0,0.6543003320312502,True,CALL,2026-02-20,INTC
INTC260220C00039000,39.0,9.45,8.95,9.5,22.0,3042.0,0.6269568554687501,True,CALL,2026-02-20,INTC
INTC260220C00040000,40.0,8.52,8.3,8.6,108.0,24213.0,0.5410202148437502,True,CALL,2026-02-20,INTC
INTC260220C00041000,41.0,7.9,7.9,7.9,11.0,6572.0,0.6752962158203126,True,CALL,2026-02-20,INTC
INTC260220C00041500,41.5,7.3,6.6,7.25,3.0,14.0,0.586918193359375,True,CALL,2026-02-20,INTC
INTC260220C00042000,42.0,6.64,6.3,6.85,62.0,14240.0,0.5898478515625001,True,CALL,2026-02-20,INTC
INTC260220C00042500,42.5,6.18,5.8,6.5,86.0,823.0,0.6049844189453126,True,CALL,2026-02-20,INTC
INTC260220C00043000,43.0,6.05,5.55,6.1,105.0,13238.0,0.514653291015625,True,CALL,2026-02-20,INTC
INTC260220C00043500,43.5,5.4,5.05,5.65,43.0,928.0,0.577152666015625,True,CALL,2026-02-20,INTC
INTC260220C00044000,44.0,5.2,4.9,5.25,2278.0,12371.0,0.5195360546875,True,CALL,2026-02-20,INTC
INTC260220C00044500,44.5,5.0,4.5,4.9,3.0,588.0,0.5161181201171875,True,CALL,2026-02-20,INTC
INTC260220C00045000,45.0,4.4,4.3,4.5,1104.0,24344.0,0.5278367529296876,True,CALL,2026-02-20,INTC
INTC260220C00045500,45.5,4.0,4.0,4.25,27.0,1275.0,0.5410202148437502,True,CALL,2026-02-20,INTC
INTC260220C00046000,46.0,3.65,3.7,3.95,325.0,10726.0,0.543949873046875,True,CALL,2026-02-20,INTC
INTC260220C00046500,46.5,3.9,3.35,3.6,31.0,930.0,0.532231240234375,True,CALL,2026-02-20,INTC
INTC260220C00047000,47.0,3.03,3.1,3.35,226.0,11227.0,0.5390671093750001,True,CALL,2026-02-20,INTC
INTC260220C00047500,47.5,2.75,2.99,3.05,478.0,1034.0,0.5522505712890625,True,CALL,2026-02-20,INTC
INTC260220C00048000,48.0,2.74,2.75,2.85,4630.0,18800.0,0.5585981640625001,True,CALL,2026-02-20,INTC
INTC260220C00048500,48.5,2.31,2.47,2.63,345.0,956.0,0.5551802294921876,False,CALL,2026-02-20,INTC
INTC260220C00049000,49.0,2.38,2.31,2.42,616.0,3364.0,0.5627485131835939,False,CALL,2026-02-20,INTC
INTC260220C00049500,49.5,2.0,2.09,2.23,428.0,725.0,0.5629926513671876,False,CALL,2026-02-20,INTC
INTC260220C00050000,50.0,2.0,1.96,2.06,10126.0,49578.0,0.5720257641601563,False,CALL,2026-02-20,INTC
INTC260220C00051000,51.0,1.64,1.62,1.73,726.0,2253.0,0.5747112841796875,False,CALL,2026-02-20,INTC
INTC260220C00052000,52.0,1.32,1.33,1.44,382.0,4202.0,0.5766643896484375,False,CALL,2026-02-20,INTC
INTC260220C00052500,52.5,1.15,1.24,1.35,419.0,10234.0,0.586918193359375,False,CALL,2026-02-20,INTC
INTC260220C00053000,53.0,1.08,1.14,1.24,424.0,6460.0,0.5913126806640626,False,CALL,2026-02-20,INTC
INTC260220C00054000,54.0,0.99,0.98,1.05,410.0,3291.0,0.6030313134765627,False,CALL,2026-02-20,INTC
INTC260220C00055000,55.0,0.83,0.81,0.85,3143.0,22894.0,0.6040078662109377,False,CALL,2026-02-20,INTC
INTC260220C00056000,56.0,0.72,0.67,0.75,88.0,1697.0,0.6157264990234376,False,CALL,2026-02-20,INTC
INTC260220C00057000,57.0,0.63,0.57,0.65,25.0,741.0,0.6279334082031252,False,CALL,2026-02-20,INTC
INTC260220C00058000,58.0,0.54,0.52,0.57,248.0,4824.0,0.64648791015625,False,CALL,2026-02-20,INTC
INTC260220C00059000,59.0,0.45,0.43,0.52,95.0,8974.0,0.659183095703125,False,CALL,2026-02-20,INTC
INTC260220C00060000,60.0,0.39,0.39,0.43,3664.0,26943.0,0.6694368994140626,False,CALL,2026-02-20,INTC
INTC260220C00061000,61.0,0.34,0.32,0.4,144.0,181.0,0.6816438085937502,False,CALL,2026-02-20,INTC
INTC260220C00062000,62.0,0.32,0.21,0.34,50.0,2235.0,0.6718782812500002,False,CALL,2026-02-20,INTC
INTC260220C00062500,62.5,0.38,0.08,0.63,13.0,261.0,0.729494892578125,False,CALL,2026-02-20,INTC
INTC260220P00034000,34.0,0.1,0.05,0.16,14.0,9587.0,0.7656273437500001,False,PUT,2026-02-20,INTC
INTC260220P00035000,35.0,0.12,0.08,0.15,195.0,46087.0,0.7226590234375,False,PUT,2026-02-20,INTC
INTC260220P00036000,36.0,0.13,0.12,0.15,418.0,5405.0,0.6894562304687502,False,PUT,2026-02-20,INTC
INTC260220P00037000,37.0,0.16,0.14,0.17,11.0,13744.0,0.6533237792968751,False,PUT,2026-02-20,INTC
INTC260220P00038000,38.0,0.2,0.19,0.22,74.0,17326.0,0.6367223828125,False,PUT,2026-02-20,INTC
INTC260220P00039000,39.0,0.25,0.24,0.27,40.0,2962.0,0.6123085644531252,False,PUT,2026-02-20,INTC
INTC260220P00040000,40.0,0.34,0.32,0.37,743.0,19249.0,0.6025430371093752,False,PUT,2026-02-20,INTC
INTC260220P00041000,41.0,0.44,0.42,0.47,456.0,5795.0,0.585941640625,False,PUT,2026-02-20,INTC
INTC260220P00041500,41.5,0.51,0.48,0.56,11.0,898.0,0.5835002587890624,False,PUT,2026-02-20,INTC
INTC260220P00042000,42.0,0.6,0.57,0.63,479.0,9608.0,0.5800823242187501,False,PUT,2026-02-20,INTC
INTC260220P00042500,42.5,0.67,0.64,0.72,34.0,2140.0,0.5732464550781251,False,PUT,2026-02-20,INTC
INTC260220P00043000,43.0,0.8,0.73,0.82,582.0,11198.0,0.56836369140625,False,PUT,2026-02-20,INTC
INTC260220P00043500,43.5,0.91,0.84,0.93,187.0,1487.0,0.5644574804687501,False,PUT,2026-02-20,INTC
INTC260220P00044000,44.0,1.06,0.97,1.05,1685.0,8604.0,0.5620160986328125,False,PUT,2026-02-20,INTC
INTC260220P00044500,44.5,1.14,1.1,1.21,139.0,792.0,0.561527822265625,False,PUT,2026-02-20,INTC
INTC260220P00045000,45.0,1.41,1.27,1.37,1754.0,22728.0,0.5625043750000001,False,PUT,2026-02-20,INTC
INTC260220P00045500,45.5,1.6,1.44,1.57,10.0,492.0,0.5644574804687501,False,PUT,2026-02-20,INTC
INTC260220P00046000,46.0,1.74,1.61,1.75,250.0,8540.0,0.5607954077148438,False,PUT,2026-02-20,INTC
INTC260220P00046500,46.5,1.9,1.8,1.97,16.0,1214.0,0.56055126953125,False,PUT,2026-02-20,INTC
INTC260220P00047000,47.0,2.15,2.05,2.2,568.0,10412.0,0.5649457568359376,False,PUT,2026-02-20,INTC
INTC260220P00047500,47.5,2.32,2.27,2.41,210.0,844.0,0.56055126953125,False,PUT,2026-02-20,INTC
INTC260220P00048000,48.0,2.68,2.54,2.68,527.0,5615.0,0.5649457568359376,False,PUT,2026-02-20,INTC
INTC260220P00048500,48.5,2.87,2.79,2.98,139.0,1023.0,0.5668988623046876,True,PUT,2026-02-20,INTC
INTC260220P00049000,49.0,3.3,3.1,3.35,49.0,2543.0,0.5795940478515625,True,PUT,2026-02-20,INTC
INTC260220P00049500,49.5,3.6,3.4,3.6,36.0,343.0,0.5756878369140624,True,PUT,2026-02-20,INTC
INTC260220P00050000,50.0,3.58,3.7,3.9,163.0,10475.0,0.5742230078125,True,PUT,2026-02-20,INTC
INTC260220P00051000,51.0,4.25,4.4,4.7,14.0,545.0,0.5952188916015625,True,PUT,2026-02-20,INTC
INTC260220P00052000,52.0,5.53,5.1,5.65,17.0,362.0,0.6245154736328126,True,PUT,2026-02-20,INTC
INTC260220P00052500,52.5,6.02,5.5,6.25,2.0,360.0,0.6562534375000001,True,PUT,2026-02-20,INTC
INTC260220P00053000,53.0,6.2,5.6,6.5,2.0,2006.0,0.6108437353515627,True,PUT,2026-02-20,INTC
INTC260220P00054000,54.0,7.09,6.75,7.3,15.0,2239.0,0.6611362011718751,True,PUT,2026-02-20,INTC
INTC260220P00055000,55.0,8.02,7.25,8.25,10.0,1898.0,0.6425816992187501,True,PUT,2026-02-20,INTC
INTC260220P00056000,56.0,8.34,8.15,9.1,4.0,386.0,0.6562534375000001,True,PUT,2026-02-20,INTC
INTC260220P00057000,57.0,9.51,9.0,10.0,29.0,94.0,0.6635775830078127,True,PUT,2026-02-20,INTC
INTC260220P00058000,58.0,10.44,10.2,10.95,29.0,223.0,0.7304714453125,True,PUT,2026-02-20,INTC
INTC260220P00059000,59.0,11.59,10.65,12.15,4.0,5.0,0.7138700488281251,True,PUT,2026-02-20,INTC
INTC260220P00060000,60.0,12.5,11.6,13.4,8.0,133.0,0.788088056640625,True,PUT,2026-02-20,INTC
INTC260220P00061000,61.0,15.25,12.3,14.5,73.0,20.0,0.790041162109375,True,PUT,2026-02-20,INTC
INTC260220P00062000,62.0,18.25,13.5,15.3,,2.0,0.8271501660156249,True,PUT,2026-02-20,INTC
INTC260220P00062500,62.5,18.68,13.95,15.9,2.0,2.0,0.8544936425781251,True,PUT,2026-02-20,INTC
INTC260227C00034000,34.0,9.1,12.7,15.0,10.0,11.0,1.0688523120117188,True,CALL,2026-02-27,INTC
INTC260227C00035000,35.0,13.0,12.5,13.95,8.0,47.0,0.981445498046875,True,CALL,2026-02-27,INTC
INTC260227C00036000,36.0,12.2,10.75,12.45,2.0,20.0,0.6748079394531252,True,CALL,2026-02-27,INTC
INTC260227C00037000,37.0,11.0,10.6,12.25,1.0,141.0,0.6074258007812501,True,CALL,2026-02-27,INTC
INTC260227C00038000,38.0,10.44,9.3,11.1,4.0,67.0,0.8422867333984375,True,CALL,2026-02-27,INTC
INTC260227C00039000,39.0,10.35,8.45,10.15,16.0,92.0,0.7939473730468749,True,CALL,2026-02-27,INTC
INTC260227C00040000,40.0,8.55,8.15,9.2,36.0,261.0,0.5712933496093751,True,CALL,2026-02-27,INTC
INTC260227C00041000,41.0,7.75,7.3,8.4,1.0,70.0,0.5751995605468749,True,CALL,2026-02-27,INTC
INTC260227C00042000,42.0,6.9,6.65,7.15,16.0,237.0,0.5317429638671876,True,CALL,2026-02-27,INTC
INTC260227C00043000,43.0,6.0,5.75,6.4,13.0,310.0,0.5185595019531251,True,CALL,2026-02-27,INTC
INTC260227C00044000,44.0,5.45,5.0,5.55,57.0,375.0,0.5024463818359376,True,CALL,2026-02-27,INTC
INTC260227C00045000,45.0,4.75,4.55,4.95,55.0,835.0,0.5363815893554689,True,CALL,2026-02-27,INTC
INTC260227C00046000,46.0,3.95,3.9,4.35,88.0,768.0,0.5351608984375,True,CALL,2026-02-27,INTC
INTC260227C00047000,47.0,3.5,3.65,4.0,118.0,711.0,0.5842326733398437,True,CALL,2026-02-27,INTC
INTC260227C00048000,48.0,3.15,3.15,3.3,391.0,971.0,0.5664105859375,True,CALL,2026-02-27,INTC
INTC260227C00049000,49.0,2.55,2.77,2.91,120.0,653.0,0.5788616333007812,False,CALL,2026-02-27,INTC
INTC260227C00050000,50.0,2.37,2.37,2.47,2296.0,8244.0,0.57617611328125,False,CALL,2026-02-27,INTC
INTC260227C00051000,51.0,2.02,2.08,2.16,500.0,701.0,0.5871623315429688,False,CALL,2026-02-27,INTC
INTC260227C00052000,52.0,1.64,1.79,1.88,53.0,1668.0,0.5932657861328126,False,CALL,2026-02-27,INTC
INTC260227C00053000,53.0,1.46,1.45,1.61,146.0,845.0,0.5883830224609375,False,CALL,2026-02-27,INTC
INTC260227C00054000,54.0,1.39,1.35,1.41,89.0,389.0,0.6079140771484376,False,CALL,2026-02-27,INTC
INTC260227C00055000,55.0,1.11,1.13,1.21,363.0,1698.0,0.6088906298828126,False,CALL,2026-02-27,INTC
INTC260227C00056000,56.0,0.92,1.02,1.06,43.0,380.0,0.6225623681640625,False,CALL,2026-02-27,INTC
INTC260227C00057000,57.0,0.9,0.86,0.93,51.0,255.0,0.6274451318359376,False,CALL,2026-02-27,INTC
INTC260227C00058000,58.0,0.81,0.6,0.84,38.0,309.0,0.6186561572265626,False,CALL,2026-02-27,INTC
INTC260227C00059000,59.0,0.7,0.54,0.74,7.0,232.0,0.63086306640625,False,CALL,2026-02-27,INTC
INTC260227C00060000,60.0,0.57,0.51,0.72,580.0,4039.0,0.657229990234375,False,CALL,2026-02-27,INTC
INTC260227C00061000,61.0,0.65,0.4,0.61,36.0,40.0,0.6523472265625001,False,CALL,2026-02-27,INTC
INTC260227C00062000,62.0,0.56,0.0,1.38,10.0,133.0,0.747072841796875,False,CALL,2026-02-27,INTC
INTC260227P00034000,34.0,0.13,0.1,0.14,2.0,191.0,0.68555001953125,False,PUT,2026-02-27,INTC
INTC260227P00035000,35.0,0.15,0.12,0.17,30.0,847.0,0.6601596484375001,False,PUT,2026-02-27,INTC
INTC260227P00036000,36.0,0.18,0.07,0.36,6.0,348.0,0.6650424121093752,False,PUT,2026-02-27,INTC
INTC260227P00037000,37.0,0.26,0.18,0.24,23.0,298.0,0.6113320117187502,False,PUT,2026-02-27,INTC
INTC260227P00038000,38.0,0.29,0.26,0.31,26.0,4912.0,0.6035195898437502,False,PUT,2026-02-27,INTC
INTC260227P00039000,39.0,0.39,0.3,0.46,21.0,596.0,0.59570716796875,False,PUT,2026-02-27,INTC
INTC260227P00040000,40.0,0.48,0.46,0.51,1260.0,3654.0,0.5830119824218749,False,PUT,2026-02-27,INTC
INTC260227P00041000,41.0,0.61,0.59,0.75,34.0,705.0,0.5883830224609375,False,PUT,2026-02-27,INTC
INTC260227P00042000,42.0,0.88,0.79,0.83,151.0,1047.0,0.5688519677734375,False,PUT,2026-02-27,INTC
INTC260227P00043000,43.0,1.07,1.0,1.05,162.0,875.0,0.561527822265625,False,PUT,2026-02-27,INTC
INTC260227P00044000,44.0,1.4,1.25,1.32,80.0,817.0,0.5551802294921876,False,PUT,2026-02-27,INTC
INTC260227P00045000,45.0,1.69,1.59,1.66,305.0,1252.0,0.5561567822265626,False,PUT,2026-02-27,INTC
INTC260227P00046000,46.0,2.05,1.97,2.06,54.0,651.0,0.5566450585937501,False,PUT,2026-02-27,INTC
INTC260227P00047000,47.0,2.46,2.42,2.51,141.0,607.0,0.5581098876953126,False,PUT,2026-02-27,INTC
INTC260227P00048000,48.0,3.1,2.95,3.05,47.0,963.0,0.5656781713867188,False,PUT,2026-02-27,INTC
INTC260227P00049000,49.0,3.49,3.5,3.65,87.0,158.0,0.5708050732421875,True,PUT,2026-02-27,INTC
INTC260227P00050000,50.0,4.18,4.1,4.2,22.0,471.0,0.5668988623046876,True,PUT,2026-02-27,INTC
INTC260227P00051000,51.0,4.85,4.75,4.9,43.0,49.0,0.5732464550781251,True,PUT,2026-02-27,INTC
INTC260227P00052000,52.0,5.2,5.3,6.35,18.0,85.0,0.6337927246093751,True,PUT,2026-02-27,INTC
INTC260227P00053000,53.0,5.8,6.3,6.8,1.0,101.0,0.6364782446289063,True,PUT,2026-02-27,INTC
INTC260227P00054000,54.0,7.45,7.05,7.65,77.0,163.0,0.6479527392578125,True,PUT,2026-02-27,INTC
INTC260227P00055000,55.0,8.69,6.8,8.95,2.0,107.0,0.5920450952148439,True,PUT,2026-02-27,INTC
INTC260227P00056000,56.0,8.2,8.2,9.9,73.0,42.0,0.6762727685546877,True,PUT,2026-02-27,INTC
INTC260227P00057000,57.0,13.35,9.1,10.8,1.0,5.0,0.6958038232421876,True,PUT,2026-02-27,INTC
INTC260227P00058000,58.0,10.27,10.0,11.2,79.0,91.0,0.64648791015625,True,PUT,2026-02-27,INTC
INTC260227P00059000,59.0,11.26,11.0,12.05,59.0,75.0,0.6621127539062501,True,PUT,2026-02-27,INTC
INTC260227P00060000,60.0,13.17,11.7,13.65,3.0,115.0,0.7402369726562499,True,PUT,2026-02-27,INTC
INTC260227P00062000,62.0,16.29,13.65,15.55,2.0,1.0,0.78711150390625,True,PUT,2026-02-27,INTC
INTC260306C00035000,35.0,13.23,12.25,14.15,2.0,20.0,0.9545902978515625,True,CALL,2026-03-06,INTC
INTC260306C00040000,40.0,9.0,8.4,9.15,4.0,97.0,0.5478560839843751,True,CALL,2026-03-06,INTC
INTC260306C00041000,41.0,8.4,6.95,8.7,80.0,128.0,0.5107470800781251,True,CALL,2026-03-06,INTC
INTC260306C00042000,42.0,7.46,6.7,7.55,7.0,91.0,0.5356491748046875,True,CALL,2026-03-06,INTC
INTC260306C00043000,43.0,6.9,6.05,6.65,6.0,161.0,0.5288133056640626,True,CALL,2026-03-06,INTC
INTC260306C00044000,44.0,5.75,5.7,6.0,26.0,218.0,0.56836369140625,True,CALL,2026-03-06,INTC
INTC260306C00045000,45.0,5.06,4.95,5.35,50.0,508.0,0.5571333349609376,True,CALL,2026-03-06,INTC
INTC260306C00046000,46.0,4.4,4.25,4.7,35.0,530.0,0.5429733203125001,True,CALL,2026-03-06,INTC
INTC260306C00047000,47.0,3.9,3.65,4.25,74.0,151.0,0.5471236694335939,True,CALL,2026-03-06,INTC
INTC260306C00048000,48.0,3.4,3.35,3.8,348.0,552.0,0.5676312768554688,True,CALL,2026-03-06,INTC
INTC260306C00049000,49.0,3.02,2.79,3.3,222.0,395.0,0.5546919531250001,False,CALL,2026-03-06,INTC
INTC260306C00050000,50.0,2.55,2.5,2.86,498.0,1255.0,0.561527822265625,False,CALL,2026-03-06,INTC
INTC260306C00051000,51.0,2.45,2.15,2.65,1087.0,214.0,0.5756878369140624,False,CALL,2026-03-06,INTC
INTC260306C00052000,52.0,2.07,1.84,2.31,191.0,216.0,0.5756878369140624,False,CALL,2026-03-06,INTC
INTC260306C00053000,53.0,2.0,1.59,2.06,12.0,114.0,0.5830119824218749,False,CALL,2026-03-06,INTC
INTC260306C00054000,54.0,1.72,1.25,1.82,7.0,146.0,0.5766643896484375,False,CALL,2026-03-06,INTC
INTC260306C00055000,55.0,1.47,1.35,1.62,69.0,259.0,0.6108437353515627,False,CALL,2026-03-06,INTC
INTC260306C00056000,56.0,1.29,1.09,1.45,40.0,64.0,0.6088906298828126,False,CALL,2026-03-06,INTC
INTC260306C00057000,57.0,1.21,1.0,1.25,22.0,517.0,0.6167030517578126,False,CALL,2026-03-06,INTC
INTC260306C00058000,58.0,1.31,0.75,1.19,23.0,219.0,0.6176796044921876,False,CALL,2026-03-06,INTC
INTC260306C00059000,59.0,1.0,0.54,1.09,20.0,72.0,0.614261669921875,False,CALL,2026-03-06,INTC
INTC260306C00060000,60.0,0.82,0.65,0.94,66.0,782.0,0.6411168701171875,False,CALL,2026-03-06,INTC
INTC260306C00061000,61.0,0.65,0.47,1.12,1.0,21.0,0.6718782812500002,False,CALL,2026-03-06,INTC
INTC260306C00062000,62.0,0.8,0.43,1.5,11.0,11.0,0.7465845654296875,False,CALL,2026-03-06,INTC
INTC260306P00035000,35.0,0.21,0.15,0.27,5.0,722.0,0.6425816992187501,False,PUT,2026-03-06,INTC
INTC260306P00040000,40.0,0.65,0.6,0.71,147.0,634.0,0.579105771484375,False,PUT,2026-03-06,INTC
INTC260306P00041000,41.0,0.79,0.78,0.95,180.0,784.0,0.5825237060546875,False,PUT,2026-03-06,INTC
INTC260306P00042000,42.0,1.05,0.99,1.11,19.0,569.0,0.570316796875,False,PUT,2026-03-06,INTC
INTC260306P00043000,43.0,1.31,1.0,1.6,5.0,236.0,0.5654340332031251,False,PUT,2026-03-06,INTC
INTC260306P00044000,44.0,1.73,1.48,1.79,39.0,118.0,0.569340244140625,False,PUT,2026-03-06,INTC
INTC260306P00045000,45.0,2.11,1.89,2.0,60.0,247.0,0.5598188549804688,False,PUT,2026-03-06,INTC
INTC260306P00046000,46.0,2.4,2.29,2.51,1044.0,173.0,0.56836369140625,False,PUT,2026-03-06,INTC
INTC260306P00047000,47.0,2.75,2.68,3.1,15.0,69.0,0.5739788696289063,False,PUT,2026-03-06,INTC
INTC260306P00048000,48.0,3.4,3.25,3.6,100.0,159.0,0.579105771484375,False,PUT,2026-03-06,INTC
INTC260306P00049000,49.0,4.0,3.8,4.35,17.0,56.0,0.59570716796875,True,PUT,2026-03-06,INTC
INTC260306P00050000,50.0,5.09,4.4,4.85,11.0,160.0,0.5888712988281251,True,PUT,2026-03-06,INTC
INTC260306P00051000,51.0,5.51,4.9,5.7,4.0,35.0,0.59570716796875,True,PUT,2026-03-06,INTC
INTC260306P00052000,52.0,5.35,5.75,6.4,5.0,10.0,0.6135292553710938,True,PUT,2026-03-06,INTC
INTC260306P00053000,53.0,6.62,6.35,7.1,1.0,11.0,0.6042520043945314,True,PUT,2026-03-06,INTC
INTC260306P00054000,54.0,7.65,7.25,7.85,2.0,27.0,0.6201209863281252,True,PUT,2026-03-06,INTC
INTC260306P00055000,55.0,8.45,8.0,8.75,1.0,29.0,0.631839619140625,True,PUT,2026-03-06,INTC
INTC260306P00056000,56.0,11.5,7.8,10.65,2.0,2.0,0.6445348046875,True,PUT,2026-03-06,INTC
INTC260306P00059000,59.0,7.45,11.0,12.85,,1.0,0.6928741650390625,True,PUT,2026-03-06,INTC
INTC260306P00060000,60.0,8.08,12.2,13.7,,1.0,0.7324245507812499,True,PUT,2026-03-06,INTC
INTC260320C00034000,34.0,9.45,13.45,15.1,29.0,1717.0,0.8510757080078125,True,CALL,2026-03-20,INTC
INTC260320C00035000,35.0,14.15,13.45,13.75,63.0,10569.0,0.6279334082031252,True,CALL,2026-03-20,INTC
INTC260320C00036000,36.0,13.45,12.1,12.75,12.0,1900.0,0.5039112109375,True,CALL,2026-03-20,INTC
INTC260320C00037000,37.0,11.5,11.2,11.9,25.0,6742.0,0.5214891601562499,True,CALL,2026-03-20,INTC
INTC260320C00038000,38.0,10.6,10.75,11.0,90.0,9580.0,0.5854533642578125,True,CALL,2026-03-20,INTC
INTC260320C00039000,39.0,10.23,9.4,10.35,10.0,5544.0,0.5390671093750001,True,CALL,2026-03-20,INTC
INTC260320C00040000,40.0,9.58,9.2,9.4,166.0,22074.0,0.5927775097656252,True,CALL,2026-03-20,INTC
INTC260320C00041000,41.0,7.73,7.95,8.55,16.0,12675.0,0.5317429638671876,True,CALL,2026-03-20,INTC
INTC260320C00042000,42.0,7.52,7.25,7.85,97.0,4097.0,0.5400436621093752,True,CALL,2026-03-20,INTC
INTC260320C00043000,43.0,6.84,6.75,7.15,92.0,3094.0,0.5573774731445313,True,CALL,2026-03-20,INTC
INTC260320C00044000,44.0,6.21,6.1,6.45,205.0,16281.0,0.5537154003906251,True,CALL,2026-03-20,INTC
INTC260320C00045000,45.0,5.7,5.8,5.9,808.0,46097.0,0.5820354296875,True,CALL,2026-03-20,INTC
INTC260320C00046000,46.0,5.02,5.1,5.35,51.0,3175.0,0.5730023168945313,True,CALL,2026-03-20,INTC
INTC260320C00047000,47.0,4.47,4.7,4.8,188.0,5130.0,0.5800823242187501,True,CALL,2026-03-20,INTC
INTC260320C00048000,48.0,4.15,4.15,4.3,969.0,19842.0,0.5744671459960937,True,CALL,2026-03-20,INTC
INTC260320C00049000,49.0,3.61,3.8,3.9,672.0,2454.0,0.5844768115234374,False,CALL,2026-03-20,INTC
INTC260320C00050000,50.0,3.46,3.4,3.5,3187.0,80305.0,0.5856975024414062,False,CALL,2026-03-20,INTC
INTC260320C00052500,52.5,2.67,2.6,2.69,5735.0,9447.0,0.59570716796875,False,CALL,2026-03-20,INTC
INTC260320C00055000,55.0,2.03,2.02,2.06,3606.0,25395.0,0.6086464916992189,False,CALL,2026-03-20,INTC
INTC260320C00057500,57.5,1.63,1.56,1.61,531.0,2880.0,0.6228065063476562,False,CALL,2026-03-20,INTC
INTC260320C00060000,60.0,1.25,1.24,1.28,9283.0,55748.0,0.6411168701171875,False,CALL,2026-03-20,INTC
INTC260320C00062500,62.5,1.05,0.93,1.02,32.0,567.0,0.6508823974609376,False,CALL,2026-03-20,INTC
INTC260320P00034000,34.0,0.28,0.22,0.28,43.0,28737.0,0.6103554589843752,False,PUT,2026-03-20,INTC
INTC260320P00035000,35.0,0.32,0.31,0.33,135.0,32406.0,0.6015664843750002,False,PUT,2026-03-20,INTC
INTC260320P00036000,36.0,0.4,0.38,0.45,44.0,12020.0,0.5976602734375001,False,PUT,2026-03-20,INTC
INTC260320P00037000,37.0,0.51,0.48,0.53,215.0,9649.0,0.584965087890625,False,PUT,2026-03-20,INTC
INTC260320P00038000,38.0,0.59,0.6,0.65,58.0,7827.0,0.5766643896484375,False,PUT,2026-03-20,INTC
INTC260320P00039000,39.0,0.8,0.74,0.79,2151.0,8416.0,0.5678754150390625,False,PUT,2026-03-20,INTC
INTC260320P00040000,40.0,1.0,0.92,0.99,1920.0,21209.0,0.5651898950195313,False,PUT,2026-03-20,INTC
INTC260320P00041000,41.0,1.23,1.14,1.19,588.0,2614.0,0.5600629931640625,False,PUT,2026-03-20,INTC
INTC260320P00042000,42.0,1.52,1.39,1.43,296.0,3373.0,0.5551802294921876,False,PUT,2026-03-20,INTC
INTC260320P00043000,43.0,1.72,1.7,1.75,159.0,7002.0,0.5566450585937501,False,PUT,2026-03-20,INTC
INTC260320P00044000,44.0,2.15,2.04,2.1,227.0,9620.0,0.5561567822265626,False,PUT,2026-03-20,INTC
INTC260320P00045000,45.0,2.55,2.44,2.48,1119.0,12876.0,0.5564009204101563,False,PUT,2026-03-20,INTC
INTC260320P00046000,46.0,2.96,2.89,2.93,1480.0,10545.0,0.5590864404296876,False,PUT,2026-03-20,INTC
INTC260320P00047000,47.0,3.5,3.35,3.45,3268.0,3547.0,0.5617719604492188,False,PUT,2026-03-20,INTC
INTC260320P00048000,48.0,4.03,3.85,3.95,775.0,1938.0,0.5598188549804688,False,PUT,2026-03-20,INTC
INTC260320P00049000,49.0,4.5,4.4,4.55,39.0,2805.0,0.5629926513671876,True,PUT,2026-03-20,INTC
INTC260320P00050000,50.0,5.3,5.0,5.15,188.0,6529.0,0.5642133422851563,True,PUT,2026-03-20,INTC
INTC260320P00052500,52.5,6.6,6.7,6.85,1.0,917.0,0.5742230078125,True,PUT,2026-03-20,INTC
INTC260320P00055000,55.0,8.2,8.6,8.9,34.0,725.0,0.5979044116210939,True,PUT,2026-03-20,INTC
INTC260320P00057500,57.5,10.3,10.35,11.55,3.0,5267.0,0.6372106591796876,True,PUT,2026-03-20,INTC
INTC260320P00060000,60.0,12.99,12.35,13.0,6.0,1025.0,0.5678754150390625,True,PUT,2026-03-20,INTC
INTC260417C00034000,34.0,15.7,14.15,15.35,3.0,395.0,0.5888712988281251,True,CALL,2026-04-17,INTC
INTC260417C00035000,35.0,14.7,13.45,14.5,13.0,4451.0,0.6108437353515627,True,CALL,2026-04-17,INTC
INTC260417C00036000,36.0,12.36,12.55,13.65,6.0,1283.0,0.6001016552734376,True,CALL,2026-04-17,INTC
INTC260417C00037000,37.0,12.4,11.8,12.5,5.0,4452.0,0.5698285205078125,True,CALL,2026-04-17,INTC
INTC260417C00038000,38.0,11.56,10.95,11.6,10.0,2644.0,0.5539595385742189,True,CALL,2026-04-17,INTC
INTC260417C00039000,39.0,10.9,10.2,10.95,1.0,1042.0,0.5664105859375,True,CALL,2026-04-17,INTC
INTC260417C00040000,40.0,10.05,9.65,10.05,46.0,4571.0,0.5678754150390625,True,CALL,2026-04-17,INTC
INTC260417C00041000,41.0,8.9,8.8,9.45,162.0,1783.0,0.5644574804687501,True,CALL,2026-04-17,INTC
INTC260417C00042000,42.0,7.9,8.15,8.7,22.0,2879.0,0.5603071313476562,True,CALL,2026-04-17,INTC
INTC260417C00043000,43.0,7.81,7.55,8.1,11.0,2413.0,0.5654340332031251,True,CALL,2026-04-17,INTC
INTC260417C00044000,44.0,7.6,7.1,7.4,125.0,2237.0,0.5688519677734375,True,CALL,2026-04-17,INTC
INTC260417C00045000,45.0,6.75,6.85,6.9,599.0,10423.0,0.5920450952148439,True,CALL,2026-04-17,INTC
INTC260417C00046000,46.0,6.5,5.9,6.4,572.0,7001.0,0.5690961059570312,True,CALL,2026-04-17,INTC
INTC260417C00047000,47.0,5.6,5.75,5.9,98.0,2168.0,0.5893595751953126,True,CALL,2026-04-17,INTC
INTC260417C00048000,48.0,5.21,5.3,5.4,199.0,15036.0,0.5886271606445312,True,CALL,2026-04-17,INTC
INTC260417C00049000,49.0,4.95,4.85,5.0,221.0,4034.0,0.5898478515625001,False,CALL,2026-04-17,INTC
INTC260417C00050000,50.0,4.5,4.5,4.6,1635.0,12128.0,0.5935099243164064,False,CALL,2026-04-17,INTC
INTC260417C00052500,52.5,3.66,3.65,3.8,1152.0,21596.0,0.6021768298339845,False,CALL,2026-04-17,INTC
INTC260417C00055000,55.0,3.0,2.98,3.1,1290.0,20419.0,0.6096230444335939,False,CALL,2026-04-17,INTC
INTC260417C00057500,57.5,2.49,2.44,2.51,57.0,1787.0,0.6162147753906251,False,CALL,2026-04-17,INTC
INTC260417C00060000,60.0,2.03,2.01,2.07,32149.0,32239.0,0.6259803027343751,False,CALL,2026-04-17,INTC
INTC260417C00062500,62.5,1.81,1.65,1.72,19.0,316.0,0.6350134155273439,False,CALL,2026-04-17,INTC
INTC260417P00034000,34.0,0.46,0.5,0.64,7.0,2364.0,0.6010782080078126,False,PUT,2026-04-17,INTC
INTC260417P00035000,35.0,0.65,0.61,0.69,8.0,16884.0,0.5844768115234374,False,PUT,2026-04-17,INTC
INTC260417P00036000,36.0,0.77,0.54,0.98,1.0,3018.0,0.5722699023437501,False,PUT,2026-04-17,INTC
INTC260417P00037000,37.0,1.0,0.87,1.01,405.0,9105.0,0.5722699023437501,False,PUT,2026-04-17,INTC
INTC260417P00038000,38.0,1.09,1.06,1.35,43.0,6063.0,0.5827678442382812,False,PUT,2026-04-17,INTC
INTC260417P00039000,39.0,1.4,1.31,1.37,13.0,3230.0,0.5639692041015626,False,PUT,2026-04-17,INTC
INTC260417P00040000,40.0,1.61,1.56,1.59,474.0,8251.0,0.5593305786132813,False,PUT,2026-04-17,INTC
INTC260417P00041000,41.0,1.95,1.83,1.87,174.0,1302.0,0.5564009204101563,False,PUT,2026-04-17,INTC
INTC260417P00042000,42.0,2.23,2.15,2.21,14.0,3289.0,0.5568891967773439,False,PUT,2026-04-17,INTC
INTC260417P00043000,43.0,2.64,2.51,2.55,53.0,1436.0,0.5556685058593751,False,PUT,2026-04-17,INTC
INTC260417P00044000,44.0,3.05,2.89,2.96,95.0,2732.0,0.5556685058593751,False,PUT,2026-04-17,INTC
INTC260417P00045000,45.0,3.5,3.3,3.55,325.0,5022.0,0.5644574804687501,False,PUT,2026-04-17,INTC
INTC260417P00046000,46.0,4.02,3.8,4.0,126.0,2321.0,0.5656781713867188,False,PUT,2026-04-17,INTC
INTC260417P00047000,47.0,4.4,4.3,4.4,103.0,1709.0,0.5603071313476562,False,PUT,2026-04-17,INTC
INTC260417P00048000,48.0,5.0,4.85,4.9,198.0,7665.0,0.5598188549804688,False,PUT,2026-04-17,INTC
INTC260417P00049000,49.0,5.5,5.35,5.45,196.0,1647.0,0.5559126440429689,True,PUT,2026-04-17,INTC
INTC260417P00050000,50.0,6.2,5.95,6.1,104.0,2483.0,0.559574716796875,True,PUT,2026-04-17,INTC
INTC260417P00052500,52.5,7.9,7.6,7.7,64.0,553.0,0.5620160986328125,True,PUT,2026-04-17,INTC
INTC260417P00055000,55.0,9.7,9.45,9.8,10.0,4998.0,0.5866740551757812,True,PUT,2026-04-17,INTC
INTC260417P00057500,57.5,14.05,11.3,11.8,12.0,14.0,0.5905802661132813,True,PUT,2026-04-17,INTC
INTC260417P00060000,60.0,13.45,13.4,14.05,13.0,145.0,0.6132851171875001,True,PUT,2026-04-17,INTC
INTC260417P00062500,62.5,16.0,15.6,15.95,9.0,4.0,0.6071816625976563,True,PUT,2026-04-17,INTC
INTC260515C00034000,34.0,15.22,14.8,15.5,2.0,1603.0,0.5981485498046876,True,CALL,2026-05-15,INTC
INTC260515C00035000,35.0,14.6,13.9,15.2,8.0,1674.0,0.6357458300781251,True,CALL,2026-05-15,INTC
INTC260515C00036000,36.0,14.35,12.85,14.45,7.0,1233.0,0.6132851171875001,True,CALL,2026-05-15,INTC
INTC260515C00037000,37.0,12.82,12.4,13.3,7.0,1352.0,0.6054726953125001,True,CALL,2026-05-15,INTC
INTC260515C00038000,38.0,12.9,11.7,12.4,258.0,2406.0,0.5952188916015625,True,CALL,2026-05-15,INTC
INTC260515C00039000,39.0,11.23,11.05,11.7,2.0,696.0,0.5991251025390626,True,CALL,2026-05-15,INTC
INTC260515C00040000,40.0,10.8,10.35,11.1,10.0,10641.0,0.6020547607421877,True,CALL,2026-05-15,INTC
INTC260515C00041000,41.0,9.9,9.75,10.35,8.0,836.0,0.5986368261718751,True,CALL,2026-05-15,INTC
INTC260515C00042000,42.0,9.65,9.1,9.65,31.0,1232.0,0.5920450952148439,True,CALL,2026-05-15,INTC
INTC260515C00043000,43.0,8.7,8.8,9.05,24.0,1034.0,0.6076699389648439,True,CALL,2026-05-15,INTC
INTC260515C00044000,44.0,8.6,8.1,8.45,9.0,1332.0,0.5981485498046876,True,CALL,2026-05-15,INTC
INTC260515C00045000,45.0,7.55,7.85,7.9,54.0,13164.0,0.6118202880859377,True,CALL,2026-05-15,INTC
INTC260515C00046000,46.0,7.26,7.0,7.45,24.0,1353.0,0.5971719970703125,True,CALL,2026-05-15,INTC
INTC260515C00047000,47.0,6.85,6.6,7.15,31.0,2198.0,0.6101113208007813,True,CALL,2026-05-15,INTC
INTC260515C00048000,48.0,6.2,6.4,6.5,387.0,1482.0,0.6127968408203126,True,CALL,2026-05-15,INTC
INTC260515C00049000,49.0,5.89,5.9,6.05,100.0,1363.0,0.6081582153320313,False,CALL,2026-05-15,INTC
INTC260515C00050000,50.0,5.69,5.6,5.75,364.0,14334.0,0.6181678808593751,False,CALL,2026-05-15,INTC
INTC260515C00052500,52.5,4.6,4.7,4.9,353.0,1342.0,0.6213416772460938,False,CALL,2026-05-15,INTC
INTC260515C00055000,55.0,4.05,4.0,4.15,741.0,8884.0,0.6268347863769532,False,CALL,2026-05-15,INTC
INTC260515C00057500,57.5,3.55,3.3,3.5,25.0,240.0,0.6259803027343751,False,CALL,2026-05-15,INTC
INTC260515C00060000,60.0,2.85,2.88,3.0,2524.0,18259.0,0.6372106591796876,False,CALL,2026-05-15,INTC
INTC260515C00062500,62.5,2.47,2.46,2.56,37.0,906.0,0.6433141137695313,False,CALL,2026-05-15,INTC
INTC260515P00034000,34.0,0.8,0.8,1.19,30.0,2748.0,0.6113320117187502,False,PUT,2026-05-15,INTC
INTC260515P00035000,35.0,1.06,1.04,1.13,194.0,5085.0,0.5913126806640626,False,PUT,2026-05-15,INTC
INTC260515P00036000,36.0,1.36,1.22,1.38,76.0,1520.0,0.5918009570312501,False,PUT,2026-05-15,INTC
INTC260515P00037000,37.0,1.51,1.46,1.63,3.0,10202.0,0.5925333715820313,False,PUT,2026-05-15,INTC
INTC260515P00038000,38.0,1.81,1.58,1.72,68.0,8437.0,0.5690961059570312,False,PUT,2026-05-15,INTC
INTC260515P00039000,39.0,2.14,1.92,2.03,17.0,876.0,0.5749554223632812,False,PUT,2026-05-15,INTC
INTC260515P00040000,40.0,2.4,2.27,2.33,62.0,7820.0,0.5764202514648438,False,PUT,2026-05-15,INTC
INTC260515P00041000,41.0,2.65,2.58,2.94,4.0,640.0,0.5903361279296876,False,PUT,2026-05-15,INTC
INTC260515P00042000,42.0,3.15,2.97,3.05,7.0,659.0,0.5756878369140624,False,PUT,2026-05-15,INTC
INTC260515P00043000,43.0,3.3,3.35,3.6,40.0,484.0,0.5825237060546875,False,PUT,2026-05-15,INTC
INTC260515P00044000,44.0,3.9,3.8,3.85,62.0,3885.0,0.5737347314453125,False,PUT,2026-05-15,INTC
INTC260515P00045000,45.0,4.41,4.2,4.45,236.0,5031.0,0.57812921875,False,PUT,2026-05-15,INTC
INTC260515P00046000,46.0,4.83,4.7,4.85,29.0,2111.0,0.5742230078125,False,PUT,2026-05-15,INTC
INTC260515P00047000,47.0,5.46,5.25,5.6,66.0,683.0,0.5874064697265625,False,PUT,2026-05-15,INTC
INTC260515P00048000,48.0,6.0,5.75,6.15,15.0,342.0,0.5856975024414062,False,PUT,2026-05-15,INTC
INTC260515P00049000,49.0,6.55,6.3,6.55,11.0,614.0,0.5764202514648438,True,PUT,2026-05-15,INTC
INTC260515P00050000,50.0,7.2,6.95,7.2,2.0,778.0,0.5817912915039063,True,PUT,2026-05-15,INTC
INTC260515P00052500,52.5,8.1,8.6,8.9,2.0,314.0,0.5897257824707032,True,PUT,2026-05-15,INTC
INTC260515P00055000,55.0,10.35,10.35,10.65,51.0,806.0,0.5920450952148439,True,PUT,2026-05-15,INTC
INTC260515P00057500,57.5,11.76,11.85,12.75,7.0,12.0,0.5871623315429688,True,PUT,2026-05-15,INTC
INTC260515P00060000,60.0,17.0,14.15,15.0,92.0,82.0,0.6218299536132813,True,PUT,2026-05-15,INTC
INTC260515P00062500,62.5,19.2,16.05,17.0,12.0,25.0,0.6132851171875001,True,PUT,2026-05-15,INTC
INTC260618C00034000,34.0,16.86,15.1,16.4,37.0,2657.0,0.6198768481445314,True,CALL,2026-06-18,INTC
INTC260618C00035000,35.0,15.4,14.5,15.55,8.0,20745.0,0.6235389208984375,True,CALL,2026-06-18,INTC
INTC260618C00036000,36.0,14.47,13.3,14.8,9.0,610.0,0.5900919897460939,True,CALL,2026-06-18,INTC
INTC260618C00037000,37.0,13.17,12.9,13.85,3.0,3864.0,0.5954630297851562,True,CALL,2026-06-18,INTC
INTC260618C00038000,38.0,13.15,12.35,13.0,41.0,18292.0,0.5942423388671876,True,CALL,2026-06-18,INTC
INTC260618C00039000,39.0,12.0,11.85,12.35,1.0,946.0,0.6042520043945314,True,CALL,2026-06-18,INTC
INTC260618C00040000,40.0,11.2,11.15,11.65,107.0,32120.0,0.5971719970703125,True,CALL,2026-06-18,INTC
INTC260618C00041000,41.0,11.0,10.4,11.35,67.0,1129.0,0.6059609716796877,True,CALL,2026-06-18,INTC
INTC260618C00042000,42.0,10.05,9.95,10.4,8.0,1265.0,0.594730615234375,True,CALL,2026-06-18,INTC
INTC260618C00043000,43.0,9.42,9.3,9.85,28.0,4438.0,0.5910685424804689,True,CALL,2026-06-18,INTC
INTC260618C00044000,44.0,9.45,9.0,9.25,21.0,2339.0,0.5992471716308594,True,CALL,2026-06-18,INTC
INTC260618C00045000,45.0,8.67,8.6,8.8,273.0,30965.0,0.6069375244140626,True,CALL,2026-06-18,INTC
INTC260618C00046000,46.0,7.9,7.8,8.3,29.0,2292.0,0.5925333715820313,True,CALL,2026-06-18,INTC
INTC260618C00047000,47.0,7.53,7.35,8.0,19.0,6916.0,0.6004678625488282,True,CALL,2026-06-18,INTC
INTC260618C00048000,48.0,7.08,7.2,7.45,885.0,12073.0,0.6082802844238282,True,CALL,2026-06-18,INTC
INTC260618C00049000,49.0,6.8,6.75,7.1,64.0,1724.0,0.6098671826171876,False,CALL,2026-06-18,INTC
INTC260618C00050000,50.0,6.5,6.4,6.6,893.0,72915.0,0.6076699389648439,False,CALL,2026-06-18,INTC
INTC260618C00052500,52.5,5.5,5.5,5.75,54.0,4010.0,0.6104775280761721,False,CALL,2026-06-18,INTC
INTC260618C00055000,55.0,4.87,4.8,5.05,472.0,12413.0,0.6184120190429689,False,CALL,2026-06-18,INTC
INTC260618C00057500,57.5,4.38,4.2,4.4,15.0,470.0,0.624149266357422,False,CALL,2026-06-18,INTC
INTC260618C00060000,60.0,3.75,3.7,3.8,2530.0,43212.0,0.6289099609375001,False,CALL,2026-06-18,INTC
INTC260618C00062500,62.5,3.42,3.15,3.4,67.0,1789.0,0.6335485864257813,False,CALL,2026-06-18,INTC
INTC260618P00034000,34.0,1.31,1.18,1.33,20.0,15020.0,0.5766643896484375,False,PUT,2026-06-18,INTC
INTC260618P00035000,35.0,1.5,1.32,1.53,37.0,15898.0,0.56836369140625,False,PUT,2026-06-18,INTC
INTC260618P00036000,36.0,1.67,1.53,1.68,59.0,17911.0,0.5593305786132813,False,PUT,2026-06-18,INTC
INTC260618P00037000,37.0,1.95,1.84,1.95,94.0,8967.0,0.5625043750000001,False,PUT,2026-06-18,INTC
INTC260618P00038000,38.0,2.21,2.0,2.22,5.0,4748.0,0.5529829858398438,False,PUT,2026-06-18,INTC
INTC260618P00039000,39.0,2.4,2.27,2.52,171.0,2970.0,0.5498091894531252,False,PUT,2026-06-18,INTC
INTC260618P00040000,40.0,2.82,2.78,2.84,149.0,10436.0,0.5578657495117189,False,PUT,2026-06-18,INTC
INTC260618P00041000,41.0,3.15,2.99,3.25,10.0,1698.0,0.5515181567382813,False,PUT,2026-06-18,INTC
INTC260618P00042000,42.0,3.55,3.55,3.6,2.0,4935.0,0.5576216113281252,False,PUT,2026-06-18,INTC
INTC260618P00043000,43.0,3.95,3.85,4.35,15.0,4047.0,0.5671430004882813,False,PUT,2026-06-18,INTC
INTC260618P00044000,44.0,4.37,4.4,4.7,40.0,6452.0,0.5667767932128907,False,PUT,2026-06-18,INTC
INTC260618P00045000,45.0,5.05,4.85,5.15,209.0,7395.0,0.5642133422851563,False,PUT,2026-06-18,INTC
INTC260618P00046000,46.0,5.64,5.4,5.5,9.0,3302.0,0.5593305786132813,False,PUT,2026-06-18,INTC
INTC260618P00047000,47.0,6.08,5.9,6.05,15.0,1917.0,0.5592085095214845,False,PUT,2026-06-18,INTC
INTC260618P00048000,48.0,6.7,6.45,6.7,186.0,1176.0,0.5632367895507813,False,PUT,2026-06-18,INTC
INTC260618P00049000,49.0,7.1,7.1,7.15,279.0,774.0,0.5610395458984375,True,PUT,2026-06-18,INTC
INTC260618P00050000,50.0,7.85,7.65,8.05,27.0,848.0,0.5717816259765626,True,PUT,2026-06-18,INTC
INTC260618P00052500,52.5,9.7,9.3,9.7,5.0,297.0,0.5766643896484375,True,PUT,2026-06-18,INTC
INTC260618P00055000,55.0,11.05,11.05,11.5,14.0,314.0,0.5820354296875,True,PUT,2026-06-18,INTC
INTC260618P00057500,57.5,13.2,12.9,13.15,3.0,112.0,0.5759319750976561,True,PUT,2026-06-18,INTC
INTC260618P00060000,60.0,15.2,14.8,15.4,2.0,602.0,0.5903361279296876,True,PUT,2026-06-18,INTC
INTC260618P00062500,62.5,19.6,16.45,17.8,1.0,5.0,0.5932657861328126,True,PUT,2026-06-18,INTC
INTC260717C00034000,34.0,14.5,15.2,16.85,12.0,1629.0,0.6030313134765627,True,CALL,2026-07-17,INTC
INTC260717C00035000,35.0,15.27,14.45,16.0,5.0,1029.0,0.5939982006835938,True,CALL,2026-07-17,INTC
INTC260717C00036000,36.0,14.49,13.85,15.3,5.0,109.0,0.6010782080078126,True,CALL,2026-07-17,INTC
INTC260717C00037000,37.0,13.7,13.3,14.65,3.0,86.0,0.6098671826171876,True,CALL,2026-07-17,INTC
INTC260717C00038000,38.0,13.16,12.75,13.7,5.0,291.0,0.6001016552734376,True,CALL,2026-07-17,INTC
INTC260717C00039000,39.0,12.56,12.1,12.95,3.0,126.0,0.5935099243164064,True,CALL,2026-07-17,INTC
INTC260717C00040000,40.0,12.07,11.6,12.45,9.0,1355.0,0.6042520043945314,True,CALL,2026-07-17,INTC
INTC260717C00041000,41.0,11.4,10.85,11.95,6.0,2535.0,0.6008340698242189,True,CALL,2026-07-17,INTC
INTC260717C00042000,42.0,11.75,10.0,11.15,22.0,359.0,0.5776409423828125,True,CALL,2026-07-17,INTC
INTC260717C00043000,43.0,10.1,9.9,10.95,1.0,344.0,0.6118202880859377,True,CALL,2026-07-17,INTC
INTC260717C00044000,44.0,9.65,9.4,9.95,47.0,1320.0,0.5922892333984376,True,CALL,2026-07-17,INTC
INTC260717C00045000,45.0,9.2,8.9,9.4,12.0,2009.0,0.5900919897460939,True,CALL,2026-07-17,INTC
INTC260717C00046000,46.0,8.77,8.6,8.95,8.0,311.0,0.5982706188964844,True,CALL,2026-07-17,INTC
INTC260717C00047000,47.0,8.15,8.05,8.8,7.0,243.0,0.6064492480468751,True,CALL,2026-07-17,INTC
INTC260717C00048000,48.0,7.77,7.8,8.0,8.0,609.0,0.5992471716308594,True,CALL,2026-07-17,INTC
INTC260717C00049000,49.0,7.33,7.3,7.7,23.0,332.0,0.6002237243652344,False,CALL,2026-07-17,INTC
INTC260717C00050000,50.0,7.15,6.8,7.3,378.0,16115.0,0.5959513061523438,False,CALL,2026-07-17,INTC
INTC260717C00052500,52.5,6.03,5.9,6.6,11.0,1001.0,0.6040078662109377,False,CALL,2026-07-17,INTC
INTC260717C00055000,55.0,5.62,5.4,5.65,189.0,3293.0,0.6096230444335939,False,CALL,2026-07-17,INTC
INTC260717C00057500,57.5,5.0,4.65,5.0,19.0,320.0,0.6098671826171876,False,CALL,2026-07-17,INTC
INTC260717C00060000,60.0,4.35,4.15,4.4,98.0,4963.0,0.615360291748047,False,CALL,2026-07-17,INTC
INTC260717C00062500,62.5,3.95,3.65,4.0,42.0,213.0,0.6231727136230469,False,CALL,2026-07-17,INTC
INTC260717P00034000,34.0,1.52,1.43,1.82,12.0,2141.0,0.5776409423828125,False,PUT,2026-07-17,INTC
INTC260717P00035000,35.0,1.9,1.65,2.04,170.0,3288.0,0.5727581787109376,False,PUT,2026-07-17,INTC
INTC260717P00036000,36.0,1.95,1.73,2.3,1.0,227.0,0.5598188549804688,False,PUT,2026-07-17,INTC
INTC260717P00037000,37.0,2.26,2.22,2.48,41.0,455.0,0.5643354113769532,False,PUT,2026-07-17,INTC
INTC260717P00038000,38.0,3.3,2.45,2.95,7.0,279.0,0.5671430004882813,False,PUT,2026-07-17,INTC
INTC260717P00039000,39.0,2.92,2.72,3.35,201.0,348.0,0.5658002404785156,False,PUT,2026-07-17,INTC
INTC260717P00040000,40.0,3.35,3.1,3.5,4.0,1773.0,0.5554243676757813,False,PUT,2026-07-17,INTC
INTC260717P00041000,41.0,3.8,3.65,3.8,76.0,1270.0,0.5583540258789064,False,PUT,2026-07-17,INTC
INTC260717P00042000,42.0,4.0,3.85,4.2,1.0,710.0,0.5476119458007813,False,PUT,2026-07-17,INTC
INTC260717P00043000,43.0,4.55,4.25,4.85,1.0,1021.0,0.5549360913085939,False,PUT,2026-07-17,INTC
INTC260717P00044000,44.0,4.9,4.9,5.3,50.0,513.0,0.5618940295410157,False,PUT,2026-07-17,INTC
INTC260717P00045000,45.0,5.4,5.3,5.65,44.0,2723.0,0.5522505712890625,False,PUT,2026-07-17,INTC
INTC260717P00046000,46.0,5.88,5.85,6.3,1.0,1178.0,0.5590864404296876,False,PUT,2026-07-17,INTC
INTC260717P00047000,47.0,6.57,6.25,6.7,93.0,1733.0,0.5483443603515626,False,PUT,2026-07-17,INTC
INTC260717P00048000,48.0,7.25,6.95,7.3,25.0,220.0,0.5554243676757813,False,PUT,2026-07-17,INTC
INTC260717P00049000,49.0,7.8,7.55,7.8,8.0,65.0,0.5529829858398438,True,PUT,2026-07-17,INTC
INTC260717P00050000,50.0,8.2,8.2,8.45,34.0,503.0,0.5566450585937501,True,PUT,2026-07-17,INTC
INTC260717P00052500,52.5,9.66,9.75,10.15,14.0,219.0,0.5590864404296876,True,PUT,2026-07-17,INTC
INTC260717P00055000,55.0,11.6,11.25,12.3,2.0,382.0,0.5682416223144531,True,PUT,2026-07-17,INTC
INTC260717P00057500,57.5,16.08,13.0,14.15,1.0,901.0,0.5677533459472657,True,PUT,2026-07-17,INTC
INTC260717P00060000,60.0,15.46,15.0,15.8,20.0,303.0,0.5617719604492188,True,PUT,2026-07-17,INTC
INTC260918C00035000,35.0,16.66,16.05,16.6,54.0,4270.0,0.6179237426757813,True,CALL,2026-09-18,INTC
INTC260918C00037000,37.0,14.9,14.7,15.7,7.0,8955.0,0.6306189282226562,True,CALL,2026-09-18,INTC
INTC260918C00040000,40.0,13.09,12.9,13.5,33.0,6263.0,0.609500975341797,True,CALL,2026-09-18,INTC
INTC260918C00042000,42.0,11.85,11.8,12.5,7.0,2373.0,0.6110878735351564,True,CALL,2026-09-18,INTC
INTC260918C00045000,45.0,10.63,10.55,10.9,58.0,3844.0,0.6136513244628907,True,CALL,2026-09-18,INTC
INTC260918C00047000,47.0,9.95,9.5,10.0,24.0,2714.0,0.6073037316894532,True,CALL,2026-09-18,INTC
INTC260918C00050000,50.0,8.52,8.45,8.9,224.0,8149.0,0.6154823608398439,False,CALL,2026-09-18,INTC
INTC260918C00052500,52.5,7.66,7.15,8.1,288.0,4474.0,0.6049844189453126,False,CALL,2026-09-18,INTC
INTC260918C00055000,55.0,6.89,6.8,7.15,144.0,5408.0,0.6148720153808593,False,CALL,2026-09-18,INTC
INTC260918C00057500,57.5,6.11,5.8,6.5,9.0,336.0,0.6080361462402344,False,CALL,2026-09-18,INTC
INTC260918C00060000,60.0,5.65,5.5,5.85,177.0,10060.0,0.619388571777344,False,CALL,2026-09-18,INTC
INTC260918C00062500,62.5,5.1,5.0,5.3,137.0,34.0,0.6231727136230469,False,CALL,2026-09-18,INTC
INTC260918P00035000,35.0,2.49,2.48,2.66,458.0,35224.0,0.5651898950195313,False,PUT,2026-09-18,INTC
INTC260918P00037000,37.0,3.22,3.1,3.35,5.0,6833.0,0.5634809277343751,False,PUT,2026-09-18,INTC
INTC260918P00040000,40.0,4.2,4.2,4.6,1074.0,4998.0,0.563602996826172,False,PUT,2026-09-18,INTC
INTC260918P00042000,42.0,5.17,5.1,5.35,11.0,1029.0,0.5585981640625001,False,PUT,2026-09-18,INTC
INTC260918P00045000,45.0,6.36,6.5,6.85,9.0,8735.0,0.555790574951172,False,PUT,2026-09-18,INTC
INTC260918P00047000,47.0,7.7,7.45,8.05,6.0,3627.0,0.5545698840332032,False,PUT,2026-09-18,INTC
INTC260918P00050000,50.0,9.14,9.3,10.0,282.0,473.0,0.562626444091797,True,PUT,2026-09-18,INTC
INTC260918P00052500,52.5,10.74,10.6,11.6,230.0,82.0,0.5528609167480469,True,PUT,2026-09-18,INTC
INTC260918P00055000,55.0,12.85,12.5,13.15,1.0,321.0,0.5545698840332032,True,PUT,2026-09-18,INTC
INTC260918P00057500,57.5,15.73,14.15,15.2,7.0,432.0,0.5585981640625001,True,PUT,2026-09-18,INTC
INTC260918P00060000,60.0,16.38,15.9,16.9,7.0,267.0,0.549076774902344,True,PUT,2026-09-18,INTC
INTC261120C00035000,35.0,17.45,16.1,18.1,20.0,98.0,0.6137733935546876,True,CALL,2026-11-20,INTC
INTC261120C00037000,37.0,16.17,14.4,16.7,1.0,86.0,0.5866740551757812,True,CALL,2026-11-20,INTC
INTC261120C00040000,40.0,14.5,13.7,14.95,5.0,329.0,0.619388571777344,True,CALL,2026-11-20,INTC
INTC261120C00042000,42.0,13.35,12.9,13.55,702.0,1419.0,0.6134071862792969,True,CALL,2026-11-20,INTC
INTC261120C00045000,45.0,12.1,11.6,12.45,5.0,305.0,0.6254920263671876,True,CALL,2026-11-20,INTC
INTC261120C00047000,47.0,11.32,10.45,11.25,19.0,376.0,0.6053506262207033,True,CALL,2026-11-20,INTC
INTC261120C00050000,50.0,10.05,9.55,10.05,93.0,2500.0,0.6121864953613283,False,CALL,2026-11-20,INTC
INTC261120C00052500,52.5,9.25,8.55,9.5,2.0,158.0,0.6180458117675782,False,CALL,2026-11-20,INTC
INTC261120C00055000,55.0,8.2,7.7,8.5,30.0,763.0,0.6104775280761721,False,CALL,2026-11-20,INTC
INTC261120C00057500,57.5,7.4,6.9,7.85,5.0,114.0,0.6104775280761721,False,CALL,2026-11-20,INTC
INTC261120C00060000,60.0,7.0,6.5,7.3,1.0,352.0,0.6210975390625001,False,CALL,2026-11-20,INTC
INTC261120C00062500,62.5,6.25,6.05,6.65,1.0,6.0,0.6239661627197266,False,CALL,2026-11-20,INTC
INTC261120P00035000,35.0,3.2,2.86,3.4,1.0,689.0,0.5505416040039064,False,PUT,2026-11-20,INTC
INTC261120P00037000,37.0,3.81,3.75,4.25,26.0,723.0,0.5612836840820312,False,PUT,2026-11-20,INTC
INTC261120P00040000,40.0,5.33,4.9,5.5,3.0,1306.0,0.5564009204101563,False,PUT,2026-11-20,INTC
INTC261120P00042000,42.0,5.87,5.65,6.45,103.0,569.0,0.5502974658203126,False,PUT,2026-11-20,INTC
INTC261120P00045000,45.0,7.55,7.2,7.85,4.0,3845.0,0.5459029785156251,False,PUT,2026-11-20,INTC
INTC261120P00047000,47.0,10.5,7.45,9.2,1.0,48.0,0.5266160620117188,False,PUT,2026-11-20,INTC
INTC261120P00050000,50.0,10.05,10.15,11.0,1.0,53.0,0.5533491931152343,True,PUT,2026-11-20,INTC
INTC261120P00052500,52.5,12.0,11.85,12.4,3.0,10.0,0.5498091894531252,True,PUT,2026-11-20,INTC
INTC261120P00055000,55.0,14.0,12.85,14.4,40.0,101.0,0.5383346948242189,True,PUT,2026-11-20,INTC
INTC261120P00060000,60.0,17.23,16.8,18.05,2.0,7.0,0.547978153076172,True,PUT,2026-11-20,INTC
INTC261218C00035000,35.0,17.76,17.45,18.0,24.0,16137.0,0.6364782446289063,True,CALL,2026-12-18,INTC
INTC261218C00038000,38.0,15.55,15.45,16.05,6.0,4351.0,0.6169471899414063,True,CALL,2026-12-18,INTC
INTC261218C00040000,40.0,15.16,14.3,14.9,55.0,34313.0,0.6108437353515627,True,CALL,2026-12-18,INTC
INTC261218C00043000,43.0,13.7,12.75,13.7,164.0,7856.0,0.6165809826660158,True,CALL,2026-12-18,INTC
INTC261218C00045000,45.0,12.33,12.25,12.55,254.0,15231.0,0.6207313317871095,True,CALL,2026-12-18,INTC
INTC261218C00047000,47.0,11.32,11.1,11.6,10.0,6283.0,0.6080361462402344,True,CALL,2026-12-18,INTC
INTC261218C00050000,50.0,10.39,10.3,10.55,288.0,38481.0,0.6208534008789064,False,CALL,2026-12-18,INTC
INTC261218C00052500,52.5,9.05,9.2,9.6,2.0,560.0,0.6118202880859377,False,CALL,2026-12-18,INTC
INTC261218C00055000,55.0,8.55,8.6,8.85,548.0,36351.0,0.618289949951172,False,CALL,2026-12-18,INTC
INTC261218C00057500,57.5,7.85,7.8,8.3,5.0,66.0,0.6209754699707033,False,CALL,2026-12-18,INTC
INTC261218C00060000,60.0,7.23,7.2,7.55,429.0,29478.0,0.6202430554199221,False,CALL,2026-12-18,INTC
INTC261218C00062500,62.5,6.83,6.55,6.95,147.0,162.0,0.6190223645019532,False,CALL,2026-12-18,INTC
INTC261218P00035000,35.0,3.4,3.15,3.5,14.0,22286.0,0.5419967675781252,False,PUT,2026-12-18,INTC
INTC261218P00038000,38.0,4.48,4.35,4.6,22.0,5187.0,0.5415084912109377,False,PUT,2026-12-18,INTC
INTC261218P00040000,40.0,5.4,5.3,5.45,124.0,22000.0,0.5433395275878907,False,PUT,2026-12-18,INTC
INTC261218P00043000,43.0,6.65,6.7,6.85,112.0,1917.0,0.5399215930175782,False,PUT,2026-12-18,INTC
INTC261218P00045000,45.0,7.8,7.7,7.9,225.0,1585.0,0.5379684875488282,False,PUT,2026-12-18,INTC
INTC261218P00047000,47.0,8.95,8.85,9.0,142.0,525.0,0.5377243493652344,False,PUT,2026-12-18,INTC
INTC261218P00050000,50.0,10.8,10.6,11.05,92.0,834.0,0.5427291821289064,True,PUT,2026-12-18,INTC
INTC261218P00052500,52.5,12.2,12.25,12.4,8.0,104.0,0.536259520263672,True,PUT,2026-12-18,INTC
INTC261218P00055000,55.0,13.8,13.9,14.55,9.0,951.0,0.5473678076171876,True,PUT,2026-12-18,INTC
INTC261218P00057500,57.5,13.3,15.65,16.35,,50.0,0.5472457385253908,True,PUT,2026-12-18,INTC
INTC261218P00060000,60.0,18.1,17.35,18.3,2.0,834.0,0.5459029785156251,True,PUT,2026-12-18,INTC
INTC270115C00035000,35.0,18.17,17.6,18.3,77.0,25345.0,0.6274451318359376,True,CALL,2027-01-15,INTC
INTC270115C00037000,37.0,16.93,16.4,17.05,90.0,6634.0,0.6209754699707033,True,CALL,2027-01-15,INTC
INTC270115C00040000,40.0,14.9,15.05,15.35,246.0,57937.0,0.6242713354492189,True,CALL,2027-01-15,INTC
INTC270115C00042000,42.0,14.31,14.05,14.65,15.0,8175.0,0.6314734118652343,True,CALL,2027-01-15,INTC
INTC270115C00045000,45.0,12.7,12.4,12.9,247.0,14009.0,0.6099892517089844,True,CALL,2027-01-15,INTC
INTC270115C00047000,47.0,11.9,11.9,12.15,80.0,2462.0,0.6212196081542969,True,CALL,2027-01-15,INTC
INTC270115C00050000,50.0,10.67,10.5,11.0,1086.0,20750.0,0.6132851171875001,False,CALL,2027-01-15,INTC
INTC270115C00052500,52.5,9.83,9.6,10.1,17.0,974.0,0.6110878735351564,False,CALL,2027-01-15,INTC
INTC270115C00055000,55.0,8.9,9.0,9.3,302.0,15248.0,0.6157875335693359,False,CALL,2027-01-15,INTC
INTC270115C00057500,57.5,8.45,7.75,8.65,47.0,198.0,0.603763728027344,False,CALL,2027-01-15,INTC
INTC270115C00060000,60.0,7.9,7.75,8.0,1641.0,20928.0,0.6215858154296876,False,CALL,2027-01-15,INTC
INTC270115C00062500,62.5,7.15,6.65,7.4,82.0,163.0,0.6085854571533205,False,CALL,2027-01-15,INTC
INTC270115P00035000,35.0,3.65,3.45,3.8,37.0,25646.0,0.5433395275878907,False,PUT,2027-01-15,INTC
INTC270115P00037000,37.0,4.45,4.3,4.55,1.0,8103.0,0.5448043566894532,False,PUT,2027-01-15,INTC
INTC270115P00040000,40.0,5.8,5.55,5.85,82.0,9811.0,0.5421188366699221,False,PUT,2027-01-15,INTC
INTC270115P00042000,42.0,6.61,6.45,6.75,83.0,1255.0,0.5379684875488282,False,PUT,2027-01-15,INTC
INTC270115P00045000,45.0,8.17,8.1,8.4,73.0,6419.0,0.5418746984863283,False,PUT,2027-01-15,INTC
INTC270115P00047000,47.0,9.13,9.0,9.5,22.0,650.0,0.5340012420654296,False,PUT,2027-01-15,INTC
INTC270115P00050000,50.0,11.2,10.95,11.25,19.0,2023.0,0.5355271057128907,True,PUT,2027-01-15,INTC
INTC270115P00052500,52.5,12.8,12.3,12.85,125.0,189.0,0.5278367529296876,True,PUT,2027-01-15,INTC
INTC270115P00055000,55.0,14.55,14.25,14.5,16.0,690.0,0.5330857238769531,True,PUT,2027-01-15,INTC
INTC270115P00057500,57.5,16.2,15.95,16.35,16.0,59.0,0.5329636547851562,True,PUT,2027-01-15,INTC
INTC270115P00060000,60.0,18.0,17.8,18.2,50.0,668.0,0.53320779296875,True,PUT,2027-01-15,INTC
INTC270319C00035000,35.0,19.34,17.85,19.2,115.0,1098.0,0.6171913281250001,True,CALL,2027-03-19,INTC
INTC270319C00037000,37.0,17.81,17.0,18.55,21.0,757.0,0.6389196264648438,True,CALL,2027-03-19,INTC
INTC270319C00040000,40.0,16.15,15.65,16.2,9.0,3921.0,0.6175575354003908,True,CALL,2027-03-19,INTC
INTC270319C00042000,42.0,15.0,14.65,15.7,16.0,822.0,0.6279334082031252,True,CALL,2027-03-19,INTC
INTC270319C00045000,45.0,13.62,13.1,14.15,117.0,2768.0,0.6137733935546876,True,CALL,2027-03-19,INTC
INTC270319C00047000,47.0,13.05,12.5,13.25,58.0,583.0,0.6162758099365235,True,CALL,2027-03-19,INTC
INTC270319C00050000,50.0,11.9,11.4,12.05,188.0,4428.0,0.6138954626464845,False,CALL,2027-03-19,INTC
INTC270319C00052500,52.5,10.4,10.15,11.45,20.0,502.0,0.6098671826171876,False,CALL,2027-03-19,INTC
INTC270319C00055000,55.0,10.31,9.8,10.35,163.0,1503.0,0.6124306335449221,False,CALL,2027-03-19,INTC
INTC270319C00057500,57.5,10.04,8.55,10.0,2.0,85.0,0.6084023535156251,False,CALL,2027-03-19,INTC
INTC270319C00060000,60.0,9.0,8.6,9.1,27.0,3792.0,0.6199989172363283,False,CALL,2027-03-19,INTC
INTC270319C00062500,62.5,7.77,7.8,8.65,30.0,72.0,0.6192665026855471,False,CALL,2027-03-19,INTC
INTC270319P00035000,35.0,4.27,3.8,4.55,6.0,1525.0,0.5390671093750001,False,PUT,2027-03-19,INTC
INTC270319P00037000,37.0,4.85,3.9,5.3,202.0,2707.0,0.5131884619140624,False,PUT,2027-03-19,INTC
INTC270319P00040000,40.0,6.17,6.1,6.5,32.0,779.0,0.5346726220703125,False,PUT,2027-03-19,INTC
INTC270319P00042000,42.0,7.2,6.95,7.75,34.0,252.0,0.5374802111816408,False,PUT,2027-03-19,INTC
INTC270319P00045000,45.0,8.93,8.4,9.35,1.0,426.0,0.5320481365966796,False,PUT,2027-03-19,INTC
INTC270319P00047000,47.0,9.65,9.55,10.55,37.0,72.0,0.5328415856933593,False,PUT,2027-03-19,INTC
INTC270319P00050000,50.0,11.96,11.4,12.4,3.0,673.0,0.5330857238769531,True,PUT,2027-03-19,INTC
INTC270319P00052500,52.5,15.44,12.9,14.0,1.0,105.0,0.5290574438476563,True,PUT,2027-03-19,INTC
INTC270319P00055000,55.0,14.89,14.75,15.45,5.0,224.0,0.526371923828125,True,PUT,2027-03-19,INTC
INTC270319P00057500,57.5,17.74,16.35,17.5,20.0,20.0,0.5287522711181643,True,PUT,2027-03-19,INTC
INTC270319P00060000,60.0,21.02,18.05,20.35,1.0,292.0,0.5500533276367189,True,PUT,2027-03-19,INTC
INTC271217C00035000,35.0,21.3,21.15,21.8,4.0,17679.0,0.6334265173339844,True,CALL,2027-12-17,INTC
INTC271217C00037000,37.0,21.25,19.75,21.25,28.0,2653.0,0.6307409973144531,True,CALL,2027-12-17,INTC
INTC271217C00040000,40.0,19.0,18.55,19.4,29.0,1933.0,0.6199989172363283,True,CALL,2027-12-17,INTC
INTC271217C00042000,42.0,18.55,18.05,18.6,66.0,1103.0,0.6273230627441408,True,CALL,2027-12-17,INTC
INTC271217C00045000,45.0,17.45,16.6,18.35,8.0,3982.0,0.639652041015625,True,CALL,2027-12-17,INTC
INTC271217C00047000,47.0,15.9,15.35,16.55,5.0,1353.0,0.6049844189453126,True,CALL,2027-12-17,INTC
INTC271217C00050000,50.0,15.2,15.2,15.55,39.0,2894.0,0.6226234027099609,False,CALL,2027-12-17,INTC
INTC271217C00052500,52.5,14.84,14.0,14.9,4.0,216.0,0.6165809826660158,False,CALL,2027-12-17,INTC
INTC271217C00055000,55.0,13.9,13.4,14.05,1.0,2518.0,0.6165809826660158,False,CALL,2027-12-17,INTC
INTC271217C00057500,57.5,12.55,12.05,13.6,4.0,167.0,0.6081582153320313,False,CALL,2027-12-17,INTC
INTC271217C00060000,60.0,12.29,11.9,12.6,15.0,2755.0,0.6107216662597659,False,CALL,2027-12-17,INTC
INTC271217C00062500,62.5,9.45,10.5,13.25,3.0,114.0,0.6193275372314455,False,CALL,2027-12-17,INTC
INTC271217P00035000,35.0,6.17,6.0,6.35,21.0,5008.0,0.5249070947265625,False,PUT,2027-12-17,INTC
INTC271217P00037000,37.0,7.07,6.95,7.25,6.0,1377.0,0.5229539892578124,False,PUT,2027-12-17,INTC
INTC271217P00040000,40.0,8.63,8.4,8.55,4.0,6328.0,0.5147753601074219,False,PUT,2027-12-17,INTC
INTC271217P00042000,42.0,9.26,9.0,9.95,60.0,758.0,0.5105029418945313,False,PUT,2027-12-17,INTC
INTC271217P00045000,45.0,11.3,10.6,11.6,38.0,99.0,0.5056201782226561,False,PUT,2027-12-17,INTC
INTC271217P00047000,47.0,13.64,10.95,13.75,4.0,315.0,0.506840869140625,False,PUT,2027-12-17,INTC
INTC271217P00050000,50.0,13.68,13.6,14.7,11.0,332.0,0.5022632781982423,True,PUT,2027-12-17,INTC
INTC271217P00052500,52.5,17.15,14.3,17.5,25.0,28.0,0.5054370745849608,True,PUT,2027-12-17,INTC
INTC271217P00055000,55.0,18.92,16.05,17.8,1.0,75.0,0.5119067364501952,True,PUT,2027-12-17,INTC
INTC271217P00060000,60.0,22.55,19.35,22.5,1.0,80.0,0.5524947094726562,True,PUT,2027-12-17,INTC
INTC280121C00035000,35.0,22.34,21.5,22.1,34.0,4226.0,0.6344641046142578,True,CALL,2028-01-21,INTC
INTC280121C00037000,37.0,21.94,19.6,21.95,15.0,3328.0,0.6286658227539064,True,CALL,2028-01-21,INTC
INTC280121C00040000,40.0,19.4,19.25,20.05,81.0,9145.0,0.6356237609863282,True,CALL,2028-01-21,INTC
INTC280121C00042000,42.0,18.72,17.5,19.3,2.0,1654.0,0.6152992572021485,True,CALL,2028-01-21,INTC
INTC280121C00045000,45.0,16.9,16.9,17.7,49.0,7624.0,0.6165809826660158,True,CALL,2028-01-21,INTC
INTC280121C00047000,47.0,16.72,16.1,17.0,147.0,2035.0,0.6146889117431642,True,CALL,2028-01-21,INTC
INTC280121C00050000,50.0,15.65,15.2,16.1,266.0,12428.0,0.618289949951172,False,CALL,2028-01-21,INTC
INTC280121C00052500,52.5,15.05,14.4,15.15,20.0,938.0,0.6140785662841797,False,CALL,2028-01-21,INTC
INTC280121C00055000,55.0,13.97,13.7,14.4,38.0,5465.0,0.613956497192383,False,CALL,2028-01-21,INTC
INTC280121C00057500,57.5,13.55,13.1,13.65,52.0,277.0,0.6140175317382813,False,CALL,2028-01-21,INTC
INTC280121C00060000,60.0,12.49,12.4,13.0,112.0,9400.0,0.6125527026367189,False,CALL,2028-01-21,INTC
INTC280121C00062500,62.5,11.88,11.4,12.8,2.0,12.0,0.6125527026367189,False,CALL,2028-01-21,INTC
INTC280121P00035000,35.0,6.5,6.15,6.5,11.0,9135.0,0.5196581237792968,False,PUT,2028-01-21,INTC
INTC280121P00037000,37.0,7.14,7.1,7.95,1.0,2236.0,0.5306443420410156,False,PUT,2028-01-21,INTC
INTC280121P00040000,40.0,8.85,8.55,8.85,62.0,3998.0,0.5122119091796875,False,PUT,2028-01-21,INTC
INTC280121P00042000,42.0,9.81,9.5,9.95,5.0,650.0,0.5086719055175781,False,PUT,2028-01-21,INTC
INTC280121P00045000,45.0,11.32,11.0,11.6,5.0,3220.0,0.5014087945556642,False,PUT,2028-01-21,INTC
INTC280121P00047000,47.0,12.25,12.0,13.05,22.0,520.0,0.5014087945556642,False,PUT,2028-01-21,INTC
INTC280121P00050000,50.0,14.23,13.55,15.0,10.0,923.0,0.5228319201660157,True,PUT,2028-01-21,INTC
INTC280121P00052500,52.5,17.35,15.4,16.55,1.0,293.0,0.5177050183105469,True,PUT,2028-01-21,INTC
INTC280121P00055000,55.0,17.05,17.05,18.25,6.0,411.0,0.5162401892089843,True,PUT,2028-01-21,INTC
INTC280121P00057500,57.5,19.39,17.4,19.75,9.0,130.0,0.5053760400390624,True,PUT,2028-01-21,INTC
INTC280121P00060000,60.0,21.1,20.85,21.5,2.0,438.0,0.5019581054687501,True,PUT,2028-01-21,INTC
INTC280121P00062500,62.5,23.75,22.25,23.65,3.0,3.0,0.5116625982666017,True,PUT,2028-01-21,INTC
IONQ260130C00035000,35.0,10.6,6.95,9.35,2.0,10.0,1.8046884765624998,True,CALL,2026-01-30,IONQ
IONQ260130C00036000,36.0,6.55,6.0,8.1,1.0,14.0,1.2500037499999999,True,CALL,2026-01-30,IONQ
IONQ260130C00037000,37.0,7.02,4.85,7.15,1.0,14.0,2.81250296875,True,CALL,2026-01-30,IONQ
IONQ260130C00038000,38.0,5.47,4.6,6.35,2.0,53.0,1.736329443359375,True,CALL,2026-01-30,IONQ
IONQ260130C00039000,39.0,5.4,2.9,5.15,2.0,62.0,0.6250037500000001,True,CALL,2026-01-30,IONQ
IONQ260130C00040000,40.0,3.05,3.05,3.65,66.0,119.0,1.091801416015625,True,CALL,2026-01-30,IONQ
IONQ260130C00041000,41.0,3.02,2.14,3.15,4.0,18.0,1.142582412109375,True,CALL,2026-01-30,IONQ
IONQ260130C00041500,41.5,2.25,1.84,2.03,8.0,5.0,0.8027363476562499,True,CALL,2026-01-30,IONQ
IONQ260130C00042000,42.0,1.5,1.46,1.69,36.0,172.0,0.78711150390625,True,CALL,2026-01-30,IONQ
IONQ260130C00043000,43.0,1.13,0.94,1.1,166.0,280.0,0.79883013671875,True,CALL,2026-01-30,IONQ
IONQ260130C00044000,44.0,0.61,0.54,0.68,247.0,290.0,0.8007832421875,False,CALL,2026-01-30,IONQ
IONQ260130C00044500,44.5,0.52,0.42,0.5,125.0,398.0,0.804689453125,False,CALL,2026-01-30,IONQ
IONQ260130C00045000,45.0,0.37,0.3,0.39,539.0,701.0,0.8105487695312499,False,CALL,2026-01-30,IONQ
IONQ260130C00045500,45.5,0.3,0.24,0.35,421.0,292.0,0.8632826171875,False,CALL,2026-01-30,IONQ
IONQ260130C00046000,46.0,0.2,0.16,0.27,582.0,664.0,0.8632826171875,False,CALL,2026-01-30,IONQ
IONQ260130C00046500,46.5,0.17,0.09,0.18,245.0,369.0,0.8320329296874999,False,CALL,2026-01-30,IONQ
IONQ260130C00047000,47.0,0.11,0.11,0.15,183.0,1468.0,0.90429783203125,False,CALL,2026-01-30,IONQ
IONQ260130C00047500,47.5,0.12,0.09,0.14,69.0,943.0,0.9531254687499999,False,CALL,2026-01-30,IONQ
IONQ260130C00048000,48.0,0.1,0.07,0.14,560.0,1234.0,1.0039112304687499,False,CALL,2026-01-30,IONQ
IONQ260130C00048500,48.5,0.05,0.05,0.09,109.0,411.0,0.98437515625,False,CALL,2026-01-30,IONQ
IONQ260130C00049000,49.0,0.12,0.05,0.15,223.0,977.0,1.1328168359375002,False,CALL,2026-01-30,IONQ
IONQ260130C00049500,49.5,0.12,0.03,0.09,69.0,402.0,1.0859420703125,False,CALL,2026-01-30,IONQ
IONQ260130C00050000,50.0,0.04,0.04,0.05,560.0,3234.0,1.0859420703125,False,CALL,2026-01-30,IONQ
IONQ260130C00051000,51.0,0.02,0.03,0.05,159.0,1402.0,1.1796916015624999,False,CALL,2026-01-30,IONQ
IONQ260130C00052000,52.0,0.03,0.02,0.12,157.0,1767.0,1.421877890625,False,CALL,2026-01-30,IONQ
IONQ260130C00053000,53.0,0.06,0.03,0.1,164.0,1490.0,1.5156274218749999,False,CALL,2026-01-30,IONQ
IONQ260130C00054000,54.0,0.04,0.02,0.05,200.0,1484.0,1.46875265625,False,CALL,2026-01-30,IONQ
IONQ260130C00055000,55.0,0.02,0.01,0.03,135.0,4685.0,1.453127734375,False,CALL,2026-01-30,IONQ
IONQ260130P00035000,35.0,0.03,0.02,0.03,83.0,815.0,1.3281283593749997,False,PUT,2026-01-30,IONQ
IONQ260130P00036000,36.0,0.09,0.01,0.09,33.0,575.0,1.3125034374999998,False,PUT,2026-01-30,IONQ
IONQ260130P00037000,37.0,0.03,0.03,0.08,235.0,120.0,1.1640666796875,False,PUT,2026-01-30,IONQ
IONQ260130P00037500,37.5,0.03,0.03,0.04,46.0,78.0,0.992187578125,False,PUT,2026-01-30,IONQ
IONQ260130P00038000,38.0,0.05,0.03,0.1,136.0,535.0,1.0234423828125,False,PUT,2026-01-30,IONQ
IONQ260130P00039000,39.0,0.1,0.04,0.1,41.0,589.0,0.85937640625,False,PUT,2026-01-30,IONQ
IONQ260130P00039500,39.5,0.08,0.05,0.16,10.0,148.0,0.851563984375,False,PUT,2026-01-30,IONQ
IONQ260130P00040000,40.0,0.13,0.11,0.15,345.0,1873.0,0.8007832421875,False,PUT,2026-01-30,IONQ
IONQ260130P00040500,40.5,0.23,0.16,0.27,3.0,277.0,0.8203142968749999,False,PUT,2026-01-30,IONQ
IONQ260130P00041000,41.0,0.26,0.23,0.31,175.0,1008.0,0.773439765625,False,PUT,2026-01-30,IONQ
IONQ260130P00041500,41.5,0.31,0.33,0.44,59.0,729.0,0.7675804492187501,False,PUT,2026-01-30,IONQ
IONQ260130P00042000,42.0,0.49,0.42,0.49,228.0,1912.0,0.692385888671875,False,PUT,2026-01-30,IONQ
IONQ260130P00042500,42.5,0.6,0.6,0.77,169.0,526.0,0.727541787109375,False,PUT,2026-01-30,IONQ
IONQ260130P00043000,43.0,0.92,0.84,0.99,587.0,1863.0,0.725588681640625,False,PUT,2026-01-30,IONQ
IONQ260130P00043500,43.5,1.22,1.12,1.2,404.0,485.0,0.70117486328125,True,PUT,2026-01-30,IONQ
IONQ260130P00044000,44.0,1.47,1.4,1.62,396.0,1739.0,0.727541787109375,True,PUT,2026-01-30,IONQ
IONQ260130P00044500,44.5,1.87,1.83,1.98,69.0,1201.0,0.7656273437500001,True,PUT,2026-01-30,IONQ
IONQ260130P00045000,45.0,2.16,2.15,2.36,588.0,2268.0,0.7304714453125,True,PUT,2026-01-30,IONQ
IONQ260130P00045500,45.5,2.1,2.49,2.78,30.0,438.0,0.6796907031250001,True,PUT,2026-01-30,IONQ
IONQ260130P00046000,46.0,3.1,2.89,3.25,96.0,1168.0,0.6562534375000001,True,PUT,2026-01-30,IONQ
IONQ260130P00046500,46.5,3.07,3.15,3.7,19.0,413.0,0.9511723632812499,True,PUT,2026-01-30,IONQ
IONQ260130P00047000,47.0,4.03,3.9,4.2,55.0,943.0,0.7617211328125001,True,PUT,2026-01-30,IONQ
IONQ260130P00047500,47.5,4.54,4.35,4.65,29.0,326.0,0.6250037500000001,True,PUT,2026-01-30,IONQ
IONQ260130P00048000,48.0,4.9,4.8,5.15,60.0,654.0,1.119145029296875,True,PUT,2026-01-30,IONQ
IONQ260130P00048500,48.5,5.09,4.85,5.65,26.0,293.0,1.1953165234375,True,PUT,2026-01-30,IONQ
IONQ260130P00049000,49.0,5.51,5.65,6.15,112.0,254.0,1.2695349023437497,True,PUT,2026-01-30,IONQ
IONQ260130P00049500,49.5,3.6,5.3,7.2,1.0,65.0,2.0976610058593748,True,PUT,2026-01-30,IONQ
IONQ260130P00050000,50.0,6.2,6.2,7.1,80.0,669.0,1.3007847460937496,True,PUT,2026-01-30,IONQ
IONQ260130P00051000,51.0,7.16,7.25,8.35,18.0,193.0,1.90234423828125,True,PUT,2026-01-30,IONQ
IONQ260130P00052000,52.0,8.15,8.25,9.25,4.0,85.0,1.8828130859374999,True,PUT,2026-01-30,IONQ
IONQ260130P00053000,53.0,9.64,9.3,10.1,20.0,127.0,1.67578287109375,True,PUT,2026-01-30,IONQ
IONQ260130P00054000,54.0,10.62,10.35,11.1,22.0,78.0,1.7890635546875,True,PUT,2026-01-30,IONQ
IONQ260130P00055000,55.0,11.95,11.2,12.25,6.0,61.0,2.2773480566406246,True,PUT,2026-01-30,IONQ
IONQ260206C00035000,35.0,10.28,7.2,9.7,1.0,41.0,1.1464886425781249,True,CALL,2026-02-06,IONQ
IONQ260206C00036000,36.0,9.33,6.25,8.3,1.0,2.0,0.8886729882812499,True,CALL,2026-02-06,IONQ
IONQ260206C00037000,37.0,14.54,5.9,7.45,6.0,12.0,1.0615281298828125,True,CALL,2026-02-06,IONQ
IONQ260206C00038000,38.0,6.35,5.0,6.5,3.0,8.0,0.9785158398437501,True,CALL,2026-02-06,IONQ
IONQ260206C00039000,39.0,6.97,3.6,5.75,1.0,5.0,0.8115253222656249,True,CALL,2026-02-06,IONQ
IONQ260206C00040000,40.0,4.35,3.95,4.7,4.0,26.0,0.9780275634765626,True,CALL,2026-02-06,IONQ
IONQ260206C00041000,41.0,3.98,3.25,3.6,19.0,131.0,0.8667005517578125,True,CALL,2026-02-06,IONQ
IONQ260206C00042000,42.0,2.83,2.74,2.93,23.0,74.0,0.8618177880859376,True,CALL,2026-02-06,IONQ
IONQ260206C00043000,43.0,2.39,2.23,2.42,152.0,282.0,0.86132951171875,True,CALL,2026-02-06,IONQ
IONQ260206C00044000,44.0,1.93,1.81,1.97,90.0,128.0,0.8632826171875,False,CALL,2026-02-06,IONQ
IONQ260206C00045000,45.0,1.5,1.45,1.59,261.0,102.0,0.8652357226562499,False,CALL,2026-02-06,IONQ
IONQ260206C00046000,46.0,1.19,1.13,1.29,72.0,223.0,0.867188828125,False,CALL,2026-02-06,IONQ
IONQ260206C00046500,46.5,1.06,0.99,1.07,45.0,39.0,0.8491226025390625,False,CALL,2026-02-06,IONQ
IONQ260206C00047000,47.0,0.98,0.9,1.03,208.0,100.0,0.8745129736328124,False,CALL,2026-02-06,IONQ
IONQ260206C00047500,47.5,0.84,0.79,0.94,134.0,44.0,0.8803722900390624,False,CALL,2026-02-06,IONQ
IONQ260206C00048000,48.0,0.88,0.71,0.84,41.0,329.0,0.8867198828124999,False,CALL,2026-02-06,IONQ
IONQ260206C00048500,48.5,0.8,0.64,0.77,36.0,96.0,0.8974619628906249,False,CALL,2026-02-06,IONQ
IONQ260206C00049000,49.0,0.63,0.56,0.7,37.0,349.0,0.903321279296875,False,CALL,2026-02-06,IONQ
IONQ260206C00049500,49.5,0.54,0.49,0.63,21.0,78.0,0.9062509375,False,CALL,2026-02-06,IONQ
IONQ260206C00050000,50.0,0.47,0.47,0.55,270.0,1249.0,0.9179695703125,False,CALL,2026-02-06,IONQ
IONQ260206C00051000,51.0,0.48,0.37,0.46,182.0,378.0,0.9335944140625,False,CALL,2026-02-06,IONQ
IONQ260206C00052000,52.0,0.33,0.3,0.36,114.0,545.0,0.9423833886718749,False,CALL,2026-02-06,IONQ
IONQ260206C00053000,53.0,0.3,0.25,0.36,63.0,1100.0,0.9882813671875,False,CALL,2026-02-06,IONQ
IONQ260206C00054000,54.0,0.25,0.21,0.29,98.0,254.0,1.001958115234375,False,CALL,2026-02-06,IONQ
IONQ260206C00055000,55.0,0.2,0.15,0.28,108.0,1142.0,1.0253954980468751,False,CALL,2026-02-06,IONQ
IONQ260206P00034000,34.0,0.23,0.07,0.24,8.0,33.0,0.9707034179687499,False,PUT,2026-02-06,IONQ
IONQ260206P00035000,35.0,0.18,0.13,0.23,30.0,276.0,0.90429783203125,False,PUT,2026-02-06,IONQ
IONQ260206P00036000,36.0,0.36,0.2,0.32,4.0,158.0,0.8867198828124999,False,PUT,2026-02-06,IONQ
IONQ260206P00036500,36.5,0.2,0.0,0.75,1.0,3.0,0.92773509765625,False,PUT,2026-02-06,IONQ
IONQ260206P00037000,37.0,0.37,0.19,0.44,13.0,134.0,0.8261736132812498,False,PUT,2026-02-06,IONQ
IONQ260206P00037500,37.5,0.42,0.42,0.49,25.0,22.0,0.8710950390625,False,PUT,2026-02-06,IONQ
IONQ260206P00038000,38.0,0.58,0.45,0.58,46.0,332.0,0.850587431640625,False,PUT,2026-02-06,IONQ
IONQ260206P00038500,38.5,0.58,0.56,0.67,20.0,18.0,0.848634326171875,False,PUT,2026-02-06,IONQ
IONQ260206P00039000,39.0,0.65,0.67,0.75,15.0,265.0,0.8359391406249999,False,PUT,2026-02-06,IONQ
IONQ260206P00039500,39.5,0.72,0.75,0.92,67.0,40.0,0.8330094824218748,False,PUT,2026-02-06,IONQ
IONQ260206P00040000,40.0,0.96,0.93,1.0,454.0,376.0,0.8251970605468748,False,PUT,2026-02-06,IONQ
IONQ260206P00040500,40.5,1.1,1.08,1.2,21.0,45.0,0.8300798242187499,False,PUT,2026-02-06,IONQ
IONQ260206P00041000,41.0,1.19,1.24,1.37,155.0,309.0,0.823243955078125,False,PUT,2026-02-06,IONQ
IONQ260206P00041500,41.5,1.34,1.41,1.58,14.0,38.0,0.8193377441406249,False,PUT,2026-02-06,IONQ
IONQ260206P00042000,42.0,1.67,1.62,1.79,214.0,514.0,0.8168963623046874,False,PUT,2026-02-06,IONQ
IONQ260206P00042500,42.5,1.91,1.87,2.04,10.0,122.0,0.82226740234375,False,PUT,2026-02-06,IONQ
IONQ260206P00043000,43.0,2.08,2.11,2.28,81.0,312.0,0.8173846386718748,False,PUT,2026-02-06,IONQ
IONQ260206P00043500,43.5,2.4,2.35,2.54,41.0,34.0,0.8095722167968749,True,PUT,2026-02-06,IONQ
IONQ260206P00044000,44.0,2.67,2.63,2.82,140.0,242.0,0.80664255859375,True,PUT,2026-02-06,IONQ
IONQ260206P00044500,44.5,3.46,2.96,3.15,9.0,135.0,0.815431533203125,True,PUT,2026-02-06,IONQ
IONQ260206P00045000,45.0,3.28,3.3,3.5,183.0,943.0,0.8242205078124999,True,PUT,2026-02-06,IONQ
IONQ260206P00045500,45.5,4.33,3.55,3.85,11.0,44.0,0.8085956640624999,True,PUT,2026-02-06,IONQ
IONQ260206P00046000,46.0,4.03,3.95,4.2,39.0,302.0,0.8173846386718748,True,PUT,2026-02-06,IONQ
IONQ260206P00046500,46.5,3.92,4.3,4.55,9.0,33.0,0.8095722167968749,True,PUT,2026-02-06,IONQ
IONQ260206P00047000,47.0,4.82,4.7,4.95,18.0,166.0,0.8173846386718748,True,PUT,2026-02-06,IONQ
IONQ260206P00047500,47.5,5.1,4.85,5.35,23.0,71.0,0.7597680273437502,True,PUT,2026-02-06,IONQ
IONQ260206P00048000,48.0,5.26,5.2,5.8,23.0,254.0,0.752932158203125,True,PUT,2026-02-06,IONQ
IONQ260206P00048500,48.5,5.99,5.75,6.2,10.0,52.0,0.782228740234375,True,PUT,2026-02-06,IONQ
IONQ260206P00049000,49.0,7.09,6.05,6.75,1.0,440.0,0.77929908203125,True,PUT,2026-02-06,IONQ
IONQ260206P00049500,49.5,5.0,5.8,7.15,1.0,135.0,0.96289099609375,True,PUT,2026-02-06,IONQ
IONQ260206P00050000,50.0,6.7,7.0,7.55,40.0,205.0,0.77148666015625,True,PUT,2026-02-06,IONQ
IONQ260206P00051000,51.0,8.17,7.05,9.15,3.0,351.0,0.6738313867187502,True,PUT,2026-02-06,IONQ
IONQ260206P00052000,52.0,9.52,8.3,10.25,4.0,97.0,0.9082040429687499,True,PUT,2026-02-06,IONQ
IONQ260206P00053000,53.0,10.32,9.25,10.85,4.0,148.0,0.710940390625,True,PUT,2026-02-06,IONQ
IONQ260206P00054000,54.0,10.39,10.2,11.8,1.0,47.0,0.6093789062500001,True,PUT,2026-02-06,IONQ
IONQ260206P00055000,55.0,9.57,11.5,13.15,22.0,133.0,1.140629296875,True,PUT,2026-02-06,IONQ
IONQ260213C00035000,35.0,10.5,8.15,9.35,5.0,81.0,1.021489267578125,True,CALL,2026-02-13,IONQ
IONQ260213C00037000,37.0,14.33,5.6,8.4,1.0,4.0,0.9345709667968749,True,CALL,2026-02-13,IONQ
IONQ260213C00038000,38.0,9.25,4.8,7.65,1.0,2.0,0.9169930175781251,True,CALL,2026-02-13,IONQ
IONQ260213C00039000,39.0,10.5,4.7,6.8,1.0,3.0,0.9863282617187501,True,CALL,2026-02-13,IONQ
IONQ260213C00040000,40.0,6.15,4.65,5.85,2.0,8.0,1.023930661621094,True,CALL,2026-02-13,IONQ
IONQ260213C00041000,41.0,6.55,4.05,4.5,21.0,14.0,0.90429783203125,True,CALL,2026-02-13,IONQ
IONQ260213C00042000,42.0,3.6,3.5,3.75,25.0,42.0,0.8720715917968749,True,CALL,2026-02-13,IONQ
IONQ260213C00043000,43.0,3.5,3.0,3.4,24.0,36.0,0.8906260937499999,True,CALL,2026-02-13,IONQ
IONQ260213C00044000,44.0,2.97,2.59,2.85,43.0,150.0,0.8789074609374999,False,CALL,2026-02-13,IONQ
IONQ260213C00045000,45.0,2.5,2.25,2.41,19.0,127.0,0.8793957373046875,False,CALL,2026-02-13,IONQ
IONQ260213C00046000,46.0,2.2,1.81,2.1,11.0,145.0,0.8706067626953125,False,CALL,2026-02-13,IONQ
IONQ260213C00047000,47.0,1.92,1.54,1.79,15.0,297.0,0.8745129736328124,False,CALL,2026-02-13,IONQ
IONQ260213C00048000,48.0,1.29,1.35,1.49,30.0,239.0,0.8803722900390624,False,CALL,2026-02-13,IONQ
IONQ260213C00049000,49.0,1.22,1.07,1.34,11.0,113.0,0.88476677734375,False,CALL,2026-02-13,IONQ
IONQ260213C00050000,50.0,1.09,1.1,1.1,70.0,502.0,0.9179695703125,False,CALL,2026-02-13,IONQ
IONQ260213C00051000,51.0,0.95,0.79,0.92,14.0,136.0,0.8916026464843749,False,CALL,2026-02-13,IONQ
IONQ260213C00052000,52.0,0.81,0.66,0.8,334.0,476.0,0.8994150683593749,False,CALL,2026-02-13,IONQ
IONQ260213C00053000,53.0,0.71,0.58,0.72,34.0,117.0,0.91992267578125,False,CALL,2026-02-13,IONQ
IONQ260213C00054000,54.0,0.55,0.5,0.66,2.0,165.0,0.93945373046875,False,CALL,2026-02-13,IONQ
IONQ260213C00055000,55.0,0.49,0.42,0.58,11.0,444.0,0.9492192578124999,False,CALL,2026-02-13,IONQ
IONQ260213P00035000,35.0,0.44,0.38,0.5,21.0,221.0,0.86132951171875,False,PUT,2026-02-13,IONQ
IONQ260213P00036000,36.0,0.57,0.57,0.65,43.0,71.0,0.8642591699218749,False,PUT,2026-02-13,IONQ
IONQ260213P00037000,37.0,0.7,0.68,0.84,4.0,53.0,0.8398453515625,False,PUT,2026-02-13,IONQ
IONQ260213P00038000,38.0,0.99,0.96,1.06,18.0,147.0,0.84179845703125,False,PUT,2026-02-13,IONQ
IONQ260213P00039000,39.0,1.23,1.22,1.33,16.0,54.0,0.8315446533203124,False,PUT,2026-02-13,IONQ
IONQ260213P00040000,40.0,1.58,1.53,1.66,70.0,227.0,0.8242205078124999,False,PUT,2026-02-13,IONQ
IONQ260213P00041000,41.0,2.12,1.92,2.02,35.0,115.0,0.8173846386718748,False,PUT,2026-02-13,IONQ
IONQ260213P00042000,42.0,2.45,2.36,2.46,91.0,118.0,0.81445498046875,False,PUT,2026-02-13,IONQ
IONQ260213P00043000,43.0,2.68,2.84,3.0,45.0,175.0,0.815431533203125,False,PUT,2026-02-13,IONQ
IONQ260213P00044000,44.0,3.32,3.45,3.6,40.0,101.0,0.8281267187499999,True,PUT,2026-02-13,IONQ
IONQ260213P00045000,45.0,3.85,3.9,4.15,18.0,268.0,0.79687703125,True,PUT,2026-02-13,IONQ
IONQ260213P00046000,46.0,5.22,4.5,4.85,19.0,77.0,0.7929708203125,True,PUT,2026-02-13,IONQ
IONQ260213P00047000,47.0,5.63,5.3,5.6,8.0,97.0,0.8129901513671874,True,PUT,2026-02-13,IONQ
IONQ260213P00048000,48.0,6.61,6.05,6.4,14.0,187.0,0.8217791259765624,True,PUT,2026-02-13,IONQ
IONQ260213P00049000,49.0,7.7,6.6,7.2,1.0,53.0,0.7836935693359376,True,PUT,2026-02-13,IONQ
IONQ260213P00050000,50.0,8.14,7.25,8.1,27.0,70.0,0.76367423828125,True,PUT,2026-02-13,IONQ
IONQ260213P00051000,51.0,8.76,8.15,9.2,27.0,49.0,0.8242205078124999,True,PUT,2026-02-13,IONQ
IONQ260213P00052000,52.0,10.1,8.75,9.75,5.0,167.0,0.6660189648437502,True,PUT,2026-02-13,IONQ
IONQ260213P00053000,53.0,10.76,9.85,10.65,3.0,12.0,0.7138700488281251,True,PUT,2026-02-13,IONQ
IONQ260213P00054000,54.0,9.31,10.1,12.5,1.0,25.0,0.7929708203125,True,PUT,2026-02-13,IONQ
IONQ260213P00055000,55.0,9.87,11.5,12.6,20.0,48.0,0.6074258007812501,True,PUT,2026-02-13,IONQ
IONQ260220C00035000,35.0,9.24,7.9,9.8,2.0,78.0,0.89257919921875,True,CALL,2026-02-20,IONQ
IONQ260220C00039000,39.0,12.7,5.75,7.5,,1.0,1.0571336206054687,True,CALL,2026-02-20,IONQ
IONQ260220C00040000,40.0,5.35,5.15,5.4,92.0,164.0,0.860352958984375,True,CALL,2026-02-20,IONQ
IONQ260220C00041000,41.0,4.8,4.55,4.85,5.0,7.0,0.8588881298828125,True,CALL,2026-02-20,IONQ
IONQ260220C00042000,42.0,4.6,4.05,4.35,104.0,64.0,0.8642591699218749,True,CALL,2026-02-20,IONQ
IONQ260220C00043000,43.0,3.7,3.55,3.85,220.0,44.0,0.85937640625,True,CALL,2026-02-20,IONQ
IONQ260220C00044000,44.0,3.2,3.1,3.35,111.0,155.0,0.8503432934570312,False,CALL,2026-02-20,IONQ
IONQ260220C00045000,45.0,3.15,2.68,3.45,208.0,3482.0,0.905274384765625,False,CALL,2026-02-20,IONQ
IONQ260220C00045500,45.5,2.99,2.57,2.75,532.0,44.0,0.8535170898437501,False,CALL,2026-02-20,IONQ
IONQ260220C00046000,46.0,2.62,2.34,2.6,289.0,433.0,0.84961087890625,False,CALL,2026-02-20,IONQ
IONQ260220C00046500,46.5,2.6,2.23,2.43,4.0,65.0,0.8549819189453125,False,CALL,2026-02-20,IONQ
IONQ260220C00047000,47.0,2.56,2.06,2.64,26.0,444.0,0.8974619628906249,False,CALL,2026-02-20,IONQ
IONQ260220C00047500,47.5,1.87,1.92,2.15,1.0,76.0,0.8564467480468749,False,CALL,2026-02-20,IONQ
IONQ260220C00048000,48.0,1.92,1.79,2.0,20.0,884.0,0.8564467480468749,False,CALL,2026-02-20,IONQ
IONQ260220C00048500,48.5,1.95,1.65,2.15,10.0,57.0,0.8906260937499999,False,CALL,2026-02-20,IONQ
IONQ260220C00049000,49.0,1.65,1.58,1.74,49.0,146.0,0.8608412353515625,False,CALL,2026-02-20,IONQ
IONQ260220C00049500,49.5,1.43,1.47,1.66,2.0,20.0,0.866212275390625,False,CALL,2026-02-20,IONQ
IONQ260220C00050000,50.0,1.4,1.38,1.52,272.0,2648.0,0.8647474462890624,False,CALL,2026-02-20,IONQ
IONQ260220C00051000,51.0,1.48,1.2,1.6,4.0,190.0,0.9077157666015624,False,CALL,2026-02-20,IONQ
IONQ260220C00052000,52.0,1.15,1.04,1.22,51.0,141.0,0.8808605664062499,False,CALL,2026-02-20,IONQ
IONQ260220C00053000,53.0,1.1,0.92,1.28,72.0,186.0,0.92187578125,False,CALL,2026-02-20,IONQ
IONQ260220C00054000,54.0,0.83,0.8,1.11,18.0,80.0,0.92187578125,False,CALL,2026-02-20,IONQ
IONQ260220C00055000,55.0,0.77,0.71,0.81,227.0,5068.0,0.8964854101562498,False,CALL,2026-02-20,IONQ
IONQ260220P00035000,35.0,0.74,0.68,0.78,260.0,2097.0,0.848634326171875,False,PUT,2026-02-20,IONQ
IONQ260220P00038000,38.0,1.4,1.34,1.49,53.0,289.0,0.8261736132812498,False,PUT,2026-02-20,IONQ
IONQ260220P00039000,39.0,1.95,1.63,1.8,28.0,198.0,0.8168963623046874,False,PUT,2026-02-20,IONQ
IONQ260220P00040000,40.0,2.12,2.06,2.11,548.0,3721.0,0.8149432568359375,False,PUT,2026-02-20,IONQ
IONQ260220P00041000,41.0,2.47,2.39,2.58,23.0,92.0,0.8090839404296875,False,PUT,2026-02-20,IONQ
IONQ260220P00042000,42.0,2.79,2.86,3.1,98.0,151.0,0.8149432568359375,False,PUT,2026-02-20,IONQ
IONQ260220P00043000,43.0,3.45,3.5,3.55,105.0,226.0,0.8212908496093749,False,PUT,2026-02-20,IONQ
IONQ260220P00044000,44.0,3.99,4.0,4.1,25.0,240.0,0.8125018749999999,True,PUT,2026-02-20,IONQ
IONQ260220P00044500,44.5,4.0,4.15,4.45,10.0,337.0,0.8017597949218749,True,PUT,2026-02-20,IONQ
IONQ260220P00045000,45.0,4.6,4.45,4.75,159.0,12581.0,0.799806689453125,True,PUT,2026-02-20,IONQ
IONQ260220P00045500,45.5,4.69,4.8,5.05,3.0,40.0,0.8012715185546875,True,PUT,2026-02-20,IONQ
IONQ260220P00046000,46.0,5.15,5.1,5.4,1.0,173.0,0.8002949658203125,True,PUT,2026-02-20,IONQ
IONQ260220P00046500,46.5,5.2,5.45,5.75,1.0,22.0,0.8027363476562499,True,PUT,2026-02-20,IONQ
IONQ260220P00047000,47.0,5.59,5.75,6.1,3.0,221.0,0.79687703125,True,PUT,2026-02-20,IONQ
IONQ260220P00047500,47.5,5.6,6.15,6.45,1.0,83.0,0.8012715185546875,True,PUT,2026-02-20,IONQ
IONQ260220P00048000,48.0,7.1,6.55,6.8,1.0,707.0,0.8037129003906249,True,PUT,2026-02-20,IONQ
IONQ260220P00048500,48.5,5.45,6.9,7.2,5.0,21.0,0.8037129003906249,True,PUT,2026-02-20,IONQ
IONQ260220P00049000,49.0,7.23,7.25,7.6,2.0,161.0,0.8017597949218749,True,PUT,2026-02-20,IONQ
IONQ260220P00049500,49.5,5.24,7.7,8.7,,5.0,0.9057626611328125,True,PUT,2026-02-20,IONQ
IONQ260220P00050000,50.0,7.79,8.15,8.4,88.0,6224.0,0.8193377441406249,True,PUT,2026-02-20,IONQ
IONQ260220P00051000,51.0,7.01,8.4,9.9,1.0,171.0,0.8388687988281249,True,PUT,2026-02-20,IONQ
IONQ260220P00052000,52.0,10.42,9.1,10.2,1.0,142.0,0.726565234375,True,PUT,2026-02-20,IONQ
IONQ260220P00053000,53.0,11.11,10.0,11.2,2.0,172.0,0.7534204345703125,True,PUT,2026-02-20,IONQ
IONQ260220P00054000,54.0,11.36,10.7,11.95,3.0,19.0,0.6748079394531252,True,PUT,2026-02-20,IONQ
IONQ260220P00055000,55.0,12.28,12.0,12.7,12.0,383.0,0.726565234375,True,PUT,2026-02-20,IONQ
IONQ260227C00035000,35.0,14.08,8.15,10.9,2.0,2.0,0.9965820654296875,True,CALL,2026-02-27,IONQ
IONQ260227C00038000,38.0,7.95,7.2,7.85,2.0,13.0,0.9965820654296875,True,CALL,2026-02-27,IONQ
IONQ260227C00039000,39.0,11.55,6.6,7.45,2.0,3.0,1.0185595947265624,True,CALL,2026-02-27,IONQ
IONQ260227C00040000,40.0,5.82,6.05,6.6,9.0,36.0,0.9873048144531251,True,CALL,2026-02-27,IONQ
IONQ260227C00041000,41.0,5.65,5.5,6.4,1.0,4.0,1.0200244311523439,True,CALL,2026-02-27,IONQ
IONQ260227C00042000,42.0,5.25,4.85,5.35,3.0,13.0,0.9450689086914061,True,CALL,2026-02-27,IONQ
IONQ260227C00043000,43.0,5.4,4.45,5.0,8.0,222.0,0.9633792724609375,True,CALL,2026-02-27,IONQ
IONQ260227C00044000,44.0,4.2,4.0,4.6,19.0,53.0,0.963867548828125,False,CALL,2026-02-27,IONQ
IONQ260227C00045000,45.0,3.85,3.65,3.9,30.0,232.0,0.9379889013671875,False,CALL,2026-02-27,IONQ
IONQ260227C00046000,46.0,3.15,3.3,3.55,48.0,43.0,0.9409185595703125,False,CALL,2026-02-27,IONQ
IONQ260227C00047000,47.0,3.1,2.97,3.2,74.0,61.0,0.9401861450195312,False,CALL,2026-02-27,IONQ
IONQ260227C00048000,48.0,2.5,2.67,2.83,8.0,288.0,0.9343268286132812,False,CALL,2026-02-27,IONQ
IONQ260227C00049000,49.0,2.37,2.39,2.57,8.0,48.0,0.936524072265625,False,CALL,2026-02-27,IONQ
IONQ260227C00050000,50.0,2.22,2.15,2.34,117.0,488.0,0.9409185595703125,False,CALL,2026-02-27,IONQ
IONQ260227C00051000,51.0,2.0,1.93,2.08,11.0,112.0,0.93945373046875,False,CALL,2026-02-27,IONQ
IONQ260227C00052000,52.0,1.81,1.68,1.88,2.0,42.0,0.9360357958984374,False,CALL,2026-02-27,IONQ
IONQ260227C00053000,53.0,2.2,1.48,1.67,1.0,89.0,0.9321295849609376,False,CALL,2026-02-27,IONQ
IONQ260227C00054000,54.0,1.67,1.34,1.57,14.0,48.0,0.945313046875,False,CALL,2026-02-27,IONQ
IONQ260227C00055000,55.0,1.43,1.3,1.43,92.0,365.0,0.963867548828125,False,CALL,2026-02-27,IONQ
IONQ260227P00035000,35.0,1.17,1.08,1.39,54.0,256.0,0.9106454248046875,False,PUT,2026-02-27,IONQ
IONQ260227P00036000,36.0,1.62,1.19,1.75,4.0,62.0,0.8999033447265624,False,PUT,2026-02-27,IONQ
IONQ260227P00037000,37.0,1.81,1.68,1.88,58.0,49.0,0.9008798974609374,False,PUT,2026-02-27,IONQ
IONQ260227P00038000,38.0,2.15,1.75,2.24,12.0,113.0,0.86914193359375,False,PUT,2026-02-27,IONQ
IONQ260227P00039000,39.0,2.44,2.31,2.58,21.0,67.0,0.8867198828124999,False,PUT,2026-02-27,IONQ
IONQ260227P00040000,40.0,2.75,2.68,2.98,44.0,399.0,0.8793957373046875,False,PUT,2026-02-27,IONQ
IONQ260227P00041000,41.0,3.4,3.2,3.45,40.0,88.0,0.8876964355468748,False,PUT,2026-02-27,IONQ
IONQ260227P00042000,42.0,3.58,3.55,3.95,47.0,104.0,0.8730481445312499,False,PUT,2026-02-27,IONQ
IONQ260227P00043000,43.0,4.1,3.8,4.5,26.0,43.0,0.8464370825195311,False,PUT,2026-02-27,IONQ
IONQ260227P00044000,44.0,4.96,4.35,5.05,8.0,34.0,0.8430191479492187,True,PUT,2026-02-27,IONQ
IONQ260227P00045000,45.0,5.22,5.25,5.65,16.0,125.0,0.8730481445312499,True,PUT,2026-02-27,IONQ
IONQ260227P00046000,46.0,5.01,5.45,6.25,2.0,36.0,0.8242205078124999,True,PUT,2026-02-27,IONQ
IONQ260227P00047000,47.0,6.85,6.55,6.95,1.0,197.0,0.8715833154296875,True,PUT,2026-02-27,IONQ
IONQ260227P00048000,48.0,7.25,6.8,7.8,2.0,62.0,0.8396012133789061,True,PUT,2026-02-27,IONQ
IONQ260227P00049000,49.0,8.06,7.75,8.5,18.0,91.0,0.860352958984375,True,PUT,2026-02-27,IONQ
IONQ260227P00050000,50.0,8.1,8.35,9.15,7.0,57.0,0.8300798242187499,True,PUT,2026-02-27,IONQ
IONQ260227P00051000,51.0,10.36,9.05,10.05,5.0,74.0,0.8334977587890623,True,PUT,2026-02-27,IONQ
IONQ260227P00052000,52.0,9.46,10.15,10.8,1.0,16.0,0.8627943408203125,True,PUT,2026-02-27,IONQ
IONQ260227P00053000,53.0,9.9,10.9,11.6,1.0,26.0,0.84961087890625,True,PUT,2026-02-27,IONQ
IONQ260227P00054000,54.0,11.0,11.5,13.65,2.0,36.0,0.9780275634765626,True,PUT,2026-02-27,IONQ
IONQ260227P00055000,55.0,10.95,12.25,14.5,3.0,18.0,0.9677737597656251,True,PUT,2026-02-27,IONQ
IONQ260306C00039000,39.0,7.7,6.85,8.05,1.0,4.0,1.0043995092773437,True,CALL,2026-03-06,IONQ
IONQ260306C00041000,41.0,6.65,5.75,6.6,2.0,2.0,0.9616703051757811,True,CALL,2026-03-06,IONQ
IONQ260306C00042000,42.0,6.4,5.1,6.15,3.0,5.0,0.9497075341796875,True,CALL,2026-03-06,IONQ
IONQ260306C00045000,45.0,4.5,4.0,4.75,4.0,71.0,0.9543461596679688,False,CALL,2026-03-06,IONQ
IONQ260306C00047000,47.0,3.54,3.25,4.15,4.0,10.0,0.9606937524414061,False,CALL,2026-03-06,IONQ
IONQ260306C00048000,48.0,3.2,2.73,3.7,3.0,48.0,0.9291999267578125,False,CALL,2026-03-06,IONQ
IONQ260306C00049000,49.0,3.0,2.63,3.9,3.0,7.0,0.9936524072265626,False,CALL,2026-03-06,IONQ
IONQ260306C00050000,50.0,2.53,2.35,2.87,13.0,63.0,0.9194343994140625,False,CALL,2026-03-06,IONQ
IONQ260306C00051000,51.0,3.6,2.06,2.9,2.0,9.0,0.9423833886718749,False,CALL,2026-03-06,IONQ
IONQ260306C00052000,52.0,2.42,1.91,2.67,10.0,13.0,0.9497075341796875,False,CALL,2026-03-06,IONQ
IONQ260306C00053000,53.0,2.6,1.34,2.5,2.0,3.0,0.9155281884765626,False,CALL,2026-03-06,IONQ
IONQ260306C00055000,55.0,1.61,1.31,2.25,2.0,5.0,0.9648441015625,False,CALL,2026-03-06,IONQ
IONQ260306P00035000,35.0,1.6,1.23,1.6,1.0,37.0,0.86914193359375,False,PUT,2026-03-06,IONQ
IONQ260306P00040000,40.0,3.16,2.8,3.6,8.0,700.0,0.8652357226562499,False,PUT,2026-03-06,IONQ
IONQ260306P00041000,41.0,3.8,3.25,4.2,1.0,44.0,0.8764660791015625,False,PUT,2026-03-06,IONQ
IONQ260306P00042000,42.0,4.29,3.8,4.55,1.0,50.0,0.866212275390625,False,PUT,2026-03-06,IONQ
IONQ260306P00043000,43.0,4.75,4.45,5.15,11.0,17.0,0.8823253955078124,False,PUT,2026-03-06,IONQ
IONQ260306P00044000,44.0,5.29,4.85,5.7,1.0,12.0,0.8642591699218749,True,PUT,2026-03-06,IONQ
IONQ260306P00045000,45.0,6.28,5.25,6.3,2.0,15.0,0.8457046679687499,True,PUT,2026-03-06,IONQ
IONQ260306P00046000,46.0,5.63,6.0,7.2,1.0,9.0,0.8806164282226561,True,PUT,2026-03-06,IONQ
IONQ260306P00047000,47.0,7.5,6.6,7.55,1.0,52.0,0.8457046679687499,True,PUT,2026-03-06,IONQ
IONQ260306P00048000,48.0,8.27,7.35,8.5,1.0,25.0,0.8754895263671875,True,PUT,2026-03-06,IONQ
IONQ260306P00050000,50.0,9.02,8.85,9.6,1.0,3.0,0.8442398388671875,True,PUT,2026-03-06,IONQ
IONQ260306P00055000,55.0,10.0,11.3,14.85,10.0,10.0,0.795900478515625,True,PUT,2026-03-06,IONQ
IONQ260320C00035000,35.0,10.5,9.5,11.3,3.0,16.0,0.9531254687499999,True,CALL,2026-03-20,IONQ
IONQ260320C00040000,40.0,7.6,7.2,7.55,130.0,164.0,0.9338385522460937,True,CALL,2026-03-20,IONQ
IONQ260320C00045000,45.0,5.0,4.95,5.2,205.0,406.0,0.9221199194335938,False,CALL,2026-03-20,IONQ
IONQ260320C00050000,50.0,3.45,3.4,3.55,160.0,2291.0,0.9250495776367188,False,CALL,2026-03-20,IONQ
IONQ260320C00055000,55.0,2.38,2.3,2.42,101.0,1215.0,0.9291999267578125,False,CALL,2026-03-20,IONQ
IONQ260320P00035000,35.0,2.09,1.98,2.15,124.0,1734.0,0.883790224609375,False,PUT,2026-03-20,IONQ
IONQ260320P00040000,40.0,4.05,3.95,4.1,610.0,1253.0,0.875977802734375,False,PUT,2026-03-20,IONQ
IONQ260320P00045000,45.0,6.7,6.65,6.7,81.0,10403.0,0.8605970971679688,True,PUT,2026-03-20,IONQ
IONQ260320P00050000,50.0,9.67,10.0,10.15,159.0,1197.0,0.8608412353515625,True,PUT,2026-03-20,IONQ
IONQ260320P00055000,55.0,13.78,13.65,14.15,2.0,194.0,0.8457046679687499,True,PUT,2026-03-20,IONQ
IONQ260417C00035000,35.0,11.48,10.7,12.25,2.0,88.0,0.9392095922851562,True,CALL,2026-04-17,IONQ
IONQ260417C00036000,36.0,13.1,10.1,12.4,4.0,141.0,0.9943848217773439,True,CALL,2026-04-17,IONQ
IONQ260417C00037000,37.0,10.28,10.0,10.75,1.0,33.0,0.9465337377929688,True,CALL,2026-04-17,IONQ
IONQ260417C00038000,38.0,9.94,9.4,10.6,3.0,92.0,0.9694827270507812,True,CALL,2026-04-17,IONQ
IONQ260417C00039000,39.0,9.4,8.8,9.65,11.0,86.0,0.9326178613281251,True,CALL,2026-04-17,IONQ
IONQ260417C00040000,40.0,8.36,8.4,9.0,205.0,5330.0,0.9282233740234375,True,CALL,2026-04-17,IONQ
IONQ260417C00041000,41.0,9.44,7.9,8.45,1.0,29.0,0.920899228515625,True,CALL,2026-04-17,IONQ
IONQ260417C00042000,42.0,8.09,7.45,8.15,30.0,91.0,0.9304206176757812,True,CALL,2026-04-17,IONQ
IONQ260417C00043000,43.0,7.15,7.05,7.3,21.0,69.0,0.9047861083984375,True,CALL,2026-04-17,IONQ
IONQ260417C00044000,44.0,6.5,6.7,7.35,2.0,140.0,0.9372564868164062,False,CALL,2026-04-17,IONQ
IONQ260417C00045000,45.0,6.36,6.2,6.6,94.0,995.0,0.9067392138671875,False,CALL,2026-04-17,IONQ
IONQ260417C00046000,46.0,5.95,5.85,6.6,6.0,247.0,0.930664755859375,False,CALL,2026-04-17,IONQ
IONQ260417C00047000,47.0,5.51,5.5,5.7,2.0,462.0,0.8957529956054686,False,CALL,2026-04-17,IONQ
IONQ260417C00048000,48.0,5.35,5.2,5.35,35.0,273.0,0.8959971337890623,False,CALL,2026-04-17,IONQ
IONQ260417C00049000,49.0,5.05,4.9,5.05,38.0,391.0,0.897217824707031,False,CALL,2026-04-17,IONQ
IONQ260417C00050000,50.0,4.75,4.55,4.8,128.0,1917.0,0.8964854101562498,False,CALL,2026-04-17,IONQ
IONQ260417C00055000,55.0,3.41,3.4,3.55,110.0,3149.0,0.9011240356445311,False,CALL,2026-04-17,IONQ
IONQ260417P00035000,35.0,2.98,2.85,3.0,45.0,1706.0,0.8530288134765626,False,PUT,2026-04-17,IONQ
IONQ260417P00036000,36.0,3.19,3.2,3.45,5.0,164.0,0.8549819189453125,False,PUT,2026-04-17,IONQ
IONQ260417P00037000,37.0,3.68,3.5,3.75,8.0,170.0,0.8378922460937499,False,PUT,2026-04-17,IONQ
IONQ260417P00038000,38.0,4.1,4.05,4.25,43.0,344.0,0.850587431640625,False,PUT,2026-04-17,IONQ
IONQ260417P00039000,39.0,4.05,4.45,4.6,20.0,1347.0,0.8376481079101561,False,PUT,2026-04-17,IONQ
IONQ260417P00040000,40.0,5.08,4.85,5.2,186.0,5335.0,0.8388687988281249,False,PUT,2026-04-17,IONQ
IONQ260417P00041000,41.0,5.92,5.3,5.8,7.0,350.0,0.8400894897460938,False,PUT,2026-04-17,IONQ
IONQ260417P00042000,42.0,5.95,5.85,6.15,34.0,572.0,0.8283708569335937,False,PUT,2026-04-17,IONQ
IONQ260417P00043000,43.0,6.5,6.6,6.75,50.0,585.0,0.8425308715820312,False,PUT,2026-04-17,IONQ
IONQ260417P00044000,44.0,7.4,7.2,7.4,20.0,449.0,0.8471694970703124,True,PUT,2026-04-17,IONQ
IONQ260417P00045000,45.0,7.9,7.65,8.05,63.0,2780.0,0.8393570751953124,True,PUT,2026-04-17,IONQ
IONQ260417P00046000,46.0,8.45,8.25,8.65,23.0,210.0,0.8352067260742186,True,PUT,2026-04-17,IONQ
IONQ260417P00047000,47.0,8.9,9.0,9.2,27.0,584.0,0.834718449707031,True,PUT,2026-04-17,IONQ
IONQ260417P00048000,48.0,10.22,9.45,9.95,26.0,274.0,0.8254411987304686,True,PUT,2026-04-17,IONQ
IONQ260417P00049000,49.0,10.35,10.25,10.65,1.0,712.0,0.8327653442382811,True,PUT,2026-04-17,IONQ
IONQ260417P00050000,50.0,10.81,11.1,11.3,14.0,2109.0,0.8376481079101561,True,PUT,2026-04-17,IONQ
IONQ260417P00055000,55.0,14.8,14.8,15.15,12.0,2166.0,0.8349625878906248,True,PUT,2026-04-17,IONQ
IONQ260515C00035000,35.0,14.05,12.3,13.4,1.0,21.0,0.9929199926757812,True,CALL,2026-05-15,IONQ
IONQ260515C00040000,40.0,10.33,9.6,10.25,5.0,57.0,0.940430283203125,True,CALL,2026-05-15,IONQ
IONQ260515C00045000,45.0,7.75,7.5,7.8,41.0,184.0,0.9152840502929689,False,CALL,2026-05-15,IONQ
IONQ260515C00050000,50.0,6.0,5.9,6.1,107.0,463.0,0.914063359375,False,CALL,2026-05-15,IONQ
IONQ260515C00055000,55.0,4.75,4.6,4.8,152.0,516.0,0.913086806640625,False,CALL,2026-05-15,IONQ
IONQ260515P00035000,35.0,3.95,3.85,4.0,593.0,857.0,0.8696302099609375,False,PUT,2026-05-15,IONQ
IONQ260515P00040000,40.0,6.45,6.15,6.35,8.0,719.0,0.8625502026367188,False,PUT,2026-05-15,IONQ
IONQ260515P00045000,45.0,8.74,8.95,9.2,60.0,317.0,0.8535170898437501,True,PUT,2026-05-15,IONQ
IONQ260515P00050000,50.0,12.55,12.25,12.5,126.0,156.0,0.8471694970703124,True,PUT,2026-05-15,IONQ
IONQ260515P00055000,55.0,15.95,15.7,16.1,13.0,151.0,0.8239763696289062,True,PUT,2026-05-15,IONQ
IONQ260618C00035000,35.0,16.0,13.2,15.0,1.0,92.0,1.0092822973632813,True,CALL,2026-06-18,IONQ
IONQ260618C00040000,40.0,10.91,10.7,11.25,14.0,304.0,0.9260261303710937,True,CALL,2026-06-18,IONQ
IONQ260618C00045000,45.0,9.05,8.5,9.2,19.0,314.0,0.9117440466308593,False,CALL,2026-06-18,IONQ
IONQ260618C00050000,50.0,6.75,6.9,7.45,32.0,550.0,0.9064950756835937,False,CALL,2026-06-18,IONQ
IONQ260618C00055000,55.0,5.85,5.7,6.0,33.0,2941.0,0.9055185229492188,False,CALL,2026-06-18,IONQ
IONQ260618P00035000,35.0,4.74,4.45,4.8,39.0,1543.0,0.8393570751953124,False,PUT,2026-06-18,IONQ
IONQ260618P00040000,40.0,7.2,6.8,7.2,28.0,1268.0,0.8273943041992187,False,PUT,2026-06-18,IONQ
IONQ260618P00045000,45.0,10.14,9.6,10.1,3.0,1293.0,0.8170184313964843,True,PUT,2026-06-18,IONQ
IONQ260618P00050000,50.0,13.0,12.95,13.4,44.0,2250.0,0.8132342895507811,True,PUT,2026-06-18,IONQ
IONQ260618P00055000,55.0,15.0,16.6,17.05,1.0,244.0,0.8081073876953124,True,PUT,2026-06-18,IONQ
IONQ260717C00035000,35.0,16.45,13.85,15.05,15.0,65.0,0.9567875415039062,True,CALL,2026-07-17,IONQ
IONQ260717C00040000,40.0,12.05,11.3,12.65,26.0,73.0,0.937500625,True,CALL,2026-07-17,IONQ
IONQ260717C00045000,45.0,9.72,9.4,9.9,136.0,76.0,0.9008798974609374,False,CALL,2026-07-17,IONQ
IONQ260717C00050000,50.0,8.1,7.85,8.3,6.0,229.0,0.9030771411132812,False,CALL,2026-07-17,IONQ
IONQ260717C00055000,55.0,7.25,6.45,7.05,5.0,550.0,0.9025888647460938,False,CALL,2026-07-17,IONQ
IONQ260717P00035000,35.0,5.19,5.05,5.45,1404.0,3100.0,0.8300798242187499,False,PUT,2026-07-17,IONQ
IONQ260717P00040000,40.0,7.66,7.6,8.0,13.0,551.0,0.8273943041992187,False,PUT,2026-07-17,IONQ
IONQ260717P00045000,45.0,9.85,10.35,11.3,5.0,129.0,0.8283708569335937,True,PUT,2026-07-17,IONQ
IONQ260717P00050000,50.0,14.35,13.9,14.1,7.0,314.0,0.8106708386230468,True,PUT,2026-07-17,IONQ
IONQ260717P00055000,55.0,15.4,17.3,18.3,1.0,26.0,0.8203142968749999,True,PUT,2026-07-17,IONQ
IONQ260821C00035000,35.0,15.4,14.85,16.1,1.0,3.0,0.9693606579589844,True,CALL,2026-08-21,IONQ
IONQ260821C00040000,40.0,12.57,12.5,13.4,1.0,8.0,0.9373785559082031,True,CALL,2026-08-21,IONQ
IONQ260821C00045000,45.0,10.95,10.6,11.35,10.0,116.0,0.9270026831054687,False,CALL,2026-08-21,IONQ
IONQ260821C00050000,50.0,9.05,8.9,9.8,13.0,29.0,0.9219978503417969,False,CALL,2026-08-21,IONQ
IONQ260821C00055000,55.0,8.45,7.5,8.5,70.0,114.0,0.9193123303222657,False,CALL,2026-08-21,IONQ
IONQ260821P00035000,35.0,6.12,5.8,6.3,19.0,79.0,0.8325212060546874,False,PUT,2026-08-21,IONQ
IONQ260821P00040000,40.0,8.97,8.6,8.9,32.0,123.0,0.8341081042480467,False,PUT,2026-08-21,IONQ
IONQ260821P00045000,45.0,12.05,11.5,12.25,3.0,237.0,0.8381363842773437,True,PUT,2026-08-21,IONQ
IONQ260821P00050000,50.0,13.78,14.6,15.5,40.0,60.0,0.8200701586914061,True,PUT,2026-08-21,IONQ
IONQ260821P00055000,55.0,15.32,18.2,19.45,4.0,2.0,0.8273943041992187,True,PUT,2026-08-21,IONQ
IONQ260918C00035000,35.0,16.1,15.4,16.05,11.0,36.0,0.931763377685547,True,CALL,2026-09-18,IONQ
IONQ260918C00040000,40.0,16.0,13.25,14.3,1.0,139.0,0.946289599609375,True,CALL,2026-09-18,IONQ
IONQ260918C00045000,45.0,11.78,11.35,12.25,9.0,232.0,0.9323737231445313,False,CALL,2026-09-18,IONQ
IONQ260918C00050000,50.0,9.98,9.7,10.65,15.0,1732.0,0.9256599230957032,False,CALL,2026-09-18,IONQ
IONQ260918C00055000,55.0,9.9,8.3,9.4,4.0,221.0,0.9243171630859376,False,CALL,2026-09-18,IONQ
IONQ260918P00035000,35.0,6.69,6.45,6.8,41.0,2371.0,0.8325212060546874,False,PUT,2026-09-18,IONQ
IONQ260918P00040000,40.0,9.3,8.9,9.5,17.0,630.0,0.8184832604980468,False,PUT,2026-09-18,IONQ
IONQ260918P00045000,45.0,9.75,11.95,12.85,1.0,982.0,0.8256853369140623,True,PUT,2026-09-18,IONQ
IONQ260918P00050000,50.0,16.05,15.4,15.95,2.0,1084.0,0.8149432568359375,True,PUT,2026-09-18,IONQ
IONQ260918P00055000,55.0,18.04,18.5,20.1,1.0,471.0,0.8109149768066406,True,PUT,2026-09-18,IONQ
IONQ261016C00035000,35.0,18.35,15.95,17.45,1.0,1.0,0.9636234106445312,True,CALL,2026-10-16,IONQ
IONQ261016C00040000,40.0,14.25,13.75,15.6,2.0,3.0,0.963867548828125,True,CALL,2026-10-16,IONQ
IONQ261016C00045000,45.0,14.55,11.95,13.65,3.0,2.0,0.9537358142089842,False,CALL,2026-10-16,IONQ
IONQ261016C00050000,50.0,10.75,10.3,11.3,2.0,16.0,0.9183357775878906,False,CALL,2026-10-16,IONQ
IONQ261016C00055000,55.0,9.53,8.9,11.25,1.0,7.0,0.9580082324218748,False,CALL,2026-10-16,IONQ
IONQ261016P00035000,35.0,6.82,6.8,7.75,1.0,61.0,0.8416763879394531,False,PUT,2026-10-16,IONQ
IONQ261016P00040000,40.0,9.3,9.4,10.6,2.0,24.0,0.8342301733398436,False,PUT,2026-10-16,IONQ
IONQ261016P00045000,45.0,12.0,12.45,13.55,9.0,93.0,0.8229998168945312,True,PUT,2026-10-16,IONQ
IONQ261016P00050000,50.0,14.45,15.7,16.85,22.0,51.0,0.8116473913574218,True,PUT,2026-10-16,IONQ
IONQ261120C00035000,35.0,23.75,16.7,17.95,,1.0,0.9553227124023438,True,CALL,2026-11-20,IONQ
IONQ261120C00040000,40.0,15.0,14.75,16.5,10.0,13.0,0.9750979052734375,True,CALL,2026-11-20,IONQ
IONQ261120C00050000,50.0,11.71,11.4,12.85,1.0,22.0,0.9503178796386718,False,CALL,2026-11-20,IONQ
IONQ261120C00055000,55.0,12.9,10.05,11.75,1.0,23.0,0.9533696069335937,False,CALL,2026-11-20,IONQ
IONQ261120P00035000,35.0,7.8,7.45,8.15,4.0,32.0,0.8322770678710936,False,PUT,2026-11-20,IONQ
IONQ261120P00040000,40.0,10.51,10.15,10.85,2.0,14.0,0.8193377441406249,False,PUT,2026-11-20,IONQ
IONQ261120P00045000,45.0,13.05,13.15,13.95,3.0,5.0,0.8100604931640624,True,PUT,2026-11-20,IONQ
IONQ261120P00050000,50.0,14.6,16.5,18.0,,1.0,0.825929475097656,True,PUT,2026-11-20,IONQ
IONQ261218C00040000,40.0,15.35,15.25,16.5,6.0,41.0,0.9497075341796875,True,CALL,2026-12-18,IONQ
IONQ261218C00045000,45.0,13.6,13.45,14.75,1.0,55.0,0.9421392504882812,False,CALL,2026-12-18,IONQ
IONQ261218C00050000,50.0,12.25,11.95,12.75,23.0,32.0,0.9227302648925781,False,CALL,2026-12-18,IONQ
IONQ261218C00055000,55.0,11.02,10.6,11.4,3.0,50.0,0.9174812939453125,False,CALL,2026-12-18,IONQ
IONQ261218P00035000,35.0,8.2,7.95,8.75,2.0,327.0,0.8376481079101561,False,PUT,2026-12-18,IONQ
IONQ261218P00040000,40.0,11.1,10.3,11.35,5.0,40.0,0.805666005859375,False,PUT,2026-12-18,IONQ
IONQ261218P00045000,45.0,12.73,13.6,14.7,4.0,19.0,0.8132342895507811,True,PUT,2026-12-18,IONQ
IONQ261218P00050000,50.0,17.8,17.1,17.9,4.0,9.0,0.8051777294921875,True,PUT,2026-12-18,IONQ
IONQ261218P00055000,55.0,17.71,20.55,21.4,382.0,387.0,0.7913839221191408,True,PUT,2026-12-18,IONQ
IONQ270115C00035000,35.0,18.5,17.1,18.6,2.0,2714.0,0.9150399121093751,True,CALL,2027-01-15,IONQ
IONQ270115C00040000,40.0,16.75,15.65,16.45,64.0,2195.0,0.9230964721679689,True,CALL,2027-01-15,IONQ
IONQ270115C00045000,45.0,14.59,14.0,14.85,26.0,1529.0,0.9248054394531251,False,CALL,2027-01-15,IONQ
IONQ270115C00050000,50.0,12.9,12.5,12.95,200.0,4054.0,0.9083261120605468,False,CALL,2027-01-15,IONQ
IONQ270115C00055000,55.0,11.8,11.3,12.65,44.0,1283.0,0.9390875231933593,False,CALL,2027-01-15,IONQ
IONQ270115P00035000,35.0,8.62,8.35,8.9,29.0,1374.0,0.8238543005371093,False,PUT,2027-01-15,IONQ
IONQ270115P00040000,40.0,11.46,11.35,11.6,59.0,2520.0,0.8162860168457031,False,PUT,2027-01-15,IONQ
IONQ270115P00045000,45.0,14.98,14.4,14.75,2.0,584.0,0.8068866967773438,True,PUT,2027-01-15,IONQ
IONQ270115P00050000,50.0,17.8,17.55,18.15,1.0,976.0,0.7937032348632812,True,PUT,2027-01-15,IONQ
IONQ270115P00055000,55.0,21.35,21.1,22.75,2.0,325.0,0.8159198095703124,True,PUT,2027-01-15,IONQ
IONQ280121C00035000,35.0,24.15,22.7,23.6,3.0,213.0,0.9272468212890624,True,CALL,2028-01-21,IONQ
IONQ280121C00040000,40.0,21.33,21.35,23.2,14.0,1127.0,0.9586185778808591,True,CALL,2028-01-21,IONQ
IONQ280121C00045000,45.0,20.0,20.0,20.65,323.0,979.0,0.9240730249023439,False,CALL,2028-01-21,IONQ
IONQ280121C00050000,50.0,20.0,18.5,20.0,201.0,1594.0,0.9285285467529296,False,CALL,2028-01-21,IONQ
IONQ280121C00055000,55.0,17.42,17.45,19.45,26.0,610.0,0.9401861450195312,False,CALL,2028-01-21,IONQ
IONQ280121P00035000,35.0,12.75,12.5,13.5,141.0,543.0,0.8065204895019531,False,PUT,2028-01-21,IONQ
IONQ280121P00040000,40.0,15.61,13.55,17.0,1.0,738.0,0.7521997436523438,False,PUT,2028-01-21,IONQ
IONQ280121P00045000,45.0,19.06,17.0,20.0,20.0,1215.0,0.7399928344726561,True,PUT,2028-01-21,IONQ
IONQ280121P00050000,50.0,22.7,22.45,23.3,20.0,656.0,0.7722801092529297,True,PUT,2028-01-21,IONQ
IONQ280121P00055000,55.0,26.5,25.9,28.3,2.0,94.0,0.7895528857421875,True,PUT,2028-01-21,IONQ
IOT260130C00030000,30.0,0.05,0.0,0.15,30.0,49.0,0.648441015625,False,CALL,2026-01-30,IOT
IOT260130C00031000,31.0,0.31,0.0,0.05,11.0,38.0,0.70312796875,False,CALL,2026-01-30,IOT
IOT260130C00032000,32.0,0.08,0.0,0.15,2.0,91.0,1.1171919140625,False,CALL,2026-01-30,IOT
IOT260130C00032500,32.5,0.09,0.0,0.25,96.0,129.0,1.3828155859374998,False,CALL,2026-01-30,IOT
IOT260130C00033000,33.0,0.05,0.0,0.05,28.0,1521.0,1.0781296093750001,False,CALL,2026-01-30,IOT
IOT260130C00033500,33.5,0.1,0.0,0.35,1.0,43.0,1.7382825585937498,False,CALL,2026-01-30,IOT
IOT260130C00034000,34.0,0.09,0.0,0.15,1.0,440.0,1.5234398828124998,False,CALL,2026-01-30,IOT
IOT260130C00034500,34.5,0.05,0.0,0.75,1.0,50.0,2.4140664648437498,False,CALL,2026-01-30,IOT
IOT260130C00035000,35.0,0.02,0.0,0.05,32.0,1241.0,1.40625296875,False,CALL,2026-01-30,IOT
IOT260130C00035500,35.5,0.07,0.0,0.75,39.0,46.0,2.6406283984375003,False,CALL,2026-01-30,IOT
IOT260130C00036000,36.0,0.03,0.0,0.05,1.0,3070.0,1.5625021874999998,False,CALL,2026-01-30,IOT
IOT260130C00036500,36.5,0.03,0.0,0.75,20.0,29.0,2.85156537109375,False,CALL,2026-01-30,IOT
IOT260130P00026000,26.0,0.05,0.0,0.1,,1.0,0.7812521875,False,PUT,2026-01-30,IOT
IOT260130P00027000,27.0,0.07,0.0,0.75,,2.0,1.0703171484375003,False,PUT,2026-01-30,IOT
IOT260130P00028000,28.0,0.28,0.2,0.3,143.0,5.0,0.5195360546875,False,PUT,2026-01-30,IOT
IOT260130P00029000,29.0,0.55,0.75,0.95,10.0,28.0,0.6191444335937502,True,PUT,2026-01-30,IOT
IOT260130P00030000,30.0,1.41,1.15,1.85,2.0,66.0,0.79687703125,True,PUT,2026-01-30,IOT
IOT260130P00030500,30.5,1.91,1.7,2.3,6.0,19.0,0.8242205078124999,True,PUT,2026-01-30,IOT
IOT260130P00031000,31.0,2.33,2.0,2.8,27.0,205.0,0.9492192578124999,True,PUT,2026-01-30,IOT
IOT260130P00031500,31.5,2.85,2.5,3.3,17.0,200.0,1.0703171484375003,True,PUT,2026-01-30,IOT
IOT260130P00032000,32.0,3.55,3.5,3.8,28.0,125.0,1.1796916015624999,True,PUT,2026-01-30,IOT
IOT260130P00032500,32.5,3.73,2.9,4.4,1.0,580.0,1.5585959570312498,True,PUT,2026-01-30,IOT
IOT260130P00033000,33.0,4.15,3.7,4.9,10.0,97.0,1.67578287109375,True,PUT,2026-01-30,IOT
IOT260130P00033500,33.5,1.7,3.9,5.4,18.0,11.0,1.7890635546875,True,PUT,2026-01-30,IOT
IOT260130P00034000,34.0,2.95,4.8,6.1,1.0,68.0,2.3359416601562493,True,PUT,2026-01-30,IOT
IOT260130P00034500,34.5,5.8,5.5,6.6,7.0,12.0,2.4531288671875,True,PUT,2026-01-30,IOT
IOT260130P00035000,35.0,3.85,6.0,7.1,1.0,18.0,2.57031607421875,True,PUT,2026-01-30,IOT
IOT260130P00035500,35.5,2.0,5.9,7.6,,3.0,2.67969080078125,True,PUT,2026-01-30,IOT
IOT260130P00036000,36.0,3.81,6.4,8.1,1.0,0.0,2.7890655273437504,True,PUT,2026-01-30,IOT
IOT260130P00036500,36.5,5.4,6.9,8.7,1.0,0.0,3.1015647460937497,True,PUT,2026-01-30,IOT
IOT260206C00022000,22.0,10.35,6.1,7.7,4.0,2.0,1.689454677734375,True,CALL,2026-02-06,IOT
IOT260206C00023000,23.0,9.4,5.1,6.7,2.0,1.0,1.482424462890625,True,CALL,2026-02-06,IOT
IOT260206C00024000,24.0,8.45,4.1,5.7,2.0,1.0,1.2783239208984374,True,CALL,2026-02-06,IOT
IOT260206C00026000,26.0,6.4,2.4,3.9,4.0,1.0,1.0429735351562504,True,CALL,2026-02-06,IOT
IOT260206C00030000,30.0,0.53,0.35,0.45,18.0,15.0,0.56836369140625,False,CALL,2026-02-06,IOT
IOT260206C00030500,30.5,0.5,0.25,0.35,4.0,27.0,0.5742230078125,False,CALL,2026-02-06,IOT
IOT260206C00031000,31.0,0.35,0.2,0.3,3.0,49.0,0.6035195898437502,False,CALL,2026-02-06,IOT
IOT260206C00031500,31.5,0.26,0.1,0.25,2.0,11.0,0.59570716796875,False,CALL,2026-02-06,IOT
IOT260206C00032000,32.0,0.75,0.1,0.3,1.0,46.0,0.6816438085937502,False,CALL,2026-02-06,IOT
IOT260206C00032500,32.5,0.2,0.05,0.45,1.0,34.0,0.79101771484375,False,CALL,2026-02-06,IOT
IOT260206C00033000,33.0,0.1,0.1,0.15,203.0,905.0,0.70312796875,False,CALL,2026-02-06,IOT
IOT260206C00033500,33.5,0.35,0.05,0.75,2.0,7.0,1.0468797656250002,False,CALL,2026-02-06,IOT
IOT260206C00034000,34.0,0.15,0.0,0.75,2.0,28.0,1.08203583984375,False,CALL,2026-02-06,IOT
IOT260206C00034500,34.5,0.2,0.0,0.2,2.0,11.0,0.8085956640624999,False,CALL,2026-02-06,IOT
IOT260206C00035000,35.0,0.1,0.0,0.15,24.0,155.0,0.804689453125,False,CALL,2026-02-06,IOT
IOT260206C00036000,36.0,0.06,0.0,0.2,7.0,159.0,0.937500625,False,CALL,2026-02-06,IOT
IOT260206C00036500,36.5,0.1,0.0,0.05,50.0,51.0,0.773439765625,False,CALL,2026-02-06,IOT
IOT260206P00028000,28.0,0.75,0.65,0.85,9.0,19.0,0.5048877636718749,False,PUT,2026-02-06,IOT
IOT260206P00028500,28.5,1.0,0.95,1.15,20.0,1.0,0.5312546875,True,PUT,2026-02-06,IOT
IOT260206P00029000,29.0,0.4,1.2,1.4,4.0,12.0,0.5039112109375,True,PUT,2026-02-06,IOT
IOT260206P00029500,29.5,1.5,1.55,1.75,1.0,23.0,0.5117236328125,True,PUT,2026-02-06,IOT
IOT260206P00030000,30.0,1.83,1.95,2.15,52.0,90.0,0.5302781347656251,True,PUT,2026-02-06,IOT
IOT260206P00030500,30.5,2.21,2.3,2.55,4.0,49.0,0.5097705273437501,True,PUT,2026-02-06,IOT
IOT260206P00031000,31.0,2.69,2.4,3.0,7.0,77.0,0.64062859375,True,PUT,2026-02-06,IOT
IOT260206P00031500,31.5,3.3,3.2,3.5,3.0,19.0,0.5644574804687501,True,PUT,2026-02-06,IOT
IOT260206P00032000,32.0,3.66,3.3,4.0,22.0,872.0,0.77148666015625,True,PUT,2026-02-06,IOT
IOT260206P00032500,32.5,3.9,3.6,4.5,2.0,9.0,0.8339860351562498,True,PUT,2026-02-06,IOT
IOT260206P00033000,33.0,2.49,3.4,5.0,3.0,40.0,0.89257919921875,True,PUT,2026-02-06,IOT
IOT260206P00033500,33.5,3.11,3.9,5.5,2.0,18.0,0.9492192578124999,True,PUT,2026-02-06,IOT
IOT260206P00034000,34.0,5.46,5.0,5.8,8.0,43.0,0.7539087109375,True,PUT,2026-02-06,IOT
IOT260206P00034500,34.5,3.85,4.9,6.4,3.0,7.0,0.945313046875,True,PUT,2026-02-06,IOT
IOT260206P00035000,35.0,3.19,5.4,6.9,3.0,14.0,0.9941406835937501,True,PUT,2026-02-06,IOT
IOT260206P00036000,36.0,5.3,6.4,7.9,1.0,16.0,1.087895185546875,True,PUT,2026-02-06,IOT
IOT260206P00036500,36.5,4.83,6.9,8.5,1.0,1.0,1.2578162109375,True,PUT,2026-02-06,IOT
IOT260213C00024000,24.0,8.5,4.3,5.8,2.0,6.0,1.052739111328125,True,CALL,2026-02-13,IOT
IOT260213C00025000,25.0,7.5,3.5,4.9,2.0,1.0,0.975586181640625,True,CALL,2026-02-13,IOT
IOT260213C00026000,26.0,4.92,2.65,4.1,1.0,3.0,0.8945323046874999,True,CALL,2026-02-13,IOT
IOT260213C00030000,30.0,0.95,0.6,0.7,11.0,24.0,0.5478560839843751,False,CALL,2026-02-13,IOT
IOT260213C00031000,31.0,1.1,0.4,0.5,20.0,25.0,0.569340244140625,False,CALL,2026-02-13,IOT
IOT260213C00032000,32.0,0.77,0.2,0.35,11.0,22.0,0.5654340332031251,False,CALL,2026-02-13,IOT
IOT260213C00033000,33.0,0.25,0.15,0.35,3.0,24.0,0.6367223828125,False,CALL,2026-02-13,IOT
IOT260213C00034000,34.0,0.18,0.1,0.25,2.0,330.0,0.6523472265625001,False,CALL,2026-02-13,IOT
IOT260213C00035000,35.0,0.1,0.05,0.2,7.0,1063.0,0.6699251757812501,False,CALL,2026-02-13,IOT
IOT260213C00036000,36.0,0.2,0.05,0.1,1.0,144.0,0.6640658593750002,False,CALL,2026-02-13,IOT
IOT260213P00025000,25.0,0.09,0.15,0.35,,7.0,0.5732464550781251,False,PUT,2026-02-13,IOT
IOT260213P00028000,28.0,1.05,1.05,1.2,4.0,50.0,0.5390671093750001,False,PUT,2026-02-13,IOT
IOT260213P00029000,29.0,1.65,1.6,1.7,1.0,5.0,0.5293015820312501,True,PUT,2026-02-13,IOT
IOT260213P00030000,30.0,0.87,2.15,2.4,1.0,1645.0,0.5097705273437501,True,PUT,2026-02-13,IOT
IOT260213P00031000,31.0,1.47,2.5,3.2,19.0,23.0,0.5937540625000001,True,PUT,2026-02-13,IOT
IOT260213P00032000,32.0,2.32,2.65,4.1,10.0,63.0,0.6425816992187501,True,PUT,2026-02-13,IOT
IOT260213P00033000,33.0,2.94,3.5,5.0,4.0,52.0,0.6699251757812501,True,PUT,2026-02-13,IOT
IOT260213P00034000,34.0,3.81,4.5,6.0,1.0,136.0,0.7539087109375,True,PUT,2026-02-13,IOT
IOT260213P00035000,35.0,5.0,5.4,7.0,59.0,33.0,0.8330094824218748,True,PUT,2026-02-13,IOT
IOT260213P00036000,36.0,5.68,6.4,7.9,3.0,6.0,0.8164080859374999,True,PUT,2026-02-13,IOT
IOT260220C00020000,20.0,18.5,17.3,19.8,2.0,3.0,6.50976748779297,True,CALL,2026-02-20,IOT
IOT260220C00021000,21.0,17.1,16.2,18.8,,2.0,6.064455544433593,True,CALL,2026-02-20,IOT
IOT260220C00023000,23.0,16.26,13.3,17.0,18.0,9.0,5.152347309570313,True,CALL,2026-02-20,IOT
IOT260220C00024000,24.0,8.85,4.5,6.0,8.0,8.0,0.9775392871093751,True,CALL,2026-02-20,IOT
IOT260220C00026000,26.0,4.77,2.95,3.2,1.0,1.0,0.6206092626953126,True,CALL,2026-02-20,IOT
IOT260220C00027000,27.0,2.56,2.25,2.45,2.0,12.0,0.585941640625,True,CALL,2026-02-20,IOT
IOT260220C00028000,28.0,1.94,1.65,1.85,11.0,2.0,0.567387138671875,True,CALL,2026-02-20,IOT
IOT260220C00029000,29.0,1.48,1.15,1.4,15.0,21.0,0.5590864404296876,False,CALL,2026-02-20,IOT
IOT260220C00030000,30.0,1.09,0.85,1.05,31.0,314.0,0.5712933496093751,False,CALL,2026-02-20,IOT
IOT260220C00030500,30.5,0.75,0.7,0.85,1.0,3.0,0.56055126953125,False,CALL,2026-02-20,IOT
IOT260220C00031000,31.0,0.75,0.55,0.75,3.0,10.0,0.561527822265625,False,CALL,2026-02-20,IOT
IOT260220C00031500,31.5,0.62,0.45,0.65,4.0,28.0,0.5654340332031251,False,CALL,2026-02-20,IOT
IOT260220C00032000,32.0,0.5,0.4,0.55,34.0,257.0,0.5751995605468749,False,CALL,2026-02-20,IOT
IOT260220C00032500,32.5,0.55,0.3,0.45,16.0,70.0,0.5654340332031251,False,CALL,2026-02-20,IOT
IOT260220C00033000,33.0,0.39,0.25,0.5,38.0,547.0,0.6044961425781252,False,CALL,2026-02-20,IOT
IOT260220C00033500,33.5,0.33,0.25,0.4,178.0,43.0,0.6123085644531252,False,CALL,2026-02-20,IOT
IOT260220C00034000,34.0,0.25,0.2,0.3,1.0,1112.0,0.5996133789062501,False,CALL,2026-02-20,IOT
IOT260220C00034500,34.5,0.4,0.15,0.45,3.0,23.0,0.6660189648437502,False,CALL,2026-02-20,IOT
IOT260220C00035000,35.0,0.18,0.15,0.2,612.0,11344.0,0.6054726953125001,False,CALL,2026-02-20,IOT
IOT260220C00035500,35.5,0.38,0.1,0.35,5.0,4.0,0.6757844921875001,False,CALL,2026-02-20,IOT
IOT260220C00036000,36.0,0.17,0.1,0.2,3.0,253.0,0.64062859375,False,CALL,2026-02-20,IOT
IOT260220C00036500,36.5,0.25,0.05,0.3,1.0,28.0,0.6914093359375001,False,CALL,2026-02-20,IOT
IOT260220P00020000,20.0,0.22,0.0,0.45,14.0,12.0,0.99804689453125,False,PUT,2026-02-20,IOT
IOT260220P00021000,21.0,0.08,0.0,0.15,20.0,27.0,0.69336244140625,False,PUT,2026-02-20,IOT
IOT260220P00022000,22.0,0.29,0.1,0.35,2.0,13.0,0.7773459765625,False,PUT,2026-02-20,IOT
IOT260220P00023000,23.0,0.1,0.05,0.25,10.0,8.0,0.6015664843750002,False,PUT,2026-02-20,IOT
IOT260220P00024000,24.0,0.39,0.0,0.5,2.0,15.0,0.5839885351562499,False,PUT,2026-02-20,IOT
IOT260220P00025000,25.0,0.38,0.3,0.5,34.0,62.0,0.5664105859375,False,PUT,2026-02-20,IOT
IOT260220P00026000,26.0,0.6,0.5,0.7,4.0,138.0,0.5419967675781252,False,PUT,2026-02-20,IOT
IOT260220P00027000,27.0,0.85,0.7,1.0,10.0,853.0,0.5073291455078125,False,PUT,2026-02-20,IOT
IOT260220P00028000,28.0,1.3,1.2,1.4,27.0,1378.0,0.5122119091796875,False,PUT,2026-02-20,IOT
IOT260220P00029000,29.0,1.72,1.7,1.95,22.0,173.0,0.5039112109375,True,PUT,2026-02-20,IOT
IOT260220P00029500,29.5,2.0,2.05,2.25,11.0,57.0,0.5083056982421875,True,PUT,2026-02-20,IOT
IOT260220P00030000,30.0,2.43,2.35,2.6,65.0,3784.0,0.5034229345703125,True,PUT,2026-02-20,IOT
IOT260220P00030500,30.5,2.64,2.7,2.95,2.0,69.0,0.5488326367187502,True,PUT,2026-02-20,IOT
IOT260220P00031000,31.0,1.5,3.0,3.3,1.0,282.0,0.5380905566406251,True,PUT,2026-02-20,IOT
IOT260220P00031500,31.5,3.3,3.5,3.8,3.0,72.0,0.51758294921875,True,PUT,2026-02-20,IOT
IOT260220P00032000,32.0,3.79,3.5,4.2,23.0,801.0,0.584965087890625,True,PUT,2026-02-20,IOT
IOT260220P00032500,32.5,2.76,3.2,4.7,1.0,59.0,0.6269568554687501,True,PUT,2026-02-20,IOT
IOT260220P00033000,33.0,4.91,4.8,5.1,37.0,306.0,0.5273484765625001,True,PUT,2026-02-20,IOT
IOT260220P00034000,34.0,5.3,5.3,6.0,1.0,369.0,0.6289099609375001,True,PUT,2026-02-20,IOT
IOT260220P00034500,34.5,4.24,5.0,6.6,3.0,1.0,0.7236355761718749,True,PUT,2026-02-20,IOT
IOT260220P00035000,35.0,6.43,6.1,6.9,4.0,455.0,0.6210975390625001,True,PUT,2026-02-20,IOT
IOT260220P00036000,36.0,5.47,6.8,7.9,4.0,484.0,0.6806672558593752,True,PUT,2026-02-20,IOT
IOT260227C00027000,27.0,7.09,2.45,2.65,,5.0,0.5795940478515625,True,CALL,2026-02-27,IOT
IOT260227C00028000,28.0,2.05,1.9,2.25,2.0,5.0,0.5981485498046876,True,CALL,2026-02-27,IOT
IOT260227C00029000,29.0,1.55,1.45,1.65,3.0,2.0,0.5751995605468749,False,CALL,2026-02-27,IOT
IOT260227C00030000,30.0,2.2,1.05,1.2,3.0,6.0,0.5566450585937501,False,CALL,2026-02-27,IOT
IOT260227C00031000,31.0,2.78,0.8,0.9,2.0,2.0,0.5625043750000001,False,CALL,2026-02-27,IOT
IOT260227C00032000,32.0,1.4,0.6,0.7,1.0,28.0,0.5737347314453125,False,CALL,2026-02-27,IOT
IOT260227C00033000,33.0,1.01,0.4,0.55,5.0,21.0,0.5751995605468749,False,CALL,2026-02-27,IOT
IOT260227C00034000,34.0,0.4,0.2,0.4,22.0,48.0,0.55273884765625,False,CALL,2026-02-27,IOT
IOT260227C00035000,35.0,0.58,0.15,0.35,83.0,244.0,0.5810588769531251,False,CALL,2026-02-27,IOT
IOT260227C00036000,36.0,0.35,0.05,0.75,4.0,154.0,0.7226590234375,False,CALL,2026-02-27,IOT
IOT260227P00026000,26.0,0.33,0.7,0.9,,1.0,0.5507857421875001,False,PUT,2026-02-27,IOT
IOT260227P00027000,27.0,0.52,1.05,1.2,69.0,69.0,0.5366257275390626,False,PUT,2026-02-27,IOT
IOT260227P00028000,28.0,1.48,1.5,1.65,3.0,5.0,0.534184345703125,False,PUT,2026-02-27,IOT
IOT260227P00029000,29.0,1.45,2.05,2.2,6.0,45.0,0.5346726220703125,True,PUT,2026-02-27,IOT
IOT260227P00030000,30.0,2.6,2.65,2.8,3.0,131.0,0.5229539892578124,True,PUT,2026-02-27,IOT
IOT260227P00031000,31.0,2.72,3.3,3.5,1.0,5.0,0.507817421875,True,PUT,2026-02-27,IOT
IOT260227P00032000,32.0,2.24,4.0,4.3,1.0,11.0,0.55273884765625,True,PUT,2026-02-27,IOT
IOT260227P00033000,33.0,1.32,3.7,5.3,3.0,14.0,0.6264685791015626,True,PUT,2026-02-27,IOT
IOT260227P00035000,35.0,3.55,5.5,7.1,14.0,15.0,0.6630893066406252,True,PUT,2026-02-27,IOT
IOT260227P00036000,36.0,5.83,6.5,8.0,1.0,5.0,0.6630893066406252,True,PUT,2026-02-27,IOT
IOT260306C00033000,33.0,2.25,0.55,1.3,,1.0,0.6796907031250001,False,CALL,2026-03-06,IOT
IOT260306P00031000,31.0,3.78,3.3,4.4,1.0,3.0,0.596683720703125,True,PUT,2026-03-06,IOT
IOT260306P00032000,32.0,2.55,4.3,5.1,,1.0,0.63086306640625,True,PUT,2026-03-06,IOT
IOT260306P00034000,34.0,3.67,5.1,6.7,,3.0,0.770510107421875,True,PUT,2026-03-06,IOT
IOT260320C00020000,20.0,9.1,8.7,9.1,42.0,77.0,0.8916026464843749,True,CALL,2026-03-20,IOT
IOT260320C00023000,23.0,18.8,23.6,27.4,,5.0,8.558598400878907,True,CALL,2026-03-20,IOT
IOT260320C00025000,25.0,8.22,4.8,5.1,20.0,17.0,0.76367423828125,True,CALL,2026-03-20,IOT
IOT260320C00027000,27.0,5.35,3.6,4.0,1.0,6.0,0.7568383691406251,True,CALL,2026-03-20,IOT
IOT260320C00028000,28.0,4.8,3.1,3.4,2.0,12.0,0.7407252490234374,True,CALL,2026-03-20,IOT
IOT260320C00029000,29.0,3.03,2.7,2.9,5.0,18.0,0.737307314453125,False,CALL,2026-03-20,IOT
IOT260320C00030000,30.0,2.4,2.3,2.5,5.0,158.0,0.7338893798828124,False,CALL,2026-03-20,IOT
IOT260320C00031000,31.0,2.44,1.95,2.15,1.0,41.0,0.7319362744140624,False,CALL,2026-03-20,IOT
IOT260320C00032000,32.0,1.78,1.65,1.8,10.0,137.0,0.7251004052734374,False,CALL,2026-03-20,IOT
IOT260320C00033000,33.0,1.6,1.4,1.75,3.0,194.0,0.7534204345703125,False,CALL,2026-03-20,IOT
IOT260320C00034000,34.0,1.4,1.15,1.35,151.0,315.0,0.727541787109375,False,CALL,2026-03-20,IOT
IOT260320C00035000,35.0,1.1,1.0,1.15,31.0,363.0,0.7329128271484374,False,CALL,2026-03-20,IOT
IOT260320C00036000,36.0,1.02,0.85,1.2,7.0,574.0,0.7690452783203126,False,CALL,2026-03-20,IOT
IOT260320P00020000,20.0,0.25,0.2,0.75,2.0,48.0,0.8251970605468748,False,PUT,2026-03-20,IOT
IOT260320P00023000,23.0,0.93,0.85,1.0,21.0,210.0,0.7412135253906249,False,PUT,2026-03-20,IOT
IOT260320P00025000,25.0,1.43,1.4,1.6,29.0,974.0,0.7202176416015625,False,PUT,2026-03-20,IOT
IOT260320P00026000,26.0,1.8,1.75,1.9,10.0,33.0,0.700198310546875,False,PUT,2026-03-20,IOT
IOT260320P00027000,27.0,2.22,2.15,2.35,4.0,170.0,0.69336244140625,False,PUT,2026-03-20,IOT
IOT260320P00028000,28.0,2.73,2.65,2.85,4.0,687.0,0.6918976123046876,False,PUT,2026-03-20,IOT
IOT260320P00029000,29.0,3.16,3.1,3.4,9.0,235.0,0.676761044921875,True,PUT,2026-03-20,IOT
IOT260320P00030000,30.0,3.9,3.8,4.0,39.0,948.0,0.68555001953125,True,PUT,2026-03-20,IOT
IOT260320P00031000,31.0,3.5,4.4,4.6,41.0,290.0,0.6699251757812501,True,PUT,2026-03-20,IOT
IOT260320P00032000,32.0,5.05,5.1,5.3,1.0,621.0,0.6674837939453127,True,PUT,2026-03-20,IOT
IOT260320P00033000,33.0,4.35,5.7,6.1,4.0,1279.0,0.6538120556640626,True,PUT,2026-03-20,IOT
IOT260320P00034000,34.0,6.59,6.2,6.9,2.0,328.0,0.6123085644531252,True,PUT,2026-03-20,IOT
IOT260320P00035000,35.0,6.15,7.0,7.7,69.0,785.0,0.5996133789062501,True,PUT,2026-03-20,IOT
IOT260320P00036000,36.0,6.4,7.8,8.5,1.0,1400.0,0.5732464550781251,True,PUT,2026-03-20,IOT
IOT260417C00020000,20.0,14.33,8.7,10.4,4.0,34.0,0.9423833886718749,True,CALL,2026-04-17,IOT
IOT260417C00025000,25.0,8.89,5.2,5.6,2.0,14.0,0.7136259106445313,True,CALL,2026-04-17,IOT
IOT260417C00027000,27.0,17.2,13.8,14.1,2.0,2.0,2.771487446289063,True,CALL,2026-04-17,IOT
IOT260417C00028000,28.0,3.7,3.6,3.9,1.0,3.0,0.6921417504882813,True,CALL,2026-04-17,IOT
IOT260417C00029000,29.0,3.98,3.2,3.5,1.0,11.0,0.6972686523437501,False,CALL,2026-04-17,IOT
IOT260417C00030000,30.0,3.9,2.75,3.0,2.0,307.0,0.6804231176757813,False,CALL,2026-04-17,IOT
IOT260417C00031000,31.0,3.7,2.4,2.8,12.0,52.0,0.6940948559570312,False,CALL,2026-04-17,IOT
IOT260417C00032000,32.0,4.05,2.1,2.35,3.0,47.0,0.6816438085937502,False,CALL,2026-04-17,IOT
IOT260417C00033000,33.0,2.02,1.8,2.05,2.0,105.0,0.676761044921875,False,CALL,2026-04-17,IOT
IOT260417C00034000,34.0,1.75,1.55,1.75,40.0,310.0,0.6704134521484376,False,CALL,2026-04-17,IOT
IOT260417C00035000,35.0,1.45,1.4,1.5,275.0,571.0,0.6733431103515627,False,CALL,2026-04-17,IOT
IOT260417C00036000,36.0,1.25,1.15,1.3,63.0,308.0,0.6650424121093752,False,CALL,2026-04-17,IOT
IOT260417P00020000,20.0,0.3,0.35,0.65,3.0,60.0,0.6738313867187502,False,PUT,2026-04-17,IOT
IOT260417P00025000,25.0,1.25,1.7,1.9,2.0,1036.0,0.6459996337890624,False,PUT,2026-04-17,IOT
IOT260417P00026000,26.0,1.1,2.1,2.3,20.0,46.0,0.641605146484375,False,PUT,2026-04-17,IOT
IOT260417P00027000,27.0,2.27,2.55,2.75,1.0,38.0,0.6372106591796876,False,PUT,2026-04-17,IOT
IOT260417P00028000,28.0,3.11,3.0,3.2,6.0,122.0,0.6235389208984375,False,PUT,2026-04-17,IOT
IOT260417P00029000,29.0,3.07,3.6,3.8,4.0,54.0,0.629886513671875,True,PUT,2026-04-17,IOT
IOT260417P00030000,30.0,4.1,4.2,4.4,1.0,503.0,0.6269568554687501,True,PUT,2026-04-17,IOT
IOT260417P00031000,31.0,2.9,4.8,5.0,372.0,1442.0,0.6162147753906251,True,PUT,2026-04-17,IOT
IOT260417P00032000,32.0,4.7,5.5,5.7,4.0,212.0,0.6167030517578126,True,PUT,2026-04-17,IOT
IOT260417P00033000,33.0,3.85,6.1,6.4,1.0,374.0,0.5993692407226563,True,PUT,2026-04-17,IOT
IOT260417P00034000,34.0,4.2,6.5,7.2,11.0,119.0,0.561527822265625,True,PUT,2026-04-17,IOT
IOT260417P00035000,35.0,5.1,7.3,8.0,22.0,146.0,0.5581098876953126,True,PUT,2026-04-17,IOT
IOT260417P00036000,36.0,3.9,8.1,8.8,7.0,70.0,0.5473678076171876,True,PUT,2026-04-17,IOT
IOT260618C00020000,20.0,9.9,9.6,10.4,3.0,122.0,0.8081073876953124,True,CALL,2026-06-18,IOT
IOT260618C00025000,25.0,22.25,6.3,6.8,10.0,19.0,0.7211941943359376,True,CALL,2026-06-18,IOT
IOT260618C00028000,28.0,7.3,4.8,5.2,1.0,22.0,0.7004424487304688,True,CALL,2026-06-18,IOT
IOT260618C00030000,30.0,4.1,4.0,4.2,34.0,369.0,0.6840851904296876,False,CALL,2026-06-18,IOT
IOT260618C00031000,31.0,3.8,3.6,4.0,2.0,27.0,0.6909210595703126,False,CALL,2026-06-18,IOT
IOT260618C00032000,32.0,3.6,3.2,3.7,33.0,46.0,0.6867707104492189,False,CALL,2026-06-18,IOT
IOT260618C00033000,33.0,3.21,2.95,3.3,15.0,40.0,0.6826203613281252,False,CALL,2026-06-18,IOT
IOT260618C00034000,34.0,2.85,2.65,3.1,6.0,219.0,0.68555001953125,False,CALL,2026-06-18,IOT
IOT260618C00035000,35.0,2.59,2.35,2.5,12.0,271.0,0.6555210229492189,False,CALL,2026-06-18,IOT
IOT260618C00036000,36.0,2.3,2.1,2.5,10.0,229.0,0.6706575903320313,False,CALL,2026-06-18,IOT
IOT260618P00020000,20.0,1.05,0.85,1.2,2.0,173.0,0.649417568359375,False,PUT,2026-06-18,IOT
IOT260618P00025000,25.0,2.75,2.7,2.8,10.0,1583.0,0.639652041015625,False,PUT,2026-06-18,IOT
IOT260618P00028000,28.0,4.05,4.0,4.2,129.0,523.0,0.6120644262695314,False,PUT,2026-06-18,IOT
IOT260618P00030000,30.0,4.45,5.2,5.4,17.0,1554.0,0.6120644262695314,True,PUT,2026-06-18,IOT
IOT260618P00031000,31.0,3.8,5.8,6.0,3.0,68.0,0.6047402807617189,True,PUT,2026-06-18,IOT
IOT260618P00032000,32.0,5.2,6.4,6.7,1030.0,551.0,0.6001016552734376,True,PUT,2026-06-18,IOT
IOT260618P00033000,33.0,5.7,7.1,7.4,1.0,579.0,0.5986368261718751,True,PUT,2026-06-18,IOT
IOT260618P00034000,34.0,7.85,7.8,8.1,126.0,191.0,0.5927775097656252,True,PUT,2026-06-18,IOT
IOT260618P00035000,35.0,7.0,8.5,8.8,38.0,241.0,0.5827678442382812,True,PUT,2026-06-18,IOT
IOT260618P00036000,36.0,9.2,9.0,9.6,6.0,92.0,0.5600629931640625,True,PUT,2026-06-18,IOT
IOT260717C00020000,20.0,10.22,9.8,11.4,1.0,12.0,0.8540053662109376,True,CALL,2026-07-17,IOT
IOT260717C00025000,25.0,11.23,6.5,7.1,6.0,8.0,0.6936065795898438,True,CALL,2026-07-17,IOT
IOT260717C00030000,30.0,6.56,4.1,4.8,1.0,27.0,0.6684603466796877,False,CALL,2026-07-17,IOT
IOT260717C00031000,31.0,7.4,3.8,5.0,5.0,0.0,0.7070341796875,False,CALL,2026-07-17,IOT
IOT260717C00032000,32.0,3.7,3.3,4.0,26.0,42.0,0.6516148120117189,False,CALL,2026-07-17,IOT
IOT260717C00033000,33.0,4.35,3.1,4.2,3.0,27.0,0.6901886450195314,False,CALL,2026-07-17,IOT
IOT260717C00034000,34.0,3.32,2.95,3.4,3.0,17.0,0.6640658593750002,False,CALL,2026-07-17,IOT
IOT260717C00035000,35.0,3.7,2.5,3.2,3.0,122.0,0.654544470214844,False,CALL,2026-07-17,IOT
IOT260717C00036000,36.0,4.0,2.35,2.95,2.0,18.0,0.6589389575195312,False,CALL,2026-07-17,IOT
IOT260717P00020000,20.0,1.2,1.1,1.25,2.0,24.0,0.6250037500000001,False,PUT,2026-07-17,IOT
IOT260717P00025000,25.0,1.85,2.5,3.0,20.0,34.0,0.5825237060546875,False,PUT,2026-07-17,IOT
IOT260717P00028000,28.0,3.32,3.9,4.5,5.0,38.0,0.5708050732421875,False,PUT,2026-07-17,IOT
IOT260717P00030000,30.0,4.3,5.0,5.6,10.0,71.0,0.5573774731445313,True,PUT,2026-07-17,IOT
IOT260717P00031000,31.0,4.8,5.6,6.2,13.0,57.0,0.5507857421875001,True,PUT,2026-07-17,IOT
IOT260717P00032000,32.0,4.8,6.2,6.9,10.0,32.0,0.5466353930664063,True,PUT,2026-07-17,IOT
IOT260717P00033000,33.0,4.1,6.3,7.6,10.0,14.0,0.5048877636718749,True,PUT,2026-07-17,IOT
IOT260717P00034000,34.0,7.77,7.6,8.3,1.0,9.0,0.5397995239257813,True,PUT,2026-07-17,IOT
IOT260717P00035000,35.0,6.5,7.6,9.0,4.0,66.0,0.5795940478515625,True,PUT,2026-07-17,IOT
IOT260717P00036000,36.0,4.7,9.1,9.8,,1.0,0.532231240234375,True,PUT,2026-07-17,IOT
IOT270115C00020000,20.0,11.5,11.3,11.6,27.0,95.0,0.7048369360351563,True,CALL,2027-01-15,IOT
IOT270115C00025000,25.0,8.98,8.4,9.4,1.0,291.0,0.6972686523437501,True,CALL,2027-01-15,IOT
IOT270115C00028000,28.0,6.95,7.0,7.7,2.0,48.0,0.6645541357421877,True,CALL,2027-01-15,IOT
IOT270115C00030000,30.0,6.65,6.1,6.9,7.0,359.0,0.6521030883789063,False,CALL,2027-01-15,IOT
IOT270115C00033000,33.0,5.6,5.2,6.3,5.0,100.0,0.6694368994140626,False,CALL,2027-01-15,IOT
IOT270115C00035000,35.0,4.93,4.6,5.0,9.0,1093.0,0.6326941027832031,False,CALL,2027-01-15,IOT
IOT270115P00020000,20.0,2.2,2.15,2.4,1.0,288.0,0.5898478515625001,False,PUT,2027-01-15,IOT
IOT270115P00025000,25.0,3.56,4.0,4.6,1.0,580.0,0.5634809277343751,False,PUT,2027-01-15,IOT
IOT270115P00028000,28.0,4.54,5.5,6.0,1.0,464.0,0.5411422839355471,False,PUT,2027-01-15,IOT
IOT270115P00030000,30.0,5.8,6.6,7.2,14.0,274.0,0.5324753784179688,True,PUT,2027-01-15,IOT
IOT270115P00033000,33.0,7.05,8.5,9.6,1502.0,1660.0,0.5427291821289064,True,PUT,2027-01-15,IOT
IOT270115P00035000,35.0,8.23,9.9,10.5,1.0,179.0,0.514653291015625,True,PUT,2027-01-15,IOT
IOT280121C00020000,20.0,14.0,13.5,15.3,20.0,98.0,0.7561059545898439,True,CALL,2028-01-21,IOT
IOT280121C00025000,25.0,12.0,11.1,12.0,20.0,108.0,0.6820100158691409,True,CALL,2028-01-21,IOT
IOT280121C00028000,28.0,10.5,9.8,10.7,2.0,7.0,0.6623568920898439,True,CALL,2028-01-21,IOT
IOT280121C00030000,30.0,9.6,8.7,9.7,10.0,87.0,0.6333044482421876,False,CALL,2028-01-21,IOT
IOT280121C00033000,33.0,10.2,8.0,9.6,2.0,129.0,0.663333444824219,False,CALL,2028-01-21,IOT
IOT280121C00035000,35.0,8.2,7.5,9.5,11.0,45.0,0.676761044921875,False,CALL,2028-01-21,IOT
IOT280121P00020000,20.0,3.4,3.5,4.0,1.0,28.0,0.5454147021484376,False,PUT,2028-01-21,IOT
IOT280121P00025000,25.0,6.2,5.8,6.6,3.0,53.0,0.5299119274902344,False,PUT,2028-01-21,IOT
IOT280121P00028000,28.0,6.92,7.1,9.0,5.0,37.0,0.5310105493164063,False,PUT,2028-01-21,IOT
IOT280121P00030000,30.0,9.3,8.3,9.3,1.0,187.0,0.5267381311035157,True,PUT,2028-01-21,IOT
IOT280121P00033000,33.0,9.3,10.1,11.3,5.0,12.0,0.5210008837890624,True,PUT,2028-01-21,IOT
IOT280121P00035000,35.0,10.4,11.3,13.2,1.0,21.0,0.5487105676269532,True,PUT,2028-01-21,IOT
IQ260130C00001500,1.5,0.52,0.25,0.97,,1.0,2.8750028125,True,CALL,2026-01-30,IQ
IQ260130C00002000,2.0,0.05,0.05,0.62,1.0,742.0,4.687504140625,True,CALL,2026-01-30,IQ
IQ260130C00002500,2.5,0.01,0.0,0.01,10.0,326.0,1.3750031249999999,False,CALL,2026-01-30,IQ
IQ260130P00001500,1.5,0.01,0.0,0.01,1.0,180.0,2.50000375,False,PUT,2026-01-30,IQ
IQ260130P00002000,2.0,0.01,0.0,0.01,100.0,76.0,0.5625043750000001,False,PUT,2026-01-30,IQ
IQ260130P00002500,2.5,0.6,0.03,0.63,6.0,8.0,5.937502578125001,True,PUT,2026-01-30,IQ
IQ260206C00001500,1.5,0.57,0.25,0.97,1.0,0.0,1.3750031249999999,True,CALL,2026-02-06,IQ
IQ260206C00002000,2.0,0.1,0.09,0.16,12.0,152.0,0.79687703125,True,CALL,2026-02-06,IQ
IQ260206C00002500,2.5,0.01,0.0,0.02,54.0,465.0,0.7812521875,False,CALL,2026-02-06,IQ
IQ260206P00001500,1.5,0.01,0.0,0.75,4.0,18.0,5.8437526953125,False,PUT,2026-02-06,IQ
IQ260206P00002000,2.0,0.03,0.01,0.04,3.0,91.0,0.6250037500000001,False,PUT,2026-02-06,IQ
IQ260206P00002500,2.5,0.35,0.06,0.63,2.0,14.0,2.7968780078125004,True,PUT,2026-02-06,IQ
IQ260213C00001500,1.5,0.52,0.06,0.98,,555.0,4.421879472656249,True,CALL,2026-02-13,IQ
IQ260213C00002000,2.0,0.37,0.0,0.75,1.0,81.0,1.890625546875,True,CALL,2026-02-13,IQ
IQ260213C00002500,2.5,0.02,0.0,0.05,53.0,78.0,0.7500025,False,CALL,2026-02-13,IQ
IQ260213P00001500,1.5,0.05,0.0,0.1,5.0,75.0,1.625001875,False,PUT,2026-02-13,IQ
IQ260213P00002500,2.5,0.32,0.05,0.75,10.0,14.0,2.7812530468750003,True,PUT,2026-02-13,IQ
IQ260220C00001500,1.5,0.67,0.23,0.98,5.0,906.0,0.7500025,True,CALL,2026-02-20,IQ
IQ260220C00002000,2.0,0.16,0.01,0.3,11.0,231.0,1.203128984375,True,CALL,2026-02-20,IQ
IQ260220C00002500,2.5,0.03,0.02,0.03,20.0,512.0,0.6250037500000001,False,CALL,2026-02-20,IQ
IQ260220P00001500,1.5,0.01,0.0,0.75,2.0,12.0,3.6562508593750005,False,PUT,2026-02-20,IQ
IQ260220P00002000,2.0,0.07,0.0,0.22,3.0,6.0,0.7578149218750001,False,PUT,2026-02-20,IQ
IQ260220P00002500,2.5,0.4,0.4,0.95,1.0,11.0,1.96875015625,True,PUT,2026-02-20,IQ
IQ260227C00001500,1.5,0.75,0.0,1.4,,1.0,1.5468772656249998,True,CALL,2026-02-27,IQ
IQ260227P00002000,2.0,0.15,0.0,0.75,11.0,13.0,1.8281258593749998,False,PUT,2026-02-27,IQ
IQ260227P00002500,2.5,0.41,0.07,0.8,2.0,5.0,0.6250037500000001,True,PUT,2026-02-27,IQ
IQ260306C00002000,2.0,0.28,0.0,0.75,1.0,1.0,1.2500037499999999,True,CALL,2026-03-06,IQ
IQ260306P00002000,2.0,0.19,0.0,0.63,1.0,1.0,1.40625296875,False,PUT,2026-03-06,IQ
IQ260320C00001500,1.5,0.69,0.27,1.0,2.0,311.0,0.79687703125,True,CALL,2026-03-20,IQ
IQ260320C00002000,2.0,0.25,0.23,0.4,26.0,10347.0,0.85937640625,True,CALL,2026-03-20,IQ
IQ260320C00002500,2.5,0.08,0.06,0.1,195.0,87044.0,0.6640658593750002,False,CALL,2026-03-20,IQ
IQ260320P00001500,1.5,0.07,0.0,0.0,4.0,32.0,0.2500075,False,PUT,2026-03-20,IQ
IQ260320P00002000,2.0,0.15,0.11,0.15,10.0,36063.0,0.57812921875,False,PUT,2026-03-20,IQ
IQ260320P00002500,2.5,0.49,0.43,0.49,50.0,639.0,0.585941640625,True,PUT,2026-03-20,IQ
IQ260618C00001500,1.5,0.75,0.33,0.95,8.0,1057.0,0.500005,True,CALL,2026-06-18,IQ
IQ260618C00002000,2.0,0.36,0.36,0.4,80.0,2421.0,0.648441015625,True,CALL,2026-06-18,IQ
IQ260618C00002500,2.5,0.19,0.17,0.2,92.0,2035.0,0.6171913281250001,False,CALL,2026-06-18,IQ
IQ260618P00001500,1.5,0.09,0.06,0.11,5.0,75.0,0.6640658593750002,False,PUT,2026-06-18,IQ
IQ260618P00002000,2.0,0.26,0.21,0.37,1.0,834.0,0.6679720703125002,False,PUT,2026-06-18,IQ
IQ260618P00002500,2.5,0.55,0.52,0.57,10.0,2402.0,0.5390671093750001,True,PUT,2026-06-18,IQ
IQ260918C00001500,1.5,0.65,0.4,1.1,5.0,20.0,0.6679720703125002,True,CALL,2026-09-18,IQ
IQ260918C00002000,2.0,0.51,0.1,0.55,3.0,282.0,0.773439765625,True,CALL,2026-09-18,IQ
IQ260918C00002500,2.5,0.26,0.05,0.3,10.0,265.0,0.6543003320312502,False,CALL,2026-09-18,IQ
IQ260918P00001500,1.5,0.14,0.0,0.72,,170.0,1.1171919140625,False,PUT,2026-09-18,IQ
IQ260918P00002000,2.0,0.35,0.0,0.75,,3.0,0.6562534375000001,False,PUT,2026-09-18,IQ
IQ260918P00002500,2.5,0.89,0.0,0.0,2.0,5.0,1.0000000000000003e-05,True,PUT,2026-09-18,IQ
IQ270115C00001500,1.5,0.83,0.0,1.59,1.0,501.0,0.6250037500000001,True,CALL,2027-01-15,IQ
IQ270115C00002000,2.0,0.5,0.55,0.65,10.0,5793.0,0.6953155468750001,True,CALL,2027-01-15,IQ
IQ270115C00002500,2.5,0.38,0.37,0.44,5.0,15416.0,0.6601596484375001,False,CALL,2027-01-15,IQ
IQ270115P00001500,1.5,0.16,0.14,0.22,5.0,3798.0,0.5976602734375001,False,PUT,2027-01-15,IQ
IQ270115P00002000,2.0,0.37,0.36,0.47,3.0,741.0,0.585941640625,False,PUT,2027-01-15,IQ
IQ270115P00002500,2.5,0.66,0.67,0.78,10.0,745.0,0.5625043750000001,True,PUT,2027-01-15,IQ
IQ280121C00001500,1.5,0.89,0.0,1.18,19.0,498.0,0.9023447265625,True,CALL,2028-01-21,IQ
IQ280121C00002000,2.0,0.95,0.6,2.0,4.0,7738.0,1.220707021484375,True,CALL,2028-01-21,IQ
IQ280121C00002500,2.5,0.34,0.51,1.23,40.0,84.0,0.8730481445312499,False,CALL,2028-01-21,IQ
IQ280121P00002000,2.0,0.55,0.47,0.65,10.0,46.0,0.5429733203125001,False,PUT,2028-01-21,IQ
IQ280121P00002500,2.5,0.91,0.0,0.0,3.0,14.0,1.0000000000000003e-05,True,PUT,2028-01-21,IQ
IREN260130C00042000,42.0,16.78,17.55,19.05,2.0,114.0,3.2109394726562495,True,CALL,2026-01-30,IREN
IREN260130C00042500,42.5,15.92,16.25,18.6,2.0,10.0,4.316410854492187,True,CALL,2026-01-30,IREN
IREN260130C00043000,43.0,15.41,16.0,18.0,23.0,327.0,2.1250046874999997,True,CALL,2026-01-30,IREN
IREN260130C00043500,43.5,14.15,15.25,17.6,1.0,26.0,4.1015673730468745,True,CALL,2026-01-30,IREN
IREN260130C00044000,44.0,16.0,15.5,16.85,47.0,208.0,2.60156599609375,True,CALL,2026-01-30,IREN
IREN260130C00044500,44.5,13.17,14.25,16.7,1.0,32.0,1.75000125,True,CALL,2026-01-30,IREN
IREN260130C00045000,45.0,15.39,14.2,16.0,16.0,564.0,2.2500043749999996,True,CALL,2026-01-30,IREN
IREN260130C00045500,45.5,15.68,13.3,15.75,1.0,15.0,1.9218753906250001,True,CALL,2026-01-30,IREN
IREN260130C00046000,46.0,13.87,12.95,15.0,21.0,246.0,1.5781271093749998,True,CALL,2026-01-30,IREN
IREN260130C00046500,46.5,15.26,12.6,14.55,29.0,72.0,1.96484392578125,True,CALL,2026-01-30,IREN
IREN260130C00047000,47.0,13.2,12.25,14.2,25.0,344.0,2.2382856542968748,True,CALL,2026-01-30,IREN
IREN260130C00047500,47.5,11.4,11.35,13.65,1.0,25.0,1.5625021874999998,True,CALL,2026-01-30,IREN
IREN260130C00048000,48.0,12.49,11.25,13.0,39.0,739.0,1.8828130859374999,True,CALL,2026-01-30,IREN
IREN260130C00048500,48.5,13.2,10.3,12.6,1.0,4.0,0.500005,True,CALL,2026-01-30,IREN
IREN260130C00049000,49.0,11.9,10.0,12.2,11.0,568.0,1.68359533203125,True,CALL,2026-01-30,IREN
IREN260130C00049500,49.5,10.96,10.4,11.8,2.0,12.0,2.3535197412109365,True,CALL,2026-01-30,IREN
IREN260130C00050000,50.0,10.56,9.8,10.5,204.0,2409.0,1.64453302734375,True,CALL,2026-01-30,IREN
IREN260130C00051000,51.0,9.23,8.35,10.2,67.0,521.0,1.6972671386718752,True,CALL,2026-01-30,IREN
IREN260130C00052000,52.0,8.67,7.95,8.4,23.0,1001.0,1.3984405078125,True,CALL,2026-01-30,IREN
IREN260130C00053000,53.0,7.46,6.35,8.25,112.0,1562.0,1.4179716601562502,True,CALL,2026-01-30,IREN
IREN260130C00054000,54.0,6.55,6.1,6.75,97.0,2941.0,1.3925811621093749,True,CALL,2026-01-30,IREN
IREN260130C00055000,55.0,5.35,5.35,5.65,520.0,11997.0,1.2919957275390623,True,CALL,2026-01-30,IREN
IREN260130C00056000,56.0,4.4,4.4,4.75,251.0,2017.0,1.1757853710937498,True,CALL,2026-01-30,IREN
IREN260130C00056500,56.5,4.63,3.95,4.4,134.0,2320.0,1.16016044921875,True,CALL,2026-01-30,IREN
IREN260130C00057000,57.0,3.8,3.55,3.9,467.0,3152.0,1.0986373193359378,True,CALL,2026-01-30,IREN
IREN260130C00057500,57.5,3.0,3.2,3.55,376.0,744.0,1.0986373193359378,True,CALL,2026-01-30,IREN
IREN260130C00058000,58.0,3.17,3.0,3.2,1233.0,2615.0,1.1337933935546878,True,CALL,2026-01-30,IREN
IREN260130C00058500,58.5,2.64,2.71,2.86,825.0,1492.0,1.1298871630859377,True,CALL,2026-01-30,IREN
IREN260130C00059000,59.0,2.4,2.33,2.44,6183.0,1214.0,1.0664109179687502,True,CALL,2026-01-30,IREN
IREN260130C00060000,60.0,1.89,1.82,1.91,16192.0,11660.0,1.0673874755859378,False,CALL,2026-01-30,IREN
IREN260130C00061000,61.0,1.46,1.36,1.46,5401.0,3985.0,1.0576218994140625,False,CALL,2026-01-30,IREN
IREN260130C00062000,62.0,1.05,0.97,1.04,6200.0,3027.0,1.0293017285156252,False,CALL,2026-01-30,IREN
IREN260130C00063000,63.0,0.77,0.66,0.77,5045.0,3640.0,1.021489267578125,False,CALL,2026-01-30,IREN
IREN260130C00064000,64.0,0.56,0.33,0.55,7427.0,2421.0,0.971679970703125,False,CALL,2026-01-30,IREN
IREN260130C00065000,65.0,0.36,0.34,0.36,5261.0,13269.0,1.0273486132812502,False,CALL,2026-01-30,IREN
IREN260130C00066000,66.0,0.25,0.21,0.23,1872.0,2817.0,1.009770576171875,False,CALL,2026-01-30,IREN
IREN260130C00067000,67.0,0.14,0.13,0.22,732.0,2804.0,1.05859845703125,False,CALL,2026-01-30,IREN
IREN260130C00068000,68.0,0.1,0.08,0.13,328.0,1924.0,1.0390673046875003,False,CALL,2026-01-30,IREN
IREN260130C00069000,69.0,0.09,0.05,0.11,155.0,1751.0,1.0781296093750001,False,CALL,2026-01-30,IREN
IREN260130C00070000,70.0,0.05,0.04,0.07,2510.0,13904.0,1.09375453125,False,CALL,2026-01-30,IREN
IREN260130C00071000,71.0,0.04,0.02,0.04,261.0,7831.0,1.0703171484375003,False,CALL,2026-01-30,IREN
IREN260130C00072000,72.0,0.02,0.01,0.05,393.0,3504.0,1.140629296875,False,CALL,2026-01-30,IREN
IREN260130C00073000,73.0,0.02,0.0,0.09,16.0,986.0,1.2890660546875,False,CALL,2026-01-30,IREN
IREN260130C00074000,74.0,0.04,0.01,0.06,10.0,97.0,1.3125034374999998,False,CALL,2026-01-30,IREN
IREN260130C00075000,75.0,0.01,0.01,0.02,247.0,2776.0,1.2500037499999999,False,CALL,2026-01-30,IREN
IREN260130C00076000,76.0,0.1,0.0,0.04,3.0,2465.0,1.3437532812499997,False,CALL,2026-01-30,IREN
IREN260130P00042000,42.0,0.04,0.02,0.06,92.0,2212.0,2.1875045312499997,False,PUT,2026-01-30,IREN
IREN260130P00042500,42.5,0.06,0.02,0.06,59.0,307.0,2.1250046874999997,False,PUT,2026-01-30,IREN
IREN260130P00043000,43.0,0.06,0.04,0.06,133.0,1935.0,2.1250046874999997,False,PUT,2026-01-30,IREN
IREN260130P00043500,43.5,0.09,0.05,0.09,44.0,360.0,2.1718795703125,False,PUT,2026-01-30,IREN
IREN260130P00044000,44.0,0.07,0.06,0.08,72.0,4264.0,2.1015672460937496,False,PUT,2026-01-30,IREN
IREN260130P00044500,44.5,0.07,0.04,0.09,37.0,237.0,2.0156299609375,False,PUT,2026-01-30,IREN
IREN260130P00045000,45.0,0.08,0.06,0.08,415.0,3520.0,1.96875015625,False,PUT,2026-01-30,IREN
IREN260130P00045500,45.5,0.09,0.02,0.11,19.0,391.0,1.8828130859374999,False,PUT,2026-01-30,IREN
IREN260130P00046000,46.0,0.09,0.06,0.13,138.0,2112.0,1.9375003125,False,PUT,2026-01-30,IREN
IREN260130P00046500,46.5,0.11,0.05,0.11,59.0,440.0,1.8125009374999999,False,PUT,2026-01-30,IREN
IREN260130P00047000,47.0,0.09,0.07,0.11,198.0,3264.0,1.78515732421875,False,PUT,2026-01-30,IREN
IREN260130P00047500,47.5,0.12,0.08,0.17,42.0,313.0,1.8281258593749998,False,PUT,2026-01-30,IREN
IREN260130P00048000,48.0,0.1,0.08,0.1,1544.0,16153.0,1.65625171875,False,PUT,2026-01-30,IREN
IREN260130P00048500,48.5,0.11,0.07,0.14,374.0,979.0,1.6328143359374998,False,PUT,2026-01-30,IREN
IREN260130P00049000,49.0,0.14,0.09,0.21,544.0,2616.0,1.68359533203125,False,PUT,2026-01-30,IREN
IREN260130P00049500,49.5,0.09,0.08,0.16,227.0,434.0,1.54297103515625,False,PUT,2026-01-30,IREN
IREN260130P00050000,50.0,0.08,0.11,0.13,2168.0,7467.0,1.4765651171875,False,PUT,2026-01-30,IREN
IREN260130P00051000,51.0,0.17,0.14,0.19,1504.0,2811.0,1.4375028125,False,PUT,2026-01-30,IREN
IREN260130P00052000,52.0,0.18,0.15,0.2,580.0,3255.0,1.3164096679687498,False,PUT,2026-01-30,IREN
IREN260130P00053000,53.0,0.23,0.21,0.25,1747.0,3880.0,1.26172244140625,False,PUT,2026-01-30,IREN
IREN260130P00054000,54.0,0.3,0.22,0.34,1129.0,2949.0,1.1796916015624999,False,PUT,2026-01-30,IREN
IREN260130P00055000,55.0,0.38,0.36,0.42,2734.0,3334.0,1.142582412109375,False,PUT,2026-01-30,IREN
IREN260130P00056000,56.0,0.54,0.47,0.55,623.0,4691.0,1.08203583984375,False,PUT,2026-01-30,IREN
IREN260130P00056500,56.5,0.58,0.58,0.62,558.0,507.0,1.0654343603515626,False,PUT,2026-01-30,IREN
IREN260130P00057000,57.0,0.72,0.65,0.78,1165.0,976.0,1.056645341796875,False,PUT,2026-01-30,IREN
IREN260130P00057500,57.5,0.82,0.77,0.89,1042.0,4445.0,1.0351610742187503,False,PUT,2026-01-30,IREN
IREN260130P00058000,58.0,1.01,0.92,1.02,3702.0,972.0,1.021489267578125,False,PUT,2026-01-30,IREN
IREN260130P00058500,58.5,1.05,1.05,1.18,2124.0,380.0,0.99804689453125,False,PUT,2026-01-30,IREN
IREN260130P00059000,59.0,1.3,1.25,1.34,1758.0,813.0,0.98437515625,False,PUT,2026-01-30,IREN
IREN260130P00060000,60.0,1.79,1.68,1.79,2757.0,2644.0,0.965820654296875,True,PUT,2026-01-30,IREN
IREN260130P00061000,61.0,2.25,2.26,2.35,693.0,972.0,0.9687503125,True,PUT,2026-01-30,IREN
IREN260130P00062000,62.0,2.66,2.75,3.15,470.0,1318.0,0.9648441015625,True,PUT,2026-01-30,IREN
IREN260130P00063000,63.0,3.45,3.5,3.95,190.0,371.0,0.9941406835937501,True,PUT,2026-01-30,IREN
IREN260130P00064000,64.0,4.2,4.3,4.65,247.0,54.0,0.9589847851562499,True,PUT,2026-01-30,IREN
IREN260130P00065000,65.0,5.0,5.0,6.15,74.0,130.0,1.1826212744140623,True,PUT,2026-01-30,IREN
IREN260130P00068000,68.0,8.45,7.2,9.2,1.0,4.0,1.123051259765625,True,PUT,2026-01-30,IREN
IREN260130P00070000,70.0,13.1,9.1,11.3,3.0,324.0,1.3164096679687498,True,PUT,2026-01-30,IREN
IREN260130P00071000,71.0,10.2,9.8,12.35,29.0,115.0,1.0468797656250002,True,PUT,2026-01-30,IREN
IREN260206C00042000,42.0,19.72,18.15,20.0,2.0,288.0,2.0722704443359374,True,CALL,2026-02-06,IREN
IREN260206C00042500,42.5,11.88,17.2,19.5,,2.0,1.8857427587890623,True,CALL,2026-02-06,IREN
IREN260206C00043000,43.0,17.3,17.55,19.4,1.0,149.0,2.1845748510742187,True,CALL,2026-02-06,IREN
IREN260206C00043500,43.5,14.3,16.3,18.7,1.0,15.0,1.876953740234375,True,CALL,2026-02-06,IREN
IREN260206C00044000,44.0,15.9,15.8,18.2,2.0,119.0,1.8281258593749998,True,CALL,2026-02-06,IREN
IREN260206C00045000,45.0,16.59,15.75,16.95,13.0,437.0,1.9101566992187502,True,CALL,2026-02-06,IREN
IREN260206C00045500,45.5,13.61,14.7,16.65,1.0,15.0,1.7724620751953122,True,CALL,2026-02-06,IREN
IREN260206C00046000,46.0,14.26,14.5,16.1,4.0,290.0,1.7841807666015623,True,CALL,2026-02-06,IREN
IREN260206C00047000,47.0,14.62,13.4,15.2,46.0,237.0,1.68359533203125,True,CALL,2026-02-06,IREN
IREN260206C00047500,47.5,8.34,12.6,15.05,5.0,6.0,1.6455095849609376,True,CALL,2026-02-06,IREN
IREN260206C00048000,48.0,13.65,12.7,14.2,27.0,312.0,1.650392373046875,True,CALL,2026-02-06,IREN
IREN260206C00048500,48.5,13.5,12.45,13.95,2.0,5.0,1.7041030419921874,True,CALL,2026-02-06,IREN
IREN260206C00049000,49.0,12.2,12.25,13.5,40.0,187.0,1.7216810791015624,True,CALL,2026-02-06,IREN
IREN260206C00049500,49.5,10.72,11.45,13.25,49.0,56.0,1.6591813916015625,True,CALL,2026-02-06,IREN
IREN260206C00050000,50.0,11.49,11.4,12.35,165.0,2136.0,1.6157245776367186,True,CALL,2026-02-06,IREN
IREN260206C00051000,51.0,11.2,10.7,11.8,69.0,1555.0,1.6455095849609376,True,CALL,2026-02-06,IREN
IREN260206C00052000,52.0,10.5,9.6,10.65,144.0,345.0,1.4931665966796874,True,CALL,2026-02-06,IREN
IREN260206C00053000,53.0,9.75,8.75,9.95,56.0,481.0,1.4594753588867184,True,CALL,2026-02-06,IREN
IREN260206C00054000,54.0,9.05,8.65,9.15,87.0,549.0,1.5214867675781247,True,CALL,2026-02-06,IREN
IREN260206C00055000,55.0,8.22,7.95,8.45,1119.0,1780.0,1.4946314331054684,True,CALL,2026-02-06,IREN
IREN260206C00056000,56.0,7.67,7.3,7.75,42.0,443.0,1.4682643774414061,True,CALL,2026-02-06,IREN
IREN260206C00057000,57.0,6.87,6.7,7.2,242.0,683.0,1.4628933105468749,True,CALL,2026-02-06,IREN
IREN260206C00058000,58.0,6.2,6.05,6.6,306.0,684.0,1.435549697265625,True,CALL,2026-02-06,IREN
IREN260206C00059000,59.0,5.87,5.55,5.95,596.0,570.0,1.4150419873046878,True,CALL,2026-02-06,IREN
IREN260206C00060000,60.0,5.22,5.15,5.35,3165.0,5342.0,1.4067412475585939,False,CALL,2026-02-06,IREN
IREN260206C00061000,61.0,5.0,4.65,5.0,1053.0,353.0,1.410647478027344,False,CALL,2026-02-06,IREN
IREN260206C00062000,62.0,4.55,4.2,4.5,691.0,772.0,1.3935577197265623,False,CALL,2026-02-06,IREN
IREN260206C00063000,63.0,4.1,3.8,4.15,866.0,1844.0,1.3955108349609375,False,CALL,2026-02-06,IREN
IREN260206C00064000,64.0,3.65,3.45,3.7,482.0,822.0,1.3833038647460936,False,CALL,2026-02-06,IREN
IREN260206C00065000,65.0,3.25,3.2,3.35,3356.0,4444.0,1.3911163256835937,False,CALL,2026-02-06,IREN
IREN260206C00066000,66.0,3.0,2.9,3.05,235.0,1935.0,1.3920928833007813,False,CALL,2026-02-06,IREN
IREN260206C00067000,67.0,2.66,2.6,2.85,658.0,444.0,1.400393623046875,False,CALL,2026-02-06,IREN
IREN260206C00068000,68.0,2.44,2.33,2.6,240.0,681.0,1.3999053442382814,False,CALL,2026-02-06,IREN
IREN260206C00069000,69.0,2.2,2.11,2.28,212.0,384.0,1.3896514892578122,False,CALL,2026-02-06,IREN
IREN260206C00070000,70.0,2.01,1.9,2.03,7837.0,6890.0,1.3852569799804684,False,CALL,2026-02-06,IREN
IREN260206C00071000,71.0,1.76,1.68,1.86,51.0,153.0,1.3857452587890622,False,CALL,2026-02-06,IREN
IREN260206C00072000,72.0,1.5,1.51,1.68,92.0,689.0,1.3876983740234374,False,CALL,2026-02-06,IREN
IREN260206C00073000,73.0,1.33,1.31,1.52,97.0,195.0,1.3813507495117183,False,CALL,2026-02-06,IREN
IREN260206C00074000,74.0,1.37,1.2,1.38,11.0,106.0,1.3896514892578122,False,CALL,2026-02-06,IREN
IREN260206C00075000,75.0,1.19,1.08,1.24,646.0,1973.0,1.3916046044921875,False,CALL,2026-02-06,IREN
IREN260206C00076000,76.0,1.1,0.95,1.15,89.0,426.0,1.3974639501953123,False,CALL,2026-02-06,IREN
IREN260206P00042000,42.0,0.92,0.76,1.08,811.0,2892.0,1.9472658886718752,False,PUT,2026-02-06,IREN
IREN260206P00042500,42.5,1.05,0.81,1.13,16.0,41.0,1.9296878515625,False,PUT,2026-02-06,IREN
IREN260206P00043000,43.0,1.04,0.99,1.15,1045.0,2056.0,1.9384768701171877,False,PUT,2026-02-06,IREN
IREN260206P00043500,43.5,1.02,0.73,1.17,20.0,42.0,1.8193368408203123,False,PUT,2026-02-06,IREN
IREN260206P00044000,44.0,1.16,1.05,1.19,293.0,709.0,1.8671881640625,False,PUT,2026-02-06,IREN
IREN260206P00044500,44.5,1.15,0.95,1.37,47.0,57.0,1.8388679931640621,False,PUT,2026-02-06,IREN
IREN260206P00045000,45.0,1.17,1.0,1.31,561.0,2313.0,1.7861338818359376,False,PUT,2026-02-06,IREN
IREN260206P00045500,45.5,1.25,1.18,1.57,99.0,123.0,1.8466804541015622,False,PUT,2026-02-06,IREN
IREN260206P00046000,46.0,1.3,1.25,1.43,88.0,2079.0,1.7792979785156249,False,PUT,2026-02-06,IREN
IREN260206P00046500,46.5,1.32,1.1,1.6,63.0,99.0,1.7333997705078126,False,PUT,2026-02-06,IREN
IREN260206P00047000,47.0,1.4,1.12,1.47,233.0,2322.0,1.6582048339843751,False,PUT,2026-02-06,IREN
IREN260206P00047500,47.5,1.43,1.23,1.53,61.0,106.0,1.6474627001953124,False,PUT,2026-02-06,IREN
IREN260206P00048000,48.0,1.55,1.46,1.85,138.0,970.0,1.716798291015625,False,PUT,2026-02-06,IREN
IREN260206P00048500,48.5,1.59,1.52,1.72,75.0,199.0,1.650392373046875,False,PUT,2026-02-06,IREN
IREN260206P00049000,49.0,1.6,1.6,1.79,594.0,782.0,1.6298846630859374,False,PUT,2026-02-06,IREN
IREN260206P00049500,49.5,1.89,1.49,1.8,252.0,1172.0,1.5585959570312498,False,PUT,2026-02-06,IREN
IREN260206P00050000,50.0,1.85,1.78,1.85,1405.0,3231.0,1.5737326000976561,False,PUT,2026-02-06,IREN
IREN260206P00051000,51.0,1.95,1.95,2.32,316.0,352.0,1.5869161279296873,False,PUT,2026-02-06,IREN
IREN260206P00052000,52.0,2.2,2.16,2.33,428.0,807.0,1.517092258300781,False,PUT,2026-02-06,IREN
IREN260206P00053000,53.0,2.37,2.43,2.61,1876.0,498.0,1.4990259423828123,False,PUT,2026-02-06,IREN
IREN260206P00054000,54.0,2.92,2.67,2.83,154.0,672.0,1.4589870800781248,False,PUT,2026-02-06,IREN
IREN260206P00055000,55.0,3.15,3.0,3.15,512.0,1746.0,1.4423856005859377,False,PUT,2026-02-06,IREN
IREN260206P00056000,56.0,3.35,3.3,3.55,190.0,672.0,1.4248075634765625,False,PUT,2026-02-06,IREN
IREN260206P00057000,57.0,3.75,3.6,3.75,209.0,476.0,1.37109689453125,False,PUT,2026-02-06,IREN
IREN260206P00058000,58.0,4.0,4.1,4.35,391.0,220.0,1.39453427734375,False,PUT,2026-02-06,IREN
IREN260206P00059000,59.0,4.9,4.45,4.8,227.0,141.0,1.3676789428710938,False,PUT,2026-02-06,IREN
IREN260206P00060000,60.0,5.15,5.05,5.3,744.0,360.0,1.3735382885742187,True,PUT,2026-02-06,IREN
IREN260206P00061000,61.0,5.7,5.45,5.85,219.0,166.0,1.3505891845703122,True,PUT,2026-02-06,IREN
IREN260206P00062000,62.0,6.6,6.1,6.45,90.0,182.0,1.3603547607421875,True,PUT,2026-02-06,IREN
IREN260206P00064000,64.0,7.1,7.5,7.75,203.0,481.0,1.3833038647460936,True,PUT,2026-02-06,IREN
IREN260206P00065000,65.0,8.39,7.95,8.4,426.0,271.0,1.3496126269531248,True,PUT,2026-02-06,IREN
IREN260206P00068000,68.0,11.95,10.0,10.5,3.0,169.0,1.3208041772460937,True,PUT,2026-02-06,IREN
IREN260206P00070000,70.0,11.4,11.2,12.8,51.0,57.0,1.3808624707031247,True,PUT,2026-02-06,IREN
IREN260206P00075000,75.0,15.5,15.15,17.4,1.0,17.0,1.4179716601562502,True,PUT,2026-02-06,IREN
IREN260213C00042000,42.0,17.82,18.1,20.4,7.0,34.0,1.6289081054687498,True,CALL,2026-02-13,IREN
IREN260213C00043000,43.0,15.3,17.2,19.5,4.0,31.0,1.5898458007812497,True,CALL,2026-02-13,IREN
IREN260213C00044000,44.0,11.27,16.5,18.45,2.0,66.0,1.5576193994140621,True,CALL,2026-02-13,IREN
IREN260213C00045000,45.0,14.5,15.65,17.8,5.0,291.0,1.5654318603515622,True,CALL,2026-02-13,IREN
IREN260213C00046000,46.0,16.12,14.85,16.85,23.0,277.0,1.5253929980468748,True,CALL,2026-02-13,IREN
IREN260213C00047000,47.0,13.22,13.95,15.75,3.0,226.0,1.4443387158203125,True,CALL,2026-02-13,IREN
IREN260213C00048000,48.0,14.47,13.75,15.05,61.0,246.0,1.5263695556640622,True,CALL,2026-02-13,IREN
IREN260213C00049000,49.0,15.7,12.4,14.15,14.0,301.0,1.40625296875,True,CALL,2026-02-13,IREN
IREN260213C00050000,50.0,12.7,12.35,13.3,77.0,837.0,1.470705771484375,True,CALL,2026-02-13,IREN
IREN260213C00051000,51.0,12.4,11.15,12.6,73.0,177.0,1.396487392578125,True,CALL,2026-02-13,IREN
IREN260213C00052000,52.0,11.4,10.25,11.9,104.0,286.0,1.358889924316406,True,CALL,2026-02-13,IREN
IREN260213C00053000,53.0,9.6,9.9,11.2,33.0,385.0,1.3828155859374998,True,CALL,2026-02-13,IREN
IREN260213C00054000,54.0,9.63,9.45,10.05,22.0,178.0,1.3369173779296872,True,CALL,2026-02-13,IREN
IREN260213C00055000,55.0,9.3,8.75,9.3,79.0,992.0,1.3046909765624997,True,CALL,2026-02-13,IREN
IREN260213C00056000,56.0,8.5,8.25,8.7,128.0,508.0,1.306399952392578,True,CALL,2026-02-13,IREN
IREN260213C00057000,57.0,7.81,7.8,8.3,345.0,363.0,1.3288607775878902,True,CALL,2026-02-13,IREN
IREN260213C00058000,58.0,7.43,7.2,7.6,219.0,181.0,1.2988316308593748,True,CALL,2026-02-13,IREN
IREN260213C00059000,59.0,6.98,6.65,7.25,119.0,65.0,1.3051792553710935,True,CALL,2026-02-13,IREN
IREN260213C00060000,60.0,6.63,6.15,6.5,1858.0,1624.0,1.2714880175781247,False,CALL,2026-02-13,IREN
IREN260213C00061000,61.0,5.9,5.65,6.15,428.0,196.0,1.272952854003906,False,CALL,2026-02-13,IREN
IREN260213C00062000,62.0,5.54,5.3,5.7,276.0,412.0,1.2749059692382811,False,CALL,2026-02-13,IREN
IREN260213C00063000,63.0,4.97,4.9,5.4,90.0,157.0,1.2822301513671874,False,CALL,2026-02-13,IREN
IREN260213C00064000,64.0,4.77,4.5,5.1,36.0,130.0,1.284915684814453,False,CALL,2026-02-13,IREN
IREN260213C00065000,65.0,4.55,4.2,4.55,1064.0,2042.0,1.2680700659179687,False,CALL,2026-02-13,IREN
IREN260213C00070000,70.0,2.9,2.81,3.0,815.0,2576.0,1.2548865380859375,False,CALL,2026-02-13,IREN
IREN260213C00075000,75.0,2.0,1.84,2.07,165.0,1144.0,1.2641638354492186,False,CALL,2026-02-13,IREN
IREN260213P00042000,42.0,1.3,1.2,1.45,175.0,590.0,1.6396502392578123,False,PUT,2026-02-13,IREN
IREN260213P00043000,43.0,1.62,1.23,1.88,19.0,698.0,1.6494158154296876,False,PUT,2026-02-13,IREN
IREN260213P00044000,44.0,1.5,1.37,1.77,23.0,562.0,1.57422087890625,False,PUT,2026-02-13,IREN
IREN260213P00045000,45.0,1.6,1.54,1.65,214.0,1959.0,1.5029321728515623,False,PUT,2026-02-13,IREN
IREN260213P00046000,46.0,1.65,1.63,1.96,36.0,370.0,1.4912134814453122,False,PUT,2026-02-13,IREN
IREN260213P00047000,47.0,1.99,1.8,2.0,162.0,474.0,1.4443387158203125,False,PUT,2026-02-13,IREN
IREN260213P00048000,48.0,2.18,1.97,2.25,155.0,341.0,1.4267606787109375,False,PUT,2026-02-13,IREN
IREN260213P00049000,49.0,2.25,2.14,2.43,50.0,196.0,1.3950225561523437,False,PUT,2026-02-13,IREN
IREN260213P00050000,50.0,2.5,2.39,2.58,1418.0,1179.0,1.3667023852539062,False,PUT,2026-02-13,IREN
IREN260213P00051000,51.0,2.86,2.55,2.92,78.0,196.0,1.3476595117187498,False,PUT,2026-02-13,IREN
IREN260213P00052000,52.0,2.99,2.99,3.1,1082.0,2113.0,1.338870493164062,False,PUT,2026-02-13,IREN
IREN260213P00053000,53.0,3.22,3.05,3.4,64.0,458.0,1.2939488427734374,False,PUT,2026-02-13,IREN
IREN260213P00054000,54.0,3.62,3.4,3.85,44.0,401.0,1.2968785156249998,False,PUT,2026-02-13,IREN
IREN260213P00055000,55.0,4.1,3.7,4.1,137.0,539.0,1.2661169506835934,False,PUT,2026-02-13,IREN
IREN260213P00056000,56.0,4.5,4.15,4.55,30.0,58.0,1.2685583447265623,False,PUT,2026-02-13,IREN
IREN260213P00057000,57.0,4.82,4.6,5.0,131.0,319.0,1.2656286718749998,False,PUT,2026-02-13,IREN
IREN260213P00058000,58.0,5.4,4.95,5.4,30.0,105.0,1.2421912890624998,False,PUT,2026-02-13,IREN
IREN260213P00059000,59.0,5.57,5.4,5.9,43.0,97.0,1.2338905493164063,False,PUT,2026-02-13,IREN
IREN260213P00060000,60.0,6.23,5.95,6.4,369.0,69.0,1.2309608764648439,True,PUT,2026-02-13,IREN
IREN260213P00062000,62.0,6.85,7.15,7.6,7.0,44.0,1.239994034423828,True,PUT,2026-02-13,IREN
IREN260213P00064000,64.0,9.95,8.1,8.8,2.0,3.0,1.2045938208007811,True,PUT,2026-02-13,IREN
IREN260213P00065000,65.0,11.05,8.65,9.45,7.0,68.0,1.1918985717773438,True,PUT,2026-02-13,IREN
IREN260220C00042000,42.0,20.74,18.35,20.6,2.0,11125.0,1.4389676489257814,True,CALL,2026-02-20,IREN
IREN260220C00043000,43.0,17.2,18.0,19.75,7.0,699.0,1.4931665966796874,True,CALL,2026-02-20,IREN
IREN260220C00044000,44.0,16.6,16.6,18.95,6.0,3751.0,1.3930694409179685,True,CALL,2026-02-20,IREN
IREN260220C00045000,45.0,17.42,16.35,17.85,153.0,2341.0,1.4135771508789063,True,CALL,2026-02-20,IREN
IREN260220C00046000,46.0,16.5,15.8,17.2,3.0,555.0,1.4453152734375,True,CALL,2026-02-20,IREN
IREN260220C00047000,47.0,15.8,15.15,16.25,210.0,8676.0,1.4209013330078126,True,CALL,2026-02-20,IREN
IREN260220C00048000,48.0,13.5,14.45,15.6,10.0,1302.0,1.4223661694335936,True,CALL,2026-02-20,IREN
IREN260220C00049000,49.0,12.06,13.4,14.6,9.0,746.0,1.3418001660156247,True,CALL,2026-02-20,IREN
IREN260220C00050000,50.0,13.33,13.0,13.65,1003.0,11309.0,1.337405656738281,True,CALL,2026-02-20,IREN
IREN260220C00051000,51.0,13.62,11.65,13.3,1.0,69.0,1.29297228515625,True,CALL,2026-02-20,IREN
IREN260220C00052000,52.0,11.22,11.05,12.55,2.0,205.0,1.2817418725585936,True,CALL,2026-02-20,IREN
IREN260220C00053000,53.0,10.3,10.9,11.8,7.0,294.0,1.3105503222656247,True,CALL,2026-02-20,IREN
IREN260220C00054000,54.0,9.43,10.25,10.85,7.0,151.0,1.2678259265136718,True,CALL,2026-02-20,IREN
IREN260220C00055000,55.0,10.08,9.6,10.1,619.0,10516.0,1.241458870849609,True,CALL,2026-02-20,IREN
IREN260220C00056000,56.0,9.5,9.0,9.6,299.0,872.0,1.2390174768066404,True,CALL,2026-02-20,IREN
IREN260220C00057000,57.0,9.1,8.45,9.0,183.0,1242.0,1.2282753430175783,True,CALL,2026-02-20,IREN
IREN260220C00058000,58.0,8.3,7.9,8.35,496.0,507.0,1.2097207482910153,True,CALL,2026-02-20,IREN
IREN260220C00059000,59.0,7.9,7.3,7.85,106.0,3378.0,1.1962930810546877,True,CALL,2026-02-20,IREN
IREN260220C00060000,60.0,7.2,7.2,7.35,3485.0,16880.0,1.2216835791015623,False,CALL,2026-02-20,IREN
IREN260220C00061000,61.0,6.85,6.45,6.9,178.0,143.0,1.1926309899902345,False,CALL,2026-02-20,IREN
IREN260220C00062000,62.0,6.39,5.95,6.5,116.0,215.0,1.185550947265625,False,CALL,2026-02-20,IREN
IREN260220C00063000,63.0,5.95,5.6,6.05,282.0,380.0,1.183109553222656,False,CALL,2026-02-20,IREN
IREN260220C00064000,64.0,5.5,5.3,5.65,270.0,252.0,1.1857950866699216,False,CALL,2026-02-20,IREN
IREN260220C00065000,65.0,5.15,5.0,5.3,1981.0,7467.0,1.189457177734375,False,CALL,2026-02-20,IREN
IREN260220C00066000,66.0,4.82,4.55,5.0,67.0,206.0,1.1811564379882813,False,CALL,2026-02-20,IREN
IREN260220C00070000,70.0,3.7,3.55,3.85,2067.0,13586.0,1.1918985717773438,False,CALL,2026-02-20,IREN
IREN260220C00075000,75.0,2.75,2.54,2.74,985.0,5790.0,1.1965372204589846,False,CALL,2026-02-20,IREN
IREN260220P00042000,42.0,1.64,1.51,1.73,98.0,2259.0,1.4653347045898437,False,PUT,2026-02-20,IREN
IREN260220P00043000,43.0,1.79,1.64,1.87,69.0,2169.0,1.4375028125,False,PUT,2026-02-20,IREN
IREN260220P00044000,44.0,1.79,1.74,2.26,83.0,1651.0,1.4389676489257814,False,PUT,2026-02-20,IREN
IREN260220P00045000,45.0,2.03,1.93,2.17,362.0,10967.0,1.382327307128906,False,PUT,2026-02-20,IREN
IREN260220P00046000,46.0,2.21,2.06,2.32,72.0,1060.0,1.3491243481445312,False,PUT,2026-02-20,IREN
IREN260220P00047000,47.0,2.38,2.24,2.47,46.0,899.0,1.3203158984374999,False,PUT,2026-02-20,IREN
IREN260220P00048000,48.0,2.59,2.49,2.74,163.0,4204.0,1.312015158691406,False,PUT,2026-02-20,IREN
IREN260220P00049000,49.0,2.86,2.7,2.91,72.0,1322.0,1.2832067089843748,False,PUT,2026-02-20,IREN
IREN260220P00050000,50.0,3.18,2.97,3.2,964.0,6602.0,1.2719762963867183,False,PUT,2026-02-20,IREN
IREN260220P00051000,51.0,3.3,3.15,3.5,26.0,757.0,1.2482947741699215,False,PUT,2026-02-20,IREN
IREN260220P00052000,52.0,3.65,3.5,3.8,207.0,271.0,1.2387733374023435,False,PUT,2026-02-20,IREN
IREN260220P00053000,53.0,3.96,3.8,4.1,405.0,146.0,1.220707021484375,False,PUT,2026-02-20,IREN
IREN260220P00054000,54.0,4.3,4.2,4.45,511.0,335.0,1.2133828393554684,False,PUT,2026-02-20,IREN
IREN260220P00055000,55.0,4.55,4.5,4.85,496.0,3374.0,1.1977579174804687,False,PUT,2026-02-20,IREN
IREN260220P00056000,56.0,4.97,4.85,5.25,41.0,255.0,1.1826212744140623,False,PUT,2026-02-20,IREN
IREN260220P00057000,57.0,5.4,5.25,5.7,7.0,63.0,1.1730998376464843,False,PUT,2026-02-20,IREN
IREN260220P00058000,58.0,5.84,5.7,6.15,75.0,46.0,1.1640666796875,False,PUT,2026-02-20,IREN
IREN260220P00059000,59.0,6.3,6.15,6.65,31.0,329.0,1.1555218005371093,False,PUT,2026-02-20,IREN
IREN260220P00060000,60.0,7.25,6.7,7.2,149.0,3569.0,1.156010079345703,True,PUT,2026-02-20,IREN
IREN260220P00061000,61.0,7.37,7.25,7.8,7.0,86.0,1.1567424975585938,True,PUT,2026-02-20,IREN
IREN260220P00062000,62.0,7.85,7.9,8.25,8.0,163.0,1.1496624548339844,True,PUT,2026-02-20,IREN
IREN260220P00064000,64.0,8.5,9.3,9.55,1.0,129.0,1.1665080737304687,True,PUT,2026-02-20,IREN
IREN260220P00065000,65.0,9.69,9.6,10.15,19.0,463.0,1.1323285571289063,True,PUT,2026-02-20,IREN
IREN260220P00070000,70.0,13.75,13.2,13.65,11.0,2611.0,1.1308637207031251,True,PUT,2026-02-20,IREN
IREN260220P00075000,75.0,18.87,16.7,17.65,11.0,116.0,1.0883834643554686,True,PUT,2026-02-20,IREN
IREN260227C00042000,42.0,22.05,18.6,20.8,2.0,4.0,1.3232455712890623,True,CALL,2026-02-27,IREN
IREN260227C00043000,43.0,14.0,17.7,20.35,1.0,22.0,1.3457063964843747,True,CALL,2026-02-27,IREN
IREN260227C00044000,44.0,19.0,17.85,19.45,1.0,79.0,1.4311551879882813,True,CALL,2026-02-27,IREN
IREN260227C00045000,45.0,18.4,16.5,18.5,16.0,47.0,1.3305697534179686,True,CALL,2026-02-27,IREN
IREN260227C00046000,46.0,17.6,15.65,17.65,4.0,43.0,1.298343352050781,True,CALL,2026-02-27,IREN
IREN260227C00047000,47.0,16.1,15.0,16.6,62.0,51.0,1.2651403930664062,True,CALL,2026-02-27,IREN
IREN260227C00048000,48.0,13.58,14.5,16.15,1.0,44.0,1.3051792553710935,True,CALL,2026-02-27,IREN
IREN260227C00049000,49.0,15.9,13.2,15.4,3.0,16.0,1.2329139916992187,True,CALL,2026-02-27,IREN
IREN260227C00050000,50.0,12.95,13.3,14.95,30.0,207.0,1.3188510620117184,True,CALL,2026-02-27,IREN
IREN260227C00051000,51.0,13.78,12.1,13.85,4.0,102.0,1.2221718579101561,True,CALL,2026-02-27,IREN
IREN260227C00052000,52.0,11.4,12.1,13.25,5.0,104.0,1.2739294116210935,True,CALL,2026-02-27,IREN
IREN260227C00053000,53.0,11.1,11.25,12.3,24.0,167.0,1.2189980456542968,True,CALL,2026-02-27,IREN
IREN260227C00054000,54.0,9.81,11.0,11.45,10.0,387.0,1.220707021484375,True,CALL,2026-02-27,IREN
IREN260227C00055000,55.0,10.6,10.25,11.1,57.0,240.0,1.21875390625,True,CALL,2026-02-27,IREN
IREN260227C00056000,56.0,10.07,9.75,10.6,11.0,216.0,1.2216835791015623,True,CALL,2026-02-27,IREN
IREN260227C00057000,57.0,9.9,9.45,10.05,12.0,1522.0,1.2326698522949218,True,CALL,2026-02-27,IREN
IREN260227C00058000,58.0,9.05,8.95,9.25,114.0,185.0,1.206546936035156,True,CALL,2026-02-27,IREN
IREN260227C00059000,59.0,9.04,8.35,9.1,91.0,73.0,1.2189980456542968,True,CALL,2026-02-27,IREN
IREN260227C00060000,60.0,8.31,7.95,8.7,287.0,328.0,1.224613251953125,False,CALL,2026-02-27,IREN
IREN260227C00061000,61.0,7.57,7.45,7.85,40.0,47.0,1.187259923095703,False,CALL,2026-02-27,IREN
IREN260227C00062000,62.0,7.75,7.0,7.6,95.0,1702.0,1.1950723840332032,False,CALL,2026-02-27,IREN
IREN260227C00063000,63.0,6.75,6.6,7.3,199.0,126.0,1.1999551721191408,False,CALL,2026-02-27,IREN
IREN260227C00064000,64.0,5.8,6.25,7.0,3.0,70.0,1.2060586572265624,False,CALL,2026-02-27,IREN
IREN260227C00065000,65.0,6.0,5.9,6.8,243.0,784.0,1.2170449304199216,False,CALL,2026-02-27,IREN
IREN260227C00070000,70.0,4.69,4.4,4.9,521.0,1127.0,1.1897013171386717,False,CALL,2026-02-27,IREN
IREN260227C00075000,75.0,3.5,3.15,3.7,318.0,619.0,1.1804240197753906,False,CALL,2026-02-27,IREN
IREN260227P00042000,42.0,1.72,1.5,1.9,13.0,485.0,1.3056675341796873,False,PUT,2026-02-27,IREN
IREN260227P00043000,43.0,1.97,1.63,2.12,23.0,237.0,1.2905308911132813,False,PUT,2026-02-27,IREN
IREN260227P00044000,44.0,2.14,1.8,2.3,12.0,160.0,1.272464575195312,False,PUT,2026-02-27,IREN
IREN260227P00045000,45.0,2.23,2.13,2.5,191.0,1019.0,1.272952854003906,False,PUT,2026-02-27,IREN
IREN260227P00046000,46.0,2.46,2.36,2.68,65.0,1058.0,1.2556189562988282,False,PUT,2026-02-27,IREN
IREN260227P00047000,47.0,2.89,2.49,2.88,60.0,224.0,1.2270546459960938,False,PUT,2026-02-27,IREN
IREN260227P00048000,48.0,2.98,2.79,3.2,113.0,341.0,1.226322227783203,False,PUT,2026-02-27,IREN
IREN260227P00049000,49.0,3.33,3.05,3.5,27.0,133.0,1.2158242333984375,False,PUT,2026-02-27,IREN
IREN260227P00050000,50.0,3.56,3.3,3.75,207.0,930.0,1.1962930810546877,False,PUT,2026-02-27,IREN
IREN260227P00051000,51.0,3.65,3.55,4.05,22.0,114.0,1.179203322753906,False,PUT,2026-02-27,IREN
IREN260227P00052000,52.0,4.2,4.05,4.4,57.0,95.0,1.1850626684570313,False,PUT,2026-02-27,IREN
IREN260227P00053000,53.0,4.71,4.3,4.85,55.0,54.0,1.1745646740722657,False,PUT,2026-02-27,IREN
IREN260227P00054000,54.0,5.2,4.75,5.25,44.0,194.0,1.1733439770507812,False,PUT,2026-02-27,IREN
IREN260227P00055000,55.0,5.44,5.25,5.5,69.0,168.0,1.1606487280273439,False,PUT,2026-02-27,IREN
IREN260227P00056000,56.0,6.2,5.45,6.25,2.0,42.0,1.1606487280273439,False,PUT,2026-02-27,IREN
IREN260227P00057000,57.0,6.25,6.0,6.6,105.0,28.0,1.1538128247070314,False,PUT,2026-02-27,IREN
IREN260227P00058000,58.0,6.93,6.65,7.05,15.0,9.0,1.1589397521972655,False,PUT,2026-02-27,IREN
IREN260227P00060000,60.0,7.6,7.65,8.2,61.0,69.0,1.156010079345703,True,PUT,2026-02-27,IREN
IREN260227P00063000,63.0,8.5,9.15,9.8,1.0,59.0,1.121342283935547,True,PUT,2026-02-27,IREN
IREN260227P00065000,65.0,11.18,10.3,11.4,2.0,2.0,1.1345258117675785,True,PUT,2026-02-27,IREN
IREN260227P00070000,70.0,13.55,13.7,15.35,2.0,2.0,1.1608928674316408,True,PUT,2026-02-27,IREN
IREN260306C00042000,42.0,14.65,18.9,21.35,1.0,1.0,1.2905308911132813,True,CALL,2026-03-06,IREN
IREN260306C00045000,45.0,16.4,16.95,18.95,2.0,1.0,1.2861363818359375,True,CALL,2026-03-06,IREN
IREN260306C00046000,46.0,14.28,15.6,18.15,2.0,3.0,1.210453166503906,True,CALL,2026-03-06,IREN
IREN260306C00048000,48.0,14.16,14.5,16.4,4.0,4.0,1.1953165234375,True,CALL,2026-03-06,IREN
IREN260306C00049000,49.0,13.28,13.55,15.85,1.0,7.0,1.1772502075195312,True,CALL,2026-03-06,IREN
IREN260306C00050000,50.0,14.33,13.25,15.25,10.0,15.0,1.2060586572265624,True,CALL,2026-03-06,IREN
IREN260306C00051000,51.0,14.29,12.3,14.95,4.0,25.0,1.2023965661621094,True,CALL,2026-03-06,IREN
IREN260306C00052000,52.0,13.19,12.5,13.65,14.0,34.0,1.2070352148437498,True,CALL,2026-03-06,IREN
IREN260306C00053000,53.0,12.6,11.85,13.6,3.0,17.0,1.2387733374023435,True,CALL,2026-03-06,IREN
IREN260306C00054000,54.0,10.0,11.05,12.75,1.0,29.0,1.1965372204589846,True,CALL,2026-03-06,IREN
IREN260306C00055000,55.0,11.5,10.4,12.0,6.0,210.0,1.1713908618164064,True,CALL,2026-03-06,IREN
IREN260306C00056000,56.0,8.65,10.25,11.1,9.0,39.0,1.1689494677734376,True,CALL,2026-03-06,IREN
IREN260306C00057000,57.0,10.26,9.4,11.25,15.0,16.0,1.1882364807128907,True,CALL,2026-03-06,IREN
IREN260306C00058000,58.0,9.5,8.95,10.35,80.0,153.0,1.16016044921875,True,CALL,2026-03-06,IREN
IREN260306C00059000,59.0,9.5,8.75,9.75,14.0,11.0,1.1672404919433594,True,CALL,2026-03-06,IREN
IREN260306C00060000,60.0,8.9,8.75,8.95,267.0,99.0,1.1716350012207033,False,CALL,2026-03-06,IREN
IREN260306C00061000,61.0,8.44,7.7,9.0,242.0,25.0,1.1606487280273439,False,CALL,2026-03-06,IREN
IREN260306C00062000,62.0,8.3,7.45,8.45,91.0,42.0,1.1606487280273439,False,CALL,2026-03-06,IREN
IREN260306C00063000,63.0,7.64,7.25,8.0,6.0,32.0,1.168217049560547,False,CALL,2026-03-06,IREN
IREN260306C00064000,64.0,6.75,6.8,7.65,9.0,31.0,1.1638225402832032,False,CALL,2026-03-06,IREN
IREN260306C00065000,65.0,6.7,6.45,7.3,53.0,139.0,1.1640666796875,False,CALL,2026-03-06,IREN
IREN260306C00070000,70.0,5.2,4.65,5.75,139.0,269.0,1.1452679455566406,False,CALL,2026-03-06,IREN
IREN260306C00075000,75.0,4.23,3.7,4.4,24.0,66.0,1.1533245458984376,False,CALL,2026-03-06,IREN
IREN260306P00042000,42.0,2.08,2.0,2.4,12.0,80.0,1.2963902368164062,False,PUT,2026-03-06,IREN
IREN260306P00043000,43.0,2.28,1.52,2.87,11.0,63.0,1.236331943359375,False,PUT,2026-03-06,IREN
IREN260306P00044000,44.0,2.63,2.18,3.05,2.0,38.0,1.2685583447265623,False,PUT,2026-03-06,IREN
IREN260306P00045000,45.0,2.68,2.6,2.98,92.0,78.0,1.2441444042968748,False,PUT,2026-03-06,IREN
IREN260306P00046000,46.0,2.8,2.6,3.2,2.0,12.0,1.2058145178222657,False,PUT,2026-03-06,IREN
IREN260306P00047000,47.0,2.73,3.0,4.15,4.0,15.0,1.270999738769531,False,PUT,2026-03-06,IREN
IREN260306P00048000,48.0,3.45,2.86,3.8,23.0,43.0,1.1652873767089846,False,PUT,2026-03-06,IREN
IREN260306P00049000,49.0,3.7,3.55,4.3,3.0,19.0,1.2070352148437498,False,PUT,2026-03-06,IREN
IREN260306P00050000,50.0,4.3,3.75,4.4,146.0,100.0,1.1694377465820311,False,PUT,2026-03-06,IREN
IREN260306P00052000,52.0,4.73,4.45,5.2,18.0,13.0,1.1611370068359377,False,PUT,2026-03-06,IREN
IREN260306P00053000,53.0,5.05,4.85,5.75,49.0,12.0,1.1674846313476563,False,PUT,2026-03-06,IREN
IREN260306P00055000,55.0,6.1,5.8,6.5,69.0,57.0,1.1569866369628907,False,PUT,2026-03-06,IREN
IREN260306P00059000,59.0,8.36,7.55,8.65,28.0,3.0,1.1403851574707033,False,PUT,2026-03-06,IREN
IREN260306P00061000,61.0,9.1,8.6,10.05,2.0,54.0,1.1508831518554685,True,PUT,2026-03-06,IREN
IREN260320C00042000,42.0,21.1,20.1,21.9,36.0,559.0,1.267337647705078,True,CALL,2026-03-20,IREN
IREN260320C00043000,43.0,20.0,20.05,20.95,50.0,2016.0,1.2998081884765622,True,CALL,2026-03-20,IREN
IREN260320C00044000,44.0,22.0,18.6,20.45,5.0,817.0,1.2478064953613281,True,CALL,2026-03-20,IREN
IREN260320C00045000,45.0,19.0,18.5,19.65,43.0,2837.0,1.280765314941406,True,CALL,2026-03-20,IREN
IREN260320C00046000,46.0,18.1,17.35,18.85,12.0,607.0,1.2280312036132814,True,CALL,2026-03-20,IREN
IREN260320C00047000,47.0,16.0,16.55,18.25,5.0,401.0,1.2170449304199216,True,CALL,2026-03-20,IREN
IREN260320C00048000,48.0,16.8,16.0,17.45,9.0,348.0,1.2080117724609374,True,CALL,2026-03-20,IREN
IREN260320C00049000,49.0,16.5,15.35,16.75,20.0,2250.0,1.1967813598632815,True,CALL,2026-03-20,IREN
IREN260320C00050000,50.0,15.9,15.25,16.0,213.0,6115.0,1.2180214880371092,True,CALL,2026-03-20,IREN
IREN260320C00055000,55.0,12.65,12.5,12.7,686.0,10768.0,1.169681885986328,True,CALL,2026-03-20,IREN
IREN260320C00060000,60.0,10.5,10.05,10.35,2954.0,26546.0,1.1530804064941407,False,CALL,2026-03-20,IREN
IREN260320C00065000,65.0,8.45,8.25,8.45,895.0,17041.0,1.157352846069336,False,CALL,2026-03-20,IREN
IREN260320C00070000,70.0,6.8,6.5,6.8,6038.0,9127.0,1.1416058544921874,False,CALL,2026-03-20,IREN
IREN260320C00075000,75.0,5.45,5.25,5.5,368.0,8240.0,1.1416058544921874,False,CALL,2026-03-20,IREN
IREN260320P00042000,42.0,2.77,2.68,2.92,27.0,2025.0,1.21875390625,False,PUT,2026-03-20,IREN
IREN260320P00043000,43.0,2.88,2.91,3.15,110.0,5395.0,1.206546936035156,False,PUT,2026-03-20,IREN
IREN260320P00044000,44.0,3.3,3.15,3.3,57.0,3428.0,1.1862833654785154,False,PUT,2026-03-20,IREN
IREN260320P00045000,45.0,3.55,3.45,3.7,503.0,4408.0,1.1901895959472655,False,PUT,2026-03-20,IREN
IREN260320P00046000,46.0,4.09,3.7,4.05,11.0,439.0,1.183109553222656,False,PUT,2026-03-20,IREN
IREN260320P00047000,47.0,4.25,4.0,4.3,34.0,863.0,1.169926025390625,False,PUT,2026-03-20,IREN
IREN260320P00048000,48.0,4.51,4.35,4.65,44.0,1959.0,1.1660197949218751,False,PUT,2026-03-20,IREN
IREN260320P00049000,49.0,5.0,4.65,5.0,175.0,865.0,1.15625421875,False,PUT,2026-03-20,IREN
IREN260320P00050000,50.0,5.2,5.05,5.35,344.0,4904.0,1.1513714306640623,False,PUT,2026-03-20,IREN
IREN260320P00055000,55.0,7.25,7.2,7.45,117.0,3921.0,1.1281781872558594,False,PUT,2026-03-20,IREN
IREN260320P00060000,60.0,10.25,9.7,10.1,307.0,5011.0,1.111332568359375,True,PUT,2026-03-20,IREN
IREN260320P00065000,65.0,13.39,12.65,13.1,14.0,534.0,1.0969283435058594,True,PUT,2026-03-20,IREN
IREN260320P00070000,70.0,15.99,15.9,16.55,35.0,4050.0,1.086186209716797,True,PUT,2026-03-20,IREN
IREN260320P00075000,75.0,20.39,19.8,20.15,5.0,6818.0,1.0869186279296876,True,PUT,2026-03-20,IREN
IREN260515C00042000,42.0,21.85,22.7,24.5,1.0,143.0,1.1821329956054685,True,CALL,2026-05-15,IREN
IREN260515C00043000,43.0,25.8,22.0,23.9,5.0,212.0,1.175052952880859,True,CALL,2026-05-15,IREN
IREN260515C00044000,44.0,22.25,21.4,23.15,2.0,398.0,1.164310819091797,True,CALL,2026-05-15,IREN
IREN260515C00045000,45.0,22.05,20.75,22.7,214.0,963.0,1.1655315161132815,True,CALL,2026-05-15,IREN
IREN260515C00046000,46.0,20.95,20.85,21.95,6.0,126.0,1.1881144110107422,True,CALL,2026-05-15,IREN
IREN260515C00047000,47.0,19.6,19.65,21.35,2.0,248.0,1.1514935003662108,True,CALL,2026-05-15,IREN
IREN260515C00048000,48.0,20.32,19.2,20.95,1.0,137.0,1.1611370068359377,True,CALL,2026-05-15,IREN
IREN260515C00049000,49.0,18.53,18.75,20.2,7.0,222.0,1.1525921276855469,True,CALL,2026-05-15,IREN
IREN260515C00050000,50.0,19.0,18.75,19.7,3874.0,10327.0,1.175541231689453,True,CALL,2026-05-15,IREN
IREN260515C00055000,55.0,17.02,16.6,17.0,722.0,3891.0,1.163212191772461,True,CALL,2026-05-15,IREN
IREN260515C00060000,60.0,14.51,14.45,14.85,5964.0,5443.0,1.1518597094726561,False,CALL,2026-05-15,IREN
IREN260515C00065000,65.0,12.9,12.45,12.8,298.0,1251.0,1.1313519995117187,False,CALL,2026-05-15,IREN
IREN260515C00070000,70.0,11.15,10.75,11.15,583.0,4800.0,1.12109814453125,False,CALL,2026-05-15,IREN
IREN260515C00075000,75.0,9.8,9.65,9.9,343.0,2471.0,1.1342816723632816,False,CALL,2026-05-15,IREN
IREN260515P00042000,42.0,5.15,4.9,5.4,16.0,449.0,1.1235395385742186,False,PUT,2026-05-15,IREN
IREN260515P00043000,43.0,5.2,5.35,5.8,3.0,231.0,1.1267133508300784,False,PUT,2026-05-15,IREN
IREN260515P00044000,44.0,6.05,5.6,6.3,14.0,139.0,1.1225629809570314,False,PUT,2026-05-15,IREN
IREN260515P00045000,45.0,6.3,6.1,6.45,15.0,722.0,1.1120649865722658,False,PUT,2026-05-15,IREN
IREN260515P00046000,46.0,6.7,6.45,6.9,7.0,110.0,1.1081587561035158,False,PUT,2026-05-15,IREN
IREN260515P00047000,47.0,7.2,6.8,7.3,4.0,438.0,1.1005904345703126,False,PUT,2026-05-15,IREN
IREN260515P00048000,48.0,7.65,7.25,7.7,7.0,287.0,1.0969283435058594,False,PUT,2026-05-15,IREN
IREN260515P00049000,49.0,8.0,7.8,8.2,4.0,391.0,1.1015669921875002,False,PUT,2026-05-15,IREN
IREN260515P00050000,50.0,8.8,8.2,8.6,72.0,846.0,1.0932662524414063,False,PUT,2026-05-15,IREN
IREN260515P00055000,55.0,11.13,10.7,11.15,34.0,496.0,1.0832565368652345,False,PUT,2026-05-15,IREN
IREN260515P00060000,60.0,13.85,13.4,14.55,8.0,3653.0,1.0921676251220702,True,PUT,2026-05-15,IREN
IREN260515P00065000,65.0,17.49,16.5,17.1,6.0,352.0,1.0617722692871094,True,PUT,2026-05-15,IREN
IREN260515P00070000,70.0,20.4,20.4,20.6,162.0,3051.0,1.0814254913330077,True,PUT,2026-05-15,IREN
IREN260515P00075000,75.0,26.95,23.45,24.6,16.0,56.0,1.0712937060546879,True,PUT,2026-05-15,IREN
IREN260618C00042000,42.0,25.0,24.65,25.55,7.0,551.0,1.1761515802001952,True,CALL,2026-06-18,IREN
IREN260618C00043000,43.0,24.0,23.2,25.25,30.0,202.0,1.1447796667480468,True,CALL,2026-06-18,IREN
IREN260618C00044000,44.0,24.47,22.85,24.7,1.0,109.0,1.1528362670898438,True,CALL,2026-06-18,IREN
IREN260618C00045000,45.0,21.15,22.25,23.9,11.0,2922.0,1.136967205810547,True,CALL,2026-06-18,IREN
IREN260618C00046000,46.0,23.0,21.6,23.5,4.0,233.0,1.1359906481933595,True,CALL,2026-06-18,IREN
IREN260618C00047000,47.0,19.9,21.0,22.9,2.0,424.0,1.1276899084472656,True,CALL,2026-06-18,IREN
IREN260618C00048000,48.0,21.72,21.2,22.1,10.0,300.0,1.1438031091308591,True,CALL,2026-06-18,IREN
IREN260618C00049000,49.0,20.93,19.85,21.9,2.0,565.0,1.1192670989990234,True,CALL,2026-06-18,IREN
IREN260618C00050000,50.0,20.55,20.0,21.25,75.0,2954.0,1.137211345214844,True,CALL,2026-06-18,IREN
IREN260618C00055000,55.0,18.35,17.9,18.75,65.0,8497.0,1.1274457690429687,True,CALL,2026-06-18,IREN
IREN260618C00060000,60.0,16.1,15.65,16.65,833.0,9293.0,1.1098677319335937,False,CALL,2026-06-18,IREN
IREN260618C00065000,65.0,14.5,14.25,14.75,224.0,6819.0,1.1142622412109375,False,CALL,2026-06-18,IREN
IREN260618C00070000,70.0,12.9,12.5,13.0,269.0,2855.0,1.098149040527344,False,CALL,2026-06-18,IREN
IREN260618C00075000,75.0,11.64,11.05,11.95,219.0,2846.0,1.1041304559326173,False,CALL,2026-06-18,IREN
IREN260618P00042000,42.0,6.16,5.95,6.55,33.0,791.0,1.0874069067382814,False,PUT,2026-06-18,IREN
IREN260618P00043000,43.0,6.71,6.4,6.9,44.0,487.0,1.0842330944824217,False,PUT,2026-06-18,IREN
IREN260618P00044000,44.0,7.15,6.6,7.5,2.0,985.0,1.0802047943115236,False,PUT,2026-06-18,IREN
IREN260618P00045000,45.0,7.36,7.25,7.8,5.0,345.0,1.081791700439453,False,PUT,2026-06-18,IREN
IREN260618P00046000,46.0,8.5,7.65,8.3,1.0,799.0,1.0799606549072267,False,PUT,2026-06-18,IREN
IREN260618P00047000,47.0,8.9,8.05,8.7,1.0,2791.0,1.0728806121826173,False,PUT,2026-06-18,IREN
IREN260618P00048000,48.0,8.35,8.5,9.2,25.0,1136.0,1.0712937060546879,False,PUT,2026-06-18,IREN
IREN260618P00049000,49.0,9.1,8.95,9.55,23.0,625.0,1.0625046875000002,False,PUT,2026-06-18,IREN
IREN260618P00050000,50.0,10.25,9.55,10.2,6.0,4650.0,1.0712937060546879,False,PUT,2026-06-18,IREN
IREN260618P00055000,55.0,12.38,12.1,12.7,18.0,5616.0,1.0534715295410155,False,PUT,2026-06-18,IREN
IREN260618P00060000,60.0,15.5,14.95,15.5,66.0,1611.0,1.0396776531982426,True,PUT,2026-06-18,IREN
IREN260618P00065000,65.0,18.95,18.05,19.1,22.0,414.0,1.0462694171142581,True,PUT,2026-06-18,IREN
IREN260618P00070000,70.0,22.62,21.35,22.95,78.0,3741.0,1.053349459838867,True,PUT,2026-06-18,IREN
IREN260618P00075000,75.0,26.91,24.9,26.2,2.0,85.0,1.0360155621337894,True,PUT,2026-06-18,IREN
IREN260717C00042000,42.0,18.05,24.7,26.7,1.0,3.0,1.1237836779785155,True,CALL,2026-07-17,IREN
IREN260717C00043000,43.0,21.56,24.15,25.9,1.0,1.0,1.1110884289550782,True,CALL,2026-07-17,IREN
IREN260717C00044000,44.0,17.43,23.05,25.6,12.0,14.0,1.0958297161865236,True,CALL,2026-07-17,IREN
IREN260717C00045000,45.0,23.6,23.2,24.9,3.0,26.0,1.1149946594238282,True,CALL,2026-07-17,IREN
IREN260717C00046000,46.0,23.1,22.35,24.5,7.0,40.0,1.1044966650390626,True,CALL,2026-07-17,IREN
IREN260717C00047000,47.0,21.8,22.4,23.85,1.0,9.0,1.1189008898925783,True,CALL,2026-07-17,IREN
IREN260717C00048000,48.0,21.0,22.2,23.4,6.0,10.0,1.1298871630859377,True,CALL,2026-07-17,IREN
IREN260717C00049000,49.0,20.99,21.5,22.7,1.0,26.0,1.1114546380615236,True,CALL,2026-07-17,IREN
IREN260717C00050000,50.0,21.96,21.0,22.25,25.0,152.0,1.1096235925292968,True,CALL,2026-07-17,IREN
IREN260717C00055000,55.0,18.62,18.45,20.05,29.0,364.0,1.0904586492919923,True,CALL,2026-07-17,IREN
IREN260717C00060000,60.0,17.75,17.0,17.95,90.0,1648.0,1.0974166223144532,False,CALL,2026-07-17,IREN
IREN260717C00065000,65.0,15.8,15.0,15.95,30.0,202.0,1.0762985638427736,False,CALL,2026-07-17,IREN
IREN260717C00070000,70.0,14.07,13.1,14.85,45.0,930.0,1.0759323547363282,False,CALL,2026-07-17,IREN
IREN260717C00075000,75.0,12.5,12.15,13.35,127.0,144.0,1.0822799792480469,False,CALL,2026-07-17,IREN
IREN260717P00042000,42.0,7.23,6.75,7.25,6.0,66.0,1.0567674114990235,False,PUT,2026-07-17,IREN
IREN260717P00043000,43.0,7.11,7.0,7.9,1.0,8.0,1.0564012023925784,False,PUT,2026-07-17,IREN
IREN260717P00044000,44.0,7.95,7.4,8.3,2.0,3.0,1.05078599609375,False,PUT,2026-07-17,IREN
IREN260717P00045000,45.0,8.58,7.7,8.55,5.0,106.0,1.034306586303711,False,PUT,2026-07-17,IREN
IREN260717P00046000,46.0,8.23,8.25,9.2,1.0,14.0,1.0434618139648442,False,PUT,2026-07-17,IREN
IREN260717P00047000,47.0,9.85,8.65,9.7,2.0,14.0,1.0395555834960941,False,PUT,2026-07-17,IREN
IREN260717P00048000,48.0,9.43,9.35,10.2,4.0,3.0,1.0463914868164066,False,PUT,2026-07-17,IREN
IREN260717P00049000,49.0,11.88,9.7,10.75,1.0,155.0,1.0408983502197269,False,PUT,2026-07-17,IREN
IREN260717P00050000,50.0,9.9,10.2,11.3,22.0,38.0,1.0401659320068364,False,PUT,2026-07-17,IREN
IREN260717P00055000,55.0,14.25,13.25,14.0,7.0,175.0,1.0430956048583988,False,PUT,2026-07-17,IREN
IREN260717P00060000,60.0,16.82,15.95,16.75,21.0,43.0,1.019780291748047,True,PUT,2026-07-17,IREN
IREN260717P00065000,65.0,18.87,19.0,20.35,5.0,0.0,1.0218554766845702,True,PUT,2026-07-17,IREN
IREN260821C00042000,42.0,25.11,25.45,28.45,1.0,21.0,1.123051259765625,True,CALL,2026-08-21,IREN
IREN260821C00043000,43.0,20.2,25.3,27.5,1.0,2.0,1.1187788201904298,True,CALL,2026-08-21,IREN
IREN260821C00044000,44.0,22.0,24.8,26.9,5.0,8.0,1.1138960321044922,True,CALL,2026-08-21,IREN
IREN260821C00045000,45.0,26.51,24.4,26.35,1.0,73.0,1.1138960321044922,True,CALL,2026-08-21,IREN
IREN260821C00046000,46.0,23.44,23.85,25.75,22.0,39.0,1.105961501464844,True,CALL,2026-08-21,IREN
IREN260821C00047000,47.0,19.45,23.35,25.45,3.0,4.0,1.1099898016357421,True,CALL,2026-08-21,IREN
IREN260821C00048000,48.0,25.3,22.75,24.9,10.0,14.0,1.1008345739746095,True,CALL,2026-08-21,IREN
IREN260821C00049000,49.0,21.95,22.6,24.3,1.0,5.0,1.1052290832519533,True,CALL,2026-08-21,IREN
IREN260821C00050000,50.0,22.5,22.1,23.9,1.0,71.0,1.103764246826172,True,CALL,2026-08-21,IREN
IREN260821C00055000,55.0,20.4,20.05,21.4,6.0,144.0,1.0863082794189454,True,CALL,2026-08-21,IREN
IREN260821C00060000,60.0,18.91,18.0,19.55,30.0,255.0,1.077519260864258,False,CALL,2026-08-21,IREN
IREN260821C00065000,65.0,17.55,16.6,17.85,15.0,33.0,1.081791700439453,False,CALL,2026-08-21,IREN
IREN260821C00070000,70.0,16.3,14.65,16.2,52.0,116.0,1.0620164086914063,False,CALL,2026-08-21,IREN
IREN260821C00075000,75.0,13.25,13.4,14.8,2.0,17.0,1.0611619207763672,False,CALL,2026-08-21,IREN
IREN260821P00042000,42.0,8.22,7.7,8.6,114.0,115.0,1.0543260174560547,False,PUT,2026-08-21,IREN
IREN260821P00043000,43.0,8.6,7.8,9.05,59.0,59.0,1.0380907470703127,False,PUT,2026-08-21,IREN
IREN260821P00044000,44.0,9.26,8.35,9.5,,69.0,1.0388231652832034,False,PUT,2026-08-21,IREN
IREN260821P00045000,45.0,9.6,8.95,10.0,28.0,37.0,1.0422411169433596,False,PUT,2026-08-21,IREN
IREN260821P00046000,46.0,10.11,9.3,10.45,4.0,45.0,1.0339403771972657,False,PUT,2026-08-21,IREN
IREN260821P00047000,47.0,10.25,9.9,10.95,208.0,206.0,1.0357714227294925,False,PUT,2026-08-21,IREN
IREN260821P00048000,48.0,10.52,10.4,11.55,14.0,103.0,1.0368700500488286,False,PUT,2026-08-21,IREN
IREN260821P00049000,49.0,10.95,10.9,11.8,6.0,135.0,1.02502928894043,False,PUT,2026-08-21,IREN
IREN260821P00050000,50.0,11.4,11.45,12.55,14.0,52.0,1.0316210528564456,False,PUT,2026-08-21,IREN
IREN260821P00055000,55.0,13.77,14.15,15.35,1001.0,5422.0,1.0205127099609377,False,PUT,2026-08-21,IREN
IREN260821P00060000,60.0,17.65,17.25,18.0,1.0,148.0,1.0045215789794921,True,PUT,2026-08-21,IREN
IREN260821P00070000,70.0,22.86,23.4,25.05,5.0,4.0,0.9903565417480469,True,PUT,2026-08-21,IREN
IREN260821P00075000,75.0,28.2,26.55,28.5,25.0,32.0,0.9695437615966795,True,PUT,2026-08-21,IREN
IREN260918C00042000,42.0,28.06,26.75,28.7,16.0,192.0,1.111332568359375,True,CALL,2026-09-18,IREN
IREN260918C00045000,45.0,24.67,24.95,27.25,4.0,1973.0,1.0955855767822267,True,CALL,2026-09-18,IREN
IREN260918C00047000,47.0,26.0,24.2,26.05,2.0,648.0,1.090092440185547,True,CALL,2026-09-18,IREN
IREN260918C00050000,50.0,23.5,23.5,24.8,19.0,16843.0,1.1091353137207034,True,CALL,2026-09-18,IREN
IREN260918C00055000,55.0,21.8,20.95,22.65,44.0,1639.0,1.083378606567383,True,CALL,2026-09-18,IREN
IREN260918C00060000,60.0,20.17,19.0,20.75,282.0,5687.0,1.0734909606933596,False,CALL,2026-09-18,IREN
IREN260918C00065000,65.0,18.27,17.75,18.75,69.0,7030.0,1.0711716363525394,False,CALL,2026-09-18,IREN
IREN260918C00070000,70.0,16.52,16.0,17.35,50.0,1558.0,1.0632371057128909,False,CALL,2026-09-18,IREN
IREN260918C00075000,75.0,15.35,15.0,16.05,37.0,2215.0,1.0706833575439456,False,CALL,2026-09-18,IREN
IREN260918P00042000,42.0,10.16,8.45,9.4,100.0,115.0,1.0468797656250002,False,PUT,2026-09-18,IREN
IREN260918P00045000,45.0,10.8,9.85,10.4,35.0,248.0,1.0230761737060547,False,PUT,2026-09-18,IREN
IREN260918P00047000,47.0,11.0,10.8,11.6,10.0,299.0,1.0235644525146486,False,PUT,2026-09-18,IREN
IREN260918P00050000,50.0,12.65,12.5,13.0,2.0,3334.0,1.015385782470703,False,PUT,2026-09-18,IREN
IREN260918P00055000,55.0,16.33,14.9,16.2,1.0,6662.0,1.004765718383789,False,PUT,2026-09-18,IREN
IREN260918P00060000,60.0,20.95,18.25,18.95,2.0,236.0,0.9973144799804687,True,PUT,2026-09-18,IREN
IREN260918P00065000,65.0,21.25,21.15,22.6,1.0,5670.0,0.992187578125,True,PUT,2026-09-18,IREN
IREN260918P00070000,70.0,24.15,24.5,26.0,2.0,129.0,0.9835206726074219,True,PUT,2026-09-18,IREN
IREN260918P00075000,75.0,28.85,28.05,29.6,9.0,8413.0,0.9777223907470705,True,PUT,2026-09-18,IREN
IREN261016C00042000,42.0,27.0,27.05,29.45,11.0,11.0,1.0871627673339845,True,CALL,2026-10-16,IREN
IREN261016C00045000,45.0,22.1,25.45,28.1,10.0,23.0,1.0799606549072267,True,CALL,2026-10-16,IREN
IREN261016C00047000,47.0,27.05,25.7,26.85,1.0,69.0,1.1036421771240237,True,CALL,2026-10-16,IREN
IREN261016C00050000,50.0,24.0,24.2,25.7,5.0,26.0,1.0969283435058594,True,CALL,2026-10-16,IREN
IREN261016C00055000,55.0,19.95,22.4,23.55,2.0,109.0,1.0909469281005861,True,CALL,2026-10-16,IREN
IREN261016C00060000,60.0,19.87,20.25,21.9,3.0,105.0,1.0796554806518555,False,CALL,2026-10-16,IREN
IREN261016C00065000,65.0,19.35,18.55,20.05,1.0,27.0,1.067143336181641,False,CALL,2026-10-16,IREN
IREN261016C00070000,70.0,18.08,17.05,17.95,1.0,87.0,1.0466356262207035,False,CALL,2026-10-16,IREN
IREN261016C00075000,75.0,17.42,15.7,17.2,40.0,370.0,1.0581101782226563,False,CALL,2026-10-16,IREN
IREN261016P00042000,42.0,10.55,8.75,10.0,7.0,59.0,1.0210009887695315,False,PUT,2026-10-16,IREN
IREN261016P00045000,45.0,10.31,10.25,11.55,8.0,1196.0,1.0178271765136717,False,PUT,2026-10-16,IREN
IREN261016P00047000,47.0,11.36,11.05,12.7,1.0,6.0,1.0100147155761716,False,PUT,2026-10-16,IREN
IREN261016P00050000,50.0,13.23,12.85,14.15,2.0,17.0,1.0046436486816406,False,PUT,2026-10-16,IREN
IREN261016P00055000,55.0,15.65,15.75,16.85,1.0,91.0,0.9916993017578125,False,PUT,2026-10-16,IREN
IREN261016P00060000,60.0,18.52,19.05,19.75,1.0,27.0,0.9852296398925782,True,PUT,2026-10-16,IREN
IREN261016P00065000,65.0,26.2,21.9,23.55,,97.0,0.9815065325927734,True,PUT,2026-10-16,IREN
IREN261016P00070000,70.0,29.95,25.1,26.9,,123.0,0.9671634143066408,True,PUT,2026-10-16,IREN
IREN261016P00075000,75.0,32.05,28.6,30.6,,1.0,0.9624027197265624,True,PUT,2026-10-16,IREN
IREN261120C00042000,42.0,27.0,28.0,30.5,4.0,23.0,1.0874069067382814,True,CALL,2026-11-20,IREN
IREN261120C00045000,45.0,25.87,26.55,29.0,4.0,18.0,1.0769089123535158,True,CALL,2026-11-20,IREN
IREN261120C00047000,47.0,25.75,26.6,28.1,1.0,14.0,1.1016890618896487,True,CALL,2026-11-20,IREN
IREN261120C00050000,50.0,26.9,25.3,26.85,2.0,24.0,1.09534143737793,True,CALL,2026-11-20,IREN
IREN261120C00055000,55.0,23.55,23.45,24.65,5.0,60.0,1.0830123974609376,True,CALL,2026-11-20,IREN
IREN261120C00060000,60.0,20.85,21.45,23.05,4.0,48.0,1.0747116577148441,False,CALL,2026-11-20,IREN
IREN261120C00065000,65.0,20.45,19.9,21.05,2.0,132.0,1.0606736419677736,False,CALL,2026-11-20,IREN
IREN261120C00070000,70.0,17.5,18.3,19.7,1.0,154.0,1.0555467144775392,False,CALL,2026-11-20,IREN
IREN261120C00075000,75.0,16.05,17.0,18.9,1.0,5.0,1.0650681512451172,False,CALL,2026-11-20,IREN
IREN261120P00042000,42.0,10.5,9.3,11.25,1.0,93.0,1.018437525024414,False,PUT,2026-11-20,IREN
IREN261120P00045000,45.0,11.32,11.05,12.2,1.0,892.0,1.0009815576171874,False,PUT,2026-11-20,IREN
IREN261120P00047000,47.0,12.25,12.1,14.0,4.0,741.0,1.0190478735351562,False,PUT,2026-11-20,IREN
IREN261120P00050000,50.0,15.98,13.75,14.8,4.0,80.0,0.9876710217285156,False,PUT,2026-11-20,IREN
IREN261120P00055000,55.0,19.1,16.7,17.9,,1.0,0.9847413635253908,False,PUT,2026-11-20,IREN
IREN261120P00060000,60.0,19.73,19.85,20.95,1.0,2.0,0.9760744580078126,True,PUT,2026-11-20,IREN
IREN261120P00075000,75.0,33.2,29.8,32.2,,2.0,0.969604796142578,True,PUT,2026-11-20,IREN
IREN261218C00042000,42.0,32.3,28.7,31.4,1.0,238.0,1.0905807189941408,True,CALL,2026-12-18,IREN
IREN261218C00045000,45.0,27.0,27.25,29.7,2.0,579.0,1.0715378454589848,True,CALL,2026-12-18,IREN
IREN261218C00047000,47.0,27.95,27.15,29.3,11.0,119.0,1.1043745953369142,True,CALL,2026-12-18,IREN
IREN261218C00050000,50.0,26.74,24.75,28.05,29.0,3046.0,1.0650681512451172,True,CALL,2026-12-18,IREN
IREN261218C00055000,55.0,24.82,24.25,25.65,14.0,1788.0,1.0825241186523438,True,CALL,2026-12-18,IREN
IREN261218C00060000,60.0,23.03,22.8,23.55,27.0,4992.0,1.073613030395508,False,CALL,2026-12-18,IREN
IREN261218C00065000,65.0,21.27,20.8,22.35,17.0,645.0,1.066899196777344,False,CALL,2026-12-18,IREN
IREN261218C00070000,70.0,19.38,18.8,20.05,24.0,1624.0,1.0286913800048831,False,CALL,2026-12-18,IREN
IREN261218C00075000,75.0,18.39,18.1,19.25,3.0,545.0,1.0512132400512697,False,CALL,2026-12-18,IREN
IREN261218P00042000,42.0,10.05,10.15,11.0,2.0,274.0,0.9924317163085938,False,PUT,2026-12-18,IREN
IREN261218P00045000,45.0,12.2,11.8,12.5,11.0,451.0,0.9880372290039063,False,PUT,2026-12-18,IREN
IREN261218P00047000,47.0,12.91,12.7,13.95,2.0,111.0,0.9898682653808593,False,PUT,2026-12-18,IREN
IREN261218P00050000,50.0,14.93,14.35,15.5,4.0,608.0,0.9797975653076172,False,PUT,2026-12-18,IREN
IREN261218P00055000,55.0,17.15,17.25,18.55,1.0,150.0,0.9721682470703125,False,PUT,2026-12-18,IREN
IREN261218P00060000,60.0,20.9,20.3,21.75,21.0,33.0,0.9636234106445312,True,PUT,2026-12-18,IREN
IREN261218P00065000,65.0,28.81,23.95,24.8,1.0,40.0,0.9585575433349607,True,PUT,2026-12-18,IREN
IREN261218P00070000,70.0,26.95,26.25,29.15,1.0,1692.0,0.9459233923339843,True,PUT,2026-12-18,IREN
IREN261218P00075000,75.0,31.68,30.55,32.65,2.0,2.0,0.9538578833007811,True,PUT,2026-12-18,IREN
IREN270115C00042000,42.0,29.5,30.15,31.65,28.0,1378.0,1.0990035284423831,True,CALL,2027-01-15,IREN
IREN270115C00045000,45.0,29.0,28.2,30.1,995.0,10876.0,1.0673874755859378,True,CALL,2027-01-15,IREN
IREN270115C00047000,47.0,27.87,27.6,29.2,30.0,820.0,1.069462660522461,True,CALL,2027-01-15,IREN
IREN270115C00050000,50.0,27.5,26.7,27.5,1587.0,16474.0,1.0596970843505862,True,CALL,2027-01-15,IREN
IREN270115C00055000,55.0,25.25,24.95,25.25,200.0,4502.0,1.0462694171142581,True,CALL,2027-01-15,IREN
IREN270115C00060000,60.0,23.7,23.15,23.85,917.0,6486.0,1.0457811383056643,False,CALL,2027-01-15,IREN
IREN270115C00065000,65.0,22.0,21.4,23.1,72.0,4923.0,1.0550584356689454,False,CALL,2027-01-15,IREN
IREN270115C00070000,70.0,20.7,19.85,21.35,266.0,10137.0,1.0399828274536138,False,CALL,2027-01-15,IREN
IREN270115C00075000,75.0,19.21,18.5,19.7,118.0,2372.0,1.0273486132812502,False,CALL,2027-01-15,IREN
IREN270115P00042000,42.0,10.37,9.9,11.7,8.0,613.0,0.9659427233886719,False,PUT,2027-01-15,IREN
IREN270115P00045000,45.0,12.5,11.75,12.7,93.0,580.0,0.9522709851074218,False,PUT,2027-01-15,IREN
IREN270115P00047000,47.0,14.2,12.95,14.35,1.0,274.0,0.9677737597656251,False,PUT,2027-01-15,IREN
IREN270115P00050000,50.0,15.48,14.65,15.95,26.0,2901.0,0.9599003033447264,False,PUT,2027-01-15,IREN
IREN270115P00055000,55.0,18.27,17.6,19.2,22.0,574.0,0.9575809906005859,False,PUT,2027-01-15,IREN
IREN270115P00060000,60.0,21.5,20.6,22.0,4.0,1445.0,0.937500625,True,PUT,2027-01-15,IREN
IREN270115P00065000,65.0,25.09,24.5,25.15,21.0,297.0,0.9401861450195312,True,PUT,2027-01-15,IREN
IREN270115P00070000,70.0,27.69,27.4,29.0,1.0,455.0,0.929688203125,True,PUT,2027-01-15,IREN
IREN270115P00075000,75.0,30.9,31.0,33.7,1.0,30.0,0.9478154632568359,True,PUT,2027-01-15,IREN
IREN280121C00042000,42.0,36.7,35.15,37.35,37.0,381.0,1.0080616003417968,True,CALL,2028-01-21,IREN
IREN280121C00045000,45.0,35.61,35.0,36.0,194.0,2562.0,1.016728549194336,True,CALL,2028-01-21,IREN
IREN280121C00047000,47.0,34.87,33.75,36.25,15.0,519.0,1.0210009887695315,True,CALL,2028-01-21,IREN
IREN280121C00050000,50.0,34.0,33.0,35.05,77.0,3836.0,1.0157519915771485,True,CALL,2028-01-21,IREN
IREN280121C00055000,55.0,32.0,31.5,33.2,208.0,1714.0,1.0021412197875978,True,CALL,2028-01-21,IREN
IREN280121C00060000,60.0,31.38,30.55,32.1,73.0,1808.0,1.0106860989379882,False,CALL,2028-01-21,IREN
IREN280121C00065000,65.0,29.78,29.0,30.3,138.0,7360.0,0.9913330944824219,False,CALL,2028-01-21,IREN
IREN280121C00070000,70.0,28.85,28.25,30.1,10.0,4631.0,1.0129443884277345,False,CALL,2028-01-21,IREN
IREN280121C00075000,75.0,27.27,26.35,28.65,39.0,1643.0,0.9894410235595703,False,CALL,2028-01-21,IREN
IREN280121P00042000,42.0,16.75,15.15,16.35,6.0,193.0,0.8897716101074218,False,PUT,2028-01-21,IREN
IREN280121P00045000,45.0,17.5,16.9,18.0,6.0,386.0,0.8798840136718749,False,PUT,2028-01-21,IREN
IREN280121P00047000,47.0,19.0,18.25,19.5,16.0,511.0,0.8844005700683593,False,PUT,2028-01-21,IREN
IREN280121P00050000,50.0,19.67,19.4,21.2,4.0,605.0,0.8606581317138673,False,PUT,2028-01-21,IREN
IREN280121P00055000,55.0,24.23,22.25,24.75,5.0,117.0,0.8513808807373047,False,PUT,2028-01-21,IREN
IREN280121P00060000,60.0,27.32,26.4,28.25,5.0,190.0,0.8605360626220704,True,PUT,2028-01-21,IREN
IREN280121P00065000,65.0,29.53,29.7,31.75,21.0,111.0,0.8504653625488281,True,PUT,2028-01-21,IREN
IREN280121P00070000,70.0,33.58,33.05,35.5,13.0,177.0,0.8426529406738281,True,PUT,2028-01-21,IREN
IREN280121P00075000,75.0,38.06,36.7,40.0,1.0,41.0,0.8492446716308593,True,PUT,2028-01-21,IREN
ISRG260130C00450000,450.0,72.1,51.5,57.3,6.0,11.0,1.2756383874511714,True,CALL,2026-01-30,ISRG
ISRG260130C00455000,455.0,49.43,46.6,52.3,8.0,6.0,1.1853068078613282,True,CALL,2026-01-30,ISRG
ISRG260130C00457500,457.5,49.99,44.1,49.8,2.0,4.0,1.1401410180664064,True,CALL,2026-01-30,ISRG
ISRG260130C00460000,460.0,44.5,41.7,47.3,10.0,3.0,1.0944869494628908,True,CALL,2026-01-30,ISRG
ISRG260130C00475000,475.0,33.31,26.5,32.3,4.0,5.0,0.8172625695800779,True,CALL,2026-01-30,ISRG
ISRG260130C00477500,477.5,51.54,23.6,29.8,2.0,2.0,0.7697776928710938,True,CALL,2026-01-30,ISRG
ISRG260130C00480000,480.0,43.45,21.5,27.5,4.0,23.0,0.743166630859375,True,CALL,2026-01-30,ISRG
ISRG260130C00482500,482.5,39.67,19.3,25.0,24.0,2.0,0.6939727868652343,True,CALL,2026-01-30,ISRG
ISRG260130C00485000,485.0,24.12,17.0,22.5,1.0,23.0,0.6440465283203125,True,CALL,2026-01-30,ISRG
ISRG260130C00492500,492.5,40.99,10.5,14.2,12.0,2.0,0.4162656030273437,True,CALL,2026-01-30,ISRG
ISRG260130C00495000,495.0,30.2,8.4,13.6,9.0,5.0,0.5200243310546875,True,CALL,2026-01-30,ISRG
ISRG260130C00500000,500.0,7.1,4.1,10.4,3.0,10.0,0.5205126074218749,True,CALL,2026-01-30,ISRG
ISRG260130C00505000,505.0,3.38,2.6,4.2,1.0,3.0,0.28601788208007806,False,CALL,2026-01-30,ISRG
ISRG260130C00510000,510.0,1.45,1.05,2.1,19.0,8.0,0.2784495983886719,False,CALL,2026-01-30,ISRG
ISRG260130C00512500,512.5,1.3,0.6,1.85,7.0,10.0,0.3139717041015625,False,CALL,2026-01-30,ISRG
ISRG260130C00515000,515.0,1.35,0.35,1.1,42.0,7.0,0.2951730639648437,False,CALL,2026-01-30,ISRG
ISRG260130C00517500,517.5,1.4,0.2,1.1,2.0,3.0,0.33887379882812496,False,CALL,2026-01-30,ISRG
ISRG260130C00520000,520.0,0.46,0.1,1.0,22.0,49.0,0.36939107177734376,False,CALL,2026-01-30,ISRG
ISRG260130C00522500,522.5,0.8,0.0,0.9,6.0,38.0,0.39649041015625003,False,CALL,2026-01-30,ISRG
ISRG260130C00525000,525.0,0.55,0.0,0.5,30.0,142.0,0.37256486816406253,False,CALL,2026-01-30,ISRG
ISRG260130C00527500,527.5,0.4,0.0,2.55,3.0,55.0,0.5217332983398437,False,CALL,2026-01-30,ISRG
ISRG260130C00530000,530.0,0.04,0.0,0.35,18.0,144.0,0.4067442138671875,False,CALL,2026-01-30,ISRG
ISRG260130C00532500,532.5,0.05,0.0,0.3,5.0,81.0,0.4243221630859375,False,CALL,2026-01-30,ISRG
ISRG260130C00535000,535.0,0.2,0.0,0.35,40.0,225.0,0.467778759765625,False,CALL,2026-01-30,ISRG
ISRG260130C00537500,537.5,0.1,0.0,1.3,1.0,33.0,0.5664105859375,False,CALL,2026-01-30,ISRG
ISRG260130C00540000,540.0,0.05,0.0,0.65,33.0,184.0,0.5195360546875,False,CALL,2026-01-30,ISRG
ISRG260130C00542500,542.5,0.1,0.0,0.95,2.0,101.0,0.5898478515625001,False,CALL,2026-01-30,ISRG
ISRG260130C00545000,545.0,0.02,0.0,0.4,4.0,105.0,0.5302781347656251,False,CALL,2026-01-30,ISRG
ISRG260130C00547500,547.5,0.5,0.0,0.55,2.0,49.0,0.586918193359375,False,CALL,2026-01-30,ISRG
ISRG260130C00550000,550.0,0.05,0.0,0.2,6.0,484.0,0.52539537109375,False,CALL,2026-01-30,ISRG
ISRG260130C00552500,552.5,1.5,0.0,4.3,1.0,10.0,1.0048877880859375,False,CALL,2026-01-30,ISRG
ISRG260130C00555000,555.0,0.05,0.0,0.25,5.0,665.0,0.5908244042968751,False,CALL,2026-01-30,ISRG
ISRG260130C00557500,557.5,0.04,0.0,4.3,9.0,8.0,1.0747116577148441,False,CALL,2026-01-30,ISRG
ISRG260130C00560000,560.0,0.03,0.0,0.05,16.0,243.0,0.5273484765625001,False,CALL,2026-01-30,ISRG
ISRG260130C00562500,562.5,0.28,0.0,4.3,2.0,8.0,1.142826551513672,False,CALL,2026-01-30,ISRG
ISRG260130C00565000,565.0,0.01,0.0,0.05,1.0,802.0,0.5664105859375,False,CALL,2026-01-30,ISRG
ISRG260130C00567500,567.5,0.23,0.0,4.3,1.0,4.0,1.2092324694824215,False,CALL,2026-01-30,ISRG
ISRG260130C00570000,570.0,0.02,0.0,0.05,2.0,172.0,0.6054726953125001,False,CALL,2026-01-30,ISRG
ISRG260130C00572500,572.5,0.75,0.0,4.3,26.0,37.0,1.2741735510253904,False,CALL,2026-01-30,ISRG
ISRG260130C00575000,575.0,0.04,0.0,0.05,2.0,65.0,0.6445348046875,False,CALL,2026-01-30,ISRG
ISRG260130C00577500,577.5,1.19,0.0,4.3,1.0,30.0,1.337649796142578,False,CALL,2026-01-30,ISRG
ISRG260130C00580000,580.0,0.11,0.0,0.05,3.0,134.0,0.6835969140625001,False,CALL,2026-01-30,ISRG
ISRG260130C00582500,582.5,0.33,0.0,4.3,4.0,3.0,1.3999053442382814,False,CALL,2026-01-30,ISRG
ISRG260130C00585000,585.0,0.2,0.0,1.0,3.0,88.0,1.0600632934570315,False,CALL,2026-01-30,ISRG
ISRG260130C00590000,590.0,0.01,0.0,4.0,1.0,119.0,1.4653347045898437,False,CALL,2026-01-30,ISRG
ISRG260130C00595000,595.0,0.01,0.0,0.05,1.0,69.0,0.79687703125,False,CALL,2026-01-30,ISRG
ISRG260130C00597500,597.5,0.13,0.0,4.3,2.0,3.0,1.579591945800781,False,CALL,2026-01-30,ISRG
ISRG260130C00600000,600.0,0.02,0.0,0.05,1.0,442.0,0.8281267187499999,False,CALL,2026-01-30,ISRG
ISRG260130C00605000,605.0,0.1,0.0,4.3,3.0,35.0,1.6660172949218752,False,CALL,2026-01-30,ISRG
ISRG260130C00610000,610.0,0.05,0.0,0.05,28.0,55.0,0.8984385156249999,False,CALL,2026-01-30,ISRG
ISRG260130C00615000,615.0,0.8,0.0,4.3,2.0,4.0,1.7780772814941406,False,CALL,2026-01-30,ISRG
ISRG260130C00617500,617.5,2.16,0.0,4.3,1.0,1.0,1.8056650341796874,False,CALL,2026-01-30,ISRG
ISRG260130C00620000,620.0,0.05,0.0,0.4,23.0,106.0,1.220707021484375,False,CALL,2026-01-30,ISRG
ISRG260130C00625000,625.0,0.21,0.0,4.3,2.0,7.0,1.88671931640625,False,CALL,2026-01-30,ISRG
ISRG260130C00630000,630.0,0.05,0.0,4.3,7.0,34.0,1.9394534277343751,False,CALL,2026-01-30,ISRG
ISRG260130C00635000,635.0,0.28,0.0,4.3,3.0,38.0,1.991699260253906,False,CALL,2026-01-30,ISRG
ISRG260130C00640000,640.0,0.72,0.0,4.3,1.0,5.0,2.0434619226074218,False,CALL,2026-01-30,ISRG
ISRG260130C00645000,645.0,5.7,0.0,4.3,10.0,10.0,2.0942430456542964,False,CALL,2026-01-30,ISRG
ISRG260130C00650000,650.0,0.47,0.0,4.3,3.0,79.0,2.144535888671875,False,CALL,2026-01-30,ISRG
ISRG260130C00655000,655.0,3.17,0.0,4.3,10.0,13.0,2.193852171630859,False,CALL,2026-01-30,ISRG
ISRG260130P00400000,400.0,0.15,0.0,4.3,,9.0,2.1220750073242183,False,PUT,2026-01-30,ISRG
ISRG260130P00410000,410.0,0.1,0.0,4.3,1.0,4.0,1.9414065429687501,False,PUT,2026-01-30,ISRG
ISRG260130P00420000,420.0,0.14,0.0,4.2,,1.0,1.7529309228515624,False,PUT,2026-01-30,ISRG
ISRG260130P00430000,430.0,0.1,0.0,1.65,1.0,5.0,1.2822301513671874,False,PUT,2026-01-30,ISRG
ISRG260130P00435000,435.0,1.85,0.0,1.7,1.0,6.0,1.2133828393554684,False,PUT,2026-01-30,ISRG
ISRG260130P00440000,440.0,0.05,0.0,0.45,12.0,41.0,0.9003916210937499,False,PUT,2026-01-30,ISRG
ISRG260130P00445000,445.0,0.01,0.0,0.05,1.0,46.0,0.6367223828125,False,PUT,2026-01-30,ISRG
ISRG260130P00447500,447.5,0.22,0.0,1.7,10.0,10.0,1.0229541040039063,False,PUT,2026-01-30,ISRG
ISRG260130P00450000,450.0,0.95,0.0,1.55,,26.0,0.965820654296875,False,PUT,2026-01-30,ISRG
ISRG260130P00452500,452.5,0.31,0.0,1.7,10.0,10.0,0.9467778759765625,False,PUT,2026-01-30,ISRG
ISRG260130P00455000,455.0,0.22,0.0,1.55,30.0,31.0,0.8911143701171874,False,PUT,2026-01-30,ISRG
ISRG260130P00457500,457.5,0.03,0.0,0.35,1.0,1.0,0.6513706738281251,False,PUT,2026-01-30,ISRG
ISRG260130P00460000,460.0,0.2,0.0,1.7,118.0,85.0,0.8325212060546874,False,PUT,2026-01-30,ISRG
ISRG260130P00462500,462.5,0.33,0.0,4.2,3.0,3.0,1.0039112304687499,False,PUT,2026-01-30,ISRG
ISRG260130P00465000,465.0,0.16,0.0,1.7,10.0,33.0,0.75586181640625,False,PUT,2026-01-30,ISRG
ISRG260130P00470000,470.0,0.11,0.0,0.5,1.0,35.0,0.5273484765625001,False,PUT,2026-01-30,ISRG
ISRG260130P00475000,475.0,0.05,0.0,0.5,1.0,35.0,0.5307664111328125,False,PUT,2026-01-30,ISRG
ISRG260130P00480000,480.0,0.14,0.0,0.2,20.0,165.0,0.379889013671875,False,PUT,2026-01-30,ISRG
ISRG260130P00482500,482.5,0.75,0.0,0.65,1.0,1.0,0.44873598144531246,False,PUT,2026-01-30,ISRG
ISRG260130P00485000,485.0,0.1,0.05,0.6,2.0,61.0,0.401373173828125,False,PUT,2026-01-30,ISRG
ISRG260130P00487500,487.5,3.8,0.0,0.65,,1.0,0.37036762451171873,False,PUT,2026-01-30,ISRG
ISRG260130P00490000,490.0,0.54,0.2,0.9,79.0,120.0,0.36377589355468753,False,PUT,2026-01-30,ISRG
ISRG260130P00495000,495.0,1.22,0.6,1.75,3.0,45.0,0.3577945080566406,False,PUT,2026-01-30,ISRG
ISRG260130P00497500,497.5,1.5,0.95,4.5,2.0,3.0,0.5152636364746093,False,PUT,2026-01-30,ISRG
ISRG260130P00500000,500.0,2.54,1.6,2.25,59.0,188.0,0.2863840893554687,False,PUT,2026-01-30,ISRG
ISRG260130P00502500,502.5,2.2,2.45,3.6,2.0,21.0,0.315314464111328,False,PUT,2026-01-30,ISRG
ISRG260130P00505000,505.0,5.0,2.35,5.2,12.0,107.0,0.3443669079589844,True,PUT,2026-01-30,ISRG
ISRG260130P00507500,507.5,3.93,4.0,9.6,1.0,59.0,0.5498091894531252,True,PUT,2026-01-30,ISRG
ISRG260130P00510000,510.0,7.01,6.3,9.3,43.0,256.0,0.4278621667480469,True,PUT,2026-01-30,ISRG
ISRG260130P00512500,512.5,10.5,7.5,11.4,19.0,53.0,0.4611870288085938,True,PUT,2026-01-30,ISRG
ISRG260130P00515000,515.0,11.5,9.2,14.8,56.0,102.0,0.5861857788085938,True,PUT,2026-01-30,ISRG
ISRG260130P00517500,517.5,11.65,12.2,16.6,6.0,53.0,0.5893595751953126,True,PUT,2026-01-30,ISRG
ISRG260130P00520000,520.0,12.7,13.8,18.2,21.0,197.0,0.56836369140625,True,PUT,2026-01-30,ISRG
ISRG260130P00522500,522.5,18.43,15.3,21.3,3.0,636.0,0.6684603466796877,True,PUT,2026-01-30,ISRG
ISRG260130P00525000,525.0,21.53,19.0,23.9,166.0,296.0,0.7258328198242188,True,PUT,2026-01-30,ISRG
ISRG260130P00527500,527.5,21.32,20.3,26.3,12.0,30.0,0.764650791015625,True,PUT,2026-01-30,ISRG
ISRG260130P00530000,530.0,27.0,23.9,29.7,39.0,127.0,0.6087685607910158,True,PUT,2026-01-30,ISRG
ISRG260130P00532500,532.5,25.3,26.5,31.8,2.0,576.0,0.6293982373046876,True,PUT,2026-01-30,ISRG
ISRG260130P00535000,535.0,28.27,27.9,33.5,154.0,172.0,0.5185595019531251,True,PUT,2026-01-30,ISRG
ISRG260130P00537500,537.5,14.78,30.4,37.5,2.0,1.0,0.676761044921875,True,PUT,2026-01-30,ISRG
ISRG260130P00540000,540.0,34.35,34.5,39.0,15.0,110.0,0.7543969873046875,True,PUT,2026-01-30,ISRG
ISRG260130P00542500,542.5,22.4,35.4,42.6,,2.0,0.754885263671875,True,PUT,2026-01-30,ISRG
ISRG260130P00545000,545.0,23.4,37.8,45.3,4.0,58.0,0.7971211694335938,True,PUT,2026-01-30,ISRG
ISRG260130P00547500,547.5,23.77,40.4,47.6,3.0,3.0,0.8237322314453124,True,PUT,2026-01-30,ISRG
ISRG260130P00550000,550.0,41.28,43.7,50.4,6.0,43.0,0.938477177734375,True,PUT,2026-01-30,ISRG
ISRG260130P00555000,555.0,33.68,48.4,55.3,3.0,20.0,0.9787599780273439,True,PUT,2026-01-30,ISRG
ISRG260130P00557500,557.5,36.52,50.6,57.6,,0.0,0.9724123852539062,True,PUT,2026-01-30,ISRG
ISRG260130P00560000,560.0,32.62,53.4,60.2,2.0,44.0,1.037358328857422,True,PUT,2026-01-30,ISRG
ISRG260130P00562500,562.5,39.55,55.4,62.6,1.0,0.0,1.0190478735351562,True,PUT,2026-01-30,ISRG
ISRG260130P00565000,565.0,39.95,57.9,64.0,1.0,1.0,0.9379889013671875,True,PUT,2026-01-30,ISRG
ISRG260130P00567500,567.5,44.47,60.4,67.6,16.0,0.0,1.0810592822265626,True,PUT,2026-01-30,ISRG
ISRG260130P00570000,570.0,37.45,62.9,70.1,1.0,7.0,1.111820847167969,True,PUT,2026-01-30,ISRG
ISRG260130P00572500,572.5,45.2,65.4,72.6,1.0,1.0,1.1420941333007812,True,PUT,2026-01-30,ISRG
ISRG260130P00575000,575.0,39.8,67.9,75.1,1.0,0.0,1.171879140625,True,PUT,2026-01-30,ISRG
ISRG260130P00577500,577.5,40.8,70.4,77.6,4.0,0.0,1.2014200085449218,True,PUT,2026-01-30,ISRG
ISRG260130P00580000,580.0,52.48,72.9,80.1,1.0,0.0,1.230716737060547,True,PUT,2026-01-30,ISRG
ISRG260130P00585000,585.0,59.13,77.9,85.0,1.0,1.0,1.2780797814941405,True,PUT,2026-01-30,ISRG
ISRG260130P00590000,590.0,70.11,83.4,89.2,2.0,0.0,1.3012730249023434,True,PUT,2026-01-30,ISRG
ISRG260130P00592500,592.5,54.6,85.4,92.6,,0.0,1.3730500097656249,True,PUT,2026-01-30,ISRG
ISRG260130P00595000,595.0,66.0,87.9,95.0,1.0,3.0,1.390139768066406,True,PUT,2026-01-30,ISRG
ISRG260130P00597500,597.5,68.53,90.4,97.4,1.0,0.0,1.4060088293457031,True,PUT,2026-01-30,ISRG
ISRG260130P00600000,600.0,93.37,93.5,99.2,2.0,2.0,1.4213896118164064,True,PUT,2026-01-30,ISRG
ISRG260130P00602500,602.5,75.3,95.4,102.4,1.0,0.0,1.4599636376953122,True,PUT,2026-01-30,ISRG
ISRG260130P00605000,605.0,80.15,97.9,105.0,1.0,0.0,1.4980493847656249,True,PUT,2026-01-30,ISRG
ISRG260130P00610000,610.0,31.02,102.9,109.9,1.0,0.0,1.5390648046875,True,PUT,2026-01-30,ISRG
ISRG260130P00612500,612.5,82.6,105.4,112.5,,0.0,1.5771505517578124,True,PUT,2026-01-30,ISRG
ISRG260130P00615000,615.0,85.17,107.9,115.0,,0.0,1.6030293286132813,True,PUT,2026-01-30,ISRG
ISRG260130P00620000,620.0,38.1,112.9,120.0,,0.0,1.6538103247070315,True,PUT,2026-01-30,ISRG
ISRG260130P00625000,625.0,94.87,117.9,125.0,1.0,0.0,1.7045913208007812,True,PUT,2026-01-30,ISRG
ISRG260130P00630000,630.0,99.85,122.9,130.0,,0.0,1.7543957592773438,True,PUT,2026-01-30,ISRG
ISRG260130P00650000,650.0,126.24,142.9,150.0,3.0,0.0,1.9462893310546878,True,PUT,2026-01-30,ISRG
ISRG260130P00655000,655.0,131.26,147.9,155.0,3.0,0.0,1.9931640966796875,True,PUT,2026-01-30,ISRG
ISRG260206C00445000,445.0,156.1,57.2,62.0,,1.0,0.6210975390625001,True,CALL,2026-02-06,ISRG
ISRG260206C00470000,470.0,63.42,32.1,36.8,,1.0,0.39929799926757814,True,CALL,2026-02-06,ISRG
ISRG260206C00475000,475.0,65.25,28.4,33.3,1.0,2.0,0.43628493408203123,True,CALL,2026-02-06,ISRG
ISRG260206C00485000,485.0,20.86,19.3,23.7,2.0,20.0,0.35596347167968745,True,CALL,2026-02-06,ISRG
ISRG260206C00490000,490.0,18.82,13.5,19.3,2.0,24.0,0.32684999328613284,True,CALL,2026-02-06,ISRG
ISRG260206C00500000,500.0,9.43,9.8,12.1,1.0,3.0,0.3007882421875,True,CALL,2026-02-06,ISRG
ISRG260206C00505000,505.0,8.2,7.1,9.2,11.0,1.0,0.29291478576660146,False,CALL,2026-02-06,ISRG
ISRG260206C00510000,510.0,6.62,5.5,9.7,3.0,1.0,0.38043832458496096,False,CALL,2026-02-06,ISRG
ISRG260206C00515000,515.0,4.1,2.85,5.1,32.0,23.0,0.29114478393554677,False,CALL,2026-02-06,ISRG
ISRG260206C00520000,520.0,2.9,2.35,3.9,6.0,16.0,0.30011686218261713,False,CALL,2026-02-06,ISRG
ISRG260206C00522500,522.5,2.63,1.9,2.95,3.0,22.0,0.2859568475341796,False,CALL,2026-02-06,ISRG
ISRG260206C00525000,525.0,2.0,1.55,2.55,29.0,26.0,0.29053443847656246,False,CALL,2026-02-06,ISRG
ISRG260206C00527500,527.5,3.3,1.25,2.5,1.0,12.0,0.3090889404296875,False,CALL,2026-02-06,ISRG
ISRG260206C00530000,530.0,1.64,1.0,1.85,11.0,86.0,0.29669892761230465,False,CALL,2026-02-06,ISRG
ISRG260206C00532500,532.5,3.24,0.8,1.85,2.0,57.0,0.31555860229492183,False,CALL,2026-02-06,ISRG
ISRG260206C00535000,535.0,1.0,0.05,1.45,6.0,47.0,0.31018756225585936,False,CALL,2026-02-06,ISRG
ISRG260206C00537500,537.5,4.0,0.5,2.95,1.0,19.0,0.41040628662109374,False,CALL,2026-02-06,ISRG
ISRG260206C00540000,540.0,0.85,0.55,1.25,3.0,67.0,0.3309393078613281,False,CALL,2026-02-06,ISRG
ISRG260206C00542500,542.5,7.0,0.25,2.65,6.0,8.0,0.4327449304199219,False,CALL,2026-02-06,ISRG
ISRG260206C00545000,545.0,0.82,0.15,2.2,6.0,39.0,0.4255428540039063,False,CALL,2026-02-06,ISRG
ISRG260206C00547500,547.5,1.1,0.15,1.0,1.0,8.0,0.3591372680664062,False,CALL,2026-02-06,ISRG
ISRG260206C00550000,550.0,0.5,0.1,0.75,1.0,172.0,0.35071450073242183,False,CALL,2026-02-06,ISRG
ISRG260206C00552500,552.5,1.79,0.05,0.7,1.0,3.0,0.3597476135253906,False,CALL,2026-02-06,ISRG
ISRG260206C00555000,555.0,0.25,0.0,2.05,11.0,19.0,0.48376981079101566,False,CALL,2026-02-06,ISRG
ISRG260206C00557500,557.5,2.2,0.0,1.75,1.0,2.0,0.4792532543945312,False,CALL,2026-02-06,ISRG
ISRG260206C00560000,560.0,0.23,0.0,0.45,2.0,52.0,0.36865865722656255,False,CALL,2026-02-06,ISRG
ISRG260206C00565000,565.0,0.8,0.05,0.6,1.0,38.0,0.4155331884765625,False,CALL,2026-02-06,ISRG
ISRG260206C00567500,567.5,0.52,0.0,1.5,1.0,3.0,0.5207567456054687,False,CALL,2026-02-06,ISRG
ISRG260206C00570000,570.0,0.1,0.05,0.4,4.0,50.0,0.4106504248046875,False,CALL,2026-02-06,ISRG
ISRG260206C00572500,572.5,0.7,0.0,1.5,1.0,8.0,0.5496871203613283,False,CALL,2026-02-06,ISRG
ISRG260206C00575000,575.0,0.95,0.0,1.5,1.0,13.0,0.5639692041015626,False,CALL,2026-02-06,ISRG
ISRG260206C00580000,580.0,0.52,0.0,4.3,5.0,14.0,0.6452672192382812,False,CALL,2026-02-06,ISRG
ISRG260206C00585000,585.0,0.66,0.0,4.3,2.0,7.0,0.6743196630859377,False,CALL,2026-02-06,ISRG
ISRG260206C00590000,590.0,0.28,0.0,4.3,1.0,27.0,0.7028838305664062,False,CALL,2026-02-06,ISRG
ISRG260206C00595000,595.0,0.05,0.0,1.5,1.0,13.0,0.5864299169921875,False,CALL,2026-02-06,ISRG
ISRG260206C00600000,600.0,0.1,0.0,1.5,2.0,39.0,0.6103554589843752,False,CALL,2026-02-06,ISRG
ISRG260206C00605000,605.0,7.32,0.0,4.3,1.0,1.0,0.7854025366210937,False,CALL,2026-02-06,ISRG
ISRG260206C00610000,610.0,1.1,0.0,4.2,2.0,4.0,0.807619111328125,False,CALL,2026-02-06,ISRG
ISRG260206C00615000,615.0,8.0,0.0,4.2,,2.0,0.833741896972656,False,CALL,2026-02-06,ISRG
ISRG260206C00620000,620.0,0.1,0.0,4.3,2.0,34.0,0.8640150317382812,False,CALL,2026-02-06,ISRG
ISRG260206C00625000,625.0,3.76,0.0,4.3,3.0,11.0,0.8894054028320311,False,CALL,2026-02-06,ISRG
ISRG260206C00630000,630.0,2.71,0.0,4.3,4.0,16.0,0.9143074975585939,False,CALL,2026-02-06,ISRG
ISRG260206C00635000,635.0,0.1,0.0,4.3,1.0,32.0,0.9389654541015625,False,CALL,2026-02-06,ISRG
ISRG260206C00640000,640.0,2.83,0.0,4.3,1.0,4.0,0.9632572033691407,False,CALL,2026-02-06,ISRG
ISRG260206C00645000,645.0,2.53,0.0,4.3,1.0,7.0,0.9873048144531251,False,CALL,2026-02-06,ISRG
ISRG260206C00650000,650.0,0.05,0.0,0.15,1.0,9.0,0.6132851171875001,False,CALL,2026-02-06,ISRG
ISRG260206C00655000,655.0,0.88,0.0,4.3,1.0,1.0,1.0341845166015626,False,CALL,2026-02-06,ISRG
ISRG260206P00360000,360.0,0.02,0.0,4.3,1.0,1.0,1.3547395544433591,False,PUT,2026-02-06,ISRG
ISRG260206P00380000,380.0,0.39,0.0,1.5,,60.0,0.9584965087890623,False,PUT,2026-02-06,ISRG
ISRG260206P00400000,400.0,0.55,0.0,1.5,1.0,16.0,0.8090839404296875,False,PUT,2026-02-06,ISRG
ISRG260206P00420000,420.0,0.2,0.0,1.9,15.0,9.0,0.6953155468750001,False,PUT,2026-02-06,ISRG
ISRG260206P00435000,435.0,1.42,0.0,1.5,,1.0,0.5578657495117189,False,PUT,2026-02-06,ISRG
ISRG260206P00445000,445.0,0.26,0.1,4.0,148.0,12.0,0.6149940844726562,False,PUT,2026-02-06,ISRG
ISRG260206P00450000,450.0,2.39,0.0,0.65,4.0,3.0,0.43945873046875,False,PUT,2026-02-06,ISRG
ISRG260206P00455000,455.0,2.83,0.0,1.5,1.0,3.0,0.48987326538085946,False,PUT,2026-02-06,ISRG
ISRG260206P00460000,460.0,0.3,0.2,0.95,1.0,3.0,0.40259386474609377,False,PUT,2026-02-06,ISRG
ISRG260206P00462500,462.5,2.07,0.0,4.8,,1.0,0.624027197265625,False,PUT,2026-02-06,ISRG
ISRG260206P00465000,465.0,0.3,0.0,4.8,2.0,6.0,0.5994913098144532,False,PUT,2026-02-06,ISRG
ISRG260206P00470000,470.0,0.79,0.1,1.4,6.0,26.0,0.36389796264648444,False,PUT,2026-02-06,ISRG
ISRG260206P00475000,475.0,1.55,0.1,1.8,4.0,7.0,0.3493717407226562,False,PUT,2026-02-06,ISRG
ISRG260206P00480000,480.0,1.9,0.0,2.2,54.0,24.0,0.3284979260253906,False,PUT,2026-02-06,ISRG
ISRG260206P00485000,485.0,1.66,1.7,3.2,11.0,1.0,0.32910827148437494,False,PUT,2026-02-06,ISRG
ISRG260206P00487500,487.5,3.06,2.2,5.3,47.0,1.0,0.38757936645507807,False,PUT,2026-02-06,ISRG
ISRG260206P00490000,490.0,3.37,3.1,4.5,53.0,106.0,0.32959654785156245,False,PUT,2026-02-06,ISRG
ISRG260206P00492500,492.5,2.47,3.4,5.6,1.0,1.0,0.341376215209961,False,PUT,2026-02-06,ISRG
ISRG260206P00495000,495.0,5.0,4.3,5.9,12.0,99.0,0.3217841259765625,False,PUT,2026-02-06,ISRG
ISRG260206P00497500,497.5,5.9,3.7,6.7,2.0,3.0,0.3170844659423828,False,PUT,2026-02-06,ISRG
ISRG260206P00500000,500.0,6.93,5.5,7.8,56.0,84.0,0.31928170959472646,False,PUT,2026-02-06,ISRG
ISRG260206P00502500,502.5,8.03,6.6,8.8,4.0,4.0,0.3150703259277343,False,PUT,2026-02-06,ISRG
ISRG260206P00505000,505.0,8.6,7.7,10.1,13.0,64.0,0.31726756958007807,True,PUT,2026-02-06,ISRG
ISRG260206P00507500,507.5,6.22,8.9,11.5,3.0,10.0,0.31952584777832027,True,PUT,2026-02-06,ISRG
ISRG260206P00510000,510.0,11.3,9.8,14.3,7.0,24.0,0.3635317553710938,True,PUT,2026-02-06,ISRG
ISRG260206P00515000,515.0,15.5,13.4,17.0,16.0,46.0,0.3511417425537109,True,PUT,2026-02-06,ISRG
ISRG260206P00517500,517.5,7.17,14.6,18.4,1.0,7.0,0.3418644915771484,True,PUT,2026-02-06,ISRG
ISRG260206P00520000,520.0,19.2,17.6,21.3,6.0,26.0,0.38269660278320305,True,PUT,2026-02-06,ISRG
ISRG260206P00522500,522.5,12.42,17.7,23.2,2.0,7.0,0.3869690209960937,True,PUT,2026-02-06,ISRG
ISRG260206P00525000,525.0,23.53,21.0,25.4,8.0,75.0,0.40051869018554687,True,PUT,2026-02-06,ISRG
ISRG260206P00527500,527.5,18.25,21.4,27.8,2.0,24.0,0.4205380212402344,True,PUT,2026-02-06,ISRG
ISRG260206P00530000,530.0,27.5,26.1,29.9,4.0,25.0,0.42774009765625004,True,PUT,2026-02-06,ISRG
ISRG260206P00532500,532.5,11.2,26.1,32.0,1.0,5.0,0.4334773449707031,True,PUT,2026-02-06,ISRG
ISRG260206P00535000,535.0,28.43,28.4,34.2,2.0,33.0,0.44196114685058596,True,PUT,2026-02-06,ISRG
ISRG260206P00540000,540.0,20.5,33.1,39.0,2.0,13.0,0.4738822143554688,True,PUT,2026-02-06,ISRG
ISRG260206P00545000,545.0,21.05,38.0,43.8,13.0,21.0,0.5034229345703125,True,PUT,2026-02-06,ISRG
ISRG260206P00550000,550.0,23.5,43.0,48.8,1.0,4.0,0.5408981457519533,True,PUT,2026-02-06,ISRG
ISRG260206P00552500,552.5,29.6,47.2,51.3,,69.0,0.5593305786132813,True,PUT,2026-02-06,ISRG
ISRG260206P00555000,555.0,24.17,47.9,53.8,1.0,11.0,0.5773968041992188,True,PUT,2026-02-06,ISRG
ISRG260206P00557500,557.5,34.1,50.4,57.2,,1.0,0.6409337664794923,True,PUT,2026-02-06,ISRG
ISRG260206P00560000,560.0,38.5,52.9,58.8,2.0,9.0,0.6127968408203126,True,PUT,2026-02-06,ISRG
ISRG260206P00565000,565.0,44.15,57.9,63.8,5.0,11.0,0.6473423937988281,True,PUT,2026-02-06,ISRG
ISRG260206P00570000,570.0,38.42,62.9,68.7,1.0,3.0,0.6752962158203126,True,PUT,2026-02-06,ISRG
ISRG260206P00575000,575.0,49.2,67.9,74.9,14.0,0.0,0.5432174584960938,True,PUT,2026-02-06,ISRG
ISRG260206P00580000,580.0,57.02,72.9,79.9,1.0,3.0,0.5706830041503907,True,PUT,2026-02-06,ISRG
ISRG260206P00585000,585.0,50.6,77.9,84.9,4.0,0.0,0.5976602734375001,True,PUT,2026-02-06,ISRG
ISRG260206P00590000,590.0,67.1,82.9,90.0,1.0,5.0,0.6291540991210938,True,PUT,2026-02-06,ISRG
ISRG260206P00592500,592.5,64.1,85.4,92.3,,0.0,0.631839619140625,True,PUT,2026-02-06,ISRG
ISRG260206P00595000,595.0,64.3,87.9,95.1,3.0,0.0,0.6604037866210939,True,PUT,2026-02-06,ISRG
ISRG260206P00600000,600.0,71.1,92.9,99.9,4.0,0.0,0.6755403540039064,True,PUT,2026-02-06,ISRG
ISRG260206P00620000,620.0,80.6,112.9,119.0,,0.0,0.7136259106445313,True,PUT,2026-02-06,ISRG
ISRG260206P00640000,640.0,110.2,132.9,139.0,,0.0,0.8012715185546875,True,PUT,2026-02-06,ISRG
ISRG260213C00480000,480.0,47.35,25.3,31.9,1.0,1.0,0.40332627929687503,True,CALL,2026-02-13,ISRG
ISRG260213C00495000,495.0,41.22,13.6,21.4,2.0,3.0,0.38281867187499996,True,CALL,2026-02-13,ISRG
ISRG260213C00500000,500.0,30.0,13.2,18.2,1.0,6.0,0.3728700408935547,True,CALL,2026-02-13,ISRG
ISRG260213C00505000,505.0,11.5,10.2,15.3,1.0,2.0,0.36438623901367195,False,CALL,2026-02-13,ISRG
ISRG260213C00515000,515.0,7.96,6.5,8.1,3.0,4.0,0.29395237304687494,False,CALL,2026-02-13,ISRG
ISRG260213C00520000,520.0,8.37,1.7,6.2,6.0,6.0,0.2877573666381835,False,CALL,2026-02-13,ISRG
ISRG260213C00525000,525.0,4.65,0.65,6.6,3.0,25.0,0.3371037969970704,False,CALL,2026-02-13,ISRG
ISRG260213C00530000,530.0,3.93,0.0,4.8,7.0,55.0,0.32166205688476557,False,CALL,2026-02-13,ISRG
ISRG260213C00535000,535.0,4.3,0.05,6.0,1.0,10.0,0.3911804046630859,False,CALL,2026-02-13,ISRG
ISRG260213C00540000,540.0,3.12,1.5,4.0,2.0,20.0,0.359808648071289,False,CALL,2026-02-13,ISRG
ISRG260213C00545000,545.0,3.14,1.2,3.0,2.0,56.0,0.35217932983398437,False,CALL,2026-02-13,ISRG
ISRG260213C00550000,550.0,1.29,0.15,2.15,377.0,69.0,0.34265794067382804,False,CALL,2026-02-13,ISRG
ISRG260213C00555000,555.0,0.97,0.75,2.9,5.0,14.0,0.40161731201171874,False,CALL,2026-02-13,ISRG
ISRG260213C00560000,560.0,0.9,0.45,1.65,36.0,24.0,0.3656069299316406,False,CALL,2026-02-13,ISRG
ISRG260213C00565000,565.0,0.55,0.0,2.55,3.0,36.0,0.4357356231689453,False,CALL,2026-02-13,ISRG
ISRG260213C00570000,570.0,0.95,0.0,1.2,9.0,30.0,0.3813538427734374,False,CALL,2026-02-13,ISRG
ISRG260213C00575000,575.0,0.7,0.0,3.1,1.0,94.0,0.5096484582519532,False,CALL,2026-02-13,ISRG
ISRG260213C00580000,580.0,0.7,0.0,1.1,1.0,38.0,0.4149228430175781,False,CALL,2026-02-13,ISRG
ISRG260213C00585000,585.0,0.36,0.0,1.7,15.0,36.0,0.4781546325683594,False,CALL,2026-02-13,ISRG
ISRG260213C00590000,590.0,2.51,0.0,4.4,8.0,9.0,0.5301560656738282,False,CALL,2026-02-13,ISRG
ISRG260213C00595000,595.0,0.95,0.0,4.4,2.0,4.0,0.5511519494628907,False,CALL,2026-02-13,ISRG
ISRG260213C00600000,600.0,1.7,0.0,4.3,15.0,14.0,0.5687298986816407,False,CALL,2026-02-13,ISRG
ISRG260213C00605000,605.0,2.56,0.0,4.3,,68.0,0.5891154370117189,False,CALL,2026-02-13,ISRG
ISRG260213C00610000,610.0,2.16,0.0,4.3,1.0,8.0,0.6090126989746094,False,CALL,2026-02-13,ISRG
ISRG260213C00615000,615.0,9.67,0.0,4.3,,2.0,0.6286658227539064,False,CALL,2026-02-13,ISRG
ISRG260213C00620000,620.0,3.8,0.0,4.3,1.0,2.0,0.6479527392578125,False,CALL,2026-02-13,ISRG
ISRG260213C00625000,625.0,0.5,0.0,4.3,2.0,7.0,0.6669955175781253,False,CALL,2026-02-13,ISRG
ISRG260213C00630000,630.0,1.2,0.0,4.3,1.0,3.0,0.6857941577148439,False,CALL,2026-02-13,ISRG
ISRG260213C00640000,640.0,10.58,0.0,4.3,1.0,1.0,0.7224148852539063,False,CALL,2026-02-13,ISRG
ISRG260213P00450000,450.0,1.8,0.0,4.8,,1.0,0.5592085095214845,False,PUT,2026-02-13,ISRG
ISRG260213P00460000,460.0,4.4,0.0,4.3,,1.0,0.46716841430664063,False,PUT,2026-02-13,ISRG
ISRG260213P00465000,465.0,1.88,1.15,4.8,617.0,18.0,0.4495904650878906,False,PUT,2026-02-13,ISRG
ISRG260213P00470000,470.0,1.0,0.7,5.9,10.0,21.0,0.44946839599609373,False,PUT,2026-02-13,ISRG
ISRG260213P00475000,475.0,3.05,0.75,6.5,1.0,14.0,0.42877768493652346,False,PUT,2026-02-13,ISRG
ISRG260213P00480000,480.0,1.4,0.9,7.3,6.0,10.0,0.41119973571777346,False,PUT,2026-02-13,ISRG
ISRG260213P00485000,485.0,4.09,3.7,6.5,13.0,27.0,0.3458317370605468,False,PUT,2026-02-13,ISRG
ISRG260213P00490000,490.0,2.5,4.7,6.4,2.0,8.0,0.29968962036132807,False,PUT,2026-02-13,ISRG
ISRG260213P00495000,495.0,7.6,6.6,11.4,3.0,6.0,0.37964487548828124,False,PUT,2026-02-13,ISRG
ISRG260213P00500000,500.0,9.2,8.5,13.7,18.0,66.0,0.3817810845947265,False,PUT,2026-02-13,ISRG
ISRG260213P00505000,505.0,12.33,10.8,15.9,10.0,8.0,0.37555556091308595,True,PUT,2026-02-13,ISRG
ISRG260213P00510000,510.0,13.5,13.7,18.3,2.0,8.0,0.3682314154052735,True,PUT,2026-02-13,ISRG
ISRG260213P00515000,515.0,17.49,13.9,21.3,1.0,22.0,0.3691774508666992,True,PUT,2026-02-13,ISRG
ISRG260213P00520000,520.0,20.85,18.9,24.2,3.0,31.0,0.3616396844482421,True,PUT,2026-02-13,ISRG
ISRG260213P00525000,525.0,13.83,22.5,27.9,2.0,29.0,0.3685060708618164,True,PUT,2026-02-13,ISRG
ISRG260213P00530000,530.0,25.8,25.1,31.1,1.0,7.0,0.3560245062255859,True,PUT,2026-02-13,ISRG
ISRG260213P00535000,535.0,17.31,29.3,35.8,1.0,8.0,0.3814148773193359,True,PUT,2026-02-13,ISRG
ISRG260213P00540000,540.0,22.2,35.0,40.0,1.0,5.0,0.38873902282714845,True,PUT,2026-02-13,ISRG
ISRG260213P00545000,545.0,16.6,38.6,44.6,3.0,5.0,0.40582869567871094,True,PUT,2026-02-13,ISRG
ISRG260213P00550000,550.0,25.01,43.3,49.9,1.0,12.0,0.4454401159667969,True,PUT,2026-02-13,ISRG
ISRG260213P00555000,555.0,31.46,48.1,53.9,1.0,10.0,0.43695631408691404,True,PUT,2026-02-13,ISRG
ISRG260213P00560000,560.0,38.99,53.8,58.9,2.0,48.0,0.46362841064453125,True,PUT,2026-02-13,ISRG
ISRG260213P00565000,565.0,27.04,58.0,63.8,,1.0,0.48553981262207035,True,PUT,2026-02-13,ISRG
ISRG260213P00570000,570.0,26.1,63.0,68.8,,12.0,0.5108081146240235,True,PUT,2026-02-13,ISRG
ISRG260213P00575000,575.0,43.4,67.9,73.8,2.0,11.0,0.5355271057128907,True,PUT,2026-02-13,ISRG
ISRG260213P00580000,580.0,57.5,72.9,78.8,1.0,0.0,0.5596967858886719,True,PUT,2026-02-13,ISRG
ISRG260213P00585000,585.0,35.37,77.9,84.4,,0.0,0.6098671826171876,True,PUT,2026-02-13,ISRG
ISRG260213P00590000,590.0,65.53,82.9,88.8,1.0,1.0,0.6065102825927735,True,PUT,2026-02-13,ISRG
ISRG260213P00620000,620.0,91.0,112.9,119.8,1.0,1.0,0.576054044189453,True,PUT,2026-02-13,ISRG
ISRG260220C00355000,355.0,109.2,197.7,203.2,,6.0,2.6180454470825194,True,CALL,2026-02-20,ISRG
ISRG260220C00360000,360.0,234.88,142.7,148.5,8.0,7.0,0.6928741650390625,True,CALL,2026-02-20,ISRG
ISRG260220C00365000,365.0,100.0,188.0,194.6,3.0,11.0,2.523197051391601,True,CALL,2026-02-20,ISRG
ISRG260220C00370000,370.0,91.4,183.3,188.8,1.0,5.0,2.457767527465821,True,CALL,2026-02-20,ISRG
ISRG260220C00375000,375.0,207.07,126.5,133.6,2.0,3.0,0.50586431640625,True,CALL,2026-02-20,ISRG
ISRG260220C00380000,380.0,146.93,122.8,128.6,1.0,2.0,0.6098671826171876,True,CALL,2026-02-20,ISRG
ISRG260220C00385000,385.0,82.1,197.6,203.8,3.0,6.0,3.058718173522949,True,CALL,2026-02-20,ISRG
ISRG260220C00390000,390.0,185.85,190.0,196.4,1.0,11.0,2.928591545715332,True,CALL,2026-02-20,ISRG
ISRG260220C00395000,395.0,66.5,159.5,164.9,1.0,11.0,2.2042891572570795,True,CALL,2026-02-20,ISRG
ISRG260220C00400000,400.0,131.52,102.5,108.8,1.0,12.0,0.5095263891601562,True,CALL,2026-02-20,ISRG
ISRG260220C00405000,405.0,65.6,148.9,155.6,3.0,14.0,2.0953416757202143,True,CALL,2026-02-20,ISRG
ISRG260220C00410000,410.0,170.92,92.0,98.9,2.0,18.0,0.673098972167969,True,CALL,2026-02-20,ISRG
ISRG260220C00415000,415.0,69.26,168.8,174.4,1.0,1.0,2.6947969641876224,True,CALL,2026-02-20,ISRG
ISRG260220C00420000,420.0,115.1,82.2,89.0,5.0,5.0,0.6186561572265626,True,CALL,2026-02-20,ISRG
ISRG260220C00425000,425.0,126.2,159.5,166.0,10.0,32.0,2.5979038958740235,True,CALL,2026-02-20,ISRG
ISRG260220C00430000,430.0,97.4,72.7,79.0,1.0,35.0,0.5600019586181642,True,CALL,2026-02-20,ISRG
ISRG260220C00435000,435.0,90.98,67.9,73.5,3.0,19.0,0.5102588037109376,True,CALL,2026-02-20,ISRG
ISRG260220C00440000,440.0,136.62,63.4,69.5,1.0,18.0,0.520390538330078,True,CALL,2026-02-20,ISRG
ISRG260220C00445000,445.0,83.1,57.5,64.9,2.0,14.0,0.5045215563964844,True,CALL,2026-02-20,ISRG
ISRG260220C00450000,450.0,82.54,54.0,59.9,2.0,44.0,0.47412635253906255,True,CALL,2026-02-20,ISRG
ISRG260220C00455000,455.0,100.55,120.0,126.6,1.0,4.0,2.027440234146118,True,CALL,2026-02-20,ISRG
ISRG260220C00460000,460.0,68.3,44.7,48.2,5.0,64.0,0.35657381713867187,True,CALL,2026-02-20,ISRG
ISRG260220C00465000,465.0,65.76,39.9,44.3,2.0,4.0,0.3635927899169922,True,CALL,2026-02-20,ISRG
ISRG260220C00470000,470.0,61.3,36.2,41.7,2.0,25.0,0.3998473101806641,True,CALL,2026-02-20,ISRG
ISRG260220C00475000,475.0,93.67,30.7,35.0,1.0,14.0,0.32141791870117187,True,CALL,2026-02-20,ISRG
ISRG260220C00480000,480.0,118.9,27.9,32.7,3.0,19.0,0.35559726440429684,True,CALL,2026-02-20,ISRG
ISRG260220C00485000,485.0,68.09,24.0,27.3,1.0,8.0,0.3100654931640625,True,CALL,2026-02-20,ISRG
ISRG260220C00490000,490.0,22.7,21.3,24.2,3.0,50.0,0.3143073941040039,True,CALL,2026-02-20,ISRG
ISRG260220C00495000,495.0,22.5,17.0,20.1,2.0,10.0,0.29242650939941395,True,CALL,2026-02-20,ISRG
ISRG260220C00500000,500.0,17.0,15.6,17.4,12.0,64.0,0.29492892578124996,True,CALL,2026-02-20,ISRG
ISRG260220C00505000,505.0,16.32,12.7,14.6,2.0,65.0,0.29004616210937495,False,CALL,2026-02-20,ISRG
ISRG260220C00510000,510.0,11.9,10.5,12.0,16.0,34.0,0.2837901211547851,False,CALL,2026-02-20,ISRG
ISRG260220C00515000,515.0,10.6,8.4,10.0,3.0,87.0,0.28409529388427723,False,CALL,2026-02-20,ISRG
ISRG260220C00517500,517.5,10.15,7.6,9.4,1.0,5.0,0.29053443847656246,False,CALL,2026-02-20,ISRG
ISRG260220C00520000,520.0,7.58,6.5,8.2,21.0,49.0,0.2831797756958008,False,CALL,2026-02-20,ISRG
ISRG260220C00522500,522.5,14.78,6.0,7.9,2.0,34.0,0.29373875213623035,False,CALL,2026-02-20,ISRG
ISRG260220C00525000,525.0,6.05,5.4,6.7,11.0,285.0,0.2834239138793945,False,CALL,2026-02-20,ISRG
ISRG260220C00527500,527.5,5.71,4.6,7.0,2.0,32.0,0.30585410949707037,False,CALL,2026-02-20,ISRG
ISRG260220C00530000,530.0,5.0,4.2,5.6,15.0,171.0,0.287970987548828,False,CALL,2026-02-20,ISRG
ISRG260220C00532500,532.5,9.7,3.6,5.8,3.0,67.0,0.3071968695068359,False,CALL,2026-02-20,ISRG
ISRG260220C00535000,535.0,3.95,3.3,4.6,3.0,374.0,0.2905954730224609,False,CALL,2026-02-20,ISRG
ISRG260220C00537500,537.5,7.9,2.8,4.3,2.0,6.0,0.29572237487792963,False,CALL,2026-02-20,ISRG
ISRG260220C00540000,540.0,3.1,2.55,3.6,10.0,259.0,0.28852029846191396,False,CALL,2026-02-20,ISRG
ISRG260220C00542500,542.5,2.99,2.2,4.1,3.0,6.0,0.3154365332031249,False,CALL,2026-02-20,ISRG
ISRG260220C00545000,545.0,3.21,2.0,3.3,3.0,142.0,0.30335169311523436,False,CALL,2026-02-20,ISRG
ISRG260220C00547500,547.5,2.48,1.75,3.0,676.0,1002.0,0.3051827294921875,False,CALL,2026-02-20,ISRG
ISRG260220C00550000,550.0,1.79,1.6,2.25,39.0,219.0,0.28967995483398434,False,CALL,2026-02-20,ISRG
ISRG260220C00552500,552.5,7.1,1.35,4.6,2.0,4.0,0.37842418457031246,False,CALL,2026-02-20,ISRG
ISRG260220C00555000,555.0,1.6,1.15,1.95,4.0,161.0,0.29846892944335934,False,CALL,2026-02-20,ISRG
ISRG260220C00557500,557.5,4.78,1.0,3.5,1.0,5.0,0.3665834826660156,False,CALL,2026-02-20,ISRG
ISRG260220C00560000,560.0,1.2,0.35,1.6,6.0,239.0,0.3025582440185547,False,CALL,2026-02-20,ISRG
ISRG260220C00562500,562.5,4.54,0.7,1.55,2.0,1.0,0.30963825134277345,False,CALL,2026-02-20,ISRG
ISRG260220C00565000,565.0,1.15,0.65,1.35,11.0,337.0,0.3086006640625,False,CALL,2026-02-20,ISRG
ISRG260220C00570000,570.0,0.8,0.55,1.2,14.0,950.0,0.3181220532226562,False,CALL,2026-02-20,ISRG
ISRG260220C00575000,575.0,0.6,0.05,1.15,32.0,225.0,0.3324041369628906,False,CALL,2026-02-20,ISRG
ISRG260220C00580000,580.0,0.82,0.2,1.5,2.0,279.0,0.37036762451171873,False,CALL,2026-02-20,ISRG
ISRG260220C00585000,585.0,0.73,0.05,1.5,1.0,55.0,0.38757936645507807,False,CALL,2026-02-20,ISRG
ISRG260220C00590000,590.0,0.65,0.1,0.6,11.0,280.0,0.33777517700195314,False,CALL,2026-02-20,ISRG
ISRG260220C00595000,595.0,1.1,0.0,1.5,6.0,39.0,0.4211483666992188,False,CALL,2026-02-20,ISRG
ISRG260220C00600000,600.0,0.18,0.1,0.5,1.0,351.0,0.35596347167968745,False,CALL,2026-02-20,ISRG
ISRG260220C00605000,605.0,0.5,0.0,1.4,1.0,70.0,0.44714908325195313,False,CALL,2026-02-20,ISRG
ISRG260220C00610000,610.0,0.15,0.15,0.5,4.0,144.0,0.383795224609375,False,CALL,2026-02-20,ISRG
ISRG260220C00615000,615.0,0.99,0.0,1.3,1.0,280.0,0.47119669433593747,False,CALL,2026-02-20,ISRG
ISRG260220C00620000,620.0,0.17,0.0,0.4,9.0,208.0,0.3969786865234375,False,CALL,2026-02-20,ISRG
ISRG260220C00625000,625.0,0.1,0.0,0.4,1.0,20.0,0.4096738720703125,False,CALL,2026-02-20,ISRG
ISRG260220C00630000,630.0,0.6,0.0,0.4,2.0,85.0,0.42236905761718746,False,CALL,2026-02-20,ISRG
ISRG260220C00635000,635.0,0.9,0.0,1.25,4.0,21.0,0.5261277856445312,False,CALL,2026-02-20,ISRG
ISRG260220C00640000,640.0,0.78,0.0,1.15,1.0,81.0,0.5319871020507813,False,CALL,2026-02-20,ISRG
ISRG260220C00645000,645.0,1.35,0.0,1.2,1.0,37.0,0.5501753967285157,False,CALL,2026-02-20,ISRG
ISRG260220C00650000,650.0,0.15,0.0,0.3,42.0,385.0,0.45313046875,False,CALL,2026-02-20,ISRG
ISRG260220C00655000,655.0,0.69,0.0,1.4,2.0,37.0,0.5266160620117188,False,CALL,2026-02-20,ISRG
ISRG260220P00355000,355.0,0.05,0.0,0.4,5.0,72.0,0.596683720703125,False,PUT,2026-02-20,ISRG
ISRG260220P00360000,360.0,0.15,0.0,0.85,2.0,5.0,0.637698935546875,False,PUT,2026-02-20,ISRG
ISRG260220P00365000,365.0,0.1,0.0,1.05,1.0,5.0,0.6347692773437501,False,PUT,2026-02-20,ISRG
ISRG260220P00370000,370.0,1.87,0.0,0.0,1.0,13.0,0.2500075,False,PUT,2026-02-20,ISRG
ISRG260220P00375000,375.0,0.2,0.0,0.6,1.0,36.0,0.5419967675781252,False,PUT,2026-02-20,ISRG
ISRG260220P00380000,380.0,0.88,0.0,1.05,3.0,4.0,0.5654340332031251,False,PUT,2026-02-20,ISRG
ISRG260220P00385000,385.0,0.54,0.0,1.1,1.0,48.0,0.5468795312500001,False,PUT,2026-02-20,ISRG
ISRG260220P00390000,390.0,0.6,0.0,1.1,1.0,8.0,0.524418818359375,False,PUT,2026-02-20,ISRG
ISRG260220P00395000,395.0,2.5,0.0,0.0,1.0,25.0,0.2500075,False,PUT,2026-02-20,ISRG
ISRG260220P00400000,400.0,0.15,0.0,1.15,1.0,149.0,0.5481002221679689,False,PUT,2026-02-20,ISRG
ISRG260220P00405000,405.0,0.64,0.0,1.15,1.0,6.0,0.5238084729003907,False,PUT,2026-02-20,ISRG
ISRG260220P00410000,410.0,1.19,0.0,1.2,2.0,83.0,0.5040332800292968,False,PUT,2026-02-20,ISRG
ISRG260220P00415000,415.0,1.5,0.0,1.2,10.0,36.0,0.47998566894531247,False,PUT,2026-02-20,ISRG
ISRG260220P00420000,420.0,1.85,0.0,1.25,4.0,31.0,0.4598442687988281,False,PUT,2026-02-20,ISRG
ISRG260220P00425000,425.0,0.27,0.0,1.0,1.0,48.0,0.41602146484374997,False,PUT,2026-02-20,ISRG
ISRG260220P00430000,430.0,0.6,0.0,1.3,1.0,15.0,0.4154111193847656,False,PUT,2026-02-20,ISRG
ISRG260220P00435000,435.0,0.85,0.05,1.35,10.0,175.0,0.3947814428710938,False,PUT,2026-02-20,ISRG
ISRG260220P00440000,440.0,0.43,0.25,1.2,2.0,13.0,0.36096830444335937,False,PUT,2026-02-20,ISRG
ISRG260220P00445000,445.0,0.78,0.2,1.5,3.0,43.0,0.35547519531249994,False,PUT,2026-02-20,ISRG
ISRG260220P00450000,450.0,0.98,0.85,1.7,9.0,71.0,0.3415593188476562,False,PUT,2026-02-20,ISRG
ISRG260220P00455000,455.0,1.28,0.15,2.0,2.0,2017.0,0.3306951696777344,False,PUT,2026-02-20,ISRG
ISRG260220P00460000,460.0,0.98,1.15,2.4,1.0,49.0,0.3216010223388671,False,PUT,2026-02-20,ISRG
ISRG260220P00465000,465.0,2.55,2.15,2.9,8.0,1552.0,0.3131172204589844,False,PUT,2026-02-20,ISRG
ISRG260220P00470000,470.0,3.0,2.65,3.5,3.0,2554.0,0.30463341857910153,False,PUT,2026-02-20,ISRG
ISRG260220P00475000,475.0,3.93,3.4,4.5,77.0,77.0,0.30408410766601557,False,PUT,2026-02-20,ISRG
ISRG260220P00480000,480.0,4.9,4.4,5.2,13.0,152.0,0.29077857666015616,False,PUT,2026-02-20,ISRG
ISRG260220P00485000,485.0,6.1,5.6,6.6,2.0,85.0,0.2908090939331054,False,PUT,2026-02-20,ISRG
ISRG260220P00490000,490.0,7.56,6.9,8.9,71.0,112.0,0.3050606604003906,False,PUT,2026-02-20,ISRG
ISRG260220P00495000,495.0,9.5,8.6,9.9,14.0,188.0,0.28565167480468745,False,PUT,2026-02-20,ISRG
ISRG260220P00500000,500.0,12.08,10.6,12.1,43.0,824.0,0.2863840893554687,False,PUT,2026-02-20,ISRG
ISRG260220P00505000,505.0,13.8,12.7,14.6,12.0,367.0,0.28754374572753894,True,PUT,2026-02-20,ISRG
ISRG260220P00510000,510.0,16.0,15.1,16.1,119.0,427.0,0.2633740655517578,True,PUT,2026-02-20,ISRG
ISRG260220P00515000,515.0,12.5,18.2,20.4,1.0,456.0,0.2896494375610351,True,PUT,2026-02-20,ISRG
ISRG260220P00517500,517.5,9.4,19.5,22.7,1.0,8.0,0.30441979766845706,True,PUT,2026-02-20,ISRG
ISRG260220P00520000,520.0,20.59,21.1,23.6,14.0,377.0,0.28897805755615225,True,PUT,2026-02-20,ISRG
ISRG260220P00522500,522.5,12.0,20.8,26.5,2.0,38.0,0.3147041186523437,True,PUT,2026-02-20,ISRG
ISRG260220P00525000,525.0,24.25,25.5,27.4,22.0,122.0,0.2962716857910156,True,PUT,2026-02-20,ISRG
ISRG260220P00527500,527.5,15.9,26.1,29.8,1.0,10.0,0.30976032043457036,True,PUT,2026-02-20,ISRG
ISRG260220P00530000,530.0,30.8,29.4,32.1,4.0,142.0,0.32047188323974607,True,PUT,2026-02-20,ISRG
ISRG260220P00532500,532.5,32.05,30.3,34.7,1.0,34.0,0.3377141424560547,True,PUT,2026-02-20,ISRG
ISRG260220P00535000,535.0,33.65,31.3,36.0,2.0,651.0,0.323126885986328,True,PUT,2026-02-20,ISRG
ISRG260220P00537500,537.5,29.6,32.6,39.1,,1.0,0.35193519165039056,True,PUT,2026-02-20,ISRG
ISRG260220P00540000,540.0,34.97,34.4,41.0,9.0,209.0,0.35050087982177724,True,PUT,2026-02-20,ISRG
ISRG260220P00545000,545.0,41.82,39.4,45.7,4.0,791.0,0.36890279541015625,True,PUT,2026-02-20,ISRG
ISRG260220P00550000,550.0,47.15,44.8,49.5,2.0,191.0,0.35986968261718744,True,PUT,2026-02-20,ISRG
ISRG260220P00555000,555.0,30.09,49.2,54.8,2.0,98.0,0.3924010955810546,True,PUT,2026-02-20,ISRG
ISRG260220P00560000,560.0,57.0,53.8,59.2,1.0,124.0,0.3966124792480469,True,PUT,2026-02-20,ISRG
ISRG260220P00565000,565.0,44.26,58.1,63.9,1.0,68.0,0.40845318115234375,True,PUT,2026-02-20,ISRG
ISRG260220P00570000,570.0,44.1,64.6,69.0,5.0,105.0,0.4331111376953125,True,PUT,2026-02-20,ISRG
ISRG260220P00575000,575.0,52.06,68.5,73.4,1.0,270.0,0.4317683776855469,True,PUT,2026-02-20,ISRG
ISRG260220P00580000,580.0,68.1,73.4,78.8,3.0,48.0,0.46680220703125,True,PUT,2026-02-20,ISRG
ISRG260220P00585000,585.0,63.41,77.9,83.7,1.0,12.0,0.4827322235107422,True,PUT,2026-02-20,ISRG
ISRG260220P00590000,590.0,58.8,82.9,88.8,1.0,4.0,0.5059253509521484,True,PUT,2026-02-20,ISRG
ISRG260220P00595000,595.0,76.21,87.9,93.8,1.0,4.0,0.5249070947265625,True,PUT,2026-02-20,ISRG
ISRG260220P00600000,600.0,74.0,92.9,98.8,5.0,0.0,0.5435226312255861,True,PUT,2026-02-20,ISRG
ISRG260220P00605000,605.0,56.98,97.9,105.1,1.0,1.0,0.6119423571777345,True,PUT,2026-02-20,ISRG
ISRG260220P00610000,610.0,34.1,102.9,110.1,4.0,0.0,0.6307409973144531,True,PUT,2026-02-20,ISRG
ISRG260220P00615000,615.0,36.6,107.9,115.1,3.0,0.0,0.6492954992675781,True,PUT,2026-02-20,ISRG
ISRG260220P00620000,620.0,43.0,112.9,120.1,3.0,0.0,0.6674837939453127,True,PUT,2026-02-20,ISRG
ISRG260220P00625000,625.0,55.3,117.9,123.8,2.0,0.0,0.6320227227783204,True,PUT,2026-02-20,ISRG
ISRG260220P00630000,630.0,58.85,122.9,128.6,2.0,0.0,0.6398351446533204,True,PUT,2026-02-20,ISRG
ISRG260220P00640000,640.0,78.9,63.6,70.0,2.0,3.0,1.0000000000000003e-05,True,PUT,2026-02-20,ISRG
ISRG260220P00650000,650.0,90.8,142.9,148.8,1.0,0.0,0.5168505346679688,True,PUT,2026-02-20,ISRG
ISRG260227C00490000,490.0,25.05,23.3,26.8,1.0,2.0,0.3238287832641601,True,CALL,2026-02-27,ISRG
ISRG260227C00495000,495.0,38.82,19.0,22.3,2.0,4.0,0.2957834094238281,True,CALL,2026-02-27,ISRG
ISRG260227C00500000,500.0,26.57,18.0,19.4,1.0,2.0,0.2933420275878905,True,CALL,2026-02-27,ISRG
ISRG260227C00510000,510.0,31.0,13.3,18.4,1.0,1.0,0.35962554443359374,False,CALL,2026-02-27,ISRG
ISRG260227C00515000,515.0,23.8,11.0,12.2,1.0,2.0,0.28778788391113275,False,CALL,2026-02-27,ISRG
ISRG260227C00520000,520.0,18.75,8.8,13.8,11.0,22.0,0.34961587890624996,False,CALL,2026-02-27,ISRG
ISRG260227C00525000,525.0,7.94,7.3,8.6,5.0,12.0,0.2849802947998046,False,CALL,2026-02-27,ISRG
ISRG260227C00530000,530.0,6.85,6.0,9.9,5.0,18.0,0.3382024188232422,False,CALL,2026-02-27,ISRG
ISRG260227C00535000,535.0,4.74,4.9,9.5,2.0,4.0,0.35764192169189457,False,CALL,2026-02-27,ISRG
ISRG260227C00540000,540.0,5.3,3.9,6.5,4.0,9.0,0.3207770559692382,False,CALL,2026-02-27,ISRG
ISRG260227C00545000,545.0,11.37,1.55,4.7,1.0,4.0,0.3020089331054688,False,CALL,2026-02-27,ISRG
ISRG260227C00550000,550.0,3.3,2.2,4.6,3.0,13.0,0.32092964233398436,False,CALL,2026-02-27,ISRG
ISRG260227C00555000,555.0,4.12,1.65,5.7,3.0,12.0,0.3696657272338867,False,CALL,2026-02-27,ISRG
ISRG260227C00560000,560.0,5.15,1.4,5.6,4.0,12.0,0.38803712554931635,False,CALL,2026-02-27,ISRG
ISRG260227C00565000,565.0,3.62,0.0,2.35,2.0,26.0,0.3111030804443359,False,CALL,2026-02-27,ISRG
ISRG260227C00570000,570.0,7.92,0.0,3.7,2.0,5.0,0.37390762817382805,False,CALL,2026-02-27,ISRG
ISRG260227C00575000,575.0,3.09,0.0,4.2,4.0,12.0,0.4074155938720704,False,CALL,2026-02-27,ISRG
ISRG260227C00580000,580.0,2.78,0.0,4.8,1.0,6.0,0.44351752777099607,False,CALL,2026-02-27,ISRG
ISRG260227C00585000,585.0,2.75,0.0,4.9,1.0,6.0,0.4645439288330079,False,CALL,2026-02-27,ISRG
ISRG260227C00590000,590.0,1.4,0.0,4.8,1.0,15.0,0.4791922198486328,False,CALL,2026-02-27,ISRG
ISRG260227C00595000,595.0,1.04,0.0,2.3,1.0,4.0,0.4068662829589844,False,CALL,2026-02-27,ISRG
ISRG260227C00600000,600.0,0.42,0.1,2.4,5.0,5.0,0.4264583721923829,False,CALL,2026-02-27,ISRG
ISRG260227C00605000,605.0,3.67,0.0,2.65,1.0,2.0,0.4522149505615235,False,CALL,2026-02-27,ISRG
ISRG260227C00620000,620.0,2.41,0.0,3.8,5.0,6.0,0.5431564239501954,False,CALL,2026-02-27,ISRG
ISRG260227C00630000,630.0,1.9,0.0,1.6,,1.0,0.47046427978515626,False,CALL,2026-02-27,ISRG
ISRG260227C00635000,635.0,8.2,0.0,4.3,,1.0,0.5142870837402342,False,CALL,2026-02-27,ISRG
ISRG260227C00650000,650.0,9.95,0.0,4.3,,2.0,0.5537154003906251,False,CALL,2026-02-27,ISRG
ISRG260227P00425000,425.0,0.79,0.0,4.5,,1.0,0.5296067547607424,False,PUT,2026-02-27,ISRG
ISRG260227P00435000,435.0,1.2,0.0,4.9,,1.0,0.4908498181152344,False,PUT,2026-02-27,ISRG
ISRG260227P00445000,445.0,1.59,0.0,3.2,,10.0,0.3819031536865234,False,PUT,2026-02-27,ISRG
ISRG260227P00450000,450.0,1.49,0.0,3.1,7.0,7.0,0.35394933166503895,False,PUT,2026-02-27,ISRG
ISRG260227P00460000,460.0,1.27,2.25,4.6,7.0,16.0,0.34967691345214835,False,PUT,2026-02-27,ISRG
ISRG260227P00465000,465.0,1.45,2.55,5.5,2.0,4.0,0.3465031170654296,False,PUT,2026-02-27,ISRG
ISRG260227P00470000,470.0,2.16,3.5,4.6,6.0,8.0,0.29608858215332035,False,PUT,2026-02-27,ISRG
ISRG260227P00475000,475.0,2.61,4.9,9.6,3.0,1408.0,0.38013315185546875,False,PUT,2026-02-27,ISRG
ISRG260227P00480000,480.0,3.25,5.6,6.7,1.0,18.0,0.28754374572753894,False,PUT,2026-02-27,ISRG
ISRG260227P00485000,485.0,6.63,7.3,11.9,7.0,15.0,0.358954164428711,False,PUT,2026-02-27,ISRG
ISRG260227P00490000,490.0,8.23,8.9,13.3,1.0,7.0,0.34918863708496095,False,PUT,2026-02-27,ISRG
ISRG260227P00495000,495.0,10.41,10.3,15.0,2.0,8.0,0.3418950088500976,False,PUT,2026-02-27,ISRG
ISRG260227P00500000,500.0,12.67,12.3,14.3,28.0,12.0,0.2893747821044921,False,PUT,2026-02-27,ISRG
ISRG260227P00505000,505.0,9.99,14.8,19.3,4.0,18.0,0.3332281033325196,True,PUT,2026-02-27,ISRG
ISRG260227P00510000,510.0,17.67,17.1,22.4,3.0,15.0,0.3401250070190429,True,PUT,2026-02-27,ISRG
ISRG260227P00515000,515.0,12.3,20.3,22.5,3.0,7.0,0.29087012847900384,True,PUT,2026-02-27,ISRG
ISRG260227P00520000,520.0,23.77,22.8,26.0,2.0,9.0,0.2970041003417968,True,PUT,2026-02-27,ISRG
ISRG260227P00525000,525.0,28.19,25.9,31.8,25.0,27.0,0.3424748370361328,True,PUT,2026-02-27,ISRG
ISRG260227P00530000,530.0,15.41,30.0,32.6,1.0,7.0,0.2907175421142577,True,PUT,2026-02-27,ISRG
ISRG260227P00535000,535.0,19.69,31.0,36.8,2.0,3.0,0.3000863449096679,True,PUT,2026-02-27,ISRG
ISRG260227P00540000,540.0,26.37,35.4,41.3,4.0,41.0,0.3136054968261719,True,PUT,2026-02-27,ISRG
ISRG260227P00545000,545.0,29.45,41.1,46.1,3.0,4.0,0.33231258514404294,True,PUT,2026-02-27,ISRG
ISRG260227P00550000,550.0,29.6,44.1,49.9,1.0,2.0,0.3253851641845703,True,PUT,2026-02-27,ISRG
ISRG260227P00555000,555.0,31.79,48.2,55.0,2.0,16.0,0.34882242980957034,True,PUT,2026-02-27,ISRG
ISRG260227P00560000,560.0,37.45,53.4,59.2,1.0,4.0,0.34729656616210935,True,PUT,2026-02-27,ISRG
ISRG260227P00565000,565.0,53.31,58.2,64.1,1.0,1.0,0.3635927899169922,True,PUT,2026-02-27,ISRG
ISRG260227P00570000,570.0,46.38,63.0,68.9,,2.0,0.37622694091796877,True,PUT,2026-02-27,ISRG
ISRG260227P00645000,645.0,82.2,137.0,145.9,,0.0,0.6881134704589844,True,PUT,2026-02-27,ISRG
ISRG260306C00445000,445.0,84.9,60.6,66.6,2.0,,0.4420221813964844,True,CALL,2026-03-06,ISRG
ISRG260306C00530000,530.0,15.9,7.0,10.0,2.0,5.0,0.3062508340454102,False,CALL,2026-03-06,ISRG
ISRG260306C00535000,535.0,17.0,5.8,10.4,2.0,1.0,0.33792776336669916,False,CALL,2026-03-06,ISRG
ISRG260306C00550000,550.0,11.96,3.2,5.3,3.0,1.0,0.30475548767089844,False,CALL,2026-03-06,ISRG
ISRG260306C00555000,555.0,2.9,2.65,4.3,1.0,7.0,0.3004220349121094,False,CALL,2026-03-06,ISRG
ISRG260306C00560000,560.0,2.8,1.9,3.9,1.0,2.0,0.30823445678710937,False,CALL,2026-03-06,ISRG
ISRG260306C00570000,570.0,3.23,0.5,4.4,1.0,2.0,0.3555362298583984,False,CALL,2026-03-06,ISRG
ISRG260306C00575000,575.0,4.59,0.35,3.8,10.0,13.0,0.3557803680419921,False,CALL,2026-03-06,ISRG
ISRG260306C00590000,590.0,2.89,0.0,5.2,7.0,7.0,0.44232735412597657,False,CALL,2026-03-06,ISRG
ISRG260306C00595000,595.0,1.92,0.0,5.1,1.0,10.0,0.45538874694824216,False,CALL,2026-03-06,ISRG
ISRG260306P00450000,450.0,2.3,2.1,3.1,3.0,5.0,0.31873239868164055,False,PUT,2026-03-06,ISRG
ISRG260306P00460000,460.0,3.0,2.9,4.5,2.0,2.0,0.3123237713623046,False,PUT,2026-03-06,ISRG
ISRG260306P00465000,465.0,2.56,3.2,5.9,1.0,3.0,0.3211127459716796,False,PUT,2026-03-06,ISRG
ISRG260306P00475000,475.0,5.9,5.3,7.3,2.0,10.0,0.29798065307617183,False,PUT,2026-03-06,ISRG
ISRG260306P00480000,480.0,4.2,6.9,9.6,10.0,17.0,0.3131477377319336,False,PUT,2026-03-06,ISRG
ISRG260306P00485000,485.0,5.23,8.3,10.2,6.0,11.0,0.2937997866821288,False,PUT,2026-03-06,ISRG
ISRG260306P00490000,490.0,6.88,9.8,11.7,1.0,22.0,0.287818401184082,False,PUT,2026-03-06,ISRG
ISRG260306P00495000,495.0,8.23,11.6,13.8,1.0,12.0,0.2885508157348632,False,PUT,2026-03-06,ISRG
ISRG260306P00500000,500.0,13.0,13.7,16.2,3.0,24.0,0.2905649557495117,False,PUT,2026-03-06,ISRG
ISRG260306P00520000,520.0,16.77,23.9,27.1,6.0,6.0,0.2853465020751953,True,PUT,2026-03-06,ISRG
ISRG260306P00525000,525.0,19.6,27.8,30.6,7.0,7.0,0.28839822937011705,True,PUT,2026-03-06,ISRG
ISRG260306P00530000,530.0,17.0,31.0,34.8,1.0,1.0,0.30063565582275387,True,PUT,2026-03-06,ISRG
ISRG260306P00580000,580.0,54.39,73.0,78.9,1.0,1.0,0.37103900451660154,True,PUT,2026-03-06,ISRG
ISRG260320C00360000,360.0,168.41,143.2,151.5,2.0,10.0,0.5866740551757812,True,CALL,2026-03-20,ISRG
ISRG260320C00370000,370.0,220.02,133.5,141.0,2.0,12.0,0.5424850439453126,True,CALL,2026-03-20,ISRG
ISRG260320C00380000,380.0,86.6,204.5,209.7,1.0,31.0,2.1236924349212645,True,CALL,2026-03-20,ISRG
ISRG260320C00390000,390.0,140.7,113.3,120.5,3.0,12.0,0.5844768115234374,True,CALL,2026-03-20,ISRG
ISRG260320C00400000,400.0,116.0,105.0,110.5,2.0,21.0,0.5414474566650394,True,CALL,2026-03-20,ISRG
ISRG260320C00405000,405.0,125.93,100.0,105.9,,8.0,0.5313157220458984,True,CALL,2026-03-20,ISRG
ISRG260320C00410000,410.0,115.6,94.8,101.0,10.0,34.0,0.5125170819091796,True,CALL,2026-03-20,ISRG
ISRG260320C00415000,415.0,109.37,90.0,96.3,,10.0,0.49884534362792965,True,CALL,2026-03-20,ISRG
ISRG260320C00420000,420.0,113.76,84.8,91.5,6.0,27.0,0.48221342987060545,True,CALL,2026-03-20,ISRG
ISRG260320C00425000,425.0,106.95,81.1,86.8,2.0,3.0,0.46771772521972654,True,CALL,2026-03-20,ISRG
ISRG260320C00430000,430.0,172.1,76.2,82.2,1.0,25.0,0.45502253967285156,True,CALL,2026-03-20,ISRG
ISRG260320C00435000,435.0,94.49,71.6,77.6,3.0,4.0,0.44171700866699215,True,CALL,2026-03-20,ISRG
ISRG260320C00440000,440.0,90.8,67.0,72.7,1.0,84.0,0.4215756085205078,True,CALL,2026-03-20,ISRG
ISRG260320C00450000,450.0,87.3,57.7,62.9,5.0,143.0,0.38080453186035157,True,CALL,2026-03-20,ISRG
ISRG260320C00455000,455.0,77.8,54.2,60.0,2.0,1.0,0.3968871347045898,True,CALL,2026-03-20,ISRG
ISRG260320C00460000,460.0,78.4,49.8,53.1,5.0,144.0,0.3391484542846679,True,CALL,2026-03-20,ISRG
ISRG260320C00470000,470.0,64.24,41.7,47.5,1.0,50.0,0.3648745153808594,True,CALL,2026-03-20,ISRG
ISRG260320C00475000,475.0,65.92,38.1,41.9,,1.0,0.3297491342163086,True,CALL,2026-03-20,ISRG
ISRG260320C00480000,480.0,66.12,35.4,40.3,1.0,83.0,0.35425450439453116,True,CALL,2026-03-20,ISRG
ISRG260320C00485000,485.0,55.95,32.0,34.6,2.0,2.0,0.31629101684570304,True,CALL,2026-03-20,ISRG
ISRG260320C00490000,490.0,30.0,28.8,32.6,1.0,178.0,0.3297796514892578,True,CALL,2026-03-20,ISRG
ISRG260320C00495000,495.0,42.0,27.0,29.4,1.0,5.0,0.32401188690185534,True,CALL,2026-03-20,ISRG
ISRG260320C00500000,500.0,23.9,24.1,28.6,11.0,91.0,0.3484562225341796,True,CALL,2026-03-20,ISRG
ISRG260320C00505000,505.0,22.0,21.3,22.2,14.0,10.0,0.2957834094238281,False,CALL,2026-03-20,ISRG
ISRG260320C00510000,510.0,19.3,18.9,19.6,25.0,116.0,0.29175512939453113,False,CALL,2026-03-20,ISRG
ISRG260320C00515000,515.0,16.9,15.3,17.4,2.0,12.0,0.2906870248413085,False,CALL,2026-03-20,ISRG
ISRG260320C00520000,520.0,14.87,14.7,15.4,25.0,283.0,0.28995461029052727,False,CALL,2026-03-20,ISRG
ISRG260320C00525000,525.0,12.9,12.7,14.4,17.0,51.0,0.3007577249145508,False,CALL,2026-03-20,ISRG
ISRG260320C00530000,530.0,10.99,10.8,11.7,17.0,309.0,0.28556012298583977,False,CALL,2026-03-20,ISRG
ISRG260320C00535000,535.0,9.6,8.8,11.2,11.0,126.0,0.2997201376342773,False,CALL,2026-03-20,ISRG
ISRG260320C00540000,540.0,8.5,8.2,9.3,12.0,246.0,0.29114478393554677,False,CALL,2026-03-20,ISRG
ISRG260320C00545000,545.0,7.3,6.4,8.1,11.0,37.0,0.2909311630249023,False,CALL,2026-03-20,ISRG
ISRG260320C00550000,550.0,6.5,6.2,7.1,16.0,442.0,0.29196875030517566,False,CALL,2026-03-20,ISRG
ISRG260320C00555000,555.0,6.0,4.6,6.3,2.0,163.0,0.2946847875976562,False,CALL,2026-03-20,ISRG
ISRG260320C00560000,560.0,4.5,3.9,6.3,15.0,511.0,0.31098101135253897,False,CALL,2026-03-20,ISRG
ISRG260320C00565000,565.0,5.0,3.3,7.1,3.0,13.0,0.34195604339599606,False,CALL,2026-03-20,ISRG
ISRG260320C00570000,570.0,3.37,3.1,5.5,48.0,361.0,0.3263006823730469,False,CALL,2026-03-20,ISRG
ISRG260320C00575000,575.0,6.2,2.4,3.4,2.0,47.0,0.29315892395019527,False,CALL,2026-03-20,ISRG
ISRG260320C00580000,580.0,2.2,2.05,3.0,38.0,271.0,0.2959359957885742,False,CALL,2026-03-20,ISRG
ISRG260320C00585000,585.0,4.67,1.75,6.2,1.0,59.0,0.38458867370605465,False,CALL,2026-03-20,ISRG
ISRG260320C00590000,590.0,2.21,1.5,4.0,4.0,33.0,0.348090015258789,False,CALL,2026-03-20,ISRG
ISRG260320C00595000,595.0,3.4,1.1,1.8,1.0,11.0,0.29456271850585936,False,CALL,2026-03-20,ISRG
ISRG260320C00600000,600.0,1.35,1.15,1.65,66.0,884.0,0.2999337585449219,False,CALL,2026-03-20,ISRG
ISRG260320C00605000,605.0,2.45,0.95,1.55,130.0,154.0,0.30676962768554683,False,CALL,2026-03-20,ISRG
ISRG260320C00610000,610.0,3.0,0.7,5.2,1.0,28.0,0.42914389221191407,False,CALL,2026-03-20,ISRG
ISRG260320C00615000,615.0,4.2,0.55,2.75,2.0,35.0,0.3729921099853516,False,CALL,2026-03-20,ISRG
ISRG260320C00620000,620.0,0.9,0.55,1.05,10.0,715.0,0.3133613586425781,False,CALL,2026-03-20,ISRG
ISRG260320C00625000,625.0,1.0,0.55,2.1,2.0,26.0,0.37164934997558596,False,CALL,2026-03-20,ISRG
ISRG260320C00630000,630.0,1.37,0.2,1.6,15.0,82.0,0.36084623535156246,False,CALL,2026-03-20,ISRG
ISRG260320C00635000,635.0,0.96,0.3,1.5,29.0,32.0,0.3660952062988281,False,CALL,2026-03-20,ISRG
ISRG260320C00640000,640.0,0.7,0.35,1.05,5.0,263.0,0.35144691528320304,False,CALL,2026-03-20,ISRG
ISRG260320C00645000,645.0,1.3,0.0,1.0,1.0,208.0,0.3575503698730469,False,CALL,2026-03-20,ISRG
ISRG260320C00650000,650.0,1.09,0.0,1.0,14.0,55.0,0.36646141357421874,False,CALL,2026-03-20,ISRG
ISRG260320C00655000,655.0,3.38,0.4,2.45,1.0,6.0,0.4466608068847656,False,CALL,2026-03-20,ISRG
ISRG260320P00360000,360.0,0.6,0.0,2.7,1.0,119.0,0.5185595019531251,False,PUT,2026-03-20,ISRG
ISRG260320P00370000,370.0,0.87,0.0,4.7,1.0,141.0,0.541264353027344,False,PUT,2026-03-20,ISRG
ISRG260320P00380000,380.0,1.35,0.0,1.9,1.0,151.0,0.4803518762207031,False,PUT,2026-03-20,ISRG
ISRG260320P00390000,390.0,1.45,0.4,1.55,1.0,174.0,0.4255428540039063,False,PUT,2026-03-20,ISRG
ISRG260320P00400000,400.0,1.12,0.8,1.5,1.0,550.0,0.38843385009765624,False,PUT,2026-03-20,ISRG
ISRG260320P00405000,405.0,2.27,0.2,1.5,,8.0,0.3714662463378906,False,PUT,2026-03-20,ISRG
ISRG260320P00410000,410.0,1.65,0.1,1.6,1.0,428.0,0.35962554443359374,False,PUT,2026-03-20,ISRG
ISRG260320P00415000,415.0,2.9,0.35,1.75,8.0,9.0,0.34961587890624996,False,PUT,2026-03-20,ISRG
ISRG260320P00420000,420.0,1.87,0.5,1.95,1.0,165.0,0.34107104248046877,False,PUT,2026-03-20,ISRG
ISRG260320P00425000,425.0,1.75,0.9,2.15,1.0,8.0,0.3315496533203125,False,PUT,2026-03-20,ISRG
ISRG260320P00430000,430.0,2.0,1.8,2.45,5.0,500.0,0.32471378417968744,False,PUT,2026-03-20,ISRG
ISRG260320P00435000,435.0,3.5,1.0,2.85,,2.0,0.3197089514160155,False,PUT,2026-03-20,ISRG
ISRG260320P00440000,440.0,2.88,2.45,3.3,3.0,224.0,0.31445998046874996,False,PUT,2026-03-20,ISRG
ISRG260320P00445000,445.0,2.9,2.65,3.8,2.0,3.0,0.30884480224609373,False,PUT,2026-03-20,ISRG
ISRG260320P00450000,450.0,3.98,3.6,4.4,3.0,2466.0,0.3039620385742187,False,PUT,2026-03-20,ISRG
ISRG260320P00455000,455.0,3.0,3.9,5.2,1.0,1.0,0.30158169128417966,False,PUT,2026-03-20,ISRG
ISRG260320P00460000,460.0,3.81,2.85,6.0,2.0,284.0,0.2970041003417968,False,PUT,2026-03-20,ISRG
ISRG260320P00465000,465.0,6.38,6.1,7.0,9.0,12.0,0.29410495941162107,False,PUT,2026-03-20,ISRG
ISRG260320P00470000,470.0,7.42,7.3,8.1,12.0,276.0,0.2907175421142577,False,PUT,2026-03-20,ISRG
ISRG260320P00475000,475.0,8.02,8.3,9.8,7.0,13.0,0.29477633941650383,False,PUT,2026-03-20,ISRG
ISRG260320P00480000,480.0,10.0,9.7,10.5,13.0,2599.0,0.2806163247680663,False,PUT,2026-03-20,ISRG
ISRG260320P00485000,485.0,10.75,11.3,12.0,2.0,432.0,0.276801665649414,False,PUT,2026-03-20,ISRG
ISRG260320P00490000,490.0,13.45,12.9,13.7,1.0,110.0,0.2734752828979492,False,PUT,2026-03-20,ISRG
ISRG260320P00495000,495.0,15.1,14.5,18.7,46.0,48.0,0.3128120477294921,False,PUT,2026-03-20,ISRG
ISRG260320P00500000,500.0,17.65,17.0,17.8,9.0,2384.0,0.268989243774414,False,PUT,2026-03-20,ISRG
ISRG260320P00505000,505.0,18.5,19.3,20.2,1.0,10.0,0.2675549319458008,True,PUT,2026-03-20,ISRG
ISRG260320P00510000,510.0,21.7,21.8,23.7,4.0,179.0,0.27817494293212885,True,PUT,2026-03-20,ISRG
ISRG260320P00515000,515.0,24.3,24.6,29.5,3.0,22.0,0.3171455004882812,True,PUT,2026-03-20,ISRG
ISRG260320P00520000,520.0,28.2,27.4,28.8,120.0,471.0,0.2664563101196289,True,PUT,2026-03-20,ISRG
ISRG260320P00525000,525.0,31.4,29.9,34.1,4.0,135.0,0.2948831498718261,True,PUT,2026-03-20,ISRG
ISRG260320P00530000,530.0,34.31,33.2,36.7,20.0,187.0,0.2837901211547851,True,PUT,2026-03-20,ISRG
ISRG260320P00535000,535.0,38.01,36.3,40.3,1.0,128.0,0.28449201843261707,True,PUT,2026-03-20,ISRG
ISRG260320P00540000,540.0,41.0,40.7,43.4,15.0,211.0,0.27506218109130853,True,PUT,2026-03-20,ISRG
ISRG260320P00545000,545.0,31.5,42.8,47.8,6.0,155.0,0.2839732247924803,True,PUT,2026-03-20,ISRG
ISRG260320P00550000,550.0,49.4,47.8,51.6,12.0,295.0,0.2810740838623046,True,PUT,2026-03-20,ISRG
ISRG260320P00555000,555.0,45.27,50.4,56.2,1.0,7.0,0.2905954730224609,True,PUT,2026-03-20,ISRG
ISRG260320P00560000,560.0,56.9,55.5,60.5,9.0,203.0,0.29325047576904284,True,PUT,2026-03-20,ISRG
ISRG260320P00565000,565.0,41.26,59.3,65.4,1.0,13.0,0.30667807586669915,True,PUT,2026-03-20,ISRG
ISRG260320P00570000,570.0,51.74,64.7,69.8,1.0,199.0,0.30893635406494135,True,PUT,2026-03-20,ISRG
ISRG260320P00575000,575.0,58.1,69.4,74.4,1.0,6.0,0.31427687683105465,True,PUT,2026-03-20,ISRG
ISRG260320P00580000,580.0,56.54,73.5,79.6,3.0,288.0,0.3328313787841797,True,PUT,2026-03-20,ISRG
ISRG260320P00585000,585.0,62.99,78.1,84.0,2.0,22.0,0.3319158605957031,True,PUT,2026-03-20,ISRG
ISRG260320P00590000,590.0,68.06,83.0,88.9,1.0,5.0,0.3424748370361328,True,PUT,2026-03-20,ISRG
ISRG260320P00595000,595.0,71.38,88.0,93.8,3.0,15.0,0.3526065716552734,True,PUT,2026-03-20,ISRG
ISRG260320P00600000,600.0,78.45,93.5,98.4,7.0,100.0,0.35394933166503895,True,PUT,2026-03-20,ISRG
ISRG260320P00605000,605.0,66.42,97.9,105.9,1.0,3.0,0.4299373413085938,True,PUT,2026-03-20,ISRG
ISRG260320P00610000,610.0,48.2,102.9,110.7,4.0,5.0,0.4381770050048829,True,PUT,2026-03-20,ISRG
ISRG260320P00620000,620.0,63.5,112.9,120.0,3.0,0.0,0.4458063232421875,True,PUT,2026-03-20,ISRG
ISRG260320P00625000,625.0,55.74,117.9,125.7,1.0,0.0,0.4755301470947265,True,PUT,2026-03-20,ISRG
ISRG260320P00630000,630.0,51.1,122.9,130.7,,0.0,0.4876149871826172,True,PUT,2026-03-20,ISRG
ISRG260320P00640000,640.0,100.0,102.2,108.2,,1.0,1.0000000000000003e-05,True,PUT,2026-03-20,ISRG
ISRG260320P00650000,650.0,109.3,142.9,150.9,,0.0,0.5392502130126955,True,PUT,2026-03-20,ISRG
ISRG260417C00360000,360.0,172.12,144.8,151.6,1.0,13.0,0.5040943145751953,True,CALL,2026-04-17,ISRG
ISRG260417C00370000,370.0,92.0,186.9,192.8,2.0,5.0,1.382327307128906,True,CALL,2026-04-17,ISRG
ISRG260417C00380000,380.0,205.6,126.0,133.0,3.0,30.0,0.5642743768310547,True,CALL,2026-04-17,ISRG
ISRG260417C00385000,385.0,168.6,190.3,196.3,1.0,3.0,1.5467857133483884,True,CALL,2026-04-17,ISRG
ISRG260417C00390000,390.0,96.9,196.6,202.8,4.0,5.0,1.6700150776672364,True,CALL,2026-04-17,ISRG
ISRG260417C00395000,395.0,134.0,111.3,118.0,1.0,1.0,0.507817421875,True,CALL,2026-04-17,ISRG
ISRG260417C00400000,400.0,137.12,106.2,113.3,1.0,20.0,0.4953358572387696,True,CALL,2026-04-17,ISRG
ISRG260417C00405000,405.0,79.4,153.9,160.7,3.0,11.0,1.198368265991211,True,CALL,2026-04-17,ISRG
ISRG260417C00410000,410.0,125.42,96.8,104.0,2.0,25.0,0.4715018670654296,True,CALL,2026-04-17,ISRG
ISRG260417C00420000,420.0,163.88,166.0,171.3,1.0,1.0,1.4467495924377445,True,CALL,2026-04-17,ISRG
ISRG260417C00425000,425.0,86.0,83.2,89.0,1.0,2.0,0.41559422302246096,True,CALL,2026-04-17,ISRG
ISRG260417C00430000,430.0,155.13,156.1,161.8,1.0,4.0,1.3835937802886962,True,CALL,2026-04-17,ISRG
ISRG260417C00435000,435.0,51.58,128.8,134.5,1.0,6.0,1.0740707917785648,True,CALL,2026-04-17,ISRG
ISRG260417C00440000,440.0,96.6,71.1,77.7,8.0,17.0,0.4168454312133788,True,CALL,2026-04-17,ISRG
ISRG260417C00445000,445.0,146.57,142.8,148.8,1.0,7.0,1.3075290971374507,True,CALL,2026-04-17,ISRG
ISRG260417C00450000,450.0,88.9,62.7,69.0,2.0,37.0,0.3949645465087891,True,CALL,2026-04-17,ISRG
ISRG260417C00455000,455.0,119.81,57.9,63.1,1.0,33.0,0.36225002990722655,True,CALL,2026-04-17,ISRG
ISRG260417C00460000,460.0,83.98,54.9,60.6,2.0,12.0,0.37470107727050783,True,CALL,2026-04-17,ISRG
ISRG260417C00465000,465.0,76.67,50.9,54.9,4.0,25.0,0.34455001159667964,True,CALL,2026-04-17,ISRG
ISRG260417C00470000,470.0,60.0,47.3,51.9,10.0,27.0,0.3479374288940429,True,CALL,2026-04-17,ISRG
ISRG260417C00475000,475.0,45.29,44.5,48.0,1.0,32.0,0.33896535064697264,True,CALL,2026-04-17,ISRG
ISRG260417C00480000,480.0,64.0,41.4,45.6,2.0,19.0,0.34635053070068356,True,CALL,2026-04-17,ISRG
ISRG260417C00485000,485.0,60.05,38.4,41.5,2.0,4.0,0.33280086151123045,True,CALL,2026-04-17,ISRG
ISRG260417C00490000,490.0,56.61,35.0,38.6,2.0,9.0,0.3316412051391602,True,CALL,2026-04-17,ISRG
ISRG260417C00495000,495.0,52.63,32.0,35.4,10.0,18.0,0.325827664642334,True,CALL,2026-04-17,ISRG
ISRG260417C00500000,500.0,31.05,30.2,32.9,19.0,49.0,0.32628542373657227,True,CALL,2026-04-17,ISRG
ISRG260417C00505000,505.0,41.8,26.2,28.6,2.0,14.0,0.30606773040771484,False,CALL,2026-04-17,ISRG
ISRG260417C00510000,510.0,27.0,23.6,27.1,1.0,97.0,0.31445998046874996,False,CALL,2026-04-17,ISRG
ISRG260417C00515000,515.0,22.9,22.8,23.8,8.0,24.0,0.3021920367431641,False,CALL,2026-04-17,ISRG
ISRG260417C00520000,520.0,21.0,20.1,21.8,7.0,53.0,0.3023446231079102,False,CALL,2026-04-17,ISRG
ISRG260417C00525000,525.0,18.6,18.6,19.7,15.0,81.0,0.2999795344543457,False,CALL,2026-04-17,ISRG
ISRG260417C00530000,530.0,16.8,16.5,18.8,12.0,93.0,0.30942463043212887,False,CALL,2026-04-17,ISRG
ISRG260417C00535000,535.0,15.5,14.6,16.7,2.0,118.0,0.30429772857666015,False,CALL,2026-04-17,ISRG
ISRG260417C00540000,540.0,14.2,13.3,14.8,1.0,90.0,0.29990324127197265,False,CALL,2026-04-17,ISRG
ISRG260417C00545000,545.0,12.8,11.5,13.7,1.0,83.0,0.30344324493408203,False,CALL,2026-04-17,ISRG
ISRG260417C00550000,550.0,11.5,10.8,13.2,2.0,93.0,0.31320877227783206,False,CALL,2026-04-17,ISRG
ISRG260417C00555000,555.0,16.8,9.2,11.2,1.0,52.0,0.30335169311523436,False,CALL,2026-04-17,ISRG
ISRG260417C00560000,560.0,9.26,8.4,9.9,5.0,146.0,0.3006966903686523,False,CALL,2026-04-17,ISRG
ISRG260417C00565000,565.0,14.6,7.6,12.0,11.0,57.0,0.34232225067138666,False,CALL,2026-04-17,ISRG
ISRG260417C00570000,570.0,7.0,6.8,7.6,21.0,142.0,0.2949594430541992,False,CALL,2026-04-17,ISRG
ISRG260417C00575000,575.0,6.3,6.0,6.9,15.0,130.0,0.29669892761230465,False,CALL,2026-04-17,ISRG
ISRG260417C00580000,580.0,5.8,5.6,8.0,8.0,123.0,0.3258429232788086,False,CALL,2026-04-17,ISRG
ISRG260417C00585000,585.0,12.0,4.6,6.0,2.0,1.0,0.30560997131347656,False,CALL,2026-04-17,ISRG
ISRG260417C00595000,595.0,4.0,3.7,4.6,2.0,3.0,0.3021004849243164,False,CALL,2026-04-17,ISRG
ISRG260417C00600000,600.0,3.7,3.3,4.0,14.0,161.0,0.30023893127441403,False,CALL,2026-04-17,ISRG
ISRG260417C00605000,605.0,9.23,2.9,5.7,,1.0,0.34397018341064456,False,CALL,2026-04-17,ISRG
ISRG260417C00615000,615.0,5.4,2.3,4.7,1.0,2.0,0.344733115234375,False,CALL,2026-04-17,ISRG
ISRG260417C00620000,620.0,2.35,2.1,2.7,8.0,123.0,0.3073189385986328,False,CALL,2026-04-17,ISRG
ISRG260417C00635000,635.0,3.0,0.95,3.2,2.0,2.0,0.347113462524414,False,CALL,2026-04-17,ISRG
ISRG260417C00640000,640.0,2.98,0.9,4.0,2.0,78.0,0.3758607336425781,False,CALL,2026-04-17,ISRG
ISRG260417C00650000,650.0,1.77,0.55,2.0,3.0,7.0,0.3360662097167969,False,CALL,2026-04-17,ISRG
ISRG260417C00655000,655.0,2.2,0.6,3.3,4.0,14.0,0.383795224609375,False,CALL,2026-04-17,ISRG
ISRG260417P00360000,360.0,3.6,0.05,1.5,14.0,62.0,0.42517664672851563,False,PUT,2026-04-17,ISRG
ISRG260417P00370000,370.0,2.35,0.5,1.8,20.0,127.0,0.41089456298828125,False,PUT,2026-04-17,ISRG
ISRG260417P00380000,380.0,2.41,0.0,0.0,7.0,78.0,0.12500875,False,PUT,2026-04-17,ISRG
ISRG260417P00385000,385.0,1.5,0.6,1.9,10.0,63.0,0.37140521179199215,False,PUT,2026-04-17,ISRG
ISRG260417P00390000,390.0,3.7,0.7,2.1,1.0,143.0,0.3649355499267578,False,PUT,2026-04-17,ISRG
ISRG260417P00395000,395.0,1.42,0.6,2.25,1.0,16.0,0.355902437133789,False,PUT,2026-04-17,ISRG
ISRG260417P00400000,400.0,2.79,0.9,2.55,1.0,64.0,0.3515079498291015,False,PUT,2026-04-17,ISRG
ISRG260417P00405000,405.0,4.3,1.95,2.85,12.0,31.0,0.3460758752441406,False,PUT,2026-04-17,ISRG
ISRG260417P00410000,410.0,6.3,1.65,3.2,5.0,44.0,0.34113207702636716,False,PUT,2026-04-17,ISRG
ISRG260417P00415000,415.0,5.3,1.9,3.6,22.0,45.0,0.33649345153808596,False,PUT,2026-04-17,ISRG
ISRG260417P00420000,420.0,2.2,2.4,4.0,10.0,21.0,0.33081723876953123,False,PUT,2026-04-17,ISRG
ISRG260417P00425000,425.0,2.65,2.3,4.5,1.0,36.0,0.32639223419189456,False,PUT,2026-04-17,ISRG
ISRG260417P00430000,430.0,5.9,2.1,5.0,13.0,38.0,0.3208686077880859,False,PUT,2026-04-17,ISRG
ISRG260417P00435000,435.0,4.0,4.2,5.7,6.0,44.0,0.31818308776855464,False,PUT,2026-04-17,ISRG
ISRG260417P00440000,440.0,4.0,4.8,6.3,1.0,70.0,0.3123237713623046,False,PUT,2026-04-17,ISRG
ISRG260417P00445000,445.0,6.34,4.4,7.1,1.0,21.0,0.30884480224609373,False,PUT,2026-04-17,ISRG
ISRG260417P00450000,450.0,5.4,5.7,8.0,5.0,31.0,0.30560997131347656,False,PUT,2026-04-17,ISRG
ISRG260417P00455000,455.0,11.0,7.6,9.0,2.0,81.0,0.30249720947265624,False,PUT,2026-04-17,ISRG
ISRG260417P00460000,460.0,9.1,8.7,9.5,20.0,81.0,0.2909311630249023,False,PUT,2026-04-17,ISRG
ISRG260417P00465000,465.0,10.5,9.6,10.7,1.0,29.0,0.28815409118652335,False,PUT,2026-04-17,ISRG
ISRG260417P00470000,470.0,7.8,11.2,12.0,15.0,68.0,0.2852091743469238,False,PUT,2026-04-17,ISRG
ISRG260417P00475000,475.0,12.8,12.6,14.2,5.0,38.0,0.2917856466674803,False,PUT,2026-04-17,ISRG
ISRG260417P00480000,480.0,14.2,13.9,15.0,12.0,138.0,0.2796397720336914,False,PUT,2026-04-17,ISRG
ISRG260417P00485000,485.0,16.1,15.2,17.6,1.0,28.0,0.28717753845214833,False,PUT,2026-04-17,ISRG
ISRG260417P00490000,490.0,16.8,17.6,19.4,24.0,117.0,0.2836985693359374,False,PUT,2026-04-17,ISRG
ISRG260417P00495000,495.0,13.68,19.6,21.6,1.0,60.0,0.28305770660400387,False,PUT,2026-04-17,ISRG
ISRG260417P00500000,500.0,23.2,21.5,22.8,2.0,141.0,0.2700420896911621,False,PUT,2026-04-17,ISRG
ISRG260417P00505000,505.0,25.0,23.8,26.6,1.0,36.0,0.28340865524291986,True,PUT,2026-04-17,ISRG
ISRG260417P00510000,510.0,19.51,26.3,27.5,1.0,484.0,0.264106480102539,True,PUT,2026-04-17,ISRG
ISRG260417P00515000,515.0,27.42,29.1,31.7,3.0,102.0,0.27841908111572267,True,PUT,2026-04-17,ISRG
ISRG260417P00520000,520.0,32.2,31.6,33.5,2.0,205.0,0.26538820556640624,True,PUT,2026-04-17,ISRG
ISRG260417P00525000,525.0,25.0,34.8,38.1,8.0,60.0,0.2811808943176269,True,PUT,2026-04-17,ISRG
ISRG260417P00530000,530.0,36.2,38.0,41.1,1.0,110.0,0.2780681324768066,True,PUT,2026-04-17,ISRG
ISRG260417P00535000,535.0,30.5,40.7,44.5,86.0,82.0,0.2779002874755859,True,PUT,2026-04-17,ISRG
ISRG260417P00540000,540.0,42.38,43.9,48.2,1.0,76.0,0.2797618411254882,True,PUT,2026-04-17,ISRG
ISRG260417P00545000,545.0,38.3,47.5,52.0,1.0,145.0,0.2815165843200683,True,PUT,2026-04-17,ISRG
ISRG260417P00550000,550.0,41.15,50.0,55.5,11.0,137.0,0.27814442565917963,True,PUT,2026-04-17,ISRG
ISRG260417P00555000,555.0,45.6,54.2,59.9,5.0,29.0,0.2849802947998046,True,PUT,2026-04-17,ISRG
ISRG260417P00560000,560.0,45.4,59.8,63.9,3.0,21.0,0.28552960571289054,True,PUT,2026-04-17,ISRG
ISRG260417P00565000,565.0,45.2,61.6,67.8,2.0,26.0,0.28330184478759757,True,PUT,2026-04-17,ISRG
ISRG260417P00570000,570.0,60.0,66.5,72.5,2.0,114.0,0.29169409484863273,True,PUT,2026-04-17,ISRG
ISRG260417P00575000,575.0,50.8,70.4,76.3,1.0,97.0,0.28528546752929684,True,PUT,2026-04-17,ISRG
ISRG260417P00580000,580.0,59.25,76.3,81.1,3.0,70.0,0.2937997866821288,True,PUT,2026-04-17,ISRG
ISRG260417P00600000,600.0,65.37,93.4,99.4,1.0,46.0,0.3061287649536133,True,PUT,2026-04-17,ISRG
ISRG260417P00620000,620.0,66.6,113.0,119.6,3.0,37.0,0.3498600170898437,True,PUT,2026-04-17,ISRG
ISRG260417P00640000,640.0,70.0,132.9,139.7,,0.0,0.38934936828613287,True,PUT,2026-04-17,ISRG
ISRG260618C00360000,360.0,179.6,149.9,156.0,1.0,6.0,0.5315598602294922,True,CALL,2026-06-18,ISRG
ISRG260618C00370000,370.0,152.4,140.2,146.6,1.0,24.0,0.509495871887207,True,CALL,2026-06-18,ISRG
ISRG260618C00380000,380.0,176.5,209.7,215.4,2.0,7.0,1.3351168498229975,True,CALL,2026-06-18,ISRG
ISRG260618C00390000,390.0,147.09,122.4,128.8,1.0,7.0,0.4780173048400879,True,CALL,2026-06-18,ISRG
ISRG260618C00400000,400.0,154.4,113.8,121.0,3.0,212.0,0.4744315252685547,True,CALL,2026-06-18,ISRG
ISRG260618C00410000,410.0,152.9,181.0,186.5,5.0,16.0,1.1841929218292235,True,CALL,2026-06-18,ISRG
ISRG260618C00420000,420.0,122.1,96.9,103.1,1.0,12.0,0.4342860527038575,True,CALL,2026-06-18,ISRG
ISRG260618C00430000,430.0,114.1,89.3,96.0,4.0,8.0,0.43247027496337886,True,CALL,2026-06-18,ISRG
ISRG260618C00440000,440.0,106.0,81.9,88.0,1.0,55.0,0.41889008850097653,True,CALL,2026-06-18,ISRG
ISRG260618C00450000,450.0,78.46,74.7,79.2,1.0,184.0,0.396063168334961,True,CALL,2026-06-18,ISRG
ISRG260618C00460000,460.0,87.41,67.5,72.8,2.0,42.0,0.3940490283203125,True,CALL,2026-06-18,ISRG
ISRG260618C00470000,470.0,78.5,61.3,65.7,2.0,74.0,0.3831085859680175,True,CALL,2026-06-18,ISRG
ISRG260618C00480000,480.0,83.75,54.2,58.6,1.0,50.0,0.36998615859985345,True,CALL,2026-06-18,ISRG
ISRG260618C00490000,490.0,68.9,48.9,53.0,3.0,41.0,0.36701072448730465,True,CALL,2026-06-18,ISRG
ISRG260618C00500000,500.0,45.53,44.2,47.5,12.0,581.0,0.36208218490600586,True,CALL,2026-06-18,ISRG
ISRG260618C00510000,510.0,40.3,40.3,42.3,17.0,81.0,0.3568637312316894,False,CALL,2026-06-18,ISRG
ISRG260618C00520000,520.0,39.95,35.7,38.9,2.0,73.0,0.36331813446044925,False,CALL,2026-06-18,ISRG
ISRG260618C00530000,530.0,33.2,30.7,33.4,31.0,225.0,0.35025674163818354,False,CALL,2026-06-18,ISRG
ISRG260618C00540000,540.0,27.85,27.5,29.6,9.0,149.0,0.34813579116821286,False,CALL,2026-06-18,ISRG
ISRG260618C00550000,550.0,24.1,23.9,26.0,4.0,276.0,0.34499251205444337,False,CALL,2026-06-18,ISRG
ISRG260618C00560000,560.0,20.6,19.6,21.7,10.0,137.0,0.3330907756042481,False,CALL,2026-06-18,ISRG
ISRG260618C00570000,570.0,18.1,17.7,18.9,6.0,157.0,0.3311987046813965,False,CALL,2026-06-18,ISRG
ISRG260618C00580000,580.0,15.5,14.6,16.1,6.0,89.0,0.32660585510253903,False,CALL,2026-06-18,ISRG
ISRG260618C00590000,590.0,13.8,12.4,14.6,5.0,179.0,0.33199215377807617,False,CALL,2026-06-18,ISRG
ISRG260618C00600000,600.0,11.5,11.3,11.9,40.0,507.0,0.32295904098510736,False,CALL,2026-06-18,ISRG
ISRG260618C00610000,610.0,14.0,9.0,13.9,7.0,127.0,0.3618685639953613,False,CALL,2026-06-18,ISRG
ISRG260618C00620000,620.0,8.5,7.5,9.1,1.0,174.0,0.3251257673645019,False,CALL,2026-06-18,ISRG
ISRG260618C00630000,630.0,9.45,6.6,10.3,3.0,63.0,0.3554446780395507,False,CALL,2026-06-18,ISRG
ISRG260618C00640000,640.0,9.5,4.9,9.2,2.0,54.0,0.3574130421447754,False,CALL,2026-06-18,ISRG
ISRG260618C00650000,650.0,5.8,4.8,7.8,3.0,581.0,0.353674676208496,False,CALL,2026-06-18,ISRG
ISRG260618P00360000,360.0,2.85,2.25,3.4,3.0,214.0,0.3794007373046875,False,PUT,2026-06-18,ISRG
ISRG260618P00370000,370.0,3.1,2.0,4.1,2.0,39.0,0.3715883154296875,False,PUT,2026-06-18,ISRG
ISRG260618P00380000,380.0,4.48,3.0,4.7,2.0,154.0,0.3593203717041016,False,PUT,2026-06-18,ISRG
ISRG260618P00390000,390.0,5.15,4.5,5.9,1.0,117.0,0.35657381713867187,False,PUT,2026-06-18,ISRG
ISRG260618P00400000,400.0,6.0,4.0,7.1,5.0,184.0,0.35028725891113277,False,PUT,2026-06-18,ISRG
ISRG260618P00410000,410.0,6.67,5.0,8.4,1.0,38.0,0.3427494924926757,False,PUT,2026-06-18,ISRG
ISRG260618P00420000,420.0,8.2,6.2,9.5,1.0,118.0,0.3300237896728515,False,PUT,2026-06-18,ISRG
ISRG260618P00430000,430.0,8.0,7.9,12.0,1.0,76.0,0.33231258514404294,False,PUT,2026-06-18,ISRG
ISRG260618P00440000,440.0,10.72,12.6,14.6,20.0,232.0,0.3314275842285156,False,PUT,2026-06-18,ISRG
ISRG260618P00450000,450.0,15.8,15.0,16.8,36.0,269.0,0.32292852371215813,False,PUT,2026-06-18,ISRG
ISRG260618P00460000,460.0,17.87,18.3,20.1,34.0,208.0,0.3221808505249023,False,PUT,2026-06-18,ISRG
ISRG260618P00470000,470.0,15.3,21.2,23.5,2.0,579.0,0.31880869186401356,False,PUT,2026-06-18,ISRG
ISRG260618P00480000,480.0,23.78,24.2,26.8,1.0,157.0,0.3113929945373534,False,PUT,2026-06-18,ISRG
ISRG260618P00490000,490.0,28.59,29.0,31.4,6.0,255.0,0.3117286845397949,False,PUT,2026-06-18,ISRG
ISRG260618P00500000,500.0,34.33,33.0,35.4,2.0,355.0,0.30382471084594725,False,PUT,2026-06-18,ISRG
ISRG260618P00510000,510.0,37.45,38.1,40.3,22.0,295.0,0.29999479309082033,True,PUT,2026-06-18,ISRG
ISRG260618P00520000,520.0,43.75,43.1,44.5,28.0,383.0,0.2872538316345214,True,PUT,2026-06-18,ISRG
ISRG260618P00530000,530.0,38.75,48.3,50.5,3.0,130.0,0.28556012298583977,True,PUT,2026-06-18,ISRG
ISRG260618P00540000,540.0,45.8,54.8,56.6,1.0,229.0,0.2813182220458984,True,PUT,2026-06-18,ISRG
ISRG260618P00550000,550.0,57.8,61.1,64.1,3.0,345.0,0.28565167480468745,True,PUT,2026-06-18,ISRG
ISRG260618P00560000,560.0,57.4,65.1,71.8,6.0,182.0,0.28900857482910147,True,PUT,2026-06-18,ISRG
ISRG260618P00570000,570.0,73.9,73.0,79.1,3.0,180.0,0.2858805543518066,True,PUT,2026-06-18,ISRG
ISRG260618P00580000,580.0,66.6,82.5,87.0,2.0,63.0,0.2854838298034667,True,PUT,2026-06-18,ISRG
ISRG260618P00590000,590.0,78.45,89.6,94.9,32.0,161.0,0.28211167114257807,True,PUT,2026-06-18,ISRG
ISRG260618P00600000,600.0,78.6,98.1,103.9,7.0,116.0,0.2883677120971678,True,PUT,2026-06-18,ISRG
ISRG260618P00610000,610.0,95.5,106.3,112.4,4.0,23.0,0.28659771026611325,True,PUT,2026-06-18,ISRG
ISRG260618P00620000,620.0,80.5,65.4,70.1,2.0,1.0,1.0000000000000003e-05,True,PUT,2026-06-18,ISRG
ISRG260618P00630000,630.0,107.4,124.2,130.2,2.0,2.0,0.2858042611694336,True,PUT,2026-06-18,ISRG
ISRG260618P00640000,640.0,110.6,133.6,140.0,2.0,5.0,0.29657685852050775,True,PUT,2026-06-18,ISRG
ISRG260717C00400000,400.0,151.7,116.6,124.0,1.0,2.0,0.4651847915649414,True,CALL,2026-07-17,ISRG
ISRG260717C00465000,465.0,101.5,68.1,72.8,,4.0,0.3827423786926269,True,CALL,2026-07-17,ISRG
ISRG260717C00470000,470.0,128.57,132.1,139.0,,1.0,0.8979807565307616,True,CALL,2026-07-17,ISRG
ISRG260717C00475000,475.0,135.3,61.3,66.1,1.0,1.0,0.3739534040832519,True,CALL,2026-07-17,ISRG
ISRG260717C00480000,480.0,90.8,58.4,64.4,2.0,2.0,0.38147591186523433,True,CALL,2026-07-17,ISRG
ISRG260717C00505000,505.0,46.7,44.4,48.6,1.0,1.0,0.35477329803466784,False,CALL,2026-07-17,ISRG
ISRG260717C00510000,510.0,57.5,42.4,46.6,1.0,2.0,0.3563601962280273,False,CALL,2026-07-17,ISRG
ISRG260717C00515000,515.0,42.2,40.2,43.5,3.0,15.0,0.3493564820861816,False,CALL,2026-07-17,ISRG
ISRG260717C00520000,520.0,50.4,37.6,41.6,4.0,13.0,0.35051613845825186,False,CALL,2026-07-17,ISRG
ISRG260717C00525000,525.0,49.0,35.8,39.3,1.0,6.0,0.3481968257141113,False,CALL,2026-07-17,ISRG
ISRG260717C00530000,530.0,46.83,34.0,37.0,23.0,26.0,0.3452976847839356,False,CALL,2026-07-17,ISRG
ISRG260717C00535000,535.0,37.0,31.7,34.8,10.0,22.0,0.34256638885498036,False,CALL,2026-07-17,ISRG
ISRG260717C00540000,540.0,31.8,29.9,33.0,2.0,12.0,0.34221544021606437,False,CALL,2026-07-17,ISRG
ISRG260717C00545000,545.0,38.4,28.9,30.9,2.0,17.0,0.33907216110229493,False,CALL,2026-07-17,ISRG
ISRG260717C00550000,550.0,36.0,26.5,29.8,4.0,14.0,0.342856302947998,False,CALL,2026-07-17,ISRG
ISRG260717C00555000,555.0,40.0,24.5,28.2,1.0,13.0,0.3423832852172851,False,CALL,2026-07-17,ISRG
ISRG260717C00560000,560.0,35.8,23.2,26.2,1.0,5.0,0.338324487915039,False,CALL,2026-07-17,ISRG
ISRG260717C00565000,565.0,35.4,21.4,25.9,1.0,18.0,0.3468693243408203,False,CALL,2026-07-17,ISRG
ISRG260717C00570000,570.0,26.0,18.4,23.7,1.0,23.0,0.34018604156494137,False,CALL,2026-07-17,ISRG
ISRG260717C00575000,575.0,39.8,18.9,24.2,2.0,5.0,0.3543613148498534,False,CALL,2026-07-17,ISRG
ISRG260717C00580000,580.0,27.7,17.6,21.6,1.0,55.0,0.343405613861084,False,CALL,2026-07-17,ISRG
ISRG260717C00585000,585.0,67.21,16.6,20.7,1.0,2.0,0.34561811614990234,False,CALL,2026-07-17,ISRG
ISRG260717C00590000,590.0,17.82,15.6,17.9,2.0,4.0,0.33132077377319336,False,CALL,2026-07-17,ISRG
ISRG260717C00595000,595.0,23.99,14.2,17.0,1.0,8.0,0.33244991287231446,False,CALL,2026-07-17,ISRG
ISRG260717C00600000,600.0,20.5,13.3,18.4,1.0,23.0,0.35344579666137693,False,CALL,2026-07-17,ISRG
ISRG260717C00605000,605.0,24.03,12.5,15.9,2.0,3.0,0.3398503515625,False,CALL,2026-07-17,ISRG
ISRG260717C00610000,610.0,16.5,11.5,16.4,4.0,12.0,0.35272864074707033,False,CALL,2026-07-17,ISRG
ISRG260717C00615000,615.0,15.7,10.7,15.4,2.0,6.0,0.35170631210327147,False,CALL,2026-07-17,ISRG
ISRG260717C00620000,620.0,11.9,9.7,13.0,1.0,13.0,0.3366307792663575,False,CALL,2026-07-17,ISRG
ISRG260717C00625000,625.0,13.6,8.5,11.0,9.0,37.0,0.32387455917358393,False,CALL,2026-07-17,ISRG
ISRG260717C00630000,630.0,12.7,8.4,10.0,2.0,7.0,0.32044136596679684,False,CALL,2026-07-17,ISRG
ISRG260717C00635000,635.0,12.6,8.1,9.9,6.0,11.0,0.3264532687377929,False,CALL,2026-07-17,ISRG
ISRG260717C00640000,640.0,12.2,5.6,8.7,2.0,40.0,0.3196936927795409,False,CALL,2026-07-17,ISRG
ISRG260717C00645000,645.0,10.4,7.0,10.7,10.0,26.0,0.3492191543579102,False,CALL,2026-07-17,ISRG
ISRG260717P00360000,360.0,3.3,1.95,0.0,,1.0,0.12500875,False,PUT,2026-07-17,ISRG
ISRG260717P00370000,370.0,4.4,0.0,0.0,,1.0,0.062509375,False,PUT,2026-07-17,ISRG
ISRG260717P00380000,380.0,3.9,5.0,8.4,,2.0,0.38886109191894536,False,PUT,2026-07-17,ISRG
ISRG260717P00390000,390.0,5.2,6.2,9.0,,2.0,0.3714662463378906,False,PUT,2026-07-17,ISRG
ISRG260717P00400000,400.0,7.51,7.5,8.7,5.0,12.0,0.34149828430175777,False,PUT,2026-07-17,ISRG
ISRG260717P00410000,410.0,7.0,8.9,10.3,20.0,10.0,0.33618827880859375,False,PUT,2026-07-17,ISRG
ISRG260717P00420000,420.0,8.5,8.1,12.4,1.0,33.0,0.33399103515625,False,PUT,2026-07-17,ISRG
ISRG260717P00430000,430.0,9.83,12.7,16.5,1.0,30.0,0.3490360507202148,False,PUT,2026-07-17,ISRG
ISRG260717P00445000,445.0,13.1,15.0,17.8,2.0,8.0,0.3178779150390625,False,PUT,2026-07-17,ISRG
ISRG260717P00450000,450.0,13.8,17.5,20.8,1.0,17.0,0.3299932723999023,False,PUT,2026-07-17,ISRG
ISRG260717P00455000,455.0,14.5,18.2,20.7,1.0,4.0,0.3138648936462402,False,PUT,2026-07-17,ISRG
ISRG260717P00465000,465.0,18.57,21.8,24.0,5.0,5.0,0.31044695907592773,False,PUT,2026-07-17,ISRG
ISRG260717P00470000,470.0,20.6,20.2,25.7,2.0,34.0,0.30809712905883785,False,PUT,2026-07-17,ISRG
ISRG260717P00475000,475.0,24.7,25.1,27.5,3.0,7.0,0.305869368133545,False,PUT,2026-07-17,ISRG
ISRG260717P00480000,480.0,23.4,24.0,29.5,1.0,6.0,0.30449609085083,False,PUT,2026-07-17,ISRG
ISRG260717P00485000,485.0,24.8,29.2,31.6,1.0,24.0,0.3031838481140136,False,PUT,2026-07-17,ISRG
ISRG260717P00490000,490.0,25.2,28.0,33.4,23.0,22.0,0.29892668853759763,False,PUT,2026-07-17,ISRG
ISRG260717P00495000,495.0,31.2,33.0,35.6,2.0,13.0,0.2969888417053222,False,PUT,2026-07-17,ISRG
ISRG260717P00500000,500.0,36.25,34.9,38.1,22.0,19.0,0.29657685852050775,False,PUT,2026-07-17,ISRG
ISRG260717P00505000,505.0,38.6,37.8,40.3,6.0,113.0,0.29325047576904284,True,PUT,2026-07-17,ISRG
ISRG260717P00510000,510.0,41.0,40.3,43.0,3.0,9.0,0.29288426849365223,True,PUT,2026-07-17,ISRG
ISRG260717P00515000,515.0,42.6,41.3,45.6,3.0,18.0,0.29109900802612293,True,PUT,2026-07-17,ISRG
ISRG260717P00520000,520.0,46.2,45.5,48.2,2.0,86.0,0.288596591644287,True,PUT,2026-07-17,ISRG
ISRG260717P00525000,525.0,48.6,47.4,51.2,3.0,17.0,0.28833719482421866,True,PUT,2026-07-17,ISRG
ISRG260717P00530000,530.0,39.6,50.0,54.4,3.0,15.0,0.28885598846435534,True,PUT,2026-07-17,ISRG
ISRG260717P00535000,535.0,45.6,53.5,57.2,1.0,9.0,0.28574322662353513,True,PUT,2026-07-17,ISRG
ISRG260717P00540000,540.0,48.2,56.6,60.1,1.0,14.0,0.28266098205566403,True,PUT,2026-07-17,ISRG
ISRG260717P00545000,545.0,46.9,58.0,63.5,6.0,14.0,0.28266098205566403,True,PUT,2026-07-17,ISRG
ISRG260717P00550000,550.0,49.6,61.6,67.0,9.0,12.0,0.2827677925109863,True,PUT,2026-07-17,ISRG
ISRG260717P00555000,555.0,52.3,65.6,70.5,4.0,12.0,0.282233740234375,True,PUT,2026-07-17,ISRG
ISRG260717P00560000,560.0,54.5,69.7,74.0,2.0,16.0,0.28105882522583,True,PUT,2026-07-17,ISRG
ISRG260717P00565000,565.0,64.3,73.6,77.2,1.0,41.0,0.27674063110351554,True,PUT,2026-07-17,ISRG
ISRG260717P00570000,570.0,65.4,76.6,81.1,1.0,85.0,0.2775035629272461,True,PUT,2026-07-17,ISRG
ISRG260717P00575000,575.0,70.6,79.0,84.9,5.0,21.0,0.2768169242858886,True,PUT,2026-07-17,ISRG
ISRG260717P00580000,580.0,73.8,83.0,89.0,1.0,33.0,0.27815968429565424,True,PUT,2026-07-17,ISRG
ISRG260717P00585000,585.0,76.38,86.0,93.3,6.0,7.0,0.2808299456787109,True,PUT,2026-07-17,ISRG
ISRG260717P00590000,590.0,57.8,90.0,95.9,10.0,6.0,0.26683777603149417,True,PUT,2026-07-17,ISRG
ISRG260717P00600000,600.0,54.5,98.1,105.0,11.0,12.0,0.27416192153930663,True,PUT,2026-07-17,ISRG
ISRG260717P00620000,620.0,78.3,67.7,74.0,,1.0,1.0000000000000003e-05,True,PUT,2026-07-17,ISRG
ISRG260717P00635000,635.0,91.3,129.5,136.2,1.0,4.0,0.2806163247680663,True,PUT,2026-07-17,ISRG
ISRG260918C00360000,360.0,118.6,0.0,0.0,,0.0,1.0000000000000003e-05,True,CALL,2026-09-18,ISRG
ISRG260918C00370000,370.0,187.0,148.5,155.0,18.0,27.0,0.48779809082031256,True,CALL,2026-09-18,ISRG
ISRG260918C00380000,380.0,232.1,140.0,147.0,1.0,6.0,0.4796652375793457,True,CALL,2026-09-18,ISRG
ISRG260918C00390000,390.0,160.8,132.1,139.0,1.0,9.0,0.47031169342041024,True,CALL,2026-09-18,ISRG
ISRG260918C00400000,400.0,219.04,124.1,131.0,1.0,31.0,0.45987478607177734,True,CALL,2026-09-18,ISRG
ISRG260918C00410000,410.0,145.0,190.6,199.0,4.0,6.0,1.0062915896606444,True,CALL,2026-09-18,ISRG
ISRG260918C00420000,420.0,157.0,182.0,189.0,2.0,9.0,0.9689944506835937,True,CALL,2026-09-18,ISRG
ISRG260918C00430000,430.0,182.52,101.6,107.4,1.0,36.0,0.42577173355102543,True,CALL,2026-09-18,ISRG
ISRG260918C00440000,440.0,159.5,94.4,101.0,1.0,33.0,0.4232540585327148,True,CALL,2026-09-18,ISRG
ISRG260918C00450000,450.0,96.8,87.5,94.0,1.0,38.0,0.41481603256225585,True,CALL,2026-09-18,ISRG
ISRG260918C00460000,460.0,117.4,81.4,85.8,3.0,77.0,0.39687187606811525,True,CALL,2026-09-18,ISRG
ISRG260918C00470000,470.0,136.3,140.5,147.1,1.0,41.0,0.823243955078125,True,CALL,2026-09-18,ISRG
ISRG260918C00480000,480.0,134.0,68.7,73.1,1.0,54.0,0.3827423786926269,True,CALL,2026-09-18,ISRG
ISRG260918C00490000,490.0,92.0,63.1,67.4,1.0,106.0,0.3777070286560058,True,CALL,2026-09-18,ISRG
ISRG260918C00500000,500.0,61.7,58.3,62.8,1.0,78.0,0.3780884945678711,True,CALL,2026-09-18,ISRG
ISRG260918C00510000,510.0,92.4,53.2,56.5,4.0,30.0,0.3661791287994385,False,CALL,2026-09-18,ISRG
ISRG260918C00520000,520.0,50.5,48.3,51.9,2.0,100.0,0.3633944276428223,False,CALL,2026-09-18,ISRG
ISRG260918C00530000,530.0,56.55,44.3,48.2,3.0,34.0,0.36463800651550293,False,CALL,2026-09-18,ISRG
ISRG260918C00540000,540.0,43.2,40.2,43.0,4.0,25.0,0.3549869189453124,False,CALL,2026-09-18,ISRG
ISRG260918C00550000,550.0,37.73,36.4,39.4,2.0,35.0,0.3537509693908691,False,CALL,2026-09-18,ISRG
ISRG260918C00560000,560.0,44.43,30.6,34.4,9.0,30.0,0.3420704831695557,False,CALL,2026-09-18,ISRG
ISRG260918C00570000,570.0,42.0,29.6,33.0,1.0,21.0,0.35193519165039056,False,CALL,2026-09-18,ISRG
ISRG260918C00580000,580.0,40.0,26.6,31.1,1.0,59.0,0.35742830078125,False,CALL,2026-09-18,ISRG
ISRG260918C00600000,600.0,33.0,21.6,24.1,1.0,116.0,0.3429325961303711,False,CALL,2026-09-18,ISRG
ISRG260918C00620000,620.0,30.9,17.3,19.9,1.0,150.0,0.34206285385131835,False,CALL,2026-09-18,ISRG
ISRG260918C00640000,640.0,15.9,11.7,16.0,6.0,53.0,0.338324487915039,False,CALL,2026-09-18,ISRG
ISRG260918P00360000,360.0,5.5,3.8,7.8,3.0,21.0,0.36911641632080083,False,PUT,2026-09-18,ISRG
ISRG260918P00370000,370.0,6.05,6.9,9.3,1.0,188.0,0.3665071894836425,False,PUT,2026-09-18,ISRG
ISRG260918P00380000,380.0,5.2,8.6,10.5,3.0,168.0,0.3580233876037598,False,PUT,2026-09-18,ISRG
ISRG260918P00390000,390.0,6.09,7.5,11.6,1.0,35.0,0.3470982038879394,False,PUT,2026-09-18,ISRG
ISRG260918P00400000,400.0,11.6,9.3,13.1,7.0,34.0,0.33924000610351557,False,PUT,2026-09-18,ISRG
ISRG260918P00410000,410.0,14.2,11.1,15.3,4.0,44.0,0.3365239688110352,False,PUT,2026-09-18,ISRG
ISRG260918P00420000,420.0,14.0,12.7,18.7,1.0,97.0,0.34207811248779296,False,PUT,2026-09-18,ISRG
ISRG260918P00430000,430.0,14.0,15.1,20.1,1.0,76.0,0.32817749465942375,False,PUT,2026-09-18,ISRG
ISRG260918P00440000,440.0,17.4,20.4,22.7,1.0,101.0,0.32269964416503893,False,PUT,2026-09-18,ISRG
ISRG260918P00450000,450.0,22.7,22.4,25.6,1.0,133.0,0.31763377685546873,False,PUT,2026-09-18,ISRG
ISRG260918P00460000,460.0,22.4,25.9,29.0,2.0,118.0,0.3142234716033935,False,PUT,2026-09-18,ISRG
ISRG260918P00470000,470.0,25.7,28.5,32.7,91.0,197.0,0.3108589422607422,False,PUT,2026-09-18,ISRG
ISRG260918P00480000,480.0,35.0,33.2,36.4,3.0,72.0,0.30550316085815427,False,PUT,2026-09-18,ISRG
ISRG260918P00490000,490.0,29.0,37.8,40.8,2.0,33.0,0.3027566062927246,False,PUT,2026-09-18,ISRG
ISRG260918P00500000,500.0,36.5,40.6,45.4,2.0,57.0,0.299262378540039,False,PUT,2026-09-18,ISRG
ISRG260918P00510000,510.0,40.0,47.2,50.6,8.0,41.0,0.2975305233001708,True,PUT,2026-09-18,ISRG
ISRG260918P00520000,520.0,45.5,49.6,54.0,2.0,34.0,0.2826152061462402,True,PUT,2026-09-18,ISRG
ISRG260918P00530000,530.0,55.3,57.9,61.2,1.0,62.0,0.2893366355133056,True,PUT,2026-09-18,ISRG
ISRG260918P00540000,540.0,54.8,63.4,67.4,14.0,34.0,0.28789469436645493,True,PUT,2026-09-18,ISRG
ISRG260918P00550000,550.0,58.7,69.7,71.4,1.0,106.0,0.2703243744659424,True,PUT,2026-09-18,ISRG
ISRG260918P00560000,560.0,70.3,74.8,80.3,1.0,60.0,0.28243210250854495,True,PUT,2026-09-18,ISRG
ISRG260918P00570000,570.0,73.6,81.0,87.1,2.0,35.0,0.2790675731658935,True,PUT,2026-09-18,ISRG
ISRG260918P00580000,580.0,75.99,90.0,94.5,2.0,85.0,0.27791554611206054,True,PUT,2026-09-18,ISRG
ISRG260918P00600000,600.0,91.4,103.2,109.7,1.0,51.0,0.2730175238037109,True,PUT,2026-09-18,ISRG
ISRG260918P00620000,620.0,83.7,73.1,0.0,1.0,4.0,1.0000000000000003e-05,True,PUT,2026-09-18,ISRG
ISRG260918P00640000,640.0,94.3,137.6,143.2,1.0,8.0,0.2670666555786133,True,PUT,2026-09-18,ISRG
ISRG261218C00360000,360.0,142.3,239.0,246.7,1.0,1.0,1.0336352029418947,True,CALL,2026-12-18,ISRG
ISRG261218C00370000,370.0,224.83,155.0,163.0,15.0,45.0,0.47983308258056634,True,CALL,2026-12-18,ISRG
ISRG261218C00380000,380.0,223.5,220.9,228.0,1.0,3.0,0.9645084115600585,True,CALL,2026-12-18,ISRG
ISRG261218C00390000,390.0,112.58,187.0,196.0,1.0,1.0,0.7685722605895997,True,CALL,2026-12-18,ISRG
ISRG261218C00400000,400.0,155.0,131.0,139.0,1.0,79.0,0.4474695146179199,True,CALL,2026-12-18,ISRG
ISRG261218C00410000,410.0,153.0,124.1,132.0,2.0,4.0,0.4422205436706543,True,CALL,2026-12-18,ISRG
ISRG261218C00420000,420.0,140.4,117.3,124.1,1.0,13.0,0.43005178108215336,True,CALL,2026-12-18,ISRG
ISRG261218C00430000,430.0,175.0,180.0,187.0,1.0,24.0,0.8364579342651366,True,CALL,2026-12-18,ISRG
ISRG261218C00440000,440.0,143.63,104.0,111.0,1.0,43.0,0.4204998746490479,True,CALL,2026-12-18,ISRG
ISRG261218C00450000,450.0,101.3,98.2,104.7,9.0,42.0,0.4156247402954102,True,CALL,2026-12-18,ISRG
ISRG261218C00460000,460.0,173.41,90.0,99.0,1.0,28.0,0.4131909877777099,True,CALL,2026-12-18,ISRG
ISRG261218C00470000,470.0,91.02,84.3,92.0,35.0,46.0,0.40225054542541505,True,CALL,2026-12-18,ISRG
ISRG261218C00480000,480.0,122.7,78.0,86.2,1.0,41.0,0.39717704879760746,True,CALL,2026-12-18,ISRG
ISRG261218C00490000,490.0,98.8,74.3,81.0,1.0,81.0,0.3943542010498047,True,CALL,2026-12-18,ISRG
ISRG261218C00500000,500.0,73.7,70.1,75.8,1.0,76.0,0.3904327314758301,True,CALL,2026-12-18,ISRG
ISRG261218C00520000,520.0,75.59,59.8,66.1,3.0,67.0,0.3831772498321533,False,CALL,2026-12-18,ISRG
ISRG261218C00540000,540.0,68.36,49.8,58.0,8.0,116.0,0.38017892776489254,False,CALL,2026-12-18,ISRG
ISRG261218C00560000,560.0,48.2,43.2,49.5,1.0,121.0,0.37095508201599114,False,CALL,2026-12-18,ISRG
ISRG261218C00580000,580.0,40.1,35.7,42.9,14.0,269.0,0.3678270615386964,False,CALL,2026-12-18,ISRG
ISRG261218C00600000,600.0,33.83,29.5,35.0,1.0,342.0,0.3535297191619873,False,CALL,2026-12-18,ISRG
ISRG261218C00620000,620.0,28.19,25.6,31.1,6.0,211.0,0.357779249420166,False,CALL,2026-12-18,ISRG
ISRG261218C00640000,640.0,24.22,20.9,26.6,1.0,205.0,0.3553149796295165,False,CALL,2026-12-18,ISRG
ISRG261218P00360000,360.0,8.3,6.6,12.2,2.0,40.0,0.3620974435424804,False,PUT,2026-12-18,ISRG
ISRG261218P00370000,370.0,10.0,9.5,13.2,5.0,15.0,0.3508365698242187,False,PUT,2026-12-18,ISRG
ISRG261218P00380000,380.0,11.6,10.8,17.7,1.0,36.0,0.36997089996337884,False,PUT,2026-12-18,ISRG
ISRG261218P00390000,390.0,12.2,11.1,17.4,12.0,58.0,0.3452366502380371,False,PUT,2026-12-18,ISRG
ISRG261218P00400000,400.0,16.0,13.2,18.0,1.0,59.0,0.328208011932373,False,PUT,2026-12-18,ISRG
ISRG261218P00410000,410.0,17.09,16.3,21.6,1.0,7.0,0.33351801742553716,False,PUT,2026-12-18,ISRG
ISRG261218P00420000,420.0,22.1,20.2,25.6,20.0,36.0,0.3390416438293457,False,PUT,2026-12-18,ISRG
ISRG261218P00430000,430.0,21.0,22.2,29.0,2.0,126.0,0.338248194732666,False,PUT,2026-12-18,ISRG
ISRG261218P00440000,440.0,26.7,25.0,29.2,2.0,34.0,0.31560437820434567,False,PUT,2026-12-18,ISRG
ISRG261218P00450000,450.0,31.6,28.8,35.0,2.0,65.0,0.3270636141967773,False,PUT,2026-12-18,ISRG
ISRG261218P00460000,460.0,34.74,32.0,38.9,1.0,34.0,0.3248968878173828,False,PUT,2026-12-18,ISRG
ISRG261218P00470000,470.0,36.1,35.1,39.0,1.0,40.0,0.29965147377014156,False,PUT,2026-12-18,ISRG
ISRG261218P00480000,480.0,31.4,40.0,46.0,2.0,78.0,0.312407693862915,False,PUT,2026-12-18,ISRG
ISRG261218P00490000,490.0,40.0,43.5,49.5,1.0,47.0,0.3040307024383544,False,PUT,2026-12-18,ISRG
ISRG261218P00500000,500.0,50.0,48.0,54.7,1.0,144.0,0.3035271674346923,False,PUT,2026-12-18,ISRG
ISRG261218P00520000,520.0,53.32,57.0,64.7,1.0,156.0,0.2960962114715576,True,PUT,2026-12-18,ISRG
ISRG261218P00540000,540.0,64.2,70.1,73.4,10.0,200.0,0.27617606155395497,True,PUT,2026-12-18,ISRG
ISRG261218P00560000,560.0,75.2,81.3,88.0,16.0,175.0,0.2820124900054931,True,PUT,2026-12-18,ISRG
ISRG261218P00580000,580.0,96.3,95.7,98.6,13.0,68.0,0.2599637602996826,True,PUT,2026-12-18,ISRG
ISRG261218P00600000,600.0,101.1,109.3,112.8,3.0,48.0,0.25171646728515623,True,PUT,2026-12-18,ISRG
ISRG261218P00620000,620.0,81.4,124.3,130.9,2.0,11.0,0.2633893241882324,True,PUT,2026-12-18,ISRG
ISRG261218P00640000,640.0,94.8,142.2,149.0,2.0,0.0,0.2722088160705566,True,PUT,2026-12-18,ISRG
ISRG270115C00360000,360.0,245.0,165.9,174.9,1.0,10.0,0.5002796554565431,True,CALL,2027-01-15,ISRG
ISRG270115C00370000,370.0,226.03,157.9,166.9,15.0,29.0,0.48988852401733407,True,CALL,2027-01-15,ISRG
ISRG270115C00380000,380.0,203.0,225.0,231.5,10.0,10.0,0.9511723632812499,True,CALL,2027-01-15,ISRG
ISRG270115C00390000,390.0,183.46,142.0,150.0,1.0,12.0,0.461217546081543,True,CALL,2027-01-15,ISRG
ISRG270115C00400000,400.0,138.8,134.2,142.0,2.0,154.0,0.44946839599609373,True,CALL,2027-01-15,ISRG
ISRG270115C00410000,410.0,150.0,127.0,133.4,1.0,45.0,0.4333323879241944,True,CALL,2027-01-15,ISRG
ISRG270115C00420000,420.0,153.0,121.0,127.8,1.0,22.0,0.4356898472595215,True,CALL,2027-01-15,ISRG
ISRG270115C00430000,430.0,120.0,114.1,120.8,1.0,16.0,0.42815971015930177,True,CALL,2027-01-15,ISRG
ISRG270115C00440000,440.0,117.4,106.4,115.0,2.0,27.0,0.4268322087860108,True,CALL,2027-01-15,ISRG
ISRG270115C00450000,450.0,108.21,99.0,107.7,5.0,74.0,0.4158307318878174,True,CALL,2027-01-15,ISRG
ISRG270115C00460000,460.0,116.0,95.2,102.0,1.0,50.0,0.4130612893676757,True,CALL,2027-01-15,ISRG
ISRG270115C00470000,470.0,94.6,87.1,95.8,1.0,46.0,0.40654585159301754,True,CALL,2027-01-15,ISRG
ISRG270115C00480000,480.0,91.1,83.0,90.0,2.0,50.0,0.4012968806457519,True,CALL,2027-01-15,ISRG
ISRG270115C00490000,490.0,83.1,77.9,84.8,1.0,142.0,0.39826041198730466,True,CALL,2027-01-15,ISRG
ISRG270115C00500000,500.0,80.0,73.1,79.6,3.0,249.0,0.39423976127624516,True,CALL,2027-01-15,ISRG
ISRG270115C00510000,510.0,92.59,68.0,75.0,1.0,33.0,0.39234769035339356,False,CALL,2027-01-15,ISRG
ISRG270115C00520000,520.0,79.52,63.7,70.0,3.0,91.0,0.3874420387268066,False,CALL,2027-01-15,ISRG
ISRG270115C00530000,530.0,63.5,58.4,66.0,1.0,96.0,0.3866714775848388,False,CALL,2027-01-15,ISRG
ISRG270115C00540000,540.0,58.3,54.1,62.0,5.0,178.0,0.38495488098144526,False,CALL,2027-01-15,ISRG
ISRG270115C00550000,550.0,54.1,50.2,57.5,4.0,104.0,0.37978983253479004,False,CALL,2027-01-15,ISRG
ISRG270115C00560000,560.0,49.84,45.8,53.4,7.0,219.0,0.37572340591430664,False,CALL,2027-01-15,ISRG
ISRG270115C00570000,570.0,55.4,43.4,48.3,4.0,66.0,0.36562218856811524,False,CALL,2027-01-15,ISRG
ISRG270115C00580000,580.0,51.7,39.2,44.5,7.0,378.0,0.36117429603576656,False,CALL,2027-01-15,ISRG
ISRG270115C00600000,600.0,37.0,34.1,39.6,3.0,359.0,0.3637148590087891,False,CALL,2027-01-15,ISRG
ISRG270115C00620000,620.0,33.6,28.0,33.3,6.0,366.0,0.3554294194030761,False,CALL,2027-01-15,ISRG
ISRG270115C00640000,640.0,26.9,23.6,29.1,30.0,206.0,0.35536838485717764,False,CALL,2027-01-15,ISRG
ISRG270115P00360000,360.0,9.8,7.8,13.7,2.0,53.0,0.36202115036010746,False,PUT,2027-01-15,ISRG
ISRG270115P00370000,370.0,11.5,9.4,15.3,1.0,118.0,0.3557193334960937,False,PUT,2027-01-15,ISRG
ISRG270115P00380000,380.0,10.85,11.1,17.0,10.0,38.0,0.3491581198120117,False,PUT,2027-01-15,ISRG
ISRG270115P00390000,390.0,15.8,15.7,18.5,2.0,85.0,0.3399571620178223,False,PUT,2027-01-15,ISRG
ISRG270115P00400000,400.0,15.62,15.1,20.5,1.0,167.0,0.3336858624267578,False,PUT,2027-01-15,ISRG
ISRG270115P00410000,410.0,19.78,17.5,22.9,12.0,150.0,0.32913878875732416,False,PUT,2027-01-15,ISRG
ISRG270115P00420000,420.0,21.8,22.9,25.7,1.0,194.0,0.32594973373413083,False,PUT,2027-01-15,ISRG
ISRG270115P00430000,430.0,21.95,23.5,28.3,5.0,86.0,0.32011330528259263,False,PUT,2027-01-15,ISRG
ISRG270115P00440000,440.0,29.7,27.4,32.7,42.0,403.0,0.3239966282653808,False,PUT,2027-01-15,ISRG
ISRG270115P00450000,450.0,32.4,30.6,33.5,6.0,93.0,0.3050606604003906,False,PUT,2027-01-15,ISRG
ISRG270115P00460000,460.0,35.95,33.8,40.7,1.0,67.0,0.3217993846130371,False,PUT,2027-01-15,ISRG
ISRG270115P00470000,470.0,40.6,37.3,41.0,3.0,158.0,0.2984231535339355,False,PUT,2027-01-15,ISRG
ISRG270115P00480000,480.0,36.51,42.2,48.2,1.0,40.0,0.31143877044677726,False,PUT,2027-01-15,ISRG
ISRG270115P00490000,490.0,42.7,47.6,50.6,1.0,150.0,0.29743134216308587,False,PUT,2027-01-15,ISRG
ISRG270115P00500000,500.0,52.1,50.2,57.4,5.0,372.0,0.3050911776733398,False,PUT,2027-01-15,ISRG
ISRG270115P00510000,510.0,57.1,54.5,62.0,3.0,89.0,0.3000176810455323,True,PUT,2027-01-15,ISRG
ISRG270115P00520000,520.0,61.7,60.5,66.4,3.0,209.0,0.2926859062194824,True,PUT,2027-01-15,ISRG
ISRG270115P00530000,530.0,67.0,65.7,72.6,9.0,61.0,0.2931970705413818,True,PUT,2027-01-15,ISRG
ISRG270115P00540000,540.0,73.2,72.5,76.7,20.0,212.0,0.2817759811401367,True,PUT,2027-01-15,ISRG
ISRG270115P00550000,550.0,79.3,78.1,83.7,9.0,219.0,0.28379775047302236,True,PUT,2027-01-15,ISRG
ISRG270115P00560000,560.0,72.5,83.4,90.0,3.0,131.0,0.28100541999816886,True,PUT,2027-01-15,ISRG
ISRG270115P00570000,570.0,89.4,89.5,95.8,2.0,90.0,0.2742611026763916,True,PUT,2027-01-15,ISRG
ISRG270115P00580000,580.0,87.0,96.6,103.4,3.0,47.0,0.2758174835968017,True,PUT,2027-01-15,ISRG
ISRG270115P00600000,600.0,91.1,111.1,117.0,1.0,31.0,0.2664715687561035,True,PUT,2027-01-15,ISRG
ISRG270115P00620000,620.0,108.12,126.0,133.3,2.0,7.0,0.2679669151306152,True,PUT,2027-01-15,ISRG
ISRG270115P00640000,640.0,110.6,142.0,150.0,1.0,4.0,0.26805846694946284,True,PUT,2027-01-15,ISRG
ISRG280121C00360000,360.0,239.22,193.0,200.0,1.0,4.0,0.4790167455291747,True,CALL,2028-01-21,ISRG
ISRG280121C00370000,370.0,135.05,230.0,239.0,1.0,5.0,0.6725496612548829,True,CALL,2028-01-21,ISRG
ISRG280121C00380000,380.0,250.95,178.0,186.0,5.0,10.0,0.4648262136077881,True,CALL,2028-01-21,ISRG
ISRG280121C00390000,390.0,135.73,216.0,224.0,2.0,2.0,0.645259589920044,True,CALL,2028-01-21,ISRG
ISRG280121C00400000,400.0,187.9,165.0,173.0,1.0,62.0,0.45386288330078123,True,CALL,2028-01-21,ISRG
ISRG280121C00410000,410.0,218.95,228.0,234.0,1.0,2.0,0.7328517926025391,True,CALL,2028-01-21,ISRG
ISRG280121C00420000,420.0,196.78,152.0,160.0,4.0,3.0,0.4413584307098388,True,CALL,2028-01-21,ISRG
ISRG280121C00430000,430.0,173.0,145.0,154.0,1.0,53.0,0.4366663999938965,True,CALL,2028-01-21,ISRG
ISRG280121C00440000,440.0,183.12,140.0,148.0,1.0,33.0,0.4315547567749024,True,CALL,2028-01-21,ISRG
ISRG280121C00450000,450.0,156.0,134.0,142.0,3.0,16.0,0.4260540183258057,True,CALL,2028-01-21,ISRG
ISRG280121C00460000,460.0,158.0,128.0,136.1,1.0,10.0,0.42056853851318365,True,CALL,2028-01-21,ISRG
ISRG280121C00470000,470.0,151.0,123.0,131.0,2.0,6.0,0.4177838373565673,True,CALL,2028-01-21,ISRG
ISRG280121C00480000,480.0,137.49,117.0,126.0,1.0,1.0,0.41493047233581537,True,CALL,2028-01-21,ISRG
ISRG280121C00490000,490.0,154.0,113.0,121.0,1.0,5.0,0.4116269775390625,True,CALL,2028-01-21,ISRG
ISRG280121C00500000,500.0,111.0,110.0,116.0,25.0,29.0,0.4079038702392578,True,CALL,2028-01-21,ISRG
ISRG280121C00510000,510.0,108.04,104.0,111.0,36.0,32.0,0.4037687797546387,False,CALL,2028-01-21,ISRG
ISRG280121C00520000,520.0,103.22,98.5,107.0,127.0,2423.0,0.40285326156616214,False,CALL,2028-01-21,ISRG
ISRG280121C00530000,530.0,98.66,93.7,102.0,117.0,2400.0,0.39790183403015134,False,CALL,2028-01-21,ISRG
ISRG280121C00540000,540.0,97.4,90.0,97.9,5.0,35.0,0.395788512878418,False,CALL,2028-01-21,ISRG
ISRG280121C00550000,550.0,102.22,85.0,94.0,1.0,15.0,0.39397273513793946,False,CALL,2028-01-21,ISRG
ISRG280121C00560000,560.0,111.42,82.1,91.0,1.0,4.0,0.39493402923583987,False,CALL,2028-01-21,ISRG
ISRG280121C00570000,570.0,94.03,78.0,86.0,1.0,11.0,0.38841859146118163,False,CALL,2028-01-21,ISRG
ISRG280121C00580000,580.0,87.52,74.0,83.0,1.0,11.0,0.38857880714416504,False,CALL,2028-01-21,ISRG
ISRG280121C00590000,590.0,125.4,71.0,79.0,1.0,12.0,0.38483281188964835,False,CALL,2028-01-21,ISRG
ISRG280121C00600000,600.0,82.1,68.0,76.0,1.0,10.0,0.3842300957489013,False,CALL,2028-01-21,ISRG
ISRG280121C00620000,620.0,67.1,62.0,68.9,1.0,11.0,0.37803127468109127,False,CALL,2028-01-21,ISRG
ISRG280121C00640000,640.0,68.04,56.0,64.0,325.0,370.0,0.3782258222961425,False,CALL,2028-01-21,ISRG
ISRG280121P00360000,360.0,19.3,22.3,25.4,1.0,2.0,0.32363805030822745,False,PUT,2028-01-21,ISRG
ISRG280121P00380000,380.0,28.1,27.1,31.1,1.0,54.0,0.3196250289154051,False,PUT,2028-01-21,ISRG
ISRG280121P00390000,390.0,27.14,28.0,33.8,4.0,3.0,0.31560437820434567,False,PUT,2028-01-21,ISRG
ISRG280121P00400000,400.0,30.48,31.0,37.5,8.0,40.0,0.31558911956787106,False,PUT,2028-01-21,ISRG
ISRG280121P00410000,410.0,33.05,34.0,41.1,2.0,1.0,0.31417006637573236,False,PUT,2028-01-21,ISRG
ISRG280121P00420000,420.0,35.7,38.9,46.0,1.0,9.0,0.3175498543548584,False,PUT,2028-01-21,ISRG
ISRG280121P00430000,430.0,32.87,41.2,49.0,1.0,3.0,0.31188127090454093,False,PUT,2028-01-21,ISRG
ISRG280121P00440000,440.0,48.1,0.0,49.4,2.0,7.0,0.29510440010070804,False,PUT,2028-01-21,ISRG
ISRG280121P00450000,450.0,51.56,48.0,53.6,1.0,15.0,0.2934640966796874,False,PUT,2028-01-21,ISRG
ISRG280121P00460000,460.0,48.52,52.0,57.5,1.0,2.0,0.28990883438110343,False,PUT,2028-01-21,ISRG
ISRG280121P00470000,470.0,49.3,0.0,48.0,6.0,2.0,0.23491670852661134,False,PUT,2028-01-21,ISRG
ISRG280121P00480000,480.0,55.12,0.0,51.0,1.0,2.0,0.22779092529296874,False,PUT,2028-01-21,ISRG
ISRG280121P00490000,490.0,52.0,66.4,73.4,1.0,2.0,0.29087012847900384,False,PUT,2028-01-21,ISRG
ISRG280121P00500000,500.0,66.29,69.2,76.5,1.0,33.0,0.2817607225036621,False,PUT,2028-01-21,ISRG
ISRG280121P00510000,510.0,65.5,54.4,61.0,1.0,8.0,0.20589478195190425,True,PUT,2028-01-21,ISRG
ISRG280121P00520000,520.0,76.91,63.5,69.0,,5.0,0.2135164708709717,True,PUT,2028-01-21,ISRG
ISRG280121P00540000,540.0,83.35,90.0,98.1,1.0,2.0,0.27233851448059077,True,PUT,2028-01-21,ISRG
ISRG280121P00550000,550.0,75.0,96.0,103.7,1.0,3.0,0.2690960542297363,True,PUT,2028-01-21,ISRG
ISRG280121P00570000,570.0,144.6,0.0,0.0,,0.0,1.0000000000000003e-05,True,PUT,2028-01-21,ISRG
ISRG280121P00580000,580.0,81.6,115.0,122.0,1.0,2.0,0.2609021664428711,True,PUT,2028-01-21,ISRG
ISRG280121P00590000,590.0,110.97,121.0,128.0,1.0,2.0,0.25653056709289557,True,PUT,2028-01-21,ISRG
ISRG280121P00600000,600.0,90.0,128.0,135.1,1.0,1.0,0.2555311264038086,True,PUT,2028-01-21,ISRG
ISRG280121P00640000,640.0,140.97,115.8,123.0,1.0,1.0,1.0000000000000003e-05,True,PUT,2028-01-21,ISRG
ITUB260220C00007000,7.0,1.15,1.45,2.4,7.0,3.0,0.7851583984375,True,CALL,2026-02-20,ITUB
ITUB260220C00008000,8.0,0.98,0.75,1.0,4.0,206.0,0.5585981640625001,True,CALL,2026-02-20,ITUB
ITUB260220C00009000,9.0,0.24,0.1,0.25,1723.0,839.0,0.36524072265625,False,CALL,2026-02-20,ITUB
ITUB260220P00007000,7.0,0.06,0.0,0.1,1.0,11.0,0.6718782812500002,False,PUT,2026-02-20,ITUB
ITUB260220P00008000,8.0,0.11,0.0,0.3,1.0,1.0,0.5351608984375,False,PUT,2026-02-20,ITUB
ITUB260320C00007000,7.0,1.7,1.5,2.45,2.0,2.0,0.6054726953125001,True,CALL,2026-03-20,ITUB
ITUB260320C00008000,8.0,1.03,0.8,1.35,2.0,26.0,0.6953155468750001,True,CALL,2026-03-20,ITUB
ITUB260320C00009000,9.0,0.05,0.0,0.15,2.0,2325.0,0.16797707031250003,False,CALL,2026-03-20,ITUB
ITUB260320P00007000,7.0,0.15,0.0,1.25,2.0,42.0,1.15625421875,False,PUT,2026-03-20,ITUB
ITUB260320P00008000,8.0,0.15,0.0,0.3,11.0,11.0,0.5039112109375,False,PUT,2026-03-20,ITUB
ITUB260618C00007000,7.0,1.5,1.55,2.7,1.0,12.0,0.8378922460937499,True,CALL,2026-06-18,ITUB
ITUB260618C00008000,8.0,1.25,1.0,1.35,41.0,938.0,0.41797457031249996,True,CALL,2026-06-18,ITUB
ITUB260618C00009000,9.0,1.28,0.55,0.75,16.0,923.0,0.375982802734375,False,CALL,2026-06-18,ITUB
ITUB260618C00010000,10.0,0.15,0.0,0.75,3.0,3.0,0.5371140039062501,False,CALL,2026-06-18,ITUB
ITUB260618P00007000,7.0,0.5,0.1,0.85,1.0,1.0,0.6025430371093752,False,PUT,2026-06-18,ITUB
ITUB260618P00009000,9.0,0.86,0.0,4.8,1.0,0.0,1.0673874755859378,True,PUT,2026-06-18,ITUB
ITUB260918P00007000,7.0,0.4,0.0,4.8,3.0,3.0,1.3505891845703122,False,PUT,2026-09-18,ITUB
ITUB270115C00007000,7.0,2.35,2.0,2.65,5.0,100.0,0.5117236328125,True,CALL,2027-01-15,ITUB
ITUB270115C00010000,10.0,1.4,0.75,0.95,16.0,55.0,0.398443515625,False,CALL,2027-01-15,ITUB
ITUB270115P00007000,7.0,0.5,0.3,0.7,1.0,2558.0,0.4687553125,False,PUT,2027-01-15,ITUB
ITUB270115P00010000,10.0,3.62,1.6,6.0,4.0,4.0,0.8916026464843749,True,PUT,2027-01-15,ITUB
JD260130C00022000,22.0,7.41,6.55,8.5,10.0,8.0,3.50000125,True,CALL,2026-01-30,JD
JD260130C00023000,23.0,6.51,5.2,7.2,13.0,7.0,2.2109419726562494,True,CALL,2026-01-30,JD
JD260130C00025000,25.0,4.36,3.8,4.5,3.0,581.0,1.4140654296875002,True,CALL,2026-01-30,JD
JD260130C00025500,25.5,4.07,2.19,5.0,2.0,3.0,1.0468797656250002,True,CALL,2026-01-30,JD
JD260130C00026000,26.0,2.97,2.75,3.2,2.0,49.0,1.2578162109375,True,CALL,2026-01-30,JD
JD260130C00026500,26.5,2.85,2.23,3.55,1.0,12.0,1.47265888671875,True,CALL,2026-01-30,JD
JD260130C00027000,27.0,2.42,1.81,2.43,10.0,306.0,0.7421900781249999,True,CALL,2026-01-30,JD
JD260130C00027500,27.5,1.49,1.32,1.66,11.0,43.0,0.6914093359375001,True,CALL,2026-01-30,JD
JD260130C00028000,28.0,0.93,1.0,1.14,30.0,379.0,0.49219257812500006,True,CALL,2026-01-30,JD
JD260130C00028500,28.5,1.25,0.53,0.7,55.0,378.0,0.41797457031249996,True,CALL,2026-01-30,JD
JD260130C00029000,29.0,0.26,0.23,0.3,648.0,4241.0,0.31641308593749995,True,CALL,2026-01-30,JD
JD260130C00029500,29.5,0.09,0.07,0.1,994.0,4050.0,0.30664755859375,False,CALL,2026-01-30,JD
JD260130C00030000,30.0,0.03,0.02,0.04,3405.0,6375.0,0.35156898437499995,False,CALL,2026-01-30,JD
JD260130C00030500,30.5,0.03,0.01,0.03,611.0,8897.0,0.445318046875,False,CALL,2026-01-30,JD
JD260130C00031000,31.0,0.01,0.01,0.03,434.0,11698.0,0.507817421875,False,CALL,2026-01-30,JD
JD260130C00031500,31.5,0.01,0.0,0.02,401.0,3924.0,0.5468795312500001,False,CALL,2026-01-30,JD
JD260130C00032000,32.0,0.01,0.0,0.01,83.0,2838.0,0.5625043750000001,False,CALL,2026-01-30,JD
JD260130C00032500,32.5,0.02,0.0,0.51,46.0,353.0,1.455080849609375,False,CALL,2026-01-30,JD
JD260130C00033000,33.0,0.02,0.0,0.01,67.0,2767.0,0.7187528125,False,CALL,2026-01-30,JD
JD260130C00033500,33.5,0.01,0.0,1.2,4.0,11.0,2.3046917382812495,False,CALL,2026-01-30,JD
JD260130C00034000,34.0,0.02,0.0,0.04,1.0,475.0,1.0468797656250002,False,CALL,2026-01-30,JD
JD260130C00035000,35.0,0.01,0.0,0.01,1.0,437.0,1.000005,False,CALL,2026-01-30,JD
JD260130C00036000,36.0,0.01,0.0,0.05,20.0,69.0,1.40625296875,False,CALL,2026-01-30,JD
JD260130C00037000,37.0,0.01,0.0,0.2,20.0,20.0,1.984375078125,False,CALL,2026-01-30,JD
JD260130P00022000,22.0,0.38,0.0,0.25,,1.0,2.4531288671875,False,PUT,2026-01-30,JD
JD260130P00025000,25.0,0.01,0.0,0.1,5.0,69.0,1.2265663671875,False,PUT,2026-01-30,JD
JD260130P00026000,26.0,0.01,0.0,0.02,1.0,364.0,0.7187528125,False,PUT,2026-01-30,JD
JD260130P00026500,26.5,0.02,0.0,0.55,1.0,1798.0,1.36328443359375,False,PUT,2026-01-30,JD
JD260130P00027000,27.0,0.01,0.0,0.03,1.0,623.0,0.5468795312500001,False,PUT,2026-01-30,JD
JD260130P00027500,27.5,0.01,0.01,0.03,6.0,850.0,0.49219257812500006,False,PUT,2026-01-30,JD
JD260130P00028000,28.0,0.02,0.01,0.03,56.0,2878.0,0.367193828125,False,PUT,2026-01-30,JD
JD260130P00028500,28.5,0.05,0.04,0.07,214.0,3817.0,0.304694453125,False,PUT,2026-01-30,JD
JD260130P00029000,29.0,0.21,0.18,0.22,700.0,5955.0,0.28711650390624993,False,PUT,2026-01-30,JD
JD260130P00029500,29.5,0.54,0.48,0.58,545.0,4003.0,0.35547519531249994,True,PUT,2026-01-30,JD
JD260130P00030000,30.0,0.96,0.92,1.08,84.0,1123.0,0.5293015820312501,True,PUT,2026-01-30,JD
JD260130P00030500,30.5,1.44,0.69,1.94,10.0,164.0,1.2109414453124998,True,PUT,2026-01-30,JD
JD260130P00031000,31.0,1.61,1.33,2.22,1.0,470.0,1.0664109179687502,True,PUT,2026-01-30,JD
JD260130P00031500,31.5,2.27,0.54,3.85,2.0,29.0,2.728518803710937,True,PUT,2026-01-30,JD
JD260130P00032000,32.0,3.1,2.41,3.25,1.0,122.0,1.41015919921875,True,PUT,2026-01-30,JD
JD260130P00032500,32.5,2.98,1.54,4.8,10.0,17.0,3.02343994140625,True,PUT,2026-01-30,JD
JD260130P00033000,33.0,3.94,3.8,4.8,1.0,1.0,1.7695324023437498,True,PUT,2026-01-30,JD
JD260130P00034000,34.0,4.5,4.45,5.5,1.0,1.0,1.125004375,True,PUT,2026-01-30,JD
JD260130P00035000,35.0,5.9,3.85,8.0,3.0,11.0,4.693363508300782,True,PUT,2026-01-30,JD
JD260130P00037000,37.0,7.8,5.8,9.65,4.0,0.0,4.798832126464843,True,PUT,2026-01-30,JD
JD260206C00022000,22.0,7.85,6.8,8.35,2.0,2.0,1.705079599609375,True,CALL,2026-02-06,JD
JD260206C00023000,23.0,6.95,5.75,7.35,2.0,0.0,1.482424462890625,True,CALL,2026-02-06,JD
JD260206C00024000,24.0,5.1,4.8,6.35,1.0,2.0,1.3144565527343748,True,CALL,2026-02-06,JD
JD260206C00024500,24.5,5.5,3.3,6.05,2.0,2.0,0.7773459765625,True,CALL,2026-02-06,JD
JD260206C00025000,25.0,4.75,3.95,4.35,100.0,175.0,0.6660189648437502,True,CALL,2026-02-06,JD
JD260206C00025500,25.5,4.4,2.31,4.85,10.0,2.0,1.5917989160156247,True,CALL,2026-02-06,JD
JD260206C00026000,26.0,3.95,1.81,4.35,2.0,14.0,1.474612001953125,True,CALL,2026-02-06,JD
JD260206C00026500,26.5,3.34,2.25,3.65,1.0,1.0,0.7421900781249999,True,CALL,2026-02-06,JD
JD260206C00027000,27.0,2.35,1.91,3.2,1.0,111.0,0.7246121289062499,True,CALL,2026-02-06,JD
JD260206C00027500,27.5,2.03,1.45,1.83,1.0,183.0,0.4687553125,True,CALL,2026-02-06,JD
JD260206C00028000,28.0,1.23,1.17,1.31,343.0,72.0,0.36426416992187505,True,CALL,2026-02-06,JD
JD260206C00028500,28.5,0.82,0.84,0.93,72.0,503.0,0.3398503515625,True,CALL,2026-02-06,JD
JD260206C00029000,29.0,0.59,0.57,0.64,162.0,511.0,0.336920693359375,True,CALL,2026-02-06,JD
JD260206C00029500,29.5,0.4,0.37,0.42,120.0,144.0,0.336920693359375,False,CALL,2026-02-06,JD
JD260206C00030000,30.0,0.25,0.23,0.28,353.0,3301.0,0.34961587890624996,False,CALL,2026-02-06,JD
JD260206C00030500,30.5,0.15,0.15,0.19,186.0,204.0,0.366217275390625,False,CALL,2026-02-06,JD
JD260206C00031000,31.0,0.12,0.11,0.14,85.0,1798.0,0.39258419921875,False,CALL,2026-02-06,JD
JD260206C00031500,31.5,0.08,0.07,0.1,160.0,452.0,0.41211525390625,False,CALL,2026-02-06,JD
JD260206C00032000,32.0,0.06,0.05,0.08,99.0,1558.0,0.44336494140625,False,CALL,2026-02-06,JD
JD260206C00032500,32.5,0.08,0.0,0.09,2.0,25.0,0.5097705273437501,False,CALL,2026-02-06,JD
JD260206C00033000,33.0,0.03,0.03,0.04,1.0,288.0,0.4726615234375,False,CALL,2026-02-06,JD
JD260206C00033500,33.5,0.06,0.01,0.1,1.0,3.0,0.5468795312500001,False,CALL,2026-02-06,JD
JD260206C00034000,34.0,0.03,0.02,0.03,14.0,290.0,0.51562984375,False,CALL,2026-02-06,JD
JD260206C00035000,35.0,0.03,0.01,0.05,1.0,538.0,0.6093789062500001,False,CALL,2026-02-06,JD
JD260206C00036000,36.0,0.06,0.0,0.05,,6.0,0.6640658593750002,False,CALL,2026-02-06,JD
JD260206P00021000,21.0,0.14,0.0,1.5,5.0,5.0,2.160160849609375,False,PUT,2026-02-06,JD
JD260206P00024000,24.0,0.01,0.0,1.26,2.0,5.0,1.4140654296875002,False,PUT,2026-02-06,JD
JD260206P00025000,25.0,0.11,0.0,1.0,10.0,66.0,1.1064497802734377,False,PUT,2026-02-06,JD
JD260206P00025500,25.5,0.12,0.0,1.25,,10.0,1.1123091259765625,False,PUT,2026-02-06,JD
JD260206P00026000,26.0,0.05,0.0,0.13,12.0,101.0,0.5742230078125,False,PUT,2026-02-06,JD
JD260206P00026500,26.5,0.03,0.0,0.09,2.0,12.0,0.45117736328125,False,PUT,2026-02-06,JD
JD260206P00027000,27.0,0.09,0.04,0.13,3.0,274.0,0.42578699218750005,False,PUT,2026-02-06,JD
JD260206P00027500,27.5,0.08,0.08,0.1,1011.0,15.0,0.32227240234374993,False,PUT,2026-02-06,JD
JD260206P00028000,28.0,0.16,0.14,0.18,79.0,1231.0,0.31055376953124997,False,PUT,2026-02-06,JD
JD260206P00028500,28.5,0.3,0.28,0.35,1659.0,805.0,0.32520206054687495,False,PUT,2026-02-06,JD
JD260206P00029000,29.0,0.54,0.48,0.55,229.0,1750.0,0.317389638671875,False,PUT,2026-02-06,JD
JD260206P00029500,29.5,0.81,0.78,0.85,365.0,309.0,0.32813171874999997,True,PUT,2026-02-06,JD
JD260206P00030000,30.0,1.15,1.13,1.22,82.0,1569.0,0.34570966796874997,True,PUT,2026-02-06,JD
JD260206P00030500,30.5,1.12,0.85,1.85,10.0,70.0,0.514653291015625,True,PUT,2026-02-06,JD
JD260206P00031000,31.0,1.4,1.31,2.27,2.0,52.0,0.5390671093750001,True,PUT,2026-02-06,JD
JD260206P00031500,31.5,1.87,1.7,2.8,70.0,70.0,0.6347692773437501,True,PUT,2026-02-06,JD
JD260206P00032000,32.0,2.84,2.03,3.25,28.0,67.0,0.6640658593750002,True,PUT,2026-02-06,JD
JD260206P00032500,32.5,3.4,3.15,3.7,4.0,10.0,0.68555001953125,True,PUT,2026-02-06,JD
JD260206P00033000,33.0,3.15,2.05,5.8,31.0,31.0,1.7968760156249999,True,PUT,2026-02-06,JD
JD260206P00034000,34.0,4.55,3.0,6.35,20.0,28.0,1.681642216796875,True,PUT,2026-02-06,JD
JD260206P00035000,35.0,5.28,4.7,6.3,5.0,13.0,1.0644578027343752,True,PUT,2026-02-06,JD
JD260206P00036000,36.0,6.8,4.85,8.9,,0.0,2.28906677734375,True,PUT,2026-02-06,JD
JD260213C00021000,21.0,9.05,7.8,9.1,2.0,1.0,1.3144565527343748,True,CALL,2026-02-13,JD
JD260213C00022000,22.0,8.0,6.2,8.55,8.0,2.0,1.0996138769531252,True,CALL,2026-02-13,JD
JD260213C00023000,23.0,7.05,5.7,7.2,2.0,2.0,1.0312548437500002,True,CALL,2026-02-13,JD
JD260213C00024000,24.0,6.0,4.75,5.95,4.0,2.0,0.81445498046875,True,CALL,2026-02-13,JD
JD260213C00025000,25.0,4.65,3.75,5.15,,25.0,0.7597680273437502,True,CALL,2026-02-13,JD
JD260213C00026000,26.0,4.0,1.66,4.6,2.0,5.0,1.2275429248046876,True,CALL,2026-02-13,JD
JD260213C00027000,27.0,2.23,2.09,2.31,49.0,62.0,0.405279384765625,True,CALL,2026-02-13,JD
JD260213C00028000,28.0,1.45,1.38,1.48,11.0,171.0,0.35742830078125,True,CALL,2026-02-13,JD
JD260213C00029000,29.0,0.83,0.77,0.86,97.0,175.0,0.34326828613281246,True,CALL,2026-02-13,JD
JD260213C00030000,30.0,0.43,0.41,0.46,20.0,877.0,0.344733115234375,False,CALL,2026-02-13,JD
JD260213C00031000,31.0,0.24,0.22,0.28,13.0,322.0,0.379889013671875,False,CALL,2026-02-13,JD
JD260213C00032000,32.0,0.13,0.12,0.15,535.0,678.0,0.39453730468750003,False,CALL,2026-02-13,JD
JD260213C00033000,33.0,0.09,0.08,0.1,39.0,2153.0,0.43164630859375,False,CALL,2026-02-13,JD
JD260213C00034000,34.0,0.08,0.04,0.15,1.0,139.0,0.5566450585937501,False,CALL,2026-02-13,JD
JD260213C00035000,35.0,0.06,0.0,0.31,34.0,125.0,0.6347692773437501,False,CALL,2026-02-13,JD
JD260213C00036000,36.0,0.09,0.0,0.1,32.0,33.0,0.5585981640625001,False,CALL,2026-02-13,JD
JD260213P00025000,25.0,0.14,0.0,0.3,5.0,82.0,0.56055126953125,False,PUT,2026-02-13,JD
JD260213P00026000,26.0,0.19,0.04,0.43,15.0,345.0,0.516606396484375,False,PUT,2026-02-13,JD
JD260213P00027000,27.0,0.11,0.11,0.14,45.0,137.0,0.32813171874999997,False,PUT,2026-02-13,JD
JD260213P00028000,28.0,0.3,0.28,0.35,47.0,4327.0,0.32129584960937496,False,PUT,2026-02-13,JD
JD260213P00029000,29.0,0.7,0.66,0.74,22.0,426.0,0.31641308593749995,False,PUT,2026-02-13,JD
JD260213P00030000,30.0,1.36,1.28,1.39,5.0,168.0,0.33789724609375,True,PUT,2026-02-13,JD
JD260213P00031000,31.0,1.75,1.45,2.4,31.0,33.0,0.471684970703125,True,PUT,2026-02-13,JD
JD260213P00032000,32.0,2.33,2.1,3.3,95.0,128.0,0.5283250292968751,True,PUT,2026-02-13,JD
JD260213P00033000,33.0,3.92,2.97,4.8,20.0,31.0,0.8945323046874999,True,PUT,2026-02-13,JD
JD260213P00034000,34.0,4.15,3.0,6.35,30.0,35.0,1.26172244140625,True,PUT,2026-02-13,JD
JD260213P00035000,35.0,5.77,4.05,7.35,1.0,50.0,1.365237548828125,True,PUT,2026-02-13,JD
JD260220C00021000,21.0,9.05,6.8,9.35,2.0,1.0,0.5937540625000001,True,CALL,2026-02-20,JD
JD260220C00022000,22.0,8.0,6.85,8.4,2.0,122.0,1.0996138769531252,True,CALL,2026-02-20,JD
JD260220C00023000,23.0,7.05,5.8,7.3,2.0,49.0,0.9267585449218749,True,CALL,2026-02-20,JD
JD260220C00024000,24.0,6.0,3.8,6.9,2.0,29.0,0.6787141503906251,True,CALL,2026-02-20,JD
JD260220C00025000,25.0,3.85,3.9,5.15,2.0,4793.0,0.6757844921875001,True,CALL,2026-02-20,JD
JD260220C00025500,25.5,4.55,2.29,4.95,2.0,1.0,1.0380907470703127,True,CALL,2026-02-20,JD
JD260220C00026000,26.0,4.05,2.78,3.75,5.0,240.0,0.6660189648437502,True,CALL,2026-02-20,JD
JD260220C00027000,27.0,2.6,2.01,2.86,8.0,150.0,0.5820354296875,True,CALL,2026-02-20,JD
JD260220C00027500,27.5,2.0,1.67,2.06,20.0,246.0,0.393560751953125,True,CALL,2026-02-20,JD
JD260220C00028000,28.0,1.53,1.47,1.6,104.0,1512.0,0.344733115234375,True,CALL,2026-02-20,JD
JD260220C00028500,28.5,1.17,1.14,1.27,112.0,12.0,0.335944140625,True,CALL,2026-02-20,JD
JD260220C00029000,29.0,0.95,0.9,0.98,70.0,4395.0,0.3276434423828125,True,CALL,2026-02-20,JD
JD260220C00029500,29.5,0.73,0.7,0.74,376.0,950.0,0.3227606787109374,False,CALL,2026-02-20,JD
JD260220C00030000,30.0,0.55,0.51,0.58,470.0,12090.0,0.3320379296875,False,CALL,2026-02-20,JD
JD260220C00030500,30.5,0.52,0.39,0.45,14.0,327.0,0.3398503515625,False,CALL,2026-02-20,JD
JD260220C00031000,31.0,0.32,0.3,0.36,116.0,12524.0,0.352545537109375,False,CALL,2026-02-20,JD
JD260220C00031500,31.5,0.26,0.21,0.32,3.0,283.0,0.38086556640624997,False,CALL,2026-02-20,JD
JD260220C00032000,32.0,0.2,0.18,0.23,230.0,20905.0,0.375982802734375,False,CALL,2026-02-20,JD
JD260220C00032500,32.5,0.17,0.15,0.2,4.0,170.0,0.39649041015625003,False,CALL,2026-02-20,JD
JD260220C00033000,33.0,0.14,0.1,0.16,73.0,13790.0,0.4062559375,False,CALL,2026-02-20,JD
JD260220C00033500,33.5,0.32,0.0,0.5,,12.0,0.500005,False,CALL,2026-02-20,JD
JD260220C00034000,34.0,0.12,0.06,0.13,8.0,4265.0,0.44727115234375,False,CALL,2026-02-20,JD
JD260220C00035000,35.0,0.08,0.06,0.1,137.0,8886.0,0.47852083984375,False,CALL,2026-02-20,JD
JD260220C00036000,36.0,0.05,0.05,0.15,38.0,8164.0,0.53320779296875,False,CALL,2026-02-20,JD
JD260220C00037000,37.0,0.01,0.0,0.32,1.0,855.0,0.64648791015625,False,CALL,2026-02-20,JD
JD260220P00021000,21.0,0.11,0.0,0.22,40.0,0.0,0.8007832421875,False,PUT,2026-02-20,JD
JD260220P00022000,22.0,0.5,0.0,0.62,1.0,130.0,0.9091805957031249,False,PUT,2026-02-20,JD
JD260220P00023000,23.0,0.1,0.0,0.69,5.0,147.0,0.8242205078124999,False,PUT,2026-02-20,JD
JD260220P00024000,24.0,0.05,0.0,0.75,2.0,659.0,0.7334011035156249,False,PUT,2026-02-20,JD
JD260220P00025000,25.0,0.03,0.02,0.39,40.0,996.0,0.5107470800781251,False,PUT,2026-02-20,JD
JD260220P00026000,26.0,0.08,0.08,0.16,1.0,1843.0,0.38086556640624997,False,PUT,2026-02-20,JD
JD260220P00026500,26.5,0.12,0.08,0.68,3.0,14.0,0.594730615234375,False,PUT,2026-02-20,JD
JD260220P00027000,27.0,0.19,0.17,0.29,3.0,7219.0,0.35645174804687496,False,PUT,2026-02-20,JD
JD260220P00027500,27.5,0.26,0.25,0.35,3.0,36.0,0.32813171874999997,False,PUT,2026-02-20,JD
JD260220P00028000,28.0,0.4,0.37,0.42,59.0,24196.0,0.295905478515625,False,PUT,2026-02-20,JD
JD260220P00028500,28.5,0.52,0.54,0.64,9.0,2314.0,0.3090889404296875,False,PUT,2026-02-20,JD
JD260220P00029000,29.0,0.82,0.76,0.88,172.0,23444.0,0.31250687499999996,False,PUT,2026-02-20,JD
JD260220P00029500,29.5,1.2,1.04,1.15,10.0,181.0,0.31055376953124997,True,PUT,2026-02-20,JD
JD260220P00030000,30.0,1.44,1.37,1.51,50.0,15086.0,0.32617861328125,True,PUT,2026-02-20,JD
JD260220P00030500,30.5,1.78,1.75,1.88,4.0,131.0,0.33399103515625,True,PUT,2026-02-20,JD
JD260220P00031000,31.0,2.22,2.14,2.32,1.0,6017.0,0.35938140625,True,PUT,2026-02-20,JD
JD260220P00031500,31.5,2.37,1.89,2.9,,25.0,0.4414118359375,True,PUT,2026-02-20,JD
JD260220P00032000,32.0,2.78,2.76,3.35,33.0,3084.0,0.463872548828125,True,PUT,2026-02-20,JD
JD260220P00033000,33.0,3.23,3.0,4.35,11.0,4210.0,0.5468795312500001,True,PUT,2026-02-20,JD
JD260220P00034000,34.0,4.85,3.05,5.8,1.0,1655.0,0.8320329296874999,True,PUT,2026-02-20,JD
JD260220P00035000,35.0,6.04,5.85,6.35,3.0,2498.0,0.5293015820312501,True,PUT,2026-02-20,JD
JD260220P00036000,36.0,7.46,5.9,7.4,9.0,985.0,0.790041162109375,True,PUT,2026-02-20,JD
JD260220P00037000,37.0,8.14,6.2,9.1,1.0,12.0,1.1918985717773438,True,PUT,2026-02-20,JD
JD260227C00023000,23.0,7.0,5.35,7.5,2.0,1.0,0.737307314453125,True,CALL,2026-02-27,JD
JD260227C00025000,25.0,5.1,2.19,6.3,2.0,4.0,1.2861363818359375,True,CALL,2026-02-27,JD
JD260227C00026000,26.0,4.15,2.38,4.6,30.0,35.0,0.8964854101562498,True,CALL,2026-02-27,JD
JD260227C00027000,27.0,2.5,2.08,3.4,67.0,27.0,0.6948272705078126,True,CALL,2026-02-27,JD
JD260227C00028000,28.0,1.9,1.69,1.82,10.0,26.0,0.37402969726562496,True,CALL,2026-02-27,JD
JD260227C00029000,29.0,1.07,1.08,1.27,59.0,77.0,0.3745179736328125,True,CALL,2026-02-27,JD
JD260227C00030000,30.0,0.68,0.67,0.84,51.0,385.0,0.372076591796875,False,CALL,2026-02-27,JD
JD260227C00031000,31.0,0.43,0.4,0.56,18.0,214.0,0.3813538427734374,False,CALL,2026-02-27,JD
JD260227C00032000,32.0,0.28,0.26,0.38,12.0,299.0,0.39600213378906257,False,CALL,2026-02-27,JD
JD260227C00033000,33.0,0.15,0.17,0.28,1.0,655.0,0.42090422851562503,False,CALL,2026-02-27,JD
JD260227C00034000,34.0,0.17,0.1,0.2,15.0,114.0,0.43848217773437503,False,CALL,2026-02-27,JD
JD260227C00035000,35.0,0.13,0.1,0.2,67.0,210.0,0.49414568359375005,False,CALL,2026-02-27,JD
JD260227C00036000,36.0,0.1,0.0,0.28,1.0,73.0,0.5019581054687501,False,CALL,2026-02-27,JD
JD260227C00037000,37.0,0.13,0.0,0.35,2.0,25.0,0.57812921875,False,CALL,2026-02-27,JD
JD260227P00024000,24.0,0.1,0.0,2.16,1.0,2.0,0.975586181640625,False,PUT,2026-02-27,JD
JD260227P00025000,25.0,0.13,0.0,0.75,,2.0,0.543949873046875,False,PUT,2026-02-27,JD
JD260227P00026000,26.0,0.14,0.11,2.08,1.0,99.0,0.735354208984375,False,PUT,2026-02-27,JD
JD260227P00027000,27.0,0.29,0.27,0.4,37.0,295.0,0.3579165771484375,False,PUT,2026-02-27,JD
JD260227P00028000,28.0,0.55,0.52,0.66,9.0,347.0,0.3398503515625,False,PUT,2026-02-27,JD
JD260227P00029000,29.0,0.9,0.94,1.14,42.0,443.0,0.35156898437499995,False,PUT,2026-02-27,JD
JD260227P00030000,30.0,1.6,1.52,1.72,40.0,123.0,0.35205726074218746,True,PUT,2026-02-27,JD
JD260227P00031000,31.0,2.33,2.27,2.43,20.0,30.0,0.35547519531249994,True,PUT,2026-02-27,JD
JD260227P00032000,32.0,2.48,2.2,3.4,15.0,147.0,0.42627526855468756,True,PUT,2026-02-27,JD
JD260227P00033000,33.0,3.35,2.76,5.1,35.0,45.0,0.7573266455078126,True,PUT,2026-02-27,JD
JD260227P00034000,34.0,4.73,3.05,6.65,12.0,27.0,1.0205127099609377,True,PUT,2026-02-27,JD
JD260227P00035000,35.0,5.2,4.05,8.0,50.0,50.0,1.2119180029296874,True,PUT,2026-02-27,JD
JD260306C00025000,25.0,4.37,4.05,4.55,1.0,5.0,0.5434615966796876,True,CALL,2026-03-06,JD
JD260306C00030000,30.0,1.0,0.93,1.24,6.0,139.0,0.4458063232421875,False,CALL,2026-03-06,JD
JD260306C00032000,32.0,0.57,0.36,0.72,5.0,13.0,0.4721732470703125,False,CALL,2026-03-06,JD
JD260306C00033000,33.0,0.42,0.24,0.56,2.0,48.0,0.4887746435546876,False,CALL,2026-03-06,JD
JD260306C00034000,34.0,0.38,0.16,0.44,1.0,8.0,0.50586431640625,False,CALL,2026-03-06,JD
JD260306P00027000,27.0,0.5,0.41,0.59,1.0,171.0,0.38867798828125,False,PUT,2026-03-06,JD
JD260306P00028000,28.0,0.78,0.67,0.88,23.0,35.0,0.3706117626953125,False,PUT,2026-03-06,JD
JD260306P00031000,31.0,2.35,2.41,2.79,2.0,18.0,0.42969320312500003,True,PUT,2026-03-06,JD
JD260306P00033000,33.0,3.59,2.93,5.25,265.0,220.0,0.7270535107421875,True,PUT,2026-03-06,JD
JD260320C00021000,21.0,9.02,7.65,9.1,1.0,63.0,0.69336244140625,True,CALL,2026-03-20,JD
JD260320C00022000,22.0,7.7,7.0,8.1,4.0,3.0,0.7041045214843751,True,CALL,2026-03-20,JD
JD260320C00023000,23.0,6.55,6.0,7.25,3.0,265.0,0.6543003320312502,True,CALL,2026-03-20,JD
JD260320C00024000,24.0,6.2,5.1,6.25,43.0,102.0,0.5898478515625001,True,CALL,2026-03-20,JD
JD260320C00025000,25.0,4.4,4.2,4.55,21.0,4539.0,0.46289599609375004,True,CALL,2026-03-20,JD
JD260320C00026000,26.0,4.61,3.4,4.3,2.0,344.0,0.6054726953125001,True,CALL,2026-03-20,JD
JD260320C00027000,27.0,3.0,2.85,3.4,109.0,969.0,0.5327195166015625,True,CALL,2026-03-20,JD
JD260320C00028000,28.0,2.11,2.18,2.34,16.0,1465.0,0.4145566357421875,True,CALL,2026-03-20,JD
JD260320C00029000,29.0,1.64,1.65,1.77,5.0,4861.0,0.4028380029296875,True,CALL,2026-03-20,JD
JD260320C00030000,30.0,1.3,1.25,1.33,1327.0,16813.0,0.40039662109375,False,CALL,2026-03-20,JD
JD260320C00031000,31.0,0.95,0.94,1.01,195.0,9758.0,0.4067442138671875,False,CALL,2026-03-20,JD
JD260320C00032000,32.0,0.73,0.71,0.76,92.0,15507.0,0.41309180664062495,False,CALL,2026-03-20,JD
JD260320C00033000,33.0,0.56,0.43,0.61,27.0,10990.0,0.43115803222656257,False,CALL,2026-03-20,JD
JD260320C00034000,34.0,0.45,0.41,0.49,116.0,42690.0,0.44727115234375,False,CALL,2026-03-20,JD
JD260320C00035000,35.0,0.33,0.31,0.34,1341.0,31924.0,0.4414118359375,False,CALL,2026-03-20,JD
JD260320C00036000,36.0,0.29,0.23,0.32,162.0,14874.0,0.476567734375,False,CALL,2026-03-20,JD
JD260320C00037000,37.0,0.25,0.1,0.47,30.0,4968.0,0.5009815527343751,False,CALL,2026-03-20,JD
JD260320P00021000,21.0,0.08,0.0,0.14,20.0,230.0,0.5644574804687501,False,PUT,2026-03-20,JD
JD260320P00022000,22.0,0.12,0.0,0.17,2.0,121.0,0.5214891601562499,False,PUT,2026-03-20,JD
JD260320P00023000,23.0,0.13,0.0,0.21,1.0,604.0,0.4804739453125,False,PUT,2026-03-20,JD
JD260320P00024000,24.0,0.15,0.15,0.19,385.0,16079.0,0.401373173828125,False,PUT,2026-03-20,JD
JD260320P00025000,25.0,0.22,0.25,0.29,45.0,16223.0,0.38233039550781245,False,PUT,2026-03-20,JD
JD260320P00026000,26.0,0.44,0.4,0.49,178.0,22015.0,0.38184211914062494,False,PUT,2026-03-20,JD
JD260320P00027000,27.0,0.69,0.62,0.74,19.0,36006.0,0.37305314453125,False,PUT,2026-03-20,JD
JD260320P00028000,28.0,1.03,0.97,1.06,7.0,28702.0,0.35986968261718744,False,PUT,2026-03-20,JD
JD260320P00029000,29.0,1.46,1.41,1.54,102.0,22034.0,0.362311064453125,False,PUT,2026-03-20,JD
JD260320P00030000,30.0,2.06,2.01,2.12,19.0,17018.0,0.3645083081054688,True,PUT,2026-03-20,JD
JD260320P00031000,31.0,2.8,2.65,2.89,45.0,5406.0,0.39111937011718745,True,PUT,2026-03-20,JD
JD260320P00032000,32.0,3.4,3.4,3.85,12.0,7556.0,0.45117736328125,True,PUT,2026-03-20,JD
JD260320P00033000,33.0,4.04,3.7,4.65,77.0,3972.0,0.45898978515625005,True,PUT,2026-03-20,JD
JD260320P00034000,34.0,5.25,5.1,5.4,4.0,1355.0,0.43604079589843747,True,PUT,2026-03-20,JD
JD260320P00035000,35.0,6.2,5.95,6.2,2.0,7359.0,0.405279384765625,True,PUT,2026-03-20,JD
JD260320P00036000,36.0,7.36,6.3,7.7,5.0,2825.0,0.6323278955078125,True,PUT,2026-03-20,JD
JD260320P00037000,37.0,8.2,7.2,8.65,1.0,2335.0,0.6630893066406252,True,PUT,2026-03-20,JD
JD260417C00022000,22.0,8.0,0.0,0.0,2.0,10.0,1.0000000000000003e-05,True,CALL,2026-04-17,JD
JD260417C00023000,23.0,9.8,0.0,0.0,,5.0,1.0000000000000003e-05,True,CALL,2026-04-17,JD
JD260417C00024000,24.0,5.02,5.2,6.3,8.0,13.0,0.6435582519531251,True,CALL,2026-04-17,JD
JD260417C00025000,25.0,5.32,4.35,5.4,70.0,742.0,0.5883830224609375,True,CALL,2026-04-17,JD
JD260417C00026000,26.0,4.0,3.6,4.55,10.0,47.0,0.5415084912109377,True,CALL,2026-04-17,JD
JD260417C00027000,27.0,3.38,3.0,3.4,1.0,309.0,0.4282283740234375,True,CALL,2026-04-17,JD
JD260417C00028000,28.0,2.5,2.39,2.78,2.0,991.0,0.4184628466796875,True,CALL,2026-04-17,JD
JD260417C00029000,29.0,1.96,1.92,2.05,34.0,2280.0,0.375982802734375,True,CALL,2026-04-17,JD
JD260417C00030000,30.0,1.57,1.54,1.58,608.0,4198.0,0.36865865722656255,False,CALL,2026-04-17,JD
JD260417C00031000,31.0,1.18,1.19,1.3,6.0,1335.0,0.3833069482421875,False,CALL,2026-04-17,JD
JD260417C00032000,32.0,1.11,0.96,1.02,1.0,2648.0,0.38623660644531244,False,CALL,2026-04-17,JD
JD260417C00033000,33.0,0.89,0.66,0.89,1.0,2083.0,0.4101621484375,False,CALL,2026-04-17,JD
JD260417C00034000,34.0,0.61,0.53,0.77,21.0,3718.0,0.4292049267578125,False,CALL,2026-04-17,JD
JD260417C00035000,35.0,0.5,0.5,0.6,115.0,3346.0,0.4292049267578125,False,CALL,2026-04-17,JD
JD260417C00036000,36.0,0.48,0.32,0.51,3.0,1450.0,0.442388388671875,False,CALL,2026-04-17,JD
JD260417C00037000,37.0,0.39,0.25,0.61,13.0,673.0,0.5063525927734375,False,CALL,2026-04-17,JD
JD260417P00021000,21.0,0.09,0.01,0.19,30.0,479.0,0.48730981445312505,False,PUT,2026-04-17,JD
JD260417P00022000,22.0,0.15,0.1,0.42,24.0,346.0,0.5371140039062501,False,PUT,2026-04-17,JD
JD260417P00023000,23.0,0.23,0.22,0.39,20.0,75.0,0.46191944335937507,False,PUT,2026-04-17,JD
JD260417P00024000,24.0,0.31,0.34,0.55,10.0,211.0,0.45313046875,False,PUT,2026-04-17,JD
JD260417P00025000,25.0,0.63,0.51,0.7,31.0,1914.0,0.4292049267578125,False,PUT,2026-04-17,JD
JD260417P00026000,26.0,0.84,0.83,0.95,10.0,1367.0,0.41992767578125,False,PUT,2026-04-17,JD
JD260417P00027000,27.0,1.29,1.22,1.38,190.0,19876.0,0.43555251953125,False,PUT,2026-04-17,JD
JD260417P00028000,28.0,1.6,1.64,1.81,57.0,5061.0,0.43506424316406256,False,PUT,2026-04-17,JD
JD260417P00029000,29.0,2.26,2.24,2.34,33.0,4368.0,0.44043528320312497,False,PUT,2026-04-17,JD
JD260417P00030000,30.0,2.9,2.84,3.0,25.0,4622.0,0.45703667968750006,True,PUT,2026-04-17,JD
JD260417P00031000,31.0,3.66,3.5,3.8,67.0,4556.0,0.4887746435546876,True,PUT,2026-04-17,JD
JD260417P00032000,32.0,3.8,4.3,4.6,2.0,2051.0,0.5122119091796875,True,PUT,2026-04-17,JD
JD260417P00033000,33.0,4.79,5.1,5.4,100.0,1650.0,0.5278367529296876,True,PUT,2026-04-17,JD
JD260417P00034000,34.0,6.25,5.95,6.5,2.0,987.0,0.5419967675781252,True,PUT,2026-04-17,JD
JD260417P00035000,35.0,6.75,6.65,7.4,4.0,935.0,0.543949873046875,True,PUT,2026-04-17,JD
JD260417P00036000,36.0,8.55,6.5,8.35,19.0,625.0,0.65820654296875,True,PUT,2026-04-17,JD
JD260417P00037000,37.0,9.02,7.6,9.25,62.0,434.0,0.6772493212890626,True,PUT,2026-04-17,JD
JD260515C00022000,22.0,7.06,6.95,8.2,,5.0,0.6669955175781253,True,CALL,2026-05-15,JD
JD260515C00023000,23.0,6.65,6.1,7.4,,2.0,0.6445348046875,True,CALL,2026-05-15,JD
JD260515C00024000,24.0,5.65,5.2,6.4,6.0,159.0,0.5747112841796875,True,CALL,2026-05-15,JD
JD260515C00025000,25.0,4.7,4.45,5.5,4.0,41.0,0.5258836474609375,True,CALL,2026-05-15,JD
JD260515C00026000,26.0,4.9,3.8,4.25,2.0,9.0,0.40869731933593745,True,CALL,2026-05-15,JD
JD260515C00027000,27.0,3.4,3.1,3.65,60.0,63.0,0.41211525390625,True,CALL,2026-05-15,JD
JD260515C00028000,28.0,3.01,2.52,3.05,9.0,5863.0,0.40430283203125,True,CALL,2026-05-15,JD
JD260515C00029000,29.0,2.21,2.19,2.42,91.0,443.0,0.38233039550781245,True,CALL,2026-05-15,JD
JD260515C00030000,30.0,1.85,1.81,2.03,47.0,5007.0,0.38867798828125,False,CALL,2026-05-15,JD
JD260515C00031000,31.0,1.59,1.42,1.66,4.0,3815.0,0.38843385009765624,False,CALL,2026-05-15,JD
JD260515C00032000,32.0,1.3,1.14,1.39,8.0,1125.0,0.39551385742187506,False,CALL,2026-05-15,JD
JD260515C00033000,33.0,1.02,0.94,1.18,15.0,364.0,0.405279384765625,False,CALL,2026-05-15,JD
JD260515C00034000,34.0,0.89,0.78,1.0,3.0,184.0,0.41358008300781246,False,CALL,2026-05-15,JD
JD260515C00035000,35.0,0.75,0.68,0.84,169.0,7558.0,0.41992767578125,False,CALL,2026-05-15,JD
JD260515C00036000,36.0,0.76,0.52,0.83,1.0,1644.0,0.45264219238281256,False,CALL,2026-05-15,JD
JD260515C00037000,37.0,0.61,0.4,0.79,10.0,61.0,0.476567734375,False,CALL,2026-05-15,JD
JD260515P00021000,21.0,0.24,0.04,0.26,2.0,10.0,0.45264219238281256,False,PUT,2026-05-15,JD
JD260515P00022000,22.0,0.26,0.1,0.34,1.0,111.0,0.432622861328125,False,PUT,2026-05-15,JD
JD260515P00023000,23.0,0.35,0.3,0.48,10.0,33.0,0.42529871582031253,False,PUT,2026-05-15,JD
JD260515P00024000,24.0,0.52,0.5,0.64,45.0,284.0,0.41260353027343744,False,PUT,2026-05-15,JD
JD260515P00025000,25.0,0.8,0.72,0.95,4.0,67.0,0.42383388671875,False,PUT,2026-05-15,JD
JD260515P00026000,26.0,1.14,1.15,1.27,12.0,5339.0,0.422857333984375,False,PUT,2026-05-15,JD
JD260515P00027000,27.0,1.45,1.55,1.7,1.0,624.0,0.43066975585937506,False,PUT,2026-05-15,JD
JD260515P00028000,28.0,1.76,2.02,2.23,1.0,655.0,0.44336494140625,False,PUT,2026-05-15,JD
JD260515P00029000,29.0,2.62,2.57,2.75,50.0,392.0,0.4440973559570312,False,PUT,2026-05-15,JD
JD260515P00030000,30.0,3.27,3.2,3.4,23.0,707.0,0.45654840332031255,True,PUT,2026-05-15,JD
JD260515P00031000,31.0,4.1,3.9,4.2,10.0,116.0,0.48438015625,True,PUT,2026-05-15,JD
JD260515P00032000,32.0,4.28,4.45,4.95,68.0,327.0,0.4975636181640626,True,PUT,2026-05-15,JD
JD260515P00033000,33.0,5.14,5.3,5.75,41.0,338.0,0.5129443237304687,True,PUT,2026-05-15,JD
JD260515P00034000,34.0,5.9,5.6,6.6,80.0,663.0,0.5317429638671876,True,PUT,2026-05-15,JD
JD260515P00035000,35.0,7.2,6.4,7.5,82.0,77.0,0.5549360913085939,True,PUT,2026-05-15,JD
JD260515P00037000,37.0,9.05,0.0,0.0,,49.0,1.0000000000000003e-05,True,PUT,2026-05-15,JD
JD260618C00021000,21.0,7.91,7.95,9.2,1.0,0.0,0.6423375610351563,True,CALL,2026-06-18,JD
JD260618C00022000,22.0,7.02,6.9,8.35,10.0,14.0,0.6130409790039064,True,CALL,2026-06-18,JD
JD260618C00023000,23.0,7.35,6.05,7.35,10.0,146.0,0.5512740185546876,True,CALL,2026-06-18,JD
JD260618C00024000,24.0,5.58,5.2,6.45,6.0,3017.0,0.5097705273437501,True,CALL,2026-06-18,JD
JD260618C00025000,25.0,5.5,4.55,5.3,100.0,4841.0,0.422857333984375,True,CALL,2026-06-18,JD
JD260618C00026000,26.0,4.16,4.05,4.9,3.0,135.0,0.46191944335937507,True,CALL,2026-06-18,JD
JD260618C00027000,27.0,3.8,3.4,4.15,2.0,324.0,0.4348201049804688,True,CALL,2026-06-18,JD
JD260618C00028000,28.0,3.05,2.86,3.2,20.0,1359.0,0.3737855590820312,True,CALL,2026-06-18,JD
JD260618C00029000,29.0,2.53,2.47,2.72,7.0,5278.0,0.37476211181640623,True,CALL,2026-06-18,JD
JD260618C00030000,30.0,2.12,2.05,2.21,371.0,18809.0,0.3635317553710938,False,CALL,2026-06-18,JD
JD260618C00031000,31.0,1.85,1.72,1.9,9.0,1036.0,0.372076591796875,False,CALL,2026-06-18,JD
JD260618C00032000,32.0,1.55,1.51,1.62,73.0,5709.0,0.3781800463867187,False,CALL,2026-06-18,JD
JD260618C00033000,33.0,1.42,1.23,1.4,7.0,2732.0,0.38672488281249995,False,CALL,2026-06-18,JD
JD260618C00034000,34.0,1.13,1.12,1.18,12.0,2368.0,0.389654541015625,False,CALL,2026-06-18,JD
JD260618C00035000,35.0,1.01,0.97,1.02,113.0,24778.0,0.3969786865234375,False,CALL,2026-06-18,JD
JD260618C00036000,36.0,0.88,0.79,0.89,5.0,2038.0,0.405279384765625,False,CALL,2026-06-18,JD
JD260618C00037000,37.0,0.77,0.74,0.79,45.0,3045.0,0.415044912109375,False,CALL,2026-06-18,JD
JD260618P00021000,21.0,0.28,0.12,0.54,30.0,57.0,0.48779809082031256,False,PUT,2026-06-18,JD
JD260618P00022000,22.0,0.39,0.22,0.66,30.0,51.0,0.467778759765625,False,PUT,2026-06-18,JD
JD260618P00023000,23.0,0.58,0.56,0.81,2.0,1459.0,0.4497125341796875,False,PUT,2026-06-18,JD
JD260618P00024000,24.0,0.71,0.76,1.03,4.0,867.0,0.44043528320312497,False,PUT,2026-06-18,JD
JD260618P00025000,25.0,1.11,0.99,1.16,10.0,18689.0,0.40772076660156253,False,PUT,2026-06-18,JD
JD260618P00026000,26.0,1.28,1.39,1.71,6.0,11222.0,0.44043528320312497,False,PUT,2026-06-18,JD
JD260618P00027000,27.0,1.89,1.8,1.9,3.0,11613.0,0.40552352294921873,False,PUT,2026-06-18,JD
JD260618P00028000,28.0,2.35,2.29,2.4,20.0,8121.0,0.4106504248046875,False,PUT,2026-06-18,JD
JD260618P00029000,29.0,2.91,2.86,2.92,103.0,3628.0,0.4106504248046875,False,PUT,2026-06-18,JD
JD260618P00030000,30.0,3.49,3.45,3.6,4.0,14636.0,0.42529871582031253,True,PUT,2026-06-18,JD
JD260618P00031000,31.0,4.15,4.0,4.45,100.0,1480.0,0.45703667968750006,True,PUT,2026-06-18,JD
JD260618P00032000,32.0,4.75,4.75,5.35,10.0,1202.0,0.49023947265625006,True,PUT,2026-06-18,JD
JD260618P00033000,33.0,6.08,5.5,6.05,20.0,1149.0,0.4904836108398438,True,PUT,2026-06-18,JD
JD260618P00034000,34.0,6.44,5.85,6.85,72.0,778.0,0.5004932763671875,True,PUT,2026-06-18,JD
JD260618P00035000,35.0,7.3,6.7,7.7,4.0,4780.0,0.5141650146484374,True,PUT,2026-06-18,JD
JD260618P00036000,36.0,8.12,7.55,10.0,4.0,179.0,0.5593305786132813,True,PUT,2026-06-18,JD
JD260618P00037000,37.0,8.0,8.25,10.65,4.0,3664.0,0.5397995239257813,True,PUT,2026-06-18,JD
JD260918C00023000,23.0,6.88,6.65,7.0,1.0,189.0,0.37256486816406253,True,CALL,2026-09-18,JD
JD260918C00025000,25.0,6.45,5.25,5.6,36.0,4408.0,0.36963520996093746,True,CALL,2026-09-18,JD
JD260918C00026000,26.0,4.8,4.75,5.0,,7.0,0.3715883154296875,True,CALL,2026-09-18,JD
JD260918C00027000,27.0,4.5,4.15,4.5,1.0,44.0,0.37915659912109373,True,CALL,2026-09-18,JD
JD260918C00028000,28.0,4.1,3.65,4.0,6.0,887.0,0.3803772900390625,True,CALL,2026-09-18,JD
JD260918C00029000,29.0,3.45,3.25,3.5,83.0,53.0,0.3767152172851562,True,CALL,2026-09-18,JD
JD260918C00030000,30.0,2.92,2.92,3.2,5.0,4445.0,0.389654541015625,False,CALL,2026-09-18,JD
JD260918C00031000,31.0,3.14,2.53,2.83,12.0,13.0,0.39050902465820314,False,CALL,2026-09-18,JD
JD260918C00032000,32.0,2.5,2.27,2.53,109.0,2855.0,0.3947814428710938,False,CALL,2026-09-18,JD
JD260918C00033000,33.0,2.05,2.07,2.25,1.0,77.0,0.397466962890625,False,CALL,2026-09-18,JD
JD260918C00034000,34.0,2.06,1.77,2.0,2.0,12.0,0.39990834472656256,False,CALL,2026-09-18,JD
JD260918C00035000,35.0,1.7,1.53,1.78,56.0,3758.0,0.4027159338378906,False,CALL,2026-09-18,JD
JD260918C00036000,36.0,1.75,1.42,1.59,2.0,21.0,0.40601179931640624,False,CALL,2026-09-18,JD
JD260918C00037000,37.0,1.41,1.14,1.48,13.0,1596.0,0.4165097412109374,False,CALL,2026-09-18,JD
JD260918P00022000,22.0,0.75,0.76,0.86,2.0,53.0,0.4018614501953125,False,PUT,2026-09-18,JD
JD260918P00023000,23.0,1.01,0.98,1.1,125.0,12479.0,0.398443515625,False,PUT,2026-09-18,JD
JD260918P00024000,24.0,1.33,1.24,1.47,4.0,46.0,0.4074766284179688,False,PUT,2026-09-18,JD
JD260918P00025000,25.0,1.6,1.56,1.73,5.0,30724.0,0.39453730468750003,False,PUT,2026-09-18,JD
JD260918P00026000,26.0,1.96,1.95,2.16,5.0,1.0,0.398443515625,False,PUT,2026-09-18,JD
JD260918P00027000,27.0,2.32,2.4,2.62,10.0,20.0,0.3996642065429688,False,PUT,2026-09-18,JD
JD260918P00028000,28.0,3.0,2.91,3.2,1.0,6287.0,0.40918559570312496,False,PUT,2026-09-18,JD
JD260918P00029000,29.0,3.62,3.5,3.75,1.0,42.0,0.4101621484375,False,PUT,2026-09-18,JD
JD260918P00030000,30.0,4.1,4.1,4.3,1.0,3669.0,0.4066221447753906,True,PUT,2026-09-18,JD
JD260918P00031000,31.0,4.63,4.7,5.0,1.0,8.0,0.415044912109375,True,PUT,2026-09-18,JD
JD260918P00032000,32.0,5.25,5.4,5.75,30.0,751.0,0.4250545776367188,True,PUT,2026-09-18,JD
JD260918P00033000,33.0,6.31,6.15,6.5,30.0,123.0,0.43140217041015627,True,PUT,2026-09-18,JD
JD260918P00035000,35.0,7.88,7.75,8.1,62.0,5097.0,0.44653873779296877,True,PUT,2026-09-18,JD
JD260918P00037000,37.0,9.95,9.4,9.8,2.0,146.0,0.4631401342773438,True,PUT,2026-09-18,JD
JD261218C00023000,23.0,8.25,7.0,8.15,4.0,168.0,0.4643608251953125,True,CALL,2026-12-18,JD
JD261218C00025000,25.0,6.4,6.1,6.7,5.0,3038.0,0.43457596679687505,True,CALL,2026-12-18,JD
JD261218C00027000,27.0,5.23,4.95,5.6,5.0,664.0,0.4299373413085938,True,CALL,2026-12-18,JD
JD261218C00030000,30.0,3.8,3.75,4.05,75.0,6173.0,0.40845318115234375,False,CALL,2026-12-18,JD
JD261218C00032000,32.0,3.64,2.85,3.65,16.0,1535.0,0.43774976318359377,False,CALL,2026-12-18,JD
JD261218C00035000,35.0,2.45,2.31,2.65,11.0,3992.0,0.42578699218750005,False,CALL,2026-12-18,JD
JD261218C00037000,37.0,2.1,1.93,2.45,10.0,858.0,0.45166563964843753,False,CALL,2026-12-18,JD
JD261218P00023000,23.0,1.45,1.39,1.56,8.0,7850.0,0.39819937744140627,False,PUT,2026-12-18,JD
JD261218P00025000,25.0,2.15,2.08,2.24,54.0,13815.0,0.39087523193359375,False,PUT,2026-12-18,JD
JD261218P00027000,27.0,2.87,2.9,3.25,11.0,2923.0,0.40112903564453123,False,PUT,2026-12-18,JD
JD261218P00030000,30.0,4.76,4.6,4.85,284.0,8068.0,0.39539178833007815,True,PUT,2026-12-18,JD
JD261218P00032000,32.0,5.72,5.7,6.3,5.0,993.0,0.41089456298828125,True,PUT,2026-12-18,JD
JD261218P00035000,35.0,7.6,8.05,8.55,1.0,775.0,0.42188078125,True,PUT,2026-12-18,JD
JD261218P00037000,37.0,8.93,9.55,10.15,10.0,201.0,0.4279842358398438,True,PUT,2026-12-18,JD
JD270115C00023000,23.0,7.68,7.45,8.3,1.0,434.0,0.46289599609375004,True,CALL,2027-01-15,JD
JD270115C00025000,25.0,6.65,6.3,6.5,100.0,5937.0,0.39624627197265627,True,CALL,2027-01-15,JD
JD270115C00027000,27.0,5.4,5.25,5.45,227.0,3456.0,0.3983214465332031,True,CALL,2027-01-15,JD
JD270115C00030000,30.0,4.1,4.0,4.15,191.0,18118.0,0.4007628283691406,False,CALL,2027-01-15,JD
JD270115C00032000,32.0,3.29,3.3,3.5,105.0,3254.0,0.4067442138671875,False,CALL,2027-01-15,JD
JD270115C00035000,35.0,2.62,2.6,2.68,59.0,16317.0,0.4112607702636719,False,CALL,2027-01-15,JD
JD270115C00037000,37.0,2.23,2.07,2.33,21.0,1931.0,0.42212491943359376,False,CALL,2027-01-15,JD
JD270115P00023000,23.0,1.54,1.46,1.64,357.0,6609.0,0.3918517846679687,False,PUT,2027-01-15,JD
JD270115P00025000,25.0,2.19,2.24,2.3,168.0,10724.0,0.3813538427734374,False,PUT,2027-01-15,JD
JD270115P00027000,27.0,3.05,2.92,3.35,1.0,7171.0,0.3942931665039063,False,PUT,2027-01-15,JD
JD270115P00030000,30.0,4.6,4.75,5.0,6.0,5307.0,0.39258419921875,True,PUT,2027-01-15,JD
JD270115P00032000,32.0,5.95,5.8,6.4,1.0,3500.0,0.4030821411132813,True,PUT,2027-01-15,JD
JD270115P00035000,35.0,8.1,8.15,8.6,63.0,2033.0,0.40930766479492187,True,PUT,2027-01-15,JD
JD270115P00037000,37.0,9.85,9.85,10.25,2.0,1477.0,0.42017181396484377,True,PUT,2027-01-15,JD
JD270617C00023000,23.0,8.77,8.05,9.2,1.0,153.0,0.471684970703125,True,CALL,2027-06-17,JD
JD270617C00025000,25.0,7.5,6.95,8.4,2.0,571.0,0.49341326904296884,True,CALL,2027-06-17,JD
JD270617C00028000,28.0,5.58,5.55,7.3,4.0,424.0,0.5124560473632812,True,CALL,2027-06-17,JD
JD270617C00030000,30.0,5.03,4.5,5.2,2.0,1069.0,0.41235939208984373,False,CALL,2027-06-17,JD
JD270617C00032000,32.0,4.5,4.1,4.9,11.0,587.0,0.442388388671875,False,CALL,2027-06-17,JD
JD270617C00035000,35.0,3.75,3.45,3.7,1.0,556.0,0.4195614685058594,False,CALL,2027-06-17,JD
JD270617C00037000,37.0,3.2,3.0,3.2,1.0,135.0,0.4193173303222656,False,CALL,2027-06-17,JD
JD270617P00023000,23.0,2.31,1.77,2.66,54.0,1065.0,0.42639733764648446,False,PUT,2027-06-17,JD
JD270617P00025000,25.0,3.15,2.91,3.45,10.0,1548.0,0.41736422485351554,False,PUT,2027-06-17,JD
JD270617P00028000,28.0,4.39,3.85,5.3,2.0,566.0,0.43921459228515625,False,PUT,2027-06-17,JD
JD270617P00030000,30.0,5.6,5.45,6.2,1.0,1358.0,0.4167538793945312,True,PUT,2027-06-17,JD
JD270617P00032000,32.0,7.71,6.7,7.5,110.0,1416.0,0.41736422485351554,True,PUT,2027-06-17,JD
JD270617P00035000,35.0,8.25,8.75,9.6,5.0,170.0,0.41663181030273433,True,PUT,2027-06-17,JD
JD270617P00037000,37.0,11.84,0.0,0.0,451.0,435.0,1.0000000000000003e-05,True,PUT,2027-06-17,JD
JD271217C00023000,23.0,9.0,7.75,9.9,1.0,11.0,0.459966337890625,True,CALL,2027-12-17,JD
JD271217C00025000,25.0,8.81,7.7,8.95,6.0,117.0,0.46289599609375004,True,CALL,2027-12-17,JD
JD271217C00028000,28.0,6.69,6.4,6.9,2.0,154.0,0.41223732299804683,True,CALL,2027-12-17,JD
JD271217C00030000,30.0,6.1,5.65,7.0,1.0,498.0,0.46936565795898444,False,CALL,2027-12-17,JD
JD271217C00032000,32.0,4.99,5.05,5.75,1.0,202.0,0.432622861328125,False,CALL,2027-12-17,JD
JD271217C00035000,35.0,5.0,4.0,5.95,1.0,440.0,0.501103621826172,False,CALL,2027-12-17,JD
JD271217C00037000,37.0,4.5,3.5,5.1,1.0,144.0,0.47986359985351557,False,CALL,2027-12-17,JD
JD271217P00023000,23.0,3.01,2.38,3.25,6.0,416.0,0.4128476684570312,False,PUT,2027-12-17,JD
JD271217P00025000,25.0,3.55,3.35,4.15,17.0,46.0,0.40881938842773435,False,PUT,2027-12-17,JD
JD271217P00028000,28.0,5.08,4.95,5.7,10.0,273.0,0.40296007202148443,False,PUT,2027-12-17,JD
JD271217P00030000,30.0,6.78,6.3,6.9,8.0,655.0,0.40210558837890625,True,PUT,2027-12-17,JD
JD271217P00032000,32.0,8.3,6.45,9.0,160.0,1807.0,0.4523980541992188,True,PUT,2027-12-17,JD
JD271217P00035000,35.0,10.38,8.95,10.5,110.0,132.0,0.4138242211914062,True,PUT,2027-12-17,JD
JD271217P00037000,37.0,11.53,10.4,12.55,1.0,171.0,0.44922425781249997,True,PUT,2027-12-17,JD
JD280121C00023000,23.0,9.75,8.85,9.85,2.0,176.0,0.44482977050781247,True,CALL,2028-01-21,JD
JD280121C00025000,25.0,8.0,7.85,8.85,6.0,1248.0,0.44446356323242187,True,CALL,2028-01-21,JD
JD280121C00028000,28.0,6.95,6.7,7.1,31.0,1339.0,0.41528905029296875,True,CALL,2028-01-21,JD
JD280121C00030000,30.0,6.2,6.0,6.35,11.0,3056.0,0.41663181030273433,False,CALL,2028-01-21,JD
JD280121C00032000,32.0,5.6,5.25,5.7,10.0,659.0,0.418951123046875,False,CALL,2028-01-21,JD
JD280121C00035000,35.0,4.7,4.55,4.95,118.0,2846.0,0.4274959594726563,False,CALL,2028-01-21,JD
JD280121C00037000,37.0,4.3,4.2,4.45,13.0,350.0,0.4282283740234375,False,CALL,2028-01-21,JD
JD280121P00023000,23.0,3.1,2.59,3.7,1.0,223.0,0.43774976318359377,False,PUT,2028-01-21,JD
JD280121P00025000,25.0,3.82,3.75,4.15,10.0,2154.0,0.39880972290039063,False,PUT,2028-01-21,JD
JD280121P00028000,28.0,5.46,5.2,5.8,10.0,615.0,0.3996642065429688,False,PUT,2028-01-21,JD
JD280121P00030000,30.0,6.64,6.5,6.95,123.0,4504.0,0.39539178833007815,True,PUT,2028-01-21,JD
JD280121P00032000,32.0,8.3,7.1,8.2,130.0,150.0,0.3918517846679687,True,PUT,2028-01-21,JD
JD280121P00035000,35.0,10.45,8.6,10.7,100.0,3166.0,0.4158993957519531,True,PUT,2028-01-21,JD
JD280121P00037000,37.0,12.3,0.0,0.0,52.0,682.0,1.0000000000000003e-05,True,PUT,2028-01-21,JD
JHX260220C00020000,20.0,4.03,2.8,4.9,1.0,64.0,0.63867548828125,True,CALL,2026-02-20,JHX
JHX260220C00022500,22.5,2.95,1.8,2.15,2.0,310.0,0.594730615234375,True,CALL,2026-02-20,JHX
JHX260220C00025000,25.0,1.15,0.55,1.1,300.0,455.0,0.586918193359375,False,CALL,2026-02-20,JHX
JHX260220C00027500,27.5,0.5,0.0,0.95,3.0,6.0,0.7041045214843751,False,CALL,2026-02-20,JHX
JHX260220C00030000,30.0,0.37,0.05,0.95,1.0,4.0,0.940430283203125,False,CALL,2026-02-20,JHX
JHX260220P00017500,17.5,0.1,0.0,1.2,2.0,4.0,1.2656286718749998,False,PUT,2026-02-20,JHX
JHX260220P00020000,20.0,0.4,0.0,0.75,2.0,28.0,0.7128934960937501,False,PUT,2026-02-20,JHX
JHX260220P00022500,22.5,1.1,0.8,1.0,42.0,54.0,0.594730615234375,False,PUT,2026-02-20,JHX
JHX260220P00025000,25.0,2.48,1.65,3.9,1.0,3.0,0.8164080859374999,True,PUT,2026-02-20,JHX
JHX260220P00027500,27.5,4.67,2.9,5.0,,1.0,1.01172369140625,True,PUT,2026-02-20,JHX
JHX260320C00017500,17.5,7.05,5.6,7.5,2.0,1789.0,0.7832052929687501,True,CALL,2026-03-20,JHX
JHX260320C00020000,20.0,3.87,3.0,4.3,1.0,1344.0,0.6279334082031252,True,CALL,2026-03-20,JHX
JHX260320C00022500,22.5,2.25,1.65,2.5,1.0,3119.0,0.5585981640625001,True,CALL,2026-03-20,JHX
JHX260320C00025000,25.0,1.1,0.95,1.3,6.0,2715.0,0.5336960693359375,False,CALL,2026-03-20,JHX
JHX260320C00027500,27.5,0.7,0.25,0.65,2.0,51.0,0.5371140039062501,False,CALL,2026-03-20,JHX
JHX260320C00030000,30.0,0.4,0.1,0.4,5.0,445.0,0.5107470800781251,False,CALL,2026-03-20,JHX
JHX260320P00017500,17.5,0.15,0.1,0.2,3.0,703.0,0.5625043750000001,False,PUT,2026-03-20,JHX
JHX260320P00020000,20.0,0.6,0.1,0.85,1.0,517.0,0.5239305419921875,False,PUT,2026-03-20,JHX
JHX260320P00022500,22.5,1.15,1.05,1.3,10.0,243.0,0.5210008837890624,False,PUT,2026-03-20,JHX
JHX260320P00025000,25.0,5.14,2.15,2.7,1.0,73.0,0.526371923828125,True,PUT,2026-03-20,JHX
JHX260320P00030000,30.0,8.0,12.0,14.5,82.0,82.0,2.5317419519042965,True,PUT,2026-03-20,JHX
JHX260618C00017500,17.5,6.8,6.0,8.8,1.0,27.0,0.711916943359375,True,CALL,2026-06-18,JHX
JHX260618C00020000,20.0,4.9,4.4,6.5,1.0,758.0,0.6279334082031252,True,CALL,2026-06-18,JHX
JHX260618C00022500,22.5,4.5,3.1,3.8,6.0,1295.0,0.5063525927734375,True,CALL,2026-06-18,JHX
JHX260618C00025000,25.0,2.55,1.85,3.2,310.0,3194.0,0.5317429638671876,False,CALL,2026-06-18,JHX
JHX260618C00027500,27.5,2.05,1.15,1.95,16.0,223.0,0.5686078295898438,False,CALL,2026-06-18,JHX
JHX260618C00030000,30.0,1.1,0.9,1.35,1.0,227.0,0.5195360546875,False,CALL,2026-06-18,JHX
JHX260618P00017500,17.5,0.7,0.0,1.1,3.0,512.0,0.6533237792968751,False,PUT,2026-06-18,JHX
JHX260618P00020000,20.0,1.06,0.9,1.35,1.0,213.0,0.5180712255859375,False,PUT,2026-06-18,JHX
JHX260618P00022500,22.5,2.47,1.45,2.25,1.0,51.0,0.48413601806640627,False,PUT,2026-06-18,JHX
JHX260618P00025000,25.0,6.55,0.0,0.0,7.0,5.0,1.0000000000000003e-05,True,PUT,2026-06-18,JHX
JHX260918C00017500,17.5,8.02,6.5,8.7,1.0,1.0,0.5927775097656252,True,CALL,2026-09-18,JHX
JHX260918C00025000,25.0,3.52,2.8,3.7,2.0,2.0,0.5100146655273439,False,CALL,2026-09-18,JHX
JHX260918C00027500,27.5,3.1,1.25,4.4,,15.0,0.5607954077148438,False,CALL,2026-09-18,JHX
JHX260918C00030000,30.0,2.45,1.05,3.0,,20.0,0.5373581420898439,False,CALL,2026-09-18,JHX
JHX270115C00017500,17.5,9.14,7.0,10.1,2.0,4.0,0.6267127172851563,True,CALL,2027-01-15,JHX
JHX270115C00020000,20.0,7.2,5.5,8.6,1.0,266.0,0.6030313134765627,True,CALL,2027-01-15,JHX
JHX270115C00022500,22.5,6.4,4.3,7.2,1.0,39.0,0.5835002587890624,True,CALL,2027-01-15,JHX
JHX270115C00025000,25.0,5.15,3.5,4.9,6.0,450.0,0.5183153637695312,False,CALL,2027-01-15,JHX
JHX270115C00027500,27.5,3.8,2.15,5.2,1.0,38.0,0.5485884985351563,False,CALL,2027-01-15,JHX
JHX270115C00030000,30.0,3.0,1.2,4.3,2.0,120.0,0.5188036401367188,False,CALL,2027-01-15,JHX
JHX270115P00017500,17.5,4.2,0.15,3.6,1.0,11.0,0.5368698657226563,False,PUT,2027-01-15,JHX
JHX270115P00020000,20.0,2.8,1.1,4.1,1.0,2.0,0.6831086376953126,False,PUT,2027-01-15,JHX
JHX270115P00025000,25.0,5.9,3.6,6.6,,2.0,0.6259803027343751,True,PUT,2027-01-15,JHX
JHX280121C00017500,17.5,8.35,8.8,12.5,11.0,8.0,0.6518589501953126,True,CALL,2028-01-21,JHX
JHX280121C00020000,20.0,10.0,7.3,11.5,10.0,445.0,0.632816171875,True,CALL,2028-01-21,JHX
JHX280121C00022500,22.5,6.5,6.0,10.5,2.0,0.0,0.6138954626464845,True,CALL,2028-01-21,JHX
JHX280121C00025000,25.0,7.5,7.0,8.0,9.0,16.0,0.6199989172363283,False,CALL,2028-01-21,JHX
JHX280121C00027500,27.5,2.85,0.0,0.0,,1.0,0.0312596875,False,CALL,2028-01-21,JHX
JHX280121C00030000,30.0,4.3,3.5,8.0,,10.0,0.5898478515625001,False,CALL,2028-01-21,JHX
JHX280121P00017500,17.5,3.8,1.05,4.5,2.0,11.0,0.6444127355957032,False,PUT,2028-01-21,JHX
JHX280121P00022500,22.5,5.8,4.9,9.4,1.0,2.0,0.6120644262695314,False,PUT,2028-01-21,JHX
JNJ260130C00165000,165.0,53.03,60.65,64.3,50.0,12.0,2.824221689453125,True,CALL,2026-01-30,JNJ
JNJ260130C00170000,170.0,57.03,55.65,59.25,1.0,28.0,2.582034794921875,True,CALL,2026-01-30,JNJ
JNJ260130C00175000,175.0,43.12,50.65,54.4,,12.0,2.4511757470703124,True,CALL,2026-01-30,JNJ
JNJ260130C00180000,180.0,44.7,46.25,49.4,3.0,29.0,2.2421918945312496,True,CALL,2026-01-30,JNJ
JNJ260130C00182500,182.5,35.81,43.15,46.9,,8.0,2.139164808349609,True,CALL,2026-01-30,JNJ
JNJ260130C00185000,185.0,31.14,40.6,44.3,1.0,1.0,1.9921875390625,True,CALL,2026-01-30,JNJ
JNJ260130C00187500,187.5,28.64,38.1,41.8,1.0,8.0,1.8916021044921876,True,CALL,2026-01-30,JNJ
JNJ260130C00190000,190.0,31.12,36.35,39.4,1.0,12.0,1.8330086474609373,True,CALL,2026-01-30,JNJ
JNJ260130C00192500,192.5,26.27,33.1,36.9,,20.0,1.732423212890625,True,CALL,2026-01-30,JNJ
JNJ260130C00195000,195.0,33.98,31.25,34.3,3.0,24.0,1.593263752441406,True,CALL,2026-01-30,JNJ
JNJ260130C00197500,197.5,21.45,28.4,31.85,,20.0,1.5126977490234375,True,CALL,2026-01-30,JNJ
JNJ260130C00200000,200.0,27.85,26.7,28.9,1.0,110.0,1.236331943359375,True,CALL,2026-01-30,JNJ
JNJ260130C00202500,202.5,25.16,23.85,26.8,1.0,11.0,1.2968785156249998,True,CALL,2026-01-30,JNJ
JNJ260130C00205000,205.0,23.0,21.65,24.3,1.0,339.0,1.1977579174804687,True,CALL,2026-01-30,JNJ
JNJ260130C00207500,207.5,19.85,19.2,20.9,1.0,24.0,0.70312796875,True,CALL,2026-01-30,JNJ
JNJ260130C00210000,210.0,18.0,16.9,18.85,2.0,477.0,0.851563984375,True,CALL,2026-01-30,JNJ
JNJ260130C00212500,212.5,16.1,14.25,16.8,1.0,34.0,0.8969736865234373,True,CALL,2026-01-30,JNJ
JNJ260130C00215000,215.0,11.95,11.9,13.05,77.0,432.0,1.0000000000000003e-05,True,CALL,2026-01-30,JNJ
JNJ260130C00217500,217.5,10.9,9.55,10.75,1.0,683.0,0.12500875,True,CALL,2026-01-30,JNJ
JNJ260130C00220000,220.0,7.93,7.15,8.1,7.0,940.0,1.0000000000000003e-05,True,CALL,2026-01-30,JNJ
JNJ260130C00222500,222.5,5.03,4.8,5.55,24.0,501.0,1.0000000000000003e-05,True,CALL,2026-01-30,JNJ
JNJ260130C00225000,225.0,2.94,2.7,3.7,31.0,587.0,0.23438265625,True,CALL,2026-01-30,JNJ
JNJ260130C00227500,227.5,1.44,1.02,1.51,274.0,307.0,0.1626060302734375,True,CALL,2026-01-30,JNJ
JNJ260130C00230000,230.0,0.37,0.25,0.5,1219.0,1198.0,0.1733481103515625,False,CALL,2026-01-30,JNJ
JNJ260130C00232500,232.5,0.12,0.05,0.17,52.0,126.0,0.19873848144531248,False,CALL,2026-01-30,JNJ
JNJ260130C00235000,235.0,0.02,0.0,0.08,12.0,96.0,0.23633576171874998,False,CALL,2026-01-30,JNJ
JNJ260130C00237500,237.5,0.02,0.0,0.1,13.0,30.0,0.31641308593749995,False,CALL,2026-01-30,JNJ
JNJ260130C00240000,240.0,0.03,0.0,0.03,4.0,12.0,0.31445998046874996,False,CALL,2026-01-30,JNJ
JNJ260130C00245000,245.0,0.15,0.0,0.55,,4.0,0.6132851171875001,False,CALL,2026-01-30,JNJ
JNJ260130C00250000,250.0,0.02,0.0,0.11,1.0,4.0,0.570316796875,False,CALL,2026-01-30,JNJ
JNJ260130C00280000,280.0,0.12,0.0,0.11,,2.0,1.140629296875,False,CALL,2026-01-30,JNJ
JNJ260130P00165000,165.0,0.05,0.0,0.03,21.0,65.0,1.5468772656249998,False,PUT,2026-01-30,JNJ
JNJ260130P00170000,170.0,0.08,0.0,0.03,1.0,51.0,1.40625296875,False,PUT,2026-01-30,JNJ
JNJ260130P00175000,175.0,0.05,0.0,0.02,10.0,35.0,1.2343788281249999,False,PUT,2026-01-30,JNJ
JNJ260130P00180000,180.0,0.37,0.0,2.13,1.0,1.0,2.2021529321289055,False,PUT,2026-01-30,JNJ
JNJ260130P00182500,182.5,0.05,0.0,2.13,,20.0,2.100590686035156,False,PUT,2026-01-30,JNJ
JNJ260130P00185000,185.0,0.05,0.0,0.03,42.0,75.0,1.0390673046875003,False,PUT,2026-01-30,JNJ
JNJ260130P00187500,187.5,0.29,0.0,2.13,3.0,4.0,1.8984380078125,False,PUT,2026-01-30,JNJ
JNJ260130P00190000,190.0,0.01,0.0,2.13,10.0,228.0,1.7978525732421873,False,PUT,2026-01-30,JNJ
JNJ260130P00192500,192.5,0.06,0.0,2.13,5.0,7.0,1.6982436962890626,False,PUT,2026-01-30,JNJ
JNJ260130P00195000,195.0,0.11,0.0,2.13,1.0,268.0,1.5991230981445312,False,PUT,2026-01-30,JNJ
JNJ260130P00197500,197.5,0.6,0.0,2.13,1.0,0.0,1.5000025,False,PUT,2026-01-30,JNJ
JNJ260130P00200000,200.0,0.6,0.0,0.2,1.0,274.0,0.867188828125,False,PUT,2026-01-30,JNJ
JNJ260130P00202500,202.5,0.01,0.0,0.01,3.0,27.0,0.5625043750000001,False,PUT,2026-01-30,JNJ
JNJ260130P00205000,205.0,0.2,0.0,0.2,1.0,148.0,0.726565234375,False,PUT,2026-01-30,JNJ
JNJ260130P00207500,207.5,0.04,0.0,0.02,15.0,68.0,0.523442265625,False,PUT,2026-01-30,JNJ
JNJ260130P00210000,210.0,0.01,0.0,0.15,11.0,179.0,0.56055126953125,False,PUT,2026-01-30,JNJ
JNJ260130P00212500,212.5,0.07,0.01,0.02,3.0,1296.0,0.4062559375,False,PUT,2026-01-30,JNJ
JNJ260130P00215000,215.0,0.07,0.0,0.07,5.0,336.0,0.41797457031249996,False,PUT,2026-01-30,JNJ
JNJ260130P00217500,217.5,0.07,0.0,0.13,41.0,1665.0,0.39258419921875,False,PUT,2026-01-30,JNJ
JNJ260130P00220000,220.0,0.07,0.06,0.17,27.0,346.0,0.335944140625,False,PUT,2026-01-30,JNJ
JNJ260130P00222500,222.5,0.19,0.12,0.22,51.0,200.0,0.27149166015625,False,PUT,2026-01-30,JNJ
JNJ260130P00225000,225.0,0.52,0.39,0.62,58.0,210.0,0.26856200195312496,False,PUT,2026-01-30,JNJ
JNJ260130P00242500,242.5,26.8,13.25,16.25,,0.0,0.629886513671875,True,PUT,2026-01-30,JNJ
JNJ260130P00245000,245.0,29.3,15.75,18.95,,0.0,0.7402369726562499,True,PUT,2026-01-30,JNJ
JNJ260130P00250000,250.0,34.1,20.75,23.65,,0.0,0.831056376953125,True,PUT,2026-01-30,JNJ
JNJ260206C00185000,185.0,23.4,41.7,44.55,12.0,12.0,0.9899903344726562,True,CALL,2026-02-06,JNJ
JNJ260206C00190000,190.0,31.27,37.0,39.55,1.0,3.0,0.8920909228515624,True,CALL,2026-02-06,JNJ
JNJ260206C00195000,195.0,13.1,31.75,34.55,1.0,1.0,0.7949239257812499,True,CALL,2026-02-06,JNJ
JNJ260206C00200000,200.0,27.95,27.15,29.4,1.0,5.0,0.6743196630859377,True,CALL,2026-02-06,JNJ
JNJ260206C00205000,205.0,21.77,21.95,24.65,1.0,32.0,0.6152382226562501,True,CALL,2026-02-06,JNJ
JNJ260206C00207500,207.5,16.36,19.25,21.85,1.0,2.0,0.5249070947265625,True,CALL,2026-02-06,JNJ
JNJ260206C00210000,210.0,18.1,17.1,18.85,2.0,61.0,0.401373173828125,True,CALL,2026-02-06,JNJ
JNJ260206C00212500,212.5,11.87,14.55,17.3,2.0,15.0,0.48291532714843755,True,CALL,2026-02-06,JNJ
JNJ260206C00215000,215.0,12.44,11.9,13.6,5.0,281.0,0.27246821289062495,True,CALL,2026-02-06,JNJ
JNJ260206C00217500,217.5,10.5,9.7,12.5,1.0,106.0,0.39722282470703124,True,CALL,2026-02-06,JNJ
JNJ260206C00220000,220.0,9.7,7.55,8.7,2.0,241.0,0.2043536596679687,True,CALL,2026-02-06,JNJ
JNJ260206C00222500,222.5,7.16,5.75,7.0,2.0,140.0,0.23902128173828124,True,CALL,2026-02-06,JNJ
JNJ260206C00225000,225.0,4.45,4.0,4.5,56.0,322.0,0.17981777221679687,True,CALL,2026-02-06,JNJ
JNJ260206C00227500,227.5,2.9,2.78,2.97,21.0,83.0,0.1805501867675781,True,CALL,2026-02-06,JNJ
JNJ260206C00230000,230.0,1.82,1.65,1.86,88.0,429.0,0.1840901904296875,False,CALL,2026-02-06,JNJ
JNJ260206C00232500,232.5,1.04,0.93,1.12,8.0,308.0,0.1895832995605469,False,CALL,2026-02-06,JNJ
JNJ260206C00235000,235.0,0.57,0.38,0.63,40.0,56.0,0.19312330322265625,False,CALL,2026-02-06,JNJ
JNJ260206C00240000,240.0,0.24,0.13,0.33,8.0,56.0,0.23242955078125,False,CALL,2026-02-06,JNJ
JNJ260206C00242500,242.5,0.14,0.0,0.65,1.0,1.0,0.31909860595703116,False,CALL,2026-02-06,JNJ
JNJ260206C00275000,275.0,0.03,0.0,0.04,1.0,43.0,0.47852083984375,False,CALL,2026-02-06,JNJ
JNJ260206P00180000,180.0,0.39,0.0,2.13,1.0,1.0,1.0380907470703127,False,PUT,2026-02-06,JNJ
JNJ260206P00185000,185.0,0.05,0.0,1.81,30.0,34.0,0.9067392138671875,False,PUT,2026-02-06,JNJ
JNJ260206P00190000,190.0,0.11,0.0,1.1,1.0,188.0,0.7290066162109375,False,PUT,2026-02-06,JNJ
JNJ260206P00195000,195.0,0.76,0.0,2.15,2.0,52.0,0.75586181640625,False,PUT,2026-02-06,JNJ
JNJ260206P00197500,197.5,0.3,0.0,1.77,,20.0,0.674075524902344,False,PUT,2026-02-06,JNJ
JNJ260206P00200000,200.0,0.06,0.0,0.17,17.0,119.0,0.445318046875,False,PUT,2026-02-06,JNJ
JNJ260206P00202500,202.5,0.15,0.0,0.13,1.0,2.0,0.39160764648437496,False,PUT,2026-02-06,JNJ
JNJ260206P00205000,205.0,0.15,0.01,0.19,1.0,232.0,0.38233039550781245,False,PUT,2026-02-06,JNJ
JNJ260206P00207500,207.5,0.15,0.05,0.34,16.0,58.0,0.3891662646484375,False,PUT,2026-02-06,JNJ
JNJ260206P00210000,210.0,0.16,0.08,0.4,4.0,671.0,0.3632876171875,False,PUT,2026-02-06,JNJ
JNJ260206P00212500,212.5,0.22,0.0,0.54,1.0,155.0,0.34839518798828123,False,PUT,2026-02-06,JNJ
JNJ260206P00215000,215.0,0.28,0.15,0.44,1.0,258.0,0.2890696093749999,False,PUT,2026-02-06,JNJ
JNJ260206P00217500,217.5,0.61,0.27,0.61,4.0,175.0,0.2712475219726562,False,PUT,2026-02-06,JNJ
JNJ260206P00220000,220.0,0.6,0.55,0.7,10.0,141.0,0.23584748535156247,False,PUT,2026-02-06,JNJ
JNJ260206P00222500,222.5,0.94,0.87,1.05,110.0,162.0,0.22083298706054685,False,PUT,2026-02-06,JNJ
JNJ260213C00160000,160.0,53.26,66.85,69.6,,1.0,1.136967205810547,True,CALL,2026-02-13,JNJ
JNJ260213C00185000,185.0,33.38,42.1,44.7,8.0,8.0,0.76367423828125,True,CALL,2026-02-13,JNJ
JNJ260213C00190000,190.0,24.88,37.15,39.7,1.0,10.0,0.6889679541015626,True,CALL,2026-02-13,JNJ
JNJ260213C00195000,195.0,15.35,32.15,34.7,,2.0,0.6147499462890625,True,CALL,2026-02-13,JNJ
JNJ260213C00200000,200.0,15.27,27.0,29.8,2.0,4.0,0.5515181567382813,True,CALL,2026-02-13,JNJ
JNJ260213C00205000,205.0,16.92,22.1,24.9,6.0,36.0,0.48633326171875,True,CALL,2026-02-13,JNJ
JNJ260213C00210000,210.0,17.0,17.4,20.1,2.0,86.0,0.42676354492187507,True,CALL,2026-02-13,JNJ
JNJ260213C00215000,215.0,11.87,12.6,14.0,3.0,36.0,0.25196060546875,True,CALL,2026-02-13,JNJ
JNJ260213C00220000,220.0,8.67,8.15,10.2,12.0,71.0,0.2690502783203125,True,CALL,2026-02-13,JNJ
JNJ260213C00225000,225.0,5.1,5.1,5.6,13.0,112.0,0.198250205078125,True,CALL,2026-02-13,JNJ
JNJ260213C00230000,230.0,2.77,2.34,2.91,25.0,353.0,0.194343994140625,False,CALL,2026-02-13,JNJ
JNJ260213C00235000,235.0,1.1,0.91,1.33,4.0,5.0,0.19568675415039063,False,CALL,2026-02-13,JNJ
JNJ260213C00240000,240.0,0.43,0.28,1.96,2.0,3.0,0.31323928955078123,False,CALL,2026-02-13,JNJ
JNJ260213C00245000,245.0,0.3,0.0,2.3,4.0,4.0,0.40759869750976563,False,CALL,2026-02-13,JNJ
JNJ260213P00160000,160.0,0.15,0.0,2.13,,1.0,1.0791061669921875,False,PUT,2026-02-13,JNJ
JNJ260213P00170000,170.0,0.05,0.0,0.03,10.0,10.0,0.500005,False,PUT,2026-02-13,JNJ
JNJ260213P00175000,175.0,0.36,0.0,2.13,,2.0,0.851563984375,False,PUT,2026-02-13,JNJ
JNJ260213P00180000,180.0,0.37,0.0,1.8,2.0,22.0,0.7490259472656251,False,PUT,2026-02-13,JNJ
JNJ260213P00185000,185.0,0.72,0.0,1.63,3.0,18.0,0.6640658593750002,False,PUT,2026-02-13,JNJ
JNJ260213P00190000,190.0,0.05,0.0,0.51,3.0,19.0,0.5380905566406251,False,PUT,2026-02-13,JNJ
JNJ260213P00195000,195.0,0.11,0.0,1.17,1.0,100.0,0.5795940478515625,False,PUT,2026-02-13,JNJ
JNJ260213P00200000,200.0,0.1,0.05,0.22,376.0,392.0,0.34961587890624996,False,PUT,2026-02-13,JNJ
JNJ260213P00205000,205.0,0.2,0.0,0.24,3.0,59.0,0.29932341308593746,False,PUT,2026-02-13,JNJ
JNJ260213P00210000,210.0,0.2,0.02,0.65,2.0,184.0,0.30762411132812495,False,PUT,2026-02-13,JNJ
JNJ260213P00215000,215.0,0.6,0.43,0.78,24.0,298.0,0.2551344018554688,False,PUT,2026-02-13,JNJ
JNJ260213P00220000,220.0,1.3,1.06,1.35,9.0,200.0,0.22779092529296874,False,PUT,2026-02-13,JNJ
JNJ260213P00235000,235.0,8.47,6.55,9.6,1.0,1.0,0.288947540283203,True,PUT,2026-02-13,JNJ
JNJ260220C00160000,160.0,54.17,67.25,69.75,1.0,35.0,0.692385888671875,True,CALL,2026-02-20,JNJ
JNJ260220C00165000,165.0,63.59,61.95,64.8,9.0,1319.0,0.57812921875,True,CALL,2026-02-20,JNJ
JNJ260220C00170000,170.0,45.73,57.3,59.8,46.0,65.0,0.6054726953125001,True,CALL,2026-02-20,JNJ
JNJ260220C00175000,175.0,50.37,52.35,54.85,1.0,325.0,0.5688519677734375,True,CALL,2026-02-20,JNJ
JNJ260220C00180000,180.0,44.7,47.05,49.9,3.0,871.0,0.7241238525390624,True,CALL,2026-02-20,JNJ
JNJ260220C00185000,185.0,39.9,42.1,44.9,68.0,420.0,0.6594272338867189,True,CALL,2026-02-20,JNJ
JNJ260220C00190000,190.0,38.35,37.05,38.5,21.0,473.0,0.3920959228515625,True,CALL,2026-02-20,JNJ
JNJ260220C00195000,195.0,32.95,32.2,33.6,1.0,686.0,0.367193828125,True,CALL,2026-02-20,JNJ
JNJ260220C00200000,200.0,28.26,27.7,28.6,21.0,2454.0,0.31836619140624994,True,CALL,2026-02-20,JNJ
JNJ260220C00205000,205.0,23.5,22.65,25.15,3.0,13.0,0.42529871582031253,True,CALL,2026-02-20,JNJ
JNJ260220C00207500,207.5,15.45,19.95,22.75,,1.0,0.39978627563476565,True,CALL,2026-02-20,JNJ
JNJ260220C00210000,210.0,19.0,18.0,19.0,21.0,4187.0,0.266608896484375,True,CALL,2026-02-20,JNJ
JNJ260220C00212500,212.5,12.77,15.25,18.0,3.0,15.0,0.3487613952636719,True,CALL,2026-02-20,JNJ
JNJ260220C00215000,215.0,13.91,13.05,14.6,15.0,120.0,0.25586681640625003,True,CALL,2026-02-20,JNJ
JNJ260220C00217500,217.5,11.12,10.75,12.15,14.0,108.0,0.22669230346679686,True,CALL,2026-02-20,JNJ
JNJ260220C00220000,220.0,9.49,9.3,9.85,42.0,9695.0,0.20471986694335934,True,CALL,2026-02-20,JNJ
JNJ260220C00222500,222.5,7.79,7.3,8.0,11.0,1064.0,0.2020343469238281,True,CALL,2026-02-20,JNJ
JNJ260220C00225000,225.0,6.2,5.95,6.3,25.0,3120.0,0.1977619287109375,True,CALL,2026-02-20,JNJ
JNJ260220C00227500,227.5,4.6,4.45,4.75,20.0,622.0,0.19129226684570313,True,CALL,2026-02-20,JNJ
JNJ260220C00230000,230.0,3.41,3.25,3.5,165.0,3505.0,0.18824053955078124,False,CALL,2026-02-20,JNJ
JNJ260220C00232500,232.5,2.35,2.3,2.59,37.0,4090.0,0.19031571411132814,False,CALL,2026-02-20,JNJ
JNJ260220C00235000,235.0,1.66,1.63,1.79,12.0,302.0,0.1878743322753906,False,CALL,2026-02-20,JNJ
JNJ260220C00237500,237.5,1.11,0.95,1.21,10.0,764.0,0.1870198486328125,False,CALL,2026-02-20,JNJ
JNJ260220C00240000,240.0,0.66,0.47,0.75,14.0,574.0,0.18311363769531247,False,CALL,2026-02-20,JNJ
JNJ260220C00242500,242.5,0.24,0.38,1.34,1.0,7.0,0.25171646728515623,False,CALL,2026-02-20,JNJ
JNJ260220C00245000,245.0,0.32,0.11,0.72,238.0,238.0,0.229499892578125,False,CALL,2026-02-20,JNJ
JNJ260220C00250000,250.0,0.19,0.04,0.2,24.0,80.0,0.20703917968749996,False,CALL,2026-02-20,JNJ
JNJ260220C00260000,260.0,0.01,0.0,0.24,1.0,4.0,0.28565167480468745,False,CALL,2026-02-20,JNJ
JNJ260220C00270000,270.0,0.19,0.0,0.01,1.0,9.0,0.23438265625,False,CALL,2026-02-20,JNJ
JNJ260220C00290000,290.0,0.14,0.0,0.2,,3.0,0.4580132324218751,False,CALL,2026-02-20,JNJ
JNJ260220P00160000,160.0,0.34,0.0,0.09,8.0,32.0,0.5546919531250001,False,PUT,2026-02-20,JNJ
JNJ260220P00165000,165.0,0.01,0.0,0.2,1.0,80.0,0.5625043750000001,False,PUT,2026-02-20,JNJ
JNJ260220P00170000,170.0,0.03,0.02,0.04,7.0,67.0,0.46094289062500005,False,PUT,2026-02-20,JNJ
JNJ260220P00175000,175.0,0.04,0.0,0.08,5.0,626.0,0.45703667968750006,False,PUT,2026-02-20,JNJ
JNJ260220P00180000,180.0,0.14,0.0,0.14,1.0,652.0,0.44727115234375,False,PUT,2026-02-20,JNJ
JNJ260220P00185000,185.0,0.06,0.02,0.09,14.0,1305.0,0.37695935546875,False,PUT,2026-02-20,JNJ
JNJ260220P00190000,190.0,0.04,0.02,0.1,7.0,1382.0,0.3398503515625,False,PUT,2026-02-20,JNJ
JNJ260220P00195000,195.0,0.11,0.09,0.22,3.0,1226.0,0.33740896972656254,False,PUT,2026-02-20,JNJ
JNJ260220P00197500,197.5,0.16,0.03,0.3,1.0,5.0,0.33301448242187504,False,PUT,2026-02-20,JNJ
JNJ260220P00200000,200.0,0.18,0.11,0.2,19.0,2075.0,0.2866282275390625,False,PUT,2026-02-20,JNJ
JNJ260220P00202500,202.5,0.25,0.0,0.45,10.0,16.0,0.3100654931640625,False,PUT,2026-02-20,JNJ
JNJ260220P00205000,205.0,0.24,0.01,0.42,20.0,339.0,0.2802806347656249,False,PUT,2026-02-20,JNJ
JNJ260220P00207500,207.5,0.3,0.13,0.44,6.0,86.0,0.2580640600585938,False,PUT,2026-02-20,JNJ
JNJ260220P00210000,210.0,0.46,0.39,0.46,36.0,5192.0,0.2348709326171875,False,PUT,2026-02-20,JNJ
JNJ260220P00212500,212.5,0.58,0.45,0.78,19.0,529.0,0.24146266357421875,False,PUT,2026-02-20,JNJ
JNJ260220P00215000,215.0,0.77,0.69,0.92,37.0,346.0,0.22412885253906245,False,PUT,2026-02-20,JNJ
JNJ260220P00217500,217.5,1.09,1.01,1.28,45.0,351.0,0.21887988159179686,False,PUT,2026-02-20,JNJ
JNJ260220P00220000,220.0,1.48,1.51,1.65,150.0,3630.0,0.20764952514648435,False,PUT,2026-02-20,JNJ
JNJ260220P00222500,222.5,2.2,2.15,2.34,16.0,161.0,0.2066119378662109,False,PUT,2026-02-20,JNJ
JNJ260220P00225000,225.0,3.01,2.95,3.15,263.0,220.0,0.2024005541992187,False,PUT,2026-02-20,JNJ
JNJ260220P00227500,227.5,3.9,3.95,4.3,30.0,45.0,0.20447572875976558,False,PUT,2026-02-20,JNJ
JNJ260220P00230000,230.0,5.45,5.2,5.75,20.0,131.0,0.21033504516601562,True,PUT,2026-02-20,JNJ
JNJ260220P00237500,237.5,17.31,9.8,11.25,,3.0,0.23230748168945312,True,PUT,2026-02-20,JNJ
JNJ260220P00240000,240.0,15.25,11.05,13.45,1.0,1.0,0.24622335815429688,True,PUT,2026-02-20,JNJ
JNJ260220P00242500,242.5,26.7,13.65,15.8,,0.0,0.26563234375,True,PUT,2026-02-20,JNJ
JNJ260220P00250000,250.0,30.9,20.75,23.65,1.0,0.0,0.3687807263183594,True,PUT,2026-02-20,JNJ
JNJ260227C00165000,165.0,46.95,61.05,64.75,,1.0,0.7907735766601562,True,CALL,2026-02-27,JNJ
JNJ260227C00170000,170.0,49.19,56.9,59.75,45.0,47.0,0.7321804125976561,True,CALL,2026-02-27,JNJ
JNJ260227C00185000,185.0,34.45,42.0,44.8,,2.0,0.5676312768554688,True,CALL,2026-02-27,JNJ
JNJ260227C00190000,190.0,30.0,36.8,39.85,1.0,4.0,0.5168505346679688,True,CALL,2026-02-27,JNJ
JNJ260227C00195000,195.0,34.38,32.25,34.95,1.0,15.0,0.4699760034179688,True,CALL,2026-02-27,JNJ
JNJ260227C00200000,200.0,20.73,27.25,30.05,,1.0,0.42188078125,True,CALL,2026-02-27,JNJ
JNJ260227C00205000,205.0,12.0,22.45,25.25,2.0,8.0,0.3790345300292969,True,CALL,2026-02-27,JNJ
JNJ260227C00210000,210.0,12.65,17.85,20.55,1.0,22.0,0.33850759155273435,True,CALL,2026-02-27,JNJ
JNJ260227C00215000,215.0,14.3,13.6,14.55,1.0,52.0,0.22095505615234373,True,CALL,2026-02-27,JNJ
JNJ260227C00220000,220.0,10.15,9.5,10.2,3.0,102.0,0.19641916870117188,True,CALL,2026-02-27,JNJ
JNJ260227C00225000,225.0,6.34,6.15,6.65,20.0,35.0,0.18720295227050782,True,CALL,2026-02-27,JNJ
JNJ260227C00230000,230.0,3.65,3.35,4.1,11.0,110.0,0.18793536682128903,False,CALL,2026-02-27,JNJ
JNJ260227C00235000,235.0,2.22,1.74,2.2,1.0,94.0,0.1828694995117187,False,CALL,2026-02-27,JNJ
JNJ260227C00240000,240.0,1.79,0.58,1.27,1.0,120.0,0.19226881958007813,False,CALL,2026-02-27,JNJ
JNJ260227C00245000,245.0,0.46,0.21,2.59,1.0,21.0,0.3125679095458984,False,CALL,2026-02-27,JNJ
JNJ260227C00255000,255.0,0.49,0.0,0.46,,20.0,0.25049577636718745,False,CALL,2026-02-27,JNJ
JNJ260227P00160000,160.0,0.19,0.0,2.13,,1.0,0.788088056640625,False,PUT,2026-02-27,JNJ
JNJ260227P00170000,170.0,0.7,0.0,1.96,,15.0,0.6638217211914064,False,PUT,2026-02-27,JNJ
JNJ260227P00185000,185.0,0.18,0.0,1.99,1.0,0.0,0.507817421875,False,PUT,2026-02-27,JNJ
JNJ260227P00190000,190.0,0.25,0.0,0.6,20.0,32.0,0.4067442138671875,False,PUT,2026-02-27,JNJ
JNJ260227P00195000,195.0,0.24,0.24,0.24,2.0,18.0,0.3002999658203125,False,PUT,2026-02-27,JNJ
JNJ260227P00200000,200.0,0.3,0.33,0.33,15.0,108.0,0.2756420092773437,False,PUT,2026-02-27,JNJ
JNJ260227P00205000,205.0,0.44,0.3,1.04,7.0,52.0,0.30847859497070307,False,PUT,2026-02-27,JNJ
JNJ260227P00210000,210.0,0.83,0.55,1.35,1.0,52.0,0.27930408203124996,False,PUT,2026-02-27,JNJ
JNJ260227P00215000,215.0,1.45,1.21,1.63,9.0,54.0,0.24066921447753903,False,PUT,2026-02-27,JNJ
JNJ260227P00220000,220.0,2.42,2.18,2.65,6.0,18.0,0.22937782348632813,False,PUT,2026-02-27,JNJ
JNJ260227P00225000,225.0,3.1,3.55,4.35,1.0,18.0,0.22504437072753902,False,PUT,2026-02-27,JNJ
JNJ260227P00235000,235.0,17.58,9.45,10.4,,5.0,0.24445335632324222,True,PUT,2026-02-27,JNJ
JNJ260306C00215000,215.0,9.0,13.85,16.3,5.0,16.0,0.2838206384277343,True,CALL,2026-03-06,JNJ
JNJ260306C00220000,220.0,10.65,9.75,10.7,5.0,6.0,0.1981281359863281,True,CALL,2026-03-06,JNJ
JNJ260306C00230000,230.0,5.0,3.45,4.7,3.0,91.0,0.1900715759277344,False,CALL,2026-03-06,JNJ
JNJ260306C00235000,235.0,3.0,1.98,2.77,3.0,41.0,0.18689777954101564,False,CALL,2026-03-06,JNJ
JNJ260306P00205000,205.0,0.75,0.41,2.64,5.0,39.0,0.3776917700195312,False,PUT,2026-03-06,JNJ
JNJ260306P00210000,210.0,0.9,0.73,1.35,7.0,21.0,0.2514723291015625,False,PUT,2026-03-06,JNJ
JNJ260306P00220000,220.0,2.9,2.19,3.2,1.0,7.0,0.22876747802734376,False,PUT,2026-03-06,JNJ
JNJ260320C00160000,160.0,68.5,66.95,69.95,1.0,441.0,0.672122419433594,True,CALL,2026-03-20,JNJ
JNJ260320C00165000,165.0,62.45,62.0,64.8,3.0,551.0,0.6113320117187502,True,CALL,2026-03-20,JNJ
JNJ260320C00170000,170.0,55.55,56.95,59.3,11.0,539.0,0.516606396484375,True,CALL,2026-03-20,JNJ
JNJ260320C00175000,175.0,52.68,52.0,54.85,1.0,2242.0,0.5260057165527343,True,CALL,2026-03-20,JNJ
JNJ260320C00180000,180.0,47.5,47.1,49.55,1.0,2122.0,0.4572808178710938,True,CALL,2026-03-20,JNJ
JNJ260320C00185000,185.0,43.0,42.35,43.65,5.0,2035.0,0.3210517114257812,True,CALL,2026-03-20,JNJ
JNJ260320C00190000,190.0,38.58,37.55,39.3,10.0,2684.0,0.3546207116699218,True,CALL,2026-03-20,JNJ
JNJ260320C00195000,195.0,35.25,32.45,33.9,1.0,2310.0,0.28076891113281244,True,CALL,2026-03-20,JNJ
JNJ260320C00200000,200.0,29.0,27.9,28.95,3.0,1166.0,0.249030947265625,True,CALL,2026-03-20,JNJ
JNJ260320C00210000,210.0,19.3,18.75,19.4,38.0,3745.0,0.20325503784179685,True,CALL,2026-03-20,JNJ
JNJ260320C00220000,220.0,11.2,11.0,11.55,99.0,14866.0,0.19818917053222657,True,CALL,2026-03-20,JNJ
JNJ260320C00230000,230.0,5.65,5.2,5.85,305.0,4729.0,0.19574778869628906,False,CALL,2026-03-20,JNJ
JNJ260320C00240000,240.0,2.19,1.92,2.49,252.0,1128.0,0.19519847778320312,False,CALL,2026-03-20,JNJ
JNJ260320C00250000,250.0,0.85,0.71,1.03,4.0,129.0,0.20374331420898437,False,CALL,2026-03-20,JNJ
JNJ260320C00260000,260.0,0.34,0.13,0.44,17.0,40.0,0.21558401611328126,False,CALL,2026-03-20,JNJ
JNJ260320P00160000,160.0,0.07,0.0,0.08,13.0,1635.0,0.398443515625,False,PUT,2026-03-20,JNJ
JNJ260320P00165000,165.0,0.09,0.05,0.75,12.0,2220.0,0.5214891601562499,False,PUT,2026-03-20,JNJ
JNJ260320P00170000,170.0,0.11,0.11,0.36,15.0,1103.0,0.4194393994140625,False,PUT,2026-03-20,JNJ
JNJ260320P00175000,175.0,0.19,0.1,0.25,84.0,1761.0,0.36133451171875,False,PUT,2026-03-20,JNJ
JNJ260320P00180000,180.0,0.25,0.02,0.96,2.0,1026.0,0.42578699218750005,False,PUT,2026-03-20,JNJ
JNJ260320P00185000,185.0,0.31,0.0,0.77,3.0,1257.0,0.367193828125,False,PUT,2026-03-20,JNJ
JNJ260320P00190000,190.0,0.59,0.31,0.85,3.0,1190.0,0.3371648315429688,False,PUT,2026-03-20,JNJ
JNJ260320P00195000,195.0,0.57,0.2,1.06,17.0,2296.0,0.31629101684570304,False,PUT,2026-03-20,JNJ
JNJ260320P00200000,200.0,0.92,0.64,1.0,12.0,11453.0,0.27283442016601556,False,PUT,2026-03-20,JNJ
JNJ260320P00210000,210.0,1.8,1.59,1.98,76.0,2909.0,0.2452468054199219,False,PUT,2026-03-20,JNJ
JNJ260320P00220000,220.0,3.95,3.1,4.2,112.0,1713.0,0.22827920166015625,False,PUT,2026-03-20,JNJ
JNJ260320P00230000,230.0,8.2,7.3,8.5,21.0,50.0,0.22235885070800776,True,PUT,2026-03-20,JNJ
JNJ260320P00240000,240.0,14.61,13.1,15.8,1.0,4.0,0.24915301635742187,True,PUT,2026-03-20,JNJ
JNJ260320P00250000,250.0,23.85,22.05,24.45,6.0,1.0,0.28211167114257807,True,PUT,2026-03-20,JNJ
JNJ260417C00160000,160.0,58.3,66.75,69.8,5.0,27.0,0.5282029602050782,True,CALL,2026-04-17,JNJ
JNJ260417C00165000,165.0,63.17,61.9,64.85,6.0,64.0,0.49487809814453126,True,CALL,2026-04-17,JNJ
JNJ260417C00170000,170.0,51.96,57.0,59.95,133.0,293.0,0.46533737792968755,True,CALL,2026-04-17,JNJ
JNJ260417C00175000,175.0,52.2,52.2,55.05,3.0,1130.0,0.43567458862304687,True,CALL,2026-04-17,JNJ
JNJ260417C00180000,180.0,45.8,47.25,50.15,1.0,2078.0,0.40570662658691403,True,CALL,2026-04-17,JNJ
JNJ260417C00185000,185.0,43.02,43.1,45.35,6.0,7455.0,0.3807434973144531,True,CALL,2026-04-17,JNJ
JNJ260417C00190000,190.0,40.3,38.1,40.6,1.0,582.0,0.3569400244140625,True,CALL,2026-04-17,JNJ
JNJ260417C00195000,195.0,35.1,33.15,36.0,2.0,394.0,0.33777517700195314,True,CALL,2026-04-17,JNJ
JNJ260417C00200000,200.0,29.5,28.7,31.4,16.0,1887.0,0.3156196368408203,True,CALL,2026-04-17,JNJ
JNJ260417C00210000,210.0,20.89,20.35,21.3,4.0,3302.0,0.23419955261230468,True,CALL,2026-04-17,JNJ
JNJ260417C00220000,220.0,13.75,12.5,14.0,34.0,2230.0,0.22357954162597654,True,CALL,2026-04-17,JNJ
JNJ260417C00230000,230.0,8.0,7.8,8.1,51.0,2441.0,0.2104571142578125,False,CALL,2026-04-17,JNJ
JNJ260417C00240000,240.0,4.1,4.0,4.45,146.0,3212.0,0.2106402178955078,False,CALL,2026-04-17,JNJ
JNJ260417C00250000,250.0,1.76,1.37,1.95,7.0,251.0,0.20075262145996092,False,CALL,2026-04-17,JNJ
JNJ260417C00260000,260.0,0.81,0.44,0.97,25.0,54.0,0.20789366333007808,False,CALL,2026-04-17,JNJ
JNJ260417C00280000,280.0,0.07,0.0,0.46,,70.0,0.24927508544921873,False,CALL,2026-04-17,JNJ
JNJ260417P00160000,160.0,0.77,0.0,0.45,1.0,852.0,0.411138701171875,False,PUT,2026-04-17,JNJ
JNJ260417P00165000,165.0,0.3,0.0,0.5,196.0,845.0,0.387701435546875,False,PUT,2026-04-17,JNJ
JNJ260417P00170000,170.0,0.35,0.16,0.53,4.0,772.0,0.36133451171875,False,PUT,2026-04-17,JNJ
JNJ260417P00175000,175.0,0.43,0.03,0.67,1.0,1961.0,0.3469303588867187,False,PUT,2026-04-17,JNJ
JNJ260417P00180000,180.0,0.63,0.1,0.81,7.0,1703.0,0.3293524096679687,False,PUT,2026-04-17,JNJ
JNJ260417P00185000,185.0,0.68,0.1,1.02,2.0,1507.0,0.31482618774414056,False,PUT,2026-04-17,JNJ
JNJ260417P00190000,190.0,0.93,0.5,0.98,3.0,1353.0,0.2802806347656249,False,PUT,2026-04-17,JNJ
JNJ260417P00195000,195.0,1.62,1.06,1.32,212.0,908.0,0.2695385546875,False,PUT,2026-04-17,JNJ
JNJ260417P00200000,200.0,1.7,1.49,1.63,15.0,2077.0,0.25220474365234374,False,PUT,2026-04-17,JNJ
JNJ260417P00210000,210.0,3.05,2.76,3.1,44.0,1083.0,0.23596955444335935,False,PUT,2026-04-17,JNJ
JNJ260417P00220000,220.0,5.55,5.35,5.85,129.0,4889.0,0.2262650616455078,False,PUT,2026-04-17,JNJ
JNJ260417P00230000,230.0,9.8,9.65,10.3,11.0,10.0,0.2211991943359375,True,PUT,2026-04-17,JNJ
JNJ260417P00240000,240.0,17.75,15.5,16.5,10.0,16.0,0.2186357434082031,True,PUT,2026-04-17,JNJ
JNJ260417P00250000,250.0,26.77,23.4,25.0,1.0,10.0,0.2442702526855469,True,PUT,2026-04-17,JNJ
JNJ260618C00160000,160.0,69.15,67.5,70.45,1.0,681.0,0.4312801013183594,True,CALL,2026-06-18,JNJ
JNJ260618C00165000,165.0,61.5,62.7,65.65,2.0,1434.0,0.41119973571777346,True,CALL,2026-06-18,JNJ
JNJ260618C00170000,170.0,59.0,58.35,60.45,3.0,1239.0,0.3726869372558594,True,CALL,2026-06-18,JNJ
JNJ260618C00175000,175.0,53.7,53.3,56.1,8.0,602.0,0.37128314270019536,True,CALL,2026-06-18,JNJ
JNJ260618C00180000,180.0,49.6,48.4,51.35,29.0,2599.0,0.35108070800781244,True,CALL,2026-06-18,JNJ
JNJ260618C00185000,185.0,44.8,43.55,46.7,1.0,1926.0,0.3334417242431641,True,CALL,2026-06-18,JNJ
JNJ260618C00190000,190.0,40.8,39.45,41.3,1.0,1324.0,0.29090064575195307,True,CALL,2026-06-18,JNJ
JNJ260618C00195000,195.0,36.31,35.45,37.8,22.0,712.0,0.3050606604003906,True,CALL,2026-06-18,JNJ
JNJ260618C00200000,200.0,32.15,31.25,32.65,3.0,599.0,0.2699047619628906,True,CALL,2026-06-18,JNJ
JNJ260618C00210000,210.0,24.05,22.5,24.1,6.0,2852.0,0.23923490264892577,True,CALL,2026-06-18,JNJ
JNJ260618C00220000,220.0,17.0,15.85,17.05,21.0,3150.0,0.22492230163574217,True,CALL,2026-06-18,JNJ
JNJ260618C00230000,230.0,11.15,11.15,11.4,12.0,5810.0,0.2157976370239258,False,CALL,2026-06-18,JNJ
JNJ260618C00240000,240.0,6.85,6.9,7.1,57.0,1171.0,0.20816831878662106,False,CALL,2026-06-18,JNJ
JNJ260618C00250000,250.0,4.05,3.95,4.25,25.0,1327.0,0.20520814331054685,False,CALL,2026-06-18,JNJ
JNJ260618C00260000,260.0,2.33,2.11,2.41,13.0,40.0,0.20313296874999998,False,CALL,2026-06-18,JNJ
JNJ260618C00270000,270.0,0.75,0.27,1.89,31.0,72.0,0.22327436889648436,False,CALL,2026-06-18,JNJ
JNJ260618C00290000,290.0,0.2,0.01,0.68,,5.0,0.22779092529296874,False,CALL,2026-06-18,JNJ
JNJ260618P00160000,160.0,0.51,0.26,0.87,1.0,1251.0,0.34839518798828123,False,PUT,2026-06-18,JNJ
JNJ260618P00165000,165.0,0.72,0.3,1.01,1.0,617.0,0.33350275878906255,False,PUT,2026-06-18,JNJ
JNJ260618P00170000,170.0,0.92,0.44,1.39,5.0,1077.0,0.3316717224121094,False,PUT,2026-06-18,JNJ
JNJ260618P00175000,175.0,1.25,0.94,1.25,1.0,265.0,0.29779754943847647,False,PUT,2026-06-18,JNJ
JNJ260618P00180000,180.0,1.23,1.0,1.66,9.0,919.0,0.2929758203124999,False,PUT,2026-06-18,JNJ
JNJ260618P00185000,185.0,1.95,1.4,1.84,3.0,1563.0,0.2745433874511719,False,PUT,2026-06-18,JNJ
JNJ260618P00190000,190.0,1.93,1.54,2.11,11.0,1299.0,0.2585523364257813,False,PUT,2026-06-18,JNJ
JNJ260618P00195000,195.0,2.53,2.27,2.68,4.0,1420.0,0.2507399145507812,False,PUT,2026-06-18,JNJ
JNJ260618P00200000,200.0,3.25,3.15,3.3,73.0,1941.0,0.2406081799316406,False,PUT,2026-06-18,JNJ
JNJ260618P00210000,210.0,5.35,5.25,5.4,22.0,890.0,0.22962196166992188,False,PUT,2026-06-18,JNJ
JNJ260618P00220000,220.0,8.35,8.35,8.65,70.0,575.0,0.22229781616210934,False,PUT,2026-06-18,JNJ
JNJ260618P00230000,230.0,12.7,12.6,12.9,18.0,40.0,0.21155573608398434,True,PUT,2026-06-18,JNJ
JNJ260618P00240000,240.0,23.3,16.7,19.0,6.0,16.0,0.21112849426269528,True,PUT,2026-06-18,JNJ
JNJ260618P00250000,250.0,33.47,23.95,26.05,1.0,1.0,0.206489868774414,True,PUT,2026-06-18,JNJ
JNJ260618P00260000,260.0,42.62,33.5,35.05,,1.0,0.22711954528808592,True,PUT,2026-06-18,JNJ
JNJ260717C00160000,160.0,48.15,67.7,70.55,2.0,124.0,0.39942006835937505,True,CALL,2026-07-17,JNJ
JNJ260717C00165000,165.0,53.69,62.95,65.8,1.0,49.0,0.38269660278320305,True,CALL,2026-07-17,JNJ
JNJ260717C00170000,170.0,44.45,58.1,61.05,10.0,342.0,0.3650576190185547,True,CALL,2026-07-17,JNJ
JNJ260717C00175000,175.0,43.71,53.3,56.4,4.0,67.0,0.35016518981933586,True,CALL,2026-07-17,JNJ
JNJ260717C00180000,180.0,40.7,48.75,51.75,14.0,2158.0,0.33399103515625,True,CALL,2026-07-17,JNJ
JNJ260717C00185000,185.0,39.0,44.5,47.25,2.0,1717.0,0.32092964233398436,True,CALL,2026-07-17,JNJ
JNJ260717C00190000,190.0,40.9,40.25,42.8,2.0,1836.0,0.3074410076904296,True,CALL,2026-07-17,JNJ
JNJ260717C00195000,195.0,32.9,35.6,37.55,2.0,442.0,0.27259028198242186,True,CALL,2026-07-17,JNJ
JNJ260717C00200000,200.0,32.4,31.8,33.0,22.0,484.0,0.25485974639892583,True,CALL,2026-07-17,JNJ
JNJ260717C00210000,210.0,24.7,23.1,25.3,4.0,357.0,0.24182887084960938,True,CALL,2026-07-17,JNJ
JNJ260717C00220000,220.0,17.9,17.4,18.2,27.0,816.0,0.22486126708984372,True,CALL,2026-07-17,JNJ
JNJ260717C00230000,230.0,12.35,12.15,12.65,3.0,721.0,0.21704884521484374,False,CALL,2026-07-17,JNJ
JNJ260717C00240000,240.0,7.85,7.7,8.25,2.0,884.0,0.20926694061279294,False,CALL,2026-07-17,JNJ
JNJ260717C00250000,250.0,4.7,4.45,5.0,32.0,580.0,0.20175969146728517,False,CALL,2026-07-17,JNJ
JNJ260717C00260000,260.0,2.59,2.22,3.0,2.0,75.0,0.19977606872558595,False,CALL,2026-07-17,JNJ
JNJ260717C00270000,270.0,1.5,1.51,2.41,20.0,32.0,0.2187883297729492,False,CALL,2026-07-17,JNJ
JNJ260717P00160000,160.0,1.47,0.26,1.07,8.0,209.0,0.3311834460449219,False,PUT,2026-07-17,JNJ
JNJ260717P00165000,165.0,0.96,0.42,1.19,2.0,87.0,0.31482618774414056,False,PUT,2026-07-17,JNJ
JNJ260717P00170000,170.0,1.1,0.4,1.39,1.0,605.0,0.30188686401367193,False,PUT,2026-07-17,JNJ
JNJ260717P00175000,175.0,1.27,1.1,1.72,10.0,1212.0,0.2934640966796874,False,PUT,2026-07-17,JNJ
JNJ260717P00180000,180.0,1.91,1.2,1.9,1.0,336.0,0.2765575274658203,False,PUT,2026-07-17,JNJ
JNJ260717P00185000,185.0,1.96,1.48,2.45,6.0,547.0,0.2718578674316406,False,PUT,2026-07-17,JNJ
JNJ260717P00190000,190.0,2.28,1.75,2.9,8.0,246.0,0.26050544189453123,False,PUT,2026-07-17,JNJ
JNJ260717P00195000,195.0,3.16,2.54,3.65,9.0,779.0,0.25489026367187506,False,PUT,2026-07-17,JNJ
JNJ260717P00200000,200.0,4.0,3.8,4.05,44.0,911.0,0.23743438354492186,False,PUT,2026-07-17,JNJ
JNJ260717P00210000,210.0,6.25,6.2,6.3,100.0,707.0,0.22660075164794918,False,PUT,2026-07-17,JNJ
JNJ260717P00220000,220.0,9.35,9.3,9.5,48.0,398.0,0.21659108612060546,False,PUT,2026-07-17,JNJ
JNJ260717P00230000,230.0,13.55,13.45,13.7,10.0,67.0,0.20514710876464842,True,PUT,2026-07-17,JNJ
JNJ260717P00240000,240.0,18.92,18.2,19.4,13.0,13.0,0.19852486053466795,True,PUT,2026-07-17,JNJ
JNJ260918C00160000,160.0,59.6,68.2,71.05,2.0,184.0,0.35962554443359374,True,CALL,2026-09-18,JNJ
JNJ260918C00165000,165.0,55.87,63.65,66.3,1.0,111.0,0.3437565625,True,CALL,2026-09-18,JNJ
JNJ260918C00170000,170.0,50.95,58.95,62.0,2.0,190.0,0.3406743179321289,True,CALL,2026-09-18,JNJ
JNJ260918C00175000,175.0,49.5,54.5,56.95,5.0,156.0,0.3146736013793945,True,CALL,2026-09-18,JNJ
JNJ260918C00180000,180.0,51.35,50.0,53.1,15.0,1281.0,0.3193427441406249,True,CALL,2026-09-18,JNJ
JNJ260918C00185000,185.0,46.78,45.15,48.7,1.0,819.0,0.30762411132812495,True,CALL,2026-09-18,JNJ
JNJ260918C00190000,190.0,33.85,41.05,44.4,2.0,230.0,0.29657685852050775,True,CALL,2026-09-18,JNJ
JNJ260918C00195000,195.0,38.35,37.15,39.3,5.0,1007.0,0.26843993286132806,True,CALL,2026-09-18,JNJ
JNJ260918C00200000,200.0,26.01,33.1,35.1,10.0,747.0,0.25714854187011715,True,CALL,2026-09-18,JNJ
JNJ260918C00210000,210.0,26.29,25.75,27.4,30.0,220.0,0.24021145538330074,True,CALL,2026-09-18,JNJ
JNJ260918C00220000,220.0,19.8,19.55,20.95,6.0,534.0,0.2316361016845703,True,CALL,2026-09-18,JNJ
JNJ260918C00230000,230.0,14.5,14.55,15.35,2.0,1641.0,0.2225114370727539,False,CALL,2026-09-18,JNJ
JNJ260918C00240000,240.0,10.4,10.1,10.65,13.0,1177.0,0.2127153924560547,False,CALL,2026-09-18,JNJ
JNJ260918C00250000,250.0,6.42,6.55,7.4,221.0,2709.0,0.21015194152832029,False,CALL,2026-09-18,JNJ
JNJ260918C00260000,260.0,3.81,3.65,5.05,23.0,44.0,0.20908383697509764,False,CALL,2026-09-18,JNJ
JNJ260918C00270000,270.0,2.36,2.29,3.25,5.0,29.0,0.20581848876953124,False,CALL,2026-09-18,JNJ
JNJ260918C00280000,280.0,1.11,1.09,2.01,,15.0,0.20264469238281246,False,CALL,2026-09-18,JNJ
JNJ260918P00160000,160.0,1.16,0.33,1.83,10.0,848.0,0.32019722778320303,False,PUT,2026-09-18,JNJ
JNJ260918P00165000,165.0,1.99,0.34,2.0,455.0,297.0,0.3048165222167969,False,PUT,2026-09-18,JNJ
JNJ260918P00170000,170.0,1.74,1.3,2.15,3.0,324.0,0.2882151257324218,False,PUT,2026-09-18,JNJ
JNJ260918P00175000,175.0,2.43,1.26,2.43,1.0,143.0,0.27558097473144527,False,PUT,2026-09-18,JNJ
JNJ260918P00180000,180.0,2.12,1.14,3.1,1.0,105.0,0.2732006274414062,False,PUT,2026-09-18,JNJ
JNJ260918P00185000,185.0,3.2,2.5,3.3,2.0,758.0,0.2555616436767578,False,PUT,2026-09-18,JNJ
JNJ260918P00190000,190.0,3.7,3.4,4.25,9.0,239.0,0.25498181549072274,False,PUT,2026-09-18,JNJ
JNJ260918P00195000,195.0,4.2,3.45,4.75,1.0,167.0,0.24149318084716798,False,PUT,2026-09-18,JNJ
JNJ260918P00200000,200.0,4.98,5.15,5.9,1.0,205.0,0.2389602471923828,False,PUT,2026-09-18,JNJ
JNJ260918P00210000,210.0,7.84,7.3,8.0,7.0,827.0,0.22132126342773437,False,PUT,2026-09-18,JNJ
JNJ260918P00220000,220.0,11.0,11.0,11.5,101.0,372.0,0.213875048828125,False,PUT,2026-09-18,JNJ
JNJ260918P00230000,230.0,17.85,15.15,16.0,155.0,136.0,0.2068865933227539,True,PUT,2026-09-18,JNJ
JNJ260918P00240000,240.0,32.35,19.1,21.6,,1.0,0.20096624237060545,True,PUT,2026-09-18,JNJ
JNJ260918P00250000,250.0,29.0,25.75,28.25,1.0,3.0,0.19574778869628906,True,PUT,2026-09-18,JNJ
JNJ261218C00160000,160.0,62.68,68.5,72.5,1.0,100.0,0.34497725341796875,True,CALL,2026-12-18,JNJ
JNJ261218C00165000,165.0,66.24,64.3,68.0,2.0,376.0,0.3346624151611328,True,CALL,2026-12-18,JNJ
JNJ261218C00170000,170.0,60.6,60.25,62.95,32.0,440.0,0.3111335977172851,True,CALL,2026-12-18,JNJ
JNJ261218C00175000,175.0,56.0,55.25,59.0,19.0,246.0,0.31116411499023433,True,CALL,2026-12-18,JNJ
JNJ261218C00180000,180.0,43.35,50.95,53.55,2.0,272.0,0.27982287567138664,True,CALL,2026-12-18,JNJ
JNJ261218C00185000,185.0,39.0,47.8,50.45,1.0,226.0,0.2924570266723632,True,CALL,2026-12-18,JNJ
JNJ261218C00190000,190.0,38.12,42.4,46.1,23.0,378.0,0.28006701385498034,True,CALL,2026-12-18,JNJ
JNJ261218C00195000,195.0,40.77,38.5,41.5,1.0,94.0,0.26285527191162117,True,CALL,2026-12-18,JNJ
JNJ261218C00200000,200.0,37.87,35.9,37.25,6.0,951.0,0.25025163818359375,True,CALL,2026-12-18,JNJ
JNJ261218C00210000,210.0,28.64,27.55,30.3,1.0,657.0,0.2420424917602539,True,CALL,2026-12-18,JNJ
JNJ261218C00220000,220.0,24.0,21.0,23.85,9.0,1002.0,0.23157506713867188,True,CALL,2026-12-18,JNJ
JNJ261218C00230000,230.0,17.72,16.8,18.7,19.0,1479.0,0.22779092529296874,False,CALL,2026-12-18,JNJ
JNJ261218C00240000,240.0,13.28,11.45,13.65,3.0,884.0,0.21590444747924803,False,CALL,2026-12-18,JNJ
JNJ261218C00250000,250.0,9.75,8.55,10.0,1.0,785.0,0.21112849426269528,False,CALL,2026-12-18,JNJ
JNJ261218C00260000,260.0,6.15,5.7,7.6,7.0,43.0,0.21329522064208983,False,CALL,2026-12-18,JNJ
JNJ261218C00270000,270.0,4.7,3.8,5.25,1.0,13.0,0.20786314605712886,False,CALL,2026-12-18,JNJ
JNJ261218C00280000,280.0,2.55,2.25,3.45,4.0,3.0,0.20179020874023437,False,CALL,2026-12-18,JNJ
JNJ261218C00290000,290.0,0.97,0.94,2.77,2.0,16.0,0.20972469970703123,False,CALL,2026-12-18,JNJ
JNJ261218P00160000,160.0,1.77,1.26,2.56,2.0,102.0,0.29633272033691405,False,PUT,2026-12-18,JNJ
JNJ261218P00165000,165.0,2.13,0.74,2.89,1.0,463.0,0.2858958129882812,False,PUT,2026-12-18,JNJ
JNJ261218P00170000,170.0,3.45,0.64,3.15,1.0,220.0,0.2727123510742187,False,PUT,2026-12-18,JNJ
JNJ261218P00175000,175.0,4.2,2.81,3.9,1.0,217.0,0.2706371765136719,False,PUT,2026-12-18,JNJ
JNJ261218P00180000,180.0,2.89,3.35,4.25,3.0,235.0,0.25751474914550787,False,PUT,2026-12-18,JNJ
JNJ261218P00185000,185.0,4.28,4.05,5.15,9.0,232.0,0.25449353912353523,False,PUT,2026-12-18,JNJ
JNJ261218P00190000,190.0,5.4,3.9,6.1,4.0,137.0,0.24997698272705077,False,PUT,2026-12-18,JNJ
JNJ261218P00195000,195.0,6.14,5.05,7.1,5.0,71.0,0.24417870086669924,False,PUT,2026-12-18,JNJ
JNJ261218P00200000,200.0,7.04,6.05,7.95,10.0,213.0,0.2342300698852539,False,PUT,2026-12-18,JNJ
JNJ261218P00210000,210.0,14.4,8.55,11.05,6.0,219.0,0.22849282257080078,False,PUT,2026-12-18,JNJ
JNJ261218P00220000,220.0,14.0,12.75,13.85,12.0,35.0,0.2099993551635742,False,PUT,2026-12-18,JNJ
JNJ261218P00230000,230.0,18.75,15.5,19.0,70.0,147.0,0.21050289016723633,True,PUT,2026-12-18,JNJ
JNJ261218P00240000,240.0,23.0,22.4,24.25,91.0,173.0,0.20198857101440426,True,PUT,2026-12-18,JNJ
JNJ261218P00250000,250.0,31.2,27.0,29.9,22.0,8.0,0.1874776077270508,True,PUT,2026-12-18,JNJ
JNJ270115C00160000,160.0,67.45,69.0,72.45,4.0,493.0,0.32968809967041013,True,CALL,2027-01-15,JNJ
JNJ270115C00165000,165.0,58.93,64.5,67.95,1.0,506.0,0.3198920550537109,True,CALL,2027-01-15,JNJ
JNJ270115C00170000,170.0,58.65,60.5,63.35,2.0,771.0,0.30704428314208976,True,CALL,2027-01-15,JNJ
JNJ270115C00175000,175.0,56.15,55.8,59.25,1.0,465.0,0.30335169311523436,True,CALL,2027-01-15,JNJ
JNJ270115C00180000,180.0,53.3,51.95,53.75,15.0,1463.0,0.2722240747070312,True,CALL,2027-01-15,JNJ
JNJ270115C00185000,185.0,48.98,47.0,50.9,1.0,433.0,0.2880625393676757,True,CALL,2027-01-15,JNJ
JNJ270115C00190000,190.0,45.1,43.05,46.0,4.0,418.0,0.26709717285156254,True,CALL,2027-01-15,JNJ
JNJ270115C00195000,195.0,40.72,40.0,41.6,1.0,269.0,0.2536695727539063,True,CALL,2027-01-15,JNJ
JNJ270115C00200000,200.0,37.7,36.4,37.95,4.0,1154.0,0.24988543090820312,True,CALL,2027-01-15,JNJ
JNJ270115C00210000,210.0,29.5,28.15,31.15,9.0,2804.0,0.24283594085693355,True,CALL,2027-01-15,JNJ
JNJ270115C00220000,220.0,23.9,23.3,24.75,9.0,876.0,0.2326279130554199,True,CALL,2027-01-15,JNJ
JNJ270115C00230000,230.0,18.8,17.9,19.7,10.0,1086.0,0.22974403076171873,False,CALL,2027-01-15,JNJ
JNJ270115C00240000,240.0,14.61,13.1,15.25,2.0,1840.0,0.22518169845581054,False,CALL,2027-01-15,JNJ
JNJ270115C00250000,250.0,9.6,9.65,10.75,12.0,1793.0,0.2114641842651367,False,CALL,2027-01-15,JNJ
JNJ270115C00260000,260.0,7.2,6.0,7.75,9.0,383.0,0.20658142059326168,False,CALL,2027-01-15,JNJ
JNJ270115C00270000,270.0,5.0,3.25,5.75,9.0,74.0,0.2067950415039062,False,CALL,2027-01-15,JNJ
JNJ270115C00280000,280.0,3.68,2.97,3.95,1.0,103.0,0.2024005541992187,False,CALL,2027-01-15,JNJ
JNJ270115C00290000,290.0,1.6,1.59,2.55,17.0,26.0,0.19654123779296873,False,CALL,2027-01-15,JNJ
JNJ270115P00160000,160.0,2.05,1.76,2.25,1.0,1147.0,0.27466545654296876,False,PUT,2027-01-15,JNJ
JNJ270115P00165000,165.0,2.44,1.79,2.73,1.0,888.0,0.2699047619628906,False,PUT,2027-01-15,JNJ
JNJ270115P00170000,170.0,3.0,1.06,3.7,5.0,942.0,0.27509269836425776,False,PUT,2027-01-15,JNJ
JNJ270115P00175000,175.0,3.26,2.6,3.7,2.0,234.0,0.255164919128418,False,PUT,2027-01-15,JNJ
JNJ270115P00180000,180.0,3.95,3.55,4.7,64.0,840.0,0.256141471862793,False,PUT,2027-01-15,JNJ
JNJ270115P00185000,185.0,4.72,4.3,5.5,3.0,452.0,0.2505262936401367,False,PUT,2027-01-15,JNJ
JNJ270115P00190000,190.0,4.92,4.55,6.55,3.0,579.0,0.2472914627075195,False,PUT,2027-01-15,JNJ
JNJ270115P00195000,195.0,6.48,5.45,7.1,36.0,382.0,0.2342911044311523,False,PUT,2027-01-15,JNJ
JNJ270115P00200000,200.0,7.7,7.65,8.4,4.0,464.0,0.23116308395385743,False,PUT,2027-01-15,JNJ
JNJ270115P00210000,210.0,10.3,9.9,11.05,3.0,425.0,0.21921557159423827,False,PUT,2027-01-15,JNJ
JNJ270115P00220000,220.0,14.15,13.3,14.55,2.0,646.0,0.20961788925170893,False,PUT,2027-01-15,JNJ
JNJ270115P00230000,230.0,17.6,17.8,18.8,5.0,116.0,0.1997302928161621,True,PUT,2027-01-15,JNJ
JNJ270115P00240000,240.0,26.7,21.7,25.0,12.0,23.0,0.20230900238037108,True,PUT,2027-01-15,JNJ
JNJ270115P00250000,250.0,30.0,27.7,30.7,12.0,5.0,0.18964433410644532,True,PUT,2027-01-15,JNJ
JNJ270115P00260000,260.0,50.0,34.8,38.0,2.0,3.0,0.18640950317382812,True,PUT,2027-01-15,JNJ
JNJ270617C00185000,185.0,51.5,49.7,53.3,15.0,4.0,0.2725292474365234,True,CALL,2027-06-17,JNJ
JNJ270617C00190000,190.0,40.07,45.5,48.75,,1.0,0.2580335427856446,True,CALL,2027-06-17,JNJ
JNJ270617C00210000,210.0,33.5,31.5,36.0,1.0,1.0,0.25270827865600587,True,CALL,2027-06-17,JNJ
JNJ270617C00220000,220.0,28.5,26.45,28.55,8.0,24.0,0.23099523895263674,True,CALL,2027-06-17,JNJ
JNJ270617C00240000,240.0,17.67,16.55,18.55,20.0,112.0,0.21891039886474606,False,CALL,2027-06-17,JNJ
JNJ270617C00250000,250.0,10.55,12.0,16.0,7.0,513.0,0.22734842483520507,False,CALL,2027-06-17,JNJ
JNJ270617C00260000,260.0,10.22,9.45,12.35,2.0,67.0,0.2200700552368164,False,CALL,2027-06-17,JNJ
JNJ270617P00200000,200.0,10.87,8.75,11.0,,101.0,0.22327436889648436,False,PUT,2027-06-17,JNJ
JNJ270617P00210000,210.0,13.12,11.75,15.0,47.0,173.0,0.22423566299438474,False,PUT,2027-06-17,JNJ
JNJ270617P00220000,220.0,20.3,14.5,17.5,,4.0,0.20368227966308594,False,PUT,2027-06-17,JNJ
JNJ270617P00230000,230.0,22.3,19.2,22.5,4.0,16.0,0.20143926010131835,True,PUT,2027-06-17,JNJ
JNJ271217C00160000,160.0,55.75,71.0,75.5,1.0,10.0,0.28433943206787105,True,CALL,2027-12-17,JNJ
JNJ271217C00165000,165.0,66.45,67.65,71.4,8.0,17.0,0.27957873748779294,True,CALL,2027-12-17,JNJ
JNJ271217C00170000,170.0,56.25,63.65,67.5,1.0,53.0,0.2764201997375488,True,CALL,2027-12-17,JNJ
JNJ271217C00175000,175.0,58.28,60.0,63.85,1.0,265.0,0.275123215637207,True,CALL,2027-12-17,JNJ
JNJ271217C00180000,180.0,58.46,56.0,60.0,1.0,53.0,0.2702404519653321,True,CALL,2027-12-17,JNJ
JNJ271217C00185000,185.0,53.5,52.0,56.5,2.0,50.0,0.26821105331420897,True,CALL,2027-12-17,JNJ
JNJ271217C00190000,190.0,34.5,48.45,53.0,1.0,15.0,0.26500673965454097,True,CALL,2027-12-17,JNJ
JNJ271217C00195000,195.0,46.72,44.55,49.0,3.0,42.0,0.25592785095214843,True,CALL,2027-12-17,JNJ
JNJ271217C00200000,200.0,43.2,42.0,45.3,11.0,119.0,0.2490767231750488,True,CALL,2027-12-17,JNJ
JNJ271217C00210000,210.0,37.79,35.95,39.5,2.0,84.0,0.24706258316040042,True,CALL,2027-12-17,JNJ
JNJ271217C00220000,220.0,31.62,30.0,34.0,2.0,158.0,0.24312585494995115,True,CALL,2027-12-17,JNJ
JNJ271217C00230000,230.0,26.5,25.1,28.0,2.0,92.0,0.2310562734985352,False,CALL,2027-12-17,JNJ
JNJ271217C00240000,240.0,21.02,19.5,24.0,6.0,215.0,0.23114782531738282,False,CALL,2027-12-17,JNJ
JNJ271217C00250000,250.0,17.9,16.5,18.5,13.0,349.0,0.21509573974609375,False,CALL,2027-12-17,JNJ
JNJ271217C00260000,260.0,10.7,12.05,16.0,1.0,84.0,0.21930712341308595,False,CALL,2027-12-17,JNJ
JNJ271217C00270000,270.0,7.87,9.0,13.5,5.0,28.0,0.22010057250976559,False,CALL,2027-12-17,JNJ
JNJ271217C00280000,280.0,3.83,6.5,11.0,,2.0,0.2174760870361328,False,CALL,2027-12-17,JNJ
JNJ271217C00290000,290.0,6.7,5.7,8.45,2.0,0.0,0.21057918334960937,False,CALL,2027-12-17,JNJ
JNJ271217P00160000,160.0,6.9,2.0,6.5,1.0,24.0,0.27280390289306633,False,PUT,2027-12-17,JNJ
JNJ271217P00165000,165.0,7.4,2.5,7.45,2.0,9.0,0.26959958923339844,False,PUT,2027-12-17,JNJ
JNJ271217P00170000,170.0,5.83,3.5,8.0,1.0,36.0,0.2599561309814453,False,PUT,2027-12-17,JNJ
JNJ271217P00175000,175.0,6.6,6.0,8.75,1.0,86.0,0.2524183645629883,False,PUT,2027-12-17,JNJ
JNJ271217P00180000,180.0,10.6,5.05,9.5,1.0,23.0,0.2442397354125977,False,PUT,2027-12-17,JNJ
JNJ271217P00185000,185.0,9.69,6.0,10.5,1.0,316.0,0.23825834991455075,False,PUT,2027-12-17,JNJ
JNJ271217P00190000,190.0,9.5,7.5,11.95,5.0,126.0,0.23612214080810545,False,PUT,2027-12-17,JNJ
JNJ271217P00195000,195.0,15.35,8.5,13.0,2.0,51.0,0.228797995300293,False,PUT,2027-12-17,JNJ
JNJ271217P00200000,200.0,12.25,10.05,14.65,24.0,125.0,0.22638713073730468,False,PUT,2027-12-17,JNJ
JNJ271217P00210000,210.0,15.5,13.5,17.75,1.0,278.0,0.21636220657348632,False,PUT,2027-12-17,JNJ
JNJ271217P00220000,220.0,19.03,17.05,21.4,52.0,343.0,0.20691711059570309,False,PUT,2027-12-17,JNJ
JNJ271217P00230000,230.0,24.19,21.5,26.0,102.0,246.0,0.20078313873291015,True,PUT,2027-12-17,JNJ
JNJ271217P00270000,270.0,84.6,72.5,77.5,,0.0,0.40241076110839846,True,PUT,2027-12-17,JNJ
JNJ280121C00160000,160.0,66.1,71.5,76.0,10.0,162.0,0.28449201843261707,True,CALL,2028-01-21,JNJ
JNJ280121C00165000,165.0,67.15,67.5,72.0,1.0,17.0,0.28064684204101553,True,CALL,2028-01-21,JNJ
JNJ280121C00170000,170.0,65.25,63.5,67.9,1.0,36.0,0.27458916336059574,True,CALL,2028-01-21,JNJ
JNJ280121C00175000,175.0,43.02,59.95,64.0,4.0,309.0,0.27010312423706057,True,CALL,2028-01-21,JNJ
JNJ280121C00180000,180.0,56.0,56.0,60.5,4.0,212.0,0.2690807955932617,True,CALL,2028-01-21,JNJ
JNJ280121C00185000,185.0,55.45,52.5,57.0,1.0,37.0,0.2667920001220704,True,CALL,2028-01-21,JNJ
JNJ280121C00190000,190.0,52.26,48.5,53.5,4.0,113.0,0.26343510009765625,True,CALL,2028-01-21,JNJ
JNJ280121C00195000,195.0,47.41,45.4,49.6,2.0,34.0,0.2553175054931641,True,CALL,2028-01-21,JNJ
JNJ280121C00200000,200.0,43.81,42.0,45.55,7.0,302.0,0.2452468054199219,True,CALL,2028-01-21,JNJ
JNJ280121C00210000,210.0,38.77,36.5,40.0,5.0,152.0,0.2452468054199219,True,CALL,2028-01-21,JNJ
JNJ280121C00220000,220.0,31.15,30.05,33.5,23.0,2214.0,0.2331009307861328,True,CALL,2028-01-21,JNJ
JNJ280121C00230000,230.0,27.2,25.85,29.35,8.0,175.0,0.23603058898925777,False,CALL,2028-01-21,JNJ
JNJ280121C00240000,240.0,21.5,20.5,24.85,2.0,92.0,0.23210911941528317,False,CALL,2028-01-21,JNJ
JNJ280121C00250000,250.0,17.95,16.6,19.9,1.0,317.0,0.22086350433349605,False,CALL,2028-01-21,JNJ
JNJ280121C00260000,260.0,14.62,13.7,17.2,3.0,28.0,0.22364057617187497,False,CALL,2028-01-21,JNJ
JNJ280121C00270000,270.0,11.88,9.7,13.4,11.0,555.0,0.2138597901916504,False,CALL,2028-01-21,JNJ
JNJ280121C00280000,280.0,10.0,8.15,11.3,5.0,216.0,0.21483634292602538,False,CALL,2028-01-21,JNJ
JNJ280121C00290000,290.0,3.95,5.7,9.45,16.0,17.0,0.21512625701904298,False,CALL,2028-01-21,JNJ
JNJ280121P00160000,160.0,7.6,2.0,7.0,3.0,8.0,0.2734752828979492,False,PUT,2028-01-21,JNJ
JNJ280121P00165000,165.0,5.88,3.0,7.5,1.0,11.0,0.26367923828125,False,PUT,2028-01-21,JNJ
JNJ280121P00170000,170.0,10.0,0.0,12.0,1.0,24.0,0.30261927856445314,False,PUT,2028-01-21,JNJ
JNJ280121P00175000,175.0,7.21,4.5,9.45,2.0,6.0,0.2546461254882813,False,PUT,2028-01-21,JNJ
JNJ280121P00180000,180.0,8.1,5.5,10.5,35.0,246.0,0.24958025817871093,False,PUT,2028-01-21,JNJ
JNJ280121P00185000,185.0,9.0,6.5,11.5,1.0,13.0,0.24312585494995115,False,PUT,2028-01-21,JNJ
JNJ280121P00190000,190.0,10.0,7.5,12.45,5.0,13.0,0.2354202435302734,False,PUT,2028-01-21,JNJ
JNJ280121P00195000,195.0,11.35,10.1,12.45,1.0,17.0,0.2178422943115234,False,PUT,2028-01-21,JNJ
JNJ280121P00200000,200.0,12.87,11.35,14.8,50.0,179.0,0.2222367816162109,False,PUT,2028-01-21,JNJ
JNJ280121P00210000,210.0,15.75,14.0,18.0,1.0,45.0,0.2132036688232422,False,PUT,2028-01-21,JNJ
JNJ280121P00220000,220.0,19.9,17.9,21.25,2.0,77.0,0.20064581100463863,False,PUT,2028-01-21,JNJ
JNJ280121P00230000,230.0,24.16,22.0,26.0,26.0,78.0,0.19586985778808597,True,PUT,2028-01-21,JNJ
JNJ280121P00240000,240.0,28.37,27.0,30.5,29.0,50.0,0.1844563977050781,True,PUT,2028-01-21,JNJ
JNJ280121P00250000,250.0,34.6,32.75,35.7,4.0,5.0,0.17354647262573242,True,PUT,2028-01-21,JNJ
JNJ280121P00260000,260.0,44.84,39.0,42.5,10.0,5.0,0.1703726762390137,True,PUT,2028-01-21,JNJ
JNJ280121P00280000,280.0,55.75,54.0,57.7,1.0,1.0,0.16361310028076176,True,PUT,2028-01-21,JNJ
JNJ280121P00290000,290.0,86.75,0.0,0.0,,0.0,1.0000000000000003e-05,True,PUT,2028-01-21,JNJ
JOBY260130C00008000,8.0,5.67,2.65,4.0,1.0,2.0,4.554691806640625,True,CALL,2026-01-30,JOBY
JOBY260130C00010000,10.0,1.05,1.02,1.27,125.0,22.0,1.4296903515625,True,CALL,2026-01-30,JOBY
JOBY260130C00010500,10.5,0.53,0.55,0.87,32.0,28.0,1.1953165234375,True,CALL,2026-01-30,JOBY
JOBY260130C00011000,11.0,0.25,0.23,0.3,2721.0,28.0,0.7500025,True,CALL,2026-01-30,JOBY
JOBY260130C00011500,11.5,0.07,0.06,0.07,2424.0,24.0,0.6718782812500002,False,CALL,2026-01-30,JOBY
JOBY260130C00012000,12.0,0.03,0.02,0.03,916.0,98.0,0.79687703125,False,CALL,2026-01-30,JOBY
JOBY260130C00012500,12.5,0.02,0.0,0.02,86.0,77.0,0.9062509375,False,CALL,2026-01-30,JOBY
JOBY260130C00013000,13.0,0.01,0.0,0.02,43.0,147.0,1.125004375,False,CALL,2026-01-30,JOBY
JOBY260130C00013500,13.5,0.01,0.0,0.01,988.0,1121.0,1.2500037499999999,False,CALL,2026-01-30,JOBY
JOBY260130C00014000,14.0,0.01,0.0,0.01,232.0,3376.0,1.3750031249999999,False,CALL,2026-01-30,JOBY
JOBY260130P00008000,8.0,0.01,0.0,0.01,31.0,21.0,1.875000625,False,PUT,2026-01-30,JOBY
JOBY260130P00009000,9.0,0.01,0.0,0.01,22.0,20.0,1.2500037499999999,False,PUT,2026-01-30,JOBY
JOBY260130P00009500,9.5,0.01,0.0,0.01,123.0,1.0,0.9687503125,False,PUT,2026-01-30,JOBY
JOBY260130P00010000,10.0,0.04,0.0,0.01,916.0,17.0,0.6875031250000001,False,PUT,2026-01-30,JOBY
JOBY260130P00010500,10.5,0.05,0.04,0.06,1567.0,33.0,0.70312796875,False,PUT,2026-01-30,JOBY
JOBY260130P00011000,11.0,0.21,0.17,0.22,1584.0,312.0,0.6562534375000001,False,PUT,2026-01-30,JOBY
JOBY260130P00011500,11.5,0.45,0.5,0.6,363.0,154.0,0.773439765625,True,PUT,2026-01-30,JOBY
JOBY260130P00012000,12.0,1.01,0.9,1.11,475.0,535.0,0.937500625,True,PUT,2026-01-30,JOBY
JOBY260130P00012500,12.5,1.36,1.33,1.58,796.0,4862.0,1.671876640625,True,PUT,2026-01-30,JOBY
JOBY260130P00013000,13.0,1.79,1.9,2.05,1820.0,4219.0,1.21875390625,True,PUT,2026-01-30,JOBY
JOBY260130P00013500,13.5,2.34,2.27,2.52,2778.0,3137.0,1.9062504687500001,True,PUT,2026-01-30,JOBY
JOBY260130P00014000,14.0,3.09,2.87,3.15,549.0,1764.0,2.0781298046874994,True,PUT,2026-01-30,JOBY
JOBY260206C00008000,8.0,3.31,2.75,3.4,1.0,1.0,1.2578162109375,True,CALL,2026-02-06,JOBY
JOBY260206C00010000,10.0,1.23,1.15,1.25,707.0,3.0,0.804689453125,True,CALL,2026-02-06,JOBY
JOBY260206C00010500,10.5,0.9,0.8,0.89,39.0,1.0,0.7929708203125,True,CALL,2026-02-06,JOBY
JOBY260206C00011000,11.0,0.56,0.51,0.55,483.0,6.0,0.7421900781249999,True,CALL,2026-02-06,JOBY
JOBY260206C00012000,12.0,0.22,0.18,0.22,480.0,40.0,0.7695335546875001,False,CALL,2026-02-06,JOBY
JOBY260206C00012500,12.5,0.14,0.12,0.13,255.0,42.0,0.8007832421875,False,CALL,2026-02-06,JOBY
JOBY260206C00013000,13.0,0.08,0.08,0.1,1216.0,400.0,0.867188828125,False,CALL,2026-02-06,JOBY
JOBY260206C00013500,13.5,0.07,0.04,0.07,73.0,296.0,0.8828136718749999,False,CALL,2026-02-06,JOBY
JOBY260206C00014000,14.0,0.04,0.04,0.05,181.0,951.0,0.9531254687499999,False,CALL,2026-02-06,JOBY
JOBY260206P00009500,9.5,0.07,0.06,0.09,57.0,25.0,0.804689453125,False,PUT,2026-02-06,JOBY
JOBY260206P00010000,10.0,0.14,0.14,0.15,648.0,22.0,0.7617211328125001,False,PUT,2026-02-06,JOBY
JOBY260206P00010500,10.5,0.26,0.26,0.29,876.0,2.0,0.7382838671874999,False,PUT,2026-02-06,JOBY
JOBY260206P00011000,11.0,0.49,0.46,0.5,463.0,69.0,0.72070591796875,False,PUT,2026-02-06,JOBY
JOBY260206P00011500,11.5,0.69,0.76,0.8,136.0,122.0,0.7304714453125,True,PUT,2026-02-06,JOBY
JOBY260206P00012000,12.0,1.12,1.1,1.26,492.0,347.0,0.7949239257812499,True,PUT,2026-02-06,JOBY
JOBY260206P00012500,12.5,1.48,1.47,1.68,277.0,214.0,0.7656273437500001,True,PUT,2026-02-06,JOBY
JOBY260206P00013000,13.0,2.07,1.99,2.08,149.0,1831.0,0.804689453125,True,PUT,2026-02-06,JOBY
JOBY260206P00013500,13.5,2.64,2.28,2.62,13.0,320.0,1.171879140625,True,PUT,2026-02-06,JOBY
JOBY260206P00014000,14.0,3.2,2.7,3.05,68.0,439.0,1.109379453125,True,PUT,2026-02-06,JOBY
JOBY260213C00008000,8.0,3.29,2.75,3.5,2.0,2.0,1.1328168359375002,True,CALL,2026-02-13,JOBY
JOBY260213C00009000,9.0,2.27,2.08,2.67,4.0,1.0,1.2773473632812498,True,CALL,2026-02-13,JOBY
JOBY260213C00009500,9.5,1.72,1.64,2.14,2.0,1.0,1.0859420703125,True,CALL,2026-02-13,JOBY
JOBY260213C00010000,10.0,1.48,1.29,1.5,20.0,13.0,0.87695435546875,True,CALL,2026-02-13,JOBY
JOBY260213C00011000,11.0,0.75,0.7,0.78,453.0,5.0,0.7851583984375,True,CALL,2026-02-13,JOBY
JOBY260213C00012000,12.0,0.36,0.32,0.39,281.0,13.0,0.7695335546875001,False,CALL,2026-02-13,JOBY
JOBY260213C00012500,12.5,0.25,0.22,0.27,23.0,15.0,0.77929908203125,False,CALL,2026-02-13,JOBY
JOBY260213C00013000,13.0,0.18,0.15,0.18,64.0,319.0,0.7851583984375,False,CALL,2026-02-13,JOBY
JOBY260213C00013500,13.5,0.12,0.1,0.15,174.0,247.0,0.8242205078124999,False,CALL,2026-02-13,JOBY
JOBY260213C00014000,14.0,0.09,0.06,0.1,61.0,83.0,0.8203142968749999,False,CALL,2026-02-13,JOBY
JOBY260213P00008500,8.5,0.07,0.04,0.08,9.0,5.0,0.867188828125,False,PUT,2026-02-13,JOBY
JOBY260213P00009000,9.0,0.1,0.08,0.12,23.0,1.0,0.8242205078124999,False,PUT,2026-02-13,JOBY
JOBY260213P00010000,10.0,0.26,0.26,0.28,89.0,15.0,0.75586181640625,False,PUT,2026-02-13,JOBY
JOBY260213P00010500,10.5,0.42,0.42,0.53,59.0,80.0,0.79101771484375,False,PUT,2026-02-13,JOBY
JOBY260213P00011000,11.0,0.65,0.63,0.71,122.0,124.0,0.7480493945312501,False,PUT,2026-02-13,JOBY
JOBY260213P00011500,11.5,0.89,0.91,1.02,20.0,56.0,0.7539087109375,True,PUT,2026-02-13,JOBY
JOBY260213P00012000,12.0,1.25,1.24,1.42,234.0,190.0,0.7812521875,True,PUT,2026-02-13,JOBY
JOBY260213P00012500,12.5,1.7,1.63,1.84,25.0,282.0,0.8125018749999999,True,PUT,2026-02-13,JOBY
JOBY260213P00013000,13.0,2.01,1.96,2.17,86.0,214.0,0.6679720703125002,True,PUT,2026-02-13,JOBY
JOBY260213P00013500,13.5,2.44,2.45,2.6,41.0,434.0,0.6757844921875001,True,PUT,2026-02-13,JOBY
JOBY260213P00014000,14.0,3.0,2.7,3.25,8.0,38.0,0.5468795312500001,True,PUT,2026-02-13,JOBY
JOBY260220C00008000,8.0,3.12,3.0,3.4,3.0,6.0,1.12109814453125,True,CALL,2026-02-20,JOBY
JOBY260220C00009000,9.0,2.26,2.11,2.44,33.0,2.0,0.9238288867187501,True,CALL,2026-02-20,JOBY
JOBY260220C00010000,10.0,1.5,1.41,1.63,304.0,40.0,0.867188828125,True,CALL,2026-02-20,JOBY
JOBY260220C00011000,11.0,0.9,0.83,0.9,721.0,45.0,0.7695335546875001,True,CALL,2026-02-20,JOBY
JOBY260220C00011500,11.5,0.65,0.64,0.68,282.0,182.0,0.7753928710937501,False,CALL,2026-02-20,JOBY
JOBY260220C00012000,12.0,0.51,0.46,0.52,1897.0,476.0,0.773439765625,False,CALL,2026-02-20,JOBY
JOBY260220C00012500,12.5,0.38,0.36,0.37,3836.0,1336.0,0.7812521875,False,CALL,2026-02-20,JOBY
JOBY260220C00013000,13.0,0.28,0.25,0.28,1130.0,499.0,0.7812521875,False,CALL,2026-02-20,JOBY
JOBY260220C00013500,13.5,0.2,0.19,0.21,2357.0,2421.0,0.79687703125,False,CALL,2026-02-20,JOBY
JOBY260220C00014000,14.0,0.16,0.13,0.17,226.0,768.0,0.8085956640624999,False,CALL,2026-02-20,JOBY
JOBY260220P00008000,8.0,0.06,0.05,0.08,69.0,28.0,0.87500125,False,PUT,2026-02-20,JOBY
JOBY260220P00009000,9.0,0.15,0.14,0.16,139.0,62.0,0.7812521875,False,PUT,2026-02-20,JOBY
JOBY260220P00010000,10.0,0.37,0.34,0.4,1229.0,427.0,0.7421900781249999,False,PUT,2026-02-20,JOBY
JOBY260220P00010500,10.5,0.56,0.55,0.59,401.0,39.0,0.75195560546875,False,PUT,2026-02-20,JOBY
JOBY260220P00011000,11.0,0.8,0.8,0.82,954.0,586.0,0.7509790527343749,False,PUT,2026-02-20,JOBY
JOBY260220P00011500,11.5,1.09,1.06,1.1,149.0,51.0,0.73437765625,True,PUT,2026-02-20,JOBY
JOBY260220P00012000,12.0,1.4,1.39,1.45,362.0,1534.0,0.7402369726562499,True,PUT,2026-02-20,JOBY
JOBY260220P00012500,12.5,1.69,1.75,1.84,48.0,423.0,0.74414318359375,True,PUT,2026-02-20,JOBY
JOBY260220P00013000,13.0,2.09,2.0,2.21,175.0,2834.0,0.6210975390625001,True,PUT,2026-02-20,JOBY
JOBY260220P00013500,13.5,2.63,2.51,2.69,144.0,345.0,0.70312796875,True,PUT,2026-02-20,JOBY
JOBY260220P00014000,14.0,3.05,3.0,3.2,1147.0,2606.0,0.7851583984375,True,PUT,2026-02-20,JOBY
JOBY260227C00010000,10.0,1.65,1.52,1.82,6.0,8.0,0.8964854101562498,True,CALL,2026-02-27,JOBY
JOBY260227C00010500,10.5,1.28,1.24,1.54,3.0,1.0,0.8974619628906249,True,CALL,2026-02-27,JOBY
JOBY260227C00011500,11.5,0.92,0.86,0.98,116.0,11.0,0.88476677734375,False,CALL,2026-02-27,JOBY
JOBY260227C00012500,12.5,0.7,0.44,0.76,13.0,1.0,0.8886729882812499,False,CALL,2026-02-27,JOBY
JOBY260227C00013000,13.0,0.57,0.4,0.61,120.0,94.0,0.914063359375,False,CALL,2026-02-27,JOBY
JOBY260227C00013500,13.5,0.4,0.35,0.5,48.0,133.0,0.9355475195312499,False,CALL,2026-02-27,JOBY
JOBY260227C00014000,14.0,0.32,0.3,0.38,376.0,145.0,0.9355475195312499,False,CALL,2026-02-27,JOBY
JOBY260227P00009000,9.0,0.28,0.26,0.31,61.0,13.0,0.8652357226562499,False,PUT,2026-02-27,JOBY
JOBY260227P00010000,10.0,0.57,0.5,0.55,155.0,1111.0,0.795900478515625,False,PUT,2026-02-27,JOBY
JOBY260227P00010500,10.5,0.76,0.66,0.9,608.0,48.0,0.8339860351562498,False,PUT,2026-02-27,JOBY
JOBY260227P00011000,11.0,1.0,0.96,1.05,177.0,89.0,0.8125018749999999,False,PUT,2026-02-27,JOBY
JOBY260227P00011500,11.5,1.25,1.18,1.47,74.0,170.0,0.8378922460937499,True,PUT,2026-02-27,JOBY
JOBY260227P00012000,12.0,1.57,1.51,1.74,28.0,303.0,0.8183611914062499,True,PUT,2026-02-27,JOBY
JOBY260227P00012500,12.5,1.99,1.96,2.09,10.0,85.0,0.8554701953125,True,PUT,2026-02-27,JOBY
JOBY260227P00013000,13.0,2.31,2.28,2.55,73.0,1731.0,0.8632826171875,True,PUT,2026-02-27,JOBY
JOBY260227P00013500,13.5,2.68,2.7,2.98,152.0,485.0,0.8867198828124999,True,PUT,2026-02-27,JOBY
JOBY260227P00014000,14.0,3.36,3.05,3.45,279.0,172.0,0.87500125,True,PUT,2026-02-27,JOBY
JOBY260306C00014000,14.0,0.44,0.35,0.48,9.0,41.0,0.9101571484375,False,CALL,2026-03-06,JOBY
JOBY260306P00010000,10.0,0.68,0.44,0.75,251.0,15.0,0.7744163183593751,False,PUT,2026-03-06,JOBY
JOBY260306P00012000,12.0,1.65,1.66,1.86,28.0,10.0,0.8349625878906248,True,PUT,2026-03-06,JOBY
JOBY260306P00012500,12.5,1.98,2.02,2.19,29.0,16.0,0.831056376953125,True,PUT,2026-03-06,JOBY
JOBY260306P00013000,13.0,2.35,2.22,2.66,9.0,45.0,0.79883013671875,True,PUT,2026-03-06,JOBY
JOBY260320C00008000,8.0,3.5,3.25,3.6,2.0,31.0,1.015629921875,True,CALL,2026-03-20,JOBY
JOBY260320C00009000,9.0,2.72,2.5,2.78,45.0,5.0,0.93945373046875,True,CALL,2026-03-20,JOBY
JOBY260320C00010000,10.0,2.0,1.87,2.0,441.0,241.0,0.868165380859375,True,CALL,2026-03-20,JOBY
JOBY260320C00011000,11.0,1.4,1.35,1.45,670.0,66.0,0.8447281152343749,True,CALL,2026-03-20,JOBY
JOBY260320C00012000,12.0,0.99,0.95,1.03,519.0,409.0,0.831056376953125,False,CALL,2026-03-20,JOBY
JOBY260320C00013000,13.0,0.73,0.67,0.82,567.0,257.0,0.85937640625,False,CALL,2026-03-20,JOBY
JOBY260320C00014000,14.0,0.5,0.48,0.55,304.0,903.0,0.84961087890625,False,CALL,2026-03-20,JOBY
JOBY260320P00008000,8.0,0.25,0.23,0.26,128.0,109.0,0.8554701953125,False,PUT,2026-03-20,JOBY
JOBY260320P00009000,9.0,0.47,0.44,0.47,164.0,98.0,0.8164080859374999,False,PUT,2026-03-20,JOBY
JOBY260320P00010000,10.0,0.81,0.78,0.82,541.0,342.0,0.8007832421875,False,PUT,2026-03-20,JOBY
JOBY260320P00011000,11.0,1.27,1.26,1.35,320.0,639.0,0.8085956640624999,False,PUT,2026-03-20,JOBY
JOBY260320P00012000,12.0,1.9,1.86,1.93,168.0,1329.0,0.7939473730468749,True,PUT,2026-03-20,JOBY
JOBY260320P00013000,13.0,2.59,2.58,2.61,13142.0,14575.0,0.7851583984375,True,PUT,2026-03-20,JOBY
JOBY260320P00014000,14.0,3.4,3.35,3.6,850.0,17272.0,0.8457046679687499,True,PUT,2026-03-20,JOBY
JOBY260417C00008000,8.0,3.35,3.4,3.65,115.0,58.0,0.8964854101562498,True,CALL,2026-04-17,JOBY
JOBY260417C00009000,9.0,2.89,2.6,2.93,8.0,150.0,0.8349625878906248,True,CALL,2026-04-17,JOBY
JOBY260417C00010000,10.0,2.15,2.12,2.23,142.0,474.0,0.8281267187499999,True,CALL,2026-04-17,JOBY
JOBY260417C00011000,11.0,1.73,1.65,1.76,981.0,1039.0,0.8300798242187499,True,CALL,2026-04-17,JOBY
JOBY260417C00012000,12.0,1.32,1.21,1.35,928.0,1288.0,0.8095722167968749,False,CALL,2026-04-17,JOBY
JOBY260417C00013000,13.0,1.0,0.93,1.03,956.0,2106.0,0.8105487695312499,False,CALL,2026-04-17,JOBY
JOBY260417C00014000,14.0,0.76,0.72,0.8,667.0,4488.0,0.8193377441406249,False,CALL,2026-04-17,JOBY
JOBY260417P00008000,8.0,0.4,0.36,0.4,176.0,881.0,0.807619111328125,False,PUT,2026-04-17,JOBY
JOBY260417P00009000,9.0,0.67,0.63,0.7,172.0,340.0,0.7939473730468749,False,PUT,2026-04-17,JOBY
JOBY260417P00010000,10.0,1.05,1.01,1.1,602.0,1042.0,0.782228740234375,False,PUT,2026-04-17,JOBY
JOBY260417P00011000,11.0,1.5,1.5,1.76,603.0,1914.0,0.8105487695312499,False,PUT,2026-04-17,JOBY
JOBY260417P00012000,12.0,2.15,2.11,2.2,116.0,1474.0,0.7656273437500001,True,PUT,2026-04-17,JOBY
JOBY260417P00013000,13.0,2.81,2.81,2.9,43.0,2829.0,0.7656273437500001,True,PUT,2026-04-17,JOBY
JOBY260417P00014000,14.0,3.61,3.55,3.7,19.0,1407.0,0.764650791015625,True,PUT,2026-04-17,JOBY
JOBY260717C00008000,8.0,4.2,3.8,4.25,20.0,26.0,0.860352958984375,True,CALL,2026-07-17,JOBY
JOBY260717C00009000,9.0,3.45,3.4,3.95,1.0,228.0,0.946289599609375,True,CALL,2026-07-17,JOBY
JOBY260717C00010000,10.0,2.95,2.86,3.0,333.0,149.0,0.84179845703125,True,CALL,2026-07-17,JOBY
JOBY260717C00011000,11.0,2.5,2.42,2.55,274.0,20.0,0.8334977587890623,True,CALL,2026-07-17,JOBY
JOBY260717C00012000,12.0,2.1,2.05,2.11,271.0,1224.0,0.8188494677734374,False,CALL,2026-07-17,JOBY
JOBY260717C00013000,13.0,1.8,1.7,1.82,174.0,158.0,0.8149432568359375,False,CALL,2026-07-17,JOBY
JOBY260717C00014000,14.0,1.64,1.47,1.6,93.0,156.0,0.8271501660156249,False,CALL,2026-07-17,JOBY
JOBY260717P00008000,8.0,0.83,0.81,0.88,165.0,1120.0,0.79101771484375,False,PUT,2026-07-17,JOBY
JOBY260717P00009000,9.0,1.21,1.19,1.23,305.0,254.0,0.770510107421875,False,PUT,2026-07-17,JOBY
JOBY260717P00010000,10.0,1.67,1.65,1.7,131.0,377.0,0.7607445800781252,False,PUT,2026-07-17,JOBY
JOBY260717P00011000,11.0,2.19,2.02,2.28,592.0,234.0,0.7304714453125,False,PUT,2026-07-17,JOBY
JOBY260717P00012000,12.0,2.79,2.63,2.93,49.0,1578.0,0.7304714453125,True,PUT,2026-07-17,JOBY
JOBY260717P00013000,13.0,3.51,3.4,3.55,153.0,213.0,0.7314479980468749,True,PUT,2026-07-17,JOBY
JOBY260717P00014000,14.0,4.24,4.15,4.3,31.0,1365.0,0.73437765625,True,PUT,2026-07-17,JOBY
JOBY260821C00010000,10.0,3.35,3.1,3.4,10.0,4.0,0.87500125,True,CALL,2026-08-21,JOBY
JOBY260821C00012000,12.0,2.5,2.4,2.4,94.0,11.0,0.8437515624999999,False,CALL,2026-08-21,JOBY
JOBY260821C00013000,13.0,2.16,2.03,2.22,169.0,45.0,0.852540537109375,False,CALL,2026-08-21,JOBY
JOBY260821C00014000,14.0,1.9,1.88,2.0,10.0,16.0,0.8764660791015625,False,CALL,2026-08-21,JOBY
JOBY260821P00009000,9.0,1.5,1.36,1.59,3.0,1.0,0.8007832421875,False,PUT,2026-08-21,JOBY
JOBY260821P00010000,10.0,1.95,1.89,1.98,11.0,11.0,0.780275634765625,False,PUT,2026-08-21,JOBY
JOBY260821P00011000,11.0,2.52,2.44,2.54,11.0,6.0,0.7719749365234375,False,PUT,2026-08-21,JOBY
JOBY260821P00012000,12.0,3.15,3.05,3.35,14.0,123.0,0.7934590966796875,True,PUT,2026-08-21,JOBY
JOBY260821P00013000,13.0,2.89,3.7,4.2,10.0,16.0,0.8105487695312499,True,PUT,2026-08-21,JOBY
JOBY260821P00014000,14.0,3.5,4.4,4.95,3.0,3.0,0.80664255859375,True,PUT,2026-08-21,JOBY
JOBY261120C00010000,10.0,3.77,3.6,3.9,98.0,2.0,0.8710950390625,True,CALL,2026-11-20,JOBY
JOBY261120C00013000,13.0,2.75,2.62,2.79,176.0,21.0,0.8569350244140624,False,CALL,2026-11-20,JOBY
JOBY261120P00008000,8.0,1.37,1.27,1.39,52.0,2.0,0.772463212890625,False,PUT,2026-11-20,JOBY
JOBY261120P00013000,13.0,4.19,4.15,4.4,82.0,12.0,0.7568383691406251,True,PUT,2026-11-20,JOBY
JOBY270115C00010000,10.0,3.98,3.9,4.05,684.0,10624.0,0.858399853515625,True,CALL,2027-01-15,JOBY
JOBY270115C00012000,12.0,3.33,3.2,3.4,963.0,5602.0,0.85937640625,False,CALL,2027-01-15,JOBY
JOBY270115P00010000,10.0,2.55,2.54,2.58,346.0,4157.0,0.7578149218750001,False,PUT,2027-01-15,JOBY
JOBY270115P00012000,12.0,3.79,3.7,3.85,37.0,5591.0,0.7412135253906249,True,PUT,2027-01-15,JOBY
JOBY270319C00008000,8.0,5.25,5.1,5.4,104.0,20.0,0.913086806640625,True,CALL,2027-03-19,JOBY
JOBY270319C00010000,10.0,4.3,4.2,4.45,57.0,17.0,0.8774426318359375,True,CALL,2027-03-19,JOBY
JOBY270319C00013000,13.0,3.25,3.15,3.4,148.0,98.0,0.8481460498046874,False,CALL,2027-03-19,JOBY
JOBY280121C00008000,8.0,6.26,6.0,6.35,204.0,533.0,0.9062509375,True,CALL,2028-01-21,JOBY
JOBY280121C00010000,10.0,5.46,5.35,5.55,893.0,1839.0,0.8872081591796874,True,CALL,2028-01-21,JOBY
JOBY280121C00012000,12.0,4.9,4.8,5.0,586.0,1071.0,0.8845226391601562,False,CALL,2028-01-21,JOBY
JOBY280121P00008000,8.0,2.37,2.25,2.5,41.0,583.0,0.72851833984375,False,PUT,2028-01-21,JOBY
JOBY280121P00010000,10.0,3.6,3.45,3.7,166.0,460.0,0.719729365234375,False,PUT,2028-01-21,JOBY
JOBY280121P00012000,12.0,4.95,4.75,5.0,119.0,406.0,0.7050810742187501,True,PUT,2028-01-21,JOBY
JPM260130C00230000,230.0,96.4,73.15,76.7,,4.0,2.4121133447265626,True,CALL,2026-01-30,JPM
JPM260130C00235000,235.0,68.25,68.15,71.85,,2.0,2.325199499511718,True,CALL,2026-01-30,JPM
JPM260130C00245000,245.0,54.24,58.25,61.65,3.0,9.0,1.9472658886718752,True,CALL,2026-01-30,JPM
JPM260130C00265000,265.0,36.23,38.2,40.9,1.0,1.0,1.0683640332031252,True,CALL,2026-01-30,JPM
JPM260130C00270000,270.0,31.22,33.2,35.85,1.0,11.0,0.92187578125,True,CALL,2026-01-30,JPM
JPM260130C00275000,275.0,30.01,28.25,30.9,15.0,35.0,0.8330094824218748,True,CALL,2026-01-30,JPM
JPM260130C00277500,277.5,28.2,25.75,28.4,1.0,12.0,0.7744163183593751,True,CALL,2026-01-30,JPM
JPM260130C00280000,280.0,20.39,23.2,25.9,11.0,34.0,0.7158231542968749,True,CALL,2026-01-30,JPM
JPM260130C00285000,285.0,19.62,18.25,20.9,2.0,159.0,0.5971719970703125,True,CALL,2026-01-30,JPM
JPM260130C00287500,287.5,17.1,15.7,18.4,12.0,94.0,0.5371140039062501,True,CALL,2026-01-30,JPM
JPM260130C00290000,290.0,14.72,13.2,15.95,13.0,363.0,0.4931691308593751,True,CALL,2026-01-30,JPM
JPM260130C00292500,292.5,12.15,11.45,13.2,21.0,54.0,0.336920693359375,True,CALL,2026-01-30,JPM
JPM260130C00295000,295.0,9.9,9.35,10.8,16.0,173.0,0.3217841259765625,True,CALL,2026-01-30,JPM
JPM260130C00297500,297.5,7.3,7.0,8.2,177.0,506.0,0.22754678710937498,True,CALL,2026-01-30,JPM
JPM260130C00300000,300.0,5.99,4.8,6.0,1607.0,1783.0,0.24048611083984373,True,CALL,2026-01-30,JPM
JPM260130C00302500,302.5,3.6,3.4,3.8,1232.0,1358.0,0.2082598706054687,True,CALL,2026-01-30,JPM
JPM260130C00305000,305.0,1.9,1.7,2.16,4525.0,5509.0,0.20581848876953124,True,CALL,2026-01-30,JPM
JPM260130C00307500,307.5,0.9,0.8,1.01,4105.0,2010.0,0.19995917236328126,False,CALL,2026-01-30,JPM
JPM260130C00310000,310.0,0.39,0.31,0.39,2754.0,5007.0,0.1977619287109375,False,CALL,2026-01-30,JPM
JPM260130C00312500,312.5,0.13,0.11,0.15,1621.0,1711.0,0.20655090332031245,False,CALL,2026-01-30,JPM
JPM260130C00315000,315.0,0.05,0.03,0.07,1562.0,2098.0,0.225593681640625,False,CALL,2026-01-30,JPM
JPM260130C00317500,317.5,0.02,0.01,0.03,129.0,777.0,0.23828886718749998,False,CALL,2026-01-30,JPM
JPM260130C00320000,320.0,0.01,0.01,0.03,1122.0,4031.0,0.28125718749999995,False,CALL,2026-01-30,JPM
JPM260130C00322500,322.5,0.02,0.0,0.01,42.0,430.0,0.28125718749999995,False,CALL,2026-01-30,JPM
JPM260130C00325000,325.0,0.01,0.0,0.01,123.0,4313.0,0.32031929687499994,False,CALL,2026-01-30,JPM
JPM260130C00327500,327.5,0.02,0.0,0.09,97.0,269.0,0.46484910156250003,False,CALL,2026-01-30,JPM
JPM260130C00330000,330.0,0.01,0.0,0.01,9.0,2381.0,0.38281867187499996,False,CALL,2026-01-30,JPM
JPM260130C00332500,332.5,0.01,0.0,0.15,1.0,97.0,0.5351608984375,False,CALL,2026-01-30,JPM
JPM260130C00335000,335.0,0.02,0.0,0.01,60.0,516.0,0.45313046875,False,CALL,2026-01-30,JPM
JPM260130C00337500,337.5,0.02,0.0,0.1,7.0,27.0,0.5820354296875,False,CALL,2026-01-30,JPM
JPM260130C00340000,340.0,0.01,0.0,0.01,14.0,782.0,0.51562984375,False,CALL,2026-01-30,JPM
JPM260130C00342500,342.5,0.01,0.0,1.46,11.0,61.0,1.0302782861328126,False,CALL,2026-01-30,JPM
JPM260130C00345000,345.0,0.05,0.0,0.09,2.0,457.0,0.6835969140625001,False,CALL,2026-01-30,JPM
JPM260130C00347500,347.5,0.01,0.0,2.12,2.0,13.0,1.23047259765625,False,CALL,2026-01-30,JPM
JPM260130C00350000,350.0,0.02,0.0,0.01,2.0,788.0,0.5937540625000001,False,CALL,2026-01-30,JPM
JPM260130C00352500,352.5,0.15,0.0,0.14,1.0,23.0,0.8320329296874999,False,CALL,2026-01-30,JPM
JPM260130C00355000,355.0,0.01,0.0,0.02,1.0,233.0,0.70312796875,False,CALL,2026-01-30,JPM
JPM260130C00360000,360.0,0.01,0.0,0.01,12.0,279.0,0.7187528125,False,CALL,2026-01-30,JPM
JPM260130C00365000,365.0,0.02,0.0,0.01,1.0,28.0,0.7812521875,False,CALL,2026-01-30,JPM
JPM260130C00370000,370.0,0.05,0.0,0.02,60.0,60.0,0.87500125,False,CALL,2026-01-30,JPM
JPM260130C00375000,375.0,0.04,0.0,0.02,20.0,23.0,0.937500625,False,CALL,2026-01-30,JPM
JPM260130C00380000,380.0,0.03,0.0,2.12,13.0,29.0,1.8339852050781247,False,CALL,2026-01-30,JPM
JPM260130C00390000,390.0,0.09,0.0,0.05,,1.0,1.1875040625,False,CALL,2026-01-30,JPM
JPM260130P00215000,215.0,0.01,0.0,2.13,1.0,3.0,2.848635690917969,False,PUT,2026-01-30,JPM
JPM260130P00220000,220.0,0.01,0.0,0.01,1.0,13.0,1.3750031249999999,False,PUT,2026-01-30,JPM
JPM260130P00225000,225.0,0.01,0.01,0.04,20.0,18.0,1.5000025,False,PUT,2026-01-30,JPM
JPM260130P00230000,230.0,0.01,0.0,0.05,13.0,4.0,1.3984405078125,False,PUT,2026-01-30,JPM
JPM260130P00235000,235.0,0.01,0.0,0.03,1.0,41.0,1.2343788281249999,False,PUT,2026-01-30,JPM
JPM260130P00240000,240.0,0.01,0.0,0.01,4.0,183.0,1.0312548437500002,False,PUT,2026-01-30,JPM
JPM260130P00245000,245.0,0.08,0.0,2.13,6.0,31.0,1.9453127734375002,False,PUT,2026-01-30,JPM
JPM260130P00250000,250.0,0.01,0.0,0.02,1.0,1638.0,0.937500625,False,PUT,2026-01-30,JPM
JPM260130P00255000,255.0,0.01,0.0,0.08,4.0,67.0,0.9765627343750001,False,PUT,2026-01-30,JPM
JPM260130P00260000,260.0,0.01,0.0,0.02,2.0,212.0,0.7656273437500001,False,PUT,2026-01-30,JPM
JPM260130P00265000,265.0,0.02,0.0,0.04,2.0,116.0,0.726565234375,False,PUT,2026-01-30,JPM
JPM260130P00270000,270.0,0.02,0.01,0.02,56.0,321.0,0.6250037500000001,False,PUT,2026-01-30,JPM
JPM260130P00275000,275.0,0.02,0.02,0.04,89.0,610.0,0.5820354296875,False,PUT,2026-01-30,JPM
JPM260130P00277500,277.5,0.01,0.0,0.24,80.0,89.0,0.6523472265625001,False,PUT,2026-01-30,JPM
JPM260130P00280000,280.0,0.03,0.02,0.07,24.0,608.0,0.5195360546875,False,PUT,2026-01-30,JPM
JPM260130P00282500,282.5,0.05,0.0,0.05,23.0,271.0,0.4804739453125,False,PUT,2026-01-30,JPM
JPM260130P00285000,285.0,0.04,0.02,0.07,75.0,816.0,0.45508357421875,False,PUT,2026-01-30,JPM
JPM260130P00287500,287.5,0.03,0.03,0.23,63.0,1801.0,0.5009815527343751,False,PUT,2026-01-30,JPM
JPM260130P00290000,290.0,0.03,0.03,0.1,277.0,1633.0,0.3789124609375,False,PUT,2026-01-30,JPM
JPM260130P00292500,292.5,0.04,0.04,0.15,223.0,807.0,0.35205726074218746,False,PUT,2026-01-30,JPM
JPM260130P00295000,295.0,0.1,0.1,0.13,913.0,2282.0,0.28711650390624993,False,PUT,2026-01-30,JPM
JPM260130P00297500,297.5,0.35,0.16,0.35,444.0,824.0,0.2954172021484375,False,PUT,2026-01-30,JPM
JPM260130P00300000,300.0,0.4,0.32,0.56,1380.0,3269.0,0.2661206201171875,False,PUT,2026-01-30,JPM
JPM260130P00302500,302.5,1.05,0.68,1.1,382.0,337.0,0.2585523364257813,False,PUT,2026-01-30,JPM
JPM260130P00305000,305.0,1.9,1.72,2.2,287.0,708.0,0.2749095947265625,False,PUT,2026-01-30,JPM
JPM260130P00307500,307.5,3.85,3.05,3.85,52.0,245.0,0.30762411132812495,True,PUT,2026-01-30,JPM
JPM260130P00310000,310.0,5.9,5.0,6.35,45.0,544.0,0.41040628662109374,True,PUT,2026-01-30,JPM
JPM260130P00312500,312.5,9.5,6.8,8.7,42.0,131.0,0.48242705078125003,True,PUT,2026-01-30,JPM
JPM260130P00315000,315.0,10.65,9.65,11.65,5.0,18.0,0.6281775463867189,True,PUT,2026-01-30,JPM
JPM260130P00317500,317.5,13.9,11.75,14.4,2.0,1.0,0.5454147021484376,True,PUT,2026-01-30,JPM
JPM260130P00320000,320.0,16.57,13.6,16.8,1.0,110.0,0.5419967675781252,True,PUT,2026-01-30,JPM
JPM260130P00322500,322.5,25.0,15.9,19.4,5.0,0.0,0.5932657861328126,True,PUT,2026-01-30,JPM
JPM260130P00325000,325.0,24.8,18.4,21.9,161.0,6.0,0.6528355029296876,True,PUT,2026-01-30,JPM
JPM260130P00327500,327.5,14.54,20.9,24.4,,0.0,0.7104521142578125,True,PUT,2026-01-30,JPM
JPM260130P00330000,330.0,26.8,23.2,27.15,1.0,0.0,0.773439765625,True,PUT,2026-01-30,JPM
JPM260130P00332500,332.5,30.08,25.65,29.6,10.0,0.0,0.8149432568359375,True,PUT,2026-01-30,JPM
JPM260130P00335000,335.0,37.15,28.1,32.05,1.0,1.0,0.8535170898437501,True,PUT,2026-01-30,JPM
JPM260130P00337500,337.5,39.65,30.7,34.6,1.0,0.0,0.9282233740234375,True,PUT,2026-01-30,JPM
JPM260130P00340000,340.0,19.0,33.2,37.1,1.0,0.0,0.9794923925781251,True,PUT,2026-01-30,JPM
JPM260130P00342500,342.5,33.29,35.65,39.5,2.0,0.0,1.0058643457031249,True,PUT,2026-01-30,JPM
JPM260130P00345000,345.0,33.5,38.3,41.85,2.0,0.0,1.0546922265625,True,PUT,2026-01-30,JPM
JPM260130P00347500,347.5,39.78,40.8,44.5,1.0,0.0,1.12891060546875,True,PUT,2026-01-30,JPM
JPM260130P00350000,350.0,39.8,43.3,47.0,2.0,0.0,1.1767619287109374,True,PUT,2026-01-30,JPM
JPM260130P00375000,375.0,46.43,68.2,72.1,,0.0,1.62109564453125,True,PUT,2026-01-30,JPM
JPM260206C00230000,230.0,101.07,73.4,76.05,,1.0,0.963867548828125,True,CALL,2026-02-06,JPM
JPM260206C00250000,250.0,52.0,53.4,56.1,1.0,8.0,0.7324245507812499,True,CALL,2026-02-06,JPM
JPM260206C00270000,270.0,30.73,33.5,36.2,13.0,63.0,0.5122119091796875,True,CALL,2026-02-06,JPM
JPM260206C00277500,277.5,28.1,26.05,28.05,1.0,13.0,1.0000000000000003e-05,True,CALL,2026-02-06,JPM
JPM260206C00280000,280.0,21.5,23.6,26.35,6.0,14.0,0.4116269775390625,True,CALL,2026-02-06,JPM
JPM260206C00282500,282.5,23.2,21.4,23.5,9.0,29.0,0.32813171874999997,True,CALL,2026-02-06,JPM
JPM260206C00285000,285.0,17.05,19.15,21.3,12.0,18.0,0.3413151806640625,True,CALL,2026-02-06,JPM
JPM260206C00287500,287.5,14.75,16.9,18.65,2.0,10.0,0.29053443847656246,True,CALL,2026-02-06,JPM
JPM260206C00290000,290.0,13.85,14.85,16.3,1.0,39.0,0.27674063110351554,True,CALL,2026-02-06,JPM
JPM260206C00292500,292.5,13.75,13.4,14.05,7.0,9.0,0.26782958740234375,True,CALL,2026-02-06,JPM
JPM260206C00295000,295.0,10.0,10.3,12.0,202.0,302.0,0.26782958740234375,True,CALL,2026-02-06,JPM
JPM260206C00297500,297.5,9.55,8.8,9.55,216.0,227.0,0.231452998046875,True,CALL,2026-02-06,JPM
JPM260206C00300000,300.0,7.35,7.1,7.9,331.0,961.0,0.24146266357421875,True,CALL,2026-02-06,JPM
JPM260206C00302500,302.5,5.9,5.85,6.4,264.0,401.0,0.24677266906738282,True,CALL,2026-02-06,JPM
JPM260206C00305000,305.0,4.21,4.35,4.7,1029.0,1069.0,0.23023230712890624,True,CALL,2026-02-06,JPM
JPM260206C00307500,307.5,3.2,3.0,3.4,394.0,407.0,0.2235185070800781,False,CALL,2026-02-06,JPM
JPM260206C00310000,310.0,2.2,2.2,2.48,1322.0,1926.0,0.22486126708984372,False,CALL,2026-02-06,JPM
JPM260206C00312500,312.5,1.56,1.56,1.66,916.0,197.0,0.21973436523437498,False,CALL,2026-02-06,JPM
JPM260206C00315000,315.0,1.0,1.0,1.13,937.0,947.0,0.22083298706054685,False,CALL,2026-02-06,JPM
JPM260206C00317500,317.5,0.62,0.63,0.74,483.0,309.0,0.2211991943359375,False,CALL,2026-02-06,JPM
JPM260206C00320000,320.0,0.46,0.4,0.48,211.0,644.0,0.22290816162109373,False,CALL,2026-02-06,JPM
JPM260206C00322500,322.5,0.3,0.27,0.34,42.0,132.0,0.23023230712890624,False,CALL,2026-02-06,JPM
JPM260206C00325000,325.0,0.2,0.19,0.22,118.0,546.0,0.23316196533203126,False,CALL,2026-02-06,JPM
JPM260206C00327500,327.5,0.15,0.11,0.18,20.0,19.0,0.24658956542968752,False,CALL,2026-02-06,JPM
JPM260206C00330000,330.0,0.11,0.09,0.13,62.0,460.0,0.25391371093750004,False,CALL,2026-02-06,JPM
JPM260206C00332500,332.5,0.11,0.03,0.11,11.0,27.0,0.26758544921875,False,CALL,2026-02-06,JPM
JPM260206C00335000,335.0,0.05,0.03,0.07,54.0,265.0,0.26856200195312496,False,CALL,2026-02-06,JPM
JPM260206C00340000,340.0,0.24,0.0,0.15,1.0,325.0,0.3413151806640625,False,CALL,2026-02-06,JPM
JPM260206C00345000,345.0,0.42,0.0,0.68,1.0,105.0,0.5012256909179689,False,CALL,2026-02-06,JPM
JPM260206C00350000,350.0,0.17,0.0,0.17,1.0,817.0,0.42529871582031253,False,CALL,2026-02-06,JPM
JPM260206C00355000,355.0,0.06,0.0,0.48,1.0,97.0,0.5507857421875001,False,CALL,2026-02-06,JPM
JPM260206C00360000,360.0,0.05,0.01,0.06,30.0,71.0,0.4335994140625,False,CALL,2026-02-06,JPM
JPM260206C00365000,365.0,0.27,0.0,0.63,7.0,39.0,0.5864299169921875,False,CALL,2026-02-06,JPM
JPM260206C00370000,370.0,0.17,0.0,0.63,28.0,40.0,0.62305064453125,False,CALL,2026-02-06,JPM
JPM260206C00375000,375.0,0.23,0.0,0.24,,7.0,0.5732464550781251,False,CALL,2026-02-06,JPM
JPM260206C00380000,380.0,0.1,0.0,2.13,4.0,6.0,0.8654798608398437,False,CALL,2026-02-06,JPM
JPM260206C00385000,385.0,0.03,0.0,2.13,,5.0,0.905274384765625,False,CALL,2026-02-06,JPM
JPM260206C00390000,390.0,1.07,0.0,0.06,2.0,2.0,0.570316796875,False,CALL,2026-02-06,JPM
JPM260206P00220000,220.0,0.04,0.0,2.13,2.0,14.0,1.2690466235351558,False,PUT,2026-02-06,JPM
JPM260206P00225000,225.0,0.05,0.0,2.13,1.0,39.0,1.1965372204589846,False,PUT,2026-02-06,JPM
JPM260206P00245000,245.0,0.07,0.0,0.16,8.0,8.0,0.5976602734375001,False,PUT,2026-02-06,JPM
JPM260206P00250000,250.0,0.15,0.02,0.14,1.0,159.0,0.5488326367187502,False,PUT,2026-02-06,JPM
JPM260206P00255000,255.0,0.05,0.0,0.11,30.0,86.0,0.5224657128906249,False,PUT,2026-02-06,JPM
JPM260206P00260000,260.0,0.46,0.0,0.18,9.0,137.0,0.508793974609375,False,PUT,2026-02-06,JPM
JPM260206P00265000,265.0,0.09,0.05,0.14,16.0,122.0,0.43945873046875,False,PUT,2026-02-06,JPM
JPM260206P00267500,267.5,0.11,0.0,0.2,3.0,4.0,0.43848217773437503,False,PUT,2026-02-06,JPM
JPM260206P00270000,270.0,0.07,0.0,0.14,4.0,208.0,0.389654541015625,False,PUT,2026-02-06,JPM
JPM260206P00272500,272.5,0.1,0.05,0.19,1.0,37.0,0.3833069482421875,False,PUT,2026-02-06,JPM
JPM260206P00275000,275.0,0.11,0.07,0.18,10.0,163.0,0.3540103662109374,False,PUT,2026-02-06,JPM
JPM260206P00277500,277.5,0.21,0.1,0.26,10.0,73.0,0.35108070800781244,False,PUT,2026-02-06,JPM
JPM260206P00280000,280.0,0.23,0.12,0.27,28.0,269.0,0.32617861328125,False,PUT,2026-02-06,JPM
JPM260206P00282500,282.5,0.28,0.18,0.35,92.0,221.0,0.3154365332031249,False,PUT,2026-02-06,JPM
JPM260206P00285000,285.0,0.34,0.34,0.39,78.0,658.0,0.29395237304687494,False,PUT,2026-02-06,JPM
JPM260206P00287500,287.5,0.5,0.45,0.52,50.0,115.0,0.28394270751953116,False,PUT,2026-02-06,JPM
JPM260206P00290000,290.0,0.64,0.59,0.7,144.0,584.0,0.27466545654296876,False,PUT,2026-02-06,JPM
JPM260206P00292500,292.5,0.9,0.77,1.01,33.0,210.0,0.27149166015625,False,PUT,2026-02-06,JPM
JPM260206P00295000,295.0,1.2,1.17,1.32,173.0,915.0,0.2602613037109375,False,PUT,2026-02-06,JPM
JPM260206P00297500,297.5,1.68,1.61,1.81,81.0,709.0,0.2546461254882813,False,PUT,2026-02-06,JPM
JPM260206P00300000,300.0,2.38,2.14,2.45,692.0,1145.0,0.24915301635742187,False,PUT,2026-02-06,JPM
JPM260206P00302500,302.5,3.14,2.87,3.25,444.0,204.0,0.2430495617675781,False,PUT,2026-02-06,JPM
JPM260206P00305000,305.0,4.18,4.0,4.35,143.0,461.0,0.24231714721679687,False,PUT,2026-02-06,JPM
JPM260206P00307500,307.5,6.25,5.25,5.85,16.0,123.0,0.25153336364746093,True,PUT,2026-02-06,JPM
JPM260206P00310000,310.0,7.2,6.7,7.3,31.0,886.0,0.24732197998046873,True,PUT,2026-02-06,JPM
JPM260206P00312500,312.5,9.35,8.35,9.6,35.0,55.0,0.28186753295898437,True,PUT,2026-02-06,JPM
JPM260206P00315000,315.0,15.83,10.05,11.7,31.0,188.0,0.29932341308593746,True,PUT,2026-02-06,JPM
JPM260206P00317500,317.5,16.72,12.55,14.4,25.0,36.0,0.3513248461914062,True,PUT,2026-02-06,JPM
JPM260206P00320000,320.0,15.75,14.8,16.8,3.0,99.0,0.38196418823242184,True,PUT,2026-02-06,JPM
JPM260206P00322500,322.5,18.97,16.8,19.25,,0.0,0.414068359375,True,PUT,2026-02-06,JPM
JPM260206P00325000,325.0,21.32,19.25,21.85,1.0,4.0,0.4558159887695313,True,PUT,2026-02-06,JPM
JPM260206P00327500,327.5,24.55,21.7,24.35,,0.0,0.4891408508300782,True,PUT,2026-02-06,JPM
JPM260206P00330000,330.0,28.5,24.25,26.85,1.0,21.0,0.5216112292480468,True,PUT,2026-02-06,JPM
JPM260206P00332500,332.5,30.1,26.45,29.4,,0.0,0.5571333349609376,True,PUT,2026-02-06,JPM
JPM260206P00335000,335.0,15.72,28.65,31.85,6.0,2.0,0.583866466064453,True,PUT,2026-02-06,JPM
JPM260206P00340000,340.0,28.0,33.4,36.9,2.0,0.0,0.6477086010742188,True,PUT,2026-02-06,JPM
JPM260206P00345000,345.0,23.02,38.4,41.9,1.0,0.0,0.5092822509765625,True,PUT,2026-02-06,JPM
JPM260206P00350000,350.0,24.0,43.45,46.85,1.0,0.0,0.5549360913085939,True,PUT,2026-02-06,JPM
JPM260206P00360000,360.0,29.0,53.45,56.85,1.0,0.0,0.6420934228515626,True,PUT,2026-02-06,JPM
JPM260213C00220000,220.0,92.0,83.5,86.25,,12.0,0.8706067626953125,True,CALL,2026-02-13,JPM
JPM260213C00230000,230.0,84.0,73.6,76.25,,1.0,0.7700218310546876,True,CALL,2026-02-13,JPM
JPM260213C00245000,245.0,85.59,58.6,61.35,,1.0,0.6420934228515626,True,CALL,2026-02-13,JPM
JPM260213C00275000,275.0,33.0,29.0,31.75,,0.0,0.3967345483398438,True,CALL,2026-02-13,JPM
JPM260213C00280000,280.0,20.75,24.6,26.85,3.0,5.0,0.3541324353027343,True,CALL,2026-02-13,JPM
JPM260213C00285000,285.0,21.0,20.05,22.0,3.0,8.0,0.31262894409179687,True,CALL,2026-02-13,JPM
JPM260213C00290000,290.0,17.3,15.75,17.4,16.0,34.0,0.2825999475097656,True,CALL,2026-02-13,JPM
JPM260213C00295000,295.0,11.05,12.05,13.1,1.0,40.0,0.25843026733398444,True,CALL,2026-02-13,JPM
JPM260213C00300000,300.0,9.86,8.75,9.45,47.0,533.0,0.2478712908935547,True,CALL,2026-02-13,JPM
JPM260213C00305000,305.0,6.2,5.85,6.3,120.0,634.0,0.23548127807617186,True,CALL,2026-02-13,JPM
JPM260213C00310000,310.0,3.75,3.85,3.85,130.0,714.0,0.22534954345703123,False,CALL,2026-02-13,JPM
JPM260213C00315000,315.0,2.13,2.02,2.36,100.0,647.0,0.22827920166015625,False,CALL,2026-02-13,JPM
JPM260213C00320000,320.0,1.2,1.19,1.3,122.0,692.0,0.22632609619140626,False,CALL,2026-02-13,JPM
JPM260213C00325000,325.0,0.61,0.64,0.74,29.0,768.0,0.23157506713867188,False,CALL,2026-02-13,JPM
JPM260213C00330000,330.0,0.36,0.34,0.39,14.0,262.0,0.23413851806640623,False,CALL,2026-02-13,JPM
JPM260213C00335000,335.0,0.24,0.16,0.26,5.0,231.0,0.24878680908203127,False,CALL,2026-02-13,JPM
JPM260213C00340000,340.0,0.15,0.01,0.31,6.0,125.0,0.29004616210937495,False,CALL,2026-02-13,JPM
JPM260213C00345000,345.0,0.06,0.0,0.8,2.0,158.0,0.3898986791992188,False,CALL,2026-02-13,JPM
JPM260213C00350000,350.0,0.03,0.0,1.7,1.0,60.0,0.5109912182617188,False,CALL,2026-02-13,JPM
JPM260213C00355000,355.0,0.1,0.01,0.53,16.0,224.0,0.42090422851562503,False,CALL,2026-02-13,JPM
JPM260213C00360000,360.0,0.1,0.0,2.14,3.0,46.0,0.5229539892578124,False,CALL,2026-02-13,JPM
JPM260213C00365000,365.0,0.3,0.0,2.01,7.0,28.0,0.5483443603515626,False,CALL,2026-02-13,JPM
JPM260213C00370000,370.0,0.24,0.0,2.14,3.0,3.0,0.58789474609375,False,CALL,2026-02-13,JPM
JPM260213P00220000,220.0,0.1,0.0,0.1,2.0,6.0,0.6054726953125001,False,PUT,2026-02-13,JPM
JPM260213P00225000,225.0,0.02,0.0,0.1,1.0,5.0,0.56836369140625,False,PUT,2026-02-13,JPM
JPM260213P00250000,250.0,0.07,0.05,0.14,2.0,18.0,0.44336494140625,False,PUT,2026-02-13,JPM
JPM260213P00255000,255.0,0.15,0.0,0.3,1.0,48.0,0.45654840332031255,False,PUT,2026-02-13,JPM
JPM260213P00260000,260.0,0.14,0.0,0.27,28.0,180.0,0.407232490234375,False,PUT,2026-02-13,JPM
JPM260213P00265000,265.0,0.1,0.01,0.22,1.0,82.0,0.3540103662109374,False,PUT,2026-02-13,JPM
JPM260213P00270000,270.0,0.27,0.22,0.31,70.0,241.0,0.33423517333984376,False,PUT,2026-02-13,JPM
JPM260213P00275000,275.0,0.42,0.33,0.51,22.0,104.0,0.3242255078124999,False,PUT,2026-02-13,JPM
JPM260213P00280000,280.0,0.59,0.52,0.64,50.0,188.0,0.29492892578124996,False,PUT,2026-02-13,JPM
JPM260213P00285000,285.0,0.93,0.82,1.11,27.0,294.0,0.28955788574218744,False,PUT,2026-02-13,JPM
JPM260213P00290000,290.0,1.46,1.24,1.53,25.0,535.0,0.26489992919921873,False,PUT,2026-02-13,JPM
JPM260213P00295000,295.0,2.27,2.16,2.47,12.0,313.0,0.25604992004394533,False,PUT,2026-02-13,JPM
JPM260213P00300000,300.0,3.85,3.45,3.8,125.0,835.0,0.24500266723632813,False,PUT,2026-02-13,JPM
JPM260213P00305000,305.0,5.6,5.35,5.6,17.0,150.0,0.23084265258789063,False,PUT,2026-02-13,JPM
JPM260213P00310000,310.0,7.8,8.0,8.75,2.0,158.0,0.24488059814453128,True,PUT,2026-02-13,JPM
JPM260213P00315000,315.0,12.13,11.35,12.4,13.0,71.0,0.2569654382324219,True,PUT,2026-02-13,JPM
JPM260213P00320000,320.0,16.02,14.85,17.4,10.0,64.0,0.31653515502929686,True,PUT,2026-02-13,JPM
JPM260213P00325000,325.0,24.89,19.45,22.0,13.0,76.0,0.34998208618164056,True,PUT,2026-02-13,JPM
JPM260213P00330000,330.0,25.25,24.25,26.8,2.0,1.0,0.3883117810058594,True,PUT,2026-02-13,JPM
JPM260213P00335000,335.0,24.75,29.25,31.9,4.0,0.0,0.4410456286621094,True,PUT,2026-02-13,JPM
JPM260213P00340000,340.0,14.9,33.5,36.85,,0.0,0.48254911987304694,True,PUT,2026-02-13,JPM
JPM260213P00345000,345.0,18.3,38.5,41.9,,0.0,0.5285691674804689,True,PUT,2026-02-13,JPM
JPM260213P00350000,350.0,45.08,43.45,46.9,1.0,0.0,0.5698285205078125,True,PUT,2026-02-13,JPM
JPM260213P00380000,380.0,75.5,73.45,76.9,1.0,0.0,0.6062051098632814,True,PUT,2026-02-13,JPM
JPM260220C00215000,215.0,107.93,88.75,91.35,1.0,0.0,0.789064609375,True,CALL,2026-02-20,JPM
JPM260220C00220000,220.0,93.57,83.65,86.35,52.0,52.0,0.745119736328125,True,CALL,2026-02-20,JPM
JPM260220C00225000,225.0,79.7,78.8,81.4,7.0,3.0,0.7104521142578125,True,CALL,2026-02-20,JPM
JPM260220C00230000,230.0,83.75,73.85,76.45,5.0,10.0,0.6752962158203126,True,CALL,2026-02-20,JPM
JPM260220C00235000,235.0,65.0,68.85,71.45,1.0,22.0,0.6325720336914062,True,CALL,2026-02-20,JPM
JPM260220C00240000,240.0,92.0,63.8,66.45,1.0,4.0,0.5905802661132813,True,CALL,2026-02-20,JPM
JPM260220C00245000,245.0,90.16,58.9,61.55,34.0,0.0,0.5617719604492188,True,CALL,2026-02-20,JPM
JPM260220C00250000,250.0,49.5,54.0,56.6,1.0,25.0,0.5258836474609375,True,CALL,2026-02-20,JPM
JPM260220C00255000,255.0,49.7,48.9,51.65,10.0,45.0,0.48950705810546885,True,CALL,2026-02-20,JPM
JPM260220C00260000,260.0,42.7,44.3,46.95,4.0,48.0,0.4758353198242187,True,CALL,2026-02-20,JPM
JPM260220C00265000,265.0,60.67,39.2,41.85,32.0,12.0,0.42407802490234375,True,CALL,2026-02-20,JPM
JPM260220C00270000,270.0,36.7,34.6,37.35,1.0,107.0,0.4185849157714844,True,CALL,2026-02-20,JPM
JPM260220C00275000,275.0,30.0,29.8,32.15,1.0,250.0,0.3597476135253906,True,CALL,2026-02-20,JPM
JPM260220C00280000,280.0,25.92,25.8,27.1,10.0,388.0,0.3117744604492187,True,CALL,2026-02-20,JPM
JPM260220C00285000,285.0,21.8,20.75,22.7,1.0,729.0,0.2995675512695312,True,CALL,2026-02-20,JPM
JPM260220C00287500,287.5,16.1,19.1,20.6,6.0,14.0,0.29444064941406245,True,CALL,2026-02-20,JPM
JPM260220C00290000,290.0,17.64,16.75,19.0,15.0,563.0,0.30799031860351556,True,CALL,2026-02-20,JPM
JPM260220C00292500,292.5,15.4,14.5,15.95,8.0,56.0,0.2574537145996094,True,CALL,2026-02-20,JPM
JPM260220C00295000,295.0,11.3,12.8,14.2,38.0,453.0,0.2592237164306641,True,CALL,2026-02-20,JPM
JPM260220C00297500,297.5,11.9,11.3,12.3,30.0,147.0,0.2512281909179687,True,CALL,2026-02-20,JPM
JPM260220C00300000,300.0,9.85,9.8,10.55,735.0,1289.0,0.24500266723632813,True,CALL,2026-02-20,JPM
JPM260220C00302500,302.5,8.63,8.6,8.95,51.0,382.0,0.2399978344726562,True,CALL,2026-02-20,JPM
JPM260220C00305000,305.0,7.04,7.15,7.5,770.0,2329.0,0.2357254162597656,True,CALL,2026-02-20,JPM
JPM260220C00307500,307.5,5.94,5.9,6.25,131.0,267.0,0.23352817260742187,False,CALL,2026-02-20,JPM
JPM260220C00310000,310.0,4.69,4.65,5.0,575.0,2609.0,0.2267533380126953,False,CALL,2026-02-20,JPM
JPM260220C00312500,312.5,3.79,3.65,4.0,134.0,978.0,0.2235185070800781,False,CALL,2026-02-20,JPM
JPM260220C00315000,315.0,2.95,2.95,3.2,1095.0,3949.0,0.22248091979980467,False,CALL,2026-02-20,JPM
JPM260220C00317500,317.5,2.32,2.24,2.53,57.0,216.0,0.2217485052490234,False,CALL,2026-02-20,JPM
JPM260220C00320000,320.0,1.84,1.72,1.96,903.0,3003.0,0.22040574523925777,False,CALL,2026-02-20,JPM
JPM260220C00322500,322.5,1.45,1.28,1.51,60.0,130.0,0.21985643432617186,False,CALL,2026-02-20,JPM
JPM260220C00325000,325.0,1.1,1.06,1.16,417.0,6888.0,0.22010057250976559,False,CALL,2026-02-20,JPM
JPM260220C00327500,327.5,0.84,0.81,0.88,36.0,84.0,0.22034471069335934,False,CALL,2026-02-20,JPM
JPM260220C00330000,330.0,0.66,0.61,0.68,1245.0,4551.0,0.22217574707031246,False,CALL,2026-02-20,JPM
JPM260220C00332500,332.5,0.36,0.33,0.53,1.0,32.0,0.22461712890624996,False,CALL,2026-02-20,JPM
JPM260220C00335000,335.0,0.43,0.32,0.43,71.0,2878.0,0.22925575439453127,False,CALL,2026-02-20,JPM
JPM260220C00340000,340.0,0.25,0.21,0.27,1049.0,2467.0,0.23584748535156247,False,CALL,2026-02-20,JPM
JPM260220C00345000,345.0,0.17,0.13,0.19,59.0,3002.0,0.24658956542968752,False,CALL,2026-02-20,JPM
JPM260220C00350000,350.0,0.13,0.09,0.13,19.0,3170.0,0.2553785400390626,False,CALL,2026-02-20,JPM
JPM260220C00355000,355.0,0.07,0.06,0.11,13.0,2316.0,0.27149166015625,False,CALL,2026-02-20,JPM
JPM260220C00360000,360.0,0.11,0.0,0.22,5.0,1685.0,0.3242255078124999,False,CALL,2026-02-20,JPM
JPM260220C00365000,365.0,0.05,0.0,0.17,139.0,1137.0,0.33350275878906255,False,CALL,2026-02-20,JPM
JPM260220C00370000,370.0,0.03,0.0,0.34,1.0,765.0,0.3947814428710938,False,CALL,2026-02-20,JPM
JPM260220C00375000,375.0,0.05,0.0,0.34,1.0,41.0,0.41748629394531245,False,CALL,2026-02-20,JPM
JPM260220C00380000,380.0,0.03,0.0,0.3,22.0,201.0,0.43066975585937506,False,CALL,2026-02-20,JPM
JPM260220C00385000,385.0,0.05,0.01,0.33,4.0,91.0,0.45898978515625005,False,CALL,2026-02-20,JPM
JPM260220C00390000,390.0,0.07,0.0,0.33,20.0,64.0,0.47998566894531247,False,CALL,2026-02-20,JPM
JPM260220C00395000,395.0,0.03,0.0,0.32,14.0,29.0,0.49805189453125004,False,CALL,2026-02-20,JPM
JPM260220P00215000,215.0,0.2,0.0,0.2,1.0,89.0,0.5820354296875,False,PUT,2026-02-20,JPM
JPM260220P00220000,220.0,0.01,0.0,0.11,14.0,59.0,0.5117236328125,False,PUT,2026-02-20,JPM
JPM260220P00225000,225.0,0.02,0.0,0.2,1.0,212.0,0.5136767382812499,False,PUT,2026-02-20,JPM
JPM260220P00230000,230.0,0.07,0.03,0.12,2.0,158.0,0.49219257812500006,False,PUT,2026-02-20,JPM
JPM260220P00235000,235.0,0.05,0.01,0.2,3.0,251.0,0.49219257812500006,False,PUT,2026-02-20,JPM
JPM260220P00240000,240.0,0.09,0.08,0.11,26.0,274.0,0.42188078125,False,PUT,2026-02-20,JPM
JPM260220P00245000,245.0,0.2,0.09,0.2,2.0,111.0,0.42383388671875,False,PUT,2026-02-20,JPM
JPM260220P00250000,250.0,0.15,0.12,0.18,22.0,1313.0,0.383795224609375,False,PUT,2026-02-20,JPM
JPM260220P00255000,255.0,0.18,0.12,0.22,1.0,956.0,0.3618227880859375,False,PUT,2026-02-20,JPM
JPM260220P00260000,260.0,0.24,0.22,0.27,17.0,1514.0,0.3398503515625,False,PUT,2026-02-20,JPM
JPM260220P00265000,265.0,0.28,0.29,0.35,4.0,967.0,0.32031929687499994,False,PUT,2026-02-20,JPM
JPM260220P00270000,270.0,0.5,0.42,0.49,11.0,5152.0,0.30493859130859374,False,PUT,2026-02-20,JPM
JPM260220P00275000,275.0,0.66,0.6,0.67,68.0,3426.0,0.2876047802734374,False,PUT,2026-02-20,JPM
JPM260220P00280000,280.0,0.96,0.87,0.97,66.0,2519.0,0.27368890380859373,False,PUT,2026-02-20,JPM
JPM260220P00285000,285.0,1.42,1.3,1.45,116.0,2837.0,0.26258061645507813,False,PUT,2026-02-20,JPM
JPM260220P00287500,287.5,1.68,1.53,1.81,127.0,394.0,0.2594068200683594,False,PUT,2026-02-20,JPM
JPM260220P00290000,290.0,2.08,2.0,2.16,160.0,3580.0,0.25220474365234374,False,PUT,2026-02-20,JPM
JPM260220P00292500,292.5,2.54,2.34,2.61,202.0,661.0,0.24646749633789064,False,PUT,2026-02-20,JPM
JPM260220P00295000,295.0,3.05,2.89,3.15,104.0,2588.0,0.24097438720703124,False,PUT,2026-02-20,JPM
JPM260220P00297500,297.5,3.77,3.6,3.9,205.0,283.0,0.23963162719726558,False,PUT,2026-02-20,JPM
JPM260220P00300000,300.0,4.52,4.35,4.65,1029.0,6796.0,0.23401644897460935,False,PUT,2026-02-20,JPM
JPM260220P00302500,302.5,5.39,5.25,5.55,148.0,1744.0,0.22937782348632813,False,PUT,2026-02-20,JPM
JPM260220P00305000,305.0,6.7,6.25,6.6,229.0,2570.0,0.22528850891113278,False,PUT,2026-02-20,JPM
JPM260220P00307500,307.5,7.95,7.45,7.85,96.0,109.0,0.22309126525878903,True,PUT,2026-02-20,JPM
JPM260220P00310000,310.0,9.25,8.85,9.2,98.0,2298.0,0.2194291925048828,True,PUT,2026-02-20,JPM
JPM260220P00312500,312.5,11.47,10.3,11.3,14.0,40.0,0.2368240380859375,True,PUT,2026-02-20,JPM
JPM260220P00315000,315.0,13.12,11.95,12.7,17.0,2211.0,0.22553264709472653,True,PUT,2026-02-20,JPM
JPM260220P00317500,317.5,15.42,13.2,15.65,,7.0,0.26856200195312496,True,PUT,2026-02-20,JPM
JPM260220P00320000,320.0,16.78,15.85,17.45,111.0,1316.0,0.26605958557128906,True,PUT,2026-02-20,JPM
JPM260220P00325000,325.0,20.81,20.15,21.55,1.0,417.0,0.2711254528808594,True,PUT,2026-02-20,JPM
JPM260220P00327500,327.5,30.48,21.95,24.65,1.0,1.0,0.3200141241455078,True,PUT,2026-02-20,JPM
JPM260220P00330000,330.0,25.56,24.35,26.55,1.0,1141.0,0.3113472186279296,True,PUT,2026-02-20,JPM
JPM260220P00335000,335.0,34.25,29.25,31.65,2.0,14.0,0.3548648498535155,True,PUT,2026-02-20,JPM
JPM260220P00340000,340.0,40.25,33.7,36.9,1.0,0.0,0.40515731567382807,True,PUT,2026-02-20,JPM
JPM260220P00345000,345.0,38.56,38.65,41.9,2.0,0.0,0.4409235595703125,True,PUT,2026-02-20,JPM
JPM260220P00350000,350.0,34.0,43.45,46.9,1.0,2.0,0.4753470434570312,True,PUT,2026-02-20,JPM
JPM260220P00355000,355.0,37.0,48.4,51.9,10.0,0.0,0.5085498364257812,True,PUT,2026-02-20,JPM
JPM260220P00360000,360.0,49.1,53.4,56.9,2.0,0.0,0.5406540075683595,True,PUT,2026-02-20,JPM
JPM260220P00370000,370.0,48.65,63.4,66.9,1.0,0.0,0.6020547607421877,True,PUT,2026-02-20,JPM
JPM260220P00375000,375.0,47.0,68.25,72.0,1.0,0.0,0.6381872119140625,True,PUT,2026-02-20,JPM
JPM260220P00385000,385.0,65.29,50.75,53.95,,0.0,1.0000000000000003e-05,True,PUT,2026-02-20,JPM
JPM260220P00390000,390.0,89.45,83.4,86.85,,0.0,0.5456588403320313,True,PUT,2026-02-20,JPM
JPM260227C00225000,225.0,87.31,78.8,82.7,,1.0,0.7648949291992189,True,CALL,2026-02-27,JPM
JPM260227C00260000,260.0,52.76,44.7,46.85,,1.0,0.40869731933593745,True,CALL,2026-02-27,JPM
JPM260227C00265000,265.0,51.51,39.65,42.25,1.0,1.0,0.39954213745117195,True,CALL,2026-02-27,JPM
JPM260227C00270000,270.0,37.03,34.9,37.45,1.0,2.0,0.37244279907226563,True,CALL,2026-02-27,JPM
JPM260227C00275000,275.0,30.3,30.3,32.65,1.0,2.0,0.343207251586914,True,CALL,2026-02-27,JPM
JPM260227C00280000,280.0,23.42,25.7,27.65,4.0,34.0,0.30188686401367193,True,CALL,2026-02-27,JPM
JPM260227C00285000,285.0,21.26,22.0,23.75,1.0,9.0,0.3071968695068359,True,CALL,2026-02-27,JPM
JPM260227C00290000,290.0,19.0,18.2,19.5,14.0,56.0,0.28790995300292954,True,CALL,2026-02-27,JPM
JPM260227C00295000,295.0,15.55,14.4,15.1,21.0,285.0,0.25678233459472655,True,CALL,2026-02-27,JPM
JPM260227C00300000,300.0,11.05,10.95,11.7,62.0,258.0,0.249030947265625,True,CALL,2026-02-27,JPM
JPM260227C00305000,305.0,8.05,8.05,8.7,69.0,150.0,0.24079128356933593,True,CALL,2026-02-27,JPM
JPM260227C00310000,310.0,5.8,5.75,6.15,45.0,430.0,0.23212437805175778,False,CALL,2026-02-27,JPM
JPM260227C00315000,315.0,4.0,4.0,4.1,100.0,319.0,0.22364057617187497,False,CALL,2026-02-27,JPM
JPM260227C00320000,320.0,2.62,2.42,2.78,51.0,534.0,0.2238847143554687,False,CALL,2026-02-27,JPM
JPM260227C00325000,325.0,1.72,1.6,1.72,126.0,364.0,0.21955126159667968,False,CALL,2026-02-27,JPM
JPM260227C00330000,330.0,1.05,0.93,1.1,39.0,617.0,0.2210771252441406,False,CALL,2026-02-27,JPM
JPM260227C00335000,335.0,0.68,0.56,0.67,19.0,170.0,0.22144333251953124,False,CALL,2026-02-27,JPM
JPM260227C00340000,340.0,0.34,0.22,0.43,5.0,246.0,0.225593681640625,False,CALL,2026-02-27,JPM
JPM260227C00345000,345.0,0.2,0.01,0.3,18.0,44.0,0.233406103515625,False,CALL,2026-02-27,JPM
JPM260227C00350000,350.0,0.23,0.05,0.3,4.0,56.0,0.2556226782226563,False,CALL,2026-02-27,JPM
JPM260227C00355000,355.0,0.96,0.01,0.69,2.0,56.0,0.3242255078124999,False,CALL,2026-02-27,JPM
JPM260227C00360000,360.0,0.33,0.0,1.0,2.0,15.0,0.3761048718261719,False,CALL,2026-02-27,JPM
JPM260227C00365000,365.0,0.35,0.0,2.16,,1.0,0.4819387744140625,False,CALL,2026-02-27,JPM
JPM260227P00230000,230.0,0.35,0.0,2.17,,1.0,0.6186561572265626,False,PUT,2026-02-27,JPM
JPM260227P00240000,240.0,0.11,0.0,2.22,1.0,5.0,0.5446822875976562,False,PUT,2026-02-27,JPM
JPM260227P00245000,245.0,0.23,0.0,0.61,6.0,9.0,0.4480035668945312,False,PUT,2026-02-27,JPM
JPM260227P00250000,250.0,0.2,0.09,0.51,10.0,46.0,0.39990834472656256,False,PUT,2026-02-27,JPM
JPM260227P00255000,255.0,0.45,0.01,0.62,1.0,13.0,0.3811097045898437,False,PUT,2026-02-27,JPM
JPM260227P00260000,260.0,0.49,0.16,0.46,20.0,100.0,0.32739930419921875,False,PUT,2026-02-27,JPM
JPM260227P00265000,265.0,0.5,0.47,0.62,1.0,25.0,0.3139717041015625,False,PUT,2026-02-27,JPM
JPM260227P00270000,270.0,0.9,0.62,0.79,10.0,131.0,0.2966378930664062,False,PUT,2026-02-27,JPM
JPM260227P00275000,275.0,1.01,0.91,1.06,15.0,144.0,0.282233740234375,False,PUT,2026-02-27,JPM
JPM260227P00280000,280.0,1.26,1.31,1.6,15.0,277.0,0.2775340802001953,False,PUT,2026-02-27,JPM
JPM260227P00285000,285.0,1.78,1.83,2.05,18.0,233.0,0.25916268188476566,False,PUT,2026-02-27,JPM
JPM260227P00290000,290.0,2.81,2.63,2.83,21.0,290.0,0.2475661181640625,False,PUT,2026-02-27,JPM
JPM260227P00295000,295.0,3.95,3.6,3.75,52.0,286.0,0.23139196350097657,False,PUT,2026-02-27,JPM
JPM260227P00300000,300.0,5.4,5.2,5.35,21.0,382.0,0.22602092346191405,False,PUT,2026-02-27,JPM
JPM260227P00305000,305.0,7.94,7.2,8.4,3.0,124.0,0.2488783609008789,False,PUT,2026-02-27,JPM
JPM260227P00310000,310.0,9.85,9.65,10.6,1.0,209.0,0.23303989624023438,True,PUT,2026-02-27,JPM
JPM260227P00315000,315.0,13.85,12.75,13.7,15.0,378.0,0.22937782348632813,True,PUT,2026-02-27,JPM
JPM260227P00320000,320.0,23.16,15.85,18.65,1.0,63.0,0.2740551110839844,True,PUT,2026-02-27,JPM
JPM260227P00325000,325.0,25.14,19.95,22.4,1.0,32.0,0.2711254528808594,True,PUT,2026-02-27,JPM
JPM260227P00330000,330.0,16.45,24.5,27.05,2.0,2.0,0.2941965112304687,True,PUT,2026-02-27,JPM
JPM260227P00335000,335.0,20.12,29.55,32.05,,0.0,0.3288030987548828,True,PUT,2026-02-27,JPM
JPM260227P00340000,340.0,25.85,33.4,36.9,,0.0,0.35480381530761707,True,PUT,2026-02-27,JPM
JPM260227P00345000,345.0,41.71,38.45,41.9,2.0,0.0,0.38611453735351553,True,PUT,2026-02-27,JPM
JPM260306C00250000,250.0,57.31,54.5,57.95,,1.0,0.5122119091796875,True,CALL,2026-03-06,JPM
JPM260306C00290000,290.0,19.0,19.1,20.0,18.0,1.0,0.27521476745605467,True,CALL,2026-03-06,JPM
JPM260306C00295000,295.0,16.64,15.4,16.4,5.0,8.0,0.2688671746826171,True,CALL,2026-03-06,JPM
JPM260306C00300000,300.0,12.03,11.85,12.65,6.0,12.0,0.24970232727050778,True,CALL,2026-03-06,JPM
JPM260306C00305000,305.0,9.79,9.2,9.7,42.0,54.0,0.24262231994628902,True,CALL,2026-03-06,JPM
JPM260306C00310000,310.0,6.73,6.7,7.3,24.0,233.0,0.23902128173828124,False,CALL,2026-03-06,JPM
JPM260306C00315000,315.0,5.02,4.75,5.35,112.0,31.0,0.23633576171874998,False,CALL,2026-03-06,JPM
JPM260306C00320000,320.0,3.6,3.3,3.6,30.0,41.0,0.22754678710937498,False,CALL,2026-03-06,JPM
JPM260306C00325000,325.0,2.15,2.19,2.46,12.0,36.0,0.22583781982421874,False,CALL,2026-03-06,JPM
JPM260306C00330000,330.0,1.38,1.41,1.64,3.0,22.0,0.22473919799804684,False,CALL,2026-03-06,JPM
JPM260306C00335000,335.0,1.0,0.81,1.09,13.0,5.0,0.2254716125488281,False,CALL,2026-03-06,JPM
JPM260306P00260000,260.0,0.79,0.17,1.05,5.0,11.0,0.35156898437499995,False,PUT,2026-03-06,JPM
JPM260306P00265000,265.0,1.12,0.69,0.93,1.0,3.0,0.3096992858886719,False,PUT,2026-03-06,JPM
JPM260306P00270000,270.0,1.34,0.96,1.31,13.0,14.0,0.30322962402343745,False,PUT,2026-03-06,JPM
JPM260306P00275000,275.0,1.53,1.3,1.53,1.0,60.0,0.28162339477539056,False,PUT,2026-03-06,JPM
JPM260306P00280000,280.0,1.79,1.75,2.03,9.0,31.0,0.2701489001464844,False,PUT,2026-03-06,JPM
JPM260306P00285000,285.0,2.37,2.43,2.75,4.0,39.0,0.26105475280761714,False,PUT,2026-03-06,JPM
JPM260306P00290000,290.0,3.11,3.3,3.5,14.0,42.0,0.2456130126953125,False,PUT,2026-03-06,JPM
JPM260306P00295000,295.0,4.72,4.45,4.7,2.0,34.0,0.23657989990234374,False,PUT,2026-03-06,JPM
JPM260306P00300000,300.0,8.0,6.15,6.35,16.0,28.0,0.23053747985839845,False,PUT,2026-03-06,JPM
JPM260306P00305000,305.0,8.33,8.05,8.55,6.0,27.0,0.22797402893066404,False,PUT,2026-03-06,JPM
JPM260306P00315000,315.0,17.21,13.6,14.5,2.0,2.0,0.22895058166503907,True,PUT,2026-03-06,JPM
JPM260306P00325000,325.0,28.17,20.4,23.1,1.0,1.0,0.26746338012695314,True,PUT,2026-03-06,JPM
JPM260320C00215000,215.0,89.81,89.6,92.75,1.0,12.0,0.5048877636718749,True,CALL,2026-03-20,JPM
JPM260320C00220000,220.0,84.22,84.55,88.0,1.0,288.0,0.6409948010253907,True,CALL,2026-03-20,JPM
JPM260320C00225000,225.0,93.97,108.35,111.95,2.0,4.0,1.5939961706542967,True,CALL,2026-03-20,JPM
JPM260320C00230000,230.0,70.3,74.75,78.15,1.0,546.0,0.5808147387695313,True,CALL,2026-03-20,JPM
JPM260320C00235000,235.0,64.94,69.8,72.5,10.0,94.0,0.506840869140625,True,CALL,2026-03-20,JPM
JPM260320C00240000,240.0,63.0,64.9,67.6,3.0,784.0,0.4809622216796875,True,CALL,2026-03-20,JPM
JPM260320C00245000,245.0,63.5,60.05,62.75,2.0,59.0,0.45752495605468757,True,CALL,2026-03-20,JPM
JPM260320C00250000,250.0,51.0,55.25,57.9,2.0,739.0,0.4334773449707031,True,CALL,2026-03-20,JPM
JPM260320C00255000,255.0,45.65,50.9,53.15,3.0,73.0,0.4133969793701171,True,CALL,2026-03-20,JPM
JPM260320C00260000,260.0,44.45,46.0,48.1,15.0,2225.0,0.37842418457031246,True,CALL,2026-03-20,JPM
JPM260320C00265000,265.0,37.25,41.25,43.7,3.0,27.0,0.37091693542480464,True,CALL,2026-03-20,JPM
JPM260320C00270000,270.0,37.25,37.25,38.65,1.0,845.0,0.33515069152832033,True,CALL,2026-03-20,JPM
JPM260320C00275000,275.0,29.7,32.25,34.4,4.0,317.0,0.3272772351074219,True,CALL,2026-03-20,JPM
JPM260320C00280000,280.0,25.59,29.1,29.9,1.0,1725.0,0.307074800415039,True,CALL,2026-03-20,JPM
JPM260320C00285000,285.0,25.3,24.6,26.45,3.0,214.0,0.31317825500488283,True,CALL,2026-03-20,JPM
JPM260320C00290000,290.0,21.15,20.7,21.9,63.0,794.0,0.28394270751953116,True,CALL,2026-03-20,JPM
JPM260320C00295000,295.0,16.58,16.65,17.9,363.0,808.0,0.2650219982910156,True,CALL,2026-03-20,JPM
JPM260320C00300000,300.0,14.05,14.0,14.55,423.0,3095.0,0.2556837127685547,True,CALL,2026-03-20,JPM
JPM260320C00305000,305.0,11.15,11.35,11.55,133.0,897.0,0.2472609454345703,True,CALL,2026-03-20,JPM
JPM260320C00310000,310.0,8.65,8.55,8.95,512.0,2687.0,0.24005886901855467,False,CALL,2026-03-20,JPM
JPM260320C00315000,315.0,6.67,6.55,6.9,208.0,2660.0,0.23712921081542968,False,CALL,2026-03-20,JPM
JPM260320C00320000,320.0,4.95,4.85,5.05,618.0,4281.0,0.2306595489501953,False,CALL,2026-03-20,JPM
JPM260320C00325000,325.0,3.55,3.35,3.7,236.0,4571.0,0.22824868438720702,False,CALL,2026-03-20,JPM
JPM260320C00330000,330.0,2.55,2.5,2.62,218.0,2839.0,0.22516643981933593,False,CALL,2026-03-20,JPM
JPM260320C00335000,335.0,1.81,1.73,1.9,61.0,2165.0,0.22602092346191405,False,CALL,2026-03-20,JPM
JPM260320C00340000,340.0,1.25,1.23,1.31,154.0,3660.0,0.22461712890624996,False,CALL,2026-03-20,JPM
JPM260320C00345000,345.0,0.83,0.85,0.93,54.0,3620.0,0.2260819580078125,False,CALL,2026-03-20,JPM
JPM260320C00350000,350.0,0.61,0.61,0.67,54.0,4489.0,0.22876747802734376,False,CALL,2026-03-20,JPM
JPM260320C00355000,355.0,0.43,0.45,0.49,14.0,1397.0,0.23218541259765624,False,CALL,2026-03-20,JPM
JPM260320C00360000,360.0,0.35,0.31,0.36,24.0,1493.0,0.23584748535156247,False,CALL,2026-03-20,JPM
JPM260320C00365000,365.0,1.21,0.17,0.39,2.0,1286.0,0.2553785400390626,False,CALL,2026-03-20,JPM
JPM260320C00370000,370.0,0.14,0.01,0.36,1.0,961.0,0.26758544921875,False,CALL,2026-03-20,JPM
JPM260320C00375000,375.0,0.11,0.05,0.33,3.0,326.0,0.2788158056640625,False,CALL,2026-03-20,JPM
JPM260320C00380000,380.0,0.2,0.05,0.31,1.0,285.0,0.29077857666015616,False,CALL,2026-03-20,JPM
JPM260320C00385000,385.0,0.15,0.0,0.3,1.0,44.0,0.30371790039062496,False,CALL,2026-03-20,JPM
JPM260320C00390000,390.0,0.1,0.01,0.12,5.0,413.0,0.2797923583984374,False,CALL,2026-03-20,JPM
JPM260320C00395000,395.0,0.08,0.0,0.29,5.0,44.0,0.32959654785156245,False,CALL,2026-03-20,JPM
JPM260320P00215000,215.0,0.15,0.01,0.36,2.0,671.0,0.4660697924804688,False,PUT,2026-03-20,JPM
JPM260320P00220000,220.0,0.18,0.01,0.42,13.0,1299.0,0.45044494873046875,False,PUT,2026-03-20,JPM
JPM260320P00225000,225.0,0.31,0.04,0.48,1.0,341.0,0.4331111376953125,False,PUT,2026-03-20,JPM
JPM260320P00230000,230.0,0.2,0.2,0.38,1.0,925.0,0.39087523193359375,False,PUT,2026-03-20,JPM
JPM260320P00235000,235.0,0.12,0.31,0.37,3.0,224.0,0.36377589355468753,False,PUT,2026-03-20,JPM
JPM260320P00240000,240.0,0.4,0.39,0.48,1.0,1113.0,0.35425450439453116,False,PUT,2026-03-20,JPM
JPM260320P00245000,245.0,0.61,0.49,0.56,7.0,850.0,0.33814138427734375,False,PUT,2026-03-20,JPM
JPM260320P00250000,250.0,0.64,0.62,0.78,22.0,1381.0,0.33350275878906255,False,PUT,2026-03-20,JPM
JPM260320P00255000,255.0,0.85,0.8,0.88,8.0,798.0,0.3147041186523437,False,PUT,2026-03-20,JPM
JPM260320P00260000,260.0,0.99,1.0,1.13,3.0,2463.0,0.3048165222167969,False,PUT,2026-03-20,JPM
JPM260320P00265000,265.0,1.28,1.28,1.41,4.0,1756.0,0.29279271667480455,False,PUT,2026-03-20,JPM
JPM260320P00270000,270.0,1.63,1.62,1.74,15.0,3383.0,0.2797923583984374,False,PUT,2026-03-20,JPM
JPM260320P00275000,275.0,2.19,2.12,2.28,63.0,3504.0,0.2718578674316406,False,PUT,2026-03-20,JPM
JPM260320P00280000,280.0,2.82,2.73,2.96,1549.0,4292.0,0.2636182037353516,False,PUT,2026-03-20,JPM
JPM260320P00285000,285.0,3.69,3.5,3.8,1070.0,3884.0,0.2548292291259766,False,PUT,2026-03-20,JPM
JPM260320P00290000,290.0,4.7,4.5,4.85,55.0,2445.0,0.24604025451660155,False,PUT,2026-03-20,JPM
JPM260320P00295000,295.0,6.08,5.8,6.25,65.0,2028.0,0.23957059265136715,False,PUT,2026-03-20,JPM
JPM260320P00300000,300.0,7.77,7.55,8.0,37.0,2566.0,0.23395541442871093,False,PUT,2026-03-20,JPM
JPM260320P00305000,305.0,9.91,9.65,10.2,38.0,1166.0,0.23053747985839845,False,PUT,2026-03-20,JPM
JPM260320P00310000,310.0,12.1,12.05,12.1,69.0,2158.0,0.21216608154296873,True,PUT,2026-03-20,JPM
JPM260320P00315000,315.0,15.5,14.8,15.9,72.0,1802.0,0.22772989074707028,True,PUT,2026-03-20,JPM
JPM260320P00320000,320.0,18.83,18.0,19.15,53.0,938.0,0.22293867889404295,True,PUT,2026-03-20,JPM
JPM260320P00325000,325.0,22.1,20.85,23.45,9.0,508.0,0.2375564526367187,True,PUT,2026-03-20,JPM
JPM260320P00330000,330.0,30.15,24.9,28.05,5.0,396.0,0.25629405822753903,True,PUT,2026-03-20,JPM
JPM260320P00335000,335.0,35.72,29.75,32.2,2.0,602.0,0.25739268005371096,True,PUT,2026-03-20,JPM
JPM260320P00340000,340.0,34.4,34.45,37.2,4.0,180.0,0.28290512023925773,True,PUT,2026-03-20,JPM
JPM260320P00345000,345.0,41.04,39.25,41.65,1.0,1.0,0.2867502966308593,True,PUT,2026-03-20,JPM
JPM260320P00350000,350.0,35.51,43.45,47.0,10.0,0.0,0.3233710241699218,True,PUT,2026-03-20,JPM
JPM260320P00355000,355.0,33.5,48.4,51.9,4.0,0.0,0.3417424224853516,True,PUT,2026-03-20,JPM
JPM260320P00360000,360.0,45.59,53.4,56.9,1.0,0.0,0.3633486517333985,True,PUT,2026-03-20,JPM
JPM260320P00365000,365.0,34.95,58.4,61.9,1.0,0.0,0.3842835009765625,True,PUT,2026-03-20,JPM
JPM260320P00370000,370.0,63.4,64.7,68.2,,0.0,0.4572808178710938,True,PUT,2026-03-20,JPM
JPM260320P00380000,380.0,73.85,73.65,76.9,2.0,0.0,0.44360907958984375,True,PUT,2026-03-20,JPM
JPM260320P00385000,385.0,52.62,78.45,81.9,10.0,0.0,0.4624077197265626,True,PUT,2026-03-20,JPM
JPM260320P00390000,390.0,69.91,55.05,58.75,2.0,0.0,1.0000000000000003e-05,True,PUT,2026-03-20,JPM
JPM260417C00215000,215.0,99.77,118.5,122.35,1.0,2.0,1.3913604650878906,True,CALL,2026-04-17,JPM
JPM260417C00220000,220.0,116.34,85.05,88.55,1.0,33.0,0.5429733203125001,True,CALL,2026-04-17,JPM
JPM260417C00225000,225.0,84.15,80.2,82.9,2.0,17.0,0.48169463623046876,True,CALL,2026-04-17,JPM
JPM260417C00230000,230.0,71.18,75.35,78.05,1.0,13.0,0.46179737426757816,True,CALL,2026-04-17,JPM
JPM260417C00235000,235.0,90.78,70.6,73.25,8.0,24.0,0.4437311486816406,True,CALL,2026-04-17,JPM
JPM260417C00240000,240.0,61.37,65.7,68.4,2.0,8.0,0.4227962994384765,True,CALL,2026-04-17,JPM
JPM260417C00245000,245.0,70.09,60.9,63.65,1.0,9.0,0.40546248840332033,True,CALL,2026-04-17,JPM
JPM260417C00250000,250.0,53.55,56.2,58.95,2.0,112.0,0.38898316101074215,True,CALL,2026-04-17,JPM
JPM260417C00255000,255.0,49.3,51.55,54.25,3.0,135.0,0.37140521179199215,True,CALL,2026-04-17,JPM
JPM260417C00260000,260.0,43.55,46.95,49.55,63.0,160.0,0.35272864074707033,True,CALL,2026-04-17,JPM
JPM260417C00265000,265.0,45.22,43.25,45.3,1.0,76.0,0.3458317370605468,True,CALL,2026-04-17,JPM
JPM260417C00270000,270.0,39.63,38.4,40.75,1.0,86.0,0.32813171874999997,True,CALL,2026-04-17,JPM
JPM260417C00275000,275.0,30.57,33.85,36.6,1.0,148.0,0.3185798123168945,True,CALL,2026-04-17,JPM
JPM260417C00280000,280.0,28.27,30.0,32.8,11.0,137.0,0.31391066955566405,True,CALL,2026-04-17,JPM
JPM260417C00285000,285.0,24.62,27.2,28.7,1.0,58.0,0.2993844476318359,True,CALL,2026-04-17,JPM
JPM260417C00290000,290.0,24.0,23.1,25.3,54.0,293.0,0.29584444396972653,True,CALL,2026-04-17,JPM
JPM260417C00295000,295.0,21.15,19.9,21.7,37.0,158.0,0.2845225357055663,True,CALL,2026-04-17,JPM
JPM260417C00300000,300.0,17.75,17.35,17.9,107.0,1430.0,0.2659985510253906,True,CALL,2026-04-17,JPM
JPM260417C00305000,305.0,14.65,14.35,14.95,81.0,482.0,0.2587354400634766,True,CALL,2026-04-17,JPM
JPM260417C00310000,310.0,12.13,11.7,12.4,53.0,1566.0,0.25394422821044926,False,CALL,2026-04-17,JPM
JPM260417C00315000,315.0,9.8,9.6,10.1,79.0,1914.0,0.24872577453613282,False,CALL,2026-04-17,JPM
JPM260417C00320000,320.0,7.85,7.75,8.1,61.0,1696.0,0.2439650799560547,False,CALL,2026-04-17,JPM
JPM260417C00325000,325.0,6.25,6.1,6.4,15.0,1345.0,0.23975369628906246,False,CALL,2026-04-17,JPM
JPM260417C00330000,330.0,4.87,4.7,5.05,52.0,1714.0,0.2375564526367187,False,CALL,2026-04-17,JPM
JPM260417C00335000,335.0,3.6,3.6,3.95,63.0,1298.0,0.23596955444335935,False,CALL,2026-04-17,JPM
JPM260417C00340000,340.0,2.9,2.77,3.05,475.0,3330.0,0.23444369079589844,False,CALL,2026-04-17,JPM
JPM260417C00345000,345.0,2.36,2.1,2.36,8.0,797.0,0.23413851806640623,False,CALL,2026-04-17,JPM
JPM260417C00350000,350.0,1.68,1.59,1.79,31.0,3007.0,0.23316196533203126,False,CALL,2026-04-17,JPM
JPM260417C00355000,355.0,1.35,1.26,1.38,1.0,634.0,0.23389437988281248,False,CALL,2026-04-17,JPM
JPM260417C00360000,360.0,0.97,0.91,1.04,36.0,482.0,0.2337723107910156,False,CALL,2026-04-17,JPM
JPM260417C00365000,365.0,0.5,0.73,0.95,2.0,858.0,0.2436599072265625,False,CALL,2026-04-17,JPM
JPM260417C00370000,370.0,0.42,0.56,0.62,1.0,197.0,0.2368240380859375,False,CALL,2026-04-17,JPM
JPM260417C00375000,375.0,0.5,0.21,0.57,80.0,88.0,0.2461012890625,False,CALL,2026-04-17,JPM
JPM260417C00380000,380.0,0.3,0.11,0.5,7.0,101.0,0.2528150891113281,False,CALL,2026-04-17,JPM
JPM260417C00385000,385.0,0.2,0.15,0.3,3.0,46.0,0.24390404541015626,False,CALL,2026-04-17,JPM
JPM260417C00390000,390.0,0.17,0.03,0.4,1.0,72.0,0.2668530346679688,False,CALL,2026-04-17,JPM
JPM260417C00395000,395.0,0.41,0.0,0.38,1.0,40.0,0.2761302856445312,False,CALL,2026-04-17,JPM
JPM260417P00215000,215.0,0.42,0.24,0.6,18.0,69.0,0.407232490234375,False,PUT,2026-04-17,JPM
JPM260417P00220000,220.0,0.45,0.44,0.54,10.0,101.0,0.37744763183593744,False,PUT,2026-04-17,JPM
JPM260417P00225000,225.0,0.59,0.5,0.7,10.0,94.0,0.37219866088867193,False,PUT,2026-04-17,JPM
JPM260417P00230000,230.0,0.96,0.67,0.93,13.0,81.0,0.36939107177734376,False,PUT,2026-04-17,JPM
JPM260417P00235000,235.0,1.06,0.7,1.12,2.0,250.0,0.35999175170898434,False,PUT,2026-04-17,JPM
JPM260417P00240000,240.0,1.2,1.02,1.19,9.0,222.0,0.340826904296875,False,PUT,2026-04-17,JPM
JPM260417P00245000,245.0,1.32,1.23,1.38,10.0,119.0,0.3283758569335937,False,PUT,2026-04-17,JPM
JPM260417P00250000,250.0,1.59,1.53,1.67,1.0,407.0,0.3193427441406249,False,PUT,2026-04-17,JPM
JPM260417P00255000,255.0,2.18,1.77,2.04,4.0,555.0,0.31116411499023433,False,PUT,2026-04-17,JPM
JPM260417P00260000,260.0,2.54,2.12,2.63,4.0,1042.0,0.3083565258789062,False,PUT,2026-04-17,JPM
JPM260417P00265000,265.0,2.92,2.8,2.99,39.0,1399.0,0.29407444213867184,False,PUT,2026-04-17,JPM
JPM260417P00270000,270.0,3.6,3.45,3.65,38.0,721.0,0.2868113311767577,False,PUT,2026-04-17,JPM
JPM260417P00275000,275.0,4.36,4.15,4.55,550.0,11226.0,0.28241684387207033,False,PUT,2026-04-17,JPM
JPM260417P00280000,280.0,5.3,5.15,5.3,28.0,1100.0,0.270515107421875,False,PUT,2026-04-17,JPM
JPM260417P00285000,285.0,6.4,6.25,6.65,25.0,896.0,0.26868407104492187,False,PUT,2026-04-17,JPM
JPM260417P00290000,290.0,7.6,7.6,8.0,23.0,2015.0,0.2622144091796875,False,PUT,2026-04-17,JPM
JPM260417P00295000,295.0,9.43,9.15,9.6,81.0,916.0,0.25629405822753903,False,PUT,2026-04-17,JPM
JPM260417P00300000,300.0,11.45,11.0,11.4,35.0,1243.0,0.24961077545166016,False,PUT,2026-04-17,JPM
JPM260417P00305000,305.0,13.55,13.15,13.6,54.0,498.0,0.2453383572387695,False,PUT,2026-04-17,JPM
JPM260417P00310000,310.0,15.49,15.6,16.25,3.0,1170.0,0.24408714904785156,True,PUT,2026-04-17,JPM
JPM260417P00315000,315.0,21.79,18.45,19.6,2.0,557.0,0.2503737072753906,True,PUT,2026-04-17,JPM
JPM260417P00320000,320.0,22.07,21.4,22.75,1.0,439.0,0.24848163635253906,True,PUT,2026-04-17,JPM
JPM260417P00325000,325.0,25.95,24.7,25.75,1.0,444.0,0.23859403991699218,True,PUT,2026-04-17,JPM
JPM260417P00330000,330.0,32.99,27.7,29.95,2.0,268.0,0.24811542907714845,True,PUT,2026-04-17,JPM
JPM260417P00335000,335.0,27.2,31.65,34.0,1.0,242.0,0.2510145700073242,True,PUT,2026-04-17,JPM
JPM260417P00340000,340.0,36.17,36.45,38.35,2.0,50.0,0.2575452664184571,True,PUT,2026-04-17,JPM
JPM260417P00345000,345.0,39.75,40.25,42.7,4.0,29.0,0.2611157873535156,True,PUT,2026-04-17,JPM
JPM260417P00350000,350.0,27.05,44.7,47.5,2.0,80.0,0.27484856018066406,True,PUT,2026-04-17,JPM
JPM260417P00355000,355.0,56.2,49.4,52.2,1.0,1.0,0.28424788024902337,True,PUT,2026-04-17,JPM
JPM260417P00360000,360.0,32.05,54.3,57.0,2.0,0.0,0.295356167602539,True,PUT,2026-04-17,JPM
JPM260417P00365000,365.0,40.5,58.35,62.05,4.0,0.0,0.3139717041015625,True,PUT,2026-04-17,JPM
JPM260417P00370000,370.0,59.7,63.35,67.1,1.0,0.0,0.33222103332519537,True,PUT,2026-04-17,JPM
JPM260417P00375000,375.0,52.6,68.35,71.8,,0.0,0.3373479351806641,True,PUT,2026-04-17,JPM
JPM260515C00220000,220.0,81.87,85.45,88.1,1.0,20.0,0.44690494506835937,True,CALL,2026-05-15,JPM
JPM260515C00230000,230.0,74.1,75.8,78.55,5.0,21.0,0.41687594848632803,True,CALL,2026-05-15,JPM
JPM260515C00240000,240.0,66.69,66.35,69.1,1.0,108.0,0.3876404010009765,True,CALL,2026-05-15,JPM
JPM260515C00250000,250.0,57.85,57.3,59.85,2.0,69.0,0.36096830444335937,True,CALL,2026-05-15,JPM
JPM260515C00260000,260.0,50.2,48.3,50.95,1.0,319.0,0.3386296606445312,True,CALL,2026-05-15,JPM
JPM260515C00270000,270.0,42.6,39.7,42.45,1.0,109.0,0.31867136413574215,True,CALL,2026-05-15,JPM
JPM260515C00280000,280.0,28.8,32.95,34.6,1.0,613.0,0.30322962402343745,True,CALL,2026-05-15,JPM
JPM260515C00290000,290.0,24.4,25.95,27.1,18.0,152.0,0.28412581115722646,True,CALL,2026-05-15,JPM
JPM260515C00300000,300.0,19.5,19.75,20.3,36.0,608.0,0.2656628610229492,True,CALL,2026-05-15,JPM
JPM260515C00310000,310.0,14.6,14.45,14.9,42.0,754.0,0.2561109545898438,False,CALL,2026-05-15,JPM
JPM260515C00320000,320.0,10.25,10.1,10.35,60.0,777.0,0.2454299090576172,False,CALL,2026-05-15,JPM
JPM260515C00330000,330.0,6.9,6.75,7.05,41.0,1059.0,0.239967317199707,False,CALL,2026-05-15,JPM
JPM260515C00340000,340.0,4.5,4.45,4.65,91.0,1941.0,0.23603058898925777,False,CALL,2026-05-15,JPM
JPM260515C00350000,350.0,2.74,2.64,3.05,10.0,910.0,0.23508455352783203,False,CALL,2026-05-15,JPM
JPM260515C00360000,360.0,1.52,1.59,1.87,4.0,605.0,0.23175817077636718,False,CALL,2026-05-15,JPM
JPM260515C00370000,370.0,1.0,1.09,1.19,7.0,950.0,0.23267368896484375,False,CALL,2026-05-15,JPM
JPM260515C00380000,380.0,0.73,0.68,0.84,13.0,452.0,0.2391433508300781,False,CALL,2026-05-15,JPM
JPM260515C00390000,390.0,0.62,0.42,0.49,1.0,145.0,0.2371902453613281,False,CALL,2026-05-15,JPM
JPM260515P00220000,220.0,0.85,0.75,0.92,5.0,368.0,0.3575503698730469,False,PUT,2026-05-15,JPM
JPM260515P00230000,230.0,1.21,1.19,1.3,6.0,447.0,0.34058276611328125,False,PUT,2026-05-15,JPM
JPM260515P00240000,240.0,1.8,1.68,2.0,2.0,429.0,0.3315496533203125,False,PUT,2026-05-15,JPM
JPM260515P00250000,250.0,2.5,2.39,2.51,54.0,443.0,0.30634238586425777,False,PUT,2026-05-15,JPM
JPM260515P00260000,260.0,3.55,3.35,3.55,115.0,1394.0,0.29193823303222644,False,PUT,2026-05-15,JPM
JPM260515P00270000,270.0,5.13,4.7,5.05,6.0,912.0,0.27948718566894526,False,PUT,2026-05-15,JPM
JPM260515P00280000,280.0,6.7,6.75,6.95,29.0,3687.0,0.26483889465332033,False,PUT,2026-05-15,JPM
JPM260515P00290000,290.0,9.6,9.4,9.8,25.0,1022.0,0.2557447473144532,False,PUT,2026-05-15,JPM
JPM260515P00300000,300.0,13.3,13.05,13.45,14.0,1315.0,0.24625387542724608,False,PUT,2026-05-15,JPM
JPM260515P00310000,310.0,17.65,17.5,17.95,20.0,630.0,0.2355423126220703,True,PUT,2026-05-15,JPM
JPM260515P00320000,320.0,24.4,23.05,23.45,1.0,240.0,0.22473919799804684,True,PUT,2026-05-15,JPM
JPM260515P00330000,330.0,31.69,28.95,30.65,2.0,176.0,0.22580730255126952,True,PUT,2026-05-15,JPM
JPM260515P00340000,340.0,39.26,36.7,38.4,2.0,89.0,0.2224198852539062,True,PUT,2026-05-15,JPM
JPM260515P00350000,350.0,38.85,45.3,47.95,12.0,38.0,0.24713887634277343,True,PUT,2026-05-15,JPM
JPM260515P00360000,360.0,49.42,54.55,57.25,1.0,12.0,0.2608716491699219,True,PUT,2026-05-15,JPM
JPM260515P00370000,370.0,52.3,63.45,66.95,3.0,0.0,0.2810130493164062,True,PUT,2026-05-15,JPM
JPM260515P00380000,380.0,60.28,73.55,76.8,,0.0,0.303168589477539,True,PUT,2026-05-15,JPM
JPM260515P00390000,390.0,69.99,83.45,86.8,,0.0,0.3286810296630859,True,PUT,2026-05-15,JPM
JPM260618C00215000,215.0,97.75,91.3,93.9,1.0,88.0,0.4414118359375,True,CALL,2026-06-18,JPM
JPM260618C00220000,220.0,86.75,86.65,88.8,1.0,296.0,0.41528905029296875,True,CALL,2026-06-18,JPM
JPM260618C00225000,225.0,87.17,81.75,84.2,3.0,68.0,0.40643904113769536,True,CALL,2026-06-18,JPM
JPM260618C00230000,230.0,78.0,77.25,80.5,2.0,576.0,0.42212491943359376,True,CALL,2026-06-18,JPM
JPM260618C00235000,235.0,75.24,72.4,75.25,1.0,143.0,0.392034888305664,True,CALL,2026-06-18,JPM
JPM260618C00240000,240.0,64.89,68.05,71.3,1.0,640.0,0.39560540924072274,True,CALL,2026-06-18,JPM
JPM260618C00245000,245.0,60.7,63.35,66.7,2.0,269.0,0.38129280822753897,True,CALL,2026-06-18,JPM
JPM260618C00250000,250.0,55.1,58.75,61.7,1.0,493.0,0.3575503698730469,True,CALL,2026-06-18,JPM
JPM260618C00255000,255.0,51.1,55.45,57.35,1.0,870.0,0.3476017388916015,True,CALL,2026-06-18,JPM
JPM260618C00260000,260.0,51.05,51.35,53.15,1.0,932.0,0.3392705233764648,True,CALL,2026-06-18,JPM
JPM260618C00265000,265.0,42.43,46.25,48.75,2.0,626.0,0.32578188873291014,True,CALL,2026-06-18,JPM
JPM260618C00270000,270.0,44.54,43.1,44.8,1.0,922.0,0.31903757141113276,True,CALL,2026-06-18,JPM
JPM260618C00275000,275.0,40.07,39.2,40.5,6.0,492.0,0.30475548767089844,True,CALL,2026-06-18,JPM
JPM260618C00280000,280.0,32.69,34.35,37.2,4.0,592.0,0.3048165222167969,True,CALL,2026-06-18,JPM
JPM260618C00285000,285.0,32.3,31.9,33.7,1.0,242.0,0.2993539303588867,True,CALL,2026-06-18,JPM
JPM260618C00290000,290.0,28.51,28.55,29.45,5.0,1137.0,0.2811046011352538,True,CALL,2026-06-18,JPM
JPM260618C00295000,295.0,26.0,25.85,26.75,3.0,243.0,0.28281356842041017,True,CALL,2026-06-18,JPM
JPM260618C00300000,300.0,23.03,22.5,23.25,185.0,758.0,0.2710949356079102,True,CALL,2026-06-18,JPM
JPM260618C00305000,305.0,20.1,19.95,20.55,13.0,627.0,0.26782958740234375,True,CALL,2026-06-18,JPM
JPM260618C00310000,310.0,17.4,17.45,17.95,46.0,683.0,0.26334354827880857,False,CALL,2026-06-18,JPM
JPM260618C00315000,315.0,15.0,14.45,15.35,9.0,789.0,0.25629405822753903,False,CALL,2026-06-18,JPM
JPM260618C00320000,320.0,12.8,12.65,13.15,32.0,1396.0,0.2518690536499023,False,CALL,2026-06-18,JPM
JPM260618C00325000,325.0,10.85,11.0,11.3,11.0,637.0,0.2495497409057617,False,CALL,2026-06-18,JPM
JPM260618C00330000,330.0,9.5,9.1,9.6,45.0,1479.0,0.2466811172485352,False,CALL,2026-06-18,JPM
JPM260618C00335000,335.0,7.85,7.55,8.2,24.0,681.0,0.24558249542236327,False,CALL,2026-06-18,JPM
JPM260618C00340000,340.0,6.2,6.25,6.7,25.0,2456.0,0.24024197265624997,False,CALL,2026-06-18,JPM
JPM260618C00345000,345.0,5.55,5.25,5.65,11.0,581.0,0.23947904083251947,False,CALL,2026-06-18,JPM
JPM260618C00350000,350.0,4.46,4.3,4.55,91.0,3235.0,0.23517610534667968,False,CALL,2026-06-18,JPM
JPM260618C00355000,355.0,3.5,3.45,3.75,28.0,519.0,0.2338028280639648,False,CALL,2026-06-18,JPM
JPM260618C00360000,360.0,2.84,2.87,3.05,27.0,927.0,0.23206334350585936,False,CALL,2026-06-18,JPM
JPM260618C00365000,365.0,2.2,2.38,2.49,2.0,945.0,0.2310867907714844,False,CALL,2026-06-18,JPM
JPM260618C00370000,370.0,1.83,1.9,2.05,2.0,1289.0,0.23102575622558597,False,CALL,2026-06-18,JPM
JPM260618C00375000,375.0,1.2,1.38,1.71,25.0,445.0,0.23194127441406248,False,CALL,2026-06-18,JPM
JPM260618C00380000,380.0,1.09,1.26,1.39,10.0,1232.0,0.23157506713867188,False,CALL,2026-06-18,JPM
JPM260618C00385000,385.0,0.89,0.96,1.15,11.0,235.0,0.23230748168945312,False,CALL,2026-06-18,JPM
JPM260618C00390000,390.0,0.9,0.84,0.95,1.0,339.0,0.23303989624023438,False,CALL,2026-06-18,JPM
JPM260618C00395000,395.0,0.75,0.47,0.79,1.0,186.0,0.23413851806640623,False,CALL,2026-06-18,JPM
JPM260618P00215000,215.0,1.25,1.08,1.39,22.0,949.0,0.358404853515625,False,PUT,2026-06-18,JPM
JPM260618P00220000,220.0,1.32,1.31,1.42,6.0,1609.0,0.34058276611328125,False,PUT,2026-06-18,JPM
JPM260618P00225000,225.0,1.59,1.51,1.66,8.0,859.0,0.3329534478759766,False,PUT,2026-06-18,JPM
JPM260618P00230000,230.0,1.83,1.76,1.94,1.0,1227.0,0.32556826782226556,False,PUT,2026-06-18,JPM
JPM260618P00235000,235.0,2.13,2.11,2.28,6.0,2104.0,0.31879343322753895,False,PUT,2026-06-18,JPM
JPM260618P00240000,240.0,2.34,2.39,2.71,2.0,3118.0,0.3133003240966796,False,PUT,2026-06-18,JPM
JPM260618P00245000,245.0,2.97,2.88,3.1,225.0,1380.0,0.304694453125,False,PUT,2026-06-18,JPM
JPM260618P00250000,250.0,3.36,3.35,3.6,611.0,2572.0,0.29761444580078117,False,PUT,2026-06-18,JPM
JPM260618P00255000,255.0,4.4,3.9,4.2,44.0,986.0,0.2912668530273437,False,PUT,2026-06-18,JPM
JPM260618P00260000,260.0,5.1,4.4,4.9,50.0,1080.0,0.28519391571044916,False,PUT,2026-06-18,JPM
JPM260618P00265000,265.0,6.1,5.3,5.55,11.0,2009.0,0.2761302856445312,False,PUT,2026-06-18,JPM
JPM260618P00270000,270.0,6.35,6.1,6.55,13.0,2559.0,0.27201045379638666,False,PUT,2026-06-18,JPM
JPM260618P00275000,275.0,7.4,7.1,7.5,3.0,1553.0,0.26462527374267575,False,PUT,2026-06-18,JPM
JPM260618P00280000,280.0,8.58,8.4,8.8,26.0,2145.0,0.2608716491699219,False,PUT,2026-06-18,JPM
JPM260618P00285000,285.0,10.05,9.8,10.45,8.0,2242.0,0.25986457916259764,False,PUT,2026-06-18,JPM
JPM260618P00290000,290.0,11.38,11.25,11.65,6.0,2090.0,0.24958025817871093,False,PUT,2026-06-18,JPM
JPM260618P00295000,295.0,13.25,12.95,13.8,11.0,978.0,0.250358448638916,False,PUT,2026-06-18,JPM
JPM260618P00300000,300.0,15.2,14.8,15.4,13.0,1602.0,0.24079128356933593,False,PUT,2026-06-18,JPM
JPM260618P00305000,305.0,17.45,16.95,17.5,6.0,863.0,0.23531343307495117,False,PUT,2026-06-18,JPM
JPM260618P00310000,310.0,19.95,19.4,20.0,18.0,741.0,0.23227696441650392,True,PUT,2026-06-18,JPM
JPM260618P00315000,315.0,22.45,22.0,23.15,3.0,1004.0,0.23496248443603518,True,PUT,2026-06-18,JPM
JPM260618P00320000,320.0,27.85,24.25,25.7,1.0,349.0,0.2267228207397461,True,PUT,2026-06-18,JPM
JPM260618P00325000,325.0,32.6,28.05,28.7,103.0,244.0,0.22147384979248047,True,PUT,2026-06-18,JPM
JPM260618P00330000,330.0,36.76,30.35,32.7,2.0,89.0,0.22769937347412106,True,PUT,2026-06-18,JPM
JPM260618P00335000,335.0,38.3,34.0,36.45,31.0,135.0,0.22788247711181642,True,PUT,2026-06-18,JPM
JPM260618P00340000,340.0,37.46,37.9,39.55,2.0,131.0,0.21433280792236326,True,PUT,2026-06-18,JPM
JPM260618P00345000,345.0,40.56,41.9,43.9,10.0,71.0,0.21884936431884766,True,PUT,2026-06-18,JPM
JPM260618P00350000,350.0,41.0,46.15,47.8,35.0,38.0,0.21222711608886718,True,PUT,2026-06-18,JPM
JPM260618P00355000,355.0,35.95,50.0,52.15,25.0,21.0,0.21170832244873045,True,PUT,2026-06-18,JPM
JPM260618P00360000,360.0,48.15,55.0,57.7,2.0,5.0,0.237739556274414,True,PUT,2026-06-18,JPM
JPM260618P00365000,365.0,63.9,59.6,62.4,2.0,2.0,0.24381249359130858,True,PUT,2026-06-18,JPM
JPM260618P00370000,370.0,57.75,64.6,66.75,1.0,0.0,0.2395095581054687,True,PUT,2026-06-18,JPM
JPM260618P00380000,380.0,65.0,73.4,76.9,1.0,0.0,0.2670361383056641,True,PUT,2026-06-18,JPM
JPM260618P00395000,395.0,90.15,88.45,91.85,,0.0,0.2986520330810546,True,PUT,2026-06-18,JPM
JPM260717C00215000,215.0,115.65,91.85,94.75,2.0,38.0,0.42853354675292965,True,CALL,2026-07-17,JPM
JPM260717C00220000,220.0,92.5,87.2,90.0,1.0,36.0,0.4141293939208984,True,CALL,2026-07-17,JPM
JPM260717C00225000,225.0,106.15,82.7,85.35,10.0,18.0,0.40204455383300786,True,CALL,2026-07-17,JPM
JPM260717C00230000,230.0,85.42,78.0,80.7,2.0,14.0,0.38941040283203127,True,CALL,2026-07-17,JPM
JPM260717C00235000,235.0,70.44,73.6,76.15,3.0,32.0,0.3784852191162109,True,CALL,2026-07-17,JPM
JPM260717C00240000,240.0,99.42,69.15,71.8,1.0,3.0,0.37116107360839845,True,CALL,2026-07-17,JPM
JPM260717C00245000,245.0,87.7,64.55,67.4,20.0,15.0,0.36157864990234373,True,CALL,2026-07-17,JPM
JPM260717C00250000,250.0,55.77,60.9,63.05,2.0,20.0,0.35193519165039056,True,CALL,2026-07-17,JPM
JPM260717C00255000,255.0,61.85,56.1,58.8,1.0,3.0,0.3430851824951171,True,CALL,2026-07-17,JPM
JPM260717C00260000,260.0,53.25,51.8,54.65,6.0,51.0,0.3347539669799804,True,CALL,2026-07-17,JPM
JPM260717C00265000,265.0,48.75,47.9,50.7,7.0,40.0,0.3283453396606445,True,CALL,2026-07-17,JPM
JPM260717C00270000,270.0,39.78,43.8,46.7,5.0,28.0,0.3197089514160155,True,CALL,2026-07-17,JPM
JPM260717C00275000,275.0,36.6,39.95,42.85,8.0,39.0,0.31189652954101554,True,CALL,2026-07-17,JPM
JPM260717C00280000,280.0,33.33,36.35,38.85,1.0,27.0,0.3005746212768554,True,CALL,2026-07-17,JPM
JPM260717C00285000,285.0,34.97,33.95,35.1,26.0,38.0,0.2912973703002929,True,CALL,2026-07-17,JPM
JPM260717C00290000,290.0,30.6,29.95,32.3,1.0,76.0,0.29273168212890616,True,CALL,2026-07-17,JPM
JPM260717C00295000,295.0,28.0,27.25,28.55,12.0,93.0,0.28006701385498034,True,CALL,2026-07-17,JPM
JPM260717C00300000,300.0,24.7,25.1,25.6,180.0,254.0,0.27567252655029295,True,CALL,2026-07-17,JPM
JPM260717C00305000,305.0,22.5,22.25,22.7,27.0,103.0,0.26987424468994137,True,CALL,2026-07-17,JPM
JPM260717C00310000,310.0,19.4,19.55,19.95,34.0,555.0,0.2638623419189453,False,CALL,2026-07-17,JPM
JPM260717C00315000,315.0,16.87,17.3,17.7,8.0,273.0,0.26175665008544924,False,CALL,2026-07-17,JPM
JPM260717C00320000,320.0,15.6,15.05,15.45,9.0,417.0,0.2575452664184571,False,CALL,2026-07-17,JPM
JPM260717C00325000,325.0,13.1,12.95,13.35,29.0,228.0,0.25299819274902346,False,CALL,2026-07-17,JPM
JPM260717C00330000,330.0,11.35,11.1,11.5,21.0,386.0,0.24933611999511718,False,CALL,2026-07-17,JPM
JPM260717C00335000,335.0,9.3,9.55,9.95,9.0,68.0,0.24738301452636718,False,CALL,2026-07-17,JPM
JPM260717C00340000,340.0,8.15,8.1,8.5,15.0,196.0,0.24463645996093752,False,CALL,2026-07-17,JPM
JPM260717C00345000,345.0,5.85,6.9,7.2,21.0,169.0,0.24179835357666019,False,CALL,2026-07-17,JPM
JPM260717C00350000,350.0,5.6,5.8,6.1,3.0,322.0,0.2398147308349609,False,CALL,2026-07-17,JPM
JPM260717C00355000,355.0,4.1,4.9,5.1,1.0,92.0,0.23725127990722655,False,CALL,2026-07-17,JPM
JPM260717C00360000,360.0,4.2,4.05,4.3,21.0,212.0,0.23603058898925777,False,CALL,2026-07-17,JPM
JPM260717C00365000,365.0,2.67,3.35,3.6,1.0,85.0,0.23471834625244142,False,CALL,2026-07-17,JPM
JPM260717C00370000,370.0,3.02,2.7,3.1,10.0,241.0,0.2357254162597656,False,CALL,2026-07-17,JPM
JPM260717C00375000,375.0,2.63,2.39,2.56,1.0,66.0,0.23413851806640623,False,CALL,2026-07-17,JPM
JPM260717C00380000,380.0,1.65,1.97,2.15,1.0,224.0,0.23395541442871093,False,CALL,2026-07-17,JPM
JPM260717C00385000,385.0,1.38,1.6,1.82,20.0,86.0,0.23438265625,False,CALL,2026-07-17,JPM
JPM260717C00390000,390.0,1.29,1.35,1.51,1.0,87.0,0.23383334533691402,False,CALL,2026-07-17,JPM
JPM260717C00395000,395.0,1.22,1.02,1.4,77.0,114.0,0.23902128173828124,False,CALL,2026-07-17,JPM
JPM260717P00215000,215.0,2.12,1.66,1.86,8.0,25.0,0.3482120843505859,False,PUT,2026-07-17,JPM
JPM260717P00220000,220.0,2.07,1.94,2.13,10.0,35.0,0.3404606970214844,False,PUT,2026-07-17,JPM
JPM260717P00225000,225.0,2.39,2.26,2.42,2.0,30.0,0.33228206787109377,False,PUT,2026-07-17,JPM
JPM260717P00230000,230.0,2.86,2.62,2.78,15.0,101.0,0.32520206054687495,False,PUT,2026-07-17,JPM
JPM260717P00235000,235.0,3.1,3.05,3.2,65.0,232.0,0.31854929504394525,False,PUT,2026-07-17,JPM
JPM260717P00240000,240.0,3.75,3.45,3.7,1.0,240.0,0.3125679095458984,False,PUT,2026-07-17,JPM
JPM260717P00245000,245.0,4.45,3.9,4.25,1.0,25.0,0.306220316772461,False,PUT,2026-07-17,JPM
JPM260717P00250000,250.0,4.8,4.55,4.85,14.0,144.0,0.2995065167236328,False,PUT,2026-07-17,JPM
JPM260717P00255000,255.0,5.75,5.3,5.55,19.0,124.0,0.29328099304199207,False,PUT,2026-07-17,JPM
JPM260717P00260000,260.0,6.27,6.05,6.35,8.0,294.0,0.2873606420898437,False,PUT,2026-07-17,JPM
JPM260717P00265000,265.0,7.1,6.8,7.25,53.0,432.0,0.28147080841064454,False,PUT,2026-07-17,JPM
JPM260717P00270000,270.0,8.1,8.1,8.3,21.0,698.0,0.2763133892822265,False,PUT,2026-07-17,JPM
JPM260717P00275000,275.0,9.2,9.15,9.45,12.0,178.0,0.27078976287841794,False,PUT,2026-07-17,JPM
JPM260717P00280000,280.0,10.6,10.5,10.75,22.0,621.0,0.26557130920410155,False,PUT,2026-07-17,JPM
JPM260717P00285000,285.0,12.25,11.9,12.25,7.0,830.0,0.2611463046264648,False,PUT,2026-07-17,JPM
JPM260717P00290000,290.0,13.85,13.4,13.85,5.0,171.0,0.25595836822509765,False,PUT,2026-07-17,JPM
JPM260717P00295000,295.0,15.45,15.2,15.75,113.0,353.0,0.25250991638183595,False,PUT,2026-07-17,JPM
JPM260717P00300000,300.0,17.75,17.15,17.8,1.0,222.0,0.2487105158996582,False,PUT,2026-07-17,JPM
JPM260717P00305000,305.0,20.1,19.25,20.0,7.0,300.0,0.24448387359619145,False,PUT,2026-07-17,JPM
JPM260717P00310000,310.0,22.45,21.65,22.2,6.0,98.0,0.238014211730957,True,PUT,2026-07-17,JPM
JPM260717P00315000,315.0,24.65,24.25,24.9,14.0,80.0,0.23520662261962888,True,PUT,2026-07-17,JPM
JPM260717P00320000,320.0,30.13,27.0,27.7,50.0,120.0,0.23120885986328127,True,PUT,2026-07-17,JPM
JPM260717P00325000,325.0,31.75,29.25,31.05,19.0,64.0,0.2316818775939941,True,PUT,2026-07-17,JPM
JPM260717P00330000,330.0,35.34,33.2,34.15,30.0,50.0,0.2266312689208984,True,PUT,2026-07-17,JPM
JPM260717P00335000,335.0,38.77,36.15,37.35,31.0,39.0,0.22019212432861324,True,PUT,2026-07-17,JPM
JPM260717P00340000,340.0,27.6,40.15,41.8,6.0,12.0,0.22901161621093752,True,PUT,2026-07-17,JPM
JPM260717P00345000,345.0,31.5,43.25,46.15,12.0,23.0,0.23508455352783203,True,PUT,2026-07-17,JPM
JPM260717P00350000,350.0,34.6,47.75,50.1,10.0,31.0,0.233406103515625,True,PUT,2026-07-17,JPM
JPM260717P00355000,355.0,44.8,51.4,53.3,1.0,6.0,0.2157976370239258,True,PUT,2026-07-17,JPM
JPM260717P00360000,360.0,43.15,54.95,58.5,2.0,3.0,0.23230748168945312,True,PUT,2026-07-17,JPM
JPM260717P00370000,370.0,47.4,64.75,67.5,2.0,3.0,0.23578645080566402,True,PUT,2026-07-17,JPM
JPM260717P00375000,375.0,48.91,69.15,72.1,2.0,86.0,0.23761748718261716,True,PUT,2026-07-17,JPM
JPM260717P00380000,380.0,69.22,74.3,77.0,2.0,0.0,0.2457961163330078,True,PUT,2026-07-17,JPM
JPM260717P00385000,385.0,74.05,78.45,81.95,2.0,0.0,0.25489026367187506,True,PUT,2026-07-17,JPM
JPM260821C00220000,220.0,87.85,87.95,90.55,3.0,43.0,0.3908141973876953,True,CALL,2026-08-21,JPM
JPM260821C00230000,230.0,76.44,78.85,81.45,1.0,88.0,0.37103900451660154,True,CALL,2026-08-21,JPM
JPM260821C00240000,240.0,66.32,69.9,72.7,109.0,122.0,0.35526157440185535,True,CALL,2026-08-21,JPM
JPM260821C00250000,250.0,70.0,61.35,64.2,3.0,30.0,0.3399724206542969,True,CALL,2026-08-21,JPM
JPM260821C00260000,260.0,57.77,53.25,56.05,1.0,43.0,0.3259344750976562,True,CALL,2026-08-21,JPM
JPM260821C00270000,270.0,43.55,46.7,48.9,1.0,18.0,0.3209601596069336,True,CALL,2026-08-21,JPM
JPM260821C00280000,280.0,36.45,39.35,41.35,2.0,48.0,0.30487755676269535,True,CALL,2026-08-21,JPM
JPM260821C00290000,290.0,31.6,32.35,34.55,2.0,82.0,0.29277745803832994,True,CALL,2026-08-21,JPM
JPM260821C00300000,300.0,26.5,26.65,27.75,8.0,1178.0,0.2749858879089356,True,CALL,2026-08-21,JPM
JPM260821C00310000,310.0,22.55,21.6,22.4,13.0,94.0,0.2670819142150879,False,CALL,2026-08-21,JPM
JPM260821C00320000,320.0,16.95,17.2,17.75,19.0,1430.0,0.2600171655273438,False,CALL,2026-08-21,JPM
JPM260821C00330000,330.0,12.8,13.1,13.8,3.0,246.0,0.25370009002685545,False,CALL,2026-08-21,JPM
JPM260821C00340000,340.0,10.3,10.1,10.55,6.0,356.0,0.24842060180664063,False,CALL,2026-08-21,JPM
JPM260821C00350000,350.0,7.7,7.4,7.95,7.0,326.0,0.24417870086669924,False,CALL,2026-08-21,JPM
JPM260821C00360000,360.0,5.66,5.55,5.8,2.0,641.0,0.23908231628417967,False,CALL,2026-08-21,JPM
JPM260821C00370000,370.0,4.05,3.95,4.3,1.0,231.0,0.23734283172607418,False,CALL,2026-08-21,JPM
JPM260821C00380000,380.0,2.36,2.84,3.1,7.0,161.0,0.23480989807128905,False,CALL,2026-08-21,JPM
JPM260821C00390000,390.0,1.77,1.97,2.3,2.0,187.0,0.23499300170898438,False,CALL,2026-08-21,JPM
JPM260821P00220000,220.0,2.59,2.5,2.77,20.0,182.0,0.33124448059082034,False,PUT,2026-08-21,JPM
JPM260821P00230000,230.0,3.35,3.25,3.5,40.0,391.0,0.315863775024414,False,PUT,2026-08-21,JPM
JPM260821P00240000,240.0,4.55,4.1,4.5,12.0,565.0,0.3028023822021484,False,PUT,2026-08-21,JPM
JPM260821P00250000,250.0,5.7,5.4,5.8,2.0,225.0,0.29090064575195307,False,PUT,2026-08-21,JPM
JPM260821P00260000,260.0,7.35,7.3,7.6,116.0,394.0,0.28211167114257807,False,PUT,2026-08-21,JPM
JPM260821P00270000,270.0,9.5,9.15,9.7,5.0,751.0,0.27161372924804683,False,PUT,2026-08-21,JPM
JPM260821P00280000,280.0,12.05,12.05,12.3,36.0,687.0,0.2616956155395508,False,PUT,2026-08-21,JPM
JPM260821P00290000,290.0,15.7,14.8,15.95,6.0,318.0,0.2577894046020508,False,PUT,2026-08-21,JPM
JPM260821P00300000,300.0,18.93,18.9,19.45,6.0,699.0,0.2449111154174805,False,PUT,2026-08-21,JPM
JPM260821P00310000,310.0,23.65,23.5,24.25,3.0,109.0,0.23920438537597655,True,PUT,2026-08-21,JPM
JPM260821P00320000,320.0,33.0,28.75,29.6,11.0,214.0,0.2317886880493164,True,PUT,2026-08-21,JPM
JPM260821P00330000,330.0,34.4,34.55,36.25,2.0,124.0,0.23117834259033204,True,PUT,2026-08-21,JPM
JPM260821P00340000,340.0,26.43,40.65,42.15,5.0,25.0,0.21315789291381837,True,PUT,2026-08-21,JPM
JPM260821P00350000,350.0,38.09,48.2,51.1,1.0,5.0,0.22699747619628902,True,PUT,2026-08-21,JPM
JPM260821P00360000,360.0,40.2,56.45,59.25,2.0,18.0,0.22415936981201168,True,PUT,2026-08-21,JPM
JPM260821P00370000,370.0,44.05,65.2,67.95,26.0,36.0,0.22364057617187497,True,PUT,2026-08-21,JPM
JPM260821P00380000,380.0,79.75,75.9,79.75,,0.0,0.2772899420166015,True,PUT,2026-08-21,JPM
JPM260821P00390000,390.0,88.4,59.0,61.75,,1.0,1.0000000000000003e-05,True,PUT,2026-08-21,JPM
JPM260918C00220000,220.0,108.95,88.7,91.45,1.0,58.0,0.3865722964477538,True,CALL,2026-09-18,JPM
JPM260918C00230000,230.0,74.85,79.8,82.6,3.0,102.0,0.37045917633056635,True,CALL,2026-09-18,JPM
JPM260918C00235000,235.0,71.86,75.4,78.25,5.0,5.0,0.3625857199096679,True,CALL,2026-09-18,JPM
JPM260918C00240000,240.0,67.87,71.1,73.85,42.0,39.0,0.3530338134765625,True,CALL,2026-09-18,JPM
JPM260918C00245000,245.0,70.26,66.85,69.7,,1.0,0.34680828979492184,True,CALL,2026-09-18,JPM
JPM260918C00250000,250.0,59.52,62.8,65.3,42.0,203.0,0.33579155426025387,True,CALL,2026-09-18,JPM
JPM260918C00255000,255.0,61.2,58.65,61.15,,2.0,0.32776551147460936,True,CALL,2026-09-18,JPM
JPM260918C00260000,260.0,55.3,55.25,57.95,2.0,87.0,0.33179379150390625,True,CALL,2026-09-18,JPM
JPM260918C00270000,270.0,45.94,47.2,49.85,3.0,141.0,0.3129035995483398,True,CALL,2026-09-18,JPM
JPM260918C00275000,275.0,42.5,43.65,46.45,2.0,3.0,0.30997394134521483,True,CALL,2026-09-18,JPM
JPM260918C00280000,280.0,36.97,41.05,43.1,1.0,509.0,0.30620505813598636,True,CALL,2026-09-18,JPM
JPM260918C00285000,285.0,35.25,37.7,39.7,4.0,8.0,0.30055936264038086,True,CALL,2026-09-18,JPM
JPM260918C00290000,290.0,32.2,33.8,36.45,5.0,198.0,0.2953103916931152,True,CALL,2026-09-18,JPM
JPM260918C00295000,295.0,30.0,31.2,32.95,1.0,11.0,0.28610943389892574,True,CALL,2026-09-18,JPM
JPM260918C00300000,300.0,30.14,28.85,29.75,6.0,625.0,0.2788463229370117,True,CALL,2026-09-18,JPM
JPM260918C00305000,305.0,26.05,26.25,27.35,1.0,80.0,0.27852589157104496,True,CALL,2026-09-18,JPM
JPM260918C00310000,310.0,23.97,23.6,24.35,8.0,246.0,0.27054562469482424,False,CALL,2026-09-18,JPM
JPM260918C00315000,315.0,18.9,20.7,22.25,2.0,45.0,0.2703625210571289,False,CALL,2026-09-18,JPM
JPM260918C00320000,320.0,16.42,19.15,19.55,2.0,432.0,0.26250432327270506,False,CALL,2026-09-18,JPM
JPM260918C00325000,325.0,16.5,16.9,17.35,22.0,35.0,0.2582624223327637,False,CALL,2026-09-18,JPM
JPM260918C00330000,330.0,15.3,15.0,15.55,5.0,827.0,0.25669078277587887,False,CALL,2026-09-18,JPM
JPM260918C00335000,335.0,11.8,13.05,13.8,25.0,83.0,0.2541731077575684,False,CALL,2026-09-18,JPM
JPM260918C00340000,340.0,11.98,11.5,12.1,4.0,450.0,0.2506483627319336,False,CALL,2026-09-18,JPM
JPM260918C00345000,345.0,8.9,10.15,10.6,2.0,20.0,0.24784077362060547,False,CALL,2026-09-18,JPM
JPM260918C00350000,350.0,8.45,8.85,9.25,3.0,791.0,0.24521628814697266,False,CALL,2026-09-18,JPM
JPM260918C00355000,355.0,7.65,7.6,8.15,,5.0,0.24420921813964847,False,CALL,2026-09-18,JPM
JPM260918C00360000,360.0,6.0,6.5,7.05,27.0,348.0,0.24176783630371096,False,CALL,2026-09-18,JPM
JPM260918C00365000,365.0,5.43,5.75,6.1,1.0,39.0,0.23984524810791014,False,CALL,2026-09-18,JPM
JPM260918C00370000,370.0,4.0,4.95,5.3,3.0,582.0,0.2386855917358398,False,CALL,2026-09-18,JPM
JPM260918C00375000,375.0,3.51,4.2,4.6,25.0,35.0,0.237739556274414,False,CALL,2026-09-18,JPM
JPM260918C00380000,380.0,3.15,3.65,3.95,44.0,495.0,0.23627472717285153,False,CALL,2026-09-18,JPM
JPM260918C00390000,390.0,2.44,2.72,2.92,19.0,389.0,0.23438265625,False,CALL,2026-09-18,JPM
JPM260918C00395000,395.0,1.92,2.19,2.58,21.0,21.0,0.23535920898437498,False,CALL,2026-09-18,JPM
JPM260918P00215000,215.0,2.8,2.53,2.93,3.0,7.0,0.3325262060546875,False,PUT,2026-09-18,JPM
JPM260918P00220000,220.0,3.1,2.88,3.1,10.0,277.0,0.3201361932373046,False,PUT,2026-09-18,JPM
JPM260918P00225000,225.0,3.8,3.25,3.55,2.0,15.0,0.31476515319824216,False,PUT,2026-09-18,JPM
JPM260918P00230000,230.0,4.22,3.6,4.0,2018.0,2752.0,0.30820393951416014,False,PUT,2026-09-18,JPM
JPM260918P00235000,235.0,4.72,4.25,4.5,10.0,10.0,0.30170376037597657,False,PUT,2026-09-18,JPM
JPM260918P00240000,240.0,5.1,4.75,5.1,1.0,855.0,0.29608858215332035,False,PUT,2026-09-18,JPM
JPM260918P00245000,245.0,5.55,5.45,5.8,10.0,122.0,0.29114478393554677,False,PUT,2026-09-18,JPM
JPM260918P00250000,250.0,6.25,6.05,6.5,11.0,1243.0,0.284888742980957,False,PUT,2026-09-18,JPM
JPM260918P00255000,255.0,7.75,6.9,7.45,5.0,96.0,0.2814402911376953,False,PUT,2026-09-18,JPM
JPM260918P00260000,260.0,8.75,7.9,8.35,76.0,984.0,0.2757335610961914,False,PUT,2026-09-18,JPM
JPM260918P00265000,265.0,9.9,9.0,9.45,31.0,19.0,0.2715526947021484,False,PUT,2026-09-18,JPM
JPM260918P00270000,270.0,10.43,10.2,10.55,2.0,1211.0,0.26593751647949215,False,PUT,2026-09-18,JPM
JPM260918P00275000,275.0,12.79,11.45,11.75,1.0,11.0,0.26023078643798825,False,PUT,2026-09-18,JPM
JPM260918P00280000,280.0,12.9,12.8,13.3,4.0,1652.0,0.2573316455078125,False,PUT,2026-09-18,JPM
JPM260918P00285000,285.0,15.54,14.45,14.85,3.0,91.0,0.2527845718383789,False,PUT,2026-09-18,JPM
JPM260918P00290000,290.0,16.8,16.15,16.6,1.0,1130.0,0.24893939544677735,False,PUT,2026-09-18,JPM
JPM260918P00295000,295.0,20.76,17.8,18.65,1.0,35.0,0.2467116345214844,False,PUT,2026-09-18,JPM
JPM260918P00300000,300.0,19.9,19.95,20.7,3.0,1079.0,0.24280542358398435,False,PUT,2026-09-18,JPM
JPM260918P00305000,305.0,20.99,21.8,23.25,2.0,2.0,0.2424086990356445,False,PUT,2026-09-18,JPM
JPM260918P00310000,310.0,25.37,24.4,25.4,20.0,960.0,0.2361831753540039,True,PUT,2026-09-18,JPM
JPM260918P00315000,315.0,29.7,26.55,28.1,10.0,6.0,0.2339248971557617,True,PUT,2026-09-18,JPM
JPM260918P00320000,320.0,32.8,29.35,31.1,20.0,659.0,0.23303989624023438,True,PUT,2026-09-18,JPM
JPM260918P00330000,330.0,39.16,35.55,36.45,50.0,138.0,0.21904772659301758,True,PUT,2026-09-18,JPM
JPM260918P00340000,340.0,46.3,41.35,43.3,2.0,132.0,0.21379875564575196,True,PUT,2026-09-18,JPM
JPM260918P00345000,345.0,50.12,45.8,47.45,20.0,9.0,0.2172777247619629,True,PUT,2026-09-18,JPM
JPM260918P00350000,350.0,54.9,48.8,51.8,1.0,48.0,0.2220994538879394,True,PUT,2026-09-18,JPM
JPM260918P00355000,355.0,50.05,52.85,55.7,,1.0,0.21976488250732418,True,PUT,2026-09-18,JPM
JPM260918P00360000,360.0,63.36,56.9,59.8,1.0,73.0,0.21854419158935545,True,PUT,2026-09-18,JPM
JPM260918P00370000,370.0,63.72,65.5,68.35,5.0,34.0,0.21683522430419921,True,PUT,2026-09-18,JPM
JPM260918P00380000,380.0,65.8,74.65,77.3,1.0,1.0,0.21637746520996093,True,PUT,2026-09-18,JPM
JPM260918P00390000,390.0,66.67,83.5,87.05,1.0,0.0,0.2287064434814453,True,PUT,2026-09-18,JPM
JPM261218C00220000,220.0,91.22,90.65,94.05,6.0,183.0,0.3722596954345704,True,CALL,2026-12-18,JPM
JPM261218C00230000,230.0,83.9,82.25,85.55,4.0,249.0,0.358954164428711,True,CALL,2026-12-18,JPM
JPM261218C00240000,240.0,75.75,74.9,76.6,3.0,465.0,0.3371648315429688,True,CALL,2026-12-18,JPM
JPM261218C00250000,250.0,64.0,66.7,69.5,3.0,427.0,0.33647819290161135,True,CALL,2026-12-18,JPM
JPM261218C00260000,260.0,56.9,59.3,61.8,2.0,362.0,0.32445438735961907,True,CALL,2026-12-18,JPM
JPM261218C00270000,270.0,48.5,52.45,54.5,6.0,166.0,0.31354446228027344,True,CALL,2026-12-18,JPM
JPM261218C00280000,280.0,46.0,45.5,47.05,2.0,652.0,0.2979501358032226,True,CALL,2026-12-18,JPM
JPM261218C00290000,290.0,35.92,39.75,41.3,110.0,277.0,0.29502047760009764,True,CALL,2026-12-18,JPM
JPM261218C00300000,300.0,35.15,32.65,35.45,20.0,1567.0,0.28705546936035153,True,CALL,2026-12-18,JPM
JPM261218C00310000,310.0,29.01,28.75,29.5,5.0,547.0,0.2743145079040527,False,CALL,2026-12-18,JPM
JPM261218C00320000,320.0,24.3,24.0,25.8,14.0,691.0,0.2771678729248046,False,CALL,2026-12-18,JPM
JPM261218C00330000,330.0,20.55,20.05,20.65,3.0,1049.0,0.2632214791870118,False,CALL,2026-12-18,JPM
JPM261218C00340000,340.0,14.5,15.9,17.2,11.0,463.0,0.26009345870971684,False,CALL,2026-12-18,JPM
JPM261218C00350000,350.0,11.91,13.2,13.85,1.0,565.0,0.2537306072998047,False,CALL,2026-12-18,JPM
JPM261218C00360000,360.0,10.35,10.7,11.05,2.0,255.0,0.24839008453369144,False,CALL,2026-12-18,JPM
JPM261218C00370000,370.0,8.37,8.45,8.8,48.0,339.0,0.24456016677856446,False,CALL,2026-12-18,JPM
JPM261218C00380000,380.0,5.73,6.7,7.1,2.0,264.0,0.2430800790405273,False,CALL,2026-12-18,JPM
JPM261218C00390000,390.0,4.33,5.25,5.65,1.0,186.0,0.24115749084472654,False,CALL,2026-12-18,JPM
JPM261218P00220000,220.0,5.4,4.55,4.85,6.0,588.0,0.3089058367919921,False,PUT,2026-12-18,JPM
JPM261218P00230000,230.0,6.45,5.8,6.1,1.0,456.0,0.2993844476318359,False,PUT,2026-12-18,JPM
JPM261218P00240000,240.0,7.5,7.25,7.55,2.0,981.0,0.2892527130126953,False,PUT,2026-12-18,JPM
JPM261218P00250000,250.0,9.1,9.0,9.3,1.0,495.0,0.27960925476074217,False,PUT,2026-12-18,JPM
JPM261218P00260000,260.0,11.33,10.85,11.55,46.0,719.0,0.272193557434082,False,PUT,2026-12-18,JPM
JPM261218P00270000,270.0,14.15,13.3,14.1,2.0,681.0,0.26381656600952147,False,PUT,2026-12-18,JPM
JPM261218P00280000,280.0,18.0,16.65,17.0,4.0,731.0,0.2548292291259766,False,PUT,2026-12-18,JPM
JPM261218P00290000,290.0,22.01,19.9,20.55,1.0,297.0,0.24771870452880856,False,PUT,2026-12-18,JPM
JPM261218P00300000,300.0,24.2,24.05,24.9,73.0,1906.0,0.2431868894958496,False,PUT,2026-12-18,JPM
JPM261218P00310000,310.0,30.85,28.3,29.4,6.0,241.0,0.23517610534667968,True,PUT,2026-12-18,JPM
JPM261218P00320000,320.0,36.51,33.7,34.6,4.0,164.0,0.22840127075195313,True,PUT,2026-12-18,JPM
JPM261218P00330000,330.0,42.57,39.3,40.9,33.0,318.0,0.22635661346435548,True,PUT,2026-12-18,JPM
JPM261218P00340000,340.0,48.75,44.8,47.2,1.0,91.0,0.2193528993225098,True,PUT,2026-12-18,JPM
JPM261218P00350000,350.0,55.19,52.0,53.6,1.0,35.0,0.20758849060058593,True,PUT,2026-12-18,JPM
JPM261218P00360000,360.0,62.83,59.0,61.1,2.0,33.0,0.20111882873535153,True,PUT,2026-12-18,JPM
JPM261218P00370000,370.0,71.47,67.05,70.35,1.0,9.0,0.2109911665344238,True,PUT,2026-12-18,JPM
JPM261218P00380000,380.0,71.2,75.55,78.75,2.0,5.0,0.2066119378662109,True,PUT,2026-12-18,JPM
JPM261218P00390000,390.0,67.45,84.6,87.85,2.0,5.0,0.20829038787841792,True,PUT,2026-12-18,JPM
JPM270115C00220000,220.0,88.75,91.5,94.8,1.0,1699.0,0.3685976226806641,True,CALL,2027-01-15,JPM
JPM270115C00230000,230.0,81.26,83.05,86.2,1.0,220.0,0.35333898620605464,True,CALL,2027-01-15,JPM
JPM270115C00240000,240.0,76.5,75.6,78.4,51.0,2032.0,0.34599958206176756,True,CALL,2027-01-15,JPM
JPM270115C00250000,250.0,69.93,67.4,70.55,1.0,790.0,0.3347234497070312,True,CALL,2027-01-15,JPM
JPM270115C00260000,260.0,58.33,60.1,63.0,4.0,720.0,0.3238440419006347,True,CALL,2027-01-15,JPM
JPM270115C00270000,270.0,53.75,53.7,55.9,10.0,1217.0,0.3144904977416991,True,CALL,2027-01-15,JPM
JPM270115C00280000,280.0,46.82,46.5,49.0,1.0,856.0,0.30383996948242187,True,CALL,2027-01-15,JPM
JPM270115C00290000,290.0,41.0,40.7,43.05,1.0,591.0,0.29845367080688473,True,CALL,2027-01-15,JPM
JPM270115C00300000,300.0,36.0,35.25,36.6,53.0,4256.0,0.28519391571044916,True,CALL,2027-01-15,JPM
JPM270115C00310000,310.0,31.0,30.3,31.85,14.0,1161.0,0.28285934432983395,False,CALL,2027-01-15,JPM
JPM270115C00320000,320.0,25.9,24.85,26.45,28.0,2310.0,0.2713543324279785,False,CALL,2027-01-15,JPM
JPM270115C00330000,330.0,21.75,21.5,21.95,9.0,2003.0,0.26357242782592777,False,CALL,2027-01-15,JPM
JPM270115C00340000,340.0,18.0,17.4,18.55,3.0,1346.0,0.2613294082641602,False,CALL,2027-01-15,JPM
JPM270115C00350000,350.0,15.07,14.45,15.35,53.0,1793.0,0.25716380050659177,False,CALL,2027-01-15,JPM
JPM270115C00360000,360.0,12.0,11.9,12.25,13.0,1986.0,0.2500532759094238,False,CALL,2027-01-15,JPM
JPM270115C00370000,370.0,9.44,9.6,10.05,5.0,1066.0,0.2478712908935547,False,CALL,2027-01-15,JPM
JPM270115C00380000,380.0,7.66,7.75,8.05,1.0,679.0,0.2442549940490723,False,CALL,2027-01-15,JPM
JPM270115C00390000,390.0,6.11,6.0,6.5,4.0,1085.0,0.24231714721679687,False,CALL,2027-01-15,JPM
JPM270115P00220000,220.0,5.7,5.3,5.65,10.0,836.0,0.31098101135253897,False,PUT,2027-01-15,JPM
JPM270115P00230000,230.0,6.69,6.5,7.0,3.0,1525.0,0.30142910491943364,False,PUT,2027-01-15,JPM
JPM270115P00240000,240.0,8.6,8.1,8.4,16.0,1451.0,0.2893137475585937,False,PUT,2027-01-15,JPM
JPM270115P00250000,250.0,10.55,9.9,10.35,13.0,2437.0,0.2811808943176269,False,PUT,2027-01-15,JPM
JPM270115P00260000,260.0,12.45,12.25,12.55,20.0,1020.0,0.272193557434082,False,PUT,2027-01-15,JPM
JPM270115P00270000,270.0,14.69,14.5,15.4,5.0,3448.0,0.2662121719360352,False,PUT,2027-01-15,JPM
JPM270115P00280000,280.0,17.87,17.85,19.2,1.0,3042.0,0.2650677742004394,False,PUT,2027-01-15,JPM
JPM270115P00290000,290.0,21.83,21.35,22.55,4.0,1318.0,0.25536328140258796,False,PUT,2027-01-15,JPM
JPM270115P00300000,300.0,25.7,25.3,25.9,22.0,1121.0,0.24184412948608397,False,PUT,2027-01-15,JPM
JPM270115P00310000,310.0,32.05,29.85,30.55,12.0,1447.0,0.23525239852905272,True,PUT,2027-01-15,JPM
JPM270115P00320000,320.0,35.95,35.0,36.0,6.0,2327.0,0.23088842849731445,True,PUT,2027-01-15,JPM
JPM270115P00330000,330.0,42.68,40.55,41.65,3.0,219.0,0.22364057617187497,True,PUT,2027-01-15,JPM
JPM270115P00340000,340.0,48.0,46.75,47.65,10.0,168.0,0.21454642883300779,True,PUT,2027-01-15,JPM
JPM270115P00350000,350.0,56.85,53.35,54.95,2.0,348.0,0.21244073699951171,True,PUT,2027-01-15,JPM
JPM270115P00360000,360.0,63.0,60.15,63.05,1.0,49.0,0.2141039283752441,True,PUT,2027-01-15,JPM
JPM270115P00370000,370.0,72.09,68.0,69.85,1.0,45.0,0.19631235824584958,True,PUT,2027-01-15,JPM
JPM270115P00380000,380.0,73.05,76.1,79.5,2.0,14.0,0.20850400878906244,True,PUT,2027-01-15,JPM
JPM270115P00390000,390.0,63.75,85.0,87.65,2.0,10.0,0.1966327896118164,True,PUT,2027-01-15,JPM
JPM270617C00220000,220.0,95.41,95.0,99.0,2.0,15.0,0.3577945080566406,True,CALL,2027-06-17,JPM
JPM270617C00230000,230.0,86.2,87.0,90.95,1.0,32.0,0.3466251861572265,True,CALL,2027-06-17,JPM
JPM270617C00240000,240.0,78.1,79.5,83.5,1.0,236.0,0.3394231097412109,True,CALL,2027-06-17,JPM
JPM270617C00250000,250.0,74.0,72.75,75.95,1.0,34.0,0.3289709437561034,True,CALL,2027-06-17,JPM
JPM270617C00255000,255.0,71.35,69.25,72.45,2.0,9.0,0.3254004228210449,True,CALL,2027-06-17,JPM
JPM270617C00260000,260.0,67.1,66.05,69.0,1.0,31.0,0.32166205688476557,True,CALL,2027-06-17,JPM
JPM270617C00265000,265.0,59.54,63.4,65.5,1.0,3.0,0.3169166209411621,True,CALL,2027-06-17,JPM
JPM270617C00270000,270.0,57.0,59.7,62.35,1.0,35.0,0.3144294631958008,True,CALL,2027-06-17,JPM
JPM270617C00275000,275.0,54.0,55.9,58.45,2.0,32.0,0.3054573849487304,True,CALL,2027-06-17,JPM
JPM270617C00280000,280.0,50.05,53.75,55.8,1.0,185.0,0.305671005859375,True,CALL,2027-06-17,JPM
JPM270617C00285000,285.0,46.91,50.0,53.0,80.0,57.0,0.3040078144836425,True,CALL,2027-06-17,JPM
JPM270617C00290000,290.0,45.35,47.5,49.65,4.0,559.0,0.29764496307373034,True,CALL,2027-06-17,JPM
JPM270617C00295000,295.0,46.2,45.1,46.5,10.0,65.0,0.2922128884887695,True,CALL,2027-06-17,JPM
JPM270617C00300000,300.0,39.79,42.55,43.5,3.0,679.0,0.28729960754394523,True,CALL,2027-06-17,JPM
JPM270617C00305000,305.0,38.15,39.4,40.75,2.0,179.0,0.28357650024414055,True,CALL,2027-06-17,JPM
JPM270617C00310000,310.0,37.23,36.15,39.05,8.0,805.0,0.2866282275390625,False,CALL,2027-06-17,JPM
JPM270617C00315000,315.0,32.0,34.65,35.85,10.0,457.0,0.2784801156616211,False,CALL,2027-06-17,JPM
JPM270617C00320000,320.0,30.65,32.65,33.55,4.0,674.0,0.2760311045074463,False,CALL,2027-06-17,JPM
JPM270617C00330000,330.0,25.59,28.4,30.15,12.0,107.0,0.27761037338256833,False,CALL,2027-06-17,JPM
JPM270617C00340000,340.0,24.9,24.5,25.35,1.0,182.0,0.26688355194091795,False,CALL,2027-06-17,JPM
JPM270617C00350000,350.0,19.7,20.45,21.85,4.0,152.0,0.2627942373657227,False,CALL,2027-06-17,JPM
JPM270617C00360000,360.0,16.2,17.55,18.65,6.0,316.0,0.25841500869750983,False,CALL,2027-06-17,JPM
JPM270617C00370000,370.0,15.0,15.5,15.95,4.0,104.0,0.25534802276611335,False,CALL,2027-06-17,JPM
JPM270617C00380000,380.0,12.86,12.4,13.6,1.0,44.0,0.25270827865600587,False,CALL,2027-06-17,JPM
JPM270617C00390000,390.0,10.0,10.85,11.85,5.0,89.0,0.2529218995666504,False,CALL,2027-06-17,JPM
JPM270617P00220000,220.0,8.14,7.9,8.3,1.0,150.0,0.2963022030639648,False,PUT,2027-06-17,JPM
JPM270617P00230000,230.0,10.45,9.45,9.9,1.0,307.0,0.2870402107238769,False,PUT,2027-06-17,JPM
JPM270617P00240000,240.0,12.3,11.6,11.9,2.0,74.0,0.27965503067016595,False,PUT,2027-06-17,JPM
JPM270617P00250000,250.0,13.8,13.85,14.15,8.0,422.0,0.27201045379638666,False,PUT,2027-06-17,JPM
JPM270617P00255000,255.0,16.0,15.0,16.45,2.0,132.0,0.2778392529296875,False,PUT,2027-06-17,JPM
JPM270617P00260000,260.0,17.3,16.3,16.65,10.0,201.0,0.2639386351013184,False,PUT,2027-06-17,JPM
JPM270617P00265000,265.0,18.6,17.8,18.25,35.0,390.0,0.26187871917724614,False,PUT,2027-06-17,JPM
JPM270617P00270000,270.0,19.1,19.3,19.8,1.0,156.0,0.2586133709716797,False,PUT,2027-06-17,JPM
JPM270617P00275000,275.0,21.85,19.75,21.8,10.0,262.0,0.25818612915039063,False,PUT,2027-06-17,JPM
JPM270617P00280000,280.0,24.0,22.55,23.0,2.0,185.0,0.2507246559143066,False,PUT,2027-06-17,JPM
JPM270617P00285000,285.0,26.63,24.05,24.95,15.0,157.0,0.24838245521545413,False,PUT,2027-06-17,JPM
JPM270617P00290000,290.0,27.85,26.3,26.75,72.0,1057.0,0.24416344223022463,False,PUT,2027-06-17,JPM
JPM270617P00295000,295.0,29.95,27.15,28.7,6.0,85.0,0.24032589515686034,False,PUT,2027-06-17,JPM
JPM270617P00300000,300.0,32.2,30.45,30.85,102.0,372.0,0.2371826160430908,False,PUT,2027-06-17,JPM
JPM270617P00305000,305.0,34.55,32.15,33.1,2.0,210.0,0.23398593170166015,False,PUT,2027-06-17,JPM
JPM270617P00310000,310.0,37.1,34.5,35.65,76.0,475.0,0.23210911941528317,True,PUT,2027-06-17,JPM
JPM270617P00315000,315.0,39.05,37.05,39.35,54.0,63.0,0.2374801594543457,True,PUT,2027-06-17,JPM
JPM270617P00320000,320.0,40.3,39.9,41.4,2.0,487.0,0.23055273849487307,True,PUT,2027-06-17,JPM
JPM270617P00330000,330.0,47.65,44.2,46.15,70.0,78.0,0.21881884704589843,True,PUT,2027-06-17,JPM
JPM270617P00340000,340.0,54.65,50.95,52.2,35.0,57.0,0.2129137547302246,True,PUT,2027-06-17,JPM
JPM270617P00350000,350.0,60.8,57.25,59.35,3.0,39.0,0.21189142608642575,True,PUT,2027-06-17,JPM
JPM270617P00360000,360.0,61.62,63.45,66.9,20.0,59.0,0.21103694244384763,True,PUT,2027-06-17,JPM
JPM270617P00370000,370.0,63.58,70.5,74.5,20.0,82.0,0.20766478378295894,True,PUT,2027-06-17,JPM
JPM270617P00380000,380.0,75.41,78.5,82.5,2.0,16.0,0.20473512557983392,True,PUT,2027-06-17,JPM
JPM270617P00390000,390.0,71.4,86.6,90.2,2.0,11.0,0.1952137364196777,True,PUT,2027-06-17,JPM
JPM271217C00220000,220.0,100.8,99.2,102.4,1.0,132.0,0.3388127642822265,True,CALL,2027-12-17,JPM
JPM271217C00230000,230.0,88.0,92.6,95.5,13.0,83.0,0.33666129653930665,True,CALL,2027-12-17,JPM
JPM271217C00240000,240.0,92.91,84.95,88.5,3.0,89.0,0.33124448059082034,True,CALL,2027-12-17,JPM
JPM271217C00250000,250.0,74.9,78.0,82.0,2.0,128.0,0.3276587010192871,True,CALL,2027-12-17,JPM
JPM271217C00260000,260.0,73.65,71.85,74.5,2.0,93.0,0.3149177395629882,True,CALL,2027-12-17,JPM
JPM271217C00270000,270.0,67.45,65.1,68.55,2.0,117.0,0.31154558090209955,True,CALL,2027-12-17,JPM
JPM271217C00280000,280.0,57.65,60.15,62.75,2.0,246.0,0.3071816108703613,True,CALL,2027-12-17,JPM
JPM271217C00290000,290.0,52.15,54.75,56.3,1.0,158.0,0.2968896605682373,True,CALL,2027-12-17,JPM
JPM271217C00300000,300.0,47.0,49.55,50.75,1.0,449.0,0.2906336196136474,True,CALL,2027-12-17,JPM
JPM271217C00310000,310.0,41.99,44.6,45.55,1.0,154.0,0.2847590445709228,False,CALL,2027-12-17,JPM
JPM271217C00320000,320.0,40.03,40.3,41.65,8.0,211.0,0.2849192602539062,False,CALL,2027-12-17,JPM
JPM271217C00330000,330.0,36.68,35.75,36.65,2.0,101.0,0.2766795965576171,False,CALL,2027-12-17,JPM
JPM271217C00340000,340.0,32.65,31.45,33.6,10.0,188.0,0.2783733052062988,False,CALL,2027-12-17,JPM
JPM271217C00350000,350.0,28.7,28.5,29.05,5.0,472.0,0.26930967514038084,False,CALL,2027-12-17,JPM
JPM271217C00360000,360.0,25.0,24.05,25.7,4.0,139.0,0.2657696714782715,False,CALL,2027-12-17,JPM
JPM271217C00370000,370.0,21.4,21.05,24.1,40.0,81.0,0.271567953338623,False,CALL,2027-12-17,JPM
JPM271217C00380000,380.0,19.46,18.65,20.15,2.0,103.0,0.26091742507934573,False,CALL,2027-12-17,JPM
JPM271217C00390000,390.0,16.48,16.95,18.15,10.0,136.0,0.2612683737182617,False,CALL,2027-12-17,JPM
JPM271217P00220000,220.0,12.51,11.2,11.65,1.0,897.0,0.28934426483154285,False,PUT,2027-12-17,JPM
JPM271217P00230000,230.0,13.2,13.1,14.7,1.0,107.0,0.2912973703002929,False,PUT,2027-12-17,JPM
JPM271217P00240000,240.0,16.59,15.35,16.1,15.0,373.0,0.2759776992797851,False,PUT,2027-12-17,JPM
JPM271217P00250000,250.0,19.0,18.05,18.5,19.0,240.0,0.26769225967407223,False,PUT,2027-12-17,JPM
JPM271217P00260000,260.0,22.5,20.9,21.4,17.0,221.0,0.2612531150817871,False,PUT,2027-12-17,JPM
JPM271217P00270000,270.0,25.5,23.85,24.5,2.0,85.0,0.2541578491210938,False,PUT,2027-12-17,JPM
JPM271217P00280000,280.0,27.72,27.3,28.15,1.0,52.0,0.2486723693084717,False,PUT,2027-12-17,JPM
JPM271217P00290000,290.0,31.52,31.25,32.0,1.0,175.0,0.24230188858032226,False,PUT,2027-12-17,JPM
JPM271217P00300000,300.0,37.55,35.45,36.15,2.0,356.0,0.23564149375915525,False,PUT,2027-12-17,JPM
JPM271217P00310000,310.0,42.25,39.8,40.9,2.0,631.0,0.23043829872131347,True,PUT,2027-12-17,JPM
JPM271217P00320000,320.0,45.2,44.75,45.5,3.0,105.0,0.22208419525146478,True,PUT,2027-12-17,JPM
JPM271217P00330000,330.0,50.85,50.25,52.05,1.0,260.0,0.22310652389526364,True,PUT,2027-12-17,JPM
JPM271217P00340000,340.0,58.35,56.0,57.05,2.0,56.0,0.21245599563598633,True,PUT,2027-12-17,JPM
JPM271217P00350000,350.0,65.2,61.95,63.95,2.0,159.0,0.21105220108032224,True,PUT,2027-12-17,JPM
JPM271217P00360000,360.0,71.75,68.6,70.55,10.0,42.0,0.20543702285766602,True,PUT,2027-12-17,JPM
JPM271217P00370000,370.0,66.25,75.25,76.75,2.0,38.0,0.19432873550415042,True,PUT,2027-12-17,JPM
JPM271217P00380000,380.0,72.9,81.5,84.95,300.0,306.0,0.19464916687011719,True,PUT,2027-12-17,JPM
JPM271217P00390000,390.0,83.2,73.05,0.0,10.0,6.0,1.0000000000000003e-05,True,PUT,2027-12-17,JPM
JPM280121C00220000,220.0,102.22,101.5,103.15,8.0,110.0,0.3372563833618164,True,CALL,2028-01-21,JPM
JPM280121C00230000,230.0,91.07,94.1,96.5,6.0,42.0,0.3366918138122559,True,CALL,2028-01-21,JPM
JPM280121C00240000,240.0,81.75,87.1,89.5,7.0,91.0,0.3308782733154296,True,CALL,2028-01-21,JPM
JPM280121C00250000,250.0,76.5,80.55,83.0,3.0,69.0,0.32691102783203124,True,CALL,2028-01-21,JPM
JPM280121C00260000,260.0,70.0,74.0,75.35,1.0,35.0,0.31308670318603515,True,CALL,2028-01-21,JPM
JPM280121C00270000,270.0,70.2,67.85,69.95,12.0,20.0,0.3131629963684082,True,CALL,2028-01-21,JPM
JPM280121C00280000,280.0,57.45,62.0,63.35,21.0,58.0,0.3034737622070312,True,CALL,2028-01-21,JPM
JPM280121C00290000,290.0,52.9,56.4,57.25,4.0,481.0,0.2954629780578613,True,CALL,2028-01-21,JPM
JPM280121C00300000,300.0,51.03,51.05,52.6,8.0,311.0,0.2946237530517578,True,CALL,2028-01-21,JPM
JPM280121C00310000,310.0,46.48,46.45,48.0,2.0,911.0,0.292251035079956,False,CALL,2028-01-21,JPM
JPM280121C00320000,320.0,41.45,41.7,43.15,5.0,2018.0,0.2866968914031982,False,CALL,2028-01-21,JPM
JPM280121C00330000,330.0,35.4,36.75,38.25,51.0,322.0,0.2792201595306396,False,CALL,2028-01-21,JPM
JPM280121C00340000,340.0,31.0,33.05,34.25,1.0,118.0,0.27533683654785157,False,CALL,2028-01-21,JPM
JPM280121C00350000,350.0,27.43,29.1,30.65,16.0,157.0,0.2721782987976074,False,CALL,2028-01-21,JPM
JPM280121C00360000,360.0,27.6,26.35,27.2,1.0,72.0,0.26828734649658204,False,CALL,2028-01-21,JPM
JPM280121C00370000,370.0,21.55,22.75,25.45,14.0,19.0,0.2731853688049316,False,CALL,2028-01-21,JPM
JPM280121C00380000,380.0,20.45,20.75,21.4,3.0,115.0,0.2624585473632813,False,CALL,2028-01-21,JPM
JPM280121C00390000,390.0,17.08,18.35,19.7,1.0,67.0,0.26500673965454097,False,CALL,2028-01-21,JPM
JPM280121P00220000,220.0,12.96,11.75,12.35,1.0,630.0,0.28911538528442376,False,PUT,2028-01-21,JPM
JPM280121P00230000,230.0,14.7,13.95,14.5,1.0,46.0,0.2823863265991211,False,PUT,2028-01-21,JPM
JPM280121P00240000,240.0,18.05,16.1,17.15,16.0,254.0,0.27779347702026363,False,PUT,2028-01-21,JPM
JPM280121P00250000,250.0,19.75,18.45,19.55,13.0,499.0,0.26910368354797365,False,PUT,2028-01-21,JPM
JPM280121P00260000,260.0,22.87,21.8,22.55,2.0,282.0,0.2630231169128418,False,PUT,2028-01-21,JPM
JPM280121P00270000,270.0,26.4,24.05,25.65,1.0,346.0,0.2556379368591309,False,PUT,2028-01-21,JPM
JPM280121P00280000,280.0,30.15,28.5,29.15,2.0,201.0,0.24896991271972657,False,PUT,2028-01-21,JPM
JPM280121P00290000,290.0,33.7,32.35,32.9,2.0,163.0,0.2418899053955078,False,PUT,2028-01-21,JPM
JPM280121P00300000,300.0,38.15,35.65,37.35,5.0,665.0,0.23704528831481933,False,PUT,2028-01-21,JPM
JPM280121P00310000,310.0,42.75,40.4,42.0,8.0,125.0,0.2312546357727051,True,PUT,2028-01-21,JPM
JPM280121P00320000,320.0,47.4,45.95,47.2,1.0,190.0,0.22656260505676268,True,PUT,2028-01-21,JPM
JPM280121P00330000,330.0,51.85,51.0,52.95,26.0,179.0,0.22291579093933103,True,PUT,2028-01-21,JPM
JPM280121P00340000,340.0,57.61,56.15,58.2,20.0,204.0,0.21411918701171873,True,PUT,2028-01-21,JPM
JPM280121P00350000,350.0,63.75,62.2,65.3,1.0,63.0,0.21414970428466795,True,PUT,2028-01-21,JPM
JPM280121P00360000,360.0,70.23,69.5,71.8,2.0,319.0,0.20839719833374015,True,PUT,2028-01-21,JPM
JPM280121P00370000,370.0,76.9,75.0,78.35,2.0,43.0,0.20047796600341794,True,PUT,2028-01-21,JPM
JPM280121P00380000,380.0,87.2,82.95,85.5,2.0,19.0,0.19391675231933597,True,PUT,2028-01-21,JPM
JPM280121P00390000,390.0,94.95,90.05,93.4,2.0,60.0,0.1902699382019043,True,PUT,2028-01-21,JPM
JPM281215C00220000,220.0,106.16,106.5,110.0,1.0,2.0,0.3289556851196288,True,CALL,2028-12-15,JPM
JPM281215C00230000,230.0,101.5,99.5,103.5,8.0,3.0,0.32605654418945307,True,CALL,2028-12-15,JPM
JPM281215C00240000,240.0,90.94,93.35,97.0,2.0,18.0,0.3215857637023925,True,CALL,2028-12-15,JPM
JPM281215C00250000,250.0,88.0,87.0,89.75,1.0,29.0,0.3113472186279296,True,CALL,2028-12-15,JPM
JPM281215C00260000,260.0,77.85,81.0,85.0,6.0,16.0,0.31453627365112297,True,CALL,2028-12-15,JPM
JPM281215C00270000,270.0,73.0,76.3,78.35,1.0,22.0,0.3055184194946289,True,CALL,2028-12-15,JPM
JPM281215C00280000,280.0,71.48,70.25,72.9,3.0,8.0,0.30195552787780766,True,CALL,2028-12-15,JPM
JPM281215C00290000,290.0,63.0,64.5,68.45,1.0,18.0,0.3023293644714356,True,CALL,2028-12-15,JPM
JPM281215C00300000,300.0,60.2,60.4,62.2,22.0,249.0,0.2922815523529051,True,CALL,2028-12-15,JPM
JPM281215C00310000,310.0,56.85,55.65,58.45,7.0,138.0,0.2937082348632812,False,CALL,2028-12-15,JPM
JPM281215C00320000,320.0,52.08,51.65,53.15,8.0,87.0,0.2862925375366211,False,CALL,2028-12-15,JPM
JPM281215C00330000,330.0,46.7,46.6,50.2,6.0,66.0,0.2892527130126953,False,CALL,2028-12-15,JPM
JPM281215C00340000,340.0,41.64,43.95,45.75,2.0,115.0,0.2838206384277343,False,CALL,2028-12-15,JPM
JPM281215C00350000,350.0,38.5,39.05,42.6,1.0,80.0,0.2836451641082762,False,CALL,2028-12-15,JPM
JPM281215C00360000,360.0,37.02,36.5,38.6,52.0,47.0,0.278327529296875,False,CALL,2028-12-15,JPM
JPM281215C00370000,370.0,34.4,33.55,35.65,3.0,4.0,0.2771220970153808,False,CALL,2028-12-15,JPM
JPM281215C00380000,380.0,30.2,31.05,31.75,8.0,10.0,0.2702404519653321,False,CALL,2028-12-15,JPM
JPM281215C00390000,390.0,26.3,26.75,29.3,4.0,10.0,0.2695843305969238,False,CALL,2028-12-15,JPM
JPM281215P00220000,220.0,16.1,15.8,17.65,10.0,264.0,0.2806010661315917,False,PUT,2028-12-15,JPM
JPM281215P00230000,230.0,19.0,18.8,20.55,5.0,6.0,0.27698476928710936,False,PUT,2028-12-15,JPM
JPM281215P00240000,240.0,22.77,21.4,22.25,4.0,19.0,0.2639386351013184,False,PUT,2028-12-15,JPM
JPM281215P00250000,250.0,24.95,24.45,25.35,8.0,40.0,0.2588727677917481,False,PUT,2028-12-15,JPM
JPM281215P00260000,260.0,28.0,27.55,28.4,1.0,2.0,0.25205215728759767,False,PUT,2028-12-15,JPM
JPM281215P00270000,270.0,32.8,30.9,32.2,1.0,28.0,0.24810017044067384,False,PUT,2028-12-15,JPM
JPM281215P00280000,280.0,35.0,34.65,35.7,2.0,15.0,0.2410506803894043,False,PUT,2028-12-15,JPM
JPM281215P00290000,290.0,41.09,38.5,39.85,1.0,12.0,0.23603058898925777,False,PUT,2028-12-15,JPM
JPM281215P00300000,300.0,45.42,42.85,44.05,5.0,33.0,0.22985084121704102,False,PUT,2028-12-15,JPM
JPM281215P00310000,310.0,47.68,47.45,48.7,1.0,26.0,0.2244721718597412,True,PUT,2028-12-15,JPM
JPM281215P00320000,320.0,55.17,52.4,55.05,2.0,5.0,0.22588359573364258,True,PUT,2028-12-15,JPM
JPM281215P00330000,330.0,61.28,57.4,60.5,7.0,10.0,0.22142807388305663,True,PUT,2028-12-15,JPM
JPM281215P00360000,360.0,64.5,73.6,76.65,,1.0,0.1979297737121582,True,PUT,2028-12-15,JPM
JPM281215P00380000,380.0,88.88,88.25,91.5,,7.0,0.19509166732788086,True,PUT,2028-12-15,JPM
JPM281215P00390000,390.0,98.5,95.25,98.5,2.0,2.0,0.18904924728393557,True,PUT,2028-12-15,JPM
KDP260220C00023000,23.0,4.67,1.9,4.9,,2.0,0.999023447265625,True,CALL,2026-02-20,KDP
KDP260220C00024000,24.0,3.6,2.2,4.4,2.0,0.0,0.55273884765625,True,CALL,2026-02-20,KDP
KDP260220C00025000,25.0,2.05,1.8,2.25,10.0,36.0,0.401373173828125,True,CALL,2026-02-20,KDP
KDP260220C00026000,26.0,0.95,1.0,1.2,11.0,49.0,0.24951922363281248,True,CALL,2026-02-20,KDP
KDP260220C00027000,27.0,0.5,0.55,0.6,71.0,2673.0,0.242195078125,False,CALL,2026-02-20,KDP
KDP260220C00028000,28.0,0.2,0.15,0.25,42.0,778.0,0.241218525390625,False,CALL,2026-02-20,KDP
KDP260220C00029000,29.0,0.07,0.05,0.1,43.0,13620.0,0.25196060546875,False,CALL,2026-02-20,KDP
KDP260220C00030000,30.0,0.03,0.0,0.05,30.0,314.0,0.27735097656249996,False,CALL,2026-02-20,KDP
KDP260220C00031000,31.0,0.03,0.0,0.05,5.0,1132.0,0.34180345703125,False,CALL,2026-02-20,KDP
KDP260220C00032000,32.0,0.03,0.0,0.1,1.0,289.0,0.46289599609375004,False,CALL,2026-02-20,KDP
KDP260220C00033000,33.0,0.1,0.0,0.35,1.0,14.0,0.59570716796875,False,CALL,2026-02-20,KDP
KDP260220C00034000,34.0,0.22,0.0,0.15,2.0,13.0,0.5468795312500001,False,CALL,2026-02-20,KDP
KDP260220P00020000,20.0,0.03,0.0,0.05,2.0,3.0,0.57812921875,False,PUT,2026-02-20,KDP
KDP260220P00021000,21.0,0.05,0.0,0.0,,28.0,0.2500075,False,PUT,2026-02-20,KDP
KDP260220P00022000,22.0,0.01,0.0,0.25,2.0,5.0,0.56836369140625,False,PUT,2026-02-20,KDP
KDP260220P00023000,23.0,0.25,0.0,0.0,1.0,3.0,0.12500875,False,PUT,2026-02-20,KDP
KDP260220P00024000,24.0,0.1,0.0,0.1,6.0,2580.0,0.34766277343749996,False,PUT,2026-02-20,KDP
KDP260220P00025000,25.0,0.13,0.05,0.15,2.0,706.0,0.28516339843749994,False,PUT,2026-02-20,KDP
KDP260220P00026000,26.0,0.3,0.25,0.3,16.0,1547.0,0.2461012890625,False,PUT,2026-02-20,KDP
KDP260220P00027000,27.0,0.7,0.65,0.75,53.0,1101.0,0.2573316455078125,True,PUT,2026-02-20,KDP
KDP260220P00028000,28.0,1.36,1.1,1.6,2.0,631.0,0.3437565625,True,PUT,2026-02-20,KDP
KDP260220P00029000,29.0,2.12,1.95,2.7,12.0,38.0,0.5009815527343751,True,PUT,2026-02-20,KDP
KDP260220P00030000,30.0,2.92,2.0,3.9,21.0,17.0,0.692385888671875,True,PUT,2026-02-20,KDP
KDP260220P00031000,31.0,3.2,2.2,6.2,1.0,1.0,1.3183627832031248,True,PUT,2026-02-20,KDP
KDP260220P00032000,32.0,3.96,3.1,7.2,2.0,1.0,1.4204130541992188,True,PUT,2026-02-20,KDP
KDP260320C00020000,20.0,6.99,0.0,0.0,1.0,4.0,1.0000000000000003e-05,True,CALL,2026-03-20,KDP
KDP260320C00022000,22.0,6.65,5.3,7.7,3.0,33.0,0.9765627343750001,True,CALL,2026-03-20,KDP
KDP260320C00023000,23.0,3.81,0.0,0.0,1.0,33.0,1.0000000000000003e-05,True,CALL,2026-03-20,KDP
KDP260320C00024000,24.0,4.5,1.9,4.5,3.0,4.0,0.7465845654296875,True,CALL,2026-03-20,KDP
KDP260320C00025000,25.0,2.5,2.25,2.45,33.0,789.0,0.33350275878906255,True,CALL,2026-03-20,KDP
KDP260320C00026000,26.0,1.65,1.55,1.7,16.0,784.0,0.304694453125,True,CALL,2026-03-20,KDP
KDP260320C00027000,27.0,1.1,1.0,1.15,36.0,2500.0,0.299811689453125,False,CALL,2026-03-20,KDP
KDP260320C00028000,28.0,0.7,0.6,0.7,41.0,1433.0,0.2866282275390625,False,CALL,2026-03-20,KDP
KDP260320C00029000,29.0,0.43,0.35,0.45,32.0,1545.0,0.29444064941406245,False,CALL,2026-03-20,KDP
KDP260320C00030000,30.0,0.12,0.15,0.3,23.0,9354.0,0.3086006640625,False,CALL,2026-03-20,KDP
KDP260320C00031000,31.0,0.12,0.05,0.45,32.0,2688.0,0.41992767578125,False,CALL,2026-03-20,KDP
KDP260320C00032000,32.0,0.09,0.05,0.2,11.0,1677.0,0.36914693359375,False,CALL,2026-03-20,KDP
KDP260320C00033000,33.0,0.1,0.05,0.2,1.0,570.0,0.414068359375,False,CALL,2026-03-20,KDP
KDP260320C00034000,34.0,0.07,0.0,0.2,15.0,1301.0,0.45703667968750006,False,CALL,2026-03-20,KDP
KDP260320P00020000,20.0,0.05,0.0,1.0,3.0,95.0,0.7587914746093751,False,PUT,2026-03-20,KDP
KDP260320P00021000,21.0,0.2,0.0,0.0,60.0,172.0,0.12500875,False,PUT,2026-03-20,KDP
KDP260320P00022000,22.0,0.2,0.0,0.45,1.0,335.0,0.5566450585937501,False,PUT,2026-03-20,KDP
KDP260320P00023000,23.0,0.16,0.1,0.3,509.0,890.0,0.40772076660156253,False,PUT,2026-03-20,KDP
KDP260320P00024000,24.0,0.25,0.2,0.3,5.0,615.0,0.32910827148437494,False,PUT,2026-03-20,KDP
KDP260320P00025000,25.0,0.38,0.35,0.45,2.0,1284.0,0.299811689453125,False,PUT,2026-03-20,KDP
KDP260320P00026000,26.0,0.75,0.65,0.75,461.0,7779.0,0.28955788574218744,False,PUT,2026-03-20,KDP
KDP260320P00027000,27.0,1.15,1.1,1.2,15.0,2222.0,0.28516339843749994,True,PUT,2026-03-20,KDP
KDP260320P00028000,28.0,1.3,1.65,1.85,90.0,883.0,0.2973703076171874,True,PUT,2026-03-20,KDP
KDP260320P00029000,29.0,2.56,2.3,2.6,11.0,345.0,0.30713583496093744,True,PUT,2026-03-20,KDP
KDP260320P00030000,30.0,3.31,2.75,3.6,1.0,565.0,0.37402969726562496,True,PUT,2026-03-20,KDP
KDP260320P00031000,31.0,3.49,3.7,4.9,1.0,26.0,0.5302781347656251,True,PUT,2026-03-20,KDP
KDP260320P00032000,32.0,4.2,3.1,7.1,45.0,259.0,0.92773509765625,True,PUT,2026-03-20,KDP
KDP260320P00033000,33.0,5.22,4.2,8.3,1.0,0.0,1.0444383715820313,True,PUT,2026-03-20,KDP
KDP260320P00034000,34.0,6.15,0.0,0.0,2.0,2.0,1.0000000000000003e-05,True,PUT,2026-03-20,KDP
KDP260417C00022000,22.0,7.0,3.0,6.4,2.0,22.0,0.7583031982421876,True,CALL,2026-04-17,KDP
KDP260417C00023000,23.0,5.28,2.5,6.2,6.0,127.0,0.86132951171875,True,CALL,2026-04-17,KDP
KDP260417C00024000,24.0,3.4,0.0,0.0,1.0,75.0,1.0000000000000003e-05,True,CALL,2026-04-17,KDP
KDP260417C00025000,25.0,3.24,2.35,2.55,2.0,119.0,0.2924875439453124,True,CALL,2026-04-17,KDP
KDP260417C00026000,26.0,2.7,1.6,1.85,8.0,289.0,0.27686270019531245,True,CALL,2026-04-17,KDP
KDP260417C00027000,27.0,1.25,1.15,1.3,10.0,307.0,0.27075924560546877,False,CALL,2026-04-17,KDP
KDP260417C00028000,28.0,0.75,0.75,0.9,6.0,1024.0,0.27197993652343744,False,CALL,2026-04-17,KDP
KDP260417C00029000,29.0,0.75,0.45,0.6,25.0,420.0,0.27246821289062495,False,CALL,2026-04-17,KDP
KDP260417C00030000,30.0,0.32,0.2,0.4,2.0,939.0,0.27637442382812494,False,CALL,2026-04-17,KDP
KDP260417C00031000,31.0,0.2,0.1,0.3,1.0,209.0,0.2924875439453124,False,CALL,2026-04-17,KDP
KDP260417C00032000,32.0,0.4,0.1,0.2,1.0,305.0,0.29688203124999996,False,CALL,2026-04-17,KDP
KDP260417C00033000,33.0,0.3,0.0,2.25,1.0,215.0,0.6020547607421877,False,CALL,2026-04-17,KDP
KDP260417C00034000,34.0,0.15,0.0,2.2,1.0,95.0,0.6401403173828125,False,CALL,2026-04-17,KDP
KDP260417P00020000,20.0,0.08,0.05,0.1,20.0,156.0,0.398443515625,False,PUT,2026-04-17,KDP
KDP260417P00021000,21.0,0.66,0.05,0.8,2.0,0.0,0.507817421875,False,PUT,2026-04-17,KDP
KDP260417P00022000,22.0,0.25,0.1,0.15,1.0,252.0,0.32129584960937496,False,PUT,2026-04-17,KDP
KDP260417P00023000,23.0,0.2,0.0,0.3,1.0,373.0,0.3276434423828125,False,PUT,2026-04-17,KDP
KDP260417P00024000,24.0,0.17,0.3,0.4,4.0,511.0,0.295905478515625,False,PUT,2026-04-17,KDP
KDP260417P00025000,25.0,0.55,0.45,0.6,1.0,564.0,0.278327529296875,False,PUT,2026-04-17,KDP
KDP260417P00026000,26.0,1.04,0.75,1.0,5.0,259.0,0.28565167480468745,False,PUT,2026-04-17,KDP
KDP260417P00027000,27.0,1.6,1.3,1.45,1.0,502.0,0.27930408203124996,True,PUT,2026-04-17,KDP
KDP260417P00028000,28.0,1.75,1.9,2.1,16.0,167.0,0.2910227148437499,True,PUT,2026-04-17,KDP
KDP260417P00029000,29.0,2.39,2.6,2.85,4.0,152.0,0.30445031494140623,True,PUT,2026-04-17,KDP
KDP260417P00030000,30.0,2.53,3.0,4.2,3.0,133.0,0.44116769775390624,True,PUT,2026-04-17,KDP
KDP260417P00031000,31.0,3.5,3.9,5.1,16.0,87.0,0.4733939379882813,True,PUT,2026-04-17,KDP
KDP260417P00032000,32.0,4.32,3.2,7.4,2.0,2.0,0.8081073876953124,True,PUT,2026-04-17,KDP
KDP260417P00033000,33.0,3.56,0.0,0.0,,1.0,1.0000000000000003e-05,True,PUT,2026-04-17,KDP
KDP260417P00034000,34.0,4.9,5.2,8.5,1.0,5.0,0.709963837890625,True,PUT,2026-04-17,KDP
KDP260618C00020000,20.0,8.95,5.2,8.7,12.0,15.0,0.7744163183593751,True,CALL,2026-06-18,KDP
KDP260618C00023000,23.0,4.4,4.2,4.6,10.0,16.0,0.34180345703125,True,CALL,2026-06-18,KDP
KDP260618C00025000,25.0,3.5,2.75,3.0,1.0,46.0,0.29688203124999996,True,CALL,2026-06-18,KDP
KDP260618C00026000,26.0,2.25,2.2,2.4,1.0,13.0,0.2934640966796874,True,CALL,2026-06-18,KDP
KDP260618C00027000,27.0,2.3,1.7,1.85,5.0,209.0,0.28516339843749994,False,CALL,2026-06-18,KDP
KDP260618C00028000,28.0,1.3,1.2,1.3,4.0,614.0,0.264655791015625,False,CALL,2026-06-18,KDP
KDP260618C00029000,29.0,0.95,0.9,0.95,24.0,66.0,0.26197027099609377,False,CALL,2026-06-18,KDP
KDP260618C00030000,30.0,0.7,0.6,0.7,30.0,1519.0,0.26343510009765625,False,CALL,2026-06-18,KDP
KDP260618C00031000,31.0,0.55,0.4,0.55,2.0,41.0,0.27295648925781246,False,CALL,2026-06-18,KDP
KDP260618C00032000,32.0,0.4,0.2,0.45,36.0,682.0,0.28565167480468745,False,CALL,2026-06-18,KDP
KDP260618C00033000,33.0,0.35,0.2,0.35,1.0,67.0,0.2919992675781249,False,CALL,2026-06-18,KDP
KDP260618C00034000,34.0,0.3,0.1,0.9,104.0,389.0,0.4414118359375,False,CALL,2026-06-18,KDP
KDP260618P00020000,20.0,0.35,0.0,0.0,12.0,103.0,0.12500875,False,PUT,2026-06-18,KDP
KDP260618P00023000,23.0,0.45,0.4,0.45,1.0,399.0,0.2836985693359374,False,PUT,2026-06-18,KDP
KDP260618P00024000,24.0,0.65,0.6,0.65,39.0,46.0,0.2739330419921875,False,PUT,2026-06-18,KDP
KDP260618P00025000,25.0,0.75,0.85,0.9,3.0,679.0,0.26148199462890626,False,PUT,2026-06-18,KDP
KDP260618P00026000,26.0,1.3,1.2,1.3,1.0,60.0,0.26099371826171874,False,PUT,2026-06-18,KDP
KDP260618P00027000,27.0,1.75,1.7,1.8,6.0,921.0,0.2617261328125,True,PUT,2026-06-18,KDP
KDP260618P00028000,28.0,2.3,2.3,2.45,5.0,1410.0,0.2712475219726562,True,PUT,2026-06-18,KDP
KDP260618P00029000,29.0,2.95,2.85,3.1,2.0,25.0,0.2688061401367187,True,PUT,2026-06-18,KDP
KDP260618P00030000,30.0,3.28,3.6,3.9,3.0,267.0,0.2797923583984374,True,PUT,2026-06-18,KDP
KDP260618P00031000,31.0,3.7,3.8,5.4,,8.0,0.4050352465820312,True,PUT,2026-06-18,KDP
KDP260618P00032000,32.0,5.1,4.9,6.1,36.0,130.0,0.3918517846679687,True,PUT,2026-06-18,KDP
KDP260618P00034000,34.0,6.22,5.3,9.2,1.0,2.0,0.6481968774414062,True,PUT,2026-06-18,KDP
KDP260717C00027000,27.0,2.6,1.55,1.95,15.0,30.0,0.273444765625,False,CALL,2026-07-17,KDP
KDP260717C00028000,28.0,1.5,1.1,1.5,1.0,40.0,0.2688061401367187,False,CALL,2026-07-17,KDP
KDP260717C00029000,29.0,1.15,0.85,1.2,50.0,3.0,0.27466545654296876,False,CALL,2026-07-17,KDP
KDP260717C00030000,30.0,0.8,0.7,0.85,37.0,31.0,0.26367923828125,False,CALL,2026-07-17,KDP
KDP260717C00031000,31.0,0.77,0.4,0.7,3.0,125.0,0.2749095947265625,False,CALL,2026-07-17,KDP
KDP260717C00032000,32.0,0.4,0.35,0.45,7.0,37.0,0.2602613037109375,False,CALL,2026-07-17,KDP
KDP260717C00033000,33.0,0.6,0.15,0.45,1.0,4.0,0.2880930566406249,False,CALL,2026-07-17,KDP
KDP260717C00034000,34.0,0.85,0.1,0.75,,0.0,0.37500625,False,CALL,2026-07-17,KDP
KDP260717P00019000,19.0,0.5,0.0,0.2,,5.0,0.36133451171875,False,PUT,2026-07-17,KDP
KDP260717P00020000,20.0,0.29,0.0,0.25,,1.0,0.33789724609375,False,PUT,2026-07-17,KDP
KDP260717P00021000,21.0,0.47,0.2,0.3,2.0,2.0,0.3100654931640625,False,PUT,2026-07-17,KDP
KDP260717P00022000,22.0,0.35,0.3,0.4,1.0,3.0,0.2929758203124999,False,PUT,2026-07-17,KDP
KDP260717P00023000,23.0,0.5,0.45,0.7,6.0,3.0,0.30982135498046875,False,PUT,2026-07-17,KDP
KDP260717P00025000,25.0,1.05,0.85,1.05,2.0,16.0,0.26148199462890626,False,PUT,2026-07-17,KDP
KDP260717P00026000,26.0,1.4,1.2,1.45,22.0,42.0,0.2590406127929688,False,PUT,2026-07-17,KDP
KDP260717P00027000,27.0,1.5,1.65,2.05,15.0,17.0,0.27246821289062495,True,PUT,2026-07-17,KDP
KDP260717P00028000,28.0,2.05,2.25,2.6,11.0,14.0,0.26782958740234375,True,PUT,2026-07-17,KDP
KDP260717P00030000,30.0,3.3,3.7,4.0,2.0,4.0,0.270515107421875,True,PUT,2026-07-17,KDP
KDP260717P00031000,31.0,4.22,4.1,5.3,,3.0,0.3537662280273437,True,PUT,2026-07-17,KDP
KDP260717P00032000,32.0,4.76,5.0,6.2,,30.0,0.37305314453125,True,PUT,2026-07-17,KDP
KDP260717P00034000,34.0,5.8,6.7,8.2,,60.0,0.43530838134765626,True,PUT,2026-07-17,KDP
KDP260918C00020000,20.0,8.44,6.0,8.1,20.0,56.0,0.4978077563476563,True,CALL,2026-09-18,KDP
KDP260918C00023000,23.0,6.19,0.0,5.8,1.0,54.0,0.445318046875,True,CALL,2026-09-18,KDP
KDP260918C00025000,25.0,3.1,3.0,3.5,1.0,144.0,0.29566134033203123,True,CALL,2026-09-18,KDP
KDP260918C00028000,28.0,2.05,1.4,1.9,3.0,640.0,0.27637442382812494,False,CALL,2026-09-18,KDP
KDP260918C00030000,30.0,1.1,0.95,1.25,1.0,2517.0,0.27686270019531245,False,CALL,2026-09-18,KDP
KDP260918C00032000,32.0,0.75,0.45,0.85,6.0,450.0,0.2846751220703124,False,CALL,2026-09-18,KDP
KDP260918P00020000,20.0,0.46,0.25,0.75,3.0,556.0,0.4096738720703125,False,PUT,2026-09-18,KDP
KDP260918P00023000,23.0,0.8,0.65,0.85,2.0,128.0,0.2890696093749999,False,PUT,2026-09-18,KDP
KDP260918P00025000,25.0,1.15,1.1,1.5,1.0,307.0,0.28174546386718746,False,PUT,2026-09-18,KDP
KDP260918P00028000,28.0,2.88,2.45,2.9,1.0,930.0,0.26392337646484376,True,PUT,2026-09-18,KDP
KDP260918P00030000,30.0,3.5,3.8,4.3,7.0,570.0,0.26978269287109374,True,PUT,2026-09-18,KDP
KDP260918P00032000,32.0,5.0,5.1,6.6,2.0,334.0,0.37134417724609375,True,PUT,2026-09-18,KDP
KDP261218C00023000,23.0,5.9,3.6,6.4,,48.0,0.44873598144531246,True,CALL,2026-12-18,KDP
KDP261218C00025000,25.0,4.2,3.3,3.8,1.0,29.0,0.2829661547851562,True,CALL,2026-12-18,KDP
KDP261218C00027000,27.0,3.4,2.45,2.7,3.0,20.0,0.27246821289062495,False,CALL,2026-12-18,KDP
KDP261218C00030000,30.0,1.7,1.4,1.6,1.0,31.0,0.27149166015625,False,CALL,2026-12-18,KDP
KDP261218C00033000,33.0,0.85,0.7,0.95,31.0,41.0,0.2761302856445312,False,CALL,2026-12-18,KDP
KDP261218P00020000,20.0,0.51,0.4,0.7,2.0,16.0,0.3386296606445312,False,PUT,2026-12-18,KDP
KDP261218P00023000,23.0,1.05,0.85,1.2,1.0,51.0,0.2910227148437499,False,PUT,2026-12-18,KDP
KDP261218P00025000,25.0,1.53,1.55,1.8,2.0,4.0,0.27149166015625,False,PUT,2026-12-18,KDP
KDP261218P00027000,27.0,2.24,2.45,2.7,1.0,57.0,0.26197027099609377,True,PUT,2026-12-18,KDP
KDP261218P00030000,30.0,3.95,4.3,4.6,1.0,51.0,0.26050544189453123,True,PUT,2026-12-18,KDP
KDP261218P00033000,33.0,6.9,0.0,0.0,,51.0,1.0000000000000003e-05,True,PUT,2026-12-18,KDP
KDP270115C00020000,20.0,7.1,6.0,8.4,3.0,180.0,0.44824770507812495,True,CALL,2027-01-15,KDP
KDP270115C00023000,23.0,5.87,3.7,6.5,7.0,113.0,0.44165597412109375,True,CALL,2027-01-15,KDP
KDP270115C00025000,25.0,3.2,3.5,3.9,1.0,586.0,0.28174546386718746,True,CALL,2027-01-15,KDP
KDP270115C00028000,28.0,2.25,2.0,2.4,1.0,289.0,0.27246821289062495,False,CALL,2027-01-15,KDP
KDP270115C00030000,30.0,1.83,1.3,1.6,1.0,633.0,0.26050544189453123,False,CALL,2027-01-15,KDP
KDP270115C00033000,33.0,0.97,0.8,1.05,1.0,260.0,0.2766185620117187,False,CALL,2027-01-15,KDP
KDP270115P00020000,20.0,1.1,0.4,0.75,8.0,101.0,0.33350275878906255,False,PUT,2027-01-15,KDP
KDP270115P00023000,23.0,1.1,0.9,1.35,10.0,265.0,0.2973703076171874,False,PUT,2027-01-15,KDP
KDP270115P00025000,25.0,1.56,1.45,2.0,22.0,312.0,0.28113511840820304,False,PUT,2027-01-15,KDP
KDP270115P00028000,28.0,3.2,2.85,3.4,29.0,349.0,0.26233647827148443,True,PUT,2027-01-15,KDP
KDP270115P00030000,30.0,4.6,4.1,4.7,1.0,283.0,0.25977302734375,True,PUT,2027-01-15,KDP
KDP270115P00033000,33.0,6.86,5.3,8.2,10.0,66.0,0.387701435546875,True,PUT,2027-01-15,KDP
KDP280121C00020000,20.0,8.0,7.3,9.5,10.0,76.0,0.4161435339355468,True,CALL,2028-01-21,KDP
KDP280121C00023000,23.0,7.0,5.0,7.8,3.0,30.0,0.40906352661132805,True,CALL,2028-01-21,KDP
KDP280121C00025000,25.0,5.0,4.8,5.4,1.0,272.0,0.30359583129882806,True,CALL,2028-01-21,KDP
KDP280121C00027000,27.0,4.0,2.95,6.5,2.0,91.0,0.43994700683593746,False,CALL,2028-01-21,KDP
KDP280121C00030000,30.0,3.0,2.65,4.0,3.0,229.0,0.34241380249023434,False,CALL,2028-01-21,KDP
KDP280121C00032000,32.0,2.47,2.1,4.0,30.0,32.0,0.38184211914062494,False,CALL,2028-01-21,KDP
KDP280121P00020000,20.0,1.0,0.6,1.85,1.0,93.0,0.3460758752441406,False,PUT,2028-01-21,KDP
KDP280121P00023000,23.0,1.99,1.65,2.3,1.0,21.0,0.2841868457031249,False,PUT,2028-01-21,KDP
KDP280121P00025000,25.0,2.7,1.2,5.5,10.0,145.0,0.4470270141601562,False,PUT,2028-01-21,KDP
KDP280121P00027000,27.0,3.65,3.4,4.2,2.0,74.0,0.2758861474609374,True,PUT,2028-01-21,KDP
KDP280121P00030000,30.0,5.8,4.9,6.7,1.0,20.0,0.3156806713867187,True,PUT,2028-01-21,KDP
KDP280121P00032000,32.0,6.44,5.2,8.2,2.0,11.0,0.32166205688476557,True,PUT,2028-01-21,KDP
KEY260220C00016000,16.0,5.19,5.3,5.8,3.0,7.0,0.9492192578124999,True,CALL,2026-02-20,KEY
KEY260220C00017000,17.0,4.26,4.35,4.8,3.0,29.0,0.79883013671875,True,CALL,2026-02-20,KEY
KEY260220C00018000,18.0,3.46,3.35,3.8,9.0,110.0,0.6543003320312502,True,CALL,2026-02-20,KEY
KEY260220C00019000,19.0,2.5,2.41,2.84,3.0,479.0,0.5429733203125001,True,CALL,2026-02-20,KEY
KEY260220C00020000,20.0,1.69,1.6,1.71,20.0,812.0,0.3007882421875,True,CALL,2026-02-20,KEY
KEY260220C00021000,21.0,0.85,0.8,0.91,6.0,1350.0,0.2695385546875,True,CALL,2026-02-20,KEY
KEY260220C00022000,22.0,0.32,0.26,0.34,64.0,1965.0,0.24024197265624997,False,CALL,2026-02-20,KEY
KEY260220C00023000,23.0,0.07,0.05,0.09,2.0,5780.0,0.23242955078125,False,CALL,2026-02-20,KEY
KEY260220C00024000,24.0,0.03,0.0,0.03,4.0,140.0,0.257819921875,False,CALL,2026-02-20,KEY
KEY260220C00025000,25.0,0.02,0.0,0.04,10.0,33.0,0.35156898437499995,False,CALL,2026-02-20,KEY
KEY260220C00026000,26.0,0.03,0.0,0.04,,1.0,0.42188078125,False,CALL,2026-02-20,KEY
KEY260220C00027000,27.0,0.04,0.0,0.02,,12.0,0.437505625,False,CALL,2026-02-20,KEY
KEY260220P00016000,16.0,0.06,0.0,0.02,75.0,75.0,0.5312546875,False,PUT,2026-02-20,KEY
KEY260220P00017000,17.0,0.04,0.0,0.06,10.0,72.0,0.507817421875,False,PUT,2026-02-20,KEY
KEY260220P00018000,18.0,0.05,0.0,0.08,2.0,324.0,0.49609878906250005,False,PUT,2026-02-20,KEY
KEY260220P00019000,19.0,0.07,0.05,0.09,107.0,788.0,0.39063109375,False,PUT,2026-02-20,KEY
KEY260220P00020000,20.0,0.12,0.1,0.16,50.0,1108.0,0.3242255078124999,False,PUT,2026-02-20,KEY
KEY260220P00021000,21.0,0.33,0.32,0.39,219.0,958.0,0.299811689453125,False,PUT,2026-02-20,KEY
KEY260220P00022000,22.0,0.95,0.73,0.81,1.0,149.0,0.26367923828125,True,PUT,2026-02-20,KEY
KEY260220P00023000,23.0,1.3,1.33,1.71,10.0,16.0,0.3632876171875,True,PUT,2026-02-20,KEY
KEY260220P00025000,25.0,3.43,2.83,4.25,1.0,1.0,0.9101571484375,True,PUT,2026-02-20,KEY
KEY260320C00016000,16.0,4.93,5.35,6.35,2.0,30.0,0.6777375976562501,True,CALL,2026-03-20,KEY
KEY260320C00017000,17.0,4.3,4.4,4.85,1.0,386.0,0.5732464550781251,True,CALL,2026-03-20,KEY
KEY260320C00018000,18.0,3.42,3.4,4.2,1.0,407.0,0.647464462890625,True,CALL,2026-03-20,KEY
KEY260320C00019000,19.0,2.4,2.49,2.89,14.0,511.0,0.39160764648437496,True,CALL,2026-03-20,KEY
KEY260320C00020000,20.0,1.8,1.68,1.93,10.0,1751.0,0.30322962402343745,True,CALL,2026-03-20,KEY
KEY260320C00021000,21.0,1.02,1.01,1.11,3.0,1762.0,0.2485426708984375,True,CALL,2026-03-20,KEY
KEY260320C00022000,22.0,0.52,0.46,0.54,55.0,3162.0,0.225593681640625,False,CALL,2026-03-20,KEY
KEY260320C00023000,23.0,0.2,0.17,0.23,167.0,2107.0,0.22071091796874998,False,CALL,2026-03-20,KEY
KEY260320C00024000,24.0,0.05,0.06,0.11,10.0,198.0,0.23535920898437498,False,CALL,2026-03-20,KEY
KEY260320C00025000,25.0,0.02,0.0,0.03,1.0,1247.0,0.22266402343749997,False,CALL,2026-03-20,KEY
KEY260320P00016000,16.0,0.05,0.0,0.44,6.0,402.0,0.6367223828125,False,PUT,2026-03-20,KEY
KEY260320P00017000,17.0,0.04,0.01,0.25,1.0,1457.0,0.5576216113281252,False,PUT,2026-03-20,KEY
KEY260320P00018000,18.0,0.11,0.08,0.14,203.0,1230.0,0.38477177734374995,False,PUT,2026-03-20,KEY
KEY260320P00019000,19.0,0.19,0.16,0.26,3.0,1535.0,0.36426416992187505,False,PUT,2026-03-20,KEY
KEY260320P00020000,20.0,0.4,0.29,0.43,118.0,5804.0,0.33301448242187504,False,PUT,2026-03-20,KEY
KEY260320P00021000,21.0,0.61,0.6,0.66,30.0,2006.0,0.29004616210937495,False,PUT,2026-03-20,KEY
KEY260320P00022000,22.0,1.0,1.07,1.22,6.0,483.0,0.3061592822265625,True,PUT,2026-03-20,KEY
KEY260320P00023000,23.0,4.1,5.0,6.5,2.0,2.0,1.5273461132812498,True,PUT,2026-03-20,KEY
KEY260320P00024000,24.0,6.55,4.85,6.75,,1.0,1.3344759838867182,True,PUT,2026-03-20,KEY
KEY260618C00016000,16.0,3.15,0.0,0.0,10.0,18.0,1.0000000000000003e-05,True,CALL,2026-06-18,KEY
KEY260618C00017000,17.0,5.1,4.55,5.0,24.0,1560.0,0.397466962890625,True,CALL,2026-06-18,KEY
KEY260618C00018000,18.0,3.75,3.7,4.15,2.0,158.0,0.3745179736328125,True,CALL,2026-06-18,KEY
KEY260618C00019000,19.0,3.0,3.0,3.2,3.0,121.0,0.31641308593749995,True,CALL,2026-06-18,KEY
KEY260618C00020000,20.0,2.33,2.22,2.44,5.0,4987.0,0.2954172021484375,True,CALL,2026-06-18,KEY
KEY260618C00021000,21.0,1.5,1.54,1.7,1.0,3115.0,0.26367923828125,True,CALL,2026-06-18,KEY
KEY260618C00022000,22.0,1.12,1.08,1.18,1.0,15219.0,0.2556226782226563,False,CALL,2026-06-18,KEY
KEY260618C00023000,23.0,0.72,0.67,0.74,20.0,2194.0,0.241218525390625,False,CALL,2026-06-18,KEY
KEY260618C00024000,24.0,0.46,0.38,0.45,12.0,1414.0,0.23438265625,False,CALL,2026-06-18,KEY
KEY260618C00025000,25.0,0.25,0.21,0.3,100.0,1110.0,0.241218525390625,False,CALL,2026-06-18,KEY
KEY260618C00026000,26.0,0.13,0.1,0.2,1.0,501.0,0.2475661181640625,False,CALL,2026-06-18,KEY
KEY260618C00027000,27.0,0.08,0.01,0.1,2.0,3.0,0.23731231445312498,False,CALL,2026-06-18,KEY
KEY260618P00016000,16.0,0.24,0.14,0.28,4.0,252.0,0.4106504248046875,False,PUT,2026-06-18,KEY
KEY260618P00017000,17.0,0.28,0.22,0.36,3.0,5539.0,0.37695935546875,False,PUT,2026-06-18,KEY
KEY260618P00018000,18.0,0.44,0.37,0.46,1.0,264.0,0.34326828613281246,False,PUT,2026-06-18,KEY
KEY260618P00019000,19.0,0.71,0.54,0.65,50.0,963.0,0.3237372314453124,False,PUT,2026-06-18,KEY
KEY260618P00020000,20.0,0.86,0.84,0.91,7.0,1542.0,0.3061592822265625,False,PUT,2026-06-18,KEY
KEY260618P00021000,21.0,1.4,1.1,1.28,2.0,4464.0,0.2946847875976562,False,PUT,2026-06-18,KEY
KEY260618P00022000,22.0,1.79,1.6,1.75,1.0,1992.0,0.2836985693359374,True,PUT,2026-06-18,KEY
KEY260618P00024000,24.0,3.25,2.95,3.15,100.0,400.0,0.295905478515625,True,PUT,2026-06-18,KEY
KEY260618P00025000,25.0,4.65,3.6,4.0,1.0,7.0,0.31201859863281245,True,PUT,2026-06-18,KEY
KEY260918C00016000,16.0,6.3,5.55,6.05,,6.0,0.37793590820312495,True,CALL,2026-09-18,KEY
KEY260918C00017000,17.0,4.57,4.75,5.1,2.0,109.0,0.3354558642578125,True,CALL,2026-09-18,KEY
KEY260918C00018000,18.0,4.15,3.95,4.35,2.0,22.0,0.33374689697265625,True,CALL,2026-09-18,KEY
KEY260918C00019000,19.0,3.59,3.25,3.55,,2.0,0.3110420458984374,True,CALL,2026-09-18,KEY
KEY260918C00020000,20.0,2.58,2.57,2.84,2.0,723.0,0.2954172021484375,True,CALL,2026-09-18,KEY
KEY260918C00021000,21.0,2.25,1.95,2.21,,1.0,0.28174546386718746,True,CALL,2026-09-18,KEY
KEY260918C00022000,22.0,1.5,1.45,1.68,4.0,1227.0,0.27173579833984374,False,CALL,2026-09-18,KEY
KEY260918C00023000,23.0,1.15,1.02,1.21,21.0,89.0,0.25879647460937505,False,CALL,2026-09-18,KEY
KEY260918C00024000,24.0,1.0,0.68,0.96,3.0,12.0,0.26709717285156254,False,CALL,2026-09-18,KEY
KEY260918C00025000,25.0,0.57,0.49,0.6,3.0,122.0,0.24634542724609376,False,CALL,2026-09-18,KEY
KEY260918C00026000,26.0,0.34,0.28,0.49,6.0,57.0,0.2590406127929688,False,CALL,2026-09-18,KEY
KEY260918C00027000,27.0,0.3,0.19,0.36,15.0,69.0,0.260749580078125,False,CALL,2026-09-18,KEY
KEY260918P00017000,17.0,0.61,0.46,0.55,11.0,439.0,0.34229173339843744,False,PUT,2026-09-18,KEY
KEY260918P00018000,18.0,0.79,0.6,0.81,,11.0,0.3413151806640625,False,PUT,2026-09-18,KEY
KEY260918P00019000,19.0,1.16,0.85,1.02,,5.0,0.3193427441406249,False,PUT,2026-09-18,KEY
KEY260918P00020000,20.0,1.21,1.15,1.31,150.0,429.0,0.30274134765625,False,PUT,2026-09-18,KEY
KEY260918P00021000,21.0,1.83,1.53,1.73,1.0,1.0,0.2963937548828125,False,PUT,2026-09-18,KEY
KEY260918P00022000,22.0,2.12,2.0,2.21,1.0,232.0,0.2873606420898437,True,PUT,2026-09-18,KEY
KEY260918P00027000,27.0,9.7,0.0,0.0,,1.0,1.0000000000000003e-05,True,PUT,2026-09-18,KEY
KEY261218C00017000,17.0,4.64,4.95,5.45,3.0,180.0,0.35205726074218746,True,CALL,2026-12-18,KEY
KEY261218C00020000,20.0,3.1,2.87,3.2,20.0,219.0,0.29883513671874995,True,CALL,2026-12-18,KEY
KEY261218C00022000,22.0,1.77,1.82,2.2,2501.0,2552.0,0.2946847875976562,False,CALL,2026-12-18,KEY
KEY261218C00025000,25.0,0.85,0.72,1.04,30.0,191.0,0.27173579833984374,False,CALL,2026-12-18,KEY
KEY261218C00027000,27.0,0.53,0.33,0.54,1.0,37.0,0.25391371093750004,False,CALL,2026-12-18,KEY
KEY261218P00017000,17.0,0.75,0.64,0.83,1.0,33.0,0.3442448388671875,False,PUT,2026-12-18,KEY
KEY261218P00020000,20.0,1.94,1.52,1.72,2500.0,4003.0,0.31201859863281245,False,PUT,2026-12-18,KEY
KEY261218P00022000,22.0,2.82,2.33,2.64,,52.0,0.29688203124999996,True,PUT,2026-12-18,KEY
KEY270115C00017000,17.0,5.13,5.05,5.45,1.0,3138.0,0.33789724609375,True,CALL,2027-01-15,KEY
KEY270115C00020000,20.0,3.05,3.0,3.35,2.0,2222.0,0.3061592822265625,True,CALL,2027-01-15,KEY
KEY270115C00022000,22.0,1.89,1.88,2.1,7.0,2764.0,0.27075924560546877,False,CALL,2027-01-15,KEY
KEY270115C00025000,25.0,0.79,0.89,1.18,9.0,5068.0,0.2788158056640625,False,CALL,2027-01-15,KEY
KEY270115C00027000,27.0,0.45,0.37,0.74,20.0,690.0,0.2751537329101562,False,CALL,2027-01-15,KEY
KEY270115P00017000,17.0,0.96,0.73,0.98,1.0,3014.0,0.35645174804687496,False,PUT,2027-01-15,KEY
KEY270115P00020000,20.0,1.69,1.59,1.84,1.0,2022.0,0.3147041186523437,False,PUT,2027-01-15,KEY
KEY270115P00022000,22.0,2.7,2.46,2.85,6.0,25.0,0.30982135498046875,True,PUT,2027-01-15,KEY
KEY270115P00025000,25.0,5.25,4.3,4.65,2.0,5.0,0.2849192602539062,True,PUT,2027-01-15,KEY
KEY270115P00027000,27.0,9.7,8.4,8.9,,1.0,0.5908244042968751,True,PUT,2027-01-15,KEY
KEY270617C00017000,17.0,5.33,5.3,6.7,6.0,227.0,0.44946839599609373,True,CALL,2027-06-17,KEY
KEY270617C00020000,20.0,3.52,3.4,3.8,9.0,172.0,0.3034737622070312,True,CALL,2027-06-17,KEY
KEY270617C00022000,22.0,2.29,2.27,3.65,2.0,140.0,0.3803772900390625,False,CALL,2027-06-17,KEY
KEY270617C00025000,25.0,1.34,1.14,1.82,390.0,1312.0,0.29932341308593746,False,CALL,2027-06-17,KEY
KEY270617C00027000,27.0,0.9,0.66,1.32,1.0,2.0,0.2973703076171874,False,CALL,2027-06-17,KEY
KEY270617P00017000,17.0,1.2,0.76,1.56,1.0,143.0,0.3767152172851562,False,PUT,2027-06-17,KEY
KEY270617P00020000,20.0,2.4,1.91,2.56,22.0,32.0,0.33960621337890623,False,PUT,2027-06-17,KEY
KEY271217C00017000,17.0,5.0,4.65,7.0,9.0,38.0,0.41748629394531245,True,CALL,2027-12-17,KEY
KEY271217C00020000,20.0,4.1,3.75,5.4,17.0,122.0,0.40650007568359375,True,CALL,2027-12-17,KEY
KEY271217C00022000,22.0,3.21,2.74,3.8,1.0,69.0,0.33887379882812496,False,CALL,2027-12-17,KEY
KEY271217C00025000,25.0,2.2,1.47,2.16,1079.0,1088.0,0.28577374389648436,False,CALL,2027-12-17,KEY
KEY271217C00027000,27.0,1.46,0.94,1.62,,2.0,0.28247787841796873,False,CALL,2027-12-17,KEY
KEY271217P00017000,17.0,1.7,1.3,2.07,2.0,7.0,0.3794007373046875,False,PUT,2027-12-17,KEY
KEY271217P00020000,20.0,2.9,2.41,4.1,3.0,57.0,0.43237872314453124,False,PUT,2027-12-17,KEY
KEY271217P00022000,22.0,3.7,3.5,4.8,8.0,1500.0,0.38892212646484375,True,PUT,2027-12-17,KEY
KEY280121C00017000,17.0,5.0,5.5,6.35,5.0,106.0,0.33789724609375,True,CALL,2028-01-21,KEY
KEY280121C00020000,20.0,4.4,3.85,4.4,5.0,340.0,0.30713583496093744,True,CALL,2028-01-21,KEY
KEY280121C00022000,22.0,3.0,2.81,3.65,6.0,3517.0,0.3178779150390625,False,CALL,2028-01-21,KEY
KEY280121C00025000,25.0,2.0,1.71,2.23,1.0,201.0,0.2846751220703124,False,CALL,2028-01-21,KEY
KEY280121C00027000,27.0,1.4,1.2,1.75,3.0,5.0,0.2869944348144531,False,CALL,2028-01-21,KEY
KEY280121P00017000,17.0,1.75,1.54,2.13,30.0,703.0,0.3764710791015625,False,PUT,2028-01-21,KEY
KEY280121P00020000,20.0,2.77,2.34,3.1,1.0,118.0,0.3320379296875,False,PUT,2028-01-21,KEY
KEY280121P00022000,22.0,4.0,3.1,4.35,2.0,3.0,0.3414372497558594,True,PUT,2028-01-21,KEY
KGC260130C00025500,25.5,12.85,9.4,12.55,3.0,4.0,3.28906427734375,True,CALL,2026-01-30,KGC
KGC260130C00026000,26.0,12.45,9.05,12.05,3.0,16.0,3.3554703613281243,True,CALL,2026-01-30,KGC
KGC260130C00027000,27.0,11.61,7.9,11.05,3.0,4.0,2.85156537109375,True,CALL,2026-01-30,KGC
KGC260130C00027500,27.5,10.73,7.7,10.55,1.0,18.0,3.0820335449218748,True,CALL,2026-01-30,KGC
KGC260130C00028000,28.0,8.83,7.1,10.05,1.0,21.0,2.816409208984375,True,CALL,2026-01-30,KGC
KGC260130C00028500,28.5,8.43,6.6,9.55,1.0,22.0,2.6718783203125005,True,CALL,2026-01-30,KGC
KGC260130C00029000,29.0,9.63,5.85,8.25,2.0,57.0,3.673828940429688,True,CALL,2026-01-30,KGC
KGC260130C00029500,29.5,8.1,5.3,7.8,10.0,68.0,3.56250109375,True,CALL,2026-01-30,KGC
KGC260130C00030000,30.0,5.97,5.6,6.45,334.0,3095.0,1.96875015625,True,CALL,2026-01-30,KGC
KGC260130C00030500,30.5,7.87,4.9,6.45,40.0,331.0,2.7089876025390627,True,CALL,2026-01-30,KGC
KGC260130C00031000,31.0,5.07,4.55,5.55,10.0,1046.0,1.9062504687500001,True,CALL,2026-01-30,KGC
KGC260130C00031500,31.5,4.97,4.05,5.45,2.0,55.0,0.937500625,True,CALL,2026-01-30,KGC
KGC260130C00032000,32.0,5.97,3.6,4.95,10.0,672.0,0.98437515625,True,CALL,2026-01-30,KGC
KGC260130C00033000,33.0,2.95,2.82,3.25,3.0,497.0,0.6718782812500002,True,CALL,2026-01-30,KGC
KGC260130C00034000,34.0,4.17,1.77,2.49,3.0,981.0,0.9687503125,True,CALL,2026-01-30,KGC
KGC260130C00034500,34.5,2.77,1.54,3.25,1.0,1.0,1.3007847460937496,True,CALL,2026-01-30,KGC
KGC260130C00035000,35.0,1.1,1.03,1.35,41.0,386.0,0.49219257812500006,True,CALL,2026-01-30,KGC
KGC260130C00035500,35.5,0.95,0.74,1.22,2.0,10.0,0.507817421875,True,CALL,2026-01-30,KGC
KGC260130C00036000,36.0,0.75,0.49,0.95,76.0,283.0,0.56055126953125,True,CALL,2026-01-30,KGC
KGC260130C00036500,36.5,0.58,0.27,0.65,62.0,51.0,0.5449264257812501,False,CALL,2026-01-30,KGC
KGC260130C00037000,37.0,0.23,0.15,0.35,248.0,1129.0,0.5097705273437501,False,CALL,2026-01-30,KGC
KGC260130C00037500,37.5,0.2,0.12,0.23,182.0,541.0,0.5625043750000001,False,CALL,2026-01-30,KGC
KGC260130C00038000,38.0,0.18,0.06,0.16,71.0,325.0,0.585941640625,False,CALL,2026-01-30,KGC
KGC260130C00038500,38.5,0.18,0.03,0.25,49.0,178.0,0.7421900781249999,False,CALL,2026-01-30,KGC
KGC260130C00039000,39.0,0.05,0.01,0.17,169.0,1419.0,0.7500025,False,CALL,2026-01-30,KGC
KGC260130C00039500,39.5,0.03,0.0,0.05,39.0,200.0,0.64062859375,False,CALL,2026-01-30,KGC
KGC260130C00040000,40.0,0.04,0.02,0.04,39.0,624.0,0.7421900781249999,False,CALL,2026-01-30,KGC
KGC260130C00040500,40.5,0.12,0.0,0.72,76.0,263.0,1.51172119140625,False,CALL,2026-01-30,KGC
KGC260130C00041000,41.0,0.01,0.0,0.17,11.0,98.0,1.09375453125,False,CALL,2026-01-30,KGC
KGC260130C00042000,42.0,0.28,0.0,1.36,1.0,27.0,2.2675824560546873,False,CALL,2026-01-30,KGC
KGC260130C00043000,43.0,0.05,0.0,0.57,7.0,31.0,1.875000625,False,CALL,2026-01-30,KGC
KGC260130P00025500,25.5,0.01,0.0,0.02,1.0,14.0,1.9375003125,False,PUT,2026-01-30,KGC
KGC260130P00026000,26.0,0.01,0.0,0.02,2.0,33.0,1.8437507812499998,False,PUT,2026-01-30,KGC
KGC260130P00026500,26.5,0.03,0.0,0.02,10.0,18.0,1.75000125,False,PUT,2026-01-30,KGC
KGC260130P00027000,27.0,0.05,0.0,0.02,2.0,32.0,1.65625171875,False,PUT,2026-01-30,KGC
KGC260130P00027500,27.5,0.05,0.0,0.02,1.0,12.0,1.5625021874999998,False,PUT,2026-01-30,KGC
KGC260130P00028000,28.0,0.01,0.0,0.02,4.0,28.0,1.46875265625,False,PUT,2026-01-30,KGC
KGC260130P00028500,28.5,0.29,0.0,0.02,1.0,25.0,1.3750031249999999,False,PUT,2026-01-30,KGC
KGC260130P00029000,29.0,0.02,0.0,0.02,1.0,26.0,1.2812535937499998,False,PUT,2026-01-30,KGC
KGC260130P00029500,29.5,0.05,0.0,0.02,4.0,32.0,1.1875040625,False,PUT,2026-01-30,KGC
KGC260130P00030000,30.0,0.03,0.0,0.02,54.0,259.0,1.109379453125,False,PUT,2026-01-30,KGC
KGC260130P00030500,30.5,0.02,0.0,0.02,6.0,32.0,1.0312548437500002,False,PUT,2026-01-30,KGC
KGC260130P00031000,31.0,0.37,0.0,0.02,21.0,51.0,0.937500625,False,PUT,2026-01-30,KGC
KGC260130P00031500,31.5,0.01,0.0,0.02,1.0,64.0,0.8437515624999999,False,PUT,2026-01-30,KGC
KGC260130P00032000,32.0,0.03,0.0,0.03,23.0,93.0,0.8125018749999999,False,PUT,2026-01-30,KGC
KGC260130P00033000,33.0,0.03,0.01,0.05,1.0,275.0,0.7187528125,False,PUT,2026-01-30,KGC
KGC260130P00033500,33.5,0.05,0.02,0.15,1.0,36.0,0.789064609375,False,PUT,2026-01-30,KGC
KGC260130P00034000,34.0,0.1,0.07,0.15,9.0,241.0,0.726565234375,False,PUT,2026-01-30,KGC
KGC260130P00034500,34.5,0.28,0.11,0.31,2.0,199.0,0.7578149218750001,False,PUT,2026-01-30,KGC
KGC260130P00035000,35.0,0.2,0.21,0.4,55.0,280.0,0.7304714453125,False,PUT,2026-01-30,KGC
KGC260130P00035500,35.5,0.46,0.38,0.69,43.0,28.0,0.8027363476562499,False,PUT,2026-01-30,KGC
KGC260130P00036000,36.0,0.55,0.41,0.95,49.0,306.0,0.7402369726562499,False,PUT,2026-01-30,KGC
KGC260130P00036500,36.5,1.03,0.89,1.3,109.0,89.0,0.8886729882812499,True,PUT,2026-01-30,KGC
KGC260130P00037000,37.0,1.15,1.22,1.47,47.0,760.0,0.8398453515625,True,PUT,2026-01-30,KGC
KGC260130P00037500,37.5,1.63,1.38,2.08,27.0,1086.0,0.8867198828124999,True,PUT,2026-01-30,KGC
KGC260130P00038000,38.0,1.89,1.63,2.4,57.0,112.0,0.77929908203125,True,PUT,2026-01-30,KGC
KGC260130P00039000,39.0,1.1,2.15,4.1,1.0,136.0,1.1679729101562502,True,PUT,2026-01-30,KGC
KGC260206C00026000,26.0,7.53,9.4,11.0,1.0,11.0,2.050786123046875,True,CALL,2026-02-06,KGC
KGC260206C00026500,26.5,3.9,8.45,10.8,2.0,2.0,2.2119185327148427,True,CALL,2026-02-06,KGC
KGC260206C00027000,27.0,10.15,7.95,11.05,1.0,1.0,1.376956240234375,True,CALL,2026-02-06,KGC
KGC260206C00027500,27.5,1.82,7.45,10.6,1.0,1.0,1.3398470507812497,True,CALL,2026-02-06,KGC
KGC260206C00028000,28.0,10.05,7.7,9.7,2.0,23.0,1.455080849609375,True,CALL,2026-02-06,KGC
KGC260206C00028500,28.5,4.45,6.65,9.45,1.0,1.0,1.2324257128906249,True,CALL,2026-02-06,KGC
KGC260206C00029000,29.0,8.79,6.0,8.35,1.0,24.0,1.8007822460937497,True,CALL,2026-02-06,KGC
KGC260206C00029500,29.5,6.27,5.55,7.85,3.0,14.0,1.712892060546875,True,CALL,2026-02-06,KGC
KGC260206C00030000,30.0,7.39,5.1,7.1,6.0,59.0,1.4609401953124999,True,CALL,2026-02-06,KGC
KGC260206C00030500,30.5,6.8,4.35,6.8,1.0,55.0,1.5078149609375,True,CALL,2026-02-06,KGC
KGC260206C00031000,31.0,6.81,4.2,5.7,2.0,63.0,1.0205127099609377,True,CALL,2026-02-06,KGC
KGC260206C00031500,31.5,4.88,3.9,5.7,2.0,15.0,0.5585981640625001,True,CALL,2026-02-06,KGC
KGC260206C00032000,32.0,4.0,2.98,4.9,5.0,156.0,1.01172369140625,True,CALL,2026-02-06,KGC
KGC260206C00032500,32.5,5.32,2.66,4.85,10.0,12.0,1.1943399658203124,True,CALL,2026-02-06,KGC
KGC260206C00033000,33.0,3.3,2.84,3.9,6.0,120.0,0.8564467480468749,True,CALL,2026-02-06,KGC
KGC260206C00033500,33.5,4.29,2.55,3.35,4.0,77.0,0.7490259472656251,True,CALL,2026-02-06,KGC
KGC260206C00034000,34.0,2.9,2.26,2.88,97.0,2407.0,0.508793974609375,True,CALL,2026-02-06,KGC
KGC260206C00034500,34.5,4.02,2.11,2.51,1.0,57.0,0.569340244140625,True,CALL,2026-02-06,KGC
KGC260206C00035000,35.0,1.79,1.71,2.17,198.0,2940.0,0.5507857421875001,True,CALL,2026-02-06,KGC
KGC260206C00035500,35.5,1.51,1.44,1.91,10.0,75.0,0.56836369140625,True,CALL,2026-02-06,KGC
KGC260206C00036000,36.0,1.42,1.28,1.56,97.0,1861.0,0.5751995605468749,True,CALL,2026-02-06,KGC
KGC260206C00036500,36.5,1.23,1.06,1.24,26.0,204.0,0.5625043750000001,False,CALL,2026-02-06,KGC
KGC260206C00037000,37.0,0.96,0.88,1.08,137.0,223.0,0.5800823242187501,False,CALL,2026-02-06,KGC
KGC260206C00037500,37.5,0.9,0.6,0.88,3.0,181.0,0.55273884765625,False,CALL,2026-02-06,KGC
KGC260206C00038000,38.0,0.65,0.58,0.74,95.0,83.0,0.58789474609375,False,CALL,2026-02-06,KGC
KGC260206C00038500,38.5,0.54,0.47,0.62,116.0,57.0,0.596683720703125,False,CALL,2026-02-06,KGC
KGC260206C00039000,39.0,0.42,0.21,0.55,30.0,173.0,0.5654340332031251,False,CALL,2026-02-06,KGC
KGC260206C00040000,40.0,0.29,0.25,0.37,21.0,115.0,0.6279334082031252,False,CALL,2026-02-06,KGC
KGC260206C00040500,40.5,0.62,0.2,0.61,4.0,92.0,0.743166630859375,False,CALL,2026-02-06,KGC
KGC260206C00041000,41.0,0.41,0.01,0.37,31.0,36.0,0.6269568554687501,False,CALL,2026-02-06,KGC
KGC260206C00042000,42.0,0.2,0.05,0.75,15.0,25.0,0.885743330078125,False,CALL,2026-02-06,KGC
KGC260206C00042500,42.5,0.26,0.0,1.43,74.0,74.0,1.140629296875,False,CALL,2026-02-06,KGC
KGC260206C00043000,43.0,0.26,0.01,0.4,1.0,79.0,0.8085956640624999,False,CALL,2026-02-06,KGC
KGC260206C00046000,46.0,0.16,0.0,0.25,4.0,4.0,0.9257819921875,False,CALL,2026-02-06,KGC
KGC260206P00025500,25.5,0.07,0.0,0.06,6.0,1.0,1.0468797656250002,False,PUT,2026-02-06,KGC
KGC260206P00026000,26.0,0.56,0.0,0.1,,1.0,1.08203583984375,False,PUT,2026-02-06,KGC
KGC260206P00026500,26.5,0.04,0.0,2.13,3.0,7.0,2.2080122924804684,False,PUT,2026-02-06,KGC
KGC260206P00027000,27.0,0.05,0.0,0.1,1.0,22.0,0.9765627343750001,False,PUT,2026-02-06,KGC
KGC260206P00027500,27.5,0.09,0.0,2.14,3.0,18.0,2.031254921875,False,PUT,2026-02-06,KGC
KGC260206P00028000,28.0,0.04,0.0,0.03,3.0,38.0,0.726565234375,False,PUT,2026-02-06,KGC
KGC260206P00028500,28.5,0.77,0.0,2.14,,47.0,1.853516357421875,False,PUT,2026-02-06,KGC
KGC260206P00029000,29.0,0.06,0.0,2.15,3.0,6.0,1.7695324023437498,False,PUT,2026-02-06,KGC
KGC260206P00029500,29.5,0.05,0.0,2.15,7.0,25.0,1.68359533203125,False,PUT,2026-02-06,KGC
KGC260206P00030000,30.0,0.1,0.03,1.31,1.0,35.0,1.3193393408203122,False,PUT,2026-02-06,KGC
KGC260206P00030500,30.5,0.59,0.0,2.18,1.0,15.0,1.5205102099609373,False,PUT,2026-02-06,KGC
KGC260206P00031000,31.0,0.73,0.0,0.95,5.0,5.0,1.0244189404296877,False,PUT,2026-02-06,KGC
KGC260206P00031500,31.5,0.07,0.0,0.95,8.0,49.0,0.9531254687499999,False,PUT,2026-02-06,KGC
KGC260206P00032000,32.0,0.1,0.0,0.61,1.0,17.0,0.7539087109375,False,PUT,2026-02-06,KGC
KGC260206P00032500,32.5,0.1,0.13,2.37,5.0,19.0,1.2656286718749998,False,PUT,2026-02-06,KGC
KGC260206P00033000,33.0,0.4,0.23,0.45,22.0,26.0,0.64648791015625,False,PUT,2026-02-06,KGC
KGC260206P00033500,33.5,0.33,0.2,0.72,1.0,6.0,0.6543003320312502,False,PUT,2026-02-06,KGC
KGC260206P00034000,34.0,0.6,0.52,0.7,27.0,59.0,0.6650424121093752,False,PUT,2026-02-06,KGC
KGC260206P00034500,34.5,0.45,0.65,0.84,2.0,7.0,0.6543003320312502,False,PUT,2026-02-06,KGC
KGC260206P00035000,35.0,1.02,0.82,1.0,8.0,128.0,0.64648791015625,False,PUT,2026-02-06,KGC
KGC260206P00035500,35.5,1.1,1.02,1.2,4.0,13.0,0.6435582519531251,False,PUT,2026-02-06,KGC
KGC260206P00036000,36.0,1.15,1.27,1.53,16.0,117.0,0.6689486230468751,False,PUT,2026-02-06,KGC
KGC260206P00036500,36.5,1.54,1.55,1.77,4.0,356.0,0.6679720703125002,True,PUT,2026-02-06,KGC
KGC260206P00037000,37.0,1.85,1.66,2.12,30.0,159.0,0.6425816992187501,True,PUT,2026-02-06,KGC
KGC260206P00037500,37.5,2.35,2.19,2.54,28.0,121.0,0.7158231542968749,True,PUT,2026-02-06,KGC
KGC260206P00038000,38.0,2.0,2.54,2.85,12.0,66.0,0.7158231542968749,True,PUT,2026-02-06,KGC
KGC260206P00038500,38.5,1.77,2.71,3.15,1.0,2.0,0.6562534375000001,True,PUT,2026-02-06,KGC
KGC260206P00039000,39.0,2.5,2.39,4.55,11.0,18.0,0.7421900781249999,True,PUT,2026-02-06,KGC
KGC260206P00040000,40.0,2.85,3.25,4.8,21.0,6.0,0.58789474609375,True,PUT,2026-02-06,KGC
KGC260213C00025500,25.5,12.66,10.0,11.75,7.0,7.0,1.0351610742187503,True,CALL,2026-02-13,KGC
KGC260213C00026000,26.0,7.85,9.1,12.15,2.0,2.0,1.255863095703125,True,CALL,2026-02-13,KGC
KGC260213C00027000,27.0,11.15,8.65,10.3,1.0,2.0,1.0078174609375,True,CALL,2026-02-13,KGC
KGC260213C00027500,27.5,6.25,8.15,9.6,,2.0,0.8476577734374999,True,CALL,2026-02-13,KGC
KGC260213C00028500,28.5,2.94,5.95,9.7,,2.0,0.6914093359375001,True,CALL,2026-02-13,KGC
KGC260213C00029000,29.0,8.51,5.95,8.5,2.0,2.0,1.4257841210937499,True,CALL,2026-02-13,KGC
KGC260213C00029500,29.5,3.75,5.7,8.2,,3.0,0.7421900781249999,True,CALL,2026-02-13,KGC
KGC260213C00030000,30.0,5.85,6.1,6.7,5.0,72.0,0.65039412109375,True,CALL,2026-02-13,KGC
KGC260213C00030500,30.5,7.0,5.45,6.4,1.0,30.0,0.6289099609375001,True,CALL,2026-02-13,KGC
KGC260213C00031000,31.0,6.83,4.8,6.35,5.0,199.0,0.6894562304687502,True,CALL,2026-02-13,KGC
KGC260213C00032000,32.0,5.99,4.05,5.5,5.0,30.0,0.6972686523437501,True,CALL,2026-02-13,KGC
KGC260213C00032500,32.5,6.55,3.7,5.1,2.0,27.0,0.700198310546875,True,CALL,2026-02-13,KGC
KGC260213C00033000,33.0,5.5,3.2,4.1,4.0,39.0,0.526371923828125,True,CALL,2026-02-13,KGC
KGC260213C00033500,33.5,4.95,3.2,3.85,1.0,32.0,0.6357458300781251,True,CALL,2026-02-13,KGC
KGC260213C00034000,34.0,2.82,2.86,3.15,4.0,51.0,0.5654340332031251,True,CALL,2026-02-13,KGC
KGC260213C00034500,34.5,2.9,2.45,2.82,8.0,44.0,0.5507857421875001,True,CALL,2026-02-13,KGC
KGC260213C00035000,35.0,2.5,2.29,2.56,29.0,118.0,0.585941640625,True,CALL,2026-02-13,KGC
KGC260213C00036000,36.0,1.98,1.74,1.91,108.0,105.0,0.5664105859375,True,CALL,2026-02-13,KGC
KGC260213C00037000,37.0,1.45,1.3,1.47,341.0,127.0,0.570316796875,False,CALL,2026-02-13,KGC
KGC260213C00038000,38.0,1.17,0.95,1.1,24.0,89.0,0.5717816259765626,False,CALL,2026-02-13,KGC
KGC260213C00039000,39.0,0.75,0.7,0.83,37.0,297.0,0.5815471533203125,False,CALL,2026-02-13,KGC
KGC260213C00040000,40.0,0.52,0.49,0.65,17.0,254.0,0.5927775097656252,False,CALL,2026-02-13,KGC
KGC260213C00041000,41.0,0.45,0.29,0.6,105.0,496.0,0.6152382226562501,False,CALL,2026-02-13,KGC
KGC260213C00042000,42.0,0.5,0.27,0.69,129.0,312.0,0.7060576269531251,False,CALL,2026-02-13,KGC
KGC260213C00043000,43.0,0.4,0.01,2.34,19.0,80.0,1.08984830078125,False,CALL,2026-02-13,KGC
KGC260213C00044000,44.0,0.29,0.01,2.29,27.0,28.0,1.1552776611328124,False,CALL,2026-02-13,KGC
KGC260213P00026000,26.0,0.52,0.0,0.05,,1.0,0.73437765625,False,PUT,2026-02-13,KGC
KGC260213P00026500,26.5,0.02,0.0,0.05,3.0,11.0,0.6953155468750001,False,PUT,2026-02-13,KGC
KGC260213P00027000,27.0,0.04,0.0,0.06,10.0,30.0,0.6718782812500002,False,PUT,2026-02-13,KGC
KGC260213P00027500,27.5,0.05,0.0,0.39,1.0,35.0,0.9062509375,False,PUT,2026-02-13,KGC
KGC260213P00028000,28.0,0.05,0.0,0.1,2.0,7.0,0.6523472265625001,False,PUT,2026-02-13,KGC
KGC260213P00028500,28.5,0.09,0.0,2.21,6.0,22.0,1.4091826416015625,False,PUT,2026-02-13,KGC
KGC260213P00029000,29.0,0.07,0.0,1.19,2.0,6.0,1.0605515722656251,False,PUT,2026-02-13,KGC
KGC260213P00029500,29.5,0.15,0.0,2.19,3.0,14.0,1.272464575195312,False,PUT,2026-02-13,KGC
KGC260213P00030000,30.0,0.11,0.0,1.4,1.0,9.0,1.0058643457031249,False,PUT,2026-02-13,KGC
KGC260213P00030500,30.5,0.25,0.09,0.97,6.0,26.0,0.8535170898437501,False,PUT,2026-02-13,KGC
KGC260213P00031000,31.0,0.4,0.0,2.25,1.0,5.0,1.091801416015625,False,PUT,2026-02-13,KGC
KGC260213P00031500,31.5,0.45,0.33,0.5,3.0,25.0,0.6806672558593752,False,PUT,2026-02-13,KGC
KGC260213P00032000,32.0,0.5,0.37,0.62,4.0,20.0,0.6718782812500002,False,PUT,2026-02-13,KGC
KGC260213P00032500,32.5,0.3,0.36,0.54,4.0,6.0,0.594730615234375,False,PUT,2026-02-13,KGC
KGC260213P00033000,33.0,0.63,0.52,0.66,18.0,47.0,0.6064492480468751,False,PUT,2026-02-13,KGC
KGC260213P00033500,33.5,0.82,0.64,0.79,8.0,39.0,0.6025430371093752,False,PUT,2026-02-13,KGC
KGC260213P00034000,34.0,1.05,0.78,0.92,6.0,22.0,0.594730615234375,False,PUT,2026-02-13,KGC
KGC260213P00034500,34.5,0.98,0.93,1.07,2.0,60.0,0.585941640625,False,PUT,2026-02-13,KGC
KGC260213P00035000,35.0,1.35,1.12,1.26,19.0,149.0,0.5839885351562499,False,PUT,2026-02-13,KGC
KGC260213P00036000,36.0,1.73,1.57,1.73,14.0,249.0,0.584965087890625,False,PUT,2026-02-13,KGC
KGC260213P00037000,37.0,2.4,2.07,2.28,89.0,35.0,0.577152666015625,True,PUT,2026-02-13,KGC
KGC260213P00038000,38.0,3.1,2.74,3.15,1.0,93.0,0.624027197265625,True,PUT,2026-02-13,KGC
KGC260213P00039000,39.0,2.7,3.6,3.9,1.0,27.0,0.6621127539062501,True,PUT,2026-02-13,KGC
KGC260220C00026000,26.0,10.18,9.85,10.55,32.0,1438.0,0.99023447265625,True,CALL,2026-02-20,KGC
KGC260220C00027000,27.0,10.5,8.6,10.2,1.0,774.0,0.77148666015625,True,CALL,2026-02-20,KGC
KGC260220C00028000,28.0,8.27,7.85,8.9,13.0,1159.0,0.6699251757812501,True,CALL,2026-02-20,KGC
KGC260220C00029000,29.0,7.56,7.15,8.2,1.0,1402.0,0.8037129003906249,True,CALL,2026-02-20,KGC
KGC260220C00030000,30.0,6.4,6.3,6.9,146.0,2776.0,0.6738313867187502,True,CALL,2026-02-20,KGC
KGC260220C00030500,30.5,8.13,5.65,7.05,1.0,0.0,0.7539087109375,True,CALL,2026-02-20,KGC
KGC260220C00031000,31.0,5.4,5.5,5.95,75.0,1460.0,0.65039412109375,True,CALL,2026-02-20,KGC
KGC260220C00032000,32.0,4.7,4.65,5.2,36.0,991.0,0.6425816992187501,True,CALL,2026-02-20,KGC
KGC260220C00032500,32.5,6.31,4.1,5.45,1.0,3.0,0.72070591796875,True,CALL,2026-02-20,KGC
KGC260220C00033000,33.0,4.21,3.7,4.45,25.0,1192.0,0.5986368261718751,True,CALL,2026-02-20,KGC
KGC260220C00033500,33.5,5.35,3.6,3.9,4.0,10.0,0.6054726953125001,True,CALL,2026-02-20,KGC
KGC260220C00034000,34.0,3.22,3.25,3.75,105.0,1229.0,0.6289099609375001,True,CALL,2026-02-20,KGC
KGC260220C00034500,34.5,3.15,2.98,3.2,266.0,301.0,0.5971719970703125,True,CALL,2026-02-20,KGC
KGC260220C00035000,35.0,2.77,2.69,2.99,119.0,1892.0,0.6088906298828126,True,CALL,2026-02-20,KGC
KGC260220C00035500,35.5,2.63,2.38,2.78,3.0,46.0,0.6118202880859377,True,CALL,2026-02-20,KGC
KGC260220C00036000,36.0,2.25,2.16,2.46,275.0,1969.0,0.6069375244140626,True,CALL,2026-02-20,KGC
KGC260220C00036500,36.5,2.25,1.96,2.26,35.0,18.0,0.6162147753906251,False,CALL,2026-02-20,KGC
KGC260220C00037000,37.0,1.69,1.69,2.09,96.0,654.0,0.6152382226562501,False,CALL,2026-02-20,KGC
KGC260220C00037500,37.5,1.74,1.48,1.86,281.0,306.0,0.6093789062500001,False,CALL,2026-02-20,KGC
KGC260220C00038000,38.0,1.71,1.36,1.64,151.0,394.0,0.6132851171875001,False,CALL,2026-02-20,KGC
KGC260220C00038500,38.5,2.07,1.19,1.52,2.0,22.0,0.6196327099609377,False,CALL,2026-02-20,KGC
KGC260220C00039000,39.0,1.22,1.11,1.34,27.0,531.0,0.6259803027343751,False,CALL,2026-02-20,KGC
KGC260220C00040000,40.0,1.02,0.9,1.15,103.0,542.0,0.6469761865234375,False,CALL,2026-02-20,KGC
KGC260220C00041000,41.0,0.75,0.67,0.93,235.0,304.0,0.6455113574218749,False,CALL,2026-02-20,KGC
KGC260220C00042000,42.0,0.65,0.56,0.73,18.0,108.0,0.6552768847656252,False,CALL,2026-02-20,KGC
KGC260220C00043000,43.0,0.58,0.4,0.65,1.0,245.0,0.6669955175781253,False,CALL,2026-02-20,KGC
KGC260220C00045000,45.0,0.29,0.23,0.44,12.0,177.0,0.6806672558593752,False,CALL,2026-02-20,KGC
KGC260220P00026000,26.0,0.07,0.0,0.55,2.0,377.0,0.9531254687499999,False,PUT,2026-02-20,KGC
KGC260220P00027000,27.0,0.05,0.07,0.3,1.0,509.0,0.78711150390625,False,PUT,2026-02-20,KGC
KGC260220P00028000,28.0,0.16,0.07,0.3,4.0,922.0,0.7070341796875,False,PUT,2026-02-20,KGC
KGC260220P00028500,28.5,0.05,0.05,1.33,5.0,6.0,0.981445498046875,False,PUT,2026-02-20,KGC
KGC260220P00029000,29.0,0.24,0.01,0.91,3.0,546.0,0.8125018749999999,False,PUT,2026-02-20,KGC
KGC260220P00030000,30.0,0.4,0.32,0.53,29.0,878.0,0.7041045214843751,False,PUT,2026-02-20,KGC
KGC260220P00030500,30.5,0.34,0.38,0.6,9.0,11.0,0.69336244140625,False,PUT,2026-02-20,KGC
KGC260220P00031000,31.0,0.46,0.42,0.7,11.0,717.0,0.6806672558593752,False,PUT,2026-02-20,KGC
KGC260220P00031500,31.5,0.5,0.54,0.79,10.0,47.0,0.6787141503906251,False,PUT,2026-02-20,KGC
KGC260220P00032000,32.0,0.5,0.65,0.84,2.0,168.0,0.6621127539062501,False,PUT,2026-02-20,KGC
KGC260220P00032500,32.5,1.32,0.75,1.09,1.0,134.0,0.676761044921875,False,PUT,2026-02-20,KGC
KGC260220P00033000,33.0,1.04,0.75,1.04,12.0,452.0,0.6162147753906251,False,PUT,2026-02-20,KGC
KGC260220P00033500,33.5,1.61,1.04,1.32,1.0,20.0,0.657229990234375,False,PUT,2026-02-20,KGC
KGC260220P00034000,34.0,1.37,1.07,1.43,3.0,167.0,0.6225623681640625,False,PUT,2026-02-20,KGC
KGC260220P00034500,34.5,1.57,1.39,1.72,1.0,14.0,0.6552768847656252,False,PUT,2026-02-20,KGC
KGC260220P00035000,35.0,1.72,1.6,1.82,11.0,131.0,0.637698935546875,False,PUT,2026-02-20,KGC
KGC260220P00035500,35.5,2.0,1.79,2.09,1.0,16.0,0.6372106591796876,False,PUT,2026-02-20,KGC
KGC260220P00036000,36.0,2.3,2.08,2.48,13.0,404.0,0.6626010302734376,False,PUT,2026-02-20,KGC
KGC260220P00036500,36.5,1.85,2.25,2.74,2.0,9.0,0.6479527392578125,True,PUT,2026-02-20,KGC
KGC260220P00037000,37.0,2.75,2.65,2.9,4.0,35.0,0.6469761865234375,True,PUT,2026-02-20,KGC
KGC260220P00037500,37.5,3.15,2.98,3.2,331.0,278.0,0.6513706738281251,True,PUT,2026-02-20,KGC
KGC260220P00038000,38.0,3.0,3.3,3.5,8.0,51.0,0.6499058447265625,True,PUT,2026-02-20,KGC
KGC260220P00039000,39.0,3.98,3.95,4.25,2.0,264.0,0.657229990234375,True,PUT,2026-02-20,KGC
KGC260227C00026000,26.0,12.34,9.35,11.15,44.0,20.0,0.51562984375,True,CALL,2026-02-27,KGC
KGC260227C00027000,27.0,11.0,8.2,10.85,1.0,10.0,0.77148666015625,True,CALL,2026-02-27,KGC
KGC260227C00029000,29.0,5.45,6.55,8.75,,2.0,0.6914093359375001,True,CALL,2026-02-27,KGC
KGC260227C00030000,30.0,8.3,5.75,7.55,1.0,32.0,0.614261669921875,True,CALL,2026-02-27,KGC
KGC260227C00031000,31.0,5.85,5.45,6.15,1.0,17.0,0.5996133789062501,True,CALL,2026-02-27,KGC
KGC260227C00032000,32.0,6.0,4.65,5.45,1.0,34.0,0.6049844189453126,True,CALL,2026-02-27,KGC
KGC260227C00033000,33.0,4.1,4.2,4.5,8.0,18.0,0.6064492480468751,True,CALL,2026-02-27,KGC
KGC260227C00034000,34.0,3.83,3.55,4.0,3.0,60.0,0.6245154736328126,True,CALL,2026-02-27,KGC
KGC260227C00035000,35.0,3.05,2.98,3.15,5.0,22.0,0.5898478515625001,True,CALL,2026-02-27,KGC
KGC260227C00036000,36.0,2.7,2.5,2.68,10.0,284.0,0.5996133789062501,True,CALL,2026-02-27,KGC
KGC260227C00037000,37.0,2.3,2.06,2.23,57.0,172.0,0.6005899316406251,False,CALL,2026-02-27,KGC
KGC260227C00038000,38.0,1.77,1.69,1.84,31.0,89.0,0.6020547607421877,False,CALL,2026-02-27,KGC
KGC260227C00039000,39.0,1.38,1.41,1.56,13.0,43.0,0.6152382226562501,False,CALL,2026-02-27,KGC
KGC260227C00040000,40.0,1.19,1.13,1.27,31.0,147.0,0.614261669921875,False,CALL,2026-02-27,KGC
KGC260227C00041000,41.0,0.9,0.9,1.03,2.0,24.0,0.6147499462890625,False,CALL,2026-02-27,KGC
KGC260227C00042000,42.0,0.86,0.72,0.86,15.0,12.0,0.6210975390625001,False,CALL,2026-02-27,KGC
KGC260227C00043000,43.0,0.73,0.56,0.72,5.0,23.0,0.6254920263671876,False,CALL,2026-02-27,KGC
KGC260227P00027000,27.0,0.28,0.0,1.72,,7.0,1.0712937060546879,False,PUT,2026-02-27,KGC
KGC260227P00028000,28.0,0.15,0.0,1.22,1.0,2.0,0.866212275390625,False,PUT,2026-02-27,KGC
KGC260227P00029000,29.0,0.4,0.0,0.58,1.0,1.0,0.6201209863281252,False,PUT,2026-02-27,KGC
KGC260227P00030000,30.0,0.5,0.41,0.62,1.0,31.0,0.657229990234375,False,PUT,2026-02-27,KGC
KGC260227P00031000,31.0,0.47,0.62,0.75,1.0,20.0,0.6435582519531251,False,PUT,2026-02-27,KGC
KGC260227P00032000,32.0,0.95,0.88,0.99,14.0,23.0,0.6425816992187501,False,PUT,2026-02-27,KGC
KGC260227P00033000,33.0,1.06,1.18,1.29,1.0,11.0,0.6401403173828125,False,PUT,2026-02-27,KGC
KGC260227P00034000,34.0,1.64,1.47,1.62,1.0,11.0,0.6245154736328126,False,PUT,2026-02-27,KGC
KGC260227P00035000,35.0,1.93,1.87,2.03,6.0,6.0,0.6191444335937502,False,PUT,2026-02-27,KGC
KGC260227P00037000,37.0,1.7,2.97,3.15,4.0,2.0,0.6352575537109376,True,PUT,2026-02-27,KGC
KGC260306C00031000,31.0,8.25,5.5,7.25,3.0,0.0,0.7241238525390624,True,CALL,2026-03-06,KGC
KGC260306C00032000,32.0,7.1,4.8,5.65,3.0,4.0,0.5961954443359375,True,CALL,2026-03-06,KGC
KGC260306C00034000,34.0,5.5,3.75,4.15,1.0,5.0,0.6040078662109377,True,CALL,2026-03-06,KGC
KGC260306C00036000,36.0,4.12,2.7,3.2,1.0,2.0,0.6186561572265626,True,CALL,2026-03-06,KGC
KGC260306C00037000,37.0,2.39,2.25,2.58,6.0,27.0,0.5991251025390626,False,CALL,2026-03-06,KGC
KGC260306C00038000,38.0,2.1,1.84,2.37,7.0,96.0,0.6171913281250001,False,CALL,2026-03-06,KGC
KGC260306C00039000,39.0,1.87,1.49,1.86,21.0,23.0,0.5971719970703125,False,CALL,2026-03-06,KGC
KGC260306C00046000,46.0,0.75,0.39,1.35,62.0,63.0,0.7695335546875001,False,CALL,2026-03-06,KGC
KGC260306P00034000,34.0,1.75,1.58,1.93,,1.0,0.6123085644531252,False,PUT,2026-03-06,KGC
KGC260306P00037000,37.0,2.03,3.05,3.45,1.0,0.0,0.6135292553710938,True,PUT,2026-03-06,KGC
KGC260320C00027000,27.0,11.0,8.2,11.45,2.0,2.0,0.7246121289062499,True,CALL,2026-03-20,KGC
KGC260320C00029000,29.0,7.5,7.45,8.85,,2.0,0.6977569287109376,True,CALL,2026-03-20,KGC
KGC260320C00030000,30.0,7.08,6.55,7.6,1.0,36.0,0.6064492480468751,True,CALL,2026-03-20,KGC
KGC260320C00031000,31.0,6.55,6.05,6.6,6.0,5.0,0.6040078662109377,True,CALL,2026-03-20,KGC
KGC260320C00032000,32.0,7.79,5.35,5.8,3.0,9.0,0.5908244042968751,True,CALL,2026-03-20,KGC
KGC260320C00033000,33.0,4.9,4.8,5.2,2.0,40.0,0.6064492480468751,True,CALL,2026-03-20,KGC
KGC260320C00034000,34.0,6.2,4.2,4.55,10.0,111.0,0.6001016552734376,True,CALL,2026-03-20,KGC
KGC260320C00035000,35.0,4.0,3.7,3.9,160.0,260.0,0.5937540625000001,True,CALL,2026-03-20,KGC
KGC260320C00036000,36.0,3.15,3.2,3.35,84.0,205.0,0.5876506079101562,True,CALL,2026-03-20,KGC
KGC260320C00037000,37.0,2.99,2.86,3.05,37.0,212.0,0.6103554589843752,False,CALL,2026-03-20,KGC
KGC260320C00038000,38.0,2.52,2.43,2.6,35.0,192.0,0.6020547607421877,False,CALL,2026-03-20,KGC
KGC260320C00039000,39.0,2.24,2.11,2.27,58.0,447.0,0.6069375244140626,False,CALL,2026-03-20,KGC
KGC260320C00040000,40.0,1.9,1.81,1.97,255.0,1220.0,0.6093789062500001,False,CALL,2026-03-20,KGC
KGC260320C00041000,41.0,1.59,1.54,1.69,44.0,291.0,0.6088906298828126,False,CALL,2026-03-20,KGC
KGC260320C00042000,42.0,1.32,1.3,1.45,11.0,166.0,0.6086464916992189,False,CALL,2026-03-20,KGC
KGC260320C00043000,43.0,1.11,1.14,1.27,41.0,130.0,0.6171913281250001,False,CALL,2026-03-20,KGC
KGC260320C00044000,44.0,1.07,0.97,1.09,20.0,2.0,0.6186561572265626,False,CALL,2026-03-20,KGC
KGC260320C00045000,45.0,0.88,0.83,0.95,133.0,386.0,0.6235389208984375,False,CALL,2026-03-20,KGC
KGC260320P00026000,26.0,0.6,0.03,0.45,1.0,45.0,0.6191444335937502,False,PUT,2026-03-20,KGC
KGC260320P00027000,27.0,0.44,0.24,0.63,1.0,22.0,0.659183095703125,False,PUT,2026-03-20,KGC
KGC260320P00028000,28.0,0.74,0.43,0.95,1.0,938.0,0.6928741650390625,False,PUT,2026-03-20,KGC
KGC260320P00029000,29.0,0.77,0.55,0.82,10.0,552.0,0.6245154736328126,False,PUT,2026-03-20,KGC
KGC260320P00030000,30.0,0.9,0.83,0.93,135.0,775.0,0.6167030517578126,False,PUT,2026-03-20,KGC
KGC260320P00031000,31.0,0.8,1.04,1.19,10.0,36.0,0.6093789062500001,False,PUT,2026-03-20,KGC
KGC260320P00032000,32.0,1.45,1.33,1.47,21.0,82.0,0.6040078662109377,False,PUT,2026-03-20,KGC
KGC260320P00033000,33.0,1.74,1.67,1.84,13.0,755.0,0.6035195898437502,False,PUT,2026-03-20,KGC
KGC260320P00034000,34.0,2.11,2.08,2.25,18.0,84.0,0.6040078662109377,False,PUT,2026-03-20,KGC
KGC260320P00035000,35.0,2.77,2.52,2.67,35.0,816.0,0.5986368261718751,False,PUT,2026-03-20,KGC
KGC260320P00036000,36.0,3.15,3.0,3.25,26.0,48.0,0.6025430371093752,False,PUT,2026-03-20,KGC
KGC260320P00037000,37.0,3.62,3.6,3.75,30.0,293.0,0.6010782080078126,True,PUT,2026-03-20,KGC
KGC260320P00038000,38.0,4.25,4.2,4.35,16.0,68.0,0.6003457934570313,True,PUT,2026-03-20,KGC
KGC260320P00039000,39.0,4.43,4.85,5.0,1.0,38.0,0.6005899316406251,True,PUT,2026-03-20,KGC
KGC260320P00040000,40.0,5.5,5.6,5.8,4.0,78.0,0.6171913281250001,True,PUT,2026-03-20,KGC
KGC260320P00041000,41.0,5.3,6.2,6.55,112.0,162.0,0.6069375244140626,True,PUT,2026-03-20,KGC
KGC260515C00026000,26.0,12.54,10.65,11.9,2.0,838.0,0.6621127539062501,True,CALL,2026-05-15,KGC
KGC260515C00027000,27.0,10.14,10.0,10.65,42.0,625.0,0.6206092626953126,True,CALL,2026-05-15,KGC
KGC260515C00028000,28.0,11.18,9.25,10.55,6.0,852.0,0.6816438085937502,True,CALL,2026-05-15,KGC
KGC260515C00029000,29.0,10.15,7.7,9.8,4.0,774.0,0.5976602734375001,True,CALL,2026-05-15,KGC
KGC260515C00030000,30.0,8.2,7.95,8.5,371.0,2853.0,0.624027197265625,True,CALL,2026-05-15,KGC
KGC260515C00031000,31.0,7.83,7.15,7.7,11.0,398.0,0.5981485498046876,True,CALL,2026-05-15,KGC
KGC260515C00032000,32.0,7.4,6.5,7.05,1.0,530.0,0.5915568188476563,True,CALL,2026-05-15,KGC
KGC260515C00033000,33.0,6.3,5.8,6.55,10.0,4261.0,0.5874064697265625,True,CALL,2026-05-15,KGC
KGC260515C00034000,34.0,5.68,5.3,5.95,1.0,1110.0,0.5854533642578125,True,CALL,2026-05-15,KGC
KGC260515C00035000,35.0,5.22,5.0,5.45,52.0,4890.0,0.5983926879882813,True,CALL,2026-05-15,KGC
KGC260515C00036000,36.0,4.8,4.55,4.8,18.0,343.0,0.586918193359375,True,CALL,2026-05-15,KGC
KGC260515C00037000,37.0,4.28,4.1,4.4,28.0,823.0,0.5871623315429688,False,CALL,2026-05-15,KGC
KGC260515C00038000,38.0,3.78,3.7,3.9,52.0,425.0,0.5800823242187501,False,CALL,2026-05-15,KGC
KGC260515C00039000,39.0,3.38,3.35,3.65,37.0,102.0,0.5881388842773438,False,CALL,2026-05-15,KGC
KGC260515C00040000,40.0,3.2,3.05,3.3,111.0,1911.0,0.5893595751953126,False,CALL,2026-05-15,KGC
KGC260515C00041000,41.0,2.94,2.77,3.1,4.0,168.0,0.5979044116210939,False,CALL,2026-05-15,KGC
KGC260515C00042000,42.0,2.58,2.51,2.72,66.0,116.0,0.5925333715820313,False,CALL,2026-05-15,KGC
KGC260515C00043000,43.0,2.95,2.26,2.46,1.0,43.0,0.5927775097656252,False,CALL,2026-05-15,KGC
KGC260515C00045000,45.0,1.9,1.87,2.04,119.0,791.0,0.5983926879882813,False,CALL,2026-05-15,KGC
KGC260515P00026000,26.0,0.67,0.59,1.09,1.0,764.0,0.6127968408203126,False,PUT,2026-05-15,KGC
KGC260515P00027000,27.0,0.75,0.88,1.15,1.0,347.0,0.6030313134765627,False,PUT,2026-05-15,KGC
KGC260515P00028000,28.0,1.14,0.78,1.49,105.0,251.0,0.5766643896484375,False,PUT,2026-05-15,KGC
KGC260515P00029000,29.0,1.45,1.37,1.53,130.0,2309.0,0.584965087890625,False,PUT,2026-05-15,KGC
KGC260515P00030000,30.0,1.65,1.63,1.81,3.0,699.0,0.5778850805664062,False,PUT,2026-05-15,KGC
KGC260515P00031000,31.0,2.2,1.72,2.25,45.0,1739.0,0.5649457568359376,False,PUT,2026-05-15,KGC
KGC260515P00032000,32.0,1.8,2.29,2.5,3.0,311.0,0.569340244140625,False,PUT,2026-05-15,KGC
KGC260515P00033000,33.0,2.83,2.68,2.89,1.0,142.0,0.5649457568359376,False,PUT,2026-05-15,KGC
KGC260515P00034000,34.0,2.52,2.74,3.4,9.0,51.0,0.541264353027344,False,PUT,2026-05-15,KGC
KGC260515P00035000,35.0,2.95,3.55,3.8,15.0,2150.0,0.5561567822265626,False,PUT,2026-05-15,KGC
KGC260515P00036000,36.0,3.7,4.1,4.35,19.0,159.0,0.5583540258789064,False,PUT,2026-05-15,KGC
KGC260515P00039000,39.0,6.05,5.9,6.15,21.0,1.0,0.5568891967773439,True,PUT,2026-05-15,KGC
KGC260515P00040000,40.0,6.7,6.55,6.8,30.0,9.0,0.5544478149414063,True,PUT,2026-05-15,KGC
KGC260821C00026000,26.0,13.45,11.7,12.65,2.0,14.0,0.6176796044921876,True,CALL,2026-08-21,KGC
KGC260821C00027000,27.0,11.35,11.1,11.85,16.0,32.0,0.6140175317382813,True,CALL,2026-08-21,KGC
KGC260821C00028000,28.0,10.77,10.3,11.25,1.0,157.0,0.6069375244140626,True,CALL,2026-08-21,KGC
KGC260821C00029000,29.0,11.9,9.65,11.2,2.0,73.0,0.63867548828125,True,CALL,2026-08-21,KGC
KGC260821C00030000,30.0,9.85,9.05,9.85,46.0,237.0,0.5935099243164064,True,CALL,2026-08-21,KGC
KGC260821C00031000,31.0,9.15,8.45,9.0,5.0,37.0,0.57617611328125,True,CALL,2026-08-21,KGC
KGC260821C00032000,32.0,7.9,8.1,8.6,1.0,328.0,0.5937540625000001,True,CALL,2026-08-21,KGC
KGC260821C00033000,33.0,9.0,7.4,8.15,1.0,311.0,0.586918193359375,True,CALL,2026-08-21,KGC
KGC260821C00034000,34.0,8.75,6.9,7.35,2.0,201.0,0.5705609350585938,True,CALL,2026-08-21,KGC
KGC260821C00035000,35.0,8.05,6.45,7.75,2.0,431.0,0.6125527026367189,True,CALL,2026-08-21,KGC
KGC260821C00036000,36.0,6.15,6.0,6.45,6.0,83.0,0.5700726586914062,True,CALL,2026-08-21,KGC
KGC260821C00037000,37.0,6.05,5.6,6.5,4.0,88.0,0.591923026123047,False,CALL,2026-08-21,KGC
KGC260821C00038000,38.0,5.54,5.25,5.65,5.0,98.0,0.5717816259765626,False,CALL,2026-08-21,KGC
KGC260821C00039000,39.0,5.99,4.45,5.8,1.0,27.0,0.5749554223632812,False,CALL,2026-08-21,KGC
KGC260821C00040000,40.0,5.0,4.7,4.95,14.0,571.0,0.5786174951171875,False,CALL,2026-08-21,KGC
KGC260821C00041000,41.0,4.75,4.3,4.7,15.0,16.0,0.5778850805664062,False,CALL,2026-08-21,KGC
KGC260821C00042000,42.0,4.15,4.05,4.35,30.0,61.0,0.5777630114746093,False,CALL,2026-08-21,KGC
KGC260821C00045000,45.0,3.4,3.25,3.55,35.0,661.0,0.5764202514648438,False,CALL,2026-08-21,KGC
KGC260821P00026000,26.0,1.4,1.38,1.85,3.0,17.0,0.569340244140625,False,PUT,2026-08-21,KGC
KGC260821P00027000,27.0,1.56,1.66,1.96,17.0,72.0,0.5544478149414063,False,PUT,2026-08-21,KGC
KGC260821P00028000,28.0,1.78,1.97,2.81,40.0,278.0,0.5874064697265625,False,PUT,2026-08-21,KGC
KGC260821P00029000,29.0,1.9,2.29,2.7,80.0,280.0,0.5549360913085939,False,PUT,2026-08-21,KGC
KGC260821P00030000,30.0,2.81,2.66,2.95,39.0,322.0,0.5461471166992189,False,PUT,2026-08-21,KGC
KGC260821P00031000,31.0,2.71,3.0,4.35,1.0,115.0,0.5959513061523438,False,PUT,2026-08-21,KGC
KGC260821P00032000,32.0,3.75,3.5,3.8,11.0,440.0,0.5446822875976562,False,PUT,2026-08-21,KGC
KGC260821P00033000,33.0,4.2,3.95,4.2,13.0,51.0,0.5395553857421876,False,PUT,2026-08-21,KGC
KGC260821P00034000,34.0,4.75,4.35,4.75,1.0,192.0,0.5367477966308594,False,PUT,2026-08-21,KGC
KGC260821P00035000,35.0,5.2,4.9,5.2,12.0,103.0,0.5336960693359375,False,PUT,2026-08-21,KGC
KGC260821P00036000,36.0,5.05,5.4,5.9,7.0,41.0,0.5376022802734376,False,PUT,2026-08-21,KGC
KGC260821P00037000,37.0,6.35,6.0,6.3,1.0,457.0,0.5295457202148439,True,PUT,2026-08-21,KGC
KGC260821P00039000,39.0,6.75,7.1,7.55,15.0,18.0,0.5225877819824218,True,PUT,2026-08-21,KGC
KGC260821P00040000,40.0,7.35,7.7,9.35,10.0,31.0,0.5722699023437501,True,PUT,2026-08-21,KGC
KGC260821P00041000,41.0,8.05,8.4,8.9,2.0,2.0,0.5207567456054687,True,PUT,2026-08-21,KGC
KGC260821P00042000,42.0,9.4,9.15,9.55,1.0,4.0,0.5200243310546875,True,PUT,2026-08-21,KGC
KGC260821P00045000,45.0,10.1,10.65,11.8,22.0,12.0,0.5407760766601564,True,PUT,2026-08-21,KGC
KGC270115C00027000,27.0,12.4,12.4,13.15,8.0,697.0,0.5974161352539062,True,CALL,2027-01-15,KGC
KGC270115C00030000,30.0,11.0,10.6,11.1,108.0,2762.0,0.5730023168945313,True,CALL,2027-01-15,KGC
KGC270115C00035000,35.0,8.2,8.15,8.6,40.0,9309.0,0.5620160986328125,True,CALL,2027-01-15,KGC
KGC270115C00040000,40.0,6.41,6.35,6.75,131.0,961.0,0.5632367895507813,False,CALL,2027-01-15,KGC
KGC270115C00045000,45.0,5.05,4.9,5.45,26.0,756.0,0.567387138671875,False,CALL,2027-01-15,KGC
KGC270115P00027000,27.0,2.28,1.6,2.88,1.0,309.0,0.5327195166015625,False,PUT,2027-01-15,KGC
KGC270115P00030000,30.0,3.58,2.54,4.0,2.0,324.0,0.5202684692382812,False,PUT,2027-01-15,KGC
KGC270115P00035000,35.0,6.1,6.1,6.4,202.0,239.0,0.506840869140625,False,PUT,2027-01-15,KGC
KGC270115P00040000,40.0,9.3,8.05,9.4,1.0,120.0,0.4985401708984375,True,PUT,2027-01-15,KGC
KGC270115P00045000,45.0,12.77,12.0,12.95,1.0,5.0,0.49670913452148446,True,PUT,2027-01-15,KGC
KGC280121C00027000,27.0,17.51,14.2,16.4,2.0,237.0,0.5841106042480468,True,CALL,2028-01-21,KGC
KGC280121C00030000,30.0,14.2,13.1,15.3,9.0,3524.0,0.599735447998047,True,CALL,2028-01-21,KGC
KGC280121C00032000,32.0,14.8,12.35,14.1,7.0,5503.0,0.5904581970214844,True,CALL,2028-01-21,KGC
KGC280121C00035000,35.0,12.0,11.35,13.1,1.0,980.0,0.5971719970703125,True,CALL,2028-01-21,KGC
KGC280121C00040000,40.0,9.76,9.25,10.95,6.0,433.0,0.5709271423339843,False,CALL,2028-01-21,KGC
KGC280121C00045000,45.0,8.57,8.1,9.85,53.0,513.0,0.5832561206054687,False,CALL,2028-01-21,KGC
KGC280121P00027000,27.0,3.0,2.7,5.65,10.0,239.0,0.556767127685547,False,PUT,2028-01-21,KGC
KGC280121P00030000,30.0,5.95,5.5,6.25,100.0,69.0,0.49695327270507816,False,PUT,2028-01-21,KGC
KGC280121P00032000,32.0,6.5,4.55,7.6,30.0,32.0,0.5111132873535156,False,PUT,2028-01-21,KGC
KGC280121P00035000,35.0,8.75,6.5,9.35,4.0,27.0,0.5086719055175781,False,PUT,2028-01-21,KGC
KGC280121P00040000,40.0,11.1,9.5,12.9,5.0,25.0,0.5220995056152342,True,PUT,2028-01-21,KGC
KGC280121P00045000,45.0,13.9,13.5,15.85,12.0,45.0,0.4901174035644532,True,PUT,2028-01-21,KGC
KHC260130C00020000,20.0,3.3,3.0,3.4,2.0,38.0,1.109379453125,True,CALL,2026-01-30,KHC
KHC260130C00020500,20.5,2.78,2.4,2.95,1.0,5.0,0.500005,True,CALL,2026-01-30,KHC
KHC260130C00021000,21.0,2.74,1.82,2.47,3.0,1.0,1.5976582617187498,True,CALL,2026-01-30,KHC
KHC260130C00021500,21.5,1.35,1.51,2.12,1.0,10.0,1.015629921875,True,CALL,2026-01-30,KHC
KHC260130C00022000,22.0,1.34,0.84,1.62,7.0,34.0,0.585941640625,True,CALL,2026-01-30,KHC
KHC260130C00022500,22.5,0.73,0.53,0.98,7.0,161.0,0.8632826171875,True,CALL,2026-01-30,KHC
KHC260130C00023000,23.0,0.26,0.15,0.24,117.0,13136.0,0.1992267578125,True,CALL,2026-01-30,KHC
KHC260130C00023500,23.5,0.03,0.03,0.04,339.0,13379.0,0.21875781249999998,False,CALL,2026-01-30,KHC
KHC260130C00024000,24.0,0.02,0.0,0.02,239.0,6200.0,0.32813171874999997,False,CALL,2026-01-30,KHC
KHC260130C00024500,24.5,0.01,0.0,0.02,2.0,1382.0,0.4687553125,False,CALL,2026-01-30,KHC
KHC260130C00025000,25.0,0.01,0.0,0.01,4.0,1512.0,0.5312546875,False,CALL,2026-01-30,KHC
KHC260130C00025500,25.5,0.01,0.0,0.01,1.0,470.0,0.5937540625000001,False,CALL,2026-01-30,KHC
KHC260130C00026000,26.0,0.01,0.0,0.01,7.0,630.0,0.6875031250000001,False,CALL,2026-01-30,KHC
KHC260130C00026500,26.5,0.01,0.0,0.02,2.0,1.0,0.85937640625,False,CALL,2026-01-30,KHC
KHC260130C00027000,27.0,0.01,0.0,0.01,32.0,273.0,0.87500125,False,CALL,2026-01-30,KHC
KHC260130C00027500,27.5,0.04,0.0,0.01,3.0,2.0,0.9687503125,False,CALL,2026-01-30,KHC
KHC260130C00028000,28.0,0.01,0.0,0.01,1.0,9.0,1.0625046875000002,False,CALL,2026-01-30,KHC
KHC260130C00029000,29.0,0.02,0.0,0.01,,1.0,1.21875390625,False,CALL,2026-01-30,KHC
KHC260130P00019000,19.0,0.01,0.0,0.02,2.0,4.0,1.21875390625,False,PUT,2026-01-30,KHC
KHC260130P00020000,20.0,0.01,0.0,0.02,3.0,28.0,0.937500625,False,PUT,2026-01-30,KHC
KHC260130P00020500,20.5,0.01,0.0,0.02,122.0,132.0,0.8125018749999999,False,PUT,2026-01-30,KHC
KHC260130P00021000,21.0,0.01,0.0,0.02,20.0,469.0,0.6718782812500002,False,PUT,2026-01-30,KHC
KHC260130P00021500,21.5,0.01,0.0,0.02,1.0,377.0,0.5312546875,False,PUT,2026-01-30,KHC
KHC260130P00022000,22.0,0.01,0.0,0.02,31.0,1061.0,0.45313046875,False,PUT,2026-01-30,KHC
KHC260130P00022500,22.5,0.02,0.01,0.07,179.0,634.0,0.42969320312500003,False,PUT,2026-01-30,KHC
KHC260130P00023000,23.0,0.11,0.09,0.19,358.0,1384.0,0.39453730468750003,False,PUT,2026-01-30,KHC
KHC260130P00023500,23.5,0.41,0.29,0.6,146.0,614.0,0.6054726953125001,True,PUT,2026-01-30,KHC
KHC260130P00024000,24.0,0.84,0.81,1.07,9.0,566.0,0.5742230078125,True,PUT,2026-01-30,KHC
KHC260130P00024500,24.5,1.0,0.89,1.62,3.0,10.0,1.1171919140625,True,PUT,2026-01-30,KHC
KHC260130P00025000,25.0,1.74,1.47,2.32,3.0,70.0,0.804689453125,True,PUT,2026-01-30,KHC
KHC260130P00026000,26.0,2.98,0.74,4.9,2.0,1.0,4.566410541992187,True,PUT,2026-01-30,KHC
KHC260130P00026500,26.5,2.97,1.26,4.95,,0.0,4.10937986328125,True,PUT,2026-01-30,KHC
KHC260130P00028000,28.0,5.07,2.73,6.9,1.0,1.0,5.394534506835937,True,PUT,2026-01-30,KHC
KHC260206C00017000,17.0,6.47,6.05,6.55,1.0,1.0,1.3281283593749997,True,CALL,2026-02-06,KHC
KHC260206C00021000,21.0,2.7,2.04,2.53,1.0,0.0,0.5351608984375,True,CALL,2026-02-06,KHC
KHC260206C00022000,22.0,1.68,0.93,1.68,3.0,178.0,0.6953155468750001,True,CALL,2026-02-06,KHC
KHC260206C00022500,22.5,0.8,0.67,0.76,7.0,5.0,0.21875781249999998,True,CALL,2026-02-06,KHC
KHC260206C00023000,23.0,0.39,0.39,0.41,213.0,574.0,0.21778125976562498,True,CALL,2026-02-06,KHC
KHC260206C00023500,23.5,0.18,0.0,0.17,50.0,273.0,0.20899228515624996,False,CALL,2026-02-06,KHC
KHC260206C00024000,24.0,0.08,0.06,0.07,66.0,648.0,0.22461712890624996,False,CALL,2026-02-06,KHC
KHC260206C00024500,24.5,0.03,0.02,0.16,27.0,266.0,0.4062559375,False,CALL,2026-02-06,KHC
KHC260206C00025000,25.0,0.03,0.0,0.02,18.0,7208.0,0.28516339843749994,False,CALL,2026-02-06,KHC
KHC260206C00025500,25.5,0.03,0.0,0.05,40.0,117.0,0.414068359375,False,CALL,2026-02-06,KHC
KHC260206C00026000,26.0,0.01,0.0,0.02,7.0,284.0,0.398443515625,False,CALL,2026-02-06,KHC
KHC260206C00026500,26.5,0.01,0.0,0.02,1.0,3.0,0.45313046875,False,CALL,2026-02-06,KHC
KHC260206C00027000,27.0,0.07,0.0,0.02,14.0,11.0,0.500005,False,CALL,2026-02-06,KHC
KHC260206C00027500,27.5,0.06,0.0,0.75,1.0,1.0,1.1054732226562503,False,CALL,2026-02-06,KHC
KHC260206C00028000,28.0,0.01,0.0,0.05,1.0,5.0,0.6250037500000001,False,CALL,2026-02-06,KHC
KHC260206C00028500,28.5,0.07,0.0,0.75,16.0,0.0,1.2460975195312498,False,CALL,2026-02-06,KHC
KHC260206C00029000,29.0,0.16,0.0,0.75,16.0,1.0,1.3125034374999998,False,CALL,2026-02-06,KHC
KHC260206C00029500,29.5,0.07,0.0,0.75,16.0,0.0,1.376956240234375,False,CALL,2026-02-06,KHC
KHC260206C00030000,30.0,0.07,0.0,0.15,16.0,1.0,0.9726565234375,False,CALL,2026-02-06,KHC
KHC260206P00020000,20.0,0.01,0.0,0.8,20.0,57.0,1.09375453125,False,PUT,2026-02-06,KHC
KHC260206P00021000,21.0,0.04,0.0,0.04,5.0,1708.0,0.414068359375,False,PUT,2026-02-06,KHC
KHC260206P00021500,21.5,0.04,0.01,0.04,11.0,492.0,0.3320379296875,False,PUT,2026-02-06,KHC
KHC260206P00022000,22.0,0.05,0.04,0.07,74.0,452.0,0.29688203124999996,False,PUT,2026-02-06,KHC
KHC260206P00022500,22.5,0.13,0.11,0.14,18.0,190.0,0.27149166015625,False,PUT,2026-02-06,KHC
KHC260206P00023000,23.0,0.3,0.27,0.31,112.0,710.0,0.270515107421875,False,PUT,2026-02-06,KHC
KHC260206P00023500,23.5,0.52,0.55,0.59,21.0,111.0,0.278327529296875,True,PUT,2026-02-06,KHC
KHC260206P00024000,24.0,0.9,0.86,1.15,12.0,293.0,0.445318046875,True,PUT,2026-02-06,KHC
KHC260206P00024500,24.5,1.1,1.05,1.56,3.0,25.0,0.47461462890625,True,PUT,2026-02-06,KHC
KHC260206P00025000,25.0,1.77,1.39,2.0,3.0,17.0,0.507817421875,True,PUT,2026-02-06,KHC
KHC260206P00025500,25.5,2.65,1.88,2.69,2.0,1.0,0.7753928710937501,True,PUT,2026-02-06,KHC
KHC260206P00026000,26.0,2.63,2.38,3.2,1.0,3.0,0.8710950390625,True,PUT,2026-02-06,KHC
KHC260213C00019000,19.0,5.18,4.0,4.6,,4.0,0.70117486328125,True,CALL,2026-02-13,KHC
KHC260213C00020000,20.0,3.31,3.05,3.45,1.0,9.0,0.7138700488281251,True,CALL,2026-02-13,KHC
KHC260213C00022000,22.0,1.35,1.23,1.84,8.0,23.0,0.6152382226562501,True,CALL,2026-02-13,KHC
KHC260213C00023000,23.0,0.71,0.61,0.74,10.0,268.0,0.335944140625,True,CALL,2026-02-13,KHC
KHC260213C00024000,24.0,0.29,0.24,0.28,7.0,775.0,0.30664755859375,False,CALL,2026-02-13,KHC
KHC260213C00025000,25.0,0.12,0.09,0.11,98.0,813.0,0.32617861328125,False,CALL,2026-02-13,KHC
KHC260213C00026000,26.0,0.06,0.04,0.06,52.0,451.0,0.37305314453125,False,CALL,2026-02-13,KHC
KHC260213C00027000,27.0,0.03,0.0,0.05,2.0,56.0,0.445318046875,False,CALL,2026-02-13,KHC
KHC260213C00028000,28.0,0.01,0.0,0.05,1.0,2.0,0.5273484765625001,False,CALL,2026-02-13,KHC
KHC260213C00029000,29.0,0.01,0.0,2.13,1.0,2.0,1.4619167529296875,False,CALL,2026-02-13,KHC
KHC260213C00030000,30.0,0.01,0.0,0.22,,2.0,0.789064609375,False,CALL,2026-02-13,KHC
KHC260213P00019000,19.0,0.02,0.0,0.95,1.0,5.0,1.0644578027343752,False,PUT,2026-02-13,KHC
KHC260213P00020000,20.0,0.1,0.0,0.2,3.0,25.0,0.5273484765625001,False,PUT,2026-02-13,KHC
KHC260213P00021000,21.0,0.06,0.08,0.1,6.0,724.0,0.39063109375,False,PUT,2026-02-13,KHC
KHC260213P00022000,22.0,0.22,0.21,0.23,44.0,1364.0,0.348639326171875,False,PUT,2026-02-13,KHC
KHC260213P00023000,23.0,0.54,0.34,0.72,6.0,567.0,0.41699801757812494,False,PUT,2026-02-13,KHC
KHC260213P00024000,24.0,1.08,1.11,1.21,12.0,482.0,0.367193828125,True,PUT,2026-02-13,KHC
KHC260213P00025000,25.0,1.75,1.75,2.09,1.0,131.0,0.446294599609375,True,PUT,2026-02-13,KHC
KHC260213P00026000,26.0,2.57,2.4,3.05,4.0,6.0,0.5410202148437502,True,PUT,2026-02-13,KHC
KHC260220C00017500,17.5,6.0,5.55,6.1,3.0,6.0,0.8027363476562499,True,CALL,2026-02-20,KHC
KHC260220C00020000,20.0,3.63,3.1,3.65,52.0,202.0,0.5351608984375,True,CALL,2026-02-20,KHC
KHC260220C00021000,21.0,2.52,2.19,2.6,1.0,37.0,0.5507857421875001,True,CALL,2026-02-20,KHC
KHC260220C00021500,21.5,2.02,1.68,2.09,2.0,6.0,0.467778759765625,True,CALL,2026-02-20,KHC
KHC260220C00022000,22.0,1.61,1.35,1.46,1.0,19.0,0.32129584960937496,True,CALL,2026-02-20,KHC
KHC260220C00022500,22.5,1.14,0.99,1.12,15.0,449.0,0.32129584960937496,True,CALL,2026-02-20,KHC
KHC260220C00023000,23.0,0.72,0.7,0.83,6.0,296.0,0.3193427441406249,True,CALL,2026-02-20,KHC
KHC260220C00023500,23.5,0.5,0.47,0.54,12.0,692.0,0.2954172021484375,False,CALL,2026-02-20,KHC
KHC260220C00024000,24.0,0.35,0.3,0.37,53.0,794.0,0.299811689453125,False,CALL,2026-02-20,KHC
KHC260220C00024500,24.5,0.22,0.2,0.25,53.0,216.0,0.305671005859375,False,CALL,2026-02-20,KHC
KHC260220C00025000,25.0,0.15,0.13,0.15,19.0,8129.0,0.3007882421875,False,CALL,2026-02-20,KHC
KHC260220C00025500,25.5,0.11,0.09,0.17,2.0,638.0,0.36524072265625,False,CALL,2026-02-20,KHC
KHC260220C00026000,26.0,0.06,0.06,0.09,16.0,444.0,0.3437565625,False,CALL,2026-02-20,KHC
KHC260220C00026500,26.5,0.04,0.0,0.11,36.0,38.0,0.40430283203125,False,CALL,2026-02-20,KHC
KHC260220C00027000,27.0,0.14,0.0,0.1,1.0,9.0,0.43555251953125,False,CALL,2026-02-20,KHC
KHC260220C00027500,27.5,0.05,0.02,0.05,1.0,845.0,0.4062559375,False,CALL,2026-02-20,KHC
KHC260220C00028000,28.0,0.04,0.0,0.05,82.0,80.0,0.4414118359375,False,CALL,2026-02-20,KHC
KHC260220C00028500,28.5,0.01,0.0,0.08,,1.0,0.5195360546875,False,CALL,2026-02-20,KHC
KHC260220C00030000,30.0,0.04,0.0,0.04,1.0,62.0,0.5429733203125001,False,CALL,2026-02-20,KHC
KHC260220P00017500,17.5,0.02,0.0,0.03,6.0,64.0,0.523442265625,False,PUT,2026-02-20,KHC
KHC260220P00018000,18.0,0.03,0.0,0.08,,3.0,0.5546919531250001,False,PUT,2026-02-20,KHC
KHC260220P00019000,19.0,0.02,0.0,0.09,1.0,28.0,0.5390671093750001,False,PUT,2026-02-20,KHC
KHC260220P00020000,20.0,0.04,0.0,0.1,2.0,2923.0,0.43945873046875,False,PUT,2026-02-20,KHC
KHC260220P00020500,20.5,0.08,0.06,0.09,2.0,222.0,0.3711000390625,False,PUT,2026-02-20,KHC
KHC260220P00021000,21.0,0.12,0.1,0.15,3.0,785.0,0.36914693359375,False,PUT,2026-02-20,KHC
KHC260220P00021500,21.5,0.16,0.16,0.18,9.0,376.0,0.32813171874999997,False,PUT,2026-02-20,KHC
KHC260220P00022000,22.0,0.26,0.25,0.29,179.0,1347.0,0.3242255078124999,False,PUT,2026-02-20,KHC
KHC260220P00022500,22.5,0.4,0.39,0.44,59.0,7994.0,0.31836619140624994,False,PUT,2026-02-20,KHC
KHC260220P00023000,23.0,0.57,0.58,0.65,166.0,574.0,0.317389638671875,False,PUT,2026-02-20,KHC
KHC260220P00023500,23.5,0.9,0.84,0.93,16.0,149.0,0.3237372314453124,True,PUT,2026-02-20,KHC
KHC260220P00024000,24.0,1.21,1.15,1.26,4.0,374.0,0.33008482421874996,True,PUT,2026-02-20,KHC
KHC260220P00024500,24.5,1.36,1.49,1.81,6.0,212.0,0.424810439453125,True,PUT,2026-02-20,KHC
KHC260220P00025000,25.0,2.01,1.91,2.1,41.0,1416.0,0.37793590820312495,True,PUT,2026-02-20,KHC
KHC260220P00025500,25.5,2.39,2.09,2.62,13.0,157.0,0.445318046875,True,PUT,2026-02-20,KHC
KHC260220P00026000,26.0,2.7,2.62,3.05,1.0,2.0,0.45117736328125,True,PUT,2026-02-20,KHC
KHC260220P00027500,27.5,4.15,4.1,4.55,1.0,1.0,0.586918193359375,True,PUT,2026-02-20,KHC
KHC260220P00030000,30.0,6.02,6.45,7.2,,0.0,0.9003916210937499,True,PUT,2026-02-20,KHC
KHC260227C00018000,18.0,4.5,5.05,5.65,,4.0,0.6718782812500002,True,CALL,2026-02-27,KHC
KHC260227C00020000,20.0,3.55,3.1,3.65,5.0,8.0,0.6425816992187501,True,CALL,2026-02-27,KHC
KHC260227C00020500,20.5,2.22,2.65,3.15,1.0,9.0,0.5751995605468749,True,CALL,2026-02-27,KHC
KHC260227C00021000,21.0,2.81,2.2,2.81,1.0,2.0,0.584965087890625,True,CALL,2026-02-27,KHC
KHC260227C00021500,21.5,1.44,1.75,2.36,,2.0,0.5336960693359375,True,CALL,2026-02-27,KHC
KHC260227C00022000,22.0,1.5,1.41,1.55,1.0,10.0,0.3232489550781249,True,CALL,2026-02-27,KHC
KHC260227C00022500,22.5,1.03,1.06,1.21,1.0,2.0,0.317389638671875,True,CALL,2026-02-27,KHC
KHC260227C00023000,23.0,0.99,0.76,0.83,8.0,20.0,0.2802806347656249,True,CALL,2026-02-27,KHC
KHC260227C00023500,23.5,0.67,0.54,0.58,1.0,69.0,0.2739330419921875,False,CALL,2026-02-27,KHC
KHC260227C00024000,24.0,0.36,0.36,0.4,49.0,418.0,0.274421318359375,False,CALL,2026-02-27,KHC
KHC260227C00024500,24.5,0.27,0.24,0.27,3.0,167.0,0.27735097656249996,False,CALL,2026-02-27,KHC
KHC260227C00025000,25.0,0.19,0.15,0.2,11.0,86.0,0.2919992675781249,False,CALL,2026-02-27,KHC
KHC260227C00025500,25.5,0.14,0.1,0.15,10.0,130.0,0.30664755859375,False,CALL,2026-02-27,KHC
KHC260227C00026000,26.0,0.08,0.06,0.13,1.0,354.0,0.33301448242187504,False,CALL,2026-02-27,KHC
KHC260227C00026500,26.5,0.09,0.0,0.55,1.0,57.0,0.6093789062500001,False,CALL,2026-02-27,KHC
KHC260227C00027000,27.0,0.07,0.0,0.49,206.0,215.0,0.6250037500000001,False,CALL,2026-02-27,KHC
KHC260227C00027500,27.5,0.07,0.0,1.0,,3.0,0.6728548339843752,False,CALL,2026-02-27,KHC
KHC260227C00028000,28.0,0.05,0.0,0.95,,2.0,0.70117486328125,False,CALL,2026-02-27,KHC
KHC260227C00029000,29.0,0.03,0.0,0.95,,3.0,0.778322529296875,False,CALL,2026-02-27,KHC
KHC260227C00030000,30.0,0.04,0.0,0.05,,2.0,0.49219257812500006,False,CALL,2026-02-27,KHC
KHC260227P00017000,17.0,0.3,0.0,0.95,,1.0,1.056645341796875,False,PUT,2026-02-27,KHC
KHC260227P00018500,18.5,0.05,0.0,0.95,,1.0,0.8457046679687499,False,PUT,2026-02-27,KHC
KHC260227P00019000,19.0,0.07,0.0,0.95,,1.0,0.7773459765625,False,PUT,2026-02-27,KHC
KHC260227P00019500,19.5,0.11,0.0,0.25,,12.0,0.5634809277343751,False,PUT,2026-02-27,KHC
KHC260227P00020000,20.0,0.07,0.05,0.11,12.0,21.0,0.39453730468750003,False,PUT,2026-02-27,KHC
KHC260227P00020500,20.5,0.06,0.08,1.0,2.0,38.0,0.6093789062500001,False,PUT,2026-02-27,KHC
KHC260227P00021000,21.0,0.12,0.13,0.2,1.0,101.0,0.35547519531249994,False,PUT,2026-02-27,KHC
KHC260227P00021500,21.5,0.2,0.19,0.21,9.0,50.0,0.304694453125,False,PUT,2026-02-27,KHC
KHC260227P00022000,22.0,0.3,0.29,0.36,14.0,251.0,0.31641308593749995,False,PUT,2026-02-27,KHC
KHC260227P00022500,22.5,0.39,0.43,0.49,22.0,309.0,0.29932341308593746,False,PUT,2026-02-27,KHC
KHC260227P00023000,23.0,0.25,0.62,0.66,1.0,115.0,0.282233740234375,False,PUT,2026-02-27,KHC
KHC260227P00023500,23.5,0.86,0.85,0.92,215.0,202.0,0.2797923583984374,True,PUT,2026-02-27,KHC
KHC260227P00024000,24.0,1.25,1.2,1.39,3.0,105.0,0.340826904296875,True,PUT,2026-02-27,KHC
KHC260227P00024500,24.5,1.88,1.57,1.81,3.0,7.0,0.372076591796875,True,PUT,2026-02-27,KHC
KHC260227P00025000,25.0,1.93,1.32,2.36,2.0,6.0,0.450200810546875,True,PUT,2026-02-27,KHC
KHC260227P00026500,26.5,3.21,1.36,5.3,,1.0,1.1977579174804687,True,PUT,2026-02-27,KHC
KHC260306C00021000,21.0,2.48,2.23,2.43,32.0,2.0,0.3505924316406249,True,CALL,2026-03-06,KHC
KHC260306C00023000,23.0,0.88,0.68,0.97,5.0,134.0,0.299811689453125,True,CALL,2026-03-06,KHC
KHC260306C00023500,23.5,0.64,0.55,0.74,6.0,109.0,0.3012765185546875,False,CALL,2026-03-06,KHC
KHC260306C00024000,24.0,0.42,0.39,0.48,5.0,12.0,0.27637442382812494,False,CALL,2026-03-06,KHC
KHC260306C00024500,24.5,0.34,0.1,0.41,11.0,21.0,0.305671005859375,False,CALL,2026-03-06,KHC
KHC260306C00025000,25.0,0.26,0.01,0.3,12.0,185.0,0.309577216796875,False,CALL,2026-03-06,KHC
KHC260306C00025500,25.5,0.17,0.11,0.21,1.0,5.0,0.3086006640625,False,CALL,2026-03-06,KHC
KHC260306P00020000,20.0,0.1,0.08,0.75,30.0,31.0,0.5468795312500001,False,PUT,2026-03-06,KHC
KHC260306P00020500,20.5,0.25,0.11,0.75,,1.0,0.6425816992187501,False,PUT,2026-03-06,KHC
KHC260306P00021000,21.0,0.2,0.16,0.25,31.0,33.0,0.34766277343749996,False,PUT,2026-03-06,KHC
KHC260306P00022000,22.0,0.4,0.35,0.46,32.0,56.0,0.32520206054687495,False,PUT,2026-03-06,KHC
KHC260306P00023000,23.0,0.78,0.72,0.94,8.0,18.0,0.34961587890624996,False,PUT,2026-03-06,KHC
KHC260306P00023500,23.5,1.02,0.99,1.27,4.0,75.0,0.3711000390625,True,PUT,2026-03-06,KHC
KHC260306P00024000,24.0,1.39,1.31,1.62,50.0,60.0,0.387701435546875,True,PUT,2026-03-06,KHC
KHC260306P00024500,24.5,1.78,1.68,1.98,250.0,52.0,0.397466962890625,True,PUT,2026-03-06,KHC
KHC260320C00017500,17.5,5.3,3.85,7.75,2.0,12.0,0.51562984375,True,CALL,2026-03-20,KHC
KHC260320C00020000,20.0,3.88,3.1,3.55,1.0,214.0,0.44824770507812495,True,CALL,2026-03-20,KHC
KHC260320C00022500,22.5,1.2,1.14,1.23,49.0,1808.0,0.24951922363281248,True,CALL,2026-03-20,KHC
KHC260320C00025000,25.0,0.26,0.22,0.26,201.0,27651.0,0.24805439453125,False,CALL,2026-03-20,KHC
KHC260320C00027500,27.5,0.07,0.05,0.11,19.0,8695.0,0.3242255078124999,False,CALL,2026-03-20,KHC
KHC260320C00030000,30.0,0.04,0.02,0.05,7.0,7479.0,0.3789124609375,False,CALL,2026-03-20,KHC
KHC260320P00017500,17.5,0.09,0.0,1.0,580.0,765.0,0.7685570019531252,False,PUT,2026-03-20,KHC
KHC260320P00020000,20.0,0.13,0.13,0.15,10.0,2287.0,0.33008482421874996,False,PUT,2026-03-20,KHC
KHC260320P00022500,22.5,0.69,0.67,0.74,590.0,9478.0,0.30664755859375,False,PUT,2026-03-20,KHC
KHC260320P00025000,25.0,2.34,2.3,2.47,25.0,7529.0,0.3813538427734374,True,PUT,2026-03-20,KHC
KHC260320P00027500,27.5,4.15,4.25,5.25,15.0,3132.0,0.6699251757812501,True,PUT,2026-03-20,KHC
KHC260320P00030000,30.0,6.5,6.7,7.95,40.0,1386.0,0.6630893066406252,True,PUT,2026-03-20,KHC
KHC260417C00017500,17.5,7.0,3.7,7.8,3.0,3.0,1.185550947265625,True,CALL,2026-04-17,KHC
KHC260417C00020000,20.0,3.4,3.2,3.85,2.0,151.0,0.46191944335937507,True,CALL,2026-04-17,KHC
KHC260417C00022500,22.5,1.38,1.31,1.35,18.0,1027.0,0.2299881689453125,True,CALL,2026-04-17,KHC
KHC260417C00025000,25.0,0.35,0.34,0.36,814.0,4689.0,0.229499892578125,False,CALL,2026-04-17,KHC
KHC260417C00027500,27.5,0.13,0.1,0.12,15.0,2746.0,0.266608896484375,False,CALL,2026-04-17,KHC
KHC260417C00030000,30.0,0.05,0.01,0.07,2.0,1910.0,0.3242255078124999,False,CALL,2026-04-17,KHC
KHC260417P00017500,17.5,0.07,0.01,0.11,3.0,142.0,0.4023497265625,False,PUT,2026-04-17,KHC
KHC260417P00020000,20.0,0.2,0.19,0.23,1.0,1505.0,0.30274134765625,False,PUT,2026-04-17,KHC
KHC260417P00022500,22.5,0.81,0.81,0.9,788.0,3205.0,0.28516339843749994,False,PUT,2026-04-17,KHC
KHC260417P00025000,25.0,2.4,2.02,2.45,40.0,1142.0,0.3012765185546875,True,PUT,2026-04-17,KHC
KHC260417P00027500,27.5,5.28,4.1,5.55,45.0,1338.0,0.6176796044921876,True,PUT,2026-04-17,KHC
KHC260417P00030000,30.0,6.9,6.95,9.05,7.0,47.0,0.7382838671874999,True,PUT,2026-04-17,KHC
KHC260618C00017500,17.5,5.75,4.5,7.8,2.0,11.0,0.8876964355468748,True,CALL,2026-06-18,KHC
KHC260618C00020000,20.0,3.0,1.52,3.8,54.0,234.0,0.33350275878906255,True,CALL,2026-06-18,KHC
KHC260618C00022500,22.5,1.67,1.64,1.87,11.0,507.0,0.266608896484375,True,CALL,2026-06-18,KHC
KHC260618C00025000,25.0,0.65,0.63,0.66,43.0,2990.0,0.23218541259765624,False,CALL,2026-06-18,KHC
KHC260618C00027500,27.5,0.25,0.2,0.25,2.0,13672.0,0.24463645996093752,False,CALL,2026-06-18,KHC
KHC260618C00030000,30.0,0.11,0.09,0.13,11.0,5512.0,0.27539787109374997,False,CALL,2026-06-18,KHC
KHC260618P00017500,17.5,0.18,0.07,0.2,15.0,914.0,0.348639326171875,False,PUT,2026-06-18,KHC
KHC260618P00020000,20.0,0.45,0.39,0.65,5.0,6756.0,0.3398503515625,False,PUT,2026-06-18,KHC
KHC260618P00022500,22.5,1.28,1.2,1.37,110.0,2639.0,0.29834686035156244,False,PUT,2026-06-18,KHC
KHC260618P00025000,25.0,2.4,2.47,3.0,14.0,12208.0,0.3278875805664062,True,PUT,2026-06-18,KHC
KHC260618P00027500,27.5,4.7,4.45,5.0,28.0,2862.0,0.3505924316406249,True,PUT,2026-06-18,KHC
KHC260618P00030000,30.0,7.8,6.8,7.35,1.0,1873.0,0.405279384765625,True,PUT,2026-06-18,KHC
KHC260717C00017500,17.5,5.25,4.0,6.15,2.0,4.0,0.41309180664062495,True,CALL,2026-07-17,KHC
KHC260717C00020000,20.0,3.94,3.35,3.9,1.0,30.0,0.32569033691406246,True,CALL,2026-07-17,KHC
KHC260717C00022500,22.5,1.89,1.6,2.04,1.0,125.0,0.270515107421875,True,CALL,2026-07-17,KHC
KHC260717C00025000,25.0,0.79,0.68,0.84,4.0,714.0,0.24268335449218748,False,CALL,2026-07-17,KHC
KHC260717C00027500,27.5,0.3,0.26,0.45,56.0,770.0,0.27173579833984374,False,CALL,2026-07-17,KHC
KHC260717C00030000,30.0,0.15,0.0,0.62,35.0,101.0,0.39111937011718745,False,CALL,2026-07-17,KHC
KHC260717P00017500,17.5,0.24,0.01,0.24,11.0,447.0,0.33399103515625,False,PUT,2026-07-17,KHC
KHC260717P00020000,20.0,0.52,0.45,0.71,38.0,1184.0,0.32227240234374993,False,PUT,2026-07-17,KHC
KHC260717P00022500,22.5,1.33,1.29,1.4,27.0,2148.0,0.2766185620117187,False,PUT,2026-07-17,KHC
KHC260717P00025000,25.0,2.71,2.55,3.1,2.0,178.0,0.3149482568359374,True,PUT,2026-07-17,KHC
KHC260717P00027500,27.5,5.35,2.88,5.5,1.0,23.0,0.41211525390625,True,PUT,2026-07-17,KHC
KHC260717P00030000,30.0,6.7,5.2,9.05,200.0,200.0,0.6870148486328126,True,PUT,2026-07-17,KHC
KHC260918C00017500,17.5,5.9,5.65,6.15,1.0,18.0,0.3530338134765625,True,CALL,2026-09-18,KHC
KHC260918C00020000,20.0,4.17,1.72,5.7,1.0,148.0,0.5739788696289063,True,CALL,2026-09-18,KHC
KHC260918C00022500,22.5,2.1,2.02,2.11,21.0,288.0,0.24097438720703124,True,CALL,2026-09-18,KHC
KHC260918C00025000,25.0,1.09,0.95,1.02,4.0,2311.0,0.2329178271484375,False,CALL,2026-09-18,KHC
KHC260918C00027500,27.5,0.52,0.37,0.48,11.0,4165.0,0.23780059082031246,False,CALL,2026-09-18,KHC
KHC260918C00030000,30.0,0.28,0.17,0.23,57.0,2939.0,0.2461012890625,False,CALL,2026-09-18,KHC
KHC260918P00017500,17.5,0.26,0.21,0.36,1.0,2440.0,0.32227240234374993,False,PUT,2026-09-18,KHC
KHC260918P00020000,20.0,0.78,0.71,0.96,2.0,4110.0,0.3198310205078124,False,PUT,2026-09-18,KHC
KHC260918P00022500,22.5,1.69,1.6,1.72,20.0,4430.0,0.2810130493164062,False,PUT,2026-09-18,KHC
KHC260918P00025000,25.0,2.95,3.05,3.15,1.0,1341.0,0.2761302856445312,True,PUT,2026-09-18,KHC
KHC260918P00027500,27.5,4.5,4.7,5.15,15.0,3125.0,0.29761444580078117,True,PUT,2026-09-18,KHC
KHC260918P00030000,30.0,6.27,6.75,7.45,1.0,143.0,0.33521172607421873,True,PUT,2026-09-18,KHC
KHC261218C00017500,17.5,6.2,4.1,6.25,10.0,31.0,0.3205634350585937,True,CALL,2026-12-18,KHC
KHC261218C00020000,20.0,4.14,3.75,4.2,2.0,305.0,0.28076891113281244,True,CALL,2026-12-18,KHC
KHC261218C00022500,22.5,2.4,2.31,2.61,5.0,249.0,0.26343510009765625,True,CALL,2026-12-18,KHC
KHC261218C00025000,25.0,1.4,1.3,1.37,12.0,2703.0,0.23926541992187497,False,CALL,2026-12-18,KHC
KHC261218C00027500,27.5,0.7,0.7,0.85,4.0,1723.0,0.2556226782226563,False,CALL,2026-12-18,KHC
KHC261218C00030000,30.0,0.39,0.35,0.46,205.0,1782.0,0.25586681640625003,False,CALL,2026-12-18,KHC
KHC261218P00017500,17.5,0.45,0.38,0.55,1.0,1532.0,0.3156806713867187,False,PUT,2026-12-18,KHC
KHC261218P00020000,20.0,0.92,0.95,1.04,1.0,2392.0,0.2829661547851562,False,PUT,2026-12-18,KHC
KHC261218P00022500,22.5,1.87,1.96,2.03,570.0,3527.0,0.2749095947265625,False,PUT,2026-12-18,KHC
KHC261218P00025000,25.0,3.15,3.35,3.85,3.0,3339.0,0.3156806713867187,True,PUT,2026-12-18,KHC
KHC261218P00027500,27.5,5.44,4.3,6.3,2.0,1890.0,0.3969786865234375,True,PUT,2026-12-18,KHC
KHC261218P00030000,30.0,7.2,7.25,7.5,1.0,197.0,0.2924875439453124,True,PUT,2026-12-18,KHC
KHC270115C00017500,17.5,6.0,5.75,6.25,6.0,170.0,0.30762411132812495,True,CALL,2027-01-15,KHC
KHC270115C00020000,20.0,3.85,3.55,4.05,2.0,2539.0,0.24805439453125,True,CALL,2027-01-15,KHC
KHC270115C00022500,22.5,2.5,2.34,2.6,4.0,1555.0,0.25171646728515623,True,CALL,2027-01-15,KHC
KHC270115C00025000,25.0,1.42,1.35,1.49,91.0,6130.0,0.24292749267578123,False,CALL,2027-01-15,KHC
KHC270115C00027500,27.5,0.78,0.75,0.91,82.0,4018.0,0.252937158203125,False,CALL,2027-01-15,KHC
KHC270115C00030000,30.0,0.46,0.4,0.45,38.0,4846.0,0.2436599072265625,False,CALL,2027-01-15,KHC
KHC270115P00017500,17.5,0.51,0.43,0.57,1.0,391.0,0.30664755859375,False,PUT,2027-01-15,KHC
KHC270115P00020000,20.0,1.04,0.99,1.28,369.0,3263.0,0.30445031494140623,False,PUT,2027-01-15,KHC
KHC270115P00022500,22.5,1.96,1.93,2.15,98.0,13037.0,0.27735097656249996,False,PUT,2027-01-15,KHC
KHC270115P00025000,25.0,3.36,3.2,3.5,10.0,10461.0,0.26392337646484376,True,PUT,2027-01-15,KHC
KHC270115P00027500,27.5,4.8,4.75,5.45,1.0,1801.0,0.2805247729492187,True,PUT,2027-01-15,KHC
KHC270115P00030000,30.0,7.15,6.25,7.55,30.0,1918.0,0.2880930566406249,True,PUT,2027-01-15,KHC
KHC280121C00017500,17.5,6.68,6.1,6.65,1.0,191.0,0.26538820556640624,True,CALL,2028-01-21,KHC
KHC280121C00020000,20.0,4.5,4.5,4.95,42.0,1133.0,0.2580640600585938,True,CALL,2028-01-21,KHC
KHC280121C00022500,22.5,3.7,3.2,3.65,1.0,601.0,0.25879647460937505,True,CALL,2028-01-21,KHC
KHC280121C00025000,25.0,2.4,2.3,2.62,176.0,2817.0,0.2569654382324219,False,CALL,2028-01-21,KHC
KHC280121C00027500,27.5,1.6,1.44,1.92,5.0,653.0,0.26099371826171874,False,CALL,2028-01-21,KHC
KHC280121C00030000,30.0,1.07,0.98,1.35,15.0,702.0,0.25965095825195317,False,CALL,2028-01-21,KHC
KHC280121P00017500,17.5,1.03,0.77,1.95,6.0,907.0,0.3737855590820312,False,PUT,2028-01-21,KHC
KHC280121P00020000,20.0,1.79,1.79,2.03,49.0,1498.0,0.28162339477539056,False,PUT,2028-01-21,KHC
KHC280121P00022500,22.5,2.91,2.65,3.05,5.0,2910.0,0.2651440673828125,False,PUT,2028-01-21,KHC
KHC280121P00025000,25.0,4.1,2.0,4.45,1.0,2132.0,0.2576978527832031,True,PUT,2028-01-21,KHC
KHC280121P00027500,27.5,5.7,3.5,6.1,1.0,136.0,0.24988543090820312,True,PUT,2028-01-21,KHC
KHC280121P00030000,30.0,7.4,7.45,8.05,1.0,251.0,0.249030947265625,True,PUT,2028-01-21,KHC
KMI260130C00022000,22.0,7.15,7.75,8.45,2.0,2.0,2.6328159179687503,True,CALL,2026-01-30,KMI
KMI260130C00023000,23.0,6.27,6.9,7.5,2.0,2.0,2.5390661523437497,True,CALL,2026-01-30,KMI
KMI260130C00024000,24.0,6.33,6.0,6.35,1.0,9.0,1.2500037499999999,True,CALL,2026-01-30,KMI
KMI260130C00025000,25.0,5.27,4.95,5.6,41.0,132.0,2.1953170117187497,True,CALL,2026-01-30,KMI
KMI260130C00026000,26.0,4.39,3.95,4.7,2.0,70.0,2.0742235644531246,True,CALL,2026-01-30,KMI
KMI260130C00026500,26.5,4.0,3.45,4.55,1.0,18.0,1.4609401953124999,True,CALL,2026-01-30,KMI
KMI260130C00027000,27.0,3.23,2.96,3.45,11.0,329.0,1.1757853710937498,True,CALL,2026-01-30,KMI
KMI260130C00027500,27.5,2.94,2.51,3.15,35.0,1042.0,1.453127734375,True,CALL,2026-01-30,KMI
KMI260130C00028000,28.0,2.24,2.11,2.34,36.0,1913.0,1.0000000000000003e-05,True,CALL,2026-01-30,KMI
KMI260130C00028500,28.5,1.7,1.53,2.0,3.0,853.0,0.8476577734374999,True,CALL,2026-01-30,KMI
KMI260130C00029000,29.0,1.3,1.02,1.35,55.0,945.0,0.28125718749999995,True,CALL,2026-01-30,KMI
KMI260130C00029500,29.5,0.76,0.51,0.92,44.0,782.0,0.38672488281249995,True,CALL,2026-01-30,KMI
KMI260130C00030000,30.0,0.36,0.29,0.44,433.0,1490.0,0.25391371093750004,True,CALL,2026-01-30,KMI
KMI260130C00030500,30.5,0.09,0.06,0.11,1864.0,4146.0,0.195320546875,False,CALL,2026-01-30,KMI
KMI260130C00031000,31.0,0.03,0.01,0.03,310.0,920.0,0.23828886718749998,False,CALL,2026-01-30,KMI
KMI260130C00031500,31.5,0.01,0.0,0.03,9.0,149.0,0.35938140625,False,CALL,2026-01-30,KMI
KMI260130P00022500,22.5,0.01,0.0,0.37,2.0,2.0,2.82031544921875,False,PUT,2026-01-30,KMI
KMI260130P00023000,23.0,0.01,0.0,0.02,1.0,11.0,1.5937520312499998,False,PUT,2026-01-30,KMI
KMI260130P00024000,24.0,0.03,0.0,0.21,3.0,16.0,2.03906740234375,False,PUT,2026-01-30,KMI
KMI260130P00025000,25.0,0.07,0.0,0.07,5.0,52.0,1.40625296875,False,PUT,2026-01-30,KMI
KMI260130P00025500,25.5,0.01,0.0,0.36,6.0,28.0,1.8359383203124997,False,PUT,2026-01-30,KMI
KMI260130P00026000,26.0,0.01,0.0,0.03,2.0,636.0,1.015629921875,False,PUT,2026-01-30,KMI
KMI260130P00026500,26.5,0.02,0.0,0.06,15.0,21.0,1.015629921875,False,PUT,2026-01-30,KMI
KMI260130P00027000,27.0,0.01,0.0,0.01,2.0,649.0,0.6875031250000001,False,PUT,2026-01-30,KMI
KMI260130P00027500,27.5,0.02,0.0,0.37,1.0,1239.0,1.2265663671875,False,PUT,2026-01-30,KMI
KMI260130P00028000,28.0,0.01,0.0,0.05,3.0,498.0,0.64062859375,False,PUT,2026-01-30,KMI
KMI260130P00028500,28.5,0.01,0.01,0.1,60.0,1138.0,0.6250037500000001,False,PUT,2026-01-30,KMI
KMI260130P00029000,29.0,0.03,0.0,0.05,226.0,585.0,0.476567734375,False,PUT,2026-01-30,KMI
KMI260130P00029500,29.5,0.04,0.02,0.06,122.0,4980.0,0.3632876171875,False,PUT,2026-01-30,KMI
KMI260130P00030000,30.0,0.17,0.08,0.21,292.0,582.0,0.40039662109375,False,PUT,2026-01-30,KMI
KMI260130P00030500,30.5,0.3,0.32,0.49,10.0,239.0,0.45508357421875,True,PUT,2026-01-30,KMI
KMI260130P00032000,32.0,1.82,1.53,2.14,7.0,2.0,0.79101771484375,True,PUT,2026-01-30,KMI
KMI260206C00023000,23.0,4.53,6.45,8.05,1.0,1.0,1.861328818359375,True,CALL,2026-02-06,KMI
KMI260206C00025000,25.0,2.69,4.8,5.4,,1.0,0.7187528125,True,CALL,2026-02-06,KMI
KMI260206C00025500,25.5,4.65,4.25,4.9,2.0,0.0,0.6562534375000001,True,CALL,2026-02-06,KMI
KMI260206C00026000,26.0,4.57,3.9,4.5,2.0,452.0,0.7597680273437502,True,CALL,2026-02-06,KMI
KMI260206C00027000,27.0,3.25,2.47,3.75,1.0,421.0,0.852540537109375,True,CALL,2026-02-06,KMI
KMI260206C00027500,27.5,2.74,2.3,3.25,1.0,280.0,0.7656273437500001,True,CALL,2026-02-06,KMI
KMI260206C00028000,28.0,2.12,1.97,2.33,24.0,405.0,1.0000000000000003e-05,True,CALL,2026-02-06,KMI
KMI260206C00028500,28.5,1.29,1.36,2.12,200.0,423.0,0.49707534179687507,True,CALL,2026-02-06,KMI
KMI260206C00029000,29.0,1.2,1.02,1.36,12.0,3320.0,0.16797707031250003,True,CALL,2026-02-06,KMI
KMI260206C00029500,29.5,0.81,0.62,0.86,52.0,1152.0,0.11524322265625,True,CALL,2026-02-06,KMI
KMI260206C00030000,30.0,0.41,0.38,0.45,71.0,699.0,0.125985302734375,True,CALL,2026-02-06,KMI
KMI260206C00030500,30.5,0.21,0.17,0.23,143.0,407.0,0.15821154296875,False,CALL,2026-02-06,KMI
KMI260206C00031000,31.0,0.09,0.08,0.12,45.0,185.0,0.18457846679687498,False,CALL,2026-02-06,KMI
KMI260206C00031500,31.5,0.05,0.03,0.08,22.0,118.0,0.22266402343749997,False,CALL,2026-02-06,KMI
KMI260206C00032000,32.0,0.01,0.01,0.05,59.0,12.0,0.2500075,False,CALL,2026-02-06,KMI
KMI260206P00023000,23.0,0.08,0.0,0.37,1.0,6.0,1.2500037499999999,False,PUT,2026-02-06,KMI
KMI260206P00024000,24.0,0.01,0.0,0.01,151.0,155.0,0.5937540625000001,False,PUT,2026-02-06,KMI
KMI260206P00025000,25.0,0.01,0.01,0.05,15.0,84.0,0.648441015625,False,PUT,2026-02-06,KMI
KMI260206P00025500,25.5,0.14,0.0,0.38,,3.0,0.8789074609374999,False,PUT,2026-02-06,KMI
KMI260206P00026000,26.0,0.02,0.0,0.28,3.0,401.0,0.7421900781249999,False,PUT,2026-02-06,KMI
KMI260206P00026500,26.5,0.01,0.0,0.4,1.0,69.0,0.7421900781249999,False,PUT,2026-02-06,KMI
KMI260206P00027000,27.0,0.05,0.0,0.08,1.0,231.0,0.5195360546875,False,PUT,2026-02-06,KMI
KMI260206P00027500,27.5,0.06,0.0,0.35,35.0,66.0,0.56836369140625,False,PUT,2026-02-06,KMI
KMI260206P00028000,28.0,0.08,0.02,0.21,5.0,113.0,0.52539537109375,False,PUT,2026-02-06,KMI
KMI260206P00028500,28.5,0.04,0.05,0.1,1.0,68.0,0.34766277343749996,False,PUT,2026-02-06,KMI
KMI260206P00029000,29.0,0.13,0.1,0.16,149.0,101.0,0.32910827148437494,False,PUT,2026-02-06,KMI
KMI260206P00029500,29.5,0.23,0.21,0.27,299.0,721.0,0.32031929687499994,False,PUT,2026-02-06,KMI
KMI260206P00030000,30.0,0.44,0.39,0.46,1165.0,215.0,0.327155166015625,False,PUT,2026-02-06,KMI
KMI260206P00031000,31.0,1.7,0.58,1.35,1.0,2.0,0.514653291015625,True,PUT,2026-02-06,KMI
KMI260213C00026000,26.0,1.4,3.6,5.05,5.0,0.0,0.954102021484375,True,CALL,2026-02-13,KMI
KMI260213C00027000,27.0,3.05,2.9,3.8,10.0,427.0,0.6699251757812501,True,CALL,2026-02-13,KMI
KMI260213C00028000,28.0,2.1,1.61,3.05,3.0,86.0,0.6630893066406252,True,CALL,2026-02-13,KMI
KMI260213C00029000,29.0,1.22,1.06,1.7,7.0,1997.0,0.34961587890624996,True,CALL,2026-02-13,KMI
KMI260213C00030000,30.0,0.54,0.49,0.59,49.0,302.0,0.1562584375,True,CALL,2026-02-13,KMI
KMI260213C00031000,31.0,0.22,0.16,0.23,60.0,81.0,0.19043778320312502,False,CALL,2026-02-13,KMI
KMI260213C00032000,32.0,0.04,0.05,0.24,1.0,22.0,0.31250687499999996,False,CALL,2026-02-13,KMI
KMI260213P00025000,25.0,0.09,0.0,0.4,2.0,9.0,0.7246121289062499,False,PUT,2026-02-13,KMI
KMI260213P00026000,26.0,0.05,0.0,0.39,4.0,19.0,0.6084023535156251,False,PUT,2026-02-13,KMI
KMI260213P00027000,27.0,0.05,0.01,0.35,2.0,83.0,0.6054726953125001,False,PUT,2026-02-13,KMI
KMI260213P00028000,28.0,0.1,0.07,0.15,1.0,57.0,0.35156898437499995,False,PUT,2026-02-13,KMI
KMI260213P00029000,29.0,0.22,0.19,0.26,1.0,131.0,0.301764794921875,False,PUT,2026-02-13,KMI
KMI260213P00030000,30.0,0.59,0.52,0.6,32.0,17.0,0.301764794921875,False,PUT,2026-02-13,KMI
KMI260213P00033000,33.0,3.53,2.12,3.35,1.0,1.0,0.6455113574218749,True,PUT,2026-02-13,KMI
KMI260220C00022000,22.0,8.33,7.65,8.55,1.0,0.0,0.9023447265625,True,CALL,2026-02-20,KMI
KMI260220C00023000,23.0,6.7,6.45,8.05,10.0,10.0,1.1640666796875,True,CALL,2026-02-20,KMI
KMI260220C00024000,24.0,6.33,5.9,6.35,11.0,90.0,0.35938140625,True,CALL,2026-02-20,KMI
KMI260220C00025000,25.0,5.35,4.9,5.35,1.0,56.0,0.29688203124999996,True,CALL,2026-02-20,KMI
KMI260220C00026000,26.0,3.16,3.45,4.45,4.0,136.0,0.42969320312500003,True,CALL,2026-02-20,KMI
KMI260220C00026500,26.5,2.02,3.35,4.45,,45.0,0.6884796777343751,True,CALL,2026-02-20,KMI
KMI260220C00027000,27.0,3.09,3.0,3.45,4.0,1380.0,0.34766277343749996,True,CALL,2026-02-20,KMI
KMI260220C00027500,27.5,2.63,2.48,2.98,,73.0,0.32813171874999997,True,CALL,2026-02-20,KMI
KMI260220C00028000,28.0,2.34,2.05,2.36,74.0,7452.0,0.16797707031250003,True,CALL,2026-02-20,KMI
KMI260220C00028500,28.5,2.0,1.51,2.19,2.0,1422.0,0.34278000976562495,True,CALL,2026-02-20,KMI
KMI260220C00029000,29.0,1.37,1.25,1.42,3875.0,6479.0,0.15821154296875,True,CALL,2026-02-20,KMI
KMI260220C00029500,29.5,0.9,0.91,1.0,5.0,2975.0,0.15235222656250003,True,CALL,2026-02-20,KMI
KMI260220C00030000,30.0,0.65,0.62,0.7,203.0,7796.0,0.16797707031250003,True,CALL,2026-02-20,KMI
KMI260220C00030500,30.5,0.46,0.39,0.49,20.0,2206.0,0.18506674316406246,False,CALL,2026-02-20,KMI
KMI260220C00031000,31.0,0.29,0.25,0.32,140.0,2585.0,0.192390888671875,False,CALL,2026-02-20,KMI
KMI260220C00031500,31.5,0.23,0.14,0.23,5.0,2467.0,0.20996883789062498,False,CALL,2026-02-20,KMI
KMI260220C00032000,32.0,0.13,0.09,0.15,24.0,857.0,0.21778125976562498,False,CALL,2026-02-20,KMI
KMI260220C00033000,33.0,0.09,0.04,0.08,1.0,69.0,0.247077841796875,False,CALL,2026-02-20,KMI
KMI260220C00035000,35.0,0.02,0.0,0.03,,400.0,0.304694453125,False,CALL,2026-02-20,KMI
KMI260220C00037000,37.0,0.05,0.0,0.14,15.0,15.0,0.5351608984375,False,CALL,2026-02-20,KMI
KMI260220P00023000,23.0,0.03,0.0,0.32,6.0,31.0,0.75586181640625,False,PUT,2026-02-20,KMI
KMI260220P00024000,24.0,0.04,0.0,0.09,1.0,964.0,0.507817421875,False,PUT,2026-02-20,KMI
KMI260220P00024500,24.5,0.07,0.0,0.07,1.0,10.0,0.5117236328125,False,PUT,2026-02-20,KMI
KMI260220P00025000,25.0,0.03,0.0,0.04,1.0,1606.0,0.42578699218750005,False,PUT,2026-02-20,KMI
KMI260220P00026000,26.0,0.05,0.03,0.09,8.0,676.0,0.41602146484374997,False,PUT,2026-02-20,KMI
KMI260220P00026500,26.5,0.04,0.01,0.15,6.0,85.0,0.42774009765625004,False,PUT,2026-02-20,KMI
KMI260220P00027000,27.0,0.07,0.04,0.09,10.0,3389.0,0.33399103515625,False,PUT,2026-02-20,KMI
KMI260220P00027500,27.5,0.1,0.08,0.13,1.0,3863.0,0.3242255078124999,False,PUT,2026-02-20,KMI
KMI260220P00028000,28.0,0.16,0.11,0.17,3.0,2320.0,0.305671005859375,False,PUT,2026-02-20,KMI
KMI260220P00028500,28.5,0.16,0.17,0.25,1.0,2210.0,0.299811689453125,False,PUT,2026-02-20,KMI
KMI260220P00029000,29.0,0.29,0.27,0.35,178.0,2634.0,0.29004616210937495,False,PUT,2026-02-20,KMI
KMI260220P00029500,29.5,0.45,0.41,0.47,1.0,991.0,0.27539787109374997,False,PUT,2026-02-20,KMI
KMI260220P00030000,30.0,0.65,0.62,0.67,22.0,192.0,0.27539787109374997,False,PUT,2026-02-20,KMI
KMI260220P00031000,31.0,1.38,1.22,1.37,36.0,61.0,0.32910827148437494,True,PUT,2026-02-20,KMI
KMI260220P00032000,32.0,4.95,1.51,2.42,1.0,1.0,0.4633842724609375,True,PUT,2026-02-20,KMI
KMI260220P00035000,35.0,5.58,4.35,5.35,,1.0,0.709963837890625,True,PUT,2026-02-20,KMI
KMI260227C00026000,26.0,4.25,3.7,5.05,1.0,1.0,0.6962920996093751,True,CALL,2026-02-27,KMI
KMI260227C00027000,27.0,3.04,2.6,3.75,2.0,10.0,0.46680220703125,True,CALL,2026-02-27,KMI
KMI260227C00028000,28.0,1.36,1.78,2.74,3.0,31.0,0.3676821044921875,True,CALL,2026-02-27,KMI
KMI260227C00029000,29.0,1.3,1.31,1.47,1.0,238.0,0.16407085937500002,True,CALL,2026-02-27,KMI
KMI260227C00030000,30.0,0.84,0.69,0.81,23.0,96.0,0.1801839794921875,True,CALL,2026-02-27,KMI
KMI260227C00031000,31.0,0.34,0.3,0.43,13.0,57.0,0.20215641601562498,False,CALL,2026-02-27,KMI
KMI260227C00032000,32.0,0.16,0.12,0.2,21.0,8.0,0.21192194335937498,False,CALL,2026-02-27,KMI
KMI260227P00023000,23.0,0.18,0.0,0.4,,1.0,0.6992217578125001,False,PUT,2026-02-27,KMI
KMI260227P00025000,25.0,0.15,0.0,0.4,2.0,7.0,0.5293015820312501,False,PUT,2026-02-27,KMI
KMI260227P00026000,26.0,0.22,0.03,0.37,1.0,32.0,0.543949873046875,False,PUT,2026-02-27,KMI
KMI260227P00027000,27.0,0.09,0.06,0.19,2.0,79.0,0.36035795898437495,False,PUT,2026-02-27,KMI
KMI260227P00028000,28.0,0.2,0.15,0.24,1.0,71.0,0.301764794921875,False,PUT,2026-02-27,KMI
KMI260227P00029000,29.0,0.33,0.33,0.42,29.0,10.0,0.278327529296875,False,PUT,2026-02-27,KMI
KMI260227P00030000,30.0,0.8,0.68,0.8,23.0,21.0,0.27930408203124996,False,PUT,2026-02-27,KMI
KMI260306C00030000,30.0,0.8,0.78,0.91,37.0,175.0,0.1889729541015625,True,CALL,2026-03-06,KMI
KMI260306C00031000,31.0,0.33,0.37,0.5,4.0,79.0,0.20117986328124998,False,CALL,2026-03-06,KMI
KMI260306C00032000,32.0,0.22,0.16,0.28,11.0,110.0,0.2192460888671875,False,CALL,2026-03-06,KMI
KMI260306P00028000,28.0,0.23,0.19,0.27,30.0,38.0,0.2841868457031249,False,PUT,2026-03-06,KMI
KMI260306P00029000,29.0,0.38,0.38,0.5,35.0,3.0,0.27539787109374997,False,PUT,2026-03-06,KMI
KMI260306P00030000,30.0,1.34,0.74,0.89,5.0,9.0,0.27539787109374997,False,PUT,2026-03-06,KMI
KMI260320C00022000,22.0,7.8,7.85,8.45,12.0,4137.0,0.5214891601562499,True,CALL,2026-03-20,KMI
KMI260320C00023000,23.0,6.45,6.45,8.05,60.0,80.0,0.7812521875,True,CALL,2026-03-20,KMI
KMI260320C00024000,24.0,5.85,5.6,7.05,1.0,223.0,0.6972686523437501,True,CALL,2026-03-20,KMI
KMI260320C00025000,25.0,5.38,4.9,5.4,26.0,548.0,0.3007882421875,True,CALL,2026-03-20,KMI
KMI260320C00026000,26.0,4.2,3.95,4.35,2.0,440.0,0.16407085937500002,True,CALL,2026-03-20,KMI
KMI260320C00027000,27.0,3.24,3.05,3.4,27.0,3645.0,0.1992267578125,True,CALL,2026-03-20,KMI
KMI260320C00028000,28.0,2.32,2.3,2.47,65.0,3139.0,0.18555501953124998,True,CALL,2026-03-20,KMI
KMI260320C00029000,29.0,1.6,1.6,1.68,644.0,11936.0,0.18994950683593753,True,CALL,2026-03-20,KMI
KMI260320C00030000,30.0,1.0,0.96,1.04,380.0,12346.0,0.1901936450195313,True,CALL,2026-03-20,KMI
KMI260320C00031000,31.0,0.57,0.55,0.61,4229.0,2904.0,0.19678537597656248,False,CALL,2026-03-20,KMI
KMI260320C00032000,32.0,0.3,0.28,0.34,980.0,2770.0,0.2036212451171875,False,CALL,2026-03-20,KMI
KMI260320C00033000,33.0,0.16,0.15,0.19,21.0,952.0,0.21289849609375,False,CALL,2026-03-20,KMI
KMI260320C00034000,34.0,0.13,0.07,0.11,1.0,360.0,0.22461712890624996,False,CALL,2026-03-20,KMI
KMI260320C00035000,35.0,0.05,0.01,0.15,1.0,1216.0,0.28711650390624993,False,CALL,2026-03-20,KMI
KMI260320C00036000,36.0,0.1,0.0,0.0,12.0,74.0,0.12500875,False,CALL,2026-03-20,KMI
KMI260320C00037000,37.0,0.09,0.0,0.05,6.0,1769.0,0.2910227148437499,False,CALL,2026-03-20,KMI
KMI260320C00038000,38.0,0.02,0.0,0.0,1.0,33.0,0.12500875,False,CALL,2026-03-20,KMI
KMI260320C00039000,39.0,0.06,0.0,0.28,,1.0,0.506840869140625,False,CALL,2026-03-20,KMI
KMI260320P00022000,22.0,0.06,0.0,0.1,3.0,82.0,0.51758294921875,False,PUT,2026-03-20,KMI
KMI260320P00023000,23.0,0.04,0.02,0.04,20.0,994.0,0.38672488281249995,False,PUT,2026-03-20,KMI
KMI260320P00024000,24.0,0.04,0.01,0.07,1.0,999.0,0.3711000390625,False,PUT,2026-03-20,KMI
KMI260320P00025000,25.0,0.07,0.05,0.08,3.0,12141.0,0.32617861328125,False,PUT,2026-03-20,KMI
KMI260320P00026000,26.0,0.09,0.09,0.11,102.0,3126.0,0.2929758203124999,False,PUT,2026-03-20,KMI
KMI260320P00027000,27.0,0.17,0.16,0.2,2.0,5019.0,0.2802806347656249,False,PUT,2026-03-20,KMI
KMI260320P00028000,28.0,0.29,0.28,0.33,45.0,1678.0,0.2617261328125,False,PUT,2026-03-20,KMI
KMI260320P00029000,29.0,0.5,0.51,0.56,41.0,1530.0,0.2500075,False,PUT,2026-03-20,KMI
KMI260320P00030000,30.0,0.99,0.88,0.93,112.0,549.0,0.243171630859375,False,PUT,2026-03-20,KMI
KMI260320P00031000,31.0,1.36,1.43,1.7,4.0,8.0,0.29492892578124996,True,PUT,2026-03-20,KMI
KMI260320P00032000,32.0,2.37,2.16,2.49,5.0,32.0,0.3276434423828125,True,PUT,2026-03-20,KMI
KMI260320P00034000,34.0,4.43,3.5,4.35,1.0,1.0,0.42188078125,True,PUT,2026-03-20,KMI
KMI260320P00035000,35.0,8.9,7.45,8.15,1.0,183.0,1.0639695239257816,True,PUT,2026-03-20,KMI
KMI260320P00037000,37.0,9.1,9.0,10.25,5.0,7.0,1.1455120849609375,True,PUT,2026-03-20,KMI
KMI260618C00022000,22.0,7.52,7.35,8.95,2.0,48.0,0.495122236328125,True,CALL,2026-06-18,KMI
KMI260618C00023000,23.0,6.5,7.0,7.75,2.0,1083.0,0.39063109375,True,CALL,2026-06-18,KMI
KMI260618C00024000,24.0,6.25,6.05,6.8,15.0,56.0,0.3588931298828125,True,CALL,2026-06-18,KMI
KMI260618C00025000,25.0,5.4,5.3,5.5,560.0,1578.0,0.22754678710937498,True,CALL,2026-06-18,KMI
KMI260618C00026000,26.0,4.3,4.3,4.95,2.0,216.0,0.3012765185546875,True,CALL,2026-06-18,KMI
KMI260618C00027000,27.0,3.7,3.5,3.8,9.0,1527.0,0.22534954345703123,True,CALL,2026-06-18,KMI
KMI260618C00028000,28.0,2.99,2.74,3.1,327.0,3629.0,0.23120885986328127,True,CALL,2026-06-18,KMI
KMI260618C00029000,29.0,2.33,2.2,2.35,29.0,1524.0,0.215828154296875,True,CALL,2026-06-18,KMI
KMI260618C00030000,30.0,1.73,1.64,1.77,216.0,8369.0,0.21265435791015624,True,CALL,2026-06-18,KMI
KMI260618C00031000,31.0,1.23,1.2,1.29,184.0,6690.0,0.20996883789062498,False,CALL,2026-06-18,KMI
KMI260618C00032000,32.0,0.91,0.87,0.93,117.0,4688.0,0.2104571142578125,False,CALL,2026-06-18,KMI
KMI260618C00033000,33.0,0.62,0.58,0.66,746.0,6211.0,0.21167780517578122,False,CALL,2026-06-18,KMI
KMI260618C00034000,34.0,0.44,0.41,0.47,316.0,1079.0,0.2148516015625,False,CALL,2026-06-18,KMI
KMI260618C00035000,35.0,0.33,0.27,0.34,4.0,2280.0,0.21973436523437498,False,CALL,2026-06-18,KMI
KMI260618P00022000,22.0,0.1,0.01,0.15,6.0,34.0,0.33887379882812496,False,PUT,2026-06-18,KMI
KMI260618P00023000,23.0,0.14,0.09,0.18,1.0,2346.0,0.3139717041015625,False,PUT,2026-06-18,KMI
KMI260618P00024000,24.0,0.2,0.17,0.23,1.0,2139.0,0.2934640966796874,False,PUT,2026-06-18,KMI
KMI260618P00025000,25.0,0.27,0.25,0.32,300.0,1799.0,0.2802806347656249,False,PUT,2026-06-18,KMI
KMI260618P00026000,26.0,0.44,0.4,0.43,1.0,562.0,0.264655791015625,False,PUT,2026-06-18,KMI
KMI260618P00027000,27.0,0.55,0.58,0.62,2.0,1571.0,0.2573316455078125,False,PUT,2026-06-18,KMI
KMI260618P00028000,28.0,0.83,0.83,0.88,8.0,591.0,0.25171646728515623,False,PUT,2026-06-18,KMI
KMI260618P00029000,29.0,1.11,1.18,1.21,2.0,267.0,0.2456130126953125,False,PUT,2026-06-18,KMI
KMI260618P00030000,30.0,1.63,1.58,1.68,4.0,2872.0,0.24732197998046873,False,PUT,2026-06-18,KMI
KMI260618P00031000,31.0,2.33,2.07,2.26,12.0,19.0,0.25220474365234374,True,PUT,2026-06-18,KMI
KMI260618P00032000,32.0,5.85,2.75,3.05,,4.0,0.2749095947265625,True,PUT,2026-06-18,KMI
KMI260618P00035000,35.0,7.55,7.8,7.95,5.0,10.0,0.6501499829101562,True,PUT,2026-06-18,KMI
KMI260918C00023000,23.0,5.69,7.1,7.85,2.0,30.0,0.32569033691406246,True,CALL,2026-09-18,KMI
KMI260918C00025000,25.0,5.86,5.35,5.9,25.0,262.0,0.2622144091796875,True,CALL,2026-09-18,KMI
KMI260918C00026000,26.0,4.37,4.55,4.95,5.0,23.0,0.23438265625,True,CALL,2026-09-18,KMI
KMI260918C00027000,27.0,4.05,3.85,4.2,2.0,1500.0,0.23242955078125,True,CALL,2026-09-18,KMI
KMI260918C00028000,28.0,3.35,3.15,3.5,8.0,45.0,0.22876747802734376,True,CALL,2026-09-18,KMI
KMI260918C00029000,29.0,2.71,2.53,2.87,1.0,110.0,0.22534954345703123,True,CALL,2026-09-18,KMI
KMI260918C00030000,30.0,2.17,2.11,2.22,46.0,3666.0,0.2124102197265625,True,CALL,2026-09-18,KMI
KMI260918C00031000,31.0,1.68,1.59,1.91,4.0,309.0,0.22754678710937498,False,CALL,2026-09-18,KMI
KMI260918C00032000,32.0,1.36,1.2,1.41,765.0,1240.0,0.21509573974609375,False,CALL,2026-09-18,KMI
KMI260918C00033000,33.0,1.01,0.95,1.07,44.0,135.0,0.2124102197265625,False,CALL,2026-09-18,KMI
KMI260918C00034000,34.0,0.54,0.67,0.9,8.0,17.0,0.2224198852539062,False,CALL,2026-09-18,KMI
KMI260918C00035000,35.0,0.59,0.52,0.64,13.0,637.0,0.21558401611328126,False,CALL,2026-09-18,KMI
KMI260918P00022000,22.0,0.21,0.14,0.28,,15.0,0.30713583496093744,False,PUT,2026-09-18,KMI
KMI260918P00023000,23.0,0.32,0.27,0.4,1.0,283.0,0.30322962402343745,False,PUT,2026-09-18,KMI
KMI260918P00024000,24.0,0.43,0.35,0.56,,4.0,0.3002999658203125,False,PUT,2026-09-18,KMI
KMI260918P00025000,25.0,0.55,0.5,0.69,4.0,3133.0,0.28565167480468745,False,PUT,2026-09-18,KMI
KMI260918P00026000,26.0,0.85,0.64,0.87,1.0,45.0,0.274421318359375,False,PUT,2026-09-18,KMI
KMI260918P00027000,27.0,0.97,0.93,0.99,1.0,1631.0,0.2507399145507812,False,PUT,2026-09-18,KMI
KMI260918P00028000,28.0,1.25,1.15,1.36,4.0,20.0,0.25318129638671877,False,PUT,2026-09-18,KMI
KMI260918P00030000,30.0,2.52,2.0,2.26,24.0,2012.0,0.25318129638671877,False,PUT,2026-09-18,KMI
KMI260918P00035000,35.0,5.4,5.15,5.75,4.0,4.0,0.273444765625,True,PUT,2026-09-18,KMI
KMI261218C00023000,23.0,5.9,6.85,8.0,1.0,4.0,0.301764794921875,True,CALL,2026-12-18,KMI
KMI261218C00025000,25.0,5.8,5.4,6.3,1.0,148.0,0.27735097656249996,True,CALL,2026-12-18,KMI
KMI261218C00027000,27.0,4.3,4.15,4.45,2.0,314.0,0.22486126708984372,True,CALL,2026-12-18,KMI
KMI261218C00030000,30.0,2.68,2.45,2.77,11.0,642.0,0.22901161621093752,True,CALL,2026-12-18,KMI
KMI261218C00035000,35.0,0.94,0.82,0.98,3.0,180.0,0.21973436523437498,False,CALL,2026-12-18,KMI
KMI261218P00023000,23.0,0.56,0.43,0.69,20.0,1465.0,0.30811238769531246,False,PUT,2026-12-18,KMI
KMI261218P00025000,25.0,0.93,0.73,0.88,2.0,1557.0,0.26807372558593745,False,PUT,2026-12-18,KMI
KMI261218P00027000,27.0,1.4,1.25,1.55,11.0,1206.0,0.27246821289062495,False,PUT,2026-12-18,KMI
KMI261218P00030000,30.0,2.97,2.33,2.78,1.0,12.0,0.2608716491699219,False,PUT,2026-12-18,KMI
KMI270115C00022000,22.0,8.19,7.95,8.55,43.0,2985.0,0.2299881689453125,True,CALL,2027-01-15,KMI
KMI270115C00025000,25.0,5.85,5.8,6.0,8.0,1299.0,0.22730264892578123,True,CALL,2027-01-15,KMI
KMI270115C00027000,27.0,4.39,4.2,4.6,5.0,2812.0,0.23120885986328127,True,CALL,2027-01-15,KMI
KMI270115C00030000,30.0,2.73,2.66,2.79,1824.0,12804.0,0.22144333251953124,True,CALL,2027-01-15,KMI
KMI270115C00035000,35.0,1.04,0.99,1.04,189.0,13259.0,0.21680470703125,False,CALL,2027-01-15,KMI
KMI270115P00022000,22.0,0.45,0.34,0.48,5.0,4224.0,0.2915109912109374,False,PUT,2027-01-15,KMI
KMI270115P00025000,25.0,0.9,0.63,0.98,8.0,2807.0,0.2695385546875,False,PUT,2027-01-15,KMI
KMI270115P00027000,27.0,1.4,1.3,1.53,21.0,790.0,0.25928475097656256,False,PUT,2027-01-15,KMI
KMI270115P00030000,30.0,2.61,2.53,2.69,48.0,53.0,0.24268335449218748,False,PUT,2027-01-15,KMI
KMI270115P00035000,35.0,8.25,5.4,6.5,10.0,49.0,0.29224340576171864,True,PUT,2027-01-15,KMI
KMI270617C00023000,23.0,5.75,6.45,8.25,7.0,9.0,0.2727123510742187,True,CALL,2027-06-17,KMI
KMI270617C00025000,25.0,5.35,4.05,6.7,1.0,59.0,0.26148199462890626,True,CALL,2027-06-17,KMI
KMI270617C00027000,27.0,4.72,3.65,5.3,14.0,322.0,0.2512281909179687,True,CALL,2027-06-17,KMI
KMI270617C00030000,30.0,3.2,3.15,3.3,38.0,356.0,0.2210771252441406,True,CALL,2027-06-17,KMI
KMI270617C00032000,32.0,2.45,2.12,2.69,3.0,316.0,0.2368240380859375,False,CALL,2027-06-17,KMI
KMI270617C00035000,35.0,1.51,0.13,1.81,11.0,154.0,0.24097438720703124,False,CALL,2027-06-17,KMI
KMI270617C00037000,37.0,0.53,0.06,1.48,1.0,26.0,0.2514723291015625,False,CALL,2027-06-17,KMI
KMI270617P00023000,23.0,1.01,0.31,1.14,3.0,490.0,0.3002999658203125,False,PUT,2027-06-17,KMI
KMI270617P00025000,25.0,1.32,0.07,1.8,2.0,1764.0,0.30335169311523436,False,PUT,2027-06-17,KMI
KMI270617P00027000,27.0,2.87,0.54,2.19,167.0,255.0,0.270515107421875,False,PUT,2027-06-17,KMI
KMI270617P00030000,30.0,3.3,2.5,3.35,2.0,26.0,0.24964129272460936,False,PUT,2027-06-17,KMI
KMI280121C00023000,23.0,7.77,7.85,8.15,7.0,675.0,0.21778125976562498,True,CALL,2028-01-21,KMI
KMI280121C00025000,25.0,6.64,6.15,7.1,6.0,649.0,0.24964129272460936,True,CALL,2028-01-21,KMI
KMI280121C00027000,27.0,4.81,4.2,5.8,41.0,519.0,0.24353783813476562,True,CALL,2028-01-21,KMI
KMI280121C00030000,30.0,3.7,3.6,3.9,34.0,4259.0,0.2205888488769531,True,CALL,2028-01-21,KMI
KMI280121C00032000,32.0,2.8,2.35,3.25,34.0,561.0,0.23072058349609376,False,CALL,2028-01-21,KMI
KMI280121C00035000,35.0,2.0,1.85,2.5,10.0,734.0,0.24378197631835938,False,CALL,2028-01-21,KMI
KMI280121C00037000,37.0,1.28,0.75,3.4,1.0,98.0,0.32996275512695306,False,CALL,2028-01-21,KMI
KMI280121P00023000,23.0,1.31,1.21,1.59,7.0,319.0,0.2912668530273437,False,PUT,2028-01-21,KMI
KMI280121P00025000,25.0,1.81,1.54,2.12,3.0,1490.0,0.2775951147460937,False,PUT,2028-01-21,KMI
KMI280121P00027000,27.0,2.7,2.33,2.7,2.0,248.0,0.2603833728027344,False,PUT,2028-01-21,KMI
KMI280121P00030000,30.0,3.85,3.65,4.0,2.0,91.0,0.24768818725585937,False,PUT,2028-01-21,KMI
KMI280121P00032000,32.0,5.85,4.6,5.1,7.0,6.0,0.24268335449218748,True,PUT,2028-01-21,KMI
KMX260220C00032500,32.5,12.63,12.5,14.8,1.0,2.0,1.1884806201171876,True,CALL,2026-02-20,KMX
KMX260220C00035000,35.0,13.65,10.1,12.4,1.0,12.0,1.0322314013671878,True,CALL,2026-02-20,KMX
KMX260220C00037500,37.5,10.05,7.7,10.0,1.0,14.0,0.8720715917968749,True,CALL,2026-02-20,KMX
KMX260220C00040000,40.0,6.5,5.5,7.8,4.0,691.0,0.7656273437500001,True,CALL,2026-02-20,KMX
KMX260220C00042500,42.5,5.3,3.9,4.2,2.0,937.0,0.5268602001953125,True,CALL,2026-02-20,KMX
KMX260220C00045000,45.0,2.63,2.35,2.65,2.0,1137.0,0.5073291455078125,True,CALL,2026-02-20,KMX
KMX260220C00047500,47.5,1.42,1.4,1.5,37.0,731.0,0.5061084545898438,False,CALL,2026-02-20,KMX
KMX260220C00050000,50.0,0.77,0.75,0.8,1180.0,2820.0,0.5048877636718749,False,CALL,2026-02-20,KMX
KMX260220C00052500,52.5,0.45,0.35,0.5,12.0,446.0,0.5195360546875,False,CALL,2026-02-20,KMX
KMX260220C00055000,55.0,0.4,0.2,0.55,144.0,1352.0,0.6059609716796877,False,CALL,2026-02-20,KMX
KMX260220C00057500,57.5,0.1,0.1,0.25,1.0,122.0,0.58789474609375,False,CALL,2026-02-20,KMX
KMX260220P00032500,32.5,0.13,0.05,0.15,220.0,374.0,0.7382838671874999,False,PUT,2026-02-20,KMX
KMX260220P00035000,35.0,0.15,0.05,0.25,18.0,514.0,0.647464462890625,False,PUT,2026-02-20,KMX
KMX260220P00037500,37.5,0.25,0.2,0.35,7.0,213.0,0.585941640625,False,PUT,2026-02-20,KMX
KMX260220P00040000,40.0,0.6,0.45,0.6,271.0,1324.0,0.53320779296875,False,PUT,2026-02-20,KMX
KMX260220P00042500,42.5,1.03,0.9,1.15,693.0,296.0,0.5268602001953125,False,PUT,2026-02-20,KMX
KMX260220P00045000,45.0,1.96,1.85,2.1,34.0,712.0,0.5073291455078125,False,PUT,2026-02-20,KMX
KMX260220P00047500,47.5,3.15,3.2,3.6,3.0,474.0,0.51758294921875,True,PUT,2026-02-20,KMX
KMX260220P00050000,50.0,5.2,5.1,5.4,1.0,1667.0,0.5117236328125,True,PUT,2026-02-20,KMX
KMX260220P00052500,52.5,6.2,6.9,8.1,3.0,16.0,0.5102588037109376,True,PUT,2026-02-20,KMX
KMX260220P00055000,55.0,8.4,8.1,11.3,2.0,3.0,1.0273486132812502,True,PUT,2026-02-20,KMX
KMX260320C00032500,32.5,14.7,12.8,15.1,1.0,112.0,0.8911143701171874,True,CALL,2026-03-20,KMX
KMX260320C00035000,35.0,11.0,10.6,11.3,1.0,156.0,0.6025430371093752,True,CALL,2026-03-20,KMX
KMX260320C00037500,37.5,8.9,8.3,9.1,35.0,187.0,0.5488326367187502,True,CALL,2026-03-20,KMX
KMX260320C00040000,40.0,8.8,6.4,7.0,6.0,573.0,0.5236864038085938,True,CALL,2026-03-20,KMX
KMX260320C00042500,42.5,4.9,4.9,5.3,2.0,1006.0,0.5285691674804689,True,CALL,2026-03-20,KMX
KMX260320C00045000,45.0,3.76,3.3,3.8,3.0,602.0,0.5344284838867188,True,CALL,2026-03-20,KMX
KMX260320C00047500,47.5,2.45,2.4,2.7,18.0,1474.0,0.5061084545898438,False,CALL,2026-03-20,KMX
KMX260320C00050000,50.0,1.7,1.65,1.85,345.0,33613.0,0.50586431640625,False,CALL,2026-03-20,KMX
KMX260320C00052500,52.5,1.15,1.1,1.25,12.0,98.0,0.506840869140625,False,CALL,2026-03-20,KMX
KMX260320C00055000,55.0,0.77,0.65,0.9,17.0,216.0,0.5083056982421875,False,CALL,2026-03-20,KMX
KMX260320C00057500,57.5,0.55,0.5,0.65,1.0,4.0,0.5302781347656251,False,CALL,2026-03-20,KMX
KMX260320P00032500,32.5,0.26,0.1,0.35,2.0,1300.0,0.5820354296875,False,PUT,2026-03-20,KMX
KMX260320P00035000,35.0,0.4,0.3,0.55,170.0,664.0,0.559574716796875,False,PUT,2026-03-20,KMX
KMX260320P00037500,37.5,0.76,0.7,0.8,23.0,1102.0,0.5361374511718751,False,PUT,2026-03-20,KMX
KMX260320P00040000,40.0,1.2,1.1,1.25,23.0,205.0,0.5141650146484374,False,PUT,2026-03-20,KMX
KMX260320P00042500,42.5,1.9,1.85,2.05,1.0,77.0,0.5043994873046875,False,PUT,2026-03-20,KMX
KMX260320P00045000,45.0,3.0,2.9,3.1,4.0,327.0,0.4897511962890626,False,PUT,2026-03-20,KMX
KMX260320P00047500,47.5,4.2,4.2,4.6,1.0,33.0,0.49878430908203125,True,PUT,2026-03-20,KMX
KMX260320P00050000,50.0,6.01,5.9,6.3,1.0,63.0,0.49805189453125004,True,PUT,2026-03-20,KMX
KMX260320P00052500,52.5,7.95,7.8,8.2,2.0,1.0,0.4929249926757813,True,PUT,2026-03-20,KMX
KMX260320P00055000,55.0,9.8,8.5,11.6,1.0,3.0,0.7424342163085937,True,PUT,2026-03-20,KMX
KMX260417C00032500,32.5,8.78,13.3,15.7,1.0,16.0,0.8364274169921874,True,CALL,2026-04-17,KMX
KMX260417C00035000,35.0,14.5,11.2,13.6,2.0,267.0,0.7817404638671875,True,CALL,2026-04-17,KMX
KMX260417C00037500,37.5,12.5,9.3,11.5,1.0,178.0,0.7314479980468749,True,CALL,2026-04-17,KMX
KMX260417C00040000,40.0,7.96,7.6,8.2,2.0,539.0,0.5976602734375001,True,CALL,2026-04-17,KMX
KMX260417C00042500,42.5,6.96,6.1,6.7,15.0,854.0,0.5918009570312501,True,CALL,2026-04-17,KMX
KMX260417C00045000,45.0,5.1,4.9,5.3,140.0,1194.0,0.5854533642578125,True,CALL,2026-04-17,KMX
KMX260417C00047500,47.5,4.01,3.7,4.2,4.0,573.0,0.5734905932617188,False,CALL,2026-04-17,KMX
KMX260417C00050000,50.0,3.1,2.85,3.3,3.0,763.0,0.5720257641601563,False,CALL,2026-04-17,KMX
KMX260417C00052500,52.5,2.62,2.15,2.5,11.0,1267.0,0.5649457568359376,False,CALL,2026-04-17,KMX
KMX260417C00055000,55.0,2.0,1.65,1.95,4.0,8876.0,0.56836369140625,False,CALL,2026-04-17,KMX
KMX260417C00057500,57.5,1.72,1.25,1.5,1.0,490.0,0.5698285205078125,False,CALL,2026-04-17,KMX
KMX260417P00032500,32.5,0.57,0.45,0.8,2.0,430.0,0.6069375244140626,False,PUT,2026-04-17,KMX
KMX260417P00035000,35.0,0.81,0.75,1.2,1.0,1153.0,0.5844768115234374,False,PUT,2026-04-17,KMX
KMX260417P00037500,37.5,1.6,1.45,1.75,4.0,4405.0,0.586918193359375,False,PUT,2026-04-17,KMX
KMX260417P00040000,40.0,2.35,2.2,2.4,5.0,3017.0,0.569340244140625,False,PUT,2026-04-17,KMX
KMX260417P00042500,42.5,3.3,3.1,3.4,10.0,593.0,0.5600629931640625,False,PUT,2026-04-17,KMX
KMX260417P00045000,45.0,4.4,4.2,4.6,32.0,456.0,0.5495650512695314,False,PUT,2026-04-17,KMX
KMX260417P00047500,47.5,5.8,5.5,5.9,10.0,445.0,0.5319871020507813,True,PUT,2026-04-17,KMX
KMX260417P00050000,50.0,6.46,6.6,7.5,1.0,326.0,0.5507857421875001,True,PUT,2026-04-17,KMX
KMX260417P00052500,52.5,8.66,7.9,9.3,2.0,130.0,0.5488326367187502,True,PUT,2026-04-17,KMX
KMX260417P00055000,55.0,10.5,9.8,11.2,52.0,98.0,0.5400436621093752,True,PUT,2026-04-17,KMX
KMX260417P00057500,57.5,11.0,11.5,13.6,1.0,60.0,0.5896037133789063,True,PUT,2026-04-17,KMX
KMX260717C00035000,35.0,11.71,12.7,15.1,1.0,22.0,0.7043486596679689,True,CALL,2026-07-17,KMX
KMX260717C00037500,37.5,13.7,11.0,13.3,5.0,17.0,0.6770051831054689,True,CALL,2026-07-17,KMX
KMX260717C00040000,40.0,10.25,9.4,10.3,1.0,70.0,0.5905802661132813,True,CALL,2026-07-17,KMX
KMX260717C00042500,42.5,8.8,8.0,8.7,1.0,88.0,0.5721478332519532,True,CALL,2026-07-17,KMX
KMX260717C00045000,45.0,7.28,6.9,7.5,20.0,119.0,0.5722699023437501,True,CALL,2026-07-17,KMX
KMX260717C00047500,47.5,6.7,5.7,6.4,14.0,218.0,0.5609174768066407,False,CALL,2026-07-17,KMX
KMX260717C00050000,50.0,5.1,4.8,5.4,28.0,344.0,0.5554243676757813,False,CALL,2026-07-17,KMX
KMX260717C00052500,52.5,4.1,4.0,4.5,2.0,20.0,0.5483443603515626,False,CALL,2026-07-17,KMX
KMX260717C00055000,55.0,4.1,3.3,3.9,6.0,88.0,0.5488326367187502,False,CALL,2026-07-17,KMX
KMX260717C00057500,57.5,3.2,2.75,3.3,10.0,1.0,0.5473678076171876,False,CALL,2026-07-17,KMX
KMX260717P00032500,32.5,1.5,1.3,1.8,1.0,88.0,0.5632367895507813,False,PUT,2026-07-17,KMX
KMX260717P00035000,35.0,1.97,1.85,2.4,1.0,186.0,0.5481002221679689,False,PUT,2026-07-17,KMX
KMX260717P00037500,37.5,2.85,2.75,3.2,1.0,88.0,0.5483443603515626,False,PUT,2026-07-17,KMX
KMX260717P00040000,40.0,3.4,3.3,4.2,3.0,103.0,0.5258836474609375,False,PUT,2026-07-17,KMX
KMX260717P00042500,42.5,4.9,4.3,5.3,3.0,77.0,0.5161181201171875,False,PUT,2026-07-17,KMX
KMX260717P00045000,45.0,6.1,5.4,6.4,5.0,36.0,0.5393112475585939,False,PUT,2026-07-17,KMX
KMX260717P00047500,47.5,6.9,6.7,7.8,4.0,98.0,0.5327195166015625,True,PUT,2026-07-17,KMX
KMX260717P00050000,50.0,8.6,8.2,9.3,5.0,102.0,0.5231981274414061,True,PUT,2026-07-17,KMX
KMX260717P00052500,52.5,9.58,9.9,10.9,15.0,17.0,0.5112353564453125,True,PUT,2026-07-17,KMX
KMX260717P00055000,55.0,11.38,11.8,12.7,15.0,18.0,0.50586431640625,True,PUT,2026-07-17,KMX
KMX260918C00032500,32.5,18.0,15.3,17.6,1.0,73.0,0.6987334814453126,True,CALL,2026-09-18,KMX
KMX260918C00035000,35.0,16.34,13.5,15.8,10.0,271.0,0.6711458666992189,True,CALL,2026-09-18,KMX
KMX260918C00037500,37.5,14.0,11.9,14.1,5.0,25.0,0.6501499829101562,True,CALL,2026-09-18,KMX
KMX260918C00040000,40.0,12.4,10.3,11.1,4.0,308.0,0.5712933496093751,True,CALL,2026-09-18,KMX
KMX260918C00042500,42.5,9.4,9.2,9.8,1.0,363.0,0.5737347314453125,True,CALL,2026-09-18,KMX
KMX260918C00045000,45.0,9.1,7.7,8.6,1.0,264.0,0.5561567822265626,True,CALL,2026-09-18,KMX
KMX260918C00047500,47.5,8.1,6.7,7.5,10.0,66.0,0.5520064331054688,False,CALL,2026-09-18,KMX
KMX260918C00050000,50.0,6.5,5.7,6.5,25.0,269.0,0.5435836657714845,False,CALL,2026-09-18,KMX
KMX260918C00052500,52.5,7.0,4.9,5.8,4.0,172.0,0.5454147021484376,False,CALL,2026-09-18,KMX
KMX260918C00055000,55.0,5.15,4.2,5.0,25.0,155.0,0.5405319384765627,False,CALL,2026-09-18,KMX
KMX260918C00057500,57.5,4.0,3.6,4.2,39.0,34.0,0.5329636547851562,False,CALL,2026-09-18,KMX
KMX260918P00032500,32.5,1.9,1.75,2.3,1.0,60.0,0.5368698657226563,False,PUT,2026-09-18,KMX
KMX260918P00035000,35.0,2.45,2.35,3.2,1.0,204.0,0.5327195166015625,False,PUT,2026-09-18,KMX
KMX260918P00037500,37.5,2.69,3.1,4.0,10.0,128.0,0.5185595019531251,False,PUT,2026-09-18,KMX
KMX260918P00040000,40.0,4.31,3.9,4.6,8.0,371.0,0.5164843273925781,False,PUT,2026-09-18,KMX
KMX260918P00042500,42.5,5.75,4.9,5.9,1.0,76.0,0.5222215747070311,False,PUT,2026-09-18,KMX
KMX260918P00045000,45.0,6.8,6.1,7.2,2.0,199.0,0.5173388110351562,False,PUT,2026-09-18,KMX
KMX260918P00047500,47.5,7.12,7.4,8.6,5.0,171.0,0.5105029418945313,True,PUT,2026-09-18,KMX
KMX260918P00050000,50.0,8.0,8.9,10.1,2.0,105.0,0.5023243127441408,True,PUT,2026-09-18,KMX
KMX260918P00052500,52.5,9.6,10.5,11.8,96.0,128.0,0.5002491381835938,True,PUT,2026-09-18,KMX
KMX260918P00055000,55.0,16.0,12.1,13.4,1.0,3.0,0.48352567260742196,True,PUT,2026-09-18,KMX
KMX260918P00057500,57.5,14.5,14.2,15.3,8.0,292.0,0.48120635986328125,True,PUT,2026-09-18,KMX
KMX270115C00032500,32.5,17.64,16.7,19.1,11.0,1320.0,0.68555001953125,True,CALL,2027-01-15,KMX
KMX270115C00035000,35.0,18.2,14.8,17.4,7.0,500.0,0.6529575720214844,True,CALL,2027-01-15,KMX
KMX270115C00037500,37.5,16.1,13.2,16.0,3.0,135.0,0.6380651428222657,True,CALL,2027-01-15,KMX
KMX270115C00040000,40.0,12.5,12.0,13.2,3.0,647.0,0.5861857788085938,True,CALL,2027-01-15,KMX
KMX270115C00042500,42.5,11.0,10.8,12.0,3.0,1771.0,0.5819133605957032,True,CALL,2027-01-15,KMX
KMX270115C00045000,45.0,9.6,9.7,11.5,50.0,956.0,0.5954630297851562,True,CALL,2027-01-15,KMX
KMX270115C00047500,47.5,8.9,8.3,9.8,5.0,64.0,0.5600629931640625,False,CALL,2027-01-15,KMX
KMX270115C00050000,50.0,7.9,7.6,8.8,1.0,401.0,0.56055126953125,False,CALL,2027-01-15,KMX
KMX270115C00052500,52.5,6.73,6.6,8.0,1.0,60.0,0.5535322967529297,False,CALL,2027-01-15,KMX
KMX270115C00055000,55.0,6.0,5.8,7.3,3.0,185.0,0.5507857421875001,False,CALL,2027-01-15,KMX
KMX270115C00057500,57.5,7.0,5.2,6.5,7.0,179.0,0.5468795312500001,False,CALL,2027-01-15,KMX
KMX270115P00032500,32.5,2.7,2.65,3.5,2.0,94.0,0.5289353747558594,False,PUT,2027-01-15,KMX
KMX270115P00035000,35.0,3.67,3.3,4.3,1.0,180.0,0.5124560473632812,False,PUT,2027-01-15,KMX
KMX270115P00037500,37.5,5.8,4.2,5.5,2.0,73.0,0.5120898400878906,False,PUT,2027-01-15,KMX
KMX270115P00040000,40.0,5.25,4.2,6.1,100.0,512.0,0.5161181201171875,False,PUT,2027-01-15,KMX
KMX270115P00042500,42.5,6.2,6.2,7.7,4.0,45.0,0.5334519311523438,False,PUT,2027-01-15,KMX
KMX270115P00045000,45.0,6.8,7.4,9.0,50.0,160.0,0.52539537109375,False,PUT,2027-01-15,KMX
KMX270115P00047500,47.5,9.7,9.0,10.0,6.0,88.0,0.4947560290527344,True,PUT,2027-01-15,KMX
KMX270115P00050000,50.0,9.7,10.3,11.9,2.0,184.0,0.5100146655273439,True,PUT,2027-01-15,KMX
KMX270115P00052500,52.5,10.9,11.8,13.4,3.0,121.0,0.4975636181640626,True,PUT,2027-01-15,KMX
KMX270115P00055000,55.0,17.61,12.9,15.1,2.0,47.0,0.49158223266601564,True,PUT,2027-01-15,KMX
KMX270115P00057500,57.5,20.18,15.4,16.9,11.0,18.0,0.48682153808593753,True,PUT,2027-01-15,KMX
KMX280121C00032500,32.5,23.29,19.0,22.4,2.0,493.0,0.6322058264160157,True,CALL,2028-01-21,KMX
KMX280121C00035000,35.0,19.2,17.0,20.9,10.0,855.0,0.6008340698242189,True,CALL,2028-01-21,KMX
KMX280121C00037500,37.5,17.6,17.0,19.5,1.0,163.0,0.6199989172363283,True,CALL,2028-01-21,KMX
KMX280121C00040000,40.0,17.2,15.9,18.4,3.0,885.0,0.6152992572021485,True,CALL,2028-01-21,KMX
KMX280121C00042500,42.5,15.0,14.8,17.1,1.0,1121.0,0.6034585552978518,True,CALL,2028-01-21,KMX
KMX280121C00045000,45.0,14.87,13.0,16.0,1.0,521.0,0.5789226678466797,True,CALL,2028-01-21,KMX
KMX280121C00047500,47.5,15.15,12.0,15.0,1.0,28.0,0.5720257641601563,False,CALL,2028-01-21,KMX
KMX280121C00050000,50.0,13.0,11.0,14.0,2.0,214.0,0.5629926513671876,False,CALL,2028-01-21,KMX
KMX280121C00052500,52.5,11.34,10.6,13.0,3.0,191.0,0.5642133422851563,False,CALL,2028-01-21,KMX
KMX280121C00055000,55.0,12.3,10.0,12.2,46.0,73.0,0.5632978240966797,False,CALL,2028-01-21,KMX
KMX280121C00057500,57.5,11.78,8.5,11.3,1.0,212.0,0.5408981457519533,False,CALL,2028-01-21,KMX
KMX280121P00032500,32.5,5.6,3.1,6.0,5.0,92.0,0.5338181384277343,False,PUT,2028-01-21,KMX
KMX280121P00035000,35.0,5.85,5.8,7.0,2.0,236.0,0.5220995056152342,False,PUT,2028-01-21,KMX
KMX280121P00037500,37.5,7.7,6.6,8.9,1.0,11.0,0.550358500366211,False,PUT,2028-01-21,KMX
KMX280121P00040000,40.0,8.9,8.2,10.2,1.0,28.0,0.5444381494140625,False,PUT,2028-01-21,KMX
KMX280121P00042500,42.5,11.0,8.8,11.0,8.0,12.0,0.5136767382812499,False,PUT,2028-01-21,KMX
KMX280121P00045000,45.0,16.42,0.0,0.0,1.0,33.0,0.00196310546875,False,PUT,2028-01-21,KMX
KMX280121P00047500,47.5,11.3,10.8,15.0,3.0,23.0,0.5474898767089844,True,PUT,2028-01-21,KMX
KMX280121P00050000,50.0,16.36,12.0,16.5,2.0,21.0,0.5390671093750001,True,PUT,2028-01-21,KMX
KMX280121P00055000,55.0,15.9,21.0,26.0,1.0,1.0,0.6762727685546877,True,PUT,2028-01-21,KMX
KMX280121P00057500,57.5,18.0,16.5,21.0,4.0,113.0,0.502080174560547,True,PUT,2028-01-21,KMX
KO260130C00055000,55.0,18.91,16.7,19.9,2.0,4.0,3.3769546826171872,True,CALL,2026-01-30,KO
KO260130C00056000,56.0,17.99,15.75,19.55,88.0,2.0,3.832031669921875,True,CALL,2026-01-30,KO
KO260130C00057000,57.0,17.01,14.8,18.0,86.0,4.0,3.167970830078125,True,CALL,2026-01-30,KO
KO260130C00058000,58.0,16.1,13.7,17.2,1.0,7.0,3.19531451171875,True,CALL,2026-01-30,KO
KO260130C00059000,59.0,15.2,12.95,16.3,1.0,5.0,3.119142827148437,True,CALL,2026-01-30,KO
KO260130C00060000,60.0,13.97,11.7,15.05,2.0,18.0,2.750003125,True,CALL,2026-01-30,KO
KO260130C00061000,61.0,13.07,10.7,13.95,2.0,9.0,2.5117224707031247,True,CALL,2026-01-30,KO
KO260130C00062000,62.0,11.59,9.95,13.15,1.0,12.0,2.524417751464843,True,CALL,2026-01-30,KO
KO260130C00063000,63.0,10.69,8.7,12.75,1.0,5.0,2.7968780078125004,True,CALL,2026-01-30,KO
KO260130C00064000,64.0,9.23,7.7,11.3,1.0,149.0,2.323246379394531,True,CALL,2026-01-30,KO
KO260130C00065000,65.0,8.33,6.7,9.2,1.0,17.0,1.22266013671875,True,CALL,2026-01-30,KO
KO260130C00066000,66.0,7.12,5.7,9.1,1.0,32.0,1.873047509765625,True,CALL,2026-01-30,KO
KO260130C00067000,67.0,6.61,5.05,8.65,1.0,63.0,2.0605517236328126,True,CALL,2026-01-30,KO
KO260130C00068000,68.0,5.48,5.1,6.2,2.0,189.0,0.8828136718749999,True,CALL,2026-01-30,KO
KO260130C00069000,69.0,4.67,4.45,5.2,2.0,354.0,0.7675804492187501,True,CALL,2026-01-30,KO
KO260130C00070000,70.0,3.89,3.6,3.95,62.0,609.0,1.0000000000000003e-05,True,CALL,2026-01-30,KO
KO260130C00071000,71.0,2.68,2.62,3.0,72.0,1374.0,0.28516339843749994,True,CALL,2026-01-30,KO
KO260130C00072000,72.0,1.85,1.75,1.93,805.0,3291.0,1.0000000000000003e-05,True,CALL,2026-01-30,KO
KO260130C00073000,73.0,0.77,0.78,0.97,2285.0,8099.0,1.0000000000000003e-05,True,CALL,2026-01-30,KO
KO260130C00074000,74.0,0.24,0.23,0.25,5086.0,8007.0,0.118172880859375,False,CALL,2026-01-30,KO
KO260130C00075000,75.0,0.03,0.03,0.05,3512.0,2431.0,0.1562584375,False,CALL,2026-01-30,KO
KO260130C00076000,76.0,0.01,0.0,0.01,4.0,80.0,0.187508125,False,CALL,2026-01-30,KO
KO260130C00077000,77.0,0.01,0.0,0.05,1.0,12.0,0.34766277343749996,False,CALL,2026-01-30,KO
KO260130C00078000,78.0,0.01,0.0,0.06,3.0,3.0,0.44922425781249997,False,CALL,2026-01-30,KO
KO260130C00080000,80.0,0.01,0.0,0.01,1.0,1039.0,0.46094289062500005,False,CALL,2026-01-30,KO
KO260130C00081000,81.0,0.01,0.0,0.04,,8.0,0.57812921875,False,CALL,2026-01-30,KO
KO260130C00082000,82.0,0.04,0.0,0.44,,1.0,1.0039112304687499,False,CALL,2026-01-30,KO
KO260130C00083000,83.0,0.04,0.0,0.04,,1.0,0.70312796875,False,CALL,2026-01-30,KO
KO260130P00059000,59.0,0.06,0.0,0.03,12.0,12.0,1.2500037499999999,False,PUT,2026-01-30,KO
KO260130P00060000,60.0,0.01,0.0,0.03,1.0,4.0,1.171879140625,False,PUT,2026-01-30,KO
KO260130P00062000,62.0,0.01,0.0,0.04,2.0,2.0,1.0468797656250002,False,PUT,2026-01-30,KO
KO260130P00063000,63.0,0.01,0.0,2.13,2.0,20.0,2.2929730175781247,False,PUT,2026-01-30,KO
KO260130P00064000,64.0,0.01,0.0,0.04,25.0,70.0,0.87500125,False,PUT,2026-01-30,KO
KO260130P00065000,65.0,0.01,0.0,0.1,1.0,292.0,0.914063359375,False,PUT,2026-01-30,KO
KO260130P00066000,66.0,0.01,0.0,0.02,1.0,442.0,0.6562534375000001,False,PUT,2026-01-30,KO
KO260130P00067000,67.0,0.02,0.0,0.02,1.0,689.0,0.57812921875,False,PUT,2026-01-30,KO
KO260130P00068000,68.0,0.01,0.0,0.01,1.0,953.0,0.500005,False,PUT,2026-01-30,KO
KO260130P00069000,69.0,0.01,0.0,0.01,3.0,568.0,0.42188078125,False,PUT,2026-01-30,KO
KO260130P00070000,70.0,0.01,0.0,0.01,6.0,813.0,0.3437565625,False,PUT,2026-01-30,KO
KO260130P00071000,71.0,0.01,0.0,0.01,132.0,3578.0,0.26563234375,False,PUT,2026-01-30,KO
KO260130P00072000,72.0,0.02,0.0,0.03,1307.0,2210.0,0.2304764453125,False,PUT,2026-01-30,KO
KO260130P00073000,73.0,0.1,0.08,0.09,949.0,807.0,0.187508125,False,PUT,2026-01-30,KO
KO260130P00074000,74.0,0.51,0.38,0.5,159.0,173.0,0.225593681640625,True,PUT,2026-01-30,KO
KO260130P00075000,75.0,1.35,1.17,1.45,8.0,146.0,0.3857483300781249,True,PUT,2026-01-30,KO
KO260130P00076000,76.0,5.94,1.92,2.9,2.0,0.0,0.5097705273437501,True,PUT,2026-01-30,KO
KO260130P00077000,77.0,4.19,2.79,4.9,1.0,0.0,0.8896495410156249,True,PUT,2026-01-30,KO
KO260130P00085000,85.0,13.8,9.25,13.3,,0.0,1.3066440917968747,True,PUT,2026-01-30,KO
KO260206C00056000,56.0,17.58,17.1,18.15,2.0,4.0,1.013676806640625,True,CALL,2026-02-06,KO
KO260206C00057000,57.0,16.59,16.15,17.1,3.0,2.0,0.8984385156249999,True,CALL,2026-02-06,KO
KO260206C00058000,58.0,15.59,15.15,16.1,4.0,1.0,0.8476577734374999,True,CALL,2026-02-06,KO
KO260206C00059000,59.0,14.75,14.5,15.1,4.0,1.0,0.79687703125,True,CALL,2026-02-06,KO
KO260206C00060000,60.0,13.82,13.6,14.0,3.0,5.0,0.5546919531250001,True,CALL,2026-02-06,KO
KO260206C00061000,61.0,12.73,12.55,13.0,2.0,3.0,0.51562984375,True,CALL,2026-02-06,KO
KO260206C00062000,62.0,10.12,11.15,12.25,1.0,4.0,0.772463212890625,True,CALL,2026-02-06,KO
KO260206C00064000,64.0,9.2,9.15,10.1,30.0,24.0,0.5507857421875001,True,CALL,2026-02-06,KO
KO260206C00065000,65.0,6.17,8.15,9.3,1.0,12.0,0.6347692773437501,True,CALL,2026-02-06,KO
KO260206C00066000,66.0,7.2,7.15,8.15,1.0,35.0,0.49121602539062503,True,CALL,2026-02-06,KO
KO260206C00067000,67.0,6.65,6.55,7.1,2.0,23.0,0.405279384765625,True,CALL,2026-02-06,KO
KO260206C00068000,68.0,5.15,5.2,6.0,1.0,91.0,0.2500075,True,CALL,2026-02-06,KO
KO260206C00069000,69.0,4.2,4.6,5.15,3.0,605.0,0.336920693359375,True,CALL,2026-02-06,KO
KO260206C00070000,70.0,3.7,3.65,4.05,16.0,340.0,0.225593681640625,True,CALL,2026-02-06,KO
KO260206C00071000,71.0,2.84,2.77,3.05,23.0,1075.0,0.179695703125,True,CALL,2026-02-06,KO
KO260206C00072000,72.0,1.86,1.84,2.15,130.0,1555.0,0.17285983398437502,True,CALL,2026-02-06,KO
KO260206C00073000,73.0,1.18,1.26,1.32,345.0,3438.0,0.157234990234375,True,CALL,2026-02-06,KO
KO260206C00074000,74.0,0.6,0.65,0.7,1051.0,1160.0,0.15259636474609378,False,CALL,2026-02-06,KO
KO260206C00075000,75.0,0.32,0.24,0.31,660.0,3333.0,0.15088739746093754,False,CALL,2026-02-06,KO
KO260206C00076000,76.0,0.15,0.1,0.14,150.0,636.0,0.161141201171875,False,CALL,2026-02-06,KO
KO260206C00079000,79.0,0.02,0.0,0.55,5.0,8.0,0.46094289062500005,False,CALL,2026-02-06,KO
KO260206C00080000,80.0,0.02,0.0,0.04,111.0,34.0,0.26758544921875,False,CALL,2026-02-06,KO
KO260206P00055000,55.0,0.07,0.0,2.13,10.0,10.0,1.6660172949218752,False,PUT,2026-02-06,KO
KO260206P00058000,58.0,0.05,0.0,2.13,4.0,8.0,1.4423856005859377,False,PUT,2026-02-06,KO
KO260206P00060000,60.0,0.04,0.0,2.13,1.0,2.0,1.2963902368164062,False,PUT,2026-02-06,KO
KO260206P00062000,62.0,0.05,0.0,0.5,22.0,72.0,0.7617211328125001,False,PUT,2026-02-06,KO
KO260206P00063000,63.0,0.02,0.0,2.13,1.0,2.0,1.0810592822265626,False,PUT,2026-02-06,KO
KO260206P00064000,64.0,0.03,0.0,0.24,6.0,31.0,0.5546919531250001,False,PUT,2026-02-06,KO
KO260206P00065000,65.0,0.03,0.02,0.04,60.0,129.0,0.414068359375,False,PUT,2026-02-06,KO
KO260206P00066000,66.0,0.04,0.0,0.51,10.0,206.0,0.5459029785156251,False,PUT,2026-02-06,KO
KO260206P00067000,67.0,0.03,0.01,0.04,3.0,203.0,0.3320379296875,False,PUT,2026-02-06,KO
KO260206P00068000,68.0,0.04,0.04,0.05,2.0,414.0,0.3007882421875,False,PUT,2026-02-06,KO
KO260206P00069000,69.0,0.06,0.05,0.07,70.0,399.0,0.27539787109374997,False,PUT,2026-02-06,KO
KO260206P00070000,70.0,0.08,0.06,0.08,34.0,996.0,0.23633576171874998,False,PUT,2026-02-06,KO
KO260206P00071000,71.0,0.1,0.09,0.12,734.0,428.0,0.20899228515624996,False,PUT,2026-02-06,KO
KO260206P00072000,72.0,0.21,0.2,0.23,2237.0,1267.0,0.195320546875,False,PUT,2026-02-06,KO
KO260206P00073000,73.0,0.45,0.4,0.48,512.0,670.0,0.1928791650390625,False,PUT,2026-02-06,KO
KO260206P00074000,74.0,0.83,0.77,0.93,61.0,113.0,0.1992267578125,True,PUT,2026-02-06,KO
KO260206P00076000,76.0,2.65,2.05,2.9,3.0,4.0,0.3632876171875,True,PUT,2026-02-06,KO
KO260206P00080000,80.0,7.4,5.95,6.95,40.0,1.0,0.6313513427734375,True,PUT,2026-02-06,KO
KO260206P00084000,84.0,12.25,8.25,12.3,,0.0,0.57617611328125,True,PUT,2026-02-06,KO
KO260213C00059000,59.0,14.66,14.2,15.2,4.0,1.0,0.6738313867187502,True,CALL,2026-02-13,KO
KO260213C00064000,64.0,9.08,9.25,10.35,4.0,3.0,0.5390671093750001,True,CALL,2026-02-13,KO
KO260213C00065000,65.0,6.5,8.25,9.25,1.0,3.0,0.45508357421875,True,CALL,2026-02-13,KO
KO260213C00066000,66.0,5.3,7.3,8.3,2.0,2.0,0.4335994140625,True,CALL,2026-02-13,KO
KO260213C00067000,67.0,5.25,6.3,7.25,1.0,3.0,0.372076591796875,True,CALL,2026-02-13,KO
KO260213C00068000,68.0,4.85,5.85,6.2,1.0,20.0,0.31201859863281245,True,CALL,2026-02-13,KO
KO260213C00069000,69.0,4.64,4.85,5.35,1.0,151.0,0.3188544677734374,True,CALL,2026-02-13,KO
KO260213C00070000,70.0,4.05,3.8,4.3,2.0,297.0,0.25977302734375,True,CALL,2026-02-13,KO
KO260213C00071000,71.0,3.15,3.05,3.4,15.0,385.0,0.23828886718749998,True,CALL,2026-02-13,KO
KO260213C00072000,72.0,2.44,2.35,2.56,34.0,445.0,0.21973436523437498,True,CALL,2026-02-13,KO
KO260213C00073000,73.0,1.85,1.79,1.85,113.0,2431.0,0.21143366699218746,True,CALL,2026-02-13,KO
KO260213C00074000,74.0,1.19,1.23,1.25,189.0,2954.0,0.20337710693359373,False,CALL,2026-02-13,KO
KO260213C00075000,75.0,0.7,0.74,0.82,68.0,305.0,0.20313296874999998,False,CALL,2026-02-13,KO
KO260213C00076000,76.0,0.47,0.42,0.5,52.0,1073.0,0.20117986328124998,False,CALL,2026-02-13,KO
KO260213C00077000,77.0,0.29,0.24,0.31,23.0,46.0,0.20557435058593748,False,CALL,2026-02-13,KO
KO260213C00078000,78.0,0.16,0.14,0.19,1.0,31.0,0.21094539062499998,False,CALL,2026-02-13,KO
KO260213C00080000,80.0,0.04,0.02,0.54,4.0,60.0,0.3833069482421875,False,CALL,2026-02-13,KO
KO260213C00081000,81.0,0.01,0.0,1.82,4.0,12.0,0.5097705273437501,False,CALL,2026-02-13,KO
KO260213P00060000,60.0,0.05,0.0,0.1,118.0,133.0,0.5468795312500001,False,PUT,2026-02-13,KO
KO260213P00062000,62.0,0.23,0.0,1.2,3.0,11.0,0.7182645361328125,False,PUT,2026-02-13,KO
KO260213P00063000,63.0,0.11,0.0,1.02,6.0,56.0,0.63867548828125,False,PUT,2026-02-13,KO
KO260213P00064000,64.0,0.1,0.0,1.02,31.0,205.0,0.5927775097656252,False,PUT,2026-02-13,KO
KO260213P00065000,65.0,0.07,0.0,0.1,3.0,224.0,0.366217275390625,False,PUT,2026-02-13,KO
KO260213P00066000,66.0,0.11,0.05,0.12,1.0,187.0,0.3437565625,False,PUT,2026-02-13,KO
KO260213P00067000,67.0,0.1,0.11,0.13,4.0,417.0,0.31250687499999996,False,PUT,2026-02-13,KO
KO260213P00068000,68.0,0.16,0.13,0.16,26.0,844.0,0.2890696093749999,False,PUT,2026-02-13,KO
KO260213P00069000,69.0,0.2,0.17,0.21,4.0,351.0,0.2695385546875,False,PUT,2026-02-13,KO
KO260213P00070000,70.0,0.28,0.25,0.31,161.0,452.0,0.25830819824218754,False,PUT,2026-02-13,KO
KO260213P00071000,71.0,0.39,0.37,0.4,79.0,276.0,0.2348709326171875,False,PUT,2026-02-13,KO
KO260213P00072000,72.0,0.66,0.57,0.6,15.0,133.0,0.22461712890624996,False,PUT,2026-02-13,KO
KO260213P00073000,73.0,0.9,0.86,0.91,297.0,294.0,0.2192460888671875,False,PUT,2026-02-13,KO
KO260213P00074000,74.0,1.3,1.28,1.32,188.0,159.0,0.2124102197265625,True,PUT,2026-02-13,KO
KO260213P00075000,75.0,2.02,1.83,2.02,7.0,45.0,0.23413851806640623,True,PUT,2026-02-13,KO
KO260220C00055000,55.0,18.1,18.2,19.2,1.0,85.0,0.70312796875,True,CALL,2026-02-20,KO
KO260220C00057500,57.5,12.81,15.75,16.75,6.0,79.0,0.641605146484375,True,CALL,2026-02-20,KO
KO260220C00060000,60.0,13.0,13.75,14.1,4.0,3275.0,0.46680220703125,True,CALL,2026-02-20,KO
KO260220C00062500,62.5,11.0,10.9,11.75,1.0,312.0,0.46582565429687506,True,CALL,2026-02-20,KO
KO260220C00065000,65.0,8.82,8.4,9.15,1.0,1849.0,0.33887379882812496,True,CALL,2026-02-20,KO
KO260220C00067000,67.0,5.27,6.4,7.45,,1.0,0.3667055517578125,True,CALL,2026-02-20,KO
KO260220C00067500,67.5,6.36,6.05,6.85,2.0,3746.0,0.3217841259765625,True,CALL,2026-02-20,KO
KO260220C00068000,68.0,5.31,5.45,6.25,2.0,2.0,0.27539787109374997,True,CALL,2026-02-20,KO
KO260220C00069000,69.0,4.85,4.55,5.5,3.0,24.0,0.299811689453125,True,CALL,2026-02-20,KO
KO260220C00070000,70.0,4.29,4.05,4.45,177.0,11565.0,0.249030947265625,True,CALL,2026-02-20,KO
KO260220C00071000,71.0,3.39,3.25,3.55,4.0,73.0,0.22657023437499998,True,CALL,2026-02-20,KO
KO260220C00072000,72.0,2.65,2.53,2.72,104.0,1477.0,0.2087481469726562,True,CALL,2026-02-20,KO
KO260220C00072500,72.5,2.27,2.18,2.37,178.0,15270.0,0.2063067651367187,True,CALL,2026-02-20,KO
KO260220C00073000,73.0,1.99,1.86,2.02,70.0,1537.0,0.2004474487304687,True,CALL,2026-02-20,KO
KO260220C00074000,74.0,1.4,1.31,1.47,67.0,1242.0,0.19947089599609374,False,CALL,2026-02-20,KO
KO260220C00075000,75.0,0.95,0.9,0.98,541.0,25042.0,0.19165847412109377,False,CALL,2026-02-20,KO
KO260220C00076000,76.0,0.64,0.55,0.65,25.0,294.0,0.1914143359375,False,CALL,2026-02-20,KO
KO260220C00077000,77.0,0.37,0.33,0.41,31.0,160.0,0.1909260595703125,False,CALL,2026-02-20,KO
KO260220C00077500,77.5,0.31,0.27,0.33,11.0,8873.0,0.1928791650390625,False,CALL,2026-02-20,KO
KO260220C00078000,78.0,0.23,0.19,0.26,2.0,92.0,0.19385571777343752,False,CALL,2026-02-20,KO
KO260220C00079000,79.0,0.1,0.03,0.19,50.0,59.0,0.20508607421874997,False,CALL,2026-02-20,KO
KO260220C00080000,80.0,0.1,0.08,0.11,27.0,890.0,0.20459779785156246,False,CALL,2026-02-20,KO
KO260220C00081000,81.0,0.09,0.0,0.13,2.0,27.0,0.23780059082031246,False,CALL,2026-02-20,KO
KO260220C00085000,85.0,0.05,0.0,0.03,5.0,733.0,0.257819921875,False,CALL,2026-02-20,KO
KO260220C00090000,90.0,0.03,0.0,0.03,3.0,285.0,0.34766277343749996,False,CALL,2026-02-20,KO
KO260220C00095000,95.0,0.01,0.0,0.08,1.0,3.0,0.49023947265625006,False,CALL,2026-02-20,KO
KO260220P00055000,55.0,0.03,0.0,0.06,6.0,434.0,0.51562984375,False,PUT,2026-02-20,KO
KO260220P00057500,57.5,0.04,0.0,0.04,2.0,1954.0,0.46094289062500005,False,PUT,2026-02-20,KO
KO260220P00060000,60.0,0.06,0.0,0.09,7.0,2703.0,0.44727115234375,False,PUT,2026-02-20,KO
KO260220P00061000,61.0,0.07,0.0,0.13,10.0,20.0,0.446294599609375,False,PUT,2026-02-20,KO
KO260220P00062500,62.5,0.07,0.04,0.08,1.0,3417.0,0.36524072265625,False,PUT,2026-02-20,KO
KO260220P00063000,63.0,0.11,0.0,0.15,,1.0,0.39551385742187506,False,PUT,2026-02-20,KO
KO260220P00064000,64.0,0.12,0.0,0.16,2.0,3.0,0.36914693359375,False,PUT,2026-02-20,KO
KO260220P00065000,65.0,0.09,0.09,0.11,56.0,11459.0,0.31153032226562494,False,PUT,2026-02-20,KO
KO260220P00066000,66.0,0.11,0.04,0.17,5.0,59.0,0.309577216796875,False,PUT,2026-02-20,KO
KO260220P00067000,67.0,0.15,0.12,0.21,4.0,84.0,0.2919992675781249,False,PUT,2026-02-20,KO
KO260220P00067500,67.5,0.18,0.16,0.18,91.0,7920.0,0.264655791015625,False,PUT,2026-02-20,KO
KO260220P00068000,68.0,0.19,0.19,0.25,1.0,530.0,0.27149166015625,False,PUT,2026-02-20,KO
KO260220P00069000,69.0,0.26,0.24,0.3,29.0,3473.0,0.2500075,False,PUT,2026-02-20,KO
KO260220P00070000,70.0,0.35,0.34,0.35,267.0,7984.0,0.22461712890624996,False,PUT,2026-02-20,KO
KO260220P00071000,71.0,0.53,0.47,0.54,21.0,289.0,0.22217574707031246,False,PUT,2026-02-20,KO
KO260220P00072000,72.0,0.71,0.68,0.78,95.0,798.0,0.215828154296875,False,PUT,2026-02-20,KO
KO260220P00072500,72.5,0.91,0.83,0.85,27.0,2423.0,0.20117986328124998,False,PUT,2026-02-20,KO
KO260220P00073000,73.0,1.02,1.0,1.04,224.0,344.0,0.20117986328124998,False,PUT,2026-02-20,KO
KO260220P00074000,74.0,1.45,1.41,1.62,153.0,66.0,0.21778125976562498,True,PUT,2026-02-20,KO
KO260220P00075000,75.0,2.03,1.94,2.16,8.0,268.0,0.2148516015625,True,PUT,2026-02-20,KO
KO260220P00077000,77.0,3.86,3.25,3.9,132.0,331.0,0.2712475219726562,True,PUT,2026-02-20,KO
KO260220P00077500,77.5,4.39,3.65,4.5,1.0,331.0,0.3078682495117187,True,PUT,2026-02-20,KO
KO260220P00080000,80.0,6.83,6.0,6.9,2.0,2.0,0.38623660644531244,True,PUT,2026-02-20,KO
KO260220P00085000,85.0,16.94,9.25,13.3,1.0,0.0,0.7971211694335938,True,PUT,2026-02-20,KO
KO260220P00090000,90.0,21.97,14.25,18.35,,0.0,0.5102588037109376,True,PUT,2026-02-20,KO
KO260220P00095000,95.0,26.93,19.25,23.35,2.0,0.0,0.614261669921875,True,PUT,2026-02-20,KO
KO260227C00062000,62.0,8.5,11.3,12.4,,1.0,0.4731497998046875,True,CALL,2026-02-27,KO
KO260227C00066000,66.0,5.33,7.4,8.6,50.0,25.0,0.38794557373046873,True,CALL,2026-02-27,KO
KO260227C00067000,67.0,6.98,6.45,7.5,2.0,3.0,0.3320379296875,True,CALL,2026-02-27,KO
KO260227C00068000,68.0,5.83,5.55,6.4,2.0,7.0,0.27686270019531245,True,CALL,2026-02-27,KO
KO260227C00069000,69.0,5.0,4.65,5.55,1.0,36.0,0.27197993652343744,True,CALL,2026-02-27,KO
KO260227C00070000,70.0,4.18,4.2,4.55,14.0,117.0,0.23584748535156247,True,CALL,2026-02-27,KO
KO260227C00071000,71.0,3.62,3.4,3.65,2.0,177.0,0.21363091064453127,True,CALL,2026-02-27,KO
KO260227C00072000,72.0,2.83,2.67,2.88,9.0,541.0,0.20459779785156246,True,CALL,2026-02-27,KO
KO260227C00073000,73.0,2.14,2.12,2.21,48.0,367.0,0.19873848144531248,True,CALL,2026-02-27,KO
KO260227C00074000,74.0,1.68,1.55,1.6,182.0,210.0,0.18994950683593753,False,CALL,2026-02-27,KO
KO260227C00075000,75.0,1.06,1.07,1.12,86.0,3721.0,0.18494467407226559,False,CALL,2026-02-27,KO
KO260227C00076000,76.0,0.76,0.72,0.76,5.0,272.0,0.18262536132812499,False,CALL,2026-02-27,KO
KO260227C00077000,77.0,0.46,0.46,0.5,525.0,60.0,0.18164880859375,False,CALL,2026-02-27,KO
KO260227C00078000,78.0,0.19,0.23,0.67,21.0,91.0,0.24073024902343748,False,CALL,2026-02-27,KO
KO260227C00080000,80.0,0.17,0.1,0.16,1.0,28.0,0.195320546875,False,CALL,2026-02-27,KO
KO260227P00055000,55.0,0.02,0.0,0.19,8.0,15.0,0.5312546875,False,PUT,2026-02-27,KO
KO260227P00059000,59.0,0.06,0.0,2.15,1.0,9.0,0.75195560546875,False,PUT,2026-02-27,KO
KO260227P00060000,60.0,0.21,0.0,2.15,,7.0,0.7124052197265626,False,PUT,2026-02-27,KO
KO260227P00062000,62.0,0.08,0.0,0.32,1.0,17.0,0.442388388671875,False,PUT,2026-02-27,KO
KO260227P00063000,63.0,0.12,0.0,1.4,19.0,22.0,0.5136767382812499,False,PUT,2026-02-27,KO
KO260227P00064000,64.0,0.19,0.0,1.4,11.0,21.0,0.6152382226562501,False,PUT,2026-02-27,KO
KO260227P00065000,65.0,0.12,0.1,0.15,8.0,93.0,0.2910227148437499,False,PUT,2026-02-27,KO
KO260227P00066000,66.0,0.15,0.06,0.2,1.0,20.0,0.28125718749999995,False,PUT,2026-02-27,KO
KO260227P00067000,67.0,0.23,0.12,0.45,1.0,96.0,0.3178779150390625,False,PUT,2026-02-27,KO
KO260227P00068000,68.0,0.35,0.21,0.29,7.0,340.0,0.24805439453125,False,PUT,2026-02-27,KO
KO260227P00069000,69.0,0.31,0.28,0.35,1.0,57.0,0.2299881689453125,False,PUT,2026-02-27,KO
KO260227P00070000,70.0,0.43,0.39,0.44,294.0,522.0,0.213875048828125,False,PUT,2026-02-27,KO
KO260227P00071000,71.0,0.61,0.54,0.61,53.0,70.0,0.20533021240234373,False,PUT,2026-02-27,KO
KO260227P00072000,72.0,0.84,0.78,0.85,7.0,70.0,0.19849434326171872,False,PUT,2026-02-27,KO
KO260227P00073000,73.0,1.15,1.09,1.18,10.0,24.0,0.19336744140625,False,PUT,2026-02-27,KO
KO260227P00074000,74.0,1.67,1.52,1.6,2.0,7.0,0.18824053955078124,True,PUT,2026-02-27,KO
KO260227P00075000,75.0,2.43,2.05,2.12,1.0,3.0,0.18311363769531247,True,PUT,2026-02-27,KO
KO260227P00076000,76.0,2.76,2.7,2.93,8.0,3.0,0.20288883056640622,True,PUT,2026-02-27,KO
KO260227P00078000,78.0,4.61,4.3,4.55,1.0,1.0,0.21949022705078125,True,PUT,2026-02-27,KO
KO260227P00079000,79.0,6.98,4.95,5.95,,1.0,0.3139717041015625,True,PUT,2026-02-27,KO
KO260227P00080000,80.0,6.05,4.65,8.15,1.0,0.0,0.5141650146484374,True,PUT,2026-02-27,KO
KO260306C00070000,70.0,4.38,4.3,4.7,1.0,8.0,0.23438265625,True,CALL,2026-03-06,KO
KO260306C00072000,72.0,2.9,2.75,3.1,100.0,18.0,0.21021297607421874,True,CALL,2026-03-06,KO
KO260306C00073000,73.0,2.24,2.05,2.41,10.0,67.0,0.20093572509765623,True,CALL,2026-03-06,KO
KO260306C00074000,74.0,1.7,1.56,1.82,46.0,60.0,0.194343994140625,False,CALL,2026-03-06,KO
KO260306C00075000,75.0,1.22,1.07,1.31,463.0,122.0,0.18726398681640627,False,CALL,2026-03-06,KO
KO260306C00076000,76.0,0.78,0.71,0.96,8.0,18.0,0.18799640136718748,False,CALL,2026-03-06,KO
KO260306C00077000,77.0,0.52,0.45,0.74,2.0,5.0,0.19556468505859376,False,CALL,2026-03-06,KO
KO260306C00079000,79.0,0.22,0.18,0.35,1.0,1.0,0.19409985595703128,False,CALL,2026-03-06,KO
KO260306P00055000,55.0,0.13,0.0,2.14,7.0,13.0,0.8227556787109375,False,PUT,2026-03-06,KO
KO260306P00064000,64.0,0.12,0.0,1.4,10.0,25.0,0.5539595385742189,False,PUT,2026-03-06,KO
KO260306P00065000,65.0,0.19,0.05,0.75,14.0,26.0,0.407232490234375,False,PUT,2026-03-06,KO
KO260306P00068000,68.0,0.37,0.22,0.36,3.0,18.0,0.23828886718749998,False,PUT,2026-03-06,KO
KO260306P00069000,69.0,0.5,0.3,0.51,2.0,20.0,0.23584748535156247,False,PUT,2026-03-06,KO
KO260306P00070000,70.0,0.53,0.44,0.64,6.0,57.0,0.22364057617187497,False,PUT,2026-03-06,KO
KO260320C00052500,52.5,18.35,19.4,23.55,1.0,34.0,0.9702151416015624,True,CALL,2026-03-20,KO
KO260320C00055000,55.0,18.44,16.9,21.0,1.0,16.0,0.8686536572265625,True,CALL,2026-03-20,KO
KO260320C00057500,57.5,14.06,0.0,0.0,2.0,74.0,1.0000000000000003e-05,True,CALL,2026-03-20,KO
KO260320C00060000,60.0,14.0,13.45,14.4,1.0,264.0,0.41309180664062495,True,CALL,2026-03-20,KO
KO260320C00062500,62.5,11.1,10.95,12.45,1.0,445.0,0.45313046875,True,CALL,2026-03-20,KO
KO260320C00065000,65.0,8.88,8.55,9.55,1.0,2243.0,0.3156806713867187,True,CALL,2026-03-20,KO
KO260320C00067500,67.5,6.71,6.3,7.05,3.0,2229.0,0.24927508544921873,True,CALL,2026-03-20,KO
KO260320C00070000,70.0,4.7,4.5,4.85,64.0,6061.0,0.21778125976562498,True,CALL,2026-03-20,KO
KO260320C00072500,72.5,2.78,2.77,2.78,269.0,12817.0,0.1783529431152344,True,CALL,2026-03-20,KO
KO260320C00075000,75.0,1.39,1.36,1.4,809.0,12496.0,0.16773293212890628,False,CALL,2026-03-20,KO
KO260320C00077500,77.5,0.55,0.56,0.61,570.0,8226.0,0.165047412109375,False,CALL,2026-03-20,KO
KO260320C00080000,80.0,0.23,0.21,0.25,323.0,10868.0,0.16846534667968754,False,CALL,2026-03-20,KO
KO260320C00082500,82.5,0.11,0.08,0.19,1.0,389.0,0.20020331054687499,False,CALL,2026-03-20,KO
KO260320C00085000,85.0,0.05,0.04,0.2,3.0,1398.0,0.2436599072265625,False,CALL,2026-03-20,KO
KO260320C00090000,90.0,0.01,0.0,0.07,1.0,3365.0,0.26367923828125,False,CALL,2026-03-20,KO
KO260320C00095000,95.0,0.01,0.0,0.21,1.0,58.0,0.3881897119140625,False,CALL,2026-03-20,KO
KO260320P00052500,52.5,0.05,0.0,0.62,15.0,345.0,0.5742230078125,False,PUT,2026-03-20,KO
KO260320P00055000,55.0,0.05,0.0,0.11,6.0,863.0,0.41797457031249996,False,PUT,2026-03-20,KO
KO260320P00057500,57.5,0.07,0.05,0.28,104.0,725.0,0.436529072265625,False,PUT,2026-03-20,KO
KO260320P00060000,60.0,0.13,0.05,0.19,14.0,3170.0,0.34570966796874997,False,PUT,2026-03-20,KO
KO260320P00062500,62.5,0.15,0.13,0.16,65.0,7733.0,0.2797923583984374,False,PUT,2026-03-20,KO
KO260320P00065000,65.0,0.22,0.21,0.25,200.0,9151.0,0.2514723291015625,False,PUT,2026-03-20,KO
KO260320P00067500,67.5,0.4,0.38,0.41,445.0,7666.0,0.22412885253906245,False,PUT,2026-03-20,KO
KO260320P00070000,70.0,0.75,0.7,0.73,1919.0,8498.0,0.2016681396484375,False,PUT,2026-03-20,KO
KO260320P00072500,72.5,1.41,1.38,1.42,903.0,1739.0,0.19043778320312502,False,PUT,2026-03-20,KO
KO260320P00075000,75.0,2.69,2.56,2.69,232.0,257.0,0.19312330322265625,True,PUT,2026-03-20,KO
KO260320P00077500,77.5,7.8,4.2,4.75,1.0,63.0,0.23267368896484375,True,PUT,2026-03-20,KO
KO260320P00080000,80.0,6.95,6.35,7.85,6.0,20.0,0.36377589355468753,True,PUT,2026-03-20,KO
KO260320P00082500,82.5,14.54,8.7,10.75,1.0,0.0,0.4699760034179688,True,PUT,2026-03-20,KO
KO260320P00085000,85.0,14.95,11.1,13.3,1.0,0.0,0.5354050366210938,True,PUT,2026-03-20,KO
KO260320P00090000,90.0,19.65,20.0,0.0,1.0,1.0,1.0000000000000003e-05,True,PUT,2026-03-20,KO
KO260320P00095000,95.0,23.15,23.9,24.75,1.0,0.0,0.8564467480468749,True,PUT,2026-03-20,KO
KO260417C00065000,65.0,9.2,9.1,9.7,5.0,22.0,0.2739330419921875,True,CALL,2026-04-17,KO
KO260417C00067500,67.5,6.65,6.55,7.3,3.0,26.0,0.22925575439453127,True,CALL,2026-04-17,KO
KO260417C00070000,70.0,4.9,4.75,5.05,26.0,177.0,0.19336744140625,True,CALL,2026-04-17,KO
KO260417C00072500,72.5,3.1,3.1,3.2,319.0,763.0,0.17542328491210937,True,CALL,2026-04-17,KO
KO260417C00075000,75.0,1.76,1.75,1.8,206.0,5213.0,0.16431499755859375,False,CALL,2026-04-17,KO
KO260417C00077500,77.5,0.83,0.87,0.91,671.0,1369.0,0.1595543029785156,False,CALL,2026-04-17,KO
KO260417C00080000,80.0,0.4,0.38,0.45,2.0,221.0,0.16211775390625,False,CALL,2026-04-17,KO
KO260417P00060000,60.0,0.21,0.08,0.3,20.0,94.0,0.30713583496093744,False,PUT,2026-04-17,KO
KO260417P00062500,62.5,0.26,0.23,0.29,21.0,145.0,0.256843369140625,False,PUT,2026-04-17,KO
KO260417P00065000,65.0,0.4,0.35,0.43,2.0,212.0,0.23365024169921872,False,PUT,2026-04-17,KO
KO260417P00067500,67.5,0.61,0.58,0.65,56.0,602.0,0.21070125244140625,False,PUT,2026-04-17,KO
KO260417P00070000,70.0,1.04,0.98,1.04,82.0,716.0,0.19117019775390626,False,PUT,2026-04-17,KO
KO260417P00072500,72.5,1.77,1.74,1.77,132.0,552.0,0.179695703125,False,PUT,2026-04-17,KO
KO260417P00075000,75.0,3.24,2.88,2.96,11.0,32.0,0.17505707763671874,True,PUT,2026-04-17,KO
KO260515C00055000,55.0,17.5,17.05,21.05,2.0,12.0,0.6052285571289064,True,CALL,2026-05-15,KO
KO260515C00057500,57.5,14.85,15.4,15.85,2.0,1.0,1.0000000000000003e-05,True,CALL,2026-05-15,KO
KO260515C00060000,60.0,11.24,13.5,14.55,2.0,33.0,0.309577216796875,True,CALL,2026-05-15,KO
KO260515C00062500,62.5,10.85,11.15,12.3,11.0,48.0,0.2954172021484375,True,CALL,2026-05-15,KO
KO260515C00065000,65.0,9.6,9.0,9.75,2.0,252.0,0.24097438720703124,True,CALL,2026-05-15,KO
KO260515C00067500,67.5,6.75,6.95,7.65,4.0,1971.0,0.22852333984375,True,CALL,2026-05-15,KO
KO260515C00070000,70.0,5.23,5.2,5.65,3.0,2102.0,0.21094539062499998,True,CALL,2026-05-15,KO
KO260515C00072500,72.5,3.75,3.7,3.8,43.0,5455.0,0.1895832995605469,True,CALL,2026-05-15,KO
KO260515C00075000,75.0,2.32,2.32,2.37,36.0,5756.0,0.17701018310546873,False,CALL,2026-05-15,KO
KO260515C00077500,77.5,1.3,1.32,1.37,54.0,1961.0,0.1700522448730469,False,CALL,2026-05-15,KO
KO260515C00080000,80.0,0.67,0.69,0.73,587.0,4021.0,0.1656577575683594,False,CALL,2026-05-15,KO
KO260515C00085000,85.0,0.17,0.16,0.3,1.0,156.0,0.18506674316406246,False,CALL,2026-05-15,KO
KO260515C00090000,90.0,0.1,0.0,0.09,3.0,103.0,0.18946123046875002,False,CALL,2026-05-15,KO
KO260515C00095000,95.0,0.1,0.01,0.08,1.0,209.0,0.22754678710937498,False,CALL,2026-05-15,KO
KO260515P00055000,55.0,0.19,0.1,0.23,1.0,355.0,0.33008482421874996,False,PUT,2026-05-15,KO
KO260515P00057500,57.5,0.19,0.09,0.3,3.0,1229.0,0.305671005859375,False,PUT,2026-05-15,KO
KO260515P00060000,60.0,0.3,0.25,0.34,20.0,2308.0,0.27173579833984374,False,PUT,2026-05-15,KO
KO260515P00062500,62.5,0.41,0.31,0.53,13.0,2208.0,0.25879647460937505,False,PUT,2026-05-15,KO
KO260515P00065000,65.0,0.58,0.56,0.64,11.0,7026.0,0.22705851074218747,False,PUT,2026-05-15,KO
KO260515P00067500,67.5,0.91,0.86,0.92,87.0,3319.0,0.20703917968749996,False,PUT,2026-05-15,KO
KO260515P00070000,70.0,1.39,1.36,1.44,15.0,1995.0,0.19458813232421873,False,PUT,2026-05-15,KO
KO260515P00072500,72.5,2.18,2.13,2.21,97.0,1263.0,0.1829915686035156,False,PUT,2026-05-15,KO
KO260515P00075000,75.0,3.35,3.25,3.35,62.0,228.0,0.17505707763671874,True,PUT,2026-05-15,KO
KO260515P00077500,77.5,5.9,4.7,5.4,5.0,11.0,0.20520814331054685,True,PUT,2026-05-15,KO
KO260515P00080000,80.0,9.4,6.6,7.3,2.0,0.0,0.2108233215332031,True,PUT,2026-05-15,KO
KO260515P00085000,85.0,16.98,12.65,13.1,2.0,0.0,0.3546207116699218,True,PUT,2026-05-15,KO
KO260618C00052500,52.5,18.3,20.9,22.1,1.0,58.0,0.40381455566406255,True,CALL,2026-06-18,KO
KO260618C00055000,55.0,17.6,18.45,19.6,1.0,52.0,0.35986968261718744,True,CALL,2026-06-18,KO
KO260618C00057500,57.5,16.37,16.05,17.15,1.0,22.0,0.3244696459960937,True,CALL,2026-06-18,KO
KO260618C00060000,60.0,14.0,13.65,14.85,3.0,189.0,0.30591514404296877,True,CALL,2026-06-18,KO
KO260618C00062500,62.5,11.63,11.35,12.4,2.0,728.0,0.26734131103515624,True,CALL,2026-06-18,KO
KO260618C00065000,65.0,9.72,9.2,10.25,31.0,1979.0,0.2536695727539063,True,CALL,2026-06-18,KO
KO260618C00067500,67.5,7.4,7.35,8.05,558.0,1244.0,0.22815713256835937,True,CALL,2026-06-18,KO
KO260618C00070000,70.0,5.75,5.7,5.9,45.0,10575.0,0.19934882690429687,True,CALL,2026-06-18,KO
KO260618C00072500,72.5,4.06,3.95,4.2,72.0,4966.0,0.18763019409179688,True,CALL,2026-06-18,KO
KO260618C00075000,75.0,2.67,2.62,2.81,61.0,6419.0,0.17829190856933597,False,CALL,2026-06-18,KO
KO260618C00077500,77.5,1.69,1.61,1.71,65.0,4479.0,0.16834327758789067,False,CALL,2026-06-18,KO
KO260618C00080000,80.0,0.99,0.92,1.03,169.0,7535.0,0.16614603393554692,False,CALL,2026-06-18,KO
KO260618C00082500,82.5,0.57,0.51,0.59,12.0,1201.0,0.16480327392578126,False,CALL,2026-06-18,KO
KO260618C00085000,85.0,0.27,0.24,0.38,26.0,1857.0,0.17115086669921875,False,CALL,2026-06-18,KO
KO260618C00090000,90.0,0.08,0.0,0.17,1.0,248.0,0.18506674316406246,False,CALL,2026-06-18,KO
KO260618C00095000,95.0,0.01,0.0,0.11,2.0,94.0,0.20801573242187496,False,CALL,2026-06-18,KO
KO260618P00052500,52.5,0.2,0.07,0.27,42.0,1076.0,0.3354558642578125,False,PUT,2026-06-18,KO
KO260618P00055000,55.0,0.22,0.1,0.33,2.0,1925.0,0.31055376953124997,False,PUT,2026-06-18,KO
KO260618P00057500,57.5,0.32,0.27,0.42,7.0,1472.0,0.2880930566406249,False,PUT,2026-06-18,KO
KO260618P00060000,60.0,0.46,0.37,0.54,1.0,5261.0,0.266608896484375,False,PUT,2026-06-18,KO
KO260618P00062500,62.5,0.56,0.53,0.62,12.0,5429.0,0.23633576171874998,False,PUT,2026-06-18,KO
KO260618P00065000,65.0,0.83,0.83,0.84,42.0,9912.0,0.21704884521484374,False,PUT,2026-06-18,KO
KO260618P00067500,67.5,1.21,1.13,1.24,209.0,5854.0,0.2048419360351562,False,PUT,2026-06-18,KO
KO260618P00070000,70.0,1.77,1.73,1.8,81.0,5149.0,0.192390888671875,False,PUT,2026-06-18,KO
KO260618P00072500,72.5,2.55,2.55,2.59,41.0,2209.0,0.18073329040527342,False,PUT,2026-06-18,KO
KO260618P00075000,75.0,4.1,3.6,3.85,4.0,610.0,0.17981777221679687,True,PUT,2026-06-18,KO
KO260618P00077500,77.5,5.53,5.05,5.7,10.0,150.0,0.19617503051757812,True,PUT,2026-06-18,KO
KO260618P00080000,80.0,9.15,6.85,7.55,2.0,34.0,0.19995917236328126,True,PUT,2026-06-18,KO
KO260618P00082500,82.5,12.21,9.95,13.85,6.0,0.0,0.46381151428222656,True,PUT,2026-06-18,KO
KO260618P00085000,85.0,17.5,15.0,0.0,1.0,0.0,1.0000000000000003e-05,True,PUT,2026-06-18,KO
KO260618P00090000,90.0,20.14,14.4,18.4,1.0,0.0,0.39380489013671877,True,PUT,2026-06-18,KO
KO260821C00055000,55.0,14.33,18.55,19.65,1.0,1.0,0.304694453125,True,CALL,2026-08-21,KO
KO260821C00060000,60.0,14.02,13.85,14.95,1.0,2.0,0.26270268554687504,True,CALL,2026-08-21,KO
KO260821C00062500,62.5,11.7,11.6,12.75,3.0,70.0,0.249030947265625,True,CALL,2026-08-21,KO
KO260821C00065000,65.0,9.5,9.5,10.7,304.0,484.0,0.23963162719726558,True,CALL,2026-08-21,KO
KO260821C00067500,67.5,7.84,7.75,8.5,561.0,575.0,0.2148516015625,True,CALL,2026-08-21,KO
KO260821C00070000,70.0,5.8,5.9,6.7,301.0,375.0,0.20569641967773436,True,CALL,2026-08-21,KO
KO260821C00072500,72.5,4.3,4.3,5.05,6.0,742.0,0.19495433959960937,True,CALL,2026-08-21,KO
KO260821C00075000,75.0,3.5,3.35,3.6,36.0,3928.0,0.18360191406249998,False,CALL,2026-08-21,KO
KO260821C00077500,77.5,2.28,2.25,2.58,5.0,809.0,0.18116053222656248,False,CALL,2026-08-21,KO
KO260821C00080000,80.0,1.65,1.59,1.63,1358.0,1031.0,0.1706625903320313,False,CALL,2026-08-21,KO
KO260821C00085000,85.0,0.61,0.5,0.68,5.0,26.0,0.16785500122070315,False,CALL,2026-08-21,KO
KO260821C00090000,90.0,0.21,0.18,0.29,,1.0,0.1713950048828125,False,CALL,2026-08-21,KO
KO260821C00095000,95.0,0.07,0.0,0.16,3.0,3.0,0.1840901904296875,False,CALL,2026-08-21,KO
KO260821P00055000,55.0,0.38,0.33,0.45,8.0,50.0,0.27637442382812494,False,PUT,2026-08-21,KO
KO260821P00060000,60.0,0.68,0.56,0.74,13.0,206.0,0.24195093994140626,False,PUT,2026-08-21,KO
KO260821P00062500,62.5,0.82,0.82,0.99,6.0,488.0,0.2280350634765625,False,PUT,2026-08-21,KO
KO260821P00065000,65.0,1.22,0.99,1.38,74.0,581.0,0.21826953613281247,False,PUT,2026-08-21,KO
KO260821P00067500,67.5,1.62,1.56,1.69,188.0,1329.0,0.1966633068847656,False,PUT,2026-08-21,KO
KO260821P00070000,70.0,2.2,2.2,2.36,2.0,364.0,0.18811847045898436,False,PUT,2026-08-21,KO
KO260821P00072500,72.5,3.15,3.05,3.25,33.0,136.0,0.1805501867675781,False,PUT,2026-08-21,KO
KO260821P00077500,77.5,6.85,5.5,6.25,1.0,1.0,0.18860674682617187,True,PUT,2026-08-21,KO
KO260918C00052500,52.5,19.81,21.0,22.05,2.0,28.0,0.3073799731445312,True,CALL,2026-09-18,KO
KO260918C00055000,55.0,18.8,18.6,19.7,1.0,44.0,0.2915109912109374,True,CALL,2026-09-18,KO
KO260918C00057500,57.5,14.1,16.15,17.5,1.0,179.0,0.28601788208007806,True,CALL,2026-09-18,KO
KO260918C00060000,60.0,13.67,13.9,15.05,1.0,89.0,0.25452405639648445,True,CALL,2026-09-18,KO
KO260918C00062500,62.5,9.65,11.75,12.85,7.0,247.0,0.24048611083984373,True,CALL,2026-09-18,KO
KO260918C00065000,65.0,10.46,10.15,10.75,12.0,791.0,0.22766885620117186,True,CALL,2026-09-18,KO
KO260918C00067500,67.5,8.1,8.0,8.75,5.0,720.0,0.21448539428710936,True,CALL,2026-09-18,KO
KO260918C00070000,70.0,6.67,6.6,6.8,37.0,2120.0,0.19763985961914063,True,CALL,2026-09-18,KO
KO260918C00072500,72.5,5.25,4.95,5.25,5.0,1102.0,0.19147537048339847,True,CALL,2026-09-18,KO
KO260918C00075000,75.0,3.6,3.6,3.9,6.0,1021.0,0.18494467407226559,False,CALL,2026-09-18,KO
KO260918C00077500,77.5,2.5,2.51,2.7,4.0,560.0,0.17517914672851562,False,CALL,2026-09-18,KO
KO260918C00080000,80.0,1.81,1.61,1.85,236.0,928.0,0.17078465942382814,False,CALL,2026-09-18,KO
KO260918C00082500,82.5,1.0,0.96,1.2,20.0,333.0,0.16602396484375004,False,CALL,2026-09-18,KO
KO260918C00085000,85.0,0.55,0.57,0.74,3.0,195.0,0.16175154663085936,False,CALL,2026-09-18,KO
KO260918C00090000,90.0,0.2,0.13,0.35,2.0,311.0,0.16785500122070315,False,CALL,2026-09-18,KO
KO260918C00095000,95.0,0.22,0.0,0.0,4.0,49.0,0.062509375,False,CALL,2026-09-18,KO
KO260918P00052500,52.5,0.4,0.19,0.41,2.0,181.0,0.2854075366210937,False,PUT,2026-09-18,KO
KO260918P00055000,55.0,0.47,0.26,0.52,1.0,841.0,0.26856200195312496,False,PUT,2026-09-18,KO
KO260918P00057500,57.5,0.62,0.38,0.67,2.0,366.0,0.25318129638671877,False,PUT,2026-09-18,KO
KO260918P00060000,60.0,0.81,0.56,0.88,5.0,2384.0,0.2395095581054687,False,PUT,2026-09-18,KO
KO260918P00062500,62.5,1.15,0.82,1.17,41.0,1683.0,0.22718057983398435,False,PUT,2026-09-18,KO
KO260918P00065000,65.0,1.31,1.19,1.57,5.0,1516.0,0.21631643066406248,False,PUT,2026-09-18,KO
KO260918P00067500,67.5,1.81,1.76,1.91,4.0,2017.0,0.19623606506347657,False,PUT,2026-09-18,KO
KO260918P00070000,70.0,2.48,2.44,2.62,27.0,2528.0,0.18872881591796875,False,PUT,2026-09-18,KO
KO260918P00072500,72.5,3.55,3.25,3.8,1.0,292.0,0.19324537231445313,False,PUT,2026-09-18,KO
KO260918P00075000,75.0,4.46,4.35,5.0,40.0,77.0,0.18872881591796875,True,PUT,2026-09-18,KO
KO260918P00077500,77.5,8.05,5.65,6.5,1.0,48.0,0.1878743322753906,True,PUT,2026-09-18,KO
KO260918P00080000,80.0,10.26,7.3,8.2,10.0,34.0,0.18695881408691406,True,PUT,2026-09-18,KO
KO260918P00082500,82.5,13.65,11.25,12.65,4.0,4.0,0.30799031860351556,True,PUT,2026-09-18,KO
KO260918P00085000,85.0,12.66,11.3,12.35,1.0,6.0,0.1997150341796875,True,PUT,2026-09-18,KO
KO260918P00090000,90.0,17.32,14.5,18.5,1.0,2.0,0.3117744604492187,True,PUT,2026-09-18,KO
KO260918P00095000,95.0,25.84,21.0,24.5,2.0,3.0,0.4097959411621094,True,PUT,2026-09-18,KO
KO261218C00052500,52.5,18.7,20.05,22.7,1.0,36.0,0.3220282641601562,True,CALL,2026-12-18,KO
KO261218C00055000,55.0,17.27,17.0,20.8,2.0,132.0,0.3314275842285156,True,CALL,2026-12-18,KO
KO261218C00057500,57.5,13.3,16.35,17.75,12.0,137.0,0.26050544189453123,True,CALL,2026-12-18,KO
KO261218C00060000,60.0,14.95,14.25,16.1,22.0,697.0,0.27930408203124996,True,CALL,2026-12-18,KO
KO261218C00062500,62.5,12.8,12.55,13.05,1.0,580.0,0.21521780883789063,True,CALL,2026-12-18,KO
KO261218C00065000,65.0,10.89,10.65,11.0,10.0,3675.0,0.20520814331054685,True,CALL,2026-12-18,KO
KO261218C00067500,67.5,8.8,8.7,9.2,1.0,357.0,0.20117986328124998,True,CALL,2026-12-18,KO
KO261218C00070000,70.0,7.15,6.9,7.4,1.0,1043.0,0.19104812866210938,True,CALL,2026-12-18,KO
KO261218C00072500,72.5,5.3,5.1,5.9,13.0,808.0,0.1862263995361328,True,CALL,2026-12-18,KO
KO261218C00075000,75.0,4.37,4.25,4.5,10.0,2034.0,0.1783529431152344,False,CALL,2026-12-18,KO
KO261218C00077500,77.5,3.0,2.74,3.4,5.0,351.0,0.17438569763183598,False,CALL,2026-12-18,KO
KO261218C00080000,80.0,2.33,2.21,2.45,5.0,2751.0,0.16877051940917973,False,CALL,2026-12-18,KO
KO261218C00082500,82.5,1.5,1.28,1.76,72.0,661.0,0.1662681030273438,False,CALL,2026-12-18,KO
KO261218C00085000,85.0,1.11,0.91,1.17,1.0,505.0,0.1607749938964844,False,CALL,2026-12-18,KO
KO261218C00090000,90.0,0.42,0.32,0.61,3.0,1628.0,0.1637046520996094,False,CALL,2026-12-18,KO
KO261218C00095000,95.0,0.3,0.16,0.31,2.0,515.0,0.16651224121093755,False,CALL,2026-12-18,KO
KO261218P00052500,52.5,0.43,0.31,0.58,1.0,1154.0,0.26270268554687504,False,PUT,2026-12-18,KO
KO261218P00055000,55.0,0.55,0.55,0.64,2.0,458.0,0.24024197265624997,False,PUT,2026-12-18,KO
KO261218P00057500,57.5,0.79,0.61,0.93,2.0,536.0,0.23633576171874998,False,PUT,2026-12-18,KO
KO261218P00060000,60.0,1.02,0.87,1.05,47.0,1394.0,0.21509573974609375,False,PUT,2026-12-18,KO
KO261218P00062500,62.5,1.35,1.27,1.43,4.0,3760.0,0.20789366333007808,False,PUT,2026-12-18,KO
KO261218P00065000,65.0,1.75,1.73,1.84,1.0,1096.0,0.19696847961425779,False,PUT,2026-12-18,KO
KO261218P00067500,67.5,2.4,2.21,2.65,601.0,1540.0,0.19873848144531248,False,PUT,2026-12-18,KO
KO261218P00070000,70.0,3.12,3.0,3.2,11.0,1249.0,0.1828694995117187,False,PUT,2026-12-18,KO
KO261218P00072500,72.5,4.25,3.5,4.4,58.0,497.0,0.1859212268066406,False,PUT,2026-12-18,KO
KO261218P00075000,75.0,5.3,4.8,5.45,8.0,105.0,0.17627776855468752,True,PUT,2026-12-18,KO
KO261218P00077500,77.5,6.5,6.0,7.05,5.0,92.0,0.17957363403320312,True,PUT,2026-12-18,KO
KO261218P00080000,80.0,8.0,7.65,8.9,1.0,42.0,0.1859212268066406,True,PUT,2026-12-18,KO
KO261218P00082500,82.5,12.5,9.55,10.55,2.0,22.0,0.1783529431152344,True,PUT,2026-12-18,KO
KO261218P00085000,85.0,15.87,11.1,13.05,1.0,1.0,0.20179020874023437,True,PUT,2026-12-18,KO
KO261218P00090000,90.0,20.75,15.7,17.2,1.0,2.0,0.2004474487304687,True,PUT,2026-12-18,KO
KO261218P00095000,95.0,25.84,23.0,24.55,5.0,5.0,0.3497379479980468,True,PUT,2026-12-18,KO
KO270115C00052500,52.5,21.2,21.0,22.6,3.0,53.0,0.3009103112792969,True,CALL,2027-01-15,KO
KO270115C00055000,55.0,19.3,19.3,19.85,1.0,187.0,0.2500075,True,CALL,2027-01-15,KO
KO270115C00057500,57.5,16.43,15.3,18.1,2.0,327.0,0.27234614379882804,True,CALL,2027-01-15,KO
KO270115C00060000,60.0,15.15,14.45,15.35,38.0,2307.0,0.22583781982421874,True,CALL,2027-01-15,KO
KO270115C00062500,62.5,12.95,12.8,13.1,29.0,10742.0,0.20911435424804684,True,CALL,2027-01-15,KO
KO270115C00065000,65.0,10.92,10.8,11.1,131.0,995.0,0.2014850360107422,True,CALL,2027-01-15,KO
KO270115C00067500,67.5,9.15,9.0,9.3,166.0,921.0,0.1970905487060547,True,CALL,2027-01-15,KO
KO270115C00070000,70.0,7.45,7.3,7.55,139.0,4035.0,0.18885088500976563,True,CALL,2027-01-15,KO
KO270115C00072500,72.5,5.95,5.8,6.0,57.0,1157.0,0.18219811950683595,True,CALL,2027-01-15,KO
KO270115C00075000,75.0,4.62,4.45,4.7,36.0,2738.0,0.17798673583984376,False,CALL,2027-01-15,KO
KO270115C00077500,77.5,3.45,3.35,3.5,328.0,3408.0,0.17078465942382814,False,CALL,2027-01-15,KO
KO270115C00080000,80.0,2.5,2.41,2.55,165.0,4803.0,0.1656577575683594,False,CALL,2027-01-15,KO
KO270115C00082500,82.5,1.68,1.67,1.87,5.0,828.0,0.16407085937500002,False,CALL,2027-01-15,KO
KO270115C00085000,85.0,1.22,1.13,1.3,37.0,2271.0,0.16053085571289064,False,CALL,2027-01-15,KO
KO270115C00090000,90.0,0.49,0.38,0.68,19.0,2284.0,0.16187361572265624,False,CALL,2027-01-15,KO
KO270115C00095000,95.0,0.25,0.15,0.34,1.0,908.0,0.16285016845703126,False,CALL,2027-01-15,KO
KO270115P00052500,52.5,0.51,0.36,0.63,1.0,1223.0,0.2573316455078125,False,PUT,2027-01-15,KO
KO270115P00055000,55.0,0.65,0.61,0.79,1.0,2751.0,0.24414818359375,False,PUT,2027-01-15,KO
KO270115P00057500,57.5,0.8,0.67,0.91,3.0,2333.0,0.22522747436523435,False,PUT,2027-01-15,KO
KO270115P00060000,60.0,1.09,0.96,1.07,1.0,5329.0,0.20764952514648435,False,PUT,2027-01-15,KO
KO270115P00062500,62.5,1.45,1.27,1.66,24.0,6070.0,0.2117998742675781,False,PUT,2027-01-15,KO
KO270115P00065000,65.0,1.88,1.84,1.92,9.0,4114.0,0.19275709594726562,False,PUT,2027-01-15,KO
KO270115P00067500,67.5,2.47,2.38,2.65,166.0,1540.0,0.19068192138671874,False,PUT,2027-01-15,KO
KO270115P00070000,70.0,3.3,3.15,3.35,10.0,3023.0,0.18109949768066402,False,PUT,2027-01-15,KO
KO270115P00072500,72.5,4.2,4.1,4.2,110.0,581.0,0.17133397033691405,False,PUT,2027-01-15,KO
KO270115P00075000,75.0,5.4,5.25,5.45,25.0,241.0,0.16913672668457033,True,PUT,2027-01-15,KO
KO270115P00077500,77.5,7.77,5.75,6.95,2.0,129.0,0.16877051940917973,True,PUT,2027-01-15,KO
KO270115P00080000,80.0,8.38,7.2,8.8,2.0,101.0,0.17469087036132813,True,PUT,2027-01-15,KO
KO270115P00082500,82.5,12.36,9.55,10.6,2.0,12.0,0.17310397216796874,True,PUT,2027-01-15,KO
KO270115P00085000,85.0,13.4,0.0,0.0,15.0,8.0,1.0000000000000003e-05,True,PUT,2027-01-15,KO
KO270115P00090000,90.0,20.04,15.2,17.15,10.0,2.0,0.18970536865234378,True,PUT,2027-01-15,KO
KO270115P00095000,95.0,25.21,28.4,28.75,2.0,0.0,0.49420671813964845,True,PUT,2027-01-15,KO
KO280121C00055000,55.0,20.08,19.25,20.6,5.0,178.0,0.2125933233642578,True,CALL,2028-01-21,KO
KO280121C00057500,57.5,17.83,17.25,18.95,1.0,131.0,0.22400678344726557,True,CALL,2028-01-21,KO
KO280121C00060000,60.0,16.44,15.35,17.2,1.0,748.0,0.2254716125488281,True,CALL,2028-01-21,KO
KO280121C00062500,62.5,13.55,13.55,15.35,1.0,70.0,0.22003953796386716,True,CALL,2028-01-21,KO
KO280121C00065000,65.0,12.5,12.4,12.95,4.0,309.0,0.19623606506347657,True,CALL,2028-01-21,KO
KO280121C00067500,67.5,10.67,10.15,11.45,10.0,3684.0,0.1964802032470703,True,CALL,2028-01-21,KO
KO280121C00070000,70.0,9.5,9.05,10.0,2.0,237.0,0.19458813232421873,True,CALL,2028-01-21,KO
KO280121C00072500,72.5,7.6,7.75,8.25,3.0,267.0,0.1823201885986328,True,CALL,2028-01-21,KO
KO280121C00075000,75.0,6.7,6.0,7.0,2.0,241.0,0.17957363403320312,False,CALL,2028-01-21,KO
KO280121C00077500,77.5,5.71,5.25,5.8,1.0,28.0,0.1749350085449219,False,CALL,2028-01-21,KO
KO280121C00080000,80.0,4.6,3.9,4.8,83.0,340.0,0.17206638488769532,False,CALL,2028-01-21,KO
KO280121C00085000,85.0,2.99,2.78,3.15,120.0,3765.0,0.16605448211669926,False,CALL,2028-01-21,KO
KO280121C00090000,90.0,1.94,1.64,1.96,265.0,150.0,0.16053085571289064,False,CALL,2028-01-21,KO
KO280121C00095000,95.0,1.05,0.82,1.35,15.0,547.0,0.16327741027832032,False,CALL,2028-01-21,KO
KO280121P00055000,55.0,1.42,1.32,1.71,9.0,251.0,0.21741505249023438,False,PUT,2028-01-21,KO
KO280121P00057500,57.5,1.89,1.45,1.92,20.0,391.0,0.20307193420410152,False,PUT,2028-01-21,KO
KO280121P00060000,60.0,2.3,2.11,2.34,1.0,460.0,0.19544261596679688,False,PUT,2028-01-21,KO
KO280121P00062500,62.5,2.77,2.54,3.05,18.0,99.0,0.19489330505371094,False,PUT,2028-01-21,KO
KO280121P00065000,65.0,3.45,3.2,3.6,3.0,278.0,0.18598226135253904,False,PUT,2028-01-21,KO
KO280121P00067500,67.5,4.1,3.85,4.4,42.0,137.0,0.18158777404785154,False,PUT,2028-01-21,KO
KO280121P00070000,70.0,5.0,4.25,5.2,1.0,1459.0,0.17414155944824222,False,PUT,2028-01-21,KO
KO280121P00072500,72.5,5.87,5.3,6.1,165.0,457.0,0.16632913757324225,False,PUT,2028-01-21,KO
KO280121P00075000,75.0,7.59,5.65,7.35,1.0,227.0,0.1638877557373047,True,PUT,2028-01-21,KO
KO280121P00077500,77.5,8.29,8.0,9.15,72.0,6.0,0.17133397033691405,True,PUT,2028-01-21,KO
KO280121P00080000,80.0,15.02,10.9,12.7,1.0,1.0,0.21839160522460935,True,PUT,2028-01-21,KO
KO280121P00085000,85.0,15.4,0.0,0.0,2.0,11.0,1.0000000000000003e-05,True,PUT,2028-01-21,KO
KO280121P00090000,90.0,17.5,15.45,17.7,1.0,1.0,0.15210808837890627,True,PUT,2028-01-21,KO
KO280121P00095000,95.0,24.99,20.5,25.5,,1.0,0.2609021664428711,True,PUT,2028-01-21,KO
KVUE260130C00015000,15.0,2.78,0.34,4.75,2.0,2.0,2.031254921875,True,CALL,2026-01-30,KVUE
KVUE260130C00015500,15.5,2.2,0.1,4.1,1.0,1.0,1.875000625,True,CALL,2026-01-30,KVUE
KVUE260130C00016000,16.0,1.8,0.0,3.3,12.0,19.0,1.6679704101562502,True,CALL,2026-01-30,KVUE
KVUE260130C00016500,16.5,0.8,0.3,2.9,10.0,20.0,2.281254296875,True,CALL,2026-01-30,KVUE
KVUE260130C00017000,17.0,0.4,0.3,1.13,1.0,679.0,1.0546922265625,True,CALL,2026-01-30,KVUE
KVUE260130C00017500,17.5,0.13,0.06,0.5,148.0,1734.0,0.6992217578125001,False,CALL,2026-01-30,KVUE
KVUE260130C00018000,18.0,0.02,0.01,0.02,96.0,2876.0,0.37500625,False,CALL,2026-01-30,KVUE
KVUE260130C00018500,18.5,0.02,0.0,0.02,11.0,576.0,0.500005,False,CALL,2026-01-30,KVUE
KVUE260130C00019000,19.0,0.01,0.0,0.01,4.0,176.0,0.5937540625000001,False,CALL,2026-01-30,KVUE
KVUE260130C00019500,19.5,0.02,0.0,0.21,,2.0,1.3437532812499997,False,CALL,2026-01-30,KVUE
KVUE260130C00020000,20.0,0.3,0.0,0.01,4.0,4.0,0.87500125,False,CALL,2026-01-30,KVUE
KVUE260130P00013500,13.5,0.03,0.0,0.02,11.0,11.0,1.5625021874999998,False,PUT,2026-01-30,KVUE
KVUE260130P00014000,14.0,0.01,0.0,0.01,10.0,21.0,1.2500037499999999,False,PUT,2026-01-30,KVUE
KVUE260130P00014500,14.5,0.02,0.0,0.01,10.0,64.0,1.0625046875000002,False,PUT,2026-01-30,KVUE
KVUE260130P00015000,15.0,0.01,0.0,0.01,1.0,216.0,0.87500125,False,PUT,2026-01-30,KVUE
KVUE260130P00015500,15.5,0.02,0.0,0.04,10.0,54.0,0.8906260937499999,False,PUT,2026-01-30,KVUE
KVUE260130P00016000,16.0,0.02,0.01,0.05,35.0,7566.0,0.7421900781249999,False,PUT,2026-01-30,KVUE
KVUE260130P00016500,16.5,0.03,0.0,0.05,4.0,552.0,0.5937540625000001,False,PUT,2026-01-30,KVUE
KVUE260130P00017000,17.0,0.04,0.01,0.17,31.0,1603.0,0.6054726953125001,False,PUT,2026-01-30,KVUE
KVUE260130P00017500,17.5,0.37,0.03,1.13,17.0,671.0,0.9531254687499999,True,PUT,2026-01-30,KVUE
KVUE260130P00018000,18.0,0.82,0.0,2.74,102.0,45.0,1.9140629296875002,True,PUT,2026-01-30,KVUE
KVUE260130P00018500,18.5,1.35,0.0,3.25,101.0,78.0,1.74609501953125,True,PUT,2026-01-30,KVUE
KVUE260206C00013500,13.5,3.63,1.83,5.95,,3.0,1.0273486132812502,True,CALL,2026-02-06,KVUE
KVUE260206C00015500,15.5,1.84,0.12,3.95,,1.0,0.79687703125,True,CALL,2026-02-06,KVUE
KVUE260206C00016000,16.0,1.55,0.0,3.15,,4.0,0.6992217578125001,True,CALL,2026-02-06,KVUE
KVUE260206C00016500,16.5,0.83,0.0,3.0,4.0,11.0,0.9785158398437501,True,CALL,2026-02-06,KVUE
KVUE260206C00017000,17.0,0.61,0.3,1.14,25.0,242.0,0.5039112109375,True,CALL,2026-02-06,KVUE
KVUE260206C00017500,17.5,0.3,0.27,0.35,111.0,1595.0,0.39649041015625003,False,CALL,2026-02-06,KVUE
KVUE260206C00018000,18.0,0.17,0.12,0.21,88.0,1378.0,0.42774009765625004,False,CALL,2026-02-06,KVUE
KVUE260206C00018500,18.5,0.06,0.0,0.06,2.0,144.0,0.35742830078125,False,CALL,2026-02-06,KVUE
KVUE260206C00019000,19.0,0.04,0.0,0.1,101.0,146.0,0.5273484765625001,False,CALL,2026-02-06,KVUE
KVUE260206C00020000,20.0,0.57,0.0,0.02,1.0,1.0,0.500005,False,CALL,2026-02-06,KVUE
KVUE260206C00021000,21.0,0.05,0.0,1.75,,3.0,1.888672431640625,False,CALL,2026-02-06,KVUE
KVUE260206P00014000,14.0,0.03,0.0,0.03,1.0,433.0,0.6875031250000001,False,PUT,2026-02-06,KVUE
KVUE260206P00014500,14.5,0.05,0.0,0.1,1.0,2.0,0.7421900781249999,False,PUT,2026-02-06,KVUE
KVUE260206P00015000,15.0,0.08,0.0,0.18,3.0,94.0,0.726565234375,False,PUT,2026-02-06,KVUE
KVUE260206P00015500,15.5,0.03,0.0,2.14,58.0,69.0,1.7968760156249999,False,PUT,2026-02-06,KVUE
KVUE260206P00016000,16.0,0.06,0.03,0.1,43.0,339.0,0.49023947265625006,False,PUT,2026-02-06,KVUE
KVUE260206P00016500,16.5,0.12,0.03,0.21,1.0,342.0,0.49219257812500006,False,PUT,2026-02-06,KVUE
KVUE260206P00017000,17.0,0.19,0.15,0.31,65.0,1552.0,0.42188078125,False,PUT,2026-02-06,KVUE
KVUE260206P00017500,17.5,0.45,0.28,0.92,1.0,1083.0,0.7617211328125001,True,PUT,2026-02-06,KVUE
KVUE260206P00018000,18.0,0.65,0.0,2.8,5.0,10.0,0.929688203125,True,PUT,2026-02-06,KVUE
KVUE260213C00014000,14.0,3.5,1.38,5.45,1.0,2.0,0.73437765625,True,CALL,2026-02-13,KVUE
KVUE260213C00016000,16.0,1.64,1.35,3.0,2.0,17.0,1.01953615234375,True,CALL,2026-02-13,KVUE
KVUE260213C00016500,16.5,0.93,0.0,2.77,,2.0,0.647464462890625,True,CALL,2026-02-13,KVUE
KVUE260213C00017000,17.0,0.75,0.47,1.31,16.0,114.0,0.500005,True,CALL,2026-02-13,KVUE
KVUE260213C00017500,17.5,0.4,0.01,0.72,47.0,265.0,0.55273884765625,False,CALL,2026-02-13,KVUE
KVUE260213C00018000,18.0,0.19,0.12,0.26,2.0,446.0,0.35938140625,False,CALL,2026-02-13,KVUE
KVUE260213C00018500,18.5,0.12,0.08,0.12,5.0,164.0,0.33789724609375,False,CALL,2026-02-13,KVUE
KVUE260213C00019000,19.0,0.09,0.0,0.07,,173.0,0.35547519531249994,False,CALL,2026-02-13,KVUE
KVUE260213C00020000,20.0,0.18,0.0,0.1,,1.0,0.5371140039062501,False,CALL,2026-02-13,KVUE
KVUE260213C00021000,21.0,0.02,0.0,2.13,,1.0,1.5625021874999998,False,CALL,2026-02-13,KVUE
KVUE260213P00014000,14.0,0.12,0.0,0.96,,4.0,1.255863095703125,False,PUT,2026-02-13,KVUE
KVUE260213P00014500,14.5,0.15,0.0,2.17,,5.0,1.681642216796875,False,PUT,2026-02-13,KVUE
KVUE260213P00015000,15.0,0.12,0.02,0.48,11.0,98.0,0.7539087109375,False,PUT,2026-02-13,KVUE
KVUE260213P00015500,15.5,0.12,0.07,0.35,30.0,124.0,0.5976602734375001,False,PUT,2026-02-13,KVUE
KVUE260213P00016000,16.0,0.26,0.11,0.47,2.0,34.0,0.56055126953125,False,PUT,2026-02-13,KVUE
KVUE260213P00016500,16.5,0.24,0.17,0.35,30.0,128.0,0.48438015625,False,PUT,2026-02-13,KVUE
KVUE260213P00017000,17.0,0.49,0.28,0.75,16.0,603.0,0.63086306640625,False,PUT,2026-02-13,KVUE
KVUE260213P00017500,17.5,0.67,0.0,1.29,3.0,1100.0,0.8261736132812498,True,PUT,2026-02-13,KVUE
KVUE260213P00018000,18.0,1.36,0.0,3.05,50.0,234.0,0.7851583984375,True,PUT,2026-02-13,KVUE
KVUE260220C00013000,13.0,4.31,2.34,6.4,3.0,48.0,0.6718782812500002,True,CALL,2026-02-20,KVUE
KVUE260220C00014000,14.0,3.3,3.0,4.0,2.0,466.0,0.73437765625,True,CALL,2026-02-20,KVUE
KVUE260220C00015000,15.0,2.33,0.87,3.9,2.0,703.0,1.6025410498046875,True,CALL,2026-02-20,KVUE
KVUE260220C00016000,16.0,1.55,1.15,2.0,6.0,1362.0,0.735354208984375,True,CALL,2026-02-20,KVUE
KVUE260220C00016500,16.5,1.3,0.0,2.74,1.0,3.0,0.5302781347656251,True,CALL,2026-02-20,KVUE
KVUE260220C00017000,17.0,0.71,0.5,0.88,34.0,9785.0,0.4101621484375,True,CALL,2026-02-20,KVUE
KVUE260220C00017500,17.5,0.34,0.31,0.4,3.0,119.0,0.27637442382812494,False,CALL,2026-02-20,KVUE
KVUE260220C00018000,18.0,0.19,0.17,0.31,16.0,20114.0,0.3320379296875,False,CALL,2026-02-20,KVUE
KVUE260220C00018500,18.5,0.09,0.05,0.22,9.0,177.0,0.35938140625,False,CALL,2026-02-20,KVUE
KVUE260220C00019000,19.0,0.06,0.05,0.1,14.0,6761.0,0.33008482421874996,False,CALL,2026-02-20,KVUE
KVUE260220C00020000,20.0,0.11,0.01,0.05,15.0,9833.0,0.3789124609375,False,CALL,2026-02-20,KVUE
KVUE260220C00021000,21.0,0.03,0.02,0.04,4.0,3171.0,0.45313046875,False,CALL,2026-02-20,KVUE
KVUE260220C00022000,22.0,0.03,0.0,0.3,5.0,646.0,0.71679970703125,False,CALL,2026-02-20,KVUE
KVUE260220P00013000,13.0,0.03,0.0,0.48,5.0,2714.0,1.0058643457031249,False,PUT,2026-02-20,KVUE
KVUE260220P00014000,14.0,0.1,0.01,0.07,13.0,2795.0,0.5117236328125,False,PUT,2026-02-20,KVUE
KVUE260220P00014500,14.5,0.27,0.0,1.0,,1.0,0.9531254687499999,False,PUT,2026-02-20,KVUE
KVUE260220P00015000,15.0,0.08,0.06,0.25,31.0,4700.0,0.53320779296875,False,PUT,2026-02-20,KVUE
KVUE260220P00016000,16.0,0.15,0.13,0.2,21.0,6786.0,0.39649041015625003,False,PUT,2026-02-20,KVUE
KVUE260220P00016500,16.5,0.28,0.03,0.31,3.0,119.0,0.37793590820312495,False,PUT,2026-02-20,KVUE
KVUE260220P00017000,17.0,0.46,0.36,0.56,7.0,3640.0,0.414068359375,False,PUT,2026-02-20,KVUE
KVUE260220P00017500,17.5,0.79,0.48,1.0,62.0,71.0,0.5224657128906249,True,PUT,2026-02-20,KVUE
KVUE260220P00018000,18.0,1.36,0.4,2.31,6.0,762.0,0.5546919531250001,True,PUT,2026-02-20,KVUE
KVUE260220P00019000,19.0,1.52,0.4,3.95,1.0,1749.0,0.632816171875,True,PUT,2026-02-20,KVUE
KVUE260220P00020000,20.0,2.39,0.89,4.9,200.0,1542.0,0.570316796875,True,PUT,2026-02-20,KVUE
KVUE260220P00021000,21.0,3.36,1.87,5.8,1.0,908.0,0.6269568554687501,True,PUT,2026-02-20,KVUE
KVUE260220P00022000,22.0,6.2,2.87,6.9,10.0,776.0,0.7851583984375,True,PUT,2026-02-20,KVUE
KVUE260227C00015500,15.5,2.19,0.02,3.95,,2.0,1.5859395703124997,True,CALL,2026-02-27,KVUE
KVUE260227C00017000,17.0,0.92,0.04,1.04,10.0,12.0,0.442388388671875,True,CALL,2026-02-27,KVUE
KVUE260227C00017500,17.5,0.72,0.14,1.36,1.0,101.0,0.727541787109375,False,CALL,2026-02-27,KVUE
KVUE260227C00018000,18.0,0.26,0.15,0.55,37.0,153.0,0.418951123046875,False,CALL,2026-02-27,KVUE
KVUE260227C00018500,18.5,0.13,0.04,1.36,1.0,19.0,0.584965087890625,False,CALL,2026-02-27,KVUE
KVUE260227P00014000,14.0,0.16,0.0,2.13,,20.0,1.3330111474609372,False,PUT,2026-02-27,KVUE
KVUE260227P00015000,15.0,0.15,0.0,2.14,2.0,4.0,1.1015669921875002,False,PUT,2026-02-27,KVUE
KVUE260227P00015500,15.5,0.13,0.05,2.18,50.0,7.0,1.0107471337890623,False,PUT,2026-02-27,KVUE
KVUE260227P00016000,16.0,0.17,0.04,0.25,14.0,5.0,0.38281867187499996,False,PUT,2026-02-27,KVUE
KVUE260227P00016500,16.5,0.3,0.12,1.3,5.0,10.0,0.5546919531250001,False,PUT,2026-02-27,KVUE
KVUE260227P00017000,17.0,0.54,0.3,1.32,11.0,22.0,0.7539087109375,False,PUT,2026-02-27,KVUE
KVUE260227P00017500,17.5,0.83,0.13,3.05,,8.0,0.754885263671875,True,PUT,2026-02-27,KVUE
KVUE260227P00018000,18.0,1.57,0.04,3.0,50.0,54.0,0.570316796875,True,PUT,2026-02-27,KVUE
KVUE260306C00016500,16.5,1.5,0.06,3.15,5.0,5.0,0.534184345703125,True,CALL,2026-03-06,KVUE
KVUE260306C00017500,17.5,0.74,0.01,2.31,3.0,3.0,0.5634809277343751,False,CALL,2026-03-06,KVUE
KVUE260306C00018000,18.0,0.51,0.0,1.68,223.0,234.0,0.5117236328125,False,CALL,2026-03-06,KVUE
KVUE260306P00016000,16.0,0.3,0.01,0.56,1.0,42.0,0.5195360546875,False,PUT,2026-03-06,KVUE
KVUE260306P00016500,16.5,0.29,0.01,2.36,4.0,4.0,0.729494892578125,False,PUT,2026-03-06,KVUE
KVUE260306P00017000,17.0,0.5,0.0,2.75,4.0,13.0,0.7041045214843751,False,PUT,2026-03-06,KVUE
KVUE260320C00013000,13.0,4.25,2.34,6.4,5.0,141.0,1.748048134765625,True,CALL,2026-03-20,KVUE
KVUE260320C00014000,14.0,3.33,2.91,4.0,1.0,95.0,0.815431533203125,True,CALL,2026-03-20,KVUE
KVUE260320C00015000,15.0,2.71,0.87,2.7,31.0,1235.0,0.49707534179687507,True,CALL,2026-03-20,KVUE
KVUE260320C00016000,16.0,1.4,1.2,1.86,2.0,16496.0,0.43066975585937506,True,CALL,2026-03-20,KVUE
KVUE260320C00017000,17.0,0.87,0.8,0.94,53.0,14653.0,0.299811689453125,True,CALL,2026-03-20,KVUE
KVUE260320C00018000,18.0,0.31,0.33,0.41,58.0,22940.0,0.264655791015625,False,CALL,2026-03-20,KVUE
KVUE260320C00019000,19.0,0.11,0.09,0.13,11.0,21982.0,0.241218525390625,False,CALL,2026-03-20,KVUE
KVUE260320C00020000,20.0,0.07,0.01,0.07,110.0,51820.0,0.273444765625,False,CALL,2026-03-20,KVUE
KVUE260320C00021000,21.0,0.04,0.0,0.05,3.0,7424.0,0.31641308593749995,False,CALL,2026-03-20,KVUE
KVUE260320C00022000,22.0,0.03,0.0,0.1,5.0,3911.0,0.43555251953125,False,CALL,2026-03-20,KVUE
KVUE260320P00013000,13.0,0.05,0.01,0.1,5.0,3055.0,0.53320779296875,False,PUT,2026-03-20,KVUE
KVUE260320P00014000,14.0,0.13,0.02,0.2,15744.0,93418.0,0.5136767382812499,False,PUT,2026-03-20,KVUE
KVUE260320P00015000,15.0,0.16,0.13,0.19,112.0,3667.0,0.38281867187499996,False,PUT,2026-03-20,KVUE
KVUE260320P00016000,16.0,0.33,0.31,0.36,135.0,2373.0,0.348639326171875,False,PUT,2026-03-20,KVUE
KVUE260320P00017000,17.0,0.64,0.67,0.89,383.0,5475.0,0.40820904296875,False,PUT,2026-03-20,KVUE
KVUE260320P00018000,18.0,1.17,1.02,1.73,4.0,952.0,0.5195360546875,True,PUT,2026-03-20,KVUE
KVUE260320P00019000,19.0,1.75,0.5,4.0,2.0,1903.0,1.150394873046875,True,PUT,2026-03-20,KVUE
KVUE260320P00020000,20.0,3.07,1.38,4.5,1.0,866.0,1.0771530517578127,True,PUT,2026-03-20,KVUE
KVUE260320P00021000,21.0,3.84,1.88,6.0,180.0,333.0,1.3808624707031247,True,PUT,2026-03-20,KVUE
KVUE260320P00022000,22.0,5.93,0.0,0.0,1.0,122.0,1.0000000000000003e-05,True,PUT,2026-03-20,KVUE
KVUE260515C00013000,13.0,4.85,2.36,5.0,3.0,34.0,0.6772493212890626,True,CALL,2026-05-15,KVUE
KVUE260515C00014000,14.0,3.5,1.75,4.2,1.0,34.0,0.637698935546875,True,CALL,2026-05-15,KVUE
KVUE260515C00015000,15.0,3.1,1.49,2.9,2.0,10513.0,0.41699801757812494,True,CALL,2026-05-15,KVUE
KVUE260515C00016000,16.0,2.24,1.19,2.25,4.0,6441.0,0.4165097412109374,True,CALL,2026-05-15,KVUE
KVUE260515C00017000,17.0,1.28,0.51,1.58,26.0,3082.0,0.3813538427734374,True,CALL,2026-05-15,KVUE
KVUE260515C00018000,18.0,0.67,0.68,0.88,4049.0,6601.0,0.31153032226562494,False,CALL,2026-05-15,KVUE
KVUE260515C00019000,19.0,0.37,0.36,0.37,25.0,8680.0,0.252937158203125,False,CALL,2026-05-15,KVUE
KVUE260515C00020000,20.0,0.3,0.01,0.34,1.0,397.0,0.3100654931640625,False,CALL,2026-05-15,KVUE
KVUE260515C00021000,21.0,0.23,0.0,0.22,7.0,111.0,0.3193427441406249,False,CALL,2026-05-15,KVUE
KVUE260515C00022000,22.0,0.15,0.0,0.36,3.0,1779.0,0.43066975585937506,False,CALL,2026-05-15,KVUE
KVUE260515P00013000,13.0,0.16,0.05,0.24,108.0,16531.0,0.46680220703125,False,PUT,2026-05-15,KVUE
KVUE260515P00014000,14.0,0.29,0.0,0.7,101.0,356.0,0.5722699023437501,False,PUT,2026-05-15,KVUE
KVUE260515P00015000,15.0,0.38,0.13,0.5,5.0,860.0,0.39014281738281253,False,PUT,2026-05-15,KVUE
KVUE260515P00016000,16.0,0.56,0.49,1.0,15.0,3665.0,0.43897045410156255,False,PUT,2026-05-15,KVUE
KVUE260515P00017000,17.0,1.0,0.96,1.24,58.0,2302.0,0.37744763183593744,False,PUT,2026-05-15,KVUE
KVUE260515P00018000,18.0,1.43,1.43,2.16,122.0,284.0,0.47363807617187503,True,PUT,2026-05-15,KVUE
KVUE260515P00019000,19.0,1.97,0.59,3.15,14.0,30.0,0.5664105859375,True,PUT,2026-05-15,KVUE
KVUE260515P00020000,20.0,3.19,1.51,4.8,1.0,19.0,0.8247087841796874,True,PUT,2026-05-15,KVUE
KVUE260515P00021000,21.0,4.5,1.95,6.15,4.0,65.0,0.9936524072265626,True,PUT,2026-05-15,KVUE
KVUE260515P00022000,22.0,5.32,2.97,7.1,5.0,11.0,1.0478563232421876,True,PUT,2026-05-15,KVUE
KVUE260618C00013000,13.0,4.85,2.4,6.45,1.0,183.0,1.0673874755859378,True,CALL,2026-06-18,KVUE
KVUE260618C00015000,15.0,2.0,2.01,4.5,1.0,924.0,0.8090839404296875,True,CALL,2026-06-18,KVUE
KVUE260618C00018000,18.0,0.83,0.4,1.09,1.0,7754.0,0.3205634350585937,False,CALL,2026-06-18,KVUE
KVUE260618C00020000,20.0,0.24,0.2,0.3,27.0,39770.0,0.2573316455078125,False,CALL,2026-06-18,KVUE
KVUE260618C00022000,22.0,0.09,0.03,0.2,15.0,2647.0,0.31250687499999996,False,CALL,2026-06-18,KVUE
KVUE260618P00013000,13.0,0.19,0.15,0.29,63.0,7250.0,0.43164630859375,False,PUT,2026-06-18,KVUE
KVUE260618P00015000,15.0,0.42,0.4,0.5,20.0,2207.0,0.3398503515625,False,PUT,2026-06-18,KVUE
KVUE260618P00018000,18.0,1.5,1.3,2.24,35.0,16043.0,0.43164630859375,True,PUT,2026-06-18,KVUE
KVUE260618P00020000,20.0,2.64,1.18,5.15,200.0,617.0,0.8002949658203125,True,PUT,2026-06-18,KVUE
KVUE260618P00022000,22.0,4.5,3.0,6.95,2.0,546.0,0.8774426318359375,True,PUT,2026-06-18,KVUE
KVUE260821C00016000,16.0,2.38,0.16,3.35,3.0,3.0,0.5327195166015625,True,CALL,2026-08-21,KVUE
KVUE260821C00017000,17.0,1.71,0.03,3.15,25.0,0.0,0.5864299169921875,True,CALL,2026-08-21,KVUE
KVUE260821C00018000,18.0,1.26,0.04,2.67,5.0,68.0,0.5715374877929689,False,CALL,2026-08-21,KVUE
KVUE260821C00019000,19.0,0.85,0.0,2.35,1.0,102.0,0.5786174951171875,False,CALL,2026-08-21,KVUE
KVUE260821C00020000,20.0,0.38,0.19,0.72,2.0,60.0,0.3129951513671875,False,CALL,2026-08-21,KVUE
KVUE260821C00021000,21.0,0.29,0.21,0.57,1.0,48.0,0.32569033691406246,False,CALL,2026-08-21,KVUE
KVUE260821C00022000,22.0,0.19,0.0,1.0,1.0,9.0,0.467778759765625,False,CALL,2026-08-21,KVUE
KVUE260821P00013000,13.0,0.32,0.13,0.55,1.0,501.0,0.450200810546875,False,PUT,2026-08-21,KVUE
KVUE260821P00014000,14.0,0.5,0.1,0.75,9.0,23.0,0.4272518212890626,False,PUT,2026-08-21,KVUE
KVUE260821P00015000,15.0,0.65,0.0,0.76,25.0,25.0,0.34766277343749996,False,PUT,2026-08-21,KVUE
KVUE260821P00016000,16.0,0.9,0.7,0.94,2.0,18.0,0.3042061767578125,False,PUT,2026-08-21,KVUE
KVUE260821P00017000,17.0,1.12,0.13,3.05,25.0,50.0,0.6313513427734375,False,PUT,2026-08-21,KVUE
KVUE260821P00019000,19.0,2.18,1.54,3.9,,3.0,0.5546919531250001,True,PUT,2026-08-21,KVUE
KVUE260918C00013000,13.0,4.82,2.29,6.0,3.0,164.0,0.7202176416015625,True,CALL,2026-09-18,KVUE
KVUE260918C00015000,15.0,3.18,1.15,3.25,1.0,538.0,0.3627993408203125,True,CALL,2026-09-18,KVUE
KVUE260918C00018000,18.0,1.12,0.87,1.37,2.0,9575.0,0.3002999658203125,False,CALL,2026-09-18,KVUE
KVUE260918C00020000,20.0,0.55,0.28,0.74,10.0,8414.0,0.2978585839843749,False,CALL,2026-09-18,KVUE
KVUE260918C00022000,22.0,0.3,0.14,0.39,6.0,1518.0,0.299811689453125,False,CALL,2026-09-18,KVUE
KVUE260918P00013000,13.0,0.33,0.16,0.45,200.0,2794.0,0.39063109375,False,PUT,2026-09-18,KVUE
KVUE260918P00015000,15.0,0.65,0.61,0.88,1.0,639.0,0.3530338134765625,False,PUT,2026-09-18,KVUE
KVUE260918P00018000,18.0,1.72,1.51,2.36,286.0,4273.0,0.35742830078125,True,PUT,2026-09-18,KVUE
KVUE260918P00020000,20.0,3.65,3.05,3.5,11.0,829.0,0.3149482568359374,True,PUT,2026-09-18,KVUE
KVUE260918P00022000,22.0,8.07,3.5,7.6,10.0,193.0,0.8012715185546875,True,PUT,2026-09-18,KVUE
KVUE261218C00015000,15.0,3.39,2.0,4.5,2.0,187.0,0.5336960693359375,True,CALL,2026-12-18,KVUE
KVUE261218C00017000,17.0,1.9,1.2,3.8,1.0,140.0,0.570316796875,True,CALL,2026-12-18,KVUE
KVUE261218C00020000,20.0,0.8,0.55,0.95,3.0,3188.0,0.2880930566406249,False,CALL,2026-12-18,KVUE
KVUE261218C00022000,22.0,0.42,0.12,1.0,1.0,21.0,0.372076591796875,False,CALL,2026-12-18,KVUE
KVUE261218P00015000,15.0,1.07,0.04,1.7,5.0,3009.0,0.44946839599609373,False,PUT,2026-12-18,KVUE
KVUE261218P00017000,17.0,1.93,0.08,2.53,25.0,855.0,0.41968353759765625,False,PUT,2026-12-18,KVUE
KVUE261218P00022000,22.0,4.85,3.1,7.4,,14.0,0.6486851538085938,True,PUT,2026-12-18,KVUE
KVUE270115C00013000,13.0,4.72,4.45,5.0,1089.0,8045.0,0.37305314453125,True,CALL,2027-01-15,KVUE
KVUE270115C00015000,15.0,3.0,2.9,3.35,51.0,2216.0,0.31323928955078123,True,CALL,2027-01-15,KVUE
KVUE270115C00018000,18.0,1.31,1.3,1.59,60.0,6925.0,0.2766185620117187,False,CALL,2027-01-15,KVUE
KVUE270115C00020000,20.0,0.73,0.72,0.86,3509.0,13316.0,0.2617261328125,False,CALL,2027-01-15,KVUE
KVUE270115C00022000,22.0,0.45,0.21,0.52,3018.0,9784.0,0.270515107421875,False,CALL,2027-01-15,KVUE
KVUE270115P00013000,13.0,0.54,0.3,0.6,30.0,2015.0,0.35547519531249994,False,PUT,2027-01-15,KVUE
KVUE270115P00015000,15.0,0.85,0.85,1.4,86.0,1763.0,0.3794007373046875,False,PUT,2027-01-15,KVUE
KVUE270115P00018000,18.0,2.43,1.66,2.5,3.0,3835.0,0.31153032226562494,True,PUT,2027-01-15,KVUE
KVUE270115P00020000,20.0,4.0,2.0,5.7,882.0,853.0,0.5876506079101562,True,PUT,2027-01-15,KVUE
KVUE270115P00022000,22.0,5.23,3.1,7.35,8.0,285.0,0.6149940844726562,True,PUT,2027-01-15,KVUE
KVUE271217C00013000,13.0,4.95,4.55,7.0,2.0,265.0,0.5598188549804688,True,CALL,2027-12-17,KVUE
KVUE271217C00015000,15.0,3.56,2.97,4.0,1.0,1681.0,0.304694453125,True,CALL,2027-12-17,KVUE
KVUE271217C00018000,18.0,2.0,0.0,2.5,4.0,532.0,0.29358616577148433,False,CALL,2027-12-17,KVUE
KVUE271217C00020000,20.0,1.09,1.0,1.76,12.0,437.0,0.28613995117187496,False,CALL,2027-12-17,KVUE
KVUE271217C00022000,22.0,0.68,0.53,1.28,106.0,381.0,0.28784891845703114,False,CALL,2027-12-17,KVUE
KVUE271217P00013000,13.0,1.09,0.7,2.48,1.0,131.0,0.5334519311523438,False,PUT,2027-12-17,KVUE
KVUE271217P00015000,15.0,2.02,0.0,3.2,1.0,205.0,0.49170430175781255,False,PUT,2027-12-17,KVUE
KVUE271217P00018000,18.0,4.0,0.5,4.3,9.0,104.0,0.4146787048339844,True,PUT,2027-12-17,KVUE
KVUE271217P00020000,20.0,2.97,2.0,7.0,10.0,50.0,0.5588423022460938,True,PUT,2027-12-17,KVUE
KVUE271217P00022000,22.0,5.88,3.5,8.0,2.0,15.0,0.5089160437011719,True,PUT,2027-12-17,KVUE
KVUE280121C00013000,13.0,5.0,4.6,5.35,6.0,647.0,0.3149482568359374,True,CALL,2028-01-21,KVUE
KVUE280121C00015000,15.0,3.5,3.2,3.6,281.0,1115.0,0.24927508544921873,True,CALL,2028-01-21,KVUE
KVUE280121C00017000,17.0,2.25,2.29,3.0,38.0,1479.0,0.29614961669921874,True,CALL,2028-01-21,KVUE
KVUE280121C00020000,20.0,1.5,1.17,1.57,1.0,1181.0,0.25928475097656256,False,CALL,2028-01-21,KVUE
KVUE280121C00022000,22.0,0.7,0.05,2.85,125.0,391.0,0.44690494506835937,False,CALL,2028-01-21,KVUE
KVUE280121P00013000,13.0,1.65,0.67,2.75,8.0,1568.0,0.5571333349609376,False,PUT,2028-01-21,KVUE
KVUE280121P00015000,15.0,1.98,1.5,5.0,11.0,1093.0,0.6999541723632813,False,PUT,2028-01-21,KVUE
KVUE280121P00017000,17.0,2.76,1.5,3.5,2.0,354.0,0.38477177734374995,False,PUT,2028-01-21,KVUE
KVUE280121P00020000,20.0,4.55,3.6,4.7,11.0,168.0,0.30713583496093744,True,PUT,2028-01-21,KVUE
KVUE280121P00022000,22.0,5.8,3.5,8.5,1.0,54.0,0.5476119458007813,True,PUT,2028-01-21,KVUE
KVYO260220C00020000,20.0,3.8,3.0,3.4,28.0,17.0,0.8027363476562499,True,CALL,2026-02-20,KVYO
KVYO260220C00022500,22.5,2.02,1.7,1.9,2.0,9.0,0.8125018749999999,False,CALL,2026-02-20,KVYO
KVYO260220C00025000,25.0,1.0,0.85,1.0,93.0,117.0,0.8183611914062499,False,CALL,2026-02-20,KVYO
KVYO260220C00027500,27.5,1.25,0.4,0.55,1.0,371.0,0.8447281152343749,False,CALL,2026-02-20,KVYO
KVYO260220P00020000,20.0,0.64,0.65,0.9,34.0,1547.0,0.8164080859374999,False,PUT,2026-02-20,KVYO
KVYO260220P00022500,22.5,1.52,1.6,2.0,36.0,1440.0,0.790041162109375,True,PUT,2026-02-20,KVYO
KVYO260220P00025000,25.0,1.7,3.2,3.6,13.0,730.0,0.782228740234375,True,PUT,2026-02-20,KVYO
KVYO260220P00027500,27.5,3.29,3.4,5.7,1.0,195.0,0.9511723632812499,True,PUT,2026-02-20,KVYO
KVYO260320C00022500,22.5,2.8,2.2,2.4,1.0,1.0,0.6953155468750001,False,CALL,2026-03-20,KVYO
KVYO260320C00025000,25.0,3.2,1.3,1.45,1.0,67.0,0.692385888671875,False,CALL,2026-03-20,KVYO
KVYO260320C00027500,27.5,1.0,0.75,0.9,10.0,9.0,0.7050810742187501,False,CALL,2026-03-20,KVYO
KVYO260320P00017500,17.5,0.26,0.35,0.55,1.0,226.0,0.6884796777343751,False,PUT,2026-03-20,KVYO
KVYO260320P00020000,20.0,1.15,1.05,1.25,60.0,124.0,0.684573466796875,False,PUT,2026-03-20,KVYO
KVYO260320P00022500,22.5,1.2,2.1,2.4,7.0,24.0,0.6655306884765627,True,PUT,2026-03-20,KVYO
KVYO260320P00025000,25.0,2.05,3.7,4.0,1.0,8.0,0.6689486230468751,True,PUT,2026-03-20,KVYO
KVYO260320P00027500,27.5,3.7,5.5,5.9,1.0,8.0,0.63867548828125,True,PUT,2026-03-20,KVYO
KVYO260417C00017500,17.5,10.99,5.6,8.0,1.0,2.0,1.0478563232421876,True,CALL,2026-04-17,KVYO
KVYO260417C00020000,20.0,4.4,3.9,4.2,4.0,26.0,0.6752962158203126,True,CALL,2026-04-17,KVYO
KVYO260417C00022500,22.5,2.9,2.6,2.75,4.0,111.0,0.6499058447265625,False,CALL,2026-04-17,KVYO
KVYO260417C00025000,25.0,1.9,1.65,1.85,1.0,93.0,0.6489292919921875,False,CALL,2026-04-17,KVYO
KVYO260417C00027500,27.5,1.1,1.0,1.2,4.0,304.0,0.6445348046875,False,CALL,2026-04-17,KVYO
KVYO260417P00017500,17.5,0.55,0.6,0.8,1.0,187.0,0.6552768847656252,False,PUT,2026-04-17,KVYO
KVYO260417P00020000,20.0,1.05,1.4,1.6,11.0,1775.0,0.6479527392578125,False,PUT,2026-04-17,KVYO
KVYO260417P00022500,22.5,2.5,2.55,2.7,1.0,231.0,0.6254920263671876,True,PUT,2026-04-17,KVYO
KVYO260417P00025000,25.0,3.8,4.0,4.3,3.0,352.0,0.6123085644531252,True,PUT,2026-04-17,KVYO
KVYO260417P00027500,27.5,3.9,5.6,6.1,4.0,99.0,0.5590864404296876,True,PUT,2026-04-17,KVYO
KVYO260717C00022500,22.5,4.4,3.7,4.1,1.0,26.0,0.64648791015625,False,CALL,2026-07-17,KVYO
KVYO260717C00025000,25.0,3.0,2.8,3.1,2.0,2.0,0.6401403173828125,False,CALL,2026-07-17,KVYO
KVYO260717C00027500,27.5,2.5,1.85,2.4,4.0,13.0,0.6203651245117189,False,CALL,2026-07-17,KVYO
KVYO260717P00017500,17.5,1.4,1.45,1.55,2.0,262.0,0.6372106591796876,False,PUT,2026-07-17,KVYO
KVYO260717P00020000,20.0,1.65,2.35,2.55,1.0,1287.0,0.6181678808593751,False,PUT,2026-07-17,KVYO
KVYO260717P00022500,22.5,2.4,3.1,3.8,31.0,387.0,0.5632367895507813,True,PUT,2026-07-17,KVYO
KVYO260717P00025000,25.0,3.8,4.9,5.3,3.0,269.0,0.5749554223632812,True,PUT,2026-07-17,KVYO
KVYO260717P00027500,27.5,3.5,6.4,7.0,250.0,750.0,0.5388229711914063,True,PUT,2026-07-17,KVYO
KVYO270115C00017500,17.5,12.3,0.0,0.0,1.0,1.0,1.0000000000000003e-05,True,CALL,2027-01-15,KVYO
KVYO270115C00020000,20.0,7.0,6.6,7.0,2.0,6.0,0.6726106958007814,True,CALL,2027-01-15,KVYO
KVYO270115C00022500,22.5,5.8,5.5,6.0,3.0,23.0,0.6674837939453127,False,CALL,2027-01-15,KVYO
KVYO270115C00025000,25.0,4.96,4.5,5.0,2.0,134.0,0.6502720520019531,False,CALL,2027-01-15,KVYO
KVYO270115C00027500,27.5,8.0,3.4,4.3,8.0,17.0,0.6293982373046876,False,CALL,2027-01-15,KVYO
KVYO270115P00017500,17.5,1.7,2.3,2.8,2.0,30.0,0.6005899316406251,False,PUT,2027-01-15,KVYO
KVYO270115P00020000,20.0,3.0,3.3,3.8,13.0,85.0,0.5700726586914062,False,PUT,2027-01-15,KVYO
KVYO270115P00022500,22.5,3.5,4.6,5.1,15.0,45.0,0.5549360913085939,True,PUT,2027-01-15,KVYO
KVYO270115P00025000,25.0,5.1,6.1,6.6,1.0,273.0,0.5417526293945314,True,PUT,2027-01-15,KVYO
KVYO270115P00027500,27.5,5.1,7.7,8.3,2.0,7.0,0.5271043383789062,True,PUT,2027-01-15,KVYO
KVYO280121C00017500,17.5,12.49,10.0,12.5,2.0,21.0,0.8073749731445312,True,CALL,2028-01-21,KVYO
KVYO280121C00020000,20.0,10.5,7.0,11.5,8.0,132.0,0.6958038232421876,True,CALL,2028-01-21,KVYO
KVYO280121C00022500,22.5,8.65,7.6,9.7,12.0,20.0,0.7165555688476561,False,CALL,2028-01-21,KVYO
KVYO280121C00025000,25.0,8.3,7.0,8.3,2.0,13.0,0.6926300268554688,False,CALL,2028-01-21,KVYO
KVYO280121C00027500,27.5,10.0,6.0,9.0,20.0,108.0,0.7338893798828124,False,CALL,2028-01-21,KVYO
KVYO280121P00017500,17.5,2.55,1.95,5.3,1.0,2.0,0.5288133056640626,False,PUT,2028-01-21,KVYO
KVYO280121P00020000,20.0,4.45,3.0,5.8,,1.0,0.6020547607421877,False,PUT,2028-01-21,KVYO
KVYO280121P00025000,25.0,8.59,4.9,9.0,2.0,4.0,0.5924113024902344,True,PUT,2028-01-21,KVYO
LCID260130C00008000,8.0,2.73,2.43,3.7,2.0,5.0,6.062502421874999,True,CALL,2026-01-30,LCID
LCID260130C00008500,8.5,2.25,2.08,3.1,3.0,39.0,4.8906288867187495,True,CALL,2026-01-30,LCID
LCID260130C00009000,9.0,2.76,1.7,2.48,1.0,13.0,3.7031257421875,True,CALL,2026-01-30,LCID
LCID260130C00009500,9.5,1.43,1.26,2.02,2.0,17.0,0.500005,True,CALL,2026-01-30,LCID
LCID260130C00010000,10.0,1.07,1.08,1.33,61.0,337.0,1.2890660546875,True,CALL,2026-01-30,LCID
LCID260130C00010500,10.5,0.65,0.7,0.88,35.0,1120.0,1.21875390625,True,CALL,2026-01-30,LCID
LCID260130C00011000,11.0,0.35,0.31,0.35,1804.0,6796.0,0.7773459765625,True,CALL,2026-01-30,LCID
LCID260130C00011500,11.5,0.12,0.09,0.12,717.0,2839.0,0.726565234375,False,CALL,2026-01-30,LCID
LCID260130C00012000,12.0,0.04,0.01,0.03,2400.0,3767.0,0.70312796875,False,CALL,2026-01-30,LCID
LCID260130C00012500,12.5,0.02,0.01,0.03,499.0,909.0,0.9687503125,False,CALL,2026-01-30,LCID
LCID260130C00013000,13.0,0.01,0.0,0.02,55.0,974.0,1.09375453125,False,CALL,2026-01-30,LCID
LCID260130C00013500,13.5,0.01,0.0,0.01,11.0,433.0,1.1875040625,False,CALL,2026-01-30,LCID
LCID260130C00014000,14.0,0.03,0.0,0.01,21.0,916.0,1.3750031249999999,False,CALL,2026-01-30,LCID
LCID260130P00008000,8.0,0.01,0.0,0.01,37.0,504.0,1.9375003125,False,PUT,2026-01-30,LCID
LCID260130P00008500,8.5,0.01,0.0,0.01,3.0,596.0,1.625001875,False,PUT,2026-01-30,LCID
LCID260130P00009000,9.0,0.01,0.0,0.01,64.0,794.0,1.3125034374999998,False,PUT,2026-01-30,LCID
LCID260130P00009500,9.5,0.01,0.0,0.02,44.0,1682.0,1.125004375,False,PUT,2026-01-30,LCID
LCID260130P00010000,10.0,0.01,0.01,0.03,78.0,1980.0,0.9531254687499999,False,PUT,2026-01-30,LCID
LCID260130P00010500,10.5,0.03,0.02,0.06,221.0,2136.0,0.726565234375,False,PUT,2026-01-30,LCID
LCID260130P00011000,11.0,0.11,0.1,0.15,657.0,4182.0,0.570316796875,False,PUT,2026-01-30,LCID
LCID260130P00011500,11.5,0.35,0.32,0.47,70.0,3090.0,0.7500025,True,PUT,2026-01-30,LCID
LCID260130P00012000,12.0,0.8,0.68,0.93,99.0,554.0,0.992187578125,True,PUT,2026-01-30,LCID
LCID260130P00012500,12.5,1.53,1.12,1.66,3.0,127.0,1.0625046875000002,True,PUT,2026-01-30,LCID
LCID260130P00013000,13.0,1.97,1.59,2.33,552.0,651.0,1.8125009374999999,True,PUT,2026-01-30,LCID
LCID260130P00013500,13.5,2.28,2.07,2.94,5.0,17.0,2.3515666210937494,True,PUT,2026-01-30,LCID
LCID260130P00014000,14.0,2.9,2.5,3.2,1.0,177.0,3.5234386914062497,True,PUT,2026-01-30,LCID
LCID260206C00008000,8.0,3.5,2.4,3.5,1.0,1.0,2.3828165429687496,True,CALL,2026-02-06,LCID
LCID260206C00008500,8.5,1.35,2.05,3.0,,50.0,2.0781298046874994,True,CALL,2026-02-06,LCID
LCID260206C00009000,9.0,2.97,1.61,2.53,3.0,371.0,1.8515632421875,True,CALL,2026-02-06,LCID
LCID260206C00009500,9.5,0.83,1.13,1.98,2.0,59.0,1.4609401953124999,True,CALL,2026-02-06,LCID
LCID260206C00010000,10.0,1.06,1.04,1.42,15.0,186.0,0.6757844921875001,True,CALL,2026-02-06,LCID
LCID260206C00010500,10.5,0.85,0.74,1.03,44.0,1270.0,0.7402369726562499,True,CALL,2026-02-06,LCID
LCID260206C00011000,11.0,0.59,0.56,0.63,6.0,438.0,0.7539087109375,True,CALL,2026-02-06,LCID
LCID260206C00011500,11.5,0.33,0.33,0.37,82.0,695.0,0.7187528125,False,CALL,2026-02-06,LCID
LCID260206C00012000,12.0,0.19,0.18,0.2,1287.0,1570.0,0.70312796875,False,CALL,2026-02-06,LCID
LCID260206C00012500,12.5,0.09,0.09,0.11,242.0,294.0,0.70312796875,False,CALL,2026-02-06,LCID
LCID260206C00013000,13.0,0.06,0.05,0.07,68.0,430.0,0.7421900781249999,False,CALL,2026-02-06,LCID
LCID260206C00013500,13.5,0.05,0.03,0.05,102.0,208.0,0.789064609375,False,CALL,2026-02-06,LCID
LCID260206C00014000,14.0,0.05,0.0,0.04,51.0,76.0,0.79687703125,False,CALL,2026-02-06,LCID
LCID260206P00008000,8.0,0.01,0.01,0.02,169.0,67.0,1.0781296093750001,False,PUT,2026-02-06,LCID
LCID260206P00008500,8.5,0.05,0.01,0.04,8.0,38.0,0.98437515625,False,PUT,2026-02-06,LCID
LCID260206P00009000,9.0,0.05,0.03,0.05,37.0,208.0,0.8984385156249999,False,PUT,2026-02-06,LCID
LCID260206P00009500,9.5,0.09,0.05,0.08,10.0,238.0,0.804689453125,False,PUT,2026-02-06,LCID
LCID260206P00010000,10.0,0.13,0.08,0.14,34.0,627.0,0.726565234375,False,PUT,2026-02-06,LCID
LCID260206P00010500,10.5,0.22,0.21,0.23,68.0,340.0,0.6992217578125001,False,PUT,2026-02-06,LCID
LCID260206P00011000,11.0,0.45,0.39,0.46,9.0,593.0,0.710940390625,False,PUT,2026-02-06,LCID
LCID260206P00011500,11.5,0.66,0.65,0.67,62.0,425.0,0.6445348046875,True,PUT,2026-02-06,LCID
LCID260206P00012000,12.0,1.3,0.87,1.24,165.0,274.0,0.710940390625,True,PUT,2026-02-06,LCID
LCID260206P00012500,12.5,1.42,1.24,1.88,20.0,219.0,0.9101571484375,True,PUT,2026-02-06,LCID
LCID260206P00013000,13.0,2.13,1.67,2.26,3.0,63.0,0.867188828125,True,PUT,2026-02-06,LCID
LCID260206P00013500,13.5,2.39,2.16,3.2,5.0,15.0,1.46875265625,True,PUT,2026-02-06,LCID
LCID260206P00014000,14.0,3.5,2.5,3.7,1.0,211.0,1.4609401953124999,True,PUT,2026-02-06,LCID
LCID260213C00008500,8.5,2.75,1.78,3.85,1.0,56.0,1.19922275390625,True,CALL,2026-02-13,LCID
LCID260213C00009000,9.0,2.58,1.43,3.8,,7.0,1.5195336523437497,True,CALL,2026-02-13,LCID
LCID260213C00010000,10.0,1.63,0.98,2.08,10.0,408.0,0.9531254687499999,True,CALL,2026-02-13,LCID
LCID260213C00010500,10.5,0.84,0.85,1.36,5.0,156.0,0.82226740234375,True,CALL,2026-02-13,LCID
LCID260213C00011000,11.0,0.69,0.6,0.86,6.0,269.0,0.710940390625,True,CALL,2026-02-13,LCID
LCID260213C00011500,11.5,0.51,0.43,0.65,16.0,173.0,0.7460962890625,False,CALL,2026-02-13,LCID
LCID260213C00012000,12.0,0.4,0.33,0.46,37.0,177.0,0.7753928710937501,False,CALL,2026-02-13,LCID
LCID260213C00012500,12.5,0.29,0.23,0.34,1.0,289.0,0.79687703125,False,CALL,2026-02-13,LCID
LCID260213C00013000,13.0,0.23,0.14,0.3,1.0,130.0,0.8398453515625,False,CALL,2026-02-13,LCID
LCID260213C00013500,13.5,0.15,0.08,0.15,29.0,140.0,0.773439765625,False,CALL,2026-02-13,LCID
LCID260213C00014000,14.0,0.13,0.05,0.2,1.0,196.0,0.8945323046874999,False,CALL,2026-02-13,LCID
LCID260213P00008000,8.0,0.25,0.05,0.2,2.0,7.0,1.2656286718749998,False,PUT,2026-02-13,LCID
LCID260213P00008500,8.5,0.1,0.06,0.19,2.0,78.0,1.08203583984375,False,PUT,2026-02-13,LCID
LCID260213P00009000,9.0,0.12,0.1,0.16,2.0,159.0,0.92187578125,False,PUT,2026-02-13,LCID
LCID260213P00009500,9.5,0.19,0.16,0.24,39.0,80.0,0.87500125,False,PUT,2026-02-13,LCID
LCID260213P00010000,10.0,0.35,0.22,0.38,2.0,370.0,0.8320329296874999,False,PUT,2026-02-13,LCID
LCID260213P00010500,10.5,0.56,0.36,0.5,9.0,182.0,0.7812521875,False,PUT,2026-02-13,LCID
LCID260213P00011000,11.0,0.74,0.62,0.81,1631.0,1666.0,0.8476577734374999,False,PUT,2026-02-13,LCID
LCID260213P00011500,11.5,1.08,0.85,1.2,12.0,165.0,0.8828136718749999,True,PUT,2026-02-13,LCID
LCID260213P00012000,12.0,1.7,1.15,1.65,4.0,37.0,0.93945373046875,True,PUT,2026-02-13,LCID
LCID260213P00012500,12.5,1.71,1.13,2.71,2.0,50.0,1.12891060546875,True,PUT,2026-02-13,LCID
LCID260213P00013000,13.0,2.3,1.61,3.3,1.0,556.0,1.3183627832031248,True,PUT,2026-02-13,LCID
LCID260213P00014000,14.0,3.3,1.24,5.05,,1.0,1.1660197949218751,True,PUT,2026-02-13,LCID
LCID260220C00008000,8.0,4.0,2.45,3.6,1.0,4.0,1.64453302734375,True,CALL,2026-02-20,LCID
LCID260220C00008500,8.5,1.49,2.19,3.15,,52.0,0.64062859375,True,CALL,2026-02-20,LCID
LCID260220C00009000,9.0,2.78,1.88,2.67,1.0,77.0,0.7773459765625,True,CALL,2026-02-20,LCID
LCID260220C00010000,10.0,1.47,1.48,1.59,119.0,1663.0,0.8007832421875,True,CALL,2026-02-20,LCID
LCID260220C00010500,10.5,1.18,1.15,1.27,20.0,26.0,0.78711150390625,True,CALL,2026-02-20,LCID
LCID260220C00011000,11.0,0.89,0.86,0.96,83.0,2235.0,0.7578149218750001,True,CALL,2026-02-20,LCID
LCID260220C00011500,11.5,0.67,0.65,0.73,47.0,324.0,0.7578149218750001,False,CALL,2026-02-20,LCID
LCID260220C00012000,12.0,0.53,0.49,0.56,42.0,9496.0,0.7695335546875001,False,CALL,2026-02-20,LCID
LCID260220C00012500,12.5,0.37,0.33,0.41,13.0,1056.0,0.7539087109375,False,CALL,2026-02-20,LCID
LCID260220C00013000,13.0,0.3,0.3,0.34,23.0,3477.0,0.8164080859374999,False,CALL,2026-02-20,LCID
LCID260220C00013500,13.5,0.24,0.22,0.27,3.0,15.0,0.8281267187499999,False,CALL,2026-02-20,LCID
LCID260220C00014000,14.0,0.17,0.18,0.23,30.0,2915.0,0.867188828125,False,CALL,2026-02-20,LCID
LCID260220P00008000,8.0,0.11,0.1,0.15,62.0,1023.0,1.0546922265625,False,PUT,2026-02-20,LCID
LCID260220P00008500,8.5,0.15,0.14,0.2,12.0,199.0,0.992187578125,False,PUT,2026-02-20,LCID
LCID260220P00009000,9.0,0.2,0.21,0.24,155.0,15054.0,0.9257819921875,False,PUT,2026-02-20,LCID
LCID260220P00009500,9.5,0.27,0.28,0.34,6.0,147.0,0.87695435546875,False,PUT,2026-02-20,LCID
LCID260220P00010000,10.0,0.38,0.39,0.45,16.0,4021.0,0.8281267187499999,False,PUT,2026-02-20,LCID
LCID260220P00010500,10.5,0.7,0.55,0.64,20.0,184.0,0.8125018749999999,False,PUT,2026-02-20,LCID
LCID260220P00011000,11.0,0.79,0.76,0.84,202.0,9377.0,0.7851583984375,False,PUT,2026-02-20,LCID
LCID260220P00011500,11.5,1.16,1.02,1.21,11.0,143.0,0.8164080859374999,True,PUT,2026-02-20,LCID
LCID260220P00012000,12.0,1.43,1.28,1.55,1.0,11602.0,0.79687703125,True,PUT,2026-02-20,LCID
LCID260220P00012500,12.5,2.1,1.65,1.94,51.0,84.0,0.8183611914062499,True,PUT,2026-02-20,LCID
LCID260220P00013000,13.0,2.2,1.97,2.39,23.0,2985.0,0.8164080859374999,True,PUT,2026-02-20,LCID
LCID260220P00013500,13.5,2.77,2.37,3.25,1.0,195.0,1.0625046875000002,True,PUT,2026-02-20,LCID
LCID260220P00014000,14.0,4.62,2.8,3.7,310.0,424.0,1.0976607617187502,True,PUT,2026-02-20,LCID
LCID260227C00008000,8.0,2.86,1.32,3.85,3.0,4.0,1.748048134765625,True,CALL,2026-02-27,LCID
LCID260227C00008500,8.5,3.25,1.75,4.7,5.0,1.0,1.41015919921875,True,CALL,2026-02-27,LCID
LCID260227C00009500,9.5,2.2,2.01,2.3,1.0,7.0,0.98242205078125,True,CALL,2026-02-27,LCID
LCID260227C00010000,10.0,1.7,1.69,1.86,150.0,212.0,0.9238288867187501,True,CALL,2026-02-27,LCID
LCID260227C00010500,10.5,1.8,1.39,1.59,4.0,59.0,0.9257819921875,True,CALL,2026-02-27,LCID
LCID260227C00011000,11.0,1.07,1.14,1.35,4.0,409.0,0.929688203125,True,CALL,2026-02-27,LCID
LCID260227C00011500,11.5,0.99,0.92,1.05,14.0,52.0,0.8955088574218748,False,CALL,2026-02-27,LCID
LCID260227C00012000,12.0,0.87,0.75,0.88,18.0,276.0,0.9062509375,False,CALL,2026-02-27,LCID
LCID260227C00012500,12.5,0.65,0.61,0.76,4.0,55.0,0.92773509765625,False,CALL,2026-02-27,LCID
LCID260227C00013000,13.0,0.54,0.51,0.68,118.0,457.0,0.96289099609375,False,CALL,2026-02-27,LCID
LCID260227C00013500,13.5,0.54,0.42,0.61,4.0,77.0,0.99023447265625,False,CALL,2026-02-27,LCID
LCID260227C00014000,14.0,0.4,0.36,0.45,22.0,113.0,0.97460962890625,False,CALL,2026-02-27,LCID
LCID260227P00008000,8.0,0.28,0.17,0.55,10.0,51.0,1.3046909765624997,False,PUT,2026-02-27,LCID
LCID260227P00008500,8.5,0.37,0.27,0.7,1.0,32.0,1.29297228515625,False,PUT,2026-02-27,LCID
LCID260227P00009000,9.0,0.49,0.37,0.5,3.0,110.0,1.0644578027343752,False,PUT,2026-02-27,LCID
LCID260227P00009500,9.5,0.56,0.44,0.72,1.0,19.0,1.0488328808593752,False,PUT,2026-02-27,LCID
LCID260227P00010000,10.0,0.83,0.61,0.85,4.0,79.0,1.009770576171875,False,PUT,2026-02-27,LCID
LCID260227P00010500,10.5,0.94,0.86,1.03,2.0,75.0,1.0048877880859375,False,PUT,2026-02-27,LCID
LCID260227P00011000,11.0,1.25,1.05,1.29,1.0,48.0,0.98242205078125,False,PUT,2026-02-27,LCID
LCID260227P00011500,11.5,1.5,1.27,1.64,21.0,32.0,0.98242205078125,True,PUT,2026-02-27,LCID
LCID260227P00012000,12.0,1.92,1.61,1.96,5.0,21.0,0.9941406835937501,True,PUT,2026-02-27,LCID
LCID260227P00013000,13.0,3.45,2.34,2.69,,1.0,1.013676806640625,True,PUT,2026-02-27,LCID
LCID260227P00013500,13.5,3.65,2.69,3.1,,6.0,1.009770576171875,True,PUT,2026-02-27,LCID
LCID260227P00014000,14.0,3.63,2.7,3.55,3.0,10.0,0.8300798242187499,True,PUT,2026-02-27,LCID
LCID260306C00010000,10.0,1.75,1.77,2.07,1.0,31.0,0.9492192578124999,True,CALL,2026-03-06,LCID
LCID260306C00011500,11.5,1.1,1.01,1.18,2.0,16.0,0.883790224609375,False,CALL,2026-03-06,LCID
LCID260306C00012000,12.0,0.71,0.84,1.03,18.0,33.0,0.9023447265625,False,CALL,2026-03-06,LCID
LCID260306C00014000,14.0,0.5,0.07,0.62,7.0,7.0,0.8242205078124999,False,CALL,2026-03-06,LCID
LCID260306P00010000,10.0,1.0,0.77,0.95,1.0,7.0,1.013676806640625,False,PUT,2026-03-06,LCID
LCID260306P00010500,10.5,1.2,0.98,1.22,1.0,22.0,1.021489267578125,False,PUT,2026-03-06,LCID
LCID260306P00011000,11.0,1.2,1.23,1.48,51.0,53.0,1.017583037109375,False,PUT,2026-03-06,LCID
LCID260306P00011500,11.5,1.36,1.42,1.71,,3.0,0.9619144433593749,True,PUT,2026-03-06,LCID
LCID260320C00009000,9.0,2.55,2.55,2.91,328.0,341.0,0.94726615234375,True,CALL,2026-03-20,LCID
LCID260320C00010000,10.0,2.17,1.95,2.21,3.0,2158.0,0.9179695703125,True,CALL,2026-03-20,LCID
LCID260320C00011000,11.0,1.55,1.44,1.64,4.0,5463.0,0.8945323046874999,True,CALL,2026-03-20,LCID
LCID260320C00012000,12.0,1.15,1.08,1.24,41.0,15677.0,0.90429783203125,False,CALL,2026-03-20,LCID
LCID260320C00013000,13.0,0.75,0.74,0.99,1.0,96.0,0.911133701171875,False,CALL,2026-03-20,LCID
LCID260320C00014000,14.0,0.7,0.55,0.76,4.0,99.0,0.9257819921875,False,CALL,2026-03-20,LCID
LCID260320P00008000,8.0,0.48,0.38,0.53,3.0,24.0,1.0976607617187502,False,PUT,2026-03-20,LCID
LCID260320P00009000,9.0,0.75,0.69,0.77,4.0,444.0,1.05859845703125,False,PUT,2026-03-20,LCID
LCID260320P00010000,10.0,1.1,1.05,1.08,113.0,2704.0,1.001958115234375,False,PUT,2026-03-20,LCID
LCID260320P00011000,11.0,1.67,1.48,1.61,63.0,5350.0,0.983398603515625,False,PUT,2026-03-20,LCID
LCID260320P00012000,12.0,2.23,2.07,2.33,5.0,18027.0,1.0127002490234376,True,PUT,2026-03-20,LCID
LCID260320P00013000,13.0,3.05,2.83,3.0,4.0,88.0,1.0293017285156252,True,PUT,2026-03-20,LCID
LCID260417C00008000,8.0,3.5,2.85,3.95,,10.0,0.7128934960937501,True,CALL,2026-04-17,LCID
LCID260417C00009000,9.0,2.28,2.69,3.1,,4.0,0.867188828125,True,CALL,2026-04-17,LCID
LCID260417C00010000,10.0,2.18,2.07,2.48,59.0,167.0,0.8437515624999999,True,CALL,2026-04-17,LCID
LCID260417C00011000,11.0,1.78,1.64,1.91,22.0,227.0,0.8349625878906248,True,CALL,2026-04-17,LCID
LCID260417C00012000,12.0,1.42,1.22,1.55,27.0,122.0,0.8354508642578123,False,CALL,2026-04-17,LCID
LCID260417C00013000,13.0,1.12,0.93,1.27,66.0,43.0,0.848634326171875,False,CALL,2026-04-17,LCID
LCID260417C00014000,14.0,0.91,0.73,0.99,1.0,85.0,0.852540537109375,False,CALL,2026-04-17,LCID
LCID260417P00009000,9.0,1.05,0.84,1.13,1.0,326.0,1.009770576171875,False,PUT,2026-04-17,LCID
LCID260417P00010000,10.0,1.5,1.27,1.48,31.0,192.0,0.9726565234375,False,PUT,2026-04-17,LCID
LCID260417P00011000,11.0,2.11,1.82,2.06,20.0,1198.0,0.9863282617187501,False,PUT,2026-04-17,LCID
LCID260417P00012000,12.0,2.57,2.41,2.55,10.0,5074.0,0.9492192578124999,True,PUT,2026-04-17,LCID
LCID260417P00013000,13.0,3.2,3.1,3.45,1.0,2.0,1.0029346728515625,True,PUT,2026-04-17,LCID
LCID260515C00008000,8.0,3.7,3.35,4.2,100.0,157.0,0.877930908203125,True,CALL,2026-05-15,LCID
LCID260515C00009000,9.0,3.06,2.97,3.35,6.0,358.0,0.885743330078125,True,CALL,2026-05-15,LCID
LCID260515C00010000,10.0,2.47,2.52,2.71,34.0,3581.0,0.8818371191406249,True,CALL,2026-05-15,LCID
LCID260515C00011000,11.0,2.0,1.9,2.33,1.0,402.0,0.8623060644531251,True,CALL,2026-05-15,LCID
LCID260515C00012000,12.0,1.75,1.75,1.86,21.0,513.0,0.89257919921875,False,CALL,2026-05-15,LCID
LCID260515C00013000,13.0,1.4,1.44,1.58,19.0,6405.0,0.901368173828125,False,CALL,2026-05-15,LCID
LCID260515C00014000,14.0,1.2,1.1,1.33,12.0,422.0,0.8876964355468748,False,CALL,2026-05-15,LCID
LCID260515P00008000,8.0,1.06,0.92,1.16,31.0,673.0,1.126957490234375,False,PUT,2026-05-15,LCID
LCID260515P00009000,9.0,1.43,1.3,1.48,151.0,3435.0,1.0781296093750001,False,PUT,2026-05-15,LCID
LCID260515P00010000,10.0,1.87,1.8,1.92,9.0,12350.0,1.0605515722656251,False,PUT,2026-05-15,LCID
LCID260515P00011000,11.0,2.5,2.16,2.55,57.0,3702.0,1.0273486132812502,False,PUT,2026-05-15,LCID
LCID260515P00012000,12.0,3.23,2.81,3.2,150.0,3318.0,1.0351610742187503,True,PUT,2026-05-15,LCID
LCID260515P00013000,13.0,3.65,3.5,3.95,5.0,6423.0,1.0488328808593752,True,PUT,2026-05-15,LCID
LCID260515P00014000,14.0,5.2,4.25,4.7,1.0,144.0,1.056645341796875,True,PUT,2026-05-15,LCID
LCID260717C00010000,10.0,3.13,2.65,3.2,1.0,398.0,0.8139667041015625,True,CALL,2026-07-17,LCID
LCID260717C00011000,11.0,2.5,2.25,2.74,5.0,21.0,0.81445498046875,True,CALL,2026-07-17,LCID
LCID260717C00012000,12.0,2.05,1.9,2.36,654.0,10.0,0.8159198095703124,False,CALL,2026-07-17,LCID
LCID260717C00013000,13.0,1.98,1.63,2.03,5.0,5.0,0.8208025732421874,False,CALL,2026-07-17,LCID
LCID260717C00014000,14.0,2.0,1.2,1.79,,1.0,0.797853583984375,False,CALL,2026-07-17,LCID
LCID260717P00008000,8.0,1.47,1.37,1.59,4.0,104.0,1.0986373193359378,False,PUT,2026-07-17,LCID
LCID260717P00009000,9.0,1.88,1.72,2.19,10.0,17.0,1.0859420703125,False,PUT,2026-07-17,LCID
LCID260717P00010000,10.0,2.45,2.15,2.5,6.0,386.0,1.0146533642578124,False,PUT,2026-07-17,LCID
LCID260717P00011000,11.0,2.84,2.84,3.15,5.0,15.0,1.0380907470703127,False,PUT,2026-07-17,LCID
LCID260717P00014000,14.0,5.64,4.65,5.3,,3.0,1.003422951660156,True,PUT,2026-07-17,LCID
LCID260821C00008000,8.0,4.45,3.95,4.45,3.0,7.0,0.8227556787109375,True,CALL,2026-08-21,LCID
LCID260821C00009000,9.0,4.02,3.25,4.0,23.0,34.0,0.81445498046875,True,CALL,2026-08-21,LCID
LCID260821C00010000,10.0,2.98,2.91,3.4,61.0,333.0,0.8183611914062499,True,CALL,2026-08-21,LCID
LCID260821C00011000,11.0,3.1,2.38,3.05,5.0,18.0,0.8115253222656249,True,CALL,2026-08-21,LCID
LCID260821C00012000,12.0,2.0,2.07,2.58,1.0,1638.0,0.8027363476562499,False,CALL,2026-08-21,LCID
LCID260821C00013000,13.0,1.55,1.72,2.33,1.0,538.0,0.805666005859375,False,CALL,2026-08-21,LCID
LCID260821C00014000,14.0,1.72,1.56,1.98,3.0,124.0,0.8095722167968749,False,CALL,2026-08-21,LCID
LCID260821P00008000,8.0,1.75,1.65,1.7,1.0,534.0,1.08203583984375,False,PUT,2026-08-21,LCID
LCID260821P00009000,9.0,2.21,1.99,2.31,2.0,35.0,1.0620164086914063,False,PUT,2026-08-21,LCID
LCID260821P00010000,10.0,2.4,2.41,2.88,1.0,2006.0,1.0332079589843752,False,PUT,2026-08-21,LCID
LCID260821P00011000,11.0,3.5,3.1,3.45,1.0,1039.0,1.0361376318359379,False,PUT,2026-08-21,LCID
LCID260821P00012000,12.0,3.8,3.75,4.05,10.0,38.0,1.0234423828125,True,PUT,2026-08-21,LCID
LCID260821P00013000,13.0,4.8,4.4,4.85,2.0,733.0,1.0302782861328126,True,PUT,2026-08-21,LCID
LCID260821P00014000,14.0,5.55,5.1,5.85,4.0,7.0,1.0644578027343752,True,PUT,2026-08-21,LCID
LCID260918C00008000,8.0,4.5,4.0,4.7,,301.0,0.8320329296874999,True,CALL,2026-09-18,LCID
LCID260918C00009000,9.0,3.95,3.2,4.2,2.0,19.0,0.790041162109375,True,CALL,2026-09-18,LCID
LCID260918C00010000,10.0,3.04,2.75,3.75,1.0,16.0,0.797853583984375,True,CALL,2026-09-18,LCID
LCID260918C00011000,11.0,2.74,2.42,3.1,7.0,158.0,0.7744163183593751,True,CALL,2026-09-18,LCID
LCID260918C00012000,12.0,2.5,2.21,2.81,80.0,81.0,0.805666005859375,False,CALL,2026-09-18,LCID
LCID260918C00013000,13.0,1.81,1.84,2.42,2.0,6.0,0.7856466748046875,False,CALL,2026-09-18,LCID
LCID260918P00008000,8.0,1.85,1.69,1.99,10.0,22.0,1.0800827246093752,False,PUT,2026-09-18,LCID
LCID260918P00009000,9.0,2.37,2.24,2.5,2.0,26.0,1.0742233789062503,False,PUT,2026-09-18,LCID
LCID260918P00010000,10.0,2.96,2.76,3.05,12.0,153.0,1.0537156689453124,False,PUT,2026-09-18,LCID
LCID260918P00011000,11.0,3.75,3.3,3.65,44.0,45.0,1.0332079589843752,False,PUT,2026-09-18,LCID
LCID260918P00014000,14.0,5.4,5.35,5.8,12.0,1.0,1.0263720556640625,True,PUT,2026-09-18,LCID
LCID261218C00010000,10.0,3.51,3.2,4.0,1.0,825.0,0.77148666015625,True,CALL,2026-12-18,LCID
LCID261218C00013000,13.0,2.3,2.39,3.05,3.0,459.0,0.8081073876953124,False,CALL,2026-12-18,LCID
LCID261218P00010000,10.0,3.55,3.4,3.65,6.0,936.0,1.0688523120117188,False,PUT,2026-12-18,LCID
LCID261218P00013000,13.0,5.3,5.25,5.7,11.0,53.0,1.0293017285156252,True,PUT,2026-12-18,LCID
LCID270115C00010000,10.0,3.5,3.55,4.1,1.0,869.0,0.79883013671875,True,CALL,2027-01-15,LCID
LCID270115C00013000,13.0,2.7,2.6,3.25,5.0,2240.0,0.823243955078125,False,CALL,2027-01-15,LCID
LCID270115P00010000,10.0,3.75,3.55,3.8,17.0,4737.0,1.0673874755859378,False,PUT,2027-01-15,LCID
LCID270115P00013000,13.0,5.8,5.4,6.05,4.0,3625.0,1.0483446020507814,True,PUT,2027-01-15,LCID
LCID271217C00010000,10.0,5.15,4.3,5.5,5.0,221.0,0.780275634765625,True,CALL,2027-12-17,LCID
LCID271217C00013000,13.0,4.1,3.4,4.4,53.0,895.0,0.75586181640625,False,CALL,2027-12-17,LCID
LCID271217P00010000,10.0,5.1,4.8,5.35,2.0,5438.0,1.0595750146484377,False,PUT,2027-12-17,LCID
LCID271217P00013000,13.0,7.2,6.8,7.2,2.0,33.0,0.9831544653320312,True,PUT,2027-12-17,LCID
LCID280121C00008000,8.0,5.1,5.15,6.25,10.0,42.0,0.7749045947265626,True,CALL,2028-01-21,LCID
LCID280121C00010000,10.0,5.1,4.8,5.65,4.0,2799.0,0.8254411987304686,True,CALL,2028-01-21,LCID
LCID280121C00013000,13.0,4.32,3.85,4.65,2.0,203.0,0.797853583984375,False,CALL,2028-01-21,LCID
LCID280121P00008000,8.0,3.76,3.6,3.9,1.0,107.0,1.0620164086914063,False,PUT,2028-01-21,LCID
LCID280121P00010000,10.0,5.15,4.95,5.15,2.0,492.0,1.027836892089844,False,PUT,2028-01-21,LCID
LCID280121P00013000,13.0,7.19,6.9,7.3,20.0,168.0,0.9780275634765626,True,PUT,2028-01-21,LCID
LI260130C00015000,15.0,2.51,1.8,2.55,2.0,7.0,2.2656293359374997,True,CALL,2026-01-30,LI
LI260130C00015500,15.5,1.51,1.3,2.05,5.0,306.0,1.9218753906250001,True,CALL,2026-01-30,LI
LI260130C00016000,16.0,1.17,0.85,1.55,3.0,198.0,1.5781271093749998,True,CALL,2026-01-30,LI
LI260130C00016500,16.5,0.72,0.73,0.82,12.0,510.0,0.64062859375,True,CALL,2026-01-30,LI
LI260130C00017000,17.0,0.32,0.31,0.47,42.0,2316.0,0.6601596484375001,True,CALL,2026-01-30,LI
LI260130C00017500,17.5,0.13,0.08,0.13,99.0,1864.0,0.46094289062500005,False,CALL,2026-01-30,LI
LI260130C00018000,18.0,0.04,0.02,0.04,41.0,975.0,0.500005,False,CALL,2026-01-30,LI
LI260130C00018500,18.5,0.01,0.0,0.07,10.0,282.0,0.6875031250000001,False,CALL,2026-01-30,LI
LI260130C00019000,19.0,0.01,0.0,0.56,1.0,488.0,1.6796891015625,False,CALL,2026-01-30,LI
LI260130C00019500,19.5,0.75,0.0,0.75,1.0,12.0,2.1679733300781248,False,CALL,2026-01-30,LI
LI260130C00020000,20.0,0.02,0.0,0.02,1.0,257.0,0.9687503125,False,CALL,2026-01-30,LI
LI260130C00021000,21.0,0.01,0.0,0.2,13.0,272.0,1.9062504687500001,False,CALL,2026-01-30,LI
LI260130P00013000,13.0,0.1,0.0,0.75,,9.0,3.9062502343750003,False,PUT,2026-01-30,LI
LI260130P00014000,14.0,0.03,0.0,0.75,3.0,117.0,3.1796895507812497,False,PUT,2026-01-30,LI
LI260130P00014500,14.5,0.08,0.0,0.75,1.0,5.0,2.82031544921875,False,PUT,2026-01-30,LI
LI260130P00015000,15.0,0.02,0.0,0.02,30.0,368.0,0.937500625,False,PUT,2026-01-30,LI
LI260130P00015500,15.5,0.03,0.0,0.56,41.0,99.0,1.8515632421875,False,PUT,2026-01-30,LI
LI260130P00016000,16.0,0.03,0.0,0.01,1.0,449.0,0.500005,False,PUT,2026-01-30,LI
LI260130P00016500,16.5,0.03,0.03,0.04,100.0,343.0,0.500005,False,PUT,2026-01-30,LI
LI260130P00017000,17.0,0.15,0.1,0.15,51.0,779.0,0.5039112109375,False,PUT,2026-01-30,LI
LI260130P00017500,17.5,0.41,0.35,0.8,7.0,45.0,0.8476577734374999,True,PUT,2026-01-30,LI
LI260130P00018000,18.0,0.86,0.51,1.19,1.0,34.0,0.6718782812500002,True,PUT,2026-01-30,LI
LI260130P00018500,18.5,1.54,1.2,1.65,2.0,27.0,1.1367230664062502,True,PUT,2026-01-30,LI
LI260130P00019000,19.0,2.02,1.66,2.19,2.0,2.0,1.3828155859374998,True,PUT,2026-01-30,LI
LI260130P00019500,19.5,2.53,2.18,2.73,2.0,2.0,1.6953140234375002,True,PUT,2026-01-30,LI
LI260130P00020500,20.5,3.35,3.15,3.85,4.0,3.0,2.2578168554687497,True,PUT,2026-01-30,LI
LI260130P00021000,21.0,4.1,3.7,3.95,2.0,198.0,1.7578137109375,True,PUT,2026-01-30,LI
LI260130P00022000,22.0,4.8,4.7,5.0,22.0,1.0,2.2031294921874993,True,PUT,2026-01-30,LI
LI260206C00014000,14.0,2.88,2.6,3.8,35.0,69.0,1.7578137109375,True,CALL,2026-02-06,LI
LI260206C00015000,15.0,1.6,1.84,2.59,10.0,50.0,1.12109814453125,True,CALL,2026-02-06,LI
LI260206C00015500,15.5,1.37,1.36,2.1,30.0,30.0,0.9687503125,True,CALL,2026-02-06,LI
LI260206C00016000,16.0,0.97,0.92,1.65,1.0,50.0,0.85937640625,True,CALL,2026-02-06,LI
LI260206C00016500,16.5,0.89,0.9,0.98,1.0,54.0,0.49805189453125004,True,CALL,2026-02-06,LI
LI260206C00017000,17.0,0.65,0.55,0.65,13.0,2318.0,0.48242705078125003,True,CALL,2026-02-06,LI
LI260206C00017500,17.5,0.35,0.31,0.4,46.0,254.0,0.476567734375,False,CALL,2026-02-06,LI
LI260206C00018000,18.0,0.16,0.17,0.24,2.0,2232.0,0.48438015625,False,CALL,2026-02-06,LI
LI260206C00018500,18.5,0.13,0.09,0.16,60.0,157.0,0.523442265625,False,CALL,2026-02-06,LI
LI260206C00019000,19.0,0.1,0.04,0.1,109.0,795.0,0.5468795312500001,False,CALL,2026-02-06,LI
LI260206C00020000,20.0,0.03,0.0,0.75,6.0,209.0,1.1347699511718752,False,CALL,2026-02-06,LI
LI260206C00021000,21.0,0.23,0.0,0.05,1.0,58.0,0.6718782812500002,False,CALL,2026-02-06,LI
LI260206P00015000,15.0,0.08,0.0,1.0,49.0,238.0,1.32422212890625,False,PUT,2026-02-06,LI
LI260206P00015500,15.5,0.05,0.03,0.3,5.0,578.0,0.710940390625,False,PUT,2026-02-06,LI
LI260206P00016000,16.0,0.11,0.07,0.14,3.0,220.0,0.5312546875,False,PUT,2026-02-06,LI
LI260206P00016500,16.5,0.41,0.16,0.24,1.0,151.0,0.5039112109375,False,PUT,2026-02-06,LI
LI260206P00017000,17.0,0.48,0.32,0.41,36.0,336.0,0.48828636718750007,False,PUT,2026-02-06,LI
LI260206P00017500,17.5,0.7,0.58,0.67,1.0,5.0,0.49023947265625006,True,PUT,2026-02-06,LI
LI260206P00018000,18.0,1.37,0.01,1.23,4.0,61.0,0.7226590234375,True,PUT,2026-02-06,LI
LI260206P00019000,19.0,2.04,1.78,2.16,2.0,4.0,0.710940390625,True,PUT,2026-02-06,LI
LI260206P00020000,20.0,3.05,2.6,3.05,6.0,34.0,0.6718782812500002,True,PUT,2026-02-06,LI
LI260213C00014000,14.0,2.7,2.73,3.85,34.0,35.0,0.6171913281250001,True,CALL,2026-02-13,LI
LI260213C00015000,15.0,1.91,1.95,2.65,2.0,4.0,0.9023447265625,True,CALL,2026-02-13,LI
LI260213C00016000,16.0,1.08,0.31,2.56,5.0,64.0,1.3535188574218748,True,CALL,2026-02-13,LI
LI260213C00017000,17.0,0.79,0.72,0.8,12.0,145.0,0.4687553125,True,CALL,2026-02-13,LI
LI260213C00018000,18.0,0.38,0.29,0.36,19.0,1999.0,0.45606012695312503,False,CALL,2026-02-13,LI
LI260213C00019000,19.0,0.15,0.11,0.2,11.0,210.0,0.5195360546875,False,CALL,2026-02-13,LI
LI260213C00020000,20.0,0.06,0.04,0.13,2.0,6.0,0.5273484765625001,False,CALL,2026-02-13,LI
LI260213C00021000,21.0,0.01,0.0,0.75,,1.0,1.0058643457031249,False,CALL,2026-02-13,LI
LI260213P00014000,14.0,0.13,0.0,0.12,,97.0,0.6562534375000001,False,PUT,2026-02-13,LI
LI260213P00015000,15.0,0.12,0.05,0.35,4.0,139.0,0.6835969140625001,False,PUT,2026-02-13,LI
LI260213P00016000,16.0,0.32,0.15,0.25,3.0,19.0,0.507817421875,False,PUT,2026-02-13,LI
LI260213P00017000,17.0,0.61,0.47,0.57,2.0,1203.0,0.47949739257812496,False,PUT,2026-02-13,LI
LI260213P00018000,18.0,1.56,1.03,1.15,1.0,1.0,0.48242705078125003,True,PUT,2026-02-13,LI
LI260213P00020000,20.0,3.05,2.61,3.15,10.0,2.0,0.585941640625,True,PUT,2026-02-13,LI
LI260220C00013000,13.0,4.25,3.7,4.5,3.0,3.0,1.013676806640625,True,CALL,2026-02-20,LI
LI260220C00015000,15.0,1.92,1.96,2.7,32.0,63.0,0.7929708203125,True,CALL,2026-02-20,LI
LI260220C00015500,15.5,1.61,1.54,2.25,,4.0,0.719729365234375,True,CALL,2026-02-20,LI
LI260220C00016000,16.0,1.42,1.51,1.59,20.0,3144.0,0.49414568359375005,True,CALL,2026-02-20,LI
LI260220C00016500,16.5,1.22,1.11,1.46,1.0,41.0,0.5097705273437501,True,CALL,2026-02-20,LI
LI260220C00017000,17.0,0.86,0.86,0.93,60.0,7692.0,0.467778759765625,True,CALL,2026-02-20,LI
LI260220C00017500,17.5,0.64,0.64,0.68,31.0,56.0,0.46094289062500005,False,CALL,2026-02-20,LI
LI260220C00018000,18.0,0.46,0.44,0.49,52.0,5281.0,0.46094289062500005,False,CALL,2026-02-20,LI
LI260220C00018500,18.5,0.33,0.33,0.35,48.0,157.0,0.46484910156250003,False,CALL,2026-02-20,LI
LI260220C00019000,19.0,0.23,0.22,0.25,20.0,2057.0,0.4726615234375,False,CALL,2026-02-20,LI
LI260220C00019500,19.5,0.14,0.12,0.26,2.0,16.0,0.5507857421875001,False,CALL,2026-02-20,LI
LI260220C00020000,20.0,0.11,0.08,0.15,1.0,1169.0,0.51562984375,False,CALL,2026-02-20,LI
LI260220C00021000,21.0,0.06,0.0,0.18,2.0,275.0,0.5488326367187502,False,CALL,2026-02-20,LI
LI260220C00022000,22.0,0.07,0.0,0.11,205.0,268.0,0.57812921875,False,CALL,2026-02-20,LI
LI260220P00013000,13.0,0.02,0.0,0.14,1.0,212.0,0.7226590234375,False,PUT,2026-02-20,LI
LI260220P00014000,14.0,0.04,0.0,0.16,9.0,75.0,0.585941640625,False,PUT,2026-02-20,LI
LI260220P00014500,14.5,0.1,0.05,0.18,7.0,45.0,0.5585981640625001,False,PUT,2026-02-20,LI
LI260220P00015000,15.0,0.14,0.09,0.21,1.0,807.0,0.51562984375,False,PUT,2026-02-20,LI
LI260220P00015500,15.5,0.21,0.17,0.21,3.0,35.0,0.48633326171875,False,PUT,2026-02-20,LI
LI260220P00016000,16.0,0.26,0.27,0.32,2.0,792.0,0.476567734375,False,PUT,2026-02-20,LI
LI260220P00016500,16.5,0.44,0.41,0.52,6.0,108.0,0.49805189453125004,False,PUT,2026-02-20,LI
LI260220P00017000,17.0,0.67,0.61,0.64,10.0,1748.0,0.4414118359375,False,PUT,2026-02-20,LI
LI260220P00018000,18.0,1.24,1.18,1.39,16.0,444.0,0.5478560839843751,True,PUT,2026-02-20,LI
LI260220P00019000,19.0,2.21,1.92,2.39,2.0,51.0,0.5810588769531251,True,PUT,2026-02-20,LI
LI260220P00020000,20.0,3.05,2.65,3.15,12.0,12.0,0.5097705273437501,True,PUT,2026-02-20,LI
LI260220P00021000,21.0,4.1,3.75,4.3,4.0,3.0,0.7480493945312501,True,PUT,2026-02-20,LI
LI260227C00014500,14.5,2.23,2.3,3.5,,30.0,0.53320779296875,True,CALL,2026-02-27,LI
LI260227C00015000,15.0,1.65,1.99,3.25,,2.0,0.6367223828125,True,CALL,2026-02-27,LI
LI260227C00016000,16.0,1.62,1.58,1.86,21.0,44.0,0.5127001855468749,True,CALL,2026-02-27,LI
LI260227C00016500,16.5,1.37,1.22,1.49,1.0,204.0,0.5585981640625001,True,CALL,2026-02-27,LI
LI260227C00017000,17.0,1.3,0.92,1.22,4.0,337.0,0.5585981640625001,True,CALL,2026-02-27,LI
LI260227C00017500,17.5,0.89,0.67,0.96,15.0,83.0,0.5459029785156251,False,CALL,2026-02-27,LI
LI260227C00018000,18.0,0.6,0.49,0.8,42.0,70.0,0.5654340332031251,False,CALL,2026-02-27,LI
LI260227C00018500,18.5,0.45,0.35,0.5,1.0,36.0,0.49219257812500006,False,CALL,2026-02-27,LI
LI260227C00019000,19.0,0.38,0.25,0.42,35.0,45.0,0.5205126074218749,False,CALL,2026-02-27,LI
LI260227C00020000,20.0,0.21,0.14,0.35,10.0,85.0,0.5293015820312501,False,CALL,2026-02-27,LI
LI260227C00020500,20.5,0.15,0.1,0.3,4.0,7.0,0.5468795312500001,False,CALL,2026-02-27,LI
LI260227C00021000,21.0,0.15,0.0,0.38,1.0,66.0,0.585941640625,False,CALL,2026-02-27,LI
LI260227C00021500,21.5,0.12,0.0,0.75,1.0,1.0,0.7861349511718749,False,CALL,2026-02-27,LI
LI260227C00022000,22.0,0.08,0.0,0.14,2.0,3.0,0.53320779296875,False,CALL,2026-02-27,LI
LI260227P00013000,13.0,0.15,0.0,0.75,,0.0,1.009770576171875,False,PUT,2026-02-27,LI
LI260227P00015000,15.0,0.2,0.14,0.26,4.0,55.0,0.5488326367187502,False,PUT,2026-02-27,LI
LI260227P00015500,15.5,0.32,0.21,0.32,1.0,6.0,0.506840869140625,False,PUT,2026-02-27,LI
LI260227P00016000,16.0,0.6,0.32,0.59,1.0,11.0,0.5009815527343751,False,PUT,2026-02-27,LI
LI260227P00017000,17.0,0.7,0.67,0.99,22.0,185.0,0.5664105859375,False,PUT,2026-02-27,LI
LI260227P00017500,17.5,1.73,0.94,1.25,,1.0,0.5634809277343751,True,PUT,2026-02-27,LI
LI260306C00015000,15.0,2.07,1.8,3.8,256.0,254.0,0.6865265722656251,True,CALL,2026-03-06,LI
LI260306C00020000,20.0,0.3,0.2,0.46,13.0,13.0,0.532231240234375,False,CALL,2026-03-06,LI
LI260306P00013500,13.5,0.17,0.0,2.19,2.0,2.0,1.3173862255859374,False,PUT,2026-03-06,LI
LI260306P00014000,14.0,0.2,0.0,0.75,1.0,1.0,0.7382838671874999,False,PUT,2026-03-06,LI
LI260306P00015000,15.0,0.23,0.2,0.42,15.0,969.0,0.5293015820312501,False,PUT,2026-03-06,LI
LI260306P00018000,18.0,1.85,1.32,1.67,4.0,4.0,0.5625043750000001,True,PUT,2026-03-06,LI
LI260320C00013000,13.0,5.02,3.9,4.8,2.0,38.0,0.53320779296875,True,CALL,2026-03-20,LI
LI260320C00014000,14.0,3.5,3.05,3.9,5.0,29.0,0.5293015820312501,True,CALL,2026-03-20,LI
LI260320C00015000,15.0,2.6,2.25,3.1,1.0,91.0,0.5185595019531251,True,CALL,2026-03-20,LI
LI260320C00016000,16.0,2.0,1.94,2.04,153.0,1004.0,0.5136767382812499,True,CALL,2026-03-20,LI
LI260320C00017000,17.0,1.4,1.35,1.54,21.0,10509.0,0.51758294921875,True,CALL,2026-03-20,LI
LI260320C00018000,18.0,0.98,0.9,1.04,124.0,2363.0,0.5004932763671875,False,CALL,2026-03-20,LI
LI260320C00019000,19.0,0.67,0.68,0.72,25.0,2044.0,0.5214891601562499,False,CALL,2026-03-20,LI
LI260320C00020000,20.0,0.45,0.38,0.51,19.0,4616.0,0.5117236328125,False,CALL,2026-03-20,LI
LI260320C00021000,21.0,0.38,0.26,0.36,22.0,927.0,0.526371923828125,False,CALL,2026-03-20,LI
LI260320C00022000,22.0,0.25,0.24,0.3,24.0,2279.0,0.57617611328125,False,CALL,2026-03-20,LI
LI260320P00013000,13.0,0.25,0.1,0.22,11.0,4052.0,0.5937540625000001,False,PUT,2026-03-20,LI
LI260320P00014000,14.0,0.23,0.2,0.31,2.0,208.0,0.5478560839843751,False,PUT,2026-03-20,LI
LI260320P00015000,15.0,0.4,0.38,0.48,6.0,6831.0,0.5185595019531251,False,PUT,2026-03-20,LI
LI260320P00016000,16.0,0.71,0.67,0.79,67.0,3364.0,0.507817421875,False,PUT,2026-03-20,LI
LI260320P00017000,17.0,1.1,1.07,1.26,1.0,11025.0,0.5039112109375,False,PUT,2026-03-20,LI
LI260320P00018000,18.0,1.61,1.65,1.84,11.0,4305.0,0.5083056982421875,True,PUT,2026-03-20,LI
LI260320P00019000,19.0,2.75,2.33,2.52,25.0,1725.0,0.508793974609375,True,PUT,2026-03-20,LI
LI260320P00020000,20.0,3.14,3.1,3.3,13.0,4785.0,0.5117236328125,True,PUT,2026-03-20,LI
LI260320P00021000,21.0,3.93,3.85,4.5,1.0,1038.0,0.58789474609375,True,PUT,2026-03-20,LI
LI260320P00022000,22.0,5.45,4.55,5.4,8.0,1988.0,0.5429733203125001,True,PUT,2026-03-20,LI
LI260515C00015000,15.0,2.43,3.05,3.3,1.0,5.0,0.5302781347656251,True,CALL,2026-05-15,LI
LI260515C00016000,16.0,2.4,2.38,2.69,50.0,102.0,0.5161181201171875,True,CALL,2026-05-15,LI
LI260515C00017000,17.0,2.04,1.82,2.18,2.0,157.0,0.5083056982421875,True,CALL,2026-05-15,LI
LI260515C00018000,18.0,1.35,1.42,1.75,5.0,1113.0,0.5112353564453125,False,CALL,2026-05-15,LI
LI260515C00019000,19.0,1.26,1.11,1.44,10.0,1362.0,0.5214891601562499,False,CALL,2026-05-15,LI
LI260515C00020000,20.0,0.98,0.88,1.06,5.0,742.0,0.5151415673828125,False,CALL,2026-05-15,LI
LI260515C00021000,21.0,0.74,0.63,0.85,1.0,14.0,0.5131884619140624,False,CALL,2026-05-15,LI
LI260515C00022000,22.0,0.54,0.49,0.72,12.0,23.0,0.5273484765625001,False,CALL,2026-05-15,LI
LI260515P00013000,13.0,0.41,0.27,0.43,45.0,1215.0,0.5214891601562499,False,PUT,2026-05-15,LI
LI260515P00014000,14.0,0.88,0.44,0.62,2.0,286.0,0.500005,False,PUT,2026-05-15,LI
LI260515P00015000,15.0,0.93,0.7,0.89,3.0,18.0,0.51758294921875,False,PUT,2026-05-15,LI
LI260515P00016000,16.0,1.1,1.06,1.26,13.0,1386.0,0.5073291455078125,False,PUT,2026-05-15,LI
LI260515P00017000,17.0,1.85,1.44,1.74,15.0,665.0,0.5043994873046875,False,PUT,2026-05-15,LI
LI260515P00018000,18.0,2.56,2.01,2.41,10.0,214.0,0.5302781347656251,True,PUT,2026-05-15,LI
LI260515P00019000,19.0,3.2,2.68,3.05,1.0,289.0,0.5273484765625001,True,PUT,2026-05-15,LI
LI260515P00020000,20.0,4.42,3.4,3.8,5.0,25.0,0.5366257275390626,True,PUT,2026-05-15,LI
LI260515P00022000,22.0,5.75,4.9,5.6,,6.0,0.6069375244140626,True,PUT,2026-05-15,LI
LI260618C00013000,13.0,4.7,4.6,5.15,50.0,82.0,0.56836369140625,True,CALL,2026-06-18,LI
LI260618C00014000,14.0,3.9,3.75,4.35,,29.0,0.5273484765625001,True,CALL,2026-06-18,LI
LI260618C00015000,15.0,3.15,3.3,3.55,1.0,308.0,0.532231240234375,True,CALL,2026-06-18,LI
LI260618C00016000,16.0,2.51,2.68,2.96,3.0,608.0,0.5214891601562499,True,CALL,2026-06-18,LI
LI260618C00017000,17.0,2.25,2.23,2.4,2.0,3206.0,0.5180712255859375,True,CALL,2026-06-18,LI
LI260618C00018000,18.0,1.84,1.76,2.06,1.0,3401.0,0.5210008837890624,False,CALL,2026-06-18,LI
LI260618C00019000,19.0,1.5,1.5,1.59,1.0,5125.0,0.5185595019531251,False,CALL,2026-06-18,LI
LI260618C00020000,20.0,1.24,1.24,1.29,69.0,8956.0,0.5219774365234374,False,CALL,2026-06-18,LI
LI260618C00021000,21.0,1.01,1.0,1.05,6.0,1875.0,0.5229539892578124,False,CALL,2026-06-18,LI
LI260618C00022000,22.0,0.85,0.83,0.88,4.0,1493.0,0.5312546875,False,CALL,2026-06-18,LI
LI260618P00013000,13.0,0.6,0.41,0.64,8.0,3859.0,0.5278367529296876,False,PUT,2026-06-18,LI
LI260618P00014000,14.0,0.75,0.61,0.88,2.0,1161.0,0.5083056982421875,False,PUT,2026-06-18,LI
LI260618P00015000,15.0,1.04,0.99,1.06,48.0,9619.0,0.499028447265625,False,PUT,2026-06-18,LI
LI260618P00016000,16.0,1.46,1.37,1.5,6.0,10226.0,0.5029346582031251,False,PUT,2026-06-18,LI
LI260618P00017000,17.0,1.85,1.68,1.88,5.0,3007.0,0.4726615234375,False,PUT,2026-06-18,LI
LI260618P00018000,18.0,2.67,2.3,2.46,142.0,4772.0,0.47363807617187503,True,PUT,2026-06-18,LI
LI260618P00019000,19.0,3.3,2.91,3.3,8.0,3343.0,0.5185595019531251,True,PUT,2026-06-18,LI
LI260618P00020000,20.0,4.15,3.6,4.0,3.0,2023.0,0.5170946728515625,True,PUT,2026-06-18,LI
LI260618P00021000,21.0,5.2,4.4,4.75,12.0,1981.0,0.5151415673828125,True,PUT,2026-06-18,LI
LI260618P00022000,22.0,5.35,5.3,5.55,6.0,1474.0,0.514653291015625,True,PUT,2026-06-18,LI
LI260918C00015000,15.0,3.2,3.75,4.35,,10.0,0.5468795312500001,True,CALL,2026-09-18,LI
LI260918C00017000,17.0,2.95,2.7,3.25,1.0,5.0,0.5261277856445312,True,CALL,2026-09-18,LI
LI260918C00018000,18.0,2.55,2.29,2.8,5.0,14.0,0.5212450219726561,False,CALL,2026-09-18,LI
LI260918C00021000,21.0,1.72,1.48,1.87,1.0,69.0,0.532231240234375,False,CALL,2026-09-18,LI
LI260918C00022000,22.0,1.42,1.27,1.6,10.0,13.0,0.5307664111328125,False,CALL,2026-09-18,LI
LI260918P00013000,13.0,0.91,0.54,1.06,1.0,1.0,0.56055126953125,False,PUT,2026-09-18,LI
LI260918P00020000,20.0,4.4,3.9,4.55,6.0,9.0,0.5051319018554687,True,PUT,2026-09-18,LI
LI270115C00013000,13.0,5.65,5.5,6.15,6.0,100.0,0.5632367895507813,True,CALL,2027-01-15,LI
LI270115C00015000,15.0,4.5,4.45,5.65,9.0,773.0,0.6152382226562501,True,CALL,2027-01-15,LI
LI270115C00017000,17.0,3.75,3.45,3.75,1.0,782.0,0.5239305419921875,True,CALL,2027-01-15,LI
LI270115C00020000,20.0,2.45,2.46,2.65,9.0,6525.0,0.5239305419921875,False,CALL,2027-01-15,LI
LI270115C00022000,22.0,1.9,1.86,2.09,13.0,1660.0,0.5151415673828125,False,CALL,2027-01-15,LI
LI270115P00013000,13.0,1.45,0.89,1.43,14.0,1212.0,0.53320779296875,False,PUT,2027-01-15,LI
LI270115P00015000,15.0,1.9,1.88,2.04,2.0,1555.0,0.485356708984375,False,PUT,2027-01-15,LI
LI270115P00017000,17.0,3.1,2.59,3.1,108.0,874.0,0.4848684326171875,False,PUT,2027-01-15,LI
LI270115P00020000,20.0,5.0,3.75,4.9,10.0,1865.0,0.4633842724609375,True,PUT,2027-01-15,LI
LI270115P00022000,22.0,6.1,6.0,6.4,101.0,1857.0,0.46484910156250003,True,PUT,2027-01-15,LI
LI280121C00013000,13.0,7.23,6.85,8.45,1.0,22.0,0.6445348046875,True,CALL,2028-01-21,LI
LI280121C00015000,15.0,6.2,5.85,7.4,19.0,107.0,0.6196327099609377,True,CALL,2028-01-21,LI
LI280121C00018000,18.0,4.75,3.65,6.15,12.0,60.0,0.5456588403320313,False,CALL,2028-01-21,LI
LI280121C00020000,20.0,4.43,4.1,5.15,4.0,143.0,0.5810588769531251,False,CALL,2028-01-21,LI
LI280121C00022000,22.0,3.4,3.5,3.9,1.0,96.0,0.5385788330078126,False,CALL,2028-01-21,LI
LI280121P00013000,13.0,2.24,1.74,2.16,54.0,160.0,0.4738822143554688,False,PUT,2028-01-21,LI
LI280121P00015000,15.0,2.99,2.41,3.4,20.0,276.0,0.5007374145507812,False,PUT,2028-01-21,LI
LI280121P00018000,18.0,4.41,3.6,5.2,5.0,76.0,0.49658706542968756,True,PUT,2028-01-21,LI
LI280121P00020000,20.0,6.16,5.65,7.05,20.0,150.0,0.5466353930664063,True,PUT,2028-01-21,LI
LI280121P00022000,22.0,7.35,6.1,7.4,1.0,47.0,0.4299373413085938,True,PUT,2028-01-21,LI
LRCX260130C00172500,172.5,62.62,71.0,74.55,1.0,13.0,3.318361079101562,True,CALL,2026-01-30,LRCX
LRCX260130C00175000,175.0,67.65,68.4,72.2,6.0,31.0,3.275392436523437,True,CALL,2026-01-30,LRCX
LRCX260130C00177500,177.5,62.0,66.0,69.95,2.0,51.0,1.9609376953125,True,CALL,2026-01-30,LRCX
LRCX260130C00180000,180.0,60.5,63.25,66.8,16.0,90.0,2.8818387329101567,True,CALL,2026-01-30,LRCX
LRCX260130C00182500,182.5,56.64,60.9,64.3,3.0,330.0,2.7788116467285158,True,CALL,2026-01-30,LRCX
LRCX260130C00185000,185.0,53.48,58.5,61.8,3.0,132.0,2.6767611206054687,True,CALL,2026-01-30,LRCX
LRCX260130C00187500,187.5,50.5,56.85,59.2,1.0,37.0,1.7402356738281248,True,CALL,2026-01-30,LRCX
LRCX260130C00190000,190.0,53.2,54.3,56.75,3.0,667.0,1.6660172949218752,True,CALL,2026-01-30,LRCX
LRCX260130C00192500,192.5,27.0,51.85,54.2,2.0,29.0,1.5917989160156247,True,CALL,2026-01-30,LRCX
LRCX260130C00195000,195.0,45.6,49.35,51.7,3.0,284.0,1.517580537109375,True,CALL,2026-01-30,LRCX
LRCX260130C00197500,197.5,47.48,46.85,49.3,3.0,17.0,1.5000025,True,CALL,2026-01-30,LRCX
LRCX260130C00200000,200.0,45.0,44.35,46.5,76.0,875.0,1.2265663671875,True,CALL,2026-01-30,LRCX
LRCX260130C00202500,202.5,38.24,41.8,43.25,2.0,17.0,1.4921900390624998,True,CALL,2026-01-30,LRCX
LRCX260130C00205000,205.0,40.55,39.4,41.6,17.0,389.0,1.201175869140625,True,CALL,2026-01-30,LRCX
LRCX260130C00207500,207.5,34.92,36.85,39.35,3.0,31.0,1.2265663671875,True,CALL,2026-01-30,LRCX
LRCX260130C00210000,210.0,35.52,34.4,36.6,30.0,209.0,1.0625046875000002,True,CALL,2026-01-30,LRCX
LRCX260130C00212500,212.5,25.6,31.9,34.2,9.0,132.0,1.0390673046875003,True,CALL,2026-01-30,LRCX
LRCX260130C00215000,215.0,30.3,29.45,31.75,21.0,244.0,1.0048877880859375,True,CALL,2026-01-30,LRCX
LRCX260130C00217500,217.5,26.08,26.9,29.25,16.0,213.0,0.914063359375,True,CALL,2026-01-30,LRCX
LRCX260130C00220000,220.0,25.91,24.55,26.65,99.0,2083.0,0.858399853515625,True,CALL,2026-01-30,LRCX
LRCX260130C00222500,222.5,23.0,21.25,24.5,64.0,304.0,0.570316796875,True,CALL,2026-01-30,LRCX
LRCX260130C00225000,225.0,19.5,19.7,22.1,48.0,930.0,0.8457046679687499,True,CALL,2026-01-30,LRCX
LRCX260130C00227500,227.5,16.43,17.2,19.65,24.0,391.0,0.7709983837890625,True,CALL,2026-01-30,LRCX
LRCX260130C00230000,230.0,16.22,14.75,17.35,1212.0,4578.0,0.7246121289062499,True,CALL,2026-01-30,LRCX
LRCX260130C00232500,232.5,12.83,12.5,14.95,47.0,296.0,0.6816438085937502,True,CALL,2026-01-30,LRCX
LRCX260130C00235000,235.0,11.0,10.6,12.8,253.0,945.0,0.6889679541015626,True,CALL,2026-01-30,LRCX
LRCX260130C00237500,237.5,8.95,8.6,9.5,1042.0,1835.0,0.5546919531250001,True,CALL,2026-01-30,LRCX
LRCX260130C00240000,240.0,7.24,7.0,7.8,1292.0,2295.0,0.5864299169921875,True,CALL,2026-01-30,LRCX
LRCX260130C00242500,242.5,6.1,5.2,6.45,294.0,1477.0,0.5908244042968751,True,CALL,2026-01-30,LRCX
LRCX260130C00245000,245.0,4.04,3.8,4.65,794.0,904.0,0.5598188549804688,True,CALL,2026-01-30,LRCX
LRCX260130C00247500,247.5,3.0,2.68,3.35,592.0,651.0,0.5500533276367189,False,CALL,2026-01-30,LRCX
LRCX260130C00250000,250.0,2.1,1.95,2.35,2022.0,2667.0,0.5554243676757813,False,CALL,2026-01-30,LRCX
LRCX260130C00252500,252.5,1.55,1.55,1.91,223.0,340.0,0.6010782080078126,False,CALL,2026-01-30,LRCX
LRCX260130C00255000,255.0,1.2,0.84,1.41,537.0,523.0,0.5893595751953126,False,CALL,2026-01-30,LRCX
LRCX260130C00257500,257.5,0.75,0.54,1.07,855.0,299.0,0.6054726953125001,False,CALL,2026-01-30,LRCX
LRCX260130C00260000,260.0,0.45,0.35,0.64,1060.0,1411.0,0.5976602734375001,False,CALL,2026-01-30,LRCX
LRCX260130C00262500,262.5,0.24,0.21,0.4,177.0,392.0,0.5961954443359375,False,CALL,2026-01-30,LRCX
LRCX260130C00265000,265.0,0.2,0.14,0.25,289.0,420.0,0.6035195898437502,False,CALL,2026-01-30,LRCX
LRCX260130C00267500,267.5,0.08,0.03,0.18,63.0,186.0,0.5937540625000001,False,CALL,2026-01-30,LRCX
LRCX260130C00270000,270.0,0.1,0.05,0.17,1002.0,1492.0,0.6523472265625001,False,CALL,2026-01-30,LRCX
LRCX260130C00272500,272.5,0.06,0.04,0.59,42.0,92.0,0.8466812207031249,False,CALL,2026-01-30,LRCX
LRCX260130C00275000,275.0,0.03,0.01,0.05,632.0,997.0,0.632816171875,False,CALL,2026-01-30,LRCX
LRCX260130C00277500,277.5,1.15,0.0,0.55,1.0,41.0,0.937500625,False,CALL,2026-01-30,LRCX
LRCX260130C00280000,280.0,0.02,0.02,0.05,456.0,746.0,0.73437765625,False,CALL,2026-01-30,LRCX
LRCX260130C00282500,282.5,0.14,0.0,0.5,2.0,145.0,1.0283251708984378,False,CALL,2026-01-30,LRCX
LRCX260130C00285000,285.0,0.01,0.0,0.04,20.0,331.0,0.7656273437500001,False,CALL,2026-01-30,LRCX
LRCX260130C00287500,287.5,0.43,0.0,0.78,3.0,7.0,1.224613251953125,False,CALL,2026-01-30,LRCX
LRCX260130C00290000,290.0,0.01,0.0,0.02,60.0,214.0,0.79687703125,False,CALL,2026-01-30,LRCX
LRCX260130C00295000,295.0,0.01,0.0,0.02,85.0,1710.0,0.85937640625,False,CALL,2026-01-30,LRCX
LRCX260130C00300000,300.0,0.01,0.0,0.02,184.0,306.0,0.937500625,False,CALL,2026-01-30,LRCX
LRCX260130C00310000,310.0,0.01,0.0,0.02,254.0,804.0,1.0625046875000002,False,CALL,2026-01-30,LRCX
LRCX260130P00172500,172.5,0.06,0.0,0.02,41.0,76.0,1.5937520312499998,False,PUT,2026-01-30,LRCX
LRCX260130P00175000,175.0,0.01,0.0,0.02,41.0,606.0,1.5312523437499999,False,PUT,2026-01-30,LRCX
LRCX260130P00177500,177.5,0.01,0.0,0.02,16.0,421.0,1.46875265625,False,PUT,2026-01-30,LRCX
LRCX260130P00180000,180.0,0.01,0.0,0.02,109.0,759.0,1.40625296875,False,PUT,2026-01-30,LRCX
LRCX260130P00182500,182.5,0.01,0.01,0.02,267.0,1204.0,1.40625296875,False,PUT,2026-01-30,LRCX
LRCX260130P00185000,185.0,0.01,0.0,0.02,44.0,936.0,1.3125034374999998,False,PUT,2026-01-30,LRCX
LRCX260130P00187500,187.5,0.01,0.0,0.02,130.0,464.0,1.2500037499999999,False,PUT,2026-01-30,LRCX
LRCX260130P00190000,190.0,0.01,0.0,0.02,171.0,418.0,1.1875040625,False,PUT,2026-01-30,LRCX
LRCX260130P00192500,192.5,0.02,0.0,0.02,13.0,197.0,1.125004375,False,PUT,2026-01-30,LRCX
LRCX260130P00195000,195.0,0.02,0.01,0.03,32.0,441.0,1.15625421875,False,PUT,2026-01-30,LRCX
LRCX260130P00197500,197.5,0.02,0.0,0.02,26.0,133.0,1.015629921875,False,PUT,2026-01-30,LRCX
LRCX260130P00200000,200.0,0.02,0.01,0.02,360.0,1756.0,1.000005,False,PUT,2026-01-30,LRCX
LRCX260130P00202500,202.5,0.03,0.02,0.12,51.0,542.0,1.1328168359375002,False,PUT,2026-01-30,LRCX
LRCX260130P00205000,205.0,0.08,0.03,0.23,170.0,1701.0,1.1640666796875,False,PUT,2026-01-30,LRCX
LRCX260130P00207500,207.5,0.05,0.0,0.05,51.0,3585.0,0.8828136718749999,False,PUT,2026-01-30,LRCX
LRCX260130P00210000,210.0,0.07,0.04,0.09,411.0,3568.0,0.929688203125,False,PUT,2026-01-30,LRCX
LRCX260130P00212500,212.5,0.06,0.03,0.2,94.0,363.0,0.9414068359375,False,PUT,2026-01-30,LRCX
LRCX260130P00215000,215.0,0.07,0.04,0.12,5885.0,9927.0,0.8300798242187499,False,PUT,2026-01-30,LRCX
LRCX260130P00217500,217.5,0.09,0.02,0.1,95.0,5869.0,0.7382838671874999,False,PUT,2026-01-30,LRCX
LRCX260130P00220000,220.0,0.11,0.11,0.25,1606.0,2088.0,0.8027363476562499,False,PUT,2026-01-30,LRCX
LRCX260130P00222500,222.5,0.22,0.22,0.31,105.0,617.0,0.788088056640625,False,PUT,2026-01-30,LRCX
LRCX260130P00225000,225.0,0.27,0.15,0.28,596.0,913.0,0.68555001953125,False,PUT,2026-01-30,LRCX
LRCX260130P00227500,227.5,0.34,0.27,0.41,2945.0,3789.0,0.6757844921875001,False,PUT,2026-01-30,LRCX
LRCX260130P00230000,230.0,0.5,0.46,0.58,478.0,1578.0,0.6650424121093752,False,PUT,2026-01-30,LRCX
LRCX260130P00232500,232.5,0.65,0.55,1.03,84.0,445.0,0.657229990234375,False,PUT,2026-01-30,LRCX
LRCX260130P00235000,235.0,1.05,0.95,1.19,432.0,290.0,0.6284216845703126,False,PUT,2026-01-30,LRCX
LRCX260130P00237500,237.5,1.5,1.14,1.82,388.0,616.0,0.6049844189453126,False,PUT,2026-01-30,LRCX
LRCX260130P00240000,240.0,2.1,1.75,2.42,503.0,928.0,0.5903361279296876,False,PUT,2026-01-30,LRCX
LRCX260130P00250000,250.0,6.1,6.55,8.3,105.0,18.0,0.647464462890625,True,PUT,2026-01-30,LRCX
LRCX260130P00255000,255.0,10.65,9.15,11.9,1.0,13.0,0.5351608984375,True,PUT,2026-01-30,LRCX
LRCX260130P00280000,280.0,53.5,33.25,35.7,,26.0,1.319827619628906,True,PUT,2026-01-30,LRCX
LRCX260206C00172500,172.5,50.16,72.0,74.45,1.0,2.0,1.1630901220703125,True,CALL,2026-02-06,LRCX
LRCX260206C00175000,175.0,64.13,69.4,72.1,15.0,25.0,1.1337933935546878,True,CALL,2026-02-06,LRCX
LRCX260206C00177500,177.5,66.45,67.0,69.45,8.0,27.0,1.0810592822265626,True,CALL,2026-02-06,LRCX
LRCX260206C00180000,180.0,65.52,64.5,67.0,1.0,17.0,1.052739111328125,True,CALL,2026-02-06,LRCX
LRCX260206C00182500,182.5,64.0,62.05,64.45,1.0,22.0,1.0122119702148438,True,CALL,2026-02-06,LRCX
LRCX260206C00185000,185.0,54.3,59.5,62.05,1.0,56.0,0.98242205078125,True,CALL,2026-02-06,LRCX
LRCX260206C00187500,187.5,61.55,57.1,59.5,1.0,13.0,0.9521489160156249,True,CALL,2026-02-06,LRCX
LRCX260206C00190000,190.0,60.0,54.6,57.1,1.0,31.0,0.930664755859375,True,CALL,2026-02-06,LRCX
LRCX260206C00192500,192.5,51.99,52.1,54.65,1.0,6.0,0.8984385156249999,True,CALL,2026-02-06,LRCX
LRCX260206C00195000,195.0,49.56,49.65,52.2,3.0,43.0,0.8740246972656249,True,CALL,2026-02-06,LRCX
LRCX260206C00197500,197.5,43.3,47.2,49.75,12.0,19.0,0.8476577734374999,True,CALL,2026-02-06,LRCX
LRCX260206C00200000,200.0,49.05,44.8,47.3,5.0,132.0,0.8266618896484373,True,CALL,2026-02-06,LRCX
LRCX260206C00202500,202.5,46.52,42.35,44.8,2.0,2.0,0.7919942675781251,True,CALL,2026-02-06,LRCX
LRCX260206C00205000,205.0,44.8,39.9,42.4,7.0,472.0,0.7675804492187501,True,CALL,2026-02-06,LRCX
LRCX260206C00210000,210.0,37.0,34.55,37.6,18.0,93.0,0.6699251757812501,True,CALL,2026-02-06,LRCX
LRCX260206C00212500,212.5,30.4,32.85,35.2,26.0,22.0,0.709963837890625,True,CALL,2026-02-06,LRCX
LRCX260206C00215000,215.0,28.7,30.45,32.55,9.0,146.0,0.6623568920898439,True,CALL,2026-02-06,LRCX
LRCX260206C00217500,217.5,26.35,28.1,29.95,23.0,42.0,0.6225623681640625,True,CALL,2026-02-06,LRCX
LRCX260206C00220000,220.0,23.5,26.0,26.85,83.0,560.0,0.5644574804687501,True,CALL,2026-02-06,LRCX
LRCX260206C00222500,222.5,22.68,23.7,26.35,5.0,122.0,0.6535679174804689,True,CALL,2026-02-06,LRCX
LRCX260206C00225000,225.0,22.8,22.15,22.85,528.0,661.0,0.6013223461914063,True,CALL,2026-02-06,LRCX
LRCX260206C00227500,227.5,19.18,19.95,21.0,18.0,150.0,0.5969278588867188,True,CALL,2026-02-06,LRCX
LRCX260206C00230000,230.0,18.5,18.05,19.5,55.0,197.0,0.6134071862792969,True,CALL,2026-02-06,LRCX
LRCX260206C00232500,232.5,14.75,15.9,17.25,1.0,64.0,0.5806926696777344,True,CALL,2026-02-06,LRCX
LRCX260206C00235000,235.0,14.94,14.55,15.55,29.0,366.0,0.5948526843261719,True,CALL,2026-02-06,LRCX
LRCX260206C00237500,237.5,12.28,12.7,13.95,53.0,105.0,0.585941640625,True,CALL,2026-02-06,LRCX
LRCX260206C00240000,240.0,12.1,11.5,12.55,379.0,545.0,0.5992471716308594,True,CALL,2026-02-06,LRCX
LRCX260206C00242500,242.5,10.35,9.95,10.8,141.0,86.0,0.5815471533203125,True,CALL,2026-02-06,LRCX
LRCX260206C00245000,245.0,9.75,8.85,9.55,429.0,258.0,0.5880168151855469,True,CALL,2026-02-06,LRCX
LRCX260206C00247500,247.5,8.25,7.7,8.3,838.0,52.0,0.5856975024414062,False,CALL,2026-02-06,LRCX
LRCX260206C00250000,250.0,6.8,6.65,7.3,661.0,531.0,0.5877726770019531,False,CALL,2026-02-06,LRCX
LRCX260206C00252500,252.5,5.75,5.75,6.45,113.0,69.0,0.5928995788574221,False,CALL,2026-02-06,LRCX
LRCX260206C00255000,255.0,5.3,4.75,5.65,915.0,198.0,0.5897257824707032,False,CALL,2026-02-06,LRCX
LRCX260206C00257500,257.5,4.25,3.95,4.55,36.0,14.0,0.5756878369140624,False,CALL,2026-02-06,LRCX
LRCX260206C00260000,260.0,3.56,3.15,3.8,234.0,228.0,0.5665326550292968,False,CALL,2026-02-06,LRCX
LRCX260206C00265000,265.0,2.55,2.27,2.87,237.0,275.0,0.5800823242187501,False,CALL,2026-02-06,LRCX
LRCX260206C00270000,270.0,1.75,1.6,2.03,143.0,140.0,0.5852092260742188,False,CALL,2026-02-06,LRCX
LRCX260206C00275000,275.0,1.08,1.07,1.45,111.0,47.0,0.5896037133789063,False,CALL,2026-02-06,LRCX
LRCX260206C00277500,277.5,0.9,0.9,1.13,88.0,9.0,0.5874064697265625,False,CALL,2026-02-06,LRCX
LRCX260206C00280000,280.0,0.85,0.69,1.05,61.0,190.0,0.5952188916015625,False,CALL,2026-02-06,LRCX
LRCX260206C00285000,285.0,0.46,0.44,0.77,29.0,34.0,0.602787175292969,False,CALL,2026-02-06,LRCX
LRCX260206C00290000,290.0,0.35,0.21,0.46,4.0,20.0,0.585941640625,False,CALL,2026-02-06,LRCX
LRCX260206C00295000,295.0,0.81,0.0,1.17,5.0,36.0,0.70312796875,False,CALL,2026-02-06,LRCX
LRCX260206C00300000,300.0,0.12,0.07,0.18,67.0,216.0,0.584965087890625,False,CALL,2026-02-06,LRCX
LRCX260206P00172500,172.5,0.05,0.02,0.17,2.0,21.0,0.9511723632812499,False,PUT,2026-02-06,LRCX
LRCX260206P00175000,175.0,0.24,0.0,0.22,2.0,482.0,0.9335944140625,False,PUT,2026-02-06,LRCX
LRCX260206P00177500,177.5,0.1,0.05,0.17,4.0,52.0,0.8984385156249999,False,PUT,2026-02-06,LRCX
LRCX260206P00180000,180.0,0.14,0.0,0.21,10.0,50.0,0.85937640625,False,PUT,2026-02-06,LRCX
LRCX260206P00182500,182.5,0.38,0.0,0.66,10.0,25.0,0.975586181640625,False,PUT,2026-02-06,LRCX
LRCX260206P00185000,185.0,0.21,0.08,0.34,27.0,134.0,0.8730481445312499,False,PUT,2026-02-06,LRCX
LRCX260206P00187500,187.5,0.16,0.11,0.68,2.0,65.0,0.9267585449218749,False,PUT,2026-02-06,LRCX
LRCX260206P00190000,190.0,0.2,0.05,0.3,2.0,99.0,0.77929908203125,False,PUT,2026-02-06,LRCX
LRCX260206P00192500,192.5,0.3,0.13,0.57,46.0,19.0,0.8320329296874999,False,PUT,2026-02-06,LRCX
LRCX260206P00195000,195.0,0.29,0.17,0.46,17.0,87.0,0.7797873583984375,False,PUT,2026-02-06,LRCX
LRCX260206P00197500,197.5,0.47,0.22,0.94,3.0,132.0,0.8325212060546874,False,PUT,2026-02-06,LRCX
LRCX260206P00200000,200.0,0.45,0.3,0.55,144.0,228.0,0.7460962890625,False,PUT,2026-02-06,LRCX
LRCX260206P00202500,202.5,0.49,0.26,0.82,5.0,27.0,0.7421900781249999,False,PUT,2026-02-06,LRCX
LRCX260206P00205000,205.0,0.5,0.39,0.66,26.0,94.0,0.6992217578125001,False,PUT,2026-02-06,LRCX
LRCX260206P00207500,207.5,0.61,0.45,1.12,2.0,28.0,0.7211941943359376,False,PUT,2026-02-06,LRCX
LRCX260206P00210000,210.0,0.75,0.62,0.85,73.0,647.0,0.6701693139648439,False,PUT,2026-02-06,LRCX
LRCX260206P00212500,212.5,0.98,0.68,1.11,12.0,143.0,0.6604037866210939,False,PUT,2026-02-06,LRCX
LRCX260206P00215000,215.0,0.92,0.83,1.3,39.0,219.0,0.647464462890625,False,PUT,2026-02-06,LRCX
LRCX260206P00217500,217.5,1.61,1.06,1.9,38.0,179.0,0.6640658593750002,False,PUT,2026-02-06,LRCX
LRCX260206P00220000,220.0,1.57,1.32,1.65,5756.0,454.0,0.6191444335937502,False,PUT,2026-02-06,LRCX
LRCX260206P00222500,222.5,1.86,1.52,2.47,14.0,122.0,0.632816171875,False,PUT,2026-02-06,LRCX
LRCX260206P00225000,225.0,2.18,1.91,2.6,263.0,125.0,0.6110878735351564,False,PUT,2026-02-06,LRCX
LRCX260206P00227500,227.5,2.59,2.5,2.9,50.0,60.0,0.6030313134765627,False,PUT,2026-02-06,LRCX
LRCX260206P00230000,230.0,3.13,2.77,3.4,72.0,1191.0,0.5836223278808592,False,PUT,2026-02-06,LRCX
LRCX260206P00232500,232.5,5.8,3.4,4.5,39.0,32.0,0.597782342529297,False,PUT,2026-02-06,LRCX
LRCX260206P00240000,240.0,6.6,6.2,6.85,223.0,274.0,0.5885050915527343,False,PUT,2026-02-06,LRCX
LRCX260206P00260000,260.0,25.47,17.7,18.9,6.0,4.0,0.5793499096679688,True,PUT,2026-02-06,LRCX
LRCX260206P00275000,275.0,53.3,29.3,31.8,33.0,33.0,0.5373581420898439,True,PUT,2026-02-06,LRCX
LRCX260206P00280000,280.0,58.11,34.0,36.45,33.0,33.0,0.5393112475585939,True,PUT,2026-02-06,LRCX
LRCX260213C00172500,172.5,38.5,71.15,74.65,,0.0,0.6757844921875001,True,CALL,2026-02-13,LRCX
LRCX260213C00175000,175.0,68.55,69.55,72.2,12.0,19.0,0.8906260937499999,True,CALL,2026-02-13,LRCX
LRCX260213C00177500,177.5,46.45,67.1,69.75,,10.0,0.8730481445312499,True,CALL,2026-02-13,LRCX
LRCX260213C00180000,180.0,59.68,64.0,67.3,1.0,54.0,0.752932158203125,True,CALL,2026-02-13,LRCX
LRCX260213C00182500,182.5,61.48,61.3,64.85,2.0,5.0,0.69336244140625,True,CALL,2026-02-13,LRCX
LRCX260213C00185000,185.0,64.15,59.75,62.4,1.0,2.0,0.813478427734375,True,CALL,2026-02-13,LRCX
LRCX260213C00187500,187.5,32.0,56.5,59.95,27.0,32.0,0.6918976123046876,True,CALL,2026-02-13,LRCX
LRCX260213C00190000,190.0,53.4,55.0,57.6,2.0,246.0,0.7934590966796875,True,CALL,2026-02-13,LRCX
LRCX260213C00192500,192.5,47.92,51.7,55.15,50.0,42.0,0.68555001953125,True,CALL,2026-02-13,LRCX
LRCX260213C00195000,195.0,55.23,50.05,52.75,20.0,80.0,0.7446314599609375,True,CALL,2026-02-13,LRCX
LRCX260213C00197500,197.5,52.85,47.75,50.4,20.0,62.0,0.7380397290039062,True,CALL,2026-02-13,LRCX
LRCX260213C00200000,200.0,44.15,45.4,48.0,11.0,36.0,0.7216824707031251,True,CALL,2026-02-13,LRCX
LRCX260213C00205000,205.0,38.0,40.75,43.35,2.0,53.0,0.6958038232421876,True,CALL,2026-02-13,LRCX
LRCX260213C00210000,210.0,34.8,36.2,38.85,13.0,50.0,0.6739534558105471,True,CALL,2026-02-13,LRCX
LRCX260213C00215000,215.0,31.45,31.85,33.3,2.0,27.0,0.6052285571289064,True,CALL,2026-02-13,LRCX
LRCX260213C00220000,220.0,27.36,27.65,29.35,3.0,110.0,0.6041299353027345,True,CALL,2026-02-13,LRCX
LRCX260213C00225000,225.0,27.38,23.8,25.3,2.0,117.0,0.5946085461425781,True,CALL,2026-02-13,LRCX
LRCX260213C00230000,230.0,20.95,19.9,22.1,20.0,263.0,0.5936319934082033,True,CALL,2026-02-13,LRCX
LRCX260213C00235000,235.0,15.98,17.15,18.75,8.0,87.0,0.602787175292969,True,CALL,2026-02-13,LRCX
LRCX260213C00240000,240.0,13.23,14.0,15.55,17.0,64.0,0.5881999188232423,True,CALL,2026-02-13,LRCX
LRCX260213C00245000,245.0,11.27,11.2,13.1,26.0,80.0,0.5853312951660157,True,CALL,2026-02-13,LRCX
LRCX260213C00250000,250.0,10.0,9.2,11.05,121.0,157.0,0.59570716796875,False,CALL,2026-02-13,LRCX
LRCX260213C00255000,255.0,7.85,7.5,8.0,31.0,127.0,0.5730023168945313,False,CALL,2026-02-13,LRCX
LRCX260213C00260000,260.0,6.46,5.85,6.6,22.0,61.0,0.5775188732910157,False,CALL,2026-02-13,LRCX
LRCX260213C00265000,265.0,4.85,4.2,5.3,4.0,58.0,0.5697064514160157,False,CALL,2026-02-13,LRCX
LRCX260213C00270000,270.0,3.8,3.15,4.1,245.0,61.0,0.5670209313964845,False,CALL,2026-02-13,LRCX
LRCX260213C00275000,275.0,2.9,2.41,3.55,17.0,150.0,0.582889913330078,False,CALL,2026-02-13,LRCX
LRCX260213C00280000,280.0,2.1,1.84,2.73,12.0,25.0,0.5842326733398437,False,CALL,2026-02-13,LRCX
LRCX260213C00285000,285.0,1.49,1.32,2.33,17.0,10.0,0.5939982006835938,False,CALL,2026-02-13,LRCX
LRCX260213C00290000,290.0,1.59,0.49,2.3,1.0,14.0,0.596683720703125,False,CALL,2026-02-13,LRCX
LRCX260213C00295000,295.0,1.5,0.65,1.75,3.0,6.0,0.6171913281250001,False,CALL,2026-02-13,LRCX
LRCX260213C00300000,300.0,1.28,0.53,1.25,1.0,58.0,0.6157264990234376,False,CALL,2026-02-13,LRCX
LRCX260213P00172500,172.5,0.82,0.0,2.28,3.0,8.0,1.0703171484375003,False,PUT,2026-02-13,LRCX
LRCX260213P00175000,175.0,0.64,0.0,1.22,1.0,33.0,0.9125985302734375,False,PUT,2026-02-13,LRCX
LRCX260213P00177500,177.5,0.65,0.0,1.24,1.0,156.0,0.8828136718749999,False,PUT,2026-02-13,LRCX
LRCX260213P00180000,180.0,0.5,0.0,0.96,1.0,37.0,0.8115253222656249,False,PUT,2026-02-13,LRCX
LRCX260213P00182500,182.5,1.94,0.0,1.55,2.0,3.0,0.8554701953125,False,PUT,2026-02-13,LRCX
LRCX260213P00185000,185.0,0.73,0.35,1.17,3.0,42.0,0.8193377441406249,False,PUT,2026-02-13,LRCX
LRCX260213P00187500,187.5,0.92,0.1,1.61,1.0,44.0,0.80664255859375,False,PUT,2026-02-13,LRCX
LRCX260213P00190000,190.0,0.79,0.1,1.4,3.0,43.0,0.752932158203125,False,PUT,2026-02-13,LRCX
LRCX260213P00192500,192.5,5.55,0.01,2.58,,2.0,0.8151873950195312,False,PUT,2026-02-13,LRCX
LRCX260213P00195000,195.0,2.19,0.01,1.14,1.0,86.0,0.6533237792968751,False,PUT,2026-02-13,LRCX
LRCX260213P00197500,197.5,0.99,0.35,1.39,1.0,109.0,0.6801789794921876,False,PUT,2026-02-13,LRCX
LRCX260213P00200000,200.0,1.05,0.71,1.48,34.0,119.0,0.6840851904296876,False,PUT,2026-02-13,LRCX
LRCX260213P00205000,205.0,1.71,1.07,2.11,14.0,103.0,0.681887946777344,False,PUT,2026-02-13,LRCX
LRCX260213P00210000,210.0,2.74,1.44,2.2,11.0,34.0,0.6374547973632813,False,PUT,2026-02-13,LRCX
LRCX260213P00215000,215.0,2.26,2.01,2.66,5.0,91.0,0.6141396008300781,False,PUT,2026-02-13,LRCX
LRCX260213P00220000,220.0,3.95,2.73,3.7,6.0,88.0,0.6082802844238282,False,PUT,2026-02-13,LRCX
LRCX260213P00225000,225.0,5.58,3.7,5.25,7.0,10.0,0.6118202880859377,False,PUT,2026-02-13,LRCX
LRCX260213P00230000,230.0,5.77,5.05,6.5,29.0,448.0,0.6003457934570313,False,PUT,2026-02-13,LRCX
LRCX260213P00235000,235.0,8.55,6.4,8.95,11.0,60.0,0.6062661444091797,False,PUT,2026-02-13,LRCX
LRCX260213P00240000,240.0,10.6,8.85,10.4,9.0,3.0,0.597782342529297,False,PUT,2026-02-13,LRCX
LRCX260213P00250000,250.0,13.4,13.35,15.15,2.0,20.0,0.5695233477783204,True,PUT,2026-02-13,LRCX
LRCX260213P00275000,275.0,53.6,30.95,33.75,,17.0,0.5618940295410157,True,PUT,2026-02-13,LRCX
LRCX260213P00290000,290.0,67.5,44.35,47.8,,2.0,0.5991251025390626,True,PUT,2026-02-13,LRCX
LRCX260220C00175000,175.0,69.01,70.0,72.55,10.0,938.0,0.8271501660156249,True,CALL,2026-02-20,LRCX
LRCX260220C00180000,180.0,68.48,65.3,67.7,2.0,1281.0,0.8061542822265625,True,CALL,2026-02-20,LRCX
LRCX260220C00185000,185.0,63.95,60.45,63.05,2.0,1285.0,0.7824728784179689,True,CALL,2026-02-20,LRCX
LRCX260220C00190000,190.0,57.0,55.55,58.05,16.0,1254.0,0.729494892578125,True,CALL,2026-02-20,LRCX
LRCX260220C00195000,195.0,49.5,50.6,53.25,6.0,1917.0,0.6850617431640625,True,CALL,2026-02-20,LRCX
LRCX260220C00200000,200.0,46.17,46.2,48.4,16.0,831.0,0.6639437902832033,True,CALL,2026-02-20,LRCX
LRCX260220C00202500,202.5,41.15,43.9,46.5,4.0,31.0,0.6694368994140626,True,CALL,2026-02-20,LRCX
LRCX260220C00205000,205.0,41.61,41.75,43.55,5.0,6.0,0.6340368627929689,True,CALL,2026-02-20,LRCX
LRCX260220C00207500,207.5,23.7,39.45,41.45,,10.0,0.6269568554687501,True,CALL,2026-02-20,LRCX
LRCX260220C00210000,210.0,38.5,38.05,38.95,27.0,3490.0,0.6356237609863282,True,CALL,2026-02-20,LRCX
LRCX260220C00212500,212.5,36.1,35.15,37.45,3.0,4.0,0.62305064453125,True,CALL,2026-02-20,LRCX
LRCX260220C00215000,215.0,27.85,33.25,34.6,4.0,49.0,0.5976602734375001,True,CALL,2026-02-20,LRCX
LRCX260220C00217500,217.5,32.35,31.1,32.35,18.0,13.0,0.5822795678710937,True,CALL,2026-02-20,LRCX
LRCX260220C00220000,220.0,30.13,29.45,30.65,37.0,1726.0,0.5952188916015625,True,CALL,2026-02-20,LRCX
LRCX260220C00222500,222.5,31.0,27.2,29.3,2.0,65.0,0.5968057897949219,True,CALL,2026-02-20,LRCX
LRCX260220C00225000,225.0,26.0,25.45,26.8,40.0,134.0,0.5784954260253907,True,CALL,2026-02-20,LRCX
LRCX260220C00227500,227.5,22.5,24.0,25.6,2.0,89.0,0.5972940661621093,True,CALL,2026-02-20,LRCX
LRCX260220C00230000,230.0,22.31,21.65,22.95,162.0,2265.0,0.5568891967773439,True,CALL,2026-02-20,LRCX
LRCX260220C00232500,232.5,16.8,20.25,21.7,6.0,122.0,0.5690961059570312,True,CALL,2026-02-20,LRCX
LRCX260220C00235000,235.0,20.65,19.1,20.05,54.0,568.0,0.5739788696289063,True,CALL,2026-02-20,LRCX
LRCX260220C00237500,237.5,18.05,17.1,18.6,33.0,57.0,0.5617719604492188,True,CALL,2026-02-20,LRCX
LRCX260220C00240000,240.0,17.0,16.6,17.0,386.0,4115.0,0.5752605950927734,True,CALL,2026-02-20,LRCX
LRCX260220C00242500,242.5,14.39,14.85,15.85,126.0,70.0,0.5688519677734375,True,CALL,2026-02-20,LRCX
LRCX260220C00245000,245.0,14.3,13.55,14.8,66.0,153.0,0.5708050732421875,True,CALL,2026-02-20,LRCX
LRCX260220C00247500,247.5,13.51,12.4,13.65,62.0,52.0,0.5709271423339843,False,CALL,2026-02-20,LRCX
LRCX260220C00250000,250.0,11.93,11.4,12.2,342.0,1294.0,0.5651898950195313,False,CALL,2026-02-20,LRCX
LRCX260220C00255000,255.0,10.25,9.5,10.2,66.0,196.0,0.5656781713867188,False,CALL,2026-02-20,LRCX
LRCX260220C00260000,260.0,8.7,7.85,8.4,79.0,705.0,0.5647016186523439,False,CALL,2026-02-20,LRCX
LRCX260220C00265000,265.0,6.71,6.45,6.95,7.0,70.0,0.5662885168457032,False,CALL,2026-02-20,LRCX
LRCX260220C00270000,270.0,5.4,5.25,5.65,104.0,1931.0,0.565983344116211,False,CALL,2026-02-20,LRCX
LRCX260220C00275000,275.0,4.5,4.5,4.65,105.0,43.0,0.5750164569091796,False,CALL,2026-02-20,LRCX
LRCX260220C00280000,280.0,3.43,3.2,4.0,56.0,373.0,0.5699505895996093,False,CALL,2026-02-20,LRCX
LRCX260220C00285000,285.0,2.81,2.66,3.35,12.0,146.0,0.5784954260253907,False,CALL,2026-02-20,LRCX
LRCX260220C00290000,290.0,2.19,1.75,2.83,20.0,316.0,0.5708050732421875,False,CALL,2026-02-20,LRCX
LRCX260220C00295000,295.0,2.13,1.44,2.19,1.0,299.0,0.5717816259765626,False,CALL,2026-02-20,LRCX
LRCX260220C00300000,300.0,1.57,1.45,1.73,10010.0,954.0,0.58789474609375,False,CALL,2026-02-20,LRCX
LRCX260220C00310000,310.0,0.9,0.84,1.18,22.0,121.0,0.5920450952148439,False,CALL,2026-02-20,LRCX
LRCX260220P00175000,175.0,0.5,0.23,0.58,9.0,1601.0,0.708010732421875,False,PUT,2026-02-20,LRCX
LRCX260220P00180000,180.0,0.71,0.55,0.85,18.0,967.0,0.7260769580078125,False,PUT,2026-02-20,LRCX
LRCX260220P00185000,185.0,0.77,0.6,0.99,21.0,708.0,0.689700368652344,False,PUT,2026-02-20,LRCX
LRCX260220P00190000,190.0,1.02,0.82,1.14,155.0,877.0,0.6650424121093752,False,PUT,2026-02-20,LRCX
LRCX260220P00195000,195.0,1.36,0.99,1.45,1490.0,1725.0,0.6420934228515626,False,PUT,2026-02-20,LRCX
LRCX260220P00200000,200.0,1.8,1.39,2.21,126.0,1386.0,0.648441015625,False,PUT,2026-02-20,LRCX
LRCX260220P00202500,202.5,3.1,0.87,3.45,16.0,25.0,0.6521030883789063,False,PUT,2026-02-20,LRCX
LRCX260220P00205000,205.0,2.24,1.84,2.78,32.0,686.0,0.6341589318847658,False,PUT,2026-02-20,LRCX
LRCX260220P00207500,207.5,2.74,2.1,3.1,37.0,624.0,0.6263465100097658,False,PUT,2026-02-20,LRCX
LRCX260220P00210000,210.0,2.9,2.39,2.9,50.0,4217.0,0.5981485498046876,False,PUT,2026-02-20,LRCX
LRCX260220P00212500,212.5,2.99,2.74,3.3,22.0,61.0,0.5931437170410157,False,PUT,2026-02-20,LRCX
LRCX260220P00215000,215.0,3.55,3.15,3.8,62.0,74.0,0.5907023352050782,False,PUT,2026-02-20,LRCX
LRCX260220P00217500,217.5,3.95,3.7,4.15,29.0,40.0,0.584843018798828,False,PUT,2026-02-20,LRCX
LRCX260220P00220000,220.0,4.46,4.05,4.75,56.0,4779.0,0.5777630114746093,False,PUT,2026-02-20,LRCX
LRCX260220P00222500,222.5,4.05,4.65,5.25,1.0,168.0,0.5722699023437501,False,PUT,2026-02-20,LRCX
LRCX260220P00225000,225.0,6.58,5.25,6.05,1554.0,1629.0,0.5716595568847658,False,PUT,2026-02-20,LRCX
LRCX260220P00227500,227.5,7.45,6.15,6.65,9.0,133.0,0.570316796875,False,PUT,2026-02-20,LRCX
LRCX260220P00230000,230.0,7.58,6.7,7.9,185.0,2944.0,0.5728802478027344,False,PUT,2026-02-20,LRCX
LRCX260220P00232500,232.5,8.0,7.8,8.3,3.0,13.0,0.5653119641113282,False,PUT,2026-02-20,LRCX
LRCX260220P00235000,235.0,8.47,8.85,9.35,4.0,70.0,0.5681805877685546,False,PUT,2026-02-20,LRCX
LRCX260220P00237500,237.5,9.85,9.75,10.3,9.0,17.0,0.5625043750000001,False,PUT,2026-02-20,LRCX
LRCX260220P00240000,240.0,10.96,10.8,11.6,51.0,653.0,0.5644574804687501,False,PUT,2026-02-20,LRCX
LRCX260220P00242500,242.5,12.0,12.0,12.45,10.0,8.0,0.5571333349609376,False,PUT,2026-02-20,LRCX
LRCX260220P00245000,245.0,14.0,13.3,13.8,21.0,3.0,0.5592695440673829,False,PUT,2026-02-20,LRCX
LRCX260220P00250000,250.0,17.15,16.1,16.65,178.0,537.0,0.5617719604492188,True,PUT,2026-02-20,LRCX
LRCX260220P00260000,260.0,21.5,21.5,23.65,1.0,137.0,0.5556685058593751,True,PUT,2026-02-20,LRCX
LRCX260220P00280000,280.0,61.5,36.3,39.2,1.0,1.0,0.5394333166503908,True,PUT,2026-02-20,LRCX
LRCX260227C00175000,175.0,74.93,69.7,73.1,1.0,1.0,0.7434107690429688,True,CALL,2026-02-27,LRCX
LRCX260227C00180000,180.0,62.0,65.0,68.1,2.0,132.0,0.7126493579101563,True,CALL,2026-02-27,LRCX
LRCX260227C00190000,190.0,53.37,55.85,58.2,3.0,133.0,0.6621127539062501,True,CALL,2026-02-27,LRCX
LRCX260227C00195000,195.0,35.45,51.6,54.2,,9.0,0.6850617431640625,True,CALL,2026-02-27,LRCX
LRCX260227C00200000,200.0,42.44,47.1,49.85,3.0,33.0,0.6705355212402344,True,CALL,2026-02-27,LRCX
LRCX260227C00205000,205.0,41.68,42.7,45.4,1.0,20.0,0.649417568359375,True,CALL,2026-02-27,LRCX
LRCX260227C00210000,210.0,35.35,38.5,40.95,17.0,29.0,0.6286658227539064,True,CALL,2026-02-27,LRCX
LRCX260227C00215000,215.0,33.24,34.45,36.0,7.0,56.0,0.5931437170410157,True,CALL,2026-02-27,LRCX
LRCX260227C00220000,220.0,28.59,30.65,33.15,8.0,65.0,0.6088906298828126,True,CALL,2026-02-27,LRCX
LRCX260227C00225000,225.0,26.4,27.0,28.7,10.0,191.0,0.5816692224121094,True,CALL,2026-02-27,LRCX
LRCX260227C00230000,230.0,23.55,23.6,26.4,8.0,67.0,0.5963175134277343,True,CALL,2026-02-27,LRCX
LRCX260227C00235000,235.0,21.28,21.05,22.75,19.0,104.0,0.5908244042968751,True,CALL,2026-02-27,LRCX
LRCX260227C00240000,240.0,17.0,18.1,20.25,59.0,124.0,0.5903361279296876,True,CALL,2026-02-27,LRCX
LRCX260227C00245000,245.0,15.15,15.4,17.5,32.0,59.0,0.581180946044922,True,CALL,2026-02-27,LRCX
LRCX260227C00250000,250.0,13.7,12.65,15.0,64.0,158.0,0.5671430004882813,False,CALL,2026-02-27,LRCX
LRCX260227C00255000,255.0,11.6,10.95,12.8,26.0,35.0,0.5686078295898438,False,CALL,2026-02-27,LRCX
LRCX260227C00260000,260.0,9.58,8.95,10.9,28.0,130.0,0.5617109259033204,False,CALL,2026-02-27,LRCX
LRCX260227C00265000,265.0,6.9,7.4,9.4,20.0,1040.0,0.5623823059082032,False,CALL,2026-02-27,LRCX
LRCX260227C00270000,270.0,6.68,5.9,7.95,6.0,260.0,0.5570723004150393,False,CALL,2026-02-27,LRCX
LRCX260227C00275000,275.0,5.59,5.1,6.65,5.0,27.0,0.561527822265625,False,CALL,2026-02-27,LRCX
LRCX260227C00280000,280.0,4.84,3.65,6.05,7.0,32.0,0.5601850622558593,False,CALL,2026-02-27,LRCX
LRCX260227C00285000,285.0,4.32,3.45,5.0,9.0,6.0,0.5713543841552735,False,CALL,2026-02-27,LRCX
LRCX260227C00290000,290.0,3.35,2.44,4.45,3.0,27.0,0.5688519677734375,False,CALL,2026-02-27,LRCX
LRCX260227C00295000,295.0,3.12,2.17,3.45,22.0,39.0,0.5676312768554688,False,CALL,2026-02-27,LRCX
LRCX260227C00300000,300.0,2.62,1.89,3.25,19.0,35.0,0.5863078479003907,False,CALL,2026-02-27,LRCX
LRCX260227C00310000,310.0,1.88,0.35,3.5,15.0,23.0,0.6025430371093752,False,CALL,2026-02-27,LRCX
LRCX260227P00175000,175.0,1.1,0.0,2.15,1.0,238.0,0.7458521508789062,False,PUT,2026-02-27,LRCX
LRCX260227P00180000,180.0,1.08,0.84,1.77,2.0,39.0,0.7251004052734374,False,PUT,2026-02-27,LRCX
LRCX260227P00185000,185.0,2.25,0.58,2.45,12.0,40.0,0.6972686523437501,False,PUT,2026-02-27,LRCX
LRCX260227P00190000,190.0,1.72,1.28,1.99,29.0,87.0,0.657229990234375,False,PUT,2026-02-27,LRCX
LRCX260227P00195000,195.0,2.0,1.73,2.44,12.0,72.0,0.6458775646972656,False,PUT,2026-02-27,LRCX
LRCX260227P00200000,200.0,2.51,2.12,2.76,52.0,78.0,0.6198768481445314,False,PUT,2026-02-27,LRCX
LRCX260227P00205000,205.0,3.05,2.72,3.9,30.0,48.0,0.624149266357422,False,PUT,2026-02-27,LRCX
LRCX260227P00210000,210.0,4.0,3.45,4.25,3.0,17.0,0.5981485498046876,False,PUT,2026-02-27,LRCX
LRCX260227P00215000,215.0,5.5,4.35,5.2,26.0,50.0,0.5875285388183593,False,PUT,2026-02-27,LRCX
LRCX260227P00220000,220.0,6.29,5.5,6.4,42.0,8.0,0.5806926696777344,False,PUT,2026-02-27,LRCX
LRCX260227P00225000,225.0,7.45,6.8,7.7,6.0,20.0,0.5705609350585938,False,PUT,2026-02-27,LRCX
LRCX260227P00230000,230.0,9.88,8.4,10.5,6.0,13.0,0.5880778497314454,False,PUT,2026-02-27,LRCX
LRCX260227P00270000,270.0,57.45,30.15,32.65,,1.0,0.5495650512695314,True,PUT,2026-02-27,LRCX
LRCX260227P00290000,290.0,75.5,45.5,49.65,,1.0,0.5385788330078126,True,PUT,2026-02-27,LRCX
LRCX260227P00295000,295.0,80.3,50.3,54.2,,1.0,0.5539595385742189,True,PUT,2026-02-27,LRCX
LRCX260306C00200000,200.0,45.85,47.8,50.65,18.0,12.0,0.6490513610839843,True,CALL,2026-03-06,LRCX
LRCX260306C00205000,205.0,43.6,43.6,46.4,1.0,4.0,0.6361730718994141,True,CALL,2026-03-06,LRCX
LRCX260306C00210000,210.0,37.8,39.5,42.35,3.0,2.0,0.6246375427246094,True,CALL,2026-03-06,LRCX
LRCX260306C00215000,215.0,32.5,35.55,38.0,11.0,17.0,0.6037026934814456,True,CALL,2026-03-06,LRCX
LRCX260306C00220000,220.0,30.92,31.8,34.85,2.0,23.0,0.606144075317383,True,CALL,2026-03-06,LRCX
LRCX260306C00225000,225.0,27.35,28.35,30.65,2.0,14.0,0.5863078479003907,True,CALL,2026-03-06,LRCX
LRCX260306C00230000,230.0,23.3,25.05,28.15,56.0,52.0,0.5937540625000001,True,CALL,2026-03-06,LRCX
LRCX260306C00240000,240.0,19.4,19.35,22.2,36.0,58.0,0.5841106042480468,True,CALL,2026-03-06,LRCX
LRCX260306C00250000,250.0,14.55,14.3,16.9,26.0,85.0,0.5676312768554688,False,CALL,2026-03-06,LRCX
LRCX260306C00270000,270.0,7.88,7.05,9.65,2.0,4.0,0.5531050549316407,False,CALL,2026-03-06,LRCX
LRCX260306C00280000,280.0,6.81,4.7,7.3,1.0,12.0,0.5516402258300781,False,CALL,2026-03-06,LRCX
LRCX260306C00295000,295.0,3.97,2.7,5.35,5.0,11.0,0.5742840423583984,False,CALL,2026-03-06,LRCX
LRCX260306P00180000,180.0,1.67,0.01,2.14,1.0,12.0,0.6252478881835939,False,PUT,2026-03-06,LRCX
LRCX260306P00190000,190.0,1.83,0.93,2.74,1.0,16.0,0.6097451135253908,False,PUT,2026-03-06,LRCX
LRCX260306P00195000,195.0,2.69,2.17,3.0,5.0,20.0,0.6189002954101563,False,PUT,2026-03-06,LRCX
LRCX260306P00200000,200.0,3.09,2.65,3.75,4.0,11.0,0.6079140771484376,False,PUT,2026-03-06,LRCX
LRCX260306P00205000,205.0,3.8,3.35,4.6,3.0,13.0,0.5996133789062501,False,PUT,2026-03-06,LRCX
LRCX260306P00210000,210.0,5.19,4.25,5.45,17.0,20.0,0.5893595751953126,False,PUT,2026-03-06,LRCX
LRCX260306P00215000,215.0,6.45,5.25,7.25,4.0,3.0,0.59570716796875,False,PUT,2026-03-06,LRCX
LRCX260306P00220000,220.0,7.05,6.4,8.95,1.0,5.0,0.5938150970458984,False,PUT,2026-03-06,LRCX
LRCX260306P00225000,225.0,9.39,8.0,10.25,4.0,4.0,0.5850871569824219,False,PUT,2026-03-06,LRCX
LRCX260320C00175000,175.0,71.15,71.55,74.1,2.0,1077.0,0.6987334814453126,True,CALL,2026-03-20,LRCX
LRCX260320C00180000,180.0,65.94,66.9,68.75,49.0,940.0,0.6530796411132813,True,CALL,2026-03-20,LRCX
LRCX260320C00185000,185.0,61.5,62.35,64.3,4.0,1034.0,0.6411168701171875,True,CALL,2026-03-20,LRCX
LRCX260320C00190000,190.0,59.2,57.9,59.9,4.0,1289.0,0.6290320300292969,True,CALL,2026-03-20,LRCX
LRCX260320C00195000,195.0,50.99,52.85,54.55,6.0,3067.0,0.5716595568847658,True,CALL,2026-03-20,LRCX
LRCX260320C00200000,200.0,50.15,48.65,50.4,69.0,3044.0,0.5675092077636719,True,CALL,2026-03-20,LRCX
LRCX260320C00210000,210.0,43.05,41.8,42.5,71.0,1600.0,0.580204393310547,True,CALL,2026-03-20,LRCX
LRCX260320C00220000,220.0,35.69,34.4,35.4,45.0,1322.0,0.5690961059570312,True,CALL,2026-03-20,LRCX
LRCX260320C00230000,230.0,29.5,28.7,29.05,387.0,2664.0,0.573673696899414,True,CALL,2026-03-20,LRCX
LRCX260320C00240000,240.0,24.9,23.35,24.75,143.0,1247.0,0.5890238851928712,True,CALL,2026-03-20,LRCX
LRCX260320C00250000,250.0,19.65,19.05,19.65,325.0,2227.0,0.5860026751708984,False,CALL,2026-03-20,LRCX
LRCX260320C00260000,260.0,15.5,14.7,15.5,165.0,1647.0,0.5756878369140624,False,CALL,2026-03-20,LRCX
LRCX260320C00270000,270.0,11.75,11.8,12.4,2917.0,848.0,0.5817302569580078,False,CALL,2026-03-20,LRCX
LRCX260320C00280000,280.0,9.25,9.25,9.5,216.0,2441.0,0.5789837023925781,False,CALL,2026-03-20,LRCX
LRCX260320C00290000,290.0,7.17,6.7,7.6,70.0,195.0,0.5753826641845703,False,CALL,2026-03-20,LRCX
LRCX260320C00300000,300.0,5.63,5.2,5.9,34.0,189.0,0.5783733569335938,False,CALL,2026-03-20,LRCX
LRCX260320C00310000,310.0,3.93,3.75,4.75,9.0,135.0,0.5795330133056642,False,CALL,2026-03-20,LRCX
LRCX260320P00175000,175.0,1.66,1.64,1.81,182.0,1095.0,0.6369665209960937,False,PUT,2026-03-20,LRCX
LRCX260320P00180000,180.0,2.01,1.83,2.19,65.0,6256.0,0.6174354663085939,False,PUT,2026-03-20,LRCX
LRCX260320P00185000,185.0,2.48,2.22,2.82,37.0,906.0,0.6108437353515627,False,PUT,2026-03-20,LRCX
LRCX260320P00190000,190.0,2.98,2.71,3.1,114.0,1719.0,0.5908244042968751,False,PUT,2026-03-20,LRCX
LRCX260320P00195000,195.0,3.6,3.3,3.6,91.0,645.0,0.5766643896484375,False,PUT,2026-03-20,LRCX
LRCX260320P00200000,200.0,4.25,4.05,4.5,148.0,41156.0,0.5720257641601563,False,PUT,2026-03-20,LRCX
LRCX260320P00210000,210.0,6.37,6.0,6.6,240.0,1360.0,0.5604902349853516,False,PUT,2026-03-20,LRCX
LRCX260320P00220000,220.0,9.27,9.05,9.3,437.0,1215.0,0.5564009204101563,False,PUT,2026-03-20,LRCX
LRCX260320P00230000,230.0,12.85,12.75,12.95,185.0,725.0,0.5534102276611328,False,PUT,2026-03-20,LRCX
LRCX260320P00240000,240.0,17.45,17.5,17.8,143.0,550.0,0.5595136822509765,False,PUT,2026-03-20,LRCX
LRCX260320P00250000,250.0,22.5,22.8,23.65,59.0,19.0,0.5646405841064455,True,PUT,2026-03-20,LRCX
LRCX260320P00270000,270.0,40.43,34.3,37.0,64.0,43.0,0.5496260858154298,True,PUT,2026-03-20,LRCX
LRCX260320P00280000,280.0,48.6,41.75,44.0,2.0,2.0,0.542668147583008,True,PUT,2026-03-20,LRCX
LRCX260320P00290000,290.0,56.75,49.55,52.0,2.0,14.0,0.5394333166503908,True,PUT,2026-03-20,LRCX
LRCX260618C00175000,175.0,74.57,79.7,82.4,9.0,1675.0,0.6882965740966798,True,CALL,2026-06-18,LRCX
LRCX260618C00180000,180.0,74.93,75.75,78.55,47.0,428.0,0.6788972540283205,True,CALL,2026-06-18,LRCX
LRCX260618C00185000,185.0,77.46,72.05,74.85,10.0,530.0,0.6725801785278321,True,CALL,2026-06-18,LRCX
LRCX260618C00190000,190.0,67.32,68.45,71.25,13.0,534.0,0.6665682757568361,True,CALL,2026-06-18,LRCX
LRCX260618C00195000,195.0,66.5,66.15,67.1,2.0,330.0,0.6668429312133791,True,CALL,2026-06-18,LRCX
LRCX260618C00200000,200.0,58.43,62.8,64.15,26.0,1393.0,0.6662020684814456,True,CALL,2026-06-18,LRCX
LRCX260618C00210000,210.0,54.6,56.25,57.7,14.0,1100.0,0.6544834356689455,True,CALL,2026-06-18,LRCX
LRCX260618C00220000,220.0,49.4,49.95,52.05,112.0,2724.0,0.6454198056030273,True,CALL,2026-06-18,LRCX
LRCX260618C00230000,230.0,45.23,44.85,45.7,90.0,1079.0,0.6337927246093751,True,CALL,2026-06-18,LRCX
LRCX260618C00240000,240.0,40.2,39.35,40.35,147.0,1902.0,0.620670297241211,True,CALL,2026-06-18,LRCX
LRCX260618C00250000,250.0,35.35,35.35,36.05,285.0,949.0,0.622348747253418,False,CALL,2026-06-18,LRCX
LRCX260618C00260000,260.0,31.2,30.55,31.45,493.0,2786.0,0.6083413189697267,False,CALL,2026-06-18,LRCX
LRCX260618C00270000,270.0,27.35,26.5,27.8,49.0,505.0,0.602115795288086,False,CALL,2026-06-18,LRCX
LRCX260618C00280000,280.0,23.32,23.3,24.95,44.0,322.0,0.6036111416625979,False,CALL,2026-06-18,LRCX
LRCX260618C00290000,290.0,21.19,19.2,21.5,10.0,845.0,0.5867961242675781,False,CALL,2026-06-18,LRCX
LRCX260618C00300000,300.0,18.04,17.95,19.0,386.0,405.0,0.5970499279785157,False,CALL,2026-06-18,LRCX
LRCX260618C00310000,310.0,14.85,15.85,16.9,91.0,311.0,0.5988809643554689,False,CALL,2026-06-18,LRCX
LRCX260618P00175000,175.0,8.4,7.8,8.8,8.0,347.0,0.6208534008789064,False,PUT,2026-06-18,LRCX
LRCX260618P00180000,180.0,9.05,8.85,10.0,25.0,2248.0,0.6162147753906251,False,PUT,2026-06-18,LRCX
LRCX260618P00185000,185.0,10.6,10.0,10.55,123.0,413.0,0.6021768298339845,False,PUT,2026-06-18,LRCX
LRCX260618P00190000,190.0,12.1,11.35,12.0,199.0,453.0,0.6000406207275393,False,PUT,2026-06-18,LRCX
LRCX260618P00195000,195.0,13.85,12.95,13.45,124.0,1550.0,0.5982095843505859,False,PUT,2026-06-18,LRCX
LRCX260618P00200000,200.0,14.85,14.55,15.1,109.0,1092.0,0.595981823425293,False,PUT,2026-06-18,LRCX
LRCX260618P00210000,210.0,18.95,18.1,18.8,165.0,842.0,0.5921061297607424,False,PUT,2026-06-18,LRCX
LRCX260618P00220000,220.0,23.49,22.15,22.55,175.0,2074.0,0.5846293978881835,False,PUT,2026-06-18,LRCX
LRCX260618P00230000,230.0,27.9,26.3,26.7,506.0,1197.0,0.5737042141723633,False,PUT,2026-06-18,LRCX
LRCX260618P00240000,240.0,32.5,31.1,31.85,184.0,330.0,0.5694317959594727,False,PUT,2026-06-18,LRCX
LRCX260618P00250000,250.0,36.55,36.35,36.9,444.0,120.0,0.56055126953125,True,PUT,2026-06-18,LRCX
LRCX260618P00260000,260.0,43.9,42.0,43.65,8.0,112.0,0.5618635122680665,True,PUT,2026-06-18,LRCX
LRCX260618P00270000,270.0,48.75,47.45,49.95,5.0,189.0,0.5509688458251953,True,PUT,2026-06-18,LRCX
LRCX260618P00280000,280.0,59.3,54.3,56.6,4.0,35.0,0.547978153076172,True,PUT,2026-06-18,LRCX
LRCX260618P00290000,290.0,77.35,61.15,63.3,31.0,11.0,0.5390365921020509,True,PUT,2026-06-18,LRCX
LRCX260618P00300000,300.0,89.8,68.45,70.95,1.0,21.0,0.5361984857177735,True,PUT,2026-06-18,LRCX
LRCX260618P00310000,310.0,105.6,75.75,78.4,,1.0,0.5254869229125977,True,PUT,2026-06-18,LRCX
LRCX260918C00175000,175.0,82.0,86.6,89.4,7.0,136.0,0.6741670767211917,True,CALL,2026-09-18,LRCX
LRCX260918C00180000,180.0,80.71,83.0,85.95,1.0,470.0,0.6673006903076173,True,CALL,2026-09-18,LRCX
LRCX260918C00185000,185.0,77.05,79.7,82.65,3.0,181.0,0.6632113757324221,True,CALL,2026-09-18,LRCX
LRCX260918C00190000,190.0,79.3,76.4,79.15,5.0,659.0,0.6561008511352541,True,CALL,2026-09-18,LRCX
LRCX260918C00195000,195.0,67.0,73.35,76.05,1.0,214.0,0.6532017102050782,True,CALL,2026-09-18,LRCX
LRCX260918C00200000,200.0,68.52,70.2,73.05,282.0,521.0,0.6489598092651367,True,CALL,2026-09-18,LRCX
LRCX260918C00210000,210.0,65.7,64.4,67.2,13.0,474.0,0.6418187673950196,True,CALL,2026-09-18,LRCX
LRCX260918C00220000,220.0,56.55,58.85,61.85,19.0,279.0,0.6354711746215821,True,CALL,2026-09-18,LRCX
LRCX260918C00230000,230.0,53.95,53.8,56.2,36.0,253.0,0.626102371826172,True,CALL,2026-09-18,LRCX
LRCX260918C00240000,240.0,51.75,49.1,51.65,47.0,425.0,0.6224402990722657,True,CALL,2026-09-18,LRCX
LRCX260918C00250000,250.0,45.64,44.75,47.0,32.0,305.0,0.6162758099365235,False,CALL,2026-09-18,LRCX
LRCX260918C00260000,260.0,40.04,40.4,42.85,12.0,446.0,0.6095620098876955,False,CALL,2026-09-18,LRCX
LRCX260918C00270000,270.0,37.63,36.5,39.0,30.0,158.0,0.603992607574463,False,CALL,2026-09-18,LRCX
LRCX260918C00280000,280.0,32.92,33.05,35.35,506.0,962.0,0.5990640679931643,False,CALL,2026-09-18,LRCX
LRCX260918C00290000,290.0,30.7,30.7,32.3,3.0,130.0,0.6016885534667971,False,CALL,2026-09-18,LRCX
LRCX260918C00300000,300.0,28.7,28.15,29.1,23.0,76.0,0.5989725161743166,False,CALL,2026-09-18,LRCX
LRCX260918C00310000,310.0,24.95,24.35,26.7,1.0,175.0,0.59024457611084,False,CALL,2026-09-18,LRCX
LRCX260918P00175000,175.0,13.75,12.85,14.2,1.0,284.0,0.5935404415893556,False,PUT,2026-09-18,LRCX
LRCX260918P00180000,180.0,15.1,14.45,16.3,4.0,140.0,0.5975382043457032,False,PUT,2026-09-18,LRCX
LRCX260918P00185000,185.0,20.25,15.85,18.25,5.0,140.0,0.5960428579711915,False,PUT,2026-09-18,LRCX
LRCX260918P00190000,190.0,18.7,17.65,19.35,11.0,154.0,0.5889628506469727,False,PUT,2026-09-18,LRCX
LRCX260918P00195000,195.0,20.29,19.25,21.85,1.0,243.0,0.5906413006591797,False,PUT,2026-09-18,LRCX
LRCX260918P00200000,200.0,21.7,21.2,22.5,17.0,227.0,0.57852594329834,False,PUT,2026-09-18,LRCX
LRCX260918P00210000,210.0,26.05,25.15,27.0,3.0,702.0,0.5762981823730469,False,PUT,2026-09-18,LRCX
LRCX260918P00220000,220.0,31.55,29.45,32.0,1.0,63.0,0.5745586978149414,False,PUT,2026-09-18,LRCX
LRCX260918P00230000,230.0,36.15,33.95,36.45,17.0,545.0,0.5651441191101074,False,PUT,2026-09-18,LRCX
LRCX260918P00240000,240.0,40.6,39.1,41.7,5.0,101.0,0.56094799407959,False,PUT,2026-09-18,LRCX
LRCX260918P00250000,250.0,45.97,44.65,47.05,7.0,271.0,0.5554396263122559,True,PUT,2026-09-18,LRCX
LRCX260918P00260000,260.0,52.0,50.0,52.8,1.0,60.0,0.5469558244323731,True,PUT,2026-09-18,LRCX
LRCX260918P00270000,270.0,69.8,56.8,58.9,,40.0,0.5458877198791505,True,PUT,2026-09-18,LRCX
LRCX260918P00280000,280.0,76.6,62.5,64.65,,12.0,0.5315598602294922,True,PUT,2026-09-18,LRCX
LRCX260918P00290000,290.0,70.95,69.55,72.1,2.0,122.0,0.5329941720581054,True,PUT,2026-09-18,LRCX
LRCX260918P00300000,300.0,81.42,76.5,78.95,2.0,32.0,0.5263108892822266,True,PUT,2026-09-18,LRCX
LRCX261218C00175000,175.0,93.3,92.1,95.2,6.0,82.0,0.6613803393554689,True,CALL,2026-12-18,LRCX
LRCX261218C00180000,180.0,89.9,88.95,91.8,1.0,454.0,0.6559177474975587,True,CALL,2026-12-18,LRCX
LRCX261218C00185000,185.0,76.2,85.85,88.75,2.0,290.0,0.6524387783813478,True,CALL,2026-12-18,LRCX
LRCX261218C00190000,190.0,78.01,82.65,85.65,1.0,180.0,0.6469456692504882,True,CALL,2026-12-18,LRCX
LRCX261218C00195000,195.0,80.0,79.85,82.8,2.0,155.0,0.6450230810546875,True,CALL,2026-12-18,LRCX
LRCX261218C00200000,200.0,75.9,76.65,78.6,6.0,323.0,0.6304663418579101,True,CALL,2026-12-18,LRCX
LRCX261218C00210000,210.0,71.1,71.1,74.45,20.0,128.0,0.6326330682373047,True,CALL,2026-12-18,LRCX
LRCX261218C00220000,220.0,66.0,66.25,68.1,16.0,238.0,0.6216468499755861,True,CALL,2026-12-18,LRCX
LRCX261218C00230000,230.0,60.11,61.25,64.0,27.0,219.0,0.6201515036010744,True,CALL,2026-12-18,LRCX
LRCX261218C00240000,240.0,56.82,57.05,58.7,10.0,514.0,0.6131325308227541,True,CALL,2026-12-18,LRCX
LRCX261218C00250000,250.0,54.65,53.3,54.2,6.0,85.0,0.6103249417114259,False,CALL,2026-12-18,LRCX
LRCX261218C00260000,260.0,48.29,48.85,50.85,4.0,74.0,0.6071816625976563,False,CALL,2026-12-18,LRCX
LRCX261218C00270000,270.0,43.0,44.55,47.45,75.0,116.0,0.6019326916503909,False,CALL,2026-12-18,LRCX
LRCX261218C00280000,280.0,41.4,41.2,44.5,22.0,103.0,0.6018411398315432,False,CALL,2026-12-18,LRCX
LRCX261218C00290000,290.0,39.6,39.1,41.25,6.0,364.0,0.6044961425781252,False,CALL,2026-12-18,LRCX
LRCX261218C00300000,300.0,36.01,36.15,38.9,8.0,419.0,0.6051980398559572,False,CALL,2026-12-18,LRCX
LRCX261218C00310000,310.0,33.5,32.2,36.05,3.0,91.0,0.5956461334228516,False,CALL,2026-12-18,LRCX
LRCX261218P00175000,175.0,17.75,17.0,19.85,1.0,34.0,0.584263190612793,False,PUT,2026-12-18,LRCX
LRCX261218P00180000,180.0,20.0,18.75,20.45,1.0,64.0,0.5733074896240236,False,PUT,2026-12-18,LRCX
LRCX261218P00185000,185.0,21.35,20.4,23.55,1.0,10.0,0.5795635305786133,False,PUT,2026-12-18,LRCX
LRCX261218P00190000,190.0,28.4,22.45,25.35,2.0,291.0,0.5775493905639649,False,PUT,2026-12-18,LRCX
LRCX261218P00195000,195.0,25.3,24.3,27.25,1.0,4.0,0.5737042141723633,False,PUT,2026-12-18,LRCX
LRCX261218P00200000,200.0,27.98,26.35,29.2,4.0,22.0,0.5704999005126954,False,PUT,2026-12-18,LRCX
LRCX261218P00210000,210.0,32.4,30.2,32.1,3.0,299.0,0.5532271240234375,False,PUT,2026-12-18,LRCX
LRCX261218P00220000,220.0,37.07,34.5,38.0,4.0,73.0,0.554112124938965,False,PUT,2026-12-18,LRCX
LRCX261218P00230000,230.0,41.33,39.75,42.75,29.0,86.0,0.5497023789978028,False,PUT,2026-12-18,LRCX
LRCX261218P00240000,240.0,46.95,45.25,48.0,42.0,90.0,0.5460555648803712,False,PUT,2026-12-18,LRCX
LRCX261218P00250000,250.0,52.16,49.95,53.5,2.0,6.0,0.5360458993530274,True,PUT,2026-12-18,LRCX
LRCX261218P00260000,260.0,59.95,55.75,59.5,2.0,22.0,0.531803998413086,True,PUT,2026-12-18,LRCX
LRCX261218P00270000,270.0,65.75,61.85,65.45,1.0,85.0,0.5258989060974122,True,PUT,2026-12-18,LRCX
LRCX261218P00280000,280.0,82.95,68.5,71.9,70.0,80.0,0.5228014028930664,True,PUT,2026-12-18,LRCX
LRCX261218P00290000,290.0,90.55,74.85,78.35,,50.0,0.5153094123840332,True,PUT,2026-12-18,LRCX
LRCX261218P00300000,300.0,87.2,82.45,85.25,1.0,1.0,0.5144396701049804,True,PUT,2026-12-18,LRCX
LRCX270115C00175000,175.0,89.65,93.6,96.75,1.0,390.0,0.6572910247802735,True,CALL,2027-01-15,LRCX
LRCX270115C00180000,180.0,87.65,90.5,93.5,6.0,566.0,0.6526829165649416,True,CALL,2027-01-15,LRCX
LRCX270115C00185000,185.0,82.0,87.25,90.5,2.0,117.0,0.6478917047119142,True,CALL,2027-01-15,LRCX
LRCX270115C00190000,190.0,86.9,84.25,87.65,1.0,658.0,0.6449620465087891,True,CALL,2027-01-15,LRCX
LRCX270115C00195000,195.0,81.27,81.5,84.75,3.0,353.0,0.642429112854004,True,CALL,2027-01-15,LRCX
LRCX270115C00200000,200.0,78.4,78.6,81.85,5.0,428.0,0.6380651428222657,True,CALL,2027-01-15,LRCX
LRCX270115C00210000,210.0,69.05,73.05,76.4,18.0,394.0,0.6306799627685546,True,CALL,2027-01-15,LRCX
LRCX270115C00220000,220.0,68.65,68.1,71.4,3.0,451.0,0.6264838377380373,True,CALL,2027-01-15,LRCX
LRCX270115C00230000,230.0,64.53,63.45,66.4,32.0,411.0,0.6209754699707033,True,CALL,2027-01-15,LRCX
LRCX270115C00240000,240.0,60.3,58.75,62.2,50.0,349.0,0.6168251208496094,True,CALL,2027-01-15,LRCX
LRCX270115C00250000,250.0,56.05,54.6,57.05,81.0,540.0,0.6078835598754884,False,CALL,2027-01-15,LRCX
LRCX270115C00260000,260.0,48.39,50.5,53.45,7.0,664.0,0.6050454534912111,False,CALL,2027-01-15,LRCX
LRCX270115C00270000,270.0,44.28,46.85,50.0,20.0,291.0,0.6029245030212405,False,CALL,2027-01-15,LRCX
LRCX270115C00280000,280.0,47.37,43.35,46.5,1.0,141.0,0.5990182920837404,False,CALL,2027-01-15,LRCX
LRCX270115C00290000,290.0,40.92,40.1,42.9,5.0,147.0,0.5937235452270508,False,CALL,2027-01-15,LRCX
LRCX270115C00300000,300.0,39.12,38.05,39.65,14.0,247.0,0.5944407011413575,False,CALL,2027-01-15,LRCX
LRCX270115C00310000,310.0,33.0,34.5,36.7,1.0,80.0,0.586918193359375,False,CALL,2027-01-15,LRCX
LRCX270115P00175000,175.0,20.1,17.8,21.3,13.0,391.0,0.577854563293457,False,PUT,2027-01-15,LRCX
LRCX270115P00180000,180.0,20.87,20.0,22.0,12.0,172.0,0.57071352142334,False,PUT,2027-01-15,LRCX
LRCX270115P00185000,185.0,22.77,21.9,24.4,1.0,146.0,0.5726971441650393,False,PUT,2027-01-15,LRCX
LRCX270115P00190000,190.0,25.0,23.65,26.5,1.0,326.0,0.5701947277832031,False,PUT,2027-01-15,LRCX
LRCX270115P00195000,195.0,26.85,25.45,28.05,3.0,28.0,0.563328341369629,False,PUT,2027-01-15,LRCX
LRCX270115P00200000,200.0,28.5,27.25,29.7,9.0,439.0,0.5563398858642579,False,PUT,2027-01-15,LRCX
LRCX270115P00210000,210.0,32.05,31.85,34.9,13.0,91.0,0.5578352322387696,False,PUT,2027-01-15,LRCX
LRCX270115P00220000,220.0,38.31,36.4,39.5,15.0,139.0,0.5513960876464845,False,PUT,2027-01-15,LRCX
LRCX270115P00230000,230.0,43.38,41.0,44.5,5.0,70.0,0.5442092698669434,False,PUT,2027-01-15,LRCX
LRCX270115P00240000,240.0,49.03,46.7,49.7,2.0,81.0,0.5410659907531741,False,PUT,2027-01-15,LRCX
LRCX270115P00250000,250.0,53.54,51.5,54.85,34.0,6.0,0.5297440824890138,True,PUT,2027-01-15,LRCX
LRCX270115P00260000,260.0,61.45,57.2,61.0,3.0,10.0,0.5257310610961915,True,PUT,2027-01-15,LRCX
LRCX270115P00280000,280.0,73.9,69.8,73.5,1.0,2.0,0.516682689666748,True,PUT,2027-01-15,LRCX
LRCX270115P00290000,290.0,89.5,76.45,79.8,2.0,3.0,0.5103503555297851,True,PUT,2027-01-15,LRCX
LRCX270115P00300000,300.0,87.13,83.9,86.7,1.0,7.0,0.5088550091552735,True,PUT,2027-01-15,LRCX
LRCX270115P00310000,310.0,104.5,90.55,93.8,,1.0,0.5018360363769532,True,PUT,2027-01-15,LRCX
LRCX270617C00180000,180.0,95.73,98.5,102.05,1.0,2.0,0.6433446310424805,True,CALL,2027-06-17,LRCX
LRCX270617C00185000,185.0,100.15,96.0,99.5,5.0,5.0,0.6433446310424805,True,CALL,2027-06-17,LRCX
LRCX270617C00195000,195.0,91.5,90.5,93.5,2.0,6.0,0.6333654827880859,True,CALL,2027-06-17,LRCX
LRCX270617C00200000,200.0,87.25,88.0,91.05,2.0,10.0,0.6319006536865235,True,CALL,2027-06-17,LRCX
LRCX270617C00210000,210.0,83.0,83.0,85.8,21.0,59.0,0.6253089227294923,True,CALL,2027-06-17,LRCX
LRCX270617C00220000,220.0,79.8,78.0,81.0,32.0,40.0,0.6189002954101563,True,CALL,2027-06-17,LRCX
LRCX270617C00230000,230.0,72.77,73.5,76.5,17.0,30.0,0.6144142562866212,True,CALL,2027-06-17,LRCX
LRCX270617C00240000,240.0,66.0,69.0,72.25,13.0,32.0,0.6091652853393555,True,CALL,2027-06-17,LRCX
LRCX270617C00250000,250.0,64.31,65.0,68.15,13.0,20.0,0.6051064880371095,False,CALL,2027-06-17,LRCX
LRCX270617C00260000,260.0,61.0,61.5,64.35,5.0,1.0,0.6029397616577151,False,CALL,2027-06-17,LRCX
LRCX270617C00270000,270.0,55.35,58.0,60.95,1.0,6.0,0.6008645870971682,False,CALL,2027-06-17,LRCX
LRCX270617C00290000,290.0,47.02,51.0,54.45,2.0,3.0,0.5933725965881349,False,CALL,2027-06-17,LRCX
LRCX270617P00180000,180.0,26.65,25.5,29.0,1.0,373.0,0.5522200540161133,False,PUT,2027-06-17,LRCX
LRCX270617P00185000,185.0,29.45,27.5,31.5,1.0,12.0,0.5523573817443848,False,PUT,2027-06-17,LRCX
LRCX270617P00190000,190.0,34.45,30.0,33.5,,2.0,0.5515486740112305,False,PUT,2027-06-17,LRCX
LRCX270617P00210000,210.0,40.83,38.45,42.5,1.0,58.0,0.5378769357299805,False,PUT,2027-06-17,LRCX
LRCX280121C00175000,175.0,114.81,111.5,115.0,1.0,325.0,0.6433446310424805,True,CALL,2028-01-21,LRCX
LRCX280121C00180000,180.0,106.99,109.0,112.0,261.0,495.0,0.6389806610107422,True,CALL,2028-01-21,LRCX
LRCX280121C00185000,185.0,102.73,106.5,110.0,261.0,273.0,0.6390722128295899,True,CALL,2028-01-21,LRCX
LRCX280121C00190000,190.0,101.89,104.0,107.5,260.0,418.0,0.636218847808838,True,CALL,2028-01-21,LRCX
LRCX280121C00195000,195.0,99.49,101.5,104.5,260.0,323.0,0.6306341868591308,True,CALL,2028-01-21,LRCX
LRCX280121C00200000,200.0,101.4,99.25,102.55,50.0,379.0,0.6306799627685546,True,CALL,2028-01-21,LRCX
LRCX280121C00210000,210.0,91.56,94.5,98.0,3.0,185.0,0.6253852159118654,True,CALL,2028-01-21,LRCX
LRCX280121C00220000,220.0,92.0,90.0,93.3,2.0,230.0,0.6190833990478517,True,CALL,2028-01-21,LRCX
LRCX280121C00230000,230.0,86.13,86.25,88.65,16.0,502.0,0.6148109808349609,True,CALL,2028-01-21,LRCX
LRCX280121C00240000,240.0,81.58,82.0,85.5,23.0,211.0,0.6132851171875001,True,CALL,2028-01-21,LRCX
LRCX280121C00250000,250.0,80.35,78.0,81.5,44.0,53.0,0.608051404876709,False,CALL,2028-01-21,LRCX
LRCX280121C00260000,260.0,74.5,74.5,77.8,10.0,369.0,0.6048165739440918,False,CALL,2028-01-21,LRCX
LRCX280121C00270000,270.0,72.8,71.65,74.6,16.0,35.0,0.6048470912170412,False,CALL,2028-01-21,LRCX
LRCX280121C00280000,280.0,66.52,68.0,71.55,7.0,14.0,0.6012918289184571,False,CALL,2028-01-21,LRCX
LRCX280121C00290000,290.0,67.0,65.0,68.0,1.0,46.0,0.5973398420715332,False,CALL,2028-01-21,LRCX
LRCX280121C00300000,300.0,62.07,62.0,64.9,5.0,82.0,0.5941050111389161,False,CALL,2028-01-21,LRCX
LRCX280121C00310000,310.0,57.11,59.0,62.35,1.0,23.0,0.59199931930542,False,CALL,2028-01-21,LRCX
LRCX280121P00175000,175.0,32.2,30.75,34.1,11.0,25.0,0.5368698657226563,False,PUT,2028-01-21,LRCX
LRCX280121P00180000,180.0,34.6,32.5,36.5,1.0,8.0,0.5336655520629883,False,PUT,2028-01-21,LRCX
LRCX280121P00185000,185.0,40.1,35.0,39.0,1.0,32.0,0.5340317593383789,False,PUT,2028-01-21,LRCX
LRCX280121P00190000,190.0,38.8,37.5,41.0,1.0,6.0,0.5313614979553223,False,PUT,2028-01-21,LRCX
LRCX280121P00195000,195.0,48.32,39.5,43.5,1.0,4.0,0.528172442932129,False,PUT,2028-01-21,LRCX
LRCX280121P00200000,200.0,42.91,42.0,45.45,3.0,728.0,0.5242967492675781,False,PUT,2028-01-21,LRCX
LRCX280121P00210000,210.0,49.31,46.45,50.5,1.0,9.0,0.5178881219482423,False,PUT,2028-01-21,LRCX
LRCX280121P00220000,220.0,52.78,52.45,55.5,1.0,16.0,0.5160418269348146,False,PUT,2028-01-21,LRCX
LRCX280121P00230000,230.0,62.35,56.9,61.0,1.0,52.0,0.5081225946044923,False,PUT,2028-01-21,LRCX
LRCX280121P00240000,240.0,65.03,62.5,66.5,5.0,13.0,0.5033008654785156,False,PUT,2028-01-21,LRCX
LRCX280121P00260000,260.0,96.2,75.0,78.5,3.0,3.0,0.5111590632629395,True,PUT,2028-01-21,LRCX
LRCX280121P00280000,280.0,96.35,87.0,91.0,,1.0,0.501805519104004,True,PUT,2028-01-21,LRCX
LTM260220C00050000,50.0,8.02,14.5,16.2,1.0,1.0,0.6367223828125,True,CALL,2026-02-20,LTM
LTM260220C00055000,55.0,10.2,9.6,11.3,3.0,5.0,0.75195560546875,True,CALL,2026-02-20,LTM
LTM260220C00060000,60.0,7.1,5.6,6.4,2.0,19.0,0.5063525927734375,True,CALL,2026-02-20,LTM
LTM260220C00065000,65.0,2.77,2.05,2.95,1.0,5.0,0.43994700683593746,True,CALL,2026-02-20,LTM
LTM260220C00070000,70.0,0.75,0.55,1.1,33.0,19.0,0.428716650390625,False,CALL,2026-02-20,LTM
LTM260220P00050000,50.0,1.0,0.0,1.15,,10.0,0.831056376953125,False,PUT,2026-02-20,LTM
LTM260220P00060000,60.0,2.0,0.0,1.6,1.0,4.0,0.5766643896484375,False,PUT,2026-02-20,LTM
LTM260320C00050000,50.0,16.0,15.0,16.1,3.0,239.0,0.5029346582031251,True,CALL,2026-03-20,LTM
LTM260320C00055000,55.0,11.71,10.0,11.5,19.0,486.0,0.5376022802734376,True,CALL,2026-03-20,LTM
LTM260320C00060000,60.0,5.2,6.1,7.5,1.0,47.0,0.477544287109375,True,CALL,2026-03-20,LTM
LTM260320C00065000,65.0,4.2,2.95,4.3,8.0,12.0,0.43494217407226565,True,CALL,2026-03-20,LTM
LTM260320C00070000,70.0,2.2,0.7,2.9,100.0,109.0,0.49170430175781255,False,CALL,2026-03-20,LTM
LTM260320C00075000,75.0,0.2,0.05,1.85,,1.0,0.5185595019531251,False,CALL,2026-03-20,LTM
LTM260320P00050000,50.0,0.25,0.2,0.75,1.0,38.0,0.5302781347656251,False,PUT,2026-03-20,LTM
LTM260320P00055000,55.0,0.64,0.35,2.05,1.0,19.0,0.5158739819335938,False,PUT,2026-03-20,LTM
LTM260320P00060000,60.0,15.9,10.5,13.3,2.0,25.0,1.5585959570312498,False,PUT,2026-03-20,LTM
LTM260618C00050000,50.0,13.1,15.3,17.8,1.0,74.0,0.5695843823242188,True,CALL,2026-06-18,LTM
LTM260618C00055000,55.0,13.7,11.3,14.3,10.0,212.0,0.5570112658691408,True,CALL,2026-06-18,LTM
LTM260618C00060000,60.0,8.2,7.9,10.7,3.0,11.0,0.5080615600585938,True,CALL,2026-06-18,LTM
LTM260618C00065000,65.0,6.5,5.0,7.3,1.0,346.0,0.44861391235351555,True,CALL,2026-06-18,LTM
LTM260618P00050000,50.0,4.7,0.0,3.5,2.0,10.0,0.6491734301757812,False,PUT,2026-06-18,LTM
LTM260618P00055000,55.0,4.1,0.95,4.3,1.0,627.0,0.5698285205078125,False,PUT,2026-06-18,LTM
LTM260618P00060000,60.0,3.7,2.85,4.4,150.0,267.0,0.43115803222656257,False,PUT,2026-06-18,LTM
LTM260618P00065000,65.0,17.9,8.2,11.5,2.0,2.0,0.619388571777344,False,PUT,2026-06-18,LTM
LTM260918C00070000,70.0,8.0,4.6,6.9,3.0,12.0,0.4252376812744141,False,CALL,2026-09-18,LTM
LTM260918C00075000,75.0,3.75,2.55,6.3,4.0,7.0,0.473210834350586,False,CALL,2026-09-18,LTM
LTM260918P00065000,65.0,10.1,6.1,9.6,,1.0,0.46960979614257814,False,PUT,2026-09-18,LTM
LTM260918P00070000,70.0,13.2,8.5,12.4,,4.0,0.45752495605468757,True,PUT,2026-09-18,LTM
LTM261120C00055000,55.0,10.2,13.5,17.0,,6.0,0.524418818359375,True,CALL,2026-11-20,LTM
LTM261120C00060000,60.0,10.92,10.3,13.9,350.0,381.0,0.49927258544921876,True,CALL,2026-11-20,LTM
LTM261120C00065000,65.0,10.7,9.8,10.3,18.0,219.0,0.43970286865234376,True,CALL,2026-11-20,LTM
LTM261120C00070000,70.0,7.8,5.6,8.4,1.0,272.0,0.44135080139160154,False,CALL,2026-11-20,LTM
LTM261120C00075000,75.0,3.2,3.6,7.0,12.0,42.0,0.45013977600097654,False,CALL,2026-11-20,LTM
LTM261120C00080000,80.0,4.0,2.35,5.8,1.0,21.0,0.455632885131836,False,CALL,2026-11-20,LTM
LTM261120P00050000,50.0,2.75,2.0,5.1,10.0,240.0,0.5437057348632813,False,PUT,2026-11-20,LTM
LTM261120P00055000,55.0,4.21,3.1,6.4,10.0,200.0,0.5024463818359376,False,PUT,2026-11-20,LTM
LTM261120P00075000,75.0,14.74,12.0,16.4,4.0,2.0,0.43158527404785163,True,PUT,2026-11-20,LTM
LULU260130C00125000,125.0,67.88,44.9,53.45,6.0,1.0,3.076174184570312,True,CALL,2026-01-30,LULU
LULU260130C00130000,130.0,45.3,41.25,48.35,2.0,1.0,3.113283466796875,True,CALL,2026-01-30,LULU
LULU260130C00135000,135.0,57.97,35.95,43.35,6.0,2.0,2.7275422436523433,True,CALL,2026-01-30,LULU
LULU260130C00140000,140.0,52.99,33.55,35.55,6.0,2.0,2.3789103027343748,True,CALL,2026-01-30,LULU
LULU260130C00145000,145.0,44.92,28.35,30.35,,1.0,1.9975586059570314,True,CALL,2026-01-30,LULU
LULU260130C00150000,150.0,39.97,23.15,26.2,1.0,2.0,1.834961762695312,True,CALL,2026-01-30,LULU
LULU260130C00155000,155.0,31.71,18.25,20.55,2.0,1.0,1.4428738793945315,True,CALL,2026-01-30,LULU
LULU260130C00160000,160.0,27.96,13.65,14.65,2.0,2.0,1.070805427246094,True,CALL,2026-01-30,LULU
LULU260130C00165000,165.0,29.17,8.65,12.3,2.0,3.0,1.1157270776367185,True,CALL,2026-01-30,LULU
LULU260130C00170000,170.0,5.0,4.05,6.5,4.0,4.0,0.70312796875,True,CALL,2026-01-30,LULU
LULU260130C00175000,175.0,1.65,1.52,1.91,91.0,15.0,0.5026905200195313,False,CALL,2026-01-30,LULU
LULU260130C00180000,180.0,0.47,0.32,0.63,349.0,217.0,0.5493209130859377,False,CALL,2026-01-30,LULU
LULU260130C00182500,182.5,0.2,0.15,0.28,919.0,93.0,0.5302781347656251,False,CALL,2026-01-30,LULU
LULU260130C00185000,185.0,0.13,0.08,0.25,296.0,804.0,0.5585981640625001,False,CALL,2026-01-30,LULU
LULU260130C00187500,187.5,0.15,0.0,0.32,146.0,331.0,0.6425816992187501,False,CALL,2026-01-30,LULU
LULU260130C00190000,190.0,0.07,0.05,0.07,63.0,491.0,0.6132851171875001,False,CALL,2026-01-30,LULU
LULU260130C00192500,192.5,0.06,0.04,0.08,19.0,170.0,0.6875031250000001,False,CALL,2026-01-30,LULU
LULU260130C00195000,195.0,0.03,0.02,0.05,49.0,468.0,0.70312796875,False,CALL,2026-01-30,LULU
LULU260130C00197500,197.5,0.04,0.01,0.14,7.0,351.0,0.851563984375,False,CALL,2026-01-30,LULU
LULU260130C00200000,200.0,0.03,0.01,0.03,38.0,1060.0,0.773439765625,False,CALL,2026-01-30,LULU
LULU260130C00202500,202.5,0.02,0.02,0.05,36.0,394.0,0.8906260937499999,False,CALL,2026-01-30,LULU
LULU260130C00205000,205.0,0.02,0.01,0.05,18.0,1020.0,0.929688203125,False,CALL,2026-01-30,LULU
LULU260130C00207500,207.5,0.03,0.01,0.03,8.0,556.0,0.945313046875,False,CALL,2026-01-30,LULU
LULU260130C00210000,210.0,0.02,0.0,0.05,4.0,654.0,1.0312548437500002,False,CALL,2026-01-30,LULU
LULU260130C00212500,212.5,0.02,0.01,0.05,11.0,328.0,1.1015669921875002,False,CALL,2026-01-30,LULU
LULU260130C00215000,215.0,0.01,0.01,0.04,8.0,483.0,1.140629296875,False,CALL,2026-01-30,LULU
LULU260130C00217500,217.5,0.08,0.0,0.56,1.0,48.0,1.650392373046875,False,CALL,2026-01-30,LULU
LULU260130C00220000,220.0,0.01,0.0,0.15,20.0,570.0,1.4140654296875002,False,CALL,2026-01-30,LULU
LULU260130C00222500,222.5,0.36,0.0,0.53,1.0,13.0,1.765626171875,False,CALL,2026-01-30,LULU
LULU260130P00130000,130.0,0.03,0.0,0.55,37.0,47.0,2.0664110839843746,False,PUT,2026-01-30,LULU
LULU260130P00140000,140.0,0.02,0.0,4.3,1.0,51.0,2.6406283984375003,False,PUT,2026-01-30,LULU
LULU260130P00145000,145.0,0.02,0.0,4.3,1.0,6.0,2.3242229394531244,False,PUT,2026-01-30,LULU
LULU260130P00150000,150.0,0.01,0.0,3.65,6.0,25.0,1.8984380078125,False,PUT,2026-01-30,LULU
LULU260130P00155000,155.0,0.02,0.02,0.03,60.0,106.0,0.632816171875,False,PUT,2026-01-30,LULU
LULU260130P00160000,160.0,0.06,0.0,0.2,103.0,424.0,0.5839885351562499,False,PUT,2026-01-30,LULU
LULU260130P00165000,165.0,0.19,0.05,0.27,109.0,177.0,0.48828636718750007,False,PUT,2026-01-30,LULU
LULU260130P00167500,167.5,0.26,0.16,0.34,83.0,7.0,0.3969786865234375,False,PUT,2026-01-30,LULU
LULU260130P00170000,170.0,0.7,0.52,0.7,232.0,763.0,0.36084623535156246,False,PUT,2026-01-30,LULU
LULU260130P00172500,172.5,1.31,1.17,1.44,278.0,158.0,0.331061376953125,False,PUT,2026-01-30,LULU
LULU260130P00175000,175.0,2.45,2.24,2.45,319.0,1248.0,0.2368240380859375,True,PUT,2026-01-30,LULU
LULU260130P00177500,177.5,4.0,3.8,4.85,74.0,1377.0,0.34570966796874997,True,PUT,2026-01-30,LULU
LULU260130P00180000,180.0,5.65,5.6,6.6,359.0,876.0,1.0000000000000003e-05,True,PUT,2026-01-30,LULU
LULU260130P00182500,182.5,8.59,7.9,8.9,50.0,1577.0,1.0000000000000003e-05,True,PUT,2026-01-30,LULU
LULU260130P00185000,185.0,10.69,10.25,11.25,732.0,1748.0,1.0000000000000003e-05,True,PUT,2026-01-30,LULU
LULU260130P00187500,187.5,12.78,13.3,13.85,91.0,232.0,1.0000000000000003e-05,True,PUT,2026-01-30,LULU
LULU260130P00190000,190.0,15.97,14.25,17.35,46.0,567.0,0.867188828125,True,PUT,2026-01-30,LULU
LULU260130P00192500,192.5,17.59,17.3,18.8,96.0,423.0,1.0000000000000003e-05,True,PUT,2026-01-30,LULU
LULU260130P00195000,195.0,20.65,19.0,22.3,46.0,610.0,1.013676806640625,True,PUT,2026-01-30,LULU
LULU260130P00197500,197.5,22.05,21.9,24.75,3.0,448.0,1.0605515722656251,True,PUT,2026-01-30,LULU
LULU260130P00200000,200.0,25.0,24.3,27.15,9.0,678.0,1.05078599609375,True,PUT,2026-01-30,LULU
LULU260130P00202500,202.5,27.9,27.65,29.7,12.0,106.0,1.173832255859375,True,PUT,2026-01-30,LULU
LULU260130P00205000,205.0,30.0,28.0,32.55,31.0,159.0,1.5000025,True,PUT,2026-01-30,LULU
LULU260130P00207500,207.5,27.73,30.5,35.05,2.0,0.0,1.5810567822265622,True,PUT,2026-01-30,LULU
LULU260130P00210000,210.0,28.0,33.0,38.1,9.0,1.0,1.941894821777344,True,PUT,2026-01-30,LULU
LULU260130P00212500,212.5,21.3,35.45,40.6,2.0,0.0,2.026860401611328,True,PUT,2026-01-30,LULU
LULU260130P00215000,215.0,29.12,37.95,43.35,1.0,0.0,2.220707573242187,True,PUT,2026-01-30,LULU
LULU260130P00217500,217.5,24.03,39.95,48.0,60.0,0.0,3.0444359826660157,True,PUT,2026-01-30,LULU
LULU260130P00220000,220.0,26.94,42.45,47.7,1.0,0.0,2.0566454833984373,True,PUT,2026-01-30,LULU
LULU260206C00145000,145.0,49.2,28.2,32.35,,30.0,1.1125532653808592,True,CALL,2026-02-06,LULU
LULU260206C00165000,165.0,11.2,9.5,13.6,20.0,4.0,0.6423375610351563,True,CALL,2026-02-06,LULU
LULU260206C00170000,170.0,7.1,6.5,7.3,5.0,17.0,0.5268602001953125,True,CALL,2026-02-06,LULU
LULU260206C00175000,175.0,4.15,3.75,4.1,414.0,9.0,0.4611870288085938,False,CALL,2026-02-06,LULU
LULU260206C00180000,180.0,2.33,2.06,2.3,142.0,77.0,0.4558159887695313,False,CALL,2026-02-06,LULU
LULU260206C00182500,182.5,1.6,1.49,1.69,55.0,19.0,0.4567925415039063,False,CALL,2026-02-06,LULU
LULU260206C00185000,185.0,1.09,1.09,1.23,253.0,169.0,0.4592339233398438,False,CALL,2026-02-06,LULU
LULU260206C00187500,187.5,0.89,0.8,0.92,59.0,60.0,0.46802289794921875,False,CALL,2026-02-06,LULU
LULU260206C00190000,190.0,0.69,0.47,0.79,59.0,272.0,0.49609878906250005,False,CALL,2026-02-06,LULU
LULU260206C00192500,192.5,0.53,0.26,0.75,91.0,322.0,0.5361374511718751,False,CALL,2026-02-06,LULU
LULU260206C00195000,195.0,0.41,0.1,0.65,37.0,221.0,0.5607954077148438,False,CALL,2026-02-06,LULU
LULU260206C00197500,197.5,0.37,0.05,0.51,10.0,155.0,0.5019581054687501,False,CALL,2026-02-06,LULU
LULU260206C00200000,200.0,0.23,0.06,0.35,41.0,407.0,0.508793974609375,False,CALL,2026-02-06,LULU
LULU260206C00202500,202.5,0.29,0.11,0.74,8.0,144.0,0.6254920263671876,False,CALL,2026-02-06,LULU
LULU260206C00205000,205.0,0.22,0.16,0.25,152.0,625.0,0.57812921875,False,CALL,2026-02-06,LULU
LULU260206C00207500,207.5,0.19,0.0,0.72,1.0,47.0,0.676761044921875,False,CALL,2026-02-06,LULU
LULU260206C00210000,210.0,0.21,0.1,0.2,33.0,341.0,0.6123085644531252,False,CALL,2026-02-06,LULU
LULU260206C00212500,212.5,0.23,0.0,0.7,2.0,17.0,0.7421900781249999,False,CALL,2026-02-06,LULU
LULU260206C00215000,215.0,0.2,0.0,0.4,2.0,461.0,0.7050810742187501,False,CALL,2026-02-06,LULU
LULU260206C00217500,217.5,0.1,0.0,1.34,10.0,13.0,0.9184578466796876,False,CALL,2026-02-06,LULU
LULU260206C00220000,220.0,0.09,0.01,0.81,36.0,187.0,0.8652357226562499,False,CALL,2026-02-06,LULU
LULU260206P00130000,130.0,0.06,0.0,4.3,,2.0,1.5507834960937497,False,PUT,2026-02-06,LULU
LULU260206P00135000,135.0,0.05,0.0,4.3,,1.0,1.396487392578125,False,PUT,2026-02-06,LULU
LULU260206P00145000,145.0,1.19,0.0,3.25,20.0,23.0,1.0009815576171874,False,PUT,2026-02-06,LULU
LULU260206P00150000,150.0,0.2,0.0,0.55,78.0,44.0,0.5459029785156251,False,PUT,2026-02-06,LULU
LULU260206P00155000,155.0,0.29,0.19,0.43,13.0,24.0,0.4892629199218751,False,PUT,2026-02-06,LULU
LULU260206P00160000,160.0,0.54,0.44,0.71,116.0,41.0,0.43457596679687505,False,PUT,2026-02-06,LULU
LULU260206P00162500,162.5,0.86,0.76,0.89,2.0,11.0,0.4018614501953125,False,PUT,2026-02-06,LULU
LULU260206P00165000,165.0,1.24,1.12,1.28,146.0,98.0,0.387701435546875,False,PUT,2026-02-06,LULU
LULU260206P00167500,167.5,1.74,1.68,1.86,250.0,27.0,0.37842418457031246,False,PUT,2026-02-06,LULU
LULU260206P00170000,170.0,2.46,2.41,2.7,210.0,322.0,0.3754945263671875,False,PUT,2026-02-06,LULU
LULU260206P00172500,172.5,3.4,3.35,3.6,664.0,115.0,0.35645174804687496,False,PUT,2026-02-06,LULU
LULU260206P00175000,175.0,4.6,4.3,4.8,530.0,475.0,0.34229173339843744,True,PUT,2026-02-06,LULU
LULU260206P00177500,177.5,6.15,5.75,6.25,551.0,358.0,0.32569033691406246,True,PUT,2026-02-06,LULU
LULU260206P00180000,180.0,7.5,7.05,8.15,333.0,529.0,0.3303289624023437,True,PUT,2026-02-06,LULU
LULU260206P00182500,182.5,9.2,9.5,10.0,27.0,192.0,0.29761444580078117,True,PUT,2026-02-06,LULU
LULU260206P00185000,185.0,11.58,11.05,12.5,94.0,220.0,0.348639326171875,True,PUT,2026-02-06,LULU
LULU260206P00187500,187.5,13.83,12.0,15.85,36.0,129.0,0.5361374511718751,True,PUT,2026-02-06,LULU
LULU260206P00190000,190.0,16.31,15.15,17.1,13.0,472.0,0.327155166015625,True,PUT,2026-02-06,LULU
LULU260206P00192500,192.5,16.87,17.05,20.1,7.0,112.0,0.5107470800781251,True,PUT,2026-02-06,LULU
LULU260206P00195000,195.0,20.5,20.4,21.45,23.0,265.0,1.0000000000000003e-05,True,PUT,2026-02-06,LULU
LULU260206P00197500,197.5,22.25,22.25,24.65,5.0,24.0,0.459966337890625,True,PUT,2026-02-06,LULU
LULU260206P00200000,200.0,24.96,24.15,27.25,13.0,211.0,0.5371140039062501,True,PUT,2026-02-06,LULU
LULU260206P00202500,202.5,26.2,25.45,29.7,1.0,22.0,0.55273884765625,True,PUT,2026-02-06,LULU
LULU260206P00205000,205.0,30.11,29.6,32.1,1.0,94.0,0.53320779296875,True,PUT,2026-02-06,LULU
LULU260206P00207500,207.5,15.98,30.45,35.1,,8.0,0.7592797509765626,True,PUT,2026-02-06,LULU
LULU260206P00210000,210.0,33.65,33.2,37.5,7.0,149.0,0.7675804492187501,True,PUT,2026-02-06,LULU
LULU260206P00212500,212.5,19.75,35.45,40.05,1.0,1.0,0.8193377441406249,True,PUT,2026-02-06,LULU
LULU260206P00215000,215.0,21.0,37.95,42.55,3.0,59.0,0.8549819189453125,True,PUT,2026-02-06,LULU
LULU260206P00217500,217.5,42.95,42.65,44.7,39.0,39.0,0.7500025,True,PUT,2026-02-06,LULU
LULU260206P00220000,220.0,31.94,42.95,48.1,2.0,0.0,1.0705612878417972,True,PUT,2026-02-06,LULU
LULU260213C00160000,160.0,28.26,14.85,18.5,2.0,3.0,0.6223182299804688,True,CALL,2026-02-13,LULU
LULU260213C00170000,170.0,33.21,8.1,8.6,,2.0,0.48767602172851565,True,CALL,2026-02-13,LULU
LULU260213C00180000,180.0,3.75,3.4,3.9,6.0,9.0,0.4633842724609375,False,CALL,2026-02-13,LULU
LULU260213C00185000,185.0,2.25,1.82,2.33,13.0,65.0,0.44690494506835937,False,CALL,2026-02-13,LULU
LULU260213C00190000,190.0,1.45,1.31,1.5,17.0,78.0,0.4563042651367188,False,CALL,2026-02-13,LULU
LULU260213C00195000,195.0,0.97,0.6,1.16,17.0,188.0,0.49341326904296884,False,CALL,2026-02-13,LULU
LULU260213C00200000,200.0,0.6,0.51,0.74,165.0,225.0,0.500005,False,CALL,2026-02-13,LULU
LULU260213C00205000,205.0,0.47,0.32,0.69,28.0,108.0,0.51562984375,False,CALL,2026-02-13,LULU
LULU260213C00210000,210.0,0.33,0.22,0.4,13.0,250.0,0.5195360546875,False,CALL,2026-02-13,LULU
LULU260213C00215000,215.0,0.2,0.16,0.6,38.0,180.0,0.5908244042968751,False,CALL,2026-02-13,LULU
LULU260213C00220000,220.0,0.4,0.06,0.6,2.0,101.0,0.624027197265625,False,CALL,2026-02-13,LULU
LULU260213P00135000,135.0,0.14,0.0,0.5,1.0,3.0,0.637698935546875,False,PUT,2026-02-13,LULU
LULU260213P00160000,160.0,1.75,1.01,1.5,67.0,103.0,0.4204159521484375,False,PUT,2026-02-13,LULU
LULU260213P00165000,165.0,2.26,2.16,2.55,8.0,179.0,0.4028380029296875,False,PUT,2026-02-13,LULU
LULU260213P00170000,170.0,3.8,3.6,4.0,15.0,249.0,0.3754945263671875,False,PUT,2026-02-13,LULU
LULU260213P00175000,175.0,5.85,5.85,6.4,23.0,204.0,0.36853658813476564,True,PUT,2026-02-13,LULU
LULU260213P00180000,180.0,7.9,8.8,9.4,11.0,244.0,0.35169105346679685,True,PUT,2026-02-13,LULU
LULU260213P00185000,185.0,11.0,12.15,13.05,5.0,224.0,0.32813171874999997,True,PUT,2026-02-13,LULU
LULU260213P00190000,190.0,16.12,16.2,17.5,12.0,267.0,0.33301448242187504,True,PUT,2026-02-13,LULU
LULU260213P00195000,195.0,20.0,18.95,22.0,2.0,128.0,0.23828886718749998,True,PUT,2026-02-13,LULU
LULU260213P00200000,200.0,26.14,25.7,27.8,36.0,179.0,0.5141650146484374,True,PUT,2026-02-13,LULU
LULU260213P00205000,205.0,29.73,28.65,33.3,5.0,123.0,0.6528355029296876,True,PUT,2026-02-13,LULU
LULU260213P00210000,210.0,29.0,33.0,37.6,1.0,80.0,0.5976602734375001,True,PUT,2026-02-13,LULU
LULU260213P00215000,215.0,25.7,37.95,42.6,2.0,57.0,0.6523472265625001,True,PUT,2026-02-13,LULU
LULU260213P00220000,220.0,39.14,42.9,47.55,2.0,7.0,0.6928741650390625,True,PUT,2026-02-13,LULU
LULU260220C00125000,125.0,88.72,48.35,52.65,5.0,71.0,1.1140181018066406,True,CALL,2026-02-20,LULU
LULU260220C00130000,130.0,80.12,43.5,47.65,2.0,87.0,1.0217334069824218,True,CALL,2026-02-20,LULU
LULU260220C00135000,135.0,74.9,38.15,42.45,4.0,64.0,0.8889171264648437,True,CALL,2026-02-20,LULU
LULU260220C00140000,140.0,41.4,33.3,37.95,1.0,31.0,0.828981202392578,True,CALL,2026-02-20,LULU
LULU260220C00145000,145.0,67.45,28.4,33.15,3.0,6.0,0.7468287036132812,True,CALL,2026-02-20,LULU
LULU260220C00150000,150.0,41.05,23.6,28.45,24.0,46.0,0.6718782812500002,True,CALL,2026-02-20,LULU
LULU260220C00155000,155.0,39.74,20.05,21.9,2.0,21.0,0.5682416223144531,True,CALL,2026-02-20,LULU
LULU260220C00160000,160.0,24.72,15.8,18.45,3.0,170.0,0.5511519494628907,True,CALL,2026-02-20,LULU
LULU260220C00165000,165.0,48.46,11.6,13.15,3.0,271.0,0.5052539709472657,True,CALL,2026-02-20,LULU
LULU260220C00170000,170.0,9.65,9.2,9.5,104.0,569.0,0.459966337890625,True,CALL,2026-02-20,LULU
LULU260220C00175000,175.0,7.65,6.55,6.9,37.0,608.0,0.4505670178222656,False,CALL,2026-02-20,LULU
LULU260220C00180000,180.0,5.0,4.55,4.75,1067.0,739.0,0.4382380395507813,False,CALL,2026-02-20,LULU
LULU260220C00182500,182.5,4.05,3.65,3.95,6.0,19.0,0.43774976318359377,False,CALL,2026-02-20,LULU
LULU260220C00185000,185.0,3.29,2.87,3.35,49.0,874.0,0.44336494140625,False,CALL,2026-02-20,LULU
LULU260220C00187500,187.5,3.0,2.4,2.73,11.0,68.0,0.4414118359375,False,CALL,2026-02-20,LULU
LULU260220C00190000,190.0,2.33,1.83,2.24,198.0,903.0,0.4422663195800781,False,CALL,2026-02-20,LULU
LULU260220C00192500,192.5,1.86,1.49,1.86,11.0,92.0,0.44605046142578125,False,CALL,2026-02-20,LULU
LULU260220C00195000,195.0,1.46,1.27,1.67,30.0,1509.0,0.46191944335937507,False,CALL,2026-02-20,LULU
LULU260220C00197500,197.5,1.51,1.06,1.81,14.0,34.0,0.5065967309570312,False,CALL,2026-02-20,LULU
LULU260220C00200000,200.0,1.01,0.82,1.28,192.0,2494.0,0.48340360351562506,False,CALL,2026-02-20,LULU
LULU260220C00202500,202.5,0.83,0.66,0.93,20.0,598.0,0.46924358886718753,False,CALL,2026-02-20,LULU
LULU260220C00205000,205.0,0.79,0.63,0.89,61.0,230.0,0.49023947265625006,False,CALL,2026-02-20,LULU
LULU260220C00207500,207.5,0.75,0.38,0.72,1.0,68.0,0.49023947265625006,False,CALL,2026-02-20,LULU
LULU260220C00210000,210.0,0.53,0.46,0.55,186.0,2301.0,0.4848684326171875,False,CALL,2026-02-20,LULU
LULU260220C00212500,212.5,0.55,0.31,0.53,4.0,36.0,0.5036670727539063,False,CALL,2026-02-20,LULU
LULU260220C00215000,215.0,0.38,0.32,0.49,27.0,212.0,0.51758294921875,False,CALL,2026-02-20,LULU
LULU260220C00217500,217.5,0.31,0.18,0.45,12.0,47.0,0.5302781347656251,False,CALL,2026-02-20,LULU
LULU260220C00220000,220.0,0.3,0.24,0.34,456.0,2482.0,0.508793974609375,False,CALL,2026-02-20,LULU
LULU260220C00222500,222.5,0.4,0.08,0.44,9.0,42.0,0.5185595019531251,False,CALL,2026-02-20,LULU
LULU260220P00125000,125.0,0.09,0.0,0.18,10.0,1371.0,0.57617611328125,False,PUT,2026-02-20,LULU
LULU260220P00130000,130.0,0.16,0.0,0.18,1.0,1575.0,0.5136767382812499,False,PUT,2026-02-20,LULU
LULU260220P00135000,135.0,0.2,0.05,0.36,56.0,1906.0,0.5141650146484374,False,PUT,2026-02-20,LULU
LULU260220P00140000,140.0,0.01,0.03,0.69,1.0,403.0,0.5717816259765626,False,PUT,2026-02-20,LULU
LULU260220P00145000,145.0,0.45,0.24,0.65,9.0,184.0,0.4887746435546876,False,PUT,2026-02-20,LULU
LULU260220P00150000,150.0,0.7,0.7,0.75,27.0,8580.0,0.42969320312500003,False,PUT,2026-02-20,LULU
LULU260220P00155000,155.0,1.2,1.0,1.35,67.0,731.0,0.422857333984375,False,PUT,2026-02-20,LULU
LULU260220P00160000,160.0,1.99,1.98,2.01,224.0,925.0,0.3942931665039063,False,PUT,2026-02-20,LULU
LULU260220P00165000,165.0,3.15,3.1,3.2,201.0,1020.0,0.3802552209472656,False,PUT,2026-02-20,LULU
LULU260220P00170000,170.0,4.72,4.5,4.9,203.0,3083.0,0.3668276208496094,False,PUT,2026-02-20,LULU
LULU260220P00175000,175.0,7.15,6.85,7.2,80.0,1046.0,0.3537662280273437,True,PUT,2026-02-20,LULU
LULU260220P00180000,180.0,9.81,9.7,10.2,87.0,1595.0,0.3446110461425781,True,PUT,2026-02-20,LULU
LULU260220P00182500,182.5,10.64,11.4,11.95,2.0,95.0,0.3413151806640625,True,PUT,2026-02-20,LULU
LULU260220P00185000,185.0,13.3,13.05,13.8,101.0,1063.0,0.3353337951660156,True,PUT,2026-02-20,LULU
LULU260220P00187500,187.5,14.74,13.65,15.9,2.0,140.0,0.33960621337890623,True,PUT,2026-02-20,LULU
LULU260220P00190000,190.0,17.13,16.55,17.75,59.0,1533.0,0.30884480224609373,True,PUT,2026-02-20,LULU
LULU260220P00192500,192.5,14.51,16.75,20.3,60.0,221.0,0.34448897705078124,True,PUT,2026-02-20,LULU
LULU260220P00195000,195.0,21.67,21.3,22.3,66.0,2442.0,0.2990792749023437,True,PUT,2026-02-20,LULU
LULU260220P00197500,197.5,14.87,21.2,25.55,51.0,94.0,0.4317683776855469,True,PUT,2026-02-20,LULU
LULU260220P00200000,200.0,26.53,25.3,26.9,41.0,1870.0,1.0000000000000003e-05,True,PUT,2026-02-20,LULU
LULU260220P00202500,202.5,22.5,25.85,29.8,7.0,24.0,0.3706117626953125,True,PUT,2026-02-20,LULU
LULU260220P00205000,205.0,25.25,27.75,32.75,1.0,16.0,0.47412635253906255,True,PUT,2026-02-20,LULU
LULU260220P00207500,207.5,16.22,30.65,34.75,,1.0,0.4028380029296875,True,PUT,2026-02-20,LULU
LULU260220P00210000,210.0,35.05,34.7,37.15,11.0,1247.0,0.3930724755859375,True,PUT,2026-02-20,LULU
LULU260220P00212500,212.5,25.22,35.55,39.4,1.0,2.0,1.0000000000000003e-05,True,PUT,2026-02-20,LULU
LULU260220P00215000,215.0,27.8,38.0,41.45,1.0,2.0,1.0000000000000003e-05,True,PUT,2026-02-20,LULU
LULU260220P00220000,220.0,45.04,43.45,47.55,1.0,193.0,0.57812921875,True,PUT,2026-02-20,LULU
LULU260227C00175000,175.0,7.9,7.6,8.15,4.0,1.0,0.4596001306152344,False,CALL,2026-02-27,LULU
LULU260227C00180000,180.0,6.3,5.5,6.55,1.0,8.0,0.47949739257812496,False,CALL,2026-02-27,LULU
LULU260227C00185000,185.0,4.1,3.65,4.6,17.0,84.0,0.46094289062500005,False,CALL,2026-02-27,LULU
LULU260227C00190000,190.0,4.65,2.49,3.7,4.0,141.0,0.4823049816894531,False,CALL,2026-02-27,LULU
LULU260227C00195000,195.0,2.14,1.74,2.46,22.0,17.0,0.46533737792968755,False,CALL,2026-02-27,LULU
LULU260227C00200000,200.0,1.27,1.18,1.55,2.0,87.0,0.44910218872070307,False,CALL,2026-02-27,LULU
LULU260227C00205000,205.0,1.0,0.76,1.21,18.0,106.0,0.46582565429687506,False,CALL,2026-02-27,LULU
LULU260227C00210000,210.0,0.74,0.44,0.88,9.0,115.0,0.4726615234375,False,CALL,2026-02-27,LULU
LULU260227C00215000,215.0,0.66,0.5,0.72,1.0,91.0,0.49170430175781255,False,CALL,2026-02-27,LULU
LULU260227C00220000,220.0,0.45,0.4,0.58,5.0,92.0,0.5075732836914062,False,CALL,2026-02-27,LULU
LULU260227P00140000,140.0,0.19,0.0,4.65,,1.0,0.6984893432617189,False,PUT,2026-02-27,LULU
LULU260227P00150000,150.0,1.2,0.94,1.4,1.0,3.0,0.44861391235351555,False,PUT,2026-02-27,LULU
LULU260227P00155000,155.0,1.4,1.49,1.75,4.0,52.0,0.40430283203125,False,PUT,2026-02-27,LULU
LULU260227P00160000,160.0,2.5,2.33,2.92,9.0,123.0,0.40650007568359375,False,PUT,2026-02-27,LULU
LULU260227P00165000,165.0,3.4,3.6,4.1,8.0,167.0,0.38355108642578123,False,PUT,2026-02-27,LULU
LULU260227P00170000,170.0,6.15,5.25,5.95,6.0,123.0,0.37402969726562496,False,PUT,2026-02-27,LULU
LULU260227P00175000,175.0,8.04,7.7,8.3,16.0,65.0,0.3635317553710938,True,PUT,2026-02-27,LULU
LULU260227P00180000,180.0,10.01,10.35,11.15,26.0,124.0,0.35071450073242183,True,PUT,2026-02-27,LULU
LULU260227P00185000,185.0,14.27,13.8,14.75,30.0,265.0,0.35071450073242183,True,PUT,2026-02-27,LULU
LULU260227P00190000,190.0,17.87,17.65,18.9,7.0,269.0,0.36084623535156246,True,PUT,2026-02-27,LULU
LULU260227P00195000,195.0,21.97,21.4,23.35,5.0,161.0,0.37415176635742187,True,PUT,2026-02-27,LULU
LULU260227P00200000,200.0,24.81,24.85,27.9,3.0,215.0,0.3794007373046875,True,PUT,2026-02-27,LULU
LULU260227P00205000,205.0,30.68,30.05,33.1,1.0,125.0,0.44873598144531246,True,PUT,2026-02-27,LULU
LULU260227P00210000,210.0,24.82,33.1,37.45,1.0,33.0,0.39893179199218753,True,PUT,2026-02-27,LULU
LULU260227P00215000,215.0,25.55,38.0,42.55,1.0,15.0,0.45606012695312503,True,PUT,2026-02-27,LULU
LULU260227P00220000,220.0,33.0,42.95,47.45,1.0,11.0,0.4731497998046875,True,PUT,2026-02-27,LULU
LULU260306C00185000,185.0,5.2,4.75,5.45,3.0,99.0,0.4572197833251954,False,CALL,2026-03-06,LULU
LULU260306C00190000,190.0,5.93,3.25,4.4,9.0,15.0,0.4720511779785156,False,CALL,2026-03-06,LULU
LULU260306C00200000,200.0,2.0,1.7,2.55,1.0,36.0,0.4770560107421875,False,CALL,2026-03-06,LULU
LULU260306C00205000,205.0,2.01,1.07,1.98,4.0,35.0,0.48438015625,False,CALL,2026-03-06,LULU
LULU260306C00210000,210.0,1.12,0.82,1.31,3.0,56.0,0.47058634887695316,False,CALL,2026-03-06,LULU
LULU260306C00215000,215.0,1.36,0.55,1.52,3.0,14.0,0.5308884802246094,False,CALL,2026-03-06,LULU
LULU260306C00220000,220.0,0.67,0.25,1.24,20.0,66.0,0.541264353027344,False,CALL,2026-03-06,LULU
LULU260306P00160000,160.0,3.15,3.05,3.55,10.0,28.0,0.40259386474609377,False,PUT,2026-03-06,LULU
LULU260306P00165000,165.0,4.75,4.55,4.85,8.0,16.0,0.3833679827880859,False,PUT,2026-03-06,LULU
LULU260306P00170000,170.0,6.6,6.25,6.95,9.0,9.0,0.3833069482421875,False,PUT,2026-03-06,LULU
LULU260306P00175000,175.0,8.98,8.65,9.3,20.0,73.0,0.37293107543945314,True,PUT,2026-03-06,LULU
LULU260306P00180000,180.0,11.92,11.3,11.95,13.0,97.0,0.3541324353027343,True,PUT,2026-03-06,LULU
LULU260306P00185000,185.0,12.61,14.6,15.7,2.0,90.0,0.3665834826660156,True,PUT,2026-03-06,LULU
LULU260306P00190000,190.0,18.76,18.3,19.0,2.0,70.0,0.3314275842285156,True,PUT,2026-03-06,LULU
LULU260306P00205000,205.0,20.64,28.45,33.0,1.0,50.0,0.39380489013671877,True,PUT,2026-03-06,LULU
LULU260306P00220000,220.0,44.2,42.85,46.9,1.0,2.0,1.0000000000000003e-05,True,PUT,2026-03-06,LULU
LULU260320C00125000,125.0,62.31,84.5,93.1,1.0,45.0,2.9536158972167965,True,CALL,2026-03-20,LULU
LULU260320C00130000,130.0,48.5,44.95,48.9,1.0,59.0,0.7951680639648437,True,CALL,2026-03-20,LULU
LULU260320C00135000,135.0,78.3,39.9,44.1,3.0,47.0,0.7263210961914062,True,CALL,2026-03-20,LULU
LULU260320C00140000,140.0,39.26,34.65,39.4,1.0,79.0,0.6550327465820314,True,CALL,2026-03-20,LULU
LULU260320C00145000,145.0,62.5,31.1,35.0,3.0,44.0,0.6419713537597658,True,CALL,2026-03-20,LULU
LULU260320C00150000,150.0,28.65,26.9,29.65,4.0,92.0,0.5787395642089843,True,CALL,2026-03-20,LULU
LULU260320C00155000,155.0,24.15,22.8,23.8,3.0,43.0,0.5040332800292968,True,CALL,2026-03-20,LULU
LULU260320C00160000,160.0,21.0,19.15,21.35,1.0,219.0,0.5142260491943358,True,CALL,2026-03-20,LULU
LULU260320C00165000,165.0,16.78,16.2,16.7,33.0,481.0,0.4896291271972657,True,CALL,2026-03-20,LULU
LULU260320C00170000,170.0,13.76,13.2,14.15,7.0,391.0,0.49420671813964845,True,CALL,2026-03-20,LULU
LULU260320C00175000,175.0,11.05,10.6,11.2,99.0,488.0,0.47070841796875,False,CALL,2026-03-20,LULU
LULU260320C00180000,180.0,8.6,8.5,8.85,103.0,710.0,0.4583794396972657,False,CALL,2026-03-20,LULU
LULU260320C00185000,185.0,6.85,6.25,7.35,117.0,514.0,0.46753462158203124,False,CALL,2026-03-20,LULU
LULU260320C00190000,190.0,5.57,5.15,5.65,406.0,913.0,0.45715874877929696,False,CALL,2026-03-20,LULU
LULU260320C00195000,195.0,4.31,4.0,4.65,20.0,894.0,0.4660697924804688,False,CALL,2026-03-20,LULU
LULU260320C00200000,200.0,3.2,3.05,3.3,506.0,2338.0,0.44739322143554683,False,CALL,2026-03-20,LULU
LULU260320C00210000,210.0,1.97,1.83,2.01,653.0,1194.0,0.45264219238281256,False,CALL,2026-03-20,LULU
LULU260320C00220000,220.0,1.18,1.09,1.3,219.0,3863.0,0.46655806884765627,False,CALL,2026-03-20,LULU
LULU260320P00125000,125.0,0.51,0.1,0.85,2.0,337.0,0.5036670727539063,False,PUT,2026-03-20,LULU
LULU260320P00130000,130.0,0.57,0.39,1.1,1.0,1220.0,0.5434615966796876,False,PUT,2026-03-20,LULU
LULU260320P00135000,135.0,0.96,0.33,1.6,46.0,578.0,0.5371140039062501,False,PUT,2026-03-20,LULU
LULU260320P00140000,140.0,1.2,1.12,1.4,7.0,1382.0,0.4591118542480469,False,PUT,2026-03-20,LULU
LULU260320P00145000,145.0,1.1,1.45,1.92,13.0,423.0,0.4426325268554688,False,PUT,2026-03-20,LULU
LULU260320P00150000,150.0,2.34,2.25,2.49,26.0,1438.0,0.41919526123046874,False,PUT,2026-03-20,LULU
LULU260320P00155000,155.0,3.3,3.1,3.5,24.0,2348.0,0.4106504248046875,False,PUT,2026-03-20,LULU
LULU260320P00160000,160.0,4.5,4.4,4.8,96.0,1070.0,0.4019835192871094,False,PUT,2026-03-20,LULU
LULU260320P00165000,165.0,6.27,6.25,6.45,35.0,1197.0,0.3942321319580079,False,PUT,2026-03-20,LULU
LULU260320P00170000,170.0,8.09,7.8,8.4,60.0,792.0,0.383795224609375,False,PUT,2026-03-20,LULU
LULU260320P00175000,175.0,10.42,10.65,10.9,160.0,1730.0,0.37970591003417964,True,PUT,2026-03-20,LULU
LULU260320P00180000,180.0,13.45,13.0,13.7,93.0,1697.0,0.37177141906738287,True,PUT,2026-03-20,LULU
LULU260320P00185000,185.0,16.4,15.85,16.85,63.0,699.0,0.36212796081542964,True,PUT,2026-03-20,LULU
LULU260320P00190000,190.0,19.73,19.55,20.55,26.0,1748.0,0.3606020971679687,True,PUT,2026-03-20,LULU
LULU260320P00195000,195.0,23.0,23.2,24.5,10.0,695.0,0.35645174804687496,True,PUT,2026-03-20,LULU
LULU260320P00200000,200.0,27.8,27.35,29.0,10.0,1551.0,0.3707338317871094,True,PUT,2026-03-20,LULU
LULU260320P00210000,210.0,34.98,35.45,37.75,5.0,883.0,0.3441227697753906,True,PUT,2026-03-20,LULU
LULU260320P00220000,220.0,45.67,44.15,47.35,12.0,404.0,0.34497725341796875,True,PUT,2026-03-20,LULU
LULU260417C00125000,125.0,54.65,51.25,55.1,1.0,27.0,0.7725852819824219,True,CALL,2026-04-17,LULU
LULU260417C00130000,130.0,50.27,45.95,50.05,1.0,72.0,0.6984283087158205,True,CALL,2026-04-17,LULU
LULU260417C00135000,135.0,44.5,42.15,45.75,5.0,28.0,0.6826813958740237,True,CALL,2026-04-17,LULU
LULU260417C00140000,140.0,39.0,38.0,40.3,20.0,47.0,0.6276892700195313,True,CALL,2026-04-17,LULU
LULU260417C00145000,145.0,39.99,33.3,36.1,20.0,19.0,0.5875285388183593,True,CALL,2026-04-17,LULU
LULU260417C00150000,150.0,32.41,30.7,33.6,10.0,35.0,0.6186561572265626,True,CALL,2026-04-17,LULU
LULU260417C00155000,155.0,42.15,26.75,28.15,2.0,44.0,0.5602460968017577,True,CALL,2026-04-17,LULU
LULU260417C00160000,160.0,27.75,23.95,27.65,1.0,60.0,0.6046182116699221,True,CALL,2026-04-17,LULU
LULU260417C00165000,165.0,23.75,20.8,22.05,3.0,178.0,0.5485884985351563,True,CALL,2026-04-17,LULU
LULU260417C00170000,170.0,22.5,17.95,21.95,58.0,112.0,0.5810588769531251,True,CALL,2026-04-17,LULU
LULU260417C00175000,175.0,19.72,15.5,16.75,73.0,869.0,0.531803998413086,False,CALL,2026-04-17,LULU
LULU260417C00180000,180.0,15.0,13.4,15.35,4.0,241.0,0.5411422839355471,False,CALL,2026-04-17,LULU
LULU260417C00185000,185.0,12.4,11.95,12.65,41.0,736.0,0.5336350347900392,False,CALL,2026-04-17,LULU
LULU260417C00190000,190.0,10.5,10.0,10.75,28.0,377.0,0.5242357147216796,False,CALL,2026-04-17,LULU
LULU260417C00195000,195.0,8.8,8.55,9.25,38.0,379.0,0.5230150238037108,False,CALL,2026-04-17,LULU
LULU260417C00200000,200.0,7.5,7.15,7.8,41.0,948.0,0.5173388110351562,False,CALL,2026-04-17,LULU
LULU260417C00210000,210.0,5.42,5.15,5.7,52.0,639.0,0.5172167419433593,False,CALL,2026-04-17,LULU
LULU260417C00220000,220.0,3.7,3.55,4.05,34.0,809.0,0.5129443237304687,False,CALL,2026-04-17,LULU
LULU260417P00125000,125.0,1.1,1.22,1.63,4.0,225.0,0.51562984375,False,PUT,2026-04-17,LULU
LULU260417P00130000,130.0,1.28,1.3,2.14,7.0,193.0,0.5222215747070311,False,PUT,2026-04-17,LULU
LULU260417P00135000,135.0,2.52,2.25,2.8,20.0,187.0,0.5123339782714844,False,PUT,2026-04-17,LULU
LULU260417P00140000,140.0,3.31,2.77,3.6,10.0,293.0,0.5019581054687501,False,PUT,2026-04-17,LULU
LULU260417P00145000,145.0,4.35,3.9,4.75,456.0,635.0,0.5001270690917969,False,PUT,2026-04-17,LULU
LULU260417P00150000,150.0,5.6,5.5,5.95,23.0,341.0,0.4909108526611329,False,PUT,2026-04-17,LULU
LULU260417P00155000,155.0,7.2,6.75,7.45,19.0,534.0,0.48511257080078124,False,PUT,2026-04-17,LULU
LULU260417P00160000,160.0,8.7,8.45,9.15,28.0,908.0,0.4779104943847656,False,PUT,2026-04-17,LULU
LULU260417P00165000,165.0,10.58,10.35,11.45,6.0,273.0,0.48242705078125003,False,PUT,2026-04-17,LULU
LULU260417P00170000,170.0,12.73,12.45,13.5,50.0,464.0,0.47009807250976565,False,PUT,2026-04-17,LULU
LULU260417P00175000,175.0,15.53,15.1,15.85,11.0,760.0,0.45935599243164066,True,PUT,2026-04-17,LULU
LULU260417P00180000,180.0,18.05,17.95,18.75,6.0,517.0,0.4577690942382813,True,PUT,2026-04-17,LULU
LULU260417P00185000,185.0,21.38,20.5,21.8,18.0,666.0,0.45300839965820316,True,PUT,2026-04-17,LULU
LULU260417P00190000,190.0,23.47,23.7,25.3,39.0,562.0,0.45514460876464846,True,PUT,2026-04-17,LULU
LULU260417P00195000,195.0,27.23,26.9,28.35,25.0,237.0,0.4342707940673829,True,PUT,2026-04-17,LULU
LULU260417P00200000,200.0,31.8,30.85,32.6,41.0,926.0,0.44824770507812495,True,PUT,2026-04-17,LULU
LULU260417P00210000,210.0,38.2,38.35,40.55,1.0,1260.0,0.43695631408691404,True,PUT,2026-04-17,LULU
LULU260417P00220000,220.0,47.07,46.3,49.0,2.0,178.0,0.41748629394531245,True,PUT,2026-04-17,LULU
LULU260515C00125000,125.0,55.34,51.75,56.35,1.0,36.0,0.7049590051269532,True,CALL,2026-05-15,LULU
LULU260515C00130000,130.0,56.0,47.2,51.85,1.0,50.0,0.6677279321289065,True,CALL,2026-05-15,LULU
LULU260515C00135000,135.0,52.04,42.6,47.8,1.0,24.0,0.6373327282714845,True,CALL,2026-05-15,LULU
LULU260515C00140000,140.0,66.45,39.25,42.7,1.0,27.0,0.6086464916992189,True,CALL,2026-05-15,LULU
LULU260515C00145000,145.0,71.68,35.85,40.0,3.0,4.0,0.6178627081298829,True,CALL,2026-05-15,LULU
LULU260515C00150000,150.0,39.7,32.2,35.1,2.0,28.0,0.5803264624023439,True,CALL,2026-05-15,LULU
LULU260515C00155000,155.0,55.36,29.2,29.8,1.0,60.0,0.5446822875976562,True,CALL,2026-05-15,LULU
LULU260515C00160000,160.0,35.0,25.8,28.35,1.0,50.0,0.5566450585937501,True,CALL,2026-05-15,LULU
LULU260515C00165000,165.0,24.8,23.05,24.2,1.0,66.0,0.5331467584228515,True,CALL,2026-05-15,LULU
LULU260515C00170000,170.0,23.35,19.85,24.05,5.0,102.0,0.5538985040283204,True,CALL,2026-05-15,LULU
LULU260515C00175000,175.0,20.94,17.8,18.8,2.0,134.0,0.5153857055664062,False,CALL,2026-05-15,LULU
LULU260515C00180000,180.0,16.12,15.5,17.65,3.0,123.0,0.5238695074462891,False,CALL,2026-05-15,LULU
LULU260515C00185000,185.0,16.19,13.4,15.8,2.0,193.0,0.5205431246948241,False,CALL,2026-05-15,LULU
LULU260515C00190000,190.0,14.75,11.55,14.5,22.0,207.0,0.5231981274414061,False,CALL,2026-05-15,LULU
LULU260515C00195000,195.0,10.8,10.45,11.2,12.0,79.0,0.5039112109375,False,CALL,2026-05-15,LULU
LULU260515C00200000,200.0,9.35,9.0,9.55,8.0,286.0,0.5056201782226561,False,CALL,2026-05-15,LULU
LULU260515C00210000,210.0,6.95,6.8,7.15,14.0,541.0,0.5007984490966797,False,CALL,2026-05-15,LULU
LULU260515C00220000,220.0,5.15,4.95,5.25,17.0,441.0,0.4952443054199219,False,CALL,2026-05-15,LULU
LULU260515P00125000,125.0,1.15,1.27,2.28,2.0,152.0,0.5037891418457032,False,PUT,2026-05-15,LULU
LULU260515P00130000,130.0,2.52,2.24,2.7,21.0,311.0,0.48187773986816407,False,PUT,2026-05-15,LULU
LULU260515P00135000,135.0,2.04,3.1,4.0,2.0,224.0,0.49921155090332037,False,PUT,2026-05-15,LULU
LULU260515P00140000,140.0,1.58,2.48,4.75,31.0,307.0,0.4810842907714844,False,PUT,2026-05-15,LULU
LULU260515P00145000,145.0,5.35,4.95,5.75,15.0,294.0,0.46802289794921875,False,PUT,2026-05-15,LULU
LULU260515P00150000,150.0,6.4,6.45,7.05,21.0,656.0,0.45990530334472657,False,PUT,2026-05-15,LULU
LULU260515P00155000,155.0,7.84,8.0,8.55,2.0,221.0,0.45178770874023444,False,PUT,2026-05-15,LULU
LULU260515P00160000,160.0,7.33,9.7,10.6,15.0,191.0,0.45361874511718747,False,PUT,2026-05-15,LULU
LULU260515P00165000,165.0,11.5,11.55,12.4,2.0,213.0,0.4412897668457031,False,PUT,2026-05-15,LULU
LULU260515P00170000,170.0,14.33,13.9,14.75,6.0,259.0,0.4379939013671875,False,PUT,2026-05-15,LULU
LULU260515P00175000,175.0,16.21,16.55,17.5,8.0,196.0,0.43897045410156255,True,PUT,2026-05-15,LULU
LULU260515P00180000,180.0,18.59,17.8,20.0,1.0,462.0,0.4269161312866212,True,PUT,2026-05-15,LULU
LULU260515P00185000,185.0,18.57,21.35,23.45,4.0,349.0,0.4342707940673829,True,PUT,2026-05-15,LULU
LULU260515P00190000,190.0,17.8,24.5,26.25,1.0,264.0,0.41785250122070305,True,PUT,2026-05-15,LULU
LULU260515P00195000,195.0,23.62,27.65,30.15,5.0,378.0,0.4264583721923829,True,PUT,2026-05-15,LULU
LULU260515P00200000,200.0,32.26,32.35,33.2,23.0,149.0,0.4041197283935547,True,PUT,2026-05-15,LULU
LULU260515P00210000,210.0,27.85,39.3,41.2,1.0,293.0,0.3998473101806641,True,PUT,2026-05-15,LULU
LULU260515P00220000,220.0,38.74,45.75,49.5,2.0,142.0,0.38318487915039057,True,PUT,2026-05-15,LULU
LULU260618C00125000,125.0,88.05,53.25,57.85,2.0,56.0,0.6724886267089845,True,CALL,2026-06-18,LULU
LULU260618C00130000,130.0,68.4,49.95,53.65,1.0,719.0,0.6635165484619143,True,CALL,2026-06-18,LULU
LULU260618C00135000,135.0,79.03,46.1,49.45,1.0,39.0,0.641605146484375,True,CALL,2026-06-18,LULU
LULU260618C00140000,140.0,49.65,41.65,46.65,14.0,136.0,0.6296423754882813,True,CALL,2026-06-18,LULU
LULU260618C00145000,145.0,71.55,38.05,42.7,1.0,17.0,0.6098671826171876,True,CALL,2026-06-18,LULU
LULU260618C00150000,150.0,60.8,35.9,39.75,1.0,38.0,0.6209449526977541,True,CALL,2026-06-18,LULU
LULU260618C00155000,155.0,47.6,32.5,35.0,1.0,19.0,0.5866740551757812,True,CALL,2026-06-18,LULU
LULU260618C00160000,160.0,31.3,29.5,31.45,9.0,216.0,0.5708661077880859,True,CALL,2026-06-18,LULU
LULU260618C00165000,165.0,36.0,25.7,30.7,3.0,200.0,0.5762981823730469,True,CALL,2026-06-18,LULU
LULU260618C00170000,170.0,28.83,23.05,28.05,13.0,1161.0,0.5684247259521484,True,CALL,2026-06-18,LULU
LULU260618C00175000,175.0,24.94,22.05,25.6,2.0,145.0,0.5788005987548828,False,CALL,2026-06-18,LULU
LULU260618C00180000,180.0,21.6,20.0,21.0,12.0,144.0,0.5479171185302736,False,CALL,2026-06-18,LULU
LULU260618C00185000,185.0,18.55,18.0,18.7,25.0,272.0,0.5410812493896486,False,CALL,2026-06-18,LULU
LULU260618C00190000,190.0,16.75,16.05,16.9,9.0,307.0,0.5371750384521485,False,CALL,2026-06-18,LULU
LULU260618C00195000,195.0,14.39,14.05,15.15,4.0,195.0,0.5297898583984376,False,CALL,2026-06-18,LULU
LULU260618C00200000,200.0,13.2,12.8,13.35,74.0,910.0,0.5274095111083985,False,CALL,2026-06-18,LULU
LULU260618C00210000,210.0,10.4,10.2,10.4,74.0,597.0,0.5197801928710937,False,CALL,2026-06-18,LULU
LULU260618C00220000,220.0,8.2,8.0,8.45,9.0,1326.0,0.5183153637695312,False,CALL,2026-06-18,LULU
LULU260618P00125000,125.0,2.78,2.48,3.7,3.0,197.0,0.5111132873535156,False,PUT,2026-06-18,LULU
LULU260618P00130000,130.0,4.14,4.15,4.9,6.0,738.0,0.5015308636474609,False,PUT,2026-06-18,LULU
LULU260618P00135000,135.0,5.45,5.3,5.65,10.0,479.0,0.49835706726074225,False,PUT,2026-06-18,LULU
LULU260618P00140000,140.0,6.77,6.3,6.85,5.0,1808.0,0.4918874053955079,False,PUT,2026-06-18,LULU
LULU260618P00145000,145.0,7.7,7.95,8.25,21.0,325.0,0.4864553308105469,False,PUT,2026-06-18,LULU
LULU260618P00150000,150.0,9.65,9.5,9.85,132.0,2423.0,0.48169463623046876,False,PUT,2026-06-18,LULU
LULU260618P00155000,155.0,11.3,11.25,11.7,45.0,1196.0,0.4785818743896484,False,PUT,2026-06-18,LULU
LULU260618P00160000,160.0,13.25,13.1,13.7,14.0,1679.0,0.4743094561767578,False,PUT,2026-06-18,LULU
LULU260618P00165000,165.0,15.67,15.3,16.05,11.0,998.0,0.47376014526367194,False,PUT,2026-06-18,LULU
LULU260618P00170000,170.0,17.8,17.3,18.45,24.0,2083.0,0.4695487615966797,False,PUT,2026-06-18,LULU
LULU260618P00175000,175.0,20.4,20.4,20.8,16.0,868.0,0.45966116516113287,True,PUT,2026-06-18,LULU
LULU260618P00180000,180.0,23.25,22.9,23.8,45.0,1216.0,0.46057668334960944,True,PUT,2026-06-18,LULU
LULU260618P00185000,185.0,26.17,25.6,26.95,2.0,1021.0,0.4606377178955079,True,PUT,2026-06-18,LULU
LULU260618P00190000,190.0,25.32,28.75,29.55,12.0,1217.0,0.44348701049804684,True,PUT,2026-06-18,LULU
LULU260618P00195000,195.0,31.3,30.7,33.0,7.0,3797.0,0.44220528503417966,True,PUT,2026-06-18,LULU
LULU260618P00200000,200.0,35.03,33.15,36.6,10.0,1672.0,0.44061838684082033,True,PUT,2026-06-18,LULU
LULU260618P00210000,210.0,42.0,42.4,43.6,7.0,497.0,0.41974457214355465,True,PUT,2026-06-18,LULU
LULU260618P00220000,220.0,50.67,48.8,51.7,2.0,694.0,0.41260353027343744,True,PUT,2026-06-18,LULU
LULU260717C00130000,130.0,67.5,51.0,55.65,1.0,2.0,0.6519810192871094,True,CALL,2026-07-17,LULU
LULU260717C00145000,145.0,51.3,40.45,44.5,2.0,3.0,0.6102333898925782,True,CALL,2026-07-17,LULU
LULU260717C00150000,150.0,67.0,37.1,39.95,1.0,1.0,0.582889913330078,True,CALL,2026-07-17,LULU
LULU260717C00155000,155.0,45.46,34.15,38.05,,1.0,0.5902140588378908,True,CALL,2026-07-17,LULU
LULU260717C00160000,160.0,43.6,31.15,35.05,2.0,2.0,0.5801433587646485,True,CALL,2026-07-17,LULU
LULU260717C00170000,170.0,29.8,25.85,28.0,6.0,8.0,0.5476729803466798,True,CALL,2026-07-17,LULU
LULU260717C00175000,175.0,26.65,23.5,24.2,1.0,5.0,0.5276536492919923,False,CALL,2026-07-17,LULU
LULU260717C00180000,180.0,22.23,21.25,21.8,11.0,9.0,0.5207872628784179,False,CALL,2026-07-17,LULU
LULU260717C00185000,185.0,21.95,19.0,20.75,1.0,4.0,0.5251512329101562,False,CALL,2026-07-17,LULU
LULU260717C00190000,190.0,18.19,17.2,17.9,10.0,46.0,0.512150874633789,False,CALL,2026-07-17,LULU
LULU260717C00195000,195.0,25.31,15.55,16.1,2.0,14.0,0.5089465609741212,False,CALL,2026-07-17,LULU
LULU260717C00200000,200.0,14.71,14.2,14.6,8.0,73.0,0.5094043200683593,False,CALL,2026-07-17,LULU
LULU260717C00210000,210.0,11.93,11.4,11.85,14.0,77.0,0.5040332800292968,False,CALL,2026-07-17,LULU
LULU260717C00220000,220.0,9.55,9.25,9.6,29.0,57.0,0.5017750018310547,False,CALL,2026-07-17,LULU
LULU260717P00125000,125.0,1.56,3.6,4.45,1.0,6.0,0.49646499633789065,False,PUT,2026-07-17,LULU
LULU260717P00130000,130.0,3.22,4.9,6.45,6.0,12.0,0.5255784747314454,False,PUT,2026-07-17,LULU
LULU260717P00135000,135.0,4.7,5.85,7.0,3.0,41.0,0.49786879089355474,False,PUT,2026-07-17,LULU
LULU260717P00140000,140.0,6.26,6.45,9.25,18.0,54.0,0.5185595019531251,False,PUT,2026-07-17,LULU
LULU260717P00145000,145.0,6.95,8.7,9.15,1.0,34.0,0.4679008288574219,False,PUT,2026-07-17,LULU
LULU260717P00150000,150.0,6.55,10.25,10.9,1.0,37.0,0.4656730679321289,False,PUT,2026-07-17,LULU
LULU260717P00155000,155.0,12.2,11.8,12.65,7.0,144.0,0.4588677160644532,False,PUT,2026-07-17,LULU
LULU260717P00160000,160.0,13.95,13.8,14.55,15.0,79.0,0.4516046051025391,False,PUT,2026-07-17,LULU
LULU260717P00165000,165.0,15.55,14.2,17.15,1.0,71.0,0.45596857513427735,False,PUT,2026-07-17,LULU
LULU260717P00170000,170.0,17.01,18.3,19.15,1.0,294.0,0.4428461477661133,False,PUT,2026-07-17,LULU
LULU260717P00175000,175.0,17.9,20.85,21.75,1.0,269.0,0.4389399368286133,True,PUT,2026-07-17,LULU
LULU260717P00180000,180.0,23.93,23.55,25.0,2.0,22.0,0.4449518395996094,True,PUT,2026-07-17,LULU
LULU260717P00185000,185.0,26.64,26.5,27.4,2.0,57.0,0.42914389221191407,True,PUT,2026-07-17,LULU
LULU260717P00190000,190.0,25.42,29.55,30.5,1.0,207.0,0.4244442321777344,True,PUT,2026-07-17,LULU
LULU260717P00195000,195.0,25.78,32.05,34.25,1.0,61.0,0.4303645831298829,True,PUT,2026-07-17,LULU
LULU260717P00200000,200.0,34.13,36.25,37.15,1.0,39.0,0.4138852557373046,True,PUT,2026-07-17,LULU
LULU260717P00210000,210.0,40.85,42.1,45.05,4.0,36.0,0.4186154330444336,True,PUT,2026-07-17,LULU
LULU260717P00220000,220.0,45.35,49.55,53.05,8.0,17.0,0.414068359375,True,PUT,2026-07-17,LULU
LULU260918C00125000,125.0,84.45,58.05,62.45,2.0,11.0,0.6543003320312502,True,CALL,2026-09-18,LULU
LULU260918C00130000,130.0,69.78,53.4,58.7,1.0,15.0,0.6272620281982424,True,CALL,2026-09-18,LULU
LULU260918C00135000,135.0,57.2,50.6,55.1,1.0,29.0,0.6237830590820312,True,CALL,2026-09-18,LULU
LULU260918C00140000,140.0,77.31,47.15,51.65,1.0,121.0,0.6116371844482424,True,CALL,2026-09-18,LULU
LULU260918C00145000,145.0,59.5,0.0,79.4,1.0,31.0,1.3361849597167965,True,CALL,2026-09-18,LULU
LULU260918C00150000,150.0,57.35,40.8,45.05,1.0,83.0,0.5904887142944336,True,CALL,2026-09-18,LULU
LULU260918C00155000,155.0,69.55,37.7,42.3,2.0,37.0,0.5831340515136718,True,CALL,2026-09-18,LULU
LULU260918C00160000,160.0,49.5,35.55,38.3,9.0,187.0,0.5705914523315431,True,CALL,2026-09-18,LULU
LULU260918C00165000,165.0,34.39,32.55,34.55,16.0,423.0,0.550358500366211,True,CALL,2026-09-18,LULU
LULU260918C00170000,170.0,32.01,30.25,32.4,25.0,239.0,0.5500533276367189,True,CALL,2026-09-18,LULU
LULU260918C00175000,175.0,29.56,27.85,30.1,7.0,231.0,0.5449874603271485,False,CALL,2026-09-18,LULU
LULU260918C00180000,180.0,30.75,25.2,29.6,2.0,311.0,0.5519453985595704,False,CALL,2026-09-18,LULU
LULU260918C00185000,185.0,26.48,23.35,26.35,1.0,64.0,0.5388534884643555,False,CALL,2026-09-18,LULU
LULU260918C00190000,190.0,25.22,21.55,23.3,53.0,130.0,0.5260362338256835,False,CALL,2026-09-18,LULU
LULU260918C00195000,195.0,26.65,20.1,22.2,2.0,171.0,0.5320481365966796,False,CALL,2026-09-18,LULU
LULU260918C00200000,200.0,19.7,18.45,19.4,3.0,339.0,0.5187426055908204,False,CALL,2026-09-18,LULU
LULU260918C00210000,210.0,15.85,15.3,16.35,2.0,291.0,0.5109912182617188,False,CALL,2026-09-18,LULU
LULU260918C00220000,220.0,13.48,12.9,13.9,38.0,399.0,0.5086719055175781,False,CALL,2026-09-18,LULU
LULU260918P00125000,125.0,5.4,5.45,6.25,5.0,123.0,0.48254911987304694,False,PUT,2026-09-18,LULU
LULU260918P00130000,130.0,5.39,6.45,7.4,47.0,621.0,0.4762015270996094,False,PUT,2026-09-18,LULU
LULU260918P00135000,135.0,8.29,7.7,8.85,5.0,239.0,0.4743094561767578,False,PUT,2026-09-18,LULU
LULU260918P00140000,140.0,10.0,9.55,10.35,3.0,121.0,0.46964031341552737,False,PUT,2026-09-18,LULU
LULU260918P00145000,145.0,8.26,9.75,12.2,1.0,152.0,0.46951824432373046,False,PUT,2026-09-18,LULU
LULU260918P00150000,150.0,13.22,12.25,14.2,2.0,245.0,0.4688468643188477,False,PUT,2026-09-18,LULU
LULU260918P00155000,155.0,15.53,14.25,16.05,1.0,130.0,0.4616142706298829,False,PUT,2026-09-18,LULU
LULU260918P00160000,160.0,14.4,16.25,19.4,1.0,2656.0,0.48102325622558595,False,PUT,2026-09-18,LULU
LULU260918P00165000,165.0,15.55,17.0,21.55,10.0,611.0,0.473210834350586,False,PUT,2026-09-18,LULU
LULU260918P00170000,170.0,22.15,21.35,22.55,17.0,471.0,0.4414423532104492,False,PUT,2026-09-18,LULU
LULU260918P00175000,175.0,24.45,23.4,25.25,1.0,137.0,0.43897045410156255,True,PUT,2026-09-18,LULU
LULU260918P00180000,180.0,25.05,24.2,29.75,1.0,404.0,0.46640548248291025,True,PUT,2026-09-18,LULU
LULU260918P00185000,185.0,27.1,28.6,31.4,7.0,215.0,0.4392451095581055,True,PUT,2026-09-18,LULU
LULU260918P00190000,190.0,26.5,29.95,34.1,3.0,420.0,0.4285640640258789,True,PUT,2026-09-18,LULU
LULU260918P00195000,195.0,34.52,34.95,37.4,2.0,407.0,0.4261837167358399,True,PUT,2026-09-18,LULU
LULU260918P00200000,200.0,37.5,37.1,40.55,10.0,337.0,0.4184933639526367,True,PUT,2026-09-18,LULU
LULU260918P00210000,210.0,37.77,45.1,47.85,1.0,857.0,0.41452611846923826,True,PUT,2026-09-18,LULU
LULU260918P00220000,220.0,52.0,52.45,55.5,1.0,622.0,0.4083005947875976,True,PUT,2026-09-18,LULU
LULU261218C00125000,125.0,106.41,60.25,66.15,1.0,3.0,0.6207313317871095,True,CALL,2026-12-18,LULU
LULU261218C00130000,130.0,71.08,57.2,62.6,1.0,26.0,0.6134682208251954,True,CALL,2026-12-18,LULU
LULU261218C00135000,135.0,88.75,51.0,59.6,1.0,7.0,0.5783428396606446,True,CALL,2026-12-18,LULU
LULU261218C00140000,140.0,87.86,50.65,55.95,9.0,18.0,0.5935709588623048,True,CALL,2026-12-18,LULU
LULU261218C00145000,145.0,86.2,47.6,52.85,2.0,15.0,0.5854533642578125,True,CALL,2026-12-18,LULU
LULU261218C00150000,150.0,51.5,45.2,49.75,2.0,302.0,0.5814556015014648,True,CALL,2026-12-18,LULU
LULU261218C00155000,155.0,52.9,42.85,47.05,3.0,26.0,0.5795330133056642,True,CALL,2026-12-18,LULU
LULU261218C00160000,160.0,53.5,38.8,44.35,1.0,56.0,0.5614667877197266,True,CALL,2026-12-18,LULU
LULU261218C00165000,165.0,51.0,38.0,41.75,2.0,77.0,0.5697980032348633,True,CALL,2026-12-18,LULU
LULU261218C00170000,170.0,40.24,34.7,38.75,3.0,139.0,0.5527083303833008,True,CALL,2026-12-18,LULU
LULU261218C00175000,175.0,35.0,31.65,36.3,1.0,134.0,0.5408065939331056,False,CALL,2026-12-18,LULU
LULU261218C00180000,180.0,32.4,30.9,34.65,1.0,702.0,0.5517317776489258,False,CALL,2026-12-18,LULU
LULU261218C00185000,185.0,30.55,27.7,31.1,24.0,206.0,0.5271958901977539,False,CALL,2026-12-18,LULU
LULU261218C00190000,190.0,28.69,25.3,29.3,2.0,200.0,0.52109243560791,False,CALL,2026-12-18,LULU
LULU261218C00195000,195.0,27.23,23.45,26.65,5.0,68.0,0.5112048391723633,False,CALL,2026-12-18,LULU
LULU261218C00200000,200.0,24.34,21.65,25.0,4.0,318.0,0.5079394909667969,False,CALL,2026-12-18,LULU
LULU261218C00210000,210.0,26.57,19.9,21.5,2.0,247.0,0.5101062173461915,False,CALL,2026-12-18,LULU
LULU261218C00220000,220.0,18.15,17.4,18.75,9.0,506.0,0.5072070764160157,False,CALL,2026-12-18,LULU
LULU261218P00125000,125.0,8.04,5.8,8.6,2.0,415.0,0.46845013977050787,False,PUT,2026-12-18,LULU
LULU261218P00130000,130.0,8.86,9.25,10.05,1.0,482.0,0.4651847915649414,False,PUT,2026-12-18,LULU
LULU261218P00135000,135.0,11.0,10.15,11.55,1.0,1164.0,0.4600884069824219,False,PUT,2026-12-18,LULU
LULU261218P00140000,140.0,12.5,12.45,13.2,6.0,1000.0,0.4554192642211914,False,PUT,2026-12-18,LULU
LULU261218P00145000,145.0,15.0,13.7,15.1,7.0,1338.0,0.4529473651123047,False,PUT,2026-12-18,LULU
LULU261218P00150000,150.0,16.69,16.35,17.0,13.0,522.0,0.44791201507568357,False,PUT,2026-12-18,LULU
LULU261218P00155000,155.0,18.81,18.4,19.05,15.0,582.0,0.4431818377685547,False,PUT,2026-12-18,LULU
LULU261218P00160000,160.0,20.15,20.35,21.3,1.0,477.0,0.4395502822875976,False,PUT,2026-12-18,LULU
LULU261218P00165000,165.0,23.1,22.6,23.7,2.0,699.0,0.4361018304443359,False,PUT,2026-12-18,LULU
LULU261218P00170000,170.0,24.79,23.95,26.1,10.0,173.0,0.4305171694946289,False,PUT,2026-12-18,LULU
LULU261218P00175000,175.0,27.9,27.4,29.5,2.0,300.0,0.43851269500732426,True,PUT,2026-12-18,LULU
LULU261218P00180000,180.0,28.38,30.3,31.95,1.0,209.0,0.4295406167602539,True,PUT,2026-12-18,LULU
LULU261218P00185000,185.0,28.55,32.8,34.55,1.0,129.0,0.4209957803344727,True,PUT,2026-12-18,LULU
LULU261218P00190000,190.0,34.32,35.75,38.85,1.0,168.0,0.43671217590332034,True,PUT,2026-12-18,LULU
LULU261218P00195000,195.0,38.25,37.8,41.75,1.0,108.0,0.4290523403930664,True,PUT,2026-12-18,LULU
LULU261218P00200000,200.0,42.55,41.3,45.4,3.0,582.0,0.431219066772461,True,PUT,2026-12-18,LULU
LULU261218P00210000,210.0,40.45,47.9,51.1,7.0,224.0,0.4050962811279296,True,PUT,2026-12-18,LULU
LULU261218P00220000,220.0,47.15,54.6,58.5,8.0,533.0,0.39893179199218753,True,PUT,2026-12-18,LULU
LULU270115C00125000,125.0,98.5,60.7,66.85,1.0,130.0,0.6076089044189454,True,CALL,2027-01-15,LULU
LULU270115C00130000,130.0,76.4,57.0,63.4,5.0,173.0,0.5945475115966796,True,CALL,2027-01-15,LULU
LULU270115C00135000,135.0,72.2,54.7,58.8,2.0,26.0,0.5826457751464844,True,CALL,2027-01-15,LULU
LULU270115C00140000,140.0,56.3,50.9,57.6,3.0,66.0,0.5868266415405273,True,CALL,2027-01-15,LULU
LULU270115C00145000,145.0,60.35,48.7,53.55,2.0,45.0,0.5775188732910157,True,CALL,2027-01-15,LULU
LULU270115C00150000,150.0,48.89,46.75,49.25,1.0,519.0,0.5667767932128907,True,CALL,2027-01-15,LULU
LULU270115C00155000,155.0,48.75,43.6,48.0,12.0,85.0,0.5700116241455078,True,CALL,2027-01-15,LULU
LULU270115C00160000,160.0,42.35,40.6,45.5,1.0,256.0,0.5623823059082032,True,CALL,2027-01-15,LULU
LULU270115C00165000,165.0,48.36,37.85,42.55,4.0,356.0,0.551762294921875,True,CALL,2027-01-15,LULU
LULU270115C00170000,170.0,37.65,35.3,37.65,2.0,340.0,0.5264024411010743,True,CALL,2027-01-15,LULU
LULU270115C00175000,175.0,40.5,32.95,37.6,1.0,304.0,0.5385788330078126,False,CALL,2027-01-15,LULU
LULU270115C00180000,180.0,32.85,32.15,35.15,3.0,181.0,0.5424850439453126,False,CALL,2027-01-15,LULU
LULU270115C00185000,185.0,34.2,29.2,33.95,3.0,270.0,0.5381515911865236,False,CALL,2027-01-15,LULU
LULU270115C00190000,190.0,29.62,28.15,31.95,2.0,153.0,0.5406234902954102,False,CALL,2027-01-15,LULU
LULU270115C00195000,195.0,26.5,26.45,27.65,4.0,189.0,0.519963296508789,False,CALL,2027-01-15,LULU
LULU270115C00200000,200.0,25.49,23.9,25.9,71.0,1464.0,0.510594493713379,False,CALL,2027-01-15,LULU
LULU270115C00210000,210.0,22.2,21.65,22.8,37.0,2434.0,0.512150874633789,False,CALL,2027-01-15,LULU
LULU270115C00220000,220.0,19.76,19.0,19.95,24.0,616.0,0.5079089736938477,False,CALL,2027-01-15,LULU
LULU270115P00125000,125.0,8.75,7.65,9.8,1.0,344.0,0.4770254934692383,False,PUT,2027-01-15,LULU
LULU270115P00130000,130.0,10.21,9.85,10.95,2.0,737.0,0.46555099884033213,False,PUT,2027-01-15,LULU
LULU270115P00135000,135.0,11.6,10.9,12.1,2.0,734.0,0.4524590887451172,False,PUT,2027-01-15,LULU
LULU270115P00140000,140.0,12.23,13.1,13.75,13.0,654.0,0.4473321868896484,False,PUT,2027-01-15,LULU
LULU270115P00145000,145.0,15.61,14.5,17.9,9.0,542.0,0.48456325988769533,False,PUT,2027-01-15,LULU
LULU270115P00150000,150.0,17.31,17.05,17.65,10.0,1088.0,0.44089304229736326,False,PUT,2027-01-15,LULU
LULU270115P00155000,155.0,19.55,19.15,19.7,21.0,1249.0,0.4359187268066406,False,PUT,2027-01-15,LULU
LULU270115P00160000,160.0,21.35,21.15,21.95,5.0,1391.0,0.43207355041503903,False,PUT,2027-01-15,LULU
LULU270115P00165000,165.0,23.6,22.25,24.65,12.0,652.0,0.4332026895141602,False,PUT,2027-01-15,LULU
LULU270115P00170000,170.0,23.06,25.0,27.1,1.0,1376.0,0.42828940856933595,False,PUT,2027-01-15,LULU
LULU270115P00175000,175.0,28.95,28.2,29.75,3.0,1399.0,0.42447474945068364,True,PUT,2027-01-15,LULU
LULU270115P00180000,180.0,26.65,30.85,32.75,4.0,824.0,0.42398647308349613,True,PUT,2027-01-15,LULU
LULU270115P00185000,185.0,34.55,33.9,35.25,4.0,363.0,0.41425146301269533,True,PUT,2027-01-15,LULU
LULU270115P00190000,190.0,37.25,36.5,39.75,4.0,655.0,0.4322566540527344,True,PUT,2027-01-15,LULU
LULU270115P00195000,195.0,36.54,40.2,41.5,1.0,456.0,0.407934387512207,True,PUT,2027-01-15,LULU
LULU270115P00200000,200.0,42.84,43.0,46.4,1.0,3356.0,0.42865561584472656,True,PUT,2027-01-15,LULU
LULU270115P00210000,210.0,43.41,47.15,52.5,3.0,693.0,0.4102842175292969,True,PUT,2027-01-15,LULU
LULU270115P00220000,220.0,53.15,55.65,59.75,4.0,718.0,0.40299058929443365,True,PUT,2027-01-15,LULU
LULU270617C00125000,125.0,102.45,67.45,71.75,1.0,1.0,0.6080666635131836,True,CALL,2027-06-17,LULU
LULU270617C00130000,130.0,76.2,61.9,70.0,,1.0,0.5914347497558594,True,CALL,2027-06-17,LULU
LULU270617C00140000,140.0,60.0,57.9,64.0,2.0,14.0,0.5919535433959963,True,CALL,2027-06-17,LULU
LULU270617C00150000,150.0,64.95,50.25,59.0,2.0,14.0,0.5675702423095703,True,CALL,2027-06-17,LULU
LULU270617C00155000,155.0,74.5,50.05,55.75,1.0,3.0,0.5743603355407714,True,CALL,2027-06-17,LULU
LULU270617C00160000,160.0,70.3,46.0,53.15,1.0,2.0,0.5577436804199221,True,CALL,2027-06-17,LULU
LULU270617C00170000,170.0,56.84,42.6,48.35,2.0,1.0,0.5562788513183594,True,CALL,2027-06-17,LULU
LULU270617C00175000,175.0,55.54,40.4,44.8,12.0,6.0,0.5432784930419923,False,CALL,2027-06-17,LULU
LULU270617C00180000,180.0,44.0,38.2,43.9,6.0,36.0,0.5464217721557618,False,CALL,2027-06-17,LULU
LULU270617C00185000,185.0,45.99,34.0,41.75,5.0,5.0,0.5280198565673828,False,CALL,2027-06-17,LULU
LULU270617C00190000,190.0,48.06,33.95,39.1,4.0,11.0,0.5317429638671876,False,CALL,2027-06-17,LULU
LULU270617C00195000,195.0,47.0,32.25,38.5,10.0,21.0,0.5369919348144532,False,CALL,2027-06-17,LULU
LULU270617C00200000,200.0,33.16,32.1,36.5,4.0,27.0,0.5422103884887697,False,CALL,2027-06-17,LULU
LULU270617C00210000,210.0,32.8,28.75,33.4,3.0,9.0,0.5368851243591308,False,CALL,2027-06-17,LULU
LULU270617C00220000,220.0,31.0,26.35,29.15,1.0,9.0,0.5272569247436524,False,CALL,2027-06-17,LULU
LULU270617P00125000,125.0,12.5,11.8,14.3,50.0,4.0,0.4805960144042969,False,PUT,2027-06-17,LULU
LULU270617P00130000,130.0,9.5,11.5,15.7,1.0,5.0,0.4706168661499024,False,PUT,2027-06-17,LULU
LULU270617P00135000,135.0,14.0,13.75,17.0,2.0,23.0,0.45786064605712895,False,PUT,2027-06-17,LULU
LULU270617P00140000,140.0,12.7,15.8,20.6,,9.0,0.47949739257812496,False,PUT,2027-06-17,LULU
LULU270617P00145000,145.0,14.09,17.8,22.6,,1.0,0.4739432489013672,False,PUT,2027-06-17,LULU
LULU270617P00150000,150.0,19.03,20.2,24.7,2.0,36.0,0.4684806570434571,False,PUT,2027-06-17,LULU
LULU270617P00155000,155.0,15.9,20.85,26.7,25.0,35.0,0.4603020278930664,False,PUT,2027-06-17,LULU
LULU270617P00160000,160.0,20.0,24.6,29.0,10.0,11.0,0.45502253967285156,False,PUT,2027-06-17,LULU
LULU270617P00165000,165.0,29.0,27.25,29.4,1.0,13.0,0.42358974853515624,False,PUT,2027-06-17,LULU
LULU270617P00175000,175.0,32.25,31.35,35.95,1.0,2.0,0.4324855335998535,True,PUT,2027-06-17,LULU
LULU270617P00180000,180.0,32.52,33.8,38.6,1.0,6.0,0.426885614013672,True,PUT,2027-06-17,LULU
LULU270617P00185000,185.0,34.74,37.85,42.1,1.0,12.0,0.4306087213134766,True,PUT,2027-06-17,LULU
LULU270617P00190000,190.0,40.5,38.0,44.0,1.0,4.0,0.4133359448242187,True,PUT,2027-06-17,LULU
LULU270617P00195000,195.0,39.77,41.45,47.05,1.0,10.0,0.40915507843017573,True,PUT,2027-06-17,LULU
LULU270617P00200000,200.0,34.16,45.65,50.1,42.0,26.0,0.4037840383911133,True,PUT,2027-06-17,LULU
LULU270617P00210000,210.0,47.62,51.8,57.75,1.0,4.0,0.40891094024658203,True,PUT,2027-06-17,LULU
LULU270617P00220000,220.0,62.52,60.7,63.55,1.0,1.0,0.3864197100830078,True,PUT,2027-06-17,LULU
LULU270917C00125000,125.0,68.75,71.0,76.45,2.0,3.0,0.624027197265625,True,CALL,2027-09-17,LULU
LULU270917C00130000,130.0,78.77,0.0,0.0,1.0,30.0,1.0000000000000003e-05,True,CALL,2027-09-17,LULU
LULU270917C00135000,135.0,64.6,0.0,0.0,2.0,6.0,1.0000000000000003e-05,True,CALL,2027-09-17,LULU
LULU270917C00140000,140.0,63.2,0.0,0.0,2.0,8.0,1.0000000000000003e-05,True,CALL,2027-09-17,LULU
LULU270917C00145000,145.0,59.2,0.0,0.0,2.0,5.0,1.0000000000000003e-05,True,CALL,2027-09-17,LULU
LULU270917C00150000,150.0,59.0,55.45,60.8,1.0,22.0,0.5682111050415039,True,CALL,2027-09-17,LULU
LULU270917C00155000,155.0,82.04,52.95,58.75,1.0,75.0,0.566257999572754,True,CALL,2027-09-17,LULU
LULU270917C00160000,160.0,79.11,50.05,57.0,4.0,34.0,0.5626417027282715,True,CALL,2027-09-17,LULU
LULU270917C00165000,165.0,75.9,46.0,55.0,2.0,18.0,0.5494734994506837,True,CALL,2027-09-17,LULU
LULU270917C00170000,170.0,62.47,43.25,53.0,1.0,74.0,0.5437057348632813,True,CALL,2027-09-17,LULU
LULU270917C00175000,175.0,58.65,41.9,51.0,1.0,36.0,0.5455215126037598,False,CALL,2027-09-17,LULU
LULU270917C00180000,180.0,68.27,39.75,46.85,1.0,26.0,0.5289811506652833,False,CALL,2027-09-17,LULU
LULU270917C00185000,185.0,50.45,39.25,47.0,1.0,56.0,0.5466964276123047,False,CALL,2027-09-17,LULU
LULU270917C00190000,190.0,52.0,36.35,44.5,1.0,25.0,0.5340012420654296,False,CALL,2027-09-17,LULU
LULU270917C00195000,195.0,59.54,36.2,42.9,1.0,5.0,0.5417221121215822,False,CALL,2027-09-17,LULU
LULU270917C00200000,200.0,47.96,35.35,39.9,2.0,48.0,0.5365952102661133,False,CALL,2027-09-17,LULU
LULU270917C00210000,210.0,43.6,29.0,38.0,1.0,5.0,0.5212602806091307,False,CALL,2027-09-17,LULU
LULU270917C00220000,220.0,39.7,29.15,34.35,1.0,26.0,0.5303086520385744,False,CALL,2027-09-17,LULU
LULU270917P00125000,125.0,10.53,11.45,15.4,3.0,13.0,0.4599358206176758,False,PUT,2027-09-17,LULU
LULU270917P00130000,130.0,14.33,13.75,18.75,1.0,51.0,0.4797720480346679,False,PUT,2027-09-17,LULU
LULU270917P00135000,135.0,18.15,14.2,20.4,16.0,107.0,0.4710746252441406,False,PUT,2027-09-17,LULU
LULU270917P00140000,140.0,21.6,17.25,22.8,24.0,27.0,0.47189859161376957,False,PUT,2027-09-17,LULU
LULU270917P00145000,145.0,13.8,19.65,24.65,66.0,787.0,0.4636589279174804,False,PUT,2027-09-17,LULU
LULU270917P00150000,150.0,18.23,20.55,26.75,21.0,33.0,0.45770805969238293,False,PUT,2027-09-17,LULU
LULU270917P00155000,155.0,18.6,22.8,27.9,5.0,185.0,0.43860424682617194,False,PUT,2027-09-17,LULU
LULU270917P00160000,160.0,23.35,24.15,31.5,1.0,138.0,0.44943787872314456,False,PUT,2027-09-17,LULU
LULU270917P00165000,165.0,25.35,26.0,35.05,6.0,31.0,0.4578911633300782,False,PUT,2027-09-17,LULU
LULU270917P00170000,170.0,22.99,29.0,35.2,3.0,24.0,0.4243221630859375,False,PUT,2027-09-17,LULU
LULU270917P00175000,175.0,30.32,32.0,39.65,1.0,28.0,0.44101511138916016,True,PUT,2027-09-17,LULU
LULU270917P00180000,180.0,34.0,35.25,43.35,10.0,173.0,0.4475000318908691,True,PUT,2027-09-17,LULU
LULU270917P00185000,185.0,29.62,37.0,44.75,2.0,5.0,0.42639733764648446,True,PUT,2027-09-17,LULU
LULU270917P00190000,190.0,31.81,40.0,49.25,2.0,21.0,0.43991648956298823,True,PUT,2027-09-17,LULU
LULU270917P00195000,195.0,36.75,44.0,50.7,1.0,8.0,0.4177151734924316,True,PUT,2027-09-17,LULU
LULU270917P00200000,200.0,39.68,47.4,52.85,1.0,109.0,0.40259386474609377,True,PUT,2027-09-17,LULU
LULU270917P00210000,210.0,51.37,53.0,63.0,1.0,31.0,0.43604079589843747,True,PUT,2027-09-17,LULU
LULU270917P00220000,220.0,47.5,61.9,66.3,6.0,3.0,0.3877624700927734,True,PUT,2027-09-17,LULU
LULU271217C00125000,125.0,87.11,70.0,78.75,1.0,8.0,0.5907633697509767,True,CALL,2027-12-17,LULU
LULU271217C00130000,130.0,99.6,70.0,76.0,1.0,9.0,0.6057778680419923,True,CALL,2027-12-17,LULU
LULU271217C00135000,135.0,98.8,64.0,72.75,1.0,10.0,0.5743145596313476,True,CALL,2027-12-17,LULU
LULU271217C00140000,140.0,93.0,64.1,70.0,1.0,13.0,0.5870707797241211,True,CALL,2027-12-17,LULU
LULU271217C00145000,145.0,78.5,60.75,67.7,1.0,4.0,0.5787700814819335,True,CALL,2027-12-17,LULU
LULU271217C00150000,150.0,91.8,57.0,65.0,4.0,24.0,0.5648847222900393,True,CALL,2027-12-17,LULU
LULU271217C00155000,155.0,79.6,55.0,62.6,50.0,45.0,0.5631147204589844,True,CALL,2027-12-17,LULU
LULU271217C00160000,160.0,83.0,54.65,59.75,2.0,60.0,0.5676007595825195,True,CALL,2027-12-17,LULU
LULU271217C00165000,165.0,84.3,52.2,57.7,1.0,54.0,0.5634198931884766,True,CALL,2027-12-17,LULU
LULU271217C00170000,170.0,52.5,49.6,53.75,2.0,69.0,0.5468184967041017,True,CALL,2027-12-17,LULU
LULU271217C00175000,175.0,73.73,47.3,53.2,1.0,27.0,0.5507552249145509,False,CALL,2027-12-17,LULU
LULU271217C00180000,180.0,73.28,44.8,51.05,1.0,22.0,0.5438125453186036,False,CALL,2027-12-17,LULU
LULU271217C00185000,185.0,69.95,43.9,49.0,2.0,31.0,0.545628323059082,False,CALL,2027-12-17,LULU
LULU271217C00190000,190.0,44.5,41.3,46.15,1.0,19.0,0.5331162411499023,False,CALL,2027-12-17,LULU
LULU271217C00195000,195.0,62.0,40.1,45.3,5.0,19.0,0.5384720225524904,False,CALL,2027-12-17,LULU
LULU271217C00200000,200.0,40.15,37.9,41.25,2.0,97.0,0.5206346765136718,False,CALL,2027-12-17,LULU
LULU271217C00210000,210.0,44.0,35.1,40.0,1.0,67.0,0.5284165811157228,False,CALL,2027-12-17,LULU
LULU271217C00220000,220.0,34.5,33.45,34.95,4.0,75.0,0.5198412274169921,False,CALL,2027-12-17,LULU
LULU271217P00125000,125.0,10.6,13.7,17.35,10.0,14.0,0.45770805969238293,False,PUT,2027-12-17,LULU
LULU271217P00130000,130.0,11.65,14.45,20.25,20.0,93.0,0.46820600158691406,False,PUT,2027-12-17,LULU
LULU271217P00135000,135.0,24.1,0.0,0.0,3.0,71.0,0.0312596875,False,PUT,2027-12-17,LULU
LULU271217P00140000,140.0,14.65,18.55,22.85,2.0,58.0,0.4402674382019042,False,PUT,2027-12-17,LULU
LULU271217P00145000,145.0,23.6,22.6,24.15,4.0,103.0,0.4256344058227539,False,PUT,2027-12-17,LULU
LULU271217P00150000,150.0,25.9,24.7,26.45,2.0,543.0,0.42273526489257807,False,PUT,2027-12-17,LULU
LULU271217P00155000,155.0,20.9,25.1,30.5,1.0,1191.0,0.439382437286377,False,PUT,2027-12-17,LULU
LULU271217P00160000,160.0,30.55,28.2,31.65,10.0,75.0,0.4204159521484375,False,PUT,2027-12-17,LULU
LULU271217P00165000,165.0,27.9,29.65,35.3,2.0,293.0,0.4293880303955079,False,PUT,2027-12-17,LULU
LULU271217P00170000,170.0,29.51,33.8,36.1,1.0,1728.0,0.40524886749267575,False,PUT,2027-12-17,LULU
LULU271217P00175000,175.0,32.75,34.8,41.0,2.0,85.0,0.4256191471862793,True,PUT,2027-12-17,LULU
LULU271217P00180000,180.0,35.25,37.45,42.05,1.0,145.0,0.40285326156616214,True,PUT,2027-12-17,LULU
LULU271217P00185000,185.0,39.95,41.95,45.9,2.0,76.0,0.40952128570556634,True,PUT,2027-12-17,LULU
LULU271217P00190000,190.0,46.0,43.8,49.1,11.0,48.0,0.4082243016052246,True,PUT,2027-12-17,LULU
LULU271217P00195000,195.0,45.18,47.9,50.9,1.0,83.0,0.39125669784545897,True,PUT,2027-12-17,LULU
LULU271217P00200000,200.0,45.6,50.5,54.55,17.0,71.0,0.39301144104003904,True,PUT,2027-12-17,LULU
LULU271217P00210000,210.0,44.03,56.45,61.4,1.0,19.0,0.3892730751037598,True,PUT,2027-12-17,LULU
LULU271217P00220000,220.0,51.56,62.5,67.65,1.0,499.0,0.3758607336425781,True,PUT,2027-12-17,LULU
LULU280121C00125000,125.0,79.95,73.8,78.8,61.0,30.0,0.6037332107543948,True,CALL,2028-01-21,LULU
LULU280121C00130000,130.0,104.12,69.85,76.75,2.0,30.0,0.5950357879638672,True,CALL,2028-01-21,LULU
LULU280121C00135000,135.0,81.66,68.2,72.4,2.0,16.0,0.5857432783508301,True,CALL,2028-01-21,LULU
LULU280121C00140000,140.0,72.6,65.45,70.75,10.0,30.0,0.5861857788085938,True,CALL,2028-01-21,LULU
LULU280121C00145000,145.0,97.44,59.0,68.55,2.0,35.0,0.5589643713378907,True,CALL,2028-01-21,LULU
LULU280121C00150000,150.0,67.5,60.35,65.45,1.0,169.0,0.5741314559936525,True,CALL,2028-01-21,LULU
LULU280121C00155000,155.0,68.52,57.45,63.05,2.0,9.0,0.5665173963928223,True,CALL,2028-01-21,LULU
LULU280121C00160000,160.0,67.9,53.45,61.0,1.0,79.0,0.5539747972106934,True,CALL,2028-01-21,LULU
LULU280121C00165000,165.0,63.54,53.25,58.75,2.0,46.0,0.5615888568115235,True,CALL,2028-01-21,LULU
LULU280121C00170000,170.0,57.75,50.7,56.5,152.0,314.0,0.5549360913085939,True,CALL,2028-01-21,LULU
LULU280121C00175000,175.0,52.35,48.5,53.75,1.0,134.0,0.5468947898864747,False,CALL,2028-01-21,LULU
LULU280121C00180000,180.0,52.0,47.5,51.65,3.0,660.0,0.548405394897461,False,CALL,2028-01-21,LULU
LULU280121C00185000,185.0,47.96,44.3,50.55,2.0,54.0,0.5427291821289064,False,CALL,2028-01-21,LULU
LULU280121C00190000,190.0,49.69,42.85,48.65,1.0,31.0,0.5415542671203615,False,CALL,2028-01-21,LULU
LULU280121C00195000,195.0,44.17,41.1,46.55,1.0,55.0,0.5371140039062501,False,CALL,2028-01-21,LULU
LULU280121C00200000,200.0,40.95,39.15,42.25,8.0,775.0,0.5195970892333983,False,CALL,2028-01-21,LULU
LULU280121C00210000,210.0,45.32,36.3,41.65,6.0,87.0,0.5302171002197267,False,CALL,2028-01-21,LULU
LULU280121C00220000,220.0,34.8,34.4,36.0,12.0,92.0,0.5173998455810547,False,CALL,2028-01-21,LULU
LULU280121P00125000,125.0,15.54,14.05,18.7,2.0,105.0,0.4660850511169434,False,PUT,2028-01-21,LULU
LULU280121P00130000,130.0,15.85,15.7,20.5,2.0,100.0,0.4602104760742188,False,PUT,2028-01-21,LULU
LULU280121P00135000,135.0,14.55,17.1,20.4,1.0,143.0,0.42809104629516603,False,PUT,2028-01-21,LULU
LULU280121P00140000,140.0,17.95,18.85,24.6,1.0,36.0,0.4517571914672852,False,PUT,2028-01-21,LULU
LULU280121P00145000,145.0,21.85,23.05,24.95,131.0,235.0,0.4250240603637696,False,PUT,2028-01-21,LULU
LULU280121P00150000,150.0,25.0,25.65,26.85,1.0,540.0,0.41712008666992184,False,PUT,2028-01-21,LULU
LULU280121P00155000,155.0,19.8,26.0,30.9,1.0,2.0,0.43326372406005864,False,PUT,2028-01-21,LULU
LULU280121P00160000,160.0,28.5,29.45,31.8,3.0,126.0,0.41181008117675777,False,PUT,2028-01-21,LULU
LULU280121P00165000,165.0,29.38,30.1,35.75,2.0,185.0,0.4238491453552246,False,PUT,2028-01-21,LULU
LULU280121P00170000,170.0,36.18,34.6,36.6,3.0,157.0,0.40073231109619145,False,PUT,2028-01-21,LULU
LULU280121P00175000,175.0,37.78,37.2,39.5,1.0,83.0,0.39920644744873046,True,PUT,2028-01-21,LULU
LULU280121P00180000,180.0,40.7,39.0,42.55,3.0,217.0,0.39826041198730466,True,PUT,2028-01-21,LULU
LULU280121P00185000,185.0,40.46,41.5,45.6,1.0,59.0,0.3963683410644532,True,PUT,2028-01-21,LULU
LULU280121P00190000,190.0,47.4,43.05,50.75,2.0,118.0,0.41535008483886715,True,PUT,2028-01-21,LULU
LULU280121P00195000,195.0,43.06,46.0,52.95,10.0,59.0,0.4028380029296875,True,PUT,2028-01-21,LULU
LULU280121P00200000,200.0,48.19,50.75,54.8,2.0,84.0,0.38597720962524407,True,PUT,2028-01-21,LULU
LULU280121P00210000,210.0,59.71,57.6,62.1,10.0,238.0,0.3869842796325683,True,PUT,2028-01-21,LULU
LULU280121P00220000,220.0,65.07,63.3,69.0,2.0,545.0,0.3808350491333008,True,PUT,2028-01-21,LULU
LUMN260130C00006500,6.5,2.46,1.95,3.35,5.0,7.0,4.4687544140624995,True,CALL,2026-01-30,LUMN
LUMN260130C00007000,7.0,1.86,1.48,2.63,3.0,71.0,3.06250234375,True,CALL,2026-01-30,LUMN
LUMN260130C00007500,7.5,1.75,1.11,2.12,1.0,24.0,2.80469048828125,True,CALL,2026-01-30,LUMN
LUMN260130C00008000,8.0,0.95,0.49,1.15,7.0,472.0,2.2968792578125,True,CALL,2026-01-30,LUMN
LUMN260130C00008500,8.5,0.51,0.45,0.69,12.0,264.0,1.21875390625,True,CALL,2026-01-30,LUMN
LUMN260130C00009000,9.0,0.15,0.13,0.24,427.0,3237.0,0.8359391406249999,False,CALL,2026-01-30,LUMN
LUMN260130C00009500,9.5,0.02,0.02,0.04,826.0,1887.0,0.7187528125,False,CALL,2026-01-30,LUMN
LUMN260130C00010000,10.0,0.01,0.0,0.01,1519.0,5416.0,0.7812521875,False,CALL,2026-01-30,LUMN
LUMN260130C00010500,10.5,0.02,0.0,0.03,7.0,2468.0,1.2500037499999999,False,CALL,2026-01-30,LUMN
LUMN260130C00011000,11.0,0.01,0.0,0.03,16.0,1657.0,1.5312523437499999,False,CALL,2026-01-30,LUMN
LUMN260130C00011500,11.5,0.01,0.0,0.55,13.0,16.0,3.750000625,False,CALL,2026-01-30,LUMN
LUMN260130P00006500,6.5,0.01,0.0,0.21,1.0,309.0,3.50000125,False,PUT,2026-01-30,LUMN
LUMN260130P00007000,7.0,0.02,0.02,0.04,13.0,966.0,2.0937547656249995,False,PUT,2026-01-30,LUMN
LUMN260130P00007500,7.5,0.02,0.0,0.02,7.0,301.0,1.2812535937499998,False,PUT,2026-01-30,LUMN
LUMN260130P00008000,8.0,0.02,0.01,0.08,14.0,337.0,1.2500037499999999,False,PUT,2026-01-30,LUMN
LUMN260130P00008500,8.5,0.06,0.03,0.07,50.0,828.0,0.7500025,False,PUT,2026-01-30,LUMN
LUMN260130P00009000,9.0,0.21,0.18,0.24,55.0,256.0,0.64062859375,True,PUT,2026-01-30,LUMN
LUMN260130P00009500,9.5,0.69,0.4,0.78,314.0,359.0,0.5937540625000001,True,PUT,2026-01-30,LUMN
LUMN260130P00010000,10.0,1.13,0.85,1.41,10.0,38.0,1.3125034374999998,True,PUT,2026-01-30,LUMN
LUMN260130P00010500,10.5,1.17,1.12,1.9,1.0,1.0,3.156252109375,True,PUT,2026-01-30,LUMN
LUMN260130P00011000,11.0,2.6,1.62,2.42,,0.0,3.6953132617187503,True,PUT,2026-01-30,LUMN
LUMN260130P00011500,11.5,2.5,2.12,3.05,,0.0,1.6875015625,True,PUT,2026-01-30,LUMN
LUMN260206C00006500,6.5,2.3,2.0,3.4,1.0,32.0,2.269535576171875,True,CALL,2026-02-06,LUMN
LUMN260206C00007000,7.0,2.4,1.56,2.63,63.0,302.0,1.5859395703124997,True,CALL,2026-02-06,LUMN
LUMN260206C00007500,7.5,1.54,1.3,2.92,31.0,24.0,2.496097509765625,True,CALL,2026-02-06,LUMN
LUMN260206C00008000,8.0,1.32,1.19,1.3,4.0,253.0,1.2968785156249998,True,CALL,2026-02-06,LUMN
LUMN260206C00008500,8.5,0.95,0.86,0.99,5.0,1023.0,1.2695349023437497,True,CALL,2026-02-06,LUMN
LUMN260206C00009000,9.0,0.7,0.63,0.72,345.0,1427.0,1.2695349023437497,False,CALL,2026-02-06,LUMN
LUMN260206C00009500,9.5,0.5,0.5,0.5,77.0,2352.0,1.3085972070312497,False,CALL,2026-02-06,LUMN
LUMN260206C00010000,10.0,0.32,0.3,0.39,115.0,1561.0,1.29297228515625,False,CALL,2026-02-06,LUMN
LUMN260206C00010500,10.5,0.23,0.2,0.25,64.0,527.0,1.2695349023437497,False,CALL,2026-02-06,LUMN
LUMN260206C00011000,11.0,0.22,0.13,0.21,49.0,845.0,1.3281283593749997,False,CALL,2026-02-06,LUMN
LUMN260206C00011500,11.5,0.19,0.08,0.16,22.0,154.0,1.3437532812499997,False,CALL,2026-02-06,LUMN
LUMN260206P00006500,6.5,0.01,0.0,0.6,11.0,134.0,2.3476603808593746,False,PUT,2026-02-06,LUMN
LUMN260206P00007000,7.0,0.1,0.07,0.14,24.0,1438.0,1.3515657421874998,False,PUT,2026-02-06,LUMN
LUMN260206P00007500,7.5,0.16,0.14,0.2,3.0,365.0,1.2656286718749998,False,PUT,2026-02-06,LUMN
LUMN260206P00008000,8.0,0.29,0.25,0.33,7.0,328.0,1.23047259765625,False,PUT,2026-02-06,LUMN
LUMN260206P00008500,8.5,0.46,0.42,0.51,5.0,282.0,1.203128984375,False,PUT,2026-02-06,LUMN
LUMN260206P00009000,9.0,0.77,0.66,0.76,12.0,179.0,1.19922275390625,True,PUT,2026-02-06,LUMN
LUMN260206P00009500,9.5,0.98,0.97,1.09,4.0,11.0,1.2265663671875,True,PUT,2026-02-06,LUMN
LUMN260206P00010000,10.0,1.19,1.33,1.46,2.0,74.0,1.2460975195312498,True,PUT,2026-02-06,LUMN
LUMN260206P00010500,10.5,1.5,1.74,1.86,4.0,4.0,1.2695349023437497,True,PUT,2026-02-06,LUMN
LUMN260206P00011000,11.0,3.1,1.58,2.53,1.0,0.0,1.97265638671875,True,PUT,2026-02-06,LUMN
LUMN260213C00006500,6.5,1.87,2.2,3.4,,10.0,1.9296878515625,True,CALL,2026-02-13,LUMN
LUMN260213C00007000,7.0,2.62,1.59,2.74,1.0,88.0,1.3515657421874998,True,CALL,2026-02-13,LUMN
LUMN260213C00007500,7.5,1.54,1.36,2.31,10.0,15.0,1.40625296875,True,CALL,2026-02-13,LUMN
LUMN260213C00008000,8.0,1.61,1.26,1.39,60.0,324.0,1.1015669921875002,True,CALL,2026-02-13,LUMN
LUMN260213C00008500,8.5,1.0,0.94,1.09,5.0,64.0,1.0800827246093752,True,CALL,2026-02-13,LUMN
LUMN260213C00009000,9.0,0.83,0.71,0.83,34.0,413.0,1.0800827246093752,False,CALL,2026-02-13,LUMN
LUMN260213C00009500,9.5,0.59,0.49,0.64,16.0,321.0,1.0703171484375003,False,CALL,2026-02-13,LUMN
LUMN260213C00010000,10.0,0.43,0.35,0.47,10.0,1089.0,1.0664109179687502,False,CALL,2026-02-13,LUMN
LUMN260213C00010500,10.5,0.48,0.24,0.36,15.0,112.0,1.0781296093750001,False,CALL,2026-02-13,LUMN
LUMN260213C00011000,11.0,0.29,0.17,0.28,141.0,192.0,1.1015669921875002,False,CALL,2026-02-13,LUMN
LUMN260213C00011500,11.5,0.26,0.12,0.22,5.0,32.0,1.125004375,False,CALL,2026-02-13,LUMN
LUMN260213P00006500,6.5,0.04,0.04,0.75,5.0,71.0,1.97265638671875,False,PUT,2026-02-13,LUMN
LUMN260213P00007000,7.0,0.09,0.09,0.19,520.0,398.0,1.109379453125,False,PUT,2026-02-13,LUMN
LUMN260213P00007500,7.5,0.12,0.19,0.28,2.0,196.0,1.08203583984375,False,PUT,2026-02-13,LUMN
LUMN260213P00008000,8.0,0.37,0.31,0.36,2.0,197.0,0.9960937890625,False,PUT,2026-02-13,LUMN
LUMN260213P00008500,8.5,0.6,0.49,0.61,10.0,50.0,1.0234423828125,False,PUT,2026-02-13,LUMN
LUMN260213P00009000,9.0,0.63,0.74,0.86,30.0,42.0,1.01953615234375,True,PUT,2026-02-13,LUMN
LUMN260213P00009500,9.5,0.88,1.02,1.14,4.0,7.0,0.9882813671875,True,PUT,2026-02-13,LUMN
LUMN260213P00010000,10.0,1.3,1.19,1.49,20.0,22.0,0.84961087890625,True,PUT,2026-02-13,LUMN
LUMN260220C00006500,6.5,1.72,2.2,3.2,,70.0,1.4179716601562502,True,CALL,2026-02-20,LUMN
LUMN260220C00007000,7.0,1.8,1.99,2.31,1.0,700.0,1.0976607617187502,True,CALL,2026-02-20,LUMN
LUMN260220C00007500,7.5,1.4,1.4,2.34,1.0,2.0,1.22266013671875,True,CALL,2026-02-20,LUMN
LUMN260220C00008000,8.0,1.37,1.31,1.45,55.0,1271.0,0.992187578125,True,CALL,2026-02-20,LUMN
LUMN260220C00008500,8.5,1.04,1.01,1.15,22.0,213.0,0.9765627343750001,True,CALL,2026-02-20,LUMN
LUMN260220C00009000,9.0,0.8,0.79,0.85,304.0,19993.0,0.9570316796874999,False,CALL,2026-02-20,LUMN
LUMN260220C00009500,9.5,0.63,0.59,0.66,97.0,511.0,0.9589847851562499,False,CALL,2026-02-20,LUMN
LUMN260220C00010000,10.0,0.47,0.44,0.52,291.0,6270.0,0.9726565234375,False,CALL,2026-02-20,LUMN
LUMN260220C00010500,10.5,0.35,0.32,0.4,167.0,2386.0,0.9765627343750001,False,CALL,2026-02-20,LUMN
LUMN260220C00011000,11.0,0.32,0.23,0.31,55.0,4508.0,0.98437515625,False,CALL,2026-02-20,LUMN
LUMN260220C00011500,11.5,0.2,0.17,0.25,11.0,344.0,1.0039112304687499,False,CALL,2026-02-20,LUMN
LUMN260220P00006500,6.5,0.2,0.06,0.19,,735.0,1.0859420703125,False,PUT,2026-02-20,LUMN
LUMN260220P00007000,7.0,0.1,0.12,0.16,1.0,1655.0,0.9257819921875,False,PUT,2026-02-20,LUMN
LUMN260220P00007500,7.5,0.25,0.22,0.27,21.0,10107.0,0.9179695703125,False,PUT,2026-02-20,LUMN
LUMN260220P00008000,8.0,0.41,0.37,0.39,13.0,1212.0,0.89257919921875,False,PUT,2026-02-20,LUMN
LUMN260220P00008500,8.5,0.6,0.55,0.6,12.0,54.0,0.8828136718749999,False,PUT,2026-02-20,LUMN
LUMN260220P00009000,9.0,0.82,0.8,0.88,22.0,277.0,0.8945323046874999,True,PUT,2026-02-20,LUMN
LUMN260220P00009500,9.5,1.08,1.11,1.18,53.0,53.0,0.8984385156249999,True,PUT,2026-02-20,LUMN
LUMN260220P00010000,10.0,1.2,1.45,1.55,1.0,79.0,0.9082040429687499,True,PUT,2026-02-20,LUMN
LUMN260220P00010500,10.5,1.99,1.85,1.93,2.0,2.0,0.9179695703125,True,PUT,2026-02-20,LUMN
LUMN260220P00011000,11.0,2.0,2.26,2.36,6.0,8.0,0.9335944140625,True,PUT,2026-02-20,LUMN
LUMN260227C00007000,7.0,2.4,1.8,3.2,4.0,8.0,1.46875265625,True,CALL,2026-02-27,LUMN
LUMN260227C00007500,7.5,1.35,0.75,3.45,2.0,4.0,1.3554719726562499,True,CALL,2026-02-27,LUMN
LUMN260227C00008000,8.0,1.82,1.48,1.6,3.0,57.0,1.0488328808593752,True,CALL,2026-02-27,LUMN
LUMN260227C00008500,8.5,1.18,1.2,1.31,18.0,313.0,1.0351610742187503,True,CALL,2026-02-27,LUMN
LUMN260227C00009000,9.0,1.07,0.98,1.08,4.0,419.0,1.0449266503906252,False,CALL,2026-02-27,LUMN
LUMN260227C00009500,9.5,1.09,0.73,0.88,30.0,285.0,1.017583037109375,False,CALL,2026-02-27,LUMN
LUMN260227C00010000,10.0,0.68,0.61,0.7,2.0,737.0,1.0312548437500002,False,CALL,2026-02-27,LUMN
LUMN260227C00010500,10.5,0.48,0.44,0.57,1.0,346.0,1.015629921875,False,CALL,2026-02-27,LUMN
LUMN260227C00011000,11.0,0.43,0.38,0.48,34.0,864.0,1.052739111328125,False,CALL,2026-02-27,LUMN
LUMN260227C00011500,11.5,0.49,0.29,0.4,63.0,78.0,1.05859845703125,False,CALL,2026-02-27,LUMN
LUMN260227P00006500,6.5,0.29,0.13,1.2,70.0,82.0,1.8417976660156248,False,PUT,2026-02-27,LUMN
LUMN260227P00007000,7.0,0.29,0.2,0.25,13.0,21.0,0.9609378906249999,False,PUT,2026-02-27,LUMN
LUMN260227P00007500,7.5,0.31,0.32,0.44,1.0,243.0,0.9882813671875,False,PUT,2026-02-27,LUMN
LUMN260227P00008000,8.0,0.55,0.51,0.61,32.0,93.0,0.9882813671875,False,PUT,2026-02-27,LUMN
LUMN260227P00008500,8.5,0.75,0.69,0.82,1.0,15643.0,0.9589847851562499,False,PUT,2026-02-27,LUMN
LUMN260227P00009000,9.0,0.9,0.94,1.09,5.0,12891.0,0.9570316796874999,True,PUT,2026-02-27,LUMN
LUMN260227P00009500,9.5,1.1,1.23,1.39,1.0,43.0,0.9492192578124999,True,PUT,2026-02-27,LUMN
LUMN260306C00009000,9.0,1.08,1.0,1.15,4.0,116.0,0.9804689453125001,False,CALL,2026-03-06,LUMN
LUMN260306C00009500,9.5,0.98,0.79,0.95,2.0,51.0,0.973633076171875,False,CALL,2026-03-06,LUMN
LUMN260306C00010000,10.0,0.68,0.62,0.79,225.0,217.0,0.973633076171875,False,CALL,2026-03-06,LUMN
LUMN260306C00010500,10.5,0.52,0.52,0.61,102.0,111.0,0.9707034179687499,False,CALL,2026-03-06,LUMN
LUMN260306C00011000,11.0,0.61,0.38,0.54,246.0,264.0,0.9785158398437501,False,CALL,2026-03-06,LUMN
LUMN260306C00011500,11.5,0.4,0.31,0.45,1.0,16.0,0.992187578125,False,CALL,2026-03-06,LUMN
LUMN260306P00007000,7.0,0.32,0.23,0.37,1.0,11.0,0.9726565234375,False,PUT,2026-03-06,LUMN
LUMN260306P00007500,7.5,0.5,0.35,0.5,11.0,11.0,0.9414068359375,False,PUT,2026-03-06,LUMN
LUMN260320C00007000,7.0,2.4,2.2,2.6,15.0,11.0,1.021489267578125,True,CALL,2026-03-20,LUMN
LUMN260320C00008000,8.0,1.65,1.64,1.8,3.0,97.0,0.9580082324218748,True,CALL,2026-03-20,LUMN
LUMN260320C00009000,9.0,1.25,1.12,1.26,16.0,274.0,0.922852333984375,False,CALL,2026-03-20,LUMN
LUMN260320C00010000,10.0,0.81,0.79,0.86,130.0,3384.0,0.920899228515625,False,CALL,2026-03-20,LUMN
LUMN260320C00011000,11.0,0.55,0.55,0.6,139.0,518.0,0.929688203125,False,CALL,2026-03-20,LUMN
LUMN260320P00007000,7.0,0.39,0.31,0.45,7.0,40.0,0.9179695703125,False,PUT,2026-03-20,LUMN
LUMN260320P00008000,8.0,0.66,0.65,0.71,2.0,228.0,0.860352958984375,False,PUT,2026-03-20,LUMN
LUMN260320P00009000,9.0,1.05,1.1,1.23,1.0,62.0,0.8466812207031249,True,PUT,2026-03-20,LUMN
LUMN260417C00007000,7.0,2.86,2.27,2.67,1.0,3013.0,0.8789074609374999,True,CALL,2026-04-17,LUMN
LUMN260417C00008000,8.0,1.95,1.85,2.02,840.0,3532.0,0.9150399121093751,True,CALL,2026-04-17,LUMN
LUMN260417C00009000,9.0,1.4,1.37,1.5,20.0,11693.0,0.8916026464843749,False,CALL,2026-04-17,LUMN
LUMN260417C00010000,10.0,1.08,1.01,1.07,123.0,7444.0,0.8710950390625,False,CALL,2026-04-17,LUMN
LUMN260417C00011000,11.0,0.85,0.75,0.8,190.0,31805.0,0.87695435546875,False,CALL,2026-04-17,LUMN
LUMN260417P00007000,7.0,0.53,0.44,0.5,20.0,2470.0,0.8164080859374999,False,PUT,2026-04-17,LUMN
LUMN260417P00008000,8.0,0.87,0.84,0.87,6.0,1615.0,0.8105487695312499,False,PUT,2026-04-17,LUMN
LUMN260417P00009000,9.0,1.4,1.31,1.42,2.0,1275.0,0.8027363476562499,True,PUT,2026-04-17,LUMN
LUMN260417P00010000,10.0,1.9,1.97,2.05,3.0,921.0,0.80664255859375,True,PUT,2026-04-17,LUMN
LUMN260417P00011000,11.0,2.51,2.64,2.84,6.0,905.0,0.80664255859375,True,PUT,2026-04-17,LUMN
LUMN260717C00007000,7.0,3.22,2.86,3.1,5.0,283.0,0.875977802734375,True,CALL,2026-07-17,LUMN
LUMN260717C00008000,8.0,2.37,2.36,2.59,18.0,643.0,0.8720715917968749,True,CALL,2026-07-17,LUMN
LUMN260717C00009000,9.0,1.97,1.9,2.09,16.0,733.0,0.8447281152343749,False,CALL,2026-07-17,LUMN
LUMN260717C00010000,10.0,1.62,1.54,1.78,21.0,1105.0,0.848634326171875,False,CALL,2026-07-17,LUMN
LUMN260717C00011000,11.0,1.57,1.22,1.45,2.0,1524.0,0.8320329296874999,False,CALL,2026-07-17,LUMN
LUMN260717P00007000,7.0,0.86,0.8,0.96,10.0,681.0,0.7832052929687501,False,PUT,2026-07-17,LUMN
LUMN260717P00008000,8.0,1.3,1.23,1.52,5.0,262.0,0.7919942675781251,False,PUT,2026-07-17,LUMN
LUMN260717P00009000,9.0,1.88,1.75,1.93,1.0,156.0,0.747072841796875,True,PUT,2026-07-17,LUMN
LUMN260717P00010000,10.0,2.34,2.39,2.58,2.0,277.0,0.7460962890625,True,PUT,2026-07-17,LUMN
LUMN260717P00011000,11.0,3.93,3.1,3.45,17.0,119.0,0.7763694238281251,True,PUT,2026-07-17,LUMN
LUMN261218C00007000,7.0,3.87,3.4,3.8,11.0,3480.0,0.870118486328125,True,CALL,2026-12-18,LUMN
LUMN261218C00010000,10.0,2.51,2.22,2.45,15.0,7408.0,0.8193377441406249,False,CALL,2026-12-18,LUMN
LUMN261218P00007000,7.0,1.3,1.3,1.41,530.0,1888.0,0.7485376708984376,False,PUT,2026-12-18,LUMN
LUMN261218P00010000,10.0,2.84,2.98,3.5,3.0,4357.0,0.7675804492187501,True,PUT,2026-12-18,LUMN
LUMN270115C00007000,7.0,3.4,3.5,3.75,45.0,3923.0,0.8442398388671875,True,CALL,2027-01-15,LUMN
LUMN270115C00010000,10.0,2.42,2.31,2.53,20.0,13675.0,0.8110370458984374,False,CALL,2027-01-15,LUMN
LUMN270115P00007000,7.0,1.34,1.34,1.5,40.0,5301.0,0.7421900781249999,False,PUT,2027-01-15,LUMN
LUMN270115P00010000,10.0,3.29,3.05,3.55,4.0,2226.0,0.7539087109375,True,PUT,2027-01-15,LUMN
LUMN271217C00007000,7.0,4.8,4.25,4.8,109.0,3879.0,0.8466812207031249,True,CALL,2027-12-17,LUMN
LUMN271217C00010000,10.0,2.5,3.0,3.7,125.0,2553.0,0.782228740234375,False,CALL,2027-12-17,LUMN
LUMN271217P00007000,7.0,2.15,1.45,2.49,5.0,793.0,0.6752962158203126,False,PUT,2027-12-17,LUMN
LUMN271217P00010000,10.0,4.95,3.65,5.0,1.0,260.0,0.7602563037109377,True,PUT,2027-12-17,LUMN
LUMN280121C00007000,7.0,4.48,4.1,4.75,1.0,1797.0,0.79883013671875,True,CALL,2028-01-21,LUMN
LUMN280121C00010000,10.0,3.4,3.2,3.8,1.0,1753.0,0.795900478515625,False,CALL,2028-01-21,LUMN
LUMN280121P00007000,7.0,2.08,1.55,2.6,1.0,911.0,0.6860382958984376,False,PUT,2028-01-21,LUMN
LUMN280121P00010000,10.0,4.04,3.5,4.35,1.0,721.0,0.6557651611328126,True,PUT,2028-01-21,LUMN
LUNR260130C00015000,15.0,5.75,5.55,6.6,6.0,373.0,3.83593791015625,True,CALL,2026-01-30,LUNR
LUNR260130C00015500,15.5,7.5,5.05,6.15,3.0,233.0,3.750000625,True,CALL,2026-01-30,LUNR
LUNR260130C00016000,16.0,5.3,4.55,5.15,1.0,231.0,1.0000000000000003e-05,True,CALL,2026-01-30,LUNR
LUNR260130C00016500,16.5,4.55,4.05,4.95,171.0,439.0,2.4062539843749997,True,CALL,2026-01-30,LUNR
LUNR260130C00017000,17.0,4.01,3.55,4.15,62.0,671.0,1.0000000000000003e-05,True,CALL,2026-01-30,LUNR
LUNR260130C00017500,17.5,3.61,2.85,4.65,2.0,128.0,3.8984377539062502,True,CALL,2026-01-30,LUNR
LUNR260130C00018000,18.0,2.91,2.6,3.3,26.0,733.0,1.0000000000000003e-05,True,CALL,2026-01-30,LUNR
LUNR260130C00018500,18.5,2.4,2.15,2.71,14.0,788.0,1.0000000000000003e-05,True,CALL,2026-01-30,LUNR
LUNR260130C00019000,19.0,2.08,2.09,2.27,14.0,1119.0,1.0000000000000003e-05,True,CALL,2026-01-30,LUNR
LUNR260130C00019500,19.5,1.69,1.08,2.24,21.0,520.0,1.79296978515625,True,CALL,2026-01-30,LUNR
LUNR260130C00020000,20.0,1.21,1.15,1.44,667.0,3835.0,0.8437515624999999,True,CALL,2026-01-30,LUNR
LUNR260130C00020500,20.5,0.89,0.82,1.14,117.0,857.0,0.7070341796875,True,CALL,2026-01-30,LUNR
LUNR260130C00021000,21.0,0.55,0.59,0.71,751.0,1475.0,0.73633076171875,True,CALL,2026-01-30,LUNR
LUNR260130C00021500,21.5,0.43,0.36,0.68,239.0,1247.0,0.9433599414062499,False,CALL,2026-01-30,LUNR
LUNR260130C00022000,22.0,0.33,0.22,0.37,494.0,2399.0,0.8828136718749999,False,CALL,2026-01-30,LUNR
LUNR260130C00022500,22.5,0.22,0.17,0.25,393.0,1823.0,0.9687503125,False,CALL,2026-01-30,LUNR
LUNR260130C00023000,23.0,0.14,0.16,0.2,809.0,2022.0,1.11328568359375,False,CALL,2026-01-30,LUNR
LUNR260130C00023500,23.5,0.1,0.06,0.13,162.0,129.0,1.0664109179687502,False,CALL,2026-01-30,LUNR
LUNR260130C00024000,24.0,0.09,0.07,0.09,2000.0,2610.0,1.171879140625,False,CALL,2026-01-30,LUNR
LUNR260130C00024500,24.5,0.07,0.04,0.08,113.0,164.0,1.2343788281249999,False,CALL,2026-01-30,LUNR
LUNR260130C00025000,25.0,0.05,0.05,0.07,1156.0,1358.0,1.3750031249999999,False,CALL,2026-01-30,LUNR
LUNR260130C00025500,25.5,0.09,0.02,0.32,1.0,58.0,1.9296878515625,False,CALL,2026-01-30,LUNR
LUNR260130C00026000,26.0,0.05,0.04,0.1,584.0,2325.0,1.6796891015625,False,CALL,2026-01-30,LUNR
LUNR260130C00026500,26.5,0.15,0.0,0.57,161.0,154.0,2.56250359375,False,CALL,2026-01-30,LUNR
LUNR260130C00027000,27.0,0.04,0.01,0.11,503.0,11.0,1.8671881640625,False,CALL,2026-01-30,LUNR
LUNR260130P00015000,15.0,0.12,0.0,0.08,56.0,204.0,2.5468786328124997,False,PUT,2026-01-30,LUNR
LUNR260130P00015500,15.5,0.12,0.0,0.23,7.0,182.0,2.8906277734375,False,PUT,2026-01-30,LUNR
LUNR260130P00016000,16.0,0.04,0.02,0.05,22.0,1282.0,2.0937547656249995,False,PUT,2026-01-30,LUNR
LUNR260130P00016500,16.5,0.13,0.01,0.13,3.0,449.0,2.1718795703125,False,PUT,2026-01-30,LUNR
LUNR260130P00017000,17.0,0.1,0.02,0.07,37.0,949.0,1.7968760156249999,False,PUT,2026-01-30,LUNR
LUNR260130P00017500,17.5,0.01,0.01,0.1,91.0,504.0,1.671876640625,False,PUT,2026-01-30,LUNR
LUNR260130P00018000,18.0,0.05,0.04,0.07,81.0,1775.0,1.4765651171875,False,PUT,2026-01-30,LUNR
LUNR260130P00018500,18.5,0.11,0.05,0.11,123.0,558.0,1.40625296875,False,PUT,2026-01-30,LUNR
LUNR260130P00019000,19.0,0.13,0.08,0.18,116.0,471.0,1.3750031249999999,False,PUT,2026-01-30,LUNR
LUNR260130P00019500,19.5,0.2,0.13,0.27,121.0,422.0,1.3398470507812497,False,PUT,2026-01-30,LUNR
LUNR260130P00020000,20.0,0.35,0.08,0.33,495.0,623.0,1.1015669921875002,False,PUT,2026-01-30,LUNR
LUNR260130P00020500,20.5,0.44,0.36,0.51,174.0,685.0,1.2695349023437497,False,PUT,2026-01-30,LUNR
LUNR260130P00021000,21.0,0.71,0.57,0.98,3500.0,498.0,1.4960962695312499,False,PUT,2026-01-30,LUNR
LUNR260130P00021500,21.5,1.03,0.9,1.27,375.0,225.0,1.5859395703124997,True,PUT,2026-01-30,LUNR
LUNR260130P00022000,22.0,1.5,1.22,1.97,909.0,1087.0,1.93359408203125,True,PUT,2026-01-30,LUNR
LUNR260130P00022500,22.5,1.89,1.3,2.16,43.0,158.0,1.623048759765625,True,PUT,2026-01-30,LUNR
LUNR260130P00023000,23.0,1.82,1.03,2.75,16.0,30.0,1.22266013671875,True,PUT,2026-01-30,LUNR
LUNR260130P00024000,24.0,1.5,2.0,3.45,2.0,14.0,1.1171919140625,True,PUT,2026-01-30,LUNR
LUNR260130P00025000,25.0,2.35,2.94,4.9,20.0,28.0,2.031254921875,True,PUT,2026-01-30,LUNR
LUNR260130P00026000,26.0,7.65,3.9,6.45,8.0,4.0,2.9609400976562497,True,PUT,2026-01-30,LUNR
LUNR260130P00027000,27.0,7.34,4.9,7.45,2.0,3.0,3.285158037109375,True,PUT,2026-01-30,LUNR
LUNR260206C00015000,15.0,7.51,5.35,7.2,170.0,183.0,2.71094072265625,True,CALL,2026-02-06,LUNR
LUNR260206C00015500,15.5,3.32,4.75,6.75,10.0,18.0,2.60156599609375,True,CALL,2026-02-06,LUNR
LUNR260206C00016000,16.0,6.0,4.5,5.65,156.0,457.0,1.6347674511718748,True,CALL,2026-02-06,LUNR
LUNR260206C00016500,16.5,3.43,4.2,5.7,1.0,58.0,1.1328168359375002,True,CALL,2026-02-06,LUNR
LUNR260206C00017000,17.0,4.73,3.5,4.8,1.0,48.0,1.5820333398437496,True,CALL,2026-02-06,LUNR
LUNR260206C00017500,17.5,3.8,3.25,4.1,11.0,145.0,1.1796916015624999,True,CALL,2026-02-06,LUNR
LUNR260206C00018000,18.0,4.5,2.95,3.7,5.0,732.0,1.19141029296875,True,CALL,2026-02-06,LUNR
LUNR260206C00018500,18.5,3.52,2.44,3.4,1.0,346.0,0.6601596484375001,True,CALL,2026-02-06,LUNR
LUNR260206C00019000,19.0,2.42,2.48,2.71,55.0,779.0,0.81445498046875,True,CALL,2026-02-06,LUNR
LUNR260206C00019500,19.5,2.3,2.17,2.48,13.0,523.0,0.92773509765625,True,CALL,2026-02-06,LUNR
LUNR260206C00020000,20.0,1.92,1.9,2.24,97.0,447.0,0.99804689453125,True,CALL,2026-02-06,LUNR
LUNR260206C00020500,20.5,1.91,1.72,1.8,40.0,220.0,0.99023447265625,True,CALL,2026-02-06,LUNR
LUNR260206C00021000,21.0,1.35,1.44,1.55,43.0,542.0,0.9941406835937501,True,CALL,2026-02-06,LUNR
LUNR260206C00021500,21.5,1.35,1.24,1.37,48.0,278.0,1.0322314013671878,False,CALL,2026-02-06,LUNR
LUNR260206C00022000,22.0,1.0,1.0,1.09,487.0,1345.0,0.9951172363281251,False,CALL,2026-02-06,LUNR
LUNR260206C00022500,22.5,0.86,0.83,0.97,186.0,366.0,1.0234423828125,False,CALL,2026-02-06,LUNR
LUNR260206C00023000,23.0,0.7,0.68,0.86,286.0,663.0,1.0468797656250002,False,CALL,2026-02-06,LUNR
LUNR260206C00023500,23.5,0.6,0.57,0.7,314.0,950.0,1.0488328808593752,False,CALL,2026-02-06,LUNR
LUNR260206C00024000,24.0,0.48,0.46,0.57,125.0,682.0,1.0449266503906252,False,CALL,2026-02-06,LUNR
LUNR260206C00024500,24.5,0.45,0.4,0.49,4.0,49.0,1.0722702636718753,False,CALL,2026-02-06,LUNR
LUNR260206C00025000,25.0,0.35,0.34,0.43,442.0,815.0,1.0976607617187502,False,CALL,2026-02-06,LUNR
LUNR260206C00025500,25.5,0.33,0.3,0.34,22.0,46.0,1.1054732226562503,False,CALL,2026-02-06,LUNR
LUNR260206C00026000,26.0,0.31,0.18,0.45,35.0,419.0,1.1757853710937498,False,CALL,2026-02-06,LUNR
LUNR260206C00026500,26.5,0.65,0.0,0.86,28.0,32.0,1.3828155859374998,False,CALL,2026-02-06,LUNR
LUNR260206C00027000,27.0,0.54,0.05,0.85,158.0,253.0,1.478518232421875,False,CALL,2026-02-06,LUNR
LUNR260206P00015000,15.0,0.05,0.05,0.09,5.0,190.0,1.3281283593749997,False,PUT,2026-02-06,LUNR
LUNR260206P00015500,15.5,0.07,0.0,0.75,20.0,46.0,1.875000625,False,PUT,2026-02-06,LUNR
LUNR260206P00016000,16.0,0.16,0.05,0.25,39.0,452.0,1.3359408203124996,False,PUT,2026-02-06,LUNR
LUNR260206P00016500,16.5,0.21,0.15,0.25,10.0,316.0,1.3203158984374999,False,PUT,2026-02-06,LUNR
LUNR260206P00017000,17.0,0.26,0.21,0.33,90.0,146.0,1.3164096679687498,False,PUT,2026-02-06,LUNR
LUNR260206P00017500,17.5,0.3,0.28,0.36,18.0,1146.0,1.2656286718749998,False,PUT,2026-02-06,LUNR
LUNR260206P00018000,18.0,0.42,0.36,0.44,31.0,1076.0,1.2382850585937497,False,PUT,2026-02-06,LUNR
LUNR260206P00018500,18.5,0.59,0.46,0.55,37.0,425.0,1.22266013671875,False,PUT,2026-02-06,LUNR
LUNR260206P00019000,19.0,0.71,0.56,0.71,81.0,118.0,1.2128945605468748,False,PUT,2026-02-06,LUNR
LUNR260206P00019500,19.5,0.9,0.73,0.81,143.0,229.0,1.1875040625,False,PUT,2026-02-06,LUNR
LUNR260206P00020000,20.0,1.02,0.91,0.99,232.0,238.0,1.1816447167968749,False,PUT,2026-02-06,LUNR
LUNR260206P00020500,20.5,1.31,1.13,1.2,37.0,134.0,1.18359783203125,False,PUT,2026-02-06,LUNR
LUNR260206P00021000,21.0,1.57,1.38,1.52,140.0,299.0,1.21875390625,False,PUT,2026-02-06,LUNR
LUNR260206P00021500,21.5,1.8,1.64,1.75,155.0,125.0,1.205082099609375,True,PUT,2026-02-06,LUNR
LUNR260206P00022000,22.0,2.11,1.95,2.1,24.0,101.0,1.2353553857421873,True,PUT,2026-02-06,LUNR
LUNR260206P00022500,22.5,2.56,2.32,2.44,14.0,14.0,1.2685583447265623,True,PUT,2026-02-06,LUNR
LUNR260206P00023000,23.0,3.0,2.6,2.84,164.0,68.0,1.2753942480468747,True,PUT,2026-02-06,LUNR
LUNR260206P00023500,23.5,3.0,2.99,3.3,5.0,7.0,1.334964262695312,True,PUT,2026-02-06,LUNR
LUNR260206P00024000,24.0,2.63,2.37,4.9,1.0,12.0,1.4375028125,True,PUT,2026-02-06,LUNR
LUNR260206P00025000,25.0,4.45,2.39,5.8,27.0,36.0,1.1484417578125,True,PUT,2026-02-06,LUNR
LUNR260213C00015000,15.0,6.24,5.15,7.4,2.0,22.0,2.220707573242187,True,CALL,2026-02-13,LUNR
LUNR260213C00015500,15.5,4.4,4.55,6.95,2.0,85.0,2.1298874877929688,True,CALL,2026-02-13,LUNR
LUNR260213C00016000,16.0,5.7,4.2,6.5,1.0,13.0,0.6093789062500001,True,CALL,2026-02-13,LUNR
LUNR260213C00016500,16.5,5.4,3.5,6.1,15.0,19.0,1.984375078125,True,CALL,2026-02-13,LUNR
LUNR260213C00017000,17.0,6.1,3.1,5.7,5.0,60.0,0.6718782812500002,True,CALL,2026-02-13,LUNR
LUNR260213C00017500,17.5,5.44,3.3,4.8,3.0,3.0,0.8281267187499999,True,CALL,2026-02-13,LUNR
LUNR260213C00018000,18.0,4.75,2.84,4.65,3.0,33.0,0.9335944140625,True,CALL,2026-02-13,LUNR
LUNR260213C00018500,18.5,4.16,2.4,4.25,7.0,204.0,0.901368173828125,True,CALL,2026-02-13,LUNR
LUNR260213C00019000,19.0,5.0,2.86,3.3,121.0,145.0,0.98437515625,True,CALL,2026-02-13,LUNR
LUNR260213C00019500,19.5,3.0,1.5,3.05,41.0,205.0,0.6601596484375001,True,CALL,2026-02-13,LUNR
LUNR260213C00020000,20.0,2.76,2.22,2.62,6.0,185.0,0.96679720703125,True,CALL,2026-02-13,LUNR
LUNR260213C00020500,20.5,2.21,1.99,2.46,71.0,265.0,1.0166064794921876,True,CALL,2026-02-13,LUNR
LUNR260213C00021000,21.0,1.99,1.72,2.21,11.0,478.0,1.013676806640625,True,CALL,2026-02-13,LUNR
LUNR260213C00021500,21.5,1.72,1.51,1.88,5.0,56.0,0.993164130859375,False,CALL,2026-02-13,LUNR
LUNR260213C00022000,22.0,1.55,1.32,1.66,43.0,171.0,0.9970703417968749,False,CALL,2026-02-13,LUNR
LUNR260213C00023000,23.0,1.14,1.12,1.26,80.0,1695.0,1.0312548437500002,False,CALL,2026-02-13,LUNR
LUNR260213C00024000,24.0,0.95,0.9,1.03,94.0,246.0,1.0722702636718753,False,CALL,2026-02-13,LUNR
LUNR260213C00025000,25.0,1.0,0.7,0.82,30.0,584.0,1.0908248583984377,False,CALL,2026-02-13,LUNR
LUNR260213C00026000,26.0,0.66,0.41,1.18,50.0,106.0,1.2480506347656248,False,CALL,2026-02-13,LUNR
LUNR260213C00027000,27.0,0.5,0.44,0.65,6.0,49.0,1.185550947265625,False,CALL,2026-02-13,LUNR
LUNR260213P00015000,15.0,0.27,0.19,0.3,3.0,64.0,1.3339877050781246,False,PUT,2026-02-13,LUNR
LUNR260213P00015500,15.5,0.47,0.0,1.15,1.0,12.0,1.6289081054687498,False,PUT,2026-02-13,LUNR
LUNR260213P00016000,16.0,0.36,0.32,0.47,28.0,73.0,1.3261752441406247,False,PUT,2026-02-13,LUNR
LUNR260213P00016500,16.5,0.47,0.26,0.73,6.0,51.0,1.3261752441406247,False,PUT,2026-02-13,LUNR
LUNR260213P00017000,17.0,0.65,0.49,0.6,34.0,141.0,1.2656286718749998,False,PUT,2026-02-13,LUNR
LUNR260213P00017500,17.5,0.55,0.55,0.71,4.0,46.0,1.2324257128906249,False,PUT,2026-02-13,LUNR
LUNR260213P00018000,18.0,0.52,0.55,1.0,23.0,254.0,1.236331943359375,False,PUT,2026-02-13,LUNR
LUNR260213P00018500,18.5,0.69,0.8,1.03,203.0,211.0,1.22266013671875,False,PUT,2026-02-13,LUNR
LUNR260213P00019000,19.0,1.1,0.99,1.2,8.0,32.0,1.2255898095703124,False,PUT,2026-02-13,LUNR
LUNR260213P00019500,19.5,1.02,1.1,1.43,21.0,34.0,1.2089883300781248,False,PUT,2026-02-13,LUNR
LUNR260213P00020000,20.0,1.48,1.35,1.63,18.0,314.0,1.2158242333984375,False,PUT,2026-02-13,LUNR
LUNR260213P00020500,20.5,1.84,1.48,1.88,20.0,27.0,1.189457177734375,False,PUT,2026-02-13,LUNR
LUNR260213P00021000,21.0,1.8,1.81,2.15,57.0,68.0,1.2168007910156249,False,PUT,2026-02-13,LUNR
LUNR260213P00021500,21.5,1.98,2.03,2.43,9.0,32.0,1.2041055419921873,True,PUT,2026-02-13,LUNR
LUNR260213P00022000,22.0,2.0,1.32,2.71,1.0,377.0,0.920899228515625,True,PUT,2026-02-13,LUNR
LUNR260213P00024000,24.0,2.69,3.75,4.25,1.0,11.0,1.2959019580078124,True,PUT,2026-02-13,LUNR
LUNR260213P00025000,25.0,5.01,3.55,5.9,,2.0,1.2861363818359375,True,PUT,2026-02-13,LUNR
LUNR260213P00026000,26.0,5.44,4.45,6.95,,1.0,1.41015919921875,True,PUT,2026-02-13,LUNR
LUNR260220C00015000,15.0,7.55,6.1,7.55,4.0,623.0,1.37109689453125,True,CALL,2026-02-20,LUNR
LUNR260220C00016000,16.0,5.55,5.2,5.9,28.0,1259.0,0.91211025390625,True,CALL,2026-02-20,LUNR
LUNR260220C00017000,17.0,4.65,4.45,5.25,10.0,754.0,1.0293017285156252,True,CALL,2026-02-20,LUNR
LUNR260220C00018000,18.0,4.12,3.85,4.35,36.0,526.0,1.021489267578125,True,CALL,2026-02-20,LUNR
LUNR260220C00018500,18.5,5.35,3.3,3.9,25.0,81.0,0.9267585449218749,True,CALL,2026-02-20,LUNR
LUNR260220C00019000,19.0,3.64,3.15,3.65,6.0,1016.0,1.0029346728515625,True,CALL,2026-02-20,LUNR
LUNR260220C00019500,19.5,4.75,2.85,3.3,10.0,122.0,0.992187578125,True,CALL,2026-02-20,LUNR
LUNR260220C00020000,20.0,2.84,2.8,2.95,573.0,5496.0,1.0361376318359379,True,CALL,2026-02-20,LUNR
LUNR260220C00020500,20.5,2.5,2.54,2.69,31.0,138.0,1.0380907470703127,True,CALL,2026-02-20,LUNR
LUNR260220C00021000,21.0,2.3,2.44,2.56,75.0,611.0,1.1005904345703126,True,CALL,2026-02-20,LUNR
LUNR260220C00021500,21.5,2.14,2.05,2.25,612.0,65.0,1.0419969775390627,False,CALL,2026-02-20,LUNR
LUNR260220C00022000,22.0,2.0,1.94,2.14,358.0,1150.0,1.0888717431640624,False,CALL,2026-02-20,LUNR
LUNR260220C00022500,22.5,1.89,1.73,1.85,2.0,708.0,1.0625046875000002,False,CALL,2026-02-20,LUNR
LUNR260220C00023000,23.0,1.54,1.58,1.78,559.0,536.0,1.09375453125,False,CALL,2026-02-20,LUNR
LUNR260220C00023500,23.5,1.42,1.4,1.55,6.0,147.0,1.0742233789062503,False,CALL,2026-02-20,LUNR
LUNR260220C00024000,24.0,1.25,1.28,1.4,320.0,2282.0,1.0810592822265626,False,CALL,2026-02-20,LUNR
LUNR260220C00024500,24.5,2.08,1.15,1.31,5.0,29.0,1.09375453125,False,CALL,2026-02-20,LUNR
LUNR260220C00025000,25.0,1.05,1.02,1.16,187.0,2426.0,1.0859420703125,False,CALL,2026-02-20,LUNR
LUNR260220C00025500,25.5,1.01,0.93,1.06,406.0,408.0,1.0957076464843751,False,CALL,2026-02-20,LUNR
LUNR260220C00026000,26.0,0.9,0.87,0.96,8.0,355.0,1.107426337890625,False,CALL,2026-02-20,LUNR
LUNR260220C00026500,26.5,1.07,0.75,0.88,2.0,2.0,1.1044966650390626,False,CALL,2026-02-20,LUNR
LUNR260220C00027000,27.0,1.1,0.69,0.81,10.0,193.0,1.1171919140625,False,CALL,2026-02-20,LUNR
LUNR260220C00027500,27.5,0.77,0.62,0.76,2.0,79.0,1.1279340478515625,False,CALL,2026-02-20,LUNR
LUNR260220P00015000,15.0,0.42,0.35,0.52,20.0,713.0,1.3222690136718749,False,PUT,2026-02-20,LUNR
LUNR260220P00016000,16.0,0.57,0.5,0.63,25.0,1850.0,1.2548865380859375,False,PUT,2026-02-20,LUNR
LUNR260220P00016500,16.5,0.71,0.63,0.71,13.0,135.0,1.2441444042968748,False,PUT,2026-02-20,LUNR
LUNR260220P00017000,17.0,0.8,0.74,0.83,131.0,944.0,1.23047259765625,False,PUT,2026-02-20,LUNR
LUNR260220P00017500,17.5,0.98,0.88,1.0,4.0,64.0,1.2343788281249999,False,PUT,2026-02-20,LUNR
LUNR260220P00018000,18.0,1.13,1.03,1.13,40.0,2080.0,1.2197304638671875,False,PUT,2026-02-20,LUNR
LUNR260220P00018500,18.5,1.32,1.21,1.32,2.0,237.0,1.22266013671875,False,PUT,2026-02-20,LUNR
LUNR260220P00019000,19.0,1.53,1.37,1.46,29.0,632.0,1.197269638671875,False,PUT,2026-02-20,LUNR
LUNR260220P00019500,19.5,1.73,1.61,1.75,4.0,125.0,1.224613251953125,False,PUT,2026-02-20,LUNR
LUNR260220P00020000,20.0,1.92,1.82,2.0,41.0,663.0,1.224613251953125,False,PUT,2026-02-20,LUNR
LUNR260220P00020500,20.5,2.22,1.99,2.23,10.0,180.0,1.2021524267578125,False,PUT,2026-02-20,LUNR
LUNR260220P00021000,21.0,2.46,2.33,2.49,38.0,272.0,1.2197304638671875,False,PUT,2026-02-20,LUNR
LUNR260220P00021500,21.5,2.8,2.57,2.78,27.0,74.0,1.2138711181640622,True,PUT,2026-02-20,LUNR
LUNR260220P00022000,22.0,3.05,2.86,3.15,44.0,204.0,1.2314491552734375,True,PUT,2026-02-20,LUNR
LUNR260220P00022500,22.5,2.45,3.15,3.4,10.0,85.0,1.214359396972656,True,PUT,2026-02-20,LUNR
LUNR260220P00023000,23.0,3.65,3.55,3.75,76.0,98.0,1.2402381738281247,True,PUT,2026-02-20,LUNR
LUNR260220P00024000,24.0,3.6,4.25,4.65,3.0,11.0,1.2978550732421872,True,PUT,2026-02-20,LUNR
LUNR260220P00026000,26.0,6.75,4.75,6.05,,2.0,1.009770576171875,True,PUT,2026-02-20,LUNR
LUNR260227C00015000,15.0,6.42,5.0,8.45,1.0,2.0,1.11328568359375,True,CALL,2026-02-27,LUNR
LUNR260227C00015500,15.5,5.29,4.8,7.35,1.0,2.0,0.89257919921875,True,CALL,2026-02-27,LUNR
LUNR260227C00016000,16.0,4.4,4.7,6.95,1.0,132.0,1.0390673046875003,True,CALL,2026-02-27,LUNR
LUNR260227C00016500,16.5,6.25,4.15,6.2,5.0,8.0,0.8457046679687499,True,CALL,2026-02-27,LUNR
LUNR260227C00017000,17.0,5.75,4.0,6.25,13.0,169.0,1.0771530517578127,True,CALL,2026-02-27,LUNR
LUNR260227C00017500,17.5,2.75,3.6,5.95,1.0,4.0,1.0781296093750001,True,CALL,2026-02-27,LUNR
LUNR260227C00018000,18.0,5.28,3.0,5.55,8.0,500.0,0.99023447265625,True,CALL,2026-02-27,LUNR
LUNR260227C00018500,18.5,5.1,3.65,4.45,2.0,15.0,1.0429735351562504,True,CALL,2026-02-27,LUNR
LUNR260227C00019000,19.0,3.8,3.2,4.35,30.0,85.0,1.0576218994140625,True,CALL,2026-02-27,LUNR
LUNR260227C00019500,19.5,4.5,3.05,3.9,11.0,164.0,1.0517625537109376,True,CALL,2026-02-27,LUNR
LUNR260227C00020000,20.0,3.05,2.63,3.35,3.0,430.0,0.9580082324218748,True,CALL,2026-02-27,LUNR
LUNR260227C00020500,20.5,2.79,2.53,3.35,1.0,5.0,1.0478563232421876,True,CALL,2026-02-27,LUNR
LUNR260227C00021000,21.0,2.94,2.28,3.05,12.0,127.0,1.0327196801757816,True,CALL,2026-02-27,LUNR
LUNR260227C00021500,21.5,2.88,2.07,2.77,66.0,63.0,1.0234423828125,False,CALL,2026-02-27,LUNR
LUNR260227C00022000,22.0,4.0,1.97,2.62,17.0,255.0,1.0576218994140625,False,CALL,2026-02-27,LUNR
LUNR260227C00022500,22.5,2.41,1.69,2.39,11.0,15.0,1.0322314013671878,False,CALL,2026-02-27,LUNR
LUNR260227C00023000,23.0,2.48,1.73,2.58,3.0,33.0,1.1533245458984376,False,CALL,2026-02-27,LUNR
LUNR260227C00023500,23.5,2.29,1.38,2.22,2.0,119.0,1.076176494140625,False,CALL,2026-02-27,LUNR
LUNR260227C00024000,24.0,2.58,1.22,1.96,10.0,152.0,1.052739111328125,False,CALL,2026-02-27,LUNR
LUNR260227C00025000,25.0,1.4,1.3,2.34,10.0,246.0,1.2685583447265623,False,CALL,2026-02-27,LUNR
LUNR260227C00026000,26.0,1.87,0.77,1.62,2.0,18.0,1.1015669921875002,False,CALL,2026-02-27,LUNR
LUNR260227C00027000,27.0,1.68,0.68,2.13,1.0,8.0,1.29297228515625,False,CALL,2026-02-27,LUNR
LUNR260227P00015000,15.0,0.54,0.24,1.27,12.0,97.0,1.41015919921875,False,PUT,2026-02-27,LUNR
LUNR260227P00015500,15.5,0.47,0.37,1.61,1.0,12.0,1.478518232421875,False,PUT,2026-02-27,LUNR
LUNR260227P00016000,16.0,0.6,0.44,0.8,9.0,215.0,1.138676181640625,False,PUT,2026-02-27,LUNR
LUNR260227P00016500,16.5,1.16,0.51,1.07,10.0,28.0,1.1669963525390625,False,PUT,2026-02-27,LUNR
LUNR260227P00017000,17.0,1.0,0.8,1.19,22.0,130.0,1.2021524267578125,False,PUT,2026-02-27,LUNR
LUNR260227P00017500,17.5,0.91,0.93,1.7,13.0,20.0,1.2851598242187499,False,PUT,2026-02-27,LUNR
LUNR260227P00018000,18.0,1.38,1.01,1.5,7.0,60.0,1.1591838916015624,False,PUT,2026-02-27,LUNR
LUNR260227P00018500,18.5,1.15,1.15,1.95,10.0,17.0,1.2099648876953122,False,PUT,2026-02-27,LUNR
LUNR260227P00019000,19.0,1.25,1.38,2.23,5.0,49.0,1.2314491552734375,False,PUT,2026-02-27,LUNR
LUNR260227P00019500,19.5,1.9,1.54,2.5,2.0,4.0,1.2255898095703124,False,PUT,2026-02-27,LUNR
LUNR260227P00020000,20.0,2.0,2.0,2.7,7.0,10.0,1.2646521142578124,False,PUT,2026-02-27,LUNR
LUNR260227P00021000,21.0,2.42,1.42,2.99,1.0,1.0,0.98242205078125,False,PUT,2026-02-27,LUNR
LUNR260227P00021500,21.5,4.1,2.58,3.55,5.0,15.0,1.224613251953125,True,PUT,2026-02-27,LUNR
LUNR260227P00022000,22.0,3.49,2.6,3.75,2.0,4.0,1.1484417578125,True,PUT,2026-02-27,LUNR
LUNR260227P00022500,22.5,3.6,3.25,4.15,1.0,10.0,1.2373085009765623,True,PUT,2026-02-27,LUNR
LUNR260306C00020000,20.0,3.35,3.05,3.95,5.0,22.0,1.0634812451171878,True,CALL,2026-03-06,LUNR
LUNR260306C00021000,21.0,3.5,2.62,3.75,8.0,20.0,1.1259809326171877,True,CALL,2026-03-06,LUNR
LUNR260306C00021500,21.5,3.43,2.35,3.1,5.0,9.0,1.0351610742187503,False,CALL,2026-03-06,LUNR
LUNR260306C00023500,23.5,2.19,1.58,2.36,3.0,5.0,1.0322314013671878,False,CALL,2026-03-06,LUNR
LUNR260306C00026000,26.0,1.99,1.1,1.84,5.0,168.0,1.1025435498046878,False,CALL,2026-03-06,LUNR
LUNR260306P00015000,15.0,0.81,0.42,2.62,,30.0,1.7275404248046877,False,PUT,2026-03-06,LUNR
LUNR260306P00019000,19.0,2.65,1.6,2.22,1.0,2.0,1.15234798828125,False,PUT,2026-03-06,LUNR
LUNR260306P00020000,20.0,2.18,2.02,2.7,9.0,7.0,1.142582412109375,False,PUT,2026-03-06,LUNR
LUNR260306P00020500,20.5,2.91,2.33,3.25,1.0,1.0,1.2089883300781248,False,PUT,2026-03-06,LUNR
LUNR260320C00015000,15.0,7.05,6.6,7.4,88.0,3237.0,1.0273486132812502,True,CALL,2026-03-20,LUNR
LUNR260320C00016000,16.0,8.02,5.9,7.2,42.0,572.0,1.1640666796875,True,CALL,2026-03-20,LUNR
LUNR260320C00017000,17.0,7.05,5.25,6.8,3.0,1247.0,1.2138711181640622,True,CALL,2026-03-20,LUNR
LUNR260320C00018000,18.0,5.0,4.65,5.25,321.0,1947.0,1.0273486132812502,True,CALL,2026-03-20,LUNR
LUNR260320C00019000,19.0,4.7,4.0,4.65,116.0,2104.0,1.0083057397460937,True,CALL,2026-03-20,LUNR
LUNR260320C00020000,20.0,4.1,3.7,4.2,116.0,4312.0,1.056645341796875,True,CALL,2026-03-20,LUNR
LUNR260320C00021000,21.0,3.6,3.4,3.7,77.0,706.0,1.0771530517578127,True,CALL,2026-03-20,LUNR
LUNR260320C00022000,22.0,3.1,2.89,3.35,32.0,631.0,1.0717819848632817,False,CALL,2026-03-20,LUNR
LUNR260320C00023000,23.0,2.74,2.59,2.89,23.0,437.0,1.0683640332031252,False,CALL,2026-03-20,LUNR
LUNR260320C00024000,24.0,2.6,2.35,2.66,4.0,330.0,1.0986373193359378,False,CALL,2026-03-20,LUNR
LUNR260320C00025000,25.0,2.19,2.12,2.26,568.0,4326.0,1.091801416015625,False,CALL,2026-03-20,LUNR
LUNR260320C00026000,26.0,2.0,1.74,2.07,47.0,884.0,1.083988955078125,False,CALL,2026-03-20,LUNR
LUNR260320C00027000,27.0,1.77,1.58,1.82,109.0,1130.0,1.0927779736328125,False,CALL,2026-03-20,LUNR
LUNR260320P00015000,15.0,0.89,0.68,1.01,12.0,578.0,1.1308637207031251,False,PUT,2026-03-20,LUNR
LUNR260320P00016000,16.0,1.22,1.15,1.28,12.0,547.0,1.1669963525390625,False,PUT,2026-03-20,LUNR
LUNR260320P00017000,17.0,1.52,1.35,1.64,6.0,249.0,1.1357465087890626,False,PUT,2026-03-20,LUNR
LUNR260320P00018000,18.0,2.0,1.54,2.06,13.0,266.0,1.1001021557617188,False,PUT,2026-03-20,LUNR
LUNR260320P00019000,19.0,2.47,2.31,2.5,8.0,192.0,1.1572307763671876,False,PUT,2026-03-20,LUNR
LUNR260320P00020000,20.0,3.0,2.65,3.05,12.0,263.0,1.1376996240234376,False,PUT,2026-03-20,LUNR
LUNR260320P00021000,21.0,3.6,3.35,3.6,22.0,223.0,1.1630901220703125,False,PUT,2026-03-20,LUNR
LUNR260320P00022000,22.0,4.1,3.95,4.3,82.0,128.0,1.1811564379882813,True,PUT,2026-03-20,LUNR
LUNR260320P00023000,23.0,4.1,4.55,5.0,10.0,128.0,1.1865275048828123,True,PUT,2026-03-20,LUNR
LUNR260320P00024000,24.0,5.47,5.25,5.6,36.0,52.0,1.1801798803710937,True,PUT,2026-03-20,LUNR
LUNR260320P00025000,25.0,5.72,5.75,6.25,2.0,4.0,1.1396527392578126,True,PUT,2026-03-20,LUNR
LUNR260320P00026000,26.0,8.65,6.3,7.0,30.0,34.0,1.111820847167969,True,PUT,2026-03-20,LUNR
LUNR260320P00027000,27.0,7.7,7.4,7.8,14.0,4.0,1.1728556982421874,True,PUT,2026-03-20,LUNR
LUNR260618C00015000,15.0,8.5,8.25,8.6,58.0,460.0,1.0434618139648442,True,CALL,2026-06-18,LUNR
LUNR260618C00016000,16.0,8.2,7.55,8.3,7.0,1339.0,1.0605515722656251,True,CALL,2026-06-18,LUNR
LUNR260618C00017000,17.0,8.8,7.0,7.7,1.0,283.0,1.0483446020507814,True,CALL,2026-06-18,LUNR
LUNR260618C00018000,18.0,6.93,6.6,7.4,16.0,376.0,1.0800827246093752,True,CALL,2026-06-18,LUNR
LUNR260618C00019000,19.0,6.7,6.1,6.7,40.0,2398.0,1.0483446020507814,True,CALL,2026-06-18,LUNR
LUNR260618C00020000,20.0,5.9,5.85,6.3,131.0,2036.0,1.0688523120117188,True,CALL,2026-06-18,LUNR
LUNR260618C00021000,21.0,5.65,5.35,5.9,19.0,604.0,1.0576218994140625,True,CALL,2026-06-18,LUNR
LUNR260618C00022000,22.0,5.19,5.1,5.9,112.0,939.0,1.1054732226562503,False,CALL,2026-06-18,LUNR
LUNR260618C00023000,23.0,5.0,4.75,5.15,29.0,285.0,1.0639695239257816,False,CALL,2026-06-18,LUNR
LUNR260618C00024000,24.0,4.9,4.35,5.25,20.0,465.0,1.0959517858886718,False,CALL,2026-06-18,LUNR
LUNR260618C00025000,25.0,4.4,4.1,4.65,186.0,2988.0,1.071049566650391,False,CALL,2026-06-18,LUNR
LUNR260618C00026000,26.0,4.04,3.85,4.3,18.0,78.0,1.0661667785644533,False,CALL,2026-06-18,LUNR
LUNR260618C00027000,27.0,4.85,3.55,4.05,2.0,61.0,1.0625046875000002,False,CALL,2026-06-18,LUNR
LUNR260618P00015000,15.0,2.08,2.05,2.48,1.0,195.0,1.0927779736328125,False,PUT,2026-06-18,LUNR
LUNR260618P00016000,16.0,2.62,2.44,2.99,15.0,325.0,1.0932662524414063,False,PUT,2026-06-18,LUNR
LUNR260618P00017000,17.0,3.2,3.05,3.4,21.0,234.0,1.0996138769531252,False,PUT,2026-06-18,LUNR
LUNR260618P00018000,18.0,3.25,3.45,4.0,9.0,1418.0,1.0947310888671877,False,PUT,2026-06-18,LUNR
LUNR260618P00019000,19.0,4.2,4.0,4.4,3.0,213.0,1.0786178881835937,False,PUT,2026-06-18,LUNR
LUNR260618P00020000,20.0,4.8,4.65,5.15,2.0,106.0,1.1035201074218752,False,PUT,2026-06-18,LUNR
LUNR260618P00021000,21.0,5.5,5.15,5.65,50.0,3406.0,1.0810592822265626,False,PUT,2026-06-18,LUNR
LUNR260618P00022000,22.0,6.05,5.7,6.4,2.0,1338.0,1.0837448156738283,True,PUT,2026-06-18,LUNR
LUNR260618P00023000,23.0,7.05,5.7,7.15,4.0,8.0,1.0283251708984378,True,PUT,2026-06-18,LUNR
LUNR260618P00024000,24.0,7.08,7.0,7.85,5.0,7.0,1.0893600219726562,True,PUT,2026-06-18,LUNR
LUNR260618P00025000,25.0,7.24,7.75,8.6,43.0,46.0,1.0976607617187502,True,PUT,2026-06-18,LUNR
LUNR260618P00026000,26.0,10.55,7.6,9.25,,22.0,1.0078174609375,True,PUT,2026-06-18,LUNR
LUNR260618P00027000,27.0,10.15,9.25,10.0,,36.0,1.09375453125,True,PUT,2026-06-18,LUNR
LUNR260918C00015000,15.0,11.05,9.15,10.95,32.0,48.0,1.1533245458984376,True,CALL,2026-09-18,LUNR
LUNR260918C00016000,16.0,9.4,8.6,9.45,5.0,78.0,1.0410204199218753,True,CALL,2026-09-18,LUNR
LUNR260918C00017000,17.0,10.0,8.25,10.05,21.0,8.0,1.1501507336425782,True,CALL,2026-09-18,LUNR
LUNR260918C00018000,18.0,10.0,7.7,8.85,2.0,60.0,1.0654343603515626,True,CALL,2026-09-18,LUNR
LUNR260918C00019000,19.0,8.5,7.5,8.5,15.0,38.0,1.0866744885253907,True,CALL,2026-09-18,LUNR
LUNR260918C00020000,20.0,9.0,7.05,8.85,106.0,133.0,1.140629296875,True,CALL,2026-09-18,LUNR
LUNR260918C00021000,21.0,7.1,6.75,7.5,4.0,39.0,1.0615281298828125,True,CALL,2026-09-18,LUNR
LUNR260918C00022000,22.0,6.5,6.5,8.1,15.0,60.0,1.142582412109375,False,CALL,2026-09-18,LUNR
LUNR260918C00023000,23.0,7.57,6.1,7.75,149.0,156.0,1.1313519995117187,False,CALL,2026-09-18,LUNR
LUNR260918C00024000,24.0,6.28,5.65,6.6,1.0,265.0,1.0524949719238283,False,CALL,2026-09-18,LUNR
LUNR260918C00025000,25.0,6.3,5.5,7.2,3.0,103.0,1.129154744873047,False,CALL,2026-09-18,LUNR
LUNR260918C00026000,26.0,6.88,5.25,6.95,1.0,1.0,1.1303754418945315,False,CALL,2026-09-18,LUNR
LUNR260918C00027000,27.0,4.8,5.0,6.2,19.0,153.0,1.0922896948242187,False,CALL,2026-09-18,LUNR
LUNR260918P00015000,15.0,3.28,3.0,3.55,,5.0,1.0625046875000002,False,PUT,2026-09-18,LUNR
LUNR260918P00016000,16.0,3.85,3.15,4.1,,3.0,1.0293017285156252,False,PUT,2026-09-18,LUNR
LUNR260918P00017000,17.0,4.47,3.6,4.7,,16.0,1.0266161950683594,False,PUT,2026-09-18,LUNR
LUNR260918P00020000,20.0,6.0,5.2,6.4,,1.0,1.0053760668945313,False,PUT,2026-09-18,LUNR
LUNR260918P00022000,22.0,6.82,6.45,7.7,,4.0,1.002202254638672,True,PUT,2026-09-18,LUNR
LUNR260918P00023000,23.0,7.8,7.1,8.4,,1.0,1.0014698364257812,True,PUT,2026-09-18,LUNR
LUNR260918P00024000,24.0,8.35,8.35,9.1,,1.0,1.0434618139648442,True,PUT,2026-09-18,LUNR
LUNR260918P00025000,25.0,9.05,8.35,9.8,25.0,25.0,0.9880372290039063,True,PUT,2026-09-18,LUNR
LUNR260918P00026000,26.0,9.85,9.0,10.7,,1.0,0.9943848217773439,True,PUT,2026-09-18,LUNR
LUNR260918P00027000,27.0,10.6,10.5,12.0,,3.0,1.0908248583984377,True,PUT,2026-09-18,LUNR
LUNR270115C00015000,15.0,11.0,10.45,10.95,61.0,4818.0,1.0498094384765626,True,CALL,2027-01-15,LUNR
LUNR270115C00017000,17.0,9.7,9.6,10.65,207.0,3166.0,1.0874069067382814,True,CALL,2027-01-15,LUNR
LUNR270115C00020000,20.0,8.7,8.55,9.05,160.0,4790.0,1.0463914868164066,True,CALL,2027-01-15,LUNR
LUNR270115C00022000,22.0,8.02,7.9,8.4,18.0,9002.0,1.0419969775390627,False,CALL,2027-01-15,LUNR
LUNR270115C00025000,25.0,7.3,7.0,7.65,19.0,1744.0,1.041264559326172,False,CALL,2027-01-15,LUNR
LUNR270115C00027000,27.0,8.0,6.5,7.45,8.0,375.0,1.0576218994140625,False,CALL,2027-01-15,LUNR
LUNR270115P00015000,15.0,3.95,3.95,4.4,1.0,580.0,1.0180713159179686,False,PUT,2027-01-15,LUNR
LUNR270115P00017000,17.0,5.13,4.7,6.0,4.0,196.0,1.01953615234375,False,PUT,2027-01-15,LUNR
LUNR270115P00020000,20.0,6.65,6.85,8.3,4.0,314.0,1.062992966308594,False,PUT,2027-01-15,LUNR
LUNR270115P00022000,22.0,9.1,8.2,8.8,5.0,104.0,1.0009815576171874,True,PUT,2027-01-15,LUNR
LUNR270115P00025000,25.0,10.52,10.35,10.95,2.0,161.0,0.999023447265625,True,PUT,2027-01-15,LUNR
LUNR270115P00027000,27.0,12.84,11.75,13.0,25.0,34.0,1.0256396374511718,True,PUT,2027-01-15,LUNR
LUNR280121C00015000,15.0,12.7,11.65,13.0,38.0,741.0,0.9338385522460937,True,CALL,2028-01-21,LUNR
LUNR280121C00017000,17.0,12.17,11.25,12.5,3.0,701.0,0.958740646972656,True,CALL,2028-01-21,LUNR
LUNR280121C00020000,20.0,11.13,10.75,11.5,2.0,1170.0,0.9702151416015624,True,CALL,2028-01-21,LUNR
LUNR280121C00022000,22.0,10.71,9.95,11.85,31.0,105.0,0.9992675854492188,False,CALL,2028-01-21,LUNR
LUNR280121C00025000,25.0,10.63,9.45,11.45,200.0,401.0,1.0203906402587892,False,CALL,2028-01-21,LUNR
LUNR280121C00027000,27.0,9.7,9.05,10.95,22.0,39.0,1.0147754339599608,False,CALL,2028-01-21,LUNR
LUNR280121P00015000,15.0,5.66,5.05,6.55,9.0,113.0,0.9106454248046875,False,PUT,2028-01-21,LUNR
LUNR280121P00017000,17.0,7.19,5.65,8.3,3.0,13.0,0.893555751953125,False,PUT,2028-01-21,LUNR
LUNR280121P00020000,20.0,8.73,8.3,10.1,5.0,65.0,0.9079599047851561,False,PUT,2028-01-21,LUNR
LUNR280121P00022000,22.0,10.25,9.65,10.85,2.0,39.0,0.866090206298828,True,PUT,2028-01-21,LUNR
LUNR280121P00025000,25.0,12.51,11.2,13.95,3.0,148.0,0.8720715917968749,True,PUT,2028-01-21,LUNR
LUV260130C00034000,34.0,13.77,12.85,16.2,1.0,6.0,1.8437507812499998,True,CALL,2026-01-30,LUV
LUV260130C00035000,35.0,5.39,11.4,15.3,6.0,62.0,5.263675295410155,True,CALL,2026-01-30,LUV
LUV260130C00036000,36.0,4.61,10.4,14.35,33.0,33.0,5.013675607910156,True,CALL,2026-01-30,LUV
LUV260130C00037000,37.0,10.7,9.4,13.25,2.0,15.0,4.601566748046874,True,CALL,2026-01-30,LUV
LUV260130C00038000,38.0,9.29,8.9,12.35,2.0,19.0,1.92578162109375,True,CALL,2026-01-30,LUV
LUV260130C00038500,38.5,3.3,7.9,11.8,30.0,51.0,4.214848481445312,True,CALL,2026-01-30,LUV
LUV260130C00039000,39.0,2.68,7.3,10.85,18.0,134.0,3.593751015625,True,CALL,2026-01-30,LUV
LUV260130C00039500,39.5,6.15,6.85,10.0,12.0,258.0,3.0664085839843747,True,CALL,2026-01-30,LUV
LUV260130C00040000,40.0,7.37,6.25,9.15,76.0,160.0,2.5117224707031247,True,CALL,2026-01-30,LUV
LUV260130C00041000,41.0,6.05,6.15,7.7,274.0,958.0,1.5976582617187498,True,CALL,2026-01-30,LUV
LUV260130C00041500,41.5,6.85,6.0,7.15,149.0,266.0,1.3984405078125,True,CALL,2026-01-30,LUV
LUV260130C00042000,42.0,4.9,5.4,6.75,151.0,1022.0,1.5078149609375,True,CALL,2026-01-30,LUV
LUV260130C00042500,42.5,4.55,4.75,6.0,122.0,634.0,1.0000000000000003e-05,True,CALL,2026-01-30,LUV
LUV260130C00043000,43.0,5.0,4.3,5.5,617.0,654.0,1.0000000000000003e-05,True,CALL,2026-01-30,LUV
LUV260130C00043500,43.5,3.3,3.6,4.95,193.0,1000.0,1.0000000000000003e-05,True,CALL,2026-01-30,LUV
LUV260130C00044000,44.0,4.3,3.9,4.5,442.0,15344.0,1.0000000000000003e-05,True,CALL,2026-01-30,LUV
LUV260130C00044500,44.5,2.88,2.73,4.1,38.0,506.0,0.789064609375,True,CALL,2026-01-30,LUV
LUV260130C00045000,45.0,2.67,2.67,3.55,773.0,1278.0,0.5820354296875,True,CALL,2026-01-30,LUV
LUV260130C00045500,45.5,2.06,2.42,3.1,262.0,226.0,0.6269568554687501,True,CALL,2026-01-30,LUV
LUV260130C00046000,46.0,2.17,1.98,2.69,1112.0,929.0,0.6757844921875001,True,CALL,2026-01-30,LUV
LUV260130C00047000,47.0,1.5,1.58,1.88,1063.0,644.0,0.5214891601562499,True,CALL,2026-01-30,LUV
LUV260130C00047500,47.5,1.05,1.06,1.27,142.0,103.0,0.44922425781249997,True,CALL,2026-01-30,LUV
LUV260130C00048000,48.0,0.97,0.9,0.97,938.0,243.0,0.477544287109375,True,CALL,2026-01-30,LUV
LUV260130C00049000,49.0,0.37,0.35,0.39,154.0,328.0,0.41797457031249996,False,CALL,2026-01-30,LUV
LUV260130C00050000,50.0,0.11,0.04,0.15,226.0,112.0,0.43555251953125,False,CALL,2026-01-30,LUV
LUV260130C00051000,51.0,0.03,0.02,0.04,548.0,14.0,0.42969320312500003,False,CALL,2026-01-30,LUV
LUV260130C00052000,52.0,0.09,0.01,0.08,1.0,1.0,0.570316796875,False,CALL,2026-01-30,LUV
LUV260130C00053000,53.0,0.13,0.0,0.07,1.0,1.0,0.6640658593750002,False,CALL,2026-01-30,LUV
LUV260130C00055000,55.0,0.02,0.0,0.02,2552.0,3.0,0.73437765625,False,CALL,2026-01-30,LUV
LUV260130P00034000,34.0,0.01,0.0,0.01,76.0,248.0,1.75000125,False,PUT,2026-01-30,LUV
LUV260130P00035000,35.0,0.01,0.0,0.01,67.0,639.0,1.625001875,False,PUT,2026-01-30,LUV
LUV260130P00036000,36.0,0.01,0.0,0.01,34.0,1243.0,1.5000025,False,PUT,2026-01-30,LUV
LUV260130P00036500,36.5,0.01,0.0,0.01,20.0,5161.0,1.4375028125,False,PUT,2026-01-30,LUV
LUV260130P00037000,37.0,0.01,0.0,0.01,39.0,380.0,1.3750031249999999,False,PUT,2026-01-30,LUV
LUV260130P00037500,37.5,0.01,0.0,0.01,31.0,3681.0,1.3125034374999998,False,PUT,2026-01-30,LUV
LUV260130P00038000,38.0,0.01,0.0,0.01,320.0,5454.0,1.2500037499999999,False,PUT,2026-01-30,LUV
LUV260130P00038500,38.5,0.04,0.0,0.01,29.0,185.0,1.1875040625,False,PUT,2026-01-30,LUV
LUV260130P00039000,39.0,0.01,0.0,0.01,178.0,811.0,1.125004375,False,PUT,2026-01-30,LUV
LUV260130P00039500,39.5,0.02,0.0,0.01,238.0,328.0,1.0625046875000002,False,PUT,2026-01-30,LUV
LUV260130P00040000,40.0,0.01,0.0,0.01,1386.0,1033.0,1.000005,False,PUT,2026-01-30,LUV
LUV260130P00040500,40.5,0.02,0.0,0.7,100.0,131.0,1.99609376953125,False,PUT,2026-01-30,LUV
LUV260130P00041000,41.0,0.01,0.0,0.01,1107.0,961.0,0.87500125,False,PUT,2026-01-30,LUV
LUV260130P00041500,41.5,0.01,0.0,0.19,132.0,295.0,1.3007847460937496,False,PUT,2026-01-30,LUV
LUV260130P00042000,42.0,0.01,0.0,0.11,245.0,723.0,1.09375453125,False,PUT,2026-01-30,LUV
LUV260130P00042500,42.5,0.03,0.0,0.05,131.0,843.0,0.8906260937499999,False,PUT,2026-01-30,LUV
LUV260130P00043000,43.0,0.02,0.0,0.26,531.0,1541.0,1.1367230664062502,False,PUT,2026-01-30,LUV
LUV260130P00043500,43.5,0.06,0.0,0.14,201.0,100.0,0.914063359375,False,PUT,2026-01-30,LUV
LUV260130P00044000,44.0,0.03,0.01,0.1,126.0,418.0,0.79687703125,False,PUT,2026-01-30,LUV
LUV260130P00044500,44.5,0.09,0.01,0.1,58.0,6.0,0.7187528125,False,PUT,2026-01-30,LUV
LUV260130P00045000,45.0,0.05,0.0,0.06,463.0,67.0,0.570316796875,False,PUT,2026-01-30,LUV
LUV260130P00046000,46.0,0.2,0.03,0.25,154.0,38.0,0.632816171875,False,PUT,2026-01-30,LUV
LUV260130P00048000,48.0,0.48,0.44,0.45,93.0,1.0,0.47461462890625,False,PUT,2026-01-30,LUV
LUV260130P00050000,50.0,3.35,1.49,3.7,3.0,0.0,1.2070352148437498,True,PUT,2026-01-30,LUV
LUV260130P00052000,52.0,10.43,3.5,5.8,1.0,1.0,1.7109389453125,True,PUT,2026-01-30,LUV
LUV260130P00053000,53.0,11.32,4.45,6.8,1.0,1.0,1.896484892578125,True,PUT,2026-01-30,LUV
LUV260130P00055000,55.0,11.33,6.45,8.8,1.0,0.0,2.269535576171875,True,PUT,2026-01-30,LUV
LUV260206C00035000,35.0,7.0,11.45,14.9,1.0,2.0,2.249027814941406,True,CALL,2026-02-06,LUV
LUV260206C00036000,36.0,6.0,10.3,12.6,1.0,0.0,1.0234423828125,True,CALL,2026-02-06,LUV
LUV260206C00038000,38.0,5.86,8.4,10.6,1.0,6.0,0.8632826171875,True,CALL,2026-02-06,LUV
LUV260206C00039000,39.0,3.15,7.35,9.6,2.0,112.0,0.7851583984375,True,CALL,2026-02-06,LUV
LUV260206C00040000,40.0,6.25,6.55,8.85,41.0,30.0,0.97460962890625,True,CALL,2026-02-06,LUV
LUV260206C00041000,41.0,5.57,5.45,7.85,184.0,179.0,0.8808605664062499,True,CALL,2026-02-06,LUV
LUV260206C00042000,42.0,5.42,5.0,6.7,27.0,325.0,0.6679720703125002,True,CALL,2026-02-06,LUV
LUV260206C00042500,42.5,3.05,4.2,6.4,10.0,52.0,0.77148666015625,True,CALL,2026-02-06,LUV
LUV260206C00043000,43.0,3.08,4.0,5.7,10.0,349.0,0.5830119824218749,True,CALL,2026-02-06,LUV
LUV260206C00043500,43.5,2.86,3.05,5.45,7.0,58.0,0.7041045214843751,True,CALL,2026-02-06,LUV
LUV260206C00044000,44.0,3.4,3.55,4.9,44.0,475.0,0.6259803027343751,True,CALL,2026-02-06,LUV
LUV260206C00044500,44.5,4.1,4.05,4.5,16.0,12.0,0.5048877636718749,True,CALL,2026-02-06,LUV
LUV260206C00045000,45.0,2.55,3.0,3.85,76.0,89.0,0.5009815527343751,True,CALL,2026-02-06,LUV
LUV260206C00046000,46.0,2.04,2.45,2.92,249.0,277.0,0.43555251953125,True,CALL,2026-02-06,LUV
LUV260206C00047000,47.0,2.09,2.03,2.19,327.0,14430.0,0.43164630859375,True,CALL,2026-02-06,LUV
LUV260206C00048000,48.0,1.15,1.11,1.51,154.0,131.0,0.40820904296875,True,CALL,2026-02-06,LUV
LUV260206C00049000,49.0,0.96,0.8,0.97,39.0,65.0,0.39160764648437496,False,CALL,2026-02-06,LUV
LUV260206C00050000,50.0,0.49,0.49,0.6,374.0,184.0,0.38867798828125,False,CALL,2026-02-06,LUV
LUV260206C00051000,51.0,0.24,0.23,0.31,31.0,14.0,0.36914693359375,False,CALL,2026-02-06,LUV
LUV260206C00052000,52.0,0.03,0.0,0.23,1.0,1.0,0.40820904296875,False,CALL,2026-02-06,LUV
LUV260206P00036000,36.0,0.2,0.0,2.13,20.0,34.0,1.9218753906250001,False,PUT,2026-02-06,LUV
LUV260206P00037000,37.0,0.04,0.0,0.72,1.0,34.0,1.291019169921875,False,PUT,2026-02-06,LUV
LUV260206P00037500,37.5,0.07,0.0,0.03,14.0,30.0,0.70312796875,False,PUT,2026-02-06,LUV
LUV260206P00038000,38.0,0.02,0.0,0.05,23.0,122.0,0.710940390625,False,PUT,2026-02-06,LUV
LUV260206P00038500,38.5,0.01,0.0,0.08,2.0,137.0,0.7304714453125,False,PUT,2026-02-06,LUV
LUV260206P00039000,39.0,0.03,0.01,0.03,80.0,120.0,0.6250037500000001,False,PUT,2026-02-06,LUV
LUV260206P00039500,39.5,0.07,0.01,0.05,5.0,47.0,0.632816171875,False,PUT,2026-02-06,LUV
LUV260206P00040000,40.0,0.04,0.03,0.04,706.0,320.0,0.6093789062500001,False,PUT,2026-02-06,LUV
LUV260206P00040500,40.5,0.13,0.02,0.12,7.0,69.0,0.65039412109375,False,PUT,2026-02-06,LUV
LUV260206P00041000,41.0,0.05,0.04,0.11,491.0,167.0,0.6210975390625001,False,PUT,2026-02-06,LUV
LUV260206P00041500,41.5,0.08,0.04,0.09,6.0,70.0,0.570316796875,False,PUT,2026-02-06,LUV
LUV260206P00042000,42.0,0.15,0.06,0.15,3575.0,3597.0,0.585941640625,False,PUT,2026-02-06,LUV
LUV260206P00042500,42.5,0.13,0.05,0.2,47.0,59.0,0.570316796875,False,PUT,2026-02-06,LUV
LUV260206P00043000,43.0,0.2,0.09,0.26,15.0,157.0,0.57617611328125,False,PUT,2026-02-06,LUV
LUV260206P00043500,43.5,0.24,0.11,0.27,2.0,12.0,0.5468795312500001,False,PUT,2026-02-06,LUV
LUV260206P00044000,44.0,0.18,0.04,0.2,138.0,22.0,0.5107470800781251,False,PUT,2026-02-06,LUV
LUV260206P00045000,45.0,0.26,0.22,0.27,920.0,26.0,0.46582565429687506,False,PUT,2026-02-06,LUV
LUV260206P00045500,45.5,0.45,0.22,0.37,74.0,0.0,0.47070841796875,False,PUT,2026-02-06,LUV
LUV260206P00046000,46.0,0.38,0.31,0.41,86.0,29.0,0.43848217773437503,False,PUT,2026-02-06,LUV
LUV260206P00049000,49.0,1.6,1.24,1.56,1.0,1.0,0.4272518212890626,True,PUT,2026-02-06,LUV
LUV260206P00051000,51.0,9.19,2.7,5.0,1.0,0.0,0.7729514892578125,True,PUT,2026-02-06,LUV
LUV260213C00034000,34.0,9.15,12.45,14.75,,1.0,1.0859420703125,True,CALL,2026-02-13,LUV
LUV260213C00035000,35.0,7.2,11.45,13.7,27.0,28.0,0.96289099609375,True,CALL,2026-02-13,LUV
LUV260213C00037000,37.0,7.44,9.4,12.05,,1.0,1.0781296093750001,True,CALL,2026-02-13,LUV
LUV260213C00038000,38.0,4.0,8.35,10.65,20.0,25.0,0.70898728515625,True,CALL,2026-02-13,LUV
LUV260213C00039000,39.0,4.35,7.45,9.95,2.0,21.0,0.8632826171875,True,CALL,2026-02-13,LUV
LUV260213C00040000,40.0,3.52,6.5,8.95,2.0,20.0,0.788088056640625,True,CALL,2026-02-13,LUV
LUV260213C00041000,41.0,3.55,5.45,7.7,2.0,23.0,0.5644574804687501,True,CALL,2026-02-13,LUV
LUV260213C00042000,42.0,5.9,5.6,6.85,20.0,153.0,0.5898478515625001,True,CALL,2026-02-13,LUV
LUV260213C00043000,43.0,4.6,3.95,5.9,36.0,69.0,0.5429733203125001,True,CALL,2026-02-13,LUV
LUV260213C00044000,44.0,3.66,3.4,4.95,5.0,25.0,0.49023947265625006,True,CALL,2026-02-13,LUV
LUV260213C00045000,45.0,2.71,3.1,4.05,57.0,105.0,0.45117736328125,True,CALL,2026-02-13,LUV
LUV260213C00046000,46.0,2.9,2.83,3.3,38.0,62.0,0.4467828759765625,True,CALL,2026-02-13,LUV
LUV260213C00049000,49.0,1.31,0.95,1.4,37.0,1.0,0.40039662109375,False,CALL,2026-02-13,LUV
LUV260213C00050000,50.0,0.72,0.63,0.95,11.0,18.0,0.38477177734374995,False,CALL,2026-02-13,LUV
LUV260213C00051000,51.0,0.41,0.39,0.7,4.0,1.0,0.3979552392578125,False,CALL,2026-02-13,LUV
LUV260213P00036000,36.0,0.23,0.0,2.13,,35.0,1.44140904296875,False,PUT,2026-02-13,LUV
LUV260213P00037000,37.0,0.04,0.0,0.21,2.0,2.0,0.7382838671874999,False,PUT,2026-02-13,LUV
LUV260213P00038000,38.0,1.64,0.0,0.13,2.0,16.0,0.6210975390625001,False,PUT,2026-02-13,LUV
LUV260213P00039000,39.0,0.1,0.0,0.36,5.0,30.0,0.6914093359375001,False,PUT,2026-02-13,LUV
LUV260213P00040000,40.0,0.09,0.04,0.11,2.0,117.0,0.523442265625,False,PUT,2026-02-13,LUV
LUV260213P00041000,41.0,0.13,0.05,0.26,12.0,40.0,0.5429733203125001,False,PUT,2026-02-13,LUV
LUV260213P00042000,42.0,0.3,0.03,0.69,2.0,74.0,0.6035195898437502,False,PUT,2026-02-13,LUV
LUV260213P00043000,43.0,0.42,0.14,0.42,3.0,6.0,0.559574716796875,False,PUT,2026-02-13,LUV
LUV260213P00044000,44.0,0.4,0.25,0.45,10.0,3.0,0.4975636181640626,False,PUT,2026-02-13,LUV
LUV260213P00045000,45.0,0.55,0.4,0.51,4.0,6.0,0.44287666503906253,False,PUT,2026-02-13,LUV
LUV260213P00046000,46.0,0.75,0.59,0.78,3.0,1.0,0.446294599609375,False,PUT,2026-02-13,LUV
LUV260213P00048000,48.0,1.41,1.26,1.48,14.0,1.0,0.4282283740234375,False,PUT,2026-02-13,LUV
LUV260213P00055000,55.0,12.06,6.55,8.8,1.0,0.0,0.8173846386718748,True,PUT,2026-02-13,LUV
LUV260220C00034000,34.0,13.62,13.2,14.7,1.0,26.0,0.86132951171875,True,CALL,2026-02-20,LUV
LUV260220C00035000,35.0,12.62,12.35,13.65,10.0,218.0,0.7539087109375,True,CALL,2026-02-20,LUV
LUV260220C00037500,37.5,8.84,9.15,11.1,5.0,166.0,0.5644574804687501,True,CALL,2026-02-20,LUV
LUV260220C00038500,38.5,3.58,8.05,10.45,1.0,80.0,0.75195560546875,True,CALL,2026-02-20,LUV
LUV260220C00040000,40.0,7.79,7.65,8.95,78.0,1703.0,0.657229990234375,True,CALL,2026-02-20,LUV
LUV260220C00040500,40.5,4.96,8.2,8.25,10.0,60.0,0.5127001855468749,True,CALL,2026-02-20,LUV
LUV260220C00041000,41.0,6.24,7.7,7.75,163.0,1070.0,0.500005,True,CALL,2026-02-20,LUV
LUV260220C00041500,41.5,1.8,5.1,7.3,47.0,48.0,0.49707534179687507,True,CALL,2026-02-20,LUV
LUV260220C00042000,42.0,4.7,6.0,6.75,30.0,106.0,0.44434149414062496,True,CALL,2026-02-20,LUV
LUV260220C00042500,42.5,5.03,5.25,6.35,35.0,1467.0,0.46191944335937507,True,CALL,2026-02-20,LUV
LUV260220C00043000,43.0,4.25,4.15,5.9,76.0,44.0,0.45215391601562505,True,CALL,2026-02-20,LUV
LUV260220C00043500,43.5,2.4,3.25,5.5,48.0,90.0,0.4580132324218751,True,CALL,2026-02-20,LUV
LUV260220C00044000,44.0,3.13,2.84,5.1,24.0,55.0,0.4580132324218751,True,CALL,2026-02-20,LUV
LUV260220C00044500,44.5,3.27,4.25,4.8,12.0,11.0,0.4819387744140625,True,CALL,2026-02-20,LUV
LUV260220C00045000,45.0,4.0,3.9,4.2,10636.0,1823.0,0.418951123046875,True,CALL,2026-02-20,LUV
LUV260220C00045500,45.5,3.6,3.6,3.9,63.0,31.0,0.43506424316406256,True,CALL,2026-02-20,LUV
LUV260220C00046000,46.0,3.31,3.1,3.35,844.0,1168.0,0.3852600537109374,True,CALL,2026-02-20,LUV
LUV260220C00046500,46.5,1.89,2.56,3.05,32.0,47.0,0.393560751953125,True,CALL,2026-02-20,LUV
LUV260220C00047000,47.0,1.91,2.21,2.92,52.0,478.0,0.4335994140625,True,CALL,2026-02-20,LUV
LUV260220C00047500,47.5,2.4,2.35,2.45,916.0,22170.0,0.39502558105468755,True,CALL,2026-02-20,LUV
LUV260220C00048000,48.0,1.95,1.72,2.08,57.0,34.0,0.3745179736328125,True,CALL,2026-02-20,LUV
LUV260220C00048500,48.5,1.55,1.42,1.82,10101.0,60.0,0.37305314453125,True,CALL,2026-02-20,LUV
LUV260220C00049000,49.0,1.26,1.25,1.64,81.0,43.0,0.3833069482421875,False,CALL,2026-02-20,LUV
LUV260220C00050000,50.0,1.05,0.9,1.2,5264.0,460.0,0.3745179736328125,False,CALL,2026-02-20,LUV
LUV260220C00051000,51.0,0.65,0.56,0.81,5.0,2.0,0.3579165771484375,False,CALL,2026-02-20,LUV
LUV260220C00052000,52.0,0.42,0.41,0.57,41.0,5.0,0.3579165771484375,False,CALL,2026-02-20,LUV
LUV260220C00052500,52.5,0.24,0.25,0.5,48.0,37.0,0.36524072265625,False,CALL,2026-02-20,LUV
LUV260220C00053000,53.0,0.16,0.22,0.44,1.0,14.0,0.37305314453125,False,CALL,2026-02-20,LUV
LUV260220C00055000,55.0,0.13,0.0,0.2,13.0,147.0,0.372076591796875,False,CALL,2026-02-20,LUV
LUV260220C00060000,60.0,0.02,0.0,0.23,2.0,2.0,0.56836369140625,False,CALL,2026-02-20,LUV
LUV260220P00034000,34.0,0.16,0.0,2.14,34.0,35.0,1.365237548828125,False,PUT,2026-02-20,LUV
LUV260220P00035000,35.0,0.03,0.02,0.05,159.0,15544.0,0.6054726953125001,False,PUT,2026-02-20,LUV
LUV260220P00036000,36.0,0.15,0.0,0.62,50.0,6.0,0.8388687988281249,False,PUT,2026-02-20,LUV
LUV260220P00037000,37.0,0.1,0.0,0.28,5.0,410.0,0.65039412109375,False,PUT,2026-02-20,LUV
LUV260220P00037500,37.5,0.11,0.05,0.33,33.0,647.0,0.6660189648437502,False,PUT,2026-02-20,LUV
LUV260220P00038000,38.0,0.1,0.0,0.26,1.0,214.0,0.5898478515625001,False,PUT,2026-02-20,LUV
LUV260220P00038500,38.5,0.1,0.06,0.37,1.0,59.0,0.6279334082031252,False,PUT,2026-02-20,LUV
LUV260220P00039000,39.0,0.1,0.04,0.11,21.0,120.0,0.5195360546875,False,PUT,2026-02-20,LUV
LUV260220P00039500,39.5,0.16,0.09,0.13,246.0,14632.0,0.5117236328125,False,PUT,2026-02-20,LUV
LUV260220P00040000,40.0,0.12,0.11,0.14,578.0,4429.0,0.49414568359375005,False,PUT,2026-02-20,LUV
LUV260220P00040500,40.5,0.29,0.0,0.39,5.0,190.0,0.5048877636718749,False,PUT,2026-02-20,LUV
LUV260220P00041000,41.0,0.19,0.14,0.26,113.0,1063.0,0.514653291015625,False,PUT,2026-02-20,LUV
LUV260220P00041500,41.5,0.26,0.09,0.69,25.0,132.0,0.5463912548828126,False,PUT,2026-02-20,LUV
LUV260220P00042000,42.0,0.28,0.18,0.27,17.0,49.0,0.46289599609375004,False,PUT,2026-02-20,LUV
LUV260220P00042500,42.5,0.28,0.2,0.3,64.0,1279.0,0.44824770507812495,False,PUT,2026-02-20,LUV
LUV260220P00043000,43.0,0.49,0.26,0.56,30.0,89.0,0.5161181201171875,False,PUT,2026-02-20,LUV
LUV260220P00043500,43.5,0.73,0.31,0.6,1.0,70.0,0.49658706542968756,False,PUT,2026-02-20,LUV
LUV260220P00044000,44.0,3.15,0.36,0.55,46.0,23.0,0.44727115234375,False,PUT,2026-02-20,LUV
LUV260220P00044500,44.5,0.48,0.42,0.59,36.0,106.0,0.42676354492187507,False,PUT,2026-02-20,LUV
LUV260220P00045000,45.0,0.65,0.54,0.7,55.0,595.0,0.42383388671875,False,PUT,2026-02-20,LUV
LUV260220P00047000,47.0,1.46,1.09,1.35,25.0,8.0,0.42236905761718746,False,PUT,2026-02-20,LUV
LUV260220P00047500,47.5,1.4,1.31,1.45,111.0,3.0,0.3986876538085938,False,PUT,2026-02-20,LUV
LUV260220P00048000,48.0,2.0,1.45,1.58,40.0,5.0,0.3781800463867187,False,PUT,2026-02-20,LUV
LUV260220P00050000,50.0,2.88,2.52,2.9,5.0,57.0,0.42090422851562503,True,PUT,2026-02-20,LUV
LUV260220P00053000,53.0,10.85,4.7,6.95,1.0,1.0,0.6064492480468751,True,PUT,2026-02-20,LUV
LUV260220P00055000,55.0,9.3,6.55,8.75,1.0,0.0,0.6757844921875001,True,PUT,2026-02-20,LUV
LUV260220P00060000,60.0,16.93,11.3,13.75,,0.0,0.8735364208984374,True,PUT,2026-02-20,LUV
LUV260227C00035000,35.0,9.73,11.55,15.0,,10.0,1.2646521142578124,True,CALL,2026-02-27,LUV
LUV260227C00036000,36.0,5.18,10.45,12.75,10.0,13.0,0.6875031250000001,True,CALL,2026-02-27,LUV
LUV260227C00038000,38.0,5.45,8.45,10.75,12.0,23.0,0.584965087890625,True,CALL,2026-02-27,LUV
LUV260227C00040000,40.0,4.13,6.7,9.1,4.0,430.0,0.6313513427734375,True,CALL,2026-02-27,LUV
LUV260227C00041000,41.0,6.14,5.75,7.95,64.0,66.0,0.5210008837890624,True,CALL,2026-02-27,LUV
LUV260227C00042000,42.0,6.0,5.35,7.15,2.0,54.0,0.5312546875,True,CALL,2026-02-27,LUV
LUV260227C00043000,43.0,4.0,4.75,6.35,11.0,16.0,0.5278367529296876,True,CALL,2026-02-27,LUV
LUV260227C00044000,44.0,4.18,4.1,5.35,6.0,36.0,0.46533737792968755,True,CALL,2026-02-27,LUV
LUV260227C00045000,45.0,3.3,3.75,4.45,6.0,16.0,0.42529871582031253,True,CALL,2026-02-27,LUV
LUV260227C00046000,46.0,1.12,3.2,3.75,2.0,20.0,0.42090422851562503,True,CALL,2026-02-27,LUV
LUV260227C00047000,47.0,2.25,2.5,3.15,7.0,10.0,0.42383388671875,True,CALL,2026-02-27,LUV
LUV260227C00048000,48.0,1.59,1.87,2.41,25.0,8.0,0.3881897119140625,True,CALL,2026-02-27,LUV
LUV260227C00049000,49.0,1.25,1.41,1.95,9.0,1.0,0.39160764648437496,False,CALL,2026-02-27,LUV
LUV260227C00050000,50.0,1.0,1.2,1.47,52.0,3.0,0.3781800463867187,False,CALL,2026-02-27,LUV
LUV260227C00055000,55.0,0.13,0.23,0.43,,40.0,0.4057676611328125,False,CALL,2026-02-27,LUV
LUV260227P00035000,35.0,0.28,0.0,0.27,11.0,47.0,0.6621127539062501,False,PUT,2026-02-27,LUV
LUV260227P00037000,37.0,1.08,0.0,0.33,1.0,5.0,0.5898478515625001,False,PUT,2026-02-27,LUV
LUV260227P00038000,38.0,0.15,0.01,0.26,4.0,12.0,0.5195360546875,False,PUT,2026-02-27,LUV
LUV260227P00039000,39.0,0.18,0.05,0.34,4.0,3.0,0.5136767382812499,False,PUT,2026-02-27,LUV
LUV260227P00040000,40.0,0.3,0.01,0.85,22.0,24.0,0.5742230078125,False,PUT,2026-02-27,LUV
LUV260227P00041000,41.0,0.3,0.15,0.38,208.0,195.0,0.5009815527343751,False,PUT,2026-02-27,LUV
LUV260227P00042000,42.0,0.45,0.27,0.43,21.0,27.0,0.46582565429687506,False,PUT,2026-02-27,LUV
LUV260227P00043000,43.0,0.55,0.25,0.57,4.0,12.0,0.45508357421875,False,PUT,2026-02-27,LUV
LUV260227P00044000,44.0,1.02,0.45,0.75,4.0,4.0,0.44482977050781247,False,PUT,2026-02-27,LUV
LUV260227P00048000,48.0,2.26,0.03,3.8,6.0,1.0,0.7358424853515625,False,PUT,2026-02-27,LUV
LUV260306C00041000,41.0,2.98,6.15,8.35,,7.0,0.586918193359375,True,CALL,2026-03-06,LUV
LUV260306C00046000,46.0,0.97,3.25,4.05,15.0,15.0,0.4335994140625,True,CALL,2026-03-06,LUV
LUV260306C00048000,48.0,2.08,2.05,2.67,2.0,2.0,0.3920959228515625,True,CALL,2026-03-06,LUV
LUV260306P00036000,36.0,0.19,0.0,1.48,1.0,9.0,0.8403336279296875,False,PUT,2026-03-06,LUV
LUV260306P00040000,40.0,0.35,0.16,0.55,52.0,6.0,0.5581098876953126,False,PUT,2026-03-06,LUV
LUV260306P00042000,42.0,0.9,0.16,0.66,31.0,20.0,0.48633326171875,False,PUT,2026-03-06,LUV
LUV260320C00035000,35.0,12.29,12.1,13.9,3.0,1033.0,0.637698935546875,True,CALL,2026-03-20,LUV
LUV260320C00037500,37.5,10.0,10.7,11.45,5.0,3420.0,0.5478560839843751,True,CALL,2026-03-20,LUV
LUV260320C00040000,40.0,8.65,8.7,9.15,114.0,16953.0,0.4975636181640626,True,CALL,2026-03-20,LUV
LUV260320C00042500,42.5,6.66,6.65,6.9,298.0,6095.0,0.43897045410156255,True,CALL,2026-03-20,LUV
LUV260320C00045000,45.0,4.3,4.2,5.0,628.0,2029.0,0.41797457031249996,True,CALL,2026-03-20,LUV
LUV260320C00047500,47.5,2.87,2.79,3.5,1140.0,3617.0,0.41431249755859373,True,CALL,2026-03-20,LUV
LUV260320C00050000,50.0,1.77,1.79,2.15,504.0,704.0,0.38550419189453117,False,CALL,2026-03-20,LUV
LUV260320C00052500,52.5,1.0,0.92,1.26,8.0,62.0,0.37402969726562496,False,CALL,2026-03-20,LUV
LUV260320C00055000,55.0,0.59,0.55,0.73,206.0,298.0,0.3745179736328125,False,CALL,2026-03-20,LUV
LUV260320C00060000,60.0,0.1,0.04,0.2,25.0,70.0,0.36963520996093746,False,CALL,2026-03-20,LUV
LUV260320P00035000,35.0,0.21,0.15,0.23,252.0,3424.0,0.5429733203125001,False,PUT,2026-03-20,LUV
LUV260320P00037500,37.5,0.25,0.23,0.28,333.0,3647.0,0.4892629199218751,False,PUT,2026-03-20,LUV
LUV260320P00040000,40.0,0.44,0.42,0.47,793.0,11675.0,0.45264219238281256,False,PUT,2026-03-20,LUV
LUV260320P00042500,42.5,0.84,0.7,0.97,358.0,2618.0,0.45654840332031255,False,PUT,2026-03-20,LUV
LUV260320P00045000,45.0,1.32,1.21,1.5,439.0,485.0,0.4206600903320313,False,PUT,2026-03-20,LUV
LUV260320P00047500,47.5,2.54,2.28,2.28,113.0,97.0,0.3857483300781249,False,PUT,2026-03-20,LUV
LUV260320P00050000,50.0,3.95,3.45,3.8,10.0,4.0,0.4089414575195312,True,PUT,2026-03-20,LUV
LUV260320P00055000,55.0,7.6,7.0,7.95,40.0,10.0,0.5036670727539063,True,PUT,2026-03-20,LUV
LUV260320P00060000,60.0,13.57,11.55,13.15,1.0,0.0,0.5507857421875001,True,PUT,2026-03-20,LUV
LUV260618C00035000,35.0,12.09,12.2,14.5,4.0,891.0,0.5036670727539063,True,CALL,2026-06-18,LUV
LUV260618C00037500,37.5,9.75,10.65,12.35,306.0,1262.0,0.476567734375,True,CALL,2026-06-18,LUV
LUV260618C00040000,40.0,10.3,9.45,10.5,37.0,1308.0,0.4733939379882813,True,CALL,2026-06-18,LUV
LUV260618C00042500,42.5,7.5,7.6,8.55,161.0,588.0,0.4426325268554688,True,CALL,2026-06-18,LUV
LUV260618C00045000,45.0,6.15,6.55,6.9,501.0,1777.0,0.42774009765625004,True,CALL,2026-06-18,LUV
LUV260618C00047500,47.5,4.8,5.0,5.5,2182.0,4532.0,0.4190731921386719,True,CALL,2026-06-18,LUV
LUV260618C00050000,50.0,3.99,3.9,4.3,9488.0,11464.0,0.4110166320800781,False,CALL,2026-06-18,LUV
LUV260618C00052500,52.5,2.75,2.76,3.3,32.0,79.0,0.40381455566406255,False,CALL,2026-06-18,LUV
LUV260618C00055000,55.0,2.21,2.15,2.5,138.0,760.0,0.39880972290039063,False,CALL,2026-06-18,LUV
LUV260618C00060000,60.0,1.4,1.21,1.37,218.0,110.0,0.39038695556640624,False,CALL,2026-06-18,LUV
LUV260618P00035000,35.0,0.7,0.57,0.78,28.0,1028.0,0.467778759765625,False,PUT,2026-06-18,LUV
LUV260618P00037500,37.5,1.14,0.76,1.37,11.0,2706.0,0.4819387744140625,False,PUT,2026-06-18,LUV
LUV260618P00040000,40.0,1.44,1.38,1.53,9101.0,8509.0,0.42017181396484377,False,PUT,2026-06-18,LUV
LUV260618P00042500,42.5,2.07,2.03,2.14,101.0,1499.0,0.4028380029296875,False,PUT,2026-06-18,LUV
LUV260618P00045000,45.0,3.1,2.82,3.3,649.0,734.0,0.4204159521484375,False,PUT,2026-06-18,LUV
LUV260618P00047500,47.5,4.28,3.9,4.15,272.0,86.0,0.39087523193359375,False,PUT,2026-06-18,LUV
LUV260618P00050000,50.0,5.3,5.2,5.5,112.0,29.0,0.387701435546875,True,PUT,2026-06-18,LUV
LUV260618P00055000,55.0,13.8,8.25,9.4,3.0,0.0,0.4359187268066406,True,PUT,2026-06-18,LUV
LUV260918C00035000,35.0,12.03,12.85,15.2,1.0,234.0,0.47632359619140624,True,CALL,2026-09-18,LUV
LUV260918C00037500,37.5,7.44,10.95,13.55,5.0,184.0,0.4897511962890626,True,CALL,2026-09-18,LUV
LUV260918C00040000,40.0,9.07,10.7,11.4,52.0,1832.0,0.4458063232421875,True,CALL,2026-09-18,LUV
LUV260918C00042500,42.5,8.63,9.0,9.85,11.0,283.0,0.44385321777343745,True,CALL,2026-09-18,LUV
LUV260918C00045000,45.0,7.92,7.75,8.25,127.0,565.0,0.42737389038085943,True,CALL,2026-09-18,LUV
LUV260918C00047500,47.5,6.11,6.0,6.9,32.0,284.0,0.41870698486328123,True,CALL,2026-09-18,LUV
LUV260918C00050000,50.0,5.6,5.25,5.75,40.0,915.0,0.41358008300781246,False,CALL,2026-09-18,LUV
LUV260918C00052500,52.5,4.05,3.95,4.65,6.0,1.0,0.4023497265625,False,CALL,2026-09-18,LUV
LUV260918C00055000,55.0,3.25,3.35,3.75,8006.0,21.0,0.39502558105468755,False,CALL,2026-09-18,LUV
LUV260918C00060000,60.0,1.77,1.72,2.35,1.0,29.0,0.38172005004882803,False,CALL,2026-09-18,LUV
LUV260918P00035000,35.0,1.98,0.66,1.67,1.0,286.0,0.47510290527343746,False,PUT,2026-09-18,LUV
LUV260918P00037500,37.5,1.9,1.63,2.23,1.0,219.0,0.46143116699218756,False,PUT,2026-09-18,LUV
LUV260918P00040000,40.0,3.9,2.15,2.92,14.0,2442.0,0.44910218872070307,False,PUT,2026-09-18,LUV
LUV260918P00042500,42.5,3.2,3.0,3.2,8019.0,372.0,0.39600213378906257,False,PUT,2026-09-18,LUV
LUV260918P00045000,45.0,4.1,4.0,4.9,3.0,151.0,0.43921459228515625,False,PUT,2026-09-18,LUV
LUV260918P00047500,47.5,5.4,5.05,5.6,76.0,54.0,0.40015248291015626,False,PUT,2026-09-18,LUV
LUV260918P00050000,50.0,7.2,6.25,7.15,2.0,7.0,0.40833111206054684,True,PUT,2026-09-18,LUV
LUV261218C00035000,35.0,13.16,13.85,16.2,8.0,20.0,0.4931691308593751,True,CALL,2026-12-18,LUV
LUV261218C00037500,37.5,11.7,12.55,14.75,2.0,72.0,0.506840869140625,True,CALL,2026-12-18,LUV
LUV261218C00040000,40.0,9.5,11.65,12.65,2.0,66.0,0.4647270324707031,True,CALL,2026-12-18,LUV
LUV261218C00042500,42.5,6.15,10.0,11.05,27.0,165.0,0.45227598510742195,True,CALL,2026-12-18,LUV
LUV261218C00045000,45.0,8.1,8.5,9.45,33.0,168.0,0.43335527587890627,True,CALL,2026-12-18,LUV
LUV261218C00047500,47.5,7.2,7.3,8.3,24.0,129.0,0.43408769042968753,True,CALL,2026-12-18,LUV
LUV261218C00050000,50.0,6.13,6.05,7.35,16.0,218.0,0.43884838500976564,False,CALL,2026-12-18,LUV
LUV261218C00052500,52.5,3.8,5.1,5.95,1.0,3.0,0.4124814611816406,False,CALL,2026-12-18,LUV
LUV261218C00055000,55.0,3.55,4.25,5.0,3.0,120.0,0.4046690393066406,False,CALL,2026-12-18,LUV
LUV261218C00060000,60.0,3.02,2.9,3.55,6.0,71.0,0.39685661743164063,False,CALL,2026-12-18,LUV
LUV261218P00035000,35.0,2.98,1.66,2.36,6.0,150.0,0.4655815161132813,False,PUT,2026-12-18,LUV
LUV261218P00037500,37.5,2.5,2.25,3.1,,10.0,0.4594780615234375,False,PUT,2026-12-18,LUV
LUV261218P00040000,40.0,3.34,2.89,3.15,6.0,171.0,0.3971007556152344,False,PUT,2026-12-18,LUV
LUV261218P00042500,42.5,5.87,3.55,4.55,1.0,48.0,0.42200285034179685,False,PUT,2026-12-18,LUV
LUV261218P00045000,45.0,5.4,4.7,5.5,2.0,156.0,0.40796490478515623,False,PUT,2026-12-18,LUV
LUV261218P00047500,47.5,6.5,5.8,6.85,228.0,59.0,0.4097959411621094,False,PUT,2026-12-18,LUV
LUV261218P00050000,50.0,9.9,7.15,8.4,,2.0,0.4151669812011719,True,PUT,2026-12-18,LUV
LUV261218P00052500,52.5,11.65,8.4,9.85,,3.0,0.40820904296875,True,PUT,2026-12-18,LUV
LUV270115C00035000,35.0,15.0,14.9,16.5,14.0,640.0,0.4973194799804688,True,CALL,2027-01-15,LUV
LUV270115C00037500,37.5,13.98,12.95,14.45,173.0,1056.0,0.4647270324707031,True,CALL,2027-01-15,LUV
LUV270115C00040000,40.0,11.69,11.85,12.85,13.0,980.0,0.45898978515625005,True,CALL,2027-01-15,LUV
LUV270115C00042500,42.5,10.12,10.2,11.1,57.0,514.0,0.4368952795410156,True,CALL,2027-01-15,LUV
LUV270115C00045000,45.0,9.38,8.9,9.7,157.0,899.0,0.4299373413085938,True,CALL,2027-01-15,LUV
LUV270115C00047500,47.5,7.7,7.45,8.4,6.0,421.0,0.42188078125,True,CALL,2027-01-15,LUV
LUV270115C00050000,50.0,6.5,6.25,7.1,54.0,1337.0,0.4078428356933594,False,CALL,2027-01-15,LUV
LUV270115C00052500,52.5,5.7,5.3,6.65,38.0,7.0,0.432622861328125,False,CALL,2027-01-15,LUV
LUV270115C00055000,55.0,4.94,4.45,5.7,22.0,411.0,0.425359750366211,False,CALL,2027-01-15,LUV
LUV270115C00060000,60.0,3.24,2.91,3.8,32.0,130.0,0.3947814428710938,False,CALL,2027-01-15,LUV
LUV270115P00035000,35.0,2.25,1.67,2.48,29.0,195.0,0.45667047241210945,False,PUT,2027-01-15,LUV
LUV270115P00037500,37.5,2.88,2.35,3.25,10.0,2186.0,0.45178770874023444,False,PUT,2027-01-15,LUV
LUV270115P00040000,40.0,3.62,3.05,4.05,12.0,320.0,0.44067942138671873,False,PUT,2027-01-15,LUV
LUV270115P00042500,42.5,4.65,4.0,4.7,21.0,100.0,0.414068359375,False,PUT,2027-01-15,LUV
LUV270115P00045000,45.0,5.51,5.0,5.7,2.0,36.0,0.4027159338378906,False,PUT,2027-01-15,LUV
LUV270115P00047500,47.5,7.0,5.75,7.35,1.0,17.0,0.4204159521484375,False,PUT,2027-01-15,LUV
LUV270115P00050000,50.0,9.3,7.3,8.65,8.0,14.0,0.4116269775390625,True,PUT,2027-01-15,LUV
LUV270115P00055000,55.0,11.0,10.05,11.4,1.0,5.0,0.3841614318847656,True,PUT,2027-01-15,LUV
LUV280121C00035000,35.0,12.8,16.0,19.0,5.0,148.0,0.47937532348632805,True,CALL,2028-01-21,LUV
LUV280121C00037500,37.5,11.0,14.5,17.5,1.0,182.0,0.4720511779785156,True,CALL,2028-01-21,LUV
LUV280121C00040000,40.0,14.2,13.1,15.75,38.0,125.0,0.45001770690917964,True,CALL,2028-01-21,LUV
LUV280121C00042500,42.5,12.84,11.5,14.45,39.0,135.0,0.44537908142089844,True,CALL,2028-01-21,LUV
LUV280121C00045000,45.0,12.0,10.5,14.0,27.0,577.0,0.4718070397949219,True,CALL,2028-01-21,LUV
LUV280121C00047500,47.5,10.15,9.0,13.0,2.0,155.0,0.4715629016113281,True,CALL,2028-01-21,LUV
LUV280121C00050000,50.0,9.68,8.0,11.45,57.0,2259.0,0.4474542559814453,False,CALL,2028-01-21,LUV
LUV280121C00052500,52.5,8.58,7.0,10.95,7.0,11.0,0.46094289062500005,False,CALL,2028-01-21,LUV
LUV280121C00055000,55.0,7.94,6.0,10.0,25.0,18.0,0.4549615051269531,False,CALL,2028-01-21,LUV
LUV280121C00060000,60.0,6.8,5.55,7.8,13.0,18.0,0.42542078491210944,False,CALL,2028-01-21,LUV
LUV280121P00035000,35.0,3.71,3.3,4.55,21.0,13.0,0.43140217041015627,False,PUT,2028-01-21,LUV
LUV280121P00037500,37.5,4.6,3.55,5.05,22.0,1705.0,0.40381455566406255,False,PUT,2028-01-21,LUV
LUV280121P00040000,40.0,5.17,5.0,6.05,24.0,7.0,0.39771110107421875,False,PUT,2028-01-21,LUV
LUV280121P00042500,42.5,7.35,5.45,8.25,13.0,2002.0,0.438054935913086,False,PUT,2028-01-21,LUV
LUV280121P00045000,45.0,7.68,6.5,9.0,3.0,3.0,0.41235939208984373,False,PUT,2028-01-21,LUV
LUV280121P00047500,47.5,9.2,8.25,10.1,1.0,1.0,0.3986876538085938,False,PUT,2028-01-21,LUV
LUV280121P00050000,50.0,14.55,8.5,12.5,2.0,131.0,0.43140217041015627,True,PUT,2028-01-21,LUV
LUV280121P00060000,60.0,19.0,15.45,18.5,10.0,11.0,0.39703972106933594,True,PUT,2028-01-21,LUV
LYB260220C00035000,35.0,14.9,14.2,15.7,8.0,4.0,1.205082099609375,True,CALL,2026-02-20,LYB
LYB260220C00040000,40.0,11.25,9.8,11.4,1.0,21.0,0.81445498046875,True,CALL,2026-02-20,LYB
LYB260220C00042500,42.5,8.2,8.1,8.7,1.0,68.0,0.7509790527343749,True,CALL,2026-02-20,LYB
LYB260220C00045000,45.0,5.4,5.5,6.5,2.0,508.0,0.6030313134765627,True,CALL,2026-02-20,LYB
LYB260220C00047500,47.5,4.2,4.1,4.8,9.0,885.0,0.6286658227539064,True,CALL,2026-02-20,LYB
LYB260220C00050000,50.0,3.0,3.0,3.3,272.0,2343.0,0.6337927246093751,False,CALL,2026-02-20,LYB
LYB260220C00052500,52.5,2.1,1.95,2.2,240.0,1791.0,0.6215858154296876,False,CALL,2026-02-20,LYB
LYB260220C00055000,55.0,1.12,1.15,1.35,83.0,3157.0,0.6001016552734376,False,CALL,2026-02-20,LYB
LYB260220C00057500,57.5,0.67,0.65,0.8,275.0,347.0,0.5893595751953126,False,CALL,2026-02-20,LYB
LYB260220C00060000,60.0,0.37,0.25,0.45,130.0,2248.0,0.56055126953125,False,CALL,2026-02-20,LYB
LYB260220P00035000,35.0,0.16,0.0,0.55,38.0,124.0,0.9345709667968749,False,PUT,2026-02-20,LYB
LYB260220P00037500,37.5,0.15,0.15,0.2,5.0,264.0,0.710940390625,False,PUT,2026-02-20,LYB
LYB260220P00040000,40.0,0.32,0.3,0.4,50.0,788.0,0.6826203613281252,False,PUT,2026-02-20,LYB
LYB260220P00042500,42.5,0.57,0.45,0.65,1467.0,7232.0,0.6191444335937502,False,PUT,2026-02-20,LYB
LYB260220P00045000,45.0,1.11,1.0,1.1,30.0,2786.0,0.6054726953125001,False,PUT,2026-02-20,LYB
LYB260220P00047500,47.5,1.8,1.75,1.85,692.0,2327.0,0.5874064697265625,False,PUT,2026-02-20,LYB
LYB260220P00050000,50.0,2.75,2.75,2.9,1328.0,1269.0,0.5610395458984375,True,PUT,2026-02-20,LYB
LYB260220P00052500,52.5,4.9,4.0,4.2,1.0,190.0,0.514653291015625,True,PUT,2026-02-20,LYB
LYB260220P00055000,55.0,5.9,5.7,6.1,7.0,97.0,0.5053760400390624,True,PUT,2026-02-20,LYB
LYB260220P00057500,57.5,6.3,6.8,9.1,,4.0,0.8061542822265625,True,PUT,2026-02-20,LYB
LYB260220P00060000,60.0,8.3,9.5,11.8,7.0,18.0,0.6586948193359375,True,PUT,2026-02-20,LYB
LYB260320C00035000,35.0,15.0,14.1,16.5,6.0,75.0,0.6586948193359375,True,CALL,2026-03-20,LYB
LYB260320C00040000,40.0,10.71,10.5,11.2,1.0,500.0,0.6108437353515627,True,CALL,2026-03-20,LYB
LYB260320C00042500,42.5,8.0,7.3,9.6,3.0,19.0,0.514653291015625,True,CALL,2026-03-20,LYB
LYB260320C00045000,45.0,6.33,6.5,7.1,1.0,7784.0,0.5405319384765627,True,CALL,2026-03-20,LYB
LYB260320C00047500,47.5,4.39,4.8,5.4,1.0,365.0,0.5158739819335938,True,CALL,2026-03-20,LYB
LYB260320C00050000,50.0,3.64,3.5,4.0,32.0,6923.0,0.5065967309570312,False,CALL,2026-03-20,LYB
LYB260320C00052500,52.5,2.65,2.5,2.9,27.0,393.0,0.5029346582031251,False,CALL,2026-03-20,LYB
LYB260320C00055000,55.0,1.81,1.7,2.0,9.0,3704.0,0.5158739819335938,False,CALL,2026-03-20,LYB
LYB260320C00057500,57.5,1.13,1.15,1.4,17.0,109.0,0.51562984375,False,CALL,2026-03-20,LYB
LYB260320C00060000,60.0,0.75,0.8,0.9,509.0,1362.0,0.5034229345703125,False,CALL,2026-03-20,LYB
LYB260320P00035000,35.0,0.25,0.25,0.3,1.0,1193.0,0.6279334082031252,False,PUT,2026-03-20,LYB
LYB260320P00037500,37.5,0.49,0.35,0.5,2.0,269.0,0.5874064697265625,False,PUT,2026-03-20,LYB
LYB260320P00040000,40.0,0.75,0.6,0.85,15.0,2446.0,0.569340244140625,False,PUT,2026-03-20,LYB
LYB260320P00042500,42.5,1.2,1.05,1.35,10.0,767.0,0.5576216113281252,False,PUT,2026-03-20,LYB
LYB260320P00045000,45.0,1.88,1.7,1.9,28.0,2424.0,0.534184345703125,False,PUT,2026-03-20,LYB
LYB260320P00047500,47.5,2.7,2.55,2.9,1.0,273.0,0.5280808911132813,False,PUT,2026-03-20,LYB
LYB260320P00050000,50.0,4.42,3.7,4.1,3.0,1618.0,0.5214891601562499,True,PUT,2026-03-20,LYB
LYB260320P00052500,52.5,5.0,5.1,5.6,4.0,43.0,0.5180712255859375,True,PUT,2026-03-20,LYB
LYB260320P00055000,55.0,7.1,6.8,7.3,4.0,1313.0,0.51758294921875,True,PUT,2026-03-20,LYB
LYB260320P00057500,57.5,7.55,8.5,9.3,,1.0,0.5090381127929688,True,PUT,2026-03-20,LYB
LYB260320P00060000,60.0,10.9,10.3,12.4,2.0,183.0,0.5795940478515625,True,PUT,2026-03-20,LYB
LYB260618C00035000,35.0,10.59,14.4,16.5,14.0,15.0,0.6210975390625001,True,CALL,2026-06-18,LYB
LYB260618C00037500,37.5,15.52,12.4,14.9,,1.0,0.6513706738281251,True,CALL,2026-06-18,LYB
LYB260618C00040000,40.0,12.93,10.2,12.2,23.0,699.0,0.5368698657226563,True,CALL,2026-06-18,LYB
LYB260618C00042500,42.5,10.0,9.4,10.5,10.0,9.0,0.5314988256835937,True,CALL,2026-06-18,LYB
LYB260618C00045000,45.0,7.96,7.9,8.6,2.0,2168.0,0.4936574072265626,True,CALL,2026-06-18,LYB
LYB260618C00047500,47.5,7.5,6.2,7.3,2.0,1669.0,0.4978077563476563,True,CALL,2026-06-18,LYB
LYB260618C00050000,50.0,5.66,5.3,6.0,3.0,2654.0,0.4875539526367188,False,CALL,2026-06-18,LYB
LYB260618C00052500,52.5,4.35,4.6,4.9,2.0,455.0,0.4809622216796875,False,CALL,2026-06-18,LYB
LYB260618C00055000,55.0,3.8,3.6,4.0,20.0,1873.0,0.47827670166015623,False,CALL,2026-06-18,LYB
LYB260618C00057500,57.5,3.04,3.0,3.2,7.0,55.0,0.47241738525390625,False,CALL,2026-06-18,LYB
LYB260618C00060000,60.0,2.45,2.3,2.55,14.0,1028.0,0.46851117431640626,False,CALL,2026-06-18,LYB
LYB260618P00035000,35.0,1.1,0.9,1.4,1.0,1856.0,0.5600629931640625,False,PUT,2026-06-18,LYB
LYB260618P00037500,37.5,1.55,1.2,1.65,25.0,80.0,0.5200243310546875,False,PUT,2026-06-18,LYB
LYB260618P00040000,40.0,2.1,1.85,2.35,26.0,3211.0,0.5210008837890624,False,PUT,2026-06-18,LYB
LYB260618P00042500,42.5,2.9,2.45,3.0,3.0,758.0,0.500005,False,PUT,2026-06-18,LYB
LYB260618P00045000,45.0,3.7,3.4,3.9,1.0,975.0,0.5174608801269531,False,PUT,2026-06-18,LYB
LYB260618P00047500,47.5,4.4,4.4,4.8,159.0,278.0,0.49451189086914066,False,PUT,2026-06-18,LYB
LYB260618P00050000,50.0,6.2,5.7,6.1,11.0,578.0,0.49268085449218757,True,PUT,2026-06-18,LYB
LYB260618P00052500,52.5,7.3,6.8,7.6,1.0,61.0,0.4940236145019532,True,PUT,2026-06-18,LYB
LYB260618P00055000,55.0,8.5,8.7,9.7,9.0,1942.0,0.5323533093261719,True,PUT,2026-06-18,LYB
LYB260618P00060000,60.0,11.8,12.3,13.2,84.0,856.0,0.5229539892578124,True,PUT,2026-06-18,LYB
LYB260918C00035000,35.0,15.79,14.6,17.4,3.0,7.0,0.5813030151367188,True,CALL,2026-09-18,LYB
LYB260918C00040000,40.0,12.06,11.2,13.9,1.0,15.0,0.5610395458984375,True,CALL,2026-09-18,LYB
LYB260918C00045000,45.0,9.75,9.0,10.0,1.0,51.0,0.48242705078125003,True,CALL,2026-09-18,LYB
LYB260918C00047500,47.5,9.29,7.6,8.4,7.0,23.0,0.4598442687988281,True,CALL,2026-09-18,LYB
LYB260918C00050000,50.0,6.94,6.6,7.3,3.0,404.0,0.462041512451172,False,CALL,2026-09-18,LYB
LYB260918C00052500,52.5,6.9,5.5,6.3,9.0,21.0,0.462041512451172,False,CALL,2026-09-18,LYB
LYB260918C00055000,55.0,5.75,4.5,5.4,1.0,161.0,0.4606987524414063,False,CALL,2026-09-18,LYB
LYB260918C00057500,57.5,4.8,3.7,4.7,,23.0,0.46484910156250003,False,CALL,2026-09-18,LYB
LYB260918C00060000,60.0,3.8,3.5,4.3,1.0,236.0,0.48242705078125003,False,CALL,2026-09-18,LYB
LYB260918P00035000,35.0,1.6,0.3,1.95,2.0,583.0,0.5295457202148439,False,PUT,2026-09-18,LYB
LYB260918P00037500,37.5,2.15,2.15,2.3,4.0,30.0,0.49341326904296884,False,PUT,2026-09-18,LYB
LYB260918P00040000,40.0,2.95,2.6,3.0,1.0,243.0,0.48352567260742196,False,PUT,2026-09-18,LYB
LYB260918P00042500,42.5,3.5,3.3,4.0,14.0,45.0,0.48718774536132814,False,PUT,2026-09-18,LYB
LYB260918P00045000,45.0,4.8,4.4,5.7,1.0,1219.0,0.5288133056640626,False,PUT,2026-09-18,LYB
LYB260918P00047500,47.5,7.18,5.7,6.9,2.0,14.0,0.5235643347167969,False,PUT,2026-09-18,LYB
LYB260918P00050000,50.0,6.38,6.9,7.6,2.0,645.0,0.47876497802734375,True,PUT,2026-09-18,LYB
LYB260918P00055000,55.0,9.65,9.7,11.1,1.0,85.0,0.5023243127441408,True,PUT,2026-09-18,LYB
LYB260918P00060000,60.0,18.65,13.2,14.4,10.0,148.0,0.4865773999023438,True,PUT,2026-09-18,LYB
LYB261218C00035000,35.0,15.04,14.5,18.6,1.0,2.0,0.5935099243164064,True,CALL,2026-12-18,LYB
LYB261218C00040000,40.0,8.2,11.4,15.1,1.0,16.0,0.5574995422363282,True,CALL,2026-12-18,LYB
LYB261218C00042500,42.5,7.75,11.4,12.8,10.0,10.0,0.4979298254394532,True,CALL,2026-12-18,LYB
LYB261218C00045000,45.0,10.21,10.0,11.0,5.0,50.0,0.4682670361328125,True,CALL,2026-12-18,LYB
LYB261218C00047500,47.5,9.9,8.4,9.8,4.0,9.0,0.4686332434082031,True,CALL,2026-12-18,LYB
LYB261218C00050000,50.0,7.9,7.5,9.4,1.0,89.0,0.5061084545898438,False,CALL,2026-12-18,LYB
LYB261218C00052500,52.5,7.23,6.5,8.2,15.0,32.0,0.49341326904296884,False,CALL,2026-12-18,LYB
LYB261218C00055000,55.0,6.0,5.5,6.9,2.0,80.0,0.47058634887695316,False,CALL,2026-12-18,LYB
LYB261218C00060000,60.0,4.8,4.0,5.0,2.0,478.0,0.4476373596191406,False,CALL,2026-12-18,LYB
LYB261218P00035000,35.0,1.95,1.15,3.2,32.0,145.0,0.5578657495117189,False,PUT,2026-12-18,LYB
LYB261218P00040000,40.0,3.19,3.5,4.9,6.0,75.0,0.5415084912109377,False,PUT,2026-12-18,LYB
LYB261218P00042500,42.5,4.01,2.95,5.9,2.0,6.0,0.5334519311523438,False,PUT,2026-12-18,LYB
LYB261218P00045000,45.0,5.68,5.5,7.1,1.0,28.0,0.5312546875,False,PUT,2026-12-18,LYB
LYB261218P00047500,47.5,6.2,6.7,8.3,3.0,9.0,0.5230150238037108,False,PUT,2026-12-18,LYB
LYB261218P00050000,50.0,8.3,7.1,8.5,2.0,36.0,0.4549615051269531,True,PUT,2026-12-18,LYB
LYB261218P00052500,52.5,9.1,9.4,11.0,1.0,2.0,0.5075732836914062,True,PUT,2026-12-18,LYB
LYB261218P00055000,55.0,10.9,10.9,12.6,1.0,14.0,0.5059863854980469,True,PUT,2026-12-18,LYB
LYB261218P00060000,60.0,14.3,14.3,15.8,5.0,67.0,0.4891408508300782,True,PUT,2026-12-18,LYB
LYB270115C00035000,35.0,18.61,14.5,18.2,1.0,64.0,0.5380905566406251,True,CALL,2027-01-15,LYB
LYB270115C00040000,40.0,13.2,12.6,13.9,5.0,232.0,0.45642633422851564,True,CALL,2027-01-15,LYB
LYB270115C00042500,42.5,9.85,11.7,13.1,,20.0,0.4958546508789063,True,CALL,2027-01-15,LYB
LYB270115C00045000,45.0,10.8,10.2,11.3,2.0,198.0,0.46631393066406257,True,CALL,2027-01-15,LYB
LYB270115C00047500,47.5,10.73,8.3,10.7,1.0,22.0,0.4982960327148438,True,CALL,2027-01-15,LYB
LYB270115C00050000,50.0,8.1,7.9,8.9,3.0,875.0,0.45935599243164066,False,CALL,2027-01-15,LYB
LYB270115C00052500,52.5,7.75,6.8,8.6,1.0,26.0,0.49396257995605475,False,CALL,2027-01-15,LYB
LYB270115C00055000,55.0,6.7,5.6,7.7,1.0,632.0,0.49231464721679696,False,CALL,2027-01-15,LYB
LYB270115C00060000,60.0,3.9,4.3,5.1,4.0,1281.0,0.43469803588867195,False,CALL,2027-01-15,LYB
LYB270115P00035000,35.0,1.75,2.2,3.4,10.0,1753.0,0.5029346582031251,False,PUT,2027-01-15,LYB
LYB270115P00037500,37.5,3.78,1.75,4.1,,2.0,0.5344284838867188,False,PUT,2027-01-15,LYB
LYB270115P00040000,40.0,3.8,3.8,4.3,5.0,2664.0,0.4804739453125,False,PUT,2027-01-15,LYB
LYB270115P00042500,42.5,4.4,4.7,6.1,1.0,19.0,0.5238084729003907,False,PUT,2027-01-15,LYB
LYB270115P00045000,45.0,6.0,5.6,7.3,3.0,4104.0,0.5210008837890624,False,PUT,2027-01-15,LYB
LYB270115P00047500,47.5,6.4,6.7,7.8,96.0,98.0,0.47473669799804685,False,PUT,2027-01-15,LYB
LYB270115P00050000,50.0,8.5,8.0,9.0,10.0,713.0,0.46271289245605474,True,PUT,2027-01-15,LYB
LYB270115P00052500,52.5,10.73,9.4,11.2,,100.0,0.4973194799804688,True,PUT,2027-01-15,LYB
LYB270115P00055000,55.0,10.8,9.0,12.7,57.0,302.0,0.49060567993164067,True,PUT,2027-01-15,LYB
LYB270115P00060000,60.0,14.05,14.3,16.0,50.0,744.0,0.47961946166992186,True,PUT,2027-01-15,LYB
LYB271217C00035000,35.0,18.77,16.0,19.4,1.0,137.0,0.4510552941894531,True,CALL,2027-12-17,LYB
LYB271217C00040000,40.0,15.2,13.0,15.6,4.0,164.0,0.40552352294921873,True,CALL,2027-12-17,LYB
LYB271217C00042500,42.5,9.4,12.0,16.1,1.0,1.0,0.4836477416992188,True,CALL,2027-12-17,LYB
LYB271217C00045000,45.0,14.39,10.5,15.0,2.0,147.0,0.4844411907958984,True,CALL,2027-12-17,LYB
LYB271217C00050000,50.0,10.8,8.5,11.9,4.0,198.0,0.4420221813964844,False,CALL,2027-12-17,LYB
LYB271217C00052500,52.5,10.57,9.2,11.7,2.0,6.0,0.4687553125,False,CALL,2027-12-17,LYB
LYB271217C00055000,55.0,9.64,7.0,11.5,1.0,21.0,0.4921315435791016,False,CALL,2027-12-17,LYB
LYB271217C00060000,60.0,7.0,6.0,9.0,11.0,118.0,0.45429012512207034,False,CALL,2027-12-17,LYB
LYB271217P00035000,35.0,4.15,2.0,5.7,2.0,136.0,0.5185595019531251,False,PUT,2027-12-17,LYB
LYB271217P00037500,37.5,5.47,3.0,6.6,20.0,21.0,0.5061084545898438,False,PUT,2027-12-17,LYB
LYB271217P00040000,40.0,6.14,5.0,6.8,1.0,88.0,0.45898978515625005,False,PUT,2027-12-17,LYB
LYB271217P00045000,45.0,8.2,6.5,11.0,109.0,220.0,0.5244798529052734,False,PUT,2027-12-17,LYB
LYB271217P00047500,47.5,12.95,7.5,12.0,,1.0,0.5045215563964844,False,PUT,2027-12-17,LYB
LYB271217P00050000,50.0,11.0,9.3,12.6,2.0,125.0,0.4676566906738281,True,PUT,2027-12-17,LYB
LYB271217P00055000,55.0,14.64,11.5,16.3,4.0,22.0,0.4835867071533204,True,PUT,2027-12-17,LYB
LYB271217P00060000,60.0,21.77,15.0,19.5,6.0,100.0,0.4715018670654296,True,PUT,2027-12-17,LYB
LYB280121C00035000,35.0,18.0,16.7,19.3,5.0,390.0,0.43469803588867195,True,CALL,2028-01-21,LYB
LYB280121C00040000,40.0,15.0,13.5,16.8,5.0,207.0,0.44922425781249997,True,CALL,2028-01-21,LYB
LYB280121C00042500,42.5,12.3,12.5,15.1,20.0,28.0,0.42981527221679694,True,CALL,2028-01-21,LYB
LYB280121C00045000,45.0,13.0,11.1,13.0,25.0,385.0,0.39264523376464844,True,CALL,2028-01-21,LYB
LYB280121C00047500,47.5,8.19,10.0,13.0,,1.0,0.43530838134765626,True,CALL,2028-01-21,LYB
LYB280121C00050000,50.0,10.4,9.0,11.3,1.0,385.0,0.40881938842773435,False,CALL,2028-01-21,LYB
LYB280121C00052500,52.5,10.17,8.0,11.3,10.0,78.0,0.4425714923095704,False,CALL,2028-01-21,LYB
LYB280121C00055000,55.0,9.88,7.0,10.5,1.0,61.0,0.44385321777343745,False,CALL,2028-01-21,LYB
LYB280121C00060000,60.0,7.5,5.5,9.0,2.0,145.0,0.44312080322265623,False,CALL,2028-01-21,LYB
LYB280121P00035000,35.0,3.9,2.0,5.6,1.0,177.0,0.5007374145507812,False,PUT,2028-01-21,LYB
LYB280121P00037500,37.5,7.7,3.5,6.6,,8.0,0.4936574072265626,False,PUT,2028-01-21,LYB
LYB280121P00040000,40.0,6.07,5.1,6.8,1.0,248.0,0.44775942871093743,False,PUT,2028-01-21,LYB
LYB280121P00042500,42.5,10.4,5.7,8.7,,13.0,0.4746756634521484,False,PUT,2028-01-21,LYB
LYB280121P00045000,45.0,8.1,7.2,8.9,250.0,441.0,0.4272518212890626,False,PUT,2028-01-21,LYB
LYB280121P00047500,47.5,9.27,8.0,11.1,1.0,3.0,0.4572808178710938,False,PUT,2028-01-21,LYB
LYB280121P00050000,50.0,10.9,10.8,12.7,3.0,181.0,0.459966337890625,True,PUT,2028-01-21,LYB
LYB280121P00052500,52.5,15.67,10.5,15.0,,1.0,0.48566188171386715,True,PUT,2028-01-21,LYB
LYB280121P00055000,55.0,14.5,0.0,0.0,1.0,38.0,1.0000000000000003e-05,True,PUT,2028-01-21,LYB
LYB280121P00060000,60.0,17.05,15.0,20.0,50.0,114.0,0.4777884252929688,True,PUT,2028-01-21,LYB
LYFT260130C00013000,13.0,4.92,4.05,6.65,2.0,4.0,5.054691181640624,True,CALL,2026-01-30,LYFT
LYFT260130C00014000,14.0,3.84,3.1,4.75,4.0,7.0,2.843752890625,True,CALL,2026-01-30,LYFT
LYFT260130C00014500,14.5,3.14,2.66,4.15,2.0,5.0,2.4531288671875,True,CALL,2026-01-30,LYFT
LYFT260130C00015000,15.0,2.73,2.37,3.15,3.0,13.0,1.5078149609375,True,CALL,2026-01-30,LYFT
LYFT260130C00015500,15.5,2.33,1.99,2.64,12.0,13.0,1.5234398828124998,True,CALL,2026-01-30,LYFT
LYFT260130C00016000,16.0,1.81,1.52,2.1,22.0,24.0,1.2421912890624998,True,CALL,2026-01-30,LYFT
LYFT260130C00016500,16.5,1.55,1.0,1.61,34.0,26.0,0.9531254687499999,True,CALL,2026-01-30,LYFT
LYFT260130C00017000,17.0,0.97,0.94,1.06,253.0,757.0,1.1328168359375002,True,CALL,2026-01-30,LYFT
LYFT260130C00017500,17.5,0.63,0.5,0.6,607.0,395.0,0.8476577734374999,True,CALL,2026-01-30,LYFT
LYFT260130C00018000,18.0,0.21,0.16,0.24,1494.0,1046.0,0.6210975390625001,False,CALL,2026-01-30,LYFT
LYFT260130C00018500,18.5,0.09,0.05,0.08,1430.0,2649.0,0.5898478515625001,False,CALL,2026-01-30,LYFT
LYFT260130C00019000,19.0,0.03,0.02,0.03,1228.0,2213.0,0.632816171875,False,CALL,2026-01-30,LYFT
LYFT260130C00019500,19.5,0.01,0.0,0.02,762.0,1483.0,0.6875031250000001,False,CALL,2026-01-30,LYFT
LYFT260130C00020000,20.0,0.01,0.0,0.01,50.0,1316.0,0.7500025,False,CALL,2026-01-30,LYFT
LYFT260130C00020500,20.5,0.04,0.0,0.1,106.0,418.0,1.2968785156249998,False,CALL,2026-01-30,LYFT
LYFT260130C00021000,21.0,0.05,0.0,0.04,16.0,1061.0,1.21875390625,False,CALL,2026-01-30,LYFT
LYFT260130C00021500,21.5,0.03,0.0,0.4,1.0,205.0,2.2656293359374997,False,CALL,2026-01-30,LYFT
LYFT260130C00022000,22.0,0.01,0.0,0.33,31.0,617.0,2.3203166992187496,False,CALL,2026-01-30,LYFT
LYFT260130C00022500,22.5,0.02,0.0,0.46,1.0,225.0,2.722659443359375,False,CALL,2026-01-30,LYFT
LYFT260130C00023000,23.0,0.02,0.0,0.26,1.0,104.0,2.4843787890625,False,CALL,2026-01-30,LYFT
LYFT260130P00014000,14.0,0.01,0.0,0.02,1.0,100.0,1.5000025,False,PUT,2026-01-30,LYFT
LYFT260130P00015000,15.0,0.01,0.0,0.01,4.0,246.0,0.9687503125,False,PUT,2026-01-30,LYFT
LYFT260130P00015500,15.5,0.01,0.0,0.02,25.0,116.0,0.9062509375,False,PUT,2026-01-30,LYFT
LYFT260130P00016000,16.0,0.01,0.0,0.02,25.0,130.0,0.7187528125,False,PUT,2026-01-30,LYFT
LYFT260130P00016500,16.5,0.03,0.0,0.02,9.0,213.0,0.5312546875,False,PUT,2026-01-30,LYFT
LYFT260130P00017000,17.0,0.02,0.02,0.04,566.0,3883.0,0.48438015625,False,PUT,2026-01-30,LYFT
LYFT260130P00017500,17.5,0.08,0.06,0.09,2579.0,4905.0,0.335944140625,False,PUT,2026-01-30,LYFT
LYFT260130P00018000,18.0,0.38,0.17,0.48,2614.0,3128.0,0.5898478515625001,True,PUT,2026-01-30,LYFT
LYFT260130P00018500,18.5,0.6,0.51,0.64,40.0,1070.0,1.0000000000000003e-05,True,PUT,2026-01-30,LYFT
LYFT260130P00019000,19.0,1.0,0.91,1.29,32.0,449.0,1.0000000000000003e-05,True,PUT,2026-01-30,LYFT
LYFT260130P00019500,19.5,1.65,1.39,2.04,212.0,327.0,1.5703146484375,True,PUT,2026-01-30,LYFT
LYFT260130P00020000,20.0,1.9,1.98,2.1,4.0,135.0,1.0000000000000003e-05,True,PUT,2026-01-30,LYFT
LYFT260130P00020500,20.5,2.71,2.37,2.79,2.0,1.0,1.0000000000000003e-05,True,PUT,2026-01-30,LYFT
LYFT260130P00021000,21.0,3.52,2.79,3.4,2.0,3.0,1.734376328125,True,PUT,2026-01-30,LYFT
LYFT260130P00021500,21.5,3.96,3.4,3.9,1.0,0.0,1.8984380078125,True,PUT,2026-01-30,LYFT
LYFT260130P00022000,22.0,4.36,3.85,4.4,2.0,2.0,2.0625048437499998,True,PUT,2026-01-30,LYFT
LYFT260130P00022500,22.5,5.45,4.35,4.95,1.0,0.0,2.44531638671875,True,PUT,2026-01-30,LYFT
LYFT260130P00023000,23.0,5.27,4.9,5.3,23.0,0.0,1.4375028125,True,PUT,2026-01-30,LYFT
LYFT260206C00014000,14.0,3.57,3.1,4.7,10.0,16.0,1.29297228515625,True,CALL,2026-02-06,LYFT
LYFT260206C00014500,14.5,3.49,2.62,4.35,3.0,14.0,1.2949254003906248,True,CALL,2026-02-06,LYFT
LYFT260206C00015000,15.0,3.12,2.24,4.0,6.0,24.0,1.3339877050781246,True,CALL,2026-02-06,LYFT
LYFT260206C00015500,15.5,2.39,1.9,2.85,5.0,109.0,0.8242205078124999,True,CALL,2026-02-06,LYFT
LYFT260206C00016000,16.0,2.06,1.51,2.48,88.0,109.0,0.84961087890625,True,CALL,2026-02-06,LYFT
LYFT260206C00016500,16.5,1.48,1.56,1.82,113.0,39.0,0.9062509375,True,CALL,2026-02-06,LYFT
LYFT260206C00017000,17.0,1.25,1.17,1.27,23.0,96.0,0.7539087109375,True,CALL,2026-02-06,LYFT
LYFT260206C00017500,17.5,0.95,0.83,0.89,794.0,190.0,0.6835969140625001,True,CALL,2026-02-06,LYFT
LYFT260206C00018000,18.0,0.65,0.57,0.6,906.0,530.0,0.64648791015625,False,CALL,2026-02-06,LYFT
LYFT260206C00018500,18.5,0.4,0.38,0.41,280.0,393.0,0.63867548828125,False,CALL,2026-02-06,LYFT
LYFT260206C00019000,19.0,0.25,0.22,0.26,530.0,516.0,0.6152382226562501,False,CALL,2026-02-06,LYFT
LYFT260206C00019500,19.5,0.15,0.08,0.16,359.0,1828.0,0.570316796875,False,CALL,2026-02-06,LYFT
LYFT260206C00020000,20.0,0.11,0.07,0.11,102.0,1872.0,0.6171913281250001,False,CALL,2026-02-06,LYFT
LYFT260206C00020500,20.5,0.09,0.04,0.09,2.0,142.0,0.648441015625,False,CALL,2026-02-06,LYFT
LYFT260206C00021000,21.0,0.04,0.04,0.08,8.0,731.0,0.7148466015625,False,CALL,2026-02-06,LYFT
LYFT260206C00021500,21.5,0.09,0.02,0.09,1.0,188.0,0.773439765625,False,CALL,2026-02-06,LYFT
LYFT260206C00022000,22.0,0.07,0.01,0.07,28.0,257.0,0.789064609375,False,CALL,2026-02-06,LYFT
LYFT260206C00022500,22.5,0.02,0.0,0.06,9.0,48.0,0.8125018749999999,False,CALL,2026-02-06,LYFT
LYFT260206C00023000,23.0,0.02,0.0,0.05,5.0,36.0,0.8437515624999999,False,CALL,2026-02-06,LYFT
LYFT260206P00015000,15.0,0.04,0.02,0.07,20.0,118.0,0.6796907031250001,False,PUT,2026-02-06,LYFT
LYFT260206P00015500,15.5,0.15,0.03,0.29,1.0,21.0,0.8085956640624999,False,PUT,2026-02-06,LYFT
LYFT260206P00016000,16.0,0.04,0.06,0.12,30.0,216.0,0.5585981640625001,False,PUT,2026-02-06,LYFT
LYFT260206P00016500,16.5,0.13,0.12,0.16,25.0,365.0,0.507817421875,False,PUT,2026-02-06,LYFT
LYFT260206P00017000,17.0,0.22,0.21,0.26,97.0,339.0,0.49805189453125004,False,PUT,2026-02-06,LYFT
LYFT260206P00017500,17.5,0.4,0.38,0.43,339.0,554.0,0.476567734375,False,PUT,2026-02-06,LYFT
LYFT260206P00018000,18.0,0.62,0.59,0.65,595.0,720.0,0.437505625,True,PUT,2026-02-06,LYFT
LYFT260206P00018500,18.5,1.13,0.88,0.96,266.0,462.0,0.4023497265625,True,PUT,2026-02-06,LYFT
LYFT260206P00019000,19.0,1.44,1.23,1.31,14.0,804.0,0.26563234375,True,PUT,2026-02-06,LYFT
LYFT260206P00019500,19.5,1.95,1.55,2.34,20.0,259.0,0.6171913281250001,True,PUT,2026-02-06,LYFT
LYFT260206P00020000,20.0,2.24,1.97,2.39,1.0,276.0,0.6250037500000001,True,PUT,2026-02-06,LYFT
LYFT260206P00020500,20.5,2.2,2.25,3.95,1.0,121.0,1.0293017285156252,True,PUT,2026-02-06,LYFT
LYFT260206P00021000,21.0,3.0,2.98,3.35,1.0,169.0,0.6992217578125001,True,PUT,2026-02-06,LYFT
LYFT260206P00021500,21.5,3.97,3.2,4.9,1.0,8.0,1.15234798828125,True,PUT,2026-02-06,LYFT
LYFT260206P00022000,22.0,4.21,3.75,5.95,2.0,2.0,1.6308612207031248,True,PUT,2026-02-06,LYFT
LYFT260213C00013000,13.0,5.57,4.2,6.3,6.0,6.0,1.671876640625,True,CALL,2026-02-13,LYFT
LYFT260213C00014500,14.5,4.9,2.89,5.0,,1.0,1.4492215039062502,True,CALL,2026-02-13,LYFT
LYFT260213C00015000,15.0,3.7,2.49,3.6,1.0,5.0,0.92187578125,True,CALL,2026-02-13,LYFT
LYFT260213C00015500,15.5,2.48,2.3,3.45,10.0,41.0,1.1035201074218752,True,CALL,2026-02-13,LYFT
LYFT260213C00016000,16.0,2.15,2.53,2.74,1.0,11.0,1.171879140625,True,CALL,2026-02-13,LYFT
LYFT260213C00016500,16.5,1.88,2.12,2.41,4.0,25.0,1.1162153564453123,True,CALL,2026-02-13,LYFT
LYFT260213C00017000,17.0,1.5,1.86,2.03,12.0,39.0,1.083988955078125,True,CALL,2026-02-13,LYFT
LYFT260213C00017500,17.5,1.6,1.57,1.76,57.0,255.0,1.0634812451171878,True,CALL,2026-02-13,LYFT
LYFT260213C00018000,18.0,1.38,1.33,1.51,44.0,1139.0,1.05078599609375,False,CALL,2026-02-13,LYFT
LYFT260213C00018500,18.5,1.32,1.08,1.3,12.0,98.0,1.0312548437500002,False,CALL,2026-02-13,LYFT
LYFT260213C00019000,19.0,1.07,0.99,1.11,878.0,1405.0,1.056645341796875,False,CALL,2026-02-13,LYFT
LYFT260213C00019500,19.5,0.82,0.79,0.97,27.0,617.0,1.0468797656250002,False,CALL,2026-02-13,LYFT
LYFT260213C00020000,20.0,0.71,0.66,0.8,39.0,413.0,1.0361376318359379,False,CALL,2026-02-13,LYFT
LYFT260213C00020500,20.5,0.6,0.42,0.67,58.0,313.0,0.9804689453125001,False,CALL,2026-02-13,LYFT
LYFT260213C00021000,21.0,0.51,0.44,0.57,7.0,383.0,1.0293017285156252,False,CALL,2026-02-13,LYFT
LYFT260213C00021500,21.5,0.45,0.4,0.48,18.0,219.0,1.0478563232421876,False,CALL,2026-02-13,LYFT
LYFT260213C00022000,22.0,0.36,0.28,0.41,1.0,483.0,1.0273486132812502,False,CALL,2026-02-13,LYFT
LYFT260213C00022500,22.5,0.3,0.27,0.34,11.0,292.0,1.0488328808593752,False,CALL,2026-02-13,LYFT
LYFT260213C00023000,23.0,0.21,0.16,0.26,68.0,289.0,0.9960937890625,False,CALL,2026-02-13,LYFT
LYFT260213P00013000,13.0,0.23,0.0,0.72,1.0,98.0,1.4375028125,False,PUT,2026-02-13,LYFT
LYFT260213P00014000,14.0,0.22,0.17,0.22,3.0,13.0,0.9687503125,False,PUT,2026-02-13,LYFT
LYFT260213P00014500,14.5,0.24,0.22,0.42,11.0,29.0,1.01953615234375,False,PUT,2026-02-13,LYFT
LYFT260213P00015000,15.0,0.5,0.3,0.39,144.0,258.0,0.92773509765625,False,PUT,2026-02-13,LYFT
LYFT260213P00015500,15.5,0.6,0.36,0.56,1.0,328.0,0.9179695703125,False,PUT,2026-02-13,LYFT
LYFT260213P00016000,16.0,0.64,0.56,0.66,5.0,938.0,0.9160164648437501,False,PUT,2026-02-13,LYFT
LYFT260213P00016500,16.5,0.91,0.74,0.83,1.0,505.0,0.91211025390625,False,PUT,2026-02-13,LYFT
LYFT260213P00017000,17.0,1.02,0.92,1.02,31.0,962.0,0.89257919921875,False,PUT,2026-02-13,LYFT
LYFT260213P00017500,17.5,1.21,1.12,1.25,14.0,416.0,0.87500125,False,PUT,2026-02-13,LYFT
LYFT260213P00018000,18.0,1.56,1.32,1.5,4.0,1586.0,0.8437515624999999,True,PUT,2026-02-13,LYFT
LYFT260213P00018500,18.5,2.16,1.66,1.87,1.0,216.0,0.8808605664062499,True,PUT,2026-02-13,LYFT
LYFT260213P00019000,19.0,2.54,1.89,2.11,18.0,307.0,0.81445498046875,True,PUT,2026-02-13,LYFT
LYFT260213P00019500,19.5,2.62,2.31,2.44,200.0,120.0,0.8271501660156249,True,PUT,2026-02-13,LYFT
LYFT260213P00020000,20.0,3.25,2.63,2.81,1.0,153.0,0.79687703125,True,PUT,2026-02-13,LYFT
LYFT260213P00020500,20.5,3.05,3.0,3.3,1.0,62.0,0.8183611914062499,True,PUT,2026-02-13,LYFT
LYFT260213P00021000,21.0,3.65,3.35,3.6,1.0,3.0,0.710940390625,True,PUT,2026-02-13,LYFT
LYFT260213P00021500,21.5,3.14,3.65,5.25,,2.0,1.2324257128906249,True,PUT,2026-02-13,LYFT
LYFT260213P00022000,22.0,4.69,4.2,5.15,2.0,1.0,1.0625046875000002,True,PUT,2026-02-13,LYFT
LYFT260213P00022500,22.5,4.8,4.3,5.65,6.0,1.0,0.8984385156249999,True,PUT,2026-02-13,LYFT
LYFT260213P00023000,23.0,4.96,5.05,6.1,,1.0,1.08203583984375,True,PUT,2026-02-13,LYFT
LYFT260220C00013000,13.0,5.59,4.1,5.25,1.0,2.0,1.39453427734375,True,CALL,2026-02-20,LYFT
LYFT260220C00014000,14.0,3.96,3.15,4.4,1.0,53.0,0.6210975390625001,True,CALL,2026-02-20,LYFT
LYFT260220C00014500,14.5,3.25,2.88,4.0,4.0,6.0,0.76367423828125,True,CALL,2026-02-20,LYFT
LYFT260220C00015000,15.0,3.15,2.85,3.6,3.0,102.0,0.91992267578125,True,CALL,2026-02-20,LYFT
LYFT260220C00015500,15.5,3.25,2.35,3.25,26.0,56.0,0.867188828125,True,CALL,2026-02-20,LYFT
LYFT260220C00016000,16.0,2.5,2.42,2.73,6.0,82.0,0.937500625,True,CALL,2026-02-20,LYFT
LYFT260220C00017000,17.0,2.01,1.85,2.11,25.0,59.0,0.9248054394531251,True,CALL,2026-02-20,LYFT
LYFT260220C00017500,17.5,1.74,1.65,1.84,57.0,149.0,0.9326178613281251,True,CALL,2026-02-20,LYFT
LYFT260220C00018000,18.0,1.48,1.48,1.6,442.0,15951.0,0.9433599414062499,False,CALL,2026-02-20,LYFT
LYFT260220C00018500,18.5,1.33,1.2,1.38,113.0,317.0,0.9160164648437501,False,CALL,2026-02-20,LYFT
LYFT260220C00019000,19.0,1.15,1.09,1.17,86.0,5410.0,0.92773509765625,False,CALL,2026-02-20,LYFT
LYFT260220C00019500,19.5,0.93,0.89,1.02,28.0,10136.0,0.9179695703125,False,CALL,2026-02-20,LYFT
LYFT260220C00020000,20.0,0.83,0.79,0.85,1632.0,5764.0,0.91992267578125,False,CALL,2026-02-20,LYFT
LYFT260220C00020500,20.5,0.52,0.51,0.74,92.0,297.0,0.8720715917968749,False,CALL,2026-02-20,LYFT
LYFT260220C00021000,21.0,0.58,0.54,0.61,190.0,10508.0,0.9082040429687499,False,CALL,2026-02-20,LYFT
LYFT260220C00021500,21.5,0.4,0.42,0.54,3.0,148.0,0.90429783203125,False,CALL,2026-02-20,LYFT
LYFT260220C00022000,22.0,0.42,0.39,0.48,1341.0,1709.0,0.929688203125,False,CALL,2026-02-20,LYFT
LYFT260220C00022500,22.5,0.43,0.01,0.39,4.0,104.0,0.77148666015625,False,CALL,2026-02-20,LYFT
LYFT260220C00023000,23.0,0.29,0.23,0.34,73.0,1285.0,0.9082040429687499,False,CALL,2026-02-20,LYFT
LYFT260220P00013000,13.0,0.15,0.0,0.73,40.0,128.0,1.205082099609375,False,PUT,2026-02-20,LYFT
LYFT260220P00014000,14.0,0.28,0.16,0.4,17.0,766.0,0.9062509375,False,PUT,2026-02-20,LYFT
LYFT260220P00014500,14.5,0.37,0.27,0.38,60.0,109.0,0.8554701953125,False,PUT,2026-02-20,LYFT
LYFT260220P00015000,15.0,0.4,0.37,0.4,93.0,1234.0,0.8085956640624999,False,PUT,2026-02-20,LYFT
LYFT260220P00015500,15.5,0.7,0.46,0.57,44.0,346.0,0.807619111328125,False,PUT,2026-02-20,LYFT
LYFT260220P00016000,16.0,0.8,0.61,0.74,45.0,1755.0,0.8085956640624999,False,PUT,2026-02-20,LYFT
LYFT260220P00016500,16.5,1.06,0.81,0.89,3.0,104.0,0.8007832421875,False,PUT,2026-02-20,LYFT
LYFT260220P00017000,17.0,1.0,1.01,1.09,43.0,1513.0,0.7919942675781251,False,PUT,2026-02-20,LYFT
LYFT260220P00017500,17.5,1.4,1.2,1.32,6.0,295.0,0.772463212890625,False,PUT,2026-02-20,LYFT
LYFT260220P00018000,18.0,1.58,1.45,1.58,65.0,3711.0,0.76367423828125,True,PUT,2026-02-20,LYFT
LYFT260220P00018500,18.5,1.89,1.71,1.88,11.0,259.0,0.75195560546875,True,PUT,2026-02-20,LYFT
LYFT260220P00019000,19.0,2.36,2.06,2.18,29.0,1185.0,0.7500025,True,PUT,2026-02-20,LYFT
LYFT260220P00019500,19.5,2.3,2.35,2.51,2.0,4.0,0.7246121289062499,True,PUT,2026-02-20,LYFT
LYFT260220P00020000,20.0,2.95,2.74,2.87,4.0,1006.0,0.7226590234375,True,PUT,2026-02-20,LYFT
LYFT260220P00021000,21.0,4.13,3.45,3.65,2.0,58.0,0.6640658593750002,True,PUT,2026-02-20,LYFT
LYFT260220P00022000,22.0,4.55,4.3,5.35,5.0,53.0,1.001958115234375,True,PUT,2026-02-20,LYFT
LYFT260220P00023000,23.0,4.25,5.15,6.65,37.0,57.0,1.1728556982421874,True,PUT,2026-02-20,LYFT
LYFT260227C00014000,14.0,5.13,3.2,5.55,4.0,6.0,1.11328568359375,True,CALL,2026-02-27,LYFT
LYFT260227C00015000,15.0,2.88,2.84,4.5,1.0,35.0,1.0966842041015625,True,CALL,2026-02-27,LYFT
LYFT260227C00016500,16.5,2.02,2.32,2.5,3.0,9.0,0.89257919921875,True,CALL,2026-02-27,LYFT
LYFT260227C00017000,17.0,1.83,2.0,2.2,1.0,6.0,0.8710950390625,True,CALL,2026-02-27,LYFT
LYFT260227C00017500,17.5,1.57,1.74,1.94,8.0,42.0,0.8642591699218749,True,CALL,2026-02-27,LYFT
LYFT260227C00018000,18.0,1.65,1.47,1.7,26.0,37.0,0.848634326171875,False,CALL,2026-02-27,LYFT
LYFT260227C00018500,18.5,1.32,1.3,1.48,16.0,132.0,0.851563984375,False,CALL,2026-02-27,LYFT
LYFT260227C00019000,19.0,1.25,1.09,1.29,36.0,283.0,0.84179845703125,False,CALL,2026-02-27,LYFT
LYFT260227C00019500,19.5,0.85,0.86,1.17,7.0,89.0,0.8339860351562498,False,CALL,2026-02-27,LYFT
LYFT260227C00020000,20.0,0.82,0.71,0.97,55.0,132.0,0.8164080859374999,False,CALL,2026-02-27,LYFT
LYFT260227C00020500,20.5,0.55,0.42,0.83,11.0,797.0,0.76367423828125,False,CALL,2026-02-27,LYFT
LYFT260227C00021000,21.0,0.5,0.49,0.79,1.0,164.0,0.8339860351562498,False,CALL,2026-02-27,LYFT
LYFT260227C00021500,21.5,0.39,0.27,0.62,10.0,35.0,0.7685570019531252,False,CALL,2026-02-27,LYFT
LYFT260227C00022000,22.0,0.4,0.33,0.73,1.0,147.0,0.87695435546875,False,CALL,2026-02-27,LYFT
LYFT260227C00022500,22.5,0.3,0.02,0.46,7.0,46.0,0.711916943359375,False,CALL,2026-02-27,LYFT
LYFT260227C00023000,23.0,0.25,0.05,0.4,3.0,119.0,0.7421900781249999,False,CALL,2026-02-27,LYFT
LYFT260227P00013000,13.0,0.29,0.0,1.37,10.0,11.0,1.3378939355468746,False,PUT,2026-02-27,LYFT
LYFT260227P00014000,14.0,0.31,0.2,1.31,9.0,25.0,1.1748088134765624,False,PUT,2026-02-27,LYFT
LYFT260227P00014500,14.5,0.44,0.25,1.04,44.0,65.0,0.992187578125,False,PUT,2026-02-27,LYFT
LYFT260227P00015000,15.0,0.48,0.38,0.51,3.0,78.0,0.75195560546875,False,PUT,2026-02-27,LYFT
LYFT260227P00015500,15.5,0.65,0.45,0.68,1.0,122.0,0.7402369726562499,False,PUT,2026-02-27,LYFT
LYFT260227P00016000,16.0,0.86,0.65,0.79,26.0,106.0,0.73437765625,False,PUT,2026-02-27,LYFT
LYFT260227P00016500,16.5,1.0,0.82,0.97,3.0,14.0,0.725588681640625,False,PUT,2026-02-27,LYFT
LYFT260227P00017000,17.0,1.33,1.03,1.17,2.0,66.0,0.719729365234375,False,PUT,2026-02-27,LYFT
LYFT260227P00017500,17.5,1.4,1.23,1.39,9.0,70.0,0.70117486328125,False,PUT,2026-02-27,LYFT
LYFT260227P00018000,18.0,1.89,1.47,1.7,1.0,62.0,0.70312796875,True,PUT,2026-02-27,LYFT
LYFT260227P00018500,18.5,2.2,1.73,1.96,3.0,55.0,0.6835969140625001,True,PUT,2026-02-27,LYFT
LYFT260227P00019000,19.0,2.34,2.06,2.24,5.0,122.0,0.6728548339843752,True,PUT,2026-02-27,LYFT
LYFT260227P00019500,19.5,2.33,2.4,2.57,1.0,3.0,0.6640658593750002,True,PUT,2026-02-27,LYFT
LYFT260227P00020000,20.0,3.33,2.68,2.93,1.0,117.0,0.632816171875,True,PUT,2026-02-27,LYFT
LYFT260227P00020500,20.5,2.7,3.1,3.4,,2.0,0.6621127539062501,True,PUT,2026-02-27,LYFT
LYFT260227P00021000,21.0,4.3,3.45,3.7,1.0,2.0,0.5996133789062501,True,PUT,2026-02-27,LYFT
LYFT260227P00021500,21.5,4.0,3.15,6.05,1.0,3.0,0.9882813671875,True,PUT,2026-02-27,LYFT
LYFT260227P00023000,23.0,4.5,4.5,6.7,,1.0,0.8105487695312499,True,PUT,2026-02-27,LYFT
LYFT260306C00013500,13.5,5.05,3.75,5.9,,1.0,1.0605515722656251,True,CALL,2026-03-06,LYFT
LYFT260306C00017000,17.0,1.72,2.07,2.34,2.0,6.0,0.8330094824218748,True,CALL,2026-03-06,LYFT
LYFT260306C00017500,17.5,1.94,1.82,2.04,4.0,41.0,0.8188494677734374,True,CALL,2026-03-06,LYFT
LYFT260306C00018000,18.0,1.63,1.53,1.79,4.0,14.0,0.797853583984375,False,CALL,2026-03-06,LYFT
LYFT260306C00019000,19.0,1.38,1.1,1.45,10.0,35.0,0.7963887548828125,False,CALL,2026-03-06,LYFT
LYFT260306C00019500,19.5,0.7,0.93,1.21,1.0,17.0,0.7763694238281251,False,CALL,2026-03-06,LYFT
LYFT260306C00020000,20.0,0.95,0.83,1.05,3.0,4.0,0.7832052929687501,False,CALL,2026-03-06,LYFT
LYFT260306C00021000,21.0,0.56,0.5,0.8,36.0,42.0,0.75586181640625,False,CALL,2026-03-06,LYFT
LYFT260306C00022500,22.5,0.37,0.32,0.61,2.0,11.0,0.79687703125,False,CALL,2026-03-06,LYFT
LYFT260306P00013500,13.5,0.28,0.07,0.82,1.0,1.0,0.93164130859375,False,PUT,2026-03-06,LYFT
LYFT260306P00014000,14.0,0.35,0.23,0.82,26.0,26.0,0.9023447265625,False,PUT,2026-03-06,LYFT
LYFT260306P00015500,15.5,0.52,0.51,0.7,1.0,1.0,0.6894562304687502,False,PUT,2026-03-06,LYFT
LYFT260306P00016500,16.5,1.09,0.87,1.05,1.0,1.0,0.68555001953125,False,PUT,2026-03-06,LYFT
LYFT260306P00017000,17.0,1.42,0.99,1.28,1.0,2.0,0.6640658593750002,False,PUT,2026-03-06,LYFT
LYFT260306P00017500,17.5,1.5,1.28,1.52,1.0,2.0,0.6723665576171877,False,PUT,2026-03-06,LYFT
LYFT260306P00018500,18.5,1.85,1.81,2.05,2.0,7.0,0.6533237792968751,True,PUT,2026-03-06,LYFT
LYFT260320C00013000,13.0,4.7,4.45,5.45,1.0,404.0,0.7128934960937501,True,CALL,2026-03-20,LYFT
LYFT260320C00014000,14.0,4.5,4.35,4.5,2.0,733.0,0.8818371191406249,True,CALL,2026-03-20,LYFT
LYFT260320C00015000,15.0,3.55,3.45,3.85,29.0,4433.0,0.8320329296874999,True,CALL,2026-03-20,LYFT
LYFT260320C00016000,16.0,3.0,2.74,3.1,138.0,798.0,0.77929908203125,True,CALL,2026-03-20,LYFT
LYFT260320C00017000,17.0,2.3,2.25,2.47,273.0,1500.0,0.770510107421875,True,CALL,2026-03-20,LYFT
LYFT260320C00018000,18.0,1.9,1.8,1.9,387.0,851.0,0.7514673291015624,False,CALL,2026-03-20,LYFT
LYFT260320C00019000,19.0,1.39,1.3,1.56,249.0,1653.0,0.737307314453125,False,CALL,2026-03-20,LYFT
LYFT260320C00020000,20.0,1.15,1.05,1.16,166.0,5439.0,0.7329128271484374,False,CALL,2026-03-20,LYFT
LYFT260320C00021000,21.0,0.81,0.71,0.94,19.0,4945.0,0.72070591796875,False,CALL,2026-03-20,LYFT
LYFT260320C00022000,22.0,0.65,0.61,0.71,21.0,11434.0,0.735354208984375,False,CALL,2026-03-20,LYFT
LYFT260320C00023000,23.0,0.5,0.32,0.56,7.0,7462.0,0.70117486328125,False,CALL,2026-03-20,LYFT
LYFT260320P00013000,13.0,0.22,0.19,0.26,6.0,3229.0,0.6953155468750001,False,PUT,2026-03-20,LYFT
LYFT260320P00014000,14.0,0.4,0.34,0.39,10.0,696.0,0.6679720703125002,False,PUT,2026-03-20,LYFT
LYFT260320P00015000,15.0,0.61,0.57,0.61,951.0,7253.0,0.6552768847656252,False,PUT,2026-03-20,LYFT
LYFT260320P00016000,16.0,0.96,0.88,0.96,22.0,1483.0,0.6523472265625001,False,PUT,2026-03-20,LYFT
LYFT260320P00017000,17.0,1.57,1.26,1.4,1.0,1614.0,0.6425816992187501,False,PUT,2026-03-20,LYFT
LYFT260320P00018000,18.0,1.89,1.73,1.87,7.0,7312.0,0.6206092626953126,True,PUT,2026-03-20,LYFT
LYFT260320P00019000,19.0,2.55,2.31,2.46,19.0,1434.0,0.6074258007812501,True,PUT,2026-03-20,LYFT
LYFT260320P00020000,20.0,3.13,2.98,3.15,3.0,28153.0,0.5971719970703125,True,PUT,2026-03-20,LYFT
LYFT260320P00021000,21.0,3.9,3.7,3.85,43.0,872.0,0.5644574804687501,True,PUT,2026-03-20,LYFT
LYFT260320P00022000,22.0,4.53,4.5,4.65,3.0,2961.0,0.5371140039062501,True,PUT,2026-03-20,LYFT
LYFT260320P00023000,23.0,6.0,5.3,6.25,10.0,796.0,0.7236355761718749,True,PUT,2026-03-20,LYFT
LYFT260417C00013000,13.0,6.5,4.6,5.6,1.0,25.0,0.6679720703125002,True,CALL,2026-04-17,LYFT
LYFT260417C00014000,14.0,4.45,3.8,4.8,4.0,39.0,0.6513706738281251,True,CALL,2026-04-17,LYFT
LYFT260417C00015000,15.0,3.5,3.8,4.0,8.0,370.0,0.762697685546875,True,CALL,2026-04-17,LYFT
LYFT260417C00016000,16.0,3.22,3.05,3.35,6.0,141.0,0.7216824707031251,True,CALL,2026-04-17,LYFT
LYFT260417C00017000,17.0,2.55,2.44,2.77,11.0,305.0,0.6972686523437501,True,CALL,2026-04-17,LYFT
LYFT260417C00018000,18.0,2.19,1.96,2.28,168.0,924.0,0.6865265722656251,False,CALL,2026-04-17,LYFT
LYFT260417C00019000,19.0,1.75,1.55,1.86,124.0,446.0,0.676761044921875,False,CALL,2026-04-17,LYFT
LYFT260417C00020000,20.0,1.32,1.24,1.5,70.0,2581.0,0.6723665576171877,False,CALL,2026-04-17,LYFT
LYFT260417C00021000,21.0,1.03,0.97,1.23,80.0,4350.0,0.6713900048828126,False,CALL,2026-04-17,LYFT
LYFT260417C00022000,22.0,0.97,0.73,0.97,27.0,3899.0,0.6601596484375001,False,CALL,2026-04-17,LYFT
LYFT260417C00023000,23.0,0.55,0.52,0.79,6.0,655.0,0.6523472265625001,False,CALL,2026-04-17,LYFT
LYFT260417P00013000,13.0,0.38,0.3,0.54,122.0,262.0,0.6826203613281252,False,PUT,2026-04-17,LYFT
LYFT260417P00014000,14.0,0.57,0.45,0.61,21.0,506.0,0.6201209863281252,False,PUT,2026-04-17,LYFT
LYFT260417P00015000,15.0,0.82,0.75,0.88,12.0,514.0,0.6171913281250001,False,PUT,2026-04-17,LYFT
LYFT260417P00016000,16.0,1.18,1.06,1.19,165.0,775.0,0.5952188916015625,False,PUT,2026-04-17,LYFT
LYFT260417P00017000,17.0,1.78,1.39,1.64,5.0,1169.0,0.5751995605468749,False,PUT,2026-04-17,LYFT
LYFT260417P00018000,18.0,2.05,1.88,2.14,5.0,3516.0,0.5625043750000001,True,PUT,2026-04-17,LYFT
LYFT260417P00019000,19.0,2.88,2.53,2.71,1.0,1128.0,0.56055126953125,True,PUT,2026-04-17,LYFT
LYFT260417P00020000,20.0,3.37,3.05,3.35,6.0,4529.0,0.524418818359375,True,PUT,2026-04-17,LYFT
LYFT260417P00021000,21.0,4.1,3.9,4.1,22.0,1829.0,0.5371140039062501,True,PUT,2026-04-17,LYFT
LYFT260417P00022000,22.0,4.5,4.65,4.9,525.0,1212.0,0.5205126074218749,True,PUT,2026-04-17,LYFT
LYFT260417P00023000,23.0,4.44,5.45,5.65,5.0,121.0,0.524418818359375,True,PUT,2026-04-17,LYFT
LYFT260618C00013000,13.0,5.8,5.55,6.1,2.0,24.0,0.770510107421875,True,CALL,2026-06-18,LYFT
LYFT260618C00014000,14.0,5.15,4.05,5.3,14.0,55.0,0.6113320117187502,True,CALL,2026-06-18,LYFT
LYFT260618C00015000,15.0,4.7,4.25,4.7,3.0,3441.0,0.729494892578125,True,CALL,2026-06-18,LYFT
LYFT260618C00016000,16.0,4.0,3.9,4.1,2.0,42.0,0.7421900781249999,True,CALL,2026-06-18,LYFT
LYFT260618C00017000,17.0,3.25,3.2,3.55,6.0,1548.0,0.7050810742187501,True,CALL,2026-06-18,LYFT
LYFT260618C00018000,18.0,2.85,2.85,3.1,8.0,955.0,0.7104521142578125,False,CALL,2026-06-18,LYFT
LYFT260618C00019000,19.0,2.63,2.39,2.6,34.0,542.0,0.6865265722656251,False,CALL,2026-06-18,LYFT
LYFT260618C00020000,20.0,2.2,2.07,2.23,131.0,3300.0,0.6831086376953126,False,CALL,2026-06-18,LYFT
LYFT260618C00021000,21.0,1.55,1.82,1.94,2.0,319.0,0.6875031250000001,False,CALL,2026-06-18,LYFT
LYFT260618C00022000,22.0,1.59,1.55,1.69,23.0,12728.0,0.68555001953125,False,CALL,2026-06-18,LYFT
LYFT260618C00023000,23.0,1.36,1.28,1.49,12.0,268.0,0.6816438085937502,False,CALL,2026-06-18,LYFT
LYFT260618P00013000,13.0,0.79,0.71,0.83,54.0,517.0,0.648441015625,False,PUT,2026-06-18,LYFT
LYFT260618P00014000,14.0,1.07,0.99,1.09,4.0,2862.0,0.6333044482421876,False,PUT,2026-06-18,LYFT
LYFT260618P00015000,15.0,1.4,1.32,1.47,5.0,3554.0,0.6269568554687501,False,PUT,2026-06-18,LYFT
LYFT260618P00016000,16.0,1.87,1.7,1.87,10.0,413.0,0.6137733935546876,False,PUT,2026-06-18,LYFT
LYFT260618P00017000,17.0,2.32,2.17,2.31,1.0,3160.0,0.6025430371093752,False,PUT,2026-06-18,LYFT
LYFT260618P00018000,18.0,2.81,2.72,2.81,2.0,981.0,0.5942423388671876,True,PUT,2026-06-18,LYFT
LYFT260618P00019000,19.0,3.4,3.25,3.4,215.0,272.0,0.5805706005859376,True,PUT,2026-06-18,LYFT
LYFT260618P00020000,20.0,4.05,3.9,4.05,11.0,3032.0,0.5756878369140624,True,PUT,2026-06-18,LYFT
LYFT260618P00021000,21.0,4.49,4.5,4.9,1.0,869.0,0.57617611328125,True,PUT,2026-06-18,LYFT
LYFT260618P00022000,22.0,5.37,5.25,5.45,6.0,554.0,0.5473678076171876,True,PUT,2026-06-18,LYFT
LYFT260618P00023000,23.0,5.99,6.0,6.25,1.0,86.0,0.5380905566406251,True,PUT,2026-06-18,LYFT
LYFT260717C00013000,13.0,6.75,4.65,6.3,1.0,17.0,0.5903361279296876,True,CALL,2026-07-17,LYFT
LYFT260717C00014000,14.0,5.94,4.55,6.0,3.0,25.0,0.7226590234375,True,CALL,2026-07-17,LYFT
LYFT260717C00015000,15.0,4.2,4.35,4.85,4.0,95.0,0.6948272705078126,True,CALL,2026-07-17,LYFT
LYFT260717C00016000,16.0,3.85,3.8,4.25,7.0,69.0,0.6816438085937502,True,CALL,2026-07-17,LYFT
LYFT260717C00017000,17.0,3.65,3.55,3.75,4.0,240.0,0.702151416015625,True,CALL,2026-07-17,LYFT
LYFT260717C00018000,18.0,2.71,3.05,3.25,6.0,304.0,0.6840851904296876,False,CALL,2026-07-17,LYFT
LYFT260717C00019000,19.0,2.5,2.7,2.79,3.0,274.0,0.6772493212890626,False,CALL,2026-07-17,LYFT
LYFT260717C00020000,20.0,2.0,2.22,2.45,33.0,514.0,0.6606479248046876,False,CALL,2026-07-17,LYFT
LYFT260717C00021000,21.0,1.76,1.91,2.14,8.0,241.0,0.6567417138671876,False,CALL,2026-07-17,LYFT
LYFT260717C00022000,22.0,1.5,1.64,1.86,19.0,389.0,0.6523472265625001,False,CALL,2026-07-17,LYFT
LYFT260717C00023000,23.0,1.3,1.51,1.61,5.0,355.0,0.6599155102539063,False,CALL,2026-07-17,LYFT
LYFT260717P00013000,13.0,0.92,0.66,0.94,2.0,405.0,0.6005899316406251,False,PUT,2026-07-17,LYFT
LYFT260717P00014000,14.0,1.25,1.0,1.14,18.0,493.0,0.584965087890625,False,PUT,2026-07-17,LYFT
LYFT260717P00015000,15.0,1.58,1.4,1.49,10.0,189.0,0.5835002587890624,False,PUT,2026-07-17,LYFT
LYFT260717P00016000,16.0,2.1,1.78,1.9,4.0,60.0,0.5717816259765626,False,PUT,2026-07-17,LYFT
LYFT260717P00017000,17.0,2.34,2.2,2.37,28.0,91.0,0.5585981640625001,False,PUT,2026-07-17,LYFT
LYFT260717P00018000,18.0,3.05,2.78,2.89,125.0,229.0,0.5556685058593751,True,PUT,2026-07-17,LYFT
LYFT260717P00019000,19.0,3.45,3.35,3.5,6.0,139.0,0.5498091894531252,True,PUT,2026-07-17,LYFT
LYFT260717P00020000,20.0,4.35,3.95,4.15,1.0,170.0,0.5400436621093752,True,PUT,2026-07-17,LYFT
LYFT260717P00021000,21.0,5.05,4.6,4.85,85.0,110.0,0.5302781347656251,True,PUT,2026-07-17,LYFT
LYFT260717P00022000,22.0,5.45,5.15,5.55,1.0,9.0,0.5444381494140625,True,PUT,2026-07-17,LYFT
LYFT260717P00023000,23.0,5.85,6.1,6.4,,1.0,0.5210008837890624,True,PUT,2026-07-17,LYFT
LYFT261218C00013000,13.0,6.34,6.1,7.5,1.0,124.0,0.7148466015625,True,CALL,2026-12-18,LYFT
LYFT261218C00015000,15.0,5.1,5.45,6.05,15.0,193.0,0.7077665942382813,True,CALL,2026-12-18,LYFT
LYFT261218C00018000,18.0,4.25,4.1,4.4,149.0,398.0,0.6657748266601564,False,CALL,2026-12-18,LYFT
LYFT261218C00020000,20.0,3.17,3.4,3.9,4.0,495.0,0.6765169067382814,False,CALL,2026-12-18,LYFT
LYFT261218C00022000,22.0,2.69,2.69,3.1,4.0,577.0,0.6469761865234375,False,CALL,2026-12-18,LYFT
LYFT261218P00013000,13.0,1.62,1.29,1.7,10.0,471.0,0.5898478515625001,False,PUT,2026-12-18,LYFT
LYFT261218P00015000,15.0,2.32,2.04,2.33,8.0,384.0,0.5551802294921876,False,PUT,2026-12-18,LYFT
LYFT261218P00018000,18.0,4.0,3.6,3.9,70.0,1082.0,0.5424850439453126,True,PUT,2026-12-18,LYFT
LYFT261218P00020000,20.0,5.03,4.7,5.15,26.0,3221.0,0.5229539892578124,True,PUT,2026-12-18,LYFT
LYFT261218P00022000,22.0,6.15,6.05,6.5,1.0,165.0,0.5085498364257812,True,PUT,2026-12-18,LYFT
LYFT270115C00015000,15.0,5.94,5.8,6.0,422.0,23040.0,0.7045927978515626,True,CALL,2027-01-15,LYFT
LYFT270115C00017000,17.0,4.95,4.75,5.0,211.0,8918.0,0.6762727685546877,True,CALL,2027-01-15,LYFT
LYFT270115C00020000,20.0,3.75,3.6,3.8,255.0,14741.0,0.6562534375000001,False,CALL,2027-01-15,LYFT
LYFT270115C00022000,22.0,3.15,3.0,3.35,19.0,4660.0,0.6611362011718751,False,CALL,2027-01-15,LYFT
LYFT270115P00015000,15.0,2.4,2.18,2.5,5.0,3022.0,0.5590864404296876,False,PUT,2027-01-15,LYFT
LYFT270115P00017000,17.0,3.35,3.25,3.5,482.0,3796.0,0.5537154003906251,False,PUT,2027-01-15,LYFT
LYFT270115P00020000,20.0,5.2,4.85,5.3,1.0,774.0,0.523442265625,True,PUT,2027-01-15,LYFT
LYFT270115P00022000,22.0,6.3,6.15,6.8,60.0,904.0,0.5170946728515625,True,PUT,2027-01-15,LYFT
LYFT270319C00013000,13.0,6.75,6.0,8.5,4.0,473.0,0.7131376342773439,True,CALL,2027-03-19,LYFT
LYFT270319C00015000,15.0,5.9,4.9,6.9,15.0,3569.0,0.6489292919921875,True,CALL,2027-03-19,LYFT
LYFT270319C00017000,17.0,5.25,5.0,5.6,2.0,443.0,0.6840851904296876,True,CALL,2027-03-19,LYFT
LYFT270319C00020000,20.0,4.2,3.55,4.3,9.0,709.0,0.6347692773437501,False,CALL,2027-03-19,LYFT
LYFT270319C00022000,22.0,3.33,2.16,4.35,4.0,318.0,0.619388571777344,False,CALL,2027-03-19,LYFT
LYFT270319P00013000,13.0,1.75,0.78,3.55,1.0,737.0,0.6445348046875,False,PUT,2027-03-19,LYFT
LYFT270319P00015000,15.0,2.7,2.09,3.8,10.0,239.0,0.6098671826171876,False,PUT,2027-03-19,LYFT
LYFT270319P00017000,17.0,3.35,3.35,4.2,5.0,3840.0,0.5666547241210937,False,PUT,2027-03-19,LYFT
LYFT270319P00020000,20.0,5.26,5.0,6.0,1.0,838.0,0.5385788330078126,True,PUT,2027-03-19,LYFT
LYFT270319P00022000,22.0,6.9,5.65,8.15,61.0,28.0,0.5334519311523438,True,PUT,2027-03-19,LYFT
LYFT271217C00013000,13.0,7.85,7.1,9.1,5.0,74.0,0.6733431103515627,True,CALL,2027-12-17,LYFT
LYFT271217C00015000,15.0,6.8,6.8,8.65,2.0,217.0,0.7324245507812499,True,CALL,2027-12-17,LYFT
LYFT271217C00017000,17.0,6.22,5.6,7.35,4.0,172.0,0.6660189648437502,True,CALL,2027-12-17,LYFT
LYFT271217C00020000,20.0,5.15,5.05,6.45,4.0,2285.0,0.6875031250000001,False,CALL,2027-12-17,LYFT
LYFT271217C00022000,22.0,4.7,4.25,5.7,1.0,279.0,0.6599155102539063,False,CALL,2027-12-17,LYFT
LYFT271217P00013000,13.0,2.68,1.23,4.05,10.0,1082.0,0.567387138671875,False,PUT,2027-12-17,LYFT
LYFT271217P00015000,15.0,3.45,2.19,4.4,1.0,153.0,0.516606396484375,False,PUT,2027-12-17,LYFT
LYFT271217P00017000,17.0,4.43,3.25,6.0,3.0,38.0,0.5349167602539062,False,PUT,2027-12-17,LYFT
LYFT271217P00020000,20.0,5.85,5.05,7.55,3.0,3057.0,0.5017139672851563,True,PUT,2027-12-17,LYFT
LYFT271217P00022000,22.0,8.1,6.55,9.15,1.0,68.0,0.5124560473632812,True,PUT,2027-12-17,LYFT
LYFT280121C00013000,13.0,8.08,7.25,9.2,5.0,297.0,0.6743196630859377,True,CALL,2028-01-21,LYFT
LYFT280121C00015000,15.0,7.58,7.35,7.95,10.0,392.0,0.7050810742187501,True,CALL,2028-01-21,LYFT
LYFT280121C00017000,17.0,6.85,6.75,7.15,25.0,444.0,0.7043486596679689,True,CALL,2028-01-21,LYFT
LYFT280121C00020000,20.0,5.76,5.5,6.0,13.0,941.0,0.6706575903320313,False,CALL,2028-01-21,LYFT
LYFT280121C00022000,22.0,4.81,4.7,5.55,4.0,340.0,0.659183095703125,False,CALL,2028-01-21,LYFT
LYFT280121P00013000,13.0,2.8,2.29,2.88,1.0,1021.0,0.5461471166992189,False,PUT,2028-01-21,LYFT
LYFT280121P00015000,15.0,3.77,3.1,4.95,4.0,179.0,0.5918009570312501,False,PUT,2028-01-21,LYFT
LYFT280121P00017000,17.0,4.65,3.35,4.95,9.0,76.0,0.5578657495117189,False,PUT,2028-01-21,LYFT
LYFT280121P00020000,20.0,6.35,5.7,7.05,4.0,1472.0,0.5664105859375,True,PUT,2028-01-21,LYFT
LYFT280121P00022000,22.0,7.72,6.45,9.2,5.0,30.0,0.6369665209960937,True,PUT,2028-01-21,LYFT
M260130C00014000,14.0,5.82,5.3,6.35,5.0,4.0,4.6953166308593755,True,CALL,2026-01-30,M
M260130C00015000,15.0,4.91,4.4,5.45,4.0,4.0,2.1718795703125,True,CALL,2026-01-30,M
M260130C00017000,17.0,3.41,2.4,3.6,1.0,1.0,1.703126484375,True,CALL,2026-01-30,M
M260130C00018500,18.5,1.75,1.15,1.88,1.0,1.0,1.0312548437500002,True,CALL,2026-01-30,M
M260130C00019000,19.0,1.4,0.85,1.26,1.0,11.0,0.8632826171875,True,CALL,2026-01-30,M
M260130C00019500,19.5,0.6,0.43,0.76,2.0,15.0,0.6445348046875,True,CALL,2026-01-30,M
M260130C00020000,20.0,0.22,0.17,0.23,64.0,804.0,0.48438015625,False,CALL,2026-01-30,M
M260130C00020500,20.5,0.11,0.05,0.1,163.0,363.0,0.5351608984375,False,CALL,2026-01-30,M
M260130C00021000,21.0,0.02,0.0,0.04,63.0,465.0,0.570316796875,False,CALL,2026-01-30,M
M260130C00021500,21.5,0.02,0.0,0.03,3.0,255.0,0.6093789062500001,False,CALL,2026-01-30,M
M260130C00022000,22.0,0.02,0.0,0.01,1.0,400.0,0.6250037500000001,False,CALL,2026-01-30,M
M260130C00022500,22.5,0.01,0.0,0.02,7.0,281.0,0.8125018749999999,False,CALL,2026-01-30,M
M260130C00023000,23.0,0.01,0.0,0.02,16.0,402.0,0.937500625,False,CALL,2026-01-30,M
M260130C00023500,23.5,0.02,0.0,0.08,30.0,115.0,1.3359408203124996,False,CALL,2026-01-30,M
M260130C00024000,24.0,0.04,0.0,0.02,8.0,54.0,1.15625421875,False,CALL,2026-01-30,M
M260130C00024500,24.5,0.03,0.0,0.02,5.0,51.0,1.2812535937499998,False,CALL,2026-01-30,M
M260130C00025000,25.0,0.03,0.0,0.01,8.0,80.0,1.2500037499999999,False,CALL,2026-01-30,M
M260130C00025500,25.5,0.04,0.0,0.01,5.0,68.0,1.3750031249999999,False,CALL,2026-01-30,M
M260130P00016000,16.0,0.02,0.0,0.02,1.0,1.0,1.3750031249999999,False,PUT,2026-01-30,M
M260130P00017000,17.0,0.01,0.0,0.02,1.0,11.0,1.0312548437500002,False,PUT,2026-01-30,M
M260130P00018000,18.0,0.17,0.0,0.02,1.0,148.0,0.6875031250000001,False,PUT,2026-01-30,M
M260130P00018500,18.5,0.01,0.0,0.02,1101.0,1159.0,0.5312546875,False,PUT,2026-01-30,M
M260130P00019000,19.0,0.02,0.01,0.04,11.0,203.0,0.507817421875,False,PUT,2026-01-30,M
M260130P00019500,19.5,0.05,0.07,0.1,13.0,1519.0,0.42188078125,False,PUT,2026-01-30,M
M260130P00020000,20.0,0.27,0.27,0.31,85.0,482.0,0.41797457031249996,True,PUT,2026-01-30,M
M260130P00020500,20.5,0.56,0.6,0.84,10.0,128.0,0.5351608984375,True,PUT,2026-01-30,M
M260130P00021000,21.0,1.19,1.02,1.23,22.0,240.0,0.7851583984375,True,PUT,2026-01-30,M
M260130P00021500,21.5,1.55,1.15,1.84,1.0,71.0,1.2695349023437497,True,PUT,2026-01-30,M
M260130P00022000,22.0,1.98,1.91,2.17,2.0,80.0,0.9531254687499999,True,PUT,2026-01-30,M
M260130P00022500,22.5,2.51,2.06,2.86,3.0,131.0,1.7304700976562502,True,PUT,2026-01-30,M
M260130P00023000,23.0,3.19,2.4,5.1,2.0,17.0,2.80469048828125,True,PUT,2026-01-30,M
M260130P00023500,23.5,2.34,2.9,5.55,4.0,3.0,2.9609400976562497,True,PUT,2026-01-30,M
M260130P00024000,24.0,2.56,3.4,6.05,5.0,0.0,3.156252109375,True,PUT,2026-01-30,M
M260206C00017000,17.0,3.24,2.45,3.65,1.0,2.0,0.8906260937499999,True,CALL,2026-02-06,M
M260206C00019500,19.5,0.89,0.72,0.79,2.0,10.0,0.47070841796875,True,CALL,2026-02-06,M
M260206C00020000,20.0,0.51,0.42,0.53,99.0,368.0,0.47070841796875,False,CALL,2026-02-06,M
M260206C00020500,20.5,0.33,0.23,0.34,57.0,41.0,0.47461462890625,False,CALL,2026-02-06,M
M260206C00021000,21.0,0.16,0.14,0.18,73.0,52.0,0.44922425781249997,False,CALL,2026-02-06,M
M260206C00021500,21.5,0.12,0.07,0.12,16.0,215.0,0.4804739453125,False,CALL,2026-02-06,M
M260206C00022000,22.0,0.05,0.04,0.08,11.0,353.0,0.507817421875,False,CALL,2026-02-06,M
M260206C00022500,22.5,0.05,0.0,0.11,2.0,432.0,0.5351608984375,False,CALL,2026-02-06,M
M260206C00023000,23.0,0.03,0.01,0.05,4.0,44.0,0.5312546875,False,CALL,2026-02-06,M
M260206C00023500,23.5,0.06,0.02,0.05,6.0,47.0,0.6171913281250001,False,CALL,2026-02-06,M
M260206C00024000,24.0,0.03,0.0,0.06,2.0,144.0,0.6562534375000001,False,CALL,2026-02-06,M
M260206C00024500,24.5,0.04,0.0,0.02,5.0,116.0,0.6093789062500001,False,CALL,2026-02-06,M
M260206C00025000,25.0,0.05,0.0,0.06,3.0,139.0,0.7656273437500001,False,CALL,2026-02-06,M
M260206C00025500,25.5,0.05,0.0,0.06,4.0,11.0,0.8203142968749999,False,CALL,2026-02-06,M
M260206P00017500,17.5,0.05,0.0,0.05,1.0,7.0,0.5507857421875001,False,PUT,2026-02-06,M
M260206P00018000,18.0,0.07,0.05,0.1,12.0,39.0,0.5039112109375,False,PUT,2026-02-06,M
M260206P00018500,18.5,0.11,0.11,0.16,11.0,104.0,0.51562984375,False,PUT,2026-02-06,M
M260206P00019000,19.0,0.2,0.19,0.26,155.0,104.0,0.49219257812500006,False,PUT,2026-02-06,M
M260206P00019500,19.5,0.35,0.33,0.4,81.0,123.0,0.46289599609375004,False,PUT,2026-02-06,M
M260206P00020000,20.0,0.54,0.55,0.66,130.0,265.0,0.47852083984375,True,PUT,2026-02-06,M
M260206P00020500,20.5,0.87,0.84,0.95,6.0,72.0,0.46484910156250003,True,PUT,2026-02-06,M
M260206P00021000,21.0,1.17,1.2,1.36,5.0,94.0,0.5097705273437501,True,PUT,2026-02-06,M
M260206P00021500,21.5,1.6,1.25,1.95,26.0,199.0,0.7128934960937501,True,PUT,2026-02-06,M
M260206P00022000,22.0,2.06,1.92,2.26,10.0,140.0,0.5976602734375001,True,PUT,2026-02-06,M
M260206P00022500,22.5,2.18,2.05,3.25,2.0,91.0,1.21875390625,True,PUT,2026-02-06,M
M260206P00023000,23.0,2.19,2.45,3.6,1.0,1.0,1.173832255859375,True,PUT,2026-02-06,M
M260206P00023500,23.5,3.66,3.35,4.1,10.0,13.0,0.7812521875,True,PUT,2026-02-06,M
M260206P00024000,24.0,2.49,3.45,4.6,24.0,18.0,1.3574250878906249,True,PUT,2026-02-06,M
M260213C00020000,20.0,0.67,0.63,0.74,58.0,9.0,0.47949739257812496,False,CALL,2026-02-13,M
M260213C00020500,20.5,0.5,0.42,0.53,4.0,190.0,0.47559118164062497,False,CALL,2026-02-13,M
M260213C00021000,21.0,0.49,0.27,0.38,11.0,68.0,0.481450498046875,False,CALL,2026-02-13,M
M260213C00021500,21.5,2.57,0.18,0.27,,3.0,0.48828636718750007,False,CALL,2026-02-13,M
M260213C00022000,22.0,0.1,0.11,0.19,5.0,158.0,0.49609878906250005,False,CALL,2026-02-13,M
M260213C00022500,22.5,0.12,0.07,0.17,3.0,11.0,0.5449264257812501,False,CALL,2026-02-13,M
M260213C00023000,23.0,0.13,0.05,0.59,14.0,67.0,0.7500025,False,CALL,2026-02-13,M
M260213C00023500,23.5,0.25,0.03,0.5,3.0,183.0,0.7656273437500001,False,CALL,2026-02-13,M
M260213C00024000,24.0,0.15,0.0,0.63,1.0,131.0,0.87500125,False,CALL,2026-02-13,M
M260213C00024500,24.5,0.08,0.0,0.75,1.0,53.0,0.99023447265625,False,CALL,2026-02-13,M
M260213C00025000,25.0,0.01,0.0,0.53,3.0,119.0,0.9414068359375,False,CALL,2026-02-13,M
M260213C00025500,25.5,0.12,0.0,0.75,3.0,28.0,1.107426337890625,False,CALL,2026-02-13,M
M260213P00015000,15.0,0.01,0.0,0.75,10.0,10.0,1.3125034374999998,False,PUT,2026-02-13,M
M260213P00017000,17.0,0.09,0.05,0.17,1.0,2.0,0.5898478515625001,False,PUT,2026-02-13,M
M260213P00018000,18.0,0.16,0.13,0.16,40.0,33.0,0.47852083984375,False,PUT,2026-02-13,M
M260213P00018500,18.5,0.26,0.2,0.3,1.0,5.0,0.50586431640625,False,PUT,2026-02-13,M
M260213P00019000,19.0,0.38,0.32,0.48,150.0,55.0,0.523442265625,False,PUT,2026-02-13,M
M260213P00019500,19.5,0.55,0.47,0.6,78.0,12.0,0.471684970703125,False,PUT,2026-02-13,M
M260213P00020000,20.0,0.7,0.72,0.82,83.0,284.0,0.45508357421875,True,PUT,2026-02-13,M
M260213P00020500,20.5,0.97,0.95,1.2,2.0,108.0,0.506840869140625,True,PUT,2026-02-13,M
M260213P00021000,21.0,1.32,1.33,1.46,41.0,52.0,0.454107021484375,True,PUT,2026-02-13,M
M260213P00021500,21.5,1.79,1.55,2.05,5.0,50.0,0.6064492480468751,True,PUT,2026-02-13,M
M260213P00022000,22.0,2.03,1.75,2.36,7.0,32.0,0.5410202148437502,True,PUT,2026-02-13,M
M260213P00022500,22.5,2.49,2.05,3.1,3.0,26.0,0.805666005859375,True,PUT,2026-02-13,M
M260213P00023000,23.0,2.96,2.83,3.6,1.0,11.0,0.51562984375,True,PUT,2026-02-13,M
M260213P00023500,23.5,2.03,2.95,4.1,1.0,2.0,0.9511723632812499,True,PUT,2026-02-13,M
M260213P00024000,24.0,3.13,3.45,4.6,44.0,3.0,1.017583037109375,True,PUT,2026-02-13,M
M260213P00025000,25.0,2.14,4.4,5.6,,3.0,1.1435589697265625,True,PUT,2026-02-13,M
M260220C00014000,14.0,10.15,5.6,6.5,50.0,2.0,1.0253954980468751,True,CALL,2026-02-20,M
M260220C00015000,15.0,5.37,4.8,5.4,1.0,559.0,0.92773509765625,True,CALL,2026-02-20,M
M260220C00016000,16.0,4.1,3.75,4.4,5.0,323.0,0.73633076171875,True,CALL,2026-02-20,M
M260220C00017000,17.0,3.2,2.87,3.45,1.0,526.0,0.65820654296875,True,CALL,2026-02-20,M
M260220C00017500,17.5,2.9,2.45,3.1,3.0,6.0,0.6630893066406252,True,CALL,2026-02-20,M
M260220C00018000,18.0,2.28,1.94,2.55,2.0,366.0,0.55273884765625,True,CALL,2026-02-20,M
M260220C00019000,19.0,1.55,1.33,1.52,5.0,104.0,0.524418818359375,True,CALL,2026-02-20,M
M260220C00019500,19.5,1.17,1.01,1.12,1.0,9.0,0.46582565429687506,True,CALL,2026-02-20,M
M260220C00020000,20.0,0.89,0.76,0.85,1.0,371.0,0.45508357421875,False,CALL,2026-02-20,M
M260220C00020500,20.5,0.64,0.54,0.68,4.0,30.0,0.47461462890625,False,CALL,2026-02-20,M
M260220C00021000,21.0,0.45,0.38,0.5,10.0,984.0,0.467778759765625,False,CALL,2026-02-20,M
M260220C00021500,21.5,0.33,0.28,0.38,2.0,77.0,0.476567734375,False,CALL,2026-02-20,M
M260220C00022000,22.0,0.21,0.17,0.25,39.0,900.0,0.4580132324218751,False,CALL,2026-02-20,M
M260220C00022500,22.5,0.15,0.12,0.19,17.0,63.0,0.47070841796875,False,CALL,2026-02-20,M
M260220C00023000,23.0,0.14,0.1,0.15,7.0,775.0,0.48828636718750007,False,CALL,2026-02-20,M
M260220C00023500,23.5,0.16,0.04,0.15,,70.0,0.5371140039062501,False,CALL,2026-02-20,M
M260220C00024000,24.0,0.06,0.01,0.12,4.0,810.0,0.5507857421875001,False,CALL,2026-02-20,M
M260220C00024500,24.5,0.06,0.0,0.12,1.0,7.0,0.507817421875,False,CALL,2026-02-20,M
M260220C00025000,25.0,0.03,0.03,0.06,65.0,3212.0,0.51562984375,False,CALL,2026-02-20,M
M260220C00025500,25.5,0.09,0.0,0.1,,59.0,0.5625043750000001,False,CALL,2026-02-20,M
M260220P00014000,14.0,1.29,0.0,0.07,24.0,156.0,0.7421900781249999,False,PUT,2026-02-20,M
M260220P00015000,15.0,0.05,0.0,0.1,70.0,284.0,0.6562534375000001,False,PUT,2026-02-20,M
M260220P00016000,16.0,0.04,0.04,0.05,26.0,319.0,0.51562984375,False,PUT,2026-02-20,M
M260220P00017000,17.0,0.13,0.08,0.18,6.0,515.0,0.51562984375,False,PUT,2026-02-20,M
M260220P00017500,17.5,0.13,0.13,0.22,5.0,115.0,0.5273484765625001,False,PUT,2026-02-20,M
M260220P00018000,18.0,0.23,0.2,0.29,6.0,604.0,0.500005,False,PUT,2026-02-20,M
M260220P00018500,18.5,0.33,0.3,0.35,1.0,10.0,0.454107021484375,False,PUT,2026-02-20,M
M260220P00019000,19.0,0.44,0.42,0.5,64.0,970.0,0.44727115234375,False,PUT,2026-02-20,M
M260220P00019500,19.5,0.6,0.59,0.68,4.0,7.0,0.43457596679687505,False,PUT,2026-02-20,M
M260220P00020000,20.0,0.87,0.83,0.92,87.0,22747.0,0.43066975585937506,True,PUT,2026-02-20,M
M260220P00020500,20.5,1.1,1.09,1.2,1.0,33.0,0.422857333984375,True,PUT,2026-02-20,M
M260220P00021000,21.0,1.45,1.41,1.6,19.0,2060.0,0.45703667968750006,True,PUT,2026-02-20,M
M260220P00021500,21.5,1.81,1.81,1.97,3.0,33.0,0.4580132324218751,True,PUT,2026-02-20,M
M260220P00022000,22.0,2.14,1.92,2.4,45.0,829.0,0.47852083984375,True,PUT,2026-02-20,M
M260220P00023000,23.0,2.91,2.76,3.3,3.0,648.0,0.51562984375,True,PUT,2026-02-20,M
M260220P00024000,24.0,3.88,3.7,4.25,3.0,138.0,0.5625043750000001,True,PUT,2026-02-20,M
M260220P00025000,25.0,5.0,4.7,5.25,1.0,19.0,0.648441015625,True,PUT,2026-02-20,M
M260227C00018000,18.0,5.9,2.12,2.62,,1.0,0.5566450585937501,True,CALL,2026-02-27,M
M260227C00018500,18.5,5.42,1.82,2.27,,1.0,0.5634809277343751,True,CALL,2026-02-27,M
M260227C00019000,19.0,3.73,1.47,1.96,4.0,0.0,0.551762294921875,True,CALL,2026-02-27,M
M260227C00019500,19.5,2.8,1.26,1.48,3.0,3.0,0.5205126074218749,True,CALL,2026-02-27,M
M260227C00021000,21.0,0.7,0.59,0.85,4.0,6.0,0.5127001855468749,False,CALL,2026-02-27,M
M260227C00021500,21.5,0.66,0.44,0.7,2.0,42.0,0.5127001855468749,False,CALL,2026-02-27,M
M260227C00022000,22.0,0.44,0.34,0.57,3.0,25.0,0.51758294921875,False,CALL,2026-02-27,M
M260227C00022500,22.5,0.4,0.26,0.4,2.0,6.0,0.5029346582031251,False,CALL,2026-02-27,M
M260227C00023000,23.0,0.32,0.2,0.31,1.0,75.0,0.50586431640625,False,CALL,2026-02-27,M
M260227C00023500,23.5,0.19,0.12,0.3,2.0,6.0,0.5195360546875,False,CALL,2026-02-27,M
M260227C00024000,24.0,0.3,0.0,0.45,5.0,151.0,0.5742230078125,False,CALL,2026-02-27,M
M260227C00025000,25.0,0.3,0.0,0.75,51.0,37.0,0.7666038964843751,False,CALL,2026-02-27,M
M260227P00016000,16.0,0.27,0.0,0.75,,1.0,0.799806689453125,False,PUT,2026-02-27,M
M260227P00018500,18.5,0.56,0.46,0.58,6.0,7.0,0.5195360546875,False,PUT,2026-02-27,M
M260227P00019000,19.0,0.58,0.6,0.9,23.0,39.0,0.5117236328125,False,PUT,2026-02-27,M
M260227P00019500,19.5,0.8,0.8,0.95,40.0,40.0,0.5019581054687501,False,PUT,2026-02-27,M
M260227P00020000,20.0,1.07,1.04,1.24,19.0,58.0,0.51758294921875,True,PUT,2026-02-27,M
M260227P00020500,20.5,1.3,1.32,1.51,4.0,40.0,0.508793974609375,True,PUT,2026-02-27,M
M260227P00021000,21.0,1.63,1.65,1.82,25.0,44.0,0.5039112109375,True,PUT,2026-02-27,M
M260227P00021500,21.5,1.97,1.98,2.31,2.0,15.0,0.570316796875,True,PUT,2026-02-27,M
M260227P00022000,22.0,1.85,2.37,2.66,,6.0,0.561527822265625,True,PUT,2026-02-27,M
M260227P00022500,22.5,2.58,2.2,3.5,20.0,40.0,0.79101771484375,True,PUT,2026-02-27,M
M260227P00023000,23.0,1.98,2.6,3.7,,1.0,0.6972686523437501,True,PUT,2026-02-27,M
M260306C00020500,20.5,1.19,0.95,1.38,10.0,22.0,0.567387138671875,False,CALL,2026-03-06,M
M260306C00021000,21.0,1.0,0.75,1.1,15.0,6.0,0.5459029785156251,False,CALL,2026-03-06,M
M260306C00022500,22.5,0.69,0.35,0.73,1.0,1.0,0.5585981640625001,False,CALL,2026-03-06,M
M260306C00023000,23.0,0.45,0.27,0.8,2.0,4.0,0.6064492480468751,False,CALL,2026-03-06,M
M260306C00025500,25.5,0.22,0.0,0.54,52.0,2.0,0.65820654296875,False,CALL,2026-03-06,M
M260306P00016500,16.5,0.25,0.17,0.75,,1.0,0.7041045214843751,False,PUT,2026-03-06,M
M260306P00020500,20.5,1.63,1.43,1.84,2.0,53.0,0.507817421875,True,PUT,2026-03-06,M
M260306P00021500,21.5,2.07,2.09,2.45,3.0,3.0,0.5732464550781251,True,PUT,2026-03-06,M
M260320C00014000,14.0,6.99,5.7,6.55,1.0,107.0,0.7597680273437502,True,CALL,2026-03-20,M
M260320C00015000,15.0,5.2,4.8,5.55,1.0,366.0,0.6796907031250001,True,CALL,2026-03-20,M
M260320C00016000,16.0,7.67,4.05,4.65,5.0,257.0,0.6679720703125002,True,CALL,2026-03-20,M
M260320C00017000,17.0,3.77,3.2,3.8,1.0,701.0,0.614261669921875,True,CALL,2026-03-20,M
M260320C00018000,18.0,3.2,2.58,3.1,11.0,651.0,0.6181678808593751,True,CALL,2026-03-20,M
M260320C00019000,19.0,2.35,1.94,2.1,35.0,10209.0,0.532231240234375,True,CALL,2026-03-20,M
M260320C00020000,20.0,1.58,1.42,1.58,1.0,574.0,0.52539537109375,False,CALL,2026-03-20,M
M260320C00021000,21.0,1.1,0.99,1.16,8.0,499.0,0.516606396484375,False,CALL,2026-03-20,M
M260320C00022000,22.0,0.73,0.69,0.84,3.0,1296.0,0.51562984375,False,CALL,2026-03-20,M
M260320C00023000,23.0,0.55,0.47,0.6,16.0,580.0,0.516606396484375,False,CALL,2026-03-20,M
M260320C00024000,24.0,0.32,0.31,0.4,15.0,988.0,0.5107470800781251,False,CALL,2026-03-20,M
M260320C00025000,25.0,0.24,0.21,0.25,44.0,22822.0,0.50586431640625,False,CALL,2026-03-20,M
M260320P00014000,14.0,0.11,0.11,0.12,3.0,356.0,0.6269568554687501,False,PUT,2026-03-20,M
M260320P00015000,15.0,0.18,0.17,0.2,11.0,465.0,0.5937540625000001,False,PUT,2026-03-20,M
M260320P00016000,16.0,0.31,0.29,0.33,170.0,15515.0,0.5742230078125,False,PUT,2026-03-20,M
M260320P00017000,17.0,0.5,0.47,0.56,16.0,907.0,0.5644574804687501,False,PUT,2026-03-20,M
M260320P00018000,18.0,0.78,0.74,0.8,11.0,1206.0,0.5429733203125001,False,PUT,2026-03-20,M
M260320P00019000,19.0,1.09,1.11,1.18,10.0,529.0,0.534184345703125,False,PUT,2026-03-20,M
M260320P00020000,20.0,1.63,1.57,1.67,38.0,1049.0,0.52539537109375,True,PUT,2026-03-20,M
M260320P00021000,21.0,2.15,2.14,2.27,6.0,989.0,0.5200243310546875,True,PUT,2026-03-20,M
M260320P00022000,22.0,2.7,2.77,3.0,15.0,1391.0,0.5161181201171875,True,PUT,2026-03-20,M
M260320P00023000,23.0,3.35,3.6,3.75,1.0,778.0,0.524418818359375,True,PUT,2026-03-20,M
M260320P00024000,24.0,4.35,4.1,4.6,1.0,266.0,0.570316796875,True,PUT,2026-03-20,M
M260320P00025000,25.0,5.15,4.95,5.5,2.0,314.0,0.5908244042968751,True,PUT,2026-03-20,M
M260515C00014000,14.0,6.85,5.95,6.65,1.0,2.0,0.6181678808593751,True,CALL,2026-05-15,M
M260515C00015000,15.0,8.6,5.15,5.7,1.0,17.0,0.5800823242187501,True,CALL,2026-05-15,M
M260515C00016000,16.0,4.58,4.35,4.9,5.0,20.0,0.559574716796875,True,CALL,2026-05-15,M
M260515C00017000,17.0,4.12,3.7,4.15,1.0,47.0,0.55273884765625,True,CALL,2026-05-15,M
M260515C00018000,18.0,4.9,3.0,3.4,1.0,14.0,0.5224657128906249,True,CALL,2026-05-15,M
M260515C00019000,19.0,2.99,2.44,2.75,1.0,30.0,0.507817421875,True,CALL,2026-05-15,M
M260515C00020000,20.0,2.25,1.94,2.25,70.0,207.0,0.5014698291015626,False,CALL,2026-05-15,M
M260515C00021000,21.0,1.55,1.53,1.79,35.0,305.0,0.524418818359375,False,CALL,2026-05-15,M
M260515C00022000,22.0,1.45,1.18,1.45,27.0,371.0,0.5239305419921875,False,CALL,2026-05-15,M
M260515C00023000,23.0,1.1,0.9,1.06,2.0,226.0,0.49658706542968756,False,CALL,2026-05-15,M
M260515C00024000,24.0,0.75,0.68,0.92,49.0,363.0,0.5195360546875,False,CALL,2026-05-15,M
M260515C00025000,25.0,0.54,0.51,0.58,1.0,431.0,0.47412635253906255,False,CALL,2026-05-15,M
M260515P00014000,14.0,0.23,0.23,0.32,12.0,197.0,0.5419967675781252,False,PUT,2026-05-15,M
M260515P00015000,15.0,0.37,0.38,0.44,67.0,132.0,0.523442265625,False,PUT,2026-05-15,M
M260515P00016000,16.0,0.58,0.54,0.58,4.0,95.0,0.5019581054687501,False,PUT,2026-05-15,M
M260515P00017000,17.0,0.9,0.81,0.88,29.0,137.0,0.5043994873046875,False,PUT,2026-05-15,M
M260515P00018000,18.0,1.1,1.13,1.2,10.0,494.0,0.49121602539062503,False,PUT,2026-05-15,M
M260515P00019000,19.0,1.49,1.52,1.63,13.0,835.0,0.48730981445312505,False,PUT,2026-05-15,M
M260515P00020000,20.0,1.95,2.01,2.12,1.0,521.0,0.47949739257812496,True,PUT,2026-05-15,M
M260515P00021000,21.0,2.78,2.58,2.7,4.0,295.0,0.47559118164062497,True,PUT,2026-05-15,M
M260515P00022000,22.0,3.0,3.2,3.35,109.0,360.0,0.47119669433593747,True,PUT,2026-05-15,M
M260515P00023000,23.0,4.01,3.95,4.1,10.0,156.0,0.476567734375,True,PUT,2026-05-15,M
M260515P00024000,24.0,4.38,4.7,4.9,10.0,150.0,0.4819387744140625,True,PUT,2026-05-15,M
M260515P00025000,25.0,5.2,5.35,5.7,1.0,137.0,0.47461462890625,True,PUT,2026-05-15,M
M260618C00015000,15.0,7.68,5.35,5.95,5.0,411.0,0.5810588769531251,True,CALL,2026-06-18,M
M260618C00017000,17.0,4.2,4.0,4.45,56.0,519.0,0.5566450585937501,True,CALL,2026-06-18,M
M260618C00020000,20.0,2.71,2.33,2.57,84.0,809.0,0.5097705273437501,False,CALL,2026-06-18,M
M260618C00022000,22.0,1.63,1.54,1.6,9.0,613.0,0.48730981445312505,False,CALL,2026-06-18,M
M260618C00025000,25.0,0.86,0.77,0.9,99.0,463.0,0.4946339599609375,False,CALL,2026-06-18,M
M260618P00015000,15.0,0.57,0.6,0.67,13.0,1064.0,0.5371140039062501,False,PUT,2026-06-18,M
M260618P00017000,17.0,1.1,1.11,1.21,4.0,1193.0,0.5107470800781251,False,PUT,2026-06-18,M
M260618P00020000,20.0,2.45,2.4,2.44,6.0,1130.0,0.4831594653320313,True,PUT,2026-06-18,M
M260618P00022000,22.0,3.58,3.55,3.75,4.0,919.0,0.4936574072265626,True,PUT,2026-06-18,M
M260618P00025000,25.0,5.55,5.8,6.0,1.0,292.0,0.4897511962890626,True,PUT,2026-06-18,M
M260821C00014000,14.0,7.15,6.3,6.95,1.0,1.0,0.5498091894531252,True,CALL,2026-08-21,M
M260821C00016000,16.0,5.41,4.8,5.55,1.0,2.0,0.5312546875,True,CALL,2026-08-21,M
M260821C00018000,18.0,5.47,3.65,4.2,,10.0,0.5136767382812499,True,CALL,2026-08-21,M
M260821C00019000,19.0,4.8,3.1,3.65,,3.0,0.5043994873046875,True,CALL,2026-08-21,M
M260821C00020000,20.0,3.2,2.63,3.15,1.0,37.0,0.5419967675781252,False,CALL,2026-08-21,M
M260821C00021000,21.0,2.53,2.26,2.72,1.0,85.0,0.5354050366210938,False,CALL,2026-08-21,M
M260821C00022000,22.0,2.93,1.88,2.36,4.0,31.0,0.5329636547851562,False,CALL,2026-08-21,M
M260821C00024000,24.0,2.06,1.29,1.73,2.0,5.0,0.5231981274414061,False,CALL,2026-08-21,M
M260821C00025000,25.0,1.28,1.06,1.47,1.0,40.0,0.5183153637695312,False,CALL,2026-08-21,M
M260821P00015000,15.0,0.8,0.78,1.1,1.0,5.0,0.526371923828125,False,PUT,2026-08-21,M
M260821P00017000,17.0,1.22,1.36,1.51,15.0,45.0,0.49561051269531253,False,PUT,2026-08-21,M
M260821P00018000,18.0,1.3,1.73,2.13,1.0,2.0,0.5295457202148439,False,PUT,2026-08-21,M
M260821P00019000,19.0,1.49,2.17,2.58,,11.0,0.5195360546875,False,PUT,2026-08-21,M
M260821P00020000,20.0,2.69,2.67,3.3,1.0,3.0,0.5473678076171876,True,PUT,2026-08-21,M
M260821P00021000,21.0,2.9,3.1,3.9,,50.0,0.5456588403320313,True,PUT,2026-08-21,M
M260821P00022000,22.0,3.35,3.85,4.2,2.0,28.0,0.4858449853515625,True,PUT,2026-08-21,M
M260821P00023000,23.0,4.0,4.5,4.9,1.0,4.0,0.48633326171875,True,PUT,2026-08-21,M
M260821P00024000,24.0,4.6,5.25,5.65,,5.0,0.48828636718750007,True,PUT,2026-08-21,M
M260821P00025000,25.0,5.3,5.65,6.4,,0.0,0.4836477416992188,True,PUT,2026-08-21,M
M260918C00015000,15.0,6.08,5.75,6.3,3.0,146.0,0.5415084912109377,True,CALL,2026-09-18,M
M260918C00017000,17.0,4.55,4.45,4.7,3.0,281.0,0.5229539892578124,True,CALL,2026-09-18,M
M260918C00020000,20.0,3.27,2.85,3.3,1.0,813.0,0.5324753784179688,False,CALL,2026-09-18,M
M260918C00022000,22.0,2.23,2.1,2.5,5.0,134.0,0.5219774365234374,False,CALL,2026-09-18,M
M260918C00025000,25.0,1.46,1.26,1.44,1.0,200.0,0.4809622216796875,False,CALL,2026-09-18,M
M260918P00015000,15.0,0.71,0.95,1.05,3.0,506.0,0.5080615600585938,False,PUT,2026-09-18,M
M260918P00017000,17.0,1.63,1.57,1.69,10.0,373.0,0.49878430908203125,False,PUT,2026-09-18,M
M260918P00020000,20.0,2.83,2.92,3.25,8.0,448.0,0.5053760400390624,True,PUT,2026-09-18,M
M260918P00022000,22.0,4.1,4.1,4.35,3.0,73.0,0.47949739257812496,True,PUT,2026-09-18,M
M260918P00025000,25.0,5.5,6.2,6.4,1.0,77.0,0.45361874511718747,True,PUT,2026-09-18,M
M261218C00015000,15.0,8.35,6.1,7.45,2.0,163.0,0.5996133789062501,True,CALL,2026-12-18,M
M261218C00017000,17.0,5.05,4.9,5.7,11.0,40.0,0.5378464184570313,True,CALL,2026-12-18,M
M261218C00020000,20.0,5.02,3.35,3.8,1.0,261.0,0.5200243310546875,False,CALL,2026-12-18,M
M261218C00022000,22.0,2.75,2.58,3.0,102.0,205.0,0.5097705273437501,False,CALL,2026-12-18,M
M261218C00025000,25.0,1.8,1.69,2.02,1.0,230.0,0.4899953344726563,False,CALL,2026-12-18,M
M261218P00015000,15.0,1.24,1.28,1.46,13.0,221.0,0.5026905200195313,False,PUT,2026-12-18,M
M261218P00017000,17.0,2.1,1.97,2.33,3.0,495.0,0.5239305419921875,False,PUT,2026-12-18,M
M261218P00020000,20.0,3.3,3.35,3.6,17.0,103.0,0.47632359619140624,True,PUT,2026-12-18,M
M261218P00022000,22.0,4.22,4.5,5.2,1.0,48.0,0.5205126074218749,True,PUT,2026-12-18,M
M261218P00025000,25.0,6.0,6.6,7.5,2.0,4.0,0.5397995239257813,True,PUT,2026-12-18,M
M270115C00015000,15.0,6.64,6.1,6.65,8.0,1562.0,0.5043994873046875,True,CALL,2027-01-15,M
M270115C00017000,17.0,5.1,4.95,5.55,1.0,810.0,0.5085498364257812,True,CALL,2027-01-15,M
M270115C00020000,20.0,3.66,3.45,4.2,1.0,853.0,0.5022022436523439,False,CALL,2027-01-15,M
M270115C00022000,22.0,3.0,2.66,3.45,11.0,594.0,0.5468795312500001,False,CALL,2027-01-15,M
M270115C00025000,25.0,1.95,1.8,2.09,21.0,1118.0,0.4792532543945312,False,CALL,2027-01-15,M
M270115P00015000,15.0,1.45,1.35,1.5,1.0,426.0,0.50586431640625,False,PUT,2027-01-15,M
M270115P00017000,17.0,2.03,2.07,2.4,4.0,379.0,0.5131884619140624,False,PUT,2027-01-15,M
M270115P00020000,20.0,3.2,3.45,3.7,1.0,359.0,0.47022014160156256,True,PUT,2027-01-15,M
M270115P00022000,22.0,4.25,4.6,5.05,22.0,149.0,0.4802298071289062,True,PUT,2027-01-15,M
M270115P00025000,25.0,6.1,6.65,7.05,21.0,27.0,0.4585015087890626,True,PUT,2027-01-15,M
M280121C00015000,15.0,7.87,5.85,7.8,90.0,196.0,0.5239305419921875,True,CALL,2028-01-21,M
M280121C00017000,17.0,6.19,5.55,6.5,2.0,138.0,0.4859670544433594,True,CALL,2028-01-21,M
M280121C00020000,20.0,4.75,3.8,6.0,1.0,307.0,0.5549360913085939,False,CALL,2028-01-21,M
M280121C00022000,22.0,4.06,2.59,5.4,1.0,122.0,0.5590864404296876,False,CALL,2028-01-21,M
M280121C00025000,25.0,3.3,3.0,3.95,5.0,702.0,0.5024463818359376,False,CALL,2028-01-21,M
M280121P00015000,15.0,1.75,0.0,2.87,25.0,169.0,0.5183153637695312,False,PUT,2028-01-21,M
M280121P00017000,17.0,3.36,0.5,3.5,1.0,28.0,0.47363807617187503,False,PUT,2028-01-21,M
M280121P00020000,20.0,4.7,2.5,7.0,32.0,61.0,0.6411168701171875,True,PUT,2028-01-21,M
M280121P00022000,22.0,5.72,4.65,6.1,22.0,59.0,0.42969320312500003,True,PUT,2028-01-21,M
M280121P00025000,25.0,6.6,5.5,8.15,2.0,13.0,0.4204159521484375,True,PUT,2028-01-21,M
MAC260220C00017000,17.0,1.62,0.95,1.85,,2.0,0.49609878906250005,True,CALL,2026-02-20,MAC
MAC260220C00018000,18.0,0.5,0.8,0.95,3.0,10.0,0.35547519531249994,True,CALL,2026-02-20,MAC
MAC260220C00019000,19.0,0.2,0.3,0.45,4.0,361.0,0.3505924316406249,False,CALL,2026-02-20,MAC
MAC260220C00020000,20.0,0.05,0.0,0.15,12.0,387.0,0.32617861328125,False,CALL,2026-02-20,MAC
MAC260220C00021000,21.0,0.1,0.0,0.1,2.0,111.0,0.398443515625,False,CALL,2026-02-20,MAC
MAC260220C00022000,22.0,0.05,0.0,0.05,1.0,80.0,0.42578699218750005,False,CALL,2026-02-20,MAC
MAC260220C00023000,23.0,0.05,0.0,0.45,4.0,9.0,0.73437765625,False,CALL,2026-02-20,MAC
MAC260220P00015000,15.0,0.4,0.0,0.75,,1.0,0.91992267578125,False,PUT,2026-02-20,MAC
MAC260220P00016000,16.0,0.2,0.05,0.75,,2.0,0.7480493945312501,False,PUT,2026-02-20,MAC
MAC260220P00017000,17.0,0.3,0.15,0.25,3.0,157.0,0.445318046875,False,PUT,2026-02-20,MAC
MAC260220P00018000,18.0,0.6,0.35,0.5,1.0,41.0,0.4023497265625,False,PUT,2026-02-20,MAC
MAC260220P00019000,19.0,1.15,0.8,1.0,1.0,53.0,0.39453730468750003,True,PUT,2026-02-20,MAC
MAC260220P00020000,20.0,1.5,1.5,2.35,1.0,61.0,0.53320779296875,True,PUT,2026-02-20,MAC
MAC260320C00013000,13.0,4.4,2.5,6.1,,10.0,1.0293017285156252,True,CALL,2026-03-20,MAC
MAC260320C00014000,14.0,4.0,0.0,0.0,3.0,12.0,1.0000000000000003e-05,True,CALL,2026-03-20,MAC
MAC260320C00015000,15.0,3.0,2.6,3.8,20.0,24.0,0.5498091894531252,True,CALL,2026-03-20,MAC
MAC260320C00016000,16.0,2.7,1.95,2.8,1.0,192.0,0.42969320312500003,True,CALL,2026-03-20,MAC
MAC260320C00017000,17.0,1.35,1.7,1.9,7.0,311.0,0.35645174804687496,True,CALL,2026-03-20,MAC
MAC260320C00018000,18.0,0.75,1.0,1.2,1.0,289.0,0.33447931152343746,True,CALL,2026-03-20,MAC
MAC260320C00019000,19.0,0.56,0.5,0.7,3.0,721.0,0.327155166015625,False,CALL,2026-03-20,MAC
MAC260320C00020000,20.0,0.3,0.3,0.35,16.0,372.0,0.313483427734375,False,CALL,2026-03-20,MAC
MAC260320C00021000,21.0,0.14,0.1,0.25,2.0,84.0,0.35938140625,False,CALL,2026-03-20,MAC
MAC260320C00022000,22.0,0.05,0.05,0.15,1.0,119.0,0.37500625,False,CALL,2026-03-20,MAC
MAC260320C00023000,23.0,0.19,0.0,0.4,1.0,16.0,0.5937540625000001,False,CALL,2026-03-20,MAC
MAC260320C00024000,24.0,0.21,0.0,0.75,1.0,8.0,0.65039412109375,False,CALL,2026-03-20,MAC
MAC260320P00013000,13.0,0.32,0.0,0.0,1.0,42.0,0.2500075,False,PUT,2026-03-20,MAC
MAC260320P00014000,14.0,0.15,0.05,0.6,1.0,191.0,0.7148466015625,False,PUT,2026-03-20,MAC
MAC260320P00015000,15.0,0.77,0.0,0.0,1.0,15.0,0.12500875,False,PUT,2026-03-20,MAC
MAC260320P00016000,16.0,0.25,0.2,0.3,2.0,285.0,0.44727115234375,False,PUT,2026-03-20,MAC
MAC260320P00017000,17.0,0.45,0.35,0.5,1.0,127.0,0.41602146484374997,False,PUT,2026-03-20,MAC
MAC260320P00018000,18.0,0.8,0.7,0.85,1.0,354.0,0.4023497265625,False,PUT,2026-03-20,MAC
MAC260320P00019000,19.0,1.03,1.2,1.35,1.0,42.0,0.3930724755859375,True,PUT,2026-03-20,MAC
MAC260320P00020000,20.0,2.25,1.85,2.5,1.0,123.0,0.5800823242187501,True,PUT,2026-03-20,MAC
MAC260320P00021000,21.0,3.77,3.4,5.3,10.0,6.0,1.0087940185546875,True,PUT,2026-03-20,MAC
MAC260320P00022000,22.0,4.19,2.0,5.9,8.0,4.0,0.5556685058593751,True,PUT,2026-03-20,MAC
MAC260320P00023000,23.0,4.48,3.1,6.8,8.0,4.0,0.6347692773437501,True,PUT,2026-03-20,MAC
MAC260618C00013000,13.0,4.6,0.0,0.0,9.0,59.0,1.0000000000000003e-05,True,CALL,2026-06-18,MAC
MAC260618C00015000,15.0,3.8,2.9,4.1,1.0,2.0,0.43945873046875,True,CALL,2026-06-18,MAC
MAC260618C00016000,16.0,2.06,0.0,0.0,,1.0,1.0000000000000003e-05,True,CALL,2026-06-18,MAC
MAC260618C00017000,17.0,1.8,0.0,0.0,2.0,7.0,1.0000000000000003e-05,True,CALL,2026-06-18,MAC
MAC260618C00018000,18.0,1.72,1.5,1.8,1.0,196.0,0.3364324169921875,True,CALL,2026-06-18,MAC
MAC260618C00019000,19.0,1.35,1.0,1.3,2.0,52.0,0.32813171874999997,False,CALL,2026-06-18,MAC
MAC260618C00020000,20.0,0.8,0.65,0.9,2.0,37.0,0.3193427441406249,False,CALL,2026-06-18,MAC
MAC260618C00021000,21.0,0.5,0.4,0.7,1.0,97.0,0.33740896972656254,False,CALL,2026-06-18,MAC
MAC260618C00022000,22.0,0.4,0.25,0.5,2.0,17.0,0.3398503515625,False,CALL,2026-06-18,MAC
MAC260618C00023000,23.0,0.35,0.15,0.3,5.0,41.0,0.3242255078124999,False,CALL,2026-06-18,MAC
MAC260618C00024000,24.0,0.1,0.1,0.35,1.0,17.0,0.38233039550781245,False,CALL,2026-06-18,MAC
MAC260618P00013000,13.0,0.61,0.35,0.6,2.0,0.0,0.579105771484375,False,PUT,2026-06-18,MAC
MAC260618P00014000,14.0,0.37,0.2,0.4,125.0,125.0,0.46191944335937507,False,PUT,2026-06-18,MAC
MAC260618P00015000,15.0,0.55,0.35,0.55,1.0,19.0,0.432622861328125,False,PUT,2026-06-18,MAC
MAC260618P00016000,16.0,0.7,0.5,0.75,1.0,107.0,0.4057676611328125,False,PUT,2026-06-18,MAC
MAC260618P00017000,17.0,1.0,0.85,1.05,3.0,203.0,0.38867798828125,False,PUT,2026-06-18,MAC
MAC260618P00019000,19.0,2.03,1.7,1.95,3.0,12.0,0.367193828125,True,PUT,2026-06-18,MAC
MAC260618P00020000,20.0,3.95,0.0,0.0,,3.0,1.0000000000000003e-05,True,PUT,2026-06-18,MAC
MAC260618P00021000,21.0,3.4,3.0,3.3,10.0,7.0,0.36914693359375,True,PUT,2026-06-18,MAC
MAC260618P00024000,24.0,5.79,5.4,6.8,2.0,5.0,0.6499058447265625,True,PUT,2026-06-18,MAC
MAC260918C00021000,21.0,0.9,0.8,0.95,3.0,1.0,0.3090889404296875,False,CALL,2026-09-18,MAC
MAC260918C00023000,23.0,0.4,0.3,0.65,2.0,42.0,0.33447931152343746,False,CALL,2026-09-18,MAC
MAC260918C00024000,24.0,0.33,0.2,0.5,1.0,2.0,0.3354558642578125,False,CALL,2026-09-18,MAC
MAC260918P00019000,19.0,2.33,2.05,2.4,3.0,3.0,0.36206692626953124,True,PUT,2026-09-18,MAC
MAC260918P00021000,21.0,3.64,3.4,3.7,10.0,10.0,0.35938140625,True,PUT,2026-09-18,MAC
MARA260130C00007000,7.0,3.0,2.69,3.1,3.0,39.0,3.6875007812500002,True,CALL,2026-01-30,MARA
MARA260130C00007500,7.5,2.6,2.05,2.86,2.0,5.0,3.5312511718749997,True,CALL,2026-01-30,MARA
MARA260130C00008000,8.0,1.79,1.77,1.91,12.0,1075.0,2.1093797265624996,True,CALL,2026-01-30,MARA
MARA260130C00008500,8.5,1.32,1.21,1.58,55.0,258.0,1.96875015625,True,CALL,2026-01-30,MARA
MARA260130C00009000,9.0,1.02,0.8,0.97,164.0,244.0,1.359378203125,True,CALL,2026-01-30,MARA
MARA260130C00009500,9.5,0.42,0.41,0.42,1675.0,1089.0,0.8906260937499999,True,CALL,2026-01-30,MARA
MARA260130C00010000,10.0,0.14,0.14,0.15,20589.0,5512.0,0.8281267187499999,False,CALL,2026-01-30,MARA
MARA260130C00010500,10.5,0.05,0.04,0.05,8190.0,48085.0,0.87500125,False,CALL,2026-01-30,MARA
MARA260130C00011000,11.0,0.03,0.02,0.03,33765.0,46214.0,1.0781296093750001,False,CALL,2026-01-30,MARA
MARA260130C00011500,11.5,0.02,0.02,0.03,1810.0,40889.0,1.3750031249999999,False,CALL,2026-01-30,MARA
MARA260130C00012000,12.0,0.02,0.01,0.02,30215.0,40319.0,1.5000025,False,CALL,2026-01-30,MARA
MARA260130C00012500,12.5,0.01,0.0,0.01,1718.0,13102.0,1.5000025,False,CALL,2026-01-30,MARA
MARA260130P00007000,7.0,0.02,0.0,0.01,296.0,8324.0,1.96875015625,False,PUT,2026-01-30,MARA
MARA260130P00007500,7.5,0.01,0.0,0.01,15.0,4539.0,1.625001875,False,PUT,2026-01-30,MARA
MARA260130P00008000,8.0,0.01,0.0,0.02,32.0,7676.0,1.4375028125,False,PUT,2026-01-30,MARA
MARA260130P00008500,8.5,0.01,0.01,0.02,138.0,4188.0,1.125004375,False,PUT,2026-01-30,MARA
MARA260130P00009000,9.0,0.03,0.02,0.03,1810.0,14307.0,0.8437515624999999,False,PUT,2026-01-30,MARA
MARA260130P00009500,9.5,0.09,0.08,0.09,4820.0,12113.0,0.6718782812500002,False,PUT,2026-01-30,MARA
MARA260130P00010000,10.0,0.32,0.29,0.33,3599.0,16441.0,0.6015664843750002,True,PUT,2026-01-30,MARA
MARA260130P00010500,10.5,0.76,0.69,0.74,1643.0,12206.0,0.6562534375000001,True,PUT,2026-01-30,MARA
MARA260130P00011000,11.0,1.16,1.13,1.26,124.0,2239.0,1.15625421875,True,PUT,2026-01-30,MARA
MARA260130P00011500,11.5,1.57,1.45,1.8,32.0,834.0,1.7968760156249999,True,PUT,2026-01-30,MARA
MARA260130P00012000,12.0,2.09,2.03,2.25,22.0,739.0,1.65625171875,True,PUT,2026-01-30,MARA
MARA260130P00012500,12.5,2.67,2.6,2.75,6.0,57.0,1.9062504687500001,True,PUT,2026-01-30,MARA
MARA260206C00007000,7.0,3.15,2.6,3.7,1.0,31.0,2.56250359375,True,CALL,2026-02-06,MARA
MARA260206C00007500,7.5,2.56,1.69,3.3,18.0,32.0,1.78125109375,True,CALL,2026-02-06,MARA
MARA260206C00008000,8.0,1.99,1.81,2.14,1.0,455.0,1.4257841210937499,True,CALL,2026-02-06,MARA
MARA260206C00008500,8.5,1.49,1.35,1.56,63.0,46.0,1.0859420703125,True,CALL,2026-02-06,MARA
MARA260206C00009000,9.0,1.03,0.96,1.08,151.0,422.0,0.9335944140625,True,CALL,2026-02-06,MARA
MARA260206C00009500,9.5,0.68,0.66,0.72,1310.0,392.0,0.8984385156249999,True,CALL,2026-02-06,MARA
MARA260206C00010000,10.0,0.41,0.42,0.44,13268.0,2269.0,0.8632826171875,False,CALL,2026-02-06,MARA
MARA260206C00010500,10.5,0.25,0.25,0.27,20334.0,8635.0,0.8632826171875,False,CALL,2026-02-06,MARA
MARA260206C00011000,11.0,0.16,0.16,0.18,13297.0,8221.0,0.9101571484375,False,CALL,2026-02-06,MARA
MARA260206C00011500,11.5,0.12,0.1,0.12,11026.0,4217.0,0.9492192578124999,False,CALL,2026-02-06,MARA
MARA260206C00012000,12.0,0.07,0.07,0.08,1600.0,3522.0,0.992187578125,False,CALL,2026-02-06,MARA
MARA260206C00012500,12.5,0.06,0.06,0.09,138.0,2696.0,1.1328168359375002,False,CALL,2026-02-06,MARA
MARA260206P00007000,7.0,0.02,0.0,0.03,11.0,108.0,1.109379453125,False,PUT,2026-02-06,MARA
MARA260206P00007500,7.5,0.02,0.02,0.03,185.0,1676.0,0.992187578125,False,PUT,2026-02-06,MARA
MARA260206P00008000,8.0,0.04,0.04,0.05,363.0,7844.0,0.9062509375,False,PUT,2026-02-06,MARA
MARA260206P00008500,8.5,0.09,0.09,0.1,154.0,1805.0,0.85937640625,False,PUT,2026-02-06,MARA
MARA260206P00009000,9.0,0.18,0.18,0.19,2286.0,3326.0,0.8085956640624999,False,PUT,2026-02-06,MARA
MARA260206P00009500,9.5,0.34,0.33,0.35,1322.0,2394.0,0.7695335546875001,False,PUT,2026-02-06,MARA
MARA260206P00010000,10.0,0.59,0.57,0.59,867.0,5784.0,0.7421900781249999,True,PUT,2026-02-06,MARA
MARA260206P00010500,10.5,0.92,0.9,0.93,662.0,1212.0,0.73437765625,True,PUT,2026-02-06,MARA
MARA260206P00011000,11.0,1.28,1.27,1.38,91.0,836.0,0.7460962890625,True,PUT,2026-02-06,MARA
MARA260206P00011500,11.5,1.88,1.52,1.84,3.0,337.0,0.9609378906249999,True,PUT,2026-02-06,MARA
MARA260206P00012000,12.0,2.19,2.01,2.33,39.0,400.0,1.09375453125,True,PUT,2026-02-06,MARA
MARA260206P00012500,12.5,2.73,2.65,2.8,16.0,138.0,0.500005,True,PUT,2026-02-06,MARA
MARA260213C00007000,7.0,3.04,2.25,3.8,20.0,8.0,1.6484392578125,True,CALL,2026-02-13,MARA
MARA260213C00007500,7.5,2.5,2.28,2.64,25.0,2.0,1.2578162109375,True,CALL,2026-02-13,MARA
MARA260213C00008000,8.0,2.0,1.9,2.1,896.0,933.0,1.12109814453125,True,CALL,2026-02-13,MARA
MARA260213C00009000,9.0,1.21,1.14,1.21,419.0,16.0,0.92187578125,True,CALL,2026-02-13,MARA
MARA260213C00009500,9.5,0.88,0.85,0.9,149.0,288.0,0.9062509375,True,CALL,2026-02-13,MARA
MARA260213C00010000,10.0,0.64,0.6,0.65,1616.0,679.0,0.8867198828124999,False,CALL,2026-02-13,MARA
MARA260213C00010500,10.5,0.44,0.42,0.46,847.0,1423.0,0.8828136718749999,False,CALL,2026-02-13,MARA
MARA260213C00011000,11.0,0.32,0.3,0.33,217.0,1799.0,0.9003916210937499,False,CALL,2026-02-13,MARA
MARA260213C00011500,11.5,0.23,0.21,0.23,366.0,1223.0,0.9101571484375,False,CALL,2026-02-13,MARA
MARA260213C00012000,12.0,0.17,0.16,0.17,694.0,1488.0,0.9414068359375,False,CALL,2026-02-13,MARA
MARA260213C00012500,12.5,0.13,0.12,0.13,272.0,815.0,0.9765627343750001,False,CALL,2026-02-13,MARA
MARA260213P00007000,7.0,0.07,0.0,0.09,9.0,116.0,1.0234423828125,False,PUT,2026-02-13,MARA
MARA260213P00007500,7.5,0.08,0.08,0.09,190.0,357.0,0.992187578125,False,PUT,2026-02-13,MARA
MARA260213P00008000,8.0,0.13,0.13,0.15,739.0,578.0,0.9414068359375,False,PUT,2026-02-13,MARA
MARA260213P00008500,8.5,0.2,0.2,0.23,18.0,690.0,0.8789074609374999,False,PUT,2026-02-13,MARA
MARA260213P00009000,9.0,0.35,0.32,0.37,131.0,2102.0,0.8457046679687499,False,PUT,2026-02-13,MARA
MARA260213P00009500,9.5,0.51,0.52,0.56,1719.0,1819.0,0.8320329296874999,False,PUT,2026-02-13,MARA
MARA260213P00010000,10.0,0.8,0.77,0.82,300.0,3213.0,0.8203142968749999,True,PUT,2026-02-13,MARA
MARA260213P00010500,10.5,0.99,1.09,1.16,12.0,617.0,0.8320329296874999,True,PUT,2026-02-13,MARA
MARA260213P00011000,11.0,1.32,1.36,1.52,25.0,385.0,0.7539087109375,True,PUT,2026-02-13,MARA
MARA260213P00011500,11.5,1.78,1.58,1.99,6.0,177.0,0.5976602734375001,True,PUT,2026-02-13,MARA
MARA260213P00012000,12.0,2.35,2.29,2.4,13.0,180.0,0.851563984375,True,PUT,2026-02-13,MARA
MARA260213P00012500,12.5,2.3,2.5,2.89,7.0,255.0,1.05859845703125,True,PUT,2026-02-13,MARA
MARA260220C00007000,7.0,3.0,2.7,3.15,2.0,110.0,1.16016044921875,True,CALL,2026-02-20,MARA
MARA260220C00008000,8.0,1.97,1.94,2.29,121.0,711.0,1.111332568359375,True,CALL,2026-02-20,MARA
MARA260220C00008500,8.5,1.8,1.51,1.86,1.0,4.0,0.9960937890625,True,CALL,2026-02-20,MARA
MARA260220C00009000,9.0,1.36,1.23,1.36,107.0,1465.0,0.9082040429687499,True,CALL,2026-02-20,MARA
MARA260220C00009500,9.5,1.01,0.96,1.08,74.0,18.0,0.9101571484375,True,CALL,2026-02-20,MARA
MARA260220C00010000,10.0,0.77,0.73,0.78,492.0,6140.0,0.8730481445312499,False,CALL,2026-02-20,MARA
MARA260220C00010500,10.5,0.6,0.57,0.59,421.0,718.0,0.88476677734375,False,CALL,2026-02-20,MARA
MARA260220C00011000,11.0,0.44,0.42,0.46,889.0,4638.0,0.8945323046874999,False,CALL,2026-02-20,MARA
MARA260220C00011500,11.5,0.33,0.32,0.35,927.0,1002.0,0.9062509375,False,CALL,2026-02-20,MARA
MARA260220C00012000,12.0,0.24,0.26,0.29,2085.0,18246.0,0.945313046875,False,CALL,2026-02-20,MARA
MARA260220C00012500,12.5,0.22,0.18,0.26,859.0,1825.0,0.9726565234375,False,CALL,2026-02-20,MARA
MARA260220P00007000,7.0,0.1,0.09,0.1,160.0,1342.0,1.01953615234375,False,PUT,2026-02-20,MARA
MARA260220P00007500,7.5,0.08,0.1,0.17,54.0,260.0,0.945313046875,False,PUT,2026-02-20,MARA
MARA260220P00008000,8.0,0.21,0.19,0.21,439.0,8452.0,0.8906260937499999,False,PUT,2026-02-20,MARA
MARA260220P00008500,8.5,0.34,0.24,0.33,212.0,685.0,0.8320329296874999,False,PUT,2026-02-20,MARA
MARA260220P00009000,9.0,0.45,0.43,0.47,1102.0,6047.0,0.8281267187499999,False,PUT,2026-02-20,MARA
MARA260220P00009500,9.5,0.65,0.63,0.68,165.0,1077.0,0.81445498046875,False,PUT,2026-02-20,MARA
MARA260220P00010000,10.0,0.91,0.87,0.95,152.0,11732.0,0.8007832421875,True,PUT,2026-02-20,MARA
MARA260220P00010500,10.5,1.32,1.14,1.29,24.0,279.0,0.79101771484375,True,PUT,2026-02-20,MARA
MARA260220P00011000,11.0,1.62,1.51,1.64,35.0,3835.0,0.79101771484375,True,PUT,2026-02-20,MARA
MARA260220P00011500,11.5,1.81,1.92,2.04,1.0,62.0,0.804689453125,True,PUT,2026-02-20,MARA
MARA260220P00012000,12.0,2.4,2.2,2.5,68.0,2308.0,0.7187528125,True,PUT,2026-02-20,MARA
MARA260220P00012500,12.5,2.8,2.58,2.94,1.0,115.0,0.5976602734375001,True,PUT,2026-02-20,MARA
MARA260227C00007000,7.0,3.1,2.77,3.35,1.0,7.0,1.26172244140625,True,CALL,2026-02-27,MARA
MARA260227C00007500,7.5,2.84,2.34,2.9,1.0,1.0,1.1640666796875,True,CALL,2026-02-27,MARA
MARA260227C00008000,8.0,2.25,2.0,2.43,20.0,13.0,1.0996138769531252,True,CALL,2026-02-27,MARA
MARA260227C00008500,8.5,2.0,1.7,1.81,1.0,3.0,0.9511723632812499,True,CALL,2026-02-27,MARA
MARA260227C00009000,9.0,1.38,1.36,1.48,12.0,59.0,0.91992267578125,True,CALL,2026-02-27,MARA
MARA260227C00009500,9.5,1.24,1.15,1.18,124.0,217.0,0.929688203125,True,CALL,2026-02-27,MARA
MARA260227C00010000,10.0,0.92,0.9,0.94,259.0,207.0,0.91211025390625,False,CALL,2026-02-27,MARA
MARA260227C00010500,10.5,0.74,0.71,0.74,286.0,955.0,0.9062509375,False,CALL,2026-02-27,MARA
MARA260227C00011000,11.0,0.64,0.55,0.59,258.0,761.0,0.9062509375,False,CALL,2026-02-27,MARA
MARA260227C00011500,11.5,0.47,0.44,0.47,106.0,393.0,0.9179695703125,False,CALL,2026-02-27,MARA
MARA260227C00012000,12.0,0.37,0.35,0.38,162.0,626.0,0.929688203125,False,CALL,2026-02-27,MARA
MARA260227C00012500,12.5,0.3,0.28,0.3,87.0,527.0,0.93945373046875,False,CALL,2026-02-27,MARA
MARA260227P00007000,7.0,0.09,0.0,0.28,7.0,174.0,0.9960937890625,False,PUT,2026-02-27,MARA
MARA260227P00007500,7.5,0.22,0.16,0.21,20.0,255.0,0.9179695703125,False,PUT,2026-02-27,MARA
MARA260227P00008000,8.0,0.29,0.27,0.3,40.0,5487.0,0.9003916210937499,False,PUT,2026-02-27,MARA
MARA260227P00008500,8.5,0.42,0.39,0.43,45.0,449.0,0.8730481445312499,False,PUT,2026-02-27,MARA
MARA260227P00009000,9.0,0.57,0.56,0.59,168.0,911.0,0.851563984375,False,PUT,2026-02-27,MARA
MARA260227P00009500,9.5,0.8,0.78,0.81,156.0,252.0,0.84179845703125,False,PUT,2026-02-27,MARA
MARA260227P00010000,10.0,1.09,1.04,1.07,145.0,859.0,0.8320329296874999,True,PUT,2026-02-27,MARA
MARA260227P00010500,10.5,1.46,1.34,1.39,16.0,973.0,0.8300798242187499,True,PUT,2026-02-27,MARA
MARA260227P00011000,11.0,1.67,1.7,1.77,8.0,139.0,0.84961087890625,True,PUT,2026-02-27,MARA
MARA260227P00011500,11.5,2.13,2.0,2.15,16.0,19.0,0.8085956640624999,True,PUT,2026-02-27,MARA
MARA260227P00012000,12.0,2.05,2.42,2.59,5.0,135.0,0.8339860351562498,True,PUT,2026-02-27,MARA
MARA260227P00012500,12.5,2.69,2.53,3.0,138.0,177.0,0.5390671093750001,True,PUT,2026-02-27,MARA
MARA260306C00009500,9.5,1.35,1.18,1.32,111.0,27.0,0.9082040429687499,True,CALL,2026-03-06,MARA
MARA260306C00010000,10.0,1.05,0.95,1.09,43.0,28.0,0.9023447265625,False,CALL,2026-03-06,MARA
MARA260306C00010500,10.5,0.89,0.8,0.9,27.0,150.0,0.9179695703125,False,CALL,2026-03-06,MARA
MARA260306C00011000,11.0,0.7,0.64,0.74,76.0,141.0,0.9179695703125,False,CALL,2026-03-06,MARA
MARA260306C00011500,11.5,0.57,0.52,0.62,19.0,47.0,0.92773509765625,False,CALL,2026-03-06,MARA
MARA260306C00012000,12.0,0.55,0.4,0.52,14.0,108.0,0.929688203125,False,CALL,2026-03-06,MARA
MARA260306C00012500,12.5,0.44,0.35,0.42,24.0,39.0,0.945313046875,False,CALL,2026-03-06,MARA
MARA260306P00007500,7.5,0.27,0.24,0.27,2.0,70.0,0.929688203125,False,PUT,2026-03-06,MARA
MARA260306P00008000,8.0,0.34,0.28,0.4,9.0,78.0,0.87695435546875,False,PUT,2026-03-06,MARA
MARA260306P00008500,8.5,0.51,0.46,0.56,30.0,100.0,0.8867198828124999,False,PUT,2026-03-06,MARA
MARA260306P00009000,9.0,0.71,0.65,0.73,10.0,129.0,0.86914193359375,False,PUT,2026-03-06,MARA
MARA260306P00009500,9.5,0.91,0.82,0.96,11.0,40.0,0.8378922460937499,False,PUT,2026-03-06,MARA
MARA260306P00010000,10.0,1.13,1.11,1.22,37.0,166.0,0.8378922460937499,True,PUT,2026-03-06,MARA
MARA260306P00010500,10.5,1.45,1.37,1.53,1.0,17.0,0.8164080859374999,True,PUT,2026-03-06,MARA
MARA260306P00011000,11.0,1.79,1.77,1.87,9.0,49.0,0.8378922460937499,True,PUT,2026-03-06,MARA
MARA260306P00012000,12.0,2.52,2.51,2.68,1.0,26.0,0.8437515624999999,True,PUT,2026-03-06,MARA
MARA260320C00007000,7.0,3.89,3.05,3.4,1.0,578.0,1.162113564453125,True,CALL,2026-03-20,MARA
MARA260320C00008000,8.0,2.44,2.33,2.46,158.0,3495.0,1.0068409033203123,True,CALL,2026-03-20,MARA
MARA260320C00009000,9.0,1.75,1.7,1.79,254.0,961.0,0.9492192578124999,True,CALL,2026-03-20,MARA
MARA260320C00010000,10.0,1.24,1.26,1.28,1586.0,68473.0,0.940430283203125,False,CALL,2026-03-20,MARA
MARA260320C00011000,11.0,0.9,0.89,0.92,5083.0,10785.0,0.93164130859375,False,CALL,2026-03-20,MARA
MARA260320C00012000,12.0,0.67,0.64,0.67,435.0,8388.0,0.9414068359375,False,CALL,2026-03-20,MARA
MARA260320P00007000,7.0,0.27,0.24,0.3,51.0,18466.0,0.9492192578124999,False,PUT,2026-03-20,MARA
MARA260320P00008000,8.0,0.51,0.5,0.53,147.0,12933.0,0.91211025390625,False,PUT,2026-03-20,MARA
MARA260320P00009000,9.0,0.88,0.87,0.89,97.0,4204.0,0.8828136718749999,False,PUT,2026-03-20,MARA
MARA260320P00010000,10.0,1.38,1.36,1.4,77.0,15373.0,0.86132951171875,True,PUT,2026-03-20,MARA
MARA260320P00011000,11.0,2.14,2.0,2.04,50.0,13415.0,0.8554701953125,True,PUT,2026-03-20,MARA
MARA260320P00012000,12.0,2.7,2.71,2.82,6.0,13251.0,0.8535170898437501,True,PUT,2026-03-20,MARA
MARA260515C00007000,7.0,3.65,3.45,3.75,121.0,281.0,1.0722702636718753,True,CALL,2026-05-15,MARA
MARA260515C00008000,8.0,2.87,2.83,2.95,6.0,344.0,0.989257919921875,True,CALL,2026-05-15,MARA
MARA260515C00009000,9.0,2.32,2.2,2.42,38.0,1092.0,0.946289599609375,True,CALL,2026-05-15,MARA
MARA260515C00010000,10.0,1.88,1.86,1.9,583.0,2458.0,0.9423833886718749,False,CALL,2026-05-15,MARA
MARA260515C00011000,11.0,1.61,1.49,1.53,83.0,4073.0,0.930664755859375,False,CALL,2026-05-15,MARA
MARA260515C00012000,12.0,1.22,1.21,1.24,111.0,2581.0,0.930664755859375,False,CALL,2026-05-15,MARA
MARA260515P00007000,7.0,0.64,0.62,0.64,286.0,1061.0,0.9355475195312499,False,PUT,2026-05-15,MARA
MARA260515P00008000,8.0,1.01,0.89,0.99,8.0,2361.0,0.8867198828124999,False,PUT,2026-05-15,MARA
MARA260515P00009000,9.0,1.39,1.38,1.4,39.0,2600.0,0.8720715917968749,False,PUT,2026-05-15,MARA
MARA260515P00010000,10.0,1.95,1.93,1.95,447.0,3380.0,0.8623060644531251,True,PUT,2026-05-15,MARA
MARA260515P00011000,11.0,2.57,2.55,2.57,13.0,1840.0,0.848634326171875,True,PUT,2026-05-15,MARA
MARA260515P00012000,12.0,3.27,3.15,3.35,1.0,2149.0,0.8339860351562498,True,PUT,2026-05-15,MARA
MARA260618C00007000,7.0,3.79,3.6,4.0,64.0,211.0,1.052739111328125,True,CALL,2026-06-18,MARA
MARA260618C00008000,8.0,3.1,3.05,3.2,1002.0,1617.0,0.9804689453125001,True,CALL,2026-06-18,MARA
MARA260618C00009000,9.0,2.61,2.55,2.7,98.0,9900.0,0.96679720703125,True,CALL,2026-06-18,MARA
MARA260618C00010000,10.0,2.27,2.12,2.16,87.0,3338.0,0.930664755859375,False,CALL,2026-06-18,MARA
MARA260618C00011000,11.0,1.78,1.65,1.81,34.0,1755.0,0.9023447265625,False,CALL,2026-06-18,MARA
MARA260618C00012000,12.0,1.5,1.46,1.51,203.0,6239.0,0.9184578466796876,False,CALL,2026-06-18,MARA
MARA260618P00007000,7.0,0.86,0.76,0.84,42.0,1528.0,0.91992267578125,False,PUT,2026-06-18,MARA
MARA260618P00008000,8.0,1.23,1.13,1.2,27.0,29737.0,0.8867198828124999,False,PUT,2026-06-18,MARA
MARA260618P00009000,9.0,1.65,1.61,1.65,13.0,1289.0,0.867188828125,False,PUT,2026-06-18,MARA
MARA260618P00010000,10.0,2.18,2.15,2.2,372.0,20026.0,0.850587431640625,True,PUT,2026-06-18,MARA
MARA260618P00011000,11.0,2.82,2.78,2.82,69.0,11623.0,0.8378922460937499,True,PUT,2026-06-18,MARA
MARA260618P00012000,12.0,3.4,3.45,3.55,15.0,3943.0,0.831056376953125,True,PUT,2026-06-18,MARA
MARA260918C00007000,7.0,4.46,4.1,4.6,2.0,49.0,1.0664109179687502,True,CALL,2026-09-18,MARA
MARA260918C00008000,8.0,3.69,3.65,3.85,8.0,50.0,1.0087940185546875,True,CALL,2026-09-18,MARA
MARA260918C00009000,9.0,3.35,3.15,3.35,57.0,258.0,0.975586181640625,True,CALL,2026-09-18,MARA
MARA260918C00010000,10.0,2.85,2.68,2.9,85.0,1987.0,0.9423833886718749,False,CALL,2026-09-18,MARA
MARA260918C00011000,11.0,2.59,2.42,2.59,14.0,415.0,0.9536137451171874,False,CALL,2026-09-18,MARA
MARA260918C00012000,12.0,2.25,2.06,2.33,21.0,528.0,0.9423833886718749,False,CALL,2026-09-18,MARA
MARA260918P00007000,7.0,1.22,1.19,1.3,1.0,145.0,0.918946123046875,False,PUT,2026-09-18,MARA
MARA260918P00008000,8.0,1.7,1.63,1.74,7.0,2558.0,0.8945323046874999,False,PUT,2026-09-18,MARA
MARA260918P00009000,9.0,1.95,1.98,2.29,16.0,436.0,0.8535170898437501,False,PUT,2026-09-18,MARA
MARA260918P00010000,10.0,2.75,2.67,2.81,16.0,29933.0,0.84961087890625,True,PUT,2026-09-18,MARA
MARA260918P00011000,11.0,3.37,3.2,3.5,254.0,148.0,0.8295915478515624,True,PUT,2026-09-18,MARA
MARA260918P00012000,12.0,3.9,3.75,4.2,201.0,285.0,0.799806689453125,True,PUT,2026-09-18,MARA
MARA261218C00008000,8.0,4.14,4.0,4.3,11.0,369.0,0.991211025390625,True,CALL,2026-12-18,MARA
MARA261218C00010000,10.0,3.4,3.25,3.55,113.0,980.0,0.9785158398437501,False,CALL,2026-12-18,MARA
MARA261218C00012000,12.0,2.83,2.59,2.9,37.0,1364.0,0.9511723632812499,False,CALL,2026-12-18,MARA
MARA261218P00008000,8.0,2.06,2.02,2.18,1.0,4805.0,0.8974619628906249,False,PUT,2026-12-18,MARA
MARA261218P00010000,10.0,3.25,3.1,3.3,3.0,1761.0,0.8530288134765626,True,PUT,2026-12-18,MARA
MARA261218P00012000,12.0,4.22,4.25,4.7,1.0,613.0,0.81445498046875,True,PUT,2026-12-18,MARA
MARA270115C00008000,8.0,4.4,4.25,4.45,25.0,2556.0,1.0170947583007814,True,CALL,2027-01-15,MARA
MARA270115C00010000,10.0,3.56,3.45,3.7,320.0,5453.0,0.989257919921875,False,CALL,2027-01-15,MARA
MARA270115P00008000,8.0,2.19,2.13,2.25,16.0,18795.0,0.8906260937499999,False,PUT,2027-01-15,MARA
MARA270115P00010000,10.0,3.35,3.3,3.4,35.0,27864.0,0.860352958984375,True,PUT,2027-01-15,MARA
MARA270617C00008000,8.0,5.0,4.85,5.2,10.0,571.0,1.0419969775390627,True,CALL,2027-06-17,MARA
MARA270617C00010000,10.0,4.25,4.1,4.3,6.0,669.0,0.9809572216796876,False,CALL,2027-06-17,MARA
MARA270617P00008000,8.0,2.61,2.62,2.77,12.0,7287.0,0.8828136718749999,False,PUT,2027-06-17,MARA
MARA270617P00010000,10.0,3.7,3.75,4.0,10.0,8936.0,0.8442398388671875,True,PUT,2027-06-17,MARA
MARA271217C00008000,8.0,6.1,5.25,5.95,301.0,619.0,1.0429735351562504,True,CALL,2027-12-17,MARA
MARA271217C00010000,10.0,4.95,4.75,5.0,10.0,701.0,0.9926758544921875,False,CALL,2027-12-17,MARA
MARA271217C00012000,12.0,4.35,4.25,4.5,7.0,1349.0,0.9804689453125001,False,CALL,2027-12-17,MARA
MARA271217P00008000,8.0,3.14,3.05,3.25,2.0,7092.0,0.868165380859375,False,PUT,2027-12-17,MARA
MARA271217P00010000,10.0,4.41,4.15,4.65,1.0,6778.0,0.8354508642578123,True,PUT,2027-12-17,MARA
MARA271217P00012000,12.0,5.6,5.5,5.9,25.0,1845.0,0.7954122021484374,True,PUT,2027-12-17,MARA
MARA280121C00008000,8.0,5.6,5.5,5.65,13.0,2735.0,1.0107471337890623,True,CALL,2028-01-21,MARA
MARA280121C00010000,10.0,5.0,4.85,5.05,86.0,2790.0,0.9853517089843751,False,CALL,2028-01-21,MARA
MARA280121P00008000,8.0,3.21,3.05,3.35,6.0,2078.0,0.85937640625,False,PUT,2028-01-21,MARA
MARA280121P00010000,10.0,4.5,4.35,4.55,3.0,1624.0,0.8256853369140623,True,PUT,2028-01-21,MARA
MBLY260130C00007000,7.0,3.03,1.95,2.63,1.0,1.0,2.9687525781249997,True,CALL,2026-01-30,MBLY
MBLY260130C00007500,7.5,2.55,1.58,2.13,1.0,2.0,2.8593778515625,True,CALL,2026-01-30,MBLY
MBLY260130C00008000,8.0,1.35,1.08,1.44,10.0,9.0,1.609376953125,True,CALL,2026-01-30,MBLY
MBLY260130C00009000,9.0,0.24,0.17,0.26,50.0,147.0,0.51562984375,True,CALL,2026-01-30,MBLY
MBLY260130C00009500,9.5,0.05,0.03,0.08,317.0,69.0,0.5937540625000001,False,CALL,2026-01-30,MBLY
MBLY260130C00010000,10.0,0.03,0.01,0.02,180.0,806.0,0.7500025,False,CALL,2026-01-30,MBLY
MBLY260130C00010500,10.5,0.01,0.0,0.03,147.0,2643.0,1.0625046875000002,False,CALL,2026-01-30,MBLY
MBLY260130C00011000,11.0,0.01,0.0,0.01,17.0,1383.0,1.125004375,False,CALL,2026-01-30,MBLY
MBLY260130C00011500,11.5,0.01,0.0,0.01,15.0,1477.0,1.3750031249999999,False,CALL,2026-01-30,MBLY
MBLY260130P00006500,6.5,0.01,0.0,0.75,,2.0,5.7187528515625,False,PUT,2026-01-30,MBLY
MBLY260130P00007500,7.5,0.07,0.0,0.03,,1.0,1.5625021874999998,False,PUT,2026-01-30,MBLY
MBLY260130P00008000,8.0,0.03,0.0,0.02,5.0,2.0,1.0625046875000002,False,PUT,2026-01-30,MBLY
MBLY260130P00008500,8.5,0.02,0.0,0.02,3.0,146.0,0.6562534375000001,False,PUT,2026-01-30,MBLY
MBLY260130P00009000,9.0,0.05,0.06,0.15,1907.0,2377.0,0.70312796875,False,PUT,2026-01-30,MBLY
MBLY260130P00009500,9.5,0.35,0.3,0.49,78.0,2333.0,0.7656273437500001,True,PUT,2026-01-30,MBLY
MBLY260130P00010000,10.0,0.89,0.76,0.89,94.0,1877.0,0.8437515624999999,True,PUT,2026-01-30,MBLY
MBLY260130P00010500,10.5,1.32,1.23,1.42,19.0,371.0,1.1875040625,True,PUT,2026-01-30,MBLY
MBLY260130P00011000,11.0,1.88,1.75,1.9,24.0,328.0,1.5000025,True,PUT,2026-01-30,MBLY
MBLY260130P00011500,11.5,2.35,2.08,2.63,2.0,32.0,2.1093797265624996,True,PUT,2026-01-30,MBLY
MBLY260206C00007500,7.5,2.32,1.54,2.24,2.0,2.0,1.4492215039062502,True,CALL,2026-02-06,MBLY
MBLY260206C00008000,8.0,2.84,1.04,1.8,,1.0,1.2109414453124998,True,CALL,2026-02-06,MBLY
MBLY260206C00008500,8.5,2.61,0.67,1.31,,28.0,1.0351610742187503,True,CALL,2026-02-06,MBLY
MBLY260206C00009000,9.0,0.44,0.38,0.72,48.0,32.0,0.7773459765625,True,CALL,2026-02-06,MBLY
MBLY260206C00009500,9.5,0.2,0.17,0.23,9.0,16.0,0.5625043750000001,False,CALL,2026-02-06,MBLY
MBLY260206C00010000,10.0,0.09,0.07,0.11,27.0,1710.0,0.5937540625000001,False,CALL,2026-02-06,MBLY
MBLY260206C00010500,10.5,0.04,0.04,0.06,146.0,370.0,0.6640658593750002,False,CALL,2026-02-06,MBLY
MBLY260206C00011000,11.0,0.03,0.02,0.08,30.0,547.0,0.8281267187499999,False,CALL,2026-02-06,MBLY
MBLY260206C00011500,11.5,0.02,0.0,0.02,89.0,2719.0,0.7187528125,False,CALL,2026-02-06,MBLY
MBLY260206P00008000,8.0,0.04,0.0,0.02,1.0,56.0,0.500005,False,PUT,2026-02-06,MBLY
MBLY260206P00008500,8.5,0.05,0.05,0.08,564.0,828.0,0.523442265625,False,PUT,2026-02-06,MBLY
MBLY260206P00009000,9.0,0.24,0.21,0.26,67.0,563.0,0.570316796875,False,PUT,2026-02-06,MBLY
MBLY260206P00009500,9.5,0.54,0.54,0.55,356.0,445.0,0.6425816992187501,True,PUT,2026-02-06,MBLY
MBLY260206P00010000,10.0,0.92,0.89,0.96,122.0,1731.0,0.6757844921875001,True,PUT,2026-02-06,MBLY
MBLY260206P00010500,10.5,1.33,1.36,1.44,3.0,196.0,0.8203142968749999,True,PUT,2026-02-06,MBLY
MBLY260206P00011000,11.0,1.79,1.71,1.96,4.0,106.0,0.7578149218750001,True,PUT,2026-02-06,MBLY
MBLY260206P00011500,11.5,2.2,2.2,2.48,2.0,79.0,0.92187578125,True,PUT,2026-02-06,MBLY
MBLY260213C00008000,8.0,2.81,1.04,1.64,,2.0,0.7539087109375,True,CALL,2026-02-13,MBLY
MBLY260213C00008500,8.5,1.71,0.68,1.13,1.0,5.0,0.6445348046875,True,CALL,2026-02-13,MBLY
MBLY260213C00009000,9.0,1.3,0.47,0.53,3.0,2.0,0.51562984375,True,CALL,2026-02-13,MBLY
MBLY260213C00009500,9.5,0.28,0.26,0.32,4.0,9.0,0.5429733203125001,False,CALL,2026-02-13,MBLY
MBLY260213C00010000,10.0,0.17,0.14,0.2,17.0,82.0,0.5800823242187501,False,CALL,2026-02-13,MBLY
MBLY260213C00010500,10.5,0.1,0.07,0.15,5.0,432.0,0.6367223828125,False,CALL,2026-02-13,MBLY
MBLY260213C00011000,11.0,0.05,0.04,0.2,2.0,706.0,0.7929708203125,False,CALL,2026-02-13,MBLY
MBLY260213C00011500,11.5,0.13,0.02,0.1,16.0,250.0,0.7617211328125001,False,CALL,2026-02-13,MBLY
MBLY260213P00008000,8.0,0.05,0.04,0.05,359.0,24.0,0.523442265625,False,PUT,2026-02-13,MBLY
MBLY260213P00008500,8.5,0.14,0.13,0.17,12.0,1115.0,0.55273884765625,False,PUT,2026-02-13,MBLY
MBLY260213P00009000,9.0,0.28,0.3,0.37,128.0,75.0,0.5625043750000001,False,PUT,2026-02-13,MBLY
MBLY260213P00009500,9.5,0.62,0.57,0.64,6.0,174.0,0.5625043750000001,True,PUT,2026-02-13,MBLY
MBLY260213P00010000,10.0,1.01,0.79,1.04,12.0,165.0,0.6875031250000001,True,PUT,2026-02-13,MBLY
MBLY260213P00010500,10.5,1.38,1.38,1.47,1.0,86.0,0.6640658593750002,True,PUT,2026-02-13,MBLY
MBLY260213P00011000,11.0,1.11,1.74,1.97,1.0,86.0,0.632816171875,True,PUT,2026-02-13,MBLY
MBLY260213P00011500,11.5,1.81,2.22,2.48,130.0,139.0,0.726565234375,True,PUT,2026-02-13,MBLY
MBLY260220C00007000,7.0,3.34,2.04,2.63,1.0,1.0,0.9882813671875,True,CALL,2026-02-20,MBLY
MBLY260220C00008000,8.0,1.86,1.2,1.71,1.0,30.0,0.8125018749999999,True,CALL,2026-02-20,MBLY
MBLY260220C00008500,8.5,1.23,0.84,0.94,42.0,124.0,0.51562984375,True,CALL,2026-02-20,MBLY
MBLY260220C00009000,9.0,0.56,0.53,0.59,136.0,424.0,0.5312546875,True,CALL,2026-02-20,MBLY
MBLY260220C00009500,9.5,0.4,0.32,0.37,19.0,68.0,0.5136767382812499,False,CALL,2026-02-20,MBLY
MBLY260220C00010000,10.0,0.25,0.19,0.25,11.0,847.0,0.5468795312500001,False,CALL,2026-02-20,MBLY
MBLY260220C00010500,10.5,0.15,0.11,0.16,8.0,564.0,0.570316796875,False,CALL,2026-02-20,MBLY
MBLY260220C00011000,11.0,0.1,0.08,0.12,185.0,3959.0,0.6250037500000001,False,CALL,2026-02-20,MBLY
MBLY260220C00011500,11.5,0.08,0.05,0.1,2.0,344.0,0.6718782812500002,False,CALL,2026-02-20,MBLY
MBLY260220P00007000,7.0,0.01,0.0,0.01,1.0,225.0,0.500005,False,PUT,2026-02-20,MBLY
MBLY260220P00007500,7.5,0.02,0.0,0.07,6.0,13.0,0.5468795312500001,False,PUT,2026-02-20,MBLY
MBLY260220P00008000,8.0,0.07,0.07,0.1,34.0,247.0,0.5273484765625001,False,PUT,2026-02-20,MBLY
MBLY260220P00008500,8.5,0.21,0.18,0.25,63.0,167.0,0.5507857421875001,False,PUT,2026-02-20,MBLY
MBLY260220P00009000,9.0,0.37,0.38,0.42,183.0,9643.0,0.5429733203125001,False,PUT,2026-02-20,MBLY
MBLY260220P00009500,9.5,0.7,0.64,0.72,28.0,348.0,0.5507857421875001,True,PUT,2026-02-20,MBLY
MBLY260220P00010000,10.0,1.05,1.01,1.09,120.0,2889.0,0.585941640625,True,PUT,2026-02-20,MBLY
MBLY260220P00010500,10.5,1.1,1.2,1.72,12.0,500.0,0.6093789062500001,True,PUT,2026-02-20,MBLY
MBLY260220P00011000,11.0,1.92,1.83,2.01,16.0,4884.0,0.6601596484375001,True,PUT,2026-02-20,MBLY
MBLY260220P00011500,11.5,1.6,2.2,2.49,19.0,11.0,0.5937540625000001,True,PUT,2026-02-20,MBLY
MBLY260227C00007000,7.0,3.2,2.04,2.56,2.0,3.0,0.789064609375,True,CALL,2026-02-27,MBLY
MBLY260227C00008500,8.5,2.95,0.89,1.02,1.0,2.0,0.5273484765625001,True,CALL,2026-02-27,MBLY
MBLY260227C00009000,9.0,1.26,0.62,0.82,1.0,1.0,0.5918009570312501,True,CALL,2026-02-27,MBLY
MBLY260227C00009500,9.5,0.45,0.41,0.46,2.0,36.0,0.5351608984375,False,CALL,2026-02-27,MBLY
MBLY260227C00010000,10.0,0.32,0.26,0.33,53.0,228.0,0.56055126953125,False,CALL,2026-02-27,MBLY
MBLY260227C00010500,10.5,0.46,0.15,1.25,8.0,70.0,1.109379453125,False,CALL,2026-02-27,MBLY
MBLY260227C00011000,11.0,0.16,0.1,0.17,16.0,210.0,0.6015664843750002,False,CALL,2026-02-27,MBLY
MBLY260227C00011500,11.5,0.12,0.05,0.32,12.0,203.0,0.7695335546875001,False,CALL,2026-02-27,MBLY
MBLY260227P00007500,7.5,0.06,0.05,0.07,128.0,66.0,0.5507857421875001,False,PUT,2026-02-27,MBLY
MBLY260227P00008000,8.0,0.14,0.12,0.17,33.0,356.0,0.5585981640625001,False,PUT,2026-02-27,MBLY
MBLY260227P00008500,8.5,0.12,0.25,0.28,170.0,176.0,0.5390671093750001,False,PUT,2026-02-27,MBLY
MBLY260227P00009000,9.0,0.45,0.43,0.47,8.0,162.0,0.523442265625,False,PUT,2026-02-27,MBLY
MBLY260227P00009500,9.5,0.5,0.73,0.78,7.0,89.0,0.5546919531250001,True,PUT,2026-02-27,MBLY
MBLY260227P00010000,10.0,0.65,1.06,1.19,7.0,108.0,0.5918009570312501,True,PUT,2026-02-27,MBLY
MBLY260227P00010500,10.5,1.03,1.41,1.61,100.0,88.0,0.5937540625000001,True,PUT,2026-02-27,MBLY
MBLY260227P00011000,11.0,1.4,1.7,2.13,8.0,32.0,0.570316796875,True,PUT,2026-02-27,MBLY
MBLY260227P00011500,11.5,1.75,2.2,2.5,1.0,11.0,0.5312546875,True,PUT,2026-02-27,MBLY
MBLY260306C00007500,7.5,2.5,1.66,2.15,5.0,5.0,0.73633076171875,True,CALL,2026-03-06,MBLY
MBLY260306C00008000,8.0,2.04,1.18,1.89,10.0,10.0,0.7304714453125,True,CALL,2026-03-06,MBLY
MBLY260306C00010000,10.0,0.37,0.31,0.44,5.0,121.0,0.57812921875,False,CALL,2026-03-06,MBLY
MBLY260306C00010500,10.5,0.5,0.22,0.32,11.0,96.0,0.5976602734375001,False,CALL,2026-03-06,MBLY
MBLY260306C00011000,11.0,0.3,0.15,0.23,13.0,28.0,0.6113320117187502,False,CALL,2026-03-06,MBLY
MBLY260306C00011500,11.5,0.12,0.1,0.16,1.0,52.0,0.6191444335937502,False,CALL,2026-03-06,MBLY
MBLY260306P00009000,9.0,0.51,0.51,0.6,5.0,17.0,0.5625043750000001,False,PUT,2026-03-06,MBLY
MBLY260306P00009500,9.5,0.55,0.79,0.95,23.0,35.0,0.5996133789062501,True,PUT,2026-03-06,MBLY
MBLY260306P00010000,10.0,0.89,0.94,1.22,4.0,12.0,0.6191444335937502,True,PUT,2026-03-06,MBLY
MBLY260306P00010500,10.5,1.52,1.36,1.64,15.0,3.0,0.52539537109375,True,PUT,2026-03-06,MBLY
MBLY260320C00007000,7.0,3.24,2.18,2.98,2.0,9.0,0.97460962890625,True,CALL,2026-03-20,MBLY
MBLY260320C00008000,8.0,1.45,1.38,2.19,1.0,2.0,0.8476577734374999,True,CALL,2026-03-20,MBLY
MBLY260320C00009000,9.0,0.82,0.81,0.86,29.0,58.0,0.5390671093750001,True,CALL,2026-03-20,MBLY
MBLY260320C00010000,10.0,0.47,0.45,0.48,76.0,2082.0,0.5625043750000001,False,CALL,2026-03-20,MBLY
MBLY260320C00011000,11.0,0.26,0.24,0.28,304.0,1237.0,0.5898478515625001,False,CALL,2026-03-20,MBLY
MBLY260320P00007000,7.0,0.06,0.06,0.74,16.0,20.0,0.99804689453125,False,PUT,2026-03-20,MBLY
MBLY260320P00008000,8.0,0.23,0.23,0.27,130.0,127.0,0.5410202148437502,False,PUT,2026-03-20,MBLY
MBLY260320P00009000,9.0,0.61,0.62,0.66,86.0,781.0,0.5429733203125001,False,PUT,2026-03-20,MBLY
MBLY260320P00010000,10.0,1.22,1.23,1.27,33.0,819.0,0.5507857421875001,True,PUT,2026-03-20,MBLY
MBLY260320P00011000,11.0,2.05,1.98,2.14,11.0,344.0,0.5898478515625001,True,PUT,2026-03-20,MBLY
MBLY260515C00007000,7.0,3.7,2.41,2.89,6.0,18.0,0.726565234375,True,CALL,2026-05-15,MBLY
MBLY260515C00008000,8.0,2.59,1.78,2.19,2.0,64.0,0.7041045214843751,True,CALL,2026-05-15,MBLY
MBLY260515C00009000,9.0,1.28,1.27,1.3,13.0,1122.0,0.6044961425781252,True,CALL,2026-05-15,MBLY
MBLY260515C00010000,10.0,0.96,0.88,0.94,59.0,433.0,0.6152382226562501,False,CALL,2026-05-15,MBLY
MBLY260515C00011000,11.0,0.62,0.61,0.64,1631.0,5613.0,0.6171913281250001,False,CALL,2026-05-15,MBLY
MBLY260515P00007000,7.0,0.3,0.27,0.33,4.0,51.0,0.6093789062500001,False,PUT,2026-05-15,MBLY
MBLY260515P00008000,8.0,0.57,0.54,0.6,18.0,808.0,0.57617611328125,False,PUT,2026-05-15,MBLY
MBLY260515P00009000,9.0,1.02,1.01,1.08,66.0,1596.0,0.5839885351562499,False,PUT,2026-05-15,MBLY
MBLY260515P00010000,10.0,1.63,1.62,1.67,20.0,1250.0,0.5830119824218749,True,PUT,2026-05-15,MBLY
MBLY260515P00011000,11.0,2.35,2.28,2.55,77.0,3864.0,0.6123085644531252,True,PUT,2026-05-15,MBLY
MBLY260618C00007000,7.0,3.17,2.6,3.05,1.0,35.0,0.743166630859375,True,CALL,2026-06-18,MBLY
MBLY260618C00008000,8.0,2.05,1.94,2.08,4.0,163.0,0.6259803027343751,True,CALL,2026-06-18,MBLY
MBLY260618C00009000,9.0,1.47,1.44,1.51,148.0,152.0,0.6123085644531252,True,CALL,2026-06-18,MBLY
MBLY260618C00010000,10.0,1.11,1.04,1.13,9.0,2634.0,0.6132851171875001,False,CALL,2026-06-18,MBLY
MBLY260618C00011000,11.0,0.82,0.76,0.83,3.0,691.0,0.6162147753906251,False,CALL,2026-06-18,MBLY
MBLY260618P00007000,7.0,0.37,0.37,0.42,15.0,93.0,0.596683720703125,False,PUT,2026-06-18,MBLY
MBLY260618P00008000,8.0,0.71,0.69,0.75,56.0,1381.0,0.5800823242187501,False,PUT,2026-06-18,MBLY
MBLY260618P00009000,9.0,1.15,1.14,1.23,1.0,436.0,0.5712933496093751,False,PUT,2026-06-18,MBLY
MBLY260618P00010000,10.0,1.7,1.74,1.8,225.0,1981.0,0.5625043750000001,True,PUT,2026-06-18,MBLY
MBLY260618P00011000,11.0,2.43,2.44,2.53,1.0,692.0,0.5654340332031251,True,PUT,2026-06-18,MBLY
MBLY260821C00008000,8.0,3.05,2.22,2.48,2.0,10.0,0.6621127539062501,True,CALL,2026-08-21,MBLY
MBLY260821C00009000,9.0,1.82,1.69,1.85,132.0,131.0,0.6186561572265626,True,CALL,2026-08-21,MBLY
MBLY260821C00010000,10.0,1.4,1.3,1.48,9.0,1217.0,0.6191444335937502,False,CALL,2026-08-21,MBLY
MBLY260821C00011000,11.0,1.1,1.06,1.28,115.0,260.0,0.6499058447265625,False,CALL,2026-08-21,MBLY
MBLY260821P00007000,7.0,0.45,0.53,0.61,1.0,11.0,0.58789474609375,False,PUT,2026-08-21,MBLY
MBLY260821P00008000,8.0,0.86,0.88,1.0,9.0,75.0,0.5742230078125,False,PUT,2026-08-21,MBLY
MBLY260821P00009000,9.0,1.36,1.36,1.53,768.0,185.0,0.5712933496093751,False,PUT,2026-08-21,MBLY
MBLY260821P00010000,10.0,2.0,1.93,2.17,3.0,1097.0,0.56836369140625,True,PUT,2026-08-21,MBLY
MBLY260821P00011000,11.0,2.5,2.62,2.82,3.0,50.0,0.5576216113281252,True,PUT,2026-08-21,MBLY
MBLY261120C00008000,8.0,2.6,2.55,2.64,522.0,90.0,0.6362341064453125,True,CALL,2026-11-20,MBLY
MBLY261120C00010000,10.0,1.79,1.69,1.85,43.0,2999.0,0.63086306640625,False,CALL,2026-11-20,MBLY
MBLY261120P00008000,8.0,0.99,1.14,1.25,1.0,601.0,0.5668988623046876,False,PUT,2026-11-20,MBLY
MBLY261120P00010000,10.0,2.01,2.22,2.38,604.0,3677.0,0.5488326367187502,True,PUT,2026-11-20,MBLY
MBLY270115C00008000,8.0,2.87,2.73,2.94,183.0,3196.0,0.6601596484375001,True,CALL,2027-01-15,MBLY
MBLY270115C00010000,10.0,1.96,1.9,2.05,80.0,2217.0,0.6362341064453125,False,CALL,2027-01-15,MBLY
MBLY270115P00008000,8.0,1.32,1.27,1.35,14.0,1507.0,0.5566450585937501,False,PUT,2027-01-15,MBLY
MBLY270115P00010000,10.0,2.45,2.33,2.54,1.0,7777.0,0.5410202148437502,True,PUT,2027-01-15,MBLY
MBLY280121C00008000,8.0,3.85,3.7,4.0,18.0,367.0,0.69336244140625,True,CALL,2028-01-21,MBLY
MBLY280121C00010000,10.0,3.2,3.0,3.35,48.0,1222.0,0.6865265722656251,False,CALL,2028-01-21,MBLY
MBLY280121P00008000,8.0,2.06,1.83,2.16,7.0,3709.0,0.5419967675781252,False,PUT,2028-01-21,MBLY
MBLY280121P00010000,10.0,3.16,2.99,3.45,6.0,594.0,0.5327195166015625,True,PUT,2028-01-21,MBLY
MDLZ260130C00050000,50.0,8.88,5.7,9.6,2.0,2.0,0.7500025,True,CALL,2026-01-30,MDLZ
MDLZ260130C00051000,51.0,7.42,4.7,8.4,1.0,1.0,2.6777376806640625,True,CALL,2026-01-30,MDLZ
MDLZ260130C00052000,52.0,5.88,5.1,6.6,1.0,39.0,1.08203583984375,True,CALL,2026-01-30,MDLZ
MDLZ260130C00053000,53.0,5.0,4.3,5.6,1.0,11.0,1.0488328808593752,True,CALL,2026-01-30,MDLZ
MDLZ260130C00054000,54.0,3.8,3.3,3.9,32.0,86.0,0.8320329296874999,True,CALL,2026-01-30,MDLZ
MDLZ260130C00055000,55.0,2.89,2.35,3.5,1.0,48.0,0.6914093359375001,True,CALL,2026-01-30,MDLZ
MDLZ260130C00056000,56.0,1.75,0.85,2.1,3.0,243.0,0.64648791015625,True,CALL,2026-01-30,MDLZ
MDLZ260130C00057000,57.0,2.25,0.6,1.3,5.0,410.0,0.5566450585937501,True,CALL,2026-01-30,MDLZ
MDLZ260130C00058000,58.0,0.4,0.1,0.3,4.0,768.0,0.266608896484375,False,CALL,2026-01-30,MDLZ
MDLZ260130C00059000,59.0,0.1,0.05,0.2,4.0,190.0,0.38867798828125,False,CALL,2026-01-30,MDLZ
MDLZ260130C00060000,60.0,0.04,0.0,0.05,8.0,1432.0,0.367193828125,False,CALL,2026-01-30,MDLZ
MDLZ260130C00061000,61.0,0.05,0.0,0.05,8.0,33.0,0.4804739453125,False,CALL,2026-01-30,MDLZ
MDLZ260130C00062000,62.0,0.07,0.0,0.5,1.0,2.0,0.8710950390625,False,CALL,2026-01-30,MDLZ
MDLZ260130P00043000,43.0,0.05,0.0,2.15,,1.0,3.8066411083984377,False,PUT,2026-01-30,MDLZ
MDLZ260130P00045000,45.0,0.06,0.0,2.15,,2.0,3.3769546826171872,False,PUT,2026-01-30,MDLZ
MDLZ260130P00048000,48.0,0.18,0.0,0.75,1.0,5.0,1.958984580078125,False,PUT,2026-01-30,MDLZ
MDLZ260130P00049000,49.0,0.26,0.0,0.75,1.0,9.0,1.79296978515625,False,PUT,2026-01-30,MDLZ
MDLZ260130P00050000,50.0,0.04,0.0,1.0,7.0,27.0,1.7753917480468748,False,PUT,2026-01-30,MDLZ
MDLZ260130P00051000,51.0,0.03,0.0,1.0,9.0,145.0,1.5996113769531248,False,PUT,2026-01-30,MDLZ
MDLZ260130P00052000,52.0,0.1,0.0,1.2,1.0,94.0,1.5195336523437497,False,PUT,2026-01-30,MDLZ
MDLZ260130P00053000,53.0,0.05,0.0,1.0,5.0,33.0,1.2441444042968748,False,PUT,2026-01-30,MDLZ
MDLZ260130P00054000,54.0,0.1,0.0,0.45,2.0,30.0,0.8007832421875,False,PUT,2026-01-30,MDLZ
MDLZ260130P00055000,55.0,0.02,0.0,1.2,3.0,40.0,0.9521489160156249,False,PUT,2026-01-30,MDLZ
MDLZ260130P00056000,56.0,0.15,0.0,0.1,3.0,23.0,0.35352208984374994,False,PUT,2026-01-30,MDLZ
MDLZ260130P00057000,57.0,0.15,0.1,0.2,400.0,42.0,0.266608896484375,False,PUT,2026-01-30,MDLZ
MDLZ260130P00058000,58.0,0.54,0.45,0.7,3.0,61.0,0.29492892578124996,True,PUT,2026-01-30,MDLZ
MDLZ260130P00059000,59.0,1.42,0.65,1.65,1.0,2.0,0.46191944335937507,True,PUT,2026-01-30,MDLZ
MDLZ260130P00060000,60.0,2.28,1.2,3.8,6.0,14.0,1.408206083984375,True,PUT,2026-01-30,MDLZ
MDLZ260130P00061000,61.0,7.2,1.4,4.9,,0.0,1.6689469677734377,True,PUT,2026-01-30,MDLZ
MDLZ260206C00052000,52.0,4.8,5.0,7.8,2.0,2.0,0.7832052929687501,True,CALL,2026-02-06,MDLZ
MDLZ260206C00053000,53.0,5.79,3.4,6.8,2.0,3.0,0.5664105859375,True,CALL,2026-02-06,MDLZ
MDLZ260206C00054000,54.0,3.9,3.7,4.1,18.0,35.0,0.48242705078125003,True,CALL,2026-02-06,MDLZ
MDLZ260206C00055000,55.0,4.25,2.4,4.0,1.0,14.0,0.6962920996093751,True,CALL,2026-02-06,MDLZ
MDLZ260206C00056000,56.0,2.2,1.95,2.3,38.0,88.0,0.370123486328125,True,CALL,2026-02-06,MDLZ
MDLZ260206C00057000,57.0,2.85,1.35,1.6,1.0,112.0,0.348639326171875,True,CALL,2026-02-06,MDLZ
MDLZ260206C00058000,58.0,1.32,0.85,1.05,5.0,208.0,0.3364324169921875,False,CALL,2026-02-06,MDLZ
MDLZ260206C00059000,59.0,0.6,0.45,0.65,7.0,12.0,0.331061376953125,False,CALL,2026-02-06,MDLZ
MDLZ260206C00060000,60.0,0.35,0.25,0.4,42.0,121.0,0.335944140625,False,CALL,2026-02-06,MDLZ
MDLZ260206C00061000,61.0,0.22,0.1,0.25,124.0,246.0,0.34668622070312494,False,CALL,2026-02-06,MDLZ
MDLZ260206C00062000,62.0,0.2,0.05,0.3,7.0,9.0,0.43555251953125,False,CALL,2026-02-06,MDLZ
MDLZ260206P00043000,43.0,0.31,0.0,0.5,6.0,2.0,1.2089883300781248,False,PUT,2026-02-06,MDLZ
MDLZ260206P00045000,45.0,0.05,0.0,1.2,,1.0,1.3222690136718749,False,PUT,2026-02-06,MDLZ
MDLZ260206P00048000,48.0,0.33,0.0,1.95,2.0,8.0,1.2509803076171875,False,PUT,2026-02-06,MDLZ
MDLZ260206P00049000,49.0,0.19,0.0,0.5,1.0,23.0,0.7578149218750001,False,PUT,2026-02-06,MDLZ
MDLZ260206P00050000,50.0,0.05,0.0,0.05,2.0,89.0,0.48828636718750007,False,PUT,2026-02-06,MDLZ
MDLZ260206P00051000,51.0,1.06,0.0,1.2,4.0,18.0,0.8027363476562499,False,PUT,2026-02-06,MDLZ
MDLZ260206P00052000,52.0,0.07,0.05,0.15,41.0,48.0,0.47070841796875,False,PUT,2026-02-06,MDLZ
MDLZ260206P00053000,53.0,0.15,0.05,0.2,3.0,64.0,0.43555251953125,False,PUT,2026-02-06,MDLZ
MDLZ260206P00054000,54.0,0.2,0.15,0.4,2.0,13.0,0.45898978515625005,False,PUT,2026-02-06,MDLZ
MDLZ260206P00055000,55.0,0.4,0.25,0.4,3.0,19.0,0.37500625,False,PUT,2026-02-06,MDLZ
MDLZ260206P00056000,56.0,0.6,0.45,0.6,47.0,94.0,0.352545537109375,False,PUT,2026-02-06,MDLZ
MDLZ260206P00057000,57.0,0.9,0.75,0.95,400.0,10.0,0.34717449707031245,False,PUT,2026-02-06,MDLZ
MDLZ260206P00059000,59.0,1.88,1.8,2.05,2.0,17.0,0.344733115234375,True,PUT,2026-02-06,MDLZ
MDLZ260206P00062000,62.0,4.6,2.45,5.9,,1.0,0.8740246972656249,True,PUT,2026-02-06,MDLZ
MDLZ260213C00045000,45.0,11.5,11.6,14.7,2.0,6.0,0.9443364941406249,True,CALL,2026-02-13,MDLZ
MDLZ260213C00052000,52.0,6.57,5.4,7.1,3.0,2.0,0.5390671093750001,True,CALL,2026-02-13,MDLZ
MDLZ260213C00053000,53.0,4.31,3.8,6.9,,5.0,0.5039112109375,True,CALL,2026-02-13,MDLZ
MDLZ260213C00054000,54.0,3.3,3.5,5.4,3.0,6.0,0.6997100341796876,True,CALL,2026-02-13,MDLZ
MDLZ260213C00055000,55.0,3.39,2.7,3.9,6.0,30.0,0.4985401708984375,True,CALL,2026-02-13,MDLZ
MDLZ260213C00056000,56.0,3.25,2.2,2.55,2.0,18.0,0.335944140625,True,CALL,2026-02-13,MDLZ
MDLZ260213C00057000,57.0,1.75,1.55,1.8,4.0,71.0,0.30371790039062496,True,CALL,2026-02-13,MDLZ
MDLZ260213C00058000,58.0,1.21,1.05,1.3,12.0,12.0,0.304694453125,False,CALL,2026-02-13,MDLZ
MDLZ260213C00059000,59.0,0.66,0.65,0.85,4.0,18.0,0.2929758203124999,False,CALL,2026-02-13,MDLZ
MDLZ260213C00060000,60.0,0.5,0.35,0.55,1.0,35.0,0.2910227148437499,False,CALL,2026-02-13,MDLZ
MDLZ260213C00061000,61.0,0.5,0.2,0.4,3.0,87.0,0.30811238769531246,False,CALL,2026-02-13,MDLZ
MDLZ260213C00062000,62.0,0.4,0.1,0.3,2.0,4.0,0.32617861328125,False,CALL,2026-02-13,MDLZ
MDLZ260213C00063000,63.0,0.15,0.05,0.75,15.0,21.0,0.51562984375,False,CALL,2026-02-13,MDLZ
MDLZ260213C00064000,64.0,0.05,0.0,0.55,1.0,1.0,0.5063525927734375,False,CALL,2026-02-13,MDLZ
MDLZ260213P00047000,47.0,0.3,0.0,0.95,1.0,3.0,0.8027363476562499,False,PUT,2026-02-13,MDLZ
MDLZ260213P00048000,48.0,0.3,0.0,0.95,1.0,34.0,0.7402369726562499,False,PUT,2026-02-13,MDLZ
MDLZ260213P00049000,49.0,0.75,0.0,0.95,1.0,21.0,0.6787141503906251,False,PUT,2026-02-13,MDLZ
MDLZ260213P00050000,50.0,0.55,0.0,0.75,,2.0,0.5742230078125,False,PUT,2026-02-13,MDLZ
MDLZ260213P00051000,51.0,0.15,0.0,0.95,1.0,22.0,0.5556685058593751,False,PUT,2026-02-13,MDLZ
MDLZ260213P00052000,52.0,0.2,0.0,0.75,1.0,18.0,0.585941640625,False,PUT,2026-02-13,MDLZ
MDLZ260213P00053000,53.0,0.3,0.0,1.55,3.0,4.0,0.524418818359375,False,PUT,2026-02-13,MDLZ
MDLZ260213P00054000,54.0,0.3,0.2,0.6,1.0,66.0,0.405279384765625,False,PUT,2026-02-13,MDLZ
MDLZ260213P00055000,55.0,0.26,0.35,0.55,2.0,4.0,0.3232489550781249,False,PUT,2026-02-13,MDLZ
MDLZ260213P00056000,56.0,0.7,0.55,0.75,4.0,22.0,0.3002999658203125,False,PUT,2026-02-13,MDLZ
MDLZ260213P00057000,57.0,0.71,0.95,1.1,1.0,37.0,0.29224340576171864,False,PUT,2026-02-13,MDLZ
MDLZ260213P00058000,58.0,1.4,1.3,1.6,,2.0,0.2929758203124999,True,PUT,2026-02-13,MDLZ
MDLZ260213P00059000,59.0,1.8,1.9,2.2,36.0,102.0,0.29175512939453113,True,PUT,2026-02-13,MDLZ
MDLZ260213P00060000,60.0,2.4,2.65,3.1,1.0,1.0,0.33887379882812496,True,PUT,2026-02-13,MDLZ
MDLZ260213P00064000,64.0,11.03,5.1,6.9,,0.0,0.5048877636718749,True,PUT,2026-02-13,MDLZ
MDLZ260220C00045000,45.0,7.2,11.4,14.5,2.0,2.0,0.6914093359375001,True,CALL,2026-02-20,MDLZ
MDLZ260220C00050000,50.0,9.0,6.7,9.9,2.0,11.0,0.5727581787109376,True,CALL,2026-02-20,MDLZ
MDLZ260220C00052500,52.5,5.46,5.2,5.6,3.0,63.0,0.3803772900390625,True,CALL,2026-02-20,MDLZ
MDLZ260220C00055000,55.0,3.56,3.1,3.5,1.0,472.0,0.3354558642578125,True,CALL,2026-02-20,MDLZ
MDLZ260220C00056000,56.0,3.1,2.4,2.65,3.0,3.0,0.29932341308593746,True,CALL,2026-02-20,MDLZ
MDLZ260220C00057000,57.0,1.88,1.8,2.0,,1.0,0.28882547119140617,True,CALL,2026-02-20,MDLZ
MDLZ260220C00057500,57.5,1.85,1.55,1.7,13.0,563.0,0.282233740234375,True,CALL,2026-02-20,MDLZ
MDLZ260220C00058000,58.0,1.55,1.25,1.45,7.0,39.0,0.28003649658203117,False,CALL,2026-02-20,MDLZ
MDLZ260220C00059000,59.0,1.0,0.8,1.0,2.0,122.0,0.27149166015625,False,CALL,2026-02-20,MDLZ
MDLZ260220C00060000,60.0,0.68,0.45,0.7,2.0,582.0,0.273444765625,False,CALL,2026-02-20,MDLZ
MDLZ260220C00061000,61.0,0.65,0.25,0.5,3.0,65.0,0.28076891113281244,False,CALL,2026-02-20,MDLZ
MDLZ260220C00062000,62.0,0.25,0.15,0.35,3.0,58.0,0.2866282275390625,False,CALL,2026-02-20,MDLZ
MDLZ260220C00062500,62.5,0.33,0.1,0.3,6.0,40.0,0.2919992675781249,False,CALL,2026-02-20,MDLZ
MDLZ260220C00063000,63.0,0.25,0.05,0.25,1.0,7.0,0.29492892578124996,False,CALL,2026-02-20,MDLZ
MDLZ260220C00064000,64.0,0.15,0.0,1.0,,26.0,0.5312546875,False,CALL,2026-02-20,MDLZ
MDLZ260220C00065000,65.0,0.1,0.0,0.25,2.0,9.0,0.36524072265625,False,CALL,2026-02-20,MDLZ
MDLZ260220C00070000,70.0,0.05,0.0,0.75,2.0,5.0,0.5737347314453125,False,CALL,2026-02-20,MDLZ
MDLZ260220P00045000,45.0,0.2,0.0,1.05,,1.0,0.795900478515625,False,PUT,2026-02-20,MDLZ
MDLZ260220P00046000,46.0,0.05,0.0,1.0,,5.0,0.7324245507812499,False,PUT,2026-02-20,MDLZ
MDLZ260220P00047500,47.5,0.02,0.0,1.2,2.0,137.0,0.6904327832031252,False,PUT,2026-02-20,MDLZ
MDLZ260220P00050000,50.0,0.27,0.05,0.25,1.0,1024.0,0.428716650390625,False,PUT,2026-02-20,MDLZ
MDLZ260220P00051000,51.0,0.2,0.0,1.2,,2.0,0.5019581054687501,False,PUT,2026-02-20,MDLZ
MDLZ260220P00052000,52.0,0.2,0.0,2.3,1.0,2.0,0.5864299169921875,False,PUT,2026-02-20,MDLZ
MDLZ260220P00052500,52.5,0.22,0.15,0.25,2.0,528.0,0.3139717041015625,False,PUT,2026-02-20,MDLZ
MDLZ260220P00053000,53.0,0.26,0.15,0.3,1.0,11.0,0.30762411132812495,False,PUT,2026-02-20,MDLZ
MDLZ260220P00054000,54.0,0.45,0.25,0.45,10.0,31.0,0.3007882421875,False,PUT,2026-02-20,MDLZ
MDLZ260220P00055000,55.0,0.5,0.4,0.65,2.0,2275.0,0.2919992675781249,False,PUT,2026-02-20,MDLZ
MDLZ260220P00056000,56.0,0.95,0.6,0.9,2.0,26.0,0.27930408203124996,False,PUT,2026-02-20,MDLZ
MDLZ260220P00057000,57.0,1.05,1.0,1.3,6.0,25.0,0.27930408203124996,False,PUT,2026-02-20,MDLZ
MDLZ260220P00057500,57.5,1.22,1.35,1.45,101.0,74.0,0.26392337646484376,False,PUT,2026-02-20,MDLZ
MDLZ260220P00058000,58.0,0.92,1.45,1.75,2.0,42.0,0.270515107421875,True,PUT,2026-02-20,MDLZ
MDLZ260220P00059000,59.0,1.55,2.0,2.35,10.0,31.0,0.27075924560546877,True,PUT,2026-02-20,MDLZ
MDLZ260220P00060000,60.0,2.85,2.7,3.1,7.0,13.0,0.2827220166015625,True,PUT,2026-02-20,MDLZ
MDLZ260220P00062500,62.5,4.5,4.1,5.4,4.0,4.0,0.3588931298828125,True,PUT,2026-02-20,MDLZ
MDLZ260220P00065000,65.0,10.98,6.1,8.7,380.0,0.0,0.6513706738281251,True,PUT,2026-02-20,MDLZ
MDLZ260220P00070000,70.0,16.65,10.4,14.2,91.0,0.0,0.96679720703125,True,PUT,2026-02-20,MDLZ
MDLZ260227C00045000,45.0,12.8,10.9,14.8,8.0,4.0,0.55273884765625,True,CALL,2026-02-27,MDLZ
MDLZ260227C00052000,52.0,6.2,5.4,8.1,4.0,1.0,0.5043994873046875,True,CALL,2026-02-27,MDLZ
MDLZ260227C00054000,54.0,4.21,3.0,6.0,4.0,4.0,0.6132851171875001,True,CALL,2026-02-27,MDLZ
MDLZ260227C00055000,55.0,3.51,3.2,3.6,10.0,54.0,0.31153032226562494,True,CALL,2026-02-27,MDLZ
MDLZ260227C00056000,56.0,3.2,2.5,2.8,1.0,10.0,0.2866282275390625,True,CALL,2026-02-27,MDLZ
MDLZ260227C00057000,57.0,2.0,1.9,2.15,,0.0,0.2758861474609374,True,CALL,2026-02-27,MDLZ
MDLZ260227C00058000,58.0,2.55,1.35,1.6,1.0,2.0,0.26807372558593745,False,CALL,2026-02-27,MDLZ
MDLZ260227C00059000,59.0,1.22,0.9,1.15,,1.0,0.26148199462890626,False,CALL,2026-02-27,MDLZ
MDLZ260227C00060000,60.0,1.29,0.6,0.8,3.0,83.0,0.256843369140625,False,CALL,2026-02-27,MDLZ
MDLZ260227C00061000,61.0,0.55,0.35,0.6,2.0,3.0,0.26563234375,False,CALL,2026-02-27,MDLZ
MDLZ260227C00062000,62.0,0.62,0.2,0.45,2.0,13.0,0.274421318359375,False,CALL,2026-02-27,MDLZ
MDLZ260227C00063000,63.0,0.35,0.15,0.8,1.0,11.0,0.38672488281249995,False,CALL,2026-02-27,MDLZ
MDLZ260227C00065000,65.0,0.11,0.0,2.25,,2.0,0.5278367529296876,False,CALL,2026-02-27,MDLZ
MDLZ260227P00045000,45.0,0.45,0.0,1.15,,3.0,0.7153348779296875,False,PUT,2026-02-27,MDLZ
MDLZ260227P00049000,49.0,0.15,0.1,0.25,5.0,11.0,0.415044912109375,False,PUT,2026-02-27,MDLZ
MDLZ260227P00051000,51.0,0.45,0.0,1.65,,5.0,0.6704134521484376,False,PUT,2026-02-27,MDLZ
MDLZ260227P00052000,52.0,0.4,0.15,1.15,1.0,24.0,0.5136767382812499,False,PUT,2026-02-27,MDLZ
MDLZ260227P00053000,53.0,0.3,0.25,0.45,1.0,7.0,0.3090889404296875,False,PUT,2026-02-27,MDLZ
MDLZ260227P00054000,54.0,0.5,0.35,0.55,2.0,34.0,0.2854075366210937,False,PUT,2026-02-27,MDLZ
MDLZ260227P00055000,55.0,0.55,0.5,0.75,1.0,24.0,0.274421318359375,False,PUT,2026-02-27,MDLZ
MDLZ260227P00056000,56.0,0.65,0.8,1.0,1.0,2.0,0.2612378564453125,False,PUT,2026-02-27,MDLZ
MDLZ260227P00057000,57.0,1.2,1.15,1.4,2.0,3.0,0.25977302734375,False,PUT,2026-02-27,MDLZ
MDLZ260227P00058000,58.0,1.65,1.55,1.85,1.0,1.0,0.25196060546875,True,PUT,2026-02-27,MDLZ
MDLZ260227P00060000,60.0,2.8,2.8,3.3,,2.0,0.28174546386718746,True,PUT,2026-02-27,MDLZ
MDLZ260306C00060000,60.0,1.15,0.8,1.0,1.0,6.0,0.26197027099609377,False,CALL,2026-03-06,MDLZ
MDLZ260306P00060000,60.0,2.63,2.85,3.2,1.0,3.0,0.23828886718749998,True,PUT,2026-03-06,MDLZ
MDLZ260320C00045000,45.0,25.42,21.0,26.0,1.0,0.0,2.2165571929931636,True,CALL,2026-03-20,MDLZ
MDLZ260320C00047500,47.5,6.02,9.2,12.5,10.0,15.0,0.7883321948242188,True,CALL,2026-03-20,MDLZ
MDLZ260320C00050000,50.0,8.39,6.9,8.4,5.0,111.0,0.40454697021484376,True,CALL,2026-03-20,MDLZ
MDLZ260320C00052500,52.5,6.14,4.5,6.2,3.0,182.0,0.35816071533203125,True,CALL,2026-03-20,MDLZ
MDLZ260320C00055000,55.0,3.9,3.6,3.9,12.0,805.0,0.27930408203124996,True,CALL,2026-03-20,MDLZ
MDLZ260320C00057500,57.5,2.5,2.1,2.4,12.0,2746.0,0.2710033837890625,True,CALL,2026-03-20,MDLZ
MDLZ260320C00060000,60.0,1.1,1.05,1.2,40.0,7045.0,0.24829853271484376,False,CALL,2026-03-20,MDLZ
MDLZ260320C00062500,62.5,0.55,0.35,0.55,18.0,858.0,0.2417068017578125,False,CALL,2026-03-20,MDLZ
MDLZ260320C00065000,65.0,0.26,0.1,0.25,14.0,405.0,0.245124736328125,False,CALL,2026-03-20,MDLZ
MDLZ260320C00067500,67.5,0.2,0.0,0.55,9.0,2470.0,0.3711000390625,False,CALL,2026-03-20,MDLZ
MDLZ260320C00070000,70.0,0.45,0.0,0.3,1.0,2031.0,0.36475244628906256,False,CALL,2026-03-20,MDLZ
MDLZ260320C00072500,72.5,0.05,0.0,0.3,5.0,247.0,0.41211525390625,False,CALL,2026-03-20,MDLZ
MDLZ260320P00042500,42.5,0.13,0.0,0.45,5.0,2.0,0.5127001855468749,False,PUT,2026-03-20,MDLZ
MDLZ260320P00045000,45.0,0.15,0.0,1.2,2.0,776.0,0.5556685058593751,False,PUT,2026-03-20,MDLZ
MDLZ260320P00047500,47.5,0.15,0.1,0.5,2.0,258.0,0.43897045410156255,False,PUT,2026-03-20,MDLZ
MDLZ260320P00050000,50.0,0.2,0.15,0.3,24.0,841.0,0.30225307128906254,False,PUT,2026-03-20,MDLZ
MDLZ260320P00052500,52.5,0.4,0.35,0.5,15.0,2639.0,0.26416751464843746,False,PUT,2026-03-20,MDLZ
MDLZ260320P00055000,55.0,0.87,0.85,1.0,6.0,1564.0,0.245124736328125,False,PUT,2026-03-20,MDLZ
MDLZ260320P00057500,57.5,1.5,1.7,1.9,27.0,948.0,0.22974403076171873,False,PUT,2026-03-20,MDLZ
MDLZ260320P00060000,60.0,2.45,3.0,3.4,1.0,274.0,0.22901161621093752,True,PUT,2026-03-20,MDLZ
MDLZ260320P00062500,62.5,4.85,4.0,5.4,2.0,198.0,0.241218525390625,True,PUT,2026-03-20,MDLZ
MDLZ260320P00065000,65.0,10.5,5.9,8.5,5.0,18.0,0.40796490478515623,True,PUT,2026-03-20,MDLZ
MDLZ260320P00067500,67.5,13.03,7.9,11.7,1.0,9.0,0.5813030151367188,True,PUT,2026-03-20,MDLZ
MDLZ260320P00070000,70.0,17.25,10.4,14.2,91.0,0.0,0.649417568359375,True,PUT,2026-03-20,MDLZ
MDLZ260320P00072500,72.5,10.34,13.6,17.7,1.0,4.0,0.5329636547851562,True,PUT,2026-03-20,MDLZ
MDLZ260618C00045000,45.0,10.0,11.9,15.1,1.0,12.0,0.5590864404296876,True,CALL,2026-06-18,MDLZ
MDLZ260618C00047500,47.5,7.1,9.6,13.0,3.0,3.0,0.5214891601562499,True,CALL,2026-06-18,MDLZ
MDLZ260618C00050000,50.0,8.88,8.4,9.9,4.0,49.0,0.3918517846679687,True,CALL,2026-06-18,MDLZ
MDLZ260618C00052500,52.5,7.09,6.4,7.0,6.0,145.0,0.28601788208007806,True,CALL,2026-06-18,MDLZ
MDLZ260618C00055000,55.0,5.4,4.7,5.3,1.0,319.0,0.2747875256347656,True,CALL,2026-06-18,MDLZ
MDLZ260618C00057500,57.5,3.5,3.3,3.7,12.0,371.0,0.25427991821289064,True,CALL,2026-06-18,MDLZ
MDLZ260618C00060000,60.0,2.6,2.1,2.5,23.0,1819.0,0.24390404541015626,False,CALL,2026-06-18,MDLZ
MDLZ260618C00062500,62.5,1.5,1.25,1.75,5.0,986.0,0.24732197998046873,False,CALL,2026-06-18,MDLZ
MDLZ260618C00065000,65.0,0.85,0.7,0.95,16.0,1228.0,0.22730264892578123,False,CALL,2026-06-18,MDLZ
MDLZ260618C00067500,67.5,0.7,0.3,0.8,3.0,1433.0,0.25196060546875,False,CALL,2026-06-18,MDLZ
MDLZ260618C00070000,70.0,0.35,0.2,0.5,1.0,248.0,0.25025163818359375,False,CALL,2026-06-18,MDLZ
MDLZ260618C00072500,72.5,0.25,0.0,1.35,29.0,144.0,0.3811097045898437,False,CALL,2026-06-18,MDLZ
MDLZ260618P00042500,42.5,0.3,0.2,1.4,10.0,121.0,0.5107470800781251,False,PUT,2026-06-18,MDLZ
MDLZ260618P00045000,45.0,0.42,0.2,0.5,2.0,581.0,0.317389638671875,False,PUT,2026-06-18,MDLZ
MDLZ260618P00047500,47.5,0.62,0.35,0.9,2.0,891.0,0.3188544677734374,False,PUT,2026-06-18,MDLZ
MDLZ260618P00050000,50.0,0.85,0.75,0.9,6.0,642.0,0.2600171655273438,False,PUT,2026-06-18,MDLZ
MDLZ260618P00052500,52.5,1.25,1.1,1.4,35.0,2601.0,0.24683370361328127,False,PUT,2026-06-18,MDLZ
MDLZ260618P00055000,55.0,1.95,1.8,2.1,3.0,771.0,0.23316196533203126,False,PUT,2026-06-18,MDLZ
MDLZ260618P00057500,57.5,2.85,2.85,3.1,46.0,794.0,0.2224198852539062,False,PUT,2026-06-18,MDLZ
MDLZ260618P00060000,60.0,3.9,4.1,4.5,1.0,919.0,0.2186357434082031,True,PUT,2026-06-18,MDLZ
MDLZ260618P00062500,62.5,6.18,5.6,6.3,1.0,695.0,0.22364057617187497,True,PUT,2026-06-18,MDLZ
MDLZ260618P00065000,65.0,10.3,7.0,8.5,19.0,168.0,0.2456130126953125,True,PUT,2026-06-18,MDLZ
MDLZ260618P00067500,67.5,13.55,8.9,11.2,1.0,13.0,0.30591514404296877,True,PUT,2026-06-18,MDLZ
MDLZ260618P00070000,70.0,15.2,10.5,13.6,4.0,0.0,0.3350896569824219,True,PUT,2026-06-18,MDLZ
MDLZ260618P00072500,72.5,10.78,13.8,17.9,1.0,13.0,0.5305222729492188,True,PUT,2026-06-18,MDLZ
MDLZ260918C00045000,45.0,11.9,12.0,15.5,1.0,1.0,0.4669242761230469,True,CALL,2026-09-18,MDLZ
MDLZ260918C00047500,47.5,12.55,10.5,12.9,1.0,7.0,0.3986876538085938,True,CALL,2026-09-18,MDLZ
MDLZ260918C00050000,50.0,9.08,8.8,10.6,10.0,6.0,0.35278967529296873,True,CALL,2026-09-18,MDLZ
MDLZ260918C00052500,52.5,4.3,7.3,7.8,3.0,25.0,0.2739330419921875,True,CALL,2026-09-18,MDLZ
MDLZ260918C00055000,55.0,6.25,5.5,6.2,10.0,16.0,0.26587648193359376,True,CALL,2026-09-18,MDLZ
MDLZ260918C00057500,57.5,5.15,4.1,4.8,1.0,2594.0,0.2580640600585938,True,CALL,2026-09-18,MDLZ
MDLZ260918C00060000,60.0,3.11,2.85,3.7,1.0,152.0,0.2557447473144532,False,CALL,2026-09-18,MDLZ
MDLZ260918C00062500,62.5,2.47,2.05,2.4,3.0,106.0,0.23072058349609376,False,CALL,2026-09-18,MDLZ
MDLZ260918C00065000,65.0,1.48,1.3,2.0,20.0,86.0,0.2467116345214844,False,CALL,2026-09-18,MDLZ
MDLZ260918C00067500,67.5,1.09,0.85,1.2,1.0,326.0,0.22730264892578123,False,CALL,2026-09-18,MDLZ
MDLZ260918C00070000,70.0,0.73,0.45,1.05,11.0,224.0,0.245124736328125,False,CALL,2026-09-18,MDLZ
MDLZ260918C00072500,72.5,0.56,0.25,0.75,2.0,55.0,0.24500266723632813,False,CALL,2026-09-18,MDLZ
MDLZ260918P00042500,42.5,0.57,0.3,1.2,5.0,11.0,0.3764710791015625,False,PUT,2026-09-18,MDLZ
MDLZ260918P00045000,45.0,1.1,0.5,1.0,2.0,385.0,0.3051827294921875,False,PUT,2026-09-18,MDLZ
MDLZ260918P00047500,47.5,1.15,0.7,1.3,11.0,431.0,0.2845530529785155,False,PUT,2026-09-18,MDLZ
MDLZ260918P00050000,50.0,1.22,1.1,1.8,2.0,561.0,0.27246821289062495,False,PUT,2026-09-18,MDLZ
MDLZ260918P00052500,52.5,2.11,1.9,2.15,4.0,2547.0,0.2417068017578125,False,PUT,2026-09-18,MDLZ
MDLZ260918P00055000,55.0,2.7,2.3,3.3,1.0,610.0,0.25110612182617187,False,PUT,2026-09-18,MDLZ
MDLZ260918P00057500,57.5,3.3,3.3,4.3,1.0,100.0,0.23859403991699218,False,PUT,2026-09-18,MDLZ
MDLZ260918P00060000,60.0,4.64,4.8,5.5,1.0,152.0,0.22534954345703123,True,PUT,2026-09-18,MDLZ
MDLZ260918P00062500,62.5,9.6,6.2,7.1,1.0,22.0,0.22168747070312497,True,PUT,2026-09-18,MDLZ
MDLZ260918P00065000,65.0,5.6,7.8,11.0,6.0,39.0,0.3437565625,True,PUT,2026-09-18,MDLZ
MDLZ260918P00067500,67.5,7.5,9.8,13.8,1.0,129.0,0.39942006835937505,True,PUT,2026-09-18,MDLZ
MDLZ260918P00070000,70.0,8.9,11.6,16.0,2.0,10.0,0.41712008666992184,True,PUT,2026-09-18,MDLZ
MDLZ260918P00072500,72.5,6.8,10.3,11.0,2.0,4.0,1.0000000000000003e-05,True,PUT,2026-09-18,MDLZ
MDLZ261218C00042500,42.5,14.84,0.0,0.0,,1.0,1.0000000000000003e-05,True,CALL,2026-12-18,MDLZ
MDLZ261218C00045000,45.0,13.4,12.2,15.6,6.0,11.0,0.4024717956542969,True,CALL,2026-12-18,MDLZ
MDLZ261218C00047500,47.5,10.5,10.0,13.2,1.0,2.0,0.35645174804687496,True,CALL,2026-12-18,MDLZ
MDLZ261218C00050000,50.0,9.2,9.4,10.1,1.0,5.0,0.2703930383300781,True,CALL,2026-12-18,MDLZ
MDLZ261218C00052500,52.5,5.6,7.8,8.4,,2.0,0.26392337646484376,True,CALL,2026-12-18,MDLZ
MDLZ261218C00055000,55.0,6.9,6.1,6.9,22.0,22.0,0.2594068200683594,True,CALL,2026-12-18,MDLZ
MDLZ261218C00057500,57.5,5.1,4.6,5.6,2.0,17.0,0.25604992004394533,True,CALL,2026-12-18,MDLZ
MDLZ261218C00060000,60.0,4.7,3.4,4.4,1.0,8.0,0.24927508544921873,False,CALL,2026-12-18,MDLZ
MDLZ261218C00062500,62.5,3.22,2.45,3.5,2.0,32.0,0.2485426708984375,False,CALL,2026-12-18,MDLZ
MDLZ261218C00065000,65.0,2.4,1.95,2.55,6.0,33.0,0.2375564526367187,False,CALL,2026-12-18,MDLZ
MDLZ261218C00067500,67.5,1.55,1.15,2.05,5.0,42.0,0.24195093994140626,False,CALL,2026-12-18,MDLZ
MDLZ261218C00070000,70.0,0.46,0.7,1.6,4.0,9.0,0.243171630859375,False,CALL,2026-12-18,MDLZ
MDLZ261218P00042500,42.5,1.16,0.0,3.1,1.0,10.0,0.46655806884765627,False,PUT,2026-12-18,MDLZ
MDLZ261218P00045000,45.0,1.5,0.75,1.4,1.0,4.0,0.2921213366699218,False,PUT,2026-12-18,MDLZ
MDLZ261218P00047500,47.5,1.47,1.1,1.85,1.0,95.0,0.2797923583984374,False,PUT,2026-12-18,MDLZ
MDLZ261218P00050000,50.0,2.05,1.55,2.4,1.0,47.0,0.26709717285156254,False,PUT,2026-12-18,MDLZ
MDLZ261218P00052500,52.5,2.8,2.45,2.8,88.0,18.0,0.2399978344726562,False,PUT,2026-12-18,MDLZ
MDLZ261218P00055000,55.0,3.6,2.95,4.1,1.0,36.0,0.2518385363769531,False,PUT,2026-12-18,MDLZ
MDLZ261218P00057500,57.5,4.0,4.0,5.1,5.0,18.0,0.2395095581054687,False,PUT,2026-12-18,MDLZ
MDLZ261218P00060000,60.0,7.2,5.2,6.4,1.0,16.0,0.23285679260253905,True,PUT,2026-12-18,MDLZ
MDLZ261218P00065000,65.0,11.58,8.6,9.5,1.0,0.0,0.21686574157714844,True,PUT,2026-12-18,MDLZ
MDLZ261218P00067500,67.5,13.8,10.5,11.4,,0.0,0.2135088415527344,True,PUT,2026-12-18,MDLZ
MDLZ270115C00042500,42.5,16.0,14.5,18.5,2.0,16.0,0.4646049633789063,True,CALL,2027-01-15,MDLZ
MDLZ270115C00045000,45.0,14.0,12.4,15.3,1.0,14.0,0.36694968994140625,True,CALL,2027-01-15,MDLZ
MDLZ270115C00047500,47.5,12.33,10.2,14.1,2.0,31.0,0.39349971740722656,True,CALL,2027-01-15,MDLZ
MDLZ270115C00050000,50.0,9.97,9.7,10.2,2.0,419.0,0.2650219982910156,True,CALL,2027-01-15,MDLZ
MDLZ270115C00052500,52.5,7.9,7.6,8.5,6.0,179.0,0.2582471636962891,True,CALL,2027-01-15,MDLZ
MDLZ270115C00055000,55.0,7.03,6.1,7.0,6.0,297.0,0.25354750366210943,True,CALL,2027-01-15,MDLZ
MDLZ270115C00057500,57.5,6.0,4.7,5.7,1.0,117.0,0.25012956909179684,True,CALL,2027-01-15,MDLZ
MDLZ270115C00060000,60.0,4.1,3.7,4.6,1.0,1039.0,0.24799335998535155,False,CALL,2027-01-15,MDLZ
MDLZ270115C00062500,62.5,3.4,2.5,3.6,8.0,113.0,0.24298852722167968,False,CALL,2027-01-15,MDLZ
MDLZ270115C00065000,65.0,2.35,1.95,2.8,5.0,237.0,0.23993679992675776,False,CALL,2027-01-15,MDLZ
MDLZ270115C00067500,67.5,1.91,1.2,2.2,20.0,111.0,0.23987576538085933,False,CALL,2027-01-15,MDLZ
MDLZ270115C00070000,70.0,1.35,1.05,1.7,6.0,1324.0,0.23902128173828124,False,CALL,2027-01-15,MDLZ
MDLZ270115C00072500,72.5,0.9,0.0,1.3,3.0,221.0,0.23804472900390622,False,CALL,2027-01-15,MDLZ
MDLZ270115P00042500,42.5,0.9,0.0,3.1,2.0,15.0,0.44751529052734373,False,PUT,2027-01-15,MDLZ
MDLZ270115P00045000,45.0,1.2,0.85,1.5,9.0,449.0,0.2877268493652343,False,PUT,2027-01-15,MDLZ
MDLZ270115P00047500,47.5,1.71,1.2,2.0,1.0,693.0,0.27808339111328123,False,PUT,2027-01-15,MDLZ
MDLZ270115P00050000,50.0,2.05,1.65,2.6,19.0,1781.0,0.26746338012695314,False,PUT,2027-01-15,MDLZ
MDLZ270115P00052500,52.5,2.63,2.3,3.4,1.0,966.0,0.26050544189453123,False,PUT,2027-01-15,MDLZ
MDLZ270115P00055000,55.0,3.77,3.1,4.3,1.0,1584.0,0.25098405273437496,False,PUT,2027-01-15,MDLZ
MDLZ270115P00057500,57.5,4.5,4.1,5.3,17.0,322.0,0.2387771435546875,False,PUT,2027-01-15,MDLZ
MDLZ270115P00060000,60.0,5.5,5.4,6.6,4.0,52.0,0.23230748168945312,True,PUT,2027-01-15,MDLZ
MDLZ270115P00062500,62.5,9.94,6.9,8.1,1.0,834.0,0.22687540710449217,True,PUT,2027-01-15,MDLZ
MDLZ270115P00065000,65.0,8.55,9.0,9.7,1.0,369.0,0.2179643634033203,True,PUT,2027-01-15,MDLZ
MDLZ270115P00067500,67.5,15.04,10.6,11.5,3.0,239.0,0.2104571142578125,True,PUT,2027-01-15,MDLZ
MDLZ270115P00070000,70.0,15.61,11.2,14.9,3.0,140.0,0.2846751220703124,True,PUT,2027-01-15,MDLZ
MDLZ270115P00072500,72.5,13.04,0.0,0.0,1.0,0.0,1.0000000000000003e-05,True,PUT,2027-01-15,MDLZ
MDLZ280121C00042500,42.5,17.99,15.5,19.3,1.0,14.0,0.3602969244384765,True,CALL,2028-01-21,MDLZ
MDLZ280121C00045000,45.0,15.5,14.8,16.2,2.0,168.0,0.29529513305664057,True,CALL,2028-01-21,MDLZ
MDLZ280121C00047500,47.5,13.97,11.9,15.2,2.0,60.0,0.3171455004882812,True,CALL,2028-01-21,MDLZ
MDLZ280121C00050000,50.0,12.5,10.0,13.6,2.0,45.0,0.31000445861816406,True,CALL,2028-01-21,MDLZ
MDLZ280121C00052500,52.5,9.99,8.6,13.0,3.0,5.0,0.3338079315185547,True,CALL,2028-01-21,MDLZ
MDLZ280121C00055000,55.0,9.5,7.7,11.0,1.0,56.0,0.30652548950195313,True,CALL,2028-01-21,MDLZ
MDLZ280121C00057500,57.5,8.25,6.0,10.0,2.0,6.0,0.3094551477050781,True,CALL,2028-01-21,MDLZ
MDLZ280121C00060000,60.0,6.45,5.2,8.5,4.0,209.0,0.2937082348632812,False,CALL,2028-01-21,MDLZ
MDLZ280121C00062500,62.5,5.24,4.0,7.4,3.0,19.0,0.28766581481933584,False,CALL,2028-01-21,MDLZ
MDLZ280121C00065000,65.0,5.25,2.85,6.4,18.0,386.0,0.2819285675048828,False,CALL,2028-01-21,MDLZ
MDLZ280121C00067500,67.5,3.3,1.6,6.5,2.0,5.0,0.3079292840576171,False,CALL,2028-01-21,MDLZ
MDLZ280121C00070000,70.0,3.68,1.6,5.5,10.0,143.0,0.29730927307128896,False,CALL,2028-01-21,MDLZ
MDLZ280121C00072500,72.5,2.5,1.25,4.2,2.0,10.0,0.2739330419921875,False,CALL,2028-01-21,MDLZ
MDLZ280121P00042500,42.5,2.57,0.25,4.0,3.0,149.0,0.35352208984374994,False,PUT,2028-01-21,MDLZ
MDLZ280121P00045000,45.0,3.96,0.5,4.2,1.0,269.0,0.32263860961914054,False,PUT,2028-01-21,MDLZ
MDLZ280121P00047500,47.5,3.18,1.0,5.5,1.0,6.0,0.3342962078857422,False,PUT,2028-01-21,MDLZ
MDLZ280121P00050000,50.0,4.2,3.5,5.0,1.0,541.0,0.275825112915039,False,PUT,2028-01-21,MDLZ
MDLZ280121P00052500,52.5,4.97,2.5,6.1,3.0,1558.0,0.274421318359375,False,PUT,2028-01-21,MDLZ
MDLZ280121P00055000,55.0,6.25,4.0,8.1,1.0,55.0,0.29846892944335934,False,PUT,2028-01-21,MDLZ
MDLZ280121P00057500,57.5,7.0,4.5,9.5,2.0,7.0,0.29846892944335934,False,PUT,2028-01-21,MDLZ
MDLZ280121P00060000,60.0,9.9,6.4,9.3,1.0,8.0,0.24567404724121095,True,PUT,2028-01-21,MDLZ
MDLZ280121P00062500,62.5,8.9,8.5,13.5,,3.0,0.32636171691894533,True,PUT,2028-01-21,MDLZ
MDLZ280121P00065000,65.0,13.0,8.5,13.0,5.0,10.0,0.25867440551757814,True,PUT,2028-01-21,MDLZ
MDLZ280121P00070000,70.0,14.23,12.0,16.5,2.0,13.0,0.2536695727539063,True,PUT,2028-01-21,MDLZ
MDT260130C00080000,80.0,18.71,18.45,22.2,3.0,3.0,2.880862172851563,True,CALL,2026-01-30,MDT
MDT260130C00090000,90.0,10.7,9.55,11.5,2.0,3.0,1.3779327978515623,True,CALL,2026-01-30,MDT
MDT260130C00091000,91.0,6.13,8.4,10.95,,2.0,1.5419944775390624,True,CALL,2026-01-30,MDT
MDT260130C00092000,92.0,5.24,7.4,9.9,,1.0,1.41015919921875,True,CALL,2026-01-30,MDT
MDT260130C00093000,93.0,3.56,6.4,8.9,1.0,1.0,1.303714418945312,True,CALL,2026-01-30,MDT
MDT260130C00094000,94.0,6.35,4.75,8.0,2.0,3.0,1.2431678466796874,True,CALL,2026-01-30,MDT
MDT260130C00095000,95.0,6.4,3.95,7.0,9.0,15.0,1.1318402783203125,True,CALL,2026-01-30,MDT
MDT260130C00096000,96.0,4.25,3.95,5.6,1.0,46.0,0.840821904296875,True,CALL,2026-01-30,MDT
MDT260130C00097000,97.0,3.77,2.68,4.95,2.0,85.0,0.8823253955078124,True,CALL,2026-01-30,MDT
MDT260130C00098000,98.0,3.2,2.06,3.1,2.0,139.0,0.39160764648437496,True,CALL,2026-01-30,MDT
MDT260130C00099000,99.0,1.71,1.33,1.94,10.0,213.0,0.20801573242187496,True,CALL,2026-01-30,MDT
MDT260130C00100000,100.0,0.82,0.59,1.14,106.0,560.0,0.20948056152343747,True,CALL,2026-01-30,MDT
MDT260130C00101000,101.0,0.36,0.09,0.29,18.0,621.0,0.12012598632812499,False,CALL,2026-01-30,MDT
MDT260130C00102000,102.0,0.1,0.06,0.34,1.0,656.0,0.2617261328125,False,CALL,2026-01-30,MDT
MDT260130C00103000,103.0,0.05,0.01,0.1,24.0,227.0,0.23633576171874998,False,CALL,2026-01-30,MDT
MDT260130C00104000,104.0,0.03,0.0,0.08,115.0,285.0,0.29492892578124996,False,CALL,2026-01-30,MDT
MDT260130C00105000,105.0,0.01,0.0,0.08,1.0,5386.0,0.36133451171875,False,CALL,2026-01-30,MDT
MDT260130C00106000,106.0,0.02,0.0,0.08,1.0,66.0,0.42578699218750005,False,CALL,2026-01-30,MDT
MDT260130C00107000,107.0,0.11,0.0,2.13,,15.0,1.0615281298828125,False,CALL,2026-01-30,MDT
MDT260130C00110000,110.0,0.01,0.0,0.06,5.0,6.0,0.5625043750000001,False,CALL,2026-01-30,MDT
MDT260130P00085000,85.0,0.19,0.0,2.13,,1.0,2.1523483691406247,False,PUT,2026-01-30,MDT
MDT260130P00088000,88.0,0.01,0.0,2.13,,6.0,1.8398445507812498,False,PUT,2026-01-30,MDT
MDT260130P00089000,89.0,0.09,0.0,1.15,,6.0,1.423831005859375,False,PUT,2026-01-30,MDT
MDT260130P00090000,90.0,0.05,0.0,0.95,17.0,18.0,1.2578162109375,False,PUT,2026-01-30,MDT
MDT260130P00091000,91.0,0.48,0.0,0.96,2.0,5.0,1.171879140625,False,PUT,2026-01-30,MDT
MDT260130P00092000,92.0,0.03,0.0,0.03,100.0,523.0,0.5468795312500001,False,PUT,2026-01-30,MDT
MDT260130P00093000,93.0,0.02,0.0,1.16,206.0,228.0,1.0517625537109376,False,PUT,2026-01-30,MDT
MDT260130P00094000,94.0,0.06,0.0,1.16,10.0,32.0,0.956055126953125,False,PUT,2026-01-30,MDT
MDT260130P00095000,95.0,0.01,0.0,0.65,3.0,72.0,0.70898728515625,False,PUT,2026-01-30,MDT
MDT260130P00096000,96.0,0.1,0.0,0.38,1.0,545.0,0.5283250292968751,False,PUT,2026-01-30,MDT
MDT260130P00097000,97.0,0.05,0.01,0.17,3.0,215.0,0.43164630859375,False,PUT,2026-01-30,MDT
MDT260130P00098000,98.0,0.1,0.05,0.16,2.0,269.0,0.34180345703125,False,PUT,2026-01-30,MDT
MDT260130P00099000,99.0,0.18,0.15,0.55,30.0,116.0,0.42969320312500003,False,PUT,2026-01-30,MDT
MDT260130P00100000,100.0,0.51,0.26,0.9,2.0,148.0,0.432622861328125,False,PUT,2026-01-30,MDT
MDT260130P00101000,101.0,0.36,0.74,1.4,1.0,165.0,0.445318046875,True,PUT,2026-01-30,MDT
MDT260130P00102000,102.0,1.51,0.76,2.06,44.0,120.0,0.4721732470703125,True,PUT,2026-01-30,MDT
MDT260130P00103000,103.0,1.64,1.65,3.6,,5.0,0.789064609375,True,PUT,2026-01-30,MDT
MDT260130P00104000,104.0,2.57,2.15,5.1,19.0,12.0,0.5219774365234374,True,PUT,2026-01-30,MDT
MDT260206C00090000,90.0,10.8,8.9,12.1,2.0,2.0,0.81445498046875,True,CALL,2026-02-06,MDT
MDT260206C00093000,93.0,4.42,6.35,8.8,,2.0,0.5908244042968751,True,CALL,2026-02-06,MDT
MDT260206C00094000,94.0,5.8,5.4,7.7,,1.0,0.51758294921875,True,CALL,2026-02-06,MDT
MDT260206C00095000,95.0,5.55,4.0,7.45,1.0,8.0,0.6250037500000001,True,CALL,2026-02-06,MDT
MDT260206C00096000,96.0,6.1,3.75,5.85,3.0,58.0,0.4497125341796875,True,CALL,2026-02-06,MDT
MDT260206C00097000,97.0,3.6,3.3,5.15,1.0,135.0,0.45386288330078123,True,CALL,2026-02-06,MDT
MDT260206C00098000,98.0,2.89,2.6,3.25,52.0,216.0,0.22095505615234373,True,CALL,2026-02-06,MDT
MDT260206C00099000,99.0,2.5,1.77,2.32,1.0,23.0,0.1860432958984375,True,CALL,2026-02-06,MDT
MDT260206C00100000,100.0,1.77,1.33,1.66,10.0,200.0,0.18799640136718748,True,CALL,2026-02-06,MDT
MDT260206C00101000,101.0,1.02,0.75,1.14,1.0,159.0,0.1914143359375,False,CALL,2026-02-06,MDT
MDT260206C00102000,102.0,0.8,0.41,0.73,1.0,421.0,0.19165847412109377,False,CALL,2026-02-06,MDT
MDT260206C00103000,103.0,0.37,0.27,0.45,3.0,53.0,0.19385571777343752,False,CALL,2026-02-06,MDT
MDT260206C00104000,104.0,0.22,0.02,0.29,2.0,26.0,0.20264469238281246,False,CALL,2026-02-06,MDT
MDT260206C00105000,105.0,0.2,0.01,1.9,1.0,3.0,0.5585981640625001,False,CALL,2026-02-06,MDT
MDT260206C00106000,106.0,0.28,0.0,0.35,1.0,22.0,0.295905478515625,False,CALL,2026-02-06,MDT
MDT260206C00110000,110.0,0.04,0.0,0.05,10.0,61.0,0.28711650390624993,False,CALL,2026-02-06,MDT
MDT260206P00080000,80.0,0.23,0.0,1.95,,8.0,1.2314491552734375,False,PUT,2026-02-06,MDT
MDT260206P00088000,88.0,0.18,0.0,2.13,30.0,30.0,0.867188828125,False,PUT,2026-02-06,MDT
MDT260206P00090000,90.0,0.05,0.0,0.22,1.0,11.0,0.48730981445312505,False,PUT,2026-02-06,MDT
MDT260206P00091000,91.0,0.5,0.0,2.15,,3.0,0.7216824707031251,False,PUT,2026-02-06,MDT
MDT260206P00092000,92.0,0.4,0.0,0.19,310.0,312.0,0.398443515625,False,PUT,2026-02-06,MDT
MDT260206P00093000,93.0,0.19,0.0,2.19,15.0,25.0,0.6259803027343751,False,PUT,2026-02-06,MDT
MDT260206P00094000,94.0,0.3,0.0,1.4,1.0,56.0,0.64062859375,False,PUT,2026-02-06,MDT
MDT260206P00095000,95.0,0.17,0.06,2.26,1.0,34.0,0.5371140039062501,False,PUT,2026-02-06,MDT
MDT260206P00096000,96.0,0.35,0.13,1.2,2.0,72.0,0.49121602539062503,False,PUT,2026-02-06,MDT
MDT260206P00097000,97.0,0.3,0.23,0.39,1.0,15.0,0.2661206201171875,False,PUT,2026-02-06,MDT
MDT260206P00098000,98.0,0.22,0.35,0.71,2.0,32.0,0.2868723657226562,False,PUT,2026-02-06,MDT
MDT260206P00099000,99.0,0.55,0.57,0.89,11.0,31.0,0.2644116528320312,False,PUT,2026-02-06,MDT
MDT260206P00100000,100.0,0.97,0.89,1.26,1.0,83.0,0.26270268554687504,False,PUT,2026-02-06,MDT
MDT260206P00101000,101.0,0.88,1.32,1.8,1.0,46.0,0.2732006274414062,True,PUT,2026-02-06,MDT
MDT260206P00102000,102.0,1.5,1.97,2.42,9.0,9.0,0.28174546386718746,True,PUT,2026-02-06,MDT
MDT260206P00105000,105.0,5.24,3.15,5.75,,0.0,0.5070850073242188,True,PUT,2026-02-06,MDT
MDT260206P00106000,106.0,6.19,4.05,7.3,,0.0,0.6547886083984377,True,PUT,2026-02-06,MDT
MDT260213C00091000,91.0,5.79,8.5,11.2,6.0,5.0,0.5905802661132813,True,CALL,2026-02-13,MDT
MDT260213C00092000,92.0,6.7,7.7,10.1,7.0,6.0,0.534184345703125,True,CALL,2026-02-13,MDT
MDT260213C00093000,93.0,7.71,6.8,8.85,2.0,5.0,0.4519097778320313,True,CALL,2026-02-13,MDT
MDT260213C00094000,94.0,3.8,6.0,8.35,,1.0,0.4953663745117188,True,CALL,2026-02-13,MDT
MDT260213C00095000,95.0,5.87,4.95,5.95,1.0,50.0,0.18262536132812499,True,CALL,2026-02-13,MDT
MDT260213C00096000,96.0,5.0,4.15,5.1,2.0,208.0,0.20069158691406247,True,CALL,2026-02-13,MDT
MDT260213C00097000,97.0,4.35,3.3,5.7,16.0,30.0,0.4157773266601562,True,CALL,2026-02-13,MDT
MDT260213C00098000,98.0,3.25,3.0,3.55,1.0,32.0,0.21289849609375,True,CALL,2026-02-13,MDT
MDT260213C00099000,99.0,3.52,2.34,2.76,3.0,230.0,0.20020331054687499,True,CALL,2026-02-13,MDT
MDT260213C00100000,100.0,1.97,1.77,1.92,2.0,1624.0,0.17310397216796874,True,CALL,2026-02-13,MDT
MDT260213C00101000,101.0,1.38,1.21,1.38,2.0,579.0,0.17212741943359378,False,CALL,2026-02-13,MDT
MDT260213C00102000,102.0,1.02,0.81,1.01,17.0,115.0,0.178719150390625,False,CALL,2026-02-13,MDT
MDT260213C00103000,103.0,1.13,0.55,0.71,1.0,29.0,0.18238122314453126,False,CALL,2026-02-13,MDT
MDT260213C00104000,104.0,0.51,0.4,0.53,2.0,44.0,0.192390888671875,False,CALL,2026-02-13,MDT
MDT260213C00105000,105.0,0.33,0.08,0.42,2.0,134.0,0.20606262695312497,False,CALL,2026-02-13,MDT
MDT260213C00106000,106.0,0.43,0.12,0.43,1.0,14.0,0.23780059082031246,False,CALL,2026-02-13,MDT
MDT260213P00088000,88.0,0.25,0.0,1.35,,20.0,0.5620160986328125,False,PUT,2026-02-13,MDT
MDT260213P00089000,89.0,0.25,0.0,1.35,,15.0,0.5278367529296876,False,PUT,2026-02-13,MDT
MDT260213P00090000,90.0,0.29,0.0,0.52,50.0,147.0,0.45654840332031255,False,PUT,2026-02-13,MDT
MDT260213P00091000,91.0,0.15,0.0,1.77,3.0,377.0,0.5043994873046875,False,PUT,2026-02-13,MDT
MDT260213P00092000,92.0,0.71,0.0,0.95,1.0,6.0,0.48071808349609374,False,PUT,2026-02-13,MDT
MDT260213P00093000,93.0,0.4,0.09,1.15,3.0,16.0,0.47900911621093745,False,PUT,2026-02-13,MDT
MDT260213P00094000,94.0,0.72,0.16,0.97,2.0,57.0,0.4101621484375,False,PUT,2026-02-13,MDT
MDT260213P00095000,95.0,0.29,0.04,0.35,2.0,142.0,0.2563550927734375,False,PUT,2026-02-13,MDT
MDT260213P00096000,96.0,0.34,0.31,0.49,36.0,97.0,0.2524488818359375,False,PUT,2026-02-13,MDT
MDT260213P00097000,97.0,0.55,0.48,0.61,2.0,21.0,0.23780059082031246,False,PUT,2026-02-13,MDT
MDT260213P00098000,98.0,0.69,0.71,0.86,7.0,48.0,0.2368240380859375,False,PUT,2026-02-13,MDT
MDT260213P00099000,99.0,0.96,1.06,1.21,13.0,284.0,0.2399978344726562,False,PUT,2026-02-13,MDT
MDT260213P00100000,100.0,1.35,1.45,1.61,2.0,43.0,0.2395095581054687,False,PUT,2026-02-13,MDT
MDT260213P00101000,101.0,1.89,1.92,2.09,1.0,213.0,0.23926541992187497,True,PUT,2026-02-13,MDT
MDT260213P00102000,102.0,1.7,2.35,2.76,7.0,19.0,0.2524488818359375,True,PUT,2026-02-13,MDT
MDT260213P00103000,103.0,2.28,2.98,3.4,2.0,18.0,0.25391371093750004,True,PUT,2026-02-13,MDT
MDT260213P00104000,104.0,3.45,2.59,5.15,60.0,30.0,0.39111937011718745,True,PUT,2026-02-13,MDT
MDT260213P00105000,105.0,8.68,3.35,6.0,16.0,0.0,0.41309180664062495,True,PUT,2026-02-13,MDT
MDT260213P00106000,106.0,8.27,4.05,6.6,,2.0,0.397466962890625,True,PUT,2026-02-13,MDT
MDT260213P00107000,107.0,7.45,5.15,7.75,,1.0,0.454107021484375,True,PUT,2026-02-13,MDT
MDT260213P00108000,108.0,6.46,6.1,9.3,2.0,16.0,0.5651898950195313,True,PUT,2026-02-13,MDT
MDT260213P00109000,109.0,12.65,6.75,10.25,,0.0,0.5932657861328126,True,PUT,2026-02-13,MDT
MDT260213P00110000,110.0,12.22,7.8,11.1,,0.0,0.6054726953125001,True,PUT,2026-02-13,MDT
MDT260213P00111000,111.0,14.95,8.9,12.25,,6.0,0.6594272338867189,True,PUT,2026-02-13,MDT
MDT260213P00112000,112.0,12.45,9.8,13.25,,0.0,0.6911651977539064,True,PUT,2026-02-13,MDT
MDT260220C00075000,75.0,21.4,20.2,23.1,5.0,3.0,1.0000000000000003e-05,True,CALL,2026-02-20,MDT
MDT260220C00080000,80.0,22.0,19.05,22.45,20.0,76.0,0.8981943774414061,True,CALL,2026-02-20,MDT
MDT260220C00082500,82.5,12.85,0.0,0.0,,1.0,1.0000000000000003e-05,True,CALL,2026-02-20,MDT
MDT260220C00085000,85.0,20.45,0.0,0.0,1.0,65.0,1.0000000000000003e-05,True,CALL,2026-02-20,MDT
MDT260220C00087500,87.5,10.93,11.6,15.1,1.0,67.0,0.6689486230468751,True,CALL,2026-02-20,MDT
MDT260220C00090000,90.0,12.08,9.7,11.7,1.0,183.0,0.44336494140625,True,CALL,2026-02-20,MDT
MDT260220C00092500,92.5,9.43,7.55,9.3,3.0,280.0,0.38477177734374995,True,CALL,2026-02-20,MDT
MDT260220C00095000,95.0,6.69,5.95,7.0,4.0,1099.0,0.33374689697265625,True,CALL,2026-02-20,MDT
MDT260220C00096000,96.0,6.3,4.9,6.7,,3.0,0.3845276391601562,True,CALL,2026-02-20,MDT
MDT260220C00097000,97.0,4.55,4.45,5.1,,3.0,0.27808339111328123,True,CALL,2026-02-20,MDT
MDT260220C00097500,97.5,4.55,4.0,4.7,6.0,5630.0,0.27149166015625,True,CALL,2026-02-20,MDT
MDT260220C00098000,98.0,5.0,3.8,4.4,,1000.0,0.2751537329101562,True,CALL,2026-02-20,MDT
MDT260220C00099000,99.0,3.6,3.1,3.65,2.0,15.0,0.2617261328125,True,CALL,2026-02-20,MDT
MDT260220C00100000,100.0,2.94,2.61,3.05,33.0,8595.0,0.2585523364257813,True,CALL,2026-02-20,MDT
MDT260220C00101000,101.0,3.15,2.19,2.52,3.0,427.0,0.2563550927734375,False,CALL,2026-02-20,MDT
MDT260220C00102000,102.0,1.9,1.7,2.07,7.0,1657.0,0.25623302368164064,False,CALL,2026-02-20,MDT
MDT260220C00103000,103.0,1.53,1.33,1.59,23.0,145.0,0.24683370361328127,False,CALL,2026-02-20,MDT
MDT260220C00104000,104.0,1.09,1.0,1.17,9.0,1000.0,0.23633576171874998,False,CALL,2026-02-20,MDT
MDT260220C00105000,105.0,0.85,0.76,0.84,18.0,5754.0,0.22852333984375,False,CALL,2026-02-20,MDT
MDT260220C00106000,106.0,0.84,0.58,0.83,3.0,63.0,0.2553785400390626,False,CALL,2026-02-20,MDT
MDT260220C00107000,107.0,0.45,0.38,0.54,3.0,298.0,0.2399978344726562,False,CALL,2026-02-20,MDT
MDT260220C00108000,108.0,0.38,0.28,0.86,1.0,25.0,0.31201859863281245,False,CALL,2026-02-20,MDT
MDT260220C00109000,109.0,0.37,0.05,0.3,4.0,7.0,0.241218525390625,False,CALL,2026-02-20,MDT
MDT260220C00110000,110.0,0.15,0.1,0.17,51.0,4429.0,0.2280350634765625,False,CALL,2026-02-20,MDT
MDT260220C00115000,115.0,0.06,0.0,0.71,8.0,287.0,0.44507390869140623,False,CALL,2026-02-20,MDT
MDT260220C00120000,120.0,0.01,0.0,0.4,7.0,43.0,0.4687553125,False,CALL,2026-02-20,MDT
MDT260220C00125000,125.0,0.05,0.0,2.05,1.0,3.0,0.6940948559570312,False,CALL,2026-02-20,MDT
MDT260220C00130000,130.0,0.26,0.0,0.0,,5.0,0.2500075,False,CALL,2026-02-20,MDT
MDT260220P00075000,75.0,2.25,0.0,2.79,,3.0,1.0288134497070316,False,PUT,2026-02-20,MDT
MDT260220P00077500,77.5,0.12,0.0,2.15,1.0,63.0,0.8720715917968749,False,PUT,2026-02-20,MDT
MDT260220P00080000,80.0,0.1,0.0,0.8,12.0,57.0,0.6132851171875001,False,PUT,2026-02-20,MDT
MDT260220P00082500,82.5,0.34,0.0,2.18,11.0,62.0,0.7172879833984375,False,PUT,2026-02-20,MDT
MDT260220P00085000,85.0,0.15,0.0,0.45,1.0,287.0,0.49658706542968756,False,PUT,2026-02-20,MDT
MDT260220P00087500,87.5,0.31,0.0,1.5,2.0,184.0,0.63086306640625,False,PUT,2026-02-20,MDT
MDT260220P00090000,90.0,0.4,0.1,0.39,2.0,1068.0,0.35156898437499995,False,PUT,2026-02-20,MDT
MDT260220P00092500,92.5,0.34,0.36,0.5,4.0,553.0,0.3090889404296875,False,PUT,2026-02-20,MDT
MDT260220P00094000,94.0,0.55,0.45,0.72,2.0,4.0,0.304694453125,False,PUT,2026-02-20,MDT
MDT260220P00095000,95.0,0.79,0.63,0.85,50.0,1912.0,0.2937082348632812,False,PUT,2026-02-20,MDT
MDT260220P00096000,96.0,0.82,0.91,1.16,22.0,38.0,0.30249720947265624,False,PUT,2026-02-20,MDT
MDT260220P00097000,97.0,1.19,1.14,2.91,1.0,38.0,0.46289599609375004,False,PUT,2026-02-20,MDT
MDT260220P00097500,97.5,1.31,1.26,1.45,33.0,2546.0,0.2834544311523437,False,PUT,2026-02-20,MDT
MDT260220P00098000,98.0,1.25,1.43,1.61,3.0,77.0,0.282233740234375,False,PUT,2026-02-20,MDT
MDT260220P00099000,99.0,1.47,1.79,2.0,41.0,50.0,0.2829661547851562,False,PUT,2026-02-20,MDT
MDT260220P00100000,100.0,2.17,2.32,2.4,14.0,858.0,0.2791820129394531,False,PUT,2026-02-20,MDT
MDT260220P00101000,101.0,2.75,2.72,2.97,1.0,37.0,0.2866282275390625,True,PUT,2026-02-20,MDT
MDT260220P00102000,102.0,2.74,2.95,3.5,17.0,50.0,0.2846751220703124,True,PUT,2026-02-20,MDT
MDT260220P00105000,105.0,4.2,5.05,5.6,3.0,460.0,0.30054410400390624,True,PUT,2026-02-20,MDT
MDT260220P00110000,110.0,13.4,8.3,10.5,10.0,0.0,0.4299373413085938,True,PUT,2026-02-20,MDT
MDT260227C00096000,96.0,6.0,4.85,7.25,1.0,3.0,0.3913635083007812,True,CALL,2026-02-27,MDT
MDT260227C00097000,97.0,6.1,4.7,5.4,1.0,15.0,0.2739330419921875,True,CALL,2026-02-27,MDT
MDT260227C00098000,98.0,4.87,3.9,4.7,1.0,8.0,0.2694164855957031,True,CALL,2026-02-27,MDT
MDT260227C00099000,99.0,1.8,3.5,3.75,2.0,3.0,0.23828886718749998,True,CALL,2026-02-27,MDT
MDT260227C00100000,100.0,3.2,2.87,3.1,1.0,20.0,0.23072058349609376,True,CALL,2026-02-27,MDT
MDT260227C00101000,101.0,3.2,2.25,2.6,8.0,7.0,0.231452998046875,False,CALL,2026-02-27,MDT
MDT260227C00102000,102.0,2.11,1.99,2.19,2.0,1.0,0.2348709326171875,False,CALL,2026-02-27,MDT
MDT260227C00103000,103.0,1.76,1.41,1.75,12.0,708.0,0.2304764453125,False,CALL,2026-02-27,MDT
MDT260227C00104000,104.0,1.99,1.21,1.4,2.0,21.0,0.22925575439453127,False,CALL,2026-02-27,MDT
MDT260227C00105000,105.0,1.35,0.71,1.13,2.0,21.0,0.2304764453125,False,CALL,2026-02-27,MDT
MDT260227C00107000,107.0,0.7,0.38,0.71,3.0,4.0,0.23218541259765624,False,CALL,2026-02-27,MDT
MDT260227C00108000,108.0,0.5,0.16,1.77,,1.0,0.3737855590820312,False,CALL,2026-02-27,MDT
MDT260227C00110000,110.0,0.9,0.0,2.39,1.0,0.0,0.48682153808593753,False,CALL,2026-02-27,MDT
MDT260227P00089000,89.0,0.75,0.0,1.8,,1.0,0.5481002221679689,False,PUT,2026-02-27,MDT
MDT260227P00090000,90.0,0.8,0.0,1.64,2.0,3.0,0.49805189453125004,False,PUT,2026-02-27,MDT
MDT260227P00095000,95.0,0.86,0.84,1.04,1.0,16.0,0.28003649658203117,False,PUT,2026-02-27,MDT
MDT260227P00096000,96.0,0.94,1.08,1.24,1.0,6.0,0.273444765625,False,PUT,2026-02-27,MDT
MDT260227P00097000,97.0,1.57,1.34,1.46,1.0,8.0,0.26538820556640624,False,PUT,2026-02-27,MDT
MDT260227P00098000,98.0,1.62,1.68,1.79,2.0,2.0,0.26428958374023437,False,PUT,2026-02-27,MDT
MDT260227P00099000,99.0,1.58,2.06,2.24,1.0,2.0,0.2695385546875,False,PUT,2026-02-27,MDT
MDT260227P00100000,100.0,2.5,2.51,2.68,1.0,7.0,0.2690502783203125,False,PUT,2026-02-27,MDT
MDT260227P00102000,102.0,2.93,3.5,3.75,1.0,3.0,0.2712475219726562,True,PUT,2026-02-27,MDT
MDT260306C00100000,100.0,3.8,2.98,3.6,2.0,2.0,0.24732197998046873,True,CALL,2026-03-06,MDT
MDT260306C00101000,101.0,3.05,2.58,3.25,4.0,4.0,0.25916268188476566,False,CALL,2026-03-06,MDT
MDT260306C00102000,102.0,2.64,2.1,2.75,1.0,1.0,0.2555006091308594,False,CALL,2026-03-06,MDT
MDT260306C00104000,104.0,1.98,1.35,1.96,3.0,4.0,0.2534254345703125,False,CALL,2026-03-06,MDT
MDT260306C00111000,111.0,0.9,0.0,1.15,1.0,1.0,0.33667655517578127,False,CALL,2026-03-06,MDT
MDT260306P00075000,75.0,1.06,0.0,1.74,1.0,1.0,0.7094755615234375,False,PUT,2026-03-06,MDT
MDT260306P00093000,93.0,1.63,0.06,1.73,1.0,1.0,0.37720349365234374,False,PUT,2026-03-06,MDT
MDT260320C00075000,75.0,24.39,20.4,23.25,3.0,26.0,1.0000000000000003e-05,True,CALL,2026-03-20,MDT
MDT260320C00077500,77.5,18.25,17.6,20.5,2.0,2.0,1.0000000000000003e-05,True,CALL,2026-03-20,MDT
MDT260320C00080000,80.0,19.42,19.5,22.85,1.0,44.0,0.6521030883789063,True,CALL,2026-03-20,MDT
MDT260320C00082500,82.5,16.89,17.05,20.55,2.0,70.0,0.614261669921875,True,CALL,2026-03-20,MDT
MDT260320C00085000,85.0,17.0,14.4,18.15,70.0,89.0,0.5642133422851563,True,CALL,2026-03-20,MDT
MDT260320C00087500,87.5,11.6,12.85,14.7,5.0,951.0,0.4067442138671875,True,CALL,2026-03-20,MDT
MDT260320C00090000,90.0,12.58,10.75,12.25,2.0,284.0,0.35767243896484374,True,CALL,2026-03-20,MDT
MDT260320C00092500,92.5,9.6,8.55,10.4,1.0,961.0,0.3601138208007812,True,CALL,2026-03-20,MDT
MDT260320C00095000,95.0,6.98,6.85,7.65,13.0,939.0,0.2788158056640625,True,CALL,2026-03-20,MDT
MDT260320C00097500,97.5,5.78,4.95,5.7,2.0,1261.0,0.25623302368164064,True,CALL,2026-03-20,MDT
MDT260320C00100000,100.0,4.0,3.55,3.8,44.0,7986.0,0.22400678344726557,True,CALL,2026-03-20,MDT
MDT260320C00105000,105.0,1.6,1.55,1.6,217.0,7849.0,0.21265435791015624,False,CALL,2026-03-20,MDT
MDT260320C00110000,110.0,0.66,0.32,0.88,1.0,2473.0,0.24439232177734377,False,CALL,2026-03-20,MDT
MDT260320C00115000,115.0,0.31,0.1,0.68,1.0,3412.0,0.2951730639648437,False,CALL,2026-03-20,MDT
MDT260320C00120000,120.0,0.04,0.01,0.2,2.0,1690.0,0.27197993652343744,False,CALL,2026-03-20,MDT
MDT260320C00125000,125.0,0.23,0.0,0.0,22.0,44.0,0.12500875,False,CALL,2026-03-20,MDT
MDT260320C00130000,130.0,0.33,0.0,0.0,101.0,100.0,0.12500875,False,CALL,2026-03-20,MDT
MDT260320P00075000,75.0,0.05,0.0,1.55,12.0,161.0,0.5864299169921875,False,PUT,2026-03-20,MDT
MDT260320P00077500,77.5,0.3,0.0,0.0,6.0,375.0,0.12500875,False,PUT,2026-03-20,MDT
MDT260320P00080000,80.0,0.24,0.05,2.27,10.0,328.0,0.5446822875976562,False,PUT,2026-03-20,MDT
MDT260320P00082500,82.5,0.2,0.0,0.96,1.0,368.0,0.4633842724609375,False,PUT,2026-03-20,MDT
MDT260320P00085000,85.0,0.24,0.05,0.29,2.0,897.0,0.3007882421875,False,PUT,2026-03-20,MDT
MDT260320P00087500,87.5,0.41,0.05,0.6,5.0,930.0,0.31323928955078123,False,PUT,2026-03-20,MDT
MDT260320P00090000,90.0,0.54,0.45,0.63,3.0,952.0,0.2710033837890625,False,PUT,2026-03-20,MDT
MDT260320P00092500,92.5,0.87,0.78,0.99,21.0,1357.0,0.26319096191406255,False,PUT,2026-03-20,MDT
MDT260320P00095000,95.0,1.38,1.29,1.42,148.0,1073.0,0.24805439453125,False,PUT,2026-03-20,MDT
MDT260320P00097500,97.5,1.97,2.01,2.17,41.0,503.0,0.2436599072265625,False,PUT,2026-03-20,MDT
MDT260320P00100000,100.0,2.93,3.0,3.15,12.0,1359.0,0.23792265991210934,False,PUT,2026-03-20,MDT
MDT260320P00105000,105.0,5.5,5.05,6.3,131.0,539.0,0.2530592272949219,True,PUT,2026-03-20,MDT
MDT260320P00110000,110.0,9.0,0.0,0.0,1.0,0.0,1.0000000000000003e-05,True,PUT,2026-03-20,MDT
MDT260320P00115000,115.0,15.0,12.8,16.65,1.0,0.0,0.4714408325195312,True,PUT,2026-03-20,MDT
MDT260320P00120000,120.0,26.4,16.35,20.3,2.0,0.0,0.418951123046875,True,PUT,2026-03-20,MDT
MDT260417C00085000,85.0,13.5,15.15,18.0,,25.0,0.4409235595703125,True,CALL,2026-04-17,MDT
MDT260417C00092500,92.5,10.65,8.55,11.3,,1.0,0.3491276025390625,True,CALL,2026-04-17,MDT
MDT260417C00095000,95.0,8.5,6.05,7.9,25.0,103.0,0.2401199035644531,True,CALL,2026-04-17,MDT
MDT260417C00097500,97.5,5.7,4.9,6.2,43.0,42.0,0.23462679443359374,True,CALL,2026-04-17,MDT
MDT260417C00100000,100.0,4.75,4.2,4.35,21.0,247.0,0.20966366516113277,True,CALL,2026-04-17,MDT
MDT260417C00105000,105.0,2.35,1.98,2.24,48.0,684.0,0.20801573242187496,False,CALL,2026-04-17,MDT
MDT260417C00110000,110.0,0.95,0.84,1.03,24.0,1330.0,0.20801573242187496,False,CALL,2026-04-17,MDT
MDT260417C00115000,115.0,0.48,0.0,1.64,3.0,18.0,0.31836619140624994,False,CALL,2026-04-17,MDT
MDT260417C00120000,120.0,0.19,0.0,0.37,39.0,94.0,0.2485426708984375,False,CALL,2026-04-17,MDT
MDT260417P00085000,85.0,0.52,0.07,1.04,30.0,55.0,0.3399724206542969,False,PUT,2026-04-17,MDT
MDT260417P00090000,90.0,1.0,0.8,1.13,2.0,185.0,0.2651440673828125,False,PUT,2026-04-17,MDT
MDT260417P00092500,92.5,1.3,1.35,1.47,20.0,95.0,0.2486647399902344,False,PUT,2026-04-17,MDT
MDT260417P00095000,95.0,1.89,1.96,2.1,2.0,52.0,0.2436599072265625,False,PUT,2026-04-17,MDT
MDT260417P00097500,97.5,2.71,2.79,2.95,69.0,128.0,0.24073024902343748,False,PUT,2026-04-17,MDT
MDT260417P00100000,100.0,3.75,3.85,4.05,5.0,253.0,0.23975369628906246,False,PUT,2026-04-17,MDT
MDT260417P00105000,105.0,6.4,6.3,7.1,1.0,141.0,0.2485426708984375,True,PUT,2026-04-17,MDT
MDT260515C00075000,75.0,19.5,20.45,23.15,,1.0,1.0000000000000003e-05,True,CALL,2026-05-15,MDT
MDT260515C00080000,80.0,22.35,0.0,0.0,,1.0,1.0000000000000003e-05,True,CALL,2026-05-15,MDT
MDT260515C00082500,82.5,17.13,17.45,20.55,2.0,3.0,0.42407802490234375,True,CALL,2026-05-15,MDT
MDT260515C00085000,85.0,14.9,14.95,18.3,1.0,25.0,0.39978627563476565,True,CALL,2026-05-15,MDT
MDT260515C00087500,87.5,16.0,0.0,0.0,1.0,20.0,1.0000000000000003e-05,True,CALL,2026-05-15,MDT
MDT260515C00090000,90.0,11.5,10.55,13.9,1.0,44.0,0.3505924316406249,True,CALL,2026-05-15,MDT
MDT260515C00092500,92.5,7.6,9.15,10.5,1.0,21.0,0.25452405639648445,True,CALL,2026-05-15,MDT
MDT260515C00095000,95.0,9.45,6.65,8.7,1.0,306.0,0.24890887817382812,True,CALL,2026-05-15,MDT
MDT260515C00097500,97.5,6.65,6.35,6.6,19.0,565.0,0.2210771252441406,True,CALL,2026-05-15,MDT
MDT260515C00100000,100.0,5.3,4.95,5.15,13.0,631.0,0.21717091430664062,True,CALL,2026-05-15,MDT
MDT260515C00105000,105.0,3.0,2.65,2.99,13.0,992.0,0.21509573974609375,False,CALL,2026-05-15,MDT
MDT260515C00110000,110.0,1.57,1.41,1.56,1.0,2961.0,0.21155573608398434,False,CALL,2026-05-15,MDT
MDT260515C00115000,115.0,0.5,0.43,0.9,7.0,799.0,0.22180953979492185,False,CALL,2026-05-15,MDT
MDT260515C00120000,120.0,0.51,0.0,1.1,10.0,117.0,0.2846751220703124,False,CALL,2026-05-15,MDT
MDT260515C00125000,125.0,0.21,0.0,0.4,30.0,31.0,0.25489026367187506,False,CALL,2026-05-15,MDT
MDT260515C00130000,130.0,0.24,0.0,1.28,,25.0,0.38440557006835935,False,CALL,2026-05-15,MDT
MDT260515P00075000,75.0,1.23,0.0,0.0,1.0,10.0,0.12500875,False,PUT,2026-05-15,MDT
MDT260515P00080000,80.0,0.34,0.0,0.94,30.0,74.0,0.3534000207519531,False,PUT,2026-05-15,MDT
MDT260515P00082500,82.5,0.43,0.19,0.7,1.0,14.0,0.2923654748535155,False,PUT,2026-05-15,MDT
MDT260515P00085000,85.0,0.64,0.36,0.91,1.0,210.0,0.28003649658203117,False,PUT,2026-05-15,MDT
MDT260515P00087500,87.5,0.93,0.58,1.11,3.0,701.0,0.2624585473632813,False,PUT,2026-05-15,MDT
MDT260515P00090000,90.0,1.29,1.27,1.4,27.0,320.0,0.24732197998046873,False,PUT,2026-05-15,MDT
MDT260515P00092500,92.5,1.74,1.81,1.96,1.0,545.0,0.24378197631835938,False,PUT,2026-05-15,MDT
MDT260515P00095000,95.0,2.35,2.5,2.66,10.0,401.0,0.23938748901367185,False,PUT,2026-05-15,MDT
MDT260515P00097500,97.5,3.2,3.3,3.5,9.0,522.0,0.23365024169921872,False,PUT,2026-05-15,MDT
MDT260515P00100000,100.0,4.3,4.4,4.6,2.0,841.0,0.231452998046875,False,PUT,2026-05-15,MDT
MDT260515P00105000,105.0,6.85,7.25,7.45,3.0,176.0,0.23023230712890624,True,PUT,2026-05-15,MDT
MDT260515P00110000,110.0,10.15,10.05,11.35,2.0,2.0,0.24793232543945312,True,PUT,2026-05-15,MDT
MDT260515P00120000,120.0,18.6,18.3,22.25,2.0,0.0,0.4154111193847656,True,PUT,2026-05-15,MDT
MDT260618C00072500,72.5,23.1,20.2,23.1,10.0,31.0,1.0000000000000003e-05,True,CALL,2026-06-18,MDT
MDT260618C00075000,75.0,27.73,0.0,0.0,1.0,18.0,1.0000000000000003e-05,True,CALL,2026-06-18,MDT
MDT260618C00077500,77.5,28.95,21.5,0.0,10.0,77.0,1.0000000000000003e-05,True,CALL,2026-06-18,MDT
MDT260618C00080000,80.0,19.67,19.95,23.2,1.0,361.0,0.41602146484374997,True,CALL,2026-06-18,MDT
MDT260618C00082500,82.5,20.65,17.75,20.5,2.0,95.0,0.3658510681152344,True,CALL,2026-06-18,MDT
MDT260618C00085000,85.0,18.4,16.1,18.6,2.0,226.0,0.3657289990234375,True,CALL,2026-06-18,MDT
MDT260618C00087500,87.5,12.05,13.3,16.5,2.0,163.0,0.3494938098144531,True,CALL,2026-06-18,MDT
MDT260618C00090000,90.0,14.25,11.3,14.7,95.0,311.0,0.3450993225097656,True,CALL,2026-06-18,MDT
MDT260618C00092500,92.5,11.75,9.6,11.45,5.0,223.0,0.2683178637695312,True,CALL,2026-06-18,MDT
MDT260618C00095000,95.0,9.95,8.55,9.35,1.0,433.0,0.24597921997070313,True,CALL,2026-06-18,MDT
MDT260618C00097500,97.5,8.05,7.45,7.7,1.0,232.0,0.2387771435546875,True,CALL,2026-06-18,MDT
MDT260618C00100000,100.0,6.35,5.85,6.25,18.0,9387.0,0.233406103515625,True,CALL,2026-06-18,MDT
MDT260618C00105000,105.0,4.15,3.75,4.0,4.0,824.0,0.22888954711914064,False,CALL,2026-06-18,MDT
MDT260618C00110000,110.0,2.35,1.96,2.22,8.0,5487.0,0.21649953430175778,False,CALL,2026-06-18,MDT
MDT260618C00115000,115.0,1.19,1.12,1.24,15.0,427.0,0.21497367065429687,False,CALL,2026-06-18,MDT
MDT260618C00120000,120.0,0.47,0.31,0.88,17.0,262.0,0.23194127441406248,False,CALL,2026-06-18,MDT
MDT260618C00125000,125.0,0.35,0.0,0.6,3.0,10.0,0.2436599072265625,False,CALL,2026-06-18,MDT
MDT260618C00130000,130.0,0.11,0.0,1.07,27.0,30.0,0.3186103295898437,False,CALL,2026-06-18,MDT
MDT260618P00072500,72.5,0.83,0.28,0.97,1.0,170.0,0.407232490234375,False,PUT,2026-06-18,MDT
MDT260618P00075000,75.0,0.37,0.08,0.6,10.0,748.0,0.33130551513671874,False,PUT,2026-06-18,MDT
MDT260618P00077500,77.5,0.8,0.0,1.25,1.0,1004.0,0.3684145190429688,False,PUT,2026-06-18,MDT
MDT260618P00080000,80.0,1.0,0.0,2.48,1.0,2021.0,0.42566492309570314,False,PUT,2026-06-18,MDT
MDT260618P00082500,82.5,1.27,0.0,1.55,1.0,750.0,0.32532412963867186,False,PUT,2026-06-18,MDT
MDT260618P00085000,85.0,0.89,0.41,1.27,2.0,1694.0,0.27197993652343744,False,PUT,2026-06-18,MDT
MDT260618P00087500,87.5,1.31,1.21,1.47,12.0,392.0,0.252937158203125,False,PUT,2026-06-18,MDT
MDT260618P00090000,90.0,1.69,1.65,1.96,1.0,1508.0,0.24805439453125,False,PUT,2026-06-18,MDT
MDT260618P00092500,92.5,2.33,2.24,2.57,1.0,505.0,0.243171630859375,False,PUT,2026-06-18,MDT
MDT260618P00095000,95.0,2.88,2.98,3.4,50.0,634.0,0.24213404357910157,False,PUT,2026-06-18,MDT
MDT260618P00097500,97.5,3.8,3.8,4.15,112.0,306.0,0.2309647216796875,False,PUT,2026-06-18,MDT
MDT260618P00100000,100.0,4.95,5.0,5.35,1.0,339.0,0.23194127441406248,False,PUT,2026-06-18,MDT
MDT260618P00105000,105.0,6.75,7.65,8.05,1.0,98.0,0.22534954345703123,True,PUT,2026-06-18,MDT
MDT260618P00110000,110.0,15.79,14.15,16.4,25.0,54.0,0.4317683776855469,True,PUT,2026-06-18,MDT
MDT260618P00115000,115.0,11.97,0.0,17.65,5.0,0.0,0.33148861877441405,True,PUT,2026-06-18,MDT
MDT260618P00125000,125.0,39.0,33.05,36.85,,1.0,0.7480493945312501,True,PUT,2026-06-18,MDT
MDT260821C00080000,80.0,21.7,20.25,23.8,,1.0,0.37756970092773434,True,CALL,2026-08-21,MDT
MDT260821C00085000,85.0,14.89,16.1,19.35,2.0,7.0,0.33838552246093745,True,CALL,2026-08-21,MDT
MDT260821C00090000,90.0,13.17,12.9,14.15,,8.0,0.26355716918945316,True,CALL,2026-08-21,MDT
MDT260821C00092500,92.5,11.3,11.1,12.4,1.0,2.0,0.25952888916015626,True,CALL,2026-08-21,MDT
MDT260821C00095000,95.0,10.97,9.3,10.6,1.0,64.0,0.24964129272460936,True,CALL,2026-08-21,MDT
MDT260821C00097500,97.5,7.53,7.9,9.1,52.0,53.0,0.24634542724609376,True,CALL,2026-08-21,MDT
MDT260821C00100000,100.0,7.69,6.7,7.6,4.0,54.0,0.2387771435546875,True,CALL,2026-08-21,MDT
MDT260821C00105000,105.0,4.85,4.4,5.45,20.0,52.0,0.2386550744628906,False,CALL,2026-08-21,MDT
MDT260821C00110000,110.0,3.23,2.86,3.4,9.0,46.0,0.2238847143554687,False,CALL,2026-08-21,MDT
MDT260821C00115000,115.0,2.0,1.52,2.38,1.0,22.0,0.22980506530761718,False,CALL,2026-08-21,MDT
MDT260821C00120000,120.0,1.18,0.44,1.5,,2.0,0.22730264892578123,False,CALL,2026-08-21,MDT
MDT260821C00125000,125.0,0.6,0.45,1.45,15.0,16.0,0.25757578369140627,False,CALL,2026-08-21,MDT
MDT260821P00075000,75.0,0.87,0.3,1.26,1.0,5.0,0.33423517333984376,False,PUT,2026-08-21,MDT
MDT260821P00080000,80.0,1.0,0.58,1.71,1.0,123.0,0.30823445678710937,False,PUT,2026-08-21,MDT
MDT260821P00085000,85.0,2.27,1.05,2.05,2.0,17.0,0.26892820922851557,False,PUT,2026-08-21,MDT
MDT260821P00090000,90.0,2.33,2.08,3.15,4.0,6.0,0.2578809564208985,False,PUT,2026-08-21,MDT
MDT260821P00092500,92.5,4.15,2.39,3.85,5.0,7.0,0.2524488818359375,False,PUT,2026-08-21,MDT
MDT260821P00095000,95.0,3.93,3.05,4.65,2.0,10.0,0.24652853088378907,False,PUT,2026-08-21,MDT
MDT260821P00097500,97.5,6.6,4.0,5.55,,16.0,0.2399978344726562,False,PUT,2026-08-21,MDT
MDT260821P00100000,100.0,6.0,5.0,6.6,10.0,14.0,0.2342605871582031,False,PUT,2026-08-21,MDT
MDT260918C00075000,75.0,22.17,21.4,24.7,2.0,29.0,1.0000000000000003e-05,True,CALL,2026-09-18,MDT
MDT260918C00077500,77.5,25.25,22.3,0.0,2.0,42.0,1.0000000000000003e-05,True,CALL,2026-09-18,MDT
MDT260918C00080000,80.0,19.18,17.5,20.55,1.0,35.0,1.0000000000000003e-05,True,CALL,2026-09-18,MDT
MDT260918C00082500,82.5,17.1,18.75,21.85,3.0,36.0,0.34888346435546874,True,CALL,2026-09-18,MDT
MDT260918C00085000,85.0,18.13,13.85,16.7,1.0,4.0,0.18494467407226559,True,CALL,2026-09-18,MDT
MDT260918C00087500,87.5,13.78,14.4,17.75,2.0,3.0,0.3221503332519531,True,CALL,2026-09-18,MDT
MDT260918C00090000,90.0,14.76,13.45,14.6,10.0,58.0,0.2645947564697265,True,CALL,2026-09-18,MDT
MDT260918C00092500,92.5,12.47,11.65,12.9,3.0,69.0,0.2613599255371094,True,CALL,2026-09-18,MDT
MDT260918C00095000,95.0,11.1,9.9,11.25,2.0,167.0,0.25604992004394533,True,CALL,2026-09-18,MDT
MDT260918C00097500,97.5,9.92,8.75,9.7,1.0,132.0,0.250434741821289,True,CALL,2026-09-18,MDT
MDT260918C00100000,100.0,8.06,6.8,8.4,5.0,271.0,0.249030947265625,True,CALL,2026-09-18,MDT
MDT260918C00105000,105.0,5.4,4.9,5.95,1.0,296.0,0.2395095581054687,False,CALL,2026-09-18,MDT
MDT260918C00110000,110.0,3.7,3.45,4.1,1.0,255.0,0.2335892071533203,False,CALL,2026-09-18,MDT
MDT260918C00115000,115.0,2.47,1.89,2.7,1.0,59.0,0.2278519598388672,False,CALL,2026-09-18,MDT
MDT260918C00120000,120.0,1.53,0.8,1.77,1.0,49.0,0.22583781982421874,False,CALL,2026-09-18,MDT
MDT260918C00125000,125.0,0.93,0.31,1.15,3.0,80.0,0.22528850891113278,False,CALL,2026-09-18,MDT
MDT260918P00072500,72.5,1.74,0.0,0.0,1.0,18.0,0.062509375,False,PUT,2026-09-18,MDT
MDT260918P00075000,75.0,0.85,0.0,2.16,1.0,725.0,0.37256486816406253,False,PUT,2026-09-18,MDT
MDT260918P00077500,77.5,1.2,0.0,1.99,1.0,73.0,0.33338068969726564,False,PUT,2026-09-18,MDT
MDT260918P00080000,80.0,3.77,0.0,2.53,2.0,57.0,0.33374689697265625,False,PUT,2026-09-18,MDT
MDT260918P00082500,82.5,1.9,0.98,1.83,1.0,130.0,0.26856200195312496,False,PUT,2026-09-18,MDT
MDT260918P00085000,85.0,2.35,1.28,2.26,2.0,269.0,0.2624585473632813,False,PUT,2026-09-18,MDT
MDT260918P00087500,87.5,2.7,1.67,2.78,10.0,259.0,0.256843369140625,False,PUT,2026-09-18,MDT
MDT260918P00090000,90.0,2.6,2.16,3.4,4.0,332.0,0.25171646728515623,False,PUT,2026-09-18,MDT
MDT260918P00092500,92.5,3.45,0.0,5.55,4.0,132.0,0.2971261694335937,False,PUT,2026-09-18,MDT
MDT260918P00095000,95.0,4.25,3.7,4.95,61.0,327.0,0.2414016290283203,False,PUT,2026-09-18,MDT
MDT260918P00097500,97.5,5.15,4.35,5.9,14.0,94.0,0.23645783081054686,False,PUT,2026-09-18,MDT
MDT260918P00100000,100.0,8.25,5.4,7.0,1.0,61.0,0.23230748168945312,False,PUT,2026-09-18,MDT
MDT260918P00105000,105.0,9.65,8.05,9.6,4.0,20.0,0.22431195617675775,True,PUT,2026-09-18,MDT
MDT260918P00120000,120.0,31.05,0.0,0.0,,2.0,1.0000000000000003e-05,True,PUT,2026-09-18,MDT
MDT260918P00125000,125.0,27.91,22.95,26.4,,1.0,0.28064684204101553,True,PUT,2026-09-18,MDT
MDT261218C00082500,82.5,18.0,19.0,22.7,,3.0,0.32746033874511715,True,CALL,2026-12-18,MDT
MDT261218C00085000,85.0,17.14,17.0,20.75,8.0,11.0,0.31836619140624994,True,CALL,2026-12-18,MDT
MDT261218C00087500,87.5,17.05,15.0,18.9,2.0,5.0,0.31073687316894527,True,CALL,2026-12-18,MDT
MDT261218C00090000,90.0,18.92,0.0,16.0,4.0,9.0,0.2687451055908203,True,CALL,2026-12-18,MDT
MDT261218C00092500,92.5,10.5,12.5,14.15,3.0,0.0,0.2588575091552735,True,CALL,2026-12-18,MDT
MDT261218C00095000,95.0,10.0,10.95,12.6,1.0,22.0,0.2553785400390626,True,CALL,2026-12-18,MDT
MDT261218C00097500,97.5,10.36,9.4,11.0,1.0,18.0,0.2478712908935547,True,CALL,2026-12-18,MDT
MDT261218C00100000,100.0,8.98,8.45,9.65,2.0,374.0,0.24451439086914065,True,CALL,2026-12-18,MDT
MDT261218C00105000,105.0,6.91,5.5,7.35,21.0,34.0,0.2401199035644531,False,CALL,2026-12-18,MDT
MDT261218C00110000,110.0,4.95,3.55,5.45,3.0,42.0,0.2356033471679687,False,CALL,2026-12-18,MDT
MDT261218C00115000,115.0,3.04,2.8,3.9,2.0,530.0,0.23023230712890624,False,CALL,2026-12-18,MDT
MDT261218C00120000,120.0,2.2,1.2,2.76,8.0,56.0,0.22699747619628902,False,CALL,2026-12-18,MDT
MDT261218C00125000,125.0,2.31,0.61,1.91,19.0,37.0,0.22412885253906245,False,CALL,2026-12-18,MDT
MDT261218C00130000,130.0,0.86,0.3,3.55,1.0,12.0,0.31055376953124997,False,CALL,2026-12-18,MDT
MDT261218P00075000,75.0,1.7,0.0,2.0,10.0,14.0,0.30774618041992186,False,PUT,2026-12-18,MDT
MDT261218P00080000,80.0,1.45,1.15,3.4,148.0,175.0,0.3193427441406249,False,PUT,2026-12-18,MDT
MDT261218P00082500,82.5,2.94,0.0,2.6,1.0,8.0,0.2608716491699219,False,PUT,2026-12-18,MDT
MDT261218P00085000,85.0,3.5,2.11,3.85,1.0,26.0,0.2823558093261719,False,PUT,2026-12-18,MDT
MDT261218P00087500,87.5,3.9,1.0,4.45,15.0,24.0,0.27539787109374997,False,PUT,2026-12-18,MDT
MDT261218P00090000,90.0,3.9,2.91,4.45,2.0,6.0,0.24732197998046873,False,PUT,2026-12-18,MDT
MDT261218P00092500,92.5,5.85,3.55,5.25,6.0,8.0,0.24311059631347653,False,PUT,2026-12-18,MDT
MDT261218P00095000,95.0,7.25,4.35,6.1,2.0,11.0,0.23752593536376948,False,PUT,2026-12-18,MDT
MDT261218P00097500,97.5,7.79,5.6,7.1,1.0,6.0,0.23334506896972657,False,PUT,2026-12-18,MDT
MDT261218P00100000,100.0,9.47,6.6,8.2,9.0,13.0,0.22901161621093752,False,PUT,2026-12-18,MDT
MDT261218P00105000,105.0,10.7,8.9,11.45,1.0,33.0,0.2393264544677734,True,PUT,2026-12-18,MDT
MDT261218P00110000,110.0,13.87,0.0,15.35,10.0,26.0,0.25659923095703124,True,PUT,2026-12-18,MDT
MDT270115C00072500,72.5,30.3,27.0,31.5,1.0,5.0,0.3742738354492187,True,CALL,2027-01-15,MDT
MDT270115C00075000,75.0,24.17,25.0,29.5,1.0,177.0,0.36890279541015625,True,CALL,2027-01-15,MDT
MDT270115C00077500,77.5,17.26,24.5,29.0,1.0,2.0,0.41748629394531245,True,CALL,2027-01-15,MDT
MDT270115C00080000,80.0,22.0,21.0,24.0,1.0,129.0,0.29596651306152344,True,CALL,2027-01-15,MDT
MDT270115C00082500,82.5,20.4,19.0,23.0,9.0,22.0,0.32459171508789053,True,CALL,2027-01-15,MDT
MDT270115C00085000,85.0,16.9,17.0,21.5,4.0,263.0,0.3297796514892578,True,CALL,2027-01-15,MDT
MDT270115C00087500,87.5,16.9,15.0,19.5,1.0,128.0,0.31653515502929686,True,CALL,2027-01-15,MDT
MDT270115C00090000,90.0,15.5,14.4,15.8,10.0,334.0,0.2518385363769531,True,CALL,2027-01-15,MDT
MDT270115C00092500,92.5,13.79,11.95,14.1,1.0,129.0,0.24695577270507812,True,CALL,2027-01-15,MDT
MDT270115C00095000,95.0,12.48,10.65,12.55,4.0,132.0,0.2436599072265625,True,CALL,2027-01-15,MDT
MDT270115C00097500,97.5,11.67,9.4,11.4,16.0,108.0,0.24826801544189453,True,CALL,2027-01-15,MDT
MDT270115C00100000,100.0,9.75,9.0,9.7,1.0,1674.0,0.23584748535156247,True,CALL,2027-01-15,MDT
MDT270115C00105000,105.0,6.0,5.7,7.55,20.0,1159.0,0.23548127807617186,False,CALL,2027-01-15,MDT
MDT270115C00110000,110.0,5.25,4.6,5.4,31.0,410.0,0.22473919799804684,False,CALL,2027-01-15,MDT
MDT270115C00115000,115.0,3.55,3.1,3.95,40.0,915.0,0.22229781616210934,False,CALL,2027-01-15,MDT
MDT270115C00120000,120.0,2.62,2.0,2.88,1.0,178.0,0.22168747070312497,False,CALL,2027-01-15,MDT
MDT270115C00125000,125.0,1.84,0.75,2.08,29.0,66.0,0.22144333251953124,False,CALL,2027-01-15,MDT
MDT270115C00130000,130.0,1.52,0.27,3.9,1.0,13.0,0.30927204406738285,False,CALL,2027-01-15,MDT
MDT270115P00072500,72.5,1.33,0.0,5.0,15.0,111.0,0.45361874511718747,False,PUT,2027-01-15,MDT
MDT270115P00075000,75.0,1.0,0.75,2.55,30.0,169.0,0.3216010223388671,False,PUT,2027-01-15,MDT
MDT270115P00077500,77.5,2.27,1.01,5.0,9.0,39.0,0.3942931665039063,False,PUT,2027-01-15,MDT
MDT270115P00080000,80.0,2.05,0.82,5.0,24.0,94.0,0.3654848608398438,False,PUT,2027-01-15,MDT
MDT270115P00082500,82.5,2.98,1.64,3.4,15.0,69.0,0.280707876586914,False,PUT,2027-01-15,MDT
MDT270115P00085000,85.0,2.8,2.02,4.1,1.0,1310.0,0.2794261511230468,False,PUT,2027-01-15,MDT
MDT270115P00087500,87.5,3.5,2.55,4.05,4.0,269.0,0.25135026000976557,False,PUT,2027-01-15,MDT
MDT270115P00090000,90.0,4.45,3.1,4.75,4.0,189.0,0.24640646179199222,False,PUT,2027-01-15,MDT
MDT270115P00092500,92.5,5.2,4.45,5.55,22.0,223.0,0.24176783630371096,False,PUT,2027-01-15,MDT
MDT270115P00095000,95.0,5.5,4.65,6.45,178.0,384.0,0.23740386627197263,False,PUT,2027-01-15,MDT
MDT270115P00097500,97.5,6.77,5.6,9.15,330.0,472.0,0.2775951147460937,False,PUT,2027-01-15,MDT
MDT270115P00100000,100.0,7.45,6.7,10.5,341.0,285.0,0.27863270202636714,False,PUT,2027-01-15,MDT
MDT270115P00105000,105.0,9.95,9.35,13.0,1.0,488.0,0.26889769195556634,True,PUT,2027-01-15,MDT
MDT270115P00110000,110.0,14.94,12.5,16.0,1.0,23.0,0.26306889282226564,True,PUT,2027-01-15,MDT
MDT270115P00115000,115.0,19.7,15.9,19.5,1.0,10.0,0.2618482019042969,True,PUT,2027-01-15,MDT
MDT270115P00120000,120.0,20.35,19.0,23.0,2.0,21.0,0.2523268127441406,True,PUT,2027-01-15,MDT
MDT270115P00125000,125.0,21.38,0.0,0.0,,20.0,1.0000000000000003e-05,True,PUT,2027-01-15,MDT
MDT280121C00075000,75.0,29.65,27.15,30.5,1.0,46.0,0.28543805389404286,True,CALL,2028-01-21,MDT
MDT280121C00080000,80.0,25.9,24.2,27.0,2.0,39.0,0.28247787841796873,True,CALL,2028-01-21,MDT
MDT280121C00082500,82.5,20.8,21.0,25.0,1.0,6.0,0.2731395928955078,True,CALL,2028-01-21,MDT
MDT280121C00085000,85.0,21.72,20.1,23.5,2.0,64.0,0.2739330419921875,True,CALL,2028-01-21,MDT
MDT280121C00087500,87.5,20.2,18.0,22.0,2.0,4.0,0.2731395928955078,True,CALL,2028-01-21,MDT
MDT280121C00090000,90.0,18.7,17.2,20.45,3.0,250.0,0.2699352792358398,True,CALL,2028-01-21,MDT
MDT280121C00092500,92.5,15.39,15.6,19.0,1.0,51.0,0.26749389739990237,True,CALL,2028-01-21,MDT
MDT280121C00095000,95.0,17.15,14.05,17.5,2.0,12.0,0.2629468237304688,True,CALL,2028-01-21,MDT
MDT280121C00097500,97.5,13.45,12.75,16.0,2.0,48.0,0.25727061096191406,True,CALL,2028-01-21,MDT
MDT280121C00100000,100.0,13.28,12.0,14.8,2.0,47.0,0.2559888854980469,True,CALL,2028-01-21,MDT
MDT280121C00105000,105.0,11.42,9.1,12.5,3.0,38.0,0.25168595001220706,False,CALL,2028-01-21,MDT
MDT280121C00110000,110.0,8.59,7.3,9.75,29.0,167.0,0.23493196716308595,False,CALL,2028-01-21,MDT
MDT280121C00115000,115.0,7.22,5.1,8.5,30.0,73.0,0.24039455902099605,False,CALL,2028-01-21,MDT
MDT280121C00120000,120.0,5.6,3.85,7.0,28.0,1001.0,0.2373733489990234,False,CALL,2028-01-21,MDT
MDT280121C00125000,125.0,4.0,2.04,6.0,1.0,38.0,0.24005886901855467,False,CALL,2028-01-21,MDT
MDT280121C00130000,130.0,2.0,1.0,5.0,10.0,43.0,0.2395095581054687,False,CALL,2028-01-21,MDT
MDT280121P00075000,75.0,3.77,2.7,5.0,1.0,32.0,0.29566134033203123,False,PUT,2028-01-21,MDT
MDT280121P00080000,80.0,6.05,2.8,5.75,4.0,11.0,0.2735058001708984,False,PUT,2028-01-21,MDT
MDT280121P00082500,82.5,6.8,2.0,7.0,2.0,5.0,0.281684429321289,False,PUT,2028-01-21,MDT
MDT280121P00085000,85.0,5.24,4.0,7.45,2.0,14.0,0.27017941741943363,False,PUT,2028-01-21,MDT
MDT280121P00087500,87.5,7.75,4.65,8.0,1.0,2.0,0.260200269165039,False,PUT,2028-01-21,MDT
MDT280121P00090000,90.0,8.08,5.5,8.45,1.0,10.0,0.24753560089111326,False,PUT,2028-01-21,MDT
MDT280121P00092500,92.5,10.4,6.55,10.0,1.0,3.0,0.2555006091308594,False,PUT,2028-01-21,MDT
MDT280121P00095000,95.0,8.99,6.85,10.5,13.0,41.0,0.2418899053955078,False,PUT,2028-01-21,MDT
MDT280121P00097500,97.5,9.96,8.9,12.0,9.0,13.0,0.2459181854248047,False,PUT,2028-01-21,MDT
MDT280121P00100000,100.0,10.15,9.4,13.0,2.0,6.0,0.23941800628662108,False,PUT,2028-01-21,MDT
MDT280121P00105000,105.0,13.34,11.75,15.5,39.0,44.0,0.23188023986816403,True,PUT,2028-01-21,MDT
MDT280121P00110000,110.0,18.13,14.2,18.0,,1.0,0.21949022705078125,True,PUT,2028-01-21,MDT
MDT280121P00120000,120.0,27.75,18.5,23.0,2.0,2.0,0.1762472512817383,True,PUT,2028-01-21,MDT
META260130C00515000,515.0,117.27,219.0,226.65,,1.0,2.917971455078125,True,CALL,2026-01-30,META
META260130C00517500,517.5,143.21,216.45,224.15,4.0,2.0,2.879641472778321,True,CALL,2026-01-30,META
META260130C00520000,520.0,215.02,214.7,221.65,10.0,15.0,2.923342535400391,True,CALL,2026-01-30,META
META260130C00522500,522.5,148.32,211.5,219.15,1.0,3.0,2.8188506091308594,True,CALL,2026-01-30,META
META260130C00525000,525.0,145.94,209.0,216.65,1.0,20.0,2.7861358471679694,True,CALL,2026-01-30,META
META260130C00527500,527.5,143.45,207.25,214.3,1.0,3.0,2.842288050537109,True,CALL,2026-01-30,META
META260130C00532500,532.5,141.13,201.9,209.85,3.0,6.0,2.793948327636719,True,CALL,2026-01-30,META
META260130C00535000,535.0,139.56,199.25,206.65,6.0,19.0,2.680667360839844,True,CALL,2026-01-30,META
META260130C00537500,537.5,134.05,196.55,204.15,4.0,2.0,2.628665537719727,True,CALL,2026-01-30,META
META260130C00540000,540.0,130.54,194.0,201.65,4.0,19.0,2.591556255493164,True,CALL,2026-01-30,META
META260130C00542500,542.5,129.07,192.2,199.15,10.0,2.0,2.625491717529297,True,CALL,2026-01-30,META
META260130C00545000,545.0,181.22,189.0,196.65,21.0,61.0,2.5275915716552726,True,CALL,2026-01-30,META
META260130C00547500,547.5,124.21,186.2,194.15,4.0,6.0,2.4668007080078125,True,CALL,2026-01-30,META
META260130C00550000,550.0,184.16,184.7,191.65,38.0,98.0,2.528323991699218,True,CALL,2026-01-30,META
META260130C00552500,552.5,119.23,181.2,189.15,10.0,4.0,2.403812584228515,True,CALL,2026-01-30,META
META260130C00555000,555.0,166.39,179.0,186.65,1.0,23.0,2.4008829040527337,True,CALL,2026-01-30,META
META260130C00557500,557.5,114.55,176.55,184.35,24.0,6.0,2.3920938635253903,True,CALL,2026-01-30,META
META260130C00560000,560.0,161.7,174.2,181.65,1.0,21.0,2.355961141357421,True,CALL,2026-01-30,META
META260130C00562500,562.5,109.65,172.25,179.15,19.0,8.0,2.372074382324218,True,CALL,2026-01-30,META
META260130C00565000,565.0,154.5,169.2,176.7,2.0,35.0,2.2976116778564455,True,CALL,2026-01-30,META
META260130C00567500,567.5,163.1,166.55,174.15,2.0,9.0,2.249027814941406,True,CALL,2026-01-30,META
META260130C00570000,570.0,155.0,164.05,171.0,6.0,139.0,2.1594284295654296,True,CALL,2026-01-30,META
META260130C00575000,575.0,96.7,159.25,166.65,49.0,61.0,2.172856130371094,True,CALL,2026-01-30,META
META260130C00577500,577.5,95.36,156.45,164.2,48.0,6.0,2.1210984472656245,True,CALL,2026-01-30,META
META260130C00580000,580.0,155.0,154.4,159.9,11.0,543.0,1.9685060168457031,True,CALL,2026-01-30,META
META260130C00582500,582.5,89.05,151.2,159.2,42.0,6.0,2.038579122314453,True,CALL,2026-01-30,META
META260130C00585000,585.0,135.13,149.0,156.7,11.0,174.0,2.0332080419921876,True,CALL,2026-01-30,META
META260130C00587500,587.5,84.22,146.45,154.2,4.0,6.0,1.9985351635742186,True,CALL,2026-01-30,META
META260130C00590000,590.0,147.79,144.4,149.65,10.0,237.0,1.8278817199707031,True,CALL,2026-01-30,META
META260130C00592500,592.5,128.85,141.9,149.2,2.0,100.0,1.973144665527344,True,CALL,2026-01-30,META
META260130C00595000,595.0,120.72,139.35,146.55,11.0,85.0,1.9270023181152345,True,CALL,2026-01-30,META
META260130C00597500,597.5,124.0,137.3,144.2,1.0,5.0,1.9411624035644532,True,CALL,2026-01-30,META
META260130C00600000,600.0,138.86,137.05,139.65,158.0,718.0,1.9245609240722659,True,CALL,2026-01-30,META
META260130C00602500,602.5,70.65,132.2,138.6,3.0,15.0,1.8283699987792965,True,CALL,2026-01-30,META
META260130C00605000,605.0,127.53,132.5,134.2,51.0,411.0,1.8625495153808593,True,CALL,2026-01-30,META
META260130C00607500,607.5,124.99,130.05,132.55,2.0,12.0,1.8913579650878907,True,CALL,2026-01-30,META
META260130C00610000,610.0,128.76,126.45,129.55,103.0,1010.0,1.7524426440429686,True,CALL,2026-01-30,META
META260130C00612500,612.5,59.5,122.2,127.55,2.0,8.0,1.6289081054687498,True,CALL,2026-01-30,META
META260130C00615000,615.0,115.0,121.7,123.35,57.0,814.0,1.623048759765625,True,CALL,2026-01-30,META
META260130C00617500,617.5,103.24,117.5,122.6,5.0,59.0,1.5976582617187498,True,CALL,2026-01-30,META
META260130C00620000,620.0,116.81,118.2,119.75,210.0,1289.0,1.7551281774902345,True,CALL,2026-01-30,META
META260130C00622500,622.5,110.57,115.0,117.6,26.0,79.0,1.7028823449707033,True,CALL,2026-01-30,META
META260130C00625000,625.0,111.48,110.4,115.2,268.0,1187.0,1.5449241503906248,True,CALL,2026-01-30,META
META260130C00627500,627.5,105.0,109.25,112.55,24.0,184.0,1.5922871948242183,True,CALL,2026-01-30,META
META260130C00630000,630.0,108.64,107.05,110.2,310.0,6691.0,1.5886251037597652,True,CALL,2026-01-30,META
META260130C00632500,632.5,106.16,105.75,107.65,138.0,417.0,1.6223163415527342,True,CALL,2026-01-30,META
META260130C00635000,635.0,101.99,100.7,104.9,221.0,584.0,1.4262723999023437,True,CALL,2026-01-30,META
META260130C00637500,637.5,101.2,97.95,102.8,55.0,253.0,1.40625296875,True,CALL,2026-01-30,META
META260130C00640000,640.0,99.05,97.4,98.6,357.0,2106.0,1.3920928833007813,True,CALL,2026-01-30,META
META260130C00642500,642.5,95.5,94.75,97.85,151.0,350.0,1.453127734375,True,CALL,2026-01-30,META
META260130C00645000,645.0,92.21,92.45,93.45,203.0,1062.0,1.3261752441406247,True,CALL,2026-01-30,META
META260130C00647500,647.5,90.06,90.05,92.7,199.0,612.0,1.3985625775146484,True,CALL,2026-01-30,META
META260130C00650000,650.0,86.72,87.95,88.6,1232.0,4138.0,1.3034702795410151,True,CALL,2026-01-30,META
META260130C00652500,652.5,83.64,85.3,87.75,97.0,542.0,1.3509553936767575,True,CALL,2026-01-30,META
META260130C00655000,655.0,83.89,82.15,84.0,294.0,1199.0,1.220707021484375,True,CALL,2026-01-30,META
META260130C00657500,657.5,81.21,78.95,81.9,103.0,339.0,1.1743205346679688,True,CALL,2026-01-30,META
META260130C00660000,660.0,78.87,78.05,79.9,1897.0,5142.0,1.2513465167236328,True,CALL,2026-01-30,META
META260130C00662500,662.5,76.39,74.95,77.55,203.0,860.0,1.1982461962890625,True,CALL,2026-01-30,META
META260130C00665000,665.0,72.99,72.65,74.9,1049.0,2792.0,1.1693156768798827,True,CALL,2026-01-30,META
META260130C00667500,667.5,70.5,70.35,72.55,299.0,1638.0,1.1540569641113283,True,CALL,2026-01-30,META
META260130C00670000,670.0,68.35,67.75,68.25,5369.0,6961.0,1.031987261962891,True,CALL,2026-01-30,META
META260130C00672500,672.5,66.37,65.45,67.1,1444.0,3858.0,1.0747116577148441,True,CALL,2026-01-30,META
META260130C00675000,675.0,64.07,62.85,63.5,3052.0,3929.0,0.9882813671875,True,CALL,2026-01-30,META
META260130C00677500,677.5,60.19,59.1,61.2,439.0,1532.0,0.9067392138671875,True,CALL,2026-01-30,META
META260130C00680000,680.0,58.5,57.95,58.4,5498.0,6995.0,0.9265144067382812,True,CALL,2026-01-30,META
META260130C00682500,682.5,56.2,55.2,57.4,558.0,874.0,0.9495854650878905,True,CALL,2026-01-30,META
META260130C00685000,685.0,53.84,52.9,53.65,874.0,3192.0,0.8732922827148437,True,CALL,2026-01-30,META
META260130C00687500,687.5,50.75,49.9,51.05,315.0,1416.0,0.8159198095703124,True,CALL,2026-01-30,META
META260130C00690000,690.0,48.5,48.05,48.5,3042.0,8246.0,0.8103046313476561,True,CALL,2026-01-30,META
META260130C00692500,692.5,45.68,45.7,47.45,583.0,816.0,0.840821904296875,True,CALL,2026-01-30,META
META260130C00695000,695.0,43.43,43.05,43.6,1602.0,1515.0,0.7504907763671875,True,CALL,2026-01-30,META
META260130C00697500,697.5,41.97,40.35,40.95,490.0,735.0,0.7045927978515626,True,CALL,2026-01-30,META
META260130C00700000,700.0,39.49,37.85,38.4,16153.0,15930.0,0.6704134521484376,True,CALL,2026-01-30,META
META260130C00702500,702.5,35.75,35.65,36.15,1672.0,1743.0,0.65820654296875,True,CALL,2026-01-30,META
META260130C00705000,705.0,33.88,33.35,33.85,1635.0,2715.0,0.6389196264648438,True,CALL,2026-01-30,META
META260130C00707500,707.5,30.7,31.0,31.5,748.0,414.0,0.6148720153808593,True,CALL,2026-01-30,META
META260130C00710000,710.0,28.75,28.55,28.75,6930.0,4818.0,0.5736126623535156,True,CALL,2026-01-30,META
META260130C00712500,712.5,27.18,26.3,26.8,2335.0,1218.0,0.5634809277343751,True,CALL,2026-01-30,META
META260130C00715000,715.0,24.44,24.15,24.6,7826.0,2917.0,0.5463912548828126,True,CALL,2026-01-30,META
META260130C00717500,717.5,22.8,21.85,22.8,3538.0,464.0,0.534184345703125,True,CALL,2026-01-30,META
META260130C00720000,720.0,20.15,19.7,20.0,20473.0,6998.0,0.5043384527587891,True,CALL,2026-01-30,META
META260130C00722500,722.5,18.0,17.85,18.15,5859.0,773.0,0.4975636181640626,True,CALL,2026-01-30,META
META260130C00725000,725.0,15.9,15.8,16.05,16041.0,7432.0,0.4746756634521484,True,CALL,2026-01-30,META
META260130C00727500,727.5,14.07,13.7,13.95,5475.0,627.0,0.4489801196289062,True,CALL,2026-01-30,META
META260130C00730000,730.0,12.23,12.2,12.35,31530.0,5900.0,0.4437311486816406,True,CALL,2026-01-30,META
META260130C00732500,732.5,10.51,10.45,10.6,7443.0,510.0,0.4271297521972657,True,CALL,2026-01-30,META
META260130C00735000,735.0,8.93,8.9,9.05,14428.0,1639.0,0.4151669812011719,True,CALL,2026-01-30,META
META260130C00737500,737.5,7.6,7.35,7.5,5602.0,1476.0,0.39819937744140627,False,CALL,2026-01-30,META
META260130C00740000,740.0,6.3,6.25,6.3,25436.0,4444.0,0.39197385375976557,False,CALL,2026-01-30,META
META260130C00742500,742.5,4.95,5.05,5.25,5809.0,339.0,0.38721315917968746,False,CALL,2026-01-30,META
META260130C00745000,745.0,4.3,4.15,4.2,11675.0,1961.0,0.3764710791015625,False,CALL,2026-01-30,META
META260130C00747500,747.5,3.4,3.3,3.4,3663.0,757.0,0.3723207299804688,False,CALL,2026-01-30,META
META260130C00750000,750.0,2.68,2.66,2.7,42690.0,10680.0,0.36743796630859377,False,CALL,2026-01-30,META
META260130C00755000,755.0,1.68,1.66,1.72,8004.0,1244.0,0.3657289990234375,False,CALL,2026-01-30,META
META260130C00760000,760.0,1.1,1.03,1.07,11251.0,2060.0,0.36646141357421874,False,CALL,2026-01-30,META
META260130C00765000,765.0,0.66,0.65,0.68,10338.0,1916.0,0.372076591796875,False,CALL,2026-01-30,META
META260130C00770000,770.0,0.42,0.42,0.44,9440.0,6614.0,0.3806214282226562,False,CALL,2026-01-30,META
META260130C00775000,775.0,0.3,0.28,0.3,5443.0,6693.0,0.3930724755859375,False,CALL,2026-01-30,META
META260130C00780000,780.0,0.21,0.19,0.21,2544.0,4376.0,0.4067442138671875,False,CALL,2026-01-30,META
META260130C00785000,785.0,0.15,0.14,0.16,2703.0,1796.0,0.42529871582031253,False,CALL,2026-01-30,META
META260130C00790000,790.0,0.12,0.11,0.13,1219.0,1748.0,0.446294599609375,False,CALL,2026-01-30,META
META260130C00795000,795.0,0.1,0.08,0.1,1632.0,443.0,0.46289599609375004,False,CALL,2026-01-30,META
META260130C00800000,800.0,0.08,0.07,0.08,5961.0,5940.0,0.481450498046875,False,CALL,2026-01-30,META
META260130C00805000,805.0,0.06,0.05,0.07,1301.0,541.0,0.5039112109375,False,CALL,2026-01-30,META
META260130C00810000,810.0,0.05,0.04,0.06,557.0,965.0,0.5136767382812499,False,CALL,2026-01-30,META
META260130C00815000,815.0,0.04,0.04,0.05,80.0,498.0,0.5351608984375,False,CALL,2026-01-30,META
META260130C00820000,820.0,0.03,0.03,0.05,666.0,940.0,0.5585981640625001,False,CALL,2026-01-30,META
META260130C00825000,825.0,0.02,0.03,0.04,191.0,1112.0,0.57812921875,False,CALL,2026-01-30,META
META260130C00830000,830.0,0.03,0.02,0.03,667.0,2221.0,0.585941640625,False,CALL,2026-01-30,META
META260130C00835000,835.0,0.01,0.02,0.04,244.0,748.0,0.6210975390625001,False,CALL,2026-01-30,META
META260130C00840000,840.0,0.02,0.01,0.03,387.0,454.0,0.6250037500000001,False,CALL,2026-01-30,META
META260130C00845000,845.0,0.02,0.01,0.03,77.0,116.0,0.648441015625,False,CALL,2026-01-30,META
META260130C00850000,850.0,0.02,0.01,0.03,417.0,2003.0,0.6718782812500002,False,CALL,2026-01-30,META
META260130C00855000,855.0,0.02,0.01,0.07,30.0,289.0,0.7421900781249999,False,CALL,2026-01-30,META
META260130C00860000,860.0,0.04,0.01,0.06,252.0,1589.0,0.7578149218750001,False,CALL,2026-01-30,META
META260130C00865000,865.0,0.01,0.01,0.03,520.0,1091.0,0.7421900781249999,False,CALL,2026-01-30,META
META260130C00870000,870.0,0.01,0.01,0.01,852.0,780.0,0.726565234375,False,CALL,2026-01-30,META
META260130C00875000,875.0,0.03,0.0,0.01,613.0,743.0,0.7187528125,False,CALL,2026-01-30,META
META260130C00880000,880.0,0.01,0.0,0.1,966.0,1087.0,0.8906260937499999,False,CALL,2026-01-30,META
META260130C00885000,885.0,0.01,0.0,0.04,809.0,82.0,0.8359391406249999,False,CALL,2026-01-30,META
META260130C00890000,890.0,0.01,0.0,0.01,112.0,695.0,0.7812521875,False,CALL,2026-01-30,META
META260130C00895000,895.0,0.01,0.0,0.01,100.0,131.0,0.79687703125,False,CALL,2026-01-30,META
META260130C00900000,900.0,0.01,0.0,0.01,85.0,1576.0,0.8125018749999999,False,CALL,2026-01-30,META
META260130C00905000,905.0,0.01,0.0,0.01,14.0,93.0,0.8437515624999999,False,CALL,2026-01-30,META
META260130C00910000,910.0,0.05,0.0,0.01,9.0,20.0,0.8437515624999999,False,CALL,2026-01-30,META
META260130C00915000,915.0,0.01,0.0,0.01,5.0,219.0,0.87500125,False,CALL,2026-01-30,META
META260130C00920000,920.0,0.01,0.0,0.01,3.0,27.0,0.9062509375,False,CALL,2026-01-30,META
META260130C00925000,925.0,0.01,0.0,0.01,2.0,74.0,0.9062509375,False,CALL,2026-01-30,META
META260130C00930000,930.0,0.01,0.0,0.01,205.0,510.0,0.937500625,False,CALL,2026-01-30,META
META260130C00940000,940.0,0.02,0.0,0.01,2.0,20.0,0.9687503125,False,CALL,2026-01-30,META
META260130C00945000,945.0,0.01,0.0,0.01,,20.0,0.98437515625,False,CALL,2026-01-30,META
META260130C00950000,950.0,0.01,0.0,0.01,1.0,457.0,1.000005,False,CALL,2026-01-30,META
META260130C00955000,955.0,0.01,0.0,0.01,700.0,700.0,1.0312548437500002,False,CALL,2026-01-30,META
META260130P00515000,515.0,0.01,0.0,0.01,558.0,739.0,1.40625296875,False,PUT,2026-01-30,META
META260130P00517500,517.5,0.01,0.0,0.01,647.0,6.0,1.3750031249999999,False,PUT,2026-01-30,META
META260130P00520000,520.0,0.01,0.0,0.01,112.0,877.0,1.3750031249999999,False,PUT,2026-01-30,META
META260130P00522500,522.5,0.01,0.0,0.01,6.0,630.0,1.3437532812499997,False,PUT,2026-01-30,META
META260130P00525000,525.0,0.01,0.0,0.01,65.0,439.0,1.3125034374999998,False,PUT,2026-01-30,META
META260130P00527500,527.5,0.01,0.0,0.01,2.0,20.0,1.3125034374999998,False,PUT,2026-01-30,META
META260130P00530000,530.0,0.01,0.0,0.01,381.0,823.0,1.3125034374999998,False,PUT,2026-01-30,META
META260130P00532500,532.5,0.01,0.0,0.01,1.0,33.0,1.2812535937499998,False,PUT,2026-01-30,META
META260130P00535000,535.0,0.01,0.0,0.01,115.0,626.0,1.2500037499999999,False,PUT,2026-01-30,META
META260130P00537500,537.5,0.01,0.0,0.01,4.0,334.0,1.2500037499999999,False,PUT,2026-01-30,META
META260130P00540000,540.0,0.01,0.0,0.01,140.0,724.0,1.21875390625,False,PUT,2026-01-30,META
META260130P00542500,542.5,0.12,0.0,0.01,43.0,38.0,1.21875390625,False,PUT,2026-01-30,META
META260130P00545000,545.0,0.01,0.0,0.01,155.0,1026.0,1.1875040625,False,PUT,2026-01-30,META
META260130P00547500,547.5,0.01,0.0,0.01,29.0,181.0,1.1875040625,False,PUT,2026-01-30,META
META260130P00550000,550.0,0.01,0.0,0.01,619.0,5992.0,1.15625421875,False,PUT,2026-01-30,META
META260130P00552500,552.5,0.01,0.0,0.01,345.0,376.0,1.125004375,False,PUT,2026-01-30,META
META260130P00555000,555.0,0.01,0.0,0.01,194.0,879.0,1.125004375,False,PUT,2026-01-30,META
META260130P00557500,557.5,0.01,0.0,0.01,156.0,216.0,1.09375453125,False,PUT,2026-01-30,META
META260130P00560000,560.0,0.01,0.01,0.02,427.0,3152.0,1.1875040625,False,PUT,2026-01-30,META
META260130P00562500,562.5,0.01,0.01,0.02,170.0,457.0,1.171879140625,False,PUT,2026-01-30,META
META260130P00565000,565.0,0.01,0.01,0.02,326.0,933.0,1.1484417578125,False,PUT,2026-01-30,META
META260130P00567500,567.5,0.01,0.0,0.02,175.0,701.0,1.09375453125,False,PUT,2026-01-30,META
META260130P00570000,570.0,0.02,0.01,0.02,576.0,2270.0,1.109379453125,False,PUT,2026-01-30,META
META260130P00572500,572.5,0.01,0.0,0.01,201.0,530.0,1.000005,False,PUT,2026-01-30,META
META260130P00575000,575.0,0.01,0.01,0.02,664.0,9206.0,1.0781296093750001,False,PUT,2026-01-30,META
META260130P00577500,577.5,0.01,0.0,0.01,162.0,1871.0,0.9687503125,False,PUT,2026-01-30,META
META260130P00580000,580.0,0.01,0.01,0.02,1309.0,6423.0,1.0468797656250002,False,PUT,2026-01-30,META
META260130P00582500,582.5,0.02,0.0,0.02,781.0,2024.0,0.98437515625,False,PUT,2026-01-30,META
META260130P00585000,585.0,0.01,0.01,0.02,1145.0,2152.0,1.0078174609375,False,PUT,2026-01-30,META
META260130P00587500,587.5,0.01,0.01,0.02,679.0,447.0,0.992187578125,False,PUT,2026-01-30,META
META260130P00590000,590.0,0.03,0.01,0.04,2168.0,5197.0,1.015629921875,False,PUT,2026-01-30,META
META260130P00592500,592.5,0.04,0.01,0.02,360.0,851.0,0.9531254687499999,False,PUT,2026-01-30,META
META260130P00595000,595.0,0.01,0.01,0.05,1343.0,2240.0,0.9960937890625,False,PUT,2026-01-30,META
META260130P00597500,597.5,0.02,0.01,0.03,752.0,1000.0,0.945313046875,False,PUT,2026-01-30,META
META260130P00600000,600.0,0.02,0.01,0.02,6970.0,8852.0,0.9062509375,False,PUT,2026-01-30,META
META260130P00602500,602.5,0.02,0.03,0.04,694.0,599.0,0.9570316796874999,False,PUT,2026-01-30,META
META260130P00605000,605.0,0.01,0.02,0.06,1546.0,1889.0,0.9531254687499999,False,PUT,2026-01-30,META
META260130P00607500,607.5,0.02,0.01,0.05,190.0,553.0,0.9062509375,False,PUT,2026-01-30,META
META260130P00610000,610.0,0.03,0.04,0.05,2075.0,4356.0,0.9257819921875,False,PUT,2026-01-30,META
META260130P00612500,612.5,0.04,0.02,0.04,463.0,662.0,0.8710950390625,False,PUT,2026-01-30,META
META260130P00615000,615.0,0.02,0.02,0.03,1115.0,2592.0,0.8398453515625,False,PUT,2026-01-30,META
META260130P00617500,617.5,0.04,0.02,0.04,414.0,735.0,0.8359391406249999,False,PUT,2026-01-30,META
META260130P00620000,620.0,0.02,0.02,0.04,2510.0,5156.0,0.8203142968749999,False,PUT,2026-01-30,META
META260130P00622500,622.5,0.03,0.03,0.04,313.0,625.0,0.8125018749999999,False,PUT,2026-01-30,META
META260130P00625000,625.0,0.03,0.03,0.04,2192.0,4093.0,0.79687703125,False,PUT,2026-01-30,META
META260130P00627500,627.5,0.02,0.03,0.04,626.0,1084.0,0.7773459765625,False,PUT,2026-01-30,META
META260130P00630000,630.0,0.03,0.03,0.04,3723.0,8786.0,0.7578149218750001,False,PUT,2026-01-30,META
META260130P00632500,632.5,0.03,0.02,0.04,451.0,561.0,0.7304714453125,False,PUT,2026-01-30,META
META260130P00635000,635.0,0.03,0.03,0.04,2448.0,1908.0,0.7226590234375,False,PUT,2026-01-30,META
META260130P00637500,637.5,0.04,0.04,0.05,398.0,720.0,0.7246121289062499,False,PUT,2026-01-30,META
META260130P00640000,640.0,0.04,0.03,0.05,3842.0,4881.0,0.6992217578125001,False,PUT,2026-01-30,META
META260130P00642500,642.5,0.04,0.03,0.05,423.0,878.0,0.6796907031250001,False,PUT,2026-01-30,META
META260130P00645000,645.0,0.05,0.05,0.06,1406.0,1869.0,0.68555001953125,False,PUT,2026-01-30,META
META260130P00647500,647.5,0.05,0.05,0.06,441.0,971.0,0.6679720703125002,False,PUT,2026-01-30,META
META260130P00650000,650.0,0.05,0.05,0.06,3605.0,3499.0,0.648441015625,False,PUT,2026-01-30,META
META260130P00652500,652.5,0.05,0.05,0.06,425.0,417.0,0.63086306640625,False,PUT,2026-01-30,META
META260130P00655000,655.0,0.07,0.05,0.06,903.0,1167.0,0.6132851171875001,False,PUT,2026-01-30,META
META260130P00657500,657.5,0.06,0.05,0.07,500.0,971.0,0.5996133789062501,False,PUT,2026-01-30,META
META260130P00660000,660.0,0.07,0.06,0.07,1893.0,2782.0,0.58789474609375,False,PUT,2026-01-30,META
META260130P00662500,662.5,0.06,0.05,0.07,620.0,808.0,0.5644574804687501,False,PUT,2026-01-30,META
META260130P00665000,665.0,0.07,0.06,0.07,1472.0,2203.0,0.5507857421875001,False,PUT,2026-01-30,META
META260130P00667500,667.5,0.06,0.06,0.07,1556.0,1122.0,0.53320779296875,False,PUT,2026-01-30,META
META260130P00670000,670.0,0.08,0.07,0.08,7700.0,5389.0,0.523442265625,False,PUT,2026-01-30,META
META260130P00672500,672.5,0.07,0.07,0.09,1044.0,2810.0,0.507817421875,False,PUT,2026-01-30,META
META260130P00675000,675.0,0.08,0.08,0.1,3108.0,1191.0,0.5039112109375,False,PUT,2026-01-30,META
META260130P00677500,677.5,0.1,0.09,0.11,1065.0,209.0,0.49023947265625006,False,PUT,2026-01-30,META
META260130P00680000,680.0,0.12,0.1,0.11,4814.0,412.0,0.471684970703125,False,PUT,2026-01-30,META
META260130P00682500,682.5,0.13,0.12,0.14,1558.0,110.0,0.467778759765625,False,PUT,2026-01-30,META
META260130P00685000,685.0,0.14,0.13,0.14,4675.0,167.0,0.44727115234375,False,PUT,2026-01-30,META
META260130P00687500,687.5,0.18,0.15,0.17,4248.0,73.0,0.44043528320312497,False,PUT,2026-01-30,META
META260130P00690000,690.0,0.17,0.17,0.19,7038.0,332.0,0.42676354492187507,False,PUT,2026-01-30,META
META260130P00692500,692.5,0.2,0.2,0.21,5826.0,211.0,0.41309180664062495,False,PUT,2026-01-30,META
META260130P00695000,695.0,0.23,0.23,0.24,4435.0,90.0,0.40039662109375,False,PUT,2026-01-30,META
META260130P00697500,697.5,0.28,0.27,0.29,5125.0,262.0,0.3920959228515625,False,PUT,2026-01-30,META
META260130P00700000,700.0,0.34,0.34,0.35,28145.0,549.0,0.38281867187499996,False,PUT,2026-01-30,META
META260130P00702500,702.5,0.41,0.4,0.42,3627.0,27.0,0.37354142089843745,False,PUT,2026-01-30,META
META260130P00705000,705.0,0.52,0.5,0.52,7028.0,85.0,0.366217275390625,False,PUT,2026-01-30,META
META260130P00707500,707.5,0.63,0.63,0.64,2994.0,14.0,0.358404853515625,False,PUT,2026-01-30,META
META260130P00710000,710.0,0.79,0.78,0.8,9703.0,48.0,0.35205726074218746,False,PUT,2026-01-30,META
META260130P00712500,712.5,0.98,0.96,1.0,2350.0,17.0,0.34570966796874997,False,PUT,2026-01-30,META
META260130P00715000,715.0,1.23,1.21,1.24,10065.0,221.0,0.33899586791992187,False,PUT,2026-01-30,META
META260130P00720000,720.0,1.84,1.86,1.92,13896.0,283.0,0.3272772351074219,False,PUT,2026-01-30,META
META260130P00725000,725.0,2.79,2.76,2.85,7590.0,15.0,0.3117744604492187,False,PUT,2026-01-30,META
META260130P00730000,730.0,4.1,4.05,4.2,6638.0,15.0,0.29682099670410156,False,PUT,2026-01-30,META
META260130P00735000,735.0,5.84,5.8,6.0,3531.0,7.0,0.27814442565917963,False,PUT,2026-01-30,META
META260130P00740000,740.0,8.2,8.05,8.25,1209.0,14.0,0.24964129272460936,True,PUT,2026-01-30,META
META260130P00745000,745.0,10.67,11.0,11.25,305.0,35.0,0.215828154296875,True,PUT,2026-01-30,META
META260130P00750000,750.0,14.05,14.4,14.75,686.0,142.0,1.0000000000000003e-05,True,PUT,2026-01-30,META
META260130P00755000,755.0,18.25,18.35,18.85,78.0,6.0,1.0000000000000003e-05,True,PUT,2026-01-30,META
META260130P00760000,760.0,22.8,22.55,23.15,88.0,17.0,1.0000000000000003e-05,True,PUT,2026-01-30,META
META260130P00765000,765.0,45.89,27.35,27.95,27.0,76.0,1.0000000000000003e-05,True,PUT,2026-01-30,META
META260130P00770000,770.0,34.19,32.1,32.65,54.0,55.0,1.0000000000000003e-05,True,PUT,2026-01-30,META
META260130P00780000,780.0,50.55,42.1,42.7,11.0,7.0,1.0000000000000003e-05,True,PUT,2026-01-30,META
META260130P00790000,790.0,68.4,51.75,52.25,13.0,0.0,1.0000000000000003e-05,True,PUT,2026-01-30,META
META260130P00800000,800.0,63.0,61.95,62.55,8.0,2.0,1.0000000000000003e-05,True,PUT,2026-01-30,META
META260130P00810000,810.0,84.3,69.8,75.45,3.0,0.0,0.7128934960937501,True,PUT,2026-01-30,META
META260130P00830000,830.0,109.5,90.35,95.4,5.0,0.0,0.842775009765625,True,PUT,2026-01-30,META
META260206C00515000,515.0,98.65,219.95,226.6,5.0,10.0,1.4191923571777343,True,CALL,2026-02-06,META
META260206C00520000,520.0,94.45,214.7,221.65,7.0,7.0,1.3780548675537108,True,CALL,2026-02-06,META
META260206C00525000,525.0,95.21,209.85,216.75,,2.0,1.35779129699707,True,CALL,2026-02-06,META
META260206C00530000,530.0,187.55,205.15,210.95,1.0,46.0,1.303714418945312,True,CALL,2026-02-06,META
META260206C00535000,535.0,137.48,199.9,206.95,154.0,19.0,1.3056675341796873,True,CALL,2026-02-06,META
META260206C00537500,537.5,138.6,197.25,204.8,3.0,5.0,1.298343352050781,True,CALL,2026-02-06,META
META260206C00540000,540.0,132.62,194.7,202.0,154.0,20.0,1.2680700659179687,True,CALL,2026-02-06,META
META260206C00542500,542.5,94.05,192.5,199.55,,2.0,1.2669714385986326,True,CALL,2026-02-06,META
META260206C00545000,545.0,128.6,189.9,196.7,10.0,11.0,1.2329139916992187,True,CALL,2026-02-06,META
META260206C00550000,550.0,123.49,184.8,190.85,6.0,36.0,1.161503215942383,True,CALL,2026-02-06,META
META260206C00555000,555.0,59.2,180.05,187.05,12.0,14.0,1.1912882232666016,True,CALL,2026-02-06,META
META260206C00560000,560.0,107.6,175.05,182.05,2.0,20.0,1.1606487280273439,True,CALL,2026-02-06,META
META260206C00565000,565.0,156.87,169.75,176.5,1.0,34.0,1.0971724829101563,True,CALL,2026-02-06,META
META260206C00567500,567.5,80.96,167.55,174.05,,1.0,1.0959517858886718,True,CALL,2026-02-06,META
META260206C00570000,570.0,101.97,165.0,171.5,66.0,107.0,1.0771530517578127,True,CALL,2026-02-06,META
META260206C00572500,572.5,92.4,162.6,169.8,3.0,3.0,1.0952193676757815,True,CALL,2026-02-06,META
META260206C00575000,575.0,162.0,160.1,167.1,1.0,46.0,1.0730026818847658,True,CALL,2026-02-06,META
META260206C00580000,580.0,157.85,154.9,161.35,6.0,50.0,1.0084278094482422,True,CALL,2026-02-06,META
META260206C00585000,585.0,135.12,149.9,156.6,3.0,77.0,0.9882813671875,True,CALL,2026-02-06,META
META260206C00587500,587.5,148.36,147.65,151.55,1.0,8.0,0.8820812573242187,True,CALL,2026-02-06,META
META260206C00590000,590.0,135.8,145.5,151.1,1.0,111.0,0.9624027197265624,True,CALL,2026-02-06,META
META260206C00592500,592.5,83.57,142.65,149.65,5.0,11.0,0.9713137634277342,True,CALL,2026-02-06,META
META260206C00595000,595.0,125.17,140.15,147.15,33.0,98.0,0.9564213342285155,True,CALL,2026-02-06,META
META260206C00597500,597.5,46.3,137.5,144.3,,9.0,0.9251716467285156,True,CALL,2026-02-06,META
META260206C00600000,600.0,137.95,135.45,139.85,58.0,252.0,0.8577895080566407,True,CALL,2026-02-06,META
META260206C00602500,602.5,135.0,133.05,138.5,23.0,225.0,0.8875743664550779,True,CALL,2026-02-06,META
META260206C00605000,605.0,132.99,130.25,136.15,101.0,272.0,0.868165380859375,True,CALL,2026-02-06,META
META260206C00607500,607.5,113.42,128.0,132.9,7.0,124.0,0.8369156933593749,True,CALL,2026-02-06,META
META260206C00610000,610.0,127.82,126.6,131.6,54.0,216.0,0.8942881665039062,True,CALL,2026-02-06,META
META260206C00612500,612.5,125.14,122.65,128.7,7.0,46.0,0.823243955078125,True,CALL,2026-02-06,META
META260206C00615000,615.0,123.07,120.3,126.2,56.0,172.0,0.8136004968261719,True,CALL,2026-02-06,META
META260206C00617500,617.5,114.2,117.8,122.85,4.0,148.0,0.7718528674316407,True,CALL,2026-02-06,META
META260206C00620000,620.0,117.9,116.95,120.95,80.0,256.0,0.825929475097656,True,CALL,2026-02-06,META
META260206C00622500,622.5,96.91,112.8,116.65,10.0,55.0,0.7023955541992188,True,CALL,2026-02-06,META
META260206C00625000,625.0,111.02,111.95,116.15,51.0,356.0,0.801637725830078,True,CALL,2026-02-06,META
META260206C00627500,627.5,88.97,107.85,113.65,14.0,124.0,0.7418238708496092,True,CALL,2026-02-06,META
META260206C00630000,630.0,109.22,105.75,110.95,35.0,294.0,0.733279034423828,True,CALL,2026-02-06,META
META260206C00632500,632.5,102.65,102.9,108.1,5.0,136.0,0.6984893432617189,True,CALL,2026-02-06,META
META260206C00635000,635.0,104.0,100.55,105.5,16.0,331.0,0.6857941577148439,True,CALL,2026-02-06,META
META260206C00637500,637.5,45.9,97.95,101.8,9.0,130.0,0.6317175500488281,True,CALL,2026-02-06,META
META260206C00640000,640.0,94.3,95.5,100.45,60.0,1208.0,0.6546665393066409,True,CALL,2026-02-06,META
META260206C00642500,642.5,94.8,93.3,97.45,9.0,102.0,0.634891346435547,True,CALL,2026-02-06,META
META260206C00645000,645.0,93.83,90.85,96.4,32.0,388.0,0.6613803393554689,True,CALL,2026-02-06,META
META260206C00647500,647.5,91.65,89.6,93.0,7.0,109.0,0.6555210229492189,True,CALL,2026-02-06,META
META260206C00650000,650.0,89.46,89.0,90.0,181.0,1900.0,0.6737703521728517,True,CALL,2026-02-06,META
META260206C00652500,652.5,86.75,83.15,88.85,8.0,65.0,0.6114540808105471,True,CALL,2026-02-06,META
META260206C00655000,655.0,81.97,81.15,85.8,74.0,226.0,0.59570716796875,True,CALL,2026-02-06,META
META260206C00657500,657.5,64.96,78.15,84.0,11.0,169.0,0.585941640625,True,CALL,2026-02-06,META
META260206C00660000,660.0,80.0,79.0,80.45,689.0,2055.0,0.6225013336181642,True,CALL,2026-02-06,META
META260206C00662500,662.5,76.5,73.6,78.3,31.0,77.0,0.5509078112792969,True,CALL,2026-02-06,META
META260206C00665000,665.0,73.12,73.85,75.25,162.0,526.0,0.5844768115234374,True,CALL,2026-02-06,META
META260206C00667500,667.5,68.8,68.55,73.7,59.0,187.0,0.5296677893066408,True,CALL,2026-02-06,META
META260206C00670000,670.0,70.01,68.5,70.5,1182.0,1808.0,0.551762294921875,True,CALL,2026-02-06,META
META260206C00672500,672.5,67.71,66.35,68.3,278.0,350.0,0.549076774902344,True,CALL,2026-02-06,META
META260206C00675000,675.0,64.46,64.15,65.9,525.0,681.0,0.5410202148437502,True,CALL,2026-02-06,META
META260206C00677500,677.5,62.0,61.85,62.9,101.0,247.0,0.5196581237792968,True,CALL,2026-02-06,META
META260206C00680000,680.0,60.0,59.9,61.3,608.0,2415.0,0.5297898583984376,True,CALL,2026-02-06,META
META260206C00682500,682.5,56.7,56.55,58.8,82.0,520.0,0.537236072998047,True,CALL,2026-02-06,META
META260206C00685000,685.0,53.0,55.0,56.45,242.0,776.0,0.5014087945556642,True,CALL,2026-02-06,META
META260206C00687500,687.5,49.55,52.2,54.2,20.0,90.0,0.5163622583007812,True,CALL,2026-02-06,META
META260206C00690000,690.0,51.07,49.85,51.95,479.0,2296.0,0.5069629382324219,True,CALL,2026-02-06,META
META260206C00692500,692.5,46.5,47.25,49.95,177.0,147.0,0.5045825909423829,True,CALL,2026-02-06,META
META260206C00695000,695.0,46.5,46.2,47.5,160.0,348.0,0.4883474017333985,True,CALL,2026-02-06,META
META260206C00697500,697.5,32.9,43.8,45.15,23.0,128.0,0.47473669799804685,True,CALL,2026-02-06,META
META260206C00700000,700.0,41.9,41.4,42.25,6424.0,4970.0,0.445318046875,True,CALL,2026-02-06,META
META260206C00702500,702.5,40.28,39.0,40.7,73.0,78.0,0.45337460693359377,True,CALL,2026-02-06,META
META260206C00705000,705.0,37.85,37.35,38.6,297.0,648.0,0.445318046875,True,CALL,2026-02-06,META
META260206C00707500,707.5,35.22,35.35,35.75,548.0,408.0,0.41699801757812494,True,CALL,2026-02-06,META
META260206C00710000,710.0,32.94,33.45,33.85,810.0,1001.0,0.41321387573242185,True,CALL,2026-02-06,META
META260206C00712500,712.5,31.98,31.4,31.8,70.0,277.0,0.4046690393066406,True,CALL,2026-02-06,META
META260206C00715000,715.0,30.39,29.35,29.7,533.0,293.0,0.39417109741210943,True,CALL,2026-02-06,META
META260206C00717500,717.5,28.1,27.45,27.8,301.0,73.0,0.387701435546875,True,CALL,2026-02-06,META
META260206C00720000,720.0,26.0,25.85,26.2,2495.0,1832.0,0.3872741937255859,True,CALL,2026-02-06,META
META260206C00722500,722.5,24.35,24.15,24.45,1120.0,43.0,0.3821778091430663,True,CALL,2026-02-06,META
META260206C00725000,725.0,23.0,22.5,22.8,1803.0,374.0,0.37827159820556633,True,CALL,2026-02-06,META
META260206C00727500,727.5,20.19,20.85,21.1,375.0,199.0,0.37210710906982425,True,CALL,2026-02-06,META
META260206C00730000,730.0,19.43,19.3,19.55,4219.0,3895.0,0.3681093463134766,True,CALL,2026-02-06,META
META260206C00732500,732.5,17.2,17.8,18.0,585.0,100.0,0.3629214099121094,True,CALL,2026-02-06,META
META260206C00735000,735.0,17.0,16.45,16.65,934.0,345.0,0.360785200805664,True,CALL,2026-02-06,META
META260206C00737500,737.5,15.62,15.0,15.2,415.0,93.0,0.3552310571289062,False,CALL,2026-02-06,META
META260206C00740000,740.0,14.32,13.75,13.9,2652.0,344.0,0.3515995016479492,False,CALL,2026-02-06,META
META260206C00742500,742.5,12.97,12.55,12.75,162.0,87.0,0.34989053436279294,False,CALL,2026-02-06,META
META260206C00745000,745.0,11.62,11.4,11.6,1505.0,460.0,0.34680828979492184,False,CALL,2026-02-06,META
META260206C00747500,747.5,10.66,10.4,10.6,293.0,65.0,0.34570966796874997,False,CALL,2026-02-06,META
META260206C00750000,750.0,9.54,9.45,9.6,6133.0,1500.0,0.34326828613281246,False,CALL,2026-02-06,META
META260206C00755000,755.0,7.17,7.6,7.75,1586.0,213.0,0.337470004272461,False,CALL,2026-02-06,META
META260206C00760000,760.0,6.35,6.2,6.35,2173.0,290.0,0.3369817279052735,False,CALL,2026-02-06,META
META260206C00765000,765.0,5.1,4.95,5.05,955.0,122.0,0.3336248278808594,False,CALL,2026-02-06,META
META260206C00770000,770.0,3.7,3.95,4.05,6922.0,4349.0,0.3333196551513672,False,CALL,2026-02-06,META
META260206C00775000,775.0,3.3,3.15,3.25,670.0,347.0,0.3341741387939453,False,CALL,2026-02-06,META
META260206C00780000,780.0,2.71,2.54,2.61,3350.0,2812.0,0.335944140625,False,CALL,2026-02-06,META
META260206C00785000,785.0,2.06,2.08,2.14,200.0,125.0,0.3402165588378906,False,CALL,2026-02-06,META
META260206C00790000,790.0,1.69,1.64,1.7,332.0,364.0,0.34180345703125,False,CALL,2026-02-06,META
META260206C00795000,795.0,1.3,1.34,1.38,437.0,126.0,0.34570966796874997,False,CALL,2026-02-06,META
META260206C00800000,800.0,1.14,1.09,1.13,1969.0,1532.0,0.3502262243652343,False,CALL,2026-02-06,META
META260206C00805000,805.0,0.88,0.91,0.94,292.0,193.0,0.35596347167968745,False,CALL,2026-02-06,META
META260206C00810000,810.0,0.78,0.75,0.79,241.0,240.0,0.362311064453125,False,CALL,2026-02-06,META
META260206C00815000,815.0,0.68,0.65,0.68,166.0,153.0,0.3698793481445312,False,CALL,2026-02-06,META
META260206C00820000,820.0,0.55,0.54,0.58,125.0,114.0,0.3767152172851562,False,CALL,2026-02-06,META
META260206C00825000,825.0,0.47,0.44,0.48,224.0,59.0,0.3813538427734374,False,CALL,2026-02-06,META
META260206C00830000,830.0,0.38,0.39,0.42,32.0,123.0,0.3891662646484375,False,CALL,2026-02-06,META
META260206C00835000,835.0,0.31,0.34,0.36,13.0,145.0,0.3957579956054688,False,CALL,2026-02-06,META
META260206C00840000,840.0,0.29,0.28,0.31,347.0,385.0,0.4023497265625,False,CALL,2026-02-06,META
META260206C00845000,845.0,0.2,0.25,0.27,11.0,16.0,0.40918559570312496,False,CALL,2026-02-06,META
META260206C00850000,850.0,0.23,0.21,0.24,865.0,653.0,0.41699801757812494,False,CALL,2026-02-06,META
META260206C00855000,855.0,0.18,0.18,0.21,15.0,482.0,0.42383388671875,False,CALL,2026-02-06,META
META260206C00860000,860.0,0.16,0.16,0.19,41.0,151.0,0.4321345849609375,False,CALL,2026-02-06,META
META260206C00865000,865.0,0.15,0.0,0.29,88.0,488.0,0.471684970703125,False,CALL,2026-02-06,META
META260206C00870000,870.0,0.09,0.1,0.21,2.0,81.0,0.46533737792968755,False,CALL,2026-02-06,META
META260206C00875000,875.0,0.11,0.02,0.15,32.0,754.0,0.4594780615234375,False,CALL,2026-02-06,META
META260206C00880000,880.0,0.06,0.01,0.11,3.0,112.0,0.45606012695312503,False,CALL,2026-02-06,META
META260206C00885000,885.0,0.06,0.0,0.11,3.0,22.0,0.467778759765625,False,CALL,2026-02-06,META
META260206C00890000,890.0,0.25,0.0,0.13,3.0,1.0,0.49023947265625006,False,CALL,2026-02-06,META
META260206C00895000,895.0,0.03,0.0,0.15,21.0,310.0,0.5107470800781251,False,CALL,2026-02-06,META
META260206C00900000,900.0,0.06,0.04,0.07,81.0,1414.0,0.481450498046875,False,CALL,2026-02-06,META
META260206C00905000,905.0,0.03,0.0,0.11,8.0,205.0,0.51758294921875,False,CALL,2026-02-06,META
META260206C00910000,910.0,0.03,0.0,0.21,11.0,5.0,0.526371923828125,False,CALL,2026-02-06,META
META260206C00915000,915.0,0.2,0.0,0.42,2.0,26.0,0.5830119824218749,False,CALL,2026-02-06,META
META260206C00920000,920.0,0.2,0.0,0.15,14.0,97.0,0.5312546875,False,CALL,2026-02-06,META
META260206C00925000,925.0,0.15,0.0,0.09,4.0,192.0,0.51562984375,False,CALL,2026-02-06,META
META260206C00930000,930.0,0.17,0.0,1.06,16.0,17.0,0.7006865869140625,False,CALL,2026-02-06,META
META260206C00935000,935.0,0.1,0.0,1.32,3.0,44.0,0.7375514526367187,False,CALL,2026-02-06,META
META260206C00940000,940.0,0.16,0.0,1.3,2.0,0.0,0.7495142236328125,False,CALL,2026-02-06,META
META260206C00945000,945.0,0.09,0.0,1.29,1.0,2.0,0.7619652709960938,False,CALL,2026-02-06,META
META260206C00950000,950.0,0.12,0.0,1.28,100.0,101.0,0.7744163183593751,False,CALL,2026-02-06,META
META260206C00955000,955.0,0.38,0.0,1.27,2.0,0.0,0.7866232275390624,False,CALL,2026-02-06,META
META260206P00515000,515.0,0.04,0.0,0.27,84.0,112.0,0.8808605664062499,False,PUT,2026-02-06,META
META260206P00520000,520.0,0.04,0.0,0.02,32.0,127.0,0.6796907031250001,False,PUT,2026-02-06,META
META260206P00522500,522.5,0.05,0.0,0.26,15.0,32.0,0.8437515624999999,False,PUT,2026-02-06,META
META260206P00525000,525.0,0.05,0.0,0.07,51.0,385.0,0.7304714453125,False,PUT,2026-02-06,META
META260206P00527500,527.5,0.04,0.0,0.27,25.0,15.0,0.8261736132812498,False,PUT,2026-02-06,META
META260206P00530000,530.0,0.04,0.0,0.07,53.0,5205.0,0.7128934960937501,False,PUT,2026-02-06,META
META260206P00535000,535.0,0.05,0.0,0.26,40.0,855.0,0.79101771484375,False,PUT,2026-02-06,META
META260206P00537500,537.5,0.06,0.01,0.26,31.0,43.0,0.7832052929687501,False,PUT,2026-02-06,META
META260206P00540000,540.0,0.06,0.03,0.1,26.0,287.0,0.7148466015625,False,PUT,2026-02-06,META
META260206P00545000,545.0,0.06,0.05,0.07,2343.0,2550.0,0.6914093359375001,False,PUT,2026-02-06,META
META260206P00547500,547.5,0.07,0.03,0.11,7.0,22.0,0.6914093359375001,False,PUT,2026-02-06,META
META260206P00550000,550.0,0.08,0.06,0.08,1746.0,2341.0,0.6816438085937502,False,PUT,2026-02-06,META
META260206P00552500,552.5,0.06,0.0,0.26,4.0,13.0,0.717776259765625,False,PUT,2026-02-06,META
META260206P00555000,555.0,0.05,0.06,0.12,118.0,212.0,0.6796907031250001,False,PUT,2026-02-06,META
META260206P00557500,557.5,0.05,0.05,0.09,144.0,8.0,0.6523472265625001,False,PUT,2026-02-06,META
META260206P00560000,560.0,0.17,0.07,0.17,179.0,411.0,0.6816438085937502,False,PUT,2026-02-06,META
META260206P00565000,565.0,0.09,0.07,0.11,1584.0,1677.0,0.64062859375,False,PUT,2026-02-06,META
META260206P00567500,567.5,0.1,0.01,0.15,33.0,21.0,0.62305064453125,False,PUT,2026-02-06,META
META260206P00570000,570.0,0.09,0.07,0.12,237.0,535.0,0.6250037500000001,False,PUT,2026-02-06,META
META260206P00572500,572.5,0.08,0.05,0.14,272.0,49.0,0.6152382226562501,False,PUT,2026-02-06,META
META260206P00575000,575.0,0.09,0.06,0.1,99.0,520.0,0.5937540625000001,False,PUT,2026-02-06,META
META260206P00577500,577.5,0.12,0.0,0.14,9.0,125.0,0.57617611328125,False,PUT,2026-02-06,META
META260206P00580000,580.0,0.12,0.1,0.15,422.0,909.0,0.6044961425781252,False,PUT,2026-02-06,META
META260206P00582500,582.5,0.1,0.0,0.18,91.0,103.0,0.5722699023437501,False,PUT,2026-02-06,META
META260206P00585000,585.0,0.12,0.1,0.15,193.0,391.0,0.5839885351562499,False,PUT,2026-02-06,META
META260206P00587500,587.5,0.15,0.0,0.21,85.0,93.0,0.5634809277343751,False,PUT,2026-02-06,META
META260206P00590000,590.0,0.13,0.12,0.19,217.0,837.0,0.579105771484375,False,PUT,2026-02-06,META
META260206P00592500,592.5,0.12,0.0,0.37,1.0,27.0,0.5820354296875,False,PUT,2026-02-06,META
META260206P00595000,595.0,0.19,0.14,0.19,316.0,968.0,0.5634809277343751,False,PUT,2026-02-06,META
META260206P00597500,597.5,0.18,0.0,0.24,34.0,69.0,0.53320779296875,False,PUT,2026-02-06,META
META260206P00600000,600.0,0.16,0.16,0.37,740.0,1492.0,0.57812921875,False,PUT,2026-02-06,META
META260206P00602500,602.5,0.14,0.05,0.19,24.0,88.0,0.5136767382812499,False,PUT,2026-02-06,META
META260206P00605000,605.0,0.19,0.15,0.33,181.0,550.0,0.5498091894531252,False,PUT,2026-02-06,META
META260206P00607500,607.5,0.18,0.09,0.38,31.0,95.0,0.5380905566406251,False,PUT,2026-02-06,META
META260206P00610000,610.0,0.19,0.16,0.21,544.0,799.0,0.5117236328125,False,PUT,2026-02-06,META
META260206P00612500,612.5,0.42,0.01,0.25,22.0,78.0,0.5219774365234374,False,PUT,2026-02-06,META
META260206P00615000,615.0,0.22,0.21,0.23,379.0,2164.0,0.5029346582031251,False,PUT,2026-02-06,META
META260206P00617500,617.5,0.24,0.2,0.23,18.0,49.0,0.49609878906250005,False,PUT,2026-02-06,META
META260206P00620000,620.0,0.24,0.22,0.25,425.0,987.0,0.49121602539062503,False,PUT,2026-02-06,META
META260206P00622500,622.5,0.26,0.23,0.26,15.0,75.0,0.48389187988281257,False,PUT,2026-02-06,META
META260206P00625000,625.0,0.26,0.25,0.28,235.0,427.0,0.47852083984375,False,PUT,2026-02-06,META
META260206P00627500,627.5,0.29,0.27,0.29,54.0,271.0,0.47070841796875,False,PUT,2026-02-06,META
META260206P00630000,630.0,0.3,0.29,0.32,1098.0,761.0,0.4672904833984375,False,PUT,2026-02-06,META
META260206P00632500,632.5,0.33,0.31,0.34,36.0,103.0,0.46094289062500005,False,PUT,2026-02-06,META
META260206P00635000,635.0,0.34,0.33,0.36,243.0,458.0,0.45435115966796874,False,PUT,2026-02-06,META
META260206P00637500,637.5,0.46,0.36,0.39,47.0,96.0,0.44922425781249997,False,PUT,2026-02-06,META
META260206P00640000,640.0,0.38,0.38,0.41,323.0,604.0,0.44214425048828127,False,PUT,2026-02-06,META
META260206P00642500,642.5,0.49,0.4,0.43,31.0,211.0,0.4348201049804688,False,PUT,2026-02-06,META
META260206P00645000,645.0,0.45,0.43,0.46,127.0,319.0,0.428716650390625,False,PUT,2026-02-06,META
META260206P00647500,647.5,0.51,0.48,0.51,51.0,107.0,0.42529871582031253,False,PUT,2026-02-06,META
META260206P00650000,650.0,0.53,0.51,0.54,600.0,1753.0,0.4184628466796875,False,PUT,2026-02-06,META
META260206P00652500,652.5,0.58,0.55,0.58,103.0,182.0,0.41260353027343744,False,PUT,2026-02-06,META
META260206P00655000,655.0,0.61,0.6,0.63,263.0,157.0,0.4074766284179688,False,PUT,2026-02-06,META
META260206P00657500,657.5,1.36,0.64,0.67,25.0,81.0,0.4008848974609375,False,PUT,2026-02-06,META
META260206P00660000,660.0,0.69,0.68,0.71,377.0,727.0,0.39380489013671877,False,PUT,2026-02-06,META
META260206P00662500,662.5,0.77,0.75,0.78,111.0,200.0,0.38941040283203127,False,PUT,2026-02-06,META
META260206P00665000,665.0,0.87,0.82,0.85,248.0,358.0,0.3842835009765625,False,PUT,2026-02-06,META
META260206P00667500,667.5,0.94,0.89,0.93,51.0,96.0,0.37964487548828124,False,PUT,2026-02-06,META
META260206P00670000,670.0,1.0,0.99,1.03,686.0,757.0,0.37573866455078125,False,PUT,2026-02-06,META
META260206P00672500,672.5,1.14,1.08,1.12,94.0,338.0,0.3704896936035156,False,PUT,2026-02-06,META
META260206P00675000,675.0,1.25,1.19,1.23,193.0,187.0,0.36597313720703123,False,PUT,2026-02-06,META
META260206P00677500,677.5,1.39,1.32,1.35,32.0,387.0,0.36133451171875,False,PUT,2026-02-06,META
META260206P00680000,680.0,1.46,1.45,1.48,485.0,180.0,0.35657381713867187,False,PUT,2026-02-06,META
META260206P00682500,682.5,2.17,1.59,1.63,32.0,11.0,0.35217932983398437,False,PUT,2026-02-06,META
META260206P00685000,685.0,1.75,1.76,1.81,261.0,62.0,0.348639326171875,False,PUT,2026-02-06,META
META260206P00687500,687.5,2.04,1.95,2.0,80.0,21.0,0.3446110461425781,False,PUT,2026-02-06,META
META260206P00690000,690.0,2.21,2.16,2.22,535.0,153.0,0.34101000793457037,False,PUT,2026-02-06,META
META260206P00692500,692.5,2.5,2.39,2.45,170.0,18.0,0.336920693359375,False,PUT,2026-02-06,META
META260206P00695000,695.0,2.74,2.66,2.72,281.0,40.0,0.3334417242431641,False,PUT,2026-02-06,META
META260206P00697500,697.5,3.25,2.95,3.05,149.0,19.0,0.3311834460449219,False,PUT,2026-02-06,META
META260206P00700000,700.0,3.21,3.25,3.4,2479.0,466.0,0.3284979260253906,False,PUT,2026-02-06,META
META260206P00702500,702.5,3.56,3.6,3.75,261.0,52.0,0.32459171508789053,False,PUT,2026-02-06,META
META260206P00705000,705.0,3.98,4.0,4.15,199.0,36.0,0.32117378051757806,False,PUT,2026-02-06,META
META260206P00707500,707.5,5.38,4.45,4.6,283.0,39.0,0.3181220532226562,False,PUT,2026-02-06,META
META260206P00710000,710.0,4.86,5.0,5.15,745.0,90.0,0.3167182586669921,False,PUT,2026-02-06,META
META260206P00712500,712.5,5.65,5.5,5.6,515.0,18.0,0.31116411499023433,False,PUT,2026-02-06,META
META260206P00715000,715.0,5.94,6.1,6.25,653.0,61.0,0.30976032043457036,False,PUT,2026-02-06,META
META260206P00717500,717.5,7.07,6.7,6.9,376.0,10.0,0.3069527313232422,False,PUT,2026-02-06,META
META260206P00720000,720.0,7.45,7.45,7.6,2018.0,40.0,0.3039620385742187,False,PUT,2026-02-06,META
META260206P00725000,725.0,8.8,9.0,9.15,279.0,53.0,0.2973703076171874,False,PUT,2026-02-06,META
META260206P00730000,730.0,10.9,10.85,11.0,751.0,34.0,0.29169409484863273,False,PUT,2026-02-06,META
META260206P00735000,735.0,12.7,13.0,13.15,527.0,40.0,0.2864451239013671,False,PUT,2026-02-06,META
META260206P00740000,740.0,15.0,15.2,15.45,310.0,14.0,0.2779002874755859,True,PUT,2026-02-06,META
META260206P00745000,745.0,17.9,17.95,18.2,25.0,1.0,0.2722851092529296,True,PUT,2026-02-06,META
META260206P00750000,750.0,20.85,20.85,21.15,95.0,26.0,0.2638623419189453,True,PUT,2026-02-06,META
META260206P00755000,755.0,41.7,24.15,24.45,7.0,6.0,0.2557447473144532,True,PUT,2026-02-06,META
META260206P00765000,765.0,47.89,31.35,31.8,8.0,2.0,0.23139196350097657,True,PUT,2026-02-06,META
META260206P00775000,775.0,127.3,38.5,39.95,,0.0,0.131844619140625,True,PUT,2026-02-06,META
META260206P00790000,790.0,56.8,52.1,53.35,1.0,0.0,1.0000000000000003e-05,True,PUT,2026-02-06,META
META260206P00800000,800.0,65.83,60.55,66.1,2.0,0.0,0.3534000207519531,True,PUT,2026-02-06,META
META260213C00520000,520.0,152.45,215.4,221.85,18.0,50.0,1.0638474542236331,True,CALL,2026-02-13,META
META260213C00530000,530.0,208.83,205.45,212.1,2.0,32.0,1.0249072192382815,True,CALL,2026-02-13,META
META260213C00535000,535.0,92.95,200.15,206.95,,1.0,0.9870606762695313,True,CALL,2026-02-13,META
META260213C00540000,540.0,137.05,195.4,201.95,3.0,12.0,0.9710696252441406,True,CALL,2026-02-13,META
META260213C00545000,545.0,132.1,190.4,197.0,20.0,30.0,0.9488530505371093,True,CALL,2026-02-13,META
META260213C00550000,550.0,181.0,185.55,192.0,2.0,15.0,0.929688203125,True,CALL,2026-02-13,META
META260213C00560000,560.0,110.25,175.6,182.85,2.0,4.0,0.9072274902343749,True,CALL,2026-02-13,META
META260213C00565000,565.0,109.95,170.4,177.4,25.0,51.0,0.8665784826660157,True,CALL,2026-02-13,META
META260213C00570000,570.0,104.65,165.65,172.9,10.0,42.0,0.8626722717285156,True,CALL,2026-02-13,META
META260213C00575000,575.0,100.15,160.7,167.15,10.0,29.0,0.8216570568847656,True,CALL,2026-02-13,META
META260213C00580000,580.0,141.33,155.65,161.75,2.0,40.0,0.7872335729980469,True,CALL,2026-02-13,META
META260213C00585000,585.0,153.4,150.75,155.15,1.0,82.0,0.724490059814453,True,CALL,2026-02-13,META
META260213C00590000,590.0,143.7,145.7,152.0,9.0,69.0,0.7495142236328125,True,CALL,2026-02-13,META
META260213C00595000,595.0,83.05,140.85,146.2,31.0,59.0,0.7110624597167969,True,CALL,2026-02-13,META
META260213C00600000,600.0,136.34,138.05,142.1,111.0,282.0,0.7578149218750001,True,CALL,2026-02-13,META
META260213C00605000,605.0,116.51,131.0,134.95,3.0,240.0,0.6395910064697266,True,CALL,2026-02-13,META
META260213C00610000,610.0,125.0,126.35,131.8,53.0,178.0,0.6695589685058594,True,CALL,2026-02-13,META
META260213C00615000,615.0,118.08,122.0,127.7,17.0,172.0,0.6786531158447267,True,CALL,2026-02-13,META
META260213C00620000,620.0,120.0,116.55,121.9,58.0,310.0,0.6308020318603516,True,CALL,2026-02-13,META
META260213C00625000,625.0,114.0,111.75,116.85,32.0,192.0,0.6112099426269533,True,CALL,2026-02-13,META
META260213C00630000,630.0,108.0,106.45,111.8,41.0,251.0,0.5817912915039063,True,CALL,2026-02-13,META
META260213C00635000,635.0,85.55,101.55,105.55,17.0,777.0,0.5366257275390626,True,CALL,2026-02-13,META
META260213C00640000,640.0,99.26,97.95,102.05,82.0,398.0,0.56836369140625,True,CALL,2026-02-13,META
META260213C00645000,645.0,94.36,94.85,96.1,19.0,143.0,0.5607954077148438,True,CALL,2026-02-13,META
META260213C00650000,650.0,90.0,88.5,92.7,74.0,421.0,0.5411422839355471,True,CALL,2026-02-13,META
META260213C00655000,655.0,78.31,82.95,87.2,19.0,163.0,0.501103621826172,True,CALL,2026-02-13,META
META260213C00660000,660.0,80.22,80.4,82.0,90.0,439.0,0.5110522528076171,True,CALL,2026-02-13,META
META260213C00665000,665.0,75.5,75.6,77.35,48.0,338.0,0.5177355355834962,True,CALL,2026-02-13,META
META260213C00670000,670.0,70.29,70.95,72.55,388.0,591.0,0.49750258361816413,True,CALL,2026-02-13,META
META260213C00675000,675.0,63.65,66.3,68.2,128.0,785.0,0.48779809082031256,True,CALL,2026-02-13,META
META260213C00680000,680.0,62.09,61.85,63.35,378.0,1630.0,0.4650932397460938,True,CALL,2026-02-13,META
META260213C00685000,685.0,57.18,57.45,59.15,130.0,342.0,0.4564873687744141,True,CALL,2026-02-13,META
META260213C00690000,690.0,52.5,53.5,54.85,236.0,437.0,0.4441583905029296,True,CALL,2026-02-13,META
META260213C00695000,695.0,49.21,48.9,49.9,99.0,654.0,0.4170895693969726,True,CALL,2026-02-13,META
META260213C00700000,700.0,45.62,45.1,45.55,862.0,1238.0,0.4014952429199219,True,CALL,2026-02-13,META
META260213C00705000,705.0,41.0,41.35,41.8,212.0,496.0,0.39588006469726567,True,CALL,2026-02-13,META
META260213C00710000,710.0,38.15,37.55,37.95,280.0,372.0,0.38614505462646476,True,CALL,2026-02-13,META
META260213C00715000,715.0,33.91,33.95,34.3,255.0,1505.0,0.37781383911132804,True,CALL,2026-02-13,META
META260213C00720000,720.0,29.8,30.8,31.15,727.0,428.0,0.37567763000488286,True,CALL,2026-02-13,META
META260213C00725000,725.0,27.19,27.35,27.7,482.0,480.0,0.3657900335693359,True,CALL,2026-02-13,META
META260213C00730000,730.0,24.74,24.35,24.7,424.0,215.0,0.3607546835327148,True,CALL,2026-02-13,META
META260213C00735000,735.0,21.65,21.55,21.85,192.0,175.0,0.3553226089477538,True,CALL,2026-02-13,META
META260213C00740000,740.0,19.2,19.0,19.25,459.0,172.0,0.3510501907348632,False,CALL,2026-02-13,META
META260213C00745000,745.0,17.15,16.7,16.95,257.0,179.0,0.34870036071777344,False,CALL,2026-02-13,META
META260213C00750000,750.0,15.0,14.5,14.75,1095.0,1586.0,0.34491621887207036,False,CALL,2026-02-13,META
META260213C00755000,755.0,12.41,12.55,12.7,190.0,1547.0,0.3405522488403321,False,CALL,2026-02-13,META
META260213C00760000,760.0,11.3,10.8,11.0,324.0,322.0,0.3391179370117187,False,CALL,2026-02-13,META
META260213C00765000,765.0,9.32,9.3,9.45,181.0,74.0,0.33731741790771486,False,CALL,2026-02-13,META
META260213C00770000,770.0,7.89,8.0,8.15,383.0,77.0,0.3372258660888672,False,CALL,2026-02-13,META
META260213C00775000,775.0,6.67,6.7,6.85,121.0,87.0,0.33408258697509763,False,CALL,2026-02-13,META
META260213C00780000,780.0,5.8,5.75,5.85,300.0,111.0,0.33423517333984376,False,CALL,2026-02-13,META
META260213C00785000,785.0,4.99,4.85,5.0,379.0,203.0,0.33505913970947265,False,CALL,2026-02-13,META
META260213C00790000,790.0,4.31,4.1,4.2,77.0,103.0,0.3343572424316406,False,CALL,2026-02-13,META
META260213C00795000,795.0,3.69,3.5,3.6,199.0,237.0,0.33637138244628906,False,CALL,2026-02-13,META
META260213C00800000,800.0,3.15,2.99,3.1,793.0,265.0,0.33899586791992187,False,CALL,2026-02-13,META
META260213C00805000,805.0,2.68,2.6,2.66,71.0,25.0,0.3414372497558594,False,CALL,2026-02-13,META
META260213C00810000,810.0,2.29,2.18,2.25,167.0,51.0,0.34265794067382804,False,CALL,2026-02-13,META
META260213C00815000,815.0,1.9,1.86,1.92,41.0,34.0,0.34491621887207036,False,CALL,2026-02-13,META
META260213C00820000,820.0,1.63,1.61,1.66,63.0,34.0,0.3482731188964844,False,CALL,2026-02-13,META
META260213C00825000,825.0,1.43,1.39,1.45,34.0,40.0,0.3523013989257812,False,CALL,2026-02-13,META
META260213C00830000,830.0,1.19,1.19,1.24,36.0,14.0,0.35474278076171867,False,CALL,2026-02-13,META
META260213C00835000,835.0,1.04,1.04,1.1,30.0,26.0,0.3597476135253906,False,CALL,2026-02-13,META
META260213C00840000,840.0,0.93,0.91,0.95,9.0,27.0,0.3627993408203125,False,CALL,2026-02-13,META
META260213C00845000,845.0,0.78,0.82,0.85,22.0,18.0,0.36817038085937503,False,CALL,2026-02-13,META
META260213C00850000,850.0,0.71,0.71,0.74,73.0,54.0,0.3715883154296875,False,CALL,2026-02-13,META
META260213C00855000,855.0,0.44,0.62,0.66,55.0,7.0,0.3764710791015625,False,CALL,2026-02-13,META
META260213C00860000,860.0,0.3,0.53,0.57,13.0,11.0,0.37915659912109373,False,CALL,2026-02-13,META
META260213C00870000,870.0,0.45,0.42,0.45,77.0,205.0,0.38794557373046873,False,CALL,2026-02-13,META
META260213C00875000,875.0,0.26,0.38,0.42,4.0,25.0,0.39502558105468755,False,CALL,2026-02-13,META
META260213C00880000,880.0,0.24,0.34,0.37,12.0,106.0,0.398443515625,False,CALL,2026-02-13,META
META260213C00885000,885.0,0.3,0.3,0.34,3.0,1.0,0.40430283203125,False,CALL,2026-02-13,META
META260213C00890000,890.0,0.43,0.27,0.3,2.0,7.0,0.40772076660156253,False,CALL,2026-02-13,META
META260213C00895000,895.0,0.21,0.24,0.28,10.0,10.0,0.414068359375,False,CALL,2026-02-13,META
META260213C00900000,900.0,0.23,0.24,0.25,206.0,153.0,0.41797457031249996,False,CALL,2026-02-13,META
META260213C00910000,910.0,0.11,0.01,0.35,11.0,19.0,0.45703667968750006,False,CALL,2026-02-13,META
META260213C00915000,915.0,0.18,0.01,0.87,2.0,5.0,0.534184345703125,False,CALL,2026-02-13,META
META260213C00920000,920.0,0.1,0.01,0.15,3.0,8.0,0.42969320312500003,False,CALL,2026-02-13,META
META260213C00925000,925.0,0.1,0.01,0.15,79.0,300.0,0.43848217773437503,False,CALL,2026-02-13,META
META260213C00930000,930.0,0.22,0.01,1.42,3.0,106.0,0.5494429821777345,False,CALL,2026-02-13,META
META260213C00935000,935.0,0.07,0.0,0.52,1.0,11.0,0.534184345703125,False,CALL,2026-02-13,META
META260213C00940000,940.0,0.08,0.0,1.15,1.0,14.0,0.5520064331054688,False,CALL,2026-02-13,META
META260213P00515000,515.0,0.08,0.0,0.38,20.0,121.0,0.6865265722656251,False,PUT,2026-02-13,META
META260213P00520000,520.0,0.09,0.0,0.63,6.0,58.0,0.711916943359375,False,PUT,2026-02-13,META
META260213P00525000,525.0,0.11,0.02,0.18,165.0,209.0,0.6074258007812501,False,PUT,2026-02-13,META
META260213P00530000,530.0,0.13,0.05,0.2,58.0,795.0,0.6064492480468751,False,PUT,2026-02-13,META
META260213P00535000,535.0,0.13,0.01,0.19,25.0,177.0,0.57617611328125,False,PUT,2026-02-13,META
META260213P00540000,540.0,0.12,0.1,0.21,45.0,200.0,0.5888712988281251,False,PUT,2026-02-13,META
META260213P00545000,545.0,0.17,0.0,0.25,3.0,84.0,0.559574716796875,False,PUT,2026-02-13,META
META260213P00550000,550.0,0.17,0.15,0.2,79.0,320.0,0.5654340332031251,False,PUT,2026-02-13,META
META260213P00555000,555.0,0.22,0.02,0.22,52.0,195.0,0.526371923828125,False,PUT,2026-02-13,META
META260213P00560000,560.0,0.2,0.18,0.37,73.0,326.0,0.5644574804687501,False,PUT,2026-02-13,META
META260213P00565000,565.0,0.21,0.18,0.24,1644.0,1791.0,0.5293015820312501,False,PUT,2026-02-13,META
META260213P00570000,570.0,0.26,0.19,0.28,87.0,347.0,0.5210008837890624,False,PUT,2026-02-13,META
META260213P00575000,575.0,0.25,0.23,0.31,148.0,272.0,0.5141650146484374,False,PUT,2026-02-13,META
META260213P00580000,580.0,0.27,0.27,0.3,210.0,1401.0,0.5014698291015626,False,PUT,2026-02-13,META
META260213P00585000,585.0,0.33,0.3,0.33,94.0,342.0,0.495122236328125,False,PUT,2026-02-13,META
META260213P00590000,590.0,0.35,0.33,0.36,188.0,377.0,0.4848684326171875,False,PUT,2026-02-13,META
META260213P00595000,595.0,0.36,0.36,0.4,114.0,352.0,0.47559118164062497,False,PUT,2026-02-13,META
META260213P00600000,600.0,0.42,0.42,0.44,255.0,540.0,0.46582565429687506,False,PUT,2026-02-13,META
META260213P00605000,605.0,0.46,0.46,0.49,114.0,306.0,0.4567925415039063,False,PUT,2026-02-13,META
META260213P00610000,610.0,0.55,0.51,0.54,178.0,386.0,0.4467828759765625,False,PUT,2026-02-13,META
META260213P00615000,615.0,0.58,0.57,0.59,122.0,259.0,0.43604079589843747,False,PUT,2026-02-13,META
META260213P00620000,620.0,0.68,0.63,0.66,314.0,415.0,0.4270076831054688,False,PUT,2026-02-13,META
META260213P00625000,625.0,0.7,0.71,0.75,209.0,346.0,0.41919526123046874,False,PUT,2026-02-13,META
META260213P00630000,630.0,0.84,0.8,0.83,214.0,218.0,0.40918559570312496,False,PUT,2026-02-13,META
META260213P00635000,635.0,0.9,0.93,0.94,166.0,247.0,0.4007628283691406,False,PUT,2026-02-13,META
META260213P00640000,640.0,1.02,1.02,1.06,85.0,410.0,0.39197385375976557,False,PUT,2026-02-13,META
META260213P00645000,645.0,1.19,1.16,1.2,122.0,243.0,0.3834290173339844,False,PUT,2026-02-13,META
META260213P00650000,650.0,1.42,1.33,1.37,443.0,395.0,0.3753724572753906,False,PUT,2026-02-13,META
META260213P00655000,655.0,1.53,1.55,1.6,43.0,113.0,0.36926900268554685,False,PUT,2026-02-13,META
META260213P00660000,660.0,2.01,1.78,1.83,98.0,622.0,0.36133451171875,False,PUT,2026-02-13,META
META260213P00665000,665.0,2.16,2.08,2.14,147.0,109.0,0.3552310571289062,False,PUT,2026-02-13,META
META260213P00670000,670.0,2.4,2.43,2.48,209.0,321.0,0.3485172570800781,False,PUT,2026-02-13,META
META260213P00675000,675.0,2.85,2.83,2.9,119.0,130.0,0.3425969061279296,False,PUT,2026-02-13,META
META260213P00680000,680.0,3.52,3.3,3.4,235.0,219.0,0.3371037969970704,False,PUT,2026-02-13,META
META260213P00685000,685.0,4.45,3.85,4.0,83.0,35.0,0.33222103332519537,False,PUT,2026-02-13,META
META260213P00690000,690.0,4.55,4.55,4.7,177.0,33.0,0.3275213732910156,False,PUT,2026-02-13,META
META260213P00695000,695.0,5.55,5.3,5.4,148.0,48.0,0.32022774505615226,False,PUT,2026-02-13,META
META260213P00700000,700.0,6.27,6.3,6.45,1442.0,107.0,0.31836619140624994,False,PUT,2026-02-13,META
META260213P00705000,705.0,7.56,7.35,7.55,82.0,37.0,0.31439894592285156,False,PUT,2026-02-13,META
META260213P00710000,710.0,8.68,8.55,8.7,120.0,47.0,0.3085091122436523,False,PUT,2026-02-13,META
META260213P00715000,715.0,10.1,10.0,10.2,152.0,28.0,0.3061287649536133,False,PUT,2026-02-13,META
META260213P00720000,720.0,11.55,11.55,11.75,177.0,26.0,0.3013680703735352,False,PUT,2026-02-13,META
META260213P00725000,725.0,16.1,13.3,13.55,117.0,72.0,0.29761444580078117,False,PUT,2026-02-13,META
META260213P00730000,730.0,16.4,15.35,15.6,200.0,74.0,0.29465427032470703,False,PUT,2026-02-13,META
META260213P00735000,735.0,17.47,17.55,17.75,86.0,37.0,0.2898020239257812,False,PUT,2026-02-13,META
META260213P00750000,750.0,25.6,25.45,25.75,70.0,3.0,0.27857166748046874,True,PUT,2026-02-13,META
META260213P00760000,760.0,32.9,31.7,32.05,10.0,44.0,0.2677990701293945,True,PUT,2026-02-13,META
META260213P00785000,785.0,136.65,50.2,51.8,,0.0,0.2461012890625,True,PUT,2026-02-13,META
META260213P00790000,790.0,121.15,54.0,54.8,15.0,15.0,1.0000000000000003e-05,True,PUT,2026-02-13,META
META260213P00880000,880.0,154.4,140.2,145.75,5.0,0.0,0.45117736328125,True,PUT,2026-02-13,META
META260220C00515000,515.0,148.97,220.8,227.85,10.0,17.0,0.9445195977783203,True,CALL,2026-02-20,META
META260220C00520000,520.0,202.0,215.95,221.35,6.0,250.0,0.8886119537353514,True,CALL,2026-02-20,META
META260220C00525000,525.0,116.0,210.65,217.4,1.0,29.0,0.8878185046386717,True,CALL,2026-02-20,META
META260220C00530000,530.0,192.45,205.9,211.55,1.0,50.0,0.8522353643798828,True,CALL,2026-02-20,META
META260220C00535000,535.0,189.8,200.85,206.45,2.0,50.0,0.8283708569335937,True,CALL,2026-02-20,META
META260220C00540000,540.0,178.34,195.8,201.6,1.0,77.0,0.8111591149902342,True,CALL,2026-02-20,META
META260220C00545000,545.0,118.4,190.9,198.0,12.0,63.0,0.826600855102539,True,CALL,2026-02-20,META
META260220C00550000,550.0,188.9,188.35,190.6,92.0,3248.0,0.8074970422363281,True,CALL,2026-02-20,META
META260220C00555000,555.0,122.4,181.1,186.1,45.0,199.0,0.7475611181640626,True,CALL,2026-02-20,META
META260220C00560000,560.0,161.91,176.2,181.75,33.0,239.0,0.7455469781494142,True,CALL,2026-02-20,META
META260220C00565000,565.0,156.0,171.2,177.0,1.0,87.0,0.7315700671386718,True,CALL,2026-02-20,META
META260220C00570000,570.0,150.39,166.3,171.35,38.0,183.0,0.7001372760009765,True,CALL,2026-02-20,META
META260220C00575000,575.0,99.8,161.3,166.5,10.0,92.0,0.6842072595214845,True,CALL,2026-02-20,META
META260220C00580000,580.0,158.0,156.75,161.8,51.0,653.0,0.6804841522216798,True,CALL,2026-02-20,META
META260220C00585000,585.0,142.0,151.45,156.7,14.0,257.0,0.6532017102050782,True,CALL,2026-02-20,META
META260220C00590000,590.0,150.0,146.95,151.85,86.0,873.0,0.6466710137939453,True,CALL,2026-02-20,META
META260220C00595000,595.0,146.6,142.45,145.8,1.0,320.0,0.6170082244873047,True,CALL,2026-02-20,META
META260220C00600000,600.0,140.01,139.35,141.0,341.0,3582.0,0.6354406573486329,True,CALL,2026-02-20,META
META260220C00602500,602.5,75.5,134.2,139.3,2.0,56.0,0.5931437170410157,True,CALL,2026-02-20,META
META260220C00605000,605.0,135.0,131.75,136.6,27.0,433.0,0.5809368078613282,True,CALL,2026-02-20,META
META260220C00607500,607.5,120.0,131.2,133.55,18.0,138.0,0.5959513061523438,True,CALL,2026-02-20,META
META260220C00610000,610.0,130.75,129.65,131.1,155.0,997.0,0.6025430371093752,True,CALL,2026-02-20,META
META260220C00612500,612.5,125.27,126.9,128.45,2.0,283.0,0.5863078479003907,True,CALL,2026-02-20,META
META260220C00615000,615.0,124.0,124.75,126.45,22.0,467.0,0.5897868170166016,True,CALL,2026-02-20,META
META260220C00617500,617.5,117.04,119.55,123.85,3.0,502.0,0.5346115875244142,True,CALL,2026-02-20,META
META260220C00620000,620.0,120.48,118.8,121.45,680.0,3052.0,0.5553633331298828,True,CALL,2026-02-20,META
META260220C00622500,622.5,60.0,114.6,119.0,10.0,90.0,0.5191698474121094,True,CALL,2026-02-20,META
META260220C00625000,625.0,114.87,114.95,117.75,189.0,1371.0,0.5716595568847658,True,CALL,2026-02-20,META
META260220C00627500,627.5,110.2,109.75,114.05,2.0,84.0,0.5035450036621094,True,CALL,2026-02-20,META
META260220C00630000,630.0,110.09,110.45,111.8,369.0,1544.0,0.5452010812377931,True,CALL,2026-02-20,META
META260220C00632500,632.5,100.4,104.95,110.75,27.0,120.0,0.5133105310058592,True,CALL,2026-02-20,META
META260220C00635000,635.0,105.25,105.4,106.9,70.0,1726.0,0.5257615783691407,True,CALL,2026-02-20,META
META260220C00637500,637.5,98.25,100.1,106.05,5.0,82.0,0.5000355172729493,True,CALL,2026-02-20,META
META260220C00640000,640.0,101.27,100.45,102.55,379.0,2892.0,0.5148363946533203,True,CALL,2026-02-20,META
META260220C00642500,642.5,97.65,95.65,100.2,4.0,83.0,0.5344284838867188,True,CALL,2026-02-20,META
META260220C00645000,645.0,96.84,96.05,97.2,173.0,1020.0,0.511876219177246,True,CALL,2026-02-20,META
META260220C00647500,647.5,81.73,92.75,95.1,15.0,82.0,0.5110522528076171,True,CALL,2026-02-20,META
META260220C00650000,650.0,91.77,91.25,92.55,1346.0,7058.0,0.4993641372680664,True,CALL,2026-02-20,META
META260220C00655000,655.0,87.7,86.25,87.95,216.0,879.0,0.48743188354492195,True,CALL,2026-02-20,META
META260220C00660000,660.0,83.08,81.75,83.2,1779.0,3568.0,0.47162393615722653,True,CALL,2026-02-20,META
META260220C00665000,665.0,77.88,77.1,78.7,537.0,1775.0,0.4606377178955079,True,CALL,2026-02-20,META
META260220C00670000,670.0,73.2,72.75,73.75,2498.0,6266.0,0.4397639031982422,True,CALL,2026-02-20,META
META260220C00675000,675.0,67.87,68.75,70.05,747.0,2369.0,0.4429987341308594,True,CALL,2026-02-20,META
META260220C00680000,680.0,65.3,63.9,65.35,1216.0,3800.0,0.4257259576416016,True,CALL,2026-02-20,META
META260220C00685000,685.0,60.1,60.1,61.4,377.0,1045.0,0.42127043579101564,True,CALL,2026-02-20,META
META260220C00690000,690.0,56.44,55.4,56.8,1915.0,3319.0,0.40427231475830083,True,CALL,2026-02-20,META
META260220C00695000,695.0,52.5,51.75,52.2,340.0,2113.0,0.3865722964477538,True,CALL,2026-02-20,META
META260220C00700000,700.0,48.55,47.65,48.05,9320.0,19022.0,0.3753724572753906,True,CALL,2026-02-20,META
META260220C00705000,705.0,44.76,44.05,44.4,2028.0,2629.0,0.37058124542236326,True,CALL,2026-02-20,META
META260220C00710000,710.0,40.97,40.5,40.85,1765.0,2456.0,0.36557641265869145,True,CALL,2026-02-20,META
META260220C00715000,715.0,37.6,37.0,37.35,1099.0,1586.0,0.3594729580688476,True,CALL,2026-02-20,META
META260220C00720000,720.0,33.9,33.7,34.0,2824.0,2777.0,0.35370519348144525,True,CALL,2026-02-20,META
META260220C00725000,725.0,30.6,30.55,30.9,2221.0,1223.0,0.34952432708740233,True,CALL,2026-02-20,META
META260220C00730000,730.0,28.15,27.65,27.9,3137.0,2729.0,0.34470259796142577,True,CALL,2026-02-20,META
META260220C00735000,735.0,25.48,24.8,25.1,1103.0,650.0,0.3405522488403321,True,CALL,2026-02-20,META
META260220C00740000,740.0,22.76,22.45,22.65,3041.0,3154.0,0.3390263851928711,False,CALL,2026-02-20,META
META260220C00745000,745.0,20.12,19.85,20.05,665.0,751.0,0.3333043965148926,False,CALL,2026-02-20,META
META260220C00750000,750.0,17.71,17.65,17.85,11957.0,10379.0,0.3308477560424804,False,CALL,2026-02-20,META
META260220C00755000,755.0,15.77,15.6,15.8,1009.0,430.0,0.3282232705688476,False,CALL,2026-02-20,META
META260220C00760000,760.0,13.21,13.75,13.95,1492.0,4075.0,0.3262396478271484,False,CALL,2026-02-20,META
META260220C00765000,765.0,11.6,12.1,12.3,1260.0,525.0,0.324927405090332,False,CALL,2026-02-20,META
META260220C00770000,770.0,10.9,10.55,10.75,2640.0,2416.0,0.32294378234863275,False,CALL,2026-02-20,META
META260220C00775000,775.0,8.97,9.15,9.35,773.0,761.0,0.3210517114257812,False,CALL,2026-02-20,META
META260220C00780000,780.0,8.32,8.2,8.3,763.0,3431.0,0.32285223052978507,False,CALL,2026-02-20,META
META260220C00785000,785.0,6.97,7.0,7.15,175.0,332.0,0.3208686077880859,False,CALL,2026-02-20,META
META260220C00790000,790.0,6.16,6.0,6.15,1141.0,1367.0,0.3194342959594726,False,CALL,2026-02-20,META
META260220C00795000,795.0,5.46,5.25,5.35,801.0,697.0,0.31986153778076165,False,CALL,2026-02-20,META
META260220C00800000,800.0,4.58,4.55,4.65,4726.0,5830.0,0.3205024005126953,False,CALL,2026-02-20,META
META260220C00805000,805.0,3.97,3.95,4.05,200.0,237.0,0.32166205688476557,False,CALL,2026-02-20,META
META260220C00810000,810.0,3.5,3.45,3.55,450.0,1432.0,0.32355412780761705,False,CALL,2026-02-20,META
META260220C00815000,815.0,2.87,2.98,3.05,235.0,143.0,0.3237372314453124,False,CALL,2026-02-20,META
META260220C00820000,820.0,2.7,2.62,2.68,256.0,2008.0,0.3261175787353515,False,CALL,2026-02-20,META
META260220C00825000,825.0,2.4,2.29,2.35,173.0,939.0,0.32831482238769527,False,CALL,2026-02-20,META
META260220C00830000,830.0,2.1,2.0,2.05,336.0,1377.0,0.3301458587646484,False,CALL,2026-02-20,META
META260220C00835000,835.0,1.77,1.77,1.81,112.0,138.0,0.33289241333007813,False,CALL,2026-02-20,META
META260220C00840000,840.0,1.57,1.56,1.61,203.0,839.0,0.33618827880859375,False,CALL,2026-02-20,META
META260220C00845000,845.0,1.26,1.37,1.41,19.0,166.0,0.3382634533691406,False,CALL,2026-02-20,META
META260220C00850000,850.0,1.26,1.24,1.28,206.0,2781.0,0.34278000976562495,False,CALL,2026-02-20,META
META260220C00855000,855.0,1.1,1.08,1.12,9.0,72.0,0.34479414978027345,False,CALL,2026-02-20,META
META260220C00860000,860.0,0.97,0.98,1.02,105.0,941.0,0.3493717407226562,False,CALL,2026-02-20,META
META260220C00865000,865.0,0.8,0.87,0.91,6.0,63.0,0.35242346801757807,False,CALL,2026-02-20,META
META260220C00870000,870.0,0.77,0.79,0.82,71.0,1008.0,0.35608554077148435,False,CALL,2026-02-20,META
META260220C00875000,875.0,0.7,0.7,0.74,12.0,74.0,0.35962554443359374,False,CALL,2026-02-20,META
META260220C00880000,880.0,0.57,0.63,0.67,21.0,642.0,0.36340968627929693,False,CALL,2026-02-20,META
META260220C00885000,885.0,0.65,0.57,0.6,10.0,57.0,0.36646141357421874,False,CALL,2026-02-20,META
META260220C00890000,890.0,0.46,0.5,0.53,38.0,501.0,0.36865865722656255,False,CALL,2026-02-20,META
META260220C00895000,895.0,0.44,0.46,0.49,12.0,41.0,0.37329728271484375,False,CALL,2026-02-20,META
META260220C00900000,900.0,0.41,0.4,0.44,453.0,2667.0,0.37622694091796877,False,CALL,2026-02-20,META
META260220C00905000,905.0,0.36,0.36,0.4,7.0,12.0,0.37964487548828124,False,CALL,2026-02-20,META
META260220C00910000,910.0,0.3,0.34,0.37,56.0,238.0,0.38403936279296874,False,CALL,2026-02-20,META
META260220C00915000,915.0,0.27,0.3,0.33,7.0,39.0,0.3864807446289062,False,CALL,2026-02-20,META
META260220C00920000,920.0,0.24,0.27,0.3,40.0,356.0,0.389654541015625,False,CALL,2026-02-20,META
META260220C00925000,925.0,0.25,0.25,0.28,10.0,402.0,0.3942931665039063,False,CALL,2026-02-20,META
META260220C00930000,930.0,0.2,0.22,0.25,48.0,606.0,0.39649041015625003,False,CALL,2026-02-20,META
META260220C00935000,935.0,0.3,0.0,0.3,2.0,636.0,0.41358008300781246,False,CALL,2026-02-20,META
META260220C00940000,940.0,0.15,0.15,0.29,3.0,98.0,0.41968353759765625,False,CALL,2026-02-20,META
META260220C00945000,945.0,0.34,0.0,0.88,1.0,14.0,0.4997608618164063,False,CALL,2026-02-20,META
META260220C00950000,950.0,0.15,0.11,0.24,31.0,751.0,0.42529871582031253,False,CALL,2026-02-20,META
META260220C00955000,955.0,0.11,0.0,0.48,10.0,45.0,0.4731497998046875,False,CALL,2026-02-20,META
META260220P00515000,515.0,0.17,0.05,0.24,11.0,151.0,0.5546919531250001,False,PUT,2026-02-20,META
META260220P00520000,520.0,0.21,0.13,0.28,52.0,1338.0,0.5634809277343751,False,PUT,2026-02-20,META
META260220P00525000,525.0,0.25,0.2,0.26,481.0,727.0,0.5566450585937501,False,PUT,2026-02-20,META
META260220P00530000,530.0,0.22,0.16,0.26,516.0,2339.0,0.5366257275390626,False,PUT,2026-02-20,META
META260220P00535000,535.0,0.32,0.15,0.44,82.0,369.0,0.5454147021484376,False,PUT,2026-02-20,META
META260220P00540000,540.0,0.25,0.21,0.32,381.0,2004.0,0.5239305419921875,False,PUT,2026-02-20,META
META260220P00545000,545.0,0.3,0.21,0.49,113.0,694.0,0.5285691674804689,False,PUT,2026-02-20,META
META260220P00550000,550.0,0.31,0.25,0.45,1627.0,5239.0,0.5141650146484374,False,PUT,2026-02-20,META
META260220P00555000,555.0,0.37,0.29,0.37,197.0,802.0,0.5039112109375,False,PUT,2026-02-20,META
META260220P00560000,560.0,0.36,0.33,0.37,365.0,1741.0,0.48950705810546885,False,PUT,2026-02-20,META
META260220P00565000,565.0,0.4,0.37,0.4,190.0,736.0,0.4804739453125,False,PUT,2026-02-20,META
META260220P00570000,570.0,0.4,0.41,0.44,3288.0,6516.0,0.4726615234375,False,PUT,2026-02-20,META
META260220P00575000,575.0,0.47,0.45,0.48,700.0,1117.0,0.4643608251953125,False,PUT,2026-02-20,META
META260220P00580000,580.0,0.51,0.49,0.52,790.0,6349.0,0.45532771240234376,False,PUT,2026-02-20,META
META260220P00585000,585.0,0.56,0.54,0.57,374.0,871.0,0.44727115234375,False,PUT,2026-02-20,META
META260220P00590000,590.0,0.61,0.59,0.63,1074.0,2684.0,0.43970286865234376,False,PUT,2026-02-20,META
META260220P00595000,595.0,0.68,0.65,0.69,548.0,1591.0,0.43140217041015627,False,PUT,2026-02-20,META
META260220P00600000,600.0,0.74,0.72,0.75,4334.0,11525.0,0.4226131958007812,False,PUT,2026-02-20,META
META260220P00602500,602.5,0.75,0.75,0.79,42.0,127.0,0.418951123046875,False,PUT,2026-02-20,META
META260220P00605000,605.0,0.83,0.78,0.82,520.0,737.0,0.414068359375,False,PUT,2026-02-20,META
META260220P00607500,607.5,0.82,0.82,0.86,57.0,92.0,0.4100400793457031,False,PUT,2026-02-20,META
META260220P00610000,610.0,0.92,0.88,0.91,747.0,2911.0,0.4066221447753906,False,PUT,2026-02-20,META
META260220P00612500,612.5,1.27,0.92,0.95,40.0,208.0,0.4022276574707031,False,PUT,2026-02-20,META
META260220P00615000,615.0,0.98,0.96,1.0,635.0,1333.0,0.398443515625,False,PUT,2026-02-20,META
META260220P00617500,617.5,1.23,1.02,1.05,56.0,101.0,0.39441523559570313,False,PUT,2026-02-20,META
META260220P00620000,620.0,1.1,1.07,1.11,1460.0,5790.0,0.39087523193359375,False,PUT,2026-02-20,META
META260220P00622500,622.5,1.35,1.11,1.15,51.0,143.0,0.38587039916992183,False,PUT,2026-02-20,META
META260220P00625000,625.0,1.2,1.18,1.22,559.0,1942.0,0.3825745336914062,False,PUT,2026-02-20,META
META260220P00627500,627.5,1.26,1.26,1.3,73.0,574.0,0.3795228063964844,False,PUT,2026-02-20,META
META260220P00630000,630.0,1.37,1.35,1.38,635.0,3995.0,0.37622694091796877,False,PUT,2026-02-20,META
META260220P00632500,632.5,1.64,1.41,1.46,90.0,449.0,0.3727479718017578,False,PUT,2026-02-20,META
META260220P00635000,635.0,1.5,1.49,1.53,464.0,1694.0,0.3684755535888672,False,PUT,2026-02-20,META
META260220P00637500,637.5,1.56,1.59,1.64,117.0,145.0,0.36597313720703123,False,PUT,2026-02-20,META
META260220P00640000,640.0,1.7,1.69,1.74,2341.0,5541.0,0.36261623718261715,False,PUT,2026-02-20,META
META260220P00642500,642.5,1.79,1.8,1.85,58.0,95.0,0.3594424407958984,False,PUT,2026-02-20,META
META260220P00645000,645.0,1.99,1.92,1.97,342.0,671.0,0.35645174804687496,False,PUT,2026-02-20,META
META260220P00647500,647.5,2.1,2.04,2.09,77.0,101.0,0.3530338134765625,False,PUT,2026-02-20,META
META260220P00650000,650.0,2.18,2.16,2.21,2948.0,4280.0,0.34943277526855465,False,PUT,2026-02-20,META
META260220P00655000,655.0,2.5,2.49,2.54,1778.0,1180.0,0.34448897705078124,False,PUT,2026-02-20,META
META260220P00660000,660.0,2.98,2.86,2.92,2977.0,3955.0,0.3397282824707031,False,PUT,2026-02-20,META
META260220P00665000,665.0,3.27,3.2,3.25,546.0,1310.0,0.3319158605957031,False,PUT,2026-02-20,META
META260220P00670000,670.0,3.75,3.7,3.8,2651.0,2781.0,0.32898620239257803,False,PUT,2026-02-20,META
META260220P00675000,675.0,4.45,4.25,4.4,539.0,746.0,0.32529361236572263,False,PUT,2026-02-20,META
META260220P00680000,680.0,4.85,4.85,5.0,1358.0,2204.0,0.31976998596191397,False,PUT,2026-02-20,META
META260220P00685000,685.0,5.62,5.65,5.75,338.0,256.0,0.31580274047851553,False,PUT,2026-02-20,META
META260220P00690000,690.0,6.4,6.45,6.55,1138.0,859.0,0.3108894595336914,False,PUT,2026-02-20,META
META260220P00695000,695.0,7.45,7.4,7.6,351.0,246.0,0.30869221588134765,False,PUT,2026-02-20,META
META260220P00700000,700.0,8.4,8.4,8.55,2525.0,2011.0,0.3025887612915039,False,PUT,2026-02-20,META
META260220P00705000,705.0,9.5,9.75,9.95,348.0,202.0,0.30191738128662116,False,PUT,2026-02-20,META
META260220P00710000,710.0,11.1,11.1,11.3,2096.0,1231.0,0.2980416876220703,False,PUT,2026-02-20,META
META260220P00715000,715.0,12.8,12.55,12.75,443.0,112.0,0.2934640966796874,False,PUT,2026-02-20,META
META260220P00720000,720.0,14.32,14.35,14.45,3225.0,4093.0,0.2902292657470703,False,PUT,2026-02-20,META
META260220P00725000,725.0,15.95,16.1,16.3,767.0,122.0,0.2866892620849609,False,PUT,2026-02-20,META
META260220P00730000,730.0,17.9,18.2,18.35,605.0,1272.0,0.2834849484252929,False,PUT,2026-02-20,META
META260220P00735000,735.0,20.14,20.25,20.45,620.0,236.0,0.27841908111572267,False,PUT,2026-02-20,META
META260220P00740000,740.0,22.59,22.85,23.1,660.0,527.0,0.2782359774780273,True,PUT,2026-02-20,META
META260220P00745000,745.0,25.93,25.35,25.65,107.0,71.0,0.2740551110839844,True,PUT,2026-02-20,META
META260220P00750000,750.0,28.26,28.15,28.4,1614.0,1020.0,0.26987424468994137,True,PUT,2026-02-20,META
META260220P00755000,755.0,32.0,31.05,31.4,69.0,10.0,0.26639527557373044,True,PUT,2026-02-20,META
META260220P00760000,760.0,35.2,34.25,34.6,116.0,207.0,0.26297734100341796,True,PUT,2026-02-20,META
META260220P00765000,765.0,38.77,37.35,37.75,18.0,4.0,0.2556226782226563,True,PUT,2026-02-20,META
META260220P00770000,770.0,45.01,41.05,41.5,18.0,260.0,0.2547987118530274,True,PUT,2026-02-20,META
META260220P00775000,775.0,49.5,44.7,45.15,24.0,1.0,0.24912249908447265,True,PUT,2026-02-20,META
META260220P00780000,780.0,55.11,48.55,49.0,5.0,44.0,0.24353783813476562,True,PUT,2026-02-20,META
META260220P00785000,785.0,58.15,52.5,52.95,2.0,0.0,0.23596955444335935,True,PUT,2026-02-20,META
META260220P00790000,790.0,69.65,55.55,57.05,2.0,59.0,0.22699747619628902,True,PUT,2026-02-20,META
META260220P00795000,795.0,65.65,59.85,60.9,2.0,0.0,0.2000812414550781,True,PUT,2026-02-20,META
META260220P00800000,800.0,72.0,64.0,66.2,33.0,72.0,0.22522747436523435,True,PUT,2026-02-20,META
META260220P00805000,805.0,83.25,68.55,70.6,3.0,10.0,0.20887021606445308,True,PUT,2026-02-20,META
META260220P00810000,810.0,138.7,73.1,75.0,30.0,47.0,0.1601646484375,True,PUT,2026-02-20,META
META260220P00820000,820.0,100.0,82.3,84.7,2.0,0.0,1.0000000000000003e-05,True,PUT,2026-02-20,META
META260220P00830000,830.0,95.0,91.05,93.2,6.0,0.0,1.0000000000000003e-05,True,PUT,2026-02-20,META
META260220P00840000,840.0,105.54,100.45,105.2,1.0,0.0,0.24805439453125,True,PUT,2026-02-20,META
META260220P00845000,845.0,237.82,105.5,110.15,1.0,0.0,0.25049577636718745,True,PUT,2026-02-20,META
META260220P00850000,850.0,120.0,110.65,115.15,1.0,0.0,0.25928475097656256,True,PUT,2026-02-20,META
META260220P00860000,860.0,125.12,120.3,125.45,1.0,0.0,0.3127510131835937,True,PUT,2026-02-20,META
META260220P00870000,870.0,236.72,211.0,217.25,5.0,0.0,1.7112746369934082,True,PUT,2026-02-20,META
META260220P00880000,880.0,233.85,229.35,236.8,1.0,0.0,1.8716742256164554,True,PUT,2026-02-20,META
META260220P00885000,885.0,219.33,145.05,150.45,,0.0,0.35962554443359374,True,PUT,2026-02-20,META
META260220P00890000,890.0,231.1,239.65,246.8,5.0,0.0,1.9101566992187502,True,PUT,2026-02-20,META
META260220P00900000,900.0,294.25,159.85,165.35,1.0,0.0,0.37500625,True,PUT,2026-02-20,META
META260220P00905000,905.0,299.27,165.0,170.4,1.0,0.0,0.3898986791992188,True,PUT,2026-02-20,META
META260220P00910000,910.0,234.75,259.65,266.8,16.0,0.0,1.9804688476562502,True,PUT,2026-02-20,META
META260220P00920000,920.0,241.65,269.65,276.8,4.0,0.0,2.0144702958679197,True,PUT,2026-02-20,META
META260220P00930000,930.0,182.45,221.6,224.1,,1.0,1.1525616102600098,True,PUT,2026-02-20,META
META260220P00950000,950.0,335.05,291.0,296.9,,0.0,1.982452480316162,True,PUT,2026-02-20,META
META260227C00515000,515.0,98.09,221.25,228.35,3.0,4.0,0.8474136352539061,True,CALL,2026-02-27,META
META260227C00520000,520.0,132.85,215.65,223.55,,1.0,0.8203753314208984,True,CALL,2026-02-27,META
META260227C00525000,525.0,89.27,210.95,218.7,3.0,3.0,0.8111591149902342,True,CALL,2026-02-27,META
META260227C00530000,530.0,106.61,206.0,213.65,1.0,2.0,0.7927266821289063,True,CALL,2026-02-27,META
META260227C00540000,540.0,137.57,196.0,203.55,2.0,4.0,0.7542749182128907,True,CALL,2026-02-27,META
META260227C00545000,545.0,77.0,191.1,198.8,2.0,2.0,0.7428614581298827,True,CALL,2026-02-27,META
META260227C00550000,550.0,186.54,186.0,193.6,10.0,11.0,0.7193021234130859,True,CALL,2026-02-27,META
META260227C00555000,555.0,119.9,181.0,188.9,11.0,40.0,0.7069121105957032,True,CALL,2026-02-27,META
META260227C00560000,560.0,117.1,176.0,183.6,15.0,114.0,0.6837189831542969,True,CALL,2026-02-27,META
META260227C00565000,565.0,56.95,171.8,178.85,1.0,0.0,0.6841462249755861,True,CALL,2026-02-27,META
META260227C00570000,570.0,167.3,166.8,174.1,10.0,4.0,0.6703524176025393,True,CALL,2026-02-27,META
META260227C00575000,575.0,96.5,161.3,169.05,3.0,13.0,0.6436192864990236,True,CALL,2026-02-27,META
META260227C00580000,580.0,148.14,157.0,162.6,6.0,23.0,0.6137733935546876,True,CALL,2026-02-27,META
META260227C00585000,585.0,92.83,152.15,157.35,1.0,12.0,0.5948526843261719,True,CALL,2026-02-27,META
META260227C00590000,590.0,138.42,147.2,152.05,1.0,31.0,0.5736126623535156,True,CALL,2026-02-27,META
META260227C00595000,595.0,87.28,143.75,146.65,42.0,47.0,0.5744061114501953,True,CALL,2026-02-27,META
META260227C00600000,600.0,138.04,138.25,142.2,9.0,166.0,0.5578657495117189,True,CALL,2026-02-27,META
META260227C00605000,605.0,125.0,132.9,137.75,2.0,33.0,0.5434615966796876,True,CALL,2026-02-27,META
META260227C00610000,610.0,120.67,127.75,133.25,5.0,84.0,0.5310410665893556,True,CALL,2026-02-27,META
META260227C00615000,615.0,119.6,123.15,128.45,4.0,56.0,0.5217332983398437,True,CALL,2026-02-27,META
META260227C00620000,620.0,118.13,118.05,123.0,12.0,166.0,0.5577131631469728,True,CALL,2026-02-27,META
META260227C00625000,625.0,114.0,113.6,119.3,9.0,162.0,0.5029651754760743,True,CALL,2026-02-27,META
META260227C00630000,630.0,111.8,109.35,112.85,30.0,205.0,0.5172777764892578,True,CALL,2026-02-27,META
META260227C00635000,635.0,101.35,107.15,108.55,17.0,166.0,0.5137377728271484,True,CALL,2026-02-27,META
META260227C00640000,640.0,101.8,101.55,103.95,9.0,189.0,0.5031177618408205,True,CALL,2026-02-27,META
META260227C00645000,645.0,94.26,97.8,99.25,19.0,403.0,0.49005636901855476,True,CALL,2026-02-27,META
META260227C00650000,650.0,92.0,92.2,94.75,51.0,197.0,0.48044342803955076,True,CALL,2026-02-27,META
META260227C00655000,655.0,82.0,88.1,90.05,44.0,107.0,0.46655806884765627,True,CALL,2026-02-27,META
META260227C00660000,660.0,84.0,84.1,85.3,69.0,321.0,0.4514825360107422,True,CALL,2026-02-27,META
META260227C00665000,665.0,73.91,78.7,81.05,66.0,170.0,0.44467718414306634,True,CALL,2026-02-27,META
META260227C00670000,670.0,74.0,74.65,76.5,207.0,339.0,0.4320430331420898,True,CALL,2026-02-27,META
META260227C00675000,675.0,68.92,71.0,72.25,230.0,322.0,0.42365078308105464,True,CALL,2026-02-27,META
META260227C00680000,680.0,67.11,66.05,67.75,312.0,5325.0,0.41058939025878904,True,CALL,2026-02-27,META
META260227C00685000,685.0,59.16,62.65,64.1,111.0,190.0,0.4095670616149902,True,CALL,2026-02-27,META
META260227C00690000,690.0,58.59,58.35,60.0,315.0,2676.0,0.400671276550293,True,CALL,2026-02-27,META
META260227C00695000,695.0,49.82,54.65,56.3,82.0,76.0,0.3963988583374024,True,CALL,2026-02-27,META
META260227C00700000,700.0,51.85,51.0,51.95,459.0,4239.0,0.3820862573242187,True,CALL,2026-02-27,META
META260227C00705000,705.0,48.17,47.1,48.65,35.0,178.0,0.38080453186035157,True,CALL,2026-02-27,META
META260227C00710000,710.0,44.55,43.8,44.2,189.0,1912.0,0.36331813446044925,True,CALL,2026-02-27,META
META260227C00715000,715.0,40.7,40.35,40.7,194.0,274.0,0.35690950714111325,True,CALL,2026-02-27,META
META260227C00720000,720.0,38.02,37.3,37.65,391.0,210.0,0.35466648757934566,True,CALL,2026-02-27,META
META260227C00725000,725.0,34.8,34.2,34.55,239.0,416.0,0.35025674163818354,True,CALL,2026-02-27,META
META260227C00730000,730.0,31.65,31.3,31.6,619.0,535.0,0.34613690979003897,True,CALL,2026-02-27,META
META260227C00735000,735.0,28.95,28.55,28.85,178.0,115.0,0.3428257856750488,True,CALL,2026-02-27,META
META260227C00740000,740.0,26.6,25.95,26.25,873.0,2262.0,0.33968250656127924,False,CALL,2026-02-27,META
META260227C00745000,745.0,23.88,23.55,23.8,73.0,58.0,0.33667655517578127,False,CALL,2026-02-27,META
META260227C00750000,750.0,21.2,21.3,21.55,897.0,437.0,0.3344030183410644,False,CALL,2026-02-27,META
META260227C00755000,755.0,19.37,19.15,19.45,36.0,298.0,0.33228206787109377,False,CALL,2026-02-27,META
META260227C00760000,760.0,16.77,17.4,17.6,302.0,147.0,0.3315496533203125,False,CALL,2026-02-27,META
META260227C00765000,765.0,15.15,15.6,15.8,168.0,52.0,0.3297949101257324,False,CALL,2026-02-27,META
META260227C00770000,770.0,14.0,13.85,14.0,236.0,129.0,0.3263311996459961,False,CALL,2026-02-27,META
META260227C00775000,775.0,12.6,12.3,12.55,151.0,118.0,0.32578188873291014,False,CALL,2026-02-27,META
META260227C00780000,780.0,10.95,10.95,11.15,317.0,74.0,0.3242865423583984,False,CALL,2026-02-27,META
META260227C00785000,785.0,9.65,9.85,10.0,78.0,31.0,0.32471378417968744,False,CALL,2026-02-27,META
META260227C00790000,790.0,8.44,8.65,8.8,216.0,47.0,0.32285223052978507,False,CALL,2026-02-27,META
META260227C00795000,795.0,7.98,7.7,7.85,76.0,41.0,0.3232794723510741,False,CALL,2026-02-27,META
META260227C00800000,800.0,6.9,6.9,7.05,855.0,221.0,0.3247748187255859,False,CALL,2026-02-27,META
META260227C00805000,805.0,5.76,6.0,6.15,226.0,82.0,0.32306585144042954,False,CALL,2026-02-27,META
META260227C00810000,810.0,4.86,5.25,5.4,32.0,43.0,0.3225165405273437,False,CALL,2026-02-27,META
META260227C00815000,815.0,4.1,4.8,4.95,34.0,70.0,0.3266668896484375,False,CALL,2026-02-27,META
META260227C00820000,820.0,4.3,4.15,4.25,70.0,60.0,0.3242865423583984,False,CALL,2026-02-27,META
META260227C00825000,825.0,3.42,3.65,3.8,43.0,146.0,0.32605654418945307,False,CALL,2026-02-27,META
META260227C00830000,830.0,3.35,3.3,3.45,51.0,13.0,0.32923034057617184,False,CALL,2026-02-27,META
META260227C00835000,835.0,2.66,2.92,3.05,18.0,5.0,0.33008482421874996,False,CALL,2026-02-27,META
META260227C00840000,840.0,2.54,2.58,2.66,21.0,136.0,0.3299017205810546,False,CALL,2026-02-27,META
META260227C00845000,845.0,2.12,2.32,2.39,11.0,8.0,0.33222103332519537,False,CALL,2026-02-27,META
META260227C00850000,850.0,2.09,2.1,2.17,15.0,43.0,0.3353337951660156,False,CALL,2026-02-27,META
META260227C00855000,855.0,1.87,1.89,1.96,7.0,201.0,0.3379582806396484,False,CALL,2026-02-27,META
META260227C00860000,860.0,1.69,1.66,1.73,10.0,7.0,0.33887379882812496,False,CALL,2026-02-27,META
META260227C00865000,865.0,1.43,1.5,1.55,3.0,3.0,0.3409489733886719,False,CALL,2026-02-27,META
META260227C00870000,870.0,1.25,1.35,1.41,2.0,41.0,0.34400070068359373,False,CALL,2026-02-27,META
META260227C00875000,875.0,1.04,1.25,1.3,12.0,33.0,0.34778484252929687,False,CALL,2026-02-27,META
META260227C00880000,880.0,1.05,1.1,1.16,14.0,15.0,0.3493717407226562,False,CALL,2026-02-27,META
META260227C00885000,885.0,1.0,0.99,1.05,1.0,1.0,0.35193519165039056,False,CALL,2026-02-27,META
META260227C00890000,890.0,1.0,0.91,0.96,3.0,13.0,0.3549869189453124,False,CALL,2026-02-27,META
META260227C00900000,900.0,0.71,0.77,0.82,118.0,213.0,0.3621889953613281,False,CALL,2026-02-27,META
META260227C00905000,905.0,0.54,0.69,0.74,5.0,1.0,0.36426416992187505,False,CALL,2026-02-27,META
META260227C00915000,915.0,0.58,0.59,0.63,7.0,42.0,0.37085590087890624,False,CALL,2026-02-27,META
META260227C00920000,920.0,0.36,0.54,0.58,1.0,13.0,0.37390762817382805,False,CALL,2026-02-27,META
META260227C00940000,940.0,0.34,0.37,0.42,1.0,10.0,0.3857483300781249,False,CALL,2026-02-27,META
META260227C00945000,945.0,0.23,0.35,0.39,3.0,2.0,0.38892212646484375,False,CALL,2026-02-27,META
META260227C00950000,950.0,0.3,0.32,0.37,6.0,52.0,0.3930724755859375,False,CALL,2026-02-27,META
META260227P00515000,515.0,0.24,0.0,0.8,12.0,31.0,0.5495650512695314,False,PUT,2026-02-27,META
META260227P00520000,520.0,0.31,0.0,1.9,2.0,198.0,0.6081582153320313,False,PUT,2026-02-27,META
META260227P00525000,525.0,0.27,0.22,0.43,6.0,65.0,0.5090381127929688,False,PUT,2026-02-27,META
META260227P00530000,530.0,0.35,0.2,0.32,24.0,105.0,0.495122236328125,False,PUT,2026-02-27,META
META260227P00535000,535.0,0.43,0.06,0.36,10.0,49.0,0.4899953344726563,False,PUT,2026-02-27,META
META260227P00540000,540.0,0.46,0.35,0.4,21.0,134.0,0.48389187988281257,False,PUT,2026-02-27,META
META260227P00545000,545.0,0.4,0.39,0.42,35.0,96.0,0.47437049072265625,False,PUT,2026-02-27,META
META260227P00550000,550.0,0.44,0.43,0.47,145.0,283.0,0.4689994506835938,False,PUT,2026-02-27,META
META260227P00555000,555.0,0.49,0.47,0.51,65.0,266.0,0.46143116699218756,False,PUT,2026-02-27,META
META260227P00560000,560.0,0.54,0.52,0.56,88.0,292.0,0.4545952978515625,False,PUT,2026-02-27,META
META260227P00565000,565.0,0.67,0.56,0.6,63.0,159.0,0.446294599609375,False,PUT,2026-02-27,META
META260227P00570000,570.0,0.61,0.62,0.67,70.0,182.0,0.44067942138671873,False,PUT,2026-02-27,META
META260227P00575000,575.0,0.66,0.68,0.73,184.0,292.0,0.4335994140625,False,PUT,2026-02-27,META
META260227P00580000,580.0,0.8,0.74,0.79,285.0,420.0,0.42578699218750005,False,PUT,2026-02-27,META
META260227P00585000,585.0,0.86,0.82,0.87,240.0,360.0,0.41919526123046874,False,PUT,2026-02-27,META
META260227P00590000,590.0,0.94,0.9,0.95,280.0,778.0,0.41211525390625,False,PUT,2026-02-27,META
META260227P00595000,595.0,0.99,0.98,1.04,189.0,401.0,0.4050352465820312,False,PUT,2026-02-27,META
META260227P00600000,600.0,1.11,1.08,1.14,292.0,737.0,0.39819937744140627,False,PUT,2026-02-27,META
META260227P00605000,605.0,1.39,1.2,1.25,276.0,299.0,0.39124143920898435,False,PUT,2026-02-27,META
META260227P00610000,610.0,1.38,1.32,1.38,269.0,323.0,0.38477177734374995,False,PUT,2026-02-27,META
META260227P00615000,615.0,1.54,1.46,1.52,173.0,200.0,0.3781800463867187,False,PUT,2026-02-27,META
META260227P00620000,620.0,1.8,1.62,1.67,121.0,228.0,0.37128314270019536,False,PUT,2026-02-27,META
META260227P00625000,625.0,1.86,1.82,1.89,130.0,547.0,0.3667055517578125,False,PUT,2026-02-27,META
META260227P00630000,630.0,2.01,2.02,2.09,136.0,212.0,0.36035795898437495,False,PUT,2026-02-27,META
META260227P00635000,635.0,2.34,2.28,2.35,67.0,238.0,0.3552920916748046,False,PUT,2026-02-27,META
META260227P00640000,640.0,2.64,2.58,2.66,120.0,151.0,0.3508976043701171,False,PUT,2026-02-27,META
META260227P00645000,645.0,2.94,2.91,3.0,73.0,91.0,0.3462589788818359,False,PUT,2026-02-27,META
META260227P00650000,650.0,3.41,3.25,3.35,830.0,282.0,0.3407963870239258,False,PUT,2026-02-27,META
META260227P00655000,655.0,3.85,3.7,3.85,43.0,71.0,0.33814138427734375,False,PUT,2026-02-27,META
META260227P00660000,660.0,4.32,4.2,4.35,211.0,117.0,0.33399103515625,False,PUT,2026-02-27,META
META260227P00665000,665.0,4.75,4.65,4.8,59.0,234.0,0.32746033874511715,False,PUT,2026-02-27,META
META260227P00670000,670.0,5.3,5.35,5.45,163.0,254.0,0.32404240417480457,False,PUT,2026-02-27,META
META260227P00675000,675.0,6.0,6.05,6.2,97.0,40.0,0.3210822286987304,False,PUT,2026-02-27,META
META260227P00680000,680.0,7.02,6.9,7.05,412.0,139.0,0.31836619140624994,False,PUT,2026-02-27,META
META260227P00685000,685.0,7.91,7.7,7.85,425.0,23.0,0.31323928955078123,False,PUT,2026-02-27,META
META260227P00690000,690.0,8.85,8.75,8.9,155.0,18.0,0.31073687316894527,False,PUT,2026-02-27,META
META260227P00695000,695.0,11.0,9.7,9.9,59.0,18.0,0.3057930749511719,False,PUT,2026-02-27,META
META260227P00700000,700.0,11.2,11.1,11.3,251.0,35.0,0.3050911776733398,False,PUT,2026-02-27,META
META260227P00705000,705.0,14.6,12.45,12.7,16.0,5.0,0.3025429853820801,False,PUT,2026-02-27,META
META260227P00710000,710.0,14.0,14.0,14.2,66.0,17.0,0.2995522926330566,False,PUT,2026-02-27,META
META260227P00715000,715.0,17.15,15.55,15.8,78.0,3.0,0.29608858215332035,False,PUT,2026-02-27,META
META260227P00720000,720.0,17.53,17.4,17.65,497.0,7.0,0.29398289031982416,False,PUT,2026-02-27,META
META260227P00725000,725.0,20.75,19.25,19.5,102.0,35.0,0.2900156448364257,False,PUT,2026-02-27,META
META260227P00730000,730.0,21.58,21.35,21.6,54.0,15.0,0.28720805572509756,False,PUT,2026-02-27,META
META260227P00735000,735.0,23.55,23.6,23.85,43.0,31.0,0.28424788024902337,False,PUT,2026-02-27,META
META260227P00740000,740.0,26.0,25.85,26.1,167.0,1.0,0.27936511657714835,True,PUT,2026-02-27,META
META260227P00750000,750.0,31.15,31.25,31.6,21.0,2.0,0.27545890563964837,True,PUT,2026-02-27,META
META260227P00760000,760.0,42.7,37.15,37.55,11.0,16.0,0.26877562286376955,True,PUT,2026-02-27,META
META260227P00790000,790.0,67.04,57.45,59.9,30.0,54.0,0.2589490609741212,True,PUT,2026-02-27,META
META260227P00800000,800.0,132.25,65.6,66.65,1.0,1.0,0.21186090881347652,True,PUT,2026-02-27,META
META260227P00810000,810.0,141.3,74.35,76.85,15.0,15.0,0.24091335266113278,True,PUT,2026-02-27,META
META260227P00840000,840.0,180.53,101.7,104.5,3.0,2.0,1.0000000000000003e-05,True,PUT,2026-02-27,META
META260227P00900000,900.0,247.99,158.45,165.4,,0.0,0.33374689697265625,True,PUT,2026-02-27,META
META260227P00920000,920.0,260.16,178.4,186.15,3.0,0.0,0.42188078125,True,PUT,2026-02-27,META
META260306C00545000,545.0,119.57,191.8,199.45,1.0,1.0,0.688601746826172,True,CALL,2026-03-06,META
META260306C00550000,550.0,170.12,186.95,194.5,5.0,7.0,0.6751741467285157,True,CALL,2026-03-06,META
META260306C00580000,580.0,98.78,157.8,163.45,9.0,7.0,0.5745281805419922,True,CALL,2026-03-06,META
META260306C00590000,590.0,91.42,148.05,153.75,3.0,4.0,0.5499922930908205,True,CALL,2026-03-06,META
META260306C00600000,600.0,138.43,139.6,144.05,1.0,14.0,0.5408371112060548,True,CALL,2026-03-06,META
META260306C00610000,610.0,115.4,128.7,134.45,1.0,3.0,0.5024463818359376,True,CALL,2026-03-06,META
META260306C00620000,620.0,106.9,120.65,124.6,4.0,55.0,0.5328415856933593,True,CALL,2026-03-06,META
META260306C00625000,625.0,116.72,117.8,119.6,11.0,7.0,0.5155077746582031,True,CALL,2026-03-06,META
META260306C00630000,630.0,111.12,112.1,115.0,1.0,9.0,0.5055896609497069,True,CALL,2026-03-06,META
META260306C00635000,635.0,101.61,108.45,110.2,1.0,16.0,0.49173481903076177,True,CALL,2026-03-06,META
META260306C00640000,640.0,84.8,103.15,105.2,5.0,28.0,0.4742179043579102,True,CALL,2026-03-06,META
META260306C00645000,645.0,99.65,98.45,100.95,2.0,16.0,0.4694572097778321,True,CALL,2026-03-06,META
META260306C00650000,650.0,94.5,94.75,96.25,23.0,128.0,0.45654840332031255,True,CALL,2026-03-06,META
META260306C00655000,655.0,90.0,90.3,91.9,6.0,21.0,0.4489190850830078,True,CALL,2026-03-06,META
META260306C00660000,660.0,71.35,84.95,87.45,20.0,98.0,0.4391535577392578,True,CALL,2026-03-06,META
META260306C00665000,665.0,76.0,80.8,83.3,19.0,50.0,0.43329424133300787,True,CALL,2026-03-06,META
META260306C00670000,670.0,78.0,76.35,78.5,75.0,191.0,0.41736422485351554,True,CALL,2026-03-06,META
META260306C00675000,675.0,70.64,72.25,74.65,80.0,95.0,0.41438879074096674,True,CALL,2026-03-06,META
META260306C00680000,680.0,68.08,69.0,70.95,48.0,80.0,0.41238990936279296,True,CALL,2026-03-06,META
META260306C00685000,685.0,64.5,65.05,66.55,39.0,64.0,0.4002287760925293,True,CALL,2026-03-06,META
META260306C00690000,690.0,61.61,61.15,62.8,36.0,120.0,0.3956969610595704,True,CALL,2026-03-06,META
META260306C00695000,695.0,54.5,56.95,58.75,20.0,32.0,0.38651126190185536,True,CALL,2026-03-06,META
META260306C00700000,700.0,53.92,53.7,54.7,801.0,305.0,0.3765473722839356,True,CALL,2026-03-06,META
META260306C00705000,705.0,49.5,50.1,51.75,33.0,47.0,0.3785920295715332,True,CALL,2026-03-06,META
META260306C00710000,710.0,46.93,47.15,47.5,11.0,13.0,0.3644472735595704,True,CALL,2026-03-06,META
META260306C00715000,715.0,44.08,43.6,44.0,39.0,44.0,0.3579470944213867,True,CALL,2026-03-06,META
META260306C00720000,720.0,40.85,40.5,40.85,204.0,91.0,0.35419346984863276,True,CALL,2026-03-06,META
META260306C00725000,725.0,37.49,37.45,37.8,62.0,40.0,0.350317776184082,True,CALL,2026-03-06,META
META260306C00730000,730.0,34.82,34.8,35.1,134.0,37.0,0.34897501617431637,True,CALL,2026-03-06,META
META260306C00735000,735.0,32.1,31.85,32.2,112.0,18.0,0.34419906295776365,True,CALL,2026-03-06,META
META260306C00740000,740.0,29.8,29.3,29.6,115.0,58.0,0.34134569793701175,False,CALL,2026-03-06,META
META260306C00745000,745.0,26.46,26.85,27.1,62.0,93.0,0.3382329360961914,False,CALL,2026-03-06,META
META260306C00750000,750.0,25.15,24.45,24.7,156.0,103.0,0.3348607774353027,False,CALL,2026-03-06,META
META260306C00755000,755.0,22.73,22.4,22.65,64.0,434.0,0.333914741973877,False,CALL,2026-03-06,META
META260306C00760000,760.0,20.55,20.45,20.7,62.0,22.0,0.33275508560180667,False,CALL,2026-03-06,META
META260306C00770000,770.0,16.2,16.75,17.0,71.0,32.0,0.3286199951171874,False,CALL,2026-03-06,META
META260306C00775000,775.0,15.29,15.1,15.35,745.0,25.0,0.3268194760131836,False,CALL,2026-03-06,META
META260306C00780000,780.0,13.82,13.7,13.95,70.0,22.0,0.3266668896484375,False,CALL,2026-03-06,META
META260306C00790000,790.0,10.45,11.05,11.25,33.0,105.0,0.3237067141723632,False,CALL,2026-03-06,META
META260306C00795000,795.0,9.92,9.9,10.1,43.0,107.0,0.32285223052978507,False,CALL,2026-03-06,META
META260306C00800000,800.0,9.25,8.9,9.1,475.0,62.0,0.32282171325683584,False,CALL,2026-03-06,META
META260306C00810000,810.0,7.31,7.25,7.45,240.0,16.0,0.3244391287231445,False,CALL,2026-03-06,META
META260306C00815000,815.0,6.26,6.35,6.5,259.0,7.0,0.32141791870117187,False,CALL,2026-03-06,META
META260306C00820000,820.0,5.81,5.8,5.95,27.0,7.0,0.32392033508300777,False,CALL,2026-03-06,META
META260306C00825000,825.0,4.2,5.2,5.35,12.0,27.0,0.32459171508789053,False,CALL,2026-03-06,META
META260306C00855000,855.0,2.5,2.73,2.82,9.0,12.0,0.3303289624023437,False,CALL,2026-03-06,META
META260306C00880000,880.0,1.1,1.67,1.74,16.0,1.0,0.3397282824707031,False,CALL,2026-03-06,META
META260306C00890000,890.0,1.11,1.38,1.45,3.0,2.0,0.3440617352294921,False,CALL,2026-03-06,META
META260306C00910000,910.0,1.06,0.96,1.03,1.0,1.0,0.3536441589355468,False,CALL,2026-03-06,META
META260306C00945000,945.0,0.79,0.58,0.63,1.0,1.0,0.37439590454101557,False,CALL,2026-03-06,META
META260306P00520000,520.0,0.45,0.38,0.44,101.0,1.0,0.4892629199218751,False,PUT,2026-03-06,META
META260306P00530000,530.0,0.52,0.46,0.51,4.0,132.0,0.47485876708984376,False,PUT,2026-03-06,META
META260306P00540000,540.0,0.65,0.54,0.6,2.0,14.0,0.4616753051757813,False,PUT,2026-03-06,META
META260306P00545000,545.0,0.64,0.59,0.64,12.0,45.0,0.45386288330078123,False,PUT,2026-03-06,META
META260306P00550000,550.0,0.83,0.64,0.7,35.0,18.0,0.4480035668945312,False,PUT,2026-03-06,META
META260306P00555000,555.0,0.98,0.7,0.76,10.0,37.0,0.4414118359375,False,PUT,2026-03-06,META
META260306P00560000,560.0,0.75,0.77,0.82,3.0,42.0,0.43445389770507814,False,PUT,2026-03-06,META
META260306P00565000,565.0,1.25,0.84,0.88,22.0,60.0,0.4270076831054688,False,PUT,2026-03-06,META
META260306P00570000,570.0,1.19,0.92,0.96,34.0,65.0,0.42090422851562503,False,PUT,2026-03-06,META
META260306P00575000,575.0,1.0,1.0,1.05,39.0,83.0,0.41480077392578124,False,PUT,2026-03-06,META
META260306P00580000,580.0,1.13,1.09,1.14,437.0,159.0,0.40833111206054684,False,PUT,2026-03-06,META
META260306P00585000,585.0,1.23,1.19,1.24,31.0,56.0,0.4018614501953125,False,PUT,2026-03-06,META
META260306P00590000,590.0,1.43,1.29,1.36,81.0,101.0,0.39600213378906257,False,PUT,2026-03-06,META
META260306P00595000,595.0,1.53,1.42,1.49,114.0,110.0,0.39014281738281253,False,PUT,2026-03-06,META
META260306P00600000,600.0,1.73,1.54,1.61,169.0,183.0,0.38318487915039057,False,PUT,2026-03-06,META
META260306P00605000,605.0,1.76,1.71,1.79,50.0,82.0,0.37842418457031246,False,PUT,2026-03-06,META
META260306P00610000,610.0,2.1,1.89,1.96,75.0,129.0,0.37244279907226563,False,PUT,2026-03-06,META
META260306P00615000,615.0,2.17,2.1,2.18,56.0,62.0,0.367743139038086,False,PUT,2026-03-06,META
META260306P00620000,620.0,2.39,2.32,2.41,70.0,85.0,0.36255520263671875,False,PUT,2026-03-06,META
META260306P00625000,625.0,2.79,2.59,2.67,54.0,52.0,0.35761140441894534,False,PUT,2026-03-06,META
META260306P00630000,630.0,3.0,2.86,2.95,77.0,46.0,0.35242346801757807,False,PUT,2026-03-06,META
META260306P00635000,635.0,3.43,3.2,3.3,39.0,31.0,0.34839518798828123,False,PUT,2026-03-06,META
META260306P00640000,640.0,3.55,3.55,3.7,243.0,63.0,0.34467208068847655,False,PUT,2026-03-06,META
META260306P00645000,645.0,4.17,4.0,4.15,224.0,75.0,0.34107104248046877,False,PUT,2026-03-06,META
META260306P00650000,650.0,4.6,4.45,4.6,74.0,89.0,0.3364324169921875,False,PUT,2026-03-06,META
META260306P00655000,655.0,5.42,5.0,5.15,33.0,26.0,0.33289241333007813,False,PUT,2026-03-06,META
META260306P00660000,660.0,6.13,5.6,5.8,90.0,26.0,0.3301458587646484,False,PUT,2026-03-06,META
META260306P00665000,665.0,6.35,6.25,6.4,22.0,20.0,0.32529361236572263,False,PUT,2026-03-06,META
META260306P00670000,670.0,7.09,6.95,7.1,46.0,73.0,0.32114326324462883,False,PUT,2026-03-06,META
META260306P00675000,675.0,7.72,7.75,7.95,251.0,297.0,0.3182746395874023,False,PUT,2026-03-06,META
META260306P00680000,680.0,8.55,8.7,8.85,273.0,24.0,0.31488722229003896,False,PUT,2026-03-06,META
META260306P00685000,685.0,10.6,9.75,9.9,21.0,119.0,0.31238480590820306,False,PUT,2026-03-06,META
META260306P00700000,700.0,13.67,13.4,13.65,430.0,9.0,0.3047249703979492,False,PUT,2026-03-06,META
META260306P00705000,705.0,14.85,14.8,15.05,21.0,8.0,0.3012765185546875,False,PUT,2026-03-06,META
META260306P00730000,730.0,24.0,24.05,24.35,59.0,1.0,0.2886576261901855,False,PUT,2026-03-06,META
META260306P00735000,735.0,27.93,26.35,26.55,14.0,1.0,0.28530072616577146,False,PUT,2026-03-06,META
META260320C00515000,515.0,215.07,222.6,230.0,2.0,15.0,0.6927520959472657,True,CALL,2026-03-20,META
META260320C00520000,520.0,218.4,217.7,224.8,4.0,209.0,0.6763643203735353,True,CALL,2026-03-20,META
META260320C00525000,525.0,146.75,212.35,220.05,5.0,12.0,0.6600986138916016,True,CALL,2026-03-20,META
META260320C00530000,530.0,203.65,207.8,214.05,1.0,152.0,0.6378210046386719,True,CALL,2026-03-20,META
META260320C00535000,535.0,140.6,202.9,208.8,10.0,48.0,0.6212196081542969,True,CALL,2026-03-20,META
META260320C00540000,540.0,136.0,198.3,203.85,1.0,260.0,0.6128578753662111,True,CALL,2026-03-20,META
META260320C00545000,545.0,134.64,193.1,199.05,1.0,2.0,0.5984537225341797,True,CALL,2026-03-20,META
META260320C00550000,550.0,192.25,189.0,193.8,48.0,2139.0,0.592350267944336,True,CALL,2026-03-20,META
META260320C00555000,555.0,170.0,183.4,189.1,1.0,9.0,0.5742840423583984,True,CALL,2026-03-20,META
META260320C00560000,560.0,182.27,180.05,183.5,13.0,278.0,0.57266662689209,True,CALL,2026-03-20,META
META260320C00565000,565.0,159.0,173.7,179.65,1.0,36.0,0.5559736785888674,True,CALL,2026-03-20,META
META260320C00570000,570.0,164.76,169.05,174.5,20.0,301.0,0.5440109075927735,True,CALL,2026-03-20,META
META260320C00575000,575.0,109.75,164.0,171.4,1.0,107.0,0.5499007412719729,True,CALL,2026-03-20,META
META260320C00580000,580.0,149.0,159.2,164.05,29.0,451.0,0.5123034609985352,True,CALL,2026-03-20,META
META260320C00585000,585.0,151.68,154.35,160.5,2.0,40.0,0.5152941537475585,True,CALL,2026-03-20,META
META260320C00590000,590.0,149.8,150.7,155.55,31.0,615.0,0.5150194982910157,True,CALL,2026-03-20,META
META260320C00595000,595.0,130.0,144.85,150.7,4.0,68.0,0.5475509112548829,True,CALL,2026-03-20,META
META260320C00600000,600.0,144.0,143.15,144.75,263.0,2066.0,0.5014087945556642,True,CALL,2026-03-20,META
META260320C00605000,605.0,130.35,138.8,140.0,59.0,173.0,0.505162419128418,True,CALL,2026-03-20,META
META260320C00610000,610.0,133.35,134.05,135.4,113.0,785.0,0.49692275543212894,True,CALL,2026-03-20,META
META260320C00615000,615.0,124.21,128.9,130.7,54.0,810.0,0.48672998626708985,True,CALL,2026-03-20,META
META260320C00620000,620.0,123.27,124.8,126.3,297.0,1277.0,0.4810842907714844,True,CALL,2026-03-20,META
META260320C00625000,625.0,120.55,120.2,121.45,418.0,882.0,0.4681144497680664,True,CALL,2026-03-20,META
META260320C00630000,630.0,116.15,115.2,117.1,592.0,5831.0,0.46246875427246104,True,CALL,2026-03-20,META
META260320C00635000,635.0,109.09,110.4,112.95,88.0,595.0,0.45917288879394536,True,CALL,2026-03-20,META
META260320C00640000,640.0,107.06,106.8,108.6,253.0,2012.0,0.4524590887451172,True,CALL,2026-03-20,META
META260320C00645000,645.0,101.98,102.4,103.55,113.0,1496.0,0.4359187268066406,True,CALL,2026-03-20,META
META260320C00650000,650.0,98.52,97.8,98.5,1006.0,6680.0,0.41937836486816404,True,CALL,2026-03-20,META
META260320C00655000,655.0,94.15,93.65,94.95,281.0,1014.0,0.4220638848876953,True,CALL,2026-03-20,META
META260320C00660000,660.0,89.7,89.75,90.7,753.0,2340.0,0.415044912109375,True,CALL,2026-03-20,META
META260320C00665000,665.0,85.75,84.4,86.55,289.0,2182.0,0.40869731933593745,True,CALL,2026-03-20,META
META260320C00670000,670.0,82.2,80.85,82.25,852.0,3894.0,0.4000609310913086,True,CALL,2026-03-20,META
META260320C00675000,675.0,77.08,77.4,78.6,549.0,2320.0,0.3983214465332031,True,CALL,2026-03-20,META
META260320C00680000,680.0,74.45,72.85,74.6,715.0,3440.0,0.3918823019409179,True,CALL,2026-03-20,META
META260320C00685000,685.0,69.0,69.15,70.65,208.0,1230.0,0.3853668641662597,True,CALL,2026-03-20,META
META260320C00690000,690.0,66.0,65.75,66.65,691.0,1373.0,0.3777070286560058,True,CALL,2026-03-20,META
META260320C00695000,695.0,62.75,62.1,63.25,396.0,873.0,0.37555556091308595,True,CALL,2026-03-20,META
META260320C00700000,700.0,59.0,58.85,59.0,8154.0,12255.0,0.3640658076477051,True,CALL,2026-03-20,META
META260320C00705000,705.0,55.8,55.55,55.95,513.0,1058.0,0.36380641082763676,True,CALL,2026-03-20,META
META260320C00710000,710.0,52.8,52.2,52.55,687.0,1623.0,0.3592288198852539,True,CALL,2026-03-20,META
META260320C00715000,715.0,48.25,49.05,49.4,344.0,947.0,0.3561923512268066,True,CALL,2026-03-20,META
META260320C00720000,720.0,46.35,46.25,46.25,3134.0,3037.0,0.35227088165283205,True,CALL,2026-03-20,META
META260320C00725000,725.0,43.8,42.95,43.25,710.0,1860.0,0.34886820571899413,True,CALL,2026-03-20,META
META260320C00730000,730.0,40.25,40.2,40.55,2259.0,2031.0,0.34729656616210935,True,CALL,2026-03-20,META
META260320C00735000,735.0,37.8,37.55,37.85,480.0,557.0,0.34479414978027345,True,CALL,2026-03-20,META
META260320C00740000,740.0,35.31,34.85,35.15,723.0,1202.0,0.34136095657348636,False,CALL,2026-03-20,META
META260320C00745000,745.0,32.65,32.55,32.8,403.0,597.0,0.34015552429199214,False,CALL,2026-03-20,META
META260320C00750000,750.0,30.25,30.2,30.45,4120.0,9706.0,0.33800405654907223,False,CALL,2026-03-20,META
META260320C00755000,755.0,27.77,28.0,28.25,285.0,634.0,0.33624931335449215,False,CALL,2026-03-20,META
META260320C00760000,760.0,26.4,25.9,26.15,1598.0,1936.0,0.33447931152343746,False,CALL,2026-03-20,META
META260320C00765000,765.0,24.35,23.95,24.15,177.0,702.0,0.33264827514648443,False,CALL,2026-03-20,META
META260320C00770000,770.0,22.03,22.15,22.35,2143.0,3278.0,0.3317632742309571,False,CALL,2026-03-20,META
META260320C00775000,775.0,20.4,20.4,20.55,630.0,1169.0,0.32993223785400383,False,CALL,2026-03-20,META
META260320C00780000,780.0,19.02,18.75,18.95,495.0,1915.0,0.3290777542114257,False,CALL,2026-03-20,META
META260320C00785000,785.0,17.5,17.25,17.4,691.0,611.0,0.32779602874755853,False,CALL,2026-03-20,META
META260320C00790000,790.0,15.65,15.8,16.0,515.0,1425.0,0.32710939010620116,False,CALL,2026-03-20,META
META260320C00795000,795.0,14.5,14.5,14.65,160.0,966.0,0.32602602691650384,False,CALL,2026-03-20,META
META260320C00800000,800.0,13.25,13.25,13.4,5043.0,6520.0,0.32507999145507804,False,CALL,2026-03-20,META
META260320C00805000,805.0,12.5,12.1,12.25,204.0,529.0,0.3243323182678222,False,CALL,2026-03-20,META
META260320C00810000,810.0,11.1,11.1,11.2,560.0,1073.0,0.3238593005371093,False,CALL,2026-03-20,META
META260320C00815000,815.0,10.09,10.15,10.3,87.0,349.0,0.3243170596313476,False,CALL,2026-03-20,META
META260320C00820000,820.0,8.9,9.25,9.4,227.0,1445.0,0.32398136962890617,False,CALL,2026-03-20,META
META260320C00825000,825.0,8.45,8.4,8.55,604.0,134.0,0.32340154144287103,False,CALL,2026-03-20,META
META260320C00830000,830.0,7.71,7.8,7.95,499.0,502.0,0.3254919746398925,False,CALL,2026-03-20,META
META260320C00835000,835.0,7.11,7.05,7.15,475.0,1809.0,0.323950852355957,False,CALL,2026-03-20,META
META260320C00840000,840.0,6.47,6.4,6.55,185.0,562.0,0.32459171508789053,False,CALL,2026-03-20,META
META260320C00845000,845.0,5.94,5.9,6.0,218.0,46.0,0.3252630950927734,False,CALL,2026-03-20,META
META260320C00850000,850.0,5.55,5.35,5.45,987.0,2485.0,0.32520206054687495,False,CALL,2026-03-20,META
META260320C00855000,855.0,4.5,4.9,5.0,41.0,26.0,0.32614809600830075,False,CALL,2026-03-20,META
META260320C00860000,860.0,4.5,4.55,4.7,202.0,629.0,0.3292913751220703,False,CALL,2026-03-20,META
META260320C00865000,865.0,4.1,4.1,4.2,39.0,112.0,0.3280096496582031,False,CALL,2026-03-20,META
META260320C00870000,870.0,3.75,3.75,3.9,121.0,1156.0,0.3300237896728515,False,CALL,2026-03-20,META
META260320C00875000,875.0,3.25,3.45,3.55,238.0,22.0,0.33045103149414057,False,CALL,2026-03-20,META
META260320C00880000,880.0,3.25,3.25,3.35,176.0,573.0,0.333716379699707,False,CALL,2026-03-20,META
META260320C00885000,885.0,2.86,2.96,3.05,44.0,5.0,0.3341741387939453,False,CALL,2026-03-20,META
META260320C00890000,890.0,2.79,2.73,2.79,305.0,706.0,0.334967587890625,False,CALL,2026-03-20,META
META260320C00895000,895.0,2.53,2.52,2.57,48.0,18.0,0.3363103479003906,False,CALL,2026-03-20,META
META260320C00900000,900.0,2.35,2.33,2.39,449.0,2400.0,0.338324487915039,False,CALL,2026-03-20,META
META260320C00905000,905.0,2.14,2.16,2.22,51.0,11.0,0.34027759338378905,False,CALL,2026-03-20,META
META260320C00910000,910.0,2.09,2.0,2.06,38.0,736.0,0.34204759521484374,False,CALL,2026-03-20,META
META260320C00915000,915.0,1.95,1.89,1.94,8.0,501.0,0.34479414978027345,False,CALL,2026-03-20,META
META260320C00920000,920.0,1.63,1.76,1.82,55.0,608.0,0.3472355316162109,False,CALL,2026-03-20,META
META260320C00930000,930.0,1.55,1.51,1.56,9.0,539.0,0.3502262243652343,False,CALL,2026-03-20,META
META260320C00940000,940.0,1.15,1.32,1.36,41.0,351.0,0.35425450439453116,False,CALL,2026-03-20,META
META260320C00950000,950.0,1.21,1.17,1.22,95.0,857.0,0.3597476135253906,False,CALL,2026-03-20,META
META260320P00515000,515.0,0.83,0.73,0.76,13.0,244.0,0.4616753051757813,False,PUT,2026-03-20,META
META260320P00520000,520.0,0.85,0.79,0.82,412.0,1710.0,0.45606012695312503,False,PUT,2026-03-20,META
META260320P00525000,525.0,0.92,0.84,0.88,119.0,520.0,0.44995667236328124,False,PUT,2026-03-20,META
META260320P00530000,530.0,0.92,0.9,0.94,86.0,2324.0,0.44348701049804684,False,PUT,2026-03-20,META
META260320P00535000,535.0,1.1,0.97,1.01,81.0,340.0,0.437505625,False,PUT,2026-03-20,META
META260320P00540000,540.0,1.07,1.06,1.09,383.0,2633.0,0.4318904467773438,False,PUT,2026-03-20,META
META260320P00545000,545.0,1.16,1.13,1.17,49.0,655.0,0.42590906127929695,False,PUT,2026-03-20,META
META260320P00550000,550.0,1.22,1.22,1.26,512.0,4481.0,0.42017181396484377,False,PUT,2026-03-20,META
META260320P00555000,555.0,1.36,1.31,1.36,225.0,535.0,0.4145566357421875,False,PUT,2026-03-20,META
META260320P00560000,560.0,1.45,1.42,1.46,2439.0,3472.0,0.4085752502441406,False,PUT,2026-03-20,META
META260320P00565000,565.0,1.57,1.54,1.59,2141.0,2407.0,0.40369248657226564,False,PUT,2026-03-20,META
META260320P00570000,570.0,1.72,1.65,1.71,489.0,2946.0,0.3978331701660156,False,PUT,2026-03-20,META
META260320P00575000,575.0,1.8,1.8,1.85,156.0,455.0,0.3924621301269531,False,PUT,2026-03-20,META
META260320P00580000,580.0,1.96,1.95,2.0,669.0,3754.0,0.3870300555419921,False,PUT,2026-03-20,META
META260320P00585000,585.0,2.17,2.13,2.18,186.0,618.0,0.38233039550781245,False,PUT,2026-03-20,META
META260320P00590000,590.0,2.42,2.33,2.38,868.0,2197.0,0.3776917700195312,False,PUT,2026-03-20,META
META260320P00595000,595.0,2.6,2.53,2.59,233.0,398.0,0.3728700408935547,False,PUT,2026-03-20,META
META260320P00600000,600.0,2.78,2.78,2.84,3222.0,9038.0,0.368719691772461,False,PUT,2026-03-20,META
META260320P00605000,605.0,3.22,3.0,3.15,132.0,308.0,0.36557641265869145,False,PUT,2026-03-20,META
META260320P00610000,610.0,3.45,3.3,3.4,286.0,1780.0,0.3601138208007812,False,PUT,2026-03-20,META
META260320P00615000,615.0,3.75,3.6,3.75,448.0,977.0,0.3566348516845703,False,PUT,2026-03-20,META
META260320P00620000,620.0,4.05,4.0,4.1,978.0,3054.0,0.35239295074462884,False,PUT,2026-03-20,META
META260320P00625000,625.0,4.55,4.35,4.5,541.0,1496.0,0.34857829162597653,False,PUT,2026-03-20,META
META260320P00630000,630.0,4.8,4.8,4.95,2274.0,2887.0,0.3450688052368164,False,PUT,2026-03-20,META
META260320P00635000,635.0,5.4,5.3,5.45,3446.0,839.0,0.3417424224853516,False,PUT,2026-03-20,META
META260320P00640000,640.0,5.95,5.85,5.95,634.0,2736.0,0.3375920733642578,False,PUT,2026-03-20,META
META260320P00645000,645.0,6.42,6.4,6.55,330.0,1138.0,0.33444879425048823,False,PUT,2026-03-20,META
META260320P00650000,650.0,7.08,7.1,7.25,1149.0,4594.0,0.3320379296875,False,PUT,2026-03-20,META
META260320P00655000,655.0,7.87,7.8,7.9,547.0,1081.0,0.3279791323852539,False,PUT,2026-03-20,META
META260320P00660000,660.0,8.6,8.6,8.7,437.0,2034.0,0.3252630950927734,False,PUT,2026-03-20,META
META260320P00665000,665.0,9.28,9.4,9.55,251.0,727.0,0.32233343688964833,False,PUT,2026-03-20,META
META260320P00670000,670.0,10.8,10.3,10.45,321.0,2362.0,0.31915964050292955,False,PUT,2026-03-20,META
META260320P00675000,675.0,11.65,11.35,11.55,493.0,618.0,0.3175422250366211,False,PUT,2026-03-20,META
META260320P00680000,680.0,12.5,12.45,12.65,368.0,990.0,0.31488722229003896,False,PUT,2026-03-20,META
META260320P00685000,685.0,13.88,13.65,13.85,200.0,418.0,0.3124305818176269,False,PUT,2026-03-20,META
META260320P00690000,690.0,15.24,14.95,15.1,346.0,720.0,0.30951618225097655,False,PUT,2026-03-20,META
META260320P00695000,695.0,16.3,16.3,16.45,170.0,730.0,0.3067085931396484,False,PUT,2026-03-20,META
META260320P00700000,700.0,17.6,17.8,17.9,1428.0,2535.0,0.30393152130126955,False,PUT,2026-03-20,META
META260320P00705000,705.0,19.07,19.4,19.65,90.0,818.0,0.30313807220458977,False,PUT,2026-03-20,META
META260320P00710000,710.0,21.14,21.05,21.25,290.0,915.0,0.29978117218017575,False,PUT,2026-03-20,META
META260320P00715000,715.0,22.57,22.85,23.1,146.0,363.0,0.29779754943847647,False,PUT,2026-03-20,META
META260320P00720000,720.0,25.0,24.8,25.0,953.0,1246.0,0.29518832260131833,False,PUT,2026-03-20,META
META260320P00725000,725.0,26.83,26.8,27.05,234.0,293.0,0.29291478576660146,False,PUT,2026-03-20,META
META260320P00730000,730.0,29.15,29.0,29.25,250.0,806.0,0.29090064575195307,False,PUT,2026-03-20,META
META260320P00735000,735.0,31.35,31.3,31.55,275.0,181.0,0.2886881434631347,False,PUT,2026-03-20,META
META260320P00740000,740.0,33.79,33.7,33.9,353.0,332.0,0.2858042611694336,True,PUT,2026-03-20,META
META260320P00745000,745.0,36.9,36.15,36.45,143.0,309.0,0.2836070175170897,True,PUT,2026-03-20,META
META260320P00750000,750.0,38.57,38.85,39.15,320.0,932.0,0.28162339477539056,True,PUT,2026-03-20,META
META260320P00755000,755.0,45.82,41.8,42.15,32.0,81.0,0.28125718749999995,True,PUT,2026-03-20,META
META260320P00760000,760.0,46.48,44.55,44.85,32.0,401.0,0.2768932174682617,True,PUT,2026-03-20,META
META260320P00765000,765.0,48.2,47.55,47.95,33.0,345.0,0.2751079570007324,True,PUT,2026-03-20,META
META260320P00770000,770.0,51.78,50.8,51.2,60.0,325.0,0.2735973519897461,True,PUT,2026-03-20,META
META260320P00775000,775.0,58.83,53.95,54.35,27.0,182.0,0.2698284687805175,True,PUT,2026-03-20,META
META260320P00780000,780.0,58.48,57.4,57.75,31.0,137.0,0.2673260523986816,True,PUT,2026-03-20,META
META260320P00785000,785.0,61.6,60.85,61.3,3.0,85.0,0.2651288087463379,True,PUT,2026-03-20,META
META260320P00790000,790.0,65.65,64.4,64.85,2.0,140.0,0.2616040637207031,True,PUT,2026-03-20,META
META260320P00795000,795.0,167.65,67.95,68.9,3.0,91.0,0.26262639236450197,True,PUT,2026-03-20,META
META260320P00800000,800.0,75.0,71.0,72.7,26.0,456.0,0.2594373373413086,True,PUT,2026-03-20,META
META260320P00805000,805.0,76.35,75.2,76.3,4.0,8.0,0.2519453468322754,True,PUT,2026-03-20,META
META260320P00810000,810.0,153.6,78.7,81.15,30.0,37.0,0.2605359591674804,True,PUT,2026-03-20,META
META260320P00815000,815.0,83.35,83.25,84.75,2.0,0.0,0.249732844543457,True,PUT,2026-03-20,META
META260320P00820000,820.0,92.95,87.2,89.25,2.0,0.0,0.2512892254638671,True,PUT,2026-03-20,META
META260320P00830000,830.0,164.03,95.4,97.95,2.0,0.0,0.24552146087646481,True,PUT,2026-03-20,META
META260320P00840000,840.0,247.0,181.25,186.7,1.0,0.0,1.0695847302246095,True,PUT,2026-03-20,META
META260320P00850000,850.0,113.8,113.35,115.55,4.0,21.0,0.20667297241210933,True,PUT,2026-03-20,META
META260320P00860000,860.0,137.7,122.6,124.85,1.0,21.0,0.13672738281250002,True,PUT,2026-03-20,META
META260320P00870000,870.0,201.6,131.85,134.65,1.0,0.0,1.0000000000000003e-05,True,PUT,2026-03-20,META
META260320P00880000,880.0,238.45,221.55,226.9,2.0,0.0,1.1754801968383788,True,PUT,2026-03-20,META
META260320P00890000,890.0,230.7,239.45,246.8,3.0,0.0,1.2822759275054931,True,PUT,2026-03-20,META
META260320P00900000,900.0,180.61,160.2,166.0,6.0,4.0,0.29456271850585936,True,PUT,2026-03-20,META
META260320P00910000,910.0,242.0,259.35,266.8,40.0,0.0,1.329043882141113,True,PUT,2026-03-20,META
META260320P00920000,920.0,267.03,269.45,276.8,4.0,0.0,1.3523439365386962,True,PUT,2026-03-20,META
META260320P00930000,930.0,260.45,279.45,286.4,178.0,0.0,1.3728211290740964,True,PUT,2026-03-20,META
META260320P00940000,940.0,274.1,289.45,296.8,52.0,0.0,1.3965484274291993,True,PUT,2026-03-20,META
META260320P00950000,950.0,282.92,299.65,306.8,25.0,0.0,1.4189177003479005,True,PUT,2026-03-20,META
META260417C00515000,515.0,166.35,224.85,230.75,30.0,33.0,0.5903056106567384,True,CALL,2026-04-17,META
META260417C00520000,520.0,223.85,221.0,226.15,18.0,31.0,0.5930216479492189,True,CALL,2026-04-17,META
META260417C00525000,525.0,144.95,215.25,220.9,2.0,2.0,0.5706524868774415,True,CALL,2026-04-17,META
META260417C00530000,530.0,197.77,210.45,215.95,1.0,29.0,0.5605817868041992,True,CALL,2026-04-17,META
META260417C00540000,540.0,186.02,200.8,206.4,3.0,41.0,0.5431259066772461,True,CALL,2026-04-17,META
META260417C00545000,545.0,126.32,196.0,201.4,1.0,1.0,0.532505895690918,True,CALL,2026-04-17,META
META260417C00550000,550.0,194.25,191.5,196.65,29.0,138.0,0.5266770965576173,True,CALL,2026-04-17,META
META260417C00555000,555.0,118.85,186.45,192.15,1.0,1.0,0.5180712255859375,True,CALL,2026-04-17,META
META260417C00560000,560.0,170.7,182.35,187.05,4.0,96.0,0.512272943725586,True,CALL,2026-04-17,META
META260417C00565000,565.0,100.0,176.95,182.7,,1.0,0.5018360363769532,True,CALL,2026-04-17,META
META260417C00570000,570.0,175.41,173.6,177.85,34.0,122.0,0.5033008654785156,True,CALL,2026-04-17,META
META260417C00575000,575.0,155.15,169.2,173.4,1.0,3.0,0.528950633392334,True,CALL,2026-04-17,META
META260417C00580000,580.0,158.0,165.4,168.05,4.0,309.0,0.5111132873535156,True,CALL,2026-04-17,META
META260417C00585000,585.0,145.16,160.75,163.2,1.0,2.0,0.5001881036376954,True,CALL,2026-04-17,META
META260417C00590000,590.0,148.95,156.2,158.5,64.0,255.0,0.4911855081176758,True,CALL,2026-04-17,META
META260417C00595000,595.0,94.95,151.55,154.4,4.0,8.0,0.48970542037963877,True,CALL,2026-04-17,META
META260417C00600000,600.0,147.5,147.3,148.75,99.0,1373.0,0.46849591567993165,True,CALL,2026-04-17,META
META260417C00605000,605.0,129.05,143.2,144.9,3.0,3.0,0.469655572052002,True,CALL,2026-04-17,META
META260417C00610000,610.0,136.0,138.05,140.4,130.0,666.0,0.46246875427246104,True,CALL,2026-04-17,META
META260417C00615000,615.0,121.15,133.6,136.0,2.0,33.0,0.45621271331787117,True,CALL,2026-04-17,META
META260417C00620000,620.0,130.22,130.15,131.4,140.0,903.0,0.4474542559814453,True,CALL,2026-04-17,META
META260417C00625000,625.0,107.71,125.2,126.75,6.0,22.0,0.4379939013671875,True,CALL,2026-04-17,META
META260417C00630000,630.0,121.6,120.95,123.0,100.0,978.0,0.4379939013671875,True,CALL,2026-04-17,META
META260417C00635000,635.0,116.63,117.2,118.45,9.0,39.0,0.4290828576660156,True,CALL,2026-04-17,META
META260417C00640000,640.0,113.6,112.35,114.25,221.0,1461.0,0.42355923126220707,True,CALL,2026-04-17,META
META260417C00645000,645.0,94.45,107.95,110.35,9.0,39.0,0.42064483169555666,True,CALL,2026-04-17,META
META260417C00650000,650.0,104.5,104.0,105.75,661.0,2944.0,0.4105283557128906,True,CALL,2026-04-17,META
META260417C00655000,655.0,97.71,99.9,102.15,14.0,26.0,0.40965861343383786,True,CALL,2026-04-17,META
META260417C00660000,660.0,97.18,96.8,97.5,354.0,2737.0,0.39858084335327154,True,CALL,2026-04-17,META
META260417C00665000,665.0,90.16,92.25,93.95,72.0,216.0,0.39723808334350585,True,CALL,2026-04-17,META
META260417C00670000,670.0,90.0,89.15,89.75,322.0,1426.0,0.3896240237426758,True,CALL,2026-04-17,META
META260417C00675000,675.0,84.16,84.8,86.5,188.0,266.0,0.389852903289795,True,CALL,2026-04-17,META
META260417C00680000,680.0,81.47,81.45,82.8,341.0,3569.0,0.38567203689575186,True,CALL,2026-04-17,META
META260417C00685000,685.0,75.65,78.05,79.5,40.0,94.0,0.3843140182495117,True,CALL,2026-04-17,META
META260417C00690000,690.0,75.0,74.0,75.7,222.0,882.0,0.3783326327514648,True,CALL,2026-04-17,META
META260417C00695000,695.0,65.73,71.05,72.4,12.0,89.0,0.37590650955200194,True,CALL,2026-04-17,META
META260417C00700000,700.0,67.88,67.7,69.0,1693.0,14428.0,0.3721376263427735,True,CALL,2026-04-17,META
META260417C00705000,705.0,64.0,64.5,65.85,50.0,67.0,0.3698030549621582,True,CALL,2026-04-17,META
META260417C00710000,710.0,61.7,61.55,62.45,426.0,946.0,0.36499658447265626,True,CALL,2026-04-17,META
META260417C00715000,715.0,57.95,58.5,59.4,95.0,78.0,0.3623263230895996,True,CALL,2026-04-17,META
META260417C00720000,720.0,54.3,55.55,56.45,625.0,1519.0,0.3598544239807128,True,CALL,2026-04-17,META
META260417C00725000,725.0,52.15,52.55,52.9,374.0,62.0,0.3523319161987304,True,CALL,2026-04-17,META
META260417C00730000,730.0,50.7,49.85,50.25,497.0,954.0,0.35095863891601553,True,CALL,2026-04-17,META
META260417C00735000,735.0,47.7,47.0,47.35,237.0,53.0,0.3471287211608886,True,CALL,2026-04-17,META
META260417C00740000,740.0,45.12,44.65,45.0,554.0,1176.0,0.3467472552490234,False,CALL,2026-04-17,META
META260417C00745000,745.0,42.37,42.15,42.4,240.0,134.0,0.34393966613769533,False,CALL,2026-04-17,META
META260417C00750000,750.0,40.06,39.75,40.05,2066.0,3353.0,0.3423527679443359,False,CALL,2026-04-17,META
META260417C00755000,755.0,37.55,37.5,37.8,73.0,89.0,0.3409031974792481,False,CALL,2026-04-17,META
META260417C00760000,760.0,35.4,35.35,35.6,377.0,808.0,0.33919423019409173,False,CALL,2026-04-17,META
META260417C00765000,765.0,31.7,33.2,33.5,71.0,63.0,0.3376378492736816,False,CALL,2026-04-17,META
META260417C00770000,770.0,31.6,31.25,31.5,236.0,508.0,0.33620353744506837,False,CALL,2026-04-17,META
META260417C00775000,775.0,29.5,29.35,29.6,329.0,503.0,0.33492181198120113,False,CALL,2026-04-17,META
META260417C00780000,780.0,28.1,27.55,27.8,205.0,998.0,0.3338079315185547,False,CALL,2026-04-17,META
META260417C00785000,785.0,26.0,25.85,26.1,65.0,61.0,0.3328618960571289,False,CALL,2026-04-17,META
META260417C00790000,790.0,24.33,24.2,24.45,224.0,1333.0,0.33170223968505863,False,CALL,2026-04-17,META
META260417C00795000,795.0,22.4,22.75,22.95,105.0,19.0,0.33115292877197267,False,CALL,2026-04-17,META
META260417C00800000,800.0,21.33,21.25,21.45,2926.0,3620.0,0.3300085310363769,False,CALL,2026-04-17,META
META260417C00805000,805.0,19.6,19.85,20.1,87.0,10.0,0.3295202546691894,False,CALL,2026-04-17,META
META260417C00810000,810.0,18.65,18.55,18.75,166.0,307.0,0.3284674087524414,False,CALL,2026-04-17,META
META260417C00815000,815.0,17.0,17.35,17.6,103.0,106.0,0.32855896057128897,False,CALL,2026-04-17,META
META260417C00820000,820.0,16.61,16.25,16.4,416.0,506.0,0.32767395965576174,False,CALL,2026-04-17,META
META260417C00825000,825.0,15.37,15.25,15.4,46.0,38.0,0.32804016693115234,False,CALL,2026-04-17,META
META260417C00830000,830.0,13.72,14.15,14.3,126.0,1332.0,0.326956803741455,False,CALL,2026-04-17,META
META260417C00835000,835.0,12.95,13.15,13.35,184.0,19.0,0.32674318283081055,False,CALL,2026-04-17,META
META260417C00840000,840.0,12.59,12.25,12.45,254.0,515.0,0.32649904464721674,False,CALL,2026-04-17,META
META260417C00850000,850.0,10.83,10.65,10.8,1451.0,3465.0,0.3259955096435546,False,CALL,2026-04-17,META
META260417C00855000,855.0,9.5,9.9,10.1,15.0,25.0,0.3263464582824707,False,CALL,2026-04-17,META
META260417C00860000,860.0,9.35,9.25,9.45,185.0,360.0,0.3267889587402344,False,CALL,2026-04-17,META
META260417C00865000,865.0,8.65,8.6,8.8,28.0,12.0,0.3267889587402344,False,CALL,2026-04-17,META
META260417C00870000,870.0,7.95,8.05,8.2,176.0,232.0,0.32691102783203124,False,CALL,2026-04-17,META
META260417C00875000,875.0,6.55,7.55,7.7,61.0,26.0,0.327857063293457,False,CALL,2026-04-17,META
META260417C00880000,880.0,6.35,7.05,7.2,46.0,262.0,0.3283758569335937,False,CALL,2026-04-17,META
META260417C00885000,885.0,5.7,6.65,6.75,33.0,28.0,0.3291998233032226,False,CALL,2026-04-17,META
META260417C00890000,890.0,5.7,6.1,6.25,63.0,199.0,0.3288641333007812,False,CALL,2026-04-17,META
META260417C00900000,900.0,5.4,5.4,5.5,998.0,1079.0,0.3306951696777344,False,CALL,2026-04-17,META
META260417C00910000,910.0,4.6,4.7,4.85,63.0,166.0,0.3327093096923829,False,CALL,2026-04-17,META
META260417C00920000,920.0,3.24,4.1,4.2,8.0,296.0,0.3332586206054688,False,CALL,2026-04-17,META
META260417C00930000,930.0,3.5,3.6,3.75,39.0,149.0,0.33618827880859375,False,CALL,2026-04-17,META
META260417C00940000,940.0,3.15,3.2,3.35,8.0,288.0,0.33908741973876955,False,CALL,2026-04-17,META
META260417C00950000,950.0,2.75,2.85,2.91,119.0,356.0,0.33991138610839844,False,CALL,2026-04-17,META
META260417P00515000,515.0,1.67,1.51,1.56,1.0,458.0,0.41712008666992184,False,PUT,2026-04-17,META
META260417P00520000,520.0,1.83,1.64,1.69,48.0,3635.0,0.4133359448242187,False,PUT,2026-04-17,META
META260417P00525000,525.0,1.92,1.74,1.8,84.0,95.0,0.4082700775146484,False,PUT,2026-04-17,META
META260417P00530000,530.0,2.11,1.86,1.92,32.0,1241.0,0.40332627929687503,False,PUT,2026-04-17,META
META260417P00535000,535.0,2.77,2.0,2.06,5.0,21.0,0.39893179199218753,False,PUT,2026-04-17,META
META260417P00540000,540.0,2.45,2.15,2.2,110.0,1252.0,0.394110062866211,False,PUT,2026-04-17,META
META260417P00545000,545.0,2.34,2.31,2.37,6.0,47.0,0.3900817828369141,False,PUT,2026-04-17,META
META260417P00550000,550.0,2.48,2.48,2.54,661.0,2975.0,0.385626260986328,False,PUT,2026-04-17,META
META260417P00555000,555.0,3.15,2.69,2.75,14.0,10.0,0.3820252227783203,False,PUT,2026-04-17,META
META260417P00560000,560.0,3.02,2.9,2.96,223.0,1123.0,0.3779969427490234,False,PUT,2026-04-17,META
META260417P00565000,565.0,4.07,3.15,3.25,1.0,81.0,0.3757081472778321,False,PUT,2026-04-17,META
META260417P00570000,570.0,3.5,3.35,3.5,63.0,1503.0,0.37183245361328127,False,PUT,2026-04-17,META
META260417P00575000,575.0,3.67,3.65,3.75,15.0,74.0,0.3675600354003906,False,PUT,2026-04-17,META
META260417P00580000,580.0,3.95,3.95,4.05,132.0,4100.0,0.3639895144653321,False,PUT,2026-04-17,META
META260417P00585000,585.0,4.51,4.2,4.35,58.0,57.0,0.35999175170898434,False,PUT,2026-04-17,META
META260417P00590000,590.0,4.68,4.6,4.75,141.0,1081.0,0.3575503698730469,False,PUT,2026-04-17,META
META260417P00595000,595.0,5.15,5.0,5.15,334.0,56.0,0.35455967712402336,False,PUT,2026-04-17,META
META260417P00600000,600.0,5.49,5.4,5.5,1993.0,3847.0,0.35016518981933586,False,PUT,2026-04-17,META
META260417P00605000,605.0,6.25,5.85,5.95,835.0,141.0,0.34705242797851554,False,PUT,2026-04-17,META
META260417P00610000,610.0,6.36,6.3,6.45,247.0,1439.0,0.3442448388671875,False,PUT,2026-04-17,META
META260417P00615000,615.0,6.93,6.9,7.0,756.0,114.0,0.3416203533935547,False,PUT,2026-04-17,META
META260417P00620000,620.0,7.55,7.4,7.55,243.0,2920.0,0.3384465570068359,False,PUT,2026-04-17,META
META260417P00625000,625.0,8.09,8.05,8.2,43.0,91.0,0.33609672698974613,False,PUT,2026-04-17,META
META260417P00630000,630.0,8.85,8.7,8.85,176.0,1574.0,0.33316706878662117,False,PUT,2026-04-17,META
META260417P00635000,635.0,9.43,9.45,9.65,88.0,74.0,0.3315496533203125,False,PUT,2026-04-17,META
META260417P00640000,640.0,10.2,10.2,10.35,221.0,1098.0,0.32807068420410157,False,PUT,2026-04-17,META
META260417P00645000,645.0,12.45,11.0,11.15,73.0,110.0,0.3252325778198242,False,PUT,2026-04-17,META
META260417P00650000,650.0,11.85,11.9,12.05,477.0,1653.0,0.3228827478027343,False,PUT,2026-04-17,META
META260417P00655000,655.0,13.1,12.85,13.0,39.0,59.0,0.32047188323974607,False,PUT,2026-04-17,META
META260417P00660000,660.0,14.1,13.85,14.05,1240.0,1194.0,0.31842722595214834,False,PUT,2026-04-17,META
META260417P00665000,665.0,15.24,14.95,15.15,123.0,77.0,0.3162452409362792,False,PUT,2026-04-17,META
META260417P00670000,670.0,16.45,16.1,16.25,201.0,966.0,0.3134071345520019,False,PUT,2026-04-17,META
META260417P00675000,675.0,18.27,17.2,17.35,168.0,181.0,0.3099586827087402,False,PUT,2026-04-17,META
META260417P00680000,680.0,18.41,18.65,18.8,417.0,985.0,0.30904316452026365,False,PUT,2026-04-17,META
META260417P00685000,685.0,21.7,20.0,20.15,149.0,37.0,0.30654074813842774,False,PUT,2026-04-17,META
META260417P00690000,690.0,21.62,21.45,21.65,88.0,284.0,0.30463341857910153,False,PUT,2026-04-17,META
META260417P00695000,695.0,23.1,23.0,23.2,61.0,13.0,0.302466692199707,False,PUT,2026-04-17,META
META260417P00700000,700.0,25.0,24.6,24.75,342.0,737.0,0.2996285858154296,False,PUT,2026-04-17,META
META260417P00710000,710.0,28.6,28.15,28.35,173.0,591.0,0.29584444396972653,False,PUT,2026-04-17,META
META260417P00715000,715.0,30.3,30.15,30.35,73.0,5.0,0.29442539077758784,False,PUT,2026-04-17,META
META260417P00720000,720.0,32.35,32.15,32.4,110.0,301.0,0.29267064758300776,False,PUT,2026-04-17,META
META260417P00725000,725.0,34.72,34.25,34.55,91.0,12.0,0.2909464216613769,False,PUT,2026-04-17,META
META260417P00730000,730.0,36.52,36.5,36.75,179.0,85.0,0.28885598846435534,False,PUT,2026-04-17,META
META260417P00740000,740.0,41.46,41.25,41.55,69.0,162.0,0.2854533125305175,True,PUT,2026-04-17,META
META260417P00750000,750.0,46.11,46.35,46.7,91.0,197.0,0.281684429321289,True,PUT,2026-04-17,META
META260417P00760000,760.0,52.67,51.95,52.3,11.0,60.0,0.2782359774780273,True,PUT,2026-04-17,META
META260417P00770000,770.0,60.01,57.85,58.25,49.0,96.0,0.2743908010864258,True,PUT,2026-04-17,META
META260417P00780000,780.0,67.54,63.6,65.05,25.0,29.0,0.27410088699340823,True,PUT,2026-04-17,META
META260417P00790000,790.0,73.01,69.8,71.7,9.0,3.0,0.2696453651428223,True,PUT,2026-04-17,META
META260417P00800000,800.0,81.0,77.2,78.5,9.0,58.0,0.26306889282226564,True,PUT,2026-04-17,META
META260417P00810000,810.0,95.36,84.2,86.4,1.0,49.0,0.2631604446411133,True,PUT,2026-04-17,META
META260417P00815000,815.0,179.86,88.4,90.15,,6.0,0.26015449325561524,True,PUT,2026-04-17,META
META260417P00820000,820.0,153.83,91.9,94.05,5.0,5.0,0.25775888732910157,True,PUT,2026-04-17,META
META260417P00830000,830.0,103.25,99.75,101.6,11.0,4.0,0.24695577270507812,True,PUT,2026-04-17,META
META260417P00840000,840.0,225.62,108.3,110.35,6.0,0.0,0.24652853088378907,True,PUT,2026-04-17,META
META260417P00850000,850.0,233.56,116.6,119.3,4.0,0.0,0.24600973724365233,True,PUT,2026-04-17,META
META260417P00860000,860.0,193.09,124.85,127.15,2.0,0.0,0.22080246978759765,True,PUT,2026-04-17,META
META260417P00865000,865.0,141.55,129.85,132.15,4.0,1.0,0.22699747619628902,True,PUT,2026-04-17,META
META260417P00870000,870.0,144.05,134.2,137.0,3.0,40.0,0.2296829962158203,True,PUT,2026-04-17,META
META260417P00880000,880.0,274.93,220.85,226.9,2.0,0.0,0.941559422302246,True,PUT,2026-04-17,META
META260417P00890000,890.0,219.95,152.65,155.5,15.0,15.0,0.2024005541992187,True,PUT,2026-04-17,META
META260417P00900000,900.0,295.35,240.75,246.9,11.0,0.0,0.9797365307617188,True,PUT,2026-04-17,META
META260417P00910000,910.0,264.65,259.65,266.4,12.0,0.0,1.067204371032715,True,PUT,2026-04-17,META
META260417P00920000,920.0,255.51,180.55,186.2,2.0,1.0,0.2622144091796875,True,PUT,2026-04-17,META
META260417P00930000,930.0,275.45,279.65,286.8,9.0,0.0,1.1049849438476564,True,PUT,2026-04-17,META
META260417P00940000,940.0,274.75,289.65,296.8,40.0,0.0,1.1225629809570314,True,PUT,2026-04-17,META
META260417P00950000,950.0,275.2,299.65,306.8,40.0,0.0,1.139774808959961,True,PUT,2026-04-17,META
META260515C00520000,520.0,221.88,223.85,229.45,3.0,77.0,0.5562788513183594,True,CALL,2026-05-15,META
META260515C00530000,530.0,209.5,214.45,220.1,4.0,128.0,0.5419509916687013,True,CALL,2026-05-15,META
META260515C00540000,540.0,207.0,207.65,210.3,6.0,69.0,0.5413559048461917,True,CALL,2026-05-15,META
META260515C00550000,550.0,200.35,199.85,201.1,11.0,389.0,0.5364121066284181,True,CALL,2026-05-15,META
META260515C00560000,560.0,185.87,189.8,192.15,8.0,132.0,0.5185900192260743,True,CALL,2026-05-15,META
META260515C00570000,570.0,167.57,180.45,183.15,2.0,119.0,0.5042469009399414,True,CALL,2026-05-15,META
META260515C00580000,580.0,172.03,171.85,173.45,21.0,231.0,0.4982044808959961,True,CALL,2026-05-15,META
META260515C00590000,590.0,160.0,163.8,165.4,18.0,322.0,0.4939168040466309,True,CALL,2026-05-15,META
META260515C00600000,600.0,156.0,154.6,156.55,93.0,12448.0,0.4806265316772461,True,CALL,2026-05-15,META
META260515C00610000,610.0,146.21,146.15,148.6,75.0,593.0,0.4749198016357422,True,CALL,2026-05-15,META
META260515C00620000,620.0,138.8,138.2,140.0,48.0,555.0,0.4622856506347657,True,CALL,2026-05-15,META
META260515C00630000,630.0,130.05,130.25,131.85,83.0,795.0,0.4526727096557618,True,CALL,2026-05-15,META
META260515C00640000,640.0,123.55,122.3,124.5,143.0,1150.0,0.4484918432617187,True,CALL,2026-05-15,META
META260515C00650000,650.0,115.95,114.6,116.2,464.0,1742.0,0.4355372608947754,True,CALL,2026-05-15,META
META260515C00660000,660.0,108.14,107.25,109.05,394.0,1231.0,0.43031880722045907,True,CALL,2026-05-15,META
META260515C00670000,670.0,100.71,100.1,101.85,402.0,1155.0,0.4233608689880371,True,CALL,2026-05-15,META
META260515C00680000,680.0,93.99,93.25,95.5,305.0,1044.0,0.42104155624389655,True,CALL,2026-05-15,META
META260515C00690000,690.0,88.0,86.9,88.4,131.0,849.0,0.41203896072387697,True,CALL,2026-05-15,META
META260515C00700000,700.0,80.95,80.7,81.55,663.0,2701.0,0.4034330897521973,True,CALL,2026-05-15,META
META260515C00710000,710.0,75.3,74.7,75.25,214.0,570.0,0.3971007556152344,True,CALL,2026-05-15,META
META260515C00720000,720.0,69.1,68.65,70.0,507.0,1214.0,0.3960479096984864,True,CALL,2026-05-15,META
META260515C00730000,730.0,63.6,63.8,64.2,11084.0,10349.0,0.38989104988098144,True,CALL,2026-05-15,META
META260515C00740000,740.0,58.64,58.45,58.85,838.0,588.0,0.38506169143676755,False,CALL,2026-05-15,META
META260515C00750000,750.0,54.3,53.6,53.95,844.0,1764.0,0.38149117050170894,False,CALL,2026-05-15,META
META260515C00760000,760.0,49.21,49.1,49.4,331.0,1382.0,0.3785386243438721,False,CALL,2026-05-15,META
META260515C00770000,770.0,45.2,44.75,45.05,838.0,760.0,0.37526564682006835,False,CALL,2026-05-15,META
META260515C00780000,780.0,40.75,40.8,41.1,462.0,563.0,0.3729539633941651,False,CALL,2026-05-15,META
META260515C00790000,790.0,37.22,37.15,37.45,379.0,431.0,0.3710084872436523,False,CALL,2026-05-15,META
META260515C00800000,800.0,34.0,33.8,34.1,2634.0,3776.0,0.369497882232666,False,CALL,2026-05-15,META
META260515C00810000,810.0,31.1,30.75,31.0,237.0,1153.0,0.3681398635864258,False,CALL,2026-05-15,META
META260515C00820000,820.0,26.72,27.9,28.15,130.0,461.0,0.36699546585083004,False,CALL,2026-05-15,META
META260515C00830000,830.0,24.66,25.1,25.35,100.0,1029.0,0.36473718765258795,False,CALL,2026-05-15,META
META260515C00840000,840.0,23.0,22.65,22.9,86.0,331.0,0.36351649673461917,False,CALL,2026-05-15,META
META260515C00850000,850.0,20.5,20.5,20.75,252.0,866.0,0.3631502894592285,False,CALL,2026-05-15,META
META260515C00860000,860.0,16.85,18.45,18.65,40.0,317.0,0.36179227081298826,False,CALL,2026-05-15,META
META260515C00870000,870.0,16.8,16.6,16.8,25.0,214.0,0.3610903735351562,False,CALL,2026-05-15,META
META260515C00880000,880.0,14.82,15.05,15.25,73.0,835.0,0.36167020172119135,False,CALL,2026-05-15,META
META260515C00890000,890.0,13.6,13.5,13.7,81.0,250.0,0.3610293389892578,False,CALL,2026-05-15,META
META260515C00900000,900.0,11.97,12.15,12.3,197.0,977.0,0.3605105453491211,False,CALL,2026-05-15,META
META260515C00910000,910.0,11.0,10.95,11.1,37.0,259.0,0.360785200805664,False,CALL,2026-05-15,META
META260515C00920000,920.0,9.69,9.95,10.1,26.0,153.0,0.36206692626953124,False,CALL,2026-05-15,META
META260515C00930000,930.0,8.92,8.85,9.0,48.0,156.0,0.3611514080810546,False,CALL,2026-05-15,META
META260515C00940000,940.0,8.04,8.05,8.25,52.0,76.0,0.3632570999145508,False,CALL,2026-05-15,META
META260515C00950000,950.0,7.22,7.2,7.35,65.0,580.0,0.36255520263671875,False,CALL,2026-05-15,META
META260515P00520000,520.0,3.72,3.65,3.75,59.0,1211.0,0.4165097412109374,False,PUT,2026-05-15,META
META260515P00530000,530.0,4.6,4.2,4.3,52.0,688.0,0.4102842175292969,False,PUT,2026-05-15,META
META260515P00540000,540.0,5.36,4.8,4.9,136.0,649.0,0.4036619692993164,False,PUT,2026-05-15,META
META260515P00550000,550.0,5.57,5.5,5.6,508.0,1959.0,0.3975890319824219,False,PUT,2026-05-15,META
META260515P00560000,560.0,7.0,6.35,6.5,87.0,903.0,0.39346920013427733,False,PUT,2026-05-15,META
META260515P00570000,570.0,7.42,7.2,7.4,318.0,964.0,0.3876098837280273,False,PUT,2026-05-15,META
META260515P00580000,580.0,8.32,8.25,8.45,104.0,1895.0,0.3823914300537109,False,PUT,2026-05-15,META
META260515P00590000,590.0,9.65,9.45,9.65,154.0,595.0,0.37756970092773434,False,PUT,2026-05-15,META
META260515P00600000,600.0,10.9,10.8,11.0,461.0,12664.0,0.3728700408935547,False,PUT,2026-05-15,META
META260515P00610000,610.0,12.4,12.3,12.5,153.0,4082.0,0.36818563949584965,False,PUT,2026-05-15,META
META260515P00620000,620.0,13.9,14.05,14.25,108.0,671.0,0.36438623901367195,False,PUT,2026-05-15,META
META260515P00630000,630.0,16.27,15.9,16.1,336.0,1506.0,0.35977813079833976,False,PUT,2026-05-15,META
META260515P00640000,640.0,18.1,17.95,18.15,93.0,779.0,0.35526157440185535,False,PUT,2026-05-15,META
META260515P00650000,650.0,20.35,20.15,20.35,141.0,2129.0,0.35033303482055655,False,PUT,2026-05-15,META
META260515P00660000,660.0,22.75,22.85,23.0,651.0,490.0,0.34728130752563474,False,PUT,2026-05-15,META
META260515P00670000,670.0,26.0,25.7,25.9,171.0,585.0,0.3442753561401367,False,PUT,2026-05-15,META
META260515P00680000,680.0,28.7,28.65,28.9,91.0,656.0,0.3401402656555175,False,PUT,2026-05-15,META
META260515P00690000,690.0,32.14,31.95,32.2,132.0,209.0,0.3363103479003906,False,PUT,2026-05-15,META
META260515P00700000,700.0,35.55,35.6,35.8,536.0,531.0,0.33269405105590827,False,PUT,2026-05-15,META
META260515P00710000,710.0,39.3,39.5,39.65,140.0,270.0,0.3288641333007812,False,PUT,2026-05-15,META
META260515P00720000,720.0,43.9,43.5,43.8,146.0,230.0,0.3251257673645019,False,PUT,2026-05-15,META
META260515P00730000,730.0,48.15,48.0,48.35,1069.0,218.0,0.3220435227966308,False,PUT,2026-05-15,META
META260515P00740000,740.0,52.95,52.75,53.1,113.0,256.0,0.3183127861785888,True,PUT,2026-05-15,META
META260515P00750000,750.0,58.1,57.9,58.25,86.0,241.0,0.31517713638305656,True,PUT,2026-05-15,META
META260515P00760000,760.0,63.5,63.3,63.65,16.0,248.0,0.3116752793121338,True,PUT,2026-05-15,META
META260515P00770000,770.0,70.0,68.95,69.4,23.0,111.0,0.30843281906127923,True,PUT,2026-05-15,META
META260515P00780000,780.0,79.75,75.0,75.45,6.0,513.0,0.30515984153747555,True,PUT,2026-05-15,META
META260515P00790000,790.0,84.02,81.3,81.8,3.0,99.0,0.3018563467407227,True,PUT,2026-05-15,META
META260515P00800000,800.0,88.08,87.4,88.6,47.0,111.0,0.2996285858154296,True,PUT,2026-05-15,META
META260515P00810000,810.0,95.9,93.75,95.85,37.0,33.0,0.29862151580810536,True,PUT,2026-05-15,META
META260515P00820000,820.0,105.24,100.95,103.0,6.0,85.0,0.2949441844177246,True,PUT,2026-05-15,META
META260515P00830000,830.0,113.29,108.3,110.45,6.0,78.0,0.29148047393798815,True,PUT,2026-05-15,META
META260515P00840000,840.0,230.55,115.8,118.45,8.0,39.0,0.290473403930664,True,PUT,2026-05-15,META
META260515P00850000,850.0,128.71,123.65,126.3,6.0,34.0,0.2861704684448242,True,PUT,2026-05-15,META
META260515P00860000,860.0,141.69,131.5,133.55,3.0,22.0,0.2733532138061523,True,PUT,2026-05-15,META
META260515P00870000,870.0,221.24,139.85,141.9,2.0,3.0,0.268363639678955,True,PUT,2026-05-15,META
META260515P00880000,880.0,273.0,222.25,227.65,,0.0,0.8162402409362792,True,PUT,2026-05-15,META
META260515P00890000,890.0,228.1,156.95,159.0,1.0,0.0,0.2541578491210938,True,PUT,2026-05-15,META
META260515P00900000,900.0,234.35,165.55,168.35,1.0,0.0,0.25452405639648445,True,PUT,2026-05-15,META
META260515P00910000,910.0,259.05,259.85,266.65,7.0,0.0,0.918747760772705,True,PUT,2026-05-15,META
META260515P00920000,920.0,254.05,269.65,276.85,12.0,0.0,0.9345099322509764,True,PUT,2026-05-15,META
META260515P00930000,930.0,266.1,279.5,286.8,7.0,0.0,0.9492955509948728,True,PUT,2026-05-15,META
META260515P00940000,940.0,291.25,280.85,286.95,5.0,0.0,0.9045419702148438,True,PUT,2026-05-15,META
META260515P00950000,950.0,285.15,299.45,306.8,24.0,0.0,0.9790346334838869,True,PUT,2026-05-15,META
META260618C00520000,520.0,210.0,227.25,233.2,1.0,757.0,0.5278367529296876,True,CALL,2026-06-18,META
META260618C00530000,530.0,222.0,221.4,223.6,11.0,238.0,0.5314072738647461,True,CALL,2026-06-18,META
META260618C00540000,540.0,205.5,211.75,214.65,4.0,525.0,0.5168963105773927,True,CALL,2026-06-18,META
META260618C00550000,550.0,204.9,203.4,205.7,68.0,1288.0,0.5085956123352051,True,CALL,2026-06-18,META
META260618C00560000,560.0,195.0,193.55,196.75,22.0,320.0,0.5074512145996093,True,CALL,2026-06-18,META
META260618C00570000,570.0,164.85,185.85,187.85,18.0,406.0,0.4951985295104981,True,CALL,2026-06-18,META
META260618C00580000,580.0,177.0,176.4,179.35,11.0,381.0,0.4859365371704102,True,CALL,2026-06-18,META
META260618C00590000,590.0,169.0,168.25,170.5,11.0,337.0,0.4731345411682129,True,CALL,2026-06-18,META
META260618C00600000,600.0,161.5,160.0,162.0,428.0,3254.0,0.4626671165466309,True,CALL,2026-06-18,META
META260618C00610000,610.0,152.25,152.45,154.4,29.0,542.0,0.4583946983337403,True,CALL,2026-06-18,META
META260618C00615000,615.0,146.7,147.55,150.2,16.0,240.0,0.45288633056640626,True,CALL,2026-06-18,META
META260618C00620000,620.0,144.77,143.6,146.05,79.0,1100.0,0.4475763250732422,True,CALL,2026-06-18,META
META260618C00625000,625.0,140.0,140.65,142.65,50.0,381.0,0.4474695146179199,True,CALL,2026-06-18,META
META260618C00630000,630.0,137.36,136.75,138.5,113.0,1890.0,0.4417475259399414,True,CALL,2026-06-18,META
META260618C00635000,635.0,133.0,133.0,134.5,60.0,354.0,0.4369105381774902,True,CALL,2026-06-18,META
META260618C00640000,640.0,129.37,128.75,130.15,79.0,1801.0,0.4295100994873047,True,CALL,2026-06-18,META
META260618C00645000,645.0,125.74,125.05,127.3,37.0,561.0,0.431997257232666,True,CALL,2026-06-18,META
META260618C00650000,650.0,122.0,121.3,123.0,518.0,4086.0,0.42455104263305665,True,CALL,2026-06-18,META
META260618C00655000,655.0,118.85,117.8,118.5,142.0,1710.0,0.41567814552307125,True,CALL,2026-06-18,META
META260618C00660000,660.0,112.0,114.65,116.6,340.0,2358.0,0.42328457580566403,True,CALL,2026-06-18,META
META260618C00665000,665.0,111.0,110.7,113.0,90.0,408.0,0.4196530203247071,True,CALL,2026-06-18,META
META260618C00670000,670.0,108.7,107.7,109.0,603.0,1328.0,0.4133130568695068,True,CALL,2026-06-18,META
META260618C00675000,675.0,105.43,104.25,105.9,176.0,558.0,0.412290728225708,True,CALL,2026-06-18,META
META260618C00680000,680.0,101.27,101.2,102.45,271.0,1487.0,0.4088422763824463,True,CALL,2026-06-18,META
META260618C00685000,685.0,98.63,97.9,99.65,33.0,288.0,0.4090177507019042,True,CALL,2026-06-18,META
META260618C00690000,690.0,93.05,94.75,96.4,290.0,3263.0,0.40619490295410154,True,CALL,2026-06-18,META
META260618C00695000,695.0,91.0,91.65,93.45,268.0,461.0,0.4048521429443359,True,CALL,2026-06-18,META
META260618C00700000,700.0,89.5,88.8,89.0,1498.0,9766.0,0.39455256332397465,True,CALL,2026-06-18,META
META260618C00705000,705.0,78.9,85.55,87.35,25.0,471.0,0.40013722427368165,True,CALL,2026-06-18,META
META260618C00710000,710.0,80.95,82.7,84.0,137.0,3032.0,0.39564355583190924,True,CALL,2026-06-18,META
META260618C00715000,715.0,79.71,79.8,80.6,124.0,306.0,0.3906158351135254,True,CALL,2026-06-18,META
META260618C00720000,720.0,76.73,76.85,78.0,429.0,2743.0,0.38982238601684577,True,CALL,2026-06-18,META
META260618C00725000,725.0,74.79,74.35,74.75,546.0,523.0,0.3850922087097168,True,CALL,2026-06-18,META
META260618C00730000,730.0,72.21,71.55,71.95,351.0,2097.0,0.3825897923278808,True,CALL,2026-06-18,META
META260618C00735000,735.0,67.62,69.05,69.45,201.0,538.0,0.3814453945922851,True,CALL,2026-06-18,META
META260618C00740000,740.0,66.84,66.5,66.9,1216.0,1604.0,0.37972116867065425,False,CALL,2026-06-18,META
META260618C00745000,745.0,64.38,64.05,64.45,103.0,226.0,0.3782563395690917,False,CALL,2026-06-18,META
META260618C00750000,750.0,61.6,61.65,62.05,1307.0,13622.0,0.37675336387634273,False,CALL,2026-06-18,META
META260618C00755000,755.0,60.0,59.3,59.65,96.0,799.0,0.3749528447723388,False,CALL,2026-06-18,META
META260618C00760000,760.0,56.75,57.1,57.45,236.0,3030.0,0.37394577476501456,False,CALL,2026-06-18,META
META260618C00765000,765.0,54.5,54.9,55.25,36.0,476.0,0.37263353202819827,False,CALL,2026-06-18,META
META260618C00770000,770.0,52.47,52.75,53.1,140.0,876.0,0.37129840133666997,False,CALL,2026-06-18,META
META260618C00775000,775.0,51.25,50.65,51.0,163.0,655.0,0.3699403826904296,False,CALL,2026-06-18,META
META260618C00780000,780.0,48.2,48.65,49.05,93.0,2143.0,0.36910878700256355,False,CALL,2026-06-18,META
META260618C00785000,785.0,45.35,46.75,47.05,14.0,886.0,0.36769736312866214,False,CALL,2026-06-18,META
META260618C00790000,790.0,45.41,44.9,45.25,73.0,1254.0,0.36711753494262694,False,CALL,2026-06-18,META
META260618C00795000,795.0,40.95,42.95,43.25,114.0,361.0,0.3651110242462159,False,CALL,2026-06-18,META
META260618C00800000,800.0,41.85,41.35,41.65,1293.0,8127.0,0.365065248336792,False,CALL,2026-06-18,META
META260618C00805000,805.0,36.72,39.6,39.95,135.0,408.0,0.36417261810302737,False,CALL,2026-06-18,META
META260618C00810000,810.0,38.22,38.0,38.25,1968.0,1773.0,0.36298244445800787,False,CALL,2026-06-18,META
META260618C00820000,820.0,34.42,34.85,35.15,194.0,1301.0,0.3614870980834961,False,CALL,2026-06-18,META
META260618C00830000,830.0,31.6,31.95,32.25,95.0,875.0,0.36002989830017085,False,CALL,2026-06-18,META
META260618C00840000,840.0,29.65,29.25,29.5,1330.0,2153.0,0.35835907760620117,False,CALL,2026-06-18,META
META260618C00850000,850.0,26.83,26.8,27.1,1408.0,5677.0,0.357779249420166,False,CALL,2026-06-18,META
META260618C00860000,860.0,24.8,24.55,24.85,206.0,559.0,0.3571078694152832,False,CALL,2026-06-18,META
META260618C00870000,870.0,20.59,22.4,22.7,35.0,522.0,0.35605502349853513,False,CALL,2026-06-18,META
META260618C00880000,880.0,20.2,20.6,20.85,65.0,1231.0,0.3560397648620605,False,CALL,2026-06-18,META
META260618C00890000,890.0,18.82,18.8,19.0,56.0,256.0,0.3550479534912109,False,CALL,2026-06-18,META
META260618C00900000,900.0,17.18,17.1,17.35,1221.0,13219.0,0.35452915985107414,False,CALL,2026-06-18,META
META260618C00910000,910.0,14.9,15.7,15.85,108.0,377.0,0.354223987121582,False,CALL,2026-06-18,META
META260618C00920000,920.0,14.15,14.2,14.35,112.0,811.0,0.35297277893066403,False,CALL,2026-06-18,META
META260618C00930000,930.0,13.05,12.95,13.15,83.0,406.0,0.3532932102966308,False,CALL,2026-06-18,META
META260618C00940000,940.0,11.98,11.8,11.95,112.0,941.0,0.35275915802001956,False,CALL,2026-06-18,META
META260618C00950000,950.0,9.65,10.8,10.95,80.0,14048.0,0.35321691711425773,False,CALL,2026-06-18,META
META260618P00520000,520.0,5.5,5.35,5.5,64.0,1752.0,0.3966124792480469,False,PUT,2026-06-18,META
META260618P00530000,530.0,6.15,6.1,6.2,69.0,2805.0,0.3906921282958984,False,PUT,2026-06-18,META
META260618P00540000,540.0,7.05,6.9,7.1,93.0,2342.0,0.3866943655395507,False,PUT,2026-06-18,META
META260618P00550000,550.0,7.88,7.8,7.95,2122.0,4188.0,0.3806214282226562,False,PUT,2026-06-18,META
META260618P00560000,560.0,8.88,8.85,9.05,483.0,2848.0,0.37662366546630854,False,PUT,2026-06-18,META
META260618P00570000,570.0,10.4,10.05,10.25,465.0,1149.0,0.37244279907226563,False,PUT,2026-06-18,META
META260618P00580000,580.0,11.4,11.4,11.55,873.0,2794.0,0.3679872772216797,False,PUT,2026-06-18,META
META260618P00590000,590.0,13.45,12.8,12.95,348.0,1793.0,0.36322658264160157,False,PUT,2026-06-18,META
META260618P00600000,600.0,14.5,14.45,14.65,661.0,8411.0,0.36002226898193357,False,PUT,2026-06-18,META
META260618P00610000,610.0,16.69,16.1,16.35,76.0,1391.0,0.35536838485717764,False,PUT,2026-06-18,META
META260618P00615000,615.0,17.07,17.05,17.25,48.0,371.0,0.35298803756713865,False,PUT,2026-06-18,META
META260618P00620000,620.0,18.25,18.15,18.35,938.0,2345.0,0.35190467437744133,False,PUT,2026-06-18,META
META260618P00625000,625.0,19.4,19.15,19.35,78.0,464.0,0.34963113754272457,False,PUT,2026-06-18,META
META260618P00630000,630.0,20.65,20.25,20.4,571.0,2476.0,0.3474186352539062,False,PUT,2026-06-18,META
META260618P00635000,635.0,21.36,21.35,21.55,43.0,437.0,0.34561811614990234,False,PUT,2026-06-18,META
META260618P00640000,640.0,23.96,22.55,22.75,92.0,1731.0,0.34383285568237304,False,PUT,2026-06-18,META
META260618P00645000,645.0,23.95,23.8,24.0,184.0,1196.0,0.34204759521484374,False,PUT,2026-06-18,META
META260618P00650000,650.0,25.3,25.1,25.35,306.0,2863.0,0.34059802474975587,False,PUT,2026-06-18,META
META260618P00655000,655.0,27.48,26.45,26.7,128.0,261.0,0.3387822470092773,False,PUT,2026-06-18,META
META260618P00660000,660.0,28.84,27.8,28.05,193.0,2018.0,0.33661552062988287,False,PUT,2026-06-18,META
META260618P00665000,665.0,30.5,29.3,29.6,140.0,416.0,0.3354024590301513,False,PUT,2026-06-18,META
META260618P00670000,670.0,31.25,30.8,31.05,217.0,1001.0,0.33317469810485845,False,PUT,2026-06-18,META
META260618P00675000,675.0,34.05,32.45,32.75,75.0,148.0,0.33217525741577153,False,PUT,2026-06-18,META
META260618P00680000,680.0,34.17,34.0,34.25,118.0,1350.0,0.32955840126037594,False,PUT,2026-06-18,META
META260618P00685000,685.0,36.8,35.7,35.95,77.0,96.0,0.32782654602050776,False,PUT,2026-06-18,META
META260618P00690000,690.0,39.42,37.6,37.9,110.0,491.0,0.32722382987976073,False,PUT,2026-06-18,META
META260618P00695000,695.0,46.1,39.35,39.65,42.0,83.0,0.3250494741821288,False,PUT,2026-06-18,META
META260618P00700000,700.0,41.16,41.25,41.55,337.0,2587.0,0.32340154144287103,False,PUT,2026-06-18,META
META260618P00705000,705.0,46.0,43.25,43.6,174.0,53.0,0.3222571437072753,False,PUT,2026-06-18,META
META260618P00710000,710.0,47.27,45.1,45.45,42.0,1239.0,0.31958688232421867,False,PUT,2026-06-18,META
META260618P00715000,715.0,49.84,47.4,47.7,28.0,59.0,0.3188392091369628,False,PUT,2026-06-18,META
META260618P00720000,720.0,52.25,49.55,49.85,99.0,735.0,0.3171378711700439,False,PUT,2026-06-18,META
META260618P00725000,725.0,58.65,51.7,52.05,10.0,78.0,0.31536024002075186,False,PUT,2026-06-18,META
META260618P00730000,730.0,55.0,54.0,54.35,40.0,687.0,0.3137580831909179,False,PUT,2026-06-18,META
META260618P00735000,735.0,56.25,56.3,56.65,45.0,40.0,0.3117897190856933,False,PUT,2026-06-18,META
META260618P00740000,740.0,58.55,58.75,59.1,226.0,235.0,0.310279114074707,True,PUT,2026-06-18,META
META260618P00745000,745.0,70.8,61.35,61.75,64.0,23.0,0.3094932942962646,True,PUT,2026-06-18,META
META260618P00750000,750.0,63.8,63.9,64.3,136.0,706.0,0.3077766976928711,True,PUT,2026-06-18,META
META260618P00755000,755.0,75.45,66.45,66.85,6.0,45.0,0.30569389381408696,True,PUT,2026-06-18,META
META260618P00760000,760.0,69.45,69.2,69.55,29.0,413.0,0.30405359039306634,True,PUT,2026-06-18,META
META260618P00765000,765.0,154.0,123.5,125.3,2.0,3.0,0.5885661260986328,True,PUT,2026-06-18,META
META260618P00770000,770.0,75.0,74.8,75.2,8.0,505.0,0.30101712173461914,True,PUT,2026-06-18,META
META260618P00775000,775.0,78.4,77.7,78.1,6.0,28.0,0.2993386717224121,True,PUT,2026-06-18,META
META260618P00780000,780.0,94.1,80.65,81.1,3.0,409.0,0.2978433253479003,True,PUT,2026-06-18,META
META260618P00785000,785.0,91.9,83.75,84.15,2.0,10.0,0.296256427154541,True,PUT,2026-06-18,META
META260618P00790000,790.0,95.15,86.7,87.15,17.0,134.0,0.29398289031982416,True,PUT,2026-06-18,META
META260618P00795000,795.0,89.7,90.1,90.6,3.0,4.0,0.2939218557739257,True,PUT,2026-06-18,META
META260618P00800000,800.0,93.21,93.25,93.8,3.0,2445.0,0.2920297848510741,True,PUT,2026-06-18,META
META260618P00805000,805.0,199.9,96.55,97.1,3.0,6.0,0.2903360762023925,True,PUT,2026-06-18,META
META260618P00810000,810.0,106.0,98.9,100.8,1.0,62.0,0.29066413688659665,True,PUT,2026-06-18,META
META260618P00820000,820.0,161.59,105.9,107.75,1.0,150.0,0.28749034049987787,True,PUT,2026-06-18,META
META260618P00830000,830.0,173.3,113.05,114.9,5.0,82.0,0.28398848342895494,True,PUT,2026-06-18,META
META260618P00840000,840.0,182.1,120.15,122.35,10.0,87.0,0.2808299456787109,True,PUT,2026-06-18,META
META260618P00850000,850.0,142.0,128.05,130.65,3.0,74.0,0.2821421884155273,True,PUT,2026-06-18,META
META260618P00860000,860.0,229.82,204.9,206.95,2.0,82.0,0.6861527356719971,True,PUT,2026-06-18,META
META260618P00870000,870.0,215.8,143.9,146.2,3.0,28.0,0.27248347152709956,True,PUT,2026-06-18,META
META260618P00880000,880.0,228.0,151.65,153.95,2.0,38.0,0.2642132905578613,True,PUT,2026-06-18,META
META260618P00890000,890.0,222.95,160.0,162.3,1.0,37.0,0.25901009552001963,True,PUT,2026-06-18,META
META260618P00900000,900.0,178.06,168.7,169.75,6.0,1.0,0.2405776626586914,True,PUT,2026-06-18,META
META260618P00910000,910.0,256.4,177.05,179.55,2.0,0.0,0.2474440490722656,True,PUT,2026-06-18,META
META260618P00920000,920.0,252.55,185.55,188.35,6.0,6.0,0.23963162719726558,True,PUT,2026-06-18,META
META260618P00930000,930.0,275.65,279.95,287.25,7.0,0.0,0.8295152546691895,True,PUT,2026-06-18,META
META260618P00940000,940.0,339.65,281.8,286.95,2.0,0.0,0.7906972834777832,True,PUT,2026-06-18,META
META260618P00950000,950.0,344.67,291.8,297.1,3.0,0.0,0.8039112626647948,True,PUT,2026-06-18,META
META260717C00520000,520.0,224.0,233.15,235.95,1.0,17.0,0.5241289042663573,True,CALL,2026-07-17,META
META260717C00530000,530.0,208.0,223.6,226.8,1.0,34.0,0.5096179409790039,True,CALL,2026-07-17,META
META260717C00540000,540.0,202.1,215.4,217.55,1.0,62.0,0.5005848281860351,True,CALL,2026-07-17,META
META260717C00550000,550.0,189.07,205.9,208.7,7.0,68.0,0.49908948181152346,True,CALL,2026-07-17,META
META260717C00560000,560.0,180.7,197.25,200.2,7.0,34.0,0.4905446453857423,True,CALL,2026-07-17,META
META260717C00570000,570.0,172.45,188.7,191.6,6.0,31.0,0.48065704895019534,True,CALL,2026-07-17,META
META260717C00580000,580.0,175.0,180.4,183.15,2.0,35.0,0.47141031524658206,True,CALL,2026-07-17,META
META260717C00590000,590.0,122.85,172.05,174.55,4.0,175.0,0.4605461660766602,True,CALL,2026-07-17,META
META260717C00600000,600.0,164.72,164.9,166.7,12.0,279.0,0.454457970123291,True,CALL,2026-07-17,META
META260717C00610000,610.0,152.7,156.2,158.8,17.0,438.0,0.44725589370727536,True,CALL,2026-07-17,META
META260717C00620000,620.0,149.85,148.75,150.8,42.0,387.0,0.438680540008545,True,CALL,2026-07-17,META
META260717C00630000,630.0,136.0,141.7,143.6,71.0,279.0,0.43448441497802737,True,CALL,2026-07-17,META
META260717C00640000,640.0,132.92,134.3,136.0,77.0,290.0,0.4269313899230958,True,CALL,2026-07-17,META
META260717C00650000,650.0,128.03,127.1,128.75,69.0,393.0,0.4207211248779297,True,CALL,2026-07-17,META
META260717C00660000,660.0,120.95,120.4,121.6,56.0,157.0,0.41425146301269533,True,CALL,2026-07-17,META
META260717C00670000,670.0,113.9,113.5,115.15,85.0,329.0,0.41087930435180664,True,CALL,2026-07-17,META
META260717C00680000,680.0,107.25,106.95,108.5,46.0,213.0,0.4054319711303711,True,CALL,2026-07-17,META
META260717C00690000,690.0,96.45,100.2,102.1,19.0,147.0,0.4004423970031738,True,CALL,2026-07-17,META
META260717C00700000,700.0,95.27,94.4,95.4,133.0,503.0,0.39295803581237787,True,CALL,2026-07-17,META
META260717C00710000,710.0,86.93,88.75,90.55,35.0,159.0,0.3941939853668214,True,CALL,2026-07-17,META
META260717C00720000,720.0,83.47,82.45,84.55,93.0,328.0,0.38844910873413085,True,CALL,2026-07-17,META
META260717C00730000,730.0,78.5,78.05,78.5,112.0,109.0,0.38152168777465817,True,CALL,2026-07-17,META
META260717C00740000,740.0,72.6,72.95,73.3,136.0,108.0,0.37793590820312495,False,CALL,2026-07-17,META
META260717C00750000,750.0,68.4,68.2,68.6,284.0,274.0,0.3758607336425781,False,CALL,2026-07-17,META
META260717C00760000,760.0,63.49,63.35,63.65,46.0,140.0,0.37152728088378906,False,CALL,2026-07-17,META
META260717C00770000,770.0,58.8,59.0,59.35,68.0,138.0,0.36944447700500493,False,CALL,2026-07-17,META
META260717C00780000,780.0,54.55,55.0,55.3,54.0,118.0,0.36762106994628907,False,CALL,2026-07-17,META
META260717C00790000,790.0,50.96,50.95,51.25,67.0,245.0,0.364813480834961,False,CALL,2026-07-17,META
META260717C00800000,800.0,47.55,47.4,47.75,226.0,328.0,0.36380641082763676,False,CALL,2026-07-17,META
META260717C00810000,810.0,42.38,43.9,44.2,34.0,427.0,0.36159390853881834,False,CALL,2026-07-17,META
META260717C00820000,820.0,39.29,40.75,41.05,31.0,84.0,0.3605029160308838,False,CALL,2026-07-17,META
META260717C00830000,830.0,37.93,37.8,38.1,33.0,75.0,0.35954925125122067,False,CALL,2026-07-17,META
META260717C00840000,840.0,35.05,34.85,35.15,30.0,109.0,0.35767243896484374,False,CALL,2026-07-17,META
META260717C00850000,850.0,32.31,32.25,32.5,75.0,80.0,0.3565127825927734,False,CALL,2026-07-17,META
META260717C00860000,860.0,27.4,29.75,30.05,5.0,60.0,0.35559726440429684,False,CALL,2026-07-17,META
META260717C00870000,870.0,16.9,27.6,27.85,25.0,124.0,0.35526920372009263,False,CALL,2026-07-17,META
META260717C00880000,880.0,25.28,25.35,25.65,29.0,45.0,0.3541019180297851,False,CALL,2026-07-17,META
META260717C00890000,890.0,23.5,23.45,23.7,66.0,112.0,0.35361364166259757,False,CALL,2026-07-17,META
META260717C00900000,900.0,21.66,21.55,21.85,396.0,552.0,0.3529422616577148,False,CALL,2026-07-17,META
META260717C00910000,910.0,19.75,19.9,20.15,79.0,131.0,0.3524539852905273,False,CALL,2026-07-17,META
META260717C00920000,920.0,17.0,18.3,18.6,3.0,25.0,0.3522251057434082,False,CALL,2026-07-17,META
META260717C00930000,930.0,14.55,16.9,17.15,10.0,26.0,0.35193519165039056,False,CALL,2026-07-17,META
META260717C00940000,940.0,13.13,15.65,15.9,1.0,42.0,0.35239295074462884,False,CALL,2026-07-17,META
META260717C00950000,950.0,12.6,14.4,14.6,45.0,33.0,0.35178260528564453,False,CALL,2026-07-17,META
META260717P00520000,520.0,8.1,6.9,7.05,6.0,1352.0,0.3846497082519531,False,PUT,2026-07-17,META
META260717P00530000,530.0,8.25,7.8,8.0,21.0,398.0,0.38075875595092773,False,PUT,2026-07-17,META
META260717P00540000,540.0,8.76,8.8,8.95,191.0,301.0,0.37569288864135747,False,PUT,2026-07-17,META
META260717P00550000,550.0,10.35,9.9,10.05,35.0,981.0,0.3713136599731446,False,PUT,2026-07-17,META
META260717P00560000,560.0,11.24,11.05,11.3,510.0,876.0,0.36739219039917,False,PUT,2026-07-17,META
META260717P00570000,570.0,12.61,12.4,12.6,53.0,171.0,0.3628145994567871,False,PUT,2026-07-17,META
META260717P00580000,580.0,15.0,13.9,14.1,415.0,320.0,0.3589846817016602,False,PUT,2026-07-17,META
META260717P00590000,590.0,15.6,15.5,15.75,39.0,195.0,0.35527683303832996,False,PUT,2026-07-17,META
META260717P00600000,600.0,18.2,17.2,17.45,27.0,894.0,0.3508060525512695,False,PUT,2026-07-17,META
META260717P00610000,610.0,19.65,19.2,19.45,120.0,360.0,0.34751018707275383,False,PUT,2026-07-17,META
META260717P00620000,620.0,22.05,21.3,21.6,33.0,642.0,0.34409988182067863,False,PUT,2026-07-17,META
META260717P00630000,630.0,24.45,23.55,23.8,18.0,984.0,0.3398350929260254,False,PUT,2026-07-17,META
META260717P00640000,640.0,27.63,25.95,26.2,14.0,223.0,0.33576103698730464,False,PUT,2026-07-17,META
META260717P00650000,650.0,29.25,28.7,29.0,172.0,569.0,0.33304499969482426,False,PUT,2026-07-17,META
META260717P00660000,660.0,31.9,31.65,31.95,34.0,223.0,0.32997801376342767,False,PUT,2026-07-17,META
META260717P00670000,670.0,35.9,34.75,35.05,59.0,128.0,0.3265600791931152,False,PUT,2026-07-17,META
META260717P00680000,680.0,40.63,37.95,38.2,27.0,136.0,0.32222662643432615,False,PUT,2026-07-17,META
META260717P00690000,690.0,44.55,41.7,42.05,18.0,160.0,0.3205329177856445,False,PUT,2026-07-17,META
META260717P00700000,700.0,48.68,45.55,45.85,5.0,302.0,0.3172980868530273,False,PUT,2026-07-17,META
META260717P00710000,710.0,51.55,49.6,50.0,2.0,18.0,0.31465834274291987,False,PUT,2026-07-17,META
META260717P00720000,720.0,55.78,53.85,54.2,38.0,5.0,0.3110267872619628,False,PUT,2026-07-17,META
META260717P00730000,730.0,60.6,58.25,58.65,19.0,78.0,0.3074410076904296,False,PUT,2026-07-17,META
META260717P00740000,740.0,65.54,63.2,63.55,12.0,9.0,0.30487755676269535,True,PUT,2026-07-17,META
META260717P00750000,750.0,69.25,68.25,68.65,29.0,5.0,0.30205470901489256,True,PUT,2026-07-17,META
META260717P00760000,760.0,74.05,73.55,74.0,16.0,11.0,0.29921660263061517,True,PUT,2026-07-17,META
META260717P00770000,770.0,79.55,78.9,79.35,14.0,17.0,0.29510440010070804,True,PUT,2026-07-17,META
META260717P00780000,780.0,91.45,85.1,85.6,18.0,10.0,0.29426517509460437,True,PUT,2026-07-17,META
META260717P00790000,790.0,91.55,91.2,91.75,8.0,1.0,0.2916712068939208,True,PUT,2026-07-17,META
META260717P00800000,800.0,195.36,97.4,98.0,14.0,37.0,0.2883066775512695,True,PUT,2026-07-17,META
META260717P00830000,830.0,191.25,116.65,118.85,5.0,30.0,0.28182175704956053,True,PUT,2026-07-17,META
META260717P00840000,840.0,136.3,124.3,126.35,1.0,15.0,0.2802882640838622,True,PUT,2026-07-17,META
META260717P00900000,900.0,285.17,170.75,173.55,48.0,48.0,0.25667552413940425,True,PUT,2026-07-17,META
META260717P00920000,920.0,287.9,188.7,190.65,,1.0,0.246375944519043,True,PUT,2026-07-17,META
META260717P00930000,930.0,264.25,196.85,200.3,3.0,0.0,0.25086198364257806,True,PUT,2026-07-17,META
META260821C00520000,520.0,177.83,237.35,240.4,1.0,18.0,0.5140276869201661,True,CALL,2026-08-21,META
META260821C00530000,530.0,214.8,228.7,231.95,4.0,46.0,0.505940609588623,True,CALL,2026-08-21,META
META260821C00540000,540.0,208.15,220.0,223.3,3.0,126.0,0.5088855264282227,True,CALL,2026-08-21,META
META260821C00550000,550.0,197.95,212.6,215.0,20.0,64.0,0.5012485788726808,True,CALL,2026-08-21,META
META260821C00560000,560.0,191.68,203.4,206.5,6.0,58.0,0.49171956039428716,True,CALL,2026-08-21,META
META260821C00570000,570.0,186.8,195.3,198.45,1.0,36.0,0.48482265670776364,True,CALL,2026-08-21,META
META260821C00580000,580.0,181.09,187.2,190.35,5.0,75.0,0.4770407521057129,True,CALL,2026-08-21,META
META260821C00590000,590.0,180.0,179.5,182.05,3.0,218.0,0.4674812163543701,True,CALL,2026-08-21,META
META260821C00600000,600.0,170.0,171.85,174.35,19.0,214.0,0.4611717701721192,True,CALL,2026-08-21,META
META260821C00610000,610.0,161.85,164.3,167.45,15.0,147.0,0.45894400924682627,True,CALL,2026-08-21,META
META260821C00620000,620.0,157.0,157.65,159.55,36.0,920.0,0.45015503463745116,True,CALL,2026-08-21,META
META260821C00630000,630.0,148.17,149.6,152.4,19.0,336.0,0.44504339141845706,True,CALL,2026-08-21,META
META260821C00640000,640.0,143.45,142.5,144.9,62.0,154.0,0.43733777999877926,True,CALL,2026-08-21,META
META260821C00650000,650.0,135.87,136.45,137.95,76.0,368.0,0.43196673995971685,True,CALL,2026-08-21,META
META260821C00660000,660.0,128.0,129.75,131.5,34.0,816.0,0.4284801415252686,True,CALL,2026-08-21,META
META260821C00670000,670.0,121.4,123.3,124.95,97.0,293.0,0.4237118176269531,True,CALL,2026-08-21,META
META260821C00680000,680.0,117.62,117.05,118.9,40.0,632.0,0.4206982369232177,True,CALL,2026-08-21,META
META260821C00690000,690.0,110.69,110.25,112.8,26.0,680.0,0.41664706893920894,True,CALL,2026-08-21,META
META260821C00700000,700.0,105.3,105.25,106.75,187.0,954.0,0.4120847366333008,True,CALL,2026-08-21,META
META260821C00710000,710.0,99.5,99.1,100.95,51.0,571.0,0.40796490478515623,True,CALL,2026-08-21,META
META260821C00720000,720.0,95.1,94.4,95.8,121.0,288.0,0.40611098045349114,True,CALL,2026-08-21,META
META260821C00730000,730.0,89.47,89.1,89.6,44.0,294.0,0.39861136062622077,True,CALL,2026-08-21,META
META260821C00740000,740.0,84.64,84.1,84.55,55.0,537.0,0.39567407310485847,False,CALL,2026-08-21,META
META260821C00750000,750.0,79.79,79.4,79.9,261.0,725.0,0.3937820021820069,False,CALL,2026-08-21,META
META260821C00760000,760.0,71.06,75.0,75.3,124.0,270.0,0.39132536170959475,False,CALL,2026-08-21,META
META260821C00770000,770.0,70.15,70.45,70.85,104.0,216.0,0.38877716941833496,False,CALL,2026-08-21,META
META260821C00780000,780.0,66.12,66.2,66.55,55.0,318.0,0.38612979598999014,False,CALL,2026-08-21,META
META260821C00790000,790.0,61.97,62.3,62.65,36.0,154.0,0.3845428977966308,False,CALL,2026-08-21,META
META260821C00800000,800.0,58.81,58.45,58.8,175.0,672.0,0.3824219473266601,False,CALL,2026-08-21,META
META260821C00810000,810.0,55.26,54.95,55.25,72.0,183.0,0.38092660095214836,False,CALL,2026-08-21,META
META260821C00820000,820.0,51.2,51.55,51.85,132.0,318.0,0.3793931079864502,False,CALL,2026-08-21,META
META260821C00830000,830.0,46.86,48.4,48.8,18.0,296.0,0.37877513320922845,False,CALL,2026-08-21,META
META260821C00840000,840.0,43.4,45.2,45.6,6.0,134.0,0.37673047592163084,False,CALL,2026-08-21,META
META260821C00850000,850.0,42.0,42.4,42.8,85.0,820.0,0.37590650955200194,False,CALL,2026-08-21,META
META260821C00860000,860.0,38.65,39.85,40.2,11.0,112.0,0.3753724572753906,False,CALL,2026-08-21,META
META260821C00870000,870.0,35.26,37.2,37.55,11.0,171.0,0.37391525749206533,False,CALL,2026-08-21,META
META260821C00880000,880.0,34.82,34.75,35.15,11.0,288.0,0.37305314453125,False,CALL,2026-08-21,META
META260821C00890000,890.0,32.55,32.65,32.95,12.0,58.0,0.3725724974822998,False,CALL,2026-08-21,META
META260821C00900000,900.0,30.42,30.55,30.85,587.0,316.0,0.37200029861450196,False,CALL,2026-08-21,META
META260821C00910000,910.0,25.65,28.4,28.75,3.0,157.0,0.37077960769653323,False,CALL,2026-08-21,META
META260821C00920000,920.0,26.55,26.6,26.9,6.0,129.0,0.37033710723876956,False,CALL,2026-08-21,META
META260821C00930000,930.0,22.27,24.9,25.15,5.0,61.0,0.3698640895080566,False,CALL,2026-08-21,META
META260821C00940000,940.0,20.69,23.2,23.5,4.0,54.0,0.3694063304138184,False,CALL,2026-08-21,META
META260821C00950000,950.0,19.15,21.75,22.0,22.0,211.0,0.36926900268554685,False,CALL,2026-08-21,META
META260821P00520000,520.0,10.4,10.0,10.2,10.0,1234.0,0.3879760910034179,False,PUT,2026-08-21,META
META260821P00530000,530.0,11.25,11.1,11.35,18.0,458.0,0.383795224609375,False,PUT,2026-08-21,META
META260821P00540000,540.0,12.95,12.4,12.55,15.0,565.0,0.37917185775756834,False,PUT,2026-08-21,META
META260821P00550000,550.0,14.45,13.8,14.05,167.0,1419.0,0.37637952728271484,False,PUT,2026-08-21,META
META260821P00560000,560.0,16.25,15.3,15.5,25.0,372.0,0.372076591796875,False,PUT,2026-08-21,META
META260821P00570000,570.0,17.17,16.9,17.15,25.0,324.0,0.3684602949523926,False,PUT,2026-08-21,META
META260821P00580000,580.0,19.6,18.75,19.0,117.0,1129.0,0.3653780503845215,False,PUT,2026-08-21,META
META260821P00590000,590.0,21.0,20.65,20.95,765.0,601.0,0.36199063308715823,False,PUT,2026-08-21,META
META260821P00600000,600.0,22.86,22.75,23.0,65.0,1293.0,0.3582980430603027,False,PUT,2026-08-21,META
META260821P00610000,610.0,25.0,24.95,25.3,97.0,419.0,0.35527683303832996,False,PUT,2026-08-21,META
META260821P00620000,620.0,28.25,27.4,27.7,17.0,448.0,0.3518588984680175,False,PUT,2026-08-21,META
META260821P00630000,630.0,31.35,30.0,30.3,14.0,153.0,0.3486698434448242,False,PUT,2026-08-21,META
META260821P00640000,640.0,33.7,32.7,33.05,11.0,158.0,0.34534346069335936,False,PUT,2026-08-21,META
META260821P00650000,650.0,35.91,35.7,36.05,84.0,1225.0,0.34242906112670896,False,PUT,2026-08-21,META
META260821P00660000,660.0,39.15,38.9,39.2,107.0,176.0,0.33931629928588863,False,PUT,2026-08-21,META
META260821P00670000,670.0,42.2,42.25,42.6,116.0,284.0,0.3365163394927979,False,PUT,2026-08-21,META
META260821P00680000,680.0,46.05,45.85,46.2,88.0,482.0,0.3337240090179443,False,PUT,2026-08-21,META
META260821P00690000,690.0,51.35,49.6,49.95,9.0,91.0,0.33067991104125977,False,PUT,2026-08-21,META
META260821P00700000,700.0,54.85,53.6,54.0,22.0,382.0,0.3280859428405762,False,PUT,2026-08-21,META
META260821P00710000,710.0,60.7,57.7,58.05,13.0,266.0,0.32450779258728013,False,PUT,2026-08-21,META
META260821P00720000,720.0,64.45,62.1,62.5,26.0,260.0,0.321822272567749,False,PUT,2026-08-21,META
META260821P00730000,730.0,68.23,66.8,67.3,5.0,107.0,0.31975472732543936,False,PUT,2026-08-21,META
META260821P00740000,740.0,72.68,71.7,72.2,1.0,90.0,0.3171455004882812,True,PUT,2026-08-21,META
META260821P00750000,750.0,79.3,76.8,77.25,27.0,394.0,0.3142158422851562,True,PUT,2026-08-21,META
META260821P00760000,760.0,84.15,82.25,82.7,3.0,166.0,0.3121177797698974,True,PUT,2026-08-21,META
META260821P00770000,770.0,94.35,87.7,88.15,8.0,133.0,0.30902027656555175,True,PUT,2026-08-21,META
META260821P00780000,780.0,97.35,93.4,93.9,1.0,75.0,0.306296609954834,True,PUT,2026-08-21,META
META260821P00790000,790.0,103.6,99.2,99.75,2.0,26.0,0.30302363243103025,True,PUT,2026-08-21,META
META260821P00800000,800.0,106.68,105.5,106.05,8.0,41.0,0.30083401809692384,True,PUT,2026-08-21,META
META260821P00810000,810.0,189.14,166.85,168.85,10.0,10.0,0.5540358317565919,True,PUT,2026-08-21,META
META260821P00820000,820.0,121.65,118.65,119.2,13.0,67.0,0.29608858215332035,True,PUT,2026-08-21,META
META260821P00830000,830.0,194.55,125.25,125.85,10.0,12.0,0.29254857849121085,True,PUT,2026-08-21,META
META260821P00840000,840.0,223.05,130.85,133.4,5.0,33.0,0.29254857849121085,True,PUT,2026-08-21,META
META260821P00850000,850.0,141.8,137.95,140.8,148.0,265.0,0.29087012847900384,True,PUT,2026-08-21,META
META260821P00860000,860.0,149.3,145.05,148.55,148.0,188.0,0.29013008460998535,True,PUT,2026-08-21,META
META260821P00870000,870.0,212.95,152.6,156.1,5.0,1.0,0.28733775413513174,True,PUT,2026-08-21,META
META260821P00880000,880.0,145.0,272.1,276.95,,6.0,0.8164386032104491,True,PUT,2026-08-21,META
META260821P00900000,900.0,304.95,245.6,248.35,1.0,11.0,0.6231574549865724,True,PUT,2026-08-21,META
META260821P00930000,930.0,186.9,231.85,233.35,1.0,1.0,0.44384558845520017,True,PUT,2026-08-21,META
META260821P00940000,940.0,317.0,209.35,213.35,1.0,0.0,0.2650677742004394,True,PUT,2026-08-21,META
META260821P00950000,950.0,248.3,338.45,344.75,27.0,41.0,0.8842098371124268,True,PUT,2026-08-21,META
META260918C00520000,520.0,240.5,239.9,243.3,2.0,58.0,0.5029041409301759,True,CALL,2026-09-18,META
META260918C00530000,530.0,233.5,232.3,234.95,11.0,69.0,0.508092077331543,True,CALL,2026-09-18,META
META260918C00540000,540.0,210.0,223.9,226.7,2.0,46.0,0.5008747422790527,True,CALL,2026-09-18,META
META260918C00545000,545.0,219.0,218.85,222.5,1.0,12.0,0.49658706542968756,True,CALL,2026-09-18,META
META260918C00550000,550.0,210.0,215.65,218.15,13.0,149.0,0.49121602539062503,True,CALL,2026-09-18,META
META260918C00555000,555.0,137.84,210.65,214.0,1.0,1.0,0.4870809349060059,True,CALL,2026-09-18,META
META260918C00560000,560.0,207.88,207.45,210.15,5.0,69.0,0.48476162216186525,True,CALL,2026-09-18,META
META260918C00565000,565.0,188.85,202.6,206.05,1.0,1.0,0.4807028248596191,True,CALL,2026-09-18,META
META260918C00570000,570.0,185.3,198.65,201.85,4.0,41.0,0.47592687164306635,True,CALL,2026-09-18,META
META260918C00575000,575.0,181.2,195.5,198.25,2.0,4.0,0.47472143936157224,True,CALL,2026-09-18,META
META260918C00580000,580.0,176.31,191.05,193.5,6.0,125.0,0.4664359997558594,True,CALL,2026-09-18,META
META260918C00585000,585.0,119.0,187.8,190.6,,2.0,0.4690604852294922,True,CALL,2026-09-18,META
META260918C00590000,590.0,185.0,183.15,186.5,18.0,274.0,0.4644371183776856,True,CALL,2026-09-18,META
META260918C00600000,600.0,173.45,175.55,178.0,99.0,1314.0,0.453206761932373,True,CALL,2026-09-18,META
META260918C00605000,605.0,172.0,172.6,175.1,6.0,28.0,0.4549767637634277,True,CALL,2026-09-18,META
META260918C00610000,610.0,167.6,168.2,171.6,31.0,183.0,0.45318387397766113,True,CALL,2026-09-18,META
META260918C00615000,615.0,112.35,164.65,167.85,1.0,13.0,0.44988037918090823,True,CALL,2026-09-18,META
META260918C00620000,620.0,157.9,161.7,163.85,38.0,274.0,0.44511968460083,True,CALL,2026-09-18,META
META260918C00625000,625.0,148.05,157.3,160.7,20.0,33.0,0.44470770141601557,True,CALL,2026-09-18,META
META260918C00630000,630.0,150.0,154.6,156.95,16.0,212.0,0.44098459411621094,True,CALL,2026-09-18,META
META260918C00635000,635.0,151.48,150.75,153.5,1.0,23.0,0.43867291069030767,True,CALL,2026-09-18,META
META260918C00640000,640.0,144.35,146.9,149.75,48.0,377.0,0.4346904065704347,True,CALL,2026-09-18,META
META260918C00645000,645.0,131.22,144.3,147.15,5.0,461.0,0.43630019271850584,True,CALL,2026-09-18,META
META260918C00650000,650.0,141.7,140.2,142.25,208.0,2051.0,0.42636682037353524,True,CALL,2026-09-18,META
META260918C00655000,655.0,126.41,137.65,139.25,1.0,13.0,0.42566492309570314,True,CALL,2026-09-18,META
META260918C00660000,660.0,134.15,133.75,136.7,111.0,856.0,0.42693901924133315,True,CALL,2026-09-18,META
META260918C00665000,665.0,119.43,130.45,133.35,12.0,21.0,0.4241695767211914,True,CALL,2026-09-18,META
META260918C00670000,670.0,126.0,128.0,129.2,150.0,555.0,0.41748629394531245,True,CALL,2026-09-18,META
META260918C00675000,675.0,115.53,124.15,127.35,18.0,39.0,0.4214459101104737,True,CALL,2026-09-18,META
META260918C00680000,680.0,123.09,122.05,124.0,167.0,467.0,0.4182034498596191,True,CALL,2026-09-18,META
META260918C00685000,685.0,103.19,118.1,121.1,4.0,6.0,0.41687594848632803,True,CALL,2026-09-18,META
META260918C00690000,690.0,114.0,116.25,117.7,30.0,300.0,0.41309180664062495,True,CALL,2026-09-18,META
META260918C00695000,695.0,101.6,112.2,114.85,1.0,49.0,0.41165749481201175,True,CALL,2026-09-18,META
META260918C00700000,700.0,111.05,110.3,112.35,342.0,2476.0,0.41161934822082524,True,CALL,2026-09-18,META
META260918C00705000,705.0,108.3,106.55,109.5,19.0,45.0,0.4098264584350586,True,CALL,2026-09-18,META
META260918C00710000,710.0,98.88,105.25,106.4,23.0,1006.0,0.4067594725036621,True,CALL,2026-09-18,META
META260918C00715000,715.0,90.03,101.65,103.75,1.0,4.0,0.40552352294921873,True,CALL,2026-09-18,META
META260918C00720000,720.0,98.0,98.4,101.05,79.0,1197.0,0.4038908488464356,True,CALL,2026-09-18,META
META260918C00725000,725.0,91.4,95.85,98.45,33.0,47.0,0.4025252008819581,True,CALL,2026-09-18,META
META260918C00730000,730.0,95.02,94.25,95.45,47.0,303.0,0.39924459403991697,True,CALL,2026-09-18,META
META260918C00740000,740.0,89.75,89.5,90.0,69.0,558.0,0.3945907099151612,False,CALL,2026-09-18,META
META260918C00750000,750.0,85.1,84.55,85.1,585.0,1695.0,0.3916305344390869,False,CALL,2026-09-18,META
META260918C00760000,760.0,78.3,80.1,80.55,106.0,3356.0,0.38947906669616694,False,CALL,2026-09-18,META
META260918C00770000,770.0,75.91,75.65,76.1,70.0,476.0,0.38706057281494133,False,CALL,2026-09-18,META
META260918C00780000,780.0,71.87,71.45,71.9,39.0,687.0,0.38503880348205566,False,CALL,2026-09-18,META
META260918C00790000,790.0,65.82,67.4,67.9,18.0,854.0,0.38319250846862785,False,CALL,2026-09-18,META
META260918C00800000,800.0,64.05,63.65,64.1,418.0,2471.0,0.3815293170928955,False,CALL,2026-09-18,META
META260918C00810000,810.0,60.8,59.9,60.35,27.0,315.0,0.37942362525939943,False,CALL,2026-09-18,META
META260918C00820000,820.0,56.45,56.65,57.05,193.0,433.0,0.37862254684448243,False,CALL,2026-09-18,META
META260918C00830000,830.0,52.9,53.2,53.65,58.0,174.0,0.37673810523986817,False,CALL,2026-09-18,META
META260918C00840000,840.0,49.75,50.1,50.5,76.0,186.0,0.37532668136596675,False,CALL,2026-09-18,META
META260918C00850000,850.0,46.8,47.15,47.5,153.0,748.0,0.37394577476501456,False,CALL,2026-09-18,META
META260918C00860000,860.0,43.45,44.3,44.7,30.0,322.0,0.3728624115753174,False,CALL,2026-09-18,META
META260918C00870000,870.0,41.7,41.65,42.05,63.0,395.0,0.3718706002044677,False,CALL,2026-09-18,META
META260918C00880000,880.0,39.35,39.15,39.5,46.0,165.0,0.370749090423584,False,CALL,2026-09-18,META
META260918C00890000,890.0,34.15,36.85,37.2,32.0,253.0,0.3702379261016846,False,CALL,2026-09-18,META
META260918C00900000,900.0,34.25,34.6,34.95,153.0,735.0,0.3694063304138184,False,CALL,2026-09-18,META
META260918C00910000,910.0,30.15,32.55,32.9,48.0,274.0,0.3690172351837159,False,CALL,2026-09-18,META
META260918C00920000,920.0,29.95,30.55,30.85,13.0,350.0,0.36807882904052736,False,CALL,2026-09-18,META
META260918C00930000,930.0,28.1,28.7,29.0,10.0,416.0,0.367643957901001,False,CALL,2026-09-18,META
META260918C00940000,940.0,24.85,26.95,27.25,14.0,83.0,0.36722434539794924,False,CALL,2026-09-18,META
META260918C00950000,950.0,23.15,25.35,25.6,35.0,572.0,0.366842879486084,False,CALL,2026-09-18,META
META260918P00520000,520.0,12.4,11.5,11.7,76.0,686.0,0.37912608184814456,False,PUT,2026-09-18,META
META260918P00530000,530.0,13.6,12.8,13.05,21.0,1184.0,0.3760590959167481,False,PUT,2026-09-18,META
META260918P00535000,535.0,14.3,13.4,13.65,5.0,11.0,0.373480386352539,False,PUT,2026-09-18,META
META260918P00540000,540.0,15.2,14.15,14.45,20.0,767.0,0.37245805770874024,False,PUT,2026-09-18,META
META260918P00545000,545.0,16.6,14.85,15.05,6.0,21.0,0.36948262359619144,False,PUT,2026-09-18,META
META260918P00550000,550.0,15.8,15.6,15.9,75.0,6461.0,0.368368743133545,False,PUT,2026-09-18,META
META260918P00555000,555.0,18.5,16.45,16.75,5.0,18.0,0.36699546585083004,False,PUT,2026-09-18,META
META260918P00560000,560.0,17.67,17.25,17.55,15.0,1371.0,0.36498132583618165,False,PUT,2026-09-18,META
META260918P00565000,565.0,18.54,18.1,18.35,25.0,13.0,0.36275356491088867,False,PUT,2026-09-18,META
META260918P00570000,570.0,21.65,19.05,19.35,17.0,692.0,0.36177701217651365,False,PUT,2026-09-18,META
META260918P00575000,575.0,20.25,19.95,20.25,34.0,4.0,0.3598391653442382,False,PUT,2026-09-18,META
META260918P00580000,580.0,21.75,20.95,21.25,41.0,3796.0,0.35835907760620117,False,PUT,2026-09-18,META
META260918P00585000,585.0,22.35,21.95,22.25,14.0,38.0,0.35665011032104493,False,PUT,2026-09-18,META
META260918P00590000,590.0,22.95,22.95,23.15,40.0,623.0,0.35405614212036124,False,PUT,2026-09-18,META
META260918P00595000,595.0,24.9,24.15,24.45,14.0,41.0,0.35382726257324215,False,PUT,2026-09-18,META
META260918P00600000,600.0,25.2,25.2,25.55,136.0,3392.0,0.3520725193786621,False,PUT,2026-09-18,META
META260918P00605000,605.0,26.75,26.4,26.75,11.0,53.0,0.3506992420959472,False,PUT,2026-09-18,META
META260918P00610000,610.0,27.66,27.6,27.95,11.0,670.0,0.34909708526611327,False,PUT,2026-09-18,META
META260918P00615000,615.0,28.94,28.8,29.15,10.0,29.0,0.34726604888916013,False,PUT,2026-09-18,META
META260918P00620000,620.0,32.85,30.1,30.5,480.0,2317.0,0.3460758752441406,False,PUT,2026-09-18,META
META260918P00625000,625.0,32.2,31.5,31.85,10.0,168.0,0.3446491927337646,False,PUT,2026-09-18,META
META260918P00630000,630.0,33.6,32.85,33.25,68.0,1089.0,0.3432606568145752,False,PUT,2026-09-18,META
META260918P00635000,635.0,35.25,34.25,34.65,10.0,28.0,0.3416508706665039,False,PUT,2026-09-18,META
META260918P00640000,640.0,35.73,35.65,36.05,38.0,893.0,0.3398122049713135,False,PUT,2026-09-18,META
META260918P00645000,645.0,37.9,37.2,37.6,23.0,535.0,0.33854573814392086,False,PUT,2026-09-18,META
META260918P00650000,650.0,39.2,38.8,39.2,783.0,950.0,0.33730215927124024,False,PUT,2026-09-18,META
META260918P00655000,655.0,43.6,40.4,40.8,6.0,48.0,0.3358220715332031,False,PUT,2026-09-18,META
META260918P00660000,660.0,43.25,42.0,42.45,17.0,650.0,0.3343725010681152,False,PUT,2026-09-18,META
META260918P00665000,665.0,44.8,43.75,44.15,26.0,15.0,0.33293818923950197,False,PUT,2026-09-18,META
META260918P00670000,670.0,45.63,45.55,46.0,33.0,632.0,0.3320074124145508,False,PUT,2026-09-18,META
META260918P00675000,675.0,48.55,47.3,47.75,10.0,132.0,0.3303594796752929,False,PUT,2026-09-18,META
META260918P00680000,680.0,49.5,49.25,49.6,76.0,664.0,0.3289709437561034,False,PUT,2026-09-18,META
META260918P00690000,690.0,54.3,53.0,53.35,4.0,334.0,0.3257590007781982,False,PUT,2026-09-18,META
META260918P00695000,695.0,61.05,54.95,55.35,3.0,2.0,0.32439335281372067,False,PUT,2026-09-18,META
META260918P00700000,700.0,57.5,57.0,57.55,382.0,1501.0,0.3237067141723632,False,PUT,2026-09-18,META
META260918P00710000,710.0,61.4,61.4,61.8,29.0,284.0,0.3209754182434082,False,PUT,2026-09-18,META
META260918P00715000,715.0,65.6,63.55,64.05,9.0,1.0,0.31982339118957515,False,PUT,2026-09-18,META
META260918P00720000,720.0,65.93,65.7,66.1,13.0,278.0,0.3175803716278076,False,PUT,2026-09-18,META
META260918P00730000,730.0,72.5,70.45,70.95,214.0,696.0,0.3156959300231933,False,PUT,2026-09-18,META
META260918P00740000,740.0,79.35,75.35,75.85,50.0,305.0,0.3131401084136963,True,PUT,2026-09-18,META
META260918P00750000,750.0,82.0,80.4,80.95,15.0,266.0,0.31054614021301263,True,PUT,2026-09-18,META
META260918P00760000,760.0,95.16,85.85,86.25,10.0,292.0,0.3079292840576171,True,PUT,2026-09-18,META
META260918P00770000,770.0,92.95,91.1,91.6,30.0,161.0,0.3046410478973388,True,PUT,2026-09-18,META
META260918P00780000,780.0,101.42,96.9,97.5,4.0,158.0,0.302817640838623,True,PUT,2026-09-18,META
META260918P00790000,790.0,115.0,102.85,103.45,10.0,349.0,0.3003304830932617,True,PUT,2026-09-18,META
META260918P00800000,800.0,113.85,108.8,109.5,11.0,390.0,0.297385566253662,True,PUT,2026-09-18,META
META260918P00810000,810.0,230.09,169.0,170.95,1.0,11.0,0.5287675297546388,True,PUT,2026-09-18,META
META260918P00820000,820.0,207.44,177.45,179.45,2.0,198.0,0.5361145632171631,True,PUT,2026-09-18,META
META260918P00830000,830.0,189.16,197.5,200.2,2.0,46.0,0.5939829420471192,True,PUT,2026-09-18,META
META260918P00840000,840.0,207.39,133.7,137.25,3.0,16.0,0.2928232339477538,True,PUT,2026-09-18,META
META260918P00850000,850.0,205.38,140.9,144.35,2.0,13.0,0.2903208175659179,True,PUT,2026-09-18,META
META260918P00860000,860.0,212.25,148.0,151.65,10.0,20.0,0.28790232368469226,True,PUT,2026-09-18,META
META260918P00870000,870.0,216.96,155.25,159.15,1.0,21.0,0.2856058988952636,True,PUT,2026-09-18,META
META260918P00880000,880.0,263.75,162.95,166.7,10.0,2.0,0.28267624069213865,True,PUT,2026-09-18,META
META260918P00890000,890.0,255.0,170.5,174.3,1.0,39.0,0.2790446852111816,True,PUT,2026-09-18,META
META260918P00900000,900.0,243.32,178.75,181.95,1.0,22.0,0.2746349392700196,True,PUT,2026-09-18,META
META260918P00910000,910.0,206.4,301.25,305.0,3.0,5.0,0.7938405625915526,True,PUT,2026-09-18,META
META260918P00920000,920.0,223.85,187.15,194.7,,1.0,0.24390404541015626,True,PUT,2026-09-18,META
META260918P00930000,930.0,220.7,203.05,206.35,15.0,6.0,0.26378604873657224,True,PUT,2026-09-18,META
META260918P00940000,940.0,355.22,283.7,286.75,1.0,2.0,0.6189155540466309,True,PUT,2026-09-18,META
META260918P00950000,950.0,288.0,219.8,224.15,1.0,1.0,0.26250432327270506,True,PUT,2026-09-18,META
META261120C00515000,515.0,155.3,252.0,254.95,,5.0,0.5088473798370362,True,CALL,2026-11-20,META
META261120C00530000,530.0,131.76,239.75,242.65,,1.0,0.49789930816650396,True,CALL,2026-11-20,META
META261120C00540000,540.0,216.5,231.75,234.6,2.0,1.0,0.4910481803894043,True,CALL,2026-11-20,META
META261120C00545000,545.0,136.0,227.7,230.65,,1.0,0.4879125305938722,True,CALL,2026-11-20,META
META261120C00550000,550.0,150.6,223.85,226.65,,4.0,0.48439541488647464,True,CALL,2026-11-20,META
META261120C00570000,570.0,120.9,207.95,211.15,,2.0,0.4720816952514648,True,CALL,2026-11-20,META
META261120C00575000,575.0,119.93,204.7,207.45,,42.0,0.469655572052002,True,CALL,2026-11-20,META
META261120C00580000,580.0,185.25,200.95,203.65,27.0,1.0,0.4666038447570801,True,CALL,2026-11-20,META
META261120C00585000,585.0,139.61,197.55,200.0,1.0,1.0,0.4642006095123291,True,CALL,2026-11-20,META
META261120C00600000,600.0,167.75,186.65,189.05,6.0,6.0,0.4562737478637696,True,CALL,2026-11-20,META
META261120C00605000,605.0,170.8,183.1,185.55,1.0,10.0,0.4541222801208496,True,CALL,2026-11-20,META
META261120C00610000,610.0,167.0,179.6,182.65,2.0,4.0,0.45467159103393556,True,CALL,2026-11-20,META
META261120C00615000,615.0,104.8,175.85,178.55,1.0,4.0,0.44944550804138184,True,CALL,2026-11-20,META
META261120C00620000,620.0,161.8,172.4,175.1,7.0,15.0,0.4471567125701904,True,CALL,2026-11-20,META
META261120C00625000,625.0,83.4,169.3,171.7,1.0,9.0,0.444967098236084,True,CALL,2026-11-20,META
META261120C00630000,630.0,164.94,165.95,169.0,2.0,110.0,0.4458063232421875,True,CALL,2026-11-20,META
META261120C00635000,635.0,157.0,162.65,165.05,1.0,50.0,0.44089304229736326,True,CALL,2026-11-20,META
META261120C00640000,640.0,115.0,159.35,161.7,1.0,4.0,0.4385584709167481,True,CALL,2026-11-20,META
META261120C00645000,645.0,115.2,155.85,158.5,1.0,5.0,0.4367579518127441,True,CALL,2026-11-20,META
META261120C00650000,650.0,148.0,153.25,155.85,4.0,78.0,0.4371928229522706,True,CALL,2026-11-20,META
META261120C00655000,655.0,93.33,150.0,152.2,,5.0,0.43317980155944824,True,CALL,2026-11-20,META
META261120C00660000,660.0,138.33,146.65,149.6,1.0,33.0,0.4335307501983643,True,CALL,2026-11-20,META
META261120C00665000,665.0,130.12,143.2,146.35,1.0,24.0,0.4309825579071045,True,CALL,2026-11-20,META
META261120C00670000,670.0,141.67,140.4,142.95,10.0,50.0,0.42769432174682626,True,CALL,2026-11-20,META
META261120C00675000,675.0,136.6,137.55,139.2,20.0,40.0,0.4228497046661377,True,CALL,2026-11-20,META
META261120C00680000,680.0,130.7,134.65,137.5,12.0,36.0,0.4263210444641114,True,CALL,2026-11-20,META
META261120C00685000,685.0,131.0,131.75,134.85,2.0,27.0,0.4257259576416016,True,CALL,2026-11-20,META
META261120C00690000,690.0,124.7,128.9,131.5,25.0,22.0,0.42216306602478026,True,CALL,2026-11-20,META
META261120C00700000,700.0,123.82,122.9,125.7,24.0,78.0,0.41830263099670406,True,CALL,2026-11-20,META
META261120C00710000,710.0,106.15,118.3,120.25,4.0,5.0,0.4153271968841552,True,CALL,2026-11-20,META
META261120C00715000,715.0,103.73,116.0,117.65,2.0,4.0,0.4141293939208984,True,CALL,2026-11-20,META
META261120C00720000,720.0,101.09,113.45,115.05,27.0,3.0,0.4127942632293701,True,CALL,2026-11-20,META
META261120C00725000,725.0,104.4,110.65,112.45,20.0,44.0,0.411337063446045,True,CALL,2026-11-20,META
META261120C00730000,730.0,108.12,108.6,109.95,12.0,16.0,0.41013163116455076,True,CALL,2026-11-20,META
META261120C00735000,735.0,105.35,104.8,107.5,7.0,12.0,0.408987233428955,True,CALL,2026-11-20,META
META261120C00740000,740.0,103.44,103.5,104.1,10.0,3.0,0.4040663231658935,False,CALL,2026-11-20,META
META261120C00745000,745.0,93.52,101.1,101.7,1.0,17.0,0.40286852020263675,False,CALL,2026-11-20,META
META261120C00750000,750.0,97.5,98.8,99.35,36.0,29.0,0.401724122467041,False,CALL,2026-11-20,META
META261120C00755000,755.0,56.45,96.5,97.05,,8.0,0.40064075927734377,False,CALL,2026-11-20,META
META261120C00760000,760.0,84.27,94.2,94.8,26.0,11.0,0.399618430633545,False,CALL,2026-11-20,META
META261120C00765000,765.0,83.43,92.05,92.65,1.0,11.0,0.39884786949157713,False,CALL,2026-11-20,META
META261120C00770000,770.0,88.4,89.9,90.45,40.0,13.0,0.3977492476654052,False,CALL,2026-11-20,META
META261120C00775000,775.0,87.6,87.65,88.2,17.0,1.0,0.39633782379150395,False,CALL,2026-11-20,META
META261120C00780000,780.0,80.37,85.7,86.25,9.0,7.0,0.3959410992431641,False,CALL,2026-11-20,META
META261120C00790000,790.0,73.16,81.95,82.35,6.0,5.0,0.3947509255981446,False,CALL,2026-11-20,META
META261120C00800000,800.0,78.1,77.8,78.3,24.0,151.0,0.3924926473999023,False,CALL,2026-11-20,META
META261120C00805000,805.0,72.8,75.95,76.5,2.0,7.0,0.39202725898742674,False,CALL,2026-11-20,META
META261120C00815000,815.0,70.1,72.3,72.75,1.0,5.0,0.39015807601928715,False,CALL,2026-11-20,META
META261120C00820000,820.0,70.5,70.75,71.25,7.0,20.0,0.39047087806701664,False,CALL,2026-11-20,META
META261120C00830000,830.0,65.0,67.15,67.6,3.0,6.0,0.3882583757781982,False,CALL,2026-11-20,META
META261120C00835000,835.0,65.57,65.5,65.85,17.0,1.0,0.38725130577087397,False,CALL,2026-11-20,META
META261120C00840000,840.0,63.92,63.8,64.35,25.0,11.0,0.38709109008789055,False,CALL,2026-11-20,META
META261120C00850000,850.0,60.3,60.75,61.2,26.0,11.0,0.3858475112152099,False,CALL,2026-11-20,META
META261120C00865000,865.0,40.7,56.3,56.75,2.0,3.0,0.3841995784759521,False,CALL,2026-11-20,META
META261120C00870000,870.0,50.05,54.9,55.35,8.0,5.0,0.38374944869995115,False,CALL,2026-11-20,META
META261120C00880000,880.0,29.4,52.15,52.55,16.0,15.0,0.3825134991455078,False,CALL,2026-11-20,META
META261120C00885000,885.0,51.05,50.85,51.35,60.0,31.0,0.38253638710021975,False,CALL,2026-11-20,META
META261120C00900000,900.0,47.2,47.1,47.55,1546.0,79.0,0.3811707391357422,False,CALL,2026-11-20,META
META261120C00905000,905.0,44.95,45.9,46.35,20.0,9.0,0.38077401458740234,False,CALL,2026-11-20,META
META261120C00915000,915.0,40.9,43.55,44.0,3.0,4.0,0.3798737550354004,False,CALL,2026-11-20,META
META261120C00930000,930.0,39.4,40.4,40.8,89.0,30.0,0.3791413404846191,False,CALL,2026-11-20,META
META261120C00950000,950.0,34.4,36.45,36.8,12.0,3.0,0.3779435375213622,False,CALL,2026-11-20,META
META261120P00515000,515.0,15.25,14.8,15.0,4.0,79.0,0.37134417724609375,False,PUT,2026-11-20,META
META261120P00520000,520.0,16.75,15.5,15.75,6.0,91.0,0.3698183135986328,False,PUT,2026-11-20,META
META261120P00525000,525.0,17.0,16.2,16.5,7.0,62.0,0.3681093463134766,False,PUT,2026-11-20,META
META261120P00530000,530.0,18.45,17.05,17.25,3.0,74.0,0.3662020167541504,False,PUT,2026-11-20,META
META261120P00535000,535.0,19.4,17.9,18.1,2.0,16.0,0.36484399810791024,False,PUT,2026-11-20,META
META261120P00540000,540.0,21.05,18.75,19.05,3.0,14.0,0.3639742558288575,False,PUT,2026-11-20,META
META261120P00545000,545.0,21.2,19.6,19.95,3.0,13.0,0.3625246853637696,False,PUT,2026-11-20,META
META261120P00550000,550.0,23.35,20.55,20.85,8.0,81.0,0.3608920112609863,False,PUT,2026-11-20,META
META261120P00555000,555.0,24.3,21.5,21.8,5.0,6.0,0.35938140625,False,PUT,2026-11-20,META
META261120P00560000,560.0,23.25,22.5,22.8,13.0,3.0,0.3580081289672852,False,PUT,2026-11-20,META
META261120P00570000,570.0,25.35,24.55,24.9,12.0,13.0,0.35526157440185535,False,PUT,2026-11-20,META
META261120P00575000,575.0,26.4,25.75,26.05,41.0,2.0,0.35417821121215814,False,PUT,2026-11-20,META
META261120P00580000,580.0,28.05,26.75,27.1,14.0,220.0,0.3523242868804931,False,PUT,2026-11-20,META
META261120P00585000,585.0,31.25,28.05,28.35,5.0,18.0,0.3514163980102538,False,PUT,2026-11-20,META
META261120P00590000,590.0,29.95,29.15,29.5,20.0,14.0,0.3497532066345214,False,PUT,2026-11-20,META
META261120P00595000,595.0,31.3,30.55,30.75,15.0,4.0,0.34844859321594235,False,PUT,2026-11-20,META
META261120P00600000,600.0,33.12,31.7,32.05,33.0,791.0,0.3472202729797363,False,PUT,2026-11-20,META
META261120P00605000,605.0,34.82,33.0,33.4,23.0,30.0,0.3460453579711914,False,PUT,2026-11-20,META
META261120P00610000,610.0,36.26,34.4,34.75,14.0,65.0,0.34468733932495116,False,PUT,2026-11-20,META
META261120P00615000,615.0,36.9,35.8,36.15,8.0,25.0,0.34339035522460937,False,PUT,2026-11-20,META
META261120P00620000,620.0,38.3,37.3,37.65,6.0,40.0,0.34239854385375973,False,PUT,2026-11-20,META
META261120P00625000,625.0,42.95,38.75,39.05,5.0,7.0,0.3407200938415527,False,PUT,2026-11-20,META
META261120P00630000,630.0,41.35,40.25,40.55,7.0,83.0,0.3393544458770752,False,PUT,2026-11-20,META
META261120P00635000,635.0,42.75,41.75,42.0,35.0,13.0,0.33756918540954584,False,PUT,2026-11-20,META
META261120P00640000,640.0,44.7,43.5,43.85,9.0,12.0,0.33744711631774904,False,PUT,2026-11-20,META
META261120P00645000,645.0,50.1,45.25,45.5,6.0,3.0,0.33620353744506837,False,PUT,2026-11-20,META
META261120P00650000,650.0,50.55,46.75,47.15,5.0,19.0,0.3347844842529296,False,PUT,2026-11-20,META
META261120P00660000,660.0,54.3,50.3,50.65,8.0,305.0,0.33228206787109377,False,PUT,2026-11-20,META
META261120P00665000,665.0,55.7,52.2,52.6,13.0,5.0,0.33161068786621095,False,PUT,2026-11-20,META
META261120P00670000,670.0,58.35,54.05,54.35,6.0,16.0,0.3299093498992919,False,PUT,2026-11-20,META
META261120P00675000,675.0,60.3,56.0,56.55,6.0,3.0,0.3299169792175292,False,PUT,2026-11-20,META
META261120P00700000,700.0,73.1,66.3,66.7,2.0,37.0,0.32364567962646473,False,PUT,2026-11-20,META
META261120P00705000,705.0,74.55,68.5,69.0,1.0,3.0,0.32293615303039547,False,PUT,2026-11-20,META
META261120P00710000,710.0,77.65,70.8,71.1,3.0,8.0,0.32126533233642574,False,PUT,2026-11-20,META
META261120P00800000,800.0,125.0,118.6,119.3,1.0,3.0,0.30178005355834964,True,PUT,2026-11-20,META
META261120P00900000,900.0,250.6,186.1,189.45,10.0,10.0,0.28105882522583,True,PUT,2026-11-20,META
META261218C00520000,520.0,238.0,250.55,253.5,5.0,784.0,0.4984486190795898,True,CALL,2026-12-18,META
META261218C00530000,530.0,241.0,242.5,245.5,17.0,785.0,0.4920094744873047,True,CALL,2026-12-18,META
META261218C00540000,540.0,236.1,234.9,237.55,10.0,394.0,0.48550166603088385,True,CALL,2026-12-18,META
META261218C00550000,550.0,227.51,226.85,229.75,35.0,417.0,0.4794363580322265,True,CALL,2026-12-18,META
META261218C00560000,560.0,207.96,219.25,222.0,13.0,478.0,0.4732566102600098,True,CALL,2026-12-18,META
META261218C00570000,570.0,213.0,211.75,214.4,31.0,751.0,0.46746595771789556,True,CALL,2026-12-18,META
META261218C00580000,580.0,204.83,204.6,207.6,35.0,541.0,0.4651542742919922,True,CALL,2026-12-18,META
META261218C00590000,590.0,197.0,197.9,199.7,32.0,336.0,0.4571053435516358,True,CALL,2026-12-18,META
META261218C00600000,600.0,190.49,191.25,192.25,143.0,1569.0,0.4508493025970459,True,CALL,2026-12-18,META
META261218C00610000,610.0,183.23,183.3,185.7,38.0,462.0,0.4482705930328369,True,CALL,2026-12-18,META
META261218C00620000,620.0,176.93,176.5,178.6,49.0,802.0,0.44274696662902835,True,CALL,2026-12-18,META
META261218C00630000,630.0,170.22,170.05,171.2,58.0,901.0,0.4355372608947754,True,CALL,2026-12-18,META
META261218C00640000,640.0,164.5,163.2,165.0,36.0,622.0,0.43303484451293944,True,CALL,2026-12-18,META
META261218C00650000,650.0,158.36,157.25,159.0,139.0,1314.0,0.43082997154235847,True,CALL,2026-12-18,META
META261218C00660000,660.0,151.65,150.8,152.4,119.0,1081.0,0.42568018173217775,True,CALL,2026-12-18,META
META261218C00670000,670.0,146.0,144.5,146.5,129.0,1086.0,0.4228878512573242,True,CALL,2026-12-18,META
META261218C00680000,680.0,140.3,139.25,141.65,116.0,1178.0,0.4237118176269531,True,CALL,2026-12-18,META
META261218C00690000,690.0,134.09,133.2,135.6,29.0,503.0,0.4193173303222656,True,CALL,2026-12-18,META
META261218C00700000,700.0,128.55,127.8,129.9,455.0,2520.0,0.41580784393310544,True,CALL,2026-12-18,META
META261218C00705000,705.0,125.89,124.65,127.35,33.0,261.0,0.4150182094955444,True,CALL,2026-12-18,META
META261218C00710000,710.0,122.5,123.05,124.7,227.0,437.0,0.4137250400543213,True,CALL,2026-12-18,META
META261218C00715000,715.0,118.07,119.4,122.05,27.0,393.0,0.41230598686218256,True,CALL,2026-12-18,META
META261218C00720000,720.0,117.5,117.1,118.7,82.0,1887.0,0.4081556377410889,True,CALL,2026-12-18,META
META261218C00725000,725.0,114.06,114.6,116.7,29.0,167.0,0.4089261988830566,True,CALL,2026-12-18,META
META261218C00730000,730.0,112.54,112.45,114.6,13.0,830.0,0.40919322502136224,True,CALL,2026-12-18,META
META261218C00735000,735.0,110.54,109.65,111.5,23.0,134.0,0.4056455920410156,True,CALL,2026-12-18,META
META261218C00740000,740.0,107.53,107.9,108.55,49.0,264.0,0.40254045951843265,False,CALL,2026-12-18,META
META261218C00745000,745.0,105.98,105.5,106.15,6.0,84.0,0.40134265655517576,False,CALL,2026-12-18,META
META261218C00750000,750.0,103.7,103.45,104.0,554.0,1855.0,0.40093830268859865,False,CALL,2026-12-18,META
META261218C00755000,755.0,91.0,100.9,101.55,23.0,125.0,0.3993208872222901,False,CALL,2026-12-18,META
META261218C00760000,760.0,99.2,98.7,99.3,65.0,574.0,0.3983061878967285,False,CALL,2026-12-18,META
META261218C00765000,765.0,86.13,96.35,97.0,5.0,49.0,0.39700157447814943,False,CALL,2026-12-18,META
META261218C00770000,770.0,92.7,94.3,94.9,22.0,412.0,0.39629967720031745,False,CALL,2026-12-18,META
META261218C00775000,775.0,64.39,92.1,92.8,2.0,220.0,0.39547571083068855,False,CALL,2026-12-18,META
META261218C00780000,780.0,86.55,90.15,90.75,119.0,529.0,0.3947204083251954,False,CALL,2026-12-18,META
META261218C00785000,785.0,87.4,88.0,88.6,10.0,122.0,0.3934920880889893,False,CALL,2026-12-18,META
META261218C00790000,790.0,83.0,86.15,86.7,13.0,1187.0,0.39304195831298827,False,CALL,2026-12-18,META
META261218C00795000,795.0,80.0,84.15,84.7,13.0,82.0,0.3921264401245117,False,CALL,2026-12-18,META
META261218C00800000,800.0,82.0,82.25,82.8,532.0,3011.0,0.39144743080139155,False,CALL,2026-12-18,META
META261218C00805000,805.0,71.99,80.35,80.9,41.0,231.0,0.39066161102294916,False,CALL,2026-12-18,META
META261218C00810000,810.0,78.17,78.4,78.95,38.0,288.0,0.38957824783325196,False,CALL,2026-12-18,META
META261218C00815000,815.0,72.25,76.7,77.15,3.0,62.0,0.3889297557830811,False,CALL,2026-12-18,META
META261218C00820000,820.0,71.44,74.9,75.4,15.0,428.0,0.3883499275970459,False,CALL,2026-12-18,META
META261218C00825000,825.0,72.0,73.15,73.65,17.0,119.0,0.38765565963745113,False,CALL,2026-12-18,META
META261218C00830000,830.0,69.4,71.4,72.0,11.0,268.0,0.38722078849792474,False,CALL,2026-12-18,META
META261218C00835000,835.0,60.6,69.7,70.2,2.0,113.0,0.38612979598999014,False,CALL,2026-12-18,META
META261218C00840000,840.0,68.15,68.15,68.65,10.0,280.0,0.3858475112152099,False,CALL,2026-12-18,META
META261218C00845000,845.0,64.2,66.8,67.3,13.0,1917.0,0.38619845985412593,False,CALL,2026-12-18,META
META261218C00850000,850.0,61.85,64.9,65.4,117.0,507.0,0.38440557006835935,False,CALL,2026-12-18,META
META261218C00860000,860.0,61.9,61.9,62.35,22.0,260.0,0.3832840602874755,False,CALL,2026-12-18,META
META261218C00870000,870.0,54.95,59.1,59.5,17.0,122.0,0.3824982405090332,False,CALL,2026-12-18,META
META261218C00880000,880.0,56.15,56.4,56.9,43.0,187.0,0.3822541023254394,False,CALL,2026-12-18,META
META261218C00890000,890.0,53.64,53.65,54.05,13.0,128.0,0.3806595748138427,False,CALL,2026-12-18,META
META261218C00900000,900.0,50.7,51.1,51.6,183.0,2400.0,0.38020181571960443,False,CALL,2026-12-18,META
META261218C00910000,910.0,46.5,48.75,49.2,2.0,164.0,0.37956858230590823,False,CALL,2026-12-18,META
META261218C00920000,920.0,45.28,46.35,46.8,5.0,262.0,0.37855388298034665,False,CALL,2026-12-18,META
META261218C00930000,930.0,43.6,44.15,44.6,1.0,236.0,0.3779664254760742,False,CALL,2026-12-18,META
META261218C00940000,940.0,39.6,42.05,42.5,1.0,274.0,0.3774171145629882,False,CALL,2026-12-18,META
META261218C00950000,950.0,39.75,40.1,40.5,28.0,587.0,0.3769288381958008,False,CALL,2026-12-18,META
META261218P00520000,520.0,18.03,17.25,17.55,311.0,829.0,0.3667208103942871,False,PUT,2026-12-18,META
META261218P00530000,530.0,19.55,18.9,19.15,1277.0,898.0,0.36322658264160157,False,PUT,2026-12-18,META
META261218P00540000,540.0,21.9,20.65,20.95,26.0,1022.0,0.36037321762084956,False,PUT,2026-12-18,META
META261218P00550000,550.0,22.7,22.55,22.85,544.0,2337.0,0.3574130421447754,False,PUT,2026-12-18,META
META261218P00560000,560.0,24.68,24.65,25.0,169.0,1179.0,0.3552310571289062,False,PUT,2026-12-18,META
META261218P00570000,570.0,27.02,26.75,27.1,44.0,610.0,0.351996226196289,False,PUT,2026-12-18,META
META261218P00580000,580.0,29.47,29.1,29.45,275.0,1042.0,0.3494632925415039,False,PUT,2026-12-18,META
META261218P00590000,590.0,31.92,31.55,31.8,563.0,1139.0,0.34622083229064937,False,PUT,2026-12-18,META
META261218P00600000,600.0,34.4,34.2,34.45,277.0,2447.0,0.3438175970458984,False,PUT,2026-12-18,META
META261218P00610000,610.0,37.9,36.95,37.35,30.0,465.0,0.34191789680480955,False,PUT,2026-12-18,META
META261218P00620000,620.0,40.13,39.8,40.15,28.0,496.0,0.33883565223693846,False,PUT,2026-12-18,META
META261218P00630000,630.0,43.0,42.85,43.1,60.0,509.0,0.3357839249420166,False,PUT,2026-12-18,META
META261218P00640000,640.0,47.1,46.1,46.45,639.0,537.0,0.33383081947326665,False,PUT,2026-12-18,META
META261218P00650000,650.0,49.48,49.45,49.8,98.0,1244.0,0.3311834460449219,False,PUT,2026-12-18,META
META261218P00660000,660.0,53.4,53.1,53.5,91.0,526.0,0.3293371510314941,False,PUT,2026-12-18,META
META261218P00670000,670.0,58.5,56.75,57.1,55.0,172.0,0.32639986351013184,False,PUT,2026-12-18,META
META261218P00680000,680.0,61.42,60.7,61.15,458.0,773.0,0.32460697372436514,False,PUT,2026-12-18,META
META261218P00690000,690.0,68.0,64.9,65.4,43.0,223.0,0.3229208943939208,False,PUT,2026-12-18,META
META261218P00700000,700.0,68.93,69.05,69.6,363.0,940.0,0.3203803314208984,False,PUT,2026-12-18,META
META261218P00705000,705.0,78.65,71.35,71.75,4.0,297.0,0.31905283004760737,False,PUT,2026-12-18,META
META261218P00710000,710.0,81.7,73.45,73.85,6.0,323.0,0.317389638671875,False,PUT,2026-12-18,META
META261218P00715000,715.0,77.07,75.65,76.15,57.0,86.0,0.316313904800415,False,PUT,2026-12-18,META
META261218P00720000,720.0,79.5,77.95,78.6,25.0,242.0,0.3156348954772949,False,PUT,2026-12-18,META
META261218P00725000,725.0,81.3,80.55,81.15,86.0,84.0,0.3151542484283447,False,PUT,2026-12-18,META
META261218P00730000,730.0,85.0,82.75,83.3,41.0,46.0,0.31304855659484865,False,PUT,2026-12-18,META
META261218P00735000,735.0,92.02,85.35,85.95,7.0,162.0,0.31261368545532225,False,PUT,2026-12-18,META
META261218P00740000,740.0,88.92,87.85,88.3,8.0,102.0,0.3109276061248779,True,PUT,2026-12-18,META
META261218P00745000,745.0,96.35,90.5,91.1,4.0,53.0,0.3107139852142333,True,PUT,2026-12-18,META
META261218P00750000,750.0,94.85,93.05,93.75,229.0,905.0,0.3098022816848755,True,PUT,2026-12-18,META
META261218P00755000,755.0,97.59,95.8,96.45,77.0,69.0,0.3089134661102294,True,PUT,2026-12-18,META
META261218P00760000,760.0,100.9,98.3,98.9,21.0,328.0,0.30696036064147947,True,PUT,2026-12-18,META
META261218P00765000,765.0,107.6,101.15,101.85,5.0,17.0,0.3066551879119873,True,PUT,2026-12-18,META
META261218P00770000,770.0,104.2,104.0,104.65,43.0,75.0,0.3056557472229004,True,PUT,2026-12-18,META
META261218P00775000,775.0,113.45,106.85,107.45,1.0,39.0,0.30450372016906735,True,PUT,2026-12-18,META
META261218P00780000,780.0,110.01,109.35,109.95,35.0,43.0,0.3021004849243164,True,PUT,2026-12-18,META
META261218P00785000,785.0,114.86,112.5,113.25,2.0,22.0,0.30244380424499506,True,PUT,2026-12-18,META
META261218P00790000,790.0,125.0,115.5,116.1,7.0,94.0,0.3010018630981446,True,PUT,2026-12-18,META
META261218P00795000,795.0,125.75,118.55,119.35,4.0,18.0,0.30086453536987307,True,PUT,2026-12-18,META
META261218P00800000,800.0,126.4,121.55,122.15,8.0,207.0,0.29891905921936035,True,PUT,2026-12-18,META
META261218P00805000,805.0,130.5,124.35,124.9,20.0,26.0,0.2966378930664062,True,PUT,2026-12-18,META
META261218P00810000,810.0,178.25,127.55,128.4,5.0,16.0,0.29695832443237297,True,PUT,2026-12-18,META
META261218P00815000,815.0,133.1,130.6,131.15,2.0,7.0,0.29434909759521477,True,PUT,2026-12-18,META
META261218P00820000,820.0,180.5,133.95,134.75,5.0,95.0,0.2947458221435546,True,PUT,2026-12-18,META
META261218P00825000,825.0,121.5,142.45,144.3,2.0,6.0,0.31725231094360345,True,PUT,2026-12-18,META
META261218P00830000,830.0,194.8,204.95,208.1,1.0,21.0,0.5315369722747803,True,PUT,2026-12-18,META
META261218P00835000,835.0,150.45,208.8,212.0,13.0,23.0,0.5330552066040039,True,PUT,2026-12-18,META
META261218P00840000,840.0,225.55,201.25,203.2,15.0,46.0,0.4943974510955811,True,PUT,2026-12-18,META
META261218P00845000,845.0,156.45,216.8,220.05,1.0,13.0,0.5368698657226563,True,PUT,2026-12-18,META
META261218P00850000,850.0,158.76,153.65,154.3,5.0,150.0,0.2862009857177734,True,PUT,2026-12-18,META
META261218P00860000,860.0,212.0,160.75,161.7,1.0,35.0,0.28554486434936516,True,PUT,2026-12-18,META
META261218P00870000,870.0,166.15,170.8,172.0,19.0,75.0,0.2960962114715576,True,PUT,2026-12-18,META
META261218P00880000,880.0,232.5,245.15,248.75,4.0,3.0,0.5495955685424806,True,PUT,2026-12-18,META
META261218P00890000,890.0,283.38,243.05,245.1,1.0,13.0,0.5123988274765015,True,PUT,2026-12-18,META
META261218P00900000,900.0,203.0,188.6,191.9,1.0,187.0,0.27964740135192867,True,PUT,2026-12-18,META
META261218P00910000,910.0,231.8,191.2,194.45,1.0,2.0,0.2529905634307862,True,PUT,2026-12-18,META
META261218P00920000,920.0,269.95,203.9,207.35,1.0,58.0,0.2745510167694092,True,PUT,2026-12-18,META
META261218P00930000,930.0,320.99,277.05,281.0,3.0,21.0,0.530423091812134,True,PUT,2026-12-18,META
META261218P00940000,940.0,315.85,286.4,289.3,1.0,1.0,0.5347069540023803,True,PUT,2026-12-18,META
META261218P00950000,950.0,299.94,228.05,231.6,5.0,11.0,0.26713531944274904,True,PUT,2026-12-18,META
META270115C00520000,520.0,254.14,253.95,256.6,24.0,308.0,0.49574784042358405,True,CALL,2027-01-15,META
META270115C00530000,530.0,246.22,245.95,248.45,58.0,375.0,0.4882253326416016,True,CALL,2027-01-15,META
META270115C00540000,540.0,239.17,238.2,241.1,26.0,588.0,0.4845708892059326,True,CALL,2027-01-15,META
META270115C00550000,550.0,231.5,230.25,233.2,66.0,951.0,0.47769687347412115,True,CALL,2027-01-15,META
META270115C00560000,560.0,212.38,222.6,225.55,28.0,491.0,0.47174600524902344,True,CALL,2027-01-15,META
META270115C00570000,570.0,216.65,215.55,218.6,76.0,458.0,0.4687553125,True,CALL,2027-01-15,META
META270115C00580000,580.0,209.5,208.0,211.1,103.0,626.0,0.4627586683654786,True,CALL,2027-01-15,META
META270115C00590000,590.0,200.87,201.0,204.5,51.0,600.0,0.46044698493957525,True,CALL,2027-01-15,META
META270115C00600000,600.0,193.9,194.5,196.3,758.0,3702.0,0.45063568168640133,True,CALL,2027-01-15,META
META270115C00610000,610.0,188.8,187.2,189.6,108.0,671.0,0.44707279006958006,True,CALL,2027-01-15,META
META270115C00620000,620.0,182.0,180.45,183.1,128.0,937.0,0.4438989936828613,True,CALL,2027-01-15,META
META270115C00630000,630.0,175.2,173.85,176.9,140.0,2222.0,0.4415033877563477,True,CALL,2027-01-15,META
META270115C00640000,640.0,167.42,167.4,169.95,111.0,1100.0,0.43560592475891113,True,CALL,2027-01-15,META
META270115C00650000,650.0,162.5,161.55,164.0,649.0,3165.0,0.43330187065124515,True,CALL,2027-01-15,META
META270115C00660000,660.0,156.5,155.45,156.9,398.0,1929.0,0.4260769062805176,True,CALL,2027-01-15,META
META270115C00670000,670.0,151.6,149.3,150.75,998.0,1643.0,0.422155436706543,True,CALL,2027-01-15,META
META270115C00680000,680.0,144.1,143.35,144.95,339.0,1230.0,0.41912659736633306,True,CALL,2027-01-15,META
META270115C00690000,690.0,137.0,137.6,139.5,179.0,453.0,0.4169522416687011,True,CALL,2027-01-15,META
META270115C00700000,700.0,133.55,132.55,133.9,1135.0,6625.0,0.4137708159637451,True,CALL,2027-01-15,META
META270115C00710000,710.0,127.5,127.6,128.95,141.0,880.0,0.4125043491363525,True,CALL,2027-01-15,META
META270115C00720000,720.0,123.07,121.4,123.95,182.0,1985.0,0.41058939025878904,True,CALL,2027-01-15,META
META270115C00730000,730.0,117.5,116.6,118.6,249.0,797.0,0.40698072273254393,True,CALL,2027-01-15,META
META270115C00740000,740.0,112.48,111.8,113.7,115.0,1630.0,0.40454697021484376,False,CALL,2027-01-15,META
META270115C00750000,750.0,108.5,107.75,108.45,1473.0,4626.0,0.4004423970031738,False,CALL,2027-01-15,META
META270115C00760000,760.0,103.72,103.15,103.8,70.0,687.0,0.39802390312194824,False,CALL,2027-01-15,META
META270115C00770000,770.0,99.73,98.9,99.6,240.0,1016.0,0.3967345483398438,False,CALL,2027-01-15,META
META270115C00780000,780.0,95.25,94.65,95.3,251.0,879.0,0.3946670030975342,False,CALL,2027-01-15,META
META270115C00790000,790.0,90.71,90.6,91.25,77.0,876.0,0.39304195831298827,False,CALL,2027-01-15,META
META270115C00800000,800.0,86.8,86.75,87.35,953.0,4674.0,0.3915160946655273,False,CALL,2027-01-15,META
META270115C00810000,810.0,83.5,82.85,83.45,62.0,641.0,0.38957824783325196,False,CALL,2027-01-15,META
META270115C00820000,820.0,79.74,79.2,79.8,47.0,1253.0,0.3880905307769775,False,CALL,2027-01-15,META
META270115C00830000,830.0,69.72,75.75,76.35,13.0,574.0,0.38690035713195803,False,CALL,2027-01-15,META
META270115C00840000,840.0,72.56,72.5,73.0,69.0,662.0,0.38565677825927724,False,CALL,2027-01-15,META
META270115C00850000,850.0,69.45,69.3,69.85,296.0,1382.0,0.38472600143432617,False,CALL,2027-01-15,META
META270115C00860000,860.0,66.2,66.25,66.75,38.0,399.0,0.3835816036987304,False,CALL,2027-01-15,META
META270115C00870000,870.0,63.5,63.4,63.95,7.0,474.0,0.3831391032409667,False,CALL,2027-01-15,META
META270115C00880000,880.0,60.0,60.45,60.95,40.0,557.0,0.3815979809570312,False,CALL,2027-01-15,META
META270115C00890000,890.0,57.54,57.75,58.25,45.0,1211.0,0.38077401458740234,False,CALL,2027-01-15,META
META270115C00900000,900.0,55.2,55.15,55.6,702.0,4511.0,0.3797669445800781,False,CALL,2027-01-15,META
META270115C00910000,910.0,51.56,52.65,53.25,25.0,594.0,0.3795228063964844,False,CALL,2027-01-15,META
META270115C00920000,920.0,50.4,50.25,50.8,33.0,270.0,0.378561512298584,False,CALL,2027-01-15,META
META270115C00930000,930.0,46.0,48.0,48.55,9.0,325.0,0.378012201385498,False,CALL,2027-01-15,META
META270115C00940000,940.0,42.25,45.85,46.35,61.0,251.0,0.37731793342590325,False,CALL,2027-01-15,META
META270115C00950000,950.0,42.09,43.85,44.35,70.0,483.0,0.3770890538787841,False,CALL,2027-01-15,META
META270115P00520000,520.0,18.69,18.55,18.95,23.0,1433.0,0.36133451171875,False,PUT,2027-01-15,META
META270115P00530000,530.0,20.4,20.3,20.65,19.0,882.0,0.3581301980590821,False,PUT,2027-01-15,META
META270115P00540000,540.0,22.2,22.15,22.5,49.0,738.0,0.35519291053771973,False,PUT,2027-01-15,META
META270115P00550000,550.0,24.32,24.15,24.55,568.0,4633.0,0.35275915802001956,False,PUT,2027-01-15,META
META270115P00560000,560.0,26.5,26.3,26.7,25.0,754.0,0.3501880777740478,False,PUT,2027-01-15,META
META270115P00570000,570.0,29.15,28.5,28.9,37.0,1974.0,0.34721264366149895,False,PUT,2027-01-15,META
META270115P00580000,580.0,31.25,30.9,31.25,77.0,1452.0,0.34437453727722167,False,PUT,2027-01-15,META
META270115P00590000,590.0,35.28,33.55,33.95,38.0,883.0,0.3426121647644042,False,PUT,2027-01-15,META
META270115P00600000,600.0,36.5,36.2,36.65,354.0,3536.0,0.3401402656555175,False,PUT,2027-01-15,META
META270115P00610000,610.0,40.4,39.0,39.55,109.0,977.0,0.3379430220031738,False,PUT,2027-01-15,META
META270115P00620000,620.0,42.0,42.0,42.45,26.0,1225.0,0.33509728630065916,False,PUT,2027-01-15,META
META270115P00630000,630.0,45.65,45.15,45.7,367.0,1170.0,0.33313655151367194,False,PUT,2027-01-15,META
META270115P00640000,640.0,48.62,48.5,49.0,242.0,633.0,0.3307333162689209,False,PUT,2027-01-15,META
META270115P00650000,650.0,52.02,51.8,52.4,388.0,1927.0,0.32812408943176263,False,PUT,2027-01-15,META
META270115P00660000,660.0,55.58,55.5,56.05,42.0,1193.0,0.32588869918823243,False,PUT,2027-01-15,META
META270115P00670000,670.0,59.37,59.35,59.85,281.0,1786.0,0.3236227916717528,False,PUT,2027-01-15,META
META270115P00680000,680.0,63.45,63.3,63.95,83.0,395.0,0.32187567779541015,False,PUT,2027-01-15,META
META270115P00690000,690.0,69.99,67.4,67.8,116.0,390.0,0.3185798123168945,False,PUT,2027-01-15,META
META270115P00700000,700.0,72.1,71.75,72.35,207.0,2525.0,0.31727519889831535,False,PUT,2027-01-15,META
META270115P00710000,710.0,76.37,76.2,76.5,21.0,267.0,0.31391066955566405,False,PUT,2027-01-15,META
META270115P00720000,720.0,80.83,80.8,81.25,103.0,1707.0,0.3121177797698974,False,PUT,2027-01-15,META
META270115P00730000,730.0,86.1,85.65,86.25,18.0,191.0,0.31059954544067375,False,PUT,2027-01-15,META
META270115P00740000,740.0,90.9,90.7,91.25,89.0,190.0,0.30849003894805904,True,PUT,2027-01-15,META
META270115P00750000,750.0,97.6,95.7,96.15,70.0,679.0,0.30544212631225587,True,PUT,2027-01-15,META
META270115P00760000,760.0,104.72,101.1,101.65,63.0,542.0,0.3039010040283203,True,PUT,2027-01-15,META
META270115P00770000,770.0,107.4,106.5,107.25,195.0,481.0,0.30212337287902835,True,PUT,2027-01-15,META
META270115P00780000,780.0,112.97,112.35,112.95,45.0,284.0,0.30010923286437985,True,PUT,2027-01-15,META
META270115P00790000,790.0,118.75,118.0,118.75,53.0,250.0,0.2978700279617309,True,PUT,2027-01-15,META
META270115P00800000,800.0,126.11,124.15,124.75,51.0,419.0,0.2957452628326416,True,PUT,2027-01-15,META
META270115P00810000,810.0,137.65,129.85,130.55,1.0,207.0,0.29234258689880355,True,PUT,2027-01-15,META
META270115P00820000,820.0,183.18,136.25,137.05,2.0,82.0,0.29082435256958,True,PUT,2027-01-15,META
META270115P00830000,830.0,195.1,142.8,143.75,3.0,66.0,0.28946633392333976,True,PUT,2027-01-15,META
META270115P00840000,840.0,244.95,149.3,150.25,1.0,55.0,0.2868113311767577,True,PUT,2027-01-15,META
META270115P00850000,850.0,166.09,156.2,157.2,3.0,58.0,0.28523206230163567,True,PUT,2027-01-15,META
META270115P00860000,860.0,165.85,163.05,164.1,1.0,35.0,0.28289749092102046,True,PUT,2027-01-15,META
META270115P00870000,870.0,251.35,169.95,170.9,10.0,11.0,0.27957873748779294,True,PUT,2027-01-15,META
META270115P00880000,880.0,299.33,235.45,238.2,1.0,164.0,0.4965641774749756,True,PUT,2027-01-15,META
META270115P00890000,890.0,257.82,183.35,186.65,2.0,39.0,0.2797236945343017,True,PUT,2027-01-15,META
META270115P00900000,900.0,245.35,190.7,194.85,1.0,128.0,0.28041796249389644,True,PUT,2027-01-15,META
META270115P00910000,910.0,307.14,198.2,201.75,1.0,167.0,0.2751155863189697,True,PUT,2027-01-15,META
META270115P00920000,920.0,270.5,206.05,209.55,15.0,25.0,0.2730022651672363,True,PUT,2027-01-15,META
META270115P00930000,930.0,321.22,278.2,281.45,9.0,1.0,0.5115557878112793,True,PUT,2027-01-15,META
META270115P00940000,940.0,235.08,221.55,225.35,1.0,66.0,0.2678829926300049,True,PUT,2027-01-15,META
META270115P00950000,950.0,295.7,229.85,233.45,5.0,20.0,0.2653348003387451,True,PUT,2027-01-15,META
META270617C00520000,520.0,271.82,270.9,274.35,19.0,56.0,0.49191792266845713,True,CALL,2027-06-17,META
META270617C00540000,540.0,257.5,256.55,259.65,59.0,86.0,0.48163360168457037,True,CALL,2027-06-17,META
META270617C00560000,560.0,240.37,242.55,246.6,21.0,86.0,0.4768195018768311,True,CALL,2027-06-17,META
META270617C00580000,580.0,229.97,229.1,233.45,34.0,171.0,0.47022777091979984,True,CALL,2027-06-17,META
META270617C00600000,600.0,213.63,216.1,219.8,129.0,497.0,0.46064534721374517,True,CALL,2027-06-17,META
META270617C00620000,620.0,203.25,203.3,207.25,63.0,307.0,0.4538934005737304,True,CALL,2027-06-17,META
META270617C00640000,640.0,190.9,191.4,194.8,43.0,467.0,0.44632511688232424,True,CALL,2027-06-17,META
META270617C00660000,660.0,178.51,181.15,181.15,108.0,1195.0,0.43380540565490733,True,CALL,2027-06-17,META
META270617C00680000,680.0,170.78,169.15,172.9,43.0,1051.0,0.43748273704528806,True,CALL,2027-06-17,META
META270617C00700000,700.0,159.81,158.6,161.9,170.0,889.0,0.43111607097625737,True,CALL,2027-06-17,META
META270617C00720000,720.0,150.0,149.45,151.5,42.0,1335.0,0.4254703754806519,True,CALL,2027-06-17,META
META270617C00740000,740.0,141.0,139.65,142.1,82.0,1516.0,0.4216976776123047,False,CALL,2027-06-17,META
META270617C00760000,760.0,130.0,131.0,134.4,33.0,1250.0,0.42179685874938966,False,CALL,2027-06-17,META
META270617C00780000,780.0,124.23,123.8,124.8,151.0,2402.0,0.4151593518829346,False,CALL,2027-06-17,META
META270617C00800000,800.0,115.7,115.85,116.8,229.0,740.0,0.41212669788360595,False,CALL,2027-06-17,META
META270617C00820000,820.0,108.53,108.4,109.35,29.0,259.0,0.40961665218353266,False,CALL,2027-06-17,META
META270617C00840000,840.0,102.05,101.4,102.35,36.0,173.0,0.4073621886444092,False,CALL,2027-06-17,META
META270617C00860000,860.0,95.0,94.95,95.65,50.0,327.0,0.40496658271789554,False,CALL,2027-06-17,META
META270617C00880000,880.0,88.15,88.7,89.55,19.0,162.0,0.4033339086151123,False,CALL,2027-06-17,META
META270617C00900000,900.0,82.3,82.9,83.75,60.0,521.0,0.40163257064819335,False,CALL,2027-06-17,META
META270617C00920000,920.0,76.6,77.65,78.45,26.0,130.0,0.40048817291259764,False,CALL,2027-06-17,META
META270617C00940000,940.0,65.5,72.45,73.25,13.0,180.0,0.39875631767272945,False,CALL,2027-06-17,META
META270617P00520000,520.0,30.75,28.9,29.4,67.0,443.0,0.3566348516845703,False,PUT,2027-06-17,META
META270617P00540000,540.0,34.45,33.5,34.0,72.0,642.0,0.3517139414215088,False,PUT,2027-06-17,META
META270617P00560000,560.0,39.0,38.7,39.05,365.0,515.0,0.3468311777496338,False,PUT,2027-06-17,META
META270617P00580000,580.0,45.52,44.3,44.75,175.0,1045.0,0.3427037165832519,False,PUT,2027-06-17,META
META270617P00600000,600.0,51.7,50.4,50.95,35.0,821.0,0.33859151405334476,False,PUT,2027-06-17,META
META270617P00620000,620.0,57.74,57.25,58.0,45.0,566.0,0.3356923731231689,False,PUT,2027-06-17,META
META270617P00640000,640.0,66.92,64.45,65.3,251.0,1197.0,0.33177090354919436,False,PUT,2027-06-17,META
META270617P00660000,660.0,74.99,72.4,73.15,17.0,526.0,0.3279257271575927,False,PUT,2027-06-17,META
META270617P00680000,680.0,80.92,80.65,81.5,1.0,238.0,0.3239584816741943,False,PUT,2027-06-17,META
META270617P00700000,700.0,91.81,89.65,90.6,93.0,213.0,0.3206397282409667,False,PUT,2027-06-17,META
META270617P00720000,720.0,102.2,99.05,100.05,358.0,346.0,0.3167258879852294,False,PUT,2027-06-17,META
META270617P00740000,740.0,109.1,109.2,110.25,2.0,132.0,0.31342239318847653,True,PUT,2027-06-17,META
META270617P00760000,760.0,174.1,119.75,120.85,5.0,380.0,0.3096916565704346,True,PUT,2027-06-17,META
META270617P00780000,780.0,169.85,130.95,132.1,2.0,115.0,0.30629279529571535,True,PUT,2027-06-17,META
META270617P00800000,800.0,145.0,142.55,143.75,2.0,69.0,0.3025048387908935,True,PUT,2027-06-17,META
META270617P00820000,820.0,162.1,154.75,156.0,2.0,33.0,0.29894194717407224,True,PUT,2027-06-17,META
META270617P00840000,840.0,220.5,167.4,168.7,2.0,50.0,0.29518069328308105,True,PUT,2027-06-17,META
META270617P00860000,860.0,259.48,180.5,181.9,2.0,51.0,0.29139655143737786,True,PUT,2027-06-17,META
META270617P00880000,880.0,246.0,245.35,248.05,10.0,12.0,0.4435098984527588,True,PUT,2027-06-17,META
META270617P00900000,900.0,298.48,208.25,209.7,1.0,74.0,0.28359938819885244,True,PUT,2027-06-17,META
META270617P00920000,920.0,278.0,278.1,281.2,37.0,48.0,0.4537713314819336,True,PUT,2027-06-17,META
META270617P00940000,940.0,288.45,237.55,239.0,37.0,35.0,0.2744747235870362,True,PUT,2027-06-17,META
META270917C00520000,520.0,280.25,282.25,285.2,7.0,1.0,0.49511460700988774,True,CALL,2027-09-17,META
META270917C00530000,530.0,269.88,275.2,278.2,14.0,12.0,0.49077352493286136,True,CALL,2027-09-17,META
META270917C00540000,540.0,259.1,266.4,271.3,32.0,6.0,0.4865773999023438,True,CALL,2027-09-17,META
META270917C00550000,550.0,257.4,259.8,264.4,10.0,6.0,0.4821523953247071,True,CALL,2027-09-17,META
META270917C00560000,560.0,153.8,253.4,257.85,1.0,15.0,0.4787420900726318,True,CALL,2027-09-17,META
META270917C00570000,570.0,239.75,246.45,251.3,22.0,3.0,0.4750838319778442,True,CALL,2027-09-17,META
META270917C00580000,580.0,240.05,240.1,244.9,21.0,9.0,0.47169260002136226,True,CALL,2027-09-17,META
META270917C00590000,590.0,226.9,233.85,238.65,12.0,3.0,0.4685493209075927,True,CALL,2027-09-17,META
META270917C00600000,600.0,221.05,228.0,232.4,21.0,51.0,0.4651542742919922,True,CALL,2027-09-17,META
META270917C00610000,610.0,223.71,221.95,226.3,24.0,28.0,0.46200336585998547,True,CALL,2027-09-17,META
META270917C00620000,620.0,218.25,216.05,220.3,5.0,24.0,0.458924935951233,True,CALL,2027-09-17,META
META270917C00630000,630.0,200.0,210.2,214.5,1.0,11.0,0.45622034263610844,True,CALL,2027-09-17,META
META270917C00640000,640.0,196.95,204.55,208.8,3.0,28.0,0.45357296920776363,True,CALL,2027-09-17,META
META270917C00650000,650.0,193.0,198.55,203.3,4.0,75.0,0.4512841737365723,True,CALL,2027-09-17,META
META270917C00660000,660.0,188.48,193.5,198.15,2.0,63.0,0.4497811980438232,True,CALL,2027-09-17,META
META270917C00670000,670.0,186.0,187.85,192.5,1.0,31.0,0.4465349231338501,True,CALL,2027-09-17,META
META270917C00680000,680.0,185.6,182.95,187.15,2.0,71.0,0.44393714027404785,True,CALL,2027-09-17,META
META270917C00690000,690.0,177.0,177.85,182.15,3.0,80.0,0.4421061038970948,True,CALL,2027-09-17,META
META270917C00700000,700.0,171.27,172.85,176.8,5.0,32.0,0.439031488647461,True,CALL,2027-09-17,META
META270917C00710000,710.0,130.51,168.3,172.6,1.0,60.0,0.43898571273803716,True,CALL,2027-09-17,META
META270917C00720000,720.0,157.0,163.25,167.5,7.0,35.0,0.43613997703552243,True,CALL,2027-09-17,META
META270917C00730000,730.0,149.98,159.5,163.25,3.0,17.0,0.43543807975769044,True,CALL,2027-09-17,META
META270917C00740000,740.0,153.09,154.05,158.3,5.0,173.0,0.43254656814575193,False,CALL,2027-09-17,META
META270917C00750000,750.0,151.65,150.1,153.85,4.0,36.0,0.4308147129058839,False,CALL,2027-09-17,META
META270917C00760000,760.0,106.3,146.4,150.2,1.0,380.0,0.431032148475647,False,CALL,2027-09-17,META
META270917C00770000,770.0,129.45,141.15,145.35,4.0,12.0,0.4277477269744874,False,CALL,2027-09-17,META
META270917C00780000,780.0,137.02,138.85,140.0,2.0,23.0,0.4228992952346802,False,CALL,2027-09-17,META
META270917C00790000,790.0,84.3,134.85,136.0,2.0,69.0,0.4214916860198975,False,CALL,2027-09-17,META
META270917C00800000,800.0,131.7,130.95,132.1,3.0,29.0,0.42012603805542,False,CALL,2027-09-17,META
META270917C00810000,810.0,132.0,127.3,128.4,1.0,41.0,0.41907700679779053,False,CALL,2027-09-17,META
META270917C00820000,820.0,94.25,123.6,124.7,1.0,14.0,0.41781053997039785,False,CALL,2027-09-17,META
META270917C00830000,830.0,60.7,119.95,121.05,13.0,38.0,0.4164639653015136,False,CALL,2027-09-17,META
META270917C00840000,840.0,109.12,116.55,117.65,4.0,32.0,0.415571335067749,False,CALL,2027-09-17,META
META270917C00850000,850.0,66.5,113.25,114.3,1.0,21.0,0.41461004096984866,False,CALL,2027-09-17,META
META270917C00860000,860.0,102.75,110.05,111.1,2.0,14.0,0.41383947982788083,False,CALL,2027-09-17,META
META270917C00870000,870.0,69.13,106.85,107.85,2.0,7.0,0.4127332286834716,False,CALL,2027-09-17,META
META270917C00880000,880.0,53.8,103.85,104.85,2.0,15.0,0.41209999526977537,False,CALL,2027-09-17,META
META270917C00890000,890.0,65.5,100.75,101.75,2.0,48.0,0.41100518810272213,False,CALL,2027-09-17,META
META270917C00900000,900.0,98.2,97.85,98.85,32.0,194.0,0.41025370025634766,False,CALL,2027-09-17,META
META270917C00920000,920.0,91.95,92.45,93.25,18.0,108.0,0.40872402194976803,False,CALL,2027-09-17,META
META270917C00940000,940.0,82.5,87.1,88.0,2.0,53.0,0.4074155938720704,False,CALL,2027-09-17,META
META270917P00520000,520.0,35.35,34.8,35.3,3.0,24.0,0.354223987121582,False,PUT,2027-09-17,META
META270917P00530000,530.0,37.85,37.3,37.8,1.0,27.0,0.35201911415100096,False,PUT,2027-09-17,META
META270917P00540000,540.0,42.25,39.95,40.5,3.0,31.0,0.3501880777740478,False,PUT,2027-09-17,META
META270917P00550000,550.0,43.68,42.6,42.9,15.0,58.0,0.3467396259307861,False,PUT,2027-09-17,META
META270917P00560000,560.0,47.6,45.45,45.75,3.0,21.0,0.34465682205200193,False,PUT,2027-09-17,META
META270917P00570000,570.0,51.25,48.35,48.9,12.0,10.0,0.3432606568145752,False,PUT,2027-09-17,META
META270917P00580000,580.0,53.9,51.45,51.8,12.0,52.0,0.34052936088562014,False,PUT,2027-09-17,META
META270917P00590000,590.0,55.5,54.75,55.15,5.0,16.0,0.3389882386016846,False,PUT,2027-09-17,META
META270917P00600000,600.0,59.38,58.1,58.55,10.0,87.0,0.33720297813415523,False,PUT,2027-09-17,META
META270917P00610000,610.0,63.21,61.45,62.15,15.0,34.0,0.33566948516845707,False,PUT,2027-09-17,META
META270917P00620000,620.0,65.51,65.05,65.75,18.0,131.0,0.33373163833618164,False,PUT,2027-09-17,META
META270917P00630000,630.0,69.7,68.75,69.5,3.0,106.0,0.3318853433227539,False,PUT,2027-09-17,META
META270917P00640000,640.0,73.6,72.6,73.3,2.0,72.0,0.3298177980804443,False,PUT,2027-09-17,META
META270917P00650000,650.0,76.85,76.7,77.35,7.0,67.0,0.3281469773864746,False,PUT,2027-09-17,META
META270917P00660000,660.0,82.85,80.75,81.5,7.0,52.0,0.32639223419189456,False,PUT,2027-09-17,META
META270917P00670000,670.0,86.1,84.9,85.7,1.0,46.0,0.3244238700866699,False,PUT,2027-09-17,META
META270917P00680000,680.0,93.7,89.45,90.1,12.0,59.0,0.322676756210327,False,PUT,2027-09-17,META
META270917P00690000,690.0,124.3,93.85,94.9,2.0,32.0,0.32171546211242674,False,PUT,2027-09-17,META
META270917P00700000,700.0,100.06,98.45,99.25,13.0,45.0,0.31911386459350577,False,PUT,2027-09-17,META
META270917P00710000,710.0,105.2,103.25,104.0,45.0,11.0,0.3172980868530273,False,PUT,2027-09-17,META
META270917P00720000,720.0,112.5,108.05,108.9,65.0,10.0,0.31555860229492183,False,PUT,2027-09-17,META
META270917P00740000,740.0,163.6,118.35,119.55,1.0,9.0,0.3133613586425781,True,PUT,2027-09-17,META
META270917P00750000,750.0,158.23,123.55,124.75,3.0,3.0,0.3114158824920653,True,PUT,2027-09-17,META
META270917P00760000,760.0,134.0,128.7,129.75,10.0,12.0,0.3086006640625,True,PUT,2027-09-17,META
META270917P00770000,770.0,172.04,134.35,135.65,,1.0,0.3078796934890747,True,PUT,2027-09-17,META
META270917P00780000,780.0,176.81,140.15,141.4,,5.0,0.30642630836486817,True,PUT,2027-09-17,META
META270917P00800000,800.0,159.98,151.45,152.5,1.0,7.0,0.3014825101470948,True,PUT,2027-09-17,META
META270917P00830000,830.0,244.05,169.6,170.75,,1.0,0.2959359957885742,True,PUT,2027-09-17,META
META270917P00840000,840.0,252.67,176.2,177.6,,1.0,0.29552401260375977,True,PUT,2027-09-17,META
META270917P00860000,860.0,266.6,189.1,190.5,12.0,6.0,0.29161017234802233,True,PUT,2027-09-17,META
META270917P00920000,920.0,293.33,230.55,232.15,,1.0,0.28056291954040513,True,PUT,2027-09-17,META
META270917P00940000,940.0,310.11,244.95,246.65,,1.0,0.2761302856445312,True,PUT,2027-09-17,META
META271217C00520000,520.0,276.51,290.25,295.55,6.0,305.0,0.4982426274871826,True,CALL,2027-12-17,META
META271217C00530000,530.0,228.85,283.6,288.55,1.0,159.0,0.4933598638153077,True,CALL,2027-12-17,META
META271217C00540000,540.0,275.1,278.2,282.15,4.0,91.0,0.4903615417480469,True,CALL,2027-12-17,META
META271217C00550000,550.0,259.85,270.25,275.25,22.0,787.0,0.4854520754623413,True,CALL,2027-12-17,META
META271217C00560000,560.0,262.0,263.8,268.85,11.0,90.0,0.4820226969146729,True,CALL,2027-12-17,META
META271217C00570000,570.0,256.63,257.4,262.55,93.0,258.0,0.4787039434814453,True,CALL,2027-12-17,META
META271217C00580000,580.0,250.37,251.35,256.35,18.0,272.0,0.47549200050354,True,CALL,2027-12-17,META
META271217C00590000,590.0,234.3,245.2,250.35,17.0,220.0,0.47268441139221196,True,CALL,2027-12-17,META
META271217C00600000,600.0,241.03,239.75,243.65,116.0,883.0,0.4675269922637939,True,CALL,2027-12-17,META
META271217C00610000,610.0,223.1,233.45,238.4,3.0,188.0,0.4665733274841309,True,CALL,2027-12-17,META
META271217C00620000,620.0,230.0,227.75,232.7,59.0,422.0,0.46401369121551517,True,CALL,2027-12-17,META
META271217C00630000,630.0,220.64,222.5,227.2,12.0,163.0,0.4618202622222901,True,CALL,2027-12-17,META
META271217C00640000,640.0,219.34,216.75,220.55,24.0,614.0,0.4561059028625489,True,CALL,2027-12-17,META
META271217C00650000,650.0,212.5,212.5,215.8,69.0,693.0,0.45564051445007325,True,CALL,2027-12-17,META
META271217C00660000,660.0,199.29,206.5,210.95,12.0,390.0,0.454633444442749,True,CALL,2027-12-17,META
META271217C00670000,670.0,203.2,201.15,206.2,47.0,354.0,0.45366070636749267,True,CALL,2027-12-17,META
META271217C00680000,680.0,195.64,196.15,200.65,7.0,306.0,0.4502656597518921,True,CALL,2027-12-17,META
META271217C00690000,690.0,189.38,191.15,195.7,17.0,407.0,0.44831255428314204,True,CALL,2027-12-17,META
META271217C00700000,700.0,187.8,186.45,189.75,191.0,1407.0,0.44347938117980956,True,CALL,2027-12-17,META
META271217C00710000,710.0,180.81,182.45,186.1,1.0,387.0,0.4445856323242187,True,CALL,2027-12-17,META
META271217C00720000,720.0,174.0,176.55,180.0,3.0,254.0,0.4390009713745118,True,CALL,2027-12-17,META
META271217C00730000,730.0,174.57,172.35,176.1,3.0,391.0,0.43900860069274905,True,CALL,2027-12-17,META
META271217C00740000,740.0,170.0,167.75,172.25,9.0,271.0,0.4389246781921387,False,CALL,2027-12-17,META
META271217C00750000,750.0,165.0,163.6,168.8,39.0,666.0,0.4396494634246826,False,CALL,2027-12-17,META
META271217C00760000,760.0,160.78,159.45,163.85,30.0,184.0,0.43631163669586176,False,CALL,2027-12-17,META
META271217C00770000,770.0,155.0,155.3,158.95,21.0,237.0,0.4329318487167358,False,CALL,2027-12-17,META
META271217C00780000,780.0,151.98,151.25,155.35,4.0,266.0,0.43266863723754884,False,CALL,2027-12-17,META
META271217C00790000,790.0,149.32,149.1,150.45,80.0,254.0,0.42893408596038823,False,CALL,2027-12-17,META
META271217C00800000,800.0,146.0,145.35,146.6,125.0,1241.0,0.42766380447387703,False,CALL,2027-12-17,META
META271217C00810000,810.0,142.2,141.55,142.8,22.0,210.0,0.426336303100586,False,CALL,2027-12-17,META
META271217C00820000,820.0,137.5,137.9,139.15,2.0,221.0,0.4252033493423462,False,CALL,2027-12-17,META
META271217C00830000,830.0,133.09,134.3,135.5,2.0,142.0,0.42388729194641117,False,CALL,2027-12-17,META
META271217C00840000,840.0,128.0,130.85,132.05,1.0,200.0,0.4228954805755615,False,CALL,2027-12-17,META
META271217C00850000,850.0,125.6,127.6,128.75,15.0,282.0,0.4221020314788818,False,CALL,2027-12-17,META
META271217C00860000,860.0,92.45,124.25,125.45,1.0,115.0,0.4211331080627442,False,CALL,2027-12-17,META
META271217C00870000,870.0,93.7,121.0,122.2,1.0,145.0,0.42011840873718265,False,CALL,2027-12-17,META
META271217C00880000,880.0,59.9,117.9,119.0,18.0,72.0,0.4190617481613159,False,CALL,2027-12-17,META
META271217C00890000,890.0,110.5,114.85,115.95,2.0,81.0,0.4182110791778564,False,CALL,2027-12-17,META
META271217C00900000,900.0,109.28,111.9,113.1,23.0,1830.0,0.41769991485595703,False,CALL,2027-12-17,META
META271217C00910000,910.0,105.45,109.15,110.25,14.0,619.0,0.41702853485107416,False,CALL,2027-12-17,META
META271217C00920000,920.0,100.25,106.4,107.5,4.0,123.0,0.4164525213241576,False,CALL,2027-12-17,META
META271217C00930000,930.0,93.98,103.7,104.75,1.0,37.0,0.41572392143249504,False,CALL,2027-12-17,META
META271217C00940000,940.0,100.0,100.9,101.95,1.0,213.0,0.4147168514251709,False,CALL,2027-12-17,META
META271217C00950000,950.0,96.0,98.3,99.35,7.0,834.0,0.4140607300567627,False,CALL,2027-12-17,META
META271217P00520000,520.0,42.55,40.3,41.0,5.0,561.0,0.35272101142883305,False,PUT,2027-12-17,META
META271217P00530000,530.0,45.94,42.95,43.55,40.0,380.0,0.3500660086822509,False,PUT,2027-12-17,META
META271217P00540000,540.0,48.9,45.8,46.5,10.0,358.0,0.3485325157165527,False,PUT,2027-12-17,META
META271217P00550000,550.0,49.65,48.65,49.3,17.0,1166.0,0.3460568019485473,False,PUT,2027-12-17,META
META271217P00560000,560.0,51.9,51.7,52.5,20.0,316.0,0.3446263047790527,False,PUT,2027-12-17,META
META271217P00570000,570.0,57.55,54.9,55.65,13.0,770.0,0.3426274234008788,False,PUT,2027-12-17,META
META271217P00580000,580.0,58.85,58.15,58.95,5.0,550.0,0.34077349906921384,False,PUT,2027-12-17,META
META271217P00590000,590.0,65.8,61.6,62.4,2.0,205.0,0.33903782917022707,False,PUT,2027-12-17,META
META271217P00600000,600.0,67.7,65.0,65.9,84.0,1659.0,0.3371037969970704,False,PUT,2027-12-17,META
META271217P00610000,610.0,89.05,68.65,69.6,2.0,323.0,0.3354444202804565,False,PUT,2027-12-17,META
META271217P00620000,620.0,77.28,72.35,73.3,4.0,176.0,0.3334417242431641,False,PUT,2027-12-17,META
META271217P00630000,630.0,77.9,76.25,77.2,1.0,167.0,0.33169461036682135,False,PUT,2027-12-17,META
META271217P00640000,640.0,86.05,80.25,81.25,51.0,471.0,0.3300504922866821,False,PUT,2027-12-17,META
META271217P00650000,650.0,86.32,84.2,85.25,13.0,885.0,0.3279409857940674,False,PUT,2027-12-17,META
META271217P00660000,660.0,89.62,88.6,89.65,86.0,179.0,0.326628743057251,False,PUT,2027-12-17,META
META271217P00670000,670.0,95.8,92.85,94.0,15.0,275.0,0.32485111190795896,False,PUT,2027-12-17,META
META271217P00680000,680.0,101.05,97.3,98.45,11.0,103.0,0.32303914882659895,False,PUT,2027-12-17,META
META271217P00690000,690.0,107.35,101.9,103.05,4.0,105.0,0.32132255222320555,False,PUT,2027-12-17,META
META271217P00700000,700.0,108.91,106.55,107.7,17.0,551.0,0.3194342959594726,False,PUT,2027-12-17,META
META271217P00710000,710.0,112.64,111.35,112.6,176.0,176.0,0.31789698833465574,False,PUT,2027-12-17,META
META271217P00720000,720.0,120.6,116.4,117.6,43.0,54.0,0.31632153411865227,False,PUT,2027-12-17,META
META271217P00730000,730.0,126.15,121.45,122.75,13.0,154.0,0.3148338170623779,False,PUT,2027-12-17,META
META271217P00740000,740.0,131.15,126.5,127.8,10.0,207.0,0.31280441841125484,True,PUT,2027-12-17,META
META271217P00750000,750.0,132.3,131.65,133.0,80.0,312.0,0.31086657157897946,True,PUT,2027-12-17,META
META271217P00760000,760.0,145.65,137.15,138.5,1.0,1676.0,0.3094017424774169,True,PUT,2027-12-17,META
META271217P00770000,770.0,147.95,142.65,144.05,10.0,170.0,0.3077766976928711,True,PUT,2027-12-17,META
META271217P00780000,780.0,220.39,185.45,186.95,1.0,155.0,0.39933996051788334,True,PUT,2027-12-17,META
META271217P00790000,790.0,204.1,154.0,155.5,5.0,22.0,0.3045647547149658,True,PUT,2027-12-17,META
META271217P00800000,800.0,167.85,159.85,161.3,2.0,123.0,0.3027260890197754,True,PUT,2027-12-17,META
META271217P00810000,810.0,218.45,165.8,167.3,5.0,29.0,0.3011163028717041,True,PUT,2027-12-17,META
META271217P00820000,820.0,240.55,171.85,173.4,4.0,40.0,0.2994836287689209,True,PUT,2027-12-17,META
META271217P00830000,830.0,248.35,178.0,179.55,2.0,44.0,0.2977059976196288,True,PUT,2027-12-17,META
META271217P00840000,840.0,256.1,184.25,185.9,20.0,67.0,0.2961572460174561,True,PUT,2027-12-17,META
META271217P00850000,850.0,191.16,190.6,192.25,13.0,44.0,0.2943414682769775,True,PUT,2027-12-17,META
META271217P00860000,860.0,272.4,197.05,198.7,10.0,31.0,0.29251043190002435,True,PUT,2027-12-17,META
META271217P00870000,870.0,279.0,203.6,205.35,2.0,52.0,0.2909197190475463,True,PUT,2027-12-17,META
META271217P00880000,880.0,291.48,210.3,212.0,1.0,8.0,0.2890657947158813,True,PUT,2027-12-17,META
META271217P00890000,890.0,232.56,300.4,307.65,1.0,15.0,0.5009662940979005,True,PUT,2027-12-17,META
META271217P00900000,900.0,235.3,223.9,225.6,2.0,30.0,0.2853312434387207,True,PUT,2027-12-17,META
META271217P00910000,910.0,316.48,230.85,232.65,1.0,4.0,0.28371764263153065,True,PUT,2027-12-17,META
META271217P00920000,920.0,300.05,237.9,239.75,2.0,16.0,0.2819743434143066,True,PUT,2027-12-17,META
META271217P00930000,930.0,259.26,333.1,341.75,44.0,36.0,0.5100833293914796,True,PUT,2027-12-17,META
META271217P00940000,940.0,339.2,252.35,254.05,,1.0,0.2779613220214844,True,PUT,2027-12-17,META
META271217P00950000,950.0,309.5,259.7,261.55,6.0,56.0,0.27651175155639646,True,PUT,2027-12-17,META
META280121C00520000,520.0,285.0,293.5,298.3,19.0,74.0,0.4955647367858887,True,CALL,2028-01-21,META
META280121C00530000,530.0,284.45,286.75,292.05,3.0,38.0,0.4931309842681886,True,CALL,2028-01-21,META
META280121C00540000,540.0,268.9,280.85,285.1,14.0,192.0,0.48812615150451666,True,CALL,2028-01-21,META
META280121C00550000,550.0,274.0,273.45,278.8,76.0,301.0,0.4850973121643066,True,CALL,2028-01-21,META
META280121C00560000,560.0,256.82,267.15,272.5,4.0,108.0,0.4818434079360962,True,CALL,2028-01-21,META
META280121C00570000,570.0,261.5,260.6,264.55,17.0,99.0,0.4732260929870606,True,CALL,2028-01-21,META
META280121C00580000,580.0,253.8,254.9,260.1,107.0,160.0,0.47535467277526855,True,CALL,2028-01-21,META
META280121C00590000,590.0,248.07,249.25,254.2,19.0,191.0,0.47272255798339846,True,CALL,2028-01-21,META
META280121C00600000,600.0,244.5,243.2,248.7,194.0,1134.0,0.471059366607666,True,CALL,2028-01-21,META
META280121C00610000,610.0,239.04,237.55,242.4,54.0,415.0,0.46681746566772464,True,CALL,2028-01-21,META
META280121C00620000,620.0,234.5,231.6,236.7,30.0,590.0,0.46414720428466794,True,CALL,2028-01-21,META
META280121C00630000,630.0,225.0,226.35,231.15,7.0,464.0,0.46170200778961185,True,CALL,2028-01-21,META
META280121C00640000,640.0,220.0,220.95,224.95,120.0,572.0,0.4572312273025514,True,CALL,2028-01-21,META
META280121C00650000,650.0,217.95,215.55,220.0,126.0,1318.0,0.4560639416122437,True,CALL,2028-01-21,META
META280121C00660000,660.0,209.0,210.35,214.85,58.0,482.0,0.4541222801208496,True,CALL,2028-01-21,META
META280121C00670000,670.0,207.16,205.35,208.0,53.0,757.0,0.44738559211730955,True,CALL,2028-01-21,META
META280121C00680000,680.0,198.0,200.15,205.3,49.0,420.0,0.45162749305725103,True,CALL,2028-01-21,META
META280121C00690000,690.0,193.18,194.95,199.1,33.0,341.0,0.44629078495025637,True,CALL,2028-01-21,META
META280121C00700000,700.0,193.49,191.4,193.5,134.0,1544.0,0.4423960179901123,True,CALL,2028-01-21,META
META280121C00710000,710.0,185.65,185.7,189.4,18.0,197.0,0.4422281729888916,True,CALL,2028-01-21,META
META280121C00720000,720.0,183.0,180.8,184.9,40.0,401.0,0.44081293445587155,True,CALL,2028-01-21,META
META280121C00730000,730.0,178.9,176.6,180.25,35.0,149.0,0.4388178677368164,True,CALL,2028-01-21,META
META280121C00740000,740.0,172.45,172.2,176.1,7.0,468.0,0.43790234954833984,False,CALL,2028-01-21,META
META280121C00750000,750.0,170.4,168.1,171.1,201.0,1084.0,0.4346484453201295,False,CALL,2028-01-21,META
META280121C00760000,760.0,163.07,164.1,166.75,28.0,562.0,0.4328593701934814,False,CALL,2028-01-21,META
META280121C00770000,770.0,159.8,160.45,163.45,153.0,178.0,0.43349641826629637,False,CALL,2028-01-21,META
META280121C00780000,780.0,157.3,155.55,159.2,25.0,125.0,0.431581459388733,False,CALL,2028-01-21,META
META280121C00790000,790.0,147.02,151.5,156.0,6.0,221.0,0.4320811797332763,False,CALL,2028-01-21,META
META280121C00800000,800.0,147.99,149.6,150.9,135.0,1908.0,0.4277248390197754,False,CALL,2028-01-21,META
META280121C00810000,810.0,138.31,145.85,147.15,27.0,378.0,0.4265194067382813,False,CALL,2028-01-21,META
META280121C00820000,820.0,133.64,142.2,143.45,20.0,689.0,0.42526056922912603,False,CALL,2028-01-21,META
META280121C00830000,830.0,136.0,138.75,140.0,7.0,573.0,0.4244442321777344,False,CALL,2028-01-21,META
META280121C00840000,840.0,134.3,135.2,136.4,4.0,264.0,0.42309002819061275,False,CALL,2028-01-21,META
META280121C00850000,850.0,132.37,131.85,133.15,33.0,1257.0,0.42242246284484863,False,CALL,2028-01-21,META
META280121C00860000,860.0,101.33,128.7,129.9,2.0,654.0,0.4215908671569824,False,CALL,2028-01-21,META
META280121C00870000,870.0,115.83,125.4,126.6,6.0,1363.0,0.420476986694336,False,CALL,2028-01-21,META
META280121C00880000,880.0,115.0,122.25,123.45,2.0,51.0,0.4195690978240967,False,CALL,2028-01-21,META
META280121C00890000,890.0,114.0,119.2,120.4,3.0,522.0,0.4187489461135864,False,CALL,2028-01-21,META
META280121C00900000,900.0,116.19,116.25,117.35,83.0,1213.0,0.41777620803833,False,CALL,2028-01-21,META
META280121C00910000,910.0,113.88,113.35,114.5,4.0,114.0,0.41713534530639645,False,CALL,2028-01-21,META
META280121C00920000,920.0,107.0,110.65,111.7,2.0,116.0,0.4164677799606322,False,CALL,2028-01-21,META
META280121C00930000,930.0,97.45,107.9,109.0,1.0,150.0,0.4158993957519531,False,CALL,2028-01-21,META
META280121C00940000,940.0,80.2,105.25,106.35,2.0,158.0,0.41531193824768065,False,CALL,2028-01-21,META
META280121C00950000,950.0,98.5,102.6,103.65,5.0,336.0,0.4144574546051025,False,CALL,2028-01-21,META
META280121P00520000,520.0,42.7,41.9,42.6,56.0,323.0,0.3501880777740478,False,PUT,2028-01-21,META
META280121P00530000,530.0,45.35,44.6,45.35,19.0,418.0,0.3481319765090942,False,PUT,2028-01-21,META
META280121P00540000,540.0,47.8,47.4,47.9,42.0,203.0,0.34500014137268065,False,PUT,2028-01-21,META
META280121P00550000,550.0,50.65,50.35,51.0,1218.0,2432.0,0.3434704630661011,False,PUT,2028-01-21,META
META280121P00560000,560.0,53.94,53.5,54.3,170.0,215.0,0.3422345135116576,False,PUT,2028-01-21,META
META280121P00570000,570.0,56.9,56.7,57.55,5.0,285.0,0.34044925304412843,False,PUT,2028-01-21,META
META280121P00580000,580.0,61.7,59.95,60.85,11.0,590.0,0.33847707427978513,False,PUT,2028-01-21,META
META280121P00590000,590.0,65.2,63.4,64.3,91.0,357.0,0.3366307792663575,False,PUT,2028-01-21,META
META280121P00600000,600.0,67.5,66.9,67.85,30.0,1445.0,0.33476159629821767,False,PUT,2028-01-21,META
META280121P00610000,610.0,74.97,70.55,71.5,8.0,232.0,0.3328618960571289,False,PUT,2028-01-21,META
META280121P00620000,620.0,74.35,74.3,75.3,4.0,347.0,0.3310766355895996,False,PUT,2028-01-21,META
META280121P00630000,630.0,81.2,78.15,79.15,13.0,225.0,0.3291197154617309,False,PUT,2028-01-21,META
META280121P00640000,640.0,82.32,82.15,83.15,44.0,568.0,0.32727342044830326,False,PUT,2028-01-21,META
META280121P00650000,650.0,86.5,86.25,87.35,57.0,418.0,0.3256712636184692,False,PUT,2028-01-21,META
META280121P00660000,660.0,90.8,90.6,91.65,10.0,456.0,0.3240309601974486,False,PUT,2028-01-21,META
META280121P00670000,670.0,95.32,94.9,96.05,49.0,329.0,0.3223525101852416,False,PUT,2028-01-21,META
META280121P00680000,680.0,100.31,99.45,100.6,29.0,406.0,0.3207732413101196,False,PUT,2028-01-21,META
META280121P00690000,690.0,104.01,103.95,105.1,39.0,270.0,0.31876673061370836,False,PUT,2028-01-21,META
META280121P00700000,700.0,110.0,108.65,109.85,10.0,1684.0,0.3171187978744507,False,PUT,2028-01-21,META
META280121P00710000,710.0,115.0,113.5,114.7,6.0,74.0,0.3154365332031249,False,PUT,2028-01-21,META
META280121P00720000,720.0,118.8,118.45,119.7,204.0,251.0,0.31385344966888423,False,PUT,2028-01-21,META
META280121P00730000,730.0,126.05,123.45,124.8,2.0,98.0,0.3122360342025757,False,PUT,2028-01-21,META
META280121P00740000,740.0,131.22,128.6,129.9,2.0,22.0,0.31034014862060544,True,PUT,2028-01-21,META
META280121P00750000,750.0,141.11,133.9,135.3,6.0,335.0,0.3089134661102294,True,PUT,2028-01-21,META
META280121P00760000,760.0,147.15,139.3,140.7,14.0,51.0,0.3072121281433105,True,PUT,2028-01-21,META
META280121P00770000,770.0,189.45,144.95,146.35,1.0,16.0,0.30585029483795173,True,PUT,2028-01-21,META
META280121P00780000,780.0,194.4,150.55,151.9,10.0,56.0,0.30397729721069333,True,PUT,2028-01-21,META
META280121P00790000,790.0,199.8,156.2,157.65,1.0,36.0,0.30232554981231696,True,PUT,2028-01-21,META
META280121P00800000,800.0,169.6,161.95,163.45,17.0,78.0,0.30053266002655027,True,PUT,2028-01-21,META
META280121P00810000,810.0,176.39,167.95,169.45,5.0,41.0,0.2989610204696655,True,PUT,2028-01-21,META
META280121P00820000,820.0,176.1,173.95,175.55,2.0,4.0,0.29737412227630605,True,PUT,2028-01-21,META
META280121P00830000,830.0,182.35,180.0,181.5,2.0,9.0,0.2951654346466064,True,PUT,2028-01-21,META
META280121P00840000,840.0,257.45,186.4,188.05,2.0,21.0,0.29415836463928224,True,PUT,2028-01-21,META
META280121P00850000,850.0,255.64,192.75,194.45,1.0,9.0,0.29253331985473624,True,PUT,2028-01-21,META
META280121P00860000,860.0,252.85,199.2,200.9,2.0,3.0,0.29077857666015616,True,PUT,2028-01-21,META
META280121P00880000,880.0,307.0,259.4,261.35,1.0,4.0,0.4029181107711792,True,PUT,2028-01-21,META
META280121P00890000,890.0,262.05,219.1,220.85,5.0,7.0,0.28547238582611073,True,PUT,2028-01-21,META
META280121P00900000,900.0,240.0,225.8,227.5,1.0,58.0,0.2831912196731567,True,PUT,2028-01-21,META
META280121P00920000,920.0,300.1,239.9,241.85,1.0,205.0,0.2805476609039306,True,PUT,2028-01-21,META
META280121P00930000,930.0,316.0,297.9,299.95,1.0,2.0,0.40660307147979735,True,PUT,2028-01-21,META
META280121P00940000,940.0,256.85,324.85,327.3,6.0,9.0,0.4547249962615967,True,PUT,2028-01-21,META
META280121P00950000,950.0,263.7,261.45,262.9,2.0,101.0,0.27342950698852536,True,PUT,2028-01-21,META
META280616C00520000,520.0,219.9,308.15,314.35,4.0,5.0,0.5021297651290895,True,CALL,2028-06-16,META
META280616C00530000,530.0,247.85,301.5,307.6,1.0,5.0,0.49733473861694344,True,CALL,2028-06-16,META
META280616C00540000,540.0,288.55,295.75,301.3,22.0,8.0,0.49377947631835944,True,CALL,2028-06-16,META
META280616C00550000,550.0,292.17,289.6,295.25,4.0,29.0,0.4908116715240479,True,CALL,2028-06-16,META
META280616C00560000,560.0,272.05,283.2,289.3,2.0,2.0,0.4879659358215333,True,CALL,2028-06-16,META
META280616C00570000,570.0,230.0,277.75,283.3,1.0,6.0,0.48479976875305175,True,CALL,2028-06-16,META
META280616C00580000,580.0,265.0,272.0,277.55,12.0,4.0,0.4821829125976563,True,CALL,2028-06-16,META
META280616C00590000,590.0,264.05,265.7,271.8,11.0,13.0,0.47939058212280267,True,CALL,2028-06-16,META
META280616C00600000,600.0,263.97,260.7,266.2,2.0,69.0,0.4768500191497802,True,CALL,2028-06-16,META
META280616C00610000,610.0,250.05,254.8,260.75,3.0,39.0,0.474538335723877,True,CALL,2028-06-16,META
META280616C00620000,620.0,244.07,249.85,255.35,4.0,39.0,0.4721885057067871,True,CALL,2028-06-16,META
META280616C00630000,630.0,247.5,245.15,249.8,38.0,58.0,0.46928173545837404,True,CALL,2028-06-16,META
META280616C00640000,640.0,197.27,239.0,244.85,3.0,14.0,0.4677711304473877,True,CALL,2028-06-16,META
META280616C00650000,650.0,221.2,234.2,239.5,14.0,128.0,0.46506653713226326,True,CALL,2028-06-16,META
META280616C00660000,660.0,220.79,228.9,233.7,8.0,45.0,0.46108021835327156,True,CALL,2028-06-16,META
META280616C00670000,670.0,215.03,224.3,229.7,37.0,62.0,0.46144642562866217,True,CALL,2028-06-16,META
META280616C00680000,680.0,181.6,219.05,224.85,2.0,31.0,0.459516208114624,True,CALL,2028-06-16,META
META280616C00690000,690.0,213.21,214.55,219.5,4.0,56.0,0.4562088986587525,True,CALL,2028-06-16,META
META280616C00700000,700.0,210.78,210.1,214.7,19.0,137.0,0.4540993921661377,True,CALL,2028-06-16,META
META280616C00710000,710.0,167.51,205.5,211.5,50.0,55.0,0.4556710317230225,True,CALL,2028-06-16,META
META280616C00720000,720.0,190.0,201.05,205.65,8.0,56.0,0.4507424921417237,True,CALL,2028-06-16,META
META280616C00730000,730.0,187.85,196.7,201.0,18.0,59.0,0.4485376191711425,True,CALL,2028-06-16,META
META280616C00740000,740.0,192.97,192.05,197.1,28.0,31.0,0.44794634700775143,False,CALL,2028-06-16,META
META280616C00750000,750.0,178.5,188.2,194.25,21.0,35.0,0.4496324263381958,False,CALL,2028-06-16,META
META280616C00760000,760.0,184.11,184.1,188.5,1.0,5.0,0.4444368606185913,False,CALL,2028-06-16,META
META280616C00770000,770.0,147.75,180.05,184.5,81.0,109.0,0.4431551351547241,False,CALL,2028-06-16,META
META280616C00780000,780.0,167.1,176.15,181.3,2.0,7.0,0.4435556743621826,False,CALL,2028-06-16,META
META280616C00790000,790.0,170.8,171.95,176.8,1.0,58.0,0.4408434517288208,False,CALL,2028-06-16,META
META280616C00800000,800.0,168.0,168.3,172.9,7.0,191.0,0.4393595493316651,False,CALL,2028-06-16,META
META280616C00810000,810.0,119.06,166.25,169.55,21.0,22.0,0.4389818980789185,False,CALL,2028-06-16,META
META280616C00820000,820.0,164.2,163.2,164.55,2.0,7.0,0.43475525577545177,False,CALL,2028-06-16,META
META280616C00830000,830.0,155.25,159.8,161.05,2.0,5.0,0.4337710737228394,False,CALL,2028-06-16,META
META280616C00850000,850.0,153.0,153.15,154.55,6.0,19.0,0.43251223621368406,False,CALL,2028-06-16,META
META280616C00860000,860.0,118.45,149.55,150.9,28.0,46.0,0.43079945426940924,False,CALL,2028-06-16,META
META280616C00870000,870.0,135.0,146.45,147.65,10.0,221.0,0.4298419748306275,False,CALL,2028-06-16,META
META280616C00880000,880.0,137.0,143.1,144.5,2.0,5.0,0.42898367652893066,False,CALL,2028-06-16,META
META280616C00890000,890.0,104.07,140.0,141.35,5.0,20.0,0.4279994944763184,False,CALL,2028-06-16,META
META280616C00900000,900.0,135.35,137.1,138.4,7.0,71.0,0.427335743789673,False,CALL,2028-06-16,META
META280616C00910000,910.0,127.0,134.2,135.35,6.0,8.0,0.42633248844146737,False,CALL,2028-06-16,META
META280616C00920000,920.0,125.94,131.2,132.45,1.0,5.0,0.42553903934478765,False,CALL,2028-06-16,META
META280616C00930000,930.0,126.6,128.7,129.85,5.0,8.0,0.42529108650207526,False,CALL,2028-06-16,META
META280616C00940000,940.0,87.85,125.7,126.9,,19.0,0.4241581327438354,False,CALL,2028-06-16,META
META280616C00950000,950.0,118.0,123.1,124.25,1.0,18.0,0.423570675239563,False,CALL,2028-06-16,META
META280616P00520000,520.0,50.4,50.15,50.95,17.0,3.0,0.3476971053695678,False,PUT,2028-06-16,META
META280616P00540000,540.0,56.47,56.2,57.05,2.0,11.0,0.3438252263641357,False,PUT,2028-06-16,META
META280616P00550000,550.0,59.65,59.35,60.2,2.0,42.0,0.34175005180358886,False,PUT,2028-06-16,META
META280616P00560000,560.0,62.87,62.65,63.6,2.0,3.0,0.3401402656555175,False,PUT,2028-06-16,META
META280616P00570000,570.0,66.32,66.1,67.0,2.0,16.0,0.33822530677795415,False,PUT,2028-06-16,META
META280616P00580000,580.0,69.76,69.45,70.4,2.0,10.0,0.33603187778472904,False,PUT,2028-06-16,META
META280616P00590000,590.0,73.38,73.05,74.0,4.0,7.0,0.3341359922027588,False,PUT,2028-06-16,META
META280616P00600000,600.0,77.05,76.85,77.85,4.0,31.0,0.33264827514648443,False,PUT,2028-06-16,META
META280616P00610000,610.0,80.94,80.75,81.75,2.0,20.0,0.33101560104370115,False,PUT,2028-06-16,META
META280616P00620000,620.0,85.0,84.7,85.7,6.0,6.0,0.3292417845535278,False,PUT,2028-06-16,META
META280616P00630000,630.0,91.9,88.65,89.75,2.0,14.0,0.32746796806335443,False,PUT,2028-06-16,META
META280616P00640000,640.0,117.69,92.85,93.95,51.0,62.0,0.32581240600585937,False,PUT,2028-06-16,META
META280616P00650000,650.0,101.9,97.1,98.25,2.0,16.0,0.3241568439483642,False,PUT,2028-06-16,META
META280616P00660000,660.0,127.84,101.35,102.6,1.0,12.0,0.3223677688217162,False,PUT,2028-06-16,META
META280616P00670000,670.0,110.46,105.85,107.1,3.0,12.0,0.32070076278686516,False,PUT,2028-06-16,META
META280616P00680000,680.0,116.09,110.35,111.65,8.0,29.0,0.3189078730010986,False,PUT,2028-06-16,META
META280616P00690000,690.0,120.17,115.0,116.35,9.0,1.0,0.31723705230712884,False,PUT,2028-06-16,META
META280616P00700000,700.0,124.12,119.95,121.3,8.0,10.0,0.3159095509338378,False,PUT,2028-06-16,META
META280616P00710000,710.0,153.63,124.65,126.05,8.0,8.0,0.3138763376235962,False,PUT,2028-06-16,META
META280616P00720000,720.0,131.3,129.65,131.1,2.0,1.0,0.31230851272583,False,PUT,2028-06-16,META
META280616P00750000,750.0,182.02,145.3,146.8,,2.0,0.3074829689407348,True,PUT,2028-06-16,META
META280616P00770000,770.0,163.69,156.05,157.7,8.0,2.0,0.30411843959808343,True,PUT,2028-06-16,META
META280616P00780000,780.0,214.23,161.8,163.35,,1.0,0.3025506147003174,True,PUT,2028-06-16,META
META280616P00800000,800.0,175.92,173.1,174.5,88.0,15.0,0.2984345975112915,True,PUT,2028-06-16,META
META280616P00810000,810.0,228.85,179.2,180.8,,1.0,0.2976564070510863,True,PUT,2028-06-16,META
META280616P00820000,820.0,243.5,185.1,186.6,,1.0,0.29556215919494633,True,PUT,2028-06-16,META
META280616P00830000,830.0,239.63,191.05,192.85,1.0,3.0,0.2942461017990111,True,PUT,2028-06-16,META
META280616P00860000,860.0,277.3,209.95,211.7,,0.0,0.2892679716491699,True,PUT,2028-06-16,META
META280616P00900000,900.0,308.9,236.25,238.1,,0.0,0.2825503569412231,True,PUT,2028-06-16,META
META281215C00540000,540.0,303.32,311.0,319.0,3.0,5.0,0.4974339197540284,True,CALL,2028-12-15,META
META281215C00550000,550.0,309.0,305.0,313.0,12.0,15.0,0.4940083558654786,True,CALL,2028-12-15,META
META281215C00560000,560.0,303.86,300.0,308.75,41.0,10.0,0.4951069776916504,True,CALL,2028-12-15,META
META281215C00570000,570.0,227.95,294.0,302.0,,2.0,0.48943076492309584,True,CALL,2028-12-15,META
META281215C00580000,580.0,292.62,289.0,297.95,30.0,0.0,0.4906438265228271,True,CALL,2028-12-15,META
META281215C00600000,600.0,278.05,278.0,285.1,14.0,41.0,0.48050827724456785,True,CALL,2028-12-15,META
META281215C00610000,610.0,265.4,273.0,280.0,20.0,9.0,0.4786123916625976,True,CALL,2028-12-15,META
META281215C00620000,620.0,206.9,268.0,275.0,,8.0,0.47681187255859375,True,CALL,2028-12-15,META
META281215C00630000,630.0,218.95,263.0,271.85,2.0,5.0,0.4793066596221923,True,CALL,2028-12-15,META
META281215C00640000,640.0,197.31,258.0,267.0,,1.0,0.47753665779113774,True,CALL,2028-12-15,META
META281215C00650000,650.0,256.81,252.25,261.0,51.0,38.0,0.47292854957580566,True,CALL,2028-12-15,META
META281215C00660000,660.0,245.2,248.0,255.1,11.0,23.0,0.4684882863616944,True,CALL,2028-12-15,META
META281215C00670000,670.0,232.0,243.0,252.9,16.0,29.0,0.4724555318450927,True,CALL,2028-12-15,META
META281215C00680000,680.0,238.02,242.5,246.0,49.0,66.0,0.4655052229309083,True,CALL,2028-12-15,META
META281215C00690000,690.0,238.06,234.0,242.0,47.0,2.0,0.46505509315490734,True,CALL,2028-12-15,META
META281215C00700000,700.0,233.0,233.5,237.0,45.0,60.0,0.4622246160888672,True,CALL,2028-12-15,META
META281215C00710000,710.0,178.88,225.0,233.0,7.0,2.0,0.4614998308563233,True,CALL,2028-12-15,META
META281215C00720000,720.0,222.07,221.0,227.55,10.0,43.0,0.4574639215087891,True,CALL,2028-12-15,META
META281215C00730000,730.0,207.83,217.0,224.0,10.0,5.0,0.4574753654861451,True,CALL,2028-12-15,META
META281215C00740000,740.0,211.46,212.0,220.0,8.0,6.0,0.45637292900085447,False,CALL,2028-12-15,META
META281215C00750000,750.0,203.5,208.95,217.95,6.0,19.0,0.45933310447692877,False,CALL,2028-12-15,META
META281215C00760000,760.0,151.37,204.3,213.95,,55.0,0.4579636418533326,False,CALL,2028-12-15,META
META281215C00770000,770.0,199.05,200.35,207.95,17.0,9.0,0.4522416531753541,False,CALL,2028-12-15,META
META281215C00780000,780.0,199.7,199.35,203.35,3.0,3.0,0.44940736145019533,False,CALL,2028-12-15,META
META281215C00790000,790.0,188.0,193.0,202.0,20.0,22.0,0.4532830551147461,False,CALL,2028-12-15,META
META281215C00800000,800.0,193.6,189.0,197.0,6.0,157.0,0.4493921028137207,False,CALL,2028-12-15,META
META281215C00820000,820.0,180.84,182.0,190.0,4.0,13.0,0.44755343711853024,False,CALL,2028-12-15,META
META281215C00830000,830.0,114.4,178.3,186.0,,17.0,0.44544393062591553,False,CALL,2028-12-15,META
META281215C00850000,850.0,173.23,172.0,181.0,4.0,24.0,0.4470651607513427,False,CALL,2028-12-15,META
META281215C00890000,890.0,161.15,162.1,164.15,37.0,1.0,0.435136721687317,False,CALL,2028-12-15,META
META281215C00900000,900.0,156.6,159.05,161.1,68.0,101.0,0.43427842338562017,False,CALL,2028-12-15,META
META281215C00950000,950.0,142.62,145.2,147.15,3.0,36.0,0.4311961788177491,False,CALL,2028-12-15,META
META281215P00520000,520.0,72.17,57.7,59.15,2.0,14.0,0.34092227077484133,False,PUT,2028-12-15,META
META281215P00530000,530.0,75.46,60.9,62.2,23.0,15.0,0.3386067726898193,False,PUT,2028-12-15,META
META281215P00540000,540.0,79.88,64.15,65.55,1.0,5.0,0.33691306404113774,False,PUT,2028-12-15,META
META281215P00560000,560.0,73.95,71.0,72.4,2.0,3.0,0.33316706878662117,False,PUT,2028-12-15,META
META281215P00580000,580.0,96.59,78.1,79.8,1.0,3.0,0.32990553524017324,False,PUT,2028-12-15,META
META281215P00600000,600.0,88.25,85.85,87.55,23.0,112.0,0.3265753378295898,False,PUT,2028-12-15,META
META281215P00610000,610.0,109.66,89.85,91.4,1.0,8.0,0.3245116072463988,False,PUT,2028-12-15,META
META281215P00620000,620.0,97.92,93.8,95.5,12.0,16.0,0.3228331572341918,False,PUT,2028-12-15,META
META281215P00640000,640.0,107.39,102.25,104.0,16.0,49.0,0.31952203311920163,False,PUT,2028-12-15,META
META281215P00650000,650.0,112.0,106.65,108.4,24.0,79.0,0.3178931736755371,False,PUT,2028-12-15,META
META281215P00660000,660.0,133.57,111.05,113.05,1.0,20.0,0.3166114482116699,False,PUT,2028-12-15,META
META281215P00670000,670.0,120.03,115.75,117.65,2.0,15.0,0.31500929138183587,False,PUT,2028-12-15,META
META281215P00680000,680.0,126.21,120.35,122.4,3.0,9.0,0.3135292036437988,False,PUT,2028-12-15,META
META281215P00690000,690.0,158.85,125.05,127.25,,2.0,0.3120643745422363,False,PUT,2028-12-15,META
META281215P00700000,700.0,134.15,130.0,132.0,17.0,24.0,0.3101837475967407,False,PUT,2028-12-15,META
META281215P00720000,720.0,176.3,139.9,142.05,,1.0,0.3070137658691406,False,PUT,2028-12-15,META
META281215P00740000,740.0,157.55,151.0,152.6,1.0,3.0,0.30412606891632077,True,PUT,2028-12-15,META
META281215P00750000,750.0,158.7,155.5,157.9,5.0,7.0,0.30244761890411376,True,PUT,2028-12-15,META
META281215P00770000,770.0,198.08,166.55,168.95,8.0,29.0,0.2994645554733276,True,PUT,2028-12-15,META
META281215P00780000,780.0,204.7,172.1,174.65,1.0,21.0,0.2980569462585449,True,PUT,2028-12-15,META
META281215P00790000,790.0,223.1,177.8,180.2,,1.0,0.2961610606765747,True,PUT,2028-12-15,META
META281215P00800000,800.0,185.85,183.7,186.15,3.0,10.0,0.29489840850830074,True,PUT,2028-12-15,META
META281215P00820000,820.0,244.0,195.3,197.65,,1.0,0.2910341588211059,True,PUT,2028-12-15,META
META281215P00830000,830.0,207.0,201.55,204.1,1.0,1.0,0.29024833904266356,True,PUT,2028-12-15,META
META281215P00850000,850.0,249.45,213.7,216.1,2.0,4.0,0.2863421281051636,True,PUT,2028-12-15,META
META281215P00910000,910.0,327.87,252.7,255.65,,2.0,0.27769048122406,True,PUT,2028-12-15,META
MIR260220C00020000,20.0,6.2,4.9,6.5,1.0,292.0,0.946289599609375,True,CALL,2026-02-20,MIR
MIR260220C00022500,22.5,3.3,2.3,3.8,1.0,632.0,0.5117236328125,True,CALL,2026-02-20,MIR
MIR260220C00025000,25.0,1.44,1.35,1.75,10.0,4477.0,0.567387138671875,True,CALL,2026-02-20,MIR
MIR260220C00030000,30.0,0.3,0.15,0.45,20.0,1367.0,0.6289099609375001,False,CALL,2026-02-20,MIR
MIR260220P00020000,20.0,0.3,0.1,0.75,75.0,265.0,0.91992267578125,False,PUT,2026-02-20,MIR
MIR260220P00022500,22.5,0.5,0.1,0.8,3.0,4601.0,0.594730615234375,False,PUT,2026-02-20,MIR
MIR260220P00025000,25.0,1.5,1.1,1.7,47.0,142.0,0.6035195898437502,False,PUT,2026-02-20,MIR
MIR260220P00030000,30.0,3.85,4.1,5.5,1.0,54.0,0.8740246972656249,True,PUT,2026-02-20,MIR
MIR260320C00020000,20.0,6.98,5.1,6.8,1.0,1.0,0.7480493945312501,True,CALL,2026-03-20,MIR
MIR260320C00022500,22.5,3.6,3.5,3.8,27.0,82.0,0.559574716796875,True,CALL,2026-03-20,MIR
MIR260320C00025000,25.0,2.1,1.95,2.15,11.0,152.0,0.5151415673828125,True,CALL,2026-03-20,MIR
MIR260320C00030000,30.0,0.6,0.5,0.65,8.0,470.0,0.5302781347656251,False,CALL,2026-03-20,MIR
MIR260320P00020000,20.0,0.35,0.2,0.35,1.0,299.0,0.5371140039062501,False,PUT,2026-03-20,MIR
MIR260320P00022500,22.5,0.8,0.7,0.85,4.0,150.0,0.514653291015625,False,PUT,2026-03-20,MIR
MIR260320P00025000,25.0,1.7,1.65,1.75,1.0,157.0,0.4995167236328125,False,PUT,2026-03-20,MIR
MIR260320P00030000,30.0,6.5,4.4,5.7,1.0,87.0,0.6523472265625001,True,PUT,2026-03-20,MIR
MIR260515C00020000,20.0,6.2,5.4,7.0,10.0,77.0,0.5874064697265625,True,CALL,2026-05-15,MIR
MIR260515C00022500,22.5,3.47,4.1,5.3,1.0,93.0,0.6127968408203126,True,CALL,2026-05-15,MIR
MIR260515C00025000,25.0,3.0,2.8,3.2,8.0,704.0,0.532231240234375,True,CALL,2026-05-15,MIR
MIR260515C00030000,30.0,1.3,1.2,1.4,11.0,19519.0,0.5258836474609375,False,CALL,2026-05-15,MIR
MIR260515P00020000,20.0,1.68,0.35,1.1,2.0,10.0,0.5210008837890624,False,PUT,2026-05-15,MIR
MIR260515P00022500,22.5,1.0,1.8,2.5,1.0,20.0,0.6523472265625001,False,PUT,2026-05-15,MIR
MIR260515P00025000,25.0,2.5,2.3,2.7,74.0,245.0,0.5212450219726561,False,PUT,2026-05-15,MIR
MIR260515P00030000,30.0,5.17,5.6,6.2,15.0,38.0,0.5542036767578126,True,PUT,2026-05-15,MIR
MIR260821C00020000,20.0,8.4,6.7,8.1,,1.0,0.641605146484375,True,CALL,2026-08-21,MIR
MIR260821C00022500,22.5,4.75,5.1,6.6,,5.0,0.6145058081054688,True,CALL,2026-08-21,MIR
MIR260821C00025000,25.0,4.7,3.7,5.0,5.0,13.0,0.5671430004882813,True,CALL,2026-08-21,MIR
MIR260821C00030000,30.0,2.5,2.1,2.75,60.0,64.0,0.5378464184570313,False,CALL,2026-08-21,MIR
MIR260821P00020000,20.0,1.4,1.2,1.75,10.0,10.0,0.5212450219726561,False,PUT,2026-08-21,MIR
MIR260821P00022500,22.5,1.9,1.6,2.7,,1.0,0.5537154003906251,False,PUT,2026-08-21,MIR
MIR260821P00025000,25.0,4.1,2.8,3.9,,1.0,0.5388229711914063,False,PUT,2026-08-21,MIR
MIR260821P00030000,30.0,5.85,5.8,7.1,2.0,2.0,0.5266160620117188,True,PUT,2026-08-21,MIR
MIR270115C00020000,20.0,9.1,7.2,10.5,3.0,53.0,0.6765169067382814,True,CALL,2027-01-15,MIR
MIR270115C00022500,22.5,7.8,5.6,8.8,1.0,30.0,0.6223182299804688,True,CALL,2027-01-15,MIR
MIR270115C00025000,25.0,5.8,5.1,5.9,5.0,450.0,0.5532271240234375,True,CALL,2027-01-15,MIR
MIR270115C00030000,30.0,4.0,3.3,4.2,1.0,1167.0,0.5459029785156251,False,CALL,2027-01-15,MIR
MIR270115P00020000,20.0,2.6,0.55,3.8,1.0,33.0,0.7009307250976562,False,PUT,2027-01-15,MIR
MIR270115P00022500,22.5,4.5,3.0,6.0,,2.0,0.6272009936523439,False,PUT,2027-01-15,MIR
MIR270115P00025000,25.0,5.0,4.0,5.5,1.0,9.0,0.5788616333007812,False,PUT,2027-01-15,MIR
MIR270115P00030000,30.0,7.5,7.0,8.6,10.0,173.0,0.5551802294921876,True,PUT,2027-01-15,MIR
MIR280121C00020000,20.0,9.94,0.0,0.0,1.0,38.0,1.0000000000000003e-05,True,CALL,2028-01-21,MIR
MIR280121C00022500,22.5,9.45,6.5,11.5,4.0,11.0,0.5795940478515625,True,CALL,2028-01-21,MIR
MIR280121C00025000,25.0,7.3,6.8,10.5,1.0,18.0,0.624149266357422,True,CALL,2028-01-21,MIR
MIR280121C00030000,30.0,6.6,5.2,8.5,1.0,150.0,0.6010782080078126,False,CALL,2028-01-21,MIR
MIR280121P00020000,20.0,5.0,1.5,6.4,1.0,1.0,0.5025684509277344,False,PUT,2028-01-21,MIR
MIR280121P00022500,22.5,5.3,0.0,0.0,5.0,4.0,0.015634843750000002,False,PUT,2028-01-21,MIR
MIR280121P00030000,30.0,7.66,7.8,11.0,1.0,1.0,0.5576216113281252,True,PUT,2028-01-21,MIR
MO260130C00043000,43.0,18.92,17.45,19.05,7.0,31.0,4.291020261230469,True,CALL,2026-01-30,MO
MO260130C00044000,44.0,17.2,16.35,18.1,7.0,24.0,4.0468799414062495,True,CALL,2026-01-30,MO
MO260130C00046000,46.0,15.15,14.45,16.1,1.0,13.0,3.6777351806640626,True,CALL,2026-01-30,MO
MO260130C00047000,47.0,14.19,13.35,15.05,2.0,5.0,3.3925796435546873,True,CALL,2026-01-30,MO
MO260130C00048000,48.0,12.62,12.35,13.0,22.0,4.0,2.615237836914063,True,CALL,2026-01-30,MO
MO260130C00050000,50.0,11.1,10.45,11.1,2.0,4.0,2.3691447021484366,True,CALL,2026-01-30,MO
MO260130C00052000,52.0,12.0,8.45,10.3,,1.0,2.535159912109375,True,CALL,2026-01-30,MO
MO260130C00053000,53.0,9.63,7.4,9.65,1.0,12.0,2.447269506835937,True,CALL,2026-01-30,MO
MO260130C00054000,54.0,7.69,6.45,8.65,54.0,21.0,2.253910615234375,True,CALL,2026-01-30,MO
MO260130C00055000,55.0,6.1,5.3,6.3,7.0,225.0,1.4834010205078125,True,CALL,2026-01-30,MO
MO260130C00056000,56.0,5.92,4.5,6.65,1.0,391.0,1.8417976660156248,True,CALL,2026-01-30,MO
MO260130C00057000,57.0,4.22,3.5,4.6,11.0,451.0,1.2763708056640621,True,CALL,2026-01-30,MO
MO260130C00058000,58.0,2.95,2.4,3.15,43.0,875.0,0.8867198828124999,True,CALL,2026-01-30,MO
MO260130C00059000,59.0,2.09,1.47,2.61,64.0,1327.0,0.8320329296874999,True,CALL,2026-01-30,MO
MO260130C00060000,60.0,1.2,0.56,1.46,96.0,1543.0,0.5585981640625001,True,CALL,2026-01-30,MO
MO260130C00061000,61.0,0.26,0.15,0.21,720.0,778.0,0.31641308593749995,False,CALL,2026-01-30,MO
MO260130C00062000,62.0,0.05,0.02,0.09,421.0,1637.0,0.35938140625,False,CALL,2026-01-30,MO
MO260130C00063000,63.0,0.01,0.0,0.05,721.0,2501.0,0.41797457031249996,False,CALL,2026-01-30,MO
MO260130C00064000,64.0,0.01,0.0,0.22,342.0,2191.0,0.6250037500000001,False,CALL,2026-01-30,MO
MO260130C00065000,65.0,0.01,0.0,0.01,219.0,2793.0,0.48438015625,False,CALL,2026-01-30,MO
MO260130C00066000,66.0,0.01,0.0,0.01,54.0,799.0,0.51562984375,False,CALL,2026-01-30,MO
MO260130C00067000,67.0,0.01,0.0,0.01,43.0,524.0,0.5937540625000001,False,CALL,2026-01-30,MO
MO260130C00068000,68.0,0.01,0.0,0.01,7.0,522.0,0.6562534375000001,False,CALL,2026-01-30,MO
MO260130P00047000,47.0,0.01,0.0,0.01,100.0,101.0,1.21875390625,False,PUT,2026-01-30,MO
MO260130P00049000,49.0,0.01,0.0,0.01,100.0,101.0,1.0312548437500002,False,PUT,2026-01-30,MO
MO260130P00050000,50.0,0.01,0.0,0.01,1.0,42.0,0.937500625,False,PUT,2026-01-30,MO
MO260130P00051000,51.0,0.01,0.0,0.01,29.0,177.0,0.8437515624999999,False,PUT,2026-01-30,MO
MO260130P00052000,52.0,0.01,0.0,0.01,1.0,728.0,0.7500025,False,PUT,2026-01-30,MO
MO260130P00053000,53.0,0.01,0.0,0.02,44.0,334.0,0.7187528125,False,PUT,2026-01-30,MO
MO260130P00054000,54.0,0.01,0.0,0.02,17.0,395.0,0.6250037500000001,False,PUT,2026-01-30,MO
MO260130P00055000,55.0,0.02,0.0,0.01,42.0,578.0,0.5312546875,False,PUT,2026-01-30,MO
MO260130P00056000,56.0,0.01,0.0,0.01,1.0,697.0,0.437505625,False,PUT,2026-01-30,MO
MO260130P00057000,57.0,0.02,0.01,0.04,40.0,493.0,0.42969320312500003,False,PUT,2026-01-30,MO
MO260130P00058000,58.0,0.02,0.01,0.11,43.0,756.0,0.4062559375,False,PUT,2026-01-30,MO
MO260130P00059000,59.0,0.04,0.02,0.04,219.0,741.0,0.18555501953124998,False,PUT,2026-01-30,MO
MO260130P00060000,60.0,0.07,0.06,0.24,157.0,747.0,0.14649291015625,False,PUT,2026-01-30,MO
MO260130P00061000,61.0,0.49,0.4,0.7,2842.0,2352.0,1.0000000000000003e-05,True,PUT,2026-01-30,MO
MO260130P00062000,62.0,1.5,1.12,1.5,734.0,2142.0,1.0000000000000003e-05,True,PUT,2026-01-30,MO
MO260130P00063000,63.0,2.21,1.8,2.62,170.0,1330.0,1.0000000000000003e-05,True,PUT,2026-01-30,MO
MO260130P00064000,64.0,3.09,2.88,3.65,6.0,1052.0,1.0000000000000003e-05,True,PUT,2026-01-30,MO
MO260130P00065000,65.0,3.55,2.37,6.0,8.0,12.0,1.5517600537109373,True,PUT,2026-01-30,MO
MO260130P00066000,66.0,4.52,3.85,6.65,20.0,24.0,1.44140904296875,True,PUT,2026-01-30,MO
MO260130P00067000,67.0,6.3,5.4,6.75,44.0,18.0,1.0000000000000003e-05,True,PUT,2026-01-30,MO
MO260130P00069000,69.0,7.55,6.45,10.1,,0.0,2.1992232519531245,True,PUT,2026-01-30,MO
MO260130P00070000,70.0,8.53,7.45,11.15,,0.0,2.3671915820312495,True,PUT,2026-01-30,MO
MO260130P00071000,71.0,9.56,8.45,12.2,,0.0,2.5332067919921872,True,PUT,2026-01-30,MO
MO260206C00044000,44.0,17.27,15.6,18.7,2.0,1.0,1.8671881640625,True,CALL,2026-02-06,MO
MO260206C00045000,45.0,16.27,14.6,17.7,2.0,1.0,1.7685558447265624,True,CALL,2026-02-06,MO
MO260206C00046000,46.0,15.24,14.25,16.7,2.0,1.0,1.8300789746093749,True,CALL,2026-02-06,MO
MO260206C00047000,47.0,13.95,13.2,15.7,4.0,1.0,1.7177748486328124,True,CALL,2026-02-06,MO
MO260206C00048000,48.0,15.49,12.5,13.35,4.0,4.0,1.369143779296875,True,CALL,2026-02-06,MO
MO260206C00049000,49.0,12.63,11.2,13.7,6.0,1.0,1.5185570947265623,True,CALL,2026-02-06,MO
MO260206C00050000,50.0,12.67,10.4,12.7,2.0,7.0,1.460451916503906,True,CALL,2026-02-06,MO
MO260206C00051000,51.0,10.56,9.45,11.7,16.0,1.0,1.3706086157226562,True,CALL,2026-02-06,MO
MO260206C00052000,52.0,9.97,8.45,9.45,22.0,4.0,1.0234423828125,True,CALL,2026-02-06,MO
MO260206C00053000,53.0,8.55,7.5,9.7,22.0,19.0,1.1806681591796875,True,CALL,2026-02-06,MO
MO260206C00054000,54.0,7.92,6.5,8.7,22.0,4.0,1.0800827246093752,True,CALL,2026-02-06,MO
MO260206C00055000,55.0,6.55,5.5,6.35,1.0,31.0,0.7460962890625,True,CALL,2026-02-06,MO
MO260206C00056000,56.0,6.07,4.4,4.75,2.0,132.0,0.5268602001953125,True,CALL,2026-02-06,MO
MO260206C00057000,57.0,4.21,3.65,4.5,206.0,366.0,0.6093789062500001,True,CALL,2026-02-06,MO
MO260206C00058000,58.0,3.8,2.6,3.0,1.0,694.0,0.48682153808593753,True,CALL,2026-02-06,MO
MO260206C00059000,59.0,2.39,1.73,2.67,19.0,162.0,0.5659223095703125,True,CALL,2026-02-06,MO
MO260206C00060000,60.0,1.1,1.02,1.16,65.0,319.0,0.30322962402343745,True,CALL,2026-02-06,MO
MO260206C00061000,61.0,0.64,0.44,0.7,33.0,354.0,0.29395237304687494,False,CALL,2026-02-06,MO
MO260206C00062000,62.0,0.25,0.22,0.32,258.0,276.0,0.264655791015625,False,CALL,2026-02-06,MO
MO260206C00063000,63.0,0.11,0.05,0.14,254.0,1062.0,0.25586681640625003,False,CALL,2026-02-06,MO
MO260206C00064000,64.0,0.08,0.05,0.08,90.0,205.0,0.273444765625,False,CALL,2026-02-06,MO
MO260206C00065000,65.0,0.05,0.0,0.06,8.0,904.0,0.304694453125,False,CALL,2026-02-06,MO
MO260206C00066000,66.0,0.15,0.0,0.15,5.0,79.0,0.42578699218750005,False,CALL,2026-02-06,MO
MO260206C00067000,67.0,0.04,0.0,0.04,153.0,184.0,0.367193828125,False,CALL,2026-02-06,MO
MO260206C00068000,68.0,0.02,0.01,0.05,15.0,40.0,0.42188078125,False,CALL,2026-02-06,MO
MO260206P00050000,50.0,0.02,0.0,0.02,1.0,3.0,0.523442265625,False,PUT,2026-02-06,MO
MO260206P00051000,51.0,0.07,0.01,0.02,80.0,145.0,0.4726615234375,False,PUT,2026-02-06,MO
MO260206P00052000,52.0,0.03,0.0,0.75,1.0,21.0,0.762697685546875,False,PUT,2026-02-06,MO
MO260206P00053000,53.0,0.01,0.0,0.71,1.0,86.0,0.676761044921875,False,PUT,2026-02-06,MO
MO260206P00054000,54.0,0.01,0.0,0.1,10.0,196.0,0.4335994140625,False,PUT,2026-02-06,MO
MO260206P00055000,55.0,0.03,0.01,0.03,2.0,210.0,0.29492892578124996,False,PUT,2026-02-06,MO
MO260206P00056000,56.0,0.03,0.03,0.05,7.0,219.0,0.26758544921875,False,PUT,2026-02-06,MO
MO260206P00057000,57.0,0.04,0.02,0.08,5.0,426.0,0.23633576171874998,False,PUT,2026-02-06,MO
MO260206P00058000,58.0,0.1,0.08,0.12,5.0,174.0,0.196297099609375,False,PUT,2026-02-06,MO
MO260206P00059000,59.0,0.22,0.2,0.35,67.0,648.0,0.2036212451171875,False,PUT,2026-02-06,MO
MO260206P00060000,60.0,0.46,0.41,0.63,514.0,377.0,0.17285983398437502,False,PUT,2026-02-06,MO
MO260206P00061000,61.0,0.67,0.85,1.06,87.0,222.0,0.10938390625,True,PUT,2026-02-06,MO
MO260206P00062000,62.0,1.6,1.53,1.89,100.0,76.0,1.0000000000000003e-05,True,PUT,2026-02-06,MO
MO260206P00063000,63.0,2.25,1.52,2.7,70.0,115.0,1.0000000000000003e-05,True,PUT,2026-02-06,MO
MO260206P00064000,64.0,3.19,2.56,3.5,59.0,165.0,1.0000000000000003e-05,True,PUT,2026-02-06,MO
MO260206P00065000,65.0,2.87,2.62,4.6,5.0,16.0,1.0000000000000003e-05,True,PUT,2026-02-06,MO
MO260206P00067000,67.0,8.92,4.35,6.6,,0.0,1.0000000000000003e-05,True,PUT,2026-02-06,MO
MO260206P00068000,68.0,9.94,5.35,8.15,,0.0,0.5546919531250001,True,PUT,2026-02-06,MO
MO260213C00043000,43.0,20.51,16.85,19.75,14.0,5.0,1.5380882470703123,True,CALL,2026-02-13,MO
MO260213C00045000,45.0,18.53,15.45,17.75,14.0,9.0,1.4951197119140622,True,CALL,2026-02-13,MO
MO260213C00048000,48.0,15.54,12.5,14.75,14.0,4.0,1.2700231811523435,True,CALL,2026-02-13,MO
MO260213C00050000,50.0,13.53,10.55,12.75,14.0,6.0,1.125004375,True,CALL,2026-02-13,MO
MO260213C00052000,52.0,11.57,8.55,10.75,14.0,6.0,0.9741213525390625,True,CALL,2026-02-13,MO
MO260213C00054000,54.0,9.47,6.55,7.4,14.0,4.0,0.641605146484375,True,CALL,2026-02-13,MO
MO260213C00055000,55.0,8.54,5.6,7.8,2.0,20.0,0.7583031982421876,True,CALL,2026-02-13,MO
MO260213C00056000,56.0,5.3,4.6,5.8,4.0,56.0,0.56055126953125,True,CALL,2026-02-13,MO
MO260213C00057000,57.0,5.07,3.65,4.65,1.0,68.0,0.5893595751953126,True,CALL,2026-02-13,MO
MO260213C00058000,58.0,3.6,2.69,3.0,11.0,66.0,0.36499658447265626,True,CALL,2026-02-13,MO
MO260213C00059000,59.0,2.33,1.94,2.44,5.0,103.0,0.37695935546875,True,CALL,2026-02-13,MO
MO260213C00060000,60.0,1.49,1.22,1.36,60.0,394.0,0.26709717285156254,True,CALL,2026-02-13,MO
MO260213C00061000,61.0,1.09,0.72,0.83,904.0,1082.0,0.2475661181640625,False,CALL,2026-02-13,MO
MO260213C00062000,62.0,0.59,0.31,0.45,847.0,216.0,0.231452998046875,False,CALL,2026-02-13,MO
MO260213C00063000,63.0,0.19,0.19,0.24,10.0,686.0,0.22754678710937498,False,CALL,2026-02-13,MO
MO260213C00064000,64.0,0.17,0.07,0.14,24.0,282.0,0.23535920898437498,False,CALL,2026-02-13,MO
MO260213C00065000,65.0,0.14,0.02,0.1,102.0,183.0,0.25489026367187506,False,CALL,2026-02-13,MO
MO260213C00066000,66.0,0.66,0.02,0.66,2.0,26.0,0.5009815527343751,False,CALL,2026-02-13,MO
MO260213C00067000,67.0,0.37,0.0,0.29,44.0,38.0,0.422857333984375,False,CALL,2026-02-13,MO
MO260213P00049000,49.0,0.06,0.0,0.2,1.0,3.0,0.55273884765625,False,PUT,2026-02-13,MO
MO260213P00050000,50.0,0.11,0.0,0.76,1.0,4.0,0.6875031250000001,False,PUT,2026-02-13,MO
MO260213P00051000,51.0,0.06,0.0,0.75,2.0,3.0,0.6279334082031252,False,PUT,2026-02-13,MO
MO260213P00052000,52.0,0.04,0.0,0.76,1.0,33.0,0.5742230078125,False,PUT,2026-02-13,MO
MO260213P00053000,53.0,0.14,0.0,0.95,4.0,41.0,0.5556685058593751,False,PUT,2026-02-13,MO
MO260213P00054000,54.0,0.1,0.0,0.24,1.0,57.0,0.40332627929687503,False,PUT,2026-02-13,MO
MO260213P00055000,55.0,0.06,0.03,0.1,10.0,64.0,0.2802806347656249,False,PUT,2026-02-13,MO
MO260213P00056000,56.0,0.13,0.01,0.13,1.0,80.0,0.2500075,False,PUT,2026-02-13,MO
MO260213P00057000,57.0,0.18,0.12,0.18,3.0,38.0,0.22168747070312497,False,PUT,2026-02-13,MO
MO260213P00058000,58.0,0.25,0.2,0.25,3.0,68.0,0.19043778320312502,False,PUT,2026-02-13,MO
MO260213P00059000,59.0,0.29,0.35,0.42,16.0,133.0,0.16895362304687503,False,PUT,2026-02-13,MO
MO260213P00060000,60.0,0.72,0.68,0.77,281.0,151.0,0.1577232666015625,False,PUT,2026-02-13,MO
MO260213P00061000,61.0,0.88,1.09,1.19,331.0,67.0,0.1167080517578125,True,PUT,2026-02-13,MO
MO260213P00062000,62.0,1.14,1.65,1.92,3.0,124.0,1.0000000000000003e-05,True,PUT,2026-02-13,MO
MO260213P00063000,63.0,1.75,1.99,2.85,4.0,110.0,1.0000000000000003e-05,True,PUT,2026-02-13,MO
MO260213P00065000,65.0,3.5,2.65,4.6,3.0,12.0,1.0000000000000003e-05,True,PUT,2026-02-13,MO
MO260213P00066000,66.0,4.77,4.0,5.6,,4.0,1.0000000000000003e-05,True,PUT,2026-02-13,MO
MO260220C00042500,42.5,16.98,17.95,20.3,94.0,19.0,1.4233427270507812,True,CALL,2026-02-20,MO
MO260220C00045000,45.0,15.03,15.55,17.75,1.0,2.0,1.26172244140625,True,CALL,2026-02-20,MO
MO260220C00047500,47.5,13.45,13.05,15.3,1.0,4.0,1.1049849438476564,True,CALL,2026-02-20,MO
MO260220C00050000,50.0,12.71,10.6,12.8,1.0,31.0,0.9506840869140624,True,CALL,2026-02-20,MO
MO260220C00052500,52.5,9.58,8.1,10.35,3.0,4.0,0.797853583984375,True,CALL,2026-02-20,MO
MO260220C00053000,53.0,8.72,7.6,9.8,1.0,31.0,0.7605004418945314,True,CALL,2026-02-20,MO
MO260220C00055000,55.0,5.95,5.65,6.0,100.0,581.0,0.48389187988281257,True,CALL,2026-02-20,MO
MO260220C00057000,57.0,4.39,3.8,5.3,,21.0,0.6108437353515627,True,CALL,2026-02-20,MO
MO260220C00057500,57.5,3.96,3.3,3.6,31.0,1996.0,0.3549869189453124,True,CALL,2026-02-20,MO
MO260220C00058000,58.0,3.29,2.94,3.4,12.0,46.0,0.37793590820312495,True,CALL,2026-02-20,MO
MO260220C00059000,59.0,2.97,2.14,2.41,5.0,1.0,0.30933307861328124,True,CALL,2026-02-20,MO
MO260220C00060000,60.0,1.88,1.44,1.51,751.0,5151.0,0.24781025634765624,True,CALL,2026-02-20,MO
MO260220C00061000,61.0,1.11,0.82,0.97,63.0,99.0,0.23072058349609376,False,CALL,2026-02-20,MO
MO260220C00062000,62.0,0.66,0.51,0.62,393.0,193.0,0.22657023437499998,False,CALL,2026-02-20,MO
MO260220C00062500,62.5,0.39,0.3,0.43,243.0,6448.0,0.2133867724609375,False,CALL,2026-02-20,MO
MO260220C00063000,63.0,0.3,0.25,0.33,355.0,5198.0,0.21289849609375,False,CALL,2026-02-20,MO
MO260220C00064000,64.0,0.18,0.11,0.23,202.0,2113.0,0.2260819580078125,False,CALL,2026-02-20,MO
MO260220C00065000,65.0,0.09,0.07,0.11,197.0,3137.0,0.21680470703125,False,CALL,2026-02-20,MO
MO260220C00066000,66.0,0.07,0.05,0.09,14.0,780.0,0.23731231445312498,False,CALL,2026-02-20,MO
MO260220C00067000,67.0,0.11,0.02,0.11,29.0,124.0,0.278327529296875,False,CALL,2026-02-20,MO
MO260220C00067500,67.5,0.04,0.02,0.1,3.0,735.0,0.28711650390624993,False,CALL,2026-02-20,MO
MO260220C00068000,68.0,0.03,0.0,0.05,2.0,121.0,0.26367923828125,False,CALL,2026-02-20,MO
MO260220C00070000,70.0,0.04,0.02,0.15,30.0,420.0,0.38477177734374995,False,CALL,2026-02-20,MO
MO260220C00072500,72.5,0.05,0.0,0.09,6.0,361.0,0.4101621484375,False,CALL,2026-02-20,MO
MO260220C00075000,75.0,0.04,0.0,0.02,118.0,788.0,0.37500625,False,CALL,2026-02-20,MO
MO260220P00045000,45.0,0.02,0.0,0.01,2.0,16.0,0.45313046875,False,PUT,2026-02-20,MO
MO260220P00047500,47.5,0.01,0.0,0.02,1.0,107.0,0.4062559375,False,PUT,2026-02-20,MO
MO260220P00050000,50.0,0.02,0.01,0.03,2.0,232.0,0.34570966796874997,False,PUT,2026-02-20,MO
MO260220P00052000,52.0,0.07,0.0,0.17,,6.0,0.38867798828125,False,PUT,2026-02-20,MO
MO260220P00052500,52.5,0.06,0.03,0.08,7.0,1516.0,0.31445998046874996,False,PUT,2026-02-20,MO
MO260220P00055000,55.0,0.06,0.05,0.08,65.0,2182.0,0.22266402343749997,False,PUT,2026-02-20,MO
MO260220P00056000,56.0,0.23,0.08,0.13,,35.0,0.20899228515624996,False,PUT,2026-02-20,MO
MO260220P00057000,57.0,0.15,0.14,0.25,1.0,17.0,0.20606262695312497,False,PUT,2026-02-20,MO
MO260220P00057500,57.5,0.17,0.2,0.25,37.0,4681.0,0.18262536132812499,False,PUT,2026-02-20,MO
MO260220P00058000,58.0,0.27,0.23,0.32,7.0,748.0,0.1753012158203125,False,PUT,2026-02-20,MO
MO260220P00059000,59.0,0.46,0.39,0.55,4.0,23.0,0.165047412109375,False,PUT,2026-02-20,MO
MO260220P00060000,60.0,0.8,0.65,0.8,417.0,4865.0,0.13648324462890626,False,PUT,2026-02-20,MO
MO260220P00061000,61.0,0.96,1.01,1.28,477.0,214.0,0.11524322265625,True,PUT,2026-02-20,MO
MO260220P00062000,62.0,1.52,1.61,1.91,26.0,1035.0,1.0000000000000003e-05,True,PUT,2026-02-20,MO
MO260220P00062500,62.5,1.79,1.99,2.3,49.0,727.0,1.0000000000000003e-05,True,PUT,2026-02-20,MO
MO260220P00063000,63.0,2.48,2.23,2.8,224.0,187.0,1.0000000000000003e-05,True,PUT,2026-02-20,MO
MO260220P00064000,64.0,3.3,3.15,3.6,80.0,954.0,1.0000000000000003e-05,True,PUT,2026-02-20,MO
MO260220P00065000,65.0,3.0,3.85,4.45,130.0,70.0,1.0000000000000003e-05,True,PUT,2026-02-20,MO
MO260220P00067000,67.0,3.7,4.45,6.65,30.0,31.0,1.0000000000000003e-05,True,PUT,2026-02-20,MO
MO260220P00067500,67.5,5.75,4.85,7.15,35.0,38.0,1.0000000000000003e-05,True,PUT,2026-02-20,MO
MO260220P00070000,70.0,12.05,7.45,11.15,2.0,0.0,0.6982452050781252,True,PUT,2026-02-20,MO
MO260220P00072500,72.5,8.12,13.75,17.2,2.0,1.0,1.1667522131347656,True,PUT,2026-02-20,MO
MO260220P00075000,75.0,17.12,12.3,15.95,,0.0,0.8227556787109375,True,PUT,2026-02-20,MO
MO260227C00056000,56.0,7.25,4.8,5.35,1.0,22.0,0.43628493408203123,True,CALL,2026-02-27,MO
MO260227C00057000,57.0,4.5,3.9,4.45,1.0,6.0,0.397466962890625,True,CALL,2026-02-27,MO
MO260227C00058000,58.0,5.13,2.85,4.35,5.0,4.0,0.47852083984375,True,CALL,2026-02-27,MO
MO260227C00059000,59.0,4.35,2.23,2.62,17.0,77.0,0.30249720947265624,True,CALL,2026-02-27,MO
MO260227C00060000,60.0,4.61,1.63,1.74,53.0,236.0,0.25049577636718745,True,CALL,2026-02-27,MO
MO260227C00061000,61.0,1.47,1.06,1.14,175.0,92.0,0.22730264892578123,False,CALL,2026-02-27,MO
MO260227C00062000,62.0,1.12,0.64,0.74,65.0,265.0,0.21826953613281247,False,CALL,2026-02-27,MO
MO260227C00063000,63.0,0.57,0.18,0.4,131.0,160.0,0.20093572509765623,False,CALL,2026-02-27,MO
MO260227C00064000,64.0,0.44,0.21,0.27,69.0,289.0,0.20850400878906244,False,CALL,2026-02-27,MO
MO260227C00065000,65.0,0.19,0.12,0.18,22.0,148.0,0.2148516015625,False,CALL,2026-02-27,MO
MO260227C00066000,66.0,0.17,0.06,0.14,6.0,181.0,0.229499892578125,False,CALL,2026-02-27,MO
MO260227C00067000,67.0,0.48,0.03,0.73,11.0,194.0,0.4155331884765625,False,CALL,2026-02-27,MO
MO260227C00068000,68.0,0.3,0.0,0.28,14.0,23.0,0.33447931152343746,False,CALL,2026-02-27,MO
MO260227C00070000,70.0,0.1,0.0,0.17,1.0,11.0,0.34668622070312494,False,CALL,2026-02-27,MO
MO260227P00050000,50.0,0.06,0.0,0.75,1.0,1.0,0.500005,False,PUT,2026-02-27,MO
MO260227P00051000,51.0,0.15,0.0,0.75,,1.0,0.5688519677734375,False,PUT,2026-02-27,MO
MO260227P00053000,53.0,0.27,0.0,0.95,,3.0,0.5210008837890624,False,PUT,2026-02-27,MO
MO260227P00054000,54.0,0.1,0.01,0.93,3.0,49.0,0.4672904833984375,False,PUT,2026-02-27,MO
MO260227P00055000,55.0,0.09,0.05,0.6,3.0,33.0,0.348639326171875,False,PUT,2026-02-27,MO
MO260227P00056000,56.0,0.15,0.12,0.31,10.0,72.0,0.23633576171874998,False,PUT,2026-02-27,MO
MO260227P00057000,57.0,0.25,0.19,0.25,12.0,103.0,0.180672255859375,False,PUT,2026-02-27,MO
MO260227P00058000,58.0,0.36,0.36,0.43,14.0,146.0,0.174812939453125,False,PUT,2026-02-27,MO
MO260227P00059000,59.0,0.61,0.57,0.64,35.0,18.0,0.15894395751953128,False,PUT,2026-02-27,MO
MO260227P00060000,60.0,0.85,0.93,0.99,142.0,25.0,0.14722532470703126,False,PUT,2026-02-27,MO
MO260227P00061000,61.0,1.37,1.33,1.42,490.0,16.0,0.1235439208984375,True,PUT,2026-02-27,MO
MO260227P00062000,62.0,1.88,1.77,2.0,386.0,22.0,0.07569283691406252,True,PUT,2026-02-27,MO
MO260227P00063000,63.0,2.22,2.27,2.86,6.0,15.0,1.0000000000000003e-05,True,PUT,2026-02-27,MO
MO260227P00065000,65.0,2.4,3.1,4.6,4.0,6.0,1.0000000000000003e-05,True,PUT,2026-02-27,MO
MO260306C00057000,57.0,6.49,4.0,6.2,2.0,6.0,0.6079140771484376,True,CALL,2026-03-06,MO
MO260306C00058000,58.0,4.07,3.2,3.55,22.0,16.0,0.31836619140624994,True,CALL,2026-03-06,MO
MO260306C00059000,59.0,3.44,2.36,2.81,3.0,6.0,0.2971261694335937,True,CALL,2026-03-06,MO
MO260306C00061000,61.0,1.43,1.25,1.5,3.0,53.0,0.25220474365234374,False,CALL,2026-03-06,MO
MO260306C00062000,62.0,0.95,0.73,0.98,2.0,36.0,0.23072058349609376,False,CALL,2026-03-06,MO
MO260306C00063000,63.0,0.6,0.49,0.55,79.0,39.0,0.20655090332031245,False,CALL,2026-03-06,MO
MO260306C00066000,66.0,0.13,0.04,0.14,16.0,45.0,0.20655090332031245,False,CALL,2026-03-06,MO
MO260306P00052000,52.0,0.07,0.0,0.75,1.0,2.0,0.47070841796875,False,PUT,2026-03-06,MO
MO260306P00057000,57.0,0.31,0.26,0.34,34.0,1.0,0.18189294677734374,False,PUT,2026-03-06,MO
MO260306P00058000,58.0,0.32,0.39,0.65,1.0,42.0,0.19361157958984376,False,PUT,2026-03-06,MO
MO260306P00059000,59.0,0.6,0.6,0.78,11.0,17.0,0.16333844482421878,False,PUT,2026-03-06,MO
MO260320C00042500,42.5,24.2,23.25,25.8,3240.0,0.0,1.8930669409179686,True,CALL,2026-03-20,MO
MO260320C00045000,45.0,17.8,15.6,17.75,1.0,6.0,0.850587431640625,True,CALL,2026-03-20,MO
MO260320C00047500,47.5,16.4,13.15,15.25,1.0,8.0,0.7448755981445312,True,CALL,2026-03-20,MO
MO260320C00050000,50.0,8.1,10.15,13.0,35.0,20.0,0.6162147753906251,True,CALL,2026-03-20,MO
MO260320C00052500,52.5,10.95,8.35,8.95,4.0,29.0,0.4924367163085938,True,CALL,2026-03-20,MO
MO260320C00055000,55.0,7.37,5.95,6.15,2.0,766.0,0.3461979443359374,True,CALL,2026-03-20,MO
MO260320C00057500,57.5,4.05,3.85,4.25,86.0,2379.0,0.3186103295898437,True,CALL,2026-03-20,MO
MO260320C00060000,60.0,2.26,2.04,2.14,241.0,8584.0,0.23633576171874998,True,CALL,2026-03-20,MO
MO260320C00062500,62.5,0.97,0.91,0.94,191.0,4675.0,0.2104571142578125,False,CALL,2026-03-20,MO
MO260320C00065000,65.0,0.42,0.32,0.35,492.0,4225.0,0.20069158691406247,False,CALL,2026-03-20,MO
MO260320C00067500,67.5,0.12,0.07,0.18,248.0,2195.0,0.2192460888671875,False,CALL,2026-03-20,MO
MO260320C00070000,70.0,0.07,0.05,0.09,480.0,1161.0,0.233406103515625,False,CALL,2026-03-20,MO
MO260320C00072500,72.5,0.12,0.0,0.61,16.0,604.0,0.42627526855468756,False,CALL,2026-03-20,MO
MO260320C00075000,75.0,0.07,0.0,0.62,2.0,3959.0,0.47949739257812496,False,CALL,2026-03-20,MO
MO260320P00042500,42.5,0.01,0.0,0.59,100.0,1201.0,0.5976602734375001,False,PUT,2026-03-20,MO
MO260320P00045000,45.0,0.03,0.0,0.03,65.0,2098.0,0.34570966796874997,False,PUT,2026-03-20,MO
MO260320P00047500,47.5,0.03,0.0,0.2,1.0,378.0,0.40039662109375,False,PUT,2026-03-20,MO
MO260320P00050000,50.0,0.06,0.05,0.09,7.0,1526.0,0.278327529296875,False,PUT,2026-03-20,MO
MO260320P00052500,52.5,0.13,0.09,0.13,1.0,1148.0,0.233406103515625,False,PUT,2026-03-20,MO
MO260320P00055000,55.0,0.14,0.13,0.25,48.0,3834.0,0.1992267578125,False,PUT,2026-03-20,MO
MO260320P00057500,57.5,0.56,0.54,0.58,110.0,4788.0,0.17456880126953128,False,PUT,2026-03-20,MO
MO260320P00060000,60.0,1.27,1.24,1.31,1250.0,7345.0,0.14917843017578125,False,PUT,2026-03-20,MO
MO260320P00062500,62.5,2.55,2.47,2.81,759.0,8687.0,0.13257703369140628,True,PUT,2026-03-20,MO
MO260320P00065000,65.0,3.32,3.6,4.75,205.0,937.0,1.0000000000000003e-05,True,PUT,2026-03-20,MO
MO260320P00067500,67.5,4.1,5.0,7.75,33.0,128.0,0.2500075,True,PUT,2026-03-20,MO
MO260320P00070000,70.0,12.5,7.35,11.0,70.0,4.0,0.4470270141601562,True,PUT,2026-03-20,MO
MO260320P00072500,72.5,8.28,7.1,7.95,2.0,1.0,1.0000000000000003e-05,True,PUT,2026-03-20,MO
MO260320P00075000,75.0,15.6,12.4,16.0,50.0,2.0,0.5629926513671876,True,PUT,2026-03-20,MO
MO260618C00042500,42.5,16.35,17.75,20.4,1800.0,0.0,0.5671430004882813,True,CALL,2026-06-18,MO
MO260618C00045000,45.0,18.57,15.55,17.95,4.0,434.0,0.5202684692382812,True,CALL,2026-06-18,MO
MO260618C00047500,47.5,11.4,12.6,15.5,1.0,17.0,0.5786174951171875,True,CALL,2026-06-18,MO
MO260618C00050000,50.0,13.6,10.8,13.1,3.0,155.0,0.5128222546386718,True,CALL,2026-06-18,MO
MO260618C00052500,52.5,11.15,8.55,10.75,1.0,151.0,0.45093322509765627,True,CALL,2026-06-18,MO
MO260618C00055000,55.0,7.35,6.3,6.55,5.0,1028.0,0.24243921630859372,True,CALL,2026-06-18,MO
MO260618C00057500,57.5,4.66,4.55,4.8,227.0,2097.0,0.23157506713867188,True,CALL,2026-06-18,MO
MO260618C00060000,60.0,3.15,3.0,3.2,170.0,3740.0,0.2133867724609375,True,CALL,2026-06-18,MO
MO260618C00062500,62.5,1.9,1.8,2.02,671.0,6023.0,0.2036212451171875,False,CALL,2026-06-18,MO
MO260618C00065000,65.0,1.3,1.04,1.23,898.0,6959.0,0.19983710327148438,False,CALL,2026-06-18,MO
MO260618C00067500,67.5,0.71,0.57,0.69,19.0,1975.0,0.195320546875,False,CALL,2026-06-18,MO
MO260618C00070000,70.0,0.53,0.34,0.44,109.0,2545.0,0.2024005541992187,False,CALL,2026-06-18,MO
MO260618C00072500,72.5,0.28,0.18,0.24,1.0,375.0,0.2016681396484375,False,CALL,2026-06-18,MO
MO260618C00075000,75.0,0.14,0.01,0.2,1.0,628.0,0.21973436523437498,False,CALL,2026-06-18,MO
MO260618P00042500,42.5,0.12,0.01,0.32,11.0,306.0,0.3657289990234375,False,PUT,2026-06-18,MO
MO260618P00045000,45.0,0.27,0.08,0.27,1.0,786.0,0.3042061767578125,False,PUT,2026-06-18,MO
MO260618P00047500,47.5,0.24,0.13,0.5,3.0,4706.0,0.3007882421875,False,PUT,2026-06-18,MO
MO260618P00050000,50.0,0.45,0.39,0.49,24.0,3432.0,0.24878680908203127,False,PUT,2026-06-18,MO
MO260618P00052500,52.5,0.74,0.67,0.81,117.0,1972.0,0.23694610717773437,False,PUT,2026-06-18,MO
MO260618P00055000,55.0,1.15,1.18,1.33,99.0,2273.0,0.22827920166015625,False,PUT,2026-06-18,MO
MO260618P00057500,57.5,2.0,1.91,2.1,80.0,2480.0,0.22095505615234373,False,PUT,2026-06-18,MO
MO260618P00060000,60.0,3.05,2.99,3.25,158.0,3154.0,0.22034471069335934,False,PUT,2026-06-18,MO
MO260618P00062500,62.5,4.5,4.35,4.65,141.0,751.0,0.2161943615722656,True,PUT,2026-06-18,MO
MO260618P00065000,65.0,5.82,5.95,6.6,12.0,2947.0,0.23242955078125,True,PUT,2026-06-18,MO
MO260618P00067500,67.5,6.35,7.55,8.55,4.0,656.0,0.23389437988281248,True,PUT,2026-06-18,MO
MO260618P00070000,70.0,8.5,8.85,10.85,1.0,293.0,0.25440198730468755,True,PUT,2026-06-18,MO
MO260618P00072500,72.5,15.6,15.5,0.0,1.0,20.0,1.0000000000000003e-05,True,PUT,2026-06-18,MO
MO260618P00075000,75.0,17.92,13.3,15.6,1.0,24.0,0.29273168212890616,True,PUT,2026-06-18,MO
MO260918C00042500,42.5,17.79,18.05,20.4,42.0,12.0,0.5632367895507813,True,CALL,2026-09-18,MO
MO260918C00045000,45.0,18.35,15.35,17.95,12.0,10.0,0.50586431640625,True,CALL,2026-09-18,MO
MO260918C00047500,47.5,15.82,13.25,15.45,1.0,5.0,0.4464166687011719,True,CALL,2026-09-18,MO
MO260918C00050000,50.0,13.37,10.85,13.15,2.0,48.0,0.4023497265625,True,CALL,2026-09-18,MO
MO260918C00052500,52.5,9.5,8.7,10.85,6.0,65.0,0.3570620935058594,True,CALL,2026-09-18,MO
MO260918C00055000,55.0,7.89,6.65,7.35,1.0,1313.0,0.2386550744628906,True,CALL,2026-09-18,MO
MO260918C00057500,57.5,5.3,5.0,5.65,3.0,447.0,0.22730264892578123,True,CALL,2026-09-18,MO
MO260918C00060000,60.0,3.98,3.55,4.1,8.0,893.0,0.21314263427734376,True,CALL,2026-09-18,MO
MO260918C00062500,62.5,2.54,2.52,2.85,4.0,1169.0,0.20264469238281246,False,CALL,2026-09-18,MO
MO260918C00065000,65.0,1.85,1.68,1.93,15.0,1491.0,0.19678537597656248,False,CALL,2026-09-18,MO
MO260918C00067500,67.5,1.93,1.05,1.41,9.0,1191.0,0.20227848510742186,False,CALL,2026-09-18,MO
MO260918C00070000,70.0,1.0,0.67,0.95,21.0,2384.0,0.20142400146484374,False,CALL,2026-09-18,MO
MO260918C00072500,72.5,0.56,0.44,0.61,1.0,1666.0,0.19947089599609374,False,CALL,2026-09-18,MO
MO260918C00075000,75.0,0.4,0.3,0.61,1.0,621.0,0.22339643798828124,False,CALL,2026-09-18,MO
MO260918P00042500,42.5,0.25,0.11,0.39,2.0,86.0,0.2978585839843749,False,PUT,2026-09-18,MO
MO260918P00045000,45.0,0.36,0.33,0.5,2.0,1141.0,0.274421318359375,False,PUT,2026-09-18,MO
MO260918P00047500,47.5,0.56,0.52,0.63,7.0,167.0,0.25012956909179684,False,PUT,2026-09-18,MO
MO260918P00050000,50.0,0.82,0.79,0.97,8.0,648.0,0.24195093994140626,False,PUT,2026-09-18,MO
MO260918P00052500,52.5,1.35,1.23,1.47,10.0,662.0,0.2356033471679687,False,PUT,2026-09-18,MO
MO260918P00055000,55.0,1.83,1.79,2.16,7.0,2652.0,0.23023230712890624,False,PUT,2026-09-18,MO
MO260918P00057500,57.5,3.01,2.67,3.05,135.0,856.0,0.22473919799804684,False,PUT,2026-09-18,MO
MO260918P00060000,60.0,4.05,3.85,4.3,71.0,1824.0,0.2264481652832031,False,PUT,2026-09-18,MO
MO260918P00062500,62.5,4.25,5.2,5.85,3.0,476.0,0.23194127441406248,True,PUT,2026-09-18,MO
MO260918P00065000,65.0,4.45,6.95,7.6,6.0,275.0,0.23731231445312498,True,PUT,2026-09-18,MO
MO260918P00067500,67.5,8.1,8.55,9.4,1.0,362.0,0.23596955444335935,True,PUT,2026-09-18,MO
MO260918P00070000,70.0,10.71,9.6,11.45,4.0,16.0,0.24085231811523436,True,PUT,2026-09-18,MO
MO260918P00072500,72.5,14.11,11.75,13.7,6.0,4.0,0.25269302001953126,True,PUT,2026-09-18,MO
MO260918P00075000,75.0,14.0,17.35,18.6,2.0,9.0,0.4348201049804688,True,PUT,2026-09-18,MO
MO261218C00042500,42.5,21.15,16.75,20.4,1.0,29.0,0.4776663562011719,True,CALL,2026-12-18,MO
MO261218C00045000,45.0,10.85,14.1,18.0,,36.0,0.4322566540527344,True,CALL,2026-12-18,MO
MO261218C00047500,47.5,10.86,13.3,15.5,139.0,144.0,0.3815979809570312,True,CALL,2026-12-18,MO
MO261218C00050000,50.0,13.25,10.4,13.1,8.0,355.0,0.3382634533691406,True,CALL,2026-12-18,MO
MO261218C00052500,52.5,10.88,8.85,11.15,20.0,49.0,0.31873239868164055,True,CALL,2026-12-18,MO
MO261218C00055000,55.0,9.7,7.25,7.85,3.0,419.0,0.22791299438476562,True,CALL,2026-12-18,MO
MO261218C00057500,57.5,6.09,5.45,6.1,2.0,715.0,0.21375297973632812,True,CALL,2026-12-18,MO
MO261218C00060000,60.0,4.65,4.15,4.55,2.0,3312.0,0.20075262145996092,True,CALL,2026-12-18,MO
MO261218C00062500,62.5,3.44,3.05,3.3,4.0,429.0,0.1920246813964844,False,CALL,2026-12-18,MO
MO261218C00065000,65.0,2.62,2.14,2.6,32.0,675.0,0.19873848144531248,False,CALL,2026-12-18,MO
MO261218C00067500,67.5,1.62,1.43,1.8,1.0,408.0,0.19214675048828128,False,CALL,2026-12-18,MO
MO261218C00070000,70.0,1.3,1.06,1.39,45.0,244.0,0.19763985961914063,False,CALL,2026-12-18,MO
MO261218C00072500,72.5,0.82,0.53,1.04,1.0,201.0,0.2004474487304687,False,CALL,2026-12-18,MO
MO261218C00075000,75.0,0.55,0.25,0.77,2.0,144.0,0.20252262329101559,False,CALL,2026-12-18,MO
MO261218P00042500,42.5,0.48,0.13,0.52,1.0,242.0,0.2710033837890625,False,PUT,2026-12-18,MO
MO261218P00045000,45.0,0.56,0.52,0.79,12.0,55.0,0.2647778601074219,False,PUT,2026-12-18,MO
MO261218P00047500,47.5,0.7,0.76,1.17,108.0,51.0,0.25952888916015626,False,PUT,2026-12-18,MO
MO261218P00050000,50.0,0.98,1.11,1.51,5.0,91.0,0.2436599072265625,False,PUT,2026-12-18,MO
MO261218P00052500,52.5,1.35,1.59,1.95,1.0,476.0,0.22840127075195313,False,PUT,2026-12-18,MO
MO261218P00055000,55.0,2.52,2.26,2.69,203.0,1109.0,0.2225419543457031,False,PUT,2026-12-18,MO
MO261218P00057500,57.5,2.97,3.1,3.9,1.0,2369.0,0.23023230712890624,False,PUT,2026-12-18,MO
MO261218P00060000,60.0,3.86,4.25,5.05,1.0,85.0,0.2254716125488281,False,PUT,2026-12-18,MO
MO261218P00062500,62.5,4.9,6.1,6.6,6.0,34.0,0.23011023803710937,True,PUT,2026-12-18,MO
MO261218P00065000,65.0,7.3,7.3,7.9,4.0,30.0,0.21521780883789063,True,PUT,2026-12-18,MO
MO261218P00070000,70.0,10.0,10.5,12.0,2.0,27.0,0.23419955261230468,True,PUT,2026-12-18,MO
MO261218P00072500,72.5,13.0,11.75,14.05,,6.0,0.23548127807617186,True,PUT,2026-12-18,MO
MO261218P00075000,75.0,18.2,13.95,16.8,,1.0,0.2738109729003906,True,PUT,2026-12-18,MO
MO270115C00042500,42.5,19.1,17.1,20.6,1.0,26.0,0.4720511779785156,True,CALL,2027-01-15,MO
MO270115C00045000,45.0,16.8,14.55,17.4,1.0,67.0,0.3751283190917969,True,CALL,2027-01-15,MO
MO270115C00047500,47.5,14.47,13.3,15.6,1.0,6.0,0.372076591796875,True,CALL,2027-01-15,MO
MO270115C00050000,50.0,11.25,10.9,11.5,62.0,762.0,0.229499892578125,True,CALL,2027-01-15,MO
MO270115C00052500,52.5,9.31,8.95,9.85,1.0,975.0,0.23798369445800777,True,CALL,2027-01-15,MO
MO270115C00055000,55.0,7.62,7.2,7.55,18.0,2640.0,0.2039874523925781,True,CALL,2027-01-15,MO
MO270115C00057500,57.5,5.92,4.85,6.15,11.0,2552.0,0.20728331787109372,True,CALL,2027-01-15,MO
MO270115C00060000,60.0,4.3,4.3,4.35,50.0,3924.0,0.1840901904296875,True,CALL,2027-01-15,MO
MO270115C00062500,62.5,3.4,3.15,3.6,38.0,1800.0,0.19702951416015624,False,CALL,2027-01-15,MO
MO270115C00065000,65.0,2.5,2.33,2.65,30.0,2762.0,0.1928791650390625,False,CALL,2027-01-15,MO
MO270115C00067500,67.5,1.53,1.64,1.97,22.0,2215.0,0.1926960614013672,False,CALL,2027-01-15,MO
MO270115C00070000,70.0,1.35,1.25,1.41,14.0,1754.0,0.19068192138671874,False,CALL,2027-01-15,MO
MO270115C00072500,72.5,0.8,0.8,1.09,2.0,277.0,0.19544261596679688,False,CALL,2027-01-15,MO
MO270115C00075000,75.0,1.15,0.55,0.81,24.0,1540.0,0.19727365234375,False,CALL,2027-01-15,MO
MO270115P00042500,42.5,0.52,0.33,0.59,20.0,933.0,0.2688061401367187,False,PUT,2027-01-15,MO
MO270115P00045000,45.0,0.65,0.63,0.97,9.0,460.0,0.27075924560546877,False,PUT,2027-01-15,MO
MO270115P00047500,47.5,0.89,0.91,1.3,12.0,1051.0,0.25879647460937505,False,PUT,2027-01-15,MO
MO270115P00050000,50.0,1.5,1.48,1.6,36.0,3246.0,0.2395095581054687,False,PUT,2027-01-15,MO
MO270115P00052500,52.5,1.69,1.84,2.28,22.0,2262.0,0.2371902453613281,False,PUT,2027-01-15,MO
MO270115P00055000,55.0,3.0,2.72,3.1,13.0,1713.0,0.233406103515625,False,PUT,2027-01-15,MO
MO270115P00057500,57.5,2.99,3.45,4.1,25.0,658.0,0.22980506530761718,False,PUT,2027-01-15,MO
MO270115P00060000,60.0,5.25,4.85,5.3,81.0,1535.0,0.22705851074218747,False,PUT,2027-01-15,MO
MO270115P00062500,62.5,5.25,6.1,6.75,94.0,300.0,0.22718057983398435,True,PUT,2027-01-15,MO
MO270115P00065000,65.0,6.29,8.0,8.45,12.0,346.0,0.23072058349609376,True,PUT,2027-01-15,MO
MO270115P00067500,67.5,12.55,0.0,0.0,2.0,101.0,1.0000000000000003e-05,True,PUT,2027-01-15,MO
MO270115P00070000,70.0,11.7,10.6,13.1,10.0,199.0,0.27771718383789057,True,PUT,2027-01-15,MO
MO270115P00072500,72.5,18.81,12.2,15.15,3.0,204.0,0.2830882238769531,True,PUT,2027-01-15,MO
MO270115P00075000,75.0,15.83,14.35,16.95,1.0,99.0,0.2710033837890625,True,PUT,2027-01-15,MO
MO280121C00042500,42.5,13.0,16.5,21.0,8.0,4.0,0.3481510498046875,True,CALL,2028-01-21,MO
MO280121C00045000,45.0,16.95,14.0,18.5,1.0,54.0,0.3113472186279296,True,CALL,2028-01-21,MO
MO280121C00047500,47.5,11.2,13.0,16.0,5.0,128.0,0.27600821655273433,True,CALL,2028-01-21,MO
MO280121C00050000,50.0,12.55,10.9,12.75,2.0,197.0,0.21253228881835937,True,CALL,2028-01-21,MO
MO280121C00052500,52.5,10.15,8.75,10.95,1.0,124.0,0.2061236614990234,True,CALL,2028-01-21,MO
MO280121C00055000,55.0,9.4,6.85,10.0,5.0,284.0,0.22364057617187497,True,CALL,2028-01-21,MO
MO280121C00057500,57.5,6.78,6.35,7.35,11.0,312.0,0.1818319122314453,True,CALL,2028-01-21,MO
MO280121C00060000,60.0,5.54,4.85,5.8,11.0,640.0,0.1715781085205078,True,CALL,2028-01-21,MO
MO280121C00062500,62.5,4.9,4.2,5.2,4.0,266.0,0.18494467407226559,False,CALL,2028-01-21,MO
MO280121C00065000,65.0,4.01,3.4,4.5,7.0,467.0,0.19098709411621095,False,CALL,2028-01-21,MO
MO280121C00067500,67.5,4.08,2.7,3.95,16.0,175.0,0.19788399780273438,False,CALL,2028-01-21,MO
MO280121C00070000,70.0,2.65,1.91,3.35,3.0,608.0,0.19995917236328126,False,CALL,2028-01-21,MO
MO280121C00072500,72.5,2.77,1.43,2.82,40.0,115.0,0.20130193237304686,False,CALL,2028-01-21,MO
MO280121C00075000,75.0,1.5,1.18,2.0,1.0,231.0,0.1887898504638672,False,CALL,2028-01-21,MO
MO280121P00042500,42.5,1.41,0.78,2.23,14.0,30.0,0.288947540283203,False,PUT,2028-01-21,MO
MO280121P00045000,45.0,2.0,1.76,2.75,2.0,428.0,0.2805247729492187,False,PUT,2028-01-21,MO
MO280121P00047500,47.5,2.4,2.34,3.4,2.0,121.0,0.2742992492675781,False,PUT,2028-01-21,MO
MO280121P00050000,50.0,3.0,3.05,4.0,4.0,384.0,0.26282475463867194,False,PUT,2028-01-21,MO
MO280121P00052500,52.5,4.1,3.95,5.0,1.0,450.0,0.2624585473632813,False,PUT,2028-01-21,MO
MO280121P00055000,55.0,5.15,4.9,5.45,150.0,429.0,0.24024197265624997,False,PUT,2028-01-21,MO
MO280121P00057500,57.5,5.68,5.55,8.1,1.0,269.0,0.2845530529785155,False,PUT,2028-01-21,MO
MO280121P00060000,60.0,7.54,7.05,7.75,21.0,256.0,0.23194127441406248,False,PUT,2028-01-21,MO
MO280121P00062500,62.5,8.55,8.05,9.95,1.0,106.0,0.2536085382080079,True,PUT,2028-01-21,MO
MO280121P00065000,65.0,10.15,9.35,11.35,10.0,118.0,0.24805439453125,True,PUT,2028-01-21,MO
MO280121P00067500,67.5,11.6,10.9,13.45,9.0,22.0,0.2603833728027344,True,PUT,2028-01-21,MO
MO280121P00070000,70.0,13.3,12.2,15.0,4.0,31.0,0.25354750366210943,True,PUT,2028-01-21,MO
MO280121P00072500,72.5,15.25,14.0,16.9,4.0,6.0,0.2548292291259766,True,PUT,2028-01-21,MO
MO280121P00075000,75.0,16.65,16.0,19.0,2.0,25.0,0.260200269165039,True,PUT,2028-01-21,MO
MP260130C00045000,45.0,24.02,14.8,17.3,1.0,6.0,3.5820322949218752,True,CALL,2026-01-30,MP
MP260130C00046000,46.0,20.22,13.6,16.2,1.0,11.0,3.2617205957031246,True,CALL,2026-01-30,MP
MP260130C00047000,47.0,12.13,12.8,15.25,1.0,2.0,3.1406271484375,True,CALL,2026-01-30,MP
MP260130C00049000,49.0,13.28,10.8,13.25,1.0,5.0,2.777346806640625,True,CALL,2026-01-30,MP
MP260130C00050000,50.0,11.09,9.85,12.25,3.0,17.0,2.5976597558593753,True,CALL,2026-01-30,MP
MP260130C00051000,51.0,10.2,8.85,11.3,2.0,11.0,2.4707069482421877,True,CALL,2026-01-30,MP
MP260130C00052000,52.0,14.32,7.85,10.3,1.0,17.0,2.291019897460937,True,CALL,2026-01-30,MP
MP260130C00053000,53.0,14.28,6.85,9.25,4.0,19.0,2.064457963867187,True,CALL,2026-01-30,MP
MP260130C00054000,54.0,12.8,5.85,7.6,3.0,20.0,1.109379453125,True,CALL,2026-01-30,MP
MP260130C00055000,55.0,6.4,5.15,6.4,29.0,178.0,1.0000000000000003e-05,True,CALL,2026-01-30,MP
MP260130C00056000,56.0,10.15,3.9,6.4,1.0,101.0,1.650392373046875,True,CALL,2026-01-30,MP
MP260130C00057000,57.0,3.65,3.3,4.35,13.0,81.0,1.0000000000000003e-05,True,CALL,2026-01-30,MP
MP260130C00058000,58.0,3.27,3.0,3.65,140.0,177.0,0.6601596484375001,True,CALL,2026-01-30,MP
MP260130C00059000,59.0,2.59,2.51,2.89,119.0,335.0,0.5644574804687501,True,CALL,2026-01-30,MP
MP260130C00060000,60.0,1.82,1.94,2.05,4198.0,1657.0,0.6113320117187502,True,CALL,2026-01-30,MP
MP260130C00061000,61.0,1.4,1.34,1.63,476.0,354.0,0.6787141503906251,True,CALL,2026-01-30,MP
MP260130C00062000,62.0,1.11,0.98,1.12,1653.0,470.0,0.708010732421875,False,CALL,2026-01-30,MP
MP260130C00063000,63.0,0.6,0.54,0.75,1403.0,1713.0,0.68555001953125,False,CALL,2026-01-30,MP
MP260130C00064000,64.0,0.49,0.41,0.49,509.0,617.0,0.729494892578125,False,CALL,2026-01-30,MP
MP260130C00065000,65.0,0.32,0.15,0.32,1179.0,887.0,0.6972686523437501,False,CALL,2026-01-30,MP
MP260130C00066000,66.0,0.18,0.16,0.26,606.0,838.0,0.79687703125,False,CALL,2026-01-30,MP
MP260130C00067000,67.0,0.11,0.08,0.23,435.0,839.0,0.8437515624999999,False,CALL,2026-01-30,MP
MP260130C00068000,68.0,0.09,0.08,0.14,278.0,2090.0,0.8789074609374999,False,CALL,2026-01-30,MP
MP260130C00069000,69.0,0.07,0.06,0.26,291.0,622.0,1.05859845703125,False,CALL,2026-01-30,MP
MP260130C00070000,70.0,0.06,0.05,0.07,590.0,3918.0,0.9531254687499999,False,CALL,2026-01-30,MP
MP260130C00071000,71.0,0.04,0.04,0.05,125.0,1408.0,0.992187578125,False,CALL,2026-01-30,MP
MP260130C00072000,72.0,0.03,0.03,0.06,253.0,1004.0,1.0703171484375003,False,CALL,2026-01-30,MP
MP260130C00073000,73.0,0.03,0.02,0.25,30.0,894.0,1.3867218164062498,False,CALL,2026-01-30,MP
MP260130C00074000,74.0,0.03,0.03,0.04,19.0,508.0,1.171879140625,False,CALL,2026-01-30,MP
MP260130C00075000,75.0,0.02,0.02,0.03,169.0,3301.0,1.1875040625,False,CALL,2026-01-30,MP
MP260130C00076000,76.0,0.02,0.02,0.05,11.0,377.0,1.3125034374999998,False,CALL,2026-01-30,MP
MP260130C00077000,77.0,0.06,0.0,0.28,109.0,795.0,1.7304700976562502,False,CALL,2026-01-30,MP
MP260130C00078000,78.0,0.03,0.01,0.24,20.0,638.0,1.7734386328124998,False,CALL,2026-01-30,MP
MP260130C00079000,79.0,0.02,0.02,0.05,22.0,273.0,1.5156274218749999,False,CALL,2026-01-30,MP
MP260130P00044000,44.0,0.04,0.0,0.75,10.0,74.0,3.0859397851562496,False,PUT,2026-01-30,MP
MP260130P00045000,45.0,0.02,0.0,0.06,1.0,702.0,1.875000625,False,PUT,2026-01-30,MP
MP260130P00046000,46.0,0.01,0.0,0.15,20.0,2045.0,2.000005,False,PUT,2026-01-30,MP
MP260130P00047000,47.0,0.01,0.0,2.13,2.0,30.0,3.488282529296875,False,PUT,2026-01-30,MP
MP260130P00048000,48.0,0.02,0.0,0.28,2.0,105.0,1.953125234375,False,PUT,2026-01-30,MP
MP260130P00049000,49.0,0.05,0.0,0.75,2.0,189.0,2.269535576171875,False,PUT,2026-01-30,MP
MP260130P00050000,50.0,0.03,0.01,0.05,87.0,1424.0,1.2968785156249998,False,PUT,2026-01-30,MP
MP260130P00051000,51.0,0.05,0.01,0.06,8.0,47.0,1.21875390625,False,PUT,2026-01-30,MP
MP260130P00052000,52.0,0.1,0.01,0.23,3.0,114.0,1.3750031249999999,False,PUT,2026-01-30,MP
MP260130P00053000,53.0,0.05,0.0,0.25,3.0,262.0,1.2578162109375,False,PUT,2026-01-30,MP
MP260130P00054000,54.0,0.11,0.01,0.05,9.0,199.0,0.867188828125,False,PUT,2026-01-30,MP
MP260130P00055000,55.0,0.05,0.01,0.12,495.0,786.0,0.87500125,False,PUT,2026-01-30,MP
MP260130P00056000,56.0,0.11,0.01,0.15,427.0,852.0,0.789064609375,False,PUT,2026-01-30,MP
MP260130P00057000,57.0,0.24,0.11,0.25,187.0,674.0,0.8164080859374999,False,PUT,2026-01-30,MP
MP260130P00058000,58.0,0.3,0.22,0.34,638.0,626.0,0.77929908203125,False,PUT,2026-01-30,MP
MP260130P00059000,59.0,0.62,0.47,0.65,560.0,575.0,0.8339860351562498,False,PUT,2026-01-30,MP
MP260130P00060000,60.0,0.81,0.69,1.02,1281.0,1375.0,0.8251970605468748,False,PUT,2026-01-30,MP
MP260130P00061000,61.0,1.52,1.06,1.35,327.0,572.0,0.7929708203125,False,PUT,2026-01-30,MP
MP260130P00062000,62.0,1.8,1.65,2.19,387.0,1128.0,0.905274384765625,True,PUT,2026-01-30,MP
MP260130P00063000,63.0,2.96,2.36,2.6,547.0,1012.0,0.875977802734375,True,PUT,2026-01-30,MP
MP260130P00064000,64.0,3.86,2.92,3.8,186.0,674.0,0.99023447265625,True,PUT,2026-01-30,MP
MP260130P00065000,65.0,4.53,4.0,4.7,254.0,2059.0,1.15234798828125,True,PUT,2026-01-30,MP
MP260130P00066000,66.0,5.4,4.75,5.85,89.0,442.0,1.2734411328124997,True,PUT,2026-01-30,MP
MP260130P00067000,67.0,6.17,5.65,7.3,127.0,384.0,1.5449241503906248,True,PUT,2026-01-30,MP
MP260130P00068000,68.0,7.92,6.6,7.8,17.0,238.0,1.478518232421875,True,PUT,2026-01-30,MP
MP260130P00069000,69.0,8.42,7.45,8.85,12.0,119.0,1.5664084179687499,True,PUT,2026-01-30,MP
MP260130P00070000,70.0,9.06,8.5,10.2,16.0,397.0,1.857422587890625,True,PUT,2026-01-30,MP
MP260130P00071000,71.0,3.9,8.8,11.2,17.0,59.0,1.6621110644531252,True,PUT,2026-01-30,MP
MP260130P00072000,72.0,11.85,9.95,12.2,1.0,148.0,1.8476570117187499,True,PUT,2026-01-30,MP
MP260130P00073000,73.0,7.55,10.9,13.2,2.0,5.0,1.931640966796875,True,PUT,2026-01-30,MP
MP260130P00074000,74.0,12.76,11.8,14.35,13.0,5.0,2.0625048437499998,True,PUT,2026-01-30,MP
MP260130P00075000,75.0,9.15,12.8,15.2,1.0,24.0,2.080082924804687,True,PUT,2026-01-30,MP
MP260130P00076000,76.0,10.05,13.8,16.2,1.0,16.0,2.177738930664062,True,PUT,2026-01-30,MP
MP260130P00078000,78.0,18.35,15.8,18.25,2.0,10.0,2.394535263671875,True,PUT,2026-01-30,MP
MP260206C00044000,44.0,20.56,15.85,18.35,1.0,2.0,1.8115243798828122,True,CALL,2026-02-06,MP
MP260206C00045000,45.0,23.0,14.85,17.35,,2.0,1.71875140625,True,CALL,2026-02-06,MP
MP260206C00050000,50.0,10.0,10.05,11.95,1.0,106.0,1.0546922265625,True,CALL,2026-02-06,MP
MP260206C00051000,51.0,11.37,9.1,11.55,2.0,6.0,1.2793004785156248,True,CALL,2026-02-06,MP
MP260206C00052000,52.0,12.83,8.15,10.6,5.0,1.0,1.2109414453124998,True,CALL,2026-02-06,MP
MP260206C00053000,53.0,13.92,7.05,9.7,1.0,8.0,1.16016044921875,True,CALL,2026-02-06,MP
MP260206C00054000,54.0,7.66,6.85,8.35,111.0,67.0,0.523442265625,True,CALL,2026-02-06,MP
MP260206C00055000,55.0,6.36,6.0,7.25,3.0,21.0,0.805666005859375,True,CALL,2026-02-06,MP
MP260206C00056000,56.0,5.85,5.55,6.4,5.0,28.0,0.6098671826171876,True,CALL,2026-02-06,MP
MP260206C00057000,57.0,5.29,4.55,5.75,21.0,29.0,0.5996133789062501,True,CALL,2026-02-06,MP
MP260206C00058000,58.0,4.35,4.5,5.1,18.0,91.0,0.7241238525390624,True,CALL,2026-02-06,MP
MP260206C00059000,59.0,3.95,3.95,4.6,26.0,26.0,0.7587914746093751,True,CALL,2026-02-06,MP
MP260206C00060000,60.0,3.48,3.45,3.85,144.0,262.0,0.7485376708984376,True,CALL,2026-02-06,MP
MP260206C00061000,61.0,3.15,2.98,3.5,151.0,197.0,0.780275634765625,True,CALL,2026-02-06,MP
MP260206C00062000,62.0,2.6,2.55,2.84,141.0,77.0,0.7617211328125001,False,CALL,2026-02-06,MP
MP260206C00063000,63.0,2.3,2.22,2.53,76.0,79.0,0.7885763330078125,False,CALL,2026-02-06,MP
MP260206C00064000,64.0,1.95,1.9,2.12,101.0,154.0,0.79101771484375,False,CALL,2026-02-06,MP
MP260206C00065000,65.0,1.7,1.63,1.89,521.0,405.0,0.8125018749999999,False,CALL,2026-02-06,MP
MP260206C00066000,66.0,1.18,1.27,1.67,120.0,191.0,0.8120135986328124,False,CALL,2026-02-06,MP
MP260206C00067000,67.0,1.25,1.25,1.41,168.0,184.0,0.8457046679687499,False,CALL,2026-02-06,MP
MP260206C00068000,68.0,0.9,1.0,1.27,96.0,316.0,0.8544936425781251,False,CALL,2026-02-06,MP
MP260206C00069000,69.0,0.77,0.83,1.0,149.0,367.0,0.8442398388671875,False,CALL,2026-02-06,MP
MP260206C00070000,70.0,0.75,0.68,0.84,273.0,1678.0,0.8466812207031249,False,CALL,2026-02-06,MP
MP260206C00071000,71.0,0.62,0.57,0.78,71.0,256.0,0.86914193359375,False,CALL,2026-02-06,MP
MP260206C00072000,72.0,0.53,0.47,0.75,30.0,690.0,0.8945323046874999,False,CALL,2026-02-06,MP
MP260206C00073000,73.0,0.48,0.39,0.69,81.0,96.0,0.91211025390625,False,CALL,2026-02-06,MP
MP260206C00074000,74.0,0.37,0.33,0.69,41.0,195.0,0.946289599609375,False,CALL,2026-02-06,MP
MP260206C00075000,75.0,0.36,0.3,0.62,145.0,732.0,0.96679720703125,False,CALL,2026-02-06,MP
MP260206C00076000,76.0,0.26,0.27,0.52,17.0,117.0,0.97460962890625,False,CALL,2026-02-06,MP
MP260206C00077000,77.0,0.24,0.23,0.5,9.0,71.0,0.99804689453125,False,CALL,2026-02-06,MP
MP260206C00078000,78.0,0.21,0.15,0.25,10.0,77.0,0.913086806640625,False,CALL,2026-02-06,MP
MP260206C00079000,79.0,0.38,0.0,0.46,1.0,24.0,0.9785158398437501,False,CALL,2026-02-06,MP
MP260206P00044000,44.0,0.08,0.0,0.3,1.0,2.0,1.203128984375,False,PUT,2026-02-06,MP
MP260206P00045000,45.0,0.1,0.0,0.28,15.0,64.0,1.119145029296875,False,PUT,2026-02-06,MP
MP260206P00046000,46.0,0.08,0.0,0.07,7.0,12.0,0.8437515624999999,False,PUT,2026-02-06,MP
MP260206P00047000,47.0,0.35,0.0,0.97,2.0,14.0,1.3027378613281246,False,PUT,2026-02-06,MP
MP260206P00048000,48.0,0.14,0.0,0.12,4.0,24.0,0.7929708203125,False,PUT,2026-02-06,MP
MP260206P00049000,49.0,0.08,0.0,1.4,3.0,15.0,1.2734411328124997,False,PUT,2026-02-06,MP
MP260206P00050000,50.0,0.18,0.11,0.2,19.0,2042.0,0.8105487695312499,False,PUT,2026-02-06,MP
MP260206P00051000,51.0,0.24,0.13,0.31,23.0,19.0,0.80664255859375,False,PUT,2026-02-06,MP
MP260206P00052000,52.0,0.31,0.21,0.44,77.0,138.0,0.8164080859374999,False,PUT,2026-02-06,MP
MP260206P00053000,53.0,0.47,0.35,0.53,30.0,140.0,0.8125018749999999,False,PUT,2026-02-06,MP
MP260206P00054000,54.0,0.64,0.32,0.65,66.0,90.0,0.7607445800781252,False,PUT,2026-02-06,MP
MP260206P00055000,55.0,0.78,0.65,0.87,1278.0,298.0,0.8037129003906249,False,PUT,2026-02-06,MP
MP260206P00056000,56.0,1.05,0.94,1.13,92.0,287.0,0.8212908496093749,False,PUT,2026-02-06,MP
MP260206P00057000,57.0,1.2,1.23,1.6,44.0,147.0,0.8535170898437501,False,PUT,2026-02-06,MP
MP260206P00058000,58.0,1.76,1.44,1.73,123.0,342.0,0.805666005859375,False,PUT,2026-02-06,MP
MP260206P00059000,59.0,2.25,1.85,2.17,157.0,703.0,0.8208025732421874,False,PUT,2026-02-06,MP
MP260206P00060000,60.0,2.65,2.25,2.58,527.0,767.0,0.815431533203125,False,PUT,2026-02-06,MP
MP260206P00061000,61.0,2.93,2.75,3.2,292.0,352.0,0.8378922460937499,False,PUT,2026-02-06,MP
MP260206P00062000,62.0,3.65,3.4,3.85,127.0,234.0,0.8696302099609375,True,PUT,2026-02-06,MP
MP260206P00063000,63.0,4.56,3.95,4.5,150.0,440.0,0.8764660791015625,True,PUT,2026-02-06,MP
MP260206P00064000,64.0,4.95,4.6,5.2,18.0,131.0,0.8911143701171874,True,PUT,2026-02-06,MP
MP260206P00065000,65.0,6.15,5.35,5.8,92.0,690.0,0.8955088574218748,True,PUT,2026-02-06,MP
MP260206P00066000,66.0,6.09,5.95,6.6,29.0,67.0,0.8959971337890623,True,PUT,2026-02-06,MP
MP260206P00067000,67.0,7.33,6.9,7.95,30.0,71.0,1.0180713159179686,True,PUT,2026-02-06,MP
MP260206P00068000,68.0,8.15,7.3,8.85,25.0,122.0,0.9887696435546875,True,PUT,2026-02-06,MP
MP260206P00069000,69.0,10.02,8.35,9.85,3.0,55.0,1.0664109179687502,True,PUT,2026-02-06,MP
MP260206P00070000,70.0,9.81,9.2,10.65,24.0,102.0,1.0771530517578127,True,PUT,2026-02-06,MP
MP260206P00071000,71.0,13.0,9.4,11.8,6.0,11.0,1.0273486132812502,True,PUT,2026-02-06,MP
MP260206P00072000,72.0,6.55,10.5,12.75,,2.0,1.0957076464843751,True,PUT,2026-02-06,MP
MP260206P00073000,73.0,7.25,11.1,13.6,5.0,6.0,1.0444383715820313,True,PUT,2026-02-06,MP
MP260206P00074000,74.0,13.1,12.4,14.55,2.0,6.0,1.1484417578125,True,PUT,2026-02-06,MP
MP260206P00075000,75.0,9.7,13.0,15.55,2.0,39.0,1.115238798828125,True,PUT,2026-02-06,MP
MP260206P00076000,76.0,9.85,14.1,16.45,5.0,5.0,1.1640666796875,True,PUT,2026-02-06,MP
MP260206P00077000,77.0,9.6,15.0,17.45,,4.0,1.1884806201171876,True,PUT,2026-02-06,MP
MP260213C00045000,45.0,22.46,15.0,17.45,40.0,21.0,1.3330111474609372,True,CALL,2026-02-13,MP
MP260213C00046000,46.0,18.5,13.85,16.5,,1.0,1.2832067089843748,True,CALL,2026-02-13,MP
MP260213C00050000,50.0,10.0,10.35,12.65,1.0,7.0,1.0615281298828125,True,CALL,2026-02-13,MP
MP260213C00052000,52.0,12.9,8.4,11.15,23.0,258.0,0.594730615234375,True,CALL,2026-02-13,MP
MP260213C00053000,53.0,7.8,7.8,10.25,9.0,18.0,0.649417568359375,True,CALL,2026-02-13,MP
MP260213C00054000,54.0,7.45,7.35,8.5,2.0,11.0,0.5537154003906251,True,CALL,2026-02-13,MP
MP260213C00055000,55.0,10.75,6.7,8.55,10.0,125.0,0.711916943359375,True,CALL,2026-02-13,MP
MP260213C00056000,56.0,8.02,5.8,7.2,2.0,13.0,0.6103554589843752,True,CALL,2026-02-13,MP
MP260213C00057000,57.0,5.75,5.65,6.45,15.0,18.0,0.6757844921875001,True,CALL,2026-02-13,MP
MP260213C00058000,58.0,5.75,5.25,5.95,22.0,26.0,0.72070591796875,True,CALL,2026-02-13,MP
MP260213C00059000,59.0,5.05,4.95,5.4,13.0,15.0,0.7568383691406251,True,CALL,2026-02-13,MP
MP260213C00060000,60.0,4.47,4.4,4.8,128.0,64.0,0.75195560546875,True,CALL,2026-02-13,MP
MP260213C00061000,61.0,4.05,3.95,4.3,43.0,30.0,0.7587914746093751,True,CALL,2026-02-13,MP
MP260213C00062000,62.0,3.5,3.5,3.85,9.0,62.0,0.7622094091796876,False,CALL,2026-02-13,MP
MP260213C00063000,63.0,3.3,3.05,3.45,60.0,66.0,0.762697685546875,False,CALL,2026-02-13,MP
MP260213C00064000,64.0,2.75,2.72,3.05,12.0,105.0,0.7675804492187501,False,CALL,2026-02-13,MP
MP260213C00065000,65.0,2.51,2.49,2.83,121.0,639.0,0.7934590966796875,False,CALL,2026-02-13,MP
MP260213C00066000,66.0,2.35,2.18,2.41,26.0,254.0,0.7841818457031251,False,CALL,2026-02-13,MP
MP260213C00067000,67.0,1.61,1.93,2.17,32.0,122.0,0.7934590966796875,False,CALL,2026-02-13,MP
MP260213C00068000,68.0,1.68,1.7,2.11,30.0,329.0,0.8188494677734374,False,CALL,2026-02-13,MP
MP260213C00069000,69.0,1.6,1.54,1.8,19.0,112.0,0.8193377441406249,False,CALL,2026-02-13,MP
MP260213C00070000,70.0,1.32,1.35,1.56,106.0,418.0,0.8188494677734374,False,CALL,2026-02-13,MP
MP260213C00071000,71.0,1.21,1.18,1.45,15.0,82.0,0.831056376953125,False,CALL,2026-02-13,MP
MP260213C00072000,72.0,1.08,1.06,1.26,110.0,355.0,0.8354508642578123,False,CALL,2026-02-13,MP
MP260213C00073000,73.0,0.92,0.94,1.13,14.0,131.0,0.842775009765625,False,CALL,2026-02-13,MP
MP260213C00074000,74.0,0.97,0.83,1.17,2.0,42.0,0.8735364208984374,False,CALL,2026-02-13,MP
MP260213C00075000,75.0,0.79,0.76,0.94,58.0,370.0,0.866212275390625,False,CALL,2026-02-13,MP
MP260213C00076000,76.0,0.67,0.64,0.88,9.0,55.0,0.8730481445312499,False,CALL,2026-02-13,MP
MP260213C00077000,77.0,0.52,0.59,0.88,2.0,35.0,0.9003916210937499,False,CALL,2026-02-13,MP
MP260213C00078000,78.0,0.6,0.53,0.9,1.0,25.0,0.92773509765625,False,CALL,2026-02-13,MP
MP260213C00079000,79.0,0.45,0.47,1.07,1.0,32.0,0.9819337744140625,False,CALL,2026-02-13,MP
MP260213P00044000,44.0,0.63,0.0,1.4,1.0,1.0,1.2783239208984374,False,PUT,2026-02-13,MP
MP260213P00045000,45.0,0.05,0.0,0.24,2.0,3.0,0.8164080859374999,False,PUT,2026-02-13,MP
MP260213P00046000,46.0,0.33,0.0,1.24,1.0,4.0,1.107426337890625,False,PUT,2026-02-13,MP
MP260213P00047000,47.0,0.18,0.0,2.31,20.0,23.0,1.2675817871093749,False,PUT,2026-02-13,MP
MP260213P00048000,48.0,0.06,0.0,2.36,1.0,18.0,1.2060586572265624,False,PUT,2026-02-13,MP
MP260213P00049000,49.0,0.4,0.2,0.43,1.0,17.0,0.7675804492187501,False,PUT,2026-02-13,MP
MP260213P00050000,50.0,0.55,0.16,0.5,108.0,2208.0,0.7226590234375,False,PUT,2026-02-13,MP
MP260213P00051000,51.0,0.61,0.47,0.64,1.0,107.0,0.772463212890625,False,PUT,2026-02-13,MP
MP260213P00052000,52.0,0.74,0.61,0.79,52.0,65.0,0.7690452783203126,False,PUT,2026-02-13,MP
MP260213P00053000,53.0,0.84,0.78,0.91,88.0,78.0,0.7563500927734376,False,PUT,2026-02-13,MP
MP260213P00054000,54.0,1.13,0.89,1.12,107.0,114.0,0.7412135253906249,False,PUT,2026-02-13,MP
MP260213P00055000,55.0,1.45,1.22,1.36,353.0,495.0,0.7524438818359375,False,PUT,2026-02-13,MP
MP260213P00056000,56.0,1.64,1.57,1.69,121.0,172.0,0.7661156201171876,False,PUT,2026-02-13,MP
MP260213P00057000,57.0,2.36,1.92,2.05,153.0,253.0,0.772463212890625,False,PUT,2026-02-13,MP
MP260213P00058000,58.0,2.53,2.38,2.55,72.0,226.0,0.795900478515625,False,PUT,2026-02-13,MP
MP260213P00059000,59.0,3.2,2.74,3.25,54.0,42.0,0.8198260205078124,False,PUT,2026-02-13,MP
MP260213P00060000,60.0,3.54,3.15,3.75,83.0,454.0,0.8190936059570311,False,PUT,2026-02-13,MP
MP260213P00061000,61.0,4.05,3.65,4.05,95.0,148.0,0.8002949658203125,False,PUT,2026-02-13,MP
MP260213P00062000,62.0,4.57,4.3,4.8,27.0,229.0,0.8325212060546874,True,PUT,2026-02-13,MP
MP260213P00063000,63.0,4.98,4.85,5.2,30.0,124.0,0.813478427734375,True,PUT,2026-02-13,MP
MP260213P00064000,64.0,5.95,5.55,5.85,6.0,68.0,0.8266618896484373,True,PUT,2026-02-13,MP
MP260213P00065000,65.0,6.7,6.35,6.55,52.0,161.0,0.8483901879882811,True,PUT,2026-02-13,MP
MP260213P00066000,66.0,8.39,6.85,7.7,3.0,25.0,0.8796398754882812,True,PUT,2026-02-13,MP
MP260213P00067000,67.0,8.1,7.55,8.3,10.0,49.0,0.8696302099609375,True,PUT,2026-02-13,MP
MP260213P00068000,68.0,4.75,7.9,9.1,9.0,26.0,0.8364274169921874,True,PUT,2026-02-13,MP
MP260213P00069000,69.0,10.53,8.9,10.25,2.0,78.0,0.9077157666015624,True,PUT,2026-02-13,MP
MP260213P00070000,70.0,6.65,9.25,11.75,6.0,28.0,0.9433599414062499,True,PUT,2026-02-13,MP
MP260213P00072000,72.0,10.3,10.8,13.45,11.0,11.0,0.9516606396484374,True,PUT,2026-02-13,MP
MP260213P00074000,74.0,8.1,12.6,15.4,2.0,2.0,1.0083057397460937,True,PUT,2026-02-13,MP
MP260213P00075000,75.0,10.93,13.45,16.2,1.0,26.0,1.0029346728515625,True,PUT,2026-02-13,MP
MP260220C00044000,44.0,11.48,16.05,18.55,3.0,20.0,1.2070352148437498,True,CALL,2026-02-20,MP
MP260220C00045000,45.0,16.95,15.1,17.55,6.0,183.0,1.1469769213867185,True,CALL,2026-02-20,MP
MP260220C00046000,46.0,20.95,14.15,16.45,1.0,101.0,1.0537156689453124,True,CALL,2026-02-20,MP
MP260220C00047000,47.0,16.3,13.2,14.9,1.0,8.0,0.7832052929687501,True,CALL,2026-02-20,MP
MP260220C00048000,48.0,22.45,12.35,14.85,2.0,42.0,0.5546919531250001,True,CALL,2026-02-20,MP
MP260220C00049000,49.0,20.0,11.7,13.5,1.0,18.0,0.51562984375,True,CALL,2026-02-20,MP
MP260220C00050000,50.0,11.6,11.1,13.1,43.0,698.0,0.7153348779296875,True,CALL,2026-02-20,MP
MP260220C00055000,55.0,8.0,7.45,8.5,50.0,1290.0,0.6709017285156251,True,CALL,2026-02-20,MP
MP260220C00057000,57.0,6.24,6.55,7.0,28.0,5.0,0.70117486328125,True,CALL,2026-02-20,MP
MP260220C00058000,58.0,5.65,5.95,6.55,17.0,28.0,0.7172879833984375,True,CALL,2026-02-20,MP
MP260220C00059000,59.0,5.7,5.45,6.0,61.0,50.0,0.725588681640625,True,CALL,2026-02-20,MP
MP260220C00060000,60.0,5.37,5.0,5.4,638.0,1951.0,0.7272976489257812,True,CALL,2026-02-20,MP
MP260220C00061000,61.0,4.65,4.6,4.95,131.0,8.0,0.7392604199218749,True,CALL,2026-02-20,MP
MP260220C00062000,62.0,4.3,4.05,4.45,28.0,70.0,0.7292507543945312,False,CALL,2026-02-20,MP
MP260220C00063000,63.0,3.77,3.7,4.0,57.0,147.0,0.7338893798828124,False,CALL,2026-02-20,MP
MP260220C00064000,64.0,3.62,3.35,3.75,41.0,215.0,0.7492700854492188,False,CALL,2026-02-20,MP
MP260220C00065000,65.0,3.15,3.1,3.45,783.0,2589.0,0.7641625146484375,False,CALL,2026-02-20,MP
MP260220C00066000,66.0,2.92,2.87,3.2,64.0,81.0,0.7800314965820312,False,CALL,2026-02-20,MP
MP260220C00067000,67.0,2.72,2.53,2.93,21.0,156.0,0.7807639111328125,False,CALL,2026-02-20,MP
MP260220C00068000,68.0,2.34,2.31,2.66,141.0,209.0,0.7875997802734375,False,CALL,2026-02-20,MP
MP260220C00069000,69.0,1.82,2.09,2.34,13.0,97.0,0.7856466748046875,False,CALL,2026-02-20,MP
MP260220C00070000,70.0,2.0,1.94,2.2,1796.0,9598.0,0.8027363476562499,False,CALL,2026-02-20,MP
MP260220C00071000,71.0,1.8,1.76,2.12,63.0,135.0,0.8198260205078124,False,CALL,2026-02-20,MP
MP260220C00072000,72.0,1.73,1.54,1.93,50.0,108.0,0.8193377441406249,False,CALL,2026-02-20,MP
MP260220C00073000,73.0,1.25,1.45,2.06,4.0,74.0,0.8615736499023439,False,CALL,2026-02-20,MP
MP260220C00074000,74.0,1.12,1.6,1.6,5.0,147.0,0.8657239990234374,False,CALL,2026-02-20,MP
MP260220C00075000,75.0,1.32,1.31,1.49,926.0,4924.0,0.8569350244140624,False,CALL,2026-02-20,MP
MP260220C00076000,76.0,1.23,1.05,1.49,10.0,49.0,0.860352958984375,False,CALL,2026-02-20,MP
MP260220C00077000,77.0,1.08,0.97,1.58,18.0,13.0,0.8940440283203124,False,CALL,2026-02-20,MP
MP260220C00078000,78.0,0.95,0.87,1.21,7.0,67.0,0.8657239990234374,False,CALL,2026-02-20,MP
MP260220C00079000,79.0,0.87,0.79,1.18,4.0,21.0,0.8808605664062499,False,CALL,2026-02-20,MP
MP260220P00044000,44.0,0.05,0.0,0.69,1.0,1423.0,0.89257919921875,False,PUT,2026-02-20,MP
MP260220P00045000,45.0,0.2,0.07,0.24,33.0,1595.0,0.7138700488281251,False,PUT,2026-02-20,MP
MP260220P00046000,46.0,0.1,0.0,0.7,4.0,333.0,0.797853583984375,False,PUT,2026-02-20,MP
MP260220P00047000,47.0,0.28,0.22,0.45,6.0,400.0,0.743166630859375,False,PUT,2026-02-20,MP
MP260220P00048000,48.0,0.4,0.34,0.52,6.0,2346.0,0.7412135253906249,False,PUT,2026-02-20,MP
MP260220P00049000,49.0,0.63,0.34,0.81,7.0,2869.0,0.7514673291015624,False,PUT,2026-02-20,MP
MP260220P00050000,50.0,0.69,0.6,0.7,265.0,3313.0,0.727541787109375,False,PUT,2026-02-20,MP
MP260220P00055000,55.0,1.75,1.75,1.94,395.0,4955.0,0.7456080126953125,False,PUT,2026-02-20,MP
MP260220P00057000,57.0,2.75,2.31,2.65,148.0,211.0,0.73633076171875,False,PUT,2026-02-20,MP
MP260220P00058000,58.0,3.09,2.81,3.15,30.0,304.0,0.7551294018554688,False,PUT,2026-02-20,MP
MP260220P00059000,59.0,3.42,3.35,3.5,44.0,353.0,0.7570825073242189,False,PUT,2026-02-20,MP
MP260220P00060000,60.0,4.1,3.9,4.1,188.0,5695.0,0.7749045947265626,False,PUT,2026-02-20,MP
MP260220P00061000,61.0,4.73,4.3,4.8,6.0,943.0,0.782228740234375,False,PUT,2026-02-20,MP
MP260220P00062000,62.0,5.52,4.95,5.55,12.0,441.0,0.8081073876953124,True,PUT,2026-02-20,MP
MP260220P00063000,63.0,5.96,5.55,5.85,34.0,142.0,0.7883321948242188,True,PUT,2026-02-20,MP
MP260220P00064000,64.0,7.4,6.1,6.6,13.0,1201.0,0.795900478515625,True,PUT,2026-02-20,MP
MP260220P00065000,65.0,7.48,6.85,7.35,48.0,1266.0,0.815431533203125,True,PUT,2026-02-20,MP
MP260220P00066000,66.0,7.75,7.5,8.05,14.0,61.0,0.8178729150390623,True,PUT,2026-02-20,MP
MP260220P00067000,67.0,9.75,8.25,9.65,5.0,27.0,0.9008798974609374,True,PUT,2026-02-20,MP
MP260220P00068000,68.0,11.0,8.75,10.55,3.0,33.0,0.9006357592773437,True,PUT,2026-02-20,MP
MP260220P00069000,69.0,8.64,9.75,10.85,8.0,115.0,0.8876964355468748,True,PUT,2026-02-20,MP
MP260220P00070000,70.0,11.07,10.4,11.5,52.0,587.0,0.8706067626953125,True,PUT,2026-02-20,MP
MP260220P00071000,71.0,7.55,10.75,13.0,3.0,57.0,0.8996592065429687,True,PUT,2026-02-20,MP
MP260220P00073000,73.0,8.85,12.4,14.65,9.0,20.0,0.913086806640625,True,PUT,2026-02-20,MP
MP260220P00074000,74.0,9.25,13.45,15.6,10.0,15.0,0.9511723632812499,True,PUT,2026-02-20,MP
MP260220P00075000,75.0,14.4,14.55,16.0,2.0,427.0,0.9360357958984374,True,PUT,2026-02-20,MP
MP260220P00077000,77.0,10.8,15.8,17.65,,6.0,0.8784191845703124,True,PUT,2026-02-20,MP
MP260220P00079000,79.0,12.03,17.7,20.0,,10.0,0.9711916943359374,True,PUT,2026-02-20,MP
MP260227C00050000,50.0,11.4,11.4,13.15,25.0,9.0,0.6772493212890626,True,CALL,2026-02-27,MP
MP260227C00051000,51.0,17.0,10.05,13.1,1.0,1.0,0.7070341796875,True,CALL,2026-02-27,MP
MP260227C00052000,52.0,16.0,9.3,11.95,2.0,2.0,0.6689486230468751,True,CALL,2026-02-27,MP
MP260227C00054000,54.0,10.58,8.1,9.9,1.0,41.0,0.6450230810546875,True,CALL,2026-02-27,MP
MP260227C00055000,55.0,8.55,7.05,9.25,2.0,1.0,0.6201209863281252,True,CALL,2026-02-27,MP
MP260227C00056000,56.0,11.25,7.4,9.4,5.0,8.0,0.7768577001953125,True,CALL,2026-02-27,MP
MP260227C00057000,57.0,7.73,6.95,8.15,2.0,10.0,0.7382838671874999,True,CALL,2026-02-27,MP
MP260227C00058000,58.0,10.25,5.85,8.85,2.0,10.0,0.7966328930664062,True,CALL,2026-02-27,MP
MP260227C00059000,59.0,6.4,6.5,6.85,6.0,4.0,0.7768577001953125,True,CALL,2026-02-27,MP
MP260227C00060000,60.0,6.0,5.7,6.9,96.0,85.0,0.7971211694335938,True,CALL,2026-02-27,MP
MP260227C00061000,61.0,5.55,5.55,5.9,32.0,78.0,0.7839377075195313,True,CALL,2026-02-27,MP
MP260227C00062000,62.0,5.25,4.85,5.85,9.0,25.0,0.7951680639648437,False,CALL,2026-02-27,MP
MP260227C00063000,63.0,4.8,4.8,5.35,41.0,266.0,0.8168963623046874,False,CALL,2026-02-27,MP
MP260227C00064000,64.0,3.75,4.1,5.05,21.0,20.0,0.8024922094726561,False,CALL,2026-02-27,MP
MP260227C00065000,65.0,4.13,4.05,4.4,107.0,177.0,0.805666005859375,False,CALL,2026-02-27,MP
MP260227C00066000,66.0,3.89,3.45,4.3,32.0,52.0,0.805666005859375,False,CALL,2026-02-27,MP
MP260227C00067000,67.0,3.5,3.5,3.95,64.0,100.0,0.831056376953125,False,CALL,2026-02-27,MP
MP260227C00068000,68.0,2.54,2.96,3.55,35.0,308.0,0.80664255859375,False,CALL,2026-02-27,MP
MP260227C00069000,69.0,2.74,2.72,3.45,2.0,62.0,0.823243955078125,False,CALL,2026-02-27,MP
MP260227C00070000,70.0,2.99,2.48,3.15,208.0,189.0,0.8220232641601561,False,CALL,2026-02-27,MP
MP260227C00071000,71.0,2.58,2.32,3.1,3.0,63.0,0.8439957006835936,False,CALL,2026-02-27,MP
MP260227C00072000,72.0,2.41,2.18,2.76,5.0,68.0,0.8422867333984375,False,CALL,2026-02-27,MP
MP260227C00073000,73.0,2.1,1.95,2.69,13.0,29.0,0.852540537109375,False,CALL,2026-02-27,MP
MP260227C00074000,74.0,1.9,1.92,2.48,1.0,110.0,0.8657239990234374,False,CALL,2026-02-27,MP
MP260227C00075000,75.0,2.0,1.9,2.21,109.0,191.0,0.8728040063476561,False,CALL,2026-02-27,MP
MP260227C00076000,76.0,1.58,1.5,2.26,1.0,32.0,0.8723157299804687,False,CALL,2026-02-27,MP
MP260227C00077000,77.0,1.7,1.6,2.31,6.0,16.0,0.9165047412109376,False,CALL,2026-02-27,MP
MP260227C00078000,78.0,2.75,1.33,2.92,3.0,21.0,0.9775392871093751,False,CALL,2026-02-27,MP
MP260227C00079000,79.0,1.82,0.04,2.07,10.0,11.0,0.7875997802734375,False,CALL,2026-02-27,MP
MP260227P00045000,45.0,0.41,0.14,0.59,44.0,59.0,0.7480493945312501,False,PUT,2026-02-27,MP
MP260227P00050000,50.0,1.07,0.87,1.3,59.0,2038.0,0.7553735400390625,False,PUT,2026-02-27,MP
MP260227P00051000,51.0,1.7,1.0,1.41,16.0,9.0,0.7341335180664061,False,PUT,2026-02-27,MP
MP260227P00052000,52.0,1.6,1.4,1.66,38.0,24.0,0.7539087109375,False,PUT,2026-02-27,MP
MP260227P00053000,53.0,2.49,1.69,1.96,3.0,29.0,0.7597680273437502,False,PUT,2026-02-27,MP
MP260227P00054000,54.0,2.98,2.04,2.26,6.0,42.0,0.764650791015625,False,PUT,2026-02-27,MP
MP260227P00055000,55.0,2.64,2.4,2.59,63.0,130.0,0.7670921728515626,False,PUT,2026-02-27,MP
MP260227P00056000,56.0,2.85,2.68,3.45,9.0,16.0,0.8012715185546875,False,PUT,2026-02-27,MP
MP260227P00057000,57.0,3.44,3.2,3.5,12.0,42.0,0.7832052929687501,False,PUT,2026-02-27,MP
MP260227P00058000,58.0,3.84,3.55,4.7,15.0,76.0,0.8364274169921874,False,PUT,2026-02-27,MP
MP260227P00059000,59.0,4.51,4.25,4.5,19.0,84.0,0.8044453149414061,False,PUT,2026-02-27,MP
MP260227P00060000,60.0,5.1,4.65,5.0,41.0,198.0,0.7985859985351562,False,PUT,2026-02-27,MP
MP260227P00061000,61.0,5.4,5.1,5.45,11.0,25.0,0.789064609375,False,PUT,2026-02-27,MP
MP260227P00062000,62.0,6.71,5.75,6.95,17.0,43.0,0.8645033081054687,True,PUT,2026-02-27,MP
MP260227P00063000,63.0,6.86,6.45,6.7,61.0,27.0,0.8146991186523438,True,PUT,2026-02-27,MP
MP260227P00064000,64.0,5.61,7.0,8.2,6.0,57.0,0.87500125,True,PUT,2026-02-27,MP
MP260227P00065000,65.0,9.55,7.7,8.1,16.0,37.0,0.8288591333007811,True,PUT,2026-02-27,MP
MP260227P00066000,66.0,8.46,8.3,9.2,4.0,16.0,0.8576674389648438,True,PUT,2026-02-27,MP
MP260227P00067000,67.0,10.28,9.05,10.65,2.0,48.0,0.9201668139648438,True,PUT,2026-02-27,MP
MP260227P00068000,68.0,10.31,9.5,10.8,5.0,62.0,0.8632826171875,True,PUT,2026-02-27,MP
MP260227P00069000,69.0,8.15,10.0,11.8,1.0,56.0,0.8688977954101562,True,PUT,2026-02-27,MP
MP260227P00070000,70.0,11.73,10.8,12.1,7.0,17.0,0.840821904296875,True,PUT,2026-02-27,MP
MP260227P00071000,71.0,8.42,11.7,13.75,4.0,2.0,0.9226081958007812,True,PUT,2026-02-27,MP
MP260227P00072000,72.0,11.29,12.55,14.75,2.0,5.0,0.9487309814453124,True,PUT,2026-02-27,MP
MP260227P00075000,75.0,13.37,14.55,17.45,,3.0,0.9477544287109375,True,PUT,2026-02-27,MP
MP260306C00052000,52.0,18.05,9.65,12.6,,1.0,0.6997100341796876,True,CALL,2026-03-06,MP
MP260306C00060000,60.0,6.7,5.85,7.45,1.0,11.0,0.76367423828125,True,CALL,2026-03-06,MP
MP260306C00064000,64.0,5.0,4.1,5.6,1.0,14.0,0.7578149218750001,False,CALL,2026-03-06,MP
MP260306C00066000,66.0,3.58,2.77,4.75,6.0,8.0,0.7104521142578125,False,CALL,2026-03-06,MP
MP260306C00067000,67.0,6.66,2.9,4.7,5.0,24.0,0.7583031982421876,False,CALL,2026-03-06,MP
MP260306C00068000,68.0,3.36,2.24,4.6,28.0,26.0,0.7485376708984376,False,CALL,2026-03-06,MP
MP260306C00070000,70.0,3.52,2.67,3.85,5.0,48.0,0.8022480712890624,False,CALL,2026-03-06,MP
MP260306C00071000,71.0,5.5,1.31,4.45,25.0,28.0,0.7841818457031251,False,CALL,2026-03-06,MP
MP260306C00072000,72.0,5.0,1.28,4.15,1.0,2.0,0.7941915112304687,False,CALL,2026-03-06,MP
MP260306C00074000,74.0,2.2,0.92,3.0,2.0,25.0,0.7417018017578124,False,CALL,2026-03-06,MP
MP260306C00078000,78.0,1.66,1.17,2.47,3.0,7.0,0.8286149951171874,False,CALL,2026-03-06,MP
MP260306P00050000,50.0,1.5,1.12,2.07,9.0,2279.0,0.788088056640625,False,PUT,2026-03-06,MP
MP260306P00052000,52.0,2.15,1.57,2.71,7.0,5.0,0.7895528857421875,False,PUT,2026-03-06,MP
MP260306P00053000,53.0,3.0,1.55,2.95,6.0,2.0,0.7568383691406251,False,PUT,2026-03-06,MP
MP260306P00054000,54.0,2.5,1.54,4.1,4.0,3.0,0.7956563403320311,False,PUT,2026-03-06,MP
MP260306P00055000,55.0,3.46,1.81,3.85,4.0,14.0,0.7421900781249999,False,PUT,2026-03-06,MP
MP260306P00056000,56.0,4.16,2.45,4.55,1.0,20.0,0.7849142602539063,False,PUT,2026-03-06,MP
MP260306P00057000,57.0,4.3,3.3,4.35,2.0,3.0,0.7722190747070312,False,PUT,2026-03-06,MP
MP260306P00058000,58.0,4.21,3.9,4.85,7.0,14.0,0.78711150390625,False,PUT,2026-03-06,MP
MP260306P00059000,59.0,5.42,4.35,6.15,2.0,16.0,0.8410660424804688,False,PUT,2026-03-06,MP
MP260306P00062000,62.0,7.11,5.7,7.45,5.0,14.0,0.8073749731445312,True,PUT,2026-03-06,MP
MP260306P00064000,64.0,4.24,6.75,9.3,6.0,8.0,0.8425308715820312,True,PUT,2026-03-06,MP
MP260306P00066000,66.0,9.05,8.25,10.1,2.0,17.0,0.8273943041992187,True,PUT,2026-03-06,MP
MP260306P00070000,70.0,13.14,11.45,12.9,3.0,3.0,0.8569350244140624,True,PUT,2026-03-06,MP
MP260320C00044000,44.0,24.25,16.8,19.15,1.0,12.0,0.6513706738281251,True,CALL,2026-03-20,MP
MP260320C00045000,45.0,18.65,15.95,17.6,6.0,159.0,0.5444381494140625,True,CALL,2026-03-20,MP
MP260320C00046000,46.0,23.5,15.1,17.6,1.0,46.0,0.6835969140625001,True,CALL,2026-03-20,MP
MP260320C00047000,47.0,22.65,14.25,16.75,1.0,301.0,0.6796907031250001,True,CALL,2026-03-20,MP
MP260320C00048000,48.0,16.95,13.45,15.8,4.0,55.0,0.6674837939453127,True,CALL,2026-03-20,MP
MP260320C00049000,49.0,15.6,12.7,15.2,1.0,36.0,0.6894562304687502,True,CALL,2026-03-20,MP
MP260320C00050000,50.0,13.6,12.6,13.8,29.0,580.0,0.6914093359375001,True,CALL,2026-03-20,MP
MP260320C00055000,55.0,9.7,9.65,10.5,141.0,1040.0,0.729494892578125,True,CALL,2026-03-20,MP
MP260320C00060000,60.0,7.4,7.45,7.85,416.0,1721.0,0.7622094091796876,True,CALL,2026-03-20,MP
MP260320C00065000,65.0,5.8,5.5,5.8,700.0,3728.0,0.7739280419921876,False,CALL,2026-03-20,MP
MP260320C00070000,70.0,4.22,4.1,4.35,1155.0,4006.0,0.7944356494140624,False,CALL,2026-03-20,MP
MP260320C00075000,75.0,3.25,3.1,3.4,409.0,2453.0,0.823243955078125,False,CALL,2026-03-20,MP
MP260320P00044000,44.0,0.8,0.67,1.06,1.0,359.0,0.7607445800781252,False,PUT,2026-03-20,MP
MP260320P00045000,45.0,0.79,0.67,1.01,44.0,763.0,0.7158231542968749,False,PUT,2026-03-20,MP
MP260320P00046000,46.0,0.5,0.97,1.19,2.0,690.0,0.7336452416992187,False,PUT,2026-03-20,MP
MP260320P00047000,47.0,1.18,1.16,1.41,7.0,211.0,0.7368190380859375,False,PUT,2026-03-20,MP
MP260320P00048000,48.0,1.48,1.38,1.6,211.0,765.0,0.7355983471679688,False,PUT,2026-03-20,MP
MP260320P00049000,49.0,1.85,1.62,1.79,53.0,516.0,0.7321804125976561,False,PUT,2026-03-20,MP
MP260320P00050000,50.0,2.05,1.9,2.08,2131.0,5317.0,0.7368190380859375,False,PUT,2026-03-20,MP
MP260320P00055000,55.0,4.01,3.6,3.8,106.0,3277.0,0.7434107690429688,False,PUT,2026-03-20,MP
MP260320P00060000,60.0,6.21,6.2,6.3,238.0,3028.0,0.7719749365234375,False,PUT,2026-03-20,MP
MP260320P00065000,65.0,9.6,9.05,9.4,124.0,3181.0,0.7807639111328125,True,PUT,2026-03-20,MP
MP260320P00070000,70.0,13.15,12.6,12.9,10.0,936.0,0.7956563403320311,True,PUT,2026-03-20,MP
MP260320P00075000,75.0,18.15,16.6,17.15,3.0,361.0,0.8369156933593749,True,PUT,2026-03-20,MP
MP260417C00045000,45.0,18.09,16.75,18.95,47.0,1793.0,0.672122419433594,True,CALL,2026-04-17,MP
MP260417C00047000,47.0,14.3,15.2,17.6,1.0,99.0,0.6879914013671876,True,CALL,2026-04-17,MP
MP260417C00050000,50.0,13.9,13.55,15.4,3.0,1383.0,0.7160672924804687,True,CALL,2026-04-17,MP
MP260417C00055000,55.0,10.1,11.05,11.95,34.0,1162.0,0.7288845471191407,True,CALL,2026-04-17,MP
MP260417C00060000,60.0,8.89,9.1,9.5,235.0,2986.0,0.7612328564453126,True,CALL,2026-04-17,MP
MP260417C00065000,65.0,7.05,7.1,7.4,152.0,1393.0,0.7622094091796876,False,CALL,2026-04-17,MP
MP260417C00070000,70.0,5.62,5.65,5.95,167.0,3329.0,0.7800314965820312,False,CALL,2026-04-17,MP
MP260417C00075000,75.0,4.32,4.45,4.7,48.0,1261.0,0.7885763330078125,False,CALL,2026-04-17,MP
MP260417P00045000,45.0,1.75,1.26,2.03,7.0,495.0,0.7185086743164062,False,PUT,2026-04-17,MP
MP260417P00047000,47.0,2.07,1.95,2.13,1089.0,556.0,0.7060576269531251,False,PUT,2026-04-17,MP
MP260417P00050000,50.0,3.15,2.83,3.05,129.0,1464.0,0.7102079760742188,False,PUT,2026-04-17,MP
MP260417P00055000,55.0,5.1,4.85,5.1,50.0,1442.0,0.7251004052734374,False,PUT,2026-04-17,MP
MP260417P00060000,60.0,7.67,7.4,7.7,66.0,2579.0,0.737307314453125,False,PUT,2026-04-17,MP
MP260417P00065000,65.0,11.0,10.45,10.7,41.0,305.0,0.7456080126953125,True,PUT,2026-04-17,MP
MP260417P00070000,70.0,15.1,14.0,14.25,14.0,429.0,0.7633080310058593,True,PUT,2026-04-17,MP
MP260417P00075000,75.0,18.83,17.7,18.15,1.0,419.0,0.7731956274414062,True,PUT,2026-04-17,MP
MP260515C00045000,45.0,19.0,18.0,19.45,48.0,591.0,0.6955596850585939,True,CALL,2026-05-15,MP
MP260515C00047000,47.0,22.5,16.65,18.65,3.0,277.0,0.73633076171875,True,CALL,2026-05-15,MP
MP260515C00050000,50.0,14.7,14.55,16.45,17.0,305.0,0.717776259765625,True,CALL,2026-05-15,MP
MP260515C00055000,55.0,13.85,12.0,13.5,5.0,259.0,0.732302481689453,True,CALL,2026-05-15,MP
MP260515C00060000,60.0,10.18,10.45,10.8,77.0,871.0,0.7570825073242189,True,CALL,2026-05-15,MP
MP260515C00065000,65.0,8.4,8.6,8.95,31.0,879.0,0.7697776928710938,False,CALL,2026-05-15,MP
MP260515C00070000,70.0,7.21,7.0,7.35,161.0,913.0,0.7747825256347658,False,CALL,2026-05-15,MP
MP260515C00075000,75.0,5.91,5.65,6.4,47.0,1180.0,0.7918721984863282,False,CALL,2026-05-15,MP
MP260515P00045000,45.0,2.4,2.05,2.76,1.0,887.0,0.7163114306640624,False,PUT,2026-05-15,MP
MP260515P00047000,47.0,2.2,2.75,3.05,39.0,490.0,0.7070341796875,False,PUT,2026-05-15,MP
MP260515P00050000,50.0,4.03,3.8,4.1,54.0,661.0,0.7116728051757812,False,PUT,2026-05-15,MP
MP260515P00055000,55.0,6.21,6.0,6.25,36.0,427.0,0.7205838488769531,False,PUT,2026-05-15,MP
MP260515P00060000,60.0,9.03,8.65,8.95,19.0,1845.0,0.7307155834960937,False,PUT,2026-05-15,MP
MP260515P00065000,65.0,12.34,11.65,11.95,54.0,301.0,0.7329128271484374,True,PUT,2026-05-15,MP
MP260515P00070000,70.0,15.8,15.15,15.45,8.0,1574.0,0.7453638745117188,True,PUT,2026-05-15,MP
MP260515P00075000,75.0,15.45,18.9,19.2,265.0,418.0,0.7537866418457031,True,PUT,2026-05-15,MP
MP260618C00045000,45.0,22.9,18.75,21.0,13.0,125.0,0.7258328198242188,True,CALL,2026-06-18,MP
MP260618C00050000,50.0,16.0,16.0,17.6,11.0,262.0,0.73437765625,True,CALL,2026-06-18,MP
MP260618C00055000,55.0,13.5,13.45,14.55,42.0,795.0,0.7297390307617188,True,CALL,2026-06-18,MP
MP260618C00060000,60.0,11.6,11.65,12.25,95.0,976.0,0.7497583618164063,True,CALL,2026-06-18,MP
MP260618C00065000,65.0,10.08,9.75,10.5,167.0,1343.0,0.7595238891601563,False,CALL,2026-06-18,MP
MP260618C00070000,70.0,8.5,8.35,8.95,150.0,798.0,0.7718528674316407,False,CALL,2026-06-18,MP
MP260618C00075000,75.0,7.23,7.05,7.8,80.0,888.0,0.7835715002441408,False,CALL,2026-06-18,MP
MP260618P00045000,45.0,1.99,2.84,3.6,1.0,978.0,0.70898728515625,False,PUT,2026-06-18,MP
MP260618P00050000,50.0,5.11,4.75,5.15,15.0,2618.0,0.704226590576172,False,PUT,2026-06-18,MP
MP260618P00055000,55.0,7.85,6.95,7.7,10.0,2390.0,0.7159452233886718,False,PUT,2026-06-18,MP
MP260618P00060000,60.0,10.1,9.8,10.5,9.0,1213.0,0.7283962707519531,False,PUT,2026-06-18,MP
MP260618P00065000,65.0,13.41,12.9,14.2,1.0,295.0,0.7537866418457031,True,PUT,2026-06-18,MP
MP260618P00070000,70.0,17.15,16.25,17.05,3.0,1550.0,0.7382838671874999,True,PUT,2026-06-18,MP
MP260618P00075000,75.0,15.2,20.0,21.9,2.0,60.0,0.7844259838867188,True,PUT,2026-06-18,MP
MP260918C00045000,45.0,22.05,20.85,22.8,12.0,31.0,0.709963837890625,True,CALL,2026-09-18,MP
MP260918C00050000,50.0,19.0,18.2,19.9,21.0,236.0,0.7141141870117188,True,CALL,2026-09-18,MP
MP260918C00055000,55.0,17.0,16.35,17.95,25.0,132.0,0.7476831872558594,True,CALL,2026-09-18,MP
MP260918C00060000,60.0,13.93,14.0,15.6,22.0,238.0,0.7358424853515625,True,CALL,2026-09-18,MP
MP260918C00065000,65.0,12.79,12.4,13.45,36.0,124.0,0.7355983471679688,False,CALL,2026-09-18,MP
MP260918C00070000,70.0,10.05,10.9,12.25,31.0,219.0,0.7498804309082032,False,CALL,2026-09-18,MP
MP260918C00075000,75.0,10.58,9.6,11.4,28.0,237.0,0.7672142419433594,False,CALL,2026-09-18,MP
MP260918P00045000,45.0,4.5,4.3,5.55,20.0,893.0,0.6800569104003908,False,PUT,2026-09-18,MP
MP260918P00050000,50.0,7.15,6.65,7.35,1.0,1751.0,0.6787141503906251,False,PUT,2026-09-18,MP
MP260918P00055000,55.0,9.52,8.9,9.95,8.0,1294.0,0.676761044921875,False,PUT,2026-09-18,MP
MP260918P00060000,60.0,12.2,12.0,13.05,18.0,1044.0,0.6934845104980469,False,PUT,2026-09-18,MP
MP260918P00065000,65.0,15.23,14.85,16.8,14.0,135.0,0.7038603833007813,True,PUT,2026-09-18,MP
MP260918P00070000,70.0,20.2,18.4,20.15,1.0,179.0,0.7083769396972657,True,PUT,2026-09-18,MP
MP260918P00075000,75.0,19.94,21.85,24.3,10.0,33.0,0.7194852270507812,True,PUT,2026-09-18,MP
MP270115C00045000,45.0,23.75,22.65,25.65,17.0,410.0,0.7116728051757812,True,CALL,2027-01-15,MP
MP270115C00047000,47.0,25.1,21.85,24.85,2.0,99.0,0.725466612548828,True,CALL,2027-01-15,MP
MP270115C00050000,50.0,21.93,21.6,23.3,53.0,1250.0,0.7547631945800781,True,CALL,2027-01-15,MP
MP270115C00055000,55.0,18.45,18.55,20.4,40.0,1475.0,0.7174100524902343,True,CALL,2027-01-15,MP
MP270115C00060000,60.0,18.0,17.5,18.0,110.0,2048.0,0.729494892578125,True,CALL,2027-01-15,MP
MP270115C00065000,65.0,16.2,15.75,17.0,156.0,1859.0,0.7460962890625,False,CALL,2027-01-15,MP
MP270115C00070000,70.0,14.6,14.45,15.65,409.0,7326.0,0.75586181640625,False,CALL,2027-01-15,MP
MP270115C00075000,75.0,13.2,12.65,14.1,154.0,10067.0,0.7436549072265625,False,CALL,2027-01-15,MP
MP270115P00045000,45.0,6.87,5.85,7.55,31.0,752.0,0.6567417138671876,False,PUT,2027-01-15,MP
MP270115P00047000,47.0,7.82,6.7,8.4,19.0,100.0,0.6541172283935548,False,PUT,2027-01-15,MP
MP270115P00050000,50.0,9.25,8.4,10.0,11.0,4404.0,0.6647372393798829,False,PUT,2027-01-15,MP
MP270115P00055000,55.0,11.25,10.9,12.5,1.0,4723.0,0.656924817504883,False,PUT,2027-01-15,MP
MP270115P00060000,60.0,15.3,13.6,15.0,7.0,3307.0,0.6422765264892578,False,PUT,2027-01-15,MP
MP270115P00065000,65.0,17.95,17.35,19.4,1.0,236.0,0.6811555322265627,True,PUT,2027-01-15,MP
MP270115P00070000,70.0,22.18,20.3,22.5,2.0,1540.0,0.6650424121093752,True,PUT,2027-01-15,MP
MP270115P00075000,75.0,19.96,23.95,26.7,5.0,78.0,0.678836219482422,True,PUT,2027-01-15,MP
MP271217C00045000,45.0,27.9,28.0,31.05,2.0,391.0,0.7281521325683593,True,CALL,2027-12-17,MP
MP271217C00047000,47.0,35.5,27.0,30.2,2.0,85.0,0.724490059814453,True,CALL,2027-12-17,MP
MP271217C00050000,50.0,28.25,25.5,28.6,1.0,303.0,0.710940390625,True,CALL,2027-12-17,MP
MP271217C00055000,55.0,27.7,24.0,27.0,2.0,370.0,0.722109712524414,True,CALL,2027-12-17,MP
MP271217C00060000,60.0,23.4,23.2,25.6,25.0,2649.0,0.7415797326660156,True,CALL,2027-12-17,MP
MP271217C00065000,65.0,25.75,20.5,24.55,5.0,279.0,0.7292507543945312,False,CALL,2027-12-17,MP
MP271217C00070000,70.0,21.76,20.35,22.05,11.0,433.0,0.7310817907714844,False,CALL,2027-12-17,MP
MP271217C00075000,75.0,19.8,18.55,21.1,1.0,228.0,0.7276638562011719,False,CALL,2027-12-17,MP
MP271217P00045000,45.0,9.8,9.0,11.5,2.0,414.0,0.6143837390136719,False,PUT,2027-12-17,MP
MP271217P00047000,47.0,11.21,10.35,12.35,1.0,133.0,0.6158485681152344,False,PUT,2027-12-17,MP
MP271217P00050000,50.0,12.4,11.2,14.15,30.0,573.0,0.603092348022461,False,PUT,2027-12-17,MP
MP271217P00055000,55.0,14.44,14.6,17.05,1.0,1232.0,0.6103554589843752,False,PUT,2027-12-17,MP
MP271217P00060000,60.0,19.53,18.25,20.8,2.0,2504.0,0.6281165118408205,False,PUT,2027-12-17,MP
MP271217P00065000,65.0,23.03,20.75,24.85,2.0,261.0,0.6251868536376954,True,PUT,2027-12-17,MP
MP271217P00070000,70.0,22.65,24.0,27.0,1.0,1288.0,0.5999185516357424,True,PUT,2027-12-17,MP
MP271217P00075000,75.0,29.3,27.5,32.0,20.0,106.0,0.6181068463134767,True,PUT,2027-12-17,MP
MP280121C00045000,45.0,30.0,30.0,31.05,4.0,89.0,0.7507349145507812,True,CALL,2028-01-21,MP
MP280121C00050000,50.0,26.75,26.0,29.2,4.0,293.0,0.713992117919922,True,CALL,2028-01-21,MP
MP280121C00055000,55.0,26.0,24.5,28.4,35.0,256.0,0.7376735217285155,True,CALL,2028-01-21,MP
MP280121C00060000,60.0,25.3,24.0,26.4,104.0,642.0,0.7502466381835937,True,CALL,2028-01-21,MP
MP280121C00065000,65.0,21.19,21.1,25.1,4.0,349.0,0.7298610998535155,False,CALL,2028-01-21,MP
MP280121C00070000,70.0,21.75,21.25,22.45,27.0,438.0,0.7334011035156249,False,CALL,2028-01-21,MP
MP280121C00075000,75.0,20.8,19.05,21.35,15.0,407.0,0.7211941943359376,False,CALL,2028-01-21,MP
MP280121P00045000,45.0,9.3,9.45,11.95,2.0,100.0,0.6171302935791017,False,PUT,2028-01-21,MP
MP280121P00050000,50.0,12.4,12.1,14.8,1.0,10055.0,0.6163978790283204,False,PUT,2028-01-21,MP
MP280121P00055000,55.0,16.59,14.85,16.9,8.0,371.0,0.5971109625244142,False,PUT,2028-01-21,MP
MP280121P00060000,60.0,19.26,17.9,21.0,10.0,555.0,0.6102944244384767,False,PUT,2028-01-21,MP
MP280121P00065000,65.0,23.4,21.65,25.3,2.0,68.0,0.63086306640625,True,PUT,2028-01-21,MP
MP280121P00070000,70.0,25.68,24.05,29.0,1.0,25.0,0.6160316717529297,True,PUT,2028-01-21,MP
MP280121P00075000,75.0,27.1,28.05,32.65,20.0,10349.0,0.6207313317871095,True,PUT,2028-01-21,MP
MRK260130C00085000,85.0,21.76,22.45,26.05,2.0,3.0,2.967776018066406,True,CALL,2026-01-30,MRK
MRK260130C00086000,86.0,20.87,21.5,24.6,2.0,4.0,2.5332067919921872,True,CALL,2026-01-30,MRK
MRK260130C00087000,87.0,19.79,20.45,23.6,2.0,16.0,2.441410146484375,True,CALL,2026-01-30,MRK
MRK260130C00088000,88.0,20.93,19.9,22.05,2.0,15.0,1.8144540527343749,True,CALL,2026-01-30,MRK
MRK260130C00089000,89.0,20.04,19.05,20.95,1.0,2.0,1.5937520312499998,True,CALL,2026-01-30,MRK
MRK260130C00090000,90.0,17.87,18.3,19.65,1.0,4.0,1.0000000000000003e-05,True,CALL,2026-01-30,MRK
MRK260130C00091000,91.0,17.9,17.15,18.7,10.0,11.0,1.0000000000000003e-05,True,CALL,2026-01-30,MRK
MRK260130C00092000,92.0,17.0,16.25,17.75,11.0,13.0,1.0000000000000003e-05,True,CALL,2026-01-30,MRK
MRK260130C00093000,93.0,16.06,15.25,16.85,2.0,6.0,1.12891060546875,True,CALL,2026-01-30,MRK
MRK260130C00094000,94.0,14.38,13.45,15.85,2.0,7.0,1.0664109179687502,True,CALL,2026-01-30,MRK
MRK260130C00095000,95.0,13.99,13.95,14.7,38.0,106.0,1.0000000000000003e-05,True,CALL,2026-01-30,MRK
MRK260130C00096000,96.0,14.75,11.45,13.75,1.0,11.0,1.0000000000000003e-05,True,CALL,2026-01-30,MRK
MRK260130C00097000,97.0,14.43,10.45,12.75,2.0,10.0,1.0000000000000003e-05,True,CALL,2026-01-30,MRK
MRK260130C00098000,98.0,9.35,9.45,11.75,1.0,1.0,1.0000000000000003e-05,True,CALL,2026-01-30,MRK
MRK260130C00099000,99.0,8.65,8.45,10.75,1.0,4.0,1.0000000000000003e-05,True,CALL,2026-01-30,MRK
MRK260130C00100000,100.0,9.25,8.85,9.7,39.0,76.0,1.0000000000000003e-05,True,CALL,2026-01-30,MRK
MRK260130C00101000,101.0,6.75,6.45,8.7,3.0,13.0,1.0000000000000003e-05,True,CALL,2026-01-30,MRK
MRK260130C00102000,102.0,5.2,5.45,7.7,10.0,17.0,1.0000000000000003e-05,True,CALL,2026-01-30,MRK
MRK260130C00103000,103.0,5.86,5.65,6.8,50.0,97.0,0.42188078125,True,CALL,2026-01-30,MRK
MRK260130C00104000,104.0,2.39,4.05,5.85,9.0,52.0,0.445318046875,True,CALL,2026-01-30,MRK
MRK260130C00105000,105.0,3.91,3.7,4.9,85.0,239.0,0.42969320312500003,True,CALL,2026-01-30,MRK
MRK260130C00106000,106.0,3.45,2.82,3.75,113.0,378.0,1.0000000000000003e-05,True,CALL,2026-01-30,MRK
MRK260130C00107000,107.0,2.15,1.99,2.78,167.0,309.0,0.1562584375,True,CALL,2026-01-30,MRK
MRK260130C00108000,108.0,1.84,1.65,1.85,373.0,1349.0,0.17774259765625,True,CALL,2026-01-30,MRK
MRK260130C00109000,109.0,0.95,1.0,1.3,386.0,1201.0,0.26563234375,True,CALL,2026-01-30,MRK
MRK260130C00110000,110.0,0.6,0.53,0.65,640.0,1770.0,0.233406103515625,False,CALL,2026-01-30,MRK
MRK260130C00111000,111.0,0.22,0.19,0.3,271.0,3560.0,0.233406103515625,False,CALL,2026-01-30,MRK
MRK260130C00112000,112.0,0.1,0.06,0.14,132.0,776.0,0.247077841796875,False,CALL,2026-01-30,MRK
MRK260130C00113000,113.0,0.03,0.03,0.05,35.0,27814.0,0.24805439453125,False,CALL,2026-01-30,MRK
MRK260130C00114000,114.0,0.01,0.01,0.07,11.0,205.0,0.32813171874999997,False,CALL,2026-01-30,MRK
MRK260130C00115000,115.0,0.01,0.0,0.02,75.0,10296.0,0.3086006640625,False,CALL,2026-01-30,MRK
MRK260130C00116000,116.0,0.02,0.0,0.55,60.0,345.0,0.6113320117187502,False,CALL,2026-01-30,MRK
MRK260130C00117000,117.0,0.04,0.0,0.22,2.0,87.0,0.5429733203125001,False,CALL,2026-01-30,MRK
MRK260130C00118000,118.0,0.01,0.0,0.01,1.0,22.0,0.4062559375,False,CALL,2026-01-30,MRK
MRK260130C00119000,119.0,0.01,0.0,0.03,3.0,111.0,0.523442265625,False,CALL,2026-01-30,MRK
MRK260130C00120000,120.0,0.01,0.0,0.05,5.0,47.0,0.5546919531250001,False,CALL,2026-01-30,MRK
MRK260130C00121000,121.0,0.22,0.0,0.75,,3.0,0.999023447265625,False,CALL,2026-01-30,MRK
MRK260130C00122000,122.0,0.01,0.0,0.75,,21.0,1.0605515722656251,False,CALL,2026-01-30,MRK
MRK260130C00125000,125.0,0.01,0.0,0.75,20.0,25.0,1.2343788281249999,False,CALL,2026-01-30,MRK
MRK260130P00080000,80.0,0.14,0.0,0.01,,0.0,1.4375028125,False,PUT,2026-01-30,MRK
MRK260130P00085000,85.0,0.06,0.0,2.13,1.0,6.0,2.816409208984375,False,PUT,2026-01-30,MRK
MRK260130P00088000,88.0,0.37,0.0,0.01,,34.0,1.0625046875000002,False,PUT,2026-01-30,MRK
MRK260130P00089000,89.0,0.29,0.0,0.54,1.0,1.0,1.732423212890625,False,PUT,2026-01-30,MRK
MRK260130P00090000,90.0,0.17,0.0,0.05,3.0,3.0,1.1328168359375002,False,PUT,2026-01-30,MRK
MRK260130P00091000,91.0,0.01,0.0,0.17,25.0,12.0,1.2812535937499998,False,PUT,2026-01-30,MRK
MRK260130P00092000,92.0,0.01,0.0,0.75,10.0,30.0,1.619142529296875,False,PUT,2026-01-30,MRK
MRK260130P00093000,93.0,0.1,0.0,0.03,14.0,18.0,0.9062509375,False,PUT,2026-01-30,MRK
MRK260130P00094000,94.0,0.23,0.0,0.75,6.0,18.0,1.4628933105468749,False,PUT,2026-01-30,MRK
MRK260130P00095000,95.0,0.05,0.0,0.05,2.0,32.0,0.85937640625,False,PUT,2026-01-30,MRK
MRK260130P00096000,96.0,0.83,0.0,0.75,1.0,99.0,1.3066440917968747,False,PUT,2026-01-30,MRK
MRK260130P00097000,97.0,0.06,0.01,0.05,8.0,32.0,0.7656273437500001,False,PUT,2026-01-30,MRK
MRK260130P00098000,98.0,0.08,0.0,0.03,4.0,38.0,0.648441015625,False,PUT,2026-01-30,MRK
MRK260130P00099000,99.0,0.02,0.01,0.03,4.0,31.0,0.6171913281250001,False,PUT,2026-01-30,MRK
MRK260130P00100000,100.0,0.02,0.01,0.1,17.0,263.0,0.6601596484375001,False,PUT,2026-01-30,MRK
MRK260130P00101000,101.0,0.03,0.0,0.03,3.0,116.0,0.5468795312500001,False,PUT,2026-01-30,MRK
MRK260130P00102000,102.0,0.05,0.0,0.05,2.0,157.0,0.5312546875,False,PUT,2026-01-30,MRK
MRK260130P00103000,103.0,0.08,0.01,0.13,7.0,2225.0,0.5019581054687501,False,PUT,2026-01-30,MRK
MRK260130P00104000,104.0,0.14,0.01,0.5,7.0,218.0,0.5986368261718751,False,PUT,2026-01-30,MRK
MRK260130P00105000,105.0,0.09,0.05,0.09,83.0,745.0,0.39649041015625003,False,PUT,2026-01-30,MRK
MRK260130P00106000,106.0,0.14,0.07,0.17,91.0,369.0,0.389654541015625,False,PUT,2026-01-30,MRK
MRK260130P00107000,107.0,0.25,0.13,0.31,38.0,1361.0,0.38477177734374995,False,PUT,2026-01-30,MRK
MRK260130P00108000,108.0,0.54,0.19,0.3,146.0,821.0,0.2890696093749999,False,PUT,2026-01-30,MRK
MRK260130P00109000,109.0,0.7,0.52,0.87,50.0,1031.0,0.37695935546875,False,PUT,2026-01-30,MRK
MRK260130P00110000,110.0,1.49,1.0,1.62,51.0,1833.0,0.463872548828125,True,PUT,2026-01-30,MRK
MRK260130P00111000,111.0,2.15,1.65,2.48,2.0,108.0,0.55273884765625,True,PUT,2026-01-30,MRK
MRK260130P00112000,112.0,3.21,2.42,3.3,6.0,103.0,0.6084023535156251,True,PUT,2026-01-30,MRK
MRK260130P00113000,113.0,2.37,3.25,4.55,103.0,4.0,0.5654340332031251,True,PUT,2026-01-30,MRK
MRK260130P00114000,114.0,5.0,4.3,6.6,,0.0,0.8642591699218749,True,PUT,2026-01-30,MRK
MRK260130P00115000,115.0,7.15,5.25,6.05,2.0,0.0,0.62305064453125,True,PUT,2026-01-30,MRK
MRK260130P00116000,116.0,9.82,5.7,8.6,,0.0,0.92773509765625,True,PUT,2026-01-30,MRK
MRK260130P00117000,117.0,5.95,7.1,9.6,10.0,0.0,1.0927779736328125,True,PUT,2026-01-30,MRK
MRK260206C00080000,80.0,27.36,27.45,29.9,1.0,1.0,1.0058643457031249,True,CALL,2026-02-06,MRK
MRK260206C00090000,90.0,21.18,17.5,19.9,16.0,16.0,0.6757844921875001,True,CALL,2026-02-06,MRK
MRK260206C00095000,95.0,14.16,13.3,15.15,37.0,42.0,0.6523472265625001,True,CALL,2026-02-06,MRK
MRK260206C00099000,99.0,10.0,8.8,11.1,1.0,5.0,0.48682153808593753,True,CALL,2026-02-06,MRK
MRK260206C00100000,100.0,9.63,9.2,10.1,19.0,19.0,0.4506890869140625,True,CALL,2026-02-06,MRK
MRK260206C00101000,101.0,6.6,6.95,9.2,2.0,27.0,0.4467828759765625,True,CALL,2026-02-06,MRK
MRK260206C00102000,102.0,6.5,6.1,8.35,5.0,20.0,0.44922425781249997,True,CALL,2026-02-06,MRK
MRK260206C00103000,103.0,5.05,5.2,7.45,11.0,8.0,0.4321345849609375,True,CALL,2026-02-06,MRK
MRK260206C00104000,104.0,6.16,5.55,6.8,3.0,29.0,0.46191944335937507,True,CALL,2026-02-06,MRK
MRK260206C00105000,105.0,5.2,5.4,5.85,32.0,595.0,0.4233456103515625,True,CALL,2026-02-06,MRK
MRK260206C00106000,106.0,4.65,4.65,5.15,2.0,64.0,0.42578699218750005,True,CALL,2026-02-06,MRK
MRK260206C00107000,107.0,4.1,4.05,4.45,15.0,153.0,0.41992767578125,True,CALL,2026-02-06,MRK
MRK260206C00108000,108.0,3.64,3.4,3.75,73.0,207.0,0.40650007568359375,True,CALL,2026-02-06,MRK
MRK260206C00109000,109.0,2.96,2.8,3.2,18.0,274.0,0.40796490478515623,True,CALL,2026-02-06,MRK
MRK260206C00110000,110.0,2.55,2.45,2.61,354.0,535.0,0.3952697192382813,False,CALL,2026-02-06,MRK
MRK260206C00111000,111.0,2.0,1.94,2.18,16.0,417.0,0.397466962890625,False,CALL,2026-02-06,MRK
MRK260206C00112000,112.0,1.6,1.6,1.82,135.0,653.0,0.40210558837890625,False,CALL,2026-02-06,MRK
MRK260206C00113000,113.0,1.29,1.31,1.47,99.0,672.0,0.40015248291015626,False,CALL,2026-02-06,MRK
MRK260206C00114000,114.0,1.0,0.88,1.12,16.0,212.0,0.3891662646484375,False,CALL,2026-02-06,MRK
MRK260206C00115000,115.0,0.8,0.67,0.87,67.0,313.0,0.38672488281249995,False,CALL,2026-02-06,MRK
MRK260206C00116000,116.0,0.6,0.49,0.7,61.0,226.0,0.39160764648437496,False,CALL,2026-02-06,MRK
MRK260206C00117000,117.0,0.23,0.37,0.7,96.0,127.0,0.4282283740234375,False,CALL,2026-02-06,MRK
MRK260206C00118000,118.0,0.13,0.15,0.43,1.0,184.0,0.39649041015625003,False,CALL,2026-02-06,MRK
MRK260206C00119000,119.0,0.17,0.0,0.31,5.0,131.0,0.39111937011718745,False,CALL,2026-02-06,MRK
MRK260206C00120000,120.0,0.15,0.13,0.22,8.0,80.0,0.38672488281249995,False,CALL,2026-02-06,MRK
MRK260206C00121000,121.0,0.28,0.0,0.2,4.0,4.0,0.405279384765625,False,CALL,2026-02-06,MRK
MRK260206C00122000,122.0,0.09,0.0,0.87,21.0,28.0,0.5195360546875,False,CALL,2026-02-06,MRK
MRK260206C00123000,123.0,0.23,0.0,0.82,,4.0,0.5400436621093752,False,CALL,2026-02-06,MRK
MRK260206C00124000,124.0,0.18,0.0,0.82,,10.0,0.5678754150390625,False,CALL,2026-02-06,MRK
MRK260206P00085000,85.0,0.15,0.0,0.02,4.0,13.0,0.6093789062500001,False,PUT,2026-02-06,MRK
MRK260206P00090000,90.0,0.04,0.02,0.11,20.0,32.0,0.6093789062500001,False,PUT,2026-02-06,MRK
MRK260206P00091000,91.0,0.01,0.0,0.76,2.0,2.0,0.8037129003906249,False,PUT,2026-02-06,MRK
MRK260206P00092000,92.0,0.28,0.0,0.36,1.0,1.0,0.6543003320312502,False,PUT,2026-02-06,MRK
MRK260206P00093000,93.0,0.32,0.0,0.75,1.0,15.0,0.726565234375,False,PUT,2026-02-06,MRK
MRK260206P00094000,94.0,0.16,0.0,0.18,6.0,5.0,0.51758294921875,False,PUT,2026-02-06,MRK
MRK260206P00095000,95.0,0.26,0.01,0.26,2.0,12.0,0.52539537109375,False,PUT,2026-02-06,MRK
MRK260206P00096000,96.0,0.33,0.0,0.75,3.0,60.0,0.6162147753906251,False,PUT,2026-02-06,MRK
MRK260206P00097000,97.0,0.32,0.03,0.4,2.0,15.0,0.507817421875,False,PUT,2026-02-06,MRK
MRK260206P00098000,98.0,0.24,0.2,0.27,4.0,35.0,0.500005,False,PUT,2026-02-06,MRK
MRK260206P00099000,99.0,0.49,0.05,0.55,4.0,33.0,0.5625043750000001,False,PUT,2026-02-06,MRK
MRK260206P00100000,100.0,0.38,0.34,0.45,73.0,99.0,0.4931691308593751,False,PUT,2026-02-06,MRK
MRK260206P00101000,101.0,0.62,0.37,0.92,11.0,140.0,0.508793974609375,False,PUT,2026-02-06,MRK
MRK260206P00102000,102.0,0.63,0.55,0.65,31.0,109.0,0.4682670361328125,False,PUT,2026-02-06,MRK
MRK260206P00103000,103.0,0.8,0.6,0.84,24.0,1376.0,0.4694877270507813,False,PUT,2026-02-06,MRK
MRK260206P00104000,104.0,0.95,0.84,1.06,21.0,103.0,0.4687553125,False,PUT,2026-02-06,MRK
MRK260206P00105000,105.0,1.19,1.08,1.28,55.0,176.0,0.46094289062500005,False,PUT,2026-02-06,MRK
MRK260206P00106000,106.0,1.53,1.28,1.58,9.0,80.0,0.4602104760742188,False,PUT,2026-02-06,MRK
MRK260206P00107000,107.0,1.8,1.61,1.91,9.0,211.0,0.45703667968750006,False,PUT,2026-02-06,MRK
MRK260206P00108000,108.0,3.05,2.02,2.28,3.0,497.0,0.45264219238281256,False,PUT,2026-02-06,MRK
MRK260206P00109000,109.0,2.72,2.41,2.7,6.0,30.0,0.4484918432617187,False,PUT,2026-02-06,MRK
MRK260206P00110000,110.0,3.1,2.85,3.2,1765.0,1865.0,0.4484918432617187,True,PUT,2026-02-06,MRK
MRK260206P00111000,111.0,3.87,3.35,3.8,1.0,39.0,0.4555718505859375,True,PUT,2026-02-06,MRK
MRK260206P00112000,112.0,4.3,4.0,4.4,1.0,3.0,0.4555718505859375,True,PUT,2026-02-06,MRK
MRK260206P00113000,113.0,6.5,4.65,5.05,3.0,4.0,0.45606012695312503,True,PUT,2026-02-06,MRK
MRK260206P00114000,114.0,4.65,5.3,5.75,,3.0,0.4572808178710938,True,PUT,2026-02-06,MRK
MRK260213C00090000,90.0,21.62,17.65,20.05,4.0,5.0,0.58789474609375,True,CALL,2026-02-13,MRK
MRK260213C00092000,92.0,18.79,15.7,18.3,,17.0,0.6210975390625001,True,CALL,2026-02-13,MRK
MRK260213C00096000,96.0,16.18,11.85,14.3,,6.0,0.5039112109375,True,CALL,2026-02-13,MRK
MRK260213C00097000,97.0,12.0,11.8,13.15,4.0,2.0,0.43408769042968753,True,CALL,2026-02-13,MRK
MRK260213C00099000,99.0,11.8,10.3,11.55,,1.0,0.46973186523437505,True,CALL,2026-02-13,MRK
MRK260213C00100000,100.0,7.73,8.1,10.35,1.0,27.0,0.397466962890625,True,CALL,2026-02-13,MRK
MRK260213C00101000,101.0,7.34,8.2,9.5,1.0,2.0,0.3969786865234375,True,CALL,2026-02-13,MRK
MRK260213C00102000,102.0,6.88,6.35,8.6,1.0,1.0,0.3825745336914062,True,CALL,2026-02-13,MRK
MRK260213C00103000,103.0,5.2,6.4,7.95,2.0,4.0,0.40430283203125,True,CALL,2026-02-13,MRK
MRK260213C00104000,104.0,6.65,5.4,6.95,1.0,11.0,0.36817038085937503,True,CALL,2026-02-13,MRK
MRK260213C00105000,105.0,4.61,5.8,6.25,2.0,13.0,0.3715883154296875,True,CALL,2026-02-13,MRK
MRK260213C00106000,106.0,5.08,4.95,5.55,3.0,25.0,0.36939107177734376,True,CALL,2026-02-13,MRK
MRK260213C00107000,107.0,4.6,4.55,4.8,20.0,141.0,0.3562076098632812,True,CALL,2026-02-13,MRK
MRK260213C00108000,108.0,3.65,4.05,4.25,6.0,142.0,0.36133451171875,True,CALL,2026-02-13,MRK
MRK260213C00109000,109.0,3.16,3.35,3.65,40.0,192.0,0.35547519531249994,True,CALL,2026-02-13,MRK
MRK260213C00110000,110.0,2.8,2.93,3.1,53.0,85.0,0.3498600170898437,False,CALL,2026-02-13,MRK
MRK260213C00111000,111.0,1.57,2.45,2.6,5.0,26.0,0.34448897705078124,False,CALL,2026-02-13,MRK
MRK260213C00112000,112.0,1.86,2.04,2.17,8.0,98.0,0.34107104248046877,False,CALL,2026-02-13,MRK
MRK260213C00113000,113.0,1.41,1.69,1.88,17.0,833.0,0.34839518798828123,False,CALL,2026-02-13,MRK
MRK260213C00114000,114.0,1.01,1.34,1.49,2.0,95.0,0.3386296606445312,False,CALL,2026-02-13,MRK
MRK260213C00115000,115.0,1.05,1.0,1.21,7.0,90.0,0.33667655517578127,False,CALL,2026-02-13,MRK
MRK260213C00116000,116.0,0.55,0.79,0.96,4.0,303.0,0.33301448242187504,False,CALL,2026-02-13,MRK
MRK260213C00117000,117.0,0.68,0.63,0.76,39.0,2516.0,0.331061376953125,False,CALL,2026-02-13,MRK
MRK260213C00118000,118.0,0.58,0.41,0.59,2.0,14.0,0.32813171874999997,False,CALL,2026-02-13,MRK
MRK260213C00119000,119.0,0.47,0.35,0.62,2.0,15.0,0.3588931298828125,False,CALL,2026-02-13,MRK
MRK260213C00120000,120.0,0.29,0.28,0.39,9.0,2530.0,0.334967587890625,False,CALL,2026-02-13,MRK
MRK260213C00121000,121.0,0.15,0.0,0.76,40.0,65.0,0.43408769042968753,False,CALL,2026-02-13,MRK
MRK260213C00122000,122.0,0.24,0.0,1.93,2.0,3.0,0.6440465283203125,False,CALL,2026-02-13,MRK
MRK260213C00123000,123.0,0.18,0.0,1.73,2.0,26.0,0.5014698291015626,False,CALL,2026-02-13,MRK
MRK260213C00124000,124.0,0.26,0.0,2.0,,4.0,0.5500533276367189,False,CALL,2026-02-13,MRK
MRK260213C00125000,125.0,0.31,0.0,0.75,2.0,6.0,0.5251512329101562,False,CALL,2026-02-13,MRK
MRK260213P00091000,91.0,0.18,0.0,1.25,,8.0,0.6806672558593752,False,PUT,2026-02-13,MRK
MRK260213P00092000,92.0,0.19,0.0,1.23,,3.0,0.647464462890625,False,PUT,2026-02-13,MRK
MRK260213P00093000,93.0,0.26,0.0,1.28,2.0,9.0,0.624027197265625,False,PUT,2026-02-13,MRK
MRK260213P00094000,94.0,0.29,0.07,0.32,2.0,18.0,0.4985401708984375,False,PUT,2026-02-13,MRK
MRK260213P00095000,95.0,0.26,0.15,0.34,4.0,18.0,0.47852083984375,False,PUT,2026-02-13,MRK
MRK260213P00096000,96.0,0.37,0.06,0.37,2.0,119.0,0.46045461425781253,False,PUT,2026-02-13,MRK
MRK260213P00097000,97.0,0.43,0.25,0.36,2.0,126.0,0.42969320312500003,False,PUT,2026-02-13,MRK
MRK260213P00098000,98.0,0.5,0.16,0.5,2.0,15.0,0.43945873046875,False,PUT,2026-02-13,MRK
MRK260213P00099000,99.0,0.6,0.36,0.94,2.0,30.0,0.5014698291015626,False,PUT,2026-02-13,MRK
MRK260213P00100000,100.0,0.56,0.47,0.61,8.0,59.0,0.405279384765625,False,PUT,2026-02-13,MRK
MRK260213P00101000,101.0,0.82,0.59,0.76,2.0,14.0,0.40332627929687503,False,PUT,2026-02-13,MRK
MRK260213P00102000,102.0,1.18,0.37,0.95,21.0,307.0,0.40381455566406255,False,PUT,2026-02-13,MRK
MRK260213P00103000,103.0,1.01,0.89,1.03,52.0,35.0,0.38233039550781245,False,PUT,2026-02-13,MRK
MRK260213P00104000,104.0,1.67,0.97,1.29,3.0,40.0,0.3845276391601562,False,PUT,2026-02-13,MRK
MRK260213P00105000,105.0,1.39,1.32,1.54,1.0,75.0,0.38013315185546875,False,PUT,2026-02-13,MRK
MRK260213P00106000,106.0,1.89,1.62,1.9,1.0,9.0,0.38477177734374995,False,PUT,2026-02-13,MRK
MRK260213P00107000,107.0,2.35,1.9,2.21,4.0,31.0,0.37793590820312495,False,PUT,2026-02-13,MRK
MRK260213P00108000,108.0,3.31,2.29,2.66,1.0,170.0,0.38233039550781245,False,PUT,2026-02-13,MRK
MRK260213P00109000,109.0,3.06,2.79,3.15,1.0,19.0,0.3857483300781249,False,PUT,2026-02-13,MRK
MRK260213P00110000,110.0,3.63,3.2,3.7,2.0,33.0,0.39087523193359375,True,PUT,2026-02-13,MRK
MRK260213P00111000,111.0,4.22,3.75,4.05,2.0,2.0,0.36914693359375,True,PUT,2026-02-13,MRK
MRK260213P00112000,112.0,4.6,4.3,4.6,3.0,37.0,0.3640200317382813,True,PUT,2026-02-13,MRK
MRK260220C00080000,80.0,28.1,27.6,30.1,4.0,29.0,0.74414318359375,True,CALL,2026-02-20,MRK
MRK260220C00085000,85.0,22.71,22.65,24.9,122.0,632.0,0.523442265625,True,CALL,2026-02-20,MRK
MRK260220C00090000,90.0,18.4,17.75,20.05,1.0,687.0,0.49023947265625006,True,CALL,2026-02-20,MRK
MRK260220C00095000,95.0,14.91,14.6,15.2,13.0,3353.0,0.42090422851562503,True,CALL,2026-02-20,MRK
MRK260220C00097000,97.0,14.6,11.0,13.25,,1.0,0.3852600537109374,True,CALL,2026-02-20,MRK
MRK260220C00098000,98.0,14.03,10.5,12.5,,2.0,0.40918559570312496,True,CALL,2026-02-20,MRK
MRK260220C00100000,100.0,10.1,9.65,10.55,48.0,3407.0,0.36524072265625,True,CALL,2026-02-20,MRK
MRK260220C00101000,101.0,9.45,9.25,9.6,4.0,5.0,0.3461979443359374,True,CALL,2026-02-20,MRK
MRK260220C00103000,103.0,6.76,5.85,8.0,4.0,4.0,0.34326828613281246,True,CALL,2026-02-20,MRK
MRK260220C00105000,105.0,6.23,6.05,6.5,252.0,6201.0,0.336920693359375,True,CALL,2026-02-20,MRK
MRK260220C00106000,106.0,5.05,5.4,5.9,1.0,27.0,0.3435124243164062,True,CALL,2026-02-20,MRK
MRK260220C00107000,107.0,3.9,4.65,5.05,7.0,22.0,0.32141791870117187,True,CALL,2026-02-20,MRK
MRK260220C00108000,108.0,3.75,4.05,4.45,4.0,178.0,0.32019722778320303,True,CALL,2026-02-20,MRK
MRK260220C00109000,109.0,3.4,3.6,3.95,21.0,249.0,0.32398136962890617,True,CALL,2026-02-20,MRK
MRK260220C00110000,110.0,3.35,3.1,3.45,872.0,6264.0,0.3237372314453124,False,CALL,2026-02-20,MRK
MRK260220C00111000,111.0,2.76,2.5,2.86,47.0,72.0,0.3110420458984374,False,CALL,2026-02-20,MRK
MRK260220C00112000,112.0,2.31,2.12,2.42,13.0,203.0,0.3078682495117187,False,CALL,2026-02-20,MRK
MRK260220C00113000,113.0,1.79,1.75,2.08,2.0,258.0,0.30982135498046875,False,CALL,2026-02-20,MRK
MRK260220C00114000,114.0,1.64,1.44,1.73,10.0,238.0,0.30689169677734374,False,CALL,2026-02-20,MRK
MRK260220C00115000,115.0,1.34,1.3,1.45,70.0,11359.0,0.30676962768554683,False,CALL,2026-02-20,MRK
MRK260220C00116000,116.0,0.58,0.78,1.28,30.0,430.0,0.3149482568359374,False,CALL,2026-02-20,MRK
MRK260220C00117000,117.0,0.9,0.81,1.04,4.0,59.0,0.31201859863281245,False,CALL,2026-02-20,MRK
MRK260220C00118000,118.0,0.37,0.51,0.8,1.0,19.0,0.3039620385742187,False,CALL,2026-02-20,MRK
MRK260220C00119000,119.0,0.4,0.44,0.64,1.0,930.0,0.30225307128906254,False,CALL,2026-02-20,MRK
MRK260220C00120000,120.0,0.45,0.4,0.55,12.0,10798.0,0.30811238769531246,False,CALL,2026-02-20,MRK
MRK260220C00121000,121.0,0.24,0.03,0.41,5.0,59.0,0.301764794921875,False,CALL,2026-02-20,MRK
MRK260220C00125000,125.0,0.14,0.09,0.15,5.0,502.0,0.29932341308593746,False,CALL,2026-02-20,MRK
MRK260220C00130000,130.0,0.06,0.0,0.06,1.0,256.0,0.31836619140624994,False,CALL,2026-02-20,MRK
MRK260220C00135000,135.0,0.05,0.0,0.25,1.0,13.0,0.477544287109375,False,CALL,2026-02-20,MRK
MRK260220C00140000,140.0,0.06,0.0,0.05,1.0,13.0,0.42383388671875,False,CALL,2026-02-20,MRK
MRK260220P00080000,80.0,0.07,0.0,0.03,10.0,255.0,0.5195360546875,False,PUT,2026-02-20,MRK
MRK260220P00085000,85.0,0.06,0.02,0.11,7.0,1374.0,0.5136767382812499,False,PUT,2026-02-20,MRK
MRK260220P00090000,90.0,0.14,0.11,0.22,3.0,4599.0,0.4687553125,False,PUT,2026-02-20,MRK
MRK260220P00095000,95.0,0.32,0.23,0.4,5.0,3371.0,0.415044912109375,False,PUT,2026-02-20,MRK
MRK260220P00098000,98.0,0.61,0.42,0.59,2.0,23.0,0.3845276391601562,False,PUT,2026-02-20,MRK
MRK260220P00099000,99.0,0.6,0.51,0.68,4.0,16.0,0.37573866455078125,False,PUT,2026-02-20,MRK
MRK260220P00100000,100.0,0.72,0.6,0.74,17.0,5258.0,0.35986968261718744,False,PUT,2026-02-20,MRK
MRK260220P00101000,101.0,0.89,0.73,0.87,1.0,175.0,0.3530338134765625,False,PUT,2026-02-20,MRK
MRK260220P00102000,102.0,1.02,0.89,1.12,1.0,205.0,0.35962554443359374,False,PUT,2026-02-20,MRK
MRK260220P00103000,103.0,1.27,1.03,1.29,1.0,105.0,0.3513248461914062,False,PUT,2026-02-20,MRK
MRK260220P00104000,104.0,1.35,1.28,1.45,1.0,126.0,0.3393620751953125,False,PUT,2026-02-20,MRK
MRK260220P00105000,105.0,1.68,1.58,1.67,40.0,2682.0,0.331061376953125,False,PUT,2026-02-20,MRK
MRK260220P00106000,106.0,2.15,1.85,2.32,3.0,65.0,0.3631655480957031,False,PUT,2026-02-20,MRK
MRK260220P00107000,107.0,2.32,2.12,2.5,13.0,153.0,0.34326828613281246,False,PUT,2026-02-20,MRK
MRK260220P00108000,108.0,2.71,2.58,2.97,11.0,60.0,0.3479069116210937,False,PUT,2026-02-20,MRK
MRK260220P00109000,109.0,3.15,3.0,3.4,23.0,50.0,0.344733115234375,False,PUT,2026-02-20,MRK
MRK260220P00110000,110.0,3.65,3.45,3.8,300.0,1612.0,0.3350896569824219,True,PUT,2026-02-20,MRK
MRK260220P00111000,111.0,4.4,4.05,4.5,6.0,12.0,0.3490055334472656,True,PUT,2026-02-20,MRK
MRK260220P00112000,112.0,4.75,4.6,5.1,15.0,40.0,0.3501041552734374,True,PUT,2026-02-20,MRK
MRK260220P00113000,113.0,6.63,5.2,5.7,2.0,4.0,0.34766277343749996,True,PUT,2026-02-20,MRK
MRK260220P00115000,115.0,8.65,6.55,7.1,1.0,86.0,0.35108070800781244,True,PUT,2026-02-20,MRK
MRK260220P00117000,117.0,6.9,8.15,10.3,,1.0,0.5297898583984376,True,PUT,2026-02-20,MRK
MRK260220P00120000,120.0,11.2,10.45,12.55,10.0,13.0,0.5334519311523438,True,PUT,2026-02-20,MRK
MRK260220P00125000,125.0,20.47,0.0,16.25,79.0,0.0,0.48242705078125003,True,PUT,2026-02-20,MRK
MRK260227C00097000,97.0,14.48,11.85,13.6,,1.0,0.3967345483398438,True,CALL,2026-02-27,MRK
MRK260227C00100000,100.0,10.68,8.55,10.9,,8.0,0.3657289990234375,True,CALL,2026-02-27,MRK
MRK260227C00101000,101.0,9.35,8.95,10.0,13.0,2.0,0.352545537109375,True,CALL,2026-02-27,MRK
MRK260227C00102000,102.0,7.77,7.9,9.5,1.0,48.0,0.3806214282226562,True,CALL,2026-02-27,MRK
MRK260227C00103000,103.0,7.8,7.05,8.45,2.0,3.0,0.34754070434570306,True,CALL,2026-02-27,MRK
MRK260227C00104000,104.0,7.82,7.05,7.8,2.0,3.0,0.35278967529296873,True,CALL,2026-02-27,MRK
MRK260227C00105000,105.0,5.46,6.35,6.85,1.0,124.0,0.32739930419921875,True,CALL,2026-02-27,MRK
MRK260227C00106000,106.0,5.45,5.6,6.35,1.0,23.0,0.34009448974609374,True,CALL,2026-02-27,MRK
MRK260227C00107000,107.0,4.05,5.1,5.45,6.0,8.0,0.31519239501953117,True,CALL,2026-02-27,MRK
MRK260227C00108000,108.0,4.6,4.25,4.85,17.0,28.0,0.3131172204589844,True,CALL,2026-02-27,MRK
MRK260227C00109000,109.0,4.15,4.05,4.35,14.0,44.0,0.31580274047851553,True,CALL,2026-02-27,MRK
MRK260227C00110000,110.0,3.6,3.5,3.75,7.0,71.0,0.3073799731445312,False,CALL,2026-02-27,MRK
MRK260227C00111000,111.0,2.93,3.05,3.35,105.0,33.0,0.31153032226562494,False,CALL,2026-02-27,MRK
MRK260227C00112000,112.0,1.87,2.74,2.9,1.0,31.0,0.3086006640625,False,CALL,2026-02-27,MRK
MRK260227C00114000,114.0,1.2,1.99,2.14,2.0,16.0,0.3043282458496094,False,CALL,2026-02-27,MRK
MRK260227C00115000,115.0,1.64,1.62,1.83,6.0,54.0,0.30335169311523436,False,CALL,2026-02-27,MRK
MRK260227C00116000,116.0,1.2,1.12,1.56,5.0,345.0,0.30298548583984375,False,CALL,2026-02-27,MRK
MRK260227C00117000,117.0,1.07,1.12,1.24,8.0,7.0,0.2941965112304687,False,CALL,2026-02-27,MRK
MRK260227C00118000,118.0,0.68,0.73,1.08,4.0,11.0,0.29834686035156244,False,CALL,2026-02-27,MRK
MRK260227C00119000,119.0,0.8,0.76,0.95,28.0,4.0,0.3034737622070312,False,CALL,2026-02-27,MRK
MRK260227C00120000,120.0,0.46,0.53,0.75,5.0,9.0,0.29761444580078117,False,CALL,2026-02-27,MRK
MRK260227C00122000,122.0,0.47,0.36,0.58,2.0,3.0,0.3083565258789062,False,CALL,2026-02-27,MRK
MRK260227C00123000,123.0,0.34,0.28,0.46,6.0,25.0,0.304694453125,False,CALL,2026-02-27,MRK
MRK260227C00125000,125.0,0.49,0.0,0.93,,40.0,0.4094297338867187,False,CALL,2026-02-27,MRK
MRK260227P00090000,90.0,0.2,0.0,0.87,2.0,6.0,0.5678754150390625,False,PUT,2026-02-27,MRK
MRK260227P00095000,95.0,0.32,0.07,0.9,13.0,28.0,0.45532771240234376,False,PUT,2026-02-27,MRK
MRK260227P00096000,96.0,0.68,0.0,1.83,,2.0,0.5566450585937501,False,PUT,2026-02-27,MRK
MRK260227P00098000,98.0,0.7,0.35,2.7,,1.0,0.5976602734375001,False,PUT,2026-02-27,MRK
MRK260227P00100000,100.0,1.25,0.75,0.95,5.0,31.0,0.3437565625,False,PUT,2026-02-27,MRK
MRK260227P00101000,101.0,1.25,0.93,1.06,1.0,26.0,0.33301448242187504,False,PUT,2026-02-27,MRK
MRK260227P00102000,102.0,0.89,1.01,1.23,1.0,6.0,0.32739930419921875,False,PUT,2026-02-27,MRK
MRK260227P00103000,103.0,1.46,1.3,1.46,1.0,9.0,0.32569033691406246,False,PUT,2026-02-27,MRK
MRK260227P00105000,105.0,2.04,1.75,2.02,11.0,118.0,0.3223944714355468,False,PUT,2026-02-27,MRK
MRK260227P00106000,106.0,2.55,2.11,2.31,2.0,3.0,0.3171455004882812,False,PUT,2026-02-27,MRK
MRK260227P00107000,107.0,3.2,2.46,2.59,2.0,4.0,0.30811238769531246,False,PUT,2026-02-27,MRK
MRK260227P00108000,108.0,3.65,2.84,3.05,1.0,11.0,0.31116411499023433,False,PUT,2026-02-27,MRK
MRK260227P00109000,109.0,3.63,3.35,3.55,10.0,1.0,0.3139717041015625,False,PUT,2026-02-27,MRK
MRK260227P00110000,110.0,3.04,3.8,3.95,,1.0,0.30542686767578126,True,PUT,2026-02-27,MRK
MRK260227P00111000,111.0,4.58,4.35,4.5,4.0,4.0,0.305671005859375,True,PUT,2026-02-27,MRK
MRK260227P00112000,112.0,4.13,4.95,5.1,,9.0,0.30664755859375,True,PUT,2026-02-27,MRK
MRK260227P00113000,113.0,4.95,5.55,6.1,,3.0,0.33740896972656254,True,PUT,2026-02-27,MRK
MRK260306C00105000,105.0,6.9,6.6,7.25,2.0,6.0,0.3272772351074219,True,CALL,2026-03-06,MRK
MRK260306C00107000,107.0,4.7,5.0,5.95,55.0,55.0,0.3215399877929687,True,CALL,2026-03-06,MRK
MRK260306C00108000,108.0,4.92,4.6,5.35,17.0,13.0,0.3186103295898437,True,CALL,2026-03-06,MRK
MRK260306C00110000,110.0,3.9,3.6,4.25,11.0,5.0,0.31250687499999996,False,CALL,2026-03-06,MRK
MRK260306C00116000,116.0,1.04,1.24,1.96,1.0,1.0,0.3061592822265625,False,CALL,2026-03-06,MRK
MRK260306C00117000,117.0,1.45,1.13,1.71,1.0,1.0,0.30664755859375,False,CALL,2026-03-06,MRK
MRK260306C00119000,119.0,0.75,0.95,1.17,1.0,745.0,0.295905478515625,False,CALL,2026-03-06,MRK
MRK260306C00120000,120.0,0.84,0.78,1.0,4.0,184.0,0.29614961669921874,False,CALL,2026-03-06,MRK
MRK260306P00098000,98.0,0.9,0.54,1.36,2.0,2.0,0.401373173828125,False,PUT,2026-03-06,MRK
MRK260306P00100000,100.0,1.11,0.59,1.28,,1.0,0.3464420825195312,False,PUT,2026-03-06,MRK
MRK260306P00103000,103.0,1.94,1.37,1.98,10.0,14.0,0.3403386279296875,False,PUT,2026-03-06,MRK
MRK260306P00105000,105.0,2.0,2.06,2.6,,150.0,0.33740896972656254,False,PUT,2026-03-06,MRK
MRK260306P00108000,108.0,3.75,3.15,3.75,10.0,4.0,0.3315496533203125,False,PUT,2026-03-06,MRK
MRK260306P00110000,110.0,4.63,4.1,4.6,3.0,3.0,0.32166205688476557,True,PUT,2026-03-06,MRK
MRK260306P00113000,113.0,6.45,5.75,6.35,2.0,1.0,0.32227240234374993,True,PUT,2026-03-06,MRK
MRK260320C00080000,80.0,27.95,27.85,31.0,1.0,3519.0,0.681887946777344,True,CALL,2026-03-20,MRK
MRK260320C00085000,85.0,22.2,22.95,25.2,1.0,1249.0,0.44336494140625,True,CALL,2026-03-20,MRK
MRK260320C00090000,90.0,19.9,19.85,20.65,1.0,2651.0,0.43628493408203123,True,CALL,2026-03-20,MRK
MRK260320C00095000,95.0,15.1,15.0,15.8,26.0,3431.0,0.36377589355468753,True,CALL,2026-03-20,MRK
MRK260320C00100000,100.0,11.3,10.65,11.45,4.0,11135.0,0.3298406860351562,True,CALL,2026-03-20,MRK
MRK260320C00105000,105.0,7.35,7.35,7.9,76.0,5496.0,0.3227606787109374,True,CALL,2026-03-20,MRK
MRK260320C00110000,110.0,4.7,4.6,4.75,444.0,8081.0,0.2967599621582031,False,CALL,2026-03-20,MRK
MRK260320C00115000,115.0,2.56,2.59,2.79,58.0,7689.0,0.29688203124999996,False,CALL,2026-03-20,MRK
MRK260320C00120000,120.0,1.29,1.28,1.39,382.0,8249.0,0.28601788208007806,False,CALL,2026-03-20,MRK
MRK260320C00125000,125.0,0.61,0.52,0.69,45.0,1349.0,0.28711650390624993,False,CALL,2026-03-20,MRK
MRK260320C00130000,130.0,0.25,0.02,0.3,3.0,379.0,0.2841868457031249,False,CALL,2026-03-20,MRK
MRK260320C00135000,135.0,0.11,0.01,0.22,5.0,478.0,0.3129951513671875,False,CALL,2026-03-20,MRK
MRK260320C00140000,140.0,0.08,0.0,0.14,1.0,1381.0,0.33008482421874996,False,CALL,2026-03-20,MRK
MRK260320P00080000,80.0,0.12,0.11,0.25,9.0,3570.0,0.47559118164062497,False,PUT,2026-03-20,MRK
MRK260320P00085000,85.0,0.18,0.2,0.27,30.0,1849.0,0.40381455566406255,False,PUT,2026-03-20,MRK
MRK260320P00090000,90.0,0.44,0.42,0.46,43.0,4730.0,0.36914693359375,False,PUT,2026-03-20,MRK
MRK260320P00095000,95.0,0.93,0.71,1.11,43.0,2792.0,0.3737855590820312,False,PUT,2026-03-20,MRK
MRK260320P00100000,100.0,1.68,1.59,1.71,76.0,2383.0,0.33301448242187504,False,PUT,2026-03-20,MRK
MRK260320P00105000,105.0,3.1,2.89,3.1,363.0,7167.0,0.32117378051757806,False,PUT,2026-03-20,MRK
MRK260320P00110000,110.0,5.3,5.15,5.3,50.0,1229.0,0.31677929321289056,True,PUT,2026-03-20,MRK
MRK260320P00115000,115.0,9.93,7.85,8.7,1.0,226.0,0.34107104248046877,True,PUT,2026-03-20,MRK
MRK260320P00120000,120.0,11.0,11.5,14.25,20.0,106.0,0.4758353198242187,True,PUT,2026-03-20,MRK
MRK260320P00125000,125.0,28.9,0.0,0.0,,0.0,1.0000000000000003e-05,True,PUT,2026-03-20,MRK
MRK260417C00080000,80.0,29.14,27.9,30.65,1.0,69.0,0.5007374145507812,True,CALL,2026-04-17,MRK
MRK260417C00085000,85.0,22.4,23.05,25.3,126.0,306.0,0.37354142089843745,True,CALL,2026-04-17,MRK
MRK260417C00090000,90.0,18.07,19.3,20.8,8.0,3401.0,0.36694968994140625,True,CALL,2026-04-17,MRK
MRK260417C00095000,95.0,15.91,15.45,16.2,24.0,9009.0,0.32739930419921875,True,CALL,2026-04-17,MRK
MRK260417C00100000,100.0,11.25,11.6,12.1,21.0,17966.0,0.3078682495117187,True,CALL,2026-04-17,MRK
MRK260417C00105000,105.0,8.05,8.05,8.6,228.0,1320.0,0.2966378930664062,True,CALL,2026-04-17,MRK
MRK260417C00110000,110.0,5.6,5.6,5.75,114.0,2692.0,0.2876047802734374,False,CALL,2026-04-17,MRK
MRK260417C00115000,115.0,3.53,3.5,3.6,64.0,17043.0,0.28040270385742183,False,CALL,2026-04-17,MRK
MRK260417C00120000,120.0,1.98,2.06,2.12,17.0,1136.0,0.2756420092773437,False,CALL,2026-04-17,MRK
MRK260417C00125000,125.0,1.1,1.07,1.19,114.0,2404.0,0.27332269653320307,False,CALL,2026-04-17,MRK
MRK260417C00130000,130.0,0.55,0.46,0.7,8.0,756.0,0.2788158056640625,False,CALL,2026-04-17,MRK
MRK260417C00135000,135.0,0.25,0.07,0.38,22.0,80.0,0.2802806347656249,False,CALL,2026-04-17,MRK
MRK260417C00140000,140.0,0.14,0.07,0.27,1.0,22.0,0.29688203124999996,False,CALL,2026-04-17,MRK
MRK260417P00080000,80.0,0.31,0.09,0.46,20.0,2848.0,0.43140217041015627,False,PUT,2026-04-17,MRK
MRK260417P00085000,85.0,0.54,0.37,0.51,4.0,1304.0,0.37134417724609375,False,PUT,2026-04-17,MRK
MRK260417P00090000,90.0,1.0,0.74,0.87,147.0,1581.0,0.3501041552734374,False,PUT,2026-04-17,MRK
MRK260417P00095000,95.0,1.4,1.32,1.42,35.0,3592.0,0.327155166015625,False,PUT,2026-04-17,MRK
MRK260417P00100000,100.0,2.4,2.3,2.38,36.0,1847.0,0.31153032226562494,False,PUT,2026-04-17,MRK
MRK260417P00105000,105.0,3.95,3.85,4.0,115.0,2218.0,0.3060372131347656,False,PUT,2026-04-17,MRK
MRK260417P00110000,110.0,6.4,6.05,6.15,82.0,799.0,0.2962716857910156,True,PUT,2026-04-17,MRK
MRK260417P00115000,115.0,9.22,8.95,9.05,5.0,46.0,0.2919992675781249,True,PUT,2026-04-17,MRK
MRK260417P00120000,120.0,14.86,12.25,14.55,2.0,9.0,0.3983214465332031,True,PUT,2026-04-17,MRK
MRK260618C00080000,80.0,29.84,28.35,30.7,1.0,2987.0,0.38013315185546875,True,CALL,2026-06-18,MRK
MRK260618C00085000,85.0,25.0,23.75,26.1,1.0,1771.0,0.3573062316894531,True,CALL,2026-06-18,MRK
MRK260618C00090000,90.0,18.83,19.3,21.6,14.0,2770.0,0.3316717224121094,True,CALL,2026-06-18,MRK
MRK260618C00095000,95.0,16.81,17.05,17.65,14.0,2564.0,0.32556826782226556,True,CALL,2026-06-18,MRK
MRK260618C00100000,100.0,12.77,12.55,13.9,7.0,3790.0,0.31165239135742184,True,CALL,2026-06-18,MRK
MRK260618C00105000,105.0,10.25,10.1,10.7,16.0,1870.0,0.3042061767578125,True,CALL,2026-06-18,MRK
MRK260618C00110000,110.0,7.75,7.6,7.95,45.0,2790.0,0.29621065124511714,False,CALL,2026-06-18,MRK
MRK260618C00115000,115.0,5.4,5.5,5.75,11.0,3371.0,0.29090064575195307,False,CALL,2026-06-18,MRK
MRK260618C00120000,120.0,3.75,3.8,4.0,9.0,3893.0,0.2851023638916015,False,CALL,2026-06-18,MRK
MRK260618C00125000,125.0,2.45,2.56,2.7,47.0,4421.0,0.28064684204101553,False,CALL,2026-06-18,MRK
MRK260618C00130000,130.0,1.6,1.66,1.76,85.0,1478.0,0.27649649291992184,False,CALL,2026-06-18,MRK
MRK260618C00135000,135.0,0.89,0.58,1.2,2.0,804.0,0.2790599438476562,False,CALL,2026-06-18,MRK
MRK260618C00140000,140.0,0.71,0.52,0.75,1.0,183.0,0.2761302856445312,False,CALL,2026-06-18,MRK
MRK260618P00080000,80.0,0.72,0.6,0.84,27.0,3490.0,0.3712221081542969,False,PUT,2026-06-18,MRK
MRK260618P00085000,85.0,1.19,1.0,1.5,1.0,3522.0,0.3714662463378906,False,PUT,2026-06-18,MRK
MRK260618P00090000,90.0,1.73,1.55,1.8,24.0,3609.0,0.33020689331054687,False,PUT,2026-06-18,MRK
MRK260618P00095000,95.0,2.7,2.55,2.65,50.0,2027.0,0.31409377319335935,False,PUT,2026-06-18,MRK
MRK260618P00100000,100.0,4.0,3.85,3.95,33.0,3163.0,0.3042061767578125,False,PUT,2026-06-18,MRK
MRK260618P00105000,105.0,5.9,5.7,6.05,13.0,1525.0,0.3092110095214844,False,PUT,2026-06-18,MRK
MRK260618P00110000,110.0,8.15,7.9,8.25,38.0,633.0,0.2991403094482421,True,PUT,2026-06-18,MRK
MRK260618P00115000,115.0,11.2,10.65,11.45,3.0,37.0,0.3087227331542969,True,PUT,2026-06-18,MRK
MRK260618P00120000,120.0,15.56,13.95,16.0,10.0,38.0,0.35468174621582027,True,PUT,2026-06-18,MRK
MRK260618P00125000,125.0,19.85,17.7,19.95,25.0,0.0,0.36737693176269537,True,PUT,2026-06-18,MRK
MRK260618P00130000,130.0,35.42,51.4,53.05,,0.0,1.4403714505004883,True,PUT,2026-06-18,MRK
MRK260618P00140000,140.0,29.95,30.7,33.15,2.0,2.0,0.4138852557373046,True,PUT,2026-06-18,MRK
MRK260717C00080000,80.0,28.46,28.45,30.95,5.0,6.0,0.36902486450195315,True,CALL,2026-07-17,MRK
MRK260717C00085000,85.0,25.47,24.0,26.25,1.0,6.0,0.3363103479003906,True,CALL,2026-07-17,MRK
MRK260717C00090000,90.0,19.85,19.7,22.1,1.0,64.0,0.3303899969482421,True,CALL,2026-07-17,MRK
MRK260717C00095000,95.0,15.4,15.65,18.2,20.0,300.0,0.32166205688476557,True,CALL,2026-07-17,MRK
MRK260717C00100000,100.0,12.65,12.15,14.4,4.0,208.0,0.3034737622070312,True,CALL,2026-07-17,MRK
MRK260717C00105000,105.0,9.41,10.45,11.3,20.0,355.0,0.29822479125976553,True,CALL,2026-07-17,MRK
MRK260717C00110000,110.0,8.25,8.0,8.55,77.0,716.0,0.28992409301757804,False,CALL,2026-07-17,MRK
MRK260717C00115000,115.0,5.9,5.9,6.5,13.0,577.0,0.2902903002929687,False,CALL,2026-07-17,MRK
MRK260717C00120000,120.0,4.43,4.35,4.55,21.0,765.0,0.2795482202148437,False,CALL,2026-07-17,MRK
MRK260717C00125000,125.0,3.05,2.94,3.25,1.0,414.0,0.2779002874755859,False,CALL,2026-07-17,MRK
MRK260717C00130000,130.0,1.72,1.46,2.25,101.0,201.0,0.27539787109374997,False,CALL,2026-07-17,MRK
MRK260717C00135000,135.0,1.25,1.09,1.6,1.0,52.0,0.27735097656249996,False,CALL,2026-07-17,MRK
MRK260717C00140000,140.0,0.77,0.79,1.09,20.0,29.0,0.2766185620117187,False,CALL,2026-07-17,MRK
MRK260717P00080000,80.0,1.0,0.8,1.25,13.0,37.0,0.37573866455078125,False,PUT,2026-07-17,MRK
MRK260717P00085000,85.0,1.62,1.27,1.55,5.0,190.0,0.34180345703125,False,PUT,2026-07-17,MRK
MRK260717P00090000,90.0,2.42,1.9,2.3,50.0,1940.0,0.32923034057617184,False,PUT,2026-07-17,MRK
MRK260717P00095000,95.0,3.1,3.05,3.2,52.0,2065.0,0.31165239135742184,False,PUT,2026-07-17,MRK
MRK260717P00100000,100.0,4.6,4.45,4.65,3.0,1482.0,0.30463341857910153,False,PUT,2026-07-17,MRK
MRK260717P00105000,105.0,6.45,6.25,6.45,38.0,683.0,0.29572237487792963,False,PUT,2026-07-17,MRK
MRK260717P00110000,110.0,8.85,8.5,8.85,7.0,354.0,0.2926096130371093,True,PUT,2026-07-17,MRK
MRK260717P00115000,115.0,12.1,11.25,12.25,20.0,41.0,0.3081734222412109,True,PUT,2026-07-17,MRK
MRK260717P00120000,120.0,13.73,14.25,15.5,3.0,15.0,0.30548790222167965,True,PUT,2026-07-17,MRK
MRK260918C00080000,80.0,33.1,28.85,31.4,4.0,472.0,0.34632001342773433,True,CALL,2026-09-18,MRK
MRK260918C00085000,85.0,26.05,24.55,27.0,5.0,2414.0,0.3293524096679687,True,CALL,2026-09-18,MRK
MRK260918C00090000,90.0,22.5,21.75,22.95,1.0,1208.0,0.32019722778320303,True,CALL,2026-09-18,MRK
MRK260918C00095000,95.0,18.4,17.5,19.2,4.0,681.0,0.31214066772460936,True,CALL,2026-09-18,MRK
MRK260918C00100000,100.0,15.55,15.2,15.9,6.0,12359.0,0.3084175604248046,True,CALL,2026-09-18,MRK
MRK260918C00105000,105.0,12.33,11.3,12.8,1.0,1079.0,0.29968962036132807,True,CALL,2026-09-18,MRK
MRK260918C00110000,110.0,9.75,8.95,10.05,45.0,2207.0,0.2907175421142577,False,CALL,2026-09-18,MRK
MRK260918C00115000,115.0,7.55,7.55,7.85,12.0,216.0,0.2867502966308593,False,CALL,2026-09-18,MRK
MRK260918C00120000,120.0,5.5,5.5,6.05,1.0,277.0,0.28394270751953116,False,CALL,2026-09-18,MRK
MRK260918C00125000,125.0,3.4,4.0,4.55,21.0,253.0,0.28003649658203117,False,CALL,2026-09-18,MRK
MRK260918C00130000,130.0,2.6,2.27,3.4,4.0,729.0,0.2779002874755859,False,CALL,2026-09-18,MRK
MRK260918C00135000,135.0,2.33,1.67,2.4,2.0,64.0,0.27173579833984374,False,CALL,2026-09-18,MRK
MRK260918C00140000,140.0,1.47,1.35,1.94,5.0,191.0,0.2797923583984374,False,CALL,2026-09-18,MRK
MRK260918P00080000,80.0,1.66,1.37,1.6,51.0,3496.0,0.34497725341796875,False,PUT,2026-09-18,MRK
MRK260918P00085000,85.0,2.15,2.02,2.35,3.0,1524.0,0.33612724426269536,False,PUT,2026-09-18,MRK
MRK260918P00090000,90.0,3.2,2.84,3.2,3.0,1806.0,0.3215399877929687,False,PUT,2026-09-18,MRK
MRK260918P00095000,95.0,4.25,4.2,4.5,22.0,1458.0,0.3150703259277343,False,PUT,2026-09-18,MRK
MRK260918P00100000,100.0,5.8,5.7,5.9,2.0,1064.0,0.30133755310058596,False,PUT,2026-09-18,MRK
MRK260918P00105000,105.0,7.7,7.7,7.9,5.0,355.0,0.29614961669921874,False,PUT,2026-09-18,MRK
MRK260918P00110000,110.0,10.8,9.9,10.75,10.0,243.0,0.3045723840332031,True,PUT,2026-09-18,MRK
MRK260918P00115000,115.0,12.45,12.45,13.25,1.0,10.0,0.2919992675781249,True,PUT,2026-09-18,MRK
MRK260918P00120000,120.0,14.85,15.25,16.55,1.0,6.0,0.29230444030761704,True,PUT,2026-09-18,MRK
MRK260918P00125000,125.0,21.0,19.15,20.0,3.0,2.0,0.28748271118164054,True,PUT,2026-09-18,MRK
MRK261218C00080000,80.0,30.8,29.5,32.15,1.0,193.0,0.3319158605957031,True,CALL,2026-12-18,MRK
MRK261218C00085000,85.0,25.7,26.25,28.55,5.0,363.0,0.3425969061279296,True,CALL,2026-12-18,MRK
MRK261218C00090000,90.0,22.05,21.5,23.9,1.0,288.0,0.3050606604003906,True,CALL,2026-12-18,MRK
MRK261218C00095000,95.0,18.55,18.4,20.85,1.0,460.0,0.31464308410644526,True,CALL,2026-12-18,MRK
MRK261218C00100000,100.0,16.85,16.6,17.2,48.0,734.0,0.2969735830688476,True,CALL,2026-12-18,MRK
MRK261218C00105000,105.0,14.09,13.2,14.85,3.0,639.0,0.30609824768066407,True,CALL,2026-12-18,MRK
MRK261218C00110000,110.0,11.25,10.85,11.7,8.0,1531.0,0.2867502966308593,False,CALL,2026-12-18,MRK
MRK261218C00115000,115.0,8.1,8.4,9.65,1.0,465.0,0.2868723657226562,False,CALL,2026-12-18,MRK
MRK261218C00120000,120.0,6.1,6.8,7.65,6.0,621.0,0.28064684204101553,False,CALL,2026-12-18,MRK
MRK261218C00125000,125.0,4.75,4.6,6.05,17.0,634.0,0.2771068383789062,False,CALL,2026-12-18,MRK
MRK261218C00130000,130.0,3.65,4.35,4.9,6.0,900.0,0.27863270202636714,False,CALL,2026-12-18,MRK
MRK261218C00135000,135.0,2.86,3.3,3.7,7.0,927.0,0.2724071783447265,False,CALL,2026-12-18,MRK
MRK261218C00140000,140.0,2.2,2.24,2.89,12.0,725.0,0.27161372924804683,False,CALL,2026-12-18,MRK
MRK261218P00080000,80.0,2.19,1.82,2.26,1.0,853.0,0.32672792419433594,False,PUT,2026-12-18,MRK
MRK261218P00085000,85.0,2.96,2.85,3.3,1.0,557.0,0.3244696459960937,False,PUT,2026-12-18,MRK
MRK261218P00090000,90.0,4.13,3.85,4.25,1.0,539.0,0.309577216796875,False,PUT,2026-12-18,MRK
MRK261218P00095000,95.0,5.45,5.25,5.6,10.0,280.0,0.30072720764160155,False,PUT,2026-12-18,MRK
MRK261218P00100000,100.0,7.55,6.9,7.85,3.0,211.0,0.3087227331542969,False,PUT,2026-12-18,MRK
MRK261218P00105000,105.0,10.15,8.15,9.5,4.0,317.0,0.29175512939453113,False,PUT,2026-12-18,MRK
MRK261218P00110000,110.0,11.54,11.2,11.9,2.0,305.0,0.2863840893554687,True,PUT,2026-12-18,MRK
MRK261218P00115000,115.0,14.5,13.2,14.45,4.0,64.0,0.276801665649414,True,PUT,2026-12-18,MRK
MRK261218P00120000,120.0,16.0,16.85,17.8,7.0,37.0,0.2790599438476562,True,PUT,2026-12-18,MRK
MRK261218P00125000,125.0,20.6,20.1,21.5,1.0,2.0,0.28321029296874994,True,PUT,2026-12-18,MRK
MRK261218P00130000,130.0,46.1,41.85,43.85,1.0,0.0,0.7192410888671875,True,PUT,2026-12-18,MRK
MRK261218P00135000,135.0,58.33,58.35,60.15,2.0,110.0,1.0327807150268558,True,PUT,2026-12-18,MRK
MRK261218P00140000,140.0,31.95,32.1,34.5,5.0,0.0,0.3162299822998046,True,PUT,2026-12-18,MRK
MRK270115C00080000,80.0,30.45,29.5,32.0,5.0,1602.0,0.3114692877197265,True,CALL,2027-01-15,MRK
MRK270115C00085000,85.0,26.05,26.7,28.25,2.0,2392.0,0.31757274230957033,True,CALL,2027-01-15,MRK
MRK270115C00090000,90.0,23.7,22.8,24.2,8.0,1071.0,0.3024361749267578,True,CALL,2027-01-15,MRK
MRK270115C00095000,95.0,18.57,18.75,21.25,1.0,1832.0,0.31317825500488283,True,CALL,2027-01-15,MRK
MRK270115C00100000,100.0,17.1,16.9,17.5,40.0,8134.0,0.292701164855957,True,CALL,2027-01-15,MRK
MRK270115C00105000,105.0,12.65,13.55,15.0,308.0,1179.0,0.29730927307128896,True,CALL,2027-01-15,MRK
MRK270115C00110000,110.0,11.51,11.5,12.7,2.0,1616.0,0.298560481262207,False,CALL,2027-01-15,MRK
MRK270115C00115000,115.0,9.0,9.0,9.8,1.0,3238.0,0.2786937365722656,False,CALL,2027-01-15,MRK
MRK270115C00120000,120.0,7.75,7.35,7.9,23.0,5200.0,0.27521476745605467,False,CALL,2027-01-15,MRK
MRK270115C00125000,125.0,6.15,5.6,6.3,7.0,1962.0,0.2720409710693359,False,CALL,2027-01-15,MRK
MRK270115C00130000,130.0,4.75,4.5,5.9,20.0,1880.0,0.29340306213378897,False,CALL,2027-01-15,MRK
MRK270115C00135000,135.0,3.4,3.6,4.0,2.0,1436.0,0.2700268310546875,False,CALL,2027-01-15,MRK
MRK270115C00140000,140.0,2.98,2.59,3.2,1.0,1003.0,0.270515107421875,False,CALL,2027-01-15,MRK
MRK270115P00080000,80.0,2.28,2.16,2.75,58.0,5122.0,0.3355779333496094,False,PUT,2027-01-15,MRK
MRK270115P00085000,85.0,3.55,2.96,3.5,2.0,2441.0,0.31879343322753895,False,PUT,2027-01-15,MRK
MRK270115P00090000,90.0,4.4,3.95,4.4,7.0,3660.0,0.3019478985595704,False,PUT,2027-01-15,MRK
MRK270115P00095000,95.0,6.3,5.4,5.8,12.0,732.0,0.2942575457763671,False,PUT,2027-01-15,MRK
MRK270115P00100000,100.0,7.4,7.25,7.55,6.0,2020.0,0.28839822937011705,False,PUT,2027-01-15,MRK
MRK270115P00105000,105.0,9.53,9.25,10.15,10.0,1180.0,0.29572237487792963,False,PUT,2027-01-15,MRK
MRK270115P00110000,110.0,12.8,10.75,12.85,21.0,2668.0,0.29706513488769526,True,PUT,2027-01-15,MRK
MRK270115P00115000,115.0,14.75,13.85,15.55,17.0,1064.0,0.291175301208496,True,PUT,2027-01-15,MRK
MRK270115P00120000,120.0,17.35,17.25,18.0,4.0,56.0,0.2724987301635742,True,PUT,2027-01-15,MRK
MRK270115P00125000,125.0,21.85,20.25,21.8,1.0,7.0,0.27912097839355465,True,PUT,2027-01-15,MRK
MRK270115P00130000,130.0,25.35,24.15,25.15,2.0,1.0,0.2683178637695312,True,PUT,2027-01-15,MRK
MRK270115P00135000,135.0,30.1,27.95,29.2,1.0,1.0,0.2696606237792969,True,PUT,2027-01-15,MRK
MRK270115P00140000,140.0,37.5,40.8,42.55,20.0,0.0,0.5093738027954101,True,PUT,2027-01-15,MRK
MRK270617C00080000,80.0,30.85,30.5,33.2,3.0,13364.0,0.3036568658447265,True,CALL,2027-06-17,MRK
MRK270617C00085000,85.0,26.85,26.5,29.25,1.0,176.0,0.29529513305664057,True,CALL,2027-06-17,MRK
MRK270617C00090000,90.0,23.93,24.25,25.85,4.0,1450.0,0.29584444396972653,True,CALL,2027-06-17,MRK
MRK270617C00095000,95.0,20.1,20.8,22.6,6.0,98.0,0.29291478576660146,True,CALL,2027-06-17,MRK
MRK270617C00100000,100.0,18.0,17.9,19.65,1.0,1421.0,0.2905954730224609,True,CALL,2027-06-17,MRK
MRK270617C00105000,105.0,16.65,15.95,17.05,11.0,359.0,0.2898020239257812,True,CALL,2027-06-17,MRK
MRK270617C00110000,110.0,13.16,13.3,15.4,8.0,274.0,0.30228358856201176,False,CALL,2027-06-17,MRK
MRK270617C00115000,115.0,13.2,10.25,13.25,1.0,423.0,0.2996285858154296,False,CALL,2027-06-17,MRK
MRK270617C00120000,120.0,10.0,8.5,11.0,1.0,397.0,0.29050392120361324,False,CALL,2027-06-17,MRK
MRK270617C00125000,125.0,7.3,7.1,8.95,5.0,996.0,0.2807383938598632,False,CALL,2027-06-17,MRK
MRK270617C00130000,130.0,8.0,6.0,7.9,16.0,338.0,0.2867502966308593,False,CALL,2027-06-17,MRK
MRK270617C00135000,135.0,6.7,5.3,6.1,15.0,42.0,0.2731395928955078,False,CALL,2027-06-17,MRK
MRK270617C00140000,140.0,4.2,4.25,5.3,1.0,134.0,0.2771678729248046,False,CALL,2027-06-17,MRK
MRK270617P00080000,80.0,3.51,3.15,3.7,1.0,710.0,0.3133613586425781,False,PUT,2027-06-17,MRK
MRK270617P00085000,85.0,3.92,3.35,5.35,1.0,216.0,0.32080757324218745,False,PUT,2027-06-17,MRK
MRK270617P00090000,90.0,6.0,4.7,7.75,20.0,1183.0,0.3382634533691406,False,PUT,2027-06-17,MRK
MRK270617P00095000,95.0,7.4,6.5,7.7,1.0,56.0,0.2903513348388671,False,PUT,2027-06-17,MRK
MRK270617P00100000,100.0,9.65,9.0,10.2,11.0,1050.0,0.2978585839843749,False,PUT,2027-06-17,MRK
MRK270617P00105000,105.0,12.06,11.1,12.35,2.0,56.0,0.2916330603027343,False,PUT,2027-06-17,MRK
MRK270617P00110000,110.0,14.98,13.0,15.15,1.0,28.0,0.29321995849609367,True,PUT,2027-06-17,MRK
MRK270617P00115000,115.0,16.7,15.75,18.0,4.0,13.0,0.2907175421142577,True,PUT,2027-06-17,MRK
MRK270617P00120000,120.0,33.06,19.0,0.0,1.0,1.0,1.0000000000000003e-05,True,PUT,2027-06-17,MRK
MRK270617P00125000,125.0,48.38,41.7,43.5,,0.0,0.6414830773925781,True,PUT,2027-06-17,MRK
MRK270617P00130000,130.0,27.5,25.7,28.1,2.0,2.0,0.28659771026611325,True,PUT,2027-06-17,MRK
MRK271217C00080000,80.0,31.51,31.5,34.3,20.0,610.0,0.2910837493896483,True,CALL,2027-12-17,MRK
MRK271217C00085000,85.0,30.73,28.5,30.95,1.0,477.0,0.29422702850341786,True,CALL,2027-12-17,MRK
MRK271217C00090000,90.0,26.75,25.0,27.35,6.0,1214.0,0.28577374389648436,True,CALL,2027-12-17,MRK
MRK271217C00095000,95.0,22.9,23.25,24.75,1.0,221.0,0.2930978894042968,True,CALL,2027-12-17,MRK
MRK271217C00100000,100.0,20.57,20.2,22.5,4.0,537.0,0.30109341491699215,True,CALL,2027-12-17,MRK
MRK271217C00105000,105.0,18.09,18.1,19.75,1.0,327.0,0.29529513305664057,True,CALL,2027-12-17,MRK
MRK271217C00110000,110.0,15.5,15.75,16.6,1.0,287.0,0.27921253021240233,False,CALL,2027-12-17,MRK
MRK271217C00115000,115.0,12.91,13.5,14.75,16.0,631.0,0.281684429321289,False,CALL,2027-12-17,MRK
MRK271217C00120000,120.0,11.14,10.5,13.0,32.0,872.0,0.28220322296142575,False,CALL,2027-12-17,MRK
MRK271217C00125000,125.0,9.61,8.65,11.85,4.0,555.0,0.289496851196289,False,CALL,2027-12-17,MRK
MRK271217C00130000,130.0,9.0,8.6,9.35,1.0,168.0,0.2708813146972656,False,CALL,2027-12-17,MRK
MRK271217C00135000,135.0,8.7,7.1,8.2,1.0,106.0,0.272193557434082,False,CALL,2027-12-17,MRK
MRK271217C00140000,140.0,5.85,5.5,6.85,6.0,553.0,0.26709717285156254,False,CALL,2027-12-17,MRK
MRK271217P00080000,80.0,4.85,4.3,5.05,1.0,835.0,0.3055489367675781,False,PUT,2027-12-17,MRK
MRK271217P00085000,85.0,6.35,5.6,6.35,100.0,107.0,0.29871306762695304,False,PUT,2027-12-17,MRK
MRK271217P00090000,90.0,7.55,6.8,7.9,1.0,573.0,0.29303685485839837,False,PUT,2027-12-17,MRK
MRK271217P00095000,95.0,9.2,8.05,10.15,1.0,144.0,0.2968515139770508,False,PUT,2027-12-17,MRK
MRK271217P00100000,100.0,11.68,9.95,11.8,1.0,180.0,0.2845225357055663,False,PUT,2027-12-17,MRK
MRK271217P00105000,105.0,12.9,13.05,13.95,1.0,28.0,0.277778218383789,False,PUT,2027-12-17,MRK
MRK271217P00110000,110.0,15.85,14.45,17.3,1.0,199.0,0.2876047802734374,True,PUT,2027-12-17,MRK
MRK271217P00115000,115.0,18.85,17.4,19.7,2.0,22.0,0.27744252838134764,True,PUT,2027-12-17,MRK
MRK271217P00120000,120.0,22.4,20.85,22.75,1.0,16.0,0.27466545654296876,True,PUT,2027-12-17,MRK
MRK271217P00125000,125.0,47.27,42.1,43.05,2.0,1.0,0.5492293612670901,True,PUT,2027-12-17,MRK
MRK271217P00130000,130.0,46.35,0.0,0.0,1.0,1.0,1.0000000000000003e-05,True,PUT,2027-12-17,MRK
MRK271217P00135000,135.0,55.05,47.55,49.35,120.0,29.0,0.5261277856445312,True,PUT,2027-12-17,MRK
MRK280121C00080000,80.0,34.25,32.75,34.9,8.0,207.0,0.2996285858154296,True,CALL,2028-01-21,MRK
MRK280121C00085000,85.0,30.2,28.5,31.7,3.0,470.0,0.30408410766601557,True,CALL,2028-01-21,MRK
MRK280121C00090000,90.0,25.98,25.0,28.2,1.0,145.0,0.2963022030639648,True,CALL,2028-01-21,MRK
MRK280121C00095000,95.0,22.75,23.65,25.3,2.0,66.0,0.29633272033691405,True,CALL,2028-01-21,MRK
MRK280121C00100000,100.0,20.37,20.35,22.7,4.0,2023.0,0.29724823852539056,True,CALL,2028-01-21,MRK
MRK280121C00105000,105.0,17.0,18.0,19.3,1.0,514.0,0.28040270385742183,True,CALL,2028-01-21,MRK
MRK280121C00110000,110.0,15.85,15.95,18.0,1.0,452.0,0.2955392712402344,False,CALL,2028-01-21,MRK
MRK280121C00115000,115.0,13.49,13.75,15.0,2.0,544.0,0.2788463229370117,False,CALL,2028-01-21,MRK
MRK280121C00120000,120.0,10.25,11.1,13.2,8.0,287.0,0.27851063293457035,False,CALL,2028-01-21,MRK
MRK280121C00125000,125.0,12.0,9.9,11.3,10.0,145.0,0.2733837310791015,False,CALL,2028-01-21,MRK
MRK280121C00130000,130.0,9.29,8.7,9.75,2.0,199.0,0.27094234924316407,False,CALL,2028-01-21,MRK
MRK280121C00135000,135.0,7.7,7.2,8.35,11.0,161.0,0.2681042428588867,False,CALL,2028-01-21,MRK
MRK280121C00140000,140.0,6.4,6.35,7.2,1.0,1154.0,0.26688355194091795,False,CALL,2028-01-21,MRK
MRK280121P00080000,80.0,5.08,4.7,5.15,1.0,196.0,0.3006661730957031,False,PUT,2028-01-21,MRK
MRK280121P00085000,85.0,6.4,5.85,6.95,166.0,296.0,0.30503014312744137,False,PUT,2028-01-21,MRK
MRK280121P00090000,90.0,8.3,7.45,8.5,1.0,89.0,0.29822479125976553,False,PUT,2028-01-21,MRK
MRK280121P00095000,95.0,9.7,9.2,10.4,2.0,37.0,0.29431858032226554,False,PUT,2028-01-21,MRK
MRK280121P00100000,100.0,11.84,10.2,12.4,1.0,204.0,0.28824564300537103,False,PUT,2028-01-21,MRK
MRK280121P00105000,105.0,14.4,12.35,14.65,1.0,72.0,0.2828746029663085,False,PUT,2028-01-21,MRK
MRK280121P00110000,110.0,16.54,14.75,16.65,1.0,162.0,0.26984372741699214,True,PUT,2028-01-21,MRK
MRK280121P00115000,115.0,18.1,17.3,19.3,2.0,10.0,0.26416751464843746,True,PUT,2028-01-21,MRK
MRK280121P00120000,120.0,23.9,20.1,22.55,2.0,8.0,0.2646863082885742,True,PUT,2028-01-21,MRK
MRK280121P00130000,130.0,29.0,27.4,29.7,,10.0,0.26676148284912116,True,PUT,2028-01-21,MRK
MRNA260130C00033000,33.0,13.42,12.25,14.95,26.0,184.0,4.904300744628905,True,CALL,2026-01-30,MRNA
MRNA260130C00033500,33.5,13.02,11.4,14.35,5.0,22.0,4.617191728515625,True,CALL,2026-01-30,MRNA
MRNA260130C00034000,34.0,12.97,11.5,13.95,1.0,132.0,2.14844212890625,True,CALL,2026-01-30,MRNA
MRNA260130C00035000,35.0,10.5,10.65,12.9,18.0,254.0,2.2109419726562494,True,CALL,2026-01-30,MRNA
MRNA260130C00036000,36.0,10.35,9.7,11.45,12.0,547.0,3.3632828417968748,True,CALL,2026-01-30,MRNA
MRNA260130C00037000,37.0,9.4,8.65,9.75,11.0,209.0,1.7578137109375,True,CALL,2026-01-30,MRNA
MRNA260130C00038000,38.0,8.4,7.65,8.7,13.0,191.0,1.3437532812499997,True,CALL,2026-01-30,MRNA
MRNA260130C00039000,39.0,7.25,7.5,8.75,7.0,325.0,2.1718795703125,True,CALL,2026-01-30,MRNA
MRNA260130C00039500,39.5,7.42,6.1,8.4,1.0,3.0,1.3359408203124996,True,CALL,2026-01-30,MRNA
MRNA260130C00040000,40.0,7.02,5.5,7.8,24.0,308.0,2.7441437646484372,True,CALL,2026-01-30,MRNA
MRNA260130C00040500,40.5,7.6,5.1,6.75,1.0,1.0,2.000005,True,CALL,2026-01-30,MRNA
MRNA260130C00041000,41.0,5.75,4.7,6.55,12.0,768.0,2.2187544531249994,True,CALL,2026-01-30,MRNA
MRNA260130C00041500,41.5,5.35,4.15,6.15,1.0,2.0,2.193363891601562,True,CALL,2026-01-30,MRNA
MRNA260130C00042000,42.0,4.55,3.7,5.95,11.0,439.0,1.08203583984375,True,CALL,2026-01-30,MRNA
MRNA260130C00043000,43.0,3.1,2.74,3.95,1.0,200.0,1.0742233789062503,True,CALL,2026-01-30,MRNA
MRNA260130C00043500,43.5,3.52,2.27,3.8,21.0,42.0,1.3418001660156247,True,CALL,2026-01-30,MRNA
MRNA260130C00044000,44.0,2.63,1.9,2.85,213.0,752.0,0.7421900781249999,True,CALL,2026-01-30,MRNA
MRNA260130C00045000,45.0,1.61,1.56,2.05,287.0,1058.0,0.7402369726562499,True,CALL,2026-01-30,MRNA
MRNA260130C00045500,45.5,1.96,1.22,2.02,77.0,265.0,0.6757844921875001,True,CALL,2026-01-30,MRNA
MRNA260130C00046000,46.0,1.7,0.89,1.55,2352.0,2681.0,0.6162147753906251,True,CALL,2026-01-30,MRNA
MRNA260130C00046500,46.5,0.95,0.76,1.03,225.0,91.0,0.586918193359375,True,CALL,2026-01-30,MRNA
MRNA260130C00047000,47.0,0.89,0.48,0.92,462.0,398.0,0.6181678808593751,False,CALL,2026-01-30,MRNA
MRNA260130C00047500,47.5,0.47,0.42,0.69,1036.0,520.0,0.6543003320312502,False,CALL,2026-01-30,MRNA
MRNA260130C00048000,48.0,0.27,0.29,0.54,1477.0,6929.0,0.6679720703125002,False,CALL,2026-01-30,MRNA
MRNA260130C00048500,48.5,0.35,0.28,0.46,288.0,537.0,0.7382838671874999,False,CALL,2026-01-30,MRNA
MRNA260130C00049000,49.0,0.55,0.17,0.55,220.0,8511.0,0.8320329296874999,False,CALL,2026-01-30,MRNA
MRNA260130C00049500,49.5,0.48,0.12,0.45,220.0,210.0,0.851563984375,False,CALL,2026-01-30,MRNA
MRNA260130C00050000,50.0,0.01,0.02,0.29,1013.0,3015.0,0.7753928710937501,False,CALL,2026-01-30,MRNA
MRNA260130C00051000,51.0,0.12,0.05,0.24,2369.0,5928.0,0.9101571484375,False,CALL,2026-01-30,MRNA
MRNA260130C00052000,52.0,0.05,0.05,0.13,559.0,8883.0,0.945313046875,False,CALL,2026-01-30,MRNA
MRNA260130C00053000,53.0,0.06,0.02,0.18,75.0,1827.0,1.09375453125,False,CALL,2026-01-30,MRNA
MRNA260130C00054000,54.0,0.05,0.01,0.14,115.0,3400.0,1.1484417578125,False,CALL,2026-01-30,MRNA
MRNA260130C00055000,55.0,0.06,0.02,0.06,1742.0,2568.0,1.1328168359375002,False,CALL,2026-01-30,MRNA
MRNA260130C00056000,56.0,0.03,0.01,0.06,16.0,293.0,1.203128984375,False,CALL,2026-01-30,MRNA
MRNA260130C00057000,57.0,0.13,0.01,0.09,11.0,3538.0,1.3828155859374998,False,CALL,2026-01-30,MRNA
MRNA260130C00058000,58.0,0.06,0.0,0.16,4.0,702.0,1.6015644921874999,False,CALL,2026-01-30,MRNA
MRNA260130C00059000,59.0,0.02,0.0,0.05,21.0,211.0,1.421877890625,False,CALL,2026-01-30,MRNA
MRNA260130C00060000,60.0,0.01,0.0,0.05,21.0,1476.0,1.5156274218749999,False,CALL,2026-01-30,MRNA
MRNA260130P00033000,33.0,0.12,0.0,0.25,4.0,264.0,2.6718783203125005,False,PUT,2026-01-30,MRNA
MRNA260130P00033500,33.5,0.16,0.0,0.29,4.0,6.0,2.6484408789062504,False,PUT,2026-01-30,MRNA
MRNA260130P00034000,34.0,0.16,0.0,1.16,20.0,88.0,3.55468861328125,False,PUT,2026-01-30,MRNA
MRNA260130P00035000,35.0,0.05,0.0,0.15,2.0,197.0,2.0859422851562495,False,PUT,2026-01-30,MRNA
MRNA260130P00036000,36.0,0.01,0.0,0.25,3.0,265.0,2.1015672460937496,False,PUT,2026-01-30,MRNA
MRNA260130P00037000,37.0,0.06,0.0,0.25,8.0,227.0,1.9140629296875002,False,PUT,2026-01-30,MRNA
MRNA260130P00038000,38.0,0.01,0.0,0.02,5.0,479.0,1.15625421875,False,PUT,2026-01-30,MRNA
MRNA260130P00039000,39.0,0.01,0.0,0.26,1.0,375.0,1.5664084179687499,False,PUT,2026-01-30,MRNA
MRNA260130P00039500,39.5,0.08,0.0,0.08,26.0,42.0,1.1796916015624999,False,PUT,2026-01-30,MRNA
MRNA260130P00040000,40.0,0.03,0.01,0.16,68.0,3562.0,1.2656286718749998,False,PUT,2026-01-30,MRNA
MRNA260130P00040500,40.5,0.09,0.0,0.52,1.0,72.0,1.5507834960937497,False,PUT,2026-01-30,MRNA
MRNA260130P00041000,41.0,0.05,0.03,0.18,193.0,921.0,1.15234798828125,False,PUT,2026-01-30,MRNA
MRNA260130P00041500,41.5,0.08,0.06,0.46,50.0,235.0,1.3515657421874998,False,PUT,2026-01-30,MRNA
MRNA260130P00042000,42.0,0.14,0.04,0.2,1025.0,573.0,1.01172369140625,False,PUT,2026-01-30,MRNA
MRNA260130P00042500,42.5,0.17,0.05,0.53,11.0,199.0,1.19141029296875,False,PUT,2026-01-30,MRNA
MRNA260130P00043000,43.0,0.3,0.05,0.23,162.0,1227.0,0.8710950390625,False,PUT,2026-01-30,MRNA
MRNA260130P00043500,43.5,0.14,0.05,0.59,526.0,657.0,1.017583037109375,False,PUT,2026-01-30,MRNA
MRNA260130P00044000,44.0,0.27,0.13,0.35,106.0,793.0,0.8164080859374999,False,PUT,2026-01-30,MRNA
MRNA260130P00044500,44.5,0.41,0.19,0.59,242.0,468.0,0.867188828125,False,PUT,2026-01-30,MRNA
MRNA260130P00045000,45.0,0.5,0.27,0.75,1401.0,4098.0,0.8554701953125,False,PUT,2026-01-30,MRNA
MRNA260130P00045500,45.5,0.4,0.44,0.87,120.0,389.0,0.84179845703125,False,PUT,2026-01-30,MRNA
MRNA260130P00046000,46.0,0.88,0.62,0.99,249.0,1017.0,0.8105487695312499,False,PUT,2026-01-30,MRNA
MRNA260130P00046500,46.5,0.91,0.91,1.4,751.0,370.0,0.9003916210937499,False,PUT,2026-01-30,MRNA
MRNA260130P00047000,47.0,1.56,1.26,1.62,1419.0,1186.0,0.9169930175781251,True,PUT,2026-01-30,MRNA
MRNA260130P00047500,47.5,1.9,1.47,2.12,39.0,306.0,0.96289099609375,True,PUT,2026-01-30,MRNA
MRNA260130P00048000,48.0,1.97,1.87,2.54,34.0,577.0,1.0332079589843752,True,PUT,2026-01-30,MRNA
MRNA260130P00048500,48.5,1.4,2.07,3.1,50.0,301.0,1.0644578027343752,True,PUT,2026-01-30,MRNA
MRNA260130P00049000,49.0,2.5,2.39,3.5,5.0,125.0,1.0625046875000002,True,PUT,2026-01-30,MRNA
MRNA260130P00049500,49.5,3.48,2.39,4.05,2.0,509.0,0.9589847851562499,True,PUT,2026-01-30,MRNA
MRNA260130P00050000,50.0,4.04,2.81,4.45,21.0,1049.0,0.9570316796874999,True,PUT,2026-01-30,MRNA
MRNA260130P00051000,51.0,6.48,3.65,5.55,1.0,399.0,1.08984830078125,True,PUT,2026-01-30,MRNA
MRNA260130P00052000,52.0,7.5,4.25,6.6,4.0,431.0,0.9531254687499999,True,PUT,2026-01-30,MRNA
MRNA260130P00053000,53.0,6.95,5.15,7.5,17.0,113.0,2.349613500976562,True,PUT,2026-01-30,MRNA
MRNA260130P00054000,54.0,10.1,6.3,8.55,3.0,417.0,1.203128984375,True,PUT,2026-01-30,MRNA
MRNA260130P00055000,55.0,8.3,7.15,9.45,1.0,1846.0,2.6543002392578128,True,PUT,2026-01-30,MRNA
MRNA260130P00056000,56.0,11.7,8.15,10.45,2.0,15.0,2.8183623291015625,True,PUT,2026-01-30,MRNA
MRNA260130P00057000,57.0,12.35,9.15,11.55,2.0,128.0,1.203128984375,True,PUT,2026-01-30,MRNA
MRNA260130P00058000,58.0,14.1,10.15,12.4,1.0,5.0,3.0742210644531247,True,PUT,2026-01-30,MRNA
MRNA260130P00060000,60.0,15.8,12.15,14.5,1.0,0.0,3.464845087890625,True,PUT,2026-01-30,MRNA
MRNA260206C00033000,33.0,7.85,12.55,14.9,1.0,14.0,1.09375453125,True,CALL,2026-02-06,MRNA
MRNA260206C00034000,34.0,10.17,11.55,13.95,11.0,59.0,1.0781296093750001,True,CALL,2026-02-06,MRNA
MRNA260206C00035000,35.0,11.14,10.6,12.95,1.0,245.0,1.0429735351562504,True,CALL,2026-02-06,MRNA
MRNA260206C00036000,36.0,10.05,9.7,12.0,53.0,138.0,1.0683640332031252,True,CALL,2026-02-06,MRNA
MRNA260206C00037000,37.0,9.0,8.7,11.05,2.0,137.0,1.0058643457031249,True,CALL,2026-02-06,MRNA
MRNA260206C00037500,37.5,9.34,8.3,10.6,25.0,1.0,1.0351610742187503,True,CALL,2026-02-06,MRNA
MRNA260206C00038000,38.0,8.96,7.85,9.95,71.0,69.0,0.93945373046875,True,CALL,2026-02-06,MRNA
MRNA260206C00039000,39.0,8.02,6.9,9.25,167.0,285.0,0.9882813671875,True,CALL,2026-02-06,MRNA
MRNA260206C00040000,40.0,6.65,6.0,8.1,16.0,339.0,0.86914193359375,True,CALL,2026-02-06,MRNA
MRNA260206C00041000,41.0,5.51,5.2,6.85,367.0,330.0,0.7509790527343749,True,CALL,2026-02-06,MRNA
MRNA260206C00042000,42.0,8.17,4.25,6.6,1.0,172.0,0.866212275390625,True,CALL,2026-02-06,MRNA
MRNA260206C00042500,42.5,3.2,3.75,5.75,43.0,79.0,0.7226590234375,True,CALL,2026-02-06,MRNA
MRNA260206C00043000,43.0,3.97,3.45,5.25,5.0,67.0,0.7138700488281251,True,CALL,2026-02-06,MRNA
MRNA260206C00043500,43.5,2.59,2.75,5.2,1.0,12.0,0.709963837890625,True,CALL,2026-02-06,MRNA
MRNA260206C00044000,44.0,4.2,2.74,4.4,3.0,113.0,0.6875031250000001,True,CALL,2026-02-06,MRNA
MRNA260206C00044500,44.5,2.79,2.71,3.35,48.0,15.0,0.6074258007812501,True,CALL,2026-02-06,MRNA
MRNA260206C00045000,45.0,3.3,2.41,3.05,55.0,635.0,0.6171913281250001,True,CALL,2026-02-06,MRNA
MRNA260206C00045500,45.5,2.46,2.1,2.64,16.0,1108.0,0.596683720703125,True,CALL,2026-02-06,MRNA
MRNA260206C00046000,46.0,2.16,1.83,2.43,1068.0,7211.0,0.6118202880859377,True,CALL,2026-02-06,MRNA
MRNA260206C00046500,46.5,2.0,1.76,2.16,184.0,22.0,0.6425816992187501,True,CALL,2026-02-06,MRNA
MRNA260206C00047000,47.0,1.59,1.61,1.99,85.0,117.0,0.6684603466796877,False,CALL,2026-02-06,MRNA
MRNA260206C00047500,47.5,1.5,1.25,1.8,40.0,69.0,0.648441015625,False,CALL,2026-02-06,MRNA
MRNA260206C00048000,48.0,1.28,1.12,1.58,34.0,66.0,0.6552768847656252,False,CALL,2026-02-06,MRNA
MRNA260206C00048500,48.5,1.02,0.91,1.41,4.0,804.0,0.6508823974609376,False,CALL,2026-02-06,MRNA
MRNA260206C00049000,49.0,1.2,1.05,1.44,109.0,5547.0,0.7407252490234374,False,CALL,2026-02-06,MRNA
MRNA260206C00049500,49.5,1.64,0.7,1.16,2.0,119.0,0.6777375976562501,False,CALL,2026-02-06,MRNA
MRNA260206C00050000,50.0,1.11,0.82,1.06,458.0,837.0,0.7334011035156249,False,CALL,2026-02-06,MRNA
MRNA260206C00051000,51.0,0.64,0.64,0.87,127.0,330.0,0.752932158203125,False,CALL,2026-02-06,MRNA
MRNA260206C00052000,52.0,0.56,0.51,0.71,248.0,399.0,0.773439765625,False,CALL,2026-02-06,MRNA
MRNA260206C00053000,53.0,0.44,0.35,0.66,44.0,300.0,0.79883013671875,False,CALL,2026-02-06,MRNA
MRNA260206C00054000,54.0,0.52,0.29,0.59,29.0,151.0,0.8349625878906248,False,CALL,2026-02-06,MRNA
MRNA260206C00055000,55.0,0.35,0.25,0.45,74.0,499.0,0.8457046679687499,False,CALL,2026-02-06,MRNA
MRNA260206C00056000,56.0,0.3,0.2,0.42,7.0,47.0,0.8808605664062499,False,CALL,2026-02-06,MRNA
MRNA260206C00057000,57.0,0.18,0.0,0.49,74.0,93.0,0.8886729882812499,False,CALL,2026-02-06,MRNA
MRNA260206C00058000,58.0,0.23,0.0,0.99,2.0,20.0,1.1328168359375002,False,CALL,2026-02-06,MRNA
MRNA260206C00059000,59.0,0.2,0.0,0.65,45.0,143.0,1.0693405908203126,False,CALL,2026-02-06,MRNA
MRNA260206C00060000,60.0,0.15,0.05,0.4,20.0,163.0,1.0332079589843752,False,CALL,2026-02-06,MRNA
MRNA260206P00033000,33.0,0.04,0.0,2.14,2.0,4.0,2.1718795703125,False,PUT,2026-02-06,MRNA
MRNA260206P00034000,34.0,0.09,0.0,1.08,1.0,45.0,1.6416033544921875,False,PUT,2026-02-06,MRNA
MRNA260206P00035000,35.0,0.15,0.0,0.76,35.0,159.0,1.3847687011718748,False,PUT,2026-02-06,MRNA
MRNA260206P00036000,36.0,0.01,0.0,0.26,1.0,19.0,0.9960937890625,False,PUT,2026-02-06,MRNA
MRNA260206P00037000,37.0,0.32,0.18,0.35,10.0,64.0,1.0683640332031252,False,PUT,2026-02-06,MRNA
MRNA260206P00037500,37.5,0.26,0.0,0.95,5.0,248.0,1.1982461962890625,False,PUT,2026-02-06,MRNA
MRNA260206P00038000,38.0,0.25,0.08,0.3,2.0,20035.0,0.8964854101562498,False,PUT,2026-02-06,MRNA
MRNA260206P00038500,38.5,0.35,0.0,0.99,1.0,3.0,1.1054732226562503,False,PUT,2026-02-06,MRNA
MRNA260206P00039000,39.0,0.31,0.0,0.59,3.0,576.0,0.9023447265625,False,PUT,2026-02-06,MRNA
MRNA260206P00039500,39.5,0.31,0.0,0.43,15.0,67.0,0.7851583984375,False,PUT,2026-02-06,MRNA
MRNA260206P00040000,40.0,0.04,0.03,0.45,389.0,336.0,0.7617211328125001,False,PUT,2026-02-06,MRNA
MRNA260206P00040500,40.5,0.94,0.01,1.0,70.0,120.0,0.8984385156249999,False,PUT,2026-02-06,MRNA
MRNA260206P00041000,41.0,0.79,0.2,1.0,8.0,29.0,0.8994150683593749,False,PUT,2026-02-06,MRNA
MRNA260206P00041500,41.5,0.46,0.29,0.99,11.0,32.0,0.8652357226562499,False,PUT,2026-02-06,MRNA
MRNA260206P00042000,42.0,0.58,0.13,0.75,5.0,245.0,0.70117486328125,False,PUT,2026-02-06,MRNA
MRNA260206P00042500,42.5,0.63,0.65,1.02,5.0,36.0,0.8447281152343749,False,PUT,2026-02-06,MRNA
MRNA260206P00043000,43.0,0.7,0.47,1.1,24.0,15514.0,0.7617211328125001,False,PUT,2026-02-06,MRNA
MRNA260206P00043500,43.5,1.6,0.58,1.33,33.0,74.0,0.7739280419921876,False,PUT,2026-02-06,MRNA
MRNA260206P00044000,44.0,0.97,0.65,1.25,16.0,363.0,0.708010732421875,False,PUT,2026-02-06,MRNA
MRNA260206P00044500,44.5,1.32,0.83,1.63,42.0,159.0,0.7509790527343749,False,PUT,2026-02-06,MRNA
MRNA260206P00045000,45.0,1.5,1.29,1.81,278.0,381.0,0.797853583984375,False,PUT,2026-02-06,MRNA
MRNA260206P00045500,45.5,1.64,1.28,2.03,11.0,155.0,0.7592797509765626,False,PUT,2026-02-06,MRNA
MRNA260206P00046000,46.0,1.82,1.49,2.06,128.0,164.0,0.7216824707031251,False,PUT,2026-02-06,MRNA
MRNA260206P00046500,46.5,1.9,1.8,2.39,293.0,121.0,0.747072841796875,False,PUT,2026-02-06,MRNA
MRNA260206P00047000,47.0,2.16,2.06,2.61,223.0,264.0,0.7387721435546875,True,PUT,2026-02-06,MRNA
MRNA260206P00047500,47.5,2.64,2.35,2.9,303.0,127.0,0.7412135253906249,True,PUT,2026-02-06,MRNA
MRNA260206P00048000,48.0,2.7,2.75,3.3,296.0,103.0,0.7758811474609376,True,PUT,2026-02-06,MRNA
MRNA260206P00048500,48.5,3.05,3.15,3.8,15.0,24.0,0.823243955078125,True,PUT,2026-02-06,MRNA
MRNA260206P00049000,49.0,3.4,3.45,4.0,11.0,703.0,0.7949239257812499,True,PUT,2026-02-06,MRNA
MRNA260206P00049500,49.5,5.51,3.5,4.8,4.0,16.0,0.8251970605468748,True,PUT,2026-02-06,MRNA
MRNA260206P00050000,50.0,4.19,2.95,5.65,7.0,169.0,0.745119736328125,True,PUT,2026-02-06,MRNA
MRNA260206P00051000,51.0,6.85,3.7,6.05,4.0,23.0,0.65820654296875,True,PUT,2026-02-06,MRNA
MRNA260206P00052000,52.0,5.23,4.85,7.85,8.0,21.0,0.956055126953125,True,PUT,2026-02-06,MRNA
MRNA260206P00053000,53.0,6.75,6.25,7.7,1.0,50.0,0.8710950390625,True,PUT,2026-02-06,MRNA
MRNA260206P00054000,54.0,8.3,6.5,8.75,1.0,53.0,0.7421900781249999,True,PUT,2026-02-06,MRNA
MRNA260206P00055000,55.0,7.17,7.55,9.9,37.0,1367.0,0.875977802734375,True,PUT,2026-02-06,MRNA
MRNA260206P00056000,56.0,11.43,8.7,10.9,18.0,12.0,0.989257919921875,True,PUT,2026-02-06,MRNA
MRNA260206P00058000,58.0,6.15,10.35,12.85,,8.0,0.96679720703125,True,PUT,2026-02-06,MRNA
MRNA260206P00060000,60.0,12.85,12.6,14.6,4.0,0.0,1.076176494140625,True,PUT,2026-02-06,MRNA
MRNA260213C00033000,33.0,12.07,12.85,15.2,52.0,56.0,1.18359783203125,True,CALL,2026-02-13,MRNA
MRNA260213C00034000,34.0,10.5,11.95,13.8,4.0,96.0,0.9687503125,True,CALL,2026-02-13,MRNA
MRNA260213C00035000,35.0,15.75,11.0,13.3,100.0,142.0,1.107426337890625,True,CALL,2026-02-13,MRNA
MRNA260213C00036000,36.0,9.75,10.05,12.35,1.0,31.0,1.0537156689453124,True,CALL,2026-02-13,MRNA
MRNA260213C00037000,37.0,8.75,9.2,11.4,1.0,82.0,1.0244189404296877,True,CALL,2026-02-13,MRNA
MRNA260213C00038000,38.0,5.63,8.35,9.45,12.0,26.0,0.70312796875,True,CALL,2026-02-13,MRNA
MRNA260213C00039000,39.0,10.35,7.5,9.6,1.0,59.0,0.9648441015625,True,CALL,2026-02-13,MRNA
MRNA260213C00040000,40.0,8.03,6.75,8.35,21.0,85.0,0.8745129736328124,True,CALL,2026-02-13,MRNA
MRNA260213C00041000,41.0,7.05,5.95,7.95,53.0,116.0,0.92773509765625,True,CALL,2026-02-13,MRNA
MRNA260213C00042000,42.0,4.8,5.25,6.85,1.0,56.0,0.8623060644531251,True,CALL,2026-02-13,MRNA
MRNA260213C00043000,43.0,4.19,3.55,5.65,1.0,71.0,0.6196327099609377,True,CALL,2026-02-13,MRNA
MRNA260213C00044000,44.0,3.6,4.1,4.8,40.0,76.0,0.7729514892578125,True,CALL,2026-02-13,MRNA
MRNA260213C00045000,45.0,4.05,3.55,4.2,2.0,156.0,0.7753928710937501,True,CALL,2026-02-13,MRNA
MRNA260213C00046000,46.0,3.77,3.05,3.65,31.0,170.0,0.7768577001953125,True,CALL,2026-02-13,MRNA
MRNA260213C00047000,47.0,3.08,2.63,3.2,14.0,99.0,0.7875997802734375,False,CALL,2026-02-13,MRNA
MRNA260213C00048000,48.0,2.65,2.24,3.2,46.0,160.0,0.8466812207031249,False,CALL,2026-02-13,MRNA
MRNA260213C00049000,49.0,2.26,1.93,2.35,34.0,793.0,0.7944356494140624,False,CALL,2026-02-13,MRNA
MRNA260213C00050000,50.0,2.06,1.73,2.01,42.0,217.0,0.8110370458984374,False,CALL,2026-02-13,MRNA
MRNA260213C00051000,51.0,1.55,1.31,1.72,35.0,76.0,0.7929708203125,False,CALL,2026-02-13,MRNA
MRNA260213C00052000,52.0,1.8,1.25,1.46,51.0,878.0,0.8198260205078124,False,CALL,2026-02-13,MRNA
MRNA260213C00053000,53.0,1.02,0.95,1.26,6.0,151.0,0.8105487695312499,False,CALL,2026-02-13,MRNA
MRNA260213C00054000,54.0,1.1,0.84,1.22,7.0,27.0,0.848634326171875,False,CALL,2026-02-13,MRNA
MRNA260213C00055000,55.0,0.96,0.67,0.93,37.0,1050.0,0.8256853369140623,False,CALL,2026-02-13,MRNA
MRNA260213C00056000,56.0,1.0,0.61,0.81,18.0,156.0,0.8452163916015624,False,CALL,2026-02-13,MRNA
MRNA260213C00057000,57.0,2.62,0.49,1.42,,402.0,0.992187578125,False,CALL,2026-02-13,MRNA
MRNA260213C00058000,58.0,0.77,0.45,0.64,10.0,88.0,0.8730481445312499,False,CALL,2026-02-13,MRNA
MRNA260213C00059000,59.0,0.7,0.1,1.05,10.0,17.0,0.9335944140625,False,CALL,2026-02-13,MRNA
MRNA260213C00060000,60.0,0.53,0.32,0.67,1.0,1026.0,0.93945373046875,False,CALL,2026-02-13,MRNA
MRNA260213P00033000,33.0,0.35,0.18,0.47,1.0,20.0,1.158207333984375,False,PUT,2026-02-13,MRNA
MRNA260213P00034000,34.0,0.19,0.21,0.36,2.0,28.0,1.0439500927734378,False,PUT,2026-02-13,MRNA
MRNA260213P00035000,35.0,0.27,0.25,0.39,40.0,126.0,0.9941406835937501,False,PUT,2026-02-13,MRNA
MRNA260213P00036000,36.0,0.46,0.03,1.0,4.0,30.0,1.0449266503906252,False,PUT,2026-02-13,MRNA
MRNA260213P00037000,37.0,0.51,0.32,0.59,2.0,1589.0,0.92773509765625,False,PUT,2026-02-13,MRNA
MRNA260213P00038000,38.0,0.65,0.55,0.77,2.0,54.0,0.9531254687499999,False,PUT,2026-02-13,MRNA
MRNA260213P00039000,39.0,1.29,0.48,1.3,2.0,136.0,0.9687503125,False,PUT,2026-02-13,MRNA
MRNA260213P00040000,40.0,0.97,0.82,1.09,81.0,713.0,0.90429783203125,False,PUT,2026-02-13,MRNA
MRNA260213P00041000,41.0,1.29,0.89,1.34,1.0,55.0,0.870118486328125,False,PUT,2026-02-13,MRNA
MRNA260213P00042000,42.0,1.58,1.29,1.63,2.0,81.0,0.8876964355468748,False,PUT,2026-02-13,MRNA
MRNA260213P00043000,43.0,1.6,1.71,1.95,4.0,57.0,0.8964854101562498,False,PUT,2026-02-13,MRNA
MRNA260213P00044000,44.0,2.1,2.07,2.42,3.0,128.0,0.903321279296875,False,PUT,2026-02-13,MRNA
MRNA260213P00045000,45.0,2.82,2.56,2.87,8.0,386.0,0.91211025390625,False,PUT,2026-02-13,MRNA
MRNA260213P00046000,46.0,3.2,2.95,3.4,4.0,152.0,0.9057626611328125,False,PUT,2026-02-13,MRNA
MRNA260213P00047000,47.0,3.7,3.4,3.9,1.0,294.0,0.8916026464843749,True,PUT,2026-02-13,MRNA
MRNA260213P00048000,48.0,4.28,4.05,4.4,1.0,118.0,0.8916026464843749,True,PUT,2026-02-13,MRNA
MRNA260213P00049000,49.0,4.5,4.6,5.05,2.0,53.0,0.8872081591796874,True,PUT,2026-02-13,MRNA
MRNA260213P00050000,50.0,5.7,5.3,5.6,2.0,239.0,0.877930908203125,True,PUT,2026-02-13,MRNA
MRNA260213P00051000,51.0,3.65,5.45,6.35,3.0,9.0,0.8085956640624999,True,PUT,2026-02-13,MRNA
MRNA260213P00052000,52.0,7.65,6.6,7.15,6.0,22.0,0.8754895263671875,True,PUT,2026-02-13,MRNA
MRNA260213P00053000,53.0,5.18,7.05,8.3,,402.0,0.8852550537109375,True,PUT,2026-02-13,MRNA
MRNA260213P00054000,54.0,4.8,6.9,9.25,,1.0,0.7485376708984376,True,PUT,2026-02-13,MRNA
MRNA260213P00055000,55.0,9.0,8.05,10.1,1.0,3.0,0.804689453125,True,PUT,2026-02-13,MRNA
MRNA260213P00058000,58.0,6.75,10.7,12.8,,5.0,0.8115253222656249,True,PUT,2026-02-13,MRNA
MRNA260213P00059000,59.0,7.4,11.6,13.8,22.0,11.0,0.8281267187499999,True,PUT,2026-02-13,MRNA
MRNA260213P00060000,60.0,8.0,12.55,14.95,,1.0,0.8994150683593749,True,PUT,2026-02-13,MRNA
MRNA260220C00033000,33.0,11.93,13.0,15.25,100.0,847.0,1.05078599609375,True,CALL,2026-02-20,MRNA
MRNA260220C00034000,34.0,12.95,12.35,14.3,5.0,1634.0,1.0859420703125,True,CALL,2026-02-20,MRNA
MRNA260220C00035000,35.0,12.64,11.15,13.0,1.0,1053.0,0.8808605664062499,True,CALL,2026-02-20,MRNA
MRNA260220C00035500,35.5,12.36,10.75,12.55,20.0,20.0,0.8886729882812499,True,CALL,2026-02-20,MRNA
MRNA260220C00036000,36.0,11.0,10.65,12.1,5.0,2988.0,0.9599613378906249,True,CALL,2026-02-20,MRNA
MRNA260220C00037000,37.0,10.25,9.75,11.2,14.0,344.0,0.9267585449218749,True,CALL,2026-02-20,MRNA
MRNA260220C00037500,37.5,10.66,8.9,9.95,340.0,86.0,0.632816171875,True,CALL,2026-02-20,MRNA
MRNA260220C00038000,38.0,8.35,8.35,9.45,1.0,3039.0,0.586918193359375,True,CALL,2026-02-20,MRNA
MRNA260220C00039000,39.0,6.7,7.75,9.45,1.0,585.0,0.8217791259765624,True,CALL,2026-02-20,MRNA
MRNA260220C00039500,39.5,14.74,7.4,9.05,,1.0,0.8247087841796874,True,CALL,2026-02-20,MRNA
MRNA260220C00040000,40.0,7.7,7.4,7.9,9.0,2568.0,0.7617211328125001,True,CALL,2026-02-20,MRNA
MRNA260220C00041000,41.0,7.25,6.1,7.45,20.0,551.0,0.7226590234375,True,CALL,2026-02-20,MRNA
MRNA260220C00041500,41.5,7.2,5.95,7.45,1.0,45.0,0.8017597949218749,True,CALL,2026-02-20,MRNA
MRNA260220C00042000,42.0,4.9,5.65,6.4,10.0,387.0,0.7124052197265626,True,CALL,2026-02-20,MRNA
MRNA260220C00042500,42.5,6.84,5.3,6.2,,10.0,0.7290066162109375,True,CALL,2026-02-20,MRNA
MRNA260220C00043000,43.0,5.6,5.0,6.0,10.0,349.0,0.7475611181640626,True,CALL,2026-02-20,MRNA
MRNA260220C00043500,43.5,3.7,4.65,5.4,1.0,10.0,0.7084990087890625,True,CALL,2026-02-20,MRNA
MRNA260220C00044000,44.0,5.6,4.45,5.15,7.0,49.0,0.726565234375,True,CALL,2026-02-20,MRNA
MRNA260220C00044500,44.5,3.6,4.2,5.1,74.0,80.0,0.7585473364257813,True,CALL,2026-02-20,MRNA
MRNA260220C00045000,45.0,4.22,4.0,4.55,123.0,2058.0,0.73633076171875,True,CALL,2026-02-20,MRNA
MRNA260220C00046000,46.0,4.38,3.6,4.05,3.0,171.0,0.7509790527343749,True,CALL,2026-02-20,MRNA
MRNA260220C00047000,47.0,3.54,3.0,3.6,28.0,474.0,0.7392604199218749,False,CALL,2026-02-20,MRNA
MRNA260220C00048000,48.0,3.49,2.69,3.2,74.0,324.0,0.7543969873046875,False,CALL,2026-02-20,MRNA
MRNA260220C00049000,49.0,2.42,2.33,2.79,36.0,604.0,0.7539087109375,False,CALL,2026-02-20,MRNA
MRNA260220C00050000,50.0,2.5,2.02,2.41,279.0,1456.0,0.7534204345703125,False,CALL,2026-02-20,MRNA
MRNA260220C00051000,51.0,2.01,1.75,2.24,803.0,260.0,0.7729514892578125,False,CALL,2026-02-20,MRNA
MRNA260220C00052000,52.0,1.75,1.47,1.98,2.0,250.0,0.773439765625,False,CALL,2026-02-20,MRNA
MRNA260220C00053000,53.0,1.49,1.31,1.76,2.0,653.0,0.7861349511718749,False,CALL,2026-02-20,MRNA
MRNA260220C00055000,55.0,1.16,1.09,1.24,176.0,1969.0,0.7954122021484374,False,CALL,2026-02-20,MRNA
MRNA260220C00060000,60.0,0.51,0.51,0.78,83.0,982.0,0.8437515624999999,False,CALL,2026-02-20,MRNA
MRNA260220P00033000,33.0,0.35,0.17,0.44,2.0,1893.0,0.9511723632812499,False,PUT,2026-02-20,MRNA
MRNA260220P00034000,34.0,0.35,0.23,0.43,1.0,2754.0,0.9023447265625,False,PUT,2026-02-20,MRNA
MRNA260220P00035000,35.0,0.42,0.38,0.51,10.0,4112.0,0.90429783203125,False,PUT,2026-02-20,MRNA
MRNA260220P00036000,36.0,0.5,0.42,0.79,5.0,186.0,0.9150399121093751,False,PUT,2026-02-20,MRNA
MRNA260220P00036500,36.5,0.72,0.44,0.79,1.0,12.0,0.8833019482421874,False,PUT,2026-02-20,MRNA
MRNA260220P00037000,37.0,0.65,0.53,0.77,1.0,703.0,0.8627943408203125,False,PUT,2026-02-20,MRNA
MRNA260220P00037500,37.5,1.13,0.46,0.95,2.0,4.0,0.84961087890625,False,PUT,2026-02-20,MRNA
MRNA260220P00038000,38.0,0.79,0.59,0.99,1.0,433.0,0.8466812207031249,False,PUT,2026-02-20,MRNA
MRNA260220P00038500,38.5,1.31,0.57,1.14,1.0,3.0,0.8330094824218748,False,PUT,2026-02-20,MRNA
MRNA260220P00039000,39.0,0.8,0.75,1.13,6.0,162.0,0.8251970605468748,False,PUT,2026-02-20,MRNA
MRNA260220P00039500,39.5,1.18,0.67,1.23,2.0,11.0,0.7905294384765625,False,PUT,2026-02-20,MRNA
MRNA260220P00040000,40.0,1.15,0.96,1.38,14.0,3221.0,0.8217791259765624,False,PUT,2026-02-20,MRNA
MRNA260220P00040500,40.5,2.19,1.01,1.53,1.0,18.0,0.8115253222656249,False,PUT,2026-02-20,MRNA
MRNA260220P00041000,41.0,0.93,1.19,1.66,1.0,120.0,0.8149432568359375,False,PUT,2026-02-20,MRNA
MRNA260220P00041500,41.5,1.3,1.23,1.8,14.0,22.0,0.7973653076171875,False,PUT,2026-02-20,MRNA
MRNA260220P00042000,42.0,2.33,1.36,2.01,5.0,387.0,0.799806689453125,False,PUT,2026-02-20,MRNA
MRNA260220P00042500,42.5,2.65,1.43,2.18,6.0,16.0,0.7861349511718749,False,PUT,2026-02-20,MRNA
MRNA260220P00043000,43.0,2.7,1.67,2.31,16.0,166.0,0.78711150390625,False,PUT,2026-02-20,MRNA
MRNA260220P00043500,43.5,2.35,1.91,2.64,1.0,10.0,0.8085956640624999,False,PUT,2026-02-20,MRNA
MRNA260220P00044000,44.0,2.19,2.32,2.71,3.0,72.0,0.8159198095703124,False,PUT,2026-02-20,MRNA
MRNA260220P00044500,44.5,2.63,2.64,2.87,316.0,22.0,0.8208025732421874,False,PUT,2026-02-20,MRNA
MRNA260220P00045000,45.0,3.11,2.84,3.15,2777.0,2020.0,0.823243955078125,False,PUT,2026-02-20,MRNA
MRNA260220P00046000,46.0,3.6,3.3,3.7,2.0,134.0,0.8261736132812498,False,PUT,2026-02-20,MRNA
MRNA260220P00047000,47.0,3.49,3.4,4.25,2.0,2571.0,0.7812521875,True,PUT,2026-02-20,MRNA
MRNA260220P00048000,48.0,4.45,4.05,4.8,3.0,260.0,0.7866232275390624,True,PUT,2026-02-20,MRNA
MRNA260220P00049000,49.0,5.3,4.7,5.45,1.0,51.0,0.7939473730468749,True,PUT,2026-02-20,MRNA
MRNA260220P00050000,50.0,5.6,5.2,6.15,11.0,2373.0,0.782228740234375,True,PUT,2026-02-20,MRNA
MRNA260220P00051000,51.0,6.25,6.35,6.85,6.0,11.0,0.8352067260742186,True,PUT,2026-02-20,MRNA
MRNA260220P00052000,52.0,8.16,6.95,7.9,1.0,50.0,0.860352958984375,True,PUT,2026-02-20,MRNA
MRNA260220P00053000,53.0,9.1,7.75,8.35,21.0,75.0,0.8315446533203124,True,PUT,2026-02-20,MRNA
MRNA260220P00055000,55.0,11.3,8.5,11.35,1.0,15.0,0.9101571484375,True,PUT,2026-02-20,MRNA
MRNA260220P00060000,60.0,13.75,12.75,14.9,1.0,11.0,0.7832052929687501,True,PUT,2026-02-20,MRNA
MRNA260227C00033000,33.0,21.2,12.85,15.45,101.0,108.0,0.9335944140625,True,CALL,2026-02-27,MRNA
MRNA260227C00034000,34.0,8.42,11.85,14.55,38.0,149.0,0.8945323046874999,True,CALL,2026-02-27,MRNA
MRNA260227C00035000,35.0,14.57,11.25,13.65,1.0,196.0,0.9355475195312499,True,CALL,2026-02-27,MRNA
MRNA260227C00036000,36.0,11.0,10.45,12.75,1.0,111.0,0.9223640576171875,True,CALL,2026-02-27,MRNA
MRNA260227C00037000,37.0,9.01,9.55,11.9,3.0,4.0,0.8945323046874999,True,CALL,2026-02-27,MRNA
MRNA260227C00038000,38.0,5.94,8.75,11.1,2.0,16.0,0.88476677734375,True,CALL,2026-02-27,MRNA
MRNA260227C00039000,39.0,9.85,8.05,10.2,3.0,6.0,0.8676771044921875,True,CALL,2026-02-27,MRNA
MRNA260227C00040000,40.0,8.0,7.2,9.2,50.0,74.0,0.813478427734375,True,CALL,2026-02-27,MRNA
MRNA260227C00041000,41.0,8.78,6.2,8.45,2.0,8.0,0.7690452783203126,True,CALL,2026-02-27,MRNA
MRNA260227C00042000,42.0,5.88,6.05,6.8,1.0,11.0,0.7158231542968749,True,CALL,2026-02-27,MRNA
MRNA260227C00043000,43.0,6.0,5.4,6.15,1.0,12.0,0.7133817724609376,True,CALL,2026-02-27,MRNA
MRNA260227C00044000,44.0,5.25,4.85,5.55,3.0,99.0,0.7175321215820312,True,CALL,2026-02-27,MRNA
MRNA260227C00045000,45.0,4.44,4.25,4.95,5.0,120.0,0.708010732421875,True,CALL,2026-02-27,MRNA
MRNA260227C00046000,46.0,4.12,4.1,4.4,18.0,79.0,0.7382838671874999,True,CALL,2026-02-27,MRNA
MRNA260227C00047000,47.0,4.2,3.55,3.95,5.0,33.0,0.7319362744140624,False,CALL,2026-02-27,MRNA
MRNA260227C00048000,48.0,3.25,3.15,3.5,6.0,70.0,0.7319362744140624,False,CALL,2026-02-27,MRNA
MRNA260227C00049000,49.0,7.82,2.65,3.15,24.0,5.0,0.7246121289062499,False,CALL,2026-02-27,MRNA
MRNA260227C00050000,50.0,2.5,2.34,2.75,18.0,197.0,0.7236355761718749,False,CALL,2026-02-27,MRNA
MRNA260227C00051000,51.0,2.5,2.02,2.45,1.0,43.0,0.7241238525390624,False,CALL,2026-02-27,MRNA
MRNA260227C00052000,52.0,2.3,1.67,2.15,1.0,21.0,0.7153348779296875,False,CALL,2026-02-27,MRNA
MRNA260227C00053000,53.0,1.8,1.48,1.96,8.0,66.0,0.7280300634765625,False,CALL,2026-02-27,MRNA
MRNA260227C00054000,54.0,1.39,1.37,1.7,5.0,28.0,0.7368190380859375,False,CALL,2026-02-27,MRNA
MRNA260227C00055000,55.0,1.45,1.19,1.5,45.0,101.0,0.7392604199218749,False,CALL,2026-02-27,MRNA
MRNA260227C00056000,56.0,1.69,0.9,1.35,1.0,4.0,0.7290066162109375,False,CALL,2026-02-27,MRNA
MRNA260227C00057000,57.0,1.03,0.89,1.17,13.0,3.0,0.7446314599609375,False,CALL,2026-02-27,MRNA
MRNA260227C00058000,58.0,1.15,0.54,1.14,10.0,23.0,0.7299831689453125,False,CALL,2026-02-27,MRNA
MRNA260227C00059000,59.0,1.6,0.54,1.02,1.0,36.0,0.7480493945312501,False,CALL,2026-02-27,MRNA
MRNA260227C00060000,60.0,1.0,0.54,0.89,9.0,246.0,0.7617211328125001,False,CALL,2026-02-27,MRNA
MRNA260227P00033000,33.0,0.42,0.0,1.76,1.0,19.0,1.1147505200195313,False,PUT,2026-02-27,MRNA
MRNA260227P00034000,34.0,0.38,0.0,1.81,1.0,85.0,1.052739111328125,False,PUT,2026-02-27,MRNA
MRNA260227P00035000,35.0,0.81,0.01,1.15,5.0,146.0,0.8535170898437501,False,PUT,2026-02-27,MRNA
MRNA260227P00036000,36.0,1.06,0.34,1.11,3.0,41.0,0.8476577734374999,False,PUT,2026-02-27,MRNA
MRNA260227P00037000,37.0,0.91,0.54,1.24,23.0,56.0,0.840821904296875,False,PUT,2026-02-27,MRNA
MRNA260227P00038000,38.0,1.37,0.54,1.39,43.0,134.0,0.7973653076171875,False,PUT,2026-02-27,MRNA
MRNA260227P00039000,39.0,1.2,0.93,1.39,3.0,16.0,0.7866232275390624,False,PUT,2026-02-27,MRNA
MRNA260227P00040000,40.0,1.5,1.2,1.61,131.0,598.0,0.7812521875,False,PUT,2026-02-27,MRNA
MRNA260227P00041000,41.0,2.18,1.68,1.98,1.0,3.0,0.8105487695312499,False,PUT,2026-02-27,MRNA
MRNA260227P00042000,42.0,1.89,2.0,2.24,1.0,22.0,0.797853583984375,False,PUT,2026-02-27,MRNA
MRNA260227P00043000,43.0,2.62,2.34,2.61,7.0,24.0,0.7915059912109376,False,PUT,2026-02-27,MRNA
MRNA260227P00044000,44.0,2.8,2.74,3.05,2.0,11.0,0.79101771484375,False,PUT,2026-02-27,MRNA
MRNA260227P00045000,45.0,3.25,3.15,3.55,41.0,173.0,0.790041162109375,False,PUT,2026-02-27,MRNA
MRNA260227P00046000,46.0,3.6,3.6,3.95,200.0,14.0,0.7753928710937501,False,PUT,2026-02-27,MRNA
MRNA260227P00047000,47.0,5.0,4.2,4.5,9.0,10.0,0.7827170166015626,True,PUT,2026-02-27,MRNA
MRNA260227P00048000,48.0,5.2,4.75,5.05,2.0,14.0,0.7778342529296876,True,PUT,2026-02-27,MRNA
MRNA260227P00049000,49.0,5.05,5.35,6.05,4.0,7.0,0.8132342895507811,True,PUT,2026-02-27,MRNA
MRNA260227P00050000,50.0,6.45,6.05,6.45,22.0,110.0,0.7954122021484374,True,PUT,2026-02-27,MRNA
MRNA260227P00051000,51.0,8.65,6.45,7.25,1.0,9.0,0.780275634765625,True,PUT,2026-02-27,MRNA
MRNA260227P00053000,53.0,5.19,8.05,8.75,,2.0,0.8015156567382812,True,PUT,2026-02-27,MRNA
MRNA260227P00055000,55.0,7.5,8.55,10.65,,20.0,0.7216824707031251,True,PUT,2026-02-27,MRNA
MRNA260227P00057000,57.0,10.14,9.95,12.55,1.0,1.0,0.7153348779296875,True,PUT,2026-02-27,MRNA
MRNA260227P00059000,59.0,9.1,12.0,14.2,,0.0,0.745119736328125,True,PUT,2026-02-27,MRNA
MRNA260306C00035000,35.0,13.55,11.5,13.4,1.0,1.0,0.8422867333984375,True,CALL,2026-03-06,MRNA
MRNA260306C00040000,40.0,8.39,6.45,9.4,1.0,4.0,0.6679720703125002,True,CALL,2026-03-06,MRNA
MRNA260306C00042000,42.0,6.7,6.3,7.05,1.0,11.0,0.6953155468750001,True,CALL,2026-03-06,MRNA
MRNA260306C00045000,45.0,4.35,4.45,5.35,3.0,4.0,0.6901886450195314,True,CALL,2026-03-06,MRNA
MRNA260306C00047000,47.0,5.4,3.7,4.45,1.0,1.0,0.7138700488281251,False,CALL,2026-03-06,MRNA
MRNA260306C00048000,48.0,3.85,3.25,4.0,4.0,48.0,0.7094755615234375,False,CALL,2026-03-06,MRNA
MRNA260306C00050000,50.0,3.05,2.4,3.35,1.0,30.0,0.7084990087890625,False,CALL,2026-03-06,MRNA
MRNA260306C00051000,51.0,2.95,2.24,2.98,1.0,3.0,0.7182645361328125,False,CALL,2026-03-06,MRNA
MRNA260306C00053000,53.0,1.57,1.73,2.46,60.0,6.0,0.7263210961914062,False,CALL,2026-03-06,MRNA
MRNA260306C00054000,54.0,2.28,1.45,2.37,3.0,14.0,0.7368190380859375,False,CALL,2026-03-06,MRNA
MRNA260306C00055000,55.0,2.29,1.3,2.04,4.0,71.0,0.7324245507812499,False,CALL,2026-03-06,MRNA
MRNA260306C00056000,56.0,3.31,1.1,1.88,13.0,13.0,0.7358424853515625,False,CALL,2026-03-06,MRNA
MRNA260306C00057000,57.0,1.37,1.03,1.86,1.0,4.0,0.7641625146484375,False,CALL,2026-03-06,MRNA
MRNA260306C00058000,58.0,1.04,0.89,1.86,5.0,6.0,0.7851583984375,False,CALL,2026-03-06,MRNA
MRNA260306C00059000,59.0,1.86,0.84,1.43,1.0,38.0,0.7641625146484375,False,CALL,2026-03-06,MRNA
MRNA260306C00060000,60.0,1.05,0.35,1.43,2.0,241.0,0.7348659326171875,False,CALL,2026-03-06,MRNA
MRNA260306P00035000,35.0,0.85,0.31,1.28,4.0,9.0,0.8476577734374999,False,PUT,2026-03-06,MRNA
MRNA260306P00038000,38.0,0.95,0.48,1.68,1.0,19.0,0.7500025,False,PUT,2026-03-06,MRNA
MRNA260306P00040000,40.0,2.15,1.55,1.97,4.0,417.0,0.7841818457031251,False,PUT,2026-03-06,MRNA
MRNA260306P00042000,42.0,2.8,1.81,2.64,16.0,18.0,0.7392604199218749,False,PUT,2026-03-06,MRNA
MRNA260306P00043000,43.0,2.47,2.17,3.05,1.0,1.0,0.7382838671874999,False,PUT,2026-03-06,MRNA
MRNA260306P00044000,44.0,2.98,2.56,3.45,1.0,7.0,0.7324245507812499,False,PUT,2026-03-06,MRNA
MRNA260306P00045000,45.0,3.4,3.4,3.95,2.0,202.0,0.7680687255859376,False,PUT,2026-03-06,MRNA
MRNA260306P00046000,46.0,4.1,3.5,4.45,1.0,7.0,0.7326686889648437,False,PUT,2026-03-06,MRNA
MRNA260306P00047000,47.0,4.44,4.05,5.0,3.0,16.0,0.73437765625,True,PUT,2026-03-06,MRNA
MRNA260306P00048000,48.0,5.0,4.8,5.6,1.0,1.0,0.7509790527343749,True,PUT,2026-03-06,MRNA
MRNA260306P00050000,50.0,6.23,5.95,6.85,1.0,45.0,0.7419459399414061,True,PUT,2026-03-06,MRNA
MRNA260306P00055000,55.0,10.55,9.35,11.1,1.0,2.0,0.7771018383789063,True,PUT,2026-03-06,MRNA
MRNA260320C00033000,33.0,14.3,13.7,14.95,2.0,752.0,0.7807639111328125,True,CALL,2026-03-20,MRNA
MRNA260320C00034000,34.0,12.55,12.9,14.3,1.0,864.0,0.8149432568359375,True,CALL,2026-03-20,MRNA
MRNA260320C00035000,35.0,14.0,12.1,13.8,3.0,3105.0,0.8535170898437501,True,CALL,2026-03-20,MRNA
MRNA260320C00036000,36.0,10.9,11.3,13.05,2.0,451.0,0.8491226025390625,True,CALL,2026-03-20,MRNA
MRNA260320C00037000,37.0,11.4,10.45,12.2,5.0,739.0,0.8237322314453124,True,CALL,2026-03-20,MRNA
MRNA260320C00038000,38.0,10.59,9.8,11.05,13.0,474.0,0.7851583984375,True,CALL,2026-03-20,MRNA
MRNA260320C00039000,39.0,8.87,9.15,10.8,4.0,1519.0,0.8315446533203124,True,CALL,2026-03-20,MRNA
MRNA260320C00040000,40.0,8.83,8.55,9.55,31.0,3877.0,0.782228740234375,True,CALL,2026-03-20,MRNA
MRNA260320C00041000,41.0,10.5,7.8,8.7,1.0,3494.0,0.7534204345703125,True,CALL,2026-03-20,MRNA
MRNA260320C00042000,42.0,8.29,7.05,8.05,2.0,476.0,0.7382838671874999,True,CALL,2026-03-20,MRNA
MRNA260320C00043000,43.0,6.75,6.75,7.45,1.0,10181.0,0.7587914746093751,True,CALL,2026-03-20,MRNA
MRNA260320C00044000,44.0,5.85,6.2,6.95,12.0,2696.0,0.7614769946289064,True,CALL,2026-03-20,MRNA
MRNA260320C00045000,45.0,6.05,5.75,6.35,40.0,19900.0,0.7592797509765626,True,CALL,2026-03-20,MRNA
MRNA260320C00046000,46.0,5.92,5.5,5.85,39.0,100.0,0.7744163183593751,True,CALL,2026-03-20,MRNA
MRNA260320C00047000,47.0,5.1,4.8,5.5,155.0,20966.0,0.7631859619140625,False,CALL,2026-03-20,MRNA
MRNA260320C00048000,48.0,5.25,4.75,5.05,3.0,457.0,0.7875997802734375,False,CALL,2026-03-20,MRNA
MRNA260320C00049000,49.0,4.3,4.1,4.6,3.0,1140.0,0.764650791015625,False,CALL,2026-03-20,MRNA
MRNA260320C00050000,50.0,4.18,4.0,4.25,340.0,5062.0,0.7846701220703125,False,CALL,2026-03-20,MRNA
MRNA260320C00055000,55.0,2.83,2.54,2.78,99.0,2098.0,0.7849142602539063,False,CALL,2026-03-20,MRNA
MRNA260320C00060000,60.0,1.79,1.49,1.92,61.0,8610.0,0.790041162109375,False,CALL,2026-03-20,MRNA
MRNA260320P00033000,33.0,0.75,0.75,1.12,1.0,615.0,0.8720715917968749,False,PUT,2026-03-20,MRNA
MRNA260320P00034000,34.0,0.92,0.84,1.14,2.0,791.0,0.8325212060546874,False,PUT,2026-03-20,MRNA
MRNA260320P00035000,35.0,1.3,1.05,1.55,68.0,3303.0,0.858399853515625,False,PUT,2026-03-20,MRNA
MRNA260320P00036000,36.0,1.49,1.35,1.72,1.0,1950.0,0.8564467480468749,False,PUT,2026-03-20,MRNA
MRNA260320P00037000,37.0,1.7,1.63,1.83,552.0,1257.0,0.8398453515625,False,PUT,2026-03-20,MRNA
MRNA260320P00038000,38.0,1.78,1.85,2.07,2.0,3310.0,0.8271501660156249,False,PUT,2026-03-20,MRNA
MRNA260320P00039000,39.0,2.34,1.96,2.41,3.0,204.0,0.8090839404296875,False,PUT,2026-03-20,MRNA
MRNA260320P00040000,40.0,2.5,2.49,2.72,20.0,3074.0,0.8225115405273438,False,PUT,2026-03-20,MRNA
MRNA260320P00041000,41.0,2.67,2.8,3.15,1.0,110.0,0.8208025732421874,False,PUT,2026-03-20,MRNA
MRNA260320P00042000,42.0,3.31,3.2,3.5,1.0,55.0,0.815431533203125,False,PUT,2026-03-20,MRNA
MRNA260320P00043000,43.0,3.68,3.65,4.05,4.0,53.0,0.8249529223632811,False,PUT,2026-03-20,MRNA
MRNA260320P00044000,44.0,4.3,4.05,4.35,22.0,2627.0,0.80664255859375,False,PUT,2026-03-20,MRNA
MRNA260320P00045000,45.0,5.2,4.55,5.0,172.0,1767.0,0.8183611914062499,False,PUT,2026-03-20,MRNA
MRNA260320P00046000,46.0,5.3,5.05,5.4,1.0,77.0,0.8068866967773438,False,PUT,2026-03-20,MRNA
MRNA260320P00047000,47.0,5.62,5.6,5.9,2.0,202.0,0.8024922094726561,True,PUT,2026-03-20,MRNA
MRNA260320P00048000,48.0,5.95,6.15,6.5,36.0,246.0,0.8012715185546875,True,PUT,2026-03-20,MRNA
MRNA260320P00049000,49.0,8.0,6.75,7.05,10.0,57.0,0.7963887548828125,True,PUT,2026-03-20,MRNA
MRNA260320P00050000,50.0,7.3,7.4,7.85,217.0,471.0,0.8093280786132812,True,PUT,2026-03-20,MRNA
MRNA260320P00055000,55.0,11.05,10.4,11.35,2.0,77.0,0.7668480346679689,True,PUT,2026-03-20,MRNA
MRNA260320P00060000,60.0,12.2,14.0,15.5,1.0,18.0,0.73633076171875,True,PUT,2026-03-20,MRNA
MRNA260417C00033000,33.0,15.75,14.45,16.6,1.0,727.0,0.8999033447265624,True,CALL,2026-04-17,MRNA
MRNA260417C00034000,34.0,14.45,13.65,15.75,3.0,517.0,0.8803722900390624,True,CALL,2026-04-17,MRNA
MRNA260417C00035000,35.0,13.95,12.95,14.8,20.0,743.0,0.8588881298828125,True,CALL,2026-04-17,MRNA
MRNA260417C00036000,36.0,12.54,12.15,13.9,2.0,452.0,0.8315446533203124,True,CALL,2026-04-17,MRNA
MRNA260417C00037000,37.0,19.12,11.5,13.45,1.0,398.0,0.850587431640625,True,CALL,2026-04-17,MRNA
MRNA260417C00038000,38.0,9.9,10.8,12.4,17.0,592.0,0.8151873950195312,True,CALL,2026-04-17,MRNA
MRNA260417C00039000,39.0,10.95,10.2,11.7,1.0,376.0,0.8115253222656249,True,CALL,2026-04-17,MRNA
MRNA260417C00040000,40.0,9.95,9.65,10.3,41.0,1528.0,0.7595238891601563,True,CALL,2026-04-17,MRNA
MRNA260417C00041000,41.0,10.1,9.0,10.0,3.0,2723.0,0.7746604565429689,True,CALL,2026-04-17,MRNA
MRNA260417C00042000,42.0,9.33,8.4,9.7,3.0,738.0,0.7885763330078125,True,CALL,2026-04-17,MRNA
MRNA260417C00043000,43.0,7.45,7.9,8.6,58.0,2052.0,0.7546411254882812,True,CALL,2026-04-17,MRNA
MRNA260417C00044000,44.0,8.45,7.45,8.1,3.0,2530.0,0.7587914746093751,True,CALL,2026-04-17,MRNA
MRNA260417C00045000,45.0,8.05,7.1,7.6,6.0,248.0,0.7658714819335939,True,CALL,2026-04-17,MRNA
MRNA260417C00046000,46.0,7.29,6.05,7.1,1.0,48.0,0.7282742016601562,True,CALL,2026-04-17,MRNA
MRNA260417C00047000,47.0,6.7,6.05,6.7,22.0,179.0,0.7561059545898439,False,CALL,2026-04-17,MRNA
MRNA260417C00048000,48.0,6.15,5.65,6.25,3.0,657.0,0.7543969873046875,False,CALL,2026-04-17,MRNA
MRNA260417C00049000,49.0,5.75,5.25,5.8,1.0,66.0,0.7500025,False,CALL,2026-04-17,MRNA
MRNA260417C00050000,50.0,4.69,5.25,5.25,21.0,334.0,0.7605004418945314,False,CALL,2026-04-17,MRNA
MRNA260417C00055000,55.0,3.95,3.5,3.95,51.0,7445.0,0.7612328564453126,False,CALL,2026-04-17,MRNA
MRNA260417C00060000,60.0,2.5,2.4,2.79,37.0,783.0,0.7590356127929689,False,CALL,2026-04-17,MRNA
MRNA260417P00033000,33.0,1.47,1.07,1.87,5.0,182.0,0.8212908496093749,False,PUT,2026-04-17,MRNA
MRNA260417P00034000,34.0,1.58,1.3,1.8,1.0,3268.0,0.788088056640625,False,PUT,2026-04-17,MRNA
MRNA260417P00035000,35.0,2.25,1.54,2.01,19.0,3137.0,0.7812521875,False,PUT,2026-04-17,MRNA
MRNA260417P00036000,36.0,2.53,1.69,2.4,206.0,557.0,0.7788108056640625,False,PUT,2026-04-17,MRNA
MRNA260417P00037000,37.0,2.36,2.13,2.62,5.0,190.0,0.782228740234375,False,PUT,2026-04-17,MRNA
MRNA260417P00038000,38.0,2.65,2.68,2.87,1.0,469.0,0.7917501293945313,False,PUT,2026-04-17,MRNA
MRNA260417P00039000,39.0,3.4,3.05,3.25,2.0,571.0,0.7929708203125,False,PUT,2026-04-17,MRNA
MRNA260417P00040000,40.0,3.33,3.2,3.7,2.0,376.0,0.7797873583984375,False,PUT,2026-04-17,MRNA
MRNA260417P00041000,41.0,3.75,3.75,4.05,610.0,921.0,0.7841818457031251,False,PUT,2026-04-17,MRNA
MRNA260417P00042000,42.0,4.5,4.2,4.5,7.0,309.0,0.7849142602539063,False,PUT,2026-04-17,MRNA
MRNA260417P00043000,43.0,5.3,4.25,5.1,57.0,340.0,0.7666038964843751,False,PUT,2026-04-17,MRNA
MRNA260417P00044000,44.0,5.9,5.05,5.4,41.0,46.0,0.7736839038085939,False,PUT,2026-04-17,MRNA
MRNA260417P00045000,45.0,6.25,5.55,5.8,61.0,189.0,0.7653832055664063,False,PUT,2026-04-17,MRNA
MRNA260417P00046000,46.0,6.6,5.8,6.4,74.0,128.0,0.7514673291015624,False,PUT,2026-04-17,MRNA
MRNA260417P00047000,47.0,6.8,6.7,6.95,1.0,573.0,0.7702659692382813,True,PUT,2026-04-17,MRNA
MRNA260417P00048000,48.0,8.25,7.25,7.55,6.0,617.0,0.7683128637695313,True,PUT,2026-04-17,MRNA
MRNA260417P00049000,49.0,7.9,7.8,8.15,1.0,247.0,0.7641625146484375,True,PUT,2026-04-17,MRNA
MRNA260417P00050000,50.0,8.65,8.45,8.8,24.0,1109.0,0.7658714819335939,True,PUT,2026-04-17,MRNA
MRNA260417P00055000,55.0,12.4,11.85,12.2,138.0,34.0,0.7578149218750001,True,PUT,2026-04-17,MRNA
MRNA260417P00060000,60.0,14.9,14.8,16.2,1.0,8.0,0.7014190014648438,True,PUT,2026-04-17,MRNA
MRNA260515C00033000,33.0,15.75,14.55,15.9,1.0,422.0,0.72070591796875,True,CALL,2026-05-15,MRNA
MRNA260515C00034000,34.0,13.95,14.25,15.1,7.0,149.0,0.7524438818359375,True,CALL,2026-05-15,MRNA
MRNA260515C00035000,35.0,14.18,13.6,14.75,2.0,151.0,0.7827170166015626,True,CALL,2026-05-15,MRNA
MRNA260515C00036000,36.0,12.66,12.9,14.3,3.0,16963.0,0.7956563403320311,True,CALL,2026-05-15,MRNA
MRNA260515C00037000,37.0,12.71,12.3,13.9,6.0,118.0,0.8139667041015625,True,CALL,2026-05-15,MRNA
MRNA260515C00038000,38.0,12.54,11.65,12.4,2.0,373.0,0.754885263671875,True,CALL,2026-05-15,MRNA
MRNA260515C00039000,39.0,11.25,11.0,11.8,1.0,317.0,0.7524438818359375,True,CALL,2026-05-15,MRNA
MRNA260515C00040000,40.0,10.83,10.15,11.2,3.0,380.0,0.7355983471679688,True,CALL,2026-05-15,MRNA
MRNA260515C00041000,41.0,9.5,9.9,10.7,150.0,303.0,0.756960438232422,True,CALL,2026-05-15,MRNA
MRNA260515C00042000,42.0,9.0,9.35,10.2,3.0,266.0,0.7578149218750001,True,CALL,2026-05-15,MRNA
MRNA260515C00043000,43.0,8.25,8.85,9.55,15.0,44.0,0.7507349145507812,True,CALL,2026-05-15,MRNA
MRNA260515C00044000,44.0,10.84,8.4,9.25,1.0,136.0,0.762697685546875,True,CALL,2026-05-15,MRNA
MRNA260515C00045000,45.0,8.8,7.95,8.55,1.0,487.0,0.7511011218261718,True,CALL,2026-05-15,MRNA
MRNA260515C00046000,46.0,10.1,7.45,8.25,5.0,92.0,0.7556176782226562,True,CALL,2026-05-15,MRNA
MRNA260515C00047000,47.0,7.6,7.3,8.1,139.0,45.0,0.7832052929687501,False,CALL,2026-05-15,MRNA
MRNA260515C00048000,48.0,5.65,6.55,7.45,4.0,227.0,0.7530542272949219,False,CALL,2026-05-15,MRNA
MRNA260515C00049000,49.0,5.3,6.1,7.05,6.0,75.0,0.7487818090820313,False,CALL,2026-05-15,MRNA
MRNA260515C00050000,50.0,6.33,5.8,6.7,1.0,287.0,0.7526880200195312,False,CALL,2026-05-15,MRNA
MRNA260515C00055000,55.0,4.1,4.05,5.2,57.0,144.0,0.7460962890625,False,CALL,2026-05-15,MRNA
MRNA260515C00060000,60.0,3.5,3.15,4.05,19.0,5554.0,0.7633080310058593,False,CALL,2026-05-15,MRNA
MRNA260515P00033000,33.0,1.6,1.63,2.23,2.0,878.0,0.7858908129882812,False,PUT,2026-05-15,MRNA
MRNA260515P00034000,34.0,1.86,1.81,2.44,1.0,142.0,0.77148666015625,False,PUT,2026-05-15,MRNA
MRNA260515P00035000,35.0,2.5,2.42,2.57,16.0,204.0,0.7814963256835938,False,PUT,2026-05-15,MRNA
MRNA260515P00036000,36.0,3.35,2.4,3.15,3.0,85.0,0.7741721801757813,False,PUT,2026-05-15,MRNA
MRNA260515P00037000,37.0,2.42,3.0,3.25,1.0,178.0,0.7739280419921876,False,PUT,2026-05-15,MRNA
MRNA260515P00038000,38.0,3.95,3.4,3.6,27.0,178.0,0.773439765625,False,PUT,2026-05-15,MRNA
MRNA260515P00039000,39.0,3.55,3.55,4.1,27.0,204.0,0.7641625146484375,False,PUT,2026-05-15,MRNA
MRNA260515P00040000,40.0,4.18,4.15,4.4,25.0,196.0,0.7675804492187501,False,PUT,2026-05-15,MRNA
MRNA260515P00041000,41.0,4.95,4.55,4.8,5.0,210.0,0.7622094091796876,False,PUT,2026-05-15,MRNA
MRNA260515P00042000,42.0,4.91,4.65,5.35,26.0,56.0,0.7463404272460938,False,PUT,2026-05-15,MRNA
MRNA260515P00043000,43.0,5.55,5.45,5.65,24.0,109.0,0.752932158203125,False,PUT,2026-05-15,MRNA
MRNA260515P00044000,44.0,6.15,5.95,6.1,10.0,528.0,0.7490259472656251,False,PUT,2026-05-15,MRNA
MRNA260515P00045000,45.0,6.65,6.45,6.6,7.0,182.0,0.7456080126953125,False,PUT,2026-05-15,MRNA
MRNA260515P00046000,46.0,7.9,6.2,7.3,8.0,90.0,0.711916943359375,False,PUT,2026-05-15,MRNA
MRNA260515P00047000,47.0,8.45,7.55,7.7,5.0,150.0,0.7424342163085937,True,PUT,2026-05-15,MRNA
MRNA260515P00048000,48.0,8.6,7.55,8.6,5.0,30.0,0.7276638562011719,True,PUT,2026-05-15,MRNA
MRNA260515P00049000,49.0,9.75,7.95,9.2,18.0,44.0,0.7161893615722656,True,PUT,2026-05-15,MRNA
MRNA260515P00050000,50.0,10.35,9.3,9.85,23.0,58.0,0.7524438818359375,True,PUT,2026-05-15,MRNA
MRNA260515P00055000,55.0,13.7,11.9,13.3,43.0,103.0,0.7102079760742188,True,PUT,2026-05-15,MRNA
MRNA260515P00060000,60.0,14.75,15.9,17.15,3.0,74.0,0.7194852270507812,True,PUT,2026-05-15,MRNA
MRNA260618C00033000,33.0,21.85,15.45,17.75,9.0,246.0,0.8234880932617187,True,CALL,2026-06-18,MRNA
MRNA260618C00034000,34.0,15.25,14.85,15.8,3.0,201.0,0.7434107690429688,True,CALL,2026-06-18,MRNA
MRNA260618C00035000,35.0,14.0,14.25,15.05,2.0,3959.0,0.7419459399414061,True,CALL,2026-06-18,MRNA
MRNA260618C00036000,36.0,13.29,13.5,14.4,1.0,201.0,0.7351100708007812,True,CALL,2026-06-18,MRNA
MRNA260618C00037000,37.0,14.65,12.9,13.75,3.0,488.0,0.7346217944335938,True,CALL,2026-06-18,MRNA
MRNA260618C00038000,38.0,12.05,12.3,13.3,1.0,443.0,0.7426783544921874,True,CALL,2026-06-18,MRNA
MRNA260618C00039000,39.0,11.63,11.75,12.5,5.0,215.0,0.7320583435058592,True,CALL,2026-06-18,MRNA
MRNA260618C00040000,40.0,12.35,11.2,12.05,22.0,20651.0,0.7376735217285155,True,CALL,2026-06-18,MRNA
MRNA260618C00041000,41.0,11.48,10.65,12.05,2.0,91.0,0.7629418237304688,True,CALL,2026-06-18,MRNA
MRNA260618C00042000,42.0,10.55,10.2,11.2,1.0,517.0,0.7490259472656251,True,CALL,2026-06-18,MRNA
MRNA260618C00043000,43.0,11.61,9.45,10.6,10.0,359.0,0.731325928955078,True,CALL,2026-06-18,MRNA
MRNA260618C00044000,44.0,11.2,9.2,10.55,1.0,322.0,0.7609887182617189,True,CALL,2026-06-18,MRNA
MRNA260618C00045000,45.0,9.35,8.7,10.1,20.0,3713.0,0.7583031982421876,True,CALL,2026-06-18,MRNA
MRNA260618C00046000,46.0,9.0,8.0,8.95,64.0,110.0,0.7138700488281251,True,CALL,2026-06-18,MRNA
MRNA260618C00047000,47.0,8.8,8.0,8.75,7.0,361.0,0.7417018017578124,False,CALL,2026-06-18,MRNA
MRNA260618C00048000,48.0,9.35,7.5,8.15,9.0,176.0,0.7280300634765625,False,CALL,2026-06-18,MRNA
MRNA260618C00049000,49.0,6.2,7.1,7.8,28.0,57.0,0.7282742016601562,False,CALL,2026-06-18,MRNA
MRNA260618C00050000,50.0,7.25,6.8,7.4,16.0,2465.0,0.7292507543945312,False,CALL,2026-06-18,MRNA
MRNA260618C00055000,55.0,5.66,5.35,5.8,6.0,2750.0,0.7331569653320311,False,CALL,2026-06-18,MRNA
MRNA260618C00060000,60.0,4.05,4.05,4.8,78.0,2055.0,0.7409693872070311,False,CALL,2026-06-18,MRNA
MRNA260618P00033000,33.0,2.42,1.98,2.77,2.0,224.0,0.7480493945312501,False,PUT,2026-06-18,MRNA
MRNA260618P00034000,34.0,3.05,2.42,2.83,3.0,152.0,0.7395045581054687,False,PUT,2026-06-18,MRNA
MRNA260618P00035000,35.0,2.89,2.58,3.25,35.0,1067.0,0.7338893798828124,False,PUT,2026-06-18,MRNA
MRNA260618P00036000,36.0,3.4,3.2,3.5,163.0,71.0,0.7434107690429688,False,PUT,2026-06-18,MRNA
MRNA260618P00037000,37.0,3.05,2.51,4.2,1.0,71.0,0.7006865869140625,False,PUT,2026-06-18,MRNA
MRNA260618P00038000,38.0,4.5,3.65,4.3,16.0,373.0,0.7259548889160157,False,PUT,2026-06-18,MRNA
MRNA260618P00039000,39.0,4.55,4.05,4.75,2.0,58.0,0.7264431652832031,False,PUT,2026-06-18,MRNA
MRNA260618P00040000,40.0,5.5,4.35,5.0,20.0,10432.0,0.7094755615234375,False,PUT,2026-06-18,MRNA
MRNA260618P00041000,41.0,5.92,4.9,5.55,7.0,244.0,0.7182645361328125,False,PUT,2026-06-18,MRNA
MRNA260618P00042000,42.0,5.8,4.8,5.9,24.0,28.0,0.6838410522460938,False,PUT,2026-06-18,MRNA
MRNA260618P00043000,43.0,6.4,5.2,6.85,2.0,63.0,0.7004424487304688,False,PUT,2026-06-18,MRNA
MRNA260618P00044000,44.0,7.89,6.3,7.2,1.0,56.0,0.7192410888671875,False,PUT,2026-06-18,MRNA
MRNA260618P00045000,45.0,7.67,6.65,7.65,54.0,2145.0,0.7059355578613282,False,PUT,2026-06-18,MRNA
MRNA260618P00046000,46.0,6.7,7.3,8.4,1.0,21.0,0.7180203979492188,False,PUT,2026-06-18,MRNA
MRNA260618P00047000,47.0,8.0,7.85,8.75,410.0,150.0,0.7060576269531251,True,PUT,2026-06-18,MRNA
MRNA260618P00048000,48.0,8.7,8.45,9.15,5.0,26.0,0.6972686523437501,True,PUT,2026-06-18,MRNA
MRNA260618P00049000,49.0,9.45,8.95,10.0,1.0,68.0,0.7019072778320312,True,PUT,2026-06-18,MRNA
MRNA260618P00050000,50.0,10.32,9.55,10.55,12.0,4290.0,0.6965362377929689,True,PUT,2026-06-18,MRNA
MRNA260618P00055000,55.0,14.5,12.75,14.0,54.0,236.0,0.6870148486328126,True,PUT,2026-06-18,MRNA
MRNA260618P00060000,60.0,15.6,16.45,17.9,3.0,181.0,0.6879914013671876,True,PUT,2026-06-18,MRNA
MRNA260717C00033000,33.0,15.65,16.1,18.05,1.0,21.0,0.8071308349609375,True,CALL,2026-07-17,MRNA
MRNA260717C00034000,34.0,16.37,15.45,17.0,1.0,7.0,0.7817404638671875,True,CALL,2026-07-17,MRNA
MRNA260717C00035000,35.0,15.75,14.75,16.35,1.0,297.0,0.7756370092773439,True,CALL,2026-07-17,MRNA
MRNA260717C00036000,36.0,10.71,14.25,15.75,18.0,26.0,0.7807639111328125,True,CALL,2026-07-17,MRNA
MRNA260717C00037000,37.0,15.46,13.55,14.55,1.0,22.0,0.743166630859375,True,CALL,2026-07-17,MRNA
MRNA260717C00038000,38.0,13.81,12.9,14.55,1.0,52.0,0.7670921728515626,True,CALL,2026-07-17,MRNA
MRNA260717C00039000,39.0,13.21,12.5,13.4,1.0,19.0,0.745119736328125,True,CALL,2026-07-17,MRNA
MRNA260717C00040000,40.0,13.15,11.9,12.9,1.0,325.0,0.743166630859375,True,CALL,2026-07-17,MRNA
MRNA260717C00041000,41.0,10.97,11.35,12.9,50.0,206.0,0.7642845837402343,True,CALL,2026-07-17,MRNA
MRNA260717C00042000,42.0,10.18,10.85,12.5,50.0,263.0,0.7673363110351563,True,CALL,2026-07-17,MRNA
MRNA260717C00043000,43.0,11.79,10.45,11.35,5.0,129.0,0.7409693872070311,True,CALL,2026-07-17,MRNA
MRNA260717C00044000,44.0,9.67,9.9,11.3,1.0,7.0,0.7540307800292969,True,CALL,2026-07-17,MRNA
MRNA260717C00045000,45.0,8.44,9.5,10.95,20.0,94.0,0.7590356127929689,True,CALL,2026-07-17,MRNA
MRNA260717C00046000,46.0,8.48,9.1,10.05,10.0,16.0,0.7398707653808592,True,CALL,2026-07-17,MRNA
MRNA260717C00047000,47.0,9.1,8.65,9.6,1.0,63.0,0.7360866235351562,False,CALL,2026-07-17,MRNA
MRNA260717C00048000,48.0,10.46,8.25,9.6,2.0,93.0,0.7511011218261718,False,CALL,2026-07-17,MRNA
MRNA260717C00049000,49.0,10.25,7.7,8.85,1.0,77.0,0.7287624780273438,False,CALL,2026-07-17,MRNA
MRNA260717C00050000,50.0,7.7,7.35,8.45,2.0,254.0,0.7274197180175781,False,CALL,2026-07-17,MRNA
MRNA260717C00055000,55.0,5.9,5.85,6.9,1.0,252.0,0.7310817907714844,False,CALL,2026-07-17,MRNA
MRNA260717C00060000,60.0,4.68,4.45,5.65,1.0,361.0,0.7260769580078125,False,CALL,2026-07-17,MRNA
MRNA260717P00033000,33.0,5.75,2.53,3.15,1.0,2.0,0.7392604199218749,False,PUT,2026-07-17,MRNA
MRNA260717P00034000,34.0,3.5,2.85,3.45,9.0,10.0,0.735354208984375,False,PUT,2026-07-17,MRNA
MRNA260717P00035000,35.0,3.9,3.2,4.0,8.0,108.0,0.745119736328125,False,PUT,2026-07-17,MRNA
MRNA260717P00036000,36.0,4.3,3.45,4.35,5.0,14.0,0.7358424853515625,False,PUT,2026-07-17,MRNA
MRNA260717P00037000,37.0,4.7,3.85,4.65,8.0,28.0,0.7301052380371094,False,PUT,2026-07-17,MRNA
MRNA260717P00038000,38.0,5.1,4.25,4.9,4.0,29.0,0.7203397106933593,False,PUT,2026-07-17,MRNA
MRNA260717P00040000,40.0,6.1,5.0,6.1,684.0,844.0,0.7268093725585938,False,PUT,2026-07-17,MRNA
MRNA260717P00041000,41.0,6.75,5.5,6.3,2.0,56.0,0.7147245324707032,False,PUT,2026-07-17,MRNA
MRNA260717P00042000,42.0,6.6,5.9,7.0,10.0,10078.0,0.7189969506835938,False,PUT,2026-07-17,MRNA
MRNA260717P00043000,43.0,7.55,6.35,7.5,1.0,55.0,0.7149686706542968,False,PUT,2026-07-17,MRNA
MRNA260717P00044000,44.0,8.1,6.85,7.9,1.0,55.0,0.7075224560546876,False,PUT,2026-07-17,MRNA
MRNA260717P00045000,45.0,8.01,7.65,8.3,4.0,231.0,0.7110624597167969,False,PUT,2026-07-17,MRNA
MRNA260717P00046000,46.0,8.1,7.85,9.25,77.0,133.0,0.710940390625,False,PUT,2026-07-17,MRNA
MRNA260717P00047000,47.0,8.85,8.2,9.75,39.0,171.0,0.6975127905273439,True,PUT,2026-07-17,MRNA
MRNA260717P00048000,48.0,10.34,9.05,10.15,2.0,174.0,0.6987334814453126,True,PUT,2026-07-17,MRNA
MRNA260717P00049000,49.0,10.05,9.15,10.75,38.0,115.0,0.6770051831054689,True,PUT,2026-07-17,MRNA
MRNA260717P00050000,50.0,11.65,10.15,11.35,1.0,147.0,0.6895782995605471,True,PUT,2026-07-17,MRNA
MRNA260717P00055000,55.0,14.7,13.25,14.75,42.0,74.0,0.6755403540039064,True,PUT,2026-07-17,MRNA
MRNA260918C00033000,33.0,18.21,17.25,19.15,1.0,51.0,0.8007832421875,True,CALL,2026-09-18,MRNA
MRNA260918C00034000,34.0,15.85,16.65,18.85,2.0,350.0,0.8127460131835937,True,CALL,2026-09-18,MRNA
MRNA260918C00035000,35.0,17.47,16.05,18.25,2.0,1268.0,0.8088398022460936,True,CALL,2026-09-18,MRNA
MRNA260918C00036000,36.0,16.48,15.55,17.05,2.0,93.0,0.7817404638671875,True,CALL,2026-09-18,MRNA
MRNA260918C00037000,37.0,14.55,14.85,16.55,1.0,613.0,0.7760032165527344,True,CALL,2026-09-18,MRNA
MRNA260918C00038000,38.0,18.1,14.35,16.05,2.0,92.0,0.7773459765625,True,CALL,2026-09-18,MRNA
MRNA260918C00039000,39.0,13.54,13.5,16.0,1.0,14.0,0.7813742565917969,True,CALL,2026-09-18,MRNA
MRNA260918C00040000,40.0,14.22,13.3,14.5,3.0,2257.0,0.7524438818359375,True,CALL,2026-09-18,MRNA
MRNA260918C00041000,41.0,16.79,12.85,14.4,1.0,44.0,0.7678245874023439,True,CALL,2026-09-18,MRNA
MRNA260918C00042000,42.0,13.68,11.9,13.8,3.0,79.0,0.7436549072265625,True,CALL,2026-09-18,MRNA
MRNA260918C00043000,43.0,12.29,11.7,13.5,1.0,4.0,0.7580590600585939,True,CALL,2026-09-18,MRNA
MRNA260918C00044000,44.0,10.69,11.35,12.55,1.0,35.0,0.7417018017578124,True,CALL,2026-09-18,MRNA
MRNA260918C00045000,45.0,11.72,11.05,12.15,1.0,234.0,0.7463404272460938,True,CALL,2026-09-18,MRNA
MRNA260918C00046000,46.0,11.0,10.65,12.15,1654.0,28.0,0.7605004418945314,True,CALL,2026-09-18,MRNA
MRNA260918C00047000,47.0,11.1,10.2,11.75,5.0,179.0,0.7575707836914063,False,CALL,2026-09-18,MRNA
MRNA260918C00048000,48.0,11.2,9.7,11.0,2.0,26.0,0.7398707653808592,False,CALL,2026-09-18,MRNA
MRNA260918C00049000,49.0,11.35,9.4,10.6,3.0,8.0,0.7404811108398437,False,CALL,2026-09-18,MRNA
MRNA260918C00050000,50.0,9.5,9.1,10.25,5.0,684.0,0.7419459399414061,False,CALL,2026-09-18,MRNA
MRNA260918C00055000,55.0,8.72,7.6,8.65,1.0,90.0,0.7421900781249999,False,CALL,2026-09-18,MRNA
MRNA260918C00060000,60.0,7.0,5.8,7.35,6.0,87.0,0.7247341979980468,False,CALL,2026-09-18,MRNA
MRNA260918P00033000,33.0,3.5,2.5,4.25,1.0,5.0,0.6865265722656251,False,PUT,2026-09-18,MRNA
MRNA260918P00034000,34.0,3.9,3.85,4.65,68.0,68.0,0.7348659326171875,False,PUT,2026-09-18,MRNA
MRNA260918P00035000,35.0,4.0,4.25,5.25,8.0,129.0,0.7428004235839842,False,PUT,2026-09-18,MRNA
MRNA260918P00036000,36.0,5.35,4.45,5.45,3.0,35.0,0.7221707470703125,False,PUT,2026-09-18,MRNA
MRNA260918P00037000,37.0,6.0,4.15,5.8,10.0,385.0,0.6861603649902344,False,PUT,2026-09-18,MRNA
MRNA260918P00039000,39.0,5.5,5.65,6.85,1.0,5.0,0.7148466015625,False,PUT,2026-09-18,MRNA
MRNA260918P00040000,40.0,6.8,5.35,7.4,10.0,45.0,0.68555001953125,False,PUT,2026-09-18,MRNA
MRNA260918P00041000,41.0,12.05,5.8,7.7,,4.0,0.6755403540039064,False,PUT,2026-09-18,MRNA
MRNA260918P00042000,42.0,8.15,6.45,9.3,4.0,15.0,0.7209500561523439,False,PUT,2026-09-18,MRNA
MRNA260918P00044000,44.0,6.45,8.05,9.55,,1.0,0.7070341796875,False,PUT,2026-09-18,MRNA
MRNA260918P00045000,45.0,8.74,7.9,9.95,20.0,247.0,0.6748079394531252,False,PUT,2026-09-18,MRNA
MRNA260918P00050000,50.0,12.42,10.75,13.55,14.0,5030.0,0.6838410522460938,True,PUT,2026-09-18,MRNA
MRNA260918P00055000,55.0,14.05,14.45,16.15,18.0,32.0,0.6647982739257814,True,PUT,2026-09-18,MRNA
MRNA261218C00035000,35.0,16.25,17.65,19.8,1.0,2164.0,0.8059101440429688,True,CALL,2026-12-18,MRNA
MRNA261218C00037000,37.0,17.73,15.95,18.75,1.0,667.0,0.7767356311035156,True,CALL,2026-12-18,MRNA
MRNA261218C00040000,40.0,16.65,15.2,16.2,2.0,981.0,0.7584252673339844,True,CALL,2026-12-18,MRNA
MRNA261218C00042000,42.0,14.95,14.05,15.95,20.0,239.0,0.7688011401367189,True,CALL,2026-12-18,MRNA
MRNA261218C00045000,45.0,12.95,12.95,14.2,2.0,1380.0,0.7540307800292969,True,CALL,2026-12-18,MRNA
MRNA261218C00047000,47.0,11.0,11.8,13.65,1.0,59.0,0.7473169799804689,False,CALL,2026-12-18,MRNA
MRNA261218C00050000,50.0,11.0,11.3,12.1,74.0,1892.0,0.7473169799804689,False,CALL,2026-12-18,MRNA
MRNA261218C00055000,55.0,10.1,9.15,10.65,1.0,622.0,0.7307155834960937,False,CALL,2026-12-18,MRNA
MRNA261218C00060000,60.0,8.91,8.25,9.45,1.0,3430.0,0.7447535290527343,False,CALL,2026-12-18,MRNA
MRNA261218P00035000,35.0,6.35,5.6,7.0,3.0,1548.0,0.7487818090820313,False,PUT,2026-12-18,MRNA
MRNA261218P00037000,37.0,7.1,6.3,7.1,27.0,71.0,0.7064238342285156,False,PUT,2026-12-18,MRNA
MRNA261218P00040000,40.0,8.8,7.0,9.65,7.0,1222.0,0.7114286669921875,False,PUT,2026-12-18,MRNA
MRNA261218P00042000,42.0,8.85,8.0,9.55,1.0,11.0,0.6688265539550782,False,PUT,2026-12-18,MRNA
MRNA261218P00045000,45.0,11.0,10.0,11.0,1.0,5678.0,0.6678500012207034,False,PUT,2026-12-18,MRNA
MRNA261218P00047000,47.0,11.5,10.95,12.4,1.0,29.0,0.6646762048339845,True,PUT,2026-12-18,MRNA
MRNA261218P00050000,50.0,13.6,13.25,14.2,2.0,1546.0,0.6712679357910158,True,PUT,2026-12-18,MRNA
MRNA261218P00055000,55.0,15.2,16.05,17.95,151.0,344.0,0.6607089593505859,True,PUT,2026-12-18,MRNA
MRNA261218P00060000,60.0,17.5,19.15,21.55,1.0,870.0,0.6405065246582031,True,PUT,2026-12-18,MRNA
MRNA270115C00035000,35.0,19.4,18.05,20.05,2.0,2711.0,0.79687703125,True,CALL,2027-01-15,MRNA
MRNA270115C00037000,37.0,17.62,16.0,19.2,55.0,575.0,0.7624535473632813,True,CALL,2027-01-15,MRNA
MRNA270115C00040000,40.0,16.55,15.7,16.65,1.0,3906.0,0.7583031982421876,True,CALL,2027-01-15,MRNA
MRNA270115C00042000,42.0,15.9,14.45,16.35,1.0,310.0,0.7624535473632813,True,CALL,2027-01-15,MRNA
MRNA270115C00045000,45.0,14.15,13.35,14.7,12.0,2565.0,0.7502466381835937,True,CALL,2027-01-15,MRNA
MRNA270115C00047000,47.0,12.51,12.35,14.35,1.0,56.0,0.7532983654785157,False,CALL,2027-01-15,MRNA
MRNA270115C00050000,50.0,12.68,11.7,12.5,22.0,4455.0,0.7396266271972656,False,CALL,2027-01-15,MRNA
MRNA270115C00055000,55.0,11.28,9.65,11.05,18.0,4122.0,0.7258328198242188,False,CALL,2027-01-15,MRNA
MRNA270115C00060000,60.0,9.75,8.65,9.95,4.0,1722.0,0.739138350830078,False,CALL,2027-01-15,MRNA
MRNA270115P00035000,35.0,6.2,4.9,7.45,12.0,1900.0,0.7092314233398438,False,PUT,2027-01-15,MRNA
MRNA270115P00037000,37.0,6.95,6.85,7.6,215.0,396.0,0.713992117919922,False,PUT,2027-01-15,MRNA
MRNA270115P00040000,40.0,9.0,7.25,9.05,6.0,3331.0,0.6712679357910158,False,PUT,2027-01-15,MRNA
MRNA270115P00042000,42.0,10.25,9.0,9.9,1.0,145.0,0.6832307067871095,False,PUT,2027-01-15,MRNA
MRNA270115P00045000,45.0,11.95,10.0,11.75,6.0,543.0,0.6628451684570313,False,PUT,2027-01-15,MRNA
MRNA270115P00047000,47.0,12.45,11.25,12.9,75.0,145.0,0.6606479248046876,True,PUT,2027-01-15,MRNA
MRNA270115P00050000,50.0,15.15,13.1,14.85,3.0,1234.0,0.6579624047851562,True,PUT,2027-01-15,MRNA
MRNA270115P00055000,55.0,18.45,16.8,18.05,2.0,1092.0,0.657229990234375,True,PUT,2027-01-15,MRNA
MRNA270115P00060000,60.0,22.36,19.7,21.65,1.0,1445.0,0.6323278955078125,True,PUT,2027-01-15,MRNA
MRNA270617C00033000,33.0,17.2,20.0,23.3,,5.0,0.7679466564941408,True,CALL,2027-06-17,MRNA
MRNA270617C00035000,35.0,21.92,19.0,22.15,5.0,7.0,0.7584252673339844,True,CALL,2027-06-17,MRNA
MRNA270617C00038000,38.0,17.48,17.7,20.55,2.0,5.0,0.7496362927246094,True,CALL,2027-06-17,MRNA
MRNA270617C00040000,40.0,18.45,17.55,19.15,5.0,16.0,0.7517114672851561,True,CALL,2027-06-17,MRNA
MRNA270617C00042000,42.0,17.03,16.65,19.05,1.0,7.0,0.7661156201171876,True,CALL,2027-06-17,MRNA
MRNA270617C00045000,45.0,14.88,14.75,18.35,50.0,97.0,0.7539697454833985,True,CALL,2027-06-17,MRNA
MRNA270617C00047000,47.0,14.7,14.75,16.55,3.0,17.0,0.7424342163085937,False,CALL,2027-06-17,MRNA
MRNA270617C00050000,50.0,14.4,12.85,15.65,4.0,82.0,0.7204007452392578,False,CALL,2027-06-17,MRNA
MRNA270617C00055000,55.0,12.9,12.3,14.15,2.0,52.0,0.739687661743164,False,CALL,2027-06-17,MRNA
MRNA270617C00060000,60.0,11.5,10.05,12.85,1.0,35.0,0.7155179815673829,False,CALL,2027-06-17,MRNA
MRNA270617P00033000,33.0,6.75,4.55,7.8,348.0,371.0,0.6516148120117189,False,PUT,2027-06-17,MRNA
MRNA270617P00035000,35.0,7.0,6.3,8.7,255.0,254.0,0.6728548339843752,False,PUT,2027-06-17,MRNA
MRNA270617P00038000,38.0,8.28,7.65,9.45,3.0,51.0,0.641727215576172,False,PUT,2027-06-17,MRNA
MRNA270617P00045000,45.0,11.74,11.0,13.8,,2.0,0.6288489263916017,False,PUT,2027-06-17,MRNA
MRNA270617P00050000,50.0,12.85,13.55,17.4,,13.0,0.6199989172363283,True,PUT,2027-06-17,MRNA
MRNA270617P00060000,60.0,21.9,21.05,24.3,1.0,0.0,0.6195106408691409,True,PUT,2027-06-17,MRNA
MRNA280121C00035000,35.0,20.75,21.5,23.95,6.0,355.0,0.7452418054199219,True,CALL,2028-01-21,MRNA
MRNA280121C00037000,37.0,20.15,20.7,23.0,13.0,322.0,0.7406031799316406,True,CALL,2028-01-21,MRNA
MRNA280121C00040000,40.0,19.05,19.35,21.75,112.0,680.0,0.7312648944091795,True,CALL,2028-01-21,MRNA
MRNA280121C00042000,42.0,19.3,18.8,21.5,2.0,1685.0,0.7449976672363281,True,CALL,2028-01-21,MRNA
MRNA280121C00045000,45.0,16.61,17.25,20.1,4.0,253.0,0.7226590234375,True,CALL,2028-01-21,MRNA
MRNA280121C00047000,47.0,19.0,16.0,19.1,3.0,22.0,0.7009307250976562,False,CALL,2028-01-21,MRNA
MRNA280121C00050000,50.0,16.66,15.7,17.9,13.0,391.0,0.7069121105957032,False,CALL,2028-01-21,MRNA
MRNA280121C00055000,55.0,16.0,12.85,16.05,1.0,119.0,0.6666293103027345,False,CALL,2028-01-21,MRNA
MRNA280121C00060000,60.0,13.75,12.65,14.95,31.0,499.0,0.6890900231933594,False,CALL,2028-01-21,MRNA
MRNA280121P00035000,35.0,8.7,7.4,8.9,5.0,284.0,0.5955850988769531,False,PUT,2028-01-21,MRNA
MRNA280121P00037000,37.0,9.72,7.8,10.1,30.0,176.0,0.5816081878662109,False,PUT,2028-01-21,MRNA
MRNA280121P00040000,40.0,10.77,9.25,12.4,1.0,210.0,0.5893595751953126,False,PUT,2028-01-21,MRNA
MRNA280121P00042000,42.0,12.1,11.55,13.45,3.0,648.0,0.6102333898925782,False,PUT,2028-01-21,MRNA
MRNA280121P00045000,45.0,14.3,13.55,14.65,1.0,26.0,0.5971719970703125,False,PUT,2028-01-21,MRNA
MRNA280121P00047000,47.0,15.25,13.25,16.45,2.0,27.0,0.5738568005371094,True,PUT,2028-01-21,MRNA
MRNA280121P00050000,50.0,16.7,16.55,18.8,1.0,77.0,0.6062661444091797,True,PUT,2028-01-21,MRNA
MRNA280121P00055000,55.0,20.98,19.05,21.25,1.0,12.0,0.5636640313720704,True,PUT,2028-01-21,MRNA
MRNA280121P00060000,60.0,23.85,22.0,24.9,20.0,23.0,0.547428842163086,True,PUT,2028-01-21,MRNA
MRVL260130C00060000,60.0,20.95,18.55,22.25,1.0,2.0,2.6445346386718755,True,CALL,2026-01-30,MRVL
MRVL260130C00065000,65.0,21.2,13.75,15.95,4.0,2.0,2.5849644750976566,True,CALL,2026-01-30,MRVL
MRVL260130C00068000,68.0,15.27,10.75,13.1,68.0,33.0,2.2880902172851565,True,CALL,2026-01-30,MRVL
MRVL260130C00069000,69.0,14.4,9.75,12.3,2.0,36.0,1.0078174609375,True,CALL,2026-01-30,MRVL
MRVL260130C00070000,70.0,13.5,8.75,11.35,22.0,51.0,0.992187578125,True,CALL,2026-01-30,MRVL
MRVL260130C00071000,71.0,12.52,7.75,10.1,2.0,4.0,1.8701178369140625,True,CALL,2026-01-30,MRVL
MRVL260130C00072000,72.0,10.55,6.75,9.3,2.0,10.0,0.7578149218750001,True,CALL,2026-01-30,MRVL
MRVL260130C00073000,73.0,10.51,5.9,8.05,2.0,17.0,1.5585959570312498,True,CALL,2026-01-30,MRVL
MRVL260130C00074000,74.0,5.91,5.05,7.2,2.0,85.0,0.7421900781249999,True,CALL,2026-01-30,MRVL
MRVL260130C00075000,75.0,5.0,4.2,6.05,4.0,320.0,0.6425816992187501,True,CALL,2026-01-30,MRVL
MRVL260130C00076000,76.0,3.97,3.5,5.1,3.0,109.0,0.684573466796875,True,CALL,2026-01-30,MRVL
MRVL260130C00077000,77.0,3.03,2.72,4.5,2.0,123.0,0.747072841796875,True,CALL,2026-01-30,MRVL
MRVL260130C00078000,78.0,2.43,2.58,2.99,22.0,83.0,0.6894562304687502,True,CALL,2026-01-30,MRVL
MRVL260130C00079000,79.0,2.25,1.84,2.38,52.0,164.0,0.6709017285156251,True,CALL,2026-01-30,MRVL
MRVL260130C00080000,80.0,1.41,1.16,1.75,589.0,1809.0,0.6210975390625001,False,CALL,2026-01-30,MRVL
MRVL260130C00081000,81.0,0.93,0.85,1.08,332.0,856.0,0.596683720703125,False,CALL,2026-01-30,MRVL
MRVL260130C00082000,82.0,0.61,0.52,0.7,397.0,1311.0,0.5830119824218749,False,CALL,2026-01-30,MRVL
MRVL260130C00083000,83.0,0.37,0.31,0.41,539.0,2549.0,0.5712933496093751,False,CALL,2026-01-30,MRVL
MRVL260130C00084000,84.0,0.22,0.2,0.29,1716.0,1826.0,0.5986368261718751,False,CALL,2026-01-30,MRVL
MRVL260130C00085000,85.0,0.15,0.12,0.17,1452.0,5540.0,0.6015664843750002,False,CALL,2026-01-30,MRVL
MRVL260130C00086000,86.0,0.09,0.07,0.11,1771.0,3743.0,0.6171913281250001,False,CALL,2026-01-30,MRVL
MRVL260130C00087000,87.0,0.12,0.05,0.12,1798.0,3831.0,0.6835969140625001,False,CALL,2026-01-30,MRVL
MRVL260130C00088000,88.0,0.05,0.04,0.07,949.0,2919.0,0.6992217578125001,False,CALL,2026-01-30,MRVL
MRVL260130C00089000,89.0,0.04,0.04,0.06,412.0,1599.0,0.7539087109375,False,CALL,2026-01-30,MRVL
MRVL260130C00090000,90.0,0.09,0.03,0.05,194.0,3742.0,0.789064609375,False,CALL,2026-01-30,MRVL
MRVL260130C00091000,91.0,0.03,0.03,0.15,68.0,915.0,0.9726565234375,False,CALL,2026-01-30,MRVL
MRVL260130C00092000,92.0,0.02,0.02,0.03,28.0,580.0,0.851563984375,False,CALL,2026-01-30,MRVL
MRVL260130C00093000,93.0,0.06,0.02,0.04,214.0,522.0,0.929688203125,False,CALL,2026-01-30,MRVL
MRVL260130C00094000,94.0,0.04,0.0,0.06,6.0,236.0,0.98437515625,False,CALL,2026-01-30,MRVL
MRVL260130C00095000,95.0,0.04,0.01,0.05,61.0,3544.0,1.0390673046875003,False,CALL,2026-01-30,MRVL
MRVL260130C00096000,96.0,0.01,0.0,0.04,10.0,497.0,1.0390673046875003,False,CALL,2026-01-30,MRVL
MRVL260130C00097000,97.0,0.02,0.01,0.05,78.0,411.0,1.1484417578125,False,CALL,2026-01-30,MRVL
MRVL260130C00098000,98.0,0.07,0.0,0.13,63.0,1432.0,1.3398470507812497,False,CALL,2026-01-30,MRVL
MRVL260130C00099000,99.0,0.06,0.0,0.19,62.0,160.0,1.48047134765625,False,CALL,2026-01-30,MRVL
MRVL260130C00100000,100.0,0.02,0.0,0.04,101.0,1149.0,1.2343788281249999,False,CALL,2026-01-30,MRVL
MRVL260130C00101000,101.0,0.05,0.0,0.11,1.0,121.0,1.46875265625,False,CALL,2026-01-30,MRVL
MRVL260130C00102000,102.0,0.01,0.0,0.08,1.0,170.0,1.453127734375,False,CALL,2026-01-30,MRVL
MRVL260130P00060000,60.0,0.06,0.0,0.53,1.0,139.0,2.3828165429687496,False,PUT,2026-01-30,MRVL
MRVL260130P00065000,65.0,0.01,0.0,0.01,60.0,13921.0,1.000005,False,PUT,2026-01-30,MRVL
MRVL260130P00068000,68.0,0.01,0.0,0.03,1.0,70.0,0.92187578125,False,PUT,2026-01-30,MRVL
MRVL260130P00069000,69.0,0.03,0.01,0.03,13.0,107.0,0.8828136718749999,False,PUT,2026-01-30,MRVL
MRVL260130P00070000,70.0,0.02,0.01,0.08,9.0,321.0,0.9062509375,False,PUT,2026-01-30,MRVL
MRVL260130P00071000,71.0,0.03,0.0,0.05,67.0,243.0,0.7578149218750001,False,PUT,2026-01-30,MRVL
MRVL260130P00072000,72.0,0.12,0.03,0.2,29.0,448.0,0.8867198828124999,False,PUT,2026-01-30,MRVL
MRVL260130P00073000,73.0,0.08,0.04,0.11,12.0,346.0,0.726565234375,False,PUT,2026-01-30,MRVL
MRVL260130P00074000,74.0,0.09,0.07,0.1,51.0,942.0,0.6523472265625001,False,PUT,2026-01-30,MRVL
MRVL260130P00075000,75.0,0.13,0.11,0.19,141.0,1423.0,0.6425816992187501,False,PUT,2026-01-30,MRVL
MRVL260130P00076000,76.0,0.25,0.18,0.24,127.0,1265.0,0.59570716796875,False,PUT,2026-01-30,MRVL
MRVL260130P00077000,77.0,0.3,0.21,0.4,123.0,3421.0,0.5507857421875001,False,PUT,2026-01-30,MRVL
MRVL260130P00078000,78.0,0.49,0.4,0.67,512.0,1315.0,0.55273884765625,False,PUT,2026-01-30,MRVL
MRVL260130P00079000,79.0,0.73,0.65,0.82,332.0,1440.0,0.5312546875,False,PUT,2026-01-30,MRVL
MRVL260130P00080000,80.0,1.15,0.93,1.24,240.0,1666.0,0.5195360546875,True,PUT,2026-01-30,MRVL
MRVL260130P00081000,81.0,1.55,1.47,1.79,93.0,1447.0,0.508793974609375,True,PUT,2026-01-30,MRVL
MRVL260130P00082000,82.0,2.41,2.09,2.5,58.0,1682.0,0.514653291015625,True,PUT,2026-01-30,MRVL
MRVL260130P00083000,83.0,2.98,2.58,3.3,91.0,454.0,0.51758294921875,True,PUT,2026-01-30,MRVL
MRVL260130P00084000,84.0,3.84,3.8,4.15,43.0,679.0,0.49414568359375005,True,PUT,2026-01-30,MRVL
MRVL260130P00085000,85.0,4.85,4.65,5.1,48.0,1005.0,0.51758294921875,True,PUT,2026-01-30,MRVL
MRVL260130P00086000,86.0,6.47,5.35,6.7,5.0,303.0,1.091801416015625,True,PUT,2026-01-30,MRVL
MRVL260130P00087000,87.0,6.65,5.85,7.3,22.0,212.0,0.9023447265625,True,PUT,2026-01-30,MRVL
MRVL260130P00088000,88.0,7.14,7.1,8.45,2.0,353.0,1.1171919140625,True,PUT,2026-01-30,MRVL
MRVL260130P00089000,89.0,9.2,8.15,9.85,5.0,15.0,1.4921900390624998,True,PUT,2026-01-30,MRVL
MRVL260130P00090000,90.0,10.2,9.1,10.35,5.0,202.0,1.203128984375,True,PUT,2026-01-30,MRVL
MRVL260130P00091000,91.0,11.2,10.1,12.3,2.0,59.0,1.111332568359375,True,PUT,2026-01-30,MRVL
MRVL260130P00092000,92.0,9.31,11.05,13.3,1.0,13.0,1.1464886425781249,True,PUT,2026-01-30,MRVL
MRVL260130P00093000,93.0,10.0,12.05,14.3,5.0,24.0,1.2148476757812499,True,PUT,2026-01-30,MRVL
MRVL260130P00094000,94.0,9.0,12.8,15.3,1.0,7.0,0.9609378906249999,True,PUT,2026-01-30,MRVL
MRVL260130P00095000,95.0,15.06,14.1,16.3,3.0,36.0,1.3906280468749999,True,PUT,2026-01-30,MRVL
MRVL260130P00096000,96.0,15.47,15.0,17.3,1.0,0.0,1.3671906640625,True,PUT,2026-01-30,MRVL
MRVL260130P00097000,97.0,9.95,16.0,18.35,1.0,1.0,1.4765651171875,True,PUT,2026-01-30,MRVL
MRVL260130P00098000,98.0,12.77,17.1,19.35,25.0,13.0,1.625001875,True,PUT,2026-01-30,MRVL
MRVL260130P00099000,99.0,17.55,18.0,20.35,1.0,2.0,1.6015644921874999,True,PUT,2026-01-30,MRVL
MRVL260130P00100000,100.0,16.0,18.8,21.35,1.0,2.0,1.3984405078125,True,PUT,2026-01-30,MRVL
MRVL260206C00060000,60.0,21.05,18.75,21.4,1.0,3.0,0.9414068359375,True,CALL,2026-02-06,MRVL
MRVL260206C00070000,70.0,13.78,8.85,11.7,1.0,52.0,0.6269568554687501,True,CALL,2026-02-06,MRVL
MRVL260206C00071000,71.0,9.0,8.75,10.25,2.0,4.0,0.6757844921875001,True,CALL,2026-02-06,MRVL
MRVL260206C00072000,72.0,11.7,7.6,9.4,4.0,5.0,0.6191444335937502,True,CALL,2026-02-06,MRVL
MRVL260206C00073000,73.0,7.22,7.3,8.05,2.0,9.0,0.6210975390625001,True,CALL,2026-02-06,MRVL
MRVL260206C00074000,74.0,7.8,5.5,7.4,2.0,0.0,0.7602563037109377,True,CALL,2026-02-06,MRVL
MRVL260206C00075000,75.0,8.36,4.75,6.75,1.0,17.0,0.5190477783203125,True,CALL,2026-02-06,MRVL
MRVL260206C00076000,76.0,5.38,4.4,6.5,1.0,28.0,0.6269568554687501,True,CALL,2026-02-06,MRVL
MRVL260206C00077000,77.0,4.75,4.55,4.9,11.0,33.0,0.6118202880859377,True,CALL,2026-02-06,MRVL
MRVL260206C00078000,78.0,3.65,3.85,4.15,6.0,26.0,0.5874064697265625,True,CALL,2026-02-06,MRVL
MRVL260206C00079000,79.0,3.2,3.25,3.55,47.0,168.0,0.5798381860351562,True,CALL,2026-02-06,MRVL
MRVL260206C00080000,80.0,2.95,2.75,3.05,123.0,131.0,0.5815471533203125,False,CALL,2026-02-06,MRVL
MRVL260206C00081000,81.0,2.56,2.2,2.56,149.0,103.0,0.5678754150390625,False,CALL,2026-02-06,MRVL
MRVL260206C00082000,82.0,1.93,1.93,2.11,159.0,239.0,0.57617611328125,False,CALL,2026-02-06,MRVL
MRVL260206C00083000,83.0,1.67,1.52,1.7,223.0,181.0,0.5629926513671876,False,CALL,2026-02-06,MRVL
MRVL260206C00084000,84.0,1.33,1.27,1.43,89.0,185.0,0.5712933496093751,False,CALL,2026-02-06,MRVL
MRVL260206C00085000,85.0,1.09,1.05,1.2,1260.0,1556.0,0.579105771484375,False,CALL,2026-02-06,MRVL
MRVL260206C00086000,86.0,0.89,0.85,1.0,427.0,524.0,0.5835002587890624,False,CALL,2026-02-06,MRVL
MRVL260206C00087000,87.0,0.72,0.66,0.84,1058.0,332.0,0.585941640625,False,CALL,2026-02-06,MRVL
MRVL260206C00088000,88.0,0.62,0.55,0.66,49.0,677.0,0.5888712988281251,False,CALL,2026-02-06,MRVL
MRVL260206C00089000,89.0,0.51,0.46,0.52,37.0,684.0,0.5932657861328126,False,CALL,2026-02-06,MRVL
MRVL260206C00090000,90.0,0.41,0.37,0.5,477.0,903.0,0.6137733935546876,False,CALL,2026-02-06,MRVL
MRVL260206C00091000,91.0,0.36,0.31,0.53,27.0,255.0,0.647464462890625,False,CALL,2026-02-06,MRVL
MRVL260206C00092000,92.0,0.29,0.25,0.36,67.0,129.0,0.632816171875,False,CALL,2026-02-06,MRVL
MRVL260206C00093000,93.0,0.28,0.22,0.28,7.0,218.0,0.63867548828125,False,CALL,2026-02-06,MRVL
MRVL260206C00094000,94.0,0.21,0.18,0.28,52.0,24.0,0.6601596484375001,False,CALL,2026-02-06,MRVL
MRVL260206C00095000,95.0,0.2,0.09,0.24,84.0,314.0,0.648441015625,False,CALL,2026-02-06,MRVL
MRVL260206C00096000,96.0,0.14,0.0,0.25,14.0,29.0,0.6445348046875,False,CALL,2026-02-06,MRVL
MRVL260206C00097000,97.0,0.13,0.05,0.18,5.0,58.0,0.6640658593750002,False,CALL,2026-02-06,MRVL
MRVL260206C00098000,98.0,0.12,0.1,0.23,7.0,68.0,0.7382838671874999,False,CALL,2026-02-06,MRVL
MRVL260206C00099000,99.0,0.35,0.0,0.29,2.0,234.0,0.7500025,False,CALL,2026-02-06,MRVL
MRVL260206C00100000,100.0,0.12,0.08,0.12,22.0,317.0,0.7304714453125,False,CALL,2026-02-06,MRVL
MRVL260206P00060000,60.0,0.01,0.0,0.15,5.0,29.0,0.8984385156249999,False,PUT,2026-02-06,MRVL
MRVL260206P00065000,65.0,0.09,0.05,0.08,47.0,517.0,0.6640658593750002,False,PUT,2026-02-06,MRVL
MRVL260206P00067000,67.0,0.4,0.0,0.15,1.0,2.0,0.5937540625000001,False,PUT,2026-02-06,MRVL
MRVL260206P00068000,68.0,0.22,0.0,0.25,1.0,37.0,0.6035195898437502,False,PUT,2026-02-06,MRVL
MRVL260206P00069000,69.0,0.27,0.0,0.25,1.0,3.0,0.5585981640625001,False,PUT,2026-02-06,MRVL
MRVL260206P00070000,70.0,0.24,0.24,0.28,144.0,14127.0,0.6054726953125001,False,PUT,2026-02-06,MRVL
MRVL260206P00071000,71.0,0.35,0.32,0.35,26.0,7.0,0.5937540625000001,False,PUT,2026-02-06,MRVL
MRVL260206P00072000,72.0,0.47,0.37,0.53,102.0,321.0,0.5898478515625001,False,PUT,2026-02-06,MRVL
MRVL260206P00073000,73.0,0.54,0.48,0.58,44.0,458.0,0.5634809277343751,False,PUT,2026-02-06,MRVL
MRVL260206P00074000,74.0,0.68,0.64,0.71,28.0,187.0,0.5522505712890625,False,PUT,2026-02-06,MRVL
MRVL260206P00075000,75.0,0.85,0.8,0.9,86.0,1193.0,0.5400436621093752,False,PUT,2026-02-06,MRVL
MRVL260206P00076000,76.0,1.07,1.02,1.1,617.0,458.0,0.5273484765625001,False,PUT,2026-02-06,MRVL
MRVL260206P00077000,77.0,1.33,1.24,1.37,498.0,253.0,0.5122119091796875,False,PUT,2026-02-06,MRVL
MRVL260206P00078000,78.0,1.6,1.56,1.76,80.0,986.0,0.5107470800781251,False,PUT,2026-02-06,MRVL
MRVL260206P00079000,79.0,1.96,1.87,2.17,81.0,312.0,0.5280808911132813,False,PUT,2026-02-06,MRVL
MRVL260206P00080000,80.0,2.5,2.3,2.63,105.0,518.0,0.5224657128906249,True,PUT,2026-02-06,MRVL
MRVL260206P00081000,81.0,2.96,2.87,3.2,27.0,193.0,0.5268602001953125,True,PUT,2026-02-06,MRVL
MRVL260206P00082000,82.0,3.65,3.4,3.8,268.0,237.0,0.5258836474609375,True,PUT,2026-02-06,MRVL
MRVL260206P00083000,83.0,4.17,4.0,4.45,31.0,335.0,0.5229539892578124,True,PUT,2026-02-06,MRVL
MRVL260206P00084000,84.0,4.9,4.8,5.2,23.0,110.0,0.5312546875,True,PUT,2026-02-06,MRVL
MRVL260206P00085000,85.0,5.55,5.6,6.0,33.0,223.0,0.5419967675781252,True,PUT,2026-02-06,MRVL
MRVL260206P00086000,86.0,6.39,6.15,6.8,7.0,37.0,0.5429733203125001,True,PUT,2026-02-06,MRVL
MRVL260206P00087000,87.0,5.38,6.8,8.45,15.0,45.0,0.5410202148437502,True,PUT,2026-02-06,MRVL
MRVL260206P00088000,88.0,7.47,7.55,9.8,1.0,46.0,0.6035195898437502,True,PUT,2026-02-06,MRVL
MRVL260206P00089000,89.0,9.52,8.45,9.9,5.0,12.0,0.7187528125,True,PUT,2026-02-06,MRVL
MRVL260206P00090000,90.0,10.98,9.55,10.8,4.0,57.0,0.7334011035156249,True,PUT,2026-02-06,MRVL
MRVL260206P00091000,91.0,10.07,9.85,12.75,2.0,41.0,0.5810588769531251,True,PUT,2026-02-06,MRVL
MRVL260206P00092000,92.0,9.32,11.1,13.75,1.0,29.0,0.6777375976562501,True,PUT,2026-02-06,MRVL
MRVL260206P00093000,93.0,9.52,11.8,14.65,5.0,26.0,0.6074258007812501,True,PUT,2026-02-06,MRVL
MRVL260206P00094000,94.0,10.55,13.0,14.95,1.0,21.0,0.9531254687499999,True,PUT,2026-02-06,MRVL
MRVL260206P00095000,95.0,15.17,13.95,16.1,2.0,34.0,1.0429735351562504,True,PUT,2026-02-06,MRVL
MRVL260206P00096000,96.0,15.77,14.95,17.6,,1.0,0.7382838671874999,True,PUT,2026-02-06,MRVL
MRVL260206P00097000,97.0,12.95,15.9,18.55,,3.0,0.73633076171875,True,PUT,2026-02-06,MRVL
MRVL260206P00100000,100.0,16.72,19.0,21.35,1.0,3.0,0.7832052929687501,True,PUT,2026-02-06,MRVL
MRVL260213C00060000,60.0,20.79,18.9,21.35,100.0,50.0,0.75586181640625,True,CALL,2026-02-13,MRVL
MRVL260213C00068000,68.0,15.45,11.05,13.85,,15.0,0.6167030517578126,True,CALL,2026-02-13,MRVL
MRVL260213C00070000,70.0,11.5,9.25,12.0,1.0,7.0,0.586918193359375,True,CALL,2026-02-13,MRVL
MRVL260213C00071000,71.0,10.75,8.45,11.05,1.0,4.0,0.5756878369140624,True,CALL,2026-02-13,MRVL
MRVL260213C00072000,72.0,12.05,7.6,9.45,9.0,3.0,0.6860382958984376,True,CALL,2026-02-13,MRVL
MRVL260213C00073000,73.0,11.1,6.9,8.55,9.0,5.0,0.6530796411132813,True,CALL,2026-02-13,MRVL
MRVL260213C00074000,74.0,10.29,6.05,8.6,4.0,5.0,0.5556685058593751,True,CALL,2026-02-13,MRVL
MRVL260213C00075000,75.0,6.9,5.6,7.0,1.0,73.0,0.624027197265625,True,CALL,2026-02-13,MRVL
MRVL260213C00076000,76.0,8.9,5.9,6.4,,2.0,0.5898478515625001,True,CALL,2026-02-13,MRVL
MRVL260213C00077000,77.0,4.9,5.2,5.65,5.0,1.0,0.5725140405273439,True,CALL,2026-02-13,MRVL
MRVL260213C00078000,78.0,5.0,4.65,5.3,13.0,18.0,0.5927775097656252,True,CALL,2026-02-13,MRVL
MRVL260213C00079000,79.0,4.3,4.1,4.4,30.0,19.0,0.5639692041015626,True,CALL,2026-02-13,MRVL
MRVL260213C00080000,80.0,3.9,3.6,3.85,21.0,123.0,0.559574716796875,False,CALL,2026-02-13,MRVL
MRVL260213C00081000,81.0,3.4,3.15,3.35,36.0,32.0,0.5566450585937501,False,CALL,2026-02-13,MRVL
MRVL260213C00082000,82.0,3.0,2.74,2.93,120.0,140.0,0.5564009204101563,False,CALL,2026-02-13,MRVL
MRVL260213C00083000,83.0,2.63,2.36,2.54,41.0,84.0,0.5544478149414063,False,CALL,2026-02-13,MRVL
MRVL260213C00084000,84.0,2.29,2.04,2.22,49.0,87.0,0.5566450585937501,False,CALL,2026-02-13,MRVL
MRVL260213C00085000,85.0,1.82,1.74,1.87,142.0,674.0,0.5522505712890625,False,CALL,2026-02-13,MRVL
MRVL260213C00086000,86.0,1.61,1.49,1.6,27.0,363.0,0.5524947094726562,False,CALL,2026-02-13,MRVL
MRVL260213C00087000,87.0,1.39,1.29,1.38,50.0,190.0,0.5566450585937501,False,CALL,2026-02-13,MRVL
MRVL260213C00088000,88.0,1.18,1.03,1.21,37.0,161.0,0.5542036767578126,False,CALL,2026-02-13,MRVL
MRVL260213C00089000,89.0,1.8,0.82,1.04,10.0,41.0,0.5512740185546876,False,CALL,2026-02-13,MRVL
MRVL260213C00090000,90.0,0.83,0.81,0.91,124.0,1173.0,0.570316796875,False,CALL,2026-02-13,MRVL
MRVL260213C00091000,91.0,0.74,0.7,0.86,6.0,131.0,0.5839885351562499,False,CALL,2026-02-13,MRVL
MRVL260213C00092000,92.0,0.62,0.61,0.75,7.0,131.0,0.5903361279296876,False,CALL,2026-02-13,MRVL
MRVL260213C00093000,93.0,1.24,0.5,0.85,1.0,60.0,0.6191444335937502,False,CALL,2026-02-13,MRVL
MRVL260213C00094000,94.0,0.5,0.45,0.7,5.0,32.0,0.6201209863281252,False,CALL,2026-02-13,MRVL
MRVL260213C00095000,95.0,0.72,0.36,0.91,28.0,456.0,0.6665072412109377,False,CALL,2026-02-13,MRVL
MRVL260213C00096000,96.0,0.71,0.31,0.84,2.0,48.0,0.6757844921875001,False,CALL,2026-02-13,MRVL
MRVL260213C00097000,97.0,0.61,0.05,0.8,1.0,101.0,0.6513706738281251,False,CALL,2026-02-13,MRVL
MRVL260213C00098000,98.0,0.38,0.0,1.09,1.0,6.0,0.719729365234375,False,CALL,2026-02-13,MRVL
MRVL260213C00099000,99.0,0.27,0.24,0.35,7.0,16.0,0.64648791015625,False,CALL,2026-02-13,MRVL
MRVL260213C00100000,100.0,0.22,0.22,0.29,10.0,105.0,0.649417568359375,False,CALL,2026-02-13,MRVL
MRVL260213P00060000,60.0,0.13,0.0,0.15,50.0,34.0,0.6738313867187502,False,PUT,2026-02-13,MRVL
MRVL260213P00065000,65.0,0.24,0.11,0.35,61.0,106.0,0.6269568554687501,False,PUT,2026-02-13,MRVL
MRVL260213P00068000,68.0,0.45,0.35,0.64,12.0,5.0,0.624027197265625,False,PUT,2026-02-13,MRVL
MRVL260213P00069000,69.0,0.49,0.26,0.75,1.0,9.0,0.584965087890625,False,PUT,2026-02-13,MRVL
MRVL260213P00070000,70.0,0.57,0.5,0.77,80.0,256.0,0.5825237060546875,False,PUT,2026-02-13,MRVL
MRVL260213P00071000,71.0,0.89,0.65,1.0,1.0,25.0,0.5888712988281251,False,PUT,2026-02-13,MRVL
MRVL260213P00072000,72.0,1.11,0.77,0.86,52.0,230.0,0.5400436621093752,False,PUT,2026-02-13,MRVL
MRVL260213P00073000,73.0,1.0,0.93,1.05,7.0,1597.0,0.5324753784179688,False,PUT,2026-02-13,MRVL
MRVL260213P00074000,74.0,1.14,1.08,1.23,25.0,128.0,0.5170946728515625,False,PUT,2026-02-13,MRVL
MRVL260213P00075000,75.0,1.39,1.32,1.48,85.0,372.0,0.5117236328125,False,PUT,2026-02-13,MRVL
MRVL260213P00076000,76.0,1.66,1.55,1.76,25.0,91.0,0.5014698291015626,False,PUT,2026-02-13,MRVL
MRVL260213P00077000,77.0,2.05,1.9,2.07,14.0,189.0,0.5112353564453125,False,PUT,2026-02-13,MRVL
MRVL260213P00078000,78.0,2.3,2.3,2.47,68.0,242.0,0.5105029418945313,False,PUT,2026-02-13,MRVL
MRVL260213P00079000,79.0,2.89,2.7,2.98,181.0,65.0,0.5192919165039063,False,PUT,2026-02-13,MRVL
MRVL260213P00080000,80.0,3.25,3.2,3.45,106.0,211.0,0.514653291015625,True,PUT,2026-02-13,MRVL
MRVL260213P00081000,81.0,3.8,3.6,3.95,150.0,80.0,0.507817421875,True,PUT,2026-02-13,MRVL
MRVL260213P00082000,82.0,4.6,4.25,4.55,219.0,432.0,0.5092822509765625,True,PUT,2026-02-13,MRVL
MRVL260213P00083000,83.0,5.0,4.8,5.15,7.0,512.0,0.5039112109375,True,PUT,2026-02-13,MRVL
MRVL260213P00084000,84.0,3.7,5.45,5.85,28.0,65.0,0.5073291455078125,True,PUT,2026-02-13,MRVL
MRVL260213P00085000,85.0,5.38,5.85,6.5,8.0,50.0,0.49609878906250005,True,PUT,2026-02-13,MRVL
MRVL260213P00086000,86.0,6.7,6.95,7.4,119.0,80.0,0.5224657128906249,True,PUT,2026-02-13,MRVL
MRVL260213P00087000,87.0,7.95,7.7,8.4,4.0,35.0,0.5639692041015626,True,PUT,2026-02-13,MRVL
MRVL260213P00088000,88.0,7.62,8.0,9.25,1.0,13.0,0.5751995605468749,True,PUT,2026-02-13,MRVL
MRVL260213P00089000,89.0,9.6,8.8,10.5,2.0,8.0,0.6618686157226563,True,PUT,2026-02-13,MRVL
MRVL260213P00090000,90.0,9.7,9.65,11.15,1.0,37.0,0.6284216845703126,True,PUT,2026-02-13,MRVL
MRVL260213P00091000,91.0,8.65,10.55,12.95,1.0,5.0,0.5708050732421875,True,PUT,2026-02-13,MRVL
MRVL260213P00092000,92.0,12.3,11.45,13.85,1.0,1.0,0.5756878369140624,True,PUT,2026-02-13,MRVL
MRVL260213P00093000,93.0,9.85,12.15,14.9,1.0,4.0,0.5688519677734375,True,PUT,2026-02-13,MRVL
MRVL260213P00094000,94.0,7.75,13.25,15.4,,2.0,0.52539537109375,True,PUT,2026-02-13,MRVL
MRVL260213P00095000,95.0,14.75,14.35,16.5,3.0,2.0,0.5903361279296876,True,PUT,2026-02-13,MRVL
MRVL260220C00060000,60.0,20.18,19.9,21.3,1.0,253.0,0.8564467480468749,True,CALL,2026-02-20,MRVL
MRVL260220C00065000,65.0,18.8,14.25,16.65,96.0,2227.0,0.6196327099609377,True,CALL,2026-02-20,MRVL
MRVL260220C00070000,70.0,10.84,10.75,12.1,16.0,1243.0,0.6550327465820314,True,CALL,2026-02-20,MRVL
MRVL260220C00071000,71.0,12.78,8.85,10.85,3.0,5.0,0.5014698291015626,True,CALL,2026-02-20,MRVL
MRVL260220C00072000,72.0,12.3,8.05,10.1,7.0,9.0,0.5053760400390624,True,CALL,2026-02-20,MRVL
MRVL260220C00073000,73.0,11.52,7.2,9.1,3.0,4.0,0.631839619140625,True,CALL,2026-02-20,MRVL
MRVL260220C00074000,74.0,10.77,7.85,8.7,15.0,10.0,0.6098671826171876,True,CALL,2026-02-20,MRVL
MRVL260220C00075000,75.0,7.58,7.15,7.55,5.0,1050.0,0.5708050732421875,True,CALL,2026-02-20,MRVL
MRVL260220C00076000,76.0,6.0,6.5,7.25,9.0,26.0,0.5918009570312501,True,CALL,2026-02-20,MRVL
MRVL260220C00077000,77.0,8.4,5.85,6.2,22.0,36.0,0.5573774731445313,True,CALL,2026-02-20,MRVL
MRVL260220C00078000,78.0,7.65,5.25,5.95,29.0,113.0,0.5749554223632812,True,CALL,2026-02-20,MRVL
MRVL260220C00079000,79.0,5.0,4.75,5.25,4.0,54.0,0.5651898950195313,True,CALL,2026-02-20,MRVL
MRVL260220C00080000,80.0,4.35,4.25,4.6,1363.0,2324.0,0.5544478149414063,False,CALL,2026-02-20,MRVL
MRVL260220C00081000,81.0,3.97,3.75,4.2,5.0,72.0,0.5549360913085939,False,CALL,2026-02-20,MRVL
MRVL260220C00082000,82.0,3.67,3.35,3.6,357.0,528.0,0.5446822875976562,False,CALL,2026-02-20,MRVL
MRVL260220C00083000,83.0,3.15,2.85,3.3,1011.0,282.0,0.5424850439453126,False,CALL,2026-02-20,MRVL
MRVL260220C00084000,84.0,2.75,2.64,2.79,29.0,201.0,0.541264353027344,False,CALL,2026-02-20,MRVL
MRVL260220C00085000,85.0,2.34,2.28,2.48,678.0,6577.0,0.5390671093750001,False,CALL,2026-02-20,MRVL
MRVL260220C00086000,86.0,2.08,2.03,2.35,25.0,868.0,0.5524947094726562,False,CALL,2026-02-20,MRVL
MRVL260220C00087000,87.0,1.85,1.78,1.89,60.0,252.0,0.5393112475585939,False,CALL,2026-02-20,MRVL
MRVL260220C00088000,88.0,1.62,1.57,1.65,104.0,2269.0,0.540287800292969,False,CALL,2026-02-20,MRVL
MRVL260220C00089000,89.0,1.37,1.21,1.63,7.0,1371.0,0.5432174584960938,False,CALL,2026-02-20,MRVL
MRVL260220C00090000,90.0,1.27,1.2,1.39,798.0,10218.0,0.5537154003906251,False,CALL,2026-02-20,MRVL
MRVL260220C00091000,91.0,1.13,1.02,1.18,16.0,102.0,0.5488326367187502,False,CALL,2026-02-20,MRVL
MRVL260220C00092000,92.0,0.99,0.89,1.11,15.0,674.0,0.5581098876953126,False,CALL,2026-02-20,MRVL
MRVL260220C00093000,93.0,0.82,0.7,0.95,6.0,304.0,0.5493209130859377,False,CALL,2026-02-20,MRVL
MRVL260220C00094000,94.0,1.26,0.68,1.25,43.0,172.0,0.6044961425781252,False,CALL,2026-02-20,MRVL
MRVL260220C00095000,95.0,0.63,0.62,0.76,570.0,6996.0,0.5688519677734375,False,CALL,2026-02-20,MRVL
MRVL260220C00100000,100.0,0.45,0.34,0.47,489.0,9899.0,0.5986368261718751,False,CALL,2026-02-20,MRVL
MRVL260220P00060000,60.0,0.21,0.18,0.25,19.0,8068.0,0.6738313867187502,False,PUT,2026-02-20,MRVL
MRVL260220P00065000,65.0,0.42,0.32,0.45,221.0,5873.0,0.58789474609375,False,PUT,2026-02-20,MRVL
MRVL260220P00070000,70.0,0.86,0.83,0.89,139.0,3717.0,0.5376022802734376,False,PUT,2026-02-20,MRVL
MRVL260220P00071000,71.0,1.17,0.94,1.13,5.0,300.0,0.5339402075195312,False,PUT,2026-02-20,MRVL
MRVL260220P00072000,72.0,1.3,1.07,1.34,21.0,251.0,0.5246629565429688,False,PUT,2026-02-20,MRVL
MRVL260220P00073000,73.0,1.9,1.25,1.69,56.0,1195.0,0.5273484765625001,False,PUT,2026-02-20,MRVL
MRVL260220P00074000,74.0,1.59,1.39,1.8,10.0,1297.0,0.5026905200195313,False,PUT,2026-02-20,MRVL
MRVL260220P00075000,75.0,1.93,1.75,2.05,93.0,9233.0,0.5019581054687501,False,PUT,2026-02-20,MRVL
MRVL260220P00076000,76.0,2.27,2.04,2.28,39.0,269.0,0.506840869140625,False,PUT,2026-02-20,MRVL
MRVL260220P00077000,77.0,2.5,2.37,2.72,9.0,491.0,0.5136767382812499,False,PUT,2026-02-20,MRVL
MRVL260220P00078000,78.0,3.42,2.79,3.05,10.0,303.0,0.5009815527343751,False,PUT,2026-02-20,MRVL
MRVL260220P00079000,79.0,4.1,3.25,3.75,6.0,235.0,0.5305222729492188,False,PUT,2026-02-20,MRVL
MRVL260220P00080000,80.0,3.9,3.8,3.95,978.0,11795.0,0.4919484399414063,True,PUT,2026-02-20,MRVL
MRVL260220P00081000,81.0,4.27,4.25,4.7,1.0,448.0,0.5173388110351562,True,PUT,2026-02-20,MRVL
MRVL260220P00082000,82.0,4.97,4.65,5.15,1.0,1058.0,0.5007374145507812,True,PUT,2026-02-20,MRVL
MRVL260220P00083000,83.0,6.09,5.35,5.8,8.0,1000.0,0.5043994873046875,True,PUT,2026-02-20,MRVL
MRVL260220P00084000,84.0,5.2,5.8,6.45,10.0,217.0,0.5034229345703125,True,PUT,2026-02-20,MRVL
MRVL260220P00085000,85.0,6.95,6.65,7.1,111.0,3876.0,0.4978077563476563,True,PUT,2026-02-20,MRVL
MRVL260220P00086000,86.0,5.85,7.15,7.85,30.0,62.0,0.5014698291015626,True,PUT,2026-02-20,MRVL
MRVL260220P00087000,87.0,7.72,8.15,8.6,8.0,10.0,0.5009815527343751,True,PUT,2026-02-20,MRVL
MRVL260220P00088000,88.0,7.05,8.75,9.4,3.0,18.0,0.5039112109375,True,PUT,2026-02-20,MRVL
MRVL260220P00089000,89.0,10.25,9.45,11.05,11.0,20.0,0.5112353564453125,True,PUT,2026-02-20,MRVL
MRVL260220P00090000,90.0,10.8,10.4,11.05,10.0,2697.0,0.5063525927734375,True,PUT,2026-02-20,MRVL
MRVL260220P00092000,92.0,13.45,12.05,13.95,1.0,61.0,0.5532271240234375,True,PUT,2026-02-20,MRVL
MRVL260220P00095000,95.0,15.15,14.6,15.65,11.0,1332.0,0.5532271240234375,True,PUT,2026-02-20,MRVL
MRVL260220P00100000,100.0,20.0,19.3,20.55,1.0,343.0,0.6367223828125,True,PUT,2026-02-20,MRVL
MRVL260227C00065000,65.0,18.6,14.3,17.5,16.0,8.0,0.6562534375000001,True,CALL,2026-02-27,MRVL
MRVL260227C00070000,70.0,14.45,10.1,12.0,56.0,35.0,0.5100146655273439,True,CALL,2026-02-27,MRVL
MRVL260227C00073000,73.0,11.8,7.9,9.5,1.0,2.0,0.6066933862304689,True,CALL,2026-02-27,MRVL
MRVL260227C00074000,74.0,10.58,7.4,9.05,1.0,3.0,0.5273484765625001,True,CALL,2026-02-27,MRVL
MRVL260227C00075000,75.0,10.02,7.75,8.2,3.0,32.0,0.5769085278320312,True,CALL,2026-02-27,MRVL
MRVL260227C00076000,76.0,9.72,6.85,7.5,3.0,12.0,0.5539595385742189,True,CALL,2026-02-27,MRVL
MRVL260227C00077000,77.0,5.75,6.5,6.9,6.0,48.0,0.5659223095703125,True,CALL,2026-02-27,MRVL
MRVL260227C00078000,78.0,6.0,5.95,6.6,2.0,9.0,0.5793499096679688,True,CALL,2026-02-27,MRVL
MRVL260227C00079000,79.0,5.7,5.45,5.6,16.0,10.0,0.5529829858398438,True,CALL,2026-02-27,MRVL
MRVL260227C00080000,80.0,5.0,4.9,5.1,45.0,155.0,0.5483443603515626,False,CALL,2026-02-27,MRVL
MRVL260227C00081000,81.0,4.9,4.45,4.75,34.0,19.0,0.5542036767578126,False,CALL,2026-02-27,MRVL
MRVL260227C00082000,82.0,4.4,4.05,4.2,36.0,25.0,0.5483443603515626,False,CALL,2026-02-27,MRVL
MRVL260227C00083000,83.0,3.45,3.65,3.95,10.0,137.0,0.5556685058593751,False,CALL,2026-02-27,MRVL
MRVL260227C00084000,84.0,3.45,3.3,3.5,16.0,30.0,0.5515181567382813,False,CALL,2026-02-27,MRVL
MRVL260227C00085000,85.0,3.17,2.87,3.1,32.0,472.0,0.5422409057617189,False,CALL,2026-02-27,MRVL
MRVL260227C00086000,86.0,2.86,2.64,2.95,16.0,30.0,0.5559126440429689,False,CALL,2026-02-27,MRVL
MRVL260227C00087000,87.0,2.52,2.33,2.49,21.0,61.0,0.5437057348632813,False,CALL,2026-02-27,MRVL
MRVL260227C00088000,88.0,2.33,2.04,2.42,113.0,90.0,0.5532271240234375,False,CALL,2026-02-27,MRVL
MRVL260227C00089000,89.0,1.98,1.56,1.99,13.0,18.0,0.524418818359375,False,CALL,2026-02-27,MRVL
MRVL260227C00090000,90.0,1.77,1.69,1.75,45.0,1524.0,0.5451705639648439,False,CALL,2026-02-27,MRVL
MRVL260227C00091000,91.0,2.51,1.31,1.6,15.0,22.0,0.5346726220703125,False,CALL,2026-02-27,MRVL
MRVL260227C00092000,92.0,1.47,1.11,1.42,11.0,526.0,0.5314988256835937,False,CALL,2026-02-27,MRVL
MRVL260227C00093000,93.0,1.19,0.96,1.61,4.0,111.0,0.5593305786132813,False,CALL,2026-02-27,MRVL
MRVL260227C00094000,94.0,1.44,0.88,1.43,7.0,121.0,0.5620160986328125,False,CALL,2026-02-27,MRVL
MRVL260227C00095000,95.0,1.17,0.95,1.52,21.0,263.0,0.5983926879882813,False,CALL,2026-02-27,MRVL
MRVL260227C00096000,96.0,0.87,0.71,1.45,4.0,91.0,0.5942423388671876,False,CALL,2026-02-27,MRVL
MRVL260227C00100000,100.0,0.69,0.53,0.79,33.0,321.0,0.5908244042968751,False,CALL,2026-02-27,MRVL
MRVL260227P00060000,60.0,0.24,0.0,0.95,18.0,23.0,0.7006865869140625,False,PUT,2026-02-27,MRVL
MRVL260227P00065000,65.0,0.62,0.52,0.73,33.0,8625.0,0.5839885351562499,False,PUT,2026-02-27,MRVL
MRVL260227P00068000,68.0,0.94,0.82,1.15,1.0,19.0,0.5639692041015626,False,PUT,2026-02-27,MRVL
MRVL260227P00069000,69.0,0.7,0.81,1.58,1.0,15.0,0.567387138671875,False,PUT,2026-02-27,MRVL
MRVL260227P00070000,70.0,1.17,1.13,1.23,56.0,534.0,0.5283250292968751,False,PUT,2026-02-27,MRVL
MRVL260227P00071000,71.0,1.34,1.3,1.56,1.0,37.0,0.5324753784179688,False,PUT,2026-02-27,MRVL
MRVL260227P00072000,72.0,1.56,1.53,1.62,15.0,75.0,0.5161181201171875,False,PUT,2026-02-27,MRVL
MRVL260227P00073000,73.0,2.17,1.75,1.92,9.0,180.0,0.5136767382812499,False,PUT,2026-02-27,MRVL
MRVL260227P00074000,74.0,1.6,2.05,2.15,2.0,43.0,0.507817421875,False,PUT,2026-02-27,MRVL
MRVL260227P00075000,75.0,2.45,2.34,2.47,48.0,1469.0,0.5036670727539063,False,PUT,2026-02-27,MRVL
MRVL260227P00076000,76.0,3.3,2.7,2.82,5.0,35.0,0.5017139672851563,False,PUT,2026-02-27,MRVL
MRVL260227P00077000,77.0,3.02,3.05,3.25,2.0,65.0,0.5112353564453125,False,PUT,2026-02-27,MRVL
MRVL260227P00078000,78.0,3.47,3.5,3.65,7.0,49.0,0.5063525927734375,False,PUT,2026-02-27,MRVL
MRVL260227P00079000,79.0,4.01,3.95,4.1,2.0,31.0,0.5031787963867188,False,PUT,2026-02-27,MRVL
MRVL260227P00080000,80.0,4.48,4.45,4.65,38.0,158.0,0.5073291455078125,True,PUT,2026-02-27,MRVL
MRVL260227P00081000,81.0,5.1,5.0,5.15,21.0,25.0,0.5022022436523439,True,PUT,2026-02-27,MRVL
MRVL260227P00082000,82.0,6.5,5.5,5.7,11.0,33.0,0.499028447265625,True,PUT,2026-02-27,MRVL
MRVL260227P00083000,83.0,6.9,6.1,6.35,14.0,16.0,0.5029346582031251,True,PUT,2026-02-27,MRVL
MRVL260227P00084000,84.0,7.87,6.75,6.9,7.0,10.0,0.49219257812500006,True,PUT,2026-02-27,MRVL
MRVL260227P00085000,85.0,6.03,7.25,7.8,2.0,54.0,0.5180712255859375,True,PUT,2026-02-27,MRVL
MRVL260227P00086000,86.0,5.73,7.8,8.7,6.0,7.0,0.5417526293945314,True,PUT,2026-02-27,MRVL
MRVL260227P00087000,87.0,7.88,8.45,9.15,1.0,1.0,0.508793974609375,True,PUT,2026-02-27,MRVL
MRVL260227P00088000,88.0,9.83,9.3,10.65,1.0,3.0,0.5178270874023438,True,PUT,2026-02-27,MRVL
MRVL260227P00089000,89.0,10.02,10.05,10.65,3.0,4.0,0.5041553491210937,True,PUT,2026-02-27,MRVL
MRVL260227P00090000,90.0,11.52,10.3,12.35,2.0,1.0,0.6254920263671876,True,PUT,2026-02-27,MRVL
MRVL260227P00092000,92.0,10.9,11.95,14.55,2.0,19.0,0.52539537109375,True,PUT,2026-02-27,MRVL
MRVL260227P00095000,95.0,15.31,15.1,16.25,1.0,3.0,0.5969278588867188,True,PUT,2026-02-27,MRVL
MRVL260227P00096000,96.0,16.86,15.45,18.1,,20.0,0.5317429638671876,True,PUT,2026-02-27,MRVL
MRVL260227P00100000,100.0,15.77,18.85,21.35,1.0,21.0,0.7233914379882812,True,PUT,2026-02-27,MRVL
MRVL260306C00078000,78.0,6.85,7.5,8.25,10.0,2.0,0.6833527758789064,True,CALL,2026-03-06,MRVL
MRVL260306C00079000,79.0,6.6,6.45,7.55,112.0,11.0,0.6450230810546875,True,CALL,2026-03-06,MRVL
MRVL260306C00080000,80.0,6.8,6.4,7.2,5.0,56.0,0.6717562121582032,False,CALL,2026-03-06,MRVL
MRVL260306C00081000,81.0,6.3,6.1,6.5,12.0,25.0,0.666385172119141,False,CALL,2026-03-06,MRVL
MRVL260306C00085000,85.0,4.6,4.5,5.1,20.0,60.0,0.6723665576171877,False,CALL,2026-03-06,MRVL
MRVL260306C00088000,88.0,4.11,2.85,4.0,30.0,11.0,0.6281775463867189,False,CALL,2026-03-06,MRVL
MRVL260306C00090000,90.0,3.12,2.97,3.25,162.0,82.0,0.6513706738281251,False,CALL,2026-03-06,MRVL
MRVL260306C00091000,91.0,3.79,1.84,3.15,5.0,5.0,0.6088906298828126,False,CALL,2026-03-06,MRVL
MRVL260306C00092000,92.0,3.08,2.15,3.25,10.0,22.0,0.65820654296875,False,CALL,2026-03-06,MRVL
MRVL260306C00093000,93.0,2.77,1.52,3.3,1.0,16.0,0.6489292919921875,False,CALL,2026-03-06,MRVL
MRVL260306C00096000,96.0,2.5,0.92,3.5,1.0,12.0,0.6936065795898438,False,CALL,2026-03-06,MRVL
MRVL260306C00100000,100.0,1.42,1.21,1.64,6.0,59.0,0.6669955175781253,False,CALL,2026-03-06,MRVL
MRVL260306P00060000,60.0,0.72,0.65,0.82,41.0,48.0,0.7050810742187501,False,PUT,2026-03-06,MRVL
MRVL260306P00065000,65.0,1.35,0.57,1.7,2.0,31.0,0.631839619140625,False,PUT,2026-03-06,MRVL
MRVL260306P00069000,69.0,1.55,1.2,2.43,3.0,8.0,0.6044961425781252,False,PUT,2026-03-06,MRVL
MRVL260306P00070000,70.0,2.26,2.08,2.4,10.0,21.0,0.6259803027343751,False,PUT,2026-03-06,MRVL
MRVL260306P00073000,73.0,3.04,2.86,3.25,5.0,132.0,0.6084023535156251,False,PUT,2026-03-06,MRVL
MRVL260306P00074000,74.0,3.48,3.2,3.85,13.0,64.0,0.6198768481445314,False,PUT,2026-03-06,MRVL
MRVL260306P00075000,75.0,3.85,3.65,4.05,27.0,32.0,0.6120644262695314,False,PUT,2026-03-06,MRVL
MRVL260306P00076000,76.0,4.27,4.05,4.5,1.0,7.0,0.6125527026367189,False,PUT,2026-03-06,MRVL
MRVL260306P00078000,78.0,4.96,4.4,5.45,21.0,3.0,0.584965087890625,False,PUT,2026-03-06,MRVL
MRVL260306P00079000,79.0,5.36,5.35,5.85,2.0,94.0,0.6026651062011721,False,PUT,2026-03-06,MRVL
MRVL260306P00080000,80.0,5.82,5.8,6.25,30.0,13.0,0.5927775097656252,True,PUT,2026-03-06,MRVL
MRVL260306P00081000,81.0,6.35,6.45,7.0,5.0,7.0,0.6074258007812501,True,PUT,2026-03-06,MRVL
MRVL260306P00082000,82.0,7.83,7.0,7.5,10.0,23.0,0.6022988989257814,True,PUT,2026-03-06,MRVL
MRVL260306P00083000,83.0,7.65,7.45,8.2,1.0,5.0,0.5996133789062501,True,PUT,2026-03-06,MRVL
MRVL260306P00085000,85.0,7.79,8.85,9.6,5.0,3.0,0.6120644262695314,True,PUT,2026-03-06,MRVL
MRVL260306P00090000,90.0,13.04,11.9,12.85,1.0,2.0,0.5661664477539063,True,PUT,2026-03-06,MRVL
MRVL260320C00060000,60.0,20.5,20.85,22.4,2.0,1025.0,0.7690452783203126,True,CALL,2026-03-20,MRVL
MRVL260320C00065000,65.0,17.0,16.0,18.2,10.0,1783.0,0.6789582885742189,True,CALL,2026-03-20,MRVL
MRVL260320C00070000,70.0,13.6,13.35,14.3,6.0,8343.0,0.7050810742187501,True,CALL,2026-03-20,MRVL
MRVL260320C00075000,75.0,10.53,9.8,10.5,370.0,2894.0,0.6418492846679689,True,CALL,2026-03-20,MRVL
MRVL260320C00080000,80.0,7.75,7.6,7.8,256.0,3818.0,0.6481968774414062,False,CALL,2026-03-20,MRVL
MRVL260320C00085000,85.0,5.6,5.6,5.7,287.0,10442.0,0.6447789428710937,False,CALL,2026-03-20,MRVL
MRVL260320C00090000,90.0,4.0,3.9,4.1,817.0,9319.0,0.6364782446289063,False,CALL,2026-03-20,MRVL
MRVL260320C00095000,95.0,2.9,2.76,2.92,242.0,4960.0,0.6369665209960937,False,CALL,2026-03-20,MRVL
MRVL260320C00100000,100.0,2.04,2.01,2.08,925.0,15692.0,0.6442906665039063,False,CALL,2026-03-20,MRVL
MRVL260320P00060000,60.0,1.03,0.9,1.16,44.0,14465.0,0.6611362011718751,False,PUT,2026-03-20,MRVL
MRVL260320P00065000,65.0,1.7,1.65,1.88,7.0,7944.0,0.63086306640625,False,PUT,2026-03-20,MRVL
MRVL260320P00070000,70.0,2.9,2.82,3.05,158.0,12290.0,0.6093789062500001,False,PUT,2026-03-20,MRVL
MRVL260320P00075000,75.0,4.6,4.5,4.7,165.0,11917.0,0.5898478515625001,False,PUT,2026-03-20,MRVL
MRVL260320P00080000,80.0,6.85,6.9,7.0,176.0,8805.0,0.5827678442382812,True,PUT,2026-03-20,MRVL
MRVL260320P00085000,85.0,9.85,9.85,10.0,59.0,6730.0,0.5813030151367188,True,PUT,2026-03-20,MRVL
MRVL260320P00090000,90.0,14.25,12.85,13.45,2.0,8006.0,0.5564009204101563,True,PUT,2026-03-20,MRVL
MRVL260320P00095000,95.0,16.88,16.65,17.35,14.0,1268.0,0.5463912548828126,True,PUT,2026-03-20,MRVL
MRVL260320P00100000,100.0,20.85,20.9,22.35,1.0,1023.0,0.5905802661132813,True,PUT,2026-03-20,MRVL
MRVL260417C00060000,60.0,22.3,21.95,23.0,80.0,136.0,0.7204617797851562,True,CALL,2026-04-17,MRVL
MRVL260417C00065000,65.0,19.49,16.6,18.9,2.0,80.0,0.6114540808105471,True,CALL,2026-04-17,MRVL
MRVL260417C00070000,70.0,16.35,14.15,15.5,1.0,89.0,0.6477086010742188,True,CALL,2026-04-17,MRVL
MRVL260417C00075000,75.0,11.7,11.35,11.7,11.0,551.0,0.6152382226562501,True,CALL,2026-04-17,MRVL
MRVL260417C00080000,80.0,8.99,8.8,8.95,293.0,1174.0,0.6005899316406251,False,CALL,2026-04-17,MRVL
MRVL260417C00085000,85.0,6.85,6.7,6.9,391.0,2477.0,0.5959513061523438,False,CALL,2026-04-17,MRVL
MRVL260417C00090000,90.0,5.15,5.05,5.2,81.0,909.0,0.5914347497558594,False,CALL,2026-04-17,MRVL
MRVL260417C00095000,95.0,3.95,3.8,3.95,98.0,3744.0,0.5926554406738282,False,CALL,2026-04-17,MRVL
MRVL260417C00100000,100.0,2.95,2.83,2.97,53.0,1548.0,0.5931437170410157,False,CALL,2026-04-17,MRVL
MRVL260417P00060000,60.0,1.3,1.3,1.55,4.0,856.0,0.5881388842773438,False,PUT,2026-04-17,MRVL
MRVL260417P00065000,65.0,2.43,2.32,2.43,20.0,3165.0,0.5715374877929689,False,PUT,2026-04-17,MRVL
MRVL260417P00070000,70.0,4.05,3.65,3.85,22.0,2475.0,0.5582319567871095,False,PUT,2026-04-17,MRVL
MRVL260417P00075000,75.0,6.22,5.5,5.75,33.0,3541.0,0.5484664294433594,False,PUT,2026-04-17,MRVL
MRVL260417P00080000,80.0,7.92,7.75,8.05,62.0,3988.0,0.5327195166015625,True,PUT,2026-04-17,MRVL
MRVL260417P00085000,85.0,11.3,10.75,11.05,75.0,2506.0,0.5334519311523438,True,PUT,2026-04-17,MRVL
MRVL260417P00090000,90.0,14.1,13.9,14.4,22.0,294.0,0.5205126074218749,True,PUT,2026-04-17,MRVL
MRVL260417P00095000,95.0,17.8,17.3,18.25,3.0,429.0,0.5046436254882812,True,PUT,2026-04-17,MRVL
MRVL260417P00100000,100.0,20.5,21.45,23.55,1.0,69.0,0.5566450585937501,True,PUT,2026-04-17,MRVL
MRVL260515C00060000,60.0,23.0,21.3,23.85,1.0,133.0,0.6287878918457033,True,CALL,2026-05-15,MRVL
MRVL260515C00065000,65.0,20.0,18.8,19.8,5.0,387.0,0.6502720520019531,True,CALL,2026-05-15,MRVL
MRVL260515C00070000,70.0,17.55,15.5,16.1,6.0,269.0,0.6232947827148438,True,CALL,2026-05-15,MRVL
MRVL260515C00075000,75.0,12.0,12.5,12.85,2.0,368.0,0.599735447998047,True,CALL,2026-05-15,MRVL
MRVL260515C00080000,80.0,10.3,10.05,10.3,152.0,2488.0,0.5921671643066408,False,CALL,2026-05-15,MRVL
MRVL260515C00085000,85.0,8.0,8.0,8.1,78.0,600.0,0.5845378460693358,False,CALL,2026-05-15,MRVL
MRVL260515C00090000,90.0,6.45,6.25,6.45,142.0,760.0,0.5814250842285156,False,CALL,2026-05-15,MRVL
MRVL260515C00095000,95.0,4.93,4.9,5.05,92.0,1464.0,0.5793499096679688,False,CALL,2026-05-15,MRVL
MRVL260515C00100000,100.0,3.91,3.8,3.95,70.0,1123.0,0.5777630114746093,False,CALL,2026-05-15,MRVL
MRVL260515P00060000,60.0,1.87,1.76,2.13,4.0,3497.0,0.5629926513671876,False,PUT,2026-05-15,MRVL
MRVL260515P00065000,65.0,3.05,3.0,3.2,29.0,2133.0,0.55273884765625,False,PUT,2026-05-15,MRVL
MRVL260515P00070000,70.0,4.55,4.45,4.7,20.0,2299.0,0.5376022802734376,False,PUT,2026-05-15,MRVL
MRVL260515P00075000,75.0,6.55,6.5,6.65,63.0,4279.0,0.5302781347656251,False,PUT,2026-05-15,MRVL
MRVL260515P00080000,80.0,8.9,8.9,9.1,609.0,3680.0,0.5219774365234374,True,PUT,2026-05-15,MRVL
MRVL260515P00085000,85.0,12.45,11.75,12.0,12.0,2235.0,0.5151415673828125,True,PUT,2026-05-15,MRVL
MRVL260515P00090000,90.0,15.0,15.0,15.55,22.0,1833.0,0.5158739819335938,True,PUT,2026-05-15,MRVL
MRVL260515P00095000,95.0,16.96,18.2,20.1,31.0,406.0,0.5255174401855469,True,PUT,2026-05-15,MRVL
MRVL260515P00100000,100.0,22.5,22.05,23.0,1.0,220.0,0.5152636364746093,True,PUT,2026-05-15,MRVL
MRVL260618C00057500,57.5,25.0,24.3,26.95,1.0,51.0,0.6491734301757812,True,CALL,2026-06-18,MRVL
MRVL260618C00060000,60.0,24.4,23.6,24.5,1.0,1393.0,0.6649203430175783,True,CALL,2026-06-18,MRVL
MRVL260618C00062500,62.5,26.28,21.15,22.65,2.0,135.0,0.6314734118652343,True,CALL,2026-06-18,MRVL
MRVL260618C00065000,65.0,19.5,20.0,21.05,3.0,1873.0,0.6475865319824219,True,CALL,2026-06-18,MRVL
MRVL260618C00067500,67.5,17.93,18.25,19.35,2.0,556.0,0.6346472082519532,True,CALL,2026-06-18,MRVL
MRVL260618C00070000,70.0,17.85,16.8,17.7,1.0,1944.0,0.6279334082031252,True,CALL,2026-06-18,MRVL
MRVL260618C00072500,72.5,15.5,15.0,15.9,11.0,1143.0,0.6028482098388674,True,CALL,2026-06-18,MRVL
MRVL260618C00075000,75.0,13.8,14.0,14.95,8.0,3795.0,0.6191444335937502,True,CALL,2026-06-18,MRVL
MRVL260618C00077500,77.5,12.95,12.3,13.35,1.0,398.0,0.594730615234375,True,CALL,2026-06-18,MRVL
MRVL260618C00080000,80.0,11.95,11.45,12.05,36.0,4294.0,0.5964395825195312,False,CALL,2026-06-18,MRVL
MRVL260618C00082500,82.5,11.25,10.65,11.0,11.0,1508.0,0.6014444152832032,False,CALL,2026-06-18,MRVL
MRVL260618C00085000,85.0,10.0,9.5,9.95,11.0,2150.0,0.5936319934082033,False,CALL,2026-06-18,MRVL
MRVL260618C00087500,87.5,8.8,8.7,9.05,338.0,528.0,0.594730615234375,False,CALL,2026-06-18,MRVL
MRVL260618C00090000,90.0,8.2,7.95,8.05,60.0,2736.0,0.5910075079345705,False,CALL,2026-06-18,MRVL
MRVL260618C00092500,92.5,7.35,7.15,7.4,16.0,2063.0,0.5914957843017579,False,CALL,2026-06-18,MRVL
MRVL260618C00095000,95.0,6.6,6.45,6.65,142.0,4905.0,0.5887492297363282,False,CALL,2026-06-18,MRVL
MRVL260618C00097500,97.5,7.3,5.65,6.1,3.0,501.0,0.5854533642578125,False,CALL,2026-06-18,MRVL
MRVL260618C00100000,100.0,5.4,5.2,5.5,100.0,8132.0,0.5872844006347657,False,CALL,2026-06-18,MRVL
MRVL260618P00057500,57.5,2.17,2.07,2.4,2.0,1213.0,0.5681195532226562,False,PUT,2026-06-18,MRVL
MRVL260618P00060000,60.0,2.7,2.64,2.96,6.0,5097.0,0.5647016186523439,False,PUT,2026-06-18,MRVL
MRVL260618P00062500,62.5,3.02,3.3,3.85,1.0,4749.0,0.570316796875,False,PUT,2026-06-18,MRVL
MRVL260618P00065000,65.0,4.16,4.05,4.2,5.0,5381.0,0.5529829858398438,False,PUT,2026-06-18,MRVL
MRVL260618P00067500,67.5,4.95,4.85,5.0,4.0,3778.0,0.5477340148925782,False,PUT,2026-06-18,MRVL
MRVL260618P00070000,70.0,5.85,5.75,5.95,18.0,12361.0,0.5445602185058593,False,PUT,2026-06-18,MRVL
MRVL260618P00072500,72.5,7.0,6.7,6.95,50.0,2193.0,0.5387009020996094,False,PUT,2026-06-18,MRVL
MRVL260618P00075000,75.0,8.3,7.8,8.05,582.0,6492.0,0.5346726220703125,False,PUT,2026-06-18,MRVL
MRVL260618P00077500,77.5,9.1,8.95,9.3,15.0,1058.0,0.5308884802246094,False,PUT,2026-06-18,MRVL
MRVL260618P00080000,80.0,10.5,10.25,10.55,121.0,10356.0,0.5261277856445312,True,PUT,2026-06-18,MRVL
MRVL260618P00082500,82.5,11.28,11.65,11.9,1.0,1760.0,0.5218553674316406,True,PUT,2026-06-18,MRVL
MRVL260618P00085000,85.0,13.2,13.1,13.45,10.0,1738.0,0.5194139855957032,True,PUT,2026-06-18,MRVL
MRVL260618P00087500,87.5,13.05,14.6,15.05,158.0,518.0,0.5151415673828125,True,PUT,2026-06-18,MRVL
MRVL260618P00090000,90.0,16.6,16.35,16.9,8.0,2361.0,0.5195360546875,True,PUT,2026-06-18,MRVL
MRVL260618P00092500,92.5,18.25,17.95,18.35,21.0,197.0,0.5056201782226561,True,PUT,2026-06-18,MRVL
MRVL260618P00095000,95.0,20.0,19.35,21.25,1.0,2778.0,0.5211229528808592,True,PUT,2026-06-18,MRVL
MRVL260618P00097500,97.5,20.0,21.55,23.4,29.0,170.0,0.5351608984375,True,PUT,2026-06-18,MRVL
MRVL260618P00100000,100.0,24.0,23.25,24.25,1.0,1073.0,0.5239305419921875,True,PUT,2026-06-18,MRVL
MRVL260717C00060000,60.0,27.2,24.1,25.3,9.0,287.0,0.6496617065429688,True,CALL,2026-07-17,MRVL
MRVL260717C00065000,65.0,23.75,19.5,21.75,41.0,75.0,0.59570716796875,True,CALL,2026-07-17,MRVL
MRVL260717C00070000,70.0,17.75,17.9,19.6,1.0,27.0,0.6510044665527344,True,CALL,2026-07-17,MRVL
MRVL260717C00075000,75.0,17.1,14.95,15.8,10.0,43.0,0.6080361462402344,True,CALL,2026-07-17,MRVL
MRVL260717C00080000,80.0,12.28,12.5,13.25,6.0,64.0,0.5958292370605469,False,CALL,2026-07-17,MRVL
MRVL260717C00085000,85.0,10.15,10.4,11.0,26.0,1334.0,0.5854533642578125,False,CALL,2026-07-17,MRVL
MRVL260717C00090000,90.0,10.55,8.6,9.3,2.0,23.0,0.5821574987792968,False,CALL,2026-07-17,MRVL
MRVL260717C00095000,95.0,6.55,6.95,7.75,9.0,23.0,0.5742230078125,False,CALL,2026-07-17,MRVL
MRVL260717C00100000,100.0,6.21,5.95,6.5,9.0,275.0,0.5783733569335938,False,CALL,2026-07-17,MRVL
MRVL260717P00060000,60.0,3.55,3.05,3.55,20.0,729.0,0.5510298803710938,False,PUT,2026-07-17,MRVL
MRVL260717P00065000,65.0,4.6,4.3,5.05,521.0,3118.0,0.5374802111816408,False,PUT,2026-07-17,MRVL
MRVL260717P00070000,70.0,6.24,6.3,7.05,12.0,22.0,0.5401046966552736,False,PUT,2026-07-17,MRVL
MRVL260717P00075000,75.0,7.77,8.4,9.05,22.0,1624.0,0.5261277856445312,False,PUT,2026-07-17,MRVL
MRVL260717P00080000,80.0,9.8,10.8,12.0,1.0,25.0,0.5257615783691407,True,PUT,2026-07-17,MRVL
MRVL260717P00085000,85.0,12.51,13.65,14.25,2.0,8.0,0.5040943145751953,True,PUT,2026-07-17,MRVL
MRVL260717P00090000,90.0,15.7,16.7,17.5,2.0,40.0,0.5140429455566407,True,PUT,2026-07-17,MRVL
MRVL260821C00060000,60.0,24.7,23.8,26.0,1.0,135.0,0.603763728027344,True,CALL,2026-08-21,MRVL
MRVL260821C00065000,65.0,24.5,20.4,22.85,15.0,34.0,0.5958902716064454,True,CALL,2026-08-21,MRVL
MRVL260821C00070000,70.0,18.15,18.85,19.65,15.0,32.0,0.6168251208496094,True,CALL,2026-08-21,MRVL
MRVL260821C00075000,75.0,16.6,16.05,16.6,16.0,20.0,0.5961344097900392,True,CALL,2026-08-21,MRVL
MRVL260821C00080000,80.0,14.25,13.6,14.45,52.0,98.0,0.5916788879394532,False,CALL,2026-08-21,MRVL
MRVL260821C00085000,85.0,11.35,11.55,12.05,1.0,139.0,0.5792278405761719,False,CALL,2026-08-21,MRVL
MRVL260821C00090000,90.0,12.1,9.8,10.7,5.0,173.0,0.5846599151611327,False,CALL,2026-08-21,MRVL
MRVL260821C00095000,95.0,7.9,8.15,8.9,4.0,22.0,0.5731854205322267,False,CALL,2026-08-21,MRVL
MRVL260821C00100000,100.0,7.01,6.75,7.3,18.0,729.0,0.5621381677246093,False,CALL,2026-08-21,MRVL
MRVL260821P00060000,60.0,4.05,3.65,4.05,30.0,2473.0,0.5373581420898439,False,PUT,2026-08-21,MRVL
MRVL260821P00065000,65.0,5.3,5.2,5.9,1.0,2985.0,0.537236072998047,False,PUT,2026-08-21,MRVL
MRVL260821P00070000,70.0,6.5,6.95,7.95,4.0,377.0,0.5293015820312501,False,PUT,2026-08-21,MRVL
MRVL260821P00075000,75.0,9.0,9.2,9.8,1.0,290.0,0.5136767382812499,False,PUT,2026-08-21,MRVL
MRVL260821P00080000,80.0,10.56,11.65,12.9,1.0,616.0,0.5160570855712892,True,PUT,2026-08-21,MRVL
MRVL260821P00085000,85.0,13.6,14.5,15.8,4.0,784.0,0.5092822509765625,True,PUT,2026-08-21,MRVL
MRVL260821P00090000,90.0,17.75,17.6,19.15,20.0,1335.0,0.5051319018554687,True,PUT,2026-08-21,MRVL
MRVL260821P00095000,95.0,19.87,20.9,21.7,,56.0,0.4939015454101563,True,PUT,2026-08-21,MRVL
MRVL260821P00100000,100.0,21.0,24.6,25.7,1.0,3.0,0.502080174560547,True,PUT,2026-08-21,MRVL
MRVL260918C00060000,60.0,28.4,24.6,26.7,1.0,507.0,0.608524422607422,True,CALL,2026-09-18,MRVL
MRVL260918C00065000,65.0,22.7,21.35,23.6,3.0,887.0,0.6009561389160158,True,CALL,2026-09-18,MRVL
MRVL260918C00070000,70.0,20.2,19.85,20.65,5.0,533.0,0.6234168518066407,True,CALL,2026-09-18,MRVL
MRVL260918C00075000,75.0,17.35,17.15,17.85,5.0,699.0,0.608524422607422,True,CALL,2026-09-18,MRVL
MRVL260918C00080000,80.0,14.9,14.7,15.6,14.0,1108.0,0.6003457934570313,False,CALL,2026-09-18,MRVL
MRVL260918C00085000,85.0,13.2,12.35,13.35,4.0,1639.0,0.5846599151611327,False,CALL,2026-09-18,MRVL
MRVL260918C00090000,90.0,11.35,10.95,11.5,4.0,1467.0,0.5866740551757812,False,CALL,2026-09-18,MRVL
MRVL260918C00095000,95.0,8.93,9.3,10.0,3.0,2423.0,0.5823406024169921,False,CALL,2026-09-18,MRVL
MRVL260918C00100000,100.0,8.1,8.0,8.4,2.0,904.0,0.5753216296386718,False,CALL,2026-09-18,MRVL
MRVL260918P00060000,60.0,4.1,4.3,4.75,2.0,10799.0,0.5437057348632813,False,PUT,2026-09-18,MRVL
MRVL260918P00065000,65.0,6.29,5.9,6.65,3.0,6142.0,0.5404098693847659,False,PUT,2026-09-18,MRVL
MRVL260918P00070000,70.0,8.12,7.75,8.45,3.0,8460.0,0.5258836474609375,False,PUT,2026-09-18,MRVL
MRVL260918P00075000,75.0,9.67,10.2,11.2,10.0,8898.0,0.532109171142578,False,PUT,2026-09-18,MRVL
MRVL260918P00080000,80.0,11.9,12.45,13.2,36.0,3725.0,0.5061084545898438,True,PUT,2026-09-18,MRVL
MRVL260918P00085000,85.0,14.55,15.4,16.7,2.0,803.0,0.5130663928222656,True,PUT,2026-09-18,MRVL
MRVL260918P00090000,90.0,17.7,18.45,19.95,13.0,3329.0,0.5063525927734375,True,PUT,2026-09-18,MRVL
MRVL260918P00095000,95.0,20.7,21.9,22.8,8.0,462.0,0.507817421875,True,PUT,2026-09-18,MRVL
MRVL260918P00100000,100.0,24.45,25.25,26.5,7.0,684.0,0.504765694580078,True,PUT,2026-09-18,MRVL
MRVL261120C00060000,60.0,29.7,25.95,28.15,102.0,153.0,0.6077920080566408,True,CALL,2026-11-20,MRVL
MRVL261120C00065000,65.0,27.0,23.0,24.9,1.0,7.0,0.5970499279785157,True,CALL,2026-11-20,MRVL
MRVL261120C00070000,70.0,24.0,21.1,22.3,1.0,10.0,0.6107216662597659,True,CALL,2026-11-20,MRVL
MRVL261120C00075000,75.0,19.02,18.75,20.15,5.0,1.0,0.6129189099121095,True,CALL,2026-11-20,MRVL
MRVL261120C00080000,80.0,16.77,15.4,17.55,5.0,19.0,0.580204393310547,False,CALL,2026-11-20,MRVL
MRVL261120C00085000,85.0,14.15,14.4,15.55,2.0,25.0,0.5932657861328126,False,CALL,2026-11-20,MRVL
MRVL261120C00090000,90.0,14.55,12.55,13.45,2.0,45.0,0.5822795678710937,False,CALL,2026-11-20,MRVL
MRVL261120C00095000,95.0,12.81,11.05,11.8,1.0,12.0,0.5788005987548828,False,CALL,2026-11-20,MRVL
MRVL261120C00100000,100.0,11.0,9.65,10.75,5.0,10.0,0.5816081878662109,False,CALL,2026-11-20,MRVL
MRVL261120P00060000,60.0,5.25,5.15,5.55,2.0,97.0,0.5239305419921875,False,PUT,2026-11-20,MRVL
MRVL261120P00065000,65.0,7.13,6.9,7.35,4.0,8.0,0.5169726037597657,False,PUT,2026-11-20,MRVL
MRVL261120P00070000,70.0,9.05,8.8,9.15,166.0,270.0,0.5015308636474609,False,PUT,2026-11-20,MRVL
MRVL261120P00075000,75.0,10.8,11.35,11.75,2.0,381.0,0.5037281072998048,False,PUT,2026-11-20,MRVL
MRVL261120P00080000,80.0,13.77,13.75,15.3,1.0,7.0,0.5095874237060547,True,PUT,2026-11-20,MRVL
MRVL261120P00085000,85.0,16.6,16.65,17.3,62.0,354.0,0.49884534362792965,True,PUT,2026-11-20,MRVL
MRVL261218C00060000,60.0,28.45,28.0,28.65,7.0,211.0,0.6387365228271484,True,CALL,2026-12-18,MRVL
MRVL261218C00062500,62.5,29.37,26.45,27.5,10.0,143.0,0.6405065246582031,True,CALL,2026-12-18,MRVL
MRVL261218C00065000,65.0,27.79,24.5,25.7,4.0,186.0,0.6179237426757813,True,CALL,2026-12-18,MRVL
MRVL261218C00067500,67.5,24.61,22.4,24.7,2.0,143.0,0.6073647662353516,True,CALL,2026-12-18,MRVL
MRVL261218C00070000,70.0,21.25,22.2,22.9,4.0,141.0,0.6160927062988282,True,CALL,2026-12-18,MRVL
MRVL261218C00072500,72.5,24.32,19.5,21.55,10.0,69.0,0.5841106042480468,True,CALL,2026-12-18,MRVL
MRVL261218C00075000,75.0,22.05,18.75,20.85,3.0,194.0,0.5983926879882813,True,CALL,2026-12-18,MRVL
MRVL261218C00077500,77.5,18.51,18.5,19.1,4.0,257.0,0.6003457934570313,True,CALL,2026-12-18,MRVL
MRVL261218C00080000,80.0,17.3,17.25,18.35,17.0,720.0,0.6002847589111329,False,CALL,2026-12-18,MRVL
MRVL261218C00082500,82.5,18.66,15.65,17.95,6.0,303.0,0.5983926879882813,False,CALL,2026-12-18,MRVL
MRVL261218C00085000,85.0,15.7,15.35,16.15,4.0,476.0,0.5932047515869141,False,CALL,2026-12-18,MRVL
MRVL261218C00087500,87.5,14.54,13.85,15.25,2.0,54.0,0.5814250842285156,False,CALL,2026-12-18,MRVL
MRVL261218C00090000,90.0,13.25,13.5,14.1,2.0,791.0,0.5831950860595703,False,CALL,2026-12-18,MRVL
MRVL261218C00092500,92.5,14.85,12.75,13.85,10.0,214.0,0.5918009570312501,False,CALL,2026-12-18,MRVL
MRVL261218C00095000,95.0,13.92,11.1,13.0,10.0,915.0,0.5740399041748048,False,CALL,2026-12-18,MRVL
MRVL261218C00097500,97.5,12.35,10.6,12.4,1.0,338.0,0.5781902532958985,False,CALL,2026-12-18,MRVL
MRVL261218C00100000,100.0,10.45,10.5,11.5,2.0,2170.0,0.5828288787841795,False,CALL,2026-12-18,MRVL
MRVL261218P00060000,60.0,5.95,5.9,6.15,88.0,3430.0,0.5325974475097657,False,PUT,2026-12-18,MRVL
MRVL261218P00062500,62.5,6.12,6.6,7.4,6.0,3933.0,0.5327195166015625,False,PUT,2026-12-18,MRVL
MRVL261218P00065000,65.0,8.15,7.5,8.25,4.0,1276.0,0.52539537109375,False,PUT,2026-12-18,MRVL
MRVL261218P00067500,67.5,7.82,8.45,8.95,1.0,2431.0,0.5137988073730468,False,PUT,2026-12-18,MRVL
MRVL261218P00070000,70.0,9.8,9.65,10.05,20.0,1836.0,0.5127001855468749,False,PUT,2026-12-18,MRVL
MRVL261218P00072500,72.5,10.68,10.25,11.7,1.0,170.0,0.5080615600585938,False,PUT,2026-12-18,MRVL
MRVL261218P00075000,75.0,11.79,12.0,13.0,1.0,1128.0,0.5153857055664062,False,PUT,2026-12-18,MRVL
MRVL261218P00077500,77.5,13.73,13.25,13.95,2.0,233.0,0.5051319018554687,False,PUT,2026-12-18,MRVL
MRVL261218P00080000,80.0,14.9,14.6,14.8,21.0,1362.0,0.49646499633789065,True,PUT,2026-12-18,MRVL
MRVL261218P00082500,82.5,15.4,15.95,17.15,1.0,48.0,0.504460521850586,True,PUT,2026-12-18,MRVL
MRVL261218P00085000,85.0,16.4,17.5,18.7,27.0,273.0,0.5035450036621094,True,PUT,2026-12-18,MRVL
MRVL261218P00087500,87.5,17.25,18.95,19.75,16.0,89.0,0.5040332800292968,True,PUT,2026-12-18,MRVL
MRVL261218P00090000,90.0,20.45,20.5,21.05,4.0,443.0,0.4910939562988281,True,PUT,2026-12-18,MRVL
MRVL261218P00092500,92.5,21.35,22.1,23.85,5.0,902.0,0.526371923828125,True,PUT,2026-12-18,MRVL
MRVL261218P00095000,95.0,23.92,23.65,25.3,1.0,131.0,0.5150805328369141,True,PUT,2026-12-18,MRVL
MRVL261218P00097500,97.5,24.7,25.5,27.05,2.0,29.0,0.5122119091796875,True,PUT,2026-12-18,MRVL
MRVL261218P00100000,100.0,24.2,26.4,28.15,10.0,79.0,0.48560084716796875,True,PUT,2026-12-18,MRVL
MRVL270115C00060000,60.0,28.3,28.35,29.4,1.0,443.0,0.6364782446289063,True,CALL,2027-01-15,MRVL
MRVL270115C00062500,62.5,27.0,26.3,27.85,3.0,156.0,0.6186561572265626,True,CALL,2027-01-15,MRVL
MRVL270115C00065000,65.0,25.3,25.15,26.4,6.0,557.0,0.619388571777344,True,CALL,2027-01-15,MRVL
MRVL270115C00067500,67.5,23.9,22.65,25.3,2.0,236.0,0.598758895263672,True,CALL,2027-01-15,MRVL
MRVL270115C00070000,70.0,22.7,22.8,23.9,14.0,1024.0,0.6203040899658205,True,CALL,2027-01-15,MRVL
MRVL270115C00072500,72.5,20.6,20.15,22.65,1.0,190.0,0.591373715209961,True,CALL,2027-01-15,MRVL
MRVL270115C00075000,75.0,20.67,19.45,21.05,5.0,1309.0,0.5896647479248047,True,CALL,2027-01-15,MRVL
MRVL270115C00077500,77.5,21.0,19.0,19.75,1.0,932.0,0.5954630297851562,True,CALL,2027-01-15,MRVL
MRVL270115C00080000,80.0,18.14,17.75,18.85,60.0,3241.0,0.5925333715820313,False,CALL,2027-01-15,MRVL
MRVL270115C00082500,82.5,16.8,16.7,17.7,8.0,747.0,0.5872233660888673,False,CALL,2027-01-15,MRVL
MRVL270115C00085000,85.0,16.25,16.0,16.6,9.0,649.0,0.586918193359375,False,CALL,2027-01-15,MRVL
MRVL270115C00087500,87.5,17.3,14.55,16.6,8.0,249.0,0.5907633697509767,False,CALL,2027-01-15,MRVL
MRVL270115C00090000,90.0,14.53,14.1,14.8,284.0,3972.0,0.5803264624023439,False,CALL,2027-01-15,MRVL
MRVL270115C00092500,92.5,13.6,13.55,14.75,1.0,234.0,0.5949137188720703,False,CALL,2027-01-15,MRVL
MRVL270115C00095000,95.0,13.5,12.05,13.5,6.0,419.0,0.5738568005371094,False,CALL,2027-01-15,MRVL
MRVL270115C00097500,97.5,12.1,11.75,12.9,11.0,553.0,0.5811199114990235,False,CALL,2027-01-15,MRVL
MRVL270115C00100000,100.0,11.29,11.35,11.85,10.0,3634.0,0.5784343914794923,False,CALL,2027-01-15,MRVL
MRVL270115P00060000,60.0,5.96,6.25,6.85,2.0,5103.0,0.5344284838867188,False,PUT,2027-01-15,MRVL
MRVL270115P00062500,62.5,6.75,7.15,7.8,1.0,2341.0,0.5310105493164063,False,PUT,2027-01-15,MRVL
MRVL270115P00065000,65.0,7.97,8.0,8.4,30.0,4336.0,0.5170336383056642,False,PUT,2027-01-15,MRVL
MRVL270115P00067500,67.5,8.55,9.0,9.4,2.0,1496.0,0.5119677709960937,False,PUT,2027-01-15,MRVL
MRVL270115P00070000,70.0,10.52,10.2,10.55,3.0,2185.0,0.5110522528076171,False,PUT,2027-01-15,MRVL
MRVL270115P00072500,72.5,10.9,11.3,12.2,149.0,1789.0,0.5147143255615234,False,PUT,2027-01-15,MRVL
MRVL270115P00075000,75.0,12.94,12.35,13.5,12.0,2700.0,0.5090381127929688,False,PUT,2027-01-15,MRVL
MRVL270115P00077500,77.5,13.7,13.35,14.7,130.0,738.0,0.5214891601562499,False,PUT,2027-01-15,MRVL
MRVL270115P00080000,80.0,15.27,15.15,15.5,82.0,5032.0,0.49933361999511716,True,PUT,2027-01-15,MRVL
MRVL270115P00082500,82.5,15.6,16.2,17.85,1.0,1926.0,0.5261888201904297,True,PUT,2027-01-15,MRVL
MRVL270115P00085000,85.0,17.84,17.65,19.15,23.0,350.0,0.5169115692138673,True,PUT,2027-01-15,MRVL
MRVL270115P00087500,87.5,19.65,19.4,20.75,8.0,122.0,0.5155688092041015,True,PUT,2027-01-15,MRVL
MRVL270115P00090000,90.0,20.55,20.8,21.75,1.0,2287.0,0.4935353381347657,True,PUT,2027-01-15,MRVL
MRVL270115P00092500,92.5,22.6,22.65,24.05,25.0,219.0,0.5113574255371094,True,PUT,2027-01-15,MRVL
MRVL270115P00095000,95.0,20.95,24.15,25.05,3.0,270.0,0.48615015808105466,True,PUT,2027-01-15,MRVL
MRVL270115P00097500,97.5,25.6,25.75,27.55,25.0,89.0,0.5076343182373046,True,PUT,2027-01-15,MRVL
MRVL270115P00100000,100.0,26.93,28.0,29.35,11.0,334.0,0.5052539709472657,True,PUT,2027-01-15,MRVL
MRVL270617C00060000,60.0,31.6,30.9,32.4,2.0,925.0,0.6303137554931642,True,CALL,2027-06-17,MRVL
MRVL270617C00065000,65.0,27.75,27.35,29.4,3.0,272.0,0.6023599334716798,True,CALL,2027-06-17,MRVL
MRVL270617C00070000,70.0,25.93,25.8,27.65,3.0,795.0,0.6215858154296876,True,CALL,2027-06-17,MRVL
MRVL270617C00075000,75.0,24.34,23.0,24.8,14.0,2244.0,0.5985757916259766,True,CALL,2027-06-17,MRVL
MRVL270617C00080000,80.0,21.47,21.7,22.7,4.0,846.0,0.6041299353027345,False,CALL,2027-06-17,MRVL
MRVL270617C00085000,85.0,19.45,19.75,21.55,52.0,882.0,0.6090126989746094,False,CALL,2027-06-17,MRVL
MRVL270617C00090000,90.0,18.63,17.05,19.0,8.0,560.0,0.5805095660400392,False,CALL,2027-06-17,MRVL
MRVL270617C00095000,95.0,18.38,16.45,17.7,6.0,275.0,0.5938150970458984,False,CALL,2027-06-17,MRVL
MRVL270617C00100000,100.0,16.61,15.1,16.15,80.0,1609.0,0.5903361279296876,False,CALL,2027-06-17,MRVL
MRVL270617P00060000,60.0,7.9,7.7,8.85,26.0,831.0,0.5091601818847658,False,PUT,2027-06-17,MRVL
MRVL270617P00065000,65.0,10.1,9.85,10.5,3.0,1698.0,0.5075122491455077,False,PUT,2027-06-17,MRVL
MRVL270617P00070000,70.0,12.46,12.0,13.35,1.0,2129.0,0.5173998455810547,False,PUT,2027-06-17,MRVL
MRVL270617P00075000,75.0,15.17,14.1,15.3,1.0,2019.0,0.493291199951172,False,PUT,2027-06-17,MRVL
MRVL270617P00080000,80.0,17.92,17.55,18.2,11.0,2017.0,0.4915211981201172,True,PUT,2027-06-17,MRVL
MRVL270617P00085000,85.0,19.88,19.5,21.3,10.0,156.0,0.4896291271972657,True,PUT,2027-06-17,MRVL
MRVL270617P00090000,90.0,23.95,22.55,25.0,20.0,53.0,0.49884534362792965,True,PUT,2027-06-17,MRVL
MRVL270617P00095000,95.0,24.84,25.7,28.3,1.0,20.0,0.492741889038086,True,PUT,2027-06-17,MRVL
MRVL270617P00100000,100.0,29.4,29.0,32.15,4.0,64.0,0.4973194799804688,True,PUT,2027-06-17,MRVL
MRVL271217C00060000,60.0,35.28,32.7,35.5,4.0,199.0,0.6146278771972657,True,CALL,2027-12-17,MRVL
MRVL271217C00065000,65.0,32.41,30.4,32.8,4.0,200.0,0.6073037316894532,True,CALL,2027-12-17,MRVL
MRVL271217C00070000,70.0,29.4,28.2,30.55,2.0,243.0,0.6033364862060548,True,CALL,2027-12-17,MRVL
MRVL271217C00075000,75.0,28.08,26.8,28.15,1.0,248.0,0.6038247625732425,True,CALL,2027-12-17,MRVL
MRVL271217C00080000,80.0,26.21,24.5,26.55,20.0,231.0,0.5992471716308594,False,CALL,2027-12-17,MRVL
MRVL271217C00085000,85.0,23.9,22.0,24.7,5.0,499.0,0.586216296081543,False,CALL,2027-12-17,MRVL
MRVL271217C00090000,90.0,21.82,21.35,22.6,11.0,1379.0,0.5896037133789063,False,CALL,2027-12-17,MRVL
MRVL271217C00095000,95.0,20.9,19.35,21.0,1.0,56.0,0.5802654278564454,False,CALL,2027-12-17,MRVL
MRVL271217C00100000,100.0,19.0,18.8,19.55,285.0,2498.0,0.5870402624511719,False,CALL,2027-12-17,MRVL
MRVL271217P00060000,60.0,10.35,9.9,10.6,2.0,976.0,0.5075732836914062,False,PUT,2027-12-17,MRVL
MRVL271217P00065000,65.0,12.3,12.15,13.3,4.0,733.0,0.513554669189453,False,PUT,2027-12-17,MRVL
MRVL271217P00070000,70.0,14.3,14.65,15.2,1.0,1744.0,0.4918874053955079,False,PUT,2027-12-17,MRVL
MRVL271217P00075000,75.0,16.8,16.45,18.0,15.0,72.0,0.48987326538085946,False,PUT,2027-12-17,MRVL
MRVL271217P00080000,80.0,20.5,20.2,20.9,2.0,270.0,0.4858449853515625,True,PUT,2027-12-17,MRVL
MRVL271217P00085000,85.0,22.1,22.05,23.65,1.0,46.0,0.47437049072265625,True,PUT,2027-12-17,MRVL
MRVL271217P00090000,90.0,26.16,25.1,26.75,1.0,416.0,0.4676566906738281,True,PUT,2027-12-17,MRVL
MRVL271217P00095000,95.0,29.1,29.2,31.6,2.0,70.0,0.49768568725585943,True,PUT,2027-12-17,MRVL
MRVL271217P00100000,100.0,30.13,32.75,34.25,1.0,22.0,0.474187387084961,True,PUT,2027-12-17,MRVL
MRVL280121C00060000,60.0,35.35,34.65,35.35,11.0,102.0,0.6264075445556643,True,CALL,2028-01-21,MRVL
MRVL280121C00065000,65.0,32.3,31.15,33.5,3.0,125.0,0.6125832199096681,True,CALL,2028-01-21,MRVL
MRVL280121C00070000,70.0,29.0,28.5,32.25,52.0,283.0,0.6148720153808593,True,CALL,2028-01-21,MRVL
MRVL280121C00075000,75.0,27.75,27.45,29.35,14.0,241.0,0.6123695989990237,True,CALL,2028-01-21,MRVL
MRVL280121C00080000,80.0,26.7,25.7,26.7,54.0,710.0,0.6009561389160158,False,CALL,2028-01-21,MRVL
MRVL280121C00085000,85.0,23.2,23.35,24.9,10.0,450.0,0.5900919897460939,False,CALL,2028-01-21,MRVL
MRVL280121C00090000,90.0,23.3,22.35,23.9,1.0,943.0,0.6017190707397463,False,CALL,2028-01-21,MRVL
MRVL280121C00095000,95.0,21.85,20.65,21.75,12.0,122.0,0.5892985406494142,False,CALL,2028-01-21,MRVL
MRVL280121C00100000,100.0,19.75,19.4,20.1,28.0,301.0,0.5855754333496093,False,CALL,2028-01-21,MRVL
MRVL280121P00060000,60.0,10.75,10.0,11.15,10.0,1068.0,0.5114794946289063,False,PUT,2028-01-21,MRVL
MRVL280121P00065000,65.0,12.05,12.5,13.5,500.0,1913.0,0.5064746618652343,False,PUT,2028-01-21,MRVL
MRVL280121P00070000,70.0,15.25,15.0,15.65,6.0,988.0,0.4913991290283204,False,PUT,2028-01-21,MRVL
MRVL280121P00075000,75.0,17.85,17.3,18.2,8.0,300.0,0.48279325805664064,False,PUT,2028-01-21,MRVL
MRVL280121P00080000,80.0,20.55,20.35,21.0,203.0,858.0,0.47632359619140624,True,PUT,2028-01-21,MRVL
MRVL280121P00085000,85.0,23.5,23.4,23.9,4.0,376.0,0.4684806570434571,True,PUT,2028-01-21,MRVL
MRVL280121P00090000,90.0,27.55,26.4,27.2,2.0,813.0,0.4663444479370118,True,PUT,2028-01-21,MRVL
MRVL280121P00095000,95.0,29.9,29.0,30.35,1.0,170.0,0.457585990600586,True,PUT,2028-01-21,MRVL
MRVL280121P00100000,100.0,33.6,32.45,34.6,2.0,181.0,0.4703727279663086,True,PUT,2028-01-21,MRVL
MS260130C00130000,130.0,54.95,49.25,52.4,1.0,0.0,2.6835970410156254,True,CALL,2026-01-30,MS
MS260130C00135000,135.0,46.0,45.2,46.95,661.0,166.0,1.8710943945312501,True,CALL,2026-01-30,MS
MS260130C00140000,140.0,40.15,39.25,42.25,,1.0,2.0546923632812497,True,CALL,2026-01-30,MS
MS260130C00145000,145.0,35.3,34.25,36.7,75.0,43.0,1.0000000000000003e-05,True,CALL,2026-01-30,MS
MS260130C00150000,150.0,32.0,29.25,32.2,1.0,0.0,1.5546897265624997,True,CALL,2026-01-30,MS
MS260130C00155000,155.0,26.5,24.4,27.2,6.0,6.0,1.3359408203124996,True,CALL,2026-01-30,MS
MS260130C00160000,160.0,20.3,19.35,22.2,27.0,13.0,1.1181684716796876,True,CALL,2026-01-30,MS
MS260130C00165000,165.0,15.25,14.25,17.2,25.0,11.0,0.9003916210937499,True,CALL,2026-01-30,MS
MS260130C00167500,167.5,17.83,11.75,14.85,,8.0,0.8623060644531251,True,CALL,2026-01-30,MS
MS260130C00170000,170.0,10.54,9.65,11.95,51.0,34.0,0.5312546875,True,CALL,2026-01-30,MS
MS260130C00172500,172.5,8.15,7.65,9.15,25.0,17.0,1.0000000000000003e-05,True,CALL,2026-01-30,MS
MS260130C00175000,175.0,5.87,5.2,6.75,11.0,176.0,1.0000000000000003e-05,True,CALL,2026-01-30,MS
MS260130C00177500,177.5,3.39,2.78,4.05,10.0,98.0,1.0000000000000003e-05,True,CALL,2026-01-30,MS
MS260130C00180000,180.0,1.7,1.47,1.79,630.0,288.0,1.0000000000000003e-05,True,CALL,2026-01-30,MS
MS260130C00182500,182.5,0.5,0.4,0.6,188.0,1576.0,0.16651224121093755,False,CALL,2026-01-30,MS
MS260130C00185000,185.0,0.12,0.1,0.15,320.0,895.0,0.195320546875,False,CALL,2026-01-30,MS
MS260130C00187500,187.5,0.04,0.04,0.07,79.0,335.0,0.25098405273437496,False,CALL,2026-01-30,MS
MS260130C00190000,190.0,0.01,0.01,0.04,68.0,1110.0,0.304694453125,False,CALL,2026-01-30,MS
MS260130C00192500,192.5,0.05,0.0,0.05,3.0,143.0,0.39063109375,False,CALL,2026-01-30,MS
MS260130C00195000,195.0,0.01,0.0,0.08,5.0,129.0,0.500005,False,CALL,2026-01-30,MS
MS260130C00197500,197.5,0.03,0.0,0.04,1.0,37.0,0.51758294921875,False,CALL,2026-01-30,MS
MS260130C00200000,200.0,0.04,0.0,0.01,10.0,150.0,0.49219257812500006,False,CALL,2026-01-30,MS
MS260130C00202500,202.5,0.06,0.0,0.09,3.0,206.0,0.6601596484375001,False,CALL,2026-01-30,MS
MS260130C00205000,205.0,0.01,0.0,0.21,1.0,40.0,0.8183611914062499,False,CALL,2026-01-30,MS
MS260130C00207500,207.5,0.08,0.0,0.08,2.0,1.0,0.773439765625,False,CALL,2026-01-30,MS
MS260130C00215000,215.0,0.13,0.0,0.21,,3.0,1.08203583984375,False,CALL,2026-01-30,MS
MS260130C00225000,225.0,0.98,0.0,0.08,,1.0,1.171879140625,False,CALL,2026-01-30,MS
MS260130P00130000,130.0,0.01,0.0,2.13,5.0,5.0,3.0634789038085932,False,PUT,2026-01-30,MS
MS260130P00140000,140.0,0.29,0.0,2.13,6.0,7.0,2.5087927905273437,False,PUT,2026-01-30,MS
MS260130P00145000,145.0,0.01,0.0,0.24,20.0,70.0,1.46875265625,False,PUT,2026-01-30,MS
MS260130P00150000,150.0,0.01,0.0,0.05,22.0,33.0,1.0390673046875003,False,PUT,2026-01-30,MS
MS260130P00155000,155.0,0.03,0.0,0.04,12.0,114.0,0.85937640625,False,PUT,2026-01-30,MS
MS260130P00157500,157.5,0.01,0.0,1.27,5.0,12.0,1.3857452587890622,False,PUT,2026-01-30,MS
MS260130P00160000,160.0,0.03,0.0,0.05,2.0,41.0,0.7187528125,False,PUT,2026-01-30,MS
MS260130P00162500,162.5,0.01,0.0,0.03,6.0,302.0,0.6093789062500001,False,PUT,2026-01-30,MS
MS260130P00165000,165.0,0.02,0.0,0.03,19.0,68.0,0.5312546875,False,PUT,2026-01-30,MS
MS260130P00167500,167.5,0.05,0.01,0.05,2.0,13.0,0.500005,False,PUT,2026-01-30,MS
MS260130P00170000,170.0,0.08,0.01,0.06,12.0,214.0,0.4687553125,False,PUT,2026-01-30,MS
MS260130P00172500,172.5,0.13,0.07,0.17,11.0,315.0,0.46680220703125,False,PUT,2026-01-30,MS
MS260130P00175000,175.0,0.19,0.14,0.33,297.0,973.0,0.43506424316406256,False,PUT,2026-01-30,MS
MS260130P00177500,177.5,0.49,0.31,0.62,47.0,1049.0,0.39893179199218753,False,PUT,2026-01-30,MS
MS260130P00180000,180.0,1.79,0.92,1.55,735.0,443.0,0.4401911450195312,False,PUT,2026-01-30,MS
MS260130P00182500,182.5,2.95,2.37,3.4,119.0,243.0,0.567387138671875,True,PUT,2026-01-30,MS
MS260130P00185000,185.0,5.95,4.45,5.8,5.0,650.0,0.6091347680664063,True,PUT,2026-01-30,MS
MS260130P00187500,187.5,8.18,7.0,9.25,27.0,189.0,0.8730481445312499,True,PUT,2026-01-30,MS
MS260130P00190000,190.0,10.58,9.2,11.65,1.0,153.0,0.9804689453125001,True,PUT,2026-01-30,MS
MS260130P00192500,192.5,11.45,11.7,14.05,4.0,98.0,1.1064497802734377,True,PUT,2026-01-30,MS
MS260130P00195000,195.0,14.96,14.2,16.65,2.0,155.0,1.2480506347656248,True,PUT,2026-01-30,MS
MS260130P00197500,197.5,13.65,16.7,19.05,8.0,8.0,1.358889924316406,True,PUT,2026-01-30,MS
MS260130P00200000,200.0,20.57,19.2,21.75,1.0,193.0,1.5024438940429685,True,PUT,2026-01-30,MS
MS260130P00205000,205.0,19.4,24.2,26.55,,291.0,1.6982436962890626,True,PUT,2026-01-30,MS
MS260130P00210000,210.0,28.63,29.2,31.75,1.0,1.0,1.9350589184570315,True,PUT,2026-01-30,MS
MS260130P00215000,215.0,29.05,33.75,36.5,,0.0,2.022954161376953,True,PUT,2026-01-30,MS
MS260206C00130000,130.0,55.15,49.2,53.0,1.0,0.0,1.4765651171875,True,CALL,2026-02-06,MS
MS260206C00160000,160.0,26.92,19.95,22.9,1.0,9.0,0.6889679541015626,True,CALL,2026-02-06,MS
MS260206C00165000,165.0,26.9,15.05,17.0,1.0,3.0,0.36035795898437495,True,CALL,2026-02-06,MS
MS260206C00167500,167.5,17.95,12.8,14.5,,0.0,0.31445998046874996,True,CALL,2026-02-06,MS
MS260206C00170000,170.0,11.35,10.1,11.55,1.0,17.0,1.0000000000000003e-05,True,CALL,2026-02-06,MS
MS260206C00175000,175.0,8.47,6.25,6.8,1.0,18.0,1.0000000000000003e-05,True,CALL,2026-02-06,MS
MS260206C00177500,177.5,4.8,4.8,5.0,14.0,100.0,0.194343994140625,True,CALL,2026-02-06,MS
MS260206C00180000,180.0,2.97,3.05,3.4,35.0,146.0,0.20948056152343747,True,CALL,2026-02-06,MS
MS260206C00182500,182.5,1.77,1.94,2.18,76.0,357.0,0.2192460888671875,False,CALL,2026-02-06,MS
MS260206C00185000,185.0,0.97,0.86,1.2,415.0,368.0,0.2148516015625,False,CALL,2026-02-06,MS
MS260206C00187500,187.5,0.61,0.58,0.65,143.0,112.0,0.21949022705078125,False,CALL,2026-02-06,MS
MS260206C00190000,190.0,0.3,0.27,0.35,66.0,134.0,0.22754678710937498,False,CALL,2026-02-06,MS
MS260206C00192500,192.5,0.22,0.05,0.39,23.0,88.0,0.2827220166015625,False,CALL,2026-02-06,MS
MS260206C00195000,195.0,0.09,0.08,0.19,5.0,878.0,0.2778392529296875,False,CALL,2026-02-06,MS
MS260206C00197500,197.5,0.17,0.01,0.27,3.0,31.0,0.3413151806640625,False,CALL,2026-02-06,MS
MS260206C00200000,200.0,0.08,0.0,0.25,2.0,590.0,0.37500625,False,CALL,2026-02-06,MS
MS260206C00205000,205.0,0.35,0.0,0.41,7.0,15.0,0.49805189453125004,False,CALL,2026-02-06,MS
MS260206C00210000,210.0,0.57,0.0,0.36,1.0,32.0,0.5585981640625001,False,CALL,2026-02-06,MS
MS260206C00220000,220.0,0.35,0.0,0.37,,1.0,0.6201209863281252,False,CALL,2026-02-06,MS
MS260206C00225000,225.0,1.2,0.0,0.37,,1.0,0.6796907031250001,False,CALL,2026-02-06,MS
MS260206P00140000,140.0,0.12,0.0,0.12,5.0,4.0,0.7148466015625,False,PUT,2026-02-06,MS
MS260206P00145000,145.0,0.03,0.03,0.06,11.0,35.0,0.6054726953125001,False,PUT,2026-02-06,MS
MS260206P00150000,150.0,0.15,0.0,0.37,1.0,26.0,0.6455113574218749,False,PUT,2026-02-06,MS
MS260206P00160000,160.0,0.11,0.02,0.32,1.0,41.0,0.5102588037109376,False,PUT,2026-02-06,MS
MS260206P00165000,165.0,0.27,0.23,0.31,15.0,118.0,0.407232490234375,False,PUT,2026-02-06,MS
MS260206P00167500,167.5,0.4,0.33,0.47,7.0,23.0,0.3952697192382813,False,PUT,2026-02-06,MS
MS260206P00170000,170.0,0.34,0.39,0.67,1.0,552.0,0.37793590820312495,False,PUT,2026-02-06,MS
MS260206P00172500,172.5,0.81,0.63,0.87,4.0,68.0,0.34888346435546874,False,PUT,2026-02-06,MS
MS260206P00175000,175.0,1.21,1.01,1.34,27.0,292.0,0.34204759521484374,False,PUT,2026-02-06,MS
MS260206P00177500,177.5,1.74,1.52,1.74,39.0,118.0,0.309577216796875,False,PUT,2026-02-06,MS
MS260206P00180000,180.0,2.66,2.46,2.8,200.0,674.0,0.32129584960937496,False,PUT,2026-02-06,MS
MS260206P00182500,182.5,4.22,3.8,4.15,54.0,59.0,0.33350275878906255,True,PUT,2026-02-06,MS
MS260206P00185000,185.0,6.2,5.3,6.0,30.0,438.0,0.3679262426757813,True,PUT,2026-02-06,MS
MS260206P00187500,187.5,9.15,7.45,8.8,5.0,34.0,0.4760794580078125,True,PUT,2026-02-06,MS
MS260206P00190000,190.0,9.48,9.3,10.95,10.0,99.0,0.5153857055664062,True,PUT,2026-02-06,MS
MS260206P00195000,195.0,15.01,14.3,15.85,2.0,56.0,0.5478560839843751,True,PUT,2026-02-06,MS
MS260206P00200000,200.0,10.09,19.2,21.5,,1.0,0.6931183032226562,True,PUT,2026-02-06,MS
MS260213C00165000,165.0,21.5,14.95,17.1,,0.0,0.2963937548828125,True,CALL,2026-02-13,MS
MS260213C00170000,170.0,12.3,10.4,12.1,2.0,32.0,0.2224198852539062,True,CALL,2026-02-13,MS
MS260213C00175000,175.0,6.95,7.2,7.8,1.0,65.0,0.2235185070800781,True,CALL,2026-02-13,MS
MS260213C00180000,180.0,3.85,4.2,4.5,7.0,74.0,0.23230748168945312,True,CALL,2026-02-13,MS
MS260213C00185000,185.0,1.89,1.97,2.19,45.0,191.0,0.23194127441406248,False,CALL,2026-02-13,MS
MS260213C00190000,190.0,0.86,0.63,0.92,35.0,476.0,0.23413851806640623,False,CALL,2026-02-13,MS
MS260213C00195000,195.0,0.34,0.24,0.35,26.0,430.0,0.2395095581054687,False,CALL,2026-02-13,MS
MS260213C00200000,200.0,0.21,0.02,0.42,3.0,74.0,0.3154365332031249,False,CALL,2026-02-13,MS
MS260213C00205000,205.0,0.12,0.0,0.51,2.0,447.0,0.39258419921875,False,CALL,2026-02-13,MS
MS260213C00210000,210.0,0.25,0.0,0.44,2.0,31.0,0.43677321044921874,False,CALL,2026-02-13,MS
MS260213P00140000,140.0,0.54,0.0,0.45,1.0,1.0,0.649417568359375,False,PUT,2026-02-13,MS
MS260213P00145000,145.0,0.2,0.0,0.33,,5.0,0.5449264257812501,False,PUT,2026-02-13,MS
MS260213P00150000,150.0,0.14,0.01,0.41,2.0,4.0,0.56055126953125,False,PUT,2026-02-13,MS
MS260213P00155000,155.0,0.57,0.01,0.47,,2.0,0.49609878906250005,False,PUT,2026-02-13,MS
MS260213P00160000,160.0,0.21,0.1,0.57,2.0,30.0,0.43604079589843747,False,PUT,2026-02-13,MS
MS260213P00165000,165.0,0.54,0.5,0.92,37.0,85.0,0.4050352465820312,False,PUT,2026-02-13,MS
MS260213P00170000,170.0,0.92,0.9,1.05,13.0,140.0,0.3284979260253906,False,PUT,2026-02-13,MS
MS260213P00175000,175.0,2.25,1.67,1.91,14.0,93.0,0.3039620385742187,False,PUT,2026-02-13,MS
MS260213P00180000,180.0,4.15,3.3,3.6,16.0,113.0,0.29480685668945306,False,PUT,2026-02-13,MS
MS260213P00185000,185.0,6.6,5.95,6.6,23.0,163.0,0.3166572241210937,True,PUT,2026-02-13,MS
MS260213P00190000,190.0,11.14,10.0,11.2,1.0,62.0,0.4050352465820312,True,PUT,2026-02-13,MS
MS260213P00195000,195.0,10.85,14.6,16.3,2.0,48.0,0.512578116455078,True,PUT,2026-02-13,MS
MS260213P00200000,200.0,10.55,19.25,21.7,1.0,2.0,0.5312546875,True,PUT,2026-02-13,MS
MS260213P00215000,215.0,30.75,34.2,36.65,,0.0,0.7485376708984376,True,PUT,2026-02-13,MS
MS260213P00220000,220.0,38.65,39.15,41.5,2.0,0.0,0.8029804858398437,True,PUT,2026-02-13,MS
MS260213P00225000,225.0,40.6,44.15,46.5,,1.0,0.8652357226562499,True,PUT,2026-02-13,MS
MS260220C00130000,130.0,51.05,50.15,52.2,60.0,18.0,0.7304714453125,True,CALL,2026-02-20,MS
MS260220C00135000,135.0,46.79,44.25,46.7,3.0,2.0,1.0000000000000003e-05,True,CALL,2026-02-20,MS
MS260220C00140000,140.0,41.3,40.1,42.25,18.0,8.0,0.6054726953125001,True,CALL,2026-02-20,MS
MS260220C00145000,145.0,35.25,34.35,37.2,25.0,12.0,0.524418818359375,True,CALL,2026-02-20,MS
MS260220C00150000,150.0,32.15,29.25,31.9,130.0,262.0,0.34961587890624996,True,CALL,2026-02-20,MS
MS260220C00155000,155.0,37.1,24.4,27.05,1.0,115.0,0.35596347167968745,True,CALL,2026-02-20,MS
MS260220C00160000,160.0,22.55,20.0,21.5,8.0,375.0,1.0000000000000003e-05,True,CALL,2026-02-20,MS
MS260220C00165000,165.0,16.49,16.2,17.15,436.0,1585.0,0.25659923095703124,True,CALL,2026-02-20,MS
MS260220C00170000,170.0,11.64,11.65,12.55,38.0,277.0,0.24195093994140626,True,CALL,2026-02-20,MS
MS260220C00172500,172.5,8.75,9.75,10.8,11.0,12.0,0.26770751831054684,True,CALL,2026-02-20,MS
MS260220C00175000,175.0,7.88,7.8,8.35,6.0,1148.0,0.2269364416503906,True,CALL,2026-02-20,MS
MS260220C00177500,177.5,7.15,6.05,6.7,8.0,66.0,0.23255161987304687,True,CALL,2026-02-20,MS
MS260220C00180000,180.0,4.95,4.7,5.05,265.0,1264.0,0.22473919799804684,True,CALL,2026-02-20,MS
MS260220C00182500,182.5,3.57,3.45,3.8,25.0,230.0,0.22620402709960938,False,CALL,2026-02-20,MS
MS260220C00185000,185.0,2.65,2.26,2.79,83.0,2608.0,0.22791299438476562,False,CALL,2026-02-20,MS
MS260220C00187500,187.5,1.6,1.57,1.88,34.0,83.0,0.22217574707031246,False,CALL,2026-02-20,MS
MS260220C00190000,190.0,1.15,1.15,1.3,23.0,3433.0,0.22425092163085933,False,CALL,2026-02-20,MS
MS260220C00192500,192.5,0.74,0.79,0.87,4.0,180.0,0.225593681640625,False,CALL,2026-02-20,MS
MS260220C00195000,195.0,0.52,0.47,0.59,15.0,1575.0,0.22925575439453127,False,CALL,2026-02-20,MS
MS260220C00197500,197.5,0.45,0.34,0.41,2.0,520.0,0.23511507080078126,False,CALL,2026-02-20,MS
MS260220C00200000,200.0,0.3,0.21,0.3,3.0,3888.0,0.2436599072265625,False,CALL,2026-02-20,MS
MS260220C00202500,202.5,0.15,0.06,0.46,10.0,67.0,0.2946847875976562,False,CALL,2026-02-20,MS
MS260220C00205000,205.0,0.13,0.01,0.4,2.0,3.0,0.3100654931640625,False,CALL,2026-02-20,MS
MS260220C00207500,207.5,0.09,0.01,0.35,2.0,2.0,0.32471378417968744,False,CALL,2026-02-20,MS
MS260220C00210000,210.0,0.01,0.0,0.32,2.0,500.0,0.3413151806640625,False,CALL,2026-02-20,MS
MS260220C00212500,212.5,0.11,0.0,0.3,,20.0,0.3588931298828125,False,CALL,2026-02-20,MS
MS260220C00215000,215.0,0.09,0.0,0.29,,10.0,0.37744763183593744,False,CALL,2026-02-20,MS
MS260220C00220000,220.0,0.09,0.0,0.25,15.0,30.0,0.40772076660156253,False,CALL,2026-02-20,MS
MS260220P00130000,130.0,0.06,0.0,0.08,25.0,270.0,0.5312546875,False,PUT,2026-02-20,MS
MS260220P00135000,135.0,0.17,0.0,0.28,6.0,107.0,0.5625043750000001,False,PUT,2026-02-20,MS
MS260220P00140000,140.0,0.27,0.0,0.31,2.0,222.0,0.5097705273437501,False,PUT,2026-02-20,MS
MS260220P00145000,145.0,0.19,0.03,0.36,5.0,713.0,0.5210008837890624,False,PUT,2026-02-20,MS
MS260220P00150000,150.0,0.24,0.2,0.36,6.0,674.0,0.4555718505859375,False,PUT,2026-02-20,MS
MS260220P00155000,155.0,0.45,0.12,0.48,41.0,1083.0,0.41602146484374997,False,PUT,2026-02-20,MS
MS260220P00160000,160.0,0.39,0.39,0.62,5.0,3110.0,0.37134417724609375,False,PUT,2026-02-20,MS
MS260220P00165000,165.0,0.85,0.79,1.0,12.0,2198.0,0.3464420825195312,False,PUT,2026-02-20,MS
MS260220P00167500,167.5,1.18,0.92,1.44,2.0,124.0,0.34961587890624996,False,PUT,2026-02-20,MS
MS260220P00170000,170.0,1.53,1.3,1.5,5.0,1803.0,0.31287308227539057,False,PUT,2026-02-20,MS
MS260220P00172500,172.5,1.47,1.61,2.17,10.0,1253.0,0.31873239868164055,False,PUT,2026-02-20,MS
MS260220P00175000,175.0,2.62,2.28,2.89,75.0,1259.0,0.31702343139648437,False,PUT,2026-02-20,MS
MS260220P00177500,177.5,2.56,3.0,3.25,10.0,34.0,0.28504132934570303,False,PUT,2026-02-20,MS
MS260220P00180000,180.0,4.63,4.05,4.55,40.0,1416.0,0.29895720581054686,False,PUT,2026-02-20,MS
MS260220P00182500,182.5,6.04,5.25,6.0,6.0,91.0,0.31018756225585936,True,PUT,2026-02-20,MS
MS260220P00185000,185.0,7.05,6.45,7.5,26.0,1004.0,0.3145820495605468,True,PUT,2026-02-20,MS
MS260220P00187500,187.5,9.5,8.35,9.75,20.0,20.0,0.3530338134765625,True,PUT,2026-02-20,MS
MS260220P00190000,190.0,11.16,10.35,11.95,1.0,744.0,0.3833069482421875,True,PUT,2026-02-20,MS
MS260220P00195000,195.0,14.6,14.75,16.5,4.0,77.0,0.4405573522949219,True,PUT,2026-02-20,MS
MS260220P00200000,200.0,19.18,18.9,21.0,10.0,9.0,0.48169463623046876,True,PUT,2026-02-20,MS
MS260220P00210000,210.0,26.01,29.15,31.6,16.0,31.0,0.5620160986328125,True,PUT,2026-02-20,MS
MS260227C00140000,140.0,42.95,40.1,42.75,,1.0,0.6257361645507813,True,CALL,2026-02-27,MS
MS260227C00165000,165.0,17.87,15.5,17.25,3.0,5.0,0.23926541992187497,True,CALL,2026-02-27,MS
MS260227C00170000,170.0,14.2,12.3,13.0,9.0,17.0,0.24951922363281248,True,CALL,2026-02-27,MS
MS260227C00175000,175.0,8.7,8.5,9.0,2.0,19.0,0.2371902453613281,True,CALL,2026-02-27,MS
MS260227C00180000,180.0,5.65,5.65,5.9,10.0,110.0,0.23841093627929685,True,CALL,2026-02-27,MS
MS260227C00185000,185.0,3.24,3.25,3.45,20.0,61.0,0.23230748168945312,False,CALL,2026-02-27,MS
MS260227C00190000,190.0,1.68,1.64,1.84,28.0,666.0,0.2293167889404297,False,CALL,2026-02-27,MS
MS260227C00195000,195.0,0.85,0.73,0.95,38.0,51.0,0.23242955078125,False,CALL,2026-02-27,MS
MS260227C00200000,200.0,0.38,0.32,0.54,2.0,17.0,0.24488059814453128,False,CALL,2026-02-27,MS
MS260227C00205000,205.0,0.33,0.01,0.64,1.0,27.0,0.30298548583984375,False,CALL,2026-02-27,MS
MS260227C00210000,210.0,0.25,0.01,0.5,4.0,20.0,0.3278875805664062,False,CALL,2026-02-27,MS
MS260227C00215000,215.0,0.25,0.0,1.0,,1.0,0.432622861328125,False,CALL,2026-02-27,MS
MS260227C00220000,220.0,0.37,0.0,0.81,3.0,3.0,0.4519097778320313,False,CALL,2026-02-27,MS
MS260227C00225000,225.0,0.34,0.0,0.89,,10.0,0.5019581054687501,False,CALL,2026-02-27,MS
MS260227P00130000,130.0,0.26,0.0,2.23,,1.0,0.7993184130859375,False,PUT,2026-02-27,MS
MS260227P00140000,140.0,0.8,0.01,0.6,,1.0,0.5688519677734375,False,PUT,2026-02-27,MS
MS260227P00145000,145.0,0.26,0.01,0.33,4.0,4.0,0.44873598144531246,False,PUT,2026-02-27,MS
MS260227P00150000,150.0,0.33,0.01,0.61,8.0,12.0,0.4458063232421875,False,PUT,2026-02-27,MS
MS260227P00155000,155.0,0.49,0.44,0.57,15.0,21.0,0.3786683227539062,False,PUT,2026-02-27,MS
MS260227P00160000,160.0,0.68,0.62,0.8,5.0,101.0,0.3474186352539062,False,PUT,2026-02-27,MS
MS260227P00165000,165.0,1.21,0.99,1.31,3.0,17.0,0.331061376953125,False,PUT,2026-02-27,MS
MS260227P00170000,170.0,1.79,1.62,1.82,7.0,71.0,0.2962716857910156,False,PUT,2026-02-27,MS
MS260227P00175000,175.0,3.19,2.79,3.05,5.0,160.0,0.2863230548095703,False,PUT,2026-02-27,MS
MS260227P00180000,180.0,4.95,4.55,4.8,96.0,186.0,0.2739330419921875,False,PUT,2026-02-27,MS
MS260227P00185000,185.0,6.55,7.1,7.5,10.0,222.0,0.27545890563964837,True,PUT,2026-02-27,MS
MS260227P00190000,190.0,9.7,10.8,12.6,10.0,7.0,0.36926900268554685,True,PUT,2026-02-27,MS
MS260227P00200000,200.0,11.85,19.5,21.5,,1.0,0.4523980541992188,True,PUT,2026-02-27,MS
MS260227P00205000,205.0,25.74,23.95,26.75,1.0,1.0,0.5295457202148439,True,PUT,2026-02-27,MS
MS260306C00180000,180.0,5.9,6.0,6.5,20.0,9.0,0.2410354217529297,True,CALL,2026-03-06,MS
MS260306C00185000,185.0,3.8,3.65,4.25,41.0,10.0,0.24451439086914065,False,CALL,2026-03-06,MS
MS260306C00190000,190.0,2.25,2.02,2.59,1.0,9.0,0.24488059814453128,False,CALL,2026-03-06,MS
MS260306P00155000,155.0,0.74,0.66,0.8,2.0,3.0,0.370123486328125,False,PUT,2026-03-06,MS
MS260306P00180000,180.0,5.6,5.15,5.6,40.0,33.0,0.2818064984130859,False,PUT,2026-03-06,MS
MS260306P00190000,190.0,13.24,10.9,12.55,2.0,2.0,0.33020689331054687,True,PUT,2026-03-06,MS
MS260320C00130000,130.0,51.1,49.35,51.9,3.0,310.0,0.38281867187499996,True,CALL,2026-03-20,MS
MS260320C00135000,135.0,45.55,44.5,46.95,6.0,958.0,0.370123486328125,True,CALL,2026-03-20,MS
MS260320C00140000,140.0,42.75,40.45,42.1,2.0,485.0,0.37500625,True,CALL,2026-03-20,MS
MS260320C00145000,145.0,36.87,35.65,37.25,29.0,315.0,0.3606020971679687,True,CALL,2026-03-20,MS
MS260320C00150000,150.0,31.47,30.6,32.2,8.0,631.0,0.30762411132812495,True,CALL,2026-03-20,MS
MS260320C00155000,155.0,28.15,26.2,27.8,15.0,1430.0,0.3315496533203125,True,CALL,2026-03-20,MS
MS260320C00160000,160.0,22.24,21.35,22.95,19.0,1784.0,0.29321995849609367,True,CALL,2026-03-20,MS
MS260320C00165000,165.0,18.55,17.1,18.55,19.0,959.0,0.2795482202148437,True,CALL,2026-03-20,MS
MS260320C00170000,170.0,14.77,13.15,14.6,1.0,659.0,0.2742992492675781,True,CALL,2026-03-20,MS
MS260320C00175000,175.0,11.57,10.25,11.2,3.0,877.0,0.2738109729003906,True,CALL,2026-03-20,MS
MS260320C00180000,180.0,7.4,7.7,7.9,126.0,1854.0,0.25757578369140627,True,CALL,2026-03-20,MS
MS260320C00185000,185.0,5.0,5.15,5.35,8.0,1123.0,0.2493971545410156,False,CALL,2026-03-20,MS
MS260320C00190000,190.0,3.3,3.25,3.45,24.0,4733.0,0.24414818359375,False,CALL,2026-03-20,MS
MS260320C00195000,195.0,1.95,1.96,2.13,24.0,1829.0,0.241218525390625,False,CALL,2026-03-20,MS
MS260320C00200000,200.0,1.2,1.14,1.35,240.0,2400.0,0.2452468054199219,False,CALL,2026-03-20,MS
MS260320C00210000,210.0,0.44,0.4,0.47,21.0,711.0,0.24805439453125,False,CALL,2026-03-20,MS
MS260320C00220000,220.0,0.2,0.11,0.25,10.0,224.0,0.2739330419921875,False,CALL,2026-03-20,MS
MS260320C00230000,230.0,0.23,0.0,0.27,100.0,200.0,0.32910827148437494,False,CALL,2026-03-20,MS
MS260320P00130000,130.0,0.29,0.11,0.41,1.0,1161.0,0.499028447265625,False,PUT,2026-03-20,MS
MS260320P00135000,135.0,0.41,0.17,0.48,22.0,1277.0,0.46484910156250003,False,PUT,2026-03-20,MS
MS260320P00140000,140.0,0.49,0.24,0.57,15.0,2065.0,0.4318904467773438,False,PUT,2026-03-20,MS
MS260320P00145000,145.0,0.62,0.55,0.66,8.0,2135.0,0.39624627197265627,False,PUT,2026-03-20,MS
MS260320P00150000,150.0,0.8,0.76,0.96,1.0,1977.0,0.3812317736816406,False,PUT,2026-03-20,MS
MS260320P00155000,155.0,1.12,1.04,1.35,7.0,1266.0,0.36389796264648444,False,PUT,2026-03-20,MS
MS260320P00160000,160.0,1.56,1.43,1.8,6.0,901.0,0.3411931115722656,False,PUT,2026-03-20,MS
MS260320P00165000,165.0,2.2,2.12,2.23,22.0,1053.0,0.3087227331542969,False,PUT,2026-03-20,MS
MS260320P00170000,170.0,3.3,3.0,3.2,29.0,1397.0,0.29431858032226554,False,PUT,2026-03-20,MS
MS260320P00175000,175.0,4.72,4.35,4.55,8.0,1300.0,0.2810740838623046,False,PUT,2026-03-20,MS
MS260320P00180000,180.0,6.45,6.25,6.5,42.0,1051.0,0.27362786926269533,False,PUT,2026-03-20,MS
MS260320P00185000,185.0,9.3,8.65,8.95,61.0,489.0,0.26538820556640624,True,PUT,2026-03-20,MS
MS260320P00190000,190.0,12.77,11.95,13.55,11.0,447.0,0.32031929687499994,True,PUT,2026-03-20,MS
MS260320P00195000,195.0,15.25,15.65,17.5,3.0,38.0,0.33838552246093745,True,PUT,2026-03-20,MS
MS260320P00200000,200.0,20.0,19.85,21.9,1.0,220.0,0.36524072265625,True,PUT,2026-03-20,MS
MS260320P00210000,210.0,31.89,28.8,30.85,2.0,27.0,0.40418076293945315,True,PUT,2026-03-20,MS
MS260320P00230000,230.0,42.27,48.75,51.7,,1.0,0.5112353564453125,True,PUT,2026-03-20,MS
MS260417C00130000,130.0,52.46,50.65,52.5,45.0,47.0,0.44067942138671873,True,CALL,2026-04-17,MS
MS260417C00135000,135.0,47.03,46.2,47.8,86.0,17.0,0.4331111376953125,True,CALL,2026-04-17,MS
MS260417C00140000,140.0,40.65,41.45,43.0,13.0,110.0,0.40845318115234375,True,CALL,2026-04-17,MS
MS260417C00145000,145.0,42.2,36.5,38.35,2.0,24.0,0.3918517846679687,True,CALL,2026-04-17,MS
MS260417C00150000,150.0,32.47,32.45,33.8,8.0,32.0,0.3754945263671875,True,CALL,2026-04-17,MS
MS260417C00155000,155.0,31.79,27.75,29.45,1.0,146.0,0.3633486517333985,True,CALL,2026-04-17,MS
MS260417C00160000,160.0,24.08,23.7,25.05,1.0,272.0,0.3413151806640625,True,CALL,2026-04-17,MS
MS260417C00165000,165.0,20.8,19.35,21.2,24.0,204.0,0.3347234497070312,True,CALL,2026-04-17,MS
MS260417C00170000,170.0,16.5,16.25,17.0,5.0,821.0,0.30634238586425777,True,CALL,2026-04-17,MS
MS260417C00175000,175.0,13.04,13.35,13.6,6.0,360.0,0.29645478942871095,True,CALL,2026-04-17,MS
MS260417C00180000,180.0,10.45,10.25,10.55,19.0,715.0,0.2863230548095703,True,CALL,2026-04-17,MS
MS260417C00185000,185.0,7.8,7.7,7.95,72.0,940.0,0.277778218383789,False,CALL,2026-04-17,MS
MS260417C00190000,190.0,5.5,5.55,5.7,12.0,2579.0,0.2672192419433594,False,CALL,2026-04-17,MS
MS260417C00195000,195.0,4.0,3.95,4.1,1103.0,908.0,0.26416751464843746,False,CALL,2026-04-17,MS
MS260417C00200000,200.0,2.6,2.7,2.86,33.0,1112.0,0.26105475280761714,False,CALL,2026-04-17,MS
MS260417C00210000,210.0,1.25,1.17,1.5,39.0,2103.0,0.26819579467773436,False,CALL,2026-04-17,MS
MS260417C00220000,220.0,0.63,0.53,0.65,15.0,207.0,0.2650219982910156,False,CALL,2026-04-17,MS
MS260417C00230000,230.0,0.36,0.27,0.36,4.0,20.0,0.2778392529296875,False,CALL,2026-04-17,MS
MS260417P00130000,130.0,0.62,0.42,0.65,10.0,290.0,0.4379939013671875,False,PUT,2026-04-17,MS
MS260417P00135000,135.0,0.63,0.7,0.83,5.0,541.0,0.4182187084960937,False,PUT,2026-04-17,MS
MS260417P00140000,140.0,0.97,0.92,1.07,20.0,474.0,0.3996642065429688,False,PUT,2026-04-17,MS
MS260417P00145000,145.0,1.31,1.2,1.38,4.0,1140.0,0.3815979809570312,False,PUT,2026-04-17,MS
MS260417P00150000,150.0,1.73,1.43,1.92,5.0,275.0,0.37256486816406253,False,PUT,2026-04-17,MS
MS260417P00155000,155.0,2.22,2.0,2.41,5.0,365.0,0.3526676062011719,False,PUT,2026-04-17,MS
MS260417P00160000,160.0,2.93,2.74,2.92,14.0,311.0,0.32807068420410157,False,PUT,2026-04-17,MS
MS260417P00165000,165.0,3.85,3.65,3.85,2.0,2642.0,0.31482618774414056,False,PUT,2026-04-17,MS
MS260417P00170000,170.0,5.15,4.85,5.05,9.0,1211.0,0.30225307128906254,False,PUT,2026-04-17,MS
MS260417P00175000,175.0,6.75,6.35,6.6,22.0,1517.0,0.29114478393554677,False,PUT,2026-04-17,MS
MS260417P00180000,180.0,8.9,8.35,8.55,18.0,572.0,0.28125718749999995,False,PUT,2026-04-17,MS
MS260417P00185000,185.0,11.25,10.7,10.95,25.0,367.0,0.2727733856201171,True,PUT,2026-04-17,MS
MS260417P00190000,190.0,14.1,13.6,15.35,10.0,156.0,0.31262894409179687,True,PUT,2026-04-17,MS
MS260417P00195000,195.0,15.3,16.5,18.7,15.0,174.0,0.3112861840820312,True,PUT,2026-04-17,MS
MS260417P00210000,210.0,21.4,29.45,31.8,2.0,11.0,0.36414210083007814,True,PUT,2026-04-17,MS
MS260417P00220000,220.0,38.71,39.2,41.65,1.0,1.0,0.4234676794433594,True,PUT,2026-04-17,MS
MS260417P00230000,230.0,39.2,48.55,51.65,,1.0,0.48254911987304694,True,PUT,2026-04-17,MS
MS260515C00130000,130.0,46.0,52.0,52.85,1.0,52.0,0.4145566357421875,True,CALL,2026-05-15,MS
MS260515C00135000,135.0,48.2,47.25,48.15,45.0,126.0,0.4007628283691406,True,CALL,2026-05-15,MS
MS260515C00140000,140.0,43.75,42.6,43.5,17.0,306.0,0.38550419189453117,True,CALL,2026-05-15,MS
MS260515C00145000,145.0,40.67,37.35,38.95,2.0,29.0,0.3712221081542969,True,CALL,2026-05-15,MS
MS260515C00150000,150.0,35.4,32.9,34.8,2.0,109.0,0.37036762451171873,True,CALL,2026-05-15,MS
MS260515C00155000,155.0,32.59,28.55,30.2,6.0,137.0,0.3433293206787109,True,CALL,2026-05-15,MS
MS260515C00160000,160.0,25.39,24.5,26.3,1.0,187.0,0.33838552246093745,True,CALL,2026-05-15,MS
MS260515C00165000,165.0,22.35,20.85,22.3,130.0,169.0,0.32263860961914054,True,CALL,2026-05-15,MS
MS260515C00170000,170.0,17.84,17.65,18.25,434.0,179.0,0.2996285858154296,True,CALL,2026-05-15,MS
MS260515C00175000,175.0,14.24,14.7,14.95,18.0,280.0,0.2910837493896483,True,CALL,2026-05-15,MS
MS260515C00180000,180.0,11.2,11.7,12.1,12.0,238.0,0.28586529571533204,True,CALL,2026-05-15,MS
MS260515C00185000,185.0,9.25,9.15,9.4,26.0,543.0,0.2756420092773437,False,CALL,2026-05-15,MS
MS260515C00190000,190.0,7.4,7.0,7.2,15.0,440.0,0.2691113128662109,False,CALL,2026-05-15,MS
MS260515C00195000,195.0,5.25,5.15,5.4,10.0,439.0,0.26380130737304686,False,CALL,2026-05-15,MS
MS260515C00200000,200.0,3.9,3.85,4.0,15.0,741.0,0.26044440734863283,False,CALL,2026-05-15,MS
MS260515C00210000,210.0,1.97,1.89,2.14,4.0,177.0,0.2580030255126954,False,CALL,2026-05-15,MS
MS260515C00220000,220.0,1.07,1.05,1.29,2.0,212.0,0.26843993286132806,False,CALL,2026-05-15,MS
MS260515C00230000,230.0,0.49,0.54,0.62,3.0,24.0,0.2647778601074219,False,CALL,2026-05-15,MS
MS260515P00130000,130.0,1.19,0.71,1.11,30.0,109.0,0.422857333984375,False,PUT,2026-05-15,MS
MS260515P00135000,135.0,1.28,1.17,1.46,5.0,494.0,0.4112607702636719,False,PUT,2026-05-15,MS
MS260515P00140000,140.0,1.8,1.12,1.65,106.0,355.0,0.3842835009765625,False,PUT,2026-05-15,MS
MS260515P00145000,145.0,1.92,1.85,1.92,2.0,316.0,0.36023588989257804,False,PUT,2026-05-15,MS
MS260515P00150000,150.0,2.53,2.24,2.8,8.0,584.0,0.3627993408203125,False,PUT,2026-05-15,MS
MS260515P00155000,155.0,3.22,2.98,3.1,20.0,186.0,0.33246517150878907,False,PUT,2026-05-15,MS
MS260515P00160000,160.0,4.08,3.85,4.0,28.0,305.0,0.3219061950683593,False,PUT,2026-05-15,MS
MS260515P00165000,165.0,5.3,4.95,5.15,3.0,435.0,0.3126899786376953,False,PUT,2026-05-15,MS
MS260515P00170000,170.0,6.55,6.3,6.5,6.0,425.0,0.3020089331054688,False,PUT,2026-05-15,MS
MS260515P00175000,175.0,7.9,7.95,8.15,47.0,474.0,0.29193823303222644,False,PUT,2026-05-15,MS
MS260515P00180000,180.0,10.45,10.1,10.3,65.0,502.0,0.2866892620849609,False,PUT,2026-05-15,MS
MS260515P00185000,185.0,13.45,12.4,12.65,12.0,123.0,0.277778218383789,True,PUT,2026-05-15,MS
MS260515P00190000,190.0,13.88,15.25,15.5,2.0,55.0,0.27259028198242186,True,PUT,2026-05-15,MS
MS260515P00195000,195.0,16.85,18.25,19.0,15.0,21.0,0.2757640783691406,True,PUT,2026-05-15,MS
MS260515P00200000,200.0,19.4,21.6,23.45,,1.0,0.2985909985351562,True,PUT,2026-05-15,MS
MS260515P00210000,210.0,22.05,30.0,31.65,,2.0,0.3078072149658203,True,PUT,2026-05-15,MS
MS260618C00130000,130.0,52.5,51.05,53.45,3.0,974.0,0.40405869384765625,True,CALL,2026-06-18,MS
MS260618C00135000,135.0,48.35,46.3,48.95,30.0,1455.0,0.39649041015625003,True,CALL,2026-06-18,MS
MS260618C00140000,140.0,44.6,42.55,44.25,4.0,1755.0,0.3742738354492187,True,CALL,2026-06-18,MS
MS260618C00145000,145.0,39.15,37.4,39.85,52.0,483.0,0.36286037536621096,True,CALL,2026-06-18,MS
MS260618C00150000,150.0,35.02,33.2,35.8,15.0,899.0,0.3596865789794922,True,CALL,2026-06-18,MS
MS260618C00155000,155.0,31.17,28.95,31.55,5.0,553.0,0.34393966613769533,True,CALL,2026-06-18,MS
MS260618C00160000,160.0,27.07,25.25,27.65,14.0,2543.0,0.33447931152343746,True,CALL,2026-06-18,MS
MS260618C00165000,165.0,22.65,21.55,24.0,159.0,420.0,0.3264837860107421,True,CALL,2026-06-18,MS
MS260618C00170000,170.0,19.95,19.25,20.1,6.0,2743.0,0.3068306622314453,True,CALL,2026-06-18,MS
MS260618C00175000,175.0,16.6,16.05,16.6,4.0,1612.0,0.29193823303222644,True,CALL,2026-06-18,MS
MS260618C00180000,180.0,15.27,12.95,13.65,1.0,1976.0,0.28375960388183585,True,CALL,2026-06-18,MS
MS260618C00185000,185.0,10.65,10.4,11.1,5.0,1012.0,0.2778392529296875,False,CALL,2026-06-18,MS
MS260618C00190000,190.0,8.4,8.3,8.9,8.0,1548.0,0.272895454711914,False,CALL,2026-06-18,MS
MS260618C00195000,195.0,8.0,6.6,7.0,5.0,977.0,0.2678906219482422,False,CALL,2026-06-18,MS
MS260618C00200000,200.0,5.3,5.25,5.45,17.0,1769.0,0.26428958374023437,False,CALL,2026-06-18,MS
MS260618C00210000,210.0,3.1,2.96,3.25,14.0,1024.0,0.26105475280761714,False,CALL,2026-06-18,MS
MS260618C00220000,220.0,2.02,1.58,2.0,8.0,442.0,0.2644726873779296,False,CALL,2026-06-18,MS
MS260618C00230000,230.0,1.16,0.97,1.1,4.0,180.0,0.2616040637207031,False,CALL,2026-06-18,MS
MS260618P00130000,130.0,1.43,1.16,1.67,8.0,2312.0,0.40735455932617193,False,PUT,2026-06-18,MS
MS260618P00135000,135.0,1.75,1.66,1.8,4.0,2547.0,0.37879039184570307,False,PUT,2026-06-18,MS
MS260618P00140000,140.0,2.4,2.02,2.21,404.0,858.0,0.36414210083007814,False,PUT,2026-06-18,MS
MS260618P00145000,145.0,2.59,2.4,2.72,193.0,1536.0,0.35034829345703117,False,PUT,2026-06-18,MS
MS260618P00150000,150.0,3.36,3.15,3.45,11.0,1003.0,0.3409489733886719,False,PUT,2026-06-18,MS
MS260618P00155000,155.0,4.2,3.9,4.4,20.0,1462.0,0.33374689697265625,False,PUT,2026-06-18,MS
MS260618P00160000,160.0,5.1,4.9,5.2,16.0,1923.0,0.3165961895751953,False,PUT,2026-06-18,MS
MS260618P00165000,165.0,6.5,6.05,6.5,3.0,1374.0,0.3089058367919921,False,PUT,2026-06-18,MS
MS260618P00170000,170.0,7.05,7.5,7.95,2.0,526.0,0.29904875762939453,False,PUT,2026-06-18,MS
MS260618P00175000,175.0,9.8,9.3,9.65,34.0,448.0,0.2892527130126953,False,PUT,2026-06-18,MS
MS260618P00180000,180.0,11.45,11.4,11.95,4.0,712.0,0.2867502966308593,False,PUT,2026-06-18,MS
MS260618P00185000,185.0,14.4,13.8,14.65,3.0,192.0,0.2863840893554687,True,PUT,2026-06-18,MS
MS260618P00190000,190.0,18.0,16.4,17.4,1.0,149.0,0.28043322113037106,True,PUT,2026-06-18,MS
MS260618P00195000,195.0,19.51,19.65,20.45,2.0,28.0,0.2745433874511719,True,PUT,2026-06-18,MS
MS260618P00200000,200.0,17.95,22.75,24.3,3.0,47.0,0.2813182220458984,True,PUT,2026-06-18,MS
MS260618P00220000,220.0,40.8,39.9,42.1,8.0,1.0,0.33130551513671874,True,PUT,2026-06-18,MS
MS260717C00130000,130.0,55.9,52.35,54.35,2.0,80.0,0.41565525756835936,True,CALL,2026-07-17,MS
MS260717C00140000,140.0,43.51,42.75,45.3,5.0,9.0,0.38349005187988283,True,CALL,2026-07-17,MS
MS260717C00145000,145.0,48.86,39.1,40.95,2.0,273.0,0.3696962445068359,True,CALL,2026-07-17,MS
MS260717C00150000,150.0,35.65,34.55,36.9,12.0,12.0,0.36200589172363284,True,CALL,2026-07-17,MS
MS260717C00155000,155.0,33.4,30.95,32.85,5.0,24.0,0.34992105163574216,True,CALL,2026-07-17,MS
MS260717C00160000,160.0,31.9,26.75,29.1,17.0,30.0,0.34180345703125,True,CALL,2026-07-17,MS
MS260717C00165000,165.0,25.47,23.5,25.6,2.0,27.0,0.3350896569824219,True,CALL,2026-07-17,MS
MS260717C00170000,170.0,22.58,19.95,22.5,1.0,36.0,0.3325262060546875,True,CALL,2026-07-17,MS
MS260717C00175000,175.0,19.5,16.95,18.35,23.0,74.0,0.3028023822021484,True,CALL,2026-07-17,MS
MS260717C00180000,180.0,14.9,14.25,15.45,5.0,184.0,0.2951730639648437,True,CALL,2026-07-17,MS
MS260717C00185000,185.0,12.35,12.1,13.15,27.0,227.0,0.29444064941406245,False,CALL,2026-07-17,MS
MS260717C00190000,190.0,10.5,10.4,10.55,12.0,187.0,0.282233740234375,False,CALL,2026-07-17,MS
MS260717C00195000,195.0,8.6,8.0,8.55,13.0,137.0,0.27674063110351554,False,CALL,2026-07-17,MS
MS260717C00200000,200.0,6.6,6.65,6.9,67.0,290.0,0.2732006274414062,False,CALL,2026-07-17,MS
MS260717C00210000,210.0,4.4,4.05,4.4,3.0,75.0,0.26843993286132806,False,CALL,2026-07-17,MS
MS260717C00220000,220.0,2.6,2.29,2.75,1.0,2106.0,0.2662426892089844,False,CALL,2026-07-17,MS
MS260717C00230000,230.0,1.85,1.34,1.76,1.0,91.0,0.2682568292236328,False,CALL,2026-07-17,MS
MS260717P00130000,130.0,2.02,1.74,1.9,4.0,3.0,0.3839172937011719,False,PUT,2026-07-17,MS
MS260717P00135000,135.0,2.17,1.94,2.35,3.0,4.0,0.3722596954345704,False,PUT,2026-07-17,MS
MS260717P00140000,140.0,2.51,2.59,2.99,3.0,16.0,0.364813480834961,False,PUT,2026-07-17,MS
MS260717P00145000,145.0,3.04,2.71,3.6,1.0,24.0,0.3517520880126953,False,PUT,2026-07-17,MS
MS260717P00150000,150.0,3.6,3.95,4.3,9.0,110.0,0.3382634533691406,False,PUT,2026-07-17,MS
MS260717P00155000,155.0,5.0,4.85,5.2,3.0,308.0,0.327155166015625,False,PUT,2026-07-17,MS
MS260717P00160000,160.0,6.15,5.95,6.3,4.0,34.0,0.3172065350341796,False,PUT,2026-07-17,MS
MS260717P00165000,165.0,7.5,7.25,7.5,2.0,270.0,0.3053047985839844,False,PUT,2026-07-17,MS
MS260717P00170000,170.0,9.05,8.75,9.15,11.0,273.0,0.2991097921752929,False,PUT,2026-07-17,MS
MS260717P00175000,175.0,11.25,10.55,11.0,4.0,468.0,0.29193823303222644,False,PUT,2026-07-17,MS
MS260717P00180000,180.0,13.2,12.7,13.35,4.0,147.0,0.289771506652832,False,PUT,2026-07-17,MS
MS260717P00185000,185.0,15.3,14.95,15.5,9.0,86.0,0.2779918392944336,True,PUT,2026-07-17,MS
MS260717P00190000,190.0,18.6,17.35,19.1,15.0,58.0,0.2901071966552734,True,PUT,2026-07-17,MS
MS260717P00195000,195.0,18.4,20.8,21.4,3.0,23.0,0.2701489001464844,True,PUT,2026-07-17,MS
MS260717P00200000,200.0,18.28,23.85,25.9,4.0,10.0,0.29148047393798815,True,PUT,2026-07-17,MS
MS260717P00210000,210.0,24.55,31.25,33.65,,2.0,0.29566134033203123,True,PUT,2026-07-17,MS
MS260717P00230000,230.0,40.65,49.35,50.95,,0.0,0.30634238586425777,True,PUT,2026-07-17,MS
MS260918C00130000,130.0,52.7,53.2,55.4,2.0,154.0,0.39551385742187506,True,CALL,2026-09-18,MS
MS260918C00135000,135.0,50.2,48.2,50.65,40.0,70.0,0.3712221081542969,True,CALL,2026-09-18,MS
MS260918C00140000,140.0,45.84,43.9,46.4,30.0,132.0,0.36179227081298826,True,CALL,2026-09-18,MS
MS260918C00145000,145.0,43.5,40.4,42.05,2.0,528.0,0.34668622070312494,True,CALL,2026-09-18,MS
MS260918C00150000,150.0,35.8,35.75,38.5,10.0,123.0,0.3492801889038085,True,CALL,2026-09-18,MS
MS260918C00155000,155.0,36.45,32.15,34.6,2.0,368.0,0.3390263851928711,True,CALL,2026-09-18,MS
MS260918C00160000,160.0,29.36,28.65,30.95,161.0,1106.0,0.331061376953125,True,CALL,2026-09-18,MS
MS260918C00165000,165.0,27.05,26.05,27.05,4.0,570.0,0.31488722229003896,True,CALL,2026-09-18,MS
MS260918C00170000,170.0,23.0,22.35,23.7,10.0,352.0,0.3064644549560547,True,CALL,2026-09-18,MS
MS260918C00175000,175.0,20.05,19.85,20.65,2.0,400.0,0.2999337585449219,True,CALL,2026-09-18,MS
MS260918C00180000,180.0,17.25,16.9,17.85,2.0,511.0,0.2940134075927734,True,CALL,2026-09-18,MS
MS260918C00185000,185.0,15.45,14.85,15.35,15.0,187.0,0.28943581665039053,False,CALL,2026-09-18,MS
MS260918C00190000,190.0,13.0,12.05,13.1,8.0,400.0,0.28531598480224607,False,CALL,2026-09-18,MS
MS260918C00195000,195.0,10.95,10.65,11.25,8.0,287.0,0.28424788024902337,False,CALL,2026-09-18,MS
MS260918C00200000,200.0,8.95,8.9,9.25,403.0,993.0,0.2767101138305663,False,CALL,2026-09-18,MS
MS260918C00210000,210.0,6.3,5.7,6.4,14.0,275.0,0.27118648742675777,False,CALL,2026-09-18,MS
MS260918C00220000,220.0,4.39,3.85,4.25,4.0,180.0,0.26523561920166017,False,CALL,2026-09-18,MS
MS260918C00230000,230.0,2.93,2.37,2.88,8.0,141.0,0.2643506182861328,False,CALL,2026-09-18,MS
MS260918P00130000,130.0,2.62,2.55,2.73,2.0,1431.0,0.36377589355468753,False,PUT,2026-09-18,MS
MS260918P00135000,135.0,2.94,3.1,3.25,1.0,277.0,0.3518131225585937,False,PUT,2026-09-18,MS
MS260918P00140000,140.0,3.7,3.7,4.0,20.0,362.0,0.3446110461425781,False,PUT,2026-09-18,MS
MS260918P00145000,145.0,4.45,4.5,4.8,11.0,204.0,0.3352727606201171,False,PUT,2026-09-18,MS
MS260918P00150000,150.0,5.45,5.4,5.55,20.0,567.0,0.32166205688476557,False,PUT,2026-09-18,MS
MS260918P00155000,155.0,6.36,6.4,6.65,79.0,807.0,0.31372756591796874,False,PUT,2026-09-18,MS
MS260918P00160000,160.0,7.65,7.65,7.9,167.0,182.0,0.3055489367675781,False,PUT,2026-09-18,MS
MS260918P00165000,165.0,9.15,9.05,9.55,340.0,307.0,0.3018563467407227,False,PUT,2026-09-18,MS
MS260918P00170000,170.0,11.03,10.85,11.7,5.0,769.0,0.30344324493408203,False,PUT,2026-09-18,MS
MS260918P00175000,175.0,12.61,12.65,13.2,2.0,70.0,0.288947540283203,False,PUT,2026-09-18,MS
MS260918P00180000,180.0,14.7,14.75,16.0,1.0,330.0,0.29383030395507803,False,PUT,2026-09-18,MS
MS260918P00185000,185.0,17.15,17.15,18.65,2.0,144.0,0.29184668121337876,True,PUT,2026-09-18,MS
MS260918P00190000,190.0,19.86,18.85,20.75,2.0,43.0,0.2764659756469726,True,PUT,2026-09-18,MS
MS260918P00195000,195.0,22.8,22.8,24.35,13.0,7.0,0.28321029296874994,True,PUT,2026-09-18,MS
MS260918P00200000,200.0,26.2,26.05,28.0,2.0,3.0,0.2873911593627929,True,PUT,2026-09-18,MS
MS260918P00210000,210.0,29.01,32.7,35.05,,3.0,0.2810130493164062,True,PUT,2026-09-18,MS
MS261218C00130000,130.0,58.9,53.55,57.0,3.0,143.0,0.3814453945922851,True,CALL,2026-12-18,MS
MS261218C00135000,135.0,53.5,49.5,52.9,1.0,60.0,0.37390762817382805,True,CALL,2026-12-18,MS
MS261218C00140000,140.0,47.5,45.2,49.0,2.0,1691.0,0.36844503631591796,True,CALL,2026-12-18,MS
MS261218C00145000,145.0,42.32,41.95,44.4,7.0,172.0,0.34564863342285157,True,CALL,2026-12-18,MS
MS261218C00150000,150.0,39.95,39.45,40.5,3.0,2478.0,0.3363103479003906,True,CALL,2026-12-18,MS
MS261218C00155000,155.0,34.79,34.55,37.6,3.0,118.0,0.3430546652221679,True,CALL,2026-12-18,MS
MS261218C00160000,160.0,33.89,31.35,33.3,3.0,1295.0,0.321723091430664,True,CALL,2026-12-18,MS
MS261218C00165000,165.0,30.97,28.1,30.6,36.0,151.0,0.32553775054931633,True,CALL,2026-12-18,MS
MS261218C00170000,170.0,26.97,25.95,26.85,2.0,153.0,0.30951618225097655,True,CALL,2026-12-18,MS
MS261218C00175000,175.0,24.45,23.25,24.6,39.0,268.0,0.31436842864990233,True,CALL,2026-12-18,MS
MS261218C00180000,180.0,21.25,19.85,21.5,9.0,572.0,0.3034737622070312,True,CALL,2026-12-18,MS
MS261218C00185000,185.0,18.75,17.2,18.95,1.0,169.0,0.2981942739868163,False,CALL,2026-12-18,MS
MS261218C00190000,190.0,16.35,15.25,16.5,1.0,95.0,0.29172461212158196,False,CALL,2026-12-18,MS
MS261218C00195000,195.0,13.9,13.65,14.5,2.0,116.0,0.2891611611938476,False,CALL,2026-12-18,MS
MS261218C00200000,200.0,12.35,11.35,12.6,2.0,1397.0,0.28543805389404286,False,CALL,2026-12-18,MS
MS261218C00210000,210.0,10.0,8.5,9.4,10.0,241.0,0.2792735647583008,False,CALL,2026-12-18,MS
MS261218C00220000,220.0,6.8,6.25,6.95,3.0,76.0,0.27518425018310544,False,CALL,2026-12-18,MS
MS261218C00230000,230.0,5.8,4.45,5.55,5.0,15.0,0.2813182220458984,False,CALL,2026-12-18,MS
MS261218P00130000,130.0,4.1,3.8,4.35,1.0,252.0,0.3587710607910156,False,PUT,2026-12-18,MS
MS261218P00135000,135.0,3.9,4.55,5.9,1.0,104.0,0.3699098654174804,False,PUT,2026-12-18,MS
MS261218P00140000,140.0,5.6,5.4,6.7,1.0,325.0,0.3580386462402344,False,PUT,2026-12-18,MS
MS261218P00145000,145.0,7.0,6.35,6.9,1.0,75.0,0.3315801705932617,False,PUT,2026-12-18,MS
MS261218P00150000,150.0,7.22,7.4,7.8,1.0,692.0,0.31928170959472646,False,PUT,2026-12-18,MS
MS261218P00155000,155.0,8.67,8.75,9.2,2.0,135.0,0.3144904977416991,False,PUT,2026-12-18,MS
MS261218P00160000,160.0,10.15,10.05,10.85,1.0,490.0,0.31119463226318356,False,PUT,2026-12-18,MS
MS261218P00165000,165.0,11.62,11.3,12.55,55.0,216.0,0.3057625576782227,False,PUT,2026-12-18,MS
MS261218P00170000,170.0,13.59,13.4,14.05,2.0,78.0,0.29444064941406245,False,PUT,2026-12-18,MS
MS261218P00175000,175.0,15.91,15.55,16.2,20.0,246.0,0.2906870248413085,False,PUT,2026-12-18,MS
MS261218P00180000,180.0,18.41,17.7,18.65,10.0,169.0,0.28852029846191396,False,PUT,2026-12-18,MS
MS261218P00185000,185.0,19.97,19.95,21.25,2.0,28.0,0.28565167480468745,True,PUT,2026-12-18,MS
MS261218P00190000,190.0,21.15,22.8,24.0,9.0,10.0,0.2821421884155273,True,PUT,2026-12-18,MS
MS261218P00195000,195.0,25.59,25.1,27.15,2.0,8.0,0.28171494659423824,True,PUT,2026-12-18,MS
MS261218P00200000,200.0,28.44,28.0,31.15,2.0,51.0,0.29135840484619135,True,PUT,2026-12-18,MS
MS270115C00130000,130.0,57.5,54.15,57.2,1.0,573.0,0.3711305563354492,True,CALL,2027-01-15,MS
MS270115C00135000,135.0,50.57,50.5,53.15,1.0,357.0,0.3645693426513672,True,CALL,2027-01-15,MS
MS270115C00140000,140.0,48.2,47.1,48.6,2.0,1465.0,0.34479414978027345,True,CALL,2027-01-15,MS
MS270115C00145000,145.0,45.7,42.85,44.9,1.0,722.0,0.34168138793945313,True,CALL,2027-01-15,MS
MS270115C00150000,150.0,40.13,40.3,41.3,2.0,1603.0,0.3375920733642578,True,CALL,2027-01-15,MS
MS270115C00155000,155.0,37.3,35.25,38.6,50.0,698.0,0.3464420825195312,True,CALL,2027-01-15,MS
MS270115C00160000,160.0,33.25,33.0,34.85,2.0,1238.0,0.3341436215209961,True,CALL,2027-01-15,MS
MS270115C00165000,165.0,30.9,29.2,30.95,2.0,135.0,0.31781688049316403,True,CALL,2027-01-15,MS
MS270115C00170000,170.0,26.15,26.6,28.05,20.0,411.0,0.31500929138183587,True,CALL,2027-01-15,MS
MS270115C00175000,175.0,24.35,23.35,25.4,1.0,473.0,0.3132698068237304,True,CALL,2027-01-15,MS
MS270115C00180000,180.0,22.1,21.15,22.8,3.0,754.0,0.3096992858886719,True,CALL,2027-01-15,MS
MS270115C00185000,185.0,19.6,19.45,20.0,47.0,804.0,0.3008797940063477,False,CALL,2027-01-15,MS
MS270115C00190000,190.0,17.3,17.25,17.8,3.0,1251.0,0.29813323944091785,False,CALL,2027-01-15,MS
MS270115C00195000,195.0,15.35,15.25,15.65,15.0,587.0,0.293677717590332,False,CALL,2027-01-15,MS
MS270115C00200000,200.0,13.85,13.3,13.85,12.0,1698.0,0.29175512939453113,False,CALL,2027-01-15,MS
MS270115C00210000,210.0,9.89,9.7,11.25,1.0,409.0,0.29587496124267576,False,CALL,2027-01-15,MS
MS270115C00220000,220.0,7.5,7.1,7.75,2.0,2454.0,0.27732045928955074,False,CALL,2027-01-15,MS
MS270115C00230000,230.0,5.95,5.2,5.75,81.0,166.0,0.2735973519897461,False,CALL,2027-01-15,MS
MS270115P00130000,130.0,4.25,4.25,4.7,4.0,781.0,0.3537662280273437,False,PUT,2027-01-15,MS
MS270115P00135000,135.0,5.0,5.0,5.25,3.0,708.0,0.3391789715576171,False,PUT,2027-01-15,MS
MS270115P00140000,140.0,5.6,5.85,6.5,1.0,901.0,0.33908741973876955,False,PUT,2027-01-15,MS
MS270115P00145000,145.0,6.8,6.3,7.2,87.0,1868.0,0.3242865423583984,False,PUT,2027-01-15,MS
MS270115P00150000,150.0,8.15,7.95,8.3,34.0,947.0,0.315863775024414,False,PUT,2027-01-15,MS
MS270115P00155000,155.0,9.55,9.3,10.55,3.0,492.0,0.3255072332763671,False,PUT,2027-01-15,MS
MS270115P00160000,160.0,10.7,10.75,11.15,3.0,929.0,0.30356531402587883,False,PUT,2027-01-15,MS
MS270115P00165000,165.0,12.1,12.05,13.7,2.0,452.0,0.31143877044677726,False,PUT,2027-01-15,MS
MS270115P00170000,170.0,14.1,14.05,14.8,8.0,148.0,0.29383030395507803,False,PUT,2027-01-15,MS
MS270115P00175000,175.0,15.8,15.55,16.9,1.0,51.0,0.28910012664794915,False,PUT,2027-01-15,MS
MS270115P00180000,180.0,18.85,18.25,19.25,9.0,270.0,0.2853770193481445,False,PUT,2027-01-15,MS
MS270115P00185000,185.0,21.75,20.9,21.65,4.0,337.0,0.27970080657958973,True,PUT,2027-01-15,MS
MS270115P00190000,190.0,24.2,23.2,25.05,3.0,224.0,0.28543805389404286,True,PUT,2027-01-15,MS
MS270115P00195000,195.0,25.7,25.0,28.4,107.0,125.0,0.287970987548828,True,PUT,2027-01-15,MS
MS270115P00200000,200.0,30.31,28.15,31.15,10.0,40.0,0.2795482202148437,True,PUT,2027-01-15,MS
MS270115P00210000,210.0,71.7,59.5,63.35,,0.0,0.6091347680664063,True,PUT,2027-01-15,MS
MS270115P00220000,220.0,41.62,42.8,45.5,2.0,2.0,0.27069821105957037,True,PUT,2027-01-15,MS
MS271217C00130000,130.0,62.3,59.0,62.5,5.0,557.0,0.3537357107543945,True,CALL,2027-12-17,MS
MS271217C00135000,135.0,57.55,55.75,59.0,2.0,89.0,0.35074501800537106,True,CALL,2027-12-17,MS
MS271217C00140000,140.0,54.7,52.05,55.45,2.0,268.0,0.3454655297851562,True,CALL,2027-12-17,MS
MS271217C00145000,145.0,49.1,48.75,52.5,15.0,100.0,0.34668622070312494,True,CALL,2027-12-17,MS
MS271217C00150000,150.0,47.25,46.95,48.45,2.0,1128.0,0.33246517150878907,True,CALL,2027-12-17,MS
MS271217C00155000,155.0,45.35,42.65,46.0,1.0,210.0,0.3367681069946289,True,CALL,2027-12-17,MS
MS271217C00160000,160.0,41.8,40.55,42.55,2.0,200.0,0.3277349942016602,True,CALL,2027-12-17,MS
MS271217C00165000,165.0,42.5,38.35,39.95,2.0,592.0,0.3271704246520996,True,CALL,2027-12-17,MS
MS271217C00170000,170.0,44.62,33.85,37.0,10.0,49.0,0.3214331773376465,True,CALL,2027-12-17,MS
MS271217C00175000,175.0,33.25,31.5,34.15,3.0,388.0,0.3156348954772949,True,CALL,2027-12-17,MS
MS271217C00180000,180.0,31.05,28.85,32.1,2.0,96.0,0.31697765548706053,True,CALL,2027-12-17,MS
MS271217C00185000,185.0,28.8,27.9,29.0,4.0,94.0,0.30631186859130854,False,CALL,2027-12-17,MS
MS271217C00190000,190.0,26.6,25.2,26.75,4.0,39.0,0.30321436538696284,False,CALL,2027-12-17,MS
MS271217C00195000,195.0,23.55,23.8,25.05,11.0,35.0,0.3044808322143554,False,CALL,2027-12-17,MS
MS271217C00200000,200.0,22.3,20.8,22.6,10.0,52.0,0.29706513488769526,False,CALL,2027-12-17,MS
MS271217C00210000,210.0,18.6,18.2,19.15,6.0,30.0,0.2934488380432128,False,CALL,2027-12-17,MS
MS271217C00220000,220.0,15.7,14.85,16.05,6.0,450.0,0.2891611611938476,False,CALL,2027-12-17,MS
MS271217C00230000,230.0,13.3,11.35,13.5,2.0,31.0,0.28659771026611325,False,CALL,2027-12-17,MS
MS271217P00130000,130.0,9.24,8.75,9.35,10.0,106.0,0.3333196551513672,False,PUT,2027-12-17,MS
MS271217P00135000,135.0,10.77,9.6,10.55,3.0,126.0,0.3272467178344727,False,PUT,2027-12-17,MS
MS271217P00140000,140.0,11.1,11.2,11.75,1.0,794.0,0.3199073136901855,False,PUT,2027-12-17,MS
MS271217P00145000,145.0,12.59,12.55,13.1,2.0,665.0,0.31342239318847653,False,PUT,2027-12-17,MS
MS271217P00150000,150.0,14.35,13.15,14.7,1.0,301.0,0.30884480224609373,False,PUT,2027-12-17,MS
MS271217P00155000,155.0,14.9,15.7,16.4,12.0,151.0,0.3041146249389648,False,PUT,2027-12-17,MS
MS271217P00160000,160.0,18.13,17.35,17.95,7.0,562.0,0.2963022030639648,False,PUT,2027-12-17,MS
MS271217P00165000,165.0,19.25,19.1,20.85,8.0,127.0,0.3023598817443848,False,PUT,2027-12-17,MS
MS271217P00170000,170.0,21.55,21.15,22.7,1.0,80.0,0.2951730639648437,False,PUT,2027-12-17,MS
MS271217P00175000,175.0,23.58,22.25,24.25,7.0,26.0,0.283713827972412,False,PUT,2027-12-17,MS
MS271217P00180000,180.0,25.7,25.55,26.35,1.0,1007.0,0.2768932174682617,False,PUT,2027-12-17,MS
MS271217P00185000,185.0,27.85,27.1,29.15,2.0,39.0,0.2759471820068359,True,PUT,2027-12-17,MS
MS271217P00190000,190.0,26.9,29.55,32.05,2.0,104.0,0.27461968063354497,True,PUT,2027-12-17,MS
MS271217P00195000,195.0,34.15,32.95,34.65,2.0,11.0,0.2689587265014648,True,PUT,2027-12-17,MS
MS271217P00200000,200.0,34.35,35.7,37.85,11.0,9.0,0.2680432083129882,True,PUT,2027-12-17,MS
MS271217P00210000,210.0,41.75,41.0,43.5,2.0,1.0,0.25473767730712893,True,PUT,2027-12-17,MS
MS280121C00130000,130.0,62.4,60.0,63.45,2.0,63.0,0.3593203717041016,True,CALL,2028-01-21,MS
MS280121C00135000,135.0,58.8,56.5,59.85,2.0,36.0,0.3541019180297851,True,CALL,2028-01-21,MS
MS280121C00140000,140.0,55.4,53.0,56.4,3.0,53.0,0.34963113754272457,True,CALL,2028-01-21,MS
MS280121C00145000,145.0,52.25,49.65,53.2,5.0,17.0,0.3470219107055663,True,CALL,2028-01-21,MS
MS280121C00150000,150.0,49.48,46.6,50.0,3.0,1188.0,0.34299363067626953,True,CALL,2028-01-21,MS
MS280121C00155000,155.0,45.79,43.6,47.0,2.0,182.0,0.34006397247314457,True,CALL,2028-01-21,MS
MS280121C00160000,160.0,42.9,41.8,43.45,6.0,370.0,0.32971861694335935,True,CALL,2028-01-21,MS
MS280121C00165000,165.0,39.67,39.0,40.85,4.0,176.0,0.3288641333007812,True,CALL,2028-01-21,MS
MS280121C00170000,170.0,37.05,35.3,38.1,2.0,203.0,0.32511050872802727,True,CALL,2028-01-21,MS
MS280121C00175000,175.0,35.0,34.05,35.45,2.0,91.0,0.3212348150634765,True,CALL,2028-01-21,MS
MS280121C00180000,180.0,33.4,31.1,32.45,7.0,367.0,0.3127357545471191,True,CALL,2028-01-21,MS
MS280121C00185000,185.0,29.75,29.5,30.05,2.0,115.0,0.3092415267944336,False,CALL,2028-01-21,MS
MS280121C00190000,190.0,29.85,25.6,28.9,2.0,348.0,0.31697765548706053,False,CALL,2028-01-21,MS
MS280121C00195000,195.0,25.4,24.55,26.9,2.0,40.0,0.315161877746582,False,CALL,2028-01-21,MS
MS280121C00200000,200.0,23.66,22.8,24.2,21.0,1225.0,0.30544212631225587,False,CALL,2028-01-21,MS
MS280121C00210000,210.0,20.16,19.3,21.0,1.0,117.0,0.30455712539672847,False,CALL,2028-01-21,MS
MS280121C00220000,220.0,16.75,16.5,16.95,1.0,31.0,0.2912058184814452,False,CALL,2028-01-21,MS
MS280121C00230000,230.0,14.75,13.1,14.2,5.0,61.0,0.28696391754150385,False,CALL,2028-01-21,MS
MS280121P00130000,130.0,9.2,9.0,9.65,2.0,107.0,0.32981016876220703,False,PUT,2028-01-21,MS
MS280121P00135000,135.0,10.8,10.4,10.85,2.0,259.0,0.3235846450805663,False,PUT,2028-01-21,MS
MS280121P00140000,140.0,11.1,11.65,12.1,1.0,17.0,0.316840327758789,False,PUT,2028-01-21,MS
MS280121P00145000,145.0,12.57,12.95,14.6,1.0,10.0,0.3249579223632812,False,PUT,2028-01-21,MS
MS280121P00150000,150.0,14.6,14.5,15.15,1.0,423.0,0.30678488632202144,False,PUT,2028-01-21,MS
MS280121P00155000,155.0,16.22,15.7,16.95,1.0,11.0,0.30307703765869143,False,PUT,2028-01-21,MS
MS280121P00160000,160.0,18.35,17.85,18.35,2.0,379.0,0.2935251312255859,False,PUT,2028-01-21,MS
MS280121P00165000,165.0,18.6,19.45,20.3,20.0,189.0,0.2890238334655761,False,PUT,2028-01-21,MS
MS280121P00170000,170.0,21.59,21.55,23.25,8.0,271.0,0.2937234934997558,False,PUT,2028-01-21,MS
MS280121P00175000,175.0,24.35,24.0,24.45,2.0,154.0,0.2788158056640625,False,PUT,2028-01-21,MS
MS280121P00180000,180.0,26.55,26.2,26.9,1.0,131.0,0.2756420092773437,False,PUT,2028-01-21,MS
MS280121P00185000,185.0,28.8,27.4,29.05,2.0,72.0,0.26819579467773436,True,PUT,2028-01-21,MS
MS280121P00190000,190.0,31.0,30.75,32.6,1.0,167.0,0.27330743789672846,True,PUT,2028-01-21,MS
MS280121P00195000,195.0,34.02,33.2,34.4,9.0,12.0,0.2599408723449707,True,PUT,2028-01-21,MS
MS280121P00200000,200.0,36.85,35.15,38.05,9.0,63.0,0.2634656173706055,True,PUT,2028-01-21,MS
MS280121P00210000,210.0,47.1,42.05,43.1,,2.0,0.24446861495971683,True,PUT,2028-01-21,MS
MS280121P00220000,220.0,50.7,48.1,51.8,2.0,1.0,0.25760630096435544,True,PUT,2028-01-21,MS
MS281215C00130000,130.0,66.62,63.5,67.5,2.0,17.0,0.34659466888427726,True,CALL,2028-12-15,MS
MS281215C00135000,135.0,63.6,60.55,64.0,4.0,16.0,0.3407963870239258,True,CALL,2028-12-15,MS
MS281215C00140000,140.0,68.25,57.55,61.0,,58.0,0.33954517883300783,True,CALL,2028-12-15,MS
MS281215C00145000,145.0,59.9,54.5,58.0,,9.0,0.3371648315429688,True,CALL,2028-12-15,MS
MS281215C00150000,150.0,53.7,51.5,55.0,1.0,3.0,0.3338079315185547,True,CALL,2028-12-15,MS
MS281215C00155000,155.0,49.1,48.55,52.5,15.0,16.0,0.33432672515869144,True,CALL,2028-12-15,MS
MS281215C00160000,160.0,49.15,47.3,48.75,6.0,14.0,0.32221136779785153,True,CALL,2028-12-15,MS
MS281215C00165000,165.0,45.0,43.5,47.05,2.0,2.0,0.32819275329589837,True,CALL,2028-12-15,MS
MS281215C00170000,170.0,44.87,41.2,44.5,7.0,12.0,0.3254614573669433,True,CALL,2028-12-15,MS
MS281215C00175000,175.0,42.6,39.0,41.4,20.0,21.0,0.3172065350341796,True,CALL,2028-12-15,MS
MS281215C00180000,180.0,40.5,37.0,38.8,1.0,12.0,0.31259842681884764,True,CALL,2028-12-15,MS
MS281215C00185000,185.0,37.0,34.9,36.5,2.0,88.0,0.30980609634399414,False,CALL,2028-12-15,MS
MS281215C00190000,190.0,37.8,33.65,35.1,1.0,118.0,0.31368179000854496,False,CALL,2028-12-15,MS
MS281215C00195000,195.0,39.4,30.4,32.65,2.0,1.0,0.3081429049682617,False,CALL,2028-12-15,MS
MS281215C00200000,200.0,30.0,29.6,30.45,5.0,45.0,0.3039620385742187,False,CALL,2028-12-15,MS
MS281215C00210000,210.0,26.75,26.0,27.7,2.0,3.0,0.3069832485961914,False,CALL,2028-12-15,MS
MS281215C00220000,220.0,28.9,22.85,24.45,33.0,34.0,0.30335169311523436,False,CALL,2028-12-15,MS
MS281215C00230000,230.0,20.6,19.55,22.0,10.0,15.0,0.3038704867553711,False,CALL,2028-12-15,MS
MS281215P00130000,130.0,13.4,11.6,13.3,,9.0,0.31873239868164055,False,PUT,2028-12-15,MS
MS281215P00140000,140.0,16.19,15.4,16.3,2.0,2.0,0.30905842315673826,False,PUT,2028-12-15,MS
MS281215P00150000,150.0,17.9,18.4,20.3,11.0,12.0,0.30585410949707037,False,PUT,2028-12-15,MS
MS281215P00160000,160.0,23.21,22.1,23.9,,2.0,0.29473056350708,False,PUT,2028-12-15,MS
MS281215P00170000,170.0,24.1,24.9,27.2,,20.0,0.2779613220214844,False,PUT,2028-12-15,MS
MS281215P00175000,175.0,28.8,26.5,30.85,1.0,3.0,0.2856974507141113,False,PUT,2028-12-15,MS
MS281215P00180000,180.0,30.7,29.0,32.6,2.0,84.0,0.2762065788269042,False,PUT,2028-12-15,MS
MS281215P00185000,185.0,33.5,32.8,33.8,2.0,3.0,0.2615125119018554,True,PUT,2028-12-15,MS
MS281215P00190000,190.0,32.35,34.15,37.45,,2.0,0.26625794784545903,True,PUT,2028-12-15,MS
MS281215P00195000,195.0,34.89,37.0,39.2,,2.0,0.2545850909423829,True,PUT,2028-12-15,MS
MSFT260130C00300000,300.0,181.04,121.95,125.85,1.0,3.0,2.3046917382812495,True,CALL,2026-01-30,MSFT
MSFT260130C00310000,310.0,146.12,112.1,115.55,2.0,0.0,2.058598603515625,True,CALL,2026-01-30,MSFT
MSFT260130C00335000,335.0,134.39,87.05,90.65,1.0,1.0,1.6220722021484375,True,CALL,2026-01-30,MSFT
MSFT260130C00350000,350.0,74.64,72.25,75.7,1.0,12.0,1.4209013330078126,True,CALL,2026-01-30,MSFT
MSFT260130C00355000,355.0,71.0,67.05,70.65,2.0,3.0,1.2734411328124997,True,CALL,2026-01-30,MSFT
MSFT260130C00360000,360.0,93.56,62.3,65.35,83.0,9.0,1.1757853710937498,True,CALL,2026-01-30,MSFT
MSFT260130C00365000,365.0,68.29,57.3,60.35,20.0,23.0,1.091801416015625,True,CALL,2026-01-30,MSFT
MSFT260130C00370000,370.0,56.0,52.3,55.35,83.0,20.0,1.007329182128906,True,CALL,2026-01-30,MSFT
MSFT260130C00375000,375.0,47.33,47.35,50.35,9.0,17.0,0.9335944140625,True,CALL,2026-01-30,MSFT
MSFT260130C00380000,380.0,43.95,42.9,43.95,29.0,32.0,0.523442265625,True,CALL,2026-01-30,MSFT
MSFT260130C00385000,385.0,39.09,37.3,40.4,1.0,29.0,0.7641625146484375,True,CALL,2026-01-30,MSFT
MSFT260130C00390000,390.0,33.35,32.55,34.8,28.0,49.0,0.6162147753906251,True,CALL,2026-01-30,MSFT
MSFT260130C00395000,395.0,74.45,28.65,29.0,1.0,22.0,0.5864299169921875,True,CALL,2026-01-30,MSFT
MSFT260130C00400000,400.0,24.0,23.6,23.95,309.0,155.0,0.5317429638671876,True,CALL,2026-01-30,MSFT
MSFT260130C00402500,402.5,22.1,21.2,21.45,35.0,13.0,0.48633326171875,True,CALL,2026-01-30,MSFT
MSFT260130C00405000,405.0,18.6,18.8,19.0,165.0,102.0,0.4506890869140625,True,CALL,2026-01-30,MSFT
MSFT260130C00410000,410.0,14.15,14.15,14.35,726.0,51.0,0.40991801025390623,True,CALL,2026-01-30,MSFT
MSFT260130C00412500,412.5,13.2,12.1,12.3,346.0,1.0,0.41211525390625,True,CALL,2026-01-30,MSFT
MSFT260130C00415000,415.0,10.25,9.85,10.0,1295.0,49.0,0.3737855590820312,True,CALL,2026-01-30,MSFT
MSFT260130C00417500,417.5,8.4,8.05,8.2,1203.0,29.0,0.37525038818359374,True,CALL,2026-01-30,MSFT
MSFT260130C00420000,420.0,6.42,6.35,6.45,6056.0,113.0,0.36463037719726565,True,CALL,2026-01-30,MSFT
MSFT260130C00422500,422.5,5.29,4.95,5.05,4763.0,13.0,0.3667055517578125,True,CALL,2026-01-30,MSFT
MSFT260130C00425000,425.0,3.85,3.8,3.85,18028.0,77.0,0.367193828125,False,CALL,2026-01-30,MSFT
MSFT260130C00427500,427.5,2.92,2.88,2.92,9359.0,18.0,0.3726869372558594,False,CALL,2026-01-30,MSFT
MSFT260130C00430000,430.0,2.12,2.1,2.14,31317.0,333.0,0.3746400427246094,False,CALL,2026-01-30,MSFT
MSFT260130C00432500,432.5,1.62,1.57,1.61,14337.0,139.0,0.38477177734374995,False,CALL,2026-01-30,MSFT
MSFT260130C00435000,435.0,1.15,1.15,1.17,20487.0,264.0,0.39038695556640624,False,CALL,2026-01-30,MSFT
MSFT260130C00437500,437.5,0.93,0.85,0.88,8056.0,93.0,0.40210558837890625,False,CALL,2026-01-30,MSFT
MSFT260130C00440000,440.0,0.69,0.68,0.69,23581.0,1411.0,0.4184628466796875,False,CALL,2026-01-30,MSFT
MSFT260130C00442500,442.5,0.57,0.56,0.57,6990.0,290.0,0.43945873046875,False,CALL,2026-01-30,MSFT
MSFT260130C00445000,445.0,0.47,0.45,0.46,35207.0,42970.0,0.45703667968750006,False,CALL,2026-01-30,MSFT
MSFT260130C00447500,447.5,0.4,0.38,0.39,3505.0,1408.0,0.47803256347656253,False,CALL,2026-01-30,MSFT
MSFT260130C00450000,450.0,0.33,0.32,0.33,20519.0,1635.0,0.49805189453125004,False,CALL,2026-01-30,MSFT
MSFT260130C00452500,452.5,0.3,0.27,0.29,2555.0,1737.0,0.516606396484375,False,CALL,2026-01-30,MSFT
MSFT260130C00455000,455.0,0.26,0.24,0.25,4281.0,1857.0,0.5380905566406251,False,CALL,2026-01-30,MSFT
MSFT260130C00457500,457.5,0.23,0.21,0.22,3419.0,1244.0,0.5585981640625001,False,CALL,2026-01-30,MSFT
MSFT260130C00460000,460.0,0.19,0.18,0.19,5312.0,7820.0,0.57617611328125,False,CALL,2026-01-30,MSFT
MSFT260130C00462500,462.5,0.16,0.16,0.17,1350.0,1384.0,0.59570716796875,False,CALL,2026-01-30,MSFT
MSFT260130C00465000,465.0,0.15,0.13,0.14,2574.0,1717.0,0.6074258007812501,False,CALL,2026-01-30,MSFT
MSFT260130C00467500,467.5,0.14,0.12,0.13,2188.0,1743.0,0.6289099609375001,False,CALL,2026-01-30,MSFT
MSFT260130C00470000,470.0,0.11,0.11,0.12,4610.0,3690.0,0.65039412109375,False,CALL,2026-01-30,MSFT
MSFT260130C00472500,472.5,0.11,0.09,0.1,1671.0,1633.0,0.6611362011718751,False,CALL,2026-01-30,MSFT
MSFT260130C00475000,475.0,0.1,0.08,0.1,3965.0,4560.0,0.6835969140625001,False,CALL,2026-01-30,MSFT
MSFT260130C00477500,477.5,0.07,0.07,0.08,1049.0,1911.0,0.69336244140625,False,CALL,2026-01-30,MSFT
MSFT260130C00480000,480.0,0.07,0.05,0.09,4659.0,6141.0,0.7148466015625,False,CALL,2026-01-30,MSFT
MSFT260130C00482500,482.5,0.07,0.05,0.09,1243.0,2237.0,0.7382838671874999,False,CALL,2026-01-30,MSFT
MSFT260130C00485000,485.0,0.05,0.05,0.08,2734.0,6299.0,0.7578149218750001,False,CALL,2026-01-30,MSFT
MSFT260130C00487500,487.5,0.04,0.04,0.06,738.0,1975.0,0.7578149218750001,False,CALL,2026-01-30,MSFT
MSFT260130C00490000,490.0,0.04,0.03,0.05,3128.0,6881.0,0.7656273437500001,False,CALL,2026-01-30,MSFT
MSFT260130C00492500,492.5,0.04,0.02,0.05,546.0,1908.0,0.7773459765625,False,CALL,2026-01-30,MSFT
MSFT260130C00495000,495.0,0.05,0.03,0.05,2607.0,5031.0,0.8125018749999999,False,CALL,2026-01-30,MSFT
MSFT260130C00497500,497.5,0.03,0.02,0.04,562.0,1143.0,0.8085956640624999,False,CALL,2026-01-30,MSFT
MSFT260130C00500000,500.0,0.02,0.02,0.04,10506.0,17510.0,0.8320329296874999,False,CALL,2026-01-30,MSFT
MSFT260130C00502500,502.5,0.02,0.01,0.04,1322.0,1850.0,0.8359391406249999,False,CALL,2026-01-30,MSFT
MSFT260130C00505000,505.0,0.03,0.02,0.03,3865.0,8225.0,0.85937640625,False,CALL,2026-01-30,MSFT
MSFT260130C00507500,507.5,0.02,0.01,0.03,800.0,1979.0,0.85937640625,False,CALL,2026-01-30,MSFT
MSFT260130C00510000,510.0,0.02,0.01,0.03,1459.0,7179.0,0.8828136718749999,False,CALL,2026-01-30,MSFT
MSFT260130C00512500,512.5,0.01,0.01,0.02,261.0,978.0,0.8828136718749999,False,CALL,2026-01-30,MSFT
MSFT260130C00515000,515.0,0.02,0.01,0.02,2708.0,12506.0,0.9062509375,False,CALL,2026-01-30,MSFT
MSFT260130C00520000,520.0,0.01,0.0,0.01,10748.0,16843.0,0.85937640625,False,CALL,2026-01-30,MSFT
MSFT260130C00525000,525.0,0.01,0.0,0.01,1788.0,12372.0,0.9062509375,False,CALL,2026-01-30,MSFT
MSFT260130C00530000,530.0,0.01,0.0,0.01,619.0,4114.0,0.937500625,False,CALL,2026-01-30,MSFT
MSFT260130C00535000,535.0,0.03,0.0,0.01,426.0,8451.0,0.9687503125,False,CALL,2026-01-30,MSFT
MSFT260130C00540000,540.0,0.01,0.0,0.01,1368.0,4959.0,1.000005,False,CALL,2026-01-30,MSFT
MSFT260130C00545000,545.0,0.01,0.0,0.01,333.0,1478.0,1.0312548437500002,False,CALL,2026-01-30,MSFT
MSFT260130C00550000,550.0,0.01,0.0,0.01,416.0,3607.0,1.0625046875000002,False,CALL,2026-01-30,MSFT
MSFT260130P00300000,300.0,0.01,0.0,0.02,1.0,12.0,1.5000025,False,PUT,2026-01-30,MSFT
MSFT260130P00310000,310.0,0.09,0.0,0.42,1.0,1.0,1.8691412792968751,False,PUT,2026-01-30,MSFT
MSFT260130P00320000,320.0,0.01,0.0,0.01,285.0,327.0,1.15625421875,False,PUT,2026-01-30,MSFT
MSFT260130P00325000,325.0,0.02,0.0,0.01,2.0,176.0,1.09375453125,False,PUT,2026-01-30,MSFT
MSFT260130P00330000,330.0,0.01,0.0,0.02,9.0,111.0,1.109379453125,False,PUT,2026-01-30,MSFT
MSFT260130P00335000,335.0,0.01,0.0,0.02,500.0,549.0,1.0468797656250002,False,PUT,2026-01-30,MSFT
MSFT260130P00340000,340.0,0.01,0.0,0.02,1.0,652.0,0.98437515625,False,PUT,2026-01-30,MSFT
MSFT260130P00345000,345.0,0.01,0.0,0.01,4.0,188.0,0.87500125,False,PUT,2026-01-30,MSFT
MSFT260130P00350000,350.0,0.01,0.0,0.01,106.0,46.0,0.8125018749999999,False,PUT,2026-01-30,MSFT
MSFT260130P00355000,355.0,0.01,0.0,0.01,305.0,405.0,0.7500025,False,PUT,2026-01-30,MSFT
MSFT260130P00360000,360.0,0.01,0.0,0.01,44.0,417.0,0.70312796875,False,PUT,2026-01-30,MSFT
MSFT260130P00365000,365.0,0.02,0.0,0.02,69.0,202.0,0.6875031250000001,False,PUT,2026-01-30,MSFT
MSFT260130P00370000,370.0,0.02,0.0,0.02,28.0,554.0,0.6250037500000001,False,PUT,2026-01-30,MSFT
MSFT260130P00375000,375.0,0.02,0.01,0.02,696.0,1225.0,0.5937540625000001,False,PUT,2026-01-30,MSFT
MSFT260130P00380000,380.0,0.02,0.02,0.03,1590.0,2566.0,0.5625043750000001,False,PUT,2026-01-30,MSFT
MSFT260130P00385000,385.0,0.03,0.02,0.03,1760.0,2197.0,0.500005,False,PUT,2026-01-30,MSFT
MSFT260130P00390000,390.0,0.04,0.03,0.04,1911.0,1288.0,0.46484910156250003,False,PUT,2026-01-30,MSFT
MSFT260130P00392500,392.5,0.06,0.04,0.05,272.0,612.0,0.445318046875,False,PUT,2026-01-30,MSFT
MSFT260130P00395000,395.0,0.05,0.05,0.06,1424.0,1341.0,0.42383388671875,False,PUT,2026-01-30,MSFT
MSFT260130P00397500,397.5,0.09,0.08,0.09,1389.0,767.0,0.414068359375,False,PUT,2026-01-30,MSFT
MSFT260130P00400000,400.0,0.11,0.1,0.11,8776.0,4087.0,0.39063109375,False,PUT,2026-01-30,MSFT
MSFT260130P00402500,402.5,0.18,0.16,0.17,1822.0,770.0,0.38184211914062494,False,PUT,2026-01-30,MSFT
MSFT260130P00405000,405.0,0.24,0.24,0.25,6613.0,1672.0,0.370123486328125,False,PUT,2026-01-30,MSFT
MSFT260130P00407500,407.5,0.4,0.38,0.4,2496.0,636.0,0.36597313720703123,False,PUT,2026-01-30,MSFT
MSFT260130P00410000,410.0,0.58,0.6,0.62,14199.0,3131.0,0.36133451171875,False,PUT,2026-01-30,MSFT
MSFT260130P00412500,412.5,0.87,0.91,0.94,4480.0,644.0,0.3569400244140625,False,PUT,2026-01-30,MSFT
MSFT260130P00415000,415.0,1.3,1.34,1.37,11139.0,2363.0,0.3505924316406249,False,PUT,2026-01-30,MSFT
MSFT260130P00417500,417.5,1.96,1.92,1.96,5414.0,1164.0,0.34497725341796875,False,PUT,2026-01-30,MSFT
MSFT260130P00420000,420.0,2.81,2.83,2.88,18311.0,5912.0,0.35144691528320304,False,PUT,2026-01-30,MSFT
MSFT260130P00422500,422.5,3.8,3.85,3.95,7556.0,1696.0,0.35156898437499995,False,PUT,2026-01-30,MSFT
MSFT260130P00425000,425.0,5.0,5.15,5.15,26185.0,6002.0,0.34400070068359373,True,PUT,2026-01-30,MSFT
MSFT260130P00427500,427.5,6.63,6.6,6.75,7086.0,1279.0,0.3508365698242187,True,PUT,2026-01-30,MSFT
MSFT260130P00430000,430.0,8.19,8.4,8.5,16922.0,8531.0,0.3532779516601562,True,PUT,2026-01-30,MSFT
MSFT260130P00432500,432.5,10.09,10.3,10.45,4226.0,1720.0,0.358404853515625,True,PUT,2026-01-30,MSFT
MSFT260130P00435000,435.0,12.22,12.5,12.7,8076.0,6127.0,0.38355108642578123,True,PUT,2026-01-30,MSFT
MSFT260130P00437500,437.5,14.84,14.55,14.75,2101.0,1215.0,0.36914693359375,True,PUT,2026-01-30,MSFT
MSFT260130P00440000,440.0,17.03,16.95,17.15,11731.0,12244.0,0.39600213378906257,True,PUT,2026-01-30,MSFT
MSFT260130P00442500,442.5,19.56,19.3,19.5,2040.0,1318.0,0.4062559375,True,PUT,2026-01-30,MSFT
MSFT260130P00445000,445.0,21.7,21.6,21.8,3988.0,6606.0,0.38867798828125,True,PUT,2026-01-30,MSFT
MSFT260130P00447500,447.5,23.82,24.05,24.25,1310.0,1261.0,0.40332627929687503,True,PUT,2026-01-30,MSFT
MSFT260130P00450000,450.0,26.35,26.55,26.7,5727.0,10469.0,0.411138701171875,True,PUT,2026-01-30,MSFT
MSFT260130P00452500,452.5,29.4,29.1,29.3,821.0,1546.0,0.49121602539062503,True,PUT,2026-01-30,MSFT
MSFT260130P00455000,455.0,31.3,31.35,31.7,1791.0,3523.0,0.4726615234375,True,PUT,2026-01-30,MSFT
MSFT260130P00457500,457.5,33.82,33.95,34.4,663.0,1184.0,0.596683720703125,True,PUT,2026-01-30,MSFT
MSFT260130P00460000,460.0,36.19,36.4,36.6,3900.0,5921.0,0.4101621484375,True,PUT,2026-01-30,MSFT
MSFT260130P00462500,462.5,38.99,38.85,39.25,603.0,1561.0,0.594730615234375,True,PUT,2026-01-30,MSFT
MSFT260130P00465000,465.0,41.05,41.2,41.55,1310.0,3260.0,1.0000000000000003e-05,True,PUT,2026-01-30,MSFT
MSFT260130P00467500,467.5,43.64,42.85,44.0,373.0,1373.0,1.0000000000000003e-05,True,PUT,2026-01-30,MSFT
MSFT260130P00470000,470.0,46.53,46.55,46.75,3113.0,5384.0,0.5996133789062501,True,PUT,2026-01-30,MSFT
MSFT260130P00472500,472.5,47.9,48.0,49.0,904.0,2390.0,1.0000000000000003e-05,True,PUT,2026-01-30,MSFT
MSFT260130P00475000,475.0,51.21,51.1,51.6,1055.0,2514.0,0.5468795312500001,True,PUT,2026-01-30,MSFT
MSFT260130P00477500,477.5,54.07,53.3,54.85,293.0,1045.0,1.0087940185546875,True,PUT,2026-01-30,MSFT
MSFT260130P00480000,480.0,55.96,55.75,57.3,1334.0,3968.0,1.0288134497070316,True,PUT,2026-01-30,MSFT
MSFT260130P00482500,482.5,59.52,58.15,60.4,245.0,917.0,0.8437515624999999,True,PUT,2026-01-30,MSFT
MSFT260130P00485000,485.0,62.02,61.3,62.95,269.0,854.0,1.0376024682617189,True,PUT,2026-01-30,MSFT
MSFT260130P00487500,487.5,63.55,62.7,65.4,23.0,136.0,1.2836949877929684,True,PUT,2026-01-30,MSFT
MSFT260130P00490000,490.0,66.2,65.35,67.85,76.0,507.0,0.6796907031250001,True,PUT,2026-01-30,MSFT
MSFT260130P00492500,492.5,69.0,67.65,70.6,14.0,47.0,0.7812521875,True,PUT,2026-01-30,MSFT
MSFT260130P00495000,495.0,70.95,70.2,73.0,85.0,371.0,0.726565234375,True,PUT,2026-01-30,MSFT
MSFT260130P00497500,497.5,72.86,72.65,75.65,3.0,58.0,0.87695435546875,True,PUT,2026-01-30,MSFT
MSFT260130P00500000,500.0,76.41,75.2,78.05,59.0,316.0,0.851563984375,True,PUT,2026-01-30,MSFT
MSFT260130P00505000,505.0,80.5,79.85,82.95,81.0,199.0,1.5336937377929685,True,PUT,2026-01-30,MSFT
MSFT260130P00507500,507.5,82.75,82.35,85.55,2.0,65.0,1.5908223583984373,True,PUT,2026-01-30,MSFT
MSFT260130P00510000,510.0,85.55,84.8,88.05,52.0,246.0,1.6235370385742187,True,PUT,2026-01-30,MSFT
MSFT260130P00512500,512.5,34.05,87.35,90.55,1.0,2.0,1.6557634399414063,True,PUT,2026-01-30,MSFT
MSFT260130P00515000,515.0,90.3,89.8,93.0,12.0,53.0,1.67578287109375,True,PUT,2026-01-30,MSFT
MSFT260130P00520000,520.0,95.1,94.65,97.95,5.0,9.0,1.7255873095703125,True,PUT,2026-01-30,MSFT
MSFT260130P00525000,525.0,44.65,99.65,103.0,7.0,18.0,1.8007822460937497,True,PUT,2026-01-30,MSFT
MSFT260130P00530000,530.0,50.92,104.55,108.0,11.0,11.0,1.8618170971679686,True,PUT,2026-01-30,MSFT
MSFT260130P00535000,535.0,54.16,109.5,112.95,41.0,0.0,1.9077153051757816,True,PUT,2026-01-30,MSFT
MSFT260130P00540000,540.0,72.6,114.65,117.95,8.0,0.0,1.9663087622070314,True,PUT,2026-01-30,MSFT
MSFT260130P00545000,545.0,93.72,119.65,123.0,1.0,0.0,2.038579122314453,True,PUT,2026-01-30,MSFT
MSFT260130P00550000,550.0,70.0,124.55,128.1,10.0,0.0,2.124028127441406,True,PUT,2026-01-30,MSFT
MSFT260206C00300000,300.0,132.13,122.45,125.65,2.0,1.0,1.1337933935546878,True,CALL,2026-02-06,MSFT
MSFT260206C00310000,310.0,122.25,112.5,115.55,2.0,1.0,1.0332079589843752,True,CALL,2026-02-06,MSFT
MSFT260206C00350000,350.0,74.99,73.05,75.7,8.0,1.0,0.7421900781249999,True,CALL,2026-02-06,MSFT
MSFT260206C00355000,355.0,69.76,67.85,70.75,3.0,19.0,0.68555001953125,True,CALL,2026-02-06,MSFT
MSFT260206C00360000,360.0,86.24,62.85,66.05,2.0,20.0,0.6626010302734376,True,CALL,2026-02-06,MSFT
MSFT260206C00365000,365.0,60.26,58.3,60.8,60.0,16.0,0.629886513671875,True,CALL,2026-02-06,MSFT
MSFT260206C00370000,370.0,57.41,53.1,55.55,4.0,14.0,0.5556685058593751,True,CALL,2026-02-06,MSFT
MSFT260206C00375000,375.0,50.4,48.15,50.85,1.0,6.0,0.5324753784179688,True,CALL,2026-02-06,MSFT
MSFT260206C00380000,380.0,46.0,43.15,44.45,7.0,5.0,0.48120635986328125,True,CALL,2026-02-06,MSFT
MSFT260206C00385000,385.0,40.26,38.05,41.05,6.0,14.0,0.5678754150390625,True,CALL,2026-02-06,MSFT
MSFT260206C00390000,390.0,35.75,34.35,35.0,37.0,24.0,0.4382380395507813,True,CALL,2026-02-06,MSFT
MSFT260206C00392500,392.5,33.1,31.7,33.05,3.0,9.0,0.45361874511718747,True,CALL,2026-02-06,MSFT
MSFT260206C00395000,395.0,30.15,29.5,30.55,26.0,48.0,0.42737389038085943,True,CALL,2026-02-06,MSFT
MSFT260206C00397500,397.5,35.55,27.1,28.65,1.0,14.0,0.4378718322753906,True,CALL,2026-02-06,MSFT
MSFT260206C00400000,400.0,25.5,25.45,25.6,106.0,69.0,0.37708142456054683,True,CALL,2026-02-06,MSFT
MSFT260206C00402500,402.5,23.56,23.15,23.4,38.0,13.0,0.367193828125,True,CALL,2026-02-06,MSFT
MSFT260206C00405000,405.0,22.45,20.95,21.15,58.0,39.0,0.35242346801757807,True,CALL,2026-02-06,MSFT
MSFT260206C00407500,407.5,19.85,19.0,19.2,79.0,38.0,0.350470362548828,True,CALL,2026-02-06,MSFT
MSFT260206C00410000,410.0,17.2,17.15,17.3,226.0,51.0,0.34705242797851554,True,CALL,2026-02-06,MSFT
MSFT260206C00412500,412.5,16.2,15.35,15.5,52.0,12.0,0.3442448388671875,True,CALL,2026-02-06,MSFT
MSFT260206C00415000,415.0,14.61,13.65,13.8,436.0,25.0,0.3417424224853516,True,CALL,2026-02-06,MSFT
MSFT260206C00417500,417.5,12.33,11.95,12.15,349.0,22.0,0.33728690063476563,True,CALL,2026-02-06,MSFT
MSFT260206C00420000,420.0,10.75,10.55,10.75,2400.0,40.0,0.3384465570068359,True,CALL,2026-02-06,MSFT
MSFT260206C00422500,422.5,9.55,9.4,9.5,2174.0,16.0,0.34107104248046877,True,CALL,2026-02-06,MSFT
MSFT260206C00425000,425.0,8.1,8.1,8.2,4068.0,34.0,0.33765310791015624,False,CALL,2026-02-06,MSFT
MSFT260206C00427500,427.5,7.2,7.0,7.05,2161.0,39.0,0.33563896789550784,False,CALL,2026-02-06,MSFT
MSFT260206C00430000,430.0,6.0,6.0,6.05,6812.0,335.0,0.3352727606201171,False,CALL,2026-02-06,MSFT
MSFT260206C00432500,432.5,5.35,5.15,5.2,1991.0,27.0,0.33667655517578127,False,CALL,2026-02-06,MSFT
MSFT260206C00435000,435.0,4.51,4.45,4.55,3508.0,112.0,0.3424748370361328,False,CALL,2026-02-06,MSFT
MSFT260206C00437500,437.5,3.78,3.7,3.8,1256.0,67.0,0.34027759338378905,False,CALL,2026-02-06,MSFT
MSFT260206C00440000,440.0,3.25,3.15,3.25,5378.0,837.0,0.34314621704101556,False,CALL,2026-02-06,MSFT
MSFT260206C00442500,442.5,2.89,2.72,2.76,1421.0,37.0,0.34552656433105466,False,CALL,2026-02-06,MSFT
MSFT260206C00445000,445.0,2.41,2.38,2.41,1680.0,225.0,0.35193519165039056,False,CALL,2026-02-06,MSFT
MSFT260206C00447500,447.5,2.07,2.02,2.05,1210.0,239.0,0.3549869189453124,False,CALL,2026-02-06,MSFT
MSFT260206C00450000,450.0,1.78,1.75,1.76,5747.0,3474.0,0.35938140625,False,CALL,2026-02-06,MSFT
MSFT260206C00452500,452.5,1.59,1.52,1.54,2560.0,246.0,0.3657289990234375,False,CALL,2026-02-06,MSFT
MSFT260206C00455000,455.0,1.4,1.31,1.34,813.0,329.0,0.3714662463378906,False,CALL,2026-02-06,MSFT
MSFT260206C00457500,457.5,1.18,1.16,1.18,688.0,130.0,0.3781800463867187,False,CALL,2026-02-06,MSFT
MSFT260206C00460000,460.0,1.09,1.02,1.04,1749.0,3698.0,0.38477177734374995,False,CALL,2026-02-06,MSFT
MSFT260206C00462500,462.5,0.95,0.89,0.92,263.0,331.0,0.39148557739257805,False,CALL,2026-02-06,MSFT
MSFT260206C00465000,465.0,0.88,0.82,0.86,1605.0,1145.0,0.4030821411132813,False,CALL,2026-02-06,MSFT
MSFT260206C00467500,467.5,0.77,0.72,0.75,840.0,1457.0,0.40796490478515623,False,CALL,2026-02-06,MSFT
MSFT260206C00470000,470.0,0.68,0.64,0.67,1497.0,1995.0,0.4145566357421875,False,CALL,2026-02-06,MSFT
MSFT260206C00472500,472.5,0.6,0.59,0.63,813.0,425.0,0.4255428540039063,False,CALL,2026-02-06,MSFT
MSFT260206C00475000,475.0,0.54,0.53,0.57,509.0,1303.0,0.4331111376953125,False,CALL,2026-02-06,MSFT
MSFT260206C00477500,477.5,0.49,0.48,0.52,172.0,360.0,0.4409235595703125,False,CALL,2026-02-06,MSFT
MSFT260206C00480000,480.0,0.46,0.44,0.46,5455.0,13945.0,0.4458063232421875,False,CALL,2026-02-06,MSFT
MSFT260206C00482500,482.5,0.44,0.4,0.42,208.0,651.0,0.45313046875,False,CALL,2026-02-06,MSFT
MSFT260206C00485000,485.0,0.4,0.36,0.39,580.0,3192.0,0.46191944335937507,False,CALL,2026-02-06,MSFT
MSFT260206C00487500,487.5,0.32,0.34,0.38,206.0,368.0,0.47412635253906255,False,CALL,2026-02-06,MSFT
MSFT260206C00490000,490.0,0.34,0.31,0.34,1340.0,2710.0,0.47900911621093745,False,CALL,2026-02-06,MSFT
MSFT260206C00492500,492.5,0.3,0.29,0.32,251.0,267.0,0.48828636718750007,False,CALL,2026-02-06,MSFT
MSFT260206C00495000,495.0,0.24,0.27,0.3,897.0,1534.0,0.49658706542968756,False,CALL,2026-02-06,MSFT
MSFT260206C00497500,497.5,0.27,0.25,0.28,76.0,293.0,0.500005,False,CALL,2026-02-06,MSFT
MSFT260206C00500000,500.0,0.24,0.23,0.25,1525.0,5532.0,0.50586431640625,False,CALL,2026-02-06,MSFT
MSFT260206C00502500,502.5,0.17,0.21,0.24,23.0,209.0,0.5136767382812499,False,CALL,2026-02-06,MSFT
MSFT260206C00505000,505.0,0.19,0.2,0.21,456.0,1640.0,0.5190477783203125,False,CALL,2026-02-06,MSFT
MSFT260206C00507500,507.5,0.19,0.18,0.21,207.0,149.0,0.5273484765625001,False,CALL,2026-02-06,MSFT
MSFT260206C00510000,510.0,0.19,0.17,0.19,655.0,1188.0,0.534184345703125,False,CALL,2026-02-06,MSFT
MSFT260206C00512500,512.5,0.16,0.15,0.18,113.0,251.0,0.5390671093750001,False,CALL,2026-02-06,MSFT
MSFT260206C00515000,515.0,0.16,0.14,0.17,221.0,731.0,0.5468795312500001,False,CALL,2026-02-06,MSFT
MSFT260206C00517500,517.5,0.13,0.13,0.15,42.0,174.0,0.5507857421875001,False,CALL,2026-02-06,MSFT
MSFT260206C00520000,520.0,0.13,0.12,0.14,838.0,1657.0,0.5566450585937501,False,CALL,2026-02-06,MSFT
MSFT260206C00522500,522.5,0.12,0.11,0.14,28.0,282.0,0.5654340332031251,False,CALL,2026-02-06,MSFT
MSFT260206C00525000,525.0,0.14,0.07,0.4,264.0,571.0,0.6259803027343751,False,CALL,2026-02-06,MSFT
MSFT260206C00530000,530.0,0.1,0.08,0.12,120.0,649.0,0.5820354296875,False,CALL,2026-02-06,MSFT
MSFT260206C00535000,535.0,0.08,0.05,0.51,129.0,412.0,0.6889679541015626,False,CALL,2026-02-06,MSFT
MSFT260206C00540000,540.0,0.08,0.01,0.11,208.0,627.0,0.5898478515625001,False,CALL,2026-02-06,MSFT
MSFT260206C00545000,545.0,0.05,0.02,0.26,58.0,494.0,0.6718782812500002,False,CALL,2026-02-06,MSFT
MSFT260206C00550000,550.0,0.04,0.02,0.06,153.0,1327.0,0.6035195898437502,False,CALL,2026-02-06,MSFT
MSFT260206P00300000,300.0,0.02,0.01,0.03,130.0,7.0,0.7500025,False,PUT,2026-02-06,MSFT
MSFT260206P00310000,310.0,0.02,0.0,0.04,4.0,4.0,0.6796907031250001,False,PUT,2026-02-06,MSFT
MSFT260206P00320000,320.0,0.09,0.0,0.81,1.0,8.0,0.8813488427734374,False,PUT,2026-02-06,MSFT
MSFT260206P00325000,325.0,0.02,0.0,0.84,50.0,16.0,0.8437515624999999,False,PUT,2026-02-06,MSFT
MSFT260206P00330000,330.0,0.02,0.0,0.04,13.0,41.0,0.5546919531250001,False,PUT,2026-02-06,MSFT
MSFT260206P00335000,335.0,0.03,0.01,0.06,3.0,2.0,0.55273884765625,False,PUT,2026-02-06,MSFT
MSFT260206P00340000,340.0,0.05,0.0,0.1,3.0,26.0,0.5410202148437502,False,PUT,2026-02-06,MSFT
MSFT260206P00345000,345.0,0.04,0.0,0.05,7.0,81.0,0.507817421875,False,PUT,2026-02-06,MSFT
MSFT260206P00350000,350.0,0.04,0.01,0.04,141.0,450.0,0.46484910156250003,False,PUT,2026-02-06,MSFT
MSFT260206P00355000,355.0,0.05,0.01,0.05,36.0,36.0,0.445318046875,False,PUT,2026-02-06,MSFT
MSFT260206P00360000,360.0,0.06,0.0,0.07,131.0,8.0,0.42969320312500003,False,PUT,2026-02-06,MSFT
MSFT260206P00365000,365.0,0.07,0.01,0.11,136.0,61.0,0.41992767578125,False,PUT,2026-02-06,MSFT
MSFT260206P00370000,370.0,0.11,0.09,0.1,244.0,1269.0,0.38184211914062494,False,PUT,2026-02-06,MSFT
MSFT260206P00375000,375.0,0.18,0.14,0.16,917.0,53.0,0.372076591796875,False,PUT,2026-02-06,MSFT
MSFT260206P00380000,380.0,0.25,0.22,0.24,432.0,207.0,0.35938140625,False,PUT,2026-02-06,MSFT
MSFT260206P00385000,385.0,0.38,0.33,0.35,550.0,119.0,0.3452213916015625,False,PUT,2026-02-06,MSFT
MSFT260206P00387500,387.5,0.49,0.42,0.45,232.0,34.0,0.34229173339843744,False,PUT,2026-02-06,MSFT
MSFT260206P00390000,390.0,0.6,0.53,0.55,995.0,129.0,0.335944140625,False,PUT,2026-02-06,MSFT
MSFT260206P00392500,392.5,0.73,0.68,0.7,164.0,15.0,0.33301448242187504,False,PUT,2026-02-06,MSFT
MSFT260206P00395000,395.0,0.89,0.85,0.87,637.0,1124.0,0.3286199951171874,False,PUT,2026-02-06,MSFT
MSFT260206P00397500,397.5,1.17,1.07,1.09,588.0,51.0,0.32520206054687495,False,PUT,2026-02-06,MSFT
MSFT260206P00400000,400.0,1.38,1.35,1.38,2093.0,1081.0,0.3236151623535155,False,PUT,2026-02-06,MSFT
MSFT260206P00402500,402.5,1.79,1.69,1.72,455.0,127.0,0.32117378051757806,False,PUT,2026-02-06,MSFT
MSFT260206P00405000,405.0,2.09,2.09,2.13,717.0,347.0,0.3189765368652343,False,PUT,2026-02-06,MSFT
MSFT260206P00407500,407.5,2.69,2.59,2.63,863.0,17.0,0.3175117077636719,False,PUT,2026-02-06,MSFT
MSFT260206P00410000,410.0,3.1,3.05,3.15,1383.0,416.0,0.3127510131835937,False,PUT,2026-02-06,MSFT
MSFT260206P00412500,412.5,3.85,3.8,3.9,570.0,31.0,0.31445998046874996,False,PUT,2026-02-06,MSFT
MSFT260206P00415000,415.0,4.5,4.5,4.65,1768.0,569.0,0.31140825317382803,False,PUT,2026-02-06,MSFT
MSFT260206P00417500,417.5,5.45,5.55,5.7,1675.0,497.0,0.3161079132080078,False,PUT,2026-02-06,MSFT
MSFT260206P00420000,420.0,6.5,6.45,6.6,3480.0,707.0,0.31018756225585936,False,PUT,2026-02-06,MSFT
MSFT260206P00422500,422.5,7.6,7.8,7.9,1689.0,532.0,0.31513136047363277,False,PUT,2026-02-06,MSFT
MSFT260206P00425000,425.0,9.0,9.05,9.2,3261.0,1513.0,0.3154975677490234,True,PUT,2026-02-06,MSFT
MSFT260206P00427500,427.5,10.55,10.45,10.55,977.0,64.0,0.31323928955078123,True,PUT,2026-02-06,MSFT
MSFT260206P00430000,430.0,12.0,11.95,12.1,2025.0,3003.0,0.3142158422851562,True,PUT,2026-02-06,MSFT
MSFT260206P00432500,432.5,13.16,13.65,13.75,547.0,124.0,0.31482618774414056,True,PUT,2026-02-06,MSFT
MSFT260206P00435000,435.0,15.1,15.45,15.6,605.0,686.0,0.31964791687011707,True,PUT,2026-02-06,MSFT
MSFT260206P00437500,437.5,17.16,17.2,17.4,389.0,242.0,0.3182441223144531,True,PUT,2026-02-06,MSFT
MSFT260206P00440000,440.0,18.95,19.15,19.3,577.0,2804.0,0.31702343139648437,True,PUT,2026-02-06,MSFT
MSFT260206P00442500,442.5,20.5,21.25,21.4,77.0,152.0,0.3220282641601562,True,PUT,2026-02-06,MSFT
MSFT260206P00445000,445.0,23.55,23.45,23.65,321.0,1187.0,0.3324041369628906,True,PUT,2026-02-06,MSFT
MSFT260206P00447500,447.5,25.07,25.5,26.1,122.0,223.0,0.35278967529296873,True,PUT,2026-02-06,MSFT
MSFT260206P00450000,450.0,27.4,27.8,28.0,669.0,2316.0,0.33570000244140624,True,PUT,2026-02-06,MSFT
MSFT260206P00452500,452.5,29.52,29.3,30.25,79.0,313.0,0.33740896972656254,True,PUT,2026-02-06,MSFT
MSFT260206P00455000,455.0,32.64,32.2,32.55,232.0,1107.0,0.34009448974609374,True,PUT,2026-02-06,MSFT
MSFT260206P00457500,457.5,34.34,34.25,35.05,106.0,369.0,0.3588931298828125,True,PUT,2026-02-06,MSFT
MSFT260206P00460000,460.0,37.5,37.15,37.4,295.0,1203.0,0.36255520263671875,True,PUT,2026-02-06,MSFT
MSFT260206P00462500,462.5,39.49,39.1,39.95,80.0,140.0,0.3857483300781249,True,PUT,2026-02-06,MSFT
MSFT260206P00465000,465.0,41.41,41.1,42.5,227.0,562.0,0.40869731933593745,True,PUT,2026-02-06,MSFT
MSFT260206P00467500,467.5,43.06,43.0,45.85,104.0,205.0,0.5031787963867188,True,PUT,2026-02-06,MSFT
MSFT260206P00470000,470.0,46.39,46.55,46.85,332.0,811.0,0.3481510498046875,True,PUT,2026-02-06,MSFT
MSFT260206P00472500,472.5,48.28,47.75,50.6,42.0,143.0,0.5199022619628906,True,PUT,2026-02-06,MSFT
MSFT260206P00475000,475.0,51.16,50.35,52.35,247.0,582.0,0.4594780615234375,True,PUT,2026-02-06,MSFT
MSFT260206P00477500,477.5,54.32,52.7,55.3,126.0,234.0,0.5271043383789062,True,PUT,2026-02-06,MSFT
MSFT260206P00480000,480.0,56.17,54.95,57.75,102.0,447.0,0.5389450402832032,True,PUT,2026-02-06,MSFT
MSFT260206P00482500,482.5,58.76,57.45,60.75,5.0,214.0,0.6052285571289064,True,PUT,2026-02-06,MSFT
MSFT260206P00485000,485.0,61.27,60.6,63.15,49.0,403.0,0.6132851171875001,True,PUT,2026-02-06,MSFT
MSFT260206P00487500,487.5,18.3,62.55,65.4,26.0,25.0,0.6052285571289064,True,PUT,2026-02-06,MSFT
MSFT260206P00490000,490.0,67.17,64.9,67.15,8.0,251.0,0.5229539892578124,True,PUT,2026-02-06,MSFT
MSFT260206P00492500,492.5,64.9,67.6,70.5,1.0,9.0,0.6486851538085938,True,PUT,2026-02-06,MSFT
MSFT260206P00495000,495.0,57.5,69.9,72.95,1.0,44.0,0.6596713720703126,True,PUT,2026-02-06,MSFT
MSFT260206P00497500,497.5,71.15,72.45,75.45,3.0,4.0,0.6757844921875001,True,PUT,2026-02-06,MSFT
MSFT260206P00500000,500.0,77.4,75.35,77.3,18.0,125.0,0.6062051098632814,True,PUT,2026-02-06,MSFT
MSFT260206P00502500,502.5,73.6,77.4,80.6,3.0,31.0,0.7241238525390624,True,PUT,2026-02-06,MSFT
MSFT260206P00505000,505.0,79.55,79.85,83.0,23.0,56.0,0.7287624780273438,True,PUT,2026-02-06,MSFT
MSFT260206P00507500,507.5,32.65,82.35,85.65,16.0,35.0,0.7609887182617189,True,PUT,2026-02-06,MSFT
MSFT260206P00510000,510.0,85.8,84.85,87.85,22.0,135.0,0.7417018017578124,True,PUT,2026-02-06,MSFT
MSFT260206P00515000,515.0,90.25,90.2,92.9,3.0,24.0,0.7778342529296876,True,PUT,2026-02-06,MSFT
MSFT260206P00520000,520.0,87.05,94.85,98.05,2.0,10.0,0.8256853369140623,True,PUT,2026-02-06,MSFT
MSFT260206P00525000,525.0,49.25,99.85,102.9,5.0,5.0,0.8361832788085937,True,PUT,2026-02-06,MSFT
MSFT260206P00530000,530.0,62.33,104.85,108.1,1.0,1.0,0.8901378173828124,True,PUT,2026-02-06,MSFT
MSFT260206P00535000,535.0,112.1,109.85,113.0,1.0,0.0,0.9060067993164063,True,PUT,2026-02-06,MSFT
MSFT260206P00540000,540.0,58.07,114.65,118.1,3.0,2.0,0.9467778759765625,True,PUT,2026-02-06,MSFT
MSFT260206P00550000,550.0,64.05,124.8,128.1,,0.0,1.0014698364257812,True,PUT,2026-02-06,MSFT
MSFT260213C00335000,335.0,147.44,88.0,91.05,2.0,1.0,0.6792024267578126,True,CALL,2026-02-13,MSFT
MSFT260213C00355000,355.0,75.3,68.35,71.2,3.0,7.0,0.5637250659179689,True,CALL,2026-02-13,MSFT
MSFT260213C00365000,365.0,60.9,58.3,61.35,3.0,2.0,0.6038857971191409,True,CALL,2026-02-13,MSFT
MSFT260213C00375000,375.0,50.27,48.65,51.9,78.0,2.0,0.5524947094726562,True,CALL,2026-02-13,MSFT
MSFT260213C00380000,380.0,45.55,44.25,46.6,161.0,1.0,0.4952443054199219,True,CALL,2026-02-13,MSFT
MSFT260213C00390000,390.0,37.2,35.35,36.9,6.0,23.0,0.4255428540039063,True,CALL,2026-02-13,MSFT
MSFT260213C00395000,395.0,31.5,31.0,32.15,1.0,45.0,0.3929504064941406,True,CALL,2026-02-13,MSFT
MSFT260213C00400000,400.0,28.0,26.7,27.95,147.0,39.0,0.37915659912109373,True,CALL,2026-02-13,MSFT
MSFT260213C00405000,405.0,23.45,23.0,23.25,20.0,16.0,0.3421696643066406,True,CALL,2026-02-13,MSFT
MSFT260213C00410000,410.0,19.75,19.3,19.5,521.0,8.0,0.3327093096923829,True,CALL,2026-02-13,MSFT
MSFT260213C00415000,415.0,16.75,15.95,16.15,191.0,43.0,0.32721620056152345,True,CALL,2026-02-13,MSFT
MSFT260213C00420000,420.0,13.3,12.95,13.1,2993.0,41.0,0.32117378051757806,True,CALL,2026-02-13,MSFT
MSFT260213C00425000,425.0,10.45,10.35,10.5,1828.0,62.0,0.3182746395874023,False,CALL,2026-02-13,MSFT
MSFT260213C00430000,430.0,8.38,8.2,8.3,3138.0,116.0,0.31677929321289056,False,CALL,2026-02-13,MSFT
MSFT260213C00435000,435.0,6.6,6.45,6.6,1429.0,91.0,0.3201361932373046,False,CALL,2026-02-13,MSFT
MSFT260213C00440000,440.0,5.05,4.9,5.05,3017.0,124.0,0.31867136413574215,False,CALL,2026-02-13,MSFT
MSFT260213C00445000,445.0,3.8,3.8,3.85,944.0,227.0,0.3194648132324218,False,CALL,2026-02-13,MSFT
MSFT260213C00450000,450.0,2.98,2.91,2.98,2946.0,175.0,0.32379826599121087,False,CALL,2026-02-13,MSFT
MSFT260213C00455000,455.0,2.35,2.25,2.31,1336.0,177.0,0.3289251678466796,False,CALL,2026-02-13,MSFT
MSFT260213C00460000,460.0,1.84,1.77,1.83,618.0,985.0,0.33649345153808596,False,CALL,2026-02-13,MSFT
MSFT260213C00465000,465.0,1.52,1.42,1.48,545.0,506.0,0.34570966796874997,False,CALL,2026-02-13,MSFT
MSFT260213C00470000,470.0,1.17,1.14,1.19,660.0,667.0,0.3540103662109374,False,CALL,2026-02-13,MSFT
MSFT260213C00475000,475.0,1.0,0.95,0.98,713.0,810.0,0.36377589355468753,False,CALL,2026-02-13,MSFT
MSFT260213C00480000,480.0,0.82,0.79,0.84,633.0,687.0,0.37622694091796877,False,CALL,2026-02-13,MSFT
MSFT260213C00485000,485.0,0.73,0.67,0.7,127.0,492.0,0.3857483300781249,False,CALL,2026-02-13,MSFT
MSFT260213C00490000,490.0,0.59,0.58,0.61,356.0,575.0,0.39819937744140627,False,CALL,2026-02-13,MSFT
MSFT260213C00495000,495.0,0.5,0.51,0.54,260.0,780.0,0.41089456298828125,False,CALL,2026-02-13,MSFT
MSFT260213C00500000,500.0,0.46,0.44,0.46,648.0,3007.0,0.4204159521484375,False,CALL,2026-02-13,MSFT
MSFT260213C00505000,505.0,0.39,0.39,0.43,176.0,1372.0,0.43579665771484377,False,CALL,2026-02-13,MSFT
MSFT260213C00510000,510.0,0.33,0.33,0.36,447.0,1830.0,0.44287666503906253,False,CALL,2026-02-13,MSFT
MSFT260213C00515000,515.0,0.27,0.32,0.33,128.0,2916.0,0.45606012695312503,False,CALL,2026-02-13,MSFT
MSFT260213C00520000,520.0,0.27,0.25,0.29,270.0,8853.0,0.46582565429687506,False,CALL,2026-02-13,MSFT
MSFT260213C00525000,525.0,0.25,0.23,0.26,162.0,243.0,0.476567734375,False,CALL,2026-02-13,MSFT
MSFT260213C00530000,530.0,0.22,0.2,0.23,258.0,721.0,0.4858449853515625,False,CALL,2026-02-13,MSFT
MSFT260213C00535000,535.0,0.15,0.17,0.21,66.0,354.0,0.49707534179687507,False,CALL,2026-02-13,MSFT
MSFT260213C00540000,540.0,0.17,0.15,0.18,36.0,329.0,0.5034229345703125,False,CALL,2026-02-13,MSFT
MSFT260213C00545000,545.0,0.1,0.13,0.17,6.0,239.0,0.507817421875,False,CALL,2026-02-13,MSFT
MSFT260213C00550000,550.0,0.11,0.12,0.15,46.0,567.0,0.516606396484375,False,CALL,2026-02-13,MSFT
MSFT260213P00310000,310.0,0.04,0.0,1.15,3.0,8.0,0.7670921728515626,False,PUT,2026-02-13,MSFT
MSFT260213P00320000,320.0,0.06,0.0,0.08,,32.0,0.53320779296875,False,PUT,2026-02-13,MSFT
MSFT260213P00325000,325.0,0.07,0.01,0.05,,1.0,0.4804739453125,False,PUT,2026-02-13,MSFT
MSFT260213P00330000,330.0,0.04,0.03,0.04,2.0,5.0,0.445318046875,False,PUT,2026-02-13,MSFT
MSFT260213P00335000,335.0,0.08,0.03,0.06,2.0,19.0,0.43945873046875,False,PUT,2026-02-13,MSFT
MSFT260213P00340000,340.0,0.07,0.04,0.07,56.0,47.0,0.42188078125,False,PUT,2026-02-13,MSFT
MSFT260213P00345000,345.0,0.08,0.06,0.09,11.0,26.0,0.40820904296875,False,PUT,2026-02-13,MSFT
MSFT260213P00350000,350.0,0.1,0.1,0.12,29.0,19.0,0.39649041015625003,False,PUT,2026-02-13,MSFT
MSFT260213P00355000,355.0,0.15,0.12,0.15,15.0,13.0,0.38184211914062494,False,PUT,2026-02-13,MSFT
MSFT260213P00360000,360.0,0.2,0.17,0.19,52.0,17.0,0.3676821044921875,False,PUT,2026-02-13,MSFT
MSFT260213P00365000,365.0,0.26,0.24,0.26,90.0,58.0,0.35742830078125,False,PUT,2026-02-13,MSFT
MSFT260213P00370000,370.0,0.37,0.35,0.37,111.0,72.0,0.3493717407226562,False,PUT,2026-02-13,MSFT
MSFT260213P00375000,375.0,0.53,0.48,0.51,155.0,73.0,0.3398503515625,False,PUT,2026-02-13,MSFT
MSFT260213P00380000,380.0,0.74,0.67,0.72,1187.0,93.0,0.33228206787109377,False,PUT,2026-02-13,MSFT
MSFT260213P00385000,385.0,1.09,0.97,1.02,333.0,99.0,0.32569033691406246,False,PUT,2026-02-13,MSFT
MSFT260213P00390000,390.0,1.53,1.38,1.44,267.0,183.0,0.3197089514160155,False,PUT,2026-02-13,MSFT
MSFT260213P00395000,395.0,1.96,1.95,2.01,361.0,550.0,0.31409377319335935,False,PUT,2026-02-13,MSFT
MSFT260213P00400000,400.0,2.72,2.71,2.79,676.0,220.0,0.309577216796875,False,PUT,2026-02-13,MSFT
MSFT260213P00405000,405.0,3.7,3.65,3.75,582.0,346.0,0.3031075549316406,False,PUT,2026-02-13,MSFT
MSFT260213P00410000,410.0,4.95,4.9,5.05,690.0,458.0,0.29920134399414056,False,PUT,2026-02-13,MSFT
MSFT260213P00415000,415.0,6.75,6.55,6.7,785.0,686.0,0.29614961669921874,False,PUT,2026-02-13,MSFT
MSFT260213P00420000,420.0,8.45,8.65,8.8,1062.0,683.0,0.29584444396972653,False,PUT,2026-02-13,MSFT
MSFT260213P00425000,425.0,11.15,11.1,11.2,1307.0,746.0,0.29321995849609367,True,PUT,2026-02-13,MSFT
MSFT260213P00430000,430.0,13.35,13.75,13.95,1451.0,2468.0,0.2897409893798828,True,PUT,2026-02-13,MSFT
MSFT260213P00435000,435.0,17.35,17.05,17.25,392.0,2247.0,0.29157202575683583,True,PUT,2026-02-13,MSFT
MSFT260213P00440000,440.0,20.88,20.55,20.8,295.0,615.0,0.29090064575195307,True,PUT,2026-02-13,MSFT
MSFT260213P00445000,445.0,24.16,24.4,24.65,247.0,417.0,0.29004616210937495,True,PUT,2026-02-13,MSFT
MSFT260213P00450000,450.0,28.2,28.5,28.7,232.0,1393.0,0.2863230548095703,True,PUT,2026-02-13,MSFT
MSFT260213P00455000,455.0,33.27,32.75,33.65,98.0,417.0,0.3171455004882812,True,PUT,2026-02-13,MSFT
MSFT260213P00460000,460.0,37.58,36.95,38.2,115.0,537.0,0.3244696459960937,True,PUT,2026-02-13,MSFT
MSFT260213P00465000,465.0,42.16,41.6,42.6,103.0,347.0,0.3142158422851562,True,PUT,2026-02-13,MSFT
MSFT260213P00470000,470.0,46.78,46.2,47.1,69.0,342.0,0.29492892578124996,True,PUT,2026-02-13,MSFT
MSFT260213P00475000,475.0,51.8,50.85,52.2,43.0,946.0,0.32959654785156245,True,PUT,2026-02-13,MSFT
MSFT260213P00480000,480.0,56.65,55.65,57.6,63.0,319.0,0.3918517846679687,True,PUT,2026-02-13,MSFT
MSFT260213P00485000,485.0,61.32,60.5,62.55,51.0,185.0,0.41199318481445313,True,PUT,2026-02-13,MSFT
MSFT260213P00490000,490.0,66.34,65.05,67.5,22.0,2483.0,0.43115803222656257,True,PUT,2026-02-13,MSFT
MSFT260213P00495000,495.0,70.55,69.9,73.15,21.0,169.0,0.5106250109863282,True,PUT,2026-02-13,MSFT
MSFT260213P00500000,500.0,76.89,74.9,78.0,7.0,211.0,0.5229539892578124,True,PUT,2026-02-13,MSFT
MSFT260213P00505000,505.0,82.61,79.85,83.05,3.0,40.0,0.5507857421875001,True,PUT,2026-02-13,MSFT
MSFT260213P00510000,510.0,75.74,84.85,87.95,13.0,34.0,0.5654340332031251,True,PUT,2026-02-13,MSFT
MSFT260213P00515000,515.0,40.05,89.85,93.15,9.0,4.0,0.6055947644042969,True,PUT,2026-02-13,MSFT
MSFT260213P00520000,520.0,42.83,94.85,98.1,3.0,56.0,0.6237830590820312,True,PUT,2026-02-13,MSFT
MSFT260213P00525000,525.0,102.25,99.65,102.95,7.0,7.0,0.6320837573242188,True,PUT,2026-02-13,MSFT
MSFT260213P00530000,530.0,88.45,104.85,107.85,1.0,0.0,0.6435582519531251,True,PUT,2026-02-13,MSFT
MSFT260213P00535000,535.0,55.4,109.85,113.1,5.0,16.0,0.6892120922851563,True,PUT,2026-02-13,MSFT
MSFT260213P00540000,540.0,58.42,114.85,117.95,3.0,4.0,0.6953155468750001,True,PUT,2026-02-13,MSFT
MSFT260213P00545000,545.0,121.84,119.8,122.9,5.0,45.0,0.7106962524414062,True,PUT,2026-02-13,MSFT
MSFT260220C00300000,300.0,127.69,123.05,126.0,2.0,47.0,0.7817404638671875,True,CALL,2026-02-20,MSFT
MSFT260220C00305000,305.0,174.07,117.85,121.0,1.0,9.0,0.7368190380859375,True,CALL,2026-02-20,MSFT
MSFT260220C00310000,310.0,164.74,113.55,116.05,1.0,7.0,0.7502466381835937,True,CALL,2026-02-20,MSFT
MSFT260220C00315000,315.0,177.59,156.85,160.3,1.0,1.0,2.625369647521973,True,CALL,2026-02-20,MSFT
MSFT260220C00320000,320.0,105.68,103.1,106.05,120.0,120.0,0.6623568920898439,True,CALL,2026-02-20,MSFT
MSFT260220C00325000,325.0,164.75,98.25,101.1,2.0,13.0,0.6423375610351563,True,CALL,2026-02-20,MSFT
MSFT260220C00330000,330.0,133.15,93.05,96.1,2.0,22.0,0.6015664843750002,True,CALL,2026-02-20,MSFT
MSFT260220C00335000,335.0,145.26,88.2,91.15,4.0,4.0,0.5813030151367188,True,CALL,2026-02-20,MSFT
MSFT260220C00340000,340.0,85.0,83.5,86.1,1.0,27.0,0.5625043750000001,True,CALL,2026-02-20,MSFT
MSFT260220C00345000,345.0,85.0,78.2,81.25,13.0,2.0,0.5257615783691407,True,CALL,2026-02-20,MSFT
MSFT260220C00350000,350.0,76.0,73.35,76.2,5.0,16.0,0.500005,True,CALL,2026-02-20,MSFT
MSFT260220C00355000,355.0,73.36,68.5,71.35,18.0,7.0,0.571415418701172,True,CALL,2026-02-20,MSFT
MSFT260220C00360000,360.0,68.5,63.45,66.2,6.0,280.0,0.529423651123047,True,CALL,2026-02-20,MSFT
MSFT260220C00365000,365.0,108.0,58.8,61.4,1.0,3.0,0.5062305236816407,True,CALL,2026-02-20,MSFT
MSFT260220C00370000,370.0,55.29,53.7,56.8,1.0,18.0,0.4910939562988281,True,CALL,2026-02-20,MSFT
MSFT260220C00375000,375.0,51.63,49.8,51.2,2.0,40.0,0.42902182312011716,True,CALL,2026-02-20,MSFT
MSFT260220C00380000,380.0,45.84,45.15,46.2,40.0,16.0,0.39539178833007815,True,CALL,2026-02-20,MSFT
MSFT260220C00385000,385.0,41.97,40.55,42.55,26.0,21.0,0.4155331884765625,True,CALL,2026-02-20,MSFT
MSFT260220C00390000,390.0,36.25,36.1,37.15,46.0,72.0,0.36426416992187505,True,CALL,2026-02-20,MSFT
MSFT260220C00395000,395.0,32.78,32.15,32.95,21.0,50.0,0.3548648498535155,True,CALL,2026-02-20,MSFT
MSFT260220C00400000,400.0,28.64,28.05,28.3,544.0,413.0,0.32709413146972655,True,CALL,2026-02-20,MSFT
MSFT260220C00405000,405.0,24.5,24.2,24.4,63.0,60.0,0.31836619140624994,True,CALL,2026-02-20,MSFT
MSFT260220C00410000,410.0,21.07,20.65,20.8,163.0,261.0,0.3117744604492187,True,CALL,2026-02-20,MSFT
MSFT260220C00415000,415.0,17.34,17.35,17.55,319.0,276.0,0.3075630767822265,True,CALL,2026-02-20,MSFT
MSFT260220C00420000,420.0,14.64,14.6,14.75,1753.0,264.0,0.3071968695068359,True,CALL,2026-02-20,MSFT
MSFT260220C00425000,425.0,11.9,11.85,11.95,3326.0,116.0,0.2996285858154296,False,CALL,2026-02-20,MSFT
MSFT260220C00430000,430.0,9.66,9.6,9.7,5487.0,283.0,0.29779754943847647,False,CALL,2026-02-20,MSFT
MSFT260220C00435000,435.0,7.74,7.65,7.75,3931.0,145.0,0.2958139266967773,False,CALL,2026-02-20,MSFT
MSFT260220C00437500,437.5,7.0,6.8,6.95,1194.0,86.0,0.29645478942871095,False,CALL,2026-02-20,MSFT
MSFT260220C00440000,440.0,6.1,6.1,6.15,5487.0,448.0,0.295356167602539,False,CALL,2026-02-20,MSFT
MSFT260220C00442500,442.5,5.4,5.45,5.55,961.0,145.0,0.2978585839843749,False,CALL,2026-02-20,MSFT
MSFT260220C00445000,445.0,4.95,4.8,4.85,2887.0,1525.0,0.29596651306152344,False,CALL,2026-02-20,MSFT
MSFT260220C00447500,447.5,4.3,4.35,4.45,1108.0,150.0,0.30109341491699215,False,CALL,2026-02-20,MSFT
MSFT260220C00450000,450.0,3.8,3.8,3.85,8985.0,1972.0,0.29871306762695304,False,CALL,2026-02-20,MSFT
MSFT260220C00452500,452.5,3.55,3.4,3.5,993.0,279.0,0.30274134765625,False,CALL,2026-02-20,MSFT
MSFT260220C00455000,455.0,3.05,3.05,3.1,3746.0,711.0,0.3037789349365234,False,CALL,2026-02-20,MSFT
MSFT260220C00457500,457.5,2.7,2.72,2.76,1238.0,425.0,0.30548790222167965,False,CALL,2026-02-20,MSFT
MSFT260220C00460000,460.0,2.44,2.41,2.45,5403.0,1806.0,0.307074800415039,False,CALL,2026-02-20,MSFT
MSFT260220C00462500,462.5,2.25,2.15,2.19,1235.0,699.0,0.30933307861328124,False,CALL,2026-02-20,MSFT
MSFT260220C00465000,465.0,1.98,1.94,1.99,2107.0,3752.0,0.31323928955078123,False,CALL,2026-02-20,MSFT
MSFT260220C00467500,467.5,1.8,1.76,1.8,943.0,1047.0,0.31653515502929686,False,CALL,2026-02-20,MSFT
MSFT260220C00470000,470.0,1.6,1.58,1.62,3691.0,4124.0,0.3193427441406249,False,CALL,2026-02-20,MSFT
MSFT260220C00472500,472.5,1.48,1.46,1.5,438.0,254.0,0.3244696459960937,False,CALL,2026-02-20,MSFT
MSFT260220C00475000,475.0,1.42,1.34,1.37,1589.0,4485.0,0.3283758569335937,False,CALL,2026-02-20,MSFT
MSFT260220C00477500,477.5,1.37,1.22,1.25,160.0,363.0,0.3320379296875,False,CALL,2026-02-20,MSFT
MSFT260220C00480000,480.0,1.16,1.11,1.15,6245.0,6672.0,0.33618827880859375,False,CALL,2026-02-20,MSFT
MSFT260220C00482500,482.5,1.07,1.03,1.07,423.0,437.0,0.3411931115722656,False,CALL,2026-02-20,MSFT
MSFT260220C00485000,485.0,0.99,0.96,0.99,1309.0,4252.0,0.3455875988769531,False,CALL,2026-02-20,MSFT
MSFT260220C00490000,490.0,0.86,0.83,0.86,2199.0,7995.0,0.3549869189453124,False,CALL,2026-02-20,MSFT
MSFT260220C00495000,495.0,0.75,0.72,0.76,5360.0,4337.0,0.36524072265625,False,CALL,2026-02-20,MSFT
MSFT260220C00500000,500.0,0.66,0.65,0.66,9725.0,14791.0,0.3737855590820312,False,CALL,2026-02-20,MSFT
MSFT260220C00505000,505.0,0.6,0.57,0.6,756.0,5267.0,0.38477177734374995,False,CALL,2026-02-20,MSFT
MSFT260220C00510000,510.0,0.54,0.5,0.52,2048.0,15431.0,0.39234006103515623,False,CALL,2026-02-20,MSFT
MSFT260220C00515000,515.0,0.5,0.46,0.48,5656.0,6510.0,0.4035704174804688,False,CALL,2026-02-20,MSFT
MSFT260220C00520000,520.0,0.41,0.41,0.43,1511.0,9628.0,0.41260353027343744,False,CALL,2026-02-20,MSFT
MSFT260220C00525000,525.0,0.39,0.36,0.39,1193.0,5478.0,0.42188078125,False,CALL,2026-02-20,MSFT
MSFT260220C00530000,530.0,0.32,0.32,0.35,1303.0,6891.0,0.43018147949218755,False,CALL,2026-02-20,MSFT
MSFT260220C00535000,535.0,0.32,0.28,0.31,2334.0,2545.0,0.437505625,False,CALL,2026-02-20,MSFT
MSFT260220C00540000,540.0,0.26,0.25,0.28,1362.0,6081.0,0.445318046875,False,CALL,2026-02-20,MSFT
MSFT260220C00545000,545.0,0.25,0.23,0.25,609.0,23181.0,0.45264219238281256,False,CALL,2026-02-20,MSFT
MSFT260220C00550000,550.0,0.22,0.21,0.22,2017.0,12378.0,0.4585015087890626,False,CALL,2026-02-20,MSFT
MSFT260220P00300000,300.0,0.02,0.0,0.26,58.0,190.0,0.567387138671875,False,PUT,2026-02-20,MSFT
MSFT260220P00305000,305.0,0.01,0.0,0.61,6.0,174.0,0.6069375244140626,False,PUT,2026-02-20,MSFT
MSFT260220P00310000,310.0,0.04,0.03,0.16,50.0,109.0,0.500005,False,PUT,2026-02-20,MSFT
MSFT260220P00315000,315.0,0.04,0.04,0.05,68.0,133.0,0.44336494140625,False,PUT,2026-02-20,MSFT
MSFT260220P00320000,320.0,0.05,0.03,0.06,89.0,86.0,0.43066975585937506,False,PUT,2026-02-20,MSFT
MSFT260220P00325000,325.0,0.06,0.04,0.06,11.0,121.0,0.40918559570312496,False,PUT,2026-02-20,MSFT
MSFT260220P00330000,330.0,0.09,0.06,0.09,27.0,1639.0,0.4062559375,False,PUT,2026-02-20,MSFT
MSFT260220P00335000,335.0,0.1,0.08,0.11,62.0,230.0,0.393560751953125,False,PUT,2026-02-20,MSFT
MSFT260220P00340000,340.0,0.14,0.11,0.13,203.0,314.0,0.3789124609375,False,PUT,2026-02-20,MSFT
MSFT260220P00345000,345.0,0.16,0.14,0.16,104.0,414.0,0.3667055517578125,False,PUT,2026-02-20,MSFT
MSFT260220P00350000,350.0,0.21,0.2,0.22,587.0,368.0,0.35986968261718744,False,PUT,2026-02-20,MSFT
MSFT260220P00355000,355.0,0.33,0.26,0.28,151.0,187.0,0.3491276025390625,False,PUT,2026-02-20,MSFT
MSFT260220P00360000,360.0,0.39,0.35,0.38,159.0,281.0,0.34204759521484374,False,PUT,2026-02-20,MSFT
MSFT260220P00365000,365.0,0.52,0.48,0.51,83.0,235.0,0.33447931152343746,False,PUT,2026-02-20,MSFT
MSFT260220P00370000,370.0,0.73,0.66,0.7,546.0,1204.0,0.32874206420898433,False,PUT,2026-02-20,MSFT
MSFT260220P00375000,375.0,0.93,0.9,0.94,1084.0,1077.0,0.3221503332519531,False,PUT,2026-02-20,MSFT
MSFT260220P00380000,380.0,1.27,1.22,1.26,2981.0,1554.0,0.31580274047851553,False,PUT,2026-02-20,MSFT
MSFT260220P00385000,385.0,1.68,1.66,1.7,2844.0,1107.0,0.3109199768066406,False,PUT,2026-02-20,MSFT
MSFT260220P00390000,390.0,2.25,2.25,2.29,2194.0,943.0,0.30689169677734374,False,PUT,2026-02-20,MSFT
MSFT260220P00395000,395.0,2.96,2.98,3.05,1438.0,1567.0,0.3031075549316406,False,PUT,2026-02-20,MSFT
MSFT260220P00400000,400.0,3.92,3.85,3.95,5267.0,3040.0,0.29755341125488277,False,PUT,2026-02-20,MSFT
MSFT260220P00405000,405.0,5.11,5.05,5.15,1536.0,1285.0,0.2945016839599609,False,PUT,2026-02-20,MSFT
MSFT260220P00410000,410.0,6.59,6.5,6.55,2847.0,1987.0,0.2898630584716796,False,PUT,2026-02-20,MSFT
MSFT260220P00415000,415.0,8.33,8.25,8.4,1483.0,2507.0,0.2894052993774413,False,PUT,2026-02-20,MSFT
MSFT260220P00420000,420.0,10.48,10.45,10.55,5139.0,4679.0,0.28852029846191396,False,PUT,2026-02-20,MSFT
MSFT260220P00425000,425.0,12.9,12.85,12.95,2963.0,4079.0,0.2858347784423828,True,PUT,2026-02-20,MSFT
MSFT260220P00430000,430.0,15.49,15.55,15.7,3169.0,6116.0,0.2837901211547851,True,PUT,2026-02-20,MSFT
MSFT260220P00435000,435.0,18.56,18.8,18.95,2362.0,3259.0,0.28623150299072264,True,PUT,2026-02-20,MSFT
MSFT260220P00437500,437.5,20.9,20.4,20.55,458.0,283.0,0.28400374206542955,True,PUT,2026-02-20,MSFT
MSFT260220P00440000,440.0,22.2,22.1,22.3,1485.0,9669.0,0.2837901211547851,True,PUT,2026-02-20,MSFT
MSFT260220P00442500,442.5,24.05,24.0,24.15,221.0,393.0,0.28443098388671867,True,PUT,2026-02-20,MSFT
MSFT260220P00445000,445.0,25.65,25.95,26.15,891.0,5835.0,0.28766581481933584,True,PUT,2026-02-20,MSFT
MSFT260220P00447500,447.5,28.06,27.7,27.9,157.0,292.0,0.281684429321289,True,PUT,2026-02-20,MSFT
MSFT260220P00450000,450.0,29.76,29.85,30.05,1135.0,11106.0,0.2863230548095703,True,PUT,2026-02-20,MSFT
MSFT260220P00452500,452.5,32.3,31.95,32.15,52.0,428.0,0.28790995300292954,True,PUT,2026-02-20,MSFT
MSFT260220P00455000,455.0,34.31,33.5,34.4,319.0,3565.0,0.2934640966796874,True,PUT,2026-02-20,MSFT
MSFT260220P00457500,457.5,36.25,35.4,37.05,74.0,216.0,0.31317825500488283,True,PUT,2026-02-20,MSFT
MSFT260220P00460000,460.0,38.17,38.0,38.75,492.0,4718.0,0.29529513305664057,True,PUT,2026-02-20,MSFT
MSFT260220P00462500,462.5,40.55,39.7,41.05,35.0,227.0,0.29944548217773437,True,PUT,2026-02-20,MSFT
MSFT260220P00465000,465.0,42.78,42.35,43.15,224.0,5658.0,0.29273168212890616,True,PUT,2026-02-20,MSFT
MSFT260220P00467500,467.5,46.16,44.4,45.9,35.0,411.0,0.31726756958007807,True,PUT,2026-02-20,MSFT
MSFT260220P00470000,470.0,47.38,47.05,48.15,281.0,5995.0,0.3164741204833984,True,PUT,2026-02-20,MSFT
MSFT260220P00472500,472.5,50.71,49.4,50.25,58.0,333.0,0.3048165222167969,True,PUT,2026-02-20,MSFT
MSFT260220P00475000,475.0,52.53,51.65,52.8,169.0,3139.0,0.3189765368652343,True,PUT,2026-02-20,MSFT
MSFT260220P00477500,477.5,53.55,53.8,56.15,36.0,251.0,0.37720349365234374,True,PUT,2026-02-20,MSFT
MSFT260220P00480000,480.0,56.6,55.95,57.55,1738.0,7673.0,0.3233710241699218,True,PUT,2026-02-20,MSFT
MSFT260220P00482500,482.5,59.89,58.0,61.15,14.0,448.0,0.40027455200195317,True,PUT,2026-02-20,MSFT
MSFT260220P00485000,485.0,60.53,60.45,63.55,50.0,2467.0,0.4062559375,True,PUT,2026-02-20,MSFT
MSFT260220P00490000,490.0,66.35,65.75,67.2,111.0,1960.0,0.3325262060546875,True,PUT,2026-02-20,MSFT
MSFT260220P00495000,495.0,69.95,70.25,73.05,65.0,1866.0,0.4194393994140625,True,PUT,2026-02-20,MSFT
MSFT260220P00500000,500.0,75.97,75.1,78.05,134.0,2421.0,0.43970286865234376,True,PUT,2026-02-20,MSFT
MSFT260220P00505000,505.0,81.29,80.0,83.1,40.0,1089.0,0.46289599609375004,True,PUT,2026-02-20,MSFT
MSFT260220P00510000,510.0,85.8,84.95,87.45,21.0,1193.0,0.43018147949218755,True,PUT,2026-02-20,MSFT
MSFT260220P00515000,515.0,90.73,90.1,92.95,8.0,599.0,0.4904836108398438,True,PUT,2026-02-20,MSFT
MSFT260220P00520000,520.0,96.05,94.95,97.35,35.0,1355.0,0.4549615051269531,True,PUT,2026-02-20,MSFT
MSFT260220P00525000,525.0,101.55,100.2,103.0,15.0,530.0,0.5312546875,True,PUT,2026-02-20,MSFT
MSFT260220P00530000,530.0,105.0,104.85,108.05,6.0,175.0,0.5531050549316407,True,PUT,2026-02-20,MSFT
MSFT260220P00535000,535.0,111.1,110.25,112.3,3.0,435.0,0.499028447265625,True,PUT,2026-02-20,MSFT
MSFT260220P00540000,540.0,115.41,114.85,118.0,4.0,28.0,0.5842326733398437,True,PUT,2026-02-20,MSFT
MSFT260220P00545000,545.0,66.2,119.85,122.95,1.0,18.0,0.5971719970703125,True,PUT,2026-02-20,MSFT
MSFT260220P00550000,550.0,71.2,124.85,127.9,30.0,33.0,0.609500975341797,True,PUT,2026-02-20,MSFT
MSFT260227C00325000,325.0,154.0,97.95,101.2,,1.0,0.5556685058593751,True,CALL,2026-02-27,MSFT
MSFT260227C00335000,335.0,144.2,88.15,91.2,1.0,0.0,0.5112353564453125,True,CALL,2026-02-27,MSFT
MSFT260227C00350000,350.0,91.2,74.0,76.45,,3.0,0.536259520263672,True,CALL,2026-02-27,MSFT
MSFT260227C00365000,365.0,104.29,58.8,61.75,1.0,1.0,0.45929495788574226,True,CALL,2026-02-27,MSFT
MSFT260227C00370000,370.0,71.85,54.9,56.25,7.0,1.0,0.4081480084228516,True,CALL,2026-02-27,MSFT
MSFT260227C00375000,375.0,57.5,50.25,51.6,1.0,2.0,0.3927062683105469,True,CALL,2026-02-27,MSFT
MSFT260227C00380000,380.0,46.19,45.65,46.9,22.0,7.0,0.3736024554443359,True,CALL,2026-02-27,MSFT
MSFT260227C00385000,385.0,84.85,41.2,42.1,5.0,6.0,0.34955484436035156,True,CALL,2026-02-27,MSFT
MSFT260227C00390000,390.0,38.15,36.85,38.1,49.0,15.0,0.34918863708496095,True,CALL,2026-02-27,MSFT
MSFT260227C00395000,395.0,34.4,32.7,33.9,4.0,5.0,0.3382024188232422,True,CALL,2026-02-27,MSFT
MSFT260227C00400000,400.0,30.0,28.85,30.05,179.0,8.0,0.33267879241943366,True,CALL,2026-02-27,MSFT
MSFT260227C00410000,410.0,22.49,21.9,22.1,33.0,22.0,0.30286341674804684,True,CALL,2026-02-27,MSFT
MSFT260227C00415000,415.0,19.45,18.8,19.0,216.0,34.0,0.30084927673339845,True,CALL,2026-02-27,MSFT
MSFT260227C00420000,420.0,16.1,15.9,16.1,351.0,16.0,0.2974618594360351,True,CALL,2026-02-27,MSFT
MSFT260227C00425000,425.0,13.5,13.35,13.5,734.0,27.0,0.29465427032470703,False,CALL,2026-02-27,MSFT
MSFT260227C00430000,430.0,11.45,11.2,11.3,1141.0,41.0,0.29444064941406245,False,CALL,2026-02-27,MSFT
MSFT260227C00435000,435.0,9.56,9.3,9.45,1012.0,143.0,0.29596651306152344,False,CALL,2026-02-27,MSFT
MSFT260227C00440000,440.0,7.6,7.6,7.7,849.0,157.0,0.2941965112304687,False,CALL,2026-02-27,MSFT
MSFT260227C00445000,445.0,6.25,6.05,6.2,555.0,159.0,0.2924875439453124,False,CALL,2026-02-27,MSFT
MSFT260227C00450000,450.0,5.1,5.0,5.05,1688.0,249.0,0.2940134075927734,False,CALL,2026-02-27,MSFT
MSFT260227C00455000,455.0,4.05,4.0,4.15,425.0,266.0,0.29730927307128896,False,CALL,2026-02-27,MSFT
MSFT260227C00460000,460.0,3.31,3.25,3.35,2037.0,337.0,0.2990182403564453,False,CALL,2026-02-27,MSFT
MSFT260227C00465000,465.0,2.81,2.67,2.73,414.0,442.0,0.30213100219726563,False,CALL,2026-02-27,MSFT
MSFT260227C00470000,470.0,2.37,2.21,2.27,583.0,1499.0,0.3073189385986328,False,CALL,2026-02-27,MSFT
MSFT260227C00475000,475.0,1.91,1.89,1.93,666.0,786.0,0.3142158422851562,False,CALL,2026-02-27,MSFT
MSFT260227C00480000,480.0,1.58,1.57,1.6,956.0,434.0,0.31873239868164055,False,CALL,2026-02-27,MSFT
MSFT260227C00485000,485.0,1.36,1.34,1.38,307.0,317.0,0.32617861328125,False,CALL,2026-02-27,MSFT
MSFT260227C00490000,490.0,1.2,1.14,1.2,744.0,2230.0,0.33374689697265625,False,CALL,2026-02-27,MSFT
MSFT260227C00495000,495.0,1.02,0.98,1.03,286.0,1357.0,0.34009448974609374,False,CALL,2026-02-27,MSFT
MSFT260227C00500000,500.0,0.88,0.88,0.89,802.0,650.0,0.34656415161132803,False,CALL,2026-02-27,MSFT
MSFT260227C00505000,505.0,0.8,0.75,0.79,103.0,638.0,0.3544986425781249,False,CALL,2026-02-27,MSFT
MSFT260227C00510000,510.0,0.71,0.66,0.7,555.0,531.0,0.36206692626953124,False,CALL,2026-02-27,MSFT
MSFT260227C00515000,515.0,0.58,0.59,0.63,153.0,378.0,0.3702455554199219,False,CALL,2026-02-27,MSFT
MSFT260227C00520000,520.0,0.55,0.53,0.57,206.0,468.0,0.37842418457031246,False,CALL,2026-02-27,MSFT
MSFT260227C00525000,525.0,0.48,0.47,0.51,215.0,656.0,0.38550419189453117,False,CALL,2026-02-27,MSFT
MSFT260227C00530000,530.0,0.44,0.42,0.45,135.0,839.0,0.39160764648437496,False,CALL,2026-02-27,MSFT
MSFT260227C00535000,535.0,0.37,0.37,0.41,33.0,97.0,0.3991759301757813,False,CALL,2026-02-27,MSFT
MSFT260227C00540000,540.0,0.35,0.33,0.37,103.0,142.0,0.40601179931640624,False,CALL,2026-02-27,MSFT
MSFT260227C00545000,545.0,0.3,0.31,0.34,15.0,23.0,0.4138242211914062,False,CALL,2026-02-27,MSFT
MSFT260227C00550000,550.0,0.28,0.26,0.3,87.0,231.0,0.418951123046875,False,CALL,2026-02-27,MSFT
MSFT260227P00300000,300.0,0.04,0.0,0.25,9.0,6.0,0.5400436621093752,False,PUT,2026-02-27,MSFT
MSFT260227P00310000,310.0,0.06,0.03,0.07,2.0,1.0,0.422857333984375,False,PUT,2026-02-27,MSFT
MSFT260227P00320000,320.0,0.14,0.06,0.08,4.0,3.0,0.389654541015625,False,PUT,2026-02-27,MSFT
MSFT260227P00330000,330.0,0.13,0.12,0.15,3.0,1.0,0.37842418457031246,False,PUT,2026-02-27,MSFT
MSFT260227P00335000,335.0,0.21,0.15,0.18,2.0,2.0,0.367193828125,False,PUT,2026-02-27,MSFT
MSFT260227P00340000,340.0,0.27,0.21,0.24,47.0,10.0,0.36084623535156246,False,PUT,2026-02-27,MSFT
MSFT260227P00345000,345.0,0.3,0.27,0.3,27.0,34.0,0.35156898437499995,False,PUT,2026-02-27,MSFT
MSFT260227P00350000,350.0,0.39,0.35,0.39,64.0,22.0,0.3442448388671875,False,PUT,2026-02-27,MSFT
MSFT260227P00355000,355.0,0.55,0.48,0.51,59.0,19.0,0.33765310791015624,False,PUT,2026-02-27,MSFT
MSFT260227P00360000,360.0,0.7,0.62,0.66,181.0,18.0,0.33081723876953123,False,PUT,2026-02-27,MSFT
MSFT260227P00365000,365.0,0.83,0.82,0.87,175.0,26.0,0.32532412963867186,False,PUT,2026-02-27,MSFT
MSFT260227P00370000,370.0,1.13,1.1,1.14,236.0,92.0,0.31995308959960933,False,PUT,2026-02-27,MSFT
MSFT260227P00375000,375.0,1.55,1.41,1.47,318.0,70.0,0.31391066955566405,False,PUT,2026-02-27,MSFT
MSFT260227P00380000,380.0,2.0,1.85,1.9,423.0,851.0,0.3085396295166015,False,PUT,2026-02-27,MSFT
MSFT260227P00385000,385.0,2.42,2.39,2.46,326.0,37.0,0.30408410766601557,False,PUT,2026-02-27,MSFT
MSFT260227P00390000,390.0,3.09,3.05,3.2,633.0,133.0,0.30109341491699215,False,PUT,2026-02-27,MSFT
MSFT260227P00395000,395.0,3.9,3.9,4.05,707.0,701.0,0.29633272033691405,False,PUT,2026-02-27,MSFT
MSFT260227P00400000,400.0,4.99,4.9,5.05,1999.0,1762.0,0.2907175421142577,False,PUT,2026-02-27,MSFT
MSFT260227P00405000,405.0,6.42,6.25,6.4,402.0,225.0,0.28873391937255855,False,PUT,2026-02-27,MSFT
MSFT260227P00410000,410.0,7.87,7.9,8.05,832.0,367.0,0.28790995300292954,False,PUT,2026-02-27,MSFT
MSFT260227P00415000,415.0,9.62,9.6,9.75,531.0,1389.0,0.2823558093261719,False,PUT,2026-02-27,MSFT
MSFT260227P00420000,420.0,12.2,11.75,11.85,785.0,438.0,0.27948718566894526,False,PUT,2026-02-27,MSFT
MSFT260227P00425000,425.0,14.29,14.3,14.45,718.0,595.0,0.2810130493164062,True,PUT,2026-02-27,MSFT
MSFT260227P00430000,430.0,17.39,16.95,17.15,582.0,723.0,0.27854115020751957,True,PUT,2026-02-27,MSFT
MSFT260227P00435000,435.0,20.15,19.95,20.15,295.0,685.0,0.2763439065551757,True,PUT,2026-02-27,MSFT
MSFT260227P00440000,440.0,23.35,23.45,23.7,321.0,551.0,0.2803416693115234,True,PUT,2026-02-27,MSFT
MSFT260227P00445000,445.0,27.37,26.5,27.5,139.0,632.0,0.2849802947998046,True,PUT,2026-02-27,MSFT
MSFT260227P00450000,450.0,30.5,30.35,31.0,263.0,876.0,0.27649649291992184,True,PUT,2026-02-27,MSFT
MSFT260227P00455000,455.0,34.73,34.05,35.15,68.0,680.0,0.27948718566894526,True,PUT,2026-02-27,MSFT
MSFT260227P00460000,460.0,38.94,38.65,39.6,173.0,604.0,0.2873606420898437,True,PUT,2026-02-27,MSFT
MSFT260227P00465000,465.0,43.05,42.8,44.2,97.0,187.0,0.2971261694335937,True,PUT,2026-02-27,MSFT
MSFT260227P00470000,470.0,47.98,47.5,48.2,111.0,390.0,0.278327529296875,True,PUT,2026-02-27,MSFT
MSFT260227P00475000,475.0,52.68,52.15,53.5,29.0,297.0,0.31238480590820306,True,PUT,2026-02-27,MSFT
MSFT260227P00480000,480.0,56.31,56.85,58.25,24.0,158.0,0.32068550415039054,True,PUT,2026-02-27,MSFT
MSFT260227P00485000,485.0,62.0,60.7,63.85,19.0,105.0,0.36829244995117194,True,PUT,2026-02-27,MSFT
MSFT260227P00490000,490.0,68.3,65.5,68.65,64.0,138.0,0.3787293572998046,True,PUT,2026-02-27,MSFT
MSFT260227P00495000,495.0,73.24,70.5,73.65,25.0,142.0,0.39771110107421875,True,PUT,2026-02-27,MSFT
MSFT260227P00500000,500.0,75.78,75.45,78.15,55.0,122.0,0.38941040283203127,True,PUT,2026-02-27,MSFT
MSFT260227P00505000,505.0,76.83,80.1,83.35,2.0,36.0,0.41834077758789057,True,PUT,2026-02-27,MSFT
MSFT260227P00510000,510.0,77.25,85.05,88.2,2.0,3.0,0.4270076831054688,True,PUT,2026-02-27,MSFT
MSFT260227P00515000,515.0,86.6,89.95,93.15,8.0,44.0,0.4408014904785156,True,PUT,2026-02-27,MSFT
MSFT260227P00520000,520.0,96.56,95.1,98.15,1.0,9.0,0.4572808178710938,True,PUT,2026-02-27,MSFT
MSFT260227P00525000,525.0,49.88,99.9,103.1,10.0,55.0,0.47022014160156256,True,PUT,2026-02-27,MSFT
MSFT260227P00530000,530.0,51.0,104.85,108.05,31.0,27.0,0.4826711889648438,True,PUT,2026-02-27,MSFT
MSFT260227P00535000,535.0,63.5,109.85,113.05,11.0,10.0,0.4981739636230469,True,PUT,2026-02-27,MSFT
MSFT260227P00540000,540.0,67.82,114.55,118.0,1.0,10.0,0.5097705273437501,True,PUT,2026-02-27,MSFT
MSFT260227P00545000,545.0,72.82,119.6,122.9,1.0,1.0,0.5170946728515625,True,PUT,2026-02-27,MSFT
MSFT260306C00370000,370.0,59.9,55.25,57.1,1.0,1.0,0.3986876538085938,True,CALL,2026-03-06,MSFT
MSFT260306C00400000,400.0,31.0,29.8,31.25,75.0,76.0,0.32660585510253903,True,CALL,2026-03-06,MSFT
MSFT260306C00410000,410.0,23.52,23.45,23.7,41.0,15.0,0.30487755676269535,True,CALL,2026-03-06,MSFT
MSFT260306C00425000,425.0,15.45,14.85,15.1,474.0,2.0,0.29505099487304687,False,CALL,2026-03-06,MSFT
MSFT260306C00430000,430.0,12.67,12.75,12.8,559.0,3.0,0.29325047576904284,False,CALL,2026-03-06,MSFT
MSFT260306C00435000,435.0,10.65,10.7,10.95,602.0,5.0,0.2953256503295898,False,CALL,2026-03-06,MSFT
MSFT260306C00440000,440.0,9.08,8.85,9.05,347.0,29.0,0.2919992675781249,False,CALL,2026-03-06,MSFT
MSFT260306C00445000,445.0,7.52,7.5,7.6,350.0,36.0,0.29315892395019527,False,CALL,2026-03-06,MSFT
MSFT260306C00450000,450.0,6.3,6.15,6.35,758.0,35.0,0.2944101321411132,False,CALL,2026-03-06,MSFT
MSFT260306C00455000,455.0,5.21,5.0,5.15,129.0,49.0,0.2925790957641601,False,CALL,2026-03-06,MSFT
MSFT260306C00460000,460.0,4.34,4.25,4.35,164.0,65.0,0.2965463412475585,False,CALL,2026-03-06,MSFT
MSFT260306C00465000,465.0,3.56,3.45,3.6,362.0,88.0,0.2984078948974609,False,CALL,2026-03-06,MSFT
MSFT260306C00470000,470.0,2.9,2.9,2.99,694.0,106.0,0.30097134582519536,False,CALL,2026-03-06,MSFT
MSFT260306C00475000,475.0,2.5,2.45,2.53,449.0,89.0,0.30536583312988286,False,CALL,2026-03-06,MSFT
MSFT260306C00480000,480.0,2.16,2.07,2.15,410.0,214.0,0.31000445861816406,False,CALL,2026-03-06,MSFT
MSFT260306C00485000,485.0,1.83,1.74,1.82,315.0,74.0,0.3142158422851562,False,CALL,2026-03-06,MSFT
MSFT260306C00490000,490.0,1.52,1.48,1.57,329.0,340.0,0.3197089514160155,False,CALL,2026-03-06,MSFT
MSFT260306C00495000,495.0,1.32,1.27,1.35,184.0,170.0,0.32471378417968744,False,CALL,2026-03-06,MSFT
MSFT260306C00500000,500.0,1.13,1.1,1.15,387.0,152.0,0.3288641333007812,False,CALL,2026-03-06,MSFT
MSFT260306C00505000,505.0,0.99,0.94,1.04,1427.0,1473.0,0.336920693359375,False,CALL,2026-03-06,MSFT
MSFT260306C00510000,510.0,0.86,0.82,0.92,273.0,181.0,0.34314621704101556,False,CALL,2026-03-06,MSFT
MSFT260306C00515000,515.0,0.73,0.72,0.82,95.0,33.0,0.34961587890624996,False,CALL,2026-03-06,MSFT
MSFT260306C00520000,520.0,0.67,0.64,0.72,38.0,94.0,0.3548648498535155,False,CALL,2026-03-06,MSFT
MSFT260306C00525000,525.0,0.57,0.56,0.65,60.0,120.0,0.36157864990234373,False,CALL,2026-03-06,MSFT
MSFT260306C00530000,530.0,0.56,0.49,0.57,78.0,53.0,0.366217275390625,False,CALL,2026-03-06,MSFT
MSFT260306C00535000,535.0,0.43,0.44,0.53,13.0,29.0,0.3742738354492187,False,CALL,2026-03-06,MSFT
MSFT260306C00540000,540.0,0.43,0.38,0.45,17.0,29.0,0.3767152172851562,False,CALL,2026-03-06,MSFT
MSFT260306C00550000,550.0,0.32,0.32,0.39,135.0,78.0,0.39160764648437496,False,CALL,2026-03-06,MSFT
MSFT260306P00360000,360.0,1.01,0.96,1.03,99.0,23.0,0.32617861328125,False,PUT,2026-03-06,MSFT
MSFT260306P00370000,370.0,1.62,1.55,1.63,156.0,44.0,0.3143379113769531,False,PUT,2026-03-06,MSFT
MSFT260306P00375000,375.0,2.01,1.96,2.04,312.0,12.0,0.3086006640625,False,PUT,2026-03-06,MSFT
MSFT260306P00380000,380.0,2.52,2.48,2.58,433.0,21.0,0.3042672113037109,False,PUT,2026-03-06,MSFT
MSFT260306P00385000,385.0,3.17,3.1,3.25,367.0,24.0,0.3002999658203125,False,PUT,2026-03-06,MSFT
MSFT260306P00390000,390.0,4.05,3.9,4.05,401.0,19.0,0.29608858215332035,False,PUT,2026-03-06,MSFT
MSFT260306P00395000,395.0,4.85,4.8,4.95,604.0,223.0,0.29038185211181633,False,PUT,2026-03-06,MSFT
MSFT260306P00400000,400.0,6.25,6.0,6.15,1138.0,84.0,0.28778788391113275,False,PUT,2026-03-06,MSFT
MSFT260306P00405000,405.0,7.66,7.35,7.55,424.0,41.0,0.28494977752685535,False,PUT,2026-03-06,MSFT
MSFT260306P00410000,410.0,9.3,9.05,9.25,420.0,142.0,0.2836070175170897,False,PUT,2026-03-06,MSFT
MSFT260306P00415000,415.0,10.9,10.85,11.0,275.0,75.0,0.27838856384277344,False,PUT,2026-03-06,MSFT
MSFT260306P00420000,420.0,12.94,12.95,13.2,599.0,63.0,0.2770152865600586,False,PUT,2026-03-06,MSFT
MSFT260306P00425000,425.0,15.9,15.5,15.8,296.0,60.0,0.27814442565917963,True,PUT,2026-03-06,MSFT
MSFT260306P00430000,430.0,18.33,18.15,18.4,352.0,76.0,0.2742992492675781,True,PUT,2026-03-06,MSFT
MSFT260306P00435000,435.0,21.4,21.05,21.3,172.0,128.0,0.2711254528808594,True,PUT,2026-03-06,MSFT
MSFT260306P00440000,440.0,24.51,24.5,24.8,172.0,147.0,0.2747875256347656,True,PUT,2026-03-06,MSFT
MSFT260306P00445000,445.0,27.38,28.0,28.35,90.0,186.0,0.27497062927246096,True,PUT,2026-03-06,MSFT
MSFT260306P00450000,450.0,31.3,31.1,32.0,83.0,86.0,0.2726207992553711,True,PUT,2026-03-06,MSFT
MSFT260306P00455000,455.0,35.67,34.95,36.55,29.0,120.0,0.28748271118164054,True,PUT,2026-03-06,MSFT
MSFT260306P00460000,460.0,39.82,39.15,40.85,53.0,93.0,0.2936472003173828,True,PUT,2026-03-06,MSFT
MSFT260306P00465000,465.0,43.0,43.5,45.15,31.0,61.0,0.29669892761230465,True,PUT,2026-03-06,MSFT
MSFT260306P00470000,470.0,48.35,48.0,49.65,34.0,105.0,0.3025582440185547,True,PUT,2026-03-06,MSFT
MSFT260306P00475000,475.0,53.69,52.15,53.8,47.0,82.0,0.2929758203124999,True,PUT,2026-03-06,MSFT
MSFT260306P00480000,480.0,56.9,56.2,58.7,82.0,114.0,0.30762411132812495,True,PUT,2026-03-06,MSFT
MSFT260306P00485000,485.0,62.44,60.9,63.9,13.0,44.0,0.3336858624267578,True,PUT,2026-03-06,MSFT
MSFT260306P00490000,490.0,64.84,65.95,69.0,1.0,30.0,0.35547519531249994,True,PUT,2026-03-06,MSFT
MSFT260306P00500000,500.0,74.2,75.5,78.25,34.0,14.0,0.35584140258789054,True,PUT,2026-03-06,MSFT
MSFT260306P00510000,510.0,77.4,85.1,88.3,1.0,10.0,0.3898986791992188,True,PUT,2026-03-06,MSFT
MSFT260320C00300000,300.0,128.5,123.35,126.75,10.0,308.0,0.5681195532226562,True,CALL,2026-03-20,MSFT
MSFT260320C00310000,310.0,116.5,113.35,117.05,1.0,40.0,0.5325974475097657,True,CALL,2026-03-20,MSFT
MSFT260320C00320000,320.0,106.48,103.7,107.3,1.0,96.0,0.5051319018554687,True,CALL,2026-03-20,MSFT
MSFT260320C00330000,330.0,95.8,94.1,97.4,24.0,45.0,0.5432174584960938,True,CALL,2026-03-20,MSFT
MSFT260320C00340000,340.0,87.0,84.25,87.65,4.0,84.0,0.5026294854736328,True,CALL,2026-03-20,MSFT
MSFT260320C00350000,350.0,76.75,74.95,77.9,43.0,224.0,0.4613701324462891,True,CALL,2026-03-20,MSFT
MSFT260320C00360000,360.0,67.0,66.15,67.55,29.0,224.0,0.4012511047363281,True,CALL,2026-03-20,MSFT
MSFT260320C00365000,365.0,63.75,61.6,62.85,33.0,5.0,0.3858093646240234,True,CALL,2026-03-20,MSFT
MSFT260320C00370000,370.0,57.53,56.95,58.15,17.0,303.0,0.3695131408691406,True,CALL,2026-03-20,MSFT
MSFT260320C00375000,375.0,53.15,53.0,53.9,30.0,16.0,0.363836928100586,True,CALL,2026-03-20,MSFT
MSFT260320C00380000,380.0,49.35,48.65,49.35,124.0,880.0,0.3487613952636719,True,CALL,2026-03-20,MSFT
MSFT260320C00385000,385.0,45.5,44.5,45.45,11.0,16.0,0.34683880706787107,True,CALL,2026-03-20,MSFT
MSFT260320C00390000,390.0,41.15,40.55,41.35,218.0,465.0,0.33789724609375,True,CALL,2026-03-20,MSFT
MSFT260320C00395000,395.0,37.24,36.35,37.0,39.0,32.0,0.3219061950683593,True,CALL,2026-03-20,MSFT
MSFT260320C00400000,400.0,33.42,33.15,33.7,281.0,828.0,0.3236151623535155,True,CALL,2026-03-20,MSFT
MSFT260320C00405000,405.0,29.56,29.45,29.6,297.0,114.0,0.3079292840576171,True,CALL,2026-03-20,MSFT
MSFT260320C00410000,410.0,26.55,26.2,26.4,598.0,624.0,0.3052742813110352,True,CALL,2026-03-20,MSFT
MSFT260320C00415000,415.0,23.41,23.25,23.4,379.0,79.0,0.30264979583740237,True,CALL,2026-03-20,MSFT
MSFT260320C00420000,420.0,20.65,20.55,20.7,1647.0,939.0,0.3016122085571289,True,CALL,2026-03-20,MSFT
MSFT260320C00425000,425.0,17.85,17.75,17.85,2568.0,219.0,0.2948678912353515,False,CALL,2026-03-20,MSFT
MSFT260320C00430000,430.0,15.75,15.5,15.55,3643.0,890.0,0.2935556484985351,False,CALL,2026-03-20,MSFT
MSFT260320C00435000,435.0,13.4,13.25,13.4,20420.0,15304.0,0.2912668530273437,False,CALL,2026-03-20,MSFT
MSFT260320C00440000,440.0,11.6,11.5,11.6,3709.0,1720.0,0.29135840484619135,False,CALL,2026-03-20,MSFT
MSFT260320C00445000,445.0,9.88,9.75,9.85,1739.0,665.0,0.2890390921020507,False,CALL,2026-03-20,MSFT
MSFT260320C00450000,450.0,8.41,8.3,8.35,6712.0,2448.0,0.2877268493652343,False,CALL,2026-03-20,MSFT
MSFT260320C00455000,455.0,7.14,7.1,7.15,886.0,1128.0,0.288794953918457,False,CALL,2026-03-20,MSFT
MSFT260320C00460000,460.0,6.08,6.0,6.05,4814.0,1649.0,0.28882547119140617,False,CALL,2026-03-20,MSFT
MSFT260320C00465000,465.0,5.1,5.05,5.2,1903.0,921.0,0.2912058184814452,False,CALL,2026-03-20,MSFT
MSFT260320C00470000,470.0,4.4,4.3,4.35,3424.0,5195.0,0.29087012847900384,False,CALL,2026-03-20,MSFT
MSFT260320C00475000,475.0,3.69,3.6,3.7,4981.0,3157.0,0.29267064758300776,False,CALL,2026-03-20,MSFT
MSFT260320C00480000,480.0,3.15,3.1,3.2,4072.0,5226.0,0.29614961669921874,False,CALL,2026-03-20,MSFT
MSFT260320C00485000,485.0,2.68,2.65,2.7,1011.0,2586.0,0.2974923767089843,False,CALL,2026-03-20,MSFT
MSFT260320C00490000,490.0,2.32,2.3,2.34,5708.0,5391.0,0.30109341491699215,False,CALL,2026-03-20,MSFT
MSFT260320C00495000,495.0,2.01,1.97,2.02,549.0,2098.0,0.3043282458496094,False,CALL,2026-03-20,MSFT
MSFT260320C00500000,500.0,1.73,1.7,1.74,9254.0,10472.0,0.30725790405273434,False,CALL,2026-03-20,MSFT
MSFT260320C00505000,505.0,1.51,1.5,1.54,511.0,1686.0,0.3120796331787109,False,CALL,2026-03-20,MSFT
MSFT260320C00510000,510.0,1.35,1.3,1.34,1753.0,3480.0,0.31555860229492183,False,CALL,2026-03-20,MSFT
MSFT260320C00515000,515.0,1.15,1.16,1.18,3038.0,5294.0,0.3197089514160155,False,CALL,2026-03-20,MSFT
MSFT260320C00520000,520.0,1.03,1.01,1.04,1482.0,7411.0,0.3237372314453124,False,CALL,2026-03-20,MSFT
MSFT260320C00525000,525.0,0.91,0.9,0.93,611.0,2476.0,0.3283758569335937,False,CALL,2026-03-20,MSFT
MSFT260320C00530000,530.0,0.82,0.8,0.83,1313.0,8430.0,0.33289241333007813,False,CALL,2026-03-20,MSFT
MSFT260320C00535000,535.0,0.75,0.71,0.74,735.0,2784.0,0.3371648315429688,False,CALL,2026-03-20,MSFT
MSFT260320C00540000,540.0,0.64,0.63,0.66,783.0,6688.0,0.3411931115722656,False,CALL,2026-03-20,MSFT
MSFT260320C00545000,545.0,0.59,0.57,0.6,148.0,2525.0,0.3461979443359374,False,CALL,2026-03-20,MSFT
MSFT260320C00550000,550.0,0.53,0.51,0.54,3136.0,6021.0,0.350470362548828,False,CALL,2026-03-20,MSFT
MSFT260320P00300000,300.0,0.14,0.13,0.15,298.0,2087.0,0.387701435546875,False,PUT,2026-03-20,MSFT
MSFT260320P00310000,310.0,0.22,0.2,0.22,51.0,651.0,0.37256486816406253,False,PUT,2026-03-20,MSFT
MSFT260320P00320000,320.0,0.34,0.31,0.34,123.0,1522.0,0.36035795898437495,False,PUT,2026-03-20,MSFT
MSFT260320P00330000,330.0,0.54,0.49,0.52,219.0,2228.0,0.348639326171875,False,PUT,2026-03-20,MSFT
MSFT260320P00340000,340.0,0.81,0.76,0.8,398.0,2306.0,0.33789724609375,False,PUT,2026-03-20,MSFT
MSFT260320P00350000,350.0,1.19,1.16,1.19,810.0,4551.0,0.32605654418945307,False,PUT,2026-03-20,MSFT
MSFT260320P00355000,355.0,1.5,1.42,1.46,629.0,9.0,0.32080757324218745,False,PUT,2026-03-20,MSFT
MSFT260320P00360000,360.0,1.75,1.76,1.79,983.0,1324.0,0.31592480957031244,False,PUT,2026-03-20,MSFT
MSFT260320P00365000,365.0,2.19,2.14,2.18,2791.0,179.0,0.3108589422607422,False,PUT,2026-03-20,MSFT
MSFT260320P00370000,370.0,2.62,2.62,2.68,3207.0,1525.0,0.3069527313232422,False,PUT,2026-03-20,MSFT
MSFT260320P00375000,375.0,3.3,3.1,3.25,581.0,228.0,0.3023751403808594,False,PUT,2026-03-20,MSFT
MSFT260320P00380000,380.0,3.82,3.8,3.9,11590.0,1866.0,0.29715668670654294,False,PUT,2026-03-20,MSFT
MSFT260320P00385000,385.0,4.61,4.65,4.75,1055.0,577.0,0.29410495941162107,False,PUT,2026-03-20,MSFT
MSFT260320P00390000,390.0,5.58,5.55,5.65,3880.0,2254.0,0.28900857482910147,False,PUT,2026-03-20,MSFT
MSFT260320P00395000,395.0,6.83,6.7,6.8,1104.0,973.0,0.2860789166259765,False,PUT,2026-03-20,MSFT
MSFT260320P00400000,400.0,7.96,8.0,8.1,4407.0,5708.0,0.2827220166015625,False,PUT,2026-03-20,MSFT
MSFT260320P00405000,405.0,9.7,9.4,9.55,1970.0,3079.0,0.2786937365722656,False,PUT,2026-03-20,MSFT
MSFT260320P00410000,410.0,11.4,11.1,11.2,1755.0,4253.0,0.2747875256347656,False,PUT,2026-03-20,MSFT
MSFT260320P00415000,415.0,13.15,13.15,13.3,989.0,1382.0,0.2747875256347656,False,PUT,2026-03-20,MSFT
MSFT260320P00420000,420.0,15.16,15.3,15.4,5004.0,8316.0,0.2711254528808594,False,PUT,2026-03-20,MSFT
MSFT260320P00425000,425.0,17.74,17.7,17.8,1401.0,2460.0,0.2685925192260742,True,PUT,2026-03-20,MSFT
MSFT260320P00430000,430.0,20.41,20.4,20.55,1744.0,6477.0,0.2679516564941406,True,PUT,2026-03-20,MSFT
MSFT260320P00435000,435.0,23.4,23.25,23.35,917.0,2164.0,0.2644116528320312,True,PUT,2026-03-20,MSFT
MSFT260320P00440000,440.0,26.75,26.45,26.6,622.0,5667.0,0.2645642391967773,True,PUT,2026-03-20,MSFT
MSFT260320P00445000,445.0,29.7,29.6,29.85,514.0,2303.0,0.26105475280761714,True,PUT,2026-03-20,MSFT
MSFT260320P00450000,450.0,33.21,33.3,33.5,741.0,6087.0,0.2609632009887696,True,PUT,2026-03-20,MSFT
MSFT260320P00455000,455.0,37.05,36.55,37.2,289.0,2703.0,0.25821664642333986,True,PUT,2026-03-20,MSFT
MSFT260320P00460000,460.0,41.08,40.55,41.55,689.0,3931.0,0.26557130920410155,True,PUT,2026-03-20,MSFT
MSFT260320P00465000,465.0,44.93,44.65,45.3,102.0,2944.0,0.25641612731933594,True,PUT,2026-03-20,MSFT
MSFT260320P00470000,470.0,49.51,48.95,49.95,207.0,3739.0,0.2657544128417969,True,PUT,2026-03-20,MSFT
MSFT260320P00475000,475.0,53.85,53.35,54.4,231.0,2596.0,0.26782958740234375,True,PUT,2026-03-20,MSFT
MSFT260320P00480000,480.0,58.06,57.8,58.75,165.0,5203.0,0.2637402728271484,True,PUT,2026-03-20,MSFT
MSFT260320P00485000,485.0,62.8,62.3,63.35,119.0,1417.0,0.264655791015625,True,PUT,2026-03-20,MSFT
MSFT260320P00490000,490.0,66.35,67.05,68.2,61.0,3280.0,0.2732006274414062,True,PUT,2026-03-20,MSFT
MSFT260320P00495000,495.0,72.05,71.05,73.05,55.0,1259.0,0.28076891113281244,True,PUT,2026-03-20,MSFT
MSFT260320P00500000,500.0,77.28,75.95,78.65,138.0,2295.0,0.3193427441406249,True,PUT,2026-03-20,MSFT
MSFT260320P00505000,505.0,83.1,80.4,82.9,23.0,948.0,0.3002999658203125,True,PUT,2026-03-20,MSFT
MSFT260320P00510000,510.0,87.35,85.85,88.25,51.0,2736.0,0.3299017205810546,True,PUT,2026-03-20,MSFT
MSFT260320P00515000,515.0,90.73,90.2,92.6,15.0,1150.0,0.30884480224609373,True,PUT,2026-03-20,MSFT
MSFT260320P00520000,520.0,96.27,95.3,97.7,11.0,1851.0,0.3267889587402344,True,PUT,2026-03-20,MSFT
MSFT260320P00525000,525.0,101.0,100.05,103.3,40.0,784.0,0.3706117626953125,True,PUT,2026-03-20,MSFT
MSFT260320P00530000,530.0,106.25,104.8,108.25,48.0,615.0,0.38049935913085936,True,PUT,2026-03-20,MSFT
MSFT260320P00535000,535.0,112.1,109.8,112.4,9.0,391.0,0.3411931115722656,True,PUT,2026-03-20,MSFT
MSFT260320P00540000,540.0,116.2,114.8,117.55,5.0,2033.0,0.36304347900390627,True,PUT,2026-03-20,MSFT
MSFT260320P00545000,545.0,66.6,119.65,123.25,15.0,138.0,0.4162656030273437,True,PUT,2026-03-20,MSFT
MSFT260320P00550000,550.0,125.5,124.6,128.1,200.0,358.0,0.41962250305175786,True,PUT,2026-03-20,MSFT
MSFT260417C00300000,300.0,127.35,124.35,128.0,8.0,20.0,0.5115405291748047,True,CALL,2026-04-17,MSFT
MSFT260417C00310000,310.0,115.75,114.8,117.1,4.0,3.0,0.5073901800537108,True,CALL,2026-04-17,MSFT
MSFT260417C00320000,320.0,106.23,105.55,108.4,1.0,4.0,0.5078784564208985,True,CALL,2026-04-17,MSFT
MSFT260417C00330000,330.0,123.01,95.85,99.15,1.0,10.0,0.4862111926269531,True,CALL,2026-04-17,MSFT
MSFT260417C00340000,340.0,88.0,87.75,89.3,17.0,9.0,0.4473321868896484,True,CALL,2026-04-17,MSFT
MSFT260417C00345000,345.0,127.0,82.45,83.9,1.0,1.0,0.4163266375732422,True,CALL,2026-04-17,MSFT
MSFT260417C00350000,350.0,78.5,77.9,79.35,7.0,62.0,0.4061643856811523,True,CALL,2026-04-17,MSFT
MSFT260417C00360000,360.0,71.08,68.6,70.85,10.0,18.0,0.395788512878418,True,CALL,2026-04-17,MSFT
MSFT260417C00365000,365.0,65.6,64.55,66.15,4.0,25.0,0.37973642730712887,True,CALL,2026-04-17,MSFT
MSFT260417C00370000,370.0,62.43,60.25,61.85,10.0,185.0,0.3707338317871094,True,CALL,2026-04-17,MSFT
MSFT260417C00375000,375.0,57.82,56.05,57.7,3.0,5.0,0.36322658264160157,True,CALL,2026-04-17,MSFT
MSFT260417C00380000,380.0,53.65,51.95,53.0,32.0,44.0,0.34516035705566406,True,CALL,2026-04-17,MSFT
MSFT260417C00385000,385.0,48.51,48.05,49.3,45.0,46.0,0.3427189752197265,True,CALL,2026-04-17,MSFT
MSFT260417C00390000,390.0,45.13,44.2,45.4,66.0,54.0,0.3353337951660156,True,CALL,2026-04-17,MSFT
MSFT260417C00395000,395.0,40.5,40.55,41.6,5.0,119.0,0.3278875805664062,True,CALL,2026-04-17,MSFT
MSFT260417C00400000,400.0,37.5,37.35,37.5,347.0,1678.0,0.31461256683349603,True,CALL,2026-04-17,MSFT
MSFT260417C00405000,405.0,34.15,33.8,34.15,37.0,22.0,0.31034014862060544,True,CALL,2026-04-17,MSFT
MSFT260417C00410000,410.0,31.0,31.0,31.05,96.0,114.0,0.3074410076904296,True,CALL,2026-04-17,MSFT
MSFT260417C00415000,415.0,28.2,27.95,28.6,188.0,10.0,0.31096575271606436,True,CALL,2026-04-17,MSFT
MSFT260417C00420000,420.0,25.53,25.1,25.3,748.0,170.0,0.30133755310058596,True,CALL,2026-04-17,MSFT
MSFT260417C00425000,425.0,22.65,22.55,22.65,1385.0,34.0,0.29801117034912106,False,CALL,2026-04-17,MSFT
MSFT260417C00430000,430.0,20.55,20.15,20.3,2036.0,122.0,0.2964242721557617,False,CALL,2026-04-17,MSFT
MSFT260417C00435000,435.0,18.2,18.0,18.15,973.0,78.0,0.2952340985107421,False,CALL,2026-04-17,MSFT
MSFT260417C00440000,440.0,16.13,15.85,16.0,868.0,486.0,0.29193823303222644,False,CALL,2026-04-17,MSFT
MSFT260417C00445000,445.0,14.2,14.0,14.15,359.0,499.0,0.2904428866577148,False,CALL,2026-04-17,MSFT
MSFT260417C00450000,450.0,12.49,12.35,12.5,2398.0,518.0,0.2895121098327636,False,CALL,2026-04-17,MSFT
MSFT260417C00455000,455.0,10.9,10.9,10.95,383.0,590.0,0.28790995300292954,False,CALL,2026-04-17,MSFT
MSFT260417C00460000,460.0,9.5,9.5,9.6,1550.0,898.0,0.28711650390624993,False,CALL,2026-04-17,MSFT
MSFT260417C00465000,465.0,8.4,8.4,8.5,345.0,858.0,0.28815409118652335,False,CALL,2026-04-17,MSFT
MSFT260417C00470000,470.0,7.35,7.25,7.4,1635.0,1115.0,0.2873606420898437,False,CALL,2026-04-17,MSFT
MSFT260417C00475000,475.0,6.47,6.4,6.5,1497.0,1616.0,0.2880015048217772,False,CALL,2026-04-17,MSFT
MSFT260417C00480000,480.0,5.65,5.55,5.7,1175.0,1660.0,0.2887034020996093,False,CALL,2026-04-17,MSFT
MSFT260417C00485000,485.0,4.9,4.9,5.05,2421.0,1383.0,0.2905954730224609,False,CALL,2026-04-17,MSFT
MSFT260417C00490000,490.0,4.35,4.25,4.4,579.0,1476.0,0.2909616802978515,False,CALL,2026-04-17,MSFT
MSFT260417C00495000,495.0,3.82,3.75,3.85,248.0,1565.0,0.291877198486328,False,CALL,2026-04-17,MSFT
MSFT260417C00500000,500.0,3.37,3.35,3.4,9293.0,5695.0,0.2937082348632812,False,CALL,2026-04-17,MSFT
MSFT260417C00505000,505.0,3.02,2.95,3.05,666.0,1203.0,0.29679047943115233,False,CALL,2026-04-17,MSFT
MSFT260417C00510000,510.0,2.64,2.61,2.66,3842.0,34948.0,0.29761444580078117,False,CALL,2026-04-17,MSFT
MSFT260417C00515000,515.0,2.38,2.34,2.39,185.0,1587.0,0.3006661730957031,False,CALL,2026-04-17,MSFT
MSFT260417C00520000,520.0,2.1,2.08,2.12,764.0,3088.0,0.30274134765625,False,CALL,2026-04-17,MSFT
MSFT260417C00525000,525.0,1.89,1.85,1.9,494.0,2332.0,0.30542686767578126,False,CALL,2026-04-17,MSFT
MSFT260417C00530000,530.0,1.7,1.68,1.72,257.0,2229.0,0.30878376770019533,False,CALL,2026-04-17,MSFT
MSFT260417C00535000,535.0,1.51,1.5,1.55,335.0,1471.0,0.31165239135742184,False,CALL,2026-04-17,MSFT
MSFT260417C00540000,540.0,1.39,1.36,1.41,499.0,2459.0,0.3150703259277343,False,CALL,2026-04-17,MSFT
MSFT260417C00545000,545.0,1.25,1.25,1.29,85.0,926.0,0.31867136413574215,False,CALL,2026-04-17,MSFT
MSFT260417C00550000,550.0,1.15,1.15,1.16,713.0,5128.0,0.3211127459716796,False,CALL,2026-04-17,MSFT
MSFT260417P00300000,300.0,0.38,0.37,0.41,49.0,254.0,0.3569400244140625,False,PUT,2026-04-17,MSFT
MSFT260417P00310000,310.0,0.6,0.56,0.59,9.0,417.0,0.34656415161132803,False,PUT,2026-04-17,MSFT
MSFT260417P00320000,320.0,0.85,0.83,0.87,63.0,265.0,0.3382634533691406,False,PUT,2026-04-17,MSFT
MSFT260417P00330000,330.0,1.3,1.2,1.24,242.0,82.0,0.32898620239257803,False,PUT,2026-04-17,MSFT
MSFT260417P00340000,340.0,1.78,1.72,1.76,396.0,739.0,0.32019722778320303,False,PUT,2026-04-17,MSFT
MSFT260417P00345000,345.0,2.1,2.03,2.07,63.0,8.0,0.315314464111328,False,PUT,2026-04-17,MSFT
MSFT260417P00350000,350.0,2.43,2.37,2.38,472.0,320.0,0.3087227331542969,False,PUT,2026-04-17,MSFT
MSFT260417P00355000,355.0,2.88,2.83,2.88,440.0,8.0,0.3065865240478516,False,PUT,2026-04-17,MSFT
MSFT260417P00360000,360.0,3.34,3.25,3.35,1018.0,252.0,0.30145962219238287,False,PUT,2026-04-17,MSFT
MSFT260417P00370000,370.0,4.5,4.5,4.65,934.0,1017.0,0.2944711666870117,False,PUT,2026-04-17,MSFT
MSFT260417P00375000,375.0,5.32,5.3,5.45,695.0,24.0,0.29111426666259754,False,PUT,2026-04-17,MSFT
MSFT260417P00380000,380.0,6.2,6.2,6.35,978.0,691.0,0.2876047802734374,False,PUT,2026-04-17,MSFT
MSFT260417P00385000,385.0,7.35,7.15,7.25,1077.0,93.0,0.2820201193237304,False,PUT,2026-04-17,MSFT
MSFT260417P00390000,390.0,8.5,8.25,8.4,1805.0,1210.0,0.2786937365722656,False,PUT,2026-04-17,MSFT
MSFT260417P00395000,395.0,9.76,9.65,9.75,1307.0,102.0,0.27625235473632803,False,PUT,2026-04-17,MSFT
MSFT260417P00400000,400.0,11.1,11.05,11.15,3830.0,3969.0,0.2722851092529296,False,PUT,2026-04-17,MSFT
MSFT260417P00405000,405.0,12.65,12.75,12.9,1586.0,353.0,0.27101864242553714,False,PUT,2026-04-17,MSFT
MSFT260417P00410000,410.0,14.88,14.5,14.65,978.0,3048.0,0.26734131103515624,False,PUT,2026-04-17,MSFT
MSFT260417P00415000,415.0,16.54,16.5,16.65,305.0,84.0,0.26462527374267575,False,PUT,2026-04-17,MSFT
MSFT260417P00420000,420.0,18.82,18.85,19.0,903.0,2005.0,0.2640454455566406,False,PUT,2026-04-17,MSFT
MSFT260417P00425000,425.0,21.39,21.1,21.25,353.0,221.0,0.25974251007080085,True,PUT,2026-04-17,MSFT
MSFT260417P00430000,430.0,23.7,23.85,24.0,546.0,2045.0,0.25937630279541024,True,PUT,2026-04-17,MSFT
MSFT260417P00435000,435.0,26.45,26.55,26.7,347.0,1811.0,0.25592785095214843,True,PUT,2026-04-17,MSFT
MSFT260417P00440000,440.0,29.42,29.5,29.65,361.0,2058.0,0.25322707229614255,True,PUT,2026-04-17,MSFT
MSFT260417P00445000,445.0,32.29,32.45,32.85,194.0,1550.0,0.25135026000976557,True,PUT,2026-04-17,MSFT
MSFT260417P00450000,450.0,35.79,35.95,36.4,539.0,4485.0,0.2518690536499023,True,PUT,2026-04-17,MSFT
MSFT260417P00455000,455.0,39.7,39.8,40.05,134.0,1774.0,0.25156388092041015,True,PUT,2026-04-17,MSFT
MSFT260417P00460000,460.0,43.3,42.9,43.6,189.0,1888.0,0.2472914627075195,True,PUT,2026-04-17,MSFT
MSFT260417P00465000,465.0,47.05,46.8,47.95,71.0,1580.0,0.25354750366210943,True,PUT,2026-04-17,MSFT
MSFT260417P00470000,470.0,51.11,50.9,51.55,233.0,1646.0,0.24488059814453128,True,PUT,2026-04-17,MSFT
MSFT260417P00475000,475.0,55.23,55.05,56.05,121.0,1518.0,0.2502211209106445,True,PUT,2026-04-17,MSFT
MSFT260417P00480000,480.0,59.8,59.1,60.4,105.0,1819.0,0.2510450872802734,True,PUT,2026-04-17,MSFT
MSFT260417P00485000,485.0,63.44,63.25,64.9,157.0,884.0,0.25333388275146485,True,PUT,2026-04-17,MSFT
MSFT260417P00490000,490.0,68.7,68.2,69.45,73.0,1264.0,0.2551954364013672,True,PUT,2026-04-17,MSFT
MSFT260417P00495000,495.0,73.2,72.45,73.95,61.0,381.0,0.2540052627563477,True,PUT,2026-04-17,MSFT
MSFT260417P00500000,500.0,77.45,77.1,78.6,68.0,1657.0,0.2551344018554688,True,PUT,2026-04-17,MSFT
MSFT260417P00505000,505.0,83.15,81.85,83.35,10.0,744.0,0.2580640600585938,True,PUT,2026-04-17,MSFT
MSFT260417P00510000,510.0,86.26,86.1,89.05,7.0,1050.0,0.29132788757324213,True,PUT,2026-04-17,MSFT
MSFT260417P00515000,515.0,91.67,90.85,93.3,20.0,450.0,0.27747304565429687,True,PUT,2026-04-17,MSFT
MSFT260417P00520000,520.0,47.5,95.35,98.35,2.0,347.0,0.28967995483398434,True,PUT,2026-04-17,MSFT
MSFT260417P00525000,525.0,100.66,100.65,102.6,3.0,428.0,0.26734131103515624,True,PUT,2026-04-17,MSFT
MSFT260417P00530000,530.0,107.39,105.4,108.35,10.0,293.0,0.30982135498046875,True,PUT,2026-04-17,MSFT
MSFT260417P00535000,535.0,110.23,110.0,112.6,13.0,393.0,0.28577374389648436,True,PUT,2026-04-17,MSFT
MSFT260417P00540000,540.0,116.01,115.0,117.5,2.0,520.0,0.2890696093749999,True,PUT,2026-04-17,MSFT
MSFT260417P00545000,545.0,67.4,119.45,122.9,4.0,104.0,0.3189765368652343,True,PUT,2026-04-17,MSFT
MSFT260417P00550000,550.0,125.53,124.7,128.05,10.0,125.0,0.3350896569824219,True,PUT,2026-04-17,MSFT
MSFT260515C00300000,300.0,129.0,127.0,129.55,26.0,4.0,0.5074512145996093,True,CALL,2026-05-15,MSFT
MSFT260515C00310000,310.0,120.0,116.8,120.3,5.0,8.0,0.5212145046997069,True,CALL,2026-05-15,MSFT
MSFT260515C00320000,320.0,164.66,107.9,111.2,1.0,2.0,0.5016529327392578,True,CALL,2026-05-15,MSFT
MSFT260515C00330000,330.0,99.85,99.05,100.65,13.0,14.0,0.4505670178222656,True,CALL,2026-05-15,MSFT
MSFT260515C00340000,340.0,92.2,90.05,91.5,6.0,4.0,0.42874716766357424,True,CALL,2026-05-15,MSFT
MSFT260515C00350000,350.0,82.0,81.3,82.75,29.0,31.0,0.4120847366333008,True,CALL,2026-05-15,MSFT
MSFT260515C00360000,360.0,74.4,72.8,74.25,17.0,59.0,0.3965514447021484,True,CALL,2026-05-15,MSFT
MSFT260515C00370000,370.0,65.88,64.7,66.05,33.0,17.0,0.3821472918701171,True,CALL,2026-05-15,MSFT
MSFT260515C00380000,380.0,58.95,57.05,58.2,49.0,34.0,0.3688417608642578,True,CALL,2026-05-15,MSFT
MSFT260515C00390000,390.0,50.35,50.0,50.4,45.0,52.0,0.35214881256103514,True,CALL,2026-05-15,MSFT
MSFT260515C00400000,400.0,44.05,43.15,43.6,514.0,221.0,0.34339035522460937,True,CALL,2026-05-15,MSFT
MSFT260515C00410000,410.0,37.55,36.9,38.0,49.0,89.0,0.3431767343139648,True,CALL,2026-05-15,MSFT
MSFT260515C00420000,420.0,31.85,31.75,31.9,760.0,125.0,0.331686981048584,True,CALL,2026-05-15,MSFT
MSFT260515C00430000,430.0,26.75,26.6,26.7,1743.0,426.0,0.3246832669067382,False,CALL,2026-05-15,MSFT
MSFT260515C00440000,440.0,22.4,22.2,22.35,699.0,178.0,0.3213263668823242,False,CALL,2026-05-15,MSFT
MSFT260515C00450000,450.0,18.4,18.3,18.45,2784.0,600.0,0.3173286041259765,False,CALL,2026-05-15,MSFT
MSFT260515C00460000,460.0,15.03,15.0,15.15,1813.0,1236.0,0.31461256683349603,False,CALL,2026-05-15,MSFT
MSFT260515C00470000,470.0,12.35,12.2,12.35,944.0,706.0,0.3124458404541015,False,CALL,2026-05-15,MSFT
MSFT260515C00480000,480.0,10.03,9.85,10.0,782.0,2367.0,0.31073687316894527,False,CALL,2026-05-15,MSFT
MSFT260515C00490000,490.0,8.05,7.95,8.05,720.0,2665.0,0.3094551477050781,False,CALL,2026-05-15,MSFT
MSFT260515C00500000,500.0,6.61,6.5,6.65,3098.0,3079.0,0.31192704681396477,False,CALL,2026-05-15,MSFT
MSFT260515C00510000,510.0,5.4,5.25,5.4,2861.0,3355.0,0.3128120477294921,False,CALL,2026-05-15,MSFT
MSFT260515C00520000,520.0,4.35,4.25,4.35,1079.0,2466.0,0.3133003240966796,False,CALL,2026-05-15,MSFT
MSFT260515C00530000,530.0,3.51,3.5,3.55,507.0,3126.0,0.31522291229248034,False,CALL,2026-05-15,MSFT
MSFT260515C00540000,540.0,0.01,2.86,2.92,344.0,3581.0,0.31781688049316403,False,CALL,2026-05-15,MSFT
MSFT260515C00550000,550.0,2.4,2.35,2.41,1023.0,3042.0,0.3206244696044921,False,CALL,2026-05-15,MSFT
MSFT260515P00300000,300.0,1.1,1.08,1.13,109.0,247.0,0.3635317553710938,False,PUT,2026-05-15,MSFT
MSFT260515P00310000,310.0,1.51,1.49,1.54,27.0,185.0,0.3554141607666015,False,PUT,2026-05-15,MSFT
MSFT260515P00320000,320.0,2.02,1.98,2.05,55.0,197.0,0.3464420825195312,False,PUT,2026-05-15,MSFT
MSFT260515P00330000,330.0,2.77,2.65,2.72,25.0,304.0,0.33801931518554684,False,PUT,2026-05-15,MSFT
MSFT260515P00340000,340.0,3.65,3.5,3.6,117.0,303.0,0.33045103149414057,False,PUT,2026-05-15,MSFT
MSFT260515P00350000,350.0,4.59,4.6,4.7,787.0,513.0,0.32273016143798816,False,PUT,2026-05-15,MSFT
MSFT260515P00360000,360.0,6.1,6.0,6.1,264.0,582.0,0.31555860229492183,False,PUT,2026-05-15,MSFT
MSFT260515P00370000,370.0,7.75,7.75,7.85,811.0,1214.0,0.30878376770019533,False,PUT,2026-05-15,MSFT
MSFT260515P00380000,380.0,9.9,9.85,9.95,989.0,1385.0,0.30155117401123044,False,PUT,2026-05-15,MSFT
MSFT260515P00390000,390.0,12.75,12.4,12.55,759.0,743.0,0.29526461578369134,False,PUT,2026-05-15,MSFT
MSFT260515P00400000,400.0,16.0,15.6,15.75,1671.0,2841.0,0.2902445243835449,False,PUT,2026-05-15,MSFT
MSFT260515P00410000,410.0,19.4,19.5,19.65,839.0,1005.0,0.28693340026855463,False,PUT,2026-05-15,MSFT
MSFT260515P00420000,420.0,23.95,23.8,23.95,1054.0,2798.0,0.28147080841064454,False,PUT,2026-05-15,MSFT
MSFT260515P00430000,430.0,29.05,28.75,28.9,475.0,1578.0,0.2765422688293457,True,PUT,2026-05-15,MSFT
MSFT260515P00440000,440.0,34.6,34.2,34.45,392.0,3030.0,0.2714611428833008,True,PUT,2026-05-15,MSFT
MSFT260515P00450000,450.0,40.25,40.4,40.65,315.0,3676.0,0.2668530346679688,True,PUT,2026-05-15,MSFT
MSFT260515P00460000,460.0,46.8,46.7,47.9,141.0,1772.0,0.2680432083129882,True,PUT,2026-05-15,MSFT
MSFT260515P00470000,470.0,53.94,54.65,55.1,272.0,1887.0,0.26212285736083984,True,PUT,2026-05-15,MSFT
MSFT260515P00480000,480.0,62.05,61.8,62.45,396.0,1787.0,0.25040422454833977,True,PUT,2026-05-15,MSFT
MSFT260515P00490000,490.0,70.37,69.95,71.55,63.0,1178.0,0.2598035446166992,True,PUT,2026-05-15,MSFT
MSFT260515P00500000,500.0,78.8,78.7,80.25,186.0,1619.0,0.25757578369140627,True,PUT,2026-05-15,MSFT
MSFT260515P00510000,510.0,87.57,87.65,89.3,63.0,1422.0,0.25669078277587887,True,PUT,2026-05-15,MSFT
MSFT260515P00520000,520.0,97.15,96.9,98.6,107.0,972.0,0.25666026550292964,True,PUT,2026-05-15,MSFT
MSFT260515P00530000,530.0,97.58,105.65,108.3,6.0,307.0,0.264655791015625,True,PUT,2026-05-15,MSFT
MSFT260515P00540000,540.0,117.44,115.45,118.35,13.0,252.0,0.28302718933105464,True,PUT,2026-05-15,MSFT
MSFT260515P00550000,550.0,126.25,124.7,128.15,11.0,430.0,0.29193823303222644,True,PUT,2026-05-15,MSFT
MSFT260618C00300000,300.0,129.4,127.4,130.85,4.0,850.0,0.5013172427368165,True,CALL,2026-06-18,MSFT
MSFT260618C00305000,305.0,124.51,122.6,126.25,16.0,46.0,0.4915211981201172,True,CALL,2026-06-18,MSFT
MSFT260618C00310000,310.0,153.37,119.0,121.25,1.0,149.0,0.4735770416259766,True,CALL,2026-06-18,MSFT
MSFT260618C00315000,315.0,178.72,114.2,116.05,10.0,20.0,0.4519708123779297,True,CALL,2026-06-18,MSFT
MSFT260618C00320000,320.0,110.48,109.65,111.2,4.0,159.0,0.43732252136230465,True,CALL,2026-06-18,MSFT
MSFT260618C00325000,325.0,106.0,105.25,106.85,4.0,144.0,0.4317073431396484,True,CALL,2026-06-18,MSFT
MSFT260618C00330000,330.0,101.5,100.7,102.65,22.0,90.0,0.4278926840209961,True,CALL,2026-06-18,MSFT
MSFT260618C00335000,335.0,99.0,96.3,97.8,1.0,75.0,0.41263404754638666,True,CALL,2026-06-18,MSFT
MSFT260618C00340000,340.0,92.5,91.95,93.45,2.0,108.0,0.40524886749267575,True,CALL,2026-06-18,MSFT
MSFT260618C00345000,345.0,97.0,87.65,89.15,2.0,181.0,0.39801627380371096,True,CALL,2026-06-18,MSFT
MSFT260618C00350000,350.0,83.97,83.45,85.0,35.0,587.0,0.39234006103515623,True,CALL,2026-06-18,MSFT
MSFT260618C00355000,355.0,79.0,79.4,80.8,6.0,85.0,0.38516850189208973,True,CALL,2026-06-18,MSFT
MSFT260618C00360000,360.0,76.4,75.15,77.05,40.0,740.0,0.3833069482421875,True,CALL,2026-06-18,MSFT
MSFT260618C00365000,365.0,73.9,71.35,72.7,10.0,52.0,0.3727479718017578,True,CALL,2026-06-18,MSFT
MSFT260618C00370000,370.0,68.1,67.95,69.15,29.0,235.0,0.37152728088378906,True,CALL,2026-06-18,MSFT
MSFT260618C00375000,375.0,65.0,63.85,65.05,7.0,347.0,0.3626925303649902,True,CALL,2026-06-18,MSFT
MSFT260618C00380000,380.0,60.63,59.95,61.35,24.0,478.0,0.3577945080566406,True,CALL,2026-06-18,MSFT
MSFT260618C00385000,385.0,57.95,56.4,57.6,7.0,123.0,0.35146217391967766,True,CALL,2026-06-18,MSFT
MSFT260618C00390000,390.0,53.75,53.45,54.2,61.0,270.0,0.3480594979858398,True,CALL,2026-06-18,MSFT
MSFT260618C00395000,395.0,50.13,49.6,50.85,7.0,261.0,0.3441685456848144,True,CALL,2026-06-18,MSFT
MSFT260618C00400000,400.0,47.0,46.7,47.55,323.0,1079.0,0.33980457565307615,True,CALL,2026-06-18,MSFT
MSFT260618C00405000,405.0,43.9,43.3,44.45,15.0,440.0,0.33646293426513674,True,CALL,2026-06-18,MSFT
MSFT260618C00410000,410.0,41.0,40.6,41.45,78.0,408.0,0.3330755169677735,True,CALL,2026-06-18,MSFT
MSFT260618C00415000,415.0,38.2,37.95,38.7,62.0,1420.0,0.331061376953125,True,CALL,2026-06-18,MSFT
MSFT260618C00420000,420.0,35.66,35.25,35.4,434.0,1164.0,0.32269964416503893,True,CALL,2026-06-18,MSFT
MSFT260618C00425000,425.0,33.04,32.75,32.95,875.0,475.0,0.3214636946105957,False,CALL,2026-06-18,MSFT
MSFT260618C00430000,430.0,30.62,30.25,30.4,1127.0,1502.0,0.31818308776855464,False,CALL,2026-06-18,MSFT
MSFT260618C00435000,435.0,28.0,27.9,28.05,512.0,320.0,0.31571118865966785,False,CALL,2026-06-18,MSFT
MSFT260618C00440000,440.0,25.95,25.8,25.95,1900.0,1266.0,0.31453627365112297,False,CALL,2026-06-18,MSFT
MSFT260618C00445000,445.0,23.79,23.65,23.85,166.0,534.0,0.3122627368164062,False,CALL,2026-06-18,MSFT
MSFT260618C00450000,450.0,22.0,21.75,21.9,1979.0,3880.0,0.31037066589355466,False,CALL,2026-06-18,MSFT
MSFT260618C00455000,455.0,20.28,20.05,20.2,1100.0,928.0,0.3098518722534179,False,CALL,2026-06-18,MSFT
MSFT260618C00460000,460.0,18.26,18.25,18.45,333.0,1349.0,0.3077766976928711,False,CALL,2026-06-18,MSFT
MSFT260618C00465000,465.0,16.92,16.7,16.9,129.0,994.0,0.30667807586669915,False,CALL,2026-06-18,MSFT
MSFT260618C00470000,470.0,15.25,15.25,15.4,425.0,1442.0,0.3050606604003906,False,CALL,2026-06-18,MSFT
MSFT260618C00475000,475.0,14.01,13.95,14.05,408.0,1527.0,0.30397729721069333,False,CALL,2026-06-18,MSFT
MSFT260618C00480000,480.0,12.9,12.75,12.95,11458.0,3525.0,0.30466393585205076,False,CALL,2026-06-18,MSFT
MSFT260618C00485000,485.0,11.55,11.55,11.7,679.0,2263.0,0.3027108303833008,False,CALL,2026-06-18,MSFT
MSFT260618C00490000,490.0,10.6,10.5,10.65,329.0,1323.0,0.3020852262878418,False,CALL,2026-06-18,MSFT
MSFT260618C00495000,495.0,9.6,9.6,9.8,130.0,1373.0,0.30298548583984375,False,CALL,2026-06-18,MSFT
MSFT260618C00500000,500.0,8.95,8.8,8.95,4495.0,10342.0,0.3030312617492676,False,CALL,2026-06-18,MSFT
MSFT260618C00505000,505.0,7.95,8.0,8.1,247.0,1037.0,0.3021920367431641,False,CALL,2026-06-18,MSFT
MSFT260618C00510000,510.0,7.4,7.3,7.4,314.0,2868.0,0.3025582440185547,False,CALL,2026-06-18,MSFT
MSFT260618C00515000,515.0,6.8,6.65,6.75,232.0,1937.0,0.3028023822021484,False,CALL,2026-06-18,MSFT
MSFT260618C00520000,520.0,6.15,6.0,6.15,869.0,4416.0,0.3030465203857422,False,CALL,2026-06-18,MSFT
MSFT260618C00525000,525.0,5.59,5.55,5.7,421.0,3649.0,0.30493859130859374,False,CALL,2026-06-18,MSFT
MSFT260618C00530000,530.0,5.05,5.0,5.15,573.0,4946.0,0.3044808322143554,False,CALL,2026-06-18,MSFT
MSFT260618C00535000,535.0,4.6,4.6,4.7,95.0,1655.0,0.30499962585449214,False,CALL,2026-06-18,MSFT
MSFT260618C00540000,540.0,4.3,4.2,4.3,584.0,2325.0,0.3057625576782227,False,CALL,2026-06-18,MSFT
MSFT260618C00545000,545.0,3.85,3.85,4.0,62.0,1354.0,0.3078682495117187,False,CALL,2026-06-18,MSFT
MSFT260618C00550000,550.0,3.51,3.55,3.65,1490.0,4912.0,0.3084175604248046,False,CALL,2026-06-18,MSFT
MSFT260618P00300000,300.0,1.8,1.72,1.79,504.0,2899.0,0.3469913934326171,False,PUT,2026-06-18,MSFT
MSFT260618P00305000,305.0,2.07,1.98,2.04,12.0,304.0,0.3427189752197265,False,PUT,2026-06-18,MSFT
MSFT260618P00310000,310.0,2.4,2.3,2.37,78.0,612.0,0.34015552429199214,False,PUT,2026-06-18,MSFT
MSFT260618P00315000,315.0,2.79,2.63,2.69,9.0,1043.0,0.33600517517089845,False,PUT,2026-06-18,MSFT
MSFT260618P00320000,320.0,3.06,2.95,3.05,105.0,819.0,0.33197689514160156,False,PUT,2026-06-18,MSFT
MSFT260618P00325000,325.0,3.52,3.35,3.45,33.0,817.0,0.32794861511230466,False,PUT,2026-06-18,MSFT
MSFT260618P00330000,330.0,3.9,3.8,3.95,125.0,1325.0,0.3252630950927734,False,PUT,2026-06-18,MSFT
MSFT260618P00335000,335.0,4.72,4.3,4.4,18.0,678.0,0.3202582623291015,False,PUT,2026-06-18,MSFT
MSFT260618P00340000,340.0,5.05,4.9,4.95,181.0,1375.0,0.3163825686645507,False,PUT,2026-06-18,MSFT
MSFT260618P00345000,345.0,5.59,5.5,5.65,105.0,1592.0,0.3142158422851562,False,PUT,2026-06-18,MSFT
MSFT260618P00350000,350.0,6.45,6.3,6.4,805.0,2746.0,0.3116218740844726,False,PUT,2026-06-18,MSFT
MSFT260618P00355000,355.0,7.25,7.05,7.2,75.0,661.0,0.3086006640625,False,PUT,2026-06-18,MSFT
MSFT260618P00360000,360.0,7.98,7.85,8.0,237.0,1576.0,0.30445031494140623,False,PUT,2026-06-18,MSFT
MSFT260618P00365000,365.0,9.1,8.8,9.0,43.0,1162.0,0.30203945037841795,False,PUT,2026-06-18,MSFT
MSFT260618P00370000,370.0,10.03,9.8,10.0,250.0,1788.0,0.2984231535339355,False,PUT,2026-06-18,MSFT
MSFT260618P00375000,375.0,11.15,11.1,11.25,500.0,1375.0,0.2968515139770508,False,PUT,2026-06-18,MSFT
MSFT260618P00380000,380.0,12.39,12.3,12.5,819.0,2721.0,0.29395237304687494,False,PUT,2026-06-18,MSFT
MSFT260618P00385000,385.0,13.73,13.65,13.8,264.0,5403.0,0.29042762802124017,False,PUT,2026-06-18,MSFT
MSFT260618P00390000,390.0,15.06,15.2,15.35,617.0,1917.0,0.28852029846191396,False,PUT,2026-06-18,MSFT
MSFT260618P00395000,395.0,16.86,16.7,16.85,154.0,1374.0,0.28479719116210933,False,PUT,2026-06-18,MSFT
MSFT260618P00400000,400.0,18.7,18.45,18.6,906.0,4502.0,0.28249313705444334,False,PUT,2026-06-18,MSFT
MSFT260618P00405000,405.0,20.33,20.4,20.55,216.0,1240.0,0.2809520147705078,False,PUT,2026-06-18,MSFT
MSFT260618P00410000,410.0,22.39,22.4,22.55,178.0,1377.0,0.2786021847534179,False,PUT,2026-06-18,MSFT
MSFT260618P00415000,415.0,24.5,24.5,24.6,270.0,4107.0,0.27545890563964837,False,PUT,2026-06-18,MSFT
MSFT260618P00420000,420.0,26.6,26.8,26.95,1416.0,3799.0,0.2739330419921875,False,PUT,2026-06-18,MSFT
MSFT260618P00425000,425.0,29.35,29.25,29.45,669.0,2051.0,0.27255976470947263,True,PUT,2026-06-18,MSFT
MSFT260618P00430000,430.0,31.65,31.7,31.85,670.0,3806.0,0.26892820922851557,True,PUT,2026-06-18,MSFT
MSFT260618P00435000,435.0,34.35,34.4,34.55,185.0,1745.0,0.26683777603149417,True,PUT,2026-06-18,MSFT
MSFT260618P00440000,440.0,37.25,37.25,37.45,461.0,2268.0,0.26537294692993163,True,PUT,2026-06-18,MSFT
MSFT260618P00445000,445.0,40.2,40.15,40.35,442.0,3027.0,0.26259587509155274,True,PUT,2026-06-18,MSFT
MSFT260618P00450000,450.0,43.05,43.2,43.4,281.0,7592.0,0.2599561309814453,True,PUT,2026-06-18,MSFT
MSFT260618P00455000,455.0,46.7,46.3,46.6,53.0,1508.0,0.25746897323608403,True,PUT,2026-06-18,MSFT
MSFT260618P00460000,460.0,49.89,49.2,50.45,29.0,2527.0,0.2604138900756836,True,PUT,2026-06-18,MSFT
MSFT260618P00465000,465.0,53.0,52.85,53.95,32.0,1007.0,0.2585523364257813,True,PUT,2026-06-18,MSFT
MSFT260618P00470000,470.0,56.74,56.2,57.55,54.0,1385.0,0.2564771618652344,True,PUT,2026-06-18,MSFT
MSFT260618P00475000,475.0,59.66,60.1,61.3,42.0,1847.0,0.25478345321655277,True,PUT,2026-06-18,MSFT
MSFT260618P00480000,480.0,64.13,63.65,64.65,31.0,2406.0,0.24677266906738282,True,PUT,2026-06-18,MSFT
MSFT260618P00485000,485.0,68.35,67.1,69.45,469.0,1217.0,0.2556684541320801,True,PUT,2026-06-18,MSFT
MSFT260618P00490000,490.0,72.07,71.55,73.2,54.0,2375.0,0.24997698272705077,True,PUT,2026-06-18,MSFT
MSFT260618P00495000,495.0,77.53,75.7,77.35,96.0,772.0,0.24826801544189453,True,PUT,2026-06-18,MSFT
MSFT260618P00500000,500.0,80.0,80.1,81.6,521.0,2368.0,0.24677266906738282,True,PUT,2026-06-18,MSFT
MSFT260618P00505000,505.0,84.95,84.2,85.05,33.0,469.0,0.2295304098510742,True,PUT,2026-06-18,MSFT
MSFT260618P00510000,510.0,88.64,88.45,90.4,12.0,564.0,0.2449721499633789,True,PUT,2026-06-18,MSFT
MSFT260618P00515000,515.0,95.4,93.1,94.65,2.0,902.0,0.23908231628417967,True,PUT,2026-06-18,MSFT
MSFT260618P00520000,520.0,97.9,97.55,99.45,44.0,911.0,0.243171630859375,True,PUT,2026-06-18,MSFT
MSFT260618P00525000,525.0,101.0,102.15,104.1,13.0,615.0,0.2433547344970703,True,PUT,2026-06-18,MSFT
MSFT260618P00530000,530.0,106.75,106.75,108.75,2.0,701.0,0.24243921630859372,True,PUT,2026-06-18,MSFT
MSFT260618P00535000,535.0,107.59,111.45,113.5,1.0,261.0,0.243171630859375,True,PUT,2026-06-18,MSFT
MSFT260618P00540000,540.0,116.3,115.65,118.95,12.0,270.0,0.2626721682739258,True,PUT,2026-06-18,MSFT
MSFT260618P00545000,545.0,65.15,120.4,123.75,1.0,188.0,0.26471682556152343,True,PUT,2026-06-18,MSFT
MSFT260618P00550000,550.0,126.0,125.3,128.45,20.0,1228.0,0.263251996459961,True,PUT,2026-06-18,MSFT
MSFT260717C00300000,300.0,130.34,129.7,132.1,23.0,9.0,0.47986359985351557,True,CALL,2026-07-17,MSFT
MSFT260717C00310000,310.0,165.81,120.35,122.4,2.0,60.0,0.4514215014648438,True,CALL,2026-07-17,MSFT
MSFT260717C00330000,330.0,104.59,102.6,104.3,2.0,2.0,0.41440404937744135,True,CALL,2026-07-17,MSFT
MSFT260717C00340000,340.0,99.36,94.05,95.7,2.0,33.0,0.4002135174560547,True,CALL,2026-07-17,MSFT
MSFT260717C00350000,350.0,88.24,85.75,87.7,6.0,29.0,0.39157712921142573,True,CALL,2026-07-17,MSFT
MSFT260717C00360000,360.0,78.9,77.75,79.3,9.0,11.0,0.3755097850036621,True,CALL,2026-07-17,MSFT
MSFT260717C00370000,370.0,71.0,70.65,71.6,37.0,41.0,0.3651491708374024,True,CALL,2026-07-17,MSFT
MSFT260717C00380000,380.0,63.85,63.5,63.95,15.0,39.0,0.3525760543823242,True,CALL,2026-07-17,MSFT
MSFT260717C00390000,390.0,57.5,55.9,57.25,12.0,42.0,0.34659466888427726,True,CALL,2026-07-17,MSFT
MSFT260717C00395000,395.0,53.8,52.85,53.85,29.0,8.0,0.341879750213623,True,CALL,2026-07-17,MSFT
MSFT260717C00400000,400.0,50.1,50.1,50.75,96.0,75.0,0.3391484542846679,True,CALL,2026-07-17,MSFT
MSFT260717C00405000,405.0,48.1,46.35,47.5,2.0,17.0,0.3341893974304199,True,CALL,2026-07-17,MSFT
MSFT260717C00410000,410.0,44.23,43.8,44.7,22.0,39.0,0.33244991287231446,True,CALL,2026-07-17,MSFT
MSFT260717C00415000,415.0,41.53,41.3,41.8,5.0,43.0,0.3289404264831542,True,CALL,2026-07-17,MSFT
MSFT260717C00420000,420.0,38.9,38.45,38.6,411.0,49.0,0.32192145370483394,True,CALL,2026-07-17,MSFT
MSFT260717C00425000,425.0,35.8,36.05,36.25,567.0,45.0,0.32149421188354493,False,CALL,2026-07-17,MSFT
MSFT260717C00430000,430.0,33.5,33.5,33.6,361.0,65.0,0.3175422250366211,False,CALL,2026-07-17,MSFT
MSFT260717C00435000,435.0,31.42,31.05,31.25,203.0,54.0,0.3152839468383788,False,CALL,2026-07-17,MSFT
MSFT260717C00440000,440.0,28.9,28.85,29.0,237.0,364.0,0.3129951513671875,False,CALL,2026-07-17,MSFT
MSFT260717C00445000,445.0,26.85,26.75,26.95,85.0,244.0,0.31154558090209955,False,CALL,2026-07-17,MSFT
MSFT260717C00450000,450.0,25.04,24.75,24.9,417.0,269.0,0.3092110095214844,False,CALL,2026-07-17,MSFT
MSFT260717C00455000,455.0,23.15,23.05,23.2,154.0,280.0,0.3090736817932129,False,CALL,2026-07-17,MSFT
MSFT260717C00460000,460.0,21.38,21.25,21.4,310.0,613.0,0.3071816108703613,False,CALL,2026-07-17,MSFT
MSFT260717C00465000,465.0,19.97,19.5,19.7,189.0,305.0,0.3053047985839844,False,CALL,2026-07-17,MSFT
MSFT260717C00470000,470.0,17.9,17.95,18.1,656.0,531.0,0.3034737622070312,False,CALL,2026-07-17,MSFT
MSFT260717C00475000,475.0,16.9,16.55,16.7,168.0,606.0,0.3026803131103516,False,CALL,2026-07-17,MSFT
MSFT260717C00480000,480.0,15.35,15.2,15.3,342.0,497.0,0.30101712173461914,False,CALL,2026-07-17,MSFT
MSFT260717C00485000,485.0,14.1,13.95,14.05,200.0,194.0,0.29999479309082033,False,CALL,2026-07-17,MSFT
MSFT260717C00490000,490.0,13.01,12.8,12.95,95.0,517.0,0.2997201376342773,False,CALL,2026-07-17,MSFT
MSFT260717C00495000,495.0,11.74,11.75,11.9,104.0,661.0,0.29917082672119133,False,CALL,2026-07-17,MSFT
MSFT260717C00500000,500.0,10.94,10.8,10.95,1202.0,926.0,0.29895720581054686,False,CALL,2026-07-17,MSFT
MSFT260717C00505000,505.0,10.15,9.9,10.1,67.0,310.0,0.2991403094482421,False,CALL,2026-07-17,MSFT
MSFT260717C00510000,510.0,9.05,9.05,9.25,263.0,425.0,0.29862151580810536,False,CALL,2026-07-17,MSFT
MSFT260717C00515000,515.0,8.72,8.4,8.55,42.0,179.0,0.29920134399414056,False,CALL,2026-07-17,MSFT
MSFT260717C00520000,520.0,7.57,7.7,7.8,204.0,297.0,0.29846892944335934,False,CALL,2026-07-17,MSFT
MSFT260717C00525000,525.0,6.95,7.0,7.1,115.0,1271.0,0.29767548034667957,False,CALL,2026-07-17,MSFT
MSFT260717C00530000,530.0,6.5,6.45,6.6,1499.0,429.0,0.2989877230834961,False,CALL,2026-07-17,MSFT
MSFT260717C00535000,535.0,6.05,5.95,6.05,41.0,238.0,0.2989877230834961,False,CALL,2026-07-17,MSFT
MSFT260717C00540000,540.0,5.47,5.4,5.55,69.0,608.0,0.2991403094482421,False,CALL,2026-07-17,MSFT
MSFT260717C00545000,545.0,5.0,5.0,5.15,19.0,422.0,0.3002999658203125,False,CALL,2026-07-17,MSFT
MSFT260717C00550000,550.0,4.65,4.65,4.8,1209.0,755.0,0.30179531219482425,False,CALL,2026-07-17,MSFT
MSFT260717P00300000,300.0,2.37,2.33,2.4,650.0,475.0,0.336920693359375,False,PUT,2026-07-17,MSFT
MSFT260717P00310000,310.0,3.15,2.99,3.1,6.0,225.0,0.3303899969482421,False,PUT,2026-07-17,MSFT
MSFT260717P00320000,320.0,4.0,3.8,3.95,85.0,184.0,0.32367619689941396,False,PUT,2026-07-17,MSFT
MSFT260717P00330000,330.0,4.85,4.8,4.9,317.0,31.0,0.31537549865722647,False,PUT,2026-07-17,MSFT
MSFT260717P00340000,340.0,6.1,6.05,6.2,85.0,412.0,0.30982135498046875,False,PUT,2026-07-17,MSFT
MSFT260717P00350000,350.0,7.6,7.55,7.7,186.0,712.0,0.3033822103881836,False,PUT,2026-07-17,MSFT
MSFT260717P00360000,360.0,9.55,9.4,9.5,402.0,1439.0,0.29724823852539056,False,PUT,2026-07-17,MSFT
MSFT260717P00370000,370.0,11.6,11.55,11.65,759.0,566.0,0.29146521530151354,False,PUT,2026-07-17,MSFT
MSFT260717P00380000,380.0,14.07,14.1,14.25,1171.0,770.0,0.2866587448120117,False,PUT,2026-07-17,MSFT
MSFT260717P00390000,390.0,16.85,17.0,17.15,105.0,931.0,0.28079942840576166,False,PUT,2026-07-17,MSFT
MSFT260717P00395000,395.0,18.7,18.6,18.8,49.0,205.0,0.27828175338745115,False,PUT,2026-07-17,MSFT
MSFT260717P00400000,400.0,20.5,20.4,20.55,1574.0,2279.0,0.2756420092773437,False,PUT,2026-07-17,MSFT
MSFT260717P00405000,405.0,22.69,22.35,22.45,13.0,540.0,0.27332269653320307,False,PUT,2026-07-17,MSFT
MSFT260717P00410000,410.0,24.26,24.45,24.6,170.0,626.0,0.2721782987976074,False,PUT,2026-07-17,MSFT
MSFT260717P00415000,415.0,26.7,26.45,26.6,56.0,705.0,0.2685925192260742,False,PUT,2026-07-17,MSFT
MSFT260717P00420000,420.0,28.8,28.75,28.9,764.0,1302.0,0.2665631205749512,False,PUT,2026-07-17,MSFT
MSFT260717P00425000,425.0,30.9,31.15,31.4,197.0,1511.0,0.2651898432922363,True,PUT,2026-07-17,MSFT
MSFT260717P00430000,430.0,33.64,33.8,33.95,124.0,397.0,0.2631451860046387,True,PUT,2026-07-17,MSFT
MSFT260717P00435000,435.0,36.25,36.35,36.55,148.0,354.0,0.2604291487121582,True,PUT,2026-07-17,MSFT
MSFT260717P00440000,440.0,39.09,39.2,39.5,84.0,488.0,0.25965095825195317,True,PUT,2026-07-17,MSFT
MSFT260717P00445000,445.0,41.94,42.0,42.25,45.0,255.0,0.2560194027709961,True,PUT,2026-07-17,MSFT
MSFT260717P00450000,450.0,44.95,45.15,45.35,374.0,743.0,0.2543562113952637,True,PUT,2026-07-17,MSFT
MSFT260717P00455000,455.0,47.6,48.3,48.55,49.0,322.0,0.25249465774536134,True,PUT,2026-07-17,MSFT
MSFT260717P00460000,460.0,51.29,51.5,51.75,62.0,356.0,0.24948870635986325,True,PUT,2026-07-17,MSFT
MSFT260717P00465000,465.0,54.91,54.15,55.7,2.0,140.0,0.2525404336547852,True,PUT,2026-07-17,MSFT
MSFT260717P00470000,470.0,58.15,58.4,58.95,68.0,316.0,0.2477644804382324,True,PUT,2026-07-17,MSFT
MSFT260717P00475000,475.0,61.0,61.25,62.85,56.0,304.0,0.2483595672607422,True,PUT,2026-07-17,MSFT
MSFT260717P00480000,480.0,65.37,65.0,65.75,211.0,485.0,0.23712921081542968,True,PUT,2026-07-17,MSFT
MSFT260717P00485000,485.0,68.7,69.35,70.45,32.0,148.0,0.24439232177734377,True,PUT,2026-07-17,MSFT
MSFT260717P00490000,490.0,72.98,72.65,74.45,5.0,140.0,0.2430037858581543,True,PUT,2026-07-17,MSFT
MSFT260717P00495000,495.0,77.29,76.75,78.35,3.0,169.0,0.23920438537597655,True,PUT,2026-07-17,MSFT
MSFT260717P00500000,500.0,81.21,80.9,82.7,4.0,47.0,0.24005886901855467,True,PUT,2026-07-17,MSFT
MSFT260717P00505000,505.0,78.65,85.3,86.95,1.0,5.0,0.2386245571899414,True,PUT,2026-07-17,MSFT
MSFT260717P00510000,510.0,49.09,89.3,90.65,1.0,26.0,0.22730264892578123,True,PUT,2026-07-17,MSFT
MSFT260717P00515000,515.0,52.5,93.45,95.65,1.0,22.0,0.2354202435302734,True,PUT,2026-07-17,MSFT
MSFT260717P00520000,520.0,54.42,98.05,100.15,1.0,49.0,0.2346878289794922,True,PUT,2026-07-17,MSFT
MSFT260717P00525000,525.0,60.9,102.55,104.7,18.0,36.0,0.23389437988281248,True,PUT,2026-07-17,MSFT
MSFT260717P00530000,530.0,62.19,107.1,109.35,10.0,20.0,0.23419955261230468,True,PUT,2026-07-17,MSFT
MSFT260717P00535000,535.0,65.9,111.5,114.0,33.0,13.0,0.2336197244262695,True,PUT,2026-07-17,MSFT
MSFT260717P00540000,540.0,69.78,116.2,118.7,8.0,17.0,0.2332840344238281,True,PUT,2026-07-17,MSFT
MSFT260717P00545000,545.0,100.38,120.75,123.45,,1.0,0.233406103515625,True,PUT,2026-07-17,MSFT
MSFT260717P00550000,550.0,108.58,125.6,128.7,1.0,34.0,0.24646749633789064,True,PUT,2026-07-17,MSFT
MSFT260821C00300000,300.0,133.0,131.55,133.8,1.0,18.0,0.46417772155761716,True,CALL,2026-08-21,MSFT
MSFT260821C00310000,310.0,124.5,122.75,124.55,4.0,2.0,0.44336494140625,True,CALL,2026-08-21,MSFT
MSFT260821C00320000,320.0,119.7,113.9,115.75,1.0,18.0,0.42810630493164065,True,CALL,2026-08-21,MSFT
MSFT260821C00330000,330.0,106.74,105.4,107.2,1.0,8.0,0.4146787048339844,True,CALL,2026-08-21,MSFT
MSFT260821C00340000,340.0,98.5,97.05,98.9,2.0,2.0,0.40257860610961915,True,CALL,2026-08-21,MSFT
MSFT260821C00350000,350.0,89.6,89.05,90.6,12.0,41.0,0.3886627296447754,True,CALL,2026-08-21,MSFT
MSFT260821C00360000,360.0,82.8,81.5,82.9,4.0,37.0,0.3792176336669921,True,CALL,2026-08-21,MSFT
MSFT260821C00370000,370.0,75.1,74.0,75.45,7.0,6.0,0.369925124053955,True,CALL,2026-08-21,MSFT
MSFT260821C00380000,380.0,68.49,66.9,68.35,50.0,31.0,0.36151761535644533,True,CALL,2026-08-21,MSFT
MSFT260821C00390000,390.0,62.03,60.2,61.7,12.0,19.0,0.35455967712402336,True,CALL,2026-08-21,MSFT
MSFT260821C00400000,400.0,54.5,54.0,55.4,52.0,72.0,0.3479374288940429,True,CALL,2026-08-21,MSFT
MSFT260821C00410000,410.0,49.42,48.65,49.5,42.0,70.0,0.3418950088500976,True,CALL,2026-08-21,MSFT
MSFT260821C00420000,420.0,43.28,43.25,43.45,263.0,63.0,0.3319006019592285,True,CALL,2026-08-21,MSFT
MSFT260821C00430000,430.0,38.4,38.3,38.55,463.0,60.0,0.32829956375122066,False,CALL,2026-08-21,MSFT
MSFT260821C00440000,440.0,34.05,33.65,33.9,286.0,179.0,0.32378300735473625,False,CALL,2026-08-21,MSFT
MSFT260821C00450000,450.0,29.65,29.55,29.8,313.0,276.0,0.3207617973327636,False,CALL,2026-08-21,MSFT
MSFT260821C00460000,460.0,26.77,25.75,25.95,136.0,526.0,0.31690136230468746,False,CALL,2026-08-21,MSFT
MSFT260821C00470000,470.0,22.4,22.35,22.55,3029.0,269.0,0.31389541091918943,False,CALL,2026-08-21,MSFT
MSFT260821C00480000,480.0,19.5,19.4,19.55,340.0,438.0,0.3114998049926757,False,CALL,2026-08-21,MSFT
MSFT260821C00490000,490.0,16.81,16.7,16.85,114.0,642.0,0.3090126472473144,False,CALL,2026-08-21,MSFT
MSFT260821C00500000,500.0,14.55,14.35,14.55,1816.0,1844.0,0.3075630767822265,False,CALL,2026-08-21,MSFT
MSFT260821C00510000,510.0,12.6,12.35,12.55,2985.0,776.0,0.3065102308654785,False,CALL,2026-08-21,MSFT
MSFT260821C00520000,520.0,10.8,10.65,10.85,424.0,670.0,0.3061592822265625,False,CALL,2026-08-21,MSFT
MSFT260821C00530000,530.0,9.31,9.15,9.35,109.0,506.0,0.30573204040527346,False,CALL,2026-08-21,MSFT
MSFT260821C00540000,540.0,7.9,7.85,8.0,65.0,1048.0,0.30487755676269535,False,CALL,2026-08-21,MSFT
MSFT260821C00550000,550.0,6.8,6.85,7.0,206.0,689.0,0.3064034204101562,False,CALL,2026-08-21,MSFT
MSFT260821P00300000,300.0,3.5,3.45,3.55,122.0,198.0,0.3369817279052735,False,PUT,2026-08-21,MSFT
MSFT260821P00310000,310.0,4.35,4.2,4.35,12.0,180.0,0.32874206420898433,False,PUT,2026-08-21,MSFT
MSFT260821P00320000,320.0,5.4,5.35,5.45,105.0,45.0,0.3232794723510741,False,PUT,2026-08-21,MSFT
MSFT260821P00330000,330.0,6.7,6.5,6.7,53.0,110.0,0.3169318795776367,False,PUT,2026-08-21,MSFT
MSFT260821P00340000,340.0,8.14,8.05,8.2,36.0,207.0,0.3110420458984374,False,PUT,2026-08-21,MSFT
MSFT260821P00350000,350.0,10.0,9.75,9.95,181.0,279.0,0.30512169494628905,False,PUT,2026-08-21,MSFT
MSFT260821P00360000,360.0,11.92,11.85,11.95,74.0,737.0,0.2988809126281738,False,PUT,2026-08-21,MSFT
MSFT260821P00370000,370.0,14.35,14.35,14.55,167.0,515.0,0.295707116241455,False,PUT,2026-08-21,MSFT
MSFT260821P00380000,380.0,17.16,17.05,17.2,407.0,992.0,0.28943581665039053,False,PUT,2026-08-21,MSFT
MSFT260821P00390000,390.0,20.23,20.15,20.3,116.0,271.0,0.2840342593383788,False,PUT,2026-08-21,MSFT
MSFT260821P00400000,400.0,23.79,23.75,23.9,527.0,1022.0,0.2795329615783691,False,PUT,2026-08-21,MSFT
MSFT260821P00410000,410.0,27.89,27.75,28.0,163.0,431.0,0.27567252655029295,False,PUT,2026-08-21,MSFT
MSFT260821P00420000,420.0,32.31,32.3,32.55,336.0,805.0,0.2718731260681152,False,PUT,2026-08-21,MSFT
MSFT260821P00430000,430.0,37.02,37.15,37.3,223.0,422.0,0.2661206201171875,True,PUT,2026-08-21,MSFT
MSFT260821P00440000,440.0,42.35,42.6,42.85,41.0,1356.0,0.2631146687316895,True,PUT,2026-08-21,MSFT
MSFT260821P00450000,450.0,48.0,48.45,48.75,36.0,1162.0,0.2593000096130372,True,PUT,2026-08-21,MSFT
MSFT260821P00460000,460.0,54.49,54.65,54.9,73.0,1013.0,0.2538831936645508,True,PUT,2026-08-21,MSFT
MSFT260821P00470000,470.0,61.27,61.25,61.9,70.0,862.0,0.2519911227416992,True,PUT,2026-08-21,MSFT
MSFT260821P00480000,480.0,68.7,67.95,68.95,23.0,1230.0,0.24695577270507812,True,PUT,2026-08-21,MSFT
MSFT260821P00490000,490.0,75.96,75.45,76.8,20.0,565.0,0.24588766815185548,True,PUT,2026-08-21,MSFT
MSFT260821P00500000,500.0,84.63,83.8,84.55,19.0,766.0,0.24021145538330074,True,PUT,2026-08-21,MSFT
MSFT260821P00510000,510.0,91.5,91.5,92.95,2.0,230.0,0.23807524627685545,True,PUT,2026-08-21,MSFT
MSFT260821P00520000,520.0,101.7,99.35,101.55,1.0,328.0,0.23496248443603518,True,PUT,2026-08-21,MSFT
MSFT260821P00530000,530.0,64.66,108.15,109.9,2.0,190.0,0.22333540344238278,True,PUT,2026-08-21,MSFT
MSFT260821P00540000,540.0,110.53,117.15,119.6,2.0,85.0,0.23102575622558597,True,PUT,2026-08-21,MSFT
MSFT260821P00550000,550.0,123.24,126.35,128.95,1.0,48.0,0.23023230712890624,True,PUT,2026-08-21,MSFT
MSFT260918C00300000,300.0,134.9,132.4,134.55,9.0,305.0,0.44620304779052733,True,CALL,2026-09-18,MSFT
MSFT260918C00310000,310.0,127.9,123.65,125.65,2.0,24.0,0.4306087213134766,True,CALL,2026-09-18,MSFT
MSFT260918C00320000,320.0,120.37,115.05,117.05,1.0,13.0,0.4177304321289062,True,CALL,2026-09-18,MSFT
MSFT260918C00330000,330.0,111.5,106.55,109.3,2.0,47.0,0.4131223239135742,True,CALL,2026-09-18,MSFT
MSFT260918C00340000,340.0,99.5,98.55,100.4,14.0,40.0,0.3937743728637696,True,CALL,2026-09-18,MSFT
MSFT260918C00350000,350.0,92.05,90.65,92.5,39.0,29.0,0.38373419006347653,True,CALL,2026-09-18,MSFT
MSFT260918C00360000,360.0,84.85,83.1,84.8,54.0,39.0,0.3736940072631836,True,CALL,2026-09-18,MSFT
MSFT260918C00370000,370.0,77.0,75.8,77.55,20.0,40.0,0.3657747749328613,True,CALL,2026-09-18,MSFT
MSFT260918C00380000,380.0,70.0,69.15,70.6,22.0,70.0,0.35823700851440426,True,CALL,2026-09-18,MSFT
MSFT260918C00390000,390.0,63.2,62.9,64.0,9.0,79.0,0.3513248461914062,True,CALL,2026-09-18,MSFT
MSFT260918C00400000,400.0,57.23,56.5,57.3,240.0,793.0,0.3412999220275879,True,CALL,2026-09-18,MSFT
MSFT260918C00410000,410.0,51.2,50.5,51.7,23.0,81.0,0.3375157801818848,True,CALL,2026-09-18,MSFT
MSFT260918C00420000,420.0,46.0,45.65,45.9,573.0,117.0,0.32970335830688474,True,CALL,2026-09-18,MSFT
MSFT260918C00430000,430.0,40.85,40.7,40.95,1359.0,152.0,0.3257513714599609,False,CALL,2026-09-18,MSFT
MSFT260918C00440000,440.0,36.25,36.1,36.25,138.0,192.0,0.3211280046081542,False,CALL,2026-09-18,MSFT
MSFT260918C00450000,450.0,32.0,31.9,32.15,333.0,356.0,0.3184119673156737,False,CALL,2026-09-18,MSFT
MSFT260918C00460000,460.0,27.99,28.15,28.35,1272.0,1114.0,0.31545179183959954,False,CALL,2026-09-18,MSFT
MSFT260918C00470000,470.0,24.7,24.65,24.85,421.0,661.0,0.31230851272583,False,CALL,2026-09-18,MSFT
MSFT260918C00480000,480.0,21.6,21.5,21.65,415.0,941.0,0.30904316452026365,False,CALL,2026-09-18,MSFT
MSFT260918C00490000,490.0,18.5,18.75,18.95,256.0,882.0,0.307425749053955,False,CALL,2026-09-18,MSFT
MSFT260918C00500000,500.0,16.3,16.35,16.55,1374.0,1223.0,0.3060372131347656,False,CALL,2026-09-18,MSFT
MSFT260918C00510000,510.0,14.2,14.1,14.3,250.0,2049.0,0.30371790039062496,False,CALL,2026-09-18,MSFT
MSFT260918C00520000,520.0,12.45,12.3,12.45,504.0,2165.0,0.3029244512939453,False,CALL,2026-09-18,MSFT
MSFT260918C00530000,530.0,10.6,10.6,10.8,152.0,1826.0,0.30203945037841795,False,CALL,2026-09-18,MSFT
MSFT260918C00540000,540.0,9.17,9.2,9.4,244.0,1404.0,0.30179531219482425,False,CALL,2026-09-18,MSFT
MSFT260918C00550000,550.0,8.05,8.05,8.15,506.0,2053.0,0.3013985876464844,False,CALL,2026-09-18,MSFT
MSFT260918P00300000,300.0,4.1,4.05,4.15,103.0,807.0,0.32910827148437494,False,PUT,2026-09-18,MSFT
MSFT260918P00310000,310.0,5.15,4.9,5.1,52.0,1059.0,0.322424988708496,False,PUT,2026-09-18,MSFT
MSFT260918P00320000,320.0,6.16,6.15,6.3,109.0,138.0,0.3170844659423828,False,PUT,2026-09-18,MSFT
MSFT260918P00330000,330.0,7.6,7.45,7.6,140.0,1372.0,0.31018756225585936,False,PUT,2026-09-18,MSFT
MSFT260918P00340000,340.0,9.13,9.1,9.3,352.0,858.0,0.30573204040527346,False,PUT,2026-09-18,MSFT
MSFT260918P00350000,350.0,11.09,10.9,11.05,674.0,1206.0,0.2987893608093261,False,PUT,2026-09-18,MSFT
MSFT260918P00360000,360.0,13.0,13.05,13.2,109.0,1052.0,0.2933420275878905,False,PUT,2026-09-18,MSFT
MSFT260918P00370000,370.0,15.45,15.6,15.75,66.0,1063.0,0.28882547119140617,False,PUT,2026-09-18,MSFT
MSFT260918P00380000,380.0,18.6,18.4,18.6,126.0,2111.0,0.283912190246582,False,PUT,2026-09-18,MSFT
MSFT260918P00390000,390.0,21.6,21.8,22.05,85.0,1699.0,0.2810130493164062,False,PUT,2026-09-18,MSFT
MSFT260918P00400000,400.0,25.35,25.4,25.6,175.0,4918.0,0.2757030438232422,False,PUT,2026-09-18,MSFT
MSFT260918P00410000,410.0,29.52,29.55,29.75,36.0,1636.0,0.27199519515991205,False,PUT,2026-09-18,MSFT
MSFT260918P00420000,420.0,34.07,33.95,34.1,1503.0,1547.0,0.26663941375732425,False,PUT,2026-09-18,MSFT
MSFT260918P00430000,430.0,39.1,38.85,39.1,1146.0,1629.0,0.26297734100341796,True,PUT,2026-09-18,MSFT
MSFT260918P00440000,440.0,44.11,44.3,44.6,46.0,3029.0,0.2598340618896484,True,PUT,2026-09-18,MSFT
MSFT260918P00450000,450.0,50.09,49.9,50.15,79.0,3221.0,0.25383741775512697,True,PUT,2026-09-18,MSFT
MSFT260918P00460000,460.0,55.9,56.2,56.45,118.0,3509.0,0.250282155456543,True,PUT,2026-09-18,MSFT
MSFT260918P00470000,470.0,62.25,62.75,63.05,53.0,2405.0,0.2458113749694824,True,PUT,2026-09-18,MSFT
MSFT260918P00480000,480.0,68.74,68.8,70.3,44.0,2208.0,0.24341576904296874,True,PUT,2026-09-18,MSFT
MSFT260918P00490000,490.0,76.64,76.25,77.85,3.0,988.0,0.24050136947631834,True,PUT,2026-09-18,MSFT
MSFT260918P00500000,500.0,84.6,83.8,84.9,9.0,1139.0,0.22901161621093752,True,PUT,2026-09-18,MSFT
MSFT260918P00510000,510.0,92.27,92.3,93.9,1.0,664.0,0.23416903533935546,True,PUT,2026-09-18,MSFT
MSFT260918P00520000,520.0,96.46,100.0,102.0,10.0,1804.0,0.22629557891845703,True,PUT,2026-09-18,MSFT
MSFT260918P00530000,530.0,66.35,108.65,111.05,44.0,438.0,0.2270890280151367,True,PUT,2026-09-18,MSFT
MSFT260918P00540000,540.0,119.53,117.55,120.05,1.0,195.0,0.22443402526855466,True,PUT,2026-09-18,MSFT
MSFT260918P00550000,550.0,74.5,126.65,129.3,8.0,316.0,0.22296919616699218,True,PUT,2026-09-18,MSFT
MSFT261120C00300000,300.0,138.7,135.4,139.55,1.0,1.0,0.45548029876708984,True,CALL,2026-11-20,MSFT
MSFT261120C00305000,305.0,134.0,131.1,135.05,11.0,1.0,0.44620304779052733,True,CALL,2026-11-20,MSFT
MSFT261120C00310000,310.0,170.44,126.9,130.45,2.0,2.0,0.43575088180541993,True,CALL,2026-11-20,MSFT
MSFT261120C00340000,340.0,145.22,103.6,106.45,1.0,1.0,0.4048521429443359,True,CALL,2026-11-20,MSFT
MSFT261120C00350000,350.0,99.4,94.9,97.55,3.0,17.0,0.3843140182495117,True,CALL,2026-11-20,MSFT
MSFT261120C00365000,365.0,131.93,84.0,87.75,1.0,2.0,0.3808350491333008,True,CALL,2026-11-20,MSFT
MSFT261120C00370000,370.0,127.7,80.5,84.2,1.0,2.0,0.37641004455566407,True,CALL,2026-11-20,MSFT
MSFT261120C00380000,380.0,76.7,73.75,77.65,1.0,4.0,0.37045917633056635,True,CALL,2026-11-20,MSFT
MSFT261120C00385000,385.0,73.7,71.85,74.3,1.0,6.0,0.3662630513000488,True,CALL,2026-11-20,MSFT
MSFT261120C00390000,390.0,69.44,68.8,71.3,5.0,3.0,0.36415735946655275,True,CALL,2026-11-20,MSFT
MSFT261120C00395000,395.0,66.5,65.95,67.15,8.0,4.0,0.35344579666137693,True,CALL,2026-11-20,MSFT
MSFT261120C00400000,400.0,63.32,61.6,64.75,25.0,5.0,0.3546970048522949,True,CALL,2026-11-20,MSFT
MSFT261120C00405000,405.0,61.19,59.3,62.15,3.0,1.0,0.3539798489379882,True,CALL,2026-11-20,MSFT
MSFT261120C00410000,410.0,59.3,56.95,58.2,25.0,0.0,0.34358871749877923,True,CALL,2026-11-20,MSFT
MSFT261120C00420000,420.0,53.2,50.9,52.85,33.0,4.0,0.33885854019165035,True,CALL,2026-11-20,MSFT
MSFT261120C00425000,425.0,49.6,49.7,50.35,39.0,1.0,0.33693595199584964,False,CALL,2026-11-20,MSFT
MSFT261120C00430000,430.0,47.25,47.3,47.8,568.0,3.0,0.33419702674865726,False,CALL,2026-11-20,MSFT
MSFT261120C00435000,435.0,45.0,44.8,45.5,34.0,0.0,0.3326330165100098,False,CALL,2026-11-20,MSFT
MSFT261120C00440000,440.0,42.9,42.4,43.2,80.0,7.0,0.3305883592224121,False,CALL,2026-11-20,MSFT
MSFT261120C00445000,445.0,41.5,40.45,41.0,4.0,2.0,0.3287115469360351,False,CALL,2026-11-20,MSFT
MSFT261120C00450000,450.0,38.31,38.5,38.75,608.0,108.0,0.32604128555297845,False,CALL,2026-11-20,MSFT
MSFT261120C00455000,455.0,36.81,36.4,37.05,2.0,22.0,0.32652193260192863,False,CALL,2026-11-20,MSFT
MSFT261120C00460000,460.0,34.46,34.4,35.05,71.0,544.0,0.324553568496704,False,CALL,2026-11-20,MSFT
MSFT261120C00465000,465.0,32.55,32.6,33.15,3.0,11.0,0.322775937347412,False,CALL,2026-11-20,MSFT
MSFT261120C00470000,470.0,30.87,30.85,31.2,22.0,21.0,0.32019722778320303,False,CALL,2026-11-20,MSFT
MSFT261120C00475000,475.0,29.56,29.0,29.55,7.0,16.0,0.31917489913940417,False,CALL,2026-11-20,MSFT
MSFT261120C00480000,480.0,27.46,27.4,28.15,280.0,65.0,0.319419037322998,False,CALL,2026-11-20,MSFT
MSFT261120C00485000,485.0,26.62,25.85,26.5,17.0,13.0,0.3175117077636719,False,CALL,2026-11-20,MSFT
MSFT261120C00490000,490.0,24.99,24.35,24.9,43.0,60.0,0.31548230911254876,False,CALL,2026-11-20,MSFT
MSFT261120C00495000,495.0,23.07,22.9,23.45,7.0,3.0,0.31404799728393556,False,CALL,2026-11-20,MSFT
MSFT261120C00500000,500.0,21.7,21.65,22.25,119.0,51.0,0.3139869627380371,False,CALL,2026-11-20,MSFT
MSFT261120C00505000,505.0,20.9,20.35,20.75,89.0,8.0,0.31131670135498035,False,CALL,2026-11-20,MSFT
MSFT261120C00510000,510.0,20.05,19.2,19.6,24.0,7.0,0.3107673904418945,False,CALL,2026-11-20,MSFT
MSFT261120C00515000,515.0,38.25,18.0,18.7,1.0,12.0,0.3117592018127441,False,CALL,2026-11-20,MSFT
MSFT261120C00520000,520.0,17.0,16.9,17.4,70.0,58.0,0.3092415267944336,False,CALL,2026-11-20,MSFT
MSFT261120C00525000,525.0,16.33,15.9,16.45,17.0,10.0,0.3090736817932129,False,CALL,2026-11-20,MSFT
MSFT261120C00530000,530.0,15.5,14.95,15.6,32.0,49.0,0.30933307861328124,False,CALL,2026-11-20,MSFT
MSFT261120C00540000,540.0,13.35,13.25,13.8,3.0,28.0,0.3079292840576171,False,CALL,2026-11-20,MSFT
MSFT261120C00545000,545.0,28.35,12.45,12.95,2.0,10.0,0.3070900590515136,False,CALL,2026-11-20,MSFT
MSFT261120C00550000,550.0,11.75,11.7,12.25,47.0,19.0,0.3072273867797851,False,CALL,2026-11-20,MSFT
MSFT261120P00300000,300.0,5.85,5.7,5.95,11.0,19.0,0.32282171325683584,False,PUT,2026-11-20,MSFT
MSFT261120P00305000,305.0,6.55,6.2,6.6,2.0,5.0,0.32089912506103513,False,PUT,2026-11-20,MSFT
MSFT261120P00310000,310.0,7.05,6.85,7.3,3.0,2.0,0.3189460195922851,False,PUT,2026-11-20,MSFT
MSFT261120P00315000,315.0,4.49,7.45,7.95,1.0,1.0,0.3156348954772949,False,PUT,2026-11-20,MSFT
MSFT261120P00325000,325.0,9.22,9.0,9.45,8.0,14.0,0.3097908377075196,False,PUT,2026-11-20,MSFT
MSFT261120P00330000,330.0,10.03,9.75,10.3,19.0,11.0,0.3071053176879882,False,PUT,2026-11-20,MSFT
MSFT261120P00340000,340.0,11.96,11.7,12.05,3.0,8.0,0.30054410400390624,False,PUT,2026-11-20,MSFT
MSFT261120P00345000,345.0,12.94,12.75,13.25,70.0,23.0,0.2996285858154296,False,PUT,2026-11-20,MSFT
MSFT261120P00350000,350.0,14.1,13.85,14.35,134.0,69.0,0.29704987625122065,False,PUT,2026-11-20,MSFT
MSFT261120P00355000,355.0,15.1,15.0,15.65,20.0,57.0,0.29566134033203123,False,PUT,2026-11-20,MSFT
MSFT261120P00360000,360.0,16.4,16.25,16.8,48.0,315.0,0.29228918167114243,False,PUT,2026-11-20,MSFT
MSFT261120P00365000,365.0,17.65,17.55,18.0,11.0,9.0,0.288794953918457,False,PUT,2026-11-20,MSFT
MSFT261120P00370000,370.0,19.17,19.0,19.45,29.0,24.0,0.2867960725402831,False,PUT,2026-11-20,MSFT
MSFT261120P00375000,375.0,21.0,20.5,21.0,11.0,49.0,0.28494977752685535,False,PUT,2026-11-20,MSFT
MSFT261120P00380000,380.0,22.3,22.05,22.65,46.0,54.0,0.2832408102416991,False,PUT,2026-11-20,MSFT
MSFT261120P00385000,385.0,22.5,23.75,24.3,3.0,16.0,0.28087572158813473,False,PUT,2026-11-20,MSFT
MSFT261120P00390000,390.0,25.65,25.4,26.1,78.0,22.0,0.27899890930175775,False,PUT,2026-11-20,MSFT
MSFT261120P00395000,395.0,28.13,27.25,27.95,33.0,27.0,0.27686270019531245,False,PUT,2026-11-20,MSFT
MSFT261120P00400000,400.0,29.47,29.15,29.9,824.0,212.0,0.2748027842712402,False,PUT,2026-11-20,MSFT
MSFT261120P00405000,405.0,27.55,31.45,31.95,10.0,91.0,0.27281916152954094,False,PUT,2026-11-20,MSFT
MSFT261120P00410000,410.0,33.37,33.5,34.0,386.0,559.0,0.27020993469238286,False,PUT,2026-11-20,MSFT
MSFT261120P00415000,415.0,32.4,35.65,36.15,12.0,12.0,0.267661742401123,False,PUT,2026-11-20,MSFT
MSFT261120P00420000,420.0,37.9,37.8,38.65,306.0,30.0,0.26683777603149417,False,PUT,2026-11-20,MSFT
MSFT261120P00425000,425.0,41.0,40.5,40.9,122.0,21.0,0.2637250141906738,True,PUT,2026-11-20,MSFT
MSFT261120P00430000,430.0,42.9,42.75,43.6,151.0,220.0,0.2629620823669434,True,PUT,2026-11-20,MSFT
MSFT261120P00435000,435.0,45.41,45.4,46.05,26.0,350.0,0.2599256137084961,True,PUT,2026-11-20,MSFT
MSFT261120P00440000,440.0,46.87,48.15,48.75,45.0,342.0,0.2578962150573731,True,PUT,2026-11-20,MSFT
MSFT261120P00445000,445.0,30.85,51.1,51.65,1.0,5.0,0.2565687136840821,True,PUT,2026-11-20,MSFT
MSFT261120P00450000,450.0,54.08,53.8,54.5,40.0,601.0,0.25429517684936526,True,PUT,2026-11-20,MSFT
MSFT261120P00455000,455.0,31.96,56.95,57.5,54.0,94.0,0.25237258865356443,True,PUT,2026-11-20,MSFT
MSFT261120P00460000,460.0,58.04,59.85,60.5,2.0,234.0,0.2498243963623047,True,PUT,2026-11-20,MSFT
MSFT261120P00465000,465.0,36.45,63.05,63.65,3.0,58.0,0.24764241134643555,True,PUT,2026-11-20,MSFT
MSFT261120P00470000,470.0,66.3,66.3,66.9,3.0,23.0,0.24552146087646481,True,PUT,2026-11-20,MSFT
MSFT261120P00475000,475.0,40.65,69.45,70.2,6.0,15.0,0.2430800790405273,True,PUT,2026-11-20,MSFT
MSFT261120P00480000,480.0,73.03,72.95,73.6,7.0,161.0,0.24069973175048825,True,PUT,2026-11-20,MSFT
MSFT261120P00490000,490.0,80.0,78.45,82.3,3.0,3.0,0.24846637771606445,True,PUT,2026-11-20,MSFT
MSFT261120P00500000,500.0,80.02,85.95,89.7,1.0,6.0,0.24436180450439454,True,PUT,2026-11-20,MSFT
MSFT261120P00520000,520.0,103.2,101.6,105.5,2.0,10.0,0.23688507263183595,True,PUT,2026-11-20,MSFT
MSFT261120P00530000,530.0,109.88,110.15,113.85,32.0,36.0,0.23352817260742187,True,PUT,2026-11-20,MSFT
MSFT261120P00550000,550.0,93.5,127.5,131.45,2.0,0.0,0.22943885803222658,True,PUT,2026-11-20,MSFT
MSFT261218C00300000,300.0,138.6,138.6,139.15,27.0,476.0,0.4308223422241212,True,CALL,2026-12-18,MSFT
MSFT261218C00305000,305.0,134.3,132.95,135.05,3.0,28.0,0.4263057858276368,True,CALL,2026-12-18,MSFT
MSFT261218C00310000,310.0,131.23,128.55,130.45,2.0,30.0,0.4163266375732422,True,CALL,2026-12-18,MSFT
MSFT261218C00315000,315.0,140.36,124.7,126.8,2.0,35.0,0.415746809387207,True,CALL,2026-12-18,MSFT
MSFT261218C00320000,320.0,122.35,120.6,122.5,27.0,78.0,0.40836162933349607,True,CALL,2026-12-18,MSFT
MSFT261218C00325000,325.0,120.07,116.6,118.7,5.0,133.0,0.4054167124938965,True,CALL,2026-12-18,MSFT
MSFT261218C00330000,330.0,114.32,112.65,114.5,4.0,108.0,0.398443515625,True,CALL,2026-12-18,MSFT
MSFT261218C00335000,335.0,110.4,108.75,110.6,16.0,97.0,0.3938811833190918,True,CALL,2026-12-18,MSFT
MSFT261218C00340000,340.0,106.73,104.75,106.75,152.0,142.0,0.38939514419555665,True,CALL,2026-12-18,MSFT
MSFT261218C00345000,345.0,102.95,101.1,103.1,15.0,2884.0,0.3862213478088378,True,CALL,2026-12-18,MSFT
MSFT261218C00350000,350.0,98.45,97.6,99.25,60.0,2452.0,0.38101815277099604,True,CALL,2026-12-18,MSFT
MSFT261218C00355000,355.0,95.6,93.85,95.8,6.0,154.0,0.37863780548095705,True,CALL,2026-12-18,MSFT
MSFT261218C00360000,360.0,91.1,90.1,91.95,24.0,8196.0,0.37273271316528317,True,CALL,2026-12-18,MSFT
MSFT261218C00365000,365.0,89.32,86.7,88.45,3.0,1148.0,0.3691621922302246,True,CALL,2026-12-18,MSFT
MSFT261218C00370000,370.0,85.0,83.4,84.9,39.0,1176.0,0.3648287394714356,True,CALL,2026-12-18,MSFT
MSFT261218C00375000,375.0,80.8,80.15,81.55,9.0,4420.0,0.3615633912658691,True,CALL,2026-12-18,MSFT
MSFT261218C00380000,380.0,78.28,77.0,78.3,24.0,4638.0,0.358603215789795,True,CALL,2026-12-18,MSFT
MSFT261218C00385000,385.0,75.2,73.8,75.25,45.0,1901.0,0.3565890757751465,True,CALL,2026-12-18,MSFT
MSFT261218C00390000,390.0,71.0,70.65,72.2,25.0,689.0,0.3541324353027343,True,CALL,2026-12-18,MSFT
MSFT261218C00395000,395.0,68.5,67.45,68.6,8.0,745.0,0.34752544570922844,True,CALL,2026-12-18,MSFT
MSFT261218C00400000,400.0,65.05,65.1,65.95,277.0,2397.0,0.3469151002502441,True,CALL,2026-12-18,MSFT
MSFT261218C00405000,405.0,64.0,62.05,62.75,10.0,1552.0,0.34220018157958976,True,CALL,2026-12-18,MSFT
MSFT261218C00410000,410.0,59.4,58.85,60.1,29.0,1512.0,0.3406743179321289,True,CALL,2026-12-18,MSFT
MSFT261218C00415000,415.0,57.28,56.5,57.6,33.0,728.0,0.3396672479248046,True,CALL,2026-12-18,MSFT
MSFT261218C00420000,420.0,54.44,54.1,55.1,210.0,1482.0,0.3381871601867676,True,CALL,2026-12-18,MSFT
MSFT261218C00425000,425.0,52.15,51.8,52.0,395.0,529.0,0.33244991287231446,False,CALL,2026-12-18,MSFT
MSFT261218C00430000,430.0,49.56,49.35,49.6,284.0,1115.0,0.3307333162689209,False,CALL,2026-12-18,MSFT
MSFT261218C00435000,435.0,46.8,47.05,47.35,166.0,329.0,0.3295202546691894,False,CALL,2026-12-18,MSFT
MSFT261218C00440000,440.0,45.1,44.75,45.0,137.0,535.0,0.32723145919799806,False,CALL,2026-12-18,MSFT
MSFT261218C00445000,445.0,42.69,42.55,42.75,103.0,416.0,0.3251257673645019,False,CALL,2026-12-18,MSFT
MSFT261218C00450000,450.0,40.75,40.45,40.75,597.0,1164.0,0.32416447326660147,False,CALL,2026-12-18,MSFT
MSFT261218C00455000,455.0,38.95,38.45,38.7,43.0,449.0,0.3224402473449706,False,CALL,2026-12-18,MSFT
MSFT261218C00460000,460.0,36.43,36.5,36.8,615.0,869.0,0.3212500736999511,False,CALL,2026-12-18,MSFT
MSFT261218C00465000,465.0,34.86,34.55,34.85,40.0,455.0,0.3192969682312011,False,CALL,2026-12-18,MSFT
MSFT261218C00470000,470.0,33.09,32.75,33.0,123.0,1430.0,0.3175574836730957,False,CALL,2026-12-18,MSFT
MSFT261218C00475000,475.0,31.0,31.05,31.35,86.0,2899.0,0.3166877413940429,False,CALL,2026-12-18,MSFT
MSFT261218C00480000,480.0,29.55,29.4,29.7,356.0,4026.0,0.3153907572937011,False,CALL,2026-12-18,MSFT
MSFT261218C00485000,485.0,27.95,27.75,28.0,59.0,258.0,0.3133613586425781,False,CALL,2026-12-18,MSFT
MSFT261218C00490000,490.0,26.37,26.2,26.5,2183.0,583.0,0.3122169609069824,False,CALL,2026-12-18,MSFT
MSFT261218C00495000,495.0,24.68,24.75,25.0,28.0,1353.0,0.3106758386230468,False,CALL,2026-12-18,MSFT
MSFT261218C00500000,500.0,23.32,23.35,23.65,1521.0,5346.0,0.30974506179809574,False,CALL,2026-12-18,MSFT
MSFT261218C00505000,505.0,22.3,22.15,22.4,66.0,508.0,0.3091041990661621,False,CALL,2026-12-18,MSFT
MSFT261218C00510000,510.0,21.15,20.85,21.1,84.0,797.0,0.30773092178344724,False,CALL,2026-12-18,MSFT
MSFT261218C00515000,515.0,19.53,19.65,19.9,42.0,1267.0,0.30667807586669915,False,CALL,2026-12-18,MSFT
MSFT261218C00520000,520.0,18.62,18.55,18.8,74.0,1989.0,0.30597617858886716,False,CALL,2026-12-18,MSFT
MSFT261218C00525000,525.0,17.29,17.55,17.85,53.0,483.0,0.306021954498291,False,CALL,2026-12-18,MSFT
MSFT261218C00530000,530.0,16.35,16.5,16.8,48.0,1570.0,0.30495384994506836,False,CALL,2026-12-18,MSFT
MSFT261218C00535000,535.0,15.75,15.55,15.8,13.0,721.0,0.3039010040283203,False,CALL,2026-12-18,MSFT
MSFT261218C00540000,540.0,14.69,14.7,14.95,104.0,1857.0,0.3036721244812011,False,CALL,2026-12-18,MSFT
MSFT261218C00545000,545.0,14.04,13.95,14.25,25.0,303.0,0.3043587631225586,False,CALL,2026-12-18,MSFT
MSFT261218C00550000,550.0,13.25,13.15,13.35,286.0,3891.0,0.3030465203857422,False,CALL,2026-12-18,MSFT
MSFT261218P00300000,300.0,6.35,6.45,6.6,221.0,623.0,0.3182746395874023,False,PUT,2026-12-18,MSFT
MSFT261218P00305000,305.0,7.1,7.05,7.25,9.0,599.0,0.31583325775146476,False,PUT,2026-12-18,MSFT
MSFT261218P00310000,310.0,7.79,7.65,7.85,37.0,346.0,0.31214066772460936,False,PUT,2026-12-18,MSFT
MSFT261218P00315000,315.0,8.35,8.35,8.6,29.0,394.0,0.30982135498046875,False,PUT,2026-12-18,MSFT
MSFT261218P00320000,320.0,9.31,9.15,9.35,110.0,4072.0,0.30689169677734374,False,PUT,2026-12-18,MSFT
MSFT261218P00325000,325.0,10.33,9.95,10.2,86.0,570.0,0.30454186676025385,False,PUT,2026-12-18,MSFT
MSFT261218P00330000,330.0,10.95,10.95,11.15,63.0,315.0,0.30264979583740237,False,PUT,2026-12-18,MSFT
MSFT261218P00335000,335.0,12.0,11.8,12.05,41.0,530.0,0.299613327178955,False,PUT,2026-12-18,MSFT
MSFT261218P00340000,340.0,12.9,12.8,13.05,87.0,1548.0,0.2970193589782714,False,PUT,2026-12-18,MSFT
MSFT261218P00345000,345.0,13.98,14.0,14.2,59.0,604.0,0.29526461578369134,False,PUT,2026-12-18,MSFT
MSFT261218P00350000,350.0,15.2,15.1,15.3,299.0,2052.0,0.29244176803588856,False,PUT,2026-12-18,MSFT
MSFT261218P00355000,355.0,16.42,16.3,16.45,36.0,569.0,0.289496851196289,False,PUT,2026-12-18,MSFT
MSFT261218P00360000,360.0,17.7,17.65,17.85,892.0,1191.0,0.2880930566406249,False,PUT,2026-12-18,MSFT
MSFT261218P00365000,365.0,19.05,19.05,19.25,297.0,889.0,0.2860636579895019,False,PUT,2026-12-18,MSFT
MSFT261218P00370000,370.0,20.6,20.4,20.6,164.0,807.0,0.28305770660400387,False,PUT,2026-12-18,MSFT
MSFT261218P00375000,375.0,22.0,22.0,22.25,21.0,566.0,0.2817912397766113,False,PUT,2026-12-18,MSFT
MSFT261218P00380000,380.0,23.47,23.45,23.7,154.0,1104.0,0.2784343397521973,False,PUT,2026-12-18,MSFT
MSFT261218P00385000,385.0,25.2,25.1,25.4,23.0,1129.0,0.2763439065551757,False,PUT,2026-12-18,MSFT
MSFT261218P00390000,390.0,27.1,27.0,27.2,78.0,553.0,0.27437554244995116,False,PUT,2026-12-18,MSFT
MSFT261218P00395000,395.0,29.0,28.95,29.1,459.0,725.0,0.2725139888000488,False,PUT,2026-12-18,MSFT
MSFT261218P00400000,400.0,30.9,30.8,31.05,902.0,2850.0,0.2704006676483154,False,PUT,2026-12-18,MSFT
MSFT261218P00405000,405.0,32.69,32.9,33.1,28.0,416.0,0.2683788983154296,False,PUT,2026-12-18,MSFT
MSFT261218P00410000,410.0,35.2,34.95,35.2,122.0,1889.0,0.2661053614807129,False,PUT,2026-12-18,MSFT
MSFT261218P00415000,415.0,37.0,37.35,37.6,11.0,688.0,0.26520510192871094,False,PUT,2026-12-18,MSFT
MSFT261218P00420000,420.0,39.56,39.55,39.8,559.0,2845.0,0.2624280300903321,False,PUT,2026-12-18,MSFT
MSFT261218P00425000,425.0,41.7,42.05,42.35,87.0,726.0,0.26129889099121095,True,PUT,2026-12-18,MSFT
MSFT261218P00430000,430.0,44.59,44.6,44.9,151.0,1032.0,0.2595899237060547,True,PUT,2026-12-18,MSFT
MSFT261218P00435000,435.0,47.17,47.15,47.45,30.0,664.0,0.2573011282348633,True,PUT,2026-12-18,MSFT
MSFT261218P00440000,440.0,49.0,49.7,49.95,35.0,2801.0,0.2541273318481446,True,PUT,2026-12-18,MSFT
MSFT261218P00445000,445.0,52.25,52.5,52.85,31.0,352.0,0.2528913822937012,True,PUT,2026-12-18,MSFT
MSFT261218P00450000,450.0,55.0,55.25,55.55,13.0,1179.0,0.24980150840759277,True,PUT,2026-12-18,MSFT
MSFT261218P00455000,455.0,58.1,58.2,58.5,34.0,241.0,0.24771107521057126,True,PUT,2026-12-18,MSFT
MSFT261218P00460000,460.0,61.3,61.2,61.65,37.0,1499.0,0.24631490997314454,True,PUT,2026-12-18,MSFT
MSFT261218P00465000,465.0,64.0,64.45,64.85,13.0,483.0,0.24468223587036136,True,PUT,2026-12-18,MSFT
MSFT261218P00470000,470.0,67.63,67.7,68.05,22.0,1468.0,0.24244684562683103,True,PUT,2026-12-18,MSFT
MSFT261218P00475000,475.0,70.45,70.65,71.1,17.0,14753.0,0.23857878128051757,True,PUT,2026-12-18,MSFT
MSFT261218P00480000,480.0,73.97,74.0,74.45,91.0,2773.0,0.23610688217163084,True,PUT,2026-12-18,MSFT
MSFT261218P00485000,485.0,77.06,77.0,78.5,73.0,328.0,0.23798369445800777,True,PUT,2026-12-18,MSFT
MSFT261218P00490000,490.0,81.13,81.45,81.5,94.0,940.0,0.23175817077636718,True,PUT,2026-12-18,MSFT
MSFT261218P00495000,495.0,85.0,84.25,85.75,3.0,829.0,0.23406222488403317,True,PUT,2026-12-18,MSFT
MSFT261218P00500000,500.0,88.65,87.65,89.45,52.0,4305.0,0.23175817077636718,True,PUT,2026-12-18,MSFT
MSFT261218P00505000,505.0,57.85,91.2,92.8,42.0,284.0,0.22592937164306642,True,PUT,2026-12-18,MSFT
MSFT261218P00510000,510.0,95.85,94.95,97.1,38.0,520.0,0.22716532119750976,True,PUT,2026-12-18,MSFT
MSFT261218P00515000,515.0,59.8,99.05,101.0,1.0,548.0,0.22449505981445309,True,PUT,2026-12-18,MSFT
MSFT261218P00520000,520.0,66.7,102.8,105.0,5.0,270.0,0.22200790206909177,True,PUT,2026-12-18,MSFT
MSFT261218P00525000,525.0,107.0,106.9,109.1,2.0,103.0,0.21976488250732418,True,PUT,2026-12-18,MSFT
MSFT261218P00530000,530.0,112.03,111.2,113.25,36.0,783.0,0.2173082420349121,True,PUT,2026-12-18,MSFT
MSFT261218P00535000,535.0,82.53,115.1,117.55,10.0,30.0,0.21573660247802734,True,PUT,2026-12-18,MSFT
MSFT261218P00540000,540.0,81.18,119.5,121.85,1.0,240.0,0.2135088415527344,True,PUT,2026-12-18,MSFT
MSFT261218P00545000,545.0,89.45,123.95,126.25,5.0,214.0,0.21173883972167967,True,PUT,2026-12-18,MSFT
MSFT261218P00550000,550.0,129.17,128.35,130.65,5.0,1300.0,0.20926694061279294,True,PUT,2026-12-18,MSFT
MSFT270115C00300000,300.0,140.2,139.1,140.9,112.0,604.0,0.43140217041015627,True,CALL,2027-01-15,MSFT
MSFT270115C00310000,310.0,132.3,130.25,132.7,16.0,126.0,0.4212399185180664,True,CALL,2027-01-15,MSFT
MSFT270115C00320000,320.0,124.85,122.4,124.7,25.0,126.0,0.41177956390380854,True,CALL,2027-01-15,MSFT
MSFT270115C00330000,330.0,115.4,115.4,116.6,36.0,596.0,0.40027455200195317,True,CALL,2027-01-15,MSFT
MSFT270115C00340000,340.0,108.2,106.95,109.0,74.0,113.0,0.3918517846679687,True,CALL,2027-01-15,MSFT
MSFT270115C00350000,350.0,100.6,100.3,101.3,345.0,367.0,0.3813538427734374,True,CALL,2027-01-15,MSFT
MSFT270115C00360000,360.0,93.33,92.35,94.1,144.0,216.0,0.3734193518066406,True,CALL,2027-01-15,MSFT
MSFT270115C00370000,370.0,87.0,85.55,87.15,157.0,192.0,0.365866326751709,True,CALL,2027-01-15,MSFT
MSFT270115C00380000,380.0,80.0,79.15,80.6,78.0,257.0,0.35962554443359374,True,CALL,2027-01-15,MSFT
MSFT270115C00390000,390.0,73.86,73.3,74.3,144.0,194.0,0.3535297191619873,True,CALL,2027-01-15,MSFT
MSFT270115C00400000,400.0,67.75,67.4,68.15,806.0,1757.0,0.3468693243408203,True,CALL,2027-01-15,MSFT
MSFT270115C00410000,410.0,62.25,61.7,62.25,97.0,1212.0,0.3402547054290771,True,CALL,2027-01-15,MSFT
MSFT270115C00420000,420.0,57.0,56.65,57.05,881.0,881.0,0.3364171583557129,True,CALL,2027-01-15,MSFT
MSFT270115C00430000,430.0,51.9,51.65,51.95,3084.0,1837.0,0.3315496533203125,False,CALL,2027-01-15,MSFT
MSFT270115C00440000,440.0,47.45,47.05,47.35,600.0,1011.0,0.32811646011352535,False,CALL,2027-01-15,MSFT
MSFT270115C00450000,450.0,42.9,42.75,43.0,1692.0,3253.0,0.3245688271331786,False,CALL,2027-01-15,MSFT
MSFT270115C00460000,460.0,38.95,38.7,38.95,635.0,847.0,0.3212424443817138,False,CALL,2027-01-15,MSFT
MSFT270115C00470000,470.0,35.15,34.95,35.2,752.0,1130.0,0.31816782913208,False,CALL,2027-01-15,MSFT
MSFT270115C00480000,480.0,31.7,31.7,31.8,994.0,2275.0,0.3156806713867187,False,CALL,2027-01-15,MSFT
MSFT270115C00490000,490.0,28.54,28.25,28.55,310.0,1021.0,0.31261368545532225,False,CALL,2027-01-15,MSFT
MSFT270115C00500000,500.0,25.6,25.6,25.7,4259.0,8545.0,0.31059954544067375,False,CALL,2027-01-15,MSFT
MSFT270115C00505000,505.0,24.29,24.05,24.3,263.0,1039.0,0.3091957508850098,False,CALL,2027-01-15,MSFT
MSFT270115C00510000,510.0,22.99,22.7,23.0,514.0,1580.0,0.30809712905883785,False,CALL,2027-01-15,MSFT
MSFT270115C00515000,515.0,21.78,21.45,21.8,180.0,327.0,0.3073036799621582,False,CALL,2027-01-15,MSFT
MSFT270115C00520000,520.0,20.3,20.3,20.6,603.0,1812.0,0.30617454086303714,False,CALL,2027-01-15,MSFT
MSFT270115C00525000,525.0,19.33,19.2,19.5,79.0,568.0,0.30538109176635747,False,CALL,2027-01-15,MSFT
MSFT270115C00530000,530.0,18.1,18.15,18.45,315.0,1482.0,0.3046181599426269,False,CALL,2027-01-15,MSFT
MSFT270115C00535000,535.0,17.4,17.2,17.45,128.0,441.0,0.3038704867553711,False,CALL,2027-01-15,MSFT
MSFT270115C00540000,540.0,16.25,16.25,16.5,279.0,875.0,0.303168589477539,False,CALL,2027-01-15,MSFT
MSFT270115C00545000,545.0,15.53,15.35,15.65,180.0,1635.0,0.3029091926574707,False,CALL,2027-01-15,MSFT
MSFT270115C00550000,550.0,14.8,14.55,14.8,1912.0,4856.0,0.3023446231079102,False,CALL,2027-01-15,MSFT
MSFT270115P00300000,300.0,7.05,6.95,7.15,455.0,1950.0,0.31296463409423825,False,PUT,2027-01-15,MSFT
MSFT270115P00310000,310.0,8.43,8.3,8.5,55.0,829.0,0.30748678359985343,False,PUT,2027-01-15,MSFT
MSFT270115P00320000,320.0,9.97,9.85,10.05,113.0,844.0,0.3021920367431641,False,PUT,2027-01-15,MSFT
MSFT270115P00330000,330.0,11.75,11.6,11.9,127.0,1230.0,0.29787384262084954,False,PUT,2027-01-15,MSFT
MSFT270115P00340000,340.0,13.9,13.7,13.95,544.0,2872.0,0.29321995849609367,False,PUT,2027-01-15,MSFT
MSFT270115P00350000,350.0,16.2,15.95,16.15,1558.0,4951.0,0.2877573666381835,False,PUT,2027-01-15,MSFT
MSFT270115P00360000,360.0,18.75,18.65,18.85,270.0,1738.0,0.284263138885498,False,PUT,2027-01-15,MSFT
MSFT270115P00370000,370.0,21.56,21.4,21.65,255.0,1219.0,0.27931934066772457,False,PUT,2027-01-15,MSFT
MSFT270115P00380000,380.0,24.87,24.6,24.9,356.0,3820.0,0.2755046815490722,False,PUT,2027-01-15,MSFT
MSFT270115P00390000,390.0,28.24,28.15,28.35,215.0,1127.0,0.27089657333374023,False,PUT,2027-01-15,MSFT
MSFT270115P00400000,400.0,32.06,32.05,32.2,1587.0,4643.0,0.266807258758545,False,PUT,2027-01-15,MSFT
MSFT270115P00410000,410.0,36.05,36.15,36.45,646.0,2248.0,0.26309941009521487,False,PUT,2027-01-15,MSFT
MSFT270115P00420000,420.0,40.55,40.7,41.1,383.0,3241.0,0.2597119927978516,False,PUT,2027-01-15,MSFT
MSFT270115P00430000,430.0,45.5,45.65,45.85,356.0,1652.0,0.2547987118530274,True,PUT,2027-01-15,MSFT
MSFT270115P00440000,440.0,50.3,51.0,51.25,99.0,1891.0,0.2516630620574951,True,PUT,2027-01-15,MSFT
MSFT270115P00450000,450.0,56.6,56.65,56.95,173.0,5273.0,0.24819172225952146,True,PUT,2027-01-15,MSFT
MSFT270115P00460000,460.0,61.98,62.55,63.0,35.0,1985.0,0.24469749450683598,True,PUT,2027-01-15,MSFT
MSFT270115P00470000,470.0,68.27,68.45,68.95,73.0,1826.0,0.23836516036987304,True,PUT,2027-01-15,MSFT
MSFT270115P00480000,480.0,74.85,75.3,75.7,30.0,2132.0,0.23484804466247558,True,PUT,2027-01-15,MSFT
MSFT270115P00490000,490.0,81.68,81.3,82.95,11.0,1030.0,0.23249058532714845,True,PUT,2027-01-15,MSFT
MSFT270115P00500000,500.0,89.5,88.0,89.6,105.0,1971.0,0.22348798980712886,True,PUT,2027-01-15,MSFT
MSFT270115P00505000,505.0,90.65,92.55,93.95,1.0,557.0,0.22565471618652344,True,PUT,2027-01-15,MSFT
MSFT270115P00510000,510.0,96.65,96.1,97.85,14.0,395.0,0.22394574890136715,True,PUT,2027-01-15,MSFT
MSFT270115P00515000,515.0,63.55,99.5,101.8,1.0,348.0,0.22206893661499016,True,PUT,2027-01-15,MSFT
MSFT270115P00520000,520.0,104.5,103.6,105.5,2.0,1328.0,0.21741505249023438,True,PUT,2027-01-15,MSFT
MSFT270115P00525000,525.0,108.94,107.55,110.0,1.0,96.0,0.21910876113891603,True,PUT,2027-01-15,MSFT
MSFT270115P00530000,530.0,113.42,111.7,113.9,3.0,512.0,0.21483634292602538,True,PUT,2027-01-15,MSFT
MSFT270115P00535000,535.0,117.07,115.95,118.1,5.0,53.0,0.21266961654663086,True,PUT,2027-01-15,MSFT
MSFT270115P00540000,540.0,120.65,119.75,122.45,11.0,505.0,0.21140314971923824,True,PUT,2027-01-15,MSFT
MSFT270115P00545000,545.0,125.71,124.25,126.9,8.0,39.0,0.21070125244140625,True,PUT,2027-01-15,MSFT
MSFT270115P00550000,550.0,130.11,128.75,131.45,37.0,401.0,0.21067073516845702,True,PUT,2027-01-15,MSFT
MSFT270617C00300000,300.0,148.0,146.0,148.4,29.0,54.0,0.4211941426086426,True,CALL,2027-06-17,MSFT
MSFT270617C00310000,310.0,140.07,137.9,140.6,1.0,18.0,0.4123365041351318,True,CALL,2027-06-17,MSFT
MSFT270617C00320000,320.0,132.2,130.65,133.45,12.0,64.0,0.40727826614379886,True,CALL,2027-06-17,MSFT
MSFT270617C00330000,330.0,125.0,123.35,125.95,48.0,53.0,0.3987029124450684,True,CALL,2027-06-17,MSFT
MSFT270617C00340000,340.0,118.53,116.25,118.75,43.0,49.0,0.39124143920898435,True,CALL,2027-06-17,MSFT
MSFT270617C00350000,350.0,111.4,110.05,112.05,124.0,154.0,0.38598483894348135,True,CALL,2027-06-17,MSFT
MSFT270617C00360000,360.0,104.12,103.45,105.35,56.0,125.0,0.37964487548828124,True,CALL,2027-06-17,MSFT
MSFT270617C00370000,370.0,97.85,96.75,98.95,68.0,105.0,0.3740754731750488,True,CALL,2027-06-17,MSFT
MSFT270617C00380000,380.0,91.86,91.05,92.8,217.0,196.0,0.368872278137207,True,CALL,2027-06-17,MSFT
MSFT270617C00390000,390.0,85.55,85.25,86.75,71.0,979.0,0.36318080673217773,True,CALL,2027-06-17,MSFT
MSFT270617C00400000,400.0,79.96,79.5,81.25,298.0,544.0,0.35941955284118643,True,CALL,2027-06-17,MSFT
MSFT270617C00410000,410.0,74.87,73.45,75.4,42.0,183.0,0.35274389938354495,True,CALL,2027-06-17,MSFT
MSFT270617C00420000,420.0,70.4,69.0,69.75,356.0,219.0,0.3461292804718017,True,CALL,2027-06-17,MSFT
MSFT270617C00430000,430.0,64.9,64.25,65.3,419.0,229.0,0.3446415634155273,False,CALL,2027-06-17,MSFT
MSFT270617C00440000,440.0,59.75,59.85,60.25,259.0,437.0,0.3390111265563965,False,CALL,2027-06-17,MSFT
MSFT270617C00450000,450.0,56.0,55.6,56.05,581.0,630.0,0.3366460379028321,False,CALL,2027-06-17,MSFT
MSFT270617C00460000,460.0,51.47,51.45,51.85,180.0,327.0,0.3332281033325196,False,CALL,2027-06-17,MSFT
MSFT270617C00470000,470.0,47.58,47.6,48.0,247.0,330.0,0.33054258331298825,False,CALL,2027-06-17,MSFT
MSFT270617C00480000,480.0,44.0,44.0,44.3,330.0,452.0,0.327605295791626,False,CALL,2027-06-17,MSFT
MSFT270617C00490000,490.0,40.5,40.55,41.0,86.0,951.0,0.3257055955505371,False,CALL,2027-06-17,MSFT
MSFT270617C00500000,500.0,37.3,37.4,37.75,1146.0,980.0,0.3230887393951415,False,CALL,2027-06-17,MSFT
MSFT270617C00505000,505.0,35.65,35.9,36.15,61.0,807.0,0.3215399877929687,False,CALL,2027-06-17,MSFT
MSFT270617C00510000,510.0,34.4,34.4,34.75,91.0,1478.0,0.32080757324218745,False,CALL,2027-06-17,MSFT
MSFT270617C00515000,515.0,32.8,33.0,33.3,1730.0,2886.0,0.31957162368774406,False,CALL,2027-06-17,MSFT
MSFT270617C00520000,520.0,31.92,31.6,32.05,176.0,643.0,0.31917489913940417,False,CALL,2027-06-17,MSFT
MSFT270617C00525000,525.0,30.25,30.25,30.65,25.0,183.0,0.3177558459472656,False,CALL,2027-06-17,MSFT
MSFT270617C00530000,530.0,29.15,29.0,29.4,35.0,410.0,0.31690136230468746,False,CALL,2027-06-17,MSFT
MSFT270617C00535000,535.0,28.0,27.8,28.2,7.0,390.0,0.3161155425262451,False,CALL,2027-06-17,MSFT
MSFT270617C00540000,540.0,26.48,26.55,27.0,113.0,432.0,0.31510084320068354,False,CALL,2027-06-17,MSFT
MSFT270617C00545000,545.0,25.62,25.45,25.85,27.0,248.0,0.31415480773925775,False,CALL,2027-06-17,MSFT
MSFT270617C00550000,550.0,24.61,24.4,24.75,816.0,1592.0,0.3132698068237304,False,CALL,2027-06-17,MSFT
MSFT270617P00300000,300.0,11.25,11.3,11.6,79.0,1344.0,0.3073036799621582,False,PUT,2027-06-17,MSFT
MSFT270617P00310000,310.0,13.08,13.1,13.3,44.0,98.0,0.3017495362854004,False,PUT,2027-06-17,MSFT
MSFT270617P00320000,320.0,15.1,15.05,15.4,32.0,124.0,0.2980569462585449,False,PUT,2027-06-17,MSFT
MSFT270617P00330000,330.0,17.15,17.3,17.5,26.0,773.0,0.29271642349243154,False,PUT,2027-06-17,MSFT
MSFT270617P00340000,340.0,19.8,19.7,19.95,29.0,496.0,0.2884745225524901,False,PUT,2027-06-17,MSFT
MSFT270617P00350000,350.0,22.3,22.35,22.65,177.0,269.0,0.2843852079772949,False,PUT,2027-06-17,MSFT
MSFT270617P00360000,360.0,25.55,25.3,25.6,346.0,611.0,0.2803721865844726,False,PUT,2027-06-17,MSFT
MSFT270617P00370000,370.0,28.2,28.5,28.85,26.0,521.0,0.27664907928466786,False,PUT,2027-06-17,MSFT
MSFT270617P00380000,380.0,32.3,31.95,32.35,478.0,1453.0,0.2728649374389648,False,PUT,2027-06-17,MSFT
MSFT270617P00390000,390.0,36.0,35.65,36.1,71.0,434.0,0.2689739851379394,False,PUT,2027-06-17,MSFT
MSFT270617P00400000,400.0,39.83,39.75,40.15,220.0,1740.0,0.26522036056518555,False,PUT,2027-06-17,MSFT
MSFT270617P00410000,410.0,44.32,44.2,44.7,37.0,207.0,0.26261113372802736,False,PUT,2027-06-17,MSFT
MSFT270617P00420000,420.0,49.0,48.65,49.1,187.0,538.0,0.25772837005615234,False,PUT,2027-06-17,MSFT
MSFT270617P00430000,430.0,53.5,53.8,54.35,55.0,569.0,0.2557066007232667,True,PUT,2027-06-17,MSFT
MSFT270617P00440000,440.0,59.2,58.8,59.4,13.0,655.0,0.25119767364501955,True,PUT,2027-06-17,MSFT
MSFT270617P00450000,450.0,63.7,64.35,64.7,38.0,593.0,0.24646749633789064,True,PUT,2027-06-17,MSFT
MSFT270617P00460000,460.0,69.54,70.05,70.6,10.0,301.0,0.24327844131469728,True,PUT,2027-06-17,MSFT
MSFT270617P00470000,470.0,75.61,76.2,76.55,58.0,512.0,0.23884580741882325,True,PUT,2027-06-17,MSFT
MSFT270617P00480000,480.0,82.76,82.5,82.95,7.0,203.0,0.2352295105743408,True,PUT,2027-06-17,MSFT
MSFT270617P00490000,490.0,85.89,89.05,89.75,1.0,188.0,0.23223118850708008,True,PUT,2027-06-17,MSFT
MSFT270617P00500000,500.0,95.14,95.85,96.45,16.0,570.0,0.22711954528808592,True,PUT,2027-06-17,MSFT
MSFT270617P00505000,505.0,100.25,99.25,99.95,20.0,106.0,0.22479260322570796,True,PUT,2027-06-17,MSFT
MSFT270617P00510000,510.0,102.83,102.75,103.3,3.0,611.0,0.22113815979003904,True,PUT,2027-06-17,MSFT
MSFT270617P00515000,515.0,107.29,105.3,107.9,2.0,33.0,0.22460187026977535,True,PUT,2027-06-17,MSFT
MSFT270617P00520000,520.0,110.13,109.0,111.6,5.0,704.0,0.22231307479858392,True,PUT,2027-06-17,MSFT
MSFT270617P00525000,525.0,72.8,112.65,115.45,35.0,109.0,0.2205583316040039,True,PUT,2027-06-17,MSFT
MSFT270617P00530000,530.0,116.64,116.3,119.25,1.0,413.0,0.21805591522216794,True,PUT,2027-06-17,MSFT
MSFT270617P00535000,535.0,93.63,120.4,122.95,2.0,36.0,0.2143938424682617,True,PUT,2027-06-17,MSFT
MSFT270617P00540000,540.0,99.65,124.2,127.15,10.0,473.0,0.21375297973632812,True,PUT,2027-06-17,MSFT
MSFT270617P00545000,545.0,95.65,129.15,131.2,1.0,29.0,0.211647287902832,True,PUT,2027-06-17,MSFT
MSFT270617P00550000,550.0,133.8,132.4,135.3,5.0,126.0,0.20946530288696286,True,PUT,2027-06-17,MSFT
MSFT271217C00300000,300.0,155.94,153.95,157.35,24.0,632.0,0.4193173303222656,True,CALL,2027-12-17,MSFT
MSFT271217C00310000,310.0,187.7,146.75,150.0,6.0,164.0,0.411764305267334,True,CALL,2027-12-17,MSFT
MSFT271217C00320000,320.0,140.7,139.6,142.65,2.0,303.0,0.4035704174804688,True,CALL,2027-12-17,MSFT
MSFT271217C00330000,330.0,134.3,133.65,135.65,9.0,93.0,0.39679558288574224,True,CALL,2027-12-17,MSFT
MSFT271217C00340000,340.0,129.0,126.2,129.0,17.0,167.0,0.39124143920898435,True,CALL,2027-12-17,MSFT
MSFT271217C00350000,350.0,121.0,119.75,122.75,56.0,419.0,0.3870453141784667,True,CALL,2027-12-17,MSFT
MSFT271217C00360000,360.0,119.0,114.15,116.55,4.0,318.0,0.3822846195983886,True,CALL,2027-12-17,MSFT
MSFT271217C00370000,370.0,109.0,107.55,110.2,21.0,611.0,0.37602857864379885,True,CALL,2027-12-17,MSFT
MSFT271217C00380000,380.0,103.6,101.75,104.7,17.0,468.0,0.3731828429412841,True,CALL,2027-12-17,MSFT
MSFT271217C00390000,390.0,97.1,96.15,98.25,186.0,344.0,0.3650423603820801,True,CALL,2027-12-17,MSFT
MSFT271217C00400000,400.0,92.2,91.0,93.8,1228.0,1773.0,0.3655230074310303,True,CALL,2027-12-17,MSFT
MSFT271217C00410000,410.0,87.15,85.8,87.6,16.0,741.0,0.3571689039611816,True,CALL,2027-12-17,MSFT
MSFT271217C00420000,420.0,82.11,81.0,82.55,93.0,436.0,0.35333898620605464,True,CALL,2027-12-17,MSFT
MSFT271217C00430000,430.0,77.0,77.2,77.75,120.0,352.0,0.349867646408081,False,CALL,2027-12-17,MSFT
MSFT271217C00440000,440.0,72.98,72.45,74.05,56.0,919.0,0.3504551039123534,False,CALL,2027-12-17,MSFT
MSFT271217C00450000,450.0,68.55,68.15,68.6,142.0,940.0,0.34267319931030266,False,CALL,2027-12-17,MSFT
MSFT271217C00460000,460.0,64.1,64.0,64.65,32.0,473.0,0.34068194725036616,False,CALL,2027-12-17,MSFT
MSFT271217C00470000,470.0,60.24,60.1,60.55,44.0,459.0,0.33732504722595213,False,CALL,2027-12-17,MSFT
MSFT271217C00480000,480.0,56.51,56.35,56.85,76.0,749.0,0.3349828465270996,False,CALL,2027-12-17,MSFT
MSFT271217C00490000,490.0,53.12,52.8,53.35,54.0,950.0,0.33280849082946773,False,CALL,2027-12-17,MSFT
MSFT271217C00500000,500.0,49.17,49.35,49.9,361.0,4848.0,0.330161117401123,False,CALL,2027-12-17,MSFT
MSFT271217C00505000,505.0,48.4,47.7,48.3,24.0,66.0,0.3291311594390869,False,CALL,2027-12-17,MSFT
MSFT271217C00510000,510.0,46.55,46.4,46.75,7.0,793.0,0.32815460670471186,False,CALL,2027-12-17,MSFT
MSFT271217C00515000,515.0,45.7,44.6,45.2,4.0,109.0,0.32701020896911615,False,CALL,2027-12-17,MSFT
MSFT271217C00520000,520.0,43.55,43.15,43.65,33.0,779.0,0.3257055955505371,False,CALL,2027-12-17,MSFT
MSFT271217C00525000,525.0,42.55,41.8,42.35,40.0,78.0,0.3253470175933838,False,CALL,2027-12-17,MSFT
MSFT271217C00530000,530.0,40.81,40.4,40.9,40.0,1012.0,0.32416447326660147,False,CALL,2027-12-17,MSFT
MSFT271217C00535000,535.0,40.0,38.95,39.45,2.0,37.0,0.32282171325683584,False,CALL,2027-12-17,MSFT
MSFT271217C00540000,540.0,37.92,37.65,38.15,51.0,1163.0,0.32199011756896967,False,CALL,2027-12-17,MSFT
MSFT271217C00545000,545.0,38.5,36.35,36.9,1.0,73.0,0.3212424443817138,False,CALL,2027-12-17,MSFT
MSFT271217C00550000,550.0,35.09,35.15,35.65,585.0,1661.0,0.32033455551147455,False,CALL,2027-12-17,MSFT
MSFT271217P00300000,300.0,15.7,15.7,16.05,20.0,1117.0,0.2980035410308838,False,PUT,2027-12-17,MSFT
MSFT271217P00310000,310.0,17.97,17.85,18.2,4.0,499.0,0.29386082122802726,False,PUT,2027-12-17,MSFT
MSFT271217P00320000,320.0,20.3,20.05,20.5,11.0,429.0,0.289496851196289,False,PUT,2027-12-17,MSFT
MSFT271217P00330000,330.0,23.0,22.6,23.05,36.0,360.0,0.28552960571289054,False,PUT,2027-12-17,MSFT
MSFT271217P00340000,340.0,25.32,25.45,25.8,125.0,1469.0,0.2815776188659667,False,PUT,2027-12-17,MSFT
MSFT271217P00350000,350.0,28.38,28.45,28.8,24.0,1342.0,0.2778545115661621,False,PUT,2027-12-17,MSFT
MSFT271217P00360000,360.0,31.88,31.7,32.0,12.0,386.0,0.2740474817657471,False,PUT,2027-12-17,MSFT
MSFT271217P00370000,370.0,35.55,34.95,35.45,18.0,850.0,0.2703930383300781,False,PUT,2027-12-17,MSFT
MSFT271217P00380000,380.0,39.26,38.75,39.15,28.0,1073.0,0.26683777603149417,False,PUT,2027-12-17,MSFT
MSFT271217P00390000,390.0,42.76,42.7,43.1,20.0,320.0,0.26335117759704585,False,PUT,2027-12-17,MSFT
MSFT271217P00400000,400.0,46.95,46.8,47.2,56.0,948.0,0.25946022529602053,False,PUT,2027-12-17,MSFT
MSFT271217P00410000,410.0,51.25,51.15,51.6,69.0,331.0,0.25583629913330086,False,PUT,2027-12-17,MSFT
MSFT271217P00420000,420.0,55.8,55.8,56.3,23.0,370.0,0.2524565111541748,False,PUT,2027-12-17,MSFT
MSFT271217P00430000,430.0,60.0,60.7,61.2,13.0,375.0,0.24886310226440428,True,PUT,2027-12-17,MSFT
MSFT271217P00440000,440.0,65.7,65.7,66.45,5.0,254.0,0.24568930587768556,True,PUT,2027-12-17,MSFT
MSFT271217P00450000,450.0,71.32,71.15,71.85,58.0,823.0,0.24208063835144042,True,PUT,2027-12-17,MSFT
MSFT271217P00460000,460.0,76.2,76.7,77.35,3.0,392.0,0.23780822013854977,True,PUT,2027-12-17,MSFT
MSFT271217P00470000,470.0,82.06,82.5,83.2,26.0,374.0,0.23394015579223632,True,PUT,2027-12-17,MSFT
MSFT271217P00480000,480.0,88.0,88.55,89.3,7.0,349.0,0.23005683280944825,True,PUT,2027-12-17,MSFT
MSFT271217P00490000,490.0,94.58,94.95,95.6,4.0,260.0,0.22592174232482912,True,PUT,2027-12-17,MSFT
MSFT271217P00500000,500.0,101.77,101.5,102.1,5.0,937.0,0.22152725502014156,True,PUT,2027-12-17,MSFT
MSFT271217P00505000,505.0,73.45,105.0,105.75,2.0,23.0,0.22075669387817382,True,PUT,2027-12-17,MSFT
MSFT271217P00510000,510.0,107.79,108.45,109.1,19.0,525.0,0.21828479476928708,True,PUT,2027-12-17,MSFT
MSFT271217P00515000,515.0,79.9,111.65,112.6,603.0,743.0,0.2162248788452148,True,PUT,2027-12-17,MSFT
MSFT271217P00520000,520.0,115.45,115.25,116.15,3.0,340.0,0.2140962990570068,True,PUT,2027-12-17,MSFT
MSFT271217P00525000,525.0,84.75,118.95,119.8,2.0,142.0,0.21216608154296873,True,PUT,2027-12-17,MSFT
MSFT271217P00530000,530.0,122.97,122.7,123.45,3.0,667.0,0.20990780334472653,True,PUT,2027-12-17,MSFT
MSFT271217P00535000,535.0,99.86,126.15,126.95,,2.0,0.2064974980926513,True,PUT,2027-12-17,MSFT
MSFT271217P00540000,540.0,93.65,128.6,131.9,2.0,634.0,0.21073176971435548,True,PUT,2027-12-17,MSFT
MSFT271217P00545000,545.0,133.95,132.45,135.9,7.0,29.0,0.20956448402404784,True,PUT,2027-12-17,MSFT
MSFT271217P00550000,550.0,136.9,136.4,139.45,10.0,1827.0,0.2054827987670898,True,PUT,2027-12-17,MSFT
MSFT280121C00300000,300.0,157.5,156.0,158.8,121.0,2971.0,0.4180356048583984,True,CALL,2028-01-21,MSFT
MSFT280121C00310000,310.0,149.68,148.45,152.0,7.0,81.0,0.4135343070983886,True,CALL,2028-01-21,MSFT
MSFT280121C00320000,320.0,144.5,141.45,144.95,16.0,181.0,0.40677473114013674,True,CALL,2028-01-21,MSFT
MSFT280121C00330000,330.0,136.5,135.9,137.85,44.0,110.0,0.3991148956298829,True,CALL,2028-01-21,MSFT
MSFT280121C00340000,340.0,129.92,128.15,131.35,27.0,58.0,0.39406428695678714,True,CALL,2028-01-21,MSFT
MSFT280121C00350000,350.0,123.25,121.8,124.95,92.0,766.0,0.3887847987365723,True,CALL,2028-01-21,MSFT
MSFT280121C00360000,360.0,117.38,116.0,118.5,32.0,73.0,0.38256690437316887,True,CALL,2028-01-21,MSFT
MSFT280121C00370000,370.0,110.47,109.65,112.7,27.0,126.0,0.3788361677551269,True,CALL,2028-01-21,MSFT
MSFT280121C00380000,380.0,107.0,105.0,106.8,30.0,544.0,0.3738847402191161,True,CALL,2028-01-21,MSFT
MSFT280121C00390000,390.0,100.0,98.15,101.1,39.0,270.0,0.3691621922302246,True,CALL,2028-01-21,MSFT
MSFT280121C00400000,400.0,94.6,94.0,95.0,279.0,953.0,0.361960115814209,True,CALL,2028-01-21,MSFT
MSFT280121C00410000,410.0,89.75,89.1,90.8,64.0,248.0,0.36255520263671875,True,CALL,2028-01-21,MSFT
MSFT280121C00420000,420.0,84.5,84.0,85.15,153.0,107.0,0.3559939889526367,True,CALL,2028-01-21,MSFT
MSFT280121C00430000,430.0,79.86,79.5,80.2,306.0,294.0,0.3518283811950683,False,CALL,2028-01-21,MSFT
MSFT280121C00440000,440.0,76.0,75.05,75.7,39.0,115.0,0.34889872299194336,False,CALL,2028-01-21,MSFT
MSFT280121C00450000,450.0,70.9,70.7,71.15,230.0,395.0,0.3450611759185791,False,CALL,2028-01-21,MSFT
MSFT280121C00460000,460.0,66.8,66.45,67.1,125.0,201.0,0.34265794067382804,False,CALL,2028-01-21,MSFT
MSFT280121C00470000,470.0,62.75,62.55,63.1,44.0,392.0,0.33978168769836425,False,CALL,2028-01-21,MSFT
MSFT280121C00480000,480.0,59.0,58.8,59.35,164.0,555.0,0.33728690063476563,False,CALL,2028-01-21,MSFT
MSFT280121C00490000,490.0,55.7,55.2,55.8,20.0,539.0,0.3349904758453369,False,CALL,2028-01-21,MSFT
MSFT280121C00500000,500.0,52.4,51.95,52.5,511.0,2486.0,0.33309840492248544,False,CALL,2028-01-21,MSFT
MSFT280121C00505000,505.0,51.19,50.15,50.75,25.0,291.0,0.33148861877441405,False,CALL,2028-01-21,MSFT
MSFT280121C00510000,510.0,48.7,48.7,49.0,153.0,891.0,0.32972624626159663,False,CALL,2028-01-21,MSFT
MSFT280121C00515000,515.0,46.8,47.1,47.65,24.0,179.0,0.32951262535095205,False,CALL,2028-01-21,MSFT
MSFT280121C00520000,520.0,45.9,45.55,46.1,67.0,788.0,0.32828430511474604,False,CALL,2028-01-21,MSFT
MSFT280121C00525000,525.0,44.21,44.1,44.65,104.0,231.0,0.32734589897155764,False,CALL,2028-01-21,MSFT
MSFT280121C00530000,530.0,42.9,42.65,43.2,96.0,273.0,0.3262472771453857,False,CALL,2028-01-21,MSFT
MSFT280121C00535000,535.0,42.05,41.3,41.9,5.0,183.0,0.32565981964111324,False,CALL,2028-01-21,MSFT
MSFT280121C00540000,540.0,39.97,39.95,40.5,49.0,283.0,0.3244925339508056,False,CALL,2028-01-21,MSFT
MSFT280121C00545000,545.0,38.9,38.65,39.2,26.0,86.0,0.3236151623535155,False,CALL,2028-01-21,MSFT
MSFT280121C00550000,550.0,37.83,37.4,37.95,553.0,1720.0,0.32281408393859856,False,CALL,2028-01-21,MSFT
MSFT280121P00300000,300.0,16.3,16.35,16.75,40.0,1058.0,0.29576815078735347,False,PUT,2028-01-21,MSFT
MSFT280121P00310000,310.0,18.83,18.55,18.95,12.0,129.0,0.29170935348510735,False,PUT,2028-01-21,MSFT
MSFT280121P00320000,320.0,21.13,21.0,21.4,22.0,347.0,0.2880777980041503,False,PUT,2028-01-21,MSFT
MSFT280121P00330000,330.0,23.7,23.55,23.95,48.0,215.0,0.28388167297363276,False,PUT,2028-01-21,MSFT
MSFT280121P00340000,340.0,26.5,26.4,26.9,522.0,451.0,0.2808452043151855,False,PUT,2028-01-21,MSFT
MSFT280121P00350000,350.0,29.49,29.45,29.85,78.0,784.0,0.27664907928466786,False,PUT,2028-01-21,MSFT
MSFT280121P00360000,360.0,32.35,32.6,33.1,89.0,418.0,0.27294123062133785,False,PUT,2028-01-21,MSFT
MSFT280121P00370000,370.0,36.55,36.05,36.6,8.0,618.0,0.26938596832275385,False,PUT,2028-01-21,MSFT
MSFT280121P00380000,380.0,39.75,39.9,40.45,61.0,559.0,0.26643342216491694,False,PUT,2028-01-21,MSFT
MSFT280121P00390000,390.0,44.2,43.85,44.3,67.0,231.0,0.2623898834991456,False,PUT,2028-01-21,MSFT
MSFT280121P00400000,400.0,48.2,47.95,48.55,82.0,1747.0,0.25912453529357915,False,PUT,2028-01-21,MSFT
MSFT280121P00410000,410.0,52.6,52.25,52.9,23.0,1044.0,0.2552488416290284,False,PUT,2028-01-21,MSFT
MSFT280121P00420000,420.0,57.1,57.0,57.55,75.0,2556.0,0.2516401741027832,False,PUT,2028-01-21,MSFT
MSFT280121P00430000,430.0,62.15,61.9,62.5,70.0,139.0,0.24828327407836914,True,PUT,2028-01-21,MSFT
MSFT280121P00440000,440.0,67.25,67.05,67.6,82.0,527.0,0.24452964950561523,True,PUT,2028-01-21,MSFT
MSFT280121P00450000,450.0,72.62,72.45,73.05,42.0,423.0,0.24120326675415038,True,PUT,2028-01-21,MSFT
MSFT280121P00460000,460.0,78.0,78.0,78.6,23.0,174.0,0.23726653854370117,True,PUT,2028-01-21,MSFT
MSFT280121P00470000,470.0,83.77,83.85,84.45,20.0,265.0,0.2335510605621338,True,PUT,2028-01-21,MSFT
MSFT280121P00480000,480.0,89.12,90.1,90.85,7.0,432.0,0.2311325666809082,True,PUT,2028-01-21,MSFT
MSFT280121P00490000,490.0,95.56,96.3,96.95,1.0,1182.0,0.22635661346435548,True,PUT,2028-01-21,MSFT
MSFT280121P00500000,500.0,102.97,102.7,103.35,105.0,833.0,0.22177902252197262,True,PUT,2028-01-21,MSFT
MSFT280121P00505000,505.0,105.75,106.1,106.8,35.0,47.0,0.22019212432861324,True,PUT,2028-01-21,MSFT
MSFT280121P00510000,510.0,107.7,109.55,110.1,21.0,204.0,0.2176363027191162,True,PUT,2028-01-21,MSFT
MSFT280121P00515000,515.0,110.65,113.05,113.7,2.0,160.0,0.2161867322540283,True,PUT,2028-01-21,MSFT
MSFT280121P00520000,520.0,116.43,116.55,117.5,6.0,475.0,0.21543142974853519,True,PUT,2028-01-21,MSFT
MSFT280121P00525000,525.0,120.43,120.2,121.15,2.0,85.0,0.2136919451904297,True,PUT,2028-01-21,MSFT
MSFT280121P00530000,530.0,95.79,123.85,124.7,4.0,91.0,0.21115901153564448,True,PUT,2028-01-21,MSFT
MSFT280121P00535000,535.0,96.6,127.5,128.35,2.0,135.0,0.20880918151855465,True,PUT,2028-01-21,MSFT
MSFT280121P00540000,540.0,99.65,130.85,131.75,4.0,136.0,0.20478090148925776,True,PUT,2028-01-21,MSFT
MSFT280121P00545000,545.0,132.27,133.15,136.6,1.0,127.0,0.2082751292419433,True,PUT,2028-01-21,MSFT
MSFT280121P00550000,550.0,137.3,137.15,140.35,3.0,650.0,0.2055819799041748,True,PUT,2028-01-21,MSFT
MSFT280616C00300000,300.0,163.18,162.5,164.95,15.0,85.0,0.41544163665771483,True,CALL,2028-06-16,MSFT
MSFT280616C00310000,310.0,157.1,154.6,157.6,1.0,10.0,0.4069578347778321,True,CALL,2028-06-16,MSFT
MSFT280616C00320000,320.0,151.03,147.75,151.55,2.0,4.0,0.4047682204437255,True,CALL,2028-06-16,MSFT
MSFT280616C00330000,330.0,150.71,141.45,144.75,5.0,31.0,0.39805442039489747,True,CALL,2028-06-16,MSFT
MSFT280616C00340000,340.0,137.25,136.05,138.85,3.0,14.0,0.39515527946472173,True,CALL,2028-06-16,MSFT
MSFT280616C00350000,350.0,131.2,129.1,132.6,16.0,205.0,0.38992156715393067,True,CALL,2028-06-16,MSFT
MSFT280616C00360000,360.0,167.46,122.95,126.3,2.0,17.0,0.3839096643829346,True,CALL,2028-06-16,MSFT
MSFT280616C00370000,370.0,121.0,118.05,120.55,1.0,24.0,0.3798050911712646,True,CALL,2028-06-16,MSFT
MSFT280616C00380000,380.0,112.29,111.8,115.15,5.0,24.0,0.37661603614807126,True,CALL,2028-06-16,MSFT
MSFT280616C00390000,390.0,108.3,106.4,109.65,2.0,91.0,0.3723817645263672,True,CALL,2028-06-16,MSFT
MSFT280616C00400000,400.0,103.0,103.0,104.8,195.0,275.0,0.3702684433746338,True,CALL,2028-06-16,MSFT
MSFT280616C00410000,410.0,99.0,96.65,98.7,21.0,123.0,0.3624483921813965,True,CALL,2028-06-16,MSFT
MSFT280616C00420000,420.0,93.1,91.6,94.4,50.0,42.0,0.3613955462646484,True,CALL,2028-06-16,MSFT
MSFT280616C00430000,430.0,88.95,88.0,89.3,60.0,87.0,0.35655855850219725,False,CALL,2028-06-16,MSFT
MSFT280616C00440000,440.0,83.77,82.5,85.0,292.0,37.0,0.35432316825866683,False,CALL,2028-06-16,MSFT
MSFT280616C00450000,450.0,80.0,78.6,80.9,53.0,120.0,0.3522937696075439,False,CALL,2028-06-16,MSFT
MSFT280616C00460000,460.0,75.7,74.85,76.05,16.0,133.0,0.3468159191131591,False,CALL,2028-06-16,MSFT
MSFT280616C00470000,470.0,71.8,70.9,72.05,16.0,120.0,0.3440846231842041,False,CALL,2028-06-16,MSFT
MSFT280616C00480000,480.0,67.75,67.15,68.3,23.0,267.0,0.3417805690765381,False,CALL,2028-06-16,MSFT
MSFT280616C00490000,490.0,64.47,63.6,64.75,12.0,1386.0,0.33971302383422847,False,CALL,2028-06-16,MSFT
MSFT280616C00500000,500.0,60.46,60.15,61.3,140.0,357.0,0.3375157801818848,False,CALL,2028-06-16,MSFT
MSFT280616C00510000,510.0,57.25,56.8,57.9,15.0,139.0,0.3350057344818115,False,CALL,2028-06-16,MSFT
MSFT280616C00520000,520.0,54.05,53.7,54.8,23.0,158.0,0.3331441808319092,False,CALL,2028-06-16,MSFT
MSFT280616C00530000,530.0,51.95,50.7,51.8,6.0,100.0,0.33119107536315917,False,CALL,2028-06-16,MSFT
MSFT280616C00540000,540.0,48.31,47.85,48.9,5.0,58.0,0.32914641807556144,False,CALL,2028-06-16,MSFT
MSFT280616C00550000,550.0,45.85,45.15,46.2,65.0,171.0,0.32741456283569337,False,CALL,2028-06-16,MSFT
MSFT280616P00300000,300.0,19.74,19.35,20.05,6.0,80.0,0.2907938352966308,False,PUT,2028-06-16,MSFT
MSFT280616P00310000,310.0,14.87,21.85,22.55,2.0,245.0,0.28750559913635243,False,PUT,2028-06-16,MSFT
MSFT280616P00320000,320.0,24.9,24.35,25.1,2.0,17.0,0.2834544311523437,False,PUT,2028-06-16,MSFT
MSFT280616P00330000,330.0,27.2,27.2,27.9,5.0,128.0,0.279807617034912,False,PUT,2028-06-16,MSFT
MSFT280616P00340000,340.0,30.33,30.0,30.9,4.0,128.0,0.2762142081451415,False,PUT,2028-06-16,MSFT
MSFT280616P00350000,350.0,33.6,33.15,34.1,13.0,488.0,0.2726589458465576,False,PUT,2028-06-16,MSFT
MSFT280616P00360000,360.0,31.0,36.5,37.45,1.0,244.0,0.26889006263732906,False,PUT,2028-06-16,MSFT
MSFT280616P00370000,370.0,40.97,40.25,41.2,1.0,95.0,0.2660138096618652,False,PUT,2028-06-16,MSFT
MSFT280616P00380000,380.0,44.5,43.85,44.85,5.0,138.0,0.26178716735839846,False,PUT,2028-06-16,MSFT
MSFT280616P00390000,390.0,49.21,47.9,48.95,12.0,50.0,0.2585981123352051,False,PUT,2028-06-16,MSFT
MSFT280616P00400000,400.0,52.9,52.25,53.35,106.0,639.0,0.2557600059509278,False,PUT,2028-06-16,MSFT
MSFT280616P00410000,410.0,56.5,56.6,57.75,5.0,48.0,0.2520292693328857,False,PUT,2028-06-16,MSFT
MSFT280616P00420000,420.0,61.4,61.15,62.35,78.0,111.0,0.2482451274871826,False,PUT,2028-06-16,MSFT
MSFT280616P00430000,430.0,66.05,66.05,67.25,27.0,116.0,0.244773787689209,True,PUT,2028-06-16,MSFT
MSFT280616P00440000,440.0,72.23,71.3,72.55,14.0,22.0,0.2419890865325928,True,PUT,2028-06-16,MSFT
MSFT280616P00450000,450.0,76.95,76.55,77.9,38.0,142.0,0.23853300537109373,True,PUT,2028-06-16,MSFT
MSFT280616P00460000,460.0,82.6,82.0,83.4,20.0,16.0,0.23478701011657713,True,PUT,2028-06-16,MSFT
MSFT280616P00470000,470.0,63.43,87.9,89.3,4.0,62.0,0.23172002418518065,True,PUT,2028-06-16,MSFT
MSFT280616P00480000,480.0,94.3,93.7,95.1,21.0,108.0,0.2273865714263916,True,PUT,2028-06-16,MSFT
MSFT280616P00490000,490.0,99.6,99.9,101.35,1.0,98.0,0.22392286094665523,True,PUT,2028-06-16,MSFT
MSFT280616P00500000,500.0,106.69,106.45,107.85,1.0,94.0,0.2205583316040039,True,PUT,2028-06-16,MSFT
MSFT280616P00510000,510.0,113.97,112.85,114.35,4.0,31.0,0.21627828407287594,True,PUT,2028-06-16,MSFT
MSFT280616P00520000,520.0,119.82,119.8,121.3,37.0,58.0,0.2129137547302246,True,PUT,2028-06-16,MSFT
MSFT280616P00530000,530.0,126.4,126.9,127.95,50.0,20.0,0.2072680592346191,True,PUT,2028-06-16,MSFT
MSFT280616P00540000,540.0,104.02,134.1,135.2,1.0,4.0,0.20319400329589843,True,PUT,2028-06-16,MSFT
MSFT280616P00550000,550.0,111.0,141.25,142.65,1.0,4.0,0.19899787826538085,True,PUT,2028-06-16,MSFT
MSFT281215C00300000,300.0,171.0,171.0,172.55,142.0,125.0,0.41575443870544426,True,CALL,2028-12-15,MSFT
MSFT281215C00310000,310.0,165.5,162.05,165.95,11.0,23.0,0.4102308123016357,True,CALL,2028-12-15,MSFT
MSFT281215C00320000,320.0,159.1,155.75,159.4,10.0,5.0,0.4044706770324707,True,CALL,2028-12-15,MSFT
MSFT281215C00330000,330.0,152.55,151.0,153.35,20.0,11.0,0.40051869018554687,True,CALL,2028-12-15,MSFT
MSFT281215C00340000,340.0,147.95,143.65,147.6,121.0,15.0,0.3973372644805908,True,CALL,2028-12-15,MSFT
MSFT281215C00350000,350.0,139.65,137.75,141.0,117.0,85.0,0.39001311897277835,True,CALL,2028-12-15,MSFT
MSFT281215C00360000,360.0,134.15,132.2,135.45,52.0,132.0,0.3866791069030761,True,CALL,2028-12-15,MSFT
MSFT281215C00370000,370.0,129.07,127.15,130.0,18.0,39.0,0.38323828437805174,True,CALL,2028-12-15,MSFT
MSFT281215C00380000,380.0,123.5,121.45,124.8,36.0,244.0,0.38028573822021483,True,CALL,2028-12-15,MSFT
MSFT281215C00390000,390.0,118.98,117.0,119.65,26.0,8.0,0.3770203900146484,True,CALL,2028-12-15,MSFT
MSFT281215C00400000,400.0,113.0,112.9,114.45,282.0,130.0,0.37308366180419916,True,CALL,2028-12-15,MSFT
MSFT281215C00410000,410.0,108.59,106.6,109.85,70.0,68.0,0.37094745269775387,True,CALL,2028-12-15,MSFT
MSFT281215C00420000,420.0,103.78,103.0,105.3,319.0,122.0,0.3685060708618164,True,CALL,2028-12-15,MSFT
MSFT281215C00430000,430.0,98.9,98.0,100.75,521.0,20.0,0.3655993006134033,False,CALL,2028-12-15,MSFT
MSFT281215C00440000,440.0,94.2,94.25,95.25,130.0,59.0,0.35883209533691407,False,CALL,2028-12-15,MSFT
MSFT281215C00450000,450.0,90.88,90.15,91.3,182.0,193.0,0.3572223091888427,False,CALL,2028-12-15,MSFT
MSFT281215C00460000,460.0,86.2,85.5,88.1,55.0,181.0,0.3578097666931152,False,CALL,2028-12-15,MSFT
MSFT281215C00470000,470.0,82.0,81.75,82.7,18.0,172.0,0.3501957070922851,False,CALL,2028-12-15,MSFT
MSFT281215C00480000,480.0,79.0,77.9,78.9,55.0,103.0,0.3478153598022461,False,CALL,2028-12-15,MSFT
MSFT281215C00490000,490.0,74.0,74.3,75.35,28.0,44.0,0.345885142288208,False,CALL,2028-12-15,MSFT
MSFT281215C00500000,500.0,71.6,70.7,71.85,439.0,332.0,0.3437222305679321,False,CALL,2028-12-15,MSFT
MSFT281215C00505000,505.0,69.4,69.05,70.15,15.0,120.0,0.3426655699920653,False,CALL,2028-12-15,MSFT
MSFT281215C00510000,510.0,68.63,67.35,68.4,78.0,61.0,0.34133043930053714,False,CALL,2028-12-15,MSFT
MSFT281215C00515000,515.0,66.88,65.75,66.75,6.0,31.0,0.3402470761108398,False,CALL,2028-12-15,MSFT
MSFT281215C00520000,520.0,65.33,64.15,65.25,11.0,108.0,0.339587140083313,False,CALL,2028-12-15,MSFT
MSFT281215C00525000,525.0,63.7,62.75,63.55,15.0,27.0,0.33813375495910647,False,CALL,2028-12-15,MSFT
MSFT281215C00530000,530.0,61.72,61.05,62.1,39.0,20.0,0.337458560295105,False,CALL,2028-12-15,MSFT
MSFT281215C00535000,535.0,60.35,59.55,60.65,210.0,14.0,0.3366918138122559,False,CALL,2028-12-15,MSFT
MSFT281215C00540000,540.0,58.35,58.1,59.2,31.0,76.0,0.33582970085144037,False,CALL,2028-12-15,MSFT
MSFT281215C00545000,545.0,57.16,56.65,57.8,1706.0,11.0,0.3350476957321167,False,CALL,2028-12-15,MSFT
MSFT281215C00550000,550.0,56.15,55.3,56.4,1197.0,225.0,0.3341741387939453,False,CALL,2028-12-15,MSFT
MSFT281215P00300000,300.0,23.25,23.25,23.5,61.0,158.0,0.2838053797912597,False,PUT,2028-12-15,MSFT
MSFT281215P00310000,310.0,24.0,25.4,26.15,1.0,12.0,0.28044847976684567,False,PUT,2028-12-15,MSFT
MSFT281215P00320000,320.0,28.8,28.2,29.05,9.0,26.0,0.27747304565429687,False,PUT,2028-12-15,MSFT
MSFT281215P00330000,330.0,31.45,31.15,32.1,325.0,43.0,0.27434502517700193,False,PUT,2028-12-15,MSFT
MSFT281215P00340000,340.0,34.5,34.2,35.2,53.0,25.0,0.27061428855895997,False,PUT,2028-12-15,MSFT
MSFT281215P00350000,350.0,38.08,37.6,38.25,208.0,240.0,0.26592225784301754,False,PUT,2028-12-15,MSFT
MSFT281215P00360000,360.0,41.45,41.05,42.05,18.0,34.0,0.26367923828125,False,PUT,2028-12-15,MSFT
MSFT281215P00370000,370.0,45.1,44.8,45.75,78.0,21.0,0.260200269165039,False,PUT,2028-12-15,MSFT
MSFT281215P00380000,380.0,49.55,48.6,49.7,117.0,76.0,0.2569730675506592,False,PUT,2028-12-15,MSFT
MSFT281215P00390000,390.0,53.0,52.75,53.8,105.0,32.0,0.2535703916168214,False,PUT,2028-12-15,MSFT
MSFT281215P00400000,400.0,57.5,57.1,58.0,306.0,65.0,0.249832025680542,False,PUT,2028-12-15,MSFT
MSFT281215P00410000,410.0,61.9,61.5,62.6,7.0,12.0,0.24683370361328127,False,PUT,2028-12-15,MSFT
MSFT281215P00420000,420.0,67.0,66.0,67.3,377.0,82.0,0.2434768035888672,False,PUT,2028-12-15,MSFT
MSFT281215P00430000,430.0,71.38,71.0,72.25,43.0,17.0,0.24029537788391112,True,PUT,2028-12-15,MSFT
MSFT281215P00440000,440.0,76.04,76.1,77.55,118.0,146.0,0.23762511650085447,True,PUT,2028-12-15,MSFT
MSFT281215P00450000,450.0,81.8,81.45,82.65,62.0,66.0,0.23354343124389648,True,PUT,2028-12-15,MSFT
MSFT281215P00460000,460.0,87.61,86.9,88.2,49.0,41.0,0.23031622962951662,True,PUT,2028-12-15,MSFT
MSFT281215P00470000,470.0,92.82,92.45,93.85,32.0,44.0,0.2267228207397461,True,PUT,2028-12-15,MSFT
MSFT281215P00480000,480.0,98.5,98.45,99.75,97.0,250.0,0.22327436889648436,True,PUT,2028-12-15,MSFT
MSFT281215P00490000,490.0,105.5,104.5,105.8,7.0,13.0,0.2196199254608154,True,PUT,2028-12-15,MSFT
MSFT281215P00500000,500.0,111.1,110.55,112.0,10.0,73.0,0.21575186111450195,True,PUT,2028-12-15,MSFT
MSFT281215P00505000,505.0,114.78,113.75,115.3,7.0,3.0,0.2142565147399902,True,PUT,2028-12-15,MSFT
MSFT281215P00510000,510.0,116.75,117.1,118.55,85.0,9.0,0.21239496109008787,True,PUT,2028-12-15,MSFT
MSFT281215P00515000,515.0,118.7,120.45,121.9,21.0,24.0,0.21070125244140625,True,PUT,2028-12-15,MSFT
MSFT281215P00520000,520.0,94.55,123.65,125.35,2.0,4.0,0.20919064743041987,True,PUT,2028-12-15,MSFT
MSFT281215P00540000,540.0,132.66,137.6,139.4,1.0,12.0,0.20217167465209956,True,PUT,2028-12-15,MSFT
MSFT281215P00545000,545.0,141.5,141.2,143.0,3.0,5.0,0.2002490864562988,True,PUT,2028-12-15,MSFT
MSFT281215P00550000,550.0,145.15,144.9,146.65,12.0,25.0,0.19831123962402342,True,PUT,2028-12-15,MSFT
MSTR260130C00100000,100.0,58.1,39.35,42.35,1.0,13.0,2.9199245751953127,True,CALL,2026-01-30,MSTR
MSTR260130C00105000,105.0,53.4,34.35,37.65,1.0,14.0,2.697268881835938,True,CALL,2026-01-30,MSTR
MSTR260130C00110000,110.0,30.6,30.1,31.95,2.0,234.0,2.3652384619140623,True,CALL,2026-01-30,MSTR
MSTR260130C00115000,115.0,56.74,24.6,27.35,2.0,19.0,1.9892578662109375,True,CALL,2026-01-30,MSTR
MSTR260130C00120000,120.0,39.0,19.6,22.35,12.0,106.0,1.6552751611328125,True,CALL,2026-01-30,MSTR
MSTR260130C00125000,125.0,19.46,15.2,16.9,40.0,108.0,1.3603547607421875,True,CALL,2026-01-30,MSTR
MSTR260130C00126000,126.0,33.23,14.2,16.55,4.0,2.0,1.4384793701171876,True,CALL,2026-01-30,MSTR
MSTR260130C00128000,128.0,35.41,12.3,14.2,8.0,8.0,1.2421912890624998,True,CALL,2026-01-30,MSTR
MSTR260130C00129000,129.0,24.26,11.35,13.25,50.0,50.0,1.1904337353515624,True,CALL,2026-01-30,MSTR
MSTR260130C00130000,130.0,10.35,10.4,11.5,68.0,892.0,0.9765627343750001,True,CALL,2026-01-30,MSTR
MSTR260130C00133000,133.0,11.5,7.95,8.7,10.0,1.0,0.9038095556640625,True,CALL,2026-01-30,MSTR
MSTR260130C00134000,134.0,11.2,7.3,7.95,3.0,1.0,0.92187578125,True,CALL,2026-01-30,MSTR
MSTR260130C00135000,135.0,6.9,6.35,7.05,255.0,87.0,0.86132951171875,True,CALL,2026-01-30,MSTR
MSTR260130C00136000,136.0,6.6,5.75,6.4,4.0,4.0,0.8798840136718749,True,CALL,2026-01-30,MSTR
MSTR260130C00138000,138.0,4.68,4.3,5.0,56.0,7.0,0.8364274169921874,True,CALL,2026-01-30,MSTR
MSTR260130C00140000,140.0,3.45,3.3,3.55,1809.0,289.0,0.8027363476562499,True,CALL,2026-01-30,MSTR
MSTR260130C00141000,141.0,2.93,2.9,3.05,440.0,4.0,0.8085956640624999,False,CALL,2026-01-30,MSTR
MSTR260130C00142000,142.0,2.6,2.48,2.6,1650.0,85.0,0.80664255859375,False,CALL,2026-01-30,MSTR
MSTR260130C00143000,143.0,2.2,2.13,2.28,1482.0,4.0,0.8183611914062499,False,CALL,2026-01-30,MSTR
MSTR260130C00144000,144.0,1.8,1.84,1.94,2533.0,72.0,0.8251970605468748,False,CALL,2026-01-30,MSTR
MSTR260130C00145000,145.0,1.55,1.56,1.61,6949.0,227.0,0.8237322314453124,False,CALL,2026-01-30,MSTR
MSTR260130C00147000,147.0,1.11,1.1,1.16,2194.0,94.0,0.8339860351562498,False,CALL,2026-01-30,MSTR
MSTR260130C00148000,148.0,0.95,0.94,1.01,2538.0,62.0,0.848634326171875,False,CALL,2026-01-30,MSTR
MSTR260130C00149000,149.0,0.84,0.75,0.84,1492.0,17.0,0.8457046679687499,False,CALL,2026-01-30,MSTR
MSTR260130C00150000,150.0,0.66,0.65,0.66,12325.0,697.0,0.8476577734374999,False,CALL,2026-01-30,MSTR
MSTR260130C00152500,152.5,0.41,0.4,0.45,6123.0,55.0,0.8710950390625,False,CALL,2026-01-30,MSTR
MSTR260130C00155000,155.0,0.25,0.25,0.26,12381.0,716.0,0.8789074609374999,False,CALL,2026-01-30,MSTR
MSTR260130C00157500,157.5,0.18,0.14,0.23,5458.0,1549.0,0.9238288867187501,False,CALL,2026-01-30,MSTR
MSTR260130C00160000,160.0,0.08,0.08,0.09,15868.0,5928.0,0.8945323046874999,False,CALL,2026-01-30,MSTR
MSTR260130C00162500,162.5,0.06,0.05,0.06,6564.0,6792.0,0.92187578125,False,CALL,2026-01-30,MSTR
MSTR260130C00165000,165.0,0.04,0.03,0.04,27717.0,22360.0,0.945313046875,False,CALL,2026-01-30,MSTR
MSTR260130C00167500,167.5,0.02,0.02,0.03,62565.0,57701.0,0.9765627343750001,False,CALL,2026-01-30,MSTR
MSTR260130C00170000,170.0,0.01,0.01,0.03,25597.0,21863.0,1.015629921875,False,CALL,2026-01-30,MSTR
MSTR260130C00172500,172.5,0.01,0.0,0.02,18458.0,19234.0,1.015629921875,False,CALL,2026-01-30,MSTR
MSTR260130C00175000,175.0,0.01,0.0,0.01,57381.0,57293.0,1.000005,False,CALL,2026-01-30,MSTR
MSTR260130C00177500,177.5,0.01,0.0,0.01,16715.0,17781.0,1.0625046875000002,False,CALL,2026-01-30,MSTR
MSTR260130C00180000,180.0,0.01,0.0,0.01,3111.0,6774.0,1.125004375,False,CALL,2026-01-30,MSTR
MSTR260130P00100000,100.0,0.02,0.01,0.03,1510.0,4860.0,1.734376328125,False,PUT,2026-01-30,MSTR
MSTR260130P00105000,105.0,0.03,0.01,0.04,1169.0,10633.0,1.5468772656249998,False,PUT,2026-01-30,MSTR
MSTR260130P00110000,110.0,0.04,0.04,0.05,1805.0,6660.0,1.4140654296875002,False,PUT,2026-01-30,MSTR
MSTR260130P00115000,115.0,0.05,0.05,0.09,750.0,8163.0,1.2578162109375,False,PUT,2026-01-30,MSTR
MSTR260130P00120000,120.0,0.07,0.07,0.08,3293.0,11432.0,1.0312548437500002,False,PUT,2026-01-30,MSTR
MSTR260130P00124000,124.0,0.15,0.08,0.19,261.0,403.0,0.929688203125,False,PUT,2026-01-30,MSTR
MSTR260130P00125000,125.0,0.16,0.13,0.16,3585.0,7039.0,0.8906260937499999,False,PUT,2026-01-30,MSTR
MSTR260130P00126000,126.0,0.15,0.2,0.25,85.0,293.0,0.9179695703125,False,PUT,2026-01-30,MSTR
MSTR260130P00127000,127.0,0.24,0.19,0.27,69.0,22.0,0.86914193359375,False,PUT,2026-01-30,MSTR
MSTR260130P00128000,128.0,0.29,0.23,0.37,250.0,187.0,0.8652357226562499,False,PUT,2026-01-30,MSTR
MSTR260130P00129000,129.0,0.35,0.3,0.37,195.0,501.0,0.831056376953125,False,PUT,2026-01-30,MSTR
MSTR260130P00130000,130.0,0.43,0.4,0.45,4408.0,4249.0,0.823243955078125,False,PUT,2026-01-30,MSTR
MSTR260130P00131000,131.0,0.49,0.47,0.57,154.0,195.0,0.8085956640624999,False,PUT,2026-01-30,MSTR
MSTR260130P00132000,132.0,0.63,0.61,0.67,320.0,668.0,0.79687703125,False,PUT,2026-01-30,MSTR
MSTR260130P00133000,133.0,0.75,0.7,0.8,231.0,569.0,0.77148666015625,False,PUT,2026-01-30,MSTR
MSTR260130P00134000,134.0,0.92,0.88,0.97,429.0,699.0,0.7617211328125001,False,PUT,2026-01-30,MSTR
MSTR260130P00135000,135.0,1.16,1.06,1.19,5510.0,3589.0,0.7500025,False,PUT,2026-01-30,MSTR
MSTR260130P00136000,136.0,1.42,1.31,1.43,933.0,101.0,0.7402369726562499,False,PUT,2026-01-30,MSTR
MSTR260130P00137000,137.0,1.71,1.6,1.75,995.0,304.0,0.735354208984375,False,PUT,2026-01-30,MSTR
MSTR260130P00138000,138.0,2.11,2.01,2.12,2348.0,360.0,0.7402369726562499,False,PUT,2026-01-30,MSTR
MSTR260130P00139000,139.0,2.48,2.37,2.52,1840.0,527.0,0.7299831689453125,False,PUT,2026-01-30,MSTR
MSTR260130P00140000,140.0,2.87,2.87,2.99,12118.0,8017.0,0.7329128271484374,False,PUT,2026-01-30,MSTR
MSTR260130P00141000,141.0,3.44,3.3,3.65,1333.0,731.0,0.737307314453125,True,PUT,2026-01-30,MSTR
MSTR260130P00142000,142.0,3.69,3.95,4.25,2671.0,538.0,0.7490259472656251,True,PUT,2026-01-30,MSTR
MSTR260130P00143000,143.0,4.39,4.5,4.7,4841.0,1253.0,0.71679970703125,True,PUT,2026-01-30,MSTR
MSTR260130P00144000,144.0,4.98,5.0,5.5,4718.0,2998.0,0.70898728515625,True,PUT,2026-01-30,MSTR
MSTR260130P00145000,145.0,5.85,5.8,6.3,5490.0,5465.0,0.7304714453125,True,PUT,2026-01-30,MSTR
MSTR260130P00146000,146.0,6.2,6.5,7.1,1190.0,717.0,0.7270535107421875,True,PUT,2026-01-30,MSTR
MSTR260130P00147000,147.0,7.01,7.3,7.8,4781.0,4286.0,0.7094755615234375,True,PUT,2026-01-30,MSTR
MSTR260130P00148000,148.0,8.27,8.2,8.7,2270.0,1955.0,0.7334011035156249,True,PUT,2026-01-30,MSTR
MSTR260130P00149000,149.0,8.73,9.0,9.55,801.0,598.0,0.71679970703125,True,PUT,2026-01-30,MSTR
MSTR260130P00150000,150.0,9.99,9.85,10.35,8305.0,6657.0,0.6806672558593752,True,PUT,2026-01-30,MSTR
MSTR260130P00152500,152.5,12.5,12.05,12.75,3084.0,4041.0,0.64062859375,True,PUT,2026-01-30,MSTR
MSTR260130P00155000,155.0,14.73,14.25,15.35,3223.0,7065.0,0.500005,True,PUT,2026-01-30,MSTR
MSTR260130P00157500,157.5,16.63,16.7,17.75,1279.0,2188.0,1.1240278173828124,True,PUT,2026-01-30,MSTR
MSTR260130P00160000,160.0,19.1,19.0,20.0,1290.0,7359.0,1.0429735351562504,True,PUT,2026-01-30,MSTR
MSTR260130P00162500,162.5,20.84,21.2,22.3,361.0,1647.0,0.6875031250000001,True,PUT,2026-01-30,MSTR
MSTR260130P00165000,165.0,24.37,23.85,25.0,475.0,2656.0,1.2324257128906249,True,PUT,2026-01-30,MSTR
MSTR260130P00167500,167.5,27.69,26.3,27.75,72.0,757.0,1.5468772656249998,True,PUT,2026-01-30,MSTR
MSTR260130P00170000,170.0,29.34,28.9,30.05,469.0,2011.0,1.466799541015625,True,PUT,2026-01-30,MSTR
MSTR260130P00172500,172.5,29.43,30.65,33.2,9.0,295.0,2.036137722167969,True,PUT,2026-01-30,MSTR
MSTR260130P00175000,175.0,34.48,33.75,35.2,115.0,925.0,1.791016669921875,True,PUT,2026-01-30,MSTR
MSTR260130P00177500,177.5,24.35,35.2,38.4,3.0,57.0,2.349613500976562,True,PUT,2026-01-30,MSTR
MSTR260130P00180000,180.0,39.55,38.8,40.2,273.0,952.0,1.966797041015625,True,PUT,2026-01-30,MSTR
MSTR260206C00100000,100.0,47.95,40.4,43.95,3.0,16.0,1.8178720043945313,True,CALL,2026-02-06,MSTR
MSTR260206C00105000,105.0,39.3,35.05,37.25,41.0,5.0,1.3173862255859374,True,CALL,2026-02-06,MSTR
MSTR260206C00110000,110.0,33.95,30.85,34.15,4.0,181.0,1.4960962695312499,True,CALL,2026-02-06,MSTR
MSTR260206C00114000,114.0,47.06,27.0,29.0,1.0,1.0,1.2309608764648439,True,CALL,2026-02-06,MSTR
MSTR260206C00115000,115.0,30.19,26.15,28.05,1.0,16.0,1.2158242333984375,True,CALL,2026-02-06,MSTR
MSTR260206C00120000,120.0,25.01,21.7,22.85,93.0,36.0,1.0639695239257816,True,CALL,2026-02-06,MSTR
MSTR260206C00123000,123.0,25.0,18.7,20.05,2.0,1.0,0.9682620361328125,True,CALL,2026-02-06,MSTR
MSTR260206C00125000,125.0,46.15,17.25,18.9,2.0,24.0,1.0058643457031249,True,CALL,2026-02-06,MSTR
MSTR260206C00130000,130.0,13.9,13.55,14.4,106.0,107.0,0.9248054394531251,True,CALL,2026-02-06,MSTR
MSTR260206C00134000,134.0,13.6,10.7,11.5,1.0,4.0,0.8835460864257811,True,CALL,2026-02-06,MSTR
MSTR260206C00135000,135.0,10.3,10.3,10.3,38.0,29.0,0.8581557153320312,True,CALL,2026-02-06,MSTR
MSTR260206C00137000,137.0,10.85,8.9,9.55,4.0,3.0,0.8642591699218749,True,CALL,2026-02-06,MSTR
MSTR260206C00138000,138.0,9.12,8.2,9.05,11.0,21.0,0.8562026098632812,True,CALL,2026-02-06,MSTR
MSTR260206C00140000,140.0,7.6,7.5,7.75,1631.0,229.0,0.8562026098632812,True,CALL,2026-02-06,MSTR
MSTR260206C00145000,145.0,5.4,5.25,5.55,1981.0,80.0,0.8454605297851561,False,CALL,2026-02-06,MSTR
MSTR260206C00147000,147.0,4.9,4.35,4.85,235.0,14.0,0.834718449707031,False,CALL,2026-02-06,MSTR
MSTR260206C00148000,148.0,4.4,4.1,4.55,275.0,7.0,0.8410660424804688,False,CALL,2026-02-06,MSTR
MSTR260206C00149000,149.0,4.1,3.8,4.25,165.0,10.0,0.8420425952148438,False,CALL,2026-02-06,MSTR
MSTR260206C00150000,150.0,3.75,3.6,3.9,26621.0,516.0,0.8439957006835936,False,CALL,2026-02-06,MSTR
MSTR260206C00152500,152.5,3.07,2.91,3.15,20606.0,122.0,0.8354508642578123,False,CALL,2026-02-06,MSTR
MSTR260206C00155000,155.0,2.53,2.48,2.61,2577.0,378.0,0.8454605297851561,False,CALL,2026-02-06,MSTR
MSTR260206C00157500,157.5,2.09,1.98,2.16,20609.0,284.0,0.8452163916015624,False,CALL,2026-02-06,MSTR
MSTR260206C00160000,160.0,1.67,1.6,1.7,26040.0,2716.0,0.8410660424804688,False,CALL,2026-02-06,MSTR
MSTR260206C00162500,162.5,1.4,1.35,1.5,636.0,1059.0,0.8608412353515625,False,CALL,2026-02-06,MSTR
MSTR260206C00165000,165.0,1.16,1.09,1.27,3997.0,2694.0,0.8686536572265625,False,CALL,2026-02-06,MSTR
MSTR260206C00167500,167.5,0.96,0.95,1.07,781.0,602.0,0.8842785009765625,False,CALL,2026-02-06,MSTR
MSTR260206C00170000,170.0,0.81,0.75,0.9,6523.0,3880.0,0.8886729882812499,False,CALL,2026-02-06,MSTR
MSTR260206C00172500,172.5,0.73,0.64,0.81,862.0,1145.0,0.9086923193359374,False,CALL,2026-02-06,MSTR
MSTR260206C00175000,175.0,0.61,0.52,0.62,1107.0,3416.0,0.905274384765625,False,CALL,2026-02-06,MSTR
MSTR260206C00177500,177.5,0.54,0.38,0.58,377.0,647.0,0.9160164648437501,False,CALL,2026-02-06,MSTR
MSTR260206C00180000,180.0,0.45,0.42,0.49,2469.0,4943.0,0.94726615234375,False,CALL,2026-02-06,MSTR
MSTR260206P00100000,100.0,0.33,0.3,0.37,865.0,7712.0,1.2089883300781248,False,PUT,2026-02-06,MSTR
MSTR260206P00105000,105.0,0.5,0.4,0.52,127.0,571.0,1.1279340478515625,False,PUT,2026-02-06,MSTR
MSTR260206P00110000,110.0,0.69,0.7,0.71,1671.0,7262.0,1.0751999365234377,False,PUT,2026-02-06,MSTR
MSTR260206P00113000,113.0,0.82,0.76,0.98,123.0,89.0,1.0336962377929688,False,PUT,2026-02-06,MSTR
MSTR260206P00114000,114.0,0.88,0.81,1.0,34.0,48.0,1.01172369140625,False,PUT,2026-02-06,MSTR
MSTR260206P00115000,115.0,1.01,0.99,1.07,1080.0,7729.0,1.0141650854492186,False,PUT,2026-02-06,MSTR
MSTR260206P00116000,116.0,1.0,0.93,1.2,87.0,7.0,0.99023447265625,False,PUT,2026-02-06,MSTR
MSTR260206P00118000,118.0,1.17,1.09,1.4,320.0,387.0,0.9672854833984376,False,PUT,2026-02-06,MSTR
MSTR260206P00119000,119.0,1.21,1.21,1.49,124.0,128.0,0.9570316796874999,False,PUT,2026-02-06,MSTR
MSTR260206P00120000,120.0,1.49,1.39,1.56,2044.0,7978.0,0.9492192578124999,False,PUT,2026-02-06,MSTR
MSTR260206P00121000,121.0,1.01,1.44,1.77,26.0,14.0,0.9409185595703125,False,PUT,2026-02-06,MSTR
MSTR260206P00122000,122.0,1.57,1.54,1.85,82.0,26.0,0.9223640576171875,False,PUT,2026-02-06,MSTR
MSTR260206P00123000,123.0,1.36,1.7,2.02,120.0,47.0,0.9169930175781251,False,PUT,2026-02-06,MSTR
MSTR260206P00124000,124.0,1.57,1.82,2.17,160.0,78.0,0.9040536938476562,False,PUT,2026-02-06,MSTR
MSTR260206P00125000,125.0,2.13,2.12,2.24,3839.0,7921.0,0.8979502392578124,False,PUT,2026-02-06,MSTR
MSTR260206P00126000,126.0,1.7,2.16,2.52,121.0,79.0,0.8854991918945312,False,PUT,2026-02-06,MSTR
MSTR260206P00127000,127.0,2.47,2.39,2.77,1646.0,1683.0,0.883790224609375,False,PUT,2026-02-06,MSTR
MSTR260206P00128000,128.0,2.62,2.59,3.05,2974.0,53.0,0.8793957373046875,False,PUT,2026-02-06,MSTR
MSTR260206P00129000,129.0,2.36,2.79,3.2,34.0,27.0,0.8635267553710937,False,PUT,2026-02-06,MSTR
MSTR260206P00130000,130.0,3.23,3.15,3.4,5327.0,6331.0,0.860352958984375,False,PUT,2026-02-06,MSTR
MSTR260206P00131000,131.0,3.41,3.3,3.7,81.0,405.0,0.8476577734374999,False,PUT,2026-02-06,MSTR
MSTR260206P00132000,132.0,3.55,3.4,3.95,852.0,171.0,0.8261736132812498,False,PUT,2026-02-06,MSTR
MSTR260206P00133000,133.0,4.02,3.8,4.35,130.0,154.0,0.8320329296874999,False,PUT,2026-02-06,MSTR
MSTR260206P00134000,134.0,4.28,4.05,4.55,1180.0,159.0,0.8129901513671874,False,PUT,2026-02-06,MSTR
MSTR260206P00135000,135.0,4.75,4.75,4.75,1805.0,1738.0,0.8195818823242187,False,PUT,2026-02-06,MSTR
MSTR260206P00136000,136.0,4.88,4.85,5.35,2525.0,99.0,0.8112811840820311,False,PUT,2026-02-06,MSTR
MSTR260206P00137000,137.0,5.5,5.25,5.75,428.0,80.0,0.8063984204101562,False,PUT,2026-02-06,MSTR
MSTR260206P00138000,138.0,5.65,5.75,6.2,176.0,542.0,0.807619111328125,False,PUT,2026-02-06,MSTR
MSTR260206P00139000,139.0,6.33,6.25,6.65,456.0,82.0,0.8063984204101562,False,PUT,2026-02-06,MSTR
MSTR260206P00140000,140.0,6.99,6.75,7.15,4285.0,1135.0,0.8054218676757812,False,PUT,2026-02-06,MSTR
MSTR260206P00141000,141.0,7.55,7.15,7.75,262.0,486.0,0.8017597949218749,True,PUT,2026-02-06,MSTR
MSTR260206P00142000,142.0,8.0,7.75,8.2,511.0,568.0,0.7985859985351562,True,PUT,2026-02-06,MSTR
MSTR260206P00143000,143.0,8.57,8.2,8.75,773.0,372.0,0.790041162109375,True,PUT,2026-02-06,MSTR
MSTR260206P00144000,144.0,9.1,8.7,9.2,598.0,494.0,0.7758811474609376,True,PUT,2026-02-06,MSTR
MSTR260206P00145000,145.0,9.65,9.45,9.95,1990.0,1758.0,0.7907735766601562,True,PUT,2026-02-06,MSTR
MSTR260206P00146000,146.0,10.23,10.0,10.6,133.0,280.0,0.7861349511718749,True,PUT,2026-02-06,MSTR
MSTR260206P00147000,147.0,10.45,10.65,11.25,122.0,449.0,0.7846701220703125,True,PUT,2026-02-06,MSTR
MSTR260206P00148000,148.0,11.58,11.2,11.9,468.0,102.0,0.7749045947265626,True,PUT,2026-02-06,MSTR
MSTR260206P00149000,149.0,11.77,11.9,12.7,90.0,106.0,0.7807639111328125,True,PUT,2026-02-06,MSTR
MSTR260206P00150000,150.0,13.03,12.7,13.3,1061.0,3125.0,0.7780783911132813,True,PUT,2026-02-06,MSTR
MSTR260206P00152500,152.5,14.78,14.55,15.15,400.0,909.0,0.7741721801757813,True,PUT,2026-02-06,MSTR
MSTR260206P00155000,155.0,16.79,16.45,17.1,790.0,2192.0,0.7653832055664063,True,PUT,2026-02-06,MSTR
MSTR260206P00157500,157.5,18.5,18.45,19.2,445.0,1047.0,0.7602563037109377,True,PUT,2026-02-06,MSTR
MSTR260206P00160000,160.0,20.95,20.65,21.35,442.0,4928.0,0.7634301000976562,True,PUT,2026-02-06,MSTR
MSTR260206P00162500,162.5,21.5,22.7,23.6,87.0,1031.0,0.7465845654296875,True,PUT,2026-02-06,MSTR
MSTR260206P00165000,165.0,24.98,24.85,25.9,183.0,1838.0,0.7280300634765625,True,PUT,2026-02-06,MSTR
MSTR260206P00167500,167.5,27.15,26.7,28.2,44.0,196.0,0.6093789062500001,True,PUT,2026-02-06,MSTR
MSTR260206P00170000,170.0,29.6,29.3,30.65,38.0,1818.0,0.6650424121093752,True,PUT,2026-02-06,MSTR
MSTR260206P00172500,172.5,30.23,30.8,33.5,103.0,158.0,1.0390673046875003,True,PUT,2026-02-06,MSTR
MSTR260206P00175000,175.0,34.5,34.15,35.6,208.0,902.0,0.6699251757812501,True,PUT,2026-02-06,MSTR
MSTR260206P00177500,177.5,35.63,36.2,38.4,3.0,31.0,0.6015664843750002,True,PUT,2026-02-06,MSTR
MSTR260206P00180000,180.0,39.68,39.0,40.45,30.0,852.0,1.0302782861328126,True,PUT,2026-02-06,MSTR
MSTR260213C00100000,100.0,62.4,40.6,44.5,1.0,20.0,1.4423856005859377,True,CALL,2026-02-13,MSTR
MSTR260213C00110000,110.0,35.09,31.45,33.25,31.0,4.0,1.1005904345703126,True,CALL,2026-02-13,MSTR
MSTR260213C00120000,120.0,29.8,22.4,24.5,1.0,0.0,0.9570316796874999,True,CALL,2026-02-13,MSTR
MSTR260213C00125000,125.0,21.15,18.9,20.1,7.0,3.0,0.9174812939453125,True,CALL,2026-02-13,MSTR
MSTR260213C00130000,130.0,17.39,15.15,16.7,27.0,103.0,0.8883067810058591,True,CALL,2026-02-13,MSTR
MSTR260213C00135000,135.0,12.75,12.1,12.55,6.0,23.0,0.8273943041992187,True,CALL,2026-02-13,MSTR
MSTR260213C00140000,140.0,9.67,9.35,10.15,115.0,17.0,0.8254411987304686,True,CALL,2026-02-13,MSTR
MSTR260213C00145000,145.0,7.56,7.2,7.65,93.0,26.0,0.8098163549804687,False,CALL,2026-02-13,MSTR
MSTR260213C00150000,150.0,5.57,5.3,5.75,441.0,95.0,0.7966328930664062,False,CALL,2026-02-13,MSTR
MSTR260213C00155000,155.0,4.12,3.85,4.1,298.0,145.0,0.7814963256835938,False,CALL,2026-02-13,MSTR
MSTR260213C00160000,160.0,3.07,2.89,3.25,1422.0,3105.0,0.799806689453125,False,CALL,2026-02-13,MSTR
MSTR260213C00165000,165.0,2.21,1.96,2.27,757.0,1337.0,0.7849142602539063,False,CALL,2026-02-13,MSTR
MSTR260213C00170000,170.0,1.65,1.6,1.72,822.0,1797.0,0.8088398022460936,False,CALL,2026-02-13,MSTR
MSTR260213C00175000,175.0,1.25,1.16,1.29,1279.0,1849.0,0.8164080859374999,False,CALL,2026-02-13,MSTR
MSTR260213C00180000,180.0,0.97,0.9,1.0,1025.0,1483.0,0.8344743115234373,False,CALL,2026-02-13,MSTR
MSTR260213P00100000,100.0,0.71,0.66,0.75,1282.0,1073.0,1.052739111328125,False,PUT,2026-02-13,MSTR
MSTR260213P00105000,105.0,0.93,0.9,1.02,193.0,422.0,0.99804689453125,False,PUT,2026-02-13,MSTR
MSTR260213P00110000,110.0,1.33,1.26,1.35,788.0,4655.0,0.9458013232421875,False,PUT,2026-02-13,MSTR
MSTR260213P00115000,115.0,1.79,1.73,1.91,592.0,5711.0,0.903321279296875,False,PUT,2026-02-13,MSTR
MSTR260213P00120000,120.0,2.51,2.42,2.61,883.0,5772.0,0.8623060644531251,False,PUT,2026-02-13,MSTR
MSTR260213P00125000,125.0,3.4,3.2,3.6,4086.0,5967.0,0.818117053222656,False,PUT,2026-02-13,MSTR
MSTR260213P00130000,130.0,4.8,4.65,5.0,1111.0,2369.0,0.8010273803710937,False,PUT,2026-02-13,MSTR
MSTR260213P00135000,135.0,6.35,6.45,6.85,742.0,597.0,0.7852804675292968,False,PUT,2026-02-13,MSTR
MSTR260213P00140000,140.0,8.8,8.5,9.0,307.0,805.0,0.7573266455078126,False,PUT,2026-02-13,MSTR
MSTR260213P00145000,145.0,11.64,11.3,11.8,331.0,964.0,0.7521997436523438,True,PUT,2026-02-13,MSTR
MSTR260213P00150000,150.0,14.75,14.45,14.9,509.0,1818.0,0.7384059362792967,True,PUT,2026-02-13,MSTR
MSTR260213P00155000,155.0,18.39,18.1,18.65,341.0,1874.0,0.7423121472167968,True,PUT,2026-02-13,MSTR
MSTR260213P00160000,160.0,22.35,22.0,22.55,280.0,2303.0,0.7336452416992187,True,PUT,2026-02-13,MSTR
MSTR260213P00165000,165.0,25.6,25.95,26.8,141.0,1857.0,0.7126493579101563,True,PUT,2026-02-13,MSTR
MSTR260213P00170000,170.0,30.65,30.4,31.25,143.0,1501.0,0.7063017651367188,True,PUT,2026-02-13,MSTR
MSTR260213P00175000,175.0,33.75,34.05,36.35,4.0,623.0,0.6333044482421876,True,PUT,2026-02-13,MSTR
MSTR260213P00180000,180.0,39.93,39.25,40.6,19.0,1023.0,0.5742230078125,True,PUT,2026-02-13,MSTR
MSTR260220C00100000,100.0,66.06,41.05,43.1,1.0,102.0,1.1237836779785155,True,CALL,2026-02-20,MSTR
MSTR260220C00105000,105.0,39.95,36.55,38.45,2.0,5.0,1.0649460815429688,True,CALL,2026-02-20,MSTR
MSTR260220C00110000,110.0,35.0,32.4,33.7,38.0,476.0,1.01172369140625,True,CALL,2026-02-20,MSTR
MSTR260220C00115000,115.0,37.5,27.85,29.5,1.0,24.0,0.9543461596679688,True,CALL,2026-02-20,MSTR
MSTR260220C00120000,120.0,24.65,23.9,25.25,3.0,86.0,0.9116219775390625,True,CALL,2026-02-20,MSTR
MSTR260220C00125000,125.0,22.2,20.15,21.35,49.0,48.0,0.875977802734375,True,CALL,2026-02-20,MSTR
MSTR260220C00130000,130.0,17.02,16.65,17.25,47.0,211.0,0.8229998168945312,True,CALL,2026-02-20,MSTR
MSTR260220C00135000,135.0,13.75,13.45,13.85,17.0,121.0,0.7886984020996093,True,CALL,2026-02-20,MSTR
MSTR260220C00140000,140.0,11.0,10.8,11.25,272.0,189.0,0.7796652893066407,True,CALL,2026-02-20,MSTR
MSTR260220C00145000,145.0,8.7,8.6,8.85,465.0,77.0,0.7684349328613282,False,CALL,2026-02-20,MSTR
MSTR260220C00150000,150.0,6.85,6.65,6.85,531.0,387.0,0.7554956091308593,False,CALL,2026-02-20,MSTR
MSTR260220C00152500,152.5,5.95,5.8,6.25,115.0,25.0,0.7594018200683594,False,CALL,2026-02-20,MSTR
MSTR260220C00155000,155.0,5.32,5.1,5.5,1148.0,303.0,0.7576928527832032,False,CALL,2026-02-20,MSTR
MSTR260220C00157500,157.5,4.67,4.5,4.85,110.0,131.0,0.7583031982421876,False,CALL,2026-02-20,MSTR
MSTR260220C00160000,160.0,4.08,3.95,4.2,2261.0,2651.0,0.7556176782226562,False,CALL,2026-02-20,MSTR
MSTR260220C00162500,162.5,3.6,3.45,3.75,169.0,352.0,0.7585473364257813,False,CALL,2026-02-20,MSTR
MSTR260220C00165000,165.0,3.15,3.0,3.25,794.0,27048.0,0.7564721618652344,False,CALL,2026-02-20,MSTR
MSTR260220C00167500,167.5,2.74,2.69,2.86,382.0,298.0,0.7617211328125001,False,CALL,2026-02-20,MSTR
MSTR260220C00170000,170.0,2.43,2.35,2.47,1673.0,7095.0,0.7609887182617189,False,CALL,2026-02-20,MSTR
MSTR260220C00172500,172.5,2.17,2.08,2.23,35.0,111.0,0.7680687255859376,False,CALL,2026-02-20,MSTR
MSTR260220C00175000,175.0,1.9,1.8,1.95,630.0,1934.0,0.7685570019531252,False,CALL,2026-02-20,MSTR
MSTR260220C00177500,177.5,1.69,1.61,1.75,951.0,185.0,0.7758811474609376,False,CALL,2026-02-20,MSTR
MSTR260220C00180000,180.0,1.5,1.45,1.55,1625.0,7555.0,0.782228740234375,False,CALL,2026-02-20,MSTR
MSTR260220P00100000,100.0,1.1,1.05,1.18,943.0,3419.0,0.9775392871093751,False,PUT,2026-02-20,MSTR
MSTR260220P00105000,105.0,1.36,1.37,1.46,180.0,1301.0,0.92187578125,False,PUT,2026-02-20,MSTR
MSTR260220P00110000,110.0,1.92,1.85,2.0,660.0,4134.0,0.8864757446289062,False,PUT,2026-02-20,MSTR
MSTR260220P00115000,115.0,2.48,2.45,2.6,1857.0,7158.0,0.8442398388671875,False,PUT,2026-02-20,MSTR
MSTR260220P00120000,120.0,3.37,3.3,3.4,1926.0,4673.0,0.8090839404296875,False,PUT,2026-02-20,MSTR
MSTR260220P00125000,125.0,4.6,4.4,4.65,710.0,2851.0,0.7858908129882812,False,PUT,2026-02-20,MSTR
MSTR260220P00130000,130.0,5.9,5.85,6.1,3705.0,1820.0,0.7614769946289064,False,PUT,2026-02-20,MSTR
MSTR260220P00135000,135.0,7.8,7.65,7.95,378.0,2734.0,0.7407252490234374,False,PUT,2026-02-20,MSTR
MSTR260220P00140000,140.0,10.0,10.0,10.25,2870.0,5423.0,0.7299831689453125,False,PUT,2026-02-20,MSTR
MSTR260220P00145000,145.0,12.71,12.7,13.0,920.0,3320.0,0.7205838488769531,True,PUT,2026-02-20,MSTR
MSTR260220P00150000,150.0,15.83,15.7,16.15,2036.0,10354.0,0.7097196997070312,True,PUT,2026-02-20,MSTR
MSTR260220P00152500,152.5,17.56,17.25,17.85,96.0,739.0,0.7008086560058593,True,PUT,2026-02-20,MSTR
MSTR260220P00155000,155.0,19.33,18.95,19.6,294.0,3623.0,0.6928741650390625,True,PUT,2026-02-20,MSTR
MSTR260220P00157500,157.5,21.07,21.1,21.6,29.0,516.0,0.7072783178710937,True,PUT,2026-02-20,MSTR
MSTR260220P00160000,160.0,23.3,22.7,23.45,1007.0,4685.0,0.6862824340820313,True,PUT,2026-02-20,MSTR
MSTR260220P00162500,162.5,25.0,24.8,25.55,26.0,292.0,0.6921417504882813,True,PUT,2026-02-20,MSTR
MSTR260220P00165000,165.0,26.71,26.7,27.5,96.0,3288.0,0.6750520776367189,True,PUT,2026-02-20,MSTR
MSTR260220P00167500,167.5,28.08,28.45,30.05,7.0,92.0,0.6743196630859377,True,PUT,2026-02-20,MSTR
MSTR260220P00170000,170.0,30.95,31.25,31.95,83.0,4495.0,0.692385888671875,True,PUT,2026-02-20,MSTR
MSTR260220P00172500,172.5,31.43,33.5,34.75,1.0,14.0,0.7297390307617188,True,PUT,2026-02-20,MSTR
MSTR260220P00175000,175.0,35.44,35.4,36.4,347.0,1252.0,0.6630893066406252,True,PUT,2026-02-20,MSTR
MSTR260220P00177500,177.5,20.89,37.6,39.4,1.0,14.0,0.7087431469726562,True,PUT,2026-02-20,MSTR
MSTR260220P00180000,180.0,39.8,40.1,41.1,76.0,2845.0,0.6699251757812501,True,PUT,2026-02-20,MSTR
MSTR260227C00100000,100.0,63.0,40.75,44.05,10.0,11.0,1.0312548437500002,True,CALL,2026-02-27,MSTR
MSTR260227C00105000,105.0,69.3,37.0,39.5,,0.0,1.0249072192382815,True,CALL,2026-02-27,MSTR
MSTR260227C00120000,120.0,25.3,25.05,26.2,20.0,52.0,0.8856212609863281,True,CALL,2026-02-27,MSTR
MSTR260227C00125000,125.0,22.0,21.1,22.85,16.0,4.0,0.8586439916992188,True,CALL,2026-02-27,MSTR
MSTR260227C00130000,130.0,19.8,17.8,18.9,22.0,18.0,0.8171405004882811,True,CALL,2026-02-27,MSTR
MSTR260227C00135000,135.0,29.5,14.8,15.25,3.0,3.0,0.7796652893066407,True,CALL,2026-02-27,MSTR
MSTR260227C00140000,140.0,12.53,12.05,13.25,260.0,113.0,0.7844259838867188,True,CALL,2026-02-27,MSTR
MSTR260227C00145000,145.0,10.15,10.0,10.45,168.0,37.0,0.7663597583007813,False,CALL,2026-02-27,MSTR
MSTR260227C00150000,150.0,8.52,8.0,8.85,264.0,136.0,0.7685570019531252,False,CALL,2026-02-27,MSTR
MSTR260227C00155000,155.0,6.6,6.4,6.95,302.0,74.0,0.75586181640625,False,CALL,2026-02-27,MSTR
MSTR260227C00160000,160.0,5.4,5.2,5.55,473.0,371.0,0.75586181640625,False,CALL,2026-02-27,MSTR
MSTR260227C00165000,165.0,4.23,4.1,4.4,173.0,513.0,0.7520776745605469,False,CALL,2026-02-27,MSTR
MSTR260227C00170000,170.0,3.45,3.35,3.55,252.0,567.0,0.7587914746093751,False,CALL,2026-02-27,MSTR
MSTR260227C00175000,175.0,2.75,2.61,2.86,260.0,466.0,0.7594018200683594,False,CALL,2026-02-27,MSTR
MSTR260227C00180000,180.0,2.24,2.13,2.34,1094.0,1047.0,0.7683128637695313,False,CALL,2026-02-27,MSTR
MSTR260227P00100000,100.0,1.39,1.28,1.49,352.0,277.0,0.905274384765625,False,PUT,2026-02-27,MSTR
MSTR260227P00105000,105.0,1.55,1.71,2.04,24.0,147.0,0.8757336645507812,False,PUT,2026-02-27,MSTR
MSTR260227P00110000,110.0,1.75,1.76,2.42,59.0,331.0,0.7971211694335938,False,PUT,2026-02-27,MSTR
MSTR260227P00115000,115.0,3.15,3.0,3.3,84.0,315.0,0.8042011767578124,False,PUT,2026-02-27,MSTR
MSTR260227P00120000,120.0,4.0,3.9,4.3,185.0,254.0,0.7750266638183594,False,PUT,2026-02-27,MSTR
MSTR260227P00125000,125.0,5.5,5.2,5.65,100.0,235.0,0.757936990966797,False,PUT,2026-02-27,MSTR
MSTR260227P00130000,130.0,6.95,6.8,7.25,184.0,177.0,0.7402369726562499,False,PUT,2026-02-27,MSTR
MSTR260227P00135000,135.0,8.75,8.85,9.3,99.0,162.0,0.7316921362304687,False,PUT,2026-02-27,MSTR
MSTR260227P00140000,140.0,11.25,10.95,11.6,213.0,206.0,0.7114286669921875,False,PUT,2026-02-27,MSTR
MSTR260227P00145000,145.0,14.07,13.8,14.4,253.0,994.0,0.7093534924316407,True,PUT,2026-02-27,MSTR
MSTR260227P00150000,150.0,17.35,16.65,17.6,191.0,992.0,0.6990996887207033,True,PUT,2026-02-27,MSTR
MSTR260227P00155000,155.0,20.69,20.3,20.8,182.0,884.0,0.6947052014160158,True,PUT,2026-02-27,MSTR
MSTR260227P00160000,160.0,24.5,23.85,24.85,147.0,888.0,0.697390721435547,True,PUT,2026-02-27,MSTR
MSTR260227P00165000,165.0,26.81,27.7,28.75,92.0,758.0,0.6878693322753908,True,PUT,2026-02-27,MSTR
MSTR260227P00170000,170.0,32.1,31.35,32.75,163.0,541.0,0.6521030883789063,True,PUT,2026-02-27,MSTR
MSTR260227P00175000,175.0,33.65,36.45,37.85,9.0,166.0,0.7233914379882812,True,PUT,2026-02-27,MSTR
MSTR260227P00180000,180.0,40.93,40.05,42.35,28.0,409.0,0.6735872485351564,True,PUT,2026-02-27,MSTR
MSTR260306C00105000,105.0,56.15,36.7,40.9,1.0,7.0,0.9797365307617188,True,CALL,2026-03-06,MSTR
MSTR260306C00125000,125.0,23.64,22.0,24.0,20.0,13.0,0.8410660424804688,True,CALL,2026-03-06,MSTR
MSTR260306C00140000,140.0,13.88,13.5,14.1,68.0,9.0,0.77148666015625,True,CALL,2026-03-06,MSTR
MSTR260306C00145000,145.0,11.6,11.0,11.75,51.0,13.0,0.7546411254882812,False,CALL,2026-03-06,MSTR
MSTR260306C00150000,150.0,9.62,9.5,9.95,73.0,6.0,0.7662376892089844,False,CALL,2026-03-06,MSTR
MSTR260306C00155000,155.0,8.25,7.6,8.3,38.0,14.0,0.7561059545898439,False,CALL,2026-03-06,MSTR
MSTR260306C00160000,160.0,6.7,6.4,6.6,66.0,61.0,0.7509790527343749,False,CALL,2026-03-06,MSTR
MSTR260306C00165000,165.0,5.47,5.15,5.7,88.0,78.0,0.7562280236816408,False,CALL,2026-03-06,MSTR
MSTR260306C00170000,170.0,4.5,4.0,4.65,84.0,76.0,0.7474390490722658,False,CALL,2026-03-06,MSTR
MSTR260306C00175000,175.0,3.8,3.45,3.9,51.0,58.0,0.7596459582519532,False,CALL,2026-03-06,MSTR
MSTR260306C00180000,180.0,3.5,2.5,3.15,66.0,105.0,0.7453638745117188,False,CALL,2026-03-06,MSTR
MSTR260306P00100000,100.0,1.5,1.51,1.8,147.0,70.0,0.8559584716796875,False,PUT,2026-03-06,MSTR
MSTR260306P00105000,105.0,2.3,1.95,2.51,136.0,19.0,0.8320329296874999,False,PUT,2026-03-06,MSTR
MSTR260306P00110000,110.0,2.81,2.77,3.1,171.0,255.0,0.8068866967773438,False,PUT,2026-03-06,MSTR
MSTR260306P00115000,115.0,3.7,3.6,4.1,40.0,73.0,0.7855246057128906,False,PUT,2026-03-06,MSTR
MSTR260306P00120000,120.0,4.55,4.75,5.25,72.0,57.0,0.7666038964843751,False,PUT,2026-03-06,MSTR
MSTR260306P00125000,125.0,5.95,6.0,6.85,142.0,34.0,0.7504907763671875,False,PUT,2026-03-06,MSTR
MSTR260306P00130000,130.0,8.01,7.85,8.65,29.0,58.0,0.7426783544921874,False,PUT,2026-03-06,MSTR
MSTR260306P00135000,135.0,10.25,10.0,10.55,66.0,63.0,0.7290066162109375,False,PUT,2026-03-06,MSTR
MSTR260306P00140000,140.0,12.47,12.0,12.6,54.0,34.0,0.6984893432617189,False,PUT,2026-03-06,MSTR
MSTR260306P00145000,145.0,15.32,15.0,15.7,27.0,40.0,0.70898728515625,True,PUT,2026-03-06,MSTR
MSTR260306P00150000,150.0,17.24,17.25,19.0,22.0,62.0,0.6870148486328126,True,PUT,2026-03-06,MSTR
MSTR260306P00155000,155.0,21.8,21.5,22.3,24.0,28.0,0.7066679724121094,True,PUT,2026-03-06,MSTR
MSTR260306P00160000,160.0,23.85,24.45,26.0,43.0,99.0,0.6844513977050781,True,PUT,2026-03-06,MSTR
MSTR260306P00165000,165.0,26.4,28.35,31.85,6.0,17.0,0.7487818090820313,True,PUT,2026-03-06,MSTR
MSTR260306P00170000,170.0,31.09,32.1,34.55,1.0,13.0,0.689700368652344,True,PUT,2026-03-06,MSTR
MSTR260306P00175000,175.0,32.0,36.6,38.8,2.0,5.0,0.6987334814453126,True,PUT,2026-03-06,MSTR
MSTR260320C00100000,100.0,46.05,43.45,44.85,47.0,583.0,0.9616703051757811,True,CALL,2026-03-20,MSTR
MSTR260320C00105000,105.0,39.57,38.75,40.3,1.0,34.0,0.8944102355957031,True,CALL,2026-03-20,MSTR
MSTR260320C00110000,110.0,35.57,35.0,36.0,2.0,134.0,0.86914193359375,True,CALL,2026-03-20,MSTR
MSTR260320C00115000,115.0,32.18,31.2,32.75,2.0,40.0,0.8665784826660157,True,CALL,2026-03-20,MSTR
MSTR260320C00120000,120.0,30.55,27.5,28.2,12.0,146.0,0.8145770495605469,True,CALL,2026-03-20,MSTR
MSTR260320C00125000,125.0,25.0,24.5,25.5,13.0,80.0,0.826906027832031,True,CALL,2026-03-20,MSTR
MSTR260320C00130000,130.0,21.7,21.2,21.95,104.0,173.0,0.7946797875976561,True,CALL,2026-03-20,MSTR
MSTR260320C00135000,135.0,18.72,18.5,19.0,17.0,98.0,0.7827170166015626,True,CALL,2026-03-20,MSTR
MSTR260320C00140000,140.0,16.3,16.0,16.6,160.0,243.0,0.7775901147460937,True,CALL,2026-03-20,MSTR
MSTR260320C00145000,145.0,13.9,13.75,14.25,171.0,272.0,0.7680687255859376,False,CALL,2026-03-20,MSTR
MSTR260320C00150000,150.0,12.05,11.85,12.25,374.0,1956.0,0.7644066528320312,False,CALL,2026-03-20,MSTR
MSTR260320C00155000,155.0,10.3,10.0,10.55,214.0,660.0,0.7586694055175782,False,CALL,2026-03-20,MSTR
MSTR260320C00160000,160.0,8.81,8.55,8.95,1620.0,69626.0,0.7550683673095704,False,CALL,2026-03-20,MSTR
MSTR260320C00165000,165.0,7.4,7.35,7.55,459.0,1268.0,0.7534204345703125,False,CALL,2026-03-20,MSTR
MSTR260320C00170000,170.0,6.42,6.3,6.65,591.0,2830.0,0.7603783728027345,False,CALL,2026-03-20,MSTR
MSTR260320C00175000,175.0,5.57,5.35,5.65,753.0,2199.0,0.7595238891601563,False,CALL,2026-03-20,MSTR
MSTR260320C00180000,180.0,4.7,4.6,4.85,1642.0,4045.0,0.7628197546386719,False,CALL,2026-03-20,MSTR
MSTR260320P00100000,100.0,2.7,2.62,2.82,1383.0,4668.0,0.8471694970703124,False,PUT,2026-03-20,MSTR
MSTR260320P00105000,105.0,3.45,3.3,3.6,41.0,324.0,0.8226336096191407,False,PUT,2026-03-20,MSTR
MSTR260320P00110000,110.0,4.35,4.25,4.45,640.0,1619.0,0.8005391040039063,False,PUT,2026-03-20,MSTR
MSTR260320P00115000,115.0,5.35,5.35,5.6,332.0,2157.0,0.7824728784179689,False,PUT,2026-03-20,MSTR
MSTR260320P00120000,120.0,6.65,6.75,6.9,1497.0,1442.0,0.7663597583007813,False,PUT,2026-03-20,MSTR
MSTR260320P00125000,125.0,8.32,8.35,8.55,632.0,1512.0,0.7535425036621093,False,PUT,2026-03-20,MSTR
MSTR260320P00130000,130.0,10.05,10.05,10.45,428.0,1057.0,0.7373683489990235,False,PUT,2026-03-20,MSTR
MSTR260320P00135000,135.0,12.23,12.25,12.65,204.0,866.0,0.7291897198486328,False,PUT,2026-03-20,MSTR
MSTR260320P00140000,140.0,14.69,14.6,15.0,3292.0,1452.0,0.7158231542968749,False,PUT,2026-03-20,MSTR
MSTR260320P00145000,145.0,17.76,17.4,17.8,289.0,2529.0,0.7117948742675781,True,PUT,2026-03-20,MSTR
MSTR260320P00150000,150.0,20.75,20.45,20.9,376.0,6454.0,0.70898728515625,True,PUT,2026-03-20,MSTR
MSTR260320P00155000,155.0,24.05,23.75,24.2,1146.0,1193.0,0.7056914196777344,True,PUT,2026-03-20,MSTR
MSTR260320P00160000,160.0,27.5,27.05,27.75,687.0,8365.0,0.6976958941650393,True,PUT,2026-03-20,MSTR
MSTR260320P00165000,165.0,30.92,30.75,31.4,259.0,1965.0,0.6918976123046876,True,PUT,2026-03-20,MSTR
MSTR260320P00170000,170.0,34.95,34.7,35.4,107.0,2522.0,0.6925079577636719,True,PUT,2026-03-20,MSTR
MSTR260320P00175000,175.0,35.73,38.7,39.5,10.0,942.0,0.6883576086425782,True,PUT,2026-03-20,MSTR
MSTR260320P00180000,180.0,42.31,42.85,43.75,263.0,3092.0,0.6843293286132813,True,PUT,2026-03-20,MSTR
MSTR260417C00100000,100.0,49.0,45.4,47.1,2.0,44.0,0.914185428466797,True,CALL,2026-04-17,MSTR
MSTR260417C00105000,105.0,57.6,41.4,43.3,1.0,5.0,0.8911143701171874,True,CALL,2026-04-17,MSTR
MSTR260417C00110000,110.0,55.02,37.7,39.65,2.0,8.0,0.8734143518066406,True,CALL,2026-04-17,MSTR
MSTR260417C00115000,115.0,34.93,34.15,35.75,2.0,1.0,0.8458877716064452,True,CALL,2026-04-17,MSTR
MSTR260417C00120000,120.0,32.5,30.95,32.3,24.0,44.0,0.830934307861328,True,CALL,2026-04-17,MSTR
MSTR260417C00125000,125.0,30.2,27.8,29.15,6.0,29.0,0.8161639477539062,True,CALL,2026-04-17,MSTR
MSTR260417C00130000,130.0,25.5,24.75,25.9,60.0,349.0,0.7942525457763672,True,CALL,2026-04-17,MSTR
MSTR260417C00135000,135.0,23.3,22.4,22.95,7.0,19.0,0.7857687438964844,True,CALL,2026-04-17,MSTR
MSTR260417C00140000,140.0,20.37,20.05,20.65,139.0,262.0,0.7825949475097658,True,CALL,2026-04-17,MSTR
MSTR260417C00145000,145.0,18.24,17.8,18.4,106.0,370.0,0.7749656292724609,False,CALL,2026-04-17,MSTR
MSTR260417C00150000,150.0,16.29,15.85,16.5,340.0,740.0,0.7729514892578125,False,CALL,2026-04-17,MSTR
MSTR260417C00155000,155.0,14.85,14.15,14.7,81.0,174.0,0.7709373492431641,False,CALL,2026-04-17,MSTR
MSTR260417C00160000,160.0,12.8,12.55,13.05,495.0,719.0,0.7675194146728517,False,CALL,2026-04-17,MSTR
MSTR260417C00165000,165.0,11.3,11.1,11.6,85.0,504.0,0.7649559637451173,False,CALL,2026-04-17,MSTR
MSTR260417C00170000,170.0,10.15,9.85,10.35,320.0,960.0,0.764772860107422,False,CALL,2026-04-17,MSTR
MSTR260417C00175000,175.0,9.0,8.8,9.2,64.0,620.0,0.7655663092041016,False,CALL,2026-04-17,MSTR
MSTR260417C00180000,180.0,8.05,7.8,8.2,178.0,716.0,0.7656883782958985,False,CALL,2026-04-17,MSTR
MSTR260417P00100000,100.0,4.4,4.35,4.55,690.0,703.0,0.8095722167968749,False,PUT,2026-04-17,MSTR
MSTR260417P00105000,105.0,5.46,5.45,5.65,107.0,4455.0,0.7973653076171875,False,PUT,2026-04-17,MSTR
MSTR260417P00110000,110.0,6.57,6.65,6.85,756.0,768.0,0.7814963256835938,False,PUT,2026-04-17,MSTR
MSTR260417P00115000,115.0,7.94,8.05,8.3,24.0,225.0,0.7688011401367189,False,PUT,2026-04-17,MSTR
MSTR260417P00120000,120.0,9.75,9.65,9.85,120.0,973.0,0.7545800909423828,False,PUT,2026-04-17,MSTR
MSTR260417P00125000,125.0,11.51,11.5,11.7,122.0,572.0,0.7442652526855469,False,PUT,2026-04-17,MSTR
MSTR260417P00130000,130.0,13.42,13.4,13.8,190.0,220.0,0.7319362744140624,False,PUT,2026-04-17,MSTR
MSTR260417P00135000,135.0,15.62,15.6,16.15,76.0,249.0,0.7226590234375,False,PUT,2026-04-17,MSTR
MSTR260417P00140000,140.0,18.41,18.15,18.75,158.0,245.0,0.7171048797607422,False,PUT,2026-04-17,MSTR
MSTR260417P00145000,145.0,21.19,20.9,21.55,138.0,2182.0,0.7113065979003907,True,PUT,2026-04-17,MSTR
MSTR260417P00150000,150.0,22.71,23.9,24.6,73.0,1227.0,0.7075224560546876,True,PUT,2026-04-17,MSTR
MSTR260417P00155000,155.0,27.43,27.1,27.75,117.0,298.0,0.702151416015625,True,PUT,2026-04-17,MSTR
MSTR260417P00160000,160.0,30.8,30.5,31.25,241.0,3978.0,0.7005645178222657,True,PUT,2026-04-17,MSTR
MSTR260417P00165000,165.0,34.32,33.95,34.75,71.0,1532.0,0.69336244140625,True,PUT,2026-04-17,MSTR
MSTR260417P00170000,170.0,38.4,37.7,38.6,53.0,1646.0,0.6929962341308593,True,PUT,2026-04-17,MSTR
MSTR260417P00175000,175.0,41.78,41.4,42.5,48.0,855.0,0.6865265722656251,True,PUT,2026-04-17,MSTR
MSTR260417P00180000,180.0,46.06,45.55,46.55,61.0,807.0,0.687625194091797,True,PUT,2026-04-17,MSTR
MSTR260515C00100000,100.0,48.42,47.5,49.4,3.0,105.0,0.9017343811035157,True,CALL,2026-05-15,MSTR
MSTR260515C00105000,105.0,89.21,43.8,45.35,1.0,64.0,0.8734143518066406,True,CALL,2026-05-15,MSTR
MSTR260515C00110000,110.0,44.23,40.35,41.5,9.0,75.0,0.8509536389160157,True,CALL,2026-05-15,MSTR
MSTR260515C00115000,115.0,59.27,37.05,38.5,1.0,2.0,0.8443619079589844,True,CALL,2026-05-15,MSTR
MSTR260515C00120000,120.0,34.65,34.05,35.5,3.0,91.0,0.8370987969970702,True,CALL,2026-05-15,MSTR
MSTR260515C00125000,125.0,31.6,31.05,32.2,7.0,136.0,0.8183001568603514,True,CALL,2026-05-15,MSTR
MSTR260515C00130000,130.0,30.0,28.35,29.3,24.0,59.0,0.8071308349609375,True,CALL,2026-05-15,MSTR
MSTR260515C00135000,135.0,27.59,25.95,26.5,5.0,71.0,0.7975484112548827,True,CALL,2026-05-15,MSTR
MSTR260515C00140000,140.0,23.81,23.55,24.4,114.0,71.0,0.7945577185058592,True,CALL,2026-05-15,MSTR
MSTR260515C00145000,145.0,21.8,21.4,21.85,61.0,27.0,0.7829611547851563,False,CALL,2026-05-15,MSTR
MSTR260515C00150000,150.0,20.0,19.6,20.15,303.0,91.0,0.7863180548095703,False,CALL,2026-05-15,MSTR
MSTR260515C00155000,155.0,18.35,17.7,18.3,35.0,50.0,0.7807028765869142,False,CALL,2026-05-15,MSTR
MSTR260515C00160000,160.0,16.4,16.1,16.75,345.0,416.0,0.7804587384033204,False,CALL,2026-05-15,MSTR
MSTR260515C00165000,165.0,15.3,14.6,15.2,79.0,603.0,0.7775901147460937,False,CALL,2026-05-15,MSTR
MSTR260515C00170000,170.0,14.0,13.3,13.95,143.0,984.0,0.7790549438476562,False,CALL,2026-05-15,MSTR
MSTR260515C00175000,175.0,12.3,12.1,12.65,39.0,239.0,0.7775290802001953,False,CALL,2026-05-15,MSTR
MSTR260515C00180000,180.0,11.2,11.0,11.45,120.0,3251.0,0.7758811474609376,False,CALL,2026-05-15,MSTR
MSTR260515P00100000,100.0,6.25,6.2,6.4,63.0,1579.0,0.8004170349121094,False,PUT,2026-05-15,MSTR
MSTR260515P00105000,105.0,7.04,7.5,7.7,214.0,1051.0,0.789064609375,False,PUT,2026-05-15,MSTR
MSTR260515P00110000,110.0,7.92,8.9,9.15,12.0,206.0,0.7763694238281251,False,PUT,2026-05-15,MSTR
MSTR260515P00115000,115.0,8.95,10.55,10.8,2.0,421.0,0.7666038964843751,False,PUT,2026-05-15,MSTR
MSTR260515P00120000,120.0,11.3,12.35,12.6,27.0,512.0,0.7561059545898439,False,PUT,2026-05-15,MSTR
MSTR260515P00125000,125.0,12.9,14.0,14.6,59.0,251.0,0.7403590417480468,False,PUT,2026-05-15,MSTR
MSTR260515P00130000,130.0,15.81,16.4,16.85,45.0,913.0,0.7366969689941407,False,PUT,2026-05-15,MSTR
MSTR260515P00135000,135.0,18.8,18.9,19.3,136.0,168.0,0.7319362744140624,False,PUT,2026-05-15,MSTR
MSTR260515P00140000,140.0,21.56,21.3,22.0,98.0,796.0,0.7236966107177734,False,PUT,2026-05-15,MSTR
MSTR260515P00145000,145.0,24.22,24.15,24.8,68.0,187.0,0.7189359161376954,True,PUT,2026-05-15,MSTR
MSTR260515P00150000,150.0,27.33,27.05,27.8,320.0,1208.0,0.7128324615478516,True,PUT,2026-05-15,MSTR
MSTR260515P00155000,155.0,28.45,30.2,30.95,11.0,630.0,0.708010732421875,True,PUT,2026-05-15,MSTR
MSTR260515P00160000,160.0,32.83,33.55,34.35,37.0,747.0,0.7055693505859376,True,PUT,2026-05-15,MSTR
MSTR260515P00165000,165.0,34.87,37.05,37.95,15.0,607.0,0.704226590576172,True,PUT,2026-05-15,MSTR
MSTR260515P00170000,170.0,38.75,40.7,41.55,4.0,906.0,0.7008696905517577,True,PUT,2026-05-15,MSTR
MSTR260515P00175000,175.0,42.0,44.1,45.2,7.0,172.0,0.6894562304687502,True,PUT,2026-05-15,MSTR
MSTR260515P00180000,180.0,44.16,48.25,49.2,2.0,3683.0,0.6934845104980469,True,PUT,2026-05-15,MSTR
MSTR260618C00099000,99.0,53.63,50.75,52.3,2.0,683.0,0.8917247155761718,True,CALL,2026-06-18,MSTR
MSTR260618C00100000,100.0,51.0,49.7,51.4,200.0,1385.0,0.8771374591064454,True,CALL,2026-06-18,MSTR
MSTR260618C00101000,101.0,91.99,49.35,50.95,5.0,484.0,0.8869640209960936,True,CALL,2026-06-18,MSTR
MSTR260618C00102000,102.0,76.25,48.0,50.4,2.0,11.0,0.8732922827148437,True,CALL,2026-06-18,MSTR
MSTR260618C00103000,103.0,73.9,48.0,49.75,6.0,18.0,0.8853771228027343,True,CALL,2026-06-18,MSTR
MSTR260618C00104000,104.0,230.75,242.35,258.9,2.0,9.0,0.0,True,CALL,2026-06-18,MSTR
MSTR260618C00105000,105.0,49.96,46.7,48.25,1.0,12.0,0.877930908203125,True,CALL,2026-06-18,MSTR
MSTR260618C00106000,106.0,81.05,45.9,47.75,5.0,6.0,0.8758557336425781,True,CALL,2026-06-18,MSTR
MSTR260618C00107000,107.0,88.46,64.9,67.55,5.0,16.0,1.636476427001953,True,CALL,2026-06-18,MSTR
MSTR260618C00108000,108.0,62.85,44.55,46.2,30.0,44.0,0.8654798608398437,True,CALL,2026-06-18,MSTR
MSTR260618C00109000,109.0,47.41,44.0,45.5,2.0,60.0,0.863831928100586,True,CALL,2026-06-18,MSTR
MSTR260618C00110000,110.0,58.85,43.25,44.65,2.0,186.0,0.8554701953125,True,CALL,2026-06-18,MSTR
MSTR260618C00111000,111.0,69.3,42.6,44.25,1.0,41.0,0.8572401971435546,True,CALL,2026-06-18,MSTR
MSTR260618C00112000,112.0,62.2,41.45,43.35,1.0,47.0,0.8404556970214843,True,CALL,2026-06-18,MSTR
MSTR260618C00113000,113.0,66.65,41.3,42.9,1.0,53.0,0.8499770861816407,True,CALL,2026-06-18,MSTR
MSTR260618C00114000,114.0,67.4,40.7,42.35,1.0,27.0,0.8492446716308593,True,CALL,2026-06-18,MSTR
MSTR260618C00115000,115.0,55.04,40.05,41.65,2.0,107.0,0.8447281152343749,True,CALL,2026-06-18,MSTR
MSTR260618C00116000,116.0,57.5,39.5,40.95,22.0,38.0,0.8418594915771485,True,CALL,2026-06-18,MSTR
MSTR260618C00117000,117.0,81.25,57.8,59.5,1.0,424.0,1.5027490682983395,True,CALL,2026-06-18,MSTR
MSTR260618C00118000,118.0,61.87,38.45,39.65,1.0,481.0,0.8381363842773437,True,CALL,2026-06-18,MSTR
MSTR260618C00119000,119.0,66.6,37.65,39.3,10.0,22.0,0.8364884515380857,True,CALL,2026-06-18,MSTR
MSTR260618C00120000,120.0,37.5,37.25,38.3,11.0,567.0,0.8303849969482422,True,CALL,2026-06-18,MSTR
MSTR260618C00121000,121.0,44.85,36.7,38.1,1.0,61.0,0.8350236224365233,True,CALL,2026-06-18,MSTR
MSTR260618C00122000,122.0,36.25,36.05,37.2,2.0,58.0,0.8261736132812498,True,CALL,2026-06-18,MSTR
MSTR260618C00123000,123.0,36.0,35.5,36.9,5.0,33.0,0.8286760296630857,True,CALL,2026-06-18,MSTR
MSTR260618C00124000,124.0,36.85,34.75,36.35,1.0,108.0,0.8236711968994139,True,CALL,2026-06-18,MSTR
MSTR260618C00125000,125.0,48.15,33.85,35.55,2.0,304.0,0.8120746331787108,True,CALL,2026-06-18,MSTR
MSTR260618C00126000,126.0,36.54,33.8,34.9,4.0,68.0,0.8164691204833983,True,CALL,2026-06-18,MSTR
MSTR260618C00127000,127.0,75.9,51.05,53.9,1.0,43.0,1.4211454724121095,True,CALL,2026-06-18,MSTR
MSTR260618C00128000,128.0,45.5,32.7,34.15,1.0,26.0,0.8173846386718748,True,CALL,2026-06-18,MSTR
MSTR260618C00129000,129.0,34.5,32.15,33.3,1.0,57.0,0.8100604931640624,True,CALL,2026-06-18,MSTR
MSTR260618C00130000,130.0,34.67,31.8,33.0,3.0,336.0,0.8143329113769531,True,CALL,2026-06-18,MSTR
MSTR260618C00131000,131.0,73.25,48.65,51.1,1.0,33.0,1.383670073852539,True,CALL,2026-06-18,MSTR
MSTR260618C00132000,132.0,45.85,30.55,32.05,2.0,58.0,0.8083515258789062,True,CALL,2026-06-18,MSTR
MSTR260618C00133000,133.0,41.55,30.05,31.8,71.0,53.0,0.8104877349853514,True,CALL,2026-06-18,MSTR
MSTR260618C00134000,134.0,51.43,46.75,49.25,2.0,164.0,1.35779129699707,True,CALL,2026-06-18,MSTR
MSTR260618C00135000,135.0,31.64,29.35,30.35,10.0,96.0,0.8043232458496092,True,CALL,2026-06-18,MSTR
MSTR260618C00136000,136.0,53.5,28.45,30.05,1.0,61.0,0.7991353094482423,True,CALL,2026-06-18,MSTR
MSTR260618C00137000,137.0,44.15,28.0,29.4,20.0,47.0,0.7952901330566406,True,CALL,2026-06-18,MSTR
MSTR260618C00138000,138.0,44.8,27.65,29.1,2.0,24.0,0.7980977221679688,True,CALL,2026-06-18,MSTR
MSTR260618C00139000,139.0,39.1,27.3,28.45,2.0,101.0,0.7954732366943358,True,CALL,2026-06-18,MSTR
MSTR260618C00140000,140.0,27.91,27.2,28.1,27.0,1014.0,0.8008442767333983,True,CALL,2026-06-18,MSTR
MSTR260618C00141000,141.0,27.7,26.65,27.5,1.0,116.0,0.7956563403320311,False,CALL,2026-06-18,MSTR
MSTR260618C00142000,142.0,26.79,26.15,27.3,1.0,31.0,0.7969991003417969,False,CALL,2026-06-18,MSTR
MSTR260618C00143000,143.0,26.9,25.75,26.75,15.0,359.0,0.7944966839599608,False,CALL,2026-06-18,MSTR
MSTR260618C00144000,144.0,26.4,25.4,26.3,18.0,479.0,0.7940694421386718,False,CALL,2026-06-18,MSTR
MSTR260618C00145000,145.0,25.05,25.0,25.9,19.0,216.0,0.7934590966796875,False,CALL,2026-06-18,MSTR
MSTR260618C00146000,146.0,26.5,24.65,25.5,6.0,44.0,0.793398062133789,False,CALL,2026-06-18,MSTR
MSTR260618C00147000,147.0,27.56,24.25,25.1,15.0,33.0,0.7924825439453125,False,CALL,2026-06-18,MSTR
MSTR260618C00148000,148.0,27.51,23.8,24.75,3.0,30.0,0.7914449566650392,False,CALL,2026-06-18,MSTR
MSTR260618C00149000,149.0,35.25,23.1,24.15,1.0,50.0,0.7830221893310547,False,CALL,2026-06-18,MSTR
MSTR260618C00150000,150.0,23.54,23.0,23.95,154.0,2708.0,0.7888815057373046,False,CALL,2026-06-18,MSTR
MSTR260618C00152000,152.0,23.88,22.35,23.2,6.0,132.0,0.7886373675537108,False,CALL,2026-06-18,MSTR
MSTR260618C00154000,154.0,23.3,21.4,22.5,2.0,134.0,0.7842428802490236,False,CALL,2026-06-18,MSTR
MSTR260618C00155000,155.0,22.93,21.25,21.9,17.0,168.0,0.7829611547851563,False,CALL,2026-06-18,MSTR
MSTR260618C00156000,156.0,21.96,20.95,21.8,10.0,387.0,0.7865011584472656,False,CALL,2026-06-18,MSTR
MSTR260618C00158000,158.0,20.84,20.25,20.95,11.0,88.0,0.7824728784179689,False,CALL,2026-06-18,MSTR
MSTR260618C00160000,160.0,20.45,19.7,20.45,149.0,1065.0,0.7850973638916017,False,CALL,2026-06-18,MSTR
MSTR260618C00162000,162.0,27.8,19.1,19.95,14.0,144.0,0.7865011584472656,False,CALL,2026-06-18,MSTR
MSTR260618C00164000,164.0,18.91,18.5,19.25,3.0,106.0,0.7844870184326171,False,CALL,2026-06-18,MSTR
MSTR260618C00165000,165.0,18.7,18.15,18.9,71.0,517.0,0.7825949475097658,False,CALL,2026-06-18,MSTR
MSTR260618C00166000,166.0,18.5,17.95,18.6,37.0,206.0,0.7834494311523439,False,CALL,2026-06-18,MSTR
MSTR260618C00168000,168.0,26.9,17.35,18.1,3.0,63.0,0.783327362060547,False,CALL,2026-06-18,MSTR
MSTR260618C00170000,170.0,17.8,16.85,17.5,44.0,1147.0,0.7827780511474609,False,CALL,2026-06-18,MSTR
MSTR260618C00172000,172.0,24.48,16.3,17.0,5.0,250.0,0.7824728784179689,False,CALL,2026-06-18,MSTR
MSTR260618C00174000,174.0,16.4,15.8,16.45,2.0,76.0,0.7817404638671875,False,CALL,2026-06-18,MSTR
MSTR260618C00175000,175.0,16.4,15.55,16.25,81.0,1442.0,0.7822897747802735,False,CALL,2026-06-18,MSTR
MSTR260618C00176000,176.0,22.51,15.3,16.0,5.0,112.0,0.7820456365966797,False,CALL,2026-06-18,MSTR
MSTR260618C00178000,178.0,15.74,14.85,15.65,30.0,231.0,0.7841208111572266,False,CALL,2026-06-18,MSTR
MSTR260618C00180000,180.0,15.15,14.4,15.0,95.0,1684.0,0.7813132220458985,False,CALL,2026-06-18,MSTR
MSTR260618C00182000,182.0,21.3,13.9,14.65,6.0,196.0,0.7818014984130859,False,CALL,2026-06-18,MSTR
MSTR260618P00099000,99.0,7.61,7.75,8.35,9.0,233.0,0.792116336669922,False,PUT,2026-06-18,MSTR
MSTR260618P00100000,100.0,8.3,8.25,8.65,142.0,4222.0,0.7954122021484374,False,PUT,2026-06-18,MSTR
MSTR260618P00101000,101.0,5.7,8.5,9.0,1.0,30.0,0.7939473730468749,False,PUT,2026-06-18,MSTR
MSTR260618P00102000,102.0,7.0,8.75,9.25,2.0,187.0,0.790041162109375,False,PUT,2026-06-18,MSTR
MSTR260618P00103000,103.0,6.32,8.85,9.5,1.0,141.0,0.7827170166015626,False,PUT,2026-06-18,MSTR
MSTR260618P00104000,104.0,6.33,9.15,9.8,2.0,140.0,0.7805808074951173,False,PUT,2026-06-18,MSTR
MSTR260618P00105000,105.0,6.6,9.5,10.1,1.0,214.0,0.7792380474853515,False,PUT,2026-06-18,MSTR
MSTR260618P00106000,106.0,7.11,9.95,10.4,2.0,855.0,0.7796652893066407,False,PUT,2026-06-18,MSTR
MSTR260618P00107000,107.0,7.6,10.3,10.75,2.0,167.0,0.7787497711181641,False,PUT,2026-06-18,MSTR
MSTR260618P00108000,108.0,10.0,10.6,11.15,1.0,66.0,0.7775901147460937,False,PUT,2026-06-18,MSTR
MSTR260618P00109000,109.0,10.2,10.9,11.4,2.0,179.0,0.7733176965332031,False,PUT,2026-06-18,MSTR
MSTR260618P00110000,110.0,11.12,11.25,11.7,565.0,1056.0,0.7707542456054688,False,PUT,2026-06-18,MSTR
MSTR260618P00111000,111.0,7.9,11.6,12.1,9.0,170.0,0.7698997619628907,False,PUT,2026-06-18,MSTR
MSTR260618P00112000,112.0,8.1,11.95,12.45,4.0,117.0,0.7678856219482424,False,PUT,2026-06-18,MSTR
MSTR260618P00113000,113.0,8.19,12.25,12.85,4.0,87.0,0.7656273437500001,False,PUT,2026-06-18,MSTR
MSTR260618P00114000,114.0,8.6,12.25,13.2,8.0,23.0,0.7568383691406251,False,PUT,2026-06-18,MSTR
MSTR260618P00115000,115.0,12.1,13.0,13.5,22.0,1047.0,0.7605004418945314,False,PUT,2026-06-18,MSTR
MSTR260618P00116000,116.0,12.92,13.35,13.9,1.0,148.0,0.7585473364257813,False,PUT,2026-06-18,MSTR
MSTR260618P00117000,117.0,9.45,13.75,14.3,3.0,76.0,0.7572045764160158,False,PUT,2026-06-18,MSTR
MSTR260618P00118000,118.0,13.35,14.2,14.7,16.0,433.0,0.7565331964111328,False,PUT,2026-06-18,MSTR
MSTR260618P00119000,119.0,10.25,14.35,15.1,2.0,77.0,0.750551810913086,False,PUT,2026-06-18,MSTR
MSTR260618P00120000,120.0,14.35,15.0,15.45,27.0,1404.0,0.7520166400146484,False,PUT,2026-06-18,MSTR
MSTR260618P00121000,121.0,10.9,15.4,15.95,1.0,90.0,0.7515893981933592,False,PUT,2026-06-18,MSTR
MSTR260618P00122000,122.0,12.02,15.6,16.3,51.0,127.0,0.7450587017822266,False,PUT,2026-06-18,MSTR
MSTR260618P00123000,123.0,14.5,16.25,16.75,15.0,260.0,0.7475000836181642,False,PUT,2026-06-18,MSTR
MSTR260618P00124000,124.0,11.75,16.65,17.2,3.0,134.0,0.7456080126953125,False,PUT,2026-06-18,MSTR
MSTR260618P00125000,125.0,17.12,17.1,17.6,12.0,694.0,0.7434718035888672,False,PUT,2026-06-18,MSTR
MSTR260618P00126000,126.0,12.15,17.55,18.1,2.0,269.0,0.7428004235839842,False,PUT,2026-06-18,MSTR
MSTR260618P00127000,127.0,12.45,17.9,18.65,7.0,237.0,0.7411524908447265,False,PUT,2026-06-18,MSTR
MSTR260618P00128000,128.0,13.15,18.45,19.1,1.0,162.0,0.7408473181152342,False,PUT,2026-06-18,MSTR
MSTR260618P00129000,129.0,14.0,18.9,19.5,1.0,154.0,0.7379786944580078,False,PUT,2026-06-18,MSTR
MSTR260618P00130000,130.0,18.62,19.35,19.95,15.0,1234.0,0.7357204162597657,False,PUT,2026-06-18,MSTR
MSTR260618P00131000,131.0,14.2,19.55,20.45,1.0,143.0,0.7302273071289063,False,PUT,2026-06-18,MSTR
MSTR260618P00132000,132.0,14.6,20.1,20.9,1.0,172.0,0.7291897198486328,False,PUT,2026-06-18,MSTR
MSTR260618P00133000,133.0,14.55,20.8,21.5,3.0,320.0,0.7325466198730468,False,PUT,2026-06-18,MSTR
MSTR260618P00134000,134.0,15.0,21.3,21.95,8.0,345.0,0.7302883416748047,False,PUT,2026-06-18,MSTR
MSTR260618P00135000,135.0,20.92,21.8,22.55,6.0,250.0,0.7302273071289063,False,PUT,2026-06-18,MSTR
MSTR260618P00136000,136.0,21.3,22.3,23.0,2.0,185.0,0.7276638562011719,False,PUT,2026-06-18,MSTR
MSTR260618P00137000,137.0,15.74,22.65,23.5,6.0,33.0,0.7234524725341795,False,PUT,2026-06-18,MSTR
MSTR260618P00138000,138.0,15.64,23.15,24.2,1.0,137.0,0.7242459216308592,False,PUT,2026-06-18,MSTR
MSTR260618P00139000,139.0,17.35,23.85,24.8,2.0,102.0,0.7263821307373046,False,PUT,2026-06-18,MSTR
MSTR260618P00140000,140.0,24.9,24.4,25.1,77.0,1229.0,0.7216824707031251,False,PUT,2026-06-18,MSTR
MSTR260618P00141000,141.0,25.0,25.0,25.55,11.0,46.0,0.719729365234375,True,PUT,2026-06-18,MSTR
MSTR260618P00142000,142.0,24.61,25.35,26.4,90.0,220.0,0.7198514343261719,True,PUT,2026-06-18,MSTR
MSTR260618P00143000,143.0,26.05,25.9,26.95,36.0,101.0,0.7183255706787108,True,PUT,2026-06-18,MSTR
MSTR260618P00144000,144.0,18.01,26.3,27.4,10.0,112.0,0.7129545306396485,True,PUT,2026-06-18,MSTR
MSTR260618P00145000,145.0,27.4,27.1,28.05,16.0,273.0,0.7161893615722656,True,PUT,2026-06-18,MSTR
MSTR260618P00146000,146.0,26.6,27.85,28.65,8.0,452.0,0.7178372943115234,True,PUT,2026-06-18,MSTR
MSTR260618P00147000,147.0,28.6,28.4,29.2,10.0,193.0,0.7156400506591796,True,PUT,2026-06-18,MSTR
MSTR260618P00148000,148.0,21.45,28.45,29.8,3.0,102.0,0.7067290069580079,True,PUT,2026-06-18,MSTR
MSTR260618P00149000,149.0,22.55,29.3,30.4,1.0,143.0,0.7092924578857422,True,PUT,2026-06-18,MSTR
MSTR260618P00150000,150.0,30.18,30.2,31.0,27.0,1671.0,0.7124052197265626,True,PUT,2026-06-18,MSTR
MSTR260618P00152000,152.0,30.8,31.25,32.25,6.0,179.0,0.708010732421875,True,PUT,2026-06-18,MSTR
MSTR260618P00154000,154.0,23.0,32.5,33.65,8.0,240.0,0.708010732421875,True,PUT,2026-06-18,MSTR
MSTR260618P00155000,155.0,31.7,33.1,34.2,111.0,293.0,0.7052946951293947,True,PUT,2026-06-18,MSTR
MSTR260618P00156000,156.0,32.95,33.95,34.8,1.0,339.0,0.7067290069580079,True,PUT,2026-06-18,MSTR
MSTR260618P00158000,158.0,34.09,35.2,36.15,177.0,210.0,0.7048064187622071,True,PUT,2026-06-18,MSTR
MSTR260618P00160000,160.0,35.64,36.6,37.45,57.0,1318.0,0.7037383142089844,True,PUT,2026-06-18,MSTR
MSTR260618P00162000,162.0,36.07,38.0,38.85,6.0,318.0,0.7035552105712892,True,PUT,2026-06-18,MSTR
MSTR260618P00164000,164.0,29.3,38.8,40.35,6.0,144.0,0.6954986505126954,True,PUT,2026-06-18,MSTR
MSTR260618P00165000,165.0,38.06,40.05,41.05,9.0,612.0,0.7028838305664062,True,PUT,2026-06-18,MSTR
MSTR260618P00166000,166.0,39.9,40.85,41.75,35.0,375.0,0.7036162451171876,True,PUT,2026-06-18,MSTR
MSTR260618P00168000,168.0,37.95,41.6,43.0,1.0,215.0,0.690005541381836,True,PUT,2026-06-18,MSTR
MSTR260618P00170000,170.0,42.53,43.55,44.7,702.0,1500.0,0.7000762414550781,True,PUT,2026-06-18,MSTR
MSTR260618P00172000,172.0,32.1,44.65,46.1,5.0,85.0,0.6926910614013673,True,PUT,2026-06-18,MSTR
MSTR260618P00174000,174.0,32.15,46.0,47.55,1.0,91.0,0.6891510577392579,True,PUT,2026-06-18,MSTR
MSTR260618P00175000,175.0,45.04,47.2,48.25,174.0,932.0,0.6947052014160158,True,PUT,2026-06-18,MSTR
MSTR260618P00176000,176.0,36.75,47.9,48.95,6.0,212.0,0.6926300268554688,True,PUT,2026-06-18,MSTR
MSTR260618P00178000,178.0,38.87,48.8,50.5,10.0,115.0,0.6826813958740237,True,PUT,2026-06-18,MSTR
MSTR260618P00180000,180.0,49.95,51.0,52.1,3.0,614.0,0.6928741650390625,True,PUT,2026-06-18,MSTR
MSTR260618P00182000,182.0,40.27,52.15,53.8,2.0,114.0,0.688052435913086,True,PUT,2026-06-18,MSTR
MSTR260717C00100000,100.0,51.36,51.4,54.0,38.0,44.0,0.8812267736816406,True,CALL,2026-07-17,MSTR
MSTR260717C00105000,105.0,50.9,48.05,50.85,20.0,59.0,0.8700574517822266,True,CALL,2026-07-17,MSTR
MSTR260717C00110000,110.0,60.1,44.8,47.6,17.0,66.0,0.854920884399414,True,CALL,2026-07-17,MSTR
MSTR260717C00115000,115.0,47.51,41.8,44.4,2.0,47.0,0.8411881115722657,True,CALL,2026-07-17,MSTR
MSTR260717C00120000,120.0,58.0,39.1,41.15,7.0,110.0,0.8279436151123045,True,CALL,2026-07-17,MSTR
MSTR260717C00125000,125.0,51.57,36.4,38.05,1.0,3.0,0.8136615313720703,True,CALL,2026-07-17,MSTR
MSTR260717C00130000,130.0,47.23,34.45,36.0,3.0,36.0,0.8219011950683592,True,CALL,2026-07-17,MSTR
MSTR260717C00135000,135.0,52.03,31.5,32.85,16.0,13.0,0.7966939276123046,True,CALL,2026-07-17,MSTR
MSTR260717C00140000,140.0,30.22,29.3,30.75,12.0,47.0,0.7935811657714844,True,CALL,2026-07-17,MSTR
MSTR260717C00145000,145.0,27.9,27.25,28.7,26.0,19.0,0.7897970239257812,False,CALL,2026-07-17,MSTR
MSTR260717C00150000,150.0,27.8,25.55,27.9,84.0,103.0,0.8041401422119141,False,CALL,2026-07-17,MSTR
MSTR260717C00155000,155.0,25.0,23.65,24.95,31.0,84.0,0.7843954666137696,False,CALL,2026-07-17,MSTR
MSTR260717C00160000,160.0,23.5,22.25,23.5,48.0,356.0,0.7882101257324219,False,CALL,2026-07-17,MSTR
MSTR260717C00165000,165.0,21.85,20.4,21.8,110.0,388.0,0.7801535656738281,False,CALL,2026-07-17,MSTR
MSTR260717C00170000,170.0,19.8,19.35,20.35,25.0,307.0,0.7833578793334962,False,CALL,2026-07-17,MSTR
MSTR260717C00175000,175.0,18.33,18.0,19.0,21.0,75.0,0.7815573602294923,False,CALL,2026-07-17,MSTR
MSTR260717C00180000,180.0,18.6,16.45,17.8,21.0,164.0,0.7767966656494141,False,CALL,2026-07-17,MSTR
MSTR260717P00100000,100.0,9.55,9.4,10.1,59.0,259.0,0.7763694238281251,False,PUT,2026-07-17,MSTR
MSTR260717P00105000,105.0,10.13,10.75,11.8,9.0,269.0,0.7641625146484375,False,PUT,2026-07-17,MSTR
MSTR260717P00110000,110.0,12.55,12.95,13.6,6.0,485.0,0.7638573419189454,False,PUT,2026-07-17,MSTR
MSTR260717P00115000,115.0,15.08,14.15,15.5,5.0,531.0,0.7436549072265625,False,PUT,2026-07-17,MSTR
MSTR260717P00120000,120.0,17.3,16.8,17.65,6.0,500.0,0.7464014617919923,False,PUT,2026-07-17,MSTR
MSTR260717P00125000,125.0,19.37,19.05,19.85,42.0,259.0,0.7389552471923828,False,PUT,2026-07-17,MSTR
MSTR260717P00130000,130.0,21.03,21.3,22.25,4.0,1106.0,0.7304104107666016,False,PUT,2026-07-17,MSTR
MSTR260717P00135000,135.0,23.23,23.6,24.9,16.0,108.0,0.7222928161621094,False,PUT,2026-07-17,MSTR
MSTR260717P00140000,140.0,25.65,26.8,27.6,48.0,284.0,0.7233914379882812,False,PUT,2026-07-17,MSTR
MSTR260717P00145000,145.0,28.3,29.4,30.5,47.0,87.0,0.7154569470214844,True,PUT,2026-07-17,MSTR
MSTR260717P00150000,150.0,31.2,31.55,33.5,17.0,708.0,0.6995269305419922,True,PUT,2026-07-17,MSTR
MSTR260717P00155000,155.0,34.2,35.35,36.55,28.0,314.0,0.7027312442016601,True,PUT,2026-07-17,MSTR
MSTR260717P00160000,160.0,37.05,38.05,39.95,26.0,140.0,0.6929046823120117,True,PUT,2026-07-17,MSTR
MSTR260717P00165000,165.0,40.3,41.35,44.75,16.0,57.0,0.7063017651367188,True,PUT,2026-07-17,MSTR
MSTR260717P00170000,170.0,44.5,45.15,46.9,3.0,86.0,0.6885407122802736,True,PUT,2026-07-17,MSTR
MSTR260717P00175000,175.0,38.64,48.9,50.55,56.0,128.0,0.6871674349975586,True,PUT,2026-07-17,MSTR
MSTR260717P00180000,180.0,43.18,52.35,54.4,1.0,88.0,0.6817658776855471,True,PUT,2026-07-17,MSTR
MSTR260821C00100000,100.0,56.9,54.35,56.0,13.0,27.0,0.8872691937255859,True,CALL,2026-08-21,MSTR
MSTR260821C00110000,110.0,50.8,48.2,49.8,5.0,11.0,0.8640150317382812,True,CALL,2026-08-21,MSTR
MSTR260821C00115000,115.0,47.9,45.3,46.95,1.0,3.0,0.8540664007568359,True,CALL,2026-08-21,MSTR
MSTR260821C00120000,120.0,69.11,42.05,44.05,1.0,11.0,0.8355729333496091,True,CALL,2026-08-21,MSTR
MSTR260821C00125000,125.0,55.05,39.4,41.3,93.0,93.0,0.8249529223632811,True,CALL,2026-08-21,MSTR
MSTR260821C00130000,130.0,40.0,37.55,38.6,14.0,29.0,0.8227556787109375,True,CALL,2026-08-21,MSTR
MSTR260821C00135000,135.0,50.5,35.25,36.35,6.0,15.0,0.8175982595825194,True,CALL,2026-08-21,MSTR
MSTR260821C00140000,140.0,33.3,33.15,33.9,44.0,27.0,0.8096942858886718,True,CALL,2026-08-21,MSTR
MSTR260821C00145000,145.0,32.74,31.0,32.0,10.0,8.0,0.8055134194946288,False,CALL,2026-08-21,MSTR
MSTR260821C00150000,150.0,30.45,29.05,30.0,110.0,37.0,0.8000508276367188,False,CALL,2026-08-21,MSTR
MSTR260821C00155000,155.0,39.75,26.75,28.25,2.0,65.0,0.7910482321166993,False,CALL,2026-08-21,MSTR
MSTR260821C00160000,160.0,26.8,25.55,26.45,77.0,226.0,0.7923909921264648,False,CALL,2026-08-21,MSTR
MSTR260821C00165000,165.0,26.0,24.15,24.8,24.0,152.0,0.7909566802978516,False,CALL,2026-08-21,MSTR
MSTR260821C00170000,170.0,24.2,22.8,23.25,24.0,94.0,0.7892477130126954,False,CALL,2026-08-21,MSTR
MSTR260821C00175000,175.0,23.26,21.35,22.0,31.0,161.0,0.7879659875488281,False,CALL,2026-08-21,MSTR
MSTR260821C00180000,180.0,20.2,20.1,20.75,111.0,174.0,0.7871725384521484,False,CALL,2026-08-21,MSTR
MSTR260821P00100000,100.0,11.9,11.7,12.25,19.0,1171.0,0.7854635711669922,False,PUT,2026-08-21,MSTR
MSTR260821P00105000,105.0,13.8,13.4,13.95,31.0,208.0,0.7747825256347658,False,PUT,2026-08-21,MSTR
MSTR260821P00110000,110.0,15.52,15.3,15.9,15.0,34.0,0.7673363110351563,False,PUT,2026-08-21,MSTR
MSTR260821P00115000,115.0,17.55,17.35,17.85,24.0,77.0,0.758364232788086,False,PUT,2026-08-21,MSTR
MSTR260821P00120000,120.0,19.8,19.65,19.85,43.0,917.0,0.7501245690917968,False,PUT,2026-08-21,MSTR
MSTR260821P00125000,125.0,22.15,22.05,22.5,222.0,186.0,0.7485987054443359,False,PUT,2026-08-21,MSTR
MSTR260821P00130000,130.0,23.42,24.1,24.65,2.0,286.0,0.7324855853271484,False,PUT,2026-08-21,MSTR
MSTR260821P00135000,135.0,25.9,26.35,27.5,92.0,317.0,0.725191957092285,False,PUT,2026-08-21,MSTR
MSTR260821P00140000,140.0,28.6,29.35,30.1,446.0,60.0,0.72110264251709,False,PUT,2026-08-21,MSTR
MSTR260821P00145000,145.0,32.5,32.15,33.05,164.0,146.0,0.7158841888427734,True,PUT,2026-08-21,MSTR
MSTR260821P00150000,150.0,35.1,35.1,36.0,120.0,175.0,0.7097196997070312,True,PUT,2026-08-21,MSTR
MSTR260821P00155000,155.0,37.45,38.05,39.2,9.0,217.0,0.7038603833007813,True,PUT,2026-08-21,MSTR
MSTR260821P00160000,160.0,41.15,41.45,42.55,37.0,721.0,0.7025786578369142,True,PUT,2026-08-21,MSTR
MSTR260821P00165000,165.0,44.34,44.8,45.85,743.0,130.0,0.6976348596191408,True,PUT,2026-08-21,MSTR
MSTR260821P00170000,170.0,42.33,48.25,49.7,1.0,128.0,0.6981231359863282,True,PUT,2026-08-21,MSTR
MSTR260821P00175000,175.0,41.63,51.85,52.9,1.0,1017.0,0.6903107141113283,True,PUT,2026-08-21,MSTR
MSTR260821P00180000,180.0,44.4,55.45,56.95,5.0,120.0,0.6906769213867189,True,PUT,2026-08-21,MSTR
MSTR260918C00100000,100.0,58.71,55.7,57.4,1.0,59.0,0.8759167681884765,True,CALL,2026-09-18,MSTR
MSTR260918C00105000,105.0,53.7,52.45,54.15,1.0,9.0,0.8592543371582031,True,CALL,2026-09-18,MSTR
MSTR260918C00110000,110.0,53.0,49.65,51.65,1.0,16.0,0.8574843353271484,True,CALL,2026-09-18,MSTR
MSTR260918C00115000,115.0,61.29,46.5,48.8,4.0,9.0,0.8427139752197266,True,CALL,2026-09-18,MSTR
MSTR260918C00120000,120.0,46.86,44.1,46.05,4.0,53.0,0.8368546588134764,True,CALL,2026-09-18,MSTR
MSTR260918C00125000,125.0,55.55,41.45,43.5,8.0,41.0,0.8276384423828124,True,CALL,2026-09-18,MSTR
MSTR260918C00130000,130.0,42.0,39.1,40.9,1.0,34.0,0.8191546405029295,True,CALL,2026-09-18,MSTR
MSTR260918C00135000,135.0,40.0,37.15,38.05,21.0,8.0,0.8101215277099607,True,CALL,2026-09-18,MSTR
MSTR260918C00140000,140.0,37.65,35.1,36.2,18.0,63.0,0.8094806649780272,True,CALL,2026-09-18,MSTR
MSTR260918C00145000,145.0,36.0,33.15,34.5,10.0,26.0,0.8093280786132812,False,CALL,2026-09-18,MSTR
MSTR260918C00150000,150.0,32.35,31.1,32.25,11.0,96.0,0.7995015167236328,False,CALL,2026-09-18,MSTR
MSTR260918C00155000,155.0,30.18,29.4,30.45,16.0,140.0,0.7968159967041015,False,CALL,2026-09-18,MSTR
MSTR260918C00160000,160.0,28.5,27.85,28.75,44.0,130.0,0.7949239257812499,False,CALL,2026-09-18,MSTR
MSTR260918C00165000,165.0,26.91,26.35,27.2,3.0,581.0,0.793398062133789,False,CALL,2026-09-18,MSTR
MSTR260918C00170000,170.0,25.0,24.9,25.75,29.0,640.0,0.7917501293945313,False,CALL,2026-09-18,MSTR
MSTR260918C00175000,175.0,24.0,23.5,24.45,1.0,95.0,0.7906209902954101,False,CALL,2026-09-18,MSTR
MSTR260918C00180000,180.0,22.9,22.3,23.05,53.0,311.0,0.7890035748291016,False,CALL,2026-09-18,MSTR
MSTR260918P00100000,100.0,12.48,13.05,13.45,62.0,1184.0,0.7781394256591796,False,PUT,2026-09-18,MSTR
MSTR260918P00105000,105.0,14.5,14.75,15.3,6.0,60.0,0.7677635528564455,False,PUT,2026-09-18,MSTR
MSTR260918P00110000,110.0,17.0,16.7,17.2,24.0,166.0,0.7585473364257813,False,PUT,2026-09-18,MSTR
MSTR260918P00115000,115.0,18.35,18.8,19.3,2.0,246.0,0.7509180181884765,False,PUT,2026-09-18,MSTR
MSTR260918P00120000,120.0,21.35,21.0,21.55,20.0,472.0,0.7434718035888672,False,PUT,2026-09-18,MSTR
MSTR260918P00125000,125.0,23.55,23.3,23.9,20.0,160.0,0.7355983471679688,False,PUT,2026-09-18,MSTR
MSTR260918P00130000,130.0,26.1,26.15,26.5,67.0,303.0,0.7346828289794922,False,PUT,2026-09-18,MSTR
MSTR260918P00135000,135.0,27.23,28.35,29.1,1.0,336.0,0.7230252307128906,False,PUT,2026-09-18,MSTR
MSTR260918P00140000,140.0,31.5,31.0,31.85,2304.0,147.0,0.7159757406616211,False,PUT,2026-09-18,MSTR
MSTR260918P00145000,145.0,34.31,33.9,34.95,381.0,353.0,0.7133207379150392,True,PUT,2026-09-18,MSTR
MSTR260918P00150000,150.0,37.0,37.0,37.9,10.0,2341.0,0.7087431469726562,True,PUT,2026-09-18,MSTR
MSTR260918P00155000,155.0,34.95,39.8,41.05,1.0,153.0,0.7006560696411133,True,PUT,2026-09-18,MSTR
MSTR260918P00160000,160.0,41.5,43.0,44.35,8.0,139.0,0.6965362377929689,True,PUT,2026-09-18,MSTR
MSTR260918P00165000,165.0,45.46,46.7,47.7,1.0,823.0,0.6963836514282228,True,PUT,2026-09-18,MSTR
MSTR260918P00170000,170.0,42.0,49.8,51.4,1.0,143.0,0.6913483013916017,True,PUT,2026-09-18,MSTR
MSTR260918P00175000,175.0,43.55,53.55,54.95,1.0,162.0,0.6899445068359377,True,PUT,2026-09-18,MSTR
MSTR260918P00180000,180.0,56.55,57.25,58.65,1.0,665.0,0.6878082977294924,True,PUT,2026-09-18,MSTR
MSTR261218C00100000,100.0,64.07,60.9,63.0,6.0,258.0,0.8867809173583983,True,CALL,2026-12-18,MSTR
MSTR261218C00105000,105.0,81.3,57.35,60.1,4.0,44.0,0.866212275390625,True,CALL,2026-12-18,MSTR
MSTR261218C00110000,110.0,59.1,54.7,57.35,1.0,18.0,0.8573622662353515,True,CALL,2026-12-18,MSTR
MSTR261218C00115000,115.0,80.15,52.15,54.75,2.0,10.0,0.8494888098144531,True,CALL,2026-12-18,MSTR
MSTR261218C00120000,120.0,53.0,50.6,52.15,2.0,16.0,0.8510757080078125,True,CALL,2026-12-18,MSTR
MSTR261218C00125000,125.0,51.0,48.25,49.7,1.0,60.0,0.843202251586914,True,CALL,2026-12-18,MSTR
MSTR261218C00130000,130.0,46.5,46.25,47.25,9.0,52.0,0.8374039697265624,True,CALL,2026-12-18,MSTR
MSTR261218C00135000,135.0,47.0,43.35,45.05,2.0,35.0,0.8231218859863281,True,CALL,2026-12-18,MSTR
MSTR261218C00140000,140.0,43.0,41.4,43.1,7.0,71.0,0.81991757232666,True,CALL,2026-12-18,MSTR
MSTR261218C00145000,145.0,42.11,39.5,41.15,6.0,33.0,0.8155841195678711,False,CALL,2026-12-18,MSTR
MSTR261218C00150000,150.0,39.0,37.95,39.15,37.0,303.0,0.8127460131835937,False,CALL,2026-12-18,MSTR
MSTR261218C00155000,155.0,39.45,35.7,37.85,4.0,116.0,0.8084735949707031,False,CALL,2026-12-18,MSTR
MSTR261218C00160000,160.0,35.18,34.45,36.1,22.0,9773.0,0.8081684222412109,False,CALL,2026-12-18,MSTR
MSTR261218C00165000,165.0,36.99,32.65,34.4,4.0,170.0,0.8017292776489257,False,CALL,2026-12-18,MSTR
MSTR261218C00170000,170.0,32.2,32.05,32.95,33.0,191.0,0.8079548013305663,False,CALL,2026-12-18,MSTR
MSTR261218C00175000,175.0,31.4,29.95,31.5,48.0,388.0,0.7986165158081054,False,CALL,2026-12-18,MSTR
MSTR261218C00180000,180.0,29.69,29.4,30.3,100.0,6379.0,0.8052997985839843,False,CALL,2026-12-18,MSTR
MSTR261218P00100000,100.0,17.0,17.2,17.8,73.0,1334.0,0.7745994219970704,False,PUT,2026-12-18,MSTR
MSTR261218P00105000,105.0,19.04,19.0,19.8,2.0,1262.0,0.7626366510009766,False,PUT,2026-12-18,MSTR
MSTR261218P00110000,110.0,20.68,21.4,22.1,6.0,213.0,0.7595544064331056,False,PUT,2026-12-18,MSTR
MSTR261218P00115000,115.0,23.15,23.35,24.4,12.0,1269.0,0.7485376708984376,False,PUT,2026-12-18,MSTR
MSTR261218P00120000,120.0,26.4,26.1,26.8,85.0,392.0,0.7457300817871093,False,PUT,2026-12-18,MSTR
MSTR261218P00125000,125.0,28.85,28.45,29.55,23.0,345.0,0.7399928344726561,False,PUT,2026-12-18,MSTR
MSTR261218P00130000,130.0,31.7,31.2,32.05,138.0,1240.0,0.7337673107910156,False,PUT,2026-12-18,MSTR
MSTR261218P00135000,135.0,33.23,33.55,34.75,7.0,329.0,0.7236355761718749,False,PUT,2026-12-18,MSTR
MSTR261218P00140000,140.0,37.1,36.85,37.75,30.0,265.0,0.7243985079956053,False,PUT,2026-12-18,MSTR
MSTR261218P00145000,145.0,39.9,39.75,40.7,4.0,183.0,0.7187528125,True,PUT,2026-12-18,MSTR
MSTR261218P00150000,150.0,43.1,42.95,43.85,12.0,1006.0,0.7162809133911132,True,PUT,2026-12-18,MSTR
MSTR261218P00155000,155.0,45.2,45.1,47.05,5.0,335.0,0.7025176232910157,True,PUT,2026-12-18,MSTR
MSTR261218P00160000,160.0,42.0,48.6,50.35,43.0,10865.0,0.7012358978271485,True,PUT,2026-12-18,MSTR
MSTR261218P00165000,165.0,51.4,52.25,53.5,2.0,805.0,0.6983672741699221,True,PUT,2026-12-18,MSTR
MSTR261218P00170000,170.0,52.45,55.5,57.2,1.0,526.0,0.6954986505126954,True,PUT,2026-12-18,MSTR
MSTR261218P00175000,175.0,59.5,58.95,60.5,2.0,396.0,0.6893341613769532,True,PUT,2026-12-18,MSTR
MSTR261218P00180000,180.0,62.05,63.2,64.55,1.0,6823.0,0.6965362377929689,True,PUT,2026-12-18,MSTR
MSTR270115C00100000,100.0,64.5,61.85,64.2,64.0,532.0,0.8782360809326171,True,CALL,2027-01-15,MSTR
MSTR270115C00105000,105.0,63.0,58.9,61.0,8.0,137.0,0.8609022698974609,True,CALL,2027-01-15,MSTR
MSTR270115C00110000,110.0,60.62,57.05,58.7,7.0,206.0,0.8657850335693358,True,CALL,2027-01-15,MSTR
MSTR270115C00115000,115.0,70.75,53.75,56.4,1.0,29.0,0.8515945016479493,True,CALL,2027-01-15,MSTR
MSTR270115C00120000,120.0,52.77,52.25,53.6,17.0,130.0,0.8502822589111327,True,CALL,2027-01-15,MSTR
MSTR270115C00125000,125.0,50.75,49.15,51.7,2.0,74.0,0.8396012133789061,True,CALL,2027-01-15,MSTR
MSTR270115C00130000,130.0,51.2,47.2,49.0,6.0,190.0,0.8311784460449219,True,CALL,2027-01-15,MSTR
MSTR270115C00135000,135.0,47.69,45.6,47.05,7.0,47.0,0.8324296542358397,True,CALL,2027-01-15,MSTR
MSTR270115C00140000,140.0,44.45,43.75,44.9,34.0,285.0,0.8275163732910156,True,CALL,2027-01-15,MSTR
MSTR270115C00145000,145.0,42.25,41.1,42.9,59.0,128.0,0.8148822222900391,False,CALL,2027-01-15,MSTR
MSTR270115C00150000,150.0,40.5,40.0,41.35,402.0,2247.0,0.8203142968749999,False,CALL,2027-01-15,MSTR
MSTR270115C00155000,155.0,38.96,37.8,38.95,22.0,590.0,0.8057880749511719,False,CALL,2027-01-15,MSTR
MSTR270115C00160000,160.0,37.0,36.7,37.8,88.0,508.0,0.8121967022705077,False,CALL,2027-01-15,MSTR
MSTR270115C00165000,165.0,37.6,34.65,36.5,65.0,713.0,0.8070698004150392,False,CALL,2027-01-15,MSTR
MSTR270115C00170000,170.0,34.34,33.75,34.75,17.0,831.0,0.8073139385986328,False,CALL,2027-01-15,MSTR
MSTR270115C00175000,175.0,33.0,32.0,33.35,47.0,1881.0,0.8018513467407226,False,CALL,2027-01-15,MSTR
MSTR270115C00180000,180.0,32.8,31.3,32.2,6.0,521.0,0.8072529040527343,False,CALL,2027-01-15,MSTR
MSTR270115P00100000,100.0,18.4,18.0,18.9,78.0,2850.0,0.7674583801269532,False,PUT,2027-01-15,MSTR
MSTR270115P00105000,105.0,20.25,20.0,20.8,215.0,387.0,0.7560144027709962,False,PUT,2027-01-15,MSTR
MSTR270115P00110000,110.0,22.0,22.55,23.15,13.0,286.0,0.7542749182128907,False,PUT,2027-01-15,MSTR
MSTR270115P00115000,115.0,25.25,24.9,25.55,15.0,426.0,0.7482324981689454,False,PUT,2027-01-15,MSTR
MSTR270115P00120000,120.0,27.0,26.95,28.0,625.0,1613.0,0.7374599008178712,False,PUT,2027-01-15,MSTR
MSTR270115P00125000,125.0,30.15,30.05,30.65,18.0,403.0,0.7380397290039062,False,PUT,2027-01-15,MSTR
MSTR270115P00130000,130.0,33.0,32.15,33.65,122.0,651.0,0.7298000653076171,False,PUT,2027-01-15,MSTR
MSTR270115P00135000,135.0,34.95,34.6,35.95,65.0,1246.0,0.7164640170288085,False,PUT,2027-01-15,MSTR
MSTR270115P00140000,140.0,38.4,38.3,38.95,22.0,1744.0,0.7206448834228516,False,PUT,2027-01-15,MSTR
MSTR270115P00145000,145.0,39.87,41.4,42.15,110.0,271.0,0.7190579852294923,True,PUT,2027-01-15,MSTR
MSTR270115P00150000,150.0,44.48,43.7,44.9,77.0,2951.0,0.7041045214843751,True,PUT,2027-01-15,MSTR
MSTR270115P00155000,155.0,43.5,46.6,48.6,22.0,489.0,0.7022734851074219,True,PUT,2027-01-15,MSTR
MSTR270115P00160000,160.0,51.1,50.35,51.8,3.0,739.0,0.7021819332885743,True,PUT,2027-01-15,MSTR
MSTR270115P00165000,165.0,44.5,53.7,55.05,1.0,728.0,0.6974517559814455,True,PUT,2027-01-15,MSTR
MSTR270115P00170000,170.0,56.5,57.15,58.6,9.0,1760.0,0.6950714086914063,True,PUT,2027-01-15,MSTR
MSTR270115P00175000,175.0,58.85,60.1,62.05,1.0,249.0,0.68594674407959,True,PUT,2027-01-15,MSTR
MSTR270115P00180000,180.0,62.73,64.2,65.5,3.0,378.0,0.6860688131713868,True,PUT,2027-01-15,MSTR
MSTR270617C00100000,100.0,89.05,69.5,71.85,1.0,74.0,0.8977061010742187,True,CALL,2027-06-17,MSTR
MSTR270617C00105000,105.0,70.0,67.15,69.4,2.0,17.0,0.89022936920166,True,CALL,2027-06-17,MSTR
MSTR270617C00110000,110.0,73.34,64.2,67.1,14.0,26.0,0.8769848727416992,True,CALL,2027-06-17,MSTR
MSTR270617C00115000,115.0,79.0,61.95,64.65,1.0,3.0,0.8683179672241211,True,CALL,2027-06-17,MSTR
MSTR270617C00120000,120.0,63.15,60.1,62.1,8.0,54.0,0.8615126153564454,True,CALL,2027-06-17,MSTR
MSTR270617C00125000,125.0,73.4,57.75,59.45,2.0,30.0,0.8481460498046874,True,CALL,2027-06-17,MSTR
MSTR270617C00130000,130.0,72.96,55.9,58.0,1.0,45.0,0.8493362234497069,True,CALL,2027-06-17,MSTR
MSTR270617C00135000,135.0,69.03,53.85,56.15,2.0,16.0,0.8439957006835936,True,CALL,2027-06-17,MSTR
MSTR270617C00140000,140.0,54.01,52.1,54.1,34.0,37.0,0.8385636260986327,True,CALL,2027-06-17,MSTR
MSTR270617C00145000,145.0,53.35,50.85,52.85,12.0,15.0,0.8432327688598632,False,CALL,2027-06-17,MSTR
MSTR270617C00150000,150.0,49.8,49.2,50.9,38.0,128.0,0.8375870733642576,False,CALL,2027-06-17,MSTR
MSTR270617C00155000,155.0,61.68,47.05,49.65,1.0,70.0,0.8328263787841794,False,CALL,2027-06-17,MSTR
MSTR270617C00160000,160.0,47.45,45.75,48.0,23.0,599.0,0.8309037905883788,False,CALL,2027-06-17,MSTR
MSTR270617C00165000,165.0,46.55,44.1,46.4,11.0,101.0,0.8258074060058591,False,CALL,2027-06-17,MSTR
MSTR270617C00170000,170.0,45.4,43.15,44.85,5.0,135.0,0.8259599923706052,False,CALL,2027-06-17,MSTR
MSTR270617C00175000,175.0,43.0,41.6,43.8,5.0,182.0,0.8245867150878905,False,CALL,2027-06-17,MSTR
MSTR270617C00180000,180.0,42.15,40.15,41.65,9.0,186.0,0.8146991186523438,False,CALL,2027-06-17,MSTR
MSTR270617P00100000,100.0,21.0,23.95,25.05,1.0,2374.0,0.7698692446899414,False,PUT,2027-06-17,MSTR
MSTR270617P00105000,105.0,22.72,26.05,27.3,1.0,315.0,0.7588830264282228,False,PUT,2027-06-17,MSTR
MSTR270617P00110000,110.0,25.07,28.85,29.85,3.0,80.0,0.7565331964111328,False,PUT,2027-06-17,MSTR
MSTR270617P00115000,115.0,27.05,31.4,32.45,1.0,70.0,0.750551810913086,False,PUT,2027-06-17,MSTR
MSTR270617P00120000,120.0,33.44,33.5,35.15,1.0,262.0,0.7399928344726561,False,PUT,2027-06-17,MSTR
MSTR270617P00125000,125.0,36.4,36.15,37.95,3.0,1053.0,0.7341945526123046,False,PUT,2027-06-17,MSTR
MSTR270617P00130000,130.0,39.15,39.6,40.5,131.0,61.0,0.7319362744140624,False,PUT,2027-06-17,MSTR
MSTR270617P00135000,135.0,42.52,41.8,43.65,2.0,103.0,0.7228421270751952,False,PUT,2027-06-17,MSTR
MSTR270617P00140000,140.0,44.93,44.9,46.35,2.0,60.0,0.7165250515747069,False,PUT,2027-06-17,MSTR
MSTR270617P00145000,145.0,41.96,47.8,49.75,40.0,240.0,0.7132597033691408,True,PUT,2027-06-17,MSTR
MSTR270617P00150000,150.0,50.92,51.15,53.05,4.0,390.0,0.7117033224487305,True,PUT,2027-06-17,MSTR
MSTR270617P00155000,155.0,54.93,54.75,56.3,2.0,108.0,0.7106962524414062,True,PUT,2027-06-17,MSTR
MSTR270617P00160000,160.0,58.11,57.95,59.15,4.0,103.0,0.7023650369262696,True,PUT,2027-06-17,MSTR
MSTR270617P00165000,165.0,61.8,61.55,62.9,12.0,63.0,0.7033110723876954,True,PUT,2027-06-17,MSTR
MSTR270617P00170000,170.0,58.65,65.05,66.4,18.0,292.0,0.7006255523681642,True,PUT,2027-06-17,MSTR
MSTR270617P00175000,175.0,68.6,67.5,69.85,1.0,110.0,0.6886322640991213,True,PUT,2027-06-17,MSTR
MSTR270617P00180000,180.0,63.35,71.4,73.15,12.0,218.0,0.6858246749877931,True,PUT,2027-06-17,MSTR
MSTR270917C00100000,100.0,102.07,71.4,76.5,1.0,64.0,0.8917247155761718,True,CALL,2027-09-17,MSTR
MSTR270917C00105000,105.0,108.25,89.75,93.75,1.0,1.0,1.3095737646484373,True,CALL,2027-09-17,MSTR
MSTR270917C00110000,110.0,87.6,68.25,72.95,2.0,6.0,0.8995066201782226,True,CALL,2027-09-17,MSTR
MSTR270917C00115000,115.0,98.4,85.05,88.85,1.0,1.0,1.2582434548950197,True,CALL,2027-09-17,MSTR
MSTR270917C00120000,120.0,85.1,64.4,66.65,6.0,4.0,0.8701795208740235,True,CALL,2027-09-17,MSTR
MSTR270917C00130000,130.0,76.0,60.45,64.3,1.0,7.0,0.871949522705078,True,CALL,2027-09-17,MSTR
MSTR270917C00135000,135.0,75.59,56.8,63.3,2.0,6.0,0.8587660607910157,True,CALL,2027-09-17,MSTR
MSTR270917C00140000,140.0,64.45,55.25,59.05,1.0,21.0,0.8358781060791014,True,CALL,2027-09-17,MSTR
MSTR270917C00145000,145.0,68.87,55.25,58.6,1.0,26.0,0.8554701953125,False,CALL,2027-09-17,MSTR
MSTR270917C00150000,150.0,57.0,51.95,57.1,2.0,16.0,0.8395401788330077,False,CALL,2027-09-17,MSTR
MSTR270917C00155000,155.0,67.5,51.55,54.5,1.0,23.0,0.8371598315429687,False,CALL,2027-09-17,MSTR
MSTR270917C00160000,160.0,52.2,51.55,52.95,4.0,22.0,0.845155357055664,False,CALL,2027-09-17,MSTR
MSTR270917C00165000,165.0,50.75,47.6,51.55,3.0,23.0,0.8236711968994139,False,CALL,2027-09-17,MSTR
MSTR270917C00170000,170.0,51.91,47.45,51.55,1.0,35.0,0.8406693179321288,False,CALL,2027-09-17,MSTR
MSTR270917C00175000,175.0,50.0,46.95,48.85,1.0,94.0,0.8342301733398436,False,CALL,2027-09-17,MSTR
MSTR270917C00180000,180.0,59.42,43.75,47.7,2.0,421.0,0.8189410195922849,False,CALL,2027-09-17,MSTR
MSTR270917P00100000,100.0,23.86,25.05,27.7,2.0,97.0,0.7450587017822266,False,PUT,2027-09-17,MSTR
MSTR270917P00105000,105.0,29.66,28.8,32.45,1.0,32.0,0.7727378683471681,False,PUT,2027-09-17,MSTR
MSTR270917P00110000,110.0,29.0,31.95,35.1,2.0,25.0,0.7719139019775392,False,PUT,2027-09-17,MSTR
MSTR270917P00115000,115.0,36.9,31.6,33.05,,1.0,0.6973296868896486,False,PUT,2027-09-17,MSTR
MSTR270917P00120000,120.0,34.56,35.4,38.55,2.0,4.0,0.725588681640625,False,PUT,2027-09-17,MSTR
MSTR270917P00125000,125.0,40.0,40.05,43.35,1.0,4.0,0.7522912954711914,False,PUT,2027-09-17,MSTR
MSTR270917P00130000,130.0,40.25,42.1,44.25,6.0,7.0,0.723513507080078,False,PUT,2027-09-17,MSTR
MSTR270917P00135000,135.0,45.0,46.3,48.2,1.0,40.0,0.7361781753540039,False,PUT,2027-09-17,MSTR
MSTR270917P00140000,140.0,49.0,48.5,52.3,103.0,6.0,0.7327907580566406,False,PUT,2027-09-17,MSTR
MSTR270917P00145000,145.0,52.72,52.0,54.25,1.0,5.0,0.721957126159668,True,PUT,2027-09-17,MSTR
MSTR270917P00150000,150.0,47.95,55.0,57.2,1.0,21.0,0.714297290649414,True,PUT,2027-09-17,MSTR
MSTR270917P00155000,155.0,58.77,52.65,54.75,3.0,11.0,0.6270941831970216,True,PUT,2027-09-17,MSTR
MSTR270917P00160000,160.0,55.35,60.8,65.5,1.0,65.0,0.7129545306396485,True,PUT,2027-09-17,MSTR
MSTR270917P00165000,165.0,60.25,63.2,69.0,1.0,90.0,0.7027007269287109,True,PUT,2027-09-17,MSTR
MSTR270917P00170000,170.0,68.42,67.9,72.4,2.0,39.0,0.7076445251464845,True,PUT,2027-09-17,MSTR
MSTR270917P00175000,175.0,66.2,71.35,74.0,10.0,69.0,0.6900360586547852,True,PUT,2027-09-17,MSTR
MSTR270917P00180000,180.0,68.08,75.0,79.6,3.0,216.0,0.7016936569213867,True,PUT,2027-09-17,MSTR
MSTR271217C00100000,100.0,79.5,74.5,78.85,1.0,323.0,0.8825390164184569,True,CALL,2027-12-17,MSTR
MSTR271217C00105000,105.0,97.4,72.55,78.45,1.0,10.0,0.8945933392333982,True,CALL,2027-12-17,MSTR
MSTR271217C00110000,110.0,88.87,72.15,76.1,1.0,27.0,0.900971449279785,True,CALL,2027-12-17,MSTR
MSTR271217C00115000,115.0,93.9,69.7,72.75,5.0,32.0,0.8790295300292967,True,CALL,2027-12-17,MSTR
MSTR271217C00120000,120.0,91.7,68.5,72.15,5.0,76.0,0.8912974737548827,True,CALL,2027-12-17,MSTR
MSTR271217C00125000,125.0,86.0,65.0,70.4,1.0,21.0,0.8732617654418945,True,CALL,2027-12-17,MSTR
MSTR271217C00130000,130.0,67.12,65.0,68.45,3.0,85.0,0.8818981536865234,True,CALL,2027-12-17,MSTR
MSTR271217C00135000,135.0,86.39,63.35,67.4,2.0,8.0,0.8833629827880858,True,CALL,2027-12-17,MSTR
MSTR271217C00140000,140.0,63.25,61.6,66.6,12.0,61.0,0.8851329846191407,True,CALL,2027-12-17,MSTR
MSTR271217C00145000,145.0,63.8,60.1,64.1,6.0,22.0,0.8749402154541015,False,CALL,2027-12-17,MSTR
MSTR271217C00150000,150.0,60.85,57.4,62.6,42.0,169.0,0.8629164099121094,False,CALL,2027-12-17,MSTR
MSTR271217C00155000,155.0,59.5,56.9,59.75,3.0,33.0,0.8569045071411132,False,CALL,2027-12-17,MSTR
MSTR271217C00160000,160.0,57.23,54.0,58.7,12.0,60.0,0.8460708752441406,False,CALL,2027-12-17,MSTR
MSTR271217C00165000,165.0,69.84,53.25,57.25,1.0,38.0,0.8474746697998046,False,CALL,2027-12-17,MSTR
MSTR271217C00170000,170.0,68.5,51.95,55.75,1.0,110.0,0.8440262179565429,False,CALL,2027-12-17,MSTR
MSTR271217C00175000,175.0,55.55,51.95,55.75,1.0,150.0,0.8598036480712892,False,CALL,2027-12-17,MSTR
MSTR271217C00180000,180.0,53.92,51.0,52.95,42.0,187.0,0.848634326171875,False,CALL,2027-12-17,MSTR
MSTR271217P00100000,100.0,29.4,27.8,30.5,14.0,1414.0,0.7453638745117188,False,PUT,2027-12-17,MSTR
MSTR271217P00105000,105.0,32.34,32.1,34.2,1.0,249.0,0.7649254464721681,False,PUT,2027-12-17,MSTR
MSTR271217P00110000,110.0,33.23,34.85,38.1,1.0,315.0,0.7699607965087891,False,PUT,2027-12-17,MSTR
MSTR271217P00115000,115.0,31.65,35.85,39.15,1.0,119.0,0.7348048980712891,False,PUT,2027-12-17,MSTR
MSTR271217P00120000,120.0,35.07,40.25,43.85,1.0,384.0,0.7576318182373047,False,PUT,2027-12-17,MSTR
MSTR271217P00125000,125.0,43.1,41.25,46.8,1.0,370.0,0.7373378317260743,False,PUT,2027-12-17,MSTR
MSTR271217P00130000,130.0,44.95,46.05,49.6,1.0,205.0,0.7450587017822266,False,PUT,2027-12-17,MSTR
MSTR271217P00135000,135.0,45.5,48.6,51.65,1.0,298.0,0.7287929953002931,False,PUT,2027-12-17,MSTR
MSTR271217P00140000,140.0,52.09,51.8,56.3,2.0,76.0,0.7362392098999023,False,PUT,2027-12-17,MSTR
MSTR271217P00145000,145.0,55.88,53.5,59.25,1.0,79.0,0.7193021234130859,True,PUT,2027-12-17,MSTR
MSTR271217P00150000,150.0,57.82,58.1,62.3,12.0,561.0,0.7234219552612304,True,PUT,2027-12-17,MSTR
MSTR271217P00155000,155.0,61.29,61.4,64.0,11.0,163.0,0.7080412496948242,True,PUT,2027-12-17,MSTR
MSTR271217P00160000,160.0,59.5,64.7,69.05,2.0,111.0,0.7155179815673829,True,PUT,2027-12-17,MSTR
MSTR271217P00165000,165.0,67.71,68.9,72.45,2.0,111.0,0.7169522933959961,True,PUT,2027-12-17,MSTR
MSTR271217P00170000,170.0,71.33,71.35,74.7,3.0,200.0,0.6980010668945313,True,PUT,2027-12-17,MSTR
MSTR271217P00175000,175.0,74.61,75.35,79.5,3.0,185.0,0.7063017651367188,True,PUT,2027-12-17,MSTR
MSTR271217P00180000,180.0,77.53,78.4,81.8,3.0,84.0,0.6908905422973634,True,PUT,2027-12-17,MSTR
MSTR280121C00100000,100.0,79.86,78.0,80.15,89.0,853.0,0.9063730065917968,True,CALL,2028-01-21,MSTR
MSTR280121C00105000,105.0,78.0,76.3,80.15,2.0,22.0,0.9227912994384766,True,CALL,2028-01-21,MSTR
MSTR280121C00110000,110.0,77.1,74.15,75.95,1.0,67.0,0.8953257537841794,True,CALL,2028-01-21,MSTR
MSTR280121C00115000,115.0,74.65,70.4,74.35,150.0,197.0,0.8771679763793946,True,CALL,2028-01-21,MSTR
MSTR280121C00120000,120.0,73.0,68.55,73.65,6.0,116.0,0.88241694732666,True,CALL,2028-01-21,MSTR
MSTR280121C00125000,125.0,70.1,66.25,71.1,8.0,236.0,0.8676771044921875,True,CALL,2028-01-21,MSTR
MSTR280121C00130000,130.0,67.97,65.15,68.45,41.0,200.0,0.8614820980834962,True,CALL,2028-01-21,MSTR
MSTR280121C00135000,135.0,70.68,65.0,67.0,1.0,183.0,0.8714612463378906,True,CALL,2028-01-21,MSTR
MSTR280121C00140000,140.0,64.48,61.7,65.15,81.0,267.0,0.8531508825683594,True,CALL,2028-01-21,MSTR
MSTR280121C00145000,145.0,65.25,61.7,64.9,2.0,33.0,0.871522280883789,False,CALL,2028-01-21,MSTR
MSTR280121C00150000,150.0,61.0,60.3,63.05,141.0,843.0,0.8664411549377442,False,CALL,2028-01-21,MSTR
MSTR280121C00155000,155.0,59.95,59.2,61.15,55.0,199.0,0.8627027890014648,False,CALL,2028-01-21,MSTR
MSTR280121C00160000,160.0,60.45,57.6,59.15,58.0,484.0,0.8541732112121583,False,CALL,2028-01-21,MSTR
MSTR280121C00165000,165.0,60.0,56.5,58.2,6.0,321.0,0.8562636444091796,False,CALL,2028-01-21,MSTR
MSTR280121C00170000,170.0,56.03,54.1,56.7,20.0,291.0,0.8448501843261718,False,CALL,2028-01-21,MSTR
MSTR280121C00175000,175.0,57.25,54.0,55.3,9.0,523.0,0.8497634652709961,False,CALL,2028-01-21,MSTR
MSTR280121C00180000,180.0,54.8,50.4,55.05,113.0,1109.0,0.838044832458496,False,CALL,2028-01-21,MSTR
MSTR280121P00100000,100.0,31.15,30.05,31.6,13.0,2085.0,0.7575402664184571,False,PUT,2028-01-21,MSTR
MSTR280121P00105000,105.0,33.41,32.9,34.2,1.0,188.0,0.753206813659668,False,PUT,2028-01-21,MSTR
MSTR280121P00110000,110.0,36.0,35.75,36.9,1.0,249.0,0.7485681881713868,False,PUT,2028-01-21,MSTR
MSTR280121P00115000,115.0,38.53,38.6,39.75,31.0,74.0,0.7441126663208008,False,PUT,2028-01-21,MSTR
MSTR280121P00120000,120.0,37.45,41.25,42.6,100.0,628.0,0.7370936935424804,False,PUT,2028-01-21,MSTR
MSTR280121P00125000,125.0,44.71,43.05,45.5,3.0,83.0,0.7231167825317383,False,PUT,2028-01-21,MSTR
MSTR280121P00130000,130.0,43.21,46.65,50.95,202.0,393.0,0.7415797326660156,False,PUT,2028-01-21,MSTR
MSTR280121P00135000,135.0,50.51,49.6,54.05,3.0,395.0,0.7360255889892577,False,PUT,2028-01-21,MSTR
MSTR280121P00140000,140.0,54.15,52.65,54.5,22.0,173.0,0.7113676324462892,False,PUT,2028-01-21,MSTR
MSTR280121P00145000,145.0,56.35,56.2,60.25,8.0,85.0,0.7279079943847657,True,PUT,2028-01-21,MSTR
MSTR280121P00150000,150.0,60.41,59.6,61.45,69.0,798.0,0.710238493347168,True,PUT,2028-01-21,MSTR
MSTR280121P00155000,155.0,62.27,63.1,65.0,15.0,148.0,0.7092161647033692,True,PUT,2028-01-21,MSTR
MSTR280121P00160000,160.0,65.65,65.55,67.95,13.0,408.0,0.6962920996093751,True,PUT,2028-01-21,MSTR
MSTR280121P00165000,165.0,69.06,69.95,73.7,7.0,387.0,0.7148466015625,True,PUT,2028-01-21,MSTR
MSTR280121P00170000,170.0,72.84,72.75,77.25,11.0,643.0,0.7070952142333984,True,PUT,2028-01-21,MSTR
MSTR280121P00175000,175.0,77.52,76.25,79.6,1.0,127.0,0.6955902023315431,True,PUT,2028-01-21,MSTR
MSTR280121P00180000,180.0,74.1,79.85,83.0,2.0,691.0,0.6912109736633303,True,PUT,2028-01-21,MSTR
MSTR280616C00100000,100.0,83.0,82.75,84.95,44.0,76.0,0.9108590457153319,True,CALL,2028-06-16,MSTR
MSTR280616C00110000,110.0,81.15,79.35,81.05,1.0,3.0,0.9014902429199219,True,CALL,2028-06-16,MSTR
MSTR280616C00115000,115.0,93.4,75.95,81.85,1.0,3.0,0.9043893838500977,True,CALL,2028-06-16,MSTR
MSTR280616C00120000,120.0,77.5,75.95,77.65,7.0,9.0,0.8934947174072265,True,CALL,2028-06-16,MSTR
MSTR280616C00125000,125.0,76.63,72.45,76.2,96.0,51.0,0.8765576309204101,True,CALL,2028-06-16,MSTR
MSTR280616C00130000,130.0,74.0,72.35,74.25,12.0,6.0,0.8816540155029295,True,CALL,2028-06-16,MSTR
MSTR280616C00135000,135.0,74.37,71.5,72.85,2.0,13.0,0.88437005279541,True,CALL,2028-06-16,MSTR
MSTR280616C00140000,140.0,70.9,70.0,71.45,56.0,45.0,0.8815929809570311,True,CALL,2028-06-16,MSTR
MSTR280616C00145000,145.0,69.65,69.0,69.75,140.0,11.0,0.8797314273071287,False,CALL,2028-06-16,MSTR
MSTR280616C00150000,150.0,69.0,67.5,69.5,52.0,86.0,0.8841259146118164,False,CALL,2028-06-16,MSTR
MSTR280616C00155000,155.0,66.7,63.7,68.75,56.0,221.0,0.8684095190429688,False,CALL,2028-06-16,MSTR
MSTR280616C00160000,160.0,65.45,64.5,65.9,13.0,295.0,0.8697217617797851,False,CALL,2028-06-16,MSTR
MSTR280616C00165000,165.0,65.24,63.0,65.3,59.0,381.0,0.870240555419922,False,CALL,2028-06-16,MSTR
MSTR280616C00170000,170.0,65.0,61.05,63.95,15.0,55.0,0.8623060644531251,False,CALL,2028-06-16,MSTR
MSTR280616C00175000,175.0,62.74,60.5,63.3,2.0,87.0,0.8679517599487304,False,CALL,2028-06-16,MSTR
MSTR280616C00180000,180.0,62.48,59.15,61.0,7.0,89.0,0.8571486453247069,False,CALL,2028-06-16,MSTR
MSTR280616P00100000,100.0,33.87,32.65,35.0,11.0,93.0,0.7408473181152342,False,PUT,2028-06-16,MSTR
MSTR280616P00105000,105.0,33.95,35.3,37.85,1.0,19.0,0.7354152435302734,False,PUT,2028-06-16,MSTR
MSTR280616P00110000,110.0,38.8,38.55,41.9,2.0,5.0,0.7432581826782226,False,PUT,2028-06-16,MSTR
MSTR280616P00115000,115.0,41.22,42.5,45.3,1.0,22.0,0.7498804309082032,False,PUT,2028-06-16,MSTR
MSTR280616P00120000,120.0,42.5,44.75,47.8,1.0,2.0,0.7357509335327149,False,PUT,2028-06-16,MSTR
MSTR280616P00125000,125.0,45.63,48.45,50.1,2.0,8.0,0.7304714453125,False,PUT,2028-06-16,MSTR
MSTR280616P00130000,130.0,52.45,52.45,54.85,4.0,16.0,0.7440211145019531,False,PUT,2028-06-16,MSTR
MSTR280616P00135000,135.0,54.64,54.05,56.15,2.0,28.0,0.7156553092956541,False,PUT,2028-06-16,MSTR
MSTR280616P00140000,140.0,58.75,58.0,61.15,99.0,17.0,0.7286404089355469,False,PUT,2028-06-16,MSTR
MSTR280616P00145000,145.0,60.87,59.9,62.5,7.0,50.0,0.7025786578369142,True,PUT,2028-06-16,MSTR
MSTR280616P00150000,150.0,64.7,61.6,67.85,22.0,42.0,0.7014800360107423,True,PUT,2028-06-16,MSTR
MSTR280616P00155000,155.0,67.2,62.75,69.3,17.0,37.0,0.671451039428711,True,PUT,2028-06-16,MSTR
MSTR280616P00160000,160.0,70.04,68.05,72.5,9.0,123.0,0.6786225985717774,True,PUT,2028-06-16,MSTR
MSTR280616P00165000,165.0,74.6,72.6,78.7,1.0,117.0,0.699069171447754,True,PUT,2028-06-16,MSTR
MSTR280616P00170000,170.0,72.81,76.5,80.35,2.0,55.0,0.6864807963562012,True,PUT,2028-06-16,MSTR
MSTR280616P00175000,175.0,75.6,80.35,84.15,1.0,17.0,0.6864350204467774,True,PUT,2028-06-16,MSTR
MSTR280616P00180000,180.0,80.95,83.7,87.85,1.0,11.0,0.6822846713256837,True,PUT,2028-06-16,MSTR
MU260130C00305000,305.0,129.76,126.75,130.2,7.0,205.0,2.253910615234375,True,CALL,2026-01-30,MU
MU260130C00307500,307.5,117.6,123.9,127.8,1.0,2.0,2.0898485253906243,True,CALL,2026-01-30,MU
MU260130C00310000,310.0,120.5,121.75,125.2,45.0,1290.0,2.162113969726563,True,CALL,2026-01-30,MU
MU260130C00312500,312.5,120.87,119.35,123.1,2.0,3.0,2.2871136572265627,True,CALL,2026-01-30,MU
MU260130C00315000,315.0,107.9,116.75,120.2,60.0,239.0,2.0712938842773436,True,CALL,2026-01-30,MU
MU260130C00317500,317.5,112.6,114.1,117.8,3.0,42.0,2.0058643603515627,True,CALL,2026-01-30,MU
MU260130C00320000,320.0,116.93,111.4,115.25,11.0,772.0,1.8476570117187499,True,CALL,2026-01-30,MU
MU260130C00322500,322.5,110.2,109.35,112.75,2.0,15.0,1.9902344238281249,True,CALL,2026-01-30,MU
MU260130C00325000,325.0,109.17,107.2,110.75,8.0,278.0,2.1718795703125,True,CALL,2026-01-30,MU
MU260130C00327500,327.5,109.8,104.35,108.25,1.0,22.0,2.0410205224609372,True,CALL,2026-01-30,MU
MU260130C00330000,330.0,104.17,101.65,105.3,39.0,673.0,1.8046884765624998,True,CALL,2026-01-30,MU
MU260130C00332500,332.5,105.19,99.4,103.2,16.0,813.0,1.9462893310546878,True,CALL,2026-01-30,MU
MU260130C00335000,335.0,93.0,96.7,100.25,11.0,732.0,1.7177748486328124,True,CALL,2026-01-30,MU
MU260130C00337500,337.5,90.73,94.1,97.8,2.0,272.0,1.6582048339843751,True,CALL,2026-01-30,MU
MU260130C00340000,340.0,88.32,92.55,95.25,44.0,729.0,1.8505866845703123,True,CALL,2026-01-30,MU
MU260130C00342500,342.5,92.0,89.15,92.9,4.0,546.0,1.6201190869140625,True,CALL,2026-01-30,MU
MU260130C00345000,345.0,89.26,88.25,90.3,26.0,362.0,1.892578662109375,True,CALL,2026-01-30,MU
MU260130C00347500,347.5,86.45,84.25,87.8,4.0,303.0,1.5341820166015623,True,CALL,2026-01-30,MU
MU260130C00350000,350.0,87.5,82.4,85.35,39.0,720.0,1.654298603515625,True,CALL,2026-01-30,MU
MU260130C00352500,352.5,69.12,79.25,82.85,11.0,400.0,1.4628933105468749,True,CALL,2026-01-30,MU
MU260130C00355000,355.0,81.82,77.0,79.9,3.0,825.0,1.3642609912109376,True,CALL,2026-01-30,MU
MU260130C00357500,357.5,79.23,75.05,78.25,10.0,38.0,1.6098652319335938,True,CALL,2026-01-30,MU
MU260130C00360000,360.0,76.87,73.25,74.75,63.0,938.0,1.5141625854492187,True,CALL,2026-01-30,MU
MU260130C00362500,362.5,71.88,69.55,72.45,1.0,75.0,1.2675817871093749,True,CALL,2026-01-30,MU
MU260130C00365000,365.0,70.0,66.75,69.85,19.0,1019.0,1.1044966650390626,True,CALL,2026-01-30,MU
MU260130C00367500,367.5,64.52,64.6,67.4,2.0,25.0,1.1845743896484375,True,CALL,2026-01-30,MU
MU260130C00370000,370.0,62.98,62.0,64.9,68.0,1309.0,1.1181684716796876,True,CALL,2026-01-30,MU
MU260130C00372500,372.5,59.61,60.15,63.3,2.0,254.0,1.3461946752929683,True,CALL,2026-01-30,MU
MU260130C00375000,375.0,62.3,58.3,59.8,67.0,1505.0,1.2514685864257813,True,CALL,2026-01-30,MU
MU260130C00377500,377.5,52.53,55.35,58.35,26.0,157.0,1.2817418725585936,True,CALL,2026-01-30,MU
MU260130C00380000,380.0,57.35,52.45,55.5,187.0,1974.0,1.138676181640625,True,CALL,2026-01-30,MU
MU260130C00382500,382.5,50.05,50.35,53.4,30.0,316.0,1.1909220141601562,True,CALL,2026-01-30,MU
MU260130C00385000,385.0,48.45,47.9,50.9,109.0,1482.0,1.147953479003906,True,CALL,2026-01-30,MU
MU260130C00387500,387.5,43.0,44.9,48.15,39.0,923.0,1.0141650854492186,True,CALL,2026-01-30,MU
MU260130C00390000,390.0,46.83,42.4,45.65,350.0,1866.0,0.9682620361328125,True,CALL,2026-01-30,MU
MU260130C00392500,392.5,44.32,41.45,43.45,69.0,750.0,1.1025435498046878,True,CALL,2026-01-30,MU
MU260130C00395000,395.0,43.0,38.05,40.3,168.0,923.0,0.9082040429687499,True,CALL,2026-01-30,MU
MU260130C00397500,397.5,38.05,35.95,38.3,123.0,1078.0,0.9443364941406249,True,CALL,2026-01-30,MU
MU260130C00400000,400.0,35.51,33.45,35.1,1785.0,4846.0,0.8317887915039062,True,CALL,2026-01-30,MU
MU260130C00402500,402.5,35.03,30.95,33.5,60.0,622.0,0.8586439916992188,True,CALL,2026-01-30,MU
MU260130C00405000,405.0,33.0,28.7,30.3,585.0,2025.0,0.77148666015625,True,CALL,2026-01-30,MU
MU260130C00407500,407.5,27.7,27.25,29.0,61.0,744.0,0.8754895263671875,True,CALL,2026-01-30,MU
MU260130C00410000,410.0,25.7,24.45,26.2,1344.0,2320.0,0.7810080493164062,True,CALL,2026-01-30,MU
MU260130C00412500,412.5,23.0,22.4,23.7,103.0,1159.0,0.7509790527343749,True,CALL,2026-01-30,MU
MU260130C00415000,415.0,24.07,19.9,21.6,710.0,1858.0,0.7146024633789063,True,CALL,2026-01-30,MU
MU260130C00417500,417.5,21.7,18.7,19.7,367.0,1030.0,0.7509790527343749,True,CALL,2026-01-30,MU
MU260130C00420000,420.0,17.3,16.15,16.65,3224.0,3431.0,0.6560092993164064,True,CALL,2026-01-30,MU
MU260130C00422500,422.5,18.0,14.45,15.9,397.0,309.0,0.7045927978515626,True,CALL,2026-01-30,MU
MU260130C00425000,425.0,14.05,12.85,13.8,4521.0,3385.0,0.6860382958984376,True,CALL,2026-01-30,MU
MU260130C00427500,427.5,11.9,11.6,12.6,1147.0,539.0,0.7110624597167969,True,CALL,2026-01-30,MU
MU260130C00430000,430.0,10.22,9.75,10.5,6767.0,3293.0,0.6665072412109377,True,CALL,2026-01-30,MU
MU260130C00432500,432.5,8.9,8.6,9.4,5966.0,1588.0,0.6811555322265627,True,CALL,2026-01-30,MU
MU260130C00435000,435.0,7.64,7.55,7.85,7832.0,3035.0,0.6728548339843752,False,CALL,2026-01-30,MU
MU260130C00437500,437.5,6.73,6.15,6.65,2651.0,529.0,0.6553989538574221,False,CALL,2026-01-30,MU
MU260130C00440000,440.0,5.45,5.15,5.7,14789.0,3646.0,0.6544224011230471,False,CALL,2026-01-30,MU
MU260130C00442500,442.5,4.67,4.5,5.1,2737.0,685.0,0.6738313867187502,False,CALL,2026-01-30,MU
MU260130C00445000,445.0,3.95,3.75,4.3,11150.0,1468.0,0.6724886267089845,False,CALL,2026-01-30,MU
MU260130C00447500,447.5,3.45,3.05,3.5,1431.0,312.0,0.664309997558594,False,CALL,2026-01-30,MU
MU260130C00450000,450.0,2.56,2.56,2.74,32186.0,6042.0,0.6584506811523438,False,CALL,2026-01-30,MU
MU260130C00452500,452.5,2.18,2.12,2.38,847.0,667.0,0.6677279321289065,False,CALL,2026-01-30,MU
MU260130C00455000,455.0,1.79,1.68,1.9,2312.0,816.0,0.6623568920898439,False,CALL,2026-01-30,MU
MU260130C00457500,457.5,1.64,1.48,1.66,564.0,688.0,0.6801789794921876,False,CALL,2026-01-30,MU
MU260130C00460000,460.0,1.32,1.16,1.33,7116.0,3063.0,0.676761044921875,False,CALL,2026-01-30,MU
MU260130C00462500,462.5,1.18,1.0,1.1,560.0,255.0,0.6865265722656251,False,CALL,2026-01-30,MU
MU260130C00465000,465.0,0.87,0.8,0.95,1526.0,1747.0,0.6938507177734375,False,CALL,2026-01-30,MU
MU260130C00467500,467.5,0.86,0.6,0.72,460.0,585.0,0.6860382958984376,False,CALL,2026-01-30,MU
MU260130C00470000,470.0,0.64,0.6,0.69,3968.0,3622.0,0.7187528125,False,CALL,2026-01-30,MU
MU260130C00472500,472.5,0.59,0.44,0.6,266.0,515.0,0.7211941943359376,False,CALL,2026-01-30,MU
MU260130C00475000,475.0,0.5,0.41,0.57,2340.0,1513.0,0.7460962890625,False,CALL,2026-01-30,MU
MU260130C00477500,477.5,0.39,0.18,0.59,663.0,398.0,0.745119736328125,False,CALL,2026-01-30,MU
MU260130C00480000,480.0,0.33,0.25,0.38,2303.0,2665.0,0.7495142236328125,False,CALL,2026-01-30,MU
MU260130C00482500,482.5,0.33,0.2,0.41,175.0,286.0,0.7763694238281251,False,CALL,2026-01-30,MU
MU260130C00485000,485.0,0.24,0.16,0.29,655.0,574.0,0.7675804492187501,False,CALL,2026-01-30,MU
MU260130C00487500,487.5,0.25,0.14,0.35,319.0,420.0,0.80664255859375,False,CALL,2026-01-30,MU
MU260130C00490000,490.0,0.16,0.12,0.21,1624.0,1159.0,0.78711150390625,False,CALL,2026-01-30,MU
MU260130C00500000,500.0,0.12,0.1,0.12,5240.0,3941.0,0.8476577734374999,False,CALL,2026-01-30,MU
MU260130C00510000,510.0,0.04,0.04,0.08,264.0,967.0,0.8808605664062499,False,CALL,2026-01-30,MU
MU260130C00520000,520.0,0.03,0.03,0.03,306.0,1334.0,0.9062509375,False,CALL,2026-01-30,MU
MU260130C00530000,530.0,0.03,0.02,0.04,248.0,577.0,0.98437515625,False,CALL,2026-01-30,MU
MU260130C00540000,540.0,0.01,0.0,0.04,93.0,432.0,1.0312548437500002,False,CALL,2026-01-30,MU
MU260130C00550000,550.0,0.01,0.0,0.01,158.0,297.0,0.98437515625,False,CALL,2026-01-30,MU
MU260130C00560000,560.0,0.02,0.0,1.0,2.0,261.0,1.716798291015625,False,CALL,2026-01-30,MU
MU260130P00305000,305.0,0.05,0.02,0.07,123.0,1423.0,1.734376328125,False,PUT,2026-01-30,MU
MU260130P00307500,307.5,0.06,0.0,0.1,26.0,447.0,1.71875140625,False,PUT,2026-01-30,MU
MU260130P00310000,310.0,0.06,0.04,0.1,357.0,2116.0,1.7421887890624999,False,PUT,2026-01-30,MU
MU260130P00312500,312.5,0.05,0.0,0.08,11.0,3254.0,1.609376953125,False,PUT,2026-01-30,MU
MU260130P00315000,315.0,0.07,0.02,0.05,304.0,3616.0,1.5468772656249998,False,PUT,2026-01-30,MU
MU260130P00317500,317.5,0.1,0.0,0.11,61.0,574.0,1.5859395703124997,False,PUT,2026-01-30,MU
MU260130P00320000,320.0,0.06,0.03,0.08,152.0,2931.0,1.5468772656249998,False,PUT,2026-01-30,MU
MU260130P00322500,322.5,0.08,0.01,0.07,19.0,2281.0,1.4609401953124999,False,PUT,2026-01-30,MU
MU260130P00325000,325.0,0.18,0.05,0.08,109.0,1899.0,1.50390873046875,False,PUT,2026-01-30,MU
MU260130P00327500,327.5,0.18,0.07,0.1,63.0,2648.0,1.51172119140625,False,PUT,2026-01-30,MU
MU260130P00330000,330.0,0.07,0.07,0.09,272.0,5368.0,1.46484642578125,False,PUT,2026-01-30,MU
MU260130P00332500,332.5,0.1,0.06,0.11,79.0,909.0,1.4375028125,False,PUT,2026-01-30,MU
MU260130P00335000,335.0,0.1,0.06,0.1,263.0,2184.0,1.3906280468749999,False,PUT,2026-01-30,MU
MU260130P00337500,337.5,0.08,0.06,0.14,104.0,1256.0,1.3906280468749999,False,PUT,2026-01-30,MU
MU260130P00340000,340.0,0.06,0.05,0.11,253.0,7184.0,1.3203158984374999,False,PUT,2026-01-30,MU
MU260130P00342500,342.5,0.1,0.1,0.13,447.0,20586.0,1.3398470507812497,False,PUT,2026-01-30,MU
MU260130P00345000,345.0,0.15,0.1,0.13,489.0,6226.0,1.3027378613281246,False,PUT,2026-01-30,MU
MU260130P00347500,347.5,0.13,0.08,0.2,133.0,782.0,1.2988316308593748,False,PUT,2026-01-30,MU
MU260130P00350000,350.0,0.14,0.12,0.14,1241.0,4446.0,1.2480506347656248,False,PUT,2026-01-30,MU
MU260130P00352500,352.5,0.15,0.09,0.16,526.0,970.0,1.205082099609375,False,PUT,2026-01-30,MU
MU260130P00355000,355.0,0.16,0.09,0.2,970.0,1556.0,1.19141029296875,False,PUT,2026-01-30,MU
MU260130P00357500,357.5,0.29,0.12,0.3,82.0,526.0,1.2158242333984375,False,PUT,2026-01-30,MU
MU260130P00360000,360.0,0.18,0.15,0.2,1708.0,3901.0,1.1464886425781249,False,PUT,2026-01-30,MU
MU260130P00362500,362.5,0.2,0.16,0.22,174.0,538.0,1.123051259765625,False,PUT,2026-01-30,MU
MU260130P00365000,365.0,0.25,0.21,0.25,1267.0,2045.0,1.115238798828125,False,PUT,2026-01-30,MU
MU260130P00367500,367.5,0.24,0.2,0.29,478.0,522.0,1.087895185546875,False,PUT,2026-01-30,MU
MU260130P00370000,370.0,0.27,0.17,0.29,1064.0,4527.0,1.0390673046875003,False,PUT,2026-01-30,MU
MU260130P00372500,372.5,0.3,0.23,0.33,833.0,8669.0,1.0322314013671878,False,PUT,2026-01-30,MU
MU260130P00375000,375.0,0.33,0.32,0.34,857.0,2540.0,1.0205127099609377,False,PUT,2026-01-30,MU
MU260130P00377500,377.5,0.35,0.31,0.37,402.0,788.0,0.9853517089843751,False,PUT,2026-01-30,MU
MU260130P00380000,380.0,0.37,0.35,0.46,3423.0,3300.0,0.97460962890625,False,PUT,2026-01-30,MU
MU260130P00382500,382.5,0.45,0.38,0.48,312.0,720.0,0.9443364941406249,False,PUT,2026-01-30,MU
MU260130P00385000,385.0,0.47,0.44,0.5,1871.0,2192.0,0.9184578466796876,False,PUT,2026-01-30,MU
MU260130P00387500,387.5,0.54,0.5,0.59,328.0,794.0,0.9023447265625,False,PUT,2026-01-30,MU
MU260130P00390000,390.0,0.6,0.55,0.7,4954.0,4602.0,0.88476677734375,False,PUT,2026-01-30,MU
MU260130P00392500,392.5,0.65,0.6,0.74,333.0,1179.0,0.8540053662109376,False,PUT,2026-01-30,MU
MU260130P00395000,395.0,0.76,0.72,0.79,1377.0,1657.0,0.8320329296874999,False,PUT,2026-01-30,MU
MU260130P00397500,397.5,0.86,0.81,1.0,455.0,706.0,0.8215349877929687,False,PUT,2026-01-30,MU
MU260130P00400000,400.0,0.96,0.96,1.07,8879.0,4811.0,0.797853583984375,False,PUT,2026-01-30,MU
MU260130P00402500,402.5,1.13,1.03,1.17,1605.0,950.0,0.7666038964843751,False,PUT,2026-01-30,MU
MU260130P00405000,405.0,1.3,1.25,1.42,1394.0,2897.0,0.7585473364257813,False,PUT,2026-01-30,MU
MU260130P00407500,407.5,1.48,1.46,1.67,731.0,671.0,0.7434107690429688,False,PUT,2026-01-30,MU
MU260130P00410000,410.0,1.68,1.69,1.83,6444.0,2603.0,0.7180203979492188,False,PUT,2026-01-30,MU
MU260130P00412500,412.5,1.88,1.99,2.14,927.0,996.0,0.7026396923828125,False,PUT,2026-01-30,MU
MU260130P00415000,415.0,2.54,2.39,2.57,2407.0,2627.0,0.6938507177734375,False,PUT,2026-01-30,MU
MU260130P00417500,417.5,2.76,2.84,3.1,1200.0,1055.0,0.6857941577148439,False,PUT,2026-01-30,MU
MU260130P00420000,420.0,3.52,3.4,3.65,5446.0,2165.0,0.6762727685546877,False,PUT,2026-01-30,MU
MU260130P00422500,422.5,4.05,3.9,4.25,1261.0,539.0,0.6584506811523438,False,PUT,2026-01-30,MU
MU260130P00425000,425.0,4.46,4.7,4.85,4337.0,2118.0,0.64648791015625,False,PUT,2026-01-30,MU
MU260130P00427500,427.5,5.7,5.35,5.9,886.0,445.0,0.6385534191894531,False,PUT,2026-01-30,MU
MU260130P00430000,430.0,6.69,6.45,7.05,5931.0,3474.0,0.6435582519531251,False,PUT,2026-01-30,MU
MU260130P00432500,432.5,7.99,7.45,8.05,1630.0,1025.0,0.6290320300292969,False,PUT,2026-01-30,MU
MU260130P00435000,435.0,8.48,8.9,9.5,2553.0,1299.0,0.6403844555664062,True,PUT,2026-01-30,MU
MU260130P00437500,437.5,10.25,9.75,11.2,1587.0,1008.0,0.6284216845703126,True,PUT,2026-01-30,MU
MU260130P00440000,440.0,11.05,11.4,12.65,2503.0,1249.0,0.6285437536621095,True,PUT,2026-01-30,MU
MU260130P00442500,442.5,11.35,12.8,14.0,530.0,73.0,0.6038857971191409,True,PUT,2026-01-30,MU
MU260130P00447500,447.5,14.45,16.6,18.1,13.0,34.0,0.6313513427734375,True,PUT,2026-01-30,MU
MU260130P00450000,450.0,18.35,18.6,20.35,1480.0,571.0,0.6489292919921875,True,PUT,2026-01-30,MU
MU260130P00452500,452.5,18.45,20.3,21.5,3.0,18.0,0.5754436987304687,True,PUT,2026-01-30,MU
MU260130P00455000,455.0,20.05,22.6,24.45,10.0,22.0,0.6391637646484375,True,PUT,2026-01-30,MU
MU260130P00460000,460.0,31.31,25.6,28.25,575.0,58.0,0.6906769213867189,True,PUT,2026-01-30,MU
MU260130P00462500,462.5,40.0,27.9,30.35,21.0,6.0,0.6660189648437502,True,PUT,2026-01-30,MU
MU260130P00465000,465.0,30.35,30.15,33.1,1.0,8.0,0.7507349145507812,True,PUT,2026-01-30,MU
MU260130P00467500,467.5,36.75,32.95,35.95,1.0,2.0,0.84961087890625,True,PUT,2026-01-30,MU
MU260130P00470000,470.0,38.85,34.9,37.75,1.0,20.0,0.7622094091796876,True,PUT,2026-01-30,MU
MU260130P00475000,475.0,41.5,39.8,43.7,136.0,4.0,1.0129443884277345,True,PUT,2026-01-30,MU
MU260130P00480000,480.0,46.5,45.1,48.55,2.0,9.0,1.0678757543945316,True,PUT,2026-01-30,MU
MU260130P00482500,482.5,95.0,47.45,51.0,1.0,6.0,1.0976607617187502,True,PUT,2026-01-30,MU
MU260130P00500000,500.0,65.0,64.55,68.35,3.0,1.0,1.3222690136718749,True,PUT,2026-01-30,MU
MU260130P00510000,510.0,139.35,74.8,78.7,,0.0,1.5332054589843749,True,PUT,2026-01-30,MU
MU260130P00530000,530.0,100.06,94.9,98.5,11.0,10.0,1.75000125,True,PUT,2026-01-30,MU
MU260206C00305000,305.0,132.46,127.4,130.8,3.0,77.0,1.2421912890624998,True,CALL,2026-02-06,MU
MU260206C00310000,310.0,115.62,122.7,126.45,5.0,400.0,1.2841832666015622,True,CALL,2026-02-06,MU
MU260206C00312500,312.5,100.4,120.1,123.45,1.0,12.0,1.2041055419921873,True,CALL,2026-02-06,MU
MU260206C00315000,315.0,119.8,117.7,121.0,60.0,329.0,1.193363408203125,True,CALL,2026-02-06,MU
MU260206C00317500,317.5,115.69,115.0,118.5,5.0,6.0,1.1499065942382813,True,CALL,2026-02-06,MU
MU260206C00320000,320.0,113.82,113.1,116.6,7.0,455.0,1.224613251953125,True,CALL,2026-02-06,MU
MU260206C00325000,325.0,110.01,107.85,111.15,4.0,220.0,1.1196333081054686,True,CALL,2026-02-06,MU
MU260206C00330000,330.0,95.25,103.3,106.8,6.0,189.0,1.1491741760253906,True,CALL,2026-02-06,MU
MU260206C00332500,332.5,102.09,100.35,103.9,13.0,22.0,1.0649460815429688,True,CALL,2026-02-06,MU
MU260206C00335000,335.0,99.35,97.8,101.4,17.0,191.0,1.0366259106445317,True,CALL,2026-02-06,MU
MU260206C00337500,337.5,91.25,95.95,99.4,6.0,21.0,1.0876510461425783,True,CALL,2026-02-06,MU
MU260206C00340000,340.0,91.16,93.3,96.55,3.0,302.0,1.0310107043457033,True,CALL,2026-02-06,MU
MU260206C00342500,342.5,90.82,90.7,94.25,18.0,36.0,1.0122119702148438,True,CALL,2026-02-06,MU
MU260206C00345000,345.0,85.8,88.35,91.75,19.0,171.0,0.9963379272460937,True,CALL,2026-02-06,MU
MU260206C00347500,347.5,78.57,85.7,89.35,1.0,86.0,0.9682620361328125,True,CALL,2026-02-06,MU
MU260206C00350000,350.0,87.44,83.5,87.05,36.0,2182.0,0.9711916943359374,True,CALL,2026-02-06,MU
MU260206C00352500,352.5,73.19,81.15,84.65,6.0,18.0,0.9589847851562499,True,CALL,2026-02-06,MU
MU260206C00355000,355.0,82.75,78.7,82.2,7.0,524.0,0.9385992468261719,True,CALL,2026-02-06,MU
MU260206C00357500,357.5,68.61,76.4,79.95,3.0,40.0,0.9349371740722656,True,CALL,2026-02-06,MU
MU260206C00360000,360.0,70.0,74.35,77.9,19.0,292.0,0.9497075341796875,True,CALL,2026-02-06,MU
MU260206C00362500,362.5,68.52,72.0,75.2,8.0,140.0,0.920899228515625,True,CALL,2026-02-06,MU
MU260206C00365000,365.0,72.51,70.75,73.35,54.0,677.0,0.9700930725097656,True,CALL,2026-02-06,MU
MU260206C00367500,367.5,70.7,68.55,71.05,12.0,144.0,0.9605716833496092,True,CALL,2026-02-06,MU
MU260206C00370000,370.0,67.0,66.1,68.8,105.0,908.0,0.9429937341308592,True,CALL,2026-02-06,MU
MU260206C00372500,372.5,58.88,63.2,64.65,32.0,100.0,0.8403336279296875,True,CALL,2026-02-06,MU
MU260206C00375000,375.0,63.72,60.8,63.65,10.0,357.0,0.8708509008789063,True,CALL,2026-02-06,MU
MU260206C00377500,377.5,60.85,59.3,60.5,1.0,71.0,0.8544936425781251,True,CALL,2026-02-06,MU
MU260206C00380000,380.0,59.8,56.35,58.4,85.0,2161.0,0.8245867150878905,True,CALL,2026-02-06,MU
MU260206C00382500,382.5,48.52,54.35,56.7,9.0,147.0,0.8371598315429687,True,CALL,2026-02-06,MU
MU260206C00385000,385.0,55.45,52.8,54.35,114.0,530.0,0.8405777661132812,True,CALL,2026-02-06,MU
MU260206C00387500,387.5,48.45,50.35,51.65,3.0,84.0,0.8063984204101562,True,CALL,2026-02-06,MU
MU260206C00390000,390.0,48.5,48.1,50.2,346.0,949.0,0.8126239440917968,True,CALL,2026-02-06,MU
MU260206C00392500,392.5,48.29,45.4,46.95,13.0,281.0,0.7562890582275392,True,CALL,2026-02-06,MU
MU260206C00395000,395.0,47.09,43.2,45.25,86.0,676.0,0.7551294018554688,True,CALL,2026-02-06,MU
MU260206C00397500,397.5,42.15,41.45,44.4,33.0,310.0,0.7842428802490236,True,CALL,2026-02-06,MU
MU260206C00400000,400.0,41.15,40.0,41.85,234.0,3548.0,0.7757590783691408,True,CALL,2026-02-06,MU
MU260206C00402500,402.5,40.05,38.05,39.65,15.0,102.0,0.7624535473632813,True,CALL,2026-02-06,MU
MU260206C00405000,405.0,38.3,35.7,38.6,44.0,885.0,0.764772860107422,True,CALL,2026-02-06,MU
MU260206C00407500,407.5,36.95,33.65,36.45,19.0,284.0,0.7475611181640626,True,CALL,2026-02-06,MU
MU260206C00410000,410.0,35.92,32.95,34.65,622.0,2252.0,0.7652611364746094,True,CALL,2026-02-06,MU
MU260206C00412500,412.5,33.57,31.35,32.65,17.0,240.0,0.7575707836914063,True,CALL,2026-02-06,MU
MU260206C00415000,415.0,30.7,29.1,30.65,508.0,1709.0,0.7351100708007812,True,CALL,2026-02-06,MU
MU260206C00417500,417.5,28.5,26.7,28.95,67.0,198.0,0.7145414288330079,True,CALL,2026-02-06,MU
MU260206C00420000,420.0,27.0,25.85,27.6,758.0,915.0,0.7297390307617188,True,CALL,2026-02-06,MU
MU260206C00422500,422.5,25.1,24.5,26.15,685.0,601.0,0.7310207562255859,True,CALL,2026-02-06,MU
MU260206C00425000,425.0,24.2,23.2,24.15,886.0,762.0,0.720827987060547,True,CALL,2026-02-06,MU
MU260206C00427500,427.5,24.76,21.65,22.55,435.0,203.0,0.7118559088134766,True,CALL,2026-02-06,MU
MU260206C00430000,430.0,21.5,20.65,21.45,1803.0,2260.0,0.7205228143310547,True,CALL,2026-02-06,MU
MU260206C00432500,432.5,19.75,19.45,20.1,892.0,480.0,0.7188748815917969,True,CALL,2026-02-06,MU
MU260206C00435000,435.0,18.57,18.25,18.95,1502.0,786.0,0.7191190197753907,False,CALL,2026-02-06,MU
MU260206C00437500,437.5,17.65,16.85,18.4,657.0,278.0,0.7247952325439453,False,CALL,2026-02-06,MU
MU260206C00440000,440.0,16.4,15.75,16.6,3071.0,932.0,0.7111234942626954,False,CALL,2026-02-06,MU
MU260206C00442500,442.5,17.0,15.0,16.25,341.0,121.0,0.7289455816650392,False,CALL,2026-02-06,MU
MU260206C00445000,445.0,14.36,13.75,14.5,1017.0,588.0,0.7095976306152343,False,CALL,2026-02-06,MU
MU260206C00447500,447.5,14.82,13.0,14.15,175.0,83.0,0.7241238525390624,False,CALL,2026-02-06,MU
MU260206C00450000,450.0,12.4,12.2,12.7,3381.0,2111.0,0.7150907397460937,False,CALL,2026-02-06,MU
MU260206C00452500,452.5,11.7,11.6,12.25,105.0,214.0,0.7274197180175781,False,CALL,2026-02-06,MU
MU260206C00455000,455.0,10.85,10.85,11.45,522.0,752.0,0.7284573052978516,False,CALL,2026-02-06,MU
MU260206C00457500,457.5,10.5,9.85,10.65,141.0,158.0,0.7228421270751952,False,CALL,2026-02-06,MU
MU260206C00460000,460.0,9.3,9.0,9.65,619.0,1330.0,0.7141752215576171,False,CALL,2026-02-06,MU
MU260206C00462500,462.5,9.05,8.5,9.05,39.0,34.0,0.7193021234130859,False,CALL,2026-02-06,MU
MU260206C00465000,465.0,9.03,7.85,8.85,412.0,305.0,0.7283962707519531,False,CALL,2026-02-06,MU
MU260206C00467500,467.5,8.31,7.3,8.2,121.0,46.0,0.72851833984375,False,CALL,2026-02-06,MU
MU260206C00470000,470.0,7.16,6.9,7.5,618.0,623.0,0.7293728234863281,False,CALL,2026-02-06,MU
MU260206C00472500,472.5,6.65,6.35,7.0,113.0,82.0,0.7297390307617188,False,CALL,2026-02-06,MU
MU260206C00475000,475.0,6.81,5.7,6.65,427.0,358.0,0.7298000653076171,False,CALL,2026-02-06,MU
MU260206C00477500,477.5,6.5,5.4,6.25,156.0,155.0,0.7358424853515625,False,CALL,2026-02-06,MU
MU260206C00480000,480.0,5.35,5.1,5.6,994.0,790.0,0.7341335180664061,False,CALL,2026-02-06,MU
MU260206C00482500,482.5,5.6,4.55,5.5,19.0,89.0,0.7390162817382812,False,CALL,2026-02-06,MU
MU260206C00485000,485.0,5.25,4.35,4.9,209.0,532.0,0.7384059362792967,False,CALL,2026-02-06,MU
MU260206C00487500,487.5,4.3,4.0,4.55,95.0,71.0,0.739138350830078,False,CALL,2026-02-06,MU
MU260206C00490000,490.0,4.0,3.9,4.2,284.0,1090.0,0.7460962890625,False,CALL,2026-02-06,MU
MU260206C00492500,492.5,3.77,3.5,4.2,34.0,629.0,0.7537866418457031,False,CALL,2026-02-06,MU
MU260206C00495000,495.0,3.92,3.2,3.8,101.0,305.0,0.7507349145507812,False,CALL,2026-02-06,MU
MU260206C00497500,497.5,3.2,2.78,3.35,31.0,59.0,0.7399928344726561,False,CALL,2026-02-06,MU
MU260206C00500000,500.0,2.9,2.87,3.05,4023.0,3532.0,0.750856983642578,False,CALL,2026-02-06,MU
MU260206C00502500,502.5,3.14,2.71,3.15,30.0,165.0,0.766725965576172,False,CALL,2026-02-06,MU
MU260206C00505000,505.0,2.74,2.27,2.71,180.0,35.0,0.7507349145507812,False,CALL,2026-02-06,MU
MU260206C00507500,507.5,2.45,2.22,2.57,14.0,22.0,0.7601342346191409,False,CALL,2026-02-06,MU
MU260206C00510000,510.0,2.29,2.14,2.41,104.0,1549.0,0.7669701037597658,False,CALL,2026-02-06,MU
MU260206C00512500,512.5,2.1,1.72,2.29,13.0,45.0,0.7595238891601563,False,CALL,2026-02-06,MU
MU260206C00515000,515.0,1.99,1.65,2.13,89.0,159.0,0.764772860107422,False,CALL,2026-02-06,MU
MU260206C00520000,520.0,1.72,1.5,1.81,220.0,1754.0,0.772463212890625,False,CALL,2026-02-06,MU
MU260206C00530000,530.0,1.25,1.07,1.35,101.0,208.0,0.7795432202148438,False,CALL,2026-02-06,MU
MU260206C00540000,540.0,0.99,0.8,1.11,82.0,302.0,0.7983418603515625,False,CALL,2026-02-06,MU
MU260206C00550000,550.0,0.7,0.61,0.74,285.0,516.0,0.8002949658203125,False,CALL,2026-02-06,MU
MU260206C00560000,560.0,0.58,0.5,0.62,59.0,67.0,0.8237322314453124,False,CALL,2026-02-06,MU
MU260206P00305000,305.0,0.51,0.38,0.51,80.0,686.0,1.083988955078125,False,PUT,2026-02-06,MU
MU260206P00307500,307.5,0.58,0.31,0.77,17.0,47.0,1.09375453125,False,PUT,2026-02-06,MU
MU260206P00310000,310.0,0.57,0.43,0.55,28.0,796.0,1.0551805053710939,False,PUT,2026-02-06,MU
MU260206P00312500,312.5,0.57,0.49,0.66,60.0,353.0,1.0595750146484377,False,PUT,2026-02-06,MU
MU260206P00315000,315.0,0.66,0.55,0.73,169.0,940.0,1.0556687841796877,False,PUT,2026-02-06,MU
MU260206P00317500,317.5,0.7,0.55,0.75,16.0,43.0,1.035649353027344,False,PUT,2026-02-06,MU
MU260206P00320000,320.0,0.66,0.6,0.86,96.0,1049.0,1.0336962377929688,False,PUT,2026-02-06,MU
MU260206P00322500,322.5,0.73,0.64,0.94,4.0,195.0,1.0249072192382815,False,PUT,2026-02-06,MU
MU260206P00325000,325.0,0.82,0.7,0.94,143.0,2077.0,1.0087940185546875,False,PUT,2026-02-06,MU
MU260206P00327500,327.5,0.97,0.75,0.9,6.0,171.0,0.9868165380859376,False,PUT,2026-02-06,MU
MU260206P00330000,330.0,0.9,0.85,0.85,190.0,914.0,0.9697268652343749,False,PUT,2026-02-06,MU
MU260206P00332500,332.5,1.02,0.85,1.1,12.0,89.0,0.9714358325195311,False,PUT,2026-02-06,MU
MU260206P00335000,335.0,1.0,0.87,1.07,212.0,1449.0,0.94726615234375,False,PUT,2026-02-06,MU
MU260206P00337500,337.5,1.22,1.0,1.14,10.0,1857.0,0.9423833886718749,False,PUT,2026-02-06,MU
MU260206P00340000,340.0,1.1,1.1,1.15,427.0,826.0,0.9284675122070312,False,PUT,2026-02-06,MU
MU260206P00342500,342.5,2.16,1.11,1.59,15.0,67.0,0.9399420068359375,False,PUT,2026-02-06,MU
MU260206P00345000,345.0,1.37,1.26,1.5,291.0,840.0,0.9204109521484375,False,PUT,2026-02-06,MU
MU260206P00347500,347.5,1.48,1.35,1.63,203.0,315.0,0.9118661157226562,False,PUT,2026-02-06,MU
MU260206P00350000,350.0,1.56,1.43,1.65,736.0,3678.0,0.8945323046874999,False,PUT,2026-02-06,MU
MU260206P00352500,352.5,1.7,1.56,1.85,128.0,263.0,0.8908702319335937,False,PUT,2026-02-06,MU
MU260206P00355000,355.0,1.75,1.7,1.89,104.0,908.0,0.8771984936523438,False,PUT,2026-02-06,MU
MU260206P00357500,357.5,1.95,1.75,2.13,679.0,454.0,0.8688977954101562,False,PUT,2026-02-06,MU
MU260206P00360000,360.0,2.07,1.94,2.13,431.0,1389.0,0.8542495043945313,False,PUT,2026-02-06,MU
MU260206P00362500,362.5,2.08,2.02,2.29,83.0,981.0,0.8415543188476562,False,PUT,2026-02-06,MU
MU260206P00365000,365.0,2.33,2.24,2.48,986.0,10696.0,0.8361832788085937,False,PUT,2026-02-06,MU
MU260206P00367500,367.5,2.4,2.39,2.71,106.0,274.0,0.828004649658203,False,PUT,2026-02-06,MU
MU260206P00370000,370.0,2.66,2.67,2.88,426.0,2701.0,0.8215349877929687,False,PUT,2026-02-06,MU
MU260206P00372500,372.5,2.9,2.82,3.1,365.0,79.0,0.8105487695312499,False,PUT,2026-02-06,MU
MU260206P00375000,375.0,3.15,3.05,3.35,529.0,1173.0,0.8028584167480468,False,PUT,2026-02-06,MU
MU260206P00377500,377.5,3.3,3.25,3.65,63.0,174.0,0.7945577185058592,False,PUT,2026-02-06,MU
MU260206P00380000,380.0,3.71,3.5,3.85,565.0,973.0,0.7832052929687501,False,PUT,2026-02-06,MU
MU260206P00382500,382.5,3.7,3.8,4.2,112.0,409.0,0.7774680456542968,False,PUT,2026-02-06,MU
MU260206P00385000,385.0,4.4,4.15,4.4,158.0,390.0,0.7670921728515626,False,PUT,2026-02-06,MU
MU260206P00387500,387.5,5.08,4.4,4.8,49.0,161.0,0.7585473364257813,False,PUT,2026-02-06,MU
MU260206P00390000,390.0,5.07,4.75,5.15,560.0,800.0,0.7501245690917968,False,PUT,2026-02-06,MU
MU260206P00392500,392.5,5.87,5.1,5.7,89.0,314.0,0.7458521508789062,False,PUT,2026-02-06,MU
MU260206P00395000,395.0,5.52,5.5,6.05,148.0,413.0,0.7359645544433593,False,PUT,2026-02-06,MU
MU260206P00397500,397.5,6.4,6.0,6.55,80.0,162.0,0.7310817907714844,False,PUT,2026-02-06,MU
MU260206P00400000,400.0,6.85,6.7,7.1,1003.0,1405.0,0.7305935144042968,False,PUT,2026-02-06,MU
MU260206P00402500,402.5,7.27,7.0,7.5,41.0,89.0,0.7150907397460937,False,PUT,2026-02-06,MU
MU260206P00405000,405.0,7.65,7.35,8.3,145.0,231.0,0.7088041815185546,False,PUT,2026-02-06,MU
MU260206P00407500,407.5,8.0,8.1,8.95,89.0,230.0,0.7063627996826172,False,PUT,2026-02-06,MU
MU260206P00410000,410.0,9.19,9.0,9.6,518.0,844.0,0.705203143310547,False,PUT,2026-02-06,MU
MU260206P00412500,412.5,9.74,9.65,10.25,148.0,118.0,0.6969024450683594,False,PUT,2026-02-06,MU
MU260206P00415000,415.0,10.7,10.7,11.0,235.0,315.0,0.6970245141601563,False,PUT,2026-02-06,MU
MU260206P00420000,420.0,12.8,12.15,12.95,633.0,594.0,0.6873200213623047,False,PUT,2026-02-06,MU
MU260206P00422500,422.5,13.43,12.85,14.0,160.0,77.0,0.6806672558593752,False,PUT,2026-02-06,MU
MU260206P00425000,425.0,14.8,14.05,15.25,792.0,215.0,0.6853669158935547,False,PUT,2026-02-06,MU
MU260206P00427500,427.5,15.45,15.35,16.1,371.0,182.0,0.6823151885986329,False,PUT,2026-02-06,MU
MU260206P00430000,430.0,16.8,16.45,17.4,1243.0,491.0,0.6819489813232424,False,PUT,2026-02-06,MU
MU260206P00432500,432.5,17.75,17.45,18.5,299.0,167.0,0.674075524902344,False,PUT,2026-02-06,MU
MU260206P00435000,435.0,18.95,18.8,20.4,608.0,349.0,0.6854279504394531,True,PUT,2026-02-06,MU
MU260206P00437500,437.5,20.5,20.0,21.6,122.0,102.0,0.6790803576660158,True,PUT,2026-02-06,MU
MU260206P00440000,440.0,21.48,21.45,22.9,255.0,704.0,0.6773103558349609,True,PUT,2026-02-06,MU
MU260206P00445000,445.0,26.65,24.4,26.05,74.0,177.0,0.6790193231201174,True,PUT,2026-02-06,MU
MU260206P00447500,447.5,31.25,25.95,27.55,36.0,11.0,0.6770662176513673,True,PUT,2026-02-06,MU
MU260206P00450000,450.0,26.85,27.35,29.0,83.0,77.0,0.6692537957763673,True,PUT,2026-02-06,MU
MU260206P00457500,457.5,40.2,32.7,34.3,5.0,105.0,0.675479319458008,True,PUT,2026-02-06,MU
MU260206P00460000,460.0,37.8,34.5,36.2,26.0,23.0,0.6771272521972658,True,PUT,2026-02-06,MU
MU260206P00462500,462.5,33.72,35.9,37.3,1.0,30.0,0.6508823974609376,True,PUT,2026-02-06,MU
MU260206P00465000,465.0,40.6,37.3,40.05,16.0,21.0,0.6583286120605469,True,PUT,2026-02-06,MU
MU260206P00467500,467.5,39.9,39.25,41.8,29.0,6.0,0.653873090209961,True,PUT,2026-02-06,MU
MU260206P00470000,470.0,41.0,41.35,43.8,7.0,10.0,0.6569858520507813,True,PUT,2026-02-06,MU
MU260206P00480000,480.0,52.0,49.25,51.95,3.0,3.0,0.6423375610351563,True,PUT,2026-02-06,MU
MU260206P00500000,500.0,80.35,67.35,70.7,11.0,17.0,0.6851838122558593,True,PUT,2026-02-06,MU
MU260206P00550000,550.0,161.1,115.25,118.9,,6.0,0.65039412109375,True,PUT,2026-02-06,MU
MU260206P00560000,560.0,191.5,124.5,128.15,,0.0,0.945313046875,True,PUT,2026-02-06,MU
MU260213C00305000,305.0,132.6,129.3,132.3,18.0,34.0,1.143681039428711,True,CALL,2026-02-13,MU
MU260213C00310000,310.0,121.0,123.5,126.75,2.0,144.0,1.0324755407714847,True,CALL,2026-02-13,MU
MU260213C00315000,315.0,119.13,118.9,122.3,3.0,80.0,1.0394335137939457,True,CALL,2026-02-13,MU
MU260213C00320000,320.0,114.86,113.8,117.05,7.0,63.0,0.981445498046875,True,CALL,2026-02-13,MU
MU260213C00325000,325.0,115.89,109.55,112.7,8.0,121.0,1.0017139758300782,True,CALL,2026-02-13,MU
MU260213C00330000,330.0,101.95,104.75,107.9,6.0,316.0,0.9753420434570312,True,CALL,2026-02-13,MU
MU260213C00335000,335.0,104.7,99.75,103.2,19.0,93.0,0.9443364941406249,True,CALL,2026-02-13,MU
MU260213C00340000,340.0,96.0,95.35,98.55,15.0,248.0,0.9350592431640624,True,CALL,2026-02-13,MU
MU260213C00345000,345.0,94.1,91.1,93.8,15.0,159.0,0.9240730249023439,True,CALL,2026-02-13,MU
MU260213C00350000,350.0,89.45,86.6,89.25,15.0,277.0,0.9086923193359374,True,CALL,2026-02-13,MU
MU260213C00355000,355.0,77.55,82.2,84.55,5.0,120.0,0.8894054028320311,True,CALL,2026-02-13,MU
MU260213C00360000,360.0,80.4,77.45,80.2,62.0,881.0,0.8680433117675781,True,CALL,2026-02-13,MU
MU260213C00365000,365.0,69.93,73.0,75.7,7.0,223.0,0.848512257080078,True,CALL,2026-02-13,MU
MU260213C00370000,370.0,66.0,68.45,71.4,60.0,707.0,0.828981202392578,True,CALL,2026-02-13,MU
MU260213C00375000,375.0,59.0,64.2,67.1,1.0,158.0,0.8136615313720703,True,CALL,2026-02-13,MU
MU260213C00380000,380.0,62.52,59.8,63.0,24.0,360.0,0.7965108239746093,True,CALL,2026-02-13,MU
MU260213C00385000,385.0,60.18,56.3,58.45,5.0,219.0,0.7852804675292968,True,CALL,2026-02-13,MU
MU260213C00390000,390.0,54.52,51.4,53.95,48.0,523.0,0.7461573236083985,True,CALL,2026-02-13,MU
MU260213C00395000,395.0,50.79,48.5,50.45,59.0,426.0,0.7580590600585939,True,CALL,2026-02-13,MU
MU260213C00400000,400.0,45.0,45.15,46.1,92.0,909.0,0.7428614581298827,True,CALL,2026-02-13,MU
MU260213C00405000,405.0,44.45,41.55,43.6,43.0,308.0,0.749575258178711,True,CALL,2026-02-13,MU
MU260213C00410000,410.0,41.0,37.85,39.65,293.0,474.0,0.7277859252929688,True,CALL,2026-02-13,MU
MU260213C00415000,415.0,37.2,35.25,36.75,442.0,557.0,0.7345607598876953,True,CALL,2026-02-13,MU
MU260213C00420000,420.0,33.0,31.6,33.65,342.0,614.0,0.7185697088623046,True,CALL,2026-02-13,MU
MU260213C00425000,425.0,31.27,29.3,31.0,200.0,177.0,0.7242459216308592,True,CALL,2026-02-13,MU
MU260213C00430000,430.0,27.3,26.75,27.7,642.0,358.0,0.7129545306396485,True,CALL,2026-02-13,MU
MU260213C00435000,435.0,24.68,24.2,24.7,367.0,375.0,0.7016631396484375,False,CALL,2026-02-13,MU
MU260213C00440000,440.0,22.55,22.1,22.8,469.0,406.0,0.7076445251464845,False,CALL,2026-02-13,MU
MU260213C00445000,445.0,20.0,20.0,20.7,160.0,170.0,0.7066679724121094,False,CALL,2026-02-13,MU
MU260213C00450000,450.0,19.0,18.2,18.75,487.0,487.0,0.707888663330078,False,CALL,2026-02-13,MU
MU260213C00455000,455.0,17.86,16.3,17.7,62.0,718.0,0.7165555688476561,False,CALL,2026-02-13,MU
MU260213C00460000,460.0,15.79,14.65,16.1,53.0,231.0,0.7172269488525391,False,CALL,2026-02-13,MU
MU260213C00470000,470.0,13.2,11.7,12.95,98.0,242.0,0.7130765997314454,False,CALL,2026-02-13,MU
MU260213C00480000,480.0,10.45,8.9,10.05,59.0,232.0,0.6993438269042969,False,CALL,2026-02-13,MU
MU260213C00490000,490.0,8.45,7.3,8.7,233.0,238.0,0.7182645361328125,False,CALL,2026-02-13,MU
MU260213C00500000,500.0,6.2,6.0,6.55,670.0,1233.0,0.7162503961181641,False,CALL,2026-02-13,MU
MU260213C00510000,510.0,5.25,4.7,5.8,29.0,130.0,0.7315090325927733,False,CALL,2026-02-13,MU
MU260213C00520000,520.0,4.14,3.75,4.4,26.0,178.0,0.729494892578125,False,CALL,2026-02-13,MU
MU260213C00530000,530.0,3.5,3.2,3.45,16.0,173.0,0.7388942126464844,False,CALL,2026-02-13,MU
MU260213C00540000,540.0,2.58,2.46,3.05,7.0,64.0,0.7507349145507812,False,CALL,2026-02-13,MU
MU260213C00550000,550.0,2.34,1.96,2.43,109.0,180.0,0.7551294018554688,False,CALL,2026-02-13,MU
MU260213C00560000,560.0,2.03,1.73,2.12,40.0,106.0,0.7752708020019532,False,CALL,2026-02-13,MU
MU260213P00305000,305.0,1.06,0.95,1.28,21.0,359.0,0.9477544287109375,False,PUT,2026-02-13,MU
MU260213P00310000,310.0,1.15,1.05,1.54,21.0,372.0,0.9367682104492188,False,PUT,2026-02-13,MU
MU260213P00315000,315.0,1.38,1.22,1.45,20.0,439.0,0.90429783203125,False,PUT,2026-02-13,MU
MU260213P00320000,320.0,1.4,1.28,1.65,91.0,1299.0,0.8833019482421874,False,PUT,2026-02-13,MU
MU260213P00325000,325.0,1.67,1.39,1.71,51.0,297.0,0.8557143334960937,False,PUT,2026-02-13,MU
MU260213P00330000,330.0,1.88,1.75,2.06,37.0,819.0,0.8557143334960937,False,PUT,2026-02-13,MU
MU260213P00335000,335.0,2.45,1.98,2.15,42.0,297.0,0.8326432751464843,False,PUT,2026-02-13,MU
MU260213P00340000,340.0,2.42,2.25,2.62,13.0,308.0,0.8261736132812498,False,PUT,2026-02-13,MU
MU260213P00345000,345.0,2.66,2.51,2.8,17.0,215.0,0.8042011767578124,False,PUT,2026-02-13,MU
MU260213P00350000,350.0,3.01,2.84,3.1,86.0,641.0,0.7874777111816407,False,PUT,2026-02-13,MU
MU260213P00355000,355.0,4.0,3.25,3.85,20.0,516.0,0.7856466748046875,False,PUT,2026-02-13,MU
MU260213P00360000,360.0,3.92,3.65,4.2,84.0,506.0,0.7669701037597658,False,PUT,2026-02-13,MU
MU260213P00365000,365.0,4.77,4.25,4.65,35.0,206.0,0.7542749182128907,False,PUT,2026-02-13,MU
MU260213P00370000,370.0,4.9,4.95,5.3,73.0,321.0,0.7459742199707031,False,PUT,2026-02-13,MU
MU260213P00375000,375.0,6.75,5.55,6.1,21.0,163.0,0.7349880017089843,False,PUT,2026-02-13,MU
MU260213P00380000,380.0,6.3,6.5,6.95,179.0,457.0,0.7291286853027343,False,PUT,2026-02-13,MU
MU260213P00385000,385.0,8.65,7.25,7.85,46.0,58.0,0.7160672924804687,False,PUT,2026-02-13,MU
MU260213P00390000,390.0,8.28,8.35,8.95,110.0,265.0,0.709963837890625,False,PUT,2026-02-13,MU
MU260213P00395000,395.0,10.12,9.4,10.3,120.0,204.0,0.70312796875,False,PUT,2026-02-13,MU
MU260213P00400000,400.0,10.95,10.9,11.5,543.0,584.0,0.6972076177978517,False,PUT,2026-02-13,MU
MU260213P00405000,405.0,12.54,12.3,13.5,27.0,45.0,0.6981231359863282,False,PUT,2026-02-13,MU
MU260213P00410000,410.0,14.4,14.1,15.1,138.0,204.0,0.6941558905029297,False,PUT,2026-02-13,MU
MU260213P00415000,415.0,16.5,16.15,16.95,142.0,87.0,0.6931793377685547,False,PUT,2026-02-13,MU
MU260213P00420000,420.0,18.47,17.2,18.7,161.0,157.0,0.671725694885254,False,PUT,2026-02-13,MU
MU260213P00425000,425.0,20.15,20.25,20.95,134.0,288.0,0.6818574295043948,False,PUT,2026-02-13,MU
MU260213P00430000,430.0,22.7,22.5,23.5,191.0,73.0,0.6801179449462893,False,PUT,2026-02-13,MU
MU260213P00435000,435.0,24.75,24.1,26.5,137.0,47.0,0.6711458666992189,True,PUT,2026-02-13,MU
MU260213P00445000,445.0,34.71,29.65,31.55,11.0,22.0,0.6592441302490235,True,PUT,2026-02-13,MU
MU260213P00450000,450.0,34.43,32.65,34.95,21.0,9.0,0.6619906848144532,True,PUT,2026-02-13,MU
MU260213P00455000,455.0,36.8,35.9,38.05,14.0,7.0,0.6597934411621094,True,PUT,2026-02-13,MU
MU260213P00460000,460.0,43.91,39.35,41.55,12.0,16.0,0.6621127539062501,True,PUT,2026-02-13,MU
MU260213P00470000,470.0,75.55,46.4,48.05,2.0,1.0,0.6486851538085938,True,PUT,2026-02-13,MU
MU260213P00480000,480.0,84.4,53.45,56.15,74.0,30.0,0.6433141137695313,True,PUT,2026-02-13,MU
MU260213P00490000,490.0,94.8,61.85,64.4,1.0,1.0,0.6490513610839843,True,PUT,2026-02-13,MU
MU260213P00500000,500.0,73.25,70.05,73.4,6.0,8.0,0.6521030883789063,True,PUT,2026-02-13,MU
MU260213P00510000,510.0,82.96,78.8,81.8,3.0,6.0,0.6381872119140625,True,PUT,2026-02-13,MU
MU260213P00520000,520.0,91.96,87.85,90.75,2.0,3.0,0.6293982373046876,True,PUT,2026-02-13,MU
MU260220C00305000,305.0,127.87,129.5,132.85,2.0,6.0,0.9831544653320312,True,CALL,2026-02-20,MU
MU260220C00310000,310.0,122.77,124.2,127.55,19.0,1451.0,0.9238288867187501,True,CALL,2026-02-20,MU
MU260220C00315000,315.0,116.68,119.9,123.15,1.0,11.0,0.9346930358886718,True,CALL,2026-02-20,MU
MU260220C00320000,320.0,120.15,114.85,118.0,54.0,2587.0,0.891480577392578,True,CALL,2026-02-20,MU
MU260220C00325000,325.0,108.53,109.95,113.35,8.0,112.0,0.8699964172363281,True,CALL,2026-02-20,MU
MU260220C00330000,330.0,109.17,105.75,109.05,28.0,3404.0,0.8782971154785155,True,CALL,2026-02-20,MU
MU260220C00332500,332.5,81.85,103.4,106.75,3.0,10.0,0.8693860717773438,True,CALL,2026-02-20,MU
MU260220C00335000,335.0,105.9,102.05,104.5,1.0,27.0,0.8876964355468748,True,CALL,2026-02-20,MU
MU260220C00337500,337.5,76.75,99.35,102.3,5.0,5.0,0.8712171081542968,True,CALL,2026-02-20,MU
MU260220C00340000,340.0,99.0,96.8,99.45,372.0,4001.0,0.8421646643066407,True,CALL,2026-02-20,MU
MU260220C00342500,342.5,74.01,95.15,97.65,4.0,4.0,0.8608412353515625,True,CALL,2026-02-20,MU
MU260220C00345000,345.0,92.8,92.0,94.9,3.0,134.0,0.8203753314208984,True,CALL,2026-02-20,MU
MU260220C00347500,347.5,85.97,89.35,92.7,4.0,64.0,0.8050556604003907,True,CALL,2026-02-20,MU
MU260220C00350000,350.0,92.0,87.8,90.7,321.0,5784.0,0.8188494677734374,True,CALL,2026-02-20,MU
MU260220C00352500,352.5,85.5,86.05,88.65,1.0,28.0,0.8251970605468748,True,CALL,2026-02-20,MU
MU260220C00355000,355.0,86.0,83.8,86.45,23.0,61.0,0.8168963623046874,True,CALL,2026-02-20,MU
MU260220C00357500,357.5,65.16,81.55,84.2,34.0,27.0,0.8071308349609375,True,CALL,2026-02-20,MU
MU260220C00360000,360.0,81.0,79.1,81.25,77.0,3594.0,0.7794211511230469,True,CALL,2026-02-20,MU
MU260220C00362500,362.5,78.0,78.0,80.1,3.0,97.0,0.8120135986328124,True,CALL,2026-02-20,MU
MU260220C00365000,365.0,71.02,75.35,77.45,26.0,298.0,0.7860739166259765,True,CALL,2026-02-20,MU
MU260220C00367500,367.5,71.4,72.8,75.85,6.0,101.0,0.7810690838623047,True,CALL,2026-02-20,MU
MU260220C00370000,370.0,72.81,71.15,72.35,127.0,3944.0,0.7578759564208986,True,CALL,2026-02-20,MU
MU260220C00372500,372.5,67.05,68.2,70.05,6.0,151.0,0.7330959307861327,True,CALL,2026-02-20,MU
MU260220C00375000,375.0,69.4,66.45,68.0,103.0,343.0,0.7331569653320311,True,CALL,2026-02-20,MU
MU260220C00377500,377.5,70.42,64.65,65.7,64.0,108.0,0.7272976489257812,True,CALL,2026-02-20,MU
MU260220C00380000,380.0,64.71,63.6,66.0,93.0,3748.0,0.7736839038085939,True,CALL,2026-02-20,MU
MU260220C00385000,385.0,58.0,59.35,61.85,20.0,670.0,0.7538476763916016,True,CALL,2026-02-20,MU
MU260220C00390000,390.0,56.85,55.3,57.75,94.0,2774.0,0.7358424853515625,True,CALL,2026-02-20,MU
MU260220C00395000,395.0,53.6,52.15,54.55,449.0,1279.0,0.7406031799316406,True,CALL,2026-02-20,MU
MU260220C00400000,400.0,51.42,48.65,50.6,1576.0,5317.0,0.7271755798339843,True,CALL,2026-02-20,MU
MU260220C00405000,405.0,46.66,45.1,46.75,97.0,386.0,0.7119779779052735,True,CALL,2026-02-20,MU
MU260220C00410000,410.0,42.85,41.8,43.35,405.0,5376.0,0.70312796875,True,CALL,2026-02-20,MU
MU260220C00415000,415.0,40.0,38.8,40.75,82.0,1151.0,0.7048979705810547,True,CALL,2026-02-20,MU
MU260220C00420000,420.0,37.29,36.0,37.5,800.0,4195.0,0.6979705496215821,True,CALL,2026-02-20,MU
MU260220C00425000,425.0,34.0,33.0,34.7,329.0,1011.0,0.6910431286621095,True,CALL,2026-02-20,MU
MU260220C00430000,430.0,32.0,30.9,31.95,717.0,1494.0,0.6922027850341796,True,CALL,2026-02-20,MU
MU260220C00440000,440.0,26.4,26.0,26.9,884.0,1264.0,0.6824677749633791,False,CALL,2026-02-20,MU
MU260220C00450000,450.0,22.3,22.0,22.75,2274.0,3686.0,0.6815217395019533,False,CALL,2026-02-20,MU
MU260220C00460000,460.0,19.2,18.6,19.5,252.0,753.0,0.6867096759033204,False,CALL,2026-02-20,MU
MU260220C00470000,470.0,15.97,15.55,16.35,250.0,591.0,0.6864655377197266,False,CALL,2026-02-20,MU
MU260220C00480000,480.0,13.51,12.9,13.9,433.0,1606.0,0.6895782995605471,False,CALL,2026-02-20,MU
MU260220C00490000,490.0,11.84,10.5,11.1,320.0,803.0,0.6809724285888674,False,CALL,2026-02-20,MU
MU260220C00500000,500.0,9.1,9.0,9.45,2742.0,2245.0,0.6917755432128907,False,CALL,2026-02-20,MU
MU260220C00510000,510.0,7.65,7.35,8.05,74.0,477.0,0.6961700305175782,False,CALL,2026-02-20,MU
MU260220C00520000,520.0,6.45,5.75,6.7,425.0,5313.0,0.6935455450439454,False,CALL,2026-02-20,MU
MU260220C00530000,530.0,5.72,5.05,5.6,111.0,385.0,0.7043486596679689,False,CALL,2026-02-20,MU
MU260220C00540000,540.0,4.52,4.3,4.8,180.0,737.0,0.7142362561035156,False,CALL,2026-02-20,MU
MU260220C00550000,550.0,3.9,3.6,3.9,709.0,959.0,0.71679970703125,False,CALL,2026-02-20,MU
MU260220C00560000,560.0,3.5,2.92,3.55,142.0,263.0,0.7276638562011719,False,CALL,2026-02-20,MU
MU260220P00305000,305.0,1.91,1.5,1.73,9.0,170.0,0.8493667407226562,False,PUT,2026-02-20,MU
MU260220P00310000,310.0,1.75,1.72,1.81,479.0,2248.0,0.8315446533203124,False,PUT,2026-02-20,MU
MU260220P00315000,315.0,1.96,1.88,2.17,18.0,521.0,0.8226336096191407,False,PUT,2026-02-20,MU
MU260220P00320000,320.0,2.19,2.11,2.28,104.0,2849.0,0.8037129003906249,False,PUT,2026-02-20,MU
MU260220P00325000,325.0,2.57,2.31,2.59,21.0,399.0,0.7902853002929688,False,PUT,2026-02-20,MU
MU260220P00330000,330.0,2.75,2.69,2.82,313.0,6515.0,0.7784445983886719,False,PUT,2026-02-20,MU
MU260220P00332500,332.5,3.53,2.75,3.05,15.0,94.0,0.7712425219726562,False,PUT,2026-02-20,MU
MU260220P00335000,335.0,3.1,3.0,3.3,18.0,239.0,0.7702659692382813,False,PUT,2026-02-20,MU
MU260220P00337500,337.5,3.53,3.1,3.45,15.0,302.0,0.7607445800781252,False,PUT,2026-02-20,MU
MU260220P00340000,340.0,3.49,3.35,3.65,197.0,3021.0,0.7567163000488282,False,PUT,2026-02-20,MU
MU260220P00342500,342.5,3.88,3.5,3.85,47.0,144.0,0.7492700854492188,False,PUT,2026-02-20,MU
MU260220P00345000,345.0,4.25,3.8,4.05,215.0,460.0,0.7454859436035157,False,PUT,2026-02-20,MU
MU260220P00347500,347.5,5.15,4.0,4.35,72.0,124.0,0.7408473181152342,False,PUT,2026-02-20,MU
MU260220P00350000,350.0,4.4,4.45,4.6,1246.0,3580.0,0.7406031799316406,False,PUT,2026-02-20,MU
MU260220P00352500,352.5,6.96,4.55,4.85,146.0,176.0,0.7309597216796875,False,PUT,2026-02-20,MU
MU260220P00355000,355.0,5.0,4.9,5.25,53.0,337.0,0.7302273071289063,False,PUT,2026-02-20,MU
MU260220P00357500,357.5,5.3,5.15,5.55,30.0,144.0,0.7241238525390624,False,PUT,2026-02-20,MU
MU260220P00360000,360.0,5.57,5.45,5.85,550.0,2819.0,0.7185086743164062,False,PUT,2026-02-20,MU
MU260220P00362500,362.5,6.05,5.85,6.25,17.0,131.0,0.7164334997558592,False,PUT,2026-02-20,MU
MU260220P00365000,365.0,6.4,6.2,6.75,44.0,348.0,0.7145414288330079,False,PUT,2026-02-20,MU
MU260220P00367500,367.5,7.12,6.55,7.05,7.0,161.0,0.707888663330078,False,PUT,2026-02-20,MU
MU260220P00370000,370.0,7.0,7.0,7.55,270.0,1130.0,0.7063017651367188,False,PUT,2026-02-20,MU
MU260220P00372500,372.5,9.25,7.3,7.95,4.0,558.0,0.6992827923583984,False,PUT,2026-02-20,MU
MU260220P00375000,375.0,8.1,7.9,8.35,134.0,991.0,0.6970245141601563,False,PUT,2026-02-20,MU
MU260220P00377500,377.5,8.55,8.5,9.0,259.0,77.0,0.6981231359863282,False,PUT,2026-02-20,MU
MU260220P00380000,380.0,9.13,9.05,9.5,1266.0,1618.0,0.6948883050537109,False,PUT,2026-02-20,MU
MU260220P00385000,385.0,10.22,9.95,10.55,183.0,450.0,0.6839020867919923,False,PUT,2026-02-20,MU
MU260220P00390000,390.0,11.41,11.05,11.95,682.0,932.0,0.6784089776611328,False,PUT,2026-02-20,MU
MU260220P00395000,395.0,12.4,12.4,13.4,83.0,278.0,0.6740144903564456,False,PUT,2026-02-20,MU
MU260220P00400000,400.0,14.18,14.4,14.95,608.0,1676.0,0.676455872192383,False,PUT,2026-02-20,MU
MU260220P00405000,405.0,15.9,15.7,16.9,118.0,501.0,0.6713289703369143,False,PUT,2026-02-20,MU
MU260220P00410000,410.0,17.67,17.05,18.1,439.0,610.0,0.6542392974853517,False,PUT,2026-02-20,MU
MU260220P00415000,415.0,20.3,18.95,21.1,69.0,322.0,0.6633944793701174,False,PUT,2026-02-20,MU
MU260220P00420000,420.0,21.57,21.05,22.15,244.0,247.0,0.6477696356201172,False,PUT,2026-02-20,MU
MU260220P00425000,425.0,23.9,23.25,24.7,153.0,141.0,0.6481053256225585,False,PUT,2026-02-20,MU
MU260220P00430000,430.0,26.41,25.9,27.9,352.0,373.0,0.6579013702392578,False,PUT,2026-02-20,MU
MU260220P00440000,440.0,31.57,31.1,32.15,126.0,263.0,0.6414830773925781,True,PUT,2026-02-20,MU
MU260220P00450000,450.0,37.25,36.9,38.15,28.0,423.0,0.6395299719238281,True,PUT,2026-02-20,MU
MU260220P00460000,460.0,56.03,43.15,45.0,12.0,54.0,0.6405065246582031,True,PUT,2026-02-20,MU
MU260220P00470000,470.0,49.0,50.25,51.9,1.0,8.0,0.64062859375,True,PUT,2026-02-20,MU
MU260220P00480000,480.0,67.6,57.65,59.55,4.0,6.0,0.6430089410400393,True,PUT,2026-02-20,MU
MU260220P00490000,490.0,73.25,64.4,66.75,2.0,27.0,0.6178627081298829,True,PUT,2026-02-20,MU
MU260220P00500000,500.0,80.0,73.15,75.45,4.0,22.0,0.6329992755126954,True,PUT,2026-02-20,MU
MU260220P00520000,520.0,96.65,89.85,92.6,2.0,6.0,0.6169471899414063,True,PUT,2026-02-20,MU
MU260220P00540000,540.0,105.65,108.45,111.75,5.0,8.0,0.6473423937988281,True,PUT,2026-02-20,MU
MU260220P00550000,550.0,129.95,117.75,121.05,1.0,7.0,0.6457554956054687,True,PUT,2026-02-20,MU
MU260227C00305000,305.0,129.18,130.05,133.3,1.0,20.0,0.8929454064941407,True,CALL,2026-02-27,MU
MU260227C00310000,310.0,128.11,125.4,129.0,5.0,39.0,0.8906260937499999,True,CALL,2026-02-27,MU
MU260227C00315000,315.0,120.79,121.15,124.55,16.0,47.0,0.8918467846679687,True,CALL,2026-02-27,MU
MU260227C00320000,320.0,114.27,116.0,119.3,1.0,109.0,0.8476577734374999,True,CALL,2026-02-27,MU
MU260227C00325000,325.0,113.15,112.6,115.05,9.0,317.0,0.870240555419922,True,CALL,2026-02-27,MU
MU260227C00330000,330.0,98.88,107.05,110.1,3.0,72.0,0.8244646459960936,True,CALL,2026-02-27,MU
MU260227C00335000,335.0,95.61,103.45,106.0,3.0,165.0,0.8391739715576172,True,CALL,2026-02-27,MU
MU260227C00340000,340.0,96.8,99.15,101.5,13.0,153.0,0.8276994769287107,True,CALL,2026-02-27,MU
MU260227C00345000,345.0,99.43,94.45,97.15,1.0,111.0,0.8100604931640624,True,CALL,2026-02-27,MU
MU260227C00350000,350.0,88.8,89.65,92.85,74.0,205.0,0.7904073693847657,True,CALL,2026-02-27,MU
MU260227C00355000,355.0,80.5,85.15,88.25,1.0,230.0,0.7698387274169922,True,CALL,2026-02-27,MU
MU260227C00360000,360.0,82.0,81.3,84.4,19.0,252.0,0.7707542456054688,True,CALL,2026-02-27,MU
MU260227C00365000,365.0,83.3,77.2,80.0,1.0,171.0,0.7567163000488282,True,CALL,2026-02-27,MU
MU260227C00370000,370.0,73.4,73.3,76.1,36.0,238.0,0.7511926736450195,True,CALL,2026-02-27,MU
MU260227C00375000,375.0,73.9,70.15,72.05,55.0,351.0,0.7515893981933592,True,CALL,2026-02-27,MU
MU260227C00380000,380.0,66.78,65.8,67.9,5.0,428.0,0.7321804125976561,True,CALL,2026-02-27,MU
MU260227C00385000,385.0,63.9,62.25,63.8,18.0,590.0,0.7222928161621094,True,CALL,2026-02-27,MU
MU260227C00390000,390.0,62.0,59.3,61.75,7.0,422.0,0.7425868026733399,True,CALL,2026-02-27,MU
MU260227C00395000,395.0,53.12,56.3,57.95,39.0,303.0,0.7377955908203124,True,CALL,2026-02-27,MU
MU260227C00400000,400.0,53.35,52.35,54.1,143.0,1004.0,0.7193326406860351,True,CALL,2026-02-27,MU
MU260227C00405000,405.0,50.0,48.85,50.15,32.0,297.0,0.7031890032958985,True,CALL,2026-02-27,MU
MU260227C00410000,410.0,48.72,46.55,48.9,97.0,545.0,0.7274807525634766,True,CALL,2026-02-27,MU
MU260227C00415000,415.0,46.55,43.75,45.95,202.0,362.0,0.7249783361816406,True,CALL,2026-02-27,MU
MU260227C00420000,420.0,43.0,40.2,42.9,156.0,355.0,0.7112760806274415,True,CALL,2026-02-27,MU
MU260227C00425000,425.0,39.21,37.85,39.85,135.0,1079.0,0.7079496978759765,True,CALL,2026-02-27,MU
MU260227C00430000,430.0,36.6,35.75,37.15,194.0,415.0,0.7084379742431641,True,CALL,2026-02-27,MU
MU260227C00435000,435.0,33.55,33.55,35.3,321.0,251.0,0.7142362561035156,False,CALL,2026-02-27,MU
MU260227C00440000,440.0,32.5,30.95,32.6,243.0,2478.0,0.7050810742187501,False,CALL,2026-02-27,MU
MU260227C00445000,445.0,30.36,28.45,29.7,134.0,130.0,0.6927215786743165,False,CALL,2026-02-27,MU
MU260227C00450000,450.0,28.9,26.25,28.15,215.0,703.0,0.6948272705078126,False,CALL,2026-02-27,MU
MU260227C00455000,455.0,25.1,25.0,26.15,46.0,470.0,0.6998626205444337,False,CALL,2026-02-27,MU
MU260227C00460000,460.0,24.2,22.9,24.35,62.0,240.0,0.6961700305175782,False,CALL,2026-02-27,MU
MU260227C00470000,470.0,21.25,20.1,21.3,99.0,1527.0,0.7028838305664062,False,CALL,2026-02-27,MU
MU260227C00480000,480.0,18.49,16.9,19.15,73.0,228.0,0.7073698696899414,False,CALL,2026-02-27,MU
MU260227C00490000,490.0,14.6,14.3,16.3,25.0,534.0,0.7032805551147462,False,CALL,2026-02-27,MU
MU260227C00500000,500.0,12.96,12.5,13.0,651.0,654.0,0.6953765814208985,False,CALL,2026-02-27,MU
MU260227C00510000,510.0,11.04,10.55,12.0,24.0,132.0,0.7069731451416017,False,CALL,2026-02-27,MU
MU260227C00520000,520.0,10.0,9.15,10.4,46.0,210.0,0.7124052197265626,False,CALL,2026-02-27,MU
MU260227C00530000,530.0,8.45,7.85,8.9,43.0,105.0,0.7148160842895508,False,CALL,2026-02-27,MU
MU260227C00540000,540.0,7.37,6.5,8.0,32.0,216.0,0.7199735034179688,False,CALL,2026-02-27,MU
MU260227C00550000,550.0,6.23,5.75,6.5,402.0,400.0,0.719729365234375,False,CALL,2026-02-27,MU
MU260227C00560000,560.0,5.5,4.85,5.9,3.0,72.0,0.7277859252929688,False,CALL,2026-02-27,MU
MU260227P00305000,305.0,2.29,1.89,2.63,10.0,246.0,0.7985859985351562,False,PUT,2026-02-27,MU
MU260227P00310000,310.0,2.5,2.33,2.86,20.0,208.0,0.7927266821289063,False,PUT,2026-02-27,MU
MU260227P00315000,315.0,2.9,2.57,3.15,23.0,341.0,0.7797873583984375,False,PUT,2026-02-27,MU
MU260227P00320000,320.0,3.17,2.85,3.45,45.0,10407.0,0.7668480346679689,False,PUT,2026-02-27,MU
MU260227P00325000,325.0,3.65,3.15,3.65,73.0,368.0,0.7503076727294922,False,PUT,2026-02-27,MU
MU260227P00330000,330.0,3.88,3.65,4.15,99.0,271.0,0.7459742199707031,False,PUT,2026-02-27,MU
MU260227P00335000,335.0,4.35,4.0,4.75,31.0,298.0,0.7376735217285155,False,PUT,2026-02-27,MU
MU260227P00340000,340.0,4.95,4.75,5.2,84.0,314.0,0.7328517926025391,False,PUT,2026-02-27,MU
MU260227P00345000,345.0,5.53,5.4,6.0,42.0,201.0,0.7305935144042968,False,PUT,2026-02-27,MU
MU260227P00350000,350.0,6.2,6.0,6.6,155.0,893.0,0.72070591796875,False,PUT,2026-02-27,MU
MU260227P00355000,355.0,6.95,6.65,7.3,121.0,5139.0,0.7115507360839843,False,PUT,2026-02-27,MU
MU260227P00360000,360.0,7.9,7.55,8.1,71.0,330.0,0.7063017651367188,False,PUT,2026-02-27,MU
MU260227P00365000,365.0,8.82,8.35,9.3,22.0,297.0,0.7033721069335939,False,PUT,2026-02-27,MU
MU260227P00370000,370.0,9.77,9.35,10.15,58.0,202.0,0.6954986505126954,False,PUT,2026-02-27,MU
MU260227P00375000,375.0,11.1,10.25,11.3,34.0,259.0,0.6882355395507813,False,PUT,2026-02-27,MU
MU260227P00380000,380.0,12.25,11.7,12.45,54.0,655.0,0.6861603649902344,False,PUT,2026-02-27,MU
MU260227P00385000,385.0,13.54,13.25,13.9,31.0,293.0,0.6865265722656251,False,PUT,2026-02-27,MU
MU260227P00390000,390.0,14.95,14.7,15.85,122.0,652.0,0.6889374368286134,False,PUT,2026-02-27,MU
MU260227P00395000,395.0,15.99,15.6,17.4,68.0,219.0,0.6770662176513673,False,PUT,2026-02-27,MU
MU260227P00400000,400.0,18.56,17.9,18.8,128.0,360.0,0.6776155285644532,False,PUT,2026-02-27,MU
MU260227P00405000,405.0,19.46,19.85,20.55,42.0,65.0,0.6753877676391603,False,PUT,2026-02-27,MU
MU260227P00410000,410.0,21.64,20.75,22.9,26.0,117.0,0.665713792114258,False,PUT,2026-02-27,MU
MU260227P00415000,415.0,24.26,23.35,24.55,30.0,31.0,0.6644931011962893,False,PUT,2026-02-27,MU
MU260227P00420000,420.0,26.05,26.15,27.3,65.0,180.0,0.6742586285400394,False,PUT,2026-02-27,MU
MU260227P00425000,425.0,27.9,27.5,29.1,61.0,90.0,0.6564975756835938,False,PUT,2026-02-27,MU
MU260227P00430000,430.0,30.83,30.95,32.05,183.0,30.0,0.6696810375976563,False,PUT,2026-02-27,MU
MU260227P00435000,435.0,33.2,33.6,34.25,126.0,31.0,0.6645846530151369,True,PUT,2026-02-27,MU
MU260227P00440000,440.0,35.0,36.2,37.35,59.0,30.0,0.6656527575683595,True,PUT,2026-02-27,MU
MU260227P00450000,450.0,41.53,41.7,43.3,26.0,24.0,0.6613193048095705,True,PUT,2026-02-27,MU
MU260227P00470000,470.0,51.53,53.5,56.75,1.0,5.0,0.6490818783569335,True,PUT,2026-02-27,MU
MU260227P00500000,500.0,90.0,76.25,79.25,5.0,5.0,0.6466710137939453,True,PUT,2026-02-27,MU
MU260227P00550000,550.0,153.6,119.45,122.35,1.0,1.0,0.6362341064453125,True,PUT,2026-02-27,MU
MU260306C00320000,320.0,94.55,118.45,121.4,2.0,4.0,0.8596815789794923,True,CALL,2026-03-06,MU
MU260306C00325000,325.0,96.63,114.15,116.75,3.0,3.0,0.8469863934326172,True,CALL,2026-03-06,MU
MU260306C00330000,330.0,108.35,109.7,112.4,10.0,5.0,0.8357560369873045,True,CALL,2026-03-06,MU
MU260306C00335000,335.0,87.7,104.8,108.0,4.0,4.0,0.8147601531982422,True,CALL,2026-03-06,MU
MU260306C00340000,340.0,98.41,100.85,103.7,2.0,24.0,0.8103046313476561,True,CALL,2026-03-06,MU
MU260306C00345000,345.0,87.01,97.05,99.5,2.0,31.0,0.807619111328125,True,CALL,2026-03-06,MU
MU260306C00350000,350.0,85.4,92.05,95.3,1.0,193.0,0.7853415020751953,True,CALL,2026-03-06,MU
MU260306C00355000,355.0,86.95,88.45,91.3,2.0,43.0,0.785005812072754,True,CALL,2026-03-06,MU
MU260306C00360000,360.0,79.91,84.4,87.25,10.0,56.0,0.7756980438232424,True,CALL,2026-03-06,MU
MU260306C00365000,365.0,75.95,80.75,83.2,6.0,8.0,0.7698997619628907,True,CALL,2026-03-06,MU
MU260306C00370000,370.0,76.57,77.0,79.45,16.0,68.0,0.764772860107422,True,CALL,2026-03-06,MU
MU260306C00375000,375.0,68.95,72.75,74.55,2.0,27.0,0.7382838671874999,True,CALL,2026-03-06,MU
MU260306C00380000,380.0,68.28,69.2,72.05,1.0,71.0,0.7467676690673828,True,CALL,2026-03-06,MU
MU260306C00385000,385.0,63.0,65.1,67.65,4.0,189.0,0.725466612548828,True,CALL,2026-03-06,MU
MU260306C00390000,390.0,57.93,61.95,65.1,5.0,269.0,0.7332179998779296,True,CALL,2026-03-06,MU
MU260306C00395000,395.0,58.0,58.4,61.1,8.0,104.0,0.7191800543212892,True,CALL,2026-03-06,MU
MU260306C00400000,400.0,57.48,56.1,58.6,54.0,215.0,0.7315395498657226,True,CALL,2026-03-06,MU
MU260306C00405000,405.0,49.46,52.1,54.95,3.0,138.0,0.7131071170043947,True,CALL,2026-03-06,MU
MU260306C00410000,410.0,51.45,49.9,51.4,119.0,125.0,0.7117948742675781,True,CALL,2026-03-06,MU
MU260306C00415000,415.0,49.0,46.9,48.45,11.0,85.0,0.706606937866211,True,CALL,2026-03-06,MU
MU260306C00420000,420.0,45.19,44.85,46.9,27.0,95.0,0.7215909188842774,True,CALL,2026-03-06,MU
MU260306C00425000,425.0,44.8,42.0,43.25,76.0,185.0,0.7074003869628906,True,CALL,2026-03-06,MU
MU260306C00430000,430.0,41.34,39.35,41.4,130.0,163.0,0.709963837890625,True,CALL,2026-03-06,MU
MU260306C00435000,435.0,38.0,37.0,38.7,85.0,196.0,0.7055998678588868,False,CALL,2026-03-06,MU
MU260306C00440000,440.0,37.18,35.0,36.85,106.0,108.0,0.710360562438965,False,CALL,2026-03-06,MU
MU260306C00445000,445.0,34.53,32.95,34.3,134.0,172.0,0.7064848687744141,False,CALL,2026-03-06,MU
MU260306C00450000,450.0,32.97,30.3,31.85,139.0,329.0,0.6962920996093751,False,CALL,2026-03-06,MU
MU260306C00455000,455.0,30.3,28.75,30.5,36.0,66.0,0.7044096942138673,False,CALL,2026-03-06,MU
MU260306C00460000,460.0,27.52,26.6,27.8,70.0,138.0,0.6929657168579101,False,CALL,2026-03-06,MU
MU260306C00470000,470.0,24.42,24.1,25.5,19.0,110.0,0.710360562438965,False,CALL,2026-03-06,MU
MU260306C00480000,480.0,21.9,20.75,22.2,354.0,163.0,0.7042571078491212,False,CALL,2026-03-06,MU
MU260306C00490000,490.0,18.61,17.9,19.35,175.0,37.0,0.7009917596435546,False,CALL,2026-03-06,MU
MU260306C00500000,500.0,17.13,15.75,17.5,172.0,323.0,0.7090788369750977,False,CALL,2026-03-06,MU
MU260306C00510000,510.0,14.8,13.85,14.9,146.0,40.0,0.706606937866211,False,CALL,2026-03-06,MU
MU260306C00520000,520.0,12.4,11.65,13.55,23.0,149.0,0.7092314233398438,False,CALL,2026-03-06,MU
MU260306C00530000,530.0,10.45,10.45,11.65,20.0,49.0,0.7122221160888673,False,CALL,2026-03-06,MU
MU260306C00550000,550.0,8.4,8.0,9.55,59.0,122.0,0.7263210961914062,False,CALL,2026-03-06,MU
MU260306C00560000,560.0,7.4,7.05,8.1,11.0,22.0,0.7255276470947265,False,CALL,2026-03-06,MU
MU260306P00305000,305.0,4.02,3.1,3.55,6.0,215.0,0.7868673657226561,False,PUT,2026-03-06,MU
MU260306P00310000,310.0,3.65,3.4,3.85,8.0,61.0,0.7741721801757813,False,PUT,2026-03-06,MU
MU260306P00315000,315.0,4.04,3.6,4.25,32.0,265.0,0.7603783728027345,False,PUT,2026-03-06,MU
MU260306P00320000,320.0,4.95,4.2,4.8,37.0,193.0,0.7585473364257813,False,PUT,2026-03-06,MU
MU260306P00325000,325.0,4.95,4.7,5.35,17.0,111.0,0.7518945709228515,False,PUT,2026-03-06,MU
MU260306P00330000,330.0,5.4,5.05,5.75,53.0,124.0,0.7372462799072266,False,PUT,2026-03-06,MU
MU260306P00335000,335.0,6.15,5.75,6.4,9.0,101.0,0.7330959307861327,False,PUT,2026-03-06,MU
MU260306P00340000,340.0,6.6,6.5,7.1,10.0,64.0,0.72851833984375,False,PUT,2026-03-06,MU
MU260306P00345000,345.0,8.3,6.95,7.75,8.0,75.0,0.7159452233886718,False,PUT,2026-03-06,MU
MU260306P00350000,350.0,8.28,7.9,8.8,63.0,182.0,0.7163724652099608,False,PUT,2026-03-06,MU
MU260306P00355000,355.0,9.19,8.9,9.45,8.0,66.0,0.7089262506103515,False,PUT,2026-03-06,MU
MU260306P00360000,360.0,9.96,9.85,10.6,60.0,105.0,0.7059965924072267,False,PUT,2026-03-06,MU
MU260306P00365000,365.0,11.82,10.9,11.65,12.0,63.0,0.7008696905517577,False,PUT,2026-03-06,MU
MU260306P00370000,370.0,12.23,11.95,13.1,22.0,76.0,0.698794515991211,False,PUT,2026-03-06,MU
MU260306P00375000,375.0,15.0,12.85,13.95,17.0,40.0,0.6853058813476562,False,PUT,2026-03-06,MU
MU260306P00380000,380.0,16.27,13.75,15.4,24.0,66.0,0.6775239767456055,False,PUT,2026-03-06,MU
MU260306P00385000,385.0,15.95,15.9,17.1,27.0,223.0,0.6848176049804688,False,PUT,2026-03-06,MU
MU260306P00390000,390.0,18.36,17.45,18.8,20.0,220.0,0.6827424304199221,False,PUT,2026-03-06,MU
MU260306P00395000,395.0,22.14,18.7,20.9,4.0,60.0,0.6795075994873048,False,PUT,2026-03-06,MU
MU260306P00400000,400.0,22.92,20.4,21.9,28.0,129.0,0.6676058630371096,False,PUT,2026-03-06,MU
MU260306P00405000,405.0,25.64,22.55,24.45,11.0,37.0,0.6739839730834963,False,PUT,2026-03-06,MU
MU260306P00410000,410.0,26.86,24.2,26.25,7.0,50.0,0.665713792114258,False,PUT,2026-03-06,MU
MU260306P00420000,420.0,30.7,28.95,31.25,20.0,19.0,0.670474486694336,False,PUT,2026-03-06,MU
MU260306P00425000,425.0,33.25,31.65,33.2,20.0,25.0,0.6675448284912111,False,PUT,2026-03-06,MU
MU260306P00430000,430.0,34.61,33.1,35.65,29.0,29.0,0.6557956784057618,False,PUT,2026-03-06,MU
MU260306P00440000,440.0,47.77,38.55,41.0,16.0,6.0,0.6539646420288087,True,PUT,2026-03-06,MU
MU260306P00445000,445.0,43.55,41.1,44.2,5.0,4.0,0.6533237792968751,True,PUT,2026-03-06,MU
MU260306P00450000,450.0,54.53,44.05,46.35,8.0,16.0,0.644809460144043,True,PUT,2026-03-06,MU
MU260306P00455000,455.0,50.67,47.6,49.45,3.0,80.0,0.6485325674438477,True,PUT,2026-03-06,MU
MU260306P00460000,460.0,51.1,51.05,52.7,1.0,73.0,0.6509434320068359,True,PUT,2026-03-06,MU
MU260306P00490000,490.0,72.6,71.25,74.35,2.0,18.0,0.6446263565063476,True,PUT,2026-03-06,MU
MU260320C00310000,310.0,134.83,132.1,134.7,25.0,5286.0,0.9014902429199219,True,CALL,2026-03-20,MU
MU260320C00320000,320.0,127.02,123.15,126.0,42.0,2753.0,0.8734143518066406,True,CALL,2026-03-20,MU
MU260320C00330000,330.0,118.05,114.4,117.65,57.0,1934.0,0.8497939825439453,True,CALL,2026-03-20,MU
MU260320C00340000,340.0,107.7,106.5,107.7,61.0,2269.0,0.8137225659179688,True,CALL,2026-03-20,MU
MU260320C00350000,350.0,100.0,98.25,101.45,1003.0,2334.0,0.8135394622802734,True,CALL,2026-03-20,MU
MU260320C00360000,360.0,93.55,92.1,94.45,105.0,4802.0,0.8206194696044922,True,CALL,2026-03-20,MU
MU260320C00370000,370.0,87.18,84.45,87.0,107.0,5231.0,0.8016072085571287,True,CALL,2026-03-20,MU
MU260320C00380000,380.0,79.45,78.3,80.2,156.0,1729.0,0.7982808258056642,True,CALL,2026-03-20,MU
MU260320C00390000,390.0,74.27,71.5,73.55,98.0,4161.0,0.7849752947998048,True,CALL,2026-03-20,MU
MU260320C00400000,400.0,66.75,65.05,67.15,1286.0,6220.0,0.7720970056152343,True,CALL,2026-03-20,MU
MU260320C00410000,410.0,61.4,59.95,62.1,256.0,2398.0,0.7765830447387696,True,CALL,2026-03-20,MU
MU260320C00420000,420.0,55.92,55.25,56.2,797.0,2321.0,0.7719139019775392,True,CALL,2026-03-20,MU
MU260320C00430000,430.0,51.22,50.3,51.65,1567.0,3319.0,0.7708763146972657,True,CALL,2026-03-20,MU
MU260320C00440000,440.0,46.15,45.8,46.5,531.0,2178.0,0.7637352728271485,False,CALL,2026-03-20,MU
MU260320C00450000,450.0,42.56,41.5,42.45,846.0,2479.0,0.7619652709960938,False,CALL,2026-03-20,MU
MU260320C00460000,460.0,40.15,37.55,39.35,124.0,1267.0,0.7655968264770509,False,CALL,2026-03-20,MU
MU260320C00470000,470.0,34.9,34.25,35.2,181.0,953.0,0.7617211328125001,False,CALL,2026-03-20,MU
MU260320C00480000,480.0,33.0,30.75,32.2,1268.0,1502.0,0.7609582009887697,False,CALL,2026-03-20,MU
MU260320C00490000,490.0,28.59,27.95,29.3,162.0,369.0,0.7625145819091796,False,CALL,2026-03-20,MU
MU260320C00500000,500.0,26.18,25.7,26.5,2182.0,4582.0,0.765474757385254,False,CALL,2026-03-20,MU
MU260320C00510000,510.0,23.58,23.15,24.1,207.0,188.0,0.7655968264770509,False,CALL,2026-03-20,MU
MU260320C00520000,520.0,22.3,21.25,22.15,133.0,745.0,0.7716392465209961,False,CALL,2026-03-20,MU
MU260320C00530000,530.0,20.28,19.1,19.95,39.0,257.0,0.7700218310546876,False,CALL,2026-03-20,MU
MU260320C00540000,540.0,18.31,17.35,18.45,101.0,207.0,0.7751487329101563,False,CALL,2026-03-20,MU
MU260320C00550000,550.0,16.2,15.9,16.85,227.0,589.0,0.7793601165771484,False,CALL,2026-03-20,MU
MU260320C00560000,560.0,14.9,14.15,15.0,127.0,240.0,0.7751487329101563,False,CALL,2026-03-20,MU
MU260320P00310000,310.0,7.18,7.0,7.75,108.0,2438.0,0.8059101440429688,False,PUT,2026-03-20,MU
MU260320P00320000,320.0,9.05,8.4,9.05,445.0,2178.0,0.7914449566650392,False,PUT,2026-03-20,MU
MU260320P00330000,330.0,10.27,9.8,10.7,473.0,13575.0,0.7767966656494141,False,PUT,2026-03-20,MU
MU260320P00340000,340.0,12.15,11.7,12.55,165.0,2992.0,0.7661156201171876,False,PUT,2026-03-20,MU
MU260320P00350000,350.0,14.3,13.8,14.8,1555.0,4118.0,0.7568994036865235,False,PUT,2026-03-20,MU
MU260320P00360000,360.0,16.7,16.55,17.35,108.0,1389.0,0.7521081918334961,False,PUT,2026-03-20,MU
MU260320P00370000,370.0,19.23,19.1,20.05,208.0,943.0,0.7406947317504882,False,PUT,2026-03-20,MU
MU260320P00380000,380.0,22.6,22.7,23.2,1455.0,2024.0,0.7381007635498047,False,PUT,2026-03-20,MU
MU260320P00390000,390.0,26.2,26.05,26.75,568.0,1177.0,0.7307155834960937,False,PUT,2026-03-20,MU
MU260320P00400000,400.0,30.5,30.3,30.8,1927.0,2490.0,0.729769548034668,False,PUT,2026-03-20,MU
MU260320P00410000,410.0,34.7,34.35,35.15,712.0,1360.0,0.723788162536621,False,PUT,2026-03-20,MU
MU260320P00420000,420.0,39.4,39.4,39.8,129.0,206.0,0.7227810925292968,False,PUT,2026-03-20,MU
MU260320P00430000,430.0,43.9,44.5,45.0,1105.0,1319.0,0.7210416079711915,False,PUT,2026-03-20,MU
MU260320P00440000,440.0,49.19,49.9,50.3,458.0,77.0,0.7171659143066407,True,PUT,2026-03-20,MU
MU260320P00450000,450.0,57.47,54.85,56.3,57.0,532.0,0.7100859069824219,True,PUT,2026-03-20,MU
MU260320P00460000,460.0,63.6,60.8,62.75,8.0,549.0,0.7093229751586915,True,PUT,2026-03-20,MU
MU260320P00470000,470.0,69.49,67.25,68.7,9.0,78.0,0.7036772796630859,True,PUT,2026-03-20,MU
MU260320P00490000,490.0,83.28,80.9,82.75,9.0,10.0,0.7015105532836915,True,PUT,2026-03-20,MU
MU260320P00500000,500.0,89.73,88.55,90.35,226.0,83.0,0.7054472814941408,True,PUT,2026-03-20,MU
MU260320P00510000,510.0,122.65,96.1,98.2,4.0,8.0,0.7067595242309571,True,PUT,2026-03-20,MU
MU260320P00520000,520.0,108.4,104.5,105.8,4.0,2.0,0.7095365960693358,True,PUT,2026-03-20,MU
MU260320P00530000,530.0,111.85,111.4,113.95,1.0,15.0,0.6996489996337891,True,PUT,2026-03-20,MU
MU260320P00550000,550.0,129.0,127.85,130.25,7.0,1.0,0.6928436477661133,True,PUT,2026-03-20,MU
MU260320P00560000,560.0,158.0,136.65,139.15,3.0,3.0,0.698092618713379,True,PUT,2026-03-20,MU
MU260417C00310000,310.0,137.35,137.2,139.9,24.0,729.0,0.84179845703125,True,CALL,2026-04-17,MU
MU260417C00320000,320.0,130.75,129.2,131.65,21.0,1184.0,0.8255632678222655,True,CALL,2026-04-17,MU
MU260417C00330000,330.0,122.35,121.75,124.6,6.0,622.0,0.8228777478027343,True,CALL,2026-04-17,MU
MU260417C00340000,340.0,115.38,114.6,116.6,34.0,686.0,0.8100299758911131,True,CALL,2026-04-17,MU
MU260417C00350000,350.0,109.35,106.85,110.05,43.0,2131.0,0.8010578976440429,True,CALL,2026-04-17,MU
MU260417C00360000,360.0,101.2,100.4,102.75,37.0,691.0,0.7929097857666016,True,CALL,2026-04-17,MU
MU260417C00370000,370.0,94.21,93.8,96.1,34.0,757.0,0.785005812072754,True,CALL,2026-04-17,MU
MU260417C00380000,380.0,90.0,87.15,90.05,33.0,1931.0,0.7776511492919922,True,CALL,2026-04-17,MU
MU260417C00390000,390.0,83.1,81.7,83.9,864.0,2124.0,0.7744773529052735,True,CALL,2026-04-17,MU
MU260417C00400000,400.0,76.56,75.85,77.15,129.0,2449.0,0.7609887182617189,True,CALL,2026-04-17,MU
MU260417C00410000,410.0,72.94,70.35,72.0,275.0,1044.0,0.7573571627807618,True,CALL,2026-04-17,MU
MU260417C00420000,420.0,67.38,65.9,67.25,325.0,948.0,0.7596764755249025,True,CALL,2026-04-17,MU
MU260417C00430000,430.0,62.7,61.3,62.25,364.0,906.0,0.755983885498047,True,CALL,2026-04-17,MU
MU260417C00440000,440.0,58.09,57.0,57.95,213.0,496.0,0.7553735400390625,False,CALL,2026-04-17,MU
MU260417C00450000,450.0,53.9,53.1,54.45,1205.0,3508.0,0.7591424232482913,False,CALL,2026-04-17,MU
MU260417C00460000,460.0,49.8,48.3,49.65,688.0,340.0,0.7461878408813477,False,CALL,2026-04-17,MU
MU260417C00470000,470.0,46.44,45.5,47.15,57.0,310.0,0.7570825073242189,False,CALL,2026-04-17,MU
MU260417C00480000,480.0,43.75,42.25,43.2,158.0,761.0,0.7533899172973633,False,CALL,2026-04-17,MU
MU260417C00490000,490.0,40.14,39.05,40.4,60.0,251.0,0.7545495736694335,False,CALL,2026-04-17,MU
MU260417C00500000,500.0,36.5,36.2,36.7,362.0,1380.0,0.7496210340881349,False,CALL,2026-04-17,MU
MU260417C00510000,510.0,35.23,33.75,35.5,92.0,363.0,0.7608819078063966,False,CALL,2026-04-17,MU
MU260417C00520000,520.0,32.37,31.05,33.1,122.0,441.0,0.7605614764404298,False,CALL,2026-04-17,MU
MU260417C00530000,530.0,30.16,28.6,30.3,68.0,1054.0,0.7569299209594728,False,CALL,2026-04-17,MU
MU260417C00540000,540.0,27.65,26.7,28.4,7.0,157.0,0.7608971664428713,False,CALL,2026-04-17,MU
MU260417C00550000,550.0,25.98,24.7,25.9,535.0,1152.0,0.7579675082397462,False,CALL,2026-04-17,MU
MU260417C00560000,560.0,24.23,22.5,24.7,91.0,122.0,0.7607750973510744,False,CALL,2026-04-17,MU
MU260417P00310000,310.0,11.95,11.5,12.05,310.0,1180.0,0.758364232788086,False,PUT,2026-04-17,MU
MU260417P00320000,320.0,14.05,13.4,13.95,218.0,759.0,0.7489649127197266,False,PUT,2026-04-17,MU
MU260417P00330000,330.0,16.0,15.6,16.55,44.0,580.0,0.7454249090576173,False,PUT,2026-04-17,MU
MU260417P00340000,340.0,18.65,18.0,18.95,420.0,893.0,0.7371547280883789,False,PUT,2026-04-17,MU
MU260417P00350000,350.0,20.9,20.5,21.75,332.0,1514.0,0.7291897198486328,False,PUT,2026-04-17,MU
MU260417P00360000,360.0,24.5,23.8,25.0,37.0,521.0,0.7274197180175781,False,PUT,2026-04-17,MU
MU260417P00370000,370.0,28.05,27.25,27.9,52.0,405.0,0.7196378134155273,False,PUT,2026-04-17,MU
MU260417P00380000,380.0,31.5,30.6,31.95,570.0,338.0,0.7157926370239257,False,PUT,2026-04-17,MU
MU260417P00390000,390.0,35.2,34.4,35.6,71.0,693.0,0.7083464224243164,False,PUT,2026-04-17,MU
MU260417P00400000,400.0,39.45,39.65,40.3,497.0,406.0,0.714144704284668,False,PUT,2026-04-17,MU
MU260417P00410000,410.0,43.9,44.3,45.1,28.0,137.0,0.7124052197265626,False,PUT,2026-04-17,MU
MU260417P00420000,420.0,49.08,48.9,50.25,53.0,108.0,0.7088957333374023,False,PUT,2026-04-17,MU
MU260417P00430000,430.0,53.3,53.05,55.1,169.0,201.0,0.6971313246154787,False,PUT,2026-04-17,MU
MU260417P00440000,440.0,60.0,59.3,61.3,64.0,55.0,0.7037383142089844,True,PUT,2026-04-17,MU
MU260417P00450000,450.0,66.0,66.0,66.45,31.0,96.0,0.70312796875,True,PUT,2026-04-17,MU
MU260417P00460000,460.0,72.5,71.9,73.15,10.0,40.0,0.7039366764831543,True,PUT,2026-04-17,MU
MU260417P00470000,470.0,80.55,77.75,79.2,58.0,36.0,0.6972686523437501,True,PUT,2026-04-17,MU
MU260417P00480000,480.0,91.9,83.85,86.35,1.0,6.0,0.6960021855163574,True,PUT,2026-04-17,MU
MU260417P00490000,490.0,93.7,91.9,93.0,44.0,7.0,0.7010222769165039,True,PUT,2026-04-17,MU
MU260417P00500000,500.0,100.9,99.15,100.15,6.0,21.0,0.7014647773742677,True,PUT,2026-04-17,MU
MU260417P00510000,510.0,109.75,105.85,107.1,7.0,25.0,0.6942779595947266,True,PUT,2026-04-17,MU
MU260417P00530000,530.0,122.75,120.0,122.7,53.0,2.0,0.6879914013671876,True,PUT,2026-04-17,MU
MU260417P00550000,550.0,149.05,135.65,137.8,7.0,2.0,0.6781038049316408,True,PUT,2026-04-17,MU
MU260515C00310000,310.0,144.43,143.0,145.75,7.0,481.0,0.8263872341918944,True,CALL,2026-05-15,MU
MU260515C00320000,320.0,138.9,135.05,138.25,15.0,1129.0,0.8126544613647461,True,CALL,2026-05-15,MU
MU260515C00330000,330.0,124.32,128.4,131.1,6.0,372.0,0.8092060095214844,True,CALL,2026-05-15,MU
MU260515C00340000,340.0,125.0,121.45,123.85,6.0,352.0,0.7995930685424805,True,CALL,2026-05-15,MU
MU260515C00350000,350.0,116.0,114.65,117.05,51.0,585.0,0.7915059912109376,True,CALL,2026-05-15,MU
MU260515C00360000,360.0,109.6,107.65,109.8,4.0,632.0,0.7764762342834475,True,CALL,2026-05-15,MU
MU260515C00370000,370.0,103.07,101.95,104.2,4.0,794.0,0.7781089083862305,True,CALL,2026-05-15,MU
MU260515C00380000,380.0,98.7,95.55,98.45,36.0,878.0,0.7713340737915039,True,CALL,2026-05-15,MU
MU260515C00390000,390.0,90.05,90.65,92.0,36.0,492.0,0.7667870001220705,True,CALL,2026-05-15,MU
MU260515C00400000,400.0,85.66,85.0,86.05,50.0,1247.0,0.7581811291503908,True,CALL,2026-05-15,MU
MU260515C00410000,410.0,81.92,80.0,81.85,63.0,363.0,0.7608056146240236,True,CALL,2026-05-15,MU
MU260515C00420000,420.0,77.65,74.55,76.65,345.0,882.0,0.7526575027465819,True,CALL,2026-05-15,MU
MU260515C00430000,430.0,72.75,69.95,72.1,85.0,537.0,0.7504602590942383,True,CALL,2026-05-15,MU
MU260515C00440000,440.0,68.0,66.05,68.4,105.0,354.0,0.7542901768493653,False,CALL,2026-05-15,MU
MU260515C00450000,450.0,62.9,62.2,64.4,238.0,595.0,0.7543817286682128,False,CALL,2026-05-15,MU
MU260515C00460000,460.0,60.7,58.45,60.0,69.0,287.0,0.7506433627319337,False,CALL,2026-05-15,MU
MU260515C00470000,470.0,55.9,54.6,57.2,29.0,111.0,0.7527948304748535,False,CALL,2026-05-15,MU
MU260515C00480000,480.0,52.0,50.65,53.8,42.0,289.0,0.749148016357422,False,CALL,2026-05-15,MU
MU260515C00490000,490.0,49.75,47.7,50.45,75.0,283.0,0.749148016357422,False,CALL,2026-05-15,MU
MU260515C00500000,500.0,46.99,45.0,46.75,351.0,851.0,0.7466913758850098,False,CALL,2026-05-15,MU
MU260515C00510000,510.0,43.99,42.25,44.7,31.0,301.0,0.7510858631896973,False,CALL,2026-05-15,MU
MU260515C00520000,520.0,40.05,39.5,40.9,484.0,223.0,0.74414318359375,False,CALL,2026-05-15,MU
MU260515C00530000,530.0,38.41,37.25,39.15,104.0,105.0,0.749575258178711,False,CALL,2026-05-15,MU
MU260515C00540000,540.0,36.68,34.45,37.0,3.0,92.0,0.7481104290771485,False,CALL,2026-05-15,MU
MU260515C00550000,550.0,34.32,33.05,34.85,15.0,334.0,0.7530847445678711,False,CALL,2026-05-15,MU
MU260515C00560000,560.0,31.9,30.75,33.45,5.0,893.0,0.7558160404968262,False,CALL,2026-05-15,MU
MU260515P00310000,310.0,17.3,15.8,16.75,12.0,338.0,0.7377040390014648,False,PUT,2026-05-15,MU
MU260515P00320000,320.0,18.8,18.25,19.15,46.0,257.0,0.7321804125976561,False,PUT,2026-05-15,MU
MU260515P00330000,330.0,21.75,21.1,21.8,13.0,257.0,0.7283047189331054,False,PUT,2026-05-15,MU
MU260515P00340000,340.0,24.3,24.0,24.6,279.0,414.0,0.7223843679809571,False,PUT,2026-05-15,MU
MU260515P00350000,350.0,26.8,26.8,28.2,189.0,10973.0,0.7181729843139649,False,PUT,2026-05-15,MU
MU260515P00360000,360.0,35.72,29.85,31.0,31.0,505.0,0.7070341796875,False,PUT,2026-05-15,MU
MU260515P00370000,370.0,33.95,34.1,34.9,10.0,176.0,0.7081022842407226,False,PUT,2026-05-15,MU
MU260515P00380000,380.0,37.85,38.15,39.1,35.0,663.0,0.7063170237731935,False,PUT,2026-05-15,MU
MU260515P00390000,390.0,43.15,42.7,43.05,9192.0,10258.0,0.7029143478393555,False,PUT,2026-05-15,MU
MU260515P00400000,400.0,46.2,47.1,48.5,84.0,163.0,0.7044402114868166,False,PUT,2026-05-15,MU
MU260515P00410000,410.0,51.24,51.6,52.9,52.0,230.0,0.6975433078002932,False,PUT,2026-05-15,MU
MU260515P00420000,420.0,57.75,56.95,57.7,51.0,41.0,0.6950256327819824,False,PUT,2026-05-15,MU
MU260515P00430000,430.0,63.15,62.6,63.6,8.0,29.0,0.6974975318908694,False,PUT,2026-05-15,MU
MU260515P00440000,440.0,67.0,67.45,68.45,14.0,9.0,0.6872895040893555,True,PUT,2026-05-15,MU
MU260515P00450000,450.0,75.99,72.45,74.6,36.0,24.0,0.6825135508728029,True,PUT,2026-05-15,MU
MU260515P00460000,460.0,81.5,79.05,81.3,4.0,24.0,0.6868012277221681,True,PUT,2026-05-15,MU
MU260515P00470000,470.0,86.2,86.5,87.45,5.0,47.0,0.6903412313842775,True,PUT,2026-05-15,MU
MU260515P00480000,480.0,95.2,91.1,93.9,28.0,35.0,0.6779664772033693,True,PUT,2026-05-15,MU
MU260515P00490000,490.0,99.35,99.8,100.55,4.0,27.0,0.6864960549926759,True,PUT,2026-05-15,MU
MU260515P00500000,500.0,108.4,104.8,107.3,3.0,41.0,0.6734346621704103,True,PUT,2026-05-15,MU
MU260515P00510000,510.0,117.45,112.05,114.9,3.0,45.0,0.6751436294555665,True,PUT,2026-05-15,MU
MU260515P00530000,530.0,131.95,126.9,130.4,3.0,7.0,0.6765779412841797,True,PUT,2026-05-15,MU
MU260515P00540000,540.0,136.7,134.55,137.25,3.0,2.0,0.6705660385131836,True,PUT,2026-05-15,MU
MU260515P00550000,550.0,157.75,142.35,145.25,7.0,16.0,0.6702913830566408,True,PUT,2026-05-15,MU
MU260515P00560000,560.0,166.07,150.3,153.85,3.0,4.0,0.6728853512573244,True,PUT,2026-05-15,MU
MU260618C00310000,310.0,144.0,148.7,151.8,4.0,465.0,0.8052387640380858,True,CALL,2026-06-18,MU
MU260618C00320000,320.0,141.29,142.3,145.1,5.0,570.0,0.8045826426696776,True,CALL,2026-06-18,MU
MU260618C00330000,330.0,138.96,135.7,138.0,20.0,882.0,0.7971822039794922,True,CALL,2026-06-18,MU
MU260618C00340000,340.0,128.51,129.0,131.2,31.0,676.0,0.7888204711914062,True,CALL,2026-06-18,MU
MU260618C00350000,350.0,120.5,122.65,125.1,208.0,2798.0,0.784609087524414,True,CALL,2026-06-18,MU
MU260618C00360000,360.0,118.1,116.3,118.95,59.0,730.0,0.7778342529296876,True,CALL,2026-06-18,MU
MU260618C00370000,370.0,108.1,110.65,113.0,600.0,7189.0,0.7739585592651368,True,CALL,2026-06-18,MU
MU260618C00380000,380.0,106.85,104.95,107.4,99.0,2236.0,0.7695488133239747,True,CALL,2026-06-18,MU
MU260618C00390000,390.0,101.67,99.25,101.55,13.0,507.0,0.7618126846313477,True,CALL,2026-06-18,MU
MU260618C00400000,400.0,95.5,94.15,96.4,171.0,2828.0,0.7588525091552736,True,CALL,2026-06-18,MU
MU260618C00410000,410.0,91.82,89.25,91.65,46.0,387.0,0.756884145050049,True,CALL,2026-06-18,MU
MU260618C00420000,420.0,87.1,84.9,86.85,36.0,530.0,0.7554345745849609,True,CALL,2026-06-18,MU
MU260618C00430000,430.0,82.0,79.95,82.6,628.0,531.0,0.7518640536499023,True,CALL,2026-06-18,MU
MU260618C00440000,440.0,77.25,76.65,78.05,186.0,928.0,0.7529474168395995,False,CALL,2026-06-18,MU
MU260618C00450000,450.0,75.0,71.7,74.4,138.0,837.0,0.7487207745361328,False,CALL,2026-06-18,MU
MU260618C00460000,460.0,70.98,68.25,69.9,561.0,2253.0,0.7459131854248047,False,CALL,2026-06-18,MU
MU260618C00470000,470.0,67.0,64.25,66.35,26.0,660.0,0.7433497344970703,False,CALL,2026-06-18,MU
MU260618C00480000,480.0,63.05,61.6,63.5,97.0,724.0,0.7487818090820313,False,CALL,2026-06-18,MU
MU260618C00490000,490.0,59.05,57.8,59.75,33.0,259.0,0.7431513722229004,False,CALL,2026-06-18,MU
MU260618C00500000,500.0,57.35,55.15,56.3,302.0,1575.0,0.7428156822204588,False,CALL,2026-06-18,MU
MU260618C00510000,510.0,51.43,52.3,53.7,15.0,169.0,0.74414318359375,False,CALL,2026-06-18,MU
MU260618C00520000,520.0,49.5,49.05,52.25,13.0,2055.0,0.7476526699829101,False,CALL,2026-06-18,MU
MU260618C00530000,530.0,48.53,47.05,49.55,15.0,356.0,0.7499414654541017,False,CALL,2026-06-18,MU
MU260618C00540000,540.0,46.33,44.1,47.0,507.0,86.0,0.7471796522521974,False,CALL,2026-06-18,MU
MU260618C00550000,550.0,41.95,42.35,44.65,28.0,468.0,0.7499414654541017,False,CALL,2026-06-18,MU
MU260618C00560000,560.0,39.62,40.2,41.5,3.0,154.0,0.7457453404235839,False,CALL,2026-06-18,MU
MU260618P00310000,310.0,22.3,20.95,22.15,5.0,1024.0,0.7236966107177734,False,PUT,2026-06-18,MU
MU260618P00320000,320.0,24.18,23.65,25.25,251.0,836.0,0.7202786761474609,False,PUT,2026-06-18,MU
MU260618P00330000,330.0,27.0,26.6,27.95,49.0,1043.0,0.712939272003174,False,PUT,2026-06-18,MU
MU260618P00340000,340.0,35.1,30.05,31.25,6.0,483.0,0.7101011656188965,False,PUT,2026-06-18,MU
MU260618P00350000,350.0,33.33,32.8,34.7,174.0,1579.0,0.701251156463623,False,PUT,2026-06-18,MU
MU260618P00360000,360.0,37.98,36.8,38.7,13.0,248.0,0.7005950350952149,False,PUT,2026-06-18,MU
MU260618P00370000,370.0,43.83,41.15,42.75,51.0,286.0,0.6994353787231445,False,PUT,2026-06-18,MU
MU260618P00380000,380.0,50.2,44.8,46.75,8.0,195.0,0.6917450259399415,False,PUT,2026-06-18,MU
MU260618P00390000,390.0,54.57,49.1,51.65,6.0,426.0,0.6900360586547852,False,PUT,2026-06-18,MU
MU260618P00400000,400.0,53.2,54.3,55.55,183.0,406.0,0.6855195022583008,False,PUT,2026-06-18,MU
MU260618P00410000,410.0,61.75,58.25,61.15,23.0,245.0,0.6811097563171389,False,PUT,2026-06-18,MU
MU260618P00420000,420.0,65.05,64.05,66.35,144.0,76.0,0.6816743258666994,False,PUT,2026-06-18,MU
MU260618P00430000,430.0,70.27,69.4,71.65,24.0,430.0,0.6784394949340821,False,PUT,2026-06-18,MU
MU260618P00440000,440.0,76.5,76.25,77.15,50.0,34.0,0.6812776013183595,True,PUT,2026-06-18,MU
MU260618P00450000,450.0,89.3,80.7,82.8,10.0,19.0,0.6715578498840333,True,PUT,2026-06-18,MU
MU260618P00460000,460.0,87.8,87.8,89.25,7.0,23.0,0.6761659580993653,True,PUT,2026-06-18,MU
MU260618P00470000,470.0,94.15,94.15,95.4,41.0,20.0,0.6740450076293948,True,PUT,2026-06-18,MU
MU260618P00480000,480.0,104.2,100.65,102.3,13.0,10.0,0.6743959562683106,True,PUT,2026-06-18,MU
MU260618P00490000,490.0,111.8,106.4,109.2,3.0,68.0,0.6695589685058594,True,PUT,2026-06-18,MU
MU260618P00500000,500.0,117.13,113.35,116.1,1.0,78.0,0.6687044848632814,True,PUT,2026-06-18,MU
MU260618P00510000,510.0,153.1,120.05,122.7,,1.0,0.6636691348266602,True,PUT,2026-06-18,MU
MU260618P00520000,520.0,133.03,127.45,130.85,1.0,124.0,0.6678042253112795,True,PUT,2026-06-18,MU
MU260618P00540000,540.0,148.3,142.2,145.5,3.0,18.0,0.6636691348266602,True,PUT,2026-06-18,MU
MU260618P00550000,550.0,161.85,149.9,153.2,2.0,9.0,0.662936720275879,True,PUT,2026-06-18,MU
MU260717C00310000,310.0,153.73,154.25,157.75,2.0,217.0,0.8063984204101562,True,CALL,2026-07-17,MU
MU260717C00320000,320.0,150.55,147.7,151.0,15.0,375.0,0.800935828552246,True,CALL,2026-07-17,MU
MU260717C00330000,330.0,141.6,141.0,142.85,6.0,184.0,0.7845785702514648,True,CALL,2026-07-17,MU
MU260717C00340000,340.0,135.75,135.0,135.65,13.0,265.0,0.776216837463379,True,CALL,2026-07-17,MU
MU260717C00350000,350.0,129.6,129.05,131.7,39.0,730.0,0.7836630520629884,True,CALL,2026-07-17,MU
MU260717C00360000,360.0,125.0,123.5,126.15,5.0,437.0,0.7822897747802735,True,CALL,2026-07-17,MU
MU260717C00370000,370.0,118.0,117.35,118.85,7.0,457.0,0.7672600178527833,True,CALL,2026-07-17,MU
MU260717C00380000,380.0,112.7,111.9,114.75,43.0,329.0,0.7699455378723146,True,CALL,2026-07-17,MU
MU260717C00390000,390.0,107.46,106.35,108.35,1.0,1121.0,0.7592950096130373,True,CALL,2026-07-17,MU
MU260717C00400000,400.0,102.9,102.45,104.3,167.0,896.0,0.7657646714782715,True,CALL,2026-07-17,MU
MU260717C00410000,410.0,100.35,97.5,99.95,94.0,235.0,0.7641319973754883,True,CALL,2026-07-17,MU
MU260717C00420000,420.0,93.39,92.85,95.4,86.0,771.0,0.761370184173584,True,CALL,2026-07-17,MU
MU260717C00430000,430.0,89.9,88.95,91.35,87.0,4311.0,0.7626061337280273,True,CALL,2026-07-17,MU
MU260717C00440000,440.0,86.81,84.15,85.7,35.0,183.0,0.7514368118286132,False,CALL,2026-07-17,MU
MU260717C00450000,450.0,82.4,80.6,83.35,31.0,392.0,0.758638888244629,False,CALL,2026-07-17,MU
MU260717C00460000,460.0,79.4,77.05,79.7,3.0,207.0,0.7587762159729006,False,CALL,2026-07-17,MU
MU260717C00470000,470.0,74.95,72.65,75.9,26.0,4097.0,0.7533288827514649,False,CALL,2026-07-17,MU
MU260717C00480000,480.0,71.41,69.45,72.55,27.0,222.0,0.753634055480957,False,CALL,2026-07-17,MU
MU260717C00490000,490.0,67.6,66.45,69.4,8.0,103.0,0.7543969873046875,False,CALL,2026-07-17,MU
MU260717C00500000,500.0,66.0,63.95,66.55,60.0,456.0,0.7573876800537109,False,CALL,2026-07-17,MU
MU260717C00510000,510.0,61.7,61.1,62.85,5.0,143.0,0.7541375904846193,False,CALL,2026-07-17,MU
MU260717C00520000,520.0,60.1,57.75,60.25,4.0,295.0,0.7523218127441407,False,CALL,2026-07-17,MU
MU260717C00530000,530.0,57.47,55.35,57.95,6.0,99.0,0.7547937118530273,False,CALL,2026-07-17,MU
MU260717C00540000,540.0,54.3,52.9,55.45,8.0,172.0,0.7551904364013673,False,CALL,2026-07-17,MU
MU260717C00550000,550.0,51.0,50.45,53.3,9.0,111.0,0.7561364718627931,False,CALL,2026-07-17,MU
MU260717C00560000,560.0,49.45,48.3,50.25,12.0,89.0,0.7535119863891601,False,CALL,2026-07-17,MU
MU260717P00310000,310.0,29.05,25.95,26.75,25.0,530.0,0.7227505752563476,False,PUT,2026-07-17,MU
MU260717P00320000,320.0,30.7,29.05,29.85,7.0,222.0,0.7184476397705077,False,PUT,2026-07-17,MU
MU260717P00330000,330.0,34.05,32.2,33.2,12.0,218.0,0.7135648760986328,False,PUT,2026-07-17,MU
MU260717P00340000,340.0,35.8,35.75,36.65,18.0,203.0,0.7092924578857422,False,PUT,2026-07-17,MU
MU260717P00350000,350.0,39.52,39.6,40.35,85.0,244.0,0.7058287474060059,False,PUT,2026-07-17,MU
MU260717P00360000,360.0,45.45,43.15,44.5,27.0,138.0,0.7010222769165039,False,PUT,2026-07-17,MU
MU260717P00370000,370.0,50.85,47.75,49.5,6.0,45.0,0.7037230555725098,False,PUT,2026-07-17,MU
MU260717P00380000,380.0,52.45,52.15,53.15,11.0,115.0,0.6965972723388674,False,PUT,2026-07-17,MU
MU260717P00390000,390.0,57.2,56.3,58.65,4.0,181.0,0.6953155468750001,False,PUT,2026-07-17,MU
MU260717P00400000,400.0,62.3,61.65,62.8,50.0,97.0,0.6914398532104493,False,PUT,2026-07-17,MU
MU260717P00410000,410.0,68.3,65.95,68.35,3.0,72.0,0.6873963145446778,False,PUT,2026-07-17,MU
MU260717P00420000,420.0,73.75,72.15,73.65,1.0,50.0,0.6889832127380373,False,PUT,2026-07-17,MU
MU260717P00430000,430.0,79.4,77.65,79.45,4.0,36.0,0.6879151081848147,False,PUT,2026-07-17,MU
MU260717P00440000,440.0,85.0,82.6,84.4,25.0,89.0,0.6791413922119143,True,PUT,2026-07-17,MU
MU260717P00450000,450.0,90.4,88.45,90.65,32.0,40.0,0.6783632017517089,True,PUT,2026-07-17,MU
MU260717P00460000,460.0,96.95,94.45,96.9,21.0,40.0,0.6766694931030274,True,PUT,2026-07-17,MU
MU260717P00470000,470.0,103.08,100.8,103.15,12.0,13.0,0.6749910430908206,True,PUT,2026-07-17,MU
MU260717P00480000,480.0,109.8,107.4,110.05,2.0,31.0,0.6757081990051272,True,PUT,2026-07-17,MU
MU260717P00490000,490.0,116.9,113.9,116.9,2.0,29.0,0.6743959562683106,True,PUT,2026-07-17,MU
MU260717P00500000,500.0,122.95,120.75,123.55,3.0,36.0,0.6723970748901369,True,PUT,2026-07-17,MU
MU260717P00510000,510.0,129.15,127.8,130.8,2.0,15.0,0.672503885345459,True,PUT,2026-07-17,MU
MU260717P00520000,520.0,137.05,134.95,137.95,2.0,4.0,0.6713900048828126,True,PUT,2026-07-17,MU
MU260717P00530000,530.0,146.2,142.2,145.25,25.0,34.0,0.6701540553283694,True,PUT,2026-07-17,MU
MU260717P00540000,540.0,151.3,149.7,152.4,6.0,5.0,0.66817043258667,True,PUT,2026-07-17,MU
MU260717P00550000,550.0,162.15,156.95,160.25,35.0,48.0,0.6670260348510745,True,PUT,2026-07-17,MU
MU260717P00560000,560.0,169.75,164.7,167.65,74.0,64.0,0.665011894836426,True,PUT,2026-07-17,MU
MU260821C00310000,310.0,153.0,159.85,163.15,1.0,497.0,0.7963582376098632,True,CALL,2026-08-21,MU
MU260821C00320000,320.0,155.0,153.65,156.55,2.0,238.0,0.7913228875732423,True,CALL,2026-08-21,MU
MU260821C00330000,330.0,146.75,147.85,150.85,1.0,221.0,0.7912618530273439,True,CALL,2026-08-21,MU
MU260821C00340000,340.0,145.85,142.3,144.75,2.0,314.0,0.7884695225524903,True,CALL,2026-08-21,MU
MU260821C00350000,350.0,134.52,135.85,138.6,3.0,447.0,0.7794211511230469,True,CALL,2026-08-21,MU
MU260821C00360000,360.0,130.5,129.95,133.2,55.0,875.0,0.7751792501831055,True,CALL,2026-08-21,MU
MU260821C00370000,370.0,120.8,125.4,127.85,2.0,174.0,0.7757590783691408,True,CALL,2026-08-21,MU
MU260821C00380000,380.0,117.76,120.15,122.85,10.0,205.0,0.7731498515319823,True,CALL,2026-08-21,MU
MU260821C00390000,390.0,118.3,114.7,117.75,7.0,240.0,0.7678093287658694,True,CALL,2026-08-21,MU
MU260821C00400000,400.0,110.24,110.2,112.9,24.0,409.0,0.7662529478454589,True,CALL,2026-08-21,MU
MU260821C00410000,410.0,110.15,105.3,108.0,1.0,97.0,0.7614769946289064,True,CALL,2026-08-21,MU
MU260821C00420000,420.0,98.5,100.6,103.6,25.0,226.0,0.7583337155151368,True,CALL,2026-08-21,MU
MU260821C00430000,430.0,97.45,96.9,99.7,47.0,207.0,0.760012165527344,True,CALL,2026-08-21,MU
MU260821C00440000,440.0,95.48,93.15,95.7,16.0,571.0,0.759813803253174,False,CALL,2026-08-21,MU
MU260821C00450000,450.0,91.2,88.55,91.9,35.0,392.0,0.7558465577697755,False,CALL,2026-08-21,MU
MU260821C00460000,460.0,85.73,85.3,87.9,6.0,56.0,0.7553125054931642,False,CALL,2026-08-21,MU
MU260821C00470000,470.0,78.0,81.45,84.65,10.0,304.0,0.7542444009399415,False,CALL,2026-08-21,MU
MU260821C00480000,480.0,73.39,78.8,81.3,8.0,111.0,0.7564111273193359,False,CALL,2026-08-21,MU
MU260821C00490000,490.0,74.51,75.2,78.1,15.0,169.0,0.7544275045776367,False,CALL,2026-08-21,MU
MU260821C00500000,500.0,73.23,72.55,74.2,37.0,145.0,0.7524438818359375,False,CALL,2026-08-21,MU
MU260821C00510000,510.0,68.35,69.35,72.0,14.0,120.0,0.7539697454833985,False,CALL,2026-08-21,MU
MU260821C00520000,520.0,67.73,66.7,69.35,4.0,160.0,0.7549768154907227,False,CALL,2026-08-21,MU
MU260821C00530000,530.0,64.91,63.8,66.6,11.0,80.0,0.7537408659362792,False,CALL,2026-08-21,MU
MU260821C00540000,540.0,58.66,61.25,63.95,2.0,75.0,0.7534051759338378,False,CALL,2026-08-21,MU
MU260821C00550000,550.0,59.01,59.4,61.35,23.0,132.0,0.7551904364013673,False,CALL,2026-08-21,MU
MU260821C00560000,560.0,59.2,56.55,58.5,2.0,20.0,0.7512994841003418,False,CALL,2026-08-21,MU
MU260821P00310000,310.0,34.05,30.2,31.9,2.0,40.0,0.7129850479125978,False,PUT,2026-08-21,MU
MU260821P00320000,320.0,34.6,33.9,35.3,12.0,366.0,0.7112150460815431,False,PUT,2026-08-21,MU
MU260821P00330000,330.0,40.5,37.25,38.5,3.0,457.0,0.7044096942138673,False,PUT,2026-08-21,MU
MU260821P00340000,340.0,44.15,41.2,42.6,3.0,147.0,0.7034636587524415,False,PUT,2026-08-21,MU
MU260821P00350000,350.0,48.7,44.9,46.8,170.0,27.0,0.699771068725586,False,PUT,2026-08-21,MU
MU260821P00360000,360.0,50.55,48.8,50.6,2.0,40.0,0.6933777000427246,False,PUT,2026-08-21,MU
MU260821P00370000,370.0,54.3,53.25,54.95,2.0,111.0,0.6904633004760744,False,PUT,2026-08-21,MU
MU260821P00380000,380.0,60.0,57.8,60.0,6.0,148.0,0.6893951959228517,False,PUT,2026-08-21,MU
MU260821P00390000,390.0,64.95,62.6,64.45,6.0,22.0,0.6851227777099609,False,PUT,2026-08-21,MU
MU260821P00400000,400.0,71.0,67.1,70.05,3.0,16.0,0.6829560513305665,False,PUT,2026-08-21,MU
MU260821P00410000,410.0,74.3,73.15,75.3,1.0,69.0,0.6842377767944338,False,PUT,2026-08-21,MU
MU260821P00420000,420.0,80.55,78.85,80.55,12.0,42.0,0.6825135508728029,False,PUT,2026-08-21,MU
MU260821P00430000,430.0,84.6,83.6,86.2,3.0,6.0,0.6771882867431642,False,PUT,2026-08-21,MU
MU260821P00440000,440.0,90.45,89.0,92.0,2.0,15.0,0.6737398348999025,True,PUT,2026-08-21,MU
MU260821P00450000,450.0,112.2,96.2,97.9,17.0,38.0,0.6764711308288576,True,PUT,2026-08-21,MU
MU260821P00460000,460.0,158.4,101.35,104.55,,3.0,0.6728090580749513,True,PUT,2026-08-21,MU
MU260821P00470000,470.0,110.7,107.7,110.85,4.0,6.0,0.671222159881592,True,PUT,2026-08-21,MU
MU260821P00480000,480.0,116.05,114.15,117.05,2.0,22.0,0.6684756053161622,True,PUT,2026-08-21,MU
MU260821P00490000,490.0,125.29,120.75,124.15,2.0,19.0,0.6686129330444338,True,PUT,2026-08-21,MU
MU260821P00500000,500.0,132.29,128.3,130.45,13.0,14.0,0.6682467257690431,True,PUT,2026-08-21,MU
MU260821P00510000,510.0,136.55,134.6,137.85,1.0,4.0,0.6662020684814456,True,PUT,2026-08-21,MU
MU260821P00520000,520.0,181.45,141.7,144.25,1.0,21.0,0.6623568920898439,True,PUT,2026-08-21,MU
MU260821P00550000,550.0,166.1,163.9,166.65,2.0,4.0,0.6608768043518067,True,PUT,2026-08-21,MU
MU260821P00560000,560.0,186.4,171.25,174.25,20.0,11.0,0.6588474057006836,True,PUT,2026-08-21,MU
MU260918C00310000,310.0,169.8,164.15,167.25,2.0,277.0,0.7906820248413086,True,CALL,2026-09-18,MU
MU260918C00320000,320.0,159.06,158.95,161.45,1.0,815.0,0.793123406677246,True,CALL,2026-09-18,MU
MU260918C00330000,330.0,147.37,152.6,155.4,1.0,494.0,0.7868215898132322,True,CALL,2026-09-18,MU
MU260918C00340000,340.0,145.91,146.3,149.05,2.0,256.0,0.7780326152038575,True,CALL,2026-09-18,MU
MU260918C00350000,350.0,139.4,141.55,143.95,16.0,733.0,0.780672359313965,True,CALL,2026-09-18,MU
MU260918C00360000,360.0,134.25,135.5,138.4,4.0,443.0,0.7739433006286622,True,CALL,2026-09-18,MU
MU260918C00370000,370.0,125.0,130.65,133.25,6.0,212.0,0.7728446788024903,True,CALL,2026-09-18,MU
MU260918C00380000,380.0,126.12,125.35,127.8,11.0,292.0,0.767229500579834,True,CALL,2026-09-18,MU
MU260918C00390000,390.0,123.13,120.4,122.95,2.0,188.0,0.7643456182861328,True,CALL,2026-09-18,MU
MU260918C00400000,400.0,118.0,115.9,118.3,93.0,960.0,0.7628350132751465,True,CALL,2026-09-18,MU
MU260918C00410000,410.0,111.26,110.5,113.75,29.0,105.0,0.7569909555053712,True,CALL,2026-09-18,MU
MU260918C00420000,420.0,107.26,107.1,109.8,32.0,158.0,0.7601342346191409,True,CALL,2026-09-18,MU
MU260918C00430000,430.0,103.5,103.4,105.25,39.0,345.0,0.7586236296081543,True,CALL,2026-09-18,MU
MU260918C00440000,440.0,101.7,98.3,101.25,14.0,337.0,0.7528406063842773,False,CALL,2026-09-18,MU
MU260918C00450000,450.0,95.72,95.2,97.1,6.0,388.0,0.753008451385498,False,CALL,2026-09-18,MU
MU260918C00460000,460.0,92.35,91.35,93.35,33.0,132.0,0.750856983642578,False,CALL,2026-09-18,MU
MU260918C00470000,470.0,95.54,88.25,90.2,16.0,76.0,0.7527185372924804,False,CALL,2026-09-18,MU
MU260918C00480000,480.0,77.54,84.0,86.65,4.0,140.0,0.7479578427124024,False,CALL,2026-09-18,MU
MU260918C00490000,490.0,85.31,81.0,83.8,2.0,121.0,0.7494226718139648,False,CALL,2026-09-18,MU
MU260918C00500000,500.0,78.27,78.45,80.75,80.0,341.0,0.750933276824951,False,CALL,2026-09-18,MU
MU260918C00510000,510.0,81.13,75.25,77.55,29.0,26.0,0.7486902572631836,False,CALL,2026-09-18,MU
MU260918C00520000,520.0,74.0,72.9,75.1,40.0,407.0,0.7514520704650878,False,CALL,2026-09-18,MU
MU260918C00530000,530.0,70.95,69.9,72.15,25.0,70.0,0.7492624561309815,False,CALL,2026-09-18,MU
MU260918C00540000,540.0,67.85,66.85,69.6,19.0,47.0,0.7476068940734863,False,CALL,2026-09-18,MU
MU260918C00550000,550.0,65.43,64.4,67.2,15.0,764.0,0.7479425840759277,False,CALL,2026-09-18,MU
MU260918C00560000,560.0,54.28,62.45,64.65,21.0,49.0,0.748873360900879,False,CALL,2026-09-18,MU
MU260918P00310000,310.0,35.48,33.8,35.15,2.0,322.0,0.7054472814941408,False,PUT,2026-09-18,MU
MU260918P00320000,320.0,37.65,37.15,38.55,23.0,542.0,0.7002898623657227,False,PUT,2026-09-18,MU
MU260918P00330000,330.0,42.0,40.55,42.5,43.0,1029.0,0.6963836514282228,False,PUT,2026-09-18,MU
MU260918P00340000,340.0,44.85,45.05,46.45,12.0,201.0,0.6959411509704589,False,PUT,2026-09-18,MU
MU260918P00350000,350.0,51.6,48.9,50.0,6.0,1081.0,0.6889221781921389,False,PUT,2026-09-18,MU
MU260918P00360000,360.0,54.52,53.05,55.2,17.0,534.0,0.6890900231933594,False,PUT,2026-09-18,MU
MU260918P00370000,370.0,60.22,57.5,59.65,2.0,96.0,0.6856263127136231,False,PUT,2026-09-18,MU
MU260918P00380000,380.0,64.1,62.15,64.5,15.0,143.0,0.6832001895141603,False,PUT,2026-09-18,MU
MU260918P00390000,390.0,69.7,67.05,69.55,3.0,185.0,0.6811555322265627,False,PUT,2026-09-18,MU
MU260918P00400000,400.0,73.97,72.85,74.35,6.0,86.0,0.6803010485839844,False,PUT,2026-09-18,MU
MU260918P00410000,410.0,85.99,77.35,79.7,1.0,19.0,0.6751436294555665,False,PUT,2026-09-18,MU
MU260918P00420000,420.0,85.7,82.35,85.0,9.0,1003.0,0.6705202626037599,False,PUT,2026-09-18,MU
MU260918P00430000,430.0,96.32,89.05,91.3,1.0,10.0,0.6748994912719729,False,PUT,2026-09-18,MU
MU260918P00440000,440.0,95.48,94.0,97.0,4.0,4.0,0.6691622439575197,True,PUT,2026-09-18,MU
MU260918P00450000,450.0,116.3,100.8,102.85,35.0,22.0,0.6697420721435547,True,PUT,2026-09-18,MU
MU260918P00460000,460.0,108.95,106.15,108.9,66.0,93.0,0.6645846530151369,True,PUT,2026-09-18,MU
MU260918P00480000,480.0,132.53,119.0,122.2,20.0,10.0,0.6633181861877444,True,PUT,2026-09-18,MU
MU260918P00490000,490.0,140.29,125.85,128.65,344.0,172.0,0.661960167541504,True,PUT,2026-09-18,MU
MU260918P00500000,500.0,136.35,133.2,135.25,22.0,12.0,0.661960167541504,True,PUT,2026-09-18,MU
MU260918P00520000,520.0,162.05,146.4,149.5,2.0,2.0,0.6575351629638673,True,PUT,2026-09-18,MU
MU260918P00540000,540.0,182.55,160.8,163.5,,6.0,0.6529804599761964,True,PUT,2026-09-18,MU
MU260918P00560000,560.0,232.15,175.9,178.45,,1.0,0.6511112770080567,True,PUT,2026-09-18,MU
MU261120C00310000,310.0,174.14,175.0,177.85,3.0,4.0,0.7990437576293946,True,CALL,2026-11-20,MU
MU261120C00320000,320.0,165.48,167.9,171.65,2.0,6.0,0.7875234870910646,True,CALL,2026-11-20,MU
MU261120C00330000,330.0,162.7,162.15,166.35,22.0,25.0,0.7847921911621094,True,CALL,2026-11-20,MU
MU261120C00340000,340.0,159.3,157.65,160.65,4.0,28.0,0.784303914794922,True,CALL,2026-11-20,MU
MU261120C00350000,350.0,145.35,152.9,155.75,13.0,99.0,0.7847006393432617,True,CALL,2026-11-20,MU
MU261120C00360000,360.0,152.59,146.55,148.8,37.0,32.0,0.7696708824157714,True,CALL,2026-11-20,MU
MU261120C00370000,370.0,146.6,142.5,144.55,101.0,59.0,0.7731040756225586,True,CALL,2026-11-20,MU
MU261120C00380000,380.0,141.4,138.35,140.85,65.0,40.0,0.7769034761047364,True,CALL,2026-11-20,MU
MU261120C00390000,390.0,134.0,132.35,135.7,30.0,29.0,0.7674888973999024,True,CALL,2026-11-20,MU
MU261120C00400000,400.0,131.0,128.55,130.15,44.0,255.0,0.7637963073730469,True,CALL,2026-11-20,MU
MU261120C00410000,410.0,116.0,124.85,127.3,4.0,89.0,0.7690910542297364,True,CALL,2026-11-20,MU
MU261120C00420000,420.0,119.37,120.45,123.2,11.0,92.0,0.7665123446655274,True,CALL,2026-11-20,MU
MU261120C00430000,430.0,117.0,116.7,119.1,20.0,47.0,0.7653374296569824,True,CALL,2026-11-20,MU
MU261120C00440000,440.0,115.15,112.5,115.15,33.0,849.0,0.76231621963501,False,CALL,2026-11-20,MU
MU261120C00450000,450.0,108.08,107.5,110.35,3.0,83.0,0.753008451385498,False,CALL,2026-11-20,MU
MU261120C00460000,460.0,107.7,105.35,107.65,82.0,82.0,0.7594933718872071,False,CALL,2026-11-20,MU
MU261120C00470000,470.0,101.28,101.95,103.8,1.0,29.0,0.7572045764160158,False,CALL,2026-11-20,MU
MU261120C00480000,480.0,94.54,98.6,100.35,3.0,24.0,0.7556939714050293,False,CALL,2026-11-20,MU
MU261120C00490000,490.0,98.64,95.4,96.9,62.0,65.0,0.753985004119873,False,CALL,2026-11-20,MU
MU261120C00500000,500.0,92.41,91.35,93.45,4.0,432.0,0.7488581022644043,False,CALL,2026-11-20,MU
MU261120C00510000,510.0,89.45,88.25,90.5,7.0,26.0,0.7478052563476563,False,CALL,2026-11-20,MU
MU261120C00520000,520.0,89.85,86.1,88.05,40.0,55.0,0.750780690460205,False,CALL,2026-11-20,MU
MU261120C00530000,530.0,81.05,82.35,86.2,120.0,3.0,0.7499262068176271,False,CALL,2026-11-20,MU
MU261120C00540000,540.0,87.33,80.15,82.85,1.0,18.0,0.7486597399902344,False,CALL,2026-11-20,MU
MU261120C00550000,550.0,78.05,77.85,80.7,2.0,17.0,0.7503534486389161,False,CALL,2026-11-20,MU
MU261120C00560000,560.0,56.3,75.5,78.55,1.0,23.0,0.7513452600097656,False,CALL,2026-11-20,MU
MU261120P00310000,310.0,45.48,41.05,42.9,2.0,99.0,0.6956817541503908,False,PUT,2026-11-20,MU
MU261120P00320000,320.0,46.51,45.55,46.8,8.0,54.0,0.6954528746032715,False,PUT,2026-11-20,MU
MU261120P00330000,330.0,51.35,49.55,50.85,19.0,71.0,0.692080715942383,False,PUT,2026-11-20,MU
MU261120P00340000,340.0,54.03,53.75,55.15,1.0,4.0,0.6892120922851563,False,PUT,2026-11-20,MU
MU261120P00350000,350.0,59.18,58.45,60.75,91.0,103.0,0.6922027850341796,False,PUT,2026-11-20,MU
MU261120P00360000,360.0,63.92,63.05,64.65,3.0,15.0,0.6866333827209474,False,PUT,2026-11-20,MU
MU261120P00370000,370.0,67.21,67.75,68.9,18.0,38.0,0.6817048431396486,False,PUT,2026-11-20,MU
MU261120P00380000,380.0,79.0,72.7,73.95,2.0,19.0,0.6795838926696778,False,PUT,2026-11-20,MU
MU261120P00390000,390.0,79.17,76.75,79.0,58.0,48.0,0.673098972167969,False,PUT,2026-11-20,MU
MU261120P00400000,400.0,82.36,83.2,85.0,22.0,27.0,0.6775087181091308,False,PUT,2026-11-20,MU
MU261120P00410000,410.0,89.02,88.1,89.9,1.0,35.0,0.671451039428711,False,PUT,2026-11-20,MU
MU261120P00430000,430.0,101.88,99.4,101.3,7.0,7.0,0.6671786212158206,False,PUT,2026-11-20,MU
MU261120P00450000,450.0,121.35,111.9,113.45,2.0,500.0,0.665637498931885,True,PUT,2026-11-20,MU
MU261120P00460000,460.0,119.85,117.1,119.95,1.0,2.0,0.6614566325378419,True,PUT,2026-11-20,MU
MU261120P00470000,470.0,136.55,123.75,126.0,51.0,24.0,0.6597247772979736,True,PUT,2026-11-20,MU
MU261120P00480000,480.0,143.61,130.0,132.6,22.0,11.0,0.6576572320556642,True,PUT,2026-11-20,MU
MU261120P00490000,490.0,139.65,136.75,139.4,90.0,70.0,0.6570468865966796,True,PUT,2026-11-20,MU
MU261120P00500000,500.0,146.2,143.3,146.1,21.0,25.0,0.6547046858978274,True,PUT,2026-11-20,MU
MU261218C00310000,310.0,173.38,179.3,181.95,2.0,506.0,0.7999134999084474,True,CALL,2026-12-18,MU
MU261218C00320000,320.0,165.0,172.8,175.55,17.0,363.0,0.7893545234680177,True,CALL,2026-12-18,MU
MU261218C00330000,330.0,171.11,167.8,170.4,13.0,1130.0,0.7892171957397461,True,CALL,2026-12-18,MU
MU261218C00340000,340.0,155.0,161.75,165.0,14.0,1502.0,0.7827017579650879,True,CALL,2026-12-18,MU
MU261218C00350000,350.0,158.8,156.25,159.45,8.0,725.0,0.7768729588317871,True,CALL,2026-12-18,MU
MU261218C00360000,360.0,154.75,151.65,155.1,9.0,554.0,0.7779868392944337,True,CALL,2026-12-18,MU
MU261218C00370000,370.0,147.48,146.15,149.65,19.0,122.0,0.7706779524230958,True,CALL,2026-12-18,MU
MU261218C00380000,380.0,135.0,141.7,145.0,4.0,612.0,0.7692283819580079,True,CALL,2026-12-18,MU
MU261218C00390000,390.0,141.57,138.3,140.8,3.0,253.0,0.7720664883422851,True,CALL,2026-12-18,MU
MU261218C00400000,400.0,136.3,133.7,136.0,155.0,426.0,0.767702518310547,True,CALL,2026-12-18,MU
MU261218C00410000,410.0,131.85,128.95,132.05,81.0,277.0,0.7649254464721681,True,CALL,2026-12-18,MU
MU261218C00420000,420.0,126.15,124.45,127.65,91.0,517.0,0.7607064334869387,True,CALL,2026-12-18,MU
MU261218C00430000,430.0,124.05,121.4,124.0,33.0,199.0,0.7630028582763673,True,CALL,2026-12-18,MU
MU261218C00440000,440.0,113.75,116.8,119.95,5.0,198.0,0.7581200946044924,False,CALL,2026-12-18,MU
MU261218C00450000,450.0,114.07,113.05,116.3,34.0,250.0,0.7565942309570313,False,CALL,2026-12-18,MU
MU261218C00460000,460.0,112.1,109.55,112.7,30.0,219.0,0.755335393447876,False,CALL,2026-12-18,MU
MU261218C00470000,470.0,108.73,107.1,109.7,4.0,109.0,0.7586083709716798,False,CALL,2026-12-18,MU
MU261218C00480000,480.0,98.63,103.05,106.05,1.0,184.0,0.7541070732116699,False,CALL,2026-12-18,MU
MU261218C00490000,490.0,99.55,100.65,103.0,1.0,527.0,0.7560449200439454,False,CALL,2026-12-18,MU
MU261218C00500000,500.0,99.8,97.55,99.1,25.0,493.0,0.7525201750183104,False,CALL,2026-12-18,MU
MU261218C00510000,510.0,91.62,92.9,96.85,1.0,574.0,0.7487360331726074,False,CALL,2026-12-18,MU
MU261218C00520000,520.0,92.47,92.35,93.8,7.0,505.0,0.7545953495788573,False,CALL,2026-12-18,MU
MU261218C00530000,530.0,92.05,88.05,91.35,16.0,53.0,0.7501627156829833,False,CALL,2026-12-18,MU
MU261218C00540000,540.0,88.95,85.65,88.7,42.0,133.0,0.7504450004577636,False,CALL,2026-12-18,MU
MU261218C00550000,550.0,84.7,83.45,86.15,45.0,145.0,0.7511316390991211,False,CALL,2026-12-18,MU
MU261218C00560000,560.0,85.15,80.65,83.65,19.0,45.0,0.7496362927246094,False,CALL,2026-12-18,MU
MU261218P00310000,310.0,45.56,44.6,46.2,1.0,209.0,0.6949645982360839,False,PUT,2026-12-18,MU
MU261218P00320000,320.0,50.17,48.65,50.15,7.0,254.0,0.6918670950317384,False,PUT,2026-12-18,MU
MU261218P00330000,330.0,54.35,52.8,54.75,19.0,129.0,0.6905090763854982,False,PUT,2026-12-18,MU
MU261218P00340000,340.0,58.36,57.2,58.7,27.0,132.0,0.6862213995361328,False,PUT,2026-12-18,MU
MU261218P00350000,350.0,63.62,61.1,63.25,33.0,263.0,0.6812013081359864,False,PUT,2026-12-18,MU
MU261218P00360000,360.0,66.99,66.1,68.9,5.0,95.0,0.6832841120147707,False,PUT,2026-12-18,MU
MU261218P00370000,370.0,73.25,71.6,73.6,63.0,107.0,0.682391481781006,False,PUT,2026-12-18,MU
MU261218P00380000,380.0,77.99,76.15,77.95,19.0,112.0,0.6757844921875001,False,PUT,2026-12-18,MU
MU261218P00390000,390.0,82.55,80.5,83.1,2.0,149.0,0.6704134521484376,False,PUT,2026-12-18,MU
MU261218P00400000,400.0,87.0,86.7,88.0,54.0,381.0,0.6695665978240967,False,PUT,2026-12-18,MU
MU261218P00410000,410.0,96.0,91.85,94.1,7.0,15.0,0.6682162084960939,False,PUT,2026-12-18,MU
MU261218P00420000,420.0,104.71,96.85,99.4,2.0,12.0,0.6628146511840821,False,PUT,2026-12-18,MU
MU261218P00430000,430.0,105.51,102.75,106.25,26.0,33.0,0.6645236184692385,False,PUT,2026-12-18,MU
MU261218P00440000,440.0,111.0,110.0,112.3,1.0,6.0,0.6670565521240237,True,PUT,2026-12-18,MU
MU261218P00450000,450.0,118.5,115.95,118.4,55.0,56.0,0.664714351425171,True,PUT,2026-12-18,MU
MU261218P00460000,460.0,123.15,121.1,123.9,15.0,17.0,0.6571842143249511,True,PUT,2026-12-18,MU
MU261218P00480000,480.0,164.1,134.05,137.2,1.0,2.0,0.6554142124938966,True,PUT,2026-12-18,MU
MU261218P00490000,490.0,144.4,140.7,144.55,21.0,60.0,0.6561161097717287,True,PUT,2026-12-18,MU
MU261218P00500000,500.0,149.98,148.3,150.85,14.0,35.0,0.6558033077239991,True,PUT,2026-12-18,MU
MU261218P00510000,510.0,158.35,154.3,156.95,10.0,48.0,0.6492649819946289,True,PUT,2026-12-18,MU
MU261218P00520000,520.0,165.35,161.05,164.0,10.0,5.0,0.6472966178894042,True,PUT,2026-12-18,MU
MU270115C00310000,310.0,182.45,181.6,185.7,5.0,655.0,0.7923757334899901,True,CALL,2027-01-15,MU
MU270115C00320000,320.0,179.13,177.1,180.4,44.0,2100.0,0.7938100453186034,True,CALL,2027-01-15,MU
MU270115C00330000,330.0,174.0,171.95,174.8,30.0,2060.0,0.790239524383545,True,CALL,2027-01-15,MU
MU270115C00340000,340.0,167.22,167.0,169.15,5.0,1072.0,0.7862722789001464,True,CALL,2027-01-15,MU
MU270115C00350000,350.0,159.0,160.65,164.1,29.0,2011.0,0.7784598570251464,True,CALL,2027-01-15,MU
MU270115C00360000,360.0,156.4,156.5,159.1,5.0,643.0,0.7780173565673829,True,CALL,2027-01-15,MU
MU270115C00370000,370.0,153.4,152.0,154.75,8.0,377.0,0.7776511492919922,True,CALL,2027-01-15,MU
MU270115C00380000,380.0,150.8,147.05,149.85,14.0,729.0,0.7729057133483888,True,CALL,2027-01-15,MU
MU270115C00390000,390.0,135.55,143.25,145.7,9.0,303.0,0.7738288608551027,True,CALL,2027-01-15,MU
MU270115C00400000,400.0,140.95,138.1,141.4,114.0,1304.0,0.7688850626373291,True,CALL,2027-01-15,MU
MU270115C00410000,410.0,136.98,133.75,136.75,5.0,376.0,0.7647423428344727,True,CALL,2027-01-15,MU
MU270115C00420000,420.0,133.5,130.45,133.15,18.0,915.0,0.7666649310302736,True,CALL,2027-01-15,MU
MU270115C00430000,430.0,130.0,126.1,129.2,62.0,339.0,0.7633385482788085,True,CALL,2027-01-15,MU
MU270115C00440000,440.0,124.0,122.0,125.2,89.0,796.0,0.7599969068908694,False,CALL,2027-01-15,MU
MU270115C00450000,450.0,120.3,118.5,121.6,40.0,1586.0,0.7591424232482913,False,CALL,2027-01-15,MU
MU270115C00460000,460.0,118.35,115.35,118.15,7.0,281.0,0.7591576818847658,False,CALL,2027-01-15,MU
MU270115C00470000,470.0,113.14,112.05,115.15,2.0,330.0,0.7594552252960206,False,CALL,2027-01-15,MU
MU270115C00480000,480.0,112.0,108.15,111.45,33.0,211.0,0.7551980657196046,False,CALL,2027-01-15,MU
MU270115C00490000,490.0,109.0,106.0,108.55,16.0,91.0,0.7580743186950685,False,CALL,2027-01-15,MU
MU270115C00500000,500.0,105.18,102.9,104.2,247.0,2036.0,0.7531762963867188,False,CALL,2027-01-15,MU
MU270115C00510000,510.0,98.5,99.7,102.8,2.0,363.0,0.75625854095459,False,CALL,2027-01-15,MU
MU270115C00520000,520.0,96.83,97.05,99.7,9.0,1104.0,0.7553887986755372,False,CALL,2027-01-15,MU
MU270115C00530000,530.0,96.12,93.7,96.65,7.0,73.0,0.7520776745605469,False,CALL,2027-01-15,MU
MU270115C00540000,540.0,85.88,91.2,94.4,12.0,82.0,0.7531762963867188,False,CALL,2027-01-15,MU
MU270115C00550000,550.0,90.39,89.35,90.9,24.0,2820.0,0.752031898651123,False,CALL,2027-01-15,MU
MU270115C00560000,560.0,87.4,86.9,89.45,11.0,331.0,0.754709789352417,False,CALL,2027-01-15,MU
MU270115P00310000,310.0,48.77,47.9,49.8,26.0,283.0,0.6955596850585939,False,PUT,2027-01-15,MU
MU270115P00320000,320.0,52.47,52.25,53.55,56.0,825.0,0.6919281295776368,False,PUT,2027-01-15,MU
MU270115P00330000,330.0,56.75,56.55,57.85,32.0,1116.0,0.6890595059204102,False,PUT,2027-01-15,MU
MU270115P00340000,340.0,61.55,60.1,62.65,67.0,541.0,0.6841157077026369,False,PUT,2027-01-15,MU
MU270115P00350000,350.0,65.7,65.5,66.85,28.0,1911.0,0.6827271717834476,False,PUT,2027-01-15,MU
MU270115P00360000,360.0,70.9,69.6,71.55,48.0,570.0,0.6773866490173339,False,PUT,2027-01-15,MU
MU270115P00370000,370.0,76.52,75.3,77.4,1.0,150.0,0.6806825144958497,False,PUT,2027-01-15,MU
MU270115P00380000,380.0,81.0,80.55,82.05,8.0,388.0,0.6771425108337403,False,PUT,2027-01-15,MU
MU270115P00390000,390.0,87.1,86.0,87.9,22.0,580.0,0.6773561317443848,False,PUT,2027-01-15,MU
MU270115P00400000,400.0,91.08,91.2,92.6,27.0,350.0,0.6720156089782716,False,PUT,2027-01-15,MU
MU270115P00410000,410.0,96.75,95.2,98.75,1.0,251.0,0.6667056034851075,False,PUT,2027-01-15,MU
MU270115P00420000,420.0,108.75,102.4,104.4,2.0,137.0,0.6691927612304689,False,PUT,2027-01-15,MU
MU270115P00430000,430.0,110.25,107.3,109.75,11.0,249.0,0.6626162889099123,False,PUT,2027-01-15,MU
MU270115P00440000,440.0,116.39,114.0,116.35,4.0,57.0,0.6647830152893068,True,PUT,2027-01-15,MU
MU270115P00450000,450.0,128.0,119.9,121.95,2.0,331.0,0.6606021488952638,True,PUT,2027-01-15,MU
MU270115P00460000,460.0,129.0,126.6,128.6,5.0,27.0,0.6613269341278077,True,PUT,2027-01-15,MU
MU270115P00470000,470.0,138.2,132.9,134.35,2.0,73.0,0.6573978352355958,True,PUT,2027-01-15,MU
MU270115P00480000,480.0,140.0,138.35,140.7,2.0,1599.0,0.6520725711059571,True,PUT,2027-01-15,MU
MU270115P00490000,490.0,163.52,144.95,147.55,1.0,11.0,0.6510197251892089,True,PUT,2027-01-15,MU
MU270115P00500000,500.0,155.98,152.75,154.0,3.0,54.0,0.6516758465576173,True,PUT,2027-01-15,MU
MU270115P00510000,510.0,161.05,159.35,160.9,1.0,40.0,0.6494786029052735,True,PUT,2027-01-15,MU
MU270115P00520000,520.0,166.85,166.15,167.85,2.0,25.0,0.6474186869812011,True,PUT,2027-01-15,MU
MU270115P00530000,530.0,191.35,172.25,175.1,3.0,4.0,0.6435887692260743,True,PUT,2027-01-15,MU
MU270115P00540000,540.0,181.3,179.65,182.45,3.0,4.0,0.6433141137695313,True,PUT,2027-01-15,MU
MU270115P00550000,550.0,188.65,187.0,189.75,3.0,7.0,0.6421926039886474,True,PUT,2027-01-15,MU
MU270115P00560000,560.0,204.95,194.45,197.15,2.0,2.0,0.6411168701171875,True,PUT,2027-01-15,MU
MU270617C00310000,310.0,200.98,199.8,204.0,1.0,154.0,0.7871420211791992,True,CALL,2027-06-17,MU
MU270617C00320000,320.0,192.6,195.5,198.7,2.0,75.0,0.7852957261657714,True,CALL,2027-06-17,MU
MU270617C00330000,330.0,195.55,189.5,194.0,3.0,257.0,0.7790702024841307,True,CALL,2027-06-17,MU
MU270617C00340000,340.0,186.0,186.1,189.0,3.0,298.0,0.779672918624878,True,CALL,2027-06-17,MU
MU270617C00350000,350.0,179.55,180.1,184.5,10.0,177.0,0.7729057133483888,True,CALL,2027-06-17,MU
MU270617C00360000,360.0,175.25,177.1,180.1,6.0,60.0,0.7751487329101563,True,CALL,2027-06-17,MU
MU270617C00370000,370.0,173.96,172.5,175.8,2.0,69.0,0.7721122642517089,True,CALL,2027-06-17,MU
MU270617C00380000,380.0,169.48,168.0,171.5,29.0,376.0,0.7688011401367189,True,CALL,2027-06-17,MU
MU270617C00390000,390.0,161.7,164.05,167.5,9.0,88.0,0.767427862854004,True,CALL,2027-06-17,MU
MU270617C00400000,400.0,161.73,160.2,163.35,35.0,712.0,0.765352688293457,True,CALL,2027-06-17,MU
MU270617C00410000,410.0,153.0,156.0,159.5,1.0,132.0,0.7626061337280273,True,CALL,2027-06-17,MU
MU270617C00420000,420.0,155.64,152.85,156.0,7.0,202.0,0.7632622550964354,True,CALL,2027-06-17,MU
MU270617C00430000,430.0,152.32,149.4,152.3,50.0,187.0,0.761995788269043,True,CALL,2027-06-17,MU
MU270617C00440000,440.0,149.19,145.6,148.95,10.0,131.0,0.7602563037109377,False,CALL,2027-06-17,MU
MU270617C00450000,450.0,145.0,142.4,145.5,37.0,264.0,0.7594018200683594,False,CALL,2027-06-17,MU
MU270617C00460000,460.0,138.53,139.1,142.0,8.0,36.0,0.7577081114196778,False,CALL,2027-06-17,MU
MU270617C00470000,470.0,135.25,135.0,139.0,4.0,512.0,0.754808970489502,False,CALL,2027-06-17,MU
MU270617C00480000,480.0,126.2,133.15,135.9,3.0,95.0,0.7571130245971681,False,CALL,2027-06-17,MU
MU270617C00490000,490.0,127.2,129.25,133.0,1.0,61.0,0.7541986250305177,False,CALL,2027-06-17,MU
MU270617C00500000,500.0,128.0,126.9,129.95,45.0,263.0,0.7545190563964843,False,CALL,2027-06-17,MU
MU270617C00510000,510.0,126.1,123.05,126.75,6.0,583.0,0.750254267501831,False,CALL,2027-06-17,MU
MU270617C00520000,520.0,122.15,120.25,124.5,1.0,174.0,0.750727285232544,False,CALL,2027-06-17,MU
MU270617C00530000,530.0,123.05,118.55,121.8,3.0,56.0,0.752482028427124,False,CALL,2027-06-17,MU
MU270617C00540000,540.0,119.45,115.0,118.55,15.0,45.0,0.7478662908935547,False,CALL,2027-06-17,MU
MU270617C00550000,550.0,114.55,113.25,115.9,3.0,111.0,0.7489420247650147,False,CALL,2027-06-17,MU
MU270617C00560000,560.0,96.55,109.5,114.0,50.0,91.0,0.7465845654296875,False,CALL,2027-06-17,MU
MU270617P00310000,310.0,62.4,61.8,63.1,1.0,125.0,0.6746553530883791,False,PUT,2027-06-17,MU
MU270617P00320000,320.0,73.7,65.95,67.45,2.0,95.0,0.6697802187347413,False,PUT,2027-06-17,MU
MU270617P00330000,330.0,78.9,69.9,73.15,1.0,342.0,0.6678957771301273,False,PUT,2027-06-17,MU
MU270617P00340000,340.0,76.85,75.85,76.9,3.0,130.0,0.665309438247681,False,PUT,2027-06-17,MU
MU270617P00350000,350.0,81.1,80.35,82.25,3.0,30.0,0.6624026679992678,False,PUT,2027-06-17,MU
MU270617P00360000,360.0,94.7,85.8,87.4,4.0,72.0,0.6609988734436036,False,PUT,2027-06-17,MU
MU270617P00370000,370.0,93.05,89.65,93.3,2.0,13.0,0.6563602479553223,False,PUT,2027-06-17,MU
MU270617P00380000,380.0,98.55,96.25,98.65,22.0,32.0,0.6574207231903076,False,PUT,2027-06-17,MU
MU270617P00390000,390.0,116.0,102.45,104.1,1.0,24.0,0.6568561536407472,False,PUT,2027-06-17,MU
MU270617P00400000,400.0,109.2,106.8,109.15,10.0,378.0,0.6493641631317139,False,PUT,2027-06-17,MU
MU270617P00410000,410.0,114.4,112.0,115.35,5.0,47.0,0.6468846347045899,False,PUT,2027-06-17,MU
MU270617P00420000,420.0,122.1,118.5,121.75,1.0,47.0,0.6478459288024903,False,PUT,2027-06-17,MU
MU270617P00430000,430.0,125.75,124.8,127.35,58.0,106.0,0.6455113574218749,False,PUT,2027-06-17,MU
MU270617P00440000,440.0,132.5,130.3,133.5,32.0,60.0,0.6419713537597658,True,PUT,2027-06-17,MU
MU270617P00450000,450.0,138.7,137.65,140.0,8.0,16.0,0.6436498037719728,True,PUT,2027-06-17,MU
MU270617P00460000,460.0,146.38,144.0,146.5,5.0,24.0,0.6421697160339355,True,PUT,2027-06-17,MU
MU270617P00470000,470.0,159.45,149.5,152.35,62.0,99.0,0.636371434173584,True,PUT,2027-06-17,MU
MU270617P00480000,480.0,163.35,156.1,159.75,14.0,32.0,0.6368520812225341,True,PUT,2027-06-17,MU
MU270617P00490000,490.0,164.45,163.75,166.25,10.0,85.0,0.6372106591796876,True,PUT,2027-06-17,MU
MU270617P00500000,500.0,185.95,169.55,172.65,,10.0,0.6322210850524903,True,PUT,2027-06-17,MU
MU270617P00510000,510.0,219.5,176.25,179.5,2.0,16.0,0.6301916864013672,True,PUT,2027-06-17,MU
MU270617P00520000,520.0,198.4,183.0,186.75,4.0,4.0,0.6288489263916017,True,PUT,2027-06-17,MU
MU270617P00530000,530.0,201.62,191.2,194.15,7.0,23.0,0.6310537993621826,True,PUT,2027-06-17,MU
MU270617P00540000,540.0,201.42,197.5,201.0,21.0,34.0,0.6267890104675293,True,PUT,2027-06-17,MU
MU270617P00550000,550.0,217.45,204.5,208.0,73.0,99.0,0.6242408181762696,True,PUT,2027-06-17,MU
MU270617P00560000,560.0,215.75,212.0,216.05,2.0,77.0,0.6251334484100343,True,PUT,2027-06-17,MU
MU271217C00310000,310.0,214.15,218.5,222.0,23.0,60.0,0.7839911127471925,True,CALL,2027-12-17,MU
MU271217C00320000,320.0,221.0,212.5,217.5,2.0,26.0,0.7768729588317871,True,CALL,2027-12-17,MU
MU271217C00330000,330.0,200.0,209.55,213.0,5.0,124.0,0.7782157188415526,True,CALL,2027-12-17,MU
MU271217C00340000,340.0,208.5,204.2,208.5,5.0,90.0,0.7721427815246582,True,CALL,2027-12-17,MU
MU271217C00350000,350.0,196.8,200.65,204.8,1.0,129.0,0.7728904547119142,True,CALL,2027-12-17,MU
MU271217C00360000,360.0,192.4,197.1,200.5,1.0,57.0,0.7714408842468261,True,CALL,2027-12-17,MU
MU271217C00370000,370.0,192.0,193.0,195.9,22.0,54.0,0.7672752764892579,True,CALL,2027-12-17,MU
MU271217C00380000,380.0,192.35,189.3,192.95,5.0,53.0,0.7680992428588869,True,CALL,2027-12-17,MU
MU271217C00390000,390.0,185.0,184.55,189.0,20.0,18.0,0.7631707032775878,True,CALL,2027-12-17,MU
MU271217C00400000,400.0,182.5,181.4,185.45,3.0,535.0,0.7629875996398927,True,CALL,2027-12-17,MU
MU271217C00410000,410.0,179.9,177.5,181.5,4.0,31.0,0.7595238891601563,True,CALL,2027-12-17,MU
MU271217C00420000,420.0,177.52,174.15,178.5,1.0,74.0,0.7594247080230714,True,CALL,2027-12-17,MU
MU271217C00430000,430.0,175.0,171.55,174.1,16.0,369.0,0.7573571627807618,True,CALL,2027-12-17,MU
MU271217C00440000,440.0,174.69,168.0,171.5,3.0,28.0,0.7570062141418459,False,CALL,2027-12-17,MU
MU271217C00450000,450.0,163.0,164.9,168.5,4.0,55.0,0.7564187566375732,False,CALL,2027-12-17,MU
MU271217C00460000,460.0,158.09,161.9,165.5,2.0,92.0,0.7557321179962159,False,CALL,2027-12-17,MU
MU271217C00470000,470.0,159.6,159.0,162.5,1.0,186.0,0.7549691861724854,False,CALL,2027-12-17,MU
MU271217C00480000,480.0,159.51,156.1,159.2,6.0,38.0,0.753206813659668,False,CALL,2027-12-17,MU
MU271217C00490000,490.0,139.48,153.0,157.0,4.0,53.0,0.7532373309326172,False,CALL,2027-12-17,MU
MU271217C00500000,500.0,151.0,150.0,154.2,40.0,141.0,0.751833536376953,False,CALL,2027-12-17,MU
MU271217C00510000,510.0,156.99,147.5,151.0,2.0,33.0,0.7503992245483398,False,CALL,2027-12-17,MU
MU271217C00520000,520.0,150.9,145.0,149.0,4.0,111.0,0.7513910359191895,False,CALL,2027-12-17,MU
MU271217C00530000,530.0,144.0,143.1,146.1,10.0,28.0,0.7514444411468505,False,CALL,2027-12-17,MU
MU271217C00540000,540.0,134.6,140.0,143.5,2.0,37.0,0.7492624561309815,False,CALL,2027-12-17,MU
MU271217C00550000,550.0,136.0,137.5,141.0,5.0,111.0,0.7484003431701662,False,CALL,2027-12-17,MU
MU271217C00560000,560.0,136.18,135.1,139.0,1.0,1.0,0.7486215933990479,False,CALL,2027-12-17,MU
MU271217P00310000,310.0,80.9,74.7,77.25,1.0,27.0,0.6577945597839354,False,PUT,2027-12-17,MU
MU271217P00320000,320.0,81.47,79.5,81.95,1.0,23.0,0.6541019697570802,False,PUT,2027-12-17,MU
MU271217P00330000,330.0,86.2,84.55,86.75,25.0,129.0,0.650813733596802,False,PUT,2027-12-17,MU
MU271217P00340000,340.0,90.7,88.55,91.55,25.0,30.0,0.644107562866211,False,PUT,2027-12-17,MU
MU271217P00350000,350.0,95.95,95.0,97.25,1.0,22.0,0.6459309699249268,False,PUT,2027-12-17,MU
MU271217P00360000,360.0,108.0,99.3,102.3,1.0,15.0,0.639728334197998,False,PUT,2027-12-17,MU
MU271217P00370000,370.0,110.87,105.3,108.3,226.0,228.0,0.6399114378356934,False,PUT,2027-12-17,MU
MU271217P00380000,380.0,112.6,111.15,113.75,1.0,22.0,0.6377447114562989,False,PUT,2027-12-17,MU
MU271217P00390000,390.0,122.0,117.4,119.4,5.0,18.0,0.6365621671295167,False,PUT,2027-12-17,MU
MU271217P00400000,400.0,124.58,122.8,125.3,536.0,327.0,0.6334265173339844,False,PUT,2027-12-17,MU
MU271217P00410000,410.0,134.42,128.55,131.1,17.0,11.0,0.6304663418579101,False,PUT,2027-12-17,MU
MU271217P00420000,420.0,146.16,134.65,137.5,5.0,34.0,0.6293372027587891,False,PUT,2027-12-17,MU
MU271217P00430000,430.0,143.1,140.95,144.5,14.0,13.0,0.629611858215332,False,PUT,2027-12-17,MU
MU271217P00440000,440.0,149.8,147.75,149.7,6.0,29.0,0.626453320465088,True,PUT,2027-12-17,MU
MU271217P00450000,450.0,161.25,153.2,156.1,2.0,60.0,0.6225928854370117,True,PUT,2027-12-17,MU
MU271217P00460000,460.0,162.9,160.1,163.05,1.0,23.0,0.6228827995300292,True,PUT,2027-12-17,MU
MU271217P00470000,470.0,168.05,166.0,169.5,10.0,15.0,0.6194343476867679,True,PUT,2027-12-17,MU
MU271217P00480000,480.0,174.7,173.15,176.2,39.0,29.0,0.6189613299560548,True,PUT,2027-12-17,MU
MU271217P00490000,490.0,189.02,180.6,184.0,144.0,77.0,0.6212043495178223,True,PUT,2027-12-17,MU
MU271217P00500000,500.0,200.14,187.35,189.75,6.0,38.0,0.6170692590332032,True,PUT,2027-12-17,MU
MU271217P00510000,510.0,205.8,193.3,196.6,1.0,2.0,0.6133003758239748,True,PUT,2027-12-17,MU
MU271217P00520000,520.0,216.25,200.15,204.0,3.0,30.0,0.6123543403625491,True,PUT,2027-12-17,MU
MU271217P00530000,530.0,217.5,207.4,211.0,12.0,25.0,0.6111031321716309,True,PUT,2027-12-17,MU
MU271217P00540000,540.0,225.0,214.5,218.0,2.0,2.0,0.6092339492034913,True,PUT,2027-12-17,MU
MU271217P00550000,550.0,249.31,221.5,225.0,4.0,4.0,0.606868860549927,True,PUT,2027-12-17,MU
MU271217P00560000,560.0,269.52,229.0,232.5,2.0,12.0,0.6063500669097901,True,PUT,2027-12-17,MU
MU280121C00310000,310.0,225.1,220.5,225.5,7.0,397.0,0.7810233079528808,True,CALL,2028-01-21,MU
MU280121C00320000,320.0,216.5,216.0,221.0,2.0,105.0,0.7779868392944337,True,CALL,2028-01-21,MU
MU280121C00330000,330.0,210.6,212.9,216.85,12.0,1450.0,0.7794058924865723,True,CALL,2028-01-21,MU
MU280121C00340000,340.0,212.99,208.5,212.5,2.0,215.0,0.7760489924621583,True,CALL,2028-01-21,MU
MU280121C00350000,350.0,207.5,204.5,208.5,5.0,785.0,0.7742942492675782,True,CALL,2028-01-21,MU
MU280121C00360000,360.0,204.13,200.65,204.0,16.0,332.0,0.7711662287902832,True,CALL,2028-01-21,MU
MU280121C00370000,370.0,189.85,196.3,200.5,7.0,146.0,0.7689613558197022,True,CALL,2028-01-21,MU
MU280121C00380000,380.0,191.0,192.9,196.5,2.0,230.0,0.7675041560363771,True,CALL,2028-01-21,MU
MU280121C00390000,390.0,181.8,189.0,193.0,2.0,104.0,0.765650231704712,True,CALL,2028-01-21,MU
MU280121C00400000,400.0,184.55,185.8,189.5,33.0,342.0,0.7651619553375245,True,CALL,2028-01-21,MU
MU280121C00410000,410.0,180.96,182.3,186.0,8.0,274.0,0.7635521691894531,True,CALL,2028-01-21,MU
MU280121C00420000,420.0,171.0,178.8,182.5,1.0,161.0,0.7615838050842287,True,CALL,2028-01-21,MU
MU280121C00430000,430.0,177.26,175.25,179.5,8.0,115.0,0.7603783728027345,True,CALL,2028-01-21,MU
MU280121C00440000,440.0,172.0,171.5,176.3,15.0,71.0,0.7578988443756105,False,CALL,2028-01-21,MU
MU280121C00450000,450.0,169.11,168.65,173.0,22.0,424.0,0.7569985848236085,False,CALL,2028-01-21,MU
MU280121C00460000,460.0,170.15,165.5,168.75,1.0,45.0,0.7529168995666504,False,CALL,2028-01-21,MU
MU280121C00470000,470.0,149.7,163.25,167.0,1.0,40.0,0.7563500927734376,False,CALL,2028-01-21,MU
MU280121C00480000,480.0,161.36,160.4,164.0,2.0,129.0,0.7552362123107912,False,CALL,2028-01-21,MU
MU280121C00490000,490.0,160.2,157.75,161.5,2.0,75.0,0.7554345745849609,False,CALL,2028-01-21,MU
MU280121C00500000,500.0,155.75,154.9,158.5,9.0,234.0,0.7537866418457031,False,CALL,2028-01-21,MU
MU280121C00510000,510.0,152.25,152.15,156.0,3.0,150.0,0.7532220722961427,False,CALL,2028-01-21,MU
MU280121C00520000,520.0,151.0,149.45,153.5,103.0,577.0,0.7525201750183104,False,CALL,2028-01-21,MU
MU280121C00530000,530.0,141.66,147.2,151.0,8.0,32.0,0.7525659509277343,False,CALL,2028-01-21,MU
MU280121C00540000,540.0,151.65,144.5,148.4,6.0,444.0,0.7511774150085448,False,CALL,2028-01-21,MU
MU280121C00550000,550.0,145.36,142.3,144.75,12.0,172.0,0.7483927138519288,False,CALL,2028-01-21,MU
MU280121C00560000,560.0,144.07,139.5,142.85,9.0,14.0,0.7478815495300293,False,CALL,2028-01-21,MU
MU280121P00310000,310.0,83.22,76.8,79.3,13.0,91.0,0.6536518399810793,False,PUT,2028-01-21,MU
MU280121P00320000,320.0,84.43,81.6,84.2,279.0,431.0,0.6502720520019531,False,PUT,2028-01-21,MU
MU280121P00330000,330.0,88.7,86.9,88.9,1.0,284.0,0.6471592901611327,False,PUT,2028-01-21,MU
MU280121P00340000,340.0,91.98,91.75,94.1,10.0,144.0,0.6436345451354981,False,PUT,2028-01-21,MU
MU280121P00350000,350.0,100.05,97.6,99.85,1.0,55.0,0.6436421744537355,False,PUT,2028-01-21,MU
MU280121P00360000,360.0,104.71,102.65,106.0,12.0,45.0,0.642001871032715,False,PUT,2028-01-21,MU
MU280121P00370000,370.0,117.7,108.35,110.85,1.0,87.0,0.6382100998687744,False,PUT,2028-01-21,MU
MU280121P00380000,380.0,119.35,113.0,117.35,1.0,15.0,0.6354711746215821,False,PUT,2028-01-21,MU
MU280121P00390000,390.0,121.5,120.5,122.5,12.0,23.0,0.6358984164428713,False,PUT,2028-01-21,MU
MU280121P00400000,400.0,129.65,125.9,128.35,5.0,58.0,0.6324728525543213,False,PUT,2028-01-21,MU
MU280121P00410000,410.0,133.52,131.6,135.0,1.0,125.0,0.6312292736816407,False,PUT,2028-01-21,MU
MU280121P00420000,420.0,141.32,138.15,141.0,1.0,93.0,0.6300238414001464,False,PUT,2028-01-21,MU
MU280121P00430000,430.0,150.0,144.25,146.4,4.0,41.0,0.626003190689087,False,PUT,2028-01-21,MU
MU280121P00450000,450.0,158.5,155.95,160.0,4.0,16.0,0.6220893504333496,True,PUT,2028-01-21,MU
MU280121P00460000,460.0,163.0,163.6,166.2,6.0,8.0,0.6222419367980958,True,PUT,2028-01-21,MU
MU280121P00470000,470.0,184.73,169.0,172.8,,0.0,0.6179695185852052,True,PUT,2028-01-21,MU
MU280121P00480000,480.0,187.2,175.7,179.45,2.0,22.0,0.6163215858459474,True,PUT,2028-01-21,MU
MU280121P00490000,490.0,190.45,183.1,186.8,2.0,16.0,0.6173515438079835,True,PUT,2028-01-21,MU
MU280121P00500000,500.0,195.18,190.05,193.5,4.0,126.0,0.6156883524322511,True,PUT,2028-01-21,MU
MU280121P00510000,510.0,208.6,196.7,200.0,10.0,5.0,0.6126595130920411,True,PUT,2028-01-21,MU
MU280121P00520000,520.0,245.7,203.0,207.0,1.0,12.0,0.6096611910247804,True,PUT,2028-01-21,MU
MU280121P00550000,550.0,235.1,225.0,228.5,22.0,18.0,0.60654842918396,True,PUT,2028-01-21,MU
MU280121P00560000,560.0,268.9,232.0,236.5,2.0,2.0,0.6059991182708742,True,PUT,2028-01-21,MU
MU281215C00310000,310.0,247.6,245.5,249.5,6.0,113.0,0.7702125640106202,True,CALL,2028-12-15,MU
MU281215C00320000,320.0,238.41,241.0,246.0,25.0,71.0,0.767229500579834,True,CALL,2028-12-15,MU
MU281215C00330000,330.0,242.0,238.0,242.0,2.0,55.0,0.7664055342102052,True,CALL,2028-12-15,MU
MU281215C00340000,340.0,237.5,234.0,238.5,4.0,128.0,0.7640022989654542,True,CALL,2028-12-15,MU
MU281215C00350000,350.0,235.0,230.5,235.0,9.0,931.0,0.7624840646362305,True,CALL,2028-12-15,MU
MU281215C00360000,360.0,224.45,227.1,231.5,5.0,675.0,0.7608971664428713,True,CALL,2028-12-15,MU
MU281215C00370000,370.0,221.25,223.5,228.0,1.0,93.0,0.7585549657440186,True,CALL,2028-12-15,MU
MU281215C00380000,380.0,220.64,220.45,224.5,5.0,165.0,0.7571969470977785,True,CALL,2028-12-15,MU
MU281215C00390000,390.0,218.4,217.0,221.5,1.0,79.0,0.7557931525421143,True,CALL,2028-12-15,MU
MU281215C00400000,400.0,214.82,214.15,218.5,22.0,412.0,0.7554422039031982,True,CALL,2028-12-15,MU
MU281215C00410000,410.0,210.0,211.65,215.5,2.0,92.0,0.7555719023132323,True,CALL,2028-12-15,MU
MU281215C00420000,420.0,208.69,208.5,212.0,9.0,286.0,0.7529779341125489,True,CALL,2028-12-15,MU
MU281215C00430000,430.0,208.0,205.6,209.5,14.0,83.0,0.7528177184295654,True,CALL,2028-12-15,MU
MU281215C00440000,440.0,205.05,203.0,206.5,18.0,124.0,0.7520013813781738,False,CALL,2028-12-15,MU
MU281215C00450000,450.0,199.94,199.0,203.5,36.0,139.0,0.7481027997589113,False,CALL,2028-12-15,MU
MU281215C00470000,470.0,199.5,194.5,198.0,3.0,20.0,0.7479044374847412,False,CALL,2028-12-15,MU
MU281215C00480000,480.0,194.7,191.0,195.5,2.0,22.0,0.7455088315582277,False,CALL,2028-12-15,MU
MU281215C00490000,490.0,195.0,189.0,193.0,1.0,25.0,0.7459055561065674,False,CALL,2028-12-15,MU
MU281215C00500000,500.0,177.5,186.8,190.5,14.0,249.0,0.7457148231506348,False,CALL,2028-12-15,MU
MU281215C00510000,510.0,183.97,184.5,188.0,10.0,73.0,0.745142624282837,False,CALL,2028-12-15,MU
MU281215C00520000,520.0,181.37,182.0,185.5,16.0,152.0,0.7440287438201904,False,CALL,2028-12-15,MU
MU281215C00530000,530.0,179.5,179.5,183.5,2.0,31.0,0.7437083124542235,False,CALL,2028-12-15,MU
MU281215C00540000,540.0,180.19,177.35,181.5,1.0,18.0,0.7438837867736816,False,CALL,2028-12-15,MU
MU281215C00550000,550.0,175.44,175.0,178.5,7.0,38.0,0.7416483965301514,False,CALL,2028-12-15,MU
MU281215C00560000,560.0,172.5,172.95,176.5,5.0,60.0,0.7417170603942871,False,CALL,2028-12-15,MU
MU281215P00310000,310.0,93.73,92.85,95.15,1.0,13.0,0.6189460713195802,False,PUT,2028-12-15,MU
MU281215P00320000,320.0,99.4,98.15,100.4,8.0,70.0,0.6160850769805909,False,PUT,2028-12-15,MU
MU281215P00330000,330.0,105.48,102.5,107.0,1.0,28.0,0.6137581349182131,False,PUT,2028-12-15,MU
MU281215P00340000,340.0,110.01,108.7,111.45,3.0,53.0,0.6103554589843752,False,PUT,2028-12-15,MU
MU281215P00350000,350.0,116.2,113.8,117.25,9.0,66.0,0.6071587746429443,False,PUT,2028-12-15,MU
MU281215P00360000,360.0,117.69,119.55,124.0,3.0,172.0,0.6071129987335205,False,PUT,2028-12-15,MU
MU281215P00370000,370.0,128.0,125.5,129.3,3.0,110.0,0.6039697196197512,False,PUT,2028-12-15,MU
MU281215P00380000,380.0,134.9,133.15,135.1,4.0,18.0,0.6051293759918215,False,PUT,2028-12-15,MU
MU281215P00390000,390.0,140.48,137.5,142.0,2.0,87.0,0.6013299755096436,False,PUT,2028-12-15,MU
MU281215P00400000,400.0,146.97,144.0,148.15,9.0,20.0,0.6001169139099123,False,PUT,2028-12-15,MU
MU281215P00410000,410.0,154.02,150.0,154.0,11.0,23.0,0.59698126411438,False,PUT,2028-12-15,MU
MU281215P00420000,420.0,159.87,156.5,160.4,1.0,28.0,0.5956613920593261,False,PUT,2028-12-15,MU
MU281215P00430000,430.0,165.9,163.05,166.55,5.0,12.0,0.5936625106811525,False,PUT,2028-12-15,MU
MU281215P00440000,440.0,171.79,169.5,172.95,1.0,3.0,0.5916788879394532,True,PUT,2028-12-15,MU
MU281215P00450000,450.0,178.39,176.0,179.6,5.0,4.0,0.5900156965637209,True,PUT,2028-12-15,MU
MU281215P00460000,460.0,184.7,182.5,186.5,11.0,21.0,0.5885737554168701,True,PUT,2028-12-15,MU
MU281215P00490000,490.0,209.97,202.5,207.0,82.0,41.0,0.5833476724243164,True,PUT,2028-12-15,MU
MU281215P00500000,500.0,211.55,210.0,213.5,5.0,20.0,0.5820659469604492,True,PUT,2028-12-15,MU
MU281215P00510000,510.0,227.68,217.0,220.5,,1.0,0.5805629712677003,True,PUT,2028-12-15,MU
MU281215P00520000,520.0,235.11,224.0,227.5,,21.0,0.5788616333007812,True,PUT,2028-12-15,MU
MU281215P00530000,530.0,243.17,231.0,234.5,2.0,5.0,0.5769543037414551,True,PUT,2028-12-15,MU
MU281215P00540000,540.0,254.0,238.0,242.0,1.0,11.0,0.5757412421417235,True,PUT,2028-12-15,MU
MU281215P00550000,550.0,248.0,245.5,249.0,1.0,22.0,0.5743298182678223,True,PUT,2028-12-15,MU
MU281215P00560000,560.0,265.63,252.5,256.5,10.0,28.0,0.5727429200744629,True,PUT,2028-12-15,MU
NBIS260130C00066000,66.0,32.76,27.2,29.9,7.0,19.0,4.005864367675781,True,CALL,2026-01-30,NBIS
NBIS260130C00067000,67.0,31.76,26.2,28.9,4.0,12.0,3.8740237524414063,True,CALL,2026-01-30,NBIS
NBIS260130C00068000,68.0,31.27,25.2,27.9,3.0,6.0,3.74218814453125,True,CALL,2026-01-30,NBIS
NBIS260130C00069000,69.0,30.27,24.2,26.9,9.0,4.0,3.6132822167968754,True,CALL,2026-01-30,NBIS
NBIS260130C00070000,70.0,28.78,23.2,25.9,7.0,7.0,3.4843762890625003,True,CALL,2026-01-30,NBIS
NBIS260130C00072000,72.0,27.27,21.2,23.9,2.0,4.0,3.2304706738281244,True,CALL,2026-01-30,NBIS
NBIS260130C00074000,74.0,21.2,19.2,21.9,1.0,1.0,2.9804712988281246,True,CALL,2026-01-30,NBIS
NBIS260130C00075000,75.0,19.35,18.5,20.9,95.0,112.0,2.9589869775390625,True,CALL,2026-01-30,NBIS
NBIS260130C00076000,76.0,24.6,17.25,19.9,4.0,4.0,2.750979685058594,True,CALL,2026-01-30,NBIS
NBIS260130C00077000,77.0,18.5,16.25,18.95,2.0,4.0,2.6445346386718755,True,CALL,2026-01-30,NBIS
NBIS260130C00078000,78.0,17.0,15.25,17.95,4.0,6.0,2.5214880712890624,True,CALL,2026-01-30,NBIS
NBIS260130C00079000,79.0,20.68,14.25,16.95,1.0,3.0,2.3984415039062497,True,CALL,2026-01-30,NBIS
NBIS260130C00080000,80.0,14.0,13.1,16.0,4.0,48.0,2.247074694824218,True,CALL,2026-01-30,NBIS
NBIS260130C00081000,81.0,18.67,12.55,14.95,25.0,24.0,2.2392622143554686,True,CALL,2026-01-30,NBIS
NBIS260130C00082000,82.0,16.2,10.95,14.0,2.0,132.0,1.9619142529296876,True,CALL,2026-01-30,NBIS
NBIS260130C00083000,83.0,11.86,10.35,13.05,3.0,145.0,1.962890810546875,True,CALL,2026-01-30,NBIS
NBIS260130C00084000,84.0,9.7,9.65,12.05,20.0,29.0,1.9140629296875002,True,CALL,2026-01-30,NBIS
NBIS260130C00085000,85.0,10.2,8.65,9.85,27.0,125.0,1.48047134765625,True,CALL,2026-01-30,NBIS
NBIS260130C00086000,86.0,9.0,7.7,9.65,8.0,50.0,1.5732443212890623,True,CALL,2026-01-30,NBIS
NBIS260130C00087000,87.0,12.55,6.8,9.15,7.0,75.0,1.5820333398437496,True,CALL,2026-01-30,NBIS
NBIS260130C00088000,88.0,5.18,5.9,8.25,22.0,42.0,1.4892603662109374,True,CALL,2026-01-30,NBIS
NBIS260130C00089000,89.0,6.45,5.15,5.8,9.0,54.0,1.0957076464843751,True,CALL,2026-01-30,NBIS
NBIS260130C00090000,90.0,5.8,4.4,5.0,75.0,271.0,1.0551805053710939,True,CALL,2026-01-30,NBIS
NBIS260130C00091000,91.0,3.76,3.7,4.1,9.0,106.0,0.989257919921875,True,CALL,2026-01-30,NBIS
NBIS260130C00092000,92.0,3.02,3.0,3.45,200.0,237.0,0.95507857421875,True,CALL,2026-01-30,NBIS
NBIS260130C00093000,93.0,2.95,2.62,2.78,265.0,212.0,0.95507857421875,True,CALL,2026-01-30,NBIS
NBIS260130C00094000,94.0,2.0,2.05,2.19,683.0,237.0,0.913086806640625,False,CALL,2026-01-30,NBIS
NBIS260130C00095000,95.0,1.65,1.38,1.65,2913.0,1000.0,0.8369156933593749,False,CALL,2026-01-30,NBIS
NBIS260130C00096000,96.0,1.17,1.18,1.35,1526.0,420.0,0.870118486328125,False,CALL,2026-01-30,NBIS
NBIS260130C00097000,97.0,0.8,0.84,1.01,2924.0,1698.0,0.8437515624999999,False,CALL,2026-01-30,NBIS
NBIS260130C00098000,98.0,0.7,0.65,0.76,1161.0,865.0,0.8457046679687499,False,CALL,2026-01-30,NBIS
NBIS260130C00099000,99.0,0.54,0.46,0.57,797.0,916.0,0.8388687988281249,False,CALL,2026-01-30,NBIS
NBIS260130C00100000,100.0,0.38,0.38,0.41,2217.0,3170.0,0.850587431640625,False,CALL,2026-01-30,NBIS
NBIS260130C00101000,101.0,0.32,0.23,0.33,396.0,1582.0,0.8457046679687499,False,CALL,2026-01-30,NBIS
NBIS260130C00102000,102.0,0.19,0.16,0.27,541.0,1348.0,0.85937640625,False,CALL,2026-01-30,NBIS
NBIS260130C00103000,103.0,0.15,0.1,0.27,646.0,1853.0,0.8984385156249999,False,CALL,2026-01-30,NBIS
NBIS260130C00104000,104.0,0.12,0.09,0.15,526.0,1266.0,0.8808605664062499,False,CALL,2026-01-30,NBIS
NBIS260130C00105000,105.0,0.08,0.08,0.11,1630.0,6194.0,0.9023447265625,False,CALL,2026-01-30,NBIS
NBIS260130C00106000,106.0,0.07,0.06,0.12,513.0,2406.0,0.9492192578124999,False,CALL,2026-01-30,NBIS
NBIS260130C00107000,107.0,0.06,0.05,0.08,324.0,1157.0,0.9531254687499999,False,CALL,2026-01-30,NBIS
NBIS260130C00108000,108.0,0.05,0.04,0.07,630.0,1351.0,0.9765627343750001,False,CALL,2026-01-30,NBIS
NBIS260130C00109000,109.0,0.04,0.03,0.06,119.0,797.0,0.9960937890625,False,CALL,2026-01-30,NBIS
NBIS260130C00110000,110.0,0.03,0.04,0.05,1276.0,4735.0,1.0468797656250002,False,CALL,2026-01-30,NBIS
NBIS260130C00111000,111.0,0.03,0.01,0.06,229.0,528.0,1.0625046875000002,False,CALL,2026-01-30,NBIS
NBIS260130C00112000,112.0,0.04,0.02,0.06,186.0,951.0,1.125004375,False,CALL,2026-01-30,NBIS
NBIS260130C00113000,113.0,0.04,0.02,0.04,18.0,612.0,1.125004375,False,CALL,2026-01-30,NBIS
NBIS260130C00114000,114.0,0.02,0.01,0.04,19.0,752.0,1.140629296875,False,CALL,2026-01-30,NBIS
NBIS260130C00115000,115.0,0.03,0.01,0.12,337.0,2526.0,1.3515657421874998,False,CALL,2026-01-30,NBIS
NBIS260130C00116000,116.0,0.16,0.01,0.05,9.0,181.0,1.2578162109375,False,CALL,2026-01-30,NBIS
NBIS260130C00117000,117.0,0.01,0.01,0.06,72.0,309.0,1.3281283593749997,False,CALL,2026-01-30,NBIS
NBIS260130C00118000,118.0,0.02,0.01,0.03,33.0,210.0,1.2812535937499998,False,CALL,2026-01-30,NBIS
NBIS260130C00119000,119.0,0.1,0.0,0.03,4.0,68.0,1.2812535937499998,False,CALL,2026-01-30,NBIS
NBIS260130C00120000,120.0,0.02,0.01,0.03,224.0,2354.0,1.359378203125,False,CALL,2026-01-30,NBIS
NBIS260130C00121000,121.0,0.03,0.01,0.05,8.0,1246.0,1.46875265625,False,CALL,2026-01-30,NBIS
NBIS260130P00066000,66.0,0.01,0.01,0.09,5.0,77.0,2.0625048437499998,False,PUT,2026-01-30,NBIS
NBIS260130P00067000,67.0,0.04,0.0,0.04,2.0,22.0,1.78125109375,False,PUT,2026-01-30,NBIS
NBIS260130P00068000,68.0,0.01,0.0,0.27,42.0,38.0,2.2109419726562494,False,PUT,2026-01-30,NBIS
NBIS260130P00069000,69.0,0.11,0.01,0.07,17.0,49.0,1.7734386328124998,False,PUT,2026-01-30,NBIS
NBIS260130P00070000,70.0,0.02,0.02,0.03,169.0,2157.0,1.5937520312499998,False,PUT,2026-01-30,NBIS
NBIS260130P00071000,71.0,0.07,0.0,0.16,1.0,80.0,1.7890635546875,False,PUT,2026-01-30,NBIS
NBIS260130P00072000,72.0,0.1,0.01,0.08,9.0,143.0,1.5703146484375,False,PUT,2026-01-30,NBIS
NBIS260130P00073000,73.0,0.01,0.0,0.04,23.0,278.0,1.3437532812499997,False,PUT,2026-01-30,NBIS
NBIS260130P00074000,74.0,0.14,0.02,0.06,11.0,470.0,1.40625296875,False,PUT,2026-01-30,NBIS
NBIS260130P00075000,75.0,0.03,0.03,0.08,68.0,826.0,1.3906280468749999,False,PUT,2026-01-30,NBIS
NBIS260130P00076000,76.0,0.14,0.02,0.15,8.0,441.0,1.41015919921875,False,PUT,2026-01-30,NBIS
NBIS260130P00077000,77.0,0.06,0.0,0.18,8.0,224.0,1.3437532812499997,False,PUT,2026-01-30,NBIS
NBIS260130P00078000,78.0,0.04,0.02,0.12,16.0,266.0,1.2148476757812499,False,PUT,2026-01-30,NBIS
NBIS260130P00079000,79.0,0.05,0.01,0.25,20.0,740.0,1.2695349023437497,False,PUT,2026-01-30,NBIS
NBIS260130P00080000,80.0,0.08,0.05,0.08,100.0,4208.0,1.0546922265625,False,PUT,2026-01-30,NBIS
NBIS260130P00081000,81.0,0.06,0.05,0.08,19.0,2980.0,0.9804689453125001,False,PUT,2026-01-30,NBIS
NBIS260130P00082000,82.0,0.11,0.05,0.11,25.0,1400.0,0.9414068359375,False,PUT,2026-01-30,NBIS
NBIS260130P00083000,83.0,0.16,0.09,0.11,55.0,780.0,0.9023447265625,False,PUT,2026-01-30,NBIS
NBIS260130P00084000,84.0,0.14,0.12,0.14,148.0,694.0,0.86914193359375,False,PUT,2026-01-30,NBIS
NBIS260130P00085000,85.0,0.15,0.13,0.2,407.0,2618.0,0.8320329296874999,False,PUT,2026-01-30,NBIS
NBIS260130P00086000,86.0,0.2,0.16,0.25,123.0,3666.0,0.789064609375,False,PUT,2026-01-30,NBIS
NBIS260130P00087000,87.0,0.24,0.2,0.35,717.0,976.0,0.7597680273437502,False,PUT,2026-01-30,NBIS
NBIS260130P00088000,88.0,0.4,0.35,0.47,643.0,1122.0,0.7568383691406251,False,PUT,2026-01-30,NBIS
NBIS260130P00089000,89.0,0.54,0.47,0.58,133.0,1646.0,0.717776259765625,False,PUT,2026-01-30,NBIS
NBIS260130P00090000,90.0,0.68,0.61,0.75,650.0,3327.0,0.6816438085937502,False,PUT,2026-01-30,NBIS
NBIS260130P00091000,91.0,1.01,0.86,0.98,278.0,851.0,0.6601596484375001,False,PUT,2026-01-30,NBIS
NBIS260130P00092000,92.0,1.31,1.14,1.29,315.0,1133.0,0.632816171875,False,PUT,2026-01-30,NBIS
NBIS260130P00093000,93.0,1.55,1.51,1.74,721.0,1099.0,0.6181678808593751,False,PUT,2026-01-30,NBIS
NBIS260130P00094000,94.0,1.9,1.96,2.09,527.0,861.0,0.5659223095703125,True,PUT,2026-01-30,NBIS
NBIS260130P00095000,95.0,2.7,2.57,2.77,601.0,1959.0,0.567387138671875,True,PUT,2026-01-30,NBIS
NBIS260130P00096000,96.0,3.47,2.98,3.5,127.0,717.0,0.6123085644531252,True,PUT,2026-01-30,NBIS
NBIS260130P00097000,97.0,3.7,3.7,4.15,159.0,964.0,0.5351608984375,True,PUT,2026-01-30,NBIS
NBIS260130P00098000,98.0,4.6,4.5,4.95,153.0,853.0,0.46289599609375004,True,PUT,2026-01-30,NBIS
NBIS260130P00099000,99.0,5.4,5.2,5.7,52.0,492.0,1.0000000000000003e-05,True,PUT,2026-01-30,NBIS
NBIS260130P00100000,100.0,6.65,5.95,6.85,87.0,2264.0,0.2500075,True,PUT,2026-01-30,NBIS
NBIS260130P00101000,101.0,7.4,6.3,7.95,8.0,91.0,0.6640658593750002,True,PUT,2026-01-30,NBIS
NBIS260130P00102000,102.0,8.75,7.3,8.7,36.0,388.0,1.0000000000000003e-05,True,PUT,2026-01-30,NBIS
NBIS260130P00103000,103.0,8.2,8.0,9.65,32.0,1142.0,1.0000000000000003e-05,True,PUT,2026-01-30,NBIS
NBIS260130P00104000,104.0,10.07,8.65,10.65,4.0,140.0,1.0000000000000003e-05,True,PUT,2026-01-30,NBIS
NBIS260130P00105000,105.0,11.62,9.15,11.55,23.0,158.0,1.0000000000000003e-05,True,PUT,2026-01-30,NBIS
NBIS260130P00106000,106.0,7.26,10.3,12.75,8.0,147.0,1.0000000000000003e-05,True,PUT,2026-01-30,NBIS
NBIS260130P00107000,107.0,13.5,11.15,13.85,4.0,38.0,0.500005,True,PUT,2026-01-30,NBIS
NBIS260130P00108000,108.0,14.99,12.15,14.85,3.0,35.0,0.500005,True,PUT,2026-01-30,NBIS
NBIS260130P00109000,109.0,16.91,13.1,15.9,2.0,27.0,1.015629921875,True,PUT,2026-01-30,NBIS
NBIS260130P00110000,110.0,15.47,14.4,16.8,14.0,178.0,1.0000000000000003e-05,True,PUT,2026-01-30,NBIS
NBIS260130P00111000,111.0,13.38,15.15,17.85,3.0,2.0,0.500005,True,PUT,2026-01-30,NBIS
NBIS260130P00112000,112.0,18.58,16.15,18.85,1.0,2.0,0.500005,True,PUT,2026-01-30,NBIS
NBIS260130P00113000,113.0,9.4,17.15,19.85,,15.0,0.500005,True,PUT,2026-01-30,NBIS
NBIS260130P00115000,115.0,21.9,19.15,21.85,2.0,47.0,0.500005,True,PUT,2026-01-30,NBIS
NBIS260130P00116000,116.0,11.6,20.15,22.75,,1.0,1.0000000000000003e-05,True,PUT,2026-01-30,NBIS
NBIS260130P00117000,117.0,23.55,21.15,23.85,6.0,6.0,0.500005,True,PUT,2026-01-30,NBIS
NBIS260130P00120000,120.0,22.97,24.1,27.1,3.0,51.0,1.9609376953125,True,PUT,2026-01-30,NBIS
NBIS260206C00066000,66.0,29.42,27.3,30.05,3.0,3.0,1.9384768701171877,True,CALL,2026-02-06,NBIS
NBIS260206C00070000,70.0,29.0,23.55,26.15,12.0,34.0,1.7490246923828123,True,CALL,2026-02-06,NBIS
NBIS260206C00075000,75.0,19.1,18.8,21.35,96.0,3.0,1.5078149609375,True,CALL,2026-02-06,NBIS
NBIS260206C00076000,76.0,18.66,17.8,20.4,10.0,27.0,1.453127734375,True,CALL,2026-02-06,NBIS
NBIS260206C00077000,77.0,19.4,16.85,18.9,2.0,21.0,1.3276400805664061,True,CALL,2026-02-06,NBIS
NBIS260206C00078000,78.0,15.35,15.85,18.5,1.0,6.0,1.3496126269531248,True,CALL,2026-02-06,NBIS
NBIS260206C00080000,80.0,14.0,14.35,16.7,1.0,7.0,1.3129917163085936,True,CALL,2026-02-06,NBIS
NBIS260206C00083000,83.0,17.2,11.9,14.2,1.0,4.0,1.236331943359375,True,CALL,2026-02-06,NBIS
NBIS260206C00084000,84.0,11.08,11.05,13.4,10.0,4.0,1.2060586572265624,True,CALL,2026-02-06,NBIS
NBIS260206C00085000,85.0,12.01,10.3,12.6,2.0,31.0,1.183109553222656,True,CALL,2026-02-06,NBIS
NBIS260206C00086000,86.0,10.0,9.45,11.35,6.0,19.0,1.1030318286132816,True,CALL,2026-02-06,NBIS
NBIS260206C00087000,87.0,15.7,8.85,10.2,9.0,14.0,1.0561570629882815,True,CALL,2026-02-06,NBIS
NBIS260206C00088000,88.0,9.75,8.2,10.1,3.0,60.0,1.1013228527832033,True,CALL,2026-02-06,NBIS
NBIS260206C00089000,89.0,6.87,7.6,8.1,1.0,4.0,0.9702151416015624,True,CALL,2026-02-06,NBIS
NBIS260206C00090000,90.0,7.2,6.95,7.55,48.0,678.0,0.9653323779296875,True,CALL,2026-02-06,NBIS
NBIS260206C00091000,91.0,5.75,6.55,7.0,33.0,31.0,0.9780275634765626,True,CALL,2026-02-06,NBIS
NBIS260206C00092000,92.0,6.1,6.05,6.35,29.0,75.0,0.9677737597656251,True,CALL,2026-02-06,NBIS
NBIS260206C00093000,93.0,6.25,5.3,5.95,27.0,85.0,0.9526371923828124,True,CALL,2026-02-06,NBIS
NBIS260206C00094000,94.0,5.15,5.0,5.25,153.0,74.0,0.9458013232421875,False,CALL,2026-02-06,NBIS
NBIS260206C00095000,95.0,4.75,4.4,4.8,531.0,462.0,0.9299323413085938,False,CALL,2026-02-06,NBIS
NBIS260206C00096000,96.0,4.38,3.9,4.3,114.0,113.0,0.9133309448242188,False,CALL,2026-02-06,NBIS
NBIS260206C00097000,97.0,3.75,3.65,3.95,1094.0,118.0,0.9265144067382812,False,CALL,2026-02-06,NBIS
NBIS260206C00098000,98.0,3.35,3.25,3.6,168.0,563.0,0.92187578125,False,CALL,2026-02-06,NBIS
NBIS260206C00099000,99.0,3.09,2.96,3.15,112.0,279.0,0.9135750830078125,False,CALL,2026-02-06,NBIS
NBIS260206C00100000,100.0,2.69,2.64,2.93,836.0,1422.0,0.9184578466796876,False,CALL,2026-02-06,NBIS
NBIS260206C00101000,101.0,2.28,2.36,2.52,73.0,148.0,0.9050302465820312,False,CALL,2026-02-06,NBIS
NBIS260206C00102000,102.0,2.25,2.05,2.34,227.0,292.0,0.9060067993164063,False,CALL,2026-02-06,NBIS
NBIS260206C00103000,103.0,2.0,1.77,1.9,78.0,123.0,0.8784191845703124,False,CALL,2026-02-06,NBIS
NBIS260206C00104000,104.0,1.79,1.56,1.69,406.0,162.0,0.8764660791015625,False,CALL,2026-02-06,NBIS
NBIS260206C00105000,105.0,1.49,1.38,1.54,722.0,639.0,0.8808605664062499,False,CALL,2026-02-06,NBIS
NBIS260206C00106000,106.0,1.3,1.17,1.33,284.0,413.0,0.8696302099609375,False,CALL,2026-02-06,NBIS
NBIS260206C00107000,107.0,1.13,1.03,1.21,148.0,851.0,0.8745129736328124,False,CALL,2026-02-06,NBIS
NBIS260206C00108000,108.0,1.16,0.89,1.09,644.0,839.0,0.8754895263671875,False,CALL,2026-02-06,NBIS
NBIS260206C00109000,109.0,1.05,0.76,0.98,661.0,905.0,0.87500125,False,CALL,2026-02-06,NBIS
NBIS260206C00110000,110.0,0.86,0.69,0.84,1930.0,2236.0,0.8754895263671875,False,CALL,2026-02-06,NBIS
NBIS260206C00111000,111.0,0.77,0.59,0.77,51.0,183.0,0.8789074609374999,False,CALL,2026-02-06,NBIS
NBIS260206C00112000,112.0,0.7,0.51,0.71,75.0,132.0,0.88476677734375,False,CALL,2026-02-06,NBIS
NBIS260206C00113000,113.0,0.62,0.45,0.64,5.0,51.0,0.8896495410156249,False,CALL,2026-02-06,NBIS
NBIS260206C00114000,114.0,0.51,0.34,0.57,20.0,182.0,0.8798840136718749,False,CALL,2026-02-06,NBIS
NBIS260206C00115000,115.0,0.37,0.31,0.42,960.0,789.0,0.8652357226562499,False,CALL,2026-02-06,NBIS
NBIS260206C00116000,116.0,0.37,0.29,0.47,46.0,82.0,0.8994150683593749,False,CALL,2026-02-06,NBIS
NBIS260206C00117000,117.0,0.35,0.26,0.35,26.0,147.0,0.88476677734375,False,CALL,2026-02-06,NBIS
NBIS260206C00118000,118.0,0.3,0.22,0.4,20.0,252.0,0.913086806640625,False,CALL,2026-02-06,NBIS
NBIS260206C00119000,119.0,0.27,0.17,0.28,5.0,44.0,0.8818371191406249,False,CALL,2026-02-06,NBIS
NBIS260206C00120000,120.0,0.23,0.19,0.23,843.0,2327.0,0.8945323046874999,False,CALL,2026-02-06,NBIS
NBIS260206C00121000,121.0,0.21,0.03,0.44,2.0,21.0,0.937500625,False,CALL,2026-02-06,NBIS
NBIS260206P00068000,68.0,0.25,0.0,0.75,13.0,13.0,1.26172244140625,False,PUT,2026-02-06,NBIS
NBIS260206P00070000,70.0,0.24,0.13,0.34,49.0,1809.0,1.0595750146484377,False,PUT,2026-02-06,NBIS
NBIS260206P00073000,73.0,0.42,0.0,0.4,26.0,56.0,0.9003916210937499,False,PUT,2026-02-06,NBIS
NBIS260206P00074000,74.0,0.36,0.24,0.45,76.0,61.0,0.9609378906249999,False,PUT,2026-02-06,NBIS
NBIS260206P00075000,75.0,0.4,0.31,0.42,43.0,562.0,0.9267585449218749,False,PUT,2026-02-06,NBIS
NBIS260206P00076000,76.0,0.46,0.34,0.46,170.0,192.0,0.9003916210937499,False,PUT,2026-02-06,NBIS
NBIS260206P00077000,77.0,0.51,0.43,0.64,73.0,116.0,0.91992267578125,False,PUT,2026-02-06,NBIS
NBIS260206P00078000,78.0,0.85,0.5,0.73,16.0,206.0,0.9062509375,False,PUT,2026-02-06,NBIS
NBIS260206P00079000,79.0,0.64,0.61,0.78,53.0,149.0,0.8876964355468748,False,PUT,2026-02-06,NBIS
NBIS260206P00080000,80.0,0.85,0.74,0.86,858.0,1661.0,0.87500125,False,PUT,2026-02-06,NBIS
NBIS260206P00081000,81.0,0.98,0.87,0.95,81.0,242.0,0.85937640625,False,PUT,2026-02-06,NBIS
NBIS260206P00082000,82.0,1.21,1.03,1.19,237.0,1987.0,0.8652357226562499,False,PUT,2026-02-06,NBIS
NBIS260206P00083000,83.0,1.23,1.17,1.36,358.0,995.0,0.852540537109375,False,PUT,2026-02-06,NBIS
NBIS260206P00084000,84.0,1.48,1.37,1.54,57.0,194.0,0.8432632861328124,False,PUT,2026-02-06,NBIS
NBIS260206P00085000,85.0,1.71,1.59,1.75,351.0,1515.0,0.8349625878906248,False,PUT,2026-02-06,NBIS
NBIS260206P00086000,86.0,1.94,1.84,2.02,94.0,415.0,0.831056376953125,False,PUT,2026-02-06,NBIS
NBIS260206P00087000,87.0,2.29,2.16,2.32,269.0,130.0,0.8315446533203124,False,PUT,2026-02-06,NBIS
NBIS260206P00088000,88.0,2.51,2.31,2.57,225.0,318.0,0.8042011767578124,False,PUT,2026-02-06,NBIS
NBIS260206P00089000,89.0,2.44,2.76,3.05,253.0,1634.0,0.8227556787109375,False,PUT,2026-02-06,NBIS
NBIS260206P00090000,90.0,3.25,3.1,3.45,856.0,968.0,0.8168963623046874,False,PUT,2026-02-06,NBIS
NBIS260206P00091000,91.0,3.53,3.5,3.7,81.0,151.0,0.7973653076171875,False,PUT,2026-02-06,NBIS
NBIS260206P00092000,92.0,4.1,3.9,4.2,170.0,325.0,0.7939473730468749,False,PUT,2026-02-06,NBIS
NBIS260206P00093000,93.0,4.62,4.3,4.65,69.0,240.0,0.7807639111328125,False,PUT,2026-02-06,NBIS
NBIS260206P00094000,94.0,5.2,4.85,5.0,70.0,115.0,0.7661156201171876,True,PUT,2026-02-06,NBIS
NBIS260206P00095000,95.0,5.47,5.35,5.7,179.0,548.0,0.7709983837890625,True,PUT,2026-02-06,NBIS
NBIS260206P00096000,96.0,6.0,5.85,6.35,135.0,84.0,0.7656273437500001,True,PUT,2026-02-06,NBIS
NBIS260206P00097000,97.0,7.09,6.45,6.9,188.0,669.0,0.7543969873046875,True,PUT,2026-02-06,NBIS
NBIS260206P00098000,98.0,7.85,7.0,7.5,173.0,228.0,0.7368190380859375,True,PUT,2026-02-06,NBIS
NBIS260206P00099000,99.0,7.96,7.75,8.05,19.0,302.0,0.7260769580078125,True,PUT,2026-02-06,NBIS
NBIS260206P00100000,100.0,8.7,8.4,8.9,105.0,5151.0,0.72851833984375,True,PUT,2026-02-06,NBIS
NBIS260206P00101000,101.0,9.3,9.15,9.6,2.0,141.0,0.7202176416015625,True,PUT,2026-02-06,NBIS
NBIS260206P00102000,102.0,9.28,9.75,10.55,54.0,88.0,0.7163114306640624,True,PUT,2026-02-06,NBIS
NBIS260206P00103000,103.0,11.0,10.3,11.4,3.0,160.0,0.6870148486328126,True,PUT,2026-02-06,NBIS
NBIS260206P00104000,104.0,12.12,10.95,12.3,17.0,34.0,0.6665072412109377,True,PUT,2026-02-06,NBIS
NBIS260206P00105000,105.0,12.5,10.6,13.0,21.0,144.0,0.8051777294921875,True,PUT,2026-02-06,NBIS
NBIS260206P00106000,106.0,14.1,12.45,13.75,3.0,58.0,0.5488326367187502,True,PUT,2026-02-06,NBIS
NBIS260206P00107000,107.0,9.85,12.3,14.55,11.0,14.0,0.752932158203125,True,PUT,2026-02-06,NBIS
NBIS260206P00108000,108.0,16.6,13.0,15.4,2.0,47.0,0.73633076171875,True,PUT,2026-02-06,NBIS
NBIS260206P00109000,109.0,13.0,13.9,16.7,3.0,15.0,0.86914193359375,True,PUT,2026-02-06,NBIS
NBIS260206P00110000,110.0,17.53,14.75,17.7,4.0,60.0,0.903321279296875,True,PUT,2026-02-06,NBIS
NBIS260206P00111000,111.0,14.1,15.7,18.1,6.0,7.0,0.69336244140625,True,PUT,2026-02-06,NBIS
NBIS260206P00113000,113.0,17.04,17.55,19.95,10.0,10.0,0.632816171875,True,PUT,2026-02-06,NBIS
NBIS260206P00115000,115.0,20.96,19.45,22.1,9.0,25.0,0.799806689453125,True,PUT,2026-02-06,NBIS
NBIS260206P00117000,117.0,13.75,21.35,24.0,,2.0,0.7753928710937501,True,PUT,2026-02-06,NBIS
NBIS260206P00120000,120.0,19.5,24.25,27.0,9.0,27.0,0.8437515624999999,True,PUT,2026-02-06,NBIS
NBIS260213C00070000,70.0,39.57,23.85,26.6,16.0,16.0,1.4047881323242186,True,CALL,2026-02-13,NBIS
NBIS260213C00074000,74.0,22.0,20.3,22.9,2.0,10.0,1.2915074487304685,True,CALL,2026-02-13,NBIS
NBIS260213C00075000,75.0,25.31,19.35,21.55,,1.0,1.2109414453124998,True,CALL,2026-02-13,NBIS
NBIS260213C00077000,77.0,25.9,17.9,20.3,,3.0,1.2392616162109373,True,CALL,2026-02-13,NBIS
NBIS260213C00078000,78.0,23.5,17.1,19.45,3.0,3.0,1.2202187426757813,True,CALL,2026-02-13,NBIS
NBIS260213C00080000,80.0,23.76,15.45,17.8,2.0,1.0,1.1772502075195312,True,CALL,2026-02-13,NBIS
NBIS260213C00081000,81.0,18.74,14.65,15.8,20.0,50.0,1.0581101782226563,True,CALL,2026-02-13,NBIS
NBIS260213C00082000,82.0,20.81,13.85,16.25,,1.0,1.140629296875,True,CALL,2026-02-13,NBIS
NBIS260213C00083000,83.0,16.5,13.05,15.35,1.0,2.0,1.1098677319335937,True,CALL,2026-02-13,NBIS
NBIS260213C00084000,84.0,11.83,12.3,14.75,1.0,51.0,1.1044966650390626,True,CALL,2026-02-13,NBIS
NBIS260213C00085000,85.0,12.0,11.75,13.9,6.0,57.0,1.0927779736328125,True,CALL,2026-02-13,NBIS
NBIS260213C00086000,86.0,10.6,11.05,13.25,1.0,1.0,1.0822799792480469,True,CALL,2026-02-13,NBIS
NBIS260213C00087000,87.0,9.86,10.2,11.25,10.0,11.0,0.9641116870117188,True,CALL,2026-02-13,NBIS
NBIS260213C00088000,88.0,15.5,9.55,10.55,3.0,41.0,0.9511723632812499,True,CALL,2026-02-13,NBIS
NBIS260213C00090000,90.0,8.1,8.6,9.35,5.0,81.0,0.95507857421875,True,CALL,2026-02-13,NBIS
NBIS260213C00091000,91.0,9.15,7.9,8.8,2.0,2.0,0.9409185595703125,True,CALL,2026-02-13,NBIS
NBIS260213C00092000,92.0,8.95,7.4,8.2,32.0,23.0,0.9340826904296875,True,CALL,2026-02-13,NBIS
NBIS260213C00093000,93.0,7.4,6.85,7.75,30.0,29.0,0.930664755859375,True,CALL,2026-02-13,NBIS
NBIS260213C00094000,94.0,7.0,6.45,7.0,80.0,51.0,0.9150399121093751,False,CALL,2026-02-13,NBIS
NBIS260213C00095000,95.0,6.3,6.1,6.65,69.0,334.0,0.9257819921875,False,CALL,2026-02-13,NBIS
NBIS260213C00096000,96.0,6.15,5.7,6.1,15.0,32.0,0.9174812939453125,False,CALL,2026-02-13,NBIS
NBIS260213C00097000,97.0,6.0,5.2,5.9,40.0,25.0,0.9226081958007812,False,CALL,2026-02-13,NBIS
NBIS260213C00098000,98.0,5.05,4.9,5.4,50.0,444.0,0.9187019848632813,False,CALL,2026-02-13,NBIS
NBIS260213C00099000,99.0,4.19,4.5,5.05,104.0,53.0,0.9152840502929689,False,CALL,2026-02-13,NBIS
NBIS260213C00100000,100.0,4.3,4.15,4.6,351.0,516.0,0.9060067993164063,False,CALL,2026-02-13,NBIS
NBIS260213C00101000,101.0,4.0,3.8,4.25,60.0,80.0,0.9006357592773437,False,CALL,2026-02-13,NBIS
NBIS260213C00102000,102.0,3.45,3.55,3.95,5.0,73.0,0.9028330029296875,False,CALL,2026-02-13,NBIS
NBIS260213C00103000,103.0,3.15,3.2,3.75,7.0,33.0,0.9025888647460938,False,CALL,2026-02-13,NBIS
NBIS260213C00104000,104.0,3.3,3.0,3.3,6.0,82.0,0.8928233374023438,False,CALL,2026-02-13,NBIS
NBIS260213C00105000,105.0,3.06,2.75,3.3,134.0,1152.0,0.9099130102539061,False,CALL,2026-02-13,NBIS
NBIS260213C00106000,106.0,2.87,2.54,2.86,24.0,117.0,0.8950205810546874,False,CALL,2026-02-13,NBIS
NBIS260213C00107000,107.0,2.56,2.35,2.65,28.0,72.0,0.8964854101562498,False,CALL,2026-02-13,NBIS
NBIS260213C00108000,108.0,1.91,2.13,2.41,14.0,157.0,0.8906260937499999,False,CALL,2026-02-13,NBIS
NBIS260213C00109000,109.0,2.01,1.95,2.29,15.0,216.0,0.8959971337890623,False,CALL,2026-02-13,NBIS
NBIS260213C00110000,110.0,2.04,1.8,1.99,945.0,1145.0,0.8862316064453124,False,CALL,2026-02-13,NBIS
NBIS260213C00111000,111.0,2.0,1.63,2.06,2.0,12.0,0.9055185229492188,False,CALL,2026-02-13,NBIS
NBIS260213C00112000,112.0,1.7,1.45,1.77,37.0,109.0,0.8891612646484374,False,CALL,2026-02-13,NBIS
NBIS260213C00113000,113.0,1.6,1.33,1.66,2.0,24.0,0.8930674755859375,False,CALL,2026-02-13,NBIS
NBIS260213C00114000,114.0,1.5,1.2,1.52,1.0,145.0,0.8906260937499999,False,CALL,2026-02-13,NBIS
NBIS260213C00115000,115.0,1.2,1.1,1.39,115.0,603.0,0.8908702319335937,False,CALL,2026-02-13,NBIS
NBIS260213C00116000,116.0,1.29,0.99,1.26,3.0,10.0,0.8876964355468748,False,CALL,2026-02-13,NBIS
NBIS260213C00117000,117.0,1.07,0.91,1.2,46.0,124.0,0.8945323046874999,False,CALL,2026-02-13,NBIS
NBIS260213C00120000,120.0,0.77,0.71,0.96,264.0,763.0,0.903321279296875,False,CALL,2026-02-13,NBIS
NBIS260213P00070000,70.0,0.54,0.42,0.6,39.0,1147.0,0.936524072265625,False,PUT,2026-02-13,NBIS
NBIS260213P00074000,74.0,0.85,0.78,1.03,7.0,182.0,0.9204109521484375,False,PUT,2026-02-13,NBIS
NBIS260213P00075000,75.0,1.01,0.9,1.05,44.0,665.0,0.8999033447265624,False,PUT,2026-02-13,NBIS
NBIS260213P00076000,76.0,0.8,1.03,1.28,1.0,59.0,0.9067392138671875,False,PUT,2026-02-13,NBIS
NBIS260213P00077000,77.0,1.15,1.18,1.38,30.0,34.0,0.8955088574218748,False,PUT,2026-02-13,NBIS
NBIS260213P00078000,78.0,1.48,1.32,1.58,20.0,199.0,0.8916026464843749,False,PUT,2026-02-13,NBIS
NBIS260213P00079000,79.0,1.61,1.5,1.75,52.0,184.0,0.8852550537109375,False,PUT,2026-02-13,NBIS
NBIS260213P00080000,80.0,1.7,1.68,1.94,109.0,659.0,0.877930908203125,False,PUT,2026-02-13,NBIS
NBIS260213P00081000,81.0,1.99,1.8,2.12,40.0,89.0,0.8608412353515625,False,PUT,2026-02-13,NBIS
NBIS260213P00082000,82.0,3.0,2.11,2.37,8.0,109.0,0.8647474462890624,False,PUT,2026-02-13,NBIS
NBIS260213P00083000,83.0,2.2,2.25,2.61,31.0,154.0,0.84961087890625,False,PUT,2026-02-13,NBIS
NBIS260213P00084000,84.0,2.76,2.51,2.88,10.0,97.0,0.8439957006835936,False,PUT,2026-02-13,NBIS
NBIS260213P00085000,85.0,3.04,2.92,3.25,56.0,530.0,0.8544936425781251,False,PUT,2026-02-13,NBIS
NBIS260213P00086000,86.0,3.37,3.1,3.55,18.0,51.0,0.8383805224609374,False,PUT,2026-02-13,NBIS
NBIS260213P00087000,87.0,3.34,3.4,3.95,26.0,83.0,0.835695002441406,False,PUT,2026-02-13,NBIS
NBIS260213P00088000,88.0,4.0,3.7,4.4,14.0,95.0,0.8330094824218748,False,PUT,2026-02-13,NBIS
NBIS260213P00089000,89.0,3.9,4.1,4.65,7.0,45.0,0.8203142968749999,False,PUT,2026-02-13,NBIS
NBIS260213P00090000,90.0,4.75,4.6,4.95,158.0,552.0,0.8146991186523438,False,PUT,2026-02-13,NBIS
NBIS260213P00091000,91.0,5.1,4.95,5.5,10.0,72.0,0.8125018749999999,False,PUT,2026-02-13,NBIS
NBIS260213P00092000,92.0,5.54,5.4,5.95,51.0,72.0,0.8071308349609375,False,PUT,2026-02-13,NBIS
NBIS260213P00093000,93.0,5.8,5.8,6.5,48.0,125.0,0.8017597949218749,False,PUT,2026-02-13,NBIS
NBIS260213P00094000,94.0,7.11,6.35,7.2,13.0,60.0,0.8122577368164061,True,PUT,2026-02-13,NBIS
NBIS260213P00095000,95.0,6.65,6.85,7.6,38.0,283.0,0.7971211694335938,True,PUT,2026-02-13,NBIS
NBIS260213P00096000,96.0,8.41,7.3,8.15,5.0,59.0,0.7854025366210937,True,PUT,2026-02-13,NBIS
NBIS260213P00097000,97.0,10.05,7.9,8.7,12.0,106.0,0.7797873583984375,True,PUT,2026-02-13,NBIS
NBIS260213P00098000,98.0,8.55,8.6,9.25,52.0,689.0,0.7778342529296876,True,PUT,2026-02-13,NBIS
NBIS260213P00099000,99.0,10.04,9.1,9.85,36.0,19.0,0.7624535473632813,True,PUT,2026-02-13,NBIS
NBIS260213P00100000,100.0,11.4,9.9,10.6,31.0,199.0,0.7741721801757813,True,PUT,2026-02-13,NBIS
NBIS260213P00101000,101.0,11.26,10.55,11.25,2.0,39.0,0.7661156201171876,True,PUT,2026-02-13,NBIS
NBIS260213P00102000,102.0,11.4,11.25,11.95,5.0,45.0,0.7614769946289064,True,PUT,2026-02-13,NBIS
NBIS260213P00103000,103.0,13.57,12.1,12.85,5.0,32.0,0.7797873583984375,True,PUT,2026-02-13,NBIS
NBIS260213P00104000,104.0,9.25,12.65,13.4,1.0,6.0,0.7463404272460938,True,PUT,2026-02-13,NBIS
NBIS260213P00105000,105.0,15.42,13.15,14.5,40.0,83.0,0.7475611181640626,True,PUT,2026-02-13,NBIS
NBIS260213P00106000,106.0,9.2,14.1,15.05,5.0,14.0,0.7377955908203124,True,PUT,2026-02-13,NBIS
NBIS260213P00107000,107.0,15.64,14.9,16.05,1.0,16.0,0.7504907763671875,True,PUT,2026-02-13,NBIS
NBIS260213P00108000,108.0,16.95,14.75,16.55,1.0,4.0,0.614261669921875,True,PUT,2026-02-13,NBIS
NBIS260213P00109000,109.0,14.88,15.05,17.6,1.0,3.0,0.5546919531250001,True,PUT,2026-02-13,NBIS
NBIS260213P00110000,110.0,17.19,15.85,18.25,2.0,22.0,0.7944356494140624,True,PUT,2026-02-13,NBIS
NBIS260213P00112000,112.0,16.78,18.25,19.95,1.0,0.0,0.5400436621093752,True,PUT,2026-02-13,NBIS
NBIS260213P00114000,114.0,21.45,19.95,21.7,3.0,29.0,0.7744163183593751,True,PUT,2026-02-13,NBIS
NBIS260213P00115000,115.0,21.67,20.15,23.05,12.0,19.0,0.8808605664062499,True,PUT,2026-02-13,NBIS
NBIS260213P00117000,117.0,15.2,21.95,24.4,,1.0,0.754885263671875,True,PUT,2026-02-13,NBIS
NBIS260213P00120000,120.0,24.61,24.75,27.55,1.0,22.0,0.8642591699218749,True,PUT,2026-02-13,NBIS
NBIS260220C00070000,70.0,23.85,24.5,27.25,11.0,214.0,1.2963902368164062,True,CALL,2026-02-20,NBIS
NBIS260220C00075000,75.0,25.0,20.35,23.1,11.0,258.0,1.218265627441406,True,CALL,2026-02-20,NBIS
NBIS260220C00080000,80.0,17.8,17.0,19.3,2.0,839.0,1.1904337353515624,True,CALL,2026-02-20,NBIS
NBIS260220C00085000,85.0,14.3,13.35,14.6,668.0,4331.0,1.05078599609375,True,CALL,2026-02-20,NBIS
NBIS260220C00090000,90.0,11.35,10.9,11.15,1612.0,2589.0,1.0241748010253908,True,CALL,2026-02-20,NBIS
NBIS260220C00094000,94.0,9.15,8.75,9.45,44.0,63.0,1.0185595947265624,False,CALL,2026-02-20,NBIS
NBIS260220C00095000,95.0,8.05,8.15,8.7,101.0,1282.0,0.9919434399414062,False,CALL,2026-02-20,NBIS
NBIS260220C00096000,96.0,8.03,7.65,8.35,30.0,36.0,0.9904786108398438,False,CALL,2026-02-20,NBIS
NBIS260220C00097000,97.0,7.56,7.2,7.95,2.0,110.0,0.9873048144531251,False,CALL,2026-02-20,NBIS
NBIS260220C00098000,98.0,7.57,6.85,7.5,8.0,112.0,0.9848634326171876,False,CALL,2026-02-20,NBIS
NBIS260220C00099000,99.0,7.7,6.4,6.95,200.0,217.0,0.9702151416015624,False,CALL,2026-02-20,NBIS
NBIS260220C00100000,100.0,6.4,6.15,6.7,1331.0,3312.0,0.9807130834960938,False,CALL,2026-02-20,NBIS
NBIS260220C00101000,101.0,6.0,5.9,6.6,30.0,146.0,0.99804689453125,False,CALL,2026-02-20,NBIS
NBIS260220C00102000,102.0,5.73,5.4,6.05,11.0,90.0,0.9753420434570312,False,CALL,2026-02-20,NBIS
NBIS260220C00103000,103.0,5.85,5.2,5.9,18.0,129.0,0.9897461962890625,False,CALL,2026-02-20,NBIS
NBIS260220C00104000,104.0,4.9,4.8,5.45,19.0,56.0,0.9748537670898438,False,CALL,2026-02-20,NBIS
NBIS260220C00105000,105.0,4.8,4.65,5.05,625.0,2692.0,0.9750979052734375,False,CALL,2026-02-20,NBIS
NBIS260220C00106000,106.0,4.9,4.4,4.85,105.0,53.0,0.9794923925781251,False,CALL,2026-02-20,NBIS
NBIS260220C00107000,107.0,4.3,3.85,4.7,257.0,107.0,0.9680178979492188,False,CALL,2026-02-20,NBIS
NBIS260220C00108000,108.0,4.43,3.75,4.4,295.0,26.0,0.9726565234375,False,CALL,2026-02-20,NBIS
NBIS260220C00109000,109.0,3.95,3.7,4.2,16.0,60.0,0.9851075708007813,False,CALL,2026-02-20,NBIS
NBIS260220C00110000,110.0,3.67,3.5,3.75,239.0,3818.0,0.9719241088867188,False,CALL,2026-02-20,NBIS
NBIS260220C00111000,111.0,3.25,3.15,3.85,5.0,413.0,0.9821779125976562,False,CALL,2026-02-20,NBIS
NBIS260220C00112000,112.0,3.33,3.1,3.5,18.0,92.0,0.9816896362304688,False,CALL,2026-02-20,NBIS
NBIS260220C00113000,113.0,3.3,2.89,3.35,6.0,52.0,0.9826661889648438,False,CALL,2026-02-20,NBIS
NBIS260220C00114000,114.0,3.0,2.72,3.15,25.0,321.0,0.9816896362304688,False,CALL,2026-02-20,NBIS
NBIS260220C00115000,115.0,2.8,2.53,2.76,912.0,2884.0,0.9645999633789062,False,CALL,2026-02-20,NBIS
NBIS260220C00116000,116.0,2.5,2.41,2.67,1.0,61.0,0.9719241088867188,False,CALL,2026-02-20,NBIS
NBIS260220C00117000,117.0,2.54,2.27,2.57,4.0,79.0,0.9763185961914063,False,CALL,2026-02-20,NBIS
NBIS260220C00118000,118.0,4.0,2.1,3.45,31.0,41.0,1.0500535778808593,False,CALL,2026-02-20,NBIS
NBIS260220C00120000,120.0,1.9,1.88,2.15,858.0,7839.0,0.9763185961914063,False,CALL,2026-02-20,NBIS
NBIS260220P00070000,70.0,1.22,1.19,1.28,143.0,3639.0,0.9887696435546875,False,PUT,2026-02-20,NBIS
NBIS260220P00075000,75.0,2.03,1.85,2.07,208.0,3363.0,0.9497075341796875,False,PUT,2026-02-20,NBIS
NBIS260220P00080000,80.0,3.15,3.05,3.35,343.0,3941.0,0.9428716650390624,False,PUT,2026-02-20,NBIS
NBIS260220P00085000,85.0,4.71,4.5,4.9,314.0,2504.0,0.9145516357421876,False,PUT,2026-02-20,NBIS
NBIS260220P00090000,90.0,6.67,6.55,6.9,149.0,4260.0,0.8964854101562498,False,PUT,2026-02-20,NBIS
NBIS260220P00094000,94.0,8.35,8.5,8.9,18.0,974.0,0.8841564318847657,True,PUT,2026-02-20,NBIS
NBIS260220P00095000,95.0,9.25,9.0,9.65,196.0,2934.0,0.8901378173828124,True,PUT,2026-02-20,NBIS
NBIS260220P00096000,96.0,9.0,9.55,10.0,30.0,107.0,0.8752453881835938,True,PUT,2026-02-20,NBIS
NBIS260220P00097000,97.0,11.15,10.05,10.65,6.0,93.0,0.8718274536132812,True,PUT,2026-02-20,NBIS
NBIS260220P00098000,98.0,11.05,10.45,11.4,5.0,55.0,0.8664564135742188,True,PUT,2026-02-20,NBIS
NBIS260220P00099000,99.0,12.37,11.25,12.0,4.0,155.0,0.8728040063476561,True,PUT,2026-02-20,NBIS
NBIS260220P00100000,100.0,11.57,11.9,12.55,18.0,4411.0,0.866212275390625,True,PUT,2026-02-20,NBIS
NBIS260220P00101000,101.0,13.24,12.4,13.4,1.0,86.0,0.8659681372070311,True,PUT,2026-02-20,NBIS
NBIS260220P00102000,102.0,13.37,13.2,13.9,2.0,63.0,0.86132951171875,True,PUT,2026-02-20,NBIS
NBIS260220P00103000,103.0,15.15,13.9,14.95,31.0,32.0,0.8801281518554687,True,PUT,2026-02-20,NBIS
NBIS260220P00104000,104.0,13.51,14.35,15.45,25.0,28.0,0.851563984375,True,PUT,2026-02-20,NBIS
NBIS260220P00105000,105.0,15.15,15.25,16.2,18.0,552.0,0.8615736499023439,True,PUT,2026-02-20,NBIS
NBIS260220P00106000,106.0,12.8,15.85,16.85,4.0,5.0,0.8461929443359374,True,PUT,2026-02-20,NBIS
NBIS260220P00107000,107.0,14.3,16.6,17.65,1.0,2.0,0.8466812207031249,True,PUT,2026-02-20,NBIS
NBIS260220P00109000,109.0,18.79,18.15,19.2,1.0,10.0,0.8432632861328124,True,PUT,2026-02-20,NBIS
NBIS260220P00110000,110.0,15.27,18.4,19.45,21.0,748.0,0.7656273437500001,True,PUT,2026-02-20,NBIS
NBIS260220P00111000,111.0,17.95,18.4,20.75,1.0,12.0,0.7370631762695312,True,PUT,2026-02-20,NBIS
NBIS260220P00112000,112.0,20.9,19.0,21.45,4.0,11.0,0.70312796875,True,PUT,2026-02-20,NBIS
NBIS260220P00113000,113.0,19.8,19.85,22.65,,5.0,0.7287624780273438,True,PUT,2026-02-20,NBIS
NBIS260220P00114000,114.0,19.4,21.05,23.45,3.0,5.0,0.7500025,True,PUT,2026-02-20,NBIS
NBIS260220P00115000,115.0,20.02,22.2,23.9,4.0,463.0,0.7348659326171875,True,PUT,2026-02-20,NBIS
NBIS260220P00120000,120.0,26.65,25.75,28.2,5.0,298.0,0.5127001855468749,True,PUT,2026-02-20,NBIS
NBIS260227C00070000,70.0,27.97,25.25,28.0,2.0,4.0,1.2404823132324214,True,CALL,2026-02-27,NBIS
NBIS260227C00075000,75.0,22.6,21.35,22.75,2.0,3.0,1.1008345739746095,True,CALL,2026-02-27,NBIS
NBIS260227C00080000,80.0,22.49,17.9,20.35,5.0,15.0,1.1469769213867185,True,CALL,2026-02-27,NBIS
NBIS260227C00084000,84.0,14.7,15.1,17.1,1.0,12.0,1.076664772949219,True,CALL,2026-02-27,NBIS
NBIS260227C00085000,85.0,20.22,14.6,16.9,2.0,6.0,1.0991255981445316,True,CALL,2026-02-27,NBIS
NBIS260227C00087000,87.0,17.05,13.25,15.1,7.0,9.0,1.049077020263672,True,CALL,2026-02-27,NBIS
NBIS260227C00089000,89.0,12.94,12.3,14.6,2.0,1.0,1.0793503063964844,True,CALL,2026-02-27,NBIS
NBIS260227C00090000,90.0,12.41,11.45,13.9,10.0,95.0,1.0517625537109376,True,CALL,2026-02-27,NBIS
NBIS260227C00091000,91.0,11.45,10.9,13.0,4.0,24.0,1.0280810314941409,True,CALL,2026-02-27,NBIS
NBIS260227C00092000,92.0,13.38,10.75,12.8,5.0,20.0,1.0559129235839846,True,CALL,2026-02-27,NBIS
NBIS260227C00093000,93.0,11.34,10.1,12.15,17.0,46.0,1.0371141894531253,True,CALL,2026-02-27,NBIS
NBIS260227C00094000,94.0,10.86,10.0,11.75,13.0,64.0,1.0546922265625,False,CALL,2026-02-27,NBIS
NBIS260227C00095000,95.0,10.05,9.35,10.4,31.0,97.0,1.0003712091064452,False,CALL,2026-02-27,NBIS
NBIS260227C00096000,96.0,13.26,9.0,10.75,101.0,82.0,1.0388231652832034,False,CALL,2026-02-27,NBIS
NBIS260227C00097000,97.0,8.3,8.35,10.25,3.0,62.0,1.0220996160888671,False,CALL,2026-02-27,NBIS
NBIS260227C00098000,98.0,8.91,8.3,9.15,9.0,62.0,1.0040333001708983,False,CALL,2026-02-27,NBIS
NBIS260227C00099000,99.0,7.6,7.5,9.35,2.0,172.0,1.0105029943847654,False,CALL,2026-02-27,NBIS
NBIS260227C00100000,100.0,7.99,7.5,8.3,76.0,278.0,0.9946289599609376,False,CALL,2026-02-27,NBIS
NBIS260227C00101000,101.0,6.65,7.3,8.35,3.0,45.0,1.0199023614501954,False,CALL,2026-02-27,NBIS
NBIS260227C00102000,102.0,7.5,6.8,8.35,13.0,77.0,1.027592752685547,False,CALL,2026-02-27,NBIS
NBIS260227C00103000,103.0,7.97,6.2,7.65,5.0,49.0,0.9960937890625,False,CALL,2026-02-27,NBIS
NBIS260227C00104000,104.0,6.35,6.2,6.75,7.0,49.0,0.9820558435058593,False,CALL,2026-02-27,NBIS
NBIS260227C00105000,105.0,7.2,5.85,6.15,15.0,191.0,0.9642337561035157,False,CALL,2026-02-27,NBIS
NBIS260227C00106000,106.0,7.95,5.6,6.4,51.0,76.0,0.9916993017578125,False,CALL,2026-02-27,NBIS
NBIS260227C00107000,107.0,6.0,5.35,6.05,4.0,25.0,0.9888917126464845,False,CALL,2026-02-27,NBIS
NBIS260227C00108000,108.0,8.2,5.05,5.55,1.0,31.0,0.9748537670898438,False,CALL,2026-02-27,NBIS
NBIS260227C00109000,109.0,6.5,4.5,5.3,4.0,25.0,0.9592289233398437,False,CALL,2026-02-27,NBIS
NBIS260227C00110000,110.0,5.0,4.6,4.95,53.0,320.0,0.9707034179687499,False,CALL,2026-02-27,NBIS
NBIS260227C00111000,111.0,4.86,4.35,4.8,1.0,7.0,0.9733889379882812,False,CALL,2026-02-27,NBIS
NBIS260227C00112000,112.0,6.5,4.1,4.6,2.0,17.0,0.9726565234375,False,CALL,2026-02-27,NBIS
NBIS260227C00113000,113.0,4.6,2.57,5.4,3.0,44.0,0.9555668505859375,False,CALL,2026-02-27,NBIS
NBIS260227C00114000,114.0,5.0,3.55,4.15,6.0,168.0,0.9624027197265624,False,CALL,2026-02-27,NBIS
NBIS260227C00115000,115.0,4.01,3.6,3.9,34.0,245.0,0.9724123852539062,False,CALL,2026-02-27,NBIS
NBIS260227C00116000,116.0,5.14,3.35,3.8,1.0,9.0,0.9731447998046875,False,CALL,2026-02-27,NBIS
NBIS260227C00117000,117.0,3.68,3.2,3.65,4.0,31.0,0.9760744580078126,False,CALL,2026-02-27,NBIS
NBIS260227C00120000,120.0,2.92,2.75,3.15,47.0,984.0,0.9765627343750001,False,CALL,2026-02-27,NBIS
NBIS260227P00070000,70.0,1.83,1.69,2.17,91.0,189.0,1.0024463940429689,False,PUT,2026-02-27,NBIS
NBIS260227P00075000,75.0,2.9,2.61,3.05,62.0,321.0,0.9650882397460938,False,PUT,2026-02-27,NBIS
NBIS260227P00080000,80.0,4.3,3.8,4.3,195.0,446.0,0.9326178613281251,False,PUT,2026-02-27,NBIS
NBIS260227P00082000,82.0,4.65,4.3,5.25,10.0,13.0,0.9360357958984374,False,PUT,2026-02-27,NBIS
NBIS260227P00083000,83.0,5.02,4.65,5.4,10.0,9.0,0.9223640576171875,False,PUT,2026-02-27,NBIS
NBIS260227P00084000,84.0,5.49,5.15,5.8,16.0,39.0,0.9289557885742188,False,PUT,2026-02-27,NBIS
NBIS260227P00085000,85.0,5.97,5.75,6.2,557.0,221.0,0.9388433850097657,False,PUT,2026-02-27,NBIS
NBIS260227P00086000,86.0,6.0,5.7,6.55,4.0,44.0,0.9104012866210938,False,PUT,2026-02-27,NBIS
NBIS260227P00087000,87.0,7.26,6.1,7.1,1.0,50.0,0.914185428466797,False,PUT,2026-02-27,NBIS
NBIS260227P00088000,88.0,7.92,6.55,7.55,2.0,69.0,0.9135750830078125,False,PUT,2026-02-27,NBIS
NBIS260227P00089000,89.0,6.5,6.8,8.05,2.0,62.0,0.9040536938476562,False,PUT,2026-02-27,NBIS
NBIS260227P00090000,90.0,7.43,7.6,8.4,49.0,278.0,0.9123543920898438,False,PUT,2026-02-27,NBIS
NBIS260227P00091000,91.0,6.9,7.95,9.0,1.0,29.0,0.9094247338867187,False,PUT,2026-02-27,NBIS
NBIS260227P00092000,92.0,9.82,8.1,9.8,3.0,14.0,0.9047861083984375,False,PUT,2026-02-27,NBIS
NBIS260227P00093000,93.0,9.08,8.5,10.4,4.0,26.0,0.9011240356445311,False,PUT,2026-02-27,NBIS
NBIS260227P00094000,94.0,9.5,8.95,10.6,6.0,45.0,0.8793957373046875,True,PUT,2026-02-27,NBIS
NBIS260227P00095000,95.0,10.0,10.05,10.85,45.0,182.0,0.8891612646484374,True,PUT,2026-02-27,NBIS
NBIS260227P00096000,96.0,10.47,10.35,11.8,6.0,36.0,0.89257919921875,True,PUT,2026-02-27,NBIS
NBIS260227P00097000,97.0,10.72,10.4,12.55,3.0,28.0,0.8735364208984374,True,PUT,2026-02-27,NBIS
NBIS260227P00098000,98.0,10.3,10.95,12.8,1.0,29.0,0.8529067443847658,True,PUT,2026-02-27,NBIS
NBIS260227P00099000,99.0,13.59,12.4,13.65,5.0,26.0,0.901368173828125,True,PUT,2026-02-27,NBIS
NBIS260227P00100000,100.0,13.16,13.0,14.3,20.0,407.0,0.8991709301757811,True,PUT,2026-02-27,NBIS
NBIS260227P00101000,101.0,14.44,12.7,14.95,2.0,102.0,0.852662606201172,True,PUT,2026-02-27,NBIS
NBIS260227P00102000,102.0,16.6,13.25,15.2,3.0,34.0,0.8254411987304686,True,PUT,2026-02-27,NBIS
NBIS260227P00103000,103.0,12.7,14.9,16.3,1.0,1.0,0.8916026464843749,True,PUT,2026-02-27,NBIS
NBIS260227P00104000,104.0,16.25,15.7,16.9,1.0,13.0,0.8911143701171874,True,PUT,2026-02-27,NBIS
NBIS260227P00105000,105.0,17.99,15.85,17.4,35.0,41.0,0.8520522607421875,True,PUT,2026-02-27,NBIS
NBIS260227P00106000,106.0,12.49,16.0,18.1,,1.0,0.8203142968749999,True,PUT,2026-02-27,NBIS
NBIS260227P00108000,108.0,17.36,18.55,19.45,1.0,11.0,0.8659681372070311,True,PUT,2026-02-27,NBIS
NBIS260227P00110000,110.0,17.09,18.95,21.0,1.0,10.0,0.8027363476562499,True,PUT,2026-02-27,NBIS
NBIS260227P00111000,111.0,15.2,19.4,21.8,,20.0,0.7819846020507812,True,PUT,2026-02-27,NBIS
NBIS260227P00114000,114.0,24.79,23.25,24.45,,11.0,0.8754895263671875,True,PUT,2026-02-27,NBIS
NBIS260227P00115000,115.0,23.83,23.4,25.2,10.0,14.0,0.8291032714843749,True,PUT,2026-02-27,NBIS
NBIS260227P00116000,116.0,22.71,23.9,25.85,5.0,15.0,0.7934590966796875,True,PUT,2026-02-27,NBIS
NBIS260227P00120000,120.0,22.76,26.65,29.4,2.0,8.0,0.737307314453125,True,PUT,2026-02-27,NBIS
NBIS260306C00070000,70.0,27.85,25.0,28.6,2.0,2.0,1.1508831518554685,True,CALL,2026-03-06,NBIS
NBIS260306C00075000,75.0,28.0,22.2,23.8,2.0,3.0,1.111576707763672,True,CALL,2026-03-06,NBIS
NBIS260306C00087000,87.0,16.0,14.3,16.15,1.0,1.0,1.045170789794922,True,CALL,2026-03-06,NBIS
NBIS260306C00088000,88.0,16.54,14.1,16.2,1.0,4.0,1.0838668853759765,True,CALL,2026-03-06,NBIS
NBIS260306C00091000,91.0,15.0,11.95,14.1,1.0,3.0,1.023686522216797,True,CALL,2026-03-06,NBIS
NBIS260306C00094000,94.0,11.11,10.3,12.85,1.0,20.0,1.0135547369384765,False,CALL,2026-03-06,NBIS
NBIS260306C00095000,95.0,11.95,10.25,12.25,12.0,14.0,1.021489267578125,False,CALL,2026-03-06,NBIS
NBIS260306C00096000,96.0,10.63,9.6,11.85,4.0,16.0,1.0113574822998046,False,CALL,2026-03-06,NBIS
NBIS260306C00097000,97.0,10.5,9.55,10.5,4.0,52.0,0.985473778076172,False,CALL,2026-03-06,NBIS
NBIS260306C00098000,98.0,9.45,9.05,10.7,1.0,29.0,1.005009857788086,False,CALL,2026-03-06,NBIS
NBIS260306C00099000,99.0,8.73,8.85,10.45,1.0,4.0,1.0170947583007814,False,CALL,2026-03-06,NBIS
NBIS260306C00100000,100.0,9.78,8.25,9.9,66.0,64.0,0.9987793090820312,False,CALL,2026-03-06,NBIS
NBIS260306C00101000,101.0,8.65,7.9,9.25,2.0,15.0,0.9855958471679689,False,CALL,2026-03-06,NBIS
NBIS260306C00102000,102.0,11.99,7.7,9.45,1.0,14.0,1.0140430157470701,False,CALL,2026-03-06,NBIS
NBIS260306C00103000,103.0,9.18,7.35,9.05,50.0,51.0,1.0096485064697265,False,CALL,2026-03-06,NBIS
NBIS260306C00105000,105.0,7.27,5.95,8.3,6.0,10.0,0.9697268652343749,False,CALL,2026-03-06,NBIS
NBIS260306C00106000,106.0,9.07,6.2,8.3,6.0,12.0,1.0058643457031249,False,CALL,2026-03-06,NBIS
NBIS260306C00115000,115.0,5.1,4.2,4.8,42.0,37.0,0.953003399658203,False,CALL,2026-03-06,NBIS
NBIS260306C00120000,120.0,3.59,3.4,3.95,13.0,33.0,0.9609378906249999,False,CALL,2026-03-06,NBIS
NBIS260306P00070000,70.0,2.39,1.99,2.7,20.0,43.0,0.965820654296875,False,PUT,2026-03-06,NBIS
NBIS260306P00075000,75.0,3.05,3.05,3.5,26.0,49.0,0.9233406103515626,False,PUT,2026-03-06,NBIS
NBIS260306P00080000,80.0,5.1,4.75,5.7,128.0,49.0,0.9621585815429687,False,PUT,2026-03-06,NBIS
NBIS260306P00082000,82.0,5.35,5.65,6.05,7.0,172.0,0.9484868432617187,False,PUT,2026-03-06,NBIS
NBIS260306P00083000,83.0,6.13,5.3,6.8,6.0,3.0,0.9289557885742188,False,PUT,2026-03-06,NBIS
NBIS260306P00085000,85.0,6.65,6.35,7.0,7.0,43.0,0.9086923193359374,False,PUT,2026-03-06,NBIS
NBIS260306P00086000,86.0,7.69,6.45,7.9,1.0,6.0,0.9143074975585939,False,PUT,2026-03-06,NBIS
NBIS260306P00088000,88.0,8.6,6.95,9.45,1.0,6.0,0.922852333984375,False,PUT,2026-03-06,NBIS
NBIS260306P00090000,90.0,8.71,8.0,9.35,27.0,13.0,0.8774426318359375,False,PUT,2026-03-06,NBIS
NBIS260306P00094000,94.0,10.58,10.0,11.65,6.0,2.0,0.8774426318359375,True,PUT,2026-03-06,NBIS
NBIS260306P00095000,95.0,11.15,10.8,12.15,5.0,13.0,0.883790224609375,True,PUT,2026-03-06,NBIS
NBIS260306P00096000,96.0,12.48,11.4,13.35,2.0,5.0,0.9099130102539061,True,PUT,2026-03-06,NBIS
NBIS260306P00097000,97.0,13.53,11.55,13.55,3.0,22.0,0.8735364208984374,True,PUT,2026-03-06,NBIS
NBIS260306P00100000,100.0,12.55,13.8,15.65,3.0,52.0,0.8969736865234373,True,PUT,2026-03-06,NBIS
NBIS260320C00070000,70.0,26.66,27.25,29.1,3.0,674.0,1.126957490234375,True,CALL,2026-03-20,NBIS
NBIS260320C00075000,75.0,23.8,23.55,26.0,72.0,550.0,1.113041544189453,True,CALL,2026-03-20,NBIS
NBIS260320C00080000,80.0,21.25,20.15,21.35,13.0,2467.0,1.0227099645996094,True,CALL,2026-03-20,NBIS
NBIS260320C00085000,85.0,17.7,17.5,18.15,203.0,1207.0,1.0092822973632813,True,CALL,2026-03-20,NBIS
NBIS260320C00090000,90.0,16.31,14.85,15.45,69.0,3840.0,0.9930420617675781,True,CALL,2026-03-20,NBIS
NBIS260320C00095000,95.0,13.0,12.45,13.05,292.0,3104.0,0.9765627343750001,False,CALL,2026-03-20,NBIS
NBIS260320C00100000,100.0,10.65,10.5,11.0,1097.0,5411.0,0.9693606579589844,False,CALL,2026-03-20,NBIS
NBIS260320C00105000,105.0,9.13,9.05,9.15,191.0,1830.0,0.9689944506835937,False,CALL,2026-03-20,NBIS
NBIS260320C00110000,110.0,7.7,7.3,7.75,151.0,4918.0,0.9570316796874999,False,CALL,2026-03-20,NBIS
NBIS260320C00115000,115.0,6.5,6.1,6.55,66.0,2943.0,0.9572758178710936,False,CALL,2026-03-20,NBIS
NBIS260320C00120000,120.0,5.5,5.15,5.5,262.0,4852.0,0.9591068542480468,False,CALL,2026-03-20,NBIS
NBIS260320P00070000,70.0,3.4,3.25,3.6,141.0,2681.0,0.9554447814941407,False,PUT,2026-03-20,NBIS
NBIS260320P00075000,75.0,4.77,4.65,4.95,72.0,1983.0,0.9431158032226561,False,PUT,2026-03-20,NBIS
NBIS260320P00080000,80.0,6.47,6.25,6.55,594.0,4772.0,0.9240730249023439,False,PUT,2026-03-20,NBIS
NBIS260320P00085000,85.0,8.13,8.15,8.6,60.0,2558.0,0.9108895629882812,False,PUT,2026-03-20,NBIS
NBIS260320P00090000,90.0,10.6,10.55,10.9,204.0,1444.0,0.9019785192871093,False,PUT,2026-03-20,NBIS
NBIS260320P00095000,95.0,13.15,13.1,13.5,39.0,1175.0,0.8864757446289062,True,PUT,2026-03-20,NBIS
NBIS260320P00100000,100.0,16.1,15.95,16.6,8.0,1898.0,0.8780529772949219,True,PUT,2026-03-20,NBIS
NBIS260320P00105000,105.0,18.63,19.2,19.9,1.0,2401.0,0.8708509008789063,True,PUT,2026-03-20,NBIS
NBIS260320P00110000,110.0,22.85,22.9,23.4,25.0,598.0,0.8686536572265625,True,PUT,2026-03-20,NBIS
NBIS260320P00115000,115.0,25.75,26.4,27.2,6.0,455.0,0.8520522607421875,True,PUT,2026-03-20,NBIS
NBIS260320P00120000,120.0,32.8,30.15,31.35,1.0,157.0,0.8424088024902343,True,PUT,2026-03-20,NBIS
NBIS260417C00070000,70.0,33.4,28.9,31.7,1.0,9.0,1.08203583984375,True,CALL,2026-04-17,NBIS
NBIS260417C00075000,75.0,26.9,25.6,28.25,2.0,13.0,1.0538377386474609,True,CALL,2026-04-17,NBIS
NBIS260417C00080000,80.0,22.0,22.75,24.85,5.0,18.0,1.0293017285156252,True,CALL,2026-04-17,NBIS
NBIS260417C00085000,85.0,21.0,19.95,22.2,13.0,29.0,1.016972688598633,True,CALL,2026-04-17,NBIS
NBIS260417C00090000,90.0,17.5,17.45,19.45,22.0,48.0,0.996948272705078,True,CALL,2026-04-17,NBIS
NBIS260417C00095000,95.0,16.68,15.4,17.1,41.0,300.0,0.9896241271972657,False,CALL,2026-04-17,NBIS
NBIS260417C00100000,100.0,14.13,13.45,14.65,124.0,306.0,0.9697268652343749,False,CALL,2026-04-17,NBIS
NBIS260417C00105000,105.0,12.66,11.6,12.7,19.0,326.0,0.9556889196777343,False,CALL,2026-04-17,NBIS
NBIS260417C00110000,110.0,10.74,10.05,11.15,56.0,604.0,0.9509282250976561,False,CALL,2026-04-17,NBIS
NBIS260417C00115000,115.0,9.7,8.4,10.4,1.0,56.0,0.9566654724121093,False,CALL,2026-04-17,NBIS
NBIS260417C00120000,120.0,7.92,7.7,8.75,20.0,135.0,0.9548344360351562,False,CALL,2026-04-17,NBIS
NBIS260417P00070000,70.0,5.56,4.7,5.3,5.0,141.0,0.9082040429687499,False,PUT,2026-04-17,NBIS
NBIS260417P00075000,75.0,6.5,6.4,7.0,7.0,671.0,0.9040536938476562,False,PUT,2026-04-17,NBIS
NBIS260417P00080000,80.0,8.87,8.05,9.0,2.0,813.0,0.8889171264648437,False,PUT,2026-04-17,NBIS
NBIS260417P00085000,85.0,10.8,10.55,11.2,4.0,79.0,0.8906260937499999,False,PUT,2026-04-17,NBIS
NBIS260417P00090000,90.0,13.07,12.5,13.6,21.0,158.0,0.8645033081054687,False,PUT,2026-04-17,NBIS
NBIS260417P00095000,95.0,17.1,15.05,16.25,6.0,516.0,0.8492446716308593,True,PUT,2026-04-17,NBIS
NBIS260417P00100000,100.0,18.35,17.85,20.15,5.0,43.0,0.8631605480957032,True,PUT,2026-04-17,NBIS
NBIS260417P00105000,105.0,22.95,21.0,23.25,1.0,112.0,0.8503432934570312,True,PUT,2026-04-17,NBIS
NBIS260417P00110000,110.0,25.93,24.4,26.6,2.0,1.0,0.8394791442871092,True,PUT,2026-04-17,NBIS
NBIS260417P00115000,115.0,25.99,28.15,30.3,25.0,28.0,0.837770177001953,True,PUT,2026-04-17,NBIS
NBIS260417P00120000,120.0,32.73,32.05,33.9,1.0,11.0,0.8266618896484373,True,PUT,2026-04-17,NBIS
NBIS260515C00070000,70.0,32.02,31.15,33.8,10.0,62.0,1.0784958184814453,True,CALL,2026-05-15,NBIS
NBIS260515C00075000,75.0,31.65,28.0,30.65,2.0,81.0,1.0553025750732423,True,CALL,2026-05-15,NBIS
NBIS260515C00080000,80.0,26.3,25.3,27.65,3.0,416.0,1.0393114440917972,True,CALL,2026-05-15,NBIS
NBIS260515C00085000,85.0,23.67,22.35,25.0,1.0,706.0,1.015874061279297,True,CALL,2026-05-15,NBIS
NBIS260515C00090000,90.0,22.0,20.4,22.2,6.0,566.0,1.0057422760009764,True,CALL,2026-05-15,NBIS
NBIS260515C00095000,95.0,19.33,17.9,19.8,7.0,483.0,0.9822999816894531,False,CALL,2026-05-15,NBIS
NBIS260515C00100000,100.0,16.8,16.3,17.95,64.0,1273.0,0.9868165380859376,False,CALL,2026-05-15,NBIS
NBIS260515C00105000,105.0,15.0,14.5,16.1,5.0,228.0,0.9777223907470705,False,CALL,2026-05-15,NBIS
NBIS260515C00110000,110.0,13.63,13.4,14.4,49.0,555.0,0.9818727398681641,False,CALL,2026-05-15,NBIS
NBIS260515C00115000,115.0,12.2,11.75,12.5,12.0,338.0,0.9600223724365233,False,CALL,2026-05-15,NBIS
NBIS260515C00120000,120.0,11.04,10.5,11.75,40.0,770.0,0.9703372106933592,False,CALL,2026-05-15,NBIS
NBIS260515P00070000,70.0,6.8,6.0,7.4,2.0,2083.0,0.9023447265625,False,PUT,2026-05-15,NBIS
NBIS260515P00075000,75.0,8.55,8.2,9.3,80.0,2059.0,0.9074716284179687,False,PUT,2026-05-15,NBIS
NBIS260515P00080000,80.0,10.65,10.4,11.3,119.0,2166.0,0.899292999267578,False,PUT,2026-05-15,NBIS
NBIS260515P00085000,85.0,13.4,12.6,13.8,13.0,2026.0,0.8919688537597656,False,PUT,2026-05-15,NBIS
NBIS260515P00090000,90.0,14.2,14.7,16.75,2.0,753.0,0.8818371191406249,False,PUT,2026-05-15,NBIS
NBIS260515P00095000,95.0,18.8,18.7,19.1,9.0,716.0,0.8937388555908203,True,PUT,2026-05-15,NBIS
NBIS260515P00100000,100.0,21.8,21.3,22.35,41.0,674.0,0.8822033264160156,True,PUT,2026-05-15,NBIS
NBIS260515P00105000,105.0,25.0,24.65,25.4,7.0,66.0,0.87500125,True,PUT,2026-05-15,NBIS
NBIS260515P00110000,110.0,28.0,27.65,29.35,10.0,199.0,0.8726819372558592,True,PUT,2026-05-15,NBIS
NBIS260515P00115000,115.0,30.65,30.9,32.95,5.0,79.0,0.8594984753417969,True,PUT,2026-05-15,NBIS
NBIS260515P00120000,120.0,35.5,34.3,36.65,80.0,88.0,0.8444839770507812,True,PUT,2026-05-15,NBIS
NBIS260618C00070000,70.0,33.48,33.35,35.55,1.0,628.0,1.0545701568603516,True,CALL,2026-06-18,NBIS
NBIS260618C00075000,75.0,32.46,30.35,32.55,54.0,1372.0,1.0336962377929688,True,CALL,2026-06-18,NBIS
NBIS260618C00080000,80.0,29.4,27.6,29.55,81.0,1509.0,1.0113574822998046,True,CALL,2026-06-18,NBIS
NBIS260618C00085000,85.0,24.8,25.15,26.95,4.0,944.0,0.9986572399902343,True,CALL,2026-06-18,NBIS
NBIS260618C00090000,90.0,24.07,22.9,24.0,30.0,1241.0,0.9749758361816407,True,CALL,2026-06-18,NBIS
NBIS260618C00095000,95.0,21.6,20.85,22.3,17.0,1905.0,0.9774172180175782,False,CALL,2026-06-18,NBIS
NBIS260618C00100000,100.0,19.9,19.4,20.0,339.0,1736.0,0.9725344543457031,False,CALL,2026-06-18,NBIS
NBIS260618C00105000,105.0,17.9,17.55,18.35,17.0,577.0,0.9666751379394531,False,CALL,2026-06-18,NBIS
NBIS260618C00110000,110.0,16.3,15.75,16.6,25.0,1931.0,0.9537968487548827,False,CALL,2026-06-18,NBIS
NBIS260618C00115000,115.0,14.5,14.35,16.0,3.0,486.0,0.9688723815917968,False,CALL,2026-06-18,NBIS
NBIS260618C00120000,120.0,13.75,13.15,14.6,68.0,1325.0,0.9659427233886719,False,CALL,2026-06-18,NBIS
NBIS260618P00070000,70.0,9.15,8.75,9.35,7.0,1270.0,0.926636475830078,False,PUT,2026-06-18,NBIS
NBIS260618P00075000,75.0,11.31,10.35,12.05,3.0,1915.0,0.9237068176269532,False,PUT,2026-06-18,NBIS
NBIS260618P00080000,80.0,13.45,12.65,13.5,12.0,4127.0,0.8956919610595702,False,PUT,2026-06-18,NBIS
NBIS260618P00085000,85.0,15.7,14.9,16.15,227.0,1863.0,0.8876964355468748,False,PUT,2026-06-18,NBIS
NBIS260618P00090000,90.0,18.1,17.45,18.65,1.0,1226.0,0.8742078009033203,False,PUT,2026-06-18,NBIS
NBIS260618P00095000,95.0,21.45,20.2,21.65,340.0,373.0,0.8682874499511719,True,PUT,2026-06-18,NBIS
NBIS260618P00100000,100.0,22.0,23.1,25.65,11.0,310.0,0.8797009100341795,True,PUT,2026-06-18,NBIS
NBIS260618P00105000,105.0,26.82,26.3,27.85,2.0,186.0,0.8510146734619142,True,PUT,2026-06-18,NBIS
NBIS260618P00110000,110.0,30.8,29.7,31.7,9.0,231.0,0.8557143334960937,True,PUT,2026-06-18,NBIS
NBIS260618P00115000,115.0,33.21,33.0,34.9,10.0,87.0,0.837770177001953,True,PUT,2026-06-18,NBIS
NBIS260618P00120000,120.0,36.96,36.65,39.35,10.0,46.0,0.8490005334472657,True,PUT,2026-06-18,NBIS
NBIS260821C00070000,70.0,37.94,36.35,39.2,1.0,61.0,1.033757272644043,True,CALL,2026-08-21,NBIS
NBIS260821C00075000,75.0,40.3,33.7,36.45,20.0,96.0,1.0191699432373047,True,CALL,2026-08-21,NBIS
NBIS260821C00080000,80.0,31.27,31.5,33.9,2.0,182.0,1.0126392141723635,True,CALL,2026-08-21,NBIS
NBIS260821C00085000,85.0,31.54,29.0,31.65,1.0,325.0,1.0001270697021485,True,CALL,2026-08-21,NBIS
NBIS260821C00090000,90.0,26.4,26.65,29.35,7.0,102.0,0.9846192944335939,True,CALL,2026-08-21,NBIS
NBIS260821C00095000,95.0,25.16,25.05,27.35,3.0,39.0,0.9846192944335939,False,CALL,2026-08-21,NBIS
NBIS260821C00100000,100.0,24.1,23.35,24.5,10.0,150.0,0.9620975469970703,False,CALL,2026-08-21,NBIS
NBIS260821C00105000,105.0,23.0,22.0,22.95,2.0,126.0,0.9660037579345704,False,CALL,2026-08-21,NBIS
NBIS260821C00110000,110.0,20.25,19.95,22.2,14.0,100.0,0.9674685870361328,False,CALL,2026-08-21,NBIS
NBIS260821C00115000,115.0,19.94,18.8,20.75,29.0,93.0,0.9687503125,False,CALL,2026-08-21,NBIS
NBIS260821C00120000,120.0,18.66,17.45,19.25,1.0,224.0,0.9620365124511718,False,CALL,2026-08-21,NBIS
NBIS260821P00070000,70.0,12.32,11.6,12.6,2.0,198.0,0.9158333612060547,False,PUT,2026-08-21,NBIS
NBIS260821P00075000,75.0,14.42,12.75,15.35,1.0,23.0,0.8933726483154296,False,PUT,2026-08-21,NBIS
NBIS260821P00080000,80.0,16.79,15.55,17.8,6.0,406.0,0.8936778210449219,False,PUT,2026-08-21,NBIS
NBIS260821P00085000,85.0,17.7,18.1,20.6,10.0,206.0,0.888550919189453,False,PUT,2026-08-21,NBIS
NBIS260821P00090000,90.0,20.98,21.05,22.55,16.0,81.0,0.8685315881347657,False,PUT,2026-08-21,NBIS
NBIS260821P00095000,95.0,24.9,24.0,26.2,6.0,39.0,0.8754895263671875,True,PUT,2026-08-21,NBIS
NBIS260821P00100000,100.0,27.4,27.15,29.65,1.0,16.0,0.8765881481933593,True,PUT,2026-08-21,NBIS
NBIS260821P00105000,105.0,29.6,30.3,32.5,13.0,119.0,0.8616957189941408,True,PUT,2026-08-21,NBIS
NBIS260821P00110000,110.0,31.7,33.75,35.4,,2.0,0.8488784643554688,True,PUT,2026-08-21,NBIS
NBIS260821P00115000,115.0,38.39,36.85,39.45,15.0,10.0,0.846131909790039,True,PUT,2026-08-21,NBIS
NBIS260821P00120000,120.0,36.86,40.45,43.15,74.0,74.0,0.8421036297607423,True,PUT,2026-08-21,NBIS
NBIS260918C00070000,70.0,37.01,37.5,40.35,2.0,396.0,1.0212451281738284,True,CALL,2026-09-18,NBIS
NBIS260918C00075000,75.0,36.35,35.2,37.55,5.0,219.0,1.0107471337890623,True,CALL,2026-09-18,NBIS
NBIS260918C00080000,80.0,34.75,32.9,35.0,56.0,538.0,0.9998168963623046,True,CALL,2026-09-18,NBIS
NBIS260918C00085000,85.0,30.9,30.55,32.85,6.0,335.0,0.9907227490234375,True,CALL,2026-09-18,NBIS
NBIS260918C00090000,90.0,32.37,28.45,30.85,2.0,325.0,0.9844361907958985,True,CALL,2026-09-18,NBIS
NBIS260918C00095000,95.0,27.4,26.35,28.45,20.0,408.0,0.9665530688476562,False,CALL,2026-09-18,NBIS
NBIS260918C00100000,100.0,26.9,24.7,26.9,36.0,1295.0,0.9680789324951171,False,CALL,2026-09-18,NBIS
NBIS260918C00105000,105.0,24.2,23.0,25.25,5.0,262.0,0.96289099609375,False,CALL,2026-09-18,NBIS
NBIS260918C00110000,110.0,21.65,21.0,23.6,1.0,687.0,0.9491582232666016,False,CALL,2026-09-18,NBIS
NBIS260918C00115000,115.0,20.47,19.8,22.1,1.0,485.0,0.9483647741699219,False,CALL,2026-09-18,NBIS
NBIS260918C00120000,120.0,19.75,19.0,20.7,1552.0,1973.0,0.9528813305664061,False,CALL,2026-09-18,NBIS
NBIS260918P00070000,70.0,13.06,11.8,13.75,32.0,539.0,0.8894054028320311,False,PUT,2026-09-18,NBIS
NBIS260918P00075000,75.0,14.0,14.7,16.45,1.0,1213.0,0.9018564501953125,False,PUT,2026-09-18,NBIS
NBIS260918P00080000,80.0,18.0,16.95,19.05,2.0,928.0,0.8906260937499999,False,PUT,2026-09-18,NBIS
NBIS260918P00085000,85.0,20.0,20.0,20.95,307.0,2973.0,0.8759167681884765,False,PUT,2026-09-18,NBIS
NBIS260918P00090000,90.0,22.52,22.2,24.7,2.0,171.0,0.8745740081787108,False,PUT,2026-09-18,NBIS
NBIS260918P00095000,95.0,25.1,25.4,27.75,53.0,188.0,0.8732922827148437,True,PUT,2026-09-18,NBIS
NBIS260918P00100000,100.0,27.6,28.4,30.4,1.0,1242.0,0.8568129553222656,True,PUT,2026-09-18,NBIS
NBIS260918P00105000,105.0,31.92,31.65,33.75,2.0,23.0,0.8526015716552735,True,PUT,2026-09-18,NBIS
NBIS260918P00110000,110.0,34.5,34.85,37.05,2.0,213.0,0.8426529406738281,True,PUT,2026-09-18,NBIS
NBIS260918P00115000,115.0,40.4,38.35,40.55,4.0,419.0,0.8374650042724607,True,PUT,2026-09-18,NBIS
NBIS260918P00120000,120.0,41.5,41.35,44.2,5.0,78.0,0.8228167132568358,True,PUT,2026-09-18,NBIS
NBIS261218C00070000,70.0,46.35,41.5,44.3,3.0,338.0,1.0182544204711914,True,CALL,2026-12-18,NBIS
NBIS261218C00075000,75.0,39.9,39.2,41.75,5.0,125.0,1.0052539971923828,True,CALL,2026-12-18,NBIS
NBIS261218C00080000,80.0,38.8,37.4,39.65,12.0,582.0,1.0053150320434572,True,CALL,2026-12-18,NBIS
NBIS261218C00085000,85.0,36.31,35.15,37.45,8.0,686.0,0.9919434399414062,True,CALL,2026-12-18,NBIS
NBIS261218C00090000,90.0,34.0,33.4,35.75,6.0,587.0,0.9918824053955078,True,CALL,2026-12-18,NBIS
NBIS261218C00095000,95.0,32.01,31.2,33.8,18.0,630.0,0.9774172180175782,False,CALL,2026-12-18,NBIS
NBIS261218C00100000,100.0,30.2,29.35,32.2,4.0,1702.0,0.9713137634277342,False,CALL,2026-12-18,NBIS
NBIS261218C00105000,105.0,27.49,27.5,30.2,2.0,447.0,0.9566654724121093,False,CALL,2026-12-18,NBIS
NBIS261218C00110000,110.0,28.0,26.7,28.5,24.0,509.0,0.9597782342529295,False,CALL,2026-12-18,NBIS
NBIS261218C00115000,115.0,25.21,24.75,27.35,5.0,109.0,0.9517216741943357,False,CALL,2026-12-18,NBIS
NBIS261218C00120000,120.0,24.52,24.05,26.6,6.0,394.0,0.9654544470214843,False,CALL,2026-12-18,NBIS
NBIS261218P00070000,70.0,16.26,16.1,16.7,3.0,1030.0,0.8920909228515624,False,PUT,2026-12-18,NBIS
NBIS261218P00075000,75.0,18.0,17.35,19.85,1.0,158.0,0.8727429718017576,False,PUT,2026-12-18,NBIS
NBIS261218P00080000,80.0,20.7,20.0,22.75,1.0,234.0,0.8695081408691407,False,PUT,2026-12-18,NBIS
NBIS261218P00085000,85.0,24.68,22.9,25.1,2.0,250.0,0.8568129553222656,False,PUT,2026-12-18,NBIS
NBIS261218P00090000,90.0,26.0,26.05,28.95,1.0,174.0,0.8682874499511719,False,PUT,2026-12-18,NBIS
NBIS261218P00095000,95.0,29.3,29.05,31.8,5.0,338.0,0.8574843353271484,True,PUT,2026-12-18,NBIS
NBIS261218P00100000,100.0,32.57,32.3,35.4,3.0,775.0,0.8587050262451172,True,PUT,2026-12-18,NBIS
NBIS261218P00105000,105.0,33.44,35.7,38.55,10.0,42.0,0.8522353643798828,True,PUT,2026-12-18,NBIS
NBIS261218P00110000,110.0,40.47,39.2,42.0,1.0,72.0,0.8488174298095703,True,PUT,2026-12-18,NBIS
NBIS261218P00115000,115.0,51.0,0.0,0.0,2.0,124.0,1.0000000000000003e-05,True,PUT,2026-12-18,NBIS
NBIS261218P00120000,120.0,43.5,46.0,48.65,12.0,24.0,0.8278215460205076,True,PUT,2026-12-18,NBIS
NBIS270115C00070000,70.0,43.0,42.05,44.7,1.0,1040.0,0.9945679254150392,True,CALL,2027-01-15,NBIS
NBIS270115C00075000,75.0,41.5,40.45,42.9,7.0,3261.0,1.0067188336181638,True,CALL,2027-01-15,NBIS
NBIS270115C00080000,80.0,39.0,38.0,41.0,61.0,5914.0,0.9972534454345703,True,CALL,2027-01-15,NBIS
NBIS270115C00085000,85.0,41.11,35.7,38.6,4.0,613.0,0.979065150756836,True,CALL,2027-01-15,NBIS
NBIS270115C00090000,90.0,35.35,34.0,36.05,214.0,2095.0,0.9656375506591797,True,CALL,2027-01-15,NBIS
NBIS270115C00095000,95.0,33.5,32.7,34.05,22.0,731.0,0.9642337561035157,False,CALL,2027-01-15,NBIS
NBIS270115C00100000,100.0,31.95,31.25,32.95,86.0,6780.0,0.9710696252441406,False,CALL,2027-01-15,NBIS
NBIS270115C00105000,105.0,31.1,29.45,31.5,35.0,1041.0,0.9648441015625,False,CALL,2027-01-15,NBIS
NBIS270115C00110000,110.0,29.35,27.7,30.05,38.0,1928.0,0.9571537487792967,False,CALL,2027-01-15,NBIS
NBIS270115C00115000,115.0,27.25,26.8,28.0,7.0,496.0,0.9509892596435545,False,CALL,2027-01-15,NBIS
NBIS270115C00120000,120.0,26.0,25.05,28.0,33.0,1688.0,0.9597171997070311,False,CALL,2027-01-15,NBIS
NBIS270115P00070000,70.0,17.0,15.95,18.15,6.0,1776.0,0.8797009100341795,False,PUT,2027-01-15,NBIS
NBIS270115P00075000,75.0,19.0,18.25,20.8,1.0,363.0,0.8692029681396485,False,PUT,2027-01-15,NBIS
NBIS270115P00080000,80.0,22.1,20.7,22.7,2.0,817.0,0.8448501843261718,False,PUT,2027-01-15,NBIS
NBIS270115P00085000,85.0,25.5,23.9,25.95,2.0,3502.0,0.8510757080078125,False,PUT,2027-01-15,NBIS
NBIS270115P00090000,90.0,28.13,27.5,30.0,26.0,708.0,0.8710950390625,False,PUT,2027-01-15,NBIS
NBIS270115P00095000,95.0,31.5,30.2,32.8,11.0,200.0,0.8544936425781251,True,PUT,2027-01-15,NBIS
NBIS270115P00100000,100.0,35.73,33.75,35.15,6.0,439.0,0.8411881115722657,True,PUT,2027-01-15,NBIS
NBIS270115P00105000,105.0,38.35,37.0,39.45,2.0,49.0,0.8488174298095703,True,PUT,2027-01-15,NBIS
NBIS270115P00110000,110.0,40.02,40.3,43.0,1.0,201.0,0.8436905279541016,True,PUT,2027-01-15,NBIS
NBIS270115P00115000,115.0,44.27,43.95,45.95,1.0,292.0,0.8327653442382811,True,PUT,2027-01-15,NBIS
NBIS270115P00120000,120.0,46.0,47.25,50.0,1.0,62.0,0.8299272378540038,True,PUT,2027-01-15,NBIS
NBIS271217C00070000,70.0,55.7,51.0,55.5,5.0,116.0,0.9844056735229493,True,CALL,2027-12-17,NBIS
NBIS271217C00075000,75.0,52.3,50.5,53.5,5.0,347.0,0.9930420617675781,True,CALL,2027-12-17,NBIS
NBIS271217C00080000,80.0,48.5,48.5,52.0,1.0,429.0,0.9853517089843751,True,CALL,2027-12-17,NBIS
NBIS271217C00085000,85.0,48.8,46.0,50.0,1.0,74.0,0.9633792724609375,True,CALL,2027-12-17,NBIS
NBIS271217C00090000,90.0,46.26,44.5,48.5,7.0,450.0,0.9595951306152342,True,CALL,2027-12-17,NBIS
NBIS271217C00095000,95.0,46.3,42.85,47.0,5.0,175.0,0.9526371923828124,False,CALL,2027-12-17,NBIS
NBIS271217C00100000,100.0,42.6,42.5,46.0,10.0,528.0,0.9656375506591797,False,CALL,2027-12-17,NBIS
NBIS271217C00105000,105.0,44.77,41.15,43.25,2.0,397.0,0.9450994259643554,False,CALL,2027-12-17,NBIS
NBIS271217C00110000,110.0,40.5,39.55,43.5,7.0,154.0,0.9551090914916992,False,CALL,2027-12-17,NBIS
NBIS271217C00115000,115.0,40.84,38.0,42.0,2.0,124.0,0.9448552877807617,False,CALL,2027-12-17,NBIS
NBIS271217C00120000,120.0,42.0,36.5,41.0,2.0,286.0,0.9398809722900392,False,CALL,2027-12-17,NBIS
NBIS271217P00070000,70.0,24.58,23.4,26.35,1.0,294.0,0.8388077642822265,False,PUT,2027-12-17,NBIS
NBIS271217P00075000,75.0,27.28,26.3,29.25,1.0,338.0,0.8309953424072265,False,PUT,2027-12-17,NBIS
NBIS271217P00080000,80.0,30.25,29.4,33.05,14.0,146.0,0.8349625878906248,False,PUT,2027-12-17,NBIS
NBIS271217P00085000,85.0,33.45,32.35,36.0,20.0,184.0,0.8241594732666015,False,PUT,2027-12-17,NBIS
NBIS271217P00090000,90.0,37.0,35.5,39.5,8.0,276.0,0.8206805041503906,False,PUT,2027-12-17,NBIS
NBIS271217P00095000,95.0,42.88,39.1,41.95,1.0,51.0,0.8086566986083983,True,PUT,2027-12-17,NBIS
NBIS271217P00100000,100.0,42.95,42.5,45.45,1.0,75.0,0.8049030740356445,True,PUT,2027-12-17,NBIS
NBIS271217P00105000,105.0,41.79,0.0,0.0,1.0,10.0,1.0000000000000003e-05,True,PUT,2027-12-17,NBIS
NBIS271217P00110000,110.0,51.12,49.5,52.6,1.0,43.0,0.7969380657958984,True,PUT,2027-12-17,NBIS
NBIS271217P00115000,115.0,54.11,53.0,56.55,2.0,166.0,0.7949849603271484,True,PUT,2027-12-17,NBIS
NBIS271217P00120000,120.0,57.14,56.0,60.4,2.0,19.0,0.7856771920776368,True,PUT,2027-12-17,NBIS
NBIS280121C00070000,70.0,53.0,53.0,56.0,2.0,513.0,0.9959717199707032,True,CALL,2028-01-21,NBIS
NBIS280121C00075000,75.0,52.35,50.85,54.45,3.0,449.0,0.9865113653564455,True,CALL,2028-01-21,NBIS
NBIS280121C00080000,80.0,53.0,49.5,52.5,2.0,831.0,0.9808656698608399,True,CALL,2028-01-21,NBIS
NBIS280121C00085000,85.0,50.45,48.3,51.0,24.0,716.0,0.9813234289550781,True,CALL,2028-01-21,NBIS
NBIS280121C00090000,90.0,47.6,46.5,49.25,5.0,564.0,0.969604796142578,True,CALL,2028-01-21,NBIS
NBIS280121C00095000,95.0,47.95,44.9,46.65,10.0,208.0,0.9492802923583983,False,CALL,2028-01-21,NBIS
NBIS280121C00100000,100.0,44.5,43.5,46.5,16.0,1184.0,0.9592899578857421,False,CALL,2028-01-21,NBIS
NBIS280121C00105000,105.0,42.86,41.5,45.35,1.0,524.0,0.9494633959960936,False,CALL,2028-01-21,NBIS
NBIS280121C00110000,110.0,43.0,40.0,44.0,8.0,238.0,0.9421697677612304,False,CALL,2028-01-21,NBIS
NBIS280121C00115000,115.0,41.47,39.0,43.0,1.0,197.0,0.9432989068603514,False,CALL,2028-01-21,NBIS
NBIS280121C00120000,120.0,38.93,38.5,42.0,44.0,851.0,0.9487614987182617,False,CALL,2028-01-21,NBIS
NBIS280121P00070000,70.0,25.63,23.5,26.9,1.0,189.0,0.8269670623779295,False,PUT,2028-01-21,NBIS
NBIS280121P00075000,75.0,28.2,26.65,29.8,20.0,169.0,0.822145333251953,False,PUT,2028-01-21,NBIS
NBIS280121P00080000,80.0,31.3,29.5,32.2,1.0,171.0,0.8053608331298827,False,PUT,2028-01-21,NBIS
NBIS280121P00085000,85.0,34.45,33.0,36.35,10.0,124.0,0.8157977404785155,False,PUT,2028-01-21,NBIS
NBIS280121P00090000,90.0,38.08,36.0,40.0,1.0,131.0,0.8120135986328124,False,PUT,2028-01-21,NBIS
NBIS280121P00095000,95.0,40.85,40.5,43.0,1.0,36.0,0.8160723959350585,True,PUT,2028-01-21,NBIS
NBIS280121P00100000,100.0,42.95,43.0,46.0,1.0,204.0,0.7965108239746093,True,PUT,2028-01-21,NBIS
NBIS280121P00105000,105.0,47.6,46.5,50.0,1.0,57.0,0.7975484112548827,True,PUT,2028-01-21,NBIS
NBIS280121P00110000,110.0,50.3,50.0,53.5,6.0,63.0,0.7919332330322266,True,PUT,2028-01-21,NBIS
NBIS280121P00115000,115.0,57.0,0.0,0.0,1.0,29.0,1.0000000000000003e-05,True,PUT,2028-01-21,NBIS
NBIS280121P00120000,120.0,57.4,57.5,60.55,3.0,71.0,0.7829916720581055,True,PUT,2028-01-21,NBIS
NCLH260130C00016000,16.0,5.21,5.8,7.0,1.0,1.0,3.43750140625,True,CALL,2026-01-30,NCLH
NCLH260130C00017000,17.0,5.36,4.7,5.95,1.0,1.0,2.7343781640625,True,CALL,2026-01-30,NCLH
NCLH260130C00017500,17.5,4.87,4.3,5.45,4.0,12.0,2.5234411914062496,True,CALL,2026-01-30,NCLH
NCLH260130C00018000,18.0,4.27,3.95,4.95,5.0,4.0,2.3125042187499996,True,CALL,2026-01-30,NCLH
NCLH260130C00018500,18.5,3.96,3.55,4.45,1.0,32.0,2.1015672460937496,True,CALL,2026-01-30,NCLH
NCLH260130C00019000,19.0,2.0,3.15,3.95,32.0,192.0,1.890625546875,True,CALL,2026-01-30,NCLH
NCLH260130C00019500,19.5,1.4,2.67,3.45,,10.0,1.6875015625,True,CALL,2026-01-30,NCLH
NCLH260130C00020000,20.0,2.4,2.18,2.9,7.0,148.0,1.2968785156249998,True,CALL,2026-01-30,NCLH
NCLH260130C00020500,20.5,2.13,1.84,2.27,49.0,209.0,1.0000000000000003e-05,True,CALL,2026-01-30,NCLH
NCLH260130C00021000,21.0,1.86,1.49,1.86,113.0,3650.0,0.7656273437500001,True,CALL,2026-01-30,NCLH
NCLH260130C00021500,21.5,1.12,1.04,1.21,650.0,3044.0,1.0000000000000003e-05,True,CALL,2026-01-30,NCLH
NCLH260130C00022000,22.0,0.61,0.64,0.75,1138.0,1816.0,1.0000000000000003e-05,True,CALL,2026-01-30,NCLH
NCLH260130C00022500,22.5,0.36,0.31,0.36,336.0,481.0,0.22266402343749997,True,CALL,2026-01-30,NCLH
NCLH260130C00023000,23.0,0.13,0.13,0.16,936.0,836.0,0.35352208984374994,False,CALL,2026-01-30,NCLH
NCLH260130C00023500,23.5,0.04,0.03,0.06,865.0,454.0,0.4062559375,False,CALL,2026-01-30,NCLH
NCLH260130C00024000,24.0,0.03,0.01,0.03,210.0,507.0,0.48438015625,False,CALL,2026-01-30,NCLH
NCLH260130C00024500,24.5,0.01,0.0,0.01,63.0,97.0,0.500005,False,CALL,2026-01-30,NCLH
NCLH260130C00025000,25.0,0.02,0.0,0.06,3.0,500.0,0.7656273437500001,False,CALL,2026-01-30,NCLH
NCLH260130C00026000,26.0,0.01,0.0,0.01,2.0,457.0,0.7500025,False,CALL,2026-01-30,NCLH
NCLH260130C00027000,27.0,0.02,0.0,0.01,157.0,509.0,0.937500625,False,CALL,2026-01-30,NCLH
NCLH260130C00028000,28.0,0.01,0.0,0.01,1.0,53.0,1.125004375,False,CALL,2026-01-30,NCLH
NCLH260130C00029000,29.0,0.15,0.0,1.6,,2.0,3.824219189453125,False,CALL,2026-01-30,NCLH
NCLH260130P00017000,17.0,0.05,0.0,0.21,20.0,21.0,2.6093784765625,False,PUT,2026-01-30,NCLH
NCLH260130P00017500,17.5,0.01,0.0,0.01,7.0,6007.0,1.4375028125,False,PUT,2026-01-30,NCLH
NCLH260130P00018000,18.0,0.01,0.0,0.07,30.0,3621.0,1.75000125,False,PUT,2026-01-30,NCLH
NCLH260130P00018500,18.5,0.09,0.0,0.25,209.0,325.0,2.0781298046874994,False,PUT,2026-01-30,NCLH
NCLH260130P00019000,19.0,0.01,0.0,0.11,18.0,346.0,1.5468772656249998,False,PUT,2026-01-30,NCLH
NCLH260130P00019500,19.5,0.02,0.0,0.03,19.0,4321.0,1.0625046875000002,False,PUT,2026-01-30,NCLH
NCLH260130P00020000,20.0,0.01,0.0,0.03,135.0,1104.0,0.92187578125,False,PUT,2026-01-30,NCLH
NCLH260130P00020500,20.5,0.01,0.0,0.03,95.0,2196.0,0.7812521875,False,PUT,2026-01-30,NCLH
NCLH260130P00021000,21.0,0.02,0.01,0.05,117.0,1900.0,0.7187528125,False,PUT,2026-01-30,NCLH
NCLH260130P00021500,21.5,0.04,0.03,0.05,148.0,120.0,0.5937540625000001,False,PUT,2026-01-30,NCLH
NCLH260130P00022000,22.0,0.14,0.09,0.15,221.0,352.0,0.6093789062500001,False,PUT,2026-01-30,NCLH
NCLH260130P00022500,22.5,0.34,0.24,0.38,244.0,262.0,0.6757844921875001,False,PUT,2026-01-30,NCLH
NCLH260130P00023000,23.0,0.87,0.52,0.71,21.0,2046.0,0.7695335546875001,True,PUT,2026-01-30,NCLH
NCLH260130P00023500,23.5,2.77,0.63,2.11,2.0,31.0,1.453127734375,True,PUT,2026-01-30,NCLH
NCLH260130P00024000,24.0,1.5,1.12,2.44,2.0,54.0,1.5781271093749998,True,PUT,2026-01-30,NCLH
NCLH260130P00024500,24.5,3.8,1.6,3.3,4.0,10.0,2.0898485253906243,True,PUT,2026-01-30,NCLH
NCLH260130P00025000,25.0,4.3,2.08,3.3,2.0,63.0,1.8789068554687498,True,PUT,2026-01-30,NCLH
NCLH260130P00026000,26.0,5.15,3.05,5.25,4.0,5.0,3.07031482421875,True,PUT,2026-01-30,NCLH
NCLH260130P00027000,27.0,6.25,4.05,6.25,2.0,3.0,3.4570326074218753,True,PUT,2026-01-30,NCLH
NCLH260130P00028000,28.0,7.2,5.0,7.25,4.0,6.0,3.7656255859375003,True,PUT,2026-01-30,NCLH
NCLH260130P00029000,29.0,8.2,6.0,8.25,4.0,2.0,4.0937548828125,True,PUT,2026-01-30,NCLH
NCLH260206C00016000,16.0,4.85,5.1,7.0,2.0,1.0,1.62109564453125,True,CALL,2026-02-06,NCLH
NCLH260206C00017000,17.0,3.5,4.25,5.95,,10.0,1.2890660546875,True,CALL,2026-02-06,NCLH
NCLH260206C00017500,17.5,3.34,3.2,5.5,2.0,3.0,1.2890660546875,True,CALL,2026-02-06,NCLH
NCLH260206C00018000,18.0,2.79,2.85,5.1,25.0,28.0,1.3457063964843747,True,CALL,2026-02-06,NCLH
NCLH260206C00019000,19.0,3.9,3.4,3.8,5.0,9.0,1.0000000000000003e-05,True,CALL,2026-02-06,NCLH
NCLH260206C00019500,19.5,3.2,2.72,3.45,3.0,80.0,0.7929708203125,True,CALL,2026-02-06,NCLH
NCLH260206C00020000,20.0,1.43,2.27,2.97,22.0,108.0,0.726565234375,True,CALL,2026-02-06,NCLH
NCLH260206C00020500,20.5,2.12,1.92,2.54,27.0,109.0,0.7148466015625,True,CALL,2026-02-06,NCLH
NCLH260206C00021000,21.0,1.75,1.58,2.04,8.0,438.0,0.6074258007812501,True,CALL,2026-02-06,NCLH
NCLH260206C00021500,21.5,1.32,1.3,1.42,20.0,196.0,0.367193828125,True,CALL,2026-02-06,NCLH
NCLH260206C00022000,22.0,0.92,0.95,1.06,166.0,1050.0,0.39649041015625003,True,CALL,2026-02-06,NCLH
NCLH260206C00022500,22.5,0.74,0.68,0.75,136.0,345.0,0.4062559375,True,CALL,2026-02-06,NCLH
NCLH260206C00023000,23.0,0.47,0.45,0.5,409.0,277.0,0.40820904296875,False,CALL,2026-02-06,NCLH
NCLH260206C00023500,23.5,0.33,0.29,0.35,198.0,172.0,0.43555251953125,False,CALL,2026-02-06,NCLH
NCLH260206C00024000,24.0,0.2,0.17,0.22,236.0,517.0,0.44043528320312497,False,CALL,2026-02-06,NCLH
NCLH260206C00024500,24.5,0.11,0.1,0.14,71.0,70.0,0.45313046875,False,CALL,2026-02-06,NCLH
NCLH260206C00025000,25.0,0.08,0.06,0.09,33.0,853.0,0.4687553125,False,CALL,2026-02-06,NCLH
NCLH260206C00026000,26.0,0.04,0.0,0.13,5.0,510.0,0.5585981640625001,False,CALL,2026-02-06,NCLH
NCLH260206C00026500,26.5,0.04,0.0,0.2,,22.0,0.6875031250000001,False,CALL,2026-02-06,NCLH
NCLH260206C00027000,27.0,0.08,0.0,0.1,18.0,121.0,0.6445348046875,False,CALL,2026-02-06,NCLH
NCLH260206C00028000,28.0,0.42,0.0,0.3,1.0,79.0,0.95507857421875,False,CALL,2026-02-06,NCLH
NCLH260206P00017000,17.0,0.07,0.0,0.01,,4.0,0.7500025,False,PUT,2026-02-06,NCLH
NCLH260206P00017500,17.5,0.04,0.0,0.06,2.0,9.0,0.8906260937499999,False,PUT,2026-02-06,NCLH
NCLH260206P00018000,18.0,0.01,0.0,0.18,21.0,192.0,0.9960937890625,False,PUT,2026-02-06,NCLH
NCLH260206P00018500,18.5,0.02,0.01,0.05,13.0,9.0,0.726565234375,False,PUT,2026-02-06,NCLH
NCLH260206P00019000,19.0,0.12,0.0,0.05,17.0,133.0,0.6250037500000001,False,PUT,2026-02-06,NCLH
NCLH260206P00019500,19.5,0.24,0.03,0.6,52.0,311.0,1.0488328808593752,False,PUT,2026-02-06,NCLH
NCLH260206P00020000,20.0,0.04,0.06,0.11,16.0,234.0,0.6210975390625001,False,PUT,2026-02-06,NCLH
NCLH260206P00020500,20.5,0.1,0.09,0.13,62.0,200.0,0.570316796875,False,PUT,2026-02-06,NCLH
NCLH260206P00021000,21.0,0.14,0.15,0.22,14.0,2560.0,0.56836369140625,False,PUT,2026-02-06,NCLH
NCLH260206P00021500,21.5,0.33,0.25,0.31,62.0,13.0,0.55273884765625,False,PUT,2026-02-06,NCLH
NCLH260206P00022000,22.0,0.41,0.39,0.45,347.0,155.0,0.5419967675781252,False,PUT,2026-02-06,NCLH
NCLH260206P00022500,22.5,0.62,0.59,0.66,2583.0,13.0,0.5459029785156251,False,PUT,2026-02-06,NCLH
NCLH260206P00023000,23.0,0.81,0.86,0.94,4.0,67.0,0.5625043750000001,True,PUT,2026-02-06,NCLH
NCLH260206P00023500,23.5,3.04,1.18,1.28,,55.0,0.5839885351562499,True,PUT,2026-02-06,NCLH
NCLH260206P00024000,24.0,2.76,1.29,2.1,1.0,73.0,0.6796907031250001,True,PUT,2026-02-06,NCLH
NCLH260206P00025000,25.0,2.65,2.11,2.93,2.0,16.0,0.7382838671874999,True,PUT,2026-02-06,NCLH
NCLH260206P00028000,28.0,7.2,5.05,7.4,4.0,2.0,1.857422587890625,True,PUT,2026-02-06,NCLH
NCLH260213C00016000,16.0,5.0,4.75,7.0,2.0,1.0,1.2168007910156249,True,CALL,2026-02-13,NCLH
NCLH260213C00017000,17.0,5.65,5.45,5.8,2.0,24.0,1.0000000000000003e-05,True,CALL,2026-02-13,NCLH
NCLH260213C00017500,17.5,3.35,3.8,5.6,,10.0,1.0957076464843751,True,CALL,2026-02-13,NCLH
NCLH260213C00018000,18.0,5.25,3.3,5.05,10.0,11.0,0.9511723632812499,True,CALL,2026-02-13,NCLH
NCLH260213C00019000,19.0,2.03,2.5,4.6,10.0,13.0,1.25390998046875,True,CALL,2026-02-13,NCLH
NCLH260213C00020000,20.0,1.42,2.32,3.1,1.0,14.0,0.6709017285156251,True,CALL,2026-02-13,NCLH
NCLH260213C00021000,21.0,1.9,1.81,1.97,55.0,55.0,0.39551385742187506,True,CALL,2026-02-13,NCLH
NCLH260213C00022000,22.0,1.15,1.13,1.27,63.0,124.0,0.42383388671875,True,CALL,2026-02-13,NCLH
NCLH260213C00023000,23.0,0.64,0.62,0.76,148.0,145.0,0.442388388671875,False,CALL,2026-02-13,NCLH
NCLH260213C00024000,24.0,0.35,0.3,0.36,53.0,92.0,0.418951123046875,False,CALL,2026-02-13,NCLH
NCLH260213C00025000,25.0,0.17,0.14,0.2,15.0,186.0,0.45117736328125,False,CALL,2026-02-13,NCLH
NCLH260213C00026000,26.0,0.05,0.07,0.12,17.0,189.0,0.48828636718750007,False,CALL,2026-02-13,NCLH
NCLH260213C00027000,27.0,0.05,0.01,0.07,170.0,19.0,0.51758294921875,False,CALL,2026-02-13,NCLH
NCLH260213C00028000,28.0,0.5,0.0,0.57,2.0,1.0,0.8554701953125,False,CALL,2026-02-13,NCLH
NCLH260213C00029000,29.0,0.47,0.0,0.54,2.0,1.0,0.937500625,False,CALL,2026-02-13,NCLH
NCLH260213P00017000,17.0,0.01,0.0,0.57,11.0,37.0,1.19141029296875,False,PUT,2026-02-13,NCLH
NCLH260213P00017500,17.5,0.11,0.0,0.08,6.0,121.0,0.6953155468750001,False,PUT,2026-02-13,NCLH
NCLH260213P00018000,18.0,0.41,0.0,0.6,2.0,155.0,1.0312548437500002,False,PUT,2026-02-13,NCLH
NCLH260213P00019000,19.0,0.09,0.05,0.15,160.0,242.0,0.6250037500000001,False,PUT,2026-02-13,NCLH
NCLH260213P00020000,20.0,0.14,0.14,0.18,33.0,52.0,0.5566450585937501,False,PUT,2026-02-13,NCLH
NCLH260213P00021000,21.0,0.28,0.27,0.37,3.0,111.0,0.5312546875,False,PUT,2026-02-13,NCLH
NCLH260213P00022000,22.0,0.6,0.54,0.65,91.0,26.0,0.507817421875,False,PUT,2026-02-13,NCLH
NCLH260213P00023000,23.0,1.07,1.02,1.14,9.0,40.0,0.516606396484375,True,PUT,2026-02-13,NCLH
NCLH260213P00024000,24.0,1.8,1.68,1.81,10.0,29.0,0.5380905566406251,True,PUT,2026-02-13,NCLH
NCLH260213P00025000,25.0,4.1,1.71,4.05,84.0,79.0,0.77929908203125,True,PUT,2026-02-13,NCLH
NCLH260213P00026000,26.0,5.25,2.92,5.05,4.0,1.0,0.9873048144531251,True,PUT,2026-02-13,NCLH
NCLH260213P00028000,28.0,7.3,5.0,7.0,2.0,1.0,1.2519568652343749,True,PUT,2026-02-13,NCLH
NCLH260220C00016000,16.0,6.19,5.3,7.05,20.0,1.0,1.0800827246093752,True,CALL,2026-02-20,NCLH
NCLH260220C00017000,17.0,3.94,4.35,6.05,3.0,26.0,0.9335944140625,True,CALL,2026-02-20,NCLH
NCLH260220C00018000,18.0,4.24,3.45,5.1,20.0,29.0,0.84179845703125,True,CALL,2026-02-20,NCLH
NCLH260220C00019000,19.0,3.7,3.65,4.05,6.0,55.0,0.6562534375000001,True,CALL,2026-02-20,NCLH
NCLH260220C00020000,20.0,2.75,2.71,3.1,51.0,104.0,0.559574716796875,True,CALL,2026-02-20,NCLH
NCLH260220C00020500,20.5,2.44,2.17,2.57,34.0,193.0,0.4687553125,True,CALL,2026-02-20,NCLH
NCLH260220C00021000,21.0,2.1,2.01,2.13,421.0,12823.0,0.436529072265625,True,CALL,2026-02-20,NCLH
NCLH260220C00021500,21.5,1.75,1.64,1.96,34.0,235.0,0.534184345703125,True,CALL,2026-02-20,NCLH
NCLH260220C00022000,22.0,1.36,1.38,1.45,249.0,3071.0,0.43945873046875,True,CALL,2026-02-20,NCLH
NCLH260220C00022500,22.5,1.07,1.08,1.14,160.0,2279.0,0.428716650390625,True,CALL,2026-02-20,NCLH
NCLH260220C00023000,23.0,0.91,0.86,0.9,1033.0,5270.0,0.43066975585937506,False,CALL,2026-02-20,NCLH
NCLH260220C00023500,23.5,0.63,0.65,0.71,92.0,195.0,0.437505625,False,CALL,2026-02-20,NCLH
NCLH260220C00024000,24.0,0.51,0.5,0.55,672.0,22341.0,0.4414118359375,False,CALL,2026-02-20,NCLH
NCLH260220C00024500,24.5,0.4,0.37,0.43,495.0,12.0,0.450200810546875,False,CALL,2026-02-20,NCLH
NCLH260220C00025000,25.0,0.3,0.27,0.36,6365.0,8732.0,0.4726615234375,False,CALL,2026-02-20,NCLH
NCLH260220C00025500,25.5,0.22,0.18,0.27,16.0,4.0,0.47363807617187503,False,CALL,2026-02-20,NCLH
NCLH260220C00026000,26.0,0.16,0.12,0.2,10.0,5709.0,0.47461462890625,False,CALL,2026-02-20,NCLH
NCLH260220C00027000,27.0,0.1,0.07,0.13,23.0,515.0,0.500005,False,CALL,2026-02-20,NCLH
NCLH260220C00028000,28.0,0.05,0.01,0.17,1.0,264.0,0.5293015820312501,False,CALL,2026-02-20,NCLH
NCLH260220C00029000,29.0,0.04,0.01,0.4,5.0,78.0,0.7246121289062499,False,CALL,2026-02-20,NCLH
NCLH260220P00016000,16.0,0.05,0.03,0.06,607.0,96.0,0.7617211328125001,False,PUT,2026-02-20,NCLH
NCLH260220P00017000,17.0,0.3,0.05,0.72,1.0,72.0,1.08984830078125,False,PUT,2026-02-20,NCLH
NCLH260220P00017500,17.5,0.09,0.07,0.11,3.0,92.0,0.6835969140625001,False,PUT,2026-02-20,NCLH
NCLH260220P00018000,18.0,0.11,0.09,0.35,11.0,370.0,0.7832052929687501,False,PUT,2026-02-20,NCLH
NCLH260220P00018500,18.5,0.16,0.06,0.2,8.0,203.0,0.6191444335937502,False,PUT,2026-02-20,NCLH
NCLH260220P00019000,19.0,0.19,0.1,0.68,14.0,618.0,0.7851583984375,False,PUT,2026-02-20,NCLH
NCLH260220P00019500,19.5,0.22,0.16,0.28,2.0,117.0,0.5810588769531251,False,PUT,2026-02-20,NCLH
NCLH260220P00020000,20.0,0.28,0.26,0.31,72.0,1420.0,0.5634809277343751,False,PUT,2026-02-20,NCLH
NCLH260220P00020500,20.5,0.3,0.34,0.4,15.0,257.0,0.5478560839843751,False,PUT,2026-02-20,NCLH
NCLH260220P00021000,21.0,0.47,0.46,0.48,216.0,1603.0,0.5293015820312501,False,PUT,2026-02-20,NCLH
NCLH260220P00021500,21.5,0.6,0.58,0.63,4.0,238.0,0.516606396484375,False,PUT,2026-02-20,NCLH
NCLH260220P00022000,22.0,0.79,0.74,0.79,120.0,11628.0,0.5029346582031251,False,PUT,2026-02-20,NCLH
NCLH260220P00022500,22.5,1.08,0.96,1.02,14.0,52.0,0.5039112109375,False,PUT,2026-02-20,NCLH
NCLH260220P00023000,23.0,1.23,1.19,1.27,100.0,2898.0,0.5136767382812499,True,PUT,2026-02-20,NCLH
NCLH260220P00023500,23.5,1.57,1.45,1.61,67.0,16.0,0.500005,True,PUT,2026-02-20,NCLH
NCLH260220P00024000,24.0,2.3,1.82,1.95,2.0,18386.0,0.5136767382812499,True,PUT,2026-02-20,NCLH
NCLH260220P00025000,25.0,4.08,2.4,3.6,3.0,1521.0,0.708010732421875,True,PUT,2026-02-20,NCLH
NCLH260220P00026000,26.0,5.25,3.2,4.85,2.0,50.0,0.8437515624999999,True,PUT,2026-02-20,NCLH
NCLH260220P00027000,27.0,4.25,4.15,5.85,,11.0,0.9423833886718749,True,PUT,2026-02-20,NCLH
NCLH260220P00028000,28.0,4.33,5.05,7.0,,0.0,1.0576218994140625,True,PUT,2026-02-20,NCLH
NCLH260227C00017000,17.0,4.47,3.95,7.15,,4.0,1.5595725146484374,True,CALL,2026-02-27,NCLH
NCLH260227C00020000,20.0,1.93,2.5,3.45,1.0,10.0,0.6865265722656251,True,CALL,2026-02-27,NCLH
NCLH260227C00021000,21.0,2.22,2.15,2.46,11.0,32.0,0.543949873046875,True,CALL,2026-02-27,NCLH
NCLH260227C00022000,22.0,1.73,1.5,1.83,195.0,155.0,0.5395553857421876,True,CALL,2026-02-27,NCLH
NCLH260227C00023000,23.0,1.2,1.18,1.34,35.0,39.0,0.514653291015625,False,CALL,2026-02-27,NCLH
NCLH260227C00024000,24.0,0.84,0.8,0.89,749.0,98.0,0.50586431640625,False,CALL,2026-02-27,NCLH
NCLH260227C00025000,25.0,0.55,0.53,0.59,83.0,175.0,0.507817421875,False,CALL,2026-02-27,NCLH
NCLH260227C00026000,26.0,0.35,0.33,0.45,2.0,155.0,0.524418818359375,False,CALL,2026-02-27,NCLH
NCLH260227C00027000,27.0,0.25,0.17,0.32,3.0,40.0,0.523442265625,False,CALL,2026-02-27,NCLH
NCLH260227C00028000,28.0,0.15,0.08,0.26,3.0,5.0,0.5400436621093752,False,CALL,2026-02-27,NCLH
NCLH260227C00029000,29.0,0.04,0.05,0.29,3.0,1.0,0.6054726953125001,False,CALL,2026-02-27,NCLH
NCLH260227P00016000,16.0,0.16,0.0,1.0,7.0,7.0,1.19141029296875,False,PUT,2026-02-27,NCLH
NCLH260227P00017000,17.0,0.14,0.05,0.21,55.0,218.0,0.7070341796875,False,PUT,2026-02-27,NCLH
NCLH260227P00018000,18.0,0.2,0.13,0.35,2.0,349.0,0.70312796875,False,PUT,2026-02-27,NCLH
NCLH260227P00019000,19.0,0.3,0.22,0.38,1.0,1201.0,0.6269568554687501,False,PUT,2026-02-27,NCLH
NCLH260227P00020000,20.0,0.53,0.4,0.57,19.0,92.0,0.6093789062500001,False,PUT,2026-02-27,NCLH
NCLH260227P00021000,21.0,0.75,0.66,0.84,125.0,548.0,0.5937540625000001,False,PUT,2026-02-27,NCLH
NCLH260227P00022000,22.0,1.04,1.01,1.2,2.0,87.0,0.57812921875,False,PUT,2026-02-27,NCLH
NCLH260227P00023000,23.0,2.7,1.36,1.68,1.0,2.0,0.5459029785156251,True,PUT,2026-02-27,NCLH
NCLH260227P00024000,24.0,3.32,1.98,2.3,,2.0,0.551762294921875,True,PUT,2026-02-27,NCLH
NCLH260227P00027000,27.0,4.9,4.9,4.9,40.0,40.0,0.7788108056640625,True,PUT,2026-02-27,NCLH
NCLH260227P00029000,29.0,8.2,5.6,7.7,8.0,3.0,0.8125018749999999,True,PUT,2026-02-27,NCLH
NCLH260306C00020000,20.0,2.0,3.1,3.35,1.0,1.0,0.508793974609375,True,CALL,2026-03-06,NCLH
NCLH260306C00024000,24.0,1.0,0.89,1.03,11.0,35.0,0.5214891601562499,False,CALL,2026-03-06,NCLH
NCLH260306C00025000,25.0,0.67,0.59,0.7,19.0,2.0,0.5122119091796875,False,CALL,2026-03-06,NCLH
NCLH260306C00026000,26.0,0.35,0.43,0.51,1.0,59.0,0.508793974609375,False,CALL,2026-03-06,NCLH
NCLH260306C00027000,27.0,0.25,0.24,0.4,21.0,42.0,0.5136767382812499,False,CALL,2026-03-06,NCLH
NCLH260306C00028000,28.0,0.2,0.16,0.3,55.0,88.0,0.5283250292968751,False,CALL,2026-03-06,NCLH
NCLH260306P00021000,21.0,0.85,0.83,0.95,6.0,89.0,0.5913126806640626,False,PUT,2026-03-06,NCLH
NCLH260306P00022000,22.0,1.3,1.2,1.3,5.0,6.0,0.5722699023437501,False,PUT,2026-03-06,NCLH
NCLH260320C00016000,16.0,5.19,5.0,7.85,1.0,119.0,1.19922275390625,True,CALL,2026-03-20,NCLH
NCLH260320C00017000,17.0,5.83,4.1,7.5,1.0,202.0,1.3447298388671873,True,CALL,2026-03-20,NCLH
NCLH260320C00018000,18.0,3.52,4.1,5.4,1.0,865.0,0.727541787109375,True,CALL,2026-03-20,NCLH
NCLH260320C00019000,19.0,4.13,4.0,4.3,11.0,548.0,0.5712933496093751,True,CALL,2026-03-20,NCLH
NCLH260320C00020000,20.0,3.4,3.25,3.55,146.0,2006.0,0.506840869140625,True,CALL,2026-03-20,NCLH
NCLH260320C00021000,21.0,2.78,2.71,2.71,127.0,1403.0,0.5034229345703125,True,CALL,2026-03-20,NCLH
NCLH260320C00022000,22.0,2.15,2.02,2.2,160.0,1414.0,0.500005,True,CALL,2026-03-20,NCLH
NCLH260320C00023000,23.0,1.57,1.55,1.68,1163.0,4595.0,0.5185595019531251,False,CALL,2026-03-20,NCLH
NCLH260320C00024000,24.0,1.21,1.1,1.27,272.0,2082.0,0.5161181201171875,False,CALL,2026-03-20,NCLH
NCLH260320C00025000,25.0,0.86,0.81,0.94,194.0,3692.0,0.5136767382812499,False,CALL,2026-03-20,NCLH
NCLH260320C00026000,26.0,0.65,0.56,0.75,25.0,3790.0,0.5014698291015626,False,CALL,2026-03-20,NCLH
NCLH260320C00027000,27.0,0.42,0.38,0.48,170.0,2473.0,0.50586431640625,False,CALL,2026-03-20,NCLH
NCLH260320C00028000,28.0,0.33,0.27,0.4,78.0,1112.0,0.5039112109375,False,CALL,2026-03-20,NCLH
NCLH260320C00029000,29.0,0.22,0.18,0.23,59.0,881.0,0.5019581054687501,False,CALL,2026-03-20,NCLH
NCLH260320P00016000,16.0,0.19,0.14,0.28,4.0,3787.0,0.70898728515625,False,PUT,2026-03-20,NCLH
NCLH260320P00017000,17.0,0.2,0.2,0.38,50.0,1476.0,0.6699251757812501,False,PUT,2026-03-20,NCLH
NCLH260320P00018000,18.0,0.34,0.3,0.41,18.0,4173.0,0.6103554589843752,False,PUT,2026-03-20,NCLH
NCLH260320P00019000,19.0,0.5,0.48,0.6,243.0,2043.0,0.5986368261718751,False,PUT,2026-03-20,NCLH
NCLH260320P00020000,20.0,0.75,0.71,0.81,345.0,9927.0,0.577152666015625,False,PUT,2026-03-20,NCLH
NCLH260320P00021000,21.0,1.01,0.9,1.12,39.0,1752.0,0.543949873046875,False,PUT,2026-03-20,NCLH
NCLH260320P00022000,22.0,1.45,1.4,1.48,10625.0,1833.0,0.5459029785156251,False,PUT,2026-03-20,NCLH
NCLH260320P00023000,23.0,1.86,1.86,2.05,16.0,1675.0,0.5463912548828126,True,PUT,2026-03-20,NCLH
NCLH260320P00024000,24.0,2.45,2.45,2.6,11.0,1852.0,0.5385788330078126,True,PUT,2026-03-20,NCLH
NCLH260320P00025000,25.0,4.48,3.05,3.35,36.0,1504.0,0.5385788330078126,True,PUT,2026-03-20,NCLH
NCLH260320P00026000,26.0,5.25,3.8,4.1,24.0,489.0,0.5410202148437502,True,PUT,2026-03-20,NCLH
NCLH260320P00027000,27.0,3.2,4.45,5.6,109.0,1056.0,0.641605146484375,True,PUT,2026-03-20,NCLH
NCLH260320P00028000,28.0,4.0,5.3,6.6,3.0,28.0,0.6831086376953126,True,PUT,2026-03-20,NCLH
NCLH260320P00029000,29.0,10.79,0.0,7.7,12.0,0.0,1.0058643457031249,True,PUT,2026-03-20,NCLH
NCLH260618C00016000,16.0,7.59,7.05,7.75,1.0,143.0,0.57812921875,True,CALL,2026-06-18,NCLH
NCLH260618C00017000,17.0,5.26,6.15,6.9,1.0,48.0,0.5454147021484376,True,CALL,2026-06-18,NCLH
NCLH260618C00018000,18.0,4.56,5.0,5.95,2.0,500.0,0.584965087890625,True,CALL,2026-06-18,NCLH
NCLH260618C00019000,19.0,5.25,4.95,5.4,6.0,414.0,0.5576216113281252,True,CALL,2026-06-18,NCLH
NCLH260618C00020000,20.0,4.47,4.35,4.55,22.0,3453.0,0.534184345703125,True,CALL,2026-06-18,NCLH
NCLH260618C00021000,21.0,3.86,3.7,4.05,13.0,552.0,0.5317429638671876,True,CALL,2026-06-18,NCLH
NCLH260618C00022000,22.0,3.4,3.15,3.45,21.0,543.0,0.5190477783203125,True,CALL,2026-06-18,NCLH
NCLH260618C00023000,23.0,2.78,2.6,3.0,53.0,1148.0,0.5107470800781251,False,CALL,2026-06-18,NCLH
NCLH260618C00024000,24.0,2.4,2.22,2.61,44.0,10790.0,0.5134326000976561,False,CALL,2026-06-18,NCLH
NCLH260618C00025000,25.0,2.03,1.84,2.05,60.0,3078.0,0.5112353564453125,False,CALL,2026-06-18,NCLH
NCLH260618C00026000,26.0,1.5,1.55,1.74,1.0,644.0,0.5102588037109376,False,CALL,2026-06-18,NCLH
NCLH260618C00027000,27.0,1.3,1.25,1.59,7.0,3536.0,0.5317429638671876,False,CALL,2026-06-18,NCLH
NCLH260618C00028000,28.0,1.15,0.93,1.15,171.0,470.0,0.4907277490234375,False,CALL,2026-06-18,NCLH
NCLH260618C00029000,29.0,0.9,0.87,0.93,4.0,145.0,0.48389187988281257,False,CALL,2026-06-18,NCLH
NCLH260618P00016000,16.0,0.58,0.53,0.78,3.0,537.0,0.6040078662109377,False,PUT,2026-06-18,NCLH
NCLH260618P00017000,17.0,0.74,0.63,0.81,2.0,1445.0,0.5502974658203126,False,PUT,2026-06-18,NCLH
NCLH260618P00018000,18.0,0.94,0.88,1.04,2.0,6613.0,0.5419967675781252,False,PUT,2026-06-18,NCLH
NCLH260618P00019000,19.0,1.26,1.12,1.36,16.0,912.0,0.5317429638671876,False,PUT,2026-06-18,NCLH
NCLH260618P00020000,20.0,1.63,1.47,1.8,151.0,6755.0,0.5351608984375,False,PUT,2026-06-18,NCLH
NCLH260618P00021000,21.0,1.9,1.9,2.19,8.0,1637.0,0.5297898583984376,False,PUT,2026-06-18,NCLH
NCLH260618P00022000,22.0,2.66,2.27,2.61,4.0,1084.0,0.5117236328125,False,PUT,2026-06-18,NCLH
NCLH260618P00023000,23.0,2.89,2.75,3.2,1.0,1515.0,0.5097705273437501,True,PUT,2026-06-18,NCLH
NCLH260618P00024000,24.0,3.6,3.25,3.6,3.0,232.0,0.514653291015625,True,PUT,2026-06-18,NCLH
NCLH260618P00025000,25.0,4.21,3.9,4.2,4.0,3275.0,0.50586431640625,True,PUT,2026-06-18,NCLH
NCLH260618P00026000,26.0,3.45,4.5,5.0,21.0,228.0,0.5249070947265625,True,PUT,2026-06-18,NCLH
NCLH260618P00027000,27.0,6.72,5.3,5.75,3.0,3025.0,0.5283250292968751,True,PUT,2026-06-18,NCLH
NCLH260618P00028000,28.0,7.73,6.1,6.5,1.0,24.0,0.5249070947265625,True,PUT,2026-06-18,NCLH
NCLH260918C00016000,16.0,6.52,7.0,8.3,40.0,41.0,0.5136767382812499,True,CALL,2026-09-18,NCLH
NCLH260918C00017000,17.0,7.18,7.0,7.55,40.0,140.0,0.5844768115234374,True,CALL,2026-09-18,NCLH
NCLH260918C00020000,20.0,5.14,5.05,5.45,10.0,1136.0,0.5424850439453126,True,CALL,2026-09-18,NCLH
NCLH260918C00022000,22.0,3.8,4.0,4.25,50.0,802.0,0.5217332983398437,True,CALL,2026-09-18,NCLH
NCLH260918C00023000,23.0,3.56,3.5,3.8,11.0,14.0,0.51562984375,False,CALL,2026-09-18,NCLH
NCLH260918C00024000,24.0,3.2,3.05,3.35,12.0,7.0,0.5073291455078125,False,CALL,2026-09-18,NCLH
NCLH260918C00025000,25.0,2.86,2.71,3.0,63.0,2658.0,0.5085498364257812,False,CALL,2026-09-18,NCLH
NCLH260918C00027000,27.0,2.0,1.81,2.34,11.0,1327.0,0.5205126074218749,False,CALL,2026-09-18,NCLH
NCLH260918C00029000,29.0,1.2,1.36,1.77,,45.0,0.5080615600585938,False,CALL,2026-09-18,NCLH
NCLH260918P00016000,16.0,1.2,0.77,1.18,30.0,37.0,0.5488326367187502,False,PUT,2026-09-18,NCLH
NCLH260918P00017000,17.0,1.55,1.04,1.42,43.0,5431.0,0.5390671093750001,False,PUT,2026-09-18,NCLH
NCLH260918P00018000,18.0,1.77,1.35,1.72,80.0,210.0,0.5317429638671876,False,PUT,2026-09-18,NCLH
NCLH260918P00019000,19.0,2.27,1.69,2.08,167.0,171.0,0.52539537109375,False,PUT,2026-09-18,NCLH
NCLH260918P00020000,20.0,2.21,2.08,2.27,1.0,3320.0,0.5024463818359376,False,PUT,2026-09-18,NCLH
NCLH260918P00021000,21.0,3.18,2.32,2.91,1002.0,1042.0,0.5415084912109377,False,PUT,2026-09-18,NCLH
NCLH260918P00022000,22.0,3.0,3.0,3.2,3.0,1191.0,0.506840869140625,False,PUT,2026-09-18,NCLH
NCLH260918P00023000,23.0,4.37,3.4,3.85,1.0,3.0,0.5185595019531251,True,PUT,2026-09-18,NCLH
NCLH260918P00024000,24.0,4.95,3.95,4.4,5.0,5.0,0.5105029418945313,True,PUT,2026-09-18,NCLH
NCLH260918P00025000,25.0,3.75,4.5,5.15,144.0,727.0,0.5246629565429688,True,PUT,2026-09-18,NCLH
NCLH260918P00027000,27.0,4.7,5.8,6.3,1.0,78.0,0.4899953344726563,True,PUT,2026-09-18,NCLH
NCLH261218C00017000,17.0,7.5,7.5,8.0,2.0,247.0,0.5742230078125,True,CALL,2026-12-18,NCLH
NCLH261218C00020000,20.0,5.82,5.6,6.25,4.0,1828.0,0.5498091894531252,True,CALL,2026-12-18,NCLH
NCLH261218C00022000,22.0,4.7,4.6,4.95,27.0,7236.0,0.5219774365234374,True,CALL,2026-12-18,NCLH
NCLH261218C00025000,25.0,3.47,3.35,3.65,47.0,1010.0,0.5063525927734375,False,CALL,2026-12-18,NCLH
NCLH261218C00027000,27.0,2.17,2.6,3.3,1.0,1204.0,0.5134326000976561,False,CALL,2026-12-18,NCLH
NCLH261218P00017000,17.0,1.86,1.43,1.87,20.0,1203.0,0.5285691674804689,False,PUT,2026-12-18,NCLH
NCLH261218P00020000,20.0,3.0,2.42,3.05,4.0,6181.0,0.5009815527343751,False,PUT,2026-12-18,NCLH
NCLH261218P00022000,22.0,3.64,3.45,3.7,12.0,965.0,0.4909718872070313,False,PUT,2026-12-18,NCLH
NCLH261218P00025000,25.0,6.0,4.9,5.65,1.0,133.0,0.5031787963867188,True,PUT,2026-12-18,NCLH
NCLH261218P00027000,27.0,6.43,6.2,6.9,1.0,68.0,0.4866994689941406,True,PUT,2026-12-18,NCLH
NCLH270115C00017000,17.0,7.8,7.65,8.45,5.0,621.0,0.5971719970703125,True,CALL,2027-01-15,NCLH
NCLH270115C00020000,20.0,5.86,5.8,6.3,25.0,1639.0,0.5434615966796876,True,CALL,2027-01-15,NCLH
NCLH270115C00022000,22.0,5.0,4.8,5.05,11.0,1218.0,0.5183153637695312,True,CALL,2027-01-15,NCLH
NCLH270115C00025000,25.0,3.72,3.55,3.8,6.0,4100.0,0.5054981091308592,False,CALL,2027-01-15,NCLH
NCLH270115C00027000,27.0,3.09,2.85,3.1,33.0,4636.0,0.5095263891601562,False,CALL,2027-01-15,NCLH
NCLH270115P00017000,17.0,1.95,1.48,1.95,10.0,5067.0,0.51758294921875,False,PUT,2027-01-15,NCLH
NCLH270115P00020000,20.0,2.88,2.59,3.15,1.0,6655.0,0.5336960693359375,False,PUT,2027-01-15,NCLH
NCLH270115P00022000,22.0,3.75,3.55,3.8,8.0,1945.0,0.4826711889648438,False,PUT,2027-01-15,NCLH
NCLH270115P00025000,25.0,6.16,5.1,5.85,1.0,4640.0,0.5051319018554687,True,PUT,2027-01-15,NCLH
NCLH270115P00027000,27.0,5.76,6.35,7.1,1.0,31.0,0.48950705810546885,True,PUT,2027-01-15,NCLH
NCLH270319C00020000,20.0,5.24,5.55,6.7,8.0,17.0,0.5092822509765625,True,CALL,2027-03-19,NCLH
NCLH270319C00022000,22.0,4.29,4.6,6.45,8.0,5.0,0.5429733203125001,True,CALL,2027-03-19,NCLH
NCLH270319C00025000,25.0,4.04,3.75,4.55,1.0,320.0,0.514653291015625,False,CALL,2027-03-19,NCLH
NCLH270319P00020000,20.0,3.6,2.79,3.4,1.0,2.0,0.5207567456054687,False,PUT,2027-03-19,NCLH
NCLH270319P00022000,22.0,4.27,3.8,4.5,5.0,19.0,0.5207567456054687,False,PUT,2027-03-19,NCLH
NCLH270319P00025000,25.0,5.85,5.4,6.3,,14.0,0.5118457019042968,True,PUT,2027-03-19,NCLH
NCLH270617C00020000,20.0,5.57,5.85,7.45,31.0,32.0,0.5178270874023438,True,CALL,2027-06-17,NCLH
NCLH270617C00022000,22.0,4.8,5.0,6.6,87.0,87.0,0.5195360546875,True,CALL,2027-06-17,NCLH
NCLH270617P00018000,18.0,2.75,2.31,3.4,10.0,10.0,0.5212450219726561,False,PUT,2027-06-17,NCLH
NCLH271217C00018000,18.0,7.55,7.85,9.25,,1.0,0.5351608984375,True,CALL,2027-12-17,NCLH
NCLH271217C00027000,27.0,4.0,3.15,5.55,,11.0,0.5610395458984375,False,CALL,2027-12-17,NCLH
NCLH280121C00018000,18.0,8.85,8.45,9.25,6.0,972.0,0.551762294921875,True,CALL,2028-01-21,NCLH
NCLH280121C00020000,20.0,7.2,7.2,8.1,8.0,2496.0,0.5227098510742187,True,CALL,2028-01-21,NCLH
NCLH280121C00023000,23.0,5.15,5.4,6.8,10.0,240.0,0.5488326367187502,False,CALL,2028-01-21,NCLH
NCLH280121C00025000,25.0,5.75,5.35,6.05,23.0,493.0,0.5127001855468749,False,CALL,2028-01-21,NCLH
NCLH280121C00027000,27.0,5.0,4.8,5.25,19.0,8968.0,0.50586431640625,False,CALL,2028-01-21,NCLH
NCLH280121P00018000,18.0,3.8,2.7,3.3,1.0,1583.0,0.47986359985351557,False,PUT,2028-01-21,NCLH
NCLH280121P00020000,20.0,5.0,3.85,4.3,1.0,1658.0,0.47510290527343746,False,PUT,2028-01-21,NCLH
NCLH280121P00023000,23.0,5.51,5.4,5.75,1.0,303.0,0.44751529052734373,True,PUT,2028-01-21,NCLH
NCLH280121P00025000,25.0,6.65,6.45,6.95,32.0,56.0,0.4390925231933594,True,PUT,2028-01-21,NCLH
NCLH280121P00027000,27.0,7.8,7.7,8.2,1.0,103.0,0.42774009765625004,True,PUT,2028-01-21,NCLH
NEE260130C00073000,73.0,15.86,13.1,16.9,1.0,2.0,2.85156537109375,True,CALL,2026-01-30,NEE
NEE260130C00074000,74.0,13.35,12.15,15.9,3.0,5.0,2.7168000830078123,True,CALL,2026-01-30,NEE
NEE260130C00075000,75.0,13.75,11.15,14.95,1.0,17.0,2.610355036621094,True,CALL,2026-01-30,NEE
NEE260130C00076000,76.0,12.78,10.15,13.95,2.0,8.0,2.474613188476563,True,CALL,2026-01-30,NEE
NEE260130C00077000,77.0,11.08,10.6,11.6,1.0,11.0,1.4277372363281249,True,CALL,2026-01-30,NEE
NEE260130C00078000,78.0,7.3,9.35,11.7,5.0,19.0,1.255863095703125,True,CALL,2026-01-30,NEE
NEE260130C00079000,79.0,8.75,8.35,10.35,1.0,95.0,0.9648441015625,True,CALL,2026-01-30,NEE
NEE260130C00080000,80.0,7.56,7.95,9.3,73.0,244.0,1.1396527392578126,True,CALL,2026-01-30,NEE
NEE260130C00081000,81.0,7.66,6.5,8.35,2.0,193.0,0.867188828125,True,CALL,2026-01-30,NEE
NEE260130C00082000,82.0,6.13,5.6,6.6,6.0,251.0,0.911133701171875,True,CALL,2026-01-30,NEE
NEE260130C00083000,83.0,5.22,4.9,5.5,32.0,866.0,0.73437765625,True,CALL,2026-01-30,NEE
NEE260130C00084000,84.0,4.19,3.55,4.8,41.0,984.0,0.8115253222656249,True,CALL,2026-01-30,NEE
NEE260130C00085000,85.0,3.2,2.88,3.4,35.0,1107.0,0.46094289062500005,True,CALL,2026-01-30,NEE
NEE260130C00086000,86.0,2.12,1.75,2.12,77.0,1430.0,1.0000000000000003e-05,True,CALL,2026-01-30,NEE
NEE260130C00087000,87.0,1.32,1.14,1.48,141.0,1445.0,0.28516339843749994,True,CALL,2026-01-30,NEE
NEE260130C00088000,88.0,0.69,0.5,0.7,157.0,568.0,0.2304764453125,True,CALL,2026-01-30,NEE
NEE260130C00089000,89.0,0.18,0.05,0.25,41.0,520.0,0.215828154296875,False,CALL,2026-01-30,NEE
NEE260130C00090000,90.0,0.08,0.04,0.07,465.0,1048.0,0.21680470703125,False,CALL,2026-01-30,NEE
NEE260130C00091000,91.0,0.05,0.02,0.05,13.0,318.0,0.27735097656249996,False,CALL,2026-01-30,NEE
NEE260130C00092000,92.0,0.01,0.01,0.05,1.0,89.0,0.34961587890624996,False,CALL,2026-01-30,NEE
NEE260130C00094000,94.0,0.06,0.0,0.75,20.0,21.0,0.7919942675781251,False,CALL,2026-01-30,NEE
NEE260130C00095000,95.0,0.01,0.0,2.13,1.0,10.0,1.2773473632812498,False,CALL,2026-01-30,NEE
NEE260130C00105000,105.0,0.02,0.0,1.93,1.0,44.0,2.0898485253906243,False,CALL,2026-01-30,NEE
NEE260130P00065000,65.0,0.04,0.0,0.02,5.0,11.0,1.5312523437499999,False,PUT,2026-01-30,NEE
NEE260130P00068000,68.0,0.13,0.0,2.13,,1.0,3.03906490234375,False,PUT,2026-01-30,NEE
NEE260130P00069000,69.0,0.14,0.0,2.13,1.0,2.0,2.912112094726563,False,PUT,2026-01-30,NEE
NEE260130P00070000,70.0,0.01,0.0,0.02,1.0,20.0,1.1875040625,False,PUT,2026-01-30,NEE
NEE260130P00071000,71.0,0.01,0.0,0.01,200.0,144.0,1.0625046875000002,False,PUT,2026-01-30,NEE
NEE260130P00072000,72.0,0.02,0.0,0.02,2.0,182.0,1.0625046875000002,False,PUT,2026-01-30,NEE
NEE260130P00073000,73.0,0.01,0.0,0.01,155.0,240.0,0.937500625,False,PUT,2026-01-30,NEE
NEE260130P00074000,74.0,0.01,0.0,0.02,6.0,152.0,0.937500625,False,PUT,2026-01-30,NEE
NEE260130P00075000,75.0,0.01,0.0,0.02,24.0,716.0,0.87500125,False,PUT,2026-01-30,NEE
NEE260130P00076000,76.0,0.01,0.0,0.13,68.0,274.0,1.0429735351562504,False,PUT,2026-01-30,NEE
NEE260130P00077000,77.0,0.01,0.0,0.01,157.0,477.0,0.6875031250000001,False,PUT,2026-01-30,NEE
NEE260130P00078000,78.0,0.03,0.0,0.08,2.0,226.0,0.8203142968749999,False,PUT,2026-01-30,NEE
NEE260130P00079000,79.0,0.03,0.0,0.11,2.0,124.0,0.7851583984375,False,PUT,2026-01-30,NEE
NEE260130P00080000,80.0,0.02,0.0,0.06,6.0,926.0,0.64062859375,False,PUT,2026-01-30,NEE
NEE260130P00081000,81.0,0.03,0.0,0.03,1.0,631.0,0.51562984375,False,PUT,2026-01-30,NEE
NEE260130P00082000,82.0,0.03,0.0,0.05,4.0,240.0,0.5468795312500001,False,PUT,2026-01-30,NEE
NEE260130P00083000,83.0,0.04,0.0,0.05,24.0,5378.0,0.4726615234375,False,PUT,2026-01-30,NEE
NEE260130P00084000,84.0,0.14,0.0,0.2,1.0,469.0,0.5507857421875001,False,PUT,2026-01-30,NEE
NEE260130P00085000,85.0,0.05,0.01,0.07,153.0,1855.0,0.3398503515625,False,PUT,2026-01-30,NEE
NEE260130P00086000,86.0,0.08,0.06,0.11,27.0,330.0,0.2890696093749999,False,PUT,2026-01-30,NEE
NEE260130P00087000,87.0,0.23,0.11,0.35,18.0,115.0,0.3129951513671875,False,PUT,2026-01-30,NEE
NEE260130P00088000,88.0,0.45,0.32,0.58,12.0,36.0,0.257819921875,False,PUT,2026-01-30,NEE
NEE260130P00090000,90.0,1.56,1.18,2.55,2.0,1.0,0.559574716796875,True,PUT,2026-01-30,NEE
NEE260206C00075000,75.0,8.1,12.6,14.75,50.0,51.0,0.804689453125,True,CALL,2026-02-06,NEE
NEE260206C00076000,76.0,12.5,11.7,13.75,2.0,3.0,0.7753928710937501,True,CALL,2026-02-06,NEE
NEE260206C00077000,77.0,9.14,10.65,12.9,1.0,1.0,0.74414318359375,True,CALL,2026-02-06,NEE
NEE260206C00078000,78.0,6.45,9.65,11.9,1.0,0.0,0.69336244140625,True,CALL,2026-02-06,NEE
NEE260206C00079000,79.0,5.84,8.55,10.6,1.0,5.0,0.5664105859375,True,CALL,2026-02-06,NEE
NEE260206C00080000,80.0,7.92,7.6,9.95,1.0,35.0,0.5898478515625001,True,CALL,2026-02-06,NEE
NEE260206C00081000,81.0,7.0,6.7,7.75,16.0,48.0,0.5293015820312501,True,CALL,2026-02-06,NEE
NEE260206C00082000,82.0,5.05,5.75,7.0,1.0,56.0,0.5478560839843751,True,CALL,2026-02-06,NEE
NEE260206C00083000,83.0,5.4,5.15,5.65,6.0,90.0,0.39453730468750003,True,CALL,2026-02-06,NEE
NEE260206C00084000,84.0,4.15,4.05,4.95,12.0,286.0,0.41992767578125,True,CALL,2026-02-06,NEE
NEE260206C00085000,85.0,3.3,3.35,3.65,17.0,222.0,0.2880930566406249,True,CALL,2026-02-06,NEE
NEE260206C00086000,86.0,3.05,2.49,2.89,4.0,582.0,0.28516339843749994,True,CALL,2026-02-06,NEE
NEE260206C00087000,87.0,1.97,1.89,2.06,49.0,1450.0,0.2524488818359375,True,CALL,2026-02-06,NEE
NEE260206C00088000,88.0,1.4,1.35,1.43,266.0,455.0,0.24146266357421875,True,CALL,2026-02-06,NEE
NEE260206C00089000,89.0,0.94,0.88,1.0,89.0,354.0,0.24634542724609376,False,CALL,2026-02-06,NEE
NEE260206C00090000,90.0,0.62,0.58,0.63,347.0,1035.0,0.241218525390625,False,CALL,2026-02-06,NEE
NEE260206C00091000,91.0,0.37,0.35,0.42,94.0,63.0,0.249030947265625,False,CALL,2026-02-06,NEE
NEE260206C00092000,92.0,0.23,0.19,0.3,11.0,83.0,0.26416751464843746,False,CALL,2026-02-06,NEE
NEE260206C00093000,93.0,0.15,0.11,0.18,3.0,95.0,0.264655791015625,False,CALL,2026-02-06,NEE
NEE260206C00094000,94.0,0.12,0.07,0.16,3.0,229.0,0.29395237304687494,False,CALL,2026-02-06,NEE
NEE260206P00070000,70.0,0.1,0.0,2.13,2.0,5.0,1.3134799951171874,False,PUT,2026-02-06,NEE
NEE260206P00072000,72.0,0.14,0.0,2.13,1.0,2.0,1.1962930810546877,False,PUT,2026-02-06,NEE
NEE260206P00073000,73.0,0.33,0.0,1.11,2.0,4.0,0.937500625,False,PUT,2026-02-06,NEE
NEE260206P00074000,74.0,0.2,0.0,0.64,6.0,25.0,0.770510107421875,False,PUT,2026-02-06,NEE
NEE260206P00075000,75.0,0.05,0.0,0.59,1.0,240.0,0.709963837890625,False,PUT,2026-02-06,NEE
NEE260206P00076000,76.0,0.09,0.0,0.75,1.0,63.0,0.7050810742187501,False,PUT,2026-02-06,NEE
NEE260206P00077000,77.0,0.04,0.0,0.05,2.0,37.0,0.43555251953125,False,PUT,2026-02-06,NEE
NEE260206P00078000,78.0,0.08,0.0,0.76,11.0,62.0,0.6123085644531252,False,PUT,2026-02-06,NEE
NEE260206P00079000,79.0,0.38,0.0,0.21,2.0,15.0,0.48438015625,False,PUT,2026-02-06,NEE
NEE260206P00080000,80.0,0.01,0.05,0.23,80.0,115.0,0.45117736328125,False,PUT,2026-02-06,NEE
NEE260206P00081000,81.0,0.19,0.01,0.36,5.0,282.0,0.46045461425781253,False,PUT,2026-02-06,NEE
NEE260206P00082000,82.0,0.3,0.09,0.3,51.0,74.0,0.39063109375,False,PUT,2026-02-06,NEE
NEE260206P00083000,83.0,0.22,0.15,0.42,39.0,68.0,0.38233039550781245,False,PUT,2026-02-06,NEE
NEE260206P00084000,84.0,0.22,0.21,0.34,52.0,101.0,0.30713583496093744,False,PUT,2026-02-06,NEE
NEE260206P00085000,85.0,0.33,0.36,0.41,88.0,149.0,0.27539787109374997,False,PUT,2026-02-06,NEE
NEE260206P00086000,86.0,0.6,0.59,0.63,136.0,187.0,0.2700268310546875,False,PUT,2026-02-06,NEE
NEE260206P00087000,87.0,0.9,0.87,0.93,41.0,2542.0,0.26392337646484376,False,PUT,2026-02-06,NEE
NEE260213C00065000,65.0,19.49,22.55,24.85,1.0,1.0,0.9997558618164062,True,CALL,2026-02-13,NEE
NEE260213C00069000,69.0,11.67,18.65,20.8,,1.0,0.851563984375,True,CALL,2026-02-13,NEE
NEE260213C00070000,70.0,12.39,17.6,19.85,,6.0,0.8120135986328124,True,CALL,2026-02-13,NEE
NEE260213C00073000,73.0,8.85,14.75,17.0,,9.0,0.745119736328125,True,CALL,2026-02-13,NEE
NEE260213C00075000,75.0,11.51,12.65,14.9,1.0,2.0,0.6357458300781251,True,CALL,2026-02-13,NEE
NEE260213C00076000,76.0,12.93,11.8,14.05,1.0,7.0,0.639652041015625,True,CALL,2026-02-13,NEE
NEE260213C00077000,77.0,6.21,10.85,11.6,1.0,2.0,0.5048877636718749,True,CALL,2026-02-13,NEE
NEE260213C00078000,78.0,3.71,9.75,10.95,,0.0,0.5649457568359376,True,CALL,2026-02-13,NEE
NEE260213C00079000,79.0,9.77,8.8,10.55,3.0,42.0,0.6533237792968751,True,CALL,2026-02-13,NEE
NEE260213C00080000,80.0,7.0,7.8,9.9,40.0,55.0,0.6723665576171877,True,CALL,2026-02-13,NEE
NEE260213C00081000,81.0,6.02,6.8,8.05,16.0,15.0,0.4633842724609375,True,CALL,2026-02-13,NEE
NEE260213C00082000,82.0,6.15,6.05,7.75,6.0,16.0,0.5488326367187502,True,CALL,2026-02-13,NEE
NEE260213C00083000,83.0,5.54,4.95,5.75,1.0,12.0,0.3178779150390625,True,CALL,2026-02-13,NEE
NEE260213C00084000,84.0,4.4,4.15,5.35,2.0,85.0,0.3845276391601562,True,CALL,2026-02-13,NEE
NEE260213C00085000,85.0,4.54,3.6,4.15,1.0,66.0,0.30371790039062496,True,CALL,2026-02-13,NEE
NEE260213C00086000,86.0,3.15,3.05,3.4,6.0,2580.0,0.2924875439453124,True,CALL,2026-02-13,NEE
NEE260213C00087000,87.0,2.51,2.29,2.69,10.0,21.0,0.2788158056640625,True,CALL,2026-02-13,NEE
NEE260213C00088000,88.0,2.33,1.68,2.15,4.0,22.0,0.2790599438476562,True,CALL,2026-02-13,NEE
NEE260213C00089000,89.0,1.38,1.37,1.49,62.0,26.0,0.2524488818359375,False,CALL,2026-02-13,NEE
NEE260213C00090000,90.0,1.02,0.96,1.26,3.0,50.0,0.2739330419921875,False,CALL,2026-02-13,NEE
NEE260213C00091000,91.0,0.9,0.66,0.92,7.0,36.0,0.27027096923828126,False,CALL,2026-02-13,NEE
NEE260213C00092000,92.0,0.55,0.48,0.7,12.0,89.0,0.27539787109374997,False,CALL,2026-02-13,NEE
NEE260213P00068000,68.0,0.18,0.0,2.14,,1.0,1.076176494140625,False,PUT,2026-02-13,NEE
NEE260213P00071000,71.0,0.29,0.0,1.98,,30.0,0.91992267578125,False,PUT,2026-02-13,NEE
NEE260213P00074000,74.0,0.13,0.03,0.09,8.0,115.0,0.44727115234375,False,PUT,2026-02-13,NEE
NEE260213P00075000,75.0,0.25,0.01,0.1,1.0,42.0,0.42676354492187507,False,PUT,2026-02-13,NEE
NEE260213P00076000,76.0,0.11,0.0,0.14,2.0,23.0,0.42383388671875,False,PUT,2026-02-13,NEE
NEE260213P00077000,77.0,0.1,0.01,0.15,11.0,53.0,0.398443515625,False,PUT,2026-02-13,NEE
NEE260213P00078000,78.0,0.15,0.01,0.16,21.0,32.0,0.37305314453125,False,PUT,2026-02-13,NEE
NEE260213P00079000,79.0,0.36,0.0,0.78,1.0,11.0,0.5293015820312501,False,PUT,2026-02-13,NEE
NEE260213P00080000,80.0,0.29,0.0,0.75,1.0,43.0,0.481450498046875,False,PUT,2026-02-13,NEE
NEE260213P00081000,81.0,0.45,0.0,0.55,1.0,11.0,0.39453730468750003,False,PUT,2026-02-13,NEE
NEE260213P00082000,82.0,0.27,0.24,0.58,3.0,12.0,0.362311064453125,False,PUT,2026-02-13,NEE
NEE260213P00083000,83.0,0.44,0.33,0.45,2.0,250.0,0.29395237304687494,False,PUT,2026-02-13,NEE
NEE260213P00084000,84.0,0.55,0.45,0.64,6.0,4.0,0.2924875439453124,False,PUT,2026-02-13,NEE
NEE260213P00085000,85.0,0.83,0.61,0.83,2.0,12.0,0.282233740234375,False,PUT,2026-02-13,NEE
NEE260220C00065000,65.0,15.31,22.55,24.9,1.0,1.0,0.8437515624999999,True,CALL,2026-02-20,NEE
NEE260220C00070000,70.0,14.13,17.8,19.7,1.0,17.0,0.6850617431640625,True,CALL,2026-02-20,NEE
NEE260220C00072000,72.0,15.75,15.75,18.05,1.0,1.0,0.6616244775390626,True,CALL,2026-02-20,NEE
NEE260220C00072500,72.5,8.99,15.15,17.55,,5.0,0.631839619140625,True,CALL,2026-02-20,NEE
NEE260220C00075000,75.0,13.52,12.65,13.5,2.0,39.0,0.44922425781249997,True,CALL,2026-02-20,NEE
NEE260220C00077000,77.0,9.3,10.65,11.6,,3.0,0.42090422851562503,True,CALL,2026-02-20,NEE
NEE260220C00077500,77.5,10.63,10.3,12.4,6.0,74.0,0.6611362011718751,True,CALL,2026-02-20,NEE
NEE260220C00080000,80.0,8.67,8.35,8.7,1.0,736.0,0.35278967529296873,True,CALL,2026-02-20,NEE
NEE260220C00081000,81.0,5.22,7.1,8.55,5.0,5.0,0.467778759765625,True,CALL,2026-02-20,NEE
NEE260220C00082000,82.0,6.15,6.4,6.95,16.0,8.0,0.33399103515625,True,CALL,2026-02-20,NEE
NEE260220C00082500,82.5,6.42,5.9,7.25,1.0,2243.0,0.437505625,True,CALL,2026-02-20,NEE
NEE260220C00083000,83.0,5.16,5.4,6.0,5.0,49.0,0.30689169677734374,True,CALL,2026-02-20,NEE
NEE260220C00084000,84.0,4.8,4.8,5.8,16.0,98.0,0.3815979809570312,True,CALL,2026-02-20,NEE
NEE260220C00085000,85.0,4.31,4.05,4.35,77.0,1717.0,0.28003649658203117,True,CALL,2026-02-20,NEE
NEE260220C00086000,86.0,3.77,3.25,3.95,1.0,1056.0,0.31140825317382803,True,CALL,2026-02-20,NEE
NEE260220C00087000,87.0,2.75,2.68,2.83,73.0,193.0,0.249030947265625,True,CALL,2026-02-20,NEE
NEE260220C00087500,87.5,2.53,2.35,2.5,40.0,1312.0,0.24292749267578123,True,CALL,2026-02-20,NEE
NEE260220C00088000,88.0,2.3,2.12,2.23,38.0,223.0,0.24195093994140626,True,CALL,2026-02-20,NEE
NEE260220C00089000,89.0,1.65,1.63,1.74,40.0,274.0,0.23902128173828124,False,CALL,2026-02-20,NEE
NEE260220C00090000,90.0,1.28,1.24,1.33,152.0,3858.0,0.2368240380859375,False,CALL,2026-02-20,NEE
NEE260220C00091000,91.0,0.95,0.89,1.0,32.0,227.0,0.2356033471679687,False,CALL,2026-02-20,NEE
NEE260220C00092000,92.0,0.68,0.67,0.73,30.0,118.0,0.23389437988281248,False,CALL,2026-02-20,NEE
NEE260220C00093000,93.0,0.57,0.47,0.55,165.0,65.0,0.23731231445312498,False,CALL,2026-02-20,NEE
NEE260220C00095000,95.0,0.28,0.16,0.4,10.0,1109.0,0.2644116528320312,False,CALL,2026-02-20,NEE
NEE260220C00096000,96.0,0.2,0.08,0.33,20.0,51.0,0.2739330419921875,False,CALL,2026-02-20,NEE
NEE260220C00100000,100.0,0.05,0.0,0.17,25.0,78.0,0.31250687499999996,False,CALL,2026-02-20,NEE
NEE260220C00105000,105.0,0.04,0.0,0.33,,1.0,0.463872548828125,False,CALL,2026-02-20,NEE
NEE260220C00110000,110.0,0.02,0.0,0.32,1.0,7.0,0.551762294921875,False,CALL,2026-02-20,NEE
NEE260220P00065000,65.0,0.09,0.0,0.15,1.0,1510.0,0.5839885351562499,False,PUT,2026-02-20,NEE
NEE260220P00070000,70.0,0.07,0.0,0.15,3.0,165.0,0.51562984375,False,PUT,2026-02-20,NEE
NEE260220P00072500,72.5,0.08,0.0,0.09,2.0,211.0,0.4101621484375,False,PUT,2026-02-20,NEE
NEE260220P00074000,74.0,0.25,0.0,0.2,,1.0,0.43457596679687505,False,PUT,2026-02-20,NEE
NEE260220P00075000,75.0,0.09,0.07,0.12,5.0,1605.0,0.36817038085937503,False,PUT,2026-02-20,NEE
NEE260220P00076000,76.0,0.5,0.0,0.23,,1.0,0.3920959228515625,False,PUT,2026-02-20,NEE
NEE260220P00077000,77.0,0.16,0.03,0.25,24.0,35.0,0.372076591796875,False,PUT,2026-02-20,NEE
NEE260220P00077500,77.5,0.17,0.1,0.17,11.0,871.0,0.32813171874999997,False,PUT,2026-02-20,NEE
NEE260220P00078000,78.0,0.35,0.04,0.28,8.0,11.0,0.35352208984374994,False,PUT,2026-02-20,NEE
NEE260220P00079000,79.0,0.32,0.07,0.33,3.0,28.0,0.3398503515625,False,PUT,2026-02-20,NEE
NEE260220P00080000,80.0,0.24,0.2,0.3,31.0,2699.0,0.30225307128906254,False,PUT,2026-02-20,NEE
NEE260220P00081000,81.0,0.32,0.26,0.35,8.0,96.0,0.28565167480468745,False,PUT,2026-02-20,NEE
NEE260220P00082000,82.0,0.38,0.36,0.55,6.0,105.0,0.2963937548828125,False,PUT,2026-02-20,NEE
NEE260220P00082500,82.5,0.46,0.41,0.7,3.0,388.0,0.30664755859375,False,PUT,2026-02-20,NEE
NEE260220P00083000,83.0,0.5,0.51,0.55,2.0,100.0,0.26343510009765625,False,PUT,2026-02-20,NEE
NEE260220P00084000,84.0,0.7,0.68,0.73,2.0,94.0,0.25830819824218754,False,PUT,2026-02-20,NEE
NEE260220P00085000,85.0,0.88,0.9,0.95,184.0,9702.0,0.25196060546875,False,PUT,2026-02-20,NEE
NEE260220P00086000,86.0,1.18,1.19,1.23,50.0,811.0,0.24658956542968752,False,PUT,2026-02-20,NEE
NEE260220P00087000,87.0,1.53,1.53,1.59,59.0,246.0,0.243171630859375,False,PUT,2026-02-20,NEE
NEE260220P00087500,87.5,1.84,1.73,1.85,19.0,356.0,0.2475661181640625,False,PUT,2026-02-20,NEE
NEE260220P00094000,94.0,10.01,4.35,7.85,,2.0,0.47632359619140624,True,PUT,2026-02-20,NEE
NEE260227C00075000,75.0,9.15,12.0,15.15,,1.0,0.7041045214843751,True,CALL,2026-02-27,NEE
NEE260227C00076000,76.0,10.49,11.05,14.2,1.0,1.0,0.6755403540039064,True,CALL,2026-02-27,NEE
NEE260227C00078000,78.0,6.25,9.75,12.25,,1.0,0.6098671826171876,True,CALL,2026-02-27,NEE
NEE260227C00080000,80.0,5.16,7.85,10.4,1.0,2.0,0.5556685058593751,True,CALL,2026-02-27,NEE
NEE260227C00081000,81.0,8.2,7.25,8.3,1.0,8.0,0.37500625,True,CALL,2026-02-27,NEE
NEE260227C00082000,82.0,4.71,6.35,8.5,5.0,9.0,0.49170430175781255,True,CALL,2026-02-27,NEE
NEE260227C00083000,83.0,5.5,5.55,6.7,35.0,56.0,0.3588931298828125,True,CALL,2026-02-27,NEE
NEE260227C00084000,84.0,5.24,4.7,5.4,50.0,58.0,0.2868723657226562,True,CALL,2026-02-27,NEE
NEE260227C00085000,85.0,4.6,4.25,4.6,2.0,42.0,0.2739330419921875,True,CALL,2026-02-27,NEE
NEE260227C00086000,86.0,3.8,3.55,3.95,42.0,39.0,0.2727123510742187,True,CALL,2026-02-27,NEE
NEE260227C00087000,87.0,3.49,2.88,3.3,2.0,40.0,0.26587648193359376,True,CALL,2026-02-27,NEE
NEE260227C00088000,88.0,2.58,2.2,2.72,5.0,17.0,0.26050544189453123,True,CALL,2026-02-27,NEE
NEE260227C00089000,89.0,2.23,1.7,2.13,3.0,6.0,0.24805439453125,False,CALL,2026-02-27,NEE
NEE260227C00090000,90.0,1.64,1.42,1.61,2.0,21.0,0.23633576171874998,False,CALL,2026-02-27,NEE
NEE260227C00091000,91.0,1.15,1.1,1.27,1.0,5.0,0.23609162353515623,False,CALL,2026-02-27,NEE
NEE260227C00092000,92.0,0.96,0.83,1.0,1.0,41.0,0.2375564526367187,False,CALL,2026-02-27,NEE
NEE260227C00095000,95.0,0.42,0.33,0.53,5.0,36.0,0.2534254345703125,False,CALL,2026-02-27,NEE
NEE260227C00105000,105.0,0.04,0.0,1.35,,1.0,0.6015664843750002,False,CALL,2026-02-27,NEE
NEE260227P00071000,71.0,0.32,0.0,0.65,,2.0,0.5009815527343751,False,PUT,2026-02-27,NEE
NEE260227P00072000,72.0,0.43,0.0,1.35,,3.0,0.5712933496093751,False,PUT,2026-02-27,NEE
NEE260227P00075000,75.0,0.18,0.0,0.75,1.0,3.0,0.4995167236328125,False,PUT,2026-02-27,NEE
NEE260227P00076000,76.0,0.22,0.0,0.7,1.0,8.0,0.459966337890625,False,PUT,2026-02-27,NEE
NEE260227P00077000,77.0,0.52,0.0,2.33,1.0,1.0,0.5129443237304687,False,PUT,2026-02-27,NEE
NEE260227P00078000,78.0,0.29,0.0,0.75,1.0,8.0,0.411138701171875,False,PUT,2026-02-27,NEE
NEE260227P00079000,79.0,0.47,0.14,0.55,1.0,8.0,0.344733115234375,False,PUT,2026-02-27,NEE
NEE260227P00080000,80.0,0.46,0.37,0.62,6.0,32.0,0.32910827148437494,False,PUT,2026-02-27,NEE
NEE260227P00081000,81.0,0.63,0.45,0.85,1.0,3.0,0.3371648315429688,False,PUT,2026-02-27,NEE
NEE260227P00082000,82.0,0.71,0.41,0.88,1.0,4.0,0.3103096313476562,False,PUT,2026-02-27,NEE
NEE260227P00083000,83.0,0.87,0.73,0.95,1.0,18.0,0.28784891845703114,False,PUT,2026-02-27,NEE
NEE260227P00084000,84.0,1.08,0.93,1.25,2.0,7.0,0.29175512939453113,False,PUT,2026-02-27,NEE
NEE260227P00085000,85.0,1.53,1.18,1.55,8.0,20.0,0.28955788574218744,False,PUT,2026-02-27,NEE
NEE260227P00089000,89.0,2.9,2.84,3.25,6.0,2.0,0.2790599438476562,True,PUT,2026-02-27,NEE
NEE260306C00088000,88.0,2.65,2.36,2.87,3.0,46.0,0.24793232543945312,True,CALL,2026-03-06,NEE
NEE260306P00076000,76.0,0.28,0.13,0.39,1.0,1.0,0.35108070800781244,False,PUT,2026-03-06,NEE
NEE260306P00077000,77.0,0.36,0.0,0.75,1.0,4.0,0.3967345483398438,False,PUT,2026-03-06,NEE
NEE260306P00080000,80.0,0.49,0.48,0.81,3.0,7.0,0.3254461987304687,False,PUT,2026-03-06,NEE
NEE260306P00082000,82.0,1.41,0.73,1.1,2.0,5.0,0.30713583496093744,False,PUT,2026-03-06,NEE
NEE260320C00062500,62.5,22.37,24.15,27.8,1.0,114.0,0.5459029785156251,True,CALL,2026-03-20,NEE
NEE260320C00065000,65.0,23.1,21.55,25.35,2.0,227.0,0.8522963989257812,True,CALL,2026-03-20,NEE
NEE260320C00067500,67.5,13.25,19.9,22.65,2.0,530.0,0.5214891601562499,True,CALL,2026-03-20,NEE
NEE260320C00070000,70.0,17.65,17.6,18.9,6.0,888.0,0.4899953344726563,True,CALL,2026-03-20,NEE
NEE260320C00072500,72.5,13.6,15.4,17.45,11.0,1002.0,0.5844768115234374,True,CALL,2026-03-20,NEE
NEE260320C00075000,75.0,13.3,13.0,14.3,3.0,1128.0,0.43530838134765626,True,CALL,2026-03-20,NEE
NEE260320C00077500,77.5,10.95,10.65,11.55,1.0,1196.0,0.34180345703125,True,CALL,2026-03-20,NEE
NEE260320C00080000,80.0,8.85,8.65,9.2,501.0,7009.0,0.30103238037109376,True,CALL,2026-03-20,NEE
NEE260320C00082500,82.5,6.75,6.6,6.95,21.0,8405.0,0.264655791015625,True,CALL,2026-03-20,NEE
NEE260320C00085000,85.0,5.0,4.7,5.05,95.0,14950.0,0.24829853271484376,True,CALL,2026-03-20,NEE
NEE260320C00087500,87.5,3.18,3.05,3.4,50.0,5878.0,0.23230748168945312,True,CALL,2026-03-20,NEE
NEE260320C00090000,90.0,2.14,1.98,2.13,201.0,10886.0,0.22180953979492185,False,CALL,2026-03-20,NEE
NEE260320C00092500,92.5,1.2,1.19,1.27,144.0,2985.0,0.2180253979492187,False,CALL,2026-03-20,NEE
NEE260320C00095000,95.0,0.73,0.66,0.81,738.0,9454.0,0.22657023437499998,False,CALL,2026-03-20,NEE
NEE260320C00100000,100.0,0.23,0.2,0.23,223.0,2167.0,0.22412885253906245,False,CALL,2026-03-20,NEE
NEE260320C00105000,105.0,0.1,0.01,0.1,3.0,1098.0,0.24658956542968752,False,CALL,2026-03-20,NEE
NEE260320C00110000,110.0,0.02,0.0,0.18,125.0,1065.0,0.331061376953125,False,CALL,2026-03-20,NEE
NEE260320P00062500,62.5,0.14,0.0,0.6,5.0,711.0,0.551762294921875,False,PUT,2026-03-20,NEE
NEE260320P00065000,65.0,0.15,0.05,0.4,9.0,1950.0,0.5302781347656251,False,PUT,2026-03-20,NEE
NEE260320P00067500,67.5,0.14,0.09,0.18,3.0,3010.0,0.40430283203125,False,PUT,2026-03-20,NEE
NEE260320P00070000,70.0,0.17,0.12,0.26,2.0,4960.0,0.3852600537109374,False,PUT,2026-03-20,NEE
NEE260320P00072500,72.5,0.3,0.19,0.28,52.0,4706.0,0.34278000976562495,False,PUT,2026-03-20,NEE
NEE260320P00075000,75.0,0.32,0.29,0.33,46.0,3856.0,0.3061592822265625,False,PUT,2026-03-20,NEE
NEE260320P00077500,77.5,0.48,0.45,0.49,30.0,2427.0,0.2866282275390625,False,PUT,2026-03-20,NEE
NEE260320P00080000,80.0,0.74,0.71,0.8,57.0,6105.0,0.2758861474609374,False,PUT,2026-03-20,NEE
NEE260320P00082500,82.5,1.17,1.12,1.3,76.0,882.0,0.2688061401367187,False,PUT,2026-03-20,NEE
NEE260320P00085000,85.0,1.82,1.78,1.9,53.0,2624.0,0.25171646728515623,False,PUT,2026-03-20,NEE
NEE260320P00087500,87.5,2.75,2.76,2.87,227.0,488.0,0.24463645996093752,False,PUT,2026-03-20,NEE
NEE260320P00090000,90.0,3.92,4.0,4.4,2.0,257.0,0.25757578369140627,True,PUT,2026-03-20,NEE
NEE260320P00092500,92.5,5.58,5.7,6.1,16.0,10.0,0.26258061645507813,True,PUT,2026-03-20,NEE
NEE260320P00095000,95.0,11.15,0.0,0.0,2.0,129.0,1.0000000000000003e-05,True,PUT,2026-03-20,NEE
NEE260320P00100000,100.0,19.25,11.2,13.15,1.0,0.0,0.3764710791015625,True,PUT,2026-03-20,NEE
NEE260320P00105000,105.0,20.79,0.0,0.0,1.0,0.0,1.0000000000000003e-05,True,PUT,2026-03-20,NEE
NEE260618C00062500,62.5,22.24,25.55,27.9,1.0,122.0,0.5628705822753908,True,CALL,2026-06-18,NEE
NEE260618C00065000,65.0,23.85,23.3,25.05,1.0,2733.0,0.4862111926269531,True,CALL,2026-06-18,NEE
NEE260618C00067500,67.5,16.2,20.95,23.15,3.0,160.0,0.4914601635742188,True,CALL,2026-06-18,NEE
NEE260618C00070000,70.0,19.67,18.5,20.7,1.0,433.0,0.44995667236328124,True,CALL,2026-06-18,NEE
NEE260618C00072500,72.5,13.2,16.4,18.45,1.0,256.0,0.42236905761718746,True,CALL,2026-06-18,NEE
NEE260618C00075000,75.0,14.75,14.05,15.85,1.0,1272.0,0.3709779699707031,True,CALL,2026-06-18,NEE
NEE260618C00077500,77.5,13.2,12.1,13.2,1.0,1328.0,0.3175117077636719,True,CALL,2026-06-18,NEE
NEE260618C00080000,80.0,10.65,10.5,11.1,13.0,3578.0,0.295905478515625,True,CALL,2026-06-18,NEE
NEE260618C00082500,82.5,8.6,8.65,9.65,27.0,2304.0,0.30322962402343745,True,CALL,2026-06-18,NEE
NEE260618C00085000,85.0,7.23,7.1,7.3,9.0,4223.0,0.25916268188476566,True,CALL,2026-06-18,NEE
NEE260618C00087500,87.5,5.7,5.6,5.9,40.0,1501.0,0.25489026367187506,True,CALL,2026-06-18,NEE
NEE260618C00090000,90.0,4.54,4.4,4.75,159.0,6278.0,0.2540968145751954,False,CALL,2026-06-18,NEE
NEE260618C00092500,92.5,3.55,3.35,3.6,89.0,3513.0,0.2452468054199219,False,CALL,2026-06-18,NEE
NEE260618C00095000,95.0,2.6,2.57,2.68,147.0,5455.0,0.2387771435546875,False,CALL,2026-06-18,NEE
NEE260618C00100000,100.0,1.44,1.4,1.7,12.0,1388.0,0.2485426708984375,False,CALL,2026-06-18,NEE
NEE260618C00105000,105.0,0.83,0.73,0.93,1531.0,1230.0,0.2461012890625,False,CALL,2026-06-18,NEE
NEE260618C00110000,110.0,0.5,0.39,0.69,6.0,552.0,0.266608896484375,False,CALL,2026-06-18,NEE
NEE260618P00062500,62.5,0.45,0.21,0.54,2.0,776.0,0.3764710791015625,False,PUT,2026-06-18,NEE
NEE260618P00065000,65.0,0.48,0.39,0.6,20.0,9241.0,0.35034829345703117,False,PUT,2026-06-18,NEE
NEE260618P00067500,67.5,0.68,0.5,0.77,4.0,1828.0,0.336920693359375,False,PUT,2026-06-18,NEE
NEE260618P00070000,70.0,0.81,0.66,1.01,3.0,1244.0,0.32642275146484373,False,PUT,2026-06-18,NEE
NEE260618P00072500,72.5,0.99,0.95,1.27,7.0,3235.0,0.31262894409179687,False,PUT,2026-06-18,NEE
NEE260618P00075000,75.0,1.36,1.26,1.5,22.0,1185.0,0.2921213366699218,False,PUT,2026-06-18,NEE
NEE260618P00077500,77.5,1.77,1.78,1.84,25.0,1277.0,0.2756420092773437,False,PUT,2026-06-18,NEE
NEE260618P00080000,80.0,2.33,2.28,2.53,50.0,1760.0,0.27466545654296876,False,PUT,2026-06-18,NEE
NEE260618P00082500,82.5,3.05,3.0,3.1,5.0,674.0,0.2594678546142578,False,PUT,2026-06-18,NEE
NEE260618P00085000,85.0,3.8,3.85,3.95,30.0,449.0,0.25165543273925783,False,PUT,2026-06-18,NEE
NEE260618P00087500,87.5,4.9,4.9,5.0,64.0,299.0,0.24536887451171874,False,PUT,2026-06-18,NEE
NEE260618P00090000,90.0,6.18,6.0,6.55,32.0,814.0,0.25379164184570313,True,PUT,2026-06-18,NEE
NEE260618P00092500,92.5,7.4,7.45,8.0,2.0,45.0,0.24964129272460936,True,PUT,2026-06-18,NEE
NEE260618P00095000,95.0,9.2,9.1,9.8,1.0,701.0,0.25440198730468755,True,PUT,2026-06-18,NEE
NEE260618P00100000,100.0,18.19,17.0,19.25,4.0,0.0,0.5376022802734376,True,PUT,2026-06-18,NEE
NEE260618P00105000,105.0,35.15,21.55,24.25,5.0,0.0,0.5373581420898439,True,PUT,2026-06-18,NEE
NEE260918C00062500,62.5,19.25,26.05,28.4,9.0,123.0,0.4714408325195312,True,CALL,2026-09-18,NEE
NEE260918C00065000,65.0,18.2,23.8,25.95,17.0,108.0,0.4368952795410156,True,CALL,2026-09-18,NEE
NEE260918C00067500,67.5,14.55,21.6,23.8,1.0,148.0,0.42017181396484377,True,CALL,2026-09-18,NEE
NEE260918C00070000,70.0,16.95,19.5,20.45,272.0,497.0,0.3355779333496094,True,CALL,2026-09-18,NEE
NEE260918C00072500,72.5,14.55,17.4,19.55,1.0,255.0,0.38385625915527344,True,CALL,2026-09-18,NEE
NEE260918C00075000,75.0,15.65,15.35,16.95,4.0,999.0,0.34125414611816407,True,CALL,2026-09-18,NEE
NEE260918C00077500,77.5,13.85,13.6,14.65,2.0,11496.0,0.31250687499999996,True,CALL,2026-09-18,NEE
NEE260918C00080000,80.0,12.42,11.85,12.5,1.0,878.0,0.28888650573730457,True,CALL,2026-09-18,NEE
NEE260918C00082500,82.5,10.88,10.2,11.05,1.0,613.0,0.2902903002929687,True,CALL,2026-09-18,NEE
NEE260918C00085000,85.0,9.3,8.6,9.75,1.0,3367.0,0.29242650939941395,True,CALL,2026-09-18,NEE
NEE260918C00087500,87.5,7.82,7.2,7.95,1.0,649.0,0.2718578674316406,True,CALL,2026-09-18,NEE
NEE260918C00090000,90.0,6.35,6.1,6.45,28.0,1682.0,0.2581250946044922,False,CALL,2026-09-18,NEE
NEE260918C00092500,92.5,5.2,5.05,5.5,11.0,366.0,0.2594068200683594,False,CALL,2026-09-18,NEE
NEE260918C00095000,95.0,4.45,4.15,4.3,27.0,3658.0,0.24701680725097658,False,CALL,2026-09-18,NEE
NEE260918C00100000,100.0,2.93,2.65,2.94,83.0,1132.0,0.24713887634277343,False,CALL,2026-09-18,NEE
NEE260918C00105000,105.0,1.84,1.71,2.1,75.0,442.0,0.25379164184570313,False,CALL,2026-09-18,NEE
NEE260918C00110000,110.0,0.92,1.0,1.57,1.0,189.0,0.26380130737304686,False,CALL,2026-09-18,NEE
NEE260918P00062500,62.5,1.44,0.7,1.19,4.0,1181.0,0.35938140625,False,PUT,2026-09-18,NEE
NEE260918P00065000,65.0,1.11,0.8,1.38,5.0,2830.0,0.34326828613281246,False,PUT,2026-09-18,NEE
NEE260918P00067500,67.5,1.18,0.93,1.56,10.0,3032.0,0.3244696459960937,False,PUT,2026-09-18,NEE
NEE260918P00070000,70.0,1.62,1.35,1.8,4.0,3927.0,0.30811238769531246,False,PUT,2026-09-18,NEE
NEE260918P00072500,72.5,2.44,1.63,2.23,1.0,618.0,0.3002999658203125,False,PUT,2026-09-18,NEE
NEE260918P00075000,75.0,2.8,2.24,2.53,3.0,7601.0,0.2822947747802734,False,PUT,2026-09-18,NEE
NEE260918P00077500,77.5,2.91,2.8,3.1,21.0,8642.0,0.274421318359375,False,PUT,2026-09-18,NEE
NEE260918P00080000,80.0,3.55,3.45,3.8,11.0,5674.0,0.268012691040039,False,PUT,2026-09-18,NEE
NEE260918P00082500,82.5,4.4,4.25,4.6,9.0,333.0,0.2611157873535156,False,PUT,2026-09-18,NEE
NEE260918P00085000,85.0,5.51,5.1,5.55,3.0,233.0,0.25525647094726567,False,PUT,2026-09-18,NEE
NEE260918P00087500,87.5,6.32,6.0,6.6,20.0,113.0,0.2483595672607422,False,PUT,2026-09-18,NEE
NEE260918P00090000,90.0,9.35,7.2,8.0,7.0,59.0,0.24909198181152342,True,PUT,2026-09-18,NEE
NEE260918P00092500,92.5,8.9,8.6,9.3,1.0,20.0,0.24127955993652345,True,PUT,2026-09-18,NEE
NEE260918P00095000,95.0,13.22,0.0,0.0,2.0,2.0,1.0000000000000003e-05,True,PUT,2026-09-18,NEE
NEE260918P00105000,105.0,21.02,0.0,0.0,,1.0,1.0000000000000003e-05,True,PUT,2026-09-18,NEE
NEE261218C00065000,65.0,23.5,24.05,26.85,1.0,44.0,0.41565525756835936,True,CALL,2026-12-18,NEE
NEE261218C00070000,70.0,21.24,19.8,22.0,1.0,32.0,0.355902437133789,True,CALL,2026-12-18,NEE
NEE261218C00072500,72.5,14.8,17.85,20.7,,1.0,0.37183245361328127,True,CALL,2026-12-18,NEE
NEE261218C00075000,75.0,12.0,15.9,18.75,3.0,8.0,0.3580386462402344,True,CALL,2026-12-18,NEE
NEE261218C00077500,77.5,15.5,13.85,15.4,4.0,62.0,0.2924875439453124,True,CALL,2026-12-18,NEE
NEE261218C00080000,80.0,13.31,13.05,14.3,1.0,218.0,0.3067085931396484,True,CALL,2026-12-18,NEE
NEE261218C00082500,82.5,11.41,11.3,12.75,2.0,32.0,0.30145962219238287,True,CALL,2026-12-18,NEE
NEE261218C00085000,85.0,9.7,9.85,11.35,7.0,337.0,0.2980416876220703,True,CALL,2026-12-18,NEE
NEE261218C00087500,87.5,9.4,8.45,9.35,2.0,49.0,0.2732616619873046,True,CALL,2026-12-18,NEE
NEE261218C00090000,90.0,7.75,7.15,8.1,10.0,196.0,0.26868407104492187,False,CALL,2026-12-18,NEE
NEE261218C00092500,92.5,6.9,6.0,6.95,1.0,83.0,0.26392337646484376,False,CALL,2026-12-18,NEE
NEE261218C00095000,95.0,5.45,5.5,6.5,17.0,154.0,0.27735097656249996,False,CALL,2026-12-18,NEE
NEE261218C00100000,100.0,4.2,4.0,4.55,1.0,148.0,0.26343510009765625,False,CALL,2026-12-18,NEE
NEE261218C00105000,105.0,2.91,2.7,3.55,140.0,227.0,0.26935545104980463,False,CALL,2026-12-18,NEE
NEE261218C00110000,110.0,2.06,1.84,2.59,2.0,26.0,0.2675244146728516,False,CALL,2026-12-18,NEE
NEE261218P00065000,65.0,1.63,1.34,1.74,1.0,3334.0,0.31372756591796874,False,PUT,2026-12-18,NEE
NEE261218P00070000,70.0,2.16,1.87,2.43,1.0,1300.0,0.2930978894042968,False,PUT,2026-12-18,NEE
NEE261218P00072500,72.5,3.0,2.41,2.9,1.0,109.0,0.2849802947998046,False,PUT,2026-12-18,NEE
NEE261218P00075000,75.0,3.3,2.86,3.45,1.0,44.0,0.2772899420166015,False,PUT,2026-12-18,NEE
NEE261218P00077500,77.5,3.92,3.75,4.1,1.0,195.0,0.2703930383300781,False,PUT,2026-12-18,NEE
NEE261218P00080000,80.0,4.55,4.05,4.85,2.0,184.0,0.26392337646484376,False,PUT,2026-12-18,NEE
NEE261218P00082500,82.5,6.8,5.0,6.65,1.0,17.0,0.28839822937011705,False,PUT,2026-12-18,NEE
NEE261218P00085000,85.0,6.9,5.95,7.65,2.0,24.0,0.2822947747802734,False,PUT,2026-12-18,NEE
NEE261218P00087500,87.5,11.5,7.05,8.75,4.0,29.0,0.27625235473632803,False,PUT,2026-12-18,NEE
NEE261218P00090000,90.0,13.65,8.15,10.0,4.0,7.0,0.27161372924804683,True,PUT,2026-12-18,NEE
NEE261218P00092500,92.5,15.65,9.65,11.3,61.0,0.0,0.26538820556640624,True,PUT,2026-12-18,NEE
NEE270115C00062500,62.5,25.06,26.3,28.5,1.0,603.0,0.3888000573730469,True,CALL,2027-01-15,NEE
NEE270115C00065000,65.0,25.0,24.05,26.4,2.0,673.0,0.37744763183593744,True,CALL,2027-01-15,NEE
NEE270115C00067500,67.5,19.64,22.0,24.85,1.0,182.0,0.38843385009765624,True,CALL,2027-01-15,NEE
NEE270115C00070000,70.0,20.61,20.05,22.0,2.0,14596.0,0.3414372497558594,True,CALL,2027-01-15,NEE
NEE270115C00072500,72.5,19.0,18.2,20.0,1.0,429.0,0.3299017205810546,True,CALL,2027-01-15,NEE
NEE270115C00075000,75.0,15.11,15.75,18.4,4.0,2576.0,0.3309393078613281,True,CALL,2027-01-15,NEE
NEE270115C00077500,77.5,12.95,14.4,17.0,1.0,574.0,0.33539482971191403,True,CALL,2027-01-15,NEE
NEE270115C00080000,80.0,13.45,13.35,14.2,3.0,558.0,0.2909616802978515,True,CALL,2027-01-15,NEE
NEE270115C00082500,82.5,12.0,11.7,12.9,1.0,570.0,0.2938913385009765,True,CALL,2027-01-15,NEE
NEE270115C00085000,85.0,10.85,10.05,11.65,4.0,1239.0,0.29492892578124996,True,CALL,2027-01-15,NEE
NEE270115C00087500,87.5,9.55,8.95,9.6,1.0,2583.0,0.26947752014160153,True,CALL,2027-01-15,NEE
NEE270115C00090000,90.0,8.36,7.85,8.7,39.0,2779.0,0.2751537329101562,False,CALL,2027-01-15,NEE
NEE270115C00092500,92.5,7.0,6.8,7.55,238.0,1318.0,0.27057614196777346,False,CALL,2027-01-15,NEE
NEE270115C00095000,95.0,6.0,5.4,6.85,1.0,864.0,0.2763133892822265,False,CALL,2027-01-15,NEE
NEE270115C00100000,100.0,4.35,4.25,4.75,596.0,1586.0,0.2589795782470704,False,CALL,2027-01-15,NEE
NEE270115C00105000,105.0,3.29,2.99,3.85,16.0,1105.0,0.2685009674072265,False,CALL,2027-01-15,NEE
NEE270115C00110000,110.0,2.54,2.15,2.62,47.0,529.0,0.257819921875,False,CALL,2027-01-15,NEE
NEE270115P00062500,62.5,1.74,0.89,1.81,13.0,425.0,0.33301448242187504,False,PUT,2027-01-15,NEE
NEE270115P00065000,65.0,1.78,1.62,1.85,1.0,4350.0,0.3073799731445312,False,PUT,2027-01-15,NEE
NEE270115P00067500,67.5,2.13,1.8,2.22,10.0,384.0,0.29920134399414056,False,PUT,2027-01-15,NEE
NEE270115P00070000,70.0,2.5,2.1,2.6,3.0,2823.0,0.2890696093749999,False,PUT,2027-01-15,NEE
NEE270115P00072500,72.5,3.5,2.62,3.65,2.0,624.0,0.304145142211914,False,PUT,2027-01-15,NEE
NEE270115P00075000,75.0,3.6,2.95,4.55,9.0,1147.0,0.30725790405273434,False,PUT,2027-01-15,NEE
NEE270115P00077500,77.5,4.25,3.7,5.0,5.0,1481.0,0.29090064575195307,False,PUT,2027-01-15,NEE
NEE270115P00080000,80.0,5.05,3.25,6.05,6.0,1940.0,0.29254857849121085,False,PUT,2027-01-15,NEE
NEE270115P00082500,82.5,5.95,5.7,6.7,4.0,140.0,0.27826649475097653,False,PUT,2027-01-15,NEE
NEE270115P00085000,85.0,7.02,6.75,7.3,12.0,182.0,0.26032233825683593,False,PUT,2027-01-15,NEE
NEE270115P00087500,87.5,8.0,7.8,8.8,67.0,97.0,0.2664868273925781,False,PUT,2027-01-15,NEE
NEE270115P00090000,90.0,10.83,8.4,10.3,1.0,16.0,0.26929441650390623,True,PUT,2027-01-15,NEE
NEE270115P00092500,92.5,10.35,9.9,10.75,23.0,65.0,0.2386550744628906,True,PUT,2027-01-15,NEE
NEE270115P00095000,95.0,13.85,11.4,13.0,2.0,2.0,0.25727061096191406,True,PUT,2027-01-15,NEE
NEE270115P00100000,100.0,15.6,15.15,16.35,1.0,11.0,0.25275405456542965,True,PUT,2027-01-15,NEE
NEE270115P00110000,110.0,42.11,34.0,34.4,1.0,0.0,0.5650678259277344,True,PUT,2027-01-15,NEE
NEE270219C00065000,65.0,21.55,24.5,27.5,12.0,20.0,0.4085752502441406,True,CALL,2027-02-19,NEE
NEE270219C00070000,70.0,18.83,20.4,23.5,4.0,23.0,0.3834290173339844,True,CALL,2027-02-19,NEE
NEE270219C00075000,75.0,13.17,16.6,19.75,1.0,26.0,0.36133451171875,True,CALL,2027-02-19,NEE
NEE270219C00077500,77.5,15.29,10.75,0.0,,25.0,1.0000000000000003e-05,True,CALL,2027-02-19,NEE
NEE270219C00080000,80.0,14.7,13.2,15.35,1.0,59.0,0.3129951513671875,True,CALL,2027-02-19,NEE
NEE270219C00082500,82.5,10.95,12.05,14.8,4.0,33.0,0.3364324169921875,True,CALL,2027-02-19,NEE
NEE270219C00085000,85.0,11.32,10.15,12.25,1.0,33.0,0.29846892944335934,True,CALL,2027-02-19,NEE
NEE270219C00087500,87.5,9.7,8.5,10.9,1.0,210.0,0.29340306213378897,True,CALL,2027-02-19,NEE
NEE270219C00090000,90.0,8.9,8.05,10.65,1.0,58.0,0.31641308593749995,False,CALL,2027-02-19,NEE
NEE270219C00092500,92.5,7.62,6.5,8.5,170.0,103.0,0.2843089147949218,False,CALL,2027-02-19,NEE
NEE270219C00095000,95.0,5.05,5.45,7.3,4.0,67.0,0.2760692510986328,False,CALL,2027-02-19,NEE
NEE270219C00100000,100.0,5.25,3.6,5.5,4.0,46.0,0.26892820922851557,False,CALL,2027-02-19,NEE
NEE270219C00105000,105.0,3.05,3.2,4.95,8.0,95.0,0.29016823120117186,False,CALL,2027-02-19,NEE
NEE270219C00110000,110.0,2.4,2.33,3.3,6.0,9.0,0.26984372741699214,False,CALL,2027-02-19,NEE
NEE270219P00065000,65.0,2.2,1.7,2.46,5.0,55.0,0.32459171508789053,False,PUT,2027-02-19,NEE
NEE270219P00070000,70.0,3.75,2.02,4.0,2.0,3.0,0.3334417242431641,False,PUT,2027-02-19,NEE
NEE270219P00075000,75.0,4.75,3.2,4.95,57.0,73.0,0.3069527313232422,False,PUT,2027-02-19,NEE
NEE270219P00077500,77.5,5.4,3.8,6.2,2.0,196.0,0.31653515502929686,False,PUT,2027-02-19,NEE
NEE270219P00080000,80.0,5.0,4.95,5.45,3.0,55.0,0.26032233825683593,False,PUT,2027-02-19,NEE
NEE270219P00087500,87.5,10.77,0.0,0.0,1.0,0.0,0.00196310546875,False,PUT,2027-02-19,NEE
NEE280121C00062500,62.5,29.12,27.9,30.45,1.0,9.0,0.337470004272461,True,CALL,2028-01-21,NEE
NEE280121C00065000,65.0,26.6,26.05,29.5,2.0,41.0,0.358954164428711,True,CALL,2028-01-21,NEE
NEE280121C00067500,67.5,23.49,24.3,27.5,2.0,37.0,0.34680828979492184,True,CALL,2028-01-21,NEE
NEE280121C00070000,70.0,23.96,23.5,24.8,1.0,135.0,0.3154975677490234,True,CALL,2028-01-21,NEE
NEE280121C00072500,72.5,19.0,20.85,23.25,4.0,22.0,0.31436842864990233,True,CALL,2028-01-21,NEE
NEE280121C00075000,75.0,20.29,19.0,20.85,1.0,250.0,0.2910227148437499,True,CALL,2028-01-21,NEE
NEE280121C00077500,77.5,14.27,17.75,20.2,1.0,32.0,0.3083565258789062,True,CALL,2028-01-21,NEE
NEE280121C00080000,80.0,17.5,16.4,18.65,2.0,222.0,0.30264979583740237,True,CALL,2028-01-21,NEE
NEE280121C00082500,82.5,13.5,14.9,18.2,2.0,42.0,0.31952584777832027,True,CALL,2028-01-21,NEE
NEE280121C00085000,85.0,14.83,13.55,16.0,1.0,475.0,0.2971261694335937,True,CALL,2028-01-21,NEE
NEE280121C00087500,87.5,13.0,13.25,15.9,1.0,37.0,0.31781688049316403,True,CALL,2028-01-21,NEE
NEE280121C00090000,90.0,12.85,12.05,13.5,2.0,247.0,0.28943581665039053,False,CALL,2028-01-21,NEE
NEE280121C00092500,92.5,11.45,11.2,11.7,2.0,78.0,0.27259028198242186,False,CALL,2028-01-21,NEE
NEE280121C00095000,95.0,10.52,9.2,10.75,16.0,72.0,0.27173579833984374,False,CALL,2028-01-21,NEE
NEE280121C00100000,100.0,8.72,8.35,10.05,25.0,1430.0,0.2905954730224609,False,CALL,2028-01-21,NEE
NEE280121C00105000,105.0,7.35,7.0,7.85,1.0,8564.0,0.27436028381347655,False,CALL,2028-01-21,NEE
NEE280121C00110000,110.0,5.7,5.65,6.65,1.0,285.0,0.274421318359375,False,CALL,2028-01-21,NEE
NEE280121P00062500,62.5,4.77,2.81,3.55,1.0,92.0,0.29779754943847647,False,PUT,2028-01-21,NEE
NEE280121P00065000,65.0,3.8,3.25,5.05,1.0,95.0,0.3219672296142577,False,PUT,2028-01-21,NEE
NEE280121P00067500,67.5,5.65,3.75,4.6,35.0,40.0,0.28436994934082027,False,PUT,2028-01-21,NEE
NEE280121P00070000,70.0,4.98,4.85,5.2,3.0,191.0,0.277778218383789,False,PUT,2028-01-21,NEE
NEE280121P00072500,72.5,7.88,4.0,6.85,8.0,5.0,0.2967599621582031,False,PUT,2028-01-21,NEE
NEE280121P00075000,75.0,6.27,5.65,7.4,1.0,72.0,0.2851023638916015,False,PUT,2028-01-21,NEE
NEE280121P00077500,77.5,8.4,5.5,8.4,2.0,14.0,0.28305770660400387,False,PUT,2028-01-21,NEE
NEE280121P00080000,80.0,8.25,7.45,9.25,1.0,106.0,0.27603873382568356,False,PUT,2028-01-21,NEE
NEE280121P00082500,82.5,10.65,7.0,11.5,2.0,534.0,0.2980416876220703,False,PUT,2028-01-21,NEE
NEE280121P00085000,85.0,11.0,9.35,11.3,1.0,4.0,0.26569337829589845,False,PUT,2028-01-21,NEE
NEE280121P00087500,87.5,14.5,0.0,0.0,,1.0,0.00196310546875,False,PUT,2028-01-21,NEE
NEE280121P00090000,90.0,12.59,11.65,13.75,1.0,3.0,0.2580030255126954,True,PUT,2028-01-21,NEE
NEE280121P00092500,92.5,19.06,12.95,15.05,,3.0,0.25354750366210943,True,PUT,2028-01-21,NEE
NEE280121P00100000,100.0,20.74,0.0,0.0,1.0,1.0,1.0000000000000003e-05,True,PUT,2028-01-21,NEE
NEE280121P00105000,105.0,24.14,0.0,27.55,,1.0,0.3342962078857422,True,PUT,2028-01-21,NEE
NEE280121P00110000,110.0,31.73,27.9,31.7,1.0,1.0,0.34323776885986323,True,PUT,2028-01-21,NEE
NEM260130C00090000,90.0,40.25,35.25,38.35,1.0,59.0,3.0292993017578125,True,CALL,2026-01-30,NEM
NEM260130C00091000,91.0,40.43,34.25,37.35,8.0,6.0,2.949221376953125,True,CALL,2026-01-30,NEM
NEM260130C00092000,92.0,30.43,33.25,36.35,2.0,2.0,2.86719033203125,True,CALL,2026-01-30,NEM
NEM260130C00093000,93.0,30.22,32.25,35.35,1.0,3.0,2.7890655273437504,True,CALL,2026-01-30,NEM
NEM260130C00094000,94.0,31.03,31.25,34.35,4.0,6.0,2.7089876025390627,True,CALL,2026-01-30,NEM
NEM260130C00095000,95.0,38.96,30.25,33.35,79.0,106.0,2.630862797851563,True,CALL,2026-01-30,NEM
NEM260130C00096000,96.0,18.4,29.25,32.35,2.0,19.0,2.5527379931640626,True,CALL,2026-01-30,NEM
NEM260130C00097000,97.0,28.16,28.25,31.35,10.0,38.0,2.475589748535157,True,CALL,2026-01-30,NEM
NEM260130C00098000,98.0,29.66,27.25,30.35,2.0,72.0,2.3984415039062497,True,CALL,2026-01-30,NEM
NEM260130C00099000,99.0,25.9,26.25,29.35,1.0,58.0,2.3222698193359372,True,CALL,2026-01-30,NEM
NEM260130C00100000,100.0,27.7,25.25,27.75,227.0,306.0,1.97265638671875,True,CALL,2026-01-30,NEM
NEM260130C00101000,101.0,25.36,24.25,26.9,1.0,23.0,1.9765626171875001,True,CALL,2026-01-30,NEM
NEM260130C00102000,102.0,23.35,23.25,25.85,1.0,36.0,1.8828130859374999,True,CALL,2026-01-30,NEM
NEM260130C00103000,103.0,20.32,22.25,24.55,2.0,49.0,1.6601579492187502,True,CALL,2026-01-30,NEM
NEM260130C00104000,104.0,21.1,21.25,23.6,1.0,472.0,1.62109564453125,True,CALL,2026-01-30,NEM
NEM260130C00105000,105.0,20.25,20.35,22.9,12.0,1909.0,1.7382825585937498,True,CALL,2026-01-30,NEM
NEM260130C00106000,106.0,20.38,19.25,21.55,152.0,290.0,1.46484642578125,True,CALL,2026-01-30,NEM
NEM260130C00107000,107.0,24.02,18.25,20.9,1.0,123.0,1.5585959570312498,True,CALL,2026-01-30,NEM
NEM260130C00108000,108.0,23.0,17.25,19.55,1.0,43.0,1.3359408203124996,True,CALL,2026-01-30,NEM
NEM260130C00109000,109.0,23.89,16.3,18.95,1.0,20.0,1.4570339648437498,True,CALL,2026-01-30,NEM
NEM260130C00110000,110.0,16.13,15.4,17.0,37.0,407.0,0.9648441015625,True,CALL,2026-01-30,NEM
NEM260130C00111000,111.0,14.25,14.3,16.9,2.0,42.0,1.3007847460937496,True,CALL,2026-01-30,NEM
NEM260130C00112000,112.0,14.27,13.3,16.1,1.0,31.0,1.2949254003906248,True,CALL,2026-01-30,NEM
NEM260130C00113000,113.0,13.4,12.4,14.75,5.0,47.0,1.1445355273437499,True,CALL,2026-01-30,NEM
NEM260130C00114000,114.0,13.37,12.1,13.35,11.0,217.0,1.1650432373046877,True,CALL,2026-01-30,NEM
NEM260130C00115000,115.0,11.11,11.05,12.9,5.0,233.0,1.2177773486328123,True,CALL,2026-01-30,NEM
NEM260130C00116000,116.0,9.95,9.6,11.7,14.0,47.0,0.9785158398437501,True,CALL,2026-01-30,NEM
NEM260130C00117000,117.0,16.17,8.4,10.8,3.0,120.0,0.8798840136718749,True,CALL,2026-01-30,NEM
NEM260130C00118000,118.0,7.63,7.45,9.95,81.0,129.0,0.858399853515625,True,CALL,2026-01-30,NEM
NEM260130C00119000,119.0,11.39,6.85,8.8,79.0,143.0,0.8378922460937499,True,CALL,2026-01-30,NEM
NEM260130C00120000,120.0,5.76,5.85,7.7,19.0,1321.0,0.7382838671874999,True,CALL,2026-01-30,NEM
NEM260130C00121000,121.0,12.45,5.45,7.35,9.0,222.0,0.8828136718749999,True,CALL,2026-01-30,NEM
NEM260130C00122000,122.0,5.2,4.55,6.25,44.0,201.0,0.7895528857421875,True,CALL,2026-01-30,NEM
NEM260130C00123000,123.0,4.96,4.0,5.35,227.0,1532.0,0.7763694238281251,True,CALL,2026-01-30,NEM
NEM260130C00124000,124.0,3.25,3.3,4.45,259.0,1821.0,0.72851833984375,True,CALL,2026-01-30,NEM
NEM260130C00125000,125.0,3.45,2.73,4.0,182.0,778.0,0.7485376708984376,True,CALL,2026-01-30,NEM
NEM260130C00126000,126.0,2.0,2.01,3.35,52.0,226.0,0.7050810742187501,True,CALL,2026-01-30,NEM
NEM260130C00127000,127.0,2.25,1.72,2.18,86.0,414.0,0.6337927246093751,False,CALL,2026-01-30,NEM
NEM260130C00128000,128.0,1.75,1.28,1.67,178.0,812.0,0.6123085644531252,False,CALL,2026-01-30,NEM
NEM260130C00129000,129.0,1.31,1.01,1.5,33.0,293.0,0.6455113574218749,False,CALL,2026-01-30,NEM
NEM260130C00130000,130.0,1.05,0.57,1.13,458.0,1733.0,0.6049844189453126,False,CALL,2026-01-30,NEM
NEM260130C00131000,131.0,0.66,0.43,0.82,83.0,224.0,0.6015664843750002,False,CALL,2026-01-30,NEM
NEM260130C00132000,132.0,0.42,0.4,0.57,1596.0,3464.0,0.614261669921875,False,CALL,2026-01-30,NEM
NEM260130C00133000,133.0,0.3,0.11,0.45,129.0,5436.0,0.5751995605468749,False,CALL,2026-01-30,NEM
NEM260130C00134000,134.0,0.18,0.05,0.41,121.0,484.0,0.6015664843750002,False,CALL,2026-01-30,NEM
NEM260130C00135000,135.0,0.1,0.11,0.27,601.0,358.0,0.6269568554687501,False,CALL,2026-01-30,NEM
NEM260130C00140000,140.0,0.02,0.01,0.05,46.0,2570.0,0.64062859375,False,CALL,2026-01-30,NEM
NEM260130C00150000,150.0,0.04,0.0,0.05,11.0,206.0,0.9687503125,False,CALL,2026-01-30,NEM
NEM260130C00155000,155.0,0.02,0.01,0.42,21.0,245.0,1.5312523437499999,False,CALL,2026-01-30,NEM
NEM260130P00089000,89.0,0.04,0.0,0.05,100.0,383.0,1.8437507812499998,False,PUT,2026-01-30,NEM
NEM260130P00090000,90.0,0.26,0.0,2.12,3.0,515.0,3.357423481445312,False,PUT,2026-01-30,NEM
NEM260130P00091000,91.0,0.02,0.0,2.12,1.0,28.0,3.269533076171875,False,PUT,2026-01-30,NEM
NEM260130P00092000,92.0,0.55,0.0,2.12,1.0,31.0,3.183595791015625,False,PUT,2026-01-30,NEM
NEM260130P00093000,93.0,0.1,0.0,2.12,1.0,26.0,3.097658505859375,False,PUT,2026-01-30,NEM
NEM260130P00094000,94.0,0.01,0.0,2.12,5.0,63.0,3.0126977807617186,False,PUT,2026-01-30,NEM
NEM260130P00095000,95.0,1.06,0.0,2.12,2.0,286.0,2.9277370556640623,False,PUT,2026-01-30,NEM
NEM260130P00096000,96.0,0.04,0.0,2.12,2.0,30.0,2.843752890625,False,PUT,2026-01-30,NEM
NEM260130P00097000,97.0,1.07,0.0,2.12,1.0,34.0,2.760745285644531,False,PUT,2026-01-30,NEM
NEM260130P00098000,98.0,0.02,0.0,2.12,20.0,41.0,2.6777376806640625,False,PUT,2026-01-30,NEM
NEM260130P00099000,99.0,0.01,0.0,1.18,49.0,139.0,2.236332534179687,False,PUT,2026-01-30,NEM
NEM260130P00100000,100.0,0.12,0.0,0.74,39.0,115.0,1.9492190039062502,False,PUT,2026-01-30,NEM
NEM260130P00101000,101.0,0.21,0.0,2.13,7.0,32.0,2.4345742260742185,False,PUT,2026-01-30,NEM
NEM260130P00102000,102.0,0.03,0.0,0.1,2.0,200.0,1.2890660546875,False,PUT,2026-01-30,NEM
NEM260130P00103000,103.0,0.01,0.0,0.36,10.0,50.0,1.5156274218749999,False,PUT,2026-01-30,NEM
NEM260130P00104000,104.0,0.19,0.0,0.95,1.0,62.0,1.7753917480468748,False,PUT,2026-01-30,NEM
NEM260130P00105000,105.0,0.03,0.0,0.2,21.0,407.0,1.2578162109375,False,PUT,2026-01-30,NEM
NEM260130P00106000,106.0,0.03,0.0,0.19,2.0,102.0,1.1953165234375,False,PUT,2026-01-30,NEM
NEM260130P00107000,107.0,0.04,0.0,0.07,1.0,112.0,0.98437515625,False,PUT,2026-01-30,NEM
NEM260130P00108000,108.0,0.01,0.0,0.27,1.0,154.0,1.15234798828125,False,PUT,2026-01-30,NEM
NEM260130P00109000,109.0,0.02,0.0,0.2,16.0,447.0,1.0390673046875003,False,PUT,2026-01-30,NEM
NEM260130P00110000,110.0,0.1,0.02,0.05,8.0,1702.0,0.8359391406249999,False,PUT,2026-01-30,NEM
NEM260130P00111000,111.0,0.06,0.0,0.06,10.0,379.0,0.773439765625,False,PUT,2026-01-30,NEM
NEM260130P00112000,112.0,0.01,0.0,0.43,1.0,297.0,1.01172369140625,False,PUT,2026-01-30,NEM
NEM260130P00113000,113.0,0.1,0.05,0.1,2.0,606.0,0.7773459765625,False,PUT,2026-01-30,NEM
NEM260130P00114000,114.0,0.1,0.04,0.14,9.0,298.0,0.7500025,False,PUT,2026-01-30,NEM
NEM260130P00115000,115.0,0.08,0.05,0.19,30.0,868.0,0.73437765625,False,PUT,2026-01-30,NEM
NEM260130P00116000,116.0,0.2,0.06,0.73,53.0,235.0,0.8945323046874999,False,PUT,2026-01-30,NEM
NEM260130P00117000,117.0,0.15,0.0,0.55,21.0,245.0,0.7500025,False,PUT,2026-01-30,NEM
NEM260130P00118000,118.0,0.2,0.04,0.56,75.0,649.0,0.70117486328125,False,PUT,2026-01-30,NEM
NEM260130P00119000,119.0,0.3,0.06,0.57,61.0,512.0,0.6435582519531251,False,PUT,2026-01-30,NEM
NEM260130P00120000,120.0,0.35,0.22,0.48,367.0,1005.0,0.5937540625000001,False,PUT,2026-01-30,NEM
NEM260130P00121000,121.0,0.78,0.34,1.0,12.0,371.0,0.6611362011718751,False,PUT,2026-01-30,NEM
NEM260130P00122000,122.0,0.7,0.49,0.95,117.0,272.0,0.5976602734375001,False,PUT,2026-01-30,NEM
NEM260130P00123000,123.0,1.0,0.45,1.29,119.0,333.0,0.56055126953125,False,PUT,2026-01-30,NEM
NEM260130P00124000,124.0,1.32,0.75,1.34,184.0,449.0,0.5195360546875,False,PUT,2026-01-30,NEM
NEM260130P00125000,125.0,1.2,1.28,1.67,126.0,282.0,0.534184345703125,False,PUT,2026-01-30,NEM
NEM260130P00126000,126.0,1.5,1.62,2.02,79.0,140.0,0.5034229345703125,False,PUT,2026-01-30,NEM
NEM260130P00127000,127.0,2.3,2.09,2.74,681.0,591.0,0.5185595019531251,True,PUT,2026-01-30,NEM
NEM260130P00128000,128.0,2.75,2.68,3.3,61.0,247.0,0.50586431640625,True,PUT,2026-01-30,NEM
NEM260130P00130000,130.0,5.86,3.95,4.85,27.0,99.0,0.641605146484375,True,PUT,2026-01-30,NEM
NEM260206C00089000,89.0,30.26,36.3,39.35,,1.0,1.478518232421875,True,CALL,2026-02-06,NEM
NEM260206C00090000,90.0,37.1,35.35,37.65,2.0,5.0,1.2666052294921872,True,CALL,2026-02-06,NEM
NEM260206C00091000,91.0,27.5,34.35,37.25,1.0,2.0,1.3896514892578122,True,CALL,2026-02-06,NEM
NEM260206C00092000,92.0,31.7,33.35,36.25,50.0,52.0,1.3515657421874998,True,CALL,2026-02-06,NEM
NEM260206C00093000,93.0,20.22,32.35,35.1,4.0,3.0,1.2802770361328122,True,CALL,2026-02-06,NEM
NEM260206C00094000,94.0,12.66,31.35,33.9,1.0,7.0,1.1962930810546877,True,CALL,2026-02-06,NEM
NEM260206C00095000,95.0,31.85,30.4,33.25,3.0,29.0,1.2509803076171875,True,CALL,2026-02-06,NEM
NEM260206C00096000,96.0,30.33,29.35,32.45,8.0,7.0,1.2431678466796874,True,CALL,2026-02-06,NEM
NEM260206C00098000,98.0,20.7,27.4,30.4,3.0,4.0,1.1689494677734376,True,CALL,2026-02-06,NEM
NEM260206C00099000,99.0,26.2,26.4,29.1,4.0,5.0,1.0751999365234377,True,CALL,2026-02-06,NEM
NEM260206C00100000,100.0,30.83,25.4,27.7,3.0,318.0,0.954102021484375,True,CALL,2026-02-06,NEM
NEM260206C00101000,101.0,23.92,24.4,27.55,2.0,53.0,1.083988955078125,True,CALL,2026-02-06,NEM
NEM260206C00102000,102.0,12.95,23.45,26.5,2.0,28.0,1.0473680444335938,True,CALL,2026-02-06,NEM
NEM260206C00103000,103.0,19.71,22.45,24.75,2.0,45.0,0.875977802734375,True,CALL,2026-02-06,NEM
NEM260206C00104000,104.0,19.74,21.5,23.8,2.0,119.0,0.8623060644531251,True,CALL,2026-02-06,NEM
NEM260206C00105000,105.0,22.0,21.15,22.1,17.0,69.0,0.8193377441406249,True,CALL,2026-02-06,NEM
NEM260206C00106000,106.0,27.25,19.55,21.85,2.0,33.0,0.813478427734375,True,CALL,2026-02-06,NEM
NEM260206C00107000,107.0,16.6,18.6,20.85,3.0,57.0,0.7875997802734375,True,CALL,2026-02-06,NEM
NEM260206C00108000,108.0,17.42,17.6,19.9,2.0,28.0,0.7617211328125001,True,CALL,2026-02-06,NEM
NEM260206C00109000,109.0,17.5,16.65,18.95,5.0,29.0,0.7421900781249999,True,CALL,2026-02-06,NEM
NEM260206C00110000,110.0,15.6,15.75,18.3,32.0,75.0,0.7690452783203126,True,CALL,2026-02-06,NEM
NEM260206C00111000,111.0,16.91,14.8,17.5,2.0,21.0,0.762697685546875,True,CALL,2026-02-06,NEM
NEM260206C00112000,112.0,14.1,13.9,16.3,1.0,35.0,0.7138700488281251,True,CALL,2026-02-06,NEM
NEM260206C00113000,113.0,13.3,13.0,15.7,7.0,41.0,0.7312038598632812,True,CALL,2026-02-06,NEM
NEM260206C00114000,114.0,19.45,12.05,14.4,2.0,21.0,0.6660189648437502,True,CALL,2026-02-06,NEM
NEM260206C00115000,115.0,11.3,11.4,13.4,24.0,56.0,0.6626010302734376,True,CALL,2026-02-06,NEM
NEM260206C00116000,116.0,15.58,10.35,13.25,45.0,59.0,0.6962920996093751,True,CALL,2026-02-06,NEM
NEM260206C00117000,117.0,10.43,9.5,11.3,1.0,19.0,0.5825237060546875,True,CALL,2026-02-06,NEM
NEM260206C00118000,118.0,9.13,8.7,10.95,2.0,120.0,0.6147499462890625,True,CALL,2026-02-06,NEM
NEM260206C00119000,119.0,7.85,7.9,10.55,1.0,33.0,0.6342810009765626,True,CALL,2026-02-06,NEM
NEM260206C00120000,120.0,8.77,7.55,9.4,92.0,216.0,0.6250037500000001,True,CALL,2026-02-06,NEM
NEM260206C00121000,121.0,7.71,7.45,8.25,1.0,97.0,0.6301306518554688,True,CALL,2026-02-06,NEM
NEM260206C00122000,122.0,6.84,6.6,7.8,17.0,202.0,0.6272009936523439,True,CALL,2026-02-06,NEM
NEM260206C00123000,123.0,6.76,6.3,6.95,52.0,88.0,0.6301306518554688,True,CALL,2026-02-06,NEM
NEM260206C00124000,124.0,5.72,5.35,6.65,117.0,154.0,0.622074091796875,True,CALL,2026-02-06,NEM
NEM260206C00125000,125.0,5.41,5.15,5.7,95.0,79.0,0.6167030517578126,True,CALL,2026-02-06,NEM
NEM260206C00126000,126.0,5.3,4.65,5.4,38.0,396.0,0.6296423754882813,True,CALL,2026-02-06,NEM
NEM260206C00127000,127.0,4.05,4.15,4.9,97.0,358.0,0.6254920263671876,False,CALL,2026-02-06,NEM
NEM260206C00128000,128.0,4.06,3.7,4.4,123.0,545.0,0.6206092626953126,False,CALL,2026-02-06,NEM
NEM260206C00129000,129.0,3.55,3.3,4.45,8.0,120.0,0.6501499829101562,False,CALL,2026-02-06,NEM
NEM260206C00130000,130.0,3.2,3.0,3.65,89.0,433.0,0.6276892700195313,False,CALL,2026-02-06,NEM
NEM260206C00132000,132.0,2.8,2.28,2.92,146.0,119.0,0.6191444335937502,False,CALL,2026-02-06,NEM
NEM260206C00133000,133.0,2.2,2.03,2.42,45.0,735.0,0.6069375244140626,False,CALL,2026-02-06,NEM
NEM260206C00134000,134.0,1.73,1.68,2.26,22.0,105.0,0.6074258007812501,False,CALL,2026-02-06,NEM
NEM260206C00135000,135.0,1.92,1.6,2.19,116.0,473.0,0.6325720336914062,False,CALL,2026-02-06,NEM
NEM260206C00136000,136.0,1.62,1.31,1.76,20.0,95.0,0.6093789062500001,False,CALL,2026-02-06,NEM
NEM260206C00139000,139.0,0.8,0.49,1.35,6.0,34.0,0.5883830224609375,False,CALL,2026-02-06,NEM
NEM260206C00140000,140.0,0.88,0.65,1.3,49.0,69.0,0.6284216845703126,False,CALL,2026-02-06,NEM
NEM260206C00142000,142.0,1.29,0.61,1.32,6.0,11.0,0.6816438085937502,False,CALL,2026-02-06,NEM
NEM260206P00089000,89.0,0.84,0.0,2.13,1.0,3.0,1.6259784326171873,False,PUT,2026-02-06,NEM
NEM260206P00090000,90.0,0.05,0.0,0.21,1.0,102.0,1.015629921875,False,PUT,2026-02-06,NEM
NEM260206P00091000,91.0,0.5,0.0,2.13,2.0,24.0,1.5434593139648438,False,PUT,2026-02-06,NEM
NEM260206P00092000,92.0,0.04,0.0,2.13,8.0,327.0,1.5029321728515623,False,PUT,2026-02-06,NEM
NEM260206P00093000,93.0,0.7,0.0,2.13,22.0,20.0,1.4619167529296875,False,PUT,2026-02-06,NEM
NEM260206P00094000,94.0,1.08,0.0,2.13,5.0,10.0,1.421877890625,False,PUT,2026-02-06,NEM
NEM260206P00095000,95.0,0.16,0.0,2.13,2.0,24.0,1.3818390283203121,False,PUT,2026-02-06,NEM
NEM260206P00096000,96.0,0.41,0.0,0.95,1.0,76.0,1.1064497802734377,False,PUT,2026-02-06,NEM
NEM260206P00097000,97.0,0.35,0.0,0.42,1.0,66.0,0.914063359375,False,PUT,2026-02-06,NEM
NEM260206P00098000,98.0,0.15,0.0,0.76,2.0,76.0,0.99023447265625,False,PUT,2026-02-06,NEM
NEM260206P00099000,99.0,0.25,0.0,0.1,3.0,39.0,0.6835969140625001,False,PUT,2026-02-06,NEM
NEM260206P00100000,100.0,0.08,0.0,0.76,7.0,135.0,0.9248054394531251,False,PUT,2026-02-06,NEM
NEM260206P00101000,101.0,0.91,0.0,2.0,2.0,17.0,1.1279340478515625,False,PUT,2026-02-06,NEM
NEM260206P00102000,102.0,0.1,0.0,0.75,3.0,13.0,0.85742330078125,False,PUT,2026-02-06,NEM
NEM260206P00103000,103.0,0.11,0.0,0.59,25.0,65.0,0.7851583984375,False,PUT,2026-02-06,NEM
NEM260206P00104000,104.0,0.12,0.0,0.76,20.0,68.0,0.795900478515625,False,PUT,2026-02-06,NEM
NEM260206P00105000,105.0,0.19,0.11,0.26,6.0,183.0,0.6601596484375001,False,PUT,2026-02-06,NEM
NEM260206P00106000,106.0,0.47,0.12,0.42,5.0,20.0,0.6806672558593752,False,PUT,2026-02-06,NEM
NEM260206P00107000,107.0,0.3,0.0,0.76,5.0,53.0,0.70117486328125,False,PUT,2026-02-06,NEM
NEM260206P00108000,108.0,0.25,0.05,0.75,4.0,38.0,0.6772493212890626,False,PUT,2026-02-06,NEM
NEM260206P00109000,109.0,0.22,0.05,0.75,24.0,88.0,0.6455113574218749,False,PUT,2026-02-06,NEM
NEM260206P00110000,110.0,0.48,0.17,0.48,6.0,461.0,0.584965087890625,False,PUT,2026-02-06,NEM
NEM260206P00111000,111.0,0.41,0.21,0.76,1.0,227.0,0.6113320117187502,False,PUT,2026-02-06,NEM
NEM260206P00112000,112.0,0.66,0.4,0.95,9.0,274.0,0.6342810009765626,False,PUT,2026-02-06,NEM
NEM260206P00113000,113.0,1.0,0.41,1.02,25.0,120.0,0.6098671826171876,False,PUT,2026-02-06,NEM
NEM260206P00114000,114.0,1.0,0.65,1.12,22.0,115.0,0.6152382226562501,False,PUT,2026-02-06,NEM
NEM260206P00115000,115.0,0.85,0.75,1.0,108.0,338.0,0.57617611328125,False,PUT,2026-02-06,NEM
NEM260206P00116000,116.0,1.02,0.9,1.13,120.0,481.0,0.5688519677734375,False,PUT,2026-02-06,NEM
NEM260206P00117000,117.0,1.19,1.09,1.29,548.0,94.0,0.5639692041015626,False,PUT,2026-02-06,NEM
NEM260206P00118000,118.0,1.47,1.25,1.53,41.0,195.0,0.559574716796875,False,PUT,2026-02-06,NEM
NEM260206P00119000,119.0,2.2,1.28,1.76,112.0,64.0,0.5395553857421876,False,PUT,2026-02-06,NEM
NEM260206P00120000,120.0,2.11,1.62,1.95,204.0,332.0,0.5376022802734376,False,PUT,2026-02-06,NEM
NEM260206P00121000,121.0,2.22,2.01,2.35,154.0,319.0,0.5500533276367189,False,PUT,2026-02-06,NEM
NEM260206P00122000,122.0,2.73,2.26,2.82,384.0,137.0,0.551762294921875,False,PUT,2026-02-06,NEM
NEM260206P00123000,123.0,2.89,2.67,3.4,213.0,113.0,0.5664105859375,False,PUT,2026-02-06,NEM
NEM260206P00124000,124.0,3.6,3.05,3.65,81.0,110.0,0.5520064331054688,False,PUT,2026-02-06,NEM
NEM260206P00125000,125.0,3.7,3.6,4.0,197.0,172.0,0.5510298803710938,False,PUT,2026-02-06,NEM
NEM260206P00126000,126.0,4.0,3.75,4.45,28.0,146.0,0.526371923828125,False,PUT,2026-02-06,NEM
NEM260206P00128000,128.0,5.68,5.05,5.8,57.0,33.0,0.5549360913085939,True,PUT,2026-02-06,NEM
NEM260206P00129000,129.0,5.85,5.4,6.3,3.0,32.0,0.5319871020507813,True,PUT,2026-02-06,NEM
NEM260213C00090000,90.0,36.45,35.45,38.25,8.0,57.0,1.087895185546875,True,CALL,2026-02-13,NEM
NEM260213C00093000,93.0,22.1,32.5,34.95,1.0,5.0,0.9599613378906249,True,CALL,2026-02-13,NEM
NEM260213C00094000,94.0,19.05,31.5,33.85,,5.0,0.9150399121093751,True,CALL,2026-02-13,NEM
NEM260213C00098000,98.0,25.64,27.6,29.9,1.0,0.0,0.8330094824218748,True,CALL,2026-02-13,NEM
NEM260213C00099000,99.0,24.67,26.65,29.1,1.0,0.0,0.8422867333984375,True,CALL,2026-02-13,NEM
NEM260213C00100000,100.0,24.78,25.65,27.95,30.0,104.0,0.7939473730468749,True,CALL,2026-02-13,NEM
NEM260213C00101000,101.0,25.74,24.7,27.5,2.0,18.0,0.8432632861328124,True,CALL,2026-02-13,NEM
NEM260213C00102000,102.0,24.7,23.75,26.6,4.0,7.0,0.8320329296874999,True,CALL,2026-02-13,NEM
NEM260213C00103000,103.0,23.41,22.8,25.1,2.0,7.0,0.75195560546875,True,CALL,2026-02-13,NEM
NEM260213C00104000,104.0,22.46,21.85,24.15,2.0,29.0,0.7360866235351562,True,CALL,2026-02-13,NEM
NEM260213C00105000,105.0,21.08,20.9,23.2,3.0,25.0,0.719729365234375,True,CALL,2026-02-13,NEM
NEM260213C00106000,106.0,10.4,19.95,22.3,3.0,16.0,0.7075224560546876,True,CALL,2026-02-13,NEM
NEM260213C00107000,107.0,23.15,19.05,21.4,1.0,12.0,0.6992217578125001,True,CALL,2026-02-13,NEM
NEM260213C00108000,108.0,22.95,18.1,20.0,3.0,6.0,0.6367223828125,True,CALL,2026-02-13,NEM
NEM260213C00109000,109.0,17.5,17.45,19.9,1.0,10.0,0.7202176416015625,True,CALL,2026-02-13,NEM
NEM260213C00110000,110.0,16.48,16.3,19.0,2.0,61.0,0.68555001953125,True,CALL,2026-02-13,NEM
NEM260213C00111000,111.0,16.46,15.4,18.35,5.0,5.0,0.689700368652344,True,CALL,2026-02-13,NEM
NEM260213C00112000,112.0,19.92,14.6,16.95,2.0,48.0,0.6435582519531251,True,CALL,2026-02-13,NEM
NEM260213C00113000,113.0,12.95,13.7,16.2,41.0,326.0,0.637698935546875,True,CALL,2026-02-13,NEM
NEM260213C00114000,114.0,14.4,13.5,15.3,15.0,39.0,0.6660189648437502,True,CALL,2026-02-13,NEM
NEM260213C00115000,115.0,13.7,12.8,14.6,32.0,109.0,0.6701693139648439,True,CALL,2026-02-13,NEM
NEM260213C00116000,116.0,12.82,11.95,13.7,20.0,49.0,0.6506382592773439,True,CALL,2026-02-13,NEM
NEM260213C00117000,117.0,10.93,10.75,12.95,1.0,76.0,0.6181678808593751,True,CALL,2026-02-13,NEM
NEM260213C00118000,118.0,10.78,10.7,12.2,2.0,18.0,0.6500279138183593,True,CALL,2026-02-13,NEM
NEM260213C00119000,119.0,10.03,10.2,11.15,16.0,20.0,0.6367223828125,True,CALL,2026-02-13,NEM
NEM260213C00120000,120.0,9.17,9.55,10.7,29.0,130.0,0.6452672192382812,True,CALL,2026-02-13,NEM
NEM260213C00121000,121.0,12.76,8.1,10.15,45.0,45.0,0.6051064880371095,True,CALL,2026-02-13,NEM
NEM260213C00122000,122.0,7.94,8.35,9.35,32.0,75.0,0.6367223828125,True,CALL,2026-02-13,NEM
NEM260213C00123000,123.0,7.95,7.7,8.8,27.0,876.0,0.632816171875,True,CALL,2026-02-13,NEM
NEM260213C00124000,124.0,7.05,6.8,8.2,24.0,58.0,0.6120644262695314,True,CALL,2026-02-13,NEM
NEM260213C00125000,125.0,7.49,6.65,7.85,69.0,162.0,0.6374547973632813,True,CALL,2026-02-13,NEM
NEM260213C00126000,126.0,6.4,5.7,7.25,10.0,182.0,0.6101113208007813,True,CALL,2026-02-13,NEM
NEM260213C00127000,127.0,5.6,5.7,6.7,5.0,41.0,0.6281775463867189,False,CALL,2026-02-13,NEM
NEM260213C00128000,128.0,4.92,4.95,6.25,8.0,16.0,0.6130409790039064,False,CALL,2026-02-13,NEM
NEM260213C00129000,129.0,4.45,4.9,5.8,4.0,32.0,0.6289099609375001,False,CALL,2026-02-13,NEM
NEM260213C00130000,130.0,4.99,4.45,5.15,202.0,264.0,0.6140175317382813,False,CALL,2026-02-13,NEM
NEM260213C00131000,131.0,4.8,4.1,4.9,3.0,63.0,0.6208534008789064,False,CALL,2026-02-13,NEM
NEM260213C00132000,132.0,3.65,3.7,4.45,15.0,8.0,0.6132851171875001,False,CALL,2026-02-13,NEM
NEM260213C00133000,133.0,3.5,3.2,4.2,15.0,44.0,0.608524422607422,False,CALL,2026-02-13,NEM
NEM260213C00134000,134.0,3.32,2.86,3.8,48.0,18.0,0.601810622558594,False,CALL,2026-02-13,NEM
NEM260213C00135000,135.0,2.7,2.82,3.45,90.0,594.0,0.6110878735351564,False,CALL,2026-02-13,NEM
NEM260213C00140000,140.0,1.98,1.64,2.25,151.0,439.0,0.6064492480468751,False,CALL,2026-02-13,NEM
NEM260213C00145000,145.0,1.26,0.93,1.65,16.0,52.0,0.6242713354492189,False,CALL,2026-02-13,NEM
NEM260213C00150000,150.0,1.3,0.67,1.07,257.0,24.0,0.6445348046875,False,CALL,2026-02-13,NEM
NEM260213C00155000,155.0,0.38,0.31,1.63,9.0,43.0,0.7502466381835937,False,CALL,2026-02-13,NEM
NEM260213C00160000,160.0,0.58,0.2,0.94,3.0,7.0,0.7338893798828124,False,CALL,2026-02-13,NEM
NEM260213P00089000,89.0,0.14,0.0,0.76,2.0,3.0,0.971679970703125,False,PUT,2026-02-13,NEM
NEM260213P00090000,90.0,0.3,0.0,0.76,9.0,204.0,0.945313046875,False,PUT,2026-02-13,NEM
NEM260213P00091000,91.0,0.69,0.0,0.75,,2.0,0.9169930175781251,False,PUT,2026-02-13,NEM
NEM260213P00092000,92.0,0.39,0.0,0.76,1.0,11.0,0.893555751953125,False,PUT,2026-02-13,NEM
NEM260213P00093000,93.0,0.08,0.0,0.76,1.0,28.0,0.868165380859375,False,PUT,2026-02-13,NEM
NEM260213P00094000,94.0,0.38,0.0,0.75,15.0,39.0,0.8398453515625,False,PUT,2026-02-13,NEM
NEM260213P00095000,95.0,0.22,0.0,0.35,10.0,64.0,0.70898728515625,False,PUT,2026-02-13,NEM
NEM260213P00096000,96.0,0.22,0.0,0.75,2.0,3.0,0.790041162109375,False,PUT,2026-02-13,NEM
NEM260213P00097000,97.0,0.37,0.0,0.75,1.0,11.0,0.7651390673828126,False,PUT,2026-02-13,NEM
NEM260213P00098000,98.0,0.1,0.0,0.54,3.0,56.0,0.694338994140625,False,PUT,2026-02-13,NEM
NEM260213P00099000,99.0,0.24,0.0,0.95,1.0,42.0,0.752932158203125,False,PUT,2026-02-13,NEM
NEM260213P00100000,100.0,0.37,0.1,0.39,3.0,217.0,0.6357458300781251,False,PUT,2026-02-13,NEM
NEM260213P00101000,101.0,0.35,0.0,0.76,1.0,93.0,0.6689486230468751,False,PUT,2026-02-13,NEM
NEM260213P00102000,102.0,0.34,0.0,0.69,1.0,170.0,0.631839619140625,False,PUT,2026-02-13,NEM
NEM260213P00103000,103.0,0.42,0.13,0.66,20.0,104.0,0.6259803027343751,False,PUT,2026-02-13,NEM
NEM260213P00104000,104.0,0.35,0.19,0.75,8.0,58.0,0.6259803027343751,False,PUT,2026-02-13,NEM
NEM260213P00105000,105.0,0.3,0.3,0.71,2.0,241.0,0.6118202880859377,False,PUT,2026-02-13,NEM
NEM260213P00106000,106.0,0.57,0.28,0.91,6.0,128.0,0.6113320117187502,False,PUT,2026-02-13,NEM
NEM260213P00107000,107.0,0.65,0.52,0.85,40.0,1912.0,0.6079140771484376,False,PUT,2026-02-13,NEM
NEM260213P00108000,108.0,0.8,0.47,1.12,3.0,74.0,0.6064492480468751,False,PUT,2026-02-13,NEM
NEM260213P00109000,109.0,0.88,0.59,1.26,2.0,65.0,0.6062051098632814,False,PUT,2026-02-13,NEM
NEM260213P00110000,110.0,1.05,0.74,1.24,29.0,233.0,0.5910685424804689,False,PUT,2026-02-13,NEM
NEM260213P00111000,111.0,0.64,0.94,1.57,3.0,32.0,0.6093789062500001,False,PUT,2026-02-13,NEM
NEM260213P00112000,112.0,1.35,1.04,1.88,4.0,258.0,0.6127968408203126,False,PUT,2026-02-13,NEM
NEM260213P00113000,113.0,1.6,1.17,1.79,2.0,238.0,0.5854533642578125,False,PUT,2026-02-13,NEM
NEM260213P00114000,114.0,1.72,1.2,1.92,2.0,76.0,0.5666547241210937,False,PUT,2026-02-13,NEM
NEM260213P00115000,115.0,1.94,1.47,2.23,12.0,80.0,0.5754436987304687,False,PUT,2026-02-13,NEM
NEM260213P00116000,116.0,2.12,1.83,2.6,2.0,29.0,0.5896037133789063,False,PUT,2026-02-13,NEM
NEM260213P00117000,117.0,2.4,1.96,2.88,7.0,78.0,0.5805706005859376,False,PUT,2026-02-13,NEM
NEM260213P00118000,118.0,1.41,2.2,3.05,104.0,108.0,0.5695843823242188,False,PUT,2026-02-13,NEM
NEM260213P00119000,119.0,3.3,2.61,4.05,1.0,18.0,0.6113320117187502,False,PUT,2026-02-13,NEM
NEM260213P00120000,120.0,3.18,2.65,3.55,105.0,105.0,0.5488326367187502,False,PUT,2026-02-13,NEM
NEM260213P00122000,122.0,4.27,3.6,4.65,1.0,26.0,0.5751995605468749,False,PUT,2026-02-13,NEM
NEM260213P00123000,123.0,4.79,3.95,4.8,2.0,47.0,0.5576216113281252,False,PUT,2026-02-13,NEM
NEM260213P00124000,124.0,5.1,4.45,6.2,10.0,29.0,0.6059609716796877,False,PUT,2026-02-13,NEM
NEM260213P00125000,125.0,5.06,4.7,5.7,18.0,35.0,0.5474898767089844,False,PUT,2026-02-13,NEM
NEM260213P00126000,126.0,6.1,5.2,6.75,59.0,274.0,0.5730023168945313,False,PUT,2026-02-13,NEM
NEM260213P00127000,127.0,3.26,5.9,6.8,1.0,38.0,0.5578657495117189,True,PUT,2026-02-13,NEM
NEM260213P00128000,128.0,3.5,6.2,7.2,1.0,83.0,0.5378464184570313,True,PUT,2026-02-13,NEM
NEM260213P00129000,129.0,6.0,7.0,8.4,10.0,45.0,0.5773968041992188,True,PUT,2026-02-13,NEM
NEM260213P00130000,130.0,8.35,7.2,8.3,25.0,15.0,0.5230760583496092,True,PUT,2026-02-13,NEM
NEM260220C00090000,90.0,35.5,35.65,37.95,1.0,1725.0,0.8906260937499999,True,CALL,2026-02-20,NEM
NEM260220C00092500,92.5,33.6,33.2,35.5,3.0,503.0,0.8447281152343749,True,CALL,2026-02-20,NEM
NEM260220C00095000,95.0,37.27,31.6,33.45,151.0,1065.0,0.9333502758789063,True,CALL,2026-02-20,NEM
NEM260220C00097500,97.5,29.95,28.55,31.0,1.0,265.0,0.8208025732421874,True,CALL,2026-02-20,NEM
NEM260220C00100000,100.0,26.4,26.3,28.6,121.0,1186.0,0.79101771484375,True,CALL,2026-02-20,NEM
NEM260220C00102000,102.0,21.41,24.25,26.6,,1.0,0.7368190380859375,True,CALL,2026-02-20,NEM
NEM260220C00103000,103.0,26.3,23.3,25.65,1.0,12.0,0.7202176416015625,True,CALL,2026-02-20,NEM
NEM260220C00104000,104.0,16.18,22.45,25.0,,1.0,0.7341335180664061,True,CALL,2026-02-20,NEM
NEM260220C00105000,105.0,22.74,21.95,23.85,8.0,934.0,0.7338893798828124,True,CALL,2026-02-20,NEM
NEM260220C00106000,106.0,25.14,20.65,23.05,2.0,3.0,0.7006865869140625,True,CALL,2026-02-20,NEM
NEM260220C00107000,107.0,23.03,19.75,22.2,1.0,2.0,0.6918976123046876,True,CALL,2026-02-20,NEM
NEM260220C00108000,108.0,16.25,18.95,21.35,,5.0,0.6882355395507813,True,CALL,2026-02-20,NEM
NEM260220C00109000,109.0,16.69,18.05,20.55,1.0,1.0,0.6801789794921876,True,CALL,2026-02-20,NEM
NEM260220C00110000,110.0,18.73,17.35,19.6,133.0,2471.0,0.6738313867187502,True,CALL,2026-02-20,NEM
NEM260220C00111000,111.0,20.77,16.45,18.95,2.0,5.0,0.6718782812500002,True,CALL,2026-02-20,NEM
NEM260220C00112000,112.0,21.72,16.0,18.15,10.0,27.0,0.6843293286132813,True,CALL,2026-02-20,NEM
NEM260220C00113000,113.0,12.75,14.9,17.35,7.0,16.0,0.6604037866210939,True,CALL,2026-02-20,NEM
NEM260220C00114000,114.0,14.62,14.1,16.55,1.0,3.0,0.6511265356445313,True,CALL,2026-02-20,NEM
NEM260220C00115000,115.0,15.09,14.55,15.65,153.0,2871.0,0.6965362377929689,True,CALL,2026-02-20,NEM
NEM260220C00116000,116.0,18.28,13.15,15.0,5.0,14.0,0.6626010302734376,True,CALL,2026-02-20,NEM
NEM260220C00117000,117.0,17.44,12.4,14.2,44.0,27.0,0.6513706738281251,True,CALL,2026-02-20,NEM
NEM260220C00118000,118.0,13.1,12.4,13.8,16.0,101.0,0.6903107141113283,True,CALL,2026-02-20,NEM
NEM260220C00119000,119.0,10.41,11.0,13.45,2.0,33.0,0.6671175866699222,True,CALL,2026-02-20,NEM
NEM260220C00120000,120.0,11.7,11.2,12.15,410.0,2991.0,0.6709017285156251,True,CALL,2026-02-20,NEM
NEM260220C00121000,121.0,10.85,10.55,11.55,50.0,34.0,0.6666293103027345,True,CALL,2026-02-20,NEM
NEM260220C00122000,122.0,9.95,10.0,11.2,3.0,94.0,0.6752962158203126,True,CALL,2026-02-20,NEM
NEM260220C00123000,123.0,9.51,9.55,10.5,238.0,306.0,0.6720003503417971,True,CALL,2026-02-20,NEM
NEM260220C00124000,124.0,8.4,9.05,9.85,31.0,63.0,0.667239655761719,True,CALL,2026-02-20,NEM
NEM260220C00125000,125.0,8.9,8.65,9.05,865.0,1552.0,0.6590610266113281,True,CALL,2026-02-20,NEM
NEM260220C00130000,130.0,6.7,6.55,6.7,1386.0,2159.0,0.6575961975097657,False,CALL,2026-02-20,NEM
NEM260220C00135000,135.0,5.1,4.6,5.15,319.0,2334.0,0.6583286120605469,False,CALL,2026-02-20,NEM
NEM260220C00140000,140.0,3.45,3.35,3.65,553.0,1425.0,0.6574741284179688,False,CALL,2026-02-20,NEM
NEM260220C00145000,145.0,2.44,2.15,2.72,116.0,676.0,0.6536899865722658,False,CALL,2026-02-20,NEM
NEM260220C00150000,150.0,1.95,1.65,1.87,781.0,751.0,0.6635775830078127,False,CALL,2026-02-20,NEM
NEM260220C00155000,155.0,1.08,0.95,1.49,8.0,562.0,0.6657748266601564,False,CALL,2026-02-20,NEM
NEM260220C00160000,160.0,0.94,0.79,1.15,40.0,64.0,0.6928741650390625,False,CALL,2026-02-20,NEM
NEM260220P00090000,90.0,0.15,0.08,0.32,24.0,720.0,0.702151416015625,False,PUT,2026-02-20,NEM
NEM260220P00092500,92.5,0.22,0.01,0.41,3.0,3200.0,0.65820654296875,False,PUT,2026-02-20,NEM
NEM260220P00095000,95.0,0.3,0.18,0.49,141.0,686.0,0.6650424121093752,False,PUT,2026-02-20,NEM
NEM260220P00097500,97.5,0.56,0.23,0.94,6.0,738.0,0.6914093359375001,False,PUT,2026-02-20,NEM
NEM260220P00100000,100.0,0.61,0.41,0.8,55.0,1867.0,0.641605146484375,False,PUT,2026-02-20,NEM
NEM260220P00101000,101.0,0.57,0.14,0.98,4.0,6.0,0.6088906298828126,False,PUT,2026-02-20,NEM
NEM260220P00102000,102.0,0.61,0.42,1.17,5.0,9.0,0.64062859375,False,PUT,2026-02-20,NEM
NEM260220P00103000,103.0,1.0,0.7,1.3,1.0,197.0,0.65820654296875,False,PUT,2026-02-20,NEM
NEM260220P00104000,104.0,1.01,0.77,1.32,1.0,14.0,0.6428258374023439,False,PUT,2026-02-20,NEM
NEM260220P00105000,105.0,1.1,0.97,1.24,59.0,1931.0,0.6293982373046876,False,PUT,2026-02-20,NEM
NEM260220P00106000,106.0,1.27,1.08,1.77,470.0,70.0,0.6562534375000001,False,PUT,2026-02-20,NEM
NEM260220P00107000,107.0,0.94,1.15,1.87,3.0,132.0,0.6438023901367188,False,PUT,2026-02-20,NEM
NEM260220P00108000,108.0,1.58,1.37,1.81,1.0,125.0,0.629886513671875,False,PUT,2026-02-20,NEM
NEM260220P00109000,109.0,1.12,1.5,2.23,6.0,95.0,0.64062859375,False,PUT,2026-02-20,NEM
NEM260220P00110000,110.0,1.87,1.73,1.95,537.0,4641.0,0.6110878735351564,False,PUT,2026-02-20,NEM
NEM260220P00111000,111.0,1.35,1.86,2.52,4.0,262.0,0.6269568554687501,False,PUT,2026-02-20,NEM
NEM260220P00112000,112.0,2.42,2.15,2.39,31.0,138.0,0.6088906298828126,False,PUT,2026-02-20,NEM
NEM260220P00113000,113.0,3.17,2.31,2.62,7.0,51.0,0.602787175292969,False,PUT,2026-02-20,NEM
NEM260220P00114000,114.0,1.75,2.54,2.88,5.0,84.0,0.6003457934570313,False,PUT,2026-02-20,NEM
NEM260220P00115000,115.0,3.0,3.0,3.2,683.0,2309.0,0.6108437353515627,False,PUT,2026-02-20,NEM
NEM260220P00116000,116.0,3.24,3.15,3.45,3.0,75.0,0.6003457934570313,False,PUT,2026-02-20,NEM
NEM260220P00117000,117.0,2.7,3.35,4.3,14.0,119.0,0.6189002954101563,False,PUT,2026-02-20,NEM
NEM260220P00118000,118.0,4.13,3.65,4.45,19.0,38.0,0.6073037316894532,False,PUT,2026-02-20,NEM
NEM260220P00119000,119.0,4.8,4.05,4.8,17.0,121.0,0.6077920080566408,False,PUT,2026-02-20,NEM
NEM260220P00120000,120.0,4.55,4.55,4.95,1391.0,1295.0,0.6020547607421877,False,PUT,2026-02-20,NEM
NEM260220P00121000,121.0,5.9,5.0,5.35,3.0,55.0,0.6032754516601564,False,PUT,2026-02-20,NEM
NEM260220P00122000,122.0,5.6,5.3,5.9,14.0,71.0,0.602787175292969,False,PUT,2026-02-20,NEM
NEM260220P00123000,123.0,6.1,5.6,6.3,21.0,143.0,0.5942423388671876,False,PUT,2026-02-20,NEM
NEM260220P00124000,124.0,7.04,6.1,6.75,16.0,132.0,0.5944864770507813,False,PUT,2026-02-20,NEM
NEM260220P00125000,125.0,6.85,6.7,6.85,86.0,322.0,0.5827678442382812,False,PUT,2026-02-20,NEM
NEM260220P00130000,130.0,9.55,9.45,9.8,35.0,108.0,0.5875285388183593,True,PUT,2026-02-20,NEM
NEM260220P00135000,135.0,12.5,12.5,13.3,12.0,18.0,0.5861857788085938,True,PUT,2026-02-20,NEM
NEM260220P00150000,150.0,45.15,23.85,26.4,,1.0,0.5949747534179688,True,PUT,2026-02-20,NEM
NEM260227C00090000,90.0,25.36,35.8,38.85,,5.0,0.8959971337890623,True,CALL,2026-02-27,NEM
NEM260227C00099000,99.0,17.11,27.25,30.4,,1.0,0.7709983837890625,True,CALL,2026-02-27,NEM
NEM260227C00100000,100.0,30.53,26.35,29.1,5.0,68.0,0.7336452416992187,True,CALL,2026-02-27,NEM
NEM260227C00101000,101.0,25.65,25.5,28.2,2.0,4.0,0.7282742016601562,True,CALL,2026-02-27,NEM
NEM260227C00103000,103.0,14.15,23.7,26.35,,2.0,0.7048369360351563,True,CALL,2026-02-27,NEM
NEM260227C00105000,105.0,20.77,22.0,24.4,2.0,11.0,0.6792024267578126,True,CALL,2026-02-27,NEM
NEM260227C00106000,106.0,8.87,21.15,23.85,,21.0,0.689700368652344,True,CALL,2026-02-27,NEM
NEM260227C00107000,107.0,22.28,20.3,22.75,1.0,11.0,0.6682162084960939,True,CALL,2026-02-27,NEM
NEM260227C00108000,108.0,10.4,19.5,22.3,,4.0,0.6831086376953126,True,CALL,2026-02-27,NEM
NEM260227C00109000,109.0,26.48,18.7,21.2,2.0,3.0,0.6630893066406252,True,CALL,2026-02-27,NEM
NEM260227C00110000,110.0,19.4,18.15,20.3,26.0,546.0,0.6647982739257814,True,CALL,2026-02-27,NEM
NEM260227C00111000,111.0,8.98,17.15,19.65,4.0,4.0,0.6553989538574221,True,CALL,2026-02-27,NEM
NEM260227C00112000,112.0,23.61,16.4,18.8,3.0,59.0,0.647464462890625,True,CALL,2026-02-27,NEM
NEM260227C00113000,113.0,18.25,15.65,18.05,1.0,13.0,0.6430699755859376,True,CALL,2026-02-27,NEM
NEM260227C00114000,114.0,15.3,14.95,17.6,2.0,12.0,0.6523472265625001,True,CALL,2026-02-27,NEM
NEM260227C00115000,115.0,13.94,14.45,16.6,3.0,117.0,0.6452672192382812,True,CALL,2026-02-27,NEM
NEM260227C00116000,116.0,16.5,14.05,15.8,1.0,26.0,0.6491734301757812,True,CALL,2026-02-27,NEM
NEM260227C00117000,117.0,17.15,13.75,14.9,1.0,19.0,0.6516148120117189,True,CALL,2026-02-27,NEM
NEM260227C00118000,118.0,18.76,12.3,14.85,4.0,69.0,0.6411168701171875,True,CALL,2026-02-27,NEM
NEM260227C00119000,119.0,10.75,12.05,13.9,2.0,93.0,0.6408727319335938,True,CALL,2026-02-27,NEM
NEM260227C00120000,120.0,16.4,11.4,13.1,10.0,215.0,0.6301306518554688,True,CALL,2026-02-27,NEM
NEM260227C00121000,121.0,13.18,11.6,12.7,4.0,10.0,0.6639437902832033,True,CALL,2026-02-27,NEM
NEM260227C00122000,122.0,11.01,9.85,12.55,3.0,18.0,0.6345251391601563,True,CALL,2026-02-27,NEM
NEM260227C00123000,123.0,10.49,9.8,11.85,3.0,61.0,0.645389288330078,True,CALL,2026-02-27,NEM
NEM260227C00124000,124.0,10.35,9.7,10.85,6.0,9.0,0.6424596301269532,True,CALL,2026-02-27,NEM
NEM260227C00125000,125.0,8.85,9.35,10.6,13.0,101.0,0.6557651611328126,True,CALL,2026-02-27,NEM
NEM260227C00126000,126.0,9.0,8.3,10.0,53.0,79.0,0.6313513427734375,True,CALL,2026-02-27,NEM
NEM260227C00127000,127.0,9.1,8.5,9.05,26.0,76.0,0.6369665209960937,False,CALL,2026-02-27,NEM
NEM260227C00128000,128.0,7.3,7.75,9.05,1.0,47.0,0.6414830773925781,False,CALL,2026-02-27,NEM
NEM260227C00130000,130.0,7.0,7.25,8.2,547.0,152.0,0.6523472265625001,False,CALL,2026-02-27,NEM
NEM260227C00133000,133.0,6.07,5.65,7.1,9.0,11.0,0.6366003137207032,False,CALL,2026-02-27,NEM
NEM260227C00135000,135.0,5.5,5.1,6.8,21.0,549.0,0.6543003320312502,False,CALL,2026-02-27,NEM
NEM260227C00140000,140.0,3.85,3.9,4.75,89.0,243.0,0.6408727319335938,False,CALL,2026-02-27,NEM
NEM260227C00145000,145.0,2.9,2.6,3.75,11.0,20.0,0.63867548828125,False,CALL,2026-02-27,NEM
NEM260227C00150000,150.0,2.84,1.9,2.8,30.0,227.0,0.6423375610351563,False,CALL,2026-02-27,NEM
NEM260227C00155000,155.0,2.74,1.06,2.17,1.0,13.0,0.632816171875,False,CALL,2026-02-27,NEM
NEM260227C00160000,160.0,2.1,0.93,1.94,3.0,15.0,0.6735872485351564,False,CALL,2026-02-27,NEM
NEM260227P00090000,90.0,0.38,0.0,0.75,1.0,44.0,0.6884796777343751,False,PUT,2026-02-27,NEM
NEM260227P00092000,92.0,0.89,0.0,0.95,,5.0,0.6826203613281252,False,PUT,2026-02-27,NEM
NEM260227P00093000,93.0,0.37,0.0,0.96,7.0,22.0,0.6650424121093752,False,PUT,2026-02-27,NEM
NEM260227P00094000,94.0,1.05,0.0,0.96,2.0,8.0,0.6455113574218749,False,PUT,2026-02-27,NEM
NEM260227P00095000,95.0,0.56,0.3,0.75,4.0,28.0,0.63867548828125,False,PUT,2026-02-27,NEM
NEM260227P00096000,96.0,1.5,0.0,1.16,2.0,4.0,0.6333044482421876,False,PUT,2026-02-27,NEM
NEM260227P00097000,97.0,1.01,0.03,1.18,2.0,5.0,0.6201209863281252,False,PUT,2026-02-27,NEM
NEM260227P00098000,98.0,0.65,0.35,1.23,4.0,14.0,0.6403844555664062,False,PUT,2026-02-27,NEM
NEM260227P00099000,99.0,0.62,0.57,1.2,1.0,4.0,0.63867548828125,False,PUT,2026-02-27,NEM
NEM260227P00100000,100.0,0.98,0.17,1.52,2.0,53.0,0.610599597167969,False,PUT,2026-02-27,NEM
NEM260227P00101000,101.0,2.42,0.22,1.57,,22.0,0.5996133789062501,False,PUT,2026-02-27,NEM
NEM260227P00102000,102.0,1.0,0.15,1.5,1.0,10.0,0.5666547241210937,False,PUT,2026-02-27,NEM
NEM260227P00103000,103.0,1.2,0.37,1.65,1.0,19.0,0.57812921875,False,PUT,2026-02-27,NEM
NEM260227P00104000,104.0,1.31,0.3,2.05,1.0,6.0,0.5827678442382812,False,PUT,2026-02-27,NEM
NEM260227P00105000,105.0,1.78,1.18,2.09,2.0,72.0,0.6242713354492189,False,PUT,2026-02-27,NEM
NEM260227P00106000,106.0,1.2,1.35,2.32,7.0,21.0,0.6264685791015626,False,PUT,2026-02-27,NEM
NEM260227P00107000,107.0,1.22,0.65,2.42,2.0,7.0,0.5668988623046876,False,PUT,2026-02-27,NEM
NEM260227P00108000,108.0,1.52,1.05,2.72,2.0,36.0,0.5861857788085938,False,PUT,2026-02-27,NEM
NEM260227P00109000,109.0,1.62,1.55,2.91,7.0,10.0,0.6010782080078126,False,PUT,2026-02-27,NEM
NEM260227P00110000,110.0,2.5,1.97,2.93,32.0,97.0,0.5998575170898439,False,PUT,2026-02-27,NEM
NEM260227P00111000,111.0,2.3,2.38,3.45,4.0,17.0,0.6208534008789064,False,PUT,2026-02-27,NEM
NEM260227P00112000,112.0,2.42,2.35,3.75,2.0,16.0,0.6081582153320313,False,PUT,2026-02-27,NEM
NEM260227P00113000,113.0,1.73,2.15,3.85,15.0,20.0,0.5777630114746093,False,PUT,2026-02-27,NEM
NEM260227P00114000,114.0,3.6,2.6,4.0,9.0,19.0,0.5786174951171875,False,PUT,2026-02-27,NEM
NEM260227P00115000,115.0,3.68,3.45,4.2,17.0,29.0,0.5969278588867188,False,PUT,2026-02-27,NEM
NEM260227P00116000,116.0,3.46,3.6,4.9,4.0,20.0,0.6043740734863283,False,PUT,2026-02-27,NEM
NEM260227P00117000,117.0,4.92,4.0,5.3,2.0,8.0,0.6079140771484376,False,PUT,2026-02-27,NEM
NEM260227P00118000,118.0,2.78,3.95,5.35,12.0,37.0,0.5788616333007812,False,PUT,2026-02-27,NEM
NEM260227P00120000,120.0,5.89,5.2,6.35,3.0,168.0,0.6038857971191409,False,PUT,2026-02-27,NEM
NEM260227P00122000,122.0,6.56,6.0,6.95,4.0,6.0,0.590946473388672,False,PUT,2026-02-27,NEM
NEM260227P00123000,123.0,5.4,6.25,8.0,1.0,58.0,0.6041299353027345,False,PUT,2026-02-27,NEM
NEM260227P00125000,125.0,8.25,7.15,8.35,23.0,4.0,0.5784954260253907,False,PUT,2026-02-27,NEM
NEM260227P00126000,126.0,8.83,7.6,8.8,50.0,1.0,0.5736126623535156,False,PUT,2026-02-27,NEM
NEM260227P00127000,127.0,9.3,8.45,9.95,2.0,60.0,0.6054726953125001,True,PUT,2026-02-27,NEM
NEM260227P00128000,128.0,9.65,8.8,10.0,1.0,1.0,0.5805706005859376,True,PUT,2026-02-27,NEM
NEM260227P00129000,129.0,10.12,9.45,10.45,2.0,9.0,0.5786174951171875,True,PUT,2026-02-27,NEM
NEM260227P00130000,130.0,10.79,10.0,11.75,1.0,10.0,0.6015664843750002,True,PUT,2026-02-27,NEM
NEM260227P00131000,131.0,12.27,10.7,11.9,1.0,1.0,0.5885050915527343,True,PUT,2026-02-27,NEM
NEM260227P00132000,132.0,9.2,11.15,12.7,7.0,7.0,0.5881388842773438,True,PUT,2026-02-27,NEM
NEM260227P00133000,133.0,12.56,11.55,13.65,2.0,9.0,0.5902140588378908,True,PUT,2026-02-27,NEM
NEM260227P00150000,150.0,27.5,24.4,26.7,1.0,1.0,0.5710492114257812,True,PUT,2026-02-27,NEM
NEM260306C00106000,106.0,26.28,21.5,23.95,1.0,1.0,0.6442906665039063,True,CALL,2026-03-06,NEM
NEM260306C00108000,108.0,20.0,19.85,22.4,2.0,3.0,0.6364782446289063,True,CALL,2026-03-06,NEM
NEM260306C00110000,110.0,22.22,18.35,20.9,4.0,3.0,0.6334265173339844,True,CALL,2026-03-06,NEM
NEM260306C00115000,115.0,15.15,15.65,17.35,4.0,11.0,0.6530796411132813,True,CALL,2026-03-06,NEM
NEM260306C00118000,118.0,13.12,13.0,15.6,1.0,1.0,0.6275672009277344,True,CALL,2026-03-06,NEM
NEM260306C00119000,119.0,8.7,12.4,14.85,,6.0,0.6214637463378907,True,CALL,2026-03-06,NEM
NEM260306C00120000,120.0,10.6,12.75,14.05,3.0,104.0,0.6442906665039063,True,CALL,2026-03-06,NEM
NEM260306C00121000,121.0,11.7,11.35,13.4,4.0,1.0,0.6130409790039064,True,CALL,2026-03-06,NEM
NEM260306C00123000,123.0,12.6,10.1,12.4,7.0,11.0,0.6086464916992189,True,CALL,2026-03-06,NEM
NEM260306C00125000,125.0,9.84,10.05,11.2,14.0,21.0,0.631839619140625,True,CALL,2026-03-06,NEM
NEM260306C00126000,126.0,9.95,9.25,10.85,16.0,14.0,0.6252478881835939,True,CALL,2026-03-06,NEM
NEM260306C00127000,127.0,9.95,9.2,10.3,6.0,14.0,0.634891346435547,False,CALL,2026-03-06,NEM
NEM260306C00130000,130.0,8.85,7.85,9.1,23.0,54.0,0.6345251391601563,False,CALL,2026-03-06,NEM
NEM260306C00134000,134.0,5.4,6.25,7.35,2.0,3.0,0.6226844372558593,False,CALL,2026-03-06,NEM
NEM260306C00135000,135.0,6.0,5.9,7.1,2.0,9.0,0.6250037500000001,False,CALL,2026-03-06,NEM
NEM260306C00160000,160.0,1.65,1.17,3.7,7.0,1.0,0.7127714270019532,False,CALL,2026-03-06,NEM
NEM260306P00105000,105.0,1.97,1.66,2.61,5.0,16.0,0.6174354663085939,False,PUT,2026-03-06,NEM
NEM260306P00106000,106.0,1.95,0.98,2.6,5.0,7.0,0.5590864404296876,False,PUT,2026-03-06,NEM
NEM260306P00107000,107.0,1.82,1.08,2.84,2.0,3.0,0.5564009204101563,False,PUT,2026-03-06,NEM
NEM260306P00108000,108.0,2.04,1.31,2.99,1.0,9.0,0.5546919531250001,False,PUT,2026-03-06,NEM
NEM260306P00110000,110.0,3.0,2.6,3.25,5.0,16.0,0.5827678442382812,False,PUT,2026-03-06,NEM
NEM260306P00111000,111.0,3.01,2.08,3.9,2.0,4.0,0.5654340332031251,False,PUT,2026-03-06,NEM
NEM260306P00112000,112.0,3.47,2.41,4.25,4.0,6.0,0.5706830041503907,False,PUT,2026-03-06,NEM
NEM260306P00113000,113.0,2.69,3.1,4.5,10.0,14.0,0.5844768115234374,False,PUT,2026-03-06,NEM
NEM260306P00114000,114.0,2.76,3.7,4.95,1.0,18.0,0.6002237243652344,False,PUT,2026-03-06,NEM
NEM260306P00115000,115.0,4.76,4.05,4.85,14.0,23.0,0.5842326733398437,False,PUT,2026-03-06,NEM
NEM260306P00118000,118.0,5.77,5.2,6.05,1.0,17.0,0.5888712988281251,False,PUT,2026-03-06,NEM
NEM260306P00119000,119.0,5.13,5.55,6.75,1.0,1.0,0.5969278588867188,False,PUT,2026-03-06,NEM
NEM260306P00120000,120.0,6.25,6.05,6.7,3.0,35.0,0.5835002587890624,False,PUT,2026-03-06,NEM
NEM260306P00121000,121.0,7.28,6.4,7.45,14.0,4.0,0.5908244042968751,False,PUT,2026-03-06,NEM
NEM260306P00122000,122.0,7.15,6.7,7.85,7.0,5.0,0.5837443969726561,False,PUT,2026-03-06,NEM
NEM260306P00123000,123.0,7.75,7.15,8.85,1.0,12.0,0.5998575170898439,False,PUT,2026-03-06,NEM
NEM260306P00124000,124.0,8.05,7.75,9.1,5.0,20.0,0.5954630297851562,False,PUT,2026-03-06,NEM
NEM260306P00130000,130.0,12.4,10.95,12.2,4.0,10.0,0.5852092260742188,True,PUT,2026-03-06,NEM
NEM260320C00090000,90.0,34.98,37.1,38.7,1.0,3830.0,0.7663597583007813,True,CALL,2026-03-20,NEM
NEM260320C00092500,92.5,40.0,33.9,36.75,16.0,808.0,0.7097196997070312,True,CALL,2026-03-20,NEM
NEM260320C00095000,95.0,33.15,32.9,34.4,91.0,4385.0,0.7541528491210938,True,CALL,2026-03-20,NEM
NEM260320C00097500,97.5,30.25,29.45,32.2,2.0,93.0,0.672122419433594,True,CALL,2026-03-20,NEM
NEM260320C00100000,100.0,29.03,28.55,29.5,130.0,6019.0,0.6906769213867189,True,CALL,2026-03-20,NEM
NEM260320C00105000,105.0,24.81,23.85,25.75,56.0,9208.0,0.6541782629394532,True,CALL,2026-03-20,NEM
NEM260320C00110000,110.0,21.5,20.25,21.95,20.0,2345.0,0.6414830773925781,True,CALL,2026-03-20,NEM
NEM260320C00115000,115.0,17.71,17.3,18.55,74.0,2518.0,0.6428258374023439,True,CALL,2026-03-20,NEM
NEM260320C00120000,120.0,14.46,14.4,15.4,332.0,1886.0,0.632816171875,True,CALL,2026-03-20,NEM
NEM260320C00125000,125.0,12.25,12.05,12.45,363.0,3817.0,0.6252478881835939,True,CALL,2026-03-20,NEM
NEM260320C00130000,130.0,10.05,10.0,10.1,319.0,2461.0,0.624027197265625,False,CALL,2026-03-20,NEM
NEM260320C00135000,135.0,8.25,8.15,8.35,341.0,876.0,0.6271399591064455,False,CALL,2026-03-20,NEM
NEM260320C00140000,140.0,6.77,6.25,6.85,652.0,1304.0,0.6197547790527345,False,CALL,2026-03-20,NEM
NEM260320C00145000,145.0,5.45,5.2,5.65,34.0,629.0,0.6303747900390625,False,CALL,2026-03-20,NEM
NEM260320C00150000,150.0,4.2,4.05,4.5,104.0,330.0,0.6262244409179689,False,CALL,2026-03-20,NEM
NEM260320C00155000,155.0,3.2,2.98,3.7,30.0,486.0,0.6226844372558593,False,CALL,2026-03-20,NEM
NEM260320C00160000,160.0,2.44,2.2,3.15,38.0,101.0,0.6263465100097658,False,CALL,2026-03-20,NEM
NEM260320P00090000,90.0,0.8,0.63,1.02,17.0,2717.0,0.6254920263671876,False,PUT,2026-03-20,NEM
NEM260320P00092500,92.5,0.86,0.31,1.2,1.0,858.0,0.5720257641601563,False,PUT,2026-03-20,NEM
NEM260320P00095000,95.0,1.33,1.11,1.53,5.0,1862.0,0.6157264990234376,False,PUT,2026-03-20,NEM
NEM260320P00097500,97.5,1.59,1.36,1.91,11.0,395.0,0.6103554589843752,False,PUT,2026-03-20,NEM
NEM260320P00100000,100.0,1.9,1.78,2.01,51.0,2664.0,0.5937540625000001,False,PUT,2026-03-20,NEM
NEM260320P00105000,105.0,2.94,2.52,2.89,308.0,8460.0,0.5756878369140624,False,PUT,2026-03-20,NEM
NEM260320P00110000,110.0,3.97,3.9,4.1,172.0,812.0,0.5742230078125,False,PUT,2026-03-20,NEM
NEM260320P00115000,115.0,5.83,5.45,6.0,78.0,852.0,0.577152666015625,False,PUT,2026-03-20,NEM
NEM260320P00120000,120.0,7.95,7.6,7.75,52.0,609.0,0.5707440386962892,False,PUT,2026-03-20,NEM
NEM260320P00125000,125.0,10.15,10.05,10.2,183.0,417.0,0.5712933496093751,False,PUT,2026-03-20,NEM
NEM260320P00130000,130.0,13.05,12.7,12.95,100.0,518.0,0.5653119641113282,True,PUT,2026-03-20,NEM
NEM260320P00135000,135.0,15.85,15.55,16.35,5.0,27.0,0.5632978240966797,True,PUT,2026-03-20,NEM
NEM260320P00140000,140.0,20.15,18.75,20.0,2.0,12.0,0.5599409240722657,True,PUT,2026-03-20,NEM
NEM260320P00150000,150.0,29.9,26.15,28.15,1.0,1.0,0.5593305786132813,True,PUT,2026-03-20,NEM
NEM260417C00090000,90.0,39.0,37.15,39.7,250.0,145.0,0.6666293103027345,True,CALL,2026-04-17,NEM
NEM260417C00092500,92.5,35.42,35.5,37.75,5.0,39.0,0.685672088623047,True,CALL,2026-04-17,NEM
NEM260417C00095000,95.0,28.1,32.8,35.15,3.0,103.0,0.6320837573242188,True,CALL,2026-04-17,NEM
NEM260417C00097500,97.5,32.07,30.75,33.2,2.0,7.0,0.6284216845703126,True,CALL,2026-04-17,NEM
NEM260417C00100000,100.0,29.15,29.0,31.35,6.0,29.0,0.6342810009765626,True,CALL,2026-04-17,NEM
NEM260417C00105000,105.0,24.55,24.95,27.35,2.0,87.0,0.6069375244140626,True,CALL,2026-04-17,NEM
NEM260417C00110000,110.0,21.5,21.45,24.15,14.0,3280.0,0.6054726953125001,True,CALL,2026-04-17,NEM
NEM260417C00115000,115.0,20.0,19.3,20.0,63.0,669.0,0.5993692407226563,True,CALL,2026-04-17,NEM
NEM260417C00120000,120.0,16.52,16.5,17.5,178.0,701.0,0.6029092443847659,True,CALL,2026-04-17,NEM
NEM260417C00125000,125.0,15.1,14.2,14.6,62.0,590.0,0.5954630297851562,True,CALL,2026-04-17,NEM
NEM260417C00130000,130.0,12.13,12.15,12.55,237.0,417.0,0.5996133789062501,False,CALL,2026-04-17,NEM
NEM260417C00135000,135.0,10.25,9.55,10.95,45.0,233.0,0.5902140588378908,False,CALL,2026-04-17,NEM
NEM260417C00140000,140.0,9.25,8.45,8.9,118.0,330.0,0.5925333715820313,False,CALL,2026-04-17,NEM
NEM260417C00145000,145.0,7.45,6.75,7.8,17.0,273.0,0.5927775097656252,False,CALL,2026-04-17,NEM
NEM260417C00150000,150.0,6.1,5.85,6.4,65.0,492.0,0.5952799261474608,False,CALL,2026-04-17,NEM
NEM260417C00155000,155.0,5.05,4.9,5.4,19.0,237.0,0.5979044116210939,False,CALL,2026-04-17,NEM
NEM260417C00160000,160.0,3.97,4.1,4.7,16.0,136.0,0.6045571771240237,False,CALL,2026-04-17,NEM
NEM260417P00090000,90.0,1.0,0.57,1.77,11.0,273.0,0.5481002221679689,False,PUT,2026-04-17,NEM
NEM260417P00092500,92.5,1.26,0.73,2.03,1.0,14.0,0.5366257275390626,False,PUT,2026-04-17,NEM
NEM260417P00095000,95.0,1.73,1.18,2.49,1.0,317.0,0.5455367712402344,False,PUT,2026-04-17,NEM
NEM260417P00097500,97.5,2.49,2.49,2.92,21.0,569.0,0.5800823242187501,False,PUT,2026-04-17,NEM
NEM260417P00100000,100.0,3.1,2.62,3.5,22.0,549.0,0.5662885168457032,False,PUT,2026-04-17,NEM
NEM260417P00105000,105.0,4.18,3.9,4.4,6.0,806.0,0.5546919531250001,False,PUT,2026-04-17,NEM
NEM260417P00110000,110.0,5.8,5.25,6.15,23.0,1046.0,0.5540816076660158,False,PUT,2026-04-17,NEM
NEM260417P00115000,115.0,6.49,7.2,7.65,2.0,393.0,0.5465133239746094,False,PUT,2026-04-17,NEM
NEM260417P00120000,120.0,9.45,9.0,10.1,54.0,1389.0,0.5432174584960938,False,PUT,2026-04-17,NEM
NEM260417P00125000,125.0,10.47,11.7,12.0,17.0,192.0,0.5335740002441407,False,PUT,2026-04-17,NEM
NEM260417P00130000,130.0,14.75,14.5,14.75,83.0,369.0,0.5311326184082032,True,PUT,2026-04-17,NEM
NEM260417P00135000,135.0,18.4,17.35,18.9,52.0,54.0,0.547001600341797,True,PUT,2026-04-17,NEM
NEM260417P00140000,140.0,28.2,20.65,22.25,,15.0,0.5438278039550781,True,PUT,2026-04-17,NEM
NEM260417P00145000,145.0,29.65,24.0,25.8,,10.0,0.5347946911621093,True,PUT,2026-04-17,NEM
NEM260618C00090000,90.0,38.59,39.25,41.5,15.0,1752.0,0.619388571777344,True,CALL,2026-06-18,NEM
NEM260618C00092500,92.5,41.17,37.1,39.5,3.0,466.0,0.6077309735107423,True,CALL,2026-06-18,NEM
NEM260618C00095000,95.0,35.4,35.35,37.45,1.0,1465.0,0.6032754516601564,True,CALL,2026-06-18,NEM
NEM260618C00097500,97.5,34.92,33.25,35.85,4.0,214.0,0.5990030334472658,True,CALL,2026-06-18,NEM
NEM260618C00100000,100.0,32.0,31.45,33.8,18.0,3545.0,0.5891154370117189,True,CALL,2026-06-18,NEM
NEM260618C00105000,105.0,33.2,28.0,30.35,6.0,2120.0,0.5808757733154297,True,CALL,2026-06-18,NEM
NEM260618C00110000,110.0,26.0,25.35,27.0,18.0,3249.0,0.581486118774414,True,CALL,2026-06-18,NEM
NEM260618C00115000,115.0,22.85,22.35,24.1,34.0,2022.0,0.5751385260009765,True,CALL,2026-06-18,NEM
NEM260618C00120000,120.0,20.2,20.05,21.5,44.0,2253.0,0.57812921875,True,CALL,2026-06-18,NEM
NEM260618C00125000,125.0,18.55,17.75,19.1,310.0,1216.0,0.5766643896484375,True,CALL,2026-06-18,NEM
NEM260618C00130000,130.0,16.04,15.6,16.9,54.0,1065.0,0.573795765991211,False,CALL,2026-06-18,NEM
NEM260618C00135000,135.0,14.5,13.8,14.5,83.0,1835.0,0.5667157586669922,False,CALL,2026-06-18,NEM
NEM260618C00140000,140.0,12.58,12.6,12.8,41.0,745.0,0.5742840423583984,False,CALL,2026-06-18,NEM
NEM260618C00145000,145.0,11.0,11.05,11.3,291.0,339.0,0.5737347314453125,False,CALL,2026-06-18,NEM
NEM260618C00150000,150.0,9.86,9.75,9.9,53.0,1344.0,0.5734905932617188,False,CALL,2026-06-18,NEM
NEM260618C00155000,155.0,8.65,8.35,8.75,36.0,178.0,0.5706219696044923,False,CALL,2026-06-18,NEM
NEM260618C00160000,160.0,7.2,7.3,7.7,43.0,113.0,0.5708050732421875,False,CALL,2026-06-18,NEM
NEM260618P00090000,90.0,3.1,2.67,3.3,16.0,1993.0,0.543949873046875,False,PUT,2026-06-18,NEM
NEM260618P00092500,92.5,2.64,2.28,3.85,1.0,406.0,0.5169726037597657,False,PUT,2026-06-18,NEM
NEM260618P00095000,95.0,4.2,3.65,4.15,3.0,439.0,0.532109171142578,False,PUT,2026-06-18,NEM
NEM260618P00097500,97.5,4.75,4.45,4.75,4.0,769.0,0.5349777947998047,False,PUT,2026-06-18,NEM
NEM260618P00100000,100.0,5.2,4.95,5.4,48.0,2113.0,0.5286302020263673,False,PUT,2026-06-18,NEM
NEM260618P00105000,105.0,6.8,6.6,6.85,21.0,1010.0,0.5264939929199219,False,PUT,2026-06-18,NEM
NEM260618P00110000,110.0,8.55,8.4,8.55,88.0,1601.0,0.5222215747070311,False,PUT,2026-06-18,NEM
NEM260618P00115000,115.0,10.6,10.4,10.6,47.0,196.0,0.5187426055908204,False,PUT,2026-06-18,NEM
NEM260618P00120000,120.0,12.9,12.65,12.95,36.0,873.0,0.5159350164794922,False,PUT,2026-06-18,NEM
NEM260618P00125000,125.0,15.34,15.25,15.6,25.0,113.0,0.5155077746582031,False,PUT,2026-06-18,NEM
NEM260618P00130000,130.0,18.75,17.85,18.45,107.0,106.0,0.5104419073486328,True,PUT,2026-06-18,NEM
NEM260618P00135000,135.0,21.9,20.75,21.35,71.0,23.0,0.5035450036621094,True,PUT,2026-06-18,NEM
NEM260618P00140000,140.0,24.45,24.4,24.65,38.0,21.0,0.5080615600585938,True,PUT,2026-06-18,NEM
NEM260618P00145000,145.0,23.43,27.05,28.9,2.0,4.0,0.5052539709472657,True,PUT,2026-06-18,NEM
NEM260618P00150000,150.0,32.2,31.05,32.95,83.0,88.0,0.5158129473876953,True,PUT,2026-06-18,NEM
NEM260618P00160000,160.0,41.2,38.65,40.0,,40.0,0.5201464001464844,True,PUT,2026-06-18,NEM
NEM260717C00090000,90.0,42.9,39.95,42.65,2.0,37.0,0.6104775280761721,True,CALL,2026-07-17,NEM
NEM260717C00092500,92.5,38.5,38.05,40.45,2.0,38.0,0.5983926879882813,True,CALL,2026-07-17,NEM
NEM260717C00095000,95.0,39.22,36.2,38.6,1.0,15.0,0.5939982006835938,True,CALL,2026-07-17,NEM
NEM260717C00097500,97.5,35.41,34.5,36.75,1.0,30.0,0.5907023352050782,True,CALL,2026-07-17,NEM
NEM260717C00100000,100.0,32.59,32.6,34.95,3.0,11.0,0.582584740600586,True,CALL,2026-07-17,NEM
NEM260717C00105000,105.0,30.08,29.3,31.6,5.0,36.0,0.5756268023681641,True,CALL,2026-07-17,NEM
NEM260717C00110000,110.0,25.4,26.1,28.45,1.0,176.0,0.5668988623046876,True,CALL,2026-07-17,NEM
NEM260717C00115000,115.0,26.6,23.3,25.0,4.0,291.0,0.5534102276611328,True,CALL,2026-07-17,NEM
NEM260717C00120000,120.0,21.5,20.6,23.0,2.0,175.0,0.5579267840576172,True,CALL,2026-07-17,NEM
NEM260717C00125000,125.0,19.5,19.45,20.65,18.0,76.0,0.5735516278076171,True,CALL,2026-07-17,NEM
NEM260717C00130000,130.0,16.9,16.75,18.5,17.0,61.0,0.5628095477294923,False,CALL,2026-07-17,NEM
NEM260717C00135000,135.0,14.74,15.4,16.55,40.0,146.0,0.5692792095947266,False,CALL,2026-07-17,NEM
NEM260717C00140000,140.0,13.0,13.65,14.8,46.0,66.0,0.5676312768554688,False,CALL,2026-07-17,NEM
NEM260717C00145000,145.0,12.19,12.1,13.2,5.0,19.0,0.5662274822998048,False,CALL,2026-07-17,NEM
NEM260717C00150000,150.0,10.75,10.65,11.8,24.0,126.0,0.5647016186523439,False,CALL,2026-07-17,NEM
NEM260717C00155000,155.0,9.47,9.5,10.55,8.0,55.0,0.5657392059326172,False,CALL,2026-07-17,NEM
NEM260717C00160000,160.0,9.7,8.3,9.4,11.0,31.0,0.5635419622802735,False,CALL,2026-07-17,NEM
NEM260717P00090000,90.0,3.3,2.14,4.1,14.0,89.0,0.5031787963867188,False,PUT,2026-07-17,NEM
NEM260717P00092500,92.5,4.0,3.3,4.7,21.0,126.0,0.5200243310546875,False,PUT,2026-07-17,NEM
NEM260717P00095000,95.0,3.8,4.3,5.15,4.0,229.0,0.5240526110839843,False,PUT,2026-07-17,NEM
NEM260717P00097500,97.5,5.2,5.0,6.0,1.0,109.0,0.5271043383789062,False,PUT,2026-07-17,NEM
NEM260717P00100000,100.0,5.7,5.6,6.9,48.0,217.0,0.5262498547363281,False,PUT,2026-07-17,NEM
NEM260717P00105000,105.0,7.25,7.15,8.2,7.0,179.0,0.5150805328369141,False,PUT,2026-07-17,NEM
NEM260717P00110000,110.0,9.1,9.1,10.4,7.0,70.0,0.5193529510498047,False,PUT,2026-07-17,NEM
NEM260717P00115000,115.0,11.2,11.15,12.45,7.0,103.0,0.5141650146484374,False,PUT,2026-07-17,NEM
NEM260717P00120000,120.0,13.6,13.5,14.65,6.0,18.0,0.5089160437011719,False,PUT,2026-07-17,NEM
NEM260717P00125000,125.0,17.0,15.95,17.6,2.0,56.0,0.5095874237060547,False,PUT,2026-07-17,NEM
NEM260717P00130000,130.0,19.2,18.95,20.05,2.0,10.0,0.5042774182128906,True,PUT,2026-07-17,NEM
NEM260717P00145000,145.0,41.26,28.3,30.5,,2.0,0.5031177618408205,True,PUT,2026-07-17,NEM
NEM260918C00090000,90.0,39.1,41.75,43.95,85.0,332.0,0.5841106042480468,True,CALL,2026-09-18,NEM
NEM260918C00092500,92.5,39.07,39.95,42.4,80.0,164.0,0.5847819842529296,True,CALL,2026-09-18,NEM
NEM260918C00095000,95.0,44.3,38.15,40.4,2.0,429.0,0.5755657678222657,True,CALL,2026-09-18,NEM
NEM260918C00097500,97.5,43.6,36.4,39.0,1.0,12.0,0.5763592169189453,True,CALL,2026-09-18,NEM
NEM260918C00100000,100.0,35.2,35.0,37.1,156.0,1989.0,0.5730023168945313,True,CALL,2026-09-18,NEM
NEM260918C00105000,105.0,36.01,31.5,33.85,1.0,436.0,0.5598798895263672,True,CALL,2026-09-18,NEM
NEM260918C00110000,110.0,33.15,28.75,30.95,21.0,981.0,0.558170922241211,True,CALL,2026-09-18,NEM
NEM260918C00115000,115.0,26.2,26.0,28.2,51.0,724.0,0.5531660894775392,True,CALL,2026-09-18,NEM
NEM260918C00120000,120.0,23.95,23.7,25.6,26.0,1225.0,0.5513350531005861,True,CALL,2026-09-18,NEM
NEM260918C00125000,125.0,21.67,20.95,23.55,6.0,280.0,0.5460860821533204,True,CALL,2026-09-18,NEM
NEM260918C00130000,130.0,18.9,18.8,21.35,83.0,447.0,0.5421798712158206,False,CALL,2026-09-18,NEM
NEM260918C00135000,135.0,18.37,17.75,19.45,24.0,309.0,0.5515791912841796,False,CALL,2026-09-18,NEM
NEM260918C00140000,140.0,17.61,15.15,17.7,1.0,91.0,0.539616420288086,False,CALL,2026-09-18,NEM
NEM260918C00145000,145.0,16.25,13.5,16.05,16.0,239.0,0.5369919348144532,False,CALL,2026-09-18,NEM
NEM260918C00150000,150.0,13.55,12.55,14.65,47.0,133.0,0.5428512512207033,False,CALL,2026-09-18,NEM
NEM260918C00155000,155.0,14.78,10.9,13.35,1.0,139.0,0.5379074530029297,False,CALL,2026-09-18,NEM
NEM260918C00160000,160.0,12.1,9.95,12.1,4.0,86.0,0.5394943511962893,False,CALL,2026-09-18,NEM
NEM260918P00090000,90.0,4.86,4.45,5.55,5.0,235.0,0.5141039801025391,False,PUT,2026-09-18,NEM
NEM260918P00092500,92.5,5.55,4.55,6.0,1.0,47.0,0.5258836474609375,False,PUT,2026-09-18,NEM
NEM260918P00095000,95.0,6.1,5.8,6.6,12.0,792.0,0.5045215563964844,False,PUT,2026-09-18,NEM
NEM260918P00097500,97.5,5.65,5.95,7.6,2.0,256.0,0.5257005438232423,False,PUT,2026-09-18,NEM
NEM260918P00100000,100.0,7.55,7.35,8.3,12.0,266.0,0.5035450036621094,False,PUT,2026-09-18,NEM
NEM260918P00105000,105.0,7.99,8.25,10.2,3.0,51.0,0.518681571044922,False,PUT,2026-09-18,NEM
NEM260918P00110000,110.0,11.65,11.15,12.15,41.0,1541.0,0.5130663928222656,False,PUT,2026-09-18,NEM
NEM260918P00115000,115.0,13.07,13.15,14.6,15.0,25.0,0.5157519128417969,False,PUT,2026-09-18,NEM
NEM260918P00120000,120.0,16.25,15.5,17.15,1.0,37.0,0.5152636364746093,False,PUT,2026-09-18,NEM
NEM260918P00125000,125.0,19.0,18.3,19.65,2.0,16.0,0.5084277673339843,False,PUT,2026-09-18,NEM
NEM260918P00130000,130.0,19.95,20.65,23.0,3.0,13.0,0.5183763983154297,True,PUT,2026-09-18,NEM
NEM260918P00135000,135.0,21.5,23.75,26.0,12.0,14.0,0.5149584637451172,True,PUT,2026-09-18,NEM
NEM260918P00150000,150.0,47.05,34.05,36.4,1.0,1.0,0.5156908782958984,True,PUT,2026-09-18,NEM
NEM261218C00090000,90.0,46.0,43.65,46.85,2.0,86.0,0.5728192132568359,True,CALL,2026-12-18,NEM
NEM261218C00092500,92.5,43.49,41.65,44.6,1.0,87.0,0.5561567822265626,True,CALL,2026-12-18,NEM
NEM261218C00095000,95.0,47.0,40.0,43.2,1.0,996.0,0.5568281622314455,True,CALL,2026-12-18,NEM
NEM261218C00097500,97.5,18.73,38.5,41.45,18.0,28.0,0.5533186758422851,True,CALL,2026-12-18,NEM
NEM261218C00100000,100.0,41.25,37.05,40.45,41.0,357.0,0.559574716796875,True,CALL,2026-12-18,NEM
NEM261218C00105000,105.0,38.62,34.0,37.0,1.0,75.0,0.5470626348876955,True,CALL,2026-12-18,NEM
NEM261218C00110000,110.0,33.27,31.25,34.2,1.0,1658.0,0.5429733203125001,True,CALL,2026-12-18,NEM
NEM261218C00115000,115.0,29.05,28.6,31.45,2.0,65.0,0.5368088311767578,True,CALL,2026-12-18,NEM
NEM261218C00120000,120.0,33.04,26.3,29.5,5.0,401.0,0.5402267657470705,True,CALL,2026-12-18,NEM
NEM261218C00125000,125.0,25.28,24.1,27.4,61.0,757.0,0.5393112475585939,True,CALL,2026-12-18,NEM
NEM261218C00130000,130.0,24.1,22.8,24.7,92.0,1114.0,0.5384262466430666,False,CALL,2026-12-18,NEM
NEM261218C00135000,135.0,23.01,20.2,22.8,15.0,234.0,0.5291795129394532,False,CALL,2026-12-18,NEM
NEM261218C00140000,140.0,22.9,18.7,21.05,8.0,85.0,0.5303696865844728,False,CALL,2026-12-18,NEM
NEM261218C00145000,145.0,18.9,17.95,19.4,1.0,157.0,0.5378464184570313,False,CALL,2026-12-18,NEM
NEM261218C00150000,150.0,18.2,15.45,17.9,1.0,106.0,0.5258836474609375,False,CALL,2026-12-18,NEM
NEM261218C00155000,155.0,17.35,14.1,16.7,1.0,75.0,0.5268296829223633,False,CALL,2026-12-18,NEM
NEM261218C00160000,160.0,15.4,12.8,15.55,8.0,63.0,0.5266770965576173,False,CALL,2026-12-18,NEM
NEM261218P00090000,90.0,6.06,5.2,7.7,5.0,811.0,0.5274095111083985,False,PUT,2026-12-18,NEM
NEM261218P00092500,92.5,7.05,5.8,8.6,1.0,21.0,0.5286912365722658,False,PUT,2026-12-18,NEM
NEM261218P00095000,95.0,8.13,7.45,8.35,9.0,259.0,0.49414568359375005,False,PUT,2026-12-18,NEM
NEM261218P00097500,97.5,8.98,7.95,9.35,21.0,65.0,0.4967701690673829,False,PUT,2026-12-18,NEM
NEM261218P00100000,100.0,9.2,9.15,11.15,17.0,87.0,0.5196276065063475,False,PUT,2026-12-18,NEM
NEM261218P00105000,105.0,10.42,10.2,13.15,5.0,713.0,0.5159350164794922,False,PUT,2026-12-18,NEM
NEM261218P00110000,110.0,11.95,12.3,15.4,41.0,105.0,0.5140429455566407,False,PUT,2026-12-18,NEM
NEM261218P00115000,115.0,14.03,14.25,17.3,17.0,76.0,0.4998829309082031,False,PUT,2026-12-18,NEM
NEM261218P00120000,120.0,17.97,17.0,20.35,2.0,317.0,0.5083972500610351,False,PUT,2026-12-18,NEM
NEM261218P00125000,125.0,17.75,19.85,22.55,1.0,949.0,0.49414568359375005,False,PUT,2026-12-18,NEM
NEM261218P00130000,130.0,22.1,22.75,26.0,1.0,16.0,0.5036975900268555,True,PUT,2026-12-18,NEM
NEM261218P00135000,135.0,24.13,26.0,28.85,5.0,37.0,0.4969837899780274,True,PUT,2026-12-18,NEM
NEM261218P00140000,140.0,30.5,29.35,32.2,1.0,31.0,0.4978077563476563,True,PUT,2026-12-18,NEM
NEM261218P00150000,150.0,42.09,36.4,39.0,1.0,1.0,0.49310809631347663,True,PUT,2026-12-18,NEM
NEM261218P00160000,160.0,44.47,43.45,46.25,1.0,2.0,0.487584469909668,True,PUT,2026-12-18,NEM
NEM270115C00090000,90.0,45.2,44.3,47.1,13.0,1776.0,0.5631147204589844,True,CALL,2027-01-15,NEM
NEM270115C00092500,92.5,42.72,42.55,45.4,5.0,169.0,0.558170922241211,True,CALL,2027-01-15,NEM
NEM270115C00095000,95.0,40.28,40.95,44.45,1.0,831.0,0.5647626531982424,True,CALL,2027-01-15,NEM
NEM270115C00097500,97.5,41.7,39.4,42.05,1.0,20.0,0.5509688458251953,True,CALL,2027-01-15,NEM
NEM270115C00100000,100.0,39.0,39.0,41.0,21.0,2204.0,0.5691571405029296,True,CALL,2027-01-15,NEM
NEM270115C00105000,105.0,35.47,35.05,37.9,3.0,1033.0,0.5486495330810548,True,CALL,2027-01-15,NEM
NEM270115C00110000,110.0,32.83,32.2,34.6,7.0,2729.0,0.5365646929931642,True,CALL,2027-01-15,NEM
NEM270115C00115000,115.0,31.05,30.35,32.2,8.0,1176.0,0.5428512512207033,True,CALL,2027-01-15,NEM
NEM270115C00120000,120.0,28.66,27.8,30.1,93.0,3796.0,0.5408981457519533,True,CALL,2027-01-15,NEM
NEM270115C00125000,125.0,26.57,26.5,27.3,64.0,890.0,0.5416000430297853,True,CALL,2027-01-15,NEM
NEM270115C00130000,130.0,25.0,24.35,26.1,181.0,2030.0,0.5470321176147462,False,CALL,2027-01-15,NEM
NEM270115C00135000,135.0,22.2,22.15,23.5,34.0,295.0,0.5347031393432617,False,CALL,2027-01-15,NEM
NEM270115C00140000,140.0,21.5,21.0,21.6,34.0,2578.0,0.5377243493652344,False,CALL,2027-01-15,NEM
NEM270115C00145000,145.0,19.2,19.0,20.35,15.0,202.0,0.5362290029907227,False,CALL,2027-01-15,NEM
NEM270115C00150000,150.0,18.09,17.7,18.8,19.0,2071.0,0.5365036584472658,False,CALL,2027-01-15,NEM
NEM270115C00155000,155.0,16.2,15.05,17.5,10.0,228.0,0.5233812310791015,False,CALL,2027-01-15,NEM
NEM270115C00160000,160.0,15.43,14.55,16.25,11.0,403.0,0.5306443420410156,False,CALL,2027-01-15,NEM
NEM270115P00090000,90.0,6.0,5.4,7.95,6.0,1548.0,0.5137988073730468,False,PUT,2027-01-15,NEM
NEM270115P00092500,92.5,7.6,6.2,8.15,2.0,67.0,0.4939015454101563,False,PUT,2027-01-15,NEM
NEM270115P00095000,95.0,8.35,8.05,8.75,21.0,330.0,0.48560084716796875,False,PUT,2027-01-15,NEM
NEM270115P00097500,97.5,8.14,9.05,10.35,2.0,34.0,0.5039112109375,False,PUT,2027-01-15,NEM
NEM270115P00100000,100.0,10.07,9.5,10.95,8.0,1099.0,0.493291199951172,False,PUT,2027-01-15,NEM
NEM270115P00105000,105.0,10.55,10.65,13.7,98.0,248.0,0.5084888018798828,False,PUT,2027-01-15,NEM
NEM270115P00110000,110.0,12.0,12.85,15.25,2.0,175.0,0.48969016174316415,False,PUT,2027-01-15,NEM
NEM270115P00115000,115.0,16.78,15.0,18.35,3.0,74.0,0.5029346582031251,False,PUT,2027-01-15,NEM
NEM270115P00120000,120.0,17.15,17.5,20.5,1.0,65.0,0.4909718872070313,False,PUT,2027-01-15,NEM
NEM270115P00125000,125.0,22.0,20.8,23.7,1.0,114.0,0.4981739636230469,False,PUT,2027-01-15,NEM
NEM270115P00130000,130.0,22.35,23.35,24.7,3.0,78.0,0.4565789205932618,True,PUT,2027-01-15,NEM
NEM270115P00135000,135.0,25.18,26.6,28.55,2.0,714.0,0.47070841796875,True,PUT,2027-01-15,NEM
NEM270115P00140000,140.0,31.55,30.1,32.2,1.0,59.0,0.4776358389282227,True,PUT,2027-01-15,NEM
NEM270115P00145000,145.0,36.66,33.45,36.15,,2.0,0.4878286080932618,True,PUT,2027-01-15,NEM
NEM270115P00150000,150.0,40.26,36.85,39.6,2.0,4.0,0.485356708984375,True,PUT,2027-01-15,NEM
NEM270115P00155000,155.0,44.77,40.65,43.1,,2.0,0.481450498046875,True,PUT,2027-01-15,NEM
NEM270115P00160000,160.0,43.15,44.35,46.85,1.0,3.0,0.48044342803955076,True,PUT,2027-01-15,NEM
NEM280121C00090000,90.0,60.0,51.5,54.5,10.0,3456.0,0.5403488348388674,True,CALL,2028-01-21,NEM
NEM280121C00092500,92.5,51.1,50.0,52.9,13.0,71.0,0.5354355538940431,True,CALL,2028-01-21,NEM
NEM280121C00095000,95.0,52.26,48.5,51.45,3.0,294.0,0.531529342956543,True,CALL,2028-01-21,NEM
NEM280121C00097500,97.5,51.6,47.5,51.0,1.0,46.0,0.5408981457519533,True,CALL,2028-01-21,NEM
NEM280121C00100000,100.0,53.5,46.0,49.0,1.0,303.0,0.5309189974975587,True,CALL,2028-01-21,NEM
NEM280121C00105000,105.0,44.5,43.65,46.5,2.0,305.0,0.5289353747558594,True,CALL,2028-01-21,NEM
NEM280121C00110000,110.0,42.9,41.0,44.3,6.0,285.0,0.5250291638183593,True,CALL,2028-01-21,NEM
NEM280121C00115000,115.0,40.0,39.3,42.0,5.0,209.0,0.5262193374633789,True,CALL,2028-01-21,NEM
NEM280121C00120000,120.0,37.49,37.3,40.45,49.0,222.0,0.5290879611206055,True,CALL,2028-01-21,NEM
NEM280121C00125000,125.0,37.14,35.0,38.45,52.0,191.0,0.5244798529052734,True,CALL,2028-01-21,NEM
NEM280121C00130000,130.0,34.22,33.0,36.4,34.0,2905.0,0.5204515728759764,False,CALL,2028-01-21,NEM
NEM280121C00135000,135.0,36.28,31.0,34.75,12.0,34.0,0.5180407083129883,False,CALL,2028-01-21,NEM
NEM280121C00140000,140.0,32.0,31.0,32.55,53.0,5610.0,0.5249070947265625,False,CALL,2028-01-21,NEM
NEM280121C00145000,145.0,33.4,28.0,31.5,4.0,246.0,0.5171251901245117,False,CALL,2028-01-21,NEM
NEM280121C00150000,150.0,26.89,27.7,30.2,25.0,156.0,0.5257615783691407,False,CALL,2028-01-21,NEM
NEM280121C00155000,155.0,28.3,25.0,29.0,6.0,112.0,0.5169420864868165,False,CALL,2028-01-21,NEM
NEM280121C00160000,160.0,28.99,24.0,26.5,2.0,217.0,0.5100146655273439,False,CALL,2028-01-21,NEM
NEM280121P00090000,90.0,11.5,11.45,13.25,1.0,85.0,0.4682670361328125,False,PUT,2028-01-21,NEM
NEM280121P00092500,92.5,12.5,10.6,14.25,30.0,113.0,0.46655806884765627,False,PUT,2028-01-21,NEM
NEM280121P00095000,95.0,12.7,11.5,15.25,5.0,69.0,0.46417772155761716,False,PUT,2028-01-21,NEM
NEM280121P00097500,97.5,13.26,13.0,15.9,6.0,109.0,0.45477840148925786,False,PUT,2028-01-21,NEM
NEM280121P00100000,100.0,14.0,14.0,16.95,10.0,122.0,0.4523065023803712,False,PUT,2028-01-21,NEM
NEM280121P00105000,105.0,15.77,16.0,20.1,1.0,36.0,0.46362841064453125,False,PUT,2028-01-21,NEM
NEM280121P00110000,110.0,19.98,19.35,22.3,5.0,36.0,0.4561211614990235,False,PUT,2028-01-21,NEM
NEM280121P00115000,115.0,20.73,21.5,24.95,10.0,18.0,0.4540154696655273,False,PUT,2028-01-21,NEM
NEM280121P00120000,120.0,25.58,24.0,27.45,11.0,89.0,0.4477289114379882,False,PUT,2028-01-21,NEM
NEM280121P00125000,125.0,28.5,27.0,30.05,21.0,222.0,0.44135080139160154,False,PUT,2028-01-21,NEM
NEM280121P00130000,130.0,28.65,30.0,32.9,1.0,43.0,0.4371089004516602,True,PUT,2028-01-21,NEM
NEM280121P00135000,135.0,33.95,33.0,36.45,56.0,33.0,0.44138131866455077,True,PUT,2028-01-21,NEM
NEM280121P00140000,140.0,37.45,36.5,39.5,6.0,31.0,0.43686476226806636,True,PUT,2028-01-21,NEM
NEM280121P00145000,145.0,42.23,40.0,42.9,2.0,6.0,0.4359187268066406,True,PUT,2028-01-21,NEM
NEM280121P00150000,150.0,41.5,43.0,46.5,5.0,33.0,0.4364375204467773,True,PUT,2028-01-21,NEM
NFLX260130C00060000,60.0,22.7,21.6,24.3,12.0,160.0,2.0625048437499998,True,CALL,2026-01-30,NFLX
NFLX260130C00070000,70.0,14.65,12.75,13.1,3.0,62.0,1.09375453125,True,CALL,2026-01-30,NFLX
NFLX260130C00072000,72.0,11.35,10.8,10.95,2.0,1.0,1.0078174609375,True,CALL,2026-01-30,NFLX
NFLX260130C00073000,73.0,11.87,8.55,11.8,2.0,2.0,1.2636755566406248,True,CALL,2026-01-30,NFLX
NFLX260130C00074000,74.0,10.65,8.85,9.05,3.0,6.0,0.8437515624999999,True,CALL,2026-01-30,NFLX
NFLX260130C00075000,75.0,7.8,7.9,8.05,20.0,132.0,0.8085956640624999,True,CALL,2026-01-30,NFLX
NFLX260130C00076000,76.0,6.8,6.85,7.0,14.0,26.0,0.6210975390625001,True,CALL,2026-01-30,NFLX
NFLX260130C00077000,77.0,5.6,5.9,6.0,13.0,116.0,0.5898478515625001,True,CALL,2026-01-30,NFLX
NFLX260130C00078000,78.0,4.85,4.9,5.05,17.0,175.0,0.5429733203125001,True,CALL,2026-01-30,NFLX
NFLX260130C00079000,79.0,3.64,3.95,4.05,9.0,309.0,0.5273484765625001,True,CALL,2026-01-30,NFLX
NFLX260130C00080000,80.0,3.0,2.98,3.05,238.0,1059.0,0.424810439453125,True,CALL,2026-01-30,NFLX
NFLX260130C00081000,81.0,1.98,2.04,2.08,439.0,521.0,0.336920693359375,True,CALL,2026-01-30,NFLX
NFLX260130C00082000,82.0,1.19,1.22,1.25,5065.0,596.0,0.2978585839843749,True,CALL,2026-01-30,NFLX
NFLX260130C00083000,83.0,0.61,0.6,0.62,23510.0,1836.0,0.27637442382812494,False,CALL,2026-01-30,NFLX
NFLX260130C00084000,84.0,0.24,0.24,0.26,19630.0,4184.0,0.274421318359375,False,CALL,2026-01-30,NFLX
NFLX260130C00085000,85.0,0.09,0.09,0.1,13785.0,17214.0,0.28516339843749994,False,CALL,2026-01-30,NFLX
NFLX260130C00086000,86.0,0.04,0.04,0.05,18627.0,20256.0,0.31836619140624994,False,CALL,2026-01-30,NFLX
NFLX260130C00087000,87.0,0.03,0.02,0.03,10469.0,23333.0,0.35938140625,False,CALL,2026-01-30,NFLX
NFLX260130C00088000,88.0,0.03,0.01,0.02,7493.0,23635.0,0.398443515625,False,CALL,2026-01-30,NFLX
NFLX260130C00089000,89.0,0.01,0.01,0.02,6735.0,21891.0,0.46094289062500005,False,CALL,2026-01-30,NFLX
NFLX260130C00090000,90.0,0.01,0.01,0.02,11899.0,38446.0,0.500005,False,CALL,2026-01-30,NFLX
NFLX260130C00091000,91.0,0.01,0.0,0.01,956.0,6369.0,0.500005,False,CALL,2026-01-30,NFLX
NFLX260130C00091500,91.5,0.01,0.01,0.02,1210.0,1339.0,0.585941640625,False,CALL,2026-01-30,NFLX
NFLX260130C00092000,92.0,0.01,0.0,0.02,1178.0,5039.0,0.57812921875,False,CALL,2026-01-30,NFLX
NFLX260130C00092500,92.5,0.01,0.0,0.01,622.0,1640.0,0.5625043750000001,False,CALL,2026-01-30,NFLX
NFLX260130C00093000,93.0,0.01,0.0,0.01,420.0,2753.0,0.5937540625000001,False,CALL,2026-01-30,NFLX
NFLX260130C00093500,93.5,0.01,0.0,0.02,21.0,771.0,0.6562534375000001,False,CALL,2026-01-30,NFLX
NFLX260130C00094000,94.0,0.01,0.0,0.01,51.0,4623.0,0.6250037500000001,False,CALL,2026-01-30,NFLX
NFLX260130C00094500,94.5,0.01,0.0,0.03,13.0,419.0,0.7500025,False,CALL,2026-01-30,NFLX
NFLX260130C00095000,95.0,0.01,0.0,0.01,54.0,21064.0,0.6875031250000001,False,CALL,2026-01-30,NFLX
NFLX260130C00096000,96.0,0.04,0.0,0.01,228.0,2433.0,0.7187528125,False,CALL,2026-01-30,NFLX
NFLX260130C00097000,97.0,0.01,0.0,0.01,45.0,2825.0,0.7812521875,False,CALL,2026-01-30,NFLX
NFLX260130C00098000,98.0,0.01,0.0,0.01,12.0,3901.0,0.8125018749999999,False,CALL,2026-01-30,NFLX
NFLX260130C00099000,99.0,0.01,0.0,0.01,13.0,2369.0,0.87500125,False,CALL,2026-01-30,NFLX
NFLX260130C00100000,100.0,0.01,0.0,0.01,55.0,13810.0,0.9062509375,False,CALL,2026-01-30,NFLX
NFLX260130C00101000,101.0,0.01,0.0,0.01,1.0,2590.0,0.937500625,False,CALL,2026-01-30,NFLX
NFLX260130C00102000,102.0,0.01,0.0,0.02,28.0,2161.0,1.0625046875000002,False,CALL,2026-01-30,NFLX
NFLX260130C00103000,103.0,0.01,0.0,0.01,30.0,1517.0,1.0312548437500002,False,CALL,2026-01-30,NFLX
NFLX260130C00104000,104.0,0.01,0.0,0.04,5.0,959.0,1.2500037499999999,False,CALL,2026-01-30,NFLX
NFLX260130C00105000,105.0,0.01,0.0,0.01,20.0,7312.0,1.125004375,False,CALL,2026-01-30,NFLX
NFLX260130C00106000,106.0,0.04,0.0,0.02,9.0,1369.0,1.2500037499999999,False,CALL,2026-01-30,NFLX
NFLX260130C00107000,107.0,0.01,0.0,0.01,6.0,2318.0,1.1875040625,False,CALL,2026-01-30,NFLX
NFLX260130P00060000,60.0,0.01,0.0,0.01,1.0,1567.0,1.5000025,False,PUT,2026-01-30,NFLX
NFLX260130P00070000,70.0,0.01,0.0,0.01,83.0,1029.0,0.8437515624999999,False,PUT,2026-01-30,NFLX
NFLX260130P00072000,72.0,0.02,0.0,0.03,1.0,4.0,0.8125018749999999,False,PUT,2026-01-30,NFLX
NFLX260130P00073000,73.0,0.01,0.0,0.02,1.0,95.0,0.70312796875,False,PUT,2026-01-30,NFLX
NFLX260130P00074000,74.0,0.01,0.0,0.08,2.0,40.0,0.773439765625,False,PUT,2026-01-30,NFLX
NFLX260130P00075000,75.0,0.01,0.0,0.02,49.0,4210.0,0.570316796875,False,PUT,2026-01-30,NFLX
NFLX260130P00076000,76.0,0.01,0.01,0.09,34.0,1128.0,0.64062859375,False,PUT,2026-01-30,NFLX
NFLX260130P00077000,77.0,0.01,0.01,0.03,49.0,1395.0,0.5117236328125,False,PUT,2026-01-30,NFLX
NFLX260130P00078000,78.0,0.03,0.02,0.03,398.0,2626.0,0.437505625,False,PUT,2026-01-30,NFLX
NFLX260130P00079000,79.0,0.03,0.03,0.04,282.0,1804.0,0.3789124609375,False,PUT,2026-01-30,NFLX
NFLX260130P00080000,80.0,0.05,0.05,0.06,2786.0,6404.0,0.3242255078124999,False,PUT,2026-01-30,NFLX
NFLX260130P00081000,81.0,0.13,0.11,0.13,1750.0,5424.0,0.2910227148437499,False,PUT,2026-01-30,NFLX
NFLX260130P00082000,82.0,0.27,0.27,0.28,5805.0,6847.0,0.256843369140625,False,PUT,2026-01-30,NFLX
NFLX260130P00083000,83.0,0.64,0.66,0.67,19550.0,6381.0,0.249030947265625,True,PUT,2026-01-30,NFLX
NFLX260130P00084000,84.0,1.31,1.28,1.31,3109.0,7662.0,0.24024197265624997,True,PUT,2026-01-30,NFLX
NFLX260130P00085000,85.0,2.15,2.13,2.17,5580.0,12053.0,0.24024197265624997,True,PUT,2026-01-30,NFLX
NFLX260130P00086000,86.0,3.15,3.1,3.2,848.0,4137.0,0.35742830078125,True,PUT,2026-01-30,NFLX
NFLX260130P00087000,87.0,4.13,4.1,4.25,191.0,1864.0,0.49414568359375005,True,PUT,2026-01-30,NFLX
NFLX260130P00088000,88.0,5.11,5.0,5.15,177.0,2600.0,0.4335994140625,True,PUT,2026-01-30,NFLX
NFLX260130P00089000,89.0,6.12,6.0,6.15,266.0,2471.0,0.500005,True,PUT,2026-01-30,NFLX
NFLX260130P00090000,90.0,7.16,7.1,7.25,1618.0,5835.0,0.6210975390625001,True,PUT,2026-01-30,NFLX
NFLX260130P00091000,91.0,8.2,8.1,8.2,63.0,1413.0,0.6250037500000001,True,PUT,2026-01-30,NFLX
NFLX260130P00091500,91.5,8.6,8.5,8.65,24.0,144.0,0.6562534375000001,True,PUT,2026-01-30,NFLX
NFLX260130P00092000,92.0,9.05,9.0,9.2,49.0,1157.0,0.804689453125,True,PUT,2026-01-30,NFLX
NFLX260130P00092500,92.5,9.62,9.5,9.7,22.0,87.0,0.8359391406249999,True,PUT,2026-01-30,NFLX
NFLX260130P00093000,93.0,10.16,10.0,10.3,34.0,2325.0,0.7500025,True,PUT,2026-01-30,NFLX
NFLX260130P00093500,93.5,10.65,10.5,10.65,3.0,14.0,0.7773459765625,True,PUT,2026-01-30,NFLX
NFLX260130P00094000,94.0,11.24,10.85,13.0,3.0,189.0,1.625001875,True,PUT,2026-01-30,NFLX
NFLX260130P00094500,94.5,9.1,10.3,13.2,1.0,0.0,1.0546922265625,True,PUT,2026-01-30,NFLX
NFLX260130P00095000,95.0,12.27,12.0,12.15,25.0,237.0,0.85937640625,True,PUT,2026-01-30,NFLX
NFLX260130P00096000,96.0,12.7,11.7,13.15,1.0,38.0,0.92187578125,True,PUT,2026-01-30,NFLX
NFLX260130P00097000,97.0,14.31,12.75,16.0,18.0,5.0,1.396487392578125,True,PUT,2026-01-30,NFLX
NFLX260130P00098000,98.0,14.9,14.15,16.25,8.0,118.0,1.1796916015624999,True,PUT,2026-01-30,NFLX
NFLX260130P00099000,99.0,16.4,15.9,18.0,50.0,0.0,2.0625048437499998,True,PUT,2026-01-30,NFLX
NFLX260130P00100000,100.0,17.5,15.85,17.7,31.0,47.0,1.9384768701171877,True,PUT,2026-01-30,NFLX
NFLX260130P00101000,101.0,15.16,17.7,19.35,1.0,0.0,1.8417976660156248,True,PUT,2026-01-30,NFLX
NFLX260130P00102000,102.0,16.4,17.2,21.25,2.0,0.0,1.46875265625,True,PUT,2026-01-30,NFLX
NFLX260130P00103000,103.0,18.52,18.05,22.25,1.0,0.0,1.2812535937499998,True,PUT,2026-01-30,NFLX
NFLX260130P00104000,104.0,19.39,19.15,23.2,3.0,0.0,1.4375028125,True,PUT,2026-01-30,NFLX
NFLX260130P00105000,105.0,20.22,20.05,24.25,2.0,1.0,1.3750031249999999,True,PUT,2026-01-30,NFLX
NFLX260130P00106000,106.0,20.19,21.05,25.25,1.0,0.0,1.421877890625,True,PUT,2026-01-30,NFLX
NFLX260130P00107000,107.0,21.07,22.15,26.2,1.0,0.0,1.5859395703124997,True,PUT,2026-01-30,NFLX
NFLX260206C00060000,60.0,22.74,20.95,24.15,4.0,74.0,1.8085947070312498,True,CALL,2026-02-06,NFLX
NFLX260206C00070000,70.0,14.8,11.75,14.5,15.0,93.0,0.710940390625,True,CALL,2026-02-06,NFLX
NFLX260206C00072000,72.0,12.59,10.65,12.5,32.0,41.0,0.8203142968749999,True,CALL,2026-02-06,NFLX
NFLX260206C00074000,74.0,12.01,7.7,10.95,2.0,2.0,0.6127968408203126,True,CALL,2026-02-06,NFLX
NFLX260206C00075000,75.0,9.83,6.95,9.05,1.0,34.0,0.79101771484375,True,CALL,2026-02-06,NFLX
NFLX260206C00076000,76.0,7.0,6.65,8.35,3.0,10.0,0.5664105859375,True,CALL,2026-02-06,NFLX
NFLX260206C00077000,77.0,6.1,5.85,6.15,19.0,67.0,0.387701435546875,True,CALL,2026-02-06,NFLX
NFLX260206C00078000,78.0,4.99,4.8,5.3,7.0,185.0,0.39014281738281253,True,CALL,2026-02-06,NFLX
NFLX260206C00079000,79.0,4.02,3.95,4.35,17.0,143.0,0.34961587890624996,True,CALL,2026-02-06,NFLX
NFLX260206C00080000,80.0,3.45,3.3,3.5,296.0,976.0,0.32910827148437494,True,CALL,2026-02-06,NFLX
NFLX260206C00081000,81.0,2.69,2.57,2.79,138.0,175.0,0.32813171874999997,True,CALL,2026-02-06,NFLX
NFLX260206C00082000,82.0,2.06,2.03,2.06,3629.0,2174.0,0.305671005859375,True,CALL,2026-02-06,NFLX
NFLX260206C00083000,83.0,1.44,1.46,1.49,6022.0,2830.0,0.2978585839843749,False,CALL,2026-02-06,NFLX
NFLX260206C00084000,84.0,1.06,1.03,1.08,3879.0,1388.0,0.30152065673828127,False,CALL,2026-02-06,NFLX
NFLX260206C00085000,85.0,0.74,0.7,0.74,10440.0,4959.0,0.30005582763671873,False,CALL,2026-02-06,NFLX
NFLX260206C00086000,86.0,0.47,0.47,0.49,5318.0,6804.0,0.29932341308593746,False,CALL,2026-02-06,NFLX
NFLX260206C00087000,87.0,0.31,0.3,0.31,5110.0,5071.0,0.29834686035156244,False,CALL,2026-02-06,NFLX
NFLX260206C00088000,88.0,0.21,0.2,0.22,11107.0,8980.0,0.31055376953124997,False,CALL,2026-02-06,NFLX
NFLX260206C00089000,89.0,0.15,0.14,0.16,1060.0,4104.0,0.3242255078124999,False,CALL,2026-02-06,NFLX
NFLX260206C00090000,90.0,0.12,0.11,0.12,3280.0,11279.0,0.33887379882812496,False,CALL,2026-02-06,NFLX
NFLX260206C00091000,91.0,0.1,0.09,0.1,553.0,3075.0,0.35938140625,False,CALL,2026-02-06,NFLX
NFLX260206C00091500,91.5,0.09,0.07,0.09,105.0,457.0,0.36914693359375,False,CALL,2026-02-06,NFLX
NFLX260206C00092000,92.0,0.08,0.07,0.08,1356.0,2895.0,0.37695935546875,False,CALL,2026-02-06,NFLX
NFLX260206C00092500,92.5,0.08,0.06,0.09,16.0,187.0,0.40039662109375,False,CALL,2026-02-06,NFLX
NFLX260206C00093000,93.0,0.07,0.06,0.07,630.0,810.0,0.398443515625,False,CALL,2026-02-06,NFLX
NFLX260206C00093500,93.5,0.06,0.05,0.07,407.0,243.0,0.41211525390625,False,CALL,2026-02-06,NFLX
NFLX260206C00094000,94.0,0.07,0.05,0.07,19.0,721.0,0.42774009765625004,False,CALL,2026-02-06,NFLX
NFLX260206C00095000,95.0,0.06,0.05,0.06,364.0,3507.0,0.445318046875,False,CALL,2026-02-06,NFLX
NFLX260206C00096000,96.0,0.04,0.04,0.06,57.0,790.0,0.4726615234375,False,CALL,2026-02-06,NFLX
NFLX260206C00097000,97.0,0.04,0.02,0.06,17.0,833.0,0.500005,False,CALL,2026-02-06,NFLX
NFLX260206C00098000,98.0,0.03,0.03,0.05,20.0,1485.0,0.5136767382812499,False,CALL,2026-02-06,NFLX
NFLX260206C00099000,99.0,0.03,0.03,0.04,24.0,1978.0,0.5117236328125,False,CALL,2026-02-06,NFLX
NFLX260206C00100000,100.0,0.04,0.02,0.04,175.0,4629.0,0.5273484765625001,False,CALL,2026-02-06,NFLX
NFLX260206C00101000,101.0,0.03,0.01,0.04,1.0,603.0,0.5390671093750001,False,CALL,2026-02-06,NFLX
NFLX260206C00102000,102.0,0.03,0.03,0.05,140.0,1949.0,0.5976602734375001,False,CALL,2026-02-06,NFLX
NFLX260206C00103000,103.0,0.03,0.03,0.04,242.0,451.0,0.6093789062500001,False,CALL,2026-02-06,NFLX
NFLX260206C00104000,104.0,0.02,0.01,0.03,35.0,260.0,0.5898478515625001,False,CALL,2026-02-06,NFLX
NFLX260206C00105000,105.0,0.03,0.02,0.03,12.0,2491.0,0.6250037500000001,False,CALL,2026-02-06,NFLX
NFLX260206C00106000,106.0,0.01,0.01,0.04,1.0,161.0,0.648441015625,False,CALL,2026-02-06,NFLX
NFLX260206C00107000,107.0,0.03,0.0,0.05,10.0,344.0,0.6718782812500002,False,CALL,2026-02-06,NFLX
NFLX260206P00060000,60.0,0.02,0.0,0.07,10.0,61.0,0.8906260937499999,False,PUT,2026-02-06,NFLX
NFLX260206P00070000,70.0,0.02,0.01,0.04,232.0,2202.0,0.5117236328125,False,PUT,2026-02-06,NFLX
NFLX260206P00072000,72.0,0.1,0.01,0.05,1.0,2.0,0.45313046875,False,PUT,2026-02-06,NFLX
NFLX260206P00073000,73.0,0.03,0.01,0.05,1.0,9.0,0.41602146484374997,False,PUT,2026-02-06,NFLX
NFLX260206P00074000,74.0,0.04,0.03,0.05,16.0,23.0,0.3789124609375,False,PUT,2026-02-06,NFLX
NFLX260206P00075000,75.0,0.06,0.05,0.06,147.0,1754.0,0.35156898437499995,False,PUT,2026-02-06,NFLX
NFLX260206P00076000,76.0,0.08,0.07,0.08,226.0,666.0,0.33008482421874996,False,PUT,2026-02-06,NFLX
NFLX260206P00077000,77.0,0.12,0.11,0.12,321.0,1268.0,0.3154365332031249,False,PUT,2026-02-06,NFLX
NFLX260206P00078000,78.0,0.19,0.17,0.19,507.0,659.0,0.305671005859375,False,PUT,2026-02-06,NFLX
NFLX260206P00079000,79.0,0.3,0.27,0.3,784.0,697.0,0.2978585839843749,False,PUT,2026-02-06,NFLX
NFLX260206P00080000,80.0,0.45,0.43,0.48,2645.0,18020.0,0.29444064941406245,False,PUT,2026-02-06,NFLX
NFLX260206P00081000,81.0,0.71,0.69,0.74,2862.0,2900.0,0.2915109912109374,False,PUT,2026-02-06,NFLX
NFLX260206P00082000,82.0,1.04,1.03,1.04,2703.0,2343.0,0.27857166748046874,False,PUT,2026-02-06,NFLX
NFLX260206P00083000,83.0,1.5,1.47,1.53,2179.0,2293.0,0.28321029296874994,True,PUT,2026-02-06,NFLX
NFLX260206P00084000,84.0,2.09,2.02,2.06,1111.0,5493.0,0.27417718017578124,True,PUT,2026-02-06,NFLX
NFLX260206P00085000,85.0,2.73,2.67,2.76,962.0,4104.0,0.27857166748046874,True,PUT,2026-02-06,NFLX
NFLX260206P00086000,86.0,3.5,3.4,3.55,561.0,3489.0,0.2846751220703124,True,PUT,2026-02-06,NFLX
NFLX260206P00087000,87.0,4.38,4.25,4.4,59.0,3071.0,0.28955788574218744,True,PUT,2026-02-06,NFLX
NFLX260206P00088000,88.0,5.4,5.2,5.4,136.0,1169.0,0.33399103515625,True,PUT,2026-02-06,NFLX
NFLX260206P00089000,89.0,6.18,6.05,6.35,279.0,414.0,0.3569400244140625,True,PUT,2026-02-06,NFLX
NFLX260206P00090000,90.0,7.15,7.05,7.3,184.0,2267.0,0.37305314453125,True,PUT,2026-02-06,NFLX
NFLX260206P00091000,91.0,8.14,8.0,8.25,33.0,679.0,0.38184211914062494,True,PUT,2026-02-06,NFLX
NFLX260206P00091500,91.5,9.02,7.2,8.75,1.0,194.0,0.398443515625,True,PUT,2026-02-06,NFLX
NFLX260206P00092000,92.0,9.07,9.05,9.3,8.0,467.0,0.446294599609375,True,PUT,2026-02-06,NFLX
NFLX260206P00092500,92.5,9.45,9.15,9.8,1.0,22.0,0.463872548828125,True,PUT,2026-02-06,NFLX
NFLX260206P00093000,93.0,10.07,9.85,10.25,2.0,217.0,0.44922425781249997,True,PUT,2026-02-06,NFLX
NFLX260206P00093500,93.5,7.9,9.05,11.3,2.0,38.0,0.7050810742187501,True,PUT,2026-02-06,NFLX
NFLX260206P00094000,94.0,11.1,10.95,11.3,95.0,302.0,0.514653291015625,True,PUT,2026-02-06,NFLX
NFLX260206P00095000,95.0,12.29,11.95,12.7,10.0,323.0,0.5634809277343751,True,PUT,2026-02-06,NFLX
NFLX260206P00096000,96.0,13.25,12.8,13.7,1.0,303.0,0.5449264257812501,True,PUT,2026-02-06,NFLX
NFLX260206P00097000,97.0,12.1,13.7,14.65,2.0,46.0,0.500005,True,PUT,2026-02-06,NFLX
NFLX260206P00098000,98.0,12.55,13.5,15.75,1.0,31.0,0.8623060644531251,True,PUT,2026-02-06,NFLX
NFLX260206P00099000,99.0,15.5,14.75,17.25,3.0,0.0,1.0703171484375003,True,PUT,2026-02-06,NFLX
NFLX260206P00100000,100.0,15.25,15.5,18.8,1.0,0.0,0.5351608984375,True,PUT,2026-02-06,NFLX
NFLX260206P00101000,101.0,15.16,16.15,19.9,1.0,0.0,1.3378939355468746,True,PUT,2026-02-06,NFLX
NFLX260206P00102000,102.0,16.75,17.15,20.95,5.0,5.0,1.3916046044921875,True,PUT,2026-02-06,NFLX
NFLX260206P00103000,103.0,18.58,18.05,22.1,1.0,0.0,1.4716823291015624,True,PUT,2026-02-06,NFLX
NFLX260206P00104000,104.0,20.36,19.1,23.05,40.0,40.0,1.4970728271484375,True,PUT,2026-02-06,NFLX
NFLX260206P00105000,105.0,19.55,20.05,23.8,3.0,0.0,1.4638698681640623,True,PUT,2026-02-06,NFLX
NFLX260206P00106000,106.0,12.92,21.05,24.85,,0.0,1.5151391430664063,True,PUT,2026-02-06,NFLX
NFLX260206P00107000,107.0,22.3,22.05,26.25,1.0,0.0,0.6953155468750001,True,PUT,2026-02-06,NFLX
NFLX260213C00060000,60.0,25.02,21.5,24.55,10.0,60.0,0.8242205078124999,True,CALL,2026-02-13,NFLX
NFLX260213C00070000,70.0,13.0,12.75,13.25,70.0,73.0,0.5898478515625001,True,CALL,2026-02-13,NFLX
NFLX260213C00075000,75.0,8.21,7.75,8.5,2.0,59.0,0.4682670361328125,True,CALL,2026-02-13,NFLX
NFLX260213C00076000,76.0,10.2,6.7,7.6,27.0,20.0,0.44922425781249997,True,CALL,2026-02-13,NFLX
NFLX260213C00077000,77.0,9.21,5.8,6.6,27.0,24.0,0.40479110839843746,True,CALL,2026-02-13,NFLX
NFLX260213C00078000,78.0,5.9,5.15,5.65,3.0,8.0,0.36963520996093746,True,CALL,2026-02-13,NFLX
NFLX260213C00079000,79.0,4.48,4.3,4.75,4.0,32.0,0.34180345703125,True,CALL,2026-02-13,NFLX
NFLX260213C00080000,80.0,3.88,3.8,3.95,180.0,213.0,0.32617861328125,True,CALL,2026-02-13,NFLX
NFLX260213C00081000,81.0,3.23,3.1,3.3,13.0,77.0,0.3266668896484375,True,CALL,2026-02-13,NFLX
NFLX260213C00082000,82.0,2.62,2.52,2.63,371.0,124.0,0.3139717041015625,True,CALL,2026-02-13,NFLX
NFLX260213C00083000,83.0,2.12,2.03,2.12,643.0,397.0,0.3147041186523437,False,CALL,2026-02-13,NFLX
NFLX260213C00084000,84.0,1.6,1.55,1.64,315.0,726.0,0.3090889404296875,False,CALL,2026-02-13,NFLX
NFLX260213C00085000,85.0,1.23,1.2,1.27,507.0,2487.0,0.3090889404296875,False,CALL,2026-02-13,NFLX
NFLX260213C00086000,86.0,0.93,0.89,0.97,491.0,2616.0,0.30982135498046875,False,CALL,2026-02-13,NFLX
NFLX260213C00087000,87.0,0.68,0.67,0.71,392.0,1864.0,0.30713583496093744,False,CALL,2026-02-13,NFLX
NFLX260213C00088000,88.0,0.52,0.5,0.54,392.0,4232.0,0.31153032226562494,False,CALL,2026-02-13,NFLX
NFLX260213C00089000,89.0,0.39,0.36,0.4,873.0,3621.0,0.3139717041015625,False,CALL,2026-02-13,NFLX
NFLX260213C00090000,90.0,0.3,0.28,0.3,3498.0,13236.0,0.31836619140624994,False,CALL,2026-02-13,NFLX
NFLX260213C00091000,91.0,0.23,0.21,0.24,95.0,753.0,0.3286199951171874,False,CALL,2026-02-13,NFLX
NFLX260213C00092000,92.0,0.18,0.17,0.18,431.0,4743.0,0.33301448242187504,False,CALL,2026-02-13,NFLX
NFLX260213C00093000,93.0,0.14,0.12,0.16,347.0,3220.0,0.3505924316406249,False,CALL,2026-02-13,NFLX
NFLX260213C00094000,94.0,0.13,0.11,0.15,54.0,368.0,0.370123486328125,False,CALL,2026-02-13,NFLX
NFLX260213C00095000,95.0,0.11,0.1,0.12,277.0,1514.0,0.37695935546875,False,CALL,2026-02-13,NFLX
NFLX260213C00096000,96.0,0.1,0.07,0.13,24.0,1174.0,0.4062559375,False,CALL,2026-02-13,NFLX
NFLX260213C00097000,97.0,0.08,0.06,0.15,11.0,271.0,0.4414118359375,False,CALL,2026-02-13,NFLX
NFLX260213C00098000,98.0,0.06,0.06,0.26,13.0,413.0,0.5185595019531251,False,CALL,2026-02-13,NFLX
NFLX260213C00099000,99.0,0.06,0.05,0.1,32.0,232.0,0.45117736328125,False,CALL,2026-02-13,NFLX
NFLX260213C00100000,100.0,0.08,0.05,0.08,36.0,1095.0,0.45508357421875,False,CALL,2026-02-13,NFLX
NFLX260213C00101000,101.0,0.04,0.03,0.12,3.0,229.0,0.507817421875,False,CALL,2026-02-13,NFLX
NFLX260213C00102000,102.0,0.07,0.01,0.13,2.0,224.0,0.5361374511718751,False,CALL,2026-02-13,NFLX
NFLX260213C00103000,103.0,0.07,0.0,0.12,2.0,427.0,0.5488326367187502,False,CALL,2026-02-13,NFLX
NFLX260213C00104000,104.0,0.05,0.0,1.28,2.0,94.0,0.8042011767578124,False,CALL,2026-02-13,NFLX
NFLX260213C00105000,105.0,0.06,0.04,0.1,19.0,648.0,0.5410202148437502,False,CALL,2026-02-13,NFLX
NFLX260213C00106000,106.0,0.16,0.02,0.07,1.0,72.0,0.523442265625,False,CALL,2026-02-13,NFLX
NFLX260213C00107000,107.0,0.03,0.03,0.13,1.0,520.0,0.58789474609375,False,CALL,2026-02-13,NFLX
NFLX260213P00060000,60.0,0.03,0.0,0.1,4.0,68.0,0.6992217578125001,False,PUT,2026-02-13,NFLX
NFLX260213P00070000,70.0,0.05,0.02,0.09,12.0,269.0,0.437505625,False,PUT,2026-02-13,NFLX
NFLX260213P00072000,72.0,0.08,0.0,1.43,1.0,21.0,0.6215858154296876,False,PUT,2026-02-13,NFLX
NFLX260213P00073000,73.0,0.2,0.0,1.33,1.0,12.0,0.5649457568359376,False,PUT,2026-02-13,NFLX
NFLX260213P00074000,74.0,0.1,0.1,0.12,1.0,122.0,0.33301448242187504,False,PUT,2026-02-13,NFLX
NFLX260213P00075000,75.0,0.18,0.14,0.17,104.0,1132.0,0.32520206054687495,False,PUT,2026-02-13,NFLX
NFLX260213P00076000,76.0,0.24,0.21,0.23,71.0,352.0,0.31445998046874996,False,PUT,2026-02-13,NFLX
NFLX260213P00077000,77.0,0.37,0.3,0.36,201.0,218.0,0.3178779150390625,False,PUT,2026-02-13,NFLX
NFLX260213P00078000,78.0,0.44,0.42,0.46,252.0,445.0,0.30274134765625,False,PUT,2026-02-13,NFLX
NFLX260213P00079000,79.0,0.61,0.59,0.66,310.0,1037.0,0.301764794921875,False,PUT,2026-02-13,NFLX
NFLX260213P00080000,80.0,0.85,0.84,0.89,350.0,9059.0,0.29566134033203123,False,PUT,2026-02-13,NFLX
NFLX260213P00081000,81.0,1.16,1.12,1.2,413.0,4583.0,0.2924875439453124,False,PUT,2026-02-13,NFLX
NFLX260213P00082000,82.0,1.56,1.52,1.59,1175.0,1085.0,0.29053443847656246,False,PUT,2026-02-13,NFLX
NFLX260213P00083000,83.0,2.0,1.98,2.07,719.0,667.0,0.29004616210937495,True,PUT,2026-02-13,NFLX
NFLX260213P00084000,84.0,2.55,2.51,2.63,509.0,709.0,0.29004616210937495,True,PUT,2026-02-13,NFLX
NFLX260213P00085000,85.0,3.22,3.1,3.3,156.0,1392.0,0.2954172021484375,True,PUT,2026-02-13,NFLX
NFLX260213P00086000,86.0,3.93,3.75,4.0,49.0,340.0,0.2946847875976562,True,PUT,2026-02-13,NFLX
NFLX260213P00087000,87.0,4.85,4.5,4.8,16.0,671.0,0.3012765185546875,True,PUT,2026-02-13,NFLX
NFLX260213P00088000,88.0,5.56,5.25,5.85,135.0,556.0,0.35034829345703117,True,PUT,2026-02-13,NFLX
NFLX260213P00089000,89.0,6.51,6.3,6.45,26.0,228.0,0.295905478515625,True,PUT,2026-02-13,NFLX
NFLX260213P00090000,90.0,7.26,7.25,7.45,23.0,611.0,0.327155166015625,True,PUT,2026-02-13,NFLX
NFLX260213P00091000,91.0,6.39,7.75,8.4,1.0,129.0,0.34229173339843744,True,PUT,2026-02-13,NFLX
NFLX260213P00092000,92.0,9.28,7.85,9.65,3.0,165.0,0.44385321777343745,True,PUT,2026-02-13,NFLX
NFLX260213P00093000,93.0,10.28,8.9,10.4,91.0,144.0,0.398443515625,True,PUT,2026-02-13,NFLX
NFLX260213P00094000,94.0,8.6,10.45,11.45,10.0,326.0,0.44336494140625,True,PUT,2026-02-13,NFLX
NFLX260213P00095000,95.0,11.84,11.45,12.45,4.0,113.0,0.47070841796875,True,PUT,2026-02-13,NFLX
NFLX260213P00096000,96.0,13.3,12.85,13.85,2.0,140.0,0.6162147753906251,True,PUT,2026-02-13,NFLX
NFLX260213P00097000,97.0,12.39,12.85,14.85,1.0,12.0,0.6455113574218749,True,PUT,2026-02-13,NFLX
NFLX260213P00098000,98.0,15.25,14.5,15.7,1.0,92.0,0.6313513427734375,True,PUT,2026-02-13,NFLX
NFLX260213P00099000,99.0,13.12,15.6,16.7,2.0,8.0,0.65820654296875,True,PUT,2026-02-13,NFLX
NFLX260213P00100000,100.0,17.55,16.5,19.25,2.0,19.0,0.7358424853515625,True,PUT,2026-02-13,NFLX
NFLX260213P00101000,101.0,16.25,16.05,19.95,20.0,15.0,1.0131885278320314,True,PUT,2026-02-13,NFLX
NFLX260213P00102000,102.0,17.05,17.05,20.95,20.0,8.0,1.0432176745605473,True,PUT,2026-02-13,NFLX
NFLX260213P00103000,103.0,20.25,18.25,22.1,1.0,50.0,1.1035201074218752,True,PUT,2026-02-13,NFLX
NFLX260213P00104000,104.0,18.8,19.05,23.25,100.0,0.0,1.1630901220703125,True,PUT,2026-02-13,NFLX
NFLX260213P00105000,105.0,22.3,20.05,24.25,65.0,0.0,1.1921427111816407,True,PUT,2026-02-13,NFLX
NFLX260213P00107000,107.0,21.05,22.1,26.25,2.0,0.0,0.5585981640625001,True,PUT,2026-02-13,NFLX
NFLX260220C00060000,60.0,23.5,21.75,24.75,3.0,64.0,0.82226740234375,True,CALL,2026-02-20,NFLX
NFLX260220C00062000,62.0,27.55,19.6,23.0,10.0,122.0,0.7753928710937501,True,CALL,2026-02-20,NFLX
NFLX260220C00064000,64.0,32.33,17.7,20.95,10.0,76.0,0.71679970703125,True,CALL,2026-02-20,NFLX
NFLX260220C00065000,65.0,21.63,16.85,18.5,1.0,25.0,0.7426783544921874,True,CALL,2026-02-20,NFLX
NFLX260220C00066000,66.0,19.0,16.15,17.9,3.0,144.0,0.5097705273437501,True,CALL,2026-02-20,NFLX
NFLX260220C00068000,68.0,17.5,14.1,16.8,3.0,92.0,0.6210975390625001,True,CALL,2026-02-20,NFLX
NFLX260220C00070000,70.0,13.0,12.6,13.35,16.0,316.0,0.5224657128906249,True,CALL,2026-02-20,NFLX
NFLX260220C00072000,72.0,12.5,10.5,11.5,21.0,313.0,0.495122236328125,True,CALL,2026-02-20,NFLX
NFLX260220C00074000,74.0,9.25,8.9,9.65,31.0,225.0,0.45752495605468757,True,CALL,2026-02-20,NFLX
NFLX260220C00075000,75.0,8.1,8.25,8.55,24.0,193.0,0.40039662109375,True,CALL,2026-02-20,NFLX
NFLX260220C00076000,76.0,7.44,7.0,7.6,10.0,112.0,0.37402969726562496,True,CALL,2026-02-20,NFLX
NFLX260220C00077000,77.0,6.7,6.15,6.9,10.0,108.0,0.3891662646484375,True,CALL,2026-02-20,NFLX
NFLX260220C00078000,78.0,5.85,5.45,5.9,4.0,197.0,0.34888346435546874,True,CALL,2026-02-20,NFLX
NFLX260220C00079000,79.0,4.95,4.7,5.15,26.0,90.0,0.3442448388671875,True,CALL,2026-02-20,NFLX
NFLX260220C00080000,80.0,4.28,4.15,4.35,301.0,3069.0,0.3266668896484375,True,CALL,2026-02-20,NFLX
NFLX260220C00081000,81.0,3.75,3.5,3.7,23.0,150.0,0.3232489550781249,True,CALL,2026-02-20,NFLX
NFLX260220C00082000,82.0,3.0,2.95,3.05,360.0,1473.0,0.3129951513671875,True,CALL,2026-02-20,NFLX
NFLX260220C00083000,83.0,2.51,2.49,2.54,1993.0,731.0,0.3127510131835937,False,CALL,2026-02-20,NFLX
NFLX260220C00084000,84.0,2.05,2.05,2.06,825.0,1868.0,0.30884480224609373,False,CALL,2026-02-20,NFLX
NFLX260220C00085000,85.0,1.63,1.63,1.67,5189.0,15169.0,0.3083565258789062,False,CALL,2026-02-20,NFLX
NFLX260220C00086000,86.0,1.27,1.25,1.31,1934.0,4195.0,0.30445031494140623,False,CALL,2026-02-20,NFLX
NFLX260220C00087000,87.0,1.0,1.0,1.05,973.0,4700.0,0.30664755859375,False,CALL,2026-02-20,NFLX
NFLX260220C00088000,88.0,0.8,0.79,0.83,1218.0,8387.0,0.30811238769531246,False,CALL,2026-02-20,NFLX
NFLX260220C00089000,89.0,0.61,0.6,0.65,587.0,2768.0,0.309577216796875,False,CALL,2026-02-20,NFLX
NFLX260220C00090000,90.0,0.49,0.49,0.5,4480.0,24161.0,0.3100654931640625,False,CALL,2026-02-20,NFLX
NFLX260220C00091000,91.0,0.38,0.37,0.41,828.0,12940.0,0.317389638671875,False,CALL,2026-02-20,NFLX
NFLX260220C00091500,91.5,0.34,0.32,0.36,100.0,1120.0,0.3178779150390625,False,CALL,2026-02-20,NFLX
NFLX260220C00092000,92.0,0.32,0.31,0.32,954.0,9341.0,0.3198310205078124,False,CALL,2026-02-20,NFLX
NFLX260220C00092500,92.5,0.28,0.26,0.29,107.0,701.0,0.3237372314453124,False,CALL,2026-02-20,NFLX
NFLX260220C00093000,93.0,0.25,0.23,0.26,233.0,1623.0,0.32617861328125,False,CALL,2026-02-20,NFLX
NFLX260220C00093500,93.5,0.22,0.21,0.24,64.0,245.0,0.331061376953125,False,CALL,2026-02-20,NFLX
NFLX260220C00094000,94.0,0.2,0.2,0.21,830.0,5543.0,0.3320379296875,False,CALL,2026-02-20,NFLX
NFLX260220C00095000,95.0,0.17,0.16,0.18,2579.0,29342.0,0.34180345703125,False,CALL,2026-02-20,NFLX
NFLX260220C00096000,96.0,0.15,0.14,0.16,306.0,4172.0,0.3530338134765625,False,CALL,2026-02-20,NFLX
NFLX260220C00097000,97.0,0.12,0.06,0.19,8.0,492.0,0.3857483300781249,False,CALL,2026-02-20,NFLX
NFLX260220C00098000,98.0,0.11,0.1,0.13,100.0,7437.0,0.37695935546875,False,CALL,2026-02-20,NFLX
NFLX260220C00099000,99.0,0.1,0.06,0.11,176.0,274.0,0.38281867187499996,False,CALL,2026-02-20,NFLX
NFLX260220C00100000,100.0,0.11,0.1,0.11,1632.0,37900.0,0.40039662109375,False,CALL,2026-02-20,NFLX
NFLX260220C00102000,102.0,0.09,0.07,0.12,138.0,5316.0,0.4414118359375,False,CALL,2026-02-20,NFLX
NFLX260220C00104000,104.0,0.11,0.07,0.08,319.0,3627.0,0.44434149414062496,False,CALL,2026-02-20,NFLX
NFLX260220C00105000,105.0,0.08,0.07,0.08,310.0,9198.0,0.45898978515625005,False,CALL,2026-02-20,NFLX
NFLX260220C00106000,106.0,0.07,0.07,0.09,6.0,4761.0,0.48438015625,False,CALL,2026-02-20,NFLX
NFLX260220P00060000,60.0,0.03,0.01,0.09,1.0,5436.0,0.5839885351562499,False,PUT,2026-02-20,NFLX
NFLX260220P00062000,62.0,0.02,0.01,0.1,2.0,1268.0,0.5390671093750001,False,PUT,2026-02-20,NFLX
NFLX260220P00064000,64.0,0.04,0.01,0.1,2.0,5975.0,0.53320779296875,False,PUT,2026-02-20,NFLX
NFLX260220P00065000,65.0,0.03,0.01,0.05,5.0,617.0,0.45508357421875,False,PUT,2026-02-20,NFLX
NFLX260220P00066000,66.0,0.04,0.02,0.15,2.0,1035.0,0.51562984375,False,PUT,2026-02-20,NFLX
NFLX260220P00068000,68.0,0.07,0.03,0.07,3.0,7246.0,0.40039662109375,False,PUT,2026-02-20,NFLX
NFLX260220P00070000,70.0,0.09,0.08,0.1,99.0,5035.0,0.37305314453125,False,PUT,2026-02-20,NFLX
NFLX260220P00072000,72.0,0.12,0.12,0.29,23.0,1211.0,0.4023497265625,False,PUT,2026-02-20,NFLX
NFLX260220P00074000,74.0,0.21,0.2,0.25,82.0,1472.0,0.3286199951171874,False,PUT,2026-02-20,NFLX
NFLX260220P00075000,75.0,0.28,0.27,0.31,133.0,7179.0,0.31592480957031244,False,PUT,2026-02-20,NFLX
NFLX260220P00076000,76.0,0.39,0.36,0.4,85.0,4134.0,0.30713583496093744,False,PUT,2026-02-20,NFLX
NFLX260220P00077000,77.0,0.55,0.49,0.55,58.0,1499.0,0.305671005859375,False,PUT,2026-02-20,NFLX
NFLX260220P00078000,78.0,0.76,0.67,0.7,930.0,4863.0,0.2966378930664062,False,PUT,2026-02-20,NFLX
NFLX260220P00079000,79.0,0.94,0.89,0.93,389.0,805.0,0.29444064941406245,False,PUT,2026-02-20,NFLX
NFLX260220P00080000,80.0,1.2,1.16,1.21,1338.0,13750.0,0.29175512939453113,False,PUT,2026-02-20,NFLX
NFLX260220P00081000,81.0,1.52,1.48,1.56,356.0,2716.0,0.29053443847656246,False,PUT,2026-02-20,NFLX
NFLX260220P00082000,82.0,1.94,1.86,1.97,1306.0,11157.0,0.2890696093749999,False,PUT,2026-02-20,NFLX
NFLX260220P00083000,83.0,2.37,2.34,2.4,1405.0,3343.0,0.2819896020507812,True,PUT,2026-02-20,NFLX
NFLX260220P00084000,84.0,2.95,2.88,2.96,532.0,4560.0,0.28247787841796873,True,PUT,2026-02-20,NFLX
NFLX260220P00085000,85.0,3.58,3.45,3.6,749.0,22280.0,0.2849192602539062,True,PUT,2026-02-20,NFLX
NFLX260220P00086000,86.0,4.25,4.15,4.3,962.0,7806.0,0.2876047802734374,True,PUT,2026-02-20,NFLX
NFLX260220P00087000,87.0,5.02,4.8,5.1,65.0,834.0,0.2971261694335937,True,PUT,2026-02-20,NFLX
NFLX260220P00088000,88.0,5.84,5.55,5.95,405.0,13192.0,0.3086006640625,True,PUT,2026-02-20,NFLX
NFLX260220P00089000,89.0,6.6,6.4,6.75,232.0,937.0,0.30664755859375,True,PUT,2026-02-20,NFLX
NFLX260220P00090000,90.0,7.44,7.4,7.6,220.0,13188.0,0.30664755859375,True,PUT,2026-02-20,NFLX
NFLX260220P00091000,91.0,8.37,8.2,8.45,5.0,162.0,0.29932341308593746,True,PUT,2026-02-20,NFLX
NFLX260220P00091500,91.5,8.59,8.7,9.2,1.0,225.0,0.3676821044921875,True,PUT,2026-02-20,NFLX
NFLX260220P00092000,92.0,9.42,9.15,9.45,18.0,9793.0,0.3237372314453124,True,PUT,2026-02-20,NFLX
NFLX260220P00092500,92.5,9.8,9.65,9.9,2.0,239.0,0.3217841259765625,True,PUT,2026-02-20,NFLX
NFLX260220P00093000,93.0,10.24,10.05,10.35,3.0,204.0,0.3178779150390625,True,PUT,2026-02-20,NFLX
NFLX260220P00093500,93.5,10.4,10.55,11.2,30.0,1.0,0.41992767578125,True,PUT,2026-02-20,NFLX
NFLX260220P00094000,94.0,11.25,11.1,11.4,23.0,2221.0,0.35596347167968745,True,PUT,2026-02-20,NFLX
NFLX260220P00095000,95.0,12.12,12.0,12.25,434.0,5873.0,0.32129584960937496,True,PUT,2026-02-20,NFLX
NFLX260220P00096000,96.0,13.18,13.05,13.3,94.0,1903.0,0.3632876171875,True,PUT,2026-02-20,NFLX
NFLX260220P00097000,97.0,11.2,13.9,14.25,7.0,219.0,0.35938140625,True,PUT,2026-02-20,NFLX
NFLX260220P00098000,98.0,15.33,14.85,15.25,1.0,3731.0,0.3789124609375,True,PUT,2026-02-20,NFLX
NFLX260220P00099000,99.0,13.2,16.0,16.7,1.0,50.0,0.5498091894531252,True,PUT,2026-02-20,NFLX
NFLX260220P00100000,100.0,17.25,17.0,17.5,45.0,7119.0,0.5151415673828125,True,PUT,2026-02-20,NFLX
NFLX260220P00102000,102.0,19.05,18.15,20.4,12.0,469.0,0.770510107421875,True,PUT,2026-02-20,NFLX
NFLX260220P00104000,104.0,20.68,20.15,22.15,1.0,324.0,0.764650791015625,True,PUT,2026-02-20,NFLX
NFLX260220P00105000,105.0,19.5,20.15,24.05,4.0,152.0,0.9604496142578124,True,PUT,2026-02-20,NFLX
NFLX260220P00106000,106.0,20.3,21.15,24.85,30.0,112.0,0.9477544287109375,True,PUT,2026-02-20,NFLX
NFLX260227C00060000,60.0,24.3,21.0,25.1,2.0,1.0,0.6191444335937502,True,CALL,2026-02-27,NFLX
NFLX260227C00070000,70.0,13.14,12.65,13.45,20.0,46.0,0.48340360351562506,True,CALL,2026-02-27,NFLX
NFLX260227C00075000,75.0,8.56,8.25,8.75,27.0,40.0,0.3857483300781249,True,CALL,2026-02-27,NFLX
NFLX260227C00076000,76.0,7.71,7.6,7.85,56.0,25.0,0.36817038085937503,True,CALL,2026-02-27,NFLX
NFLX260227C00077000,77.0,6.92,6.8,7.0,36.0,7.0,0.35547519531249994,True,CALL,2026-02-27,NFLX
NFLX260227C00078000,78.0,6.15,6.0,6.2,50.0,35.0,0.3461979443359374,True,CALL,2026-02-27,NFLX
NFLX260227C00079000,79.0,5.3,5.25,5.45,16.0,50.0,0.33887379882812496,True,CALL,2026-02-27,NFLX
NFLX260227C00080000,80.0,4.65,4.7,4.8,52.0,183.0,0.3386296606445312,True,CALL,2026-02-27,NFLX
NFLX260227C00081000,81.0,4.05,3.95,4.15,20.0,213.0,0.33301448242187504,True,CALL,2026-02-27,NFLX
NFLX260227C00082000,82.0,3.46,3.35,3.5,232.0,127.0,0.3225165405273437,True,CALL,2026-02-27,NFLX
NFLX260227C00083000,83.0,2.96,2.95,2.99,449.0,247.0,0.3215399877929687,False,CALL,2026-02-27,NFLX
NFLX260227C00084000,84.0,2.48,2.37,2.55,136.0,1079.0,0.3225165405273437,False,CALL,2026-02-27,NFLX
NFLX260227C00085000,85.0,2.1,2.0,2.06,378.0,1968.0,0.3127510131835937,False,CALL,2026-02-27,NFLX
NFLX260227C00086000,86.0,1.74,1.63,1.69,1086.0,968.0,0.3103096313476562,False,CALL,2026-02-27,NFLX
NFLX260227C00087000,87.0,1.43,1.37,1.46,365.0,500.0,0.3186103295898437,False,CALL,2026-02-27,NFLX
NFLX260227C00088000,88.0,1.15,1.12,1.2,242.0,2346.0,0.3188544677734374,False,CALL,2026-02-27,NFLX
NFLX260227C00089000,89.0,0.93,0.91,0.97,66.0,777.0,0.31763377685546873,False,CALL,2026-02-27,NFLX
NFLX260227C00090000,90.0,0.77,0.76,0.81,1840.0,3213.0,0.3217841259765625,False,CALL,2026-02-27,NFLX
NFLX260227C00091000,91.0,0.63,0.61,0.66,112.0,2831.0,0.3232489550781249,False,CALL,2026-02-27,NFLX
NFLX260227C00092000,92.0,0.51,0.5,0.54,56.0,1310.0,0.32569033691406246,False,CALL,2026-02-27,NFLX
NFLX260227C00093000,93.0,0.43,0.41,0.45,35.0,928.0,0.33008482421874996,False,CALL,2026-02-27,NFLX
NFLX260227C00094000,94.0,0.35,0.33,0.4,22.0,753.0,0.3403386279296875,False,CALL,2026-02-27,NFLX
NFLX260227C00095000,95.0,0.29,0.29,0.3,426.0,1247.0,0.3354558642578125,False,CALL,2026-02-27,NFLX
NFLX260227C00096000,96.0,0.24,0.24,0.25,11.0,307.0,0.3398503515625,False,CALL,2026-02-27,NFLX
NFLX260227C00097000,97.0,0.21,0.19,0.21,32.0,431.0,0.344733115234375,False,CALL,2026-02-27,NFLX
NFLX260227C00098000,98.0,0.16,0.16,0.19,10.0,517.0,0.3544986425781249,False,CALL,2026-02-27,NFLX
NFLX260227C00099000,99.0,0.18,0.13,0.18,10.0,305.0,0.367193828125,False,CALL,2026-02-27,NFLX
NFLX260227C00100000,100.0,0.14,0.12,0.15,333.0,4062.0,0.3711000390625,False,CALL,2026-02-27,NFLX
NFLX260227C00101000,101.0,0.21,0.1,0.15,17.0,120.0,0.38672488281249995,False,CALL,2026-02-27,NFLX
NFLX260227C00102000,102.0,0.21,0.05,1.56,1.0,228.0,0.5864299169921875,False,CALL,2026-02-27,NFLX
NFLX260227C00103000,103.0,0.12,0.06,0.26,1.0,152.0,0.46289599609375004,False,CALL,2026-02-27,NFLX
NFLX260227C00104000,104.0,0.14,0.0,1.73,7.0,124.0,0.6362341064453125,False,CALL,2026-02-27,NFLX
NFLX260227C00105000,105.0,0.07,0.06,0.1,13.0,472.0,0.41699801757812494,False,CALL,2026-02-27,NFLX
NFLX260227P00060000,60.0,0.01,0.0,0.61,11.0,52.0,0.69336244140625,False,PUT,2026-02-27,NFLX
NFLX260227P00070000,70.0,0.14,0.12,0.14,78.0,3296.0,0.34766277343749996,False,PUT,2026-02-27,NFLX
NFLX260227P00072000,72.0,0.22,0.19,0.26,56.0,33.0,0.34278000976562495,False,PUT,2026-02-27,NFLX
NFLX260227P00073000,73.0,0.27,0.25,0.28,25.0,63.0,0.3227606787109374,False,PUT,2026-02-27,NFLX
NFLX260227P00074000,74.0,0.35,0.33,0.36,28.0,53.0,0.31641308593749995,False,PUT,2026-02-27,NFLX
NFLX260227P00075000,75.0,0.47,0.43,0.5,302.0,3541.0,0.3186103295898437,False,PUT,2026-02-27,NFLX
NFLX260227P00076000,76.0,0.58,0.56,0.58,81.0,723.0,0.30371790039062496,False,PUT,2026-02-27,NFLX
NFLX260227P00077000,77.0,0.75,0.73,0.77,214.0,853.0,0.3034737622070312,False,PUT,2026-02-27,NFLX
NFLX260227P00078000,78.0,0.96,0.93,0.99,100.0,752.0,0.301764794921875,False,PUT,2026-02-27,NFLX
NFLX260227P00079000,79.0,1.26,1.18,1.29,99.0,680.0,0.3042061767578125,False,PUT,2026-02-27,NFLX
NFLX260227P00080000,80.0,1.56,1.51,1.55,356.0,2580.0,0.2957834094238281,False,PUT,2026-02-27,NFLX
NFLX260227P00081000,81.0,1.88,1.86,1.93,107.0,510.0,0.29566134033203123,False,PUT,2026-02-27,NFLX
NFLX260227P00082000,82.0,2.29,2.26,2.36,511.0,3668.0,0.2946847875976562,False,PUT,2026-02-27,NFLX
NFLX260227P00083000,83.0,2.76,2.74,2.83,117.0,615.0,0.2919992675781249,True,PUT,2026-02-27,NFLX
NFLX260227P00084000,84.0,3.4,3.2,3.55,119.0,499.0,0.30982135498046875,True,PUT,2026-02-27,NFLX
NFLX260227P00085000,85.0,3.92,3.8,4.05,129.0,1001.0,0.2985909985351562,True,PUT,2026-02-27,NFLX
NFLX260227P00086000,86.0,4.67,4.45,4.7,46.0,642.0,0.2978585839843749,True,PUT,2026-02-27,NFLX
NFLX260227P00087000,87.0,5.2,5.1,5.4,217.0,511.0,0.2971261694335937,True,PUT,2026-02-27,NFLX
NFLX260227P00088000,88.0,6.02,5.85,6.2,12.0,398.0,0.3034737622070312,True,PUT,2026-02-27,NFLX
NFLX260227P00089000,89.0,7.01,6.65,7.15,2.0,437.0,0.32617861328125,True,PUT,2026-02-27,NFLX
NFLX260227P00090000,90.0,7.85,7.35,7.95,5.0,797.0,0.3249579223632812,True,PUT,2026-02-27,NFLX
NFLX260227P00091000,91.0,8.47,8.35,8.65,5.0,248.0,0.3007882421875,True,PUT,2026-02-27,NFLX
NFLX260227P00092000,92.0,9.57,9.25,9.55,2.0,167.0,0.30445031494140623,True,PUT,2026-02-27,NFLX
NFLX260227P00093000,93.0,10.55,9.75,10.95,1.0,217.0,0.39990834472656256,True,PUT,2026-02-27,NFLX
NFLX260227P00094000,94.0,11.4,10.95,11.85,6.0,133.0,0.4062559375,True,PUT,2026-02-27,NFLX
NFLX260227P00095000,95.0,12.4,12.0,12.7,3.0,142.0,0.39990834472656256,True,PUT,2026-02-27,NFLX
NFLX260227P00096000,96.0,11.65,11.15,15.05,2.0,36.0,0.6362341064453125,True,PUT,2026-02-27,NFLX
NFLX260227P00097000,97.0,12.08,13.4,16.2,1.0,130.0,0.6813996704101564,True,PUT,2026-02-27,NFLX
NFLX260227P00098000,98.0,15.84,13.1,17.25,4.0,70.0,0.7128934960937501,True,PUT,2026-02-27,NFLX
NFLX260227P00099000,99.0,13.56,14.05,18.2,1.0,82.0,0.7299831689453125,True,PUT,2026-02-27,NFLX
NFLX260227P00100000,100.0,17.44,16.45,18.45,176.0,831.0,0.64062859375,True,PUT,2026-02-27,NFLX
NFLX260227P00101000,101.0,15.05,16.1,20.15,18.0,24.0,0.7690452783203126,True,PUT,2026-02-27,NFLX
NFLX260227P00102000,102.0,17.77,17.1,21.2,8.0,0.0,0.79883013671875,True,PUT,2026-02-27,NFLX
NFLX260227P00103000,103.0,18.46,18.2,22.15,2.0,109.0,0.8132342895507811,True,PUT,2026-02-27,NFLX
NFLX260227P00104000,104.0,20.41,19.1,23.15,40.0,0.0,0.834718449707031,True,PUT,2026-02-27,NFLX
NFLX260227P00105000,105.0,19.4,20.05,23.7,3.0,17.0,0.7851583984375,True,PUT,2026-02-27,NFLX
NFLX260306C00060000,60.0,27.0,21.1,25.25,15.0,15.0,0.6171913281250001,True,CALL,2026-03-06,NFLX
NFLX260306C00075000,75.0,8.72,8.55,9.05,4.0,27.0,0.3898986791992188,True,CALL,2026-03-06,NFLX
NFLX260306C00076000,76.0,7.76,7.75,8.3,5.0,9.0,0.39063109375,True,CALL,2026-03-06,NFLX
NFLX260306C00077000,77.0,10.0,6.95,7.3,6.0,6.0,0.3569400244140625,True,CALL,2026-03-06,NFLX
NFLX260306C00078000,78.0,6.39,6.3,6.6,22.0,216.0,0.35742830078125,True,CALL,2026-03-06,NFLX
NFLX260306C00079000,79.0,5.71,5.55,5.9,11.0,26.0,0.35352208984374994,True,CALL,2026-03-06,NFLX
NFLX260306C00080000,80.0,5.0,4.9,5.45,5.0,299.0,0.3711000390625,True,CALL,2026-03-06,NFLX
NFLX260306C00081000,81.0,4.45,4.3,4.6,28.0,20.0,0.34400070068359373,True,CALL,2026-03-06,NFLX
NFLX260306C00082000,82.0,4.0,3.8,4.0,100.0,18.0,0.33814138427734375,True,CALL,2026-03-06,NFLX
NFLX260306C00083000,83.0,3.41,3.3,3.5,127.0,66.0,0.33777517700195314,False,CALL,2026-03-06,NFLX
NFLX260306C00084000,84.0,2.9,2.95,2.98,283.0,734.0,0.33130551513671874,False,CALL,2026-03-06,NFLX
NFLX260306C00085000,85.0,2.44,2.38,2.53,90.0,509.0,0.327155166015625,False,CALL,2026-03-06,NFLX
NFLX260306C00086000,86.0,2.05,2.04,2.17,69.0,568.0,0.32739930419921875,False,CALL,2026-03-06,NFLX
NFLX260306C00087000,87.0,1.84,1.71,1.9,363.0,1976.0,0.3327703442382813,False,CALL,2026-03-06,NFLX
NFLX260306C00088000,88.0,1.5,1.45,1.73,43.0,107.0,0.3452213916015625,False,CALL,2026-03-06,NFLX
NFLX260306C00089000,89.0,1.19,1.21,1.49,20.0,101.0,0.3474186352539062,False,CALL,2026-03-06,NFLX
NFLX260306C00090000,90.0,1.07,1.03,1.13,485.0,1996.0,0.331061376953125,False,CALL,2026-03-06,NFLX
NFLX260306C00091000,91.0,0.9,0.85,0.94,18.0,187.0,0.33081723876953123,False,CALL,2026-03-06,NFLX
NFLX260306C00092000,92.0,0.77,0.71,0.8,35.0,81.0,0.33374689697265625,False,CALL,2026-03-06,NFLX
NFLX260306C00093000,93.0,0.64,0.59,0.66,9.0,176.0,0.33350275878906255,False,CALL,2026-03-06,NFLX
NFLX260306C00094000,94.0,0.5,0.49,0.57,16.0,73.0,0.33838552246093745,False,CALL,2026-03-06,NFLX
NFLX260306C00095000,95.0,0.43,0.43,0.49,24.0,270.0,0.34278000976562495,False,CALL,2026-03-06,NFLX
NFLX260306C00096000,96.0,0.42,0.35,0.59,4.0,43.0,0.3803772900390625,False,CALL,2026-03-06,NFLX
NFLX260306C00097000,97.0,0.34,0.18,0.51,68.0,99.0,0.3833069482421875,False,CALL,2026-03-06,NFLX
NFLX260306C00100000,100.0,0.23,0.18,0.21,129.0,405.0,0.35645174804687496,False,CALL,2026-03-06,NFLX
NFLX260306C00105000,105.0,0.14,0.1,0.15,3.0,279.0,0.401373173828125,False,CALL,2026-03-06,NFLX
NFLX260306P00070000,70.0,0.23,0.18,0.26,30.0,1515.0,0.35645174804687496,False,PUT,2026-03-06,NFLX
NFLX260306P00072000,72.0,0.26,0.12,0.5,13.0,60.0,0.3667055517578125,False,PUT,2026-03-06,NFLX
NFLX260306P00073000,73.0,0.44,0.39,0.44,8.0,74.0,0.3278875805664062,False,PUT,2026-03-06,NFLX
NFLX260306P00074000,74.0,0.57,0.45,0.6,3.0,19.0,0.33228206787109377,False,PUT,2026-03-06,NFLX
NFLX260306P00075000,75.0,0.66,0.62,0.69,64.0,387.0,0.31958688232421867,False,PUT,2026-03-06,NFLX
NFLX260306P00076000,76.0,0.9,0.69,0.87,8.0,38.0,0.31763377685546873,False,PUT,2026-03-06,NFLX
NFLX260306P00077000,77.0,0.99,0.81,1.1,38.0,58.0,0.31763377685546873,False,PUT,2026-03-06,NFLX
NFLX260306P00078000,78.0,1.32,1.17,1.35,47.0,132.0,0.3154365332031249,False,PUT,2026-03-06,NFLX
NFLX260306P00079000,79.0,1.6,1.42,1.64,41.0,143.0,0.3129951513671875,False,PUT,2026-03-06,NFLX
NFLX260306P00080000,80.0,1.8,1.79,2.0,104.0,428.0,0.313483427734375,False,PUT,2026-03-06,NFLX
NFLX260306P00081000,81.0,2.38,2.16,2.56,17.0,225.0,0.3288641333007812,False,PUT,2026-03-06,NFLX
NFLX260306P00082000,82.0,2.64,2.61,2.74,49.0,110.0,0.30225307128906254,False,PUT,2026-03-06,NFLX
NFLX260306P00083000,83.0,3.15,3.0,3.4,29.0,87.0,0.317389638671875,True,PUT,2026-03-06,NFLX
NFLX260306P00084000,84.0,3.7,3.6,3.8,25.0,127.0,0.30322962402343745,True,PUT,2026-03-06,NFLX
NFLX260306P00085000,85.0,4.23,4.15,4.35,78.0,160.0,0.2985909985351562,True,PUT,2026-03-06,NFLX
NFLX260306P00086000,86.0,4.87,4.75,5.0,27.0,24.0,0.29895720581054686,True,PUT,2026-03-06,NFLX
NFLX260306P00087000,87.0,5.62,5.4,5.85,5.0,112.0,0.3156806713867187,True,PUT,2026-03-06,NFLX
NFLX260306P00088000,88.0,6.4,6.15,6.4,184.0,179.0,0.2966378930664062,True,PUT,2026-03-06,NFLX
NFLX260306P00089000,89.0,6.74,6.8,7.4,1.0,3.0,0.32398136962890617,True,PUT,2026-03-06,NFLX
NFLX260306P00090000,90.0,7.83,7.7,8.0,12.0,85.0,0.299811689453125,True,PUT,2026-03-06,NFLX
NFLX260306P00091000,91.0,8.54,8.35,9.15,,2.0,0.3435124243164062,True,PUT,2026-03-06,NFLX
NFLX260306P00093000,93.0,8.72,10.2,10.85,2.0,26.0,0.34570966796874997,True,PUT,2026-03-06,NFLX
NFLX260306P00094000,94.0,8.82,11.05,12.0,2.0,20.0,0.389654541015625,True,PUT,2026-03-06,NFLX
NFLX260306P00095000,95.0,12.5,11.7,12.7,2.0,17.0,0.36084623535156246,True,PUT,2026-03-06,NFLX
NFLX260306P00096000,96.0,12.02,12.4,14.2,2.0,7.0,0.4606987524414063,True,PUT,2026-03-06,NFLX
NFLX260306P00097000,97.0,12.78,13.65,14.85,10.0,10.0,0.42529871582031253,True,PUT,2026-03-06,NFLX
NFLX260306P00100000,100.0,17.45,15.65,18.2,175.0,187.0,0.5395553857421876,True,PUT,2026-03-06,NFLX
NFLX260320C00059000,59.0,26.3,22.55,26.4,1.0,211.0,0.641605146484375,True,CALL,2026-03-20,NFLX
NFLX260320C00060000,60.0,23.25,22.85,23.7,14.0,762.0,0.559574716796875,True,CALL,2026-03-20,NFLX
NFLX260320C00061000,61.0,30.83,20.6,24.45,20.0,100.0,0.6030313134765627,True,CALL,2026-03-20,NFLX
NFLX260320C00062000,62.0,22.8,20.1,22.65,1.0,210.0,0.5410202148437502,True,CALL,2026-03-20,NFLX
NFLX260320C00063000,63.0,27.83,19.85,22.05,8.0,193.0,0.6379430737304688,True,CALL,2026-03-20,NFLX
NFLX260320C00064000,64.0,27.2,18.85,20.7,1.0,210.0,0.5786174951171875,True,CALL,2026-03-20,NFLX
NFLX260320C00065000,65.0,18.6,17.8,18.65,1.0,269.0,0.5290574438476563,True,CALL,2026-03-20,NFLX
NFLX260320C00066000,66.0,18.35,16.95,18.1,2.0,159.0,0.5810588769531251,True,CALL,2026-03-20,NFLX
NFLX260320C00067000,67.0,16.23,16.1,16.75,8.0,165.0,0.4968312036132813,True,CALL,2026-03-20,NFLX
NFLX260320C00068000,68.0,15.46,15.3,15.85,8.0,191.0,0.48779809082031256,True,CALL,2026-03-20,NFLX
NFLX260320C00069000,69.0,16.9,14.15,14.95,1.0,149.0,0.477544287109375,True,CALL,2026-03-20,NFLX
NFLX260320C00070000,70.0,13.7,13.5,13.9,18.0,537.0,0.44385321777343745,True,CALL,2026-03-20,NFLX
NFLX260320C00071000,71.0,13.1,12.5,13.0,1.0,287.0,0.4321345849609375,True,CALL,2026-03-20,NFLX
NFLX260320C00072000,72.0,11.75,11.45,12.15,3.0,542.0,0.42529871582031253,True,CALL,2026-03-20,NFLX
NFLX260320C00073000,73.0,11.02,10.75,11.3,4.0,222.0,0.4165097412109374,True,CALL,2026-03-20,NFLX
NFLX260320C00074000,74.0,10.05,10.0,10.4,5.0,383.0,0.40039662109375,True,CALL,2026-03-20,NFLX
NFLX260320C00075000,75.0,9.37,9.25,9.5,49.0,258.0,0.38281867187499996,True,CALL,2026-03-20,NFLX
NFLX260320C00076000,76.0,10.0,8.25,8.8,6.0,300.0,0.38477177734374995,True,CALL,2026-03-20,NFLX
NFLX260320C00077000,77.0,7.83,7.6,8.0,26.0,162.0,0.37390762817382805,True,CALL,2026-03-20,NFLX
NFLX260320C00078000,78.0,7.07,7.0,7.3,13.0,288.0,0.370123486328125,True,CALL,2026-03-20,NFLX
NFLX260320C00079000,79.0,6.5,6.35,6.6,8.0,325.0,0.36377589355468753,True,CALL,2026-03-20,NFLX
NFLX260320C00080000,80.0,5.85,5.8,5.95,561.0,2503.0,0.3588931298828125,True,CALL,2026-03-20,NFLX
NFLX260320C00081000,81.0,5.2,5.15,5.3,24.0,301.0,0.35144691528320304,True,CALL,2026-03-20,NFLX
NFLX260320C00082000,82.0,4.66,4.6,4.75,2161.0,776.0,0.3493717407226562,True,CALL,2026-03-20,NFLX
NFLX260320C00083000,83.0,4.15,4.05,4.25,478.0,837.0,0.34839518798828123,False,CALL,2026-03-20,NFLX
NFLX260320C00084000,84.0,3.7,3.6,3.75,339.0,2068.0,0.34448897705078124,False,CALL,2026-03-20,NFLX
NFLX260320C00085000,85.0,3.25,3.2,3.35,6259.0,24602.0,0.34570966796874997,False,CALL,2026-03-20,NFLX
NFLX260320C00086000,86.0,2.86,2.83,2.91,535.0,4139.0,0.340826904296875,False,CALL,2026-03-20,NFLX
NFLX260320C00087000,87.0,2.53,2.45,2.56,742.0,2056.0,0.3403386279296875,False,CALL,2026-03-20,NFLX
NFLX260320C00088000,88.0,2.23,2.13,2.24,235.0,2968.0,0.3397282824707031,False,CALL,2026-03-20,NFLX
NFLX260320C00089000,89.0,1.92,1.85,1.95,433.0,2789.0,0.33887379882812496,False,CALL,2026-03-20,NFLX
NFLX260320C00090000,90.0,1.68,1.63,1.68,6048.0,35187.0,0.3371648315429688,False,CALL,2026-03-20,NFLX
NFLX260320C00091000,91.0,1.42,1.4,1.44,207.0,2924.0,0.3354558642578125,False,CALL,2026-03-20,NFLX
NFLX260320C00092000,92.0,1.24,1.2,1.27,207.0,4780.0,0.33838552246093745,False,CALL,2026-03-20,NFLX
NFLX260320C00093000,93.0,1.12,1.04,1.1,141.0,2823.0,0.3391179370117187,False,CALL,2026-03-20,NFLX
NFLX260320C00094000,94.0,0.92,0.92,0.95,404.0,3922.0,0.3398503515625,False,CALL,2026-03-20,NFLX
NFLX260320C00095000,95.0,0.81,0.79,0.82,1184.0,16751.0,0.340826904296875,False,CALL,2026-03-20,NFLX
NFLX260320C00096000,96.0,0.68,0.69,0.73,97.0,2712.0,0.3452213916015625,False,CALL,2026-03-20,NFLX
NFLX260320C00097000,97.0,0.62,0.6,0.62,38.0,3245.0,0.344733115234375,False,CALL,2026-03-20,NFLX
NFLX260320C00098000,98.0,0.54,0.53,0.56,1124.0,3042.0,0.3501041552734374,False,CALL,2026-03-20,NFLX
NFLX260320C00099000,99.0,0.49,0.46,0.5,26.0,1879.0,0.3544986425781249,False,CALL,2026-03-20,NFLX
NFLX260320C00100000,100.0,0.44,0.43,0.44,5495.0,54886.0,0.35742830078125,False,CALL,2026-03-20,NFLX
NFLX260320C00101000,101.0,0.39,0.37,0.39,54.0,2274.0,0.36084623535156246,False,CALL,2026-03-20,NFLX
NFLX260320C00102000,102.0,0.34,0.34,0.35,163.0,2366.0,0.36524072265625,False,CALL,2026-03-20,NFLX
NFLX260320C00103000,103.0,0.32,0.31,0.32,43.0,2650.0,0.3706117626953125,False,CALL,2026-03-20,NFLX
NFLX260320C00104000,104.0,0.3,0.27,0.3,130.0,2443.0,0.37793590820312495,False,CALL,2026-03-20,NFLX
NFLX260320C00105000,105.0,0.28,0.25,0.27,184.0,14659.0,0.38184211914062494,False,CALL,2026-03-20,NFLX
NFLX260320C00106000,106.0,0.24,0.23,0.25,63.0,2128.0,0.387701435546875,False,CALL,2026-03-20,NFLX
NFLX260320C00107000,107.0,0.25,0.22,0.25,12.0,1097.0,0.39942006835937505,False,CALL,2026-03-20,NFLX
NFLX260320P00059000,59.0,0.12,0.0,0.22,2.0,141.0,0.5205126074218749,False,PUT,2026-03-20,NFLX
NFLX260320P00060000,60.0,0.15,0.06,0.17,1.0,1231.0,0.47559118164062497,False,PUT,2026-03-20,NFLX
NFLX260320P00061000,61.0,0.08,0.0,0.17,1.0,321.0,0.454107021484375,False,PUT,2026-03-20,NFLX
NFLX260320P00062000,62.0,0.1,0.0,0.19,1.0,536.0,0.44336494140625,False,PUT,2026-03-20,NFLX
NFLX260320P00063000,63.0,0.16,0.01,0.21,1.0,423.0,0.43066975585937506,False,PUT,2026-03-20,NFLX
NFLX260320P00064000,64.0,0.15,0.06,0.22,2.0,763.0,0.414068359375,False,PUT,2026-03-20,NFLX
NFLX260320P00065000,65.0,0.2,0.17,0.2,8.0,1760.0,0.3857483300781249,False,PUT,2026-03-20,NFLX
NFLX260320P00066000,66.0,0.23,0.2,0.25,2.0,391.0,0.38281867187499996,False,PUT,2026-03-20,NFLX
NFLX260320P00067000,67.0,0.25,0.24,0.29,4.0,745.0,0.37402969726562496,False,PUT,2026-03-20,NFLX
NFLX260320P00068000,68.0,0.31,0.29,0.33,58.0,340.0,0.36377589355468753,False,PUT,2026-03-20,NFLX
NFLX260320P00069000,69.0,0.37,0.35,0.39,53.0,708.0,0.3569400244140625,False,PUT,2026-03-20,NFLX
NFLX260320P00070000,70.0,0.45,0.42,0.47,88.0,5451.0,0.3518131225585937,False,PUT,2026-03-20,NFLX
NFLX260320P00071000,71.0,0.53,0.51,0.55,13055.0,1056.0,0.3442448388671875,False,PUT,2026-03-20,NFLX
NFLX260320P00072000,72.0,0.66,0.61,0.68,27.0,9842.0,0.34278000976562495,False,PUT,2026-03-20,NFLX
NFLX260320P00073000,73.0,0.77,0.74,0.81,3788.0,14294.0,0.33814138427734375,False,PUT,2026-03-20,NFLX
NFLX260320P00074000,74.0,0.91,0.88,0.93,94.0,4148.0,0.3293524096679687,False,PUT,2026-03-20,NFLX
NFLX260320P00075000,75.0,1.08,1.07,1.12,2614.0,9982.0,0.32691102783203124,False,PUT,2026-03-20,NFLX
NFLX260320P00076000,76.0,1.33,1.26,1.33,34.0,2655.0,0.32349309326171866,False,PUT,2026-03-20,NFLX
NFLX260320P00077000,77.0,1.57,1.52,1.58,794.0,3771.0,0.3210517114257812,False,PUT,2026-03-20,NFLX
NFLX260320P00078000,78.0,1.84,1.84,1.84,624.0,19008.0,0.31641308593749995,False,PUT,2026-03-20,NFLX
NFLX260320P00079000,79.0,2.2,2.08,2.2,209.0,2655.0,0.3178779150390625,False,PUT,2026-03-20,NFLX
NFLX260320P00080000,80.0,2.53,2.46,2.5,11723.0,9927.0,0.31055376953124997,False,PUT,2026-03-20,NFLX
NFLX260320P00081000,81.0,2.86,2.85,2.96,13500.0,4353.0,0.3136054968261719,False,PUT,2026-03-20,NFLX
NFLX260320P00082000,82.0,3.35,3.3,3.4,1019.0,9593.0,0.31140825317382803,False,PUT,2026-03-20,NFLX
NFLX260320P00083000,83.0,3.83,3.75,3.9,331.0,27437.0,0.3107979077148437,True,PUT,2026-03-20,NFLX
NFLX260320P00084000,84.0,4.5,4.3,4.45,188.0,10495.0,0.3110420458984374,True,PUT,2026-03-20,NFLX
NFLX260320P00085000,85.0,4.86,4.8,5.0,387.0,10374.0,0.3078682495117187,True,PUT,2026-03-20,NFLX
NFLX260320P00086000,86.0,5.5,5.4,5.6,30.0,12360.0,0.30542686767578126,True,PUT,2026-03-20,NFLX
NFLX260320P00087000,87.0,6.14,6.05,6.25,64.0,3462.0,0.3039620385742187,True,PUT,2026-03-20,NFLX
NFLX260320P00088000,88.0,6.82,6.75,6.95,33.0,4544.0,0.30371790039062496,True,PUT,2026-03-20,NFLX
NFLX260320P00089000,89.0,7.7,7.45,7.9,13.0,6171.0,0.3237372314453124,True,PUT,2026-03-20,NFLX
NFLX260320P00090000,90.0,8.3,8.2,8.45,178.0,20836.0,0.30322962402343745,True,PUT,2026-03-20,NFLX
NFLX260320P00091000,91.0,9.05,8.95,9.15,20.0,3717.0,0.2924875439453124,True,PUT,2026-03-20,NFLX
NFLX260320P00092000,92.0,10.05,9.8,10.1,26.0,4365.0,0.30664755859375,True,PUT,2026-03-20,NFLX
NFLX260320P00093000,93.0,10.79,10.65,10.95,17.0,4085.0,0.3073799731445312,True,PUT,2026-03-20,NFLX
NFLX260320P00094000,94.0,11.67,11.5,11.85,106.0,2636.0,0.31201859863281245,True,PUT,2026-03-20,NFLX
NFLX260320P00095000,95.0,12.65,12.35,12.65,181.0,7720.0,0.2995675512695312,True,PUT,2026-03-20,NFLX
NFLX260320P00096000,96.0,13.4,13.3,13.6,13.0,8883.0,0.30713583496093744,True,PUT,2026-03-20,NFLX
NFLX260320P00097000,97.0,14.39,14.2,14.5,359.0,2326.0,0.3039620385742187,True,PUT,2026-03-20,NFLX
NFLX260320P00098000,98.0,15.53,15.15,15.55,2.0,3138.0,0.32813171874999997,True,PUT,2026-03-20,NFLX
NFLX260320P00099000,99.0,16.45,16.1,16.5,4.0,7601.0,0.3325262060546875,True,PUT,2026-03-20,NFLX
NFLX260320P00100000,100.0,17.26,17.15,17.6,252.0,11256.0,0.366217275390625,True,PUT,2026-03-20,NFLX
NFLX260320P00101000,101.0,15.4,16.6,18.75,24.0,4548.0,0.4074766284179688,True,PUT,2026-03-20,NFLX
NFLX260320P00102000,102.0,16.0,17.5,19.75,12.0,4405.0,0.42188078125,True,PUT,2026-03-20,NFLX
NFLX260320P00103000,103.0,18.55,18.9,20.8,25.0,1527.0,0.4445856323242187,True,PUT,2026-03-20,NFLX
NFLX260320P00104000,104.0,21.0,20.4,21.9,1.0,6034.0,0.4753470434570312,True,PUT,2026-03-20,NFLX
NFLX260320P00105000,105.0,22.28,21.8,22.9,23.0,2053.0,0.4892629199218751,True,PUT,2026-03-20,NFLX
NFLX260320P00106000,106.0,23.15,22.75,24.4,5.0,789.0,0.5786174951171875,True,PUT,2026-03-20,NFLX
NFLX260320P00107000,107.0,21.8,22.1,26.25,11.0,1163.0,0.6999541723632813,True,PUT,2026-03-20,NFLX
NFLX260417C00060000,60.0,25.44,23.0,25.0,1.0,54.0,0.5874064697265625,True,CALL,2026-04-17,NFLX
NFLX260417C00062000,62.0,24.05,21.15,22.8,2.0,23.0,0.5383346948242189,True,CALL,2026-04-17,NFLX
NFLX260417C00064000,64.0,21.25,19.35,20.35,1.0,55.0,0.5437057348632813,True,CALL,2026-04-17,NFLX
NFLX260417C00065000,65.0,18.9,18.5,19.25,7.0,19.0,0.5080615600585938,True,CALL,2026-04-17,NFLX
NFLX260417C00066000,66.0,19.6,17.6,18.6,10.0,47.0,0.5266160620117188,True,CALL,2026-04-17,NFLX
NFLX260417C00068000,68.0,17.73,15.85,16.8,5.0,91.0,0.5004932763671875,True,CALL,2026-04-17,NFLX
NFLX260417C00070000,70.0,14.6,14.25,15.0,4.0,228.0,0.47192910888671874,True,CALL,2026-04-17,NFLX
NFLX260417C00072000,72.0,14.56,11.9,13.75,1.0,83.0,0.48901878173828134,True,CALL,2026-04-17,NFLX
NFLX260417C00074000,74.0,12.69,11.05,11.6,20.0,85.0,0.42456630126953127,True,CALL,2026-04-17,NFLX
NFLX260417C00075000,75.0,10.76,10.6,10.85,68.0,232.0,0.41834077758789057,True,CALL,2026-04-17,NFLX
NFLX260417C00076000,76.0,11.6,9.7,10.15,64.0,72.0,0.4145566357421875,True,CALL,2026-04-17,NFLX
NFLX260417C00078000,78.0,8.62,8.4,8.8,11.0,103.0,0.4056455920410156,True,CALL,2026-04-17,NFLX
NFLX260417C00080000,80.0,7.42,7.4,7.6,122.0,1141.0,0.40064075927734377,True,CALL,2026-04-17,NFLX
NFLX260417C00082000,82.0,6.35,6.3,6.4,305.0,909.0,0.3891662646484375,True,CALL,2026-04-17,NFLX
NFLX260417C00084000,84.0,5.3,5.3,5.45,564.0,1699.0,0.38733522827148437,False,CALL,2026-04-17,NFLX
NFLX260417C00085000,85.0,4.9,4.95,5.05,585.0,10247.0,0.3888000573730469,False,CALL,2026-04-17,NFLX
NFLX260417C00086000,86.0,4.55,4.45,4.65,475.0,2188.0,0.3885559191894531,False,CALL,2026-04-17,NFLX
NFLX260417C00088000,88.0,3.8,3.65,3.9,89.0,3465.0,0.3864807446289062,False,CALL,2026-04-17,NFLX
NFLX260417C00090000,90.0,3.14,3.05,3.15,1220.0,8319.0,0.37793590820312495,False,CALL,2026-04-17,NFLX
NFLX260417C00092000,92.0,2.56,2.52,2.64,247.0,2606.0,0.379889013671875,False,CALL,2026-04-17,NFLX
NFLX260417C00094000,94.0,2.09,2.07,2.15,110.0,1651.0,0.37756970092773434,False,CALL,2026-04-17,NFLX
NFLX260417C00095000,95.0,1.92,1.9,1.92,599.0,5462.0,0.37525038818359374,False,CALL,2026-04-17,NFLX
NFLX260417C00096000,96.0,1.73,1.69,1.77,3322.0,2115.0,0.3781800463867187,False,CALL,2026-04-17,NFLX
NFLX260417C00098000,98.0,1.38,1.37,1.46,67.0,2498.0,0.3797669445800781,False,CALL,2026-04-17,NFLX
NFLX260417C00100000,100.0,1.18,1.15,1.18,2967.0,22567.0,0.37915659912109373,False,CALL,2026-04-17,NFLX
NFLX260417C00102000,102.0,0.98,0.9,0.98,78.0,1626.0,0.38233039550781245,False,CALL,2026-04-17,NFLX
NFLX260417C00104000,104.0,0.77,0.75,0.8,59.0,1200.0,0.383795224609375,False,CALL,2026-04-17,NFLX
NFLX260417C00105000,105.0,0.7,0.7,0.77,584.0,8664.0,0.39087523193359375,False,CALL,2026-04-17,NFLX
NFLX260417C00106000,106.0,0.83,0.6,0.65,7.0,865.0,0.38477177734374995,False,CALL,2026-04-17,NFLX
NFLX260417P00060000,60.0,0.15,0.01,0.3,8.0,1556.0,0.42578699218750005,False,PUT,2026-04-17,NFLX
NFLX260417P00062000,62.0,0.21,0.15,0.55,1.0,857.0,0.44727115234375,False,PUT,2026-04-17,NFLX
NFLX260417P00064000,64.0,0.48,0.43,0.5,2.0,3382.0,0.3986876538085938,False,PUT,2026-04-17,NFLX
NFLX260417P00065000,65.0,0.54,0.51,0.58,198.0,864.0,0.39453730468750003,False,PUT,2026-04-17,NFLX
NFLX260417P00066000,66.0,0.54,0.59,0.64,3.0,4362.0,0.3852600537109374,False,PUT,2026-04-17,NFLX
NFLX260417P00068000,68.0,0.85,0.79,0.89,22.0,2024.0,0.38233039550781245,False,PUT,2026-04-17,NFLX
NFLX260417P00070000,70.0,1.1,1.06,1.15,149.0,8517.0,0.37256486816406253,False,PUT,2026-04-17,NFLX
NFLX260417P00072000,72.0,1.45,1.41,1.66,12.0,883.0,0.3811097045898437,False,PUT,2026-04-17,NFLX
NFLX260417P00074000,74.0,1.91,1.84,1.97,20.0,654.0,0.362311064453125,False,PUT,2026-04-17,NFLX
NFLX260417P00075000,75.0,2.13,2.12,2.18,107.0,3946.0,0.35559726440429684,False,PUT,2026-04-17,NFLX
NFLX260417P00076000,76.0,2.42,2.39,2.48,86.0,1400.0,0.354376573486328,False,PUT,2026-04-17,NFLX
NFLX260417P00078000,78.0,3.1,3.05,3.15,114.0,3183.0,0.35108070800781244,False,PUT,2026-04-17,NFLX
NFLX260417P00080000,80.0,3.83,3.75,3.9,337.0,9356.0,0.3455875988769531,False,PUT,2026-04-17,NFLX
NFLX260417P00082000,82.0,4.75,4.7,4.85,189.0,1664.0,0.3455875988769531,False,PUT,2026-04-17,NFLX
NFLX260417P00084000,84.0,5.8,5.7,5.85,335.0,3132.0,0.3409489733886719,True,PUT,2026-04-17,NFLX
NFLX260417P00085000,85.0,6.26,6.25,6.4,175.0,8343.0,0.33899586791992187,True,PUT,2026-04-17,NFLX
NFLX260417P00086000,86.0,7.04,6.8,7.0,195.0,2345.0,0.33850759155273435,True,PUT,2026-04-17,NFLX
NFLX260417P00088000,88.0,8.16,8.05,8.3,26.0,3889.0,0.33838552246093745,True,PUT,2026-04-17,NFLX
NFLX260417P00090000,90.0,9.45,9.45,9.6,93.0,6547.0,0.3309393078613281,True,PUT,2026-04-17,NFLX
NFLX260417P00092000,92.0,11.15,10.8,11.15,14.0,1015.0,0.33447931152343746,True,PUT,2026-04-17,NFLX
NFLX260417P00094000,94.0,12.66,12.3,12.8,19.0,3785.0,0.3398503515625,True,PUT,2026-04-17,NFLX
NFLX260417P00095000,95.0,13.33,13.15,13.6,2.0,2802.0,0.3382634533691406,True,PUT,2026-04-17,NFLX
NFLX260417P00096000,96.0,12.85,13.9,14.5,2.0,3968.0,0.3442448388671875,True,PUT,2026-04-17,NFLX
NFLX260417P00098000,98.0,14.12,15.3,16.2,1.0,3128.0,0.3430241479492187,True,PUT,2026-04-17,NFLX
NFLX260417P00100000,100.0,17.75,17.2,18.1,7.0,5579.0,0.358404853515625,True,PUT,2026-04-17,NFLX
NFLX260417P00102000,102.0,16.6,18.9,20.25,10.0,3516.0,0.40015248291015626,True,PUT,2026-04-17,NFLX
NFLX260417P00104000,104.0,21.55,21.15,21.6,9.0,1787.0,0.33838552246093745,True,PUT,2026-04-17,NFLX
NFLX260417P00105000,105.0,19.4,21.25,23.25,30.0,411.0,0.43628493408203123,True,PUT,2026-04-17,NFLX
NFLX260417P00106000,106.0,21.07,21.75,23.6,1.0,1604.0,0.3591372680664062,True,PUT,2026-04-17,NFLX
NFLX260515C00059000,59.0,57.67,0.0,0.0,,20.0,1.0000000000000003e-05,True,CALL,2026-05-15,NFLX
NFLX260515C00060000,60.0,23.95,23.8,24.35,1.0,73.0,0.514653291015625,True,CALL,2026-05-15,NFLX
NFLX260515C00061000,61.0,24.7,22.6,23.6,1.0,28.0,0.5564009204101563,True,CALL,2026-05-15,NFLX
NFLX260515C00062000,62.0,24.68,21.7,22.65,1.0,60.0,0.5405319384765627,True,CALL,2026-05-15,NFLX
NFLX260515C00063000,63.0,23.79,20.85,21.8,2.0,41.0,0.5349167602539062,True,CALL,2026-05-15,NFLX
NFLX260515C00064000,64.0,23.2,19.95,20.85,1.0,43.0,0.5185595019531251,True,CALL,2026-05-15,NFLX
NFLX260515C00065000,65.0,20.91,19.1,20.05,3.0,104.0,0.5161181201171875,True,CALL,2026-05-15,NFLX
NFLX260515C00066000,66.0,21.8,18.2,19.1,1.0,37.0,0.499028447265625,True,CALL,2026-05-15,NFLX
NFLX260515C00067000,67.0,19.58,17.4,18.3,1.0,53.0,0.49487809814453126,True,CALL,2026-05-15,NFLX
NFLX260515C00068000,68.0,17.35,16.55,17.35,1.0,11.0,0.47730014892578126,True,CALL,2026-05-15,NFLX
NFLX260515C00069000,69.0,18.66,15.85,16.6,2.0,87.0,0.47559118164062497,True,CALL,2026-05-15,NFLX
NFLX260515C00070000,70.0,15.3,15.1,15.65,45.0,2276.0,0.4572808178710938,True,CALL,2026-05-15,NFLX
NFLX260515C00071000,71.0,16.67,14.2,15.0,2.0,4.0,0.46106495971679695,True,CALL,2026-05-15,NFLX
NFLX260515C00072000,72.0,15.88,13.5,14.3,1.0,86.0,0.45972219970703126,True,CALL,2026-05-15,NFLX
NFLX260515C00073000,73.0,13.25,12.9,13.35,8.0,35.0,0.43970286865234376,True,CALL,2026-05-15,NFLX
NFLX260515C00074000,74.0,14.3,12.0,12.65,1.0,24.0,0.4364070031738281,True,CALL,2026-05-15,NFLX
NFLX260515C00075000,75.0,11.8,11.45,11.9,33.0,1238.0,0.428716650390625,True,CALL,2026-05-15,NFLX
NFLX260515C00076000,76.0,12.4,10.7,11.25,4.0,130.0,0.42639733764648446,True,CALL,2026-05-15,NFLX
NFLX260515C00077000,77.0,12.75,10.05,10.6,1.0,103.0,0.42273526489257807,True,CALL,2026-05-15,NFLX
NFLX260515C00078000,78.0,10.02,9.6,10.0,1.0,124.0,0.42102629760742194,True,CALL,2026-05-15,NFLX
NFLX260515C00079000,79.0,9.17,8.95,9.4,20.0,75.0,0.41809663940429687,True,CALL,2026-05-15,NFLX
NFLX260515C00080000,80.0,8.65,8.45,8.8,14.0,708.0,0.41394629028320307,True,CALL,2026-05-15,NFLX
NFLX260515C00081000,81.0,8.17,7.85,8.25,7.0,104.0,0.4115049084472656,True,CALL,2026-05-15,NFLX
NFLX260515C00082000,82.0,7.65,7.5,7.65,133.0,341.0,0.4050352465820312,True,CALL,2026-05-15,NFLX
NFLX260515C00083000,83.0,7.1,7.0,7.2,258.0,248.0,0.4058897302246094,False,CALL,2026-05-15,NFLX
NFLX260515C00084000,84.0,6.55,6.5,6.75,64.0,1474.0,0.4054014538574219,False,CALL,2026-05-15,NFLX
NFLX260515C00085000,85.0,6.15,6.05,6.3,321.0,1484.0,0.40381455566406255,False,CALL,2026-05-15,NFLX
NFLX260515C00086000,86.0,5.73,5.65,5.85,101.0,1756.0,0.40112903564453123,False,CALL,2026-05-15,NFLX
NFLX260515C00087000,87.0,5.35,5.25,5.4,20.0,493.0,0.39722282470703124,False,CALL,2026-05-15,NFLX
NFLX260515C00088000,88.0,4.89,4.75,5.05,403.0,1924.0,0.39771110107421875,False,CALL,2026-05-15,NFLX
NFLX260515C00089000,89.0,4.44,4.35,4.7,25.0,842.0,0.39722282470703124,False,CALL,2026-05-15,NFLX
NFLX260515C00090000,90.0,4.21,4.2,4.35,603.0,3995.0,0.39551385742187506,False,CALL,2026-05-15,NFLX
NFLX260515C00091000,91.0,3.89,3.9,4.0,127.0,273.0,0.3927062683105469,False,CALL,2026-05-15,NFLX
NFLX260515C00092000,92.0,3.7,3.6,3.7,24.0,698.0,0.39172971557617187,False,CALL,2026-05-15,NFLX
NFLX260515C00093000,93.0,3.4,3.3,3.45,168.0,592.0,0.3927062683105469,False,CALL,2026-05-15,NFLX
NFLX260515C00094000,94.0,3.06,3.05,3.15,52.0,750.0,0.389654541015625,False,CALL,2026-05-15,NFLX
NFLX260515C00095000,95.0,2.87,2.76,2.91,87.0,3012.0,0.3891662646484375,False,CALL,2026-05-15,NFLX
NFLX260515C00096000,96.0,2.6,2.57,2.69,96.0,726.0,0.3891662646484375,False,CALL,2026-05-15,NFLX
NFLX260515C00097000,97.0,2.39,2.36,2.48,118.0,488.0,0.38867798828125,False,CALL,2026-05-15,NFLX
NFLX260515C00098000,98.0,2.2,2.19,2.27,42.0,1815.0,0.38733522827148437,False,CALL,2026-05-15,NFLX
NFLX260515C00099000,99.0,2.04,1.98,2.1,13.0,614.0,0.3878235046386719,False,CALL,2026-05-15,NFLX
NFLX260515C00100000,100.0,1.9,1.86,1.92,461.0,4326.0,0.38672488281249995,False,CALL,2026-05-15,NFLX
NFLX260515C00101000,101.0,1.7,1.65,1.79,3.0,370.0,0.38843385009765624,False,CALL,2026-05-15,NFLX
NFLX260515C00102000,102.0,1.7,1.53,1.64,38.0,1923.0,0.38794557373046873,False,CALL,2026-05-15,NFLX
NFLX260515C00103000,103.0,1.43,1.42,1.51,17.0,944.0,0.3880676428222656,False,CALL,2026-05-15,NFLX
NFLX260515C00104000,104.0,1.34,1.29,1.39,33.0,416.0,0.3883117810058594,False,CALL,2026-05-15,NFLX
NFLX260515C00105000,105.0,1.26,1.21,1.27,94.0,1958.0,0.387701435546875,False,CALL,2026-05-15,NFLX
NFLX260515C00106000,106.0,1.18,1.09,1.18,13.0,484.0,0.3891662646484375,False,CALL,2026-05-15,NFLX
NFLX260515C00107000,107.0,1.07,1.01,1.09,4.0,359.0,0.3898986791992188,False,CALL,2026-05-15,NFLX
NFLX260515P00059000,59.0,0.41,0.37,0.51,5.0,2147.0,0.4282283740234375,False,PUT,2026-05-15,NFLX
NFLX260515P00060000,60.0,0.4,0.44,0.51,11.0,1582.0,0.411138701171875,False,PUT,2026-05-15,NFLX
NFLX260515P00061000,61.0,0.54,0.52,0.74,2.0,55.0,0.432622861328125,False,PUT,2026-05-15,NFLX
NFLX260515P00062000,62.0,0.5,0.57,0.66,37.0,210.0,0.4023497265625,False,PUT,2026-05-15,NFLX
NFLX260515P00063000,63.0,0.65,0.69,0.74,10.0,72.0,0.3969786865234375,False,PUT,2026-05-15,NFLX
NFLX260515P00064000,64.0,0.81,0.76,0.85,2.0,119.0,0.39453730468750003,False,PUT,2026-05-15,NFLX
NFLX260515P00065000,65.0,0.93,0.89,0.97,4.0,453.0,0.39160764648437496,False,PUT,2026-05-15,NFLX
NFLX260515P00066000,66.0,1.01,1.01,1.06,5.0,391.0,0.38403936279296874,False,PUT,2026-05-15,NFLX
NFLX260515P00067000,67.0,1.19,1.16,1.24,2.0,105.0,0.3850159155273437,False,PUT,2026-05-15,NFLX
NFLX260515P00068000,68.0,1.34,1.32,1.38,13.0,470.0,0.3802552209472656,False,PUT,2026-05-15,NFLX
NFLX260515P00069000,69.0,1.55,1.48,1.58,4.0,282.0,0.3797669445800781,False,PUT,2026-05-15,NFLX
NFLX260515P00070000,70.0,1.73,1.68,1.78,71.0,2439.0,0.37756970092773434,False,PUT,2026-05-15,NFLX
NFLX260515P00071000,71.0,1.96,1.88,1.97,9.0,371.0,0.37305314453125,False,PUT,2026-05-15,NFLX
NFLX260515P00072000,72.0,1.56,2.11,2.24,2.0,170.0,0.37354142089843745,False,PUT,2026-05-15,NFLX
NFLX260515P00073000,73.0,2.42,2.36,2.5,22.0,10053.0,0.3715883154296875,False,PUT,2026-05-15,NFLX
NFLX260515P00074000,74.0,2.69,2.63,2.77,1.0,74.0,0.3687807263183594,False,PUT,2026-05-15,NFLX
NFLX260515P00075000,75.0,2.97,2.92,3.0,234.0,7556.0,0.3619448571777344,False,PUT,2026-05-15,NFLX
NFLX260515P00076000,76.0,2.76,3.15,3.45,149.0,1774.0,0.36817038085937503,False,PUT,2026-05-15,NFLX
NFLX260515P00077000,77.0,3.77,3.55,3.75,16.0,2358.0,0.3631655480957031,False,PUT,2026-05-15,NFLX
NFLX260515P00078000,78.0,4.06,3.95,4.1,17.0,492.0,0.35986968261718744,False,PUT,2026-05-15,NFLX
NFLX260515P00079000,79.0,4.45,4.3,4.5,14.0,481.0,0.3582827844238281,False,PUT,2026-05-15,NFLX
NFLX260515P00080000,80.0,4.81,4.75,4.9,49.0,6292.0,0.3551700225830078,False,PUT,2026-05-15,NFLX
NFLX260515P00081000,81.0,5.4,5.2,5.4,5.0,449.0,0.35645174804687496,False,PUT,2026-05-15,NFLX
NFLX260515P00082000,82.0,5.85,5.65,5.85,14.0,912.0,0.3534000207519531,False,PUT,2026-05-15,NFLX
NFLX260515P00083000,83.0,6.31,6.15,6.35,32.0,800.0,0.3518131225585937,True,PUT,2026-05-15,NFLX
NFLX260515P00084000,84.0,6.89,6.65,6.85,169.0,508.0,0.34888346435546874,True,PUT,2026-05-15,NFLX
NFLX260515P00085000,85.0,7.24,7.2,7.45,266.0,2247.0,0.3501041552734374,True,PUT,2026-05-15,NFLX
NFLX260515P00086000,86.0,8.0,7.75,8.05,13.0,958.0,0.34998208618164056,True,PUT,2026-05-15,NFLX
NFLX260515P00087000,87.0,8.53,8.35,8.65,27.0,1093.0,0.3485172570800781,True,PUT,2026-05-15,NFLX
NFLX260515P00088000,88.0,9.09,8.95,9.25,4.0,895.0,0.34570966796874997,True,PUT,2026-05-15,NFLX
NFLX260515P00089000,89.0,9.76,9.55,9.85,2.0,728.0,0.3415593188476562,True,PUT,2026-05-15,NFLX
NFLX260515P00090000,90.0,10.45,10.25,10.65,14.0,3618.0,0.3479069116210937,True,PUT,2026-05-15,NFLX
NFLX260515P00091000,91.0,9.13,10.9,11.25,1.0,646.0,0.34107104248046877,True,PUT,2026-05-15,NFLX
NFLX260515P00092000,92.0,10.59,11.6,12.1,16.0,3813.0,0.3482731188964844,True,PUT,2026-05-15,NFLX
NFLX260515P00093000,93.0,12.55,12.35,12.8,21.0,1114.0,0.34497725341796875,True,PUT,2026-05-15,NFLX
NFLX260515P00094000,94.0,13.38,13.05,13.6,10.0,865.0,0.34705242797851554,True,PUT,2026-05-15,NFLX
NFLX260515P00095000,95.0,13.8,13.85,14.25,2.0,1898.0,0.33765310791015624,True,PUT,2026-05-15,NFLX
NFLX260515P00096000,96.0,13.54,14.6,15.15,4.0,896.0,0.3443669079589844,True,PUT,2026-05-15,NFLX
NFLX260515P00097000,97.0,15.4,15.4,15.95,1.0,3270.0,0.3430241479492187,True,PUT,2026-05-15,NFLX
NFLX260515P00098000,98.0,16.42,16.2,16.7,17.0,646.0,0.3365544860839844,True,PUT,2026-05-15,NFLX
NFLX260515P00099000,99.0,15.26,17.05,17.65,7.0,2715.0,0.344733115234375,True,PUT,2026-05-15,NFLX
NFLX260515P00100000,100.0,18.15,17.9,18.4,13.0,5114.0,0.3354558642578125,True,PUT,2026-05-15,NFLX
NFLX260515P00101000,101.0,19.07,18.75,19.3,5.0,1243.0,0.33765310791015624,True,PUT,2026-05-15,NFLX
NFLX260515P00102000,102.0,19.82,19.55,20.25,3.0,472.0,0.3437565625,True,PUT,2026-05-15,NFLX
NFLX260515P00103000,103.0,20.88,20.4,20.9,9.0,351.0,0.3186103295898437,True,PUT,2026-05-15,NFLX
NFLX260515P00104000,104.0,21.85,21.25,22.05,7.0,702.0,0.344733115234375,True,PUT,2026-05-15,NFLX
NFLX260515P00105000,105.0,22.7,22.3,23.05,14.0,665.0,0.3544986425781249,True,PUT,2026-05-15,NFLX
NFLX260515P00106000,106.0,21.3,23.15,24.2,2.0,296.0,0.3800110827636719,True,PUT,2026-05-15,NFLX
NFLX260515P00107000,107.0,21.58,24.05,25.2,9.0,356.0,0.38977661010742193,True,PUT,2026-05-15,NFLX
NFLX260618C00059000,59.0,27.73,24.9,25.9,1.0,140.0,0.5012256909179689,True,CALL,2026-06-18,NFLX
NFLX260618C00060000,60.0,24.8,24.2,24.7,7.0,202.0,0.5127001855468749,True,CALL,2026-06-18,NFLX
NFLX260618C00061000,61.0,23.8,23.25,23.9,5.0,170.0,0.5124560473632812,True,CALL,2026-06-18,NFLX
NFLX260618C00062000,62.0,28.15,22.2,23.15,1.0,440.0,0.5151415673828125,True,CALL,2026-06-18,NFLX
NFLX260618C00063000,63.0,23.85,21.4,22.3,15.0,164.0,0.5081836291503907,True,CALL,2026-06-18,NFLX
NFLX260618C00064000,64.0,26.55,20.6,21.45,1.0,420.0,0.5004932763671875,True,CALL,2026-06-18,NFLX
NFLX260618C00065000,65.0,21.7,19.75,21.15,5.0,318.0,0.5333298620605469,True,CALL,2026-06-18,NFLX
NFLX260618C00066000,66.0,19.3,19.1,19.7,1.0,185.0,0.47998566894531247,True,CALL,2026-06-18,NFLX
NFLX260618C00067000,67.0,20.05,18.25,18.95,16.0,140.0,0.47803256347656253,True,CALL,2026-06-18,NFLX
NFLX260618C00068000,68.0,19.0,17.3,18.0,1.0,247.0,0.46143116699218756,True,CALL,2026-06-18,NFLX
NFLX260618C00069000,69.0,18.37,16.65,17.35,2.0,150.0,0.4646049633789063,True,CALL,2026-06-18,NFLX
NFLX260618C00070000,70.0,16.4,15.9,16.4,4.0,528.0,0.44727115234375,True,CALL,2026-06-18,NFLX
NFLX260618C00071000,71.0,17.3,15.1,15.8,4.0,183.0,0.45178770874023444,True,CALL,2026-06-18,NFLX
NFLX260618C00072000,72.0,14.85,14.4,14.9,18.0,793.0,0.43677321044921874,True,CALL,2026-06-18,NFLX
NFLX260618C00073000,73.0,14.1,13.9,14.2,6.0,417.0,0.4332332067871094,True,CALL,2026-06-18,NFLX
NFLX260618C00074000,74.0,15.55,12.9,13.5,1.0,241.0,0.4288387194824219,True,CALL,2026-06-18,NFLX
NFLX260618C00075000,75.0,12.78,12.55,12.8,13.0,662.0,0.42358974853515624,True,CALL,2026-06-18,NFLX
NFLX260618C00076000,76.0,11.9,11.6,12.15,1.0,407.0,0.42023284851074216,True,CALL,2026-06-18,NFLX
NFLX260618C00077000,77.0,12.95,11.1,11.45,6.0,199.0,0.4133359448242187,True,CALL,2026-06-18,NFLX
NFLX260618C00078000,78.0,10.8,10.5,10.9,3.0,451.0,0.413519048461914,True,CALL,2026-06-18,NFLX
NFLX260618C00079000,79.0,10.05,10.1,10.25,5.0,233.0,0.4075376629638672,True,CALL,2026-06-18,NFLX
NFLX260618C00080000,80.0,9.59,9.5,9.7,111.0,2374.0,0.4057676611328125,True,CALL,2026-06-18,NFLX
NFLX260618C00081000,81.0,8.9,8.75,9.2,1.0,380.0,0.4055845574951171,True,CALL,2026-06-18,NFLX
NFLX260618C00082000,82.0,8.55,8.45,8.6,214.0,672.0,0.39954213745117195,True,CALL,2026-06-18,NFLX
NFLX260618C00083000,83.0,8.0,7.9,8.1,260.0,299.0,0.397466962890625,False,CALL,2026-06-18,NFLX
NFLX260618C00084000,84.0,7.55,7.4,7.65,184.0,1129.0,0.39691765197753903,False,CALL,2026-06-18,NFLX
NFLX260618C00085000,85.0,7.1,7.0,7.15,173.0,3315.0,0.3930724755859375,False,CALL,2026-06-18,NFLX
NFLX260618C00086000,86.0,6.55,6.55,6.8,43.0,677.0,0.39551385742187506,False,CALL,2026-06-18,NFLX
NFLX260618C00087000,87.0,6.05,6.1,6.35,70.0,491.0,0.39234006103515623,False,CALL,2026-06-18,NFLX
NFLX260618C00088000,88.0,5.8,5.8,5.9,33.0,3245.0,0.3881897119140625,False,CALL,2026-06-18,NFLX
NFLX260618C00089000,89.0,5.5,5.4,5.6,7.0,755.0,0.39050902465820314,False,CALL,2026-06-18,NFLX
NFLX260618C00090000,90.0,5.1,5.05,5.2,727.0,10166.0,0.38709109008789055,False,CALL,2026-06-18,NFLX
NFLX260618C00091000,91.0,4.76,4.7,4.85,14.0,1170.0,0.3852600537109374,False,CALL,2026-06-18,NFLX
NFLX260618C00092000,92.0,4.39,4.35,4.55,30.0,1026.0,0.38513798461914056,False,CALL,2026-06-18,NFLX
NFLX260618C00093000,93.0,4.15,4.1,4.2,52.0,1339.0,0.3815979809570312,False,CALL,2026-06-18,NFLX
NFLX260618C00094000,94.0,3.79,3.75,3.95,8.0,2492.0,0.3823914300537109,False,CALL,2026-06-18,NFLX
NFLX260618C00095000,95.0,3.65,3.55,3.65,204.0,5957.0,0.3797669445800781,False,CALL,2026-06-18,NFLX
NFLX260618C00096000,96.0,3.4,3.3,3.4,16.0,1295.0,0.3790345300292969,False,CALL,2026-06-18,NFLX
NFLX260618C00097000,97.0,3.07,3.0,3.2,20.0,2817.0,0.3802552209472656,False,CALL,2026-06-18,NFLX
NFLX260618C00098000,98.0,2.92,2.85,2.94,9.0,751.0,0.37744763183593744,False,CALL,2026-06-18,NFLX
NFLX260618C00099000,99.0,2.66,2.63,2.77,25.0,625.0,0.3790345300292969,False,CALL,2026-06-18,NFLX
NFLX260618C00100000,100.0,2.51,2.5,2.55,1455.0,14456.0,0.37695935546875,False,CALL,2026-06-18,NFLX
NFLX260618C00101000,101.0,2.35,2.27,2.41,15.0,575.0,0.3790345300292969,False,CALL,2026-06-18,NFLX
NFLX260618C00102000,102.0,2.23,2.14,2.2,28.0,1164.0,0.3761048718261719,False,CALL,2026-06-18,NFLX
NFLX260618C00103000,103.0,2.05,1.99,2.07,31.0,809.0,0.3776917700195312,False,CALL,2026-06-18,NFLX
NFLX260618C00104000,104.0,1.9,1.85,1.92,7.0,1230.0,0.37720349365234374,False,CALL,2026-06-18,NFLX
NFLX260618C00105000,105.0,1.76,1.73,1.77,186.0,2399.0,0.3761048718261719,False,CALL,2026-06-18,NFLX
NFLX260618C00106000,106.0,1.6,1.59,1.66,89.0,2026.0,0.37720349365234374,False,CALL,2026-06-18,NFLX
NFLX260618C00107000,107.0,1.52,1.48,1.54,513.0,1352.0,0.37708142456054683,False,CALL,2026-06-18,NFLX
NFLX260618P00059000,59.0,0.54,0.59,0.66,1.0,496.0,0.3969786865234375,False,PUT,2026-06-18,NFLX
NFLX260618P00060000,60.0,0.72,0.67,0.75,2.0,2208.0,0.3940490283203125,False,PUT,2026-06-18,NFLX
NFLX260618P00061000,61.0,0.78,0.75,0.85,5.0,419.0,0.39111937011718745,False,PUT,2026-06-18,NFLX
NFLX260618P00062000,62.0,0.85,0.86,0.95,2.0,273.0,0.38721315917968746,False,PUT,2026-06-18,NFLX
NFLX260618P00063000,63.0,1.03,0.99,1.19,19.0,352.0,0.39722282470703124,False,PUT,2026-06-18,NFLX
NFLX260618P00064000,64.0,0.92,1.12,1.2,1.0,191.0,0.3813538427734374,False,PUT,2026-06-18,NFLX
NFLX260618P00065000,65.0,1.28,1.26,1.34,1.0,1832.0,0.3781800463867187,False,PUT,2026-06-18,NFLX
NFLX260618P00066000,66.0,1.29,1.42,1.5,1.0,502.0,0.37573866455078125,False,PUT,2026-06-18,NFLX
NFLX260618P00067000,67.0,1.63,1.57,1.67,15.0,1706.0,0.37293107543945314,False,PUT,2026-06-18,NFLX
NFLX260618P00068000,68.0,1.8,1.76,1.86,3.0,438.0,0.3704896936035156,False,PUT,2026-06-18,NFLX
NFLX260618P00069000,69.0,1.58,1.95,2.02,10.0,2175.0,0.36475244628906256,False,PUT,2026-06-18,NFLX
NFLX260618P00070000,70.0,2.2,2.17,2.24,24.0,8760.0,0.3624331335449219,False,PUT,2026-06-18,NFLX
NFLX260618P00071000,71.0,2.43,2.41,2.47,51.0,756.0,0.35962554443359374,False,PUT,2026-06-18,NFLX
NFLX260618P00072000,72.0,2.67,2.49,2.79,10.0,1847.0,0.3614565808105469,False,PUT,2026-06-18,NFLX
NFLX260618P00073000,73.0,2.94,2.91,3.1,10.0,1416.0,0.36121244262695307,False,PUT,2026-06-18,NFLX
NFLX260618P00074000,74.0,3.25,3.2,3.35,86.0,1190.0,0.35608554077148435,False,PUT,2026-06-18,NFLX
NFLX260618P00075000,75.0,3.6,3.5,3.65,78.0,3996.0,0.3529117443847656,False,PUT,2026-06-18,NFLX
NFLX260618P00076000,76.0,3.92,3.85,4.05,18.0,2120.0,0.35425450439453116,False,PUT,2026-06-18,NFLX
NFLX260618P00077000,77.0,4.32,4.15,4.4,8.0,1526.0,0.35156898437499995,False,PUT,2026-06-18,NFLX
NFLX260618P00078000,78.0,4.75,4.55,4.7,124.0,1835.0,0.3452213916015625,False,PUT,2026-06-18,NFLX
NFLX260618P00079000,79.0,5.06,4.95,5.15,13.0,2192.0,0.34570966796874997,False,PUT,2026-06-18,NFLX
NFLX260618P00080000,80.0,5.47,5.4,5.55,248.0,7533.0,0.34241380249023434,False,PUT,2026-06-18,NFLX
NFLX260618P00081000,81.0,5.92,5.7,6.1,1.0,1359.0,0.3454655297851562,False,PUT,2026-06-18,NFLX
NFLX260618P00082000,82.0,6.42,6.3,6.55,39.0,1508.0,0.3424748370361328,False,PUT,2026-06-18,NFLX
NFLX260618P00083000,83.0,6.91,6.8,7.1,11.0,2705.0,0.34326828613281246,True,PUT,2026-06-18,NFLX
NFLX260618P00084000,84.0,7.47,7.3,7.55,26.0,2731.0,0.33814138427734375,True,PUT,2026-06-18,NFLX
NFLX260618P00085000,85.0,7.9,7.85,8.1,16.0,6680.0,0.3367986242675781,True,PUT,2026-06-18,NFLX
NFLX260618P00086000,86.0,8.5,8.4,8.6,16.0,12479.0,0.3319158605957031,True,PUT,2026-06-18,NFLX
NFLX260618P00087000,87.0,9.2,8.95,9.35,15.0,891.0,0.3382024188232422,True,PUT,2026-06-18,NFLX
NFLX260618P00088000,88.0,9.75,9.55,9.95,5.0,4293.0,0.33618827880859375,True,PUT,2026-06-18,NFLX
NFLX260618P00089000,89.0,10.35,10.2,10.45,1.0,1141.0,0.3280096496582031,True,PUT,2026-06-18,NFLX
NFLX260618P00090000,90.0,10.92,10.85,10.95,101.0,20557.0,0.31867136413574215,True,PUT,2026-06-18,NFLX
NFLX260618P00091000,91.0,11.71,11.5,11.9,2.0,2814.0,0.33130551513671874,True,PUT,2026-06-18,NFLX
NFLX260618P00092000,92.0,10.95,12.15,12.65,5.0,1972.0,0.33289241333007813,True,PUT,2026-06-18,NFLX
NFLX260618P00093000,93.0,13.13,12.85,13.35,51.0,3467.0,0.3309393078613281,True,PUT,2026-06-18,NFLX
NFLX260618P00094000,94.0,11.85,13.6,14.1,2.0,3126.0,0.3306951696777344,True,PUT,2026-06-18,NFLX
NFLX260618P00095000,95.0,14.45,14.4,14.6,15.0,10543.0,0.31519239501953117,True,PUT,2026-06-18,NFLX
NFLX260618P00096000,96.0,15.21,15.15,15.35,2.0,1083.0,0.31250687499999996,True,PUT,2026-06-18,NFLX
NFLX260618P00097000,97.0,14.42,15.85,16.4,1.0,1811.0,0.3272772351074219,True,PUT,2026-06-18,NFLX
NFLX260618P00098000,98.0,15.35,16.65,17.2,4.0,3491.0,0.3263006823730469,True,PUT,2026-06-18,NFLX
NFLX260618P00099000,99.0,17.83,17.45,17.8,2.0,1596.0,0.3109199768066406,True,PUT,2026-06-18,NFLX
NFLX260618P00100000,100.0,18.46,18.3,18.8,5.0,11047.0,0.32141791870117187,True,PUT,2026-06-18,NFLX
NFLX260618P00101000,101.0,17.48,19.1,19.65,2.0,1421.0,0.32092964233398436,True,PUT,2026-06-18,NFLX
NFLX260618P00102000,102.0,18.75,19.95,20.5,1.0,15628.0,0.31958688232421867,True,PUT,2026-06-18,NFLX
NFLX260618P00103000,103.0,18.95,20.8,21.4,2.0,12607.0,0.32129584960937496,True,PUT,2026-06-18,NFLX
NFLX260618P00104000,104.0,19.75,21.65,22.3,2.0,2015.0,0.3223944714355468,True,PUT,2026-06-18,NFLX
NFLX260618P00105000,105.0,22.75,22.4,23.1,22.0,2103.0,0.3139717041015625,True,PUT,2026-06-18,NFLX
NFLX260618P00106000,106.0,22.18,23.5,24.35,50.0,1333.0,0.3443669079589844,True,PUT,2026-06-18,NFLX
NFLX260618P00107000,107.0,21.93,24.05,25.3,12.0,1334.0,0.3487613952636719,True,PUT,2026-06-18,NFLX
NFLX260717C00060000,60.0,25.0,24.45,25.65,1.0,94.0,0.5449264257812501,True,CALL,2026-07-17,NFLX
NFLX260717C00065000,65.0,20.81,20.35,21.1,1.0,37.0,0.48242705078125003,True,CALL,2026-07-17,NFLX
NFLX260717C00070000,70.0,17.25,16.95,17.4,15.0,161.0,0.4647270324707031,True,CALL,2026-07-17,NFLX
NFLX260717C00075000,75.0,13.4,13.3,13.75,113.0,588.0,0.43335527587890627,True,CALL,2026-07-17,NFLX
NFLX260717C00080000,80.0,10.6,10.5,10.7,146.0,445.0,0.41547215393066406,True,CALL,2026-07-17,NFLX
NFLX260717C00085000,85.0,8.1,8.0,8.2,93.0,1268.0,0.4044859356689453,False,CALL,2026-07-17,NFLX
NFLX260717C00090000,90.0,6.1,6.0,6.2,337.0,3185.0,0.39771110107421875,False,CALL,2026-07-17,NFLX
NFLX260717C00095000,95.0,4.45,4.35,4.65,77.0,1533.0,0.39417109741210943,False,CALL,2026-07-17,NFLX
NFLX260717C00100000,100.0,3.3,3.25,3.35,356.0,2565.0,0.3864807446289062,False,CALL,2026-07-17,NFLX
NFLX260717C00105000,105.0,2.32,2.34,2.45,187.0,1450.0,0.3850159155273437,False,CALL,2026-07-17,NFLX
NFLX260717P00060000,60.0,1.05,1.0,1.1,1.0,270.0,0.39905386108398444,False,PUT,2026-07-17,NFLX
NFLX260717P00065000,65.0,1.79,1.63,1.82,4.0,850.0,0.38355108642578123,False,PUT,2026-07-17,NFLX
NFLX260717P00070000,70.0,2.77,2.72,2.82,11.0,2884.0,0.3663393444824219,False,PUT,2026-07-17,NFLX
NFLX260717P00075000,75.0,4.25,4.2,4.3,223.0,3628.0,0.3549869189453124,False,PUT,2026-07-17,NFLX
NFLX260717P00080000,80.0,6.31,6.1,6.25,155.0,6594.0,0.34400070068359373,False,PUT,2026-07-17,NFLX
NFLX260717P00085000,85.0,8.75,8.65,8.8,59.0,2906.0,0.3377141424560547,True,PUT,2026-07-17,NFLX
NFLX260717P00090000,90.0,11.75,11.55,11.85,23.0,1938.0,0.33173275695800786,True,PUT,2026-07-17,NFLX
NFLX260717P00095000,95.0,15.17,14.95,15.2,9.0,1513.0,0.3181220532226562,True,PUT,2026-07-17,NFLX
NFLX260717P00100000,100.0,18.8,18.65,19.4,10.0,416.0,0.32874206420898433,True,PUT,2026-07-17,NFLX
NFLX260717P00105000,105.0,21.01,22.9,23.65,7.0,503.0,0.3272772351074219,True,PUT,2026-07-17,NFLX
NFLX260821C00060000,60.0,27.95,25.55,25.85,2.0,127.0,0.5101367346191408,True,CALL,2026-08-21,NFLX
NFLX260821C00061000,61.0,30.65,24.7,25.25,1.0,21.0,0.5009815527343751,True,CALL,2026-08-21,NFLX
NFLX260821C00062000,62.0,38.0,23.4,24.75,3.0,3.0,0.5325974475097657,True,CALL,2026-08-21,NFLX
NFLX260821C00063000,63.0,23.2,22.95,23.4,2.0,124.0,0.49268085449218757,True,CALL,2026-08-21,NFLX
NFLX260821C00064000,64.0,22.46,21.85,23.1,1.0,2.0,0.516606396484375,True,CALL,2026-08-21,NFLX
NFLX260821C00065000,65.0,24.4,21.25,22.0,1.0,79.0,0.49231464721679696,True,CALL,2026-08-21,NFLX
NFLX260821C00066000,66.0,23.65,20.25,21.15,1.0,28.0,0.48254911987304694,True,CALL,2026-08-21,NFLX
NFLX260821C00067000,67.0,28.0,19.6,20.35,5.0,5.0,0.4752860089111328,True,CALL,2026-08-21,NFLX
NFLX260821C00068000,68.0,22.09,18.7,19.6,1.0,2.0,0.47022014160156256,True,CALL,2026-08-21,NFLX
NFLX260821C00069000,69.0,27.1,18.1,18.8,5.0,5.0,0.4621635815429688,True,CALL,2026-08-21,NFLX
NFLX260821C00070000,70.0,18.35,17.5,18.05,2.0,57.0,0.45618219604492194,True,CALL,2026-08-21,NFLX
NFLX260821C00071000,71.0,17.0,16.65,17.35,1.0,5.0,0.45215391601562505,True,CALL,2026-08-21,NFLX
NFLX260821C00072000,72.0,17.95,15.95,16.65,45.0,73.0,0.4476373596191406,True,CALL,2026-08-21,NFLX
NFLX260821C00073000,73.0,17.2,15.45,15.8,9.0,23.0,0.43555251953125,True,CALL,2026-08-21,NFLX
NFLX260821C00074000,74.0,17.19,14.65,15.3,2.0,6.0,0.43921459228515625,True,CALL,2026-08-21,NFLX
NFLX260821C00075000,75.0,16.89,14.25,14.7,2.0,73.0,0.4376276940917969,True,CALL,2026-08-21,NFLX
NFLX260821C00076000,76.0,15.25,13.4,14.05,15.0,58.0,0.4331111376953125,True,CALL,2026-08-21,NFLX
NFLX260821C00077000,77.0,15.74,12.95,13.45,2.0,34.0,0.43018147949218755,True,CALL,2026-08-21,NFLX
NFLX260821C00078000,78.0,12.6,12.4,12.85,1.0,13.0,0.42676354492187507,True,CALL,2026-08-21,NFLX
NFLX260821C00079000,79.0,14.35,11.85,12.7,1.0,28.0,0.4417780432128906,True,CALL,2026-08-21,NFLX
NFLX260821C00080000,80.0,11.4,11.3,11.75,3.0,1087.0,0.4222469885253906,True,CALL,2026-08-21,NFLX
NFLX260821C00081000,81.0,13.15,10.75,11.2,2.0,674.0,0.4190731921386719,True,CALL,2026-08-21,NFLX
NFLX260821C00082000,82.0,10.65,10.4,10.65,21.0,45.0,0.41535008483886715,True,CALL,2026-08-21,NFLX
NFLX260821C00083000,83.0,9.98,9.85,10.2,30.0,109.0,0.41510594665527345,False,CALL,2026-08-21,NFLX
NFLX260821C00084000,84.0,9.3,9.3,9.75,10.0,132.0,0.41425146301269533,False,CALL,2026-08-21,NFLX
NFLX260821C00085000,85.0,9.15,8.95,9.2,8.0,879.0,0.4087583538818359,False,CALL,2026-08-21,NFLX
NFLX260821C00086000,86.0,8.6,8.5,8.8,26.0,247.0,0.4087583538818359,False,CALL,2026-08-21,NFLX
NFLX260821C00087000,87.0,8.25,8.0,8.4,25.0,211.0,0.4081480084228516,False,CALL,2026-08-21,NFLX
NFLX260821C00088000,88.0,7.8,7.7,8.0,11.0,412.0,0.40698835205078127,False,CALL,2026-08-21,NFLX
NFLX260821C00089000,89.0,8.12,7.05,7.6,10.0,183.0,0.4052183502197265,False,CALL,2026-08-21,NFLX
NFLX260821C00090000,90.0,7.15,6.95,7.2,29.0,942.0,0.402899037475586,False,CALL,2026-08-21,NFLX
NFLX260821C00091000,91.0,6.7,6.6,6.85,1.0,178.0,0.40204455383300786,False,CALL,2026-08-21,NFLX
NFLX260821C00092000,92.0,6.5,6.0,6.5,1.0,133.0,0.40064075927734377,False,CALL,2026-08-21,NFLX
NFLX260821C00093000,93.0,5.94,5.65,6.15,4.0,391.0,0.3986876538085938,False,CALL,2026-08-21,NFLX
NFLX260821C00094000,94.0,7.0,5.5,6.25,7.0,112.0,0.415044912109375,False,CALL,2026-08-21,NFLX
NFLX260821C00095000,95.0,5.35,5.25,5.55,55.0,1170.0,0.39740592834472654,False,CALL,2026-08-21,NFLX
NFLX260821C00096000,96.0,5.05,4.95,5.25,1.0,332.0,0.3959410992431641,False,CALL,2026-08-21,NFLX
NFLX260821C00097000,97.0,4.94,4.65,4.95,5.0,136.0,0.3939269592285156,False,CALL,2026-08-21,NFLX
NFLX260821C00098000,98.0,5.7,4.5,4.7,24.0,59.0,0.3936828210449219,False,CALL,2026-08-21,NFLX
NFLX260821C00099000,99.0,4.5,4.15,4.45,5.0,195.0,0.39282833740234374,False,CALL,2026-08-21,NFLX
NFLX260821C00100000,100.0,4.1,4.0,4.2,157.0,4607.0,0.3915466119384765,False,CALL,2026-08-21,NFLX
NFLX260821C00101000,101.0,4.65,3.65,3.95,21.0,72.0,0.38977661010742193,False,CALL,2026-08-21,NFLX
NFLX260821C00102000,102.0,3.4,3.55,3.8,1.0,132.0,0.3920959228515625,False,CALL,2026-08-21,NFLX
NFLX260821C00103000,103.0,4.06,3.4,3.6,2.0,74.0,0.39172971557617187,False,CALL,2026-08-21,NFLX
NFLX260821C00104000,104.0,3.25,3.15,3.4,18.0,374.0,0.3909362664794922,False,CALL,2026-08-21,NFLX
NFLX260821C00105000,105.0,3.1,3.0,3.2,26.0,401.0,0.389654541015625,False,CALL,2026-08-21,NFLX
NFLX260821C00106000,106.0,3.4,2.85,3.1,12.0,94.0,0.39301144104003904,False,CALL,2026-08-21,NFLX
NFLX260821C00107000,107.0,3.5,2.69,2.85,15.0,83.0,0.38825074645996094,False,CALL,2026-08-21,NFLX
NFLX260821P00060000,60.0,1.34,1.3,1.4,12.0,727.0,0.39111937011718745,False,PUT,2026-08-21,NFLX
NFLX260821P00061000,61.0,1.27,1.42,1.71,1.0,4.0,0.4018614501953125,False,PUT,2026-08-21,NFLX
NFLX260821P00062000,62.0,1.64,1.57,1.69,8.0,20.0,0.3850159155273437,False,PUT,2026-08-21,NFLX
NFLX260821P00063000,63.0,1.6,1.72,1.86,1.0,6.0,0.3825745336914062,False,PUT,2026-08-21,NFLX
NFLX260821P00064000,64.0,1.94,1.9,2.04,60.0,33.0,0.38013315185546875,False,PUT,2026-08-21,NFLX
NFLX260821P00065000,65.0,2.15,2.08,2.31,5.0,358.0,0.38269660278320305,False,PUT,2026-08-21,NFLX
NFLX260821P00066000,66.0,2.08,2.31,2.47,1.0,129.0,0.37708142456054683,False,PUT,2026-08-21,NFLX
NFLX260821P00067000,67.0,2.18,2.48,2.66,1.0,31.0,0.37280900634765624,False,PUT,2026-08-21,NFLX
NFLX260821P00068000,68.0,2.65,2.74,2.9,2.0,132.0,0.3707338317871094,False,PUT,2026-08-21,NFLX
NFLX260821P00069000,69.0,2.83,2.98,3.2,2.0,286.0,0.3712221081542969,False,PUT,2026-08-21,NFLX
NFLX260821P00070000,70.0,3.32,3.15,3.45,11.0,2217.0,0.3679262426757813,False,PUT,2026-08-21,NFLX
NFLX260821P00071000,71.0,3.18,3.25,3.7,1.0,561.0,0.3640200317382813,False,PUT,2026-08-21,NFLX
NFLX260821P00072000,72.0,3.1,3.55,4.0,1.0,460.0,0.36188382263183594,False,PUT,2026-08-21,NFLX
NFLX260821P00073000,73.0,4.2,4.1,4.25,94.0,48131.0,0.35657381713867187,False,PUT,2026-08-21,NFLX
NFLX260821P00074000,74.0,4.61,4.45,4.6,24.0,343.0,0.35535312622070303,False,PUT,2026-08-21,NFLX
NFLX260821P00075000,75.0,4.25,4.6,5.05,52.0,1136.0,0.3579165771484375,False,PUT,2026-08-21,NFLX
NFLX260821P00076000,76.0,4.7,4.9,5.4,1.0,137.0,0.3549869189453124,False,PUT,2026-08-21,NFLX
NFLX260821P00077000,77.0,5.05,5.3,5.8,4.0,521.0,0.35352208984374994,False,PUT,2026-08-21,NFLX
NFLX260821P00078000,78.0,5.5,5.7,6.2,11.0,237.0,0.3513248461914062,False,PUT,2026-08-21,NFLX
NFLX260821P00079000,79.0,5.8,6.3,6.6,1.0,324.0,0.34833415344238283,False,PUT,2026-08-21,NFLX
NFLX260821P00080000,80.0,6.92,6.75,7.05,12.0,3588.0,0.3467472552490234,False,PUT,2026-08-21,NFLX
NFLX260821P00081000,81.0,6.7,7.2,7.55,1.0,620.0,0.3464420825195312,False,PUT,2026-08-21,NFLX
NFLX260821P00082000,82.0,7.87,7.75,8.0,5.0,349.0,0.34339035522460937,False,PUT,2026-08-21,NFLX
NFLX260821P00083000,83.0,8.3,8.2,8.45,1.0,401.0,0.33954517883300783,True,PUT,2026-08-21,NFLX
NFLX260821P00084000,84.0,9.01,8.75,9.05,13.0,183.0,0.34107104248046877,True,PUT,2026-08-21,NFLX
NFLX260821P00085000,85.0,9.34,9.25,9.6,2.0,1365.0,0.3398503515625,True,PUT,2026-08-21,NFLX
NFLX260821P00086000,86.0,9.1,9.8,10.25,2.0,1909.0,0.34192552612304683,True,PUT,2026-08-21,NFLX
NFLX260821P00087000,87.0,9.65,10.4,10.75,8.0,633.0,0.33728690063476563,True,PUT,2026-08-21,NFLX
NFLX260821P00088000,88.0,11.04,10.95,11.35,2.0,236.0,0.335944140625,True,PUT,2026-08-21,NFLX
NFLX260821P00089000,89.0,10.15,11.55,11.95,1.0,262.0,0.33386896606445315,True,PUT,2026-08-21,NFLX
NFLX260821P00090000,90.0,12.4,12.1,12.6,2.0,5021.0,0.3331975860595704,True,PUT,2026-08-21,NFLX
NFLX260821P00091000,91.0,11.28,12.75,13.1,10.0,366.0,0.32556826782226556,True,PUT,2026-08-21,NFLX
NFLX260821P00092000,92.0,11.97,13.45,13.9,3.0,219.0,0.32971861694335935,True,PUT,2026-08-21,NFLX
NFLX260821P00093000,93.0,13.38,14.05,14.5,30.0,158.0,0.32483585327148434,True,PUT,2026-08-21,NFLX
NFLX260821P00094000,94.0,13.3,14.7,15.2,30.0,585.0,0.32349309326171866,True,PUT,2026-08-21,NFLX
NFLX260821P00095000,95.0,15.76,15.45,16.0,1.0,1128.0,0.3258734405517578,True,PUT,2026-08-21,NFLX
NFLX260821P00096000,96.0,15.04,16.15,16.7,1.0,496.0,0.3232489550781249,True,PUT,2026-08-21,NFLX
NFLX260821P00097000,97.0,15.56,16.9,17.45,2.0,51.0,0.3221503332519531,True,PUT,2026-08-21,NFLX
NFLX260821P00098000,98.0,17.29,17.55,18.1,1.0,150.0,0.3156806713867187,True,PUT,2026-08-21,NFLX
NFLX260821P00099000,99.0,18.4,18.45,18.9,20.0,354.0,0.31555860229492183,True,PUT,2026-08-21,NFLX
NFLX260821P00100000,100.0,17.7,19.25,19.75,2.0,2432.0,0.3174506732177734,True,PUT,2026-08-21,NFLX
NFLX260821P00101000,101.0,19.05,19.95,20.55,4.0,171.0,0.3162299822998046,True,PUT,2026-08-21,NFLX
NFLX260821P00102000,102.0,19.8,20.7,21.35,2.0,187.0,0.3143379113769531,True,PUT,2026-08-21,NFLX
NFLX260821P00103000,103.0,20.76,21.55,22.2,5.0,423.0,0.3145820495605468,True,PUT,2026-08-21,NFLX
NFLX260821P00104000,104.0,22.43,22.35,23.05,2.0,79.0,0.3143379113769531,True,PUT,2026-08-21,NFLX
NFLX260821P00105000,105.0,21.67,23.15,23.8,3.0,401.0,0.3073799731445312,True,PUT,2026-08-21,NFLX
NFLX260821P00106000,106.0,21.2,24.15,24.9,10.0,128.0,0.32117378051757806,True,PUT,2026-08-21,NFLX
NFLX260821P00107000,107.0,22.92,24.95,25.75,10.0,133.0,0.3194648132324218,True,PUT,2026-08-21,NFLX
NFLX260918C00060000,60.0,27.9,25.55,26.55,5.0,246.0,0.5225877819824218,True,CALL,2026-09-18,NFLX
NFLX260918C00061000,61.0,28.25,24.7,25.9,1.0,34.0,0.5258836474609375,True,CALL,2026-09-18,NFLX
NFLX260918C00062000,62.0,30.0,23.9,25.05,1.0,21.0,0.5168505346679688,True,CALL,2026-09-18,NFLX
NFLX260918C00063000,63.0,23.74,23.1,24.25,1.0,1.0,0.5103808728027344,True,CALL,2026-09-18,NFLX
NFLX260918C00064000,64.0,27.85,22.5,23.25,3.0,9.0,0.4928029235839845,True,CALL,2026-09-18,NFLX
NFLX260918C00065000,65.0,23.75,21.45,22.35,5.0,94.0,0.4805960144042969,True,CALL,2026-09-18,NFLX
NFLX260918C00066000,66.0,22.55,20.95,21.55,45.0,66.0,0.4735160070800781,True,CALL,2026-09-18,NFLX
NFLX260918C00067000,67.0,23.5,20.25,21.1,1.0,5.0,0.4836477416992188,True,CALL,2026-09-18,NFLX
NFLX260918C00068000,68.0,22.1,19.25,20.1,2.0,5.0,0.46570358520507815,True,CALL,2026-09-18,NFLX
NFLX260918C00069000,69.0,21.65,18.8,19.65,1.0,18.0,0.4742484216308594,True,CALL,2026-09-18,NFLX
NFLX260918C00070000,70.0,18.3,18.05,18.55,6.0,279.0,0.4513604669189454,True,CALL,2026-09-18,NFLX
NFLX260918C00071000,71.0,18.8,17.35,18.2,1.0,19.0,0.4630180651855469,True,CALL,2026-09-18,NFLX
NFLX260918C00072000,72.0,17.0,16.5,17.2,1.0,15.0,0.4445245977783203,True,CALL,2026-09-18,NFLX
NFLX260918C00073000,73.0,18.91,16.05,16.6,2.0,78.0,0.44360907958984375,True,CALL,2026-09-18,NFLX
NFLX260918C00074000,74.0,17.04,15.2,15.9,1.0,177.0,0.43781079772949216,True,CALL,2026-09-18,NFLX
NFLX260918C00075000,75.0,15.04,14.8,15.25,6.0,186.0,0.4336604486083985,True,CALL,2026-09-18,NFLX
NFLX260918C00076000,76.0,15.55,14.0,14.65,4.0,78.0,0.4310969976806641,True,CALL,2026-09-18,NFLX
NFLX260918C00077000,77.0,16.15,13.4,14.05,22.0,60.0,0.4279842358398438,True,CALL,2026-09-18,NFLX
NFLX260918C00078000,78.0,14.42,12.85,13.5,2.0,97.0,0.42639733764648446,True,CALL,2026-09-18,NFLX
NFLX260918C00079000,79.0,14.3,12.25,12.95,22.0,34.0,0.42426112854003906,True,CALL,2026-09-18,NFLX
NFLX260918C00080000,80.0,12.2,12.05,12.3,69.0,704.0,0.4176693975830078,True,CALL,2026-09-18,NFLX
NFLX260918C00081000,81.0,13.3,11.3,11.8,3.0,21.0,0.4163876721191406,True,CALL,2026-09-18,NFLX
NFLX260918C00082000,82.0,11.07,10.95,11.35,22.0,81.0,0.4165707757568359,True,CALL,2026-09-18,NFLX
NFLX260918C00083000,83.0,10.4,10.4,10.85,8.0,247.0,0.41425146301269533,False,CALL,2026-09-18,NFLX
NFLX260918C00084000,84.0,9.93,10.0,10.35,8.0,414.0,0.41144387390136716,False,CALL,2026-09-18,NFLX
NFLX260918C00085000,85.0,9.66,9.6,9.9,78.0,1729.0,0.4099790447998046,False,CALL,2026-09-18,NFLX
NFLX260918C00086000,86.0,9.35,9.15,9.4,17.0,215.0,0.4061338684082031,False,CALL,2026-09-18,NFLX
NFLX260918C00087000,87.0,8.7,8.75,9.05,5.0,320.0,0.4074155938720704,False,CALL,2026-09-18,NFLX
NFLX260918C00088000,88.0,8.31,8.25,8.6,39.0,323.0,0.40442490112304685,False,CALL,2026-09-18,NFLX
NFLX260918C00089000,89.0,7.94,7.7,8.2,23.0,240.0,0.4028380029296875,False,CALL,2026-09-18,NFLX
NFLX260918C00090000,90.0,7.62,7.55,7.8,81.0,1520.0,0.4007628283691406,False,CALL,2026-09-18,NFLX
NFLX260918C00091000,91.0,7.25,7.15,7.45,2.0,151.0,0.4000304138183594,False,CALL,2026-09-18,NFLX
NFLX260918C00092000,92.0,6.88,6.75,7.05,5.0,135.0,0.3969786865234375,False,CALL,2026-09-18,NFLX
NFLX260918C00093000,93.0,6.4,6.35,6.75,17.0,282.0,0.39722282470703124,False,CALL,2026-09-18,NFLX
NFLX260918C00094000,94.0,7.0,6.05,6.45,2.0,273.0,0.3971007556152344,False,CALL,2026-09-18,NFLX
NFLX260918C00095000,95.0,5.97,5.85,6.15,29.0,1263.0,0.39642937561035163,False,CALL,2026-09-18,NFLX
NFLX260918C00096000,96.0,5.65,5.5,5.85,42.0,400.0,0.3953307537841797,False,CALL,2026-09-18,NFLX
NFLX260918C00097000,97.0,5.35,5.2,5.55,51.0,635.0,0.39380489013671877,False,CALL,2026-09-18,NFLX
NFLX260918C00098000,98.0,5.08,4.95,5.25,41.0,214.0,0.3917907501220703,False,CALL,2026-09-18,NFLX
NFLX260918C00099000,99.0,4.89,4.8,5.0,1033.0,1262.0,0.3913635083007812,False,CALL,2026-09-18,NFLX
NFLX260918C00100000,100.0,4.65,4.6,4.75,323.0,147674.0,0.39050902465820314,False,CALL,2026-09-18,NFLX
NFLX260918C00101000,101.0,5.5,4.1,4.5,16.0,332.0,0.38922729919433596,False,CALL,2026-09-18,NFLX
NFLX260918C00102000,102.0,4.25,3.95,4.3,2.0,260.0,0.389654541015625,False,CALL,2026-09-18,NFLX
NFLX260918C00103000,103.0,4.7,3.8,4.05,1.0,223.0,0.3874572973632812,False,CALL,2026-09-18,NFLX
NFLX260918C00104000,104.0,4.25,3.45,3.85,5.0,110.0,0.38709109008789055,False,CALL,2026-09-18,NFLX
NFLX260918C00105000,105.0,3.5,3.35,3.65,20.0,476.0,0.38635867553710934,False,CALL,2026-09-18,NFLX
NFLX260918C00106000,106.0,3.84,3.2,3.55,70.0,223.0,0.38977661010742193,False,CALL,2026-09-18,NFLX
NFLX260918C00107000,107.0,3.23,3.0,3.3,3.0,189.0,0.3859924682617187,False,CALL,2026-09-18,NFLX
NFLX260918P00060000,60.0,1.62,1.51,1.73,4.0,844.0,0.3929504064941406,False,PUT,2026-09-18,NFLX
NFLX260918P00061000,61.0,1.55,1.65,1.77,1.0,984.0,0.3813538427734374,False,PUT,2026-09-18,NFLX
NFLX260918P00062000,62.0,1.82,1.71,1.94,23.0,400.0,0.3790345300292969,False,PUT,2026-09-18,NFLX
NFLX260918P00063000,63.0,1.76,1.91,2.13,1.0,415.0,0.37720349365234374,False,PUT,2026-09-18,NFLX
NFLX260918P00064000,64.0,1.99,2.17,2.31,1.0,278.0,0.37390762817382805,False,PUT,2026-09-18,NFLX
NFLX260918P00065000,65.0,2.43,2.37,2.46,5.0,542.0,0.36817038085937503,False,PUT,2026-09-18,NFLX
NFLX260918P00066000,66.0,2.44,2.16,2.74,2.0,242.0,0.3695131408691406,False,PUT,2026-09-18,NFLX
NFLX260918P00067000,67.0,2.88,2.81,2.91,20.0,1560.0,0.36377589355468753,False,PUT,2026-09-18,NFLX
NFLX260918P00068000,68.0,3.1,3.05,3.15,59.0,447.0,0.36121244262695307,False,PUT,2026-09-18,NFLX
NFLX260918P00069000,69.0,3.07,2.82,3.5,2.0,555.0,0.36365382446289063,False,PUT,2026-09-18,NFLX
NFLX260918P00070000,70.0,3.6,3.55,3.75,6.0,2312.0,0.3601138208007812,False,PUT,2026-09-18,NFLX
NFLX260918P00071000,71.0,3.35,3.65,4.05,2.0,4735.0,0.3582827844238281,False,PUT,2026-09-18,NFLX
NFLX260918P00072000,72.0,3.57,4.0,4.4,6.0,4118.0,0.35809968078613286,False,PUT,2026-09-18,NFLX
NFLX260918P00073000,73.0,4.5,4.35,4.65,3.0,458.0,0.352545537109375,False,PUT,2026-09-18,NFLX
NFLX260918P00074000,74.0,4.87,4.65,5.0,1.0,719.0,0.35095863891601553,False,PUT,2026-09-18,NFLX
NFLX260918P00075000,75.0,5.2,5.15,5.35,18.0,2052.0,0.34857829162597653,False,PUT,2026-09-18,NFLX
NFLX260918P00076000,76.0,5.6,5.5,5.75,1.0,428.0,0.34766277343749996,False,PUT,2026-09-18,NFLX
NFLX260918P00077000,77.0,6.0,5.9,6.2,12.0,499.0,0.34802898071289057,False,PUT,2026-09-18,NFLX
NFLX260918P00078000,78.0,6.4,6.25,6.6,2.0,631.0,0.34570966796874997,False,PUT,2026-09-18,NFLX
NFLX260918P00079000,79.0,6.94,6.7,7.05,3.0,420.0,0.3446110461425781,False,PUT,2026-09-18,NFLX
NFLX260918P00080000,80.0,7.29,7.2,7.5,28.0,8088.0,0.34290207885742185,False,PUT,2026-09-18,NFLX
NFLX260918P00081000,81.0,7.89,7.6,7.9,11.0,240.0,0.3385686260986328,False,PUT,2026-09-18,NFLX
NFLX260918P00082000,82.0,8.28,8.1,8.35,86.0,557.0,0.33551689880371094,False,PUT,2026-09-18,NFLX
NFLX260918P00083000,83.0,8.82,8.6,8.95,22.0,819.0,0.3375920733642578,True,PUT,2026-09-18,NFLX
NFLX260918P00084000,84.0,8.2,9.1,9.4,305.0,645.0,0.3332586206054688,True,PUT,2026-09-18,NFLX
NFLX260918P00085000,85.0,9.85,9.65,9.9,31.0,2774.0,0.3301458587646484,True,PUT,2026-09-18,NFLX
NFLX260918P00086000,86.0,10.4,10.2,10.5,9.0,289.0,0.33020689331054687,True,PUT,2026-09-18,NFLX
NFLX260918P00087000,87.0,9.75,10.75,11.15,30.0,956.0,0.3315496533203125,True,PUT,2026-09-18,NFLX
NFLX260918P00088000,88.0,11.6,11.3,11.75,2.0,827.0,0.3303289624023437,True,PUT,2026-09-18,NFLX
NFLX260918P00089000,89.0,12.21,11.95,12.35,4.0,699.0,0.3284979260253906,True,PUT,2026-09-18,NFLX
NFLX260918P00090000,90.0,12.85,12.5,13.0,4.0,8493.0,0.32794861511230466,True,PUT,2026-09-18,NFLX
NFLX260918P00091000,91.0,13.43,13.2,13.65,2.0,303.0,0.3267889587402344,True,PUT,2026-09-18,NFLX
NFLX260918P00092000,92.0,14.15,13.85,14.15,2.0,697.0,0.319220675048828,True,PUT,2026-09-18,NFLX
NFLX260918P00093000,93.0,14.75,14.5,14.95,2.0,442.0,0.32269964416503893,True,PUT,2026-09-18,NFLX
NFLX260918P00094000,94.0,13.57,15.15,15.65,160.0,1186.0,0.321723091430664,True,PUT,2026-09-18,NFLX
NFLX260918P00095000,95.0,16.12,15.9,16.1,27.0,1545.0,0.30982135498046875,True,PUT,2026-09-18,NFLX
NFLX260918P00096000,96.0,15.1,16.45,17.1,1.0,1348.0,0.3200751586914062,True,PUT,2026-09-18,NFLX
NFLX260918P00097000,97.0,16.25,17.25,17.8,2.0,345.0,0.3173286041259765,True,PUT,2026-09-18,NFLX
NFLX260918P00098000,98.0,15.23,18.0,18.55,60.0,649.0,0.31604687866210934,True,PUT,2026-09-18,NFLX
NFLX260918P00099000,99.0,16.95,18.75,19.15,1.0,1876.0,0.30750204223632804,True,PUT,2026-09-18,NFLX
NFLX260918P00100000,100.0,19.73,19.55,19.95,3.0,4964.0,0.30713583496093744,True,PUT,2026-09-18,NFLX
NFLX260918P00101000,101.0,19.2,20.25,20.85,3.0,302.0,0.3111030804443359,True,PUT,2026-09-18,NFLX
NFLX260918P00102000,102.0,19.2,21.05,21.65,2.0,518.0,0.30982135498046875,True,PUT,2026-09-18,NFLX
NFLX260918P00103000,103.0,19.75,21.85,22.45,2.0,1054.0,0.30799031860351556,True,PUT,2026-09-18,NFLX
NFLX260918P00104000,104.0,20.87,22.1,23.3,10.0,670.0,0.30811238769531246,True,PUT,2026-09-18,NFLX
NFLX260918P00105000,105.0,21.7,23.65,24.15,2.0,648.0,0.30774618041992186,True,PUT,2026-09-18,NFLX
NFLX260918P00106000,106.0,24.95,24.1,24.75,5.0,382.0,0.2926096130371093,True,PUT,2026-09-18,NFLX
NFLX260918P00107000,107.0,22.15,25.15,25.8,1.0,156.0,0.30261927856445314,True,PUT,2026-09-18,NFLX
NFLX261120C00060000,60.0,27.5,26.9,27.35,5.0,31.0,0.5061084545898438,True,CALL,2026-11-20,NFLX
NFLX261120C00065000,65.0,23.35,23.0,23.45,7.0,26.0,0.47730014892578126,True,CALL,2026-11-20,NFLX
NFLX261120C00070000,70.0,21.4,19.3,20.05,6.0,43.0,0.4618584088134766,True,CALL,2026-11-20,NFLX
NFLX261120C00075000,75.0,19.04,16.5,16.85,1.0,8.0,0.44434149414062496,True,CALL,2026-11-20,NFLX
NFLX261120C00080000,80.0,13.95,13.75,14.0,12.0,144.0,0.4298763067626954,True,CALL,2026-11-20,NFLX
NFLX261120C00085000,85.0,11.45,11.15,11.6,18.0,179.0,0.4211483666992188,False,CALL,2026-11-20,NFLX
NFLX261120C00090000,90.0,9.25,9.1,9.55,21.0,926.0,0.4144345666503906,False,CALL,2026-11-20,NFLX
NFLX261120C00095000,95.0,7.41,7.45,7.75,13.0,116.0,0.4068662829589844,False,CALL,2026-11-20,NFLX
NFLX261120C00100000,100.0,6.15,6.0,6.25,36.0,296.0,0.400823862915039,False,CALL,2026-11-20,NFLX
NFLX261120C00105000,105.0,5.0,4.8,5.1,83.0,150.0,0.3991759301757813,False,CALL,2026-11-20,NFLX
NFLX261120P00060000,60.0,2.11,2.15,2.31,1.0,50.0,0.38611453735351553,False,PUT,2026-11-20,NFLX
NFLX261120P00065000,65.0,3.26,3.15,3.35,1.0,42.0,0.37280900634765624,False,PUT,2026-11-20,NFLX
NFLX261120P00070000,70.0,4.65,4.5,4.75,299.0,557.0,0.36255520263671875,False,PUT,2026-11-20,NFLX
NFLX261120P00075000,75.0,6.41,6.2,6.45,1254.0,594.0,0.3508365698242187,False,PUT,2026-11-20,NFLX
NFLX261120P00080000,80.0,8.38,8.35,8.6,4.0,1493.0,0.3425358715820312,False,PUT,2026-11-20,NFLX
NFLX261120P00085000,85.0,10.84,10.8,11.2,255.0,212.0,0.33667655517578127,True,PUT,2026-11-20,NFLX
NFLX261120P00090000,90.0,13.91,13.7,14.0,2.0,164.0,0.3250189569091796,True,PUT,2026-11-20,NFLX
NFLX261120P00095000,95.0,17.0,16.95,17.4,5.0,157.0,0.3217841259765625,True,PUT,2026-11-20,NFLX
NFLX261120P00100000,100.0,19.5,20.2,21.0,1.0,61.0,0.3143379113769531,True,PUT,2026-11-20,NFLX
NFLX261120P00105000,105.0,24.7,24.3,24.85,127.0,7.0,0.30493859130859374,True,PUT,2026-11-20,NFLX
NFLX261218C00059000,59.0,30.8,27.8,29.15,4.0,786.0,0.50586431640625,True,CALL,2026-12-18,NFLX
NFLX261218C00060000,60.0,27.53,27.25,27.8,6.0,1446.0,0.5059863854980469,True,CALL,2026-12-18,NFLX
NFLX261218C00061000,61.0,29.6,26.2,27.55,1.0,379.0,0.52539537109375,True,CALL,2026-12-18,NFLX
NFLX261218C00062000,62.0,27.56,25.4,26.75,1.0,1139.0,0.5180712255859375,True,CALL,2026-12-18,NFLX
NFLX261218C00063000,63.0,26.63,24.75,25.65,5.0,305.0,0.49707534179687507,True,CALL,2026-12-18,NFLX
NFLX261218C00064000,64.0,26.5,23.95,25.65,1.0,227.0,0.5245408874511719,True,CALL,2026-12-18,NFLX
NFLX261218C00065000,65.0,24.05,23.7,24.0,1.0,1382.0,0.47998566894531247,True,CALL,2026-12-18,NFLX
NFLX261218C00066000,66.0,22.98,22.8,24.25,3.0,540.0,0.5159960510253907,True,CALL,2026-12-18,NFLX
NFLX261218C00067000,67.0,23.72,22.15,23.5,1.0,820.0,0.5092822509765625,True,CALL,2026-12-18,NFLX
NFLX261218C00068000,68.0,23.65,20.5,21.95,2.0,576.0,0.4703422106933594,True,CALL,2026-12-18,NFLX
NFLX261218C00069000,69.0,23.35,20.45,21.2,2.0,503.0,0.4637504797363281,True,CALL,2026-12-18,NFLX
NFLX261218C00070000,70.0,20.11,20.25,20.45,10.0,1783.0,0.45691461059570315,True,CALL,2026-12-18,NFLX
NFLX261218C00071000,71.0,20.6,19.15,19.85,1.0,697.0,0.4555718505859375,True,CALL,2026-12-18,NFLX
NFLX261218C00072000,72.0,19.0,18.95,19.15,37.0,969.0,0.45001770690917964,True,CALL,2026-12-18,NFLX
NFLX261218C00073000,73.0,18.35,18.3,18.55,1.0,566.0,0.44788149780273434,True,CALL,2026-12-18,NFLX
NFLX261218C00074000,74.0,18.75,17.45,18.0,1.0,572.0,0.44714908325195313,True,CALL,2026-12-18,NFLX
NFLX261218C00075000,75.0,17.15,17.0,17.35,16.0,2395.0,0.4424494232177735,True,CALL,2026-12-18,NFLX
NFLX261218C00076000,76.0,18.75,16.3,16.85,5.0,184.0,0.4426325268554688,True,CALL,2026-12-18,NFLX
NFLX261218C00077000,77.0,16.11,15.55,16.25,2.0,587.0,0.43897045410156255,True,CALL,2026-12-18,NFLX
NFLX261218C00078000,78.0,15.5,15.0,15.7,2.0,562.0,0.4366511413574219,True,CALL,2026-12-18,NFLX
NFLX261218C00079000,79.0,15.04,14.75,15.15,5.0,300.0,0.43396562133789063,True,CALL,2026-12-18,NFLX
NFLX261218C00080000,80.0,14.5,14.4,14.55,65.0,3653.0,0.429265961303711,True,CALL,2026-12-18,NFLX
NFLX261218C00081000,81.0,13.7,13.85,14.05,1.0,273.0,0.42755699401855474,True,CALL,2026-12-18,NFLX
NFLX261218C00082000,82.0,13.4,13.2,13.6,123.0,744.0,0.4271297521972657,True,CALL,2026-12-18,NFLX
NFLX261218C00083000,83.0,12.97,12.85,13.1,127.0,723.0,0.4246883703613281,False,CALL,2026-12-18,NFLX
NFLX261218C00084000,84.0,12.35,12.35,12.6,25.0,804.0,0.42188078125,False,CALL,2026-12-18,NFLX
NFLX261218C00085000,85.0,12.02,11.85,12.2,32.0,2762.0,0.4219418157958984,False,CALL,2026-12-18,NFLX
NFLX261218C00086000,86.0,11.41,11.45,11.75,510.0,802.0,0.4200497448730469,False,CALL,2026-12-18,NFLX
NFLX261218C00087000,87.0,10.8,11.05,11.3,12.0,2133.0,0.4177914666748046,False,CALL,2026-12-18,NFLX
NFLX261218C00088000,88.0,10.5,10.45,10.9,21.0,1192.0,0.4168149139404296,False,CALL,2026-12-18,NFLX
NFLX261218C00089000,89.0,10.25,10.1,10.45,7.0,2718.0,0.4138242211914062,False,CALL,2026-12-18,NFLX
NFLX261218C00090000,90.0,9.82,9.8,10.1,116.0,3011.0,0.4137631866455078,False,CALL,2026-12-18,NFLX
NFLX261218C00091000,91.0,9.5,9.35,9.9,2.0,446.0,0.4181576739501953,False,CALL,2026-12-18,NFLX
NFLX261218C00092000,92.0,9.0,8.9,9.35,1.0,653.0,0.4110166320800781,False,CALL,2026-12-18,NFLX
NFLX261218C00093000,93.0,8.73,8.6,9.0,10.0,908.0,0.40991801025390623,False,CALL,2026-12-18,NFLX
NFLX261218C00094000,94.0,8.35,8.35,8.65,6.0,463.0,0.4085752502441406,False,CALL,2026-12-18,NFLX
NFLX261218C00095000,95.0,8.2,8.1,8.3,70.0,2772.0,0.40680524841308596,False,CALL,2026-12-18,NFLX
NFLX261218C00096000,96.0,7.8,7.7,7.95,17.0,1217.0,0.40479110839843746,False,CALL,2026-12-18,NFLX
NFLX261218C00097000,97.0,7.5,7.4,7.65,14.0,4313.0,0.40405869384765625,False,CALL,2026-12-18,NFLX
NFLX261218C00098000,98.0,7.1,7.05,7.35,20.0,2694.0,0.4030211065673829,False,CALL,2026-12-18,NFLX
NFLX261218C00099000,99.0,8.03,6.7,7.05,30.0,2168.0,0.40167834655761714,False,CALL,2026-12-18,NFLX
NFLX261218C00100000,100.0,6.68,6.6,6.75,282.0,7354.0,0.4000304138183594,False,CALL,2026-12-18,NFLX
NFLX261218C00101000,101.0,6.2,6.2,6.5,2.0,431.0,0.39978627563476565,False,CALL,2026-12-18,NFLX
NFLX261218C00102000,102.0,5.95,5.8,6.25,2.0,1299.0,0.3991759301757813,False,CALL,2026-12-18,NFLX
NFLX261218C00103000,103.0,5.8,5.75,6.0,14.0,937.0,0.39838248107910157,False,CALL,2026-12-18,NFLX
NFLX261218C00104000,104.0,5.8,5.45,5.7,2.0,650.0,0.39551385742187506,False,CALL,2026-12-18,NFLX
NFLX261218C00105000,105.0,5.39,5.3,5.55,244.0,2806.0,0.3975890319824219,False,CALL,2026-12-18,NFLX
NFLX261218C00106000,106.0,5.69,4.9,5.65,3.0,316.0,0.4083921466064453,False,CALL,2026-12-18,NFLX
NFLX261218C00107000,107.0,5.4,4.9,5.1,1.0,1571.0,0.3957579956054688,False,CALL,2026-12-18,NFLX
NFLX261218P00059000,59.0,2.01,2.18,2.55,14.0,952.0,0.3967345483398438,False,PUT,2026-12-18,NFLX
NFLX261218P00060000,60.0,2.44,2.37,2.57,11.0,3811.0,0.3841614318847656,False,PUT,2026-12-18,NFLX
NFLX261218P00061000,61.0,2.52,2.57,2.94,21.0,594.0,0.39087523193359375,False,PUT,2026-12-18,NFLX
NFLX261218P00062000,62.0,2.84,2.76,2.93,2.0,475.0,0.3765931481933594,False,PUT,2026-12-18,NFLX
NFLX261218P00063000,63.0,3.15,2.8,3.25,5.0,426.0,0.37915659912109373,False,PUT,2026-12-18,NFLX
NFLX261218P00064000,64.0,2.95,3.15,3.45,2.0,624.0,0.37500625,False,PUT,2026-12-18,NFLX
NFLX261218P00065000,65.0,3.51,3.2,3.6,121.0,1885.0,0.36817038085937503,False,PUT,2026-12-18,NFLX
NFLX261218P00066000,66.0,3.8,3.7,3.95,2.0,889.0,0.370123486328125,False,PUT,2026-12-18,NFLX
NFLX261218P00067000,67.0,4.05,3.95,4.15,86.0,966.0,0.36475244628906256,False,PUT,2026-12-18,NFLX
NFLX261218P00068000,68.0,3.94,3.7,4.5,10.0,1115.0,0.36536279174804687,False,PUT,2026-12-18,NFLX
NFLX261218P00069000,69.0,4.15,4.05,4.7,79.0,922.0,0.3591372680664062,False,PUT,2026-12-18,NFLX
NFLX261218P00070000,70.0,4.9,4.85,5.1,22.0,3882.0,0.3606020971679687,False,PUT,2026-12-18,NFLX
NFLX261218P00071000,71.0,5.2,5.0,5.45,2.0,1178.0,0.35950347534179683,False,PUT,2026-12-18,NFLX
NFLX261218P00072000,72.0,5.6,5.45,5.75,12.0,1346.0,0.355902437133789,False,PUT,2026-12-18,NFLX
NFLX261218P00073000,73.0,5.45,5.8,6.15,3.0,563.0,0.35559726440429684,False,PUT,2026-12-18,NFLX
NFLX261218P00074000,74.0,6.37,6.2,6.5,2.0,799.0,0.3529117443847656,False,PUT,2026-12-18,NFLX
NFLX261218P00075000,75.0,6.75,6.55,6.9,259.0,2469.0,0.3515079498291015,False,PUT,2026-12-18,NFLX
NFLX261218P00076000,76.0,6.73,6.95,7.3,10.0,810.0,0.34961587890624996,False,PUT,2026-12-18,NFLX
NFLX261218P00077000,77.0,7.69,7.35,7.65,33.0,675.0,0.34552656433105466,False,PUT,2026-12-18,NFLX
NFLX261218P00078000,78.0,8.0,7.8,8.05,2.0,1269.0,0.3427189752197265,False,PUT,2026-12-18,NFLX
NFLX261218P00079000,79.0,8.42,8.25,8.6,3.0,728.0,0.34448897705078124,False,PUT,2026-12-18,NFLX
NFLX261218P00080000,80.0,8.9,8.7,8.95,10.0,4141.0,0.3390569024658203,False,PUT,2026-12-18,NFLX
NFLX261218P00081000,81.0,9.4,9.2,9.4,5.0,833.0,0.33649345153808596,False,PUT,2026-12-18,NFLX
NFLX261218P00082000,82.0,9.7,9.65,9.95,159.0,2063.0,0.3367986242675781,False,PUT,2026-12-18,NFLX
NFLX261218P00083000,83.0,10.4,10.15,10.45,5.0,640.0,0.334967587890625,True,PUT,2026-12-18,NFLX
NFLX261218P00084000,84.0,10.84,10.65,11.05,5.0,424.0,0.3358220715332031,True,PUT,2026-12-18,NFLX
NFLX261218P00085000,85.0,11.21,11.2,11.6,17.0,3552.0,0.3346624151611328,True,PUT,2026-12-18,NFLX
NFLX261218P00086000,86.0,10.57,11.7,12.15,14.0,814.0,0.33301448242187504,True,PUT,2026-12-18,NFLX
NFLX261218P00087000,87.0,12.29,12.25,12.7,3.0,388.0,0.3309393078613281,True,PUT,2026-12-18,NFLX
NFLX261218P00088000,88.0,12.15,12.85,13.2,1.0,776.0,0.3267889587402344,True,PUT,2026-12-18,NFLX
NFLX261218P00089000,89.0,13.64,13.45,13.85,12.0,2087.0,0.3270330969238281,True,PUT,2026-12-18,NFLX
NFLX261218P00090000,90.0,14.25,14.05,14.4,1.0,5301.0,0.3236151623535155,True,PUT,2026-12-18,NFLX
NFLX261218P00091000,91.0,13.3,14.65,15.0,1.0,679.0,0.3213568841552734,True,PUT,2026-12-18,NFLX
NFLX261218P00092000,92.0,15.1,15.2,15.75,82.0,582.0,0.32349309326171866,True,PUT,2026-12-18,NFLX
NFLX261218P00093000,93.0,15.9,15.9,16.45,1.0,716.0,0.32367619689941396,True,PUT,2026-12-18,NFLX
NFLX261218P00094000,94.0,16.45,15.95,17.05,1.0,718.0,0.3200751586914062,True,PUT,2026-12-18,NFLX
NFLX261218P00095000,95.0,16.05,16.8,17.65,3.0,3008.0,0.31604687866210934,True,PUT,2026-12-18,NFLX
NFLX261218P00096000,96.0,17.02,17.25,18.45,1.0,465.0,0.3182441223144531,True,PUT,2026-12-18,NFLX
NFLX261218P00097000,97.0,17.02,18.05,19.15,4.0,1340.0,0.31677929321289056,True,PUT,2026-12-18,NFLX
NFLX261218P00098000,98.0,17.47,19.25,19.85,10.0,580.0,0.31482618774414056,True,PUT,2026-12-18,NFLX
NFLX261218P00099000,99.0,20.15,20.0,20.6,1.0,664.0,0.3142158422851562,True,PUT,2026-12-18,NFLX
NFLX261218P00100000,100.0,20.86,20.4,21.2,60.0,3280.0,0.30774618041992186,True,PUT,2026-12-18,NFLX
NFLX261218P00101000,101.0,21.75,21.4,22.05,25.0,959.0,0.3099434240722656,True,PUT,2026-12-18,NFLX
NFLX261218P00102000,102.0,22.07,22.1,22.6,15.0,1229.0,0.30048306945800785,True,PUT,2026-12-18,NFLX
NFLX261218P00103000,103.0,22.31,23.0,23.6,1.0,346.0,0.30774618041992186,True,PUT,2026-12-18,NFLX
NFLX261218P00104000,104.0,18.76,23.75,24.35,1.0,393.0,0.30499962585449214,True,PUT,2026-12-18,NFLX
NFLX261218P00105000,105.0,24.2,24.5,25.15,5.0,1027.0,0.30383996948242187,True,PUT,2026-12-18,NFLX
NFLX261218P00106000,106.0,23.85,25.15,25.85,62.0,868.0,0.2981027221679687,True,PUT,2026-12-18,NFLX
NFLX261218P00107000,107.0,24.1,25.95,26.75,40.0,3063.0,0.3002999658203125,True,PUT,2026-12-18,NFLX
NFLX270115C00059000,59.0,29.85,27.85,29.35,2.0,118.0,0.5269822692871093,True,CALL,2027-01-15,NFLX
NFLX270115C00060000,60.0,28.0,27.8,28.25,12.0,864.0,0.5063525927734375,True,CALL,2027-01-15,NFLX
NFLX270115C00061000,61.0,30.05,26.9,28.55,5.0,211.0,0.5118457019042968,True,CALL,2027-01-15,NFLX
NFLX270115C00062000,62.0,27.0,25.3,27.05,2.0,108.0,0.5101367346191408,True,CALL,2027-01-15,NFLX
NFLX270115C00063000,63.0,26.3,24.45,26.3,2.0,78.0,0.5047046600341796,True,CALL,2027-01-15,NFLX
NFLX270115C00064000,64.0,25.11,24.05,25.2,1.0,162.0,0.4845022253417969,True,CALL,2027-01-15,NFLX
NFLX270115C00065000,65.0,24.2,23.8,24.5,16.0,568.0,0.4809622216796875,True,CALL,2027-01-15,NFLX
NFLX270115C00066000,66.0,23.48,23.0,23.8,3.0,159.0,0.47711704528808596,True,CALL,2027-01-15,NFLX
NFLX270115C00067000,67.0,22.95,22.7,23.1,7.0,404.0,0.47296669616699216,True,CALL,2027-01-15,NFLX
NFLX270115C00068000,68.0,22.3,22.0,22.4,3.0,103.0,0.46851117431640626,True,CALL,2027-01-15,NFLX
NFLX270115C00069000,69.0,22.5,20.35,21.75,1.0,273.0,0.4655815161132813,True,CALL,2027-01-15,NFLX
NFLX270115C00070000,70.0,20.8,20.7,21.0,67.0,2278.0,0.45868461242675784,True,CALL,2027-01-15,NFLX
NFLX270115C00071000,71.0,20.25,20.1,20.45,107.0,3327.0,0.45880668151855475,True,CALL,2027-01-15,NFLX
NFLX270115C00072000,72.0,19.61,19.2,19.8,1.0,249.0,0.4549615051269531,True,CALL,2027-01-15,NFLX
NFLX270115C00073000,73.0,18.79,18.5,19.2,3.0,558.0,0.45252012329101565,True,CALL,2027-01-15,NFLX
NFLX270115C00074000,74.0,18.45,18.15,18.6,6.0,264.0,0.4497125341796875,True,CALL,2027-01-15,NFLX
NFLX270115C00075000,75.0,17.8,17.65,17.9,108.0,3807.0,0.4431818377685547,True,CALL,2027-01-15,NFLX
NFLX270115C00076000,76.0,17.25,17.05,17.35,58.0,3550.0,0.44147287048339845,True,CALL,2027-01-15,NFLX
NFLX270115C00077000,77.0,16.47,16.4,16.85,2.0,826.0,0.4410456286621094,True,CALL,2027-01-15,NFLX
NFLX270115C00078000,78.0,16.11,15.75,16.3,3.0,396.0,0.43860424682617194,True,CALL,2027-01-15,NFLX
NFLX270115C00079000,79.0,17.15,15.25,15.7,3.0,456.0,0.43420975952148444,True,CALL,2027-01-15,NFLX
NFLX270115C00080000,80.0,15.04,14.85,15.15,150.0,7318.0,0.43115803222656257,True,CALL,2027-01-15,NFLX
NFLX270115C00081000,81.0,14.3,14.05,14.7,3.0,369.0,0.4309138940429688,True,CALL,2027-01-15,NFLX
NFLX270115C00082000,82.0,14.03,13.95,14.15,70.0,542.0,0.42719078674316413,True,CALL,2027-01-15,NFLX
NFLX270115C00083000,83.0,13.69,13.3,13.7,135.0,1814.0,0.42627526855468756,False,CALL,2027-01-15,NFLX
NFLX270115C00084000,84.0,13.05,13.0,13.2,51.0,683.0,0.4234676794433594,False,CALL,2027-01-15,NFLX
NFLX270115C00085000,85.0,12.6,12.5,12.7,319.0,4199.0,0.42035491760253907,False,CALL,2027-01-15,NFLX
NFLX270115C00086000,86.0,11.95,11.95,12.3,317.0,1039.0,0.4200497448730469,False,CALL,2027-01-15,NFLX
NFLX270115C00087000,87.0,11.45,11.45,11.85,30.0,1102.0,0.4177914666748046,False,CALL,2027-01-15,NFLX
NFLX270115C00088000,88.0,11.28,11.1,11.5,27.0,1818.0,0.41834077758789057,False,CALL,2027-01-15,NFLX
NFLX270115C00089000,89.0,10.84,10.4,11.1,20.0,1387.0,0.4170590521240234,False,CALL,2027-01-15,NFLX
NFLX270115C00090000,90.0,10.53,10.4,10.65,410.0,9868.0,0.4138852557373046,False,CALL,2027-01-15,NFLX
NFLX270115C00091000,91.0,10.1,10.1,10.3,11.0,1955.0,0.413519048461914,False,CALL,2027-01-15,NFLX
NFLX270115C00092000,92.0,9.67,9.5,9.9,14.0,1443.0,0.41132180480957037,False,CALL,2027-01-15,NFLX
NFLX270115C00093000,93.0,9.53,9.1,9.6,10.0,1031.0,0.4118711157226562,False,CALL,2027-01-15,NFLX
NFLX270115C00094000,94.0,9.04,8.95,9.2,28.0,917.0,0.4090024920654296,False,CALL,2027-01-15,NFLX
NFLX270115C00095000,95.0,8.7,8.65,8.85,139.0,8223.0,0.4074155938720704,False,CALL,2027-01-15,NFLX
NFLX270115C00096000,96.0,8.3,8.25,8.55,30.0,1718.0,0.4071104211425781,False,CALL,2027-01-15,NFLX
NFLX270115C00097000,97.0,7.85,7.85,8.2,5.0,4785.0,0.4049742120361328,False,CALL,2027-01-15,NFLX
NFLX270115C00098000,98.0,7.7,7.55,7.9,2.0,3724.0,0.40405869384765625,False,CALL,2027-01-15,NFLX
NFLX270115C00099000,99.0,7.45,7.15,7.6,4.0,1305.0,0.402899037475586,False,CALL,2027-01-15,NFLX
NFLX270115C00100000,100.0,7.13,7.2,7.25,670.0,17305.0,0.3998473101806641,False,CALL,2027-01-15,NFLX
NFLX270115C00101000,101.0,6.9,6.7,7.05,21.0,1524.0,0.401373173828125,False,CALL,2027-01-15,NFLX
NFLX270115C00102000,102.0,7.35,6.5,6.75,3.0,1037.0,0.3993590338134766,False,CALL,2027-01-15,NFLX
NFLX270115C00103000,103.0,6.25,6.2,6.5,15.0,3283.0,0.3986876538085938,False,CALL,2027-01-15,NFLX
NFLX270115C00104000,104.0,6.74,6.05,6.5,10.0,736.0,0.40607283386230464,False,CALL,2027-01-15,NFLX
NFLX270115C00105000,105.0,5.85,5.85,6.05,34.0,2462.0,0.3983214465332031,False,CALL,2027-01-15,NFLX
NFLX270115C00106000,106.0,5.68,5.3,5.8,1.0,1829.0,0.39691765197753903,False,CALL,2027-01-15,NFLX
NFLX270115C00107000,107.0,5.47,5.2,5.6,1.0,902.0,0.3969786865234375,False,CALL,2027-01-15,NFLX
NFLX270115P00059000,59.0,2.22,2.36,2.55,2.0,1516.0,0.3806214282226562,False,PUT,2027-01-15,NFLX
NFLX270115P00060000,60.0,2.65,2.61,2.7,4.0,3776.0,0.3756165954589844,False,PUT,2027-01-15,NFLX
NFLX270115P00061000,61.0,2.85,2.81,2.92,3.0,784.0,0.37402969726562496,False,PUT,2027-01-15,NFLX
NFLX270115P00062000,62.0,2.87,2.7,3.2,6.0,434.0,0.37476211181640623,False,PUT,2027-01-15,NFLX
NFLX270115P00063000,63.0,2.96,3.15,3.45,2.0,1336.0,0.3733583172607422,False,PUT,2027-01-15,NFLX
NFLX270115P00064000,64.0,3.3,3.4,3.6,6.0,908.0,0.3668276208496094,False,PUT,2027-01-15,NFLX
NFLX270115P00065000,65.0,3.8,3.7,3.85,11.0,1953.0,0.3644472735595704,False,PUT,2027-01-15,NFLX
NFLX270115P00066000,66.0,4.05,3.95,4.15,6.0,1312.0,0.36377589355468753,False,PUT,2027-01-15,NFLX
NFLX270115P00067000,67.0,4.0,4.25,4.45,5.0,643.0,0.36249416809082036,False,PUT,2027-01-15,NFLX
NFLX270115P00068000,68.0,4.45,4.45,4.75,1.0,1688.0,0.3606631317138671,False,PUT,2027-01-15,NFLX
NFLX270115P00069000,69.0,5.0,4.75,5.0,68.0,1117.0,0.3563907135009765,False,PUT,2027-01-15,NFLX
NFLX270115P00070000,70.0,5.26,5.05,5.3,56.0,8930.0,0.3536441589355468,False,PUT,2027-01-15,NFLX
NFLX270115P00071000,71.0,5.56,5.4,5.75,10.0,2537.0,0.35608554077148435,False,PUT,2027-01-15,NFLX
NFLX270115P00072000,72.0,5.8,5.8,6.05,19.0,1814.0,0.35242346801757807,False,PUT,2027-01-15,NFLX
NFLX270115P00073000,73.0,6.25,6.2,6.35,8.0,488.0,0.3482731188964844,False,PUT,2027-01-15,NFLX
NFLX270115P00074000,74.0,6.05,6.55,6.85,94.0,1239.0,0.3507755352783203,False,PUT,2027-01-15,NFLX
NFLX270115P00075000,75.0,7.03,6.85,7.15,31.0,6832.0,0.3458317370605468,False,PUT,2027-01-15,NFLX
NFLX270115P00076000,76.0,6.95,7.0,7.55,3.0,1248.0,0.3438786315917969,False,PUT,2027-01-15,NFLX
NFLX270115P00077000,77.0,7.3,7.65,8.0,15.0,1231.0,0.34314621704101556,False,PUT,2027-01-15,NFLX
NFLX270115P00078000,78.0,8.22,8.1,8.45,10.0,850.0,0.34192552612304683,False,PUT,2027-01-15,NFLX
NFLX270115P00079000,79.0,7.92,8.55,8.9,13.0,1374.0,0.3402165588378906,False,PUT,2027-01-15,NFLX
NFLX270115P00080000,80.0,9.2,9.05,9.3,113.0,9950.0,0.33649345153808596,False,PUT,2027-01-15,NFLX
NFLX270115P00081000,81.0,9.5,9.5,9.85,10.0,1299.0,0.3371037969970704,False,PUT,2027-01-15,NFLX
NFLX270115P00082000,82.0,10.12,10.0,10.25,33.0,1888.0,0.3325262060546875,False,PUT,2027-01-15,NFLX
NFLX270115P00083000,83.0,10.62,10.45,10.85,55.0,1311.0,0.3338079315185547,True,PUT,2027-01-15,NFLX
NFLX270115P00084000,84.0,10.3,10.95,11.3,8.0,478.0,0.32996275512695306,True,PUT,2027-01-15,NFLX
NFLX270115P00085000,85.0,11.8,11.55,11.8,140.0,6199.0,0.3272772351074219,True,PUT,2027-01-15,NFLX
NFLX270115P00086000,86.0,11.13,12.05,12.5,10.0,936.0,0.3303289624023437,True,PUT,2027-01-15,NFLX
NFLX270115P00087000,87.0,12.8,12.4,13.05,17.0,2163.0,0.32831482238769527,True,PUT,2027-01-15,NFLX
NFLX270115P00088000,88.0,12.35,13.2,13.6,3.0,3200.0,0.3258734405517578,True,PUT,2027-01-15,NFLX
NFLX270115P00089000,89.0,12.95,13.75,14.2,4.0,1198.0,0.32459171508789053,True,PUT,2027-01-15,NFLX
NFLX270115P00090000,90.0,14.5,14.3,14.8,4.0,14394.0,0.3228827478027343,True,PUT,2027-01-15,NFLX
NFLX270115P00091000,91.0,14.0,14.85,15.45,1.0,913.0,0.32233343688964833,True,PUT,2027-01-15,NFLX
NFLX270115P00092000,92.0,14.65,15.55,15.9,18.0,2371.0,0.3150703259277343,True,PUT,2027-01-15,NFLX
NFLX270115P00093000,93.0,15.15,16.15,16.7,28.0,643.0,0.31842722595214834,True,PUT,2027-01-15,NFLX
NFLX270115P00094000,94.0,15.5,16.75,17.35,49.0,1657.0,0.3166572241210937,True,PUT,2027-01-15,NFLX
NFLX270115P00095000,95.0,17.72,17.5,18.05,7.0,8099.0,0.31604687866210934,True,PUT,2027-01-15,NFLX
NFLX270115P00096000,96.0,16.7,17.95,18.65,10.0,944.0,0.31189652954101554,True,PUT,2027-01-15,NFLX
NFLX270115P00097000,97.0,17.93,18.85,19.5,2.0,933.0,0.3154365332031249,True,PUT,2027-01-15,NFLX
NFLX270115P00098000,98.0,17.6,19.1,19.95,17.0,878.0,0.30536583312988286,True,PUT,2027-01-15,NFLX
NFLX270115P00099000,99.0,19.51,20.05,20.8,4.0,2329.0,0.30823445678710937,True,PUT,2027-01-15,NFLX
NFLX270115P00100000,100.0,21.1,20.8,21.4,21.0,9939.0,0.30225307128906254,True,PUT,2027-01-15,NFLX
NFLX270115P00101000,101.0,19.91,21.75,22.3,7.0,1164.0,0.3061592822265625,True,PUT,2027-01-15,NFLX
NFLX270115P00102000,102.0,21.32,22.4,23.05,7.0,754.0,0.3045723840332031,True,PUT,2027-01-15,NFLX
NFLX270115P00103000,103.0,20.34,23.25,23.8,1.0,477.0,0.30261927856445314,True,PUT,2027-01-15,NFLX
NFLX270115P00104000,104.0,21.8,23.7,24.55,10.0,328.0,0.3001778967285156,True,PUT,2027-01-15,NFLX
NFLX270115P00105000,105.0,24.0,24.4,25.3,3.0,2507.0,0.2973703076171874,True,PUT,2027-01-15,NFLX
NFLX270115P00106000,106.0,25.65,25.55,26.15,6.0,272.0,0.29798065307617183,True,PUT,2027-01-15,NFLX
NFLX270115P00107000,107.0,25.5,25.8,26.95,5.0,274.0,0.2962716857910156,True,PUT,2027-01-15,NFLX
NFLX270617C00060000,60.0,30.35,30.05,30.65,94.0,382.0,0.5013477600097658,True,CALL,2027-06-17,NFLX
NFLX270617C00062000,62.0,29.25,28.35,29.25,1.0,61.0,0.5040943145751953,True,CALL,2027-06-17,NFLX
NFLX270617C00064000,64.0,28.9,27.3,27.9,1.0,78.0,0.4967701690673829,True,CALL,2027-06-17,NFLX
NFLX270617C00065000,65.0,27.0,26.65,27.2,15.0,57.0,0.4919484399414063,True,CALL,2027-06-17,NFLX
NFLX270617C00066000,66.0,26.19,26.0,26.5,5.0,42.0,0.48694360717773444,True,CALL,2027-06-17,NFLX
NFLX270617C00068000,68.0,24.88,23.75,25.25,11.0,49.0,0.48126739440917965,True,CALL,2027-06-17,NFLX
NFLX270617C00070000,70.0,23.75,23.45,23.9,44.0,515.0,0.4715629016113281,True,CALL,2027-06-17,NFLX
NFLX270617C00072000,72.0,23.5,21.4,22.9,3.0,305.0,0.47162393615722653,True,CALL,2027-06-17,NFLX
NFLX270617C00074000,74.0,22.1,21.0,22.0,2.0,120.0,0.4733939379882813,True,CALL,2027-06-17,NFLX
NFLX270617C00075000,75.0,20.85,20.55,21.15,32.0,300.0,0.4624077197265626,True,CALL,2027-06-17,NFLX
NFLX270617C00076000,76.0,20.4,20.0,20.6,11.0,131.0,0.45990530334472657,True,CALL,2027-06-17,NFLX
NFLX270617C00078000,78.0,19.08,18.9,19.5,3.0,129.0,0.45416805603027344,True,CALL,2027-06-17,NFLX
NFLX270617C00080000,80.0,18.34,18.15,18.55,54.0,883.0,0.451726674194336,True,CALL,2027-06-17,NFLX
NFLX270617C00082000,82.0,17.35,17.2,17.45,17.0,253.0,0.44434149414062496,True,CALL,2027-06-17,NFLX
NFLX270617C00084000,84.0,16.36,16.2,16.55,137.0,330.0,0.44147287048339845,False,CALL,2027-06-17,NFLX
NFLX270617C00085000,85.0,15.9,15.7,16.1,44.0,746.0,0.4397639031982422,False,CALL,2027-06-17,NFLX
NFLX270617C00086000,86.0,15.6,14.95,15.7,25.0,745.0,0.4390925231933594,False,CALL,2027-06-17,NFLX
NFLX270617C00088000,88.0,14.61,14.25,14.8,26.0,425.0,0.4345454495239258,False,CALL,2027-06-17,NFLX
NFLX270617C00090000,90.0,13.85,13.6,14.05,66.0,2742.0,0.4330806204223633,False,CALL,2027-06-17,NFLX
NFLX270617C00092000,92.0,12.9,12.9,13.25,21.0,342.0,0.4295100994873047,False,CALL,2027-06-17,NFLX
NFLX270617C00094000,94.0,12.32,11.85,12.55,2.0,457.0,0.42774009765625004,False,CALL,2027-06-17,NFLX
NFLX270617C00095000,95.0,11.95,11.8,12.2,5.0,358.0,0.4265804412841797,False,CALL,2027-06-17,NFLX
NFLX270617C00096000,96.0,11.55,11.55,12.4,6.0,223.0,0.43933666137695315,False,CALL,2027-06-17,NFLX
NFLX270617C00098000,98.0,11.26,10.8,11.2,1.0,233.0,0.4232235412597656,False,CALL,2027-06-17,NFLX
NFLX270617C00100000,100.0,10.3,10.3,10.45,160.0,2070.0,0.4179135357666015,False,CALL,2027-06-17,NFLX
NFLX270617C00102000,102.0,9.7,9.65,10.0,3.0,106.0,0.41962250305175786,False,CALL,2027-06-17,NFLX
NFLX270617C00104000,104.0,9.22,8.7,9.45,1.0,3594.0,0.4181271566772461,False,CALL,2027-06-17,NFLX
NFLX270617C00105000,105.0,8.88,8.3,9.15,6.0,204.0,0.41644870666503897,False,CALL,2027-06-17,NFLX
NFLX270617C00106000,106.0,8.77,8.45,8.9,1.0,443.0,0.41596043029785157,False,CALL,2027-06-17,NFLX
NFLX270617P00060000,60.0,3.8,3.8,4.2,2.0,483.0,0.3773255627441406,False,PUT,2027-06-17,NFLX
NFLX270617P00062000,62.0,4.58,4.0,4.8,5.0,58.0,0.3758607336425781,False,PUT,2027-06-17,NFLX
NFLX270617P00064000,64.0,4.79,4.9,5.4,6.0,54.0,0.3726869372558594,False,PUT,2027-06-17,NFLX
NFLX270617P00065000,65.0,5.45,5.2,5.65,31.0,222.0,0.3687807263183594,False,PUT,2027-06-17,NFLX
NFLX270617P00066000,66.0,5.75,5.55,5.95,1.0,1240.0,0.3663393444824219,False,PUT,2027-06-17,NFLX
NFLX270617P00068000,68.0,6.41,6.1,6.65,6.0,161.0,0.3637148590087891,False,PUT,2027-06-17,NFLX
NFLX270617P00070000,70.0,7.01,6.65,7.2,2.0,3334.0,0.3550479534912109,False,PUT,2027-06-17,NFLX
NFLX270617P00072000,72.0,7.46,7.5,8.1,93.0,893.0,0.35596347167968745,False,PUT,2027-06-17,NFLX
NFLX270617P00074000,74.0,7.3,8.4,8.9,2.0,1249.0,0.3523624334716796,False,PUT,2027-06-17,NFLX
NFLX270617P00075000,75.0,9.08,8.9,9.25,490.0,459.0,0.348639326171875,False,PUT,2027-06-17,NFLX
NFLX270617P00076000,76.0,8.65,9.2,9.7,1.0,448.0,0.34751018707275383,False,PUT,2027-06-17,NFLX
NFLX270617P00078000,78.0,10.36,10.15,10.6,10.0,296.0,0.3442448388671875,False,PUT,2027-06-17,NFLX
NFLX270617P00080000,80.0,11.2,10.45,11.55,307.0,4320.0,0.34113207702636716,False,PUT,2027-06-17,NFLX
NFLX270617P00082000,82.0,12.26,12.05,12.5,7.0,546.0,0.33685965881347657,False,PUT,2027-06-17,NFLX
NFLX270617P00084000,84.0,12.6,13.0,13.45,250.0,660.0,0.33136654968261714,True,PUT,2027-06-17,NFLX
NFLX270617P00085000,85.0,13.9,13.5,14.1,1.0,924.0,0.3327703442382813,True,PUT,2027-06-17,NFLX
NFLX270617P00086000,86.0,13.18,14.1,14.7,1.0,543.0,0.332587240600586,True,PUT,2027-06-17,NFLX
NFLX270617P00088000,88.0,14.6,14.65,15.8,10.0,287.0,0.3287115469360351,True,PUT,2027-06-17,NFLX
NFLX270617P00090000,90.0,16.34,16.3,16.95,1.0,2560.0,0.3250189569091796,True,PUT,2027-06-17,NFLX
NFLX270617P00092000,92.0,17.45,17.55,18.15,16.0,793.0,0.32150947052001955,True,PUT,2027-06-17,NFLX
NFLX270617P00094000,94.0,18.95,18.25,19.4,3.0,836.0,0.31818308776855464,True,PUT,2027-06-17,NFLX
NFLX270617P00095000,95.0,18.83,18.8,20.1,17.0,848.0,0.31806101867675773,True,PUT,2027-06-17,NFLX
NFLX270617P00096000,96.0,19.65,20.05,20.7,3.0,2395.0,0.3150703259277343,True,PUT,2027-06-17,NFLX
NFLX270617P00098000,98.0,20.55,21.4,22.1,1.0,747.0,0.31354446228027344,True,PUT,2027-06-17,NFLX
NFLX270617P00100000,100.0,21.75,22.75,23.25,2.0,655.0,0.3042061767578125,True,PUT,2027-06-17,NFLX
NFLX270617P00102000,102.0,23.62,24.15,25.2,9.0,578.0,0.3156806713867187,True,PUT,2027-06-17,NFLX
NFLX270617P00104000,104.0,24.41,25.6,26.1,10.0,599.0,0.2970041003417968,True,PUT,2027-06-17,NFLX
NFLX270617P00105000,105.0,23.77,25.6,27.05,50.0,35.0,0.3013985876464844,True,PUT,2027-06-17,NFLX
NFLX270617P00106000,106.0,26.4,26.2,27.8,2.0,698.0,0.2997506549072265,True,PUT,2027-06-17,NFLX
NFLX271217C00060000,60.0,32.5,32.0,33.25,3.0,327.0,0.500005,True,CALL,2027-12-17,NFLX
NFLX271217C00062000,62.0,33.25,30.3,31.9,3.0,159.0,0.5105639764404297,True,CALL,2027-12-17,NFLX
NFLX271217C00064000,64.0,32.28,29.6,30.65,2.0,23.0,0.5043384527587891,True,CALL,2027-12-17,NFLX
NFLX271217C00065000,65.0,31.25,29.0,30.0,1.0,16.0,0.5003101727294923,True,CALL,2027-12-17,NFLX
NFLX271217C00066000,66.0,30.47,28.55,30.15,1.0,42.0,0.5183153637695312,True,CALL,2027-12-17,NFLX
NFLX271217C00068000,68.0,28.77,26.65,29.0,5.0,322.0,0.5130663928222656,True,CALL,2027-12-17,NFLX
NFLX271217C00070000,70.0,27.21,26.45,27.0,10.0,1343.0,0.48492946716308594,True,CALL,2027-12-17,NFLX
NFLX271217C00072000,72.0,25.7,25.05,25.75,3.0,49.0,0.47650669982910154,True,CALL,2027-12-17,NFLX
NFLX271217C00074000,74.0,26.9,23.9,24.8,2.0,524.0,0.47510290527343746,True,CALL,2027-12-17,NFLX
NFLX271217C00075000,75.0,24.0,23.6,24.2,40.0,108.0,0.47104410797119145,True,CALL,2027-12-17,NFLX
NFLX271217C00076000,76.0,24.46,22.3,24.6,7.0,83.0,0.49136861175537117,True,CALL,2027-12-17,NFLX
NFLX271217C00078000,78.0,22.2,21.65,22.75,21.0,106.0,0.46655806884765627,True,CALL,2027-12-17,NFLX
NFLX271217C00080000,80.0,21.5,21.0,21.75,10.0,506.0,0.4619804779052735,True,CALL,2027-12-17,NFLX
NFLX271217C00082000,82.0,20.5,19.3,20.8,5.0,315.0,0.4580132324218751,True,CALL,2027-12-17,NFLX
NFLX271217C00084000,84.0,19.5,18.8,19.85,6.0,90.0,0.4534356414794922,False,CALL,2027-12-17,NFLX
NFLX271217C00085000,85.0,19.1,18.55,19.4,3.0,235.0,0.4515435705566406,False,CALL,2027-12-17,NFLX
NFLX271217C00086000,86.0,18.5,18.5,19.0,10.0,150.0,0.45062805236816406,False,CALL,2027-12-17,NFLX
NFLX271217C00088000,88.0,17.8,16.8,18.2,18.0,183.0,0.4483087396240234,False,CALL,2027-12-17,NFLX
NFLX271217C00090000,90.0,17.05,16.7,17.35,19.0,2498.0,0.44434149414062496,False,CALL,2027-12-17,NFLX
NFLX271217C00092000,92.0,16.7,14.9,16.6,5.0,412.0,0.44208321594238287,False,CALL,2027-12-17,NFLX
NFLX271217C00094000,94.0,16.51,15.35,15.95,1.0,194.0,0.4414423532104492,False,CALL,2027-12-17,NFLX
NFLX271217C00095000,95.0,15.24,15.0,15.5,18.0,229.0,0.4381770050048829,False,CALL,2027-12-17,NFLX
NFLX271217C00096000,96.0,14.91,14.65,15.15,3.0,212.0,0.43698683135986327,False,CALL,2027-12-17,NFLX
NFLX271217C00098000,98.0,14.25,14.0,14.5,10.0,384.0,0.43530838134765626,False,CALL,2027-12-17,NFLX
NFLX271217C00100000,100.0,13.64,13.6,13.85,43.0,2848.0,0.43314165496826174,False,CALL,2027-12-17,NFLX
NFLX271217C00102000,102.0,13.95,12.75,13.25,9.0,152.0,0.43158527404785163,False,CALL,2027-12-17,NFLX
NFLX271217C00104000,104.0,14.05,12.15,12.6,3.0,226.0,0.42841147766113286,False,CALL,2027-12-17,NFLX
NFLX271217C00105000,105.0,12.1,11.7,12.35,3.0,162.0,0.4283504431152344,False,CALL,2027-12-17,NFLX
NFLX271217C00106000,106.0,13.3,11.7,12.15,5.0,232.0,0.42923544403076175,False,CALL,2027-12-17,NFLX
NFLX271217P00060000,60.0,5.35,5.2,5.7,201.0,472.0,0.37354142089843745,False,PUT,2027-12-17,NFLX
NFLX271217P00062000,62.0,5.85,5.85,6.3,1.0,162.0,0.3694521063232422,False,PUT,2027-12-17,NFLX
NFLX271217P00064000,64.0,6.65,6.5,6.85,40.0,958.0,0.36286037536621096,False,PUT,2027-12-17,NFLX
NFLX271217P00065000,65.0,6.36,6.45,7.25,101.0,279.0,0.36286037536621096,False,PUT,2027-12-17,NFLX
NFLX271217P00066000,66.0,6.75,6.7,7.6,37.0,429.0,0.3611514080810546,False,PUT,2027-12-17,NFLX
NFLX271217P00068000,68.0,7.93,7.45,8.3,40.0,263.0,0.3569400244140625,False,PUT,2027-12-17,NFLX
NFLX271217P00070000,70.0,8.66,8.55,9.05,2.0,1731.0,0.3530643307495117,False,PUT,2027-12-17,NFLX
NFLX271217P00072000,72.0,9.32,9.3,9.8,6.0,922.0,0.3482731188964844,False,PUT,2027-12-17,NFLX
NFLX271217P00074000,74.0,10.0,9.7,10.65,6.0,1099.0,0.34512983978271483,False,PUT,2027-12-17,NFLX
NFLX271217P00075000,75.0,10.7,10.2,11.95,1.0,45.0,0.3645083081054688,False,PUT,2027-12-17,NFLX
NFLX271217P00076000,76.0,10.7,10.6,11.7,10.0,1252.0,0.3458317370605468,False,PUT,2027-12-17,NFLX
NFLX271217P00078000,78.0,11.6,11.5,12.5,10.0,903.0,0.33960621337890623,False,PUT,2027-12-17,NFLX
NFLX271217P00080000,80.0,12.09,12.85,13.4,3.0,1635.0,0.3349065533447265,False,PUT,2027-12-17,NFLX
NFLX271217P00082000,82.0,14.0,13.9,14.25,2.0,1104.0,0.32828430511474604,False,PUT,2027-12-17,NFLX
NFLX271217P00084000,84.0,15.0,14.45,15.4,10.0,794.0,0.3276129251098633,True,PUT,2027-12-17,NFLX
NFLX271217P00085000,85.0,14.81,15.35,16.9,1.0,149.0,0.34763225616455073,True,PUT,2027-12-17,NFLX
NFLX271217P00086000,86.0,15.65,15.9,17.35,10.0,631.0,0.3438786315917969,True,PUT,2027-12-17,NFLX
NFLX271217P00088000,88.0,17.0,17.05,17.5,10.0,698.0,0.319220675048828,True,PUT,2027-12-17,NFLX
NFLX271217P00090000,90.0,18.4,18.2,18.75,3.0,2913.0,0.31818308776855464,True,PUT,2027-12-17,NFLX
NFLX271217P00092000,92.0,18.9,19.4,20.85,20.0,698.0,0.33505913970947265,True,PUT,2027-12-17,NFLX
NFLX271217P00094000,94.0,18.9,20.5,21.45,1.0,397.0,0.3181220532226562,True,PUT,2027-12-17,NFLX
NFLX271217P00095000,95.0,19.19,21.15,22.6,1.0,197.0,0.3281012014770508,True,PUT,2027-12-17,NFLX
NFLX271217P00096000,96.0,22.5,21.75,23.35,1.0,1284.0,0.32910827148437494,True,PUT,2027-12-17,NFLX
NFLX271217P00098000,98.0,19.9,23.0,23.9,30.0,449.0,0.30939411315917964,True,PUT,2027-12-17,NFLX
NFLX271217P00100000,100.0,24.92,24.35,25.1,2.0,1711.0,0.30322962402343745,True,PUT,2027-12-17,NFLX
NFLX271217P00102000,102.0,26.65,25.7,26.55,15.0,361.0,0.3020089331054688,True,PUT,2027-12-17,NFLX
NFLX271217P00104000,104.0,27.69,27.1,27.9,4.0,428.0,0.29767548034667957,True,PUT,2027-12-17,NFLX
NFLX271217P00105000,105.0,28.03,27.85,29.45,10.0,39.0,0.3157417059326171,True,PUT,2027-12-17,NFLX
NFLX271217P00106000,106.0,28.75,28.6,29.4,6.0,695.0,0.29608858215332035,True,PUT,2027-12-17,NFLX
NFLX280121C00059000,59.0,40.0,32.7,36.5,2.0,2.0,0.5310105493164063,True,CALL,2028-01-21,NFLX
NFLX280121C00060000,60.0,33.25,33.25,34.65,11.0,711.0,0.5273484765625001,True,CALL,2028-01-21,NFLX
NFLX280121C00061000,61.0,37.52,31.4,33.1,3.0,16.0,0.5177660528564454,True,CALL,2028-01-21,NFLX
NFLX280121C00062000,62.0,32.35,31.45,33.45,5.0,168.0,0.5139208764648437,True,CALL,2028-01-21,NFLX
NFLX280121C00063000,63.0,33.0,30.9,34.0,9.0,98.0,0.5283860638427735,True,CALL,2028-01-21,NFLX
NFLX280121C00064000,64.0,31.1,29.5,31.2,1.0,16.0,0.5073901800537108,True,CALL,2028-01-21,NFLX
NFLX280121C00065000,65.0,30.31,28.9,31.25,9.0,171.0,0.5224046783447265,True,CALL,2028-01-21,NFLX
NFLX280121C00066000,66.0,29.9,28.3,29.8,2.0,84.0,0.49622085815429695,True,CALL,2028-01-21,NFLX
NFLX280121C00067000,67.0,29.1,28.4,30.1,4.0,44.0,0.5171557073974609,True,CALL,2028-01-21,NFLX
NFLX280121C00068000,68.0,29.4,27.7,28.85,1.0,72.0,0.49658706542968756,True,CALL,2028-01-21,NFLX
NFLX280121C00069000,69.0,27.99,26.55,28.1,1.0,30.0,0.48932395446777355,True,CALL,2028-01-21,NFLX
NFLX280121C00070000,70.0,27.4,26.8,27.95,46.0,479.0,0.4973805145263672,True,CALL,2028-01-21,NFLX
NFLX280121C00071000,71.0,27.75,25.45,27.15,2.0,52.0,0.4885915399169922,True,CALL,2028-01-21,NFLX
NFLX280121C00072000,72.0,26.35,24.95,26.55,2.0,23.0,0.48483791534423826,True,CALL,2028-01-21,NFLX
NFLX280121C00073000,73.0,26.78,24.4,26.05,3.0,9.0,0.48340360351562506,True,CALL,2028-01-21,NFLX
NFLX280121C00074000,74.0,26.3,24.45,25.5,2.0,11.0,0.4805960144042969,True,CALL,2028-01-21,NFLX
NFLX280121C00075000,75.0,24.6,24.35,25.75,11.0,438.0,0.4970143072509766,True,CALL,2028-01-21,NFLX
NFLX280121C00076000,76.0,23.9,22.75,24.95,3.0,51.0,0.48779809082031256,True,CALL,2028-01-21,NFLX
NFLX280121C00077000,77.0,25.35,23.0,23.95,10.0,87.0,0.47376014526367194,True,CALL,2028-01-21,NFLX
NFLX280121C00078000,78.0,23.0,22.55,23.45,1.0,19.0,0.47162393615722653,True,CALL,2028-01-21,NFLX
NFLX280121C00079000,79.0,23.5,21.3,22.95,1.0,42.0,0.469304623413086,True,CALL,2028-01-21,NFLX
NFLX280121C00080000,80.0,22.25,21.5,22.25,97.0,1129.0,0.46225513336181645,True,CALL,2028-01-21,NFLX
NFLX280121C00081000,81.0,21.5,21.15,21.95,2.0,109.0,0.46429979064941407,True,CALL,2028-01-21,NFLX
NFLX280121C00082000,82.0,22.6,19.9,21.5,1.0,104.0,0.4627739270019532,True,CALL,2028-01-21,NFLX
NFLX280121C00083000,83.0,21.65,20.3,20.85,24.0,30.0,0.45654840332031255,False,CALL,2028-01-21,NFLX
NFLX280121C00084000,84.0,20.0,19.15,20.45,11.0,170.0,0.4558770233154297,False,CALL,2028-01-21,NFLX
NFLX280121C00085000,85.0,19.85,19.45,21.8,38.0,659.0,0.49432878723144535,False,CALL,2028-01-21,NFLX
NFLX280121C00086000,86.0,19.35,19.0,19.75,3.0,84.0,0.4562737478637696,False,CALL,2028-01-21,NFLX
NFLX280121C00087000,87.0,18.5,18.45,19.3,6.0,215.0,0.45404598693847653,False,CALL,2028-01-21,NFLX
NFLX280121C00088000,88.0,18.5,18.2,18.9,1.0,253.0,0.4527947787475586,False,CALL,2028-01-21,NFLX
NFLX280121C00089000,89.0,18.0,17.65,19.4,8.0,122.0,0.47119669433593747,False,CALL,2028-01-21,NFLX
NFLX280121C00090000,90.0,18.0,17.6,19.1,280.0,3148.0,0.4718070397949219,False,CALL,2028-01-21,NFLX
NFLX280121C00091000,91.0,17.75,17.0,17.7,1.0,830.0,0.44824770507812495,False,CALL,2028-01-21,NFLX
NFLX280121C00092000,92.0,18.0,16.6,17.4,2.0,138.0,0.4486444296264648,False,CALL,2028-01-21,NFLX
NFLX280121C00093000,93.0,18.41,15.45,16.95,2.0,171.0,0.44565373687744136,False,CALL,2028-01-21,NFLX
NFLX280121C00094000,94.0,16.66,15.85,19.0,2.0,217.0,0.4968312036132813,False,CALL,2028-01-21,NFLX
NFLX280121C00095000,95.0,15.89,15.6,16.2,4.0,1401.0,0.4425714923095704,False,CALL,2028-01-21,NFLX
NFLX280121C00096000,96.0,16.51,15.15,18.0,2.0,136.0,0.4878286080932618,False,CALL,2028-01-21,NFLX
NFLX280121C00097000,97.0,15.09,14.45,15.9,1.0,105.0,0.448674946899414,False,CALL,2028-01-21,NFLX
NFLX280121C00098000,98.0,15.35,14.35,16.2,1.0,114.0,0.4612480633544922,False,CALL,2028-01-21,NFLX
NFLX280121C00099000,99.0,15.25,14.1,15.85,1.0,104.0,0.4596916824340821,False,CALL,2028-01-21,NFLX
NFLX280121C00100000,100.0,14.45,14.2,14.45,156.0,4368.0,0.4354609677124024,False,CALL,2028-01-21,NFLX
NFLX280121C00101000,101.0,13.7,13.55,16.5,4.0,83.0,0.4852651571655273,False,CALL,2028-01-21,NFLX
NFLX280121C00102000,102.0,14.32,12.35,14.05,1.0,55.0,0.4382380395507813,False,CALL,2028-01-21,NFLX
NFLX280121C00103000,103.0,14.26,11.0,13.8,6.0,108.0,0.43839062591552735,False,CALL,2028-01-21,NFLX
NFLX280121C00104000,104.0,14.25,12.65,13.4,21.0,116.0,0.4351863122558594,False,CALL,2028-01-21,NFLX
NFLX280121C00105000,105.0,13.75,12.5,13.1,4.0,674.0,0.4340571731567383,False,CALL,2028-01-21,NFLX
NFLX280121C00106000,106.0,13.29,11.25,12.55,1.0,196.0,0.4274044076538086,False,CALL,2028-01-21,NFLX
NFLX280121C00107000,107.0,12.3,11.8,13.45,18.0,91.0,0.4519708123779297,False,CALL,2028-01-21,NFLX
NFLX280121P00059000,59.0,4.95,5.2,5.75,25.0,95.0,0.3773255627441406,False,PUT,2028-01-21,NFLX
NFLX280121P00060000,60.0,5.75,5.5,6.25,7.0,2761.0,0.3817810845947265,False,PUT,2028-01-21,NFLX
NFLX280121P00061000,61.0,5.45,5.5,8.3,10.0,63.0,0.4322566540527344,False,PUT,2028-01-21,NFLX
NFLX280121P00062000,62.0,5.75,5.7,7.55,8.0,63.0,0.39771110107421875,False,PUT,2028-01-21,NFLX
NFLX280121P00063000,63.0,3.52,0.0,0.0,,30.0,0.0312596875,False,PUT,2028-01-21,NFLX
NFLX280121P00064000,64.0,5.41,6.5,8.2,2.0,120.0,0.39252316467285153,False,PUT,2028-01-21,NFLX
NFLX280121P00065000,65.0,7.15,7.05,8.55,1.0,603.0,0.3903259210205078,False,PUT,2028-01-21,NFLX
NFLX280121P00066000,66.0,6.05,7.35,8.1,5.0,87.0,0.3660341717529296,False,PUT,2028-01-21,NFLX
NFLX280121P00067000,67.0,7.37,7.35,8.35,22.0,70.0,0.3611514080810546,False,PUT,2028-01-21,NFLX
NFLX280121P00068000,68.0,8.38,8.05,9.6,2.0,26.0,0.3825134991455078,False,PUT,2028-01-21,NFLX
NFLX280121P00069000,69.0,8.32,8.45,10.0,1.0,107.0,0.38080453186035157,False,PUT,2028-01-21,NFLX
NFLX280121P00070000,70.0,9.0,8.85,9.25,14.0,3927.0,0.3494938098144531,False,PUT,2028-01-21,NFLX
NFLX280121P00071000,71.0,8.17,9.25,9.85,2.0,447.0,0.3528507098388671,False,PUT,2028-01-21,NFLX
NFLX280121P00072000,72.0,9.35,9.65,10.25,2.0,222.0,0.3508976043701171,False,PUT,2028-01-21,NFLX
NFLX280121P00073000,73.0,10.18,9.9,10.7,21.0,82.0,0.34992105163574216,False,PUT,2028-01-21,NFLX
NFLX280121P00074000,74.0,9.97,10.5,11.4,10.0,71.0,0.35468174621582027,False,PUT,2028-01-21,NFLX
NFLX280121P00075000,75.0,11.13,10.9,11.45,3.0,4793.0,0.3436650106811523,False,PUT,2028-01-21,NFLX
NFLX280121P00076000,76.0,11.35,11.1,12.6,2.0,839.0,0.3584964053344727,False,PUT,2028-01-21,NFLX
NFLX280121P00077000,77.0,11.75,11.8,12.4,10.0,227.0,0.341376215209961,False,PUT,2028-01-21,NFLX
NFLX280121P00078000,78.0,12.0,12.2,12.9,1.0,154.0,0.3404606970214844,False,PUT,2028-01-21,NFLX
NFLX280121P00079000,79.0,11.35,12.7,13.3,1.0,322.0,0.33704276245117193,False,PUT,2028-01-21,NFLX
NFLX280121P00080000,80.0,13.4,12.9,13.85,27.0,7563.0,0.33682914154052734,False,PUT,2028-01-21,NFLX
NFLX280121P00081000,81.0,13.75,13.7,14.3,20.0,152.0,0.3341741387939453,False,PUT,2028-01-21,NFLX
NFLX280121P00082000,82.0,14.47,14.0,14.95,4.0,39.0,0.33576103698730464,False,PUT,2028-01-21,NFLX
NFLX280121P00083000,83.0,14.3,14.7,15.3,31.0,254.0,0.33045103149414057,True,PUT,2028-01-21,NFLX
NFLX280121P00084000,84.0,14.94,15.2,15.85,3.0,33.0,0.3294134442138671,True,PUT,2028-01-21,NFLX
NFLX280121P00085000,85.0,16.0,15.65,16.4,2.0,757.0,0.32816223602294914,True,PUT,2028-01-21,NFLX
NFLX280121P00086000,86.0,16.55,16.3,16.95,10.0,494.0,0.32672792419433594,True,PUT,2028-01-21,NFLX
NFLX280121P00087000,87.0,16.45,16.8,18.1,5.0,56.0,0.3380803497314453,True,PUT,2028-01-21,NFLX
NFLX280121P00088000,88.0,16.38,17.35,18.05,11.0,259.0,0.3232184378051757,True,PUT,2028-01-21,NFLX
NFLX280121P00089000,89.0,17.05,17.95,18.6,1.0,60.0,0.32117378051757806,True,PUT,2028-01-21,NFLX
NFLX280121P00090000,90.0,18.83,18.5,19.2,4.0,4526.0,0.3200141241455078,True,PUT,2028-01-21,NFLX
NFLX280121P00091000,91.0,19.26,19.05,20.6,2.0,114.0,0.33588310607910155,True,PUT,2028-01-21,NFLX
NFLX280121P00092000,92.0,19.22,19.6,21.25,2.0,52.0,0.33539482971191403,True,PUT,2028-01-21,NFLX
NFLX280121P00093000,93.0,19.29,20.2,21.8,1.0,62.0,0.3326177578735352,True,PUT,2028-01-21,NFLX
NFLX280121P00094000,94.0,20.14,20.85,21.4,2.0,375.0,0.3092110095214844,True,PUT,2028-01-21,NFLX
NFLX280121P00095000,95.0,20.46,21.5,23.05,21.0,2404.0,0.32971861694335935,True,PUT,2028-01-21,NFLX
NFLX280121P00096000,96.0,20.99,22.05,23.65,1.0,254.0,0.32746033874511715,True,PUT,2028-01-21,NFLX
NFLX280121P00097000,97.0,19.7,22.7,24.3,1.0,302.0,0.3261175787353515,True,PUT,2028-01-21,NFLX
NFLX280121P00098000,98.0,23.47,23.25,24.95,1.0,160.0,0.32462223236083976,True,PUT,2028-01-21,NFLX
NFLX280121P00099000,99.0,20.27,24.0,24.7,1.0,20.0,0.3032601412963867,True,PUT,2028-01-21,NFLX
NFLX280121P00100000,100.0,25.0,24.65,25.3,4.0,2539.0,0.3001778967285156,True,PUT,2028-01-21,NFLX
NFLX280121P00101000,101.0,21.25,25.35,26.2,1.0,10.0,0.30359583129882806,True,PUT,2028-01-21,NFLX
NFLX280121P00102000,102.0,25.67,26.0,27.65,9.0,240.0,0.31903757141113276,True,PUT,2028-01-21,NFLX
NFLX280121P00103000,103.0,22.4,26.7,29.5,1.0,176.0,0.3431767343139648,True,PUT,2028-01-21,NFLX
NFLX280121P00104000,104.0,26.47,27.35,29.05,1.0,102.0,0.3163520513916015,True,PUT,2028-01-21,NFLX
NFLX280121P00105000,105.0,27.17,28.05,29.65,1.0,608.0,0.31247635772705074,True,PUT,2028-01-21,NFLX
NFLX280121P00106000,106.0,24.07,28.3,30.05,10.0,169.0,0.30383996948242187,True,PUT,2028-01-21,NFLX
NFLX280121P00107000,107.0,24.4,29.5,31.15,28.0,252.0,0.3110115286254882,True,PUT,2028-01-21,NFLX
NFLX280616C00060000,60.0,35.13,34.55,36.25,5.0,139.0,0.519963296508789,True,CALL,2028-06-16,NFLX
NFLX280616C00065000,65.0,32.71,30.95,32.55,1.0,222.0,0.5087329400634766,True,CALL,2028-06-16,NFLX
NFLX280616C00070000,70.0,29.25,29.05,30.05,6.0,419.0,0.5025989682006836,True,CALL,2028-06-16,NFLX
NFLX280616C00075000,75.0,26.7,26.15,26.9,7.0,430.0,0.4785818743896484,True,CALL,2028-06-16,NFLX
NFLX280616C00080000,80.0,24.44,24.05,25.2,41.0,606.0,0.48398343170166025,True,CALL,2028-06-16,NFLX
NFLX280616C00085000,85.0,22.5,22.0,22.5,6.0,682.0,0.4650322052001954,False,CALL,2028-06-16,NFLX
NFLX280616C00090000,90.0,20.1,20.0,20.4,36.0,2324.0,0.45618219604492194,False,CALL,2028-06-16,NFLX
NFLX280616C00095000,95.0,18.2,18.15,18.55,26.0,1817.0,0.4498346032714844,False,CALL,2028-06-16,NFLX
NFLX280616C00100000,100.0,16.6,16.35,16.85,24.0,2444.0,0.4440058041381836,False,CALL,2028-06-16,NFLX
NFLX280616C00105000,105.0,15.05,14.9,15.3,3.0,535.0,0.4388178677368164,False,CALL,2028-06-16,NFLX
NFLX280616P00060000,60.0,6.65,6.5,6.9,3.0,483.0,0.36652244812011714,False,PUT,2028-06-16,NFLX
NFLX280616P00065000,65.0,7.8,8.1,8.65,2.0,2207.0,0.358404853515625,False,PUT,2028-06-16,NFLX
NFLX280616P00070000,70.0,10.25,10.0,10.45,16.0,1374.0,0.34656415161132803,False,PUT,2028-06-16,NFLX
NFLX280616P00075000,75.0,12.37,12.15,12.5,6.0,2213.0,0.33609672698974613,False,PUT,2028-06-16,NFLX
NFLX280616P00080000,80.0,14.5,14.45,14.85,56.0,3226.0,0.32770447692871096,False,PUT,2028-06-16,NFLX
NFLX280616P00085000,85.0,16.94,17.0,17.65,1.0,1071.0,0.32413395599365225,True,PUT,2028-06-16,NFLX
NFLX280616P00090000,90.0,18.65,19.7,20.45,5.0,789.0,0.31632153411865227,True,PUT,2028-06-16,NFLX
NFLX280616P00095000,95.0,22.38,22.65,24.2,100.0,814.0,0.32318792053222645,True,PUT,2028-06-16,NFLX
NFLX280616P00100000,100.0,26.0,25.8,27.4,1.0,205.0,0.31558911956787106,True,PUT,2028-06-16,NFLX
NFLX280616P00105000,105.0,28.03,29.15,30.8,2.0,201.0,0.3084175604248046,True,PUT,2028-06-16,NFLX
NFLX281215C00060000,60.0,37.3,36.4,38.45,20.0,173.0,0.5227098510742187,True,CALL,2028-12-15,NFLX
NFLX281215C00065000,65.0,34.41,33.3,34.7,5.0,271.0,0.5118151846313476,True,CALL,2028-12-15,NFLX
NFLX281215C00070000,70.0,31.8,30.0,33.95,17.0,172.0,0.5414474566650394,True,CALL,2028-12-15,NFLX
NFLX281215C00075000,75.0,29.65,28.6,29.55,3.0,119.0,0.4892629199218751,True,CALL,2028-12-15,NFLX
NFLX281215C00080000,80.0,26.99,26.8,27.2,249.0,1498.0,0.4792837716674804,True,CALL,2028-12-15,NFLX
NFLX281215C00085000,85.0,24.79,24.7,25.2,186.0,896.0,0.4739737661743164,False,CALL,2028-12-15,NFLX
NFLX281215C00090000,90.0,22.5,22.55,23.1,39.0,574.0,0.4646049633789063,False,CALL,2028-12-15,NFLX
NFLX281215C00095000,95.0,21.0,19.9,21.3,10.0,361.0,0.4588677160644532,False,CALL,2028-12-15,NFLX
NFLX281215C00100000,100.0,19.35,19.0,19.6,56.0,880.0,0.45300839965820316,False,CALL,2028-12-15,NFLX
NFLX281215C00105000,105.0,17.65,16.2,18.05,7.0,209.0,0.4480646014404296,False,CALL,2028-12-15,NFLX
NFLX281215P00060000,60.0,7.5,7.45,7.9,2.0,173.0,0.3587710607910156,False,PUT,2028-12-15,NFLX
NFLX281215P00065000,65.0,9.25,9.25,9.65,6.0,1752.0,0.34888346435546874,False,PUT,2028-12-15,NFLX
NFLX281215P00070000,70.0,11.35,11.15,11.55,191.0,968.0,0.3384160397338867,False,PUT,2028-12-15,NFLX
NFLX281215P00075000,75.0,13.59,13.3,14.85,745.0,284.0,0.35217932983398437,False,PUT,2028-12-15,NFLX
NFLX281215P00080000,80.0,15.9,15.65,16.25,16.0,255.0,0.3244086114501953,False,PUT,2028-12-15,NFLX
NFLX281215P00085000,85.0,18.37,18.15,18.7,21.0,1295.0,0.31391066955566405,True,PUT,2028-12-15,NFLX
NFLX281215P00090000,90.0,21.0,20.8,21.5,5.0,242.0,0.3064949722290039,True,PUT,2028-12-15,NFLX
NFLX281215P00095000,95.0,24.25,22.75,25.5,2.0,169.0,0.31711498321533205,True,PUT,2028-12-15,NFLX
NFLX281215P00100000,100.0,26.79,26.45,27.9,2.0,26.0,0.2960275476074219,True,PUT,2028-12-15,NFLX
NFLX281215P00105000,105.0,30.18,30.1,31.35,4.0,16.0,0.29062599029541014,True,PUT,2028-12-15,NFLX
NGD260220C00009000,9.0,2.9,2.65,3.3,9.0,1084.0,1.1875040625,True,CALL,2026-02-20,NGD
NGD260220C00010000,10.0,2.22,2.15,2.4,34.0,2956.0,0.8437515624999999,True,CALL,2026-02-20,NGD
NGD260220C00011000,11.0,1.57,1.55,1.95,67.0,1654.0,1.01172369140625,True,CALL,2026-02-20,NGD
NGD260220C00012000,12.0,1.1,1.05,1.3,205.0,3593.0,0.96679720703125,True,CALL,2026-02-20,NGD
NGD260220C00013000,13.0,0.7,0.7,0.95,776.0,2203.0,1.0009815576171874,False,CALL,2026-02-20,NGD
NGD260220C00014000,14.0,0.48,0.4,0.55,26.0,3103.0,0.9355475195312499,False,CALL,2026-02-20,NGD
NGD260220C00015000,15.0,0.33,0.15,0.55,57.0,1018.0,0.999023447265625,False,CALL,2026-02-20,NGD
NGD260220P00009000,9.0,0.1,0.05,0.15,15.0,830.0,0.87500125,False,PUT,2026-02-20,NGD
NGD260220P00010000,10.0,0.3,0.25,0.35,26.0,618.0,0.9160164648437501,False,PUT,2026-02-20,NGD
NGD260220P00011000,11.0,0.65,0.45,0.6,23.0,1789.0,0.8281267187499999,False,PUT,2026-02-20,NGD
NGD260220P00012000,12.0,1.1,0.9,1.05,38.0,431.0,0.8242205078124999,False,PUT,2026-02-20,NGD
NGD260220P00013000,13.0,1.8,1.35,1.9,1.0,189.0,0.8564467480468749,True,PUT,2026-02-20,NGD
NGD260220P00014000,14.0,1.95,2.05,2.7,13.0,41.0,0.867188828125,True,PUT,2026-02-20,NGD
NGD260220P00015000,15.0,3.2,2.45,4.1,3.0,50.0,0.9492192578124999,True,PUT,2026-02-20,NGD
NGD260320C00009000,9.0,3.1,3.0,3.6,7.0,1638.0,0.79687703125,True,CALL,2026-03-20,NGD
NGD260320C00010000,10.0,2.6,2.55,2.8,76.0,3789.0,0.8818371191406249,True,CALL,2026-03-20,NGD
NGD260320C00011000,11.0,2.07,1.95,2.15,47.0,1106.0,0.8652357226562499,True,CALL,2026-03-20,NGD
NGD260320C00012000,12.0,1.6,1.6,1.65,34.0,602.0,0.9023447265625,True,CALL,2026-03-20,NGD
NGD260320C00013000,13.0,1.23,1.1,1.25,50.0,508.0,0.86914193359375,False,CALL,2026-03-20,NGD
NGD260320C00014000,14.0,0.87,0.9,0.95,20.0,531.0,0.9003916210937499,False,CALL,2026-03-20,NGD
NGD260320C00015000,15.0,0.65,0.6,0.75,202.0,715.0,0.8906260937499999,False,CALL,2026-03-20,NGD
NGD260320P00009000,9.0,0.37,0.3,0.4,32.0,896.0,0.87695435546875,False,PUT,2026-03-20,NGD
NGD260320P00010000,10.0,0.6,0.6,0.65,35.0,2213.0,0.867188828125,False,PUT,2026-03-20,NGD
NGD260320P00011000,11.0,1.0,0.9,1.05,245.0,88.0,0.8378922460937499,False,PUT,2026-03-20,NGD
NGD260320P00012000,12.0,1.55,1.4,1.55,25.0,308.0,0.8349625878906248,False,PUT,2026-03-20,NGD
NGD260320P00013000,13.0,1.65,1.95,2.15,267.0,269.0,0.8164080859374999,True,PUT,2026-03-20,NGD
NGD260320P00014000,14.0,2.45,2.7,2.9,5.0,19.0,0.8447281152343749,True,PUT,2026-03-20,NGD
NGD260515C00009000,9.0,4.4,3.3,4.6,50.0,1755.0,0.93945373046875,True,CALL,2026-05-15,NGD
NGD260515C00010000,10.0,3.2,3.0,3.4,15.0,276.0,0.86132951171875,True,CALL,2026-05-15,NGD
NGD260515C00011000,11.0,2.68,2.55,2.95,57.0,9038.0,0.89257919921875,True,CALL,2026-05-15,NGD
NGD260515C00012000,12.0,2.2,2.0,2.45,6.0,2597.0,0.85937640625,True,CALL,2026-05-15,NGD
NGD260515C00013000,13.0,1.9,1.7,2.05,17.0,450.0,0.86914193359375,False,CALL,2026-05-15,NGD
NGD260515C00014000,14.0,1.7,1.2,1.75,21.0,224.0,0.8369156933593749,False,CALL,2026-05-15,NGD
NGD260515C00015000,15.0,1.26,1.05,1.45,33.0,899.0,0.851563984375,False,CALL,2026-05-15,NGD
NGD260515P00009000,9.0,0.72,0.5,0.9,17.0,135.0,0.8183611914062499,False,PUT,2026-05-15,NGD
NGD260515P00010000,10.0,0.95,0.9,1.4,6.0,46.0,0.851563984375,False,PUT,2026-05-15,NGD
NGD260515P00011000,11.0,1.5,1.25,1.8,6.0,337.0,0.8105487695312499,False,PUT,2026-05-15,NGD
NGD260515P00012000,12.0,1.7,1.8,2.25,1.0,112.0,0.7919942675781251,False,PUT,2026-05-15,NGD
NGD260821C00009000,9.0,5.45,3.9,5.3,4.0,105.0,0.9248054394531251,True,CALL,2026-08-21,NGD
NGD260821C00010000,10.0,4.3,3.5,4.1,24.0,203.0,0.8237322314453124,True,CALL,2026-08-21,NGD
NGD260821C00011000,11.0,3.64,2.95,3.7,1.0,129.0,0.8203142968749999,True,CALL,2026-08-21,NGD
NGD260821C00012000,12.0,2.95,2.9,3.2,51.0,345.0,0.85937640625,True,CALL,2026-08-21,NGD
NGD260821C00013000,13.0,2.74,2.4,2.85,20.0,27.0,0.8388687988281249,False,CALL,2026-08-21,NGD
NGD260821C00014000,14.0,2.25,2.05,2.55,2.0,28.0,0.8344743115234373,False,CALL,2026-08-21,NGD
NGD260821C00015000,15.0,2.05,1.75,2.25,8.0,267.0,0.8261736132812498,False,CALL,2026-08-21,NGD
NGD260821P00009000,9.0,1.09,0.8,1.4,25.0,33.0,0.7480493945312501,False,PUT,2026-08-21,NGD
NGD260821P00010000,10.0,1.25,1.3,1.85,5.0,80.0,0.7587914746093751,False,PUT,2026-08-21,NGD
NGD260821P00012000,12.0,2.35,2.15,2.95,4.0,11.0,0.7226590234375,False,PUT,2026-08-21,NGD
NGD260821P00013000,13.0,2.95,1.15,3.6,1.0,4.0,0.8403336279296875,True,PUT,2026-08-21,NGD
NGD260821P00014000,14.0,3.64,3.5,4.3,5.0,5.0,0.7314479980468749,True,PUT,2026-08-21,NGD
NGD270115C00010000,10.0,4.3,4.3,4.9,178.0,11355.0,0.8300798242187499,True,CALL,2027-01-15,NGD
NGD270115C00012000,12.0,3.8,3.4,3.8,100.0,715.0,0.7773459765625,True,CALL,2027-01-15,NGD
NGD270115C00015000,15.0,2.99,2.65,3.0,265.0,2265.0,0.8037129003906249,False,CALL,2027-01-15,NGD
NGD270115P00010000,10.0,2.05,1.8,2.4,2.0,70.0,0.7143583251953125,False,PUT,2027-01-15,NGD
NGD270115P00012000,12.0,3.07,2.85,3.5,105.0,300.0,0.692385888671875,False,PUT,2027-01-15,NGD
NGD270115P00015000,15.0,5.8,5.0,5.6,,6.0,0.7028838305664062,True,PUT,2027-01-15,NGD
NGD271217C00010000,10.0,5.7,5.1,5.8,10.0,773.0,0.7543969873046875,True,CALL,2027-12-17,NGD
NGD271217C00015000,15.0,4.05,2.75,5.4,1.0,40.0,0.7690452783203126,False,CALL,2027-12-17,NGD
NGD271217P00010000,10.0,2.85,0.6,5.0,4.0,25.0,0.64062859375,False,PUT,2027-12-17,NGD
NGD280121C00010000,10.0,5.66,4.7,7.5,2.0,393.0,0.86132951171875,True,CALL,2028-01-21,NGD
NGD280121C00012000,12.0,4.9,4.7,5.5,5.0,827.0,0.7905294384765625,True,CALL,2028-01-21,NGD
NGD280121C00015000,15.0,4.1,3.9,4.9,43.0,177.0,0.8012715185546875,False,CALL,2028-01-21,NGD
NGD280121P00010000,10.0,3.0,1.8,5.0,1.0,30.0,0.73633076171875,False,PUT,2028-01-21,NGD
NGD280121P00012000,12.0,4.26,1.6,6.3,12.0,12.0,0.6069375244140626,False,PUT,2028-01-21,NGD
NIO260130C00003500,3.5,1.34,0.98,1.55,3.0,137.0,5.8437526953125,True,CALL,2026-01-30,NIO
NIO260130C00004000,4.0,0.74,0.79,0.86,121.0,1308.0,1.5000025,True,CALL,2026-01-30,NIO
NIO260130C00004500,4.5,0.34,0.33,0.35,3969.0,5676.0,0.9062509375,True,CALL,2026-01-30,NIO
NIO260130C00005000,5.0,0.02,0.02,0.03,15807.0,29828.0,0.6093789062500001,False,CALL,2026-01-30,NIO
NIO260130C00005500,5.5,0.01,0.0,0.01,5262.0,13018.0,0.9687503125,False,CALL,2026-01-30,NIO
NIO260130C00006000,6.0,0.01,0.0,0.01,187.0,13855.0,1.5000025,False,CALL,2026-01-30,NIO
NIO260130P00003500,3.5,0.01,0.0,0.01,30.0,272.0,2.1250046874999997,False,PUT,2026-01-30,NIO
NIO260130P00004000,4.0,0.01,0.0,0.01,1.0,2714.0,1.3125034374999998,False,PUT,2026-01-30,NIO
NIO260130P00004500,4.5,0.01,0.0,0.01,3836.0,8557.0,0.5625043750000001,False,PUT,2026-01-30,NIO
NIO260130P00005000,5.0,0.18,0.18,0.19,2333.0,5850.0,0.37500625,True,PUT,2026-01-30,NIO
NIO260130P00005500,5.5,0.68,0.68,0.71,43.0,1077.0,1.125004375,True,PUT,2026-01-30,NIO
NIO260130P00006000,6.0,1.37,0.89,1.64,1.0,57.0,2.7812530468750003,True,PUT,2026-01-30,NIO
NIO260206C00003500,3.5,1.13,0.95,1.62,7.0,14.0,3.1093772265624997,True,CALL,2026-02-06,NIO
NIO260206C00004000,4.0,0.84,0.82,0.87,108.0,1966.0,0.92187578125,True,CALL,2026-02-06,NIO
NIO260206C00004500,4.5,0.39,0.35,0.39,884.0,1904.0,0.57812921875,True,CALL,2026-02-06,NIO
NIO260206C00005000,5.0,0.12,0.11,0.12,8930.0,11497.0,0.632816171875,False,CALL,2026-02-06,NIO
NIO260206C00005500,5.5,0.03,0.03,0.04,2807.0,6723.0,0.7187528125,False,CALL,2026-02-06,NIO
NIO260206C00006000,6.0,0.02,0.01,0.02,2959.0,3622.0,0.8437515624999999,False,CALL,2026-02-06,NIO
NIO260206P00003500,3.5,0.01,0.0,0.02,20.0,16.0,1.125004375,False,PUT,2026-02-06,NIO
NIO260206P00004000,4.0,0.01,0.0,0.01,283.0,7946.0,0.6250037500000001,False,PUT,2026-02-06,NIO
NIO260206P00004500,4.5,0.04,0.04,0.05,1576.0,3149.0,0.5312546875,False,PUT,2026-02-06,NIO
NIO260206P00005000,5.0,0.26,0.25,0.27,3789.0,2437.0,0.523442265625,True,PUT,2026-02-06,NIO
NIO260206P00005500,5.5,0.71,0.65,0.76,9.0,777.0,0.6250037500000001,True,PUT,2026-02-06,NIO
NIO260206P00006000,6.0,1.18,1.15,1.22,2.0,19.0,0.500005,True,PUT,2026-02-06,NIO
NIO260213C00003500,3.5,0.88,1.08,1.63,2.0,5.0,1.125004375,True,CALL,2026-02-13,NIO
NIO260213C00004000,4.0,0.75,0.75,0.94,6.0,137.0,0.6875031250000001,True,CALL,2026-02-13,NIO
NIO260213C00004500,4.5,0.42,0.41,0.46,594.0,646.0,0.632816171875,True,CALL,2026-02-13,NIO
NIO260213C00005000,5.0,0.17,0.17,0.18,1372.0,3727.0,0.6250037500000001,False,CALL,2026-02-13,NIO
NIO260213C00005500,5.5,0.07,0.07,0.08,4306.0,3747.0,0.70312796875,False,CALL,2026-02-13,NIO
NIO260213C00006000,6.0,0.04,0.03,0.05,569.0,1444.0,0.79687703125,False,CALL,2026-02-13,NIO
NIO260213P00003500,3.5,0.02,0.0,0.75,1.0,3.0,2.58594103515625,False,PUT,2026-02-13,NIO
NIO260213P00004000,4.0,0.02,0.01,0.02,5.0,443.0,0.57812921875,False,PUT,2026-02-13,NIO
NIO260213P00004500,4.5,0.1,0.08,0.11,280.0,1819.0,0.5585981640625001,False,PUT,2026-02-13,NIO
NIO260213P00005000,5.0,0.34,0.32,0.35,326.0,686.0,0.5625043750000001,True,PUT,2026-02-13,NIO
NIO260213P00005500,5.5,0.77,0.71,0.8,127.0,249.0,0.6835969140625001,True,PUT,2026-02-13,NIO
NIO260213P00006000,6.0,1.1,1.14,1.46,1.0,5.0,1.109379453125,True,PUT,2026-02-13,NIO
NIO260220C00003500,3.5,1.53,1.08,1.6,101.0,703.0,0.8437515624999999,True,CALL,2026-02-20,NIO
NIO260220C00004000,4.0,0.88,0.87,0.88,170.0,45637.0,0.710940390625,True,CALL,2026-02-20,NIO
NIO260220C00004500,4.5,0.47,0.45,0.47,1453.0,11610.0,0.5898478515625001,True,CALL,2026-02-20,NIO
NIO260220C00005000,5.0,0.21,0.21,0.22,6889.0,57435.0,0.6093789062500001,False,CALL,2026-02-20,NIO
NIO260220C00005500,5.5,0.11,0.09,0.11,5642.0,65434.0,0.6562534375000001,False,CALL,2026-02-20,NIO
NIO260220C00006000,6.0,0.06,0.05,0.06,546.0,41286.0,0.726565234375,False,CALL,2026-02-20,NIO
NIO260220P00003500,3.5,0.02,0.0,0.03,7.0,2898.0,0.7500025,False,PUT,2026-02-20,NIO
NIO260220P00004000,4.0,0.03,0.02,0.03,28.0,12702.0,0.5468795312500001,False,PUT,2026-02-20,NIO
NIO260220P00004500,4.5,0.12,0.11,0.12,258.0,25423.0,0.51562984375,False,PUT,2026-02-20,NIO
NIO260220P00005000,5.0,0.37,0.35,0.38,225.0,38049.0,0.5351608984375,True,PUT,2026-02-20,NIO
NIO260220P00005500,5.5,0.76,0.73,0.77,51.0,9375.0,0.5546919531250001,True,PUT,2026-02-20,NIO
NIO260220P00006000,6.0,1.2,1.19,1.22,569.0,12795.0,0.5625043750000001,True,PUT,2026-02-20,NIO
NIO260227C00003500,3.5,1.31,0.9,1.65,5.0,20.0,1.78515732421875,True,CALL,2026-02-27,NIO
NIO260227C00004000,4.0,1.0,0.77,0.92,5.0,93.0,0.500005,True,CALL,2026-02-27,NIO
NIO260227C00004500,4.5,0.49,0.48,0.53,81.0,1322.0,0.6093789062500001,True,CALL,2026-02-27,NIO
NIO260227C00005000,5.0,0.24,0.24,0.28,988.0,1204.0,0.6132851171875001,False,CALL,2026-02-27,NIO
NIO260227C00005500,5.5,0.12,0.13,0.14,513.0,1172.0,0.6523472265625001,False,CALL,2026-02-27,NIO
NIO260227C00006000,6.0,0.08,0.07,0.08,1001.0,2049.0,0.70312796875,False,CALL,2026-02-27,NIO
NIO260227P00003500,3.5,0.02,0.0,0.05,155.0,195.0,0.73437765625,False,PUT,2026-02-27,NIO
NIO260227P00004000,4.0,0.03,0.02,0.04,5.0,326.0,0.507817421875,False,PUT,2026-02-27,NIO
NIO260227P00004500,4.5,0.16,0.13,0.16,1036.0,752.0,0.51562984375,False,PUT,2026-02-27,NIO
NIO260227P00005000,5.0,0.43,0.4,0.43,46.0,1346.0,0.5585981640625001,True,PUT,2026-02-27,NIO
NIO260227P00005500,5.5,0.93,0.48,1.23,10.0,406.0,0.726565234375,True,PUT,2026-02-27,NIO
NIO260227P00006000,6.0,1.43,0.95,1.6,5.0,20.0,0.7460962890625,True,PUT,2026-02-27,NIO
NIO260306C00004000,4.0,0.92,0.91,0.96,30.0,101.0,0.7226590234375,True,CALL,2026-03-06,NIO
NIO260306C00004500,4.5,0.43,0.53,0.6,11.0,58.0,0.6562534375000001,True,CALL,2026-03-06,NIO
NIO260306C00005000,5.0,0.31,0.31,0.35,1089.0,462.0,0.6679720703125002,False,CALL,2026-03-06,NIO
NIO260306C00005500,5.5,0.19,0.17,0.21,53.0,125.0,0.6914093359375001,False,CALL,2026-03-06,NIO
NIO260306C00006000,6.0,0.12,0.11,0.13,81.0,163.0,0.7421900781249999,False,CALL,2026-03-06,NIO
NIO260306P00004000,4.0,0.09,0.06,0.08,2503.0,2529.0,0.5898478515625001,False,PUT,2026-03-06,NIO
NIO260306P00004500,4.5,0.23,0.19,0.27,61.0,622.0,0.6210975390625001,False,PUT,2026-03-06,NIO
NIO260306P00006000,6.0,1.41,0.36,3.15,4.0,9.0,1.5625021874999998,True,PUT,2026-03-06,NIO
NIO260320C00004000,4.0,1.0,0.96,1.0,30174.0,865.0,0.7070341796875,True,CALL,2026-03-20,NIO
NIO260320C00005000,5.0,0.42,0.41,0.44,506.0,10041.0,0.70312796875,False,CALL,2026-03-20,NIO
NIO260320C00006000,6.0,0.19,0.18,0.2,2770.0,7934.0,0.7578149218750001,False,CALL,2026-03-20,NIO
NIO260320P00004000,4.0,0.11,0.1,0.12,31369.0,1362.0,0.5937540625000001,False,PUT,2026-03-20,NIO
NIO260320P00005000,5.0,0.56,0.54,0.57,122.0,4629.0,0.6250037500000001,True,PUT,2026-03-20,NIO
NIO260320P00006000,6.0,1.24,1.3,1.41,36.0,69.0,0.7226590234375,True,PUT,2026-03-20,NIO
NIO260515C00004000,4.0,1.14,1.11,1.17,101.0,5945.0,0.6914093359375001,True,CALL,2026-05-15,NIO
NIO260515C00005000,5.0,0.65,0.63,0.65,542.0,68608.0,0.6914093359375001,False,CALL,2026-05-15,NIO
NIO260515C00006000,6.0,0.38,0.37,0.38,1331.0,19494.0,0.7246121289062499,False,CALL,2026-05-15,NIO
NIO260515P00004000,4.0,0.26,0.23,0.31,4.0,8122.0,0.6250037500000001,False,PUT,2026-05-15,NIO
NIO260515P00005000,5.0,0.76,0.73,0.77,39.0,16535.0,0.6191444335937502,True,PUT,2026-05-15,NIO
NIO260515P00006000,6.0,1.45,1.45,1.48,48.0,7310.0,0.6250037500000001,True,PUT,2026-05-15,NIO
NIO260618C00003500,3.5,1.46,1.52,1.62,31.0,5833.0,0.7226590234375,True,CALL,2026-06-18,NIO
NIO260618C00004000,4.0,1.2,1.22,1.27,416.0,35202.0,0.7128934960937501,True,CALL,2026-06-18,NIO
NIO260618C00004500,4.5,0.96,0.93,1.0,113.0,39117.0,0.6962920996093751,True,CALL,2026-06-18,NIO
NIO260618C00005000,5.0,0.76,0.77,0.78,416.0,73197.0,0.71679970703125,False,CALL,2026-06-18,NIO
NIO260618C00005500,5.5,0.6,0.59,0.63,53.0,39977.0,0.72070591796875,False,CALL,2026-06-18,NIO
NIO260618P00003500,3.5,0.2,0.18,0.2,55.0,55156.0,0.6367223828125,False,PUT,2026-06-18,NIO
NIO260618P00004000,4.0,0.35,0.33,0.37,65.0,41283.0,0.6289099609375001,False,PUT,2026-06-18,NIO
NIO260618P00004500,4.5,0.53,0.54,0.64,1.0,36237.0,0.6425816992187501,False,PUT,2026-06-18,NIO
NIO260618P00005000,5.0,0.86,0.85,0.89,245.0,33312.0,0.64062859375,True,PUT,2026-06-18,NIO
NIO260618P00005500,5.5,1.23,1.16,1.25,15.0,19856.0,0.6445348046875,True,PUT,2026-06-18,NIO
NIO260821C00004000,4.0,1.34,1.37,1.42,37.0,465.0,0.71679970703125,True,CALL,2026-08-21,NIO
NIO260821C00005000,5.0,0.95,0.89,0.95,119.0,5696.0,0.6962920996093751,False,CALL,2026-08-21,NIO
NIO260821C00006000,6.0,0.64,0.55,0.68,66.0,9550.0,0.6953155468750001,False,CALL,2026-08-21,NIO
NIO260821P00004000,4.0,0.45,0.44,0.51,25.0,19224.0,0.6289099609375001,False,PUT,2026-08-21,NIO
NIO260821P00005000,5.0,0.99,0.95,1.04,17.0,8896.0,0.6191444335937502,True,PUT,2026-08-21,NIO
NIO260821P00006000,6.0,1.75,1.63,1.75,27.0,7427.0,0.6181678808593751,True,PUT,2026-08-21,NIO
NIO270115C00003500,3.5,1.98,1.97,2.01,20.0,12277.0,0.7744163183593751,True,CALL,2027-01-15,NIO
NIO270115C00004000,4.0,1.73,1.71,1.73,35.0,21797.0,0.754885263671875,True,CALL,2027-01-15,NIO
NIO270115C00004500,4.5,1.47,1.4,1.52,39.0,5006.0,0.725588681640625,True,CALL,2027-01-15,NIO
NIO270115C00005000,5.0,1.32,1.3,1.33,1345.0,66619.0,0.7480493945312501,False,CALL,2027-01-15,NIO
NIO270115C00005500,5.5,1.17,1.12,1.18,337.0,10131.0,0.743166630859375,False,CALL,2027-01-15,NIO
NIO270115P00003500,3.5,0.51,0.48,0.51,18.0,14314.0,0.6425816992187501,False,PUT,2027-01-15,NIO
NIO270115P00004000,4.0,0.74,0.7,0.77,20.0,52128.0,0.64648791015625,False,PUT,2027-01-15,NIO
NIO270115P00004500,4.5,1.01,0.97,1.01,101.0,12522.0,0.6357458300781251,False,PUT,2027-01-15,NIO
NIO270115P00005000,5.0,1.28,1.27,1.32,9.0,28704.0,0.6347692773437501,True,PUT,2027-01-15,NIO
NIO270115P00005500,5.5,1.63,1.6,1.64,1.0,15419.0,0.6289099609375001,True,PUT,2027-01-15,NIO
NIO271217C00003500,3.5,2.48,2.32,2.75,3.0,589.0,0.842775009765625,True,CALL,2027-12-17,NIO
NIO271217C00004000,4.0,2.1,2.12,2.44,4.0,928.0,0.804689453125,True,CALL,2027-12-17,NIO
NIO271217C00004500,4.5,1.97,1.9,2.25,37.0,1010.0,0.78711150390625,True,CALL,2027-12-17,NIO
NIO271217C00005000,5.0,1.94,1.75,1.95,1.0,5679.0,0.754885263671875,False,CALL,2027-12-17,NIO
NIO271217C00005500,5.5,1.74,1.62,1.81,30.0,3358.0,0.7553735400390625,False,CALL,2027-12-17,NIO
NIO271217P00003500,3.5,0.92,0.78,0.93,3.0,28552.0,0.648441015625,False,PUT,2027-12-17,NIO
NIO271217P00004000,4.0,1.15,0.94,1.15,160.0,2375.0,0.6054726953125001,False,PUT,2027-12-17,NIO
NIO271217P00004500,4.5,1.47,1.35,1.5,10.0,411.0,0.63867548828125,False,PUT,2027-12-17,NIO
NIO271217P00005000,5.0,1.67,1.64,1.9,50.0,3470.0,0.6445348046875,True,PUT,2027-12-17,NIO
NIO271217P00005500,5.5,2.18,1.87,2.2,3.0,3028.0,0.6093789062500001,True,PUT,2027-12-17,NIO
NIO280121C00004000,4.0,2.29,2.18,2.35,26.0,1551.0,0.778322529296875,True,CALL,2028-01-21,NIO
NIO280121C00005000,5.0,1.98,1.9,2.0,41.0,7844.0,0.778322529296875,False,CALL,2028-01-21,NIO
NIO280121P00004000,4.0,1.2,1.07,1.23,3.0,1987.0,0.6381872119140625,False,PUT,2028-01-21,NIO
NIO280121P00005000,5.0,1.75,1.75,1.86,2.0,12576.0,0.6425816992187501,True,PUT,2028-01-21,NIO
NKE260130C00045000,45.0,16.6,15.8,19.7,1.0,9.0,4.904300744628905,True,CALL,2026-01-30,NKE
NKE260130C00046000,46.0,16.05,14.75,18.7,2.0,11.0,4.679691650390625,True,CALL,2026-01-30,NKE
NKE260130C00047000,47.0,14.94,13.8,17.7,1.0,6.0,4.4570356787109375,True,CALL,2026-01-30,NKE
NKE260130C00048000,48.0,14.04,12.75,16.6,2.0,17.0,4.146489191894532,True,CALL,2026-01-30,NKE
NKE260130C00049000,49.0,13.8,12.0,15.7,16.0,15.0,0.500005,True,CALL,2026-01-30,NKE
NKE260130C00050000,50.0,12.7,11.65,13.3,6.0,52.0,2.3789103027343748,True,CALL,2026-01-30,NKE
NKE260130C00051000,51.0,11.7,10.75,12.4,2.0,2.0,2.349613500976562,True,CALL,2026-01-30,NKE
NKE260130C00052000,52.0,10.5,10.05,12.35,14.0,3.0,1.9296878515625,True,CALL,2026-01-30,NKE
NKE260130C00053000,53.0,9.78,8.95,11.45,1.0,14.0,1.7792979785156249,True,CALL,2026-01-30,NKE
NKE260130C00054000,54.0,8.88,7.8,10.7,1.0,13.0,1.6933609082031251,True,CALL,2026-01-30,NKE
NKE260130C00055000,55.0,7.05,6.8,7.95,40.0,124.0,1.0976607617187502,True,CALL,2026-01-30,NKE
NKE260130C00056000,56.0,6.25,5.3,7.2,12.0,22.0,1.3339877050781246,True,CALL,2026-01-30,NKE
NKE260130C00057000,57.0,5.17,4.25,5.95,7.0,23.0,0.8554701953125,True,CALL,2026-01-30,NKE
NKE260130C00058000,58.0,4.35,4.25,4.95,26.0,348.0,0.7324245507812499,True,CALL,2026-01-30,NKE
NKE260130C00059000,59.0,3.05,3.2,4.25,10.0,95.0,0.9238288867187501,True,CALL,2026-01-30,NKE
NKE260130C00060000,60.0,2.26,2.22,3.05,9.0,2952.0,0.5918009570312501,True,CALL,2026-01-30,NKE
NKE260130C00061000,61.0,1.7,1.81,2.07,314.0,464.0,0.45898978515625005,True,CALL,2026-01-30,NKE
NKE260130C00062000,62.0,1.09,0.99,1.12,945.0,1131.0,0.32617861328125,True,CALL,2026-01-30,NKE
NKE260130C00063000,63.0,0.43,0.41,0.48,4208.0,1176.0,0.29688203124999996,False,CALL,2026-01-30,NKE
NKE260130C00064000,64.0,0.14,0.12,0.14,2977.0,1767.0,0.28125718749999995,False,CALL,2026-01-30,NKE
NKE260130C00065000,65.0,0.04,0.04,0.05,2416.0,5332.0,0.31641308593749995,False,CALL,2026-01-30,NKE
NKE260130C00066000,66.0,0.03,0.02,0.03,300.0,2841.0,0.3789124609375,False,CALL,2026-01-30,NKE
NKE260130C00067000,67.0,0.02,0.01,0.02,187.0,3623.0,0.437505625,False,CALL,2026-01-30,NKE
NKE260130C00068000,68.0,0.01,0.01,0.02,561.0,3090.0,0.500005,False,CALL,2026-01-30,NKE
NKE260130C00069000,69.0,0.01,0.0,0.01,13.0,1323.0,0.500005,False,CALL,2026-01-30,NKE
NKE260130C00070000,70.0,0.01,0.0,0.01,31.0,7515.0,0.5625043750000001,False,CALL,2026-01-30,NKE
NKE260130C00071000,71.0,0.01,0.0,0.01,5.0,1601.0,0.6250037500000001,False,CALL,2026-01-30,NKE
NKE260130C00072000,72.0,0.01,0.0,0.02,1.0,1027.0,0.7656273437500001,False,CALL,2026-01-30,NKE
NKE260130C00073000,73.0,0.03,0.0,0.03,3.0,274.0,0.87500125,False,CALL,2026-01-30,NKE
NKE260130C00074000,74.0,0.04,0.0,0.04,1.0,22.0,0.9687503125,False,CALL,2026-01-30,NKE
NKE260130C00075000,75.0,0.01,0.0,0.02,1.0,556.0,0.9687503125,False,CALL,2026-01-30,NKE
NKE260130C00076000,76.0,0.11,0.0,0.04,49.0,78.0,1.109379453125,False,CALL,2026-01-30,NKE
NKE260130C00077000,77.0,0.01,0.0,0.01,1.0,97.0,1.000005,False,CALL,2026-01-30,NKE
NKE260130C00078000,78.0,0.16,0.0,0.01,1.0,11.0,1.0625046875000002,False,CALL,2026-01-30,NKE
NKE260130C00080000,80.0,0.01,0.0,0.03,1.0,39.0,1.3125034374999998,False,CALL,2026-01-30,NKE
NKE260130P00045000,45.0,0.05,0.0,0.1,3.0,29.0,2.1250046874999997,False,PUT,2026-01-30,NKE
NKE260130P00049000,49.0,0.05,0.0,2.13,,1.0,3.281251796875,False,PUT,2026-01-30,NKE
NKE260130P00050000,50.0,0.01,0.0,0.01,3.0,202.0,1.125004375,False,PUT,2026-01-30,NKE
NKE260130P00052000,52.0,0.09,0.0,0.09,5.0,29.0,1.2734411328124997,False,PUT,2026-01-30,NKE
NKE260130P00053000,53.0,0.05,0.0,0.09,1.0,489.0,1.1640666796875,False,PUT,2026-01-30,NKE
NKE260130P00054000,54.0,0.01,0.0,0.01,25.0,544.0,0.7812521875,False,PUT,2026-01-30,NKE
NKE260130P00055000,55.0,0.01,0.0,0.01,2.0,579.0,0.6875031250000001,False,PUT,2026-01-30,NKE
NKE260130P00056000,56.0,0.02,0.0,0.01,10.0,723.0,0.6250037500000001,False,PUT,2026-01-30,NKE
NKE260130P00057000,57.0,0.01,0.0,0.01,2.0,840.0,0.5312546875,False,PUT,2026-01-30,NKE
NKE260130P00058000,58.0,0.01,0.0,0.01,107.0,1170.0,0.48438015625,False,PUT,2026-01-30,NKE
NKE260130P00059000,59.0,0.02,0.01,0.03,235.0,708.0,0.4726615234375,False,PUT,2026-01-30,NKE
NKE260130P00060000,60.0,0.04,0.03,0.04,291.0,2242.0,0.39063109375,False,PUT,2026-01-30,NKE
NKE260130P00061000,61.0,0.07,0.07,0.09,955.0,1600.0,0.3398503515625,False,PUT,2026-01-30,NKE
NKE260130P00062000,62.0,0.22,0.19,0.27,12105.0,12150.0,0.32617861328125,False,PUT,2026-01-30,NKE
NKE260130P00063000,63.0,0.57,0.57,0.62,651.0,3458.0,0.2910227148437499,True,PUT,2026-01-30,NKE
NKE260130P00064000,64.0,1.4,1.15,1.33,865.0,2557.0,0.31153032226562494,True,PUT,2026-01-30,NKE
NKE260130P00065000,65.0,2.72,2.12,2.9,154.0,1779.0,0.594730615234375,True,PUT,2026-01-30,NKE
NKE260130P00066000,66.0,3.4,3.1,3.7,47.0,793.0,0.65039412109375,True,PUT,2026-01-30,NKE
NKE260130P00067000,67.0,4.9,4.1,4.7,5.0,132.0,0.7773459765625,True,PUT,2026-01-30,NKE
NKE260130P00068000,68.0,6.45,5.05,6.8,20.0,116.0,1.3320345898437496,True,PUT,2026-01-30,NKE
NKE260130P00069000,69.0,3.39,5.85,7.85,2.0,42.0,1.4121123144531251,True,PUT,2026-01-30,NKE
NKE260130P00070000,70.0,5.19,6.75,8.85,10.0,2.0,1.501955615234375,True,PUT,2026-01-30,NKE
NKE260130P00071000,71.0,8.18,7.75,8.25,2.0,20.0,0.9960937890625,True,PUT,2026-01-30,NKE
NKE260130P00072000,72.0,9.0,8.05,11.3,1.0,0.0,1.626954990234375,True,PUT,2026-01-30,NKE
NKE260130P00073000,73.0,8.12,8.45,12.3,10.0,0.0,1.3886749316406248,True,PUT,2026-01-30,NKE
NKE260130P00075000,75.0,13.18,10.4,14.3,1.0,0.0,1.5332054589843749,True,PUT,2026-01-30,NKE
NKE260130P00078000,78.0,15.36,13.15,17.25,1.0,0.0,1.40625296875,True,PUT,2026-01-30,NKE
NKE260130P00080000,80.0,15.05,15.15,19.25,1.0,0.0,1.5390648046875,True,PUT,2026-01-30,NKE
NKE260206C00045000,45.0,18.3,15.8,18.8,,2.0,1.8486335693359375,True,CALL,2026-02-06,NKE
NKE260206C00046000,46.0,17.3,14.8,17.5,,1.0,1.5732443212890623,True,CALL,2026-02-06,NKE
NKE260206C00047000,47.0,16.25,13.85,16.55,,1.0,1.5205102099609373,True,CALL,2026-02-06,NKE
NKE260206C00050000,50.0,15.33,10.9,13.7,2.0,1.0,1.3515657421874998,True,CALL,2026-02-06,NKE
NKE260206C00051000,51.0,14.53,10.0,12.6,,2.0,1.2168007910156249,True,CALL,2026-02-06,NKE
NKE260206C00052000,52.0,13.36,9.15,11.1,2.0,1.0,0.8359391406249999,True,CALL,2026-02-06,NKE
NKE260206C00053000,53.0,12.14,8.15,10.1,106.0,22.0,0.7695335546875001,True,CALL,2026-02-06,NKE
NKE260206C00054000,54.0,11.05,6.95,9.45,4.0,54.0,0.903321279296875,True,CALL,2026-02-06,NKE
NKE260206C00055000,55.0,10.19,6.25,8.0,120.0,17.0,0.5644574804687501,True,CALL,2026-02-06,NKE
NKE260206C00056000,56.0,9.24,5.2,7.1,106.0,23.0,0.5722699023437501,True,CALL,2026-02-06,NKE
NKE260206C00057000,57.0,8.28,4.55,6.1,262.0,55.0,0.50586431640625,True,CALL,2026-02-06,NKE
NKE260206C00058000,58.0,6.31,3.4,5.25,1.0,21.0,0.5097705273437501,True,CALL,2026-02-06,NKE
NKE260206C00059000,59.0,5.45,2.83,4.3,2.0,21.0,0.45508357421875,True,CALL,2026-02-06,NKE
NKE260206C00060000,60.0,2.55,2.53,3.3,3.0,351.0,0.37695935546875,True,CALL,2026-02-06,NKE
NKE260206C00061000,61.0,2.43,2.4,2.51,239.0,129.0,0.35938140625,True,CALL,2026-02-06,NKE
NKE260206C00062000,62.0,1.62,1.69,1.79,810.0,155.0,0.33789724609375,True,CALL,2026-02-06,NKE
NKE260206C00063000,63.0,1.16,1.19,1.23,224.0,723.0,0.3305731005859375,False,CALL,2026-02-06,NKE
NKE260206C00064000,64.0,0.75,0.71,0.79,677.0,2003.0,0.3232489550781249,False,CALL,2026-02-06,NKE
NKE260206C00065000,65.0,0.48,0.41,0.48,466.0,1124.0,0.3193427441406249,False,CALL,2026-02-06,NKE
NKE260206C00066000,66.0,0.28,0.27,0.3,129.0,1254.0,0.32617861328125,False,CALL,2026-02-06,NKE
NKE260206C00067000,67.0,0.17,0.17,0.18,95.0,897.0,0.3320379296875,False,CALL,2026-02-06,NKE
NKE260206C00068000,68.0,0.1,0.06,0.14,97.0,890.0,0.36133451171875,False,CALL,2026-02-06,NKE
NKE260206C00069000,69.0,0.08,0.05,0.14,18.0,889.0,0.4101621484375,False,CALL,2026-02-06,NKE
NKE260206C00070000,70.0,0.04,0.04,0.05,143.0,1102.0,0.37305314453125,False,CALL,2026-02-06,NKE
NKE260206C00071000,71.0,0.06,0.0,0.13,1.0,622.0,0.495122236328125,False,CALL,2026-02-06,NKE
NKE260206C00072000,72.0,0.07,0.01,0.14,79.0,277.0,0.5468795312500001,False,CALL,2026-02-06,NKE
NKE260206C00073000,73.0,0.02,0.01,0.07,28.0,104.0,0.51562984375,False,CALL,2026-02-06,NKE
NKE260206C00074000,74.0,0.04,0.0,0.14,9.0,24.0,0.5546919531250001,False,CALL,2026-02-06,NKE
NKE260206C00075000,75.0,0.02,0.0,0.1,1.0,210.0,0.5585981640625001,False,CALL,2026-02-06,NKE
NKE260206C00076000,76.0,0.01,0.0,0.14,1.0,43.0,0.6289099609375001,False,CALL,2026-02-06,NKE
NKE260206C00077000,77.0,0.01,0.0,0.27,2.0,35.0,0.74414318359375,False,CALL,2026-02-06,NKE
NKE260206C00080000,80.0,0.02,0.0,0.04,10.0,19.0,0.64062859375,False,CALL,2026-02-06,NKE
NKE260206P00050000,50.0,0.05,0.0,0.1,30.0,32.0,0.7187528125,False,PUT,2026-02-06,NKE
NKE260206P00052000,52.0,0.02,0.0,0.02,5.0,32.0,0.5351608984375,False,PUT,2026-02-06,NKE
NKE260206P00053000,53.0,0.06,0.0,0.97,14.0,6.0,0.918946123046875,False,PUT,2026-02-06,NKE
NKE260206P00054000,54.0,0.02,0.0,0.29,3.0,14.0,0.6191444335937502,False,PUT,2026-02-06,NKE
NKE260206P00055000,55.0,0.03,0.01,0.04,30.0,136.0,0.437505625,False,PUT,2026-02-06,NKE
NKE260206P00056000,56.0,0.06,0.01,0.09,33.0,423.0,0.44922425781249997,False,PUT,2026-02-06,NKE
NKE260206P00057000,57.0,0.07,0.01,0.2,34.0,178.0,0.47559118164062497,False,PUT,2026-02-06,NKE
NKE260206P00058000,58.0,0.23,0.08,0.16,2.0,235.0,0.38672488281249995,False,PUT,2026-02-06,NKE
NKE260206P00059000,59.0,0.2,0.16,0.21,44.0,733.0,0.35156898437499995,False,PUT,2026-02-06,NKE
NKE260206P00060000,60.0,0.3,0.26,0.35,10277.0,2352.0,0.340826904296875,False,PUT,2026-02-06,NKE
NKE260206P00061000,61.0,0.54,0.48,0.56,141.0,657.0,0.32910827148437494,False,PUT,2026-02-06,NKE
NKE260206P00062000,62.0,0.85,0.78,0.89,251.0,1784.0,0.32471378417968744,False,PUT,2026-02-06,NKE
NKE260206P00063000,63.0,1.3,1.21,1.3,301.0,1168.0,0.31055376953124997,True,PUT,2026-02-06,NKE
NKE260206P00064000,64.0,1.95,1.72,1.92,83.0,1497.0,0.3178779150390625,True,PUT,2026-02-06,NKE
NKE260206P00065000,65.0,3.02,2.44,2.74,16.0,601.0,0.352545537109375,True,PUT,2026-02-06,NKE
NKE260206P00066000,66.0,3.85,3.35,3.95,63.0,216.0,0.4936574072265626,True,PUT,2026-02-06,NKE
NKE260206P00067000,67.0,4.2,4.2,5.6,11.0,243.0,0.5507857421875001,True,PUT,2026-02-06,NKE
NKE260206P00068000,68.0,5.93,5.05,5.6,9.0,65.0,0.5097705273437501,True,PUT,2026-02-06,NKE
NKE260206P00069000,69.0,4.1,6.05,8.1,2.0,3.0,0.74414318359375,True,PUT,2026-02-06,NKE
NKE260206P00070000,70.0,8.0,7.1,8.45,10.0,49.0,0.6982452050781252,True,PUT,2026-02-06,NKE
NKE260206P00071000,71.0,8.2,8.05,8.25,2.0,3.0,0.4687553125,True,PUT,2026-02-06,NKE
NKE260206P00072000,72.0,10.45,7.75,11.3,16.0,0.0,0.6953155468750001,True,PUT,2026-02-06,NKE
NKE260206P00073000,73.0,10.35,8.6,12.25,3.0,0.0,0.6875031250000001,True,PUT,2026-02-06,NKE
NKE260206P00074000,74.0,11.3,9.55,13.25,3.0,0.0,0.71679970703125,True,PUT,2026-02-06,NKE
NKE260206P00075000,75.0,10.1,10.55,14.25,6.0,0.0,0.7597680273437502,True,PUT,2026-02-06,NKE
NKE260213C00045000,45.0,18.4,15.85,18.85,,1.0,1.408206083984375,True,CALL,2026-02-13,NKE
NKE260213C00049000,49.0,14.5,11.85,14.6,,1.0,1.0366259106445317,True,CALL,2026-02-13,NKE
NKE260213C00050000,50.0,13.4,10.9,13.65,,0.0,0.9941406835937501,True,CALL,2026-02-13,NKE
NKE260213C00051000,51.0,12.45,9.85,12.55,,1.0,0.8930674755859375,True,CALL,2026-02-13,NKE
NKE260213C00055000,55.0,10.49,6.25,8.6,,7.0,0.6689486230468751,True,CALL,2026-02-13,NKE
NKE260213C00056000,56.0,9.93,5.75,8.4,,0.0,0.8271501660156249,True,CALL,2026-02-13,NKE
NKE260213C00057000,57.0,8.03,4.55,6.8,,1.0,0.6030313134765627,True,CALL,2026-02-13,NKE
NKE260213C00058000,58.0,8.29,3.9,5.4,1.0,24.0,0.428716650390625,True,CALL,2026-02-13,NKE
NKE260213C00059000,59.0,5.88,3.8,4.55,2.0,4.0,0.4096738720703125,True,CALL,2026-02-13,NKE
NKE260213C00060000,60.0,2.87,3.3,3.55,1.0,39.0,0.34570966796874997,True,CALL,2026-02-13,NKE
NKE260213C00061000,61.0,2.4,2.69,2.91,1.0,38.0,0.35547519531249994,True,CALL,2026-02-13,NKE
NKE260213C00062000,62.0,1.96,2.0,2.3,39.0,108.0,0.35352208984374994,True,CALL,2026-02-13,NKE
NKE260213C00063000,63.0,1.6,1.5,1.66,46.0,137.0,0.33008482421874996,False,CALL,2026-02-13,NKE
NKE260213C00064000,64.0,1.1,1.1,1.25,482.0,289.0,0.33350275878906255,False,CALL,2026-02-13,NKE
NKE260213C00065000,65.0,0.75,0.76,0.86,113.0,403.0,0.3232489550781249,False,CALL,2026-02-13,NKE
NKE260213C00066000,66.0,0.55,0.51,0.6,59.0,778.0,0.3232489550781249,False,CALL,2026-02-13,NKE
NKE260213C00067000,67.0,0.34,0.33,0.45,18.0,331.0,0.335944140625,False,CALL,2026-02-13,NKE
NKE260213C00068000,68.0,0.28,0.2,0.28,42.0,175.0,0.32813171874999997,False,CALL,2026-02-13,NKE
NKE260213C00069000,69.0,0.19,0.19,0.21,13.0,119.0,0.340826904296875,False,CALL,2026-02-13,NKE
NKE260213C00070000,70.0,0.14,0.12,0.18,24.0,402.0,0.36426416992187505,False,CALL,2026-02-13,NKE
NKE260213C00071000,71.0,0.07,0.0,0.33,11.0,175.0,0.46582565429687506,False,CALL,2026-02-13,NKE
NKE260213C00072000,72.0,0.09,0.01,0.35,7.0,177.0,0.5117236328125,False,CALL,2026-02-13,NKE
NKE260213C00073000,73.0,0.15,0.0,0.37,2.0,135.0,0.5566450585937501,False,CALL,2026-02-13,NKE
NKE260213C00074000,74.0,0.12,0.0,0.61,43.0,60.0,0.5634809277343751,False,CALL,2026-02-13,NKE
NKE260213C00075000,75.0,0.08,0.0,0.29,9.0,123.0,0.506840869140625,False,CALL,2026-02-13,NKE
NKE260213C00076000,76.0,0.39,0.0,1.26,,4.0,0.7622094091796876,False,CALL,2026-02-13,NKE
NKE260213C00080000,80.0,0.01,0.0,0.25,5.0,22.0,0.63086306640625,False,CALL,2026-02-13,NKE
NKE260213P00053000,53.0,0.05,0.0,1.6,,2.0,0.8081073876953124,False,PUT,2026-02-13,NKE
NKE260213P00054000,54.0,0.04,0.0,0.65,2.0,42.0,0.5654340332031251,False,PUT,2026-02-13,NKE
NKE260213P00055000,55.0,0.17,0.0,0.52,8.0,69.0,0.5908244042968751,False,PUT,2026-02-13,NKE
NKE260213P00056000,56.0,0.12,0.1,0.17,15.0,89.0,0.38867798828125,False,PUT,2026-02-13,NKE
NKE260213P00057000,57.0,0.18,0.14,0.23,50.0,105.0,0.370123486328125,False,PUT,2026-02-13,NKE
NKE260213P00058000,58.0,0.35,0.22,0.35,12.0,324.0,0.36524072265625,False,PUT,2026-02-13,NKE
NKE260213P00059000,59.0,0.45,0.39,0.39,48.0,280.0,0.3237372314453124,False,PUT,2026-02-13,NKE
NKE260213P00060000,60.0,0.63,0.52,0.65,37.0,430.0,0.33350275878906255,False,PUT,2026-02-13,NKE
NKE260213P00061000,61.0,0.91,0.8,0.92,78.0,306.0,0.32617861328125,False,PUT,2026-02-13,NKE
NKE260213P00062000,62.0,1.27,1.14,1.31,61.0,250.0,0.32642275146484373,False,PUT,2026-02-13,NKE
NKE260213P00063000,63.0,1.83,1.57,1.79,31.0,190.0,0.32617861328125,True,PUT,2026-02-13,NKE
NKE260213P00064000,64.0,2.31,2.13,2.33,32.0,148.0,0.3198310205078124,True,PUT,2026-02-13,NKE
NKE260213P00065000,65.0,3.33,2.83,3.1,32.0,69.0,0.34229173339843744,True,PUT,2026-02-13,NKE
NKE260213P00066000,66.0,3.78,3.6,3.85,3.0,57.0,0.34717449707031245,True,PUT,2026-02-13,NKE
NKE260213P00067000,67.0,5.1,4.1,4.85,3.0,9.0,0.4008848974609375,True,PUT,2026-02-13,NKE
NKE260213P00068000,68.0,6.41,5.25,6.65,1.0,22.0,0.63867548828125,True,PUT,2026-02-13,NKE
NKE260213P00069000,69.0,6.97,5.95,7.9,2.0,3.0,0.5195360546875,True,PUT,2026-02-13,NKE
NKE260213P00070000,70.0,8.25,7.1,8.4,3.0,8.0,0.5161181201171875,True,PUT,2026-02-13,NKE
NKE260213P00071000,71.0,6.47,8.1,9.85,,1.0,0.6245154736328126,True,PUT,2026-02-13,NKE
NKE260213P00072000,72.0,9.36,8.75,10.85,1.0,1.0,0.6157264990234376,True,PUT,2026-02-13,NKE
NKE260213P00080000,80.0,14.25,16.3,19.25,,0.0,0.8974619628906249,True,PUT,2026-02-13,NKE
NKE260220C00045000,45.0,14.88,15.95,18.2,1.0,23.0,0.8896495410156249,True,CALL,2026-02-20,NKE
NKE260220C00047500,47.5,14.06,13.45,15.6,16.0,48.0,0.7148466015625,True,CALL,2026-02-20,NKE
NKE260220C00050000,50.0,13.0,11.8,13.1,2.0,459.0,0.6074258007812501,True,CALL,2026-02-20,NKE
NKE260220C00052500,52.5,11.92,8.9,10.75,4.0,54.0,0.5664105859375,True,CALL,2026-02-20,NKE
NKE260220C00055000,55.0,7.25,6.5,8.25,1.0,493.0,0.454107021484375,True,CALL,2026-02-20,NKE
NKE260220C00056000,56.0,9.8,5.65,7.25,24.0,36.0,0.40918559570312496,True,CALL,2026-02-20,NKE
NKE260220C00057000,57.0,6.5,4.65,6.35,1.0,5.0,0.39258419921875,True,CALL,2026-02-20,NKE
NKE260220C00057500,57.5,6.0,4.9,5.95,25.0,964.0,0.39453730468750003,True,CALL,2026-02-20,NKE
NKE260220C00059000,59.0,3.93,3.75,4.85,5.0,254.0,0.4035704174804688,True,CALL,2026-02-20,NKE
NKE260220C00060000,60.0,3.62,3.6,3.9,83.0,3160.0,0.35547519531249994,True,CALL,2026-02-20,NKE
NKE260220C00061000,61.0,3.05,3.0,3.15,42.0,139.0,0.33814138427734375,True,CALL,2026-02-20,NKE
NKE260220C00062000,62.0,2.5,2.43,2.54,471.0,109.0,0.33399103515625,True,CALL,2026-02-20,NKE
NKE260220C00062500,62.5,2.2,2.18,2.29,201.0,3417.0,0.3364324169921875,True,CALL,2026-02-20,NKE
NKE260220C00063000,63.0,1.91,1.88,1.93,88.0,369.0,0.3181220532226562,False,CALL,2026-02-20,NKE
NKE260220C00064000,64.0,1.43,1.43,1.51,715.0,458.0,0.32031929687499994,False,CALL,2026-02-20,NKE
NKE260220C00065000,65.0,1.06,1.05,1.12,608.0,10072.0,0.3149482568359374,False,CALL,2026-02-20,NKE
NKE260220C00066000,66.0,0.69,0.74,0.86,145.0,667.0,0.3198310205078124,False,CALL,2026-02-20,NKE
NKE260220C00067000,67.0,0.6,0.54,0.6,73.0,254.0,0.313483427734375,False,CALL,2026-02-20,NKE
NKE260220C00067500,67.5,0.5,0.43,0.56,118.0,7187.0,0.32520206054687495,False,CALL,2026-02-20,NKE
NKE260220C00068000,68.0,0.39,0.36,0.47,339.0,1311.0,0.3237372314453124,False,CALL,2026-02-20,NKE
NKE260220C00069000,69.0,0.31,0.28,0.34,39.0,401.0,0.32569033691406246,False,CALL,2026-02-20,NKE
NKE260220C00070000,70.0,0.23,0.21,0.25,492.0,11581.0,0.33008482421874996,False,CALL,2026-02-20,NKE
NKE260220C00071000,71.0,0.14,0.12,0.23,17.0,352.0,0.35352208984374994,False,CALL,2026-02-20,NKE
NKE260220C00072000,72.0,0.1,0.06,0.37,5.0,370.0,0.4331111376953125,False,CALL,2026-02-20,NKE
NKE260220C00072500,72.5,0.11,0.1,0.17,37.0,3010.0,0.3711000390625,False,CALL,2026-02-20,NKE
NKE260220C00073000,73.0,0.14,0.05,0.18,7.0,134.0,0.389654541015625,False,CALL,2026-02-20,NKE
NKE260220C00074000,74.0,0.12,0.0,0.15,1.0,218.0,0.40039662109375,False,CALL,2026-02-20,NKE
NKE260220C00075000,75.0,0.05,0.06,0.17,136.0,6272.0,0.436529072265625,False,CALL,2026-02-20,NKE
NKE260220C00076000,76.0,0.08,0.0,0.14,27.0,25.0,0.44434149414062496,False,CALL,2026-02-20,NKE
NKE260220C00077500,77.5,0.08,0.05,0.06,1.0,4645.0,0.41602146484374997,False,CALL,2026-02-20,NKE
NKE260220C00080000,80.0,0.03,0.03,0.05,429.0,2530.0,0.45313046875,False,CALL,2026-02-20,NKE
NKE260220P00045000,45.0,0.04,0.0,0.1,2.0,341.0,0.6250037500000001,False,PUT,2026-02-20,NKE
NKE260220P00047500,47.5,0.02,0.02,0.11,1.0,2839.0,0.5585981640625001,False,PUT,2026-02-20,NKE
NKE260220P00050000,50.0,0.03,0.02,0.08,78.0,1040.0,0.48438015625,False,PUT,2026-02-20,NKE
NKE260220P00052000,52.0,0.06,0.0,0.16,6.0,9.0,0.47363807617187503,False,PUT,2026-02-20,NKE
NKE260220P00052500,52.5,0.06,0.01,0.1,5.0,10908.0,0.41309180664062495,False,PUT,2026-02-20,NKE
NKE260220P00053000,53.0,0.1,0.06,0.16,3.0,6.0,0.43457596679687505,False,PUT,2026-02-20,NKE
NKE260220P00054000,54.0,0.13,0.0,0.41,10.0,12.0,0.5029346582031251,False,PUT,2026-02-20,NKE
NKE260220P00055000,55.0,0.15,0.1,0.16,62.0,7742.0,0.35742830078125,False,PUT,2026-02-20,NKE
NKE260220P00056000,56.0,0.23,0.11,0.27,4.0,19.0,0.36524072265625,False,PUT,2026-02-20,NKE
NKE260220P00057000,57.0,0.34,0.23,0.36,5.0,35.0,0.352545537109375,False,PUT,2026-02-20,NKE
NKE260220P00057500,57.5,0.33,0.3,0.36,108.0,23717.0,0.33008482421874996,False,PUT,2026-02-20,NKE
NKE260220P00058000,58.0,0.48,0.36,0.46,136.0,496.0,0.334967587890625,False,PUT,2026-02-20,NKE
NKE260220P00059000,59.0,0.59,0.53,0.57,45.0,319.0,0.3129951513671875,False,PUT,2026-02-20,NKE
NKE260220P00060000,60.0,0.87,0.74,0.88,717.0,13001.0,0.3232489550781249,False,PUT,2026-02-20,NKE
NKE260220P00061000,61.0,1.38,1.05,1.12,70.0,633.0,0.30713583496093744,False,PUT,2026-02-20,NKE
NKE260220P00062000,62.0,1.5,1.4,1.48,98.0,772.0,0.299811689453125,False,PUT,2026-02-20,NKE
NKE260220P00062500,62.5,1.81,1.66,1.71,115.0,6382.0,0.2995675512695312,False,PUT,2026-02-20,NKE
NKE260220P00063000,63.0,1.9,1.86,1.96,263.0,1553.0,0.2990792749023437,True,PUT,2026-02-20,NKE
NKE260220P00064000,64.0,2.58,2.41,2.52,13.0,477.0,0.29761444580078117,True,PUT,2026-02-20,NKE
NKE260220P00065000,65.0,3.41,3.0,3.15,48.0,6832.0,0.29444064941406245,True,PUT,2026-02-20,NKE
NKE260220P00066000,66.0,3.7,3.7,4.8,1.0,399.0,0.4594780615234375,True,PUT,2026-02-20,NKE
NKE260220P00067000,67.0,4.45,4.25,5.8,7.0,190.0,0.5112353564453125,True,PUT,2026-02-20,NKE
NKE260220P00067500,67.5,5.37,4.95,5.8,3.0,3303.0,0.44482977050781247,True,PUT,2026-02-20,NKE
NKE260220P00068000,68.0,5.8,5.25,5.95,3.0,28.0,0.3979552392578125,True,PUT,2026-02-20,NKE
NKE260220P00069000,69.0,6.05,6.05,7.75,2.0,14.0,0.5969278588867188,True,PUT,2026-02-20,NKE
NKE260220P00070000,70.0,8.22,7.2,8.2,9.0,965.0,0.5317429638671876,True,PUT,2026-02-20,NKE
NKE260220P00072500,72.5,10.57,9.5,11.35,2.0,175.0,0.5625043750000001,True,PUT,2026-02-20,NKE
NKE260220P00075000,75.0,13.49,12.05,13.85,1.0,6.0,0.6518589501953126,True,PUT,2026-02-20,NKE
NKE260220P00077500,77.5,14.58,13.0,16.75,2.0,148.0,0.5283250292968751,True,PUT,2026-02-20,NKE
NKE260220P00080000,80.0,18.0,15.5,19.25,3.0,32.0,0.5888712988281251,True,PUT,2026-02-20,NKE
NKE260227C00050000,50.0,13.8,11.0,13.8,14.0,2.0,0.7675804492187501,True,CALL,2026-02-27,NKE
NKE260227C00052000,52.0,11.9,9.05,11.85,,2.0,0.6860382958984376,True,CALL,2026-02-27,NKE
NKE260227C00055000,55.0,8.01,6.7,8.4,2.0,2.0,0.43945873046875,True,CALL,2026-02-27,NKE
NKE260227C00056000,56.0,9.08,5.75,8.15,1.0,1.0,0.5568891967773439,True,CALL,2026-02-27,NKE
NKE260227C00058000,58.0,5.0,5.0,5.7,1.0,2.0,0.37402969726562496,True,CALL,2026-02-27,NKE
NKE260227C00059000,59.0,6.55,4.55,4.9,1.0,2.0,0.36206692626953124,True,CALL,2026-02-27,NKE
NKE260227C00060000,60.0,4.64,3.85,4.35,18.0,18.0,0.38281867187499996,True,CALL,2026-02-27,NKE
NKE260227C00062000,62.0,2.29,2.63,2.94,61.0,28.0,0.3491276025390625,True,CALL,2026-02-27,NKE
NKE260227C00063000,63.0,2.01,2.08,2.33,47.0,11.0,0.33423517333984376,False,CALL,2026-02-27,NKE
NKE260227C00064000,64.0,1.77,1.62,1.87,8.0,44.0,0.331061376953125,False,CALL,2026-02-27,NKE
NKE260227C00065000,65.0,1.22,1.24,1.65,43.0,153.0,0.35352208984374994,False,CALL,2026-02-27,NKE
NKE260227C00066000,66.0,1.0,0.94,1.18,40.0,157.0,0.331061376953125,False,CALL,2026-02-27,NKE
NKE260227C00067000,67.0,0.76,0.75,0.89,11.0,151.0,0.32617861328125,False,CALL,2026-02-27,NKE
NKE260227C00068000,68.0,0.64,0.6,0.7,17.0,165.0,0.32959654785156245,False,CALL,2026-02-27,NKE
NKE260227C00069000,69.0,0.5,0.32,0.67,1.0,158.0,0.3588931298828125,False,CALL,2026-02-27,NKE
NKE260227C00070000,70.0,0.34,0.36,0.41,17.0,620.0,0.33301448242187504,False,CALL,2026-02-27,NKE
NKE260227C00071000,71.0,0.28,0.24,0.34,2.0,128.0,0.34326828613281246,False,CALL,2026-02-27,NKE
NKE260227C00072000,72.0,0.22,0.0,0.97,8.0,52.0,0.5170946728515625,False,CALL,2026-02-27,NKE
NKE260227C00073000,73.0,0.17,0.0,0.7,1.0,54.0,0.4907277490234375,False,CALL,2026-02-27,NKE
NKE260227C00075000,75.0,0.09,0.0,0.28,4.0,549.0,0.4272518212890626,False,CALL,2026-02-27,NKE
NKE260227C00076000,76.0,0.22,0.0,0.92,30.0,65.0,0.5097705273437501,False,CALL,2026-02-27,NKE
NKE260227C00080000,80.0,0.11,0.0,0.08,34.0,67.0,0.42774009765625004,False,CALL,2026-02-27,NKE
NKE260227P00050000,50.0,0.3,0.0,1.05,4.0,7.0,0.64062859375,False,PUT,2026-02-27,NKE
NKE260227P00052000,52.0,1.08,0.0,1.0,5.0,16.0,0.5488326367187502,False,PUT,2026-02-27,NKE
NKE260227P00053000,53.0,0.08,0.0,0.54,5.0,56.0,0.5200243310546875,False,PUT,2026-02-27,NKE
NKE260227P00055000,55.0,0.22,0.16,0.29,7.0,204.0,0.3632876171875,False,PUT,2026-02-27,NKE
NKE260227P00056000,56.0,0.37,0.09,0.65,5.0,24.0,0.42163664306640625,False,PUT,2026-02-27,NKE
NKE260227P00057000,57.0,0.5,0.33,0.43,9.0,21.0,0.3266668896484375,False,PUT,2026-02-27,NKE
NKE260227P00058000,58.0,0.55,0.52,0.58,8.0,156.0,0.3198310205078124,False,PUT,2026-02-27,NKE
NKE260227P00059000,59.0,0.85,0.69,0.78,6.0,129.0,0.3139717041015625,False,PUT,2026-02-27,NKE
NKE260227P00060000,60.0,1.12,0.97,1.05,8.0,445.0,0.3112861840820312,False,PUT,2026-02-27,NKE
NKE260227P00061000,61.0,1.75,1.3,1.48,3.0,89.0,0.32300481689453114,False,PUT,2026-02-27,NKE
NKE260227P00062000,62.0,2.0,1.7,2.1,34.0,107.0,0.3505924316406249,False,PUT,2026-02-27,NKE
NKE260227P00063000,63.0,2.5,2.08,2.59,11.0,82.0,0.34961587890624996,True,PUT,2026-02-27,NKE
NKE260227P00064000,64.0,2.95,2.61,2.94,4.0,105.0,0.3198310205078124,True,PUT,2026-02-27,NKE
NKE260227P00065000,65.0,3.71,3.3,3.75,6.0,42.0,0.3464420825195312,True,PUT,2026-02-27,NKE
NKE260227P00066000,66.0,4.25,4.0,4.4,2.0,10.0,0.34180345703125,True,PUT,2026-02-27,NKE
NKE260227P00067000,67.0,4.0,4.75,5.15,,38.0,0.344733115234375,True,PUT,2026-02-27,NKE
NKE260227P00068000,68.0,5.35,5.3,7.2,4.0,5.0,0.5520064331054688,True,PUT,2026-02-27,NKE
NKE260227P00071000,71.0,7.0,8.1,9.95,,1.0,0.6311072045898438,True,PUT,2026-02-27,NKE
NKE260306C00060000,60.0,4.08,4.0,4.3,2.0,3.0,0.33765310791015624,True,CALL,2026-03-06,NKE
NKE260306C00062000,62.0,2.46,2.87,3.15,25.0,13.0,0.34107104248046877,True,CALL,2026-03-06,NKE
NKE260306C00066000,66.0,1.2,1.11,1.45,7.0,10.0,0.33521172607421873,False,CALL,2026-03-06,NKE
NKE260306C00067000,67.0,0.78,0.87,1.12,31.0,77.0,0.32813171874999997,False,CALL,2026-03-06,NKE
NKE260306C00068000,68.0,0.78,0.6,0.9,52.0,20.0,0.3298406860351562,False,CALL,2026-03-06,NKE
NKE260306C00070000,70.0,0.45,0.41,0.52,13.0,103.0,0.3232489550781249,False,CALL,2026-03-06,NKE
NKE260306C00071000,71.0,0.3,0.28,0.43,15.0,1223.0,0.33081723876953123,False,CALL,2026-03-06,NKE
NKE260306C00072000,72.0,0.32,0.22,0.42,107.0,9.0,0.3540103662109374,False,CALL,2026-03-06,NKE
NKE260306C00076000,76.0,0.35,0.0,1.37,,1.0,0.5136767382812499,False,CALL,2026-03-06,NKE
NKE260306C00077000,77.0,0.44,0.0,1.26,,1.0,0.5246629565429688,False,CALL,2026-03-06,NKE
NKE260306P00055000,55.0,0.39,0.21,0.41,2.0,34.0,0.36084623535156246,False,PUT,2026-03-06,NKE
NKE260306P00058000,58.0,1.05,0.76,0.86,4.0,46.0,0.33838552246093745,False,PUT,2026-03-06,NKE
NKE260306P00059000,59.0,1.27,1.0,1.12,27.0,70.0,0.336920693359375,False,PUT,2026-03-06,NKE
NKE260306P00060000,60.0,1.45,1.31,1.59,27.0,183.0,0.35742830078125,False,PUT,2026-03-06,NKE
NKE260306P00062000,62.0,2.45,2.03,2.47,37.0,52.0,0.3627993408203125,False,PUT,2026-03-06,NKE
NKE260306P00064000,64.0,3.62,3.15,3.65,1.0,16.0,0.3776917700195312,True,PUT,2026-03-06,NKE
NKE260306P00065000,65.0,4.28,3.75,4.2,2.0,9.0,0.370123486328125,True,PUT,2026-03-06,NKE
NKE260306P00073000,73.0,8.85,9.7,12.15,2.0,1.0,0.6623568920898439,True,PUT,2026-03-06,NKE
NKE260306P00080000,80.0,17.0,16.55,19.05,1.0,88.0,0.596683720703125,True,PUT,2026-03-06,NKE
NKE260320C00045000,45.0,20.0,15.95,19.5,3.0,116.0,0.93164130859375,True,CALL,2026-03-20,NKE
NKE260320C00047500,47.5,19.1,13.95,15.9,15.0,88.0,0.5805706005859376,True,CALL,2026-03-20,NKE
NKE260320C00050000,50.0,11.92,11.85,13.3,1.0,297.0,0.47119669433593747,True,CALL,2026-03-20,NKE
NKE260320C00052500,52.5,10.95,9.25,11.1,1.0,428.0,0.45972219970703126,True,CALL,2026-03-20,NKE
NKE260320C00055000,55.0,7.95,7.55,9.0,18.0,1305.0,0.4419001123046875,True,CALL,2026-03-20,NKE
NKE260320C00057500,57.5,6.02,6.1,6.9,7.0,700.0,0.4030821411132813,True,CALL,2026-03-20,NKE
NKE260320C00060000,60.0,5.08,5.0,5.25,121.0,6292.0,0.3986876538085938,True,CALL,2026-03-20,NKE
NKE260320C00062500,62.5,3.75,3.75,3.9,384.0,3632.0,0.3986876538085938,True,CALL,2026-03-20,NKE
NKE260320C00065000,65.0,2.71,2.59,2.78,855.0,12798.0,0.39453730468750003,False,CALL,2026-03-20,NKE
NKE260320C00067500,67.5,1.85,1.79,1.91,586.0,7463.0,0.39038695556640624,False,CALL,2026-03-20,NKE
NKE260320C00070000,70.0,1.28,1.24,1.3,561.0,10142.0,0.39111937011718745,False,CALL,2026-03-20,NKE
NKE260320C00072500,72.5,0.86,0.81,0.89,74.0,3880.0,0.39624627197265627,False,CALL,2026-03-20,NKE
NKE260320C00075000,75.0,0.58,0.5,0.62,802.0,11609.0,0.40479110839843746,False,CALL,2026-03-20,NKE
NKE260320C00077500,77.5,0.34,0.34,0.61,5.0,6305.0,0.45264219238281256,False,CALL,2026-03-20,NKE
NKE260320C00080000,80.0,0.28,0.28,0.32,91.0,8172.0,0.42627526855468756,False,CALL,2026-03-20,NKE
NKE260320P00045000,45.0,0.13,0.07,0.4,5.0,6256.0,0.5478560839843751,False,PUT,2026-03-20,NKE
NKE260320P00047500,47.5,0.19,0.13,0.23,4.0,3514.0,0.471684970703125,False,PUT,2026-03-20,NKE
NKE260320P00050000,50.0,0.28,0.24,0.33,1510.0,8512.0,0.43555251953125,False,PUT,2026-03-20,NKE
NKE260320P00052500,52.5,0.58,0.51,0.61,5.0,3289.0,0.4304256176757813,False,PUT,2026-03-20,NKE
NKE260320P00055000,55.0,0.88,0.87,0.99,154.0,11587.0,0.41602146484374997,False,PUT,2026-03-20,NKE
NKE260320P00057500,57.5,1.59,1.47,1.59,149.0,5223.0,0.40845318115234375,False,PUT,2026-03-20,NKE
NKE260320P00060000,60.0,2.45,2.27,2.45,297.0,11040.0,0.40454697021484376,False,PUT,2026-03-20,NKE
NKE260320P00062500,62.5,3.54,3.45,3.6,28.0,9340.0,0.40405869384765625,False,PUT,2026-03-20,NKE
NKE260320P00065000,65.0,5.12,4.8,5.05,45.0,5952.0,0.4074766284179688,True,PUT,2026-03-20,NKE
NKE260320P00067500,67.5,6.74,6.5,7.05,5.0,6524.0,0.4467828759765625,True,PUT,2026-03-20,NKE
NKE260320P00070000,70.0,8.65,8.4,8.8,7.0,7344.0,0.436529072265625,True,PUT,2026-03-20,NKE
NKE260320P00072500,72.5,10.2,10.15,11.85,5.0,1587.0,0.5759319750976561,True,PUT,2026-03-20,NKE
NKE260320P00075000,75.0,13.45,12.55,13.6,4.0,801.0,0.5400436621093752,True,PUT,2026-03-20,NKE
NKE260320P00077500,77.5,13.48,15.05,16.65,1.0,52.0,0.5583540258789064,True,PUT,2026-03-20,NKE
NKE260320P00080000,80.0,18.14,17.4,18.9,4.0,65.0,0.5756878369140624,True,PUT,2026-03-20,NKE
NKE260417C00045000,45.0,16.05,16.5,18.5,35.0,63.0,0.559574716796875,True,CALL,2026-04-17,NKE
NKE260417C00047500,47.5,19.83,14.1,16.15,3.0,36.0,0.5190477783203125,True,CALL,2026-04-17,NKE
NKE260417C00050000,50.0,13.0,12.5,13.6,1.0,294.0,0.43848217773437503,True,CALL,2026-04-17,NKE
NKE260417C00052500,52.5,12.5,10.35,11.5,1.0,104.0,0.42969320312500003,True,CALL,2026-04-17,NKE
NKE260417C00055000,55.0,9.05,8.5,9.45,19.0,207.0,0.40991801025390623,True,CALL,2026-04-17,NKE
NKE260417C00057500,57.5,6.6,6.25,7.65,40.0,708.0,0.4014952429199219,True,CALL,2026-04-17,NKE
NKE260417C00060000,60.0,5.94,5.85,6.1,76.0,2146.0,0.39819937744140627,True,CALL,2026-04-17,NKE
NKE260417C00062500,62.5,4.49,4.45,4.7,152.0,1519.0,0.3892883337402344,True,CALL,2026-04-17,NKE
NKE260417C00065000,65.0,3.4,3.45,3.6,235.0,4394.0,0.3878235046386719,False,CALL,2026-04-17,NKE
NKE260417C00067500,67.5,2.64,2.6,2.67,83.0,1740.0,0.3833069482421875,False,CALL,2026-04-17,NKE
NKE260417C00070000,70.0,1.95,1.81,2.0,548.0,8080.0,0.38550419189453117,False,CALL,2026-04-17,NKE
NKE260417C00072500,72.5,1.32,1.36,1.5,75.0,2601.0,0.389654541015625,False,CALL,2026-04-17,NKE
NKE260417C00075000,75.0,0.9,0.94,1.1,27.0,5078.0,0.39160764648437496,False,CALL,2026-04-17,NKE
NKE260417C00077500,77.5,0.72,0.53,0.84,4.0,1852.0,0.39942006835937505,False,CALL,2026-04-17,NKE
NKE260417C00080000,80.0,0.57,0.5,0.7,77.0,1781.0,0.4165097412109374,False,CALL,2026-04-17,NKE
NKE260417P00045000,45.0,0.19,0.16,0.55,1.0,494.0,0.5356491748046875,False,PUT,2026-04-17,NKE
NKE260417P00047500,47.5,0.41,0.31,0.51,163.0,415.0,0.45752495605468757,False,PUT,2026-04-17,NKE
NKE260417P00050000,50.0,0.7,0.51,0.78,82.0,3014.0,0.44385321777343745,False,PUT,2026-04-17,NKE
NKE260417P00052500,52.5,1.01,0.9,1.17,197.0,1355.0,0.432622861328125,False,PUT,2026-04-17,NKE
NKE260417P00055000,55.0,1.41,1.4,1.41,723.0,4214.0,0.3874572973632812,False,PUT,2026-04-17,NKE
NKE260417P00057500,57.5,2.21,2.07,2.2,470.0,6857.0,0.39160764648437496,False,PUT,2026-04-17,NKE
NKE260417P00060000,60.0,3.1,3.0,3.1,123.0,9805.0,0.3846497082519531,False,PUT,2026-04-17,NKE
NKE260417P00062500,62.5,4.2,4.15,4.25,73.0,4177.0,0.3807434973144531,False,PUT,2026-04-17,NKE
NKE260417P00065000,65.0,6.0,5.5,5.95,1.0,5941.0,0.40515731567382807,True,PUT,2026-04-17,NKE
NKE260417P00067500,67.5,7.15,7.1,8.2,6.0,2321.0,0.46155323608398446,True,PUT,2026-04-17,NKE
NKE260417P00070000,70.0,9.9,8.9,9.6,5.0,949.0,0.4288387194824219,True,PUT,2026-04-17,NKE
NKE260417P00072500,72.5,10.66,10.85,11.85,5.0,854.0,0.4627739270019532,True,PUT,2026-04-17,NKE
NKE260417P00075000,75.0,12.55,12.15,14.05,1.0,784.0,0.4840139489746094,True,PUT,2026-04-17,NKE
NKE260417P00077500,77.5,12.55,15.25,16.7,21.0,537.0,0.5483443603515626,True,PUT,2026-04-17,NKE
NKE260417P00080000,80.0,14.45,17.3,19.25,10.0,182.0,0.5991251025390626,True,PUT,2026-04-17,NKE
NKE260515C00045000,45.0,18.44,17.0,18.45,6.0,24.0,0.47070841796875,True,CALL,2026-05-15,NKE
NKE260515C00047500,47.5,16.3,13.95,16.15,1.0,29.0,0.4458063232421875,True,CALL,2026-05-15,NKE
NKE260515C00050000,50.0,13.41,12.4,13.95,10.0,167.0,0.4272518212890626,True,CALL,2026-05-15,NKE
NKE260515C00052500,52.5,11.8,10.15,12.75,15.0,77.0,0.5053760400390624,True,CALL,2026-05-15,NKE
NKE260515C00055000,55.0,12.3,9.6,9.95,1.0,142.0,0.4012511047363281,True,CALL,2026-05-15,NKE
NKE260515C00057500,57.5,7.22,7.75,8.2,1.0,528.0,0.39197385375976557,True,CALL,2026-05-15,NKE
NKE260515C00060000,60.0,5.89,6.15,6.7,3.0,1874.0,0.38892212646484375,True,CALL,2026-05-15,NKE
NKE260515C00062500,62.5,5.17,4.85,5.3,31.0,1440.0,0.3790345300292969,True,CALL,2026-05-15,NKE
NKE260515C00065000,65.0,4.0,4.0,4.25,113.0,2148.0,0.3812317736816406,False,CALL,2026-05-15,NKE
NKE260515C00067500,67.5,2.66,3.1,3.3,17.0,677.0,0.37744763183593744,False,CALL,2026-05-15,NKE
NKE260515C00070000,70.0,2.38,2.38,2.47,194.0,1804.0,0.3698793481445312,False,CALL,2026-05-15,NKE
NKE260515C00072500,72.5,1.8,1.53,1.93,29.0,507.0,0.37402969726562496,False,CALL,2026-05-15,NKE
NKE260515C00075000,75.0,1.18,1.21,1.56,7.0,942.0,0.38355108642578123,False,CALL,2026-05-15,NKE
NKE260515C00077500,77.5,0.92,0.8,1.22,1.0,1470.0,0.387701435546875,False,CALL,2026-05-15,NKE
NKE260515C00080000,80.0,0.74,0.52,1.0,3.0,801.0,0.397466962890625,False,CALL,2026-05-15,NKE
NKE260515P00045000,45.0,0.38,0.12,0.68,3.0,192.0,0.48682153808593753,False,PUT,2026-05-15,NKE
NKE260515P00047500,47.5,0.61,0.48,0.61,10.0,650.0,0.41260353027343744,False,PUT,2026-05-15,NKE
NKE260515P00050000,50.0,0.93,0.77,0.98,2.0,662.0,0.41089456298828125,False,PUT,2026-05-15,NKE
NKE260515P00052500,52.5,1.39,1.19,1.48,3.0,959.0,0.40796490478515623,False,PUT,2026-05-15,NKE
NKE260515P00055000,55.0,1.99,1.7,1.92,17.0,2124.0,0.38403936279296874,False,PUT,2026-05-15,NKE
NKE260515P00057500,57.5,2.8,2.42,2.85,1.0,2450.0,0.3920959228515625,False,PUT,2026-05-15,NKE
NKE260515P00060000,60.0,3.95,3.35,3.75,32.0,1852.0,0.3812317736816406,False,PUT,2026-05-15,NKE
NKE260515P00062500,62.5,4.85,4.5,5.0,52.0,2139.0,0.38281867187499996,False,PUT,2026-05-15,NKE
NKE260515P00065000,65.0,6.49,5.85,6.5,1.0,1757.0,0.3888000573730469,True,PUT,2026-05-15,NKE
NKE260515P00067500,67.5,8.16,7.45,8.25,7.0,1043.0,0.40039662109375,True,PUT,2026-05-15,NKE
NKE260515P00070000,70.0,9.44,9.05,10.3,3.0,1306.0,0.4243221630859375,True,PUT,2026-05-15,NKE
NKE260515P00072500,72.5,10.55,11.15,11.8,5.0,305.0,0.39331661376953125,True,PUT,2026-05-15,NKE
NKE260515P00075000,75.0,11.5,13.2,14.55,15.0,831.0,0.4606987524414063,True,PUT,2026-05-15,NKE
NKE260515P00077500,77.5,13.17,15.2,16.15,9.0,48.0,0.41748629394531245,True,PUT,2026-05-15,NKE
NKE260515P00080000,80.0,20.3,17.5,19.1,6.0,7.0,0.5003712072753908,True,PUT,2026-05-15,NKE
NKE260618C00045000,45.0,19.5,17.0,18.85,1.0,141.0,0.47412635253906255,True,CALL,2026-06-18,NKE
NKE260618C00047500,47.5,16.07,14.95,16.55,4.0,87.0,0.44214425048828127,True,CALL,2026-06-18,NKE
NKE260618C00050000,50.0,13.61,13.65,14.45,38.0,498.0,0.4274959594726563,True,CALL,2026-06-18,NKE
NKE260618C00052500,52.5,12.5,11.45,12.35,1.0,147.0,0.40430283203125,True,CALL,2026-06-18,NKE
NKE260618C00055000,55.0,9.65,9.9,10.4,7.0,1686.0,0.38635867553710934,True,CALL,2026-06-18,NKE
NKE260618C00057500,57.5,8.03,8.2,8.6,1.0,922.0,0.3707338317871094,True,CALL,2026-06-18,NKE
NKE260618C00060000,60.0,6.55,6.55,7.1,35.0,6251.0,0.3657289990234375,True,CALL,2026-06-18,NKE
NKE260618C00062500,62.5,5.4,5.25,5.85,25.0,2096.0,0.3657289990234375,True,CALL,2026-06-18,NKE
NKE260618C00065000,65.0,4.25,4.2,4.8,106.0,3772.0,0.36743796630859377,False,CALL,2026-06-18,NKE
NKE260618C00067500,67.5,3.2,3.0,3.7,48.0,4131.0,0.3552310571289062,False,CALL,2026-06-18,NKE
NKE260618C00070000,70.0,2.79,2.64,2.9,118.0,9187.0,0.3523013989257812,False,CALL,2026-06-18,NKE
NKE260618C00072500,72.5,1.83,1.99,2.32,3.0,4852.0,0.3552310571289062,False,CALL,2026-06-18,NKE
NKE260618C00075000,75.0,1.74,1.63,1.83,117.0,29356.0,0.35645174804687496,False,CALL,2026-06-18,NKE
NKE260618C00077500,77.5,1.11,1.14,1.41,6.0,2982.0,0.35535312622070303,False,CALL,2026-06-18,NKE
NKE260618C00080000,80.0,1.0,0.94,1.14,37.0,11769.0,0.36084623535156246,False,CALL,2026-06-18,NKE
NKE260618P00045000,45.0,0.59,0.32,0.58,21.0,3453.0,0.40650007568359375,False,PUT,2026-06-18,NKE
NKE260618P00047500,47.5,0.74,0.74,0.83,1.0,1423.0,0.3930724755859375,False,PUT,2026-06-18,NKE
NKE260618P00050000,50.0,1.22,1.03,1.15,11.0,7300.0,0.3781800463867187,False,PUT,2026-06-18,NKE
NKE260618P00052500,52.5,1.6,1.58,1.63,46.0,10721.0,0.3698793481445312,False,PUT,2026-06-18,NKE
NKE260618P00055000,55.0,2.21,2.18,2.29,23.0,9199.0,0.3654848608398438,False,PUT,2026-06-18,NKE
NKE260618P00057500,57.5,3.05,2.96,3.1,55.0,5337.0,0.35999175170898434,False,PUT,2026-06-18,NKE
NKE260618P00060000,60.0,4.3,3.9,4.3,22.0,14061.0,0.36926900268554685,False,PUT,2026-06-18,NKE
NKE260618P00062500,62.5,5.4,4.95,5.7,8.0,2495.0,0.3789124609375,False,PUT,2026-06-18,NKE
NKE260618P00065000,65.0,6.2,6.35,7.35,678.0,10093.0,0.39331661376953125,True,PUT,2026-06-18,NKE
NKE260618P00067500,67.5,8.76,8.0,8.8,1.0,2103.0,0.38477177734374995,True,PUT,2026-06-18,NKE
NKE260618P00070000,70.0,9.42,9.7,10.8,4.0,5214.0,0.40344834838867194,True,PUT,2026-06-18,NKE
NKE260618P00072500,72.5,11.8,11.6,12.7,6.0,2177.0,0.40808697387695314,True,PUT,2026-06-18,NKE
NKE260618P00075000,75.0,13.69,13.5,13.85,1.0,1551.0,0.3460758752441406,True,PUT,2026-06-18,NKE
NKE260618P00077500,77.5,15.37,15.55,16.75,5.0,587.0,0.4146787048339844,True,PUT,2026-06-18,NKE
NKE260618P00080000,80.0,18.6,17.85,18.65,4.0,294.0,0.39600213378906257,True,PUT,2026-06-18,NKE
NKE260717C00045000,45.0,19.9,17.0,18.95,1.0,12.0,0.44482977050781247,True,CALL,2026-07-17,NKE
NKE260717C00047500,47.5,19.3,15.1,16.7,1.0,23.0,0.4193173303222656,True,CALL,2026-07-17,NKE
NKE260717C00050000,50.0,14.35,14.4,14.6,9.0,175.0,0.4035704174804688,True,CALL,2026-07-17,NKE
NKE260717C00055000,55.0,10.2,10.1,10.95,1.0,92.0,0.39160764648437496,True,CALL,2026-07-17,NKE
NKE260717C00057500,57.5,8.9,8.45,9.35,5.0,73.0,0.38684695190429685,True,CALL,2026-07-17,NKE
NKE260717C00060000,60.0,7.0,7.15,7.9,124.0,937.0,0.38220832641601554,True,CALL,2026-07-17,NKE
NKE260717C00062500,62.5,6.35,6.15,6.6,16.0,301.0,0.37744763183593744,True,CALL,2026-07-17,NKE
NKE260717C00065000,65.0,5.33,5.2,5.5,43.0,611.0,0.3754945263671875,False,CALL,2026-07-17,NKE
NKE260717C00067500,67.5,4.1,4.0,4.55,30.0,738.0,0.37402969726562496,False,CALL,2026-07-17,NKE
NKE260717C00070000,70.0,3.4,3.2,3.7,22.0,1594.0,0.37036762451171873,False,CALL,2026-07-17,NKE
NKE260717C00072500,72.5,2.5,2.48,3.05,1.0,159.0,0.3714662463378906,False,CALL,2026-07-17,NKE
NKE260717C00075000,75.0,2.37,2.22,2.46,36.0,8891.0,0.3695131408691406,False,CALL,2026-07-17,NKE
NKE260717C00080000,80.0,1.4,1.31,1.65,14.0,1423.0,0.37280900634765624,False,CALL,2026-07-17,NKE
NKE260717P00045000,45.0,0.8,0.58,0.95,2.0,389.0,0.42529871582031253,False,PUT,2026-07-17,NKE
NKE260717P00047500,47.5,1.14,0.98,1.11,11.0,558.0,0.39234006103515623,False,PUT,2026-07-17,NKE
NKE260717P00050000,50.0,1.53,1.45,1.53,154.0,2394.0,0.38281867187499996,False,PUT,2026-07-17,NKE
NKE260717P00055000,55.0,3.0,2.69,2.87,31.0,4793.0,0.3753724572753906,False,PUT,2026-07-17,NKE
NKE260717P00057500,57.5,3.93,3.5,3.75,32.0,749.0,0.3707338317871094,False,PUT,2026-07-17,NKE
NKE260717P00060000,60.0,4.6,4.55,4.85,22.0,1756.0,0.370123486328125,False,PUT,2026-07-17,NKE
NKE260717P00062500,62.5,6.02,5.7,6.05,12.0,692.0,0.3657289990234375,False,PUT,2026-07-17,NKE
NKE260717P00065000,65.0,7.3,7.0,7.35,35.0,1148.0,0.35816071533203125,True,PUT,2026-07-17,NKE
NKE260717P00067500,67.5,8.85,8.35,8.9,1.0,279.0,0.35645174804687496,True,PUT,2026-07-17,NKE
NKE260717P00070000,70.0,10.75,10.05,10.6,25.0,126.0,0.3552310571289062,True,PUT,2026-07-17,NKE
NKE260717P00072500,72.5,11.2,12.1,13.25,10.0,30.0,0.4066221447753906,True,PUT,2026-07-17,NKE
NKE260717P00075000,75.0,12.78,14.0,15.05,1.0,60.0,0.39954213745117195,True,PUT,2026-07-17,NKE
NKE260717P00080000,80.0,23.0,18.25,19.6,2.0,37.0,0.43457596679687505,True,PUT,2026-07-17,NKE
NKE260918C00045000,45.0,20.65,17.45,19.5,1.0,151.0,0.43555251953125,True,CALL,2026-09-18,NKE
NKE260918C00047500,47.5,16.95,17.0,17.2,42.0,67.0,0.40259386474609377,True,CALL,2026-09-18,NKE
NKE260918C00050000,50.0,14.9,14.8,15.25,21.0,465.0,0.3942931665039063,True,CALL,2026-09-18,NKE
NKE260918C00052500,52.5,14.25,11.25,13.7,1.0,220.0,0.4054014538574219,True,CALL,2026-09-18,NKE
NKE260918C00055000,55.0,10.73,11.1,11.7,4.0,296.0,0.37964487548828124,True,CALL,2026-09-18,NKE
NKE260918C00057500,57.5,10.25,9.2,10.15,2.0,299.0,0.37476211181640623,True,CALL,2026-09-18,NKE
NKE260918C00060000,60.0,8.2,7.95,8.85,9.0,832.0,0.3761048718261719,True,CALL,2026-09-18,NKE
NKE260918C00062500,62.5,7.2,7.1,7.65,16.0,449.0,0.37543349182128904,True,CALL,2026-09-18,NKE
NKE260918C00065000,65.0,6.05,5.8,6.3,35.0,2321.0,0.36072416625976556,False,CALL,2026-09-18,NKE
NKE260918C00067500,67.5,5.2,5.0,5.4,32.0,1378.0,0.3621889953613281,False,CALL,2026-09-18,NKE
NKE260918C00070000,70.0,4.3,3.9,4.65,143.0,2568.0,0.36536279174804687,False,CALL,2026-09-18,NKE
NKE260918C00072500,72.5,3.46,3.4,4.0,2.0,1015.0,0.3684145190429688,False,CALL,2026-09-18,NKE
NKE260918C00075000,75.0,2.92,2.81,3.3,10.0,1668.0,0.3635317553710938,False,CALL,2026-09-18,NKE
NKE260918C00077500,77.5,2.7,2.41,2.79,5.0,919.0,0.36426416992187505,False,CALL,2026-09-18,NKE
NKE260918C00080000,80.0,2.06,1.78,2.36,38.0,13440.0,0.36536279174804687,False,CALL,2026-09-18,NKE
NKE260918P00045000,45.0,1.13,1.0,1.28,1.0,609.0,0.39929799926757814,False,PUT,2026-09-18,NKE
NKE260918P00047500,47.5,1.56,1.44,1.56,52.0,2608.0,0.37756970092773434,False,PUT,2026-09-18,NKE
NKE260918P00050000,50.0,2.08,1.88,2.43,11.0,3218.0,0.39685661743164063,False,PUT,2026-09-18,NKE
NKE260918P00052500,52.5,2.77,2.6,2.82,154.0,2877.0,0.37085590087890624,False,PUT,2026-09-18,NKE
NKE260918P00055000,55.0,3.58,3.35,3.9,3.0,4817.0,0.38281867187499996,False,PUT,2026-09-18,NKE
NKE260918P00057500,57.5,4.54,4.2,4.55,2.0,3102.0,0.36121244262695307,False,PUT,2026-09-18,NKE
NKE260918P00060000,60.0,5.6,5.25,5.55,10.0,7853.0,0.35278967529296873,False,PUT,2026-09-18,NKE
NKE260918P00062500,62.5,6.85,6.4,6.75,50.0,3359.0,0.34778484252929687,False,PUT,2026-09-18,NKE
NKE260918P00065000,65.0,8.25,7.75,8.15,74.0,3469.0,0.3459538061523437,True,PUT,2026-09-18,NKE
NKE260918P00067500,67.5,9.65,8.9,9.65,27.0,2351.0,0.34229173339843744,True,PUT,2026-09-18,NKE
NKE260918P00070000,70.0,10.75,10.75,11.9,24.0,2212.0,0.3707338317871094,True,PUT,2026-09-18,NKE
NKE260918P00072500,72.5,11.0,12.4,13.8,3.0,399.0,0.376532113647461,True,PUT,2026-09-18,NKE
NKE260918P00075000,75.0,12.9,14.35,15.7,29.0,677.0,0.37756970092773434,True,PUT,2026-09-18,NKE
NKE260918P00077500,77.5,19.1,16.35,17.75,2.0,138.0,0.3825745336914062,True,PUT,2026-09-18,NKE
NKE260918P00080000,80.0,20.3,16.95,20.2,1.0,415.0,0.40759869750976563,True,PUT,2026-09-18,NKE
NKE261120C00045000,45.0,19.38,17.4,20.85,5.0,5.0,0.4899953344726563,True,CALL,2026-11-20,NKE
NKE261120C00047500,47.5,20.26,15.45,18.8,,1.0,0.467778759765625,True,CALL,2026-11-20,NKE
NKE261120C00052500,52.5,14.77,11.9,15.0,1.0,1.0,0.43237872314453124,True,CALL,2026-11-20,NKE
NKE261120C00055000,55.0,14.0,12.05,12.9,1.0,5.0,0.39929799926757814,True,CALL,2026-11-20,NKE
NKE261120C00057500,57.5,12.0,10.3,11.7,1.0,2.0,0.40796490478515623,True,CALL,2026-11-20,NKE
NKE261120C00060000,60.0,8.9,9.05,10.35,2.0,17.0,0.40332627929687503,True,CALL,2026-11-20,NKE
NKE261120C00062500,62.5,7.8,7.95,9.05,426.0,8.0,0.3961242028808594,True,CALL,2026-11-20,NKE
NKE261120C00065000,65.0,7.15,6.75,7.9,2.0,47.0,0.3909973010253906,False,CALL,2026-11-20,NKE
NKE261120C00067500,67.5,7.64,5.6,7.15,7.0,16.0,0.398992826538086,False,CALL,2026-11-20,NKE
NKE261120C00070000,70.0,4.85,4.7,6.25,1.0,117.0,0.3961242028808594,False,CALL,2026-11-20,NKE
NKE261120C00072500,72.5,5.95,4.0,5.7,2.0,3.0,0.4049742120361328,False,CALL,2026-11-20,NKE
NKE261120C00075000,75.0,4.25,3.5,4.85,64.0,61.0,0.3965514447021484,False,CALL,2026-11-20,NKE
NKE261120C00080000,80.0,2.6,2.67,3.65,40.0,72.0,0.3921569573974609,False,CALL,2026-11-20,NKE
NKE261120P00045000,45.0,1.37,1.38,1.62,49.0,155.0,0.3842835009765625,False,PUT,2026-11-20,NKE
NKE261120P00047500,47.5,1.76,1.75,2.28,1.0,48.0,0.38892212646484375,False,PUT,2026-11-20,NKE
NKE261120P00050000,50.0,2.46,2.38,2.82,32.0,55.0,0.37708142456054683,False,PUT,2026-11-20,NKE
NKE261120P00052500,52.5,3.31,2.88,3.5,1.0,37.0,0.3684145190429688,False,PUT,2026-11-20,NKE
NKE261120P00055000,55.0,4.4,3.7,5.1,10.0,139.0,0.40210558837890625,False,PUT,2026-11-20,NKE
NKE261120P00057500,57.5,5.35,4.6,6.2,1.0,248.0,0.4008848974609375,False,PUT,2026-11-20,NKE
NKE261120P00060000,60.0,5.4,5.65,7.15,47.0,93.0,0.3872741937255859,False,PUT,2026-11-20,NKE
NKE261120P00062500,62.5,7.7,6.85,7.95,108.0,14.0,0.36255520263671875,False,PUT,2026-11-20,NKE
NKE261120P00065000,65.0,8.45,8.1,9.4,11.0,14.0,0.362311064453125,True,PUT,2026-11-20,NKE
NKE261120P00067500,67.5,9.35,9.85,10.85,,4.0,0.35712312805175783,True,PUT,2026-11-20,NKE
NKE261120P00070000,70.0,11.83,11.45,12.75,1.0,3.0,0.36725486267089846,True,PUT,2026-11-20,NKE
NKE261218C00045000,45.0,19.65,17.55,20.1,4.0,208.0,0.41528905029296875,True,CALL,2026-12-18,NKE
NKE261218C00047500,47.5,17.13,15.65,19.3,1.0,96.0,0.4777884252929688,True,CALL,2026-12-18,NKE
NKE261218C00050000,50.0,16.0,15.1,16.8,1.0,1064.0,0.42627526855468756,True,CALL,2026-12-18,NKE
NKE261218C00052500,52.5,16.65,12.95,14.65,1.0,96.0,0.3947814428710938,True,CALL,2026-12-18,NKE
NKE261218C00055000,55.0,12.0,12.15,13.5,5.0,336.0,0.411138701171875,True,CALL,2026-12-18,NKE
NKE261218C00057500,57.5,11.0,10.25,11.6,1.0,343.0,0.3852600537109374,True,CALL,2026-12-18,NKE
NKE261218C00060000,60.0,9.9,9.7,10.0,76.0,1642.0,0.3699403826904296,True,CALL,2026-12-18,NKE
NKE261218C00062500,62.5,8.49,8.3,9.3,5.0,732.0,0.38941040283203127,True,CALL,2026-12-18,NKE
NKE261218C00065000,65.0,7.07,6.9,7.95,18.0,987.0,0.37579969909667965,False,CALL,2026-12-18,NKE
NKE261218C00067500,67.5,6.6,5.85,7.6,22.0,636.0,0.40039662109375,False,CALL,2026-12-18,NKE
NKE261218C00070000,70.0,5.52,5.2,6.25,76.0,2307.0,0.37854625366210937,False,CALL,2026-12-18,NKE
NKE261218C00072500,72.5,5.43,4.4,6.05,1.0,392.0,0.40216662292480465,False,CALL,2026-12-18,NKE
NKE261218C00075000,75.0,4.44,4.2,4.55,57.0,2283.0,0.3656069299316406,False,CALL,2026-12-18,NKE
NKE261218C00077500,77.5,3.4,3.2,4.0,4.0,437.0,0.36694968994140625,False,CALL,2026-12-18,NKE
NKE261218C00080000,80.0,3.35,3.05,3.45,22.0,4965.0,0.36511865356445317,False,CALL,2026-12-18,NKE
NKE261218P00045000,45.0,1.67,1.51,1.87,2.0,3994.0,0.3869690209960937,False,PUT,2026-12-18,NKE
NKE261218P00047500,47.5,2.25,1.97,2.5,6.0,667.0,0.3864807446289062,False,PUT,2026-12-18,NKE
NKE261218P00050000,50.0,2.58,2.59,3.25,1.0,4186.0,0.38611453735351553,False,PUT,2026-12-18,NKE
NKE261218P00052500,52.5,3.71,2.95,4.0,138.0,483.0,0.37915659912109373,False,PUT,2026-12-18,NKE
NKE261218P00055000,55.0,4.65,3.9,4.95,5.0,4047.0,0.37695935546875,False,PUT,2026-12-18,NKE
NKE261218P00057500,57.5,5.8,4.8,5.95,10.0,1424.0,0.3715883154296875,False,PUT,2026-12-18,NKE
NKE261218P00060000,60.0,6.7,6.4,6.75,1.0,5229.0,0.35242346801757807,False,PUT,2026-12-18,NKE
NKE261218P00062500,62.5,7.88,6.7,8.5,20.0,485.0,0.3701845208740234,False,PUT,2026-12-18,NKE
NKE261218P00065000,65.0,9.56,8.9,9.95,2.0,3299.0,0.3696962445068359,True,PUT,2026-12-18,NKE
NKE261218P00067500,67.5,9.6,9.85,11.7,36.0,1316.0,0.377386597290039,True,PUT,2026-12-18,NKE
NKE261218P00070000,70.0,12.5,11.8,13.75,1.0,6826.0,0.39380489013671877,True,PUT,2026-12-18,NKE
NKE261218P00072500,72.5,11.95,12.8,14.2,1.0,280.0,0.3371037969970704,True,PUT,2026-12-18,NKE
NKE261218P00075000,75.0,14.03,15.3,16.65,4.0,2170.0,0.36365382446289063,True,PUT,2026-12-18,NKE
NKE261218P00077500,77.5,15.71,0.0,0.0,250.0,805.0,1.0000000000000003e-05,True,PUT,2026-12-18,NKE
NKE261218P00080000,80.0,19.37,18.95,20.45,1.0,2204.0,0.35816071533203125,True,PUT,2026-12-18,NKE
NKE270115C00045000,45.0,19.9,17.8,20.15,16.0,380.0,0.4019835192871094,True,CALL,2027-01-15,NKE
NKE270115C00047500,47.5,18.0,16.15,18.25,100.0,265.0,0.39563592651367196,True,CALL,2027-01-15,NKE
NKE270115C00050000,50.0,15.93,14.95,16.4,72.0,2985.0,0.3869690209960937,True,CALL,2027-01-15,NKE
NKE270115C00052500,52.5,13.65,12.4,14.75,173.0,665.0,0.38385625915527344,True,CALL,2027-01-15,NKE
NKE270115C00055000,55.0,12.55,12.7,13.2,7.0,1809.0,0.3802552209472656,True,CALL,2027-01-15,NKE
NKE270115C00057500,57.5,10.7,10.95,11.75,3.0,927.0,0.37628797546386716,True,CALL,2027-01-15,NKE
NKE270115C00060000,60.0,9.95,9.55,10.35,156.0,4227.0,0.3698183135986328,True,CALL,2027-01-15,NKE
NKE270115C00062500,62.5,8.85,8.8,9.25,421.0,1225.0,0.3714662463378906,True,CALL,2027-01-15,NKE
NKE270115C00065000,65.0,7.84,7.9,8.15,90.0,5028.0,0.36865865722656255,False,CALL,2027-01-15,NKE
NKE270115C00067500,67.5,6.85,6.9,7.65,56.0,727.0,0.386175571899414,False,CALL,2027-01-15,NKE
NKE270115C00070000,70.0,6.15,6.0,6.35,95.0,8824.0,0.3673158972167969,False,CALL,2027-01-15,NKE
NKE270115C00072500,72.5,5.25,5.25,5.55,79.0,1439.0,0.36511865356445317,False,CALL,2027-01-15,NKE
NKE270115C00075000,75.0,4.6,4.5,4.85,40.0,4648.0,0.36365382446289063,False,CALL,2027-01-15,NKE
NKE270115C00077500,77.5,3.81,3.8,4.35,3.0,7132.0,0.3675600354003906,False,CALL,2027-01-15,NKE
NKE270115C00080000,80.0,3.59,3.65,3.75,67.0,10689.0,0.3642031353759766,False,CALL,2027-01-15,NKE
NKE270115P00045000,45.0,1.96,1.8,2.23,140.0,5025.0,0.3973448937988281,False,PUT,2027-01-15,NKE
NKE270115P00047500,47.5,2.51,2.22,2.73,62.0,1031.0,0.3853821228027343,False,PUT,2027-01-15,NKE
NKE270115P00050000,50.0,3.25,3.05,3.3,32.0,8869.0,0.37317521362304684,False,PUT,2027-01-15,NKE
NKE270115P00052500,52.5,3.95,3.65,4.5,1.0,2191.0,0.3891662646484375,False,PUT,2027-01-15,NKE
NKE270115P00055000,55.0,4.85,4.3,5.05,28.0,9686.0,0.3663393444824219,False,PUT,2027-01-15,NKE
NKE270115P00057500,57.5,6.0,5.25,6.4,2.0,2483.0,0.376532113647461,False,PUT,2027-01-15,NKE
NKE270115P00060000,60.0,7.0,6.7,7.25,257.0,18709.0,0.35938140625,False,PUT,2027-01-15,NKE
NKE270115P00062500,62.5,8.2,7.8,9.05,234.0,12444.0,0.37793590820312495,False,PUT,2027-01-15,NKE
NKE270115P00065000,65.0,9.89,9.35,10.0,2.0,9557.0,0.3566958862304687,True,PUT,2027-01-15,NKE
NKE270115P00067500,67.5,10.35,10.35,12.0,18.0,3822.0,0.3742738354492187,True,PUT,2027-01-15,NKE
NKE270115P00070000,70.0,12.75,12.1,13.2,10.0,3059.0,0.3552920916748046,True,PUT,2027-01-15,NKE
NKE270115P00072500,72.5,14.5,13.85,15.15,30.0,2739.0,0.3632876171875,True,PUT,2027-01-15,NKE
NKE270115P00075000,75.0,16.55,15.5,16.35,1.0,2179.0,0.335944140625,True,PUT,2027-01-15,NKE
NKE270115P00077500,77.5,17.37,16.05,18.9,6.0,2515.0,0.3635317553710938,True,PUT,2027-01-15,NKE
NKE270115P00080000,80.0,19.37,19.4,20.75,4.0,3076.0,0.35767243896484374,True,PUT,2027-01-15,NKE
NKE270617C00045000,45.0,19.95,18.5,23.0,20.0,40.0,0.48602808898925787,True,CALL,2027-06-17,NKE
NKE270617C00047500,47.5,19.0,17.75,20.4,43.0,33.0,0.4350032086181641,True,CALL,2027-06-17,NKE
NKE270617C00050000,50.0,17.45,16.35,18.5,27.0,133.0,0.4170590521240234,True,CALL,2027-06-17,NKE
NKE270617C00055000,55.0,14.05,14.05,15.7,1.0,16.0,0.41486180847167964,True,CALL,2027-06-17,NKE
NKE270617C00057500,57.5,12.9,11.6,14.35,2.0,48.0,0.4105283557128906,True,CALL,2027-06-17,NKE
NKE270617C00060000,60.0,11.58,11.1,13.15,3.0,635.0,0.40869731933593745,True,CALL,2027-06-17,NKE
NKE270617C00062500,62.5,10.2,10.45,11.2,2.0,202.0,0.37781383911132804,True,CALL,2027-06-17,NKE
NKE270617C00065000,65.0,9.79,9.25,10.75,11.0,409.0,0.39667351379394533,False,CALL,2027-06-17,NKE
NKE270617C00067500,67.5,8.6,7.55,9.05,10.0,99.0,0.3698793481445312,False,CALL,2027-06-17,NKE
NKE270617C00070000,70.0,7.0,7.55,8.2,5.0,599.0,0.3695131408691406,False,CALL,2027-06-17,NKE
NKE270617C00072500,72.5,6.88,5.6,8.25,1.0,93.0,0.3973448937988281,False,CALL,2027-06-17,NKE
NKE270617C00075000,75.0,6.0,4.85,6.7,14.0,593.0,0.36829244995117194,False,CALL,2027-06-17,NKE
NKE270617C00080000,80.0,5.0,4.4,5.45,1.0,354.0,0.36694968994140625,False,CALL,2027-06-17,NKE
NKE270617P00045000,45.0,2.82,2.22,3.2,1.0,220.0,0.38623660644531244,False,PUT,2027-06-17,NKE
NKE270617P00047500,47.5,3.15,2.68,3.9,31.0,535.0,0.38049935913085936,False,PUT,2027-06-17,NKE
NKE270617P00050000,50.0,4.1,2.86,5.3,49.0,423.0,0.4019835192871094,False,PUT,2027-06-17,NKE
NKE270617P00055000,55.0,5.88,5.15,6.1,6.0,51.0,0.347113462524414,False,PUT,2027-06-17,NKE
NKE270617P00057500,57.5,6.9,6.1,7.7,2.0,21.0,0.36261623718261715,False,PUT,2027-06-17,NKE
NKE270617P00060000,60.0,7.8,7.85,9.75,5.0,1707.0,0.3892883337402344,False,PUT,2027-06-17,NKE
NKE270617P00062500,62.5,8.53,8.25,12.0,2.0,63.0,0.4182797430419921,False,PUT,2027-06-17,NKE
NKE270617P00065000,65.0,11.4,10.65,12.45,2.0,118.0,0.3815369464111328,True,PUT,2027-06-17,NKE
NKE270617P00067500,67.5,11.0,11.1,12.8,15.0,116.0,0.3396672479248046,True,PUT,2027-06-17,NKE
NKE270617P00070000,70.0,14.0,12.0,15.5,3.0,130.0,0.37494521545410153,True,PUT,2027-06-17,NKE
NKE270617P00072500,72.5,14.2,13.55,15.9,,4.0,0.3293524096679687,True,PUT,2027-06-17,NKE
NKE270617P00075000,75.0,17.9,15.0,20.0,5.0,468.0,0.4081480084228516,True,PUT,2027-06-17,NKE
NKE270617P00080000,80.0,24.26,19.0,23.15,6.0,12.0,0.3869690209960937,True,PUT,2027-06-17,NKE
NKE271217C00045000,45.0,26.0,19.5,23.45,30.0,94.0,0.43530838134765626,True,CALL,2027-12-17,NKE
NKE271217C00047500,47.5,24.0,18.0,21.85,1.0,48.0,0.4299373413085938,True,CALL,2027-12-17,NKE
NKE271217C00050000,50.0,20.75,16.5,21.0,3.0,798.0,0.4495294305419921,True,CALL,2027-12-17,NKE
NKE271217C00052500,52.5,19.07,15.25,19.85,2.0,162.0,0.45380184875488283,True,CALL,2027-12-17,NKE
NKE271217C00055000,55.0,17.5,14.0,17.85,1.0,773.0,0.4268245794677735,True,CALL,2027-12-17,NKE
NKE271217C00057500,57.5,15.0,13.1,17.0,2.0,416.0,0.4363459686279296,True,CALL,2027-12-17,NKE
NKE271217C00060000,60.0,13.5,13.0,14.95,17.0,1107.0,0.40570662658691403,True,CALL,2027-12-17,NKE
NKE271217C00062500,62.5,12.72,10.9,14.5,3.0,166.0,0.42304043762207033,True,CALL,2027-12-17,NKE
NKE271217C00065000,65.0,11.65,9.5,12.95,88.0,2592.0,0.4048521429443359,False,CALL,2027-12-17,NKE
NKE271217C00067500,67.5,11.25,9.0,11.95,1.0,486.0,0.40155627746582034,False,CALL,2027-12-17,NKE
NKE271217C00070000,70.0,9.66,8.9,10.8,1.0,1225.0,0.3921569573974609,False,CALL,2027-12-17,NKE
NKE271217C00072500,72.5,9.39,6.6,10.25,20.0,291.0,0.3985045501708985,False,CALL,2027-12-17,NKE
NKE271217C00075000,75.0,8.45,7.5,10.0,5.0,733.0,0.4120542193603516,False,CALL,2027-12-17,NKE
NKE271217C00077500,77.5,9.55,6.05,8.8,2.0,331.0,0.39642937561035163,False,CALL,2027-12-17,NKE
NKE271217C00080000,80.0,7.05,6.5,8.25,1.0,575.0,0.39838248107910157,False,CALL,2027-12-17,NKE
NKE271217P00045000,45.0,3.9,2.64,4.95,1.0,390.0,0.40820904296875,False,PUT,2027-12-17,NKE
NKE271217P00047500,47.5,4.79,3.95,4.8,3.0,279.0,0.3629214099121094,False,PUT,2027-12-17,NKE
NKE271217P00050000,50.0,5.15,3.0,5.9,23.0,3211.0,0.36694968994140625,False,PUT,2027-12-17,NKE
NKE271217P00052500,52.5,6.75,4.0,8.65,5.0,1795.0,0.42456630126953127,False,PUT,2027-12-17,NKE
NKE271217P00055000,55.0,7.3,5.95,7.65,2.0,6986.0,0.34906656799316405,False,PUT,2027-12-17,NKE
NKE271217P00057500,57.5,7.95,7.0,9.35,1.0,1262.0,0.3631655480957031,False,PUT,2027-12-17,NKE
NKE271217P00060000,60.0,9.95,7.5,12.0,1.0,10499.0,0.40296007202148443,False,PUT,2027-12-17,NKE
NKE271217P00062500,62.5,10.05,9.0,13.5,2.0,1914.0,0.4036314520263672,False,PUT,2027-12-17,NKE
NKE271217P00065000,65.0,12.56,10.0,14.95,2.0,1016.0,0.4007628283691406,True,PUT,2027-12-17,NKE
NKE271217P00067500,67.5,12.8,12.1,16.45,10.0,275.0,0.39752799743652345,True,PUT,2027-12-17,NKE
NKE271217P00070000,70.0,15.02,14.05,16.85,20.0,1390.0,0.3605410626220703,True,PUT,2027-12-17,NKE
NKE271217P00072500,72.5,17.45,15.0,19.5,1.0,188.0,0.3872741937255859,True,PUT,2027-12-17,NKE
NKE271217P00075000,75.0,17.9,16.5,21.0,2.0,315.0,0.3789734954833984,True,PUT,2027-12-17,NKE
NKE271217P00077500,77.5,19.1,18.5,22.6,25.0,275.0,0.3719545227050781,True,PUT,2027-12-17,NKE
NKE271217P00080000,80.0,20.08,20.05,24.5,1.0,352.0,0.37219866088867193,True,PUT,2027-12-17,NKE
NKE280121C00045000,45.0,23.1,20.0,24.5,13.0,261.0,0.46722944885253903,True,CALL,2028-01-21,NKE
NKE280121C00047500,47.5,21.8,18.5,23.0,6.0,200.0,0.46295703063964844,True,CALL,2028-01-21,NKE
NKE280121C00050000,50.0,18.5,18.35,21.5,64.0,1240.0,0.4563652996826172,True,CALL,2028-01-21,NKE
NKE280121C00052500,52.5,17.43,15.5,20.0,1.0,52.0,0.44775942871093743,True,CALL,2028-01-21,NKE
NKE280121C00055000,55.0,16.2,15.1,18.65,68.0,807.0,0.44232735412597657,True,CALL,2028-01-21,NKE
NKE280121C00057500,57.5,15.3,15.0,17.5,3.0,271.0,0.44135080139160154,True,CALL,2028-01-21,NKE
NKE280121C00060000,60.0,13.85,13.3,16.0,32.0,2500.0,0.4276180285644532,True,CALL,2028-01-21,NKE
NKE280121C00062500,62.5,12.9,12.6,13.5,74.0,300.0,0.3830628100585937,True,CALL,2028-01-21,NKE
NKE280121C00065000,65.0,12.0,11.0,14.2,58.0,1514.0,0.4313411358642578,False,CALL,2028-01-21,NKE
NKE280121C00067500,67.5,12.66,10.0,13.25,1.0,585.0,0.4290828576660156,False,CALL,2028-01-21,NKE
NKE280121C00070000,70.0,9.99,9.8,11.0,319.0,7495.0,0.3881897119140625,False,CALL,2028-01-21,NKE
NKE280121C00072500,72.5,10.12,9.2,11.5,5.0,409.0,0.4242000939941406,False,CALL,2028-01-21,NKE
NKE280121C00075000,75.0,8.5,8.6,9.4,5.0,942.0,0.3848938464355468,False,CALL,2028-01-21,NKE
NKE280121C00077500,77.5,7.65,6.6,10.0,1.0,119.0,0.4208431939697266,False,CALL,2028-01-21,NKE
NKE280121C00080000,80.0,7.65,7.0,7.9,19.0,1069.0,0.37854625366210937,False,CALL,2028-01-21,NKE
NKE280121P00045000,45.0,4.1,3.5,4.15,3.0,2405.0,0.3644472735595704,False,PUT,2028-01-21,NKE
NKE280121P00047500,47.5,4.6,2.5,6.15,10.0,409.0,0.4063780065917969,False,PUT,2028-01-21,NKE
NKE280121P00050000,50.0,5.73,3.45,5.9,1510.0,1801.0,0.35797761169433595,False,PUT,2028-01-21,NKE
NKE280121P00052500,52.5,6.6,6.2,8.8,441.0,791.0,0.41925629577636714,False,PUT,2028-01-21,NKE
NKE280121P00055000,55.0,7.8,6.35,8.0,5.0,1660.0,0.3518741571044921,False,PUT,2028-01-21,NKE
NKE280121P00057500,57.5,8.7,7.1,9.45,2.0,1379.0,0.35736726623535153,False,PUT,2028-01-21,NKE
NKE280121P00060000,60.0,10.17,8.6,12.5,12.0,1368.0,0.40820904296875,False,PUT,2028-01-21,NKE
NKE280121P00062500,62.5,11.42,9.9,11.75,1.0,885.0,0.3423527679443359,False,PUT,2028-01-21,NKE
NKE280121P00065000,65.0,12.75,11.35,15.0,36.0,3577.0,0.3924010955810546,True,PUT,2028-01-21,NKE
NKE280121P00067500,67.5,13.2,12.8,16.25,9.0,752.0,0.3820862573242187,True,PUT,2028-01-21,NKE
NKE280121P00070000,70.0,15.52,14.45,17.15,27.0,1418.0,0.36023588989257804,True,PUT,2028-01-21,NKE
NKE280121P00072500,72.5,16.36,16.25,19.5,1.0,128.0,0.37781383911132804,True,PUT,2028-01-21,NKE
NKE280121P00075000,75.0,17.44,17.0,21.0,1.0,52.0,0.3696962445068359,True,PUT,2028-01-21,NKE
NKE280121P00077500,77.5,20.3,18.5,23.0,1.0,54.0,0.3742738354492187,True,PUT,2028-01-21,NKE
NKE280121P00080000,80.0,21.05,20.5,23.5,20.0,220.0,0.33386896606445315,True,PUT,2028-01-21,NKE
NLY260130C00020000,20.0,4.25,2.54,5.9,2.0,1.0,2.2343794140624995,True,CALL,2026-01-30,NLY
NLY260130C00022000,22.0,2.52,1.65,2.6,1.0,4.0,1.1367230664062502,True,CALL,2026-01-30,NLY
NLY260130C00022500,22.5,1.85,1.16,2.04,2.0,42.0,0.87500125,True,CALL,2026-01-30,NLY
NLY260130C00023000,23.0,1.0,0.77,1.1,1.0,1148.0,0.6640658593750002,True,CALL,2026-01-30,NLY
NLY260130C00023500,23.5,0.43,0.36,0.49,127.0,643.0,0.21875781249999998,True,CALL,2026-01-30,NLY
NLY260130C00024000,24.0,0.07,0.07,0.11,871.0,1604.0,0.1757894921875,False,CALL,2026-01-30,NLY
NLY260130C00024500,24.5,0.01,0.0,0.02,474.0,3455.0,0.23438265625,False,CALL,2026-01-30,NLY
NLY260130C00025000,25.0,0.01,0.0,0.02,15.0,2562.0,0.37500625,False,CALL,2026-01-30,NLY
NLY260130C00025500,25.5,0.07,0.0,0.15,3.0,160.0,0.7070341796875,False,CALL,2026-01-30,NLY
NLY260130C00026000,26.0,0.01,0.0,0.12,6.0,17.0,0.8085956640624999,False,CALL,2026-01-30,NLY
NLY260130C00026500,26.5,0.03,0.0,2.13,,3.0,2.81250296875,False,CALL,2026-01-30,NLY
NLY260130P00019000,19.0,0.05,0.0,0.05,,2.0,1.609376953125,False,PUT,2026-01-30,NLY
NLY260130P00019500,19.5,0.08,0.0,0.05,3.0,11.0,1.453127734375,False,PUT,2026-01-30,NLY
NLY260130P00020000,20.0,0.01,0.0,0.05,1.0,2.0,1.3125034374999998,False,PUT,2026-01-30,NLY
NLY260130P00020500,20.5,0.01,0.0,0.01,25.0,34.0,0.9062509375,False,PUT,2026-01-30,NLY
NLY260130P00021000,21.0,0.01,0.0,0.04,1.0,73.0,0.9687503125,False,PUT,2026-01-30,NLY
NLY260130P00021500,21.5,0.17,0.0,0.75,1.0,24.0,1.8437507812499998,False,PUT,2026-01-30,NLY
NLY260130P00022000,22.0,0.33,0.0,0.01,5.0,744.0,0.5312546875,False,PUT,2026-01-30,NLY
NLY260130P00022500,22.5,0.01,0.0,0.02,6.0,96.0,0.5312546875,False,PUT,2026-01-30,NLY
NLY260130P00023000,23.0,0.03,0.02,0.03,37.0,510.0,0.414068359375,False,PUT,2026-01-30,NLY
NLY260130P00023500,23.5,0.07,0.04,0.08,69.0,622.0,0.35156898437499995,False,PUT,2026-01-30,NLY
NLY260130P00024000,24.0,0.23,0.21,0.3,123.0,428.0,0.4023497265625,True,PUT,2026-01-30,NLY
NLY260130P00024500,24.5,0.63,0.61,1.17,13.0,129.0,0.8203142968749999,True,PUT,2026-01-30,NLY
NLY260130P00025000,25.0,1.19,0.4,2.5,1.0,1.0,1.15625421875,True,PUT,2026-01-30,NLY
NLY260206C00022000,22.0,1.97,1.75,2.65,4.0,42.0,0.6171913281250001,True,CALL,2026-02-06,NLY
NLY260206C00022500,22.5,1.35,1.27,1.56,1.0,24.0,0.3632876171875,True,CALL,2026-02-06,NLY
NLY260206C00023000,23.0,1.0,0.89,0.98,1.0,207.0,0.15235222656250003,True,CALL,2026-02-06,NLY
NLY260206C00023500,23.5,0.52,0.5,0.54,142.0,897.0,0.1562584375,True,CALL,2026-02-06,NLY
NLY260206C00024000,24.0,0.21,0.19,0.23,306.0,1077.0,0.16309430664062502,False,CALL,2026-02-06,NLY
NLY260206C00024500,24.5,0.08,0.01,0.08,36.0,274.0,0.17383638671875,False,CALL,2026-02-06,NLY
NLY260206C00025000,25.0,0.14,0.0,0.06,48.0,79.0,0.23828886718749998,False,CALL,2026-02-06,NLY
NLY260206C00025500,25.5,0.02,0.0,0.08,4.0,90.0,0.3398503515625,False,CALL,2026-02-06,NLY
NLY260206C00026000,26.0,0.07,0.0,0.75,3.0,9.0,0.7070341796875,False,CALL,2026-02-06,NLY
NLY260206C00027000,27.0,0.5,0.0,0.75,,10.0,0.87695435546875,False,CALL,2026-02-06,NLY
NLY260206C00028000,28.0,0.18,0.0,0.75,,7.0,1.0293017285156252,False,CALL,2026-02-06,NLY
NLY260206P00019000,19.0,0.06,0.0,0.75,,1.0,1.43359658203125,False,PUT,2026-02-06,NLY
NLY260206P00019500,19.5,0.12,0.0,0.75,,1.0,1.3203158984374999,False,PUT,2026-02-06,NLY
NLY260206P00020000,20.0,0.05,0.0,0.35,1.0,1.0,0.945313046875,False,PUT,2026-02-06,NLY
NLY260206P00020500,20.5,0.11,0.0,0.75,3.0,8.0,1.09375453125,False,PUT,2026-02-06,NLY
NLY260206P00021000,21.0,0.46,0.0,0.59,1.0,126.0,0.8964854101562498,False,PUT,2026-02-06,NLY
NLY260206P00021500,21.5,0.01,0.0,0.7,1.0,17.0,0.8457046679687499,False,PUT,2026-02-06,NLY
NLY260206P00022000,22.0,0.05,0.0,0.35,1.0,101.0,0.5585981640625001,False,PUT,2026-02-06,NLY
NLY260206P00022500,22.5,0.13,0.02,0.15,10.0,72.0,0.4335994140625,False,PUT,2026-02-06,NLY
NLY260206P00023000,23.0,0.08,0.07,0.11,15.0,145.0,0.29492892578124996,False,PUT,2026-02-06,NLY
NLY260206P00023500,23.5,0.16,0.03,0.18,28.0,108.0,0.24805439453125,False,PUT,2026-02-06,NLY
NLY260206P00024000,24.0,0.26,0.27,0.35,6.0,63.0,0.22266402343749997,True,PUT,2026-02-06,NLY
NLY260206P00025000,25.0,0.81,0.87,1.27,10.0,15.0,0.407232490234375,True,PUT,2026-02-06,NLY
NLY260206P00025500,25.5,1.84,0.9,1.81,1.0,1.0,0.5361374511718751,True,PUT,2026-02-06,NLY
NLY260213C00022500,22.5,1.78,0.0,3.35,2.0,30.0,1.3173862255859374,True,CALL,2026-02-13,NLY
NLY260213C00023000,23.0,1.48,0.82,1.7,2.0,4.0,0.586918193359375,True,CALL,2026-02-13,NLY
NLY260213C00023500,23.5,0.65,0.57,0.64,8.0,141.0,0.179695703125,True,CALL,2026-02-13,NLY
NLY260213C00024000,24.0,0.71,0.29,0.34,10.0,814.0,0.176766044921875,False,CALL,2026-02-13,NLY
NLY260213C00024500,24.5,0.18,0.12,0.18,26.0,64.0,0.192390888671875,False,CALL,2026-02-13,NLY
NLY260213C00025000,25.0,0.07,0.04,0.08,28.0,86.0,0.196297099609375,False,CALL,2026-02-13,NLY
NLY260213C00025500,25.5,0.07,0.0,0.95,4.0,45.0,0.5185595019531251,False,CALL,2026-02-13,NLY
NLY260213P00020500,20.5,0.05,0.0,0.75,,1.0,0.8203142968749999,False,PUT,2026-02-13,NLY
NLY260213P00021000,21.0,0.03,0.0,0.55,10.0,11.0,0.6562534375000001,False,PUT,2026-02-13,NLY
NLY260213P00021500,21.5,0.85,0.0,1.15,1.0,11.0,0.790041162109375,False,PUT,2026-02-13,NLY
NLY260213P00022000,22.0,0.04,0.03,0.35,1.0,17.0,0.5507857421875001,False,PUT,2026-02-13,NLY
NLY260213P00022500,22.5,0.12,0.06,0.12,1.0,148.0,0.3007882421875,False,PUT,2026-02-13,NLY
NLY260213P00023000,23.0,0.12,0.11,0.17,7.0,27.0,0.26367923828125,False,PUT,2026-02-13,NLY
NLY260213P00023500,23.5,0.24,0.22,0.28,6.0,31.0,0.241218525390625,False,PUT,2026-02-13,NLY
NLY260213P00024000,24.0,0.59,0.26,0.53,2.0,13.0,0.256843369140625,True,PUT,2026-02-13,NLY
NLY260213P00024500,24.5,0.58,0.62,0.85,1.0,4.0,0.2695385546875,True,PUT,2026-02-13,NLY
NLY260213P00025000,25.0,0.89,0.45,1.4,6.0,3.0,0.38086556640624997,True,PUT,2026-02-13,NLY
NLY260220C00020000,20.0,3.52,3.75,4.9,10.0,12.0,0.7402369726562499,True,CALL,2026-02-20,NLY
NLY260220C00021000,21.0,1.76,2.62,3.6,4.0,9.0,0.7675804492187501,True,CALL,2026-02-20,NLY
NLY260220C00022000,22.0,1.87,1.75,2.39,9.0,60.0,0.49805189453125004,True,CALL,2026-02-20,NLY
NLY260220C00023000,23.0,1.03,0.99,1.27,33.0,2666.0,0.2880930566406249,True,CALL,2026-02-20,NLY
NLY260220C00023500,23.5,1.12,0.63,0.72,25.0,42.0,0.187508125,True,CALL,2026-02-20,NLY
NLY260220C00024000,24.0,0.4,0.39,0.41,61.0,3988.0,0.176766044921875,False,CALL,2026-02-20,NLY
NLY260220C00024500,24.5,0.24,0.17,0.24,22.0,171.0,0.188484677734375,False,CALL,2026-02-20,NLY
NLY260220C00025000,25.0,0.1,0.07,0.12,71.0,4193.0,0.18946123046875002,False,CALL,2026-02-20,NLY
NLY260220C00025500,25.5,0.15,0.02,0.18,3.0,65.0,0.27930408203124996,False,CALL,2026-02-20,NLY
NLY260220C00026000,26.0,0.05,0.0,0.1,63.0,103.0,0.273444765625,False,CALL,2026-02-20,NLY
NLY260220C00026500,26.5,0.04,0.0,0.75,,9.0,0.68555001953125,False,CALL,2026-02-20,NLY
NLY260220C00027000,27.0,0.02,0.0,0.06,,16.0,0.31641308593749995,False,CALL,2026-02-20,NLY
NLY260220P00019000,19.0,0.03,0.0,0.75,2.0,17.0,0.8964854101562498,False,PUT,2026-02-20,NLY
NLY260220P00020000,20.0,0.07,0.0,0.1,13.0,385.0,0.5117236328125,False,PUT,2026-02-20,NLY
NLY260220P00021000,21.0,0.05,0.0,0.64,11.0,539.0,0.57812921875,False,PUT,2026-02-20,NLY
NLY260220P00021500,21.5,0.18,0.0,0.75,2.0,14.0,0.543949873046875,False,PUT,2026-02-20,NLY
NLY260220P00022000,22.0,0.06,0.05,0.11,50.0,2436.0,0.3007882421875,False,PUT,2026-02-20,NLY
NLY260220P00022500,22.5,0.14,0.09,0.14,1.0,22.0,0.26367923828125,False,PUT,2026-02-20,NLY
NLY260220P00023000,23.0,0.18,0.1,0.36,3055.0,9455.0,0.317389638671875,False,PUT,2026-02-20,NLY
NLY260220P00023500,23.5,0.23,0.27,0.33,11.0,510.0,0.22364057617187497,False,PUT,2026-02-20,NLY
NLY260220P00024000,24.0,0.45,0.47,0.56,30.0,2119.0,0.22657023437499998,True,PUT,2026-02-20,NLY
NLY260220P00025000,25.0,1.0,0.98,1.45,1.0,3.0,0.340826904296875,True,PUT,2026-02-20,NLY
NLY260220P00026000,26.0,1.6,1.4,2.35,5.0,6.0,0.41309180664062495,True,PUT,2026-02-20,NLY
NLY260227C00019000,19.0,4.95,4.1,7.0,,5.0,0.918946123046875,True,CALL,2026-02-27,NLY
NLY260227C00023000,23.0,0.94,1.03,1.17,,10.0,0.20703917968749996,True,CALL,2026-02-27,NLY
NLY260227C00023500,23.5,1.1,0.69,0.81,2.0,306.0,0.20020331054687499,True,CALL,2026-02-27,NLY
NLY260227C00024000,24.0,0.48,0.4,0.52,1.0,94.0,0.195320546875,False,CALL,2026-02-27,NLY
NLY260227C00024500,24.5,0.28,0.21,0.3,28.0,138.0,0.188484677734375,False,CALL,2026-02-27,NLY
NLY260227C00025000,25.0,0.31,0.1,0.2,116.0,188.0,0.20508607421874997,False,CALL,2026-02-27,NLY
NLY260227C00025500,25.5,0.08,0.03,0.3,1.0,3.0,0.30274134765625,False,CALL,2026-02-27,NLY
NLY260227C00026000,26.0,0.06,0.0,0.75,2.0,14.0,0.5468795312500001,False,CALL,2026-02-27,NLY
NLY260227C00026500,26.5,0.08,0.0,0.75,6.0,8.0,0.6001016552734376,False,CALL,2026-02-27,NLY
NLY260227P00020000,20.0,0.02,0.0,0.95,1.0,5.0,0.7216824707031251,False,PUT,2026-02-27,NLY
NLY260227P00020500,20.5,0.08,0.0,0.95,,1.0,0.657229990234375,False,PUT,2026-02-27,NLY
NLY260227P00021000,21.0,0.05,0.02,0.08,2.0,4.0,0.3320379296875,False,PUT,2026-02-27,NLY
NLY260227P00021500,21.5,0.17,0.04,2.16,1.0,17.0,0.813478427734375,False,PUT,2026-02-27,NLY
NLY260227P00022000,22.0,0.29,0.07,0.15,,1.0,0.29004616210937495,False,PUT,2026-02-27,NLY
NLY260227P00022500,22.5,0.13,0.11,0.2,7.0,301.0,0.264655791015625,False,PUT,2026-02-27,NLY
NLY260227P00023000,23.0,0.2,0.18,0.28,1.0,27.0,0.243171630859375,False,PUT,2026-02-27,NLY
NLY260227P00023500,23.5,1.22,0.31,0.4,2.0,11.0,0.22364057617187497,False,PUT,2026-02-27,NLY
NLY260227P00024500,24.5,0.96,0.77,0.93,1.0,15.0,0.22754678710937498,True,PUT,2026-02-27,NLY
NLY260227P00026000,26.0,2.23,1.4,2.51,2.0,1.0,0.43457596679687505,True,PUT,2026-02-27,NLY
NLY260306P00021000,21.0,0.12,0.02,0.14,1.0,1.0,0.34766277343749996,False,PUT,2026-03-06,NLY
NLY260306P00021500,21.5,0.08,0.04,2.19,10.0,10.0,0.7382838671874999,False,PUT,2026-03-06,NLY
NLY260306P00022000,22.0,0.13,0.09,0.19,10.0,1.0,0.28321029296874994,False,PUT,2026-03-06,NLY
NLY260306P00022500,22.5,0.16,0.13,0.22,1.0,6.0,0.24805439453125,False,PUT,2026-03-06,NLY
NLY260306P00026000,26.0,2.16,0.78,4.1,2.0,1.0,0.9414068359375,True,PUT,2026-03-06,NLY
NLY260320C00017000,17.0,6.14,5.05,9.0,,1.0,0.5117236328125,True,CALL,2026-03-20,NLY
NLY260320C00020000,20.0,4.08,3.15,4.95,1.0,28.0,0.7597680273437502,True,CALL,2026-03-20,NLY
NLY260320C00021000,21.0,3.25,2.91,3.3,1.0,67.0,0.39258419921875,True,CALL,2026-03-20,NLY
NLY260320C00022000,22.0,2.13,1.87,2.39,40.0,591.0,0.33447931152343746,True,CALL,2026-03-20,NLY
NLY260320C00023000,23.0,1.28,1.22,1.34,97.0,1270.0,0.21680470703125,True,CALL,2026-03-20,NLY
NLY260320C00024000,24.0,0.67,0.63,0.69,17.0,1606.0,0.19727365234375,False,CALL,2026-03-20,NLY
NLY260320C00025000,25.0,0.33,0.25,0.32,6.0,739.0,0.19727365234375,False,CALL,2026-03-20,NLY
NLY260320C00026000,26.0,0.2,0.07,0.13,1.0,344.0,0.1992267578125,False,CALL,2026-03-20,NLY
NLY260320C00027000,27.0,0.28,0.0,0.1,2.0,149.0,0.241218525390625,False,CALL,2026-03-20,NLY
NLY260320P00019000,19.0,0.08,0.0,0.11,2.0,9.0,0.42774009765625004,False,PUT,2026-03-20,NLY
NLY260320P00020000,20.0,0.07,0.03,0.14,5.0,1416.0,0.37305314453125,False,PUT,2026-03-20,NLY
NLY260320P00021000,21.0,0.14,0.07,0.68,1.0,90.0,0.534184345703125,False,PUT,2026-03-20,NLY
NLY260320P00022000,22.0,0.23,0.12,0.23,8.0,7106.0,0.25977302734375,False,PUT,2026-03-20,NLY
NLY260320P00023000,23.0,0.35,0.32,0.35,301.0,4148.0,0.20996883789062498,False,PUT,2026-03-20,NLY
NLY260320P00024000,24.0,0.7,0.67,0.75,109.0,602.0,0.20557435058593748,True,PUT,2026-03-20,NLY
NLY260320P00025000,25.0,1.03,1.2,1.4,24.0,74.0,0.2133867724609375,True,PUT,2026-03-20,NLY
NLY260320P00026000,26.0,2.39,1.45,2.4,,1.0,0.2954172021484375,True,PUT,2026-03-20,NLY
NLY260320P00027000,27.0,3.37,1.88,5.1,1.0,1.0,0.8920909228515624,True,PUT,2026-03-20,NLY
NLY260417C00017000,17.0,6.5,5.2,8.95,1.0,1.0,1.2519568652343749,True,CALL,2026-04-17,NLY
NLY260417C00018000,18.0,5.25,4.2,8.0,1620.0,0.0,1.144047248535156,True,CALL,2026-04-17,NLY
NLY260417C00019000,19.0,4.56,4.75,6.0,1.0,2.0,0.7187528125,True,CALL,2026-04-17,NLY
NLY260417C00020000,20.0,4.3,2.96,5.0,2.0,79.0,0.62305064453125,True,CALL,2026-04-17,NLY
NLY260417C00021000,21.0,3.54,2.0,4.0,31.0,266.0,0.5278367529296876,True,CALL,2026-04-17,NLY
NLY260417C00022000,22.0,2.3,2.0,2.46,6.0,3296.0,0.28711650390624993,True,CALL,2026-04-17,NLY
NLY260417C00023000,23.0,1.64,1.24,1.39,12.0,5409.0,0.18506674316406246,True,CALL,2026-04-17,NLY
NLY260417C00024000,24.0,0.71,0.7,0.84,49.0,1841.0,0.1909260595703125,False,CALL,2026-04-17,NLY
NLY260417C00025000,25.0,0.36,0.33,0.42,25.0,947.0,0.18311363769531247,False,CALL,2026-04-17,NLY
NLY260417C00026000,26.0,0.15,0.1,0.22,3.0,1622.0,0.1914143359375,False,CALL,2026-04-17,NLY
NLY260417C00027000,27.0,0.1,0.03,0.36,17.0,324.0,0.29053443847656246,False,CALL,2026-04-17,NLY
NLY260417C00028000,28.0,0.05,0.0,0.13,52.0,141.0,0.25098405273437496,False,CALL,2026-04-17,NLY
NLY260417C00030000,30.0,0.02,0.0,0.11,1.0,120.0,0.31641308593749995,False,CALL,2026-04-17,NLY
NLY260417P00017000,17.0,0.04,0.0,0.05,7.0,133.0,0.40430283203125,False,PUT,2026-04-17,NLY
NLY260417P00018000,18.0,0.09,0.0,0.37,4.0,898.0,0.56055126953125,False,PUT,2026-04-17,NLY
NLY260417P00019000,19.0,0.1,0.06,0.4,10.0,855.0,0.495122236328125,False,PUT,2026-04-17,NLY
NLY260417P00020000,20.0,0.11,0.11,0.23,16.0,2346.0,0.34668622070312494,False,PUT,2026-04-17,NLY
NLY260417P00021000,21.0,0.25,0.18,0.25,22.0,3729.0,0.28613995117187496,False,PUT,2026-04-17,NLY
NLY260417P00022000,22.0,0.35,0.36,0.47,6.0,2173.0,0.2841868457031249,False,PUT,2026-04-17,NLY
NLY260417P00023000,23.0,0.71,0.66,0.76,119.0,485.0,0.27246821289062495,False,PUT,2026-04-17,NLY
NLY260417P00024000,24.0,1.23,1.17,1.25,23.0,127.0,0.2788158056640625,True,PUT,2026-04-17,NLY
NLY260417P00025000,25.0,1.47,1.2,3.85,20.0,30.0,0.7329128271484374,True,PUT,2026-04-17,NLY
NLY260417P00026000,26.0,6.35,3.3,7.45,1.0,10.0,0.9326178613281251,True,PUT,2026-04-17,NLY
NLY260417P00029000,29.0,9.55,6.95,10.6,,1.0,1.2265663671875,True,PUT,2026-04-17,NLY
NLY260417P00030000,30.0,8.7,0.0,0.0,4.0,112.0,1.0000000000000003e-05,True,PUT,2026-04-17,NLY
NLY260717C00017000,17.0,5.39,5.2,8.95,,0.0,0.8535170898437501,True,CALL,2026-07-17,NLY
NLY260717C00019000,19.0,4.22,3.7,6.3,,0.0,0.5551802294921876,True,CALL,2026-07-17,NLY
NLY260717C00020000,20.0,2.29,3.8,5.0,12.0,0.0,0.4243221630859375,True,CALL,2026-07-17,NLY
NLY260717C00021000,21.0,2.88,2.86,3.8,5.0,51.0,0.32080757324218745,True,CALL,2026-07-17,NLY
NLY260717C00022000,22.0,2.5,2.17,2.47,1.0,387.0,0.19751779052734375,True,CALL,2026-07-17,NLY
NLY260717C00023000,23.0,1.94,1.38,1.62,149.0,2286.0,0.16553568847656253,True,CALL,2026-07-17,NLY
NLY260717C00024000,24.0,0.96,0.92,1.11,59.0,1459.0,0.1713950048828125,False,CALL,2026-07-17,NLY
NLY260717C00025000,25.0,0.6,0.54,0.63,28.0,719.0,0.15943223388671873,False,CALL,2026-07-17,NLY
NLY260717C00026000,26.0,0.35,0.31,0.43,4.0,197.0,0.1726156958007813,False,CALL,2026-07-17,NLY
NLY260717C00027000,27.0,0.2,0.17,0.24,35.0,186.0,0.17090672851562502,False,CALL,2026-07-17,NLY
NLY260717C00028000,28.0,0.29,0.05,0.35,4.0,208.0,0.2309647216796875,False,CALL,2026-07-17,NLY
NLY260717C00030000,30.0,0.07,0.0,0.15,14.0,59.0,0.231452998046875,False,CALL,2026-07-17,NLY
NLY260717P00017000,17.0,0.17,0.1,0.25,1.0,25.0,0.39160764648437496,False,PUT,2026-07-17,NLY
NLY260717P00018000,18.0,0.21,0.15,0.35,3.0,17.0,0.375982802734375,False,PUT,2026-07-17,NLY
NLY260717P00019000,19.0,0.36,0.23,0.38,8.0,145.0,0.3320379296875,False,PUT,2026-07-17,NLY
NLY260717P00020000,20.0,0.41,0.37,0.42,1.0,304.0,0.29004616210937495,False,PUT,2026-07-17,NLY
NLY260717P00021000,21.0,0.54,0.57,0.75,5.0,454.0,0.3073799731445312,False,PUT,2026-07-17,NLY
NLY260717P00022000,22.0,0.9,0.86,0.91,1.0,616.0,0.2758861474609374,False,PUT,2026-07-17,NLY
NLY260717P00023000,23.0,1.25,1.25,1.38,8.0,279.0,0.2866282275390625,False,PUT,2026-07-17,NLY
NLY260717P00024000,24.0,1.55,1.77,1.93,400.0,470.0,0.29444064941406245,True,PUT,2026-07-17,NLY
NLY260717P00025000,25.0,2.5,2.49,2.74,9.0,116.0,0.32959654785156245,True,PUT,2026-07-17,NLY
NLY260717P00026000,26.0,3.64,2.4,3.6,1.0,3.0,0.3627993408203125,True,PUT,2026-07-17,NLY
NLY260717P00030000,30.0,7.65,4.95,9.0,,6.0,0.7561059545898439,True,PUT,2026-07-17,NLY
NLY270115C00018000,18.0,5.8,3.95,7.0,5.0,323.0,0.38721315917968746,True,CALL,2027-01-15,NLY
NLY270115C00020000,20.0,4.64,2.27,4.5,1.0,956.0,0.21826953613281247,True,CALL,2027-01-15,NLY
NLY270115C00022000,22.0,2.4,2.27,2.5,31.0,4639.0,0.14112187011718752,True,CALL,2027-01-15,NLY
NLY270115C00025000,25.0,0.79,0.7,1.0,81.0,4320.0,0.15161981201171876,False,CALL,2027-01-15,NLY
NLY270115C00027000,27.0,0.52,0.4,0.57,1.0,1882.0,0.1667563793945313,False,CALL,2027-01-15,NLY
NLY270115C00030000,30.0,0.16,0.16,0.2,3.0,1351.0,0.1733481103515625,False,CALL,2027-01-15,NLY
NLY270115P00018000,18.0,0.55,0.46,0.72,1.0,2859.0,0.33570000244140624,False,PUT,2027-01-15,NLY
NLY270115P00020000,20.0,1.02,0.98,1.13,106.0,1575.0,0.3107979077148437,False,PUT,2027-01-15,NLY
NLY270115P00022000,22.0,1.78,1.56,2.13,110.0,458.0,0.336920693359375,False,PUT,2027-01-15,NLY
NLY270115P00025000,25.0,3.3,3.45,3.9,6.0,68.0,0.35278967529296873,True,PUT,2027-01-15,NLY
NLY270115P00027000,27.0,5.02,3.7,7.5,58.0,65.0,0.5968057897949219,True,PUT,2027-01-15,NLY
NLY270115P00030000,30.0,7.62,6.35,8.8,1.0,16.0,0.5039112109375,True,PUT,2027-01-15,NLY
NLY280121C00018000,18.0,5.85,4.6,8.5,10.0,80.0,0.428716650390625,True,CALL,2028-01-21,NLY
NLY280121C00020000,20.0,4.03,3.4,4.55,61.0,208.0,0.15796740478515625,True,CALL,2028-01-21,NLY
NLY280121C00022000,22.0,2.74,0.72,2.78,19.0,606.0,0.12378805908203125,True,CALL,2028-01-21,NLY
NLY280121C00025000,25.0,1.23,1.1,1.46,17.0,2786.0,0.14026738647460937,False,CALL,2028-01-21,NLY
NLY280121C00027000,27.0,1.0,0.0,1.1,1.0,676.0,0.16126327026367188,False,CALL,2028-01-21,NLY
NLY280121C00030000,30.0,0.5,0.0,1.01,2.0,49.0,0.20899228515624996,False,CALL,2028-01-21,NLY
NLY280121P00018000,18.0,1.28,0.0,5.0,2.0,185.0,0.6757844921875001,False,PUT,2028-01-21,NLY
NLY280121P00020000,20.0,2.25,0.0,3.0,9.0,312.0,0.3888000573730469,False,PUT,2028-01-21,NLY
NLY280121P00022000,22.0,3.0,1.0,6.0,3.0,689.0,0.5522505712890625,False,PUT,2028-01-21,NLY
NLY280121P00025000,25.0,4.9,4.95,8.0,2.0,74.0,0.5582319567871095,True,PUT,2028-01-21,NLY
NLY280121P00027000,27.0,6.97,4.5,9.5,1.0,101.0,0.5675092077636719,True,PUT,2028-01-21,NLY
NLY280121P00030000,30.0,10.96,7.15,12.0,112.0,124.0,0.5907023352050782,True,PUT,2028-01-21,NLY
NOK260130C00004500,4.5,2.55,1.4,2.47,52.0,22.0,4.984378769531249,True,CALL,2026-01-30,NOK
NOK260130C00005000,5.0,1.21,0.91,1.55,2.0,17.0,4.765629042968749,True,CALL,2026-01-30,NOK
NOK260130C00005500,5.5,0.73,0.41,0.92,3.0,89.0,2.6718783203125005,True,CALL,2026-01-30,NOK
NOK260130C00006000,6.0,0.19,0.16,0.31,255.0,64.0,0.92187578125,True,CALL,2026-01-30,NOK
NOK260130C00006500,6.5,0.01,0.0,0.01,2772.0,3445.0,0.437505625,False,CALL,2026-01-30,NOK
NOK260130C00007000,7.0,0.03,0.0,0.01,2099.0,13714.0,0.8125018749999999,False,CALL,2026-01-30,NOK
NOK260130C00007500,7.5,0.01,0.0,0.01,791.0,11778.0,1.2500037499999999,False,CALL,2026-01-30,NOK
NOK260130C00008000,8.0,0.01,0.0,0.01,267.0,2553.0,1.625001875,False,CALL,2026-01-30,NOK
NOK260130P00005500,5.5,0.01,0.0,0.01,2.0,220.0,0.937500625,False,PUT,2026-01-30,NOK
NOK260130P00006000,6.0,0.02,0.01,0.03,449.0,1498.0,0.5312546875,False,PUT,2026-01-30,NOK
NOK260130P00006500,6.5,0.3,0.23,0.38,1529.0,11283.0,0.70312796875,True,PUT,2026-01-30,NOK
NOK260130P00007000,7.0,0.85,0.77,1.04,126.0,569.0,2.1250046874999997,True,PUT,2026-01-30,NOK
NOK260130P00007500,7.5,1.33,0.93,1.59,3.0,5.0,3.99218751953125,True,PUT,2026-01-30,NOK
NOK260130P00008000,8.0,1.33,1.72,2.02,2.0,3.0,3.031252421875,True,PUT,2026-01-30,NOK
NOK260206C00004500,4.5,2.3,1.37,2.32,1.0,5.0,1.9062504687500001,True,CALL,2026-02-06,NOK
NOK260206C00005000,5.0,1.92,0.88,1.63,4.0,22.0,0.9062509375,True,CALL,2026-02-06,NOK
NOK260206C00005500,5.5,0.82,0.64,0.84,14.0,89.0,0.9765627343750001,True,CALL,2026-02-06,NOK
NOK260206C00006000,6.0,0.27,0.18,0.39,155.0,32.0,0.6679720703125002,True,CALL,2026-02-06,NOK
NOK260206C00006500,6.5,0.07,0.06,0.09,454.0,260.0,0.48828636718750007,False,CALL,2026-02-06,NOK
NOK260206C00007000,7.0,0.05,0.02,0.05,295.0,1341.0,0.6093789062500001,False,CALL,2026-02-06,NOK
NOK260206C00007500,7.5,0.02,0.01,0.06,119.0,1763.0,0.851563984375,False,CALL,2026-02-06,NOK
NOK260206C00008000,8.0,0.08,0.0,0.05,100.0,941.0,0.98437515625,False,CALL,2026-02-06,NOK
NOK260206P00005000,5.0,0.7,0.0,0.4,,1.0,1.8203133984375,False,PUT,2026-02-06,NOK
NOK260206P00005500,5.5,0.01,0.0,2.13,1.0,2.0,3.8789065527343753,False,PUT,2026-02-06,NOK
NOK260206P00006000,6.0,0.07,0.07,0.09,210.0,55.0,0.4804739453125,False,PUT,2026-02-06,NOK
NOK260206P00006500,6.5,0.49,0.3,0.49,191.0,39.0,0.6015664843750002,True,PUT,2026-02-06,NOK
NOK260206P00007000,7.0,0.97,0.76,0.97,8.0,12.0,0.8710950390625,True,PUT,2026-02-06,NOK
NOK260206P00007500,7.5,0.9,0.94,1.69,1.0,9.0,0.937500625,True,PUT,2026-02-06,NOK
NOK260213C00005000,5.0,1.69,0.87,1.62,26.0,11.0,0.5937540625000001,True,CALL,2026-02-13,NOK
NOK260213C00005500,5.5,0.67,0.56,0.79,8.0,136.0,0.57812921875,True,CALL,2026-02-13,NOK
NOK260213C00006000,6.0,0.22,0.25,0.33,47.0,16.0,0.3711000390625,True,CALL,2026-02-13,NOK
NOK260213C00006500,6.5,0.14,0.08,0.12,687.0,194.0,0.42969320312500003,False,CALL,2026-02-13,NOK
NOK260213C00007000,7.0,0.05,0.04,0.08,211.0,244.0,0.5390671093750001,False,CALL,2026-02-13,NOK
NOK260213C00007500,7.5,0.03,0.03,0.2,6.0,536.0,0.9101571484375,False,CALL,2026-02-13,NOK
NOK260213C00008000,8.0,0.02,0.01,0.08,8.0,505.0,0.8437515624999999,False,CALL,2026-02-13,NOK
NOK260213P00005500,5.5,0.04,0.0,0.08,35.0,36.0,0.523442265625,False,PUT,2026-02-13,NOK
NOK260213P00006000,6.0,0.09,0.09,0.15,6.0,93.0,0.48828636718750007,False,PUT,2026-02-13,NOK
NOK260213P00006500,6.5,0.46,0.22,0.48,69.0,285.0,0.6210975390625001,True,PUT,2026-02-13,NOK
NOK260213P00007000,7.0,0.95,0.78,1.0,7.0,48.0,0.7187528125,True,PUT,2026-02-13,NOK
NOK260220C00005000,5.0,1.37,1.13,1.32,38.0,76.0,0.8281267187499999,True,CALL,2026-02-20,NOK
NOK260220C00005500,5.5,0.69,0.41,0.87,2.0,8.0,0.6796907031250001,True,CALL,2026-02-20,NOK
NOK260220C00006000,6.0,0.26,0.29,0.33,661.0,3878.0,0.3086006640625,True,CALL,2026-02-20,NOK
NOK260220C00006500,6.5,0.13,0.09,0.12,1077.0,1881.0,0.35938140625,False,CALL,2026-02-20,NOK
NOK260220C00007000,7.0,0.06,0.05,0.06,2456.0,16425.0,0.45313046875,False,CALL,2026-02-20,NOK
NOK260220C00007500,7.5,0.03,0.02,0.05,102.0,1153.0,0.5312546875,False,CALL,2026-02-20,NOK
NOK260220C00008000,8.0,0.01,0.01,0.04,796.0,3294.0,0.6171913281250001,False,CALL,2026-02-20,NOK
NOK260220P00005000,5.0,0.02,0.0,0.03,10.0,207.0,0.5312546875,False,PUT,2026-02-20,NOK
NOK260220P00005500,5.5,0.05,0.02,0.04,57.0,26.0,0.437505625,False,PUT,2026-02-20,NOK
NOK260220P00006000,6.0,0.15,0.13,0.16,5546.0,7892.0,0.42578699218750005,False,PUT,2026-02-20,NOK
NOK260220P00006500,6.5,0.42,0.42,0.46,3209.0,5736.0,0.48438015625,True,PUT,2026-02-20,NOK
NOK260220P00007000,7.0,0.95,0.77,0.97,8.0,1734.0,0.5546919531250001,True,PUT,2026-02-20,NOK
NOK260220P00007500,7.5,0.65,1.0,1.65,2.0,5.0,0.6171913281250001,True,PUT,2026-02-20,NOK
NOK260220P00008000,8.0,1.28,1.49,2.14,2.0,1238.0,0.726565234375,True,PUT,2026-02-20,NOK
NOK260227C00005000,5.0,1.16,1.1,1.32,34.0,72.0,0.7226590234375,True,CALL,2026-02-27,NOK
NOK260227C00005500,5.5,1.35,0.37,0.99,6.0,27.0,0.8164080859374999,True,CALL,2026-02-27,NOK
NOK260227C00006000,6.0,0.34,0.3,0.4,242.0,11.0,0.38086556640624997,True,CALL,2026-02-27,NOK
NOK260227C00006500,6.5,0.14,0.13,0.16,44.0,179.0,0.37500625,False,CALL,2026-02-27,NOK
NOK260227C00007000,7.0,0.07,0.05,0.09,415.0,188.0,0.45703667968750006,False,CALL,2026-02-27,NOK
NOK260227C00007500,7.5,0.04,0.02,0.07,13.0,186.0,0.500005,False,CALL,2026-02-27,NOK
NOK260227C00008000,8.0,0.05,0.01,0.04,1.0,370.0,0.5390671093750001,False,CALL,2026-02-27,NOK
NOK260227P00005000,5.0,0.98,0.0,0.15,,5.0,0.6953155468750001,False,PUT,2026-02-27,NOK
NOK260227P00005500,5.5,0.09,0.02,0.08,,13.0,0.4804739453125,False,PUT,2026-02-27,NOK
NOK260227P00006000,6.0,0.22,0.13,0.2,3.0,166.0,0.4335994140625,False,PUT,2026-02-27,NOK
NOK260227P00006500,6.5,0.53,0.18,0.53,3.0,155.0,0.5273484765625001,True,PUT,2026-02-27,NOK
NOK260227P00007000,7.0,1.05,0.8,1.04,1.0,68.0,0.5742230078125,True,PUT,2026-02-27,NOK
NOK260227P00008000,8.0,1.53,1.46,2.21,10.0,10.0,0.6953155468750001,True,PUT,2026-02-27,NOK
NOK260306C00007000,7.0,0.09,0.07,0.09,11.0,120.0,0.414068359375,False,CALL,2026-03-06,NOK
NOK260306P00008000,8.0,1.8,0.68,3.35,1.0,1.0,0.9589847851562499,True,PUT,2026-03-06,NOK
NOK260320C00005000,5.0,1.19,1.18,1.24,21.0,374.0,0.29688203124999996,True,CALL,2026-03-20,NOK
NOK260320C00006000,6.0,0.44,0.39,0.43,5229.0,7970.0,0.32617861328125,True,CALL,2026-03-20,NOK
NOK260320C00007000,7.0,0.1,0.1,0.11,4966.0,43609.0,0.38086556640624997,False,CALL,2026-03-20,NOK
NOK260320C00008000,8.0,0.05,0.04,0.05,197.0,11699.0,0.48438015625,False,CALL,2026-03-20,NOK
NOK260320P00005000,5.0,0.03,0.01,0.03,2.0,205.0,0.414068359375,False,PUT,2026-03-20,NOK
NOK260320P00006000,6.0,0.2,0.2,0.24,21.0,3288.0,0.3789124609375,False,PUT,2026-03-20,NOK
NOK260320P00007000,7.0,0.95,0.9,0.95,2.0,1556.0,0.4804739453125,True,PUT,2026-03-20,NOK
NOK260320P00008000,8.0,1.58,1.73,2.16,5.0,13.0,0.7187528125,True,PUT,2026-03-20,NOK
NOK260417C00004500,4.5,1.7,1.51,2.01,7.0,526.0,0.9023447265625,True,CALL,2026-04-17,NOK
NOK260417C00005000,5.0,1.69,1.08,1.52,4.0,1365.0,0.72070591796875,True,CALL,2026-04-17,NOK
NOK260417C00005500,5.5,0.79,0.79,0.84,148.0,1314.0,0.33008482421874996,True,CALL,2026-04-17,NOK
NOK260417C00006000,6.0,0.47,0.47,0.5,258.0,13969.0,0.32617861328125,True,CALL,2026-04-17,NOK
NOK260417C00007000,7.0,0.16,0.15,0.16,1020.0,23766.0,0.35938140625,False,CALL,2026-04-17,NOK
NOK260417C00008000,8.0,0.07,0.06,0.09,700.0,8088.0,0.45898978515625005,False,CALL,2026-04-17,NOK
NOK260417P00004500,4.5,0.02,0.01,0.02,1.0,750.0,0.42188078125,False,PUT,2026-04-17,NOK
NOK260417P00005000,5.0,0.03,0.03,0.05,4.0,603.0,0.3789124609375,False,PUT,2026-04-17,NOK
NOK260417P00005500,5.5,0.11,0.09,0.12,6.0,6110.0,0.34961587890624996,False,PUT,2026-04-17,NOK
NOK260417P00006000,6.0,0.26,0.26,0.29,179.0,6142.0,0.34961587890624996,False,PUT,2026-04-17,NOK
NOK260417P00007000,7.0,1.02,0.94,0.98,962.0,7678.0,0.41602146484374997,True,PUT,2026-04-17,NOK
NOK260417P00008000,8.0,1.64,1.46,2.05,2.0,38.0,0.69336244140625,True,PUT,2026-04-17,NOK
NOK260618C00005000,5.0,1.3,1.27,1.33,33.0,137.0,0.34570966796874997,True,CALL,2026-06-18,NOK
NOK260618C00006000,6.0,0.67,0.62,0.67,219.0,574.0,0.35938140625,True,CALL,2026-06-18,NOK
NOK260618C00007000,7.0,0.27,0.29,0.33,491.0,3735.0,0.39258419921875,False,CALL,2026-06-18,NOK
NOK260618C00008000,8.0,0.17,0.16,0.19,581.0,2475.0,0.4414118359375,False,CALL,2026-06-18,NOK
NOK260618P00005000,5.0,0.11,0.09,0.12,686.0,3952.0,0.37500625,False,PUT,2026-06-18,NOK
NOK260618P00006000,6.0,0.42,0.41,0.45,113.0,7329.0,0.370123486328125,False,PUT,2026-06-18,NOK
NOK260618P00007000,7.0,1.05,1.06,1.12,1.0,590.0,0.40918559570312496,True,PUT,2026-06-18,NOK
NOK260618P00008000,8.0,1.54,1.92,1.98,6.0,17.0,0.46289599609375004,True,PUT,2026-06-18,NOK
NOK260717C00005000,5.0,2.02,1.31,1.37,2.0,27.0,0.35742830078125,True,CALL,2026-07-17,NOK
NOK260717C00006000,6.0,0.67,0.67,0.72,28.0,185.0,0.358404853515625,True,CALL,2026-07-17,NOK
NOK260717C00007000,7.0,0.32,0.33,0.36,307.0,490.0,0.375982802734375,False,CALL,2026-07-17,NOK
NOK260717C00008000,8.0,0.2,0.18,0.21,554.0,2303.0,0.41797457031249996,False,CALL,2026-07-17,NOK
NOK260717P00005000,5.0,0.14,0.11,0.13,2.0,2118.0,0.35156898437499995,False,PUT,2026-07-17,NOK
NOK260717P00006000,6.0,0.46,0.44,0.48,20.0,47.0,0.35547519531249994,False,PUT,2026-07-17,NOK
NOK260717P00007000,7.0,1.09,1.09,1.15,2.0,8.0,0.39160764648437496,True,PUT,2026-07-17,NOK
NOK260918C00005000,5.0,1.37,1.38,1.44,132.0,37.0,0.36133451171875,True,CALL,2026-09-18,NOK
NOK260918C00006000,6.0,1.21,0.79,0.84,2.0,82.0,0.36914693359375,True,CALL,2026-09-18,NOK
NOK260918C00007000,7.0,0.43,0.44,0.49,191.0,936.0,0.38867798828125,False,CALL,2026-09-18,NOK
NOK260918C00008000,8.0,0.28,0.26,0.29,255.0,1702.0,0.4062559375,False,CALL,2026-09-18,NOK
NOK260918P00005000,5.0,0.21,0.19,0.22,30.0,328.0,0.37305314453125,False,PUT,2026-09-18,NOK
NOK260918P00006000,6.0,0.6,0.56,0.6,85.0,245.0,0.366217275390625,False,PUT,2026-09-18,NOK
NOK260918P00007000,7.0,1.26,1.19,1.24,21.0,280.0,0.38086556640624997,True,PUT,2026-09-18,NOK
NOK260918P00008000,8.0,1.4,2.0,2.06,1.0,1.0,0.4101621484375,True,PUT,2026-09-18,NOK
NOK261218C00005000,5.0,1.46,1.49,1.57,20.0,305.0,0.3857483300781249,True,CALL,2026-12-18,NOK
NOK261218C00007000,7.0,0.59,0.58,0.63,644.0,1563.0,0.39063109375,False,CALL,2026-12-18,NOK
NOK261218P00005000,5.0,0.31,0.28,0.3,4.0,765.0,0.36524072265625,False,PUT,2026-12-18,NOK
NOK261218P00007000,7.0,1.3,1.31,1.38,5.0,400.0,0.383795224609375,True,PUT,2026-12-18,NOK
NOK270115C00004500,4.5,2.1,1.88,1.96,1.0,3122.0,0.39258419921875,True,CALL,2027-01-15,NOK
NOK270115C00005000,5.0,1.5,1.56,1.6,258.0,6199.0,0.38672488281249995,True,CALL,2027-01-15,NOK
NOK270115C00005500,5.5,1.26,1.22,1.28,113.0,6848.0,0.37793590820312495,True,CALL,2027-01-15,NOK
NOK270115C00007000,7.0,0.64,0.62,0.67,1472.0,24261.0,0.39063109375,False,CALL,2027-01-15,NOK
NOK270115P00004500,4.5,0.19,0.16,0.2,1.0,13494.0,0.375982802734375,False,PUT,2027-01-15,NOK
NOK270115P00005000,5.0,0.31,0.28,0.33,2.0,2210.0,0.367193828125,False,PUT,2027-01-15,NOK
NOK270115P00005500,5.5,0.5,0.47,0.51,14.0,7832.0,0.36133451171875,False,PUT,2027-01-15,NOK
NOK270115P00007000,7.0,1.38,1.31,1.37,120.0,5614.0,0.36426416992187505,True,PUT,2027-01-15,NOK
NOK270617C00005000,5.0,1.66,1.68,1.75,23.0,296.0,0.389654541015625,True,CALL,2027-06-17,NOK
NOK270617C00007000,7.0,0.79,0.81,0.88,219.0,4791.0,0.398443515625,False,CALL,2027-06-17,NOK
NOK270617P00005000,5.0,0.44,0.4,0.46,40.0,9.0,0.366217275390625,False,PUT,2027-06-17,NOK
NOK270617P00007000,7.0,1.55,1.46,1.52,1.0,33.0,0.35596347167968745,True,PUT,2027-06-17,NOK
NOK271217C00005000,5.0,1.83,1.79,1.91,10.0,51.0,0.393560751953125,True,CALL,2027-12-17,NOK
NOK271217C00007000,7.0,1.04,0.98,1.06,9.0,525.0,0.3940490283203125,False,CALL,2027-12-17,NOK
NOK271217P00005000,5.0,0.54,0.5,0.58,1.0,15.0,0.358404853515625,False,PUT,2027-12-17,NOK
NOK271217P00007000,7.0,1.55,1.57,1.66,1.0,23.0,0.3461979443359374,True,PUT,2027-12-17,NOK
NOK280121C00004500,4.5,2.12,2.09,2.23,49.0,2995.0,0.393560751953125,True,CALL,2028-01-21,NOK
NOK280121C00005000,5.0,1.87,1.82,1.94,1036.0,2004.0,0.39453730468750003,True,CALL,2028-01-21,NOK
NOK280121C00005500,5.5,1.52,1.57,1.68,127.0,2375.0,0.393560751953125,True,CALL,2028-01-21,NOK
NOK280121C00007000,7.0,1.06,1.02,1.11,1042.0,9133.0,0.398443515625,False,CALL,2028-01-21,NOK
NOK280121P00004500,4.5,0.4,0.35,0.41,1.0,18.0,0.358404853515625,False,PUT,2028-01-21,NOK
NOK280121P00005000,5.0,0.58,0.52,0.59,13.0,849.0,0.35352208984374994,False,PUT,2028-01-21,NOK
NOK280121P00005500,5.5,0.79,0.73,0.81,1.0,721.0,0.3501041552734374,False,PUT,2028-01-21,NOK
NOK280121P00007000,7.0,1.65,1.59,1.69,7.0,27664.0,0.3461979443359374,True,PUT,2028-01-21,NOK
NU260130C00014000,14.0,4.2,4.2,6.9,590.0,648.0,5.5078156152343745,True,CALL,2026-01-30,NU
NU260130C00014500,14.5,3.73,3.55,6.4,1.0,1.0,4.8906288867187495,True,CALL,2026-01-30,NU
NU260130C00015000,15.0,3.55,3.0,4.6,1.0,16.0,2.4843787890625,True,CALL,2026-01-30,NU
NU260130C00015500,15.5,2.97,2.61,3.75,3.0,7.0,1.640626796875,True,CALL,2026-01-30,NU
NU260130C00016000,16.0,2.72,2.13,3.05,12.0,271.0,2.6640658398437504,True,CALL,2026-01-30,NU
NU260130C00016500,16.5,1.83,2.12,3.8,10.0,160.0,3.2773455566406247,True,CALL,2026-01-30,NU
NU260130C00017000,17.0,1.43,1.21,1.99,17.0,734.0,1.8515632421875,True,CALL,2026-01-30,NU
NU260130C00017500,17.5,0.91,0.76,1.66,32.0,1032.0,0.8281267187499999,True,CALL,2026-01-30,NU
NU260130C00018000,18.0,0.91,0.76,1.12,187.0,943.0,1.0703171484375003,True,CALL,2026-01-30,NU
NU260130C00018500,18.5,0.4,0.09,0.46,571.0,1987.0,0.7246121289062499,True,CALL,2026-01-30,NU
NU260130C00019000,19.0,0.05,0.01,0.2,1917.0,4033.0,0.6445348046875,False,CALL,2026-01-30,NU
NU260130C00019500,19.5,0.08,0.08,0.1,1518.0,19572.0,0.6718782812500002,False,CALL,2026-01-30,NU
NU260130C00020000,20.0,0.03,0.0,0.09,195.0,26531.0,0.726565234375,False,CALL,2026-01-30,NU
NU260130C00020500,20.5,0.01,0.0,1.0,5.0,6.0,2.1093797265624996,False,CALL,2026-01-30,NU
NU260130P00013500,13.5,0.13,0.0,4.8,,2.0,9.789066381835939,False,PUT,2026-01-30,NU
NU260130P00014000,14.0,0.01,0.0,2.12,1.0,93.0,5.85937767578125,False,PUT,2026-01-30,NU
NU260130P00014500,14.5,0.17,0.0,2.13,4.0,102.0,5.437503203124999,False,PUT,2026-01-30,NU
NU260130P00015000,15.0,0.03,0.0,2.13,28.0,150.0,5.007816240234375,False,PUT,2026-01-30,NU
NU260130P00015500,15.5,0.01,0.0,1.1,2.0,215.0,3.3242204394531245,False,PUT,2026-01-30,NU
NU260130P00016000,16.0,0.01,0.0,0.01,1.0,278.0,0.9062509375,False,PUT,2026-01-30,NU
NU260130P00016500,16.5,0.02,0.0,0.62,1.0,3148.0,2.019536201171875,False,PUT,2026-01-30,NU
NU260130P00017000,17.0,0.01,0.0,0.01,3.0,6363.0,0.5937540625000001,False,PUT,2026-01-30,NU
NU260130P00017500,17.5,0.01,0.0,0.03,14.0,6314.0,0.51562984375,False,PUT,2026-01-30,NU
NU260130P00018000,18.0,0.02,0.01,0.08,6770.0,2449.0,0.5390671093750001,False,PUT,2026-01-30,NU
NU260130P00018500,18.5,0.12,0.0,0.35,34.0,255.0,0.7421900781249999,False,PUT,2026-01-30,NU
NU260130P00019000,19.0,0.42,0.4,2.35,48.0,76.0,2.1171922070312497,True,PUT,2026-01-30,NU
NU260130P00020000,20.0,1.62,1.17,1.9,3.0,64.0,1.0781296093750001,True,PUT,2026-01-30,NU
NU260130P00020500,20.5,2.68,1.34,3.35,2.0,0.0,2.0351611621093753,True,PUT,2026-01-30,NU
NU260130P00022500,22.5,3.88,3.5,4.65,1.0,1.0,2.1796920507812496,True,PUT,2026-01-30,NU
NU260206C00013500,13.5,4.55,4.7,5.5,1.0,251.0,1.9765626171875001,True,CALL,2026-02-06,NU
NU260206C00014500,14.5,3.9,3.7,4.8,1.0,1.0,1.1953165234375,True,CALL,2026-02-06,NU
NU260206C00015000,15.0,3.55,3.25,4.05,4.0,1.0,0.773439765625,True,CALL,2026-02-06,NU
NU260206C00015500,15.5,3.01,2.6,3.5,2.0,3.0,1.3437532812499997,True,CALL,2026-02-06,NU
NU260206C00016000,16.0,2.65,2.27,4.3,10.0,21.0,1.5332054589843749,True,CALL,2026-02-06,NU
NU260206C00016500,16.5,2.07,1.79,2.51,6.0,111.0,1.05078599609375,True,CALL,2026-02-06,NU
NU260206C00017000,17.0,1.37,1.2,2.02,41.0,269.0,0.9062509375,True,CALL,2026-02-06,NU
NU260206C00017500,17.5,1.1,0.83,1.84,30.0,378.0,0.5488326367187502,True,CALL,2026-02-06,NU
NU260206C00018000,18.0,0.58,0.64,1.2,54.0,561.0,0.7460962890625,True,CALL,2026-02-06,NU
NU260206C00018500,18.5,0.53,0.46,0.71,75.0,332.0,0.5576216113281252,True,CALL,2026-02-06,NU
NU260206C00019000,19.0,0.36,0.3,0.38,114.0,1247.0,0.46680220703125,False,CALL,2026-02-06,NU
NU260206C00019500,19.5,0.13,0.12,0.18,7.0,260.0,0.41992767578125,False,CALL,2026-02-06,NU
NU260206C00020000,20.0,0.1,0.02,0.36,106.0,3448.0,0.5488326367187502,False,CALL,2026-02-06,NU
NU260206C00020500,20.5,0.19,0.0,0.95,64.0,132.0,0.9687503125,False,CALL,2026-02-06,NU
NU260206P00014000,14.0,0.04,0.0,1.6,,1.0,2.425785185546875,False,PUT,2026-02-06,NU
NU260206P00014500,14.5,0.06,0.0,0.71,,3.0,1.6171894140625,False,PUT,2026-02-06,NU
NU260206P00015000,15.0,0.01,0.0,0.32,10.0,14.0,1.12891060546875,False,PUT,2026-02-06,NU
NU260206P00015500,15.5,0.27,0.0,0.77,11.0,58.0,1.3515657421874998,False,PUT,2026-02-06,NU
NU260206P00016000,16.0,0.03,0.01,0.15,2.0,234.0,0.7187528125,False,PUT,2026-02-06,NU
NU260206P00016500,16.5,0.03,0.02,0.45,7.0,75.0,0.8535170898437501,False,PUT,2026-02-06,NU
NU260206P00017000,17.0,0.06,0.04,0.32,104.0,400.0,0.6445348046875,False,PUT,2026-02-06,NU
NU260206P00017500,17.5,0.09,0.05,0.11,106.0,3270.0,0.41797457031249996,False,PUT,2026-02-06,NU
NU260206P00018000,18.0,0.15,0.12,0.16,117.0,3289.0,0.3437565625,False,PUT,2026-02-06,NU
NU260206P00018500,18.5,0.4,0.29,0.61,9.0,146.0,0.5742230078125,False,PUT,2026-02-06,NU
NU260206P00019500,19.5,1.12,0.79,1.41,2.0,1.0,0.75586181640625,True,PUT,2026-02-06,NU
NU260206P00020000,20.0,1.78,0.58,1.82,1.0,1.0,0.8105487695312499,True,PUT,2026-02-06,NU
NU260206P00021000,21.0,2.29,1.84,3.1,2.0,1.0,0.6015664843750002,True,PUT,2026-02-06,NU
NU260206P00022500,22.5,5.37,3.4,4.9,,0.0,1.1367230664062502,True,PUT,2026-02-06,NU
NU260206P00024000,24.0,5.97,4.9,6.4,1.0,0.0,1.3789093554687497,True,PUT,2026-02-06,NU
NU260213C00014000,14.0,4.22,4.2,5.1,590.0,2.0,0.73437765625,True,CALL,2026-02-13,NU
NU260213C00015000,15.0,2.37,3.2,5.0,,5.0,1.23047259765625,True,CALL,2026-02-13,NU
NU260213C00015500,15.5,3.0,2.65,3.5,1.0,6.0,1.0078174609375,True,CALL,2026-02-13,NU
NU260213C00016000,16.0,2.61,2.17,3.05,4.0,74.0,0.9414068359375,True,CALL,2026-02-13,NU
NU260213C00016500,16.5,2.26,1.69,3.15,4.0,51.0,0.7050810742187501,True,CALL,2026-02-13,NU
NU260213C00017000,17.0,1.93,1.34,2.02,1.0,54.0,0.6796907031250001,True,CALL,2026-02-13,NU
NU260213C00017500,17.5,1.3,1.1,2.0,11.0,68.0,0.5830119824218749,True,CALL,2026-02-13,NU
NU260213C00018000,18.0,0.77,0.95,1.29,7.0,114.0,0.5039112109375,True,CALL,2026-02-13,NU
NU260213C00018500,18.5,0.55,0.38,1.22,6.0,140.0,0.7480493945312501,True,CALL,2026-02-13,NU
NU260213C00019000,19.0,0.5,0.03,0.55,120.0,327.0,0.46094289062500005,False,CALL,2026-02-13,NU
NU260213C00019500,19.5,0.3,0.15,0.5,49.0,92.0,0.5468795312500001,False,CALL,2026-02-13,NU
NU260213C00020000,20.0,0.11,0.1,0.31,5.0,356.0,0.5097705273437501,False,CALL,2026-02-13,NU
NU260213C00020500,20.5,0.05,0.0,0.71,1.0,64.0,0.6347692773437501,False,CALL,2026-02-13,NU
NU260213C00021000,21.0,0.04,0.0,1.59,255.0,166.0,1.0488328808593752,False,CALL,2026-02-13,NU
NU260213C00021500,21.5,0.05,0.0,2.17,,60.0,1.3418001660156247,False,CALL,2026-02-13,NU
NU260213P00014000,14.0,0.05,0.0,1.35,,101.0,1.69140779296875,False,PUT,2026-02-13,NU
NU260213P00014500,14.5,0.04,0.0,1.66,68.0,69.0,1.705079599609375,False,PUT,2026-02-13,NU
NU260213P00015000,15.0,0.02,0.0,1.68,51.0,70.0,1.5732443212890623,False,PUT,2026-02-13,NU
NU260213P00015500,15.5,0.03,0.0,0.75,13.0,29.0,1.0039112304687499,False,PUT,2026-02-13,NU
NU260213P00016000,16.0,0.03,0.0,0.06,13.0,158.0,0.500005,False,PUT,2026-02-13,NU
NU260213P00016500,16.5,0.11,0.0,0.32,1.0,471.0,0.5585981640625001,False,PUT,2026-02-13,NU
NU260213P00017000,17.0,0.1,0.02,0.35,2.0,182.0,0.63867548828125,False,PUT,2026-02-13,NU
NU260213P00017500,17.5,0.15,0.0,1.0,4.0,65.0,0.6347692773437501,False,PUT,2026-02-13,NU
NU260213P00018000,18.0,0.36,0.2,0.28,19.0,45.0,0.34961587890624996,False,PUT,2026-02-13,NU
NU260213P00018500,18.5,0.41,0.0,0.86,2.0,100.0,0.5927775097656252,False,PUT,2026-02-13,NU
NU260213P00019500,19.5,0.94,0.25,2.98,2.0,0.0,0.7050810742187501,True,PUT,2026-02-13,NU
NU260213P00020000,20.0,3.14,1.23,1.85,1.0,0.0,0.6289099609375001,True,PUT,2026-02-13,NU
NU260213P00020500,20.5,3.2,0.95,3.55,,0.0,0.64648791015625,True,PUT,2026-02-13,NU
NU260213P00021500,21.5,4.52,2.34,4.0,,1.0,0.73633076171875,True,PUT,2026-02-13,NU
NU260220C00014000,14.0,4.6,4.35,5.1,34.0,273.0,0.7851583984375,True,CALL,2026-02-20,NU
NU260220C00015000,15.0,3.5,3.6,4.15,206.0,560.0,0.8164080859374999,True,CALL,2026-02-20,NU
NU260220C00015500,15.5,3.1,3.3,3.5,1.0,2.0,0.7500025,True,CALL,2026-02-20,NU
NU260220C00016000,16.0,3.0,2.62,3.15,28.0,1624.0,0.648441015625,True,CALL,2026-02-20,NU
NU260220C00016500,16.5,1.94,2.12,2.75,2.0,57.0,0.5996133789062501,True,CALL,2026-02-20,NU
NU260220C00017000,17.0,2.1,1.43,1.96,132.0,20709.0,0.52539537109375,True,CALL,2026-02-20,NU
NU260220C00017500,17.5,1.45,1.17,1.55,41.0,1060.0,0.48633326171875,True,CALL,2026-02-20,NU
NU260220C00018000,18.0,1.21,1.1,1.26,289.0,14739.0,0.500005,True,CALL,2026-02-20,NU
NU260220C00018500,18.5,0.9,0.75,0.8,345.0,6002.0,0.397466962890625,True,CALL,2026-02-20,NU
NU260220C00019000,19.0,0.42,0.4,0.41,295.0,23488.0,0.3086006640625,False,CALL,2026-02-20,NU
NU260220C00019500,19.5,0.25,0.2,0.3,71.0,914.0,0.33887379882812496,False,CALL,2026-02-20,NU
NU260220C00020000,20.0,0.26,0.15,0.31,842.0,5047.0,0.42578699218750005,False,CALL,2026-02-20,NU
NU260220C00020500,20.5,0.09,0.07,0.16,1.0,601.0,0.38672488281249995,False,CALL,2026-02-20,NU
NU260220C00021000,21.0,0.07,0.08,0.12,554.0,1886.0,0.40820904296875,False,CALL,2026-02-20,NU
NU260220C00021500,21.5,0.04,0.0,0.08,,2.0,0.41602146484374997,False,CALL,2026-02-20,NU
NU260220C00022000,22.0,0.05,0.03,0.06,1.0,486.0,0.4335994140625,False,CALL,2026-02-20,NU
NU260220C00023000,23.0,0.02,0.01,0.04,3.0,46.0,0.4804739453125,False,CALL,2026-02-20,NU
NU260220C00024000,24.0,0.01,0.0,0.05,4.0,153.0,0.51562984375,False,CALL,2026-02-20,NU
NU260220P00014000,14.0,0.02,0.01,0.04,4.0,4491.0,0.5937540625000001,False,PUT,2026-02-20,NU
NU260220P00014500,14.5,0.06,0.0,0.05,,1.0,0.5312546875,False,PUT,2026-02-20,NU
NU260220P00015000,15.0,0.03,0.02,0.05,10.0,4566.0,0.5312546875,False,PUT,2026-02-20,NU
NU260220P00015500,15.5,0.1,0.01,0.07,,48.0,0.5039112109375,False,PUT,2026-02-20,NU
NU260220P00016000,16.0,0.07,0.05,0.15,41.0,3304.0,0.5351608984375,False,PUT,2026-02-20,NU
NU260220P00016500,16.5,0.11,0.06,0.11,70.0,393.0,0.414068359375,False,PUT,2026-02-20,NU
NU260220P00017000,17.0,0.11,0.1,0.16,130.0,5324.0,0.38477177734374995,False,PUT,2026-02-20,NU
NU260220P00017500,17.5,0.29,0.21,0.44,48.0,1436.0,0.49219257812500006,False,PUT,2026-02-20,NU
NU260220P00018000,18.0,0.29,0.29,0.34,194.0,1754.0,0.327155166015625,False,PUT,2026-02-20,NU
NU260220P00018500,18.5,0.51,0.46,0.51,233.0,728.0,0.305671005859375,False,PUT,2026-02-20,NU
NU260220P00019000,19.0,0.92,0.69,0.75,2.0,144.0,0.28613995117187496,True,PUT,2026-02-20,NU
NU260220P00020000,20.0,1.43,0.43,2.22,15.0,14.0,0.7382838671874999,True,PUT,2026-02-20,NU
NU260220P00021000,21.0,2.32,1.93,2.36,3.0,2.0,1.0000000000000003e-05,True,PUT,2026-02-20,NU
NU260220P00022000,22.0,5.37,2.9,3.85,2.0,0.0,0.80664255859375,True,PUT,2026-02-20,NU
NU260220P00022500,22.5,4.09,3.65,4.3,1.0,1.0,0.5312546875,True,PUT,2026-02-20,NU
NU260220P00023000,23.0,6.21,3.95,5.25,2.0,1.0,0.71679970703125,True,PUT,2026-02-20,NU
NU260220P00024000,24.0,6.26,5.05,6.25,1.0,0.0,0.86132951171875,True,PUT,2026-02-20,NU
NU260227C00014000,14.0,2.87,4.25,6.8,,2460.0,1.404299853515625,True,CALL,2026-02-27,NU
NU260227C00014500,14.5,2.42,3.8,6.2,,1.0,1.2793004785156248,True,CALL,2026-02-27,NU
NU260227C00015000,15.0,3.4,3.25,5.7,7.0,2.0,1.158207333984375,True,CALL,2026-02-27,NU
NU260227C00015500,15.5,3.15,2.88,4.85,4.0,25.0,0.9863282617187501,True,CALL,2026-02-27,NU
NU260227C00016000,16.0,2.82,2.47,3.15,4.0,90.0,0.50586431640625,True,CALL,2026-02-27,NU
NU260227C00016500,16.5,1.98,1.89,4.2,10.0,31.0,0.8945323046874999,True,CALL,2026-02-27,NU
NU260227C00017000,17.0,1.78,1.88,3.65,4.0,64.0,0.9082040429687499,True,CALL,2026-02-27,NU
NU260227C00017500,17.5,1.48,1.45,3.85,11.0,165.0,0.992187578125,True,CALL,2026-02-27,NU
NU260227C00018000,18.0,1.38,0.26,2.0,15.0,228.0,0.799806689453125,True,CALL,2026-02-27,NU
NU260227C00018500,18.5,1.05,0.1,3.05,144.0,557.0,0.7148466015625,True,CALL,2026-02-27,NU
NU260227C00019000,19.0,0.71,0.46,1.0,18.0,1020.0,0.5488326367187502,False,CALL,2026-02-27,NU
NU260227C00019500,19.5,0.55,0.5,0.75,226.0,6054.0,0.5214891601562499,False,CALL,2026-02-27,NU
NU260227C00020000,20.0,0.35,0.42,0.5,2.0,308.0,0.47559118164062497,False,CALL,2026-02-27,NU
NU260227C00020500,20.5,0.23,0.31,0.39,28.0,208.0,0.48340360351562506,False,CALL,2026-02-27,NU
NU260227C00021000,21.0,0.21,0.02,1.0,1.0,18.0,0.6132851171875001,False,CALL,2026-02-27,NU
NU260227C00021500,21.5,0.12,0.0,1.97,3.0,15.0,0.928711650390625,False,CALL,2026-02-27,NU
NU260227C00022000,22.0,0.13,0.0,1.15,2.0,6.0,0.7675804492187501,False,CALL,2026-02-27,NU
NU260227C00022500,22.5,0.09,0.0,0.5,,1.0,0.6074258007812501,False,CALL,2026-02-27,NU
NU260227P00014000,14.0,0.16,0.0,0.96,,5.0,1.0800827246093752,False,PUT,2026-02-27,NU
NU260227P00014500,14.5,0.18,0.05,1.79,3.0,12.0,1.3066440917968747,False,PUT,2026-02-27,NU
NU260227P00015000,15.0,0.38,0.0,0.75,1.0,43.0,0.8164080859374999,False,PUT,2026-02-27,NU
NU260227P00015500,15.5,0.17,0.1,0.49,44.0,120.0,0.6699251757812501,False,PUT,2026-02-27,NU
NU260227P00016000,16.0,0.18,0.1,0.45,6.0,138.0,0.5751995605468749,False,PUT,2026-02-27,NU
NU260227P00016500,16.5,0.24,0.11,0.4,1.0,242.0,0.5820354296875,False,PUT,2026-02-27,NU
NU260227P00017000,17.0,0.28,0.3,0.45,1.0,262.0,0.526371923828125,False,PUT,2026-02-27,NU
NU260227P00017500,17.5,0.56,0.27,0.56,8.0,22.0,0.49609878906250005,False,PUT,2026-02-27,NU
NU260227P00018000,18.0,0.7,0.0,0.7,4.0,148.0,0.467778759765625,False,PUT,2026-02-27,NU
NU260306C00015000,15.0,3.25,2.6,4.9,1.0,0.0,0.5273484765625001,True,CALL,2026-03-06,NU
NU260306C00017000,17.0,1.92,2.11,2.55,22.0,35.0,0.6074258007812501,True,CALL,2026-03-06,NU
NU260306C00017500,17.5,1.45,1.49,3.0,3.0,24.0,0.709963837890625,True,CALL,2026-03-06,NU
NU260306C00018000,18.0,1.42,1.38,1.57,3.0,16.0,0.532231240234375,True,CALL,2026-03-06,NU
NU260306C00018500,18.5,1.25,0.88,3.2,11.0,24.0,0.84179845703125,True,CALL,2026-03-06,NU
NU260306C00019000,19.0,0.75,0.84,0.97,1.0,21.0,0.481450498046875,False,CALL,2026-03-06,NU
NU260306C00020000,20.0,0.44,0.0,1.0,3.0,40.0,0.6523472265625001,False,CALL,2026-03-06,NU
NU260306P00014000,14.0,0.09,0.0,1.67,,38.0,1.21875390625,False,PUT,2026-03-06,NU
NU260306P00016000,16.0,0.29,0.0,1.84,3.0,3.0,0.8945323046874999,False,PUT,2026-03-06,NU
NU260306P00016500,16.5,0.29,0.03,1.21,5.0,10.0,0.64648791015625,False,PUT,2026-03-06,NU
NU260306P00017500,17.5,0.52,0.1,2.91,1.0,68.0,0.8818371191406249,False,PUT,2026-03-06,NU
NU260306P00018000,18.0,0.91,0.0,1.0,1.0,114.0,0.5537154003906251,False,PUT,2026-03-06,NU
NU260320C00014000,14.0,4.7,4.65,6.0,184.0,682.0,0.9648441015625,True,CALL,2026-03-20,NU
NU260320C00015000,15.0,3.65,3.9,4.3,1.0,2098.0,0.6894562304687502,True,CALL,2026-03-20,NU
NU260320C00016000,16.0,3.2,2.71,4.25,10.0,1696.0,0.735354208984375,True,CALL,2026-03-20,NU
NU260320C00017000,17.0,2.45,2.25,2.56,18.0,10831.0,0.5488326367187502,True,CALL,2026-03-20,NU
NU260320C00018000,18.0,1.69,1.4,1.79,402.0,5506.0,0.5351608984375,True,CALL,2026-03-20,NU
NU260320C00019000,19.0,1.14,0.86,1.34,276.0,13217.0,0.543949873046875,False,CALL,2026-03-20,NU
NU260320C00020000,20.0,0.7,0.65,0.79,251.0,4982.0,0.476567734375,False,CALL,2026-03-20,NU
NU260320C00021000,21.0,0.45,0.39,0.47,68.0,26052.0,0.45313046875,False,CALL,2026-03-20,NU
NU260320C00022000,22.0,0.19,0.22,0.3,21.0,4489.0,0.45703667968750006,False,CALL,2026-03-20,NU
NU260320C00023000,23.0,0.13,0.14,0.22,215.0,271.0,0.481450498046875,False,CALL,2026-03-20,NU
NU260320C00024000,24.0,0.1,0.1,0.6,100.0,22.0,0.6269568554687501,False,CALL,2026-03-20,NU
NU260320P00014000,14.0,0.1,0.05,0.31,30.0,3565.0,0.6054726953125001,False,PUT,2026-03-20,NU
NU260320P00015000,15.0,0.18,0.13,0.17,412.0,3743.0,0.48340360351562506,False,PUT,2026-03-20,NU
NU260320P00016000,16.0,0.29,0.22,0.28,10005.0,3192.0,0.44434149414062496,False,PUT,2026-03-20,NU
NU260320P00017000,17.0,0.44,0.38,0.57,65.0,5817.0,0.45703667968750006,False,PUT,2026-03-20,NU
NU260320P00018000,18.0,0.88,0.66,0.93,28.0,5821.0,0.445318046875,False,PUT,2026-03-20,NU
NU260320P00019000,19.0,1.36,1.07,1.35,43.0,82.0,0.4101621484375,True,PUT,2026-03-20,NU
NU260320P00020000,20.0,2.1,1.62,2.16,14.0,84.0,0.4731497998046875,True,PUT,2026-03-20,NU
NU260320P00021000,21.0,2.9,1.44,2.7,107.0,111.0,0.38477177734374995,True,PUT,2026-03-20,NU
NU260320P00023000,23.0,4.35,4.1,5.05,2.0,1.0,0.7138700488281251,True,PUT,2026-03-20,NU
NU260320P00024000,24.0,5.93,5.05,6.25,2.0,0.0,0.579105771484375,True,PUT,2026-03-20,NU
NU260417C00014000,14.0,4.9,4.75,5.35,28.0,743.0,0.639652041015625,True,CALL,2026-04-17,NU
NU260417C00015000,15.0,3.74,4.0,4.45,1.0,1139.0,0.6093789062500001,True,CALL,2026-04-17,NU
NU260417C00016000,16.0,3.36,3.0,3.5,11.0,18171.0,0.5039112109375,True,CALL,2026-04-17,NU
NU260417C00017000,17.0,2.29,2.42,2.72,27.0,2956.0,0.5449264257812501,True,CALL,2026-04-17,NU
NU260417C00018000,18.0,1.95,1.71,1.99,110.0,5592.0,0.49023947265625006,True,CALL,2026-04-17,NU
NU260417C00019000,19.0,1.4,1.09,1.37,1547.0,66445.0,0.445318046875,False,CALL,2026-04-17,NU
NU260417C00020000,20.0,0.98,0.72,1.0,944.0,28419.0,0.446294599609375,False,CALL,2026-04-17,NU
NU260417P00014000,14.0,0.15,0.1,0.17,1250.0,54650.0,0.47852083984375,False,PUT,2026-04-17,NU
NU260417P00015000,15.0,0.24,0.18,0.74,5.0,16646.0,0.543949873046875,False,PUT,2026-04-17,NU
NU260417P00016000,16.0,0.43,0.31,0.4,1.0,2903.0,0.411138701171875,False,PUT,2026-04-17,NU
NU260417P00017000,17.0,0.61,0.51,0.86,37.0,2300.0,0.46582565429687506,False,PUT,2026-04-17,NU
NU260417P00018000,18.0,0.98,0.82,0.98,4.0,1332.0,0.37305314453125,False,PUT,2026-04-17,NU
NU260417P00019000,19.0,1.57,1.36,1.43,106.0,106.0,0.3530338134765625,True,PUT,2026-04-17,NU
NU260417P00020000,20.0,2.11,1.82,2.13,10.0,39.0,0.3711000390625,True,PUT,2026-04-17,NU
NU260618C00015000,15.0,4.45,4.35,4.7,46.0,3836.0,0.5493209130859377,True,CALL,2026-06-18,NU
NU260618C00017000,17.0,3.1,2.93,3.2,75.0,21436.0,0.523442265625,True,CALL,2026-06-18,NU
NU260618C00020000,20.0,1.46,1.4,1.5,468.0,15044.0,0.4440973559570312,False,CALL,2026-06-18,NU
NU260618C00022000,22.0,0.83,0.62,0.91,107.0,4347.0,0.43897045410156255,False,CALL,2026-06-18,NU
NU260618P00015000,15.0,0.51,0.44,0.49,5.0,13229.0,0.41797457031249996,False,PUT,2026-06-18,NU
NU260618P00017000,17.0,1.03,1.04,1.36,6.0,1580.0,0.47070841796875,False,PUT,2026-06-18,NU
NU260618P00020000,20.0,2.46,2.47,2.76,104.0,624.0,0.41797457031249996,True,PUT,2026-06-18,NU
NU260618P00022000,22.0,4.15,2.37,4.0,5.0,0.0,0.366217275390625,True,PUT,2026-06-18,NU
NU260717C00014000,14.0,3.55,4.8,5.6,1.0,8.0,0.6118202880859377,True,CALL,2026-07-17,NU
NU260717C00015000,15.0,4.4,4.1,4.9,1.0,18.0,0.5996133789062501,True,CALL,2026-07-17,NU
NU260717C00016000,16.0,3.7,3.45,4.15,16.0,77.0,0.5634809277343751,True,CALL,2026-07-17,NU
NU260717C00017000,17.0,3.05,3.05,3.4,12.0,387.0,0.5200243310546875,True,CALL,2026-07-17,NU
NU260717C00018000,18.0,2.25,2.34,2.79,9.0,1404.0,0.4973194799804688,True,CALL,2026-07-17,NU
NU260717C00019000,19.0,1.93,1.99,3.7,17.0,451.0,0.5959513061523438,False,CALL,2026-07-17,NU
NU260717C00020000,20.0,1.37,1.4,2.5,1.0,458.0,0.6020547607421877,False,CALL,2026-07-17,NU
NU260717C00021000,21.0,1.15,1.17,1.47,10.0,631.0,0.4624077197265626,False,CALL,2026-07-17,NU
NU260717P00014000,14.0,0.4,0.29,0.45,5.0,41.0,0.44336494140625,False,PUT,2026-07-17,NU
NU260717P00015000,15.0,0.58,0.48,0.71,505.0,353.0,0.446294599609375,False,PUT,2026-07-17,NU
NU260717P00016000,16.0,0.79,0.79,1.22,10.0,68.0,0.4904836108398438,False,PUT,2026-07-17,NU
NU260717P00017000,17.0,1.1,1.11,1.47,11.0,164.0,0.45264219238281256,False,PUT,2026-07-17,NU
NU260717P00018000,18.0,1.51,1.51,1.91,3.0,15.0,0.44434149414062496,False,PUT,2026-07-17,NU
NU260717P00019000,19.0,3.45,1.86,2.39,9.0,159.0,0.43018147949218755,True,PUT,2026-07-17,NU
NU260918C00015000,15.0,4.45,4.8,5.2,4.0,1739.0,0.534184345703125,True,CALL,2026-09-18,NU
NU260918C00017000,17.0,3.31,3.45,3.75,14.0,1812.0,0.508793974609375,True,CALL,2026-09-18,NU
NU260918C00020000,20.0,1.9,1.62,2.24,24.0,2744.0,0.47022014160156256,False,CALL,2026-09-18,NU
NU260918C00022000,22.0,1.19,1.15,1.41,24.0,1383.0,0.43237872314453124,False,CALL,2026-09-18,NU
NU260918P00015000,15.0,0.78,0.68,0.82,56.0,4658.0,0.40772076660156253,False,PUT,2026-09-18,NU
NU260918P00017000,17.0,1.46,1.28,1.68,12.0,2086.0,0.42578699218750005,False,PUT,2026-09-18,NU
NU260918P00020000,20.0,2.95,2.68,3.05,1.0,243.0,0.3745179736328125,True,PUT,2026-09-18,NU
NU260918P00022000,22.0,5.9,3.95,4.25,1.0,2.0,0.33399103515625,True,PUT,2026-09-18,NU
NU261218C00015000,15.0,5.35,5.25,5.55,20.0,41.0,0.5258836474609375,True,CALL,2026-12-18,NU
NU261218C00017000,17.0,4.05,3.05,4.3,3.0,840.0,0.51758294921875,True,CALL,2026-12-18,NU
NU261218C00020000,20.0,2.5,2.42,2.93,27.0,429.0,0.4975636181640626,False,CALL,2026-12-18,NU
NU261218C00022000,22.0,1.97,1.69,2.1,1.0,260.0,0.46802289794921875,False,CALL,2026-12-18,NU
NU261218P00015000,15.0,1.28,1.06,1.4,10.0,2751.0,0.45654840332031255,False,PUT,2026-12-18,NU
NU261218P00017000,17.0,1.9,1.8,2.07,1.0,505.0,0.42236905761718746,False,PUT,2026-12-18,NU
NU261218P00020000,20.0,3.46,3.1,3.65,1.0,1651.0,0.40332627929687503,True,PUT,2026-12-18,NU
NU261218P00022000,22.0,5.36,4.5,5.05,,2.0,0.40552352294921873,True,PUT,2026-12-18,NU
NU270115C00015000,15.0,5.65,5.4,5.55,68.0,18184.0,0.51758294921875,True,CALL,2027-01-15,NU
NU270115C00017000,17.0,4.4,4.05,4.45,33.0,64142.0,0.5190477783203125,True,CALL,2027-01-15,NU
NU270115C00020000,20.0,2.94,2.78,2.99,189.0,34705.0,0.48560084716796875,False,CALL,2027-01-15,NU
NU270115C00022000,22.0,2.2,2.09,2.25,330.0,24806.0,0.46973186523437505,False,CALL,2027-01-15,NU
NU270115P00015000,15.0,1.3,0.84,1.31,202.0,52615.0,0.42212491943359376,False,PUT,2027-01-15,NU
NU270115P00017000,17.0,1.95,1.85,2.59,370.0,9972.0,0.48340360351562506,False,PUT,2027-01-15,NU
NU270115P00020000,20.0,4.14,3.25,3.75,11.0,3969.0,0.4008848974609375,True,PUT,2027-01-15,NU
NU270115P00022000,22.0,5.8,0.0,0.0,1.0,6.0,1.0000000000000003e-05,True,PUT,2027-01-15,NU
NU271217C00015000,15.0,6.25,6.3,7.0,8.0,4131.0,0.5136767382812499,True,CALL,2027-12-17,NU
NU271217C00017000,17.0,5.52,5.25,5.95,14.0,1155.0,0.5346726220703125,True,CALL,2027-12-17,NU
NU271217C00020000,20.0,4.5,4.0,6.65,16.0,1262.0,0.5815471533203125,False,CALL,2027-12-17,NU
NU271217P00015000,15.0,2.18,1.92,2.44,4.0,1289.0,0.44214425048828127,False,PUT,2027-12-17,NU
NU271217P00017000,17.0,3.1,2.78,3.35,1.0,659.0,0.42774009765625004,False,PUT,2027-12-17,NU
NU271217P00020000,20.0,4.85,3.4,5.7,5.0,111.0,0.4797415307617187,True,PUT,2027-12-17,NU
NU280121C00015000,15.0,6.6,6.4,7.2,22.0,1476.0,0.5188036401367188,True,CALL,2028-01-21,NU
NU280121C00017000,17.0,5.6,5.7,6.0,33.0,1447.0,0.5107470800781251,True,CALL,2028-01-21,NU
NU280121C00020000,20.0,4.37,4.1,5.2,6.0,2633.0,0.5001270690917969,False,CALL,2028-01-21,NU
NU280121C00022000,22.0,3.6,3.35,4.65,63.0,910.0,0.5583540258789064,False,CALL,2028-01-21,NU
NU280121P00015000,15.0,2.1,1.71,2.9,20.0,692.0,0.4858449853515625,False,PUT,2028-01-21,NU
NU280121P00017000,17.0,3.15,2.77,3.45,9.0,355.0,0.4279842358398438,False,PUT,2028-01-21,NU
NU280121P00020000,20.0,4.76,4.4,5.45,1.0,181.0,0.44360907958984375,True,PUT,2028-01-21,NU
NU280121P00022000,22.0,6.87,5.15,6.5,1.0,25.0,0.4116269775390625,True,PUT,2028-01-21,NU
NVDA260130C00135000,135.0,55.06,54.2,57.25,77.0,123.0,2.328129179687499,True,CALL,2026-01-30,NVDA
NVDA260130C00140000,140.0,49.59,50.0,52.25,8.0,81.0,2.5273474316406244,True,CALL,2026-01-30,NVDA
NVDA260130C00145000,145.0,44.99,45.15,45.85,38.0,104.0,1.2812535937499998,True,CALL,2026-01-30,NVDA
NVDA260130C00150000,150.0,40.31,40.45,40.55,149.0,645.0,1.140629296875,True,CALL,2026-01-30,NVDA
NVDA260130C00155000,155.0,35.38,35.5,35.8,34.0,330.0,1.40625296875,True,CALL,2026-01-30,NVDA
NVDA260130C00157500,157.5,32.25,32.0,33.7,36.0,185.0,1.751954365234375,True,CALL,2026-01-30,NVDA
NVDA260130C00160000,160.0,30.48,30.45,30.55,112.0,1953.0,0.85937640625,True,CALL,2026-01-30,NVDA
NVDA260130C00162500,162.5,27.85,27.95,28.05,18.0,144.0,0.7812521875,True,CALL,2026-01-30,NVDA
NVDA260130C00165000,165.0,25.35,25.5,25.55,141.0,616.0,0.8281267187499999,True,CALL,2026-01-30,NVDA
NVDA260130C00167500,167.5,22.5,22.95,23.05,71.0,270.0,0.6562534375000001,True,CALL,2026-01-30,NVDA
NVDA260130C00170000,170.0,20.8,20.5,20.65,326.0,3042.0,0.7656273437500001,True,CALL,2026-01-30,NVDA
NVDA260130C00172500,172.5,16.95,18.15,18.25,146.0,843.0,0.8007832421875,True,CALL,2026-01-30,NVDA
NVDA260130C00175000,175.0,15.9,15.55,15.65,650.0,3884.0,0.6250037500000001,True,CALL,2026-01-30,NVDA
NVDA260130C00177500,177.5,13.04,13.0,13.15,810.0,2904.0,0.5117236328125,True,CALL,2026-01-30,NVDA
NVDA260130C00180000,180.0,10.75,10.55,10.65,3867.0,8148.0,0.48340360351562506,True,CALL,2026-01-30,NVDA
NVDA260130C00182500,182.5,8.35,8.15,8.25,2630.0,7210.0,0.436529072265625,True,CALL,2026-01-30,NVDA
NVDA260130C00185000,185.0,5.7,5.7,5.85,17184.0,23071.0,0.36475244628906256,True,CALL,2026-01-30,NVDA
NVDA260130C00187500,187.5,3.6,3.55,3.6,48023.0,73445.0,0.3051827294921875,True,CALL,2026-01-30,NVDA
NVDA260130C00190000,190.0,1.83,1.81,1.84,133725.0,98586.0,0.28174546386718746,True,CALL,2026-01-30,NVDA
NVDA260130C00192500,192.5,0.69,0.7,0.71,147506.0,94775.0,0.26636475830078127,False,CALL,2026-01-30,NVDA
NVDA260130C00195000,195.0,0.21,0.21,0.22,113535.0,86601.0,0.266608896484375,False,CALL,2026-01-30,NVDA
NVDA260130C00197500,197.5,0.07,0.06,0.07,44265.0,40211.0,0.28321029296874994,False,CALL,2026-01-30,NVDA
NVDA260130C00200000,200.0,0.03,0.02,0.03,34614.0,65907.0,0.31445998046874996,False,CALL,2026-01-30,NVDA
NVDA260130C00202500,202.5,0.02,0.01,0.02,8953.0,34921.0,0.35938140625,False,CALL,2026-01-30,NVDA
NVDA260130C00205000,205.0,0.01,0.01,0.02,5452.0,27840.0,0.42188078125,False,CALL,2026-01-30,NVDA
NVDA260130C00207500,207.5,0.01,0.01,0.02,2384.0,9392.0,0.48438015625,False,CALL,2026-01-30,NVDA
NVDA260130C00210000,210.0,0.01,0.01,0.02,12041.0,38849.0,0.523442265625,False,CALL,2026-01-30,NVDA
NVDA260130C00212500,212.5,0.01,0.0,0.01,6.0,2231.0,0.51562984375,False,CALL,2026-01-30,NVDA
NVDA260130C00215000,215.0,0.01,0.0,0.01,233.0,10569.0,0.5625043750000001,False,CALL,2026-01-30,NVDA
NVDA260130C00217500,217.5,0.01,0.0,0.01,1.0,2038.0,0.6250037500000001,False,CALL,2026-01-30,NVDA
NVDA260130C00220000,220.0,0.01,0.0,0.01,1370.0,7553.0,0.6562534375000001,False,CALL,2026-01-30,NVDA
NVDA260130C00225000,225.0,0.01,0.0,0.01,1.0,2273.0,0.7500025,False,CALL,2026-01-30,NVDA
NVDA260130C00230000,230.0,0.01,0.0,0.01,1.0,6478.0,0.8437515624999999,False,CALL,2026-01-30,NVDA
NVDA260130C00235000,235.0,0.01,0.0,0.01,33.0,2643.0,0.937500625,False,CALL,2026-01-30,NVDA
NVDA260130C00240000,240.0,0.01,0.0,0.01,6.0,2852.0,1.0312548437500002,False,CALL,2026-01-30,NVDA
NVDA260130C00245000,245.0,0.01,0.0,0.01,1.0,3279.0,1.09375453125,False,CALL,2026-01-30,NVDA
NVDA260130P00135000,135.0,0.01,0.0,0.01,6.0,6713.0,1.5000025,False,PUT,2026-01-30,NVDA
NVDA260130P00140000,140.0,0.01,0.0,0.01,428.0,6085.0,1.3750031249999999,False,PUT,2026-01-30,NVDA
NVDA260130P00145000,145.0,0.01,0.01,0.02,1106.0,5498.0,1.3437532812499997,False,PUT,2026-01-30,NVDA
NVDA260130P00150000,150.0,0.01,0.01,0.02,2197.0,27041.0,1.1875040625,False,PUT,2026-01-30,NVDA
NVDA260130P00155000,155.0,0.02,0.01,0.02,1343.0,11833.0,1.0390673046875003,False,PUT,2026-01-30,NVDA
NVDA260130P00157500,157.5,0.01,0.01,0.02,472.0,9775.0,0.9687503125,False,PUT,2026-01-30,NVDA
NVDA260130P00160000,160.0,0.02,0.01,0.02,3621.0,27147.0,0.8906260937499999,False,PUT,2026-01-30,NVDA
NVDA260130P00162500,162.5,0.02,0.02,0.03,1581.0,12147.0,0.867188828125,False,PUT,2026-01-30,NVDA
NVDA260130P00165000,165.0,0.03,0.02,0.03,7031.0,155210.0,0.79687703125,False,PUT,2026-01-30,NVDA
NVDA260130P00167500,167.5,0.03,0.03,0.04,1365.0,18594.0,0.7500025,False,PUT,2026-01-30,NVDA
NVDA260130P00170000,170.0,0.04,0.04,0.05,15632.0,29499.0,0.6992217578125001,False,PUT,2026-01-30,NVDA
NVDA260130P00172500,172.5,0.05,0.05,0.06,12392.0,87263.0,0.6367223828125,False,PUT,2026-01-30,NVDA
NVDA260130P00175000,175.0,0.07,0.07,0.08,8702.0,30749.0,0.585941640625,False,PUT,2026-01-30,NVDA
NVDA260130P00177500,177.5,0.1,0.09,0.1,15678.0,34932.0,0.523442265625,False,PUT,2026-01-30,NVDA
NVDA260130P00180000,180.0,0.12,0.12,0.13,18137.0,42984.0,0.46289599609375004,False,PUT,2026-01-30,NVDA
NVDA260130P00182500,182.5,0.17,0.16,0.17,23415.0,23629.0,0.393560751953125,False,PUT,2026-01-30,NVDA
NVDA260130P00185000,185.0,0.27,0.26,0.27,60950.0,38683.0,0.33399103515625,False,PUT,2026-01-30,NVDA
NVDA260130P00187500,187.5,0.57,0.57,0.59,65081.0,25530.0,0.3007882421875,False,PUT,2026-01-30,NVDA
NVDA260130P00190000,190.0,1.33,1.31,1.33,64254.0,22529.0,0.278327529296875,False,PUT,2026-01-30,NVDA
NVDA260130P00192500,192.5,2.61,2.67,2.7,20580.0,5115.0,0.2622144091796875,True,PUT,2026-01-30,NVDA
NVDA260130P00195000,195.0,4.75,4.65,4.75,7853.0,3196.0,0.273444765625,True,PUT,2026-01-30,NVDA
NVDA260130P00197500,197.5,7.1,7.0,7.1,1040.0,574.0,0.29688203124999996,True,PUT,2026-01-30,NVDA
NVDA260130P00200000,200.0,9.45,9.45,9.55,1042.0,2673.0,0.32813171874999997,True,PUT,2026-01-30,NVDA
NVDA260130P00202500,202.5,12.25,12.0,12.1,146.0,217.0,0.45508357421875,True,PUT,2026-01-30,NVDA
NVDA260130P00205000,205.0,15.05,14.45,14.55,131.0,239.0,0.46484910156250003,True,PUT,2026-01-30,NVDA
NVDA260130P00207500,207.5,18.3,16.95,17.0,8.0,0.0,1.0000000000000003e-05,True,PUT,2026-01-30,NVDA
NVDA260130P00210000,210.0,19.5,19.3,19.85,42.0,1.0,0.6347692773437501,True,PUT,2026-01-30,NVDA
NVDA260130P00212500,212.5,20.95,21.2,22.85,50.0,2.0,0.57812921875,True,PUT,2026-01-30,NVDA
NVDA260130P00215000,215.0,24.45,24.3,25.0,3.0,0.0,0.85742330078125,True,PUT,2026-01-30,NVDA
NVDA260130P00220000,220.0,31.15,28.75,30.3,1.0,0.0,0.7421900781249999,True,PUT,2026-01-30,NVDA
NVDA260130P00225000,225.0,35.27,33.6,35.3,50.0,0.0,1.5566428417968747,True,PUT,2026-01-30,NVDA
NVDA260130P00230000,230.0,41.77,38.75,40.3,15.0,0.0,0.937500625,True,PUT,2026-01-30,NVDA
NVDA260130P00235000,235.0,54.88,43.6,45.3,1.0,0.0,1.8525397998046875,True,PUT,2026-01-30,NVDA
NVDA260130P00240000,240.0,53.8,48.6,50.3,,0.0,1.9921875390625,True,PUT,2026-01-30,NVDA
NVDA260206C00135000,135.0,56.09,53.35,56.55,1.0,323.0,1.4575222436523436,True,CALL,2026-02-06,NVDA
NVDA260206C00140000,140.0,48.78,50.3,51.05,4.0,150.0,0.9589847851562499,True,CALL,2026-02-06,NVDA
NVDA260206C00145000,145.0,45.42,45.55,46.35,4.0,1235.0,1.0107471337890623,True,CALL,2026-02-06,NVDA
NVDA260206C00148000,148.0,41.0,42.55,43.3,2.0,1.0,0.937500625,True,CALL,2026-02-06,NVDA
NVDA260206C00150000,150.0,39.2,40.65,40.75,159.0,1924.0,0.7861349511718749,True,CALL,2026-02-06,NVDA
NVDA260206C00155000,155.0,35.45,35.75,35.85,60.0,190.0,0.7426783544921874,True,CALL,2026-02-06,NVDA
NVDA260206C00160000,160.0,30.8,30.75,30.9,64.0,557.0,0.6562534375000001,True,CALL,2026-02-06,NVDA
NVDA260206C00162500,162.5,25.91,27.85,28.95,15.0,54.0,0.6337927246093751,True,CALL,2026-02-06,NVDA
NVDA260206C00165000,165.0,26.1,25.85,26.0,207.0,631.0,0.5918009570312501,True,CALL,2026-02-06,NVDA
NVDA260206C00167500,167.5,22.85,23.45,23.55,19.0,164.0,0.5625043750000001,True,CALL,2026-02-06,NVDA
NVDA260206C00170000,170.0,21.29,21.15,21.3,236.0,1686.0,0.5610395458984375,True,CALL,2026-02-06,NVDA
NVDA260206C00172500,172.5,18.71,18.7,18.8,109.0,401.0,0.5117236328125,True,CALL,2026-02-06,NVDA
NVDA260206C00175000,175.0,16.49,16.4,16.5,596.0,1173.0,0.49805189453125004,True,CALL,2026-02-06,NVDA
NVDA260206C00177500,177.5,14.05,14.15,14.25,280.0,963.0,0.47461462890625,True,CALL,2026-02-06,NVDA
NVDA260206C00180000,180.0,12.1,12.1,12.15,1217.0,4203.0,0.46094289062500005,True,CALL,2026-02-06,NVDA
NVDA260206C00182500,182.5,10.0,9.9,10.0,824.0,2662.0,0.4304256176757813,True,CALL,2026-02-06,NVDA
NVDA260206C00185000,185.0,8.05,8.0,8.1,3596.0,16396.0,0.4141904284667969,True,CALL,2026-02-06,NVDA
NVDA260206C00187500,187.5,6.37,6.25,6.35,4482.0,5260.0,0.397466962890625,True,CALL,2026-02-06,NVDA
NVDA260206C00190000,190.0,4.84,4.75,4.8,11055.0,70001.0,0.38184211914062494,True,CALL,2026-02-06,NVDA
NVDA260206C00192500,192.5,3.5,3.4,3.45,10804.0,7139.0,0.36524072265625,False,CALL,2026-02-06,NVDA
NVDA260206C00195000,195.0,2.37,2.37,2.39,12852.0,39865.0,0.3537662280273437,False,CALL,2026-02-06,NVDA
NVDA260206C00197500,197.5,1.6,1.56,1.58,6504.0,8054.0,0.3442448388671875,False,CALL,2026-02-06,NVDA
NVDA260206C00200000,200.0,1.0,0.99,1.0,14225.0,43173.0,0.3371648315429688,False,CALL,2026-02-06,NVDA
NVDA260206C00202500,202.5,0.62,0.6,0.62,3200.0,3968.0,0.33399103515625,False,CALL,2026-02-06,NVDA
NVDA260206C00205000,205.0,0.35,0.36,0.38,2788.0,14263.0,0.33399103515625,False,CALL,2026-02-06,NVDA
NVDA260206C00207500,207.5,0.23,0.22,0.23,467.0,1551.0,0.3354558642578125,False,CALL,2026-02-06,NVDA
NVDA260206C00210000,210.0,0.13,0.14,0.15,3715.0,13194.0,0.34278000976562495,False,CALL,2026-02-06,NVDA
NVDA260206C00212500,212.5,0.1,0.09,0.1,234.0,1375.0,0.35156898437499995,False,CALL,2026-02-06,NVDA
NVDA260206C00215000,215.0,0.07,0.06,0.07,248.0,5611.0,0.3632876171875,False,CALL,2026-02-06,NVDA
NVDA260206C00220000,220.0,0.03,0.03,0.04,278.0,7375.0,0.39063109375,False,CALL,2026-02-06,NVDA
NVDA260206C00225000,225.0,0.02,0.02,0.03,146.0,2406.0,0.42969320312500003,False,CALL,2026-02-06,NVDA
NVDA260206C00230000,230.0,0.02,0.02,0.03,376.0,1939.0,0.476567734375,False,CALL,2026-02-06,NVDA
NVDA260206C00235000,235.0,0.02,0.01,0.02,1.0,678.0,0.500005,False,CALL,2026-02-06,NVDA
NVDA260206C00240000,240.0,0.01,0.0,0.01,305.0,726.0,0.51562984375,False,CALL,2026-02-06,NVDA
NVDA260206C00245000,245.0,0.01,0.0,0.02,2.0,440.0,0.5468795312500001,False,CALL,2026-02-06,NVDA
NVDA260206P00135000,135.0,0.05,0.03,0.04,470.0,5342.0,0.8554701953125,False,PUT,2026-02-06,NVDA
NVDA260206P00140000,140.0,0.05,0.04,0.05,82.0,3279.0,0.7929708203125,False,PUT,2026-02-06,NVDA
NVDA260206P00145000,145.0,0.06,0.06,0.07,66.0,1990.0,0.7460962890625,False,PUT,2026-02-06,NVDA
NVDA260206P00148000,148.0,0.09,0.08,0.09,35.0,768.0,0.72070591796875,False,PUT,2026-02-06,NVDA
NVDA260206P00149000,149.0,0.11,0.08,0.09,146.0,410.0,0.70312796875,False,PUT,2026-02-06,NVDA
NVDA260206P00150000,150.0,0.1,0.09,0.1,572.0,11819.0,0.6972686523437501,False,PUT,2026-02-06,NVDA
NVDA260206P00152500,152.5,0.11,0.11,0.12,31.0,754.0,0.6738313867187502,False,PUT,2026-02-06,NVDA
NVDA260206P00155000,155.0,0.14,0.13,0.14,434.0,4674.0,0.6455113574218749,False,PUT,2026-02-06,NVDA
NVDA260206P00157500,157.5,0.18,0.16,0.17,303.0,333.0,0.622074091796875,False,PUT,2026-02-06,NVDA
NVDA260206P00160000,160.0,0.2,0.2,0.21,805.0,9015.0,0.5996133789062501,False,PUT,2026-02-06,NVDA
NVDA260206P00162500,162.5,0.27,0.24,0.25,795.0,1133.0,0.5722699023437501,False,PUT,2026-02-06,NVDA
NVDA260206P00165000,165.0,0.3,0.3,0.31,3590.0,36658.0,0.5498091894531252,False,PUT,2026-02-06,NVDA
NVDA260206P00167500,167.5,0.38,0.36,0.38,1253.0,10358.0,0.523442265625,False,PUT,2026-02-06,NVDA
NVDA260206P00170000,170.0,0.46,0.46,0.47,7016.0,64843.0,0.5004932763671875,False,PUT,2026-02-06,NVDA
NVDA260206P00172500,172.5,0.62,0.59,0.6,8465.0,3919.0,0.47998566894531247,False,PUT,2026-02-06,NVDA
NVDA260206P00175000,175.0,0.79,0.77,0.79,5525.0,9909.0,0.46191944335937507,False,PUT,2026-02-06,NVDA
NVDA260206P00177500,177.5,1.01,1.01,1.02,3464.0,4023.0,0.4409235595703125,False,PUT,2026-02-06,NVDA
NVDA260206P00180000,180.0,1.36,1.36,1.38,4143.0,21297.0,0.4272518212890626,False,PUT,2026-02-06,NVDA
NVDA260206P00182500,182.5,1.79,1.8,1.82,1908.0,2818.0,0.41040628662109374,False,PUT,2026-02-06,NVDA
NVDA260206P00185000,185.0,2.4,2.38,2.4,9060.0,14244.0,0.3942931665039063,False,PUT,2026-02-06,NVDA
NVDA260206P00187500,187.5,3.05,3.1,3.2,3326.0,4758.0,0.38355108642578123,False,PUT,2026-02-06,NVDA
NVDA260206P00190000,190.0,4.08,4.1,4.15,6393.0,4722.0,0.3684145190429688,False,PUT,2026-02-06,NVDA
NVDA260206P00192500,192.5,5.29,5.25,5.3,1103.0,1117.0,0.3518131225585937,True,PUT,2026-02-06,NVDA
NVDA260206P00195000,195.0,6.6,6.7,6.8,769.0,1481.0,0.344733115234375,True,PUT,2026-02-06,NVDA
NVDA260206P00197500,197.5,8.37,8.35,8.45,200.0,732.0,0.3298406860351562,True,PUT,2026-02-06,NVDA
NVDA260206P00200000,200.0,10.95,10.3,10.4,196.0,1097.0,0.3232489550781249,True,PUT,2026-02-06,NVDA
NVDA260206P00202500,202.5,12.65,12.4,12.45,291.0,6691.0,0.30322962402343745,True,PUT,2026-02-06,NVDA
NVDA260206P00205000,205.0,14.9,14.7,14.8,230.0,358.0,0.313483427734375,True,PUT,2026-02-06,NVDA
NVDA260206P00207500,207.5,17.35,16.95,17.05,31.0,43.0,0.2500075,True,PUT,2026-02-06,NVDA
NVDA260206P00210000,210.0,19.55,19.55,19.65,12.0,288.0,0.33887379882812496,True,PUT,2026-02-06,NVDA
NVDA260206P00212500,212.5,24.55,21.95,22.35,57.0,12.0,0.4409235595703125,True,PUT,2026-02-06,NVDA
NVDA260206P00215000,215.0,26.3,24.35,25.05,1.0,21.0,0.5283250292968751,True,PUT,2026-02-06,NVDA
NVDA260206P00220000,220.0,27.3,28.75,30.15,1.0,0.0,0.6264685791015626,True,PUT,2026-02-06,NVDA
NVDA260206P00230000,230.0,38.5,38.75,40.15,7.0,52.0,0.7685570019531252,True,PUT,2026-02-06,NVDA
NVDA260206P00235000,235.0,46.25,43.75,45.15,4.0,0.0,0.8349625878906248,True,PUT,2026-02-06,NVDA
NVDA260206P00245000,245.0,57.8,53.75,55.15,1.0,0.0,0.9599613378906249,True,PUT,2026-02-06,NVDA
NVDA260213C00135000,135.0,56.96,55.25,56.5,1.0,63.0,0.901368173828125,True,CALL,2026-02-13,NVDA
NVDA260213C00140000,140.0,50.6,50.75,51.55,3.0,1929.0,0.9062509375,True,CALL,2026-02-13,NVDA
NVDA260213C00145000,145.0,43.18,45.8,46.55,11.0,46.0,0.8266618896484373,True,CALL,2026-02-13,NVDA
NVDA260213C00150000,150.0,38.4,40.5,41.65,14.0,2197.0,0.717776259765625,True,CALL,2026-02-13,NVDA
NVDA260213C00155000,155.0,36.1,36.0,36.35,115.0,211.0,0.659183095703125,True,CALL,2026-02-13,NVDA
NVDA260213C00160000,160.0,31.31,31.15,31.65,131.0,565.0,0.6181678808593751,True,CALL,2026-02-13,NVDA
NVDA260213C00165000,165.0,25.43,26.25,26.65,4.0,473.0,0.541264353027344,True,CALL,2026-02-13,NVDA
NVDA260213C00170000,170.0,21.62,21.8,21.95,114.0,2176.0,0.5092822509765625,True,CALL,2026-02-13,NVDA
NVDA260213C00175000,175.0,16.42,17.3,17.45,98.0,1659.0,0.47412635253906255,True,CALL,2026-02-13,NVDA
NVDA260213C00180000,180.0,13.3,13.3,13.35,400.0,2972.0,0.445318046875,True,CALL,2026-02-13,NVDA
NVDA260213C00185000,185.0,9.72,9.6,9.65,384.0,8186.0,0.4182187084960937,True,CALL,2026-02-13,NVDA
NVDA260213C00190000,190.0,6.5,6.45,6.5,4429.0,47954.0,0.39417109741210943,True,CALL,2026-02-13,NVDA
NVDA260213C00195000,195.0,4.03,4.0,4.05,6366.0,16235.0,0.37573866455078125,False,CALL,2026-02-13,NVDA
NVDA260213C00200000,200.0,2.26,2.21,2.24,6473.0,16658.0,0.35596347167968745,False,CALL,2026-02-13,NVDA
NVDA260213C00205000,205.0,1.15,1.14,1.16,1291.0,16683.0,0.3461979443359374,False,CALL,2026-02-13,NVDA
NVDA260213C00210000,210.0,0.54,0.55,0.56,1599.0,9584.0,0.34058276611328125,False,CALL,2026-02-13,NVDA
NVDA260213C00215000,215.0,0.27,0.27,0.28,443.0,5920.0,0.3442448388671875,False,CALL,2026-02-13,NVDA
NVDA260213C00220000,220.0,0.14,0.14,0.15,283.0,6957.0,0.3544986425781249,False,CALL,2026-02-13,NVDA
NVDA260213C00225000,225.0,0.09,0.08,0.09,70.0,1189.0,0.370123486328125,False,CALL,2026-02-13,NVDA
NVDA260213C00230000,230.0,0.06,0.05,0.06,32.0,879.0,0.38867798828125,False,CALL,2026-02-13,NVDA
NVDA260213C00235000,235.0,0.03,0.04,0.05,3.0,840.0,0.41797457031249996,False,CALL,2026-02-13,NVDA
NVDA260213C00240000,240.0,0.03,0.03,0.04,55.0,1855.0,0.4414118359375,False,CALL,2026-02-13,NVDA
NVDA260213C00245000,245.0,0.03,0.02,0.03,4.0,255.0,0.46094289062500005,False,CALL,2026-02-13,NVDA
NVDA260213P00135000,135.0,0.13,0.1,0.11,5.0,2367.0,0.7324245507812499,False,PUT,2026-02-13,NVDA
NVDA260213P00140000,140.0,0.14,0.13,0.14,630.0,2387.0,0.6865265722656251,False,PUT,2026-02-13,NVDA
NVDA260213P00145000,145.0,0.19,0.17,0.19,242.0,847.0,0.6445348046875,False,PUT,2026-02-13,NVDA
NVDA260213P00150000,150.0,0.25,0.24,0.25,1205.0,1271.0,0.6044961425781252,False,PUT,2026-02-13,NVDA
NVDA260213P00155000,155.0,0.34,0.32,0.34,216.0,3867.0,0.5634809277343751,False,PUT,2026-02-13,NVDA
NVDA260213P00160000,160.0,0.48,0.46,0.47,666.0,18287.0,0.5258836474609375,False,PUT,2026-02-13,NVDA
NVDA260213P00165000,165.0,0.71,0.68,0.7,855.0,3808.0,0.4958546508789063,False,PUT,2026-02-13,NVDA
NVDA260213P00170000,170.0,1.07,1.04,1.05,1013.0,5098.0,0.4650932397460938,False,PUT,2026-02-13,NVDA
NVDA260213P00175000,175.0,1.61,1.6,1.61,728.0,4403.0,0.4382380395507813,False,PUT,2026-02-13,NVDA
NVDA260213P00180000,180.0,2.48,2.49,2.51,2658.0,18077.0,0.4161435339355468,False,PUT,2026-02-13,NVDA
NVDA260213P00185000,185.0,3.74,3.8,3.85,1500.0,10706.0,0.39588006469726567,False,PUT,2026-02-13,NVDA
NVDA260213P00190000,190.0,5.52,5.6,5.7,2292.0,2611.0,0.3734193518066406,False,PUT,2026-02-13,NVDA
NVDA260213P00195000,195.0,8.05,8.15,8.2,332.0,1370.0,0.35095863891601553,True,PUT,2026-02-13,NVDA
NVDA260213P00200000,200.0,13.5,11.35,11.45,38.0,538.0,0.33130551513671874,True,PUT,2026-02-13,NVDA
NVDA260213P00205000,205.0,14.25,15.35,15.5,1.0,184.0,0.32617861328125,True,PUT,2026-02-13,NVDA
NVDA260213P00210000,210.0,21.35,19.6,20.1,5.0,979.0,0.34229173339843744,True,PUT,2026-02-13,NVDA
NVDA260213P00215000,215.0,25.62,23.95,24.7,4.0,10.0,0.3139717041015625,True,PUT,2026-02-13,NVDA
NVDA260213P00220000,220.0,31.4,28.75,30.2,1.0,2.0,0.4753470434570312,True,PUT,2026-02-13,NVDA
NVDA260213P00225000,225.0,40.2,33.65,35.25,2.0,0.0,0.5388229711914063,True,PUT,2026-02-13,NVDA
NVDA260213P00230000,230.0,41.2,38.65,40.25,,0.0,0.5915568188476563,True,PUT,2026-02-13,NVDA
NVDA260213P00235000,235.0,44.52,43.7,45.35,,0.0,0.6606479248046876,True,PUT,2026-02-13,NVDA
NVDA260213P00240000,240.0,51.45,48.65,50.25,,0.0,0.6909210595703126,True,PUT,2026-02-13,NVDA
NVDA260220C00135000,135.0,56.23,55.65,56.4,78.0,3005.0,0.79687703125,True,CALL,2026-02-20,NVDA
NVDA260220C00140000,140.0,51.0,51.0,51.6,16.0,2184.0,0.788088056640625,True,CALL,2026-02-20,NVDA
NVDA260220C00145000,145.0,45.86,46.05,46.55,15.0,940.0,0.7143583251953125,True,CALL,2026-02-20,NVDA
NVDA260220C00150000,150.0,38.7,41.15,41.75,27.0,5199.0,0.6674837939453127,True,CALL,2026-02-20,NVDA
NVDA260220C00155000,155.0,34.41,36.3,36.85,10.0,1896.0,0.6130409790039064,True,CALL,2026-02-20,NVDA
NVDA260220C00160000,160.0,31.1,31.55,31.85,234.0,6231.0,0.5556685058593751,True,CALL,2026-02-20,NVDA
NVDA260220C00165000,165.0,27.05,26.9,27.0,326.0,4277.0,0.508793974609375,True,CALL,2026-02-20,NVDA
NVDA260220C00167500,167.5,24.63,24.6,24.75,43.0,199.0,0.4997608618164063,True,CALL,2026-02-20,NVDA
NVDA260220C00170000,170.0,22.53,22.35,22.5,749.0,10247.0,0.4819387744140625,True,CALL,2026-02-20,NVDA
NVDA260220C00172500,172.5,20.47,20.3,20.45,39.0,360.0,0.47681187255859375,True,CALL,2026-02-20,NVDA
NVDA260220C00175000,175.0,18.2,18.2,18.3,778.0,14216.0,0.4591118542480469,True,CALL,2026-02-20,NVDA
NVDA260220C00177500,177.5,15.83,16.1,16.2,69.0,1185.0,0.4410456286621094,True,CALL,2026-02-20,NVDA
NVDA260220C00180000,180.0,14.48,14.25,14.3,3816.0,52719.0,0.4315242395019532,True,CALL,2026-02-20,NVDA
NVDA260220C00182500,182.5,12.52,12.4,12.5,178.0,2866.0,0.422308023071289,True,CALL,2026-02-20,NVDA
NVDA260220C00185000,185.0,10.75,10.65,10.75,5747.0,41075.0,0.4101621484375,True,CALL,2026-02-20,NVDA
NVDA260220C00187500,187.5,9.2,9.1,9.15,1591.0,3695.0,0.40027455200195317,True,CALL,2026-02-20,NVDA
NVDA260220C00190000,190.0,7.7,7.6,7.7,12137.0,94407.0,0.3918517846679687,True,CALL,2026-02-20,NVDA
NVDA260220C00192500,192.5,6.31,6.25,6.35,3471.0,6381.0,0.38184211914062494,False,CALL,2026-02-20,NVDA
NVDA260220C00195000,195.0,5.1,5.1,5.2,6859.0,43580.0,0.37525038818359374,False,CALL,2026-02-20,NVDA
NVDA260220C00197500,197.5,4.05,4.05,4.15,819.0,5526.0,0.36664451721191404,False,CALL,2026-02-20,NVDA
NVDA260220C00200000,200.0,3.21,3.2,3.25,13367.0,107355.0,0.35864899169921877,False,CALL,2026-02-20,NVDA
NVDA260220C00202500,202.5,2.48,2.47,2.5,1175.0,4232.0,0.35156898437499995,False,CALL,2026-02-20,NVDA
NVDA260220C00205000,205.0,1.95,1.87,1.89,4454.0,7281.0,0.34534346069335936,False,CALL,2026-02-20,NVDA
NVDA260220C00207500,207.5,1.42,1.4,1.42,520.0,3529.0,0.3413151806640625,False,CALL,2026-02-20,NVDA
NVDA260220C00210000,210.0,1.05,1.05,1.06,7523.0,91760.0,0.33875172973632806,False,CALL,2026-02-20,NVDA
NVDA260220C00212500,212.5,0.77,0.77,0.78,583.0,2110.0,0.3364324169921875,False,CALL,2026-02-20,NVDA
NVDA260220C00215000,215.0,0.58,0.57,0.59,550.0,4433.0,0.33789724609375,False,CALL,2026-02-20,NVDA
NVDA260220C00220000,220.0,0.33,0.32,0.33,3985.0,121706.0,0.3403386279296875,False,CALL,2026-02-20,NVDA
NVDA260220C00225000,225.0,0.19,0.19,0.2,52.0,6256.0,0.3491276025390625,False,CALL,2026-02-20,NVDA
NVDA260220C00230000,230.0,0.13,0.12,0.13,554.0,33237.0,0.36133451171875,False,CALL,2026-02-20,NVDA
NVDA260220C00235000,235.0,0.07,0.08,0.09,24.0,1940.0,0.375982802734375,False,CALL,2026-02-20,NVDA
NVDA260220C00240000,240.0,0.07,0.06,0.07,112.0,27537.0,0.39453730468750003,False,CALL,2026-02-20,NVDA
NVDA260220C00245000,245.0,0.04,0.04,0.05,1.0,669.0,0.40820904296875,False,CALL,2026-02-20,NVDA
NVDA260220P00135000,135.0,0.16,0.16,0.18,53.0,10781.0,0.6533237792968751,False,PUT,2026-02-20,NVDA
NVDA260220P00140000,140.0,0.21,0.21,0.22,2583.0,44614.0,0.614261669921875,False,PUT,2026-02-20,NVDA
NVDA260220P00145000,145.0,0.28,0.27,0.29,282.0,18203.0,0.57812921875,False,PUT,2026-02-20,NVDA
NVDA260220P00150000,150.0,0.37,0.37,0.38,2142.0,41477.0,0.5444381494140625,False,PUT,2026-02-20,NVDA
NVDA260220P00155000,155.0,0.51,0.5,0.52,956.0,34059.0,0.5122119091796875,False,PUT,2026-02-20,NVDA
NVDA260220P00160000,160.0,0.72,0.72,0.74,1536.0,43944.0,0.48730981445312505,False,PUT,2026-02-20,NVDA
NVDA260220P00165000,165.0,1.04,1.05,1.06,1428.0,39859.0,0.46143116699218756,False,PUT,2026-02-20,NVDA
NVDA260220P00167500,167.5,1.36,1.27,1.29,466.0,2578.0,0.4506890869140625,False,PUT,2026-02-20,NVDA
NVDA260220P00170000,170.0,1.53,1.53,1.55,5451.0,38379.0,0.4387263159179688,False,PUT,2026-02-20,NVDA
NVDA260220P00172500,172.5,1.88,1.86,1.88,945.0,2738.0,0.42847251220703125,False,PUT,2026-02-20,NVDA
NVDA260220P00175000,175.0,2.25,2.27,2.29,1871.0,29256.0,0.4194393994140625,False,PUT,2026-02-20,NVDA
NVDA260220P00177500,177.5,2.81,2.75,2.77,2362.0,9552.0,0.4100400793457031,False,PUT,2026-02-20,NVDA
NVDA260220P00180000,180.0,3.32,3.25,3.35,5471.0,70749.0,0.4014952429199219,False,PUT,2026-02-20,NVDA
NVDA260220P00182500,182.5,4.0,3.95,4.0,659.0,2992.0,0.3913635083007812,False,PUT,2026-02-20,NVDA
NVDA260220P00185000,185.0,4.7,4.75,4.8,2816.0,40848.0,0.38355108642578123,False,PUT,2026-02-20,NVDA
NVDA260220P00187500,187.5,5.69,5.65,5.7,2405.0,5049.0,0.3745790081787109,False,PUT,2026-02-20,NVDA
NVDA260220P00190000,190.0,6.6,6.65,6.75,1540.0,20928.0,0.3667055517578125,False,PUT,2026-02-20,NVDA
NVDA260220P00192500,192.5,7.82,7.8,7.85,415.0,2321.0,0.3540103662109374,True,PUT,2026-02-20,NVDA
NVDA260220P00195000,195.0,9.21,9.15,9.25,344.0,12145.0,0.34961587890624996,True,PUT,2026-02-20,NVDA
NVDA260220P00197500,197.5,10.72,10.65,10.7,60.0,286.0,0.33978931701660153,True,PUT,2026-02-20,NVDA
NVDA260220P00200000,200.0,12.37,12.25,12.3,112.0,9155.0,0.3298406860351562,True,PUT,2026-02-20,NVDA
NVDA260220P00202500,202.5,15.55,14.0,14.1,6.0,637.0,0.323126885986328,True,PUT,2026-02-20,NVDA
NVDA260220P00205000,205.0,16.25,15.9,16.05,38.0,217.0,0.3177558459472656,True,PUT,2026-02-20,NVDA
NVDA260220P00207500,207.5,18.27,18.0,18.15,20.0,114.0,0.3154365332031249,True,PUT,2026-02-20,NVDA
NVDA260220P00210000,210.0,20.0,19.95,20.35,63.0,5259.0,0.31445998046874996,True,PUT,2026-02-20,NVDA
NVDA260220P00212500,212.5,22.52,22.15,22.95,28.0,8.0,0.35205726074218746,True,PUT,2026-02-20,NVDA
NVDA260220P00215000,215.0,27.66,24.5,25.05,32.0,1109.0,0.3278875805664062,True,PUT,2026-02-20,NVDA
NVDA260220P00220000,220.0,31.55,29.0,29.7,90.0,530.0,0.301764794921875,True,PUT,2026-02-20,NVDA
NVDA260220P00225000,225.0,33.9,33.7,35.15,4.0,4.0,0.43457596679687505,True,PUT,2026-02-20,NVDA
NVDA260220P00230000,230.0,45.25,38.65,40.35,300.0,20.0,0.5083056982421875,True,PUT,2026-02-20,NVDA
NVDA260220P00240000,240.0,49.0,48.5,50.15,1.0,0.0,0.5585981640625001,True,PUT,2026-02-20,NVDA
NVDA260227C00135000,135.0,55.4,56.15,56.65,4.0,28.0,0.7753928710937501,True,CALL,2026-02-27,NVDA
NVDA260227C00140000,140.0,51.35,51.25,51.75,1.0,51.0,0.7241238525390624,True,CALL,2026-02-27,NVDA
NVDA260227C00145000,145.0,46.13,46.0,46.9,7.0,236.0,0.649417568359375,True,CALL,2026-02-27,NVDA
NVDA260227C00150000,150.0,41.1,41.4,42.05,64.0,952.0,0.6215858154296876,True,CALL,2026-02-27,NVDA
NVDA260227C00155000,155.0,36.83,36.6,37.35,5.0,96.0,0.5832561206054687,True,CALL,2026-02-27,NVDA
NVDA260227C00160000,160.0,32.15,32.4,32.6,26.0,3083.0,0.5649457568359376,True,CALL,2026-02-27,NVDA
NVDA260227C00165000,165.0,27.87,28.0,28.2,38.0,405.0,0.5410202148437502,True,CALL,2026-02-27,NVDA
NVDA260227C00170000,170.0,23.72,23.85,24.0,92.0,2309.0,0.5211229528808592,True,CALL,2026-02-27,NVDA
NVDA260227C00175000,175.0,19.85,19.95,20.05,446.0,1717.0,0.5031787963867188,True,CALL,2026-02-27,NVDA
NVDA260227C00180000,180.0,16.45,16.35,16.45,575.0,2899.0,0.4907277490234375,True,CALL,2026-02-27,NVDA
NVDA260227C00185000,185.0,13.0,13.05,13.15,2551.0,8413.0,0.47461462890625,True,CALL,2026-02-27,NVDA
NVDA260227C00190000,190.0,10.25,10.2,10.3,2787.0,9769.0,0.46283496154785164,True,CALL,2026-02-27,NVDA
NVDA260227C00195000,195.0,7.85,7.7,7.75,2700.0,4910.0,0.44714908325195313,False,CALL,2026-02-27,NVDA
NVDA260227C00200000,200.0,5.7,5.6,5.7,6290.0,22687.0,0.4361628649902344,False,CALL,2026-02-27,NVDA
NVDA260227C00205000,205.0,4.05,4.0,4.1,2107.0,9683.0,0.42847251220703125,False,CALL,2026-02-27,NVDA
NVDA260227C00210000,210.0,2.81,2.74,2.77,4075.0,21950.0,0.4158993957519531,False,CALL,2026-02-27,NVDA
NVDA260227C00215000,215.0,1.88,1.82,1.85,973.0,13046.0,0.40869731933593745,False,CALL,2026-02-27,NVDA
NVDA260227C00220000,220.0,1.2,1.21,1.22,3729.0,8576.0,0.40479110839843746,False,CALL,2026-02-27,NVDA
NVDA260227C00225000,225.0,0.8,0.79,0.81,2811.0,4613.0,0.40430283203125,False,CALL,2026-02-27,NVDA
NVDA260227C00230000,230.0,0.54,0.54,0.55,358.0,2640.0,0.40772076660156253,False,CALL,2026-02-27,NVDA
NVDA260227C00235000,235.0,0.38,0.36,0.38,49.0,1502.0,0.4128476684570312,False,CALL,2026-02-27,NVDA
NVDA260227C00240000,240.0,0.27,0.26,0.27,1410.0,2339.0,0.41992767578125,False,CALL,2026-02-27,NVDA
NVDA260227C00245000,245.0,0.2,0.19,0.2,14.0,468.0,0.42969320312500003,False,CALL,2026-02-27,NVDA
NVDA260227P00135000,135.0,0.33,0.31,0.33,59.0,430.0,0.631839619140625,False,PUT,2026-02-27,NVDA
NVDA260227P00140000,140.0,0.44,0.41,0.42,284.0,1563.0,0.6010782080078126,False,PUT,2026-02-27,NVDA
NVDA260227P00145000,145.0,0.56,0.55,0.57,72.0,1530.0,0.5756878369140624,False,PUT,2026-02-27,NVDA
NVDA260227P00150000,150.0,0.75,0.75,0.76,2414.0,20396.0,0.5502974658203126,False,PUT,2026-02-27,NVDA
NVDA260227P00155000,155.0,1.03,1.03,1.06,227.0,2593.0,0.5293015820312501,False,PUT,2026-02-27,NVDA
NVDA260227P00160000,160.0,1.43,1.44,1.47,744.0,6005.0,0.5102588037109376,False,PUT,2026-02-27,NVDA
NVDA260227P00165000,165.0,2.01,2.02,2.04,584.0,5976.0,0.4943898217773438,False,PUT,2026-02-27,NVDA
NVDA260227P00170000,170.0,2.9,2.83,2.87,1262.0,6971.0,0.4821829125976563,False,PUT,2026-02-27,NVDA
NVDA260227P00175000,175.0,3.87,3.9,3.95,736.0,4103.0,0.46973186523437505,False,PUT,2026-02-27,NVDA
NVDA260227P00180000,180.0,5.23,5.25,5.3,772.0,6910.0,0.4556939196777344,False,PUT,2026-02-27,NVDA
NVDA260227P00185000,185.0,6.9,6.95,7.05,1717.0,6156.0,0.44446356323242187,False,PUT,2026-02-27,NVDA
NVDA260227P00190000,190.0,9.0,9.05,9.15,1492.0,5839.0,0.4315242395019532,False,PUT,2026-02-27,NVDA
NVDA260227P00195000,195.0,11.76,11.6,11.65,276.0,441.0,0.4180356048583984,True,PUT,2026-02-27,NVDA
NVDA260227P00200000,200.0,14.96,14.5,14.6,51.0,762.0,0.40552352294921873,True,PUT,2026-02-27,NVDA
NVDA260227P00205000,205.0,19.9,17.8,18.0,2.0,354.0,0.39453730468750003,True,PUT,2026-02-27,NVDA
NVDA260227P00210000,210.0,23.72,21.5,21.75,7.0,287.0,0.3812317736816406,True,PUT,2026-02-27,NVDA
NVDA260227P00215000,215.0,26.98,25.6,25.8,1.0,74.0,0.36304347900390627,True,PUT,2026-02-27,NVDA
NVDA260227P00220000,220.0,32.56,29.75,30.3,1.0,137.0,0.3588931298828125,True,PUT,2026-02-27,NVDA
NVDA260227P00225000,225.0,33.69,34.2,35.35,7.0,12.0,0.4057676611328125,True,PUT,2026-02-27,NVDA
NVDA260227P00230000,230.0,45.28,38.95,39.95,,10.0,0.3864807446289062,True,PUT,2026-02-27,NVDA
NVDA260306C00135000,135.0,56.9,56.35,56.9,1.0,28.0,0.7329128271484374,True,CALL,2026-03-06,NVDA
NVDA260306C00140000,140.0,51.54,51.55,52.2,2.0,20.0,0.7023955541992188,True,CALL,2026-03-06,NVDA
NVDA260306C00145000,145.0,44.14,46.75,47.25,21.0,22.0,0.6530796411132813,True,CALL,2026-03-06,NVDA
NVDA260306C00150000,150.0,39.7,41.65,42.55,3.0,22.0,0.6002237243652344,True,CALL,2026-03-06,NVDA
NVDA260306C00155000,155.0,34.82,37.4,37.6,1.0,25.0,0.5734905932617188,True,CALL,2026-03-06,NVDA
NVDA260306C00160000,160.0,32.7,33.05,33.2,7.0,49.0,0.556767127685547,True,CALL,2026-03-06,NVDA
NVDA260306C00165000,165.0,28.42,28.75,28.9,54.0,24.0,0.5347946911621093,True,CALL,2026-03-06,NVDA
NVDA260306C00170000,170.0,24.2,24.6,24.75,29.0,367.0,0.5122119091796875,True,CALL,2026-03-06,NVDA
NVDA260306C00175000,175.0,20.75,20.8,20.95,16.0,336.0,0.501103621826172,True,CALL,2026-03-06,NVDA
NVDA260306C00180000,180.0,17.52,17.3,17.35,216.0,228.0,0.4831594653320313,True,CALL,2026-03-06,NVDA
NVDA260306C00185000,185.0,14.14,14.1,14.15,424.0,852.0,0.47022014160156256,True,CALL,2026-03-06,NVDA
NVDA260306C00190000,190.0,11.38,11.25,11.35,855.0,1464.0,0.4603325451660156,True,CALL,2026-03-06,NVDA
NVDA260306C00195000,195.0,8.9,8.75,8.8,1538.0,1174.0,0.446294599609375,False,CALL,2026-03-06,NVDA
NVDA260306C00200000,200.0,6.69,6.65,6.75,1191.0,1874.0,0.4381770050048829,False,CALL,2026-03-06,NVDA
NVDA260306C00205000,205.0,4.95,4.95,5.0,313.0,1794.0,0.4279842358398438,False,CALL,2026-03-06,NVDA
NVDA260306C00210000,210.0,3.56,3.6,3.65,1435.0,1660.0,0.4212094012451172,False,CALL,2026-03-06,NVDA
NVDA260306C00215000,215.0,2.6,2.54,2.57,1372.0,1156.0,0.41321387573242185,False,CALL,2026-03-06,NVDA
NVDA260306C00220000,220.0,1.81,1.79,1.81,591.0,2567.0,0.40955180297851557,False,CALL,2026-03-06,NVDA
NVDA260306C00225000,225.0,1.19,1.24,1.27,534.0,3818.0,0.40808697387695314,False,CALL,2026-03-06,NVDA
NVDA260306C00230000,230.0,0.88,0.87,0.89,189.0,377.0,0.40820904296875,False,CALL,2026-03-06,NVDA
NVDA260306C00235000,235.0,0.62,0.61,0.63,155.0,325.0,0.41040628662109374,False,CALL,2026-03-06,NVDA
NVDA260306C00240000,240.0,0.44,0.44,0.46,30.0,573.0,0.4155331884765625,False,CALL,2026-03-06,NVDA
NVDA260306C00245000,245.0,0.32,0.32,0.34,4.0,215.0,0.42139250488281255,False,CALL,2026-03-06,NVDA
NVDA260306P00135000,135.0,0.54,0.44,0.46,1.0,77.0,0.6040078662109377,False,PUT,2026-03-06,NVDA
NVDA260306P00140000,140.0,0.6,0.57,0.59,14.0,123.0,0.577152666015625,False,PUT,2026-03-06,NVDA
NVDA260306P00145000,145.0,0.85,0.75,0.77,28.0,121.0,0.5524947094726562,False,PUT,2026-03-06,NVDA
NVDA260306P00150000,150.0,1.07,1.01,1.04,71.0,544.0,0.532231240234375,False,PUT,2026-03-06,NVDA
NVDA260306P00155000,155.0,1.46,1.39,1.41,220.0,347.0,0.5148974291992188,False,PUT,2026-03-06,NVDA
NVDA260306P00160000,160.0,1.89,1.88,1.91,255.0,559.0,0.499028447265625,False,PUT,2026-03-06,NVDA
NVDA260306P00165000,165.0,2.55,2.57,2.6,265.0,543.0,0.48511257080078124,False,PUT,2026-03-06,NVDA
NVDA260306P00170000,170.0,3.45,3.4,3.5,210.0,1176.0,0.47192910888671874,False,PUT,2026-03-06,NVDA
NVDA260306P00175000,175.0,4.85,4.65,4.7,223.0,441.0,0.4618584088134766,False,PUT,2026-03-06,NVDA
NVDA260306P00180000,180.0,6.19,6.1,6.15,395.0,532.0,0.44977356872558594,False,PUT,2026-03-06,NVDA
NVDA260306P00185000,185.0,7.9,7.85,7.95,459.0,3448.0,0.43897045410156255,False,PUT,2026-03-06,NVDA
NVDA260306P00190000,190.0,9.9,9.9,10.0,987.0,198.0,0.42383388671875,False,PUT,2026-03-06,NVDA
NVDA260306P00195000,195.0,13.38,12.5,12.6,353.0,458.0,0.41602146484374997,True,PUT,2026-03-06,NVDA
NVDA260306P00200000,200.0,16.02,15.35,15.5,11.0,48.0,0.40454697021484376,True,PUT,2026-03-06,NVDA
NVDA260306P00205000,205.0,18.45,18.65,18.8,1.0,128.0,0.3939269592285156,True,PUT,2026-03-06,NVDA
NVDA260306P00210000,210.0,23.55,22.25,22.45,117.0,84.0,0.38269660278320305,True,PUT,2026-03-06,NVDA
NVDA260306P00215000,215.0,25.9,26.25,26.5,1.0,21.0,0.3761048718261719,True,PUT,2026-03-06,NVDA
NVDA260306P00220000,220.0,31.17,30.55,30.8,14.0,9.0,0.36865865722656255,True,PUT,2026-03-06,NVDA
NVDA260306P00225000,225.0,41.0,34.5,35.6,,1.0,0.3902648864746094,True,PUT,2026-03-06,NVDA
NVDA260306P00235000,235.0,47.85,43.95,45.05,1.0,1.0,0.39502558105468755,True,PUT,2026-03-06,NVDA
NVDA260320C00135000,135.0,55.88,56.95,57.45,82.0,26355.0,0.6889679541015626,True,CALL,2026-03-20,NVDA
NVDA260320C00140000,140.0,51.66,52.25,52.85,47.0,26936.0,0.6638217211914064,True,CALL,2026-03-20,NVDA
NVDA260320C00145000,145.0,46.95,47.6,48.05,23.0,26059.0,0.6279334082031252,True,CALL,2026-03-20,NVDA
NVDA260320C00150000,150.0,42.75,43.05,43.2,30.0,44501.0,0.5914347497558594,True,CALL,2026-03-20,NVDA
NVDA260320C00155000,155.0,36.64,38.6,38.75,24.0,13404.0,0.5681195532226562,True,CALL,2026-03-20,NVDA
NVDA260320C00160000,160.0,33.8,34.3,34.5,345.0,108087.0,0.5488326367187502,True,CALL,2026-03-20,NVDA
NVDA260320C00165000,165.0,30.4,30.2,30.4,175.0,21099.0,0.5314988256835937,True,CALL,2026-03-20,NVDA
NVDA260320C00170000,170.0,26.46,26.3,26.5,981.0,22752.0,0.5155077746582031,True,CALL,2026-03-20,NVDA
NVDA260320C00175000,175.0,22.77,22.7,22.85,304.0,34701.0,0.5026294854736328,True,CALL,2026-03-20,NVDA
NVDA260320C00180000,180.0,19.45,19.4,19.45,2978.0,42255.0,0.49231464721679696,True,CALL,2026-03-20,NVDA
NVDA260320C00185000,185.0,16.35,16.25,16.35,1454.0,42987.0,0.48065704895019534,True,CALL,2026-03-20,NVDA
NVDA260320C00190000,190.0,13.5,13.45,13.5,4696.0,88217.0,0.46808393249511715,True,CALL,2026-03-20,NVDA
NVDA260320C00195000,195.0,11.08,10.9,11.0,1792.0,67648.0,0.4577690942382813,False,CALL,2026-03-20,NVDA
NVDA260320C00200000,200.0,8.87,8.8,8.85,9595.0,143628.0,0.4493463269042969,False,CALL,2026-03-20,NVDA
NVDA260320C00210000,210.0,5.55,5.45,5.55,11544.0,76990.0,0.4381159704589844,False,CALL,2026-03-20,NVDA
NVDA260320C00220000,220.0,3.27,3.2,3.25,4692.0,51054.0,0.42664147583007817,False,CALL,2026-03-20,NVDA
NVDA260320C00230000,230.0,1.89,1.85,1.87,2055.0,48848.0,0.4222469885253906,False,CALL,2026-03-20,NVDA
NVDA260320C00240000,240.0,1.08,1.07,1.08,673.0,46733.0,0.42310147216796873,False,CALL,2026-03-20,NVDA
NVDA260320P00135000,135.0,0.82,0.81,0.82,259.0,42803.0,0.57812921875,False,PUT,2026-03-20,NVDA
NVDA260320P00140000,140.0,1.05,1.04,1.05,2289.0,66194.0,0.5573774731445313,False,PUT,2026-03-20,NVDA
NVDA260320P00145000,145.0,1.36,1.35,1.37,153.0,39594.0,0.5396774548339844,False,PUT,2026-03-20,NVDA
NVDA260320P00150000,150.0,1.77,1.75,1.78,908.0,37985.0,0.5229539892578124,False,PUT,2026-03-20,NVDA
NVDA260320P00155000,155.0,2.32,2.29,2.31,778.0,30079.0,0.5081836291503907,False,PUT,2026-03-20,NVDA
NVDA260320P00160000,160.0,2.99,2.97,3.0,1444.0,53920.0,0.4954884436035156,False,PUT,2026-03-20,NVDA
NVDA260320P00165000,165.0,3.86,3.85,3.9,3268.0,32761.0,0.4845022253417969,False,PUT,2026-03-20,NVDA
NVDA260320P00170000,170.0,5.0,4.9,4.95,2088.0,53279.0,0.47119669433593747,False,PUT,2026-03-20,NVDA
NVDA260320P00175000,175.0,6.27,6.2,6.3,2703.0,45448.0,0.46130909790039065,False,PUT,2026-03-20,NVDA
NVDA260320P00180000,180.0,7.78,7.85,7.9,3248.0,68947.0,0.4510552941894531,False,PUT,2026-03-20,NVDA
NVDA260320P00185000,185.0,9.75,9.7,9.8,887.0,51503.0,0.4414118359375,False,PUT,2026-03-20,NVDA
NVDA260320P00190000,190.0,11.89,11.9,11.95,458.0,32878.0,0.4299983758544922,False,PUT,2026-03-20,NVDA
NVDA260320P00195000,195.0,14.48,14.35,14.4,254.0,5503.0,0.41797457031249996,True,PUT,2026-03-20,NVDA
NVDA260320P00200000,200.0,17.5,17.25,17.35,193.0,16163.0,0.41223732299804683,True,PUT,2026-03-20,NVDA
NVDA260320P00210000,210.0,24.4,23.9,24.0,39.0,5820.0,0.3939269592285156,True,PUT,2026-03-20,NVDA
NVDA260320P00220000,220.0,32.4,31.65,31.85,144.0,2905.0,0.37842418457031246,True,PUT,2026-03-20,NVDA
NVDA260320P00230000,230.0,43.04,40.1,40.6,49.0,1404.0,0.36377589355468753,True,PUT,2026-03-20,NVDA
NVDA260320P00240000,240.0,52.15,49.35,49.9,4.0,2219.0,0.34058276611328125,True,PUT,2026-03-20,NVDA
NVDA260417C00135000,135.0,54.27,58.0,58.6,1.0,611.0,0.6346472082519532,True,CALL,2026-04-17,NVDA
NVDA260417C00140000,140.0,53.25,53.45,53.95,12.0,6034.0,0.6082802844238282,True,CALL,2026-04-17,NVDA
NVDA260417C00145000,145.0,51.0,48.95,49.5,1.0,711.0,0.5861857788085938,True,CALL,2026-04-17,NVDA
NVDA260417C00150000,150.0,44.56,44.6,45.05,21.0,6891.0,0.5642133422851563,True,CALL,2026-04-17,NVDA
NVDA260417C00155000,155.0,40.6,40.25,40.75,18.0,1711.0,0.5419967675781252,True,CALL,2026-04-17,NVDA
NVDA260417C00160000,160.0,35.9,36.25,36.65,80.0,2685.0,0.5270433038330078,True,CALL,2026-04-17,NVDA
NVDA260417C00165000,165.0,32.38,32.4,32.8,39.0,2884.0,0.5142870837402342,True,CALL,2026-04-17,NVDA
NVDA260417C00170000,170.0,28.3,28.7,28.9,302.0,10383.0,0.5010425872802735,True,CALL,2026-04-17,NVDA
NVDA260417C00175000,175.0,25.1,25.3,25.55,127.0,4037.0,0.493291199951172,True,CALL,2026-04-17,NVDA
NVDA260417C00180000,180.0,22.1,22.0,22.3,884.0,12576.0,0.4821829125976563,True,CALL,2026-04-17,NVDA
NVDA260417C00185000,185.0,19.15,19.05,19.25,1071.0,10785.0,0.47070841796875,True,CALL,2026-04-17,NVDA
NVDA260417C00190000,190.0,16.5,16.3,16.35,1237.0,17627.0,0.4572197833251954,True,CALL,2026-04-17,NVDA
NVDA260417C00195000,195.0,13.93,13.85,13.95,977.0,6650.0,0.4512383978271485,False,CALL,2026-04-17,NVDA
NVDA260417C00200000,200.0,11.7,11.65,11.7,2579.0,25318.0,0.4428156304931641,False,CALL,2026-04-17,NVDA
NVDA260417C00210000,210.0,8.2,8.05,8.1,712.0,27357.0,0.4317073431396484,False,CALL,2026-04-17,NVDA
NVDA260417C00220000,220.0,5.43,5.4,5.45,2414.0,14689.0,0.42358974853515624,False,CALL,2026-04-17,NVDA
NVDA260417C00230000,230.0,3.6,3.55,3.6,933.0,17240.0,0.4187680194091796,False,CALL,2026-04-17,NVDA
NVDA260417C00240000,240.0,2.33,2.32,2.34,821.0,13152.0,0.4158993957519531,False,CALL,2026-04-17,NVDA
NVDA260417P00135000,135.0,1.47,1.39,1.42,15.0,8830.0,0.5255174401855469,False,PUT,2026-04-17,NVDA
NVDA260417P00140000,140.0,1.78,1.76,1.79,133.0,16151.0,0.5107470800781251,False,PUT,2026-04-17,NVDA
NVDA260417P00145000,145.0,2.35,2.24,2.27,481.0,13185.0,0.4991505163574219,False,PUT,2026-04-17,NVDA
NVDA260417P00150000,150.0,2.84,2.82,2.85,390.0,16524.0,0.48633326171875,False,PUT,2026-04-17,NVDA
NVDA260417P00155000,155.0,3.55,3.5,3.6,534.0,14495.0,0.4760794580078125,False,PUT,2026-04-17,NVDA
NVDA260417P00160000,160.0,4.5,4.4,4.45,857.0,30838.0,0.463872548828125,False,PUT,2026-04-17,NVDA
NVDA260417P00165000,165.0,5.45,5.5,5.55,1096.0,15557.0,0.4552056433105469,False,PUT,2026-04-17,NVDA
NVDA260417P00170000,170.0,6.8,6.75,6.8,623.0,19609.0,0.44507390869140623,False,PUT,2026-04-17,NVDA
NVDA260417P00175000,175.0,8.5,8.25,8.35,415.0,11555.0,0.4379939013671875,False,PUT,2026-04-17,NVDA
NVDA260417P00180000,180.0,10.0,9.95,10.05,877.0,15727.0,0.42828940856933595,False,PUT,2026-04-17,NVDA
NVDA260417P00185000,185.0,12.0,11.95,12.0,892.0,11255.0,0.418951123046875,False,PUT,2026-04-17,NVDA
NVDA260417P00190000,190.0,14.25,14.2,14.3,473.0,8444.0,0.4122983575439453,False,PUT,2026-04-17,NVDA
NVDA260417P00195000,195.0,16.9,16.6,16.75,339.0,2562.0,0.40241076110839846,True,PUT,2026-04-17,NVDA
NVDA260417P00200000,200.0,19.5,19.55,19.65,53.0,3114.0,0.39771110107421875,True,PUT,2026-04-17,NVDA
NVDA260417P00210000,210.0,26.7,25.8,26.25,60.0,1357.0,0.3892883337402344,True,PUT,2026-04-17,NVDA
NVDA260417P00220000,220.0,36.35,33.1,33.45,17.0,10206.0,0.3687807263183594,True,PUT,2026-04-17,NVDA
NVDA260417P00230000,230.0,40.54,41.2,41.8,1.0,532.0,0.3597476135253906,True,PUT,2026-04-17,NVDA
NVDA260417P00240000,240.0,51.35,50.1,50.7,4.0,1271.0,0.34680828979492184,True,PUT,2026-04-17,NVDA
NVDA260515C00135000,135.0,59.0,58.95,59.75,13.0,670.0,0.6022988989257814,True,CALL,2026-05-15,NVDA
NVDA260515C00140000,140.0,53.9,54.85,55.4,11.0,19202.0,0.5917399224853517,True,CALL,2026-05-15,NVDA
NVDA260515C00145000,145.0,47.1,50.55,51.0,8.0,1912.0,0.5715985223388673,True,CALL,2026-05-15,NVDA
NVDA260515C00150000,150.0,46.22,46.35,46.8,1049.0,3068.0,0.5544478149414063,True,CALL,2026-05-15,NVDA
NVDA260515C00155000,155.0,42.3,42.0,42.7,31.0,1040.0,0.5331467584228515,True,CALL,2026-05-15,NVDA
NVDA260515C00160000,160.0,37.95,38.35,38.75,65.0,2011.0,0.5228929547119141,True,CALL,2026-05-15,NVDA
NVDA260515C00165000,165.0,32.64,34.7,35.05,21.0,1697.0,0.5119677709960937,True,CALL,2026-05-15,NVDA
NVDA260515C00170000,170.0,31.1,31.2,31.3,198.0,2907.0,0.499577758178711,True,CALL,2026-05-15,NVDA
NVDA260515C00175000,175.0,27.85,27.8,27.9,77.0,3962.0,0.48767602172851565,True,CALL,2026-05-15,NVDA
NVDA260515C00180000,180.0,24.7,24.7,24.8,739.0,18303.0,0.4791006680297851,True,CALL,2026-05-15,NVDA
NVDA260515C00185000,185.0,21.82,21.85,21.95,261.0,10187.0,0.47211221252441404,True,CALL,2026-05-15,NVDA
NVDA260515C00190000,190.0,19.27,19.2,19.25,618.0,15992.0,0.46393358337402346,True,CALL,2026-05-15,NVDA
NVDA260515C00195000,195.0,16.69,16.85,16.95,257.0,8236.0,0.46072926971435546,False,CALL,2026-05-15,NVDA
NVDA260515C00200000,200.0,14.46,14.5,14.6,788.0,15611.0,0.4514215014648438,False,CALL,2026-05-15,NVDA
NVDA260515C00210000,210.0,10.7,10.75,10.8,294.0,9645.0,0.44043528320312497,False,CALL,2026-05-15,NVDA
NVDA260515C00220000,220.0,7.82,7.8,7.9,576.0,11497.0,0.4337825177001954,False,CALL,2026-05-15,NVDA
NVDA260515C00230000,230.0,5.69,5.65,5.75,497.0,12580.0,0.43054768676757815,False,CALL,2026-05-15,NVDA
NVDA260515C00240000,240.0,4.0,4.0,4.1,187.0,9600.0,0.426885614013672,False,CALL,2026-05-15,NVDA
NVDA260515P00135000,135.0,2.27,2.18,2.2,59.0,10026.0,0.5067188000488281,False,PUT,2026-05-15,NVDA
NVDA260515P00140000,140.0,2.81,2.7,2.74,131.0,38588.0,0.49670913452148446,False,PUT,2026-05-15,NVDA
NVDA260515P00145000,145.0,3.35,3.3,3.4,259.0,14204.0,0.4870656762695313,False,PUT,2026-05-15,NVDA
NVDA260515P00150000,150.0,4.11,4.05,4.15,512.0,16404.0,0.47632359619140624,False,PUT,2026-05-15,NVDA
NVDA260515P00155000,155.0,4.96,4.95,5.05,122.0,13228.0,0.46655806884765627,False,PUT,2026-05-15,NVDA
NVDA260515P00160000,160.0,6.1,6.0,6.1,126.0,13802.0,0.4570977142333985,False,PUT,2026-05-15,NVDA
NVDA260515P00165000,165.0,7.25,7.25,7.3,256.0,5739.0,0.4473321868896484,False,PUT,2026-05-15,NVDA
NVDA260515P00170000,170.0,8.8,8.65,8.75,417.0,17831.0,0.43994700683593746,False,PUT,2026-05-15,NVDA
NVDA260515P00175000,175.0,10.35,10.3,10.35,229.0,9360.0,0.4313411358642578,False,PUT,2026-05-15,NVDA
NVDA260515P00180000,180.0,12.25,12.15,12.25,418.0,26181.0,0.42529871582031253,False,PUT,2026-05-15,NVDA
NVDA260515P00185000,185.0,14.4,14.1,14.25,222.0,6000.0,0.41629612030029295,False,PUT,2026-05-15,NVDA
NVDA260515P00190000,190.0,16.64,16.45,16.55,79.0,3389.0,0.40930766479492187,False,PUT,2026-05-15,NVDA
NVDA260515P00195000,195.0,19.25,19.05,19.15,95.0,2484.0,0.4041197283935547,True,PUT,2026-05-15,NVDA
NVDA260515P00200000,200.0,22.39,21.8,21.9,150.0,2383.0,0.3969786865234375,True,PUT,2026-05-15,NVDA
NVDA260515P00210000,210.0,27.4,28.1,28.2,11.0,3169.0,0.38587039916992183,True,PUT,2026-05-15,NVDA
NVDA260515P00220000,220.0,37.85,35.2,35.3,34.0,630.0,0.373480386352539,True,PUT,2026-05-15,NVDA
NVDA260515P00230000,230.0,46.1,42.8,43.3,33.0,469.0,0.36591210266113283,True,PUT,2026-05-15,NVDA
NVDA260515P00240000,240.0,55.32,51.25,51.75,3.0,1197.0,0.35205726074218746,True,PUT,2026-05-15,NVDA
NVDA260618C00134000,134.0,59.95,61.9,62.45,8.0,4270.0,0.6093178717041017,True,CALL,2026-06-18,NVDA
NVDA260618C00135000,135.0,58.65,61.0,61.6,10.0,4341.0,0.6051064880371095,True,CALL,2026-06-18,NVDA
NVDA260618C00136000,136.0,61.24,60.15,60.65,1.0,3711.0,0.5999185516357424,True,CALL,2026-06-18,NVDA
NVDA260618C00138000,138.0,55.95,58.05,58.95,27.0,4297.0,0.5855754333496093,True,CALL,2026-06-18,NVDA
NVDA260618C00140000,140.0,53.34,56.7,57.25,137.0,14960.0,0.5849040533447265,True,CALL,2026-06-18,NVDA
NVDA260618C00142000,142.0,54.1,55.1,55.6,11.0,7160.0,0.5799602551269532,True,CALL,2026-06-18,NVDA
NVDA260618C00144000,144.0,53.9,53.5,54.05,1.0,1707.0,0.5761150787353515,True,CALL,2026-06-18,NVDA
NVDA260618C00145000,145.0,49.9,52.7,53.15,3.0,6297.0,0.5719647296142578,True,CALL,2026-06-18,NVDA
NVDA260618C00146000,146.0,51.39,51.85,52.35,2.0,1054.0,0.5684857604980469,True,CALL,2026-06-18,NVDA
NVDA260618C00148000,148.0,50.5,50.3,50.75,14.0,1917.0,0.5636640313720704,True,CALL,2026-06-18,NVDA
NVDA260618C00150000,150.0,48.86,48.65,48.9,118.0,26517.0,0.5529219512939454,True,CALL,2026-06-18,NVDA
NVDA260618C00152000,152.0,44.15,47.15,47.65,2.0,3084.0,0.5532881585693359,True,CALL,2026-06-18,NVDA
NVDA260618C00154000,154.0,45.65,45.3,46.0,2.0,1867.0,0.5418746984863283,True,CALL,2026-06-18,NVDA
NVDA260618C00155000,155.0,44.28,44.85,45.3,19.0,8801.0,0.5447433221435547,True,CALL,2026-06-18,NVDA
NVDA260618C00156000,156.0,45.05,44.15,44.6,26.0,1246.0,0.5438278039550781,True,CALL,2026-06-18,NVDA
NVDA260618C00158000,158.0,43.74,42.65,43.05,13.0,1713.0,0.5379684875488282,True,CALL,2026-06-18,NVDA
NVDA260618C00160000,160.0,40.48,41.15,41.55,24.0,11300.0,0.5323533093261719,True,CALL,2026-06-18,NVDA
NVDA260618C00162000,162.0,40.8,39.75,40.15,1.0,1319.0,0.5288743402099609,True,CALL,2026-06-18,NVDA
NVDA260618C00164000,164.0,36.28,38.4,38.8,1.0,1486.0,0.5261277856445312,True,CALL,2026-06-18,NVDA
NVDA260618C00165000,165.0,37.0,37.7,37.85,3.0,11561.0,0.5207262283325195,True,CALL,2026-06-18,NVDA
NVDA260618C00166000,166.0,37.08,37.0,37.15,6.0,1757.0,0.5183763983154297,True,CALL,2026-06-18,NVDA
NVDA260618C00167000,167.0,35.51,36.3,36.4,1.0,1062.0,0.5153246710205077,True,CALL,2026-06-18,NVDA
NVDA260618C00168000,168.0,34.55,35.7,35.8,1.0,935.0,0.5152026019287108,True,CALL,2026-06-18,NVDA
NVDA260618C00169000,169.0,35.7,35.0,35.1,1.0,690.0,0.5124560473632812,True,CALL,2026-06-18,NVDA
NVDA260618C00170000,170.0,33.85,34.35,34.45,256.0,16619.0,0.5108081146240235,True,CALL,2026-06-18,NVDA
NVDA260618C00171000,171.0,32.95,33.75,33.85,25.0,3035.0,0.5102282864379883,True,CALL,2026-06-18,NVDA
NVDA260618C00172000,172.0,31.98,33.05,33.15,76.0,1729.0,0.5070850073242188,True,CALL,2026-06-18,NVDA
NVDA260618C00173000,173.0,30.91,32.4,32.5,4.0,1548.0,0.5050098327636718,True,CALL,2026-06-18,NVDA
NVDA260618C00174000,174.0,31.1,31.85,31.95,2.0,1915.0,0.505162419128418,True,CALL,2026-06-18,NVDA
NVDA260618C00175000,175.0,30.8,31.15,31.3,57.0,6265.0,0.5022327609252931,True,CALL,2026-06-18,NVDA
NVDA260618C00176000,176.0,28.6,30.6,30.7,15.0,1113.0,0.5014698291015626,True,CALL,2026-06-18,NVDA
NVDA260618C00177000,177.0,30.0,29.95,30.1,8.0,3707.0,0.5011646563720704,True,CALL,2026-06-18,NVDA
NVDA260618C00178000,178.0,27.5,29.35,29.45,22.0,1040.0,0.4983875845336915,True,CALL,2026-06-18,NVDA
NVDA260618C00179000,179.0,27.0,28.75,28.9,65.0,2339.0,0.49774672180175783,True,CALL,2026-06-18,NVDA
NVDA260618C00180000,180.0,28.3,28.15,28.3,966.0,32623.0,0.4958546508789063,True,CALL,2026-06-18,NVDA
NVDA260618C00181000,181.0,26.05,27.6,27.7,49.0,1022.0,0.49377947631835944,True,CALL,2026-06-18,NVDA
NVDA260618C00182000,182.0,27.06,27.05,27.2,27.0,4223.0,0.49384051086425784,True,CALL,2026-06-18,NVDA
NVDA260618C00183000,183.0,26.5,26.55,26.65,34.0,3342.0,0.4925893026733399,True,CALL,2026-06-18,NVDA
NVDA260618C00184000,184.0,25.8,25.95,26.05,42.0,2316.0,0.4901174035644532,True,CALL,2026-06-18,NVDA
NVDA260618C00185000,185.0,25.26,25.4,25.5,343.0,10672.0,0.48862205718994145,True,CALL,2026-06-18,NVDA
NVDA260618C00186000,186.0,24.77,24.85,24.95,32.0,1907.0,0.48697412445068367,True,CALL,2026-06-18,NVDA
NVDA260618C00187000,187.0,24.18,24.35,24.45,67.0,1673.0,0.48627222717285157,True,CALL,2026-06-18,NVDA
NVDA260618C00188000,188.0,23.95,23.85,23.95,359.0,4562.0,0.48541774353027345,True,CALL,2026-06-18,NVDA
NVDA260618C00189000,189.0,23.07,23.3,23.4,106.0,2140.0,0.4833425689697266,True,CALL,2026-06-18,NVDA
NVDA260618C00190000,190.0,22.8,22.8,22.9,950.0,31390.0,0.48221342987060545,True,CALL,2026-06-18,NVDA
NVDA260618C00191000,191.0,22.4,22.25,22.35,173.0,1350.0,0.47986359985351557,False,CALL,2026-06-18,NVDA
NVDA260618C00192000,192.0,22.0,21.75,21.9,39.0,2521.0,0.47949739257812496,False,CALL,2026-06-18,NVDA
NVDA260618C00193000,193.0,21.3,21.3,21.45,35.0,2257.0,0.47900911621093745,False,CALL,2026-06-18,NVDA
NVDA260618C00194000,194.0,20.8,20.85,20.95,30.0,4683.0,0.47733066619873044,False,CALL,2026-06-18,NVDA
NVDA260618C00195000,195.0,20.39,20.4,20.5,74.0,9532.0,0.476567734375,False,CALL,2026-06-18,NVDA
NVDA260618C00200000,200.0,18.1,18.2,18.3,5456.0,59996.0,0.47162393615722653,False,CALL,2026-06-18,NVDA
NVDA260618C00205000,205.0,16.03,16.1,16.2,156.0,5832.0,0.46536789520263677,False,CALL,2026-06-18,NVDA
NVDA260618C00210000,210.0,14.2,14.3,14.4,1894.0,34532.0,0.46210254699707043,False,CALL,2026-06-18,NVDA
NVDA260618C00212000,212.0,13.6,13.7,13.8,25.0,1841.0,0.46246875427246104,False,CALL,2026-06-18,NVDA
NVDA260618C00213000,213.0,12.9,13.25,13.35,11.0,2586.0,0.4592034060668946,False,CALL,2026-06-18,NVDA
NVDA260618C00214000,214.0,11.9,12.95,13.05,59.0,1437.0,0.45905081970214845,False,CALL,2026-06-18,NVDA
NVDA260618C00215000,215.0,12.51,12.6,12.7,161.0,3943.0,0.45770805969238293,False,CALL,2026-06-18,NVDA
NVDA260618C00216000,216.0,12.35,12.35,12.45,18.0,1395.0,0.45844047424316414,False,CALL,2026-06-18,NVDA
NVDA260618C00217000,217.0,11.05,12.05,12.15,698.0,1706.0,0.4578911633300782,False,CALL,2026-06-18,NVDA
NVDA260618C00218000,218.0,11.6,11.75,11.85,8.0,2116.0,0.4572808178710938,False,CALL,2026-06-18,NVDA
NVDA260618C00219000,219.0,11.05,11.45,11.55,1.0,960.0,0.4564873687744141,False,CALL,2026-06-18,NVDA
NVDA260618C00220000,220.0,11.23,11.1,11.2,3191.0,30988.0,0.4544732287597656,False,CALL,2026-06-18,NVDA
NVDA260618C00221000,221.0,10.45,10.85,10.95,4.0,1682.0,0.4545952978515625,False,CALL,2026-06-18,NVDA
NVDA260618C00222000,222.0,9.65,10.6,10.65,53.0,1376.0,0.4534356414794922,False,CALL,2026-06-18,NVDA
NVDA260618C00223000,223.0,10.4,10.35,10.4,12.0,991.0,0.4533135723876953,False,CALL,2026-06-18,NVDA
NVDA260618C00224000,224.0,9.85,10.05,10.1,7.0,1292.0,0.4519097778320313,False,CALL,2026-06-18,NVDA
NVDA260618C00225000,225.0,9.85,9.8,9.85,175.0,6941.0,0.4515130532836914,False,CALL,2026-06-18,NVDA
NVDA260618C00226000,226.0,8.55,9.55,9.65,1.0,1701.0,0.4522149505615235,False,CALL,2026-06-18,NVDA
NVDA260618C00227000,227.0,8.6,9.35,9.45,28.0,855.0,0.4527947787475586,False,CALL,2026-06-18,NVDA
NVDA260618C00228000,228.0,8.3,9.1,9.2,21.0,2071.0,0.4520928814697266,False,CALL,2026-06-18,NVDA
NVDA260618C00230000,230.0,8.61,8.6,8.7,1242.0,20393.0,0.45026184509277345,False,CALL,2026-06-18,NVDA
NVDA260618C00235000,235.0,7.45,7.5,7.6,26.0,11203.0,0.4473321868896484,False,CALL,2026-06-18,NVDA
NVDA260618C00240000,240.0,6.45,6.65,6.75,64.0,15659.0,0.4480951187133788,False,CALL,2026-06-18,NVDA
NVDA260618C00245000,245.0,5.7,5.8,5.9,141.0,5887.0,0.446294599609375,False,CALL,2026-06-18,NVDA
NVDA260618P00134000,134.0,3.6,3.2,3.3,8.0,3651.0,0.5036670727539063,False,PUT,2026-06-18,NVDA
NVDA260618P00135000,135.0,3.43,3.35,3.4,5.0,13548.0,0.5015918981933594,False,PUT,2026-06-18,NVDA
NVDA260618P00136000,136.0,4.0,3.45,3.55,5.0,5443.0,0.5015918981933594,False,PUT,2026-06-18,NVDA
NVDA260618P00138000,138.0,3.8,3.75,3.85,1.0,9082.0,0.49872327453613285,False,PUT,2026-06-18,NVDA
NVDA260618P00140000,140.0,4.1,4.05,4.15,46.0,76818.0,0.49506120178222657,False,PUT,2026-06-18,NVDA
NVDA260618P00142000,142.0,4.45,4.35,4.45,10.0,4462.0,0.4907277490234375,False,PUT,2026-06-18,NVDA
NVDA260618P00144000,144.0,4.8,4.7,4.8,19.0,2788.0,0.48767602172851565,False,PUT,2026-06-18,NVDA
NVDA260618P00145000,145.0,4.95,4.85,4.9,29.0,15781.0,0.4831594653320313,False,PUT,2026-06-18,NVDA
NVDA260618P00146000,146.0,5.15,5.05,5.15,1.0,7206.0,0.483952914428711,False,PUT,2026-06-18,NVDA
NVDA260618P00148000,148.0,5.38,5.45,5.5,3.0,4542.0,0.4795584271240234,False,PUT,2026-06-18,NVDA
NVDA260618P00150000,150.0,5.9,5.85,5.9,136.0,39671.0,0.4762015270996094,False,PUT,2026-06-18,NVDA
NVDA260618P00152000,152.0,6.35,6.25,6.3,35.0,7344.0,0.47223428161621095,False,PUT,2026-06-18,NVDA
NVDA260618P00154000,154.0,6.8,6.7,6.75,14.0,6187.0,0.4691825543212891,False,PUT,2026-06-18,NVDA
NVDA260618P00155000,155.0,7.0,6.95,7.0,65.0,10985.0,0.4681449670410156,False,PUT,2026-06-18,NVDA
NVDA260618P00156000,156.0,7.21,7.1,7.2,7.0,2277.0,0.465398412475586,False,PUT,2026-06-18,NVDA
NVDA260618P00158000,158.0,7.7,7.65,7.7,109.0,3344.0,0.46252978881835943,False,PUT,2026-06-18,NVDA
NVDA260618P00160000,160.0,8.3,8.2,8.3,1313.0,29411.0,0.4617363397216797,False,PUT,2026-06-18,NVDA
NVDA260618P00162000,162.0,8.9,8.75,8.8,58.0,3173.0,0.45740288696289066,False,PUT,2026-06-18,NVDA
NVDA260618P00164000,164.0,9.55,9.3,9.4,17.0,6017.0,0.45514460876464846,False,PUT,2026-06-18,NVDA
NVDA260618P00165000,165.0,9.67,9.6,9.7,218.0,16251.0,0.4537713314819336,False,PUT,2026-06-18,NVDA
NVDA260618P00166000,166.0,9.95,9.9,10.0,3.0,7472.0,0.4522149505615235,False,PUT,2026-06-18,NVDA
NVDA260618P00167000,167.0,10.45,10.25,10.3,2.0,1584.0,0.45050598327636715,False,PUT,2026-06-18,NVDA
NVDA260618P00168000,168.0,10.8,10.55,10.6,3.0,1413.0,0.44861391235351555,False,PUT,2026-06-18,NVDA
NVDA260618P00169000,169.0,11.1,10.9,10.95,9.0,820.0,0.4478204632568359,False,PUT,2026-06-18,NVDA
NVDA260618P00170000,170.0,11.35,11.15,11.25,887.0,19019.0,0.44562321960449214,False,PUT,2026-06-18,NVDA
NVDA260618P00171000,171.0,11.65,11.55,11.65,3.0,1820.0,0.4456842541503906,False,PUT,2026-06-18,NVDA
NVDA260618P00172000,172.0,12.0,11.9,12.0,149.0,1931.0,0.44434149414062496,False,PUT,2026-06-18,NVDA
NVDA260618P00173000,173.0,12.45,12.25,12.35,36.0,1344.0,0.44287666503906253,False,PUT,2026-06-18,NVDA
NVDA260618P00174000,174.0,12.75,12.6,12.65,46.0,2244.0,0.4400080413818359,False,PUT,2026-06-18,NVDA
NVDA260618P00175000,175.0,13.25,12.95,13.05,259.0,8831.0,0.4393976959228516,False,PUT,2026-06-18,NVDA
NVDA260618P00176000,176.0,13.65,13.35,13.45,153.0,1999.0,0.4385737295532227,False,PUT,2026-06-18,NVDA
NVDA260618P00177000,177.0,13.95,13.75,13.85,26.0,1114.0,0.4375971768188477,False,PUT,2026-06-18,NVDA
NVDA260618P00178000,178.0,14.35,14.15,14.25,76.0,3309.0,0.4364375204467773,False,PUT,2026-06-18,NVDA
NVDA260618P00179000,179.0,14.75,14.5,14.6,38.0,1396.0,0.43396562133789063,False,PUT,2026-06-18,NVDA
NVDA260618P00180000,180.0,15.05,14.95,15.05,431.0,13783.0,0.4335994140625,False,PUT,2026-06-18,NVDA
NVDA260618P00181000,181.0,15.73,15.35,15.45,3.0,4267.0,0.43195148132324224,False,PUT,2026-06-18,NVDA
NVDA260618P00182000,182.0,15.85,15.8,15.85,28.0,872.0,0.4301509622192383,False,PUT,2026-06-18,NVDA
NVDA260618P00183000,183.0,16.5,16.1,16.2,53.0,2424.0,0.4270687176513672,False,PUT,2026-06-18,NVDA
NVDA260618P00184000,184.0,16.95,16.65,16.75,9.0,1462.0,0.4282283740234375,False,PUT,2026-06-18,NVDA
NVDA260618P00185000,185.0,17.15,17.05,17.1,193.0,5444.0,0.42484095672607425,False,PUT,2026-06-18,NVDA
NVDA260618P00186000,186.0,17.6,17.5,17.65,110.0,1392.0,0.42566492309570314,False,PUT,2026-06-18,NVDA
NVDA260618P00187000,187.0,18.05,17.95,18.05,83.0,1550.0,0.42304043762207033,False,PUT,2026-06-18,NVDA
NVDA260618P00188000,188.0,18.55,18.5,18.6,434.0,2438.0,0.42352871398925784,False,PUT,2026-06-18,NVDA
NVDA260618P00189000,189.0,19.3,18.85,18.95,151.0,1292.0,0.41950043395996095,False,PUT,2026-06-18,NVDA
NVDA260618P00190000,190.0,19.5,19.45,19.55,595.0,11596.0,0.4207211248779297,False,PUT,2026-06-18,NVDA
NVDA260618P00191000,191.0,19.95,19.95,20.05,98.0,1405.0,0.41959198577880863,True,PUT,2026-06-18,NVDA
NVDA260618P00192000,192.0,22.45,20.4,20.5,72.0,1499.0,0.4172421557617187,True,PUT,2026-06-18,NVDA
NVDA260618P00193000,193.0,22.05,20.9,21.05,41.0,541.0,0.41687594848632803,True,PUT,2026-06-18,NVDA
NVDA260618P00194000,194.0,21.9,21.45,21.55,45.0,1058.0,0.41528905029296875,True,PUT,2026-06-18,NVDA
NVDA260618P00195000,195.0,24.25,22.0,22.1,114.0,3937.0,0.4145566357421875,True,PUT,2026-06-18,NVDA
NVDA260618P00200000,200.0,25.0,24.75,24.85,98.0,4481.0,0.408636284790039,True,PUT,2026-06-18,NVDA
NVDA260618P00205000,205.0,28.1,27.7,27.8,35.0,1579.0,0.402899037475586,True,PUT,2026-06-18,NVDA
NVDA260618P00210000,210.0,30.93,30.8,30.95,16.0,1399.0,0.39743644561767577,True,PUT,2026-06-18,NVDA
NVDA260618P00212000,212.0,32.9,32.15,32.25,69.0,261.0,0.39502558105468755,True,PUT,2026-06-18,NVDA
NVDA260618P00213000,213.0,32.6,32.8,32.9,30.0,218.0,0.393560751953125,True,PUT,2026-06-18,NVDA
NVDA260618P00214000,214.0,34.2,33.5,33.6,13.0,563.0,0.3930724755859375,True,PUT,2026-06-18,NVDA
NVDA260618P00215000,215.0,33.3,34.15,34.3,41.0,762.0,0.3924010955810546,True,PUT,2026-06-18,NVDA
NVDA260618P00216000,216.0,34.6,34.8,34.95,8.0,455.0,0.3904785073852539,True,PUT,2026-06-18,NVDA
NVDA260618P00217000,217.0,36.95,35.5,35.6,5.0,162.0,0.38837281555175784,True,PUT,2026-06-18,NVDA
NVDA260618P00218000,218.0,37.4,36.2,36.35,48.0,300.0,0.38837281555175784,True,PUT,2026-06-18,NVDA
NVDA260618P00219000,219.0,37.85,36.9,37.0,2.0,139.0,0.3859314337158203,True,PUT,2026-06-18,NVDA
NVDA260618P00220000,220.0,38.85,37.7,37.8,13.0,1274.0,0.38684695190429685,True,PUT,2026-06-18,NVDA
NVDA260618P00221000,221.0,37.55,38.35,38.5,2.0,301.0,0.3852295364379882,True,PUT,2026-06-18,NVDA
NVDA260618P00222000,222.0,39.91,39.15,39.25,2.0,310.0,0.3846497082519531,True,PUT,2026-06-18,NVDA
NVDA260618P00223000,223.0,39.0,39.85,40.0,15.0,155.0,0.3839478109741211,True,PUT,2026-06-18,NVDA
NVDA260618P00224000,224.0,40.55,40.55,40.7,1.0,324.0,0.38184211914062494,True,PUT,2026-06-18,NVDA
NVDA260618P00225000,225.0,43.3,41.3,41.45,30.0,306.0,0.38080453186035157,True,PUT,2026-06-18,NVDA
NVDA260618P00226000,226.0,41.5,42.05,42.2,16.0,84.0,0.37958384094238284,True,PUT,2026-06-18,NVDA
NVDA260618P00227000,227.0,42.9,42.85,43.0,19.0,198.0,0.3795228063964844,True,PUT,2026-06-18,NVDA
NVDA260618P00228000,228.0,42.6,43.65,43.75,15.0,71.0,0.3779969427490234,True,PUT,2026-06-18,NVDA
NVDA260618P00230000,230.0,44.55,45.15,45.3,4.0,561.0,0.37579969909667965,True,PUT,2026-06-18,NVDA
NVDA260618P00235000,235.0,49.0,49.2,49.35,21.0,190.0,0.3723817645263672,True,PUT,2026-06-18,NVDA
NVDA260618P00240000,240.0,55.02,52.95,53.45,18.0,463.0,0.36646141357421874,True,PUT,2026-06-18,NVDA
NVDA260618P00245000,245.0,56.95,57.3,57.75,2.0,298.0,0.36304347900390627,True,PUT,2026-06-18,NVDA
NVDA260717C00135000,135.0,61.15,62.2,62.7,1.0,157.0,0.5908854388427736,True,CALL,2026-07-17,NVDA
NVDA260717C00140000,140.0,55.93,58.05,58.65,1.0,636.0,0.5766643896484375,True,CALL,2026-07-17,NVDA
NVDA260717C00145000,145.0,51.04,54.1,54.55,19.0,2063.0,0.5623212713623047,True,CALL,2026-07-17,NVDA
NVDA260717C00150000,150.0,50.5,50.2,50.65,15.0,547.0,0.5491378094482424,True,CALL,2026-07-17,NVDA
NVDA260717C00155000,155.0,44.07,46.15,46.9,1.0,183.0,0.5335740002441407,True,CALL,2026-07-17,NVDA
NVDA260717C00160000,160.0,40.75,42.95,43.4,6.0,718.0,0.529148995666504,True,CALL,2026-07-17,NVDA
NVDA260717C00165000,165.0,38.8,39.55,39.7,3.0,686.0,0.5168505346679688,True,CALL,2026-07-17,NVDA
NVDA260717C00170000,170.0,36.41,36.3,36.4,26.0,732.0,0.5080615600585938,True,CALL,2026-07-17,NVDA
NVDA260717C00175000,175.0,33.15,33.2,33.3,23.0,2007.0,0.5001575863647462,True,CALL,2026-07-17,NVDA
NVDA260717C00180000,180.0,28.38,30.25,30.4,33.0,4481.0,0.4944813735961915,True,CALL,2026-07-17,NVDA
NVDA260717C00185000,185.0,27.55,27.55,27.65,60.0,3615.0,0.4878286080932618,True,CALL,2026-07-17,NVDA
NVDA260717C00190000,190.0,25.02,25.0,25.1,538.0,3137.0,0.48221342987060545,True,CALL,2026-07-17,NVDA
NVDA260717C00195000,195.0,22.55,22.6,22.7,28.0,1786.0,0.4765982516479492,False,CALL,2026-07-17,NVDA
NVDA260717C00200000,200.0,20.3,20.35,20.45,764.0,8252.0,0.4710135906982422,False,CALL,2026-07-17,NVDA
NVDA260717C00210000,210.0,16.5,16.45,16.5,232.0,3266.0,0.4619804779052735,False,CALL,2026-07-17,NVDA
NVDA260717C00220000,220.0,13.05,13.2,13.35,370.0,4507.0,0.4577996115112305,False,CALL,2026-07-17,NVDA
NVDA260717C00230000,230.0,10.35,10.55,10.6,239.0,2676.0,0.4515130532836914,False,CALL,2026-07-17,NVDA
NVDA260717C00240000,240.0,8.3,8.35,8.45,104.0,3033.0,0.4484918432617187,False,CALL,2026-07-17,NVDA
NVDA260717P00135000,135.0,4.15,4.15,4.2,441.0,741.0,0.49060567993164067,False,PUT,2026-07-17,NVDA
NVDA260717P00140000,140.0,4.95,4.95,5.0,54.0,12153.0,0.4818167053222656,False,PUT,2026-07-17,NVDA
NVDA260717P00145000,145.0,5.9,5.8,5.9,46.0,5028.0,0.4727835925292969,False,PUT,2026-07-17,NVDA
NVDA260717P00150000,150.0,7.0,6.95,7.0,55.0,11713.0,0.4664359997558594,False,PUT,2026-07-17,NVDA
NVDA260717P00155000,155.0,8.15,8.1,8.15,883.0,6918.0,0.45770805969238293,False,PUT,2026-07-17,NVDA
NVDA260717P00160000,160.0,9.5,9.45,9.5,66.0,6263.0,0.4508111560058594,False,PUT,2026-07-17,NVDA
NVDA260717P00165000,165.0,11.05,11.0,11.05,340.0,6731.0,0.4451349432373046,False,PUT,2026-07-17,NVDA
NVDA260717P00170000,170.0,12.65,12.65,12.7,239.0,8235.0,0.4381159704589844,False,PUT,2026-07-17,NVDA
NVDA260717P00175000,175.0,14.45,14.45,14.5,1079.0,1794.0,0.4309749285888672,False,PUT,2026-07-17,NVDA
NVDA260717P00180000,180.0,16.55,16.5,16.6,1085.0,5883.0,0.4265804412841797,False,PUT,2026-07-17,NVDA
NVDA260717P00185000,185.0,19.1,18.7,18.8,120.0,2955.0,0.4206600903320313,False,PUT,2026-07-17,NVDA
NVDA260717P00190000,190.0,21.15,21.1,21.15,225.0,1832.0,0.41431249755859373,False,PUT,2026-07-17,NVDA
NVDA260717P00195000,195.0,24.2,23.65,23.75,60.0,1204.0,0.4093686993408203,True,PUT,2026-07-17,NVDA
NVDA260717P00200000,200.0,27.1,26.35,26.5,182.0,2387.0,0.40396714202880857,True,PUT,2026-07-17,NVDA
NVDA260717P00210000,210.0,31.7,32.45,32.6,5.0,241.0,0.3947509255981446,True,PUT,2026-07-17,NVDA
NVDA260717P00220000,220.0,38.9,39.15,39.3,12.0,289.0,0.38422246643066404,True,PUT,2026-07-17,NVDA
NVDA260717P00230000,230.0,45.45,46.5,46.6,11.0,323.0,0.37317521362304684,True,PUT,2026-07-17,NVDA
NVDA260717P00240000,240.0,55.65,54.45,54.55,5.0,347.0,0.3642031353759766,True,PUT,2026-07-17,NVDA
NVDA260821C00135000,135.0,63.8,63.65,64.2,1.0,229.0,0.5820964642333983,True,CALL,2026-08-21,NVDA
NVDA260821C00140000,140.0,57.37,59.65,60.1,1.0,493.0,0.5674481732177734,True,CALL,2026-08-21,NVDA
NVDA260821C00145000,145.0,53.87,55.8,56.4,1.0,340.0,0.5579878186035157,True,CALL,2026-08-21,NVDA
NVDA260821C00150000,150.0,48.65,52.1,52.6,5.0,1153.0,0.5468184967041017,True,CALL,2026-08-21,NVDA
NVDA260821C00155000,155.0,47.72,48.45,49.0,13.0,791.0,0.5363205548095704,True,CALL,2026-08-21,NVDA
NVDA260821C00160000,160.0,42.3,45.15,45.5,12.0,1276.0,0.5285081329345704,True,CALL,2026-08-21,NVDA
NVDA260821C00165000,165.0,38.83,41.8,41.9,2.0,1202.0,0.5166979483032227,True,CALL,2026-08-21,NVDA
NVDA260821C00170000,170.0,36.54,38.6,38.75,22.0,1641.0,0.508793974609375,True,CALL,2026-08-21,NVDA
NVDA260821C00175000,175.0,33.65,35.6,35.7,9.0,1615.0,0.5014087945556642,True,CALL,2026-08-21,NVDA
NVDA260821C00180000,180.0,32.1,32.8,32.9,14.0,6256.0,0.4967396517944337,True,CALL,2026-08-21,NVDA
NVDA260821C00185000,185.0,30.25,30.05,30.15,50.0,2948.0,0.4896291271972657,True,CALL,2026-08-21,NVDA
NVDA260821C00190000,190.0,27.75,27.55,27.7,268.0,6926.0,0.48550929534912113,True,CALL,2026-08-21,NVDA
NVDA260821C00195000,195.0,25.43,25.2,25.35,48.0,2552.0,0.48077911804199214,False,CALL,2026-08-21,NVDA
NVDA260821C00200000,200.0,23.0,22.95,23.1,272.0,3892.0,0.47546911254882807,False,CALL,2026-08-21,NVDA
NVDA260821C00210000,210.0,19.1,19.05,19.2,366.0,4867.0,0.46851117431640626,False,CALL,2026-08-21,NVDA
NVDA260821C00220000,220.0,15.7,15.75,15.85,660.0,3269.0,0.46246875427246104,False,CALL,2026-08-21,NVDA
NVDA260821C00230000,230.0,12.95,12.9,13.0,125.0,3424.0,0.45715874877929696,False,CALL,2026-08-21,NVDA
NVDA260821C00240000,240.0,10.57,10.65,10.7,217.0,4344.0,0.4544732287597656,False,CALL,2026-08-21,NVDA
NVDA260821P00135000,135.0,5.15,5.1,5.15,71.0,4990.0,0.4796804962158203,False,PUT,2026-08-21,NVDA
NVDA260821P00140000,140.0,6.1,6.0,6.1,10.0,11609.0,0.47308876525878907,False,PUT,2026-08-21,NVDA
NVDA260821P00145000,145.0,7.1,7.05,7.15,113.0,7769.0,0.4660697924804688,False,PUT,2026-08-21,NVDA
NVDA260821P00150000,150.0,8.26,8.25,8.3,153.0,5167.0,0.45862357788085945,False,PUT,2026-08-21,NVDA
NVDA260821P00155000,155.0,9.55,9.5,9.65,1080.0,3914.0,0.45300839965820316,False,PUT,2026-08-21,NVDA
NVDA260821P00160000,160.0,11.05,11.0,11.05,31.0,7907.0,0.44540959869384766,False,PUT,2026-08-21,NVDA
NVDA260821P00165000,165.0,12.7,12.5,12.65,61.0,5410.0,0.4392451095581055,False,PUT,2026-08-21,NVDA
NVDA260821P00170000,170.0,14.45,14.35,14.45,1009.0,8996.0,0.4341792422485352,False,PUT,2026-08-21,NVDA
NVDA260821P00175000,175.0,16.3,16.25,16.3,66.0,7308.0,0.4271297521972657,False,PUT,2026-08-21,NVDA
NVDA260821P00180000,180.0,18.7,18.3,18.4,48.0,6667.0,0.4219418157958984,False,PUT,2026-08-21,NVDA
NVDA260821P00185000,185.0,21.33,20.55,20.65,53.0,2058.0,0.4165707757568359,False,PUT,2026-08-21,NVDA
NVDA260821P00190000,190.0,23.4,23.0,23.1,232.0,1119.0,0.4119626675415039,False,PUT,2026-08-21,NVDA
NVDA260821P00195000,195.0,25.85,25.55,25.7,77.0,519.0,0.40714093841552734,True,PUT,2026-08-21,NVDA
NVDA260821P00200000,200.0,28.7,28.35,28.45,26.0,1330.0,0.40216662292480465,True,PUT,2026-08-21,NVDA
NVDA260821P00210000,210.0,34.45,34.3,34.5,30.0,650.0,0.393560751953125,True,PUT,2026-08-21,NVDA
NVDA260821P00220000,220.0,42.51,40.95,41.15,5.0,275.0,0.38495488098144526,True,PUT,2026-08-21,NVDA
NVDA260821P00230000,230.0,48.0,48.2,48.35,8.0,459.0,0.37601332000732424,True,PUT,2026-08-21,NVDA
NVDA260821P00240000,240.0,59.04,55.85,56.0,12.0,443.0,0.3655458953857422,True,PUT,2026-08-21,NVDA
NVDA260918C00135000,135.0,62.29,64.95,65.6,4.0,2427.0,0.5821574987792968,True,CALL,2026-09-18,NVDA
NVDA260918C00140000,140.0,60.3,60.8,61.65,178.0,14211.0,0.5661054132080079,True,CALL,2026-09-18,NVDA
NVDA260918C00145000,145.0,54.3,57.35,57.9,91.0,2944.0,0.5592695440673829,True,CALL,2026-09-18,NVDA
NVDA260918C00150000,150.0,53.85,53.75,54.35,41.0,20056.0,0.5506026385498048,True,CALL,2026-09-18,NVDA
NVDA260918C00155000,155.0,50.15,50.25,50.8,7.0,4639.0,0.5409286630249025,True,CALL,2026-09-18,NVDA
NVDA260918C00160000,160.0,46.87,46.95,47.45,57.0,3584.0,0.5332993447875977,True,CALL,2026-09-18,NVDA
NVDA260918C00165000,165.0,43.73,43.7,43.85,19.0,8018.0,0.521641746520996,True,CALL,2026-09-18,NVDA
NVDA260918C00170000,170.0,40.52,40.6,40.75,90.0,6375.0,0.5142260491943358,True,CALL,2026-09-18,NVDA
NVDA260918C00175000,175.0,38.0,37.75,37.9,119.0,6628.0,0.5092212164306642,True,CALL,2026-09-18,NVDA
NVDA260918C00180000,180.0,34.35,34.95,35.05,88.0,10625.0,0.5025074163818359,True,CALL,2026-09-18,NVDA
NVDA260918C00185000,185.0,32.4,32.3,32.45,52.0,7163.0,0.4984486190795898,True,CALL,2026-09-18,NVDA
NVDA260918C00190000,190.0,29.8,29.8,29.95,212.0,4907.0,0.49313861358642586,True,CALL,2026-09-18,NVDA
NVDA260918C00195000,195.0,27.0,27.55,27.65,44.0,4738.0,0.48911033355712896,False,CALL,2026-09-18,NVDA
NVDA260918C00200000,200.0,25.3,25.3,25.45,300.0,15460.0,0.48468532897949224,False,CALL,2026-09-18,NVDA
NVDA260918C00210000,210.0,21.25,21.4,21.55,342.0,11141.0,0.478246184387207,False,CALL,2026-09-18,NVDA
NVDA260918C00220000,220.0,18.0,18.0,18.15,729.0,14369.0,0.4725394543457031,False,CALL,2026-09-18,NVDA
NVDA260918C00230000,230.0,15.2,15.1,15.25,304.0,7518.0,0.4681449670410156,False,CALL,2026-09-18,NVDA
NVDA260918C00240000,240.0,12.69,12.65,12.8,122.0,10459.0,0.4649101361083985,False,CALL,2026-09-18,NVDA
NVDA260918P00135000,135.0,5.7,6.0,6.1,24.0,13462.0,0.47900911621093745,False,PUT,2026-09-18,NVDA
NVDA260918P00140000,140.0,7.15,7.0,7.1,78.0,23712.0,0.47162393615722653,False,PUT,2026-09-18,NVDA
NVDA260918P00145000,145.0,8.25,8.15,8.25,107.0,9971.0,0.4653068606567383,False,PUT,2026-09-18,NVDA
NVDA260918P00150000,150.0,9.55,9.4,9.5,31.0,24268.0,0.45856254333496105,False,PUT,2026-09-18,NVDA
NVDA260918P00155000,155.0,10.9,10.8,10.95,358.0,10592.0,0.45358822784423825,False,PUT,2026-09-18,NVDA
NVDA260918P00160000,160.0,12.6,12.35,12.5,62.0,15635.0,0.44788149780273434,False,PUT,2026-09-18,NVDA
NVDA260918P00165000,165.0,14.3,14.0,14.15,81.0,7069.0,0.44147287048339845,False,PUT,2026-09-18,NVDA
NVDA260918P00170000,170.0,16.1,15.9,16.0,105.0,17588.0,0.4363154513549804,False,PUT,2026-09-18,NVDA
NVDA260918P00175000,175.0,18.1,17.8,17.95,144.0,8543.0,0.43039510040283213,False,PUT,2026-09-18,NVDA
NVDA260918P00180000,180.0,20.1,20.0,20.1,30.0,12956.0,0.42545130218505867,False,PUT,2026-09-18,NVDA
NVDA260918P00185000,185.0,22.5,22.25,22.35,51.0,11270.0,0.4197140548706054,False,PUT,2026-09-18,NVDA
NVDA260918P00190000,190.0,25.05,24.7,24.8,410.0,6394.0,0.41486180847167964,False,PUT,2026-09-18,NVDA
NVDA260918P00195000,195.0,26.78,27.35,27.5,22.0,2506.0,0.411688012084961,True,PUT,2026-09-18,NVDA
NVDA260918P00200000,200.0,30.8,30.1,30.25,2.0,5120.0,0.40692731750488287,True,PUT,2026-09-18,NVDA
NVDA260918P00210000,210.0,36.5,36.05,36.2,1.0,1563.0,0.39761954925537113,True,PUT,2026-09-18,NVDA
NVDA260918P00220000,220.0,43.01,42.6,42.75,3.0,2385.0,0.38898316101074215,True,PUT,2026-09-18,NVDA
NVDA260918P00230000,230.0,51.0,49.6,49.8,50.0,267.0,0.37982797912597654,True,PUT,2026-09-18,NVDA
NVDA260918P00240000,240.0,59.5,57.2,57.4,27.0,307.0,0.3718019363403321,True,PUT,2026-09-18,NVDA
NVDA261120C00135000,135.0,64.47,67.85,68.55,10.0,48.0,0.583286637878418,True,CALL,2026-11-20,NVDA
NVDA261120C00140000,140.0,61.65,64.0,64.8,72.0,93.0,0.5706524868774415,True,CALL,2026-11-20,NVDA
NVDA261120C00145000,145.0,58.5,60.45,61.0,1.0,70.0,0.5592390267944337,True,CALL,2026-11-20,NVDA
NVDA261120C00150000,150.0,53.9,57.0,57.65,41.0,266.0,0.5517317776489258,True,CALL,2026-11-20,NVDA
NVDA261120C00155000,155.0,54.45,53.7,54.45,4.0,105.0,0.5452315985107423,True,CALL,2026-11-20,NVDA
NVDA261120C00160000,160.0,48.45,50.5,51.05,2.0,116.0,0.5361679684448243,True,CALL,2026-11-20,NVDA
NVDA261120C00165000,165.0,46.85,47.5,47.7,3.0,24.0,0.5277146838378908,True,CALL,2026-11-20,NVDA
NVDA261120C00170000,170.0,43.4,44.55,44.75,1.0,66.0,0.5214281256103515,True,CALL,2026-11-20,NVDA
NVDA261120C00175000,175.0,41.42,41.8,41.95,6.0,69.0,0.5162707064819335,True,CALL,2026-11-20,NVDA
NVDA261120C00180000,180.0,38.8,39.1,39.25,4.0,2318.0,0.5106555282592774,True,CALL,2026-11-20,NVDA
NVDA261120C00185000,185.0,34.43,36.55,36.75,7.0,868.0,0.506138971862793,True,CALL,2026-11-20,NVDA
NVDA261120C00190000,190.0,32.4,34.2,34.4,9.0,72.0,0.5026294854736328,True,CALL,2026-11-20,NVDA
NVDA261120C00195000,195.0,30.14,31.85,32.05,3.0,139.0,0.499028447265625,False,CALL,2026-11-20,NVDA
NVDA261120C00200000,200.0,29.7,29.7,29.9,47.0,257.0,0.4953663745117188,False,CALL,2026-11-20,NVDA
NVDA261120C00210000,210.0,25.55,25.8,25.95,26.0,176.0,0.4886830917358399,False,CALL,2026-11-20,NVDA
NVDA261120C00220000,220.0,22.25,22.35,22.5,127.0,691.0,0.4835867071533204,False,CALL,2026-11-20,NVDA
NVDA261120C00230000,230.0,19.42,19.3,19.5,20.0,351.0,0.4797415307617187,False,CALL,2026-11-20,NVDA
NVDA261120C00240000,240.0,16.8,16.7,16.85,12.0,237.0,0.4761099752807617,False,CALL,2026-11-20,NVDA
NVDA261120P00135000,135.0,7.68,7.85,7.95,2.0,403.0,0.4721732470703125,False,PUT,2026-11-20,NVDA
NVDA261120P00140000,140.0,8.67,9.05,9.15,200.0,8614.0,0.4664970343017578,False,PUT,2026-11-20,NVDA
NVDA261120P00145000,145.0,10.46,10.35,10.5,2.0,353.0,0.4617058224487305,False,PUT,2026-11-20,NVDA
NVDA261120P00150000,150.0,11.8,11.75,11.85,3.0,574.0,0.45456478057861327,False,PUT,2026-11-20,NVDA
NVDA261120P00155000,155.0,14.2,13.3,13.45,1.0,269.0,0.4500787414550781,False,PUT,2026-11-20,NVDA
NVDA261120P00160000,160.0,15.12,14.95,15.1,1.0,1426.0,0.4442804595947265,False,PUT,2026-11-20,NVDA
NVDA261120P00165000,165.0,16.94,16.8,16.95,5.0,539.0,0.4398554550170898,False,PUT,2026-11-20,NVDA
NVDA261120P00170000,170.0,18.75,18.75,18.9,65.0,1533.0,0.4349726913452149,False,PUT,2026-11-20,NVDA
NVDA261120P00175000,175.0,21.1,20.8,21.0,7.0,853.0,0.4304256176757813,False,PUT,2026-11-20,NVDA
NVDA261120P00180000,180.0,23.45,23.0,23.2,4.0,743.0,0.42542078491210944,False,PUT,2026-11-20,NVDA
NVDA261120P00185000,185.0,27.15,25.4,25.6,53.0,648.0,0.4215145739746094,False,PUT,2026-11-20,NVDA
NVDA261120P00190000,190.0,29.0,27.9,28.05,377.0,110.0,0.4163876721191406,False,PUT,2026-11-20,NVDA
NVDA261120P00195000,195.0,30.5,30.5,30.7,16.0,44.0,0.4122983575439453,True,PUT,2026-11-20,NVDA
NVDA261120P00200000,200.0,35.55,33.25,33.45,1.0,1504.0,0.4078123184204102,True,PUT,2026-11-20,NVDA
NVDA261120P00210000,210.0,40.2,39.2,39.4,1.0,3.0,0.39987782745361333,True,PUT,2026-11-20,NVDA
NVDA261120P00220000,220.0,46.45,45.65,45.85,3.0,3.0,0.3920959228515625,True,PUT,2026-11-20,NVDA
NVDA261120P00230000,230.0,51.85,52.55,52.8,43.0,50.0,0.3848633291625976,True,PUT,2026-11-20,NVDA
NVDA261120P00240000,240.0,59.13,59.9,60.1,8.0,3.0,0.37625745819091794,True,PUT,2026-11-20,NVDA
NVDA261218C00134000,134.0,69.68,69.5,69.9,12.0,2125.0,0.5756268023681641,True,CALL,2026-12-18,NVDA
NVDA261218C00135000,135.0,65.7,68.7,69.4,1.0,3065.0,0.5755047332763672,True,CALL,2026-12-18,NVDA
NVDA261218C00136000,136.0,68.84,68.0,68.6,2.0,2108.0,0.5731854205322267,True,CALL,2026-12-18,NVDA
NVDA261218C00138000,138.0,63.8,66.55,67.2,1.0,2946.0,0.5699505895996093,True,CALL,2026-12-18,NVDA
NVDA261218C00140000,140.0,61.82,65.15,65.85,14.0,12038.0,0.5674481732177734,True,CALL,2026-12-18,NVDA
NVDA261218C00142000,142.0,63.05,63.75,64.45,8.0,1243.0,0.5641828250122071,True,CALL,2026-12-18,NVDA
NVDA261218C00144000,144.0,59.15,62.4,62.95,10.0,1300.0,0.5601850622558593,True,CALL,2026-12-18,NVDA
NVDA261218C00145000,145.0,59.8,61.65,62.35,3.0,3577.0,0.5588117849731445,True,CALL,2026-12-18,NVDA
NVDA261218C00146000,146.0,59.94,60.95,61.3,1.0,2141.0,0.5535933312988282,True,CALL,2026-12-18,NVDA
NVDA261218C00148000,148.0,58.25,59.65,60.25,10.0,9068.0,0.5538069522094727,True,CALL,2026-12-18,NVDA
NVDA261218C00150000,150.0,58.31,58.1,58.75,13.0,17217.0,0.5473067730712893,True,CALL,2026-12-18,NVDA
NVDA261218C00152000,152.0,58.0,57.05,57.6,1.0,911.0,0.5482528085327151,True,CALL,2026-12-18,NVDA
NVDA261218C00154000,154.0,47.7,55.65,56.35,1.0,3820.0,0.5448653912353516,True,CALL,2026-12-18,NVDA
NVDA261218C00155000,155.0,54.58,54.75,55.55,1.0,1092.0,0.5398300411987306,True,CALL,2026-12-18,NVDA
NVDA261218C00156000,156.0,54.6,54.5,54.9,1.0,2232.0,0.5416915948486329,True,CALL,2026-12-18,NVDA
NVDA261218C00158000,158.0,50.16,53.1,53.75,3.0,1009.0,0.5387009020996094,True,CALL,2026-12-18,NVDA
NVDA261218C00160000,160.0,51.55,51.9,52.05,42.0,17593.0,0.5325364129638672,True,CALL,2026-12-18,NVDA
NVDA261218C00162000,162.0,48.43,50.7,50.85,6.0,1111.0,0.5303391693115236,True,CALL,2026-12-18,NVDA
NVDA261218C00164000,164.0,49.7,49.45,49.6,1.0,31613.0,0.5271043383789062,True,CALL,2026-12-18,NVDA
NVDA261218C00165000,165.0,48.17,48.85,49.05,5.0,2359.0,0.5261888201904297,True,CALL,2026-12-18,NVDA
NVDA261218C00166000,166.0,45.11,48.3,48.45,1.0,903.0,0.5252122674560546,True,CALL,2026-12-18,NVDA
NVDA261218C00167000,167.0,46.6,47.7,47.85,10.0,558.0,0.5237779556274414,True,CALL,2026-12-18,NVDA
NVDA261218C00168000,168.0,48.0,47.15,47.3,1.0,1102.0,0.5230760583496092,True,CALL,2026-12-18,NVDA
NVDA261218C00169000,169.0,46.75,46.55,46.75,1.0,1343.0,0.5218858847045899,True,CALL,2026-12-18,NVDA
NVDA261218C00170000,170.0,46.1,46.0,46.15,237.0,7420.0,0.520665193786621,True,CALL,2026-12-18,NVDA
NVDA261218C00171000,171.0,46.59,45.4,45.6,2.0,1338.0,0.519383468322754,True,CALL,2026-12-18,NVDA
NVDA261218C00172000,172.0,45.67,44.85,45.05,2.0,1379.0,0.5184069155883789,True,CALL,2026-12-18,NVDA
NVDA261218C00173000,173.0,45.09,44.3,44.5,3.0,288.0,0.5173998455810547,True,CALL,2026-12-18,NVDA
NVDA261218C00174000,174.0,44.72,43.8,43.95,1.0,2373.0,0.5166979483032227,True,CALL,2026-12-18,NVDA
NVDA261218C00175000,175.0,43.15,43.25,43.4,217.0,4307.0,0.5155382919311523,True,CALL,2026-12-18,NVDA
NVDA261218C00176000,176.0,42.51,42.7,42.9,11.0,14589.0,0.5147143255615234,True,CALL,2026-12-18,NVDA
NVDA261218C00177000,177.0,42.8,42.15,42.3,4.0,1618.0,0.5130663928222656,True,CALL,2026-12-18,NVDA
NVDA261218C00178000,178.0,39.05,41.65,41.8,2.0,2030.0,0.5124865646362304,True,CALL,2026-12-18,NVDA
NVDA261218C00179000,179.0,40.22,41.1,41.25,12.0,2240.0,0.5111132873535156,True,CALL,2026-12-18,NVDA
NVDA261218C00180000,180.0,40.7,40.6,40.8,102.0,22234.0,0.5107775973510743,True,CALL,2026-12-18,NVDA
NVDA261218C00181000,181.0,39.7,40.1,40.3,3.0,2343.0,0.5100146655273439,True,CALL,2026-12-18,NVDA
NVDA261218C00182000,182.0,38.95,39.6,39.75,1.0,1278.0,0.5088244918823243,True,CALL,2026-12-18,NVDA
NVDA261218C00183000,183.0,39.8,39.05,39.2,1.0,1519.0,0.5072070764160157,True,CALL,2026-12-18,NVDA
NVDA261218C00184000,184.0,37.59,38.6,38.75,12.0,1807.0,0.5070239727783203,True,CALL,2026-12-18,NVDA
NVDA261218C00185000,185.0,38.12,38.1,38.25,236.0,4890.0,0.5060169027709961,True,CALL,2026-12-18,NVDA
NVDA261218C00186000,186.0,37.25,37.6,37.8,2.0,704.0,0.5053150054931641,True,CALL,2026-12-18,NVDA
NVDA261218C00187000,187.0,34.95,37.1,37.3,72.0,1127.0,0.5042163836669922,True,CALL,2026-12-18,NVDA
NVDA261218C00188000,188.0,37.01,36.6,36.8,47.0,2084.0,0.5030262100219728,True,CALL,2026-12-18,NVDA
NVDA261218C00189000,189.0,36.1,36.15,36.35,240.0,4159.0,0.5025379336547852,True,CALL,2026-12-18,NVDA
NVDA261218C00190000,190.0,35.82,35.75,35.9,47.0,8452.0,0.5023243127441408,True,CALL,2026-12-18,NVDA
NVDA261218C00191000,191.0,33.91,35.25,35.45,8.0,644.0,0.5013477600097658,False,CALL,2026-12-18,NVDA
NVDA261218C00192000,192.0,33.05,34.8,34.95,15.0,1027.0,0.5003101727294923,False,CALL,2026-12-18,NVDA
NVDA261218C00193000,193.0,32.71,34.4,34.5,17.0,1163.0,0.5006306040954589,False,CALL,2026-12-18,NVDA
NVDA261218C00194000,194.0,33.7,33.9,34.05,20.0,12915.0,0.4998218963623047,False,CALL,2026-12-18,NVDA
NVDA261218C00195000,195.0,31.9,33.5,33.6,71.0,3420.0,0.49896741271972656,False,CALL,2026-12-18,NVDA
NVDA261218C00200000,200.0,31.45,31.35,31.5,214.0,26493.0,0.49597671997070314,False,CALL,2026-12-18,NVDA
NVDA261218C00205000,205.0,27.32,29.3,29.45,12.0,2524.0,0.49231464721679696,False,CALL,2026-12-18,NVDA
NVDA261218C00210000,210.0,27.46,27.4,27.55,226.0,5284.0,0.4894155062866212,False,CALL,2026-12-18,NVDA
NVDA261218C00212000,212.0,26.18,26.65,26.85,1.0,1267.0,0.48874412628173836,False,CALL,2026-12-18,NVDA
NVDA261218C00213000,213.0,25.05,26.35,26.5,96.0,916.0,0.4883168844604493,False,CALL,2026-12-18,NVDA
NVDA261218C00214000,214.0,25.19,25.95,26.05,8.0,938.0,0.4864553308105469,False,CALL,2026-12-18,NVDA
NVDA261218C00215000,215.0,25.25,25.6,25.7,73.0,4625.0,0.4859365371704102,False,CALL,2026-12-18,NVDA
NVDA261218C00216000,216.0,24.05,25.25,25.4,52.0,439.0,0.4860586062622071,False,CALL,2026-12-18,NVDA
NVDA261218C00217000,217.0,24.65,24.95,25.05,9.0,628.0,0.4854482608032227,False,CALL,2026-12-18,NVDA
NVDA261218C00218000,218.0,24.45,24.55,24.65,6.0,729.0,0.4840749835205078,False,CALL,2026-12-18,NVDA
NVDA261218C00219000,219.0,22.15,24.25,24.4,2.0,420.0,0.48474636352539063,False,CALL,2026-12-18,NVDA
NVDA261218C00220000,220.0,23.95,23.95,24.0,284.0,7733.0,0.48328153442382815,False,CALL,2026-12-18,NVDA
NVDA261218C00221000,221.0,23.4,23.6,23.7,19.0,1771.0,0.4831594653320313,False,CALL,2026-12-18,NVDA
NVDA261218C00222000,222.0,24.0,23.25,23.35,10.0,1220.0,0.4822744644165039,False,CALL,2026-12-18,NVDA
NVDA261218C00223000,223.0,23.25,22.95,23.05,25.0,1211.0,0.4820608435058594,False,CALL,2026-12-18,NVDA
NVDA261218C00224000,224.0,22.2,22.6,22.7,20.0,695.0,0.4810842907714844,False,CALL,2026-12-18,NVDA
NVDA261218C00225000,225.0,22.48,22.35,22.4,226.0,9562.0,0.48077911804199214,False,CALL,2026-12-18,NVDA
NVDA261218C00226000,226.0,21.6,22.05,22.1,110.0,1478.0,0.48041291076660153,False,CALL,2026-12-18,NVDA
NVDA261218C00227000,227.0,20.65,21.7,21.8,117.0,856.0,0.4800161862182617,False,CALL,2026-12-18,NVDA
NVDA261218C00228000,228.0,21.25,21.4,21.55,5.0,26202.0,0.4802603244018554,False,CALL,2026-12-18,NVDA
NVDA261218C00230000,230.0,20.57,20.9,20.95,26.0,7980.0,0.47922273712158203,False,CALL,2026-12-18,NVDA
NVDA261218C00235000,235.0,19.45,19.45,19.55,6.0,2511.0,0.47723911437988287,False,CALL,2026-12-18,NVDA
NVDA261218C00240000,240.0,18.27,18.2,18.3,2412.0,9864.0,0.47629307891845707,False,CALL,2026-12-18,NVDA
NVDA261218C00245000,245.0,17.05,16.95,17.1,30.0,2084.0,0.475041870727539,False,CALL,2026-12-18,NVDA
NVDA261218P00134000,134.0,8.05,8.25,8.4,36.0,2778.0,0.46845013977050787,False,PUT,2026-12-18,NVDA
NVDA261218P00135000,135.0,8.55,8.5,8.65,202.0,4218.0,0.46762617340087886,False,PUT,2026-12-18,NVDA
NVDA261218P00136000,136.0,9.5,8.75,8.9,1.0,1579.0,0.4667106552124024,False,PUT,2026-12-18,NVDA
NVDA261218P00138000,138.0,9.3,9.3,9.3,16.0,3741.0,0.4624077197265626,False,PUT,2026-12-18,NVDA
NVDA261218P00140000,140.0,9.93,9.7,9.85,28.0,16066.0,0.4610344424438477,False,PUT,2026-12-18,NVDA
NVDA261218P00142000,142.0,10.5,10.25,10.4,1.0,958.0,0.45926444061279303,False,PUT,2026-12-18,NVDA
NVDA261218P00144000,144.0,10.85,10.8,10.95,114.0,1094.0,0.45712823150634774,False,PUT,2026-12-18,NVDA
NVDA261218P00145000,145.0,11.37,11.1,11.25,689.0,5839.0,0.45642633422851564,False,PUT,2026-12-18,NVDA
NVDA261218P00146000,146.0,11.07,11.35,11.45,11.0,3462.0,0.4536492623901367,False,PUT,2026-12-18,NVDA
NVDA261218P00148000,148.0,12.81,11.95,12.1,1.0,2552.0,0.4527947787475586,False,PUT,2026-12-18,NVDA
NVDA261218P00150000,150.0,12.64,12.55,12.7,28.0,18865.0,0.45059753509521483,False,PUT,2026-12-18,NVDA
NVDA261218P00152000,152.0,12.95,13.2,13.35,1.0,1179.0,0.4489801196289062,False,PUT,2026-12-18,NVDA
NVDA261218P00154000,154.0,13.94,13.85,14.0,100.0,896.0,0.446996496887207,False,PUT,2026-12-18,NVDA
NVDA261218P00155000,155.0,14.27,14.15,14.25,926.0,3563.0,0.44455511505126954,False,PUT,2026-12-18,NVDA
NVDA261218P00156000,156.0,14.25,14.5,14.65,13.0,1184.0,0.44470770141601557,False,PUT,2026-12-18,NVDA
NVDA261218P00158000,158.0,14.81,15.2,15.3,33.0,2759.0,0.44208321594238287,False,PUT,2026-12-18,NVDA
NVDA261218P00160000,160.0,16.0,15.85,16.0,8.0,20572.0,0.4400080413818359,False,PUT,2026-12-18,NVDA
NVDA261218P00162000,162.0,17.14,16.55,16.7,2.0,1408.0,0.4376276940917969,False,PUT,2026-12-18,NVDA
NVDA261218P00164000,164.0,17.87,17.3,17.45,5.0,839.0,0.43576614044189454,False,PUT,2026-12-18,NVDA
NVDA261218P00165000,165.0,17.85,17.75,17.9,75.0,4149.0,0.4359492440795898,False,PUT,2026-12-18,NVDA
NVDA261218P00166000,166.0,18.24,18.1,18.25,6.0,739.0,0.4343928631591797,False,PUT,2026-12-18,NVDA
NVDA261218P00167000,167.0,18.45,18.5,18.65,308.0,1171.0,0.4335994140625,False,PUT,2026-12-18,NVDA
NVDA261218P00168000,168.0,19.33,18.9,19.0,10.0,1253.0,0.4318904467773438,False,PUT,2026-12-18,NVDA
NVDA261218P00169000,169.0,19.65,19.3,19.45,12.0,514.0,0.43173786041259765,False,PUT,2026-12-18,NVDA
NVDA261218P00170000,170.0,19.8,19.7,19.85,331.0,12585.0,0.43066975585937506,False,PUT,2026-12-18,NVDA
NVDA261218P00171000,171.0,20.2,20.1,20.25,3.0,2096.0,0.42957113403320313,False,PUT,2026-12-18,NVDA
NVDA261218P00172000,172.0,21.15,20.5,20.65,2.0,1153.0,0.4283504431152344,False,PUT,2026-12-18,NVDA
NVDA261218P00173000,173.0,21.3,20.95,21.15,9.0,302.0,0.42862509857177733,False,PUT,2026-12-18,NVDA
NVDA261218P00174000,174.0,21.8,21.4,21.55,7.0,1386.0,0.4272823385620118,False,PUT,2026-12-18,NVDA
NVDA261218P00175000,175.0,21.96,21.8,21.95,28.0,5117.0,0.4258480267333985,False,PUT,2026-12-18,NVDA
NVDA261218P00176000,176.0,23.08,22.25,22.35,4.0,923.0,0.42438319763183596,False,PUT,2026-12-18,NVDA
NVDA261218P00177000,177.0,23.75,22.7,22.9,4.0,616.0,0.4250545776367188,False,PUT,2026-12-18,NVDA
NVDA261218P00178000,178.0,24.3,23.1,23.25,2.0,2003.0,0.4226742303466796,False,PUT,2026-12-18,NVDA
NVDA261218P00179000,179.0,24.73,23.6,23.7,4.0,1209.0,0.4217281948852539,False,PUT,2026-12-18,NVDA
NVDA261218P00180000,180.0,24.7,24.1,24.25,51.0,9019.0,0.4221859539794922,False,PUT,2026-12-18,NVDA
NVDA261218P00181000,181.0,25.98,24.55,24.7,3.0,612.0,0.42105681488037117,False,PUT,2026-12-18,NVDA
NVDA261218P00182000,182.0,25.4,25.0,25.2,5.0,1213.0,0.4206295730590821,False,PUT,2026-12-18,NVDA
NVDA261218P00183000,183.0,27.2,25.5,25.65,2.0,1863.0,0.41937836486816404,False,PUT,2026-12-18,NVDA
NVDA261218P00184000,184.0,27.75,25.95,26.05,2.0,794.0,0.4173031903076171,False,PUT,2026-12-18,NVDA
NVDA261218P00185000,185.0,26.65,26.4,26.6,39.0,6604.0,0.41736422485351554,False,PUT,2026-12-18,NVDA
NVDA261218P00186000,186.0,27.15,26.9,27.1,151.0,1084.0,0.41663181030273433,False,PUT,2026-12-18,NVDA
NVDA261218P00187000,187.0,27.61,27.45,27.65,16.0,1314.0,0.41654025848388665,False,PUT,2026-12-18,NVDA
NVDA261218P00188000,188.0,28.13,27.9,28.1,14.0,695.0,0.4149228430175781,False,PUT,2026-12-18,NVDA
NVDA261218P00189000,189.0,29.57,28.4,28.6,4.0,989.0,0.4139768075561523,False,PUT,2026-12-18,NVDA
NVDA261218P00190000,190.0,29.16,29.0,29.15,41.0,2791.0,0.41367163482666014,False,PUT,2026-12-18,NVDA
NVDA261218P00191000,191.0,28.85,29.5,29.7,19.0,441.0,0.4132749102783203,True,PUT,2026-12-18,NVDA
NVDA261218P00192000,192.0,32.08,29.95,30.15,2.0,548.0,0.41138283935546877,True,PUT,2026-12-18,NVDA
NVDA261218P00193000,193.0,30.0,30.5,30.7,22.0,643.0,0.4108640457153321,True,PUT,2026-12-18,NVDA
NVDA261218P00194000,194.0,32.3,31.05,31.25,51.0,1182.0,0.41025370025634766,True,PUT,2026-12-18,NVDA
NVDA261218P00195000,195.0,31.85,31.6,31.8,22.0,1383.0,0.4095823202514648,True,PUT,2026-12-18,NVDA
NVDA261218P00200000,200.0,35.5,34.3,34.5,10.0,3035.0,0.40451645294189453,True,PUT,2026-12-18,NVDA
NVDA261218P00205000,205.0,37.76,37.25,37.4,7.0,735.0,0.40051869018554687,True,PUT,2026-12-18,NVDA
NVDA261218P00210000,210.0,39.91,40.3,40.55,35.0,1882.0,0.39835196380615234,True,PUT,2026-12-18,NVDA
NVDA261218P00212000,212.0,42.06,41.45,41.65,3.0,162.0,0.3947814428710938,True,PUT,2026-12-18,NVDA
NVDA261218P00213000,213.0,42.25,42.15,42.3,7.0,143.0,0.3942931665039063,True,PUT,2026-12-18,NVDA
NVDA261218P00214000,214.0,45.68,42.85,43.0,11.0,192.0,0.39444575286865236,True,PUT,2026-12-18,NVDA
NVDA261218P00215000,215.0,46.05,43.45,43.6,1.0,1561.0,0.39313351013183595,True,PUT,2026-12-18,NVDA
NVDA261218P00216000,216.0,44.65,44.1,44.25,31.0,591.0,0.3924621301269531,True,PUT,2026-12-18,NVDA
NVDA261218P00217000,217.0,46.66,44.65,44.85,40.0,256.0,0.3909973010253906,True,PUT,2026-12-18,NVDA
NVDA261218P00218000,218.0,52.74,45.4,45.6,1.0,86.0,0.39160764648437496,True,PUT,2026-12-18,NVDA
NVDA261218P00219000,219.0,47.8,46.0,46.15,1.0,132.0,0.38931885101318364,True,PUT,2026-12-18,NVDA
NVDA261218P00220000,220.0,49.0,46.7,46.9,9.0,1305.0,0.38980712738037115,True,PUT,2026-12-18,NVDA
NVDA261218P00221000,221.0,49.24,47.4,47.6,10.0,54.0,0.3895324719238281,True,PUT,2026-12-18,NVDA
NVDA261218P00222000,222.0,49.27,48.05,48.25,2.0,149.0,0.3884643673706054,True,PUT,2026-12-18,NVDA
NVDA261218P00223000,223.0,48.9,48.7,48.9,2.0,54.0,0.38733522827148437,True,PUT,2026-12-18,NVDA
NVDA261218P00224000,224.0,51.49,49.4,49.6,1.0,168.0,0.3868774691772461,True,PUT,2026-12-18,NVDA
NVDA261218P00225000,225.0,51.08,50.05,50.3,12.0,336.0,0.38635867553710934,True,PUT,2026-12-18,NVDA
NVDA261218P00226000,226.0,52.85,50.75,51.0,8.0,25.0,0.3857483300781249,True,PUT,2026-12-18,NVDA
NVDA261218P00227000,227.0,52.01,51.45,51.65,2.0,146.0,0.3843750527954102,True,PUT,2026-12-18,NVDA
NVDA261218P00228000,228.0,52.35,52.15,52.4,2.0,1450.0,0.3843750527954102,True,PUT,2026-12-18,NVDA
NVDA261218P00230000,230.0,55.23,53.55,53.8,18.0,347.0,0.3827576373291015,True,PUT,2026-12-18,NVDA
NVDA261218P00235000,235.0,57.4,57.05,57.25,1.0,50.0,0.37683728637695313,True,PUT,2026-12-18,NVDA
NVDA261218P00240000,240.0,62.65,60.85,61.05,11.0,151.0,0.3746705599975586,True,PUT,2026-12-18,NVDA
NVDA261218P00245000,245.0,64.0,64.6,64.85,3.0,83.0,0.3710084872436523,True,PUT,2026-12-18,NVDA
NVDA270115C00135000,135.0,70.0,70.0,70.45,47.0,18669.0,0.5756878369140624,True,CALL,2027-01-15,NVDA
NVDA270115C00140000,140.0,66.5,66.4,67.0,30.0,13592.0,0.5672345523071288,True,CALL,2027-01-15,NVDA
NVDA270115C00145000,145.0,62.8,63.0,63.5,14.0,4239.0,0.5587507504272461,True,CALL,2027-01-15,NVDA
NVDA270115C00150000,150.0,59.95,59.7,60.25,357.0,18812.0,0.5519453985595704,True,CALL,2027-01-15,NVDA
NVDA270115C00155000,155.0,56.7,56.45,57.0,68.0,6679.0,0.5441024594116212,True,CALL,2027-01-15,NVDA
NVDA270115C00160000,160.0,53.15,53.45,53.6,73.0,90851.0,0.5357102093505859,True,CALL,2027-01-15,NVDA
NVDA270115C00165000,165.0,50.65,50.45,50.6,47.0,7536.0,0.5291795129394532,True,CALL,2027-01-15,NVDA
NVDA270115C00170000,170.0,47.3,47.6,47.8,108.0,12672.0,0.5239305419921875,True,CALL,2027-01-15,NVDA
NVDA270115C00175000,175.0,43.28,44.95,45.1,22.0,9332.0,0.5194750201416016,True,CALL,2027-01-15,NVDA
NVDA270115C00180000,180.0,42.15,42.3,42.45,524.0,39623.0,0.5140124282836914,True,CALL,2027-01-15,NVDA
NVDA270115C00185000,185.0,39.99,39.8,39.95,153.0,11501.0,0.5093280268859863,True,CALL,2027-01-15,NVDA
NVDA270115C00190000,190.0,37.5,37.4,37.6,847.0,21902.0,0.5050708673095703,True,CALL,2027-01-15,NVDA
NVDA270115C00195000,195.0,35.25,35.2,35.35,1105.0,5731.0,0.5015766395568848,False,CALL,2027-01-15,NVDA
NVDA270115C00200000,200.0,33.15,33.05,33.2,1022.0,50716.0,0.49884534362792965,False,CALL,2027-01-15,NVDA
NVDA270115C00210000,210.0,29.05,29.1,29.3,796.0,25201.0,0.49301654449462895,False,CALL,2027-01-15,NVDA
NVDA270115C00220000,220.0,25.6,25.6,25.8,378.0,14984.0,0.4878286080932618,False,CALL,2027-01-15,NVDA
NVDA270115C00230000,230.0,22.57,22.5,22.7,248.0,25661.0,0.4835867071533204,False,CALL,2027-01-15,NVDA
NVDA270115C00240000,240.0,19.8,19.8,20.0,480.0,18614.0,0.4805960144042969,False,CALL,2027-01-15,NVDA
NVDA270115P00135000,135.0,9.31,9.25,9.35,9.0,8516.0,0.4639946179199219,False,PUT,2027-01-15,NVDA
NVDA270115P00140000,140.0,10.85,10.55,10.65,5.0,31729.0,0.4586540951538086,False,PUT,2027-01-15,NVDA
NVDA270115P00145000,145.0,12.43,11.9,12.05,3.0,9932.0,0.4531915032958984,False,PUT,2027-01-15,NVDA
NVDA270115P00150000,150.0,13.55,13.45,13.6,428.0,24064.0,0.4485223605346679,False,PUT,2027-01-15,NVDA
NVDA270115P00155000,155.0,15.37,15.1,15.25,23.0,7609.0,0.44360907958984375,False,PUT,2027-01-15,NVDA
NVDA270115P00160000,160.0,17.0,16.85,17.0,203.0,16662.0,0.4384516604614258,False,PUT,2027-01-15,NVDA
NVDA270115P00165000,165.0,19.45,18.75,18.95,309.0,4064.0,0.4346370013427735,False,PUT,2027-01-15,NVDA
NVDA270115P00170000,170.0,21.1,20.75,20.9,555.0,15594.0,0.42902182312011716,False,PUT,2027-01-15,NVDA
NVDA270115P00175000,175.0,23.02,22.9,23.1,53.0,7534.0,0.425359750366211,False,PUT,2027-01-15,NVDA
NVDA270115P00180000,180.0,25.35,25.2,25.35,155.0,27342.0,0.42069060760498045,False,PUT,2027-01-15,NVDA
NVDA270115P00185000,185.0,28.31,27.55,27.7,638.0,8530.0,0.415746809387207,False,PUT,2027-01-15,NVDA
NVDA270115P00190000,190.0,30.25,30.1,30.25,377.0,10635.0,0.4119321502685547,False,PUT,2027-01-15,NVDA
NVDA270115P00195000,195.0,32.85,32.75,32.95,85.0,2414.0,0.4085447329711914,True,PUT,2027-01-15,NVDA
NVDA270115P00200000,200.0,35.55,35.5,35.65,11.0,9094.0,0.4035399002075196,True,PUT,2027-01-15,NVDA
NVDA270115P00210000,210.0,41.91,41.45,41.65,17.0,2424.0,0.39694816925048826,True,PUT,2027-01-15,NVDA
NVDA270115P00220000,220.0,48.2,47.8,48.0,2.0,1608.0,0.3890441955566406,True,PUT,2027-01-15,NVDA
NVDA270115P00230000,230.0,54.55,54.65,54.9,2.0,1732.0,0.38278815460205073,True,PUT,2027-01-15,NVDA
NVDA270115P00240000,240.0,61.12,61.85,62.05,26.0,1025.0,0.37439590454101557,True,PUT,2027-01-15,NVDA
NVDA270617C00135000,135.0,75.7,75.8,76.5,9.0,8007.0,0.5770611141967773,True,CALL,2027-06-17,NVDA
NVDA270617C00140000,140.0,72.1,72.25,73.25,11.0,3595.0,0.5675397250366211,True,CALL,2027-06-17,NVDA
NVDA270617C00145000,145.0,67.8,69.4,70.1,6.0,727.0,0.5631147204589844,True,CALL,2027-06-17,NVDA
NVDA270617C00150000,150.0,65.78,66.35,67.0,12.0,8933.0,0.5565229895019532,True,CALL,2027-06-17,NVDA
NVDA270617C00155000,155.0,63.7,63.45,64.2,3.0,2661.0,0.552036950378418,True,CALL,2027-06-17,NVDA
NVDA270617C00160000,160.0,59.9,60.7,60.9,3070.0,6279.0,0.5441940112304688,True,CALL,2027-06-17,NVDA
NVDA270617C00165000,165.0,58.23,57.95,58.15,177.0,1181.0,0.5390823680114747,True,CALL,2027-06-17,NVDA
NVDA270617C00170000,170.0,55.57,55.35,55.55,365.0,3928.0,0.5349472775268554,True,CALL,2027-06-17,NVDA
NVDA270617C00175000,175.0,52.73,52.75,53.0,158.0,6009.0,0.5301560656738282,True,CALL,2027-06-17,NVDA
NVDA270617C00180000,180.0,50.2,50.3,50.55,3107.0,17552.0,0.5259751992797851,True,CALL,2027-06-17,NVDA
NVDA270617C00185000,185.0,48.17,48.0,48.2,77.0,4086.0,0.522419936981201,True,CALL,2027-06-17,NVDA
NVDA270617C00190000,190.0,45.85,45.75,46.0,169.0,7157.0,0.5191393301391601,True,CALL,2027-06-17,NVDA
NVDA270617C00195000,195.0,41.34,43.6,43.85,1.0,5581.0,0.5158739819335938,False,CALL,2027-06-17,NVDA
NVDA270617C00200000,200.0,41.85,41.6,41.85,274.0,15945.0,0.5134631173706053,False,CALL,2027-06-17,NVDA
NVDA270617C00210000,210.0,37.56,37.75,37.95,204.0,6825.0,0.5076648355102539,False,CALL,2027-06-17,NVDA
NVDA270617C00220000,220.0,34.1,34.25,34.5,202.0,6847.0,0.5032398309326171,False,CALL,2027-06-17,NVDA
NVDA270617C00230000,230.0,31.15,31.15,31.3,21.0,3214.0,0.5003864659118653,False,CALL,2027-06-17,NVDA
NVDA270617C00240000,240.0,28.41,28.25,28.45,151.0,2601.0,0.4973042213439942,False,CALL,2027-06-17,NVDA
NVDA270617P00135000,135.0,13.0,13.05,13.25,2.0,3559.0,0.4555413333129883,False,PUT,2027-06-17,NVDA
NVDA270617P00140000,140.0,15.5,14.6,14.75,2.0,10384.0,0.4502313278198242,False,PUT,2027-06-17,NVDA
NVDA270617P00145000,145.0,16.43,16.2,16.4,1.0,4877.0,0.44577580596923827,False,PUT,2027-06-17,NVDA
NVDA270617P00150000,150.0,18.64,17.95,18.15,5.0,15854.0,0.44138131866455077,False,PUT,2027-06-17,NVDA
NVDA270617P00155000,155.0,20.9,19.8,20.0,149.0,3099.0,0.4370173486328125,False,PUT,2027-06-17,NVDA
NVDA270617P00160000,160.0,22.1,21.75,21.95,150.0,4863.0,0.43268389587402345,False,PUT,2027-06-17,NVDA
NVDA270617P00165000,165.0,23.65,23.8,24.05,3.0,3222.0,0.42900656448364255,False,PUT,2027-06-17,NVDA
NVDA270617P00170000,170.0,26.35,26.0,26.15,4.0,4647.0,0.42406276626586914,False,PUT,2027-06-17,NVDA
NVDA270617P00175000,175.0,28.23,28.25,28.5,1.0,2434.0,0.4209957803344727,False,PUT,2027-06-17,NVDA
NVDA270617P00180000,180.0,32.25,30.65,30.9,51.0,5378.0,0.4173337075805663,False,PUT,2027-06-17,NVDA
NVDA270617P00185000,185.0,33.4,33.15,33.4,3.0,2939.0,0.4136411175537109,False,PUT,2027-06-17,NVDA
NVDA270617P00190000,190.0,36.08,35.75,35.95,2.0,2118.0,0.4094144752502441,False,PUT,2027-06-17,NVDA
NVDA270617P00195000,195.0,38.55,38.45,38.75,6.0,982.0,0.4069425761413575,True,PUT,2027-06-17,NVDA
NVDA270617P00200000,200.0,40.7,41.25,41.55,5.0,2287.0,0.40335679656982426,True,PUT,2027-06-17,NVDA
NVDA270617P00210000,210.0,47.1,47.2,47.4,1.0,1962.0,0.3958342887878418,True,PUT,2027-06-17,NVDA
NVDA270617P00220000,220.0,53.96,53.45,53.8,21.0,1053.0,0.3903716969299316,True,PUT,2027-06-17,NVDA
NVDA270617P00230000,230.0,59.7,60.1,60.45,21.0,315.0,0.38377996597290037,True,PUT,2027-06-17,NVDA
NVDA270617P00240000,240.0,67.64,67.05,67.4,1.0,890.0,0.3767762518310547,True,PUT,2027-06-17,NVDA
NVDA270917C00135000,135.0,76.7,79.0,79.55,2.0,18.0,0.5764812860107422,True,CALL,2027-09-17,NVDA
NVDA270917C00140000,140.0,75.3,76.05,76.75,7.0,53.0,0.5732769723510743,True,CALL,2027-09-17,NVDA
NVDA270917C00145000,145.0,74.63,72.9,73.8,1.0,37.0,0.5666242068481445,True,CALL,2027-09-17,NVDA
NVDA270917C00150000,150.0,67.15,69.9,70.8,1.0,165.0,0.559849372253418,True,CALL,2027-09-17,NVDA
NVDA270917C00155000,155.0,64.6,67.2,67.9,6.0,77.0,0.5548445394897462,True,CALL,2027-09-17,NVDA
NVDA270917C00160000,160.0,62.2,64.45,65.2,6.0,208.0,0.5499312585449221,True,CALL,2027-09-17,NVDA
NVDA270917C00165000,165.0,61.28,61.9,62.2,2.0,74.0,0.543644700317383,True,CALL,2027-09-17,NVDA
NVDA270917C00170000,170.0,59.37,59.4,59.65,5.0,196.0,0.5395553857421876,True,CALL,2027-09-17,NVDA
NVDA270917C00175000,175.0,56.91,57.0,57.25,2.0,217.0,0.5361221925354005,True,CALL,2027-09-17,NVDA
NVDA270917C00180000,180.0,55.64,54.55,54.85,7.0,329.0,0.5316208947753907,True,CALL,2027-09-17,NVDA
NVDA270917C00185000,185.0,51.95,52.35,52.6,1.0,240.0,0.5286302020263673,True,CALL,2027-09-17,NVDA
NVDA270917C00190000,190.0,48.7,50.2,50.45,16.0,418.0,0.5257158024597168,True,CALL,2027-09-17,NVDA
NVDA270917C00195000,195.0,46.74,48.05,48.35,3.0,658.0,0.522343643798828,False,CALL,2027-09-17,NVDA
NVDA270917C00200000,200.0,44.25,46.05,46.3,8.0,1251.0,0.5193682096862793,False,CALL,2027-09-17,NVDA
NVDA270917C00210000,210.0,41.94,42.4,42.6,7.0,665.0,0.515355188293457,False,CALL,2027-09-17,NVDA
NVDA270917C00220000,220.0,38.5,38.85,39.1,129.0,295.0,0.5103198382568359,False,CALL,2027-09-17,NVDA
NVDA270917C00230000,230.0,34.1,35.7,35.95,120.0,382.0,0.5067798345947265,False,CALL,2027-09-17,NVDA
NVDA270917C00240000,240.0,33.62,32.85,33.1,234.0,1184.0,0.5040485386657714,False,CALL,2027-09-17,NVDA
NVDA270917P00135000,135.0,14.97,15.1,15.35,1.0,80.0,0.45132994964599615,False,PUT,2027-09-17,NVDA
NVDA270917P00140000,140.0,16.6,16.8,16.95,1.0,1582.0,0.4461725305175781,False,PUT,2027-09-17,NVDA
NVDA270917P00145000,145.0,18.91,18.45,18.7,5.0,217.0,0.44193062957763674,False,PUT,2027-09-17,NVDA
NVDA270917P00150000,150.0,20.8,20.3,20.55,13.0,504.0,0.43781079772949216,False,PUT,2027-09-17,NVDA
NVDA270917P00155000,155.0,22.14,22.2,22.5,1.0,147.0,0.4338130349731446,False,PUT,2027-09-17,NVDA
NVDA270917P00160000,160.0,24.1,24.25,24.5,49.0,212.0,0.4292964785766602,False,PUT,2027-09-17,NVDA
NVDA270917P00165000,165.0,26.75,26.4,26.7,1.0,171.0,0.4260921649169922,False,PUT,2027-09-17,NVDA
NVDA270917P00170000,170.0,29.85,28.65,28.85,120.0,197.0,0.4212094012451172,False,PUT,2027-09-17,NVDA
NVDA270917P00175000,175.0,30.75,30.95,31.2,81.0,222.0,0.41760836303710935,False,PUT,2027-09-17,NVDA
NVDA270917P00180000,180.0,34.8,33.4,33.7,120.0,535.0,0.4146634461975098,False,PUT,2027-09-17,NVDA
NVDA270917P00185000,185.0,35.74,35.95,36.25,2.0,318.0,0.4112607702636719,False,PUT,2027-09-17,NVDA
NVDA270917P00190000,190.0,40.15,38.6,38.85,237.0,388.0,0.4074155938720704,False,PUT,2027-09-17,NVDA
NVDA270917P00195000,195.0,42.78,41.35,41.65,1.0,403.0,0.40476059112548823,True,PUT,2027-09-17,NVDA
NVDA270917P00200000,200.0,44.5,44.2,44.45,126.0,458.0,0.4011900701904296,True,PUT,2027-09-17,NVDA
NVDA270917P00210000,210.0,51.5,50.05,50.3,2.0,607.0,0.39397273513793946,True,PUT,2027-09-17,NVDA
NVDA270917P00220000,220.0,57.8,56.3,56.65,3.0,115.0,0.3884643673706054,True,PUT,2027-09-17,NVDA
NVDA270917P00230000,230.0,64.44,62.85,63.2,2.0,11.0,0.38172005004882803,True,PUT,2027-09-17,NVDA
NVDA270917P00240000,240.0,70.86,69.85,70.2,3.0,22.0,0.3764710791015625,True,PUT,2027-09-17,NVDA
NVDA271217C00135000,135.0,81.75,82.1,83.05,2.0,5028.0,0.581882843322754,True,CALL,2027-12-17,NVDA
NVDA271217C00140000,140.0,77.3,79.25,79.9,54.0,6538.0,0.5755810264587402,True,CALL,2027-12-17,NVDA
NVDA271217C00145000,145.0,74.25,76.25,76.85,1.0,5498.0,0.5682568809509276,True,CALL,2027-12-17,NVDA
NVDA271217C00150000,150.0,73.4,73.6,74.3,6.0,14050.0,0.5655255850219728,True,CALL,2027-12-17,NVDA
NVDA271217C00155000,155.0,71.1,70.85,71.55,12.0,10981.0,0.5601545449829101,True,CALL,2027-12-17,NVDA
NVDA271217C00160000,160.0,68.7,68.15,68.9,5.0,4683.0,0.5549666085815431,True,CALL,2027-12-17,NVDA
NVDA271217C00165000,165.0,64.53,65.75,66.05,6.0,2942.0,0.5496871203613283,True,CALL,2027-12-17,NVDA
NVDA271217C00170000,170.0,60.55,63.35,63.65,26.0,5085.0,0.5462844444274904,True,CALL,2027-12-17,NVDA
NVDA271217C00175000,175.0,61.09,60.95,61.25,29.0,5383.0,0.5421798712158206,True,CALL,2027-12-17,NVDA
NVDA271217C00180000,180.0,58.53,58.7,59.0,26.0,8062.0,0.5390365921020509,True,CALL,2027-12-17,NVDA
NVDA271217C00185000,185.0,56.0,56.5,56.8,51.0,4582.0,0.5357712438964843,True,CALL,2027-12-17,NVDA
NVDA271217C00190000,190.0,54.17,54.35,54.65,69.0,7263.0,0.5324143438720703,True,CALL,2027-12-17,NVDA
NVDA271217C00195000,195.0,52.1,52.4,52.65,14.0,5421.0,0.5302476174926759,False,CALL,2027-12-17,NVDA
NVDA271217C00200000,200.0,50.2,50.35,50.65,240.0,38899.0,0.5269517520141601,False,CALL,2027-12-17,NVDA
NVDA271217C00210000,210.0,46.8,46.65,46.9,23.0,21727.0,0.5219621778869628,False,CALL,2027-12-17,NVDA
NVDA271217C00220000,220.0,43.25,43.35,43.55,3.0,5833.0,0.5187120883178712,False,CALL,2027-12-17,NVDA
NVDA271217C00230000,230.0,39.3,40.05,40.35,14.0,20261.0,0.5141497560119628,False,CALL,2027-12-17,NVDA
NVDA271217C00240000,240.0,37.17,37.15,37.45,15.0,5694.0,0.5110522528076171,False,CALL,2027-12-17,NVDA
NVDA271217P00135000,135.0,17.06,17.05,17.2,3.0,5019.0,0.4464166687011719,False,PUT,2027-12-17,NVDA
NVDA271217P00140000,140.0,18.91,18.8,18.95,29.0,15741.0,0.442388388671875,False,PUT,2027-12-17,NVDA
NVDA271217P00145000,145.0,20.47,20.6,20.85,5.0,2304.0,0.4391535577392578,False,PUT,2027-12-17,NVDA
NVDA271217P00150000,150.0,23.75,22.55,22.75,82.0,7609.0,0.4348201049804688,False,PUT,2027-12-17,NVDA
NVDA271217P00155000,155.0,25.54,24.55,24.75,7.0,4012.0,0.43066975585937506,False,PUT,2027-12-17,NVDA
NVDA271217P00160000,160.0,27.3,26.65,26.9,61.0,5608.0,0.4272518212890626,False,PUT,2027-12-17,NVDA
NVDA271217P00165000,165.0,29.99,28.85,29.1,6.0,2964.0,0.4234524208068848,False,PUT,2027-12-17,NVDA
NVDA271217P00170000,170.0,31.9,31.2,31.45,3.0,5573.0,0.42035491760253907,False,PUT,2027-12-17,NVDA
NVDA271217P00175000,175.0,33.92,33.55,33.85,2.0,3390.0,0.4168454312133788,False,PUT,2027-12-17,NVDA
NVDA271217P00180000,180.0,36.53,36.05,36.3,21.0,3503.0,0.41300025482177727,False,PUT,2027-12-17,NVDA
NVDA271217P00185000,185.0,38.44,38.6,38.9,2.0,3088.0,0.40985697570800783,False,PUT,2027-12-17,NVDA
NVDA271217P00190000,190.0,42.15,41.2,41.5,1.0,2571.0,0.40585921295166016,False,PUT,2027-12-17,NVDA
NVDA271217P00195000,195.0,45.18,44.0,44.2,3.0,1124.0,0.4020750711059571,True,PUT,2027-12-17,NVDA
NVDA271217P00200000,200.0,46.5,46.9,47.1,1.0,7336.0,0.3994811029052735,True,PUT,2027-12-17,NVDA
NVDA271217P00210000,210.0,53.2,52.7,53.1,4.0,1770.0,0.39386592468261716,True,PUT,2027-12-17,NVDA
NVDA271217P00220000,220.0,59.43,58.95,59.3,13.0,3022.0,0.3872436764526367,True,PUT,2027-12-17,NVDA
NVDA271217P00230000,230.0,65.94,65.45,65.9,1.0,833.0,0.3816132395935058,True,PUT,2027-12-17,NVDA
NVDA271217P00240000,240.0,73.75,72.3,72.75,1.0,4560.0,0.37566237136840824,True,PUT,2027-12-17,NVDA
NVDA280121C00135000,135.0,80.1,83.2,84.0,7.0,347.0,0.5811504287719728,True,CALL,2028-01-21,NVDA
NVDA280121C00140000,140.0,79.0,80.3,81.1,31.0,6964.0,0.57577938873291,True,CALL,2028-01-21,NVDA
NVDA280121C00145000,145.0,77.2,77.2,78.25,17.0,1011.0,0.5687909332275392,True,CALL,2028-01-21,NVDA
NVDA280121C00150000,150.0,74.12,74.75,75.25,59.0,4688.0,0.5641675663757324,True,CALL,2028-01-21,NVDA
NVDA280121C00155000,155.0,69.75,71.8,72.8,6.0,690.0,0.559147474975586,True,CALL,2028-01-21,NVDA
NVDA280121C00160000,160.0,67.0,69.45,70.05,2.0,1615.0,0.5551802294921876,True,CALL,2028-01-21,NVDA
NVDA280121C00165000,165.0,68.8,67.1,67.45,15.0,807.0,0.5513503117370606,True,CALL,2028-01-21,NVDA
NVDA280121C00170000,170.0,62.95,64.65,64.95,39.0,3642.0,0.5468795312500001,True,CALL,2028-01-21,NVDA
NVDA280121C00175000,175.0,62.4,62.3,62.6,51.0,7266.0,0.5431259066772461,True,CALL,2028-01-21,NVDA
NVDA280121C00180000,180.0,60.02,60.1,60.4,55.0,11380.0,0.5403183175659182,True,CALL,2028-01-21,NVDA
NVDA280121C00185000,185.0,57.18,57.85,58.2,78.0,9220.0,0.5366409861755372,True,CALL,2028-01-21,NVDA
NVDA280121C00190000,190.0,56.0,55.8,56.1,51.0,7316.0,0.533909690246582,True,CALL,2028-01-21,NVDA
NVDA280121C00195000,195.0,53.8,53.75,54.1,21.0,5013.0,0.531102101135254,False,CALL,2028-01-21,NVDA
NVDA280121C00200000,200.0,51.64,51.85,52.1,76.0,20450.0,0.5284776156616212,False,CALL,2028-01-21,NVDA
NVDA280121C00210000,210.0,47.9,48.2,48.5,13.0,5583.0,0.5242814906311035,False,CALL,2028-01-21,NVDA
NVDA280121C00220000,220.0,44.72,44.75,45.0,48.0,6673.0,0.5194902787780762,False,CALL,2028-01-21,NVDA
NVDA280121C00230000,230.0,40.13,41.55,41.8,74.0,7843.0,0.5154009642028807,False,CALL,2028-01-21,NVDA
NVDA280121C00240000,240.0,38.5,38.75,39.0,22.0,2333.0,0.5132647550964353,False,CALL,2028-01-21,NVDA
NVDA280121P00135000,135.0,17.75,17.6,17.8,30.0,2316.0,0.4436701141357422,False,PUT,2028-01-21,NVDA
NVDA280121P00140000,140.0,19.42,19.4,19.6,3.0,19866.0,0.4399775241088867,False,PUT,2028-01-21,NVDA
NVDA280121P00145000,145.0,21.4,21.25,21.45,28.0,1734.0,0.4358576922607422,False,PUT,2028-01-21,NVDA
NVDA280121P00150000,150.0,23.5,23.2,23.45,14.0,11099.0,0.4325007922363281,False,PUT,2028-01-21,NVDA
NVDA280121P00155000,155.0,26.34,25.25,25.45,1.0,1342.0,0.42816733947753904,False,PUT,2028-01-21,NVDA
NVDA280121P00160000,160.0,28.85,27.35,27.65,3.0,2812.0,0.4251461294555664,False,PUT,2028-01-21,NVDA
NVDA280121P00165000,165.0,29.75,29.55,29.9,1.0,2516.0,0.4217281948852539,False,PUT,2028-01-21,NVDA
NVDA280121P00170000,170.0,32.13,31.9,32.25,1.0,1783.0,0.4184781053161621,False,PUT,2028-01-21,NVDA
NVDA280121P00175000,175.0,34.07,34.25,34.55,7.0,2018.0,0.41383947982788083,False,PUT,2028-01-21,NVDA
NVDA280121P00180000,180.0,37.18,36.8,37.1,5.0,7246.0,0.41095559753417965,False,PUT,2028-01-21,NVDA
NVDA280121P00185000,185.0,39.8,39.4,39.65,8.0,2742.0,0.407232490234375,False,PUT,2028-01-21,NVDA
NVDA280121P00190000,190.0,42.43,42.05,42.4,158.0,2887.0,0.4046995565795898,False,PUT,2028-01-21,NVDA
NVDA280121P00195000,195.0,45.24,44.8,45.15,1.0,650.0,0.401373173828125,True,PUT,2028-01-21,NVDA
NVDA280121P00200000,200.0,48.53,47.65,47.95,122.0,6818.0,0.39778739425659176,True,PUT,2028-01-21,NVDA
NVDA280121P00210000,210.0,54.55,53.6,53.85,9.0,2238.0,0.3912719564819336,True,PUT,2028-01-21,NVDA
NVDA280121P00220000,220.0,60.38,59.75,60.2,1.0,1071.0,0.386175571899414,True,PUT,2028-01-21,NVDA
NVDA280121P00230000,230.0,66.02,66.3,66.75,1.0,2304.0,0.3802552209472656,True,PUT,2028-01-21,NVDA
NVDA280121P00240000,240.0,72.65,73.1,73.55,5.0,818.0,0.3740754731750488,True,PUT,2028-01-21,NVDA
NVDA281215C00135000,135.0,92.08,91.85,92.95,22.0,61.0,0.5782818051147461,True,CALL,2028-12-15,NVDA
NVDA281215C00140000,140.0,88.33,89.25,90.3,24.0,4258.0,0.5735668864440917,True,CALL,2028-12-15,NVDA
NVDA281215C00145000,145.0,86.57,86.8,87.75,4.0,164.0,0.5696759341430665,True,CALL,2028-12-15,NVDA
NVDA281215C00150000,150.0,82.63,84.2,85.3,16.0,209.0,0.5650220500183105,True,CALL,2028-12-15,NVDA
NVDA281215C00155000,155.0,80.2,81.9,82.7,1.0,94.0,0.5606885972595215,True,CALL,2028-12-15,NVDA
NVDA281215C00160000,160.0,77.6,79.85,80.55,8.0,781.0,0.559300061340332,True,CALL,2028-12-15,NVDA
NVDA281215C00165000,165.0,76.8,77.35,78.3,42.0,295.0,0.5547835049438478,True,CALL,2028-12-15,NVDA
NVDA281215C00170000,170.0,74.15,75.45,76.1,6.0,1632.0,0.5528914340209962,True,CALL,2028-12-15,NVDA
NVDA281215C00175000,175.0,71.22,73.4,73.75,3.0,892.0,0.5491835853576663,True,CALL,2028-12-15,NVDA
NVDA281215C00180000,180.0,69.75,71.35,71.75,25.0,1593.0,0.5466506517028809,True,CALL,2028-12-15,NVDA
NVDA281215C00185000,185.0,69.1,69.3,69.65,47.0,6250.0,0.5432784930419923,True,CALL,2028-12-15,NVDA
NVDA281215C00190000,190.0,67.5,67.45,67.85,98.0,1754.0,0.5416915948486329,True,CALL,2028-12-15,NVDA
NVDA281215C00195000,195.0,63.61,65.5,65.9,19.0,817.0,0.5386551261901855,False,CALL,2028-12-15,NVDA
NVDA281215C00200000,200.0,63.08,63.65,64.0,398.0,2679.0,0.5359085716247558,False,CALL,2028-12-15,NVDA
NVDA281215C00210000,210.0,60.03,60.15,60.55,44.0,1904.0,0.5316819293212891,False,CALL,2028-12-15,NVDA
NVDA281215C00220000,220.0,57.0,56.95,57.35,78.0,809.0,0.5283860638427735,False,CALL,2028-12-15,NVDA
NVDA281215C00230000,230.0,53.57,53.85,54.2,72.0,1202.0,0.5244340769958495,False,CALL,2028-12-15,NVDA
NVDA281215C00240000,240.0,51.0,51.0,51.3,14.0,1330.0,0.5213213151550291,False,CALL,2028-12-15,NVDA
NVDA281215P00135000,135.0,22.3,22.35,22.65,14.0,298.0,0.421804488067627,False,PUT,2028-12-15,NVDA
NVDA281215P00140000,140.0,25.02,24.3,24.65,6.0,757.0,0.41856965713500977,False,PUT,2028-12-15,NVDA
NVDA281215P00145000,145.0,25.85,26.35,26.7,2.0,89.0,0.4150754293823242,False,PUT,2028-12-15,NVDA
NVDA281215P00150000,150.0,28.63,28.45,28.85,22.0,1402.0,0.411840598449707,False,PUT,2028-12-15,NVDA
NVDA281215P00155000,155.0,31.21,30.7,31.05,2.0,385.0,0.4083921466064453,False,PUT,2028-12-15,NVDA
NVDA281215P00160000,160.0,34.15,32.95,33.35,4.0,136.0,0.4052183502197265,False,PUT,2028-12-15,NVDA
NVDA281215P00165000,165.0,35.43,35.35,35.75,1.0,2027.0,0.40228869201660156,False,PUT,2028-12-15,NVDA
NVDA281215P00170000,170.0,39.13,37.85,38.2,1.0,519.0,0.3991759301757813,False,PUT,2028-12-15,NVDA
NVDA281215P00175000,175.0,40.8,40.3,40.75,11.0,78.0,0.39633782379150395,False,PUT,2028-12-15,NVDA
NVDA281215P00180000,180.0,43.6,42.95,43.35,19.0,441.0,0.39331661376953125,False,PUT,2028-12-15,NVDA
NVDA281215P00185000,185.0,46.55,45.65,46.05,1.0,1371.0,0.3905700592041016,False,PUT,2028-12-15,NVDA
NVDA281215P00190000,190.0,49.2,48.4,48.8,10.0,832.0,0.38767091827392575,False,PUT,2028-12-15,NVDA
NVDA281215P00195000,195.0,51.52,51.15,51.6,4.0,352.0,0.3846497082519531,True,PUT,2028-12-15,NVDA
NVDA281215P00200000,200.0,54.36,54.05,54.5,4.0,1086.0,0.3819031536865234,True,PUT,2028-12-15,NVDA
NVDA281215P00210000,210.0,60.4,60.0,60.45,3.0,1021.0,0.3761048718261719,True,PUT,2028-12-15,NVDA
NVDA281215P00220000,220.0,66.0,66.25,66.8,1.0,925.0,0.37149676361083983,True,PUT,2028-12-15,NVDA
NVDA281215P00230000,230.0,73.87,72.65,73.2,219.0,518.0,0.3654085676574707,True,PUT,2028-12-15,NVDA
NVDA281215P00240000,240.0,79.37,79.35,79.95,4.0,171.0,0.36025114852905266,True,PUT,2028-12-15,NVDA
NVO260130C00043000,43.0,16.44,14.45,18.05,1.0,52.0,4.748050939941406,True,CALL,2026-01-30,NVO
NVO260130C00044000,44.0,15.58,13.45,17.05,3.0,7.0,4.513676232910156,True,CALL,2026-01-30,NVO
NVO260130C00045000,45.0,14.67,13.95,16.05,7.0,254.0,3.113283466796875,True,CALL,2026-01-30,NVO
NVO260130C00046000,46.0,16.91,12.6,14.05,5.0,17.0,2.9902368994140627,True,CALL,2026-01-30,NVO
NVO260130C00047000,47.0,16.01,11.75,13.05,11.0,75.0,1.6328143359374998,True,CALL,2026-01-30,NVO
NVO260130C00048000,48.0,12.72,11.2,12.0,2.0,66.0,1.9921875390625,True,CALL,2026-01-30,NVO
NVO260130C00049000,49.0,12.12,10.2,11.05,2.0,80.0,1.8789068554687498,True,CALL,2026-01-30,NVO
NVO260130C00050000,50.0,9.4,9.2,9.75,92.0,464.0,1.4570339648437498,True,CALL,2026-01-30,NVO
NVO260130C00051000,51.0,8.33,7.85,8.8,13.0,143.0,1.7968760156249999,True,CALL,2026-01-30,NVO
NVO260130C00052000,52.0,7.15,6.95,7.8,1.0,693.0,0.929688203125,True,CALL,2026-01-30,NVO
NVO260130C00053000,53.0,5.75,6.0,6.8,8.0,274.0,0.8906260937499999,True,CALL,2026-01-30,NVO
NVO260130C00054000,54.0,5.17,5.2,5.7,7.0,396.0,0.867188828125,True,CALL,2026-01-30,NVO
NVO260130C00055000,55.0,4.55,4.25,4.6,37.0,803.0,0.6914093359375001,True,CALL,2026-01-30,NVO
NVO260130C00056000,56.0,3.44,3.3,3.6,8.0,779.0,0.5976602734375001,True,CALL,2026-01-30,NVO
NVO260130C00057000,57.0,2.55,2.35,2.78,65.0,877.0,0.57617611328125,True,CALL,2026-01-30,NVO
NVO260130C00058000,58.0,1.79,1.6,1.96,85.0,947.0,0.559574716796875,True,CALL,2026-01-30,NVO
NVO260130C00059000,59.0,1.09,0.96,1.17,153.0,2296.0,0.507817421875,True,CALL,2026-01-30,NVO
NVO260130C00060000,60.0,0.5,0.5,0.64,1374.0,2422.0,0.5312546875,False,CALL,2026-01-30,NVO
NVO260130C00061000,61.0,0.28,0.24,0.31,803.0,2455.0,0.5117236328125,False,CALL,2026-01-30,NVO
NVO260130C00062000,62.0,0.14,0.11,0.14,1024.0,5151.0,0.5117236328125,False,CALL,2026-01-30,NVO
NVO260130C00063000,63.0,0.06,0.06,0.07,860.0,5554.0,0.5273484765625001,False,CALL,2026-01-30,NVO
NVO260130C00064000,64.0,0.05,0.04,0.05,751.0,6855.0,0.5898478515625001,False,CALL,2026-01-30,NVO
NVO260130C00065000,65.0,0.04,0.03,0.04,1050.0,7130.0,0.6562534375000001,False,CALL,2026-01-30,NVO
NVO260130C00066000,66.0,0.03,0.02,0.03,98.0,1392.0,0.70312796875,False,CALL,2026-01-30,NVO
NVO260130C00067000,67.0,0.02,0.01,0.04,58.0,1872.0,0.789064609375,False,CALL,2026-01-30,NVO
NVO260130C00068000,68.0,0.02,0.01,0.03,51.0,2788.0,0.8437515624999999,False,CALL,2026-01-30,NVO
NVO260130C00069000,69.0,0.04,0.01,0.05,27.0,446.0,0.9687503125,False,CALL,2026-01-30,NVO
NVO260130C00070000,70.0,0.01,0.01,0.02,49.0,2189.0,0.9531254687499999,False,CALL,2026-01-30,NVO
NVO260130C00071000,71.0,0.01,0.0,0.01,5.0,385.0,0.9062509375,False,CALL,2026-01-30,NVO
NVO260130C00072000,72.0,0.01,0.0,0.07,12.0,76.0,1.2265663671875,False,CALL,2026-01-30,NVO
NVO260130C00073000,73.0,0.06,0.0,0.54,14.0,17.0,1.873047509765625,False,CALL,2026-01-30,NVO
NVO260130C00075000,75.0,0.01,0.0,0.01,14.0,539.0,1.125004375,False,CALL,2026-01-30,NVO
NVO260130P00042000,42.0,0.01,0.0,0.04,1.0,2358.0,1.953125234375,False,PUT,2026-01-30,NVO
NVO260130P00043000,43.0,0.01,0.0,0.7,1.0,657.0,2.9687525781249997,False,PUT,2026-01-30,NVO
NVO260130P00044000,44.0,0.03,0.0,0.01,7.0,127.0,1.46875265625,False,PUT,2026-01-30,NVO
NVO260130P00045000,45.0,0.01,0.0,0.01,1.0,1012.0,1.3750031249999999,False,PUT,2026-01-30,NVO
NVO260130P00046000,46.0,0.01,0.0,0.03,7.0,344.0,1.4375028125,False,PUT,2026-01-30,NVO
NVO260130P00047000,47.0,0.01,0.0,0.31,1.0,480.0,1.9101566992187502,False,PUT,2026-01-30,NVO
NVO260130P00048000,48.0,0.33,0.0,0.02,2.0,293.0,1.15625421875,False,PUT,2026-01-30,NVO
NVO260130P00049000,49.0,0.02,0.0,0.22,7.0,141.0,1.5195336523437497,False,PUT,2026-01-30,NVO
NVO260130P00050000,50.0,0.01,0.0,0.01,10.0,1585.0,0.87500125,False,PUT,2026-01-30,NVO
NVO260130P00051000,51.0,0.02,0.0,0.75,8.0,415.0,1.6875015625,False,PUT,2026-01-30,NVO
NVO260130P00052000,52.0,0.01,0.01,0.06,11.0,755.0,0.9062509375,False,PUT,2026-01-30,NVO
NVO260130P00053000,53.0,0.02,0.0,0.03,2.0,4384.0,0.70312796875,False,PUT,2026-01-30,NVO
NVO260130P00054000,54.0,0.03,0.01,0.04,57.0,10626.0,0.648441015625,False,PUT,2026-01-30,NVO
NVO260130P00055000,55.0,0.04,0.03,0.06,64.0,2432.0,0.5976602734375001,False,PUT,2026-01-30,NVO
NVO260130P00056000,56.0,0.08,0.01,0.09,53.0,1385.0,0.5625043750000001,False,PUT,2026-01-30,NVO
NVO260130P00057000,57.0,0.16,0.13,0.18,230.0,16852.0,0.5039112109375,False,PUT,2026-01-30,NVO
NVO260130P00058000,58.0,0.36,0.31,0.39,17230.0,17915.0,0.5224657128906249,False,PUT,2026-01-30,NVO
NVO260130P00059000,59.0,0.64,0.61,0.65,179.0,1965.0,0.46191944335937507,False,PUT,2026-01-30,NVO
NVO260130P00060000,60.0,1.2,1.07,1.32,374.0,2471.0,0.5390671093750001,True,PUT,2026-01-30,NVO
NVO260130P00061000,61.0,1.9,1.86,2.0,118.0,1975.0,0.5312546875,True,PUT,2026-01-30,NVO
NVO260130P00062000,62.0,2.72,2.61,2.93,70.0,1442.0,0.632816171875,True,PUT,2026-01-30,NVO
NVO260130P00063000,63.0,3.72,3.55,3.9,80.0,1277.0,0.5195360546875,True,PUT,2026-01-30,NVO
NVO260130P00064000,64.0,4.51,4.4,5.0,14.0,264.0,0.5625043750000001,True,PUT,2026-01-30,NVO
NVO260130P00065000,65.0,5.74,5.35,6.05,29.0,408.0,0.6562534375000001,True,PUT,2026-01-30,NVO
NVO260130P00066000,66.0,6.71,6.15,7.05,2.0,24.0,1.2773473632812498,True,PUT,2026-01-30,NVO
NVO260130P00067000,67.0,5.5,6.95,8.45,,39.0,0.8281267187499999,True,PUT,2026-01-30,NVO
NVO260130P00068000,68.0,8.79,8.25,9.3,2.0,29.0,1.12109814453125,True,PUT,2026-01-30,NVO
NVO260130P00069000,69.0,8.8,8.95,10.5,10.0,10.0,1.0859420703125,True,PUT,2026-01-30,NVO
NVO260130P00070000,70.0,7.3,10.0,11.45,22.0,51.0,1.171879140625,True,PUT,2026-01-30,NVO
NVO260130P00075000,75.0,13.98,14.95,16.35,1.0,36.0,2.5918003955078124,True,PUT,2026-01-30,NVO
NVO260206C00045000,45.0,14.43,13.25,14.8,10.0,6.0,1.3300814746093748,True,CALL,2026-02-06,NVO
NVO260206C00046000,46.0,14.0,12.75,14.15,1.0,4.0,0.914063359375,True,CALL,2026-02-06,NVO
NVO260206C00047000,47.0,16.57,11.75,13.2,24.0,15.0,0.8828136718749999,True,CALL,2026-02-06,NVO
NVO260206C00048000,48.0,15.2,10.75,12.4,1.0,18.0,0.9179695703125,True,CALL,2026-02-06,NVO
NVO260206C00049000,49.0,11.4,9.85,11.15,2.0,12.0,0.7773459765625,True,CALL,2026-02-06,NVO
NVO260206C00050000,50.0,9.23,8.8,9.95,23.0,173.0,0.5468795312500001,True,CALL,2026-02-06,NVO
NVO260206C00051000,51.0,9.77,8.0,9.3,17.0,181.0,0.7578149218750001,True,CALL,2026-02-06,NVO
NVO260206C00052000,52.0,7.78,7.5,7.95,2.0,126.0,0.727541787109375,True,CALL,2026-02-06,NVO
NVO260206C00053000,53.0,7.04,6.8,7.1,38.0,302.0,0.7592797509765626,True,CALL,2026-02-06,NVO
NVO260206C00054000,54.0,7.59,5.6,6.35,5.0,185.0,0.68555001953125,True,CALL,2026-02-06,NVO
NVO260206C00055000,55.0,5.25,5.2,5.4,130.0,295.0,0.7187528125,True,CALL,2026-02-06,NVO
NVO260206C00056000,56.0,4.7,4.45,4.65,12.0,274.0,0.7041045214843751,True,CALL,2026-02-06,NVO
NVO260206C00057000,57.0,3.92,3.75,4.05,25.0,499.0,0.7045927978515626,True,CALL,2026-02-06,NVO
NVO260206C00058000,58.0,3.33,3.25,3.4,26.0,690.0,0.7084990087890625,True,CALL,2026-02-06,NVO
NVO260206C00059000,59.0,2.8,2.74,2.84,83.0,898.0,0.7070341796875,True,CALL,2026-02-06,NVO
NVO260206C00060000,60.0,2.25,2.27,2.37,413.0,3616.0,0.7065459033203125,False,CALL,2026-02-06,NVO
NVO260206C00061000,61.0,1.9,1.86,1.95,121.0,2042.0,0.7045927978515626,False,CALL,2026-02-06,NVO
NVO260206C00062000,62.0,1.52,1.5,1.61,440.0,2497.0,0.7055693505859376,False,CALL,2026-02-06,NVO
NVO260206C00063000,63.0,1.23,1.23,1.27,195.0,2154.0,0.7041045214843751,False,CALL,2026-02-06,NVO
NVO260206C00064000,64.0,0.96,0.97,1.01,259.0,767.0,0.70117486328125,False,CALL,2026-02-06,NVO
NVO260206C00065000,65.0,0.8,0.79,0.82,436.0,4354.0,0.709963837890625,False,CALL,2026-02-06,NVO
NVO260206C00066000,66.0,0.64,0.6,0.69,290.0,794.0,0.7148466015625,False,CALL,2026-02-06,NVO
NVO260206C00067000,67.0,0.51,0.48,0.53,64.0,1031.0,0.7158231542968749,False,CALL,2026-02-06,NVO
NVO260206C00068000,68.0,0.4,0.38,0.43,287.0,771.0,0.7236355761718749,False,CALL,2026-02-06,NVO
NVO260206C00069000,69.0,0.36,0.33,0.36,121.0,171.0,0.743166630859375,False,CALL,2026-02-06,NVO
NVO260206C00070000,70.0,0.26,0.26,0.28,453.0,2651.0,0.7460962890625,False,CALL,2026-02-06,NVO
NVO260206C00071000,71.0,0.23,0.21,0.28,25.0,316.0,0.7753928710937501,False,CALL,2026-02-06,NVO
NVO260206C00072000,72.0,0.2,0.0,0.2,2.0,140.0,0.6835969140625001,False,CALL,2026-02-06,NVO
NVO260206C00073000,73.0,0.2,0.0,0.35,3.0,45.0,0.804689453125,False,CALL,2026-02-06,NVO
NVO260206C00074000,74.0,0.33,0.0,0.39,1.0,209.0,0.8632826171875,False,CALL,2026-02-06,NVO
NVO260206C00075000,75.0,0.15,0.01,0.18,34.0,426.0,0.79101771484375,False,CALL,2026-02-06,NVO
NVO260206C00076000,76.0,0.3,0.0,0.66,44.0,40.0,1.0546922265625,False,CALL,2026-02-06,NVO
NVO260206P00042000,42.0,0.06,0.0,2.16,1.0,57.0,2.00781748046875,False,PUT,2026-02-06,NVO
NVO260206P00043000,43.0,0.03,0.0,0.05,1.0,24.0,0.8906260937499999,False,PUT,2026-02-06,NVO
NVO260206P00044000,44.0,0.04,0.02,0.07,2.0,133.0,0.8984385156249999,False,PUT,2026-02-06,NVO
NVO260206P00045000,45.0,0.06,0.02,0.12,4.0,199.0,0.9023447265625,False,PUT,2026-02-06,NVO
NVO260206P00046000,46.0,0.05,0.0,0.1,2.0,759.0,0.79687703125,False,PUT,2026-02-06,NVO
NVO260206P00047000,47.0,0.11,0.04,0.13,1002.0,1078.0,0.804689453125,False,PUT,2026-02-06,NVO
NVO260206P00048000,48.0,0.11,0.0,0.15,9.0,442.0,0.726565234375,False,PUT,2026-02-06,NVO
NVO260206P00049000,49.0,0.24,0.11,0.38,12.0,270.0,0.850587431640625,False,PUT,2026-02-06,NVO
NVO260206P00050000,50.0,0.18,0.12,0.23,49.0,569.0,0.72070591796875,False,PUT,2026-02-06,NVO
NVO260206P00051000,51.0,0.3,0.22,0.34,14.0,208.0,0.73437765625,False,PUT,2026-02-06,NVO
NVO260206P00052000,52.0,0.36,0.36,0.4,34.0,541.0,0.7216824707031251,False,PUT,2026-02-06,NVO
NVO260206P00053000,53.0,0.51,0.47,0.53,99.0,1010.0,0.7060576269531251,False,PUT,2026-02-06,NVO
NVO260206P00054000,54.0,0.66,0.64,0.68,8584.0,877.0,0.6938507177734375,False,PUT,2026-02-06,NVO
NVO260206P00055000,55.0,0.89,0.85,0.92,449.0,1487.0,0.6904327832031252,False,PUT,2026-02-06,NVO
NVO260206P00056000,56.0,1.1,1.09,1.14,388.0,567.0,0.6723665576171877,False,PUT,2026-02-06,NVO
NVO260206P00057000,57.0,1.49,1.38,1.66,2139.0,2507.0,0.6914093359375001,False,PUT,2026-02-06,NVO
NVO260206P00058000,58.0,1.9,1.79,1.95,171.0,830.0,0.6752962158203126,False,PUT,2026-02-06,NVO
NVO260206P00059000,59.0,2.3,2.25,2.35,609.0,527.0,0.6650424121093752,False,PUT,2026-02-06,NVO
NVO260206P00060000,60.0,2.83,2.7,2.92,134.0,1507.0,0.659183095703125,True,PUT,2026-02-06,NVO
NVO260206P00061000,61.0,3.35,3.3,3.55,122.0,1165.0,0.6650424121093752,True,PUT,2026-02-06,NVO
NVO260206P00062000,62.0,4.2,4.0,4.1,647.0,1637.0,0.6567417138671876,True,PUT,2026-02-06,NVO
NVO260206P00063000,63.0,4.95,4.7,4.85,26.0,364.0,0.6611362011718751,True,PUT,2026-02-06,NVO
NVO260206P00064000,64.0,5.62,5.45,5.6,4.0,178.0,0.65820654296875,True,PUT,2026-02-06,NVO
NVO260206P00065000,65.0,6.5,5.95,6.4,16.0,167.0,0.596683720703125,True,PUT,2026-02-06,NVO
NVO260206P00066000,66.0,4.24,6.65,7.4,9.0,50.0,0.5898478515625001,True,PUT,2026-02-06,NVO
NVO260206P00067000,67.0,7.15,7.65,8.7,3.0,72.0,0.7187528125,True,PUT,2026-02-06,NVO
NVO260206P00070000,70.0,10.82,10.35,11.55,10.0,23.0,0.75586181640625,True,PUT,2026-02-06,NVO
NVO260213C00045000,45.0,12.7,14.4,15.4,,500.0,1.05078599609375,True,CALL,2026-02-13,NVO
NVO260213C00047000,47.0,15.15,11.85,13.45,4.0,3.0,0.79101771484375,True,CALL,2026-02-13,NVO
NVO260213C00048000,48.0,12.92,10.85,12.3,2.0,7.0,0.6875031250000001,True,CALL,2026-02-13,NVO
NVO260213C00049000,49.0,14.92,10.1,11.4,2.0,15.0,0.7304714453125,True,CALL,2026-02-13,NVO
NVO260213C00050000,50.0,9.73,9.05,10.2,3.0,50.0,0.6093789062500001,True,CALL,2026-02-13,NVO
NVO260213C00051000,51.0,10.7,8.25,9.5,8.0,18.0,0.6660189648437502,True,CALL,2026-02-13,NVO
NVO260213C00052000,52.0,11.92,7.45,8.25,4.0,60.0,0.59570716796875,True,CALL,2026-02-13,NVO
NVO260213C00053000,53.0,10.75,6.6,7.45,3.0,56.0,0.5942423388671876,True,CALL,2026-02-13,NVO
NVO260213C00054000,54.0,6.37,5.8,6.95,1.0,50.0,0.629886513671875,True,CALL,2026-02-13,NVO
NVO260213C00055000,55.0,5.85,5.25,6.15,4.0,103.0,0.64062859375,True,CALL,2026-02-13,NVO
NVO260213C00056000,56.0,4.8,4.8,5.15,4.0,102.0,0.6274451318359376,True,CALL,2026-02-13,NVO
NVO260213C00057000,57.0,4.23,4.15,4.55,13.0,300.0,0.6264685791015626,True,CALL,2026-02-13,NVO
NVO260213C00058000,58.0,3.84,3.55,3.95,5.0,441.0,0.6201209863281252,True,CALL,2026-02-13,NVO
NVO260213C00059000,59.0,3.08,2.98,3.35,107.0,162.0,0.6064492480468751,True,CALL,2026-02-13,NVO
NVO260213C00060000,60.0,2.8,2.53,2.93,22.0,737.0,0.6125527026367189,False,CALL,2026-02-13,NVO
NVO260213C00061000,61.0,2.27,2.11,2.51,24.0,206.0,0.6113320117187502,False,CALL,2026-02-13,NVO
NVO260213C00062000,62.0,1.99,1.86,2.04,23.0,365.0,0.6127968408203126,False,CALL,2026-02-13,NVO
NVO260213C00063000,63.0,1.65,1.5,1.7,18.0,552.0,0.6059609716796877,False,CALL,2026-02-13,NVO
NVO260213C00064000,64.0,1.25,1.22,1.55,3.0,98.0,0.6201209863281252,False,CALL,2026-02-13,NVO
NVO260213C00065000,65.0,1.13,1.05,1.21,95.0,1049.0,0.6162147753906251,False,CALL,2026-02-13,NVO
NVO260213C00066000,66.0,0.95,0.8,1.12,8.0,127.0,0.6250037500000001,False,CALL,2026-02-13,NVO
NVO260213C00067000,67.0,0.75,0.71,0.85,20.0,383.0,0.6235389208984375,False,CALL,2026-02-13,NVO
NVO260213C00068000,68.0,0.84,0.03,0.8,66.0,284.0,0.5468795312500001,False,CALL,2026-02-13,NVO
NVO260213C00069000,69.0,0.49,0.4,0.92,18.0,16.0,0.6748079394531252,False,CALL,2026-02-13,NVO
NVO260213C00070000,70.0,0.41,0.4,0.67,14.0,568.0,0.6718782812500002,False,CALL,2026-02-13,NVO
NVO260213C00071000,71.0,0.39,0.21,0.57,1.0,44.0,0.6518589501953126,False,CALL,2026-02-13,NVO
NVO260213C00075000,75.0,0.27,0.06,1.19,1.0,78.0,0.8930674755859375,False,CALL,2026-02-13,NVO
NVO260213P00043000,43.0,0.34,0.0,2.21,4.0,9.0,1.4404324853515624,False,PUT,2026-02-13,NVO
NVO260213P00044000,44.0,0.05,0.0,2.22,1.0,7.0,1.3667023852539062,False,PUT,2026-02-13,NVO
NVO260213P00045000,45.0,0.1,0.0,1.45,1.0,2.0,1.12891060546875,False,PUT,2026-02-13,NVO
NVO260213P00046000,46.0,0.15,0.1,0.32,5.0,16.0,0.773439765625,False,PUT,2026-02-13,NVO
NVO260213P00047000,47.0,0.13,0.0,0.87,5.0,85.0,0.85937640625,False,PUT,2026-02-13,NVO
NVO260213P00048000,48.0,0.19,0.15,0.42,4.0,32.0,0.71679970703125,False,PUT,2026-02-13,NVO
NVO260213P00049000,49.0,0.3,0.16,0.43,17.0,40.0,0.6679720703125002,False,PUT,2026-02-13,NVO
NVO260213P00050000,50.0,0.36,0.16,0.44,91.0,196.0,0.6152382226562501,False,PUT,2026-02-13,NVO
NVO260213P00051000,51.0,0.35,0.36,0.69,2.0,85.0,0.6601596484375001,False,PUT,2026-02-13,NVO
NVO260213P00052000,52.0,0.55,0.53,0.67,8.0,512.0,0.6269568554687501,False,PUT,2026-02-13,NVO
NVO260213P00053000,53.0,0.75,0.68,0.86,3.0,206.0,0.6196327099609377,False,PUT,2026-02-13,NVO
NVO260213P00054000,54.0,0.96,0.89,1.17,7.0,181.0,0.6274451318359376,False,PUT,2026-02-13,NVO
NVO260213P00055000,55.0,1.15,1.13,1.33,62.0,736.0,0.6074258007812501,False,PUT,2026-02-13,NVO
NVO260213P00056000,56.0,1.53,1.27,1.68,15.0,476.0,0.5893595751953126,False,PUT,2026-02-13,NVO
NVO260213P00057000,57.0,1.88,1.76,2.0,5.0,390.0,0.5971719970703125,False,PUT,2026-02-13,NVO
NVO260213P00058000,58.0,2.5,2.1,2.4,13.0,208.0,0.5856975024414062,False,PUT,2026-02-13,NVO
NVO260213P00059000,59.0,2.68,2.55,2.86,12.0,148.0,0.5810588769531251,False,PUT,2026-02-13,NVO
NVO260213P00060000,60.0,3.25,3.05,3.45,13.0,313.0,0.5835002587890624,True,PUT,2026-02-13,NVO
NVO260213P00061000,61.0,3.24,3.7,4.0,4.0,25.0,0.585941640625,True,PUT,2026-02-13,NVO
NVO260213P00062000,62.0,4.25,4.25,4.6,1.0,71.0,0.5727581787109376,True,PUT,2026-02-13,NVO
NVO260213P00063000,63.0,5.08,4.95,5.35,2.0,17.0,0.5805706005859376,True,PUT,2026-02-13,NVO
NVO260213P00064000,64.0,6.3,5.7,6.1,1.0,3.0,0.584965087890625,True,PUT,2026-02-13,NVO
NVO260213P00065000,65.0,6.79,6.4,6.8,2.0,16.0,0.5668988623046876,True,PUT,2026-02-13,NVO
NVO260213P00067000,67.0,8.0,7.7,9.0,,3.0,0.5952188916015625,True,PUT,2026-02-13,NVO
NVO260213P00070000,70.0,7.35,10.35,11.65,2.0,8.0,0.5908244042968751,True,PUT,2026-02-13,NVO
NVO260213P00075000,75.0,18.39,14.85,17.7,,2.0,0.8872081591796874,True,PUT,2026-02-13,NVO
NVO260220C00045000,45.0,14.67,14.3,15.05,14.0,1327.0,0.7695335546875001,True,CALL,2026-02-20,NVO
NVO260220C00049000,49.0,10.9,10.15,11.45,60.0,20.0,0.6289099609375001,True,CALL,2026-02-20,NVO
NVO260220C00050000,50.0,10.05,9.8,10.1,86.0,7631.0,0.6313513427734375,True,CALL,2026-02-20,NVO
NVO260220C00052000,52.0,7.95,7.7,8.35,2.0,59.0,0.5488326367187502,True,CALL,2026-02-20,NVO
NVO260220C00053000,53.0,8.55,6.85,7.95,3.0,3.0,0.5898478515625001,True,CALL,2026-02-20,NVO
NVO260220C00054000,54.0,6.3,6.15,6.8,1.0,33.0,0.5478560839843751,True,CALL,2026-02-20,NVO
NVO260220C00055000,55.0,6.0,5.8,6.0,258.0,12461.0,0.5751995605468749,True,CALL,2026-02-20,NVO
NVO260220C00056000,56.0,5.17,5.2,5.35,10.0,7.0,0.5800823242187501,True,CALL,2026-02-20,NVO
NVO260220C00057000,57.0,4.57,4.55,4.7,3.0,38.0,0.5717816259765626,True,CALL,2026-02-20,NVO
NVO260220C00058000,58.0,3.96,4.05,4.1,5.0,135.0,0.5732464550781251,True,CALL,2026-02-20,NVO
NVO260220C00059000,59.0,3.54,3.45,3.55,1792.0,110.0,0.5625043750000001,True,CALL,2026-02-20,NVO
NVO260220C00060000,60.0,3.05,3.05,3.1,1175.0,10195.0,0.5688519677734375,False,CALL,2026-02-20,NVO
NVO260220C00061000,61.0,2.65,2.64,2.7,85.0,2474.0,0.5712933496093751,False,CALL,2026-02-20,NVO
NVO260220C00062000,62.0,2.25,2.26,2.35,149.0,2474.0,0.5727581787109376,False,CALL,2026-02-20,NVO
NVO260220C00063000,63.0,1.9,1.9,1.96,43.0,1019.0,0.5649457568359376,False,CALL,2026-02-20,NVO
NVO260220C00064000,64.0,1.67,1.61,1.68,76.0,752.0,0.5664105859375,False,CALL,2026-02-20,NVO
NVO260220C00065000,65.0,1.4,1.37,1.43,750.0,16455.0,0.56836369140625,False,CALL,2026-02-20,NVO
NVO260220C00066000,66.0,1.26,1.15,1.22,25.0,477.0,0.5698285205078125,False,CALL,2026-02-20,NVO
NVO260220C00067000,67.0,1.01,0.98,1.04,41.0,245.0,0.5742230078125,False,CALL,2026-02-20,NVO
NVO260220C00068000,68.0,0.86,0.82,0.88,92.0,713.0,0.5756878369140624,False,CALL,2026-02-20,NVO
NVO260220C00069000,69.0,0.74,0.69,0.74,15.0,1639.0,0.57812921875,False,CALL,2026-02-20,NVO
NVO260220C00070000,70.0,0.63,0.6,0.65,407.0,17479.0,0.5874064697265625,False,CALL,2026-02-20,NVO
NVO260220C00071000,71.0,0.52,0.5,0.56,10.0,505.0,0.5913126806640626,False,CALL,2026-02-20,NVO
NVO260220C00075000,75.0,0.29,0.27,0.31,28.0,5179.0,0.6152382226562501,False,CALL,2026-02-20,NVO
NVO260220P00045000,45.0,0.17,0.14,0.18,20.0,14650.0,0.6533237792968751,False,PUT,2026-02-20,NVO
NVO260220P00049000,49.0,0.39,0.34,0.38,7.0,217.0,0.585941640625,False,PUT,2026-02-20,NVO
NVO260220P00050000,50.0,0.45,0.43,0.46,849.0,27898.0,0.5722699023437501,False,PUT,2026-02-20,NVO
NVO260220P00051000,51.0,0.58,0.56,0.59,1.0,267.0,0.5664105859375,False,PUT,2026-02-20,NVO
NVO260220P00052000,52.0,0.76,0.7,0.76,20.0,599.0,0.56055126953125,False,PUT,2026-02-20,NVO
NVO260220P00053000,53.0,0.99,0.88,0.93,12.0,634.0,0.5512740185546876,False,PUT,2026-02-20,NVO
NVO260220P00054000,54.0,1.15,1.11,1.16,15.0,450.0,0.5468795312500001,False,PUT,2026-02-20,NVO
NVO260220P00055000,55.0,1.41,1.36,1.41,210.0,24559.0,0.5385788330078126,False,PUT,2026-02-20,NVO
NVO260220P00056000,56.0,1.73,1.68,1.73,11.0,833.0,0.5356491748046875,False,PUT,2026-02-20,NVO
NVO260220P00057000,57.0,2.07,2.05,2.09,103.0,1373.0,0.5324753784179688,False,PUT,2026-02-20,NVO
NVO260220P00058000,58.0,2.65,2.48,2.52,50.0,1295.0,0.5317429638671876,False,PUT,2026-02-20,NVO
NVO260220P00059000,59.0,2.98,2.96,2.98,382.0,1411.0,0.5293015820312501,False,PUT,2026-02-20,NVO
NVO260220P00060000,60.0,3.55,3.45,3.55,788.0,9104.0,0.5288133056640626,True,PUT,2026-02-20,NVO
NVO260220P00061000,61.0,4.1,4.05,4.15,57.0,1037.0,0.5312546875,True,PUT,2026-02-20,NVO
NVO260220P00062000,62.0,4.83,4.65,4.8,35.0,1121.0,0.5302781347656251,True,PUT,2026-02-20,NVO
NVO260220P00063000,63.0,5.55,5.35,5.45,2.0,678.0,0.5300339965820313,True,PUT,2026-02-20,NVO
NVO260220P00064000,64.0,6.4,6.05,6.2,5.0,207.0,0.5314988256835937,True,PUT,2026-02-20,NVO
NVO260220P00065000,65.0,6.81,6.75,7.05,19.0,1020.0,0.5356491748046875,True,PUT,2026-02-20,NVO
NVO260220P00066000,66.0,5.15,7.5,7.85,36.0,56.0,0.532231240234375,True,PUT,2026-02-20,NVO
NVO260220P00067000,67.0,8.77,8.05,9.15,3.0,46.0,0.5571333349609376,True,PUT,2026-02-20,NVO
NVO260220P00068000,68.0,6.55,9.1,9.9,1.0,59.0,0.5722699023437501,True,PUT,2026-02-20,NVO
NVO260220P00070000,70.0,8.4,10.5,11.9,2.0,275.0,0.56055126953125,True,PUT,2026-02-20,NVO
NVO260220P00075000,75.0,13.54,15.5,16.5,6.0,12.0,0.6357458300781251,True,PUT,2026-02-20,NVO
NVO260227C00044000,44.0,13.0,14.75,17.25,,5.0,0.852540537109375,True,CALL,2026-02-27,NVO
NVO260227C00045000,45.0,18.64,13.75,15.6,9.0,6.0,0.6738313867187502,True,CALL,2026-02-27,NVO
NVO260227C00048000,48.0,11.25,11.05,12.85,,5.0,0.6445348046875,True,CALL,2026-02-27,NVO
NVO260227C00049000,49.0,13.34,10.25,11.6,1.0,0.0,0.5908244042968751,True,CALL,2026-02-27,NVO
NVO260227C00050000,50.0,13.87,9.4,10.75,9.0,6.0,0.5874064697265625,True,CALL,2026-02-27,NVO
NVO260227C00051000,51.0,8.15,8.45,9.9,20.0,39.0,0.5654340332031251,True,CALL,2026-02-27,NVO
NVO260227C00052000,52.0,8.09,7.75,8.85,2.0,9.0,0.5454147021484376,True,CALL,2026-02-27,NVO
NVO260227C00053000,53.0,10.72,7.3,8.15,1.0,26.0,0.5825237060546875,True,CALL,2026-02-27,NVO
NVO260227C00054000,54.0,7.92,6.05,7.1,25.0,114.0,0.596683720703125,True,CALL,2026-02-27,NVO
NVO260227C00055000,55.0,6.2,5.9,6.45,3.0,295.0,0.5512740185546876,True,CALL,2026-02-27,NVO
NVO260227C00056000,56.0,6.58,4.5,5.7,1.0,28.0,0.577152666015625,True,CALL,2026-02-27,NVO
NVO260227C00057000,57.0,5.0,4.75,5.2,2.0,121.0,0.5554243676757813,True,CALL,2026-02-27,NVO
NVO260227C00058000,58.0,4.29,4.2,4.5,8.0,205.0,0.5434615966796876,True,CALL,2026-02-27,NVO
NVO260227C00059000,59.0,3.7,3.7,3.95,24.0,87.0,0.5405319384765627,True,CALL,2026-02-27,NVO
NVO260227C00060000,60.0,3.45,3.2,3.5,50.0,426.0,0.5385788330078126,False,CALL,2026-02-27,NVO
NVO260227C00061000,61.0,2.88,2.65,3.25,7.0,169.0,0.5415084912109377,False,CALL,2026-02-27,NVO
NVO260227C00062000,62.0,2.45,2.28,2.77,17.0,146.0,0.5346726220703125,False,CALL,2026-02-27,NVO
NVO260227C00063000,63.0,2.26,1.92,2.46,8.0,656.0,0.5351608984375,False,CALL,2026-02-27,NVO
NVO260227C00064000,64.0,1.91,1.63,2.23,1.0,215.0,0.5419967675781252,False,CALL,2026-02-27,NVO
NVO260227C00065000,65.0,1.62,1.55,1.68,30.0,302.0,0.5344284838867188,False,CALL,2026-02-27,NVO
NVO260227C00066000,66.0,1.33,1.23,1.45,7.0,58.0,0.5273484765625001,False,CALL,2026-02-27,NVO
NVO260227C00067000,67.0,1.45,0.89,1.47,8.0,49.0,0.5356491748046875,False,CALL,2026-02-27,NVO
NVO260227C00068000,68.0,1.13,0.8,1.85,49.0,94.0,0.5993692407226563,False,CALL,2026-02-27,NVO
NVO260227C00069000,69.0,1.14,0.69,1.09,43.0,235.0,0.5456588403320313,False,CALL,2026-02-27,NVO
NVO260227C00070000,70.0,0.65,0.67,0.89,25.0,840.0,0.5522505712890625,False,CALL,2026-02-27,NVO
NVO260227C00071000,71.0,0.84,0.46,0.87,12.0,158.0,0.5542036767578126,False,CALL,2026-02-27,NVO
NVO260227C00075000,75.0,0.49,0.24,0.73,30.0,231.0,0.6093789062500001,False,CALL,2026-02-27,NVO
NVO260227P00044000,44.0,0.23,0.0,2.25,,3.0,1.0024463940429689,False,PUT,2026-02-27,NVO
NVO260227P00045000,45.0,0.23,0.0,0.5,5.0,25.0,0.6279334082031252,False,PUT,2026-02-27,NVO
NVO260227P00046000,46.0,0.19,0.0,2.31,10.0,12.0,0.9023447265625,False,PUT,2026-02-27,NVO
NVO260227P00047000,47.0,0.21,0.11,1.05,1.0,14152.0,0.6796907031250001,False,PUT,2026-02-27,NVO
NVO260227P00048000,48.0,0.25,0.0,2.39,1.0,63.0,0.8061542822265625,False,PUT,2026-02-27,NVO
NVO260227P00049000,49.0,0.45,0.26,0.67,1.0,66.0,0.5507857421875001,False,PUT,2026-02-27,NVO
NVO260227P00050000,50.0,0.6,0.48,0.66,12.0,105.0,0.5395553857421876,False,PUT,2026-02-27,NVO
NVO260227P00051000,51.0,0.58,0.58,1.05,49.0,98.0,0.559574716796875,False,PUT,2026-02-27,NVO
NVO260227P00052000,52.0,0.91,0.63,1.1,8.0,216.0,0.5229539892578124,False,PUT,2026-02-27,NVO
NVO260227P00053000,53.0,1.1,0.93,1.21,15.0,89.0,0.51758294921875,False,PUT,2026-02-27,NVO
NVO260227P00054000,54.0,1.2,1.1,1.5,10.0,113.0,0.5107470800781251,False,PUT,2026-02-27,NVO
NVO260227P00055000,55.0,1.54,1.45,1.67,23.0,309.0,0.5026905200195313,False,PUT,2026-02-27,NVO
NVO260227P00056000,56.0,2.02,1.77,2.02,27.0,218.0,0.5004932763671875,False,PUT,2026-02-27,NVO
NVO260227P00057000,57.0,2.5,2.18,2.63,4.0,244.0,0.5188036401367188,False,PUT,2026-02-27,NVO
NVO260227P00058000,58.0,2.87,2.56,3.05,7.0,165.0,0.5119677709960937,False,PUT,2026-02-27,NVO
NVO260227P00059000,59.0,3.17,3.1,3.35,5.0,129.0,0.5014698291015626,False,PUT,2026-02-27,NVO
NVO260227P00060000,60.0,3.22,3.5,4.1,46.0,179.0,0.5070850073242188,True,PUT,2026-02-27,NVO
NVO260227P00061000,61.0,4.39,4.15,4.65,1.0,16.0,0.5097705273437501,True,PUT,2026-02-27,NVO
NVO260227P00062000,62.0,5.1,4.8,5.2,1.0,37.0,0.5061084545898438,True,PUT,2026-02-27,NVO
NVO260227P00063000,63.0,5.46,5.45,5.9,2.0,95.0,0.5073291455078125,True,PUT,2026-02-27,NVO
NVO260227P00064000,64.0,4.19,6.15,6.55,2.0,8.0,0.5024463818359376,True,PUT,2026-02-27,NVO
NVO260227P00065000,65.0,5.27,6.9,7.5,15.0,29.0,0.5210008837890624,True,PUT,2026-02-27,NVO
NVO260227P00068000,68.0,6.32,7.8,10.4,1.0,2.0,0.6743196630859377,True,PUT,2026-02-27,NVO
NVO260227P00070000,70.0,8.55,10.65,12.1,2.0,4.0,0.5356491748046875,True,PUT,2026-02-27,NVO
NVO260227P00075000,75.0,13.5,15.25,16.75,2.0,5.0,0.5566450585937501,True,PUT,2026-02-27,NVO
NVO260306C00053000,53.0,7.8,7.4,8.3,3.0,2.0,0.5463912548828126,True,CALL,2026-03-06,NVO
NVO260306C00054000,54.0,8.2,6.15,7.55,20.0,24.0,0.6091347680664063,True,CALL,2026-03-06,NVO
NVO260306C00055000,55.0,6.37,6.15,6.8,1.0,7.0,0.5424850439453126,True,CALL,2026-03-06,NVO
NVO260306C00056000,56.0,7.04,4.9,6.25,1.0,7.0,0.5014698291015626,True,CALL,2026-03-06,NVO
NVO260306C00057000,57.0,5.2,4.95,5.55,1.0,7.0,0.5385788330078126,True,CALL,2026-03-06,NVO
NVO260306C00058000,58.0,4.28,4.4,4.85,3.0,30.0,0.5268602001953125,True,CALL,2026-03-06,NVO
NVO260306C00060000,60.0,3.6,3.4,3.7,22.0,25.0,0.5117236328125,False,CALL,2026-03-06,NVO
NVO260306C00061000,61.0,3.16,2.92,3.6,13.0,74.0,0.5290574438476563,False,CALL,2026-03-06,NVO
NVO260306C00062000,62.0,2.9,2.44,3.1,12.0,533.0,0.514653291015625,False,CALL,2026-03-06,NVO
NVO260306C00063000,63.0,2.54,2.18,2.54,21.0,140.0,0.5056201782226561,False,CALL,2026-03-06,NVO
NVO260306C00064000,64.0,1.78,1.85,2.51,1.0,75.0,0.5239305419921875,False,CALL,2026-03-06,NVO
NVO260306C00065000,65.0,1.75,1.62,2.13,4.0,116.0,0.5200243310546875,False,CALL,2026-03-06,NVO
NVO260306C00066000,66.0,1.85,1.3,1.75,5.0,22.0,0.5043994873046875,False,CALL,2026-03-06,NVO
NVO260306C00068000,68.0,1.44,0.25,1.49,2.0,61.0,0.567387138671875,False,CALL,2026-03-06,NVO
NVO260306C00069000,69.0,1.5,0.85,2.64,15.0,22.0,0.6420934228515626,False,CALL,2026-03-06,NVO
NVO260306C00070000,70.0,0.89,0.82,1.04,30.0,107.0,0.5280808911132813,False,CALL,2026-03-06,NVO
NVO260306C00071000,71.0,0.75,0.41,2.03,6.0,7.0,0.6123085644531252,False,CALL,2026-03-06,NVO
NVO260306C00075000,75.0,0.6,0.26,0.58,1.0,206.0,0.5293015820312501,False,CALL,2026-03-06,NVO
NVO260306P00052000,52.0,0.92,0.58,1.36,1.0,9.0,0.5678754150390625,False,PUT,2026-03-06,NVO
NVO260306P00053000,53.0,1.28,1.08,1.75,1.0,115.0,0.5288133056640626,False,PUT,2026-03-06,NVO
NVO260306P00055000,55.0,1.9,1.62,2.0,7.0,56.0,0.5212450219726561,False,PUT,2026-03-06,NVO
NVO260306P00056000,56.0,1.66,1.98,2.53,13.0,21.0,0.5039112109375,False,PUT,2026-03-06,NVO
NVO260306P00058000,58.0,2.8,2.81,3.05,1.0,150.0,0.49414568359375005,False,PUT,2026-03-06,NVO
NVO260306P00059000,59.0,3.6,3.25,3.75,1.0,12.0,0.5214891601562499,False,PUT,2026-03-06,NVO
NVO260306P00060000,60.0,4.15,3.65,4.4,4.0,68.0,0.5361374511718751,True,PUT,2026-03-06,NVO
NVO260306P00061000,61.0,4.75,4.25,4.95,2.0,46.0,0.5324753784179688,True,PUT,2026-03-06,NVO
NVO260306P00062000,62.0,4.23,4.9,5.7,2.0,17.0,0.5502974658203126,True,PUT,2026-03-06,NVO
NVO260306P00063000,63.0,5.57,5.5,6.15,2.0,33.0,0.5229539892578124,True,PUT,2026-03-06,NVO
NVO260306P00066000,66.0,5.6,7.8,8.3,4.0,4.0,0.5214891601562499,True,PUT,2026-03-06,NVO
NVO260306P00070000,70.0,10.09,10.75,12.25,1.0,5.0,0.508793974609375,True,PUT,2026-03-06,NVO
NVO260320C00045000,45.0,15.17,14.85,15.35,35.0,3255.0,0.6425816992187501,True,CALL,2026-03-20,NVO
NVO260320C00050000,50.0,10.8,10.45,10.85,32.0,18143.0,0.5583540258789064,True,CALL,2026-03-20,NVO
NVO260320C00055000,55.0,7.0,6.75,7.05,111.0,16796.0,0.516606396484375,True,CALL,2026-03-20,NVO
NVO260320C00060000,60.0,4.15,4.15,4.3,1102.0,22421.0,0.5119677709960937,False,CALL,2026-03-20,NVO
NVO260320C00065000,65.0,2.39,2.35,2.4,1061.0,10224.0,0.5048877636718749,False,CALL,2026-03-20,NVO
NVO260320C00070000,70.0,1.3,1.28,1.34,689.0,14839.0,0.5105029418945313,False,CALL,2026-03-20,NVO
NVO260320C00075000,75.0,0.72,0.71,0.77,325.0,8419.0,0.5249070947265625,False,CALL,2026-03-20,NVO
NVO260320P00045000,45.0,0.37,0.34,0.4,206.0,27009.0,0.5273484765625001,False,PUT,2026-03-20,NVO
NVO260320P00050000,50.0,0.95,0.89,1.01,164.0,34035.0,0.5036670727539063,False,PUT,2026-03-20,NVO
NVO260320P00055000,55.0,2.2,2.16,2.32,176.0,17648.0,0.485356708984375,False,PUT,2026-03-20,NVO
NVO260320P00060000,60.0,4.45,4.4,4.5,220.0,8087.0,0.46802289794921875,True,PUT,2026-03-20,NVO
NVO260320P00065000,65.0,7.85,7.55,7.7,41.0,3554.0,0.4631401342773438,True,PUT,2026-03-20,NVO
NVO260320P00070000,70.0,11.4,11.4,12.1,205.0,3703.0,0.5293015820312501,True,PUT,2026-03-20,NVO
NVO260320P00075000,75.0,12.68,15.45,16.9,7.0,53.0,0.6167030517578126,True,PUT,2026-03-20,NVO
NVO260417C00045000,45.0,14.9,14.9,15.55,4.0,1482.0,0.5410202148437502,True,CALL,2026-04-17,NVO
NVO260417C00050000,50.0,11.0,10.8,11.25,31.0,4633.0,0.5280808911132813,True,CALL,2026-04-17,NVO
NVO260417C00055000,55.0,7.5,7.4,7.55,42.0,6120.0,0.4809622216796875,True,CALL,2026-04-17,NVO
NVO260417C00060000,60.0,4.8,4.75,4.9,553.0,9127.0,0.4727835925292969,False,CALL,2026-04-17,NVO
NVO260417C00065000,65.0,3.0,2.98,3.1,355.0,9047.0,0.47559118164062497,False,CALL,2026-04-17,NVO
NVO260417C00070000,70.0,1.88,1.87,1.93,491.0,6549.0,0.4819387744140625,False,CALL,2026-04-17,NVO
NVO260417C00075000,75.0,1.16,1.17,1.21,223.0,2686.0,0.49170430175781255,False,CALL,2026-04-17,NVO
NVO260417P00045000,45.0,0.68,0.66,0.73,60.0,14425.0,0.5019581054687501,False,PUT,2026-04-17,NVO
NVO260417P00050000,50.0,1.62,1.52,1.59,100.0,11260.0,0.48608912353515626,False,PUT,2026-04-17,NVO
NVO260417P00055000,55.0,3.25,3.1,3.2,205.0,7087.0,0.4797415307617187,False,PUT,2026-04-17,NVO
NVO260417P00060000,60.0,5.65,5.6,5.7,137.0,5610.0,0.48511257080078124,True,PUT,2026-04-17,NVO
NVO260417P00065000,65.0,9.0,8.8,8.95,240.0,7761.0,0.4931691308593751,True,PUT,2026-04-17,NVO
NVO260417P00070000,70.0,13.25,12.6,12.9,33.0,1562.0,0.5151415673828125,True,PUT,2026-04-17,NVO
NVO260417P00075000,75.0,16.5,16.7,17.5,38.0,48.0,0.5219774365234374,True,PUT,2026-04-17,NVO
NVO260515C00050000,50.0,12.69,10.95,12.1,1.0,8.0,0.5429733203125001,True,CALL,2026-05-15,NVO
NVO260515C00055000,55.0,8.05,8.1,8.3,16.0,32.0,0.4776663562011719,True,CALL,2026-05-15,NVO
NVO260515C00060000,60.0,5.75,5.65,5.85,24.0,231.0,0.4805960144042969,False,CALL,2026-05-15,NVO
NVO260515C00065000,65.0,3.85,3.8,4.05,12.0,1277.0,0.4852346398925781,False,CALL,2026-05-15,NVO
NVO260515C00070000,70.0,2.62,2.57,2.71,12.0,264.0,0.48511257080078124,False,CALL,2026-05-15,NVO
NVO260515C00075000,75.0,1.79,1.73,1.85,26.0,123.0,0.49268085449218757,False,CALL,2026-05-15,NVO
NVO260515P00045000,45.0,0.95,1.03,1.14,1.0,13.0,0.5043994873046875,False,PUT,2026-05-15,NVO
NVO260515P00050000,50.0,2.19,2.15,2.23,57.0,29.0,0.48779809082031256,False,PUT,2026-05-15,NVO
NVO260515P00055000,55.0,3.94,3.8,4.0,3.0,259.0,0.48071808349609374,False,PUT,2026-05-15,NVO
NVO260515P00060000,60.0,6.54,6.35,6.55,24.0,53.0,0.48340360351562506,True,PUT,2026-05-15,NVO
NVO260515P00065000,65.0,9.8,9.45,9.7,3.0,262.0,0.48413601806640627,True,PUT,2026-05-15,NVO
NVO260515P00070000,70.0,10.49,12.6,13.9,1.0,54.0,0.5310105493164063,True,PUT,2026-05-15,NVO
NVO260618C00045000,45.0,15.4,15.65,16.05,28.0,4194.0,0.5096484582519532,True,CALL,2026-06-18,NVO
NVO260618C00050000,50.0,12.15,11.95,12.4,24.0,9164.0,0.4993946545410156,True,CALL,2026-06-18,NVO
NVO260618C00055000,55.0,8.85,8.95,9.05,68.0,8901.0,0.4715629016113281,True,CALL,2026-06-18,NVO
NVO260618C00060000,60.0,6.58,6.5,6.65,250.0,14614.0,0.4732718688964844,False,CALL,2026-06-18,NVO
NVO260618C00065000,65.0,4.65,4.7,4.8,288.0,8566.0,0.47461462890625,False,CALL,2026-06-18,NVO
NVO260618C00070000,70.0,3.33,3.3,3.4,510.0,17733.0,0.47461462890625,False,CALL,2026-06-18,NVO
NVO260618C00075000,75.0,2.38,2.36,2.44,193.0,3252.0,0.47998566894531247,False,CALL,2026-06-18,NVO
NVO260618P00045000,45.0,1.49,1.42,1.49,9.0,13270.0,0.48340360351562506,False,PUT,2026-06-18,NVO
NVO260618P00050000,50.0,2.68,2.65,2.73,697.0,25064.0,0.47009807250976565,False,PUT,2026-06-18,NVO
NVO260618P00055000,55.0,4.74,4.55,4.65,11.0,18220.0,0.4669242761230469,False,PUT,2026-06-18,NVO
NVO260618P00060000,60.0,7.2,7.0,7.15,8.0,8119.0,0.4621635815429688,True,PUT,2026-06-18,NVO
NVO260618P00065000,65.0,10.25,10.1,10.25,106.0,5640.0,0.459966337890625,True,PUT,2026-06-18,NVO
NVO260618P00070000,70.0,14.15,13.8,13.9,30.0,1809.0,0.4626518579101563,True,PUT,2026-06-18,NVO
NVO260618P00075000,75.0,17.7,17.4,18.5,200.0,707.0,0.512578116455078,True,PUT,2026-06-18,NVO
NVO260717C00045000,45.0,17.25,15.45,16.95,1.0,5.0,0.5534712622070312,True,CALL,2026-07-17,NVO
NVO260717C00055000,55.0,9.7,9.3,10.3,85.0,76.0,0.5131884619140624,True,CALL,2026-07-17,NVO
NVO260717C00060000,60.0,7.1,7.05,7.35,40.0,46.0,0.47461462890625,False,CALL,2026-07-17,NVO
NVO260717C00065000,65.0,5.3,5.15,5.35,1.0,72.0,0.46655806884765627,False,CALL,2026-07-17,NVO
NVO260717C00070000,70.0,4.0,3.6,4.2,9.0,39.0,0.485356708984375,False,CALL,2026-07-17,NVO
NVO260717C00075000,75.0,3.05,2.57,3.2,3.0,921.0,0.4929249926757813,False,CALL,2026-07-17,NVO
NVO260717P00045000,45.0,1.76,1.57,1.92,3.0,7.0,0.48560084716796875,False,PUT,2026-07-17,NVO
NVO260717P00055000,55.0,5.02,4.8,5.25,2.0,119.0,0.4655815161132813,False,PUT,2026-07-17,NVO
NVO260717P00060000,60.0,7.45,7.25,7.65,1.0,9.0,0.45203184692382814,True,PUT,2026-07-17,NVO
NVO260717P00065000,65.0,10.66,10.3,10.8,8.0,7.0,0.45337460693359377,True,PUT,2026-07-17,NVO
NVO260918C00045000,45.0,16.74,16.8,17.25,17.0,1281.0,0.49670913452148446,True,CALL,2026-09-18,NVO
NVO260918C00050000,50.0,13.55,13.4,13.95,71.0,3586.0,0.4907277490234375,True,CALL,2026-09-18,NVO
NVO260918C00055000,55.0,10.76,10.65,10.8,70.0,3477.0,0.4669242761230469,True,CALL,2026-09-18,NVO
NVO260918C00060000,60.0,8.4,8.35,8.5,151.0,3631.0,0.46680220703125,False,CALL,2026-09-18,NVO
NVO260918C00065000,65.0,6.54,6.4,6.6,135.0,3041.0,0.4649101361083985,False,CALL,2026-09-18,NVO
NVO260918C00070000,70.0,5.05,4.95,5.15,75.0,4191.0,0.4670463452148438,False,CALL,2026-09-18,NVO
NVO260918C00075000,75.0,3.78,3.8,4.0,62.0,3279.0,0.46851117431640626,False,CALL,2026-09-18,NVO
NVO260918P00045000,45.0,2.5,2.37,2.52,25.0,5447.0,0.46533737792968755,False,PUT,2026-09-18,NVO
NVO260918P00050000,50.0,4.1,3.9,4.05,4.0,9829.0,0.4542290905761719,False,PUT,2026-09-18,NVO
NVO260918P00055000,55.0,6.13,5.95,6.15,22.0,9063.0,0.44910218872070307,False,PUT,2026-09-18,NVO
NVO260918P00060000,60.0,8.7,8.5,8.65,1.0,1588.0,0.43945873046875,True,PUT,2026-09-18,NVO
NVO260918P00065000,65.0,11.18,11.5,11.7,103.0,3482.0,0.4351863122558594,True,PUT,2026-09-18,NVO
NVO260918P00070000,70.0,12.9,14.95,15.2,34.0,413.0,0.4334773449707031,True,PUT,2026-09-18,NVO
NVO260918P00075000,75.0,16.25,18.65,19.55,100.0,262.0,0.462041512451172,True,PUT,2026-09-18,NVO
NVO261218C00045000,45.0,18.0,17.85,19.1,14.0,1125.0,0.5003712072753908,True,CALL,2026-12-18,NVO
NVO261218C00050000,50.0,15.0,15.0,15.35,39.0,2560.0,0.4919484399414063,True,CALL,2026-12-18,NVO
NVO261218C00055000,55.0,12.35,12.3,12.55,66.0,1788.0,0.4805960144042969,True,CALL,2026-12-18,NVO
NVO261218C00060000,60.0,10.08,10.0,10.25,132.0,1956.0,0.47559118164062497,False,CALL,2026-12-18,NVO
NVO261218C00065000,65.0,8.1,8.15,8.4,7.0,1317.0,0.4749808361816406,False,CALL,2026-12-18,NVO
NVO261218C00070000,70.0,6.5,6.6,6.8,31.0,1120.0,0.4715629016113281,False,CALL,2026-12-18,NVO
NVO261218C00075000,75.0,5.47,5.35,5.45,11.0,2135.0,0.4670463452148438,False,CALL,2026-12-18,NVO
NVO261218P00045000,45.0,3.35,3.15,3.4,13.0,1536.0,0.45337460693359377,False,PUT,2026-12-18,NVO
NVO261218P00050000,50.0,5.0,4.9,5.15,21.0,3227.0,0.4454401159667969,False,PUT,2026-12-18,NVO
NVO261218P00055000,55.0,7.4,7.0,7.25,5.0,617.0,0.43408769042968753,False,PUT,2026-12-18,NVO
NVO261218P00060000,60.0,9.95,9.65,9.9,8.0,1704.0,0.4295100994873047,True,PUT,2026-12-18,NVO
NVO261218P00065000,65.0,12.69,12.65,12.9,32.0,2118.0,0.4229794030761719,True,PUT,2026-12-18,NVO
NVO261218P00070000,70.0,14.96,16.05,16.35,10.0,93.0,0.4209652630615235,True,PUT,2026-12-18,NVO
NVO261218P00075000,75.0,19.7,19.8,20.05,1.0,129.0,0.4165097412109374,True,PUT,2026-12-18,NVO
NVO270115C00045000,45.0,18.66,18.45,18.8,29.0,3482.0,0.4995167236328125,True,CALL,2027-01-15,NVO
NVO270115C00050000,50.0,15.38,15.4,15.9,37.0,10580.0,0.5002491381835938,True,CALL,2027-01-15,NVO
NVO270115C00055000,55.0,12.95,12.85,13.1,288.0,11615.0,0.4866994689941406,True,CALL,2027-01-15,NVO
NVO270115C00060000,60.0,10.6,10.5,10.75,459.0,11329.0,0.4782156671142578,False,CALL,2027-01-15,NVO
NVO270115C00065000,65.0,8.7,8.5,8.7,63.0,7929.0,0.4686332434082031,False,CALL,2027-01-15,NVO
NVO270115C00070000,70.0,7.1,7.0,7.35,245.0,9370.0,0.47626256164550784,False,CALL,2027-01-15,NVO
NVO270115C00075000,75.0,5.7,5.75,6.0,87.0,7943.0,0.4727835925292969,False,CALL,2027-01-15,NVO
NVO270115P00045000,45.0,3.55,3.4,3.65,250.0,5043.0,0.45044494873046875,False,PUT,2027-01-15,NVO
NVO270115P00050000,50.0,5.31,5.15,5.35,38.0,10297.0,0.43781079772949216,False,PUT,2027-01-15,NVO
NVO270115P00055000,55.0,7.45,7.3,7.6,7.0,5809.0,0.4327449304199219,False,PUT,2027-01-15,NVO
NVO270115P00060000,60.0,10.05,9.9,10.1,72.0,6711.0,0.42078215942382813,True,PUT,2027-01-15,NVO
NVO270115P00065000,65.0,12.1,12.9,13.2,5.0,4530.0,0.41870698486328123,True,PUT,2027-01-15,NVO
NVO270115P00070000,70.0,15.65,16.3,16.55,4.0,3354.0,0.41272559936523434,True,PUT,2027-01-15,NVO
NVO270115P00075000,75.0,21.05,20.0,20.3,2.0,5921.0,0.411138701171875,True,PUT,2027-01-15,NVO
NVO270617C00045000,45.0,23.63,19.1,20.5,27.0,237.0,0.500005,True,CALL,2027-06-17,NVO
NVO270617C00050000,50.0,17.09,16.9,18.5,4.0,674.0,0.5285691674804689,True,CALL,2027-06-17,NVO
NVO270617C00055000,55.0,14.75,14.75,15.05,5.0,604.0,0.4823660162353516,True,CALL,2027-06-17,NVO
NVO270617C00060000,60.0,12.6,12.55,12.9,50.0,764.0,0.47864290893554684,False,CALL,2027-06-17,NVO
NVO270617C00065000,65.0,10.54,10.7,11.1,6.0,243.0,0.4776663562011719,False,CALL,2027-06-17,NVO
NVO270617C00070000,70.0,9.3,9.1,9.5,35.0,367.0,0.4749808361816406,False,CALL,2027-06-17,NVO
NVO270617C00075000,75.0,7.75,7.8,8.2,3.0,118.0,0.4753470434570312,False,CALL,2027-06-17,NVO
NVO270617P00045000,45.0,4.35,4.6,4.95,4.0,1512.0,0.4412897668457031,False,PUT,2027-06-17,NVO
NVO270617P00050000,50.0,6.4,6.5,6.9,2.0,150.0,0.4322566540527344,False,PUT,2027-06-17,NVO
NVO270617P00055000,55.0,8.95,8.8,9.15,54.0,110.0,0.4215145739746094,False,PUT,2027-06-17,NVO
NVO270617P00060000,60.0,11.8,11.45,11.85,1.0,158.0,0.4155331884765625,True,PUT,2027-06-17,NVO
NVO270617P00065000,65.0,13.82,14.45,14.85,10.0,404.0,0.4089414575195312,True,PUT,2027-06-17,NVO
NVO270617P00070000,70.0,18.1,17.75,18.15,1.0,125.0,0.4028380029296875,True,PUT,2027-06-17,NVO
NVO270617P00075000,75.0,20.2,21.35,21.8,54.0,55.0,0.4000914483642578,True,PUT,2027-06-17,NVO
NVO271217C00045000,45.0,21.7,21.35,22.0,5.0,7358.0,0.4897511962890626,True,CALL,2027-12-17,NVO
NVO271217C00050000,50.0,19.33,18.85,19.5,13.0,3502.0,0.489384989013672,True,CALL,2027-12-17,NVO
NVO271217C00055000,55.0,16.9,16.3,17.3,7.0,2836.0,0.4892629199218751,True,CALL,2027-12-17,NVO
NVO271217C00060000,60.0,14.9,14.75,15.0,21.0,7179.0,0.47736118347167966,False,CALL,2027-12-17,NVO
NVO271217C00065000,65.0,12.92,12.95,13.4,3.0,1185.0,0.4808401525878906,False,CALL,2027-12-17,NVO
NVO271217C00070000,70.0,11.35,11.4,11.85,17.0,5871.0,0.4793142889404296,False,CALL,2027-12-17,NVO
NVO271217C00075000,75.0,10.21,10.05,10.55,7.0,2176.0,0.47986359985351557,False,CALL,2027-12-17,NVO
NVO271217P00045000,45.0,5.97,5.7,6.1,3.0,2584.0,0.4260311303710938,False,PUT,2027-12-17,NVO
NVO271217P00050000,50.0,7.5,7.75,8.2,12.0,1999.0,0.4179135357666015,False,PUT,2027-12-17,NVO
NVO271217P00055000,55.0,10.65,10.15,10.7,1.0,1592.0,0.41309180664062495,False,PUT,2027-12-17,NVO
NVO271217P00060000,60.0,13.3,12.85,13.35,2.0,3382.0,0.4035704174804688,True,PUT,2027-12-17,NVO
NVO271217P00065000,65.0,14.55,15.9,16.45,15.0,669.0,0.3998473101806641,True,PUT,2027-12-17,NVO
NVO271217P00070000,70.0,18.5,19.15,19.75,1.0,1103.0,0.39453730468750003,True,PUT,2027-12-17,NVO
NVO271217P00075000,75.0,29.1,22.7,23.25,1.0,4452.0,0.3885559191894531,True,PUT,2027-12-17,NVO
NVO280121C00045000,45.0,22.1,21.85,23.1,30.0,1741.0,0.5213060565185546,True,CALL,2028-01-21,NVO
NVO280121C00050000,50.0,19.45,19.65,19.9,37.0,3695.0,0.49170430175781255,True,CALL,2028-01-21,NVO
NVO280121C00055000,55.0,17.6,17.05,18.25,89.0,1901.0,0.5089160437011719,True,CALL,2028-01-21,NVO
NVO280121C00060000,60.0,15.5,15.2,15.6,105.0,4493.0,0.4846242944335938,False,CALL,2028-01-21,NVO
NVO280121C00065000,65.0,13.55,13.3,13.8,16.0,1531.0,0.4813284289550781,False,CALL,2028-01-21,NVO
NVO280121C00070000,70.0,12.1,11.95,12.2,35.0,4890.0,0.478093598022461,False,CALL,2028-01-21,NVO
NVO280121C00075000,75.0,10.7,10.4,10.95,32.0,3178.0,0.4801077380371094,False,CALL,2028-01-21,NVO
NVO280121P00045000,45.0,6.05,5.85,6.2,68.0,1715.0,0.41962250305175786,False,PUT,2028-01-21,NVO
NVO280121P00050000,50.0,8.3,7.9,8.4,15.0,1239.0,0.41480077392578124,False,PUT,2028-01-21,NVO
NVO280121P00055000,55.0,10.65,10.35,10.9,1.0,1265.0,0.4094907684326171,False,PUT,2028-01-21,NVO
NVO280121P00060000,60.0,13.4,13.05,13.55,6.0,848.0,0.39990834472656256,True,PUT,2028-01-21,NVO
NVO280121P00065000,65.0,16.43,16.05,16.65,3.0,250.0,0.396063168334961,True,PUT,2028-01-21,NVO
NVO280121P00070000,70.0,19.1,19.35,19.9,1.0,66.0,0.38941040283203127,True,PUT,2028-01-21,NVO
NVO280121P00075000,75.0,21.35,22.85,23.45,1.0,1308.0,0.38513798461914056,True,PUT,2028-01-21,NVO
NWL260220C00003000,3.0,1.16,1.15,1.45,2.0,78.0,1.5859395703124997,True,CALL,2026-02-20,NWL
NWL260220C00004000,4.0,0.5,0.45,0.5,33.0,1016.0,0.992187578125,True,CALL,2026-02-20,NWL
NWL260220C00005000,5.0,0.1,0.1,0.2,16.0,11063.0,1.0078174609375,False,CALL,2026-02-20,NWL
NWL260220P00003000,3.0,0.05,0.0,0.05,1.0,440.0,0.87500125,False,PUT,2026-02-20,NWL
NWL260220P00004000,4.0,0.32,0.3,0.35,986.0,2555.0,0.9570316796874999,False,PUT,2026-02-20,NWL
NWL260220P00005000,5.0,0.77,0.95,1.05,1.0,188.0,0.9609378906249999,True,PUT,2026-02-20,NWL
NWL260320C00003000,3.0,1.45,1.05,1.45,1.0,300.0,0.92187578125,True,CALL,2026-03-20,NWL
NWL260320C00004000,4.0,0.7,0.45,0.55,10.0,8840.0,0.710940390625,True,CALL,2026-03-20,NWL
NWL260320C00005000,5.0,0.23,0.2,0.25,670.0,48800.0,0.8164080859374999,False,CALL,2026-03-20,NWL
NWL260320P00003000,3.0,0.08,0.05,0.15,2.0,652.0,0.8789074609374999,False,PUT,2026-03-20,NWL
NWL260320P00004000,4.0,0.35,0.35,0.45,22.0,1000.0,0.7695335546875001,False,PUT,2026-03-20,NWL
NWL260320P00005000,5.0,1.0,1.0,1.15,1.0,2320.0,0.789064609375,True,PUT,2026-03-20,NWL
NWL260618C00003000,3.0,1.5,1.15,1.75,2.0,248.0,0.8652357226562499,True,CALL,2026-06-18,NWL
NWL260618C00004000,4.0,0.75,0.7,0.8,1.0,853.0,0.6796907031250001,True,CALL,2026-06-18,NWL
NWL260618C00005000,5.0,0.4,0.35,0.4,22.0,1023.0,0.648441015625,False,CALL,2026-06-18,NWL
NWL260618P00003000,3.0,0.2,0.2,0.3,32.0,1952.0,0.77148666015625,False,PUT,2026-06-18,NWL
NWL260618P00004000,4.0,0.6,0.6,0.65,4.0,545.0,0.6894562304687502,False,PUT,2026-06-18,NWL
NWL260618P00005000,5.0,1.2,1.2,1.4,3.0,274.0,0.70898728515625,True,PUT,2026-06-18,NWL
NWL260918C00004000,4.0,1.08,0.85,1.05,221.0,221.0,0.6875031250000001,True,CALL,2026-09-18,NWL
NWL260918C00005000,5.0,0.7,0.5,0.7,1.0,56.0,0.6777375976562501,False,CALL,2026-09-18,NWL
NWL260918P00003000,3.0,0.36,0.35,0.5,20.0,395.0,0.7929708203125,False,PUT,2026-09-18,NWL
NWL260918P00004000,4.0,0.75,0.75,0.95,1.0,3.0,0.71679970703125,False,PUT,2026-09-18,NWL
NWL270115C00003000,3.0,1.75,1.25,1.65,28.0,3910.0,0.5468795312500001,True,CALL,2027-01-15,NWL
NWL270115C00004000,4.0,1.25,1.0,1.25,1.0,149.0,0.6748079394531252,True,CALL,2027-01-15,NWL
NWL270115C00005000,5.0,0.75,0.65,0.8,4.0,4402.0,0.6289099609375001,False,CALL,2027-01-15,NWL
NWL270115P00003000,3.0,0.54,0.45,0.6,12.0,1985.0,0.7304714453125,False,PUT,2027-01-15,NWL
NWL270115P00004000,4.0,0.92,0.9,1.1,1.0,27.0,0.6816438085937502,False,PUT,2027-01-15,NWL
NWL270115P00005000,5.0,1.4,1.5,1.75,4.0,6728.0,0.65039412109375,True,PUT,2027-01-15,NWL
NWL280121C00003000,3.0,1.8,1.6,2.35,150.0,1697.0,0.6972686523437501,True,CALL,2028-01-21,NWL
NWL280121C00004000,4.0,1.54,1.2,3.1,25.0,46.0,0.9853517089843751,True,CALL,2028-01-21,NWL
NWL280121C00005000,5.0,1.2,0.8,1.3,2.0,561.0,0.579105771484375,False,CALL,2028-01-21,NWL
NWL280121P00003000,3.0,0.9,0.0,1.0,10.0,914.0,0.7949239257812499,False,PUT,2028-01-21,NWL
NWL280121P00004000,4.0,1.35,0.05,2.5,10.0,13.0,0.6054726953125001,False,PUT,2028-01-21,NWL
NWL280121P00005000,5.0,1.26,1.25,2.4,1.0,127.0,0.5405319384765627,True,PUT,2028-01-21,NWL
NXE260220C00010000,10.0,3.3,3.1,3.4,107.0,3470.0,0.7539087109375,True,CALL,2026-02-20,NXE
NXE260220C00011000,11.0,1.92,2.15,2.5,44.0,2553.0,0.6679720703125002,True,CALL,2026-02-20,NXE
NXE260220C00012000,12.0,1.65,1.55,1.65,117.0,11594.0,0.7050810742187501,True,CALL,2026-02-20,NXE
NXE260220C00013000,13.0,1.0,1.0,1.05,109.0,5632.0,0.711916943359375,True,CALL,2026-02-20,NXE
NXE260220C00014000,14.0,0.6,0.55,0.65,143.0,36466.0,0.70312796875,False,CALL,2026-02-20,NXE
NXE260220C00015000,15.0,0.4,0.3,0.4,1043.0,22516.0,0.71679970703125,False,CALL,2026-02-20,NXE
NXE260220C00016000,16.0,0.2,0.2,0.25,94.0,17498.0,0.7617211328125001,False,CALL,2026-02-20,NXE
NXE260220C00017000,17.0,0.09,0.1,0.2,12.0,1433.0,0.804689453125,False,CALL,2026-02-20,NXE
NXE260220P00010000,10.0,0.1,0.05,0.1,141.0,1552.0,0.7656273437500001,False,PUT,2026-02-20,NXE
NXE260220P00011000,11.0,0.27,0.15,0.2,18.0,635.0,0.710940390625,False,PUT,2026-02-20,NXE
NXE260220P00012000,12.0,0.43,0.4,0.45,108.0,2684.0,0.710940390625,False,PUT,2026-02-20,NXE
NXE260220P00013000,13.0,0.85,0.8,0.85,3551.0,529.0,0.6972686523437501,False,PUT,2026-02-20,NXE
NXE260220P00014000,14.0,1.45,1.4,1.45,22.0,15.0,0.7070341796875,True,PUT,2026-02-20,NXE
NXE260220P00015000,15.0,3.3,2.1,2.3,,1.0,0.74414318359375,True,PUT,2026-02-20,NXE
NXE260320C00010000,10.0,3.4,3.3,3.7,32.0,18670.0,0.7929708203125,True,CALL,2026-03-20,NXE
NXE260320C00011000,11.0,2.65,2.55,2.9,143.0,9469.0,0.76367423828125,True,CALL,2026-03-20,NXE
NXE260320C00012000,12.0,1.74,1.95,2.1,60.0,15353.0,0.7236355761718749,True,CALL,2026-03-20,NXE
NXE260320C00013000,13.0,1.34,1.45,1.55,235.0,3334.0,0.7236355761718749,True,CALL,2026-03-20,NXE
NXE260320C00014000,14.0,1.1,1.1,1.15,361.0,6837.0,0.7421900781249999,False,CALL,2026-03-20,NXE
NXE260320C00015000,15.0,0.8,0.8,0.9,784.0,11244.0,0.76367423828125,False,CALL,2026-03-20,NXE
NXE260320C00016000,16.0,0.47,0.6,0.65,1.0,149.0,0.772463212890625,False,CALL,2026-03-20,NXE
NXE260320C00017000,17.0,0.5,0.45,0.5,63.0,146.0,0.79101771484375,False,CALL,2026-03-20,NXE
NXE260320P00010000,10.0,0.39,0.25,0.35,24.0,984.0,0.773439765625,False,PUT,2026-03-20,NXE
NXE260320P00011000,11.0,0.6,0.5,0.55,81.0,372.0,0.7490259472656251,False,PUT,2026-03-20,NXE
NXE260320P00012000,12.0,0.95,0.8,0.9,13.0,1461.0,0.726565234375,False,PUT,2026-03-20,NXE
NXE260320P00013000,13.0,1.43,1.25,1.35,6.0,614.0,0.7128934960937501,False,PUT,2026-03-20,NXE
NXE260320P00014000,14.0,1.66,1.8,1.95,7.0,2.0,0.7070341796875,True,PUT,2026-03-20,NXE
NXE260320P00015000,15.0,8.41,8.3,8.5,8.0,2.0,3.864258151855469,True,PUT,2026-03-20,NXE
NXE260417C00010000,10.0,4.25,3.6,3.9,3.0,12.0,0.804689453125,True,CALL,2026-04-17,NXE
NXE260417C00011000,11.0,2.95,2.85,3.1,1.0,38.0,0.7460962890625,True,CALL,2026-04-17,NXE
NXE260417C00012000,12.0,2.35,2.2,2.45,265.0,437.0,0.717776259765625,True,CALL,2026-04-17,NXE
NXE260417C00013000,13.0,1.9,1.75,1.95,10.0,91.0,0.727541787109375,True,CALL,2026-04-17,NXE
NXE260417C00014000,14.0,1.45,1.35,1.55,6.0,3048.0,0.729494892578125,False,CALL,2026-04-17,NXE
NXE260417C00015000,15.0,0.95,0.9,1.2,162.0,53.0,0.6987334814453126,False,CALL,2026-04-17,NXE
NXE260417C00016000,16.0,0.75,0.65,0.95,1.0,111.0,0.70117486328125,False,CALL,2026-04-17,NXE
NXE260417C00017000,17.0,0.55,0.5,0.75,322.0,28.0,0.711916943359375,False,CALL,2026-04-17,NXE
NXE260417P00010000,10.0,0.45,0.4,0.55,3.0,96.0,0.74414318359375,False,PUT,2026-04-17,NXE
NXE260417P00011000,11.0,0.67,0.65,0.85,4.0,26.0,0.7236355761718749,False,PUT,2026-04-17,NXE
NXE260417P00012000,12.0,0.95,1.05,1.2,1.0,144.0,0.70898728515625,False,PUT,2026-04-17,NXE
NXE260417P00013000,13.0,1.4,1.5,1.7,5.0,134.0,0.6982452050781252,False,PUT,2026-04-17,NXE
NXE260515C00010000,10.0,3.3,3.8,4.1,82.0,4747.0,0.795900478515625,True,CALL,2026-05-15,NXE
NXE260515C00011000,11.0,3.8,3.0,3.3,13.0,2304.0,0.7187528125,True,CALL,2026-05-15,NXE
NXE260515C00012000,12.0,2.65,2.55,2.75,44.0,2298.0,0.7426783544921874,True,CALL,2026-05-15,NXE
NXE260515C00013000,13.0,2.19,2.0,2.25,81.0,5719.0,0.7236355761718749,True,CALL,2026-05-15,NXE
NXE260515C00014000,14.0,1.77,1.7,1.8,6150.0,15127.0,0.7324245507812499,False,CALL,2026-05-15,NXE
NXE260515C00015000,15.0,1.4,1.3,1.5,1680.0,4320.0,0.725588681640625,False,CALL,2026-05-15,NXE
NXE260515C00016000,16.0,1.2,1.1,1.25,5555.0,10992.0,0.7421900781249999,False,CALL,2026-05-15,NXE
NXE260515C00017000,17.0,1.06,0.7,1.0,20.0,7012.0,0.70312796875,False,CALL,2026-05-15,NXE
NXE260515P00010000,10.0,0.65,0.55,0.65,19.0,664.0,0.7070341796875,False,PUT,2026-05-15,NXE
NXE260515P00011000,11.0,0.95,0.9,1.05,6.0,197.0,0.72070591796875,False,PUT,2026-05-15,NXE
NXE260515P00012000,12.0,1.64,1.25,1.5,2.0,18.0,0.7060576269531251,False,PUT,2026-05-15,NXE
NXE260515P00013000,13.0,2.07,1.8,2.0,2.0,26.0,0.708010732421875,False,PUT,2026-05-15,NXE
NXE260515P00014000,14.0,2.15,2.35,2.55,1.0,101.0,0.6904327832031252,True,PUT,2026-05-15,NXE
NXE260618C00010000,10.0,4.44,3.9,4.3,2.0,17.0,0.7578149218750001,True,CALL,2026-06-18,NXE
NXE260618C00011000,11.0,3.8,3.2,3.6,1.0,261.0,0.7202176416015625,True,CALL,2026-06-18,NXE
NXE260618C00012000,12.0,3.35,2.65,3.1,3.0,428.0,0.7226590234375,True,CALL,2026-06-18,NXE
NXE260618C00013000,13.0,2.4,2.3,2.55,121.0,1197.0,0.7251004052734374,True,CALL,2026-06-18,NXE
NXE260618C00014000,14.0,2.0,1.9,2.1,10.0,203.0,0.7148466015625,False,CALL,2026-06-18,NXE
NXE260618C00015000,15.0,1.6,1.6,1.8,9.0,357.0,0.7241238525390624,False,CALL,2026-06-18,NXE
NXE260618C00016000,16.0,1.5,1.2,1.5,2.0,6118.0,0.702151416015625,False,CALL,2026-06-18,NXE
NXE260618C00017000,17.0,1.15,0.95,1.3,420.0,819.0,0.7041045214843751,False,CALL,2026-06-18,NXE
NXE260618P00010000,10.0,0.8,0.7,0.95,10.0,20.0,0.7172879833984375,False,PUT,2026-06-18,NXE
NXE260618P00011000,11.0,2.01,1.05,1.3,,15.0,0.70312796875,False,PUT,2026-06-18,NXE
NXE260717C00010000,10.0,4.2,4.1,4.5,20.0,23.0,0.7675804492187501,True,CALL,2026-07-17,NXE
NXE260717C00011000,11.0,3.36,3.4,3.8,10.0,2.0,0.7236355761718749,True,CALL,2026-07-17,NXE
NXE260717C00012000,12.0,3.2,2.85,3.3,167.0,158.0,0.7192410888671875,True,CALL,2026-07-17,NXE
NXE260717C00013000,13.0,2.7,2.6,2.8,280.0,759.0,0.7397486962890624,True,CALL,2026-07-17,NXE
NXE260717C00014000,14.0,2.7,2.2,2.35,5.0,18.0,0.727541787109375,False,CALL,2026-07-17,NXE
NXE260717C00015000,15.0,2.05,1.85,2.05,25.0,141.0,0.729494892578125,False,CALL,2026-07-17,NXE
NXE260717C00016000,16.0,1.65,1.6,1.75,65.0,30.0,0.7314479980468749,False,CALL,2026-07-17,NXE
NXE260717C00017000,17.0,1.34,1.35,1.5,20.0,101.0,0.729494892578125,False,CALL,2026-07-17,NXE
NXE260717P00010000,10.0,1.15,0.95,1.05,,30.0,0.7216824707031251,False,PUT,2026-07-17,NXE
NXE260717P00011000,11.0,1.4,1.3,1.4,81.0,631.0,0.700198310546875,False,PUT,2026-07-17,NXE
NXE260717P00012000,12.0,1.7,1.75,1.85,69.0,123.0,0.6904327832031252,False,PUT,2026-07-17,NXE
NXE260717P00013000,13.0,2.35,2.25,2.4,4.0,0.0,0.6835969140625001,False,PUT,2026-07-17,NXE
NXE260717P00014000,14.0,2.8,2.8,3.0,22.0,2.0,0.6733431103515627,True,PUT,2026-07-17,NXE
NXE260717P00015000,15.0,3.6,3.4,3.7,4.0,2.0,0.6679720703125002,True,PUT,2026-07-17,NXE
NXE260717P00017000,17.0,5.8,4.9,5.2,,1.0,0.6728548339843752,True,PUT,2026-07-17,NXE
NXE260821C00010000,10.0,4.5,3.9,4.7,2.0,110.0,0.6987334814453126,True,CALL,2026-08-21,NXE
NXE260821C00011000,11.0,3.75,3.6,4.0,10.0,55.0,0.719729365234375,True,CALL,2026-08-21,NXE
NXE260821C00012000,12.0,3.11,3.0,3.5,6.0,213.0,0.7041045214843751,True,CALL,2026-08-21,NXE
NXE260821C00013000,13.0,2.73,2.6,3.1,1.0,79.0,0.7133817724609376,True,CALL,2026-08-21,NXE
NXE260821C00014000,14.0,2.7,2.2,2.65,8.0,20.0,0.70117486328125,False,CALL,2026-08-21,NXE
NXE260821C00015000,15.0,2.04,2.0,2.3,26.0,54.0,0.7148466015625,False,CALL,2026-08-21,NXE
NXE260821C00016000,16.0,1.72,1.65,1.95,17.0,58.0,0.6982452050781252,False,CALL,2026-08-21,NXE
NXE260821C00017000,17.0,1.86,1.4,1.7,4.0,125.0,0.6967803759765626,False,CALL,2026-08-21,NXE
NXE260821P00010000,10.0,1.15,1.05,1.15,1.0,460.0,0.692385888671875,False,PUT,2026-08-21,NXE
NXE260821P00011000,11.0,1.37,1.4,1.65,3.0,10.0,0.6909210595703126,False,PUT,2026-08-21,NXE
NXE260821P00012000,12.0,1.95,1.9,2.15,5.0,17.0,0.6914093359375001,False,PUT,2026-08-21,NXE
NXE260821P00014000,14.0,2.78,3.0,3.3,2.0,3.0,0.6772493212890626,True,PUT,2026-08-21,NXE
NXE270115C00010000,10.0,4.8,5.0,5.3,206.0,13444.0,0.7524438818359375,True,CALL,2027-01-15,NXE
NXE270115C00015000,15.0,3.1,2.9,3.1,251.0,14932.0,0.710940390625,False,CALL,2027-01-15,NXE
NXE270115C00017000,17.0,2.44,2.3,2.5,76.0,271.0,0.6977569287109376,False,CALL,2027-01-15,NXE
NXE270115P00010000,10.0,1.57,1.35,1.8,50.0,962.0,0.6518589501953126,False,PUT,2027-01-15,NXE
NXE270115P00015000,15.0,4.5,4.1,4.6,15.0,158.0,0.6196327099609377,True,PUT,2027-01-15,NXE
NXE280121C00010000,10.0,6.2,6.0,6.7,259.0,4760.0,0.7412135253906249,True,CALL,2028-01-21,NXE
NXE280121C00012000,12.0,5.4,5.0,6.5,1.0,289.0,0.7622094091796876,True,CALL,2028-01-21,NXE
NXE280121C00015000,15.0,4.71,4.5,4.9,74.0,6057.0,0.7355983471679688,False,CALL,2028-01-21,NXE
NXE280121C00017000,17.0,4.1,3.1,4.5,1.0,102.0,0.6772493212890626,False,CALL,2028-01-21,NXE
NXE280121P00010000,10.0,2.5,2.45,2.85,5.0,195.0,0.6469761865234375,False,PUT,2028-01-21,NXE
NXE280121P00012000,12.0,3.7,3.6,3.9,5.0,35.0,0.6311072045898438,False,PUT,2028-01-21,NXE
NXE280121P00015000,15.0,5.72,4.0,6.7,4.0,20.0,0.5695843823242188,True,PUT,2028-01-21,NXE
NXE280121P00017000,17.0,7.0,6.7,8.0,5.0,21.0,0.64062859375,True,PUT,2028-01-21,NXE
O260220C00050000,50.0,11.3,9.1,11.5,27.0,19.0,0.743166630859375,True,CALL,2026-02-20,O
O260220C00052500,52.5,8.8,6.6,9.7,35.0,29.0,0.7856466748046875,True,CALL,2026-02-20,O
O260220C00055000,55.0,5.38,5.1,5.7,21.0,220.0,1.0000000000000003e-05,True,CALL,2026-02-20,O
O260220C00057500,57.5,3.18,3.0,3.3,102.0,3767.0,0.157234990234375,True,CALL,2026-02-20,O
O260220C00060000,60.0,1.2,1.05,1.25,257.0,7180.0,0.1401453173828125,True,CALL,2026-02-20,O
O260220C00062500,62.5,0.15,0.1,0.15,141.0,9055.0,0.116219775390625,False,CALL,2026-02-20,O
O260220C00065000,65.0,0.03,0.0,0.05,40.0,1728.0,0.16211775390625,False,CALL,2026-02-20,O
O260220C00067500,67.5,0.02,0.0,0.05,7.0,41.0,0.231452998046875,False,CALL,2026-02-20,O
O260220C00070000,70.0,0.1,0.0,0.05,1.0,14.0,0.29492892578124996,False,CALL,2026-02-20,O
O260220P00045000,45.0,0.01,0.0,0.05,20.0,18.0,0.5195360546875,False,PUT,2026-02-20,O
O260220P00047500,47.5,0.04,0.0,0.15,13.0,26.0,0.5117236328125,False,PUT,2026-02-20,O
O260220P00050000,50.0,0.03,0.0,0.05,13.0,116.0,0.39258419921875,False,PUT,2026-02-20,O
O260220P00052500,52.5,0.05,0.0,0.1,13.0,412.0,0.34961587890624996,False,PUT,2026-02-20,O
O260220P00055000,55.0,0.06,0.05,0.1,17.0,1176.0,0.25586681640625003,False,PUT,2026-02-20,O
O260220P00057500,57.5,0.25,0.15,0.25,63.0,2356.0,0.21143366699218746,False,PUT,2026-02-20,O
O260220P00060000,60.0,0.7,0.65,0.75,202.0,3743.0,0.176766044921875,False,PUT,2026-02-20,O
O260220P00062500,62.5,2.28,2.15,2.65,1.0,663.0,0.25928475097656256,True,PUT,2026-02-20,O
O260220P00065000,65.0,4.9,3.3,6.0,1.0,58.0,0.5468795312500001,True,PUT,2026-02-20,O
O260220P00070000,70.0,10.15,9.0,10.7,2.0,21.0,0.5107470800781251,True,PUT,2026-02-20,O
O260320C00042500,42.5,17.6,14.2,18.0,120.0,0.0,1.0000000000000003e-05,True,CALL,2026-03-20,O
O260320C00045000,45.0,13.5,15.4,17.2,1.0,0.0,0.6289099609375001,True,CALL,2026-03-20,O
O260320C00047500,47.5,9.2,11.2,14.9,1.0,2.0,0.77148666015625,True,CALL,2026-03-20,O
O260320C00050000,50.0,10.51,9.5,10.8,2.0,355.0,0.2910227148437499,True,CALL,2026-03-20,O
O260320C00052500,52.5,7.85,6.0,9.9,2.0,78.0,0.5583540258789064,True,CALL,2026-03-20,O
O260320C00055000,55.0,5.55,5.3,5.8,17.0,580.0,0.16797707031250003,True,CALL,2026-03-20,O
O260320C00057500,57.5,3.4,3.3,3.6,114.0,2349.0,0.1667563793945313,True,CALL,2026-03-20,O
O260320C00060000,60.0,1.62,1.65,1.8,120.0,5613.0,0.15747912841796874,True,CALL,2026-03-20,O
O260320C00062500,62.5,0.55,0.55,0.65,57.0,6358.0,0.14820187744140628,False,CALL,2026-03-20,O
O260320C00065000,65.0,0.15,0.1,0.2,17.0,2185.0,0.15210808837890627,False,CALL,2026-03-20,O
O260320C00067500,67.5,0.05,0.0,0.5,1.0,485.0,0.27197993652343744,False,CALL,2026-03-20,O
O260320C00070000,70.0,0.05,0.0,0.1,2.0,188.0,0.22412885253906245,False,CALL,2026-03-20,O
O260320C00075000,75.0,0.05,0.0,0.05,1.0,403.0,0.274421318359375,False,CALL,2026-03-20,O
O260320P00042500,42.5,0.17,0.0,0.75,1.0,133.0,0.6455113574218749,False,PUT,2026-03-20,O
O260320P00045000,45.0,0.1,0.0,0.3,1.0,142.0,0.532231240234375,False,PUT,2026-03-20,O
O260320P00047500,47.5,0.04,0.0,0.1,20.0,346.0,0.36133451171875,False,PUT,2026-03-20,O
O260320P00050000,50.0,0.09,0.05,0.2,1.0,547.0,0.34278000976562495,False,PUT,2026-03-20,O
O260320P00052500,52.5,0.2,0.1,0.2,1.0,1596.0,0.27295648925781246,False,PUT,2026-03-20,O
O260320P00055000,55.0,0.25,0.25,0.3,11.0,2691.0,0.2280350634765625,False,PUT,2026-03-20,O
O260320P00057500,57.5,0.6,0.55,0.65,21.0,1661.0,0.20703917968749996,False,PUT,2026-03-20,O
O260320P00060000,60.0,1.37,1.3,1.45,29.0,1287.0,0.198250205078125,False,PUT,2026-03-20,O
O260320P00062500,62.5,3.0,2.7,3.1,4.0,455.0,0.22705851074218747,True,PUT,2026-03-20,O
O260320P00065000,65.0,5.1,3.7,5.3,1.0,26.0,0.27930408203124996,True,PUT,2026-03-20,O
O260320P00067500,67.5,7.08,5.6,9.1,4.0,21.0,0.5229539892578124,True,PUT,2026-03-20,O
O260320P00070000,70.0,10.9,9.8,13.5,11.0,11.0,0.6049844189453126,True,PUT,2026-03-20,O
O260320P00075000,75.0,18.06,14.6,17.3,1.0,1.0,0.639652041015625,True,PUT,2026-03-20,O
O260618C00042500,42.5,15.4,13.7,17.0,4.0,4.0,1.0000000000000003e-05,True,CALL,2026-06-18,O
O260618C00045000,45.0,15.56,13.4,17.4,10.0,9.0,0.5302781347656251,True,CALL,2026-06-18,O
O260618C00047500,47.5,9.6,10.9,14.9,10.0,380.0,0.463872548828125,True,CALL,2026-06-18,O
O260618C00050000,50.0,10.58,9.6,11.1,2.0,119.0,0.24268335449218748,True,CALL,2026-06-18,O
O260618C00052500,52.5,8.18,7.3,8.7,1.0,279.0,0.20948056152343747,True,CALL,2026-06-18,O
O260618C00055000,55.0,5.75,5.7,6.3,1.0,290.0,0.1713950048828125,True,CALL,2026-06-18,O
O260618C00057500,57.5,4.13,3.9,4.3,11.0,693.0,0.1606529248046875,True,CALL,2026-06-18,O
O260618C00060000,60.0,2.55,2.55,2.7,426.0,3732.0,0.15552602294921875,True,CALL,2026-06-18,O
O260618C00062500,62.5,1.45,1.4,1.5,476.0,4575.0,0.14954463745117189,False,CALL,2026-06-18,O
O260618C00065000,65.0,0.66,0.7,0.75,58.0,4707.0,0.14649291015625,False,CALL,2026-06-18,O
O260618C00067500,67.5,0.23,0.15,0.35,9.0,2088.0,0.14624877197265623,False,CALL,2026-06-18,O
O260618C00070000,70.0,0.05,0.0,0.1,1.0,696.0,0.13477427734375003,False,CALL,2026-06-18,O
O260618C00075000,75.0,0.05,0.0,0.05,12.0,95.0,0.165047412109375,False,CALL,2026-06-18,O
O260618P00042500,42.5,0.25,0.0,0.55,19.0,405.0,0.42578699218750005,False,PUT,2026-06-18,O
O260618P00045000,45.0,0.14,0.1,0.2,5.0,1860.0,0.2934640966796874,False,PUT,2026-06-18,O
O260618P00047500,47.5,0.17,0.1,0.3,1.0,1084.0,0.27295648925781246,False,PUT,2026-06-18,O
O260618P00050000,50.0,0.3,0.3,0.4,2.0,1554.0,0.24463645996093752,False,PUT,2026-06-18,O
O260618P00052500,52.5,0.55,0.5,0.65,4.0,2598.0,0.2299881689453125,False,PUT,2026-06-18,O
O260618P00055000,55.0,0.9,0.85,0.95,7.0,1288.0,0.20752745605468748,False,PUT,2026-06-18,O
O260618P00057500,57.5,1.55,1.45,1.65,13.0,820.0,0.20386538330078124,False,PUT,2026-06-18,O
O260618P00060000,60.0,2.45,2.35,2.55,96.0,1695.0,0.19336744140625,False,PUT,2026-06-18,O
O260618P00062500,62.5,4.2,3.7,4.1,1.0,120.0,0.20471986694335934,True,PUT,2026-06-18,O
O260618P00065000,65.0,5.15,5.4,6.3,10.0,98.0,0.2425612854003906,True,PUT,2026-06-18,O
O260618P00067500,67.5,10.67,10.3,0.0,1.0,3.0,1.0000000000000003e-05,True,PUT,2026-06-18,O
O260618P00070000,70.0,13.0,10.6,13.8,,1.0,0.5181932946777343,True,PUT,2026-06-18,O
O260618P00075000,75.0,17.55,15.6,17.3,,1.0,0.495122236328125,True,PUT,2026-06-18,O
O260918C00045000,45.0,12.18,13.3,17.4,1.0,15.0,0.41235939208984373,True,CALL,2026-09-18,O
O260918C00047500,47.5,10.16,11.1,14.9,1.0,147.0,0.36084623535156246,True,CALL,2026-09-18,O
O260918C00050000,50.0,7.8,9.7,11.2,1.0,134.0,0.20117986328124998,True,CALL,2026-09-18,O
O260918C00052500,52.5,8.5,8.1,8.7,12.0,65.0,0.16285016845703126,True,CALL,2026-09-18,O
O260918C00055000,55.0,6.15,6.2,6.8,10.0,229.0,0.17127293579101563,True,CALL,2026-09-18,O
O260918C00057500,57.5,4.55,4.4,4.9,2.0,310.0,0.1607749938964844,True,CALL,2026-09-18,O
O260918C00060000,60.0,3.03,2.95,3.3,40.0,854.0,0.15235222656250003,True,CALL,2026-09-18,O
O260918C00062500,62.5,2.05,1.7,2.1,1.0,927.0,0.1480798083496094,False,CALL,2026-09-18,O
O260918C00065000,65.0,1.15,1.1,1.25,14.0,791.0,0.1450280810546875,False,CALL,2026-09-18,O
O260918C00067500,67.5,0.76,0.5,0.7,10.0,351.0,0.1431970446777344,False,CALL,2026-09-18,O
O260918C00070000,70.0,0.26,0.2,0.45,2.0,121.0,0.15015498291015628,False,CALL,2026-09-18,O
O260918C00075000,75.0,0.15,0.0,0.0,3.0,11.0,0.062509375,False,CALL,2026-09-18,O
O260918P00042500,42.5,0.34,0.15,0.75,1.0,144.0,0.3601138208007812,False,PUT,2026-09-18,O
O260918P00045000,45.0,0.25,0.25,0.45,15.0,82.0,0.274421318359375,False,PUT,2026-09-18,O
O260918P00047500,47.5,0.54,0.4,0.8,4.0,359.0,0.27722890747070306,False,PUT,2026-09-18,O
O260918P00050000,50.0,0.7,0.6,1.0,1.0,350.0,0.2533033654785156,False,PUT,2026-09-18,O
O260918P00052500,52.5,1.0,0.9,1.15,3.0,396.0,0.2211991943359375,False,PUT,2026-09-18,O
O260918P00055000,55.0,1.51,1.35,1.7,1.0,302.0,0.21253228881835937,False,PUT,2026-09-18,O
O260918P00057500,57.5,2.25,2.1,2.4,60.0,288.0,0.20154607055664062,False,PUT,2026-09-18,O
O260918P00060000,60.0,3.3,3.1,3.8,4.0,176.0,0.215828154296875,False,PUT,2026-09-18,O
O260918P00062500,62.5,4.5,4.4,5.1,52.0,57.0,0.21143366699218746,True,PUT,2026-09-18,O
O260918P00065000,65.0,6.1,6.0,6.6,2.0,18.0,0.20526917785644527,True,PUT,2026-09-18,O
O260918P00067500,67.5,7.6,7.6,9.0,1.0,1.0,0.2391433508300781,True,PUT,2026-09-18,O
O260918P00070000,70.0,12.86,0.0,0.0,1.0,2.0,1.0000000000000003e-05,True,PUT,2026-09-18,O
O261218C00045000,45.0,12.01,13.0,17.5,3.0,13.0,0.35742830078125,True,CALL,2026-12-18,O
O261218C00047500,47.5,11.81,11.4,14.2,49.0,139.0,0.2515943981933594,True,CALL,2026-12-18,O
O261218C00050000,50.0,8.3,9.3,11.9,4.0,3.0,0.22876747802734376,True,CALL,2026-12-18,O
O261218C00052500,52.5,8.0,7.1,9.8,1.0,4.0,0.21521780883789063,True,CALL,2026-12-18,O
O261218C00055000,55.0,6.72,6.4,7.0,20.0,262.0,0.15699085205078128,True,CALL,2026-12-18,O
O261218C00057500,57.5,5.03,4.6,5.4,5.0,92.0,0.1606529248046875,True,CALL,2026-12-18,O
O261218C00060000,60.0,3.45,3.2,3.8,29.0,716.0,0.15137567382812503,True,CALL,2026-12-18,O
O261218C00062500,62.5,2.3,2.1,2.5,5.0,268.0,0.14331911376953127,False,CALL,2026-12-18,O
O261218C00065000,65.0,1.5,1.3,1.65,1.0,651.0,0.14270876831054688,False,CALL,2026-12-18,O
O261218C00067500,67.5,0.97,0.75,1.3,1.0,455.0,0.1562584375,False,CALL,2026-12-18,O
O261218C00070000,70.0,0.55,0.45,0.65,14.0,166.0,0.14258669921875,False,CALL,2026-12-18,O
O261218C00075000,75.0,0.16,0.1,0.25,3.0,166.0,0.14600463378906248,False,CALL,2026-12-18,O
O261218P00042500,42.5,0.97,0.3,1.5,5.0,80.0,0.37915659912109373,False,PUT,2026-12-18,O
O261218P00045000,45.0,0.75,0.4,2.25,2.0,33.0,0.3918517846679687,False,PUT,2026-12-18,O
O261218P00047500,47.5,0.6,0.6,0.9,10.0,89.0,0.24414818359375,False,PUT,2026-12-18,O
O261218P00050000,50.0,1.12,0.95,1.25,1.0,330.0,0.233406103515625,False,PUT,2026-12-18,O
O261218P00052500,52.5,1.5,1.35,1.65,10.0,151.0,0.2192460888671875,False,PUT,2026-12-18,O
O261218P00055000,55.0,1.95,1.85,2.15,2.0,222.0,0.2043536596679687,False,PUT,2026-12-18,O
O261218P00057500,57.5,2.95,2.65,3.1,1.0,109.0,0.20410952148437497,False,PUT,2026-12-18,O
O261218P00060000,60.0,3.95,3.7,4.2,10.0,46.0,0.20081365600585935,False,PUT,2026-12-18,O
O261218P00062500,62.5,4.71,5.0,6.0,4.0,3.0,0.21887988159179686,True,PUT,2026-12-18,O
O261218P00065000,65.0,6.9,6.7,7.6,1.0,10.0,0.21967333068847655,True,PUT,2026-12-18,O
O261218P00075000,75.0,18.29,14.6,16.7,,1.0,0.29566134033203123,True,PUT,2026-12-18,O
O270115C00042500,42.5,14.7,15.5,20.5,9.0,1.0,0.42529871582031253,True,CALL,2027-01-15,O
O270115C00045000,45.0,16.0,13.0,18.0,1.0,147.0,0.37842418457031246,True,CALL,2027-01-15,O
O270115C00047500,47.5,11.06,11.6,14.2,19.0,338.0,0.24134059448242187,True,CALL,2027-01-15,O
O270115C00050000,50.0,10.23,9.4,11.0,11.0,413.0,0.14185428466796873,True,CALL,2027-01-15,O
O270115C00052500,52.5,8.54,7.2,9.9,3.0,634.0,0.2124102197265625,True,CALL,2027-01-15,O
O270115C00055000,55.0,6.85,6.5,7.2,4.0,399.0,0.1615074084472656,True,CALL,2027-01-15,O
O270115C00057500,57.5,5.0,4.7,5.3,2.0,966.0,0.149422568359375,True,CALL,2027-01-15,O
O270115C00060000,60.0,3.7,3.4,3.9,16.0,2382.0,0.149422568359375,True,CALL,2027-01-15,O
O270115C00062500,62.5,2.55,2.5,2.65,4.0,1648.0,0.14386842468261718,False,CALL,2027-01-15,O
O270115C00065000,65.0,1.65,1.5,1.75,11.0,1377.0,0.14148807739257813,False,CALL,2027-01-15,O
O270115C00067500,67.5,1.0,0.85,1.35,3.0,1225.0,0.1524742956542969,False,CALL,2027-01-15,O
O270115C00070000,70.0,0.63,0.45,0.7,9.0,1822.0,0.1401453173828125,False,CALL,2027-01-15,O
O270115C00072500,72.5,0.34,0.25,0.45,3.0,140.0,0.14234256103515625,False,CALL,2027-01-15,O
O270115C00075000,75.0,0.15,0.1,0.3,1.0,481.0,0.14600463378906248,False,CALL,2027-01-15,O
O270115P00042500,42.5,0.51,0.35,0.55,1.0,161.0,0.2695385546875,False,PUT,2027-01-15,O
O270115P00045000,45.0,0.51,0.5,0.65,320.0,1676.0,0.2461012890625,False,PUT,2027-01-15,O
O270115P00047500,47.5,0.93,0.7,1.2,1.0,762.0,0.25830819824218754,False,PUT,2027-01-15,O
O270115P00050000,50.0,1.15,1.1,1.45,1.0,988.0,0.23731231445312498,False,PUT,2027-01-15,O
O270115P00052500,52.5,1.6,1.4,1.7,5.0,705.0,0.21326470336914063,False,PUT,2027-01-15,O
O270115P00055000,55.0,2.23,2.0,2.3,11.0,2284.0,0.2036212451171875,False,PUT,2027-01-15,O
O270115P00057500,57.5,3.1,2.85,3.2,6.0,629.0,0.2003864141845703,False,PUT,2027-01-15,O
O270115P00060000,60.0,4.0,4.0,4.3,2.0,393.0,0.19690744506835936,False,PUT,2027-01-15,O
O270115P00062500,62.5,4.65,5.3,5.6,4.0,252.0,0.19312330322265625,True,PUT,2027-01-15,O
O270115P00065000,65.0,7.24,6.8,7.8,6.0,82.0,0.21936815795898437,True,PUT,2027-01-15,O
O270115P00067500,67.5,8.1,7.7,10.3,,24.0,0.2533033654785156,True,PUT,2027-01-15,O
O270115P00070000,70.0,13.42,9.8,12.3,27.0,31.0,0.26099371826171874,True,PUT,2027-01-15,O
O270115P00075000,75.0,13.1,16.5,20.2,2.0,2.0,0.4451959777832031,True,PUT,2027-01-15,O
O280121C00042500,42.5,15.25,0.0,0.0,17.0,7.0,1.0000000000000003e-05,True,CALL,2028-01-21,O
O280121C00045000,45.0,15.47,15.2,15.8,30.0,52.0,0.1098721826171875,True,CALL,2028-01-21,O
O280121C00047500,47.5,12.95,11.9,13.5,26.0,37.0,0.1186611572265625,True,CALL,2028-01-21,O
O280121C00050000,50.0,10.8,10.8,11.7,2.0,30.0,0.14283083740234376,True,CALL,2028-01-21,O
O280121C00052500,52.5,10.15,8.2,11.0,2.0,79.0,0.1902546795654297,True,CALL,2028-01-21,O
O280121C00055000,55.0,7.52,6.6,8.4,9.0,80.0,0.15528188476562502,True,CALL,2028-01-21,O
O280121C00057500,57.5,6.2,6.2,6.7,1.0,282.0,0.14862911926269531,True,CALL,2028-01-21,O
O280121C00060000,60.0,5.0,4.9,5.5,1.0,333.0,0.15174188110351564,True,CALL,2028-01-21,O
O280121C00062500,62.5,4.1,3.8,4.3,10.0,518.0,0.14887325744628904,False,CALL,2028-01-21,O
O280121C00065000,65.0,2.9,2.7,3.3,19.0,315.0,0.14649291015625,False,CALL,2028-01-21,O
O280121C00067500,67.5,1.93,1.8,3.8,23.0,94.0,0.18537191589355467,False,CALL,2028-01-21,O
O280121C00070000,70.0,1.9,1.2,2.15,3.0,204.0,0.1534508483886719,False,CALL,2028-01-21,O
O280121C00075000,75.0,0.77,0.1,1.0,1.0,140.0,0.14185428466796873,False,CALL,2028-01-21,O
O280121P00042500,42.5,1.5,1.25,1.45,10.0,14.0,0.25086198364257806,False,PUT,2028-01-21,O
O280121P00045000,45.0,1.7,0.7,3.5,1.0,77.0,0.3193427441406249,False,PUT,2028-01-21,O
O280121P00047500,47.5,2.3,2.0,2.55,10.0,82.0,0.24414818359375,False,PUT,2028-01-21,O
O280121P00050000,50.0,2.73,2.05,3.0,1.0,114.0,0.23053747985839845,False,PUT,2028-01-21,O
O280121P00052500,52.5,3.35,2.6,5.0,8.0,144.0,0.2690502783203125,False,PUT,2028-01-21,O
O280121P00055000,55.0,4.4,4.2,4.7,1.0,67.0,0.22278609252929685,False,PUT,2028-01-21,O
O280121P00057500,57.5,5.4,5.2,5.9,72.0,314.0,0.22394574890136715,False,PUT,2028-01-21,O
O280121P00060000,60.0,6.2,5.6,6.7,3.0,145.0,0.20896176788330073,False,PUT,2028-01-21,O
O280121P00062500,62.5,7.71,6.1,8.9,1.0,2.0,0.23175817077636718,True,PUT,2028-01-21,O
O280121P00065000,65.0,9.27,10.0,13.4,,2.0,0.31818308776855464,True,PUT,2028-01-21,O
O280121P00067500,67.5,12.0,11.9,15.2,,5.0,0.32245550598144523,True,PUT,2028-01-21,O
O280121P00070000,70.0,14.89,11.0,13.7,1.0,4.0,0.22602092346191405,True,PUT,2028-01-21,O
O280121P00075000,75.0,16.49,14.8,17.8,6.0,7.0,0.2356033471679687,True,PUT,2028-01-21,O
OKLO260130C00060000,60.0,29.73,24.15,26.5,2.0,4.0,2.89844025390625,True,CALL,2026-01-30,OKLO
OKLO260130C00063000,63.0,21.62,20.9,23.55,1.0,4.0,2.3789103027343748,True,CALL,2026-01-30,OKLO
OKLO260130C00064000,64.0,20.75,20.05,22.55,2.0,2.0,2.4062539843749997,True,CALL,2026-01-30,OKLO
OKLO260130C00065000,65.0,19.85,19.15,21.55,1.0,31.0,2.3750040624999995,True,CALL,2026-01-30,OKLO
OKLO260130C00066000,66.0,16.65,18.0,20.55,11.0,50.0,2.1523483691406247,True,CALL,2026-01-30,OKLO
OKLO260130C00067000,67.0,17.61,17.0,19.55,2.0,21.0,2.0468798828125,True,CALL,2026-01-30,OKLO
OKLO260130C00068000,68.0,26.08,16.05,18.6,1.0,18.0,2.0156299609375,True,CALL,2026-01-30,OKLO
OKLO260130C00069000,69.0,25.18,15.2,17.6,31.0,26.0,2.003911240234375,True,CALL,2026-01-30,OKLO
OKLO260130C00070000,70.0,21.88,14.2,16.6,50.0,47.0,1.89453177734375,True,CALL,2026-01-30,OKLO
OKLO260130C00071000,71.0,15.2,13.05,15.6,5.0,54.0,1.6992202539062502,True,CALL,2026-01-30,OKLO
OKLO260130C00072000,72.0,19.29,12.1,14.65,22.0,18.0,1.65234548828125,True,CALL,2026-01-30,OKLO
OKLO260130C00073000,73.0,13.61,11.05,13.7,12.0,94.0,1.5449241503906248,True,CALL,2026-01-30,OKLO
OKLO260130C00074000,74.0,12.34,9.9,12.7,25.0,157.0,1.361331318359375,True,CALL,2026-01-30,OKLO
OKLO260130C00075000,75.0,10.9,9.15,10.8,53.0,179.0,1.6748063134765625,True,CALL,2026-01-30,OKLO
OKLO260130C00076000,76.0,9.5,8.1,10.25,75.0,88.0,1.01953615234375,True,CALL,2026-01-30,OKLO
OKLO260130C00077000,77.0,8.63,7.25,9.4,91.0,146.0,1.0781296093750001,True,CALL,2026-01-30,OKLO
OKLO260130C00078000,78.0,7.86,6.45,8.1,65.0,164.0,0.929688203125,True,CALL,2026-01-30,OKLO
OKLO260130C00079000,79.0,6.33,6.15,7.1,52.0,158.0,1.076176494140625,True,CALL,2026-01-30,OKLO
OKLO260130C00080000,80.0,5.48,5.3,6.05,137.0,268.0,0.9853517089843751,True,CALL,2026-01-30,OKLO
OKLO260130C00081000,81.0,4.41,4.6,5.15,135.0,652.0,0.9648441015625,True,CALL,2026-01-30,OKLO
OKLO260130C00082000,82.0,4.1,3.8,4.35,45.0,231.0,0.922852333984375,True,CALL,2026-01-30,OKLO
OKLO260130C00083000,83.0,3.4,3.15,3.8,35.0,184.0,0.946289599609375,True,CALL,2026-01-30,OKLO
OKLO260130C00084000,84.0,2.7,2.58,2.81,161.0,201.0,0.867188828125,True,CALL,2026-01-30,OKLO
OKLO260130C00085000,85.0,2.2,2.12,2.32,494.0,553.0,0.8867198828124999,False,CALL,2026-01-30,OKLO
OKLO260130C00086000,86.0,1.87,1.61,1.86,1308.0,860.0,0.8730481445312499,False,CALL,2026-01-30,OKLO
OKLO260130C00087000,87.0,1.35,1.3,1.5,1166.0,1199.0,0.8916026464843749,False,CALL,2026-01-30,OKLO
OKLO260130C00088000,88.0,1.11,1.03,1.23,1036.0,892.0,0.913086806640625,False,CALL,2026-01-30,OKLO
OKLO260130C00089000,89.0,0.85,0.81,1.05,412.0,660.0,0.9443364941406249,False,CALL,2026-01-30,OKLO
OKLO260130C00090000,90.0,0.73,0.63,0.77,2157.0,1687.0,0.93945373046875,False,CALL,2026-01-30,OKLO
OKLO260130C00091000,91.0,0.51,0.5,0.6,1384.0,471.0,0.954102021484375,False,CALL,2026-01-30,OKLO
OKLO260130C00092000,92.0,0.45,0.4,0.51,862.0,955.0,0.9863282617187501,False,CALL,2026-01-30,OKLO
OKLO260130C00093000,93.0,0.39,0.33,0.39,462.0,948.0,1.0029346728515625,False,CALL,2026-01-30,OKLO
OKLO260130C00094000,94.0,0.28,0.23,0.34,441.0,880.0,1.01953615234375,False,CALL,2026-01-30,OKLO
OKLO260130C00095000,95.0,0.22,0.18,0.25,4197.0,2041.0,1.0253954980468751,False,CALL,2026-01-30,OKLO
OKLO260130C00096000,96.0,0.17,0.15,0.29,599.0,516.0,1.1035201074218752,False,CALL,2026-01-30,OKLO
OKLO260130C00097000,97.0,0.2,0.11,0.21,291.0,991.0,1.0976607617187502,False,CALL,2026-01-30,OKLO
OKLO260130C00098000,98.0,0.14,0.09,0.2,716.0,634.0,1.140629296875,False,CALL,2026-01-30,OKLO
OKLO260130C00099000,99.0,0.11,0.05,0.12,74.0,326.0,1.09375453125,False,CALL,2026-01-30,OKLO
OKLO260130C00100000,100.0,0.07,0.06,0.08,3825.0,3802.0,1.1171919140625,False,CALL,2026-01-30,OKLO
OKLO260130C00101000,101.0,0.05,0.05,0.16,184.0,419.0,1.25390998046875,False,CALL,2026-01-30,OKLO
OKLO260130C00102000,102.0,0.03,0.04,0.05,109.0,390.0,1.1484417578125,False,CALL,2026-01-30,OKLO
OKLO260130C00103000,103.0,0.02,0.02,0.05,319.0,602.0,1.15625421875,False,CALL,2026-01-30,OKLO
OKLO260130C00104000,104.0,0.06,0.03,0.09,337.0,214.0,1.3046909765624997,False,CALL,2026-01-30,OKLO
OKLO260130C00105000,105.0,0.02,0.01,0.04,678.0,1221.0,1.203128984375,False,CALL,2026-01-30,OKLO
OKLO260130C00106000,106.0,0.01,0.01,0.04,70.0,282.0,1.2500037499999999,False,CALL,2026-01-30,OKLO
OKLO260130C00107000,107.0,0.07,0.0,0.1,16.0,200.0,1.421877890625,False,CALL,2026-01-30,OKLO
OKLO260130C00108000,108.0,0.08,0.0,0.05,2.0,171.0,1.3437532812499997,False,CALL,2026-01-30,OKLO
OKLO260130C00109000,109.0,0.01,0.0,0.02,3.0,243.0,1.2500037499999999,False,CALL,2026-01-30,OKLO
OKLO260130C00110000,110.0,0.01,0.0,0.02,225.0,1159.0,1.2812535937499998,False,CALL,2026-01-30,OKLO
OKLO260130P00060000,60.0,0.02,0.01,0.04,28.0,3741.0,1.9375003125,False,PUT,2026-01-30,OKLO
OKLO260130P00061000,61.0,0.05,0.0,0.05,42.0,74.0,1.8437507812499998,False,PUT,2026-01-30,OKLO
OKLO260130P00062000,62.0,0.1,0.0,0.09,1.0,17.0,1.9062504687500001,False,PUT,2026-01-30,OKLO
OKLO260130P00063000,63.0,0.17,0.0,0.3,6.0,37.0,2.1875045312499997,False,PUT,2026-01-30,OKLO
OKLO260130P00064000,64.0,0.01,0.01,0.07,4.0,139.0,1.703126484375,False,PUT,2026-01-30,OKLO
OKLO260130P00065000,65.0,0.04,0.03,0.05,63.0,661.0,1.625001875,False,PUT,2026-01-30,OKLO
OKLO260130P00066000,66.0,0.1,0.02,0.11,3.0,178.0,1.65625171875,False,PUT,2026-01-30,OKLO
OKLO260130P00067000,67.0,0.24,0.0,0.17,2.0,56.0,1.6328143359374998,False,PUT,2026-01-30,OKLO
OKLO260130P00068000,68.0,0.19,0.01,0.18,11.0,643.0,1.5781271093749998,False,PUT,2026-01-30,OKLO
OKLO260130P00069000,69.0,0.1,0.04,0.19,18.0,167.0,1.5390648046875,False,PUT,2026-01-30,OKLO
OKLO260130P00070000,70.0,0.16,0.09,0.16,194.0,1662.0,1.46875265625,False,PUT,2026-01-30,OKLO
OKLO260130P00071000,71.0,0.15,0.08,0.22,11.0,407.0,1.4296903515625,False,PUT,2026-01-30,OKLO
OKLO260130P00072000,72.0,0.09,0.06,0.12,42.0,356.0,1.2148476757812499,False,PUT,2026-01-30,OKLO
OKLO260130P00073000,73.0,0.18,0.02,0.23,39.0,367.0,1.203128984375,False,PUT,2026-01-30,OKLO
OKLO260130P00074000,74.0,0.1,0.1,0.29,104.0,417.0,1.220707021484375,False,PUT,2026-01-30,OKLO
OKLO260130P00075000,75.0,0.17,0.15,0.25,235.0,2078.0,1.1328168359375002,False,PUT,2026-01-30,OKLO
OKLO260130P00076000,76.0,0.18,0.18,0.32,91.0,450.0,1.0957076464843751,False,PUT,2026-01-30,OKLO
OKLO260130P00077000,77.0,0.28,0.24,0.35,74.0,1216.0,1.0410204199218753,False,PUT,2026-01-30,OKLO
OKLO260130P00078000,78.0,0.33,0.34,0.43,175.0,1220.0,1.013676806640625,False,PUT,2026-01-30,OKLO
OKLO260130P00079000,79.0,0.41,0.4,0.52,418.0,891.0,0.9609378906249999,False,PUT,2026-01-30,OKLO
OKLO260130P00080000,80.0,0.59,0.54,0.65,530.0,4432.0,0.93164130859375,False,PUT,2026-01-30,OKLO
OKLO260130P00081000,81.0,0.7,0.7,0.87,158.0,697.0,0.913086806640625,False,PUT,2026-01-30,OKLO
OKLO260130P00082000,82.0,1.0,0.95,1.11,479.0,1037.0,0.8964854101562498,False,PUT,2026-01-30,OKLO
OKLO260130P00083000,83.0,1.3,1.27,1.49,912.0,614.0,0.901368173828125,False,PUT,2026-01-30,OKLO
OKLO260130P00084000,84.0,1.71,1.62,1.79,534.0,791.0,0.867188828125,False,PUT,2026-01-30,OKLO
OKLO260130P00085000,85.0,2.18,2.11,2.25,987.0,1212.0,0.8667005517578125,True,PUT,2026-01-30,OKLO
OKLO260130P00086000,86.0,2.84,2.68,2.91,441.0,522.0,0.89257919921875,True,PUT,2026-01-30,OKLO
OKLO260130P00087000,87.0,3.23,3.2,3.6,289.0,634.0,0.8876964355468748,True,PUT,2026-01-30,OKLO
OKLO260130P00088000,88.0,3.95,3.85,4.4,187.0,1082.0,0.9062509375,True,PUT,2026-01-30,OKLO
OKLO260130P00089000,89.0,5.2,4.6,5.2,234.0,343.0,0.9248054394531251,True,PUT,2026-01-30,OKLO
OKLO260130P00090000,90.0,5.7,5.4,5.85,706.0,1643.0,0.8916026464843749,True,PUT,2026-01-30,OKLO
OKLO260130P00091000,91.0,6.05,6.1,6.8,278.0,548.0,0.883790224609375,True,PUT,2026-01-30,OKLO
OKLO260130P00092000,92.0,7.35,6.85,7.75,122.0,341.0,0.86132951171875,True,PUT,2026-01-30,OKLO
OKLO260130P00093000,93.0,6.82,7.45,9.0,190.0,265.0,0.87500125,True,PUT,2026-01-30,OKLO
OKLO260130P00094000,94.0,9.8,8.15,9.7,22.0,162.0,1.3232455712890623,True,PUT,2026-01-30,OKLO
OKLO260130P00095000,95.0,10.08,9.75,10.45,145.0,468.0,0.8554701953125,True,PUT,2026-01-30,OKLO
OKLO260130P00096000,96.0,9.82,9.65,12.0,5.0,99.0,1.69140779296875,True,PUT,2026-01-30,OKLO
OKLO260130P00097000,97.0,7.42,11.0,13.05,2.0,104.0,0.7500025,True,PUT,2026-01-30,OKLO
OKLO260130P00098000,98.0,13.0,11.65,13.85,2.0,117.0,1.7695324023437498,True,PUT,2026-01-30,OKLO
OKLO260130P00099000,99.0,13.23,12.55,15.15,11.0,80.0,2.0468798828125,True,PUT,2026-01-30,OKLO
OKLO260130P00100000,100.0,13.78,13.55,16.35,22.0,165.0,2.252934055175781,True,PUT,2026-01-30,OKLO
OKLO260130P00101000,101.0,15.93,14.55,17.05,33.0,85.0,2.14844212890625,True,PUT,2026-01-30,OKLO
OKLO260130P00102000,102.0,11.78,15.55,18.4,3.0,34.0,2.4511757470703124,True,PUT,2026-01-30,OKLO
OKLO260130P00103000,103.0,10.01,16.55,19.2,6.0,64.0,2.4072305444335935,True,PUT,2026-01-30,OKLO
OKLO260130P00104000,104.0,14.85,17.55,20.15,4.0,8.0,2.4511757470703124,True,PUT,2026-01-30,OKLO
OKLO260130P00105000,105.0,19.01,18.55,21.2,21.0,84.0,2.561527033691406,True,PUT,2026-01-30,OKLO
OKLO260130P00106000,106.0,20.21,19.55,22.15,2.0,11.0,2.6025425561523434,True,PUT,2026-01-30,OKLO
OKLO260130P00107000,107.0,24.78,20.55,23.15,10.0,14.0,2.6757845605468753,True,PUT,2026-01-30,OKLO
OKLO260130P00108000,108.0,15.95,21.55,23.95,10.0,38.0,2.599612875976563,True,PUT,2026-01-30,OKLO
OKLO260130P00109000,109.0,23.56,22.55,24.95,2.0,16.0,2.668948640136719,True,PUT,2026-01-30,OKLO
OKLO260130P00110000,110.0,16.2,23.55,26.15,16.0,52.0,2.8886746533203125,True,PUT,2026-01-30,OKLO
OKLO260206C00060000,60.0,29.5,24.45,26.8,5.0,6.0,1.5761739941406248,True,CALL,2026-02-06,OKLO
OKLO260206C00061000,61.0,34.52,23.25,25.85,,1.0,1.470705771484375,True,CALL,2026-02-06,OKLO
OKLO260206C00063000,63.0,35.2,21.4,23.95,4.0,3.0,1.4257841210937499,True,CALL,2026-02-06,OKLO
OKLO260206C00064000,64.0,34.25,20.6,23.0,4.0,3.0,1.4296903515625,True,CALL,2026-02-06,OKLO
OKLO260206C00065000,65.0,27.75,19.25,22.05,1.0,1.0,1.2959019580078124,True,CALL,2026-02-06,OKLO
OKLO260206C00066000,66.0,32.39,18.45,21.1,2.0,4.0,1.2978550732421872,True,CALL,2026-02-06,OKLO
OKLO260206C00067000,67.0,15.47,17.65,20.15,3.0,6.0,1.2939488427734374,True,CALL,2026-02-06,OKLO
OKLO260206C00068000,68.0,18.27,16.7,19.35,10.0,13.0,1.2841832666015622,True,CALL,2026-02-06,OKLO
OKLO260206C00069000,69.0,27.67,15.65,18.35,4.0,3.0,1.2133828393554684,True,CALL,2026-02-06,OKLO
OKLO260206C00070000,70.0,16.91,14.85,17.45,2.0,31.0,1.2070352148437498,True,CALL,2026-02-06,OKLO
OKLO260206C00071000,71.0,15.95,14.0,16.55,26.0,10.0,1.1865275048828123,True,CALL,2026-02-06,OKLO
OKLO260206C00072000,72.0,15.07,13.4,15.7,7.0,11.0,1.2089883300781248,True,CALL,2026-02-06,OKLO
OKLO260206C00073000,73.0,11.43,12.3,14.85,3.0,12.0,1.1508831518554685,True,CALL,2026-02-06,OKLO
OKLO260206C00074000,74.0,12.52,11.55,14.05,1.0,122.0,1.1474652001953123,True,CALL,2026-02-06,OKLO
OKLO260206C00075000,75.0,12.07,10.75,13.25,6.0,184.0,1.1318402783203125,True,CALL,2026-02-06,OKLO
OKLO260206C00076000,76.0,11.24,9.9,12.5,4.0,24.0,1.111820847167969,True,CALL,2026-02-06,OKLO
OKLO260206C00077000,77.0,17.64,9.5,11.7,1.0,24.0,1.1342816723632816,True,CALL,2026-02-06,OKLO
OKLO260206C00078000,78.0,9.0,9.0,10.05,3.0,10.0,1.0429735351562504,True,CALL,2026-02-06,OKLO
OKLO260206C00079000,79.0,7.9,8.1,8.95,1.0,30.0,0.9682620361328125,True,CALL,2026-02-06,OKLO
OKLO260206C00080000,80.0,8.17,7.7,8.7,37.0,67.0,1.0344286560058595,True,CALL,2026-02-06,OKLO
OKLO260206C00081000,81.0,7.49,6.95,7.85,21.0,21.0,0.9941406835937501,True,CALL,2026-02-06,OKLO
OKLO260206C00082000,82.0,7.42,6.4,7.35,16.0,71.0,1.0039112304687499,True,CALL,2026-02-06,OKLO
OKLO260206C00083000,83.0,6.75,5.95,6.4,25.0,57.0,0.973633076171875,True,CALL,2026-02-06,OKLO
OKLO260206C00084000,84.0,5.4,5.35,6.35,30.0,96.0,1.0100147155761716,True,CALL,2026-02-06,OKLO
OKLO260206C00085000,85.0,5.22,5.0,5.4,249.0,325.0,0.9785158398437501,False,CALL,2026-02-06,OKLO
OKLO260206C00086000,86.0,4.7,4.45,5.0,137.0,157.0,0.97460962890625,False,CALL,2026-02-06,OKLO
OKLO260206C00087000,87.0,4.5,4.05,4.45,104.0,166.0,0.9648441015625,False,CALL,2026-02-06,OKLO
OKLO260206C00088000,88.0,3.95,3.65,4.05,111.0,195.0,0.963867548828125,False,CALL,2026-02-06,OKLO
OKLO260206C00089000,89.0,3.55,3.25,3.7,39.0,346.0,0.9621585815429687,False,CALL,2026-02-06,OKLO
OKLO260206C00090000,90.0,3.2,3.05,3.3,1680.0,520.0,0.9697268652343749,False,CALL,2026-02-06,OKLO
OKLO260206C00091000,91.0,2.92,2.67,2.96,260.0,700.0,0.9599613378906249,False,CALL,2026-02-06,OKLO
OKLO260206C00092000,92.0,2.5,2.46,2.74,110.0,234.0,0.9748537670898438,False,CALL,2026-02-06,OKLO
OKLO260206C00093000,93.0,2.4,2.21,2.42,130.0,204.0,0.9704592797851561,False,CALL,2026-02-06,OKLO
OKLO260206C00094000,94.0,2.11,1.96,2.24,100.0,220.0,0.9760744580078126,False,CALL,2026-02-06,OKLO
OKLO260206C00095000,95.0,1.85,1.82,2.01,558.0,990.0,0.9848634326171876,False,CALL,2026-02-06,OKLO
OKLO260206C00096000,96.0,1.8,1.63,1.84,48.0,165.0,0.99023447265625,False,CALL,2026-02-06,OKLO
OKLO260206C00097000,97.0,1.54,1.45,1.68,54.0,130.0,0.9941406835937501,False,CALL,2026-02-06,OKLO
OKLO260206C00098000,98.0,1.38,1.31,1.5,47.0,168.0,0.9965820654296875,False,CALL,2026-02-06,OKLO
OKLO260206C00099000,99.0,1.24,1.17,1.37,389.0,425.0,1.001958115234375,False,CALL,2026-02-06,OKLO
OKLO260206C00100000,100.0,1.26,1.1,1.23,1135.0,2214.0,1.0122119702148438,False,CALL,2026-02-06,OKLO
OKLO260206C00101000,101.0,1.05,0.94,1.2,24.0,76.0,1.0224658251953125,False,CALL,2026-02-06,OKLO
OKLO260206C00102000,102.0,1.08,0.81,1.07,12.0,79.0,1.0185595947265624,False,CALL,2026-02-06,OKLO
OKLO260206C00103000,103.0,0.82,0.78,0.98,137.0,139.0,1.0341845166015626,False,CALL,2026-02-06,OKLO
OKLO260206C00104000,104.0,0.86,0.71,0.87,28.0,103.0,1.0371141894531253,False,CALL,2026-02-06,OKLO
OKLO260206C00105000,105.0,0.71,0.63,0.77,360.0,653.0,1.0366259106445317,False,CALL,2026-02-06,OKLO
OKLO260206C00106000,106.0,0.73,0.52,0.81,5.0,151.0,1.0546922265625,False,CALL,2026-02-06,OKLO
OKLO260206C00107000,107.0,0.64,0.51,0.68,51.0,79.0,1.056645341796875,False,CALL,2026-02-06,OKLO
OKLO260206C00108000,108.0,0.64,0.4,0.71,5.0,88.0,1.0693405908203126,False,CALL,2026-02-06,OKLO
OKLO260206C00109000,109.0,0.56,0.38,0.65,27.0,25.0,1.0800827246093752,False,CALL,2026-02-06,OKLO
OKLO260206C00110000,110.0,0.46,0.4,0.54,316.0,913.0,1.0869186279296876,False,CALL,2026-02-06,OKLO
OKLO260206P00060000,60.0,0.24,0.22,0.24,137.0,181.0,1.2675817871093749,False,PUT,2026-02-06,OKLO
OKLO260206P00061000,61.0,0.29,0.16,0.41,2.0,70.0,1.2695349023437497,False,PUT,2026-02-06,OKLO
OKLO260206P00062000,62.0,0.29,0.05,0.46,4.0,63.0,1.189457177734375,False,PUT,2026-02-06,OKLO
OKLO260206P00063000,63.0,0.3,0.01,0.41,4.0,52.0,1.0976607617187502,False,PUT,2026-02-06,OKLO
OKLO260206P00064000,64.0,0.36,0.34,0.47,15.0,80.0,1.203128984375,False,PUT,2026-02-06,OKLO
OKLO260206P00065000,65.0,0.42,0.38,0.43,61.0,502.0,1.1494183154296875,False,PUT,2026-02-06,OKLO
OKLO260206P00066000,66.0,0.48,0.41,0.62,6.0,81.0,1.162113564453125,False,PUT,2026-02-06,OKLO
OKLO260206P00067000,67.0,0.54,0.45,0.63,4.0,74.0,1.12109814453125,False,PUT,2026-02-06,OKLO
OKLO260206P00068000,68.0,0.66,0.57,0.69,53.0,117.0,1.1103560107421875,False,PUT,2026-02-06,OKLO
OKLO260206P00069000,69.0,0.71,0.63,0.86,7.0,121.0,1.1064497802734377,False,PUT,2026-02-06,OKLO
OKLO260206P00070000,70.0,0.82,0.66,0.89,274.0,755.0,1.0615281298828125,False,PUT,2026-02-06,OKLO
OKLO260206P00071000,71.0,0.93,0.86,1.0,44.0,84.0,1.0634812451171878,False,PUT,2026-02-06,OKLO
OKLO260206P00072000,72.0,1.02,0.96,1.16,62.0,51.0,1.0498094384765626,False,PUT,2026-02-06,OKLO
OKLO260206P00073000,73.0,1.19,1.09,1.31,72.0,153.0,1.0346727954101564,False,PUT,2026-02-06,OKLO
OKLO260206P00074000,74.0,1.34,1.24,1.48,25.0,45.0,1.0205127099609377,False,PUT,2026-02-06,OKLO
OKLO260206P00075000,75.0,1.55,1.43,1.65,173.0,561.0,1.007329182128906,False,PUT,2026-02-06,OKLO
OKLO260206P00076000,76.0,1.71,1.63,1.88,57.0,161.0,0.9975586181640624,False,PUT,2026-02-06,OKLO
OKLO260206P00077000,77.0,1.96,1.86,2.04,77.0,435.0,0.9780275634765626,False,PUT,2026-02-06,OKLO
OKLO260206P00078000,78.0,2.26,2.18,2.42,75.0,181.0,0.989257919921875,False,PUT,2026-02-06,OKLO
OKLO260206P00079000,79.0,2.6,2.47,2.77,39.0,175.0,0.9868165380859376,False,PUT,2026-02-06,OKLO
OKLO260206P00080000,80.0,2.9,2.8,3.0,278.0,553.0,0.9697268652343749,False,PUT,2026-02-06,OKLO
OKLO260206P00081000,81.0,3.25,3.0,3.5,105.0,95.0,0.9614261669921874,False,PUT,2026-02-06,OKLO
OKLO260206P00082000,82.0,3.51,3.5,3.85,120.0,164.0,0.9624027197265624,False,PUT,2026-02-06,OKLO
OKLO260206P00083000,83.0,3.99,3.8,4.3,70.0,479.0,0.9477544287109375,False,PUT,2026-02-06,OKLO
OKLO260206P00084000,84.0,4.47,4.25,4.8,174.0,244.0,0.946289599609375,False,PUT,2026-02-06,OKLO
OKLO260206P00085000,85.0,5.04,4.8,5.3,182.0,619.0,0.948242705078125,True,PUT,2026-02-06,OKLO
OKLO260206P00086000,86.0,5.15,5.2,5.8,55.0,183.0,0.9304206176757812,True,PUT,2026-02-06,OKLO
OKLO260206P00087000,87.0,6.04,5.7,6.4,59.0,129.0,0.9252937158203125,True,PUT,2026-02-06,OKLO
OKLO260206P00088000,88.0,6.57,6.45,7.0,119.0,902.0,0.9382330395507812,True,PUT,2026-02-06,OKLO
OKLO260206P00089000,89.0,7.68,7.1,7.6,26.0,107.0,0.9360357958984374,True,PUT,2026-02-06,OKLO
OKLO260206P00090000,90.0,7.92,7.7,8.2,308.0,526.0,0.9233406103515626,True,PUT,2026-02-06,OKLO
OKLO260206P00091000,91.0,8.45,8.25,9.0,49.0,166.0,0.9194343994140625,True,PUT,2026-02-06,OKLO
OKLO260206P00092000,92.0,9.01,8.9,9.75,14.0,259.0,0.9152840502929689,True,PUT,2026-02-06,OKLO
OKLO260206P00093000,93.0,10.18,9.65,10.6,17.0,104.0,0.9272468212890624,True,PUT,2026-02-06,OKLO
OKLO260206P00094000,94.0,10.04,9.85,11.35,16.0,98.0,0.85937640625,True,PUT,2026-02-06,OKLO
OKLO260206P00095000,95.0,11.3,11.05,12.7,27.0,184.0,0.9731447998046875,True,PUT,2026-02-06,OKLO
OKLO260206P00096000,96.0,10.0,11.85,13.55,5.0,58.0,0.9794923925781251,True,PUT,2026-02-06,OKLO
OKLO260206P00097000,97.0,12.71,11.9,14.35,1.0,14.0,0.87500125,True,PUT,2026-02-06,OKLO
OKLO260206P00098000,98.0,12.0,12.75,15.25,7.0,39.0,0.8803722900390624,True,PUT,2026-02-06,OKLO
OKLO260206P00099000,99.0,14.28,14.0,16.15,1.0,69.0,0.9428716650390624,True,PUT,2026-02-06,OKLO
OKLO260206P00100000,100.0,15.25,14.75,17.0,46.0,185.0,0.9194343994140625,True,PUT,2026-02-06,OKLO
OKLO260206P00101000,101.0,16.95,15.6,18.45,2.0,16.0,1.0053760668945313,True,PUT,2026-02-06,OKLO
OKLO260206P00102000,102.0,17.59,16.9,18.7,5.0,23.0,0.9672854833984376,True,PUT,2026-02-06,OKLO
OKLO260206P00103000,103.0,13.75,17.65,19.75,10.0,26.0,0.965820654296875,True,PUT,2026-02-06,OKLO
OKLO260206P00104000,104.0,15.85,18.4,20.55,3.0,16.0,0.90429783203125,True,PUT,2026-02-06,OKLO
OKLO260206P00105000,105.0,19.77,19.0,21.7,10.0,46.0,0.8710950390625,True,PUT,2026-02-06,OKLO
OKLO260206P00106000,106.0,18.77,20.05,22.6,1.0,8.0,0.885743330078125,True,PUT,2026-02-06,OKLO
OKLO260206P00107000,107.0,10.47,21.0,23.85,,5.0,0.9707034179687499,True,PUT,2026-02-06,OKLO
OKLO260206P00108000,108.0,22.2,21.95,24.55,2.0,5.0,0.89257919921875,True,PUT,2026-02-06,OKLO
OKLO260206P00109000,109.0,20.4,22.9,25.55,2.0,8.0,0.9003916210937499,True,PUT,2026-02-06,OKLO
OKLO260206P00110000,110.0,20.56,24.3,26.45,1.0,73.0,1.0293017285156252,True,PUT,2026-02-06,OKLO
OKLO260213C00060000,60.0,26.52,24.3,26.9,4.0,2.0,1.1709025830078126,True,CALL,2026-02-13,OKLO
OKLO260213C00063000,63.0,29.1,21.8,24.4,1.0,21.0,1.2216835791015623,True,CALL,2026-02-13,OKLO
OKLO260213C00064000,64.0,24.01,20.85,23.5,1.0,21.0,1.197269638671875,True,CALL,2026-02-13,OKLO
OKLO260213C00066000,66.0,22.14,19.05,21.5,26.0,6.0,1.129398884277344,True,CALL,2026-02-13,OKLO
OKLO260213C00067000,67.0,20.14,18.25,20.8,23.0,5.0,1.147953479003906,True,CALL,2026-02-13,OKLO
OKLO260213C00070000,70.0,16.38,16.2,17.9,2.0,4.0,1.1196333081054686,True,CALL,2026-02-13,OKLO
OKLO260213C00071000,71.0,15.55,14.9,16.75,4.0,4.0,1.0180713159179686,True,CALL,2026-02-13,OKLO
OKLO260213C00072000,72.0,14.9,14.55,16.2,2.0,5.0,1.0815475610351561,True,CALL,2026-02-13,OKLO
OKLO260213C00073000,73.0,15.32,13.4,15.2,59.0,17.0,1.0127002490234376,True,CALL,2026-02-13,OKLO
OKLO260213C00074000,74.0,14.68,13.25,15.15,46.0,18.0,1.1264692114257815,True,CALL,2026-02-13,OKLO
OKLO260213C00075000,75.0,13.78,12.4,13.5,17.0,12.0,1.0244189404296877,True,CALL,2026-02-13,OKLO
OKLO260213C00076000,76.0,12.66,11.8,12.85,1.0,42.0,1.0324755407714847,True,CALL,2026-02-13,OKLO
OKLO260213C00077000,77.0,12.04,11.15,11.75,2.0,63.0,0.9946289599609376,True,CALL,2026-02-13,OKLO
OKLO260213C00078000,78.0,11.37,10.5,11.05,2.0,38.0,0.9877930908203125,True,CALL,2026-02-13,OKLO
OKLO260213C00079000,79.0,10.89,9.85,11.0,2.0,11.0,1.0285693103027347,True,CALL,2026-02-13,OKLO
OKLO260213C00080000,80.0,10.2,9.25,9.85,9.0,64.0,0.9836427416992188,True,CALL,2026-02-13,OKLO
OKLO260213C00081000,81.0,9.25,8.25,9.25,1.0,20.0,0.9484868432617187,True,CALL,2026-02-13,OKLO
OKLO260213C00082000,82.0,8.84,7.9,8.7,5.0,34.0,0.9624027197265624,True,CALL,2026-02-13,OKLO
OKLO260213C00083000,83.0,7.75,7.55,7.95,118.0,86.0,0.9577640942382811,True,CALL,2026-02-13,OKLO
OKLO260213C00084000,84.0,7.45,7.05,7.85,12.0,101.0,0.9855958471679689,True,CALL,2026-02-13,OKLO
OKLO260213C00085000,85.0,6.75,6.55,6.95,29.0,99.0,0.9531254687499999,False,CALL,2026-02-13,OKLO
OKLO260213C00086000,86.0,6.73,6.0,6.9,64.0,18.0,0.9741213525390625,False,CALL,2026-02-13,OKLO
OKLO260213C00087000,87.0,5.9,5.65,6.05,24.0,59.0,0.9494633959960936,False,CALL,2026-02-13,OKLO
OKLO260213C00088000,88.0,5.7,5.3,5.55,12.0,266.0,0.946289599609375,False,CALL,2026-02-13,OKLO
OKLO260213C00089000,89.0,5.01,4.9,5.25,209.0,47.0,0.9506840869140624,False,CALL,2026-02-13,OKLO
OKLO260213C00090000,90.0,4.71,4.55,4.95,436.0,136.0,0.9555668505859375,False,CALL,2026-02-13,OKLO
OKLO260213C00091000,91.0,4.65,4.2,4.45,139.0,104.0,0.9433599414062499,False,CALL,2026-02-13,OKLO
OKLO260213C00092000,92.0,4.2,3.85,4.15,18.0,84.0,0.9423833886718749,False,CALL,2026-02-13,OKLO
OKLO260213C00093000,93.0,4.3,3.5,3.75,7.0,133.0,0.930664755859375,False,CALL,2026-02-13,OKLO
OKLO260213C00094000,94.0,3.4,3.35,3.55,48.0,65.0,0.9467778759765625,False,CALL,2026-02-13,OKLO
OKLO260213C00095000,95.0,3.2,3.0,3.3,124.0,297.0,0.9409185595703125,False,CALL,2026-02-13,OKLO
OKLO260213C00096000,96.0,3.2,2.89,3.2,47.0,37.0,0.9633792724609375,False,CALL,2026-02-13,OKLO
OKLO260213C00097000,97.0,3.11,2.7,2.89,36.0,95.0,0.9604496142578124,False,CALL,2026-02-13,OKLO
OKLO260213C00098000,98.0,2.65,2.48,2.63,45.0,67.0,0.9565434033203124,False,CALL,2026-02-13,OKLO
OKLO260213C00099000,99.0,2.5,2.27,2.57,5.0,85.0,0.9682620361328125,False,CALL,2026-02-13,OKLO
OKLO260213C00100000,100.0,2.25,2.15,2.31,530.0,759.0,0.9682620361328125,False,CALL,2026-02-13,OKLO
OKLO260213C00101000,101.0,2.18,1.95,2.23,11.0,45.0,0.9750979052734375,False,CALL,2026-02-13,OKLO
OKLO260213C00102000,102.0,2.04,1.77,2.13,12.0,154.0,0.9799806689453125,False,CALL,2026-02-13,OKLO
OKLO260213C00103000,103.0,2.07,1.65,2.01,2.0,42.0,0.9868165380859376,False,CALL,2026-02-13,OKLO
OKLO260213C00104000,104.0,1.92,1.53,1.92,3.0,22.0,0.9951172363281251,False,CALL,2026-02-13,OKLO
OKLO260213C00105000,105.0,1.6,1.47,1.6,52.0,251.0,0.983398603515625,False,CALL,2026-02-13,OKLO
OKLO260213C00106000,106.0,1.52,1.28,1.74,10.0,90.0,1.0058643457031249,False,CALL,2026-02-13,OKLO
OKLO260213C00107000,107.0,1.3,1.24,1.57,13.0,96.0,1.0092822973632813,False,CALL,2026-02-13,OKLO
OKLO260213C00108000,108.0,1.3,1.09,1.41,48.0,21.0,0.9985351708984375,False,CALL,2026-02-13,OKLO
OKLO260213C00109000,109.0,1.27,1.05,1.42,1.0,36.0,1.0205127099609377,False,CALL,2026-02-13,OKLO
OKLO260213C00110000,110.0,1.08,1.01,1.3,102.0,438.0,1.0249072192382815,False,CALL,2026-02-13,OKLO
OKLO260213P00060000,60.0,0.53,0.5,0.56,672.0,207.0,1.1328168359375002,False,PUT,2026-02-13,OKLO
OKLO260213P00061000,61.0,0.54,0.5,0.78,4.0,66.0,1.1396527392578126,False,PUT,2026-02-13,OKLO
OKLO260213P00062000,62.0,0.61,0.58,0.74,3.0,20.0,1.1035201074218752,False,PUT,2026-02-13,OKLO
OKLO260213P00063000,63.0,0.75,0.54,0.97,2.0,59.0,1.0966842041015625,False,PUT,2026-02-13,OKLO
OKLO260213P00064000,64.0,0.8,0.75,0.9,12.0,51.0,1.0771530517578127,False,PUT,2026-02-13,OKLO
OKLO260213P00065000,65.0,0.93,0.7,1.1,275.0,77.0,1.0576218994140625,False,PUT,2026-02-13,OKLO
OKLO260213P00066000,66.0,0.99,0.92,1.31,3.0,40.0,1.0795944458007813,False,PUT,2026-02-13,OKLO
OKLO260213P00067000,67.0,1.08,1.02,1.23,3.0,46.0,1.035649353027344,False,PUT,2026-02-13,OKLO
OKLO260213P00068000,68.0,1.1,1.13,1.42,2.0,40.0,1.0302782861328126,False,PUT,2026-02-13,OKLO
OKLO260213P00069000,69.0,1.53,1.26,1.5,45.0,72.0,1.009770576171875,False,PUT,2026-02-13,OKLO
OKLO260213P00070000,70.0,1.51,1.42,1.65,247.0,320.0,0.999023447265625,False,PUT,2026-02-13,OKLO
OKLO260213P00071000,71.0,1.71,1.61,1.86,7.0,15.0,0.9956055126953125,False,PUT,2026-02-13,OKLO
OKLO260213P00072000,72.0,1.9,1.79,2.05,4.0,29.0,0.9853517089843751,False,PUT,2026-02-13,OKLO
OKLO260213P00073000,73.0,2.3,1.98,2.24,39.0,73.0,0.9726565234375,False,PUT,2026-02-13,OKLO
OKLO260213P00074000,74.0,2.43,2.22,2.5,33.0,49.0,0.9687503125,False,PUT,2026-02-13,OKLO
OKLO260213P00075000,75.0,2.64,2.47,2.81,112.0,1084.0,0.96679720703125,False,PUT,2026-02-13,OKLO
OKLO260213P00076000,76.0,2.91,2.77,3.05,43.0,149.0,0.9589847851562499,False,PUT,2026-02-13,OKLO
OKLO260213P00077000,77.0,3.27,3.05,3.35,32.0,79.0,0.9511723632812499,False,PUT,2026-02-13,OKLO
OKLO260213P00078000,78.0,3.56,3.45,3.7,20.0,203.0,0.954102021484375,False,PUT,2026-02-13,OKLO
OKLO260213P00079000,79.0,3.96,3.7,4.1,15.0,162.0,0.9448247705078124,False,PUT,2026-02-13,OKLO
OKLO260213P00080000,80.0,4.4,4.05,4.5,108.0,437.0,0.9401861450195312,False,PUT,2026-02-13,OKLO
OKLO260213P00081000,81.0,4.84,4.4,5.0,15.0,90.0,0.93945373046875,False,PUT,2026-02-13,OKLO
OKLO260213P00082000,82.0,5.2,4.9,5.35,63.0,118.0,0.9353033813476561,False,PUT,2026-02-13,OKLO
OKLO260213P00083000,83.0,5.7,5.25,5.85,20.0,74.0,0.9274909594726561,False,PUT,2026-02-13,OKLO
OKLO260213P00084000,84.0,6.1,5.75,6.35,236.0,66.0,0.9272468212890624,False,PUT,2026-02-13,OKLO
OKLO260213P00085000,85.0,6.5,6.2,6.9,38.0,278.0,0.9233406103515626,True,PUT,2026-02-13,OKLO
OKLO260213P00086000,86.0,7.28,6.75,7.35,77.0,63.0,0.9162606030273439,True,PUT,2026-02-13,OKLO
OKLO260213P00087000,87.0,7.83,7.3,8.1,56.0,72.0,0.9267585449218749,True,PUT,2026-02-13,OKLO
OKLO260213P00088000,88.0,8.22,7.85,8.5,89.0,144.0,0.9096688720703124,True,PUT,2026-02-13,OKLO
OKLO260213P00089000,89.0,8.91,8.5,9.4,17.0,188.0,0.9313971704101562,True,PUT,2026-02-13,OKLO
OKLO260213P00090000,90.0,9.38,8.9,9.75,24.0,332.0,0.8930674755859375,True,PUT,2026-02-13,OKLO
OKLO260213P00091000,91.0,10.0,9.75,10.5,14.0,68.0,0.9125985302734375,True,PUT,2026-02-13,OKLO
OKLO260213P00092000,92.0,10.63,10.5,11.05,11.0,91.0,0.9074716284179687,True,PUT,2026-02-13,OKLO
OKLO260213P00093000,93.0,11.3,11.05,11.9,6.0,168.0,0.9067392138671875,True,PUT,2026-02-13,OKLO
OKLO260213P00094000,94.0,11.1,11.75,12.6,3.0,69.0,0.9028330029296875,True,PUT,2026-02-13,OKLO
OKLO260213P00095000,95.0,13.2,12.35,13.55,7.0,180.0,0.9077157666015624,True,PUT,2026-02-13,OKLO
OKLO260213P00096000,96.0,13.07,13.05,14.35,2.0,31.0,0.9060067993164063,True,PUT,2026-02-13,OKLO
OKLO260213P00097000,97.0,13.87,13.85,15.2,3.0,43.0,0.914063359375,True,PUT,2026-02-13,OKLO
OKLO260213P00098000,98.0,15.6,14.65,16.25,3.0,17.0,0.9370123486328125,True,PUT,2026-02-13,OKLO
OKLO260213P00099000,99.0,16.22,15.5,16.65,2.0,23.0,0.905274384765625,True,PUT,2026-02-13,OKLO
OKLO260213P00100000,100.0,17.0,16.2,17.4,1.0,64.0,0.8867198828124999,True,PUT,2026-02-13,OKLO
OKLO260213P00101000,101.0,14.4,17.1,19.0,1.0,14.0,0.9655765161132812,True,PUT,2026-02-13,OKLO
OKLO260213P00102000,102.0,15.75,18.05,19.75,2.0,9.0,0.9682620361328125,True,PUT,2026-02-13,OKLO
OKLO260213P00103000,103.0,16.54,19.4,20.6,1.0,5.0,1.0180713159179686,True,PUT,2026-02-13,OKLO
OKLO260213P00104000,104.0,19.45,18.95,21.1,2.0,6.0,0.8364274169921874,True,PUT,2026-02-13,OKLO
OKLO260213P00105000,105.0,20.91,20.5,22.0,1.0,57.0,0.9174812939453125,True,PUT,2026-02-13,OKLO
OKLO260213P00106000,106.0,21.98,20.75,23.3,1.0,80.0,0.8891612646484374,True,PUT,2026-02-13,OKLO
OKLO260213P00107000,107.0,22.28,22.05,24.15,13.0,52.0,0.9335944140625,True,PUT,2026-02-13,OKLO
OKLO260213P00108000,108.0,24.66,22.55,25.15,1.0,3.0,0.8916026464843749,True,PUT,2026-02-13,OKLO
OKLO260213P00109000,109.0,25.36,23.45,26.0,3.0,3.0,0.877930908203125,True,PUT,2026-02-13,OKLO
OKLO260213P00110000,110.0,18.0,24.4,27.0,5.0,17.0,0.89257919921875,True,PUT,2026-02-13,OKLO
OKLO260220C00060000,60.0,24.9,24.9,27.0,13.0,36.0,1.0971724829101563,True,CALL,2026-02-20,OKLO
OKLO260220C00065000,65.0,21.5,20.4,22.95,6.0,262.0,1.0756882153320313,True,CALL,2026-02-20,OKLO
OKLO260220C00070000,70.0,18.0,16.55,18.65,6.0,279.0,1.0314989831542971,True,CALL,2026-02-20,OKLO
OKLO260220C00075000,75.0,14.0,13.0,14.05,10.0,126.0,0.9389654541015625,True,CALL,2026-02-20,OKLO
OKLO260220C00080000,80.0,10.35,10.4,10.95,26.0,504.0,0.9626468579101561,True,CALL,2026-02-20,OKLO
OKLO260220C00081000,81.0,11.0,9.7,10.55,92.0,29.0,0.9616703051757811,True,CALL,2026-02-20,OKLO
OKLO260220C00082000,82.0,10.0,9.15,9.9,3.0,103.0,0.9519047778320311,True,CALL,2026-02-20,OKLO
OKLO260220C00083000,83.0,8.85,8.65,9.4,3.0,35.0,0.9521489160156249,True,CALL,2026-02-20,OKLO
OKLO260220C00084000,84.0,8.6,8.15,8.95,19.0,53.0,0.9531254687499999,True,CALL,2026-02-20,OKLO
OKLO260220C00085000,85.0,8.05,7.65,8.15,114.0,420.0,0.9309088940429688,False,CALL,2026-02-20,OKLO
OKLO260220C00086000,86.0,7.5,7.2,7.9,54.0,707.0,0.9418951123046875,False,CALL,2026-02-20,OKLO
OKLO260220C00087000,87.0,7.2,6.65,7.55,37.0,105.0,0.9387213159179688,False,CALL,2026-02-20,OKLO
OKLO260220C00088000,88.0,6.85,6.25,7.0,47.0,159.0,0.9304206176757812,False,CALL,2026-02-20,OKLO
OKLO260220C00089000,89.0,6.52,5.85,6.55,26.0,70.0,0.9257819921875,False,CALL,2026-02-20,OKLO
OKLO260220C00090000,90.0,5.81,5.7,5.95,558.0,1416.0,0.9250495776367188,False,CALL,2026-02-20,OKLO
OKLO260220C00091000,91.0,5.4,5.2,5.65,65.0,100.0,0.918946123046875,False,CALL,2026-02-20,OKLO
OKLO260220C00092000,92.0,5.25,4.9,5.2,38.0,364.0,0.9135750830078125,False,CALL,2026-02-20,OKLO
OKLO260220C00093000,93.0,5.4,4.45,4.95,12.0,150.0,0.9094247338867187,False,CALL,2026-02-20,OKLO
OKLO260220C00094000,94.0,4.95,4.0,4.55,18.0,60.0,0.893555751953125,False,CALL,2026-02-20,OKLO
OKLO260220C00095000,95.0,4.25,4.1,4.2,230.0,2484.0,0.9128426684570312,False,CALL,2026-02-20,OKLO
OKLO260220C00096000,96.0,4.03,3.6,4.1,54.0,145.0,0.9086923193359374,False,CALL,2026-02-20,OKLO
OKLO260220C00097000,97.0,4.05,3.4,3.75,14.0,27.0,0.9055185229492188,False,CALL,2026-02-20,OKLO
OKLO260220C00098000,98.0,4.0,3.0,3.6,8.0,68.0,0.9003916210937499,False,CALL,2026-02-20,OKLO
OKLO260220C00099000,99.0,3.29,3.05,3.3,12.0,70.0,0.9135750830078125,False,CALL,2026-02-20,OKLO
OKLO260220C00100000,100.0,3.03,2.97,3.1,4856.0,4909.0,0.9235847485351563,False,CALL,2026-02-20,OKLO
OKLO260220C00101000,101.0,3.34,2.72,2.91,6.0,227.0,0.920899228515625,False,CALL,2026-02-20,OKLO
OKLO260220C00102000,102.0,2.92,2.55,2.75,7.0,40.0,0.9243171630859376,False,CALL,2026-02-20,OKLO
OKLO260220C00103000,103.0,2.78,2.21,2.58,13.0,41.0,0.9125985302734375,False,CALL,2026-02-20,OKLO
OKLO260220C00104000,104.0,2.66,2.23,2.51,3.0,31.0,0.9345709667968749,False,CALL,2026-02-20,OKLO
OKLO260220C00105000,105.0,2.24,2.12,2.24,135.0,922.0,0.929688203125,False,CALL,2026-02-20,OKLO
OKLO260220C00110000,110.0,1.76,1.6,1.77,227.0,1295.0,0.9597171997070311,False,CALL,2026-02-20,OKLO
OKLO260220P00060000,60.0,0.78,0.73,0.81,595.0,2354.0,1.0351610742187503,False,PUT,2026-02-20,OKLO
OKLO260220P00065000,65.0,1.22,1.22,1.35,163.0,1880.0,0.9829103271484375,False,PUT,2026-02-20,OKLO
OKLO260220P00070000,70.0,2.28,2.08,2.29,170.0,1148.0,0.9565434033203124,False,PUT,2026-02-20,OKLO
OKLO260220P00075000,75.0,3.5,3.15,3.75,80.0,2381.0,0.9265144067382812,False,PUT,2026-02-20,OKLO
OKLO260220P00080000,80.0,5.3,4.95,5.5,386.0,2158.0,0.9047861083984375,False,PUT,2026-02-20,OKLO
OKLO260220P00081000,81.0,5.58,5.5,6.0,73.0,124.0,0.914063359375,False,PUT,2026-02-20,OKLO
OKLO260220P00082000,82.0,6.1,5.8,6.55,11.0,139.0,0.9082040429687499,False,PUT,2026-02-20,OKLO
OKLO260220P00083000,83.0,6.47,6.35,7.05,78.0,51.0,0.9118661157226562,False,PUT,2026-02-20,OKLO
OKLO260220P00084000,84.0,7.06,6.85,7.45,145.0,218.0,0.90429783203125,False,PUT,2026-02-20,OKLO
OKLO260220P00085000,85.0,7.7,7.3,7.95,324.0,1442.0,0.897217824707031,True,PUT,2026-02-20,OKLO
OKLO260220P00086000,86.0,8.06,7.7,8.5,19.0,57.0,0.8876964355468748,True,PUT,2026-02-20,OKLO
OKLO260220P00087000,87.0,8.71,8.35,9.1,75.0,107.0,0.893555751953125,True,PUT,2026-02-20,OKLO
OKLO260220P00088000,88.0,9.22,8.85,9.65,8.0,108.0,0.8852550537109375,True,PUT,2026-02-20,OKLO
OKLO260220P00089000,89.0,9.85,9.5,10.25,16.0,54.0,0.8863536755371093,True,PUT,2026-02-20,OKLO
OKLO260220P00090000,90.0,10.53,10.2,10.9,53.0,1470.0,0.8911143701171874,True,PUT,2026-02-20,OKLO
OKLO260220P00091000,91.0,11.06,10.65,11.5,12.0,55.0,0.875977802734375,True,PUT,2026-02-20,OKLO
OKLO260220P00092000,92.0,11.71,11.3,12.15,1.0,506.0,0.8732922827148437,True,PUT,2026-02-20,OKLO
OKLO260220P00093000,93.0,11.91,11.85,12.85,8.0,8.0,0.8652357226562499,True,PUT,2026-02-20,OKLO
OKLO260220P00094000,94.0,13.08,12.6,13.55,18.0,120.0,0.8674329663085938,True,PUT,2026-02-20,OKLO
OKLO260220P00095000,95.0,13.78,13.35,14.3,6.0,1087.0,0.8706067626953125,True,PUT,2026-02-20,OKLO
OKLO260220P00096000,96.0,14.35,14.05,15.0,4.0,17.0,0.8654798608398437,True,PUT,2026-02-20,OKLO
OKLO260220P00097000,97.0,10.55,14.85,15.65,7.0,119.0,0.86132951171875,True,PUT,2026-02-20,OKLO
OKLO260220P00098000,98.0,11.18,15.35,16.6,6.0,68.0,0.8549819189453125,True,PUT,2026-02-20,OKLO
OKLO260220P00099000,99.0,16.6,16.4,17.5,7.0,5.0,0.8813488427734374,True,PUT,2026-02-20,OKLO
OKLO260220P00100000,100.0,17.62,16.95,18.3,36.0,568.0,0.8642591699218749,True,PUT,2026-02-20,OKLO
OKLO260220P00101000,101.0,18.6,17.9,19.75,4.0,6.0,0.920899228515625,True,PUT,2026-02-20,OKLO
OKLO260220P00102000,102.0,19.0,18.55,20.05,7.0,10.0,0.8703626245117188,True,PUT,2026-02-20,OKLO
OKLO260220P00103000,103.0,20.16,19.5,21.5,2.0,6.0,0.9272468212890624,True,PUT,2026-02-20,OKLO
OKLO260220P00105000,105.0,22.24,20.95,22.75,4.0,138.0,0.8735364208984374,True,PUT,2026-02-20,OKLO
OKLO260220P00110000,110.0,26.55,25.3,27.4,2.0,975.0,0.893555751953125,True,PUT,2026-02-20,OKLO
OKLO260227C00075000,75.0,15.0,14.0,15.15,1.0,53.0,0.9528813305664061,True,CALL,2026-02-27,OKLO
OKLO260227C00080000,80.0,12.52,11.45,12.2,4.0,30.0,0.9692385888671875,True,CALL,2026-02-27,OKLO
OKLO260227C00081000,81.0,12.25,10.7,11.4,4.0,17.0,0.9420171813964844,True,CALL,2026-02-27,OKLO
OKLO260227C00082000,82.0,11.75,10.4,11.2,2.0,32.0,0.9694827270507812,True,CALL,2026-02-27,OKLO
OKLO260227C00083000,83.0,11.65,9.8,10.2,3.0,82.0,0.936524072265625,True,CALL,2026-02-27,OKLO
OKLO260227C00084000,84.0,10.6,9.25,10.1,14.0,21.0,0.9519047778320311,True,CALL,2026-02-27,OKLO
OKLO260227C00085000,85.0,9.1,8.95,9.75,33.0,47.0,0.9653323779296875,False,CALL,2026-02-27,OKLO
OKLO260227C00086000,86.0,8.8,8.6,8.8,32.0,23.0,0.9433599414062499,False,CALL,2026-02-27,OKLO
OKLO260227C00087000,87.0,8.8,8.05,8.95,30.0,60.0,0.9660647924804688,False,CALL,2026-02-27,OKLO
OKLO260227C00088000,88.0,8.0,7.7,8.45,33.0,108.0,0.963867548828125,False,CALL,2026-02-27,OKLO
OKLO260227C00089000,89.0,7.7,7.25,7.6,4.0,40.0,0.9368902795410157,False,CALL,2026-02-27,OKLO
OKLO260227C00090000,90.0,7.22,6.55,7.6,124.0,175.0,0.9392095922851562,False,CALL,2026-02-27,OKLO
OKLO260227C00091000,91.0,6.9,6.4,7.35,16.0,34.0,0.9553227124023438,False,CALL,2026-02-27,OKLO
OKLO260227C00092000,92.0,6.4,6.2,6.55,12.0,40.0,0.9389654541015625,False,CALL,2026-02-27,OKLO
OKLO260227C00093000,93.0,6.0,5.8,6.5,17.0,34.0,0.9497075341796875,False,CALL,2026-02-27,OKLO
OKLO260227C00094000,94.0,5.95,5.4,6.15,12.0,11.0,0.9431158032226561,False,CALL,2026-02-27,OKLO
OKLO260227C00095000,95.0,5.45,5.25,5.55,17.0,135.0,0.9349371740722656,False,CALL,2026-02-27,OKLO
OKLO260227C00096000,96.0,9.25,5.0,5.5,3.0,66.0,0.9494633959960936,False,CALL,2026-02-27,OKLO
OKLO260227C00097000,97.0,7.0,4.65,5.35,1.0,66.0,0.9521489160156249,False,CALL,2026-02-27,OKLO
OKLO260227C00098000,98.0,8.9,4.5,5.25,12.0,20.0,0.9670413452148439,False,CALL,2026-02-27,OKLO
OKLO260227C00099000,99.0,7.38,4.25,4.55,2.0,28.0,0.9418951123046875,False,CALL,2026-02-27,OKLO
OKLO260227C00100000,100.0,4.12,3.9,4.45,47.0,321.0,0.9433599414062499,False,CALL,2026-02-27,OKLO
OKLO260227C00101000,101.0,4.8,3.8,4.5,1.0,27.0,0.9665530688476562,False,CALL,2026-02-27,OKLO
OKLO260227C00102000,102.0,5.5,3.6,4.05,2.0,11.0,0.9538578833007811,False,CALL,2026-02-27,OKLO
OKLO260227C00103000,103.0,5.8,3.4,3.7,2.0,14.0,0.9455571850585938,False,CALL,2026-02-27,OKLO
OKLO260227C00104000,104.0,6.73,3.2,3.65,2.0,17.0,0.954102021484375,False,CALL,2026-02-27,OKLO
OKLO260227C00105000,105.0,3.55,3.0,3.75,19.0,65.0,0.9711916943359374,False,CALL,2026-02-27,OKLO
OKLO260227C00106000,106.0,3.5,2.79,3.3,3.0,21.0,0.9519047778320311,False,CALL,2026-02-27,OKLO
OKLO260227C00107000,107.0,5.85,2.76,3.25,2.0,20.0,0.9687503125,False,CALL,2026-02-27,OKLO
OKLO260227C00108000,108.0,5.45,2.6,2.86,5.0,18.0,0.9536137451171874,False,CALL,2026-02-27,OKLO
OKLO260227C00109000,109.0,2.96,2.45,2.82,1.0,8.0,0.9614261669921874,False,CALL,2026-02-27,OKLO
OKLO260227C00110000,110.0,2.5,2.2,2.89,33.0,521.0,0.9689944506835937,False,CALL,2026-02-27,OKLO
OKLO260227P00060000,60.0,1.18,1.02,1.36,29.0,235.0,1.0210009887695315,False,PUT,2026-02-27,OKLO
OKLO260227P00065000,65.0,1.91,1.72,2.09,30.0,192.0,0.9838868798828125,False,PUT,2026-02-27,OKLO
OKLO260227P00070000,70.0,3.0,2.8,3.05,148.0,474.0,0.9501958105468749,False,PUT,2026-02-27,OKLO
OKLO260227P00075000,75.0,4.63,4.25,4.6,46.0,380.0,0.9333502758789063,False,PUT,2026-02-27,OKLO
OKLO260227P00076000,76.0,4.77,4.6,5.0,12.0,31.0,0.9328619995117188,False,PUT,2026-02-27,OKLO
OKLO260227P00077000,77.0,5.43,4.85,5.3,19.0,22.0,0.9184578466796876,False,PUT,2026-02-27,OKLO
OKLO260227P00078000,78.0,5.52,5.25,5.75,11.0,12.0,0.91992267578125,False,PUT,2026-02-27,OKLO
OKLO260227P00080000,80.0,6.38,6.1,6.6,108.0,488.0,0.9160164648437501,False,PUT,2026-02-27,OKLO
OKLO260227P00081000,81.0,5.18,6.55,7.05,1.0,33.0,0.9139412902832031,False,PUT,2026-02-27,OKLO
OKLO260227P00082000,82.0,7.33,7.05,7.5,26.0,35.0,0.9125985302734375,False,PUT,2026-02-27,OKLO
OKLO260227P00083000,83.0,7.83,7.5,8.0,45.0,53.0,0.9091805957031249,False,PUT,2026-02-27,OKLO
OKLO260227P00084000,84.0,8.25,7.95,8.6,12.0,28.0,0.9091805957031249,False,PUT,2026-02-27,OKLO
OKLO260227P00085000,85.0,8.9,8.6,9.0,40.0,111.0,0.9072274902343749,True,PUT,2026-02-27,OKLO
OKLO260227P00086000,86.0,9.09,9.05,9.75,5.0,34.0,0.9113778393554688,True,PUT,2026-02-27,OKLO
OKLO260227P00087000,87.0,9.9,9.55,10.25,5.0,40.0,0.903321279296875,True,PUT,2026-02-27,OKLO
OKLO260227P00088000,88.0,10.52,10.1,10.95,26.0,62.0,0.9062509375,True,PUT,2026-02-27,OKLO
OKLO260227P00089000,89.0,11.07,10.6,11.55,23.0,44.0,0.8999033447265624,True,PUT,2026-02-27,OKLO
OKLO260227P00090000,90.0,10.97,11.45,12.2,13.0,113.0,0.9123543920898438,True,PUT,2026-02-27,OKLO
OKLO260227P00091000,91.0,11.62,11.8,12.85,3.0,23.0,0.8974619628906249,True,PUT,2026-02-27,OKLO
OKLO260227P00092000,92.0,13.0,12.65,13.75,11.0,77.0,0.9196785375976562,True,PUT,2026-02-27,OKLO
OKLO260227P00093000,93.0,14.4,13.25,13.9,6.0,67.0,0.8881847119140623,True,PUT,2026-02-27,OKLO
OKLO260227P00094000,94.0,13.8,14.0,14.6,32.0,40.0,0.8916026464843749,True,PUT,2026-02-27,OKLO
OKLO260227P00095000,95.0,10.53,14.5,15.6,108.0,141.0,0.896241271972656,True,PUT,2026-02-27,OKLO
OKLO260227P00096000,96.0,11.09,15.15,16.5,4.0,8.0,0.9023447265625,True,PUT,2026-02-27,OKLO
OKLO260227P00097000,97.0,11.56,15.9,17.1,1.0,10.0,0.8959971337890623,True,PUT,2026-02-27,OKLO
OKLO260227P00098000,98.0,12.56,16.6,17.75,1.0,9.0,0.8879405737304686,True,PUT,2026-02-27,OKLO
OKLO260227P00099000,99.0,15.13,16.65,18.65,3.0,8.0,0.8549819189453125,True,PUT,2026-02-27,OKLO
OKLO260227P00100000,100.0,13.89,18.05,20.4,1.0,39.0,0.9479985668945312,True,PUT,2026-02-27,OKLO
OKLO260227P00101000,101.0,11.88,18.55,21.1,1.0,3.0,0.9274909594726561,True,PUT,2026-02-27,OKLO
OKLO260227P00102000,102.0,20.66,19.85,20.85,5.0,9.0,0.8957529956054686,True,PUT,2026-02-27,OKLO
OKLO260227P00103000,103.0,11.5,20.5,21.75,,1.0,0.8920909228515624,True,PUT,2026-02-27,OKLO
OKLO260227P00104000,104.0,14.65,21.4,23.1,,1.0,0.9311530322265625,True,PUT,2026-02-27,OKLO
OKLO260227P00105000,105.0,24.96,22.05,24.4,3.0,6.0,0.9511723632812499,True,PUT,2026-02-27,OKLO
OKLO260227P00106000,106.0,20.61,23.1,24.2,1.0,1.0,0.8986826538085937,True,PUT,2026-02-27,OKLO
OKLO260227P00107000,107.0,23.73,23.9,25.15,2.0,4.0,0.9030771411132812,True,PUT,2026-02-27,OKLO
OKLO260227P00109000,109.0,17.35,24.95,27.65,,6.0,0.9128426684570312,True,PUT,2026-02-27,OKLO
OKLO260227P00110000,110.0,26.07,26.2,28.6,5.0,10.0,0.94726615234375,True,PUT,2026-02-27,OKLO
OKLO260306C00060000,60.0,28.95,25.4,28.45,2.0,2.0,1.0717819848632817,True,CALL,2026-03-06,OKLO
OKLO260306C00082000,82.0,18.14,10.6,11.9,2.0,17.0,0.9162606030273439,True,CALL,2026-03-06,OKLO
OKLO260306C00083000,83.0,11.75,10.85,11.85,16.0,8.0,0.971679970703125,True,CALL,2026-03-06,OKLO
OKLO260306C00084000,84.0,10.6,10.2,11.85,11.0,7.0,0.98437515625,True,CALL,2026-03-06,OKLO
OKLO260306C00085000,85.0,10.6,10.15,11.05,19.0,15.0,0.9863282617187501,False,CALL,2026-03-06,OKLO
OKLO260306C00087000,87.0,10.41,9.25,10.0,34.0,20.0,0.9743654907226562,False,CALL,2026-03-06,OKLO
OKLO260306C00088000,88.0,13.3,8.85,9.9,21.0,13.0,0.9884034362792968,False,CALL,2026-03-06,OKLO
OKLO260306C00089000,89.0,7.05,8.1,9.2,1.0,14.0,0.9571537487792967,False,CALL,2026-03-06,OKLO
OKLO260306C00090000,90.0,8.35,8.05,8.9,7.0,47.0,0.975586181640625,False,CALL,2026-03-06,OKLO
OKLO260306C00091000,91.0,8.76,7.65,8.55,7.0,22.0,0.9741213525390625,False,CALL,2026-03-06,OKLO
OKLO260306C00092000,92.0,8.15,7.25,8.55,3.0,14.0,0.9879151599121094,False,CALL,2026-03-06,OKLO
OKLO260306C00093000,93.0,7.3,7.0,7.8,3.0,9.0,0.9724123852539062,False,CALL,2026-03-06,OKLO
OKLO260306C00095000,95.0,7.4,5.95,7.1,3.0,28.0,0.9493413269042967,False,CALL,2026-03-06,OKLO
OKLO260306C00096000,96.0,7.04,6.05,6.9,6.0,1.0,0.9729006616210938,False,CALL,2026-03-06,OKLO
OKLO260306C00097000,97.0,9.04,4.85,6.7,13.0,44.0,0.9328619995117188,False,CALL,2026-03-06,OKLO
OKLO260306C00098000,98.0,9.25,5.3,6.5,2.0,3.0,0.9714358325195311,False,CALL,2026-03-06,OKLO
OKLO260306C00099000,99.0,6.65,5.15,6.0,1.0,4.0,0.9654544470214843,False,CALL,2026-03-06,OKLO
OKLO260306C00100000,100.0,5.3,4.9,5.75,29.0,68.0,0.9656985852050781,False,CALL,2026-03-06,OKLO
OKLO260306C00101000,101.0,6.05,4.75,5.6,2.0,9.0,0.9749758361816407,False,CALL,2026-03-06,OKLO
OKLO260306C00103000,103.0,5.3,4.0,5.0,2.0,19.0,0.9523930541992187,False,CALL,2026-03-06,OKLO
OKLO260306C00105000,105.0,4.26,4.0,4.75,7.0,13.0,0.983398603515625,False,CALL,2026-03-06,OKLO
OKLO260306P00060000,60.0,1.7,1.27,1.88,11.0,67.0,1.0014698364257812,False,PUT,2026-03-06,OKLO
OKLO260306P00065000,65.0,2.23,2.11,2.77,11.0,93.0,0.9724123852539062,False,PUT,2026-03-06,OKLO
OKLO260306P00070000,70.0,3.63,3.4,4.0,8.0,57.0,0.956055126953125,False,PUT,2026-03-06,OKLO
OKLO260306P00075000,75.0,5.61,5.05,5.8,57.0,48.0,0.9501958105468749,False,PUT,2026-03-06,OKLO
OKLO260306P00077000,77.0,6.36,5.85,6.6,10.0,4.0,0.94726615234375,False,PUT,2026-03-06,OKLO
OKLO260306P00078000,78.0,6.57,6.2,6.95,48.0,11.0,0.9382330395507812,False,PUT,2026-03-06,OKLO
OKLO260306P00079000,79.0,7.07,6.7,7.45,59.0,7.0,0.9428716650390624,False,PUT,2026-03-06,OKLO
OKLO260306P00080000,80.0,7.81,7.1,7.9,42.0,25.0,0.938477177734375,False,PUT,2026-03-06,OKLO
OKLO260306P00081000,81.0,8.32,7.55,8.3,23.0,11.0,0.9323737231445313,False,PUT,2026-03-06,OKLO
OKLO260306P00083000,83.0,8.91,8.45,9.35,7.0,42.0,0.9279792358398438,False,PUT,2026-03-06,OKLO
OKLO260306P00084000,84.0,9.45,9.05,9.95,7.0,45.0,0.9340826904296875,False,PUT,2026-03-06,OKLO
OKLO260306P00085000,85.0,10.28,9.55,10.45,5.0,23.0,0.9291999267578125,True,PUT,2026-03-06,OKLO
OKLO260306P00086000,86.0,10.87,10.05,11.15,4.0,35.0,0.9323737231445313,True,PUT,2026-03-06,OKLO
OKLO260306P00087000,87.0,11.12,10.55,11.8,13.0,25.0,0.93164130859375,True,PUT,2026-03-06,OKLO
OKLO260306P00089000,89.0,11.8,11.5,12.7,7.0,24.0,0.905274384765625,True,PUT,2026-03-06,OKLO
OKLO260306P00090000,90.0,13.05,12.45,13.8,5.0,28.0,0.942261319580078,True,PUT,2026-03-06,OKLO
OKLO260306P00094000,94.0,17.2,14.3,16.4,1.0,1.0,0.9028330029296875,True,PUT,2026-03-06,OKLO
OKLO260306P00095000,95.0,16.55,15.95,17.8,1.0,101.0,0.9816896362304688,True,PUT,2026-03-06,OKLO
OKLO260306P00100000,100.0,18.19,19.05,21.0,1.0,1.0,0.9348151049804687,True,PUT,2026-03-06,OKLO
OKLO260320C00060000,60.0,28.5,26.8,29.3,4.0,458.0,1.0795944458007813,True,CALL,2026-03-20,OKLO
OKLO260320C00065000,65.0,24.76,23.65,24.75,1.0,286.0,1.0461473474121097,True,CALL,2026-03-20,OKLO
OKLO260320C00070000,70.0,20.94,19.9,21.1,19.0,847.0,1.0024463940429689,True,CALL,2026-03-20,OKLO
OKLO260320C00075000,75.0,19.2,16.6,18.15,7.0,533.0,0.9882813671875,True,CALL,2026-03-20,OKLO
OKLO260320C00080000,80.0,14.83,14.4,14.9,56.0,2175.0,0.9803468762207033,True,CALL,2026-03-20,OKLO
OKLO260320C00085000,85.0,12.27,12.0,12.5,307.0,1098.0,0.9721682470703125,False,CALL,2026-03-20,OKLO
OKLO260320C00090000,90.0,10.15,10.0,10.3,477.0,2153.0,0.9631351342773438,False,CALL,2026-03-20,OKLO
OKLO260320C00095000,95.0,8.4,8.25,8.55,235.0,1707.0,0.958862716064453,False,CALL,2026-03-20,OKLO
OKLO260320C00100000,100.0,6.9,6.9,7.1,989.0,4323.0,0.961792374267578,False,CALL,2026-03-20,OKLO
OKLO260320C00105000,105.0,5.9,5.7,5.9,235.0,2390.0,0.9626468579101561,False,CALL,2026-03-20,OKLO
OKLO260320C00110000,110.0,4.8,4.8,4.9,505.0,1655.0,0.9683841052246094,False,CALL,2026-03-20,OKLO
OKLO260320P00060000,60.0,2.4,2.16,2.54,250.0,3024.0,0.9772951489257813,False,PUT,2026-03-20,OKLO
OKLO260320P00065000,65.0,3.55,3.55,3.55,185.0,11940.0,0.9682620361328125,False,PUT,2026-03-20,OKLO
OKLO260320P00070000,70.0,5.03,4.9,5.1,875.0,8264.0,0.9506840869140624,False,PUT,2026-03-20,OKLO
OKLO260320P00075000,75.0,6.95,6.7,7.05,69.0,3562.0,0.9421392504882812,False,PUT,2026-03-20,OKLO
OKLO260320P00080000,80.0,9.13,8.95,9.2,592.0,2998.0,0.9313971704101562,False,PUT,2026-03-20,OKLO
OKLO260320P00085000,85.0,11.71,11.4,11.9,88.0,2426.0,0.9233406103515626,True,PUT,2026-03-20,OKLO
OKLO260320P00090000,90.0,14.56,14.35,14.8,290.0,2179.0,0.9169930175781251,True,PUT,2026-03-20,OKLO
OKLO260320P00095000,95.0,17.65,17.55,18.15,272.0,1367.0,0.9143074975585939,True,PUT,2026-03-20,OKLO
OKLO260320P00100000,100.0,21.38,20.95,21.75,55.0,1903.0,0.9074716284179687,True,PUT,2026-03-20,OKLO
OKLO260320P00105000,105.0,25.74,24.7,25.6,6.0,699.0,0.9055185229492188,True,PUT,2026-03-20,OKLO
OKLO260320P00110000,110.0,29.39,28.6,29.6,5.0,1087.0,0.8981943774414061,True,PUT,2026-03-20,OKLO
OKLO260417C00060000,60.0,29.8,28.8,30.0,2.0,35.0,1.0109912731933592,True,CALL,2026-04-17,OKLO
OKLO260417C00065000,65.0,26.25,25.55,26.55,17.0,14.0,1.007573321533203,True,CALL,2026-04-17,OKLO
OKLO260417C00070000,70.0,30.1,22.35,24.1,1.0,58.0,1.0218554766845702,True,CALL,2026-04-17,OKLO
OKLO260417C00075000,75.0,19.55,19.25,20.4,18.0,51.0,0.9710696252441406,True,CALL,2026-04-17,OKLO
OKLO260417C00080000,80.0,17.37,16.95,17.85,35.0,97.0,0.9732668688964843,True,CALL,2026-04-17,OKLO
OKLO260417C00085000,85.0,14.85,14.7,15.15,122.0,322.0,0.9542240905761719,False,CALL,2026-04-17,OKLO
OKLO260417C00090000,90.0,13.04,12.75,13.35,89.0,349.0,0.9580082324218748,False,CALL,2026-04-17,OKLO
OKLO260417C00095000,95.0,11.3,11.0,11.65,120.0,223.0,0.9564213342285155,False,CALL,2026-04-17,OKLO
OKLO260417C00100000,100.0,9.7,9.5,9.9,262.0,1114.0,0.9477544287109375,False,CALL,2026-04-17,OKLO
OKLO260417C00105000,105.0,8.55,8.25,8.65,64.0,292.0,0.9509282250976561,False,CALL,2026-04-17,OKLO
OKLO260417C00110000,110.0,7.87,7.15,7.45,25.0,279.0,0.9495854650878905,False,CALL,2026-04-17,OKLO
OKLO260417P00060000,60.0,3.81,3.65,4.0,1.0,615.0,0.9504399487304687,False,PUT,2026-04-17,OKLO
OKLO260417P00065000,65.0,4.98,4.9,5.45,24.0,146.0,0.9290778576660157,False,PUT,2026-04-17,OKLO
OKLO260417P00070000,70.0,7.0,6.5,7.25,32.0,2489.0,0.9150399121093751,False,PUT,2026-04-17,OKLO
OKLO260417P00075000,75.0,9.28,8.2,9.35,71.0,355.0,0.8947764428710936,False,PUT,2026-04-17,OKLO
OKLO260417P00080000,80.0,11.55,11.3,11.7,111.0,128.0,0.9118661157226562,False,PUT,2026-04-17,OKLO
OKLO260417P00085000,85.0,14.3,14.1,14.45,154.0,272.0,0.9113778393554688,True,PUT,2026-04-17,OKLO
OKLO260417P00090000,90.0,17.05,17.0,17.45,36.0,147.0,0.9050302465820312,True,PUT,2026-04-17,OKLO
OKLO260417P00095000,95.0,20.45,19.85,20.65,1.0,126.0,0.8876964355468748,True,PUT,2026-04-17,OKLO
OKLO260417P00100000,100.0,23.27,23.35,24.15,13.0,68.0,0.8861095373535155,True,PUT,2026-04-17,OKLO
OKLO260417P00105000,105.0,27.51,27.1,27.85,5.0,27.0,0.8859874682617187,True,PUT,2026-04-17,OKLO
OKLO260417P00110000,110.0,30.2,31.0,31.8,3.0,34.0,0.8874522973632811,True,PUT,2026-04-17,OKLO
OKLO260515C00060000,60.0,31.4,30.45,31.85,3.0,49.0,1.0168506188964845,True,CALL,2026-05-15,OKLO
OKLO260515C00065000,65.0,28.25,26.95,28.85,2.0,53.0,1.0026905334472658,True,CALL,2026-05-15,OKLO
OKLO260515C00070000,70.0,25.2,23.95,25.9,5.0,89.0,0.9914551635742188,True,CALL,2026-05-15,OKLO
OKLO260515C00075000,75.0,23.3,21.65,23.1,11.0,116.0,0.9918213708496093,True,CALL,2026-05-15,OKLO
OKLO260515C00080000,80.0,20.26,19.05,20.55,47.0,187.0,0.9761965270996094,True,CALL,2026-05-15,OKLO
OKLO260515C00085000,85.0,17.76,17.35,18.0,136.0,304.0,0.9741213525390625,False,CALL,2026-05-15,OKLO
OKLO260515C00090000,90.0,15.5,14.7,16.4,89.0,591.0,0.960388579711914,False,CALL,2026-05-15,OKLO
OKLO260515C00095000,95.0,14.3,13.65,14.3,16.0,287.0,0.9661868615722657,False,CALL,2026-05-15,OKLO
OKLO260515C00100000,100.0,12.48,12.15,12.95,79.0,431.0,0.9703372106933592,False,CALL,2026-05-15,OKLO
OKLO260515C00105000,105.0,11.15,10.8,11.5,4.0,264.0,0.9670413452148439,False,CALL,2026-05-15,OKLO
OKLO260515C00110000,110.0,9.94,9.6,10.55,7.0,153.0,0.9737551452636719,False,CALL,2026-05-15,OKLO
OKLO260515P00060000,60.0,5.35,5.2,5.45,6.0,366.0,0.9473882214355469,False,PUT,2026-05-15,OKLO
OKLO260515P00065000,65.0,6.87,6.65,7.2,7.0,454.0,0.9304206176757812,False,PUT,2026-05-15,OKLO
OKLO260515P00070000,70.0,9.35,8.8,9.2,15.0,116.0,0.9293219958496093,False,PUT,2026-05-15,OKLO
OKLO260515P00075000,75.0,11.1,10.75,11.5,28.0,438.0,0.914185428466797,False,PUT,2026-05-15,OKLO
OKLO260515P00080000,80.0,13.85,13.55,14.0,16.0,482.0,0.9158333612060547,False,PUT,2026-05-15,OKLO
OKLO260515P00085000,85.0,16.62,16.4,16.8,2.0,133.0,0.9132088757324219,True,PUT,2026-05-15,OKLO
OKLO260515P00090000,90.0,19.1,19.35,19.85,32.0,245.0,0.9077157666015624,True,PUT,2026-05-15,OKLO
OKLO260515P00095000,95.0,22.8,22.5,23.35,1.0,162.0,0.9085702502441406,True,PUT,2026-05-15,OKLO
OKLO260515P00100000,100.0,26.75,25.85,26.65,3.0,138.0,0.8989878265380857,True,PUT,2026-05-15,OKLO
OKLO260515P00105000,105.0,29.78,29.45,30.2,2.0,92.0,0.8934336828613281,True,PUT,2026-05-15,OKLO
OKLO260515P00110000,110.0,30.75,33.25,33.9,1.0,73.0,0.8887950573730468,True,PUT,2026-05-15,OKLO
OKLO260618C00060000,60.0,32.0,31.3,34.2,7.0,59.0,0.9984131018066407,True,CALL,2026-06-18,OKLO
OKLO260618C00065000,65.0,26.45,29.2,30.8,3.0,60.0,1.0057422760009764,True,CALL,2026-06-18,OKLO
OKLO260618C00070000,70.0,31.5,26.15,27.9,6.0,124.0,0.9848634326171876,True,CALL,2026-06-18,OKLO
OKLO260618C00075000,75.0,25.45,24.05,25.4,31.0,296.0,0.9907227490234375,True,CALL,2026-06-18,OKLO
OKLO260618C00080000,80.0,22.15,21.75,22.15,66.0,1077.0,0.9604496142578124,True,CALL,2026-06-18,OKLO
OKLO260618C00085000,85.0,21.05,19.3,20.6,27.0,202.0,0.9609378906249999,False,CALL,2026-06-18,OKLO
OKLO260618C00090000,90.0,18.26,17.55,18.15,74.0,634.0,0.9473882214355469,False,CALL,2026-06-18,OKLO
OKLO260618C00095000,95.0,16.05,15.95,16.95,22.0,454.0,0.9595340960693357,False,CALL,2026-06-18,OKLO
OKLO260618C00100000,100.0,15.0,14.6,15.1,124.0,861.0,0.9544682287597657,False,CALL,2026-06-18,OKLO
OKLO260618C00105000,105.0,13.5,13.2,13.6,10.0,223.0,0.9498296032714844,False,CALL,2026-06-18,OKLO
OKLO260618C00110000,110.0,12.45,11.95,12.35,25.0,642.0,0.9483647741699219,False,CALL,2026-06-18,OKLO
OKLO260618P00060000,60.0,7.0,6.55,6.95,14.0,780.0,0.9278571667480469,False,PUT,2026-06-18,OKLO
OKLO260618P00065000,65.0,8.55,8.35,8.95,28.0,847.0,0.9205330212402343,False,PUT,2026-06-18,OKLO
OKLO260618P00070000,70.0,10.9,10.55,11.1,22.0,633.0,0.915161981201172,False,PUT,2026-06-18,OKLO
OKLO260618P00075000,75.0,13.25,13.2,13.6,12.0,303.0,0.9187630194091796,False,PUT,2026-06-18,OKLO
OKLO260618P00080000,80.0,16.0,16.05,16.5,48.0,1218.0,0.9254157849121094,False,PUT,2026-06-18,OKLO
OKLO260618P00085000,85.0,18.8,18.5,19.3,6.0,175.0,0.9085702502441406,True,PUT,2026-06-18,OKLO
OKLO260618P00090000,90.0,21.8,21.4,22.25,4.0,1615.0,0.8975840319824218,True,PUT,2026-06-18,OKLO
OKLO260618P00095000,95.0,25.3,24.75,25.4,2.0,217.0,0.8936778210449219,True,PUT,2026-06-18,OKLO
OKLO260618P00100000,100.0,28.6,28.1,29.0,1.0,1310.0,0.892457130126953,True,PUT,2026-06-18,OKLO
OKLO260618P00105000,105.0,31.82,31.6,32.45,4.0,194.0,0.8840343627929688,True,PUT,2026-06-18,OKLO
OKLO260618P00110000,110.0,33.95,35.25,36.3,31.0,275.0,0.8819591882324218,True,PUT,2026-06-18,OKLO
OKLO260717C00060000,60.0,34.76,33.45,35.35,5.0,2.0,1.0123340399169922,True,CALL,2026-07-17,OKLO
OKLO260717C00065000,65.0,28.34,30.1,31.65,1.0,3.0,0.9655765161132812,True,CALL,2026-07-17,OKLO
OKLO260717C00070000,70.0,33.25,27.95,29.05,2.0,20.0,0.9743044561767578,True,CALL,2026-07-17,OKLO
OKLO260717C00075000,75.0,23.0,25.3,27.55,1.0,6.0,0.9862061926269532,True,CALL,2026-07-17,OKLO
OKLO260717C00080000,80.0,30.7,22.95,24.35,2.0,61.0,0.9545292633056641,True,CALL,2026-07-17,OKLO
OKLO260717C00085000,85.0,22.18,21.35,22.65,26.0,81.0,0.9681399670410156,False,CALL,2026-07-17,OKLO
OKLO260717C00090000,90.0,20.2,19.4,20.4,86.0,191.0,0.9535527105712891,False,CALL,2026-07-17,OKLO
OKLO260717C00095000,95.0,22.45,17.5,18.9,2.0,315.0,0.9501958105468749,False,CALL,2026-07-17,OKLO
OKLO260717C00100000,100.0,16.5,15.8,17.15,18.0,238.0,0.9395757995605469,False,CALL,2026-07-17,OKLO
OKLO260717C00105000,105.0,15.44,14.95,15.5,1.0,342.0,0.9439092523193358,False,CALL,2026-07-17,OKLO
OKLO260717C00110000,110.0,14.5,13.45,14.45,1.0,19.0,0.9420171813964844,False,CALL,2026-07-17,OKLO
OKLO260717P00060000,60.0,7.8,7.5,8.0,2.0,45.0,0.9086923193359374,False,PUT,2026-07-17,OKLO
OKLO260717P00065000,65.0,9.57,9.7,10.2,20.0,40.0,0.9126595648193359,False,PUT,2026-07-17,OKLO
OKLO260717P00070000,70.0,10.2,11.9,12.35,10.0,66.0,0.9017343811035157,False,PUT,2026-07-17,OKLO
OKLO260717P00075000,75.0,14.75,14.15,14.9,3.0,31.0,0.8920909228515624,False,PUT,2026-07-17,OKLO
OKLO260717P00080000,80.0,16.75,17.0,17.6,1.0,53.0,0.8907481628417968,False,PUT,2026-07-17,OKLO
OKLO260717P00085000,85.0,18.85,19.9,20.85,2.0,314.0,0.8940440283203124,True,PUT,2026-07-17,OKLO
OKLO260717P00090000,90.0,21.43,22.75,23.7,3.0,598.0,0.8790905645751952,True,PUT,2026-07-17,OKLO
OKLO260717P00095000,95.0,24.15,26.2,27.3,4.0,24.0,0.8866588482666016,True,PUT,2026-07-17,OKLO
OKLO260717P00100000,100.0,29.75,29.6,30.55,3.0,305.0,0.8787243572998047,True,PUT,2026-07-17,OKLO
OKLO260717P00105000,105.0,25.99,33.15,34.1,,0.0,0.8745129736328124,True,PUT,2026-07-17,OKLO
OKLO260717P00110000,110.0,35.23,36.8,38.15,,2.0,0.8776867700195312,True,PUT,2026-07-17,OKLO
OKLO260821C00060000,60.0,37.4,35.0,36.15,7.0,11.0,0.9879151599121094,True,CALL,2026-08-21,OKLO
OKLO260821C00065000,65.0,38.1,32.1,33.7,,19.0,0.9836427416992188,True,CALL,2026-08-21,OKLO
OKLO260821C00070000,70.0,27.0,29.2,30.95,1.0,38.0,0.9626468579101561,True,CALL,2026-08-21,OKLO
OKLO260821C00075000,75.0,28.31,27.4,29.25,1.0,15.0,0.9841310180664062,True,CALL,2026-08-21,OKLO
OKLO260821C00080000,80.0,26.02,25.4,26.5,4.0,34.0,0.9686282434082032,True,CALL,2026-08-21,OKLO
OKLO260821C00085000,85.0,24.3,23.1,24.4,10.0,42.0,0.9547123669433593,False,CALL,2026-08-21,OKLO
OKLO260821C00090000,90.0,22.0,21.25,22.55,13.0,75.0,0.9497075341796875,False,CALL,2026-08-21,OKLO
OKLO260821C00095000,95.0,20.24,19.4,20.8,4.0,27.0,0.9411626977539063,False,CALL,2026-08-21,OKLO
OKLO260821C00100000,100.0,19.2,18.55,19.45,12.0,66.0,0.9554447814941407,False,CALL,2026-08-21,OKLO
OKLO260821C00105000,105.0,17.0,16.85,18.0,1.0,10.0,0.9461675305175781,False,CALL,2026-08-21,OKLO
OKLO260821C00110000,110.0,16.85,15.6,16.8,6.0,21.0,0.9464727032470703,False,CALL,2026-08-21,OKLO
OKLO260821P00060000,60.0,9.0,8.85,9.55,2.0,39.0,0.9101571484375,False,PUT,2026-08-21,OKLO
OKLO260821P00065000,65.0,10.25,10.95,11.6,2.0,53.0,0.8995981719970703,False,PUT,2026-08-21,OKLO
OKLO260821P00070000,70.0,13.65,13.55,14.0,57.0,14.0,0.9000864483642577,False,PUT,2026-08-21,OKLO
OKLO260821P00075000,75.0,14.93,15.95,16.65,3.0,118.0,0.8920909228515624,False,PUT,2026-08-21,OKLO
OKLO260821P00080000,80.0,16.65,18.6,19.65,2.0,44.0,0.8894054028320311,False,PUT,2026-08-21,OKLO
OKLO260821P00085000,85.0,20.51,21.8,22.5,2.0,5.0,0.8876964355468748,True,PUT,2026-08-21,OKLO
OKLO260821P00090000,90.0,24.5,24.9,25.85,40.0,56.0,0.8873302282714843,True,PUT,2026-08-21,OKLO
OKLO260821P00095000,95.0,26.35,28.1,29.15,16.0,16.0,0.8819591882324218,True,PUT,2026-08-21,OKLO
OKLO260821P00100000,100.0,32.1,31.65,32.5,28.0,5.0,0.8790905645751952,True,PUT,2026-08-21,OKLO
OKLO260821P00105000,105.0,34.1,35.05,36.25,1.0,3.0,0.8760998718261719,True,PUT,2026-08-21,OKLO
OKLO260821P00110000,110.0,36.62,38.7,39.75,2.0,87.0,0.8685315881347657,True,PUT,2026-08-21,OKLO
OKLO260918C00060000,60.0,37.14,35.95,37.55,1.0,16.0,0.9882813671875,True,CALL,2026-09-18,OKLO
OKLO260918C00065000,65.0,34.75,33.25,35.15,1.0,368.0,0.9853517089843751,True,CALL,2026-09-18,OKLO
OKLO260918C00070000,70.0,35.57,30.4,32.2,20.0,64.0,0.9582523706054686,True,CALL,2026-09-18,OKLO
OKLO260918C00075000,75.0,32.0,28.3,29.7,2.0,78.0,0.9519047778320311,True,CALL,2026-09-18,OKLO
OKLO260918C00080000,80.0,27.5,25.65,27.6,25.0,114.0,0.9361578649902342,True,CALL,2026-09-18,OKLO
OKLO260918C00085000,85.0,25.54,24.95,25.7,5.0,328.0,0.9577640942382811,False,CALL,2026-09-18,OKLO
OKLO260918C00090000,90.0,23.94,23.05,23.95,25.0,404.0,0.9523930541992187,False,CALL,2026-09-18,OKLO
OKLO260918C00095000,95.0,21.93,22.0,22.0,54.0,331.0,0.9545902978515625,False,CALL,2026-09-18,OKLO
OKLO260918C00100000,100.0,21.24,19.8,20.75,28.0,339.0,0.9437871832275391,False,CALL,2026-09-18,OKLO
OKLO260918C00105000,105.0,18.98,18.35,20.0,2.0,170.0,0.9522709851074218,False,CALL,2026-09-18,OKLO
OKLO260918C00110000,110.0,18.0,17.2,18.2,2.0,352.0,0.9431158032226561,False,CALL,2026-09-18,OKLO
OKLO260918P00060000,60.0,9.8,9.8,10.3,1.0,93.0,0.8986826538085937,False,PUT,2026-09-18,OKLO
OKLO260918P00065000,65.0,12.1,12.1,12.7,1.0,758.0,0.8981943774414061,False,PUT,2026-09-18,OKLO
OKLO260918P00070000,70.0,14.72,14.45,15.2,6.0,1183.0,0.891480577392578,False,PUT,2026-09-18,OKLO
OKLO260918P00075000,75.0,15.3,17.15,17.9,2.0,273.0,0.8887950573730468,False,PUT,2026-09-18,OKLO
OKLO260918P00080000,80.0,20.5,20.05,20.8,3.0,848.0,0.8869640209960936,False,PUT,2026-09-18,OKLO
OKLO260918P00085000,85.0,21.21,22.9,23.7,36.0,444.0,0.8776257354736328,True,PUT,2026-09-18,OKLO
OKLO260918P00090000,90.0,24.3,26.1,27.05,3.0,260.0,0.8781750463867187,True,PUT,2026-09-18,OKLO
OKLO260918P00095000,95.0,27.5,29.3,30.4,5.0,128.0,0.8732312481689453,True,PUT,2026-09-18,OKLO
OKLO260918P00100000,100.0,38.9,32.75,33.9,1.0,331.0,0.8709729699707032,True,PUT,2026-09-18,OKLO
OKLO260918P00105000,105.0,34.51,36.35,37.25,2.0,65.0,0.8642591699218749,True,PUT,2026-09-18,OKLO
OKLO260918P00110000,110.0,40.58,39.2,41.25,5.0,189.0,0.8516250189208985,True,PUT,2026-09-18,OKLO
OKLO261016C00060000,60.0,39.84,36.75,38.6,2.0,3.0,0.9794923925781251,True,CALL,2026-10-16,OKLO
OKLO261016C00070000,70.0,30.3,32.0,33.25,1.0,27.0,0.9620975469970703,True,CALL,2026-10-16,OKLO
OKLO261016C00075000,75.0,33.6,29.55,31.05,10.0,88.0,0.9521489160156249,True,CALL,2026-10-16,OKLO
OKLO261016C00080000,80.0,32.9,27.25,29.05,1.0,18.0,0.9437261486816406,True,CALL,2026-10-16,OKLO
OKLO261016C00085000,85.0,26.72,26.05,27.05,2.0,11.0,0.951050294189453,False,CALL,2026-10-16,OKLO
OKLO261016C00090000,90.0,25.15,23.2,25.45,6.0,55.0,0.9300544104003907,False,CALL,2026-10-16,OKLO
OKLO261016C00095000,95.0,26.0,22.35,23.95,1.0,12.0,0.943237872314453,False,CALL,2026-10-16,OKLO
OKLO261016C00100000,100.0,22.0,21.2,22.35,7.0,1229.0,0.9448858050537108,False,CALL,2026-10-16,OKLO
OKLO261016C00110000,110.0,20.66,18.65,19.9,1.0,17.0,0.9461675305175781,False,CALL,2026-10-16,OKLO
OKLO261016P00065000,65.0,13.1,12.85,13.5,1.0,0.0,0.8839733282470703,False,PUT,2026-10-16,OKLO
OKLO261016P00070000,70.0,14.27,15.35,16.15,1.0,228.0,0.8816540155029295,False,PUT,2026-10-16,OKLO
OKLO261016P00075000,75.0,18.49,18.15,18.85,1.0,108.0,0.8790295300292967,False,PUT,2026-10-16,OKLO
OKLO261016P00080000,80.0,18.6,20.95,21.7,2.0,4.0,0.8726819372558592,False,PUT,2026-10-16,OKLO
OKLO261016P00085000,85.0,23.5,23.7,24.85,10.0,40.0,0.8654798608398437,True,PUT,2026-10-16,OKLO
OKLO261016P00090000,90.0,25.45,27.2,28.15,1.0,45.0,0.8696302099609375,True,PUT,2026-10-16,OKLO
OKLO261016P00095000,95.0,28.65,30.5,31.6,3.0,31.0,0.8677991735839843,True,PUT,2026-10-16,OKLO
OKLO261016P00100000,100.0,33.1,33.85,34.9,1.0,16.0,0.8598646826171875,True,PUT,2026-10-16,OKLO
OKLO261016P00105000,105.0,36.07,37.3,38.6,,1.0,0.8568129553222656,True,PUT,2026-10-16,OKLO
OKLO261016P00110000,110.0,40.65,41.2,42.5,5.0,5.0,0.8613905462646485,True,PUT,2026-10-16,OKLO
OKLO261120C00065000,65.0,39.05,34.95,37.3,2.0,2.0,0.9570316796874999,True,CALL,2026-11-20,OKLO
OKLO261120C00075000,75.0,32.1,31.1,33.0,15.0,13.0,0.9614261669921874,True,CALL,2026-11-20,OKLO
OKLO261120C00080000,80.0,34.75,28.6,31.05,,24.0,0.9479375323486328,True,CALL,2026-11-20,OKLO
OKLO261120C00085000,85.0,31.98,26.4,28.8,1.0,7.0,0.9304816522216797,False,CALL,2026-11-20,OKLO
OKLO261120C00090000,90.0,27.0,25.5,26.9,2.0,12.0,0.9383551086425781,False,CALL,2026-11-20,OKLO
OKLO261120C00095000,95.0,24.6,24.1,26.55,12.0,11.0,0.959839268798828,False,CALL,2026-11-20,OKLO
OKLO261120C00100000,100.0,27.99,23.0,24.35,2.0,26.0,0.9509892596435545,False,CALL,2026-11-20,OKLO
OKLO261120C00105000,105.0,26.5,21.5,22.95,2.0,59.0,0.9458013232421875,False,CALL,2026-11-20,OKLO
OKLO261120C00110000,110.0,21.6,19.8,21.85,1.0,2.0,0.93945373046875,False,CALL,2026-11-20,OKLO
OKLO261120P00060000,60.0,11.0,11.75,12.45,1.0,3.0,0.8928233374023438,False,PUT,2026-11-20,OKLO
OKLO261120P00065000,65.0,14.64,14.05,14.95,3.0,7.0,0.8868419519042967,False,PUT,2026-11-20,OKLO
OKLO261120P00070000,70.0,16.88,15.9,17.6,1.0,4.0,0.8679822772216796,False,PUT,2026-11-20,OKLO
OKLO261120P00075000,75.0,19.3,18.6,20.35,9.0,11.0,0.862428133544922,False,PUT,2026-11-20,OKLO
OKLO261120P00080000,80.0,22.55,22.6,23.25,3.0,116.0,0.8778088391113281,False,PUT,2026-11-20,OKLO
OKLO261120P00085000,85.0,26.49,25.7,26.25,10.0,11.0,0.8725598681640624,True,PUT,2026-11-20,OKLO
OKLO261120P00090000,90.0,27.15,27.9,29.65,1.0,38.0,0.8543105389404297,True,PUT,2026-11-20,OKLO
OKLO261120P00095000,95.0,33.53,31.2,33.05,5.0,3.0,0.8510146734619142,True,PUT,2026-11-20,OKLO
OKLO261120P00100000,100.0,36.21,34.75,36.7,1.0,0.0,0.8521743298339843,True,PUT,2026-11-20,OKLO
OKLO261218C00060000,60.0,37.17,38.45,41.05,1.0,3.0,0.9711916943359374,True,CALL,2026-12-18,OKLO
OKLO261218C00065000,65.0,40.0,35.9,39.0,1.0,5.0,0.9694827270507812,True,CALL,2026-12-18,OKLO
OKLO261218C00070000,70.0,34.65,33.35,36.45,13.0,96.0,0.9517216741943357,True,CALL,2026-12-18,OKLO
OKLO261218C00075000,75.0,33.0,32.25,33.85,1.0,6.0,0.956055126953125,True,CALL,2026-12-18,OKLO
OKLO261218C00080000,80.0,37.55,30.5,31.7,3.0,25.0,0.9514165014648437,True,CALL,2026-12-18,OKLO
OKLO261218C00085000,85.0,36.1,28.65,31.05,13.0,15.0,0.9668582415771485,False,CALL,2026-12-18,OKLO
OKLO261218C00090000,90.0,33.87,27.1,28.45,27.0,41.0,0.949646499633789,False,CALL,2026-12-18,OKLO
OKLO261218C00095000,95.0,26.9,25.9,27.2,1.0,20.0,0.9577640942382811,False,CALL,2026-12-18,OKLO
OKLO261218C00100000,100.0,23.52,24.5,25.25,3.0,30.0,0.9476933941650392,False,CALL,2026-12-18,OKLO
OKLO261218C00105000,105.0,29.33,22.55,24.6,6.0,12.0,0.9470830487060546,False,CALL,2026-12-18,OKLO
OKLO261218C00110000,110.0,25.83,20.85,23.0,7.0,22.0,0.9326788958740235,False,CALL,2026-12-18,OKLO
OKLO261218P00060000,60.0,12.75,12.55,13.1,2.0,54.0,0.8854991918945312,False,PUT,2026-12-18,OKLO
OKLO261218P00065000,65.0,14.07,14.85,15.8,1.0,21.0,0.8815929809570311,False,PUT,2026-12-18,OKLO
OKLO261218P00070000,70.0,17.1,16.7,18.45,1.0,16.0,0.8613905462646485,False,PUT,2026-12-18,OKLO
OKLO261218P00075000,75.0,19.27,20.55,21.65,2.0,120.0,0.883790224609375,False,PUT,2026-12-18,OKLO
OKLO261218P00080000,80.0,23.7,23.55,24.2,2.0,25.0,0.8723767645263671,False,PUT,2026-12-18,OKLO
OKLO261218P00085000,85.0,27.05,26.65,28.15,2.0,19.0,0.8824474645996092,True,PUT,2026-12-18,OKLO
OKLO261218P00090000,90.0,27.52,29.55,30.5,10.0,38.0,0.8577895080566407,True,PUT,2026-12-18,OKLO
OKLO261218P00095000,95.0,30.45,31.75,35.05,2.0,27.0,0.854615711669922,True,PUT,2026-12-18,OKLO
OKLO261218P00100000,100.0,36.66,35.8,37.75,1.0,7.0,0.8480239807128906,True,PUT,2026-12-18,OKLO
OKLO261218P00105000,105.0,39.72,39.8,41.4,2.0,13.0,0.8524795025634766,True,PUT,2026-12-18,OKLO
OKLO261218P00110000,110.0,41.85,42.85,45.85,15.0,25.0,0.8515029498291016,True,PUT,2026-12-18,OKLO
OKLO270115C00060000,60.0,41.25,39.5,41.75,276.0,760.0,0.9691165197753906,True,CALL,2027-01-15,OKLO
OKLO270115C00065000,65.0,38.28,37.05,39.45,124.0,616.0,0.9620365124511718,True,CALL,2027-01-15,OKLO
OKLO270115C00070000,70.0,36.25,35.55,36.9,120.0,947.0,0.96289099609375,True,CALL,2027-01-15,OKLO
OKLO270115C00075000,75.0,33.75,33.6,34.5,144.0,778.0,0.9530644342041015,True,CALL,2027-01-15,OKLO
OKLO270115C00080000,80.0,32.4,31.8,33.0,75.0,479.0,0.9575809906005859,True,CALL,2027-01-15,OKLO
OKLO270115C00085000,85.0,30.9,30.05,31.05,112.0,1421.0,0.9509892596435545,False,CALL,2027-01-15,OKLO
OKLO270115C00090000,90.0,29.0,28.5,29.7,56.0,843.0,0.954102021484375,False,CALL,2027-01-15,OKLO
OKLO270115C00095000,95.0,28.3,27.05,28.65,7.0,264.0,0.9602054760742187,False,CALL,2027-01-15,OKLO
OKLO270115C00100000,100.0,26.03,25.75,26.55,43.0,1258.0,0.9490361541748047,False,CALL,2027-01-15,OKLO
OKLO270115C00105000,105.0,24.95,24.35,25.4,53.0,10302.0,0.948669946899414,False,CALL,2027-01-15,OKLO
OKLO270115C00110000,110.0,23.5,23.15,24.25,36.0,1585.0,0.9488530505371093,False,CALL,2027-01-15,OKLO
OKLO270115P00060000,60.0,13.35,12.75,13.95,53.0,1132.0,0.871949522705078,False,PUT,2027-01-15,OKLO
OKLO270115P00065000,65.0,14.5,14.6,16.55,33.0,310.0,0.8556532989501953,False,PUT,2027-01-15,OKLO
OKLO270115P00070000,70.0,18.0,17.65,19.3,5.0,942.0,0.8598036480712892,False,PUT,2027-01-15,OKLO
OKLO270115P00075000,75.0,21.95,21.5,22.5,11.0,2330.0,0.879761944580078,False,PUT,2027-01-15,OKLO
OKLO270115P00080000,80.0,24.75,24.05,25.2,8.0,1247.0,0.8623670989990235,False,PUT,2027-01-15,OKLO
OKLO270115P00085000,85.0,27.88,27.25,28.5,56.0,368.0,0.8621839953613282,True,PUT,2027-01-15,OKLO
OKLO270115P00090000,90.0,31.16,30.4,31.85,16.0,552.0,0.8580336462402343,True,PUT,2027-01-15,OKLO
OKLO270115P00095000,95.0,32.25,33.95,35.3,2.0,272.0,0.8581557153320312,True,PUT,2027-01-15,OKLO
OKLO270115P00100000,100.0,38.5,36.35,38.65,2.0,929.0,0.835817071533203,True,PUT,2027-01-15,OKLO
OKLO270115P00105000,105.0,39.72,40.45,42.45,1.0,198.0,0.8436905279541016,True,PUT,2027-01-15,OKLO
OKLO270115P00110000,110.0,44.9,43.95,45.95,6.0,668.0,0.8350236224365233,True,PUT,2027-01-15,OKLO
OKLO271217C00060000,60.0,49.5,48.15,51.0,1.0,392.0,0.9763185961914063,True,CALL,2027-12-17,OKLO
OKLO271217C00065000,65.0,58.0,46.0,48.35,1.0,206.0,0.9528813305664061,True,CALL,2027-12-17,OKLO
OKLO271217C00070000,70.0,50.66,45.4,47.0,10.0,261.0,0.9709475561523437,True,CALL,2027-12-17,OKLO
OKLO271217C00075000,75.0,52.25,43.9,45.85,1.0,435.0,0.9748537670898438,True,CALL,2027-12-17,OKLO
OKLO271217C00080000,80.0,43.01,41.7,44.25,2.0,447.0,0.9602054760742187,True,CALL,2027-12-17,OKLO
OKLO271217C00085000,85.0,42.96,41.15,42.65,2.0,115.0,0.9665530688476562,False,CALL,2027-12-17,OKLO
OKLO271217C00090000,90.0,39.88,39.5,42.15,1.0,153.0,0.9706423834228515,False,CALL,2027-12-17,OKLO
OKLO271217C00095000,95.0,39.99,38.5,40.35,1.0,102.0,0.9646609979248046,False,CALL,2027-12-17,OKLO
OKLO271217C00100000,100.0,38.8,37.85,39.2,4.0,487.0,0.9698489343261718,False,CALL,2027-12-17,OKLO
OKLO271217C00105000,105.0,43.2,36.85,39.0,1.0,86.0,0.9808961871337891,False,CALL,2027-12-17,OKLO
OKLO271217C00110000,110.0,37.25,35.45,37.3,1.0,188.0,0.9674685870361328,False,CALL,2027-12-17,OKLO
OKLO271217P00060000,60.0,21.05,20.55,21.6,2.0,190.0,0.8628553753662109,False,PUT,2027-12-17,OKLO
OKLO271217P00065000,65.0,23.8,23.55,25.35,2.0,48.0,0.8696302099609375,False,PUT,2027-12-17,OKLO
OKLO271217P00070000,70.0,27.35,26.85,27.8,20.0,90.0,0.8579726116943358,False,PUT,2027-12-17,OKLO
OKLO271217P00075000,75.0,28.57,30.15,31.85,11.0,189.0,0.866212275390625,False,PUT,2027-12-17,OKLO
OKLO271217P00080000,80.0,32.7,33.15,34.45,1.0,70.0,0.8480850152587891,False,PUT,2027-12-17,OKLO
OKLO271217P00085000,85.0,36.75,36.4,37.75,10.0,90.0,0.8410050079345703,True,PUT,2027-12-17,OKLO
OKLO271217P00090000,90.0,39.15,39.15,42.15,2.0,46.0,0.8396012133789061,True,PUT,2027-12-17,OKLO
OKLO271217P00095000,95.0,43.27,44.0,46.2,1.0,44.0,0.8575453698730469,True,PUT,2027-12-17,OKLO
OKLO271217P00100000,100.0,46.02,46.85,48.6,2.0,54.0,0.8297746514892577,True,PUT,2027-12-17,OKLO
OKLO271217P00105000,105.0,56.51,51.55,53.7,1.0,110.0,0.8543715734863282,True,PUT,2027-12-17,OKLO
OKLO271217P00110000,110.0,53.52,55.0,56.65,3.0,180.0,0.8378922460937499,True,PUT,2027-12-17,OKLO
OKLO280121C00060000,60.0,50.45,49.1,51.25,160.0,34.0,0.9718630743408203,True,CALL,2028-01-21,OKLO
OKLO280121C00065000,65.0,48.05,46.95,49.1,6.0,1091.0,0.9554447814941407,True,CALL,2028-01-21,OKLO
OKLO280121C00070000,70.0,47.0,46.15,48.5,22.0,138.0,0.9801637725830079,True,CALL,2028-01-21,OKLO
OKLO280121C00075000,75.0,45.02,43.9,46.85,3.0,140.0,0.9650272052001954,True,CALL,2028-01-21,OKLO
OKLO280121C00080000,80.0,44.65,43.15,44.35,7.0,308.0,0.9576115078735351,True,CALL,2028-01-21,OKLO
OKLO280121C00085000,85.0,44.0,41.7,44.3,4.0,162.0,0.9717715225219726,False,CALL,2028-01-21,OKLO
OKLO280121C00090000,90.0,42.0,41.0,42.8,9.0,193.0,0.9743960079956054,False,CALL,2028-01-21,OKLO
OKLO280121C00095000,95.0,47.5,39.25,41.9,5.0,233.0,0.9696658306884764,False,CALL,2028-01-21,OKLO
OKLO280121C00100000,100.0,40.0,37.85,40.1,20.0,567.0,0.9570316796874999,False,CALL,2028-01-21,OKLO
OKLO280121C00105000,105.0,38.0,36.85,39.6,8.0,126.0,0.9640506524658203,False,CALL,2028-01-21,OKLO
OKLO280121C00110000,110.0,37.5,35.95,38.3,1.0,196.0,0.9613651324462891,False,CALL,2028-01-21,OKLO
OKLO280121P00060000,60.0,21.12,21.05,21.9,3.0,590.0,0.8541884698486328,False,PUT,2028-01-21,OKLO
OKLO280121P00065000,65.0,23.62,24.15,25.05,8.0,78.0,0.8527236407470704,False,PUT,2028-01-21,OKLO
OKLO280121P00070000,70.0,27.5,27.4,28.1,1.0,182.0,0.8488174298095703,False,PUT,2028-01-21,OKLO
OKLO280121P00075000,75.0,31.95,30.4,31.5,1.0,280.0,0.8436294934082031,False,PUT,2028-01-21,OKLO
OKLO280121P00080000,80.0,32.48,33.25,34.9,14.0,687.0,0.834413276977539,False,PUT,2028-01-21,OKLO
OKLO280121P00085000,85.0,37.5,37.5,38.25,2.0,101.0,0.8403031106567382,True,PUT,2028-01-21,OKLO
OKLO280121P00090000,90.0,41.69,41.15,43.2,1.0,272.0,0.856019506225586,True,PUT,2028-01-21,OKLO
OKLO280121P00095000,95.0,43.0,43.15,45.55,1.0,295.0,0.8188494677734374,True,PUT,2028-01-21,OKLO
OKLO280121P00100000,100.0,48.7,47.45,49.3,10.0,183.0,0.8244646459960936,True,PUT,2028-01-21,OKLO
OKLO280121P00105000,105.0,50.7,51.2,54.05,3.0,443.0,0.8334672415161131,True,PUT,2028-01-21,OKLO
OKLO280121P00110000,110.0,54.39,55.8,56.7,1.0,37.0,0.8268449932861326,True,PUT,2028-01-21,OKLO
ON260130C00044000,44.0,17.75,17.05,19.15,5.0,5.0,3.6601570996093757,True,CALL,2026-01-30,ON
ON260130C00045000,45.0,16.75,15.75,18.3,2.0,2.0,3.685547661132813,True,CALL,2026-01-30,ON
ON260130C00047000,47.0,18.58,13.8,16.15,3.0,8.0,3.1171897070312498,True,CALL,2026-01-30,ON
ON260130C00048000,48.0,18.24,13.45,15.1,51.0,83.0,2.8750028125,True,CALL,2026-01-30,ON
ON260130C00049000,49.0,17.57,12.45,14.1,50.0,50.0,2.7050813623046874,True,CALL,2026-01-30,ON
ON260130C00050000,50.0,12.82,11.35,13.5,1.0,14.0,2.978518178710937,True,CALL,2026-01-30,ON
ON260130C00051000,51.0,11.55,10.35,12.1,3.0,6.0,2.3671915820312495,True,CALL,2026-01-30,ON
ON260130C00052000,52.0,10.15,9.15,11.15,1.0,2.0,2.2558637353515625,True,CALL,2026-01-30,ON
ON260130C00053000,53.0,9.02,8.0,10.45,1.0,7.0,2.3789103027343748,True,CALL,2026-01-30,ON
ON260130C00054000,54.0,8.12,7.5,9.15,2.0,17.0,1.919922275390625,True,CALL,2026-01-30,ON
ON260130C00055000,55.0,7.36,6.75,8.1,11.0,76.0,1.705079599609375,True,CALL,2026-01-30,ON
ON260130C00056000,56.0,8.6,5.5,7.45,19.0,48.0,1.8339852050781247,True,CALL,2026-01-30,ON
ON260130C00057000,57.0,5.0,5.35,6.15,2.0,51.0,1.0293017285156252,True,CALL,2026-01-30,ON
ON260130C00058000,58.0,4.5,4.15,5.4,7.0,51.0,0.91211025390625,True,CALL,2026-01-30,ON
ON260130C00059000,59.0,3.5,2.55,4.15,1.0,93.0,1.0664109179687502,True,CALL,2026-01-30,ON
ON260130C00060000,60.0,2.8,2.61,3.25,67.0,391.0,0.7304714453125,True,CALL,2026-01-30,ON
ON260130C00061000,61.0,1.82,1.76,2.41,25.0,370.0,0.6513706738281251,True,CALL,2026-01-30,ON
ON260130C00062000,62.0,1.38,1.12,1.71,19.0,1084.0,0.624027197265625,True,CALL,2026-01-30,ON
ON260130C00063000,63.0,0.63,0.52,1.01,12.0,1185.0,0.5371140039062501,False,CALL,2026-01-30,ON
ON260130C00064000,64.0,0.28,0.35,0.45,7.0,559.0,0.5195360546875,False,CALL,2026-01-30,ON
ON260130C00065000,65.0,0.2,0.12,0.3,79.0,3558.0,0.5312546875,False,CALL,2026-01-30,ON
ON260130C00066000,66.0,0.1,0.07,0.15,5.0,1069.0,0.5507857421875001,False,CALL,2026-01-30,ON
ON260130C00067000,67.0,0.09,0.04,0.17,34.0,1839.0,0.6523472265625001,False,CALL,2026-01-30,ON
ON260130C00068000,68.0,0.1,0.03,0.82,102.0,204.0,1.111332568359375,False,CALL,2026-01-30,ON
ON260130C00069000,69.0,0.26,0.0,0.31,10.0,84.0,0.9335944140625,False,CALL,2026-01-30,ON
ON260130C00070000,70.0,0.01,0.0,0.12,6.0,245.0,0.851563984375,False,CALL,2026-01-30,ON
ON260130C00071000,71.0,0.07,0.0,0.62,6.0,44.0,1.3398470507812497,False,CALL,2026-01-30,ON
ON260130P00044000,44.0,0.07,0.0,2.13,1.0,6.0,4.220707849121093,False,PUT,2026-01-30,ON
ON260130P00045000,45.0,0.1,0.0,0.06,2.0,4.0,1.953125234375,False,PUT,2026-01-30,ON
ON260130P00046000,46.0,0.39,0.0,1.65,1.0,3.0,3.529298051757812,False,PUT,2026-01-30,ON
ON260130P00047000,47.0,0.35,0.0,1.2,1.0,3.0,3.048830502929688,False,PUT,2026-01-30,ON
ON260130P00048000,48.0,0.01,0.0,0.95,1.0,6.0,2.699222001953125,False,PUT,2026-01-30,ON
ON260130P00049000,49.0,0.03,0.0,2.13,2.0,20.0,3.2343769140624996,False,PUT,2026-01-30,ON
ON260130P00050000,50.0,0.01,0.0,0.95,1.0,19.0,2.373050942382812,False,PUT,2026-01-30,ON
ON260130P00051000,51.0,0.03,0.0,1.2,24.0,29.0,2.3671915820312495,False,PUT,2026-01-30,ON
ON260130P00052000,52.0,0.01,0.0,0.87,10.0,139.0,2.0019581201171874,False,PUT,2026-01-30,ON
ON260130P00053000,53.0,0.05,0.0,0.75,1.0,18.0,1.7714855175781248,False,PUT,2026-01-30,ON
ON260130P00054000,54.0,0.14,0.01,0.27,3.0,144.0,1.2695349023437497,False,PUT,2026-01-30,ON
ON260130P00055000,55.0,0.06,0.0,0.25,2.0,327.0,1.11328568359375,False,PUT,2026-01-30,ON
ON260130P00056000,56.0,0.07,0.01,0.1,32.0,115.0,0.8359391406249999,False,PUT,2026-01-30,ON
ON260130P00057000,57.0,0.11,0.01,0.2,8.0,216.0,0.8242205078124999,False,PUT,2026-01-30,ON
ON260130P00058000,58.0,0.12,0.01,0.5,9.0,294.0,0.8906260937499999,False,PUT,2026-01-30,ON
ON260130P00059000,59.0,0.18,0.05,0.32,694.0,961.0,0.6718782812500002,False,PUT,2026-01-30,ON
ON260130P00060000,60.0,0.17,0.08,0.25,54.0,791.0,0.5097705273437501,False,PUT,2026-01-30,ON
ON260130P00061000,61.0,0.4,0.19,0.41,20.0,931.0,0.5390671093750001,False,PUT,2026-01-30,ON
ON260130P00062000,62.0,0.7,0.4,0.6,23.0,999.0,0.44922425781249997,False,PUT,2026-01-30,ON
ON260130P00063000,63.0,1.51,0.67,1.91,4.0,2053.0,0.5507857421875001,True,PUT,2026-01-30,ON
ON260130P00064000,64.0,2.0,1.34,2.57,7.0,68.0,0.5546919531250001,True,PUT,2026-01-30,ON
ON260130P00065000,65.0,2.73,1.63,3.5,77.0,250.0,1.0664109179687502,True,PUT,2026-01-30,ON
ON260130P00070000,70.0,5.28,6.9,8.7,1.0,3.0,1.220707021484375,True,PUT,2026-01-30,ON
ON260130P00071000,71.0,7.13,7.9,9.6,,2.0,1.2675817871093749,True,PUT,2026-01-30,ON
ON260206C00046000,46.0,15.71,15.1,17.6,,10.0,1.818360283203125,True,CALL,2026-02-06,ON
ON260206C00047000,47.0,15.8,14.5,16.4,1.0,2.0,1.6181659716796877,True,CALL,2026-02-06,ON
ON260206C00049000,49.0,14.15,12.15,14.4,3.0,5.0,1.4423856005859377,True,CALL,2026-02-06,ON
ON260206C00050000,50.0,12.7,12.7,13.15,5.0,36.0,1.0859420703125,True,CALL,2026-02-06,ON
ON260206C00052000,52.0,10.24,9.5,11.5,1.0,4.0,1.2294960400390624,True,CALL,2026-02-06,ON
ON260206C00053000,53.0,8.8,8.2,10.3,4.0,13.0,1.0546922265625,True,CALL,2026-02-06,ON
ON260206C00054000,54.0,9.5,7.6,9.85,1.0,4.0,0.6669955175781253,True,CALL,2026-02-06,ON
ON260206C00055000,55.0,10.33,6.65,8.45,1.0,52.0,0.9506840869140624,True,CALL,2026-02-06,ON
ON260206C00056000,56.0,8.85,5.75,7.95,19.0,36.0,0.6074258007812501,True,CALL,2026-02-06,ON
ON260206C00057000,57.0,4.79,5.25,6.4,2.0,10.0,0.524418818359375,True,CALL,2026-02-06,ON
ON260206C00058000,58.0,7.67,3.9,6.15,2.0,23.0,0.5380905566406251,True,CALL,2026-02-06,ON
ON260206C00059000,59.0,4.03,3.1,5.35,27.0,22.0,0.5278367529296876,True,CALL,2026-02-06,ON
ON260206C00060000,60.0,3.24,3.4,3.95,4.0,76.0,0.5742230078125,True,CALL,2026-02-06,ON
ON260206C00061000,61.0,2.44,2.69,3.15,8.0,101.0,0.5390671093750001,True,CALL,2026-02-06,ON
ON260206C00062000,62.0,2.75,2.05,2.58,1.0,60.0,0.5273484765625001,True,CALL,2026-02-06,ON
ON260206C00063000,63.0,1.96,1.51,1.97,65.0,70.0,0.5039112109375,False,CALL,2026-02-06,ON
ON260206C00064000,64.0,1.4,1.11,1.66,21.0,52.0,0.5170946728515625,False,CALL,2026-02-06,ON
ON260206C00065000,65.0,0.87,0.92,1.15,19.0,203.0,0.5127001855468749,False,CALL,2026-02-06,ON
ON260206C00066000,66.0,0.8,0.54,1.07,23.0,254.0,0.524418818359375,False,CALL,2026-02-06,ON
ON260206C00067000,67.0,1.27,0.37,0.71,592.0,733.0,0.50586431640625,False,CALL,2026-02-06,ON
ON260206C00068000,68.0,0.96,0.26,0.55,221.0,169.0,0.51562984375,False,CALL,2026-02-06,ON
ON260206C00069000,69.0,0.3,0.18,1.01,5.0,406.0,0.6513706738281251,False,CALL,2026-02-06,ON
ON260206C00070000,70.0,0.3,0.2,0.72,5.0,105.0,0.6533237792968751,False,CALL,2026-02-06,ON
ON260206C00071000,71.0,0.38,0.0,0.96,,1.0,0.7158231542968749,False,CALL,2026-02-06,ON
ON260206C00072000,72.0,0.2,0.03,0.62,3.0,29.0,0.6894562304687502,False,CALL,2026-02-06,ON
ON260206C00075000,75.0,0.45,0.0,0.76,1.0,12.0,0.86132951171875,False,CALL,2026-02-06,ON
ON260206P00044000,44.0,0.05,0.0,0.97,7.0,9.0,1.6015644921874999,False,PUT,2026-02-06,ON
ON260206P00045000,45.0,0.05,0.0,0.85,6.0,50.0,1.470705771484375,False,PUT,2026-02-06,ON
ON260206P00046000,46.0,0.44,0.0,0.65,2.0,1.0,1.3066440917968747,False,PUT,2026-02-06,ON
ON260206P00048000,48.0,0.05,0.0,1.06,1.0,12.0,1.3105503222656247,False,PUT,2026-02-06,ON
ON260206P00049000,49.0,0.25,0.0,2.16,2.0,4.0,1.5322289013671875,False,PUT,2026-02-06,ON
ON260206P00050000,50.0,0.05,0.0,0.64,1.0,104.0,1.009770576171875,False,PUT,2026-02-06,ON
ON260206P00051000,51.0,0.38,0.0,0.72,1.0,9.0,0.9687503125,False,PUT,2026-02-06,ON
ON260206P00052000,52.0,0.05,0.04,1.52,20.0,32.0,1.1279340478515625,False,PUT,2026-02-06,ON
ON260206P00053000,53.0,0.46,0.0,0.77,5.0,35.0,0.840821904296875,False,PUT,2026-02-06,ON
ON260206P00054000,54.0,0.15,0.0,0.76,1.0,7.0,0.7666038964843751,False,PUT,2026-02-06,ON
ON260206P00055000,55.0,0.29,0.05,0.75,4.0,39.0,0.7060576269531251,False,PUT,2026-02-06,ON
ON260206P00056000,56.0,0.29,0.0,0.35,6.0,358.0,0.5029346582031251,False,PUT,2026-02-06,ON
ON260206P00057000,57.0,0.31,0.23,0.42,2.0,115.0,0.524418818359375,False,PUT,2026-02-06,ON
ON260206P00058000,58.0,0.48,0.34,0.53,4.0,51.0,0.5019581054687501,False,PUT,2026-02-06,ON
ON260206P00059000,59.0,0.61,0.51,0.71,15.0,20.0,0.5229539892578124,False,PUT,2026-02-06,ON
ON260206P00060000,60.0,0.97,0.7,0.95,38.0,101.0,0.508793974609375,False,PUT,2026-02-06,ON
ON260206P00061000,61.0,1.58,0.99,1.26,17.0,35.0,0.49561051269531253,False,PUT,2026-02-06,ON
ON260206P00062000,62.0,1.7,1.38,1.64,21.0,61.0,0.4819387744140625,False,PUT,2026-02-06,ON
ON260213C00050000,50.0,12.87,11.8,14.4,5.0,4.0,0.8964854101562498,True,CALL,2026-02-13,ON
ON260213C00051000,51.0,9.61,10.85,13.1,,4.0,0.782228740234375,True,CALL,2026-02-13,ON
ON260213C00052000,52.0,9.95,9.95,12.2,,2.0,0.7675804492187501,True,CALL,2026-02-13,ON
ON260213C00053000,53.0,9.25,9.05,11.7,2.0,5.0,0.8164080859374999,True,CALL,2026-02-13,ON
ON260213C00054000,54.0,9.3,8.25,10.5,1.0,2.0,0.7534204345703125,True,CALL,2026-02-13,ON
ON260213C00055000,55.0,7.64,6.9,9.05,1.0,15.0,0.5576216113281252,True,CALL,2026-02-13,ON
ON260213C00056000,56.0,6.73,6.65,9.2,1.0,2.0,0.7753928710937501,True,CALL,2026-02-13,ON
ON260213C00057000,57.0,6.75,6.1,7.45,2.0,7.0,0.6674837939453127,True,CALL,2026-02-13,ON
ON260213C00058000,58.0,5.42,6.05,6.65,2.0,60.0,0.7299831689453125,True,CALL,2026-02-13,ON
ON260213C00059000,59.0,5.7,5.6,5.7,61.0,176.0,0.7172879833984375,True,CALL,2026-02-13,ON
ON260213C00060000,60.0,4.25,4.65,5.4,2.0,38.0,0.711916943359375,True,CALL,2026-02-13,ON
ON260213C00061000,61.0,4.35,4.35,4.65,10.0,37.0,0.7182645361328125,True,CALL,2026-02-13,ON
ON260213C00062000,62.0,3.95,3.85,4.1,74.0,20.0,0.7160672924804687,True,CALL,2026-02-13,ON
ON260213C00063000,63.0,3.38,3.35,3.7,34.0,117.0,0.719729365234375,False,CALL,2026-02-13,ON
ON260213C00064000,64.0,2.98,2.96,3.25,3.0,354.0,0.7216824707031251,False,CALL,2026-02-13,ON
ON260213C00065000,65.0,2.51,2.57,2.76,1213.0,139.0,0.7114286669921875,False,CALL,2026-02-13,ON
ON260213C00066000,66.0,2.17,2.16,2.45,7.0,108.0,0.70898728515625,False,CALL,2026-02-13,ON
ON260213C00067000,67.0,1.78,1.84,2.11,4.0,38.0,0.7053252124023439,False,CALL,2026-02-13,ON
ON260213C00068000,68.0,1.85,1.56,1.8,32.0,117.0,0.70117486328125,False,CALL,2026-02-13,ON
ON260213C00069000,69.0,1.4,1.32,1.56,2.0,49.0,0.7016631396484375,False,CALL,2026-02-13,ON
ON260213C00070000,70.0,1.19,1.08,1.32,27.0,124.0,0.6953155468750001,False,CALL,2026-02-13,ON
ON260213C00073000,73.0,1.47,0.0,0.89,1.0,3.0,0.6015664843750002,False,CALL,2026-02-13,ON
ON260213C00075000,75.0,0.54,0.33,1.45,2.0,12.0,0.8271501660156249,False,CALL,2026-02-13,ON
ON260213C00080000,80.0,0.2,0.0,0.95,,35.0,0.850587431640625,False,CALL,2026-02-13,ON
ON260213P00044000,44.0,0.05,0.0,0.95,,2.0,1.1953165234375,False,PUT,2026-02-13,ON
ON260213P00045000,45.0,0.16,0.0,0.95,20.0,21.0,1.1328168359375002,False,PUT,2026-02-13,ON
ON260213P00046000,46.0,0.4,0.0,2.21,1.0,11.0,1.3662141064453124,False,PUT,2026-02-13,ON
ON260213P00047000,47.0,0.51,0.0,1.38,3.0,4.0,1.12109814453125,False,PUT,2026-02-13,ON
ON260213P00048000,48.0,0.47,0.0,2.0,1.0,14.0,1.1865275048828123,False,PUT,2026-02-13,ON
ON260213P00049000,49.0,0.34,0.0,1.08,1.0,25.0,0.928711650390625,False,PUT,2026-02-13,ON
ON260213P00050000,50.0,0.36,0.03,0.35,6.0,28.0,0.6728548339843752,False,PUT,2026-02-13,ON
ON260213P00051000,51.0,0.51,0.0,2.4,1.0,45.0,1.0546922265625,False,PUT,2026-02-13,ON
ON260213P00052000,52.0,0.53,0.0,2.3,2.0,12.0,0.9707034179687499,False,PUT,2026-02-13,ON
ON260213P00053000,53.0,0.55,0.42,1.38,1.0,9.0,0.8251970605468748,False,PUT,2026-02-13,ON
ON260213P00054000,54.0,0.73,0.0,2.75,1.0,8.0,0.901368173828125,False,PUT,2026-02-13,ON
ON260213P00055000,55.0,0.92,0.01,1.06,3.0,17.0,0.5800823242187501,False,PUT,2026-02-13,ON
ON260213P00056000,56.0,1.11,0.95,1.12,7.0,108.0,0.6723665576171877,False,PUT,2026-02-13,ON
ON260213P00057000,57.0,1.37,1.05,1.37,2.0,5.0,0.6513706738281251,False,PUT,2026-02-13,ON
ON260213P00058000,58.0,1.66,1.45,1.64,3.0,16.0,0.6606479248046876,False,PUT,2026-02-13,ON
ON260213P00059000,59.0,1.9,1.76,1.97,8.0,25.0,0.6562534375000001,False,PUT,2026-02-13,ON
ON260213P00060000,60.0,2.31,2.09,2.36,3.0,23.0,0.6508823974609376,False,PUT,2026-02-13,ON
ON260213P00061000,61.0,2.88,2.52,2.81,1210.0,35.0,0.6523472265625001,False,PUT,2026-02-13,ON
ON260213P00062000,62.0,3.25,3.0,3.25,30.0,320.0,0.648441015625,False,PUT,2026-02-13,ON
ON260213P00063000,63.0,3.85,3.55,3.8,7.0,136.0,0.6528355029296876,True,PUT,2026-02-13,ON
ON260213P00064000,64.0,4.3,4.05,4.35,9.0,42.0,0.6435582519531251,True,PUT,2026-02-13,ON
ON260213P00065000,65.0,4.9,4.65,5.6,6.0,36.0,0.7036162451171876,True,PUT,2026-02-13,ON
ON260220C00050000,50.0,16.9,11.95,13.85,13.0,141.0,0.6684603466796877,True,CALL,2026-02-20,ON
ON260220C00052000,52.0,10.2,10.3,11.75,1.0,8.0,0.62305064453125,True,CALL,2026-02-20,ON
ON260220C00055000,55.0,10.0,7.35,9.15,1.0,463.0,0.5434615966796876,True,CALL,2026-02-20,ON
ON260220C00057000,57.0,5.85,6.85,7.75,,7.0,0.6626010302734376,True,CALL,2026-02-20,ON
ON260220C00058000,58.0,5.0,6.3,7.05,,3.0,0.6694368994140626,True,CALL,2026-02-20,ON
ON260220C00059000,59.0,5.52,5.35,6.2,,2.0,0.6203651245117189,True,CALL,2026-02-20,ON
ON260220C00060000,60.0,5.2,5.35,5.55,21.0,4697.0,0.6657748266601564,True,CALL,2026-02-20,ON
ON260220C00061000,61.0,6.85,4.35,5.15,1.0,71.0,0.6401403173828125,True,CALL,2026-02-20,ON
ON260220C00062000,62.0,4.35,3.75,4.55,4.0,51.0,0.6254920263671876,True,CALL,2026-02-20,ON
ON260220C00063000,63.0,3.55,3.25,4.05,7.0,75.0,0.6203651245117189,False,CALL,2026-02-20,ON
ON260220C00064000,64.0,4.65,2.83,3.55,4.0,10.0,0.6152382226562501,False,CALL,2026-02-20,ON
ON260220C00065000,65.0,3.0,2.5,3.35,38.0,1613.0,0.6355016918945313,False,CALL,2026-02-20,ON
ON260220C00066000,66.0,3.51,2.07,2.79,5.0,69.0,0.6123085644531252,False,CALL,2026-02-20,ON
ON260220C00067000,67.0,2.06,2.03,2.4,15.0,34.0,0.6293982373046876,False,CALL,2026-02-20,ON
ON260220C00068000,68.0,1.73,1.54,2.09,53.0,2228.0,0.6091347680664063,False,CALL,2026-02-20,ON
ON260220C00069000,69.0,2.77,1.22,1.87,2.0,64.0,0.6054726953125001,False,CALL,2026-02-20,ON
ON260220C00070000,70.0,1.34,1.3,1.58,2.0,621.0,0.6279334082031252,False,CALL,2026-02-20,ON
ON260220C00071000,71.0,1.4,0.82,1.44,16.0,44.0,0.6044961425781252,False,CALL,2026-02-20,ON
ON260220C00072000,72.0,0.92,0.75,1.2,1.0,26.0,0.6076699389648439,False,CALL,2026-02-20,ON
ON260220C00073000,73.0,0.77,0.5,1.05,5.0,3508.0,0.5942423388671876,False,CALL,2026-02-20,ON
ON260220C00075000,75.0,1.02,0.44,0.92,21.0,367.0,0.6337927246093751,False,CALL,2026-02-20,ON
ON260220C00080000,80.0,0.21,0.02,0.75,2.0,210.0,0.6748079394531252,False,CALL,2026-02-20,ON
ON260220P00045000,45.0,0.1,0.0,0.2,4.0,173.0,0.6875031250000001,False,PUT,2026-02-20,ON
ON260220P00049000,49.0,0.61,0.05,0.76,,1.0,0.7172879833984375,False,PUT,2026-02-20,ON
ON260220P00050000,50.0,0.4,0.2,0.51,150.0,403.0,0.648441015625,False,PUT,2026-02-20,ON
ON260220P00051000,51.0,0.44,0.16,0.73,1.0,5.0,0.64062859375,False,PUT,2026-02-20,ON
ON260220P00052000,52.0,0.62,0.34,0.92,151.0,111.0,0.6586948193359375,False,PUT,2026-02-20,ON
ON260220P00053000,53.0,0.83,0.59,1.11,2.0,51.0,0.6743196630859377,False,PUT,2026-02-20,ON
ON260220P00054000,54.0,0.91,0.64,1.19,1.0,4.0,0.6391637646484375,False,PUT,2026-02-20,ON
ON260220P00055000,55.0,0.74,0.9,1.11,27.0,689.0,0.6079140771484376,False,PUT,2026-02-20,ON
ON260220P00056000,56.0,1.38,1.1,1.61,1.0,3.0,0.631839619140625,False,PUT,2026-02-20,ON
ON260220P00057000,57.0,1.12,1.35,1.77,5.0,8.0,0.6149940844726562,False,PUT,2026-02-20,ON
ON260220P00058000,58.0,1.31,1.52,2.15,1.0,8.0,0.6062051098632814,False,PUT,2026-02-20,ON
ON260220P00059000,59.0,2.6,1.99,2.4,20.0,24.0,0.6062051098632814,False,PUT,2026-02-20,ON
ON260220P00060000,60.0,2.61,2.38,2.82,11.0,3079.0,0.6066933862304689,False,PUT,2026-02-20,ON
ON260220P00061000,61.0,3.08,2.73,3.3,2.0,83.0,0.6015664843750002,False,PUT,2026-02-20,ON
ON260220P00062000,62.0,3.55,3.25,3.7,2.0,53.0,0.5971719970703125,False,PUT,2026-02-20,ON
ON260220P00063000,63.0,2.96,3.7,4.2,7.0,8.0,0.5883830224609375,True,PUT,2026-02-20,ON
ON260220P00065000,65.0,3.95,4.8,5.35,33.0,73.0,0.5786174951171875,True,PUT,2026-02-20,ON
ON260220P00070000,70.0,8.35,7.9,9.25,1.0,4.0,0.5539595385742189,True,PUT,2026-02-20,ON
ON260220P00075000,75.0,14.61,12.15,14.1,3.0,4.0,0.6181678808593751,True,PUT,2026-02-20,ON
ON260227C00050000,50.0,11.45,12.05,14.4,,1.0,0.6967803759765626,True,CALL,2026-02-27,ON
ON260227C00051000,51.0,10.37,10.95,13.5,,1.0,0.6513706738281251,True,CALL,2026-02-27,ON
ON260227C00055000,55.0,7.5,7.65,10.15,1.0,1.0,0.6147499462890625,True,CALL,2026-02-27,ON
ON260227C00057000,57.0,6.5,6.2,7.9,2.0,5.0,0.5385788330078126,True,CALL,2026-02-27,ON
ON260227C00058000,58.0,6.4,6.65,7.25,3.0,11.0,0.6315954809570312,True,CALL,2026-02-27,ON
ON260227C00059000,59.0,4.9,5.0,6.55,4.0,5.0,0.5446822875976562,True,CALL,2026-02-27,ON
ON260227C00060000,60.0,5.44,5.4,6.05,10.0,5.0,0.6247596118164063,True,CALL,2026-02-27,ON
ON260227C00061000,61.0,7.17,4.9,5.35,2.0,3.0,0.6157264990234376,True,CALL,2026-02-27,ON
ON260227C00062000,62.0,4.28,4.45,4.8,1.0,14.0,0.6157264990234376,True,CALL,2026-02-27,ON
ON260227C00063000,63.0,3.95,3.95,4.25,9.0,4.0,0.6074258007812501,False,CALL,2026-02-27,ON
ON260227C00064000,64.0,3.5,3.5,3.85,27.0,8.0,0.6079140771484376,False,CALL,2026-02-27,ON
ON260227C00065000,65.0,3.1,3.05,3.45,123.0,6.0,0.6035195898437502,False,CALL,2026-02-27,ON
ON260227C00066000,66.0,2.75,2.71,3.05,1.0,2.0,0.6020547607421877,False,CALL,2026-02-27,ON
ON260227C00067000,67.0,3.7,2.37,2.7,4.0,30.0,0.5993692407226563,False,CALL,2026-02-27,ON
ON260227C00068000,68.0,2.14,2.07,3.5,2.0,7.0,0.6811555322265627,False,CALL,2026-02-27,ON
ON260227C00069000,69.0,2.6,0.67,2.24,3.0,5.0,0.51562984375,False,CALL,2026-02-27,ON
ON260227C00070000,70.0,2.1,1.6,1.87,6.0,64.0,0.6001016552734376,False,CALL,2026-02-27,ON
ON260227C00072000,72.0,1.72,1.13,1.55,,1.0,0.6025430371093752,False,CALL,2026-02-27,ON
ON260227C00073000,73.0,0.66,0.82,2.75,1.0,1.0,0.7153348779296875,False,CALL,2026-02-27,ON
ON260227C00075000,75.0,1.19,0.0,3.1,7.0,20.0,0.7377955908203124,False,CALL,2026-02-27,ON
ON260227P00045000,45.0,0.3,0.11,0.28,10.0,20.0,0.6796907031250001,False,PUT,2026-02-27,ON
ON260227P00048000,48.0,1.08,0.0,2.2,1.0,2.0,0.8940440283203124,False,PUT,2026-02-27,ON
ON260227P00049000,49.0,0.49,0.0,2.2,1.0,63.0,0.8437515624999999,False,PUT,2026-02-27,ON
ON260227P00050000,50.0,1.15,0.25,2.61,1.0,22.0,0.87500125,False,PUT,2026-02-27,ON
ON260227P00051000,51.0,1.04,0.0,2.7,1.0,7.0,0.804689453125,False,PUT,2026-02-27,ON
ON260227P00052000,52.0,1.2,0.0,1.97,1.0,13.0,0.6694368994140626,False,PUT,2026-02-27,ON
ON260227P00053000,53.0,1.05,0.71,2.75,1.0,7.0,0.7817404638671875,False,PUT,2026-02-27,ON
ON260227P00054000,54.0,1.17,0.0,3.1,1.0,5.0,0.6928741650390625,False,PUT,2026-02-27,ON
ON260227P00055000,55.0,1.12,1.01,1.3,2.0,7.0,0.5629926513671876,False,PUT,2026-02-27,ON
ON260227P00056000,56.0,1.05,1.31,1.52,1.0,4.0,0.5637250659179689,False,PUT,2026-02-27,ON
ON260227P00057000,57.0,1.7,1.59,1.81,12.0,2.0,0.5622602368164062,False,PUT,2026-02-27,ON
ON260227P00058000,58.0,1.92,1.91,2.1,1.0,0.0,0.5578657495117189,False,PUT,2026-02-27,ON
ON260227P00059000,59.0,1.65,2.25,2.47,1.0,4.0,0.5556685058593751,False,PUT,2026-02-27,ON
ON260227P00060000,60.0,1.74,2.65,2.87,2.0,5.0,0.5542036767578126,False,PUT,2026-02-27,ON
ON260227P00061000,61.0,3.4,3.05,3.3,208.0,12.0,0.549076774902344,False,PUT,2026-02-27,ON
ON260227P00066000,66.0,5.5,5.75,6.0,,1.0,0.5268602001953125,True,PUT,2026-02-27,ON
ON260227P00070000,70.0,9.69,8.4,9.15,1.0,1.0,0.5190477783203125,True,PUT,2026-02-27,ON
ON260306C00058000,58.0,9.9,6.95,7.5,2.0,2.0,0.6079140771484376,True,CALL,2026-03-06,ON
ON260306C00060000,60.0,7.65,5.6,6.45,1.0,8.0,0.6022988989257814,True,CALL,2026-03-06,ON
ON260306C00063000,63.0,4.23,4.0,4.65,6.0,11.0,0.5751995605468749,False,CALL,2026-03-06,ON
ON260306C00070000,70.0,2.5,1.57,2.97,1.0,1.0,0.6176796044921876,False,CALL,2026-03-06,ON
ON260320C00044000,44.0,22.11,17.7,19.75,2.0,27.0,0.5742230078125,True,CALL,2026-03-20,ON
ON260320C00045000,45.0,18.07,17.8,18.95,2.0,329.0,0.7524438818359375,True,CALL,2026-03-20,ON
ON260320C00046000,46.0,19.6,16.15,17.85,172.0,196.0,0.6127968408203126,True,CALL,2026-03-20,ON
ON260320C00047000,47.0,15.15,15.0,17.0,2.0,387.0,0.579105771484375,True,CALL,2026-03-20,ON
ON260320C00048000,48.0,15.18,14.15,16.05,1.0,68.0,0.5727581787109376,True,CALL,2026-03-20,ON
ON260320C00049000,49.0,14.98,13.55,15.0,1.0,46.0,0.5805706005859376,True,CALL,2026-03-20,ON
ON260320C00050000,50.0,14.56,13.75,14.25,1.0,446.0,0.6860382958984376,True,CALL,2026-03-20,ON
ON260320C00055000,55.0,9.85,9.6,10.1,2.0,3357.0,0.6054726953125001,True,CALL,2026-03-20,ON
ON260320C00060000,60.0,6.67,6.5,6.75,74.0,3447.0,0.5803264624023439,True,CALL,2026-03-20,ON
ON260320C00065000,65.0,3.95,4.05,4.3,59.0,1518.0,0.5627485131835939,False,CALL,2026-03-20,ON
ON260320C00070000,70.0,2.27,2.4,2.59,21.0,2709.0,0.5529829858398438,False,CALL,2026-03-20,ON
ON260320C00075000,75.0,1.39,1.34,1.52,4.0,1161.0,0.5483443603515626,False,CALL,2026-03-20,ON
ON260320C00080000,80.0,0.78,0.58,1.07,2.0,783.0,0.5529829858398438,False,CALL,2026-03-20,ON
ON260320P00044000,44.0,0.4,0.13,0.44,1.0,114.0,0.594730615234375,False,PUT,2026-03-20,ON
ON260320P00045000,45.0,0.3,0.18,0.53,2.0,3188.0,0.5918009570312501,False,PUT,2026-03-20,ON
ON260320P00046000,46.0,0.57,0.36,0.61,1.0,215.0,0.6035195898437502,False,PUT,2026-03-20,ON
ON260320P00047000,47.0,0.48,0.43,0.89,47.0,425.0,0.6196327099609377,False,PUT,2026-03-20,ON
ON260320P00048000,48.0,0.68,0.53,0.8,20.0,255.0,0.585941640625,False,PUT,2026-03-20,ON
ON260320P00049000,49.0,0.93,0.63,0.93,1.0,397.0,0.5786174951171875,False,PUT,2026-03-20,ON
ON260320P00050000,50.0,0.99,0.75,1.07,1.0,979.0,0.5712933496093751,False,PUT,2026-03-20,ON
ON260320P00055000,55.0,1.75,1.79,1.9,11.0,2773.0,0.5339402075195312,False,PUT,2026-03-20,ON
ON260320P00060000,60.0,3.6,3.45,3.6,824.0,621.0,0.5114794946289063,False,PUT,2026-03-20,ON
ON260320P00065000,65.0,5.05,6.0,6.25,343.0,410.0,0.5019581054687501,True,PUT,2026-03-20,ON
ON260320P00070000,70.0,8.15,9.15,10.45,19.0,139.0,0.5280808911132813,True,PUT,2026-03-20,ON
ON260320P00075000,75.0,27.61,13.9,15.4,10.0,0.0,0.6459996337890624,True,PUT,2026-03-20,ON
ON260320P00080000,80.0,23.63,17.3,19.15,1.0,1.0,0.5302781347656251,True,PUT,2026-03-20,ON
ON260417C00044000,44.0,13.6,18.0,20.15,13.0,23.0,0.567387138671875,True,CALL,2026-04-17,ON
ON260417C00045000,45.0,17.48,17.35,19.25,1.0,33.0,0.5893595751953126,True,CALL,2026-04-17,ON
ON260417C00046000,46.0,16.85,16.6,18.35,4.0,144.0,0.5932657861328126,True,CALL,2026-04-17,ON
ON260417C00047000,47.0,16.0,15.65,17.5,4.0,90.0,0.5800823242187501,True,CALL,2026-04-17,ON
ON260417C00048000,48.0,18.5,14.85,16.65,6.0,36.0,0.5778850805664062,True,CALL,2026-04-17,ON
ON260417C00049000,49.0,14.9,14.05,15.8,1.0,25.0,0.5727581787109376,True,CALL,2026-04-17,ON
ON260417C00050000,50.0,13.65,13.2,15.35,3.0,88.0,0.5891154370117189,True,CALL,2026-04-17,ON
ON260417C00055000,55.0,13.1,10.1,11.0,1.0,504.0,0.5607954077148438,True,CALL,2026-04-17,ON
ON260417C00060000,60.0,7.15,7.45,7.65,45.0,987.0,0.5495650512695314,True,CALL,2026-04-17,ON
ON260417C00065000,65.0,4.82,5.0,5.2,100.0,1417.0,0.5319871020507813,False,CALL,2026-04-17,ON
ON260417C00070000,70.0,3.26,3.25,3.5,77.0,1581.0,0.5262498547363281,False,CALL,2026-04-17,ON
ON260417C00075000,75.0,2.06,2.07,2.22,24.0,384.0,0.5197801928710937,False,CALL,2026-04-17,ON
ON260417C00080000,80.0,1.33,1.28,1.44,11.0,238.0,0.5197801928710937,False,CALL,2026-04-17,ON
ON260417P00044000,44.0,0.74,0.32,0.72,5.0,306.0,0.5498091894531252,False,PUT,2026-04-17,ON
ON260417P00045000,45.0,0.41,0.4,0.82,2.0,210.0,0.5434615966796876,False,PUT,2026-04-17,ON
ON260417P00046000,46.0,1.59,0.66,0.92,9.0,126.0,0.5542036767578126,False,PUT,2026-04-17,ON
ON260417P00047000,47.0,0.69,0.78,1.04,1.0,1157.0,0.5478560839843751,False,PUT,2026-04-17,ON
ON260417P00048000,48.0,0.8,0.91,1.19,10.0,317.0,0.5424850439453126,False,PUT,2026-04-17,ON
ON260417P00049000,49.0,1.28,1.05,1.37,656.0,628.0,0.5376022802734376,False,PUT,2026-04-17,ON
ON260417P00050000,50.0,1.28,1.22,1.44,1.0,1355.0,0.524418818359375,False,PUT,2026-04-17,ON
ON260417P00055000,55.0,2.51,2.43,2.56,345.0,1167.0,0.5004932763671875,False,PUT,2026-04-17,ON
ON260417P00060000,60.0,4.3,4.2,4.4,133.0,627.0,0.4897511962890626,False,PUT,2026-04-17,ON
ON260417P00065000,65.0,7.03,6.7,6.95,66.0,488.0,0.47461462890625,True,PUT,2026-04-17,ON
ON260417P00070000,70.0,8.7,10.0,10.2,29.0,118.0,0.4624077197265626,True,PUT,2026-04-17,ON
ON260417P00075000,75.0,25.85,26.8,30.1,,3.0,1.74609501953125,True,PUT,2026-04-17,ON
ON260618C00045000,45.0,18.9,18.6,20.5,1.0,219.0,0.6030313134765627,True,CALL,2026-06-18,ON
ON260618C00047000,47.0,15.91,17.0,19.2,1.0,98.0,0.6052285571289064,True,CALL,2026-06-18,ON
ON260618C00050000,50.0,14.7,14.75,16.7,7.0,1807.0,0.5772747351074219,True,CALL,2026-06-18,ON
ON260618C00055000,55.0,14.58,12.25,12.85,2.0,206.0,0.5717816259765626,True,CALL,2026-06-18,ON
ON260618C00060000,60.0,9.72,9.6,9.95,3.0,983.0,0.5609174768066407,True,CALL,2026-06-18,ON
ON260618C00065000,65.0,7.32,7.3,7.7,8.0,1563.0,0.5531050549316407,False,CALL,2026-06-18,ON
ON260618C00070000,70.0,5.45,5.5,5.65,20.0,1136.0,0.5405319384765627,False,CALL,2026-06-18,ON
ON260618C00075000,75.0,4.0,3.9,4.2,4.0,578.0,0.5288133056640626,False,CALL,2026-06-18,ON
ON260618C00080000,80.0,2.67,2.86,3.2,5.0,610.0,0.5299119274902344,False,CALL,2026-06-18,ON
ON260618P00045000,45.0,1.51,1.3,1.65,19.0,2076.0,0.5329636547851562,False,PUT,2026-06-18,ON
ON260618P00047000,47.0,2.13,1.7,2.05,15.0,392.0,0.5275926147460939,False,PUT,2026-06-18,ON
ON260618P00050000,50.0,2.4,2.47,2.69,4.0,3294.0,0.51758294921875,False,PUT,2026-06-18,ON
ON260618P00055000,55.0,4.05,3.9,4.15,6.0,1687.0,0.5031787963867188,False,PUT,2026-06-18,ON
ON260618P00060000,60.0,5.4,5.95,6.25,12.0,106.0,0.4910939562988281,False,PUT,2026-06-18,ON
ON260618P00065000,65.0,7.53,8.5,8.8,9.0,128.0,0.47485876708984376,True,PUT,2026-06-18,ON
ON260618P00070000,70.0,10.6,11.6,12.4,30.0,111.0,0.4953663745117188,True,PUT,2026-06-18,ON
ON260618P00075000,75.0,27.36,27.05,29.5,,2.0,1.295535748901367,True,PUT,2026-06-18,ON
ON260618P00080000,80.0,20.35,19.05,20.45,10.0,12.0,0.5228319201660157,True,PUT,2026-06-18,ON
ON260717C00044000,44.0,18.92,19.8,22.0,,10.0,0.6112099426269533,True,CALL,2026-07-17,ON
ON260717C00045000,45.0,18.74,19.0,21.25,,12.0,0.6066933862304689,True,CALL,2026-07-17,ON
ON260717C00048000,48.0,18.5,16.7,18.8,23.0,32.0,0.5817912915039063,True,CALL,2026-07-17,ON
ON260717C00049000,49.0,16.1,15.95,18.15,2.0,10.0,0.5793499096679688,True,CALL,2026-07-17,ON
ON260717C00050000,50.0,16.0,15.95,17.1,11.0,17.0,0.5893595751953126,True,CALL,2026-07-17,ON
ON260717C00055000,55.0,14.75,12.9,13.65,2.0,20.0,0.5697064514160157,True,CALL,2026-07-17,ON
ON260717C00060000,60.0,11.95,9.95,10.75,1.0,55.0,0.5461471166992189,True,CALL,2026-07-17,ON
ON260717C00065000,65.0,7.8,7.55,8.45,11.0,26.0,0.53320779296875,False,CALL,2026-07-17,ON
ON260717C00070000,70.0,5.93,5.7,6.45,18.0,12.0,0.5219774365234374,False,CALL,2026-07-17,ON
ON260717C00075000,75.0,4.62,4.1,5.1,1.0,8.0,0.5162401892089843,False,CALL,2026-07-17,ON
ON260717C00080000,80.0,3.68,2.99,3.95,,21.0,0.5128222546386718,False,CALL,2026-07-17,ON
ON260717P00044000,44.0,2.7,1.41,1.81,,10.0,0.5246629565429688,False,PUT,2026-07-17,ON
ON260717P00045000,45.0,2.15,1.17,2.16,10.0,10.0,0.5065967309570312,False,PUT,2026-07-17,ON
ON260717P00046000,46.0,2.43,1.35,2.2,2.0,15.0,0.5376022802734376,False,PUT,2026-07-17,ON
ON260717P00047000,47.0,3.63,1.74,2.42,4.0,4.0,0.5007374145507812,False,PUT,2026-07-17,ON
ON260717P00049000,49.0,8.35,0.0,0.0,,1.0,0.062509375,False,PUT,2026-07-17,ON
ON260717P00050000,50.0,2.75,2.57,3.35,3.0,29.0,0.503056727294922,False,PUT,2026-07-17,ON
ON260717P00055000,55.0,3.74,4.3,5.05,15.0,20.0,0.5199022619628906,False,PUT,2026-07-17,ON
ON260717P00060000,60.0,7.7,6.4,7.5,15.0,3.0,0.5238084729003907,False,PUT,2026-07-17,ON
ON260918C00045000,45.0,19.04,20.15,22.45,1.0,52.0,0.6112099426269533,True,CALL,2026-09-18,ON
ON260918C00047000,47.0,18.6,18.65,20.75,2.0,64.0,0.5897257824707032,True,CALL,2026-09-18,ON
ON260918C00050000,50.0,17.3,17.6,18.35,5.0,347.0,0.5982706188964844,True,CALL,2026-09-18,ON
ON260918C00055000,55.0,15.09,14.35,15.15,3.0,253.0,0.5711712805175782,True,CALL,2026-09-18,ON
ON260918C00060000,60.0,12.0,11.55,12.45,22.0,180.0,0.5532271240234375,True,CALL,2026-09-18,ON
ON260918C00065000,65.0,9.7,9.25,10.2,2.0,217.0,0.5424850439453126,False,CALL,2026-09-18,ON
ON260918C00070000,70.0,9.16,7.2,8.4,1.0,625.0,0.5329026202392577,False,CALL,2026-09-18,ON
ON260918C00075000,75.0,6.0,5.6,6.85,25.0,72.0,0.5258226129150392,False,CALL,2026-09-18,ON
ON260918C00080000,80.0,5.98,4.35,5.55,3.0,201.0,0.5205126074218749,False,CALL,2026-09-18,ON
ON260918P00045000,45.0,2.76,2.16,2.87,10.0,118.0,0.5079394909667969,False,PUT,2026-09-18,ON
ON260918P00047000,47.0,2.96,2.87,3.4,50.0,1318.0,0.510869149169922,False,PUT,2026-09-18,ON
ON260918P00050000,50.0,3.67,3.7,4.9,11.0,637.0,0.5208788146972656,False,PUT,2026-09-18,ON
ON260918P00055000,55.0,5.3,5.4,6.15,1.0,142.0,0.5074512145996093,False,PUT,2026-09-18,ON
ON260918P00060000,60.0,8.21,7.6,8.5,1.0,186.0,0.500005,False,PUT,2026-09-18,ON
ON260918P00065000,65.0,9.46,10.2,11.7,10.0,62.0,0.5153857055664062,True,PUT,2026-09-18,ON
ON260918P00070000,70.0,22.98,24.25,25.65,2.0,3.0,1.0225268600463866,True,PUT,2026-09-18,ON
ON260918P00075000,75.0,18.25,16.65,18.0,2.0,9.0,0.4877370562744141,True,PUT,2026-09-18,ON
ON260918P00080000,80.0,32.2,32.05,34.55,2.0,3.0,1.0727585424804689,True,PUT,2026-09-18,ON
ON261218C00045000,45.0,19.98,21.35,23.7,2.0,198.0,0.59570716796875,True,CALL,2026-12-18,ON
ON261218C00050000,50.0,17.36,19.15,20.1,1.0,87.0,0.5964395825195312,True,CALL,2026-12-18,ON
ON261218C00055000,55.0,18.0,16.15,17.15,3.0,92.0,0.5762371478271484,True,CALL,2026-12-18,ON
ON261218C00060000,60.0,14.0,13.5,15.2,4.0,814.0,0.5747112841796875,True,CALL,2026-12-18,ON
ON261218C00065000,65.0,11.85,11.15,12.25,27.0,165.0,0.5451095294189454,False,CALL,2026-12-18,ON
ON261218C00070000,70.0,8.4,9.2,10.6,4.0,19.0,0.5413253875732424,False,CALL,2026-12-18,ON
ON261218C00075000,75.0,9.7,7.5,9.0,1.0,97.0,0.5333298620605469,False,CALL,2026-12-18,ON
ON261218C00080000,80.0,7.5,6.1,7.6,4.0,52.0,0.5264939929199219,False,CALL,2026-12-18,ON
ON261218P00045000,45.0,3.39,3.3,4.25,25.0,26.0,0.5158739819335938,False,PUT,2026-12-18,ON
ON261218P00050000,50.0,5.0,4.85,5.45,2.0,317.0,0.5053150054931641,False,PUT,2026-12-18,ON
ON261218P00055000,55.0,8.61,6.75,8.35,1.0,76.0,0.5370529693603516,False,PUT,2026-12-18,ON
ON261218P00060000,60.0,9.24,9.0,9.9,6.0,13.0,0.4865773999023438,False,PUT,2026-12-18,ON
ON261218P00065000,65.0,11.94,11.65,13.35,7.0,158.0,0.5080005255126954,True,PUT,2026-12-18,ON
ON270115C00045000,45.0,25.1,21.7,24.1,7.0,900.0,0.5936319934082033,True,CALL,2027-01-15,ON
ON270115C00047000,47.0,22.2,20.45,23.0,1.0,241.0,0.5942423388671876,True,CALL,2027-01-15,ON
ON270115C00050000,50.0,20.7,19.0,20.6,10.0,646.0,0.581180946044922,True,CALL,2027-01-15,ON
ON270115C00055000,55.0,18.74,16.6,17.55,9.0,568.0,0.5725750750732423,True,CALL,2027-01-15,ON
ON270115C00060000,60.0,14.0,13.95,15.85,10.0,853.0,0.5752605950927734,True,CALL,2027-01-15,ON
ON270115C00065000,65.0,13.92,11.6,13.0,3.0,577.0,0.5479171185302736,False,CALL,2027-01-15,ON
ON270115C00070000,70.0,11.0,9.65,11.1,1.0,1006.0,0.5387619366455079,False,CALL,2027-01-15,ON
ON270115C00075000,75.0,9.8,7.95,9.5,7.0,945.0,0.5311936529541017,False,CALL,2027-01-15,ON
ON270115C00080000,80.0,8.2,6.8,8.1,7.0,2798.0,0.5302781347656251,False,CALL,2027-01-15,ON
ON270115P00045000,45.0,3.64,2.59,4.5,4.0,702.0,0.5394333166503908,False,PUT,2027-01-15,ON
ON270115P00047000,47.0,4.05,4.1,5.7,1.0,595.0,0.5194139855957032,False,PUT,2027-01-15,ON
ON270115P00050000,50.0,5.45,5.05,5.9,10.0,1550.0,0.5083056982421875,False,PUT,2027-01-15,ON
ON270115P00055000,55.0,6.91,6.95,8.5,1.0,1175.0,0.5222215747070311,False,PUT,2027-01-15,ON
ON270115P00060000,60.0,9.62,9.25,10.75,2.0,531.0,0.5034229345703125,False,PUT,2027-01-15,ON
ON270115P00065000,65.0,11.39,11.9,13.3,20.0,26.0,0.485356708984375,True,PUT,2027-01-15,ON
ON270115P00070000,70.0,14.5,14.9,16.65,1.0,22.0,0.488408436279297,True,PUT,2027-01-15,ON
ON270115P00075000,75.0,26.95,17.9,0.0,1.0,238.0,1.0000000000000003e-05,True,PUT,2027-01-15,ON
ON270115P00080000,80.0,34.34,0.0,0.0,1.0,28.0,1.0000000000000003e-05,True,PUT,2027-01-15,ON
ON270219C00060000,60.0,14.7,13.0,16.05,1.0,12.0,0.5330857238769531,True,CALL,2027-02-19,ON
ON270219C00065000,65.0,12.2,11.65,14.0,1.0,5.0,0.5434615966796876,False,CALL,2027-02-19,ON
ON270219C00070000,70.0,10.45,9.65,12.1,1.0,11.0,0.5333298620605469,False,CALL,2027-02-19,ON
ON270219C00075000,75.0,10.26,8.4,10.4,6.0,6.0,0.5329636547851562,False,CALL,2027-02-19,ON
ON270219P00055000,55.0,7.25,7.6,8.3,3.0,2.0,0.48920188537597664,False,PUT,2027-02-19,ON
ON270521C00055000,55.0,18.89,17.9,20.4,38.0,36.0,0.5743450769042968,True,CALL,2027-05-21,ON
ON270521C00060000,60.0,15.48,15.2,18.25,,3.0,0.5621381677246093,True,CALL,2027-05-21,ON
ON270521C00075000,75.0,11.45,9.35,12.05,,2.0,0.5251512329101562,False,CALL,2027-05-21,ON
ON270521C00080000,80.0,8.65,7.5,10.6,,1.0,0.5119677709960937,False,CALL,2027-05-21,ON
ON270521P00045000,45.0,5.15,4.45,6.5,,1.0,0.5127001855468749,False,PUT,2027-05-21,ON
ON270521P00050000,50.0,6.84,6.15,7.3,,1.0,0.4982960327148438,False,PUT,2027-05-21,ON
ON270521P00060000,60.0,10.12,9.75,12.75,1.0,0.0,0.5064136273193358,False,PUT,2027-05-21,ON
ON270820C00055000,55.0,19.5,19.0,21.55,5.0,5.0,0.5679974841308593,True,CALL,2027-08-20,ON
ON270820C00060000,60.0,17.5,16.85,19.4,35.0,35.0,0.5638471350097658,True,CALL,2027-08-20,ON
ON270820C00065000,65.0,15.1,14.75,17.0,10.0,10.0,0.5491988439941409,False,CALL,2027-08-20,ON
ON270820C00070000,70.0,15.87,12.75,15.25,1.0,5.0,0.5410202148437502,False,CALL,2027-08-20,ON
ON270820C00080000,80.0,10.48,9.35,12.05,1.0,1010.0,0.5224657128906249,False,CALL,2027-08-20,ON
ON270820P00050000,50.0,10.0,6.95,9.0,,5.0,0.5251512329101562,False,PUT,2027-08-20,ON
ON280121C00045000,45.0,27.5,26.65,28.95,1.0,37.0,0.6100502862548829,True,CALL,2028-01-21,ON
ON280121C00047000,47.0,20.9,25.2,28.0,14.0,62.0,0.6002237243652344,True,CALL,2028-01-21,ON
ON280121C00050000,50.0,27.56,24.5,26.4,6.0,83.0,0.6076089044189454,True,CALL,2028-01-21,ON
ON280121C00055000,55.0,21.5,21.3,24.0,2.0,56.0,0.5827068096923829,True,CALL,2028-01-21,ON
ON280121C00060000,60.0,19.0,19.0,22.0,3.0,87.0,0.5746502496337891,True,CALL,2028-01-21,ON
ON280121C00065000,65.0,18.0,16.45,20.0,2.0,62.0,0.5576826458740236,False,CALL,2028-01-21,ON
ON280121C00070000,70.0,18.48,15.05,18.0,6.0,28.0,0.5535322967529297,False,CALL,2028-01-21,ON
ON280121C00075000,75.0,13.3,13.2,16.4,2.0,49.0,0.5443160803222657,False,CALL,2028-01-21,ON
ON280121C00080000,80.0,14.3,11.5,14.8,51.0,90.0,0.5333908966064453,False,CALL,2028-01-21,ON
ON280121P00045000,45.0,6.4,5.35,8.3,4.0,11.0,0.530400203857422,False,PUT,2028-01-21,ON
ON280121P00047000,47.0,7.49,7.05,9.1,1.0,33.0,0.5239305419921875,False,PUT,2028-01-21,ON
ON280121P00050000,50.0,8.8,7.25,10.2,2.0,43.0,0.5086108709716797,False,PUT,2028-01-21,ON
ON280121P00055000,55.0,10.65,9.5,12.45,6.0,75.0,0.4929860272216797,False,PUT,2028-01-21,ON
ON280121P00060000,60.0,13.03,11.95,14.55,16.0,13.0,0.4668632415771484,False,PUT,2028-01-21,ON
ON280121P00065000,65.0,22.26,14.5,0.0,,1.0,1.0000000000000003e-05,True,PUT,2028-01-21,ON
ON280121P00070000,70.0,19.5,17.95,20.65,2.0,250.0,0.45526667785644537,True,PUT,2028-01-21,ON
ON280121P00080000,80.0,32.93,0.0,0.0,,9.0,1.0000000000000003e-05,True,PUT,2028-01-21,ON
ONDS260130C00008000,8.0,3.42,3.2,3.75,20.0,688.0,4.0781299023437505,True,CALL,2026-01-30,ONDS
ONDS260130C00008500,8.5,2.85,2.67,3.35,5.0,146.0,3.750000625,True,CALL,2026-01-30,ONDS
ONDS260130C00009000,9.0,2.7,2.19,2.66,8.0,494.0,2.71094072265625,True,CALL,2026-01-30,ONDS
ONDS260130C00009500,9.5,1.8,1.7,2.0,64.0,364.0,1.734376328125,True,CALL,2026-01-30,ONDS
ONDS260130C00010000,10.0,1.5,1.25,1.5,260.0,1784.0,1.4921900390624998,True,CALL,2026-01-30,ONDS
ONDS260130C00010500,10.5,1.07,0.8,0.9,196.0,671.0,0.92187578125,True,CALL,2026-01-30,ONDS
ONDS260130C00011000,11.0,0.47,0.46,0.53,997.0,2450.0,0.992187578125,True,CALL,2026-01-30,ONDS
ONDS260130C00011500,11.5,0.25,0.23,0.26,4155.0,2312.0,1.0039112304687499,False,CALL,2026-01-30,ONDS
ONDS260130C00012000,12.0,0.11,0.1,0.12,11908.0,9699.0,1.0390673046875003,False,CALL,2026-01-30,ONDS
ONDS260130C00012500,12.5,0.05,0.04,0.05,8835.0,12061.0,1.0781296093750001,False,CALL,2026-01-30,ONDS
ONDS260130C00013000,13.0,0.02,0.02,0.03,9999.0,20101.0,1.1875040625,False,CALL,2026-01-30,ONDS
ONDS260130C00013500,13.5,0.01,0.01,0.02,4450.0,13673.0,1.3125034374999998,False,CALL,2026-01-30,ONDS
ONDS260130C00014000,14.0,0.01,0.01,0.02,3860.0,9239.0,1.5000025,False,CALL,2026-01-30,ONDS
ONDS260130C00014500,14.5,0.01,0.0,0.01,549.0,4734.0,1.4375028125,False,CALL,2026-01-30,ONDS
ONDS260130P00008000,8.0,0.02,0.0,0.01,5.0,10146.0,2.000005,False,PUT,2026-01-30,ONDS
ONDS260130P00008500,8.5,0.02,0.0,0.02,32.0,411.0,1.875000625,False,PUT,2026-01-30,ONDS
ONDS260130P00009000,9.0,0.03,0.0,0.03,9.0,15282.0,1.65625171875,False,PUT,2026-01-30,ONDS
ONDS260130P00009500,9.5,0.02,0.01,0.02,256.0,1070.0,1.3125034374999998,False,PUT,2026-01-30,ONDS
ONDS260130P00010000,10.0,0.04,0.02,0.04,5281.0,9336.0,1.140629296875,False,PUT,2026-01-30,ONDS
ONDS260130P00010500,10.5,0.07,0.05,0.08,1805.0,11624.0,0.98437515625,False,PUT,2026-01-30,ONDS
ONDS260130P00011000,11.0,0.2,0.17,0.21,5260.0,8688.0,0.9609378906249999,False,PUT,2026-01-30,ONDS
ONDS260130P00011500,11.5,0.46,0.42,0.48,2691.0,9151.0,1.0039112304687499,True,PUT,2026-01-30,ONDS
ONDS260130P00012000,12.0,0.84,0.76,0.88,2185.0,16789.0,1.0625046875000002,True,PUT,2026-01-30,ONDS
ONDS260130P00012500,12.5,1.29,1.18,1.3,768.0,6997.0,1.000005,True,PUT,2026-01-30,ONDS
ONDS260130P00013000,13.0,1.75,1.68,1.8,998.0,5291.0,1.2812535937499998,True,PUT,2026-01-30,ONDS
ONDS260130P00013500,13.5,1.99,2.15,2.31,101.0,1215.0,1.4375028125,True,PUT,2026-01-30,ONDS
ONDS260130P00014000,14.0,2.75,2.59,2.93,75.0,1353.0,1.953125234375,True,PUT,2026-01-30,ONDS
ONDS260130P00014500,14.5,2.08,2.67,3.4,57.0,194.0,3.0468773828125,True,PUT,2026-01-30,ONDS
ONDS260206C00008000,8.0,4.01,3.1,3.85,15.0,52.0,1.9218753906250001,True,CALL,2026-02-06,ONDS
ONDS260206C00008500,8.5,2.64,2.66,3.4,6.0,40.0,1.8203133984375,True,CALL,2026-02-06,ONDS
ONDS260206C00009000,9.0,2.65,2.3,2.65,17.0,127.0,1.421877890625,True,CALL,2026-02-06,ONDS
ONDS260206C00009500,9.5,2.22,1.87,2.22,33.0,212.0,1.3359408203124996,True,CALL,2026-02-06,ONDS
ONDS260206C00010000,10.0,1.7,1.46,1.7,95.0,196.0,1.1484417578125,True,CALL,2026-02-06,ONDS
ONDS260206C00010500,10.5,1.26,1.17,1.29,103.0,273.0,1.126957490234375,True,CALL,2026-02-06,ONDS
ONDS260206C00011000,11.0,0.92,0.92,0.97,2218.0,788.0,1.1308637207031251,True,CALL,2026-02-06,ONDS
ONDS260206C00011500,11.5,0.69,0.68,0.73,2626.0,818.0,1.126957490234375,False,CALL,2026-02-06,ONDS
ONDS260206C00012000,12.0,0.5,0.5,0.53,5060.0,3208.0,1.125004375,False,CALL,2026-02-06,ONDS
ONDS260206C00012500,12.5,0.37,0.35,0.37,1791.0,3683.0,1.111332568359375,False,CALL,2026-02-06,ONDS
ONDS260206C00013000,13.0,0.27,0.25,0.28,4858.0,7384.0,1.1367230664062502,False,CALL,2026-02-06,ONDS
ONDS260206C00013500,13.5,0.2,0.18,0.2,1368.0,4221.0,1.1484417578125,False,CALL,2026-02-06,ONDS
ONDS260206C00014000,14.0,0.15,0.13,0.16,2360.0,4132.0,1.1875040625,False,CALL,2026-02-06,ONDS
ONDS260206C00014500,14.5,0.12,0.1,0.16,1016.0,1989.0,1.2734411328124997,False,CALL,2026-02-06,ONDS
ONDS260206P00008000,8.0,0.03,0.03,0.04,10094.0,131.0,1.2968785156249998,False,PUT,2026-02-06,ONDS
ONDS260206P00008500,8.5,0.04,0.02,0.06,8.0,886.0,1.125004375,False,PUT,2026-02-06,ONDS
ONDS260206P00009000,9.0,0.09,0.08,0.09,146.0,1155.0,1.1328168359375002,False,PUT,2026-02-06,ONDS
ONDS260206P00009500,9.5,0.14,0.14,0.16,170.0,1380.0,1.1054732226562503,False,PUT,2026-02-06,ONDS
ONDS260206P00010000,10.0,0.26,0.23,0.26,578.0,3101.0,1.0703171484375003,False,PUT,2026-02-06,ONDS
ONDS260206P00010500,10.5,0.42,0.38,0.42,1542.0,2510.0,1.0703171484375003,False,PUT,2026-02-06,ONDS
ONDS260206P00011000,11.0,0.63,0.6,0.65,1368.0,2399.0,1.09375453125,False,PUT,2026-02-06,ONDS
ONDS260206P00011500,11.5,0.88,0.86,0.89,1549.0,3689.0,1.0781296093750001,True,PUT,2026-02-06,ONDS
ONDS260206P00012000,12.0,1.22,1.18,1.26,494.0,2924.0,1.125004375,True,PUT,2026-02-06,ONDS
ONDS260206P00012500,12.5,1.4,1.53,1.6,276.0,1202.0,1.111332568359375,True,PUT,2026-02-06,ONDS
ONDS260206P00013000,13.0,1.77,1.9,2.07,121.0,1078.0,1.1640666796875,True,PUT,2026-02-06,ONDS
ONDS260206P00013500,13.5,2.24,2.24,2.47,35.0,152.0,1.0625046875000002,True,PUT,2026-02-06,ONDS
ONDS260206P00014000,14.0,2.66,2.5,2.97,11.0,801.0,0.8125018749999999,True,PUT,2026-02-06,ONDS
ONDS260206P00014500,14.5,3.0,2.9,3.55,1.0,91.0,0.8437515624999999,True,PUT,2026-02-06,ONDS
ONDS260213C00008000,8.0,3.55,3.25,3.85,6.0,13.0,1.61328318359375,True,CALL,2026-02-13,ONDS
ONDS260213C00008500,8.5,3.65,2.75,3.5,1.0,53.0,1.5468772656249998,True,CALL,2026-02-13,ONDS
ONDS260213C00009000,9.0,2.55,2.45,2.95,2.0,36.0,1.4570339648437498,True,CALL,2026-02-13,ONDS
ONDS260213C00009500,9.5,2.33,2.03,2.41,10.0,8.0,1.2695349023437497,True,CALL,2026-02-13,ONDS
ONDS260213C00010000,10.0,1.9,1.72,1.9,58.0,163.0,1.169926025390625,True,CALL,2026-02-13,ONDS
ONDS260213C00010500,10.5,1.73,1.42,1.62,24.0,75.0,1.185550947265625,True,CALL,2026-02-13,ONDS
ONDS260213C00011000,11.0,1.24,1.19,1.25,595.0,340.0,1.1484417578125,True,CALL,2026-02-13,ONDS
ONDS260213C00011500,11.5,0.99,0.98,1.02,621.0,264.0,1.158207333984375,False,CALL,2026-02-13,ONDS
ONDS260213C00012000,12.0,0.79,0.78,0.82,294.0,830.0,1.15234798828125,False,CALL,2026-02-13,ONDS
ONDS260213C00012500,12.5,0.68,0.64,0.67,977.0,1789.0,1.169926025390625,False,CALL,2026-02-13,ONDS
ONDS260213C00013000,13.0,0.51,0.5,0.53,1129.0,1986.0,1.1640666796875,False,CALL,2026-02-13,ONDS
ONDS260213C00014000,14.0,0.33,0.31,0.35,684.0,2042.0,1.1816447167968749,False,CALL,2026-02-13,ONDS
ONDS260213P00008000,8.0,0.08,0.07,0.11,7.0,1073.0,1.1953165234375,False,PUT,2026-02-13,ONDS
ONDS260213P00008500,8.5,0.13,0.11,0.17,2.0,91.0,1.15625421875,False,PUT,2026-02-13,ONDS
ONDS260213P00009000,9.0,0.19,0.19,0.23,72.0,456.0,1.125004375,False,PUT,2026-02-13,ONDS
ONDS260213P00009500,9.5,0.32,0.31,0.34,198.0,436.0,1.12109814453125,False,PUT,2026-02-13,ONDS
ONDS260213P00010000,10.0,0.47,0.45,0.48,399.0,1721.0,1.1054732226562503,False,PUT,2026-02-13,ONDS
ONDS260213P00010500,10.5,0.64,0.64,0.66,263.0,707.0,1.0976607617187502,False,PUT,2026-02-13,ONDS
ONDS260213P00011000,11.0,0.88,0.87,0.9,286.0,920.0,1.1035201074218752,False,PUT,2026-02-13,ONDS
ONDS260213P00011500,11.5,1.14,1.14,1.17,415.0,1904.0,1.1054732226562503,True,PUT,2026-02-13,ONDS
ONDS260213P00012000,12.0,1.47,1.44,1.47,775.0,1064.0,1.0976607617187502,True,PUT,2026-02-13,ONDS
ONDS260213P00012500,12.5,1.64,1.8,1.83,62.0,516.0,1.12109814453125,True,PUT,2026-02-13,ONDS
ONDS260213P00013000,13.0,2.18,2.16,2.27,94.0,799.0,1.158207333984375,True,PUT,2026-02-13,ONDS
ONDS260213P00014000,14.0,3.0,2.95,3.1,1.0,1331.0,1.1679729101562502,True,PUT,2026-02-13,ONDS
ONDS260220C00008000,8.0,3.6,3.35,3.6,23.0,1004.0,1.203128984375,True,CALL,2026-02-20,ONDS
ONDS260220C00008500,8.5,3.12,2.85,3.45,14.0,7.0,1.3281283593749997,True,CALL,2026-02-20,ONDS
ONDS260220C00009000,9.0,2.8,2.55,2.8,40.0,1344.0,1.18359783203125,True,CALL,2026-02-20,ONDS
ONDS260220C00009500,9.5,2.35,2.19,2.65,22.0,121.0,1.291019169921875,True,CALL,2026-02-20,ONDS
ONDS260220C00010000,10.0,1.95,1.93,1.99,177.0,4076.0,1.1328168359375002,True,CALL,2026-02-20,ONDS
ONDS260220C00010500,10.5,1.7,1.6,1.71,51.0,141.0,1.119145029296875,True,CALL,2026-02-20,ONDS
ONDS260220C00011000,11.0,1.42,1.35,1.47,470.0,2145.0,1.12891060546875,True,CALL,2026-02-20,ONDS
ONDS260220C00011500,11.5,1.2,1.14,1.24,1091.0,447.0,1.1347699511718752,False,CALL,2026-02-20,ONDS
ONDS260220C00012000,12.0,1.0,0.99,1.02,2239.0,4334.0,1.142582412109375,False,CALL,2026-02-20,ONDS
ONDS260220C00012500,12.5,0.84,0.81,0.86,849.0,1772.0,1.140629296875,False,CALL,2026-02-20,ONDS
ONDS260220C00013000,13.0,0.71,0.69,0.73,5984.0,14860.0,1.15625421875,False,CALL,2026-02-20,ONDS
ONDS260220C00013500,13.5,0.65,0.58,0.66,281.0,748.0,1.189457177734375,False,CALL,2026-02-20,ONDS
ONDS260220C00014000,14.0,0.5,0.49,0.5,2524.0,9679.0,1.1679729101562502,False,CALL,2026-02-20,ONDS
ONDS260220C00014500,14.5,0.41,0.4,0.44,68.0,495.0,1.1816447167968749,False,CALL,2026-02-20,ONDS
ONDS260220P00008000,8.0,0.14,0.13,0.15,109.0,3404.0,1.1171919140625,False,PUT,2026-02-20,ONDS
ONDS260220P00008500,8.5,0.22,0.2,0.22,59.0,115.0,1.0976607617187502,False,PUT,2026-02-20,ONDS
ONDS260220P00009000,9.0,0.32,0.3,0.37,196.0,5510.0,1.12109814453125,False,PUT,2026-02-20,ONDS
ONDS260220P00009500,9.5,0.45,0.43,0.49,595.0,1387.0,1.1015669921875002,False,PUT,2026-02-20,ONDS
ONDS260220P00010000,10.0,0.64,0.59,0.65,2271.0,5246.0,1.0859420703125,False,PUT,2026-02-20,ONDS
ONDS260220P00010500,10.5,0.81,0.81,0.88,60.0,1580.0,1.1035201074218752,False,PUT,2026-02-20,ONDS
ONDS260220P00011000,11.0,1.07,1.05,1.05,424.0,4460.0,1.0703171484375003,False,PUT,2026-02-20,ONDS
ONDS260220P00011500,11.5,1.28,1.27,1.45,248.0,1589.0,1.1035201074218752,True,PUT,2026-02-20,ONDS
ONDS260220P00012000,12.0,1.66,1.64,1.7,312.0,5647.0,1.107426337890625,True,PUT,2026-02-20,ONDS
ONDS260220P00012500,12.5,2.0,1.92,2.12,24.0,872.0,1.123051259765625,True,PUT,2026-02-20,ONDS
ONDS260220P00013000,13.0,2.35,2.31,2.44,80.0,1718.0,1.119145029296875,True,PUT,2026-02-20,ONDS
ONDS260220P00013500,13.5,2.6,2.67,2.87,70.0,175.0,1.1347699511718752,True,PUT,2026-02-20,ONDS
ONDS260220P00014000,14.0,3.05,3.1,3.25,27.0,1602.0,1.140629296875,True,PUT,2026-02-20,ONDS
ONDS260220P00014500,14.5,2.5,3.3,3.8,3.0,147.0,1.09375453125,True,PUT,2026-02-20,ONDS
ONDS260227C00008000,8.0,4.45,3.35,4.1,23.0,15.0,1.4296903515625,True,CALL,2026-02-27,ONDS
ONDS260227C00008500,8.5,3.4,2.97,3.6,1.0,1.0,1.3320345898437496,True,CALL,2026-02-27,ONDS
ONDS260227C00009000,9.0,2.81,2.69,2.99,55.0,96.0,1.220707021484375,True,CALL,2026-02-27,ONDS
ONDS260227C00009500,9.5,3.55,2.31,3.05,6.0,52.0,1.3808624707031247,True,CALL,2026-02-27,ONDS
ONDS260227C00010000,10.0,2.2,2.05,2.33,7.0,86.0,1.19922275390625,True,CALL,2026-02-27,ONDS
ONDS260227C00010500,10.5,1.89,1.78,2.05,13.0,131.0,1.197269638671875,True,CALL,2026-02-27,ONDS
ONDS260227C00011000,11.0,1.63,1.56,1.61,117.0,231.0,1.12891060546875,True,CALL,2026-02-27,ONDS
ONDS260227C00011500,11.5,1.37,1.36,1.4,298.0,191.0,1.140629296875,False,CALL,2026-02-27,ONDS
ONDS260227C00012000,12.0,1.2,1.18,1.22,88.0,545.0,1.1513714306640623,False,CALL,2026-02-27,ONDS
ONDS260227C00012500,12.5,1.0,1.0,1.06,323.0,1299.0,1.15234798828125,False,CALL,2026-02-27,ONDS
ONDS260227C00013000,13.0,0.87,0.85,0.91,257.0,1070.0,1.150394873046875,False,CALL,2026-02-27,ONDS
ONDS260227C00013500,13.5,0.84,0.73,0.77,62.0,1344.0,1.150394873046875,False,CALL,2026-02-27,ONDS
ONDS260227C00014000,14.0,0.65,0.63,0.68,129.0,1155.0,1.1640666796875,False,CALL,2026-02-27,ONDS
ONDS260227C00014500,14.5,0.65,0.55,0.6,5.0,258.0,1.1796916015624999,False,CALL,2026-02-27,ONDS
ONDS260227P00008000,8.0,0.22,0.2,0.24,55.0,310.0,1.12109814453125,False,PUT,2026-02-27,ONDS
ONDS260227P00008500,8.5,0.31,0.29,0.34,105.0,5164.0,1.109379453125,False,PUT,2026-02-27,ONDS
ONDS260227P00009000,9.0,0.43,0.41,0.43,180.0,894.0,1.08203583984375,False,PUT,2026-02-27,ONDS
ONDS260227P00009500,9.5,0.55,0.57,0.59,114.0,423.0,1.0859420703125,False,PUT,2026-02-27,ONDS
ONDS260227P00010000,10.0,0.77,0.76,0.79,140.0,818.0,1.091801416015625,False,PUT,2026-02-27,ONDS
ONDS260227P00010500,10.5,0.99,0.98,1.0,224.0,429.0,1.087895185546875,False,PUT,2026-02-27,ONDS
ONDS260227P00011000,11.0,1.25,1.23,1.27,264.0,521.0,1.0966842041015625,False,PUT,2026-02-27,ONDS
ONDS260227P00011500,11.5,1.51,1.51,1.55,142.0,370.0,1.0976607617187502,True,PUT,2026-02-27,ONDS
ONDS260227P00012000,12.0,1.75,1.82,1.85,78.0,645.0,1.0976607617187502,True,PUT,2026-02-27,ONDS
ONDS260227P00012500,12.5,2.15,2.15,2.19,10.0,217.0,1.1015669921875002,True,PUT,2026-02-27,ONDS
ONDS260227P00013000,13.0,2.5,2.5,2.54,1.0,272.0,1.0986373193359378,True,PUT,2026-02-27,ONDS
ONDS260227P00013500,13.5,3.1,2.82,3.05,2.0,370.0,1.1328168359375002,True,PUT,2026-02-27,ONDS
ONDS260227P00014000,14.0,2.79,3.05,3.45,3.0,256.0,1.0683640332031252,True,PUT,2026-02-27,ONDS
ONDS260227P00014500,14.5,3.7,3.6,3.9,92.0,311.0,1.15234798828125,True,PUT,2026-02-27,ONDS
ONDS260306C00009500,9.5,2.84,2.45,2.98,36.0,3.0,1.2734411328124997,True,CALL,2026-03-06,ONDS
ONDS260306C00010000,10.0,2.3,2.2,2.6,25.0,14.0,1.2470740771484374,True,CALL,2026-03-06,ONDS
ONDS260306C00011000,11.0,2.04,1.73,2.02,67.0,130.0,1.224613251953125,True,CALL,2026-03-06,ONDS
ONDS260306C00011500,11.5,1.59,1.51,1.91,205.0,198.0,1.259769326171875,False,CALL,2026-03-06,ONDS
ONDS260306C00012000,12.0,1.47,1.32,1.47,136.0,599.0,1.1728556982421874,False,CALL,2026-03-06,ONDS
ONDS260306C00012500,12.5,1.29,1.16,1.43,63.0,205.0,1.22266013671875,False,CALL,2026-03-06,ONDS
ONDS260306C00013000,13.0,1.06,1.04,1.22,228.0,434.0,1.2148476757812499,False,CALL,2026-03-06,ONDS
ONDS260306C00013500,13.5,1.05,0.89,1.07,272.0,165.0,1.205082099609375,False,CALL,2026-03-06,ONDS
ONDS260306C00014000,14.0,0.9,0.79,0.9,10.0,133.0,1.193363408203125,False,CALL,2026-03-06,ONDS
ONDS260306C00014500,14.5,0.73,0.65,0.93,13.0,36.0,1.2324257128906249,False,CALL,2026-03-06,ONDS
ONDS260306P00008000,8.0,0.22,0.25,0.47,1.0,37.0,1.201175869140625,False,PUT,2026-03-06,ONDS
ONDS260306P00008500,8.5,0.42,0.39,0.45,65.0,104.0,1.12109814453125,False,PUT,2026-03-06,ONDS
ONDS260306P00009000,9.0,0.56,0.53,0.58,42.0,208.0,1.109379453125,False,PUT,2026-03-06,ONDS
ONDS260306P00009500,9.5,0.68,0.63,0.85,3.0,44.0,1.119145029296875,False,PUT,2026-03-06,ONDS
ONDS260306P00010000,10.0,0.95,0.91,1.0,118.0,103.0,1.1279340478515625,False,PUT,2026-03-06,ONDS
ONDS260306P00010500,10.5,1.02,1.05,1.37,177.0,49.0,1.1445355273437499,False,PUT,2026-03-06,ONDS
ONDS260306P00011000,11.0,1.3,1.31,1.52,164.0,201.0,1.1054732226562503,False,PUT,2026-03-06,ONDS
ONDS260306P00011500,11.5,1.7,1.58,1.75,5.0,218.0,1.0830123974609376,True,PUT,2026-03-06,ONDS
ONDS260306P00012000,12.0,1.86,1.86,2.11,33.0,129.0,1.0927779736328125,True,PUT,2026-03-06,ONDS
ONDS260306P00012500,12.5,2.3,2.25,2.48,11.0,10.0,1.12891060546875,True,PUT,2026-03-06,ONDS
ONDS260306P00013000,13.0,2.72,2.58,2.81,2.0,11.0,1.115238798828125,True,PUT,2026-03-06,ONDS
ONDS260306P00014000,14.0,3.0,3.3,3.7,20.0,302.0,1.15625421875,True,PUT,2026-03-06,ONDS
ONDS260320C00009000,9.0,3.55,3.1,3.4,504.0,7820.0,1.26172244140625,True,CALL,2026-03-20,ONDS
ONDS260320C00010000,10.0,2.72,2.55,2.72,438.0,19386.0,1.220707021484375,True,CALL,2026-03-20,ONDS
ONDS260320C00011000,11.0,2.18,2.11,2.18,661.0,7794.0,1.2099648876953122,True,CALL,2026-03-20,ONDS
ONDS260320C00012000,12.0,1.79,1.77,1.79,1910.0,24326.0,1.228519482421875,False,CALL,2026-03-20,ONDS
ONDS260320C00013000,13.0,1.46,1.46,1.47,3279.0,44759.0,1.2343788281249999,False,CALL,2026-03-20,ONDS
ONDS260320C00014000,14.0,1.21,1.18,1.24,3226.0,7004.0,1.2431678466796874,False,CALL,2026-03-20,ONDS
ONDS260320P00009000,9.0,0.85,0.82,0.86,634.0,2631.0,1.173832255859375,False,PUT,2026-03-20,ONDS
ONDS260320P00010000,10.0,1.28,1.25,1.28,515.0,5869.0,1.169926025390625,False,PUT,2026-03-20,ONDS
ONDS260320P00011000,11.0,1.83,1.77,1.8,100.0,2417.0,1.169926025390625,False,PUT,2026-03-20,ONDS
ONDS260320P00012000,12.0,2.41,2.37,2.41,87.0,6021.0,1.171879140625,True,PUT,2026-03-20,ONDS
ONDS260320P00013000,13.0,3.1,3.05,3.1,220.0,1835.0,1.1787150439453122,True,PUT,2026-03-20,ONDS
ONDS260320P00014000,14.0,3.7,3.75,3.9,1.0,796.0,1.1884806201171876,True,PUT,2026-03-20,ONDS
ONDS260618C00008000,8.0,4.97,4.7,5.1,45.0,8276.0,1.2851598242187499,True,CALL,2026-06-18,ONDS
ONDS260618C00009000,9.0,4.53,4.25,4.7,66.0,3185.0,1.3115268798828121,True,CALL,2026-06-18,ONDS
ONDS260618C00010000,10.0,3.86,3.8,3.95,239.0,11286.0,1.2382850585937497,True,CALL,2026-06-18,ONDS
ONDS260618C00011000,11.0,3.48,3.4,3.55,208.0,4177.0,1.2324257128906249,True,CALL,2026-06-18,ONDS
ONDS260618C00012000,12.0,3.15,3.1,3.15,1964.0,13196.0,1.2294960400390624,False,CALL,2026-06-18,ONDS
ONDS260618C00013000,13.0,2.79,2.75,2.85,790.0,6690.0,1.2216835791015623,False,CALL,2026-06-18,ONDS
ONDS260618C00014000,14.0,2.61,2.5,2.62,684.0,5126.0,1.2324257128906249,False,CALL,2026-06-18,ONDS
ONDS260618P00008000,8.0,1.37,1.31,1.4,117.0,1378.0,1.1591838916015624,False,PUT,2026-06-18,ONDS
ONDS260618P00009000,9.0,1.85,1.79,1.88,11.0,1067.0,1.15625421875,False,PUT,2026-06-18,ONDS
ONDS260618P00010000,10.0,2.35,2.35,2.4,49.0,3030.0,1.1533245458984376,False,PUT,2026-06-18,ONDS
ONDS260618P00011000,11.0,2.99,2.91,3.05,28.0,589.0,1.1552776611328124,False,PUT,2026-06-18,ONDS
ONDS260618P00012000,12.0,3.55,3.5,3.7,271.0,875.0,1.1445355273437499,True,PUT,2026-06-18,ONDS
ONDS260618P00013000,13.0,4.2,4.2,4.4,225.0,629.0,1.1474652001953123,True,PUT,2026-06-18,ONDS
ONDS260618P00014000,14.0,4.95,4.9,5.1,1.0,376.0,1.1376996240234376,True,PUT,2026-06-18,ONDS
ONDS260918C00008000,8.0,5.54,5.3,5.75,30.0,98.0,1.2460975195312498,True,CALL,2026-09-18,ONDS
ONDS260918C00009000,9.0,5.15,4.9,5.4,46.0,83.0,1.2607458837890624,True,CALL,2026-09-18,ONDS
ONDS260918C00010000,10.0,4.65,4.55,4.75,160.0,194.0,1.2168007910156249,True,CALL,2026-09-18,ONDS
ONDS260918C00011000,11.0,4.3,4.2,4.65,83.0,121.0,1.25390998046875,True,CALL,2026-09-18,ONDS
ONDS260918C00012000,12.0,3.97,3.95,4.05,105.0,611.0,1.2163125122070313,False,CALL,2026-09-18,ONDS
ONDS260918C00013000,13.0,3.7,3.55,3.75,61.0,340.0,1.1953165234375,False,CALL,2026-09-18,ONDS
ONDS260918C00014000,14.0,3.5,3.3,3.6,12.0,494.0,1.210453166503906,False,CALL,2026-09-18,ONDS
ONDS260918P00008000,8.0,1.74,1.75,2.0,15.0,35.0,1.105961501464844,False,PUT,2026-09-18,ONDS
ONDS260918P00009000,9.0,2.48,2.39,2.56,20.0,50.0,1.125004375,False,PUT,2026-09-18,ONDS
ONDS260918P00010000,10.0,3.1,2.96,3.2,31.0,455.0,1.1259809326171877,False,PUT,2026-09-18,ONDS
ONDS260918P00011000,11.0,3.63,3.5,3.8,5.0,92.0,1.1030318286132816,False,PUT,2026-09-18,ONDS
ONDS260918P00012000,12.0,3.75,4.1,4.5,3.0,229.0,1.0947310888671877,True,PUT,2026-09-18,ONDS
ONDS260918P00013000,13.0,4.6,4.75,5.25,80.0,156.0,1.0922896948242187,True,PUT,2026-09-18,ONDS
ONDS260918P00014000,14.0,5.72,5.5,5.9,12.0,90.0,1.0810592822265626,True,PUT,2026-09-18,ONDS
ONDS270115C00010000,10.0,5.4,5.4,5.5,802.0,15215.0,1.214359396972656,True,CALL,2027-01-15,ONDS
ONDS270115C00012000,12.0,4.85,4.75,4.85,709.0,11047.0,1.1923868505859376,False,CALL,2027-01-15,ONDS
ONDS270115P00010000,10.0,3.67,3.6,3.8,53.0,4211.0,1.0854537915039062,False,PUT,2027-01-15,ONDS
ONDS270115P00012000,12.0,4.95,4.95,5.1,693.0,909.0,1.0698288696289064,True,PUT,2027-01-15,ONDS
ONDS280121C00010000,10.0,6.9,6.9,7.15,137.0,4029.0,1.1899454565429686,True,CALL,2028-01-21,ONDS
ONDS280121C00012000,12.0,6.5,6.4,6.7,150.0,7780.0,1.1762736499023436,False,CALL,2028-01-21,ONDS
ONDS280121P00010000,10.0,5.05,4.95,5.15,36.0,1383.0,1.0351610742187503,False,PUT,2028-01-21,ONDS
ONDS280121P00012000,12.0,6.43,6.25,6.65,4.0,139.0,1.0112354125976561,True,PUT,2028-01-21,ONDS
ONON260130C00037000,37.0,9.3,6.85,8.35,,7.0,1.4296903515625,True,CALL,2026-01-30,ONON
ONON260130C00038000,38.0,8.41,5.9,7.35,7.0,16.0,1.3398470507812497,True,CALL,2026-01-30,ONON
ONON260130C00039000,39.0,7.86,5.0,6.45,4.0,2.0,1.3828155859374998,True,CALL,2026-01-30,ONON
ONON260130C00040000,40.0,6.86,3.9,5.15,2.0,3.0,1.74609501953125,True,CALL,2026-01-30,ONON
ONON260130C00041000,41.0,5.23,3.05,4.25,1.0,2.0,0.851563984375,True,CALL,2026-01-30,ONON
ONON260130C00042000,42.0,4.36,2.05,3.2,2.0,4.0,0.6210975390625001,True,CALL,2026-01-30,ONON
ONON260130C00043000,43.0,2.95,1.2,2.09,20.0,22.0,0.90429783203125,True,CALL,2026-01-30,ONON
ONON260130C00044000,44.0,1.05,0.86,1.11,6.0,5.0,0.52539537109375,True,CALL,2026-01-30,ONON
ONON260130C00044500,44.5,0.68,0.57,0.85,127.0,234.0,0.5293015820312501,True,CALL,2026-01-30,ONON
ONON260130C00045000,45.0,0.48,0.34,0.63,6.0,39.0,0.52539537109375,False,CALL,2026-01-30,ONON
ONON260130C00045500,45.5,0.33,0.19,0.96,17.0,282.0,0.7402369726562499,False,CALL,2026-01-30,ONON
ONON260130C00046000,46.0,0.17,0.09,0.34,19.0,216.0,0.5429733203125001,False,CALL,2026-01-30,ONON
ONON260130C00046500,46.5,0.25,0.05,0.31,24.0,125.0,0.6035195898437502,False,CALL,2026-01-30,ONON
ONON260130C00047000,47.0,0.03,0.01,0.09,21.0,175.0,0.5664105859375,False,CALL,2026-01-30,ONON
ONON260130C00047500,47.5,0.08,0.02,0.59,29.0,144.0,0.93945373046875,False,CALL,2026-01-30,ONON
ONON260130C00048000,48.0,0.08,0.0,0.29,6.0,231.0,0.8183611914062499,False,CALL,2026-01-30,ONON
ONON260130C00048500,48.5,0.05,0.0,0.58,1.0,193.0,1.1035201074218752,False,CALL,2026-01-30,ONON
ONON260130C00049000,49.0,0.01,0.0,0.05,5.0,103.0,0.6718782812500002,False,CALL,2026-01-30,ONON
ONON260130C00049500,49.5,0.08,0.0,0.57,12.0,35.0,1.2656286718749998,False,CALL,2026-01-30,ONON
ONON260130C00050000,50.0,0.02,0.0,0.28,2.0,204.0,1.11328568359375,False,CALL,2026-01-30,ONON
ONON260130C00051000,51.0,0.08,0.01,0.17,11.0,101.0,1.1367230664062502,False,CALL,2026-01-30,ONON
ONON260130C00052000,52.0,0.08,0.0,0.75,1.0,18.0,1.78515732421875,False,CALL,2026-01-30,ONON
ONON260130C00053000,53.0,0.01,0.0,0.95,22.0,132.0,2.07031732421875,False,CALL,2026-01-30,ONON
ONON260130C00054000,54.0,0.08,0.0,0.2,2.0,27.0,1.5273461132812498,False,CALL,2026-01-30,ONON
ONON260130C00055000,55.0,0.03,0.0,1.0,4.0,25.0,2.394535263671875,False,CALL,2026-01-30,ONON
ONON260130C00056000,56.0,0.05,0.0,0.75,1.0,150.0,2.3418010205078117,False,CALL,2026-01-30,ONON
ONON260130C00057000,57.0,0.45,0.0,2.13,,50.0,3.373048442382812,False,CALL,2026-01-30,ONON
ONON260130P00039000,39.0,0.27,0.0,0.6,,45.0,1.5605490722656248,False,PUT,2026-01-30,ONON
ONON260130P00040000,40.0,0.1,0.01,0.11,16.0,82.0,0.8906260937499999,False,PUT,2026-01-30,ONON
ONON260130P00040500,40.5,0.05,0.0,0.25,14.0,14.0,0.9570316796874999,False,PUT,2026-01-30,ONON
ONON260130P00041000,41.0,0.04,0.0,0.65,6.0,74.0,1.15625421875,False,PUT,2026-01-30,ONON
ONON260130P00042000,42.0,0.22,0.03,0.42,2.0,263.0,0.8085956640624999,False,PUT,2026-01-30,ONON
ONON260130P00043000,43.0,0.22,0.09,0.32,25.0,55.0,0.5625043750000001,False,PUT,2026-01-30,ONON
ONON260130P00043500,43.5,0.26,0.16,0.42,2.0,37.0,0.5273484765625001,False,PUT,2026-01-30,ONON
ONON260130P00044000,44.0,0.4,0.29,0.63,12.0,283.0,0.5302781347656251,False,PUT,2026-01-30,ONON
ONON260130P00044500,44.5,0.61,0.49,0.79,131.0,179.0,0.6123085644531252,False,PUT,2026-01-30,ONON
ONON260130P00045000,45.0,0.98,0.6,1.14,8.0,363.0,0.6699251757812501,True,PUT,2026-01-30,ONON
ONON260130P00045500,45.5,1.13,1.01,1.49,11.0,284.0,0.6953155468750001,True,PUT,2026-01-30,ONON
ONON260130P00046000,46.0,2.0,1.12,2.25,4.0,166.0,0.5429733203125001,True,PUT,2026-01-30,ONON
ONON260130P00046500,46.5,2.11,1.65,2.62,4.0,71.0,0.585941640625,True,PUT,2026-01-30,ONON
ONON260130P00047000,47.0,1.69,2.0,3.2,1.0,46.0,0.6289099609375001,True,PUT,2026-01-30,ONON
ONON260130P00047500,47.5,3.0,2.45,3.55,2.0,8.0,0.507817421875,True,PUT,2026-01-30,ONON
ONON260130P00048000,48.0,2.72,2.95,4.05,1.0,49.0,0.570316796875,True,PUT,2026-01-30,ONON
ONON260130P00048500,48.5,2.26,3.45,4.5,3.0,7.0,1.3750031249999999,True,PUT,2026-01-30,ONON
ONON260130P00049000,49.0,3.04,3.9,5.0,8.0,40.0,1.470705771484375,True,PUT,2026-01-30,ONON
ONON260130P00050000,50.0,3.9,4.8,6.0,1.0,5.0,1.65234548828125,True,PUT,2026-01-30,ONON
ONON260130P00051000,51.0,3.9,5.7,7.35,1.0,1.0,1.0312548437500002,True,PUT,2026-01-30,ONON
ONON260130P00052000,52.0,6.9,6.65,8.35,30.0,16.0,1.0390673046875003,True,PUT,2026-01-30,ONON
ONON260206C00035000,35.0,11.2,8.9,10.4,,2.0,0.93164130859375,True,CALL,2026-02-06,ONON
ONON260206C00037000,37.0,9.0,6.9,8.4,2.0,2.0,0.75195560546875,True,CALL,2026-02-06,ONON
ONON260206C00038000,38.0,8.1,5.95,7.35,10.0,12.0,0.6640658593750002,True,CALL,2026-02-06,ONON
ONON260206C00039000,39.0,7.94,5.05,6.5,4.0,4.0,0.69336244140625,True,CALL,2026-02-06,ONON
ONON260206C00040000,40.0,8.13,4.15,5.3,2.0,3.0,0.5566450585937501,True,CALL,2026-02-06,ONON
ONON260206C00041000,41.0,8.38,3.3,4.45,,2.0,0.5566450585937501,True,CALL,2026-02-06,ONON
ONON260206C00043500,43.5,2.73,1.7,2.06,8.0,4.0,0.5400436621093752,True,CALL,2026-02-06,ONON
ONON260206C00044000,44.0,1.38,1.39,1.76,4.0,10.0,0.534184345703125,True,CALL,2026-02-06,ONON
ONON260206C00044500,44.5,1.19,1.08,1.48,20.0,21.0,0.52539537109375,True,CALL,2026-02-06,ONON
ONON260206C00045000,45.0,1.05,0.91,1.26,12.0,17.0,0.5293015820312501,False,CALL,2026-02-06,ONON
ONON260206C00045500,45.5,0.79,0.71,0.87,11.0,12.0,0.459966337890625,False,CALL,2026-02-06,ONON
ONON260206C00046000,46.0,0.68,0.54,0.7,6.0,72.0,0.46045461425781253,False,CALL,2026-02-06,ONON
ONON260206C00046500,46.5,0.55,0.41,0.56,12.0,14.0,0.46191944335937507,False,CALL,2026-02-06,ONON
ONON260206C00047000,47.0,0.37,0.3,0.48,7.0,194.0,0.4804739453125,False,CALL,2026-02-06,ONON
ONON260206C00047500,47.5,0.34,0.23,0.36,1.0,80.0,0.471684970703125,False,CALL,2026-02-06,ONON
ONON260206C00048000,48.0,0.26,0.17,0.6,44.0,183.0,0.5302781347656251,False,CALL,2026-02-06,ONON
ONON260206C00048500,48.5,0.5,0.01,1.27,20.0,21.0,0.700198310546875,False,CALL,2026-02-06,ONON
ONON260206C00049000,49.0,0.34,0.0,0.39,35.0,106.0,0.6191444335937502,False,CALL,2026-02-06,ONON
ONON260206C00050000,50.0,0.1,0.04,0.29,5.0,327.0,0.5468795312500001,False,CALL,2026-02-06,ONON
ONON260206C00051000,51.0,0.01,0.0,0.18,40.0,64.0,0.5351608984375,False,CALL,2026-02-06,ONON
ONON260206C00052000,52.0,0.12,0.0,0.75,5.0,44.0,0.840821904296875,False,CALL,2026-02-06,ONON
ONON260206C00053000,53.0,0.06,0.0,0.75,4.0,5.0,0.9101571484375,False,CALL,2026-02-06,ONON
ONON260206C00054000,54.0,0.75,0.0,0.75,12.0,14.0,0.9775392871093751,False,CALL,2026-02-06,ONON
ONON260206C00055000,55.0,0.52,0.0,0.75,2.0,8.0,1.0419969775390627,False,CALL,2026-02-06,ONON
ONON260206P00039000,39.0,0.23,0.0,0.34,,30.0,0.6289099609375001,False,PUT,2026-02-06,ONON
ONON260206P00040000,40.0,0.09,0.06,0.27,8.0,89.0,0.5312546875,False,PUT,2026-02-06,ONON
ONON260206P00041000,41.0,0.57,0.15,0.5,1.0,37.0,0.5449264257812501,False,PUT,2026-02-06,ONON
ONON260206P00042000,42.0,0.45,0.29,0.42,2.0,110.0,0.485356708984375,False,PUT,2026-02-06,ONON
ONON260206P00042500,42.5,0.56,0.19,0.52,6.0,7.0,0.4726615234375,False,PUT,2026-02-06,ONON
ONON260206P00043000,43.0,0.51,0.51,0.67,10.0,16.0,0.471684970703125,False,PUT,2026-02-06,ONON
ONON260206P00043500,43.5,0.41,0.66,0.81,1.0,10.0,0.45654840332031255,False,PUT,2026-02-06,ONON
ONON260206P00044000,44.0,0.97,0.83,1.03,16.0,15.0,0.46094289062500005,False,PUT,2026-02-06,ONON
ONON260206P00044500,44.5,1.25,1.07,1.25,11.0,8.0,0.45361874511718747,False,PUT,2026-02-06,ONON
ONON260206P00045000,45.0,1.54,1.32,1.51,5.0,91.0,0.4497125341796875,True,PUT,2026-02-06,ONON
ONON260206P00045500,45.5,1.5,1.44,1.81,2.0,3.0,0.44922425781249997,True,PUT,2026-02-06,ONON
ONON260206P00046000,46.0,2.05,1.79,2.21,1.0,214.0,0.4760794580078125,True,PUT,2026-02-06,ONON
ONON260206P00046500,46.5,1.74,2.12,2.51,1.0,1.0,0.454107021484375,True,PUT,2026-02-06,ONON
ONON260206P00047000,47.0,3.15,2.25,3.0,4.0,18.0,0.5029346582031251,True,PUT,2026-02-06,ONON
ONON260206P00048000,48.0,2.81,3.0,4.2,1.0,8.0,0.692385888671875,True,PUT,2026-02-06,ONON
ONON260206P00049000,49.0,4.59,4.15,5.1,1.0,20.0,0.7421900781249999,True,PUT,2026-02-06,ONON
ONON260206P00050000,50.0,5.79,4.95,6.05,6.0,31.0,0.804689453125,True,PUT,2026-02-06,ONON
ONON260206P00054000,54.0,5.75,8.8,10.15,,0.0,1.169926025390625,True,PUT,2026-02-06,ONON
ONON260213C00038000,38.0,9.04,6.05,7.55,10.0,11.0,0.6093789062500001,True,CALL,2026-02-13,ONON
ONON260213C00043000,43.0,3.94,2.43,2.62,2.0,4.0,0.47900911621093745,True,CALL,2026-02-13,ONON
ONON260213C00044000,44.0,2.01,1.9,2.07,1.0,10.0,0.4848684326171875,True,CALL,2026-02-13,ONON
ONON260213C00045000,45.0,1.49,1.38,1.66,54.0,31.0,0.5043994873046875,False,CALL,2026-02-13,ONON
ONON260213C00046000,46.0,1.43,0.93,1.23,1.0,75.0,0.49609878906250005,False,CALL,2026-02-13,ONON
ONON260213C00047000,47.0,0.66,0.61,0.73,4.0,43.0,0.4409235595703125,False,CALL,2026-02-13,ONON
ONON260213C00048000,48.0,0.48,0.46,0.67,1.0,40.0,0.4995167236328125,False,CALL,2026-02-13,ONON
ONON260213C00049000,49.0,0.47,0.05,0.46,1.0,37.0,0.49268085449218757,False,CALL,2026-02-13,ONON
ONON260213C00050000,50.0,0.25,0.01,0.75,19.0,59.0,0.5205126074218749,False,CALL,2026-02-13,ONON
ONON260213C00051000,51.0,0.14,0.0,0.75,27.0,40.0,0.57617611328125,False,CALL,2026-02-13,ONON
ONON260213C00052000,52.0,0.21,0.0,0.75,24.0,26.0,0.63086306640625,False,CALL,2026-02-13,ONON
ONON260213C00053000,53.0,1.2,0.0,0.75,,2.0,0.6826203613281252,False,CALL,2026-02-13,ONON
ONON260213C00055000,55.0,0.74,0.0,0.65,,6.0,0.75195560546875,False,CALL,2026-02-13,ONON
ONON260213C00056000,56.0,0.06,0.0,0.75,,5.0,0.8281267187499999,False,CALL,2026-02-13,ONON
ONON260213C00057000,57.0,1.13,0.0,0.76,,1.0,0.875977802734375,False,CALL,2026-02-13,ONON
ONON260213P00039000,39.0,0.23,0.01,0.75,,40.0,0.5937540625000001,False,PUT,2026-02-13,ONON
ONON260213P00040000,40.0,0.61,0.23,0.55,1.0,3.0,0.5185595019531251,False,PUT,2026-02-13,ONON
ONON260213P00041000,41.0,0.46,0.35,0.71,10.0,177.0,0.5600629931640625,False,PUT,2026-02-13,ONON
ONON260213P00042000,42.0,0.65,0.4,0.74,1.0,35.0,0.47559118164062497,False,PUT,2026-02-13,ONON
ONON260213P00043000,43.0,0.91,0.83,1.17,1.0,18.0,0.5019581054687501,False,PUT,2026-02-13,ONON
ONON260213P00044000,44.0,1.33,1.18,1.55,13.0,61.0,0.48779809082031256,False,PUT,2026-02-13,ONON
ONON260213P00045000,45.0,1.95,1.59,1.89,12.0,23.0,0.43994700683593746,True,PUT,2026-02-13,ONON
ONON260213P00046000,46.0,1.5,2.27,2.52,3.0,12.0,0.4458063232421875,True,PUT,2026-02-13,ONON
ONON260213P00047000,47.0,2.32,2.76,3.25,1.0,3.0,0.45654840332031255,True,PUT,2026-02-13,ONON
ONON260213P00048000,48.0,3.32,3.3,4.4,10.0,39.0,0.5835002587890624,True,PUT,2026-02-13,ONON
ONON260213P00050000,50.0,6.01,4.75,6.35,3.0,5.0,0.7124052197265626,True,PUT,2026-02-13,ONON
ONON260220C00032500,32.5,15.83,11.6,12.65,1.0,42.0,0.6972686523437501,True,CALL,2026-02-20,ONON
ONON260220C00035000,35.0,15.0,9.05,10.2,3.0,147.0,0.5566450585937501,True,CALL,2026-02-20,ONON
ONON260220C00037500,37.5,8.85,6.85,7.8,1.0,886.0,0.5537154003906251,True,CALL,2026-02-20,ONON
ONON260220C00040000,40.0,6.25,4.6,5.5,10.0,4413.0,0.6250037500000001,True,CALL,2026-02-20,ONON
ONON260220C00042500,42.5,5.13,2.77,3.35,25.0,404.0,0.5019581054687501,True,CALL,2026-02-20,ONON
ONON260220C00044500,44.5,2.8,1.84,2.16,6.0,7.0,0.481450498046875,True,CALL,2026-02-20,ONON
ONON260220C00045000,45.0,1.73,1.59,1.83,11.0,1148.0,0.45898978515625005,False,CALL,2026-02-20,ONON
ONON260220C00045500,45.5,2.16,1.41,1.63,11.0,11.0,0.46143116699218756,False,CALL,2026-02-20,ONON
ONON260220C00046000,46.0,1.38,1.17,1.5,156.0,144.0,0.4760794580078125,False,CALL,2026-02-20,ONON
ONON260220C00046500,46.5,1.6,1.09,1.33,4.0,49.0,0.477544287109375,False,CALL,2026-02-20,ONON
ONON260220C00047000,47.0,0.86,0.86,1.15,1.0,34.0,0.4726615234375,False,CALL,2026-02-20,ONON
ONON260220C00047500,47.5,0.87,0.74,1.02,17.0,2180.0,0.4760794580078125,False,CALL,2026-02-20,ONON
ONON260220C00048000,48.0,0.71,0.62,0.79,2.0,69.0,0.4497125341796875,False,CALL,2026-02-20,ONON
ONON260220C00048500,48.5,1.4,0.45,0.73,,2.0,0.463872548828125,False,CALL,2026-02-20,ONON
ONON260220C00049000,49.0,0.5,0.44,0.64,1.0,4.0,0.4672904833984375,False,CALL,2026-02-20,ONON
ONON260220C00049500,49.5,0.5,0.3,0.56,3.0,32.0,0.47022014160156256,False,CALL,2026-02-20,ONON
ONON260220C00050000,50.0,0.29,0.3,0.4,11.0,6154.0,0.4419001123046875,False,CALL,2026-02-20,ONON
ONON260220C00051000,51.0,0.53,0.22,0.37,3.0,37.0,0.47852083984375,False,CALL,2026-02-20,ONON
ONON260220C00052000,52.0,0.67,0.09,0.3,,8.0,0.4931691308593751,False,CALL,2026-02-20,ONON
ONON260220C00052500,52.5,0.15,0.11,0.26,1.0,2071.0,0.495122236328125,False,CALL,2026-02-20,ONON
ONON260220C00053000,53.0,0.25,0.03,0.25,1.0,6.0,0.5107470800781251,False,CALL,2026-02-20,ONON
ONON260220C00054000,54.0,0.27,0.0,0.21,,44.0,0.5273484765625001,False,CALL,2026-02-20,ONON
ONON260220C00055000,55.0,0.06,0.01,0.19,115.0,1573.0,0.551762294921875,False,CALL,2026-02-20,ONON
ONON260220C00057500,57.5,0.04,0.0,0.07,4.0,25.0,0.5293015820312501,False,CALL,2026-02-20,ONON
ONON260220P00032500,32.5,0.08,0.0,0.14,40.0,89.0,0.6601596484375001,False,PUT,2026-02-20,ONON
ONON260220P00035000,35.0,0.08,0.0,0.18,1.0,2050.0,0.5507857421875001,False,PUT,2026-02-20,ONON
ONON260220P00037000,37.0,0.2,0.04,0.25,,1.0,0.56055126953125,False,PUT,2026-02-20,ONON
ONON260220P00037500,37.5,0.15,0.06,0.28,1.0,1038.0,0.5459029785156251,False,PUT,2026-02-20,ONON
ONON260220P00039000,39.0,0.48,0.26,0.4,1.0,31.0,0.5039112109375,False,PUT,2026-02-20,ONON
ONON260220P00040000,40.0,0.3,0.37,0.52,1.0,1312.0,0.4804739453125,False,PUT,2026-02-20,ONON
ONON260220P00041000,41.0,0.66,0.54,0.72,740.0,739.0,0.47022014160156256,False,PUT,2026-02-20,ONON
ONON260220P00042000,42.0,0.91,0.77,1.06,14.0,28.0,0.4819387744140625,False,PUT,2026-02-20,ONON
ONON260220P00042500,42.5,1.0,0.92,1.06,9.0,1290.0,0.437505625,False,PUT,2026-02-20,ONON
ONON260220P00043500,43.5,1.09,1.25,1.49,1.0,80.0,0.445318046875,False,PUT,2026-02-20,ONON
ONON260220P00044000,44.0,1.65,1.41,1.78,7.0,518.0,0.45898978515625005,False,PUT,2026-02-20,ONON
ONON260220P00044500,44.5,1.2,1.67,2.04,1.0,11.0,0.46143116699218756,False,PUT,2026-02-20,ONON
ONON260220P00045000,45.0,2.03,1.76,2.26,11.0,1818.0,0.450200810546875,True,PUT,2026-02-20,ONON
ONON260220P00045500,45.5,1.44,2.17,2.53,267.0,287.0,0.4458063232421875,True,PUT,2026-02-20,ONON
ONON260220P00046000,46.0,2.04,2.35,2.83,1.0,31.0,0.44385321777343745,True,PUT,2026-02-20,ONON
ONON260220P00046500,46.5,2.01,2.7,3.15,,2.0,0.4419001123046875,True,PUT,2026-02-20,ONON
ONON260220P00047000,47.0,3.3,3.15,3.5,2.0,2.0,0.44336494140625,True,PUT,2026-02-20,ONON
ONON260220P00047500,47.5,3.6,3.6,3.75,5.0,976.0,0.4145566357421875,True,PUT,2026-02-20,ONON
ONON260220P00050000,50.0,5.89,5.25,6.2,5.0,514.0,0.5502974658203126,True,PUT,2026-02-20,ONON
ONON260220P00052500,52.5,6.53,7.55,8.65,1.0,37.0,0.6621127539062501,True,PUT,2026-02-20,ONON
ONON260220P00055000,55.0,8.41,9.85,11.1,1.0,14.0,0.7573266455078126,True,PUT,2026-02-20,ONON
ONON260220P00057500,57.5,8.49,12.3,13.65,1.0,0.0,0.8798840136718749,True,PUT,2026-02-20,ONON
ONON260227C00038000,38.0,8.35,5.8,8.35,10.0,13.0,0.5537154003906251,True,CALL,2026-02-27,ONON
ONON260227C00042000,42.0,6.21,3.7,4.4,,2.0,0.5241746801757812,True,CALL,2026-02-27,ONON
ONON260227C00044000,44.0,2.82,2.52,2.73,,3.0,0.485356708984375,True,CALL,2026-02-27,ONON
ONON260227C00045000,45.0,2.07,2.02,2.22,12.0,23.0,0.47852083984375,False,CALL,2026-02-27,ONON
ONON260227C00048000,48.0,1.8,0.94,1.11,2.0,4.0,0.46680220703125,False,CALL,2026-02-27,ONON
ONON260227C00049000,49.0,0.77,0.72,0.87,1.0,5.0,0.46680220703125,False,CALL,2026-02-27,ONON
ONON260227C00050000,50.0,0.56,0.56,0.65,4.0,103.0,0.459966337890625,False,CALL,2026-02-27,ONON
ONON260227C00051000,51.0,0.55,0.36,0.67,1.0,5.0,0.5117236328125,False,CALL,2026-02-27,ONON
ONON260227C00052000,52.0,0.43,0.27,0.75,2.0,19.0,0.506840869140625,False,CALL,2026-02-27,ONON
ONON260227C00053000,53.0,0.42,0.0,0.75,1.0,52.0,0.6210975390625001,False,CALL,2026-02-27,ONON
ONON260227C00054000,54.0,0.48,0.05,0.76,1.0,2.0,0.5468795312500001,False,CALL,2026-02-27,ONON
ONON260227C00055000,55.0,0.5,0.0,0.75,1.0,3.0,0.570316796875,False,CALL,2026-02-27,ONON
ONON260227P00035000,35.0,0.22,0.0,0.75,,45.0,0.6679720703125002,False,PUT,2026-02-27,ONON
ONON260227P00038000,38.0,0.39,0.29,0.4,3.0,59.0,0.5004932763671875,False,PUT,2026-02-27,ONON
ONON260227P00039000,39.0,0.32,0.4,0.69,200.0,203.0,0.5371140039062501,False,PUT,2026-02-27,ONON
ONON260227P00040000,40.0,0.64,0.59,0.68,1.0,59.0,0.467778759765625,False,PUT,2026-02-27,ONON
ONON260227P00041000,41.0,0.61,0.74,0.91,12.0,16.0,0.459966337890625,False,PUT,2026-02-27,ONON
ONON260227P00042000,42.0,1.14,1.05,1.18,16.0,29.0,0.4489801196289062,False,PUT,2026-02-27,ONON
ONON260227P00043000,43.0,1.57,1.35,1.52,1.0,38.0,0.43994700683593746,False,PUT,2026-02-27,ONON
ONON260227P00045000,45.0,2.45,2.33,2.46,1.0,182.0,0.43335527587890627,True,PUT,2026-02-27,ONON
ONON260227P00046000,46.0,3.05,2.7,3.05,5.0,21.0,0.432622861328125,True,PUT,2026-02-27,ONON
ONON260227P00047000,47.0,3.7,3.5,3.75,,3.0,0.4414118359375,True,PUT,2026-02-27,ONON
ONON260227P00048000,48.0,4.45,4.15,5.55,,1.0,0.52539537109375,True,PUT,2026-02-27,ONON
ONON260227P00051000,51.0,4.03,5.95,7.45,,2.0,0.5942423388671876,True,PUT,2026-02-27,ONON
ONON260306C00038000,38.0,9.61,5.95,8.75,,10.0,0.5800823242187501,True,CALL,2026-03-06,ONON
ONON260306C00046000,46.0,3.08,1.82,3.05,4.0,17.0,0.5424850439453126,False,CALL,2026-03-06,ONON
ONON260306C00049000,49.0,2.0,0.89,2.0,3.0,5.0,0.5390671093750001,False,CALL,2026-03-06,ONON
ONON260306C00050000,50.0,1.5,0.69,1.75,1.0,2.0,0.5424850439453126,False,CALL,2026-03-06,ONON
ONON260306C00051000,51.0,1.02,0.0,1.54,20.0,364.0,0.6552768847656252,False,CALL,2026-03-06,ONON
ONON260306C00052000,52.0,1.13,0.42,1.32,1.0,114.0,0.5507857421875001,False,CALL,2026-03-06,ONON
ONON260306P00042000,42.0,1.8,1.4,2.28,59.0,137.0,0.5346726220703125,False,PUT,2026-03-06,ONON
ONON260306P00043000,43.0,1.55,1.64,2.7,10.0,25.0,0.5170946728515625,False,PUT,2026-03-06,ONON
ONON260306P00044000,44.0,2.57,1.98,3.15,1.0,48.0,0.5024463818359376,False,PUT,2026-03-06,ONON
ONON260306P00045000,45.0,2.91,2.56,3.7,1.0,2.0,0.508793974609375,True,PUT,2026-03-06,ONON
ONON260320C00032500,32.5,12.55,11.8,13.0,20.0,73.0,0.6279334082031252,True,CALL,2026-03-20,ONON
ONON260320C00035000,35.0,11.93,9.65,10.75,1.0,103.0,0.6098671826171876,True,CALL,2026-03-20,ONON
ONON260320C00037500,37.5,8.0,7.8,8.65,1.0,240.0,0.6064492480468751,True,CALL,2026-03-20,ONON
ONON260320C00040000,40.0,8.15,6.2,6.7,40.0,36214.0,0.5981485498046876,True,CALL,2026-03-20,ONON
ONON260320C00042500,42.5,4.8,4.55,4.85,65.0,842.0,0.5549360913085939,True,CALL,2026-03-20,ONON
ONON260320C00045000,45.0,3.45,3.4,3.55,1095.0,2785.0,0.5561567822265626,False,CALL,2026-03-20,ONON
ONON260320C00047500,47.5,2.35,2.33,2.46,14.0,1047.0,0.5390671093750001,False,CALL,2026-03-20,ONON
ONON260320C00050000,50.0,1.64,1.55,1.72,69.0,38128.0,0.5339402075195312,False,CALL,2026-03-20,ONON
ONON260320C00052500,52.5,1.07,1.06,1.19,6.0,3398.0,0.5376022802734376,False,CALL,2026-03-20,ONON
ONON260320C00055000,55.0,0.74,0.7,0.82,40.0,1818.0,0.5400436621093752,False,CALL,2026-03-20,ONON
ONON260320C00057500,57.5,0.53,0.43,0.63,7.0,6037.0,0.5493209130859377,False,CALL,2026-03-20,ONON
ONON260320P00032500,32.5,0.38,0.26,0.43,227.0,1990.0,0.6171913281250001,False,PUT,2026-03-20,ONON
ONON260320P00035000,35.0,0.56,0.52,0.61,9.0,2626.0,0.5776409423828125,False,PUT,2026-03-20,ONON
ONON260320P00037500,37.5,1.0,0.9,0.98,41.0,1681.0,0.5488326367187502,False,PUT,2026-03-20,ONON
ONON260320P00040000,40.0,1.52,1.48,1.6,1.0,4534.0,0.5290574438476563,False,PUT,2026-03-20,ONON
ONON260320P00042500,42.5,2.4,2.4,2.46,6.0,2866.0,0.5168505346679688,False,PUT,2026-03-20,ONON
ONON260320P00045000,45.0,3.65,3.5,3.6,13.0,7161.0,0.5041553491210937,True,PUT,2026-03-20,ONON
ONON260320P00047500,47.5,5.2,4.95,5.1,12.0,2862.0,0.49805189453125004,True,PUT,2026-03-20,ONON
ONON260320P00050000,50.0,7.0,6.7,7.4,5.0,995.0,0.5246629565429688,True,PUT,2026-03-20,ONON
ONON260320P00052500,52.5,8.68,8.5,9.35,1.0,211.0,0.5039112109375,True,PUT,2026-03-20,ONON
ONON260320P00055000,55.0,9.65,10.55,11.6,2.0,157.0,0.5024463818359376,True,PUT,2026-03-20,ONON
ONON260320P00057500,57.5,7.45,9.6,10.7,42.0,96.0,1.0000000000000003e-05,True,PUT,2026-03-20,ONON
ONON260417C00032500,32.5,17.55,12.3,13.35,3.0,19.0,0.6289099609375001,True,CALL,2026-04-17,ONON
ONON260417C00035000,35.0,16.0,10.05,11.15,1.0,98.0,0.57812921875,True,CALL,2026-04-17,ONON
ONON260417C00037500,37.5,10.25,8.25,9.15,2.0,144.0,0.5681195532226562,True,CALL,2026-04-17,ONON
ONON260417C00040000,40.0,8.6,6.7,7.25,1.0,1147.0,0.5551802294921876,True,CALL,2026-04-17,ONON
ONON260417C00042500,42.5,6.55,5.3,5.4,11.0,416.0,0.5285691674804689,True,CALL,2026-04-17,ONON
ONON260417C00045000,45.0,3.95,3.9,4.1,118.0,338.0,0.5102588037109376,False,CALL,2026-04-17,ONON
ONON260417C00047500,47.5,2.85,2.95,3.05,20.0,3310.0,0.5075732836914062,False,CALL,2026-04-17,ONON
ONON260417C00050000,50.0,2.15,2.08,2.18,60.0,1421.0,0.5012256909179689,False,CALL,2026-04-17,ONON
ONON260417C00052500,52.5,1.47,1.52,1.74,217.0,584.0,0.5070850073242188,False,CALL,2026-04-17,ONON
ONON260417C00055000,55.0,1.09,1.05,1.11,4.0,568.0,0.4958546508789063,False,CALL,2026-04-17,ONON
ONON260417C00057500,57.5,0.77,0.69,0.92,9.0,445.0,0.5219774365234374,False,CALL,2026-04-17,ONON
ONON260417P00032500,32.5,0.44,0.47,0.62,5.0,674.0,0.56055126953125,False,PUT,2026-04-17,ONON
ONON260417P00035000,35.0,0.7,0.75,0.85,20.0,1322.0,0.5202684692382812,False,PUT,2026-04-17,ONON
ONON260417P00037500,37.5,1.28,1.16,1.25,55.0,1218.0,0.49707534179687507,False,PUT,2026-04-17,ONON
ONON260417P00040000,40.0,1.97,1.91,1.96,3.0,906.0,0.48633326171875,False,PUT,2026-04-17,ONON
ONON260417P00042500,42.5,2.91,2.8,2.87,126.0,601.0,0.4714408325195312,False,PUT,2026-04-17,ONON
ONON260417P00045000,45.0,4.1,3.95,4.1,16.0,425.0,0.4655815161132813,True,PUT,2026-04-17,ONON
ONON260417P00047500,47.5,5.5,5.45,5.55,10.0,433.0,0.45606012695312503,True,PUT,2026-04-17,ONON
ONON260417P00050000,50.0,6.1,7.1,7.75,4.0,1100.0,0.5144091528320311,True,PUT,2026-04-17,ONON
ONON260417P00052500,52.5,8.05,8.95,9.65,8.0,97.0,0.5144091528320311,True,PUT,2026-04-17,ONON
ONON260417P00055000,55.0,10.7,10.8,11.6,4.0,17.0,0.49927258544921876,True,PUT,2026-04-17,ONON
ONON260618C00032500,32.5,12.0,16.2,0.0,4.0,9.0,1.0000000000000003e-05,True,CALL,2026-06-18,ONON
ONON260618C00035000,35.0,12.15,11.25,12.15,1.0,2198.0,0.5854533642578125,True,CALL,2026-06-18,ONON
ONON260618C00037500,37.5,11.0,9.7,10.35,10.0,69.0,0.5795940478515625,True,CALL,2026-06-18,ONON
ONON260618C00040000,40.0,9.2,8.1,8.75,21.0,336.0,0.5649457568359376,True,CALL,2026-06-18,ONON
ONON260618C00042500,42.5,6.7,6.65,6.85,7.0,73.0,0.5285691674804689,True,CALL,2026-06-18,ONON
ONON260618C00045000,45.0,5.4,5.4,5.6,27.0,2673.0,0.5185595019531251,False,CALL,2026-06-18,ONON
ONON260618C00047500,47.5,4.3,4.35,4.5,7.0,3171.0,0.5096484582519532,False,CALL,2026-06-18,ONON
ONON260618C00050000,50.0,3.4,3.45,3.6,11.0,1902.0,0.5024463818359376,False,CALL,2026-06-18,ONON
ONON260618C00052500,52.5,2.82,2.67,2.86,1.0,533.0,0.5039112109375,False,CALL,2026-06-18,ONON
ONON260618C00055000,55.0,2.21,2.15,2.25,131.0,3624.0,0.499028447265625,False,CALL,2026-06-18,ONON
ONON260618C00057500,57.5,1.67,1.61,1.79,15.0,210.0,0.4985401708984375,False,CALL,2026-06-18,ONON
ONON260618P00032500,32.5,1.3,0.0,0.0,1.0,579.0,0.12500875,False,PUT,2026-06-18,ONON
ONON260618P00035000,35.0,1.59,1.49,1.63,46.0,2294.0,0.5041553491210937,False,PUT,2026-06-18,ONON
ONON260618P00037500,37.5,2.18,2.05,2.28,102.0,1512.0,0.4981739636230469,False,PUT,2026-06-18,ONON
ONON260618P00040000,40.0,3.01,2.98,3.05,5.0,2313.0,0.47852083984375,False,PUT,2026-06-18,ONON
ONON260618P00042500,42.5,4.03,4.0,4.1,4.0,539.0,0.46985393432617195,False,PUT,2026-06-18,ONON
ONON260618P00045000,45.0,5.35,5.15,5.3,5.0,1447.0,0.4576470251464845,True,PUT,2026-06-18,ONON
ONON260618P00047500,47.5,6.65,6.55,6.7,1.0,1933.0,0.4467828759765625,True,PUT,2026-06-18,ONON
ONON260618P00050000,50.0,7.5,8.15,8.25,10.0,1274.0,0.43286699951171875,True,PUT,2026-06-18,ONON
ONON260618P00052500,52.5,9.15,9.9,10.45,6.0,100.0,0.4670463452148438,True,PUT,2026-06-18,ONON
ONON260618P00055000,55.0,11.45,11.8,12.6,1.0,38.0,0.4865773999023438,True,PUT,2026-06-18,ONON
ONON260618P00057500,57.5,12.5,0.0,0.0,2.0,3.0,1.0000000000000003e-05,True,PUT,2026-06-18,ONON
ONON260717C00040000,40.0,8.8,8.45,9.15,24.0,34.0,0.549076774902344,True,CALL,2026-07-17,ONON
ONON260717C00042500,42.5,11.5,7.0,7.6,,1.0,0.5289353747558594,True,CALL,2026-07-17,ONON
ONON260717C00045000,45.0,6.94,5.75,6.25,3.0,170.0,0.5139208764648437,False,CALL,2026-07-17,ONON
ONON260717C00047500,47.5,4.8,4.65,5.2,11.0,147.0,0.5053760400390624,False,CALL,2026-07-17,ONON
ONON260717C00050000,50.0,4.73,3.8,4.6,2.0,62.0,0.5141650146484374,False,CALL,2026-07-17,ONON
ONON260717C00052500,52.5,2.97,3.05,3.45,1.0,20090.0,0.5105029418945313,False,CALL,2026-07-17,ONON
ONON260717C00055000,55.0,2.3,2.4,2.84,1.0,213.0,0.5090381127929688,False,CALL,2026-07-17,ONON
ONON260717C00057500,57.5,2.53,1.87,3.6,1.0,49.0,0.5462691857910158,False,CALL,2026-07-17,ONON
ONON260717P00032500,32.5,1.35,0.99,1.64,1.0,12.0,0.5114794946289063,False,PUT,2026-07-17,ONON
ONON260717P00035000,35.0,1.79,1.5,2.03,180.0,52.0,0.5168505346679688,False,PUT,2026-07-17,ONON
ONON260717P00037500,37.5,2.28,2.36,2.88,111.0,264.0,0.5163622583007812,False,PUT,2026-07-17,ONON
ONON260717P00040000,40.0,3.0,3.15,3.8,14.0,119.0,0.50586431640625,False,PUT,2026-07-17,ONON
ONON260717P00042500,42.5,3.95,4.15,4.85,38.0,235.0,0.4928029235839845,False,PUT,2026-07-17,ONON
ONON260717P00045000,45.0,4.9,5.45,6.25,262.0,267.0,0.49573258178710944,True,PUT,2026-07-17,ONON
ONON260717P00047500,47.5,6.4,6.85,7.45,33.0,164.0,0.4688773815917969,True,PUT,2026-07-17,ONON
ONON260717P00050000,50.0,8.5,8.2,8.85,9.0,16.0,0.4454401159667969,True,PUT,2026-07-17,ONON
ONON260717P00052500,52.5,9.3,10.15,10.95,2.0,3.0,0.46973186523437505,True,PUT,2026-07-17,ONON
ONON260717P00057500,57.5,13.1,13.85,15.0,,9.0,0.47852083984375,True,PUT,2026-07-17,ONON
ONON260918C00032500,32.5,18.51,14.15,15.2,2.0,4.0,0.5880168151855469,True,CALL,2026-09-18,ONON
ONON260918C00035000,35.0,13.82,12.4,13.4,3.0,256.0,0.5712933496093751,True,CALL,2026-09-18,ONON
ONON260918C00037500,37.5,16.54,11.0,11.65,1.0,12.0,0.5625043750000001,True,CALL,2026-09-18,ONON
ONON260918C00040000,40.0,13.75,9.55,10.15,2.0,2153.0,0.5515181567382813,True,CALL,2026-09-18,ONON
ONON260918C00042500,42.5,8.76,8.15,8.75,51.0,168.0,0.5368698657226563,True,CALL,2026-09-18,ONON
ONON260918C00045000,45.0,8.11,6.9,7.6,1.0,359.0,0.5282029602050782,False,CALL,2026-09-18,ONON
ONON260918C00047500,47.5,7.25,5.8,6.65,2024.0,2073.0,0.523320196533203,False,CALL,2026-09-18,ONON
ONON260918C00050000,50.0,6.25,4.85,5.65,1.0,103.0,0.5136767382812499,False,CALL,2026-09-18,ONON
ONON260918C00052500,52.5,5.05,4.0,4.65,2.0,34.0,0.5229539892578124,False,CALL,2026-09-18,ONON
ONON260918C00055000,55.0,3.55,3.45,3.8,17.0,84.0,0.5073291455078125,False,CALL,2026-09-18,ONON
ONON260918C00057500,57.5,3.6,2.79,3.4,235.0,236.0,0.5185595019531251,False,CALL,2026-09-18,ONON
ONON260918P00032500,32.5,1.69,1.63,2.0,51.0,574.0,0.5178270874023438,False,PUT,2026-09-18,ONON
ONON260918P00035000,35.0,2.24,2.32,2.43,113.0,2742.0,0.481450498046875,False,PUT,2026-09-18,ONON
ONON260918P00037500,37.5,3.05,3.05,3.65,67.0,101.0,0.507817421875,False,PUT,2026-09-18,ONON
ONON260918P00040000,40.0,3.8,3.95,4.6,2.0,513.0,0.495122236328125,False,PUT,2026-09-18,ONON
ONON260918P00042500,42.5,5.3,5.1,5.55,18.0,83.0,0.4726615234375,False,PUT,2026-09-18,ONON
ONON260918P00045000,45.0,6.0,6.25,7.0,2.0,377.0,0.4769339416503906,True,PUT,2026-09-18,ONON
ONON260918P00047500,47.5,6.5,7.65,8.5,5.0,47.0,0.47449255981445315,True,PUT,2026-09-18,ONON
ONON260918P00050000,50.0,8.6,9.2,10.0,12.0,145.0,0.46289599609375004,True,PUT,2026-09-18,ONON
ONON260918P00052500,52.5,9.83,10.9,11.55,1.0,2.0,0.4458063232421875,True,PUT,2026-09-18,ONON
ONON260918P00055000,55.0,11.75,12.7,13.55,1.0,3.0,0.4534966760253906,True,PUT,2026-09-18,ONON
ONON261218C00032500,32.5,21.0,14.45,17.2,1.0,22.0,0.5988809643554689,True,CALL,2026-12-18,ONON
ONON261218C00035000,35.0,18.44,13.2,14.55,4.0,103.0,0.5609174768066407,True,CALL,2026-12-18,ONON
ONON261218C00037500,37.5,13.98,11.95,12.9,1.0,78.0,0.5555464367675782,True,CALL,2026-12-18,ONON
ONON261218C00040000,40.0,10.99,10.75,11.45,1.0,1496.0,0.5507857421875001,True,CALL,2026-12-18,ONON
ONON261218C00042500,42.5,13.35,9.4,10.15,1.0,28.0,0.5390671093750001,True,CALL,2026-12-18,ONON
ONON261218C00045000,45.0,9.89,8.25,9.7,1.0,162.0,0.5533491931152343,False,CALL,2026-12-18,ONON
ONON261218C00047500,47.5,7.4,7.2,8.05,2.0,17.0,0.5277146838378908,False,CALL,2026-12-18,ONON
ONON261218C00050000,50.0,8.05,6.25,6.95,10.0,596.0,0.5162401892089843,False,CALL,2026-12-18,ONON
ONON261218C00052500,52.5,6.6,5.6,6.15,8.0,786.0,0.5174608801269531,False,CALL,2026-12-18,ONON
ONON261218C00055000,55.0,5.34,4.85,5.45,2.0,2224.0,0.513554669189453,False,CALL,2026-12-18,ONON
ONON261218C00057500,57.5,5.55,4.2,4.7,1.0,220.0,0.5064746618652343,False,CALL,2026-12-18,ONON
ONON261218P00032500,32.5,2.53,2.36,2.92,2.0,328.0,0.523442265625,False,PUT,2026-12-18,ONON
ONON261218P00035000,35.0,3.35,3.2,3.5,3.0,592.0,0.495122236328125,False,PUT,2026-12-18,ONON
ONON261218P00037500,37.5,3.47,2.81,4.4,1.0,210.0,0.48474636352539063,False,PUT,2026-12-18,ONON
ONON261218P00040000,40.0,5.15,4.1,5.35,34.0,103.0,0.46985393432617195,False,PUT,2026-12-18,ONON
ONON261218P00042500,42.5,6.35,5.2,7.45,175.0,83.0,0.5205126074218749,False,PUT,2026-12-18,ONON
ONON261218P00045000,45.0,6.49,7.25,8.0,702.0,536.0,0.46521530883789064,True,PUT,2026-12-18,ONON
ONON261218P00047500,47.5,8.88,8.7,10.3,1.0,584.0,0.5102588037109376,True,PUT,2026-12-18,ONON
ONON261218P00050000,50.0,10.7,9.4,10.85,2.0,194.0,0.44360907958984375,True,PUT,2026-12-18,ONON
ONON261218P00052500,52.5,10.04,11.95,13.35,2.0,43.0,0.48792015991210946,True,PUT,2026-12-18,ONON
ONON261218P00055000,55.0,12.15,11.7,15.05,1.0,52.0,0.47900911621093745,True,PUT,2026-12-18,ONON
ONON261218P00057500,57.5,11.19,16.2,17.8,1.0,4.0,0.530400203857422,True,PUT,2026-12-18,ONON
ONON270115C00032500,32.5,15.6,0.0,0.0,2.0,26.0,1.0000000000000003e-05,True,CALL,2027-01-15,ONON
ONON270115C00035000,35.0,14.34,13.8,14.95,7.0,170.0,0.575077491455078,True,CALL,2027-01-15,ONON
ONON270115C00037500,37.5,14.0,12.4,13.75,3.0,58.0,0.5772747351074219,True,CALL,2027-01-15,ONON
ONON270115C00040000,40.0,12.4,11.05,12.65,25.0,186.0,0.5764202514648438,True,CALL,2027-01-15,ONON
ONON270115C00042500,42.5,11.8,9.7,10.55,1.0,3051.0,0.5384567639160158,True,CALL,2027-01-15,ONON
ONON270115C00045000,45.0,8.81,8.7,9.2,20.0,13998.0,0.529423651123047,False,CALL,2027-01-15,ONON
ONON270115C00047500,47.5,8.09,7.4,9.15,1.0,367.0,0.5438278039550781,False,CALL,2027-01-15,ONON
ONON270115C00050000,50.0,7.9,6.4,8.05,10.0,553.0,0.5311326184082032,False,CALL,2027-01-15,ONON
ONON270115C00052500,52.5,6.0,5.8,6.25,31.0,256.0,0.5050098327636718,False,CALL,2027-01-15,ONON
ONON270115C00055000,55.0,5.85,4.8,6.1,20.0,711.0,0.5101367346191408,False,CALL,2027-01-15,ONON
ONON270115C00057500,57.5,5.7,4.15,5.85,10.0,596.0,0.5185595019531251,False,CALL,2027-01-15,ONON
ONON270115P00032500,32.5,2.69,2.54,3.7,57.0,3815.0,0.5190477783203125,False,PUT,2027-01-15,ONON
ONON270115P00035000,35.0,3.0,3.2,4.35,1.0,955.0,0.5387009020996094,False,PUT,2027-01-15,ONON
ONON270115P00037500,37.5,3.9,4.0,4.85,331.0,1846.0,0.49597671997070314,False,PUT,2027-01-15,ONON
ONON270115P00040000,40.0,5.05,5.15,6.5,200.0,4417.0,0.5241746801757812,False,PUT,2027-01-15,ONON
ONON270115P00042500,42.5,6.15,6.35,7.7,40.0,1136.0,0.514653291015625,False,PUT,2027-01-15,ONON
ONON270115P00045000,45.0,7.8,7.45,9.0,1.0,397.0,0.5048877636718749,True,PUT,2027-01-15,ONON
ONON270115P00047500,47.5,8.89,8.7,10.4,1.0,85.0,0.4952443054199219,True,PUT,2027-01-15,ONON
ONON270115P00050000,50.0,8.89,10.4,11.9,1.0,207.0,0.4858449853515625,True,PUT,2027-01-15,ONON
ONON270115P00052500,52.5,11.8,12.1,13.5,1.0,712.0,0.47681187255859375,True,PUT,2027-01-15,ONON
ONON270115P00055000,55.0,12.25,13.6,15.25,1.0,859.0,0.4713187634277344,True,PUT,2027-01-15,ONON
ONON270115P00057500,57.5,11.53,14.4,14.7,1.0,8.0,0.31153032226562494,True,PUT,2027-01-15,ONON
ONON280121C00032500,32.5,18.4,0.0,0.0,2.0,5.0,1.0000000000000003e-05,True,CALL,2028-01-21,ONON
ONON280121C00035000,35.0,19.0,16.45,18.45,1.0,64.0,0.5581098876953126,True,CALL,2028-01-21,ONON
ONON280121C00037500,37.5,17.98,15.1,17.05,10.0,81.0,0.5457809094238282,True,CALL,2028-01-21,ONON
ONON280121C00040000,40.0,16.5,13.85,16.7,4.0,239.0,0.5572554040527344,True,CALL,2028-01-21,ONON
ONON280121C00042500,42.5,16.0,12.7,15.55,3.0,351.0,0.5488326367187502,True,CALL,2028-01-21,ONON
ONON280121C00045000,45.0,13.74,12.6,13.7,1.0,307.0,0.5454757366943359,False,CALL,2028-01-21,ONON
ONON280121C00047500,47.5,13.0,11.6,13.45,5.0,151.0,0.5540816076660158,False,CALL,2028-01-21,ONON
ONON280121C00050000,50.0,12.5,9.75,12.6,35.0,97.0,0.5301560656738282,False,CALL,2028-01-21,ONON
ONON280121C00052500,52.5,11.57,9.8,11.75,11.0,30.0,0.5430343548583985,False,CALL,2028-01-21,ONON
ONON280121C00055000,55.0,9.74,8.15,10.45,4.0,28.0,0.5103808728027344,False,CALL,2028-01-21,ONON
ONON280121P00032500,32.5,4.82,4.45,5.05,121.0,216.0,0.4714408325195312,False,PUT,2028-01-21,ONON
ONON280121P00035000,35.0,5.8,5.7,5.9,4.0,400.0,0.45551081604003907,False,PUT,2028-01-21,ONON
ONON280121P00037500,37.5,6.0,6.3,7.15,1.0,178.0,0.4555718505859375,False,PUT,2028-01-21,ONON
ONON280121P00040000,40.0,7.62,7.1,8.9,1.0,356.0,0.4735160070800781,False,PUT,2028-01-21,ONON
ONON280121P00042500,42.5,9.2,8.4,10.0,1.0,137.0,0.4576470251464845,False,PUT,2028-01-21,ONON
ONON280121P00045000,45.0,10.9,0.0,0.0,64.0,40.0,1.0000000000000003e-05,True,PUT,2028-01-21,ONON
ONON280121P00047500,47.5,10.47,11.5,13.25,5.0,39.0,0.46143116699218756,True,PUT,2028-01-21,ONON
ONON280121P00050000,50.0,12.65,13.0,13.85,1.0,130.0,0.4172421557617187,True,PUT,2028-01-21,ONON
ONON280121P00052500,52.5,14.6,14.5,16.35,1.0,63.0,0.4470270141601562,True,PUT,2028-01-21,ONON
ONON280121P00055000,55.0,15.9,16.2,18.05,1.0,3.0,0.4420221813964844,True,PUT,2028-01-21,ONON
OPEN260130C00004000,4.0,1.7,1.51,1.86,1.0,15.0,3.81250046875,True,CALL,2026-01-30,OPEN
OPEN260130C00004500,4.5,1.17,1.0,1.2,15.0,43.0,2.9531276171874996,True,CALL,2026-01-30,OPEN
OPEN260130C00005000,5.0,0.59,0.57,0.71,371.0,2253.0,1.3125034374999998,True,CALL,2026-01-30,OPEN
OPEN260130C00005500,5.5,0.18,0.17,0.18,2463.0,1469.0,0.6796907031250001,True,CALL,2026-01-30,OPEN
OPEN260130C00006000,6.0,0.02,0.01,0.02,11792.0,26272.0,0.7187528125,False,CALL,2026-01-30,OPEN
OPEN260130C00006500,6.5,0.01,0.0,0.01,4210.0,20419.0,1.0625046875000002,False,CALL,2026-01-30,OPEN
OPEN260130C00007000,7.0,0.01,0.0,0.01,353.0,23229.0,1.4375028125,False,CALL,2026-01-30,OPEN
OPEN260130P00004000,4.0,0.01,0.0,0.01,1.0,210.0,2.1250046874999997,False,PUT,2026-01-30,OPEN
OPEN260130P00004500,4.5,0.01,0.0,0.01,10.0,429.0,1.5000025,False,PUT,2026-01-30,OPEN
OPEN260130P00005000,5.0,0.01,0.0,0.01,350.0,1722.0,0.87500125,False,PUT,2026-01-30,OPEN
OPEN260130P00005500,5.5,0.05,0.04,0.05,1947.0,6307.0,0.5468795312500001,False,PUT,2026-01-30,OPEN
OPEN260130P00006000,6.0,0.38,0.37,0.4,984.0,16020.0,0.6562534375000001,True,PUT,2026-01-30,OPEN
OPEN260130P00006500,6.5,0.92,0.86,0.96,302.0,5021.0,1.3750031249999999,True,PUT,2026-01-30,OPEN
OPEN260130P00007000,7.0,1.4,1.33,1.49,257.0,2043.0,1.875000625,True,PUT,2026-01-30,OPEN
OPEN260206C00004000,4.0,1.6,1.51,1.72,2.0,20.0,1.000005,True,CALL,2026-02-06,OPEN
OPEN260206C00004500,4.5,1.12,1.02,1.28,1.0,8.0,1.09375453125,True,CALL,2026-02-06,OPEN
OPEN260206C00005000,5.0,0.65,0.66,0.74,14.0,224.0,0.9062509375,True,CALL,2026-02-06,OPEN
OPEN260206C00005500,5.5,0.31,0.3,0.33,1042.0,1854.0,0.73437765625,True,CALL,2026-02-06,OPEN
OPEN260206C00006000,6.0,0.12,0.11,0.12,4002.0,4240.0,0.73437765625,False,CALL,2026-02-06,OPEN
OPEN260206C00006500,6.5,0.05,0.04,0.05,1543.0,6180.0,0.79687703125,False,CALL,2026-02-06,OPEN
OPEN260206C00007000,7.0,0.03,0.02,0.03,1881.0,8030.0,0.92187578125,False,CALL,2026-02-06,OPEN
OPEN260206P00004000,4.0,0.01,0.0,0.02,1.0,122.0,1.15625421875,False,PUT,2026-02-06,OPEN
OPEN260206P00004500,4.5,0.02,0.0,0.02,54.0,404.0,0.8125018749999999,False,PUT,2026-02-06,OPEN
OPEN260206P00005000,5.0,0.05,0.04,0.05,396.0,3090.0,0.70312796875,False,PUT,2026-02-06,OPEN
OPEN260206P00005500,5.5,0.2,0.17,0.2,537.0,2712.0,0.6796907031250001,False,PUT,2026-02-06,OPEN
OPEN260206P00006000,6.0,0.47,0.46,0.49,521.0,3515.0,0.632816171875,True,PUT,2026-02-06,OPEN
OPEN260206P00006500,6.5,0.92,0.87,1.0,274.0,1728.0,0.79687703125,True,PUT,2026-02-06,OPEN
OPEN260206P00007000,7.0,1.4,1.34,1.49,6.0,1018.0,0.92187578125,True,PUT,2026-02-06,OPEN
OPEN260213C00004000,4.0,1.69,1.44,2.12,2.0,12.0,1.765626171875,True,CALL,2026-02-13,OPEN
OPEN260213C00004500,4.5,1.17,1.0,1.21,2.0,5.0,1.0859420703125,True,CALL,2026-02-13,OPEN
OPEN260213C00005000,5.0,0.7,0.65,0.79,51.0,74.0,0.7421900781249999,True,CALL,2026-02-13,OPEN
OPEN260213C00005500,5.5,0.4,0.39,0.43,55.0,226.0,0.7617211328125001,True,CALL,2026-02-13,OPEN
OPEN260213C00006000,6.0,0.18,0.19,0.22,723.0,2296.0,0.7578149218750001,False,CALL,2026-02-13,OPEN
OPEN260213C00006500,6.5,0.1,0.09,0.11,383.0,2026.0,0.7851583984375,False,CALL,2026-02-13,OPEN
OPEN260213C00007000,7.0,0.06,0.05,0.06,683.0,5943.0,0.8437515624999999,False,CALL,2026-02-13,OPEN
OPEN260213P00004000,4.0,0.05,0.0,0.39,1.0,12.0,1.8671881640625,False,PUT,2026-02-13,OPEN
OPEN260213P00004500,4.5,0.04,0.01,0.04,4.0,134.0,0.726565234375,False,PUT,2026-02-13,OPEN
OPEN260213P00005000,5.0,0.1,0.1,0.12,36.0,656.0,0.7421900781249999,False,PUT,2026-02-13,OPEN
OPEN260213P00005500,5.5,0.29,0.26,0.3,304.0,1474.0,0.7148466015625,False,PUT,2026-02-13,OPEN
OPEN260213P00006000,6.0,0.6,0.55,0.6,185.0,1595.0,0.7148466015625,True,PUT,2026-02-13,OPEN
OPEN260213P00006500,6.5,0.99,0.93,1.06,3.0,889.0,0.79687703125,True,PUT,2026-02-13,OPEN
OPEN260213P00007000,7.0,1.45,1.42,1.55,63.0,640.0,0.992187578125,True,PUT,2026-02-13,OPEN
OPEN260220C00004000,4.0,1.61,1.56,1.7,1.0,609.0,0.8125018749999999,True,CALL,2026-02-20,OPEN
OPEN260220C00004500,4.5,1.22,1.08,1.31,1.0,61.0,0.8554701953125,True,CALL,2026-02-20,OPEN
OPEN260220C00005000,5.0,0.81,0.74,0.83,461.0,2786.0,0.773439765625,True,CALL,2026-02-20,OPEN
OPEN260220C00005500,5.5,0.46,0.45,0.54,176.0,446.0,0.789064609375,True,CALL,2026-02-20,OPEN
OPEN260220C00006000,6.0,0.28,0.27,0.28,1538.0,7745.0,0.7617211328125001,False,CALL,2026-02-20,OPEN
OPEN260220C00006500,6.5,0.16,0.14,0.16,303.0,1846.0,0.7695335546875001,False,CALL,2026-02-20,OPEN
OPEN260220C00007000,7.0,0.09,0.1,0.11,3472.0,24630.0,0.8554701953125,False,CALL,2026-02-20,OPEN
OPEN260220P00004000,4.0,0.03,0.02,0.05,1.0,14004.0,0.92187578125,False,PUT,2026-02-20,OPEN
OPEN260220P00004500,4.5,0.05,0.05,0.06,101.0,1002.0,0.7421900781249999,False,PUT,2026-02-20,OPEN
OPEN260220P00005000,5.0,0.15,0.14,0.17,195.0,12700.0,0.726565234375,False,PUT,2026-02-20,OPEN
OPEN260220P00005500,5.5,0.35,0.33,0.35,96.0,4216.0,0.7070341796875,False,PUT,2026-02-20,OPEN
OPEN260220P00006000,6.0,0.64,0.62,0.65,212.0,15337.0,0.7070341796875,True,PUT,2026-02-20,OPEN
OPEN260220P00006500,6.5,1.05,0.93,1.08,14.0,521.0,0.6914093359375001,True,PUT,2026-02-20,OPEN
OPEN260220P00007000,7.0,1.46,1.38,1.56,43.0,8378.0,0.7812521875,True,PUT,2026-02-20,OPEN
OPEN260227C00004000,4.0,1.7,1.56,1.75,10.0,1.0,0.85937640625,True,CALL,2026-02-27,OPEN
OPEN260227C00004500,4.5,1.26,1.19,1.29,67.0,82.0,0.87500125,True,CALL,2026-02-27,OPEN
OPEN260227C00005000,5.0,0.91,0.85,0.94,13.0,758.0,0.8867198828124999,True,CALL,2026-02-27,OPEN
OPEN260227C00005500,5.5,0.64,0.61,0.66,251.0,197.0,0.914063359375,True,CALL,2026-02-27,OPEN
OPEN260227C00006000,6.0,0.41,0.4,0.45,431.0,1264.0,0.9062509375,False,CALL,2026-02-27,OPEN
OPEN260227C00006500,6.5,0.27,0.26,0.3,285.0,1957.0,0.9101571484375,False,CALL,2026-02-27,OPEN
OPEN260227C00007000,7.0,0.18,0.2,0.22,356.0,2725.0,0.9687503125,False,CALL,2026-02-27,OPEN
OPEN260227P00004000,4.0,0.06,0.04,0.13,32.0,133.0,1.0234423828125,False,PUT,2026-02-27,OPEN
OPEN260227P00004500,4.5,0.16,0.12,0.16,6.0,290.0,0.8984385156249999,False,PUT,2026-02-27,OPEN
OPEN260227P00005000,5.0,0.28,0.26,0.29,150.0,873.0,0.867188828125,False,PUT,2026-02-27,OPEN
OPEN260227P00005500,5.5,0.51,0.49,0.52,231.0,770.0,0.8808605664062499,False,PUT,2026-02-27,OPEN
OPEN260227P00006000,6.0,0.82,0.76,0.82,93.0,1610.0,0.867188828125,True,PUT,2026-02-27,OPEN
OPEN260227P00006500,6.5,1.25,1.12,1.24,5.0,1058.0,0.9257819921875,True,PUT,2026-02-27,OPEN
OPEN260227P00007000,7.0,1.56,1.48,1.68,73.0,669.0,0.929688203125,True,PUT,2026-02-27,OPEN
OPEN260306C00005000,5.0,1.02,0.92,1.02,6.0,389.0,0.92187578125,True,CALL,2026-03-06,OPEN
OPEN260306C00005500,5.5,0.7,0.66,0.78,851.0,1116.0,0.945313046875,True,CALL,2026-03-06,OPEN
OPEN260306C00006000,6.0,0.55,0.48,0.55,104.0,484.0,0.9433599414062499,False,CALL,2026-03-06,OPEN
OPEN260306C00006500,6.5,0.38,0.36,0.4,86.0,441.0,0.9687503125,False,CALL,2026-03-06,OPEN
OPEN260306C00007000,7.0,0.31,0.24,0.29,120.0,989.0,0.96679720703125,False,CALL,2026-03-06,OPEN
OPEN260306P00005000,5.0,0.36,0.32,0.35,89.0,116.0,0.8789074609374999,False,PUT,2026-03-06,OPEN
OPEN260306P00005500,5.5,0.57,0.56,0.62,74.0,408.0,0.914063359375,False,PUT,2026-03-06,OPEN
OPEN260306P00006000,6.0,0.92,0.86,0.96,2.0,476.0,0.9492192578124999,True,PUT,2026-03-06,OPEN
OPEN260306P00006500,6.5,1.15,1.18,1.36,21.0,51.0,0.9687503125,True,PUT,2026-03-06,OPEN
OPEN260306P00007000,7.0,1.65,1.51,1.74,13.0,102.0,0.9179695703125,True,PUT,2026-03-06,OPEN
OPEN260320C00004000,4.0,1.94,1.7,2.05,11.0,15.0,1.18359783203125,True,CALL,2026-03-20,OPEN
OPEN260320C00005000,5.0,1.06,1.02,1.12,396.0,1292.0,0.92187578125,True,CALL,2026-03-20,OPEN
OPEN260320C00006000,6.0,0.62,0.61,0.64,906.0,2710.0,0.9355475195312499,False,CALL,2026-03-20,OPEN
OPEN260320C00007000,7.0,0.35,0.34,0.37,1006.0,5727.0,0.945313046875,False,CALL,2026-03-20,OPEN
OPEN260320P00004000,4.0,0.2,0.08,0.2,5.0,61.0,0.92187578125,False,PUT,2026-03-20,OPEN
OPEN260320P00005000,5.0,0.45,0.42,0.43,69.0,1299.0,0.87500125,False,PUT,2026-03-20,OPEN
OPEN260320P00006000,6.0,0.99,0.95,0.98,28.0,2153.0,0.87500125,True,PUT,2026-03-20,OPEN
OPEN260320P00007000,7.0,1.74,1.63,1.75,188.0,292.0,0.8710950390625,True,PUT,2026-03-20,OPEN
OPEN260515C00004000,4.0,2.16,1.83,2.3,18.0,1127.0,1.05859845703125,True,CALL,2026-05-15,OPEN
OPEN260515C00005000,5.0,1.4,1.33,1.46,289.0,921.0,0.937500625,True,CALL,2026-05-15,OPEN
OPEN260515C00006000,6.0,1.03,0.99,1.04,891.0,4862.0,0.9687503125,False,CALL,2026-05-15,OPEN
OPEN260515C00007000,7.0,0.74,0.72,0.75,610.0,19014.0,0.9804689453125001,False,CALL,2026-05-15,OPEN
OPEN260515P00004000,4.0,0.35,0.35,0.38,2.0,1699.0,0.94726615234375,False,PUT,2026-05-15,OPEN
OPEN260515P00005000,5.0,0.79,0.75,0.78,19.0,9341.0,0.91992267578125,False,PUT,2026-05-15,OPEN
OPEN260515P00006000,6.0,1.34,1.31,1.36,152.0,2995.0,0.9101571484375,True,PUT,2026-05-15,OPEN
OPEN260515P00007000,7.0,2.09,2.03,2.09,31.0,3699.0,0.9257819921875,True,PUT,2026-05-15,OPEN
OPEN260821C00004000,4.0,2.82,2.21,2.67,6.0,55.0,1.08203583984375,True,CALL,2026-08-21,OPEN
OPEN260821C00005000,5.0,1.83,1.75,1.89,81.0,469.0,0.9648441015625,True,CALL,2026-08-21,OPEN
OPEN260821C00006000,6.0,1.46,1.39,1.48,105.0,530.0,0.95507857421875,False,CALL,2026-08-21,OPEN
OPEN260821C00007000,7.0,1.17,1.11,1.21,66.0,3373.0,0.96289099609375,False,CALL,2026-08-21,OPEN
OPEN260821P00004000,4.0,0.61,0.57,0.65,35.0,448.0,0.8984385156249999,False,PUT,2026-08-21,OPEN
OPEN260821P00005000,5.0,1.07,1.06,1.14,1.0,2899.0,0.8896495410156249,False,PUT,2026-08-21,OPEN
OPEN260821P00006000,6.0,1.71,1.69,1.75,473.0,4113.0,0.8906260937499999,True,PUT,2026-08-21,OPEN
OPEN260821P00007000,7.0,2.31,2.31,2.52,9.0,2160.0,0.8828136718749999,True,PUT,2026-08-21,OPEN
OPEN260918C00004000,4.0,2.59,2.26,2.67,3.0,150.0,1.0351610742187503,True,CALL,2026-09-18,OPEN
OPEN260918C00005000,5.0,2.04,1.83,2.04,50.0,350.0,0.9785158398437501,True,CALL,2026-09-18,OPEN
OPEN260918C00006000,6.0,1.53,1.4,1.64,72.0,802.0,0.945313046875,False,CALL,2026-09-18,OPEN
OPEN260918C00007000,7.0,1.25,1.22,1.3,267.0,2309.0,0.9589847851562499,False,CALL,2026-09-18,OPEN
OPEN260918P00004000,4.0,0.66,0.65,0.7,10.0,166.0,0.8945323046874999,False,PUT,2026-09-18,OPEN
OPEN260918P00005000,5.0,1.2,1.14,1.22,535.0,3987.0,0.885743330078125,False,PUT,2026-09-18,OPEN
OPEN260918P00006000,6.0,1.78,1.76,1.83,2.0,1334.0,0.8789074609374999,True,PUT,2026-09-18,OPEN
OPEN260918P00007000,7.0,2.35,2.38,2.65,3.0,4502.0,0.883790224609375,True,PUT,2026-09-18,OPEN
OPEN261120C00004000,4.0,2.59,2.34,2.92,1.0,203.0,1.0361376318359379,True,CALL,2026-11-20,OPEN
OPEN261120C00005000,5.0,2.07,2.07,2.33,23.0,848.0,1.0244189404296877,True,CALL,2026-11-20,OPEN
OPEN261120C00007000,7.0,1.52,1.38,1.62,47.0,1198.0,0.9726565234375,False,CALL,2026-11-20,OPEN
OPEN261120P00004000,4.0,0.83,0.64,1.03,179.0,1064.0,0.90429783203125,False,PUT,2026-11-20,OPEN
OPEN261120P00005000,5.0,1.36,1.25,1.35,201.0,1089.0,0.8535170898437501,False,PUT,2026-11-20,OPEN
OPEN261120P00007000,7.0,2.66,2.56,2.85,5.0,2058.0,0.87695435546875,True,PUT,2026-11-20,OPEN
OPEN270115C00004000,4.0,2.79,2.46,3.0,8.0,2207.0,1.01172369140625,True,CALL,2027-01-15,OPEN
OPEN270115C00004500,4.5,4.73,0.0,0.0,6.0,2082.0,1.0000000000000003e-05,True,CALL,2027-01-15,OPEN
OPEN270115C00005000,5.0,2.26,2.2,2.29,627.0,6303.0,0.9619144433593749,True,CALL,2027-01-15,OPEN
OPEN270115C00005500,5.5,4.45,0.0,0.0,31.0,4378.0,1.0000000000000003e-05,True,CALL,2027-01-15,OPEN
OPEN270115C00007000,7.0,1.65,1.61,1.89,340.0,23383.0,1.0068409033203123,False,CALL,2027-01-15,OPEN
OPEN270115P00004000,4.0,0.91,0.89,0.91,238.0,1951.0,0.8710950390625,False,PUT,2027-01-15,OPEN
OPEN270115P00004500,4.5,1.45,0.0,0.0,3.0,748.0,0.062509375,False,PUT,2027-01-15,OPEN
OPEN270115P00005000,5.0,1.46,1.43,1.48,90.0,3460.0,0.8652357226562499,False,PUT,2027-01-15,OPEN
OPEN270115P00005500,5.5,2.0,0.0,0.0,10.0,1549.0,0.007822421875,False,PUT,2027-01-15,OPEN
OPEN270115P00007000,7.0,2.87,2.77,2.93,1.0,8601.0,0.8720715917968749,True,PUT,2027-01-15,OPEN
OPEN271217C00004000,4.0,3.6,3.25,3.75,1.0,164.0,1.1015669921875002,True,CALL,2027-12-17,OPEN
OPEN271217C00004500,4.5,5.15,0.0,0.0,10.0,2548.0,1.0000000000000003e-05,True,CALL,2027-12-17,OPEN
OPEN271217C00005000,5.0,3.0,2.9,3.2,6.0,2577.0,1.021489267578125,True,CALL,2027-12-17,OPEN
OPEN271217C00005500,5.5,4.99,0.0,0.0,116.0,4219.0,1.0000000000000003e-05,True,CALL,2027-12-17,OPEN
OPEN271217C00007000,7.0,2.59,2.52,2.65,485.0,1688.0,1.017583037109375,False,CALL,2027-12-17,OPEN
OPEN271217P00004000,4.0,1.5,1.47,1.56,21.0,466.0,0.9101571484375,False,PUT,2027-12-17,OPEN
OPEN271217P00004500,4.5,2.0,0.0,0.0,1.0,432.0,0.062509375,False,PUT,2027-12-17,OPEN
OPEN271217P00005000,5.0,2.16,2.11,2.2,25.0,487.0,0.8964854101562498,False,PUT,2027-12-17,OPEN
OPEN271217P00005500,5.5,2.72,0.0,0.0,1.0,898.0,0.007822421875,False,PUT,2027-12-17,OPEN
OPEN271217P00007000,7.0,3.55,3.4,3.7,1.0,195.0,0.8618177880859376,True,PUT,2027-12-17,OPEN
OPEN280121C00004000,4.0,3.42,3.25,3.6,6.0,1720.0,1.0361376318359379,True,CALL,2028-01-21,OPEN
OPEN280121C00005000,5.0,3.18,3.05,3.25,150.0,1951.0,1.040043862304688,True,CALL,2028-01-21,OPEN
OPEN280121C00007000,7.0,2.65,2.55,2.72,130.0,7043.0,1.01172369140625,False,CALL,2028-01-21,OPEN
OPEN280121P00004000,4.0,1.54,1.51,1.62,4.0,1283.0,0.91211025390625,False,PUT,2028-01-21,OPEN
OPEN280121P00005000,5.0,2.23,2.11,2.31,1.0,322.0,0.8974619628906249,False,PUT,2028-01-21,OPEN
OPEN280121P00007000,7.0,3.57,3.45,3.75,203.0,666.0,0.8579115771484375,True,PUT,2028-01-21,OPEN
ORCL260130C00120000,120.0,75.7,43.55,46.65,,4.0,3.162111469726563,True,CALL,2026-01-30,ORCL
ORCL260130C00125000,125.0,56.3,38.55,41.65,2.0,0.0,2.841799770507812,True,CALL,2026-01-30,ORCL
ORCL260130C00130000,130.0,34.32,33.55,36.5,8.0,6.0,2.447269506835937,True,CALL,2026-01-30,ORCL
ORCL260130C00135000,135.0,62.96,28.6,31.65,2.0,0.0,2.2226606933593747,True,CALL,2026-01-30,ORCL
ORCL260130C00140000,140.0,38.0,23.6,26.65,1.0,73.0,1.9208988330078127,True,CALL,2026-01-30,ORCL
ORCL260130C00145000,145.0,18.3,18.6,21.2,20.0,92.0,1.4257841210937499,True,CALL,2026-01-30,ORCL
ORCL260130C00150000,150.0,13.5,13.65,16.25,20.0,56.0,1.1689494677734376,True,CALL,2026-01-30,ORCL
ORCL260130C00155000,155.0,10.9,10.1,10.95,145.0,277.0,0.5537154003906251,True,CALL,2026-01-30,ORCL
ORCL260130C00157500,157.5,8.28,7.6,9.45,44.0,3.0,0.6601596484375001,True,CALL,2026-01-30,ORCL
ORCL260130C00160000,160.0,5.95,5.45,6.15,2517.0,210.0,0.5507857421875001,True,CALL,2026-01-30,ORCL
ORCL260130C00162500,162.5,4.05,3.8,4.05,3564.0,68.0,0.48438015625,True,CALL,2026-01-30,ORCL
ORCL260130C00165000,165.0,2.32,2.35,2.45,7628.0,299.0,0.463872548828125,True,CALL,2026-01-30,ORCL
ORCL260130C00167500,167.5,1.33,1.23,1.31,2881.0,243.0,0.4506890869140625,False,CALL,2026-01-30,ORCL
ORCL260130C00170000,170.0,0.65,0.62,0.68,6889.0,1167.0,0.4624077197265626,False,CALL,2026-01-30,ORCL
ORCL260130C00172500,172.5,0.31,0.28,0.36,3062.0,2073.0,0.48633326171875,False,CALL,2026-01-30,ORCL
ORCL260130C00175000,175.0,0.15,0.14,0.16,8250.0,2811.0,0.49219257812500006,False,CALL,2026-01-30,ORCL
ORCL260130C00177500,177.5,0.08,0.08,0.09,2148.0,2485.0,0.5195360546875,False,CALL,2026-01-30,ORCL
ORCL260130C00180000,180.0,0.05,0.05,0.06,6611.0,8122.0,0.5625043750000001,False,CALL,2026-01-30,ORCL
ORCL260130C00182500,182.5,0.05,0.04,0.05,1823.0,2544.0,0.6210975390625001,False,CALL,2026-01-30,ORCL
ORCL260130C00185000,185.0,0.03,0.03,0.04,2535.0,8102.0,0.6679720703125002,False,CALL,2026-01-30,ORCL
ORCL260130C00187500,187.5,0.03,0.03,0.04,725.0,3569.0,0.7382838671874999,False,CALL,2026-01-30,ORCL
ORCL260130C00190000,190.0,0.02,0.02,0.03,4965.0,10327.0,0.773439765625,False,CALL,2026-01-30,ORCL
ORCL260130C00192500,192.5,0.03,0.01,0.03,649.0,4351.0,0.8125018749999999,False,CALL,2026-01-30,ORCL
ORCL260130C00195000,195.0,0.02,0.01,0.02,5123.0,29625.0,0.8437515624999999,False,CALL,2026-01-30,ORCL
ORCL260130C00197500,197.5,0.01,0.01,0.02,1286.0,1875.0,0.9062509375,False,CALL,2026-01-30,ORCL
ORCL260130C00200000,200.0,0.01,0.0,0.01,1276.0,13889.0,0.87500125,False,CALL,2026-01-30,ORCL
ORCL260130C00202500,202.5,0.01,0.01,0.02,201.0,1158.0,1.015629921875,False,CALL,2026-01-30,ORCL
ORCL260130C00205000,205.0,0.01,0.0,0.01,807.0,4737.0,0.9687503125,False,CALL,2026-01-30,ORCL
ORCL260130C00207500,207.5,0.01,0.0,0.01,14.0,673.0,1.000005,False,CALL,2026-01-30,ORCL
ORCL260130C00210000,210.0,0.04,0.0,0.01,123.0,2381.0,1.0625046875000002,False,CALL,2026-01-30,ORCL
ORCL260130C00212500,212.5,0.01,0.0,0.01,4.0,431.0,1.125004375,False,CALL,2026-01-30,ORCL
ORCL260130P00120000,120.0,0.05,0.0,0.02,4.0,18.0,1.5156274218749999,False,PUT,2026-01-30,ORCL
ORCL260130P00125000,125.0,0.02,0.0,0.09,8.0,149.0,1.5703146484375,False,PUT,2026-01-30,ORCL
ORCL260130P00130000,130.0,0.01,0.0,0.01,144.0,6039.0,1.09375453125,False,PUT,2026-01-30,ORCL
ORCL260130P00135000,135.0,0.02,0.01,0.04,328.0,821.0,1.1015669921875002,False,PUT,2026-01-30,ORCL
ORCL260130P00140000,140.0,0.07,0.01,0.08,203.0,999.0,0.992187578125,False,PUT,2026-01-30,ORCL
ORCL260130P00145000,145.0,0.06,0.02,0.1,1104.0,3055.0,0.8398453515625,False,PUT,2026-01-30,ORCL
ORCL260130P00147000,147.0,0.08,0.04,0.08,34.0,737.0,0.7656273437500001,False,PUT,2026-01-30,ORCL
ORCL260130P00148000,148.0,0.1,0.05,0.11,105.0,253.0,0.7578149218750001,False,PUT,2026-01-30,ORCL
ORCL260130P00149000,149.0,0.17,0.1,0.13,192.0,1233.0,0.7656273437500001,False,PUT,2026-01-30,ORCL
ORCL260130P00150000,150.0,0.11,0.09,0.13,1071.0,2854.0,0.7187528125,False,PUT,2026-01-30,ORCL
ORCL260130P00152500,152.5,0.13,0.14,0.18,48846.0,65803.0,0.6621127539062501,False,PUT,2026-01-30,ORCL
ORCL260130P00155000,155.0,0.25,0.21,0.27,2559.0,6078.0,0.6064492480468751,False,PUT,2026-01-30,ORCL
ORCL260130P00157500,157.5,0.42,0.38,0.44,2096.0,3262.0,0.5664105859375,False,PUT,2026-01-30,ORCL
ORCL260130P00160000,160.0,0.7,0.65,0.74,8646.0,5742.0,0.524418818359375,False,PUT,2026-01-30,ORCL
ORCL260130P00162500,162.5,1.37,1.27,1.37,4449.0,1022.0,0.51562984375,False,PUT,2026-01-30,ORCL
ORCL260130P00165000,165.0,2.2,2.27,2.36,3781.0,15086.0,0.5112353564453125,False,PUT,2026-01-30,ORCL
ORCL260130P00167500,167.5,3.49,3.5,3.75,2570.0,4324.0,0.5170946728515625,True,PUT,2026-01-30,ORCL
ORCL260130P00170000,170.0,5.35,5.35,5.95,2910.0,5884.0,0.5512740185546876,True,PUT,2026-01-30,ORCL
ORCL260130P00172500,172.5,7.48,7.2,7.75,1613.0,5707.0,0.577152666015625,True,PUT,2026-01-30,ORCL
ORCL260130P00175000,175.0,9.85,9.65,10.15,1587.0,5930.0,0.55273884765625,True,PUT,2026-01-30,ORCL
ORCL260130P00177500,177.5,12.25,12.0,12.75,444.0,1430.0,0.639652041015625,True,PUT,2026-01-30,ORCL
ORCL260130P00180000,180.0,14.55,14.4,15.4,815.0,3926.0,0.7509790527343749,True,PUT,2026-01-30,ORCL
ORCL260130P00182500,182.5,17.59,16.8,18.05,159.0,886.0,0.860352958984375,True,PUT,2026-01-30,ORCL
ORCL260130P00185000,185.0,19.73,18.95,20.45,304.0,1406.0,0.7304714453125,True,PUT,2026-01-30,ORCL
ORCL260130P00187500,187.5,22.47,21.85,23.4,55.0,373.0,1.1650432373046877,True,PUT,2026-01-30,ORCL
ORCL260130P00190000,190.0,25.08,24.65,25.5,142.0,1383.0,1.2265663671875,True,PUT,2026-01-30,ORCL
ORCL260130P00192500,192.5,27.33,26.8,27.85,33.0,154.0,1.115238798828125,True,PUT,2026-01-30,ORCL
ORCL260130P00195000,195.0,29.92,28.45,30.35,64.0,783.0,1.5605490722656248,True,PUT,2026-01-30,ORCL
ORCL260130P00197500,197.5,32.61,30.85,33.5,22.0,273.0,1.01172369140625,True,PUT,2026-01-30,ORCL
ORCL260130P00200000,200.0,35.05,33.75,35.95,63.0,1284.0,1.3671906640625,True,PUT,2026-01-30,ORCL
ORCL260130P00202500,202.5,27.53,36.45,38.45,5.0,238.0,1.5390648046875,True,PUT,2026-01-30,ORCL
ORCL260130P00205000,205.0,40.19,38.2,40.95,6.0,280.0,2.2031294921874993,True,PUT,2026-01-30,ORCL
ORCL260130P00207500,207.5,32.0,40.65,43.9,12.0,71.0,1.4765651171875,True,PUT,2026-01-30,ORCL
ORCL260130P00210000,210.0,45.76,43.55,46.3,3.0,51.0,1.732423212890625,True,PUT,2026-01-30,ORCL
ORCL260130P00212500,212.5,27.75,45.95,48.9,26.0,0.0,1.8007822460937497,True,PUT,2026-01-30,ORCL
ORCL260206C00140000,140.0,24.66,24.25,27.1,13.0,4.0,0.639652041015625,True,CALL,2026-02-06,ORCL
ORCL260206C00141000,141.0,23.7,23.15,25.95,8.0,1.0,0.559574716796875,True,CALL,2026-02-06,ORCL
ORCL260206C00150000,150.0,16.05,16.15,16.8,176.0,72.0,0.5920450952148439,True,CALL,2026-02-06,ORCL
ORCL260206C00155000,155.0,12.35,12.1,12.7,50.0,62.0,0.5788616333007812,True,CALL,2026-02-06,ORCL
ORCL260206C00157500,157.5,10.53,10.25,11.2,24.0,7.0,0.5925333715820313,True,CALL,2026-02-06,ORCL
ORCL260206C00160000,160.0,8.58,8.55,8.85,413.0,84.0,0.5510298803710938,True,CALL,2026-02-06,ORCL
ORCL260206C00165000,165.0,5.8,5.8,5.9,2624.0,228.0,0.5476119458007813,True,CALL,2026-02-06,ORCL
ORCL260206C00167500,167.5,4.66,4.55,4.85,550.0,108.0,0.5472457385253908,False,CALL,2026-02-06,ORCL
ORCL260206C00170000,170.0,3.68,3.55,3.75,2616.0,1140.0,0.5397995239257813,False,CALL,2026-02-06,ORCL
ORCL260206C00172500,172.5,2.93,2.79,2.9,1038.0,907.0,0.5405319384765627,False,CALL,2026-02-06,ORCL
ORCL260206C00175000,175.0,2.14,2.12,2.27,1202.0,1294.0,0.5424850439453126,False,CALL,2026-02-06,ORCL
ORCL260206C00177500,177.5,1.7,1.6,1.71,649.0,700.0,0.5419967675781252,False,CALL,2026-02-06,ORCL
ORCL260206C00180000,180.0,1.26,1.23,1.28,3700.0,2474.0,0.5456588403320313,False,CALL,2026-02-06,ORCL
ORCL260206C00182500,182.5,0.97,0.92,1.02,472.0,567.0,0.5542036767578126,False,CALL,2026-02-06,ORCL
ORCL260206C00185000,185.0,0.74,0.7,0.75,1273.0,1313.0,0.5576216113281252,False,CALL,2026-02-06,ORCL
ORCL260206C00187500,187.5,0.55,0.53,0.58,1759.0,755.0,0.5654340332031251,False,CALL,2026-02-06,ORCL
ORCL260206C00190000,190.0,0.42,0.41,0.45,3594.0,6195.0,0.5751995605468749,False,CALL,2026-02-06,ORCL
ORCL260206C00192500,192.5,0.32,0.32,0.36,486.0,693.0,0.586918193359375,False,CALL,2026-02-06,ORCL
ORCL260206C00195000,195.0,0.26,0.26,0.28,2228.0,2963.0,0.5986368261718751,False,CALL,2026-02-06,ORCL
ORCL260206C00197500,197.5,0.22,0.16,0.3,125.0,920.0,0.6171913281250001,False,CALL,2026-02-06,ORCL
ORCL260206C00200000,200.0,0.17,0.16,0.19,1602.0,4624.0,0.62305064453125,False,CALL,2026-02-06,ORCL
ORCL260206C00202500,202.5,0.15,0.14,0.15,72.0,752.0,0.6367223828125,False,CALL,2026-02-06,ORCL
ORCL260206C00205000,205.0,0.13,0.11,0.16,95.0,960.0,0.6621127539062501,False,CALL,2026-02-06,ORCL
ORCL260206C00207500,207.5,0.1,0.1,0.17,5.0,204.0,0.69336244140625,False,CALL,2026-02-06,ORCL
ORCL260206C00210000,210.0,0.1,0.09,0.1,117.0,4504.0,0.6875031250000001,False,CALL,2026-02-06,ORCL
ORCL260206C00212500,212.5,0.08,0.05,0.35,11.0,44.0,0.79883013671875,False,CALL,2026-02-06,ORCL
ORCL260206P00120000,120.0,0.09,0.0,0.13,57.0,122.0,0.87500125,False,PUT,2026-02-06,ORCL
ORCL260206P00125000,125.0,0.05,0.0,0.23,281.0,7.0,0.8398453515625,False,PUT,2026-02-06,ORCL
ORCL260206P00130000,130.0,0.21,0.13,0.2,469.0,25.0,0.778322529296875,False,PUT,2026-02-06,ORCL
ORCL260206P00135000,135.0,0.27,0.24,0.27,229.0,281.0,0.725588681640625,False,PUT,2026-02-06,ORCL
ORCL260206P00138000,138.0,0.41,0.31,0.44,41.0,17.0,0.711916943359375,False,PUT,2026-02-06,ORCL
ORCL260206P00140000,140.0,0.41,0.4,0.48,181.0,131.0,0.6884796777343751,False,PUT,2026-02-06,ORCL
ORCL260206P00142000,142.0,0.58,0.48,0.55,16.0,288.0,0.6650424121093752,False,PUT,2026-02-06,ORCL
ORCL260206P00143000,143.0,0.65,0.53,0.61,40.0,16.0,0.6567417138671876,False,PUT,2026-02-06,ORCL
ORCL260206P00144000,144.0,0.67,0.59,0.67,75.0,21.0,0.648441015625,False,PUT,2026-02-06,ORCL
ORCL260206P00145000,145.0,0.68,0.66,0.73,284.0,735.0,0.639652041015625,False,PUT,2026-02-06,ORCL
ORCL260206P00147000,147.0,0.85,0.8,0.91,124.0,530.0,0.6242713354492189,False,PUT,2026-02-06,ORCL
ORCL260206P00148000,148.0,0.96,0.87,0.99,321.0,34.0,0.6130409790039064,False,PUT,2026-02-06,ORCL
ORCL260206P00149000,149.0,1.05,1.01,1.09,339.0,47.0,0.6088906298828126,False,PUT,2026-02-06,ORCL
ORCL260206P00150000,150.0,1.2,1.15,1.23,664.0,1094.0,0.6059609716796877,False,PUT,2026-02-06,ORCL
ORCL260206P00152500,152.5,1.52,1.45,1.59,455.0,559.0,0.585941640625,False,PUT,2026-02-06,ORCL
ORCL260206P00155000,155.0,2.03,1.97,2.12,17211.0,21280.0,0.5800823242187501,False,PUT,2026-02-06,ORCL
ORCL260206P00157500,157.5,2.54,2.57,2.72,1938.0,4180.0,0.5678754150390625,False,PUT,2026-02-06,ORCL
ORCL260206P00160000,160.0,3.37,3.25,3.45,2761.0,6253.0,0.55273884765625,False,PUT,2026-02-06,ORCL
ORCL260206P00162500,162.5,4.35,4.2,4.45,1221.0,505.0,0.5495650512695314,False,PUT,2026-02-06,ORCL
ORCL260206P00165000,165.0,5.35,5.35,5.7,2175.0,1020.0,0.5515181567382813,False,PUT,2026-02-06,ORCL
ORCL260206P00167500,167.5,6.75,6.7,7.1,211.0,651.0,0.5535933312988282,True,PUT,2026-02-06,ORCL
ORCL260206P00170000,170.0,8.22,8.05,8.4,469.0,2112.0,0.5338181384277343,True,PUT,2026-02-06,ORCL
ORCL260206P00172500,172.5,9.84,9.75,10.1,134.0,732.0,0.5346726220703125,True,PUT,2026-02-06,ORCL
ORCL260206P00175000,175.0,11.73,11.8,12.2,313.0,1469.0,0.5622602368164062,True,PUT,2026-02-06,ORCL
ORCL260206P00177500,177.5,13.77,13.5,14.15,68.0,318.0,0.5466353930664063,True,PUT,2026-02-06,ORCL
ORCL260206P00180000,180.0,15.75,15.5,16.1,216.0,1377.0,0.5317429638671876,True,PUT,2026-02-06,ORCL
ORCL260206P00182500,182.5,18.27,17.2,18.9,21.0,324.0,0.5444381494140625,True,PUT,2026-02-06,ORCL
ORCL260206P00185000,185.0,20.48,19.7,21.1,41.0,1727.0,0.5659223095703125,True,PUT,2026-02-06,ORCL
ORCL260206P00187500,187.5,22.75,22.15,23.65,35.0,76.0,0.6135292553710938,True,PUT,2026-02-06,ORCL
ORCL260206P00190000,190.0,25.15,24.6,25.4,82.0,462.0,0.5551802294921876,True,PUT,2026-02-06,ORCL
ORCL260206P00192500,192.5,27.49,26.8,28.2,82.0,72.0,0.59570716796875,True,PUT,2026-02-06,ORCL
ORCL260206P00195000,195.0,29.82,29.1,30.5,94.0,709.0,0.5488326367187502,True,PUT,2026-02-06,ORCL
ORCL260206P00197500,197.5,33.2,31.8,34.05,12.0,26.0,0.795900478515625,True,PUT,2026-02-06,ORCL
ORCL260206P00200000,200.0,34.6,34.2,35.3,25.0,471.0,0.5839885351562499,True,PUT,2026-02-06,ORCL
ORCL260206P00202500,202.5,40.26,36.55,39.0,4.0,28.0,0.8369156933593749,True,PUT,2026-02-06,ORCL
ORCL260206P00205000,205.0,39.89,39.15,41.1,15.0,124.0,0.8281267187499999,True,PUT,2026-02-06,ORCL
ORCL260206P00207500,207.5,43.31,41.45,44.0,11.0,13.0,0.8974619628906249,True,PUT,2026-02-06,ORCL
ORCL260206P00210000,210.0,46.37,44.05,46.5,4.0,208.0,0.9492192578124999,True,PUT,2026-02-06,ORCL
ORCL260206P00212500,212.5,39.2,46.5,48.95,10.0,4.0,0.9692385888671875,True,PUT,2026-02-06,ORCL
ORCL260213C00140000,140.0,25.8,25.85,27.0,1.0,2.0,0.6423375610351563,True,CALL,2026-02-13,ORCL
ORCL260213C00145000,145.0,21.1,20.25,22.5,7.0,0.0,0.532231240234375,True,CALL,2026-02-13,ORCL
ORCL260213C00150000,150.0,17.6,17.25,17.7,7.0,58.0,0.561527822265625,True,CALL,2026-02-13,ORCL
ORCL260213C00155000,155.0,13.8,13.65,14.2,151.0,14.0,0.572391971435547,True,CALL,2026-02-13,ORCL
ORCL260213C00160000,160.0,10.6,10.4,10.8,64.0,151.0,0.5610395458984375,True,CALL,2026-02-13,ORCL
ORCL260213C00165000,165.0,7.77,7.7,8.0,321.0,52.0,0.5559126440429689,True,CALL,2026-02-13,ORCL
ORCL260213C00170000,170.0,5.45,5.45,5.75,573.0,111.0,0.5498091894531252,False,CALL,2026-02-13,ORCL
ORCL260213C00175000,175.0,3.85,3.7,3.95,329.0,461.0,0.5422409057617189,False,CALL,2026-02-13,ORCL
ORCL260213C00180000,180.0,2.57,2.49,2.66,630.0,807.0,0.5417526293945314,False,CALL,2026-02-13,ORCL
ORCL260213C00185000,185.0,1.7,1.66,1.78,809.0,609.0,0.5456588403320313,False,CALL,2026-02-13,ORCL
ORCL260213C00190000,190.0,1.13,1.09,1.18,301.0,652.0,0.5507857421875001,False,CALL,2026-02-13,ORCL
ORCL260213C00195000,195.0,0.76,0.73,0.78,382.0,1197.0,0.5590864404296876,False,CALL,2026-02-13,ORCL
ORCL260213C00200000,200.0,0.53,0.51,0.54,483.0,1721.0,0.5732464550781251,False,CALL,2026-02-13,ORCL
ORCL260213C00205000,205.0,0.36,0.34,0.44,123.0,552.0,0.5937540625000001,False,CALL,2026-02-13,ORCL
ORCL260213C00210000,210.0,0.25,0.23,0.41,616.0,815.0,0.62305064453125,False,CALL,2026-02-13,ORCL
ORCL260213P00120000,120.0,0.16,0.12,0.45,2.0,95.0,0.8173846386718748,False,PUT,2026-02-13,ORCL
ORCL260213P00125000,125.0,0.3,0.15,0.51,58.0,93.0,0.747072841796875,False,PUT,2026-02-13,ORCL
ORCL260213P00130000,130.0,0.48,0.14,0.77,11.0,65.0,0.70117486328125,False,PUT,2026-02-13,ORCL
ORCL260213P00135000,135.0,0.7,0.58,0.66,46.0,258.0,0.6528355029296876,False,PUT,2026-02-13,ORCL
ORCL260213P00140000,140.0,0.91,0.89,0.97,196.0,113.0,0.6196327099609377,False,PUT,2026-02-13,ORCL
ORCL260213P00145000,145.0,1.38,1.38,1.51,88.0,451.0,0.5952188916015625,False,PUT,2026-02-13,ORCL
ORCL260213P00150000,150.0,2.26,2.14,2.23,211.0,2649.0,0.5695843823242188,False,PUT,2026-02-13,ORCL
ORCL260213P00155000,155.0,3.31,3.25,3.55,439.0,770.0,0.5585981640625001,False,PUT,2026-02-13,ORCL
ORCL260213P00160000,160.0,5.15,4.95,5.2,774.0,11088.0,0.5488326367187502,False,PUT,2026-02-13,ORCL
ORCL260213P00165000,165.0,7.35,7.05,7.4,319.0,716.0,0.5371140039062501,False,PUT,2026-02-13,ORCL
ORCL260213P00170000,170.0,10.09,9.8,10.25,393.0,801.0,0.5344284838867188,True,PUT,2026-02-13,ORCL
ORCL260213P00175000,175.0,13.21,13.15,13.6,208.0,545.0,0.5355271057128907,True,PUT,2026-02-13,ORCL
ORCL260213P00180000,180.0,16.75,16.85,17.4,62.0,621.0,0.5339402075195312,True,PUT,2026-02-13,ORCL
ORCL260213P00185000,185.0,21.28,20.9,21.65,200.0,374.0,0.5366257275390626,True,PUT,2026-02-13,ORCL
ORCL260213P00190000,190.0,25.76,24.85,26.3,34.0,476.0,0.5224657128906249,True,PUT,2026-02-13,ORCL
ORCL260213P00195000,195.0,30.76,28.95,31.15,31.0,247.0,0.674075524902344,True,PUT,2026-02-13,ORCL
ORCL260213P00200000,200.0,35.3,34.45,35.65,38.0,214.0,0.5463912548828126,True,PUT,2026-02-13,ORCL
ORCL260213P00205000,205.0,41.57,38.55,41.65,6.0,154.0,0.6147499462890625,True,PUT,2026-02-13,ORCL
ORCL260213P00210000,210.0,45.5,44.25,46.1,3.0,65.0,0.6879914013671876,True,PUT,2026-02-13,ORCL
ORCL260220C00120000,120.0,46.0,44.25,46.8,1.0,4098.0,0.6289099609375001,True,CALL,2026-02-20,ORCL
ORCL260220C00125000,125.0,55.0,39.35,41.95,2.0,20.0,0.6123085644531252,True,CALL,2026-02-20,ORCL
ORCL260220C00130000,130.0,34.35,34.6,37.2,25.0,31.0,0.6079140771484376,True,CALL,2026-02-20,ORCL
ORCL260220C00135000,135.0,31.8,30.2,32.7,10.0,66.0,0.6276892700195313,True,CALL,2026-02-20,ORCL
ORCL260220C00140000,140.0,26.0,26.45,27.95,6.0,102.0,0.6345251391601563,True,CALL,2026-02-20,ORCL
ORCL260220C00145000,145.0,22.8,22.35,23.3,31.0,52.0,0.6013223461914063,True,CALL,2026-02-20,ORCL
ORCL260220C00150000,150.0,18.55,18.35,18.7,71.0,238.0,0.5582319567871095,True,CALL,2026-02-20,ORCL
ORCL260220C00155000,155.0,15.05,14.7,15.3,40.0,130.0,0.5543257458496094,True,CALL,2026-02-20,ORCL
ORCL260220C00160000,160.0,11.8,11.55,11.9,203.0,253.0,0.5401657312011721,True,CALL,2026-02-20,ORCL
ORCL260220C00165000,165.0,8.99,8.85,9.05,945.0,435.0,0.5307664111328125,True,CALL,2026-02-20,ORCL
ORCL260220C00167500,167.5,7.88,7.6,7.95,203.0,60.0,0.5288133056640626,False,CALL,2026-02-20,ORCL
ORCL260220C00170000,170.0,6.7,6.55,6.85,390.0,743.0,0.5262498547363281,False,CALL,2026-02-20,ORCL
ORCL260220C00172500,172.5,5.76,5.6,5.95,92.0,213.0,0.526371923828125,False,CALL,2026-02-20,ORCL
ORCL260220C00175000,175.0,4.95,4.8,5.05,4487.0,3856.0,0.5246629565429688,False,CALL,2026-02-20,ORCL
ORCL260220C00177500,177.5,4.17,4.0,4.3,94.0,2271.0,0.5214891601562499,False,CALL,2026-02-20,ORCL
ORCL260220C00180000,180.0,3.5,3.45,3.6,843.0,3181.0,0.5222215747070311,False,CALL,2026-02-20,ORCL
ORCL260220C00182500,182.5,3.0,2.9,2.99,673.0,894.0,0.520390538330078,False,CALL,2026-02-20,ORCL
ORCL260220C00185000,185.0,2.48,2.43,2.56,2097.0,6179.0,0.5227098510742187,False,CALL,2026-02-20,ORCL
ORCL260220C00187500,187.5,2.09,2.05,2.17,221.0,1016.0,0.52539537109375,False,CALL,2026-02-20,ORCL
ORCL260220C00190000,190.0,1.76,1.69,1.75,1577.0,10987.0,0.5219774365234374,False,CALL,2026-02-20,ORCL
ORCL260220C00192500,192.5,1.45,1.42,1.52,114.0,590.0,0.5273484765625001,False,CALL,2026-02-20,ORCL
ORCL260220C00195000,195.0,1.24,1.2,1.28,768.0,7668.0,0.5307664111328125,False,CALL,2026-02-20,ORCL
ORCL260220C00197500,197.5,1.1,1.01,1.1,116.0,258.0,0.5356491748046875,False,CALL,2026-02-20,ORCL
ORCL260220C00200000,200.0,0.9,0.88,0.91,7963.0,20665.0,0.5400436621093752,False,CALL,2026-02-20,ORCL
ORCL260220C00202500,202.5,0.74,0.7,0.78,98.0,296.0,0.5410202148437502,False,CALL,2026-02-20,ORCL
ORCL260220C00205000,205.0,0.63,0.61,0.67,445.0,4798.0,0.5478560839843751,False,CALL,2026-02-20,ORCL
ORCL260220C00207500,207.5,0.54,0.51,0.57,36.0,283.0,0.5512740185546876,False,CALL,2026-02-20,ORCL
ORCL260220C00210000,210.0,0.47,0.45,0.56,3049.0,21703.0,0.5659223095703125,False,CALL,2026-02-20,ORCL
ORCL260220C00212500,212.5,0.42,0.21,0.56,22.0,234.0,0.5585981640625001,False,CALL,2026-02-20,ORCL
ORCL260220P00120000,120.0,0.32,0.17,0.45,642.0,6762.0,0.6918976123046876,False,PUT,2026-02-20,ORCL
ORCL260220P00125000,125.0,0.51,0.46,0.52,123.0,1006.0,0.6723665576171877,False,PUT,2026-02-20,ORCL
ORCL260220P00130000,130.0,0.69,0.67,0.74,323.0,994.0,0.6425816992187501,False,PUT,2026-02-20,ORCL
ORCL260220P00135000,135.0,1.0,0.95,1.04,429.0,1410.0,0.6113320117187502,False,PUT,2026-02-20,ORCL
ORCL260220P00140000,140.0,1.43,1.38,1.51,372.0,1350.0,0.5866740551757812,False,PUT,2026-02-20,ORCL
ORCL260220P00145000,145.0,2.08,2.06,2.15,2370.0,4282.0,0.5656781713867188,False,PUT,2026-02-20,ORCL
ORCL260220P00150000,150.0,3.06,2.97,3.15,736.0,8960.0,0.5489547058105471,False,PUT,2026-02-20,ORCL
ORCL260220P00155000,155.0,4.3,4.25,4.5,1831.0,3173.0,0.5351608984375,False,PUT,2026-02-20,ORCL
ORCL260220P00160000,160.0,6.13,6.15,6.25,1329.0,4791.0,0.5290574438476563,False,PUT,2026-02-20,ORCL
ORCL260220P00165000,165.0,8.32,8.2,8.55,2936.0,5436.0,0.5172167419433593,False,PUT,2026-02-20,ORCL
ORCL260220P00167500,167.5,9.65,9.45,9.8,49.0,873.0,0.5107470800781251,True,PUT,2026-02-20,ORCL
ORCL260220P00170000,170.0,10.95,10.9,11.3,1014.0,5315.0,0.5111132873535156,True,PUT,2026-02-20,ORCL
ORCL260220P00172500,172.5,12.64,12.5,12.9,73.0,884.0,0.5123339782714844,True,PUT,2026-02-20,ORCL
ORCL260220P00175000,175.0,14.25,14.05,14.45,415.0,6872.0,0.5036670727539063,True,PUT,2026-02-20,ORCL
ORCL260220P00177500,177.5,16.71,15.75,16.2,24.0,855.0,0.5147753601074219,True,PUT,2026-02-20,ORCL
ORCL260220P00180000,180.0,17.75,17.6,18.05,230.0,11856.0,0.5134326000976561,True,PUT,2026-02-20,ORCL
ORCL260220P00182500,182.5,20.25,19.0,20.2,18.0,821.0,0.528447098388672,True,PUT,2026-02-20,ORCL
ORCL260220P00185000,185.0,21.8,21.55,22.25,84.0,3449.0,0.5023243127441408,True,PUT,2026-02-20,ORCL
ORCL260220P00187500,187.5,25.62,23.5,24.35,3.0,112.0,0.5334519311523438,True,PUT,2026-02-20,ORCL
ORCL260220P00190000,190.0,25.65,25.7,27.35,200.0,14269.0,0.537236072998047,True,PUT,2026-02-20,ORCL
ORCL260220P00192500,192.5,31.46,27.4,29.5,3.0,284.0,0.508793974609375,True,PUT,2026-02-20,ORCL
ORCL260220P00195000,195.0,30.72,30.3,31.15,95.0,5013.0,0.5107470800781251,True,PUT,2026-02-20,ORCL
ORCL260220P00197500,197.5,33.97,32.1,34.7,12.0,40.0,0.56055126953125,True,PUT,2026-02-20,ORCL
ORCL260220P00200000,200.0,35.03,34.8,35.85,252.0,6964.0,0.5053760400390624,True,PUT,2026-02-20,ORCL
ORCL260220P00202500,202.5,28.95,37.15,39.4,3.0,9.0,0.5986368261718751,True,PUT,2026-02-20,ORCL
ORCL260220P00205000,205.0,40.32,39.4,41.5,4.0,5.0,0.5756878369140624,True,PUT,2026-02-20,ORCL
ORCL260220P00207500,207.5,32.61,41.8,44.2,2.0,3.0,0.6081582153320313,True,PUT,2026-02-20,ORCL
ORCL260220P00210000,210.0,45.18,44.4,45.55,74.0,3800.0,0.5214891601562499,True,PUT,2026-02-20,ORCL
ORCL260227C00135000,135.0,31.55,30.8,33.05,2.0,2.0,0.6069375244140626,True,CALL,2026-02-27,ORCL
ORCL260227C00140000,140.0,27.0,26.4,28.95,3.0,30.0,0.5998575170898439,True,CALL,2026-02-27,ORCL
ORCL260227C00150000,150.0,19.2,18.8,19.9,11.0,26.0,0.545048494873047,True,CALL,2026-02-27,ORCL
ORCL260227C00155000,155.0,15.95,15.95,16.65,7.0,32.0,0.5628705822753908,True,CALL,2026-02-27,ORCL
ORCL260227C00160000,160.0,13.3,12.95,13.25,2399.0,38.0,0.5484664294433594,True,CALL,2026-02-27,ORCL
ORCL260227C00165000,165.0,10.65,10.25,10.7,106.0,37.0,0.5452926330566408,True,CALL,2026-02-27,ORCL
ORCL260227C00170000,170.0,8.1,7.95,8.35,173.0,109.0,0.5377243493652344,False,CALL,2026-02-27,ORCL
ORCL260227C00175000,175.0,6.3,6.15,6.45,281.0,257.0,0.5357712438964843,False,CALL,2026-02-27,ORCL
ORCL260227C00180000,180.0,4.74,4.6,4.9,291.0,321.0,0.5314988256835937,False,CALL,2026-02-27,ORCL
ORCL260227C00185000,185.0,3.54,3.45,3.7,802.0,1072.0,0.5316208947753907,False,CALL,2026-02-27,ORCL
ORCL260227C00190000,190.0,2.63,2.55,2.78,1174.0,1325.0,0.5324753784179688,False,CALL,2026-02-27,ORCL
ORCL260227C00195000,195.0,1.9,1.86,2.03,118.0,732.0,0.5317429638671876,False,CALL,2026-02-27,ORCL
ORCL260227C00200000,200.0,1.46,1.37,1.53,4327.0,6264.0,0.5361374511718751,False,CALL,2026-02-27,ORCL
ORCL260227C00205000,205.0,1.05,1.02,1.14,512.0,297.0,0.5410202148437502,False,CALL,2026-02-27,ORCL
ORCL260227C00210000,210.0,0.83,0.78,0.91,224.0,579.0,0.5522505712890625,False,CALL,2026-02-27,ORCL
ORCL260227P00120000,120.0,0.55,0.47,0.63,2.0,76.0,0.6748079394531252,False,PUT,2026-02-27,ORCL
ORCL260227P00125000,125.0,0.75,0.67,0.77,3.0,27.0,0.63867548828125,False,PUT,2026-02-27,ORCL
ORCL260227P00130000,130.0,1.13,0.95,1.1,286.0,81.0,0.6157264990234376,False,PUT,2026-02-27,ORCL
ORCL260227P00135000,135.0,1.45,1.39,1.64,722.0,139.0,0.601810622558594,False,PUT,2026-02-27,ORCL
ORCL260227P00140000,140.0,2.05,1.96,2.08,118.0,385.0,0.5725140405273439,False,PUT,2026-02-27,ORCL
ORCL260227P00145000,145.0,2.87,2.73,2.99,270.0,319.0,0.5578657495117189,False,PUT,2026-02-27,ORCL
ORCL260227P00150000,150.0,4.03,3.8,4.1,150.0,670.0,0.5427291821289064,False,PUT,2026-02-27,ORCL
ORCL260227P00155000,155.0,5.48,5.3,5.65,136.0,359.0,0.5355271057128907,False,PUT,2026-02-27,ORCL
ORCL260227P00160000,160.0,7.3,7.2,7.55,268.0,614.0,0.5286912365722658,False,PUT,2026-02-27,ORCL
ORCL260227P00165000,165.0,9.54,9.5,9.9,138.0,417.0,0.5235643347167969,False,PUT,2026-02-27,ORCL
ORCL260227P00170000,170.0,12.29,12.2,12.6,250.0,677.0,0.5173388110351562,True,PUT,2026-02-27,ORCL
ORCL260227P00175000,175.0,15.35,15.3,15.75,63.0,475.0,0.5131884619140624,True,PUT,2026-02-27,ORCL
ORCL260227P00180000,180.0,18.65,18.75,19.75,72.0,267.0,0.5235643347167969,True,PUT,2026-02-27,ORCL
ORCL260227P00185000,185.0,23.22,22.2,23.4,54.0,220.0,0.5043994873046875,True,PUT,2026-02-27,ORCL
ORCL260227P00190000,190.0,27.23,26.25,27.6,33.0,284.0,0.5039112109375,True,PUT,2026-02-27,ORCL
ORCL260227P00195000,195.0,31.15,29.95,32.3,34.0,88.0,0.5913126806640626,True,PUT,2026-02-27,ORCL
ORCL260227P00200000,200.0,35.59,35.4,36.65,93.0,165.0,0.5300339965820313,True,PUT,2026-02-27,ORCL
ORCL260227P00205000,205.0,41.34,39.55,42.1,2.0,141.0,0.5546919531250001,True,PUT,2026-02-27,ORCL
ORCL260227P00210000,210.0,46.13,44.35,46.85,2.0,35.0,0.5695843823242188,True,PUT,2026-02-27,ORCL
ORCL260306C00150000,150.0,19.5,20.45,20.95,5.0,2.0,0.571415418701172,True,CALL,2026-03-06,ORCL
ORCL260306C00160000,160.0,13.88,14.2,14.9,105.0,12.0,0.5660443786621094,True,CALL,2026-03-06,ORCL
ORCL260306C00165000,165.0,11.5,11.05,12.55,105.0,27.0,0.5546919531250001,True,CALL,2026-03-06,ORCL
ORCL260306C00170000,170.0,9.35,9.2,9.7,77.0,3125.0,0.5466353930664063,False,CALL,2026-03-06,ORCL
ORCL260306C00175000,175.0,7.27,7.05,7.65,80.0,87.0,0.5345505529785157,False,CALL,2026-03-06,ORCL
ORCL260306C00180000,180.0,6.0,5.65,6.0,1634.0,1902.0,0.5354050366210938,False,CALL,2026-03-06,ORCL
ORCL260306C00185000,185.0,4.5,4.35,4.95,84.0,106.0,0.5406540075683595,False,CALL,2026-03-06,ORCL
ORCL260306C00190000,190.0,3.35,3.35,3.8,79.0,604.0,0.5383346948242189,False,CALL,2026-03-06,ORCL
ORCL260306C00195000,195.0,2.74,2.61,2.88,73.0,225.0,0.5380905566406251,False,CALL,2026-03-06,ORCL
ORCL260306C00200000,200.0,2.1,2.0,2.15,190.0,272.0,0.5369919348144532,False,CALL,2026-03-06,ORCL
ORCL260306C00205000,205.0,1.48,1.52,1.81,20.0,69.0,0.5463912548828126,False,CALL,2026-03-06,ORCL
ORCL260306C00210000,210.0,1.25,1.22,1.36,60.0,159.0,0.5501753967285157,False,CALL,2026-03-06,ORCL
ORCL260306P00125000,125.0,1.24,0.82,1.31,5.0,10.0,0.629886513671875,False,PUT,2026-03-06,ORCL
ORCL260306P00130000,130.0,1.42,1.28,1.65,24.0,13.0,0.6093789062500001,False,PUT,2026-03-06,ORCL
ORCL260306P00135000,135.0,1.9,1.86,2.19,120.0,19.0,0.5925333715820313,False,PUT,2026-03-06,ORCL
ORCL260306P00140000,140.0,2.7,2.31,2.93,47.0,194.0,0.5651898950195313,False,PUT,2026-03-06,ORCL
ORCL260306P00145000,145.0,3.57,3.5,3.85,203.0,10169.0,0.5584760949707033,False,PUT,2026-03-06,ORCL
ORCL260306P00150000,150.0,4.88,4.75,5.25,130.0,115.0,0.5511519494628907,False,PUT,2026-03-06,ORCL
ORCL260306P00155000,155.0,6.45,6.2,6.9,176.0,208.0,0.5394333166503908,False,PUT,2026-03-06,ORCL
ORCL260306P00160000,160.0,8.66,8.25,8.9,90.0,168.0,0.5352829675292969,False,PUT,2026-03-06,ORCL
ORCL260306P00165000,165.0,10.7,9.95,11.0,85.0,104.0,0.5081836291503907,False,PUT,2026-03-06,ORCL
ORCL260306P00170000,170.0,13.66,13.35,13.8,32.0,157.0,0.5216112292480468,True,PUT,2026-03-06,ORCL
ORCL260306P00175000,175.0,16.45,16.1,17.25,57.0,54.0,0.518681571044922,True,PUT,2026-03-06,ORCL
ORCL260306P00180000,180.0,20.08,18.95,21.35,15.0,43.0,0.5185595019531251,True,PUT,2026-03-06,ORCL
ORCL260306P00185000,185.0,23.65,22.8,24.05,10.0,20.0,0.5267381311035157,True,PUT,2026-03-06,ORCL
ORCL260306P00190000,190.0,28.42,26.3,28.7,16.0,29.0,0.567387138671875,True,PUT,2026-03-06,ORCL
ORCL260306P00195000,195.0,32.24,31.3,33.0,21.0,23.0,0.5208788146972656,True,PUT,2026-03-06,ORCL
ORCL260306P00200000,200.0,36.09,35.5,37.35,2.0,49.0,0.5122119091796875,True,PUT,2026-03-06,ORCL
ORCL260306P00205000,205.0,33.2,40.05,41.9,10.0,31.0,0.5136767382812499,True,PUT,2026-03-06,ORCL
ORCL260306P00210000,210.0,37.07,44.5,47.1,2.0,17.0,0.5349167602539062,True,PUT,2026-03-06,ORCL
ORCL260320C00120000,120.0,45.51,46.8,49.25,25.0,116.0,0.7685570019531252,True,CALL,2026-03-20,ORCL
ORCL260320C00125000,125.0,41.89,41.85,44.1,1.0,166.0,0.6912872668457033,True,CALL,2026-03-20,ORCL
ORCL260320C00130000,130.0,39.25,38.65,40.2,21.0,355.0,0.7259548889160157,True,CALL,2026-03-20,ORCL
ORCL260320C00135000,135.0,34.1,34.85,35.95,5.0,396.0,0.709963837890625,True,CALL,2026-03-20,ORCL
ORCL260320C00140000,140.0,30.88,30.85,32.3,12.0,341.0,0.6958038232421876,True,CALL,2026-03-20,ORCL
ORCL260320C00145000,145.0,36.1,27.55,28.2,1.0,376.0,0.6785310467529297,True,CALL,2026-03-20,ORCL
ORCL260320C00150000,150.0,24.6,24.15,24.65,31.0,938.0,0.6627841339111329,True,CALL,2026-03-20,ORCL
ORCL260320C00155000,155.0,21.25,21.0,21.55,19.0,179.0,0.6530186065673829,True,CALL,2026-03-20,ORCL
ORCL260320C00160000,160.0,18.65,18.45,18.7,556.0,10963.0,0.6511265356445313,True,CALL,2026-03-20,ORCL
ORCL260320C00165000,165.0,15.95,15.75,16.1,473.0,524.0,0.6408727319335938,True,CALL,2026-03-20,ORCL
ORCL260320C00170000,170.0,13.71,13.5,13.7,1741.0,22079.0,0.6340368627929689,False,CALL,2026-03-20,ORCL
ORCL260320C00175000,175.0,11.7,11.55,11.8,283.0,2238.0,0.6336706555175782,False,CALL,2026-03-20,ORCL
ORCL260320C00180000,180.0,9.94,9.75,10.05,717.0,7241.0,0.6301916864013672,False,CALL,2026-03-20,ORCL
ORCL260320C00185000,185.0,8.45,8.15,8.55,356.0,4103.0,0.6271399591064455,False,CALL,2026-03-20,ORCL
ORCL260320C00190000,190.0,7.1,6.95,7.2,1017.0,13983.0,0.6275672009277344,False,CALL,2026-03-20,ORCL
ORCL260320C00195000,195.0,6.0,5.8,6.0,209.0,12787.0,0.6244544390869142,False,CALL,2026-03-20,ORCL
ORCL260320C00200000,200.0,4.93,4.85,5.0,3488.0,25640.0,0.6231727136230469,False,CALL,2026-03-20,ORCL
ORCL260320C00210000,210.0,3.47,3.35,3.5,624.0,7346.0,0.6231727136230469,False,CALL,2026-03-20,ORCL
ORCL260320P00120000,120.0,1.9,1.85,1.93,70.0,3312.0,0.6936065795898438,False,PUT,2026-03-20,ORCL
ORCL260320P00125000,125.0,2.5,2.46,2.46,80.0,1653.0,0.6772493212890626,False,PUT,2026-03-20,ORCL
ORCL260320P00130000,130.0,3.25,3.1,3.35,580.0,6101.0,0.6658968957519533,False,PUT,2026-03-20,ORCL
ORCL260320P00135000,135.0,4.25,4.0,4.3,942.0,2531.0,0.6541782629394532,False,PUT,2026-03-20,ORCL
ORCL260320P00140000,140.0,5.3,5.1,5.35,183.0,15821.0,0.6403844555664062,False,PUT,2026-03-20,ORCL
ORCL260320P00145000,145.0,6.65,6.55,6.8,162.0,2751.0,0.635867899169922,False,PUT,2026-03-20,ORCL
ORCL260320P00150000,150.0,8.37,8.3,8.45,696.0,11399.0,0.6314734118652343,False,PUT,2026-03-20,ORCL
ORCL260320P00155000,155.0,10.17,10.0,10.3,293.0,6385.0,0.6192054681396486,False,PUT,2026-03-20,ORCL
ORCL260320P00160000,160.0,12.34,12.15,12.5,1731.0,23470.0,0.6134682208251954,False,PUT,2026-03-20,ORCL
ORCL260320P00165000,165.0,14.69,14.55,14.9,422.0,6228.0,0.6062051098632814,False,PUT,2026-03-20,ORCL
ORCL260320P00170000,170.0,17.55,17.3,17.6,472.0,13701.0,0.6016885534667971,True,PUT,2026-03-20,ORCL
ORCL260320P00175000,175.0,20.45,20.3,20.7,216.0,4960.0,0.6000406207275393,True,PUT,2026-03-20,ORCL
ORCL260320P00180000,180.0,23.45,23.5,23.9,326.0,14478.0,0.5946695806884765,True,PUT,2026-03-20,ORCL
ORCL260320P00185000,185.0,27.12,26.75,27.3,153.0,8197.0,0.5847209497070311,True,PUT,2026-03-20,ORCL
ORCL260320P00190000,190.0,30.73,30.6,31.1,161.0,10486.0,0.5875285388183593,True,PUT,2026-03-20,ORCL
ORCL260320P00195000,195.0,34.7,34.15,34.95,166.0,11430.0,0.5753216296386718,True,PUT,2026-03-20,ORCL
ORCL260320P00200000,200.0,38.58,38.3,39.0,105.0,22638.0,0.5741009387207032,True,PUT,2026-03-20,ORCL
ORCL260320P00210000,210.0,48.0,46.6,47.55,199.0,6286.0,0.5582319567871095,True,PUT,2026-03-20,ORCL
ORCL260417C00120000,120.0,58.85,48.3,50.2,3.0,52.0,0.6995879650878907,True,CALL,2026-04-17,ORCL
ORCL260417C00125000,125.0,61.52,43.0,45.35,11.0,19.0,0.6313513427734375,True,CALL,2026-04-17,ORCL
ORCL260417C00130000,130.0,39.3,39.65,40.95,1.0,40.0,0.6300085827636719,True,CALL,2026-04-17,ORCL
ORCL260417C00135000,135.0,36.63,36.45,37.9,1.0,36.0,0.6538120556640626,True,CALL,2026-04-17,ORCL
ORCL260417C00140000,140.0,33.2,32.8,33.5,252.0,165.0,0.6265906481933594,True,CALL,2026-04-17,ORCL
ORCL260417C00145000,145.0,29.9,29.5,30.35,9.0,29.0,0.626102371826172,True,CALL,2026-04-17,ORCL
ORCL260417C00150000,150.0,26.66,26.45,26.95,136.0,146.0,0.6173744317626955,True,CALL,2026-04-17,ORCL
ORCL260417C00155000,155.0,23.8,23.3,24.0,98.0,211.0,0.6077920080566408,True,CALL,2026-04-17,ORCL
ORCL260417C00160000,160.0,20.5,20.7,21.35,870.0,88.0,0.6055947644042969,True,CALL,2026-04-17,ORCL
ORCL260417C00165000,165.0,18.59,18.45,18.7,763.0,452.0,0.602115795288086,True,CALL,2026-04-17,ORCL
ORCL260417C00170000,170.0,16.25,16.1,16.5,506.0,1621.0,0.5974161352539062,False,CALL,2026-04-17,ORCL
ORCL260417C00175000,175.0,14.4,14.1,14.3,168.0,643.0,0.5918009570312501,False,CALL,2026-04-17,ORCL
ORCL260417C00180000,180.0,12.65,12.25,12.7,141.0,1936.0,0.5920450952148439,False,CALL,2026-04-17,ORCL
ORCL260417C00185000,185.0,10.92,10.7,10.95,188.0,738.0,0.5886271606445312,False,CALL,2026-04-17,ORCL
ORCL260417C00190000,190.0,9.4,9.35,9.65,160.0,2251.0,0.5905192315673828,False,CALL,2026-04-17,ORCL
ORCL260417C00195000,195.0,8.2,8.0,8.3,152.0,1351.0,0.5860026751708984,False,CALL,2026-04-17,ORCL
ORCL260417C00200000,200.0,7.2,6.95,7.2,625.0,3736.0,0.5860637097167969,False,CALL,2026-04-17,ORCL
ORCL260417C00210000,210.0,5.4,5.15,5.35,199.0,3921.0,0.5841106042480468,False,CALL,2026-04-17,ORCL
ORCL260417P00120000,120.0,3.05,2.76,3.05,31.0,408.0,0.6340368627929689,False,PUT,2026-04-17,ORCL
ORCL260417P00125000,125.0,3.8,3.5,3.75,5.0,1268.0,0.6195106408691409,False,PUT,2026-04-17,ORCL
ORCL260417P00130000,130.0,4.6,4.45,4.7,42.0,684.0,0.6104164935302736,False,PUT,2026-04-17,ORCL
ORCL260417P00135000,135.0,5.9,5.55,5.85,115.0,573.0,0.6016885534667971,False,PUT,2026-04-17,ORCL
ORCL260417P00140000,140.0,7.1,6.9,7.35,54.0,2235.0,0.5980875152587892,False,PUT,2026-04-17,ORCL
ORCL260417P00145000,145.0,8.57,8.4,8.7,17.0,1220.0,0.5860637097167969,False,PUT,2026-04-17,ORCL
ORCL260417P00150000,150.0,10.3,10.25,10.55,240.0,1445.0,0.582584740600586,False,PUT,2026-04-17,ORCL
ORCL260417P00155000,155.0,12.39,12.15,12.6,297.0,832.0,0.5755657678222657,False,PUT,2026-04-17,ORCL
ORCL260417P00160000,160.0,14.8,14.45,14.8,257.0,1482.0,0.5703778314208985,False,PUT,2026-04-17,ORCL
ORCL260417P00165000,165.0,17.1,16.85,17.25,104.0,1456.0,0.5635419622802735,False,PUT,2026-04-17,ORCL
ORCL260417P00170000,170.0,19.92,19.75,20.3,82.0,2190.0,0.567387138671875,True,PUT,2026-04-17,ORCL
ORCL260417P00175000,175.0,22.85,22.5,23.15,100.0,3939.0,0.5584150604248048,True,PUT,2026-04-17,ORCL
ORCL260417P00180000,180.0,26.35,25.85,26.35,114.0,6127.0,0.558170922241211,True,PUT,2026-04-17,ORCL
ORCL260417P00185000,185.0,29.37,29.25,29.8,77.0,1771.0,0.5565229895019532,True,PUT,2026-04-17,ORCL
ORCL260417P00190000,190.0,33.1,32.45,33.3,42.0,2213.0,0.5457809094238282,True,PUT,2026-04-17,ORCL
ORCL260417P00195000,195.0,37.5,36.2,37.1,12.0,4957.0,0.5437667694091797,True,PUT,2026-04-17,ORCL
ORCL260417P00200000,200.0,40.65,40.3,41.05,50.0,4907.0,0.5454757366943359,True,PUT,2026-04-17,ORCL
ORCL260417P00210000,210.0,49.96,48.25,49.1,28.0,2179.0,0.5296677893066408,True,PUT,2026-04-17,ORCL
ORCL260515C00120000,120.0,58.97,48.5,50.95,10.0,89.0,0.6251868536376954,True,CALL,2026-05-15,ORCL
ORCL260515C00125000,125.0,63.14,45.55,47.6,5.0,53.0,0.6553989538574221,True,CALL,2026-05-15,ORCL
ORCL260515C00130000,130.0,59.0,41.1,42.65,1.0,25.0,0.6082802844238282,True,CALL,2026-05-15,ORCL
ORCL260515C00135000,135.0,44.4,38.05,39.2,2.0,17.0,0.6167030517578126,True,CALL,2026-05-15,ORCL
ORCL260515C00140000,140.0,34.4,34.75,36.2,3.0,72.0,0.6202430554199221,True,CALL,2026-05-15,ORCL
ORCL260515C00145000,145.0,31.7,31.55,32.45,10.0,66.0,0.6060830407714846,True,CALL,2026-05-15,ORCL
ORCL260515C00150000,150.0,28.3,28.5,29.35,424.0,112.0,0.5995523443603517,True,CALL,2026-05-15,ORCL
ORCL260515C00155000,155.0,24.2,25.1,27.0,8.0,230.0,0.5935709588623048,True,CALL,2026-05-15,ORCL
ORCL260515C00160000,160.0,23.45,23.15,23.75,64.0,99.0,0.5901530242919923,True,CALL,2026-05-15,ORCL
ORCL260515C00165000,165.0,20.5,20.9,21.35,142.0,181.0,0.5892375061035158,True,CALL,2026-05-15,ORCL
ORCL260515C00170000,170.0,18.68,18.55,19.0,44.0,338.0,0.5823406024169921,False,CALL,2026-05-15,ORCL
ORCL260515C00175000,175.0,16.45,16.3,17.05,20.0,448.0,0.5775188732910157,False,CALL,2026-05-15,ORCL
ORCL260515C00180000,180.0,15.05,14.75,15.15,66.0,522.0,0.5783733569335938,False,CALL,2026-05-15,ORCL
ORCL260515C00185000,185.0,13.25,13.05,13.45,80.0,468.0,0.5753216296386718,False,CALL,2026-05-15,ORCL
ORCL260515C00190000,190.0,11.75,11.6,11.95,158.0,1918.0,0.5743450769042968,False,CALL,2026-05-15,ORCL
ORCL260515C00195000,195.0,10.4,10.25,10.65,41.0,563.0,0.5736126623535156,False,CALL,2026-05-15,ORCL
ORCL260515C00200000,200.0,9.15,9.05,9.3,469.0,1758.0,0.570316796875,False,CALL,2026-05-15,ORCL
ORCL260515C00210000,210.0,7.2,7.05,7.35,121.0,1883.0,0.5704999005126954,False,CALL,2026-05-15,ORCL
ORCL260515P00120000,120.0,3.9,3.7,4.05,174.0,163.0,0.6001016552734376,False,PUT,2026-05-15,ORCL
ORCL260515P00125000,125.0,4.93,4.7,5.1,12.0,430.0,0.5957682025146485,False,PUT,2026-05-15,ORCL
ORCL260515P00130000,130.0,6.5,5.75,6.05,8.0,686.0,0.5831340515136718,False,PUT,2026-05-15,ORCL
ORCL260515P00135000,135.0,7.18,7.0,7.3,50.0,425.0,0.574772318725586,False,PUT,2026-05-15,ORCL
ORCL260515P00140000,140.0,8.72,8.5,8.8,24.0,2055.0,0.5692792095947266,False,PUT,2026-05-15,ORCL
ORCL260515P00145000,145.0,10.53,10.2,10.5,47.0,337.0,0.5641523077392578,False,PUT,2026-05-15,ORCL
ORCL260515P00150000,150.0,12.52,12.1,12.5,102.0,2211.0,0.5606733386230469,False,PUT,2026-05-15,ORCL
ORCL260515P00155000,155.0,14.32,14.15,14.4,40.0,940.0,0.5518233294677735,False,PUT,2026-05-15,ORCL
ORCL260515P00160000,160.0,16.62,16.15,16.85,344.0,1292.0,0.5446822875976562,False,PUT,2026-05-15,ORCL
ORCL260515P00165000,165.0,19.27,19.05,19.4,74.0,1856.0,0.5460860821533204,False,PUT,2026-05-15,ORCL
ORCL260515P00170000,170.0,21.9,21.9,22.2,54.0,4360.0,0.5446212530517578,True,PUT,2026-05-15,ORCL
ORCL260515P00175000,175.0,25.49,24.55,25.25,30.0,1485.0,0.5384567639160158,True,PUT,2026-05-15,ORCL
ORCL260515P00180000,180.0,28.14,27.75,28.35,143.0,1972.0,0.5354660711669923,True,PUT,2026-05-15,ORCL
ORCL260515P00185000,185.0,31.74,30.95,32.2,12.0,1585.0,0.538212625732422,True,PUT,2026-05-15,ORCL
ORCL260515P00190000,190.0,28.9,34.45,35.15,54.0,2876.0,0.5274095111083985,True,PUT,2026-05-15,ORCL
ORCL260515P00195000,195.0,39.49,37.9,38.7,19.0,1261.0,0.5197191583251952,True,PUT,2026-05-15,ORCL
ORCL260515P00200000,200.0,42.31,42.05,42.9,63.0,3894.0,0.5286302020263673,True,PUT,2026-05-15,ORCL
ORCL260515P00210000,210.0,40.74,49.65,50.85,1.0,3414.0,0.51562984375,True,PUT,2026-05-15,ORCL
ORCL260618C00120000,120.0,52.15,51.6,53.15,2.0,118.0,0.6565586102294922,True,CALL,2026-06-18,ORCL
ORCL260618C00125000,125.0,47.75,48.15,49.95,1.0,626.0,0.663333444824219,True,CALL,2026-06-18,ORCL
ORCL260618C00130000,130.0,53.0,44.5,45.55,23.0,245.0,0.6397741101074219,True,CALL,2026-06-18,ORCL
ORCL260618C00135000,135.0,41.55,40.3,42.0,6.0,197.0,0.6185340881347658,True,CALL,2026-06-18,ORCL
ORCL260618C00140000,140.0,37.97,37.3,38.6,37.0,257.0,0.6145668426513673,True,CALL,2026-06-18,ORCL
ORCL260618C00145000,145.0,34.7,33.95,35.65,101.0,390.0,0.6073647662353516,True,CALL,2026-06-18,ORCL
ORCL260618C00150000,150.0,32.2,31.7,32.6,305.0,746.0,0.6094399407958986,True,CALL,2026-06-18,ORCL
ORCL260618C00155000,155.0,29.55,29.05,29.8,232.0,279.0,0.604892867126465,True,CALL,2026-06-18,ORCL
ORCL260618C00160000,160.0,26.95,26.6,27.15,53.0,459.0,0.600712000732422,True,CALL,2026-06-18,ORCL
ORCL260618C00165000,165.0,24.95,24.1,24.95,93.0,11187.0,0.5975382043457032,True,CALL,2026-06-18,ORCL
ORCL260618C00170000,170.0,22.38,22.05,22.55,51.0,1085.0,0.593601476135254,False,CALL,2026-06-18,ORCL
ORCL260618C00175000,175.0,20.46,20.0,20.55,2543.0,935.0,0.5908854388427736,False,CALL,2026-06-18,ORCL
ORCL260618C00180000,180.0,18.74,18.25,18.8,272.0,1823.0,0.5913126806640626,False,CALL,2026-06-18,ORCL
ORCL260618C00185000,185.0,16.75,16.5,16.95,16.0,1069.0,0.5871012969970704,False,CALL,2026-06-18,ORCL
ORCL260618C00190000,190.0,15.31,14.95,15.4,109.0,4395.0,0.5857585369873046,False,CALL,2026-06-18,ORCL
ORCL260618C00195000,195.0,13.97,13.5,13.95,14.0,1075.0,0.5838054315185546,False,CALL,2026-06-18,ORCL
ORCL260618C00200000,200.0,12.5,12.35,12.5,190.0,2763.0,0.5827068096923829,False,CALL,2026-06-18,ORCL
ORCL260618C00210000,210.0,10.23,10.05,10.35,210.0,1957.0,0.5819133605957032,False,CALL,2026-06-18,ORCL
ORCL260618P00120000,120.0,5.6,5.4,5.7,279.0,3042.0,0.5972940661621093,False,PUT,2026-06-18,ORCL
ORCL260618P00125000,125.0,6.7,6.55,6.8,634.0,1365.0,0.5893595751953126,False,PUT,2026-06-18,ORCL
ORCL260618P00130000,130.0,7.98,7.8,8.15,1001.0,2696.0,0.582584740600586,False,PUT,2026-06-18,ORCL
ORCL260618P00135000,135.0,9.45,9.3,9.6,65.0,2102.0,0.5764202514648438,False,PUT,2026-06-18,ORCL
ORCL260618P00140000,140.0,11.62,10.85,11.25,38.0,8535.0,0.5691571405029296,False,PUT,2026-06-18,ORCL
ORCL260618P00145000,145.0,13.45,12.75,13.1,72.0,3177.0,0.5651288604736329,False,PUT,2026-06-18,ORCL
ORCL260618P00150000,150.0,15.05,14.75,15.1,372.0,6997.0,0.5596967858886719,False,PUT,2026-06-18,ORCL
ORCL260618P00155000,155.0,17.2,16.95,17.35,59.0,3091.0,0.5556074713134767,False,PUT,2026-06-18,ORCL
ORCL260618P00160000,160.0,19.64,19.3,19.8,289.0,3905.0,0.5515181567382813,False,PUT,2026-06-18,ORCL
ORCL260618P00165000,165.0,22.16,21.9,22.4,982.0,5695.0,0.5481002221679689,False,PUT,2026-06-18,ORCL
ORCL260618P00170000,170.0,25.6,24.65,25.1,65.0,6119.0,0.5435226312255861,True,PUT,2026-06-18,ORCL
ORCL260618P00175000,175.0,27.74,27.5,28.05,43.0,3716.0,0.539189178466797,True,PUT,2026-06-18,ORCL
ORCL260618P00180000,180.0,31.17,30.6,31.25,14.0,5408.0,0.5370834866333009,True,PUT,2026-06-18,ORCL
ORCL260618P00185000,185.0,34.75,33.45,34.5,18.0,5175.0,0.5286912365722658,True,PUT,2026-06-18,ORCL
ORCL260618P00190000,190.0,37.8,37.2,38.0,44.0,5932.0,0.5308884802246094,True,PUT,2026-06-18,ORCL
ORCL260618P00195000,195.0,41.37,40.65,41.5,13.0,1815.0,0.5258836474609375,True,PUT,2026-06-18,ORCL
ORCL260618P00200000,200.0,45.35,44.35,45.3,39.0,5367.0,0.5245408874511719,True,PUT,2026-06-18,ORCL
ORCL260618P00210000,210.0,53.15,51.95,53.5,6.0,4206.0,0.5233812310791015,True,PUT,2026-06-18,ORCL
ORCL260717C00120000,120.0,61.9,52.25,54.8,1.0,7.0,0.6388585919189453,True,CALL,2026-07-17,ORCL
ORCL260717C00125000,125.0,98.7,49.15,51.15,3.0,3.0,0.6397741101074219,True,CALL,2026-07-17,ORCL
ORCL260717C00130000,130.0,52.25,45.7,46.6,5.0,13.0,0.6168251208496094,True,CALL,2026-07-17,ORCL
ORCL260717C00135000,135.0,66.35,41.85,43.1,40.0,20.0,0.601139242553711,True,CALL,2026-07-17,ORCL
ORCL260717C00140000,140.0,38.63,38.75,40.15,3.0,20.0,0.6000406207275393,True,CALL,2026-07-17,ORCL
ORCL260717C00145000,145.0,35.64,36.25,37.15,5.0,59.0,0.6016885534667971,True,CALL,2026-07-17,ORCL
ORCL260717C00150000,150.0,33.72,33.25,33.95,2.0,64.0,0.5905802661132813,True,CALL,2026-07-17,ORCL
ORCL260717C00155000,155.0,31.0,30.75,31.35,10.0,71.0,0.5893900924682618,True,CALL,2026-07-17,ORCL
ORCL260717C00160000,160.0,28.61,28.15,28.95,26.0,28.0,0.5857280197143554,True,CALL,2026-07-17,ORCL
ORCL260717C00165000,165.0,26.1,25.8,27.05,42.0,43.0,0.5872233660888673,True,CALL,2026-07-17,ORCL
ORCL260717C00170000,170.0,24.06,23.75,24.25,10.0,131.0,0.5786174951171875,False,CALL,2026-07-17,ORCL
ORCL260717C00175000,175.0,22.1,21.75,22.4,31.0,233.0,0.57812921875,False,CALL,2026-07-17,ORCL
ORCL260717C00180000,180.0,20.05,19.45,20.15,47.0,216.0,0.5668378277587891,False,CALL,2026-07-17,ORCL
ORCL260717C00185000,185.0,18.45,18.15,18.55,50.0,385.0,0.5709881768798828,False,CALL,2026-07-17,ORCL
ORCL260717C00190000,190.0,16.9,16.6,17.05,10.0,225.0,0.5706830041503907,False,CALL,2026-07-17,ORCL
ORCL260717C00195000,195.0,15.45,15.1,15.55,11.0,162.0,0.56836369140625,False,CALL,2026-07-17,ORCL
ORCL260717C00200000,200.0,14.1,13.8,14.25,56.0,474.0,0.5680585186767577,False,CALL,2026-07-17,ORCL
ORCL260717C00210000,210.0,11.77,11.5,11.95,20.0,485.0,0.5674481732177734,False,CALL,2026-07-17,ORCL
ORCL260717P00120000,120.0,6.6,6.2,6.6,33.0,773.0,0.5761150787353515,False,PUT,2026-07-17,ORCL
ORCL260717P00125000,125.0,7.45,7.5,7.8,10.0,323.0,0.5701336932373047,False,PUT,2026-07-17,ORCL
ORCL260717P00130000,130.0,9.07,8.7,9.2,23.0,125.0,0.5612226495361328,False,PUT,2026-07-17,ORCL
ORCL260717P00135000,135.0,10.9,10.4,10.7,535.0,561.0,0.5569807485961916,False,PUT,2026-07-17,ORCL
ORCL260717P00140000,140.0,12.83,12.15,12.7,49.0,1242.0,0.555790574951172,False,PUT,2026-07-17,ORCL
ORCL260717P00145000,145.0,14.2,14.1,14.6,168.0,1184.0,0.5513960876464845,False,PUT,2026-07-17,ORCL
ORCL260717P00150000,150.0,16.67,16.05,16.45,145.0,2223.0,0.5423019403076172,False,PUT,2026-07-17,ORCL
ORCL260717P00155000,155.0,18.8,18.4,18.8,28.0,1197.0,0.5403793521118166,False,PUT,2026-07-17,ORCL
ORCL260717P00160000,160.0,21.0,20.75,21.15,108.0,1391.0,0.5345505529785157,False,PUT,2026-07-17,ORCL
ORCL260717P00165000,165.0,23.7,23.3,24.25,42.0,567.0,0.535862795715332,False,PUT,2026-07-17,ORCL
ORCL260717P00170000,170.0,26.4,26.1,26.65,88.0,1746.0,0.5284776156616212,True,PUT,2026-07-17,ORCL
ORCL260717P00175000,175.0,29.35,29.0,29.55,36.0,980.0,0.524418818359375,True,PUT,2026-07-17,ORCL
ORCL260717P00180000,180.0,32.4,32.0,33.15,33.0,1562.0,0.5258836474609375,True,PUT,2026-07-17,ORCL
ORCL260717P00185000,185.0,35.64,35.2,36.4,1.0,1400.0,0.5225267474365234,True,PUT,2026-07-17,ORCL
ORCL260717P00190000,190.0,39.11,38.55,39.15,1.0,1118.0,0.5120898400878906,True,PUT,2026-07-17,ORCL
ORCL260717P00195000,195.0,37.45,42.05,42.85,1.0,217.0,0.5110827700805664,True,PUT,2026-07-17,ORCL
ORCL260717P00200000,200.0,46.76,45.6,46.45,57.0,1495.0,0.5065967309570312,True,PUT,2026-07-17,ORCL
ORCL260717P00210000,210.0,53.8,53.25,54.45,33.0,882.0,0.5056812127685546,True,PUT,2026-07-17,ORCL
ORCL260821C00120000,120.0,62.2,53.9,56.05,2.0,39.0,0.6271399591064455,True,CALL,2026-08-21,ORCL
ORCL260821C00125000,125.0,59.95,50.4,51.4,2.0,37.0,0.6044045907592775,True,CALL,2026-08-21,ORCL
ORCL260821C00130000,130.0,69.65,46.65,49.15,2.0,18.0,0.6092568371582032,True,CALL,2026-08-21,ORCL
ORCL260821C00135000,135.0,51.8,43.95,44.75,1.0,21.0,0.5954630297851562,True,CALL,2026-08-21,ORCL
ORCL260821C00140000,140.0,48.05,40.8,42.55,1.0,67.0,0.6003763107299805,True,CALL,2026-08-21,ORCL
ORCL260821C00145000,145.0,36.59,37.7,38.95,2.0,43.0,0.5855754333496093,True,CALL,2026-08-21,ORCL
ORCL260821C00150000,150.0,36.0,34.65,36.15,7.0,70.0,0.5779461151123046,True,CALL,2026-08-21,ORCL
ORCL260821C00155000,155.0,32.55,32.15,33.5,1.0,64.0,0.575077491455078,True,CALL,2026-08-21,ORCL
ORCL260821C00160000,160.0,30.75,30.35,31.05,29.0,50.0,0.5786785296630859,True,CALL,2026-08-21,ORCL
ORCL260821C00165000,165.0,28.42,27.75,28.55,3.0,52.0,0.5704083486938477,True,CALL,2026-08-21,ORCL
ORCL260821C00170000,170.0,26.0,25.95,26.45,98.0,54.0,0.5718426605224609,False,CALL,2026-08-21,ORCL
ORCL260821C00175000,175.0,23.63,23.85,24.6,24.0,141.0,0.570042141418457,False,CALL,2026-08-21,ORCL
ORCL260821C00180000,180.0,22.2,22.0,22.55,26.0,243.0,0.5662274822998048,False,CALL,2026-08-21,ORCL
ORCL260821C00185000,185.0,20.75,20.4,20.8,40.0,125.0,0.565556102294922,False,CALL,2026-08-21,ORCL
ORCL260821C00190000,190.0,19.25,18.65,19.25,54.0,230.0,0.5631147204589844,False,CALL,2026-08-21,ORCL
ORCL260821C00195000,195.0,17.87,17.2,17.75,1.0,167.0,0.5619855813598633,False,CALL,2026-08-21,ORCL
ORCL260821C00200000,200.0,15.0,16.0,16.25,7.0,205.0,0.5613447186279297,False,CALL,2026-08-21,ORCL
ORCL260821C00210000,210.0,13.6,13.35,13.9,31.0,451.0,0.5582319567871095,False,CALL,2026-08-21,ORCL
ORCL260821P00120000,120.0,7.5,7.25,7.55,23.0,238.0,0.5578047149658205,False,PUT,2026-08-21,ORCL
ORCL260821P00125000,125.0,8.81,8.6,9.05,8.0,42.0,0.5547529876708985,False,PUT,2026-08-21,ORCL
ORCL260821P00130000,130.0,10.28,10.1,10.45,10.0,189.0,0.5481002221679689,False,PUT,2026-08-21,ORCL
ORCL260821P00135000,135.0,12.25,11.7,12.2,4.0,230.0,0.5437057348632813,False,PUT,2026-08-21,ORCL
ORCL260821P00140000,140.0,13.89,13.5,13.8,12.0,228.0,0.5361984857177735,False,PUT,2026-08-21,ORCL
ORCL260821P00145000,145.0,16.3,15.5,15.9,72.0,683.0,0.5335740002441407,False,PUT,2026-08-21,ORCL
ORCL260821P00150000,150.0,17.9,17.6,18.0,17.0,535.0,0.5285081329345704,False,PUT,2026-08-21,ORCL
ORCL260821P00155000,155.0,20.58,19.9,20.5,24.0,233.0,0.5266465792846681,False,PUT,2026-08-21,ORCL
ORCL260821P00160000,160.0,23.64,22.05,22.8,52.0,1752.0,0.5177660528564454,False,PUT,2026-08-21,ORCL
ORCL260821P00165000,165.0,25.93,24.65,25.85,20.0,167.0,0.5184069155883789,False,PUT,2026-08-21,ORCL
ORCL260821P00170000,170.0,28.1,27.75,28.45,13.0,1383.0,0.5163927755737304,True,PUT,2026-08-21,ORCL
ORCL260821P00175000,175.0,31.33,30.6,31.35,80.0,1027.0,0.5119677709960937,True,PUT,2026-08-21,ORCL
ORCL260821P00180000,180.0,34.45,33.3,34.35,16.0,1177.0,0.5042163836669922,True,PUT,2026-08-21,ORCL
ORCL260821P00185000,185.0,38.4,36.75,37.7,7.0,49.0,0.5048877636718749,True,PUT,2026-08-21,ORCL
ORCL260821P00190000,190.0,41.9,40.2,41.0,1.0,901.0,0.5024768991088868,True,PUT,2026-08-21,ORCL
ORCL260821P00195000,195.0,36.0,43.55,44.55,1.0,678.0,0.5094653546142578,True,PUT,2026-08-21,ORCL
ORCL260821P00200000,200.0,46.29,47.15,48.1,25.0,1562.0,0.50586431640625,True,PUT,2026-08-21,ORCL
ORCL260821P00210000,210.0,42.5,54.8,55.8,1.0,1331.0,0.5047962118530273,True,PUT,2026-08-21,ORCL
ORCL260918C00120000,120.0,54.13,56.0,57.1,3.0,24.0,0.6331213446044923,True,CALL,2026-09-18,ORCL
ORCL260918C00125000,125.0,58.35,51.8,53.35,2.0,47.0,0.6117592535400393,True,CALL,2026-09-18,ORCL
ORCL260918C00130000,130.0,80.55,49.2,50.85,2.0,1032.0,0.6245765081787109,True,CALL,2026-09-18,ORCL
ORCL260918C00135000,135.0,52.87,46.0,47.45,1.0,65.0,0.6148414981079101,True,CALL,2026-09-18,ORCL
ORCL260918C00140000,140.0,42.5,42.9,44.15,1.0,41.0,0.6049233843994142,True,CALL,2026-09-18,ORCL
ORCL260918C00145000,145.0,46.35,40.2,41.15,1.0,48.0,0.6002237243652344,True,CALL,2026-09-18,ORCL
ORCL260918C00150000,150.0,38.0,37.5,38.25,3.0,51.0,0.5938761315917969,True,CALL,2026-09-18,ORCL
ORCL260918C00155000,155.0,36.0,35.05,35.85,3.0,58.0,0.5927164752197267,True,CALL,2026-09-18,ORCL
ORCL260918C00160000,160.0,32.7,32.3,33.9,10.0,84.0,0.5904276797485352,True,CALL,2026-09-18,ORCL
ORCL260918C00165000,165.0,30.82,29.95,30.9,122.0,101.0,0.5793193923950196,True,CALL,2026-09-18,ORCL
ORCL260918C00170000,170.0,28.68,28.25,29.0,10.0,247.0,0.5829814651489257,False,CALL,2026-09-18,ORCL
ORCL260918C00175000,175.0,26.73,26.2,27.45,25.0,328.0,0.5842326733398437,False,CALL,2026-09-18,ORCL
ORCL260918C00180000,180.0,24.2,24.5,25.1,15.0,644.0,0.5790447369384766,False,CALL,2026-09-18,ORCL
ORCL260918C00185000,185.0,22.69,22.65,23.25,11.0,303.0,0.5751080087280273,False,CALL,2026-09-18,ORCL
ORCL260918C00190000,190.0,21.45,21.1,21.65,129.0,3812.0,0.5744061114501953,False,CALL,2026-09-18,ORCL
ORCL260918C00195000,195.0,19.63,19.55,20.2,4.0,645.0,0.5732159378051759,False,CALL,2026-09-18,ORCL
ORCL260918C00200000,200.0,18.41,18.15,18.6,195.0,1136.0,0.5701947277832031,False,CALL,2026-09-18,ORCL
ORCL260918C00210000,210.0,15.65,15.6,16.25,38.0,1008.0,0.5696759341430665,False,CALL,2026-09-18,ORCL
ORCL260918P00120000,120.0,8.95,8.55,9.0,24.0,2725.0,0.5643964459228517,False,PUT,2026-09-18,ORCL
ORCL260918P00125000,125.0,10.45,10.0,10.35,10.0,543.0,0.5576216113281252,False,PUT,2026-09-18,ORCL
ORCL260918P00130000,130.0,11.7,11.55,11.7,27.0,2088.0,0.5488326367187502,False,PUT,2026-09-18,ORCL
ORCL260918P00135000,135.0,13.85,13.3,13.75,10.0,753.0,0.547978153076172,False,PUT,2026-09-18,ORCL
ORCL260918P00140000,140.0,15.8,15.2,15.75,30.0,2403.0,0.5446212530517578,False,PUT,2026-09-18,ORCL
ORCL260918P00145000,145.0,17.9,17.2,17.55,4.0,542.0,0.5369919348144532,False,PUT,2026-09-18,ORCL
ORCL260918P00150000,150.0,20.05,19.35,19.8,38.0,6356.0,0.5329026202392577,False,PUT,2026-09-18,ORCL
ORCL260918P00155000,155.0,22.35,21.75,22.6,18.0,1944.0,0.5340317593383789,False,PUT,2026-09-18,ORCL
ORCL260918P00160000,160.0,24.66,24.25,24.8,64.0,1971.0,0.5271653729248047,False,PUT,2026-09-18,ORCL
ORCL260918P00165000,165.0,27.65,26.9,27.45,75.0,2715.0,0.5235643347167969,False,PUT,2026-09-18,ORCL
ORCL260918P00170000,170.0,30.95,29.65,30.25,39.0,2746.0,0.5197801928710937,True,PUT,2026-09-18,ORCL
ORCL260918P00175000,175.0,33.3,32.55,33.6,61.0,4021.0,0.5201464001464844,True,PUT,2026-09-18,ORCL
ORCL260918P00180000,180.0,36.35,35.6,36.55,183.0,5241.0,0.5156908782958984,True,PUT,2026-09-18,ORCL
ORCL260918P00185000,185.0,30.8,38.85,39.6,2.0,2160.0,0.5117236328125,True,PUT,2026-09-18,ORCL
ORCL260918P00190000,190.0,43.65,41.95,43.25,1.0,4421.0,0.5097705273437501,True,PUT,2026-09-18,ORCL
ORCL260918P00195000,195.0,46.7,45.35,46.6,10.0,4478.0,0.5056201782226561,True,PUT,2026-09-18,ORCL
ORCL260918P00200000,200.0,50.3,48.9,49.95,59.0,5584.0,0.5007679318237305,True,PUT,2026-09-18,ORCL
ORCL260918P00210000,210.0,57.35,56.35,57.35,10.0,4806.0,0.5055591436767577,True,PUT,2026-09-18,ORCL
ORCL261120C00125000,125.0,78.15,54.1,56.7,,1.0,0.6084939053344728,True,CALL,2026-11-20,ORCL
ORCL261120C00140000,140.0,55.0,44.85,47.6,1.0,3.0,0.5907328524780274,True,CALL,2026-11-20,ORCL
ORCL261120C00145000,145.0,54.84,43.0,44.05,,5.0,0.5874064697265625,True,CALL,2026-11-20,ORCL
ORCL261120C00150000,150.0,39.4,40.05,41.25,2.0,6.0,0.5786480123901367,True,CALL,2026-11-20,ORCL
ORCL261120C00160000,160.0,34.6,35.8,37.45,1.0,4.0,0.5863688824462892,True,CALL,2026-11-20,ORCL
ORCL261120C00165000,165.0,33.35,32.75,35.15,4.0,1.0,0.5753521469116211,True,CALL,2026-11-20,ORCL
ORCL261120C00170000,170.0,30.6,31.4,32.2,27.0,20.0,0.5717511087036133,False,CALL,2026-11-20,ORCL
ORCL261120C00175000,175.0,28.0,29.45,30.1,5.0,16.0,0.5685467950439453,False,CALL,2026-11-20,ORCL
ORCL261120C00180000,180.0,27.15,27.6,28.25,10.0,1126.0,0.5665936895751953,False,CALL,2026-11-20,ORCL
ORCL261120C00185000,185.0,26.38,25.15,26.45,3.0,117.0,0.5583235086059571,False,CALL,2026-11-20,ORCL
ORCL261120C00190000,190.0,22.79,24.3,24.85,4.0,56.0,0.5636335140991212,False,CALL,2026-11-20,ORCL
ORCL261120C00195000,195.0,23.15,22.7,23.4,20.0,53.0,0.5623823059082032,False,CALL,2026-11-20,ORCL
ORCL261120C00200000,200.0,21.4,21.3,22.0,60.0,52.0,0.5618024777221681,False,CALL,2026-11-20,ORCL
ORCL261120C00210000,210.0,19.7,18.65,19.3,3.0,71.0,0.5586286813354493,False,CALL,2026-11-20,ORCL
ORCL261120P00120000,120.0,10.8,10.35,10.7,10.0,28.0,0.5455367712402344,False,PUT,2026-11-20,ORCL
ORCL261120P00125000,125.0,11.01,11.05,12.65,3.0,26.0,0.5346726220703125,False,PUT,2026-11-20,ORCL
ORCL261120P00130000,130.0,13.89,13.6,14.65,4.0,27.0,0.5426986648559572,False,PUT,2026-11-20,ORCL
ORCL261120P00135000,135.0,12.35,14.6,16.15,21.0,28.0,0.5251817501831054,False,PUT,2026-11-20,ORCL
ORCL261120P00140000,140.0,18.27,16.6,18.35,1.0,1382.0,0.523320196533203,False,PUT,2026-11-20,ORCL
ORCL261120P00145000,145.0,16.05,19.5,21.0,1.0,17.0,0.5316819293212891,False,PUT,2026-11-20,ORCL
ORCL261120P00150000,150.0,22.34,20.9,22.4,307.0,299.0,0.5112353564453125,False,PUT,2026-11-20,ORCL
ORCL261120P00155000,155.0,25.28,23.45,24.75,1.0,21.0,0.5083972500610351,False,PUT,2026-11-20,ORCL
ORCL261120P00160000,160.0,26.0,26.7,28.4,50.0,488.0,0.5208482974243164,False,PUT,2026-11-20,ORCL
ORCL261120P00165000,165.0,29.71,28.95,30.0,2.0,29.0,0.5041553491210937,False,PUT,2026-11-20,ORCL
ORCL261120P00170000,170.0,32.65,32.25,33.4,251.0,1963.0,0.5100757000732423,True,PUT,2026-11-20,ORCL
ORCL261120P00175000,175.0,29.15,34.0,35.85,1.0,331.0,0.5083056982421875,True,PUT,2026-11-20,ORCL
ORCL261120P00180000,180.0,38.85,38.0,38.9,18.0,963.0,0.5049793154907226,True,PUT,2026-11-20,ORCL
ORCL261120P00185000,185.0,42.0,41.2,42.25,11.0,101.0,0.5048877636718749,True,PUT,2026-11-20,ORCL
ORCL261120P00190000,190.0,45.52,43.85,45.3,84.0,14.0,0.49789930816650396,True,PUT,2026-11-20,ORCL
ORCL261120P00195000,195.0,48.25,47.55,49.3,33.0,31.0,0.5052844882202149,True,PUT,2026-11-20,ORCL
ORCL261120P00200000,200.0,53.04,51.45,52.4,2.0,36.0,0.4957020645141602,True,PUT,2026-11-20,ORCL
ORCL261120P00210000,210.0,60.8,57.65,59.65,1.0,6.0,0.4896596444702149,True,PUT,2026-11-20,ORCL
ORCL261218C00120000,120.0,74.6,58.55,60.3,2.0,83.0,0.6041299353027345,True,CALL,2026-12-18,ORCL
ORCL261218C00125000,125.0,57.0,55.85,57.0,3.0,79.0,0.6037026934814456,True,CALL,2026-12-18,ORCL
ORCL261218C00130000,130.0,55.59,53.1,54.15,2.0,195.0,0.6045876943969729,True,CALL,2026-12-18,ORCL
ORCL261218C00135000,135.0,51.0,50.25,51.15,2.0,1031.0,0.6002847589111329,True,CALL,2026-12-18,ORCL
ORCL261218C00140000,140.0,62.35,47.45,49.2,2.0,178.0,0.6043435562133791,True,CALL,2026-12-18,ORCL
ORCL261218C00145000,145.0,45.25,44.75,45.15,2.0,123.0,0.5874064697265625,True,CALL,2026-12-18,ORCL
ORCL261218C00150000,150.0,42.3,41.75,42.95,9.0,927.0,0.5831340515136718,True,CALL,2026-12-18,ORCL
ORCL261218C00155000,155.0,39.88,38.85,40.6,1.0,172.0,0.5766033551025391,True,CALL,2026-12-18,ORCL
ORCL261218C00160000,160.0,37.5,37.55,38.2,13.0,450.0,0.5815166360473633,True,CALL,2026-12-18,ORCL
ORCL261218C00165000,165.0,35.71,35.4,36.0,59.0,210.0,0.5789531851196289,True,CALL,2026-12-18,ORCL
ORCL261218C00170000,170.0,33.47,32.35,34.0,26.0,959.0,0.5689740368652343,False,CALL,2026-12-18,ORCL
ORCL261218C00175000,175.0,31.23,31.45,32.4,90.0,301.0,0.5783123223876954,False,CALL,2026-12-18,ORCL
ORCL261218C00180000,180.0,29.85,29.45,30.2,28.0,961.0,0.572117315979004,False,CALL,2026-12-18,ORCL
ORCL261218C00185000,185.0,27.7,27.3,28.35,3.0,799.0,0.5661359304809571,False,CALL,2026-12-18,ORCL
ORCL261218C00190000,190.0,26.4,26.2,27.15,8.0,537.0,0.572391971435547,False,CALL,2026-12-18,ORCL
ORCL261218C00195000,195.0,24.5,24.55,25.15,64.0,1133.0,0.5664105859375,False,CALL,2026-12-18,ORCL
ORCL261218C00200000,200.0,23.27,23.05,23.6,131.0,1424.0,0.5639692041015626,False,CALL,2026-12-18,ORCL
ORCL261218C00210000,210.0,20.48,20.4,21.4,9.0,1094.0,0.5654340332031251,False,CALL,2026-12-18,ORCL
ORCL261218P00120000,120.0,11.75,11.3,11.75,275.0,650.0,0.5454147021484376,False,PUT,2026-12-18,ORCL
ORCL261218P00125000,125.0,13.31,12.9,13.55,7.0,2606.0,0.5418746984863283,False,PUT,2026-12-18,ORCL
ORCL261218P00130000,130.0,15.3,14.75,15.15,4.0,1919.0,0.5361679684448243,False,PUT,2026-12-18,ORCL
ORCL261218P00135000,135.0,17.3,16.65,17.1,82.0,442.0,0.5320786538696288,False,PUT,2026-12-18,ORCL
ORCL261218P00140000,140.0,18.89,18.65,19.7,53.0,1160.0,0.5327500338745117,False,PUT,2026-12-18,ORCL
ORCL261218P00145000,145.0,21.15,20.85,21.55,37.0,1111.0,0.5257005438232423,False,PUT,2026-12-18,ORCL
ORCL261218P00150000,150.0,24.0,23.15,23.7,49.0,3917.0,0.520237951965332,False,PUT,2026-12-18,ORCL
ORCL261218P00155000,155.0,26.55,25.5,26.1,64.0,294.0,0.515355188293457,False,PUT,2026-12-18,ORCL
ORCL261218P00160000,160.0,28.42,28.15,28.7,65.0,1008.0,0.5127001855468749,False,PUT,2026-12-18,ORCL
ORCL261218P00165000,165.0,30.95,30.8,31.5,7.0,787.0,0.5097094927978516,False,PUT,2026-12-18,ORCL
ORCL261218P00170000,170.0,34.5,33.55,34.7,25.0,2354.0,0.5088855264282227,True,PUT,2026-12-18,ORCL
ORCL261218P00175000,175.0,37.63,36.65,37.45,26.0,2600.0,0.5053760400390624,True,PUT,2026-12-18,ORCL
ORCL261218P00180000,180.0,40.0,39.5,41.05,24.0,3531.0,0.5049487982177734,True,PUT,2026-12-18,ORCL
ORCL261218P00185000,185.0,43.28,42.65,43.9,19.0,1503.0,0.5092517337036133,True,PUT,2026-12-18,ORCL
ORCL261218P00190000,190.0,40.45,45.8,46.8,1.0,1463.0,0.5002491381835938,True,PUT,2026-12-18,ORCL
ORCL261218P00195000,195.0,50.7,48.85,50.1,5.0,775.0,0.4960682717895508,True,PUT,2026-12-18,ORCL
ORCL261218P00200000,200.0,53.47,52.65,53.6,7.0,4206.0,0.49362688995361337,True,PUT,2026-12-18,ORCL
ORCL261218P00210000,210.0,62.17,59.8,60.8,26.0,996.0,0.487584469909668,True,PUT,2026-12-18,ORCL
ORCL270115C00120000,120.0,59.0,60.3,61.95,5.0,172.0,0.6169471899414063,True,CALL,2027-01-15,ORCL
ORCL270115C00125000,125.0,57.07,57.15,58.1,10.0,169.0,0.6041299353027345,True,CALL,2027-01-15,ORCL
ORCL270115C00130000,130.0,54.5,54.2,54.8,17.0,1159.0,0.5973551007080078,True,CALL,2027-01-15,ORCL
ORCL270115C00135000,135.0,51.0,51.2,52.2,8.0,349.0,0.5948526843261719,True,CALL,2027-01-15,ORCL
ORCL270115C00140000,140.0,49.0,47.65,49.15,16.0,195.0,0.5811504287719728,True,CALL,2027-01-15,ORCL
ORCL270115C00145000,145.0,46.45,45.85,46.55,4.0,103.0,0.5855754333496093,True,CALL,2027-01-15,ORCL
ORCL270115C00150000,150.0,43.8,43.25,44.35,66.0,1219.0,0.5842937078857422,True,CALL,2027-01-15,ORCL
ORCL270115C00155000,155.0,41.02,41.05,41.6,1.0,310.0,0.5798687033081055,True,CALL,2027-01-15,ORCL
ORCL270115C00160000,160.0,39.02,38.6,39.45,84.0,768.0,0.5766949069213867,True,CALL,2027-01-15,ORCL
ORCL270115C00165000,165.0,36.61,36.25,37.2,141.0,282.0,0.5719036950683594,True,CALL,2027-01-15,ORCL
ORCL270115C00170000,170.0,34.8,34.5,35.0,115.0,2804.0,0.5707745559692383,False,CALL,2027-01-15,ORCL
ORCL270115C00175000,175.0,32.89,32.25,33.2,471.0,749.0,0.5673566213989257,False,CALL,2027-01-15,ORCL
ORCL270115C00180000,180.0,30.9,30.65,30.9,105.0,1244.0,0.5636640313720704,False,CALL,2027-01-15,ORCL
ORCL270115C00185000,185.0,29.32,28.55,29.4,9.0,816.0,0.5609174768066407,False,CALL,2027-01-15,ORCL
ORCL270115C00190000,190.0,27.48,27.15,27.75,123.0,1459.0,0.5611005804443359,False,CALL,2027-01-15,ORCL
ORCL270115C00195000,195.0,26.05,25.4,26.4,9.0,3681.0,0.5596357513427734,False,CALL,2027-01-15,ORCL
ORCL270115C00200000,200.0,24.47,24.15,24.6,1099.0,4501.0,0.5573164385986329,False,CALL,2027-01-15,ORCL
ORCL270115C00210000,210.0,21.82,21.55,22.15,147.0,1193.0,0.5573774731445313,False,CALL,2027-01-15,ORCL
ORCL270115P00120000,120.0,12.18,11.95,12.35,641.0,3188.0,0.5374191766357423,False,PUT,2027-01-15,ORCL
ORCL270115P00125000,125.0,14.24,13.6,14.15,127.0,696.0,0.5336960693359375,False,PUT,2027-01-15,ORCL
ORCL270115P00130000,130.0,15.85,15.45,15.95,1028.0,7626.0,0.5294846856689455,False,PUT,2027-01-15,ORCL
ORCL270115P00135000,135.0,17.58,17.4,18.2,7.0,1462.0,0.5281419256591797,False,PUT,2027-01-15,ORCL
ORCL270115P00140000,140.0,19.5,19.5,20.0,59.0,1949.0,0.521641746520996,False,PUT,2027-01-15,ORCL
ORCL270115P00145000,145.0,22.05,21.65,22.95,17.0,1920.0,0.5237474383544922,False,PUT,2027-01-15,ORCL
ORCL270115P00150000,150.0,24.31,23.7,24.95,479.0,3641.0,0.5144701873779296,False,PUT,2027-01-15,ORCL
ORCL270115P00155000,155.0,26.73,26.4,27.05,107.0,709.0,0.5097705273437501,False,PUT,2027-01-15,ORCL
ORCL270115P00160000,160.0,29.3,28.75,29.65,56.0,3959.0,0.504460521850586,False,PUT,2027-01-15,ORCL
ORCL270115P00165000,165.0,32.5,31.35,32.3,67.0,558.0,0.5073291455078125,False,PUT,2027-01-15,ORCL
ORCL270115P00170000,170.0,35.55,34.35,35.15,6.0,2276.0,0.5043384527587891,True,PUT,2027-01-15,ORCL
ORCL270115P00175000,175.0,38.16,37.5,38.95,59.0,1428.0,0.5031787963867188,True,PUT,2027-01-15,ORCL
ORCL270115P00180000,180.0,40.86,40.4,41.35,130.0,4744.0,0.501103621826172,True,PUT,2027-01-15,ORCL
ORCL270115P00185000,185.0,44.83,43.3,44.4,53.0,2531.0,0.49631240997314463,True,PUT,2027-01-15,ORCL
ORCL270115P00190000,190.0,47.5,46.35,47.6,34.0,1873.0,0.49231464721679696,True,PUT,2027-01-15,ORCL
ORCL270115P00195000,195.0,50.95,49.95,50.95,59.0,2522.0,0.4891713681030274,True,PUT,2027-01-15,ORCL
ORCL270115P00200000,200.0,54.4,53.4,54.85,9.0,4263.0,0.4931691308593751,True,PUT,2027-01-15,ORCL
ORCL270115P00210000,210.0,64.05,60.55,61.65,22.0,1110.0,0.481450498046875,True,PUT,2027-01-15,ORCL
ORCL270319C00135000,135.0,64.15,53.85,55.6,1.0,6.0,0.6007425180053713,True,CALL,2027-03-19,ORCL
ORCL270319C00150000,150.0,46.75,46.1,47.95,20.0,1.0,0.5892985406494142,True,CALL,2027-03-19,ORCL
ORCL270319C00155000,155.0,44.23,42.95,46.15,1.0,1.0,0.5839885351562499,True,CALL,2027-03-19,ORCL
ORCL270319C00160000,160.0,41.2,41.65,42.5,11.0,16.0,0.5773662869262696,True,CALL,2027-03-19,ORCL
ORCL270319C00170000,170.0,37.1,37.2,39.3,6.0,7.0,0.5770916314697265,False,CALL,2027-03-19,ORCL
ORCL270319C00175000,175.0,35.99,34.4,37.95,2.0,48.0,0.5726055923461916,False,CALL,2027-03-19,ORCL
ORCL270319C00180000,180.0,34.1,32.85,34.5,1.0,25.0,0.5608564422607423,False,CALL,2027-03-19,ORCL
ORCL270319C00185000,185.0,37.75,31.05,33.95,2.0,22.0,0.5670514486694337,False,CALL,2027-03-19,ORCL
ORCL270319C00190000,190.0,30.37,30.35,32.05,45.0,42.0,0.5702557623291016,False,CALL,2027-03-19,ORCL
ORCL270319C00195000,195.0,29.0,28.9,29.6,1.0,1.0,0.5631299790954589,False,CALL,2027-03-19,ORCL
ORCL270319C00200000,200.0,27.7,27.4,29.05,109.0,30.0,0.5681500704956054,False,CALL,2027-03-19,ORCL
ORCL270319C00210000,210.0,24.85,24.85,25.95,7.0,3.0,0.564304894104004,False,CALL,2027-03-19,ORCL
ORCL270319P00120000,120.0,14.03,13.8,14.6,660.0,50.0,0.5370529693603516,False,PUT,2027-03-19,ORCL
ORCL270319P00130000,130.0,17.73,16.25,19.45,2.0,420.0,0.527073821105957,False,PUT,2027-03-19,ORCL
ORCL270319P00135000,135.0,16.37,18.25,20.0,4.0,4.0,0.5096179409790039,False,PUT,2027-03-19,ORCL
ORCL270319P00140000,140.0,22.05,20.85,21.85,58.0,55.0,0.5072681109619142,False,PUT,2027-03-19,ORCL
ORCL270319P00150000,150.0,24.13,25.1,27.4,10.0,436.0,0.5040027627563476,False,PUT,2027-03-19,ORCL
ORCL270319P00175000,175.0,35.71,39.8,41.5,3.0,3.0,0.5104113900756836,True,PUT,2027-03-19,ORCL
ORCL270319P00180000,180.0,35.3,41.8,43.6,10.0,11.0,0.4935353381347657,True,PUT,2027-03-19,ORCL
ORCL270319P00190000,190.0,41.0,48.8,50.65,,10.0,0.49670913452148446,True,PUT,2027-03-19,ORCL
ORCL270319P00200000,200.0,46.65,55.85,57.85,11.0,10.0,0.49707534179687507,True,PUT,2027-03-19,ORCL
ORCL270617C00120000,120.0,65.98,65.35,67.2,16.0,69.0,0.6079140771484376,True,CALL,2027-06-17,ORCL
ORCL270617C00125000,125.0,63.08,62.5,64.35,15.0,57.0,0.6040383834838869,True,CALL,2027-06-17,ORCL
ORCL270617C00130000,130.0,67.0,59.8,60.6,4.0,37.0,0.5925028543090821,True,CALL,2027-06-17,ORCL
ORCL270617C00135000,135.0,57.61,56.9,59.25,6.0,56.0,0.5974771697998047,True,CALL,2027-06-17,ORCL
ORCL270617C00140000,140.0,60.75,53.5,56.8,5.0,24.0,0.5882609533691407,True,CALL,2027-06-17,ORCL
ORCL270617C00145000,145.0,59.38,51.05,52.75,2.0,53.0,0.5732464550781251,True,CALL,2027-06-17,ORCL
ORCL270617C00150000,150.0,50.2,47.8,50.55,10.0,298.0,0.5651898950195313,True,CALL,2027-06-17,ORCL
ORCL270617C00155000,155.0,49.7,47.15,48.15,1.0,61.0,0.573093868713379,True,CALL,2027-06-17,ORCL
ORCL270617C00160000,160.0,45.5,44.4,46.05,4.0,162.0,0.566883603668213,True,CALL,2027-06-17,ORCL
ORCL270617C00165000,165.0,42.5,42.0,45.05,4.0,101.0,0.5695691236877443,True,CALL,2027-06-17,ORCL
ORCL270617C00170000,170.0,41.29,41.35,42.15,13.0,1392.0,0.5700116241455078,False,CALL,2027-06-17,ORCL
ORCL270617C00175000,175.0,38.49,38.3,40.75,13.0,124.0,0.5633893759155274,False,CALL,2027-06-17,ORCL
ORCL270617C00180000,180.0,36.23,36.45,38.9,21.0,934.0,0.5607954077148438,False,CALL,2027-06-17,ORCL
ORCL270617C00185000,185.0,35.98,35.65,36.8,1.0,98.0,0.5625043750000001,False,CALL,2027-06-17,ORCL
ORCL270617C00190000,190.0,35.17,33.45,36.2,8.0,807.0,0.563877652282715,False,CALL,2027-06-17,ORCL
ORCL270617C00195000,195.0,32.92,32.1,34.45,10.0,143.0,0.562428081817627,False,CALL,2027-06-17,ORCL
ORCL270617C00200000,200.0,31.85,31.5,32.65,10.0,803.0,0.56465584274292,False,CALL,2027-06-17,ORCL
ORCL270617C00210000,210.0,28.25,27.8,29.15,2.0,196.0,0.5512740185546876,False,CALL,2027-06-17,ORCL
ORCL270617P00120000,120.0,16.64,15.65,16.35,5.0,795.0,0.5198107101440429,False,PUT,2027-06-17,ORCL
ORCL270617P00125000,125.0,12.95,16.4,18.35,1.0,296.0,0.5067493173217773,False,PUT,2027-06-17,ORCL
ORCL270617P00130000,130.0,19.87,19.5,21.3,2.0,891.0,0.5199327792358398,False,PUT,2027-06-17,ORCL
ORCL270617P00135000,135.0,22.91,20.5,23.4,1.0,226.0,0.5067188000488281,False,PUT,2027-06-17,ORCL
ORCL270617P00140000,140.0,24.37,22.7,25.65,1.0,369.0,0.5029041409301759,False,PUT,2027-06-17,ORCL
ORCL270617P00145000,145.0,27.0,26.2,26.9,2.0,330.0,0.5049182809448242,False,PUT,2027-06-17,ORCL
ORCL270617P00150000,150.0,28.9,27.8,30.45,5.0,2198.0,0.517003121032715,False,PUT,2027-06-17,ORCL
ORCL270617P00155000,155.0,31.9,30.1,32.0,22.0,744.0,0.49896741271972656,False,PUT,2027-06-17,ORCL
ORCL270617P00160000,160.0,34.21,33.9,34.7,2.0,1081.0,0.496022495880127,False,PUT,2027-06-17,ORCL
ORCL270617P00165000,165.0,37.62,35.5,37.45,3.0,346.0,0.4924519749450684,False,PUT,2027-06-17,ORCL
ORCL270617P00170000,170.0,40.11,39.6,40.25,15.0,847.0,0.4883168844604493,True,PUT,2027-06-17,ORCL
ORCL270617P00175000,175.0,43.82,42.55,43.3,6.0,810.0,0.4863027444458008,True,PUT,2027-06-17,ORCL
ORCL270617P00180000,180.0,45.82,44.35,48.2,5.0,922.0,0.5072375936889649,True,PUT,2027-06-17,ORCL
ORCL270617P00185000,185.0,49.57,48.2,49.6,1.0,463.0,0.481450498046875,True,PUT,2027-06-17,ORCL
ORCL270617P00190000,190.0,48.37,51.85,52.8,1.0,949.0,0.47803256347656253,True,PUT,2027-06-17,ORCL
ORCL270617P00195000,195.0,55.95,54.25,56.15,23.0,150.0,0.4754996298217773,True,PUT,2027-06-17,ORCL
ORCL270617P00200000,200.0,59.71,57.55,59.55,75.0,1121.0,0.4726310061645508,True,PUT,2027-06-17,ORCL
ORCL270617P00210000,210.0,66.73,65.55,66.6,8.0,464.0,0.4672141902160644,True,PUT,2027-06-17,ORCL
ORCL270917C00120000,120.0,97.3,66.9,70.1,2.0,2.0,0.5954935470581054,True,CALL,2027-09-17,ORCL
ORCL270917C00125000,125.0,88.0,64.25,67.7,20.0,40.0,0.5955240643310546,True,CALL,2027-09-17,ORCL
ORCL270917C00130000,130.0,81.2,61.55,64.45,2.0,9.0,0.5871623315429688,True,CALL,2027-09-17,ORCL
ORCL270917C00135000,135.0,67.82,59.0,61.05,1.0,5.0,0.5779003392028808,True,CALL,2027-09-17,ORCL
ORCL270917C00140000,140.0,78.21,57.7,58.6,5.0,9.0,0.5833781896972656,True,CALL,2027-09-17,ORCL
ORCL270917C00150000,150.0,54.0,51.8,54.85,4.0,27.0,0.5752605950927734,True,CALL,2027-09-17,ORCL
ORCL270917C00155000,155.0,58.35,50.45,52.85,1.0,6.0,0.5794109442138673,True,CALL,2027-09-17,ORCL
ORCL270917C00165000,165.0,64.7,46.75,48.5,,1.0,0.5755962850952149,True,CALL,2027-09-17,ORCL
ORCL270917C00170000,170.0,44.85,44.9,46.75,1.0,15.0,0.5749554223632812,False,CALL,2027-09-17,ORCL
ORCL270917C00175000,175.0,50.0,42.15,44.45,1.0,9.0,0.5644879977416993,False,CALL,2027-09-17,ORCL
ORCL270917C00180000,180.0,41.35,40.4,42.1,4.0,51.0,0.5591779922485353,False,CALL,2027-09-17,ORCL
ORCL270917C00185000,185.0,40.7,39.55,41.6,1.0,11.0,0.5697980032348633,False,CALL,2027-09-17,ORCL
ORCL270917C00190000,190.0,37.0,38.2,40.15,10.0,159.0,0.5707440386962892,False,CALL,2027-09-17,ORCL
ORCL270917C00195000,195.0,43.06,35.65,38.5,1.0,31.0,0.5625654095458985,False,CALL,2027-09-17,ORCL
ORCL270917C00200000,200.0,42.1,34.35,36.25,1.0,74.0,0.5576216113281252,False,CALL,2027-09-17,ORCL
ORCL270917C00210000,210.0,47.3,32.35,34.25,4.0,36.0,0.5641980836486817,False,CALL,2027-09-17,ORCL
ORCL270917P00120000,120.0,14.52,17.55,18.7,1.0,91.0,0.5134631173706053,False,PUT,2027-09-17,ORCL
ORCL270917P00125000,125.0,14.31,18.45,20.5,,1.0,0.5155382919311523,False,PUT,2027-09-17,ORCL
ORCL270917P00130000,130.0,16.3,20.55,23.4,2.0,6.0,0.5020191400146485,False,PUT,2027-09-17,ORCL
ORCL270917P00135000,135.0,21.82,23.75,25.6,1.0,12.0,0.5056506954956054,False,PUT,2027-09-17,ORCL
ORCL270917P00140000,140.0,24.17,26.15,27.9,2.0,5.0,0.5024768991088868,False,PUT,2027-09-17,ORCL
ORCL270917P00145000,145.0,29.65,28.2,30.3,2.0,14.0,0.5106250109863282,False,PUT,2027-09-17,ORCL
ORCL270917P00150000,150.0,26.09,31.05,32.9,1.0,611.0,0.5079700082397461,False,PUT,2027-09-17,ORCL
ORCL270917P00155000,155.0,28.35,33.85,34.85,2.0,5.0,0.4957173231506348,False,PUT,2027-09-17,ORCL
ORCL270917P00160000,160.0,37.1,36.4,38.15,21.0,26.0,0.4998524136352539,False,PUT,2027-09-17,ORCL
ORCL270917P00165000,165.0,36.02,39.2,41.05,1.0,181.0,0.49768568725585943,False,PUT,2027-09-17,ORCL
ORCL270917P00170000,170.0,43.77,41.25,42.9,1.0,123.0,0.4815725671386719,True,PUT,2027-09-17,ORCL
ORCL270917P00175000,175.0,46.07,45.0,46.55,2.0,95.0,0.4866384344482422,True,PUT,2027-09-17,ORCL
ORCL270917P00180000,180.0,42.92,48.2,49.35,1.0,65.0,0.4803671348571777,True,PUT,2027-09-17,ORCL
ORCL270917P00185000,185.0,41.3,50.35,52.2,1.0,52.0,0.4738211798095704,True,PUT,2027-09-17,ORCL
ORCL270917P00190000,190.0,51.21,53.5,55.8,3.0,39.0,0.47531652618408204,True,PUT,2027-09-17,ORCL
ORCL270917P00195000,195.0,52.68,56.8,60.05,1.0,9.0,0.48361722442626964,True,PUT,2027-09-17,ORCL
ORCL270917P00200000,200.0,49.05,60.65,63.45,1.0,24.0,0.4809927389526367,True,PUT,2027-09-17,ORCL
ORCL270917P00210000,210.0,64.17,66.85,69.7,3.0,13.0,0.46681746566772464,True,PUT,2027-09-17,ORCL
ORCL271015C00120000,120.0,102.6,68.6,70.6,,5.0,0.5995828616333009,True,CALL,2027-10-15,ORCL
ORCL271015C00125000,125.0,75.0,65.95,67.55,2.0,7.0,0.5939066488647461,True,CALL,2027-10-15,ORCL
ORCL271015C00130000,130.0,63.25,62.05,65.5,1.0,22.0,0.5853007778930664,True,CALL,2027-10-15,ORCL
ORCL271015C00140000,140.0,80.55,57.25,60.5,,1.0,0.580204393310547,True,CALL,2027-10-15,ORCL
ORCL271015C00145000,145.0,84.65,54.95,57.0,2.0,1.0,0.5698895550537109,True,CALL,2027-10-15,ORCL
ORCL271015C00150000,150.0,76.6,52.75,55.55,2.0,7.0,0.5730633514404297,True,CALL,2027-10-15,ORCL
ORCL271015C00155000,155.0,72.8,50.75,52.65,,5.0,0.5669293795776368,True,CALL,2027-10-15,ORCL
ORCL271015C00160000,160.0,47.8,49.65,51.4,2.0,21.0,0.576099820098877,True,CALL,2027-10-15,ORCL
ORCL271015C00165000,165.0,56.85,47.25,48.75,2.0,2.0,0.5672040350341796,True,CALL,2027-10-15,ORCL
ORCL271015C00170000,170.0,58.17,44.8,47.4,3.0,4.0,0.565281446838379,False,CALL,2027-10-15,ORCL
ORCL271015C00175000,175.0,52.6,43.9,45.6,1.0,4.0,0.5692181750488281,False,CALL,2027-10-15,ORCL
ORCL271015C00180000,180.0,67.95,41.65,43.35,2.0,2.0,0.5614362704467774,False,CALL,2027-10-15,ORCL
ORCL271015C00185000,185.0,45.7,39.6,41.55,1.0,5.0,0.5568739381408694,False,CALL,2027-10-15,ORCL
ORCL271015C00190000,190.0,39.33,38.05,40.15,2.0,16.0,0.5569197140502932,False,CALL,2027-10-15,ORCL
ORCL271015C00195000,195.0,61.8,36.5,38.4,,59.0,0.5542036767578126,False,CALL,2027-10-15,ORCL
ORCL271015C00200000,200.0,46.67,36.1,37.8,6.0,42.0,0.5642133422851563,False,CALL,2027-10-15,ORCL
ORCL271015C00210000,210.0,44.75,32.3,34.95,2.0,2.0,0.5551802294921876,False,CALL,2027-10-15,ORCL
ORCL271015P00120000,120.0,18.52,18.15,20.45,2.0,201.0,0.5207872628784179,False,PUT,2027-10-15,ORCL
ORCL271015P00135000,135.0,24.9,23.5,26.1,2.0,2.0,0.5144091528320311,False,PUT,2027-10-15,ORCL
ORCL271015P00140000,140.0,22.57,25.6,27.65,1.0,2.0,0.49966930999755865,False,PUT,2027-10-15,ORCL
ORCL271015P00145000,145.0,24.55,28.9,30.5,2.0,9.0,0.5017139672851563,False,PUT,2027-10-15,ORCL
ORCL271015P00150000,150.0,28.05,30.5,33.05,1.0,165.0,0.49841810180664065,False,PUT,2027-10-15,ORCL
ORCL271015P00155000,155.0,29.91,34.2,36.7,1.0,1.0,0.5079394909667969,False,PUT,2027-10-15,ORCL
ORCL271015P00160000,160.0,26.77,37.2,40.0,10.0,13.0,0.511571046447754,False,PUT,2027-10-15,ORCL
ORCL271015P00165000,165.0,32.3,38.5,41.75,1.0,34.0,0.4949696499633789,False,PUT,2027-10-15,ORCL
ORCL271015P00175000,175.0,38.43,45.4,46.65,1.0,19.0,0.47681187255859375,True,PUT,2027-10-15,ORCL
ORCL271015P00180000,180.0,49.52,47.7,50.75,1.0,13.0,0.4859670544433594,True,PUT,2027-10-15,ORCL
ORCL271015P00185000,185.0,40.05,50.5,53.95,2.0,58.0,0.48352567260742196,True,PUT,2027-10-15,ORCL
ORCL271015P00190000,190.0,42.7,54.95,56.45,2.0,53.0,0.47211221252441404,True,PUT,2027-10-15,ORCL
ORCL271015P00195000,195.0,50.48,58.2,59.25,4.0,7.0,0.4633842724609375,True,PUT,2027-10-15,ORCL
ORCL271015P00200000,200.0,52.8,60.55,63.9,1.0,3.0,0.47531652618408204,True,PUT,2027-10-15,ORCL
ORCL271015P00210000,210.0,70.65,68.55,69.75,3.0,6.0,0.4568383174133301,True,PUT,2027-10-15,ORCL
ORCL271217C00120000,120.0,70.0,69.55,71.95,2.0,52.0,0.5889628506469727,True,CALL,2027-12-17,ORCL
ORCL271217C00125000,125.0,72.45,66.9,68.9,1.0,70.0,0.5828593960571288,True,CALL,2027-12-17,ORCL
ORCL271217C00130000,130.0,87.75,64.15,67.5,40.0,95.0,0.5867503483581542,True,CALL,2027-12-17,ORCL
ORCL271217C00135000,135.0,89.2,63.05,64.4,5.0,19.0,0.5887492297363282,True,CALL,2027-12-17,ORCL
ORCL271217C00140000,140.0,67.5,59.75,61.2,1.0,74.0,0.5741619732666017,True,CALL,2027-12-17,ORCL
ORCL271217C00145000,145.0,67.75,58.55,59.6,2.0,55.0,0.5831340515136718,True,CALL,2027-12-17,ORCL
ORCL271217C00150000,150.0,57.57,56.05,57.95,3.0,81.0,0.5820659469604492,True,CALL,2027-12-17,ORCL
ORCL271217C00155000,155.0,55.34,53.55,55.95,6.0,57.0,0.5779155978393554,True,CALL,2027-12-17,ORCL
ORCL271217C00160000,160.0,52.52,51.95,52.75,24.0,146.0,0.5711560218811036,True,CALL,2027-12-17,ORCL
ORCL271217C00165000,165.0,50.5,50.1,50.9,15.0,74.0,0.570316796875,True,CALL,2027-12-17,ORCL
ORCL271217C00170000,170.0,47.0,47.9,48.95,3.0,112.0,0.5660138613891602,False,CALL,2027-12-17,ORCL
ORCL271217C00175000,175.0,45.2,46.0,47.6,5.0,195.0,0.5662274822998048,False,CALL,2027-12-17,ORCL
ORCL271217C00180000,180.0,44.75,44.55,45.9,7.0,137.0,0.5662732582092287,False,CALL,2027-12-17,ORCL
ORCL271217C00185000,185.0,43.65,42.15,44.6,5.0,98.0,0.5624738577270508,False,CALL,2027-12-17,ORCL
ORCL271217C00190000,190.0,40.0,41.0,43.6,60.0,241.0,0.5667920518493652,False,CALL,2027-12-17,ORCL
ORCL271217C00195000,195.0,38.56,39.95,41.7,3.0,418.0,0.5659223095703125,False,CALL,2027-12-17,ORCL
ORCL271217C00200000,200.0,39.0,37.7,39.1,76.0,764.0,0.5538679867553712,False,CALL,2027-12-17,ORCL
ORCL271217C00210000,210.0,37.4,34.75,37.5,149.0,576.0,0.5567823863220216,False,CALL,2027-12-17,ORCL
ORCL271217P00120000,120.0,17.78,19.2,21.05,4.0,332.0,0.5090381127929688,False,PUT,2027-12-17,ORCL
ORCL271217P00125000,125.0,21.0,21.5,22.3,1.0,284.0,0.5007679318237305,False,PUT,2027-12-17,ORCL
ORCL271217P00130000,130.0,24.3,23.7,25.15,100.0,445.0,0.5021106918334962,False,PUT,2027-12-17,ORCL
ORCL271217P00135000,135.0,23.08,25.95,26.9,1.0,143.0,0.5011493977355959,False,PUT,2027-12-17,ORCL
ORCL271217P00140000,140.0,29.0,27.0,30.0,100.0,343.0,0.5070544900512696,False,PUT,2027-12-17,ORCL
ORCL271217P00145000,145.0,31.1,30.75,31.65,1.0,208.0,0.4928334408569337,False,PUT,2027-12-17,ORCL
ORCL271217P00150000,150.0,34.53,33.2,34.45,1.0,2014.0,0.49240619903564464,False,PUT,2027-12-17,ORCL
ORCL271217P00155000,155.0,26.96,34.6,36.85,2.0,335.0,0.4859670544433594,False,PUT,2027-12-17,ORCL
ORCL271217P00160000,160.0,40.14,38.35,40.3,3.0,866.0,0.4911702494812012,False,PUT,2027-12-17,ORCL
ORCL271217P00165000,165.0,37.29,41.35,44.05,12.0,251.0,0.4986622399902344,False,PUT,2027-12-17,ORCL
ORCL271217P00170000,170.0,44.95,44.05,45.1,1.0,1285.0,0.4738516970825196,True,PUT,2027-12-17,ORCL
ORCL271217P00175000,175.0,42.06,47.3,50.0,1.0,623.0,0.49252826812744144,True,PUT,2027-12-17,ORCL
ORCL271217P00180000,180.0,51.87,49.5,52.4,10.0,1265.0,0.4817709294128418,True,PUT,2027-12-17,ORCL
ORCL271217P00185000,185.0,55.22,53.45,54.75,21.0,407.0,0.4698081584167481,True,PUT,2027-12-17,ORCL
ORCL271217P00190000,190.0,58.1,56.45,57.5,140.0,930.0,0.46164478790283214,True,PUT,2027-12-17,ORCL
ORCL271217P00195000,195.0,60.18,59.95,62.5,2.0,422.0,0.4776358389282227,True,PUT,2027-12-17,ORCL
ORCL271217P00200000,200.0,63.7,63.15,65.55,101.0,1533.0,0.47128824615478515,True,PUT,2027-12-17,ORCL
ORCL271217P00210000,210.0,71.37,70.15,72.35,7.0,510.0,0.4642387561035156,True,PUT,2027-12-17,ORCL
ORCL280121C00120000,120.0,69.56,71.15,72.45,12.0,135.0,0.5900919897460939,True,CALL,2028-01-21,ORCL
ORCL280121C00125000,125.0,69.5,68.95,70.25,14.0,103.0,0.5928385443115236,True,CALL,2028-01-21,ORCL
ORCL280121C00130000,130.0,66.04,65.25,68.05,11.0,127.0,0.5837443969726561,True,CALL,2028-01-21,ORCL
ORCL280121C00135000,135.0,70.0,62.8,64.5,2.0,71.0,0.5733074896240236,True,CALL,2028-01-21,ORCL
ORCL280121C00140000,140.0,62.1,61.1,63.3,8.0,100.0,0.5824474128723145,True,CALL,2028-01-21,ORCL
ORCL280121C00145000,145.0,59.65,59.0,61.0,6.0,1333.0,0.5805400833129883,True,CALL,2028-01-21,ORCL
ORCL280121C00150000,150.0,57.5,57.05,58.4,34.0,279.0,0.576755941467285,True,CALL,2028-01-21,ORCL
ORCL280121C00155000,155.0,54.8,54.3,56.5,7.0,108.0,0.5715985223388673,True,CALL,2028-01-21,ORCL
ORCL280121C00160000,160.0,53.55,52.1,54.25,31.0,254.0,0.5669293795776368,True,CALL,2028-01-21,ORCL
ORCL280121C00165000,165.0,51.2,50.95,51.8,60.0,79.0,0.5665326550292968,True,CALL,2028-01-21,ORCL
ORCL280121C00170000,170.0,48.75,49.15,49.8,61.0,239.0,0.5641828250122071,False,CALL,2028-01-21,ORCL
ORCL280121C00175000,175.0,45.9,46.65,49.0,21.0,539.0,0.5639692041015626,False,CALL,2028-01-21,ORCL
ORCL280121C00180000,180.0,46.06,45.7,46.6,16.0,513.0,0.5627637718200684,False,CALL,2028-01-21,ORCL
ORCL280121C00185000,185.0,43.42,44.2,44.9,22.0,353.0,0.561726184539795,False,CALL,2028-01-21,ORCL
ORCL280121C00190000,190.0,42.95,42.55,43.35,38.0,883.0,0.5600629931640625,False,CALL,2028-01-21,ORCL
ORCL280121C00195000,195.0,41.46,41.0,42.7,10.0,506.0,0.5632673068237305,False,CALL,2028-01-21,ORCL
ORCL280121C00200000,200.0,40.05,39.6,40.2,268.0,3379.0,0.5566145413208009,False,CALL,2028-01-21,ORCL
ORCL280121C00210000,210.0,37.0,36.8,37.7,10.0,294.0,0.5552870399475098,False,CALL,2028-01-21,ORCL
ORCL280121P00120000,120.0,20.32,20.1,20.8,1.0,2345.0,0.5014087945556642,False,PUT,2028-01-21,ORCL
ORCL280121P00125000,125.0,22.7,22.05,22.9,127.0,477.0,0.502782071838379,False,PUT,2028-01-21,ORCL
ORCL280121P00130000,130.0,24.74,24.2,25.0,404.0,533.0,0.49768568725585943,False,PUT,2028-01-21,ORCL
ORCL280121P00135000,135.0,27.55,26.25,28.0,1.0,221.0,0.5034229345703125,False,PUT,2028-01-21,ORCL
ORCL280121P00140000,140.0,29.8,28.8,30.75,313.0,300.0,0.5042469009399414,False,PUT,2028-01-21,ORCL
ORCL280121P00145000,145.0,31.7,31.3,33.15,226.0,1165.0,0.49942517181396484,False,PUT,2028-01-21,ORCL
ORCL280121P00150000,150.0,35.0,33.8,34.95,51.0,2893.0,0.4863942962646485,False,PUT,2028-01-21,ORCL
ORCL280121P00155000,155.0,37.76,36.55,37.45,2.0,2423.0,0.4811758425903321,False,PUT,2028-01-21,ORCL
ORCL280121P00160000,160.0,40.1,39.3,40.75,15.0,1802.0,0.4843648976135254,False,PUT,2028-01-21,ORCL
ORCL280121P00165000,165.0,42.95,41.0,43.7,4.0,2297.0,0.48245756805419926,False,PUT,2028-01-21,ORCL
ORCL280121P00170000,170.0,45.81,45.0,46.95,14.0,1919.0,0.48303739624023445,True,PUT,2028-01-21,ORCL
ORCL280121P00175000,175.0,48.0,47.55,49.1,3.0,1249.0,0.47047953842163087,True,PUT,2028-01-21,ORCL
ORCL280121P00180000,180.0,52.31,51.05,52.3,158.0,2647.0,0.4688773815917969,True,PUT,2028-01-21,ORCL
ORCL280121P00185000,185.0,54.8,53.65,56.8,15.0,659.0,0.48068756622314457,True,PUT,2028-01-21,ORCL
ORCL280121P00190000,190.0,50.45,57.35,58.4,9.0,366.0,0.4600884069824219,True,PUT,2028-01-21,ORCL
ORCL280121P00195000,195.0,62.05,59.9,61.65,1.0,696.0,0.45676202423095713,True,PUT,2028-01-21,ORCL
ORCL280121P00200000,200.0,64.72,63.95,64.85,26.0,1860.0,0.4522149505615235,True,PUT,2028-01-21,ORCL
ORCL280121P00210000,210.0,64.31,71.0,71.9,70.0,642.0,0.44803408416748036,True,PUT,2028-01-21,ORCL
OSCR260130C00011000,11.0,3.9,3.4,4.35,1.0,2.0,4.500004375,True,CALL,2026-01-30,OSCR
OSCR260130C00011500,11.5,3.23,3.0,3.7,1.0,3.0,3.42968892578125,True,CALL,2026-01-30,OSCR
OSCR260130C00012500,12.5,3.1,1.88,2.66,,131.0,2.47656630859375,True,CALL,2026-01-30,OSCR
OSCR260130C00013000,13.0,1.97,1.77,2.01,4.0,113.0,1.453127734375,True,CALL,2026-01-30,OSCR
OSCR260130C00013500,13.5,2.16,0.95,1.86,34.0,125.0,2.328129179687499,True,CALL,2026-01-30,OSCR
OSCR260130C00014000,14.0,0.77,0.6,1.26,20.0,163.0,1.6171894140625,True,CALL,2026-01-30,OSCR
OSCR260130C00014500,14.5,0.48,0.48,0.76,31.0,388.0,0.8242205078124999,True,CALL,2026-01-30,OSCR
OSCR260130C00015000,15.0,0.26,0.25,0.29,2006.0,2133.0,0.6757844921875001,False,CALL,2026-01-30,OSCR
OSCR260130C00015500,15.5,0.1,0.09,0.11,1334.0,1153.0,0.6679720703125002,False,CALL,2026-01-30,OSCR
OSCR260130C00016000,16.0,0.04,0.03,0.04,173.0,2098.0,0.70312796875,False,CALL,2026-01-30,OSCR
OSCR260130C00016500,16.5,0.04,0.01,0.02,202.0,3474.0,0.7812521875,False,CALL,2026-01-30,OSCR
OSCR260130C00017000,17.0,0.01,0.01,0.02,28.0,2430.0,0.9531254687499999,False,CALL,2026-01-30,OSCR
OSCR260130C00017500,17.5,0.01,0.0,0.01,404.0,1938.0,0.937500625,False,CALL,2026-01-30,OSCR
OSCR260130C00018000,18.0,0.01,0.0,0.01,41.0,2220.0,1.125004375,False,CALL,2026-01-30,OSCR
OSCR260130C00018500,18.5,0.01,0.0,0.01,69.0,787.0,1.2500037499999999,False,CALL,2026-01-30,OSCR
OSCR260130C00019000,19.0,0.01,0.0,0.01,10.0,1420.0,1.3750031249999999,False,CALL,2026-01-30,OSCR
OSCR260130P00011000,11.0,0.02,0.0,0.02,1.0,123.0,1.9375003125,False,PUT,2026-01-30,OSCR
OSCR260130P00011500,11.5,0.01,0.0,0.02,2.0,2066.0,1.6875015625,False,PUT,2026-01-30,OSCR
OSCR260130P00012000,12.0,0.01,0.0,0.01,1.0,139.0,1.3125034374999998,False,PUT,2026-01-30,OSCR
OSCR260130P00012500,12.5,0.01,0.0,0.01,16.0,332.0,1.0625046875000002,False,PUT,2026-01-30,OSCR
OSCR260130P00013000,13.0,0.01,0.0,0.01,4.0,945.0,0.87500125,False,PUT,2026-01-30,OSCR
OSCR260130P00013500,13.5,0.01,0.01,0.05,97.0,1220.0,0.92187578125,False,PUT,2026-01-30,OSCR
OSCR260130P00014000,14.0,0.05,0.03,0.08,152.0,2186.0,0.7812521875,False,PUT,2026-01-30,OSCR
OSCR260130P00014500,14.5,0.16,0.1,0.18,308.0,2066.0,0.7187528125,False,PUT,2026-01-30,OSCR
OSCR260130P00015000,15.0,0.35,0.28,0.42,162.0,2724.0,0.7226590234375,True,PUT,2026-01-30,OSCR
OSCR260130P00015500,15.5,0.66,0.61,0.79,151.0,1875.0,0.7812521875,True,PUT,2026-01-30,OSCR
OSCR260130P00016000,16.0,1.13,1.04,1.33,67.0,1409.0,1.05078599609375,True,PUT,2026-01-30,OSCR
OSCR260130P00016500,16.5,1.64,1.51,1.77,32.0,546.0,1.1484417578125,True,PUT,2026-01-30,OSCR
OSCR260130P00017000,17.0,2.15,2.01,2.15,32.0,718.0,1.000005,True,PUT,2026-01-30,OSCR
OSCR260130P00017500,17.5,2.7,2.5,2.7,2.0,209.0,1.359378203125,True,PUT,2026-01-30,OSCR
OSCR260130P00018000,18.0,3.23,2.76,3.55,16.0,274.0,1.875000625,True,PUT,2026-01-30,OSCR
OSCR260130P00018500,18.5,2.9,3.3,4.1,3.0,17.0,2.2968792578125,True,PUT,2026-01-30,OSCR
OSCR260130P00019000,19.0,4.26,3.85,4.65,3.0,32.0,2.71094072265625,True,PUT,2026-01-30,OSCR
OSCR260206C00011000,11.0,4.25,3.55,4.55,4.0,350.0,1.4179716601562502,True,CALL,2026-02-06,OSCR
OSCR260206C00011500,11.5,3.65,3.05,4.0,,1.0,1.1757853710937498,True,CALL,2026-02-06,OSCR
OSCR260206C00012500,12.5,2.51,2.31,2.77,1.0,20.0,0.914063359375,True,CALL,2026-02-06,OSCR
OSCR260206C00013000,13.0,3.78,1.57,2.4,,10.0,0.6171913281250001,True,CALL,2026-02-06,OSCR
OSCR260206C00013500,13.5,1.88,1.44,1.88,32.0,35.0,0.8125018749999999,True,CALL,2026-02-06,OSCR
OSCR260206C00014000,14.0,1.04,1.13,1.3,17.0,31.0,0.70312796875,True,CALL,2026-02-06,OSCR
OSCR260206C00014500,14.5,1.0,0.92,0.99,8.0,46.0,0.773439765625,True,CALL,2026-02-06,OSCR
OSCR260206C00015000,15.0,0.67,0.64,0.86,164.0,385.0,0.8320329296874999,False,CALL,2026-02-06,OSCR
OSCR260206C00015500,15.5,0.45,0.44,0.46,136.0,471.0,0.72851833984375,False,CALL,2026-02-06,OSCR
OSCR260206C00016000,16.0,0.31,0.28,0.29,162.0,763.0,0.710940390625,False,CALL,2026-02-06,OSCR
OSCR260206C00016500,16.5,0.19,0.16,0.2,43.0,708.0,0.710940390625,False,CALL,2026-02-06,OSCR
OSCR260206C00017000,17.0,0.12,0.11,0.14,509.0,1940.0,0.7421900781249999,False,CALL,2026-02-06,OSCR
OSCR260206C00017500,17.5,0.11,0.07,0.09,119.0,633.0,0.7539087109375,False,CALL,2026-02-06,OSCR
OSCR260206C00018000,18.0,0.05,0.06,0.07,14.0,1946.0,0.804689453125,False,CALL,2026-02-06,OSCR
OSCR260206C00018500,18.5,0.05,0.03,0.1,3.0,681.0,0.8945323046874999,False,CALL,2026-02-06,OSCR
OSCR260206C00019000,19.0,0.03,0.01,0.05,71.0,675.0,0.8437515624999999,False,CALL,2026-02-06,OSCR
OSCR260206P00011000,11.0,0.06,0.0,0.06,,15.0,1.0781296093750001,False,PUT,2026-02-06,OSCR
OSCR260206P00011500,11.5,0.02,0.0,0.05,4.0,43.0,0.9062509375,False,PUT,2026-02-06,OSCR
OSCR260206P00012000,12.0,0.04,0.0,0.15,18.0,108.0,0.992187578125,False,PUT,2026-02-06,OSCR
OSCR260206P00012500,12.5,0.07,0.04,0.11,7.0,118.0,0.8437515624999999,False,PUT,2026-02-06,OSCR
OSCR260206P00013000,13.0,0.09,0.07,0.1,202.0,854.0,0.726565234375,False,PUT,2026-02-06,OSCR
OSCR260206P00013500,13.5,0.19,0.15,0.22,122.0,389.0,0.7578149218750001,False,PUT,2026-02-06,OSCR
OSCR260206P00014000,14.0,0.31,0.29,0.38,152.0,1407.0,0.7812521875,False,PUT,2026-02-06,OSCR
OSCR260206P00014500,14.5,0.51,0.46,0.55,45.0,1234.0,0.76367423828125,False,PUT,2026-02-06,OSCR
OSCR260206P00015000,15.0,0.74,0.67,0.81,69.0,786.0,0.7578149218750001,True,PUT,2026-02-06,OSCR
OSCR260206P00015500,15.5,1.13,0.96,1.13,109.0,194.0,0.7675804492187501,True,PUT,2026-02-06,OSCR
OSCR260206P00016000,16.0,1.39,1.3,1.38,32.0,517.0,0.7050810742187501,True,PUT,2026-02-06,OSCR
OSCR260206P00016500,16.5,1.78,1.69,1.87,4.0,149.0,0.7695335546875001,True,PUT,2026-02-06,OSCR
OSCR260206P00017000,17.0,2.36,1.98,2.42,14.0,209.0,0.7695335546875001,True,PUT,2026-02-06,OSCR
OSCR260206P00017500,17.5,2.6,2.42,3.05,9.0,251.0,0.945313046875,True,PUT,2026-02-06,OSCR
OSCR260206P00018000,18.0,3.33,2.83,3.7,1.0,393.0,1.1054732226562503,True,PUT,2026-02-06,OSCR
OSCR260206P00018500,18.5,3.5,3.3,4.1,1.0,7.0,1.08203583984375,True,PUT,2026-02-06,OSCR
OSCR260206P00019000,19.0,3.22,3.8,4.65,12.0,16.0,1.2265663671875,True,PUT,2026-02-06,OSCR
OSCR260213C00012000,12.0,3.77,2.55,3.75,1.0,16.0,0.9960937890625,True,CALL,2026-02-13,OSCR
OSCR260213C00012500,12.5,2.77,2.15,3.35,,35.0,0.9960937890625,True,CALL,2026-02-13,OSCR
OSCR260213C00013000,13.0,2.46,2.13,2.7,1.0,41.0,1.0351610742187503,True,CALL,2026-02-13,OSCR
OSCR260213C00013500,13.5,2.01,1.89,2.05,8.0,35.0,0.93164130859375,True,CALL,2026-02-13,OSCR
OSCR260213C00014000,14.0,1.71,1.6,1.73,21.0,47.0,0.93945373046875,True,CALL,2026-02-13,OSCR
OSCR260213C00014500,14.5,1.43,1.32,1.46,7.0,90.0,0.9423833886718749,True,CALL,2026-02-13,OSCR
OSCR260213C00015000,15.0,1.13,1.06,1.23,147.0,194.0,0.9414068359375,False,CALL,2026-02-13,OSCR
OSCR260213C00015500,15.5,0.9,0.85,1.0,881.0,201.0,0.9335944140625,False,CALL,2026-02-13,OSCR
OSCR260213C00016000,16.0,0.74,0.68,0.77,50.0,387.0,0.9150399121093751,False,CALL,2026-02-13,OSCR
OSCR260213C00016500,16.5,0.6,0.55,0.64,6.0,303.0,0.93164130859375,False,CALL,2026-02-13,OSCR
OSCR260213C00017000,17.0,0.48,0.44,0.5,42.0,1165.0,0.929688203125,False,CALL,2026-02-13,OSCR
OSCR260213C00017500,17.5,0.4,0.33,0.41,88.0,260.0,0.929688203125,False,CALL,2026-02-13,OSCR
OSCR260213C00018000,18.0,0.31,0.27,0.33,33.0,1385.0,0.9433599414062499,False,CALL,2026-02-13,OSCR
OSCR260213C00018500,18.5,0.29,0.18,0.3,34.0,348.0,0.9531254687499999,False,CALL,2026-02-13,OSCR
OSCR260213C00019000,19.0,0.25,0.19,0.25,112.0,414.0,1.000005,False,CALL,2026-02-13,OSCR
OSCR260213P00010500,10.5,0.09,0.0,0.75,,3.0,1.701173369140625,False,PUT,2026-02-13,OSCR
OSCR260213P00011000,11.0,0.09,0.0,0.36,10.0,30.0,1.2148476757812499,False,PUT,2026-02-13,OSCR
OSCR260213P00011500,11.5,0.18,0.0,0.95,,2.0,1.5156274218749999,False,PUT,2026-02-13,OSCR
OSCR260213P00012000,12.0,0.23,0.16,0.21,36.0,425.0,0.9570316796874999,False,PUT,2026-02-13,OSCR
OSCR260213P00012500,12.5,0.27,0.24,0.3,7.0,233.0,0.945313046875,False,PUT,2026-02-13,OSCR
OSCR260213P00013000,13.0,0.39,0.35,0.39,21.0,621.0,0.92187578125,False,PUT,2026-02-13,OSCR
OSCR260213P00013500,13.5,0.57,0.49,0.56,7.0,520.0,0.9257819921875,False,PUT,2026-02-13,OSCR
OSCR260213P00014000,14.0,0.7,0.67,0.71,14.0,1877.0,0.9082040429687499,False,PUT,2026-02-13,OSCR
OSCR260213P00014500,14.5,0.93,0.87,1.0,2.0,556.0,0.929688203125,False,PUT,2026-02-13,OSCR
OSCR260213P00015000,15.0,1.18,1.12,1.25,18.0,798.0,0.9257819921875,True,PUT,2026-02-13,OSCR
OSCR260213P00015500,15.5,1.45,1.42,1.54,12.0,322.0,0.929688203125,True,PUT,2026-02-13,OSCR
OSCR260213P00016000,16.0,1.86,1.74,1.86,31.0,478.0,0.92773509765625,True,PUT,2026-02-13,OSCR
OSCR260213P00016500,16.5,2.18,2.09,2.27,8.0,130.0,0.9531254687499999,True,PUT,2026-02-13,OSCR
OSCR260213P00017000,17.0,2.54,2.45,2.54,4.0,268.0,0.8964854101562498,True,PUT,2026-02-13,OSCR
OSCR260213P00017500,17.5,2.92,2.4,3.1,16.0,70.0,0.726565234375,True,PUT,2026-02-13,OSCR
OSCR260213P00018000,18.0,3.4,2.81,3.9,2.0,105.0,0.937500625,True,PUT,2026-02-13,OSCR
OSCR260213P00018500,18.5,3.35,3.25,4.45,2.0,12.0,1.015629921875,True,PUT,2026-02-13,OSCR
OSCR260213P00019000,19.0,3.9,3.7,4.9,2.0,186.0,1.0273486132812502,True,PUT,2026-02-13,OSCR
OSCR260220C00011000,11.0,5.37,3.2,4.35,50.0,56.0,1.3261752441406247,True,CALL,2026-02-20,OSCR
OSCR260220C00012000,12.0,5.3,2.87,3.5,5.0,0.0,0.87500125,True,CALL,2026-02-20,OSCR
OSCR260220C00012500,12.5,2.85,2.45,3.05,,80.0,0.8320329296874999,True,CALL,2026-02-20,OSCR
OSCR260220C00013000,13.0,2.42,2.25,2.58,4.0,61.0,0.8632826171875,True,CALL,2026-02-20,OSCR
OSCR260220C00013500,13.5,2.15,2.05,2.22,12.0,2.0,0.9082040429687499,True,CALL,2026-02-20,OSCR
OSCR260220C00014000,14.0,1.8,1.67,1.84,22.0,1239.0,0.84961087890625,True,CALL,2026-02-20,OSCR
OSCR260220C00014500,14.5,1.32,1.39,1.57,1.0,165.0,0.8476577734374999,True,CALL,2026-02-20,OSCR
OSCR260220C00015000,15.0,1.25,1.19,1.33,76.0,2458.0,0.86132951171875,False,CALL,2026-02-20,OSCR
OSCR260220C00015500,15.5,1.06,1.0,1.1,50.0,454.0,0.86132951171875,False,CALL,2026-02-20,OSCR
OSCR260220C00016000,16.0,0.84,0.81,0.92,124.0,4349.0,0.85937640625,False,CALL,2026-02-20,OSCR
OSCR260220C00016500,16.5,0.73,0.66,0.75,3.0,312.0,0.8554701953125,False,CALL,2026-02-20,OSCR
OSCR260220C00017000,17.0,0.59,0.55,0.62,119.0,2010.0,0.8632826171875,False,CALL,2026-02-20,OSCR
OSCR260220C00017500,17.5,0.5,0.44,0.57,8.0,180.0,0.8886729882812499,False,CALL,2026-02-20,OSCR
OSCR260220C00018000,18.0,0.4,0.36,0.44,66.0,3123.0,0.8789074609374999,False,CALL,2026-02-20,OSCR
OSCR260220C00018500,18.5,0.31,0.29,0.38,1.0,202.0,0.8906260937499999,False,CALL,2026-02-20,OSCR
OSCR260220C00019000,19.0,0.29,0.24,0.32,50.0,2773.0,0.9003916210937499,False,CALL,2026-02-20,OSCR
OSCR260220P00011000,11.0,0.13,0.01,0.16,55.0,511.0,0.8320329296874999,False,PUT,2026-02-20,OSCR
OSCR260220P00011500,11.5,0.18,0.14,0.22,21.0,26.0,0.8984385156249999,False,PUT,2026-02-20,OSCR
OSCR260220P00012000,12.0,0.23,0.22,0.29,214.0,805.0,0.8867198828124999,False,PUT,2026-02-20,OSCR
OSCR260220P00012500,12.5,0.37,0.31,0.44,7.0,85.0,0.8984385156249999,False,PUT,2026-02-20,OSCR
OSCR260220P00013000,13.0,0.47,0.44,0.5,32.0,2455.0,0.85937640625,False,PUT,2026-02-20,OSCR
OSCR260220P00013500,13.5,0.63,0.59,0.66,2.0,351.0,0.8535170898437501,False,PUT,2026-02-20,OSCR
OSCR260220P00014000,14.0,0.8,0.78,0.83,29.0,3480.0,0.84179845703125,False,PUT,2026-02-20,OSCR
OSCR260220P00014500,14.5,1.11,0.98,1.11,34.0,312.0,0.851563984375,False,PUT,2026-02-20,OSCR
OSCR260220P00015000,15.0,1.31,1.26,1.39,54.0,4061.0,0.8652357226562499,True,PUT,2026-02-20,OSCR
OSCR260220P00015500,15.5,1.6,1.54,1.67,416.0,407.0,0.858399853515625,True,PUT,2026-02-20,OSCR
OSCR260220P00016000,16.0,1.89,1.85,1.99,62.0,1261.0,0.8554701953125,True,PUT,2026-02-20,OSCR
OSCR260220P00016500,16.5,2.16,2.21,2.35,2.0,11.0,0.866212275390625,True,PUT,2026-02-20,OSCR
OSCR260220P00017000,17.0,2.56,2.58,2.95,20.0,1256.0,0.9531254687499999,True,PUT,2026-02-20,OSCR
OSCR260220P00017500,17.5,3.13,2.87,3.35,1.0,41.0,0.9238288867187501,True,PUT,2026-02-20,OSCR
OSCR260220P00018000,18.0,3.55,3.25,3.8,16.0,1209.0,0.9335944140625,True,PUT,2026-02-20,OSCR
OSCR260220P00018500,18.5,3.4,3.65,4.25,2.0,10.0,0.9414068359375,True,PUT,2026-02-20,OSCR
OSCR260220P00019000,19.0,4.52,4.05,4.7,5.0,131.0,0.937500625,True,PUT,2026-02-20,OSCR
OSCR260227C00012000,12.0,4.0,2.9,4.1,7.0,18.0,1.0625046875000002,True,CALL,2026-02-27,OSCR
OSCR260227C00013000,13.0,3.25,2.16,2.96,5.0,40.0,0.866212275390625,True,CALL,2026-02-27,OSCR
OSCR260227C00014000,14.0,2.0,1.79,1.98,2.0,95.0,0.8261736132812498,True,CALL,2026-02-27,OSCR
OSCR260227C00014500,14.5,1.66,1.54,1.76,2.0,14.0,0.8447281152343749,True,CALL,2026-02-27,OSCR
OSCR260227C00015000,15.0,1.46,1.28,1.48,41.0,119.0,0.8251970605468748,False,CALL,2026-02-27,OSCR
OSCR260227C00015500,15.5,1.17,1.07,1.26,201.0,207.0,0.82226740234375,False,CALL,2026-02-27,OSCR
OSCR260227C00016000,16.0,1.0,0.92,1.14,33.0,103.0,0.850587431640625,False,CALL,2026-02-27,OSCR
OSCR260227C00016500,16.5,0.77,0.79,0.88,18.0,120.0,0.8291032714843749,False,CALL,2026-02-27,OSCR
OSCR260227C00017000,17.0,0.69,0.64,0.8,26.0,146.0,0.8437515624999999,False,CALL,2026-02-27,OSCR
OSCR260227C00017500,17.5,0.6,0.52,0.79,24.0,56.0,0.8789074609374999,False,CALL,2026-02-27,OSCR
OSCR260227C00018000,18.0,0.5,0.45,0.6,16.0,181.0,0.86132951171875,False,CALL,2026-02-27,OSCR
OSCR260227C00018500,18.5,0.38,0.2,0.52,2.0,67.0,0.8007832421875,False,CALL,2026-02-27,OSCR
OSCR260227C00019000,19.0,0.33,0.29,0.49,11.0,175.0,0.88476677734375,False,CALL,2026-02-27,OSCR
OSCR260227P00011000,11.0,0.15,0.08,0.33,11.0,17.0,0.92187578125,False,PUT,2026-02-27,OSCR
OSCR260227P00011500,11.5,0.26,0.2,0.36,8.0,92.0,0.9082040429687499,False,PUT,2026-02-27,OSCR
OSCR260227P00012000,12.0,0.29,0.28,0.32,14.0,107.0,0.8242205078124999,False,PUT,2026-02-27,OSCR
OSCR260227P00012500,12.5,0.47,0.39,0.46,2.0,276.0,0.8300798242187499,False,PUT,2026-02-27,OSCR
OSCR260227P00013000,13.0,0.58,0.51,0.59,9.0,351.0,0.81445498046875,False,PUT,2026-02-27,OSCR
OSCR260227P00013500,13.5,0.76,0.68,0.8,9.0,224.0,0.8261736132812498,False,PUT,2026-02-27,OSCR
OSCR260227P00014000,14.0,0.9,0.88,0.95,31.0,444.0,0.807619111328125,False,PUT,2026-02-27,OSCR
OSCR260227P00014500,14.5,1.21,1.1,1.3,115.0,275.0,0.8388687988281249,False,PUT,2026-02-27,OSCR
OSCR260227P00015000,15.0,1.41,1.35,1.54,11.0,234.0,0.8281267187499999,True,PUT,2026-02-27,OSCR
OSCR260227P00015500,15.5,1.74,1.48,1.96,11.0,86.0,0.8193377441406249,True,PUT,2026-02-27,OSCR
OSCR260227P00016000,16.0,1.96,1.95,2.24,2.0,60.0,0.8535170898437501,True,PUT,2026-02-27,OSCR
OSCR260227P00016500,16.5,2.36,2.3,2.57,4.0,49.0,0.8535170898437501,True,PUT,2026-02-27,OSCR
OSCR260227P00017000,17.0,2.85,2.54,2.87,9.0,11.0,0.7949239257812499,True,PUT,2026-02-27,OSCR
OSCR260227P00017500,17.5,2.77,3.0,3.35,22.0,28.0,0.8535170898437501,True,PUT,2026-02-27,OSCR
OSCR260227P00018000,18.0,3.45,3.35,3.7,1.0,56.0,0.8183611914062499,True,PUT,2026-02-27,OSCR
OSCR260227P00018500,18.5,3.48,3.7,4.55,4.0,13.0,0.9570316796874999,True,PUT,2026-02-27,OSCR
OSCR260306C00014000,14.0,2.05,1.88,2.17,3.0,8.0,0.823243955078125,True,CALL,2026-03-06,OSCR
OSCR260306C00015500,15.5,1.32,1.21,1.44,2.0,29.0,0.8242205078124999,False,CALL,2026-03-06,OSCR
OSCR260306C00016000,16.0,1.18,1.02,1.33,1.0,271.0,0.842775009765625,False,CALL,2026-03-06,OSCR
OSCR260306C00017000,17.0,0.79,0.74,0.96,22.0,40.0,0.8330094824218748,False,CALL,2026-03-06,OSCR
OSCR260306C00019000,19.0,0.58,0.37,0.55,4.0,4.0,0.8457046679687499,False,CALL,2026-03-06,OSCR
OSCR260306P00012500,12.5,0.57,0.47,0.58,2.0,34.0,0.82226740234375,False,PUT,2026-03-06,OSCR
OSCR260306P00013000,13.0,0.68,0.61,0.73,26.0,67.0,0.8125018749999999,False,PUT,2026-03-06,OSCR
OSCR260306P00013500,13.5,0.91,0.76,0.99,1.0,39.0,0.8251970605468748,False,PUT,2026-03-06,OSCR
OSCR260306P00015000,15.0,1.62,1.47,1.71,16.0,17.0,0.82226740234375,True,PUT,2026-03-06,OSCR
OSCR260306P00015500,15.5,1.89,1.6,1.95,10.0,14.0,0.7666038964843751,True,PUT,2026-03-06,OSCR
OSCR260306P00018500,18.5,3.73,3.45,5.0,,2.0,0.9248054394531251,True,PUT,2026-03-06,OSCR
OSCR260306P00019000,19.0,4.46,3.9,5.05,1.0,3.0,0.81445498046875,True,PUT,2026-03-06,OSCR
OSCR260320C00011000,11.0,4.22,3.95,4.55,3.0,132.0,0.80664255859375,True,CALL,2026-03-20,OSCR
OSCR260320C00012000,12.0,3.4,3.25,3.8,5.0,581.0,0.831056376953125,True,CALL,2026-03-20,OSCR
OSCR260320C00013000,13.0,2.85,2.68,3.15,20.0,244.0,0.85937640625,True,CALL,2026-03-20,OSCR
OSCR260320C00014000,14.0,2.31,2.13,2.41,14.0,674.0,0.8193377441406249,True,CALL,2026-03-20,OSCR
OSCR260320C00015000,15.0,1.77,1.71,1.87,7.0,8165.0,0.8183611914062499,False,CALL,2026-03-20,OSCR
OSCR260320C00016000,16.0,1.36,1.31,1.47,22.0,3590.0,0.815431533203125,False,CALL,2026-03-20,OSCR
OSCR260320C00017000,17.0,0.99,0.98,1.08,116.0,3073.0,0.7949239257812499,False,CALL,2026-03-20,OSCR
OSCR260320C00018000,18.0,0.82,0.75,0.82,91.0,4646.0,0.79687703125,False,CALL,2026-03-20,OSCR
OSCR260320C00019000,19.0,0.63,0.56,0.65,19.0,1464.0,0.8037129003906249,False,CALL,2026-03-20,OSCR
OSCR260320P00011000,11.0,0.41,0.28,0.4,109.0,930.0,0.8320329296874999,False,PUT,2026-03-20,OSCR
OSCR260320P00012000,12.0,0.59,0.51,0.6,111.0,4508.0,0.8115253222656249,False,PUT,2026-03-20,OSCR
OSCR260320P00013000,13.0,0.84,0.8,0.91,12.0,2055.0,0.7949239257812499,False,PUT,2026-03-20,OSCR
OSCR260320P00014000,14.0,1.29,1.19,1.31,32.0,8411.0,0.7812521875,False,PUT,2026-03-20,OSCR
OSCR260320P00015000,15.0,1.74,1.68,1.83,16.0,7124.0,0.7753928710937501,True,PUT,2026-03-20,OSCR
OSCR260320P00016000,16.0,2.42,2.26,2.42,15.0,3249.0,0.7656273437500001,True,PUT,2026-03-20,OSCR
OSCR260320P00017000,17.0,3.03,2.96,3.15,1.0,2296.0,0.778322529296875,True,PUT,2026-03-20,OSCR
OSCR260320P00018000,18.0,3.85,3.7,3.9,30.0,3679.0,0.7744163183593751,True,PUT,2026-03-20,OSCR
OSCR260320P00019000,19.0,4.76,4.5,4.75,4.0,1481.0,0.782228740234375,True,PUT,2026-03-20,OSCR
OSCR260417C00011000,11.0,7.15,3.6,4.8,4.0,30.0,0.6113320117187502,True,CALL,2026-04-17,OSCR
OSCR260417C00012000,12.0,6.15,2.93,4.0,20.0,42.0,0.6357458300781251,True,CALL,2026-04-17,OSCR
OSCR260417C00013000,13.0,3.56,3.0,3.3,16.0,214.0,0.790041162109375,True,CALL,2026-04-17,OSCR
OSCR260417C00014000,14.0,2.51,2.46,2.7,2.0,211.0,0.7773459765625,True,CALL,2026-04-17,OSCR
OSCR260417C00015000,15.0,2.1,2.02,2.24,7.0,1437.0,0.7812521875,False,CALL,2026-04-17,OSCR
OSCR260417C00016000,16.0,1.62,1.63,1.85,16.0,791.0,0.7812521875,False,CALL,2026-04-17,OSCR
OSCR260417C00017000,17.0,1.32,1.31,1.46,2.0,1251.0,0.770510107421875,False,CALL,2026-04-17,OSCR
OSCR260417C00018000,18.0,1.15,1.07,1.16,10.0,1300.0,0.7695335546875001,False,CALL,2026-04-17,OSCR
OSCR260417C00019000,19.0,0.95,0.85,0.95,10.0,1191.0,0.7709983837890625,False,CALL,2026-04-17,OSCR
OSCR260417P00011000,11.0,0.5,0.44,0.81,17.0,297.0,0.8466812207031249,False,PUT,2026-04-17,OSCR
OSCR260417P00012000,12.0,0.8,0.73,0.79,3.0,2938.0,0.7568383691406251,False,PUT,2026-04-17,OSCR
OSCR260417P00013000,13.0,1.11,1.07,1.14,55.0,596.0,0.7460962890625,False,PUT,2026-04-17,OSCR
OSCR260417P00014000,14.0,1.52,1.3,1.57,17.0,1686.0,0.6987334814453126,False,PUT,2026-04-17,OSCR
OSCR260417P00015000,15.0,2.12,1.86,2.11,2.0,2796.0,0.7070341796875,True,PUT,2026-04-17,OSCR
OSCR260417P00016000,16.0,2.57,2.57,2.71,36.0,920.0,0.7236355761718749,True,PUT,2026-04-17,OSCR
OSCR260417P00017000,17.0,3.4,3.2,3.45,2.0,1691.0,0.726565234375,True,PUT,2026-04-17,OSCR
OSCR260417P00018000,18.0,3.75,3.95,4.15,2.0,1625.0,0.7216824707031251,True,PUT,2026-04-17,OSCR
OSCR260417P00019000,19.0,4.59,4.75,5.65,11.0,463.0,0.8667005517578125,True,PUT,2026-04-17,OSCR
OSCR260515C00011000,11.0,5.45,4.25,5.45,6.0,37.0,0.8632826171875,True,CALL,2026-05-15,OSCR
OSCR260515C00013000,13.0,3.4,3.4,3.6,5.0,2.0,0.8051777294921875,True,CALL,2026-05-15,OSCR
OSCR260515C00014000,14.0,3.19,2.89,3.2,5.0,8.0,0.82226740234375,True,CALL,2026-05-15,OSCR
OSCR260515C00015000,15.0,2.62,2.41,2.74,65.0,255.0,0.8120135986328124,False,CALL,2026-05-15,OSCR
OSCR260515C00016000,16.0,2.2,2.01,2.22,10.0,250.0,0.7875997802734375,False,CALL,2026-05-15,OSCR
OSCR260515C00017000,17.0,1.85,1.66,2.04,3.0,114.0,0.8071308349609375,False,CALL,2026-05-15,OSCR
OSCR260515C00018000,18.0,1.52,1.41,1.6,2.0,137.0,0.78711150390625,False,CALL,2026-05-15,OSCR
OSCR260515C00019000,19.0,1.78,1.14,1.4,3.0,62.0,0.7875997802734375,False,CALL,2026-05-15,OSCR
OSCR260515P00011000,11.0,0.76,0.69,0.87,75.0,123.0,0.8027363476562499,False,PUT,2026-05-15,OSCR
OSCR260515P00012000,12.0,0.96,0.98,1.15,2.0,118.0,0.7763694238281251,False,PUT,2026-05-15,OSCR
OSCR260515P00013000,13.0,1.46,1.36,1.62,1.0,255.0,0.780275634765625,False,PUT,2026-05-15,OSCR
OSCR260515P00014000,14.0,2.04,1.81,2.1,2.0,102.0,0.772463212890625,False,PUT,2026-05-15,OSCR
OSCR260515P00015000,15.0,2.42,2.34,2.65,3.0,40.0,0.7675804492187501,True,PUT,2026-05-15,OSCR
OSCR260515P00016000,16.0,3.05,2.93,3.3,48.0,174.0,0.7690452783203126,True,PUT,2026-05-15,OSCR
OSCR260515P00017000,17.0,3.8,3.55,3.95,2.0,130.0,0.7573266455078126,True,PUT,2026-05-15,OSCR
OSCR260515P00018000,18.0,4.53,4.3,4.65,2.0,59.0,0.7583031982421876,True,PUT,2026-05-15,OSCR
OSCR260515P00019000,19.0,5.05,5.05,5.45,6.0,54.0,0.7617211328125001,True,PUT,2026-05-15,OSCR
OSCR260618C00011000,11.0,5.54,4.7,5.25,12.0,65.0,0.8017597949218749,True,CALL,2026-06-18,OSCR
OSCR260618C00012000,12.0,4.4,4.1,4.6,1.0,581.0,0.795900478515625,True,CALL,2026-06-18,OSCR
OSCR260618C00013000,13.0,4.55,3.7,4.0,1.0,16.0,0.8100604931640624,True,CALL,2026-06-18,OSCR
OSCR260618C00014000,14.0,3.3,3.2,3.5,10.0,60.0,0.8042011767578124,True,CALL,2026-06-18,OSCR
OSCR260618C00015000,15.0,2.92,2.69,2.99,26.0,3576.0,0.7807639111328125,False,CALL,2026-06-18,OSCR
OSCR260618C00016000,16.0,2.45,2.36,2.57,3.0,610.0,0.7807639111328125,False,CALL,2026-06-18,OSCR
OSCR260618C00017000,17.0,1.99,1.95,2.25,30.0,2969.0,0.770510107421875,False,CALL,2026-06-18,OSCR
OSCR260618C00018000,18.0,1.84,1.69,2.01,2.0,479.0,0.780275634765625,False,CALL,2026-06-18,OSCR
OSCR260618C00019000,19.0,1.67,1.47,1.62,1.0,578.0,0.7641625146484375,False,CALL,2026-06-18,OSCR
OSCR260618P00011000,11.0,0.96,0.86,1.0,6.0,230.0,0.7602563037109377,False,PUT,2026-06-18,OSCR
OSCR260618P00012000,12.0,1.32,1.25,1.49,6.0,2903.0,0.782228740234375,False,PUT,2026-06-18,OSCR
OSCR260618P00013000,13.0,1.68,1.66,1.76,4.0,280.0,0.7480493945312501,False,PUT,2026-06-18,OSCR
OSCR260618P00014000,14.0,2.03,2.13,2.23,1.0,439.0,0.7377955908203124,False,PUT,2026-06-18,OSCR
OSCR260618P00015000,15.0,2.73,2.66,2.81,25.0,11056.0,0.735354208984375,True,PUT,2026-06-18,OSCR
OSCR260618P00016000,16.0,3.3,3.15,3.4,7.0,91.0,0.7133817724609376,True,PUT,2026-06-18,OSCR
OSCR260618P00017000,17.0,3.97,3.8,4.1,3.0,4775.0,0.7138700488281251,True,PUT,2026-06-18,OSCR
OSCR260618P00018000,18.0,4.55,4.5,4.8,15.0,169.0,0.70898728515625,True,PUT,2026-06-18,OSCR
OSCR260618P00019000,19.0,4.7,5.2,5.55,37.0,174.0,0.6992217578125001,True,PUT,2026-06-18,OSCR
OSCR260717C00011000,11.0,5.71,4.7,5.55,6.0,8.0,0.7832052929687501,True,CALL,2026-07-17,OSCR
OSCR260717C00012000,12.0,6.42,4.3,4.8,2.0,20.0,0.78711150390625,True,CALL,2026-07-17,OSCR
OSCR260717C00013000,13.0,4.05,3.9,4.25,1.0,9.0,0.8012715185546875,True,CALL,2026-07-17,OSCR
OSCR260717C00014000,14.0,3.65,3.4,3.75,53.0,77.0,0.7919942675781251,True,CALL,2026-07-17,OSCR
OSCR260717C00015000,15.0,3.18,2.99,3.25,6.0,160.0,0.7817404638671875,False,CALL,2026-07-17,OSCR
OSCR260717C00016000,16.0,2.71,2.54,2.86,3.0,158.0,0.7690452783203126,False,CALL,2026-07-17,OSCR
OSCR260717C00017000,17.0,2.38,2.24,2.52,1.0,240.0,0.770510107421875,False,CALL,2026-07-17,OSCR
OSCR260717C00018000,18.0,2.15,1.94,2.23,7.0,127.0,0.7685570019531252,False,CALL,2026-07-17,OSCR
OSCR260717C00019000,19.0,1.8,1.64,1.98,2.0,42.0,0.762697685546875,False,CALL,2026-07-17,OSCR
OSCR260717P00011000,11.0,1.1,1.0,1.38,2.0,27.0,0.7851583984375,False,PUT,2026-07-17,OSCR
OSCR260717P00012000,12.0,1.4,1.36,1.58,2.0,27.0,0.74414318359375,False,PUT,2026-07-17,OSCR
OSCR260717P00013000,13.0,1.86,1.76,1.93,19.0,144.0,0.719729365234375,False,PUT,2026-07-17,OSCR
OSCR260717P00014000,14.0,2.44,2.25,2.69,2.0,1538.0,0.7485376708984376,False,PUT,2026-07-17,OSCR
OSCR260717P00015000,15.0,2.95,2.84,3.15,2.0,187.0,0.735354208984375,True,PUT,2026-07-17,OSCR
OSCR260717P00016000,16.0,3.47,3.35,3.9,1.0,35.0,0.7358424853515625,True,PUT,2026-07-17,OSCR
OSCR260717P00017000,17.0,4.1,4.0,4.55,4.0,56.0,0.7304714453125,True,PUT,2026-07-17,OSCR
OSCR260717P00018000,18.0,4.42,4.65,5.25,2.0,133.0,0.72070591796875,True,PUT,2026-07-17,OSCR
OSCR260717P00019000,19.0,4.99,5.45,5.85,2.0,15.0,0.7075224560546876,True,PUT,2026-07-17,OSCR
OSCR260821C00011000,11.0,5.69,5.1,6.15,3.0,48.0,0.86914193359375,True,CALL,2026-08-21,OSCR
OSCR260821C00012000,12.0,7.53,4.45,5.6,20.0,32.0,0.84961087890625,True,CALL,2026-08-21,OSCR
OSCR260821C00013000,13.0,4.92,4.3,4.65,1.0,5.0,0.8330094824218748,True,CALL,2026-08-21,OSCR
OSCR260821C00014000,14.0,4.42,3.75,4.2,1.0,3.0,0.8183611914062499,True,CALL,2026-08-21,OSCR
OSCR260821C00015000,15.0,3.62,3.15,3.8,70.0,73.0,0.7944356494140624,False,CALL,2026-08-21,OSCR
OSCR260821C00016000,16.0,3.11,2.95,3.3,3.0,5.0,0.79687703125,False,CALL,2026-08-21,OSCR
OSCR260821C00017000,17.0,2.89,2.6,2.96,6.0,9.0,0.7915059912109376,False,CALL,2026-08-21,OSCR
OSCR260821C00018000,18.0,2.5,2.22,2.83,12.0,58.0,0.79883013671875,False,CALL,2026-08-21,OSCR
OSCR260821C00019000,19.0,2.59,2.04,2.49,,1.0,0.797853583984375,False,CALL,2026-08-21,OSCR
OSCR260821P00011000,11.0,1.36,1.25,1.45,3.0,10.0,0.7656273437500001,False,PUT,2026-08-21,OSCR
OSCR260821P00012000,12.0,1.81,1.62,2.07,1.0,9.0,0.7827170166015626,False,PUT,2026-08-21,OSCR
OSCR260821P00013000,13.0,2.23,2.02,2.54,1.0,23.0,0.7670921728515626,False,PUT,2026-08-21,OSCR
OSCR260821P00014000,14.0,2.7,2.55,3.15,1.0,2.0,0.773439765625,False,PUT,2026-08-21,OSCR
OSCR260821P00015000,15.0,3.12,3.1,3.65,1.0,107.0,0.7573266455078126,True,PUT,2026-08-21,OSCR
OSCR260821P00016000,16.0,2.95,3.7,4.25,,122.0,0.7495142236328125,True,PUT,2026-08-21,OSCR
OSCR260918C00013000,13.0,7.25,4.45,4.85,1.0,1.0,0.8237322314453124,True,CALL,2026-09-18,OSCR
OSCR260918C00014000,14.0,4.12,3.9,4.4,1.0,7.0,0.807619111328125,True,CALL,2026-09-18,OSCR
OSCR260918C00015000,15.0,3.79,3.5,4.05,13.0,10.0,0.8115253222656249,False,CALL,2026-09-18,OSCR
OSCR260918C00016000,16.0,3.45,3.25,3.55,2.0,9.0,0.8061542822265625,False,CALL,2026-09-18,OSCR
OSCR260918C00017000,17.0,3.04,2.75,3.35,4.0,103.0,0.7993184130859375,False,CALL,2026-09-18,OSCR
OSCR260918C00018000,18.0,3.08,2.49,3.05,7.0,117.0,0.8005391040039063,False,CALL,2026-09-18,OSCR
OSCR260918C00019000,19.0,3.1,2.23,2.81,,2.0,0.8017597949218749,False,CALL,2026-09-18,OSCR
OSCR260918P00011000,11.0,1.26,1.35,1.8,1.0,55.0,0.7836935693359376,False,PUT,2026-09-18,OSCR
OSCR260918P00012000,12.0,1.86,1.74,2.02,1600.0,1603.0,0.7436549072265625,False,PUT,2026-09-18,OSCR
OSCR260918P00013000,13.0,2.38,2.16,2.7,1.0,9.0,0.75586181640625,False,PUT,2026-09-18,OSCR
OSCR260918P00014000,14.0,2.82,2.7,3.35,1.0,5.0,0.7656273437500001,False,PUT,2026-09-18,OSCR
OSCR260918P00015000,15.0,2.78,3.25,3.85,1.0,2.0,0.7490259472656251,True,PUT,2026-09-18,OSCR
OSCR260918P00016000,16.0,3.95,3.7,4.45,2.0,20.0,0.7241238525390624,True,PUT,2026-09-18,OSCR
OSCR260918P00017000,17.0,4.1,4.5,5.1,,20.0,0.73437765625,True,PUT,2026-09-18,OSCR
OSCR261016C00012000,12.0,5.8,4.75,5.9,2.0,2.0,0.8271501660156249,True,CALL,2026-10-16,OSCR
OSCR261016C00015000,15.0,4.0,3.7,4.5,10.0,9.0,0.834718449707031,False,CALL,2026-10-16,OSCR
OSCR261016C00017000,17.0,2.65,2.83,3.6,7.0,66.0,0.788088056640625,False,CALL,2026-10-16,OSCR
OSCR261016C00019000,19.0,3.2,2.35,3.05,,10.0,0.7934590966796875,False,CALL,2026-10-16,OSCR
OSCR261016P00012000,12.0,2.05,1.87,2.38,8.0,7.0,0.7631859619140625,False,PUT,2026-10-16,OSCR
OSCR261016P00015000,15.0,3.0,3.4,4.0,,1.0,0.7387721435546875,True,PUT,2026-10-16,OSCR
OSCR261016P00017000,17.0,4.88,4.65,5.35,1.0,20.0,0.7334011035156249,True,PUT,2026-10-16,OSCR
OSCR261120C00012000,12.0,7.5,5.4,5.8,,22.0,0.840821904296875,True,CALL,2026-11-20,OSCR
OSCR261120C00015000,15.0,4.31,4.0,4.55,1.0,22.0,0.8183611914062499,False,CALL,2026-11-20,OSCR
OSCR261120C00017000,17.0,3.4,3.25,4.0,4.0,45.0,0.8176287768554686,False,CALL,2026-11-20,OSCR
OSCR261120P00012000,12.0,2.28,2.07,2.62,5.0,430.0,0.7675804492187501,False,PUT,2026-11-20,OSCR
OSCR261120P00015000,15.0,3.75,3.6,4.3,10.0,16.0,0.7426783544921874,True,PUT,2026-11-20,OSCR
OSCR261120P00017000,17.0,4.45,4.9,5.55,25.0,76.0,0.7309597216796875,True,PUT,2026-11-20,OSCR
OSCR270115C00013000,13.0,5.42,5.3,5.55,4.0,4569.0,0.8247087841796874,True,CALL,2027-01-15,OSCR
OSCR270115C00015000,15.0,4.5,4.5,4.7,261.0,14988.0,0.8100604931640624,False,CALL,2027-01-15,OSCR
OSCR270115C00018000,18.0,3.6,3.5,3.7,71.0,3110.0,0.7937032348632812,False,CALL,2027-01-15,OSCR
OSCR270115P00013000,13.0,3.05,2.84,3.15,1.0,5714.0,0.7268093725585938,False,PUT,2027-01-15,OSCR
OSCR270115P00015000,15.0,4.2,4.0,4.25,4.0,4631.0,0.7126493579101563,True,PUT,2027-01-15,OSCR
OSCR270115P00018000,18.0,6.11,5.9,6.15,25.0,6010.0,0.6850617431640625,True,PUT,2027-01-15,OSCR
OSCR271217C00013000,13.0,7.9,6.8,7.45,1.0,268.0,0.8442398388671875,True,CALL,2027-12-17,OSCR
OSCR271217C00015000,15.0,6.4,5.85,6.75,4.0,1128.0,0.8120135986328124,False,CALL,2027-12-17,OSCR
OSCR271217C00017000,17.0,5.7,5.65,6.15,84.0,731.0,0.8305681005859374,False,CALL,2027-12-17,OSCR
OSCR271217P00013000,13.0,4.25,4.15,4.4,16.0,91.0,0.7060576269531251,False,PUT,2027-12-17,OSCR
OSCR271217P00015000,15.0,5.5,4.0,5.75,1.0,170.0,0.6084023535156251,True,PUT,2027-12-17,OSCR
OSCR271217P00017000,17.0,5.97,6.2,7.1,5.0,79.0,0.6584506811523438,True,PUT,2027-12-17,OSCR
OSCR280121C00013000,13.0,7.5,7.15,7.5,3.0,309.0,0.8540053662109376,True,CALL,2028-01-21,OSCR
OSCR280121C00015000,15.0,6.65,6.5,6.8,14.0,1160.0,0.8413101806640625,False,CALL,2028-01-21,OSCR
OSCR280121C00017000,17.0,5.89,5.75,6.1,21.0,642.0,0.813478427734375,False,CALL,2028-01-21,OSCR
OSCR280121P00013000,13.0,4.4,4.25,4.55,43.0,603.0,0.7067900415039063,False,PUT,2028-01-21,OSCR
OSCR280121P00015000,15.0,5.62,5.4,5.8,11.0,2160.0,0.6889679541015626,True,PUT,2028-01-21,OSCR
OSCR280121P00017000,17.0,7.0,6.75,7.15,1.0,264.0,0.6801789794921876,True,PUT,2028-01-21,OSCR
OWL260130C00010000,10.0,4.94,3.8,5.3,2.0,53.0,5.398440751953125,True,CALL,2026-01-30,OWL
OWL260130C00014500,14.5,0.23,0.05,0.15,1.0,140.0,0.648441015625,False,CALL,2026-01-30,OWL
OWL260130C00015000,15.0,0.05,0.0,0.15,50.0,207.0,0.87500125,False,CALL,2026-01-30,OWL
OWL260130C00015500,15.5,0.07,0.0,0.05,23.0,551.0,0.87500125,False,CALL,2026-01-30,OWL
OWL260130C00016000,16.0,0.04,0.0,0.05,15.0,576.0,1.0781296093750001,False,CALL,2026-01-30,OWL
OWL260130C00016500,16.5,0.05,0.0,0.05,1.0,208.0,1.2812535937499998,False,CALL,2026-01-30,OWL
OWL260130C00017000,17.0,0.04,0.0,0.05,31.0,280.0,1.453127734375,False,CALL,2026-01-30,OWL
OWL260130C00017500,17.5,0.04,0.0,0.25,19.0,105.0,2.3125042187499996,False,CALL,2026-01-30,OWL
OWL260130C00018000,18.0,0.28,0.0,0.05,3.0,177.0,1.7968760156249999,False,CALL,2026-01-30,OWL
OWL260130P00010000,10.0,0.11,0.0,0.05,50.0,90.0,2.43750390625,False,PUT,2026-01-30,OWL
OWL260130P00010500,10.5,0.3,0.0,0.05,,1.0,2.1250046874999997,False,PUT,2026-01-30,OWL
OWL260130P00012000,12.0,0.03,0.0,0.3,1.0,2.0,2.031254921875,False,PUT,2026-01-30,OWL
OWL260130P00012500,12.5,0.04,0.0,0.05,2.0,2.0,1.000005,False,PUT,2026-01-30,OWL
OWL260130P00013000,13.0,0.1,0.0,0.5,10.0,11.0,1.6015644921874999,False,PUT,2026-01-30,OWL
OWL260130P00013500,13.5,0.03,0.0,0.05,10.0,5091.0,0.5468795312500001,False,PUT,2026-01-30,OWL
OWL260130P00014000,14.0,0.15,0.1,0.5,20.0,252.0,0.7656273437500001,False,PUT,2026-01-30,OWL
OWL260130P00014500,14.5,0.37,0.35,0.7,13.0,864.0,0.51562984375,True,PUT,2026-01-30,OWL
OWL260130P00015000,15.0,0.73,0.5,1.05,24.0,1062.0,0.914063359375,True,PUT,2026-01-30,OWL
OWL260130P00015500,15.5,1.05,0.95,1.6,50.0,463.0,1.3828155859374998,True,PUT,2026-01-30,OWL
OWL260130P00016000,16.0,1.56,1.35,2.1,30.0,138.0,1.65625171875,True,PUT,2026-01-30,OWL
OWL260130P00016500,16.5,1.8,1.35,2.65,8.0,0.0,2.1093797265624996,True,PUT,2026-01-30,OWL
OWL260130P00017500,17.5,2.86,2.75,3.7,1.0,0.0,2.7812530468750003,True,PUT,2026-01-30,OWL
OWL260130P00018000,18.0,2.57,2.7,5.0,,0.0,5.429690712890624,True,PUT,2026-01-30,OWL
OWL260206C00011500,11.5,3.63,2.15,3.9,,6.0,1.7753917480468748,True,CALL,2026-02-06,OWL
OWL260206C00012000,12.0,3.14,1.85,3.2,,1.0,1.5468772656249998,True,CALL,2026-02-06,OWL
OWL260206C00013000,13.0,1.8,1.1,1.75,50.0,60.0,0.9531254687499999,True,CALL,2026-02-06,OWL
OWL260206C00014500,14.5,0.35,0.25,0.4,1.0,1989.0,0.58789474609375,False,CALL,2026-02-06,OWL
OWL260206C00015000,15.0,0.3,0.1,0.3,27.0,116.0,0.6093789062500001,False,CALL,2026-02-06,OWL
OWL260206C00015500,15.5,0.31,0.05,0.2,24.0,74.0,0.6367223828125,False,CALL,2026-02-06,OWL
OWL260206C00016000,16.0,0.15,0.0,0.15,52.0,184.0,0.6562534375000001,False,CALL,2026-02-06,OWL
OWL260206C00016500,16.5,0.05,0.05,0.2,1.0,52.0,0.8789074609374999,False,CALL,2026-02-06,OWL
OWL260206C00017000,17.0,0.05,0.05,0.15,3.0,248.0,0.929688203125,False,CALL,2026-02-06,OWL
OWL260206C00017500,17.5,0.08,0.0,0.55,31.0,54.0,1.3867218164062498,False,CALL,2026-02-06,OWL
OWL260206C00018000,18.0,0.1,0.0,0.1,1.0,18.0,0.9609378906249999,False,CALL,2026-02-06,OWL
OWL260206P00012000,12.0,0.15,0.0,0.6,1.0,52.0,1.2382850585937497,False,PUT,2026-02-06,OWL
OWL260206P00012500,12.5,0.1,0.05,0.15,1.0,1.0,0.6796907031250001,False,PUT,2026-02-06,OWL
OWL260206P00013000,13.0,0.14,0.1,0.2,2.0,7.0,0.6015664843750002,False,PUT,2026-02-06,OWL
OWL260206P00013500,13.5,0.2,0.2,0.3,5.0,61.0,0.5449264257812501,False,PUT,2026-02-06,OWL
OWL260206P00014000,14.0,0.46,0.4,0.5,16.0,788.0,0.5312546875,False,PUT,2026-02-06,OWL
OWL260206P00014500,14.5,0.65,0.65,0.9,85.0,58.0,0.56836369140625,True,PUT,2026-02-06,OWL
OWL260206P00015000,15.0,0.93,1.0,1.2,25.0,435.0,0.5117236328125,True,PUT,2026-02-06,OWL
OWL260206P00015500,15.5,1.17,1.35,1.65,220.0,254.0,0.73437765625,True,PUT,2026-02-06,OWL
OWL260206P00016000,16.0,1.37,1.15,2.25,1.0,803.0,1.0273486132812502,True,PUT,2026-02-06,OWL
OWL260206P00017000,17.0,2.8,1.95,3.2,1.0,6.0,1.19922275390625,True,PUT,2026-02-06,OWL
OWL260206P00017500,17.5,2.0,2.4,3.7,1.0,1.0,1.3125034374999998,True,PUT,2026-02-06,OWL
OWL260213C00013500,13.5,1.85,0.85,1.05,10.0,10.0,0.5644574804687501,True,CALL,2026-02-13,OWL
OWL260213C00014000,14.0,2.0,0.55,0.7,1.0,1.0,0.5195360546875,True,CALL,2026-02-13,OWL
OWL260213C00015000,15.0,0.35,0.2,0.35,36.0,194.0,0.53320779296875,False,CALL,2026-02-13,OWL
OWL260213C00015500,15.5,0.3,0.1,0.25,16.0,20.0,0.5410202148437502,False,CALL,2026-02-13,OWL
OWL260213C00016000,16.0,0.17,0.05,0.2,2.0,68.0,0.5742230078125,False,CALL,2026-02-13,OWL
OWL260213C00016500,16.5,0.11,0.0,0.4,2.0,28.0,0.7675804492187501,False,CALL,2026-02-13,OWL
OWL260213C00017000,17.0,0.1,0.0,0.25,8.0,53.0,0.7421900781249999,False,CALL,2026-02-13,OWL
OWL260213C00017500,17.5,0.2,0.0,0.35,1.0,11.0,0.8984385156249999,False,CALL,2026-02-13,OWL
OWL260213C00018000,18.0,0.15,0.0,0.35,40.0,60.0,0.9765627343750001,False,CALL,2026-02-13,OWL
OWL260213P00013500,13.5,0.26,0.3,0.45,1.0,145.0,0.52539537109375,False,PUT,2026-02-13,OWL
OWL260213P00014000,14.0,0.51,0.45,0.6,57.0,36.0,0.5273484765625001,False,PUT,2026-02-13,OWL
OWL260213P00014500,14.5,0.6,0.75,0.9,2.0,29.0,0.5371140039062501,True,PUT,2026-02-13,OWL
OWL260213P00015000,15.0,0.9,0.95,1.35,1.0,51.0,0.63867548828125,True,PUT,2026-02-13,OWL
OWL260213P00015500,15.5,1.23,1.15,1.85,4.0,9.0,0.76367423828125,True,PUT,2026-02-13,OWL
OWL260213P00016000,16.0,0.76,1.15,2.65,3.0,4.0,1.169926025390625,True,PUT,2026-02-13,OWL
OWL260213P00016500,16.5,1.15,1.55,3.2,2.0,7.0,1.3300814746093748,True,PUT,2026-02-13,OWL
OWL260213P00017000,17.0,2.55,1.95,3.2,1.0,11.0,0.9003916210937499,True,PUT,2026-02-13,OWL
OWL260213P00018000,18.0,2.07,2.5,4.9,,1.0,1.8261727441406248,True,PUT,2026-02-13,OWL
OWL260220C00010000,10.0,5.05,3.5,5.6,1.0,14.0,1.5917989160156247,True,CALL,2026-02-20,OWL
OWL260220C00011000,11.0,4.12,2.6,4.4,6.0,6.0,1.228519482421875,True,CALL,2026-02-20,OWL
OWL260220C00012000,12.0,3.56,0.0,0.0,1.0,27.0,1.0000000000000003e-05,True,CALL,2026-02-20,OWL
OWL260220C00012500,12.5,2.8,1.6,2.6,5.0,5.0,0.8886729882812499,True,CALL,2026-02-20,OWL
OWL260220C00013000,13.0,2.92,1.15,1.4,2.0,68.0,0.5742230078125,True,CALL,2026-02-20,OWL
OWL260220C00014000,14.0,0.75,0.65,0.75,20.0,334.0,0.5224657128906249,True,CALL,2026-02-20,OWL
OWL260220C00015000,15.0,0.3,0.25,0.35,94.0,8877.0,0.50586431640625,False,CALL,2026-02-20,OWL
OWL260220C00015500,15.5,0.27,0.15,0.3,6.0,707.0,0.500005,False,CALL,2026-02-20,OWL
OWL260220C00016000,16.0,0.17,0.1,0.2,8.0,3849.0,0.507817421875,False,CALL,2026-02-20,OWL
OWL260220C00016500,16.5,0.15,0.05,0.4,1.0,149.0,0.6660189648437502,False,CALL,2026-02-20,OWL
OWL260220C00017000,17.0,0.1,0.05,0.15,22.0,21159.0,0.5820354296875,False,CALL,2026-02-20,OWL
OWL260220C00017500,17.5,0.11,0.0,0.35,19.0,80.0,0.7500025,False,CALL,2026-02-20,OWL
OWL260220C00018000,18.0,0.05,0.05,0.15,3.0,4327.0,0.70312796875,False,CALL,2026-02-20,OWL
OWL260220P00010000,10.0,0.18,0.0,0.15,2.0,1672.0,0.8906260937499999,False,PUT,2026-02-20,OWL
OWL260220P00011000,11.0,0.08,0.0,0.4,793.0,2391.0,0.8984385156249999,False,PUT,2026-02-20,OWL
OWL260220P00012000,12.0,0.11,0.1,0.15,5.0,17821.0,0.5644574804687501,False,PUT,2026-02-20,OWL
OWL260220P00012500,12.5,0.15,0.15,0.3,4.0,13.0,0.570316796875,False,PUT,2026-02-20,OWL
OWL260220P00013000,13.0,0.3,0.25,0.35,6.0,7567.0,0.516606396484375,False,PUT,2026-02-20,OWL
OWL260220P00013500,13.5,0.45,0.4,0.5,8.0,116.0,0.5351608984375,False,PUT,2026-02-20,OWL
OWL260220P00014000,14.0,0.7,0.65,0.75,818.0,18220.0,0.5107470800781251,False,PUT,2026-02-20,OWL
OWL260220P00014500,14.5,0.75,0.9,1.15,1.0,1308.0,0.5390671093750001,True,PUT,2026-02-20,OWL
OWL260220P00015000,15.0,1.3,1.3,1.5,830.0,29774.0,0.570316796875,True,PUT,2026-02-20,OWL
OWL260220P00015500,15.5,1.45,1.6,1.9,41.0,48.0,0.55273884765625,True,PUT,2026-02-20,OWL
OWL260220P00016000,16.0,1.89,1.75,2.35,3.0,9577.0,0.7324245507812499,True,PUT,2026-02-20,OWL
OWL260220P00016500,16.5,1.31,1.75,2.8,,14.0,0.773439765625,True,PUT,2026-02-20,OWL
OWL260220P00017000,17.0,2.75,2.55,3.3,11.0,1305.0,0.8535170898437501,True,PUT,2026-02-20,OWL
OWL260220P00018000,18.0,3.6,3.5,4.3,5.0,572.0,0.99804689453125,True,PUT,2026-02-20,OWL
OWL260227C00013000,13.0,3.37,1.0,2.25,,1.0,0.6650424121093752,True,CALL,2026-02-27,OWL
OWL260227C00015000,15.0,0.52,0.3,0.4,51.0,51.0,0.476567734375,False,CALL,2026-02-27,OWL
OWL260227C00015500,15.5,0.5,0.05,0.3,3.0,6.0,0.49609878906250005,False,CALL,2026-02-27,OWL
OWL260227C00016000,16.0,0.22,0.1,0.25,1.0,6.0,0.5351608984375,False,CALL,2026-02-27,OWL
OWL260227C00016500,16.5,0.31,0.05,0.45,1.0,12.0,0.6054726953125001,False,CALL,2026-02-27,OWL
OWL260227C00017000,17.0,0.25,0.0,0.35,1.0,3.0,0.5976602734375001,False,CALL,2026-02-27,OWL
OWL260227C00018000,18.0,0.19,0.0,0.4,1.0,1.0,0.7402369726562499,False,CALL,2026-02-27,OWL
OWL260227P00012000,12.0,0.21,0.05,0.3,1.0,3.0,0.55273884765625,False,PUT,2026-02-27,OWL
OWL260227P00013000,13.0,0.33,0.35,0.4,46.0,36.0,0.5097705273437501,False,PUT,2026-02-27,OWL
OWL260227P00013500,13.5,0.44,0.45,0.55,1.0,19.0,0.5009815527343751,False,PUT,2026-02-27,OWL
OWL260227P00015000,15.0,1.15,1.3,1.55,1.0,126.0,0.516606396484375,True,PUT,2026-02-27,OWL
OWL260227P00015500,15.5,0.85,1.25,2.0,,1.0,0.6630893066406252,True,PUT,2026-02-27,OWL
OWL260227P00016000,16.0,1.8,1.15,3.2,3.0,9.0,0.500005,True,PUT,2026-02-27,OWL
OWL260227P00017500,17.5,2.1,2.3,4.0,,15.0,0.975586181640625,True,PUT,2026-02-27,OWL
OWL260306C00016000,16.0,0.2,0.1,0.25,1.0,11.0,0.48242705078125003,False,CALL,2026-03-06,OWL
OWL260306P00010000,10.0,0.09,0.0,0.35,10.0,10.0,0.8710950390625,False,PUT,2026-03-06,OWL
OWL260306P00011500,11.5,0.47,0.1,0.5,1.0,1.0,0.7128934960937501,False,PUT,2026-03-06,OWL
OWL260320C00014000,14.0,0.9,0.9,1.05,14.0,70.0,0.495122236328125,True,CALL,2026-03-20,OWL
OWL260320C00015000,15.0,0.5,0.45,0.55,37.0,264.0,0.442388388671875,False,CALL,2026-03-20,OWL
OWL260320C00016000,16.0,0.3,0.2,0.35,2.0,565.0,0.471684970703125,False,CALL,2026-03-20,OWL
OWL260320C00017000,17.0,0.22,0.1,0.35,92.0,435.0,0.5839885351562499,False,CALL,2026-03-20,OWL
OWL260320C00018000,18.0,0.11,0.05,0.15,120.0,999.0,0.523442265625,False,CALL,2026-03-20,OWL
OWL260320P00010000,10.0,0.18,0.0,0.55,5.0,8.0,0.851563984375,False,PUT,2026-03-20,OWL
OWL260320P00011000,11.0,0.2,0.05,0.15,5.0,112.0,0.55273884765625,False,PUT,2026-03-20,OWL
OWL260320P00012000,12.0,0.25,0.25,0.35,91.0,360.0,0.5205126074218749,False,PUT,2026-03-20,OWL
OWL260320P00013000,13.0,0.5,0.5,0.6,38.0,1072.0,0.514653291015625,False,PUT,2026-03-20,OWL
OWL260320P00014000,14.0,0.94,0.9,0.95,448.0,11553.0,0.46289599609375004,False,PUT,2026-03-20,OWL
OWL260320P00015000,15.0,1.45,1.5,1.7,54.0,6444.0,0.534184345703125,True,PUT,2026-03-20,OWL
OWL260320P00016000,16.0,2.06,2.05,2.5,53.0,1369.0,0.5751995605468749,True,PUT,2026-03-20,OWL
OWL260320P00017000,17.0,1.9,2.3,3.4,2.0,192.0,0.6357458300781251,True,PUT,2026-03-20,OWL
OWL260320P00018000,18.0,2.65,2.95,4.4,1.0,58.0,0.73633076171875,True,PUT,2026-03-20,OWL
OWL260417C00012000,12.0,3.81,2.25,3.5,,4.0,0.69336244140625,True,CALL,2026-04-17,OWL
OWL260417C00014000,14.0,1.25,1.1,1.2,1.0,120.0,0.4555718505859375,True,CALL,2026-04-17,OWL
OWL260417C00015000,15.0,0.75,0.55,0.75,31.0,341.0,0.43555251953125,False,CALL,2026-04-17,OWL
OWL260417C00016000,16.0,0.55,0.35,0.45,1.0,1173.0,0.42578699218750005,False,CALL,2026-04-17,OWL
OWL260417C00017000,17.0,0.25,0.15,0.3,20.0,2231.0,0.442388388671875,False,CALL,2026-04-17,OWL
OWL260417C00018000,18.0,0.25,0.1,0.35,9.0,567.0,0.5468795312500001,False,CALL,2026-04-17,OWL
OWL260417P00010000,10.0,0.2,0.1,0.25,1.0,5.0,0.59570716796875,False,PUT,2026-04-17,OWL
OWL260417P00011000,11.0,0.19,0.2,0.35,1.0,17.0,0.5410202148437502,False,PUT,2026-04-17,OWL
OWL260417P00012000,12.0,0.42,0.35,0.45,2.0,418.0,0.500005,False,PUT,2026-04-17,OWL
OWL260417P00013000,13.0,0.62,0.65,0.75,1.0,844.0,0.47852083984375,False,PUT,2026-04-17,OWL
OWL260417P00014000,14.0,1.0,1.1,1.2,231.0,534.0,0.4687553125,False,PUT,2026-04-17,OWL
OWL260417P00015000,15.0,1.5,1.6,1.85,35.0,305.0,0.48730981445312505,True,PUT,2026-04-17,OWL
OWL260417P00016000,16.0,2.05,2.35,2.6,56.0,1943.0,0.5053760400390624,True,PUT,2026-04-17,OWL
OWL260417P00017000,17.0,2.15,2.4,3.8,43.0,16.0,0.6899445068359377,True,PUT,2026-04-17,OWL
OWL260417P00018000,18.0,2.74,3.3,4.4,,27.0,0.5918009570312501,True,PUT,2026-04-17,OWL
OWL260515C00010000,10.0,4.9,3.6,5.5,5.0,5.0,0.7402369726562499,True,CALL,2026-05-15,OWL
OWL260515C00011000,11.0,6.06,3.2,4.5,10.0,47.0,0.7392604199218749,True,CALL,2026-05-15,OWL
OWL260515C00012000,12.0,3.57,2.45,3.5,1.0,434.0,0.6367223828125,True,CALL,2026-05-15,OWL
OWL260515C00013000,13.0,2.2,1.75,2.05,3.0,97.0,0.507817421875,True,CALL,2026-05-15,OWL
OWL260515C00014000,14.0,1.55,1.2,1.55,31.0,229.0,0.508793974609375,True,CALL,2026-05-15,OWL
OWL260515C00015000,15.0,1.18,0.75,1.1,2.0,1280.0,0.49170430175781255,False,CALL,2026-05-15,OWL
OWL260515C00016000,16.0,0.55,0.45,0.65,2507.0,50300.0,0.44043528320312497,False,CALL,2026-05-15,OWL
OWL260515C00017000,17.0,0.4,0.3,0.4,103.0,22447.0,0.424810439453125,False,CALL,2026-05-15,OWL
OWL260515C00018000,18.0,0.25,0.15,0.3,13.0,1115.0,0.446294599609375,False,CALL,2026-05-15,OWL
OWL260515P00010000,10.0,0.21,0.15,0.6,11.0,4179.0,0.6533237792968751,False,PUT,2026-05-15,OWL
OWL260515P00011000,11.0,0.45,0.35,0.45,15.0,2369.0,0.5351608984375,False,PUT,2026-05-15,OWL
OWL260515P00012000,12.0,0.6,0.55,0.65,16.0,4210.0,0.516606396484375,False,PUT,2026-05-15,OWL
OWL260515P00013000,13.0,0.94,0.85,1.0,4.0,4866.0,0.5009815527343751,False,PUT,2026-05-15,OWL
OWL260515P00014000,14.0,1.4,1.25,1.4,2.0,33983.0,0.4687553125,False,PUT,2026-05-15,OWL
OWL260515P00015000,15.0,1.9,1.8,2.1,1.0,11002.0,0.5019581054687501,True,PUT,2026-05-15,OWL
OWL260515P00016000,16.0,2.35,2.5,2.7,5.0,2054.0,0.46973186523437505,True,PUT,2026-05-15,OWL
OWL260515P00017000,17.0,3.0,2.8,3.5,2.0,2369.0,0.47852083984375,True,PUT,2026-05-15,OWL
OWL260515P00018000,18.0,3.0,3.3,4.5,25.0,244.0,0.5507857421875001,True,PUT,2026-05-15,OWL
OWL260618C00010000,10.0,5.88,3.7,5.5,2.0,1.0,0.6689486230468751,True,CALL,2026-06-18,OWL
OWL260618C00013000,13.0,2.75,1.85,2.4,5.0,29.0,0.551762294921875,True,CALL,2026-06-18,OWL
OWL260618C00014000,14.0,1.7,1.35,1.8,2.0,48.0,0.51562984375,True,CALL,2026-06-18,OWL
OWL260618C00015000,15.0,1.23,1.0,1.05,2.0,302.0,0.414068359375,False,CALL,2026-06-18,OWL
OWL260618C00016000,16.0,0.72,0.7,0.8,13.0,322.0,0.43018147949218755,False,CALL,2026-06-18,OWL
OWL260618C00017000,17.0,0.5,0.45,0.55,15.0,677.0,0.42383388671875,False,CALL,2026-06-18,OWL
OWL260618C00018000,18.0,0.4,0.3,0.4,1.0,678.0,0.43018147949218755,False,CALL,2026-06-18,OWL
OWL260618P00010000,10.0,0.25,0.3,0.4,2.0,7.0,0.5556685058593751,False,PUT,2026-06-18,OWL
OWL260618P00011000,11.0,0.45,0.5,0.55,2.0,258.0,0.5224657128906249,False,PUT,2026-06-18,OWL
OWL260618P00012000,12.0,0.77,0.7,0.8,2021.0,734.0,0.5039112109375,False,PUT,2026-06-18,OWL
OWL260618P00013000,13.0,1.0,1.05,1.15,19.0,458.0,0.48340360351562506,False,PUT,2026-06-18,OWL
OWL260618P00014000,14.0,1.4,1.55,1.7,11.0,320.0,0.49561051269531253,False,PUT,2026-06-18,OWL
OWL260618P00015000,15.0,1.95,2.05,2.25,22.0,515.0,0.4804739453125,True,PUT,2026-06-18,OWL
OWL260618P00016000,16.0,2.16,2.75,3.1,1.0,157.0,0.5293015820312501,True,PUT,2026-06-18,OWL
OWL260618P00017000,17.0,2.45,3.5,4.1,13.0,24.0,0.51562984375,True,PUT,2026-06-18,OWL
OWL260618P00018000,18.0,3.2,3.4,4.6,3.0,5.0,0.5151415673828125,True,PUT,2026-06-18,OWL
OWL260821C00013000,13.0,2.48,2.15,3.2,1.0,32.0,0.5283250292968751,True,CALL,2026-08-21,OWL
OWL260821C00014000,14.0,1.8,1.65,2.05,6.0,0.0,0.48828636718750007,True,CALL,2026-08-21,OWL
OWL260821C00015000,15.0,1.57,1.2,1.9,2.0,104.0,0.5463912548828126,False,CALL,2026-08-21,OWL
OWL260821C00016000,16.0,1.2,0.9,1.95,10.0,86.0,0.5107470800781251,False,CALL,2026-08-21,OWL
OWL260821C00017000,17.0,0.95,0.75,0.95,290.0,1319.0,0.4585015087890626,False,CALL,2026-08-21,OWL
OWL260821C00018000,18.0,0.7,0.5,1.35,70.0,5248.0,0.5083056982421875,False,CALL,2026-08-21,OWL
OWL260821P00010000,10.0,0.45,0.3,0.85,40.0,24.0,0.5566450585937501,False,PUT,2026-08-21,OWL
OWL260821P00011000,11.0,0.62,0.45,1.05,1.0,31.0,0.5112353564453125,False,PUT,2026-08-21,OWL
OWL260821P00013000,13.0,1.27,1.2,1.55,5.0,25.0,0.5039112109375,False,PUT,2026-08-21,OWL
OWL260821P00014000,14.0,1.4,1.35,2.2,1.0,12.0,0.532231240234375,False,PUT,2026-08-21,OWL
OWL260821P00015000,15.0,2.2,2.15,2.7,15.0,1995.0,0.50586431640625,True,PUT,2026-08-21,OWL
OWL260821P00016000,16.0,2.2,2.3,3.8,,50.0,0.6079140771484376,True,PUT,2026-08-21,OWL
OWL260821P00017000,17.0,3.25,3.0,4.1,,520.0,0.5043994873046875,True,PUT,2026-08-21,OWL
OWL260821P00018000,18.0,3.57,3.7,4.9,1.0,8.0,0.5097705273437501,True,PUT,2026-08-21,OWL
OWL270115C00010000,10.0,5.1,4.4,5.0,2.0,343.0,0.5380905566406251,True,CALL,2027-01-15,OWL
OWL270115C00013000,13.0,2.96,2.55,2.85,21.0,3524.0,0.437505625,True,CALL,2027-01-15,OWL
OWL270115C00015000,15.0,1.9,1.7,2.2,2.0,994.0,0.4714408325195312,False,CALL,2027-01-15,OWL
OWL270115C00017000,17.0,0.9,1.0,1.4,5.0,930.0,0.43604079589843747,False,CALL,2027-01-15,OWL
OWL270115P00010000,10.0,0.9,0.85,1.0,3818.0,17062.0,0.526371923828125,False,PUT,2027-01-15,OWL
OWL270115P00013000,13.0,2.0,1.8,2.2,4.0,11809.0,0.5127001855468749,False,PUT,2027-01-15,OWL
OWL270115P00015000,15.0,3.0,2.75,3.2,1.0,5757.0,0.4770560107421875,True,PUT,2027-01-15,OWL
OWL270115P00017000,17.0,4.1,4.2,4.6,2.0,2291.0,0.47900911621093745,True,PUT,2027-01-15,OWL
OWL280121C00010000,10.0,5.25,5.0,5.3,1.0,305.0,0.43164630859375,True,CALL,2028-01-21,OWL
OWL280121C00013000,13.0,3.88,3.0,5.3,10.0,97.0,0.65039412109375,True,CALL,2028-01-21,OWL
OWL280121C00015000,15.0,3.0,1.8,4.3,10.0,1700.0,0.6030313134765627,False,CALL,2028-01-21,OWL
OWL280121C00017000,17.0,2.4,1.95,2.45,10.0,472.0,0.43848217773437503,False,CALL,2028-01-21,OWL
OWL280121P00010000,10.0,1.8,1.7,1.95,12.0,6065.0,0.532231240234375,False,PUT,2028-01-21,OWL
OWL280121P00013000,13.0,3.2,3.0,4.6,1.0,1944.0,0.5825237060546875,False,PUT,2028-01-21,OWL
OWL280121P00015000,15.0,3.92,2.6,5.9,2.0,412.0,0.6894562304687502,True,PUT,2028-01-21,OWL
OWL280121P00017000,17.0,5.5,3.8,7.4,12.0,64.0,0.6940948559570312,True,PUT,2028-01-21,OWL
OXY260130C00033000,33.0,13.06,12.65,13.05,23.0,7.0,2.7031282421875,True,CALL,2026-01-30,OXY
OXY260130C00036000,36.0,9.0,9.0,11.1,140.0,8.0,2.1015672460937496,True,CALL,2026-01-30,OXY
OXY260130C00037000,37.0,7.99,7.95,9.95,59.0,10.0,1.5703146484375,True,CALL,2026-01-30,OXY
OXY260130C00037500,37.5,8.33,7.85,8.7,28.0,3.0,2.128910927734375,True,CALL,2026-01-30,OXY
OXY260130C00038000,38.0,8.07,7.35,8.55,2.0,76.0,1.40625296875,True,CALL,2026-01-30,OXY
OXY260130C00038500,38.5,7.65,6.8,7.8,2.0,5.0,2.0820360449218747,True,CALL,2026-01-30,OXY
OXY260130C00039000,39.0,7.25,6.45,7.9,1.0,41.0,1.7695324023437498,True,CALL,2026-01-30,OXY
OXY260130C00039500,39.5,6.2,6.05,6.55,9.0,6.0,1.4296903515625,True,CALL,2026-01-30,OXY
OXY260130C00040000,40.0,6.0,5.45,6.3,13.0,299.0,1.748048134765625,True,CALL,2026-01-30,OXY
OXY260130C00040500,40.5,5.23,4.95,5.6,26.0,41.0,1.3359408203124996,True,CALL,2026-01-30,OXY
OXY260130C00041000,41.0,4.65,4.45,5.1,8.0,372.0,1.2382850585937497,True,CALL,2026-01-30,OXY
OXY260130C00041500,41.5,4.19,3.95,4.7,198.0,222.0,1.2851598242187499,True,CALL,2026-01-30,OXY
OXY260130C00042000,42.0,3.78,3.55,4.15,41.0,1304.0,1.11328568359375,True,CALL,2026-01-30,OXY
OXY260130C00042500,42.5,3.33,3.15,3.5,97.0,583.0,0.7812521875,True,CALL,2026-01-30,OXY
OXY260130C00043000,43.0,2.93,2.84,3.05,82.0,1965.0,0.5820354296875,True,CALL,2026-01-30,OXY
OXY260130C00043500,43.5,2.36,2.21,2.64,12.0,774.0,0.7832052929687501,True,CALL,2026-01-30,OXY
OXY260130C00044000,44.0,1.91,1.87,2.1,262.0,2645.0,0.63086306640625,True,CALL,2026-01-30,OXY
OXY260130C00044500,44.5,1.4,1.31,1.53,164.0,1366.0,0.445318046875,True,CALL,2026-01-30,OXY
OXY260130C00045000,45.0,0.98,0.84,1.11,1663.0,4416.0,0.414068359375,True,CALL,2026-01-30,OXY
OXY260130C00045500,45.5,0.65,0.6,0.72,514.0,9194.0,0.3711000390625,True,CALL,2026-01-30,OXY
OXY260130C00046000,46.0,0.39,0.35,0.43,2839.0,10486.0,0.35547519531249994,False,CALL,2026-01-30,OXY
OXY260130C00046500,46.5,0.23,0.21,0.25,1386.0,8211.0,0.3632876171875,False,CALL,2026-01-30,OXY
OXY260130C00047000,47.0,0.12,0.11,0.14,2037.0,3857.0,0.37695935546875,False,CALL,2026-01-30,OXY
OXY260130C00047500,47.5,0.07,0.06,0.07,774.0,416.0,0.3789124609375,False,CALL,2026-01-30,OXY
OXY260130C00048000,48.0,0.04,0.03,0.05,752.0,2743.0,0.42188078125,False,CALL,2026-01-30,OXY
OXY260130C00049000,49.0,0.03,0.0,0.03,25.0,234.0,0.507817421875,False,CALL,2026-01-30,OXY
OXY260130C00050000,50.0,0.03,0.0,0.03,62.0,427.0,0.5625043750000001,False,CALL,2026-01-30,OXY
OXY260130C00051000,51.0,0.03,0.0,0.15,55.0,200.0,0.8945323046874999,False,CALL,2026-01-30,OXY
OXY260130C00052000,52.0,0.18,0.0,0.35,3.0,43.0,1.2343788281249999,False,CALL,2026-01-30,OXY
OXY260130C00055000,55.0,0.01,0.0,0.01,12.0,38.0,0.937500625,False,CALL,2026-01-30,OXY
OXY260130P00034000,34.0,0.1,0.0,0.05,8.0,10.0,1.8281258593749998,False,PUT,2026-01-30,OXY
OXY260130P00035000,35.0,0.01,0.0,0.01,1.0,100.0,1.3750031249999999,False,PUT,2026-01-30,OXY
OXY260130P00036000,36.0,0.01,0.0,0.01,3.0,73.0,1.2500037499999999,False,PUT,2026-01-30,OXY
OXY260130P00037000,37.0,0.01,0.0,0.01,2.0,368.0,1.125004375,False,PUT,2026-01-30,OXY
OXY260130P00037500,37.5,0.01,0.0,0.01,5.0,7.0,1.0625046875000002,False,PUT,2026-01-30,OXY
OXY260130P00038000,38.0,0.01,0.0,0.25,16.0,544.0,1.625001875,False,PUT,2026-01-30,OXY
OXY260130P00038500,38.5,0.06,0.0,0.75,3.0,5.0,2.0273486816406248,False,PUT,2026-01-30,OXY
OXY260130P00039000,39.0,0.03,0.0,0.03,1.0,331.0,0.992187578125,False,PUT,2026-01-30,OXY
OXY260130P00039500,39.5,0.19,0.0,0.18,1.0,28.0,1.2578162109375,False,PUT,2026-01-30,OXY
OXY260130P00040000,40.0,0.01,0.01,0.03,27.0,1930.0,0.8906260937499999,False,PUT,2026-01-30,OXY
OXY260130P00040500,40.5,0.02,0.0,0.02,4.0,6883.0,0.7500025,False,PUT,2026-01-30,OXY
OXY260130P00041000,41.0,0.02,0.0,0.02,334.0,1436.0,0.6875031250000001,False,PUT,2026-01-30,OXY
OXY260130P00041500,41.5,0.01,0.0,0.05,1.0,327.0,0.710940390625,False,PUT,2026-01-30,OXY
OXY260130P00042000,42.0,0.02,0.01,0.03,140.0,779.0,0.6171913281250001,False,PUT,2026-01-30,OXY
OXY260130P00042500,42.5,0.02,0.01,0.03,89.0,2946.0,0.5468795312500001,False,PUT,2026-01-30,OXY
OXY260130P00043000,43.0,0.02,0.01,0.04,20.0,1084.0,0.5429733203125001,False,PUT,2026-01-30,OXY
OXY260130P00043500,43.5,0.03,0.01,0.03,205.0,1520.0,0.437505625,False,PUT,2026-01-30,OXY
OXY260130P00044000,44.0,0.05,0.02,0.05,332.0,1360.0,0.4062559375,False,PUT,2026-01-30,OXY
OXY260130P00044500,44.5,0.11,0.04,0.12,46.0,262.0,0.42188078125,False,PUT,2026-01-30,OXY
OXY260130P00045000,45.0,0.12,0.1,0.13,507.0,391.0,0.32617861328125,False,PUT,2026-01-30,OXY
OXY260130P00045500,45.5,0.28,0.22,0.27,209.0,11.0,0.3242255078124999,False,PUT,2026-01-30,OXY
OXY260130P00046000,46.0,0.45,0.44,0.49,317.0,62.0,0.31836619140624994,True,PUT,2026-01-30,OXY
OXY260130P00047000,47.0,1.15,1.07,1.49,92.0,20.0,0.59570716796875,True,PUT,2026-01-30,OXY
OXY260130P00048000,48.0,3.1,1.14,2.6,1.0,1.0,0.92187578125,True,PUT,2026-01-30,OXY
OXY260130P00050000,50.0,9.8,3.05,4.65,1.0,0.0,1.3730500097656249,True,PUT,2026-01-30,OXY
OXY260206C00035000,35.0,9.25,10.15,11.15,5.0,5.0,1.2070352148437498,True,CALL,2026-02-06,OXY
OXY260206C00037000,37.0,5.86,8.4,10.15,,1.0,1.119145029296875,True,CALL,2026-02-06,OXY
OXY260206C00037500,37.5,5.16,7.95,9.85,,4.0,1.1611370068359377,True,CALL,2026-02-06,OXY
OXY260206C00038000,38.0,4.51,7.5,9.2,,25.0,1.0703171484375003,True,CALL,2026-02-06,OXY
OXY260206C00038500,38.5,4.2,6.85,8.65,,11.0,0.9433599414062499,True,CALL,2026-02-06,OXY
OXY260206C00039000,39.0,4.11,6.55,8.15,1.0,9.0,0.96289099609375,True,CALL,2026-02-06,OXY
OXY260206C00039500,39.5,6.6,5.85,6.55,1.0,4.0,0.6757844921875001,True,CALL,2026-02-06,OXY
OXY260206C00040000,40.0,5.61,5.35,6.55,5.0,81.0,0.507817421875,True,CALL,2026-02-06,OXY
OXY260206C00040500,40.5,5.55,4.85,6.25,5.0,14.0,0.585941640625,True,CALL,2026-02-06,OXY
OXY260206C00041000,41.0,5.75,4.6,5.3,17.0,161.0,0.719729365234375,True,CALL,2026-02-06,OXY
OXY260206C00041500,41.5,4.31,4.05,4.7,190.0,1.0,0.6054726953125001,True,CALL,2026-02-06,OXY
OXY260206C00042000,42.0,3.9,3.55,4.25,15.0,405.0,0.585941640625,True,CALL,2026-02-06,OXY
OXY260206C00042500,42.5,3.39,3.1,3.75,87.0,42.0,0.53320779296875,True,CALL,2026-02-06,OXY
OXY260206C00043000,43.0,3.06,2.73,3.25,102.0,489.0,0.4804739453125,True,CALL,2026-02-06,OXY
OXY260206C00043500,43.5,2.6,2.25,2.81,4.0,49.0,0.45508357421875,True,CALL,2026-02-06,OXY
OXY260206C00044000,44.0,2.25,2.1,2.41,152.0,1307.0,0.4414118359375,True,CALL,2026-02-06,OXY
OXY260206C00044500,44.5,1.73,1.68,1.92,33.0,346.0,0.383795224609375,True,CALL,2026-02-06,OXY
OXY260206C00045000,45.0,1.45,1.42,1.57,354.0,1078.0,0.37500625,True,CALL,2026-02-06,OXY
OXY260206C00045500,45.5,1.17,1.1,1.26,120.0,362.0,0.36817038085937503,True,CALL,2026-02-06,OXY
OXY260206C00046000,46.0,0.93,0.88,1.0,1149.0,4654.0,0.366217275390625,False,CALL,2026-02-06,OXY
OXY260206C00046500,46.5,0.7,0.7,0.78,289.0,937.0,0.36524072265625,False,CALL,2026-02-06,OXY
OXY260206C00047000,47.0,0.54,0.51,0.6,723.0,2144.0,0.3657289990234375,False,CALL,2026-02-06,OXY
OXY260206C00047500,47.5,0.41,0.36,0.46,528.0,201.0,0.36914693359375,False,CALL,2026-02-06,OXY
OXY260206C00048000,48.0,0.33,0.29,0.36,691.0,953.0,0.37793590820312495,False,CALL,2026-02-06,OXY
OXY260206C00049000,49.0,0.18,0.14,0.21,608.0,127.0,0.389654541015625,False,CALL,2026-02-06,OXY
OXY260206C00050000,50.0,0.12,0.11,0.13,4944.0,1249.0,0.40918559570312496,False,CALL,2026-02-06,OXY
OXY260206C00051000,51.0,0.11,0.07,0.1,28.0,39.0,0.44922425781249997,False,CALL,2026-02-06,OXY
OXY260206C00055000,55.0,0.04,0.0,0.04,9.0,6.0,0.523442265625,False,CALL,2026-02-06,OXY
OXY260206P00034000,34.0,0.03,0.0,0.76,1.0,1.0,1.4375028125,False,PUT,2026-02-06,OXY
OXY260206P00035000,35.0,0.37,0.0,0.28,1.0,140.0,1.052739111328125,False,PUT,2026-02-06,OXY
OXY260206P00036000,36.0,0.03,0.0,0.81,1.0,19.0,1.2421912890624998,False,PUT,2026-02-06,OXY
OXY260206P00037000,37.0,0.01,0.0,0.3,14.0,1036.0,0.8867198828124999,False,PUT,2026-02-06,OXY
OXY260206P00037500,37.5,0.03,0.0,0.76,2.0,7.0,1.0625046875000002,False,PUT,2026-02-06,OXY
OXY260206P00038000,38.0,0.04,0.01,0.04,4.0,162.0,0.5742230078125,False,PUT,2026-02-06,OXY
OXY260206P00038500,38.5,0.13,0.0,0.81,,11.0,0.9775392871093751,False,PUT,2026-02-06,OXY
OXY260206P00039000,39.0,0.08,0.01,0.07,2.0,357.0,0.5468795312500001,False,PUT,2026-02-06,OXY
OXY260206P00039500,39.5,0.04,0.02,0.04,2.0,4.0,0.507817421875,False,PUT,2026-02-06,OXY
OXY260206P00040000,40.0,0.05,0.03,0.06,15.0,528.0,0.507817421875,False,PUT,2026-02-06,OXY
OXY260206P00040500,40.5,0.08,0.0,0.51,101.0,61.0,0.6660189648437502,False,PUT,2026-02-06,OXY
OXY260206P00041000,41.0,0.04,0.04,0.11,468.0,4532.0,0.49414568359375005,False,PUT,2026-02-06,OXY
OXY260206P00041500,41.5,0.08,0.06,0.11,7.0,167.0,0.45313046875,False,PUT,2026-02-06,OXY
OXY260206P00042000,42.0,0.1,0.08,0.12,18.0,1272.0,0.41992767578125,False,PUT,2026-02-06,OXY
OXY260206P00042500,42.5,0.14,0.02,0.15,20.0,185.0,0.40039662109375,False,PUT,2026-02-06,OXY
OXY260206P00043000,43.0,0.18,0.15,0.17,29.0,443.0,0.36914693359375,False,PUT,2026-02-06,OXY
OXY260206P00043500,43.5,0.25,0.21,0.23,75.0,164.0,0.358404853515625,False,PUT,2026-02-06,OXY
OXY260206P00044000,44.0,0.3,0.29,0.31,196.0,505.0,0.34766277343749996,False,PUT,2026-02-06,OXY
OXY260206P00044500,44.5,0.42,0.39,0.43,40.0,73.0,0.34278000976562495,False,PUT,2026-02-06,OXY
OXY260206P00045000,45.0,0.58,0.54,0.57,140.0,289.0,0.33350275878906255,False,PUT,2026-02-06,OXY
OXY260206P00045500,45.5,0.88,0.72,0.82,44.0,3.0,0.3505924316406249,False,PUT,2026-02-06,OXY
OXY260206P00046000,46.0,1.06,0.94,1.1,187.0,31.0,0.3627993408203125,True,PUT,2026-02-06,OXY
OXY260206P00049000,49.0,5.7,2.3,3.75,,5.0,0.5986368261718751,True,PUT,2026-02-06,OXY
OXY260213C00037000,37.0,6.96,8.4,10.25,3.0,10.0,0.86914193359375,True,CALL,2026-02-13,OXY
OXY260213C00038000,38.0,5.96,7.5,9.2,2.0,13.0,0.8027363476562499,True,CALL,2026-02-13,OXY
OXY260213C00039000,39.0,5.15,6.6,8.25,8.0,13.0,0.7597680273437502,True,CALL,2026-02-13,OXY
OXY260213C00040000,40.0,5.8,5.85,6.15,7.0,31.0,0.5380905566406251,True,CALL,2026-02-13,OXY
OXY260213C00041000,41.0,6.05,4.65,6.2,1.0,26.0,0.5937540625000001,True,CALL,2026-02-13,OXY
OXY260213C00042000,42.0,5.16,3.7,4.5,4.0,147.0,0.5385788330078126,True,CALL,2026-02-13,OXY
OXY260213C00043000,43.0,3.23,3.0,3.45,25.0,930.0,0.4335994140625,True,CALL,2026-02-13,OXY
OXY260213C00044000,44.0,2.52,2.52,2.57,133.0,689.0,0.3813538427734374,True,CALL,2026-02-13,OXY
OXY260213C00045000,45.0,1.82,1.78,1.88,250.0,747.0,0.366217275390625,True,CALL,2026-02-13,OXY
OXY260213C00046000,46.0,1.28,1.25,1.33,137.0,926.0,0.36084623535156246,False,CALL,2026-02-13,OXY
OXY260213C00047000,47.0,0.9,0.83,0.91,123.0,755.0,0.35986968261718744,False,CALL,2026-02-13,OXY
OXY260213C00048000,48.0,0.55,0.54,0.58,265.0,432.0,0.3540103662109374,False,CALL,2026-02-13,OXY
OXY260213C00049000,49.0,0.4,0.33,0.4,179.0,312.0,0.3676821044921875,False,CALL,2026-02-13,OXY
OXY260213C00050000,50.0,0.24,0.2,0.29,451.0,124.0,0.387701435546875,False,CALL,2026-02-13,OXY
OXY260213C00051000,51.0,0.17,0.06,0.19,105.0,112.0,0.39453730468750003,False,CALL,2026-02-13,OXY
OXY260213C00055000,55.0,0.01,0.0,0.39,1.0,1.0,0.5898478515625001,False,CALL,2026-02-13,OXY
OXY260213P00035000,35.0,0.01,0.0,0.57,1.0,54.0,0.9257819921875,False,PUT,2026-02-13,OXY
OXY260213P00036000,36.0,0.06,0.0,0.81,2.0,17.0,0.93164130859375,False,PUT,2026-02-13,OXY
OXY260213P00037000,37.0,0.18,0.0,0.17,1.0,144.0,0.5918009570312501,False,PUT,2026-02-13,OXY
OXY260213P00038000,38.0,0.07,0.03,0.12,4.0,243.0,0.51758294921875,False,PUT,2026-02-13,OXY
OXY260213P00039000,39.0,0.08,0.05,0.09,10.0,192.0,0.47461462890625,False,PUT,2026-02-13,OXY
OXY260213P00040000,40.0,0.11,0.07,0.13,3.0,403.0,0.44922425781249997,False,PUT,2026-02-13,OXY
OXY260213P00041000,41.0,0.14,0.12,0.17,116.0,224.0,0.41309180664062495,False,PUT,2026-02-13,OXY
OXY260213P00042000,42.0,0.21,0.2,0.21,41.0,271.0,0.36817038085937503,False,PUT,2026-02-13,OXY
OXY260213P00043000,43.0,0.35,0.3,0.33,8.0,277.0,0.348639326171875,False,PUT,2026-02-13,OXY
OXY260213P00044000,44.0,0.52,0.5,0.53,22.0,136.0,0.33447931152343746,False,PUT,2026-02-13,OXY
OXY260213P00045000,45.0,0.83,0.81,0.84,27.0,182.0,0.32520206054687495,False,PUT,2026-02-13,OXY
OXY260213P00046000,46.0,1.33,1.26,1.31,63.0,4.0,0.327155166015625,True,PUT,2026-02-13,OXY
OXY260213P00049000,49.0,4.97,2.45,3.85,1.0,1.0,0.4809622216796875,True,PUT,2026-02-13,OXY
OXY260213P00055000,55.0,13.79,7.35,11.0,,0.0,1.2485389135742184,True,PUT,2026-02-13,OXY
OXY260220C00032500,32.5,9.6,13.0,14.9,8.0,41.0,1.11328568359375,True,CALL,2026-02-20,OXY
OXY260220C00035000,35.0,9.96,10.55,12.35,24.0,217.0,0.9267585449218749,True,CALL,2026-02-20,OXY
OXY260220C00037000,37.0,9.6,8.55,9.4,1.0,2.0,0.7607445800781252,True,CALL,2026-02-20,OXY
OXY260220C00037500,37.5,8.2,8.1,8.8,8.0,203.0,0.6796907031250001,True,CALL,2026-02-20,OXY
OXY260220C00040000,40.0,6.13,6.05,6.35,65.0,2453.0,0.5356491748046875,True,CALL,2026-02-20,OXY
OXY260220C00041000,41.0,4.45,4.65,5.5,1.0,10.0,0.5210008837890624,True,CALL,2026-02-20,OXY
OXY260220C00041500,41.5,2.47,4.45,5.05,,19.0,0.5009815527343751,True,CALL,2026-02-20,OXY
OXY260220C00042000,42.0,4.3,4.05,4.55,10.0,85.0,0.4643608251953125,True,CALL,2026-02-20,OXY
OXY260220C00042500,42.5,3.93,3.85,4.05,276.0,4925.0,0.42774009765625004,True,CALL,2026-02-20,OXY
OXY260220C00043000,43.0,3.45,3.15,3.75,122.0,508.0,0.44482977050781247,True,CALL,2026-02-20,OXY
OXY260220C00043500,43.5,3.14,3.0,3.3,7.0,343.0,0.41748629394531245,True,CALL,2026-02-20,OXY
OXY260220C00044000,44.0,2.7,2.7,2.99,40.0,395.0,0.42188078125,True,CALL,2026-02-20,OXY
OXY260220C00044500,44.5,2.58,2.38,2.64,22.0,276.0,0.4116269775390625,True,CALL,2026-02-20,OXY
OXY260220C00045000,45.0,2.22,2.12,2.27,1204.0,12092.0,0.393560751953125,True,CALL,2026-02-20,OXY
OXY260220C00045500,45.5,1.81,1.81,1.97,120.0,328.0,0.38672488281249995,True,CALL,2026-02-20,OXY
OXY260220C00046000,46.0,1.75,1.57,1.82,592.0,490.0,0.40772076660156253,False,CALL,2026-02-20,OXY
OXY260220C00046500,46.5,1.44,1.34,1.5,132.0,256.0,0.38672488281249995,False,CALL,2026-02-20,OXY
OXY260220C00047000,47.0,1.21,1.04,1.28,260.0,283.0,0.38281867187499996,False,CALL,2026-02-20,OXY
OXY260220C00047500,47.5,1.06,1.01,1.07,2692.0,12705.0,0.3764710791015625,False,CALL,2026-02-20,OXY
OXY260220C00048000,48.0,0.87,0.8,0.96,237.0,506.0,0.3881897119140625,False,CALL,2026-02-20,OXY
OXY260220C00049000,49.0,0.64,0.56,0.7,28.0,911.0,0.39063109375,False,CALL,2026-02-20,OXY
OXY260220C00050000,50.0,0.47,0.43,0.51,3084.0,7182.0,0.39551385742187506,False,CALL,2026-02-20,OXY
OXY260220C00051000,51.0,0.31,0.24,0.41,30.0,8.0,0.415044912109375,False,CALL,2026-02-20,OXY
OXY260220C00052000,52.0,0.25,0.23,0.28,267.0,7.0,0.41309180664062495,False,CALL,2026-02-20,OXY
OXY260220C00052500,52.5,0.22,0.21,0.24,220.0,1616.0,0.4165097412109374,False,CALL,2026-02-20,OXY
OXY260220C00055000,55.0,0.12,0.1,0.12,347.0,3153.0,0.4414118359375,False,CALL,2026-02-20,OXY
OXY260220C00057500,57.5,0.1,0.0,0.12,3.0,87.0,0.52539537109375,False,CALL,2026-02-20,OXY
OXY260220P00032500,32.5,0.04,0.0,0.05,2.0,1082.0,0.6093789062500001,False,PUT,2026-02-20,OXY
OXY260220P00035000,35.0,0.05,0.03,0.05,211.0,2545.0,0.5273484765625001,False,PUT,2026-02-20,OXY
OXY260220P00036000,36.0,0.08,0.0,0.21,2.0,9.0,0.56836369140625,False,PUT,2026-02-20,OXY
OXY260220P00037000,37.0,0.08,0.0,0.11,1.0,2.0,0.5195360546875,False,PUT,2026-02-20,OXY
OXY260220P00037500,37.5,0.09,0.07,0.1,11.0,6816.0,0.48242705078125003,False,PUT,2026-02-20,OXY
OXY260220P00038000,38.0,0.07,0.0,0.24,3.0,47.0,0.5576216113281252,False,PUT,2026-02-20,OXY
OXY260220P00038500,38.5,0.12,0.1,0.14,2.0,22.0,0.46289599609375004,False,PUT,2026-02-20,OXY
OXY260220P00039000,39.0,0.1,0.05,0.26,1.0,335.0,0.508793974609375,False,PUT,2026-02-20,OXY
OXY260220P00039500,39.5,0.24,0.01,0.28,1.0,7.0,0.4892629199218751,False,PUT,2026-02-20,OXY
OXY260220P00040000,40.0,0.18,0.16,0.2,60.0,9859.0,0.41797457031249996,False,PUT,2026-02-20,OXY
OXY260220P00040500,40.5,0.2,0.02,0.26,13.0,378.0,0.418951123046875,False,PUT,2026-02-20,OXY
OXY260220P00041000,41.0,0.21,0.2,0.33,109.0,756.0,0.418951123046875,False,PUT,2026-02-20,OXY
OXY260220P00041500,41.5,0.31,0.29,0.41,1.0,32.0,0.41699801757812494,False,PUT,2026-02-20,OXY
OXY260220P00042000,42.0,0.54,0.25,0.47,75.0,198.0,0.40430283203125,False,PUT,2026-02-20,OXY
OXY260220P00042500,42.5,0.5,0.44,0.53,67.0,8215.0,0.38867798828125,False,PUT,2026-02-20,OXY
OXY260220P00043000,43.0,0.48,0.53,0.69,5.0,461.0,0.398443515625,False,PUT,2026-02-20,OXY
OXY260220P00043500,43.5,0.74,0.65,0.79,234.0,585.0,0.38623660644531244,False,PUT,2026-02-20,OXY
OXY260220P00044000,44.0,0.82,0.78,0.94,83.0,573.0,0.38281867187499996,False,PUT,2026-02-20,OXY
OXY260220P00044500,44.5,1.03,0.94,1.15,3.0,47.0,0.38867798828125,False,PUT,2026-02-20,OXY
OXY260220P00045000,45.0,1.23,1.13,1.3,298.0,1796.0,0.3754945263671875,False,PUT,2026-02-20,OXY
OXY260220P00046000,46.0,1.64,1.57,1.8,77.0,8.0,0.3794007373046875,True,PUT,2026-02-20,OXY
OXY260220P00047500,47.5,2.71,2.46,2.77,2.0,244.0,0.3969786865234375,True,PUT,2026-02-20,OXY
OXY260220P00048000,48.0,3.06,2.77,3.1,21.0,1.0,0.39551385742187506,True,PUT,2026-02-20,OXY
OXY260220P00050000,50.0,6.25,3.55,5.0,30.0,258.0,0.5019581054687501,True,PUT,2026-02-20,OXY
OXY260220P00052500,52.5,11.05,0.0,0.0,27.0,0.0,1.0000000000000003e-05,True,PUT,2026-02-20,OXY
OXY260220P00055000,55.0,13.49,7.95,9.6,2.0,4.0,0.6269568554687501,True,PUT,2026-02-20,OXY
OXY260227C00040000,40.0,5.52,5.4,7.45,1.0,16.0,0.7763694238281251,True,CALL,2026-02-27,OXY
OXY260227C00041000,41.0,5.0,4.85,5.6,1.0,37.0,0.4848684326171875,True,CALL,2026-02-27,OXY
OXY260227C00042000,42.0,4.35,4.25,4.65,9.0,48.0,0.4331111376953125,True,CALL,2026-02-27,OXY
OXY260227C00043000,43.0,3.75,3.55,3.85,12.0,452.0,0.41260353027343744,True,CALL,2026-02-27,OXY
OXY260227C00044000,44.0,2.92,2.87,3.1,18.0,325.0,0.39234006103515623,True,CALL,2026-02-27,OXY
OXY260227C00045000,45.0,2.39,2.38,2.47,1004.0,1068.0,0.383795224609375,True,CALL,2026-02-27,OXY
OXY260227C00046000,46.0,1.87,1.85,1.92,151.0,495.0,0.375982802734375,False,CALL,2026-02-27,OXY
OXY260227C00047000,47.0,1.4,1.41,1.48,164.0,368.0,0.37402969726562496,False,CALL,2026-02-27,OXY
OXY260227C00048000,48.0,1.03,1.05,1.13,70.0,991.0,0.37500625,False,CALL,2026-02-27,OXY
OXY260227C00049000,49.0,0.86,0.77,0.85,63.0,58.0,0.375982802734375,False,CALL,2026-02-27,OXY
OXY260227C00050000,50.0,0.6,0.56,0.64,54.0,264.0,0.379889013671875,False,CALL,2026-02-27,OXY
OXY260227C00051000,51.0,0.45,0.42,0.48,5.0,42.0,0.3842835009765625,False,CALL,2026-02-27,OXY
OXY260227C00052000,52.0,0.35,0.29,0.38,48.0,10.0,0.39649041015625003,False,CALL,2026-02-27,OXY
OXY260227C00053000,53.0,0.11,0.04,0.32,,1.0,0.414068359375,False,CALL,2026-02-27,OXY
OXY260227C00055000,55.0,0.15,0.15,0.19,4.0,2.0,0.42774009765625004,False,CALL,2026-02-27,OXY
OXY260227P00036000,36.0,0.27,0.0,0.82,2.0,77.0,0.6826203613281252,False,PUT,2026-02-27,OXY
OXY260227P00037000,37.0,0.16,0.0,0.23,2.0,56.0,0.5351608984375,False,PUT,2026-02-27,OXY
OXY260227P00038000,38.0,0.18,0.07,0.24,3.0,98.0,0.48828636718750007,False,PUT,2026-02-27,OXY
OXY260227P00039000,39.0,0.17,0.14,0.31,11.0,131.0,0.467778759765625,False,PUT,2026-02-27,OXY
OXY260227P00040000,40.0,0.33,0.21,0.37,1.0,162.0,0.436529072265625,False,PUT,2026-02-27,OXY
OXY260227P00041000,41.0,0.5,0.32,0.5,76.0,188.0,0.422857333984375,False,PUT,2026-02-27,OXY
OXY260227P00042000,42.0,0.49,0.47,0.51,24.0,245.0,0.3657289990234375,False,PUT,2026-02-27,OXY
OXY260227P00043000,43.0,0.75,0.67,0.72,5.0,67.0,0.35645174804687496,False,PUT,2026-02-27,OXY
OXY260227P00044000,44.0,0.98,0.94,1.0,9.0,21.0,0.3481510498046875,False,PUT,2026-02-27,OXY
OXY260227P00045000,45.0,1.43,1.31,1.37,14.0,146.0,0.3425358715820312,False,PUT,2026-02-27,OXY
OXY260227P00046000,46.0,1.87,1.77,1.84,29.0,26.0,0.3398503515625,True,PUT,2026-02-27,OXY
OXY260306C00039000,39.0,5.36,6.1,7.75,5.0,10.0,0.5937540625000001,True,CALL,2026-03-06,OXY
OXY260306C00041000,41.0,4.75,5.05,5.75,10.0,11.0,0.4731497998046875,True,CALL,2026-03-06,OXY
OXY260306C00042000,42.0,3.0,3.65,5.7,1.0,91.0,0.6118202880859377,True,CALL,2026-03-06,OXY
OXY260306C00043000,43.0,3.85,3.7,4.0,2.0,26.0,0.40210558837890625,True,CALL,2026-03-06,OXY
OXY260306C00044000,44.0,3.15,3.0,3.3,5.0,41.0,0.39063109375,True,CALL,2026-03-06,OXY
OXY260306C00045000,45.0,2.62,2.4,2.67,47.0,150.0,0.38086556640624997,True,CALL,2026-03-06,OXY
OXY260306C00046000,46.0,1.99,1.95,2.14,38.0,89.0,0.37622694091796877,False,CALL,2026-03-06,OXY
OXY260306C00047000,47.0,1.57,1.39,1.71,97.0,11.0,0.3767152172851562,False,CALL,2026-03-06,OXY
OXY260306C00048000,48.0,1.35,1.05,1.35,38.0,19.0,0.37744763183593744,False,CALL,2026-03-06,OXY
OXY260306C00050000,50.0,0.75,0.58,0.79,28.0,54.0,0.3745179736328125,False,CALL,2026-03-06,OXY
OXY260306P00036000,36.0,0.18,0.0,0.75,,1.0,0.5996133789062501,False,PUT,2026-03-06,OXY
OXY260306P00037000,37.0,0.35,0.01,0.38,3.0,43.0,0.5498091894531252,False,PUT,2026-03-06,OXY
OXY260306P00042000,42.0,0.6,0.53,0.73,17.0,29.0,0.38281867187499996,False,PUT,2026-03-06,OXY
OXY260320C00032500,32.5,9.0,12.7,14.8,1.0,67.0,0.6650424121093752,True,CALL,2026-03-20,OXY
OXY260320C00035000,35.0,11.2,10.8,11.45,10.0,4047.0,0.622074091796875,True,CALL,2026-03-20,OXY
OXY260320C00037500,37.5,8.57,8.3,8.95,26.0,1080.0,0.5024463818359376,True,CALL,2026-03-20,OXY
OXY260320C00040000,40.0,6.44,6.4,6.55,41.0,3109.0,0.40918559570312496,True,CALL,2026-03-20,OXY
OXY260320C00042500,42.5,4.3,4.35,4.6,139.0,6610.0,0.3881897119140625,True,CALL,2026-03-20,OXY
OXY260320C00045000,45.0,2.72,2.75,2.88,1065.0,19646.0,0.3557193334960937,True,CALL,2026-03-20,OXY
OXY260320C00047500,47.5,1.63,1.62,1.71,789.0,5857.0,0.3493717407226562,False,CALL,2026-03-20,OXY
OXY260320C00050000,50.0,0.97,0.91,0.98,6639.0,28149.0,0.35278967529296873,False,CALL,2026-03-20,OXY
OXY260320C00052500,52.5,0.56,0.53,0.56,309.0,3296.0,0.362311064453125,False,CALL,2026-03-20,OXY
OXY260320C00055000,55.0,0.34,0.31,0.36,208.0,3993.0,0.3852600537109374,False,CALL,2026-03-20,OXY
OXY260320C00057500,57.5,0.24,0.19,0.23,1671.0,2491.0,0.40381455566406255,False,CALL,2026-03-20,OXY
OXY260320P00032500,32.5,0.07,0.05,0.09,2.0,4431.0,0.49805189453125004,False,PUT,2026-03-20,OXY
OXY260320P00035000,35.0,0.13,0.13,0.14,7.0,5926.0,0.442388388671875,False,PUT,2026-03-20,OXY
OXY260320P00037500,37.5,0.24,0.24,0.25,56.0,4736.0,0.398443515625,False,PUT,2026-03-20,OXY
OXY260320P00040000,40.0,0.5,0.46,0.49,183.0,10303.0,0.3676821044921875,False,PUT,2026-03-20,OXY
OXY260320P00042500,42.5,0.95,0.93,0.96,253.0,4286.0,0.3437565625,False,PUT,2026-03-20,OXY
OXY260320P00045000,45.0,1.84,1.81,1.87,99.0,3448.0,0.33789724609375,False,PUT,2026-03-20,OXY
OXY260320P00047500,47.5,3.16,3.15,3.3,52.0,2114.0,0.3464420825195312,True,PUT,2026-03-20,OXY
OXY260320P00050000,50.0,4.95,4.55,5.4,15.0,543.0,0.405279384765625,True,PUT,2026-03-20,OXY
OXY260320P00052500,52.5,13.04,6.1,7.55,9.0,0.0,0.44043528320312497,True,PUT,2026-03-20,OXY
OXY260320P00055000,55.0,13.74,8.35,9.85,1.0,4.0,0.4809622216796875,True,PUT,2026-03-20,OXY
OXY260320P00057500,57.5,12.28,0.0,0.0,18.0,0.0,1.0000000000000003e-05,True,PUT,2026-03-20,OXY
OXY260417C00032500,32.5,12.41,13.2,14.75,1.0,5.0,0.6079140771484376,True,CALL,2026-04-17,OXY
OXY260417C00035000,35.0,11.39,10.8,11.45,2.0,141.0,0.500005,True,CALL,2026-04-17,OXY
OXY260417C00037500,37.5,9.26,8.55,9.25,2.0,76.0,0.46802289794921875,True,CALL,2026-04-17,OXY
OXY260417C00040000,40.0,7.15,6.3,6.95,4.0,1027.0,0.3991759301757813,True,CALL,2026-04-17,OXY
OXY260417C00042500,42.5,4.9,4.75,4.95,32.0,5602.0,0.3601138208007812,True,CALL,2026-04-17,OXY
OXY260417C00045000,45.0,3.31,3.3,3.35,166.0,4484.0,0.34204759521484374,True,CALL,2026-04-17,OXY
OXY260417C00047500,47.5,2.18,2.14,2.19,840.0,3888.0,0.33789724609375,False,CALL,2026-04-17,OXY
OXY260417C00050000,50.0,1.39,1.35,1.39,511.0,7227.0,0.3386296606445312,False,CALL,2026-04-17,OXY
OXY260417C00052500,52.5,0.87,0.83,0.89,273.0,603.0,0.3461979443359374,False,CALL,2026-04-17,OXY
OXY260417C00055000,55.0,0.53,0.5,0.58,164.0,2468.0,0.35645174804687496,False,CALL,2026-04-17,OXY
OXY260417C00057500,57.5,0.33,0.31,0.38,41.0,197.0,0.3667055517578125,False,CALL,2026-04-17,OXY
OXY260417P00032500,32.5,0.12,0.08,0.14,1.0,599.0,0.43457596679687505,False,PUT,2026-04-17,OXY
OXY260417P00035000,35.0,0.2,0.19,0.24,211.0,11336.0,0.39942006835937505,False,PUT,2026-04-17,OXY
OXY260417P00037500,37.5,0.4,0.38,0.39,21.0,1443.0,0.36133451171875,False,PUT,2026-04-17,OXY
OXY260417P00040000,40.0,0.74,0.7,0.72,42.0,15038.0,0.34009448974609374,False,PUT,2026-04-17,OXY
OXY260417P00042500,42.5,1.32,1.28,1.31,102.0,2677.0,0.3259344750976562,False,PUT,2026-04-17,OXY
OXY260417P00045000,45.0,2.24,2.18,2.24,107.0,4374.0,0.31592480957031244,False,PUT,2026-04-17,OXY
OXY260417P00047500,47.5,3.55,3.5,3.65,18.0,986.0,0.3200751586914062,True,PUT,2026-04-17,OXY
OXY260417P00050000,50.0,5.35,5.15,5.65,2.0,149.0,0.35816071533203125,True,PUT,2026-04-17,OXY
OXY260417P00052500,52.5,9.87,6.4,7.7,1.0,7.0,0.3764710791015625,True,PUT,2026-04-17,OXY
OXY260417P00055000,55.0,11.3,8.6,9.95,1.0,1.0,0.40405869384765625,True,PUT,2026-04-17,OXY
OXY260417P00057500,57.5,16.39,0.0,0.0,,0.0,1.0000000000000003e-05,True,PUT,2026-04-17,OXY
OXY260515C00032500,32.5,13.9,10.2,11.7,,1.0,1.0000000000000003e-05,True,CALL,2026-05-15,OXY
OXY260515C00035000,35.0,12.6,11.25,11.6,1.0,77.0,0.4624077197265626,True,CALL,2026-05-15,OXY
OXY260515C00037500,37.5,7.8,8.8,10.3,13.0,100.0,0.5625043750000001,True,CALL,2026-05-15,OXY
OXY260515C00040000,40.0,7.3,7.0,7.35,4.0,763.0,0.3979552392578125,True,CALL,2026-05-15,OXY
OXY260515C00042500,42.5,5.42,5.05,5.6,42.0,2288.0,0.38403936279296874,True,CALL,2026-05-15,OXY
OXY260515C00045000,45.0,3.88,3.85,3.95,187.0,3047.0,0.3557193334960937,True,CALL,2026-05-15,OXY
OXY260515C00047500,47.5,2.65,2.7,2.77,132.0,1364.0,0.3491276025390625,False,CALL,2026-05-15,OXY
OXY260515C00050000,50.0,1.87,1.85,1.89,273.0,2139.0,0.3459538061523437,False,CALL,2026-05-15,OXY
OXY260515C00052500,52.5,1.26,1.24,1.3,13.0,991.0,0.34961587890624996,False,CALL,2026-05-15,OXY
OXY260515C00055000,55.0,0.85,0.83,0.89,12.0,3240.0,0.35425450439453116,False,CALL,2026-05-15,OXY
OXY260515C00057500,57.5,0.69,0.46,0.66,40.0,167.0,0.36865865722656255,False,CALL,2026-05-15,OXY
OXY260515P00032500,32.5,0.19,0.17,0.2,1.0,229.0,0.401373173828125,False,PUT,2026-05-15,OXY
OXY260515P00035000,35.0,0.45,0.27,0.37,1.0,764.0,0.38233039550781245,False,PUT,2026-05-15,OXY
OXY260515P00037500,37.5,0.58,0.55,0.62,3.0,1784.0,0.35864899169921877,False,PUT,2026-05-15,OXY
OXY260515P00040000,40.0,1.0,0.97,1.01,43.0,2886.0,0.335944140625,False,PUT,2026-05-15,OXY
OXY260515P00042500,42.5,1.69,1.64,1.69,198.0,1003.0,0.32471378417968744,False,PUT,2026-05-15,OXY
OXY260515P00045000,45.0,2.69,2.63,2.68,33.0,751.0,0.3166572241210937,False,PUT,2026-05-15,OXY
OXY260515P00047500,47.5,4.0,3.95,4.1,300.0,347.0,0.32080757324218745,True,PUT,2026-05-15,OXY
OXY260515P00050000,50.0,7.22,5.3,6.0,3.0,33.0,0.3460758752441406,True,PUT,2026-05-15,OXY
OXY260515P00052500,52.5,7.7,7.45,7.85,2.0,103.0,0.3425358715820312,True,PUT,2026-05-15,OXY
OXY260515P00055000,55.0,14.09,8.8,10.15,1.0,3.0,0.37573866455078125,True,PUT,2026-05-15,OXY
OXY260618C00032500,32.5,13.0,13.45,15.05,1.0,267.0,0.5112353564453125,True,CALL,2026-06-18,OXY
OXY260618C00035000,35.0,10.75,11.25,12.8,4.0,708.0,0.584965087890625,True,CALL,2026-06-18,OXY
OXY260618C00037500,37.5,9.53,9.35,9.6,60.0,3076.0,0.40015248291015626,True,CALL,2026-06-18,OXY
OXY260618C00040000,40.0,7.49,7.05,7.7,102.0,1547.0,0.3864807446289062,True,CALL,2026-06-18,OXY
OXY260618C00042500,42.5,5.58,5.45,5.95,255.0,2813.0,0.36865865722656255,True,CALL,2026-06-18,OXY
OXY260618C00045000,45.0,4.35,4.2,4.4,424.0,6307.0,0.3501041552734374,True,CALL,2026-06-18,OXY
OXY260618C00047500,47.5,3.1,2.99,3.25,1198.0,2714.0,0.3464420825195312,False,CALL,2026-06-18,OXY
OXY260618C00050000,50.0,2.2,2.16,2.32,593.0,6345.0,0.3413151806640625,False,CALL,2026-06-18,OXY
OXY260618C00052500,52.5,1.64,1.49,1.66,350.0,1356.0,0.34180345703125,False,CALL,2026-06-18,OXY
OXY260618C00055000,55.0,1.12,1.01,1.22,394.0,3295.0,0.3481510498046875,False,CALL,2026-06-18,OXY
OXY260618C00057500,57.5,0.92,0.75,0.89,1.0,1081.0,0.35352208984374994,False,CALL,2026-06-18,OXY
OXY260618P00032500,32.5,0.29,0.21,0.42,3.0,3556.0,0.41602146484374997,False,PUT,2026-06-18,OXY
OXY260618P00035000,35.0,0.5,0.45,0.55,11.0,10330.0,0.37256486816406253,False,PUT,2026-06-18,OXY
OXY260618P00037500,37.5,0.7,0.75,0.89,3.0,6126.0,0.3549869189453124,False,PUT,2026-06-18,OXY
OXY260618P00040000,40.0,1.37,1.27,1.38,34.0,10438.0,0.33740896972656254,False,PUT,2026-06-18,OXY
OXY260618P00042500,42.5,2.1,2.0,2.14,53.0,7363.0,0.3276434423828125,False,PUT,2026-06-18,OXY
OXY260618P00045000,45.0,3.16,2.97,3.1,212.0,3663.0,0.3136054968261719,False,PUT,2026-06-18,OXY
OXY260618P00047500,47.5,4.55,4.3,4.55,3.0,1468.0,0.3193427441406249,True,PUT,2026-06-18,OXY
OXY260618P00050000,50.0,6.0,5.85,6.2,30.0,727.0,0.32019722778320303,True,PUT,2026-06-18,OXY
OXY260618P00052500,52.5,8.0,7.75,8.15,2.0,253.0,0.3298406860351562,True,PUT,2026-06-18,OXY
OXY260618P00055000,55.0,10.7,9.0,10.5,10.0,401.0,0.36743796630859377,True,PUT,2026-06-18,OXY
OXY260618P00057500,57.5,17.05,11.1,12.7,3.0,0.0,0.3794007373046875,True,PUT,2026-06-18,OXY
OXY260821C00035000,35.0,12.1,11.7,12.5,1.0,184.0,0.4506890869140625,True,CALL,2026-08-21,OXY
OXY260821C00037500,37.5,9.3,9.65,10.3,20.0,26.0,0.4062559375,True,CALL,2026-08-21,OXY
OXY260821C00040000,40.0,8.39,8.05,8.6,16.0,262.0,0.40112903564453123,True,CALL,2026-08-21,OXY
OXY260821C00042500,42.5,5.8,6.35,6.75,32.0,79.0,0.36963520996093746,True,CALL,2026-08-21,OXY
OXY260821C00045000,45.0,5.1,5.0,5.25,253.0,1606.0,0.3536441589355468,True,CALL,2026-08-21,OXY
OXY260821C00047500,47.5,3.95,3.7,4.2,40.0,1610.0,0.35657381713867187,False,CALL,2026-08-21,OXY
OXY260821C00050000,50.0,3.0,2.84,3.15,108.0,251.0,0.34534346069335936,False,CALL,2026-08-21,OXY
OXY260821C00052500,52.5,2.5,2.13,2.43,2.0,95.0,0.34570966796874997,False,CALL,2026-08-21,OXY
OXY260821C00055000,55.0,2.0,1.63,1.92,11.0,223.0,0.3513248461914062,False,CALL,2026-08-21,OXY
OXY260821P00032500,32.5,0.49,0.49,0.64,1.0,281.0,0.3874572973632812,False,PUT,2026-08-21,OXY
OXY260821P00035000,35.0,1.0,0.75,1.03,3.0,216.0,0.37915659912109373,False,PUT,2026-08-21,OXY
OXY260821P00037500,37.5,1.25,1.13,1.34,1.0,479.0,0.3464420825195312,False,PUT,2026-08-21,OXY
OXY260821P00040000,40.0,1.7,1.78,1.98,2.0,177.0,0.33618827880859375,False,PUT,2026-08-21,OXY
OXY260821P00042500,42.5,2.45,2.49,2.91,452.0,256.0,0.33399103515625,False,PUT,2026-08-21,OXY
OXY260821P00045000,45.0,3.8,3.6,3.9,4.0,20.0,0.31958688232421867,False,PUT,2026-08-21,OXY
OXY260821P00047500,47.5,5.8,4.8,5.35,1.0,9.0,0.3232489550781249,True,PUT,2026-08-21,OXY
OXY260821P00050000,50.0,6.22,6.35,6.95,40.0,1.0,0.3225165405273437,True,PUT,2026-08-21,OXY
OXY260821P00055000,55.0,15.4,10.0,10.85,,3.0,0.3360662097167969,True,PUT,2026-08-21,OXY
OXY260918C00032500,32.5,12.55,13.95,15.5,90.0,65.0,0.5549360913085939,True,CALL,2026-09-18,OXY
OXY260918C00035000,35.0,12.1,11.85,12.8,13.0,133.0,0.4549615051269531,True,CALL,2026-09-18,OXY
OXY260918C00037500,37.5,8.6,9.85,11.25,7.0,158.0,0.4682670361328125,True,CALL,2026-09-18,OXY
OXY260918C00040000,40.0,8.76,8.25,8.65,87.0,1624.0,0.3803772900390625,True,CALL,2026-09-18,OXY
OXY260918C00042500,42.5,6.85,6.6,7.05,83.0,2461.0,0.36914693359375,True,CALL,2026-09-18,OXY
OXY260918C00045000,45.0,5.42,5.2,5.65,13.0,1690.0,0.35962554443359374,True,CALL,2026-09-18,OXY
OXY260918C00047500,47.5,4.25,4.15,4.35,78.0,1751.0,0.344733115234375,False,CALL,2026-09-18,OXY
OXY260918C00050000,50.0,3.34,3.1,3.55,158.0,6245.0,0.3518131225585937,False,CALL,2026-09-18,OXY
OXY260918C00052500,52.5,2.6,2.38,2.77,203.0,915.0,0.3491276025390625,False,CALL,2026-09-18,OXY
OXY260918C00055000,55.0,2.03,1.91,2.07,202.0,1545.0,0.3413151806640625,False,CALL,2026-09-18,OXY
OXY260918C00057500,57.5,1.48,1.45,1.65,47.0,401.0,0.3459538061523437,False,CALL,2026-09-18,OXY
OXY260918P00032500,32.5,0.62,0.58,0.72,2.0,1117.0,0.3764710791015625,False,PUT,2026-09-18,OXY
OXY260918P00035000,35.0,1.01,0.88,1.12,10.0,4079.0,0.3667055517578125,False,PUT,2026-09-18,OXY
OXY260918P00037500,37.5,1.38,1.31,1.53,22.0,2820.0,0.3442448388671875,False,PUT,2026-09-18,OXY
OXY260918P00040000,40.0,1.91,1.9,2.31,26.0,10339.0,0.34326828613281246,False,PUT,2026-09-18,OXY
OXY260918P00042500,42.5,3.0,2.69,3.05,1.0,7536.0,0.3237372314453124,False,PUT,2026-09-18,OXY
OXY260918P00045000,45.0,4.05,3.85,4.2,2.0,1560.0,0.32068550415039054,False,PUT,2026-09-18,OXY
OXY260918P00047500,47.5,5.35,5.1,5.5,2.0,357.0,0.313483427734375,True,PUT,2026-09-18,OXY
OXY260918P00050000,50.0,8.38,6.55,7.2,3.0,443.0,0.31995308959960933,True,PUT,2026-09-18,OXY
OXY260918P00052500,52.5,13.13,8.35,9.0,4.0,134.0,0.3215399877929687,True,PUT,2026-09-18,OXY
OXY260918P00055000,55.0,14.3,10.3,11.0,22.0,346.0,0.32739930419921875,True,PUT,2026-09-18,OXY
OXY260918P00057500,57.5,16.4,11.45,13.15,3.0,36.0,0.33667655517578127,True,PUT,2026-09-18,OXY
OXY261218C00032500,32.5,13.54,13.9,15.95,1.0,67.0,0.5127001855468749,True,CALL,2026-12-18,OXY
OXY261218C00035000,35.0,11.65,12.3,13.25,2.0,286.0,0.4249325085449219,True,CALL,2026-12-18,OXY
OXY261218C00037500,37.5,11.3,10.35,11.4,11.0,239.0,0.40833111206054684,True,CALL,2026-12-18,OXY
OXY261218C00040000,40.0,9.25,9.25,9.5,328.0,1060.0,0.38086556640624997,True,CALL,2026-12-18,OXY
OXY261218C00042500,42.5,7.71,7.3,8.25,5.0,507.0,0.3883117810058594,True,CALL,2026-12-18,OXY
OXY261218C00045000,45.0,6.51,6.15,6.6,61.0,1466.0,0.36133451171875,True,CALL,2026-12-18,OXY
OXY261218C00047500,47.5,5.15,4.85,5.45,18.0,1996.0,0.35608554077148435,False,CALL,2026-12-18,OXY
OXY261218C00050000,50.0,4.3,4.15,4.4,57.0,5786.0,0.34802898071289057,False,CALL,2026-12-18,OXY
OXY261218C00052500,52.5,2.75,3.25,3.75,5.0,1312.0,0.3552310571289062,False,CALL,2026-12-18,OXY
OXY261218C00055000,55.0,2.81,2.75,2.96,38.0,2938.0,0.34668622070312494,False,CALL,2026-12-18,OXY
OXY261218C00057500,57.5,2.4,2.1,2.5,13.0,851.0,0.35205726074218746,False,CALL,2026-12-18,OXY
OXY261218P00032500,32.5,0.98,0.9,1.26,1.0,1656.0,0.3842835009765625,False,PUT,2026-12-18,OXY
OXY261218P00035000,35.0,1.35,1.35,1.63,9.0,2109.0,0.3606020971679687,False,PUT,2026-12-18,OXY
OXY261218P00037500,37.5,2.13,2.0,2.2,7.0,2277.0,0.34656415161132803,False,PUT,2026-12-18,OXY
OXY261218P00040000,40.0,2.8,2.72,2.92,4.0,4238.0,0.33386896606445315,False,PUT,2026-12-18,OXY
OXY261218P00042500,42.5,4.4,3.3,3.9,2.0,2666.0,0.3282537878417968,False,PUT,2026-12-18,OXY
OXY261218P00045000,45.0,4.85,4.7,5.0,16.0,2308.0,0.3194648132324218,False,PUT,2026-12-18,OXY
OXY261218P00047500,47.5,6.15,5.85,6.55,20.0,539.0,0.3267889587402344,True,PUT,2026-12-18,OXY
OXY261218P00050000,50.0,7.53,7.45,8.0,39.0,1481.0,0.3184882604980468,True,PUT,2026-12-18,OXY
OXY261218P00052500,52.5,8.9,8.85,9.85,20.0,693.0,0.3249579223632812,True,PUT,2026-12-18,OXY
OXY261218P00055000,55.0,10.57,10.75,11.65,120.0,921.0,0.32044136596679684,True,PUT,2026-12-18,OXY
OXY261218P00057500,57.5,13.55,12.75,13.55,40.0,924.0,0.3143379113769531,True,PUT,2026-12-18,OXY
OXY270115C00032500,32.5,12.01,14.5,16.75,39.0,356.0,0.5601850622558593,True,CALL,2027-01-15,OXY
OXY270115C00035000,35.0,13.15,12.25,13.55,227.0,2117.0,0.4318904467773438,True,CALL,2027-01-15,OXY
OXY270115C00037500,37.5,11.04,10.3,11.85,12.0,2198.0,0.42383388671875,True,CALL,2027-01-15,OXY
OXY270115C00040000,40.0,9.5,9.35,9.6,111.0,4934.0,0.3719545227050781,True,CALL,2027-01-15,OXY
OXY270115C00042500,42.5,8.15,7.8,8.2,11.0,3034.0,0.3695131408691406,True,CALL,2027-01-15,OXY
OXY270115C00045000,45.0,6.7,6.7,6.7,188.0,5847.0,0.35242346801757807,True,CALL,2027-01-15,OXY
OXY270115C00047500,47.5,5.6,5.2,5.7,54.0,2556.0,0.35559726440429684,False,CALL,2027-01-15,OXY
OXY270115C00050000,50.0,4.5,4.5,4.65,863.0,8312.0,0.34778484252929687,False,CALL,2027-01-15,OXY
OXY270115C00052500,52.5,3.72,3.6,3.85,115.0,2125.0,0.34656415161132803,False,CALL,2027-01-15,OXY
OXY270115C00055000,55.0,3.05,2.96,3.15,282.0,7776.0,0.34400070068359373,False,CALL,2027-01-15,OXY
OXY270115C00057500,57.5,2.4,2.25,2.85,21.0,2111.0,0.3597476135253906,False,CALL,2027-01-15,OXY
OXY270115P00032500,32.5,1.15,1.03,1.37,1.0,3365.0,0.38013315185546875,False,PUT,2027-01-15,OXY
OXY270115P00035000,35.0,1.84,1.52,1.72,5.0,7248.0,0.3540103662109374,False,PUT,2027-01-15,OXY
OXY270115P00037500,37.5,2.39,2.09,2.42,4.0,3418.0,0.3490055334472656,False,PUT,2027-01-15,OXY
OXY270115P00040000,40.0,3.03,2.77,3.1,66.0,6541.0,0.33228206787109377,False,PUT,2027-01-15,OXY
OXY270115P00042500,42.5,3.9,3.6,4.55,2.0,3378.0,0.3541324353027343,False,PUT,2027-01-15,OXY
OXY270115P00045000,45.0,4.95,4.9,5.35,52.0,8835.0,0.32642275146484373,False,PUT,2027-01-15,OXY
OXY270115P00047500,47.5,6.32,6.0,6.7,20.0,2642.0,0.3217841259765625,True,PUT,2027-01-15,OXY
OXY270115P00050000,50.0,7.49,7.5,8.4,9.0,2678.0,0.3280096496582031,True,PUT,2027-01-15,OXY
OXY270115P00052500,52.5,9.04,9.0,10.35,20.0,1492.0,0.34052173156738286,True,PUT,2027-01-15,OXY
OXY270115P00055000,55.0,11.75,10.85,11.65,10.0,1300.0,0.30750204223632804,True,PUT,2027-01-15,OXY
OXY270115P00057500,57.5,16.46,12.85,14.5,1.0,764.0,0.36255520263671875,True,PUT,2027-01-15,OXY
OXY270617C00035000,35.0,12.4,13.0,15.7,3.0,3.0,0.4973194799804688,True,CALL,2027-06-17,OXY
OXY270617C00037500,37.5,13.95,11.45,12.8,40.0,18.0,0.4092466302490234,True,CALL,2027-06-17,OXY
OXY270617C00042500,42.5,7.85,8.9,10.3,1.0,11.0,0.4138242211914062,True,CALL,2027-06-17,OXY
OXY270617C00045000,45.0,8.06,7.65,8.5,23.0,19.0,0.3803772900390625,True,CALL,2027-06-17,OXY
OXY270617C00047500,47.5,6.97,6.55,7.35,15.0,79.0,0.37390762817382805,False,CALL,2027-06-17,OXY
OXY270617C00050000,50.0,6.55,5.0,6.2,19.0,89.0,0.3624331335449219,False,CALL,2027-06-17,OXY
OXY270617C00052500,52.5,3.9,4.55,5.9,3.0,15.0,0.38550419189453117,False,CALL,2027-06-17,OXY
OXY270617P00035000,35.0,2.45,1.6,3.85,48.0,97.0,0.43774976318359377,False,PUT,2027-06-17,OXY
OXY270617P00040000,40.0,3.75,3.1,4.35,2.0,1.0,0.34534346069335936,False,PUT,2027-06-17,OXY
OXY270617P00042500,42.5,4.87,4.1,5.4,1.0,3.0,0.338324487915039,False,PUT,2027-06-17,OXY
OXY270617P00045000,45.0,6.3,5.35,7.2,200.0,201.0,0.36096830444335937,False,PUT,2027-06-17,OXY
OXY280121C00032500,32.5,15.03,15.85,18.1,4.0,160.0,0.46753462158203124,True,CALL,2028-01-21,OXY
OXY280121C00035000,35.0,15.5,14.3,16.0,3.0,523.0,0.43103596313476567,True,CALL,2028-01-21,OXY
OXY280121C00037500,37.5,14.24,13.0,15.25,3.0,286.0,0.4588677160644532,True,CALL,2028-01-21,OXY
OXY280121C00040000,40.0,12.15,11.75,12.35,32.0,22308.0,0.3825745336914062,True,CALL,2028-01-21,OXY
OXY280121C00042500,42.5,10.83,9.75,11.2,9.0,1980.0,0.383795224609375,True,CALL,2028-01-21,OXY
OXY280121C00045000,45.0,9.54,9.8,9.8,31.0,1712.0,0.37036762451171873,True,CALL,2028-01-21,OXY
OXY280121C00047500,47.5,8.41,7.9,8.8,5.0,519.0,0.369574175415039,False,CALL,2028-01-21,OXY
OXY280121C00050000,50.0,7.7,7.3,7.95,13.0,1292.0,0.37085590087890624,False,CALL,2028-01-21,OXY
OXY280121C00052500,52.5,6.1,5.65,8.4,1.0,729.0,0.41925629577636714,False,CALL,2028-01-21,OXY
OXY280121C00055000,55.0,5.85,5.7,6.4,10.0,1098.0,0.36939107177734376,False,CALL,2028-01-21,OXY
OXY280121C00057500,57.5,5.44,4.4,5.9,91.0,526.0,0.37506728454589844,False,CALL,2028-01-21,OXY
OXY280121P00032500,32.5,2.82,2.14,2.79,2.0,910.0,0.35742830078125,False,PUT,2028-01-21,OXY
OXY280121P00035000,35.0,3.3,3.0,3.4,4.0,1249.0,0.34204759521484374,False,PUT,2028-01-21,OXY
OXY280121P00037500,37.5,4.1,3.25,5.0,2.0,164.0,0.37067279724121094,False,PUT,2028-01-21,OXY
OXY280121P00040000,40.0,5.02,4.6,5.4,8.0,4625.0,0.33570000244140624,False,PUT,2028-01-21,OXY
OXY280121P00042500,42.5,6.86,5.65,6.3,1.0,2770.0,0.3205634350585937,False,PUT,2028-01-21,OXY
OXY280121P00045000,45.0,7.23,7.05,7.25,3.0,2140.0,0.30371790039062496,False,PUT,2028-01-21,OXY
OXY280121P00047500,47.5,8.95,8.0,8.75,10.0,446.0,0.3045723840332031,True,PUT,2028-01-21,OXY
OXY280121P00050000,50.0,11.88,9.4,10.35,3.0,264.0,0.30475548767089844,True,PUT,2028-01-21,OXY
OXY280121P00052500,52.5,12.9,10.5,12.3,1.0,74.0,0.31439894592285156,True,PUT,2028-01-21,OXY
OXY280121P00055000,55.0,14.27,12.15,14.1,2.0,1086.0,0.3145820495605468,True,PUT,2028-01-21,OXY
OXY280121P00057500,57.5,17.63,14.15,15.4,10.0,54.0,0.2909616802978515,True,PUT,2028-01-21,OXY
OXY281215C00032500,32.5,16.72,17.15,20.0,1.0,1.0,0.47449255981445315,True,CALL,2028-12-15,OXY
OXY281215C00035000,35.0,15.0,15.55,19.0,104.0,526.0,0.4841970526123047,True,CALL,2028-12-15,OXY
OXY281215C00040000,40.0,12.5,12.35,15.05,3.0,10.0,0.4172421557617187,True,CALL,2028-12-15,OXY
OXY281215C00042500,42.5,13.25,12.2,13.25,1.0,73.0,0.39038695556640624,True,CALL,2028-12-15,OXY
OXY281215C00045000,45.0,12.0,10.9,12.05,10.0,142.0,0.3833679827880859,True,CALL,2028-12-15,OXY
OXY281215C00047500,47.5,9.28,8.7,11.65,1.0,19.0,0.4007628283691406,False,CALL,2028-12-15,OXY
OXY281215C00050000,50.0,9.82,8.25,10.15,4.0,37.0,0.3789734954833984,False,CALL,2028-12-15,OXY
OXY281215C00052500,52.5,7.5,7.0,9.95,2.0,5.0,0.39771110107421875,False,CALL,2028-12-15,OXY
OXY281215C00055000,55.0,7.98,7.5,8.5,98.0,11.0,0.3738465936279296,False,CALL,2028-12-15,OXY
OXY281215P00032500,32.5,4.1,2.64,4.5,74.0,66.0,0.3782410809326171,False,PUT,2028-12-15,OXY
OXY281215P00037500,37.5,5.25,5.0,5.8,1.0,38.0,0.33899586791992187,False,PUT,2028-12-15,OXY
OXY281215P00040000,40.0,6.12,4.35,7.15,10.0,14.0,0.3429631134033203,False,PUT,2028-12-15,OXY
OXY281215P00042500,42.5,7.41,5.85,8.25,5.0,6.0,0.33399103515625,False,PUT,2028-12-15,OXY
OXY281215P00045000,45.0,9.01,7.05,9.45,1.0,6.0,0.325629302368164,False,PUT,2028-12-15,OXY
OXY281215P00047500,47.5,10.0,9.25,10.1,1.0,12.0,0.2966378930664062,True,PUT,2028-12-15,OXY
PAA260130C00016000,16.0,3.11,3.1,4.8,10.0,0.0,2.5468786328124997,True,CALL,2026-01-30,PAA
PAA260130C00017000,17.0,2.4,2.1,3.5,10.0,10.0,1.453127734375,True,CALL,2026-01-30,PAA
PAA260130C00017500,17.5,1.7,1.65,2.35,9.0,0.0,1.421877890625,True,CALL,2026-01-30,PAA
PAA260130C00018000,18.0,1.65,1.35,1.9,40.0,14.0,1.3281283593749997,True,CALL,2026-01-30,PAA
PAA260130C00018500,18.5,0.88,0.85,1.4,1.0,8.0,1.0625046875000002,True,CALL,2026-01-30,PAA
PAA260130C00019000,19.0,0.77,0.6,0.8,6.0,192.0,0.5468795312500001,True,CALL,2026-01-30,PAA
PAA260130C00019500,19.5,0.26,0.05,0.35,25.0,64.0,0.3789124609375,True,CALL,2026-01-30,PAA
PAA260130C00020000,20.0,0.04,0.0,0.05,2.0,52.0,0.25391371093750004,False,CALL,2026-01-30,PAA
PAA260130C00020500,20.5,0.06,0.0,0.05,,1.0,0.476567734375,False,CALL,2026-01-30,PAA
PAA260130P00018000,18.0,0.04,0.0,0.45,3.0,27.0,1.4609401953124999,False,PUT,2026-01-30,PAA
PAA260130P00018500,18.5,0.2,0.0,0.5,,5.0,1.2382850585937497,False,PUT,2026-01-30,PAA
PAA260130P00019000,19.0,0.05,0.0,0.35,5.0,92.0,0.7812521875,False,PUT,2026-01-30,PAA
PAA260130P00019500,19.5,0.2,0.05,0.75,16.0,24.0,0.8710950390625,False,PUT,2026-01-30,PAA
PAA260130P00020500,20.5,1.9,0.65,1.4,,1.0,0.9335944140625,True,PUT,2026-01-30,PAA
PAA260206C00018000,18.0,1.55,1.3,2.7,95.0,40.0,0.7460962890625,True,CALL,2026-02-06,PAA
PAA260206C00019000,19.0,0.95,0.55,0.9,125.0,104.0,0.36914693359375,True,CALL,2026-02-06,PAA
PAA260206C00019500,19.5,0.4,0.15,0.4,32.0,63.0,0.22266402343749997,True,CALL,2026-02-06,PAA
PAA260206C00020000,20.0,0.08,0.05,0.1,41.0,59.0,0.16797707031250003,False,CALL,2026-02-06,PAA
PAA260206P00018000,18.0,0.05,0.0,0.1,1.0,45.0,0.5195360546875,False,PUT,2026-02-06,PAA
PAA260206P00018500,18.5,0.3,0.0,0.4,,2.0,0.5293015820312501,False,PUT,2026-02-06,PAA
PAA260206P00019000,19.0,0.37,0.05,0.4,3.0,62.0,0.5800823242187501,False,PUT,2026-02-06,PAA
PAA260206P00021000,21.0,2.33,1.15,2.3,,1.0,0.7500025,True,PUT,2026-02-06,PAA
PAA260213C00018000,18.0,1.65,1.3,2.3,12.0,17.0,0.79687703125,True,CALL,2026-02-13,PAA
PAA260213C00019000,19.0,0.61,0.45,0.85,2.0,51.0,0.23633576171874998,True,CALL,2026-02-13,PAA
PAA260213C00020000,20.0,0.15,0.05,0.15,6.0,50.0,0.1601646484375,False,CALL,2026-02-13,PAA
PAA260213P00017000,17.0,0.1,0.0,0.55,,20.0,0.7617211328125001,False,PUT,2026-02-13,PAA
PAA260213P00018000,18.0,0.21,0.05,0.5,4.0,21.0,0.56055126953125,False,PUT,2026-02-13,PAA
PAA260213P00019000,19.0,0.5,0.05,0.75,7.0,34.0,0.6640658593750002,False,PUT,2026-02-13,PAA
PAA260220C00014000,14.0,3.94,0.0,0.0,1.0,1.0,1.0000000000000003e-05,True,CALL,2026-02-20,PAA
PAA260220C00015000,15.0,4.9,4.5,4.9,166.0,66.0,0.8535170898437501,True,CALL,2026-02-20,PAA
PAA260220C00016000,16.0,3.7,3.6,3.8,402.0,8393.0,0.5585981640625001,True,CALL,2026-02-20,PAA
PAA260220C00017000,17.0,2.7,2.7,2.8,2004.0,8025.0,0.42969320312500003,True,CALL,2026-02-20,PAA
PAA260220C00018000,18.0,1.7,1.7,1.8,1603.0,20590.0,0.29688203124999996,True,CALL,2026-02-20,PAA
PAA260220C00019000,19.0,0.7,0.7,0.75,17.0,5337.0,0.1132901171875,True,CALL,2026-02-20,PAA
PAA260220C00019500,19.5,0.3,0.2,0.35,1.0,99.0,0.11133701171874999,True,CALL,2026-02-20,PAA
PAA260220C00020000,20.0,0.15,0.1,0.15,189.0,1033.0,0.132821171875,False,CALL,2026-02-20,PAA
PAA260220C00020500,20.5,0.06,0.0,0.05,13.0,20.0,0.14063359375,False,CALL,2026-02-20,PAA
PAA260220C00021000,21.0,0.01,0.0,0.05,1.0,2560.0,0.19727365234375,False,CALL,2026-02-20,PAA
PAA260220C00022000,22.0,0.13,0.0,0.15,1.0,80.0,0.4023497265625,False,CALL,2026-02-20,PAA
PAA260220P00014000,14.0,0.3,0.0,0.1,4.0,38.0,0.773439765625,False,PUT,2026-02-20,PAA
PAA260220P00015000,15.0,0.15,0.0,0.0,5.0,57.0,0.2500075,False,PUT,2026-02-20,PAA
PAA260220P00016000,16.0,0.03,0.0,0.1,20.0,1047.0,0.5117236328125,False,PUT,2026-02-20,PAA
PAA260220P00017000,17.0,0.05,0.0,0.1,15.0,1682.0,0.46094289062500005,False,PUT,2026-02-20,PAA
PAA260220P00018000,18.0,0.07,0.05,0.15,11.0,568.0,0.370123486328125,False,PUT,2026-02-20,PAA
PAA260220P00018500,18.5,0.15,0.1,0.25,10.0,1.0,0.36524072265625,False,PUT,2026-02-20,PAA
PAA260220P00019000,19.0,0.2,0.2,0.3,1.0,325.0,0.30664755859375,False,PUT,2026-02-20,PAA
PAA260220P00020000,20.0,0.79,0.5,1.05,1.0,11.0,0.45606012695312503,True,PUT,2026-02-20,PAA
PAA260220P00021000,21.0,3.9,3.6,4.3,1.0,2.0,1.6162128564453124,True,PUT,2026-02-20,PAA
PAA260220P00022000,22.0,4.74,4.1,5.4,,2.0,1.6875015625,True,PUT,2026-02-20,PAA
PAA260220P00023000,23.0,5.79,5.5,6.0,,1.0,1.8408211083984374,True,PUT,2026-02-20,PAA
PAA260227C00018000,18.0,0.92,1.1,2.8,,11.0,0.840821904296875,True,CALL,2026-02-27,PAA
PAA260227C00019000,19.0,0.22,0.2,0.85,,1.0,0.17285983398437502,True,CALL,2026-02-27,PAA
PAA260227C00020000,20.0,0.2,0.05,0.75,20.0,102.0,0.387701435546875,False,CALL,2026-02-27,PAA
PAA260227C00021000,21.0,0.05,0.05,0.1,1.0,586.0,0.213875048828125,False,CALL,2026-02-27,PAA
PAA260227C00022000,22.0,0.02,0.0,0.1,,62.0,0.31250687499999996,False,CALL,2026-02-27,PAA
PAA260227P00018000,18.0,0.3,0.0,0.5,,7.0,0.5410202148437502,False,PUT,2026-02-27,PAA
PAA260227P00019000,19.0,0.52,0.05,1.0,6.0,7.0,0.6015664843750002,False,PUT,2026-02-27,PAA
PAA260306C00018000,18.0,1.75,1.3,2.35,85.0,23.0,0.5478560839843751,True,CALL,2026-03-06,PAA
PAA260306C00024000,24.0,0.2,0.0,0.5,1.0,0.0,0.5498091894531252,False,CALL,2026-03-06,PAA
PAA260306P00019000,19.0,0.52,0.1,0.5,4.0,7.0,0.33008482421874996,False,PUT,2026-03-06,PAA
PAA260320C00016000,16.0,3.6,3.5,4.3,1.0,1.0,0.709963837890625,True,CALL,2026-03-20,PAA
PAA260320C00017000,17.0,2.75,2.5,3.6,4.0,3.0,0.711916943359375,True,CALL,2026-03-20,PAA
PAA260320C00018000,18.0,1.58,1.5,2.5,15.0,17.0,0.5273484765625001,True,CALL,2026-03-20,PAA
PAA260320C00019000,19.0,0.83,0.7,0.8,12.0,237.0,0.108407353515625,True,CALL,2026-03-20,PAA
PAA260320C00020000,20.0,0.3,0.2,0.3,15.0,465.0,0.14258669921875,False,CALL,2026-03-20,PAA
PAA260320C00025000,25.0,0.44,0.0,0.5,,1.0,0.5312546875,False,CALL,2026-03-20,PAA
PAA260320P00018000,18.0,0.15,0.05,0.25,10.0,280.0,0.301764794921875,False,PUT,2026-03-20,PAA
PAA260320P00019000,19.0,0.33,0.3,0.4,10.0,91.0,0.24414818359375,False,PUT,2026-03-20,PAA
PAA260515C00014000,14.0,5.6,5.0,6.8,35.0,12.0,0.8789074609374999,True,CALL,2026-05-15,PAA
PAA260515C00015000,15.0,4.5,3.9,5.1,115.0,42.0,0.499028447265625,True,CALL,2026-05-15,PAA
PAA260515C00016000,16.0,3.7,3.7,3.8,1299.0,3077.0,0.25977302734375,True,CALL,2026-05-15,PAA
PAA260515C00017000,17.0,2.7,2.7,2.8,2183.0,4069.0,0.198250205078125,True,CALL,2026-05-15,PAA
PAA260515C00018000,18.0,1.8,1.6,1.85,76.0,15337.0,0.161141201171875,True,CALL,2026-05-15,PAA
PAA260515C00019000,19.0,0.95,0.85,1.0,810.0,5454.0,0.13477427734375003,True,CALL,2026-05-15,PAA
PAA260515C00020000,20.0,0.46,0.4,0.5,2320.0,18680.0,0.14649291015625,False,CALL,2026-05-15,PAA
PAA260515C00021000,21.0,0.2,0.2,0.3,5109.0,9130.0,0.176766044921875,False,CALL,2026-05-15,PAA
PAA260515C00022000,22.0,0.1,0.0,0.15,5.0,536.0,0.186531572265625,False,CALL,2026-05-15,PAA
PAA260515C00023000,23.0,0.05,0.0,0.55,2.0,2.0,0.372076591796875,False,CALL,2026-05-15,PAA
PAA260515C00025000,25.0,0.05,0.0,0.0,,10.0,0.12500875,False,CALL,2026-05-15,PAA
PAA260515P00014000,14.0,0.65,0.05,0.75,3.0,21.0,0.5996133789062501,False,PUT,2026-05-15,PAA
PAA260515P00015000,15.0,0.15,0.0,0.75,100.0,177.0,0.65039412109375,False,PUT,2026-05-15,PAA
PAA260515P00016000,16.0,0.15,0.1,0.2,20.0,202.0,0.335944140625,False,PUT,2026-05-15,PAA
PAA260515P00017000,17.0,0.3,0.15,0.25,1.0,306.0,0.2841868457031249,False,PUT,2026-05-15,PAA
PAA260515P00018000,18.0,0.4,0.3,0.4,2.0,194.0,0.2563550927734375,False,PUT,2026-05-15,PAA
PAA260515P00019000,19.0,0.76,0.05,0.75,62.0,135.0,0.256843369140625,False,PUT,2026-05-15,PAA
PAA260515P00020000,20.0,1.48,0.15,2.25,,154.0,0.4931691308593751,True,PUT,2026-05-15,PAA
PAA260821C00014000,14.0,4.1,4.7,6.8,,0.0,0.6352575537109376,True,CALL,2026-08-21,PAA
PAA260821C00017000,17.0,2.5,1.7,2.85,3.0,18.0,0.16407085937500002,True,CALL,2026-08-21,PAA
PAA260821C00018000,18.0,1.74,1.75,1.95,60.0,689.0,0.14405152832031248,True,CALL,2026-08-21,PAA
PAA260821C00019000,19.0,1.15,1.05,1.15,1.0,4561.0,0.12622944091796873,True,CALL,2026-08-21,PAA
PAA260821C00020000,20.0,0.65,0.55,0.65,6.0,12874.0,0.1313563427734375,False,CALL,2026-08-21,PAA
PAA260821C00021000,21.0,0.35,0.3,0.35,16.0,444.0,0.13770393554687502,False,CALL,2026-08-21,PAA
PAA260821C00022000,22.0,0.06,0.05,0.4,,1.0,0.1948322705078125,False,CALL,2026-08-21,PAA
PAA260821C00024000,24.0,0.13,0.0,0.75,,1.0,0.3505924316406249,False,CALL,2026-08-21,PAA
PAA260821P00014000,14.0,0.15,0.0,0.75,,5.0,0.5449264257812501,False,PUT,2026-08-21,PAA
PAA260821P00015000,15.0,0.24,0.05,0.5,20.0,20.0,0.39942006835937505,False,PUT,2026-08-21,PAA
PAA260821P00016000,16.0,0.4,0.05,0.75,1.0,9.0,0.3979552392578125,False,PUT,2026-08-21,PAA
PAA260821P00017000,17.0,0.35,0.1,0.55,30.0,43.0,0.2827220166015625,False,PUT,2026-08-21,PAA
PAA260821P00018000,18.0,0.75,0.45,0.95,35.0,92.0,0.2973703076171874,False,PUT,2026-08-21,PAA
PAA260821P00019000,19.0,1.25,1.0,1.2,20.0,70.0,0.26563234375,False,PUT,2026-08-21,PAA
PAA260821P00020000,20.0,2.22,0.45,1.9,,1.0,0.29688203124999996,True,PUT,2026-08-21,PAA
PAA270115C00015000,15.0,4.53,4.5,5.0,100.0,3100.0,0.2485426708984375,True,CALL,2027-01-15,PAA
PAA270115C00017000,17.0,2.9,2.65,2.9,240.0,25183.0,0.13868048828125001,True,CALL,2027-01-15,PAA
PAA270115C00020000,20.0,0.85,0.8,0.9,352.0,12780.0,0.13257703369140628,False,CALL,2027-01-15,PAA
PAA270115C00022000,22.0,0.4,0.35,0.45,20.0,5251.0,0.15674671386718753,False,CALL,2027-01-15,PAA
PAA270115C00025000,25.0,0.55,0.05,0.2,1.0,1553.0,0.18994950683593753,False,CALL,2027-01-15,PAA
PAA270115P00015000,15.0,0.37,0.4,0.45,1.0,1539.0,0.2934640966796874,False,PUT,2027-01-15,PAA
PAA270115P00017000,17.0,0.78,0.7,0.9,1.0,3315.0,0.27539787109374997,False,PUT,2027-01-15,PAA
PAA270115P00020000,20.0,2.05,1.95,2.15,6.0,1123.0,0.2590406127929688,True,PUT,2027-01-15,PAA
PAA270115P00022000,22.0,3.8,2.0,4.7,1.0,110.0,0.4250545776367188,True,PUT,2027-01-15,PAA
PAA270115P00025000,25.0,6.41,4.8,7.4,1.0,114.0,0.49268085449218757,True,PUT,2027-01-15,PAA
PAA280121C00015000,15.0,4.7,3.1,6.6,1.0,4777.0,0.39453730468750003,True,CALL,2028-01-21,PAA
PAA280121C00017000,17.0,2.75,2.65,5.0,100.0,3058.0,0.34009448974609374,True,CALL,2028-01-21,PAA
PAA280121C00020000,20.0,1.2,1.15,1.45,4.0,1286.0,0.1420984228515625,False,CALL,2028-01-21,PAA
PAA280121C00022000,22.0,0.81,0.65,1.0,22.0,38.0,0.165047412109375,False,CALL,2028-01-21,PAA
PAA280121C00025000,25.0,0.5,0.05,0.7,2.0,7.0,0.20069158691406247,False,CALL,2028-01-21,PAA
PAA280121P00015000,15.0,1.1,0.0,3.0,35.0,589.0,0.5295457202148439,False,PUT,2028-01-21,PAA
PAA280121P00017000,17.0,1.7,0.75,2.1,1.0,200.0,0.3220282641601562,False,PUT,2028-01-21,PAA
PAA280121P00020000,20.0,3.61,1.35,4.3,1.0,103.0,0.3776917700195312,True,PUT,2028-01-21,PAA
PAA280121P00022000,22.0,4.74,2.9,5.9,2.0,123.0,0.40515731567382807,True,PUT,2028-01-21,PAA
PAA280121P00025000,25.0,7.29,5.3,8.4,25.0,48.0,0.43543045043945316,True,PUT,2028-01-21,PAA
PAAS260130C00044000,44.0,12.68,17.2,19.5,4.0,5.0,3.902343994140625,True,CALL,2026-01-30,PAAS
PAAS260130C00045000,45.0,22.1,16.2,18.5,1.0,4.0,3.71093822265625,True,CALL,2026-01-30,PAAS
PAAS260130C00046000,46.0,16.4,15.2,17.5,2.0,15.0,3.5214855712890625,True,CALL,2026-01-30,PAAS
PAAS260130C00047000,47.0,15.5,14.2,16.6,1.0,5.0,3.4570326074218753,True,CALL,2026-01-30,PAAS
PAAS260130C00048000,48.0,14.32,13.2,15.5,42.0,66.0,3.1523458691406248,True,CALL,2026-01-30,PAAS
PAAS260130C00049000,49.0,13.42,12.2,14.6,2.0,10.0,3.0839866650390624,True,CALL,2026-01-30,PAAS
PAAS260130C00049500,49.5,14.85,11.7,14.3,1.0,1.0,3.201173872070312,True,CALL,2026-01-30,PAAS
PAAS260130C00050000,50.0,15.4,11.2,13.5,5.0,63.0,2.792971767578125,True,CALL,2026-01-30,PAAS
PAAS260130C00051000,51.0,14.73,10.2,12.5,4.0,13.0,2.615237836914063,True,CALL,2026-01-30,PAAS
PAAS260130C00052000,52.0,12.2,9.2,11.6,2.0,463.0,2.5390661523437497,True,CALL,2026-01-30,PAAS
PAAS260130C00053000,53.0,10.0,8.7,10.2,5.0,403.0,1.9492190039062502,True,CALL,2026-01-30,PAAS
PAAS260130C00054000,54.0,7.7,7.2,9.5,5.0,745.0,2.090825085449218,True,CALL,2026-01-30,PAAS
PAAS260130C00055000,55.0,10.26,7.3,8.5,6.0,151.0,1.26172244140625,True,CALL,2026-01-30,PAAS
PAAS260130C00056000,56.0,5.83,5.3,7.5,11.0,159.0,1.7421887890624999,True,CALL,2026-01-30,PAAS
PAAS260130C00057000,57.0,4.93,5.1,6.5,7.0,110.0,0.8398453515625,True,CALL,2026-01-30,PAAS
PAAS260130C00058000,58.0,4.25,4.5,5.5,13.0,308.0,0.9648441015625,True,CALL,2026-01-30,PAAS
PAAS260130C00059000,59.0,3.5,2.95,4.8,3.0,86.0,0.6875031250000001,True,CALL,2026-01-30,PAAS
PAAS260130C00060000,60.0,3.6,2.8,3.6,73.0,505.0,0.8125018749999999,True,CALL,2026-01-30,PAAS
PAAS260130C00061000,61.0,2.55,2.15,2.7,9.0,155.0,0.7753928710937501,True,CALL,2026-01-30,PAAS
PAAS260130C00062000,62.0,1.66,1.55,1.75,35.0,204.0,0.6894562304687502,True,CALL,2026-01-30,PAAS
PAAS260130C00063000,63.0,1.35,1.1,1.7,99.0,127.0,0.8330094824218748,False,CALL,2026-01-30,PAAS
PAAS260130C00064000,64.0,1.05,0.75,1.0,77.0,133.0,0.7656273437500001,False,CALL,2026-01-30,PAAS
PAAS260130C00065000,65.0,0.6,0.45,0.7,156.0,374.0,0.7656273437500001,False,CALL,2026-01-30,PAAS
PAAS260130C00066000,66.0,0.48,0.3,0.5,182.0,329.0,0.7949239257812499,False,CALL,2026-01-30,PAAS
PAAS260130C00067000,67.0,0.2,0.2,0.3,425.0,314.0,0.79687703125,False,CALL,2026-01-30,PAAS
PAAS260130C00068000,68.0,0.15,0.1,0.5,597.0,3032.0,0.96679720703125,False,CALL,2026-01-30,PAAS
PAAS260130C00069000,69.0,0.1,0.05,0.15,71.0,5332.0,0.8242205078124999,False,CALL,2026-01-30,PAAS
PAAS260130C00070000,70.0,0.07,0.05,0.1,42.0,428.0,0.867188828125,False,CALL,2026-01-30,PAAS
PAAS260130C00075000,75.0,0.05,0.0,0.05,70.0,458.0,1.0859420703125,False,CALL,2026-01-30,PAAS
PAAS260130C00080000,80.0,0.05,0.0,0.05,1.0,553.0,1.4140654296875002,False,CALL,2026-01-30,PAAS
PAAS260130P00044000,44.0,0.06,0.0,0.05,9.0,230.0,2.031254921875,False,PUT,2026-01-30,PAAS
PAAS260130P00045000,45.0,0.05,0.0,0.05,3.0,146.0,1.9218753906250001,False,PUT,2026-01-30,PAAS
PAAS260130P00046000,46.0,0.03,0.0,0.05,2.0,49.0,1.8125009374999999,False,PUT,2026-01-30,PAAS
PAAS260130P00047000,47.0,0.1,0.0,0.75,2.0,9.0,2.7246125634765628,False,PUT,2026-01-30,PAAS
PAAS260130P00048000,48.0,0.11,0.0,0.2,2.0,275.0,1.953125234375,False,PUT,2026-01-30,PAAS
PAAS260130P00049000,49.0,0.14,0.0,0.05,31.0,912.0,1.46875265625,False,PUT,2026-01-30,PAAS
PAAS260130P00049500,49.5,0.05,0.0,0.75,1.0,2.0,2.330082299804687,False,PUT,2026-01-30,PAAS
PAAS260130P00050000,50.0,0.05,0.0,0.75,37.0,153.0,2.253910615234375,False,PUT,2026-01-30,PAAS
PAAS260130P00051000,51.0,0.05,0.0,0.75,1.0,40.0,2.0976610058593748,False,PUT,2026-01-30,PAAS
PAAS260130P00052000,52.0,0.04,0.0,0.05,5.0,278.0,1.15625421875,False,PUT,2026-01-30,PAAS
PAAS260130P00053000,53.0,0.05,0.0,0.05,1.0,466.0,1.0546922265625,False,PUT,2026-01-30,PAAS
PAAS260130P00054000,54.0,0.05,0.0,0.05,3.0,299.0,0.9531254687499999,False,PUT,2026-01-30,PAAS
PAAS260130P00055000,55.0,0.05,0.0,0.05,95.0,536.0,0.851563984375,False,PUT,2026-01-30,PAAS
PAAS260130P00056000,56.0,0.04,0.0,0.2,2.0,180.0,0.9609378906249999,False,PUT,2026-01-30,PAAS
PAAS260130P00057000,57.0,0.1,0.0,0.4,4.0,240.0,0.992187578125,False,PUT,2026-01-30,PAAS
PAAS260130P00058000,58.0,0.1,0.05,0.15,55.0,488.0,0.7148466015625,False,PUT,2026-01-30,PAAS
PAAS260130P00059000,59.0,0.24,0.15,0.35,51.0,139.0,0.7656273437500001,False,PUT,2026-01-30,PAAS
PAAS260130P00060000,60.0,0.4,0.3,0.4,52.0,632.0,0.700198310546875,False,PUT,2026-01-30,PAAS
PAAS260130P00061000,61.0,0.64,0.5,0.75,20.0,222.0,0.7128934960937501,False,PUT,2026-01-30,PAAS
PAAS260130P00062000,62.0,1.15,0.85,1.05,88.0,355.0,0.6894562304687502,False,PUT,2026-01-30,PAAS
PAAS260130P00063000,63.0,1.5,1.35,2.0,50.0,225.0,0.8193377441406249,True,PUT,2026-01-30,PAAS
PAAS260130P00064000,64.0,2.7,1.85,2.6,53.0,288.0,0.7939473730468749,True,PUT,2026-01-30,PAAS
PAAS260130P00065000,65.0,2.75,2.6,3.0,66.0,248.0,0.7158231542968749,True,PUT,2026-01-30,PAAS
PAAS260130P00066000,66.0,3.64,3.3,4.1,22.0,164.0,0.7949239257812499,True,PUT,2026-01-30,PAAS
PAAS260130P00067000,67.0,4.5,3.9,5.1,30.0,162.0,0.7460962890625,True,PUT,2026-01-30,PAAS
PAAS260130P00070000,70.0,5.7,6.6,8.0,2.0,59.0,0.500005,True,PUT,2026-01-30,PAAS
PAAS260206C00044000,44.0,12.6,17.3,19.6,5.0,5.0,1.90234423828125,True,CALL,2026-02-06,PAAS
PAAS260206C00045000,45.0,22.25,16.3,18.6,1.0,8.0,1.8105478222656248,True,CALL,2026-02-06,PAAS
PAAS260206C00046000,46.0,17.78,15.3,17.7,1.0,2.0,1.7763683056640622,True,CALL,2026-02-06,PAAS
PAAS260206C00047000,47.0,16.81,14.3,16.9,1.0,4.0,1.7880869970703124,True,CALL,2026-02-06,PAAS
PAAS260206C00047500,47.5,16.76,13.8,16.2,5.0,5.0,1.6386736816406249,True,CALL,2026-02-06,PAAS
PAAS260206C00048000,48.0,16.59,13.3,15.7,1.0,3.0,1.5937520312499998,True,CALL,2026-02-06,PAAS
PAAS260206C00048500,48.5,9.45,12.8,15.3,,1.0,1.5996113769531248,True,CALL,2026-02-06,PAAS
PAAS260206C00049000,49.0,15.64,12.3,14.6,1.0,6.0,1.4541042919921874,True,CALL,2026-02-06,PAAS
PAAS260206C00050000,50.0,13.51,11.3,13.8,4.0,21.0,1.4638698681640623,True,CALL,2026-02-06,PAAS
PAAS260206C00051000,51.0,14.0,10.7,12.9,8.0,18.0,0.7421900781249999,True,CALL,2026-02-06,PAAS
PAAS260206C00052000,52.0,11.81,9.4,11.7,11.0,25.0,1.2421912890624998,True,CALL,2026-02-06,PAAS
PAAS260206C00053000,53.0,12.95,8.5,10.8,9.0,173.0,1.1982461962890625,True,CALL,2026-02-06,PAAS
PAAS260206C00054000,54.0,10.1,7.6,9.9,2.0,135.0,0.500005,True,CALL,2026-02-06,PAAS
PAAS260206C00055000,55.0,9.57,7.6,8.6,6.0,175.0,0.717776259765625,True,CALL,2026-02-06,PAAS
PAAS260206C00056000,56.0,7.47,7.1,7.4,14.0,133.0,0.71679970703125,True,CALL,2026-02-06,PAAS
PAAS260206C00057000,57.0,6.9,6.4,7.1,3.0,61.0,0.8286149951171874,True,CALL,2026-02-06,PAAS
PAAS260206C00058000,58.0,6.11,5.5,6.5,5.0,152.0,0.8208025732421874,True,CALL,2026-02-06,PAAS
PAAS260206C00059000,59.0,5.1,4.9,5.5,12.0,12.0,0.7861349511718749,True,CALL,2026-02-06,PAAS
PAAS260206C00060000,60.0,6.5,4.3,4.7,1.0,828.0,0.7695335546875001,True,CALL,2026-02-06,PAAS
PAAS260206C00061000,61.0,3.93,3.7,4.1,50.0,107.0,0.7675804492187501,True,CALL,2026-02-06,PAAS
PAAS260206C00062000,62.0,3.35,3.2,3.6,47.0,90.0,0.7778342529296876,True,CALL,2026-02-06,PAAS
PAAS260206C00063000,63.0,3.08,2.85,3.1,32.0,105.0,0.7934590966796875,False,CALL,2026-02-06,PAAS
PAAS260206C00064000,64.0,2.57,2.4,2.65,150.0,451.0,0.7895528857421875,False,CALL,2026-02-06,PAAS
PAAS260206C00065000,65.0,2.15,2.0,2.3,90.0,354.0,0.7924825439453125,False,CALL,2026-02-06,PAAS
PAAS260206C00066000,66.0,1.85,1.75,1.9,21.0,166.0,0.79687703125,False,CALL,2026-02-06,PAAS
PAAS260206C00067000,67.0,1.6,1.4,1.65,21.0,105.0,0.795900478515625,False,CALL,2026-02-06,PAAS
PAAS260206C00068000,68.0,1.27,1.2,1.45,41.0,164.0,0.8129901513671874,False,CALL,2026-02-06,PAAS
PAAS260206C00069000,69.0,1.2,1.0,1.2,32.0,194.0,0.8129901513671874,False,CALL,2026-02-06,PAAS
PAAS260206C00070000,70.0,1.0,0.85,1.0,159.0,2695.0,0.8188494677734374,False,CALL,2026-02-06,PAAS
PAAS260206C00071000,71.0,0.59,0.7,0.85,5.0,182.0,0.8242205078124999,False,CALL,2026-02-06,PAAS
PAAS260206C00072000,72.0,0.75,0.6,0.8,2.0,1120.0,0.851563984375,False,CALL,2026-02-06,PAAS
PAAS260206C00074000,74.0,0.82,0.4,0.65,1065.0,1088.0,0.8789074609374999,False,CALL,2026-02-06,PAAS
PAAS260206C00075000,75.0,0.44,0.25,0.6,8.0,174.0,0.87500125,False,CALL,2026-02-06,PAAS
PAAS260206C00080000,80.0,0.2,0.05,0.3,3.0,52.0,0.9023447265625,False,CALL,2026-02-06,PAAS
PAAS260206P00044000,44.0,0.05,0.0,0.05,10.0,83.0,0.9609378906249999,False,PUT,2026-02-06,PAAS
PAAS260206P00045000,45.0,0.09,0.0,0.05,5.0,125.0,0.9062509375,False,PUT,2026-02-06,PAAS
PAAS260206P00045500,45.5,0.2,0.0,1.75,,5.0,1.75000125,False,PUT,2026-02-06,PAAS
PAAS260206P00046000,46.0,0.01,0.0,0.6,1.0,132.0,1.29297228515625,False,PUT,2026-02-06,PAAS
PAAS260206P00047000,47.0,0.05,0.0,1.85,3.0,30.0,1.6435564697265623,False,PUT,2026-02-06,PAAS
PAAS260206P00048000,48.0,0.07,0.0,0.2,20.0,34.0,0.92187578125,False,PUT,2026-02-06,PAAS
PAAS260206P00048500,48.5,0.15,0.0,0.1,8.0,28.0,0.79687703125,False,PUT,2026-02-06,PAAS
PAAS260206P00049000,49.0,0.15,0.0,0.1,1.0,37.0,0.7656273437500001,False,PUT,2026-02-06,PAAS
PAAS260206P00049500,49.5,0.1,0.0,0.1,3.0,5.0,0.7382838671874999,False,PUT,2026-02-06,PAAS
PAAS260206P00050000,50.0,0.05,0.05,0.1,498.0,475.0,0.7617211328125001,False,PUT,2026-02-06,PAAS
PAAS260206P00051000,51.0,0.28,0.05,0.2,20.0,153.0,0.773439765625,False,PUT,2026-02-06,PAAS
PAAS260206P00052000,52.0,0.18,0.1,0.4,4.0,89.0,0.8281267187499999,False,PUT,2026-02-06,PAAS
PAAS260206P00053000,53.0,0.28,0.15,0.35,6.0,81.0,0.7617211328125001,False,PUT,2026-02-06,PAAS
PAAS260206P00054000,54.0,0.36,0.25,0.5,13.0,67.0,0.7753928710937501,False,PUT,2026-02-06,PAAS
PAAS260206P00055000,55.0,0.5,0.4,0.5,12.0,102.0,0.74414318359375,False,PUT,2026-02-06,PAAS
PAAS260206P00056000,56.0,0.6,0.5,0.75,7.0,104.0,0.7490259472656251,False,PUT,2026-02-06,PAAS
PAAS260206P00057000,57.0,0.8,0.7,0.9,36.0,72.0,0.7382838671874999,False,PUT,2026-02-06,PAAS
PAAS260206P00058000,58.0,1.02,0.95,1.15,162.0,83.0,0.7397486962890624,False,PUT,2026-02-06,PAAS
PAAS260206P00059000,59.0,1.4,1.35,1.5,26.0,262.0,0.76367423828125,False,PUT,2026-02-06,PAAS
PAAS260206P00060000,60.0,1.81,1.7,1.85,99.0,392.0,0.762697685546875,False,PUT,2026-02-06,PAAS
PAAS260206P00061000,61.0,2.27,2.0,2.3,26.0,319.0,0.7543969873046875,False,PUT,2026-02-06,PAAS
PAAS260206P00062000,62.0,2.91,2.45,2.75,32.0,37.0,0.7524438818359375,False,PUT,2026-02-06,PAAS
PAAS260206P00063000,63.0,3.11,3.0,3.3,39.0,192.0,0.7617211328125001,True,PUT,2026-02-06,PAAS
PAAS260206P00064000,64.0,3.7,3.5,3.9,27.0,87.0,0.7578149218750001,True,PUT,2026-02-06,PAAS
PAAS260206P00065000,65.0,4.6,4.2,4.5,54.0,103.0,0.7666038964843751,True,PUT,2026-02-06,PAAS
PAAS260206P00066000,66.0,3.25,4.8,5.3,17.0,59.0,0.7763694238281251,True,PUT,2026-02-06,PAAS
PAAS260206P00067000,67.0,3.85,5.4,5.9,20.0,39.0,0.7456080126953125,True,PUT,2026-02-06,PAAS
PAAS260206P00070000,70.0,8.09,7.5,9.7,26.0,46.0,0.9433599414062499,True,PUT,2026-02-06,PAAS
PAAS260213C00044000,44.0,11.25,17.4,19.9,1.0,1.0,1.5585959570312498,True,CALL,2026-02-13,PAAS
PAAS260213C00046000,46.0,12.35,15.4,18.0,5.0,5.0,1.451174619140625,True,CALL,2026-02-13,PAAS
PAAS260213C00047000,47.0,6.93,14.5,16.9,,1.0,1.3408236083984373,True,CALL,2026-02-13,PAAS
PAAS260213C00048000,48.0,11.2,13.5,16.1,,1.0,0.6894562304687502,True,CALL,2026-02-13,PAAS
PAAS260213C00049000,49.0,13.23,13.3,15.0,,1.0,0.8916026464843749,True,CALL,2026-02-13,PAAS
PAAS260213C00050000,50.0,14.72,11.7,14.1,2.0,27.0,0.6875031250000001,True,CALL,2026-02-13,PAAS
PAAS260213C00051000,51.0,5.42,10.7,13.1,1.0,1.0,0.63867548828125,True,CALL,2026-02-13,PAAS
PAAS260213C00052000,52.0,10.09,10.5,12.3,1.0,13.0,0.8256853369140623,True,CALL,2026-02-13,PAAS
PAAS260213C00053000,53.0,12.39,9.0,11.4,3.0,94.0,0.6884796777343751,True,CALL,2026-02-13,PAAS
PAAS260213C00054000,54.0,12.5,8.2,10.5,1.0,69.0,0.6884796777343751,True,CALL,2026-02-13,PAAS
PAAS260213C00055000,55.0,9.58,7.4,9.6,63.0,32.0,0.6777375976562501,True,CALL,2026-02-13,PAAS
PAAS260213C00056000,56.0,10.45,6.6,8.9,1.0,31.0,0.6870148486328126,True,CALL,2026-02-13,PAAS
PAAS260213C00057000,57.0,7.5,7.0,8.2,5.0,25.0,0.8300798242187499,True,CALL,2026-02-13,PAAS
PAAS260213C00058000,58.0,6.2,6.4,7.0,7.0,56.0,0.7766135620117188,True,CALL,2026-02-13,PAAS
PAAS260213C00059000,59.0,7.0,5.8,6.5,23.0,30.0,0.7944356494140624,True,CALL,2026-02-13,PAAS
PAAS260213C00060000,60.0,7.4,5.2,5.7,2.0,27.0,0.772463212890625,True,CALL,2026-02-13,PAAS
PAAS260213C00061000,61.0,6.36,4.7,5.1,1.0,5.0,0.7736839038085939,True,CALL,2026-02-13,PAAS
PAAS260213C00062000,62.0,4.5,4.2,4.8,7.0,45.0,0.795900478515625,True,CALL,2026-02-13,PAAS
PAAS260213C00063000,63.0,3.9,3.7,4.2,3.0,187.0,0.7814963256835938,False,CALL,2026-02-13,PAAS
PAAS260213C00064000,64.0,4.7,3.3,3.8,7.0,63.0,0.7885763330078125,False,CALL,2026-02-13,PAAS
PAAS260213C00065000,65.0,3.2,3.0,3.4,64.0,165.0,0.7983418603515625,False,CALL,2026-02-13,PAAS
PAAS260213C00066000,66.0,2.84,2.6,3.0,25.0,104.0,0.7915059912109376,False,CALL,2026-02-13,PAAS
PAAS260213C00067000,67.0,2.3,2.3,2.7,12.0,61.0,0.7973653076171875,False,CALL,2026-02-13,PAAS
PAAS260213C00068000,68.0,2.7,2.0,2.5,2.0,29.0,0.807619111328125,False,CALL,2026-02-13,PAAS
PAAS260213C00069000,69.0,1.9,1.8,2.2,12.0,38.0,0.8125018749999999,False,CALL,2026-02-13,PAAS
PAAS260213C00070000,70.0,1.7,1.5,1.95,62.0,324.0,0.805666005859375,False,CALL,2026-02-13,PAAS
PAAS260213C00075000,75.0,1.8,0.65,1.2,1.0,43.0,0.8271501660156249,False,CALL,2026-02-13,PAAS
PAAS260213C00080000,80.0,0.4,0.4,0.75,9.0,26.0,0.8842785009765625,False,CALL,2026-02-13,PAAS
PAAS260213P00044000,44.0,0.1,0.0,1.35,10.0,139.0,1.3164096679687498,False,PUT,2026-02-13,PAAS
PAAS260213P00045000,45.0,0.1,0.0,0.25,15.0,130.0,0.8632826171875,False,PUT,2026-02-13,PAAS
PAAS260213P00046000,46.0,0.2,0.0,1.15,2.0,2.0,1.1357465087890626,False,PUT,2026-02-13,PAAS
PAAS260213P00047000,47.0,0.15,0.0,0.75,19.0,31.0,0.96289099609375,False,PUT,2026-02-13,PAAS
PAAS260213P00048000,48.0,0.2,0.15,0.3,20.0,95.0,0.80664255859375,False,PUT,2026-02-13,PAAS
PAAS260213P00049000,49.0,0.35,0.15,0.35,1.0,167.0,0.773439765625,False,PUT,2026-02-13,PAAS
PAAS260213P00050000,50.0,0.3,0.2,0.45,1.0,235.0,0.7685570019531252,False,PUT,2026-02-13,PAAS
PAAS260213P00051000,51.0,0.3,0.05,0.95,2.0,8.0,0.8022480712890624,False,PUT,2026-02-13,PAAS
PAAS260213P00052000,52.0,0.59,0.25,0.65,6.0,16.0,0.7236355761718749,False,PUT,2026-02-13,PAAS
PAAS260213P00053000,53.0,0.7,0.6,0.85,49.0,288.0,0.7744163183593751,False,PUT,2026-02-13,PAAS
PAAS260213P00054000,54.0,0.85,0.7,0.95,4.0,91.0,0.7475611181640626,False,PUT,2026-02-13,PAAS
PAAS260213P00055000,55.0,1.05,0.9,1.15,21.0,63.0,0.7456080126953125,False,PUT,2026-02-13,PAAS
PAAS260213P00056000,56.0,1.32,1.1,1.55,8.0,35.0,0.7607445800781252,False,PUT,2026-02-13,PAAS
PAAS260213P00057000,57.0,1.74,1.4,1.8,3.0,13.0,0.7587914746093751,False,PUT,2026-02-13,PAAS
PAAS260213P00058000,58.0,2.19,1.65,2.1,5.0,162.0,0.7485376708984376,False,PUT,2026-02-13,PAAS
PAAS260213P00059000,59.0,2.2,1.95,2.35,1.0,102.0,0.7309597216796875,False,PUT,2026-02-13,PAAS
PAAS260213P00060000,60.0,2.57,2.35,2.8,11.0,146.0,0.7368190380859375,False,PUT,2026-02-13,PAAS
PAAS260213P00061000,61.0,3.28,2.8,3.3,9.0,49.0,0.74414318359375,False,PUT,2026-02-13,PAAS
PAAS260213P00062000,62.0,3.5,3.2,3.8,8.0,48.0,0.7380397290039062,False,PUT,2026-02-13,PAAS
PAAS260213P00063000,63.0,4.13,3.9,4.4,12.0,14.0,0.7624535473632813,True,PUT,2026-02-13,PAAS
PAAS260213P00064000,64.0,5.2,4.3,4.9,16.0,46.0,0.7407252490234374,True,PUT,2026-02-13,PAAS
PAAS260213P00065000,65.0,5.3,4.9,5.5,17.0,76.0,0.7402369726562499,True,PUT,2026-02-13,PAAS
PAAS260213P00066000,66.0,3.85,5.7,6.1,1.0,21.0,0.75195560546875,True,PUT,2026-02-13,PAAS
PAAS260213P00067000,67.0,5.5,6.1,6.9,65.0,29.0,0.7368190380859375,True,PUT,2026-02-13,PAAS
PAAS260213P00070000,70.0,6.58,8.6,9.2,1.0,6.0,0.7773459765625,True,PUT,2026-02-13,PAAS
PAAS260213P00080000,80.0,15.81,17.0,18.8,1.0,1.0,0.8945323046874999,True,PUT,2026-02-13,PAAS
PAAS260220C00045000,45.0,17.8,17.8,18.6,5.0,264.0,0.963867548828125,True,CALL,2026-02-20,PAAS
PAAS260220C00050000,50.0,14.1,13.1,14.2,48.0,1720.0,0.8710950390625,True,CALL,2026-02-20,PAAS
PAAS260220C00052000,52.0,13.1,11.3,12.7,1.0,34.0,0.85742330078125,True,CALL,2026-02-20,PAAS
PAAS260220C00053000,53.0,10.5,10.1,11.9,2.0,4.0,0.8002949658203125,True,CALL,2026-02-20,PAAS
PAAS260220C00054000,54.0,11.42,8.8,11.1,1.0,1.0,0.7312038598632812,True,CALL,2026-02-20,PAAS
PAAS260220C00055000,55.0,10.1,9.3,10.1,131.0,3098.0,0.8378922460937499,True,CALL,2026-02-20,PAAS
PAAS260220C00056000,56.0,8.7,8.7,9.2,7.0,61.0,0.8244646459960936,True,CALL,2026-02-20,PAAS
PAAS260220C00057000,57.0,7.9,8.0,8.8,9.0,172.0,0.8442398388671875,True,CALL,2026-02-20,PAAS
PAAS260220C00058000,58.0,8.0,7.3,8.0,29.0,266.0,0.8208025732421874,True,CALL,2026-02-20,PAAS
PAAS260220C00059000,59.0,6.4,6.7,7.0,2.0,219.0,0.7846701220703125,True,CALL,2026-02-20,PAAS
PAAS260220C00060000,60.0,6.8,6.2,6.7,214.0,2800.0,0.8127460131835937,True,CALL,2026-02-20,PAAS
PAAS260220C00061000,61.0,5.03,5.6,6.1,14.0,107.0,0.8012715185546875,True,CALL,2026-02-20,PAAS
PAAS260220C00062000,62.0,5.3,5.2,5.5,8.0,124.0,0.8007832421875,True,CALL,2026-02-20,PAAS
PAAS260220C00063000,63.0,4.8,4.8,5.1,45.0,483.0,0.8115253222656249,False,CALL,2026-02-20,PAAS
PAAS260220C00064000,64.0,4.5,4.5,4.7,9.0,354.0,0.8249529223632811,False,CALL,2026-02-20,PAAS
PAAS260220C00065000,65.0,4.1,3.9,4.2,239.0,3062.0,0.8017597949218749,False,CALL,2026-02-20,PAAS
PAAS260220C00066000,66.0,3.6,3.6,3.9,34.0,321.0,0.8139667041015625,False,CALL,2026-02-20,PAAS
PAAS260220C00070000,70.0,2.65,2.45,2.65,345.0,5191.0,0.8208025732421874,False,CALL,2026-02-20,PAAS
PAAS260220C00075000,75.0,1.67,1.5,1.7,306.0,5092.0,0.842775009765625,False,CALL,2026-02-20,PAAS
PAAS260220C00080000,80.0,1.1,0.95,1.2,3660.0,4019.0,0.8833019482421874,False,CALL,2026-02-20,PAAS
PAAS260220P00044000,44.0,0.39,0.05,0.55,,1.0,0.9023447265625,False,PUT,2026-02-20,PAAS
PAAS260220P00045000,45.0,0.3,0.25,0.3,15.0,4241.0,0.8398453515625,False,PUT,2026-02-20,PAAS
PAAS260220P00046000,46.0,0.25,0.05,0.5,1.0,1.0,0.7929708203125,False,PUT,2026-02-20,PAAS
PAAS260220P00047000,47.0,0.32,0.05,0.6,2.0,300.0,0.7773459765625,False,PUT,2026-02-20,PAAS
PAAS260220P00048000,48.0,0.35,0.1,0.65,3.0,7.0,0.7568383691406251,False,PUT,2026-02-20,PAAS
PAAS260220P00049000,49.0,0.45,0.2,0.85,10.0,110.0,0.7753928710937501,False,PUT,2026-02-20,PAAS
PAAS260220P00050000,50.0,0.7,0.65,0.75,46.0,1984.0,0.790041162109375,False,PUT,2026-02-20,PAAS
PAAS260220P00051000,51.0,0.9,0.75,1.0,7.0,30.0,0.7944356494140624,False,PUT,2026-02-20,PAAS
PAAS260220P00052000,52.0,1.1,0.95,1.15,12.0,575.0,0.79101771484375,False,PUT,2026-02-20,PAAS
PAAS260220P00053000,53.0,1.21,1.15,1.3,2.0,155.0,0.7812521875,False,PUT,2026-02-20,PAAS
PAAS260220P00054000,54.0,1.5,1.4,1.55,4.0,56.0,0.7841818457031251,False,PUT,2026-02-20,PAAS
PAAS260220P00055000,55.0,1.7,1.65,1.8,56.0,4627.0,0.7797873583984375,False,PUT,2026-02-20,PAAS
PAAS260220P00056000,56.0,2.05,1.9,2.1,24.0,45.0,0.7749045947265626,False,PUT,2026-02-20,PAAS
PAAS260220P00057000,57.0,2.4,2.25,2.45,10.0,115.0,0.7785666674804688,False,PUT,2026-02-20,PAAS
PAAS260220P00058000,58.0,2.61,2.55,2.85,11.0,92.0,0.7758811474609376,False,PUT,2026-02-20,PAAS
PAAS260220P00059000,59.0,3.3,2.95,3.1,7.0,44.0,0.7631859619140625,False,PUT,2026-02-20,PAAS
PAAS260220P00060000,60.0,3.5,3.4,3.7,110.0,1602.0,0.77929908203125,False,PUT,2026-02-20,PAAS
PAAS260220P00061000,61.0,4.2,3.8,4.1,36.0,173.0,0.7685570019531252,False,PUT,2026-02-20,PAAS
PAAS260220P00062000,62.0,4.4,4.4,4.5,100.0,172.0,0.7685570019531252,False,PUT,2026-02-20,PAAS
PAAS260220P00063000,63.0,4.9,4.8,5.1,45.0,70.0,0.76367423828125,True,PUT,2026-02-20,PAAS
PAAS260220P00064000,64.0,5.6,5.4,5.7,97.0,300.0,0.7692894165039064,True,PUT,2026-02-20,PAAS
PAAS260220P00065000,65.0,6.55,5.9,6.3,34.0,222.0,0.7619652709960938,True,PUT,2026-02-20,PAAS
PAAS260220P00066000,66.0,6.85,6.6,6.8,3.0,112.0,0.7575707836914063,True,PUT,2026-02-20,PAAS
PAAS260220P00070000,70.0,9.6,9.4,9.8,42.0,152.0,0.7768577001953125,True,PUT,2026-02-20,PAAS
PAAS260227C00044000,44.0,11.7,17.7,20.2,,1.0,0.7597680273437502,True,CALL,2026-02-27,PAAS
PAAS260227C00045000,45.0,15.3,17.5,19.4,,2.0,0.940430283203125,True,CALL,2026-02-27,PAAS
PAAS260227C00048000,48.0,8.65,14.1,16.6,,1.0,0.7656273437500001,True,CALL,2026-02-27,PAAS
PAAS260227C00050000,50.0,16.8,12.4,14.7,58.0,26.0,0.735354208984375,True,CALL,2026-02-27,PAAS
PAAS260227C00052000,52.0,15.0,11.9,13.2,7.0,0.0,0.868165380859375,True,CALL,2026-02-27,PAAS
PAAS260227C00053000,53.0,11.75,11.1,12.3,10.0,30.0,0.8432632861328124,True,CALL,2026-02-27,PAAS
PAAS260227C00054000,54.0,6.8,10.4,11.7,100.0,64.0,0.8530288134765626,True,CALL,2026-02-27,PAAS
PAAS260227C00055000,55.0,10.55,9.0,10.8,5.0,118.0,0.7695335546875001,True,CALL,2026-02-27,PAAS
PAAS260227C00056000,56.0,10.25,8.3,10.3,1.0,4.0,0.7814963256835938,True,CALL,2026-02-27,PAAS
PAAS260227C00057000,57.0,8.3,8.4,9.1,3.0,190.0,0.7956563403320311,True,CALL,2026-02-27,PAAS
PAAS260227C00058000,58.0,8.4,7.9,8.8,9.0,60.0,0.8271501660156249,True,CALL,2026-02-27,PAAS
PAAS260227C00059000,59.0,8.9,7.0,7.9,6.0,11.0,0.7775901147460937,True,CALL,2026-02-27,PAAS
PAAS260227C00060000,60.0,7.0,6.7,7.5,29.0,249.0,0.80664255859375,True,CALL,2026-02-27,PAAS
PAAS260227C00061000,61.0,7.6,5.9,6.9,1.0,19.0,0.780275634765625,True,CALL,2026-02-27,PAAS
PAAS260227C00062000,62.0,6.19,5.7,6.5,2.0,27.0,0.8071308349609375,True,CALL,2026-02-27,PAAS
PAAS260227C00063000,63.0,5.71,5.3,5.9,11.0,81.0,0.8015156567382812,False,CALL,2026-02-27,PAAS
PAAS260227C00064000,64.0,6.2,4.8,5.7,67.0,131.0,0.8129901513671874,False,CALL,2026-02-27,PAAS
PAAS260227C00065000,65.0,4.76,4.5,5.1,12.0,93.0,0.8068866967773438,False,CALL,2026-02-27,PAAS
PAAS260227C00066000,66.0,5.9,4.2,5.2,2.0,35.0,0.8461929443359374,False,CALL,2026-02-27,PAAS
PAAS260227C00067000,67.0,3.87,3.8,4.2,14.0,44.0,0.797853583984375,False,CALL,2026-02-27,PAAS
PAAS260227C00068000,68.0,3.49,3.6,4.1,17.0,44.0,0.8237322314453124,False,CALL,2026-02-27,PAAS
PAAS260227C00069000,69.0,3.6,3.3,3.7,12.0,35.0,0.818117053222656,False,CALL,2026-02-27,PAAS
PAAS260227C00070000,70.0,3.2,3.0,3.4,24.0,199.0,0.8164080859374999,False,CALL,2026-02-27,PAAS
PAAS260227C00075000,75.0,2.68,1.75,2.4,5.0,117.0,0.8220232641601561,False,CALL,2026-02-27,PAAS
PAAS260227C00080000,80.0,2.38,1.15,1.7,4.0,95.0,0.848634326171875,False,CALL,2026-02-27,PAAS
PAAS260227P00044000,44.0,0.5,0.05,1.0,1.0,4.0,0.9003916210937499,False,PUT,2026-02-27,PAAS
PAAS260227P00045000,45.0,0.4,0.35,0.65,2.0,18.0,0.8437515624999999,False,PUT,2026-02-27,PAAS
PAAS260227P00046000,46.0,0.57,0.2,0.95,6.0,21.0,0.8291032714843749,False,PUT,2026-02-27,PAAS
PAAS260227P00047000,47.0,0.5,0.3,0.95,603.0,908.0,0.8027363476562499,False,PUT,2026-02-27,PAAS
PAAS260227P00048000,48.0,0.81,0.2,1.4,100.0,301.0,0.8139667041015625,False,PUT,2026-02-27,PAAS
PAAS260227P00049000,49.0,1.02,0.7,1.55,10.0,13.0,0.8579115771484375,False,PUT,2026-02-27,PAAS
PAAS260227P00050000,50.0,0.77,0.35,1.95,52.0,320.0,0.81445498046875,False,PUT,2026-02-27,PAAS
PAAS260227P00051000,51.0,1.1,1.05,1.5,5.0,9.0,0.7949239257812499,False,PUT,2026-02-27,PAAS
PAAS260227P00052000,52.0,1.05,0.6,1.75,20.0,13.0,0.7221707470703125,False,PUT,2026-02-27,PAAS
PAAS260227P00053000,53.0,1.1,0.85,2.0,4.0,16.0,0.727541787109375,False,PUT,2026-02-27,PAAS
PAAS260227P00054000,54.0,1.91,1.65,2.25,1.0,18.0,0.7790549438476562,False,PUT,2026-02-27,PAAS
PAAS260227P00055000,55.0,1.86,1.95,2.4,12.0,79.0,0.7651390673828126,False,PUT,2026-02-27,PAAS
PAAS260227P00056000,56.0,1.95,1.2,2.9,8.0,17.0,0.6872589868164063,False,PUT,2026-02-27,PAAS
PAAS260227P00057000,57.0,2.9,2.6,3.1,1.0,24.0,0.7634301000976562,False,PUT,2026-02-27,PAAS
PAAS260227P00058000,58.0,2.8,1.9,3.6,2.0,14.0,0.6872589868164063,False,PUT,2026-02-27,PAAS
PAAS260227P00059000,59.0,3.6,3.3,4.0,2.0,11.0,0.762697685546875,False,PUT,2026-02-27,PAAS
PAAS260227P00060000,60.0,4.2,3.8,4.4,11.0,41.0,0.7629418237304688,False,PUT,2026-02-27,PAAS
PAAS260227P00061000,61.0,3.95,4.2,4.9,5.0,7.0,0.7587914746093751,False,PUT,2026-02-27,PAAS
PAAS260227P00062000,62.0,5.0,4.8,5.3,1.0,15.0,0.7578149218750001,False,PUT,2026-02-27,PAAS
PAAS260227P00063000,63.0,5.9,5.2,6.0,3.0,28.0,0.7595238891601563,True,PUT,2026-02-27,PAAS
PAAS260227P00064000,64.0,6.05,5.9,6.2,7.0,29.0,0.7434107690429688,True,PUT,2026-02-27,PAAS
PAAS260227P00065000,65.0,5.5,6.4,7.4,3.0,15.0,0.7790549438476562,True,PUT,2026-02-27,PAAS
PAAS260227P00066000,66.0,6.12,7.0,7.7,1.0,1.0,0.754885263671875,True,PUT,2026-02-27,PAAS
PAAS260227P00075000,75.0,12.97,13.4,15.7,1.0,1.0,0.8518081225585938,True,PUT,2026-02-27,PAAS
PAAS260306C00058000,58.0,9.2,7.5,9.2,80.0,15.0,0.7448755981445312,True,CALL,2026-03-06,PAAS
PAAS260306C00059000,59.0,9.5,7.6,8.5,1.0,1.0,0.7810080493164062,True,CALL,2026-03-06,PAAS
PAAS260306C00060000,60.0,7.1,7.2,8.1,9.0,17.0,0.79883013671875,True,CALL,2026-03-06,PAAS
PAAS260306C00061000,61.0,7.5,6.8,7.2,1.0,5.0,0.7800314965820312,True,CALL,2026-03-06,PAAS
PAAS260306C00062000,62.0,9.9,6.2,7.1,2.0,19.0,0.79687703125,True,CALL,2026-03-06,PAAS
PAAS260306C00063000,63.0,5.88,5.8,6.4,9.0,2.0,0.7846701220703125,False,CALL,2026-03-06,PAAS
PAAS260306C00065000,65.0,5.26,5.0,5.6,11.0,202.0,0.7893087475585938,False,CALL,2026-03-06,PAAS
PAAS260306C00066000,66.0,4.9,4.7,5.3,12.0,35.0,0.799806689453125,False,CALL,2026-03-06,PAAS
PAAS260306C00067000,67.0,5.4,4.1,5.0,1.0,4.0,0.7883321948242188,False,CALL,2026-03-06,PAAS
PAAS260306C00068000,68.0,4.1,3.7,4.6,3.0,23.0,0.780275634765625,False,CALL,2026-03-06,PAAS
PAAS260306C00070000,70.0,3.5,3.4,4.1,23.0,97.0,0.8081073876953124,False,CALL,2026-03-06,PAAS
PAAS260306C00075000,75.0,2.2,2.15,2.95,17.0,206.0,0.8117694604492187,False,CALL,2026-03-06,PAAS
PAAS260306C00080000,80.0,1.92,1.45,2.2,1.0,48.0,0.8349625878906248,False,CALL,2026-03-06,PAAS
PAAS260306P00051000,51.0,1.4,1.3,1.9,1.0,2.0,0.782228740234375,False,PUT,2026-03-06,PAAS
PAAS260306P00053000,53.0,2.07,1.75,2.4,1.0,4.0,0.772463212890625,False,PUT,2026-03-06,PAAS
PAAS260306P00060000,60.0,4.2,4.4,4.9,1.0,4.0,0.7592797509765626,False,PUT,2026-03-06,PAAS
PAAS260306P00063000,63.0,6.2,5.8,6.5,12.0,47.0,0.7531762963867188,True,PUT,2026-03-06,PAAS
PAAS260306P00064000,64.0,6.68,6.0,7.1,1.0,11.0,0.7321804125976561,True,PUT,2026-03-06,PAAS
PAAS260320C00044000,44.0,24.06,18.1,20.5,5.0,3.0,0.7143583251953125,True,CALL,2026-03-20,PAAS
PAAS260320C00045000,45.0,18.1,17.3,19.6,2.0,2045.0,0.7211941943359376,True,CALL,2026-03-20,PAAS
PAAS260320C00046000,46.0,17.6,17.0,18.7,7.0,9.0,0.780275634765625,True,CALL,2026-03-20,PAAS
PAAS260320C00047000,47.0,17.21,15.6,17.9,10.0,54.0,0.7187528125,True,CALL,2026-03-20,PAAS
PAAS260320C00048000,48.0,18.67,15.6,17.2,3.0,50.0,0.8081073876953124,True,CALL,2026-03-20,PAAS
PAAS260320C00049000,49.0,15.0,15.1,16.3,6.0,10067.0,0.8178729150390623,True,CALL,2026-03-20,PAAS
PAAS260320C00050000,50.0,15.0,14.4,15.2,171.0,4321.0,0.7907735766601562,True,CALL,2026-03-20,PAAS
PAAS260320C00055000,55.0,11.4,10.9,11.8,180.0,6207.0,0.7810080493164062,True,CALL,2026-03-20,PAAS
PAAS260320C00060000,60.0,8.86,8.1,8.7,56.0,3261.0,0.7641625146484375,True,CALL,2026-03-20,PAAS
PAAS260320C00065000,65.0,6.5,6.2,6.5,999.0,3196.0,0.7846701220703125,False,CALL,2026-03-20,PAAS
PAAS260320C00070000,70.0,4.6,4.4,5.0,262.0,4632.0,0.7933370275878906,False,CALL,2026-03-20,PAAS
PAAS260320C00075000,75.0,3.4,3.2,3.8,242.0,4963.0,0.80664255859375,False,CALL,2026-03-20,PAAS
PAAS260320C00080000,80.0,2.6,2.45,2.95,167.0,5683.0,0.831056376953125,False,CALL,2026-03-20,PAAS
PAAS260320P00044000,44.0,0.75,0.65,1.05,3.0,64.0,0.7861349511718749,False,PUT,2026-03-20,PAAS
PAAS260320P00045000,45.0,0.81,0.55,1.1,25.0,1473.0,0.7412135253906249,False,PUT,2026-03-20,PAAS
PAAS260320P00046000,46.0,1.05,0.95,1.25,1.0,552.0,0.7690452783203126,False,PUT,2026-03-20,PAAS
PAAS260320P00047000,47.0,1.12,1.1,1.55,6.0,400.0,0.7773459765625,False,PUT,2026-03-20,PAAS
PAAS260320P00048000,48.0,1.2,1.25,1.65,2.0,1331.0,0.7612328564453126,False,PUT,2026-03-20,PAAS
PAAS260320P00049000,49.0,1.62,1.45,1.85,4.0,897.0,0.7570825073242189,False,PUT,2026-03-20,PAAS
PAAS260320P00050000,50.0,1.92,1.75,1.95,146.0,3034.0,0.7497583618164063,False,PUT,2026-03-20,PAAS
PAAS260320P00055000,55.0,3.34,3.2,3.5,43.0,3075.0,0.7424342163085937,False,PUT,2026-03-20,PAAS
PAAS260320P00060000,60.0,5.5,5.3,5.6,147.0,1618.0,0.73633076171875,False,PUT,2026-03-20,PAAS
PAAS260320P00065000,65.0,8.3,8.1,8.4,531.0,885.0,0.7419459399414061,True,PUT,2026-03-20,PAAS
PAAS260320P00070000,70.0,10.11,11.1,12.0,22.0,138.0,0.7438990454101562,True,PUT,2026-03-20,PAAS
PAAS260320P00075000,75.0,14.61,14.9,15.7,4.0,6.0,0.747072841796875,True,PUT,2026-03-20,PAAS
PAAS260320P00080000,80.0,19.1,19.0,19.9,30.0,125.0,0.7575707836914063,True,PUT,2026-03-20,PAAS
PAAS260417C00044000,44.0,11.41,19.3,21.2,2.0,2.0,0.76367423828125,True,CALL,2026-04-17,PAAS
PAAS260417C00045000,45.0,19.49,19.3,20.0,76.0,3920.0,0.7927266821289063,True,CALL,2026-04-17,PAAS
PAAS260417C00046000,46.0,17.08,17.2,19.6,4.0,70.0,0.7180203979492188,True,CALL,2026-04-17,PAAS
PAAS260417C00047000,47.0,19.1,16.4,18.8,3.0,29.0,0.7131376342773439,True,CALL,2026-04-17,PAAS
PAAS260417C00048000,48.0,19.0,16.5,17.8,1.0,46.0,0.7536645727539062,True,CALL,2026-04-17,PAAS
PAAS260417C00049000,49.0,17.0,14.8,17.1,2.0,3373.0,0.6904327832031252,True,CALL,2026-04-17,PAAS
PAAS260417C00050000,50.0,15.9,15.4,16.3,18.0,1504.0,0.7658714819335939,True,CALL,2026-04-17,PAAS
PAAS260417C00055000,55.0,12.6,12.2,13.0,59.0,1817.0,0.7536645727539062,True,CALL,2026-04-17,PAAS
PAAS260417C00060000,60.0,9.8,9.7,10.0,85.0,1658.0,0.74414318359375,True,CALL,2026-04-17,PAAS
PAAS260417C00065000,65.0,7.7,7.5,7.7,249.0,1581.0,0.7379176599121093,False,CALL,2026-04-17,PAAS
PAAS260417C00070000,70.0,6.18,5.7,6.3,61.0,2087.0,0.7509790527343749,False,CALL,2026-04-17,PAAS
PAAS260417C00075000,75.0,4.6,4.4,5.1,2100.0,8796.0,0.76367423828125,False,CALL,2026-04-17,PAAS
PAAS260417C00080000,80.0,3.86,3.5,4.0,17.0,687.0,0.773439765625,False,CALL,2026-04-17,PAAS
PAAS260417P00044000,44.0,1.05,0.8,1.6,1.0,28.0,0.7014190014648438,False,PUT,2026-04-17,PAAS
PAAS260417P00045000,45.0,1.5,1.35,1.65,5.0,510.0,0.72070591796875,False,PUT,2026-04-17,PAAS
PAAS260417P00046000,46.0,1.65,1.5,1.8,1.0,31.0,0.7104521142578125,False,PUT,2026-04-17,PAAS
PAAS260417P00047000,47.0,1.79,1.75,2.15,1.0,98.0,0.72070591796875,False,PUT,2026-04-17,PAAS
PAAS260417P00048000,48.0,1.97,1.45,2.5,50.0,94.0,0.6887238159179689,False,PUT,2026-04-17,PAAS
PAAS260417P00049000,49.0,1.5,2.1,2.7,1.0,102.0,0.7104521142578125,False,PUT,2026-04-17,PAAS
PAAS260417P00050000,50.0,2.72,2.5,2.95,15.0,529.0,0.7146024633789063,False,PUT,2026-04-17,PAAS
PAAS260417P00055000,55.0,4.35,4.1,4.6,105.0,867.0,0.6987334814453126,False,PUT,2026-04-17,PAAS
PAAS260417P00060000,60.0,6.5,6.4,6.5,31.0,482.0,0.6813996704101564,False,PUT,2026-04-17,PAAS
PAAS260417P00065000,65.0,9.4,9.2,9.6,127.0,545.0,0.6950714086914063,True,PUT,2026-04-17,PAAS
PAAS260417P00070000,70.0,11.19,12.4,13.1,12.0,313.0,0.703250037841797,True,PUT,2026-04-17,PAAS
PAAS260417P00075000,75.0,16.01,15.9,17.0,10.0,9.0,0.70898728515625,True,PUT,2026-04-17,PAAS
PAAS260515C00044000,44.0,25.75,19.6,21.9,9.0,64.0,0.726565234375,True,CALL,2026-05-15,PAAS
PAAS260515C00045000,45.0,20.4,19.9,20.7,12.0,404.0,0.7639183764648438,True,CALL,2026-05-15,PAAS
PAAS260515C00046000,46.0,21.0,18.1,20.4,2.0,16.0,0.7243679907226561,True,CALL,2026-05-15,PAAS
PAAS260515C00047000,47.0,23.2,17.5,19.7,2.0,8.0,0.7316921362304687,True,CALL,2026-05-15,PAAS
PAAS260515C00048000,48.0,17.65,17.0,18.9,3.0,38.0,0.73633076171875,True,CALL,2026-05-15,PAAS
PAAS260515C00049000,49.0,19.0,16.0,18.3,1.0,38.0,0.7229031616210937,True,CALL,2026-05-15,PAAS
PAAS260515C00050000,50.0,16.9,16.3,17.5,1.0,4927.0,0.7634301000976562,True,CALL,2026-05-15,PAAS
PAAS260515C00055000,55.0,13.2,13.5,14.5,27.0,1101.0,0.7668480346679689,True,CALL,2026-05-15,PAAS
PAAS260515C00060000,60.0,10.9,11.3,11.3,46.0,2759.0,0.7517114672851561,True,CALL,2026-05-15,PAAS
PAAS260515C00065000,65.0,9.38,9.0,9.6,72.0,1618.0,0.7601342346191409,False,CALL,2026-05-15,PAAS
PAAS260515C00070000,70.0,7.7,7.2,7.8,417.0,447.0,0.7565942309570313,False,CALL,2026-05-15,PAAS
PAAS260515C00075000,75.0,6.2,5.8,6.5,79.0,824.0,0.7635521691894531,False,CALL,2026-05-15,PAAS
PAAS260515C00080000,80.0,5.0,4.8,5.4,31.0,471.0,0.7740501110839844,False,CALL,2026-05-15,PAAS
PAAS260515P00044000,44.0,1.6,1.7,2.25,11.0,61.0,0.7165555688476561,False,PUT,2026-05-15,PAAS
PAAS260515P00045000,45.0,2.15,1.95,2.3,26.0,224.0,0.7043486596679689,False,PUT,2026-05-15,PAAS
PAAS260515P00046000,46.0,1.95,1.85,2.75,1.0,64.0,0.6940948559570312,False,PUT,2026-05-15,PAAS
PAAS260515P00047000,47.0,2.57,2.35,2.85,5.0,83.0,0.697390721435547,False,PUT,2026-05-15,PAAS
PAAS260515P00048000,48.0,2.42,1.95,3.3,3.0,90.0,0.6674837939453127,False,PUT,2026-05-15,PAAS
PAAS260515P00049000,49.0,3.6,2.4,3.6,2.0,56.0,0.6757844921875001,False,PUT,2026-05-15,PAAS
PAAS260515P00050000,50.0,3.5,3.2,4.0,4.0,1338.0,0.7038603833007813,False,PUT,2026-05-15,PAAS
PAAS260515P00055000,55.0,5.7,5.1,5.7,10.0,185.0,0.6905548522949221,False,PUT,2026-05-15,PAAS
PAAS260515P00060000,60.0,7.6,7.5,8.5,138.0,351.0,0.7053252124023439,False,PUT,2026-05-15,PAAS
PAAS260515P00065000,65.0,10.7,10.4,11.2,1.0,95.0,0.7009307250976562,True,PUT,2026-05-15,PAAS
PAAS260515P00070000,70.0,13.3,13.5,14.9,1.0,22.0,0.7124052197265626,True,PUT,2026-05-15,PAAS
PAAS260515P00075000,75.0,17.4,17.0,18.4,4.0,5.0,0.7065459033203125,True,PUT,2026-05-15,PAAS
PAAS260515P00080000,80.0,19.25,20.8,22.2,116.0,116.0,0.7019072778320312,True,PUT,2026-05-15,PAAS
PAAS260717C00044000,44.0,24.44,21.7,23.1,1.0,91.0,0.7385280053710936,True,CALL,2026-07-17,PAAS
PAAS260717C00045000,45.0,21.25,20.1,22.4,11.0,233.0,0.6950714086914063,True,CALL,2026-07-17,PAAS
PAAS260717C00046000,46.0,22.8,19.4,21.8,8.0,114.0,0.6967803759765626,True,CALL,2026-07-17,PAAS
PAAS260717C00047000,47.0,22.3,18.9,21.1,10.0,114.0,0.70117486328125,True,CALL,2026-07-17,PAAS
PAAS260717C00048000,48.0,19.4,19.0,20.5,5.0,26.0,0.7319362744140624,True,CALL,2026-07-17,PAAS
PAAS260717C00049000,49.0,19.75,17.5,19.8,12.0,6.0,0.69336244140625,True,CALL,2026-07-17,PAAS
PAAS260717C00050000,50.0,18.4,18.0,19.1,20.0,693.0,0.731325928955078,True,CALL,2026-07-17,PAAS
PAAS260717C00055000,55.0,16.1,15.1,16.3,65.0,987.0,0.7221707470703125,True,CALL,2026-07-17,PAAS
PAAS260717C00060000,60.0,13.3,12.9,13.8,156.0,4528.0,0.7227810925292968,True,CALL,2026-07-17,PAAS
PAAS260717C00065000,65.0,11.04,10.9,11.4,47.0,1760.0,0.7125272888183594,False,CALL,2026-07-17,PAAS
PAAS260717C00070000,70.0,9.63,9.2,9.8,255.0,1464.0,0.7174710870361327,False,CALL,2026-07-17,PAAS
PAAS260717C00075000,75.0,7.33,7.8,8.5,24.0,244.0,0.7246731634521484,False,CALL,2026-07-17,PAAS
PAAS260717C00080000,80.0,6.78,6.6,7.2,33.0,336.0,0.7246121289062499,False,CALL,2026-07-17,PAAS
PAAS260717P00044000,44.0,3.2,1.8,3.3,2.0,44.0,0.6282996154785156,False,PUT,2026-07-17,PAAS
PAAS260717P00045000,45.0,3.3,3.0,3.5,1.0,77.0,0.6678500012207034,False,PUT,2026-07-17,PAAS
PAAS260717P00046000,46.0,5.2,3.1,3.9,4.0,22.0,0.6618686157226563,False,PUT,2026-07-17,PAAS
PAAS260717P00047000,47.0,4.0,3.3,4.6,2.0,7.0,0.6718782812500002,False,PUT,2026-07-17,PAAS
PAAS260717P00048000,48.0,3.9,3.9,4.4,2.0,33.0,0.6594272338867189,False,PUT,2026-07-17,PAAS
PAAS260717P00049000,49.0,4.7,4.3,4.8,5.0,11.0,0.662234822998047,False,PUT,2026-07-17,PAAS
PAAS260717P00050000,50.0,4.8,4.6,5.0,32.0,965.0,0.6521030883789063,False,PUT,2026-07-17,PAAS
PAAS260717P00055000,55.0,7.25,6.7,7.5,17.0,363.0,0.6621127539062501,False,PUT,2026-07-17,PAAS
PAAS260717P00060000,60.0,8.6,9.2,10.1,90.0,391.0,0.6611362011718751,False,PUT,2026-07-17,PAAS
PAAS260717P00065000,65.0,12.8,12.1,13.1,481.0,453.0,0.6623568920898439,True,PUT,2026-07-17,PAAS
PAAS260717P00070000,70.0,14.39,15.4,16.6,27.0,38.0,0.6707796594238282,True,PUT,2026-07-17,PAAS
PAAS260717P00075000,75.0,18.34,18.9,20.3,31.0,35.0,0.6745638012695314,True,PUT,2026-07-17,PAAS
PAAS260821C00044000,44.0,11.6,21.6,23.8,,3.0,0.6975127905273439,True,CALL,2026-08-21,PAAS
PAAS260821C00045000,45.0,26.3,20.9,23.1,1.0,456.0,0.6938507177734375,True,CALL,2026-08-21,PAAS
PAAS260821C00046000,46.0,11.5,20.2,22.4,,4.0,0.6892120922851563,True,CALL,2026-08-21,PAAS
PAAS260821C00047000,47.0,23.35,19.5,21.8,1.0,5.0,0.6873810559082032,True,CALL,2026-08-21,PAAS
PAAS260821C00048000,48.0,21.35,18.9,21.2,68.0,78.0,0.6882355395507813,True,CALL,2026-08-21,PAAS
PAAS260821C00049000,49.0,19.79,19.3,20.4,1.0,68.0,0.715701085205078,True,CALL,2026-08-21,PAAS
PAAS260821C00050000,50.0,18.0,18.8,19.9,1.0,176.0,0.7203397106933593,True,CALL,2026-08-21,PAAS
PAAS260821C00055000,55.0,15.67,16.3,16.8,27.0,614.0,0.7093534924316407,True,CALL,2026-08-21,PAAS
PAAS260821C00060000,60.0,13.78,13.5,14.7,52.0,683.0,0.7006255523681642,True,CALL,2026-08-21,PAAS
PAAS260821C00065000,65.0,12.0,11.7,12.6,2.0,335.0,0.70312796875,False,CALL,2026-08-21,PAAS
PAAS260821C00070000,70.0,10.25,9.4,11.0,8.0,431.0,0.6906769213867189,False,CALL,2026-08-21,PAAS
PAAS260821C00075000,75.0,9.0,8.3,9.5,34.0,236.0,0.7000762414550781,False,CALL,2026-08-21,PAAS
PAAS260821C00080000,80.0,8.6,6.9,8.3,3.0,57.0,0.6981231359863282,False,CALL,2026-08-21,PAAS
PAAS260821P00045000,45.0,3.74,3.6,4.0,30.0,27.0,0.6538120556640626,False,PUT,2026-08-21,PAAS
PAAS260821P00046000,46.0,6.8,3.0,4.6,,2.0,0.6268347863769532,False,PUT,2026-08-21,PAAS
PAAS260821P00047000,47.0,5.88,3.3,4.9,,2.0,0.6234168518066407,False,PUT,2026-08-21,PAAS
PAAS260821P00048000,48.0,7.4,3.6,5.3,,1.0,0.6228065063476562,False,PUT,2026-08-21,PAAS
PAAS260821P00049000,49.0,7.0,4.5,5.7,2.0,11.0,0.6423375610351563,False,PUT,2026-08-21,PAAS
PAAS260821P00050000,50.0,5.6,4.2,6.1,30.0,45.0,0.6180458117675782,False,PUT,2026-08-21,PAAS
PAAS260821P00055000,55.0,7.5,7.0,8.3,11.0,201.0,0.6364782446289063,False,PUT,2026-08-21,PAAS
PAAS260821P00060000,60.0,9.88,9.9,11.1,5.0,19.0,0.6499058447265625,False,PUT,2026-08-21,PAAS
PAAS260821P00065000,65.0,12.2,12.3,14.1,2.0,23.0,0.6355016918945313,True,PUT,2026-08-21,PAAS
PAAS260821P00070000,70.0,14.3,15.6,17.4,47.0,51.0,0.637576866455078,True,PUT,2026-08-21,PAAS
PAAS260821P00075000,75.0,20.3,19.1,21.1,5.0,1.0,0.6413610083007812,True,PUT,2026-08-21,PAAS
PAAS261120C00045000,45.0,25.41,22.2,24.5,36.0,135.0,0.6651644812011721,True,CALL,2026-11-20,PAAS
PAAS261120C00050000,50.0,20.8,20.3,21.7,11.0,669.0,0.6917755432128907,True,CALL,2026-11-20,PAAS
PAAS261120C00055000,55.0,19.78,17.5,19.4,2.0,403.0,0.686648641357422,True,CALL,2026-11-20,PAAS
PAAS261120C00060000,60.0,17.49,15.1,17.2,2.0,346.0,0.6801789794921876,True,CALL,2026-11-20,PAAS
PAAS261120C00065000,65.0,15.29,13.0,14.7,6.0,213.0,0.6623568920898439,False,CALL,2026-11-20,PAAS
PAAS261120C00070000,70.0,12.1,12.1,13.1,6.0,110.0,0.6817658776855471,False,CALL,2026-11-20,PAAS
PAAS261120C00075000,75.0,11.0,10.8,11.2,27.0,295.0,0.6759065612792969,False,CALL,2026-11-20,PAAS
PAAS261120C00080000,80.0,9.85,8.5,11.2,2.0,179.0,0.6820100158691409,False,CALL,2026-11-20,PAAS
PAAS261120P00045000,45.0,4.3,4.2,5.3,1.0,160.0,0.6073037316894532,False,PUT,2026-11-20,PAAS
PAAS261120P00050000,50.0,6.2,5.9,7.0,7.0,227.0,0.5883830224609375,False,PUT,2026-11-20,PAAS
PAAS261120P00055000,55.0,8.4,8.2,9.8,8.0,148.0,0.5980875152587892,False,PUT,2026-11-20,PAAS
PAAS261120P00060000,60.0,12.0,10.8,13.0,5.0,45.0,0.6068764898681642,False,PUT,2026-11-20,PAAS
PAAS261120P00065000,65.0,14.6,14.4,14.6,257.0,697.0,0.5875895733642578,True,PUT,2026-11-20,PAAS
PAAS261120P00070000,70.0,18.21,16.9,19.2,,4.0,0.5994913098144532,True,PUT,2026-11-20,PAAS
PAAS261120P00080000,80.0,22.3,24.1,26.8,5.0,11.0,0.606144075317383,True,PUT,2026-11-20,PAAS
PAAS270115C00045000,45.0,27.2,22.6,25.4,2.0,1117.0,0.6478306701660157,True,CALL,2027-01-15,PAAS
PAAS270115C00050000,50.0,21.7,21.2,22.4,45.0,1873.0,0.6751741467285157,True,CALL,2027-01-15,PAAS
PAAS270115C00055000,55.0,19.08,18.8,19.8,63.0,13482.0,0.6693148303222658,True,CALL,2027-01-15,PAAS
PAAS270115C00060000,60.0,17.3,16.6,17.4,129.0,1747.0,0.6610141320800782,True,CALL,2027-01-15,PAAS
PAAS270115C00065000,65.0,15.2,14.7,15.5,146.0,1078.0,0.6599155102539063,False,CALL,2027-01-15,PAAS
PAAS270115C00070000,70.0,13.6,13.0,13.8,245.0,635.0,0.6580844738769531,False,CALL,2027-01-15,PAAS
PAAS270115C00075000,75.0,12.0,10.8,12.7,7.0,702.0,0.65039412109375,False,CALL,2027-01-15,PAAS
PAAS270115C00080000,80.0,11.1,10.0,12.0,63.0,1401.0,0.6723055230712893,False,CALL,2027-01-15,PAAS
PAAS270115P00045000,45.0,5.45,4.8,6.1,3.0,772.0,0.5985147570800782,False,PUT,2027-01-15,PAAS
PAAS270115P00050000,50.0,6.94,6.4,8.2,12.0,284.0,0.5833781896972656,False,PUT,2027-01-15,PAAS
PAAS270115P00055000,55.0,10.0,9.4,11.3,55.0,557.0,0.6112099426269533,False,PUT,2027-01-15,PAAS
PAAS270115P00060000,60.0,12.4,12.0,12.9,18.0,237.0,0.5803874969482423,False,PUT,2027-01-15,PAAS
PAAS270115P00065000,65.0,14.39,14.4,17.1,10.0,64.0,0.590946473388672,True,PUT,2027-01-15,PAAS
PAAS270115P00070000,70.0,18.87,18.0,19.2,7.0,107.0,0.5722699023437501,True,PUT,2027-01-15,PAAS
PAAS270115P00075000,75.0,21.0,20.6,24.1,3.0,40.0,0.5814250842285156,True,PUT,2027-01-15,PAAS
PAAS270115P00080000,80.0,26.55,25.3,27.1,10.0,57.0,0.5867961242675781,True,PUT,2027-01-15,PAAS
PAAS280121C00045000,45.0,27.95,27.3,29.5,16.0,230.0,0.6269568554687501,True,CALL,2028-01-21,PAAS
PAAS280121C00047000,47.0,30.5,26.0,29.0,5.0,220.0,0.6279944427490236,True,CALL,2028-01-21,PAAS
PAAS280121C00050000,50.0,25.9,25.2,27.5,3.0,462.0,0.6341589318847658,True,CALL,2028-01-21,PAAS
PAAS280121C00055000,55.0,26.2,22.5,25.5,17.0,8109.0,0.6227454718017578,True,CALL,2028-01-21,PAAS
PAAS280121C00060000,60.0,22.51,21.9,22.8,86.0,2298.0,0.6287268572998048,True,CALL,2028-01-21,PAAS
PAAS280121C00065000,65.0,20.81,20.0,21.4,82.0,187.0,0.6288489263916017,False,CALL,2028-01-21,PAAS
PAAS280121C00070000,70.0,18.0,18.0,19.8,2.0,2027.0,0.6198158135986329,False,CALL,2028-01-21,PAAS
PAAS280121C00075000,75.0,17.8,17.3,18.3,12.0,513.0,0.6276282354736329,False,CALL,2028-01-21,PAAS
PAAS280121C00080000,80.0,16.18,15.7,17.0,80.0,301.0,0.6215858154296876,False,CALL,2028-01-21,PAAS
PAAS280121P00045000,45.0,7.59,7.8,9.4,3.0,221.0,0.5440719421386719,False,PUT,2028-01-21,PAAS
PAAS280121P00047000,47.0,9.7,7.8,11.5,1.0,102.0,0.5466353930664063,False,PUT,2028-01-21,PAAS
PAAS280121P00050000,50.0,9.7,9.1,12.9,22.0,88.0,0.539189178466797,False,PUT,2028-01-21,PAAS
PAAS280121P00055000,55.0,13.7,13.2,13.9,4.0,56.0,0.5313157220458984,False,PUT,2028-01-21,PAAS
PAAS280121P00060000,60.0,16.46,15.3,16.8,72.0,157.0,0.5155688092041015,False,PUT,2028-01-21,PAAS
PAAS280121P00065000,65.0,19.3,17.5,20.1,5.0,44.0,0.5022022436523439,True,PUT,2028-01-21,PAAS
PAAS280121P00075000,75.0,24.35,24.5,28.5,1.0,2.0,0.5239915765380858,True,PUT,2028-01-21,PAAS
PAAS280121P00080000,80.0,32.7,28.0,32.0,,11.0,0.5177660528564454,True,PUT,2028-01-21,PAAS
PANW260130C00135000,135.0,54.0,36.15,41.25,,1.0,2.50000375,True,CALL,2026-01-30,PANW
PANW260130C00150000,150.0,36.88,21.15,25.7,,2.0,1.3857452587890622,True,CALL,2026-01-30,PANW
PANW260130C00155000,155.0,18.42,16.15,20.7,10.0,6.0,1.150394873046875,True,CALL,2026-01-30,PANW
PANW260130C00160000,160.0,29.0,10.95,15.85,5.0,15.0,0.98437515625,True,CALL,2026-01-30,PANW
PANW260130C00165000,165.0,22.43,6.6,10.9,,10.0,0.7500025,True,CALL,2026-01-30,PANW
PANW260130C00170000,170.0,3.62,3.7,5.95,29.0,10.0,0.4936574072265626,True,CALL,2026-01-30,PANW
PANW260130C00175000,175.0,2.0,1.71,2.07,748.0,77.0,0.3776917700195312,True,CALL,2026-01-30,PANW
PANW260130C00177500,177.5,0.9,0.77,1.01,532.0,21.0,0.372076591796875,False,CALL,2026-01-30,PANW
PANW260130C00180000,180.0,0.46,0.4,0.59,1245.0,483.0,0.4194393994140625,False,CALL,2026-01-30,PANW
PANW260130C00182500,182.5,0.28,0.23,0.35,550.0,576.0,0.46191944335937507,False,CALL,2026-01-30,PANW
PANW260130C00185000,185.0,0.18,0.15,0.22,155.0,946.0,0.5048877636718749,False,CALL,2026-01-30,PANW
PANW260130C00187500,187.5,0.15,0.1,0.15,638.0,1418.0,0.532231240234375,False,CALL,2026-01-30,PANW
PANW260130C00190000,190.0,0.1,0.08,0.14,330.0,3308.0,0.5996133789062501,False,CALL,2026-01-30,PANW
PANW260130C00192500,192.5,0.1,0.05,0.14,115.0,1156.0,0.6621127539062501,False,CALL,2026-01-30,PANW
PANW260130C00195000,195.0,0.09,0.07,0.12,322.0,2987.0,0.73633076171875,False,CALL,2026-01-30,PANW
PANW260130C00197500,197.5,0.11,0.05,0.6,13.0,394.0,1.01172369140625,False,CALL,2026-01-30,PANW
PANW260130C00200000,200.0,0.07,0.07,0.1,3274.0,53739.0,0.8632826171875,False,CALL,2026-01-30,PANW
PANW260130C00202500,202.5,0.05,0.02,0.1,3.0,200.0,0.8867198828124999,False,CALL,2026-01-30,PANW
PANW260130C00205000,205.0,0.05,0.03,0.3,72.0,5801.0,1.107426337890625,False,CALL,2026-01-30,PANW
PANW260130C00207500,207.5,0.03,0.0,0.49,2.0,47.0,1.259769326171875,False,CALL,2026-01-30,PANW
PANW260130C00210000,210.0,0.04,0.01,0.06,29.0,995.0,1.0078174609375,False,CALL,2026-01-30,PANW
PANW260130C00212500,212.5,0.11,0.0,0.04,7.0,42.0,0.992187578125,False,CALL,2026-01-30,PANW
PANW260130C00215000,215.0,0.02,0.01,0.04,21.0,416.0,1.0781296093750001,False,CALL,2026-01-30,PANW
PANW260130C00220000,220.0,0.11,0.0,0.29,3.0,56.0,1.4765651171875,False,CALL,2026-01-30,PANW
PANW260130C00225000,225.0,0.07,0.0,4.8,4.0,34.0,2.8452177307128905,False,CALL,2026-01-30,PANW
PANW260130P00135000,135.0,0.06,0.0,4.8,6.0,1.0,3.1660177099609372,False,PUT,2026-01-30,PANW
PANW260130P00140000,140.0,0.03,0.0,0.03,11.0,25.0,1.125004375,False,PUT,2026-01-30,PANW
PANW260130P00145000,145.0,0.03,0.0,0.36,1.0,5.0,1.3515657421874998,False,PUT,2026-01-30,PANW
PANW260130P00150000,150.0,0.03,0.0,0.05,4.0,6.0,0.85937640625,False,PUT,2026-01-30,PANW
PANW260130P00155000,155.0,0.05,0.0,0.06,4.0,27.0,0.7148466015625,False,PUT,2026-01-30,PANW
PANW260130P00157500,157.5,0.05,0.0,0.09,1.0,1.0,0.6679720703125002,False,PUT,2026-01-30,PANW
PANW260130P00160000,160.0,0.05,0.01,0.13,72.0,1256.0,0.6210975390625001,False,PUT,2026-01-30,PANW
PANW260130P00162500,162.5,0.15,0.02,0.08,67.0,95.0,0.5039112109375,False,PUT,2026-01-30,PANW
PANW260130P00165000,165.0,0.14,0.04,0.18,222.0,168.0,0.5293015820312501,False,PUT,2026-01-30,PANW
PANW260130P00167500,167.5,0.39,0.12,0.47,72.0,426.0,0.5498091894531252,False,PUT,2026-01-30,PANW
PANW260130P00170000,170.0,0.35,0.29,0.47,1276.0,1662.0,0.4204159521484375,False,PUT,2026-01-30,PANW
PANW260130P00172500,172.5,0.72,0.72,1.0,132.0,426.0,0.40650007568359375,False,PUT,2026-01-30,PANW
PANW260130P00175000,175.0,2.1,1.55,1.98,1844.0,1899.0,0.40479110839843746,False,PUT,2026-01-30,PANW
PANW260130P00177500,177.5,4.45,2.98,4.25,94.0,530.0,0.5717816259765626,True,PUT,2026-01-30,PANW
PANW260130P00180000,180.0,5.3,5.05,5.9,368.0,951.0,0.5556685058593751,True,PUT,2026-01-30,PANW
PANW260130P00182500,182.5,7.75,7.5,8.25,127.0,292.0,0.5488326367187502,True,PUT,2026-01-30,PANW
PANW260130P00185000,185.0,10.26,9.75,10.75,139.0,803.0,0.6201209863281252,True,PUT,2026-01-30,PANW
PANW260130P00187500,187.5,16.1,12.0,16.0,3.0,267.0,1.1137739624023437,True,PUT,2026-01-30,PANW
PANW260130P00190000,190.0,15.25,13.8,15.8,98.0,213.0,1.0302782861328126,True,PUT,2026-01-30,PANW
PANW260130P00192500,192.5,19.65,16.7,21.7,1.0,36.0,1.4121123144531251,True,PUT,2026-01-30,PANW
PANW260130P00195000,195.0,22.55,18.95,21.55,5.0,39.0,1.0127002490234376,True,PUT,2026-01-30,PANW
PANW260130P00200000,200.0,23.55,23.8,29.15,1.0,30.0,1.6767594287109375,True,PUT,2026-01-30,PANW
PANW260130P00205000,205.0,21.85,29.15,34.15,2.0,15.0,1.9360354760742187,True,PUT,2026-01-30,PANW
PANW260130P00210000,210.0,23.85,34.4,38.9,1.0,3.0,2.129399207763672,True,PUT,2026-01-30,PANW
PANW260130P00215000,215.0,29.81,39.4,43.9,,0.0,2.3125042187499996,True,PUT,2026-01-30,PANW
PANW260130P00220000,220.0,30.0,44.4,48.9,,0.0,2.488285029296875,True,PUT,2026-01-30,PANW
PANW260206C00125000,125.0,65.13,46.25,51.0,,1.0,1.3623078759765623,True,CALL,2026-02-06,PANW
PANW260206C00150000,150.0,40.26,21.4,26.0,2.0,1.0,0.7348659326171875,True,CALL,2026-02-06,PANW
PANW260206C00155000,155.0,26.04,16.45,21.2,1.0,1.0,0.6560092993164064,True,CALL,2026-02-06,PANW
PANW260206C00160000,160.0,27.0,12.15,16.65,1.0,2.0,0.6025430371093752,True,CALL,2026-02-06,PANW
PANW260206C00165000,165.0,21.45,8.6,11.7,1.0,4.0,0.47022014160156256,True,CALL,2026-02-06,PANW
PANW260206C00167500,167.5,14.0,8.25,9.6,1.0,1.0,0.4445856323242187,True,CALL,2026-02-06,PANW
PANW260206C00170000,170.0,7.15,6.9,7.55,389.0,20.0,0.41211525390625,True,CALL,2026-02-06,PANW
PANW260206C00175000,175.0,4.25,4.0,4.4,191.0,21.0,0.39063109375,True,CALL,2026-02-06,PANW
PANW260206C00177500,177.5,3.05,2.85,2.99,81.0,51.0,0.36426416992187505,False,CALL,2026-02-06,PANW
PANW260206C00180000,180.0,2.14,2.0,2.14,374.0,47.0,0.3676821044921875,False,CALL,2026-02-06,PANW
PANW260206C00182500,182.5,1.53,1.39,1.87,170.0,69.0,0.4128476684570312,False,CALL,2026-02-06,PANW
PANW260206C00185000,185.0,1.1,0.99,1.15,185.0,1030.0,0.3918517846679687,False,CALL,2026-02-06,PANW
PANW260206C00187500,187.5,0.79,0.72,0.9,94.0,262.0,0.4128476684570312,False,CALL,2026-02-06,PANW
PANW260206C00190000,190.0,0.6,0.52,0.66,222.0,1670.0,0.42383388671875,False,CALL,2026-02-06,PANW
PANW260206C00192500,192.5,0.44,0.32,0.51,38.0,221.0,0.44043528320312497,False,CALL,2026-02-06,PANW
PANW260206C00195000,195.0,0.29,0.31,0.35,132.0,1015.0,0.44385321777343745,False,CALL,2026-02-06,PANW
PANW260206C00197500,197.5,0.15,0.01,0.32,9.0,97.0,0.47510290527343746,False,CALL,2026-02-06,PANW
PANW260206C00200000,200.0,0.19,0.14,0.25,94.0,2088.0,0.4892629199218751,False,CALL,2026-02-06,PANW
PANW260206C00202500,202.5,0.27,0.03,0.28,1.0,26.0,0.5371140039062501,False,CALL,2026-02-06,PANW
PANW260206C00205000,205.0,0.2,0.12,0.26,59.0,496.0,0.534184345703125,False,CALL,2026-02-06,PANW
PANW260206C00207500,207.5,0.3,0.0,1.44,25.0,33.0,0.7402369726562499,False,CALL,2026-02-06,PANW
PANW260206C00210000,210.0,0.1,0.0,0.21,3.0,214.0,0.5468795312500001,False,CALL,2026-02-06,PANW
PANW260206C00212500,212.5,0.22,0.0,4.8,10.0,2.0,1.129154744873047,False,CALL,2026-02-06,PANW
PANW260206C00215000,215.0,0.32,0.0,0.83,1.0,97.0,0.7622094091796876,False,CALL,2026-02-06,PANW
PANW260206C00217500,217.5,0.32,0.0,4.8,2.0,1.0,1.2168007910156249,False,CALL,2026-02-06,PANW
PANW260206C00220000,220.0,0.14,0.0,1.02,7.0,56.0,0.8623060644531251,False,CALL,2026-02-06,PANW
PANW260206C00225000,225.0,0.19,0.0,4.8,13.0,43.0,1.341311887207031,False,CALL,2026-02-06,PANW
PANW260206P00125000,125.0,0.04,0.0,4.8,1.0,2.0,1.8100595434570312,False,PUT,2026-02-06,PANW
PANW260206P00145000,145.0,0.75,0.0,0.36,,5.0,0.637698935546875,False,PUT,2026-02-06,PANW
PANW260206P00150000,150.0,0.13,0.0,0.14,23.0,18.0,0.51758294921875,False,PUT,2026-02-06,PANW
PANW260206P00155000,155.0,0.16,0.07,0.25,14.0,27.0,0.4726615234375,False,PUT,2026-02-06,PANW
PANW260206P00157500,157.5,0.28,0.25,0.34,64.0,13.0,0.45117736328125,False,PUT,2026-02-06,PANW
PANW260206P00160000,160.0,0.49,0.39,0.54,44.0,83.0,0.4467828759765625,False,PUT,2026-02-06,PANW
PANW260206P00162500,162.5,0.7,0.58,0.77,83.0,31.0,0.432622861328125,False,PUT,2026-02-06,PANW
PANW260206P00165000,165.0,0.98,0.86,1.07,59.0,312.0,0.4155331884765625,False,PUT,2026-02-06,PANW
PANW260206P00167500,167.5,1.6,1.37,1.51,413.0,117.0,0.4023497265625,False,PUT,2026-02-06,PANW
PANW260206P00170000,170.0,2.0,1.91,2.13,286.0,485.0,0.39234006103515623,False,PUT,2026-02-06,PANW
PANW260206P00172500,172.5,3.0,2.63,3.05,202.0,1337.0,0.39282833740234374,False,PUT,2026-02-06,PANW
PANW260206P00175000,175.0,4.1,3.85,4.15,112.0,486.0,0.3888000573730469,False,PUT,2026-02-06,PANW
PANW260206P00177500,177.5,5.35,5.2,5.6,65.0,107.0,0.3957579956054688,True,PUT,2026-02-06,PANW
PANW260206P00180000,180.0,7.0,6.6,7.5,92.0,1363.0,0.4260311303710938,True,PUT,2026-02-06,PANW
PANW260206P00182500,182.5,8.85,8.7,9.2,118.0,254.0,0.4194393994140625,True,PUT,2026-02-06,PANW
PANW260206P00185000,185.0,12.25,10.2,11.7,135.0,465.0,0.4864553308105469,True,PUT,2026-02-06,PANW
PANW260206P00187500,187.5,15.3,12.55,15.8,21.0,58.0,0.5463912548828126,True,PUT,2026-02-06,PANW
PANW260206P00190000,190.0,15.47,15.15,16.2,62.0,97.0,0.5434615966796876,True,PUT,2026-02-06,PANW
PANW260206P00192500,192.5,20.35,16.75,21.45,35.0,19.0,0.6525913647460939,True,PUT,2026-02-06,PANW
PANW260206P00195000,195.0,22.18,19.6,23.55,9.0,1042.0,0.7033721069335939,True,PUT,2026-02-06,PANW
PANW260206P00200000,200.0,27.58,23.9,28.7,8.0,8.0,0.76367423828125,True,PUT,2026-02-06,PANW
PANW260206P00205000,205.0,34.2,29.2,33.9,33.0,66.0,0.897217824707031,True,PUT,2026-02-06,PANW
PANW260206P00210000,210.0,39.19,34.1,38.9,43.0,83.0,0.9792482543945313,True,PUT,2026-02-06,PANW
PANW260206P00215000,215.0,31.9,39.4,43.9,33.0,33.0,1.0903365795898439,True,PUT,2026-02-06,PANW
PANW260213C00150000,150.0,23.6,22.6,26.5,3.0,4.0,0.6325720336914062,True,CALL,2026-02-13,PANW
PANW260213C00170000,170.0,8.78,8.3,9.3,42.0,32.0,0.4401911450195312,True,CALL,2026-02-13,PANW
PANW260213C00175000,175.0,5.62,5.6,6.3,56.0,34.0,0.422857333984375,True,CALL,2026-02-13,PANW
PANW260213C00180000,180.0,3.72,3.5,3.9,74.0,98.0,0.4035704174804688,False,CALL,2026-02-13,PANW
PANW260213C00185000,185.0,2.25,2.16,2.25,83.0,199.0,0.39172971557617187,False,CALL,2026-02-13,PANW
PANW260213C00190000,190.0,1.36,1.27,1.46,55.0,350.0,0.4106504248046875,False,CALL,2026-02-13,PANW
PANW260213C00195000,195.0,0.78,0.77,1.0,18.0,227.0,0.43555251953125,False,CALL,2026-02-13,PANW
PANW260213C00200000,200.0,0.58,0.45,0.65,56.0,399.0,0.4514215014648438,False,CALL,2026-02-13,PANW
PANW260213C00205000,205.0,0.39,0.3,0.47,21.0,290.0,0.4770560107421875,False,CALL,2026-02-13,PANW
PANW260213C00210000,210.0,0.33,0.18,0.37,32.0,199.0,0.507817421875,False,CALL,2026-02-13,PANW
PANW260213C00215000,215.0,0.32,0.03,0.58,3.0,29.0,0.5400436621093752,False,CALL,2026-02-13,PANW
PANW260213C00220000,220.0,0.28,0.17,0.4,4.0,164.0,0.5810588769531251,False,CALL,2026-02-13,PANW
PANW260213C00225000,225.0,0.33,0.0,4.8,2.0,34.0,1.0058643457031249,False,CALL,2026-02-13,PANW
PANW260213P00125000,125.0,0.11,0.0,0.41,,1.0,0.8027363476562499,False,PUT,2026-02-13,PANW
PANW260213P00130000,130.0,0.03,0.0,0.4,4.0,1.0,0.7187528125,False,PUT,2026-02-13,PANW
PANW260213P00140000,140.0,0.1,0.0,0.1,1.0,1.0,0.5048877636718749,False,PUT,2026-02-13,PANW
PANW260213P00145000,145.0,0.05,0.0,1.7,8.0,6.0,0.6579624047851562,False,PUT,2026-02-13,PANW
PANW260213P00150000,150.0,0.44,0.01,0.97,20.0,2.0,0.585941640625,False,PUT,2026-02-13,PANW
PANW260213P00155000,155.0,0.14,0.51,1.26,5.0,30.0,0.5327195166015625,False,PUT,2026-02-13,PANW
PANW260213P00160000,160.0,1.36,1.01,1.46,96.0,77.0,0.45654840332031255,False,PUT,2026-02-13,PANW
PANW260213P00165000,165.0,2.59,1.7,2.33,15.0,53.0,0.4321345849609375,False,PUT,2026-02-13,PANW
PANW260213P00170000,170.0,3.55,3.1,4.0,78.0,355.0,0.4351863122558594,False,PUT,2026-02-13,PANW
PANW260213P00175000,175.0,7.12,5.4,6.1,43.0,140.0,0.4250545776367188,False,PUT,2026-02-13,PANW
PANW260213P00180000,180.0,10.0,8.3,10.0,39.0,140.0,0.49707534179687507,True,PUT,2026-02-13,PANW
PANW260213P00185000,185.0,13.76,11.8,13.65,95.0,112.0,0.5197801928710937,True,PUT,2026-02-13,PANW
PANW260213P00190000,190.0,18.9,15.35,19.1,3.0,185.0,0.5043994873046875,True,PUT,2026-02-13,PANW
PANW260213P00195000,195.0,23.2,19.75,24.05,3.0,22.0,0.5603071313476562,True,PUT,2026-02-13,PANW
PANW260213P00200000,200.0,15.72,24.6,29.2,1.0,7.0,0.6389196264648438,True,PUT,2026-02-13,PANW
PANW260213P00205000,205.0,16.48,29.5,34.05,,1.0,0.6988555505371095,True,PUT,2026-02-13,PANW
PANW260213P00210000,210.0,20.33,34.45,39.0,,0.0,0.7619652709960938,True,PUT,2026-02-13,PANW
PANW260213P00220000,220.0,29.47,44.4,48.9,,0.0,0.8796398754882812,True,PUT,2026-02-13,PANW
PANW260220C00125000,125.0,66.57,46.4,51.35,20.0,20.0,0.9267585449218749,True,CALL,2026-02-20,PANW
PANW260220C00130000,130.0,43.0,42.1,46.2,20.0,2.0,0.8112811840820311,True,CALL,2026-02-20,PANW
PANW260220C00135000,135.0,55.07,36.9,41.4,2.0,39.0,0.762697685546875,True,CALL,2026-02-20,PANW
PANW260220C00140000,140.0,34.42,33.0,37.0,1.0,71.0,0.7619652709960938,True,CALL,2026-02-20,PANW
PANW260220C00145000,145.0,40.13,27.55,31.95,20.0,30.0,0.667239655761719,True,CALL,2026-02-20,PANW
PANW260220C00150000,150.0,24.56,23.75,27.3,4.0,70.0,0.6167030517578126,True,CALL,2026-02-20,PANW
PANW260220C00155000,155.0,29.2,20.6,23.35,1.0,103.0,0.6181678808593751,True,CALL,2026-02-20,PANW
PANW260220C00160000,160.0,17.7,17.1,18.95,4.0,193.0,0.5634809277343751,True,CALL,2026-02-20,PANW
PANW260220C00165000,165.0,13.45,14.15,14.8,18.0,174.0,0.5140429455566407,True,CALL,2026-02-20,PANW
PANW260220C00167500,167.5,17.65,10.9,13.45,2.0,2.0,0.5286912365722658,True,CALL,2026-02-20,PANW
PANW260220C00170000,170.0,11.2,11.2,11.6,136.0,496.0,0.505742247314453,True,CALL,2026-02-20,PANW
PANW260220C00172500,172.5,10.15,9.65,10.7,52.0,10.0,0.5024463818359376,True,CALL,2026-02-20,PANW
PANW260220C00175000,175.0,8.9,8.45,8.75,179.0,438.0,0.49268085449218757,True,CALL,2026-02-20,PANW
PANW260220C00177500,177.5,6.9,7.2,7.8,47.0,14.0,0.5035450036621094,False,CALL,2026-02-20,PANW
PANW260220C00180000,180.0,6.45,6.25,6.6,296.0,673.0,0.4939015454101563,False,CALL,2026-02-20,PANW
PANW260220C00182500,182.5,4.7,5.3,5.65,15.0,169.0,0.49231464721679696,False,CALL,2026-02-20,PANW
PANW260220C00185000,185.0,4.6,4.45,4.8,516.0,1369.0,0.4904836108398438,False,CALL,2026-02-20,PANW
PANW260220C00187500,187.5,3.45,3.7,4.05,102.0,518.0,0.4886525744628907,False,CALL,2026-02-20,PANW
PANW260220C00190000,190.0,3.22,3.1,3.2,463.0,1871.0,0.47363807617187503,False,CALL,2026-02-20,PANW
PANW260220C00192500,192.5,2.52,2.22,2.8,21.0,241.0,0.48352567260742196,False,CALL,2026-02-20,PANW
PANW260220C00195000,195.0,2.3,2.12,2.32,176.0,2224.0,0.4826711889648438,False,CALL,2026-02-20,PANW
PANW260220C00197500,197.5,1.66,1.53,1.95,45.0,87.0,0.48511257080078124,False,CALL,2026-02-20,PANW
PANW260220C00200000,200.0,1.56,1.51,1.68,321.0,4412.0,0.49207050903320315,False,CALL,2026-02-20,PANW
PANW260220C00202500,202.5,1.66,0.98,1.63,5.0,148.0,0.5172167419433593,False,CALL,2026-02-20,PANW
PANW260220C00205000,205.0,1.09,0.74,1.25,16.0,198.0,0.5056201782226561,False,CALL,2026-02-20,PANW
PANW260220C00207500,207.5,1.0,0.71,1.2,3.0,67.0,0.5267381311035157,False,CALL,2026-02-20,PANW
PANW260220C00210000,210.0,0.8,0.7,0.85,805.0,6295.0,0.506840869140625,False,CALL,2026-02-20,PANW
PANW260220C00215000,215.0,0.59,0.43,0.66,20.0,77.0,0.5034229345703125,False,CALL,2026-02-20,PANW
PANW260220C00220000,220.0,0.5,0.44,0.5,640.0,9367.0,0.5312546875,False,CALL,2026-02-20,PANW
PANW260220C00225000,225.0,0.65,0.0,0.92,6.0,10.0,0.5695843823242188,False,CALL,2026-02-20,PANW
PANW260220P00125000,125.0,0.08,0.02,0.19,4.0,45.0,0.6074258007812501,False,PUT,2026-02-20,PANW
PANW260220P00130000,130.0,0.18,0.11,0.29,20.0,345.0,0.5986368261718751,False,PUT,2026-02-20,PANW
PANW260220P00135000,135.0,0.31,0.2,0.43,56.0,437.0,0.57617611328125,False,PUT,2026-02-20,PANW
PANW260220P00140000,140.0,0.51,0.4,0.64,166.0,773.0,0.5610395458984375,False,PUT,2026-02-20,PANW
PANW260220P00145000,145.0,0.85,0.7,0.94,61.0,208.0,0.543949873046875,False,PUT,2026-02-20,PANW
PANW260220P00150000,150.0,1.39,1.11,1.45,489.0,608.0,0.5290574438476563,False,PUT,2026-02-20,PANW
PANW260220P00155000,155.0,1.89,1.78,2.0,299.0,2507.0,0.5090381127929688,False,PUT,2026-02-20,PANW
PANW260220P00160000,160.0,2.84,2.72,2.97,65.0,1512.0,0.5072070764160157,False,PUT,2026-02-20,PANW
PANW260220P00162500,162.5,3.95,3.3,3.6,310.0,67.0,0.5025684509277344,False,PUT,2026-02-20,PANW
PANW260220P00165000,165.0,4.25,4.05,4.4,302.0,2386.0,0.5029346582031251,False,PUT,2026-02-20,PANW
PANW260220P00167500,167.5,5.6,4.9,5.2,96.0,144.0,0.49646499633789065,False,PUT,2026-02-20,PANW
PANW260220P00170000,170.0,6.0,5.85,6.15,500.0,7436.0,0.49268085449218757,False,PUT,2026-02-20,PANW
PANW260220P00172500,172.5,7.5,6.85,7.25,213.0,70.0,0.4911549908447266,False,PUT,2026-02-20,PANW
PANW260220P00175000,175.0,8.3,8.0,8.35,222.0,2549.0,0.48303739624023445,False,PUT,2026-02-20,PANW
PANW260220P00177500,177.5,9.55,9.25,9.65,17.0,181.0,0.4797415307617187,True,PUT,2026-02-20,PANW
PANW260220P00180000,180.0,10.91,10.75,11.15,151.0,2775.0,0.4813284289550781,True,PUT,2026-02-20,PANW
PANW260220P00182500,182.5,13.35,12.2,12.55,37.0,168.0,0.47046427978515626,True,PUT,2026-02-20,PANW
PANW260220P00185000,185.0,14.15,13.9,14.2,76.0,2246.0,0.467778759765625,True,PUT,2026-02-20,PANW
PANW260220P00187500,187.5,17.15,15.25,16.05,22.0,33.0,0.4713187634277344,True,PUT,2026-02-20,PANW
PANW260220P00190000,190.0,18.39,17.25,17.9,162.0,1819.0,0.4688773815917969,True,PUT,2026-02-20,PANW
PANW260220P00195000,195.0,21.6,21.0,22.3,14.0,510.0,0.49927258544921876,True,PUT,2026-02-20,PANW
PANW260220P00200000,200.0,26.47,25.3,28.85,79.0,372.0,0.5481002221679689,True,PUT,2026-02-20,PANW
PANW260220P00207500,207.5,27.2,32.0,36.9,1.0,1.0,0.6286658227539064,True,PUT,2026-02-20,PANW
PANW260220P00210000,210.0,26.45,34.35,39.5,1.0,1991.0,0.6550327465820314,True,PUT,2026-02-20,PANW
PANW260220P00220000,220.0,38.05,44.2,49.2,1.0,408.0,0.7392604199218749,True,PUT,2026-02-20,PANW
PANW260227C00125000,125.0,65.43,46.7,52.05,,0.0,0.9169930175781251,True,CALL,2026-02-27,PANW
PANW260227C00150000,150.0,39.57,23.15,28.0,,26.0,0.5994913098144532,True,CALL,2026-02-27,PANW
PANW260227C00155000,155.0,31.75,19.45,23.55,6.0,4.0,0.5556685058593751,True,CALL,2026-02-27,PANW
PANW260227C00160000,160.0,26.73,18.3,19.2,9.0,16.0,0.5094043200683593,True,CALL,2026-02-27,PANW
PANW260227C00165000,165.0,14.28,14.55,16.1,1.0,3.0,0.5236864038085938,True,CALL,2026-02-27,PANW
PANW260227C00170000,170.0,11.8,11.25,12.45,32.0,10.0,0.4871267108154297,True,CALL,2026-02-27,PANW
PANW260227C00175000,175.0,8.4,8.6,10.1,4.0,3.0,0.4989063781738281,True,CALL,2026-02-27,PANW
PANW260227C00180000,180.0,6.52,6.2,7.6,2.0,123.0,0.4828542926025391,False,CALL,2026-02-27,PANW
PANW260227C00185000,185.0,4.98,4.5,5.85,7.0,192.0,0.48511257080078124,False,CALL,2026-02-27,PANW
PANW260227C00190000,190.0,3.62,3.65,4.25,48.0,292.0,0.4764456652832031,False,CALL,2026-02-27,PANW
PANW260227C00195000,195.0,2.7,2.35,3.15,49.0,76.0,0.47803256347656253,False,CALL,2026-02-27,PANW
PANW260227C00200000,200.0,1.8,1.58,2.32,10.0,141.0,0.4808401525878906,False,CALL,2026-02-27,PANW
PANW260227C00205000,205.0,1.55,1.16,1.72,10.0,152.0,0.4862111926269531,False,CALL,2026-02-27,PANW
PANW260227C00210000,210.0,1.03,0.82,1.45,17.0,137.0,0.5097705273437501,False,CALL,2026-02-27,PANW
PANW260227C00215000,215.0,1.56,0.59,2.11,3.0,81.0,0.5449264257812501,False,CALL,2026-02-27,PANW
PANW260227C00220000,220.0,1.23,0.33,1.76,3.0,129.0,0.5520064331054688,False,CALL,2026-02-27,PANW
PANW260227C00225000,225.0,1.0,0.06,1.88,1.0,40.0,0.5815471533203125,False,CALL,2026-02-27,PANW
PANW260227P00125000,125.0,0.1,0.0,4.8,3.0,3.0,0.9914551635742188,False,PUT,2026-02-27,PANW
PANW260227P00135000,135.0,0.19,0.0,4.7,1.0,2.0,0.8121356677246092,False,PUT,2026-02-27,PANW
PANW260227P00140000,140.0,0.45,0.01,1.3,,1.0,0.516606396484375,False,PUT,2026-02-27,PANW
PANW260227P00145000,145.0,1.09,1.04,1.29,36.0,80.0,0.5219774365234374,False,PUT,2026-02-27,PANW
PANW260227P00150000,150.0,1.6,1.25,2.02,26.0,41.0,0.5354050366210938,False,PUT,2026-02-27,PANW
PANW260227P00155000,155.0,2.8,2.04,2.68,18.0,83.0,0.5086719055175781,False,PUT,2026-02-27,PANW
PANW260227P00160000,160.0,3.7,3.25,3.7,40.0,127.0,0.49219257812500006,False,PUT,2026-02-27,PANW
PANW260227P00165000,165.0,5.25,4.5,5.25,58.0,150.0,0.4888967126464845,False,PUT,2026-02-27,PANW
PANW260227P00170000,170.0,7.0,6.45,7.0,48.0,250.0,0.4757132507324219,False,PUT,2026-02-27,PANW
PANW260227P00175000,175.0,8.94,8.45,9.4,40.0,277.0,0.47546911254882807,False,PUT,2026-02-27,PANW
PANW260227P00180000,180.0,12.42,11.05,12.1,30.0,548.0,0.46936565795898444,True,PUT,2026-02-27,PANW
PANW260227P00185000,185.0,14.83,14.6,15.3,5.0,252.0,0.4683891052246094,True,PUT,2026-02-27,PANW
PANW260227P00190000,190.0,19.95,17.4,19.4,3.0,12.0,0.49805189453125004,True,PUT,2026-02-27,PANW
PANW260227P00195000,195.0,23.95,21.7,23.35,3.0,24.0,0.5053760400390624,True,PUT,2026-02-27,PANW
PANW260227P00200000,200.0,25.3,25.2,29.35,1.0,31.0,0.6311072045898438,True,PUT,2026-02-27,PANW
PANW260227P00205000,205.0,20.6,30.15,34.9,,5.0,0.5686078295898438,True,PUT,2026-02-27,PANW
PANW260227P00210000,210.0,23.03,34.35,39.35,,1.0,0.567265069580078,True,PUT,2026-02-27,PANW
PANW260227P00220000,220.0,32.0,44.4,49.05,,10.0,0.6496617065429688,True,PUT,2026-02-27,PANW
PANW260306C00160000,160.0,17.85,18.8,19.7,1.0,1.0,0.48694360717773444,True,CALL,2026-03-06,PANW
PANW260306C00170000,170.0,19.2,11.9,13.1,73.0,68.0,0.4689994506835938,True,CALL,2026-03-06,PANW
PANW260306C00175000,175.0,9.1,9.1,10.65,31.0,11.0,0.47400428344726564,True,CALL,2026-03-06,PANW
PANW260306C00180000,180.0,7.08,7.0,8.15,4.0,17.0,0.45966116516113287,False,CALL,2026-03-06,PANW
PANW260306C00185000,185.0,5.68,5.25,6.35,10.0,45.0,0.4603935797119141,False,CALL,2026-03-06,PANW
PANW260306C00190000,190.0,3.5,3.7,4.8,2.0,8.0,0.45703667968750006,False,CALL,2026-03-06,PANW
PANW260306C00195000,195.0,6.6,2.58,3.7,97.0,100.0,0.4616753051757813,False,CALL,2026-03-06,PANW
PANW260306C00200000,200.0,2.34,2.07,2.84,9.0,12.0,0.46655806884765627,False,CALL,2026-03-06,PANW
PANW260306C00205000,205.0,1.71,1.26,2.23,5.0,40.0,0.4758353198242187,False,CALL,2026-03-06,PANW
PANW260306P00135000,135.0,0.48,0.0,4.8,,1.0,0.7360866235351562,False,PUT,2026-03-06,PANW
PANW260306P00140000,140.0,0.9,0.55,1.25,3.0,14.0,0.5009815527343751,False,PUT,2026-03-06,PANW
PANW260306P00150000,150.0,2.24,1.59,2.25,20.0,46.0,0.5004932763671875,False,PUT,2026-03-06,PANW
PANW260306P00155000,155.0,3.06,2.46,3.15,24.0,116.0,0.489384989013672,False,PUT,2026-03-06,PANW
PANW260306P00160000,160.0,4.35,3.55,4.3,35.0,156.0,0.477544287109375,False,PUT,2026-03-06,PANW
PANW260306P00165000,165.0,5.3,5.05,5.7,43.0,142.0,0.4630180651855469,False,PUT,2026-03-06,PANW
PANW260306P00170000,170.0,8.31,6.95,7.7,153.0,753.0,0.4611870288085938,False,PUT,2026-03-06,PANW
PANW260306P00175000,175.0,10.7,9.15,10.0,13.0,20.0,0.4552056433105469,False,PUT,2026-03-06,PANW
PANW260306P00180000,180.0,13.99,11.8,12.75,9.0,12.0,0.45203184692382814,True,PUT,2026-03-06,PANW
PANW260306P00185000,185.0,10.0,14.45,15.85,5.0,22.0,0.44775942871093743,True,PUT,2026-03-06,PANW
PANW260306P00190000,190.0,12.45,18.35,19.35,3.0,6.0,0.4459283923339844,True,PUT,2026-03-06,PANW
PANW260306P00220000,220.0,40.65,44.15,49.15,2.0,1.0,0.5786174951171875,True,PUT,2026-03-06,PANW
PANW260306P00225000,225.0,45.35,49.3,54.0,1.0,1.0,0.6175575354003908,True,PUT,2026-03-06,PANW
PANW260320C00125000,125.0,61.2,47.3,52.0,1.0,12.0,0.6980010668945313,True,CALL,2026-03-20,PANW
PANW260320C00130000,130.0,56.0,42.6,47.15,18.0,41.0,0.6489292919921875,True,CALL,2026-03-20,PANW
PANW260320C00135000,135.0,39.65,38.0,42.45,10.0,59.0,0.6119423571777345,True,CALL,2026-03-20,PANW
PANW260320C00140000,140.0,36.75,36.75,37.65,7.0,111.0,0.528447098388672,True,CALL,2026-03-20,PANW
PANW260320C00145000,145.0,41.55,29.25,33.3,8.0,41.0,0.5443160803222657,True,CALL,2026-03-20,PANW
PANW260320C00150000,150.0,27.2,25.5,29.25,29.0,159.0,0.5335740002441407,True,CALL,2026-03-20,PANW
PANW260320C00155000,155.0,24.8,22.1,25.2,1.0,100.0,0.5123339782714844,True,CALL,2026-03-20,PANW
PANW260320C00160000,160.0,19.2,19.5,20.7,58.0,253.0,0.4616753051757813,True,CALL,2026-03-20,PANW
PANW260320C00165000,165.0,16.79,15.0,18.05,1.0,168.0,0.48413601806640627,True,CALL,2026-03-20,PANW
PANW260320C00170000,170.0,12.84,13.6,14.5,71.0,700.0,0.45502253967285156,True,CALL,2026-03-20,PANW
PANW260320C00175000,175.0,11.1,10.85,12.0,91.0,611.0,0.455632885131836,True,CALL,2026-03-20,PANW
PANW260320C00180000,180.0,8.3,8.6,9.35,141.0,726.0,0.4376276940917969,False,CALL,2026-03-20,PANW
PANW260320C00185000,185.0,7.1,6.8,7.2,334.0,855.0,0.42590906127929695,False,CALL,2026-03-20,PANW
PANW260320C00190000,190.0,4.96,5.25,5.6,443.0,1335.0,0.4232235412597656,False,CALL,2026-03-20,PANW
PANW260320C00195000,195.0,4.2,4.05,4.4,165.0,1310.0,0.42566492309570314,False,CALL,2026-03-20,PANW
PANW260320C00200000,200.0,2.95,2.85,3.4,258.0,3251.0,0.4265194067382813,False,CALL,2026-03-20,PANW
PANW260320C00210000,210.0,1.95,1.85,2.02,374.0,3936.0,0.43103596313476567,False,CALL,2026-03-20,PANW
PANW260320C00220000,220.0,1.15,1.05,1.26,200.0,2957.0,0.44312080322265623,False,CALL,2026-03-20,PANW
PANW260320P00125000,125.0,0.39,0.3,0.61,1.0,601.0,0.5151415673828125,False,PUT,2026-03-20,PANW
PANW260320P00130000,130.0,0.6,0.52,0.76,8.0,221.0,0.5158739819335938,False,PUT,2026-03-20,PANW
PANW260320P00135000,135.0,0.91,0.77,0.97,17.0,177.0,0.4892629199218751,False,PUT,2026-03-20,PANW
PANW260320P00140000,140.0,1.32,1.13,1.39,12.0,1747.0,0.4776663562011719,False,PUT,2026-03-20,PANW
PANW260320P00145000,145.0,1.92,1.66,2.08,4.0,467.0,0.4758353198242187,False,PUT,2026-03-20,PANW
PANW260320P00150000,150.0,2.46,2.46,2.82,65.0,2178.0,0.4630180651855469,False,PUT,2026-03-20,PANW
PANW260320P00155000,155.0,3.45,3.3,3.7,59.0,1820.0,0.4467828759765625,False,PUT,2026-03-20,PANW
PANW260320P00160000,160.0,4.65,4.5,4.8,193.0,1866.0,0.43054768676757815,False,PUT,2026-03-20,PANW
PANW260320P00165000,165.0,6.95,6.0,6.4,665.0,1469.0,0.4243221630859375,False,PUT,2026-03-20,PANW
PANW260320P00170000,170.0,9.0,7.9,8.55,148.0,1491.0,0.4265804412841797,False,PUT,2026-03-20,PANW
PANW260320P00175000,175.0,11.19,10.15,11.25,223.0,2636.0,0.4357356231689453,False,PUT,2026-03-20,PANW
PANW260320P00180000,180.0,13.07,12.75,13.4,130.0,2310.0,0.4100400793457031,True,PUT,2026-03-20,PANW
PANW260320P00185000,185.0,16.43,15.8,16.55,132.0,1108.0,0.4093686993408203,True,PUT,2026-03-20,PANW
PANW260320P00190000,190.0,19.99,19.15,20.2,193.0,2940.0,0.41620456848144527,True,PUT,2026-03-20,PANW
PANW260320P00195000,195.0,23.32,22.7,23.95,34.0,1325.0,0.4157773266601562,True,PUT,2026-03-20,PANW
PANW260320P00200000,200.0,27.7,26.35,30.0,48.0,577.0,0.5141650146484374,True,PUT,2026-03-20,PANW
PANW260320P00210000,210.0,38.45,35.4,39.65,3.0,1632.0,0.5898478515625001,True,PUT,2026-03-20,PANW
PANW260320P00220000,220.0,44.79,44.35,49.6,6.0,833.0,0.5159960510253907,True,PUT,2026-03-20,PANW
PANW260417C00125000,125.0,64.42,47.95,52.9,4.0,5.0,0.6304968591308593,True,CALL,2026-04-17,PANW
PANW260417C00130000,130.0,51.8,44.2,48.25,2.0,1.0,0.5979044116210939,True,CALL,2026-04-17,PANW
PANW260417C00135000,135.0,48.6,39.0,43.85,1.0,2.0,0.5775188732910157,True,CALL,2026-04-17,PANW
PANW260417C00140000,140.0,47.0,34.45,39.65,10.0,18.0,0.5622602368164062,True,CALL,2026-04-17,PANW
PANW260417C00145000,145.0,44.87,0.0,0.0,1.0,132.0,1.0000000000000003e-05,True,CALL,2026-04-17,PANW
PANW260417C00150000,150.0,28.6,26.7,30.55,16.0,7.0,0.4854787780761719,True,CALL,2026-04-17,PANW
PANW260417C00155000,155.0,25.3,23.85,26.65,78.0,30.0,0.46869427795410157,True,CALL,2026-04-17,PANW
PANW260417C00160000,160.0,21.29,20.25,22.85,54.0,88.0,0.44885805053710937,True,CALL,2026-04-17,PANW
PANW260417C00165000,165.0,18.55,18.15,19.65,4.0,174.0,0.442388388671875,True,CALL,2026-04-17,PANW
PANW260417C00170000,170.0,16.2,15.6,16.5,144.0,86.0,0.42914389221191407,True,CALL,2026-04-17,PANW
PANW260417C00175000,175.0,12.52,12.55,14.0,7.0,35.0,0.4278621667480469,True,CALL,2026-04-17,PANW
PANW260417C00180000,180.0,11.0,10.55,11.0,43.0,511.0,0.4024717956542969,False,CALL,2026-04-17,PANW
PANW260417C00185000,185.0,8.85,8.45,9.05,64.0,509.0,0.40064075927734377,False,CALL,2026-04-17,PANW
PANW260417C00190000,190.0,7.15,6.9,7.15,128.0,478.0,0.39148557739257805,False,CALL,2026-04-17,PANW
PANW260417C00195000,195.0,5.75,5.1,5.9,31.0,565.0,0.39539178833007815,False,CALL,2026-04-17,PANW
PANW260417C00200000,200.0,4.7,4.55,4.7,288.0,2547.0,0.39331661376953125,False,CALL,2026-04-17,PANW
PANW260417C00210000,210.0,2.79,2.66,3.15,210.0,1521.0,0.40112903564453123,False,CALL,2026-04-17,PANW
PANW260417C00220000,220.0,1.9,1.81,1.99,62.0,2450.0,0.4022276574707031,False,CALL,2026-04-17,PANW
PANW260417P00125000,125.0,0.56,0.14,1.0,4.0,4.0,0.4870656762695313,False,PUT,2026-04-17,PANW
PANW260417P00130000,130.0,0.91,0.8,1.05,4.0,21.0,0.44605046142578125,False,PUT,2026-04-17,PANW
PANW260417P00135000,135.0,1.2,0.5,1.48,6.0,57.0,0.43774976318359377,False,PUT,2026-04-17,PANW
PANW260417P00140000,140.0,1.8,1.72,1.85,6.0,189.0,0.4167538793945312,False,PUT,2026-04-17,PANW
PANW260417P00145000,145.0,1.58,2.07,2.8,1.0,65.0,0.42310147216796873,False,PUT,2026-04-17,PANW
PANW260417P00150000,150.0,3.6,3.25,3.65,50.0,223.0,0.4118711157226562,False,PUT,2026-04-17,PANW
PANW260417P00155000,155.0,4.57,4.3,4.8,80.0,349.0,0.4048521429443359,False,PUT,2026-04-17,PANW
PANW260417P00160000,160.0,6.4,5.7,6.1,41.0,392.0,0.3942321319580079,False,PUT,2026-04-17,PANW
PANW260417P00165000,165.0,8.45,7.35,8.0,110.0,1746.0,0.395086615600586,False,PUT,2026-04-17,PANW
PANW260417P00170000,170.0,9.95,9.35,9.95,130.0,1007.0,0.38733522827148437,False,PUT,2026-04-17,PANW
PANW260417P00175000,175.0,12.94,11.4,12.5,186.0,517.0,0.38873902282714845,False,PUT,2026-04-17,PANW
PANW260417P00180000,180.0,15.25,13.95,15.4,45.0,859.0,0.3911804046630859,True,PUT,2026-04-17,PANW
PANW260417P00185000,185.0,17.7,16.8,18.2,20.0,1264.0,0.3812317736816406,True,PUT,2026-04-17,PANW
PANW260417P00190000,190.0,22.7,20.5,22.85,5.0,529.0,0.42188078125,True,PUT,2026-04-17,PANW
PANW260417P00195000,195.0,25.6,23.9,27.1,1.0,217.0,0.4441583905029296,True,PUT,2026-04-17,PANW
PANW260417P00200000,200.0,21.45,27.5,31.0,3.0,160.0,0.44910218872070307,True,PUT,2026-04-17,PANW
PANW260417P00210000,210.0,37.78,35.65,39.65,1.0,249.0,0.47400428344726564,True,PUT,2026-04-17,PANW
PANW260417P00220000,220.0,41.3,44.8,48.7,2.0,202.0,0.49927258544921876,True,PUT,2026-04-17,PANW
PANW260515C00125000,125.0,57.13,48.8,53.6,1.0,7.0,0.5827068096923829,True,CALL,2026-05-15,PANW
PANW260515C00130000,130.0,51.2,44.2,48.7,2.0,16.0,0.5379684875488282,True,CALL,2026-05-15,PANW
PANW260515C00135000,135.0,90.25,56.8,61.4,,4.0,1.0778244351196293,True,CALL,2026-05-15,PANW
PANW260515C00140000,140.0,36.86,35.7,40.0,10.0,21.0,0.49805189453125004,True,CALL,2026-05-15,PANW
PANW260515C00145000,145.0,48.7,0.0,0.0,6.0,6.0,1.0000000000000003e-05,True,CALL,2026-05-15,PANW
PANW260515C00150000,150.0,29.38,27.95,31.75,6.0,20.0,0.45990530334472657,True,CALL,2026-05-15,PANW
PANW260515C00155000,155.0,26.6,25.2,28.2,8.0,14.0,0.45313046875,True,CALL,2026-05-15,PANW
PANW260515C00160000,160.0,22.3,23.5,24.6,102.0,80.0,0.4385432122802735,True,CALL,2026-05-15,PANW
PANW260515C00165000,165.0,19.6,19.6,21.65,70.0,26.0,0.4370173486328125,True,CALL,2026-05-15,PANW
PANW260515C00170000,170.0,17.65,17.5,18.6,21.0,54.0,0.4259700958251954,True,CALL,2026-05-15,PANW
PANW260515C00175000,175.0,15.3,14.85,16.2,9.0,174.0,0.4261226821899414,True,CALL,2026-05-15,PANW
PANW260515C00180000,180.0,12.54,12.45,13.2,93.0,268.0,0.4039366247558594,False,CALL,2026-05-15,PANW
PANW260515C00185000,185.0,10.95,9.9,11.2,16.0,476.0,0.40183093292236327,False,CALL,2026-05-15,PANW
PANW260515C00190000,190.0,8.68,7.9,9.4,269.0,672.0,0.3987486883544922,False,CALL,2026-05-15,PANW
PANW260515C00195000,195.0,7.45,6.85,7.75,12.0,252.0,0.393560751953125,False,CALL,2026-05-15,PANW
PANW260515C00200000,200.0,5.9,5.6,6.3,29.0,1313.0,0.38788453918457033,False,CALL,2026-05-15,PANW
PANW260515C00210000,210.0,4.0,3.7,4.3,17.0,1186.0,0.38709109008789055,False,CALL,2026-05-15,PANW
PANW260515C00220000,220.0,2.56,2.33,3.05,226.0,966.0,0.39362178649902346,False,CALL,2026-05-15,PANW
PANW260515P00125000,125.0,1.1,0.92,1.15,2.0,33.0,0.43237872314453124,False,PUT,2026-05-15,PANW
PANW260515P00130000,130.0,1.35,1.19,1.55,85.0,479.0,0.42273526489257807,False,PUT,2026-05-15,PANW
PANW260515P00135000,135.0,1.91,1.77,1.98,5.0,306.0,0.40833111206054684,False,PUT,2026-05-15,PANW
PANW260515P00140000,140.0,2.5,2.37,2.6,12.0,203.0,0.3986876538085938,False,PUT,2026-05-15,PANW
PANW260515P00145000,145.0,3.2,3.15,3.75,17.0,352.0,0.4055845574951171,False,PUT,2026-05-15,PANW
PANW260515P00150000,150.0,4.85,4.1,4.8,24.0,467.0,0.39813834289550787,False,PUT,2026-05-15,PANW
PANW260515P00155000,155.0,6.35,5.1,6.75,2.0,632.0,0.41370215209960937,False,PUT,2026-05-15,PANW
PANW260515P00160000,160.0,7.73,6.75,7.3,10.0,311.0,0.375982802734375,False,PUT,2026-05-15,PANW
PANW260515P00165000,165.0,9.2,8.5,9.4,9.0,200.0,0.37970591003417964,False,PUT,2026-05-15,PANW
PANW260515P00170000,170.0,11.8,10.5,12.0,157.0,856.0,0.38873902282714845,False,PUT,2026-05-15,PANW
PANW260515P00175000,175.0,14.24,12.85,14.65,1.0,339.0,0.39111937011718745,False,PUT,2026-05-15,PANW
PANW260515P00180000,180.0,17.08,15.3,16.55,194.0,1235.0,0.3665834826660156,True,PUT,2026-05-15,PANW
PANW260515P00185000,185.0,19.9,18.35,20.3,25.0,387.0,0.38410039733886714,True,PUT,2026-05-15,PANW
PANW260515P00190000,190.0,16.35,21.55,23.45,1.0,371.0,0.37909556457519533,True,PUT,2026-05-15,PANW
PANW260515P00195000,195.0,19.15,24.85,26.9,6.0,200.0,0.37592176818847656,True,PUT,2026-05-15,PANW
PANW260515P00200000,200.0,29.5,28.8,30.6,8.0,112.0,0.37366348999023435,True,PUT,2026-05-15,PANW
PANW260515P00210000,210.0,32.2,36.85,40.0,8.0,159.0,0.41913422668457034,True,PUT,2026-05-15,PANW
PANW260515P00220000,220.0,33.5,45.0,50.35,1.0,183.0,0.4887746435546876,True,PUT,2026-05-15,PANW
PANW260618C00125000,125.0,66.0,50.7,55.0,5.0,24.0,0.5719036950683594,True,CALL,2026-06-18,PANW
PANW260618C00130000,130.0,66.89,46.9,50.2,1.0,32.0,0.5329636547851562,True,CALL,2026-06-18,PANW
PANW260618C00135000,135.0,53.75,41.9,46.15,4.0,55.0,0.5222215747070311,True,CALL,2026-06-18,PANW
PANW260618C00140000,140.0,40.27,37.7,41.6,1.0,88.0,0.4903615417480469,True,CALL,2026-06-18,PANW
PANW260618C00145000,145.0,45.3,33.95,37.9,13.0,941.0,0.4841970526123047,True,CALL,2026-06-18,PANW
PANW260618C00150000,150.0,32.0,31.05,34.5,1.0,146.0,0.4818167053222656,True,CALL,2026-06-18,PANW
PANW260618C00155000,155.0,29.75,28.95,30.55,3.0,64.0,0.45929495788574226,True,CALL,2026-06-18,PANW
PANW260618C00160000,160.0,26.0,25.4,27.6,26.0,219.0,0.4594780615234375,True,CALL,2026-06-18,PANW
PANW260618C00165000,165.0,29.5,22.15,24.6,2.0,75.0,0.4531609860229492,True,CALL,2026-06-18,PANW
PANW260618C00170000,170.0,19.76,19.7,21.25,11.0,792.0,0.4339045867919922,True,CALL,2026-06-18,PANW
PANW260618C00175000,175.0,17.61,17.7,18.75,77.0,386.0,0.4303645831298829,True,CALL,2026-06-18,PANW
PANW260618C00180000,180.0,14.54,14.45,16.35,35.0,1490.0,0.42438319763183596,False,CALL,2026-06-18,PANW
PANW260618C00185000,185.0,13.06,12.85,14.45,88.0,622.0,0.4252681985473633,False,CALL,2026-06-18,PANW
PANW260618C00190000,190.0,11.07,11.15,12.4,27.0,1675.0,0.4181576739501953,False,CALL,2026-06-18,PANW
PANW260618C00195000,195.0,9.63,9.35,10.7,9.0,777.0,0.41473973937988284,False,CALL,2026-06-18,PANW
PANW260618C00200000,200.0,8.7,8.5,9.3,397.0,2085.0,0.4143430148315429,False,CALL,2026-06-18,PANW
PANW260618C00210000,210.0,6.1,6.0,6.75,304.0,1216.0,0.40772076660156253,False,CALL,2026-06-18,PANW
PANW260618C00220000,220.0,4.75,4.4,5.0,27.0,2740.0,0.4079038702392578,False,CALL,2026-06-18,PANW
PANW260618P00125000,125.0,1.73,0.93,2.11,1.0,173.0,0.44067942138671873,False,PUT,2026-06-18,PANW
PANW260618P00130000,130.0,2.51,1.71,2.82,20.0,1503.0,0.4379939013671875,False,PUT,2026-06-18,PANW
PANW260618P00135000,135.0,2.7,2.27,3.5,1.0,503.0,0.4272518212890626,False,PUT,2026-06-18,PANW
PANW260618P00140000,140.0,3.5,3.5,4.5,7.0,2646.0,0.4239559558105469,False,PUT,2026-06-18,PANW
PANW260618P00145000,145.0,5.25,4.3,5.55,3.0,2525.0,0.41620456848144527,False,PUT,2026-06-18,PANW
PANW260618P00150000,150.0,6.05,6.0,6.3,59.0,2184.0,0.3940490283203125,False,PUT,2026-06-18,PANW
PANW260618P00155000,155.0,8.2,7.3,8.0,10.0,2119.0,0.3956969610595704,False,PUT,2026-06-18,PANW
PANW260618P00160000,160.0,9.25,9.0,9.6,398.0,2400.0,0.3881897119140625,False,PUT,2026-06-18,PANW
PANW260618P00165000,165.0,11.15,10.7,12.45,8.0,1008.0,0.40619490295410154,False,PUT,2026-06-18,PANW
PANW260618P00170000,170.0,14.16,13.0,14.1,50.0,2656.0,0.38849488464355464,False,PUT,2026-06-18,PANW
PANW260618P00175000,175.0,16.3,15.35,16.1,42.0,1042.0,0.37436538726806634,False,PUT,2026-06-18,PANW
PANW260618P00180000,180.0,18.84,18.0,19.35,12.0,1211.0,0.383795224609375,True,PUT,2026-06-18,PANW
PANW260618P00185000,185.0,16.25,20.6,23.25,2.0,651.0,0.4030211065673829,True,PUT,2026-06-18,PANW
PANW260618P00190000,190.0,24.0,23.55,26.65,6.0,757.0,0.4061338684082031,True,PUT,2026-06-18,PANW
PANW260618P00195000,195.0,21.56,27.25,30.25,1.0,1061.0,0.40964335479736325,True,PUT,2026-06-18,PANW
PANW260618P00200000,200.0,27.29,30.7,33.5,10.0,1216.0,0.4003355865478516,True,PUT,2026-06-18,PANW
PANW260618P00210000,210.0,32.75,37.9,42.05,6.0,419.0,0.422308023071289,True,PUT,2026-06-18,PANW
PANW260618P00220000,220.0,39.75,46.55,50.55,41.0,645.0,0.43182941223144533,True,PUT,2026-06-18,PANW
PANW260717C00125000,125.0,63.8,50.65,55.55,8.0,5.0,0.5425460784912111,True,CALL,2026-07-17,PANW
PANW260717C00130000,130.0,59.15,46.7,51.3,8.0,4.0,0.5251512329101562,True,CALL,2026-07-17,PANW
PANW260717C00135000,135.0,54.75,42.45,47.65,16.0,9.0,0.5245408874511719,True,CALL,2026-07-17,PANW
PANW260717C00140000,140.0,48.04,38.4,42.95,1.0,8.0,0.487859125366211,True,CALL,2026-07-17,PANW
PANW260717C00145000,145.0,37.0,35.3,39.45,2.0,5.0,0.4845022253417969,True,CALL,2026-07-17,PANW
PANW260717C00150000,150.0,43.18,31.85,35.2,5.0,11.0,0.4572197833251954,True,CALL,2026-07-17,PANW
PANW260717C00155000,155.0,42.45,29.7,31.6,2.0,4.0,0.4442804595947265,True,CALL,2026-07-17,PANW
PANW260717C00160000,160.0,27.05,27.0,28.2,1.0,2.0,0.43256182678222654,True,CALL,2026-07-17,PANW
PANW260717C00165000,165.0,22.92,23.65,25.85,1.0,7.0,0.4407099386596679,True,CALL,2026-07-17,PANW
PANW260717C00170000,170.0,20.7,20.05,22.8,68.0,25.0,0.42877768493652346,True,CALL,2026-07-17,PANW
PANW260717C00175000,175.0,18.2,18.2,20.05,101.0,18.0,0.41959198577880863,True,CALL,2026-07-17,PANW
PANW260717C00180000,180.0,16.3,15.7,17.9,79.0,255.0,0.4191037094116211,False,CALL,2026-07-17,PANW
PANW260717C00185000,185.0,13.92,13.5,15.5,52.0,712.0,0.4094297338867187,False,CALL,2026-07-17,PANW
PANW260717C00190000,190.0,12.41,11.65,13.4,5.0,478.0,0.40216662292480465,False,CALL,2026-07-17,PANW
PANW260717C00195000,195.0,10.0,10.0,11.85,1.0,192.0,0.40277696838378907,False,CALL,2026-07-17,PANW
PANW260717C00200000,200.0,9.12,8.75,10.2,16.0,132.0,0.3975890319824219,False,CALL,2026-07-17,PANW
PANW260717C00210000,210.0,6.94,6.6,7.85,22.0,96.0,0.3983214465332031,False,CALL,2026-07-17,PANW
PANW260717C00220000,220.0,5.25,4.9,5.85,86.0,1373.0,0.3949645465087891,False,CALL,2026-07-17,PANW
PANW260717P00125000,125.0,1.51,1.16,2.54,20.0,123.0,0.4234676794433594,False,PUT,2026-07-17,PANW
PANW260717P00130000,130.0,1.78,1.72,3.2,1.0,98.0,0.4155331884765625,False,PUT,2026-07-17,PANW
PANW260717P00135000,135.0,3.71,3.05,4.0,21.0,5.0,0.40820904296875,False,PUT,2026-07-17,PANW
PANW260717P00140000,140.0,2.67,3.2,4.95,1.0,56.0,0.4011900701904296,False,PUT,2026-07-17,PANW
PANW260717P00145000,145.0,4.6,5.2,6.3,1.0,96.0,0.40143420837402344,False,PUT,2026-07-17,PANW
PANW260717P00150000,150.0,7.35,6.35,7.7,6.0,68.0,0.39722282470703124,False,PUT,2026-07-17,PANW
PANW260717P00155000,155.0,6.05,7.95,8.55,5.0,74.0,0.3742738354492187,False,PUT,2026-07-17,PANW
PANW260717P00160000,160.0,10.5,9.65,10.25,9.0,765.0,0.3688417608642578,False,PUT,2026-07-17,PANW
PANW260717P00165000,165.0,12.45,11.55,12.6,19.0,203.0,0.3732362481689453,False,PUT,2026-07-17,PANW
PANW260717P00170000,170.0,14.9,13.7,14.4,164.0,453.0,0.36023588989257804,False,PUT,2026-07-17,PANW
PANW260717P00175000,175.0,17.15,15.9,17.7,58.0,83.0,0.3746705599975586,False,PUT,2026-07-17,PANW
PANW260717P00180000,180.0,19.95,18.65,20.2,62.0,182.0,0.36725486267089846,True,PUT,2026-07-17,PANW
PANW260717P00185000,185.0,23.6,21.55,22.3,15.0,187.0,0.3469303588867187,True,PUT,2026-07-17,PANW
PANW260717P00190000,190.0,26.9,24.4,27.25,4.0,97.0,0.3825745336914062,True,PUT,2026-07-17,PANW
PANW260717P00195000,195.0,29.5,27.95,30.2,12.0,38.0,0.37186297088623044,True,PUT,2026-07-17,PANW
PANW260717P00200000,200.0,33.35,31.35,33.65,46.0,151.0,0.3678957254028321,True,PUT,2026-07-17,PANW
PANW260717P00210000,210.0,41.85,38.8,42.0,5.0,19.0,0.383245913696289,True,PUT,2026-07-17,PANW
PANW260717P00220000,220.0,42.15,46.65,51.15,2.0,1.0,0.4091245611572265,True,PUT,2026-07-17,PANW
PANW260821C00145000,145.0,38.5,37.3,41.4,6.0,4.0,0.48932395446777355,True,CALL,2026-08-21,PANW
PANW260821C00150000,150.0,41.85,34.15,37.8,2.0,2.0,0.47699497619628906,True,CALL,2026-08-21,PANW
PANW260821C00155000,155.0,32.15,32.25,34.35,2.0,17.0,0.4652763433837891,True,CALL,2026-08-21,PANW
PANW260821C00160000,160.0,36.3,27.75,31.6,,27.0,0.4655204815673829,True,CALL,2026-08-21,PANW
PANW260821C00165000,165.0,31.75,25.75,28.15,,20.0,0.4479425323486328,True,CALL,2026-08-21,PANW
PANW260821C00170000,170.0,24.35,22.95,25.3,4.0,3.0,0.439733385925293,True,CALL,2026-08-21,PANW
PANW260821C00175000,175.0,20.9,20.8,22.85,10.0,10.0,0.4361933822631836,True,CALL,2026-08-21,PANW
PANW260821C00180000,180.0,18.85,18.5,20.45,14.0,6.0,0.4304256176757813,False,CALL,2026-08-21,PANW
PANW260821C00185000,185.0,16.5,16.45,19.1,6.0,44.0,0.44159493957519536,False,CALL,2026-08-21,PANW
PANW260821C00190000,190.0,14.97,14.45,16.4,6.0,114.0,0.4239254385375977,False,CALL,2026-08-21,PANW
PANW260821C00195000,195.0,17.6,12.05,15.9,4.0,113.0,0.4456842541503906,False,CALL,2026-08-21,PANW
PANW260821C00200000,200.0,11.77,11.15,13.1,76.0,134.0,0.42008026214599614,False,CALL,2026-08-21,PANW
PANW260821C00210000,210.0,9.5,8.75,10.35,9.0,423.0,0.41617405120849604,False,CALL,2026-08-21,PANW
PANW260821C00220000,220.0,6.8,6.6,9.05,14.0,30.0,0.4337214831542969,False,CALL,2026-08-21,PANW
PANW260821P00125000,125.0,2.31,2.44,3.45,1.0,13.0,0.4243221630859375,False,PUT,2026-08-21,PANW
PANW260821P00130000,130.0,2.99,3.3,4.5,2.0,33.0,0.4260311303710938,False,PUT,2026-08-21,PANW
PANW260821P00135000,135.0,3.65,4.0,5.35,5.0,32.0,0.41565525756835936,False,PUT,2026-08-21,PANW
PANW260821P00140000,140.0,4.37,4.95,6.6,1.0,2.0,0.4132749102783203,False,PUT,2026-08-21,PANW
PANW260821P00145000,145.0,5.37,6.25,8.0,1.0,35.0,0.4101621484375,False,PUT,2026-08-21,PANW
PANW260821P00150000,150.0,6.15,6.25,8.8,91.0,100.0,0.38843385009765624,False,PUT,2026-08-21,PANW
PANW260821P00160000,160.0,10.0,11.0,12.75,1.0,3.0,0.38922729919433596,False,PUT,2026-08-21,PANW
PANW260821P00165000,165.0,11.86,12.15,15.2,2.0,106.0,0.39276730285644534,False,PUT,2026-08-21,PANW
PANW260821P00170000,170.0,13.34,15.05,17.3,1.0,4.0,0.38513798461914056,False,PUT,2026-08-21,PANW
PANW260821P00175000,175.0,19.15,17.95,19.95,26.0,34.0,0.38458867370605465,False,PUT,2026-08-21,PANW
PANW260821P00180000,180.0,21.42,20.3,22.8,1.0,250.0,0.38413091461181637,True,PUT,2026-08-21,PANW
PANW260821P00185000,185.0,25.0,23.5,25.65,17.0,6.0,0.3801026345825196,True,PUT,2026-08-21,PANW
PANW260821P00190000,190.0,22.25,26.55,29.2,10.0,12.0,0.3860840200805663,True,PUT,2026-08-21,PANW
PANW260918C00125000,125.0,54.5,53.9,58.0,1.0,206.0,0.5391281439208986,True,CALL,2026-09-18,PANW
PANW260918C00130000,130.0,52.0,49.2,53.7,1.0,10.0,0.5172167419433593,True,CALL,2026-09-18,PANW
PANW260918C00135000,135.0,54.4,44.9,49.55,2.0,20.0,0.4980824118041992,True,CALL,2026-09-18,PANW
PANW260918C00140000,140.0,51.25,41.9,46.55,10.0,31.0,0.505162419128418,True,CALL,2026-09-18,PANW
PANW260918C00145000,145.0,43.38,38.0,42.4,1.0,122.0,0.48169463623046876,True,CALL,2026-09-18,PANW
PANW260918C00150000,150.0,44.43,34.5,38.4,1.0,172.0,0.4603325451660156,True,CALL,2026-09-18,PANW
PANW260918C00155000,155.0,39.76,33.15,35.45,76.0,72.0,0.45898978515625005,True,CALL,2026-09-18,PANW
PANW260918C00160000,160.0,30.5,30.1,32.5,4.0,114.0,0.45435115966796874,True,CALL,2026-09-18,PANW
PANW260918C00165000,165.0,33.7,27.15,30.5,1.0,111.0,0.46484910156250003,True,CALL,2026-09-18,PANW
PANW260918C00170000,170.0,25.2,23.75,26.75,1.0,350.0,0.4393061441040039,True,CALL,2026-09-18,PANW
PANW260918C00175000,175.0,21.97,21.8,24.3,7.0,198.0,0.4354914849853516,True,CALL,2026-09-18,PANW
PANW260918C00180000,180.0,20.76,20.2,21.85,6.0,106.0,0.42889975402832037,False,CALL,2026-09-18,PANW
PANW260918C00185000,185.0,17.92,17.6,19.7,5.0,338.0,0.4249325085449219,False,CALL,2026-09-18,PANW
PANW260918C00190000,190.0,15.9,15.75,17.55,46.0,850.0,0.41831026031494134,False,CALL,2026-09-18,PANW
PANW260918C00195000,195.0,19.87,13.4,15.95,1.0,426.0,0.418951123046875,False,CALL,2026-09-18,PANW
PANW260918C00200000,200.0,13.32,12.9,14.2,232.0,1047.0,0.4143430148315429,False,CALL,2026-09-18,PANW
PANW260918C00210000,210.0,10.7,10.4,11.5,11.0,489.0,0.4126950820922851,False,CALL,2026-09-18,PANW
PANW260918C00220000,220.0,8.6,8.05,9.15,112.0,735.0,0.4088804229736328,False,CALL,2026-09-18,PANW
PANW260918P00125000,125.0,3.4,2.29,3.95,2.0,142.0,0.41644870666503897,False,PUT,2026-09-18,PANW
PANW260918P00130000,130.0,3.65,3.55,4.85,3.0,2640.0,0.41089456298828125,False,PUT,2026-09-18,PANW
PANW260918P00135000,135.0,4.48,3.35,5.9,1.0,634.0,0.4057676611328125,False,PUT,2026-09-18,PANW
PANW260918P00140000,140.0,6.38,4.45,7.1,1.0,572.0,0.40073231109619145,False,PUT,2026-09-18,PANW
PANW260918P00145000,145.0,5.81,7.0,8.55,2.0,1182.0,0.3979247219848633,False,PUT,2026-09-18,PANW
PANW260918P00150000,150.0,9.3,8.5,10.05,3.0,2850.0,0.39227902648925783,False,PUT,2026-09-18,PANW
PANW260918P00155000,155.0,8.18,9.75,11.85,20.0,329.0,0.38947143737792966,False,PUT,2026-09-18,PANW
PANW260918P00160000,160.0,9.9,11.65,13.9,27.0,562.0,0.38791505645751956,False,PUT,2026-09-18,PANW
PANW260918P00165000,165.0,11.95,13.55,16.05,111.0,545.0,0.3846191909790039,False,PUT,2026-09-18,PANW
PANW260918P00170000,170.0,17.1,16.55,17.8,212.0,2380.0,0.3704896936035156,False,PUT,2026-09-18,PANW
PANW260918P00175000,175.0,18.88,16.75,21.0,12.0,1459.0,0.3797669445800781,False,PUT,2026-09-18,PANW
PANW260918P00180000,180.0,17.25,21.15,23.85,2.0,256.0,0.37915659912109373,True,PUT,2026-09-18,PANW
PANW260918P00185000,185.0,24.0,24.1,26.95,10.0,495.0,0.37985849639892577,True,PUT,2026-09-18,PANW
PANW260918P00190000,190.0,23.35,26.6,30.2,2.0,1553.0,0.3802247036743164,True,PUT,2026-09-18,PANW
PANW260918P00195000,195.0,23.09,30.55,33.55,2.0,176.0,0.3795228063964844,True,PUT,2026-09-18,PANW
PANW260918P00200000,200.0,34.81,34.0,36.7,2.0,252.0,0.3722902127075196,True,PUT,2026-09-18,PANW
PANW260918P00210000,210.0,42.5,41.25,43.8,10.0,85.0,0.36426416992187505,True,PUT,2026-09-18,PANW
PANW260918P00220000,220.0,45.65,48.15,51.5,2.0,161.0,0.3573367489624023,True,PUT,2026-09-18,PANW
PANW261218C00125000,125.0,73.22,55.0,62.0,57.0,169.0,0.5525252267456054,True,CALL,2026-12-18,PANW
PANW261218C00130000,130.0,54.0,51.55,57.35,1.0,97.0,0.5207567456054687,True,CALL,2026-12-18,PANW
PANW261218C00135000,135.0,59.55,47.1,54.0,30.0,252.0,0.5163622583007812,True,CALL,2026-12-18,PANW
PANW261218C00140000,140.0,48.5,47.0,49.95,2.0,43.0,0.4959156854248047,True,CALL,2026-12-18,PANW
PANW261218C00145000,145.0,48.0,42.5,47.0,2.0,27.0,0.4952443054199219,True,CALL,2026-12-18,PANW
PANW261218C00150000,150.0,41.0,38.25,43.15,1.0,80.0,0.4759879061889648,True,CALL,2026-12-18,PANW
PANW261218C00155000,155.0,46.45,37.2,39.95,2.0,59.0,0.46689375885009765,True,CALL,2026-12-18,PANW
PANW261218C00160000,160.0,42.35,32.8,37.9,38.0,162.0,0.47510290527343746,True,CALL,2026-12-18,PANW
PANW261218C00165000,165.0,39.7,31.2,34.05,2.0,440.0,0.4514825360107422,True,CALL,2026-12-18,PANW
PANW261218C00170000,170.0,28.95,28.3,32.45,2.0,179.0,0.46237720245361336,True,CALL,2026-12-18,PANW
PANW261218C00175000,175.0,27.64,26.0,29.45,3.0,169.0,0.4490106369018554,True,CALL,2026-12-18,PANW
PANW261218C00180000,180.0,25.05,23.75,26.35,8.0,598.0,0.43247027496337886,False,CALL,2026-12-18,PANW
PANW261218C00185000,185.0,23.25,21.5,24.2,3.0,1410.0,0.428716650390625,False,CALL,2026-12-18,PANW
PANW261218C00190000,190.0,21.0,20.55,22.75,19.0,3023.0,0.4337214831542969,False,CALL,2026-12-18,PANW
PANW261218C00195000,195.0,18.35,18.2,20.75,4.0,271.0,0.4285640640258789,False,CALL,2026-12-18,PANW
PANW261218C00200000,200.0,16.7,16.9,19.75,3.0,1065.0,0.4369257968139648,False,CALL,2026-12-18,PANW
PANW261218C00205000,205.0,15.52,14.7,17.3,11.0,50.0,0.4213619876098633,False,CALL,2026-12-18,PANW
PANW261218C00210000,210.0,13.85,13.35,16.4,2.0,521.0,0.4281368222045898,False,CALL,2026-12-18,PANW
PANW261218C00215000,215.0,13.12,12.8,14.75,5.0,313.0,0.42163664306640625,False,CALL,2026-12-18,PANW
PANW261218C00220000,220.0,11.81,10.3,13.25,12.0,272.0,0.41583836120605466,False,CALL,2026-12-18,PANW
PANW261218C00225000,225.0,10.67,9.85,12.05,9.0,91.0,0.4133359448242187,False,CALL,2026-12-18,PANW
PANW261218P00125000,125.0,5.33,5.15,5.9,20.0,813.0,0.4087583538818359,False,PUT,2026-12-18,PANW
PANW261218P00130000,130.0,6.8,6.1,6.75,2.0,259.0,0.3973448937988281,False,PUT,2026-12-18,PANW
PANW261218P00135000,135.0,5.99,5.4,8.3,2.0,374.0,0.3998167929077149,False,PUT,2026-12-18,PANW
PANW261218P00140000,140.0,8.65,7.9,8.95,47.0,299.0,0.37958384094238284,False,PUT,2026-12-18,PANW
PANW261218P00145000,145.0,9.5,9.5,10.7,1.0,235.0,0.38007211730957036,False,PUT,2026-12-18,PANW
PANW261218P00150000,150.0,11.95,11.2,12.2,4.0,1458.0,0.372625902709961,False,PUT,2026-12-18,PANW
PANW261218P00155000,155.0,13.94,11.75,14.9,240.0,345.0,0.3837036727905273,False,PUT,2026-12-18,PANW
PANW261218P00160000,160.0,16.07,14.0,16.6,14.0,1418.0,0.37415176635742187,False,PUT,2026-12-18,PANW
PANW261218P00165000,165.0,16.97,15.75,19.95,20.0,326.0,0.38910523010253906,False,PUT,2026-12-18,PANW
PANW261218P00170000,170.0,20.0,18.7,20.5,6.0,1291.0,0.35657381713867187,False,PUT,2026-12-18,PANW
PANW261218P00175000,175.0,18.95,20.05,23.95,5.0,290.0,0.36749900085449216,False,PUT,2026-12-18,PANW
PANW261218P00180000,180.0,24.5,24.6,27.05,11.0,1082.0,0.37033710723876956,True,PUT,2026-12-18,PANW
PANW261218P00185000,185.0,23.33,26.6,28.85,5.0,199.0,0.351019673461914,True,PUT,2026-12-18,PANW
PANW261218P00190000,190.0,31.2,30.0,33.0,10.0,761.0,0.3651491708374024,True,PUT,2026-12-18,PANW
PANW261218P00195000,195.0,29.1,31.7,37.0,2.0,246.0,0.37497573272705076,True,PUT,2026-12-18,PANW
PANW261218P00200000,200.0,32.02,36.4,40.15,7.0,79.0,0.3698183135986328,True,PUT,2026-12-18,PANW
PANW261218P00205000,205.0,31.08,38.15,43.65,1.0,37.0,0.36807882904052736,True,PUT,2026-12-18,PANW
PANW261218P00210000,210.0,37.3,43.4,47.6,10.0,66.0,0.3716798672485352,True,PUT,2026-12-18,PANW
PANW261218P00215000,215.0,31.45,0.0,0.0,5.0,39.0,1.0000000000000003e-05,True,PUT,2026-12-18,PANW
PANW261218P00220000,220.0,41.7,50.6,54.75,2.0,338.0,0.3612734771728515,True,PUT,2026-12-18,PANW
PANW261218P00225000,225.0,45.2,54.5,58.15,5.0,51.0,0.34976846527099603,True,PUT,2026-12-18,PANW
PANW270115C00125000,125.0,59.0,57.9,62.55,2.0,127.0,0.5421493539428713,True,CALL,2027-01-15,PANW
PANW270115C00130000,130.0,56.0,55.7,57.85,11.0,145.0,0.5100757000732423,True,CALL,2027-01-15,PANW
PANW270115C00135000,135.0,51.7,49.9,55.2,1.0,123.0,0.5189562265014648,True,CALL,2027-01-15,PANW
PANW270115C00140000,140.0,58.05,47.05,50.7,2.0,84.0,0.4898427481079103,True,CALL,2027-01-15,PANW
PANW270115C00145000,145.0,44.5,43.7,47.95,4.0,90.0,0.49207050903320315,True,CALL,2027-01-15,PANW
PANW270115C00150000,150.0,41.3,40.0,44.15,6.0,482.0,0.47379066253662117,True,CALL,2027-01-15,PANW
PANW270115C00155000,155.0,38.15,38.95,40.75,20.0,152.0,0.4611259942626954,True,CALL,2027-01-15,PANW
PANW270115C00160000,160.0,36.75,36.4,37.6,37.0,707.0,0.4510247769165039,True,CALL,2027-01-15,PANW
PANW270115C00165000,165.0,32.55,32.0,34.95,3.0,185.0,0.4471185659790039,True,CALL,2027-01-15,PANW
PANW270115C00170000,170.0,30.1,29.85,31.95,36.0,302.0,0.43601027862548825,True,CALL,2027-01-15,PANW
PANW270115C00175000,175.0,29.0,28.45,29.6,63.0,453.0,0.4329890686035156,True,CALL,2027-01-15,PANW
PANW270115C00180000,180.0,25.85,24.85,27.15,48.0,745.0,0.4266719931030274,False,CALL,2027-01-15,PANW
PANW270115C00185000,185.0,23.05,22.8,25.0,8.0,881.0,0.4229794030761719,False,CALL,2027-01-15,PANW
PANW270115C00190000,190.0,21.2,21.25,23.65,20.0,992.0,0.42923544403076175,False,CALL,2027-01-15,PANW
PANW270115C00195000,195.0,19.55,17.8,21.6,2.0,747.0,0.42355923126220707,False,CALL,2027-01-15,PANW
PANW270115C00200000,200.0,19.25,18.3,19.25,278.0,3787.0,0.411840598449707,False,CALL,2027-01-15,PANW
PANW270115C00205000,205.0,16.15,15.7,17.9,126.0,164.0,0.4131528411865234,False,CALL,2027-01-15,PANW
PANW270115C00210000,210.0,15.0,14.9,16.45,46.0,287.0,0.4115049084472656,False,CALL,2027-01-15,PANW
PANW270115C00215000,215.0,13.8,13.55,15.15,10.0,214.0,0.41061990753173827,False,CALL,2027-01-15,PANW
PANW270115C00220000,220.0,12.3,12.9,14.3,38.0,534.0,0.4153195675659179,False,CALL,2027-01-15,PANW
PANW270115C00225000,225.0,12.05,11.0,13.1,2.0,431.0,0.4133359448242187,False,CALL,2027-01-15,PANW
PANW270115P00125000,125.0,5.72,5.55,6.2,20.0,912.0,0.3998473101806641,False,PUT,2027-01-15,PANW
PANW270115P00130000,130.0,5.3,6.35,7.65,5.0,1766.0,0.40216662292480465,False,PUT,2027-01-15,PANW
PANW270115P00135000,135.0,8.24,7.6,8.55,14.0,1131.0,0.3889526437377929,False,PUT,2027-01-15,PANW
PANW270115P00140000,140.0,9.5,8.85,9.8,107.0,1433.0,0.3811707391357422,False,PUT,2027-01-15,PANW
PANW270115P00145000,145.0,11.3,9.7,12.3,3.0,987.0,0.39432368377685545,False,PUT,2027-01-15,PANW
PANW270115P00150000,150.0,12.53,12.15,13.5,4.0,1569.0,0.38031625549316406,False,PUT,2027-01-15,PANW
PANW270115P00155000,155.0,13.65,12.15,15.0,1.0,1303.0,0.3697877963256836,False,PUT,2027-01-15,PANW
PANW270115P00160000,160.0,16.53,15.7,17.25,102.0,1689.0,0.36939107177734376,False,PUT,2027-01-15,PANW
PANW270115P00165000,165.0,18.28,17.35,18.75,7.0,1767.0,0.35474278076171867,False,PUT,2027-01-15,PANW
PANW270115P00170000,170.0,18.0,20.1,23.05,1.0,1399.0,0.38056039367675776,False,PUT,2027-01-15,PANW
PANW270115P00175000,175.0,23.5,22.4,25.3,2.0,533.0,0.37259538543701176,False,PUT,2027-01-15,PANW
PANW270115P00180000,180.0,22.15,24.8,27.7,6.0,1465.0,0.364813480834961,True,PUT,2027-01-15,PANW
PANW270115P00185000,185.0,29.2,27.35,29.1,100.0,2226.0,0.3404301797485352,True,PUT,2027-01-15,PANW
PANW270115P00190000,190.0,32.3,30.55,32.05,2.0,2150.0,0.33646293426513674,True,PUT,2027-01-15,PANW
PANW270115P00195000,195.0,28.95,32.35,35.15,1.0,445.0,0.3325262060546875,True,PUT,2027-01-15,PANW
PANW270115P00200000,200.0,32.05,36.7,38.5,1.0,810.0,0.33017637603759764,True,PUT,2027-01-15,PANW
PANW270115P00205000,205.0,34.45,39.05,41.95,2.0,219.0,0.32721620056152345,True,PUT,2027-01-15,PANW
PANW270115P00210000,210.0,38.85,44.05,45.55,2.0,103.0,0.3245611978149413,True,PUT,2027-01-15,PANW
PANW270115P00215000,215.0,38.2,46.95,49.75,1.0,451.0,0.3296575823974609,True,PUT,2027-01-15,PANW
PANW270115P00220000,220.0,46.5,51.65,53.25,2.0,797.0,0.3214789532470703,True,PUT,2027-01-15,PANW
PANW270115P00225000,225.0,56.95,54.5,57.5,2.0,50.0,0.3241949905395507,True,PUT,2027-01-15,PANW
PANW270617C00125000,125.0,76.4,60.1,67.0,1.0,19.0,0.5318650329589845,True,CALL,2027-06-17,PANW
PANW270617C00130000,130.0,68.6,56.3,62.1,2.0,22.0,0.4982960327148438,True,CALL,2027-06-17,PANW
PANW270617C00135000,135.0,56.0,55.0,59.9,2.0,36.0,0.5088855264282227,True,CALL,2027-06-17,PANW
PANW270617C00140000,140.0,67.47,50.95,57.0,10.0,12.0,0.5059863854980469,True,CALL,2027-06-17,PANW
PANW270617C00145000,145.0,54.95,47.6,53.0,10.0,11.0,0.4853872262573242,True,CALL,2027-06-17,PANW
PANW270617C00150000,150.0,46.0,45.0,50.5,3.0,31.0,0.4858449853515625,True,CALL,2027-06-17,PANW
PANW270617C00155000,155.0,51.8,43.25,48.0,2.0,6.0,0.48468532897949224,True,CALL,2027-06-17,PANW
PANW270617C00160000,160.0,41.45,40.1,44.4,2.0,22.0,0.4673210006713867,True,CALL,2027-06-17,PANW
PANW270617C00165000,165.0,39.0,38.0,40.9,3.0,14.0,0.4506585696411133,True,CALL,2027-06-17,PANW
PANW270617C00170000,170.0,43.4,36.5,38.75,3.0,80.0,0.4505670178222656,True,CALL,2027-06-17,PANW
PANW270617C00175000,175.0,35.45,34.2,37.4,15.0,120.0,0.4592034060668946,True,CALL,2027-06-17,PANW
PANW270617C00180000,180.0,32.05,32.05,33.7,10.0,170.0,0.4371089004516602,False,CALL,2027-06-17,PANW
PANW270617C00185000,185.0,37.8,27.6,33.0,1.0,56.0,0.4511621046447754,False,CALL,2027-06-17,PANW
PANW270617C00190000,190.0,27.65,27.0,29.85,4.0,108.0,0.43387406951904295,False,CALL,2027-06-17,PANW
PANW270617C00195000,195.0,26.59,25.5,28.85,44.0,114.0,0.44180856048583983,False,CALL,2027-06-17,PANW
PANW270617C00200000,200.0,24.3,23.7,27.15,41.0,278.0,0.4400995932006836,False,CALL,2027-06-17,PANW
PANW270617C00210000,210.0,25.63,20.45,25.0,4.0,209.0,0.4489190850830078,False,CALL,2027-06-17,PANW
PANW270617C00220000,220.0,23.8,17.0,22.0,7.0,172.0,0.4436701141357422,False,CALL,2027-06-17,PANW
PANW270617P00125000,125.0,7.15,4.9,9.75,24.0,80.0,0.4048521429443359,False,PUT,2027-06-17,PANW
PANW270617P00130000,130.0,8.62,6.1,11.0,1.0,38.0,0.39743644561767577,False,PUT,2027-06-17,PANW
PANW270617P00135000,135.0,10.75,9.6,11.6,25.0,472.0,0.3775086663818359,False,PUT,2027-06-17,PANW
PANW270617P00140000,140.0,10.5,10.25,13.75,134.0,217.0,0.3820557400512695,False,PUT,2027-06-17,PANW
PANW270617P00145000,145.0,13.0,11.9,15.4,1.0,338.0,0.37628797546386716,False,PUT,2027-06-17,PANW
PANW270617P00150000,150.0,15.0,15.1,16.05,2.0,306.0,0.3544986425781249,False,PUT,2027-06-17,PANW
PANW270617P00155000,155.0,15.15,14.0,19.0,1.0,5.0,0.36414210083007814,False,PUT,2027-06-17,PANW
PANW270617P00160000,160.0,18.82,16.1,21.25,20.0,285.0,0.36176175354003903,False,PUT,2027-06-17,PANW
PANW270617P00165000,165.0,21.53,18.1,22.5,1.0,82.0,0.34467208068847655,False,PUT,2027-06-17,PANW
PANW270617P00170000,170.0,23.28,20.35,26.5,2.0,13.0,0.3613650289916992,False,PUT,2027-06-17,PANW
PANW270617P00175000,175.0,26.9,26.15,27.2,6.0,31.0,0.3346624151611328,False,PUT,2027-06-17,PANW
PANW270617P00180000,180.0,26.0,26.0,32.35,52.0,325.0,0.36165494308471674,True,PUT,2027-06-17,PANW
PANW270617P00185000,185.0,27.96,30.8,32.75,1.0,29.0,0.3286810296630859,True,PUT,2027-06-17,PANW
PANW270617P00190000,190.0,29.8,33.8,37.95,6.0,35.0,0.35278967529296873,True,PUT,2027-06-17,PANW
PANW270617P00195000,195.0,36.35,36.9,40.65,2.0,8.0,0.34502302932739254,True,PUT,2027-06-17,PANW
PANW270617P00200000,200.0,38.21,38.25,43.15,7.0,225.0,0.3333501724243164,True,PUT,2027-06-17,PANW
PANW270617P00210000,210.0,46.9,47.3,50.6,8.0,21.0,0.3359746578979492,True,PUT,2027-06-17,PANW
PANW270617P00220000,220.0,43.05,0.0,0.0,2.0,18.0,1.0000000000000003e-05,True,PUT,2027-06-17,PANW
PANW271217C00125000,125.0,74.65,66.8,71.0,5.0,23.0,0.5149889810180664,True,CALL,2027-12-17,PANW
PANW271217C00130000,130.0,69.25,62.1,68.0,15.0,22.0,0.5106555282592774,True,CALL,2027-12-17,PANW
PANW271217C00135000,135.0,71.11,59.2,65.0,1.0,24.0,0.5051929364013672,True,CALL,2027-12-17,PANW
PANW271217C00140000,140.0,72.83,55.0,62.0,173.0,85.0,0.49872327453613285,True,CALL,2027-12-17,PANW
PANW271217C00145000,145.0,59.5,52.9,59.0,1.0,89.0,0.4913991290283204,True,CALL,2027-12-17,PANW
PANW271217C00150000,150.0,53.0,50.05,55.85,1.0,174.0,0.481450498046875,True,CALL,2027-12-17,PANW
PANW271217C00155000,155.0,60.0,48.1,53.0,3.0,16.0,0.4744467839050293,True,CALL,2027-12-17,PANW
PANW271217C00160000,160.0,46.42,46.35,50.0,1.0,103.0,0.4649101361083985,True,CALL,2027-12-17,PANW
PANW271217C00165000,165.0,44.5,43.4,47.5,10.0,60.0,0.4603935797119141,True,CALL,2027-12-17,PANW
PANW271217C00170000,170.0,49.8,39.6,44.75,2.0,330.0,0.4522454678344727,True,CALL,2027-12-17,PANW
PANW271217C00175000,175.0,47.4,37.8,42.9,2.0,120.0,0.45322202056884764,True,CALL,2027-12-17,PANW
PANW271217C00180000,180.0,40.0,35.0,39.5,1.0,254.0,0.43649855499267576,False,CALL,2027-12-17,PANW
PANW271217C00185000,185.0,35.5,34.75,38.95,2.0,278.0,0.44965149963378903,False,CALL,2027-12-17,PANW
PANW271217C00190000,190.0,40.2,32.8,35.65,2.0,131.0,0.4326381199645996,False,CALL,2027-12-17,PANW
PANW271217C00195000,195.0,32.15,29.5,34.1,2.0,289.0,0.43340105178833005,False,CALL,2027-12-17,PANW
PANW271217C00200000,200.0,30.33,29.55,31.75,4.0,345.0,0.4249935430908204,False,CALL,2027-12-17,PANW
PANW271217C00210000,210.0,27.5,25.55,28.4,1.0,423.0,0.4200497448730469,False,CALL,2027-12-17,PANW
PANW271217C00220000,220.0,23.7,22.4,25.35,2.0,214.0,0.41536534347534176,False,CALL,2027-12-17,PANW
PANW271217P00125000,125.0,11.3,8.8,11.55,3.0,242.0,0.3757691818237304,False,PUT,2027-12-17,PANW
PANW271217P00130000,130.0,10.0,11.0,13.6,2.0,273.0,0.37949228912353516,False,PUT,2027-12-17,PANW
PANW271217P00135000,135.0,11.45,10.0,16.35,2.0,324.0,0.39050902465820314,False,PUT,2027-12-17,PANW
PANW271217P00140000,140.0,13.78,14.05,16.25,1.0,348.0,0.3609072698974609,False,PUT,2027-12-17,PANW
PANW271217P00145000,145.0,15.5,13.3,19.5,1.0,49.0,0.37471633590698245,False,PUT,2027-12-17,PANW
PANW271217P00150000,150.0,17.0,16.25,21.25,2.0,115.0,0.36746848358154294,False,PUT,2027-12-17,PANW
PANW271217P00155000,155.0,20.1,0.0,0.0,20.0,28.0,0.015634843750000002,False,PUT,2027-12-17,PANW
PANW271217P00160000,160.0,19.41,19.25,25.45,1.0,362.0,0.3579470944213867,False,PUT,2027-12-17,PANW
PANW271217P00165000,165.0,24.5,23.35,27.35,3.0,286.0,0.3492191543579102,False,PUT,2027-12-17,PANW
PANW271217P00170000,170.0,24.7,24.65,28.6,2.0,532.0,0.33246517150878907,False,PUT,2027-12-17,PANW
PANW271217P00175000,175.0,25.9,27.0,30.35,4.0,181.0,0.32034981414794916,False,PUT,2027-12-17,PANW
PANW271217P00180000,180.0,29.25,29.0,32.95,7.0,276.0,0.3162299822998046,True,PUT,2027-12-17,PANW
PANW271217P00185000,185.0,37.0,34.35,38.0,3.0,143.0,0.33656974472045903,True,PUT,2027-12-17,PANW
PANW271217P00190000,190.0,34.35,34.0,38.55,26.0,190.0,0.30857014678955075,True,PUT,2027-12-17,PANW
PANW271217P00195000,195.0,38.35,40.0,43.95,30.0,137.0,0.33008482421874996,True,PUT,2027-12-17,PANW
PANW271217P00200000,200.0,45.23,42.95,44.55,7.0,487.0,0.30036100036621094,True,PUT,2027-12-17,PANW
PANW271217P00210000,210.0,47.65,48.0,51.1,75.0,122.0,0.2933115103149413,True,PUT,2027-12-17,PANW
PANW271217P00220000,220.0,52.9,55.0,58.05,1.0,432.0,0.28598736480712883,True,PUT,2027-12-17,PANW
PANW280121C00125000,125.0,83.55,66.0,72.0,2.0,3.0,0.5166979483032227,True,CALL,2028-01-21,PANW
PANW280121C00130000,130.0,74.0,62.0,69.0,1.0,6.0,0.5118457019042968,True,CALL,2028-01-21,PANW
PANW280121C00135000,135.0,73.5,60.2,66.25,1.0,8.0,0.5092822509765625,True,CALL,2028-01-21,PANW
PANW280121C00140000,140.0,59.63,57.0,63.0,5.0,12.0,0.4992420681762696,True,CALL,2028-01-21,PANW
PANW280121C00145000,145.0,56.64,53.0,60.0,5.0,8.0,0.4916737844848633,True,CALL,2028-01-21,PANW
PANW280121C00150000,150.0,53.66,52.3,56.55,2.0,41.0,0.4780020462036133,True,CALL,2028-01-21,PANW
PANW280121C00155000,155.0,58.4,48.85,54.0,1.0,7.0,0.4744315252685547,True,CALL,2028-01-21,PANW
PANW280121C00160000,160.0,57.09,45.5,52.0,2.0,22.0,0.47617100982666016,True,CALL,2028-01-21,PANW
PANW280121C00165000,165.0,49.0,43.75,49.0,1.0,22.0,0.4657341024780274,True,CALL,2028-01-21,PANW
PANW280121C00170000,170.0,43.0,41.25,46.95,2.0,31.0,0.4650627224731446,True,CALL,2028-01-21,PANW
PANW280121C00175000,175.0,42.5,40.0,44.0,1.0,35.0,0.45386288330078123,True,CALL,2028-01-21,PANW
PANW280121C00180000,180.0,38.0,36.6,42.0,12.0,103.0,0.4521233987426758,False,CALL,2028-01-21,PANW
PANW280121C00185000,185.0,36.0,34.65,39.75,1.0,305.0,0.44696597961425777,False,CALL,2028-01-21,PANW
PANW280121C00190000,190.0,34.6,32.05,37.85,8.0,152.0,0.4447229600524902,False,CALL,2028-01-21,PANW
PANW280121C00195000,195.0,38.5,29.0,37.0,24.0,38.0,0.45252012329101565,False,CALL,2028-01-21,PANW
PANW280121C00200000,200.0,30.95,30.65,33.3,7.0,229.0,0.4303645831298829,False,CALL,2028-01-21,PANW
PANW280121C00210000,210.0,28.24,26.6,30.8,19.0,94.0,0.434148724975586,False,CALL,2028-01-21,PANW
PANW280121C00220000,220.0,27.85,23.35,27.75,13.0,53.0,0.42969320312500003,False,CALL,2028-01-21,PANW
PANW280121P00125000,125.0,9.65,7.75,13.45,2.0,19.0,0.39548334014892583,False,PUT,2028-01-21,PANW
PANW280121P00130000,130.0,11.55,11.15,13.75,1.0,250.0,0.37235124725341795,False,PUT,2028-01-21,PANW
PANW280121P00135000,135.0,11.5,10.15,16.5,1.0,81.0,0.3829712582397461,False,PUT,2028-01-21,PANW
PANW280121P00140000,140.0,14.82,14.95,16.4,2.0,74.0,0.354025624847412,False,PUT,2028-01-21,PANW
PANW280121P00145000,145.0,14.62,13.75,22.0,52.0,189.0,0.3963683410644532,False,PUT,2028-01-21,PANW
PANW280121P00150000,150.0,17.1,16.4,21.7,1.0,110.0,0.363836928100586,False,PUT,2028-01-21,PANW
PANW280121P00155000,155.0,20.75,18.35,23.55,1.0,31.0,0.3567264035034179,False,PUT,2028-01-21,PANW
PANW280121P00160000,160.0,21.53,20.0,25.6,1.0,68.0,0.3508518284606933,False,PUT,2028-01-21,PANW
PANW280121P00165000,165.0,22.75,25.35,27.6,9.0,248.0,0.34339035522460937,False,PUT,2028-01-21,PANW
PANW280121P00170000,170.0,24.99,24.85,30.05,78.0,76.0,0.3397282824707031,False,PUT,2028-01-21,PANW
PANW280121P00175000,175.0,26.46,27.0,33.8,2.0,157.0,0.3485630329895019,False,PUT,2028-01-21,PANW
PANW280121P00180000,180.0,30.6,30.0,36.25,3.0,27.0,0.3425358715820312,True,PUT,2028-01-21,PANW
PANW280121P00185000,185.0,32.65,34.55,38.7,6.0,276.0,0.3354863815307617,True,PUT,2028-01-21,PANW
PANW280121P00190000,190.0,35.77,37.55,42.5,1.0,49.0,0.34122362884521484,True,PUT,2028-01-21,PANW
PANW280121P00195000,195.0,35.5,39.0,47.0,4.0,89.0,0.35300329620361326,True,PUT,2028-01-21,PANW
PANW280121P00200000,200.0,42.7,42.0,47.4,6.0,727.0,0.32211981597900385,True,PUT,2028-01-21,PANW
PANW280121P00210000,210.0,44.46,49.0,55.3,1.0,65.0,0.32971861694335935,True,PUT,2028-01-21,PANW
PANW280121P00220000,220.0,56.0,56.0,63.0,1.0,10.0,0.3319158605957031,True,PUT,2028-01-21,PANW
PANW280616C00125000,125.0,80.9,69.0,75.75,20.0,11.0,0.5198107101440429,True,CALL,2028-06-16,PANW
PANW280616C00130000,130.0,80.15,66.0,72.0,2.0,5.0,0.504063797302246,True,CALL,2028-06-16,PANW
PANW280616C00135000,135.0,74.65,63.5,69.0,6.0,21.0,0.49733473861694344,True,CALL,2028-06-16,PANW
PANW280616C00140000,140.0,71.8,60.95,67.0,4.0,4.0,0.5015766395568848,True,CALL,2028-06-16,PANW
PANW280616C00145000,145.0,70.3,58.0,63.0,1.0,92.0,0.4819387744140625,True,CALL,2028-06-16,PANW
PANW280616C00150000,150.0,59.03,55.25,60.9,7.0,21.0,0.4832510171508789,True,CALL,2028-06-16,PANW
PANW280616C00155000,155.0,62.7,52.1,59.0,4.0,16.0,0.4857229162597656,True,CALL,2028-06-16,PANW
PANW280616C00160000,160.0,57.75,49.4,55.6,1.0,18.0,0.471486608428955,True,CALL,2028-06-16,PANW
PANW280616C00165000,165.0,58.6,47.25,54.0,1.0,6.0,0.47545385391235345,True,CALL,2028-06-16,PANW
PANW280616C00170000,170.0,47.95,46.2,51.25,10.0,5.0,0.46689375885009765,True,CALL,2028-06-16,PANW
PANW280616C00175000,175.0,45.5,43.3,47.95,6.0,25.0,0.4524590887451172,True,CALL,2028-06-16,PANW
PANW280616C00180000,180.0,43.34,40.05,46.6,6.0,26.0,0.45667047241210945,False,CALL,2028-06-16,PANW
PANW280616C00185000,185.0,46.8,38.7,45.0,1.0,82.0,0.4576775424194337,False,CALL,2028-06-16,PANW
PANW280616C00190000,190.0,39.5,38.0,43.15,15.0,205.0,0.45560236785888675,False,CALL,2028-06-16,PANW
PANW280616C00195000,195.0,44.75,34.85,42.0,2.0,112.0,0.4595696133422852,False,CALL,2028-06-16,PANW
PANW280616C00200000,200.0,36.45,35.0,39.4,6.0,355.0,0.4492547750854492,False,CALL,2028-06-16,PANW
PANW280616C00210000,210.0,34.22,29.95,36.95,2.0,163.0,0.4528405546569824,False,CALL,2028-06-16,PANW
PANW280616C00220000,220.0,34.26,28.2,34.0,10.0,54.0,0.4496362409973144,False,CALL,2028-06-16,PANW
PANW280616P00125000,125.0,12.55,10.1,14.0,10.0,12.0,0.36807882904052736,False,PUT,2028-06-16,PANW
PANW280616P00130000,130.0,11.95,12.25,15.5,46.0,19.0,0.3622042539978027,False,PUT,2028-06-16,PANW
PANW280616P00135000,135.0,14.83,13.75,17.95,1.0,19.0,0.36694968994140625,False,PUT,2028-06-16,PANW
PANW280616P00140000,140.0,16.65,15.4,19.2,6.0,5.0,0.3557040748596191,False,PUT,2028-06-16,PANW
PANW280616P00145000,145.0,17.84,16.0,20.6,1.0,45.0,0.34564863342285157,False,PUT,2028-06-16,PANW
PANW280616P00150000,150.0,19.7,18.0,23.7,3.0,10.0,0.35336950347900387,False,PUT,2028-06-16,PANW
PANW280616P00155000,155.0,19.21,19.6,25.4,1.0,1.0,0.3446110461425781,False,PUT,2028-06-16,PANW
PANW280616P00160000,160.0,24.9,22.0,28.2,1.0,238.0,0.34635053070068356,False,PUT,2028-06-16,PANW
PANW280616P00165000,165.0,25.2,24.0,30.05,32.0,850.0,0.3373937110900879,False,PUT,2028-06-16,PANW
PANW280616P00170000,170.0,30.7,27.4,34.0,1.0,7.0,0.3481968257141113,False,PUT,2028-06-16,PANW
PANW280616P00175000,175.0,30.73,29.8,37.0,2.0,3.0,0.34847148117065424,False,PUT,2028-06-16,PANW
PANW280616P00180000,180.0,35.2,32.3,38.1,2.0,25.0,0.3297643928527832,True,PUT,2028-06-16,PANW
PANW280616P00185000,185.0,34.86,35.0,43.0,2.0,105.0,0.3461521684265136,True,PUT,2028-06-16,PANW
PANW280616P00190000,190.0,36.79,38.0,44.55,2.0,77.0,0.33017637603759764,True,PUT,2028-06-16,PANW
PANW280616P00195000,195.0,39.7,41.0,47.85,2.0,2.0,0.32973387557983397,True,PUT,2028-06-16,PANW
PANW280616P00200000,200.0,44.65,44.0,50.25,6.0,388.0,0.32012093460082996,True,PUT,2028-06-16,PANW
PANW280616P00210000,210.0,47.3,51.0,56.25,2.0,40.0,0.30953144088745116,True,PUT,2028-06-16,PANW
PANW280616P00220000,220.0,51.75,58.0,63.65,1.0,1.0,0.30884480224609373,True,PUT,2028-06-16,PANW
PATH260130C00010000,10.0,4.56,2.99,4.4,2.0,29.0,4.8906288867187495,True,CALL,2026-01-30,PATH
PATH260130C00011000,11.0,2.33,2.0,3.05,1.0,4.0,3.1718770703125,True,CALL,2026-01-30,PATH
PATH260130C00012000,12.0,1.27,1.01,1.29,1.0,16.0,1.3750031249999999,True,CALL,2026-01-30,PATH
PATH260130C00012500,12.5,0.72,0.6,0.85,80.0,1.0,0.7187528125,True,CALL,2026-01-30,PATH
PATH260130C00013000,13.0,0.28,0.27,0.31,148.0,69.0,0.507817421875,True,CALL,2026-01-30,PATH
PATH260130C00013500,13.5,0.07,0.06,0.1,1554.0,156.0,0.523442265625,False,CALL,2026-01-30,PATH
PATH260130C00014000,14.0,0.03,0.02,0.03,819.0,604.0,0.6093789062500001,False,CALL,2026-01-30,PATH
PATH260130C00014500,14.5,0.02,0.01,0.02,271.0,1081.0,0.7812521875,False,CALL,2026-01-30,PATH
PATH260130C00015000,15.0,0.01,0.0,0.01,315.0,4142.0,0.8125018749999999,False,CALL,2026-01-30,PATH
PATH260130C00015500,15.5,0.01,0.0,0.01,1154.0,5659.0,0.9687503125,False,CALL,2026-01-30,PATH
PATH260130C00016000,16.0,0.01,0.0,0.01,240.0,6246.0,1.1875040625,False,CALL,2026-01-30,PATH
PATH260130C00016500,16.5,0.01,0.0,0.01,159.0,2439.0,1.3125034374999998,False,CALL,2026-01-30,PATH
PATH260130C00017000,17.0,0.01,0.0,0.01,2.0,4291.0,1.4375028125,False,CALL,2026-01-30,PATH
PATH260130P00010000,10.0,0.01,0.0,0.02,1.0,33.0,1.75000125,False,PUT,2026-01-30,PATH
PATH260130P00011000,11.0,0.07,0.0,0.22,1.0,14.0,2.0781298046874994,False,PUT,2026-01-30,PATH
PATH260130P00011500,11.5,0.01,0.0,0.01,1.0,4.0,0.87500125,False,PUT,2026-01-30,PATH
PATH260130P00012000,12.0,0.01,0.0,0.02,1.0,1617.0,0.70312796875,False,PUT,2026-01-30,PATH
PATH260130P00012500,12.5,0.02,0.01,0.02,960.0,6516.0,0.51562984375,False,PUT,2026-01-30,PATH
PATH260130P00013000,13.0,0.09,0.07,0.1,7378.0,2206.0,0.437505625,False,PUT,2026-01-30,PATH
PATH260130P00013500,13.5,0.37,0.35,0.41,1602.0,11774.0,0.507817421875,True,PUT,2026-01-30,PATH
PATH260130P00014000,14.0,0.84,0.8,0.89,325.0,4201.0,0.500005,True,PUT,2026-01-30,PATH
PATH260130P00014500,14.5,1.32,1.27,1.38,152.0,2153.0,0.992187578125,True,PUT,2026-01-30,PATH
PATH260130P00015000,15.0,1.81,1.77,1.87,224.0,1749.0,1.171879140625,True,PUT,2026-01-30,PATH
PATH260130P00015500,15.5,2.33,2.26,2.43,138.0,559.0,1.09375453125,True,PUT,2026-01-30,PATH
PATH260130P00016000,16.0,2.85,2.67,2.98,33.0,762.0,2.2578168554687497,True,PUT,2026-01-30,PATH
PATH260130P00016500,16.5,3.4,3.2,3.4,36.0,567.0,2.031254921875,True,PUT,2026-01-30,PATH
PATH260130P00017000,17.0,2.55,3.5,4.0,4.0,83.0,2.81250296875,True,PUT,2026-01-30,PATH
PATH260206C00010500,10.5,3.85,2.46,3.55,1.0,1.0,1.69140779296875,True,CALL,2026-02-06,PATH
PATH260206C00011000,11.0,3.25,1.46,3.05,,1.0,0.92187578125,True,CALL,2026-02-06,PATH
PATH260206C00011500,11.5,1.68,1.5,1.81,35.0,5.0,0.87500125,True,CALL,2026-02-06,PATH
PATH260206C00012000,12.0,1.25,1.22,1.51,56.0,47.0,0.7812521875,True,CALL,2026-02-06,PATH
PATH260206C00012500,12.5,0.83,0.82,1.77,35.0,4.0,1.15234798828125,True,CALL,2026-02-06,PATH
PATH260206C00013000,13.0,0.53,0.53,0.57,277.0,84.0,0.5644574804687501,True,CALL,2026-02-06,PATH
PATH260206C00013500,13.5,0.32,0.3,0.35,356.0,71.0,0.5664105859375,False,CALL,2026-02-06,PATH
PATH260206C00014000,14.0,0.19,0.17,0.2,410.0,318.0,0.5820354296875,False,CALL,2026-02-06,PATH
PATH260206C00014500,14.5,0.12,0.11,0.12,292.0,380.0,0.6210975390625001,False,CALL,2026-02-06,PATH
PATH260206C00015000,15.0,0.07,0.06,0.08,438.0,1426.0,0.6562534375000001,False,CALL,2026-02-06,PATH
PATH260206C00015500,15.5,0.04,0.03,0.05,1114.0,1022.0,0.6718782812500002,False,CALL,2026-02-06,PATH
PATH260206C00016000,16.0,0.04,0.03,0.04,149.0,2116.0,0.7500025,False,CALL,2026-02-06,PATH
PATH260206C00016500,16.5,0.03,0.01,0.03,71.0,1399.0,0.7656273437500001,False,CALL,2026-02-06,PATH
PATH260206C00017000,17.0,0.02,0.02,0.03,237.0,2543.0,0.87500125,False,CALL,2026-02-06,PATH
PATH260206P00012000,12.0,0.06,0.06,0.06,1204.0,1118.0,0.507817421875,False,PUT,2026-02-06,PATH
PATH260206P00012500,12.5,0.16,0.15,0.16,581.0,4428.0,0.5019581054687501,False,PUT,2026-02-06,PATH
PATH260206P00013000,13.0,0.35,0.33,0.36,473.0,4568.0,0.51562984375,False,PUT,2026-02-06,PATH
PATH260206P00013500,13.5,0.62,0.59,0.63,258.0,1400.0,0.5039112109375,True,PUT,2026-02-06,PATH
PATH260206P00014000,14.0,1.01,0.95,1.04,246.0,807.0,0.5429733203125001,True,PUT,2026-02-06,PATH
PATH260206P00014500,14.5,1.39,1.37,1.46,27.0,464.0,0.5507857421875001,True,PUT,2026-02-06,PATH
PATH260206P00015000,15.0,1.86,1.79,1.94,75.0,892.0,0.5312546875,True,PUT,2026-02-06,PATH
PATH260206P00015500,15.5,2.36,2.26,2.43,92.0,564.0,0.51562984375,True,PUT,2026-02-06,PATH
PATH260206P00016000,16.0,2.85,2.7,2.97,53.0,478.0,1.0429735351562504,True,PUT,2026-02-06,PATH
PATH260206P00016500,16.5,3.3,3.05,3.45,1.0,84.0,1.1015669921875002,True,PUT,2026-02-06,PATH
PATH260206P00017000,17.0,2.57,3.4,4.0,6.0,243.0,1.3281283593749997,True,PUT,2026-02-06,PATH
PATH260213C00011000,11.0,5.5,1.98,2.95,,5.0,1.0390673046875003,True,CALL,2026-02-13,PATH
PATH260213C00011500,11.5,3.8,1.58,2.61,2.0,3.0,1.0332079589843752,True,CALL,2026-02-13,PATH
PATH260213C00012000,12.0,1.41,1.3,1.49,3.0,31.0,0.62305064453125,True,CALL,2026-02-13,PATH
PATH260213C00012500,12.5,2.2,0.98,1.1,10.0,115.0,0.6113320117187502,True,CALL,2026-02-13,PATH
PATH260213C00013000,13.0,0.74,0.71,0.76,199.0,22.0,0.5937540625000001,True,CALL,2026-02-13,PATH
PATH260213C00013500,13.5,0.59,0.47,0.57,203.0,43.0,0.6054726953125001,False,CALL,2026-02-13,PATH
PATH260213C00014000,14.0,0.34,0.31,0.36,32.0,105.0,0.5918009570312501,False,CALL,2026-02-13,PATH
PATH260213C00014500,14.5,0.23,0.2,0.25,41.0,135.0,0.6054726953125001,False,CALL,2026-02-13,PATH
PATH260213C00015000,15.0,0.15,0.14,0.16,191.0,785.0,0.6191444335937502,False,CALL,2026-02-13,PATH
PATH260213C00015500,15.5,0.1,0.09,0.13,30.0,213.0,0.6523472265625001,False,CALL,2026-02-13,PATH
PATH260213C00016000,16.0,0.08,0.06,0.08,196.0,1314.0,0.6562534375000001,False,CALL,2026-02-13,PATH
PATH260213C00016500,16.5,0.06,0.04,0.08,5.0,116.0,0.7070341796875,False,CALL,2026-02-13,PATH
PATH260213C00017000,17.0,0.05,0.01,0.15,18.0,419.0,0.8281267187499999,False,CALL,2026-02-13,PATH
PATH260213P00011000,11.0,0.05,0.02,0.98,9.0,2.0,1.3027378613281246,False,PUT,2026-02-13,PATH
PATH260213P00011500,11.5,0.09,0.06,0.15,6.0,3.0,0.5898478515625001,False,PUT,2026-02-13,PATH
PATH260213P00012000,12.0,0.15,0.15,0.18,59.0,2734.0,0.5390671093750001,False,PUT,2026-02-13,PATH
PATH260213P00012500,12.5,0.31,0.29,0.33,6.0,1298.0,0.5449264257812501,False,PUT,2026-02-13,PATH
PATH260213P00013000,13.0,0.52,0.48,0.6,42.0,410.0,0.5664105859375,False,PUT,2026-02-13,PATH
PATH260213P00013500,13.5,0.79,0.76,0.84,24.0,231.0,0.5546919531250001,True,PUT,2026-02-13,PATH
PATH260213P00014000,14.0,1.14,1.08,1.14,17.0,627.0,0.5312546875,True,PUT,2026-02-13,PATH
PATH260213P00014500,14.5,1.52,1.47,1.56,39.0,254.0,0.55273884765625,True,PUT,2026-02-13,PATH
PATH260213P00015000,15.0,1.83,1.86,1.99,107.0,1381.0,0.5273484765625001,True,PUT,2026-02-13,PATH
PATH260213P00015500,15.5,2.38,2.31,2.46,24.0,175.0,0.5312546875,True,PUT,2026-02-13,PATH
PATH260213P00016000,16.0,2.76,2.72,3.0,18.0,122.0,0.5312546875,True,PUT,2026-02-13,PATH
PATH260213P00016500,16.5,3.42,3.25,3.45,1.0,76.0,0.5468795312500001,True,PUT,2026-02-13,PATH
PATH260213P00017000,17.0,3.81,3.5,4.05,6.0,64.0,1.076176494140625,True,PUT,2026-02-13,PATH
PATH260220C00010000,10.0,4.4,3.05,3.4,41.0,921.0,0.726565234375,True,CALL,2026-02-20,PATH
PATH260220C00011000,11.0,3.25,2.16,2.43,5.0,1420.0,0.6445348046875,True,CALL,2026-02-20,PATH
PATH260220C00011500,11.5,2.01,1.77,1.94,2.0,6.0,0.6035195898437502,True,CALL,2026-02-20,PATH
PATH260220C00012000,12.0,1.43,1.4,1.62,315.0,1411.0,0.632816171875,True,CALL,2026-02-20,PATH
PATH260220C00012500,12.5,1.35,1.07,1.17,5.0,2.0,0.57617611328125,True,CALL,2026-02-20,PATH
PATH260220C00013000,13.0,0.82,0.84,0.86,518.0,1745.0,0.5839885351562499,True,CALL,2026-02-20,PATH
PATH260220C00013500,13.5,0.62,0.61,0.63,1087.0,1.0,0.5820354296875,False,CALL,2026-02-20,PATH
PATH260220C00014000,14.0,0.44,0.43,0.45,524.0,2804.0,0.5800823242187501,False,CALL,2026-02-20,PATH
PATH260220C00014500,14.5,0.32,0.3,0.33,310.0,866.0,0.5888712988281251,False,CALL,2026-02-20,PATH
PATH260220C00015000,15.0,0.22,0.22,0.24,1357.0,9954.0,0.6054726953125001,False,CALL,2026-02-20,PATH
PATH260220C00015500,15.5,0.18,0.15,0.19,4.0,249.0,0.6210975390625001,False,CALL,2026-02-20,PATH
PATH260220C00016000,16.0,0.13,0.11,0.13,524.0,9967.0,0.6289099609375001,False,CALL,2026-02-20,PATH
PATH260220C00016500,16.5,0.11,0.09,0.11,21.0,503.0,0.6640658593750002,False,CALL,2026-02-20,PATH
PATH260220C00017000,17.0,0.07,0.07,0.09,1071.0,12092.0,0.6914093359375001,False,CALL,2026-02-20,PATH
PATH260220P00010000,10.0,0.03,0.01,0.05,7.0,839.0,0.632816171875,False,PUT,2026-02-20,PATH
PATH260220P00011000,11.0,0.07,0.06,0.09,8.0,4619.0,0.5507857421875001,False,PUT,2026-02-20,PATH
PATH260220P00011500,11.5,0.15,0.12,0.18,1.0,2.0,0.5546919531250001,False,PUT,2026-02-20,PATH
PATH260220P00012000,12.0,0.22,0.22,0.25,147.0,21724.0,0.52539537109375,False,PUT,2026-02-20,PATH
PATH260220P00012500,12.5,0.37,0.37,0.4,72.0,171.0,0.51758294921875,False,PUT,2026-02-20,PATH
PATH260220P00013000,13.0,0.62,0.59,0.61,529.0,3938.0,0.5195360546875,False,PUT,2026-02-20,PATH
PATH260220P00013500,13.5,0.87,0.86,0.9,212.0,1510.0,0.524418818359375,True,PUT,2026-02-20,PATH
PATH260220P00014000,14.0,1.22,1.18,1.24,248.0,6101.0,0.5273484765625001,True,PUT,2026-02-20,PATH
PATH260220P00014500,14.5,1.57,1.55,1.62,52.0,902.0,0.5293015820312501,True,PUT,2026-02-20,PATH
PATH260220P00015000,15.0,1.99,1.97,2.05,177.0,16266.0,0.5449264257812501,True,PUT,2026-02-20,PATH
PATH260220P00015500,15.5,2.4,2.29,2.51,2.0,221.0,0.6289099609375001,True,PUT,2026-02-20,PATH
PATH260220P00016000,16.0,2.87,2.74,2.97,32.0,4258.0,0.6523472265625001,True,PUT,2026-02-20,PATH
PATH260220P00016500,16.5,2.4,2.69,3.55,3.0,13.0,0.8281267187499999,True,PUT,2026-02-20,PATH
PATH260220P00017000,17.0,3.7,3.7,3.95,31.0,4761.0,0.7539087109375,True,PUT,2026-02-20,PATH
PATH260227C00010000,10.0,3.4,3.05,3.5,16.0,4.0,0.7382838671874999,True,CALL,2026-02-27,PATH
PATH260227C00011500,11.5,3.95,1.72,2.7,10.0,10.0,0.852540537109375,True,CALL,2026-02-27,PATH
PATH260227C00012000,12.0,1.66,1.52,1.62,103.0,13.0,0.6025430371093752,True,CALL,2026-02-27,PATH
PATH260227C00012500,12.5,1.31,1.2,1.35,12.0,17.0,0.6171913281250001,True,CALL,2026-02-27,PATH
PATH260227C00013000,13.0,1.01,0.92,1.02,156.0,26.0,0.5918009570312501,True,CALL,2026-02-27,PATH
PATH260227C00013500,13.5,0.75,0.7,0.85,6.0,11.0,0.6123085644531252,False,CALL,2026-02-27,PATH
PATH260227C00014000,14.0,0.57,0.52,0.63,8.0,81.0,0.6015664843750002,False,CALL,2026-02-27,PATH
PATH260227C00014500,14.5,0.48,0.4,0.46,139.0,339.0,0.6035195898437502,False,CALL,2026-02-27,PATH
PATH260227C00015000,15.0,0.31,0.3,0.39,108.0,394.0,0.6269568554687501,False,CALL,2026-02-27,PATH
PATH260227C00015500,15.5,0.33,0.21,0.32,1.0,112.0,0.637698935546875,False,CALL,2026-02-27,PATH
PATH260227C00016000,16.0,0.16,0.16,0.25,104.0,781.0,0.648441015625,False,CALL,2026-02-27,PATH
PATH260227C00016500,16.5,0.16,0.14,0.16,21.0,110.0,0.65039412109375,False,CALL,2026-02-27,PATH
PATH260227C00017000,17.0,0.12,0.1,0.15,8.0,897.0,0.6738313867187502,False,CALL,2026-02-27,PATH
PATH260227P00010000,10.0,0.04,0.0,0.1,21.0,1.0,0.6093789062500001,False,PUT,2026-02-27,PATH
PATH260227P00011500,11.5,0.21,0.19,0.23,22.0,7.0,0.5507857421875001,False,PUT,2026-02-27,PATH
PATH260227P00012000,12.0,0.31,0.31,0.35,41.0,33.0,0.5410202148437502,False,PUT,2026-02-27,PATH
PATH260227P00012500,12.5,0.51,0.48,0.53,182.0,943.0,0.5410202148437502,False,PUT,2026-02-27,PATH
PATH260227P00013000,13.0,0.7,0.7,0.76,72.0,958.0,0.5419967675781252,False,PUT,2026-02-27,PATH
PATH260227P00013500,13.5,0.97,0.97,1.05,48.0,523.0,0.5459029785156251,True,PUT,2026-02-27,PATH
PATH260227P00014000,14.0,1.21,1.29,1.55,46.0,2530.0,0.6093789062500001,True,PUT,2026-02-27,PATH
PATH260227P00014500,14.5,1.64,1.64,1.74,63.0,222.0,0.5468795312500001,True,PUT,2026-02-27,PATH
PATH260227P00015000,15.0,2.09,2.06,2.14,39.0,236.0,0.56055126953125,True,PUT,2026-02-27,PATH
PATH260227P00015500,15.5,2.42,2.42,2.64,4.0,121.0,0.570316796875,True,PUT,2026-02-27,PATH
PATH260227P00016000,16.0,2.94,2.91,3.1,7.0,278.0,0.6113320117187502,True,PUT,2026-02-27,PATH
PATH260227P00016500,16.5,3.42,3.2,3.55,20.0,48.0,0.7246121289062499,True,PUT,2026-02-27,PATH
PATH260227P00017000,17.0,3.84,3.65,4.15,5.0,16.0,0.57812921875,True,PUT,2026-02-27,PATH
PATH260306C00011000,11.0,4.45,2.21,3.45,10.0,10.0,0.9882813671875,True,CALL,2026-03-06,PATH
PATH260306C00014000,14.0,0.7,0.67,0.78,50.0,59.0,0.6347692773437501,False,CALL,2026-03-06,PATH
PATH260306C00015000,15.0,0.35,0.39,0.48,24.0,136.0,0.6289099609375001,False,CALL,2026-03-06,PATH
PATH260306C00015500,15.5,0.78,0.29,0.42,40.0,69.0,0.6445348046875,False,CALL,2026-03-06,PATH
PATH260306C00016000,16.0,0.32,0.24,0.31,1.0,45.0,0.647464462890625,False,CALL,2026-03-06,PATH
PATH260306C00016500,16.5,0.15,0.15,0.23,3.0,23.0,0.6269568554687501,False,CALL,2026-03-06,PATH
PATH260306C00017000,17.0,0.2,0.16,0.22,64.0,117.0,0.6816438085937502,False,CALL,2026-03-06,PATH
PATH260306P00011500,11.5,0.28,0.28,0.35,4.0,10.0,0.58789474609375,False,PUT,2026-03-06,PATH
PATH260306P00012500,12.5,0.65,0.57,0.66,84.0,44.0,0.5585981640625001,False,PUT,2026-03-06,PATH
PATH260306P00013000,13.0,0.85,0.81,0.9,75.0,53.0,0.5634809277343751,False,PUT,2026-03-06,PATH
PATH260306P00013500,13.5,1.15,1.08,1.21,33.0,67.0,0.5722699023437501,True,PUT,2026-03-06,PATH
PATH260306P00014000,14.0,1.49,1.39,1.51,19.0,44.0,0.5664105859375,True,PUT,2026-03-06,PATH
PATH260306P00015000,15.0,2.09,2.13,2.25,7.0,24.0,0.5722699023437501,True,PUT,2026-03-06,PATH
PATH260306P00015500,15.5,2.54,2.54,2.66,20.0,42.0,0.5742230078125,True,PUT,2026-03-06,PATH
PATH260320C00010000,10.0,3.55,3.5,3.6,15.0,216.0,0.8476577734374999,True,CALL,2026-03-20,PATH
PATH260320C00011000,11.0,3.8,2.64,3.95,2.0,48.0,1.138676181640625,True,CALL,2026-03-20,PATH
PATH260320C00012000,12.0,2.19,2.13,2.22,118.0,340.0,0.81445498046875,True,CALL,2026-03-20,PATH
PATH260320C00013000,13.0,1.64,1.63,1.68,232.0,102.0,0.8085956640624999,True,CALL,2026-03-20,PATH
PATH260320C00014000,14.0,1.25,1.22,1.28,486.0,1904.0,0.8095722167968749,False,CALL,2026-03-20,PATH
PATH260320C00015000,15.0,0.95,0.93,0.96,2175.0,7942.0,0.8173846386718748,False,CALL,2026-03-20,PATH
PATH260320C00016000,16.0,0.7,0.7,0.74,796.0,2516.0,0.8300798242187499,False,CALL,2026-03-20,PATH
PATH260320C00017000,17.0,0.55,0.54,0.56,366.0,1779.0,0.84179845703125,False,CALL,2026-03-20,PATH
PATH260320P00010000,10.0,0.3,0.28,0.32,11.0,52.0,0.772463212890625,False,PUT,2026-03-20,PATH
PATH260320P00011000,11.0,0.55,0.53,0.55,116.0,208.0,0.7578149218750001,False,PUT,2026-03-20,PATH
PATH260320P00012000,12.0,0.9,0.87,0.92,127.0,809.0,0.7500025,False,PUT,2026-03-20,PATH
PATH260320P00013000,13.0,1.37,1.35,1.4,281.0,2892.0,0.7490259472656251,False,PUT,2026-03-20,PATH
PATH260320P00014000,14.0,1.96,1.94,2.01,136.0,1526.0,0.7539087109375,True,PUT,2026-03-20,PATH
PATH260320P00015000,15.0,2.64,2.55,2.71,20.0,1470.0,0.737307314453125,True,PUT,2026-03-20,PATH
PATH260320P00016000,16.0,3.4,3.35,3.5,27.0,2204.0,0.754885263671875,True,PUT,2026-03-20,PATH
PATH260320P00017000,17.0,4.1,4.05,4.3,2.0,86.0,0.70117486328125,True,PUT,2026-03-20,PATH
PATH260515C00010000,10.0,3.85,3.8,4.0,148.0,607.0,0.7763694238281251,True,CALL,2026-05-15,PATH
PATH260515C00011000,11.0,3.25,3.15,3.3,108.0,305.0,0.75586181640625,True,CALL,2026-05-15,PATH
PATH260515C00012000,12.0,2.69,2.6,2.7,329.0,1178.0,0.7465845654296875,True,CALL,2026-05-15,PATH
PATH260515C00013000,13.0,2.15,2.11,2.22,233.0,1863.0,0.7412135253906249,True,CALL,2026-05-15,PATH
PATH260515C00014000,14.0,1.78,1.75,1.79,415.0,1804.0,0.7421900781249999,False,CALL,2026-05-15,PATH
PATH260515C00015000,15.0,1.44,1.4,1.47,808.0,6358.0,0.7402369726562499,False,CALL,2026-05-15,PATH
PATH260515C00016000,16.0,1.17,1.14,1.21,528.0,8993.0,0.7446314599609375,False,CALL,2026-05-15,PATH
PATH260515C00017000,17.0,0.96,0.96,0.99,561.0,6563.0,0.7539087109375,False,CALL,2026-05-15,PATH
PATH260515P00010000,10.0,0.56,0.53,0.59,111.0,614.0,0.684573466796875,False,PUT,2026-05-15,PATH
PATH260515P00011000,11.0,0.87,0.83,0.93,43.0,7478.0,0.6777375976562501,False,PUT,2026-05-15,PATH
PATH260515P00012000,12.0,1.31,1.26,1.38,30.0,1056.0,0.6826203613281252,False,PUT,2026-05-15,PATH
PATH260515P00013000,13.0,1.8,1.75,1.85,106.0,1660.0,0.6694368994140626,False,PUT,2026-05-15,PATH
PATH260515P00014000,14.0,2.41,2.38,2.44,133.0,4387.0,0.6738313867187502,True,PUT,2026-05-15,PATH
PATH260515P00015000,15.0,2.95,2.95,3.15,41.0,11122.0,0.6621127539062501,True,PUT,2026-05-15,PATH
PATH260515P00016000,16.0,3.61,3.6,3.9,23.0,1964.0,0.648441015625,True,PUT,2026-05-15,PATH
PATH260515P00017000,17.0,4.5,4.45,4.65,24.0,1265.0,0.6513706738281251,True,PUT,2026-05-15,PATH
PATH260821C00010000,10.0,4.52,4.35,4.7,17.0,122.0,0.780275634765625,True,CALL,2026-08-21,PATH
PATH260821C00011000,11.0,4.05,3.8,4.05,1.0,67.0,0.7612328564453126,True,CALL,2026-08-21,PATH
PATH260821C00012000,12.0,3.45,3.35,3.55,135.0,271.0,0.762697685546875,True,CALL,2026-08-21,PATH
PATH260821C00013000,13.0,3.01,2.7,3.15,21.0,104.0,0.7358424853515625,True,CALL,2026-08-21,PATH
PATH260821C00014000,14.0,2.65,2.59,2.7,110.0,292.0,0.7597680273437502,False,CALL,2026-08-21,PATH
PATH260821C00015000,15.0,2.27,2.26,2.34,272.0,948.0,0.754885263671875,False,CALL,2026-08-21,PATH
PATH260821C00016000,16.0,2.0,1.95,2.07,216.0,1355.0,0.7534204345703125,False,CALL,2026-08-21,PATH
PATH260821C00017000,17.0,1.75,1.67,1.82,274.0,1318.0,0.7490259472656251,False,CALL,2026-08-21,PATH
PATH260821P00010000,10.0,1.06,0.87,1.1,18.0,199.0,0.6508823974609376,False,PUT,2026-08-21,PATH
PATH260821P00011000,11.0,1.4,1.41,1.5,116.0,408.0,0.6684603466796877,False,PUT,2026-08-21,PATH
PATH260821P00012000,12.0,1.94,1.88,1.97,51.0,443.0,0.6621127539062501,False,PUT,2026-08-21,PATH
PATH260821P00013000,13.0,2.5,2.43,2.55,104.0,371.0,0.6645541357421877,False,PUT,2026-08-21,PATH
PATH260821P00014000,14.0,3.07,2.96,3.15,33.0,427.0,0.6508823974609376,True,PUT,2026-08-21,PATH
PATH260821P00015000,15.0,3.17,3.35,3.85,1.0,1723.0,0.6191444335937502,True,PUT,2026-08-21,PATH
PATH260821P00016000,16.0,4.22,4.15,4.55,20.0,285.0,0.6269568554687501,True,PUT,2026-08-21,PATH
PATH260821P00017000,17.0,4.42,4.85,5.3,5.0,464.0,0.6167030517578126,True,PUT,2026-08-21,PATH
PATH270115C00010000,10.0,5.32,5.2,5.35,193.0,7116.0,0.7875997802734375,True,CALL,2027-01-15,PATH
PATH270115C00012000,12.0,4.33,4.3,4.35,245.0,5637.0,0.7719749365234375,True,CALL,2027-01-15,PATH
PATH270115C00015000,15.0,3.26,3.2,3.3,1076.0,31509.0,0.7619652709960938,False,CALL,2027-01-15,PATH
PATH270115C00017000,17.0,2.7,2.69,2.75,657.0,17757.0,0.7612328564453126,False,CALL,2027-01-15,PATH
PATH270115P00010000,10.0,1.65,1.6,1.7,39.0,3683.0,0.6699251757812501,False,PUT,2027-01-15,PATH
PATH270115P00012000,12.0,2.66,2.62,2.71,60.0,15351.0,0.6640658593750002,False,PUT,2027-01-15,PATH
PATH270115P00015000,15.0,4.53,4.5,4.6,92.0,5432.0,0.657229990234375,True,PUT,2027-01-15,PATH
PATH270115P00017000,17.0,5.9,5.9,6.0,56.0,1855.0,0.6440465283203125,True,PUT,2027-01-15,PATH
PATH280121C00010000,10.0,6.67,6.55,6.8,145.0,3458.0,0.8037129003906249,True,CALL,2028-01-21,PATH
PATH280121C00012000,12.0,5.89,5.8,5.95,546.0,5272.0,0.7846701220703125,True,CALL,2028-01-21,PATH
PATH280121C00015000,15.0,5.0,4.9,5.05,354.0,7385.0,0.7773459765625,False,CALL,2028-01-21,PATH
PATH280121C00017000,17.0,4.5,4.35,4.55,127.0,3209.0,0.7695335546875001,False,CALL,2028-01-21,PATH
PATH280121P00010000,10.0,2.66,2.61,2.71,16.0,515.0,0.6481968774414062,False,PUT,2028-01-21,PATH
PATH280121P00012000,12.0,3.79,3.6,3.85,5.0,873.0,0.6264685791015626,False,PUT,2028-01-21,PATH
PATH280121P00015000,15.0,5.68,5.65,5.8,8.0,2199.0,0.6213416772460938,True,PUT,2028-01-21,PATH
PATH280121P00017000,17.0,7.03,6.75,7.35,2.0,1766.0,0.5988809643554689,True,PUT,2028-01-21,PATH
PBR260130C00011000,11.0,2.52,4.5,4.65,4.0,4.0,2.5156287109374995,True,CALL,2026-01-30,PBR
PBR260130C00011500,11.5,3.48,4.05,4.15,1.0,61.0,2.5156287109374995,True,CALL,2026-01-30,PBR
PBR260130C00012000,12.0,3.55,3.55,3.65,5.0,196.0,2.2187544531249994,True,CALL,2026-01-30,PBR
PBR260130C00012500,12.5,2.98,3.05,3.15,13.0,1964.0,1.9375003125,True,CALL,2026-01-30,PBR
PBR260130C00013000,13.0,2.58,2.55,2.63,6.0,3175.0,1.5781271093749998,True,CALL,2026-01-30,PBR
PBR260130C00013500,13.5,2.0,2.05,2.11,21.0,1605.0,1.2343788281249999,True,CALL,2026-01-30,PBR
PBR260130C00014000,14.0,1.6,1.56,1.62,69.0,1331.0,1.0390673046875003,True,CALL,2026-01-30,PBR
PBR260130C00014500,14.5,1.04,1.06,1.12,52.0,3403.0,0.7656273437500001,True,CALL,2026-01-30,PBR
PBR260130C00015000,15.0,0.53,0.58,0.64,1169.0,4207.0,0.5468795312500001,True,CALL,2026-01-30,PBR
PBR260130C00015500,15.5,0.21,0.2,0.22,1950.0,2539.0,0.42969320312500003,True,CALL,2026-01-30,PBR
PBR260130C00016000,16.0,0.05,0.04,0.06,1000.0,732.0,0.46094289062500005,False,CALL,2026-01-30,PBR
PBR260130C00016500,16.5,0.01,0.0,0.02,95.0,602.0,0.5468795312500001,False,CALL,2026-01-30,PBR
PBR260130P00011000,11.0,0.01,0.0,0.02,25.0,508.0,2.1250046874999997,False,PUT,2026-01-30,PBR
PBR260130P00011500,11.5,0.01,0.0,0.02,50.0,3620.0,1.875000625,False,PUT,2026-01-30,PBR
PBR260130P00012000,12.0,0.01,0.0,0.01,2.0,582.0,1.5000025,False,PUT,2026-01-30,PBR
PBR260130P00012500,12.5,0.01,0.0,0.02,11.0,178.0,1.40625296875,False,PUT,2026-01-30,PBR
PBR260130P00013000,13.0,0.01,0.0,0.02,6.0,805.0,1.1875040625,False,PUT,2026-01-30,PBR
PBR260130P00013500,13.5,0.01,0.0,0.02,18.0,474.0,0.9687503125,False,PUT,2026-01-30,PBR
PBR260130P00014000,14.0,0.01,0.0,0.01,67.0,4072.0,0.6875031250000001,False,PUT,2026-01-30,PBR
PBR260130P00014500,14.5,0.01,0.0,0.01,51.0,1545.0,0.5312546875,False,PUT,2026-01-30,PBR
PBR260130P00015000,15.0,0.03,0.02,0.03,188.0,294.0,0.42188078125,False,PUT,2026-01-30,PBR
PBR260130P00015500,15.5,0.13,0.13,0.14,157.0,58.0,0.35156898437499995,False,PUT,2026-01-30,PBR
PBR260130P00016000,16.0,0.51,0.45,0.5,2.0,3.0,0.414068359375,True,PUT,2026-01-30,PBR
PBR260130P00017000,17.0,1.87,1.4,1.45,8.0,6.0,1.0000000000000003e-05,True,PUT,2026-01-30,PBR
PBR260206C00011000,11.0,0.9,4.4,4.7,4.0,4.0,0.9062509375,True,CALL,2026-02-06,PBR
PBR260206C00011500,11.5,3.48,3.9,4.75,1.0,128.0,1.8085947070312498,True,CALL,2026-02-06,PBR
PBR260206C00012000,12.0,3.9,3.5,3.65,2.0,309.0,0.92187578125,True,CALL,2026-02-06,PBR
PBR260206C00012500,12.5,3.1,2.94,3.15,13.0,718.0,0.500005,True,CALL,2026-02-06,PBR
PBR260206C00013000,13.0,2.5,2.39,2.65,8.0,222.0,0.914063359375,True,CALL,2026-02-06,PBR
PBR260206C00013500,13.5,2.15,1.94,2.17,7.0,343.0,0.8125018749999999,True,CALL,2026-02-06,PBR
PBR260206C00014000,14.0,1.52,1.4,1.66,4.0,293.0,0.64062859375,True,CALL,2026-02-06,PBR
PBR260206C00014500,14.5,1.07,1.05,1.2,16.0,1072.0,0.5507857421875001,True,CALL,2026-02-06,PBR
PBR260206C00015000,15.0,0.76,0.71,0.76,60.0,836.0,0.45313046875,True,CALL,2026-02-06,PBR
PBR260206C00015500,15.5,0.4,0.4,0.41,647.0,1109.0,0.398443515625,True,CALL,2026-02-06,PBR
PBR260206C00016000,16.0,0.22,0.21,0.23,2303.0,2187.0,0.42383388671875,False,CALL,2026-02-06,PBR
PBR260206C00016500,16.5,0.12,0.11,0.13,539.0,347.0,0.45703667968750006,False,CALL,2026-02-06,PBR
PBR260206C00018500,18.5,0.03,0.0,0.03,6.0,1.0,0.570316796875,False,CALL,2026-02-06,PBR
PBR260206P00011000,11.0,0.01,0.0,0.03,2.0,477.0,1.0625046875000002,False,PUT,2026-02-06,PBR
PBR260206P00011500,11.5,0.02,0.0,0.03,4.0,142.0,0.937500625,False,PUT,2026-02-06,PBR
PBR260206P00012000,12.0,0.01,0.0,0.01,2.0,79.0,0.6875031250000001,False,PUT,2026-02-06,PBR
PBR260206P00012500,12.5,0.02,0.0,0.03,96.0,125.0,0.7187528125,False,PUT,2026-02-06,PBR
PBR260206P00013000,13.0,0.01,0.01,0.03,60.0,398.0,0.632816171875,False,PUT,2026-02-06,PBR
PBR260206P00013500,13.5,0.04,0.02,0.03,1.0,102.0,0.5390671093750001,False,PUT,2026-02-06,PBR
PBR260206P00014000,14.0,0.03,0.03,0.04,17.0,1987.0,0.476567734375,False,PUT,2026-02-06,PBR
PBR260206P00014500,14.5,0.06,0.06,0.08,372.0,2771.0,0.42969320312500003,False,PUT,2026-02-06,PBR
PBR260206P00016500,16.5,2.17,0.85,1.29,6.0,1.0,0.710940390625,True,PUT,2026-02-06,PBR
PBR260213C00011000,11.0,1.9,2.95,6.5,,1.0,1.3164096679687498,True,CALL,2026-02-13,PBR
PBR260213C00011500,11.5,1.47,2.24,6.0,2.0,0.0,0.9492192578124999,True,CALL,2026-02-13,PBR
PBR260213C00012000,12.0,3.55,3.4,3.75,2.0,90.0,0.6953155468750001,True,CALL,2026-02-13,PBR
PBR260213C00012500,12.5,2.28,2.8,5.05,80.0,289.0,1.7695324023437498,True,CALL,2026-02-13,PBR
PBR260213C00013000,13.0,2.65,2.37,2.83,5.0,351.0,0.5820354296875,True,CALL,2026-02-13,PBR
PBR260213C00013500,13.5,1.99,2.0,2.25,7.0,151.0,0.5351608984375,True,CALL,2026-02-13,PBR
PBR260213C00014000,14.0,1.66,1.44,1.7,32.0,600.0,0.5351608984375,True,CALL,2026-02-13,PBR
PBR260213C00014500,14.5,1.22,0.99,1.3,9.0,23.0,0.51758294921875,True,CALL,2026-02-13,PBR
PBR260213C00015000,15.0,0.98,0.69,0.98,6.0,1634.0,0.5273484765625001,True,CALL,2026-02-13,PBR
PBR260213C00015500,15.5,0.52,0.5,0.54,88.0,71.0,0.398443515625,True,CALL,2026-02-13,PBR
PBR260213C00016000,16.0,0.33,0.31,0.33,96.0,2.0,0.40039662109375,False,CALL,2026-02-13,PBR
PBR260213P00011000,11.0,0.02,0.0,0.03,2.0,200.0,0.79687703125,False,PUT,2026-02-13,PBR
PBR260213P00011500,11.5,0.03,0.0,0.03,11.0,338.0,0.70312796875,False,PUT,2026-02-13,PBR
PBR260213P00012000,12.0,0.01,0.01,0.03,1.0,377.0,0.648441015625,False,PUT,2026-02-13,PBR
PBR260213P00012500,12.5,0.21,0.01,0.04,1.0,82.0,0.585941640625,False,PUT,2026-02-13,PBR
PBR260213P00013000,13.0,0.04,0.02,0.05,1.0,40.0,0.5273484765625001,False,PUT,2026-02-13,PBR
PBR260213P00013500,13.5,0.05,0.04,0.06,31.0,99.0,0.49609878906250005,False,PUT,2026-02-13,PBR
PBR260213P00015000,15.0,0.26,0.21,0.24,66.0,40.0,0.3632876171875,False,PUT,2026-02-13,PBR
PBR260220C00011000,11.0,3.95,4.4,6.55,43.0,125.0,1.9902344238281249,True,CALL,2026-02-20,PBR
PBR260220C00011500,11.5,2.0,3.7,6.05,,20.0,1.732423212890625,True,CALL,2026-02-20,PBR
PBR260220C00012000,12.0,3.55,3.55,3.65,21.0,31783.0,0.6562534375000001,True,CALL,2026-02-20,PBR
PBR260220C00012500,12.5,2.76,2.94,4.1,2.0,104.0,1.1054732226562503,True,CALL,2026-02-20,PBR
PBR260220C00013000,13.0,2.61,2.44,2.85,322.0,9599.0,0.5664105859375,True,CALL,2026-02-20,PBR
PBR260220C00013500,13.5,2.07,2.03,2.26,9.0,2898.0,0.6113320117187502,True,CALL,2026-02-20,PBR
PBR260220C00014000,14.0,1.72,1.65,1.8,149.0,15080.0,0.5429733203125001,True,CALL,2026-02-20,PBR
PBR260220C00014500,14.5,1.25,1.14,1.35,31.0,1903.0,0.47070841796875,True,CALL,2026-02-20,PBR
PBR260220C00015000,15.0,0.82,0.83,1.03,438.0,10063.0,0.47461462890625,True,CALL,2026-02-20,PBR
PBR260220C00015500,15.5,0.56,0.56,0.59,286.0,7483.0,0.36524072265625,True,CALL,2026-02-20,PBR
PBR260220C00016000,16.0,0.38,0.38,0.39,1315.0,3926.0,0.37305314453125,False,CALL,2026-02-20,PBR
PBR260220C00016500,16.5,0.26,0.23,0.25,810.0,2976.0,0.38281867187499996,False,CALL,2026-02-20,PBR
PBR260220C00017000,17.0,0.17,0.15,0.17,2591.0,1404.0,0.4023497265625,False,CALL,2026-02-20,PBR
PBR260220C00018000,18.0,0.09,0.06,0.09,186.0,893.0,0.45508357421875,False,CALL,2026-02-20,PBR
PBR260220C00019000,19.0,0.02,0.03,0.05,11.0,13.0,0.500005,False,CALL,2026-02-20,PBR
PBR260220C00020000,20.0,0.02,0.01,0.03,1.0,21.0,0.507817421875,False,CALL,2026-02-20,PBR
PBR260220P00011000,11.0,0.02,0.01,0.02,2.0,7600.0,0.6640658593750002,False,PUT,2026-02-20,PBR
PBR260220P00011500,11.5,0.02,0.01,0.04,10.0,21.0,0.64062859375,False,PUT,2026-02-20,PBR
PBR260220P00012000,12.0,0.04,0.02,0.04,7.0,11032.0,0.57812921875,False,PUT,2026-02-20,PBR
PBR260220P00012500,12.5,0.04,0.02,0.05,2.0,2629.0,0.51562984375,False,PUT,2026-02-20,PBR
PBR260220P00013000,13.0,0.05,0.03,0.06,64.0,2588.0,0.49609878906250005,False,PUT,2026-02-20,PBR
PBR260220P00013500,13.5,0.07,0.05,0.07,7.0,599.0,0.42969320312500003,False,PUT,2026-02-20,PBR
PBR260220P00014000,14.0,0.09,0.08,0.1,30.0,58017.0,0.38281867187499996,False,PUT,2026-02-20,PBR
PBR260220P00014500,14.5,0.16,0.14,0.16,423.0,1663.0,0.34961587890624996,False,PUT,2026-02-20,PBR
PBR260227C00012000,12.0,2.64,3.4,3.75,3.0,119.0,0.507817421875,True,CALL,2026-02-27,PBR
PBR260227C00012500,12.5,2.79,2.62,3.4,1.0,152.0,0.86132951171875,True,CALL,2026-02-27,PBR
PBR260227C00013000,13.0,2.3,2.44,2.9,3.0,2932.0,0.5273484765625001,True,CALL,2026-02-27,PBR
PBR260227C00013500,13.5,2.46,1.74,2.43,30.0,128.0,0.6787141503906251,True,CALL,2026-02-27,PBR
PBR260227C00014000,14.0,2.0,1.62,1.88,30.0,544.0,0.5371140039062501,True,CALL,2026-02-27,PBR
PBR260227C00014500,14.5,1.15,1.12,1.61,11.0,791.0,0.5839885351562499,True,CALL,2026-02-27,PBR
PBR260227C00015000,15.0,0.99,0.93,1.04,316.0,441.0,0.42188078125,True,CALL,2026-02-27,PBR
PBR260227C00015500,15.5,0.65,0.59,0.9,85.0,475.0,0.49414568359375005,True,CALL,2026-02-27,PBR
PBR260227C00016000,16.0,0.44,0.24,0.58,11.0,287.0,0.436529072265625,False,CALL,2026-02-27,PBR
PBR260227P00011000,11.0,0.04,0.0,0.95,2.0,3.0,1.3164096679687498,False,PUT,2026-02-27,PBR
PBR260227P00011500,11.5,0.03,0.0,0.03,1.0,6.0,0.51562984375,False,PUT,2026-02-27,PBR
PBR260227P00012000,12.0,0.1,0.0,0.08,4.0,108.0,0.5390671093750001,False,PUT,2026-02-27,PBR
PBR260227P00012500,12.5,0.1,0.0,0.87,1.0,2.0,0.9335944140625,False,PUT,2026-02-27,PBR
PBR260227P00013000,13.0,0.05,0.04,0.21,35.0,137.0,0.5273484765625001,False,PUT,2026-02-27,PBR
PBR260227P00013500,13.5,0.11,0.0,2.13,2.0,13.0,1.1611370068359377,False,PUT,2026-02-27,PBR
PBR260227P00014000,14.0,0.22,0.11,0.13,1.0,44.0,0.367193828125,False,PUT,2026-02-27,PBR
PBR260227P00014500,14.5,0.29,0.0,0.7,32.0,40.0,0.6689486230468751,False,PUT,2026-02-27,PBR
PBR260306C00012000,12.0,2.54,3.4,4.9,1.0,1.0,1.0781296093750001,True,CALL,2026-03-06,PBR
PBR260306C00012500,12.5,2.88,2.74,4.15,20.0,24.0,0.8125018749999999,True,CALL,2026-03-06,PBR
PBR260306C00013000,13.0,1.14,2.44,4.65,,2.0,1.125004375,True,CALL,2026-03-06,PBR
PBR260306C00013500,13.5,1.8,1.94,2.66,2.0,7.0,0.5136767382812499,True,CALL,2026-03-06,PBR
PBR260306C00014000,14.0,1.5,1.44,2.69,36.0,38.0,0.6025430371093752,True,CALL,2026-03-06,PBR
PBR260306C00014500,14.5,1.11,0.94,2.37,4.0,29.0,0.551762294921875,True,CALL,2026-03-06,PBR
PBR260306C00015000,15.0,0.86,0.85,3.05,152.0,167.0,0.860352958984375,True,CALL,2026-03-06,PBR
PBR260306C00016000,16.0,0.52,0.42,0.75,47.0,17.0,0.47949739257812496,False,CALL,2026-03-06,PBR
PBR260306P00011000,11.0,0.05,0.0,2.14,20.0,5.0,1.6787125439453123,False,PUT,2026-03-06,PBR
PBR260306P00012000,12.0,0.04,0.0,2.16,20.0,10.0,1.423831005859375,False,PUT,2026-03-06,PBR
PBR260306P00012500,12.5,0.15,0.0,0.3,1.0,1.0,0.5800823242187501,False,PUT,2026-03-06,PBR
PBR260320C00011000,11.0,4.57,4.4,4.8,6.0,419.0,0.5585981640625001,True,CALL,2026-03-20,PBR
PBR260320C00012000,12.0,3.7,3.6,3.75,4.0,8506.0,0.5390671093750001,True,CALL,2026-03-20,PBR
PBR260320C00013000,13.0,2.74,2.61,2.84,40.0,15671.0,0.5400436621093752,True,CALL,2026-03-20,PBR
PBR260320C00014000,14.0,1.9,1.74,2.0,80.0,32209.0,0.47852083984375,True,CALL,2026-03-20,PBR
PBR260320C00015000,15.0,1.15,1.12,1.15,1235.0,27972.0,0.37305314453125,True,CALL,2026-03-20,PBR
PBR260320C00016000,16.0,0.64,0.62,0.64,1298.0,31104.0,0.36084623535156246,False,CALL,2026-03-20,PBR
PBR260320C00017000,17.0,0.35,0.34,0.36,2589.0,3575.0,0.37500625,False,CALL,2026-03-20,PBR
PBR260320C00018000,18.0,0.2,0.17,0.2,981.0,1906.0,0.389654541015625,False,CALL,2026-03-20,PBR
PBR260320C00019000,19.0,0.11,0.08,0.11,100.0,1763.0,0.4023497265625,False,CALL,2026-03-20,PBR
PBR260320C00020000,20.0,0.08,0.03,0.08,32.0,2716.0,0.4414118359375,False,CALL,2026-03-20,PBR
PBR260320P00011000,11.0,0.03,0.03,0.04,6.0,22662.0,0.5117236328125,False,PUT,2026-03-20,PBR
PBR260320P00012000,12.0,0.06,0.06,0.07,1.0,31096.0,0.46289599609375004,False,PUT,2026-03-20,PBR
PBR260320P00013000,13.0,0.12,0.09,0.11,183.0,6987.0,0.39063109375,False,PUT,2026-03-20,PBR
PBR260320P00014000,14.0,0.24,0.21,0.23,82.0,3982.0,0.34961587890624996,False,PUT,2026-03-20,PBR
PBR260320P00015000,15.0,0.49,0.48,0.49,1020.0,1938.0,0.32129584960937496,False,PUT,2026-03-20,PBR
PBR260320P00017000,17.0,2.69,0.0,2.85,4.0,2.0,0.8447281152343749,True,PUT,2026-03-20,PBR
PBR260320P00020000,20.0,8.0,2.44,6.55,1.0,1.0,1.509768076171875,True,PUT,2026-03-20,PBR
PBR260417C00011000,11.0,3.53,4.3,4.95,3.0,124.0,0.764650791015625,True,CALL,2026-04-17,PBR
PBR260417C00012000,12.0,3.68,3.5,3.85,19.0,9524.0,0.5644574804687501,True,CALL,2026-04-17,PBR
PBR260417C00013000,13.0,2.89,2.73,2.98,557.0,5202.0,0.508793974609375,True,CALL,2026-04-17,PBR
PBR260417C00014000,14.0,2.0,1.86,2.17,155.0,5723.0,0.45654840332031255,True,CALL,2026-04-17,PBR
PBR260417C00015000,15.0,1.23,1.2,1.38,22.0,10542.0,0.383795224609375,True,CALL,2026-04-17,PBR
PBR260417C00016000,16.0,0.8,0.75,0.85,1980.0,4245.0,0.3632876171875,False,CALL,2026-04-17,PBR
PBR260417C00017000,17.0,0.47,0.37,0.51,637.0,1331.0,0.36035795898437495,False,CALL,2026-04-17,PBR
PBR260417C00018000,18.0,0.25,0.26,0.35,181.0,144.0,0.3857483300781249,False,CALL,2026-04-17,PBR
PBR260417C00019000,19.0,0.19,0.04,0.18,1.0,63.0,0.3711000390625,False,CALL,2026-04-17,PBR
PBR260417C00020000,20.0,0.11,0.04,0.16,90.0,164.0,0.41992767578125,False,CALL,2026-04-17,PBR
PBR260417P00011000,11.0,0.07,0.04,0.08,6.0,3881.0,0.48438015625,False,PUT,2026-04-17,PBR
PBR260417P00012000,12.0,0.13,0.09,0.13,500.0,19128.0,0.4335994140625,False,PUT,2026-04-17,PBR
PBR260417P00013000,13.0,0.2,0.14,0.2,1006.0,5600.0,0.37695935546875,False,PUT,2026-04-17,PBR
PBR260417P00014000,14.0,0.4,0.3,0.35,86.0,8113.0,0.33789724609375,False,PUT,2026-04-17,PBR
PBR260417P00015000,15.0,0.71,0.59,0.66,7.0,2538.0,0.32031929687499994,False,PUT,2026-04-17,PBR
PBR260618C00011000,11.0,4.61,4.5,4.85,10.0,679.0,0.5195360546875,True,CALL,2026-06-18,PBR
PBR260618C00012000,12.0,3.7,3.75,3.85,68.0,10271.0,0.42188078125,True,CALL,2026-06-18,PBR
PBR260618C00013000,13.0,2.92,2.88,2.97,14.0,26448.0,0.37695935546875,True,CALL,2026-06-18,PBR
PBR260618C00014000,14.0,2.09,2.08,2.19,96.0,8853.0,0.34766277343749996,True,CALL,2026-06-18,PBR
PBR260618C00015000,15.0,1.4,1.43,1.52,6875.0,21865.0,0.32471378417968744,True,CALL,2026-06-18,PBR
PBR260618C00016000,16.0,1.04,0.96,1.05,75.0,1284.0,0.3237372314453124,False,CALL,2026-06-18,PBR
PBR260618C00017000,17.0,0.7,0.65,0.68,74.0,9031.0,0.317389638671875,False,CALL,2026-06-18,PBR
PBR260618C00018000,18.0,0.43,0.41,0.45,128.0,1124.0,0.32129584960937496,False,CALL,2026-06-18,PBR
PBR260618C00020000,20.0,0.18,0.19,0.21,162.0,1063.0,0.33887379882812496,False,CALL,2026-06-18,PBR
PBR260618P00011000,11.0,0.14,0.12,0.16,345.0,4485.0,0.42969320312500003,False,PUT,2026-06-18,PBR
PBR260618P00012000,12.0,0.24,0.21,0.25,669.0,35633.0,0.39453730468750003,False,PUT,2026-06-18,PBR
PBR260618P00013000,13.0,0.39,0.36,0.41,3.0,20777.0,0.3711000390625,False,PUT,2026-06-18,PBR
PBR260618P00014000,14.0,0.67,0.61,0.69,299.0,595.0,0.3618227880859375,False,PUT,2026-06-18,PBR
PBR260618P00015000,15.0,1.09,1.0,1.13,76.0,4609.0,0.3667055517578125,False,PUT,2026-06-18,PBR
PBR260618P00020000,20.0,7.9,5.6,10.5,,2.0,1.298343352050781,True,PUT,2026-06-18,PBR
PBR260717C00011000,11.0,3.3,2.94,6.65,1.0,148.0,1.1376996240234376,True,CALL,2026-07-17,PBR
PBR260717C00012000,12.0,3.28,3.0,5.75,7.0,167.0,0.5810588769531251,True,CALL,2026-07-17,PBR
PBR260717C00013000,13.0,2.7,2.5,3.5,7.0,484.0,0.5112353564453125,True,CALL,2026-07-17,PBR
PBR260717C00014000,14.0,1.88,1.8,2.4,30.0,5484.0,0.37500625,True,CALL,2026-07-17,PBR
PBR260717C00015000,15.0,1.52,1.5,1.65,5610.0,632.0,0.3276434423828125,True,CALL,2026-07-17,PBR
PBR260717C00016000,16.0,1.11,1.04,1.16,66.0,361.0,0.32080757324218745,False,CALL,2026-07-17,PBR
PBR260717C00017000,17.0,0.76,0.7,0.77,108.0,609.0,0.31153032226562494,False,CALL,2026-07-17,PBR
PBR260717C00018000,18.0,0.48,0.45,0.54,10.0,76.0,0.31836619140624994,False,CALL,2026-07-17,PBR
PBR260717C00019000,19.0,0.27,0.3,0.37,35.0,46.0,0.32227240234374993,False,CALL,2026-07-17,PBR
PBR260717C00020000,20.0,0.23,0.19,0.26,333.0,265.0,0.32910827148437494,False,CALL,2026-07-17,PBR
PBR260717P00011000,11.0,0.16,0.15,0.19,210.0,868.0,0.4101621484375,False,PUT,2026-07-17,PBR
PBR260717P00012000,12.0,0.31,0.25,0.3,48.0,3896.0,0.38281867187499996,False,PUT,2026-07-17,PBR
PBR260717P00013000,13.0,0.52,0.42,0.48,107.0,94.0,0.362311064453125,False,PUT,2026-07-17,PBR
PBR260717P00014000,14.0,0.8,0.7,0.79,63.0,610.0,0.35742830078125,False,PUT,2026-07-17,PBR
PBR260918C00011000,11.0,4.5,2.95,6.55,1.0,121.0,0.9428716650390624,True,CALL,2026-09-18,PBR
PBR260918C00012000,12.0,3.81,3.8,3.9,18.0,17887.0,0.34668622070312494,True,CALL,2026-09-18,PBR
PBR260918C00013000,13.0,3.03,2.96,3.1,331.0,10907.0,0.3305731005859375,True,CALL,2026-09-18,PBR
PBR260918C00014000,14.0,2.0,2.18,2.41,25.0,951.0,0.3227606787109374,True,CALL,2026-09-18,PBR
PBR260918C00015000,15.0,1.71,1.65,1.78,279.0,4953.0,0.30713583496093744,True,CALL,2026-09-18,PBR
PBR260918C00016000,16.0,1.23,1.22,1.31,1424.0,291.0,0.3042061767578125,False,CALL,2026-09-18,PBR
PBR260918C00017000,17.0,0.87,0.83,0.96,277.0,7585.0,0.30591514404296877,False,CALL,2026-09-18,PBR
PBR260918C00018000,18.0,0.65,0.65,0.7,110.0,713.0,0.3086006640625,False,CALL,2026-09-18,PBR
PBR260918C00020000,20.0,0.32,0.29,0.37,202.0,241.0,0.31592480957031244,False,CALL,2026-09-18,PBR
PBR260918P00011000,11.0,0.3,0.23,0.29,2.0,18788.0,0.398443515625,False,PUT,2026-09-18,PBR
PBR260918P00012000,12.0,0.42,0.37,0.43,135.0,21801.0,0.37305314453125,False,PUT,2026-09-18,PBR
PBR260918P00013000,13.0,0.76,0.6,0.69,30.0,174.0,0.3676821044921875,False,PUT,2026-09-18,PBR
PBR260918P00014000,14.0,1.36,0.93,1.06,11.0,16.0,0.3676821044921875,False,PUT,2026-09-18,PBR
PBR260918P00015000,15.0,1.55,1.38,1.54,20.0,69.0,0.3711000390625,False,PUT,2026-09-18,PBR
PBR260918P00017000,17.0,4.92,3.5,8.5,2.0,0.0,1.0405321411132817,True,PUT,2026-09-18,PBR
PBR261218C00013000,13.0,3.57,3.0,3.6,11.0,17321.0,0.39160764648437496,True,CALL,2026-12-18,PBR
PBR261218C00015000,15.0,2.18,2.0,2.2,17.0,19279.0,0.334967587890625,True,CALL,2026-12-18,PBR
PBR261218C00017000,17.0,1.35,1.25,1.4,214.0,21473.0,0.335944140625,False,CALL,2026-12-18,PBR
PBR261218C00020000,20.0,0.66,0.6,0.75,30.0,2861.0,0.3523013989257812,False,CALL,2026-12-18,PBR
PBR261218P00013000,13.0,1.1,1.0,1.1,13.0,22875.0,0.40161731201171874,False,PUT,2026-12-18,PBR
PBR261218P00015000,15.0,1.93,1.8,2.03,875.0,8322.0,0.4018614501953125,False,PUT,2026-12-18,PBR
PBR261218P00017000,17.0,3.05,2.96,3.3,14.0,66.0,0.41260353027343744,True,PUT,2026-12-18,PBR
PBR270115C00012000,12.0,4.01,3.9,4.1,67.0,15440.0,0.3364324169921875,True,CALL,2027-01-15,PBR
PBR270115C00015000,15.0,2.21,2.18,2.22,1861.0,51181.0,0.32471378417968744,True,CALL,2027-01-15,PBR
PBR270115C00017000,17.0,1.41,1.38,1.47,1859.0,17682.0,0.33399103515625,False,CALL,2027-01-15,PBR
PBR270115C00020000,20.0,0.75,0.72,0.75,4563.0,51461.0,0.33789724609375,False,CALL,2027-01-15,PBR
PBR270115P00012000,12.0,0.82,0.79,0.84,63.0,39187.0,0.4067442138671875,False,PUT,2027-01-15,PBR
PBR270115P00015000,15.0,2.01,1.97,2.1,34.0,29560.0,0.397466962890625,False,PUT,2027-01-15,PBR
PBR270115P00017000,17.0,3.2,3.0,3.4,1024.0,1520.0,0.41235939208984373,True,PUT,2027-01-15,PBR
PBR271217C00012000,12.0,4.25,3.8,4.65,6.0,1558.0,0.33399103515625,True,CALL,2027-12-17,PBR
PBR271217C00015000,15.0,2.59,2.41,2.93,111.0,1680.0,0.31909860595703116,True,CALL,2027-12-17,PBR
PBR271217C00017000,17.0,1.9,1.77,2.07,142.0,97.0,0.30933307861328124,False,CALL,2027-12-17,PBR
PBR271217C00020000,20.0,1.1,0.9,1.33,221.0,317.0,0.3178779150390625,False,CALL,2027-12-17,PBR
PBR271217P00012000,12.0,1.38,1.15,1.58,207.0,5971.0,0.40918559570312496,False,PUT,2027-12-17,PBR
PBR271217P00015000,15.0,3.75,2.33,3.05,1.0,122.0,0.40161731201171874,False,PUT,2027-12-17,PBR
PBR271217P00017000,17.0,7.57,3.3,4.55,,11.0,0.43066975585937506,True,PUT,2027-12-17,PBR
PBR280121C00012000,12.0,4.25,3.9,4.4,91.0,2443.0,0.28565167480468745,True,CALL,2028-01-21,PBR
PBR280121C00015000,15.0,2.77,2.42,2.95,192.0,6800.0,0.31372756591796874,True,CALL,2028-01-21,PBR
PBR280121C00017000,17.0,2.0,1.86,2.31,101.0,2451.0,0.3293524096679687,False,CALL,2028-01-21,PBR
PBR280121C00020000,20.0,1.19,1.15,1.35,86.0,1456.0,0.31250687499999996,False,CALL,2028-01-21,PBR
PBR280121P00012000,12.0,1.45,1.25,1.64,1.0,1085.0,0.40820904296875,False,PUT,2028-01-21,PBR
PBR280121P00015000,15.0,2.83,2.38,3.15,8.0,127.0,0.40381455566406255,False,PUT,2028-01-21,PBR
PBR280121P00017000,17.0,3.8,3.35,4.05,1.0,2.0,0.362311064453125,True,PUT,2028-01-21,PBR
PCAR260220C00088600,88.6,17.1,0.0,0.0,,8.0,1.0000000000000003e-05,True,CALL,2026-02-20,PCAR
PCAR260220C00090000,90.0,17.1,0.0,0.0,5.0,8.0,1.0000000000000003e-05,True,CALL,2026-02-20,PCAR
PCAR260220C00093600,93.6,28.32,27.6,30.5,1.0,15.0,0.7954122021484374,True,CALL,2026-02-20,PCAR
PCAR260220C00095000,95.0,17.47,26.2,29.1,2.0,1.0,0.7614769946289064,True,CALL,2026-02-20,PCAR
PCAR260220C00098600,98.6,23.15,22.4,26.2,6.0,58.0,0.8071308349609375,True,CALL,2026-02-20,PCAR
PCAR260220C00100000,100.0,19.9,21.0,24.7,23.0,1.0,0.7536645727539062,True,CALL,2026-02-20,PCAR
PCAR260220C00103600,103.6,18.62,17.6,21.2,2.0,280.0,0.6760286303710938,True,CALL,2026-02-20,PCAR
PCAR260220C00105000,105.0,10.95,0.0,0.0,1.0,281.0,1.0000000000000003e-05,True,CALL,2026-02-20,PCAR
PCAR260220C00108600,108.6,13.05,13.4,15.9,10.0,520.0,0.5048877636718749,True,CALL,2026-02-20,PCAR
PCAR260220C00110000,110.0,10.45,12.1,13.9,1.0,6.0,0.37842418457031246,True,CALL,2026-02-20,PCAR
PCAR260220C00113600,113.6,10.75,8.9,10.6,1.0,726.0,0.3413151806640625,True,CALL,2026-02-20,PCAR
PCAR260220C00115000,115.0,7.5,7.1,9.6,17.0,27.0,0.3549869189453124,True,CALL,2026-02-20,PCAR
PCAR260220C00118600,118.6,6.35,5.5,6.1,1.0,262.0,0.2672192419433594,True,CALL,2026-02-20,PCAR
PCAR260220C00120000,120.0,4.9,4.5,5.1,1.0,249.0,0.26233647827148443,True,CALL,2026-02-20,PCAR
PCAR260220C00123600,123.6,2.65,2.4,3.0,2.0,362.0,0.2553785400390626,False,CALL,2026-02-20,PCAR
PCAR260220C00125000,125.0,2.05,1.8,2.35,6.0,375.0,0.25220474365234374,False,CALL,2026-02-20,PCAR
PCAR260220C00128600,128.6,1.45,0.95,1.35,1.0,61.0,0.266608896484375,False,CALL,2026-02-20,PCAR
PCAR260220C00130000,130.0,1.14,0.65,1.1,196.0,244.0,0.2739330419921875,False,CALL,2026-02-20,PCAR
PCAR260220C00133600,133.6,0.27,0.25,0.7,10.0,13.0,0.2990792749023437,False,CALL,2026-02-20,PCAR
PCAR260220C00135000,135.0,0.53,0.2,0.95,2.0,26.0,0.358404853515625,False,CALL,2026-02-20,PCAR
PCAR260220C00138600,138.6,0.47,0.1,2.45,2.0,9.0,0.5992471716308594,False,CALL,2026-02-20,PCAR
PCAR260220C00140000,140.0,0.75,0.0,2.4,1.0,2.0,0.622074091796875,False,CALL,2026-02-20,PCAR
PCAR260220C00143600,143.6,0.3,0.0,2.25,1.0,5.0,0.5329636547851562,False,CALL,2026-02-20,PCAR
PCAR260220C00145000,145.0,0.3,0.0,2.25,16.0,19.0,0.5556685058593751,False,CALL,2026-02-20,PCAR
PCAR260220C00148600,148.6,0.3,0.0,2.2,1.0,5.0,0.6079140771484376,False,CALL,2026-02-20,PCAR
PCAR260220C00150000,150.0,0.45,0.0,1.7,,2.0,0.5866740551757812,False,CALL,2026-02-20,PCAR
PCAR260220C00155000,155.0,0.4,0.0,2.1,1.0,3.0,0.6921417504882813,False,CALL,2026-02-20,PCAR
PCAR260220P00088600,88.6,1.05,0.0,0.0,,66.0,0.2500075,False,PUT,2026-02-20,PCAR
PCAR260220P00090000,90.0,1.05,0.0,0.0,2.0,66.0,0.2500075,False,PUT,2026-02-20,PCAR
PCAR260220P00093600,93.6,0.5,0.0,0.3,1.0,113.0,0.5644574804687501,False,PUT,2026-02-20,PCAR
PCAR260220P00095000,95.0,0.55,0.0,2.15,1.0,1.0,0.8178729150390623,False,PUT,2026-02-20,PCAR
PCAR260220P00098600,98.6,0.85,0.0,0.75,1.0,153.0,0.5620160986328125,False,PUT,2026-02-20,PCAR
PCAR260220P00100000,100.0,0.29,0.0,1.2,1.0,21.0,0.5937540625000001,False,PUT,2026-02-20,PCAR
PCAR260220P00103600,103.6,0.85,0.0,0.85,1.0,115.0,0.5649457568359376,False,PUT,2026-02-20,PCAR
PCAR260220P00105000,105.0,0.47,0.0,1.05,1.0,40.0,0.5668988623046876,False,PUT,2026-02-20,PCAR
PCAR260220P00108600,108.6,0.5,0.3,0.5,4.0,240.0,0.3857483300781249,False,PUT,2026-02-20,PCAR
PCAR260220P00110000,110.0,0.7,0.35,0.9,2.0,44.0,0.42407802490234375,False,PUT,2026-02-20,PCAR
PCAR260220P00113600,113.6,0.8,0.65,1.0,1.0,275.0,0.3518131225585937,False,PUT,2026-02-20,PCAR
PCAR260220P00115000,115.0,0.9,0.8,1.15,3.0,298.0,0.3354558642578125,False,PUT,2026-02-20,PCAR
PCAR260220P00118600,118.6,1.43,1.55,1.85,102.0,165.0,0.3083565258789062,False,PUT,2026-02-20,PCAR
PCAR260220P00120000,120.0,2.2,1.9,2.25,2.0,442.0,0.3004220349121094,False,PUT,2026-02-20,PCAR
PCAR260220P00123600,123.6,3.6,3.3,3.8,2.0,50.0,0.29444064941406245,True,PUT,2026-02-20,PCAR
PCAR260220P00125000,125.0,4.05,4.1,4.9,3.0,16.0,0.32031929687499994,True,PUT,2026-02-20,PCAR
PCAR260220P00130000,130.0,11.45,6.8,10.1,,1.0,0.4866994689941406,True,PUT,2026-02-20,PCAR
PCAR260320C00088600,88.6,15.2,,,,,0.0,True,CALL,2026-03-20,PCAR
PCAR260320C00090000,90.0,15.2,0.0,0.0,1.0,4.0,1.0000000000000003e-05,True,CALL,2026-03-20,PCAR
PCAR260320C00093600,93.6,28.87,27.8,31.0,20.0,169.0,0.6064492480468751,True,CALL,2026-03-20,PCAR
PCAR260320C00095000,95.0,13.53,0.0,0.0,30.0,169.0,1.0000000000000003e-05,True,CALL,2026-03-20,PCAR
PCAR260320C00098600,98.6,20.81,23.0,26.0,37.0,321.0,0.5188036401367188,True,CALL,2026-03-20,PCAR
PCAR260320C00100000,100.0,9.1,0.0,0.0,6.0,317.0,1.0000000000000003e-05,True,CALL,2026-03-20,PCAR
PCAR260320C00103600,103.6,19.73,18.4,21.5,10.0,416.0,0.4831594653320313,True,CALL,2026-03-20,PCAR
PCAR260320C00105000,105.0,10.2,0.0,0.0,1.0,445.0,1.0000000000000003e-05,True,CALL,2026-03-20,PCAR
PCAR260320C00108600,108.6,15.63,13.9,17.0,4.0,169.0,0.43335527587890627,True,CALL,2026-03-20,PCAR
PCAR260320C00110000,110.0,10.12,12.8,15.5,1.0,2.0,0.39893179199218753,True,CALL,2026-03-20,PCAR
PCAR260320C00113600,113.6,11.73,10.2,12.6,1.0,523.0,0.3781800463867187,True,CALL,2026-03-20,PCAR
PCAR260320C00115000,115.0,9.8,9.6,10.5,1.0,34.0,0.30274134765625,True,CALL,2026-03-20,PCAR
PCAR260320C00118600,118.6,8.94,7.1,7.9,1.0,410.0,0.29016823120117186,True,CALL,2026-03-20,PCAR
PCAR260320C00120000,120.0,7.6,6.1,7.1,3.0,33.0,0.29224340576171864,True,CALL,2026-03-20,PCAR
PCAR260320C00123600,123.6,4.6,4.1,4.8,2.0,157.0,0.2694164855957031,False,CALL,2026-03-20,PCAR
PCAR260320C00125000,125.0,3.9,3.3,4.2,1.0,214.0,0.2708813146972656,False,CALL,2026-03-20,PCAR
PCAR260320C00128600,128.6,3.2,2.0,2.9,1.0,57.0,0.27307855834960937,False,CALL,2026-03-20,PCAR
PCAR260320C00130000,130.0,2.73,1.7,2.35,2.0,105.0,0.26538820556640624,False,CALL,2026-03-20,PCAR
PCAR260320C00133600,133.6,1.45,0.95,1.75,2.0,143.0,0.2830882238769531,False,CALL,2026-03-20,PCAR
PCAR260320C00135000,135.0,1.25,0.75,1.35,2.0,6.0,0.27332269653320307,False,CALL,2026-03-20,PCAR
PCAR260320C00138600,138.6,1.05,0.4,2.6,1.0,5.0,0.4128476684570312,False,CALL,2026-03-20,PCAR
PCAR260320C00140000,140.0,0.7,0.0,0.9,1.0,2.0,0.29566134033203123,False,CALL,2026-03-20,PCAR
PCAR260320C00143600,143.6,0.8,0.0,2.6,1.0,2.0,0.47876497802734375,False,CALL,2026-03-20,PCAR
PCAR260320C00145000,145.0,0.5,0.0,2.55,,1.0,0.4924367163085938,False,CALL,2026-03-20,PCAR
PCAR260320C00153600,153.6,0.3,,,,,0.0,False,CALL,2026-03-20,PCAR
PCAR260320C00155000,155.0,0.3,0.0,2.35,,2.0,0.5898478515625001,False,CALL,2026-03-20,PCAR
PCAR260320C00158600,158.6,0.15,,,,,0.0,False,CALL,2026-03-20,PCAR
PCAR260320C00160000,160.0,0.15,0.0,1.45,,1.0,0.5551802294921876,False,CALL,2026-03-20,PCAR
PCAR260320P00088600,88.6,0.7,0.0,2.3,1.0,71.0,0.6718782812500002,False,PUT,2026-03-20,PCAR
PCAR260320P00090000,90.0,4.0,0.0,0.0,1.0,72.0,0.2500075,False,PUT,2026-03-20,PCAR
PCAR260320P00093600,93.6,1.1,0.0,2.4,6.0,73.0,0.5905802661132813,False,PUT,2026-03-20,PCAR
PCAR260320P00095000,95.0,1.75,0.0,0.0,2.0,73.0,0.12500875,False,PUT,2026-03-20,PCAR
PCAR260320P00098600,98.6,0.45,0.0,2.55,2.0,73.0,0.5136767382812499,False,PUT,2026-03-20,PCAR
PCAR260320P00100000,100.0,0.95,0.0,2.65,2.0,3.0,0.6282996154785156,False,PUT,2026-03-20,PCAR
PCAR260320P00103600,103.6,1.3,0.0,2.85,2.0,69.0,0.5739788696289063,False,PUT,2026-03-20,PCAR
PCAR260320P00105000,105.0,1.05,0.5,2.85,1.0,11.0,0.546025047607422,False,PUT,2026-03-20,PCAR
PCAR260320P00108600,108.6,1.05,0.8,1.15,5.0,63.0,0.33228206787109377,False,PUT,2026-03-20,PCAR
PCAR260320P00110000,110.0,1.55,1.0,1.6,1.0,24.0,0.3491276025390625,False,PUT,2026-03-20,PCAR
PCAR260320P00113600,113.6,3.3,1.5,2.2,48.0,73.0,0.32874206420898433,False,PUT,2026-03-20,PCAR
PCAR260320P00115000,115.0,2.1,1.8,2.5,1.0,11.0,0.3217841259765625,False,PUT,2026-03-20,PCAR
PCAR260320P00118600,118.6,2.95,2.75,3.5,2.0,75.0,0.30676962768554683,False,PUT,2026-03-20,PCAR
PCAR260320P00120000,120.0,3.3,3.2,4.0,1.0,12.0,0.30261927856445314,False,PUT,2026-03-20,PCAR
PCAR260320P00123600,123.6,5.5,4.9,5.3,1.0,7.0,0.27930408203124996,True,PUT,2026-03-20,PCAR
PCAR260320P00125000,125.0,6.9,5.4,6.2,4.0,4.0,0.28626202026367187,True,PUT,2026-03-20,PCAR
PCAR260515C00093600,93.6,25.98,29.0,32.0,,1.0,0.4991505163574219,True,CALL,2026-05-15,PCAR
PCAR260515C00098600,98.6,17.2,24.3,27.5,1.0,10.0,0.46362841064453125,True,CALL,2026-05-15,PCAR
PCAR260515C00100000,100.0,16.28,23.3,26.3,4.0,1.0,0.4563042651367188,True,CALL,2026-05-15,PCAR
PCAR260515C00103600,103.6,13.6,20.1,23.0,1.0,7.0,0.42249112670898437,True,CALL,2026-05-15,PCAR
PCAR260515C00105000,105.0,19.85,18.8,22.0,2.0,3.0,0.4237118176269531,True,CALL,2026-05-15,PCAR
PCAR260515C00108600,108.6,9.26,16.3,19.0,1.0,29.0,0.40015248291015626,True,CALL,2026-05-15,PCAR
PCAR260515C00110000,110.0,14.44,15.1,18.0,2.0,14.0,0.397466962890625,True,CALL,2026-05-15,PCAR
PCAR260515C00113600,113.6,14.1,12.9,14.4,1.0,102.0,0.341376215209961,True,CALL,2026-05-15,PCAR
PCAR260515C00115000,115.0,12.3,12.1,13.6,1.0,19.0,0.34448897705078124,True,CALL,2026-05-15,PCAR
PCAR260515C00118600,118.6,8.25,9.6,10.9,4.0,58.0,0.3200751586914062,True,CALL,2026-05-15,PCAR
PCAR260515C00120000,120.0,8.3,8.7,10.0,2.0,13.0,0.3145820495605468,True,CALL,2026-05-15,PCAR
PCAR260515C00123600,123.6,8.32,6.7,8.1,50.0,93.0,0.3100654931640625,False,CALL,2026-05-15,PCAR
PCAR260515C00125000,125.0,7.0,6.0,7.4,1.0,7.0,0.30725790405273434,False,CALL,2026-05-15,PCAR
PCAR260515C00128600,128.6,4.7,4.4,6.0,2.0,22.0,0.3089058367919921,False,CALL,2026-05-15,PCAR
PCAR260515C00130000,130.0,4.2,3.9,5.5,1.0,5.0,0.30884480224609373,False,CALL,2026-05-15,PCAR
PCAR260515C00133600,133.6,3.9,2.8,4.3,1.0,8.0,0.3061592822265625,False,CALL,2026-05-15,PCAR
PCAR260515C00135000,135.0,3.5,2.5,3.9,3.0,4.0,0.30542686767578126,False,CALL,2026-05-15,PCAR
PCAR260515C00138600,138.6,2.45,1.7,3.2,2.0,30.0,0.3126899786376953,False,CALL,2026-05-15,PCAR
PCAR260515C00140000,140.0,1.2,1.5,2.8,,10.0,0.3076851458740234,False,CALL,2026-05-15,PCAR
PCAR260515C00143600,143.6,1.62,0.1,2.6,25.0,26.0,0.33045103149414057,False,CALL,2026-05-15,PCAR
PCAR260515C00148600,148.6,0.95,0.0,3.4,,1.0,0.41272559936523434,False,CALL,2026-05-15,PCAR
PCAR260515C00155000,155.0,0.6,0.0,3.1,,1.0,0.4484918432617187,False,CALL,2026-05-15,PCAR
PCAR260515C00160000,160.0,0.5,0.0,2.8,1.0,2.0,0.46851117431640626,False,CALL,2026-05-15,PCAR
PCAR260515P00088600,88.6,1.15,0.0,2.7,1.0,8.0,0.5988809643554689,False,PUT,2026-05-15,PCAR
PCAR260515P00090000,90.0,0.95,0.0,2.75,1.0,1.0,0.5819133605957032,False,PUT,2026-05-15,PCAR
PCAR260515P00093600,93.6,0.65,0.0,2.95,5.0,23.0,0.5434615966796876,False,PUT,2026-05-15,PCAR
PCAR260515P00095000,95.0,2.05,0.0,0.0,1.0,18.0,0.12500875,False,PUT,2026-05-15,PCAR
PCAR260515P00098600,98.6,1.25,0.0,3.3,11.0,32.0,0.493291199951172,False,PUT,2026-05-15,PCAR
PCAR260515P00100000,100.0,2.0,0.0,3.5,10.0,11.0,0.48474636352539063,False,PUT,2026-05-15,PCAR
PCAR260515P00103600,103.6,3.7,1.35,3.9,1.0,35.0,0.4539849523925781,False,PUT,2026-05-15,PCAR
PCAR260515P00105000,105.0,2.0,0.05,2.85,1.0,2.0,0.37695935546875,False,PUT,2026-05-15,PCAR
PCAR260515P00108600,108.6,3.6,2.1,3.4,1.0,44.0,0.35547519531249994,False,PUT,2026-05-15,PCAR
PCAR260515P00110000,110.0,3.2,2.3,3.8,6.0,8.0,0.3546207116699218,False,PUT,2026-05-15,PCAR
PCAR260515P00113600,113.6,5.0,3.3,4.6,3.0,8.0,0.3363103479003906,False,PUT,2026-05-15,PCAR
PCAR260515P00115000,115.0,5.5,3.7,5.1,2.0,42.0,0.33539482971191403,False,PUT,2026-05-15,PCAR
PCAR260515P00118600,118.6,4.9,4.6,6.3,1.0,148.0,0.3233710241699218,False,PUT,2026-05-15,PCAR
PCAR260515P00120000,120.0,7.9,5.2,6.9,2.0,7.0,0.32166205688476557,False,PUT,2026-05-15,PCAR
PCAR260515P00123600,123.6,11.1,6.8,8.5,10.0,11.0,0.31323928955078123,True,PUT,2026-05-15,PCAR
PCAR260618C00088600,88.6,33.5,33.8,37.0,4.0,6.0,0.4958546508789063,True,CALL,2026-06-18,PCAR
PCAR260618C00090000,90.0,19.04,0.0,0.0,2.0,8.0,1.0000000000000003e-05,True,CALL,2026-06-18,PCAR
PCAR260618C00093600,93.6,12.6,0.0,0.0,,5.0,1.0000000000000003e-05,True,CALL,2026-06-18,PCAR
PCAR260618C00095000,95.0,12.6,0.0,0.0,3.0,5.0,1.0000000000000003e-05,True,CALL,2026-06-18,PCAR
PCAR260618C00098600,98.6,9.6,0.0,0.0,,27.0,1.0000000000000003e-05,True,CALL,2026-06-18,PCAR
PCAR260618C00100000,100.0,9.6,0.0,0.0,2.0,27.0,1.0000000000000003e-05,True,CALL,2026-06-18,PCAR
PCAR260618C00103600,103.6,9.6,0.0,0.0,,3.0,1.0000000000000003e-05,True,CALL,2026-06-18,PCAR
PCAR260618C00105000,105.0,9.6,0.0,0.0,1.0,3.0,1.0000000000000003e-05,True,CALL,2026-06-18,PCAR
PCAR260618C00108600,108.6,14.2,17.0,19.7,1.0,25.0,0.3773255627441406,True,CALL,2026-06-18,PCAR
PCAR260618C00110000,110.0,13.2,15.6,18.5,1.0,1.0,0.3660952062988281,True,CALL,2026-06-18,PCAR
PCAR260618C00113600,113.6,7.7,13.8,15.0,26.0,75.0,0.3198310205078124,True,CALL,2026-06-18,PCAR
PCAR260618C00115000,115.0,10.8,12.5,14.3,6.0,16.0,0.3254461987304687,True,CALL,2026-06-18,PCAR
PCAR260618C00118600,118.6,11.72,10.4,12.2,1.0,70.0,0.32330998962402335,True,CALL,2026-06-18,PCAR
PCAR260618C00120000,120.0,8.4,9.6,11.1,1.0,18.0,0.3110420458984374,True,CALL,2026-06-18,PCAR
PCAR260618C00123600,123.6,6.1,7.6,9.3,2.0,106.0,0.3094551477050781,False,CALL,2026-06-18,PCAR
PCAR260618C00125000,125.0,5.6,6.7,8.6,4.0,3.0,0.30689169677734374,False,CALL,2026-06-18,PCAR
PCAR260618C00128600,128.6,6.45,5.4,7.1,1.0,2.0,0.30542686767578126,False,CALL,2026-06-18,PCAR
PCAR260618C00130000,130.0,6.4,4.8,6.6,1.0,9.0,0.3057930749511719,False,CALL,2026-06-18,PCAR
PCAR260618C00133600,133.6,3.6,3.6,5.4,4.0,10.0,0.30512169494628905,False,CALL,2026-06-18,PCAR
PCAR260618C00135000,135.0,4.7,2.8,4.9,3.0,16.0,0.3019478985595704,False,CALL,2026-06-18,PCAR
PCAR260618C00138600,138.6,2.85,2.35,4.1,2.0,36.0,0.3068306622314453,False,CALL,2026-06-18,PCAR
PCAR260618C00140000,140.0,2.1,1.45,3.7,,1.0,0.3039010040283203,False,CALL,2026-06-18,PCAR
PCAR260618C00143600,143.6,2.48,1.5,3.0,1.0,3.0,0.3050606604003906,False,CALL,2026-06-18,PCAR
PCAR260618C00145000,145.0,2.0,0.6,2.7,,1.0,0.30274134765625,False,CALL,2026-06-18,PCAR
PCAR260618C00153600,153.6,0.9,0.0,3.1,1.0,1.0,0.3813538427734374,False,CALL,2026-06-18,PCAR
PCAR260618P00088600,88.6,1.45,0.0,2.8,1.0,27.0,0.5282029602050782,False,PUT,2026-06-18,PCAR
PCAR260618P00090000,90.0,4.6,0.0,0.0,1.0,28.0,0.12500875,False,PUT,2026-06-18,PCAR
PCAR260618P00093600,93.6,7.99,0.0,0.0,,162.0,0.12500875,False,PUT,2026-06-18,PCAR
PCAR260618P00095000,95.0,7.99,0.0,0.0,5.0,162.0,0.12500875,False,PUT,2026-06-18,PCAR
PCAR260618P00098600,98.6,3.9,0.05,3.5,,45.0,0.4401301104736328,False,PUT,2026-06-18,PCAR
PCAR260618P00100000,100.0,1.5,1.4,2.85,5.0,12.0,0.38867798828125,False,PUT,2026-06-18,PCAR
PCAR260618P00103600,103.6,2.2,1.2,2.6,1.0,13.0,0.332587240600586,False,PUT,2026-06-18,PCAR
PCAR260618P00105000,105.0,2.5,0.55,3.4,1.0,25.0,0.3544986425781249,False,PUT,2026-06-18,PCAR
PCAR260618P00108600,108.6,4.3,2.7,4.5,1.0,12.0,0.3562076098632812,False,PUT,2026-06-18,PCAR
PCAR260618P00110000,110.0,3.14,3.0,3.9,4.0,8.0,0.3130561859130859,False,PUT,2026-06-18,PCAR
PCAR260618P00113600,113.6,4.9,4.0,5.7,8.0,11.0,0.33411310424804685,False,PUT,2026-06-18,PCAR
PCAR260618P00115000,115.0,4.3,4.5,6.0,40.0,52.0,0.3248968878173828,False,PUT,2026-06-18,PCAR
PCAR260618P00118600,118.6,8.9,5.5,7.3,1.0,2.0,0.31592480957031244,False,PUT,2026-06-18,PCAR
PCAR260618P00120000,120.0,9.5,6.2,7.9,,1.0,0.31391066955566405,False,PUT,2026-06-18,PCAR
PCAR260821C00110000,110.0,16.3,18.2,19.9,,2.0,0.34882242980957034,True,CALL,2026-08-21,PCAR
PCAR260821C00113600,113.6,10.6,15.1,17.7,1.0,1.0,0.34717449707031245,True,CALL,2026-08-21,PCAR
PCAR260821C00115000,115.0,12.96,14.8,16.4,,2.0,0.3321599987792969,True,CALL,2026-08-21,PCAR
PCAR260821C00123600,123.6,4.94,9.4,11.7,,4.0,0.3220282641601562,False,CALL,2026-08-21,PCAR
PCAR260821C00135000,135.0,4.93,4.8,7.1,2.0,3.0,0.3133613586425781,False,CALL,2026-08-21,PCAR
PCAR260821C00143600,143.6,3.6,2.65,4.7,,5.0,0.3089668713378906,False,CALL,2026-08-21,PCAR
PCAR260821C00145000,145.0,3.3,1.4,4.5,,40.0,0.31214066772460936,False,CALL,2026-08-21,PCAR
PCAR260821P00130000,130.0,16.8,12.6,14.7,,2.0,0.29169409484863273,True,PUT,2026-08-21,PCAR
PCAR260918C00088600,88.6,21.16,0.0,33.0,,5.0,1.0000000000000003e-05,True,CALL,2026-09-18,PCAR
PCAR260918C00090000,90.0,21.16,0.0,0.0,5.0,5.0,1.0000000000000003e-05,True,CALL,2026-09-18,PCAR
PCAR260918C00093600,93.6,23.7,30.8,34.0,,10.0,0.4271297521972657,True,CALL,2026-09-18,PCAR
PCAR260918C00095000,95.0,11.94,10.2,13.5,2.0,11.0,1.0000000000000003e-05,True,CALL,2026-09-18,PCAR
PCAR260918C00098600,98.6,12.45,,,,,0.0,True,CALL,2026-09-18,PCAR
PCAR260918C00100000,100.0,18.0,25.4,28.5,1.0,1.0,0.39234006103515623,True,CALL,2026-09-18,PCAR
PCAR260918C00103600,103.6,16.8,22.8,25.8,1.0,21.0,0.38349005187988283,True,CALL,2026-09-18,PCAR
PCAR260918C00105000,105.0,11.98,0.0,0.0,1.0,22.0,1.0000000000000003e-05,True,CALL,2026-09-18,PCAR
PCAR260918C00108600,108.6,15.1,19.2,21.6,,19.0,0.35217932983398437,True,CALL,2026-09-18,PCAR
PCAR260918C00110000,110.0,15.1,0.0,0.0,1.0,19.0,1.0000000000000003e-05,True,CALL,2026-09-18,PCAR
PCAR260918C00113600,113.6,9.3,16.0,18.3,1.0,26.0,0.3424748370361328,True,CALL,2026-09-18,PCAR
PCAR260918C00115000,115.0,14.25,15.3,17.1,1.0,1.0,0.3308782733154296,True,CALL,2026-09-18,PCAR
PCAR260918C00118600,118.6,7.1,12.3,15.1,2.0,4.0,0.32831482238769527,True,CALL,2026-09-18,PCAR
PCAR260918C00120000,120.0,11.05,12.2,14.4,1.0,51.0,0.3282232705688476,True,CALL,2026-09-18,PCAR
PCAR260918C00123600,123.6,3.8,,,,,0.0,False,CALL,2026-09-18,PCAR
PCAR260918C00125000,125.0,3.8,0.2,4.1,26.0,26.0,0.12409323181152344,False,CALL,2026-09-18,PCAR
PCAR260918C00128600,128.6,3.3,0.0,0.0,,2.0,0.015634843750000002,False,CALL,2026-09-18,PCAR
PCAR260918C00130000,130.0,9.2,7.3,9.4,1.0,5.0,0.30976032043457036,False,CALL,2026-09-18,PCAR
PCAR260918C00133600,133.6,8.0,5.9,7.9,13.0,5.0,0.3032906585693359,False,CALL,2026-09-18,PCAR
PCAR260918C00135000,135.0,1.71,0.6,3.7,,12.0,0.20127141510009766,False,CALL,2026-09-18,PCAR
PCAR260918C00138600,138.6,1.95,4.3,6.1,1.0,3.0,0.29489840850830074,False,CALL,2026-09-18,PCAR
PCAR260918C00140000,140.0,0.95,0.05,2.9,,2.0,0.21167780517578122,False,CALL,2026-09-18,PCAR
PCAR260918C00143600,143.6,1.4,3.0,4.7,,1.0,0.2898020239257812,False,CALL,2026-09-18,PCAR
PCAR260918P00088600,88.6,7.5,,,,,0.0,False,PUT,2026-09-18,PCAR
PCAR260918P00090000,90.0,7.5,4.9,6.9,13.0,18.0,0.532231240234375,False,PUT,2026-09-18,PCAR
PCAR260918P00093600,93.6,1.95,1.5,4.1,1.0,38.0,0.41834077758789057,False,PUT,2026-09-18,PCAR
PCAR260918P00095000,95.0,6.2,0.0,0.0,7.0,38.0,0.062509375,False,PUT,2026-09-18,PCAR
PCAR260918P00098600,98.6,10.8,0.0,0.0,,18.0,0.062509375,False,PUT,2026-09-18,PCAR
PCAR260918P00100000,100.0,10.8,0.0,0.0,15.0,18.0,0.062509375,False,PUT,2026-09-18,PCAR
PCAR260918P00103600,103.6,11.8,,,,,0.0,False,PUT,2026-09-18,PCAR
PCAR260918P00105000,105.0,11.8,14.4,16.9,2.0,7.0,0.6597934411621094,False,PUT,2026-09-18,PCAR
PCAR260918P00108600,108.6,6.4,4.3,5.6,1.0,3.0,0.31189652954101554,False,PUT,2026-09-18,PCAR
PCAR260918P00110000,110.0,14.34,15.0,17.5,4.0,3.0,0.6054116607666018,False,PUT,2026-09-18,PCAR
PCAR260918P00118600,118.6,9.0,7.6,9.7,,7.0,0.3094551477050781,False,PUT,2026-09-18,PCAR
PCAR261218C00100000,100.0,23.5,27.2,30.5,,45.0,0.3914245428466796,True,CALL,2026-12-18,PCAR
PCAR261218C00103600,103.6,21.6,24.5,27.5,2.0,2.0,0.37183245361328127,True,CALL,2026-12-18,PCAR
PCAR261218C00105000,105.0,20.7,24.5,25.9,,1.0,0.35242346801757807,True,CALL,2026-12-18,PCAR
PCAR261218C00110000,110.0,17.6,20.0,23.5,,1.0,0.3668276208496094,True,CALL,2026-12-18,PCAR
PCAR261218C00120000,120.0,16.5,14.4,17.5,1.0,4.0,0.34717449707031245,True,CALL,2026-12-18,PCAR
PCAR261218C00125000,125.0,14.63,12.0,14.6,,7.0,0.33228206787109377,False,CALL,2026-12-18,PCAR
PCAR261218C00133600,133.6,4.5,8.2,11.5,2.0,3.0,0.33576103698730464,False,CALL,2026-12-18,PCAR
PCAR261218C00135000,135.0,4.29,7.0,10.4,,1.0,0.3219672296142577,False,CALL,2026-12-18,PCAR
PCAR261218C00140000,140.0,6.9,5.7,8.2,,2.0,0.30680014495849606,False,CALL,2026-12-18,PCAR
PCAR261218C00145000,145.0,4.26,4.3,6.6,,2.0,0.29965910308837884,False,CALL,2026-12-18,PCAR
PCAR261218P00088600,88.6,2.65,1.65,5.0,,1.0,0.4339045867919922,False,PUT,2026-12-18,PCAR
PCAR261218P00125000,125.0,15.5,11.9,14.6,,15.0,0.2951730639648437,True,PUT,2026-12-18,PCAR
PCAR270115C00087000,87.0,20.3,16.0,21.0,,1.0,1.0000000000000003e-05,True,CALL,2027-01-15,PCAR
PCAR270115C00088600,88.6,32.4,36.0,40.0,1.0,4.0,0.4270076831054688,True,CALL,2027-01-15,PCAR
PCAR270115C00090000,90.0,19.1,13.5,18.5,1.0,2.0,1.0000000000000003e-05,True,CALL,2027-01-15,PCAR
PCAR270115C00093600,93.6,22.7,0.0,0.0,,7.0,1.0000000000000003e-05,True,CALL,2027-01-15,PCAR
PCAR270115C00095000,95.0,22.7,0.0,0.0,,7.0,1.0000000000000003e-05,True,CALL,2027-01-15,PCAR
PCAR270115C00095600,95.6,15.3,,,,,0.0,True,CALL,2027-01-15,PCAR
PCAR270115C00097000,97.0,15.3,14.0,19.0,2.0,3.0,1.0000000000000003e-05,True,CALL,2027-01-15,PCAR
PCAR270115C00098600,98.6,20.5,28.5,32.0,5.0,22.0,0.3918517846679687,True,CALL,2027-01-15,PCAR
PCAR270115C00100000,100.0,16.14,0.0,0.0,1.0,25.0,1.0000000000000003e-05,True,CALL,2027-01-15,PCAR
PCAR270115C00100600,100.6,20.4,27.0,30.5,25.0,25.0,0.38602298553466785,True,CALL,2027-01-15,PCAR
PCAR270115C00102000,102.0,11.7,0.0,0.0,3.0,31.0,1.0000000000000003e-05,True,CALL,2027-01-15,PCAR
PCAR270115C00103600,103.6,24.5,25.0,28.0,14.0,88.0,0.3696962445068359,True,CALL,2027-01-15,PCAR
PCAR270115C00105000,105.0,18.5,0.0,0.0,1.0,90.0,1.0000000000000003e-05,True,CALL,2027-01-15,PCAR
PCAR270115C00105600,105.6,8.6,0.0,0.0,,8.0,1.0000000000000003e-05,True,CALL,2027-01-15,PCAR
PCAR270115C00107000,107.0,8.6,0.0,0.0,10.0,8.0,1.0000000000000003e-05,True,CALL,2027-01-15,PCAR
PCAR270115C00108600,108.6,12.9,0.0,0.0,,35.0,1.0000000000000003e-05,True,CALL,2027-01-15,PCAR
PCAR270115C00110000,110.0,12.9,0.0,0.0,1.0,35.0,1.0000000000000003e-05,True,CALL,2027-01-15,PCAR
PCAR270115C00110600,110.6,18.1,20.0,23.5,3.0,9.0,0.3597476135253906,True,CALL,2027-01-15,PCAR
PCAR270115C00112000,112.0,14.9,0.0,0.0,1.0,9.0,1.0000000000000003e-05,True,CALL,2027-01-15,PCAR
PCAR270115C00113600,113.6,19.5,18.6,21.2,1.0,15.0,0.34418380432128903,True,CALL,2027-01-15,PCAR
PCAR270115C00115000,115.0,9.4,0.0,0.0,1.0,15.0,1.0000000000000003e-05,True,CALL,2027-01-15,PCAR
PCAR270115C00115600,115.6,19.3,17.7,20.5,8.0,9.0,0.35166053619384763,True,CALL,2027-01-15,PCAR
PCAR270115C00117000,117.0,8.4,3.0,8.0,1.0,2.0,0.08741146972656251,True,CALL,2027-01-15,PCAR
PCAR270115C00118600,118.6,6.1,,,,,0.0,True,CALL,2027-01-15,PCAR
PCAR270115C00120000,120.0,6.1,2.5,7.5,1.0,4.0,0.11975977905273436,True,CALL,2027-01-15,PCAR
PCAR270115C00120600,120.6,13.5,14.7,17.5,10.0,69.0,0.33899586791992187,True,CALL,2027-01-15,PCAR
PCAR270115C00122000,122.0,5.5,2.0,7.0,,18.0,0.13190565368652346,True,CALL,2027-01-15,PCAR
PCAR270115C00123600,123.6,8.2,13.1,15.7,1.0,38.0,0.32926085784912107,False,CALL,2027-01-15,PCAR
PCAR270115C00125000,125.0,8.27,0.0,0.0,38.0,38.0,0.0039162109375,False,CALL,2027-01-15,PCAR
PCAR270115C00125600,125.6,12.0,12.0,15.0,1.0,23.0,0.33228206787109377,False,CALL,2027-01-15,PCAR
PCAR270115C00127000,127.0,3.9,1.0,5.4,22.0,22.0,0.14496704650878905,False,CALL,2027-01-15,PCAR
PCAR270115C00128600,128.6,9.4,10.7,14.0,1.0,229.0,0.33637138244628906,False,CALL,2027-01-15,PCAR
PCAR270115C00130000,130.0,5.9,0.0,0.0,72.0,229.0,0.015634843750000002,False,CALL,2027-01-15,PCAR
PCAR270115C00130600,130.6,11.8,9.8,12.8,46.0,79.0,0.32709413146972655,False,CALL,2027-01-15,PCAR
PCAR270115C00133600,133.6,4.0,,,,,0.0,False,CALL,2027-01-15,PCAR
PCAR270115C00135000,135.0,4.0,0.5,4.2,1.0,8.0,0.17524018127441404,False,CALL,2027-01-15,PCAR
PCAR270115C00135600,135.6,11.23,,,,,0.0,False,CALL,2027-01-15,PCAR
PCAR270115C00137000,137.0,11.23,6.6,9.8,,4.0,0.30963825134277345,False,CALL,2027-01-15,PCAR
PCAR270115C00138600,138.6,4.08,0.0,0.0,,136.0,0.0312596875,False,CALL,2027-01-15,PCAR
PCAR270115C00140000,140.0,4.08,0.0,0.0,2.0,136.0,0.0312596875,False,CALL,2027-01-15,PCAR
PCAR270115C00140600,140.6,2.65,,,,,0.0,False,CALL,2027-01-15,PCAR
PCAR270115C00142000,142.0,2.65,0.0,3.9,,5.0,0.20789366333007808,False,CALL,2027-01-15,PCAR
PCAR270115C00145600,145.6,1.8,,,,,0.0,False,CALL,2027-01-15,PCAR
PCAR270115C00147000,147.0,1.8,1.6,3.5,97.0,97.0,0.2226945407104492,False,CALL,2027-01-15,PCAR
PCAR270115C00148600,148.6,5.06,,,,,0.0,False,CALL,2027-01-15,PCAR
PCAR270115C00150000,150.0,5.06,3.0,8.0,1.0,1.0,0.34540449523925776,False,CALL,2027-01-15,PCAR
PCAR270115C00150600,150.6,4.75,3.4,5.7,5.0,6.0,0.2951120294189453,False,CALL,2027-01-15,PCAR
PCAR270115C00152000,152.0,5.75,3.1,6.4,,1.0,0.31854929504394525,False,CALL,2027-01-15,PCAR
PCAR270115C00155000,155.0,5.75,0.0,0.0,1.0,1.0,0.062509375,False,CALL,2027-01-15,PCAR
PCAR270115C00155600,155.6,4.1,2.0,5.2,4.0,5.0,0.30606773040771484,False,CALL,2027-01-15,PCAR
PCAR270115C00157000,157.0,4.75,2.05,5.9,,1.0,0.32971861694335935,False,CALL,2027-01-15,PCAR
PCAR270115C00160000,160.0,4.75,0.0,0.0,1.0,1.0,0.062509375,False,CALL,2027-01-15,PCAR
PCAR270115P00087000,87.0,7.3,4.5,8.9,1.0,3.0,0.5600019586181642,False,PUT,2027-01-15,PCAR
PCAR270115P00088600,88.6,3.2,1.9,4.2,1.0,6.0,0.3880676428222656,False,PUT,2027-01-15,PCAR
PCAR270115P00090000,90.0,8.4,5.5,9.6,1.0,5.0,0.5476729803466798,False,PUT,2027-01-15,PCAR
PCAR270115P00090600,90.6,4.3,1.25,4.4,1.0,28.0,0.37708142456054683,False,PUT,2027-01-15,PCAR
PCAR270115P00092000,92.0,9.1,6.5,11.3,1.0,28.0,0.5049487982177734,False,PUT,2027-01-15,PCAR
PCAR270115P00093600,93.6,12.74,,,,,0.0,False,PUT,2027-01-15,PCAR
PCAR270115P00095000,95.0,12.74,9.6,12.2,1.0,4.0,0.5289964093017578,False,PUT,2027-01-15,PCAR
PCAR270115P00095600,95.6,4.7,1.15,4.9,1.0,8.0,0.34888346435546874,False,PUT,2027-01-15,PCAR
PCAR270115P00097000,97.0,11.0,9.0,13.3,1.0,6.0,0.513554669189453,False,PUT,2027-01-15,PCAR
PCAR270115P00098600,98.6,4.43,3.4,6.0,1.0,33.0,0.35468174621582027,False,PUT,2027-01-15,PCAR
PCAR270115P00100000,100.0,11.6,10.5,13.5,18.0,29.0,0.5026905200195313,False,PUT,2027-01-15,PCAR
PCAR270115P00100600,100.6,6.4,2.9,5.7,1.0,17.0,0.32782654602050776,False,PUT,2027-01-15,PCAR
PCAR270115P00102000,102.0,14.2,11.5,16.5,1.0,19.0,0.5310105493164063,False,PUT,2027-01-15,PCAR
PCAR270115P00103600,103.6,6.9,3.5,6.2,1.0,6.0,0.3143379113769531,False,PUT,2027-01-15,PCAR
PCAR270115P00105000,105.0,15.7,13.0,18.0,1.0,4.0,0.53320779296875,False,PUT,2027-01-15,PCAR
PCAR270115P00105600,105.6,7.7,5.1,7.7,1.0,1.0,0.33460138061523437,False,PUT,2027-01-15,PCAR
PCAR270115P00107000,107.0,19.39,19.0,24.0,1.0,1.0,0.6532017102050782,False,PUT,2027-01-15,PCAR
PCAR270115P00108600,108.6,8.8,4.9,7.9,1.0,3.0,0.31073687316894527,False,PUT,2027-01-15,PCAR
PCAR270115P00110000,110.0,11.96,10.0,15.0,,1.0,0.46356737609863286,False,PUT,2027-01-15,PCAR
PCAR270115P00110600,110.6,9.5,6.4,9.2,1.0,2.0,0.32211981597900385,False,PUT,2027-01-15,PCAR
PCAR270115P00112000,112.0,19.9,0.0,0.0,,1.0,0.0312596875,False,PUT,2027-01-15,PCAR
PCAR270115P00113600,113.6,10.9,7.7,9.7,1.0,3.0,0.30335169311523436,False,PUT,2027-01-15,PCAR
PCAR270115P00115600,115.6,13.8,7.4,11.0,,1.0,0.31168290863037107,False,PUT,2027-01-15,PCAR
PCAR270115P00118600,118.6,11.7,9.6,12.0,1.0,2.0,0.30133755310058596,False,PUT,2027-01-15,PCAR
PCAR270115P00123600,123.6,12.99,11.7,14.5,2.0,2.0,0.2977059976196288,True,PUT,2027-01-15,PCAR
PCAR270115P00125600,125.6,15.0,12.5,15.4,,1.0,0.2926096130371093,True,PUT,2027-01-15,PCAR
PCAR280121C00098600,98.6,19.9,,,,,0.0,True,CALL,2028-01-21,PCAR
PCAR280121C00100000,100.0,19.9,15.5,20.0,,2.0,1.0000000000000003e-05,True,CALL,2028-01-21,PCAR
PCAR280121C00105000,105.0,28.9,30.0,33.5,,27.0,0.36701072448730465,True,CALL,2028-01-21,PCAR
PCAR280121C00108600,108.6,15.5,,,,,0.0,True,CALL,2028-01-21,PCAR
PCAR280121C00110000,110.0,15.5,15.5,20.5,1.0,1.0,0.19571727142333983,True,CALL,2028-01-21,PCAR
PCAR280121C00113600,113.6,23.81,24.5,28.5,5.0,3.0,0.35468174621582027,True,CALL,2028-01-21,PCAR
PCAR280121C00115000,115.0,19.55,0.0,0.0,,5.0,1.0000000000000003e-05,True,CALL,2028-01-21,PCAR
PCAR280121C00118600,118.6,23.45,22.5,26.0,2.0,8.0,0.3507755352783203,True,CALL,2028-01-21,PCAR
PCAR280121C00120000,120.0,22.24,21.5,25.5,,1.0,0.35227088165283205,True,CALL,2028-01-21,PCAR
PCAR280121C00123600,123.6,14.81,20.1,23.5,,2.0,0.34458052886962887,False,CALL,2028-01-21,PCAR
PCAR280121C00125000,125.0,22.0,19.0,23.0,1.0,3.0,0.34540449523925776,False,CALL,2028-01-21,PCAR
PCAR280121C00138600,138.6,10.0,13.9,17.5,,1.0,0.33521172607421873,False,CALL,2028-01-21,PCAR
PCAR280121C00140000,140.0,10.0,0.0,0.0,1.0,1.0,0.015634843750000002,False,CALL,2028-01-21,PCAR
PCAR280121C00143600,143.6,8.12,11.4,15.5,,6.0,0.3280096496582031,False,CALL,2028-01-21,PCAR
PCAR280121C00145000,145.0,8.12,0.0,0.0,2.0,6.0,0.0312596875,False,CALL,2028-01-21,PCAR
PCAR280121P00088600,88.6,5.4,4.1,5.5,1.0,3.0,0.302466692199707,False,PUT,2028-01-21,PCAR
PCAR280121P00090000,90.0,13.99,10.0,13.6,,1.0,0.46362841064453125,False,PUT,2028-01-21,PCAR
PCAR280121P00093600,93.6,8.1,4.4,8.2,,1.0,0.3263006823730469,False,PUT,2028-01-21,PCAR
PCAR280121P00098600,98.6,9.7,5.7,9.2,1.0,1.0,0.3096992858886719,False,PUT,2028-01-21,PCAR
PCAR280121P00100000,100.0,14.3,0.0,0.0,,1.0,0.0312596875,False,PUT,2028-01-21,PCAR
PCAR280121P00103600,103.6,16.7,0.0,0.0,,1.0,0.0312596875,False,PUT,2028-01-21,PCAR
PCAR280121P00105000,105.0,16.7,0.0,0.0,,1.0,0.0312596875,False,PUT,2028-01-21,PCAR
PCAR280121P00113600,113.6,16.0,10.8,14.4,10.0,0.0,0.2856211575317382,False,PUT,2028-01-21,PCAR
PCAR280121P00115000,115.0,25.0,23.5,28.5,10.0,10.0,0.4957020645141602,False,PUT,2028-01-21,PCAR
PCAR280121P00128600,128.6,34.5,,,,,0.0,True,PUT,2028-01-21,PCAR
PCAR280121P00130000,130.0,34.5,34.5,39.5,1.0,1.0,0.5184984674072266,True,PUT,2028-01-21,PCAR
PCG260130C00011000,11.0,4.31,3.35,4.4,2.0,4.0,3.9843750390625,True,CALL,2026-01-30,PCG
PCG260130C00014000,14.0,1.08,0.79,1.1,2.0,250.0,1.0000000000000003e-05,True,CALL,2026-01-30,PCG
PCG260130C00014500,14.5,0.65,0.41,0.59,9.0,197.0,1.0000000000000003e-05,True,CALL,2026-01-30,PCG
PCG260130C00015000,15.0,0.15,0.1,0.19,167.0,1655.0,0.25391371093750004,True,CALL,2026-01-30,PCG
PCG260130C00015500,15.5,0.01,0.01,0.02,876.0,7691.0,0.28125718749999995,False,CALL,2026-01-30,PCG
PCG260130C00016000,16.0,0.01,0.0,0.01,46.0,9313.0,0.45313046875,False,CALL,2026-01-30,PCG
PCG260130C00016500,16.5,0.01,0.0,0.01,6.0,544.0,0.5625043750000001,False,CALL,2026-01-30,PCG
PCG260130C00017000,17.0,0.02,0.0,0.01,51.0,536.0,0.7500025,False,CALL,2026-01-30,PCG
PCG260130C00017500,17.5,0.11,0.0,0.04,246.0,267.0,1.109379453125,False,CALL,2026-01-30,PCG
PCG260130C00018000,18.0,0.06,0.0,0.02,,5.0,1.125004375,False,CALL,2026-01-30,PCG
PCG260130P00012000,12.0,0.01,0.0,0.25,2.0,2.0,2.50000375,False,PUT,2026-01-30,PCG
PCG260130P00013000,13.0,0.01,0.0,0.01,2.0,70.0,0.937500625,False,PUT,2026-01-30,PCG
PCG260130P00013500,13.5,0.02,0.0,0.01,1.0,48.0,0.7500025,False,PUT,2026-01-30,PCG
PCG260130P00014000,14.0,0.04,0.0,0.03,12.0,271.0,0.64062859375,False,PUT,2026-01-30,PCG
PCG260130P00014500,14.5,0.01,0.0,0.03,1.0,747.0,0.48438015625,False,PUT,2026-01-30,PCG
PCG260130P00015000,15.0,0.13,0.07,0.2,432.0,2394.0,0.585941640625,False,PUT,2026-01-30,PCG
PCG260130P00015500,15.5,0.45,0.41,0.62,3.0,200.0,0.648441015625,True,PUT,2026-01-30,PCG
PCG260130P00016000,16.0,1.02,0.79,1.24,1.0,8.0,0.98437515625,True,PUT,2026-01-30,PCG
PCG260130P00016500,16.5,1.55,1.29,1.73,1.0,3.0,1.2578162109375,True,PUT,2026-01-30,PCG
PCG260130P00018000,18.0,3.01,2.4,3.55,3.0,21.0,1.8281258593749998,True,PUT,2026-01-30,PCG
PCG260130P00019000,19.0,3.95,3.65,4.35,22.0,17.0,2.3437541406249993,True,PUT,2026-01-30,PCG
PCG260130P00019500,19.5,4.52,4.0,4.8,20.0,0.0,1.859375703125,True,PUT,2026-01-30,PCG
PCG260206C00013500,13.5,1.74,1.32,1.63,2.0,1.0,0.2500075,True,CALL,2026-02-06,PCG
PCG260206C00014000,14.0,1.05,0.97,1.14,10.0,7.0,0.28125718749999995,True,CALL,2026-02-06,PCG
PCG260206C00014500,14.5,0.58,0.59,0.68,43.0,315.0,0.26563234375,True,CALL,2026-02-06,PCG
PCG260206C00015000,15.0,0.32,0.28,0.32,63.0,711.0,0.26367923828125,True,CALL,2026-02-06,PCG
PCG260206C00015500,15.5,0.11,0.09,0.13,14876.0,396.0,0.2890696093749999,False,CALL,2026-02-06,PCG
PCG260206C00016000,16.0,0.03,0.02,0.05,228.0,5781.0,0.31641308593749995,False,CALL,2026-02-06,PCG
PCG260206C00016500,16.5,0.04,0.0,0.07,2.0,81.0,0.4726615234375,False,CALL,2026-02-06,PCG
PCG260206C00017000,17.0,0.03,0.0,0.01,20.0,56.0,0.39063109375,False,CALL,2026-02-06,PCG
PCG260206C00017500,17.5,0.03,0.0,0.25,,26.0,0.8007832421875,False,CALL,2026-02-06,PCG
PCG260206C00018000,18.0,0.07,0.0,0.25,1.0,6.0,0.9023447265625,False,CALL,2026-02-06,PCG
PCG260206C00018500,18.5,0.38,0.0,0.25,2.0,2.0,1.000005,False,CALL,2026-02-06,PCG
PCG260206P00013500,13.5,0.03,0.01,0.05,30.0,242.0,0.5390671093750001,False,PUT,2026-02-06,PCG
PCG260206P00014000,14.0,0.04,0.04,0.08,20.0,29.0,0.4687553125,False,PUT,2026-02-06,PCG
PCG260206P00014500,14.5,0.07,0.09,0.14,16.0,438.0,0.4023497265625,False,PUT,2026-02-06,PCG
PCG260206P00015000,15.0,0.22,0.21,0.31,26.0,938.0,0.39453730468750003,False,PUT,2026-02-06,PCG
PCG260206P00015500,15.5,0.69,0.46,0.69,13.0,509.0,0.5039112109375,True,PUT,2026-02-06,PCG
PCG260206P00016000,16.0,0.86,0.95,1.31,13.0,133.0,0.6132851171875001,True,PUT,2026-02-06,PCG
PCG260206P00016500,16.5,1.53,1.28,1.74,1.0,1.0,0.5937540625000001,True,PUT,2026-02-06,PCG
PCG260206P00017000,17.0,1.48,1.78,2.22,4.0,0.0,0.6992217578125001,True,PUT,2026-02-06,PCG
PCG260206P00018000,18.0,3.2,2.8,3.15,3.0,2.0,0.8632826171875,True,PUT,2026-02-06,PCG
PCG260206P00018500,18.5,3.33,2.7,4.3,8.0,0.0,1.01172369140625,True,PUT,2026-02-06,PCG
PCG260206P00019500,19.5,4.47,4.0,4.95,2.0,4.0,1.1328168359375002,True,PUT,2026-02-06,PCG
PCG260213C00014000,14.0,1.45,0.91,1.25,1.0,9.0,0.40430283203125,True,CALL,2026-02-13,PCG
PCG260213C00014500,14.5,0.96,0.67,0.8,1.0,29.0,0.3320379296875,True,CALL,2026-02-13,PCG
PCG260213C00015000,15.0,0.47,0.36,0.5,1.0,33.0,0.3437565625,True,CALL,2026-02-13,PCG
PCG260213C00015500,15.5,0.2,0.17,0.26,44.0,1516.0,0.32813171874999997,False,CALL,2026-02-13,PCG
PCG260213C00016000,16.0,0.1,0.07,0.14,4.0,467.0,0.3437565625,False,CALL,2026-02-13,PCG
PCG260213C00016500,16.5,0.08,0.02,0.13,1.0,219.0,0.4335994140625,False,CALL,2026-02-13,PCG
PCG260213C00017000,17.0,0.02,0.0,0.25,1.0,72.0,0.51758294921875,False,CALL,2026-02-13,PCG
PCG260213C00018000,18.0,0.14,0.0,0.25,,1.0,0.6777375976562501,False,CALL,2026-02-13,PCG
PCG260213P00014000,14.0,0.16,0.07,0.46,1.0,26.0,0.5664105859375,False,PUT,2026-02-13,PCG
PCG260213P00014500,14.5,0.18,0.15,0.25,282.0,88.0,0.4062559375,False,PUT,2026-02-13,PCG
PCG260213P00015000,15.0,0.38,0.32,0.47,168.0,76.0,0.42383388671875,False,PUT,2026-02-13,PCG
PCG260213P00015500,15.5,0.64,0.62,0.99,3.0,157.0,0.6191444335937502,True,PUT,2026-02-13,PCG
PCG260213P00016000,16.0,1.16,0.93,1.19,1.0,56.0,0.5136767382812499,True,PUT,2026-02-13,PCG
PCG260213P00016500,16.5,1.72,1.44,1.67,1.0,2.0,0.6113320117187502,True,PUT,2026-02-13,PCG
PCG260213P00017000,17.0,1.93,1.88,3.5,2.0,0.0,1.18359783203125,True,PUT,2026-02-13,PCG
PCG260213P00017500,17.5,2.38,1.26,3.85,,1.0,0.6796907031250001,True,PUT,2026-02-13,PCG
PCG260213P00018500,18.5,2.79,3.4,5.45,1.0,4.0,1.701173369140625,True,PUT,2026-02-13,PCG
PCG260213P00019000,19.0,3.56,3.75,4.15,,0.0,0.73437765625,True,PUT,2026-02-13,PCG
PCG260220C00011000,11.0,4.3,3.9,4.55,2.0,0.0,0.8710950390625,True,CALL,2026-02-20,PCG
PCG260220C00012000,12.0,3.3,2.8,3.2,2.0,2.0,0.6250037500000001,True,CALL,2026-02-20,PCG
PCG260220C00013000,13.0,2.25,1.88,2.54,2.0,2.0,0.8398453515625,True,CALL,2026-02-20,PCG
PCG260220C00014000,14.0,1.23,1.08,1.43,331.0,836.0,0.49805189453125004,True,CALL,2026-02-20,PCG
PCG260220C00015000,15.0,0.52,0.5,0.53,163.0,503.0,0.304694453125,True,CALL,2026-02-20,PCG
PCG260220C00015500,15.5,0.28,0.3,0.32,493.0,2489.0,0.313483427734375,False,CALL,2026-02-20,PCG
PCG260220C00016000,16.0,0.14,0.13,0.18,89.0,2434.0,0.3193427441406249,False,CALL,2026-02-20,PCG
PCG260220C00016500,16.5,0.11,0.06,0.13,1.0,68.0,0.36133451171875,False,CALL,2026-02-20,PCG
PCG260220C00017000,17.0,0.07,0.03,0.07,1.0,7264.0,0.3632876171875,False,CALL,2026-02-20,PCG
PCG260220C00018000,18.0,0.01,0.0,0.14,2.0,710.0,0.5839885351562499,False,CALL,2026-02-20,PCG
PCG260220C00019000,19.0,0.03,0.0,0.14,,13.0,0.5937540625000001,False,CALL,2026-02-20,PCG
PCG260220P00012000,12.0,0.04,0.03,0.07,3.0,62.0,0.5898478515625001,False,PUT,2026-02-20,PCG
PCG260220P00013000,13.0,0.09,0.05,0.13,1.0,140.0,0.5468795312500001,False,PUT,2026-02-20,PCG
PCG260220P00013500,13.5,0.11,0.07,0.14,3.0,9.0,0.46094289062500005,False,PUT,2026-02-20,PCG
PCG260220P00014000,14.0,0.16,0.13,0.19,200.0,5184.0,0.4062559375,False,PUT,2026-02-20,PCG
PCG260220P00014500,14.5,0.27,0.23,0.3,3.0,1068.0,0.3789124609375,False,PUT,2026-02-20,PCG
PCG260220P00015000,15.0,0.41,0.41,0.48,43.0,1537.0,0.36133451171875,False,PUT,2026-02-20,PCG
PCG260220P00015500,15.5,0.69,0.69,0.79,10.0,185.0,0.38477177734374995,True,PUT,2026-02-20,PCG
PCG260220P00016000,16.0,1.01,1.04,1.31,10.0,186.0,0.51562984375,True,PUT,2026-02-20,PCG
PCG260220P00017000,17.0,1.21,1.79,2.43,2.0,3.0,0.5478560839843751,True,PUT,2026-02-20,PCG
PCG260220P00018000,18.0,2.67,2.86,3.15,,0.0,0.5820354296875,True,PUT,2026-02-20,PCG
PCG260227C00014500,14.5,0.8,0.8,1.14,1.0,1.0,0.46191944335937507,True,CALL,2026-02-27,PCG
PCG260227C00015500,15.5,0.45,0.29,0.42,52.0,515.0,0.33399103515625,False,CALL,2026-02-27,PCG
PCG260227C00016000,16.0,0.19,0.15,0.25,3.0,1578.0,0.32813171874999997,False,CALL,2026-02-27,PCG
PCG260227C00016500,16.5,0.13,0.05,0.17,3.0,37.0,0.34961587890624996,False,CALL,2026-02-27,PCG
PCG260227C00017000,17.0,0.08,0.03,0.17,16.0,3115.0,0.41797457031249996,False,CALL,2026-02-27,PCG
PCG260227C00019000,19.0,0.6,0.0,0.25,,1.0,0.5976602734375001,False,CALL,2026-02-27,PCG
PCG260227P00013500,13.5,0.37,0.09,0.31,1.0,55.0,0.5507857421875001,False,PUT,2026-02-27,PCG
PCG260227P00014000,14.0,0.21,0.15,2.3,1.0,20.0,1.0449266503906252,False,PUT,2026-02-27,PCG
PCG260227P00014500,14.5,0.3,0.27,0.4,2.0,5.0,0.39551385742187506,False,PUT,2026-02-27,PCG
PCG260227P00015000,15.0,0.51,0.45,0.79,5.0,10.0,0.49707534179687507,False,PUT,2026-02-27,PCG
PCG260227P00015500,15.5,0.87,0.57,0.87,50.0,102.0,0.383795224609375,True,PUT,2026-02-27,PCG
PCG260306P00014000,14.0,0.22,0.19,0.46,1.0,1.0,0.49707534179687507,False,PUT,2026-03-06,PCG
PCG260320C00011000,11.0,4.26,4.0,4.25,1.0,100.0,0.6210975390625001,True,CALL,2026-03-20,PCG
PCG260320C00012000,12.0,3.95,2.87,3.25,10.0,208.0,0.48438015625,True,CALL,2026-03-20,PCG
PCG260320C00013000,13.0,2.4,2.01,2.33,5.0,517.0,0.42090422851562503,True,CALL,2026-03-20,PCG
PCG260320C00014000,14.0,1.54,1.36,1.48,238.0,333.0,0.362311064453125,True,CALL,2026-03-20,PCG
PCG260320C00015000,15.0,0.76,0.75,0.79,33.0,16489.0,0.32129584960937496,True,CALL,2026-03-20,PCG
PCG260320C00016000,16.0,0.35,0.33,0.35,79.0,25053.0,0.301764794921875,False,CALL,2026-03-20,PCG
PCG260320C00017000,17.0,0.15,0.11,0.22,17.0,23330.0,0.35352208984374994,False,CALL,2026-03-20,PCG
PCG260320C00018000,18.0,0.14,0.05,0.13,13.0,10158.0,0.38281867187499996,False,CALL,2026-03-20,PCG
PCG260320C00019000,19.0,0.07,0.0,0.06,1.0,248.0,0.38672488281249995,False,CALL,2026-03-20,PCG
PCG260320P00011000,11.0,0.07,0.04,0.13,2.0,2045.0,0.57812921875,False,PUT,2026-03-20,PCG
PCG260320P00012000,12.0,0.13,0.07,0.16,2.0,330.0,0.5312546875,False,PUT,2026-03-20,PCG
PCG260320P00013000,13.0,0.17,0.14,0.17,35.0,3420.0,0.40039662109375,False,PUT,2026-03-20,PCG
PCG260320P00014000,14.0,0.32,0.29,0.31,2043.0,3060.0,0.34278000976562495,False,PUT,2026-03-20,PCG
PCG260320P00015000,15.0,0.6,0.61,0.65,269.0,3999.0,0.31836619140624994,False,PUT,2026-03-20,PCG
PCG260320P00016000,16.0,1.06,1.18,1.35,1.0,3523.0,0.36524072265625,True,PUT,2026-03-20,PCG
PCG260320P00017000,17.0,2.07,1.86,2.3,1.0,1322.0,0.4726615234375,True,PUT,2026-03-20,PCG
PCG260320P00018000,18.0,1.94,2.87,3.15,5.0,5.0,0.49414568359375005,True,PUT,2026-03-20,PCG
PCG260320P00019000,19.0,3.5,2.59,5.95,,0.0,0.6621127539062501,True,PUT,2026-03-20,PCG
PCG260417C00015000,15.0,0.91,0.9,0.95,4.0,28.0,0.3154365332031249,True,CALL,2026-04-17,PCG
PCG260417C00016000,16.0,0.48,0.49,0.52,76.0,13030.0,0.30713583496093744,False,CALL,2026-04-17,PCG
PCG260417C00017000,17.0,0.23,0.22,0.25,3.0,198.0,0.2978585839843749,False,CALL,2026-04-17,PCG
PCG260417C00019000,19.0,0.05,0.03,0.13,6863.0,10966.0,0.37305314453125,False,CALL,2026-04-17,PCG
PCG260417P00012000,12.0,0.17,0.12,0.2,,1.0,0.45703667968750006,False,PUT,2026-04-17,PCG
PCG260417P00013000,13.0,0.3,0.23,0.28,,3.0,0.38672488281249995,False,PUT,2026-04-17,PCG
PCG260417P00015000,15.0,0.8,0.78,0.82,10.0,14.0,0.31690136230468746,False,PUT,2026-04-17,PCG
PCG260618C00011000,11.0,4.7,4.05,4.45,500.0,573.0,0.5019581054687501,True,CALL,2026-06-18,PCG
PCG260618C00012000,12.0,5.0,0.0,0.0,,1.0,1.0000000000000003e-05,True,CALL,2026-06-18,PCG
PCG260618C00013000,13.0,2.56,2.37,2.85,5.0,787.0,0.44922425781249997,True,CALL,2026-06-18,PCG
PCG260618C00014000,14.0,1.95,1.77,2.09,2.0,22.0,0.40430283203125,True,CALL,2026-06-18,PCG
PCG260618C00015000,15.0,1.31,1.14,1.31,11.0,2700.0,0.33350275878906255,True,CALL,2026-06-18,PCG
PCG260618C00016000,16.0,0.82,0.72,0.86,6.0,1620.0,0.3237372314453124,False,CALL,2026-06-18,PCG
PCG260618C00017000,17.0,0.52,0.41,0.53,80.0,17418.0,0.31445998046874996,False,CALL,2026-06-18,PCG
PCG260618C00018000,18.0,0.34,0.27,0.33,1031.0,946.0,0.31445998046874996,False,CALL,2026-06-18,PCG
PCG260618C00019000,19.0,0.19,0.14,0.23,15.0,10137.0,0.3286199951171874,False,CALL,2026-06-18,PCG
PCG260618P00011000,11.0,0.19,0.15,0.23,1.0,19.0,0.45117736328125,False,PUT,2026-06-18,PCG
PCG260618P00012000,12.0,0.21,0.25,0.32,1.0,105.0,0.4023497265625,False,PUT,2026-06-18,PCG
PCG260618P00013000,13.0,0.42,0.41,0.47,1.0,11907.0,0.362311064453125,False,PUT,2026-06-18,PCG
PCG260618P00014000,14.0,0.65,0.67,0.75,5.0,595.0,0.34229173339843744,False,PUT,2026-06-18,PCG
PCG260618P00015000,15.0,1.06,1.03,1.09,5.0,3185.0,0.309577216796875,False,PUT,2026-06-18,PCG
PCG260618P00016000,16.0,1.46,1.53,1.78,20.0,601.0,0.33740896972656254,True,PUT,2026-06-18,PCG
PCG260618P00017000,17.0,2.23,2.24,2.43,5.0,1574.0,0.3232489550781249,True,PUT,2026-06-18,PCG
PCG260618P00018000,18.0,2.57,3.0,3.3,1.0,7.0,0.34961587890624996,True,PUT,2026-06-18,PCG
PCG260918C00013000,13.0,4.82,3.4,4.8,1.0,242.0,0.657229990234375,True,CALL,2026-09-18,PCG
PCG260918C00014000,14.0,2.2,2.1,2.38,40.0,40.0,0.3794007373046875,True,CALL,2026-09-18,PCG
PCG260918C00015000,15.0,1.65,1.5,1.72,1.0,1609.0,0.34497725341796875,True,CALL,2026-09-18,PCG
PCG260918C00016000,16.0,1.21,1.08,1.25,1.0,30.0,0.33301448242187504,False,CALL,2026-09-18,PCG
PCG260918C00017000,17.0,0.85,0.8,0.9,6.0,11692.0,0.327155166015625,False,CALL,2026-09-18,PCG
PCG260918C00018000,18.0,0.73,0.46,0.64,,2.0,0.3242255078124999,False,CALL,2026-09-18,PCG
PCG260918P00012000,12.0,0.42,0.38,0.58,,12.0,0.398443515625,False,PUT,2026-09-18,PCG
PCG260918P00013000,13.0,0.7,0.59,0.75,4.0,14452.0,0.3579165771484375,False,PUT,2026-09-18,PCG
PCG260918P00014000,14.0,0.9,0.86,1.1,,6.0,0.34668622070312494,False,PUT,2026-09-18,PCG
PCG260918P00015000,15.0,1.76,1.32,1.51,1.0,880.0,0.32910827148437494,False,PUT,2026-09-18,PCG
PCG260918P00017000,17.0,2.43,2.43,2.73,10.0,1240.0,0.3198310205078124,True,PUT,2026-09-18,PCG
PCG261218C00013000,13.0,3.3,3.05,3.3,2.0,261.0,0.39234006103515623,True,CALL,2026-12-18,PCG
PCG261218C00015000,15.0,2.05,1.86,2.09,9.0,27.0,0.35864899169921877,True,CALL,2026-12-18,PCG
PCG261218C00017000,17.0,1.17,1.04,1.24,1.0,296.0,0.3393620751953125,False,CALL,2026-12-18,PCG
PCG261218P00013000,13.0,0.85,0.85,0.95,232.0,24380.0,0.34668622070312494,False,PUT,2026-12-18,PCG
PCG261218P00015000,15.0,1.59,1.53,1.81,341.0,397.0,0.3327703442382813,False,PUT,2026-12-18,PCG
PCG261218P00017000,17.0,2.62,2.65,2.9,20.0,258.0,0.30225307128906254,True,PUT,2026-12-18,PCG
PCG270115C00013000,13.0,3.25,3.1,3.35,5.0,1175.0,0.38623660644531244,True,CALL,2027-01-15,PCG
PCG270115C00015000,15.0,2.05,1.84,2.17,4.0,5189.0,0.3579165771484375,True,CALL,2027-01-15,PCG
PCG270115C00017000,17.0,1.28,1.01,1.29,8.0,19766.0,0.33399103515625,False,CALL,2027-01-15,PCG
PCG270115P00013000,13.0,1.0,0.86,1.01,100.0,23346.0,0.3452213916015625,False,PUT,2027-01-15,PCG
PCG270115P00015000,15.0,1.78,1.62,1.79,22.0,1387.0,0.31592480957031244,False,PUT,2027-01-15,PCG
PCG270115P00017000,17.0,2.26,2.75,2.96,2.0,2700.0,0.30054410400390624,True,PUT,2027-01-15,PCG
PCG280121C00013000,13.0,5.0,0.0,0.0,1.0,345.0,1.0000000000000003e-05,True,CALL,2028-01-21,PCG
PCG280121C00015000,15.0,2.93,2.81,3.1,4.0,417.0,0.362311064453125,True,CALL,2028-01-21,PCG
PCG280121C00017000,17.0,2.0,1.85,2.14,1.0,410.0,0.33374689697265625,False,CALL,2028-01-21,PCG
PCG280121P00013000,13.0,1.43,1.42,1.58,5.0,103.0,0.32031929687499994,False,PUT,2028-01-21,PCG
PCG280121P00015000,15.0,2.34,2.23,2.55,1.0,304.0,0.31201859863281245,False,PUT,2028-01-21,PCG
PCG280121P00017000,17.0,3.45,3.3,3.5,1.0,262.0,0.274421318359375,True,PUT,2028-01-21,PCG
PDD260130C00090000,90.0,13.0,11.4,13.85,2.0,1.0,1.2636755566406248,True,CALL,2026-01-30,PDD
PDD260130C00095000,95.0,7.5,6.7,8.3,1.0,21.0,0.7460962890625,True,CALL,2026-01-30,PDD
PDD260130C00100000,100.0,2.55,2.08,2.89,22.0,78.0,0.49805189453125004,True,CALL,2026-01-30,PDD
PDD260130C00101000,101.0,2.76,1.35,2.59,37.0,30.0,0.6289099609375001,True,CALL,2026-01-30,PDD
PDD260130C00102000,102.0,1.2,0.84,1.55,93.0,114.0,0.467778759765625,True,CALL,2026-01-30,PDD
PDD260130C00103000,103.0,0.57,0.45,0.64,148.0,150.0,0.317389638671875,False,CALL,2026-01-30,PDD
PDD260130C00104000,104.0,0.4,0.25,0.42,112.0,185.0,0.35156898437499995,False,CALL,2026-01-30,PDD
PDD260130C00105000,105.0,0.24,0.13,0.26,765.0,609.0,0.37305314453125,False,CALL,2026-01-30,PDD
PDD260130C00106000,106.0,0.1,0.07,0.1,480.0,648.0,0.34766277343749996,False,CALL,2026-01-30,PDD
PDD260130C00107000,107.0,0.04,0.04,0.05,862.0,1144.0,0.35938140625,False,CALL,2026-01-30,PDD
PDD260130C00108000,108.0,0.02,0.02,0.04,46.0,2723.0,0.398443515625,False,CALL,2026-01-30,PDD
PDD260130C00109000,109.0,0.03,0.0,0.04,134.0,319.0,0.45313046875,False,CALL,2026-01-30,PDD
PDD260130C00110000,110.0,0.01,0.0,0.01,328.0,2229.0,0.42188078125,False,CALL,2026-01-30,PDD
PDD260130C00111000,111.0,0.02,0.01,0.02,11.0,713.0,0.507817421875,False,CALL,2026-01-30,PDD
PDD260130C00112000,112.0,0.04,0.0,0.04,17.0,544.0,0.5546919531250001,False,CALL,2026-01-30,PDD
PDD260130C00113000,113.0,0.02,0.0,0.02,30.0,448.0,0.5468795312500001,False,CALL,2026-01-30,PDD
PDD260130C00114000,114.0,0.05,0.0,0.03,7.0,308.0,0.6250037500000001,False,CALL,2026-01-30,PDD
PDD260130C00115000,115.0,0.01,0.0,0.02,112.0,2391.0,0.632816171875,False,CALL,2026-01-30,PDD
PDD260130C00116000,116.0,0.06,0.0,0.05,1.0,138.0,0.7500025,False,CALL,2026-01-30,PDD
PDD260130C00117000,117.0,0.05,0.0,0.01,17.0,154.0,0.6562534375000001,False,CALL,2026-01-30,PDD
PDD260130C00118000,118.0,0.05,0.0,0.01,1.0,238.0,0.6875031250000001,False,CALL,2026-01-30,PDD
PDD260130C00119000,119.0,0.07,0.0,0.02,1.0,841.0,0.79687703125,False,CALL,2026-01-30,PDD
PDD260130C00120000,120.0,0.01,0.0,0.05,14.0,1956.0,0.92187578125,False,CALL,2026-01-30,PDD
PDD260130C00121000,121.0,0.26,0.0,0.07,1.0,684.0,1.0078174609375,False,CALL,2026-01-30,PDD
PDD260130C00122000,122.0,0.1,0.0,0.07,5.0,216.0,1.0546922265625,False,CALL,2026-01-30,PDD
PDD260130C00123000,123.0,0.09,0.0,0.03,6.0,280.0,0.98437515625,False,CALL,2026-01-30,PDD
PDD260130C00124000,124.0,0.05,0.0,0.08,2.0,319.0,1.15625421875,False,CALL,2026-01-30,PDD
PDD260130C00125000,125.0,0.01,0.0,0.08,18.0,1356.0,1.1953165234375,False,CALL,2026-01-30,PDD
PDD260130C00126000,126.0,0.29,0.0,0.08,1.0,60.0,1.2343788281249999,False,CALL,2026-01-30,PDD
PDD260130C00127000,127.0,0.01,0.0,0.01,3.0,162.0,1.000005,False,CALL,2026-01-30,PDD
PDD260130C00128000,128.0,0.07,0.0,0.2,1.0,25.0,1.4960962695312499,False,CALL,2026-01-30,PDD
PDD260130C00129000,129.0,0.05,0.0,0.07,1.0,171.0,1.3281283593749997,False,CALL,2026-01-30,PDD
PDD260130C00130000,130.0,0.01,0.0,0.01,1.0,395.0,1.125004375,False,CALL,2026-01-30,PDD
PDD260130C00131000,131.0,0.6,0.0,2.12,,4.0,2.6132847167968754,False,CALL,2026-01-30,PDD
PDD260130C00132000,132.0,0.1,0.0,2.13,,3.0,2.6718783203125005,False,CALL,2026-01-30,PDD
PDD260130P00075000,75.0,0.05,0.0,0.05,1.0,73.0,1.703126484375,False,PUT,2026-01-30,PDD
PDD260130P00080000,80.0,0.05,0.0,0.06,,40.0,1.4140654296875002,False,PUT,2026-01-30,PDD
PDD260130P00085000,85.0,0.05,0.0,0.05,,123.0,1.0781296093750001,False,PUT,2026-01-30,PDD
PDD260130P00090000,90.0,0.01,0.0,0.04,32.0,98.0,0.7500025,False,PUT,2026-01-30,PDD
PDD260130P00093000,93.0,0.06,0.0,0.04,2.0,3.0,0.57812921875,False,PUT,2026-01-30,PDD
PDD260130P00094000,94.0,0.01,0.01,0.04,422.0,451.0,0.5390671093750001,False,PUT,2026-01-30,PDD
PDD260130P00095000,95.0,0.04,0.01,0.04,15.0,89.0,0.5195360546875,False,PUT,2026-01-30,PDD
PDD260130P00096000,96.0,0.26,0.0,0.12,80.0,108.0,0.5664105859375,False,PUT,2026-01-30,PDD
PDD260130P00097000,97.0,0.08,0.0,0.2,50.0,74.0,0.5625043750000001,False,PUT,2026-01-30,PDD
PDD260130P00098000,98.0,0.17,0.04,0.1,1.0,112.0,0.40039662109375,False,PUT,2026-01-30,PDD
PDD260130P00099000,99.0,0.16,0.14,0.17,16.0,394.0,0.37695935546875,False,PUT,2026-01-30,PDD
PDD260130P00100000,100.0,0.33,0.25,0.33,276.0,1037.0,0.37402969726562496,False,PUT,2026-01-30,PDD
PDD260130P00101000,101.0,0.52,0.4,0.6,169.0,232.0,0.37402969726562496,False,PUT,2026-01-30,PDD
PDD260130P00102000,102.0,0.9,0.78,1.06,263.0,397.0,0.39453730468750003,False,PUT,2026-01-30,PDD
PDD260130P00103000,103.0,1.54,1.3,1.75,36.0,827.0,0.4467828759765625,True,PUT,2026-01-30,PDD
PDD260130P00104000,104.0,2.27,1.95,2.46,25.0,679.0,0.47022014160156256,True,PUT,2026-01-30,PDD
PDD260130P00105000,105.0,3.07,2.97,3.35,67.0,1359.0,0.534184345703125,True,PUT,2026-01-30,PDD
PDD260130P00106000,106.0,3.98,3.8,4.3,4.0,1590.0,0.6093789062500001,True,PUT,2026-01-30,PDD
PDD260130P00107000,107.0,4.7,4.65,5.35,15.0,1369.0,0.5400436621093752,True,PUT,2026-01-30,PDD
PDD260130P00108000,108.0,5.65,5.7,6.4,1.0,233.0,0.64648791015625,True,PUT,2026-01-30,PDD
PDD260130P00109000,109.0,6.74,6.2,7.3,2.0,154.0,0.866212275390625,True,PUT,2026-01-30,PDD
PDD260130P00110000,110.0,7.74,7.75,8.25,4.0,385.0,0.7568383691406251,True,PUT,2026-01-30,PDD
PDD260130P00111000,111.0,8.5,8.25,9.8,2.0,152.0,0.8437515624999999,True,PUT,2026-01-30,PDD
PDD260130P00112000,112.0,9.85,9.3,10.6,1.0,387.0,0.8466812207031249,True,PUT,2026-01-30,PDD
PDD260130P00113000,113.0,10.26,9.5,11.6,1.0,121.0,1.3359408203124996,True,PUT,2026-01-30,PDD
PDD260130P00114000,114.0,11.76,11.65,12.6,2.0,418.0,1.1171919140625,True,PUT,2026-01-30,PDD
PDD260130P00115000,115.0,11.6,11.2,14.15,4.0,74.0,1.76171994140625,True,PUT,2026-01-30,PDD
PDD260130P00116000,116.0,11.11,12.2,14.95,5.0,33.0,1.7412122314453122,True,PUT,2026-01-30,PDD
PDD260130P00117000,117.0,10.66,12.9,17.0,10.0,3.0,1.142582412109375,True,PUT,2026-01-30,PDD
PDD260130P00118000,118.0,11.6,13.9,18.0,3.0,0.0,1.19922275390625,True,PUT,2026-01-30,PDD
PDD260130P00119000,119.0,13.35,14.9,19.0,3.0,0.0,1.25390998046875,True,PUT,2026-01-30,PDD
PDD260130P00120000,120.0,13.05,15.9,20.0,3.0,0.0,1.3085972070312497,True,PUT,2026-01-30,PDD
PDD260130P00121000,121.0,14.51,16.9,21.0,1.0,1.0,1.359378203125,True,PUT,2026-01-30,PDD
PDD260130P00122000,122.0,15.55,17.95,22.0,1.0,0.0,1.443362158203125,True,PUT,2026-01-30,PDD
PDD260130P00123000,123.0,7.53,18.9,23.0,22.0,0.0,1.46484642578125,True,PUT,2026-01-30,PDD
PDD260130P00124000,124.0,15.63,19.9,24.0,1.0,0.0,1.5136743066406249,True,PUT,2026-01-30,PDD
PDD260130P00125000,125.0,7.9,20.9,25.0,2.0,2.0,1.5625021874999998,True,PUT,2026-01-30,PDD
PDD260130P00126000,126.0,17.95,21.9,26.0,27.0,0.0,1.61328318359375,True,PUT,2026-01-30,PDD
PDD260130P00127000,127.0,7.07,22.9,27.0,4.0,0.0,1.6601579492187502,True,PUT,2026-01-30,PDD
PDD260130P00128000,128.0,8.35,23.9,28.0,2.0,0.0,1.7089858300781249,True,PUT,2026-01-30,PDD
PDD260130P00129000,129.0,9.22,24.9,29.0,,0.0,1.755860595703125,True,PUT,2026-01-30,PDD
PDD260130P00130000,130.0,24.65,25.9,30.0,1.0,0.0,1.8007822460937497,True,PUT,2026-01-30,PDD
PDD260206C00090000,90.0,13.0,11.7,14.1,1.0,2.0,0.6972686523437501,True,CALL,2026-02-06,PDD
PDD260206C00099000,99.0,8.29,3.85,4.45,,1.0,0.39331661376953125,True,CALL,2026-02-06,PDD
PDD260206C00100000,100.0,3.65,3.3,3.75,4.0,3.0,0.38672488281249995,True,CALL,2026-02-06,PDD
PDD260206C00101000,101.0,7.38,2.77,2.97,,4.0,0.3579165771484375,True,CALL,2026-02-06,PDD
PDD260206C00102000,102.0,2.35,2.25,2.4,31.0,7.0,0.35352208984374994,True,CALL,2026-02-06,PDD
PDD260206C00103000,103.0,1.85,1.76,1.95,22.0,5.0,0.35718416259765623,False,CALL,2026-02-06,PDD
PDD260206C00104000,104.0,1.47,1.39,1.53,201.0,158.0,0.35474278076171867,False,CALL,2026-02-06,PDD
PDD260206C00105000,105.0,1.11,1.08,1.25,227.0,749.0,0.36499658447265626,False,CALL,2026-02-06,PDD
PDD260206C00106000,106.0,0.87,0.84,0.96,30.0,385.0,0.36377589355468753,False,CALL,2026-02-06,PDD
PDD260206C00107000,107.0,0.72,0.66,0.79,146.0,451.0,0.3764710791015625,False,CALL,2026-02-06,PDD
PDD260206C00108000,108.0,0.59,0.48,0.63,184.0,516.0,0.383795224609375,False,CALL,2026-02-06,PDD
PDD260206C00109000,109.0,0.47,0.38,0.53,27.0,318.0,0.398443515625,False,CALL,2026-02-06,PDD
PDD260206C00110000,110.0,0.36,0.31,0.4,80.0,704.0,0.398443515625,False,CALL,2026-02-06,PDD
PDD260206C00111000,111.0,0.38,0.23,0.3,51.0,264.0,0.39942006835937505,False,CALL,2026-02-06,PDD
PDD260206C00112000,112.0,0.23,0.19,0.25,7.0,96.0,0.411138701171875,False,CALL,2026-02-06,PDD
PDD260206C00113000,113.0,0.17,0.15,0.24,189.0,5063.0,0.4370173486328125,False,CALL,2026-02-06,PDD
PDD260206C00114000,114.0,0.3,0.0,0.6,30.0,174.0,0.5918009570312501,False,CALL,2026-02-06,PDD
PDD260206C00115000,115.0,0.14,0.08,0.14,33.0,1385.0,0.4414118359375,False,CALL,2026-02-06,PDD
PDD260206C00116000,116.0,0.33,0.0,0.4,16.0,100.0,0.5019581054687501,False,CALL,2026-02-06,PDD
PDD260206C00117000,117.0,0.33,0.03,0.49,1.0,162.0,0.5585981640625001,False,CALL,2026-02-06,PDD
PDD260206C00118000,118.0,0.24,0.0,0.39,8.0,59.0,0.551762294921875,False,CALL,2026-02-06,PDD
PDD260206C00119000,119.0,0.4,0.0,0.35,2.0,14.0,0.5644574804687501,False,CALL,2026-02-06,PDD
PDD260206C00120000,120.0,0.08,0.02,0.15,21.0,583.0,0.5195360546875,False,CALL,2026-02-06,PDD
PDD260206C00121000,121.0,0.06,0.02,0.09,3.0,277.0,0.507817421875,False,CALL,2026-02-06,PDD
PDD260206C00122000,122.0,0.2,0.0,0.33,1.0,34.0,0.63086306640625,False,CALL,2026-02-06,PDD
PDD260206C00123000,123.0,0.15,0.0,0.32,7.0,10.0,0.65039412109375,False,CALL,2026-02-06,PDD
PDD260206C00124000,124.0,2.0,0.0,0.12,4.0,110.0,0.5742230078125,False,CALL,2026-02-06,PDD
PDD260206C00125000,125.0,0.06,0.0,0.11,17.0,236.0,0.58789474609375,False,CALL,2026-02-06,PDD
PDD260206C00126000,126.0,0.5,0.0,0.31,11.0,23.0,0.7138700488281251,False,CALL,2026-02-06,PDD
PDD260206C00127000,127.0,0.13,0.0,0.32,30.0,72.0,0.7402369726562499,False,CALL,2026-02-06,PDD
PDD260206C00128000,128.0,0.23,0.0,0.31,4.0,70.0,0.7578149218750001,False,CALL,2026-02-06,PDD
PDD260206C00129000,129.0,0.09,0.0,0.33,30.0,30.0,0.78711150390625,False,CALL,2026-02-06,PDD
PDD260206C00130000,130.0,0.06,0.0,0.31,6.0,132.0,0.79883013671875,False,CALL,2026-02-06,PDD
PDD260206C00131000,131.0,1.05,0.0,0.31,,28.0,0.8203142968749999,False,CALL,2026-02-06,PDD
PDD260206P00080000,80.0,0.05,0.01,0.22,2.0,36.0,0.8085956640624999,False,PUT,2026-02-06,PDD
PDD260206P00085000,85.0,0.06,0.01,0.06,89.0,66.0,0.5273484765625001,False,PUT,2026-02-06,PDD
PDD260206P00090000,90.0,0.11,0.12,0.16,16.0,242.0,0.49805189453125004,False,PUT,2026-02-06,PDD
PDD260206P00094000,94.0,0.37,0.12,0.33,,50.0,0.42774009765625004,False,PUT,2026-02-06,PDD
PDD260206P00095000,95.0,0.38,0.32,0.42,17.0,521.0,0.41699801757812494,False,PUT,2026-02-06,PDD
PDD260206P00096000,96.0,0.45,0.35,0.54,17.0,82.0,0.40772076660156253,False,PUT,2026-02-06,PDD
PDD260206P00097000,97.0,0.62,0.6,0.66,45.0,16.0,0.39160764648437496,False,PUT,2026-02-06,PDD
PDD260206P00098000,98.0,0.76,0.74,0.84,7.0,186.0,0.3815979809570312,False,PUT,2026-02-06,PDD
PDD260206P00099000,99.0,1.05,0.97,1.09,43.0,180.0,0.37695935546875,False,PUT,2026-02-06,PDD
PDD260206P00100000,100.0,1.38,1.27,1.39,136.0,675.0,0.3715883154296875,False,PUT,2026-02-06,PDD
PDD260206P00101000,101.0,1.52,1.63,1.82,109.0,166.0,0.37744763183593744,False,PUT,2026-02-06,PDD
PDD260206P00102000,102.0,2.2,2.09,2.31,232.0,178.0,0.38184211914062494,False,PUT,2026-02-06,PDD
PDD260206P00103000,103.0,2.74,2.57,2.84,144.0,444.0,0.38233039550781245,True,PUT,2026-02-06,PDD
PDD260206P00104000,104.0,3.3,3.1,3.45,22.0,614.0,0.38550419189453117,True,PUT,2026-02-06,PDD
PDD260206P00105000,105.0,3.85,3.65,4.2,28.0,632.0,0.4023497265625,True,PUT,2026-02-06,PDD
PDD260206P00106000,106.0,4.56,4.25,4.95,15.0,213.0,0.41138283935546877,True,PUT,2026-02-06,PDD
PDD260206P00107000,107.0,5.4,5.0,5.8,13.0,797.0,0.43164630859375,True,PUT,2026-02-06,PDD
PDD260206P00108000,108.0,5.04,5.15,6.95,13.0,37.0,0.50586431640625,True,PUT,2026-02-06,PDD
PDD260206P00109000,109.0,4.8,6.0,7.85,1.0,162.0,0.5297898583984376,True,PUT,2026-02-06,PDD
PDD260206P00110000,110.0,7.45,8.05,8.3,1.0,576.0,0.445318046875,True,PUT,2026-02-06,PDD
PDD260206P00111000,111.0,6.4,7.8,9.75,1.0,138.0,0.5900919897460939,True,PUT,2026-02-06,PDD
PDD260206P00112000,112.0,10.1,9.25,10.5,1.0,64.0,0.5688519677734375,True,PUT,2026-02-06,PDD
PDD260206P00113000,113.0,10.82,10.65,11.45,5.0,95.0,0.5913126806640626,True,PUT,2026-02-06,PDD
PDD260206P00114000,114.0,10.37,10.4,12.75,3.0,13.0,0.702151416015625,True,PUT,2026-02-06,PDD
PDD260206P00115000,115.0,11.85,12.7,13.3,30.0,519.0,0.507817421875,True,PUT,2026-02-06,PDD
PDD260206P00116000,116.0,10.32,12.2,14.65,1.0,11.0,0.7465845654296875,True,PUT,2026-02-06,PDD
PDD260206P00117000,117.0,13.25,13.2,15.6,2.0,57.0,0.7666038964843751,True,PUT,2026-02-06,PDD
PDD260206P00118000,118.0,3.1,14.2,16.7,2.0,108.0,0.8261736132812498,True,PUT,2026-02-06,PDD
PDD260206P00119000,119.0,12.4,15.2,17.55,1.0,167.0,0.8159198095703124,True,PUT,2026-02-06,PDD
PDD260206P00120000,120.0,13.1,16.2,18.6,3.0,130.0,0.86132951171875,True,PUT,2026-02-06,PDD
PDD260206P00121000,121.0,17.0,17.2,19.6,1.0,25.0,0.8916026464843749,True,PUT,2026-02-06,PDD
PDD260206P00122000,122.0,4.5,18.2,20.9,36.0,3.0,1.0063526245117185,True,PUT,2026-02-06,PDD
PDD260206P00123000,123.0,17.33,19.2,21.6,1.0,44.0,0.9506840869140624,True,PUT,2026-02-06,PDD
PDD260206P00124000,124.0,18.3,21.45,22.9,16.0,35.0,0.8271501660156249,True,PUT,2026-02-06,PDD
PDD260206P00125000,125.0,18.15,22.45,23.85,10.0,27.0,0.84179845703125,True,PUT,2026-02-06,PDD
PDD260206P00126000,126.0,4.75,21.9,25.35,,0.0,1.245609240722656,True,PUT,2026-02-06,PDD
PDD260206P00130000,130.0,9.65,26.0,29.55,25.0,0.0,0.6679720703125002,True,PUT,2026-02-06,PDD
PDD260206P00132000,132.0,25.07,27.95,31.25,1.0,0.0,1.3930694409179685,True,PUT,2026-02-06,PDD
PDD260213C00080000,80.0,24.8,21.4,24.1,16.0,16.0,0.8007832421875,True,CALL,2026-02-13,PDD
PDD260213C00097000,97.0,11.32,6.1,7.6,,1.0,0.5388229711914063,True,CALL,2026-02-13,PDD
PDD260213C00098000,98.0,10.45,5.3,5.85,,1.0,0.39258419921875,True,CALL,2026-02-13,PDD
PDD260213C00099000,99.0,10.0,4.7,5.1,,1.0,0.3811097045898437,True,CALL,2026-02-13,PDD
PDD260213C00100000,100.0,6.57,4.1,4.5,7.0,10.0,0.38355108642578123,True,CALL,2026-02-13,PDD
PDD260213C00101000,101.0,5.0,3.5,3.9,4.0,6.0,0.379889013671875,True,CALL,2026-02-13,PDD
PDD260213C00102000,102.0,3.35,2.88,3.3,2.0,11.0,0.37085590087890624,True,CALL,2026-02-13,PDD
PDD260213C00103000,103.0,2.9,2.47,2.84,13.0,16.0,0.3723207299804688,False,CALL,2026-02-13,PDD
PDD260213C00104000,104.0,3.1,2.11,2.46,34.0,69.0,0.3776917700195312,False,CALL,2026-02-13,PDD
PDD260213C00105000,105.0,1.91,1.72,2.11,18.0,265.0,0.38086556640624997,False,CALL,2026-02-13,PDD
PDD260213C00106000,106.0,1.69,1.38,1.61,2.0,298.0,0.35962554443359374,False,CALL,2026-02-13,PDD
PDD260213C00107000,107.0,1.4,1.12,1.4,1.0,68.0,0.36963520996093746,False,CALL,2026-02-13,PDD
PDD260213C00108000,108.0,1.05,0.97,1.24,3.0,76.0,0.38233039550781245,False,CALL,2026-02-13,PDD
PDD260213C00109000,109.0,0.98,0.84,1.08,8.0,219.0,0.39111937011718745,False,CALL,2026-02-13,PDD
PDD260213C00110000,110.0,0.77,0.7,0.9,91.0,639.0,0.3930724755859375,False,CALL,2026-02-13,PDD
PDD260213C00111000,111.0,0.74,0.56,0.77,2.0,227.0,0.3991759301757813,False,CALL,2026-02-13,PDD
PDD260213C00112000,112.0,0.53,0.47,0.62,1.0,719.0,0.397466962890625,False,CALL,2026-02-13,PDD
PDD260213C00113000,113.0,0.77,0.16,0.9,1.0,55.0,0.4777884252929688,False,CALL,2026-02-13,PDD
PDD260213C00114000,114.0,0.61,0.19,0.85,2.0,58.0,0.495122236328125,False,CALL,2026-02-13,PDD
PDD260213C00115000,115.0,0.31,0.27,0.42,17.0,431.0,0.4243221630859375,False,CALL,2026-02-13,PDD
PDD260213C00116000,116.0,0.32,0.07,0.54,1.0,49.0,0.477544287109375,False,CALL,2026-02-13,PDD
PDD260213C00117000,117.0,0.6,0.01,0.75,1.0,9.0,0.5493209130859377,False,CALL,2026-02-13,PDD
PDD260213C00118000,118.0,0.44,0.05,0.35,2.0,204.0,0.46973186523437505,False,CALL,2026-02-13,PDD
PDD260213C00119000,119.0,0.01,0.02,0.58,1.0,34.0,0.5556685058593751,False,CALL,2026-02-13,PDD
PDD260213C00120000,120.0,0.15,0.15,0.26,5.0,213.0,0.47852083984375,False,CALL,2026-02-13,PDD
PDD260213C00121000,121.0,0.43,0.0,0.75,2.0,23.0,0.5390671093750001,False,CALL,2026-02-13,PDD
PDD260213C00122000,122.0,0.56,0.0,0.75,3.0,14.0,0.5585981640625001,False,CALL,2026-02-13,PDD
PDD260213C00123000,123.0,0.2,0.0,0.75,42.0,44.0,0.57812921875,False,CALL,2026-02-13,PDD
PDD260213C00124000,124.0,0.19,0.05,0.7,2.0,52.0,0.5971719970703125,False,CALL,2026-02-13,PDD
PDD260213C00125000,125.0,0.1,0.06,0.15,1.0,86.0,0.51562984375,False,CALL,2026-02-13,PDD
PDD260213C00126000,126.0,0.17,0.0,0.75,6.0,16.0,0.6347692773437501,False,CALL,2026-02-13,PDD
PDD260213C00127000,127.0,0.12,0.0,0.75,1.0,2.0,0.6528355029296876,False,CALL,2026-02-13,PDD
PDD260213C00128000,128.0,0.45,0.0,0.75,1.0,9.0,0.6709017285156251,False,CALL,2026-02-13,PDD
PDD260213C00130000,130.0,0.06,0.02,0.06,41.0,266.0,0.5195360546875,False,CALL,2026-02-13,PDD
PDD260213P00092000,92.0,0.44,0.3,0.53,8.0,12.0,0.4335994140625,False,PUT,2026-02-13,PDD
PDD260213P00093000,93.0,0.52,0.39,0.65,3.0,2.0,0.42847251220703125,False,PUT,2026-02-13,PDD
PDD260213P00094000,94.0,0.73,0.6,0.86,1.0,43.0,0.43604079589843747,False,PUT,2026-02-13,PDD
PDD260213P00095000,95.0,0.78,0.73,0.86,10.0,271.0,0.40039662109375,False,PUT,2026-02-13,PDD
PDD260213P00097000,97.0,1.2,0.99,1.26,4.0,6.0,0.38892212646484375,False,PUT,2026-02-13,PDD
PDD260213P00098000,98.0,1.3,1.27,1.53,4.0,20.0,0.3857483300781249,False,PUT,2026-02-13,PDD
PDD260213P00099000,99.0,1.6,1.41,1.86,1.0,114.0,0.3850159155273437,False,PUT,2026-02-13,PDD
PDD260213P00100000,100.0,2.1,1.86,2.17,25.0,297.0,0.37622694091796877,False,PUT,2026-02-13,PDD
PDD260213P00101000,101.0,2.35,2.19,2.62,2.0,313.0,0.3789124609375,False,PUT,2026-02-13,PDD
PDD260213P00102000,102.0,2.95,2.58,3.05,45.0,63.0,0.37329728271484375,False,PUT,2026-02-13,PDD
PDD260213P00103000,103.0,2.59,3.15,3.6,84.0,95.0,0.375982802734375,True,PUT,2026-02-13,PDD
PDD260213P00104000,104.0,4.0,3.85,4.25,1.0,32.0,0.38477177734374995,True,PUT,2026-02-13,PDD
PDD260213P00105000,105.0,4.46,4.4,4.8,2.0,1438.0,0.37622694091796877,True,PUT,2026-02-13,PDD
PDD260213P00106000,106.0,4.18,5.15,5.6,3.0,192.0,0.39282833740234374,True,PUT,2026-02-13,PDD
PDD260213P00107000,107.0,5.9,5.8,6.3,52.0,1273.0,0.39258419921875,True,PUT,2026-02-13,PDD
PDD260213P00108000,108.0,6.58,6.3,7.35,1.0,95.0,0.43530838134765626,True,PUT,2026-02-13,PDD
PDD260213P00109000,109.0,7.1,6.85,8.4,1.0,25.0,0.4770560107421875,True,PUT,2026-02-13,PDD
PDD260213P00110000,110.0,8.3,8.25,8.95,1.0,133.0,0.44434149414062496,True,PUT,2026-02-13,PDD
PDD260213P00111000,111.0,9.25,9.25,9.5,2.0,126.0,0.39942006835937505,True,PUT,2026-02-13,PDD
PDD260213P00112000,112.0,6.24,8.95,10.9,3.0,100.0,0.49658706542968756,True,PUT,2026-02-13,PDD
PDD260213P00113000,113.0,7.8,9.65,11.85,2.0,26.0,0.516606396484375,True,PUT,2026-02-13,PDD
PDD260213P00114000,114.0,7.98,10.4,12.8,1.0,20.0,0.5356491748046875,True,PUT,2026-02-13,PDD
PDD260213P00115000,115.0,12.65,12.8,13.5,42.0,369.0,0.5048877636718749,True,PUT,2026-02-13,PDD
PDD260213P00116000,116.0,10.75,12.3,14.7,11.0,511.0,0.5698285205078125,True,PUT,2026-02-13,PDD
PDD260213P00117000,117.0,3.3,13.5,15.85,4.0,30.0,0.6235389208984375,True,PUT,2026-02-13,PDD
PDD260213P00118000,118.0,9.0,14.25,16.95,1.0,8.0,0.6674837939453127,True,PUT,2026-02-13,PDD
PDD260213P00119000,119.0,3.5,15.25,17.6,9.0,363.0,0.6225623681640625,True,PUT,2026-02-13,PDD
PDD260213P00120000,120.0,16.9,16.25,18.85,80.0,152.0,0.6977569287109376,True,PUT,2026-02-13,PDD
PDD260213P00121000,121.0,5.55,17.25,19.85,21.0,33.0,0.7211941943359376,True,PUT,2026-02-13,PDD
PDD260213P00122000,122.0,14.74,18.2,20.7,1.0,8.0,0.7133817724609376,True,PUT,2026-02-13,PDD
PDD260213P00123000,123.0,4.13,19.2,21.75,8.0,3.0,0.7465845654296875,True,PUT,2026-02-13,PDD
PDD260213P00124000,124.0,5.11,20.2,22.7,,7.0,0.7578149218750001,True,PUT,2026-02-13,PDD
PDD260213P00125000,125.0,18.05,22.65,23.5,6.0,97.0,0.6054726953125001,True,PUT,2026-02-13,PDD
PDD260213P00126000,126.0,20.2,22.2,24.7,1.0,3.0,0.8007832421875,True,PUT,2026-02-13,PDD
PDD260213P00127000,127.0,7.72,23.2,25.85,,0.0,0.8554701953125,True,PUT,2026-02-13,PDD
PDD260213P00128000,128.0,8.47,23.9,28.0,2.0,0.0,0.6044961425781252,True,PUT,2026-02-13,PDD
PDD260213P00130000,130.0,27.4,27.15,28.7,1.0,0.0,0.624027197265625,True,PUT,2026-02-13,PDD
PDD260213P00132000,132.0,25.3,27.95,32.0,1.0,0.0,0.6826203613281252,True,PUT,2026-02-13,PDD
PDD260220C00075000,75.0,56.95,39.05,41.55,3.0,19.0,2.812991248779297,True,CALL,2026-02-20,PDD
PDD260220C00080000,80.0,28.0,21.55,24.25,1.0,21.0,0.7128934960937501,True,CALL,2026-02-20,PDD
PDD260220C00085000,85.0,23.65,16.95,19.35,1.0,27.0,0.6303747900390625,True,CALL,2026-02-20,PDD
PDD260220C00090000,90.0,17.6,12.35,14.65,40.0,122.0,0.543949873046875,True,CALL,2026-02-20,PDD
PDD260220C00095000,95.0,10.99,7.8,8.9,2.0,45.0,0.43848217773437503,True,CALL,2026-02-20,PDD
PDD260220C00100000,100.0,5.15,4.65,5.1,2.0,550.0,0.3811097045898437,True,CALL,2026-02-20,PDD
PDD260220C00101000,101.0,7.4,4.2,4.4,,7.0,0.3667055517578125,True,CALL,2026-02-20,PDD
PDD260220C00102000,102.0,6.7,3.65,3.95,,23.0,0.37293107543945314,True,CALL,2026-02-20,PDD
PDD260220C00103000,103.0,3.5,3.2,3.35,28.0,131.0,0.36035795898437495,False,CALL,2026-02-20,PDD
PDD260220C00104000,104.0,2.76,2.77,2.91,7.0,86.0,0.35938140625,False,CALL,2026-02-20,PDD
PDD260220C00105000,105.0,2.4,2.38,2.55,122.0,6007.0,0.362311064453125,False,CALL,2026-02-20,PDD
PDD260220C00106000,106.0,2.0,2.07,2.22,5.0,88.0,0.36426416992187505,False,CALL,2026-02-20,PDD
PDD260220C00107000,107.0,1.89,1.76,1.88,25.0,220.0,0.36133451171875,False,CALL,2026-02-20,PDD
PDD260220C00108000,108.0,1.56,1.51,1.63,56.0,1250.0,0.36426416992187505,False,CALL,2026-02-20,PDD
PDD260220C00109000,109.0,1.37,1.29,1.44,3.0,455.0,0.37085590087890624,False,CALL,2026-02-20,PDD
PDD260220C00110000,110.0,1.13,1.1,1.2,950.0,9924.0,0.3679262426757813,False,CALL,2026-02-20,PDD
PDD260220C00111000,111.0,1.06,0.88,1.15,97.0,713.0,0.38672488281249995,False,CALL,2026-02-20,PDD
PDD260220C00112000,112.0,0.89,0.77,1.0,1.0,260.0,0.39014281738281253,False,CALL,2026-02-20,PDD
PDD260220C00113000,113.0,0.75,0.65,0.86,4.0,59.0,0.39234006103515623,False,CALL,2026-02-20,PDD
PDD260220C00114000,114.0,0.73,0.55,0.85,2.0,161.0,0.4128476684570312,False,CALL,2026-02-20,PDD
PDD260220C00115000,115.0,0.56,0.5,0.55,156.0,12781.0,0.38086556640624997,False,CALL,2026-02-20,PDD
PDD260220C00116000,116.0,0.52,0.2,0.84,2.0,217.0,0.45361874511718747,False,CALL,2026-02-20,PDD
PDD260220C00117000,117.0,0.45,0.14,0.77,2.0,37.0,0.46191944335937507,False,CALL,2026-02-20,PDD
PDD260220C00118000,118.0,0.39,0.18,0.45,703.0,154.0,0.4162656030273437,False,CALL,2026-02-20,PDD
PDD260220C00120000,120.0,0.28,0.27,0.32,1233.0,20626.0,0.41748629394531245,False,CALL,2026-02-20,PDD
PDD260220C00125000,125.0,0.15,0.15,0.18,67.0,13002.0,0.44434149414062496,False,CALL,2026-02-20,PDD
PDD260220C00130000,130.0,0.1,0.1,0.11,138.0,5678.0,0.4726615234375,False,CALL,2026-02-20,PDD
PDD260220P00075000,75.0,0.1,0.0,0.35,18.0,34.0,0.6621127539062501,False,PUT,2026-02-20,PDD
PDD260220P00080000,80.0,0.15,0.13,0.28,35.0,970.0,0.5585981640625001,False,PUT,2026-02-20,PDD
PDD260220P00085000,85.0,0.24,0.15,0.3,3.0,283.0,0.47852083984375,False,PUT,2026-02-20,PDD
PDD260220P00090000,90.0,0.53,0.49,0.55,22.0,1808.0,0.4194393994140625,False,PUT,2026-02-20,PDD
PDD260220P00094000,94.0,0.56,0.85,1.05,130.0,180.0,0.39258419921875,False,PUT,2026-02-20,PDD
PDD260220P00095000,95.0,1.15,1.1,1.2,157.0,6778.0,0.3820862573242187,False,PUT,2026-02-20,PDD
PDD260220P00097000,97.0,1.66,1.54,1.64,12.0,132.0,0.37036762451171873,False,PUT,2026-02-20,PDD
PDD260220P00098000,98.0,1.51,1.79,1.93,4.0,13.0,0.36694968994140625,False,PUT,2026-02-20,PDD
PDD260220P00099000,99.0,2.05,2.1,2.28,59.0,272.0,0.36597313720703123,False,PUT,2026-02-20,PDD
PDD260220P00100000,100.0,2.55,2.49,2.56,1726.0,21322.0,0.3537662280273437,False,PUT,2026-02-20,PDD
PDD260220P00101000,101.0,2.95,2.85,3.0,25.0,1903.0,0.3537662280273437,False,PUT,2026-02-20,PDD
PDD260220P00102000,102.0,3.38,3.3,3.55,17.0,576.0,0.36035795898437495,False,PUT,2026-02-20,PDD
PDD260220P00103000,103.0,4.0,3.85,4.05,5.0,146.0,0.3575503698730469,True,PUT,2026-02-20,PDD
PDD260220P00104000,104.0,4.51,4.35,4.65,11.0,522.0,0.36035795898437495,True,PUT,2026-02-20,PDD
PDD260220P00105000,105.0,5.2,5.0,5.2,79.0,11083.0,0.35425450439453116,True,PUT,2026-02-20,PDD
PDD260220P00106000,106.0,5.4,5.35,6.0,36.0,155.0,0.3695131408691406,True,PUT,2026-02-20,PDD
PDD260220P00107000,107.0,6.5,5.65,6.9,5.0,77.0,0.39234006103515623,True,PUT,2026-02-20,PDD
PDD260220P00108000,108.0,7.0,6.8,7.5,5.0,87.0,0.38013315185546875,True,PUT,2026-02-20,PDD
PDD260220P00109000,109.0,7.18,7.75,8.3,12.0,25.0,0.38623660644531244,True,PUT,2026-02-20,PDD
PDD260220P00110000,110.0,8.96,8.7,8.95,26.0,20018.0,0.3706117626953125,True,PUT,2026-02-20,PDD
PDD260220P00111000,111.0,6.25,9.1,10.25,3.0,11.0,0.43457596679687505,True,PUT,2026-02-20,PDD
PDD260220P00113000,113.0,7.8,10.85,12.15,1.0,1.0,0.4721732470703125,True,PUT,2026-02-20,PDD
PDD260220P00115000,115.0,13.08,13.15,13.45,24.0,11951.0,0.41260353027343744,True,PUT,2026-02-20,PDD
PDD260220P00120000,120.0,17.65,17.6,18.3,10.0,5307.0,0.47949739257812496,True,PUT,2026-02-20,PDD
PDD260220P00125000,125.0,23.0,22.6,23.3,5.0,2290.0,0.5659223095703125,True,PUT,2026-02-20,PDD
PDD260220P00130000,130.0,28.05,27.3,28.4,7.0,2535.0,0.6704134521484376,True,PUT,2026-02-20,PDD
PDD260227C00090000,90.0,13.75,12.55,14.85,1.0,5.0,0.5039112109375,True,CALL,2026-02-27,PDD
PDD260227C00100000,100.0,5.6,5.2,5.6,31.0,103.0,0.37805797729492185,True,CALL,2026-02-27,PDD
PDD260227C00103000,103.0,4.5,3.7,4.05,2.0,6.0,0.3754945263671875,False,CALL,2026-02-27,PDD
PDD260227C00104000,104.0,3.75,3.2,3.75,9.0,61.0,0.3869690209960937,False,CALL,2026-02-27,PDD
PDD260227C00105000,105.0,3.15,2.81,3.3,103.0,294.0,0.38281867187499996,False,CALL,2026-02-27,PDD
PDD260227C00106000,106.0,4.05,2.5,3.0,13.0,47.0,0.3888000573730469,False,CALL,2026-02-27,PDD
PDD260227C00107000,107.0,2.4,2.16,2.64,70.0,63.0,0.38672488281249995,False,CALL,2026-02-27,PDD
PDD260227C00108000,108.0,2.1,1.94,2.25,4.0,32.0,0.3789124609375,False,CALL,2026-02-27,PDD
PDD260227C00109000,109.0,1.83,1.58,2.03,4.0,259.0,0.3842835009765625,False,CALL,2026-02-27,PDD
PDD260227C00110000,110.0,1.7,1.4,1.78,28.0,278.0,0.3842835009765625,False,CALL,2026-02-27,PDD
PDD260227C00111000,111.0,1.8,1.17,1.7,100.0,216.0,0.3996642065429688,False,CALL,2026-02-27,PDD
PDD260227C00112000,112.0,1.9,1.06,1.6,1.0,22.0,0.4118711157226562,False,CALL,2026-02-27,PDD
PDD260227C00113000,113.0,1.29,1.0,1.4,8.0,84.0,0.4110166320800781,False,CALL,2026-02-27,PDD
PDD260227C00114000,114.0,1.49,0.84,1.04,1.0,51.0,0.38721315917968746,False,CALL,2026-02-27,PDD
PDD260227C00115000,115.0,0.98,0.77,0.95,3.0,359.0,0.39453730468750003,False,CALL,2026-02-27,PDD
PDD260227C00116000,116.0,0.75,0.62,0.9,17.0,6.0,0.40601179931640624,False,CALL,2026-02-27,PDD
PDD260227C00117000,117.0,0.74,0.61,0.8,32.0,9.0,0.40918559570312496,False,CALL,2026-02-27,PDD
PDD260227C00118000,118.0,0.65,0.52,0.78,15.0,33.0,0.4233456103515625,False,CALL,2026-02-27,PDD
PDD260227C00119000,119.0,0.54,0.18,0.89,3.0,21.0,0.4577690942382813,False,CALL,2026-02-27,PDD
PDD260227C00120000,120.0,0.45,0.4,0.6,2.0,398.0,0.42529871582031253,False,CALL,2026-02-27,PDD
PDD260227C00121000,121.0,0.43,0.08,0.75,5.0,56.0,0.4682670361328125,False,CALL,2026-02-27,PDD
PDD260227C00122000,122.0,0.81,0.03,0.78,15.0,21.0,0.48950705810546885,False,CALL,2026-02-27,PDD
PDD260227C00123000,123.0,0.35,0.0,0.74,1.0,12.0,0.49805189453125004,False,CALL,2026-02-27,PDD
PDD260227C00124000,124.0,0.41,0.08,0.75,1.0,8.0,0.5153857055664062,False,CALL,2026-02-27,PDD
PDD260227C00125000,125.0,0.34,0.2,0.39,4.0,15.0,0.45361874511718747,False,CALL,2026-02-27,PDD
PDD260227C00126000,126.0,0.42,0.0,0.46,45.0,12.0,0.4848684326171875,False,CALL,2026-02-27,PDD
PDD260227C00127000,127.0,0.58,0.0,0.75,2.0,20.0,0.5603071313476562,False,CALL,2026-02-27,PDD
PDD260227C00128000,128.0,0.31,0.02,0.75,1.0,30.0,0.5747112841796875,False,CALL,2026-02-27,PDD
PDD260227C00129000,129.0,1.98,0.0,0.77,,27.0,0.50586431640625,False,CALL,2026-02-27,PDD
PDD260227C00130000,130.0,1.26,0.0,0.75,1.0,22.0,0.51562984375,False,CALL,2026-02-27,PDD
PDD260227P00075000,75.0,0.15,0.0,0.65,,22.0,0.65039412109375,False,PUT,2026-02-27,PDD
PDD260227P00080000,80.0,0.12,0.0,0.87,,10.0,0.5717816259765626,False,PUT,2026-02-27,PDD
PDD260227P00085000,85.0,0.35,0.0,0.75,,1.0,0.5268602001953125,False,PUT,2026-02-27,PDD
PDD260227P00090000,90.0,0.68,0.51,0.9,2.0,132.0,0.4272518212890626,False,PUT,2026-02-27,PDD
PDD260227P00094000,94.0,1.17,0.8,1.48,1.0,43.0,0.39624627197265627,False,PUT,2026-02-27,PDD
PDD260227P00095000,95.0,1.34,1.26,1.5,2.0,110.0,0.36939107177734376,False,PUT,2026-02-27,PDD
PDD260227P00096000,96.0,1.27,1.18,1.83,1.0,68.0,0.37500625,False,PUT,2026-02-27,PDD
PDD260227P00097000,97.0,2.0,1.74,2.08,3.0,4.0,0.3687807263183594,False,PUT,2026-02-27,PDD
PDD260227P00098000,98.0,2.06,1.83,2.49,1.0,5.0,0.37500625,False,PUT,2026-02-27,PDD
PDD260227P00099000,99.0,2.47,2.37,2.79,5.0,11.0,0.3673158972167969,False,PUT,2026-02-27,PDD
PDD260227P00100000,100.0,3.05,2.89,3.2,63.0,322.0,0.3667055517578125,False,PUT,2026-02-27,PDD
PDD260227P00101000,101.0,3.39,3.0,3.6,13.0,6.0,0.3618227880859375,False,PUT,2026-02-27,PDD
PDD260227P00102000,102.0,3.94,3.7,4.1,24.0,137.0,0.36255520263671875,False,PUT,2026-02-27,PDD
PDD260227P00103000,103.0,4.04,4.15,4.65,2.0,50.0,0.36438623901367195,True,PUT,2026-02-27,PDD
PDD260227P00104000,104.0,4.9,4.9,5.15,1.0,40.0,0.35864899169921877,True,PUT,2026-02-27,PDD
PDD260227P00105000,105.0,5.66,5.35,6.05,20.0,517.0,0.3845276391601562,True,PUT,2026-02-27,PDD
PDD260227P00106000,106.0,3.75,6.0,6.55,6.0,14.0,0.37280900634765624,True,PUT,2026-02-27,PDD
PDD260227P00107000,107.0,6.35,6.75,7.4,3.0,261.0,0.3895324719238281,True,PUT,2026-02-27,PDD
PDD260227P00108000,108.0,7.55,7.45,8.3,4.0,169.0,0.4089414575195312,True,PUT,2026-02-27,PDD
PDD260227P00109000,109.0,7.95,8.05,8.75,1.0,12.0,0.3833069482421875,True,PUT,2026-02-27,PDD
PDD260227P00110000,110.0,8.9,8.6,9.55,1.0,171.0,0.38843385009765624,True,PUT,2026-02-27,PDD
PDD260227P00111000,111.0,9.35,8.95,10.55,1.0,9.0,0.4124814611816406,True,PUT,2026-02-27,PDD
PDD260227P00112000,112.0,10.58,10.15,11.2,4.0,35.0,0.397466962890625,True,PUT,2026-02-27,PDD
PDD260227P00113000,113.0,8.1,10.75,12.5,31.0,141.0,0.45288633056640626,True,PUT,2026-02-27,PDD
PDD260227P00115000,115.0,9.36,12.2,14.1,2.0,24.0,0.4489801196289062,True,PUT,2026-02-27,PDD
PDD260227P00116000,116.0,11.7,12.75,15.15,5.0,19.0,0.47510290527343746,True,PUT,2026-02-27,PDD
PDD260227P00117000,117.0,10.77,13.6,16.2,,2.0,0.5009815527343751,True,PUT,2026-02-27,PDD
PDD260227P00118000,118.0,9.16,14.7,17.15,17.0,50.0,0.5136767382812499,True,PUT,2026-02-27,PDD
PDD260227P00119000,119.0,9.24,15.45,17.85,2.0,1.0,0.4919484399414063,True,PUT,2026-02-27,PDD
PDD260227P00120000,120.0,10.55,16.45,19.2,5.0,4.0,0.5573774731445313,True,PUT,2026-02-27,PDD
PDD260227P00121000,121.0,14.65,17.7,20.15,5.0,21.0,0.5688519677734375,True,PUT,2026-02-27,PDD
PDD260227P00122000,122.0,11.52,18.3,20.7,4.0,3.0,0.5210008837890624,True,PUT,2026-02-27,PDD
PDD260227P00123000,123.0,7.46,19.3,21.85,,1.0,0.56055126953125,True,PUT,2026-02-27,PDD
PDD260227P00125000,125.0,18.5,21.25,23.7,9.0,20.0,0.569340244140625,True,PUT,2026-02-27,PDD
PDD260227P00126000,126.0,19.91,23.7,24.35,11.0,185.0,0.5202684692382812,True,PUT,2026-02-27,PDD
PDD260227P00130000,130.0,25.66,26.05,29.65,5.0,94.0,0.7883321948242188,True,PUT,2026-02-27,PDD
PDD260306C00107000,107.0,3.9,2.63,3.45,1.0,23.0,0.41370215209960937,False,CALL,2026-03-06,PDD
PDD260306C00108000,108.0,2.6,2.44,2.94,7.0,16.0,0.39880972290039063,False,CALL,2026-03-06,PDD
PDD260306C00109000,109.0,2.4,2.14,2.73,10.0,5.0,0.4062559375,False,CALL,2026-03-06,PDD
PDD260306C00110000,110.0,2.0,1.86,2.2,125.0,61.0,0.38403936279296874,False,CALL,2026-03-06,PDD
PDD260306C00115000,115.0,1.14,0.96,1.57,2.0,4.0,0.42578699218750005,False,CALL,2026-03-06,PDD
PDD260306C00117000,117.0,1.0,0.75,1.12,17.0,331.0,0.40991801025390623,False,CALL,2026-03-06,PDD
PDD260306P00094000,94.0,0.88,1.47,1.79,29.0,27.0,0.38892212646484375,False,PUT,2026-03-06,PDD
PDD260306P00100000,100.0,3.5,3.2,3.65,4.0,24.0,0.36597313720703123,False,PUT,2026-03-06,PDD
PDD260306P00102000,102.0,4.43,4.1,4.8,21.0,9.0,0.3806214282226562,False,PUT,2026-03-06,PDD
PDD260320C00075000,75.0,31.97,27.35,29.75,2.0,101.0,0.6938507177734375,True,CALL,2026-03-20,PDD
PDD260320C00080000,80.0,23.8,22.45,23.8,10.0,287.0,0.5185595019531251,True,CALL,2026-03-20,PDD
PDD260320C00085000,85.0,21.2,18.05,20.35,2.0,130.0,0.5510298803710938,True,CALL,2026-03-20,PDD
PDD260320C00090000,90.0,18.6,13.9,16.1,1.0,122.0,0.5090381127929688,True,CALL,2026-03-20,PDD
PDD260320C00095000,95.0,11.86,10.3,10.85,76.0,479.0,0.4484918432617187,True,CALL,2026-03-20,PDD
PDD260320C00100000,100.0,7.58,7.1,8.1,9.0,975.0,0.4583794396972657,True,CALL,2026-03-20,PDD
PDD260320C00105000,105.0,4.85,4.65,5.0,1720.0,4603.0,0.4061338684082031,False,CALL,2026-03-20,PDD
PDD260320C00110000,110.0,3.15,3.1,3.3,422.0,5500.0,0.4074766284179688,False,CALL,2026-03-20,PDD
PDD260320C00115000,115.0,2.09,1.99,2.17,1051.0,4634.0,0.4141904284667969,False,CALL,2026-03-20,PDD
PDD260320C00120000,120.0,1.33,1.33,1.48,978.0,19622.0,0.42847251220703125,False,CALL,2026-03-20,PDD
PDD260320C00125000,125.0,0.97,0.92,1.14,261.0,16092.0,0.4572808178710938,False,CALL,2026-03-20,PDD
PDD260320C00130000,130.0,0.69,0.68,0.8,153.0,14287.0,0.47022014160156256,False,CALL,2026-03-20,PDD
PDD260320P00075000,75.0,0.22,0.18,0.74,3.0,233.0,0.5361374511718751,False,PUT,2026-03-20,PDD
PDD260320P00080000,80.0,0.66,0.58,0.75,121.0,9468.0,0.5009815527343751,False,PUT,2026-03-20,PDD
PDD260320P00085000,85.0,1.05,0.91,1.1,3.0,3487.0,0.45337460693359377,False,PUT,2026-03-20,PDD
PDD260320P00090000,90.0,1.71,1.58,1.84,533.0,8928.0,0.4274959594726563,False,PUT,2026-03-20,PDD
PDD260320P00095000,95.0,2.89,2.62,3.0,1042.0,9975.0,0.40454697021484376,False,PUT,2026-03-20,PDD
PDD260320P00100000,100.0,4.6,4.5,4.7,50.0,21269.0,0.3825745336914062,False,PUT,2026-03-20,PDD
PDD260320P00105000,105.0,7.05,6.65,7.45,63.0,9912.0,0.387701435546875,True,PUT,2026-03-20,PDD
PDD260320P00110000,110.0,10.47,10.05,10.75,18.0,19368.0,0.38757936645507807,True,PUT,2026-03-20,PDD
PDD260320P00115000,115.0,14.21,14.05,14.65,22.0,18959.0,0.39331661376953125,True,PUT,2026-03-20,PDD
PDD260320P00120000,120.0,18.72,18.5,19.2,21.0,27942.0,0.4274959594726563,True,PUT,2026-03-20,PDD
PDD260320P00125000,125.0,22.95,22.45,23.95,12.0,15300.0,0.46680220703125,True,PUT,2026-03-20,PDD
PDD260320P00130000,130.0,25.9,26.35,28.8,111.0,4199.0,0.507817421875,True,PUT,2026-03-20,PDD
PDD260417C00075000,75.0,63.69,44.45,46.25,6.0,26.0,1.8809820404052733,True,CALL,2026-04-17,PDD
PDD260417C00080000,80.0,28.9,23.35,25.65,115.0,127.0,0.5649457568359376,True,CALL,2026-04-17,PDD
PDD260417C00085000,85.0,22.8,19.05,20.45,2.0,20.0,0.5435836657714845,True,CALL,2026-04-17,PDD
PDD260417C00090000,90.0,15.9,15.15,16.8,2.0,87.0,0.5300339965820313,True,CALL,2026-04-17,PDD
PDD260417C00095000,95.0,13.3,11.7,13.15,2.0,130.0,0.4958546508789063,True,CALL,2026-04-17,PDD
PDD260417C00100000,100.0,9.15,8.85,9.25,18.0,5449.0,0.43030354858398445,True,CALL,2026-04-17,PDD
PDD260417C00105000,105.0,6.8,6.45,6.85,28.0,581.0,0.4239559558105469,False,CALL,2026-04-17,PDD
PDD260417C00110000,110.0,4.8,4.65,4.9,6.0,1624.0,0.41663181030273433,False,CALL,2026-04-17,PDD
PDD260417C00115000,115.0,3.5,3.35,3.65,7.0,4733.0,0.42517664672851563,False,CALL,2026-04-17,PDD
PDD260417C00120000,120.0,2.53,2.36,2.65,87.0,4213.0,0.4293269958496094,False,CALL,2026-04-17,PDD
PDD260417C00125000,125.0,1.85,1.68,2.01,23.0,2989.0,0.44116769775390624,False,CALL,2026-04-17,PDD
PDD260417C00130000,130.0,1.3,1.24,1.53,7.0,1979.0,0.45215391601562505,False,CALL,2026-04-17,PDD
PDD260417P00075000,75.0,0.6,0.41,0.84,1.0,95.0,0.49707534179687507,False,PUT,2026-04-17,PDD
PDD260417P00080000,80.0,1.0,0.85,1.37,10.0,665.0,0.47876497802734375,False,PUT,2026-04-17,PDD
PDD260417P00085000,85.0,1.7,1.57,1.8,51.0,210.0,0.43140217041015627,False,PUT,2026-04-17,PDD
PDD260417P00090000,90.0,2.69,2.58,2.78,178.0,1532.0,0.41260353027343744,False,PUT,2026-04-17,PDD
PDD260417P00095000,95.0,4.15,4.0,4.25,30.0,3053.0,0.40051869018554687,False,PUT,2026-04-17,PDD
PDD260417P00100000,100.0,6.12,6.0,6.2,99.0,3547.0,0.38837281555175784,False,PUT,2026-04-17,PDD
PDD260417P00105000,105.0,8.58,8.35,8.8,25.0,2119.0,0.38294074096679687,True,PUT,2026-04-17,PDD
PDD260417P00110000,110.0,11.8,11.35,12.1,14.0,3660.0,0.38757936645507807,True,PUT,2026-04-17,PDD
PDD260417P00115000,115.0,15.28,15.4,15.7,13.0,2545.0,0.38403936279296874,True,PUT,2026-04-17,PDD
PDD260417P00120000,120.0,19.35,19.15,19.8,21.0,1598.0,0.3891662646484375,True,PUT,2026-04-17,PDD
PDD260417P00125000,125.0,23.43,23.05,24.35,4.0,621.0,0.4101621484375,True,PUT,2026-04-17,PDD
PDD260417P00130000,130.0,28.65,28.3,28.8,45.0,18424.0,0.40796490478515623,True,PUT,2026-04-17,PDD
PDD260515C00075000,75.0,41.3,28.4,30.85,2.0,6.0,0.5822795678710937,True,CALL,2026-05-15,PDD
PDD260515C00080000,80.0,29.0,23.95,26.2,1.0,69.0,0.5296677893066408,True,CALL,2026-05-15,PDD
PDD260515C00085000,85.0,22.98,20.05,21.3,5.0,20.0,0.5211229528808592,True,CALL,2026-05-15,PDD
PDD260515C00090000,90.0,21.4,16.4,17.4,1.0,102.0,0.488408436279297,True,CALL,2026-05-15,PDD
PDD260515C00095000,95.0,14.55,12.75,14.0,10.0,120.0,0.4681449670410156,True,CALL,2026-05-15,PDD
PDD260515C00100000,100.0,11.05,10.0,11.3,6.0,73.0,0.4646049633789063,True,CALL,2026-05-15,PDD
PDD260515C00105000,105.0,7.9,7.7,8.45,7.0,219.0,0.43677321044921874,False,CALL,2026-05-15,PDD
PDD260515C00110000,110.0,6.15,5.85,6.2,7.0,839.0,0.4185849157714844,False,CALL,2026-05-15,PDD
PDD260515C00115000,115.0,4.75,4.4,4.7,19.0,675.0,0.41785250122070305,False,CALL,2026-05-15,PDD
PDD260515C00120000,120.0,3.45,3.3,3.65,24.0,500.0,0.42438319763183596,False,CALL,2026-05-15,PDD
PDD260515C00125000,125.0,2.65,2.46,2.92,42.0,1515.0,0.43579665771484377,False,CALL,2026-05-15,PDD
PDD260515C00130000,130.0,1.99,1.91,2.13,148.0,3840.0,0.43201251586914063,False,CALL,2026-05-15,PDD
PDD260515P00075000,75.0,0.95,0.81,1.19,1.0,187.0,0.46924358886718753,False,PUT,2026-05-15,PDD
PDD260515P00080000,80.0,1.57,1.35,1.76,5.0,178.0,0.44653873779296877,False,PUT,2026-05-15,PDD
PDD260515P00085000,85.0,2.2,2.16,2.48,62.0,1773.0,0.4200497448730469,False,PUT,2026-05-15,PDD
PDD260515P00090000,90.0,3.5,3.2,3.5,1.0,222.0,0.3971007556152344,False,PUT,2026-05-15,PDD
PDD260515P00095000,95.0,4.88,4.7,5.15,11.0,1731.0,0.389654541015625,False,PUT,2026-05-15,PDD
PDD260515P00100000,100.0,6.99,6.8,7.25,38.0,1236.0,0.38233039550781245,False,PUT,2026-05-15,PDD
PDD260515P00105000,105.0,9.6,9.5,9.8,6.0,3105.0,0.37439590454101557,True,PUT,2026-05-15,PDD
PDD260515P00110000,110.0,12.85,12.25,13.0,4.0,6648.0,0.3754945263671875,True,PUT,2026-05-15,PDD
PDD260515P00115000,115.0,16.5,16.05,16.5,6.0,1524.0,0.3715883154296875,True,PUT,2026-05-15,PDD
PDD260515P00120000,120.0,16.85,19.65,20.5,3.0,1335.0,0.375982802734375,True,PUT,2026-05-15,PDD
PDD260515P00125000,125.0,20.55,22.9,24.65,1.0,214.0,0.37329728271484375,True,PUT,2026-05-15,PDD
PDD260515P00130000,130.0,28.7,28.55,29.15,7.0,583.0,0.38013315185546875,True,PUT,2026-05-15,PDD
PDD260618C00075000,75.0,33.8,29.6,31.75,60.0,476.0,0.5819133605957032,True,CALL,2026-06-18,PDD
PDD260618C00080000,80.0,30.5,25.6,26.85,1.0,50.0,0.5327195166015625,True,CALL,2026-06-18,PDD
PDD260618C00085000,85.0,25.5,21.5,22.15,1.0,17.0,0.4991505163574219,True,CALL,2026-06-18,PDD
PDD260618C00090000,90.0,18.4,18.05,18.65,3.0,216.0,0.4842580871582032,True,CALL,2026-06-18,PDD
PDD260618C00095000,95.0,17.3,14.7,16.1,1.0,750.0,0.49768568725585943,True,CALL,2026-06-18,PDD
PDD260618C00100000,100.0,12.3,12.05,12.55,5.0,517.0,0.4552056433105469,True,CALL,2026-06-18,PDD
PDD260618C00105000,105.0,9.9,9.6,10.05,185.0,258.0,0.4435480450439453,False,CALL,2026-06-18,PDD
PDD260618C00110000,110.0,7.8,7.8,8.1,10.0,2910.0,0.44061838684082033,False,CALL,2026-06-18,PDD
PDD260618C00115000,115.0,6.35,6.0,6.55,11.0,1853.0,0.44147287048339845,False,CALL,2026-06-18,PDD
PDD260618C00120000,120.0,4.85,4.7,4.95,148.0,6458.0,0.42847251220703125,False,CALL,2026-06-18,PDD
PDD260618C00125000,125.0,3.9,3.75,4.05,148.0,4063.0,0.43530838134765626,False,CALL,2026-06-18,PDD
PDD260618C00130000,130.0,3.13,3.0,3.2,30.0,3710.0,0.43567458862304687,False,CALL,2026-06-18,PDD
PDD260618P00075000,75.0,1.7,1.48,1.8,2.0,15755.0,0.4633842724609375,False,PUT,2026-06-18,PDD
PDD260618P00080000,80.0,2.41,2.3,2.5,12.0,3050.0,0.4414118359375,False,PUT,2026-06-18,PDD
PDD260618P00085000,85.0,3.4,3.2,3.5,16.0,3747.0,0.4250545776367188,False,PUT,2026-06-18,PDD
PDD260618P00090000,90.0,4.75,4.4,4.85,27.0,6290.0,0.41223732299804683,False,PUT,2026-06-18,PDD
PDD260618P00095000,95.0,6.4,6.3,6.65,97.0,18434.0,0.40454697021484376,False,PUT,2026-06-18,PDD
PDD260618P00100000,100.0,8.55,8.35,8.7,75.0,14947.0,0.39160764648437496,False,PUT,2026-06-18,PDD
PDD260618P00105000,105.0,11.1,10.8,11.35,59.0,6755.0,0.3872741937255859,True,PUT,2026-06-18,PDD
PDD260618P00110000,110.0,14.2,13.6,14.35,23.0,6554.0,0.38172005004882803,True,PUT,2026-06-18,PDD
PDD260618P00115000,115.0,17.4,16.8,17.8,51.0,6237.0,0.37995004821777345,True,PUT,2026-06-18,PDD
PDD260618P00120000,120.0,21.01,20.75,21.5,2.0,4453.0,0.3754945263671875,True,PUT,2026-06-18,PDD
PDD260618P00125000,125.0,25.0,23.95,25.85,2.0,4340.0,0.39014281738281253,True,PUT,2026-06-18,PDD
PDD260618P00130000,130.0,27.8,29.2,29.85,2.0,2856.0,0.375982802734375,True,PUT,2026-06-18,PDD
PDD260717C00075000,75.0,34.4,30.2,31.85,,1.0,0.5511519494628907,True,CALL,2026-07-17,PDD
PDD260717C00080000,80.0,29.72,26.05,26.95,1.0,2.0,0.5236864038085938,True,CALL,2026-07-17,PDD
PDD260717C00085000,85.0,24.32,22.35,24.0,2.0,2.0,0.5026294854736328,True,CALL,2026-07-17,PDD
PDD260717C00090000,90.0,20.75,18.85,19.5,5.0,30.0,0.47681187255859375,True,CALL,2026-07-17,PDD
PDD260717C00095000,95.0,17.8,15.55,17.0,6.0,12.0,0.4881032635498047,True,CALL,2026-07-17,PDD
PDD260717C00100000,100.0,14.2,13.0,13.4,38.0,39.0,0.44586735778808595,True,CALL,2026-07-17,PDD
PDD260717C00105000,105.0,10.84,10.55,10.95,27.0,45.0,0.43628493408203123,False,CALL,2026-07-17,PDD
PDD260717C00110000,110.0,8.75,8.55,8.85,2.0,177.0,0.42841147766113286,False,CALL,2026-07-17,PDD
PDD260717C00115000,115.0,7.1,6.9,7.15,22.0,562.0,0.4244442321777344,False,CALL,2026-07-17,PDD
PDD260717C00120000,120.0,5.85,5.55,5.95,9.0,479.0,0.42957113403320313,False,CALL,2026-07-17,PDD
PDD260717C00125000,125.0,4.7,4.5,4.8,3.0,2313.0,0.4282283740234375,False,CALL,2026-07-17,PDD
PDD260717C00130000,130.0,3.65,3.65,3.9,70.0,1206.0,0.42914389221191407,False,CALL,2026-07-17,PDD
PDD260717P00075000,75.0,2.0,1.81,2.14,2.0,164.0,0.4470270141601562,False,PUT,2026-07-17,PDD
PDD260717P00080000,80.0,2.81,2.51,3.1,3.0,271.0,0.4376276940917969,False,PUT,2026-07-17,PDD
PDD260717P00085000,85.0,3.6,3.8,4.0,76.0,476.0,0.41211525390625,False,PUT,2026-07-17,PDD
PDD260717P00090000,90.0,5.3,5.2,5.4,3.0,513.0,0.3993590338134766,False,PUT,2026-07-17,PDD
PDD260717P00095000,95.0,7.08,6.95,7.15,3.0,585.0,0.3880066082763671,False,PUT,2026-07-17,PDD
PDD260717P00100000,100.0,9.2,9.05,9.35,154.0,1643.0,0.38049935913085936,False,PUT,2026-07-17,PDD
PDD260717P00105000,105.0,11.76,11.6,11.95,377.0,2679.0,0.3742738354492187,True,PUT,2026-07-17,PDD
PDD260717P00110000,110.0,13.95,14.6,14.9,22.0,877.0,0.3676821044921875,True,PUT,2026-07-17,PDD
PDD260717P00115000,115.0,17.8,17.95,18.3,1.0,234.0,0.36524072265625,True,PUT,2026-07-17,PDD
PDD260717P00120000,120.0,20.95,21.35,21.95,50.0,1418.0,0.36072416625976556,True,PUT,2026-07-17,PDD
PDD260717P00125000,125.0,25.35,25.4,26.2,1.0,144.0,0.3712221081542969,True,PUT,2026-07-17,PDD
PDD260717P00130000,130.0,28.5,28.4,30.4,1.0,14.0,0.3712221081542969,True,PUT,2026-07-17,PDD
PDD260821C00075000,75.0,34.9,30.75,33.1,,1.0,0.5496871203613283,True,CALL,2026-08-21,PDD
PDD260821C00085000,85.0,40.5,23.2,24.9,2.0,2.0,0.5290574438476563,True,CALL,2026-08-21,PDD
PDD260821C00090000,90.0,22.74,19.8,21.45,1.0,6.0,0.5080005255126954,True,CALL,2026-08-21,PDD
PDD260821C00095000,95.0,18.95,16.6,18.35,2.0,5.0,0.4920094744873047,True,CALL,2026-08-21,PDD
PDD260821C00100000,100.0,16.9,14.0,14.95,1.0,26.0,0.45807426696777354,True,CALL,2026-08-21,PDD
PDD260821C00105000,105.0,14.4,11.5,12.95,1.0,17.0,0.46289599609375004,False,CALL,2026-08-21,PDD
PDD260821C00110000,110.0,11.15,9.55,10.4,1.0,596.0,0.4409235595703125,False,CALL,2026-08-21,PDD
PDD260821C00115000,115.0,10.4,7.85,8.9,8.0,425.0,0.4451349432373046,False,CALL,2026-08-21,PDD
PDD260821C00120000,120.0,6.84,6.5,7.05,3.0,125.0,0.42969320312500003,False,CALL,2026-08-21,PDD
PDD260821C00125000,125.0,6.05,5.25,6.1,10.0,94.0,0.43793286682128907,False,CALL,2026-08-21,PDD
PDD260821C00130000,130.0,5.8,3.8,4.85,1.0,114.0,0.42865561584472656,False,CALL,2026-08-21,PDD
PDD260821P00075000,75.0,2.35,2.15,2.66,10.0,21.0,0.43958079956054685,False,PUT,2026-08-21,PDD
PDD260821P00080000,80.0,2.88,3.15,3.85,1310.0,1366.0,0.43677321044921874,False,PUT,2026-08-21,PDD
PDD260821P00085000,85.0,4.25,4.4,4.75,1.0,435.0,0.40845318115234375,False,PUT,2026-08-21,PDD
PDD260821P00090000,90.0,6.07,5.7,6.35,1.0,157.0,0.40064075927734377,False,PUT,2026-08-21,PDD
PDD260821P00095000,95.0,7.85,7.6,8.0,2.0,297.0,0.38355108642578123,False,PUT,2026-08-21,PDD
PDD260821P00100000,100.0,10.0,9.65,10.3,3.0,337.0,0.378363150024414,False,PUT,2026-08-21,PDD
PDD260821P00105000,105.0,12.42,11.85,12.8,1.0,142.0,0.36865865722656255,True,PUT,2026-08-21,PDD
PDD260821P00110000,110.0,13.4,14.7,15.85,25.0,511.0,0.36627830993652344,True,PUT,2026-08-21,PDD
PDD260821P00115000,115.0,16.0,18.55,19.15,15.0,73.0,0.36188382263183594,True,PUT,2026-08-21,PDD
PDD260821P00120000,120.0,22.41,22.2,22.7,21.0,90.0,0.3562686444091796,True,PUT,2026-08-21,PDD
PDD260821P00125000,125.0,22.26,25.95,26.65,57.0,119.0,0.3562076098632812,True,PUT,2026-08-21,PDD
PDD260821P00130000,130.0,25.69,28.8,30.75,1.0,217.0,0.3537662280273437,True,PUT,2026-08-21,PDD
PDD260918C00075000,75.0,40.5,31.3,33.85,1.0,129.0,0.5462691857910158,True,CALL,2026-09-18,PDD
PDD260918C00080000,80.0,32.0,27.75,29.65,2.0,24.0,0.5225877819824218,True,CALL,2026-09-18,PDD
PDD260918C00085000,85.0,33.7,23.95,25.35,1.0,12.0,0.5131884619140624,True,CALL,2026-09-18,PDD
PDD260918C00090000,90.0,23.0,20.7,22.2,1.0,44.0,0.5025684509277344,True,CALL,2026-09-18,PDD
PDD260918C00095000,95.0,22.75,17.75,19.05,15.0,159.0,0.4844411907958984,True,CALL,2026-09-18,PDD
PDD260918C00100000,100.0,16.65,14.9,16.45,2.0,263.0,0.47687290710449215,True,CALL,2026-09-18,PDD
PDD260918C00105000,105.0,13.05,12.85,13.35,2.0,829.0,0.44635563415527346,False,CALL,2026-09-18,PDD
PDD260918C00110000,110.0,11.3,10.85,11.25,1411.0,973.0,0.4395197650146484,False,CALL,2026-09-18,PDD
PDD260918C00115000,115.0,10.11,8.7,9.65,12.0,296.0,0.4407404559326171,False,CALL,2026-09-18,PDD
PDD260918C00120000,120.0,7.9,7.5,8.1,32.0,708.0,0.43671217590332034,False,CALL,2026-09-18,PDD
PDD260918C00125000,125.0,6.5,6.3,6.75,2.0,3005.0,0.4325007922363281,False,CALL,2026-09-18,PDD
PDD260918C00130000,130.0,5.43,5.2,5.75,2.0,1949.0,0.43408769042968753,False,CALL,2026-09-18,PDD
PDD260918P00075000,75.0,2.21,2.58,3.3,2.0,1547.0,0.44739322143554683,False,PUT,2026-09-18,PDD
PDD260918P00080000,80.0,3.47,3.6,4.25,5.0,307.0,0.42816733947753904,False,PUT,2026-09-18,PDD
PDD260918P00085000,85.0,5.1,4.95,5.4,4.0,1173.0,0.40955180297851557,False,PUT,2026-09-18,PDD
PDD260918P00090000,90.0,6.8,6.4,6.95,122.0,2284.0,0.39752799743652345,False,PUT,2026-09-18,PDD
PDD260918P00095000,95.0,8.66,8.3,8.9,3.0,927.0,0.3897155755615235,False,PUT,2026-09-18,PDD
PDD260918P00100000,100.0,10.7,10.45,11.0,13.0,2390.0,0.37708142456054683,False,PUT,2026-09-18,PDD
PDD260918P00105000,105.0,13.5,12.95,13.75,4.0,1604.0,0.37518935363769534,True,PUT,2026-09-18,PDD
PDD260918P00110000,110.0,15.32,15.55,16.6,25.0,3351.0,0.36688865539550786,True,PUT,2026-09-18,PDD
PDD260918P00115000,115.0,18.96,18.65,19.85,2.0,924.0,0.36200589172363284,True,PUT,2026-09-18,PDD
PDD260918P00120000,120.0,23.0,22.5,23.35,3.0,3688.0,0.3563907135009765,True,PUT,2026-09-18,PDD
PDD260918P00125000,125.0,25.0,26.1,27.2,15.0,1852.0,0.3544986425781249,True,PUT,2026-09-18,PDD
PDD260918P00130000,130.0,27.85,29.6,31.25,1.0,2990.0,0.3523624334716796,True,PUT,2026-09-18,PDD
PDD261218C00075000,75.0,35.2,33.55,35.2,1.0,40.0,0.53320779296875,True,CALL,2026-12-18,PDD
PDD261218C00080000,80.0,33.0,29.25,30.6,3.0,114.0,0.5097705273437501,True,CALL,2026-12-18,PDD
PDD261218C00085000,85.0,31.5,25.95,27.9,2.0,51.0,0.5164232928466796,True,CALL,2026-12-18,PDD
PDD261218C00090000,90.0,24.0,23.35,24.7,2.0,324.0,0.5003101727294923,True,CALL,2026-12-18,PDD
PDD261218C00095000,95.0,21.85,20.1,21.35,2.0,424.0,0.47522497436523436,True,CALL,2026-12-18,PDD
PDD261218C00100000,100.0,18.2,18.05,18.85,28.0,226.0,0.4689384161376954,True,CALL,2026-12-18,PDD
PDD261218C00105000,105.0,17.5,15.5,16.45,2.0,229.0,0.4598442687988281,False,CALL,2026-12-18,PDD
PDD261218C00110000,110.0,14.0,13.65,14.4,10.0,104.0,0.45465633239746095,False,CALL,2026-12-18,PDD
PDD261218C00115000,115.0,12.12,10.95,12.4,1.0,211.0,0.44574528869628904,False,CALL,2026-12-18,PDD
PDD261218C00120000,120.0,10.5,10.05,11.15,4.0,684.0,0.4516351223754883,False,CALL,2026-12-18,PDD
PDD261218C00125000,125.0,9.0,8.9,9.5,1.0,317.0,0.4425104577636719,False,CALL,2026-12-18,PDD
PDD261218C00130000,130.0,8.1,7.7,8.15,7.0,601.0,0.4370173486328125,False,CALL,2026-12-18,PDD
PDD261218P00075000,75.0,3.45,3.9,4.25,10.0,753.0,0.4206600903320313,False,PUT,2026-12-18,PDD
PDD261218P00080000,80.0,5.35,5.1,5.45,59.0,1413.0,0.4082700775146484,False,PUT,2026-12-18,PDD
PDD261218P00085000,85.0,6.8,6.35,6.9,51.0,1252.0,0.3973448937988281,False,PUT,2026-12-18,PDD
PDD261218P00090000,90.0,8.36,8.25,8.65,4.0,4119.0,0.38849488464355464,False,PUT,2026-12-18,PDD
PDD261218P00095000,95.0,10.5,10.15,10.65,3.0,573.0,0.37964487548828124,False,PUT,2026-12-18,PDD
PDD261218P00100000,100.0,12.8,12.4,12.95,20.0,5190.0,0.37189348815917966,False,PUT,2026-12-18,PDD
PDD261218P00105000,105.0,15.3,15.05,15.7,17.0,4086.0,0.3690858990478516,True,PUT,2026-12-18,PDD
PDD261218P00110000,110.0,17.75,17.7,18.5,2.0,5976.0,0.36072416625976556,True,PUT,2026-12-18,PDD
PDD261218P00115000,115.0,18.76,20.45,21.65,45.0,479.0,0.3549869189453124,True,PUT,2026-12-18,PDD
PDD261218P00120000,120.0,24.0,24.0,25.05,4.0,572.0,0.34961587890624996,True,PUT,2026-12-18,PDD
PDD261218P00125000,125.0,27.9,27.55,28.6,303.0,614.0,0.342230698852539,True,PUT,2026-12-18,PDD
PDD261218P00130000,130.0,29.37,30.75,33.15,1.0,93.0,0.3588931298828125,True,PUT,2026-12-18,PDD
PDD270115C00075000,75.0,38.5,34.1,36.5,7.0,30.0,0.5449264257812501,True,CALL,2027-01-15,PDD
PDD270115C00080000,80.0,31.0,29.9,32.5,43.0,221.0,0.5088550091552735,True,CALL,2027-01-15,PDD
PDD270115C00085000,85.0,29.7,26.85,28.7,14.0,141.0,0.5196581237792968,True,CALL,2027-01-15,PDD
PDD270115C00090000,90.0,25.85,23.85,25.3,1.0,154.0,0.4970143072509766,True,CALL,2027-01-15,PDD
PDD270115C00095000,95.0,21.99,21.35,22.55,4.0,242.0,0.4882253326416016,True,CALL,2027-01-15,PDD
PDD270115C00100000,100.0,19.0,18.3,19.7,2.0,1584.0,0.47192910888671874,True,CALL,2027-01-15,PDD
PDD270115C00105000,105.0,16.85,16.4,17.05,4.0,773.0,0.4563652996826172,False,CALL,2027-01-15,PDD
PDD270115C00110000,110.0,14.75,14.15,15.6,2.0,1507.0,0.46619186157226566,False,CALL,2027-01-15,PDD
PDD270115C00115000,115.0,13.0,12.55,14.1,5.0,4261.0,0.47009807250976565,False,CALL,2027-01-15,PDD
PDD270115C00120000,120.0,11.45,10.95,11.8,19.0,2394.0,0.4497125341796875,False,CALL,2027-01-15,PDD
PDD270115C00125000,125.0,9.74,9.4,9.9,9.0,967.0,0.4348811395263672,False,CALL,2027-01-15,PDD
PDD270115C00130000,130.0,8.8,8.35,8.55,30.0,5784.0,0.42996785858154296,False,CALL,2027-01-15,PDD
PDD270115P00075000,75.0,4.58,4.1,5.0,4.0,1449.0,0.43329424133300787,False,PUT,2027-01-15,PDD
PDD270115P00080000,80.0,5.53,5.35,5.8,6.0,1742.0,0.4039366247558594,False,PUT,2027-01-15,PDD
PDD270115P00085000,85.0,7.1,6.95,7.2,7.0,1255.0,0.39063109375,False,PUT,2027-01-15,PDD
PDD270115P00090000,90.0,8.8,8.7,9.0,13.0,2314.0,0.3827576373291015,False,PUT,2027-01-15,PDD
PDD270115P00095000,95.0,10.91,10.7,11.15,38.0,2170.0,0.377661252746582,False,PUT,2027-01-15,PDD
PDD270115P00100000,100.0,13.3,12.9,13.4,65.0,5033.0,0.3683534844970704,False,PUT,2027-01-15,PDD
PDD270115P00105000,105.0,15.6,15.55,16.0,17.0,3799.0,0.3616396844482421,True,PUT,2027-01-15,PDD
PDD270115P00110000,110.0,18.75,18.55,19.7,4.0,4730.0,0.3760743545532227,True,PUT,2027-01-15,PDD
PDD270115P00115000,115.0,21.26,20.8,22.05,2.0,583.0,0.3507755352783203,True,PUT,2027-01-15,PDD
PDD270115P00120000,120.0,24.7,24.3,25.9,1.0,1370.0,0.35764192169189457,True,PUT,2027-01-15,PDD
PDD270115P00125000,125.0,26.05,27.85,29.75,1.0,336.0,0.3597476135253906,True,PUT,2027-01-15,PDD
PDD270115P00130000,130.0,32.0,31.4,32.8,10.0,1281.0,0.3341741387939453,True,PUT,2027-01-15,PDD
PDD270617C00075000,75.0,41.66,36.05,39.5,5.0,20.0,0.527470545654297,True,CALL,2027-06-17,PDD
PDD270617C00080000,80.0,36.8,32.9,36.2,5.0,107.0,0.5153857055664062,True,CALL,2027-06-17,PDD
PDD270617C00085000,85.0,39.0,29.45,32.65,3.0,43.0,0.5330246893310546,True,CALL,2027-06-17,PDD
PDD270617C00090000,90.0,31.48,26.8,29.8,5.0,30.0,0.5216112292480468,True,CALL,2027-06-17,PDD
PDD270617C00095000,95.0,29.17,24.15,25.75,20.0,365.0,0.479924634399414,True,CALL,2027-06-17,PDD
PDD270617C00100000,100.0,26.15,22.2,24.15,2.0,225.0,0.4910939562988281,True,CALL,2027-06-17,PDD
PDD270617C00105000,105.0,20.6,20.25,20.95,22.0,4046.0,0.46381151428222656,False,CALL,2027-06-17,PDD
PDD270617C00110000,110.0,19.4,18.0,19.4,8.0,422.0,0.4688468643188477,False,CALL,2027-06-17,PDD
PDD270617C00115000,115.0,19.7,16.0,18.3,2.0,104.0,0.4800467034912109,False,CALL,2027-06-17,PDD
PDD270617C00120000,120.0,16.5,14.0,16.35,1.0,5296.0,0.4705253143310547,False,CALL,2027-06-17,PDD
PDD270617C00125000,125.0,15.8,12.85,15.25,3.0,238.0,0.47614049255371094,False,CALL,2027-06-17,PDD
PDD270617C00130000,130.0,13.18,11.2,13.0,10.0,407.0,0.4550530569458008,False,CALL,2027-06-17,PDD
PDD270617P00075000,75.0,5.18,5.6,6.3,26.0,309.0,0.40296007202148443,False,PUT,2027-06-17,PDD
PDD270617P00080000,80.0,7.2,6.15,7.8,2.0,180.0,0.394110062866211,False,PUT,2027-06-17,PDD
PDD270617P00085000,85.0,9.0,8.95,10.25,3.0,572.0,0.40454697021484376,False,PUT,2027-06-17,PDD
PDD270617P00090000,90.0,10.95,10.5,12.8,9.0,1011.0,0.4099790447998046,False,PUT,2027-06-17,PDD
PDD270617P00095000,95.0,12.0,12.95,13.65,10.0,297.0,0.3714662463378906,False,PUT,2027-06-17,PDD
PDD270617P00100000,100.0,14.2,15.4,16.9,1.0,1033.0,0.3830017755126953,False,PUT,2027-06-17,PDD
PDD270617P00105000,105.0,17.32,16.7,18.6,2.0,5055.0,0.35657381713867187,True,PUT,2027-06-17,PDD
PDD270617P00110000,110.0,19.81,20.55,21.45,35.0,536.0,0.35050087982177724,True,PUT,2027-06-17,PDD
PDD270617P00115000,115.0,22.7,23.5,24.6,36.0,630.0,0.34647259979248035,True,PUT,2027-06-17,PDD
PDD270617P00120000,120.0,26.01,26.2,28.3,85.0,446.0,0.35001260345458973,True,PUT,2027-06-17,PDD
PDD270617P00125000,125.0,29.65,30.55,31.9,75.0,631.0,0.3478458770751953,True,PUT,2027-06-17,PDD
PDD270617P00130000,130.0,31.65,34.2,35.2,1.0,149.0,0.3353643124389648,True,PUT,2027-06-17,PDD
PDD280121C00075000,75.0,44.9,40.2,42.85,6.0,45.0,0.5305222729492188,True,CALL,2028-01-21,PDD
PDD280121C00080000,80.0,38.64,35.5,39.4,3.0,310.0,0.5388229711914063,True,CALL,2028-01-21,PDD
PDD280121C00085000,85.0,38.2,34.3,35.4,1.0,21.0,0.5031482791137696,True,CALL,2028-01-21,PDD
PDD280121C00090000,90.0,33.76,30.85,32.65,13.0,62.0,0.4928029235839845,True,CALL,2028-01-21,PDD
PDD280121C00095000,95.0,31.5,29.55,30.35,5.0,252.0,0.48895774719238294,True,CALL,2028-01-21,PDD
PDD280121C00100000,100.0,27.6,27.05,28.1,6.0,376.0,0.48352567260742196,True,CALL,2028-01-21,PDD
PDD280121C00105000,105.0,25.5,25.1,25.75,27.0,227.0,0.4740653179931641,False,CALL,2028-01-21,PDD
PDD280121C00110000,110.0,24.34,22.35,23.75,1.0,509.0,0.4688468643188477,False,CALL,2028-01-21,PDD
PDD280121C00115000,115.0,22.8,20.5,22.35,10.0,204.0,0.4721732470703125,False,CALL,2028-01-21,PDD
PDD280121C00120000,120.0,20.0,19.6,21.2,2.0,95.0,0.4777884252929688,False,CALL,2028-01-21,PDD
PDD280121C00125000,125.0,18.5,17.5,18.95,5.0,369.0,0.46237720245361336,False,CALL,2028-01-21,PDD
PDD280121C00130000,130.0,17.3,16.5,18.4,4.0,160.0,0.47485876708984376,False,CALL,2028-01-21,PDD
PDD280121P00075000,75.0,8.2,7.7,9.0,6.0,142.0,0.404730073852539,False,PUT,2028-01-21,PDD
PDD280121P00080000,80.0,9.5,9.4,10.0,10.0,154.0,0.3799195309448242,False,PUT,2028-01-21,PDD
PDD280121P00085000,85.0,11.2,11.1,12.75,2.0,163.0,0.3908141973876953,False,PUT,2028-01-21,PDD
PDD280121P00090000,90.0,13.7,12.15,13.95,6.0,675.0,0.3654848608398438,False,PUT,2028-01-21,PDD
PDD280121P00095000,95.0,14.6,15.1,16.75,5.0,188.0,0.3688417608642578,False,PUT,2028-01-21,PDD
PDD280121P00100000,100.0,18.1,18.1,19.5,1.0,552.0,0.36737693176269537,False,PUT,2028-01-21,PDD
PDD280121P00105000,105.0,20.75,20.2,21.75,15.0,67.0,0.3537662280273437,True,PUT,2028-01-21,PDD
PDD280121P00110000,110.0,22.21,23.0,25.05,13.0,369.0,0.35584140258789054,True,PUT,2028-01-21,PDD
PDD280121P00115000,115.0,25.45,25.75,27.3,10.0,110.0,0.33670707244873044,True,PUT,2028-01-21,PDD
PDD280121P00120000,120.0,30.0,29.4,31.25,40.0,534.0,0.34445845977783207,True,PUT,2028-01-21,PDD
PDD280121P00125000,125.0,32.01,32.2,34.9,68.0,66.0,0.34442794250488284,True,PUT,2028-01-21,PDD
PDD280121P00130000,130.0,30.44,35.65,38.05,1.0,69.0,0.33301448242187504,True,PUT,2028-01-21,PDD
PEP260130C00131000,131.0,18.51,17.8,20.45,1.0,2.0,1.71875140625,True,CALL,2026-01-30,PEP
PEP260130C00133000,133.0,10.7,15.75,18.15,2.0,12.0,1.455080849609375,True,CALL,2026-01-30,PEP
PEP260130C00135000,135.0,7.29,13.75,16.25,3.0,9.0,1.369143779296875,True,CALL,2026-01-30,PEP
PEP260130C00136000,136.0,10.8,12.75,15.25,1.0,15.0,1.3027378613281246,True,CALL,2026-01-30,PEP
PEP260130C00137000,137.0,9.82,11.8,14.25,1.0,24.0,1.2373085009765623,True,CALL,2026-01-30,PEP
PEP260130C00138000,138.0,8.22,10.8,13.3,1.0,23.0,1.189457177734375,True,CALL,2026-01-30,PEP
PEP260130C00139000,139.0,6.25,9.8,12.35,9.0,62.0,1.1396527392578126,True,CALL,2026-01-30,PEP
PEP260130C00140000,140.0,9.79,9.75,10.9,10.0,270.0,0.6054726953125001,True,CALL,2026-01-30,PEP
PEP260130C00141000,141.0,8.91,8.2,9.75,8.0,60.0,0.7812521875,True,CALL,2026-01-30,PEP
PEP260130C00142000,142.0,8.0,7.55,8.55,2.0,151.0,0.632816171875,True,CALL,2026-01-30,PEP
PEP260130C00143000,143.0,6.87,5.8,7.6,2.0,200.0,0.5971719970703125,True,CALL,2026-01-30,PEP
PEP260130C00144000,144.0,6.76,5.3,7.05,8.0,283.0,0.6962920996093751,True,CALL,2026-01-30,PEP
PEP260130C00145000,145.0,5.0,4.85,5.6,11.0,487.0,0.4760794580078125,True,CALL,2026-01-30,PEP
PEP260130C00146000,146.0,3.99,3.85,4.95,38.0,922.0,0.5249070947265625,True,CALL,2026-01-30,PEP
PEP260130C00147000,147.0,3.47,2.76,3.5,12.0,540.0,0.3149482568359374,True,CALL,2026-01-30,PEP
PEP260130C00148000,148.0,2.1,2.1,2.71,14.0,512.0,0.31055376953124997,True,CALL,2026-01-30,PEP
PEP260130C00149000,149.0,1.68,1.47,1.88,121.0,539.0,0.274421318359375,True,CALL,2026-01-30,PEP
PEP260130C00150000,150.0,1.0,0.66,1.2,355.0,1133.0,0.2524488818359375,True,CALL,2026-01-30,PEP
PEP260130C00152500,152.5,0.15,0.07,0.19,301.0,627.0,0.20703917968749996,False,CALL,2026-01-30,PEP
PEP260130C00155000,155.0,0.01,0.0,0.02,64.0,747.0,0.2148516015625,False,CALL,2026-01-30,PEP
PEP260130C00157500,157.5,0.05,0.0,0.03,1.0,189.0,0.32031929687499994,False,CALL,2026-01-30,PEP
PEP260130C00160000,160.0,0.02,0.0,0.06,1.0,199.0,0.45508357421875,False,CALL,2026-01-30,PEP
PEP260130C00162500,162.5,0.16,0.0,0.57,1.0,23.0,0.7392604199218749,False,CALL,2026-01-30,PEP
PEP260130C00165000,165.0,0.07,0.0,1.55,10.0,34.0,1.0966842041015625,False,CALL,2026-01-30,PEP
PEP260130C00167500,167.5,0.03,0.0,1.2,3.0,38.0,1.1328168359375002,False,CALL,2026-01-30,PEP
PEP260130C00170000,170.0,0.02,0.0,0.96,3.0,3.0,1.1748088134765624,False,CALL,2026-01-30,PEP
PEP260130C00175000,175.0,0.01,0.0,2.13,10.0,10.0,1.6826187744140624,False,CALL,2026-01-30,PEP
PEP260130P00124000,124.0,0.11,0.0,2.13,,2.0,2.0742235644531246,False,PUT,2026-01-30,PEP
PEP260130P00125000,125.0,0.03,0.0,0.08,6.0,41.0,1.0781296093750001,False,PUT,2026-01-30,PEP
PEP260130P00127000,127.0,0.01,0.0,1.15,6.0,61.0,1.5966817041015622,False,PUT,2026-01-30,PEP
PEP260130P00128000,128.0,0.01,0.0,1.15,19.0,17.0,1.5380882470703123,False,PUT,2026-01-30,PEP
PEP260130P00129000,129.0,0.01,0.0,0.01,69.0,70.0,0.7187528125,False,PUT,2026-01-30,PEP
PEP260130P00130000,130.0,0.01,0.0,0.01,1.0,209.0,0.6875031250000001,False,PUT,2026-01-30,PEP
PEP260130P00131000,131.0,0.1,0.0,0.01,1.0,26.0,0.6562534375000001,False,PUT,2026-01-30,PEP
PEP260130P00132000,132.0,0.01,0.0,0.04,2.0,66.0,0.7187528125,False,PUT,2026-01-30,PEP
PEP260130P00133000,133.0,0.01,0.0,0.03,15.0,171.0,0.6640658593750002,False,PUT,2026-01-30,PEP
PEP260130P00134000,134.0,0.01,0.0,0.03,54.0,288.0,0.6250037500000001,False,PUT,2026-01-30,PEP
PEP260130P00135000,135.0,0.02,0.0,0.04,28.0,372.0,0.6093789062500001,False,PUT,2026-01-30,PEP
PEP260130P00136000,136.0,0.01,0.0,0.04,99.0,129.0,0.570316796875,False,PUT,2026-01-30,PEP
PEP260130P00137000,137.0,0.02,0.01,0.03,4.0,231.0,0.5351608984375,False,PUT,2026-01-30,PEP
PEP260130P00138000,138.0,0.03,0.01,0.03,116.0,274.0,0.500005,False,PUT,2026-01-30,PEP
PEP260130P00139000,139.0,0.03,0.01,0.03,9.0,175.0,0.48828636718750007,False,PUT,2026-01-30,PEP
PEP260130P00140000,140.0,0.05,0.0,0.16,2.0,517.0,0.52539537109375,False,PUT,2026-01-30,PEP
PEP260130P00141000,141.0,0.04,0.0,0.07,7.0,311.0,0.4687553125,False,PUT,2026-01-30,PEP
PEP260130P00142000,142.0,0.03,0.0,0.18,8.0,534.0,0.51758294921875,False,PUT,2026-01-30,PEP
PEP260130P00143000,143.0,0.05,0.0,0.06,7.0,787.0,0.3711000390625,False,PUT,2026-01-30,PEP
PEP260130P00144000,144.0,0.2,0.02,0.3,9.0,317.0,0.477544287109375,False,PUT,2026-01-30,PEP
PEP260130P00145000,145.0,0.1,0.05,0.18,18.0,497.0,0.3632876171875,False,PUT,2026-01-30,PEP
PEP260130P00146000,146.0,0.1,0.06,0.22,4.0,377.0,0.32813171874999997,False,PUT,2026-01-30,PEP
PEP260130P00147000,147.0,0.24,0.12,0.27,62.0,119.0,0.29004616210937495,False,PUT,2026-01-30,PEP
PEP260130P00148000,148.0,0.25,0.23,0.39,11.0,165.0,0.264655791015625,False,PUT,2026-01-30,PEP
PEP260130P00149000,149.0,0.64,0.38,0.7,80.0,183.0,0.2695385546875,False,PUT,2026-01-30,PEP
PEP260130P00150000,150.0,0.69,0.78,0.92,19.0,5.0,0.22510540527343748,False,PUT,2026-01-30,PEP
PEP260130P00152500,152.5,2.75,2.09,3.2,4.0,1.0,0.4008848974609375,True,PUT,2026-01-30,PEP
PEP260130P00155000,155.0,8.8,3.85,6.3,4.0,0.0,0.7407252490234374,True,PUT,2026-01-30,PEP
PEP260130P00157500,157.5,10.45,6.25,8.8,1.0,0.0,0.9106454248046875,True,PUT,2026-01-30,PEP
PEP260130P00160000,160.0,22.0,8.75,11.3,2.0,0.0,0.5664105859375,True,PUT,2026-01-30,PEP
PEP260130P00162500,162.5,18.99,11.3,13.8,,0.0,0.6894562304687502,True,PUT,2026-01-30,PEP
PEP260130P00165000,165.0,20.6,13.75,16.3,2.0,0.0,0.77148666015625,True,PUT,2026-01-30,PEP
PEP260130P00167500,167.5,22.4,16.0,18.8,3.0,0.0,0.7148466015625,True,PUT,2026-01-30,PEP
PEP260130P00170000,170.0,24.92,18.75,21.3,,0.0,0.9589847851562499,True,PUT,2026-01-30,PEP
PEP260206C00130000,130.0,17.7,18.9,20.55,3.0,36.0,0.6108437353515627,True,CALL,2026-02-06,PEP
PEP260206C00131000,131.0,15.7,18.0,20.45,41.0,42.0,0.8100604931640624,True,CALL,2026-02-06,PEP
PEP260206C00132000,132.0,14.68,17.45,18.55,1.0,2.0,0.559574716796875,True,CALL,2026-02-06,PEP
PEP260206C00133000,133.0,14.62,16.0,18.45,1.0,1.0,0.7465845654296875,True,CALL,2026-02-06,PEP
PEP260206C00134000,134.0,11.65,15.0,16.7,2.0,2.0,0.5507857421875001,True,CALL,2026-02-06,PEP
PEP260206C00135000,135.0,11.85,14.05,16.15,,2.0,0.6254920263671876,True,CALL,2026-02-06,PEP
PEP260206C00136000,136.0,10.75,13.1,15.0,9.0,9.0,0.5644574804687501,True,CALL,2026-02-06,PEP
PEP260206C00137000,137.0,11.51,12.05,14.55,4.0,9.0,0.6359899682617188,True,CALL,2026-02-06,PEP
PEP260206C00138000,138.0,9.26,11.15,13.05,1.0,47.0,0.5148974291992188,True,CALL,2026-02-06,PEP
PEP260206C00139000,139.0,10.84,10.2,12.65,1.0,42.0,0.585941640625,True,CALL,2026-02-06,PEP
PEP260206C00140000,140.0,9.0,9.25,11.0,31.0,92.0,0.44507390869140623,True,CALL,2026-02-06,PEP
PEP260206C00141000,141.0,9.25,8.9,9.85,2.0,85.0,0.38721315917968746,True,CALL,2026-02-06,PEP
PEP260206C00142000,142.0,7.95,7.75,9.05,4.0,56.0,0.3920959228515625,True,CALL,2026-02-06,PEP
PEP260206C00143000,143.0,8.02,7.4,8.15,20.0,137.0,0.375982802734375,True,CALL,2026-02-06,PEP
PEP260206C00144000,144.0,7.62,6.8,7.4,77.0,171.0,0.3786683227539062,True,CALL,2026-02-06,PEP
PEP260206C00145000,145.0,6.2,6.3,6.5,7.0,256.0,0.3566958862304687,True,CALL,2026-02-06,PEP
PEP260206C00146000,146.0,5.65,5.4,5.8,7.0,126.0,0.35718416259765623,True,CALL,2026-02-06,PEP
PEP260206C00147000,147.0,4.8,4.75,5.35,50.0,1305.0,0.3813538427734374,True,CALL,2026-02-06,PEP
PEP260206C00148000,148.0,4.48,4.2,4.55,20.0,415.0,0.35986968261718744,True,CALL,2026-02-06,PEP
PEP260206C00149000,149.0,3.65,3.55,3.9,102.0,286.0,0.3508365698242187,True,CALL,2026-02-06,PEP
PEP260206C00150000,150.0,3.15,3.05,3.4,949.0,2606.0,0.3530338134765625,True,CALL,2026-02-06,PEP
PEP260206C00152500,152.5,1.95,1.91,2.14,245.0,659.0,0.3347234497070312,False,CALL,2026-02-06,PEP
PEP260206C00155000,155.0,1.27,1.06,1.29,173.0,1024.0,0.3278875805664062,False,CALL,2026-02-06,PEP
PEP260206C00157500,157.5,0.62,0.58,0.69,60.0,1700.0,0.3171455004882812,False,CALL,2026-02-06,PEP
PEP260206C00160000,160.0,0.32,0.28,0.36,7.0,79.0,0.31445998046874996,False,CALL,2026-02-06,PEP
PEP260206C00162500,162.5,0.19,0.01,0.24,44.0,179.0,0.334967587890625,False,CALL,2026-02-06,PEP
PEP260206C00165000,165.0,0.18,0.01,0.15,,2.0,0.348639326171875,False,CALL,2026-02-06,PEP
PEP260206C00170000,170.0,0.03,0.02,0.08,13.0,27.0,0.39258419921875,False,CALL,2026-02-06,PEP
PEP260206C00175000,175.0,0.03,0.0,0.57,8.0,18.0,0.5810588769531251,False,CALL,2026-02-06,PEP
PEP260206P00110000,110.0,0.02,0.0,2.13,4.0,26.0,1.4228544482421874,False,PUT,2026-02-06,PEP
PEP260206P00115000,115.0,0.15,0.0,2.13,1.0,19.0,1.2602576049804686,False,PUT,2026-02-06,PEP
PEP260206P00124000,124.0,0.04,0.0,0.26,2.0,6.0,0.6250037500000001,False,PUT,2026-02-06,PEP
PEP260206P00125000,125.0,0.07,0.0,0.11,4.0,43.0,0.5293015820312501,False,PUT,2026-02-06,PEP
PEP260206P00126000,126.0,0.12,0.0,0.13,2.0,8.0,0.5214891601562499,False,PUT,2026-02-06,PEP
PEP260206P00127000,127.0,0.13,0.0,0.41,66.0,86.0,0.6054726953125001,False,PUT,2026-02-06,PEP
PEP260206P00128000,128.0,0.03,0.02,0.09,1.0,6.0,0.50586431640625,False,PUT,2026-02-06,PEP
PEP260206P00129000,129.0,0.12,0.0,0.2,22.0,26.0,0.5556685058593751,False,PUT,2026-02-06,PEP
PEP260206P00130000,130.0,0.14,0.08,0.23,95.0,160.0,0.507817421875,False,PUT,2026-02-06,PEP
PEP260206P00131000,131.0,0.1,0.06,0.16,63.0,67.0,0.48730981445312505,False,PUT,2026-02-06,PEP
PEP260206P00132000,132.0,0.15,0.02,0.15,1.0,74.0,0.45898978515625005,False,PUT,2026-02-06,PEP
PEP260206P00133000,133.0,0.15,0.1,0.25,4.0,98.0,0.48340360351562506,False,PUT,2026-02-06,PEP
PEP260206P00134000,134.0,0.14,0.13,0.25,3.0,119.0,0.45898978515625005,False,PUT,2026-02-06,PEP
PEP260206P00135000,135.0,0.28,0.18,0.2,5.0,194.0,0.415044912109375,False,PUT,2026-02-06,PEP
PEP260206P00136000,136.0,0.24,0.2,0.24,2.0,73.0,0.407232490234375,False,PUT,2026-02-06,PEP
PEP260206P00137000,137.0,0.27,0.2,0.33,5.0,188.0,0.41309180664062495,False,PUT,2026-02-06,PEP
PEP260206P00138000,138.0,0.29,0.17,0.52,72.0,178.0,0.4370173486328125,False,PUT,2026-02-06,PEP
PEP260206P00139000,139.0,0.42,0.33,0.61,14.0,200.0,0.4292049267578125,False,PUT,2026-02-06,PEP
PEP260206P00140000,140.0,0.46,0.41,0.5,11.0,267.0,0.37744763183593744,False,PUT,2026-02-06,PEP
PEP260206P00141000,141.0,0.5,0.51,0.58,8.0,184.0,0.366217275390625,False,PUT,2026-02-06,PEP
PEP260206P00142000,142.0,0.65,0.52,0.69,5.0,370.0,0.35767243896484374,False,PUT,2026-02-06,PEP
PEP260206P00143000,143.0,0.85,0.76,0.84,38.0,135.0,0.352545537109375,False,PUT,2026-02-06,PEP
PEP260206P00144000,144.0,1.0,0.89,1.04,23.0,241.0,0.35034829345703117,False,PUT,2026-02-06,PEP
PEP260206P00145000,145.0,1.24,0.98,1.26,25.0,264.0,0.3461979443359374,False,PUT,2026-02-06,PEP
PEP260206P00146000,146.0,1.44,1.29,1.55,26.0,144.0,0.3461979443359374,False,PUT,2026-02-06,PEP
PEP260206P00147000,147.0,1.87,1.68,1.84,35.0,134.0,0.3409489733886719,False,PUT,2026-02-06,PEP
PEP260206P00148000,148.0,2.15,2.04,2.23,43.0,115.0,0.34204759521484374,False,PUT,2026-02-06,PEP
PEP260206P00149000,149.0,2.69,2.41,2.69,1272.0,154.0,0.3454655297851562,False,PUT,2026-02-06,PEP
PEP260206P00150000,150.0,2.9,2.83,3.15,1366.0,224.0,0.3435124243164062,False,PUT,2026-02-06,PEP
PEP260206P00152500,152.5,4.8,3.85,4.75,3.0,5.0,0.3645083081054688,True,PUT,2026-02-06,PEP
PEP260206P00155000,155.0,5.95,5.6,7.2,25.0,2.0,0.4563042651367188,True,PUT,2026-02-06,PEP
PEP260206P00157500,157.5,8.3,7.1,8.9,10.0,1.0,0.442388388671875,True,PUT,2026-02-06,PEP
PEP260206P00160000,160.0,10.5,9.65,11.05,5.0,1.0,0.46631393066406257,True,PUT,2026-02-06,PEP
PEP260206P00165000,165.0,21.42,13.85,16.35,2.0,0.0,0.6445348046875,True,PUT,2026-02-06,PEP
PEP260213C00125000,125.0,16.55,24.0,26.35,,0.0,0.7329128271484374,True,CALL,2026-02-13,PEP
PEP260213C00126000,126.0,21.6,23.0,25.45,3.0,3.0,0.726565234375,True,CALL,2026-02-13,PEP
PEP260213C00130000,130.0,13.05,19.1,21.55,2.0,1.0,0.6467320483398438,True,CALL,2026-02-13,PEP
PEP260213C00131000,131.0,15.5,18.1,20.5,12.0,12.0,0.6152382226562501,True,CALL,2026-02-13,PEP
PEP260213C00132000,132.0,8.85,17.15,19.7,,4.0,0.6198768481445314,True,CALL,2026-02-13,PEP
PEP260213C00135000,135.0,14.81,14.2,16.6,,7.0,0.5324753784179688,True,CALL,2026-02-13,PEP
PEP260213C00136000,136.0,11.0,13.25,15.2,1.0,1.0,0.45337460693359377,True,CALL,2026-02-13,PEP
PEP260213C00137000,137.0,5.2,12.9,14.85,,3.0,0.5141650146484374,True,CALL,2026-02-13,PEP
PEP260213C00138000,138.0,12.55,12.1,13.25,2.0,24.0,0.4138242211914062,True,CALL,2026-02-13,PEP
PEP260213C00139000,139.0,9.45,10.45,13.0,3.0,3.0,0.47949739257812496,True,CALL,2026-02-13,PEP
PEP260213C00140000,140.0,7.94,9.55,11.45,1.0,10.0,0.39087523193359375,True,CALL,2026-02-13,PEP
PEP260213C00141000,141.0,8.47,8.7,10.35,4.0,20.0,0.35425450439453116,True,CALL,2026-02-13,PEP
PEP260213C00142000,142.0,5.38,8.6,9.6,1.0,21.0,0.35718416259765623,True,CALL,2026-02-13,PEP
PEP260213C00143000,143.0,8.11,7.65,9.25,2.0,55.0,0.39649041015625003,True,CALL,2026-02-13,PEP
PEP260213C00144000,144.0,7.74,7.0,7.85,1.0,28.0,0.3293524096679687,True,CALL,2026-02-13,PEP
PEP260213C00145000,145.0,6.81,6.55,7.2,5.0,59.0,0.33399103515625,True,CALL,2026-02-13,PEP
PEP260213C00146000,146.0,5.01,5.8,6.25,3.0,22.0,0.3083565258789062,True,CALL,2026-02-13,PEP
PEP260213C00147000,147.0,5.36,5.2,5.8,2.0,226.0,0.3242255078124999,True,CALL,2026-02-13,PEP
PEP260213C00148000,148.0,4.58,4.5,5.05,3.0,212.0,0.31116411499023433,True,CALL,2026-02-13,PEP
PEP260213C00149000,149.0,4.0,3.95,4.45,33.0,30.0,0.30762411132812495,True,CALL,2026-02-13,PEP
PEP260213C00150000,150.0,3.57,3.35,3.75,582.0,309.0,0.29273168212890616,True,CALL,2026-02-13,PEP
PEP260213C00152500,152.5,2.55,2.25,2.7,11.0,95.0,0.2971261694335937,False,CALL,2026-02-13,PEP
PEP260213C00155000,155.0,1.71,1.41,1.78,28.0,111.0,0.2910227148437499,False,CALL,2026-02-13,PEP
PEP260213C00157500,157.5,1.02,0.85,1.05,26.0,129.0,0.27930408203124996,False,CALL,2026-02-13,PEP
PEP260213C00160000,160.0,0.54,0.49,0.65,5.0,11.0,0.28076891113281244,False,CALL,2026-02-13,PEP
PEP260213C00165000,165.0,0.24,0.0,1.35,,1.0,0.4643608251953125,False,CALL,2026-02-13,PEP
PEP260213C00167500,167.5,0.19,0.0,1.36,9.0,9.0,0.5114794946289063,False,CALL,2026-02-13,PEP
PEP260213C00170000,170.0,0.06,0.0,1.2,6.0,12.0,0.5339402075195312,False,CALL,2026-02-13,PEP
PEP260213C00175000,175.0,0.03,0.0,0.05,26.0,167.0,0.32813171874999997,False,CALL,2026-02-13,PEP
PEP260213P00110000,110.0,0.12,0.0,2.13,6.0,21.0,1.0673874755859378,False,PUT,2026-02-13,PEP
PEP260213P00120000,120.0,0.32,0.0,1.8,2.0,11.0,0.79101771484375,False,PUT,2026-02-13,PEP
PEP260213P00124000,124.0,0.23,0.0,1.41,3.0,2.0,0.65820654296875,False,PUT,2026-02-13,PEP
PEP260213P00125000,125.0,0.08,0.0,0.21,11.0,65.0,0.49121602539062503,False,PUT,2026-02-13,PEP
PEP260213P00126000,126.0,0.4,0.0,1.4,1.0,4.0,0.614261669921875,False,PUT,2026-02-13,PEP
PEP260213P00127000,127.0,0.2,0.0,1.2,5.0,6.0,0.570316796875,False,PUT,2026-02-13,PEP
PEP260213P00128000,128.0,0.24,0.01,0.18,1.0,6.0,0.42578699218750005,False,PUT,2026-02-13,PEP
PEP260213P00129000,129.0,0.14,0.0,0.71,6.0,3.0,0.5522505712890625,False,PUT,2026-02-13,PEP
PEP260213P00130000,130.0,0.48,0.0,0.49,1.0,28.0,0.48340360351562506,False,PUT,2026-02-13,PEP
PEP260213P00131000,131.0,0.16,0.0,0.78,3.0,44.0,0.5227098510742187,False,PUT,2026-02-13,PEP
PEP260213P00132000,132.0,0.16,0.0,1.09,2.0,13.0,0.5532271240234375,False,PUT,2026-02-13,PEP
PEP260213P00133000,133.0,0.19,0.0,0.98,2.0,44.0,0.5129443237304687,False,PUT,2026-02-13,PEP
PEP260213P00134000,134.0,0.27,0.0,1.15,2.0,31.0,0.5161181201171875,False,PUT,2026-02-13,PEP
PEP260213P00135000,135.0,0.29,0.24,0.38,7.0,56.0,0.35938140625,False,PUT,2026-02-13,PEP
PEP260213P00136000,136.0,0.29,0.28,0.4,5.0,24.0,0.3442448388671875,False,PUT,2026-02-13,PEP
PEP260213P00137000,137.0,0.37,0.31,0.42,2.0,32.0,0.32910827148437494,False,PUT,2026-02-13,PEP
PEP260213P00138000,138.0,0.45,0.25,0.63,2.0,52.0,0.3464420825195312,False,PUT,2026-02-13,PEP
PEP260213P00139000,139.0,0.57,0.47,0.65,3.0,42.0,0.3283758569335937,False,PUT,2026-02-13,PEP
PEP260213P00140000,140.0,0.67,0.56,0.7,32.0,134.0,0.3139717041015625,False,PUT,2026-02-13,PEP
PEP260213P00141000,141.0,0.95,0.36,1.0,2.0,21.0,0.33130551513671874,False,PUT,2026-02-13,PEP
PEP260213P00142000,142.0,0.95,0.84,1.05,3.0,47.0,0.3133613586425781,False,PUT,2026-02-13,PEP
PEP260213P00143000,143.0,1.09,0.99,1.16,8.0,49.0,0.30103238037109376,False,PUT,2026-02-13,PEP
PEP260213P00144000,144.0,1.25,1.21,1.41,5.0,41.0,0.30152065673828127,False,PUT,2026-02-13,PEP
PEP260213P00145000,145.0,1.5,1.42,1.66,3.0,1495.0,0.2985909985351562,False,PUT,2026-02-13,PEP
PEP260213P00146000,146.0,1.89,1.52,1.94,2.0,47.0,0.2951730639648437,False,PUT,2026-02-13,PEP
PEP260213P00147000,147.0,2.23,1.84,2.33,3.0,17.0,0.29798065307617183,False,PUT,2026-02-13,PEP
PEP260213P00148000,148.0,2.39,2.3,2.59,4.0,2.0,0.28650615844726557,False,PUT,2026-02-13,PEP
PEP260213P00149000,149.0,2.95,2.66,3.1,1210.0,10.0,0.29224340576171864,False,PUT,2026-02-13,PEP
PEP260213P00150000,150.0,3.56,3.15,3.4,1247.0,15.0,0.2775951147460937,False,PUT,2026-02-13,PEP
PEP260213P00155000,155.0,12.38,6.15,6.7,1.0,1.0,0.29834686035156244,True,PUT,2026-02-13,PEP
PEP260213P00160000,160.0,14.0,9.4,11.7,4.0,4.0,0.4184628466796875,True,PUT,2026-02-13,PEP
PEP260213P00165000,165.0,26.2,13.7,16.4,,0.0,0.489384989013672,True,PUT,2026-02-13,PEP
PEP260220C00110000,110.0,36.66,39.05,40.95,1.0,1.0,0.8291032714843749,True,CALL,2026-02-20,PEP
PEP260220C00120000,120.0,20.06,29.1,31.8,1.0,20.0,0.514653291015625,True,CALL,2026-02-20,PEP
PEP260220C00125000,125.0,20.15,24.15,26.55,1.0,10.0,0.6401403173828125,True,CALL,2026-02-20,PEP
PEP260220C00130000,130.0,19.36,19.35,21.0,1.0,30.0,0.4633842724609375,True,CALL,2026-02-20,PEP
PEP260220C00134000,134.0,15.1,15.4,17.75,5.0,5.0,0.48120635986328125,True,CALL,2026-02-20,PEP
PEP260220C00135000,135.0,15.75,15.25,16.3,3.0,174.0,0.4096738720703125,True,CALL,2026-02-20,PEP
PEP260220C00139000,139.0,9.62,10.65,12.65,5.0,6.0,0.36646141357421874,True,CALL,2026-02-20,PEP
PEP260220C00140000,140.0,11.75,10.7,11.7,5.0,1216.0,0.3501041552734374,True,CALL,2026-02-20,PEP
PEP260220C00142000,142.0,7.4,8.05,10.6,4.0,155.0,0.38294074096679687,True,CALL,2026-02-20,PEP
PEP260220C00143000,143.0,4.75,8.0,8.85,1.0,8.0,0.29761444580078117,True,CALL,2026-02-20,PEP
PEP260220C00144000,144.0,7.61,7.2,8.2,1.0,9.0,0.30286341674804684,True,CALL,2026-02-20,PEP
PEP260220C00145000,145.0,6.89,6.85,7.4,32.0,4933.0,0.2937082348632812,True,CALL,2026-02-20,PEP
PEP260220C00146000,146.0,6.54,6.1,6.75,6.0,1225.0,0.29395237304687494,True,CALL,2026-02-20,PEP
PEP260220C00147000,147.0,5.47,5.45,5.9,102.0,211.0,0.2775951147460937,True,CALL,2026-02-20,PEP
PEP260220C00148000,148.0,5.1,5.0,5.25,62.0,260.0,0.2732006274414062,True,CALL,2026-02-20,PEP
PEP260220C00149000,149.0,4.48,4.4,4.65,39.0,366.0,0.2699047619628906,True,CALL,2026-02-20,PEP
PEP260220C00150000,150.0,3.95,3.85,4.0,4348.0,21063.0,0.260749580078125,True,CALL,2026-02-20,PEP
PEP260220C00152500,152.5,2.8,2.69,2.88,62.0,519.0,0.2600171655273438,False,CALL,2026-02-20,PEP
PEP260220C00155000,155.0,1.92,1.79,1.91,153.0,4240.0,0.2524488818359375,False,CALL,2026-02-20,PEP
PEP260220C00157500,157.5,1.25,1.06,1.25,69.0,5136.0,0.25061784545898436,False,CALL,2026-02-20,PEP
PEP260220C00160000,160.0,0.74,0.68,0.82,31.0,4092.0,0.252937158203125,False,CALL,2026-02-20,PEP
PEP260220C00162500,162.5,0.47,0.4,0.58,6.0,32.0,0.26270268554687504,False,CALL,2026-02-20,PEP
PEP260220C00165000,165.0,0.3,0.22,0.3,89.0,995.0,0.2524488818359375,False,CALL,2026-02-20,PEP
PEP260220C00170000,170.0,0.13,0.0,0.25,1.0,645.0,0.3002999658203125,False,CALL,2026-02-20,PEP
PEP260220C00175000,175.0,0.05,0.0,0.09,3.0,790.0,0.2978585839843749,False,CALL,2026-02-20,PEP
PEP260220C00180000,180.0,0.06,0.0,0.1,4.0,39.0,0.348639326171875,False,CALL,2026-02-20,PEP
PEP260220C00185000,185.0,0.04,0.0,0.78,2.0,3.0,0.5722699023437501,False,CALL,2026-02-20,PEP
PEP260220C00190000,190.0,0.08,0.0,0.62,2.0,12.0,0.5195360546875,False,CALL,2026-02-20,PEP
PEP260220C00195000,195.0,0.07,0.0,0.62,4.0,1.0,0.5649457568359376,False,CALL,2026-02-20,PEP
PEP260220P00110000,110.0,0.04,0.0,0.14,1.0,33.0,0.5468795312500001,False,PUT,2026-02-20,PEP
PEP260220P00115000,115.0,0.06,0.0,0.12,2.0,62.0,0.5136767382812499,False,PUT,2026-02-20,PEP
PEP260220P00120000,120.0,0.03,0.02,0.1,40.0,1579.0,0.42969320312500003,False,PUT,2026-02-20,PEP
PEP260220P00125000,125.0,0.11,0.1,0.15,38.0,2766.0,0.38623660644531244,False,PUT,2026-02-20,PEP
PEP260220P00130000,130.0,0.18,0.15,0.22,13.0,1216.0,0.33887379882812496,False,PUT,2026-02-20,PEP
PEP260220P00134000,134.0,0.27,0.19,0.47,2.0,46.0,0.3325262060546875,False,PUT,2026-02-20,PEP
PEP260220P00135000,135.0,0.35,0.33,0.38,148.0,3631.0,0.299811689453125,False,PUT,2026-02-20,PEP
PEP260220P00136000,136.0,0.28,0.32,0.52,3.0,17.0,0.30762411132812495,False,PUT,2026-02-20,PEP
PEP260220P00137000,137.0,0.5,0.32,0.73,1.0,122.0,0.32031929687499994,False,PUT,2026-02-20,PEP
PEP260220P00138000,138.0,0.66,0.5,0.66,1.0,165.0,0.2929758203124999,False,PUT,2026-02-20,PEP
PEP260220P00139000,139.0,0.74,0.6,0.86,4.0,175.0,0.2995675512695312,False,PUT,2026-02-20,PEP
PEP260220P00140000,140.0,0.75,0.69,0.8,58.0,2275.0,0.2739330419921875,False,PUT,2026-02-20,PEP
PEP260220P00141000,141.0,1.09,0.8,0.92,1.0,593.0,0.26807372558593745,False,PUT,2026-02-20,PEP
PEP260220P00142000,142.0,1.04,1.0,1.07,23.0,54.0,0.2633130310058594,False,PUT,2026-02-20,PEP
PEP260220P00143000,143.0,1.25,1.15,1.26,47.0,83.0,0.2602613037109375,False,PUT,2026-02-20,PEP
PEP260220P00144000,144.0,1.5,1.37,1.48,5.0,52.0,0.2574537145996094,False,PUT,2026-02-20,PEP
PEP260220P00145000,145.0,1.7,1.61,1.76,57.0,2951.0,0.256843369140625,False,PUT,2026-02-20,PEP
PEP260220P00146000,146.0,2.54,1.9,2.07,5.0,24.0,0.25586681640625003,False,PUT,2026-02-20,PEP
PEP260220P00147000,147.0,2.45,2.23,2.4,1.0,51.0,0.25354750366210943,False,PUT,2026-02-20,PEP
PEP260220P00148000,148.0,2.67,2.59,2.77,5.0,77.0,0.25135026000976557,False,PUT,2026-02-20,PEP
PEP260220P00149000,149.0,3.1,3.0,3.2,10.0,148.0,0.25049577636718745,False,PUT,2026-02-20,PEP
PEP260220P00150000,150.0,3.55,3.45,3.6,95.0,1106.0,0.24488059814453128,False,PUT,2026-02-20,PEP
PEP260220P00155000,155.0,6.8,6.05,6.95,44.0,768.0,0.2672192419433594,True,PUT,2026-02-20,PEP
PEP260220P00160000,160.0,12.95,9.55,11.85,1.0,2.0,0.36157864990234373,True,PUT,2026-02-20,PEP
PEP260220P00165000,165.0,23.2,14.05,16.45,2.0,0.0,0.41309180664062495,True,PUT,2026-02-20,PEP
PEP260227C00139000,139.0,6.59,10.95,13.35,5.0,1.0,0.3781800463867187,True,CALL,2026-02-27,PEP
PEP260227C00140000,140.0,8.86,10.05,11.9,1.0,16.0,0.3228827478027343,True,CALL,2026-02-27,PEP
PEP260227C00141000,141.0,6.65,9.2,11.6,4.0,4.0,0.3562076098632812,True,CALL,2026-02-27,PEP
PEP260227C00142000,142.0,7.14,8.4,10.2,,1.0,0.3064034204101562,True,CALL,2026-02-27,PEP
PEP260227C00143000,143.0,7.29,7.55,9.55,2.0,19.0,0.31055376953124997,True,CALL,2026-02-27,PEP
PEP260227C00144000,144.0,6.54,7.9,8.65,2.0,5.0,0.2957834094238281,True,CALL,2026-02-27,PEP
PEP260227C00145000,145.0,7.92,7.1,8.15,2.0,39.0,0.3060372131347656,True,CALL,2026-02-27,PEP
PEP260227C00146000,146.0,6.27,6.45,7.15,1.0,59.0,0.2825999475097656,True,CALL,2026-02-27,PEP
PEP260227C00147000,147.0,5.75,5.7,6.55,2.0,17.0,0.28284408569335934,True,CALL,2026-02-27,PEP
PEP260227C00148000,148.0,4.6,5.05,5.9,2.0,45.0,0.27814442565917963,True,CALL,2026-02-27,PEP
PEP260227C00149000,149.0,4.97,4.7,5.25,14.0,50.0,0.27161372924804683,True,CALL,2026-02-27,PEP
PEP260227C00150000,150.0,4.42,4.15,4.55,29.0,85.0,0.2603833728027344,True,CALL,2026-02-27,PEP
PEP260227C00152500,152.5,3.22,2.94,3.3,9.0,367.0,0.2525709509277344,False,CALL,2026-02-27,PEP
PEP260227C00155000,155.0,2.25,1.99,2.45,7.0,123.0,0.2555006091308594,False,CALL,2026-02-27,PEP
PEP260227C00157500,157.5,1.5,1.3,1.68,25.0,10.0,0.25086198364257806,False,CALL,2026-02-27,PEP
PEP260227C00160000,160.0,1.05,0.83,1.2,7.0,13.0,0.25452405639648445,False,CALL,2026-02-27,PEP
PEP260227C00162500,162.5,0.4,0.51,1.72,4.0,20.0,0.33399103515625,False,CALL,2026-02-27,PEP
PEP260227C00170000,170.0,0.26,0.0,2.26,,5.0,0.48511257080078124,False,CALL,2026-02-27,PEP
PEP260227C00175000,175.0,0.14,0.0,1.01,4.0,9.0,0.4279842358398438,False,CALL,2026-02-27,PEP
PEP260227C00180000,180.0,0.05,0.0,1.02,1.0,6.0,0.4836477416992188,False,CALL,2026-02-27,PEP
PEP260227P00120000,120.0,0.15,0.0,1.2,2.0,10.0,0.5239305419921875,False,PUT,2026-02-27,PEP
PEP260227P00124000,124.0,0.24,0.0,0.35,6.0,14.0,0.4106504248046875,False,PUT,2026-02-27,PEP
PEP260227P00125000,125.0,0.16,0.0,1.4,5.0,15.0,0.5620160986328125,False,PUT,2026-02-27,PEP
PEP260227P00127000,127.0,0.32,0.0,1.21,6.0,2.0,0.5034229345703125,False,PUT,2026-02-27,PEP
PEP260227P00128000,128.0,0.3,0.0,2.24,4.0,13.0,0.5971719970703125,False,PUT,2026-02-27,PEP
PEP260227P00129000,129.0,0.23,0.0,1.16,6.0,14.0,0.4631401342773438,False,PUT,2026-02-27,PEP
PEP260227P00130000,130.0,0.38,0.0,1.16,3.0,14.0,0.44605046142578125,False,PUT,2026-02-27,PEP
PEP260227P00131000,131.0,0.53,0.0,2.33,2.0,2.0,0.5473678076171876,False,PUT,2026-02-27,PEP
PEP260227P00132000,132.0,0.45,0.0,1.43,2.0,5.0,0.4414118359375,False,PUT,2026-02-27,PEP
PEP260227P00133000,133.0,0.44,0.0,0.86,3.0,7.0,0.3601138208007812,False,PUT,2026-02-27,PEP
PEP260227P00134000,134.0,0.59,0.0,1.31,9.0,10.0,0.3936828210449219,False,PUT,2026-02-27,PEP
PEP260227P00135000,135.0,0.45,0.36,0.53,4.0,21.0,0.28565167480468745,False,PUT,2026-02-27,PEP
PEP260227P00136000,136.0,0.87,0.0,1.65,13.0,7.0,0.39038695556640624,False,PUT,2026-02-27,PEP
PEP260227P00137000,137.0,0.62,0.45,0.68,5.0,149.0,0.27466545654296876,False,PUT,2026-02-27,PEP
PEP260227P00138000,138.0,0.71,0.64,0.91,2.0,21.0,0.2841868457031249,False,PUT,2026-02-27,PEP
PEP260227P00139000,139.0,0.8,0.6,1.0,2.0,53.0,0.27637442382812494,False,PUT,2026-02-27,PEP
PEP260227P00140000,140.0,0.95,0.79,1.1,8.0,75.0,0.26856200195312496,False,PUT,2026-02-27,PEP
PEP260227P00141000,141.0,1.2,0.85,1.34,1.0,24.0,0.27149166015625,False,PUT,2026-02-27,PEP
PEP260227P00143000,143.0,1.43,1.27,1.79,8.0,7.0,0.26807372558593745,False,PUT,2026-02-27,PEP
PEP260227P00144000,144.0,3.45,1.61,2.82,1.0,5.0,0.3178779150390625,False,PUT,2026-02-27,PEP
PEP260227P00145000,145.0,3.28,1.61,2.43,2.0,14.0,0.26978269287109374,False,PUT,2026-02-27,PEP
PEP260227P00146000,146.0,2.87,2.16,2.67,5.0,11.0,0.2624585473632813,False,PUT,2026-02-27,PEP
PEP260227P00147000,147.0,5.13,2.37,2.89,10.0,10.0,0.2523268127441406,False,PUT,2026-02-27,PEP
PEP260227P00148000,148.0,3.83,2.86,3.65,2.0,3.0,0.27283442016601556,False,PUT,2026-02-27,PEP
PEP260227P00149000,149.0,5.69,3.25,3.85,,1.0,0.25757578369140627,False,PUT,2026-02-27,PEP
PEP260227P00150000,150.0,4.3,3.75,4.15,5.0,8.0,0.24646749633789064,False,PUT,2026-02-27,PEP
PEP260227P00152500,152.5,14.4,5.05,5.45,,1.0,0.24134059448242187,True,PUT,2026-02-27,PEP
PEP260227P00155000,155.0,13.16,6.35,7.3,1.0,2.0,0.25623302368164064,True,PUT,2026-02-27,PEP
PEP260227P00160000,160.0,12.0,9.65,11.95,2.0,2.0,0.3237372314453124,True,PUT,2026-02-27,PEP
PEP260227P00165000,165.0,20.5,14.0,16.45,1.0,2.0,0.3617007189941406,True,PUT,2026-02-27,PEP
PEP260306C00144000,144.0,6.6,8.2,8.95,1.0,37.0,0.28443098388671867,True,CALL,2026-03-06,PEP
PEP260306C00145000,145.0,6.9,7.3,8.55,1.0,6.0,0.2985909985351562,True,CALL,2026-03-06,PEP
PEP260306C00148000,148.0,5.34,5.55,6.3,1.0,5.0,0.271918901977539,True,CALL,2026-03-06,PEP
PEP260306C00155000,155.0,2.49,2.27,2.65,10.0,303.0,0.24134059448242187,False,CALL,2026-03-06,PEP
PEP260306C00180000,180.0,0.07,0.0,1.01,10.0,20.0,0.4343318286132813,False,CALL,2026-03-06,PEP
PEP260306P00120000,120.0,0.23,0.0,2.21,13.0,23.0,0.549076774902344,False,PUT,2026-03-06,PEP
PEP260306P00125000,125.0,0.36,0.0,1.44,8.0,10.0,0.5103808728027344,False,PUT,2026-03-06,PEP
PEP260306P00130000,130.0,0.41,0.0,1.26,14.0,3.0,0.41211525390625,False,PUT,2026-03-06,PEP
PEP260306P00135000,135.0,0.79,0.61,1.25,5.0,13.0,0.3332586206054688,False,PUT,2026-03-06,PEP
PEP260306P00136000,136.0,2.54,0.64,1.35,1.0,5.0,0.32642275146484373,False,PUT,2026-03-06,PEP
PEP260306P00137000,137.0,1.98,0.55,1.86,1.0,4.0,0.3513248461914062,False,PUT,2026-03-06,PEP
PEP260306P00138000,138.0,2.99,0.38,1.61,4.0,4.0,0.3150703259277343,False,PUT,2026-03-06,PEP
PEP260306P00140000,140.0,1.4,1.16,1.95,2.0,4.0,0.30591514404296877,False,PUT,2026-03-06,PEP
PEP260306P00143000,143.0,3.6,1.77,2.8,,2.0,0.3050606604003906,False,PUT,2026-03-06,PEP
PEP260306P00149000,149.0,6.49,3.9,4.9,,1.0,0.28754374572753894,False,PUT,2026-03-06,PEP
PEP260306P00157500,157.5,12.5,9.15,10.05,1.0,1.0,0.2887034020996093,True,PUT,2026-03-06,PEP
PEP260320C00110000,110.0,38.07,39.2,42.15,5.0,43.0,0.507817421875,True,CALL,2026-03-20,PEP
PEP260320C00115000,115.0,31.22,0.0,0.0,1.0,22.0,1.0000000000000003e-05,True,CALL,2026-03-20,PEP
PEP260320C00120000,120.0,29.0,29.3,32.2,2.0,375.0,0.5604292004394531,True,CALL,2026-03-20,PEP
PEP260320C00125000,125.0,20.3,24.4,26.65,4.0,117.0,0.43921459228515625,True,CALL,2026-03-20,PEP
PEP260320C00130000,130.0,18.0,19.45,22.15,1.0,408.0,0.4097959411621094,True,CALL,2026-03-20,PEP
PEP260320C00135000,135.0,15.87,15.3,17.15,7.0,1433.0,0.33704276245117193,True,CALL,2026-03-20,PEP
PEP260320C00140000,140.0,11.75,10.95,12.5,14.0,2229.0,0.2833323620605468,True,CALL,2026-03-20,PEP
PEP260320C00145000,145.0,7.8,7.5,8.35,9.0,1826.0,0.24451439086914065,True,CALL,2026-03-20,PEP
PEP260320C00150000,150.0,4.89,4.75,5.05,1384.0,7390.0,0.22205367797851558,True,CALL,2026-03-20,PEP
PEP260320C00155000,155.0,2.85,2.54,2.92,58.0,3092.0,0.21845263977050777,False,CALL,2026-03-20,PEP
PEP260320C00160000,160.0,1.45,1.36,1.46,278.0,4561.0,0.2111895288085937,False,CALL,2026-03-20,PEP
PEP260320C00165000,165.0,0.65,0.59,0.79,4.0,3349.0,0.21826953613281247,False,CALL,2026-03-20,PEP
PEP260320C00170000,170.0,0.37,0.24,0.45,2.0,942.0,0.22901161621093752,False,CALL,2026-03-20,PEP
PEP260320C00175000,175.0,0.15,0.07,0.26,2.0,2170.0,0.23975369628906246,False,CALL,2026-03-20,PEP
PEP260320C00180000,180.0,0.08,0.0,0.25,1.0,574.0,0.2722240747070312,False,CALL,2026-03-20,PEP
PEP260320C00185000,185.0,0.1,0.0,0.52,1.0,91.0,0.35108070800781244,False,CALL,2026-03-20,PEP
PEP260320C00190000,190.0,0.05,0.02,0.09,1.0,7010.0,0.28711650390624993,False,CALL,2026-03-20,PEP
PEP260320C00195000,195.0,0.03,0.0,0.05,12.0,1219.0,0.2910227148437499,False,CALL,2026-03-20,PEP
PEP260320P00110000,110.0,0.12,0.05,0.19,10.0,723.0,0.42383388671875,False,PUT,2026-03-20,PEP
PEP260320P00115000,115.0,0.17,0.0,0.72,5.0,881.0,0.481450498046875,False,PUT,2026-03-20,PEP
PEP260320P00120000,120.0,0.24,0.16,0.32,11.0,1650.0,0.35205726074218746,False,PUT,2026-03-20,PEP
PEP260320P00125000,125.0,0.37,0.3,0.47,5.0,2373.0,0.32398136962890617,False,PUT,2026-03-20,PEP
PEP260320P00130000,130.0,0.6,0.51,0.72,35.0,4841.0,0.29834686035156244,False,PUT,2026-03-20,PEP
PEP260320P00135000,135.0,0.95,0.92,1.01,40.0,3273.0,0.2644116528320312,False,PUT,2026-03-20,PEP
PEP260320P00140000,140.0,1.72,1.66,1.79,156.0,2672.0,0.25086198364257806,False,PUT,2026-03-20,PEP
PEP260320P00145000,145.0,3.1,2.96,3.25,10.0,2252.0,0.2475661181640625,False,PUT,2026-03-20,PEP
PEP260320P00150000,150.0,5.33,5.1,5.35,22.0,1127.0,0.24274438903808593,False,PUT,2026-03-20,PEP
PEP260320P00155000,155.0,8.8,7.95,9.7,4.0,414.0,0.3086006640625,True,PUT,2026-03-20,PEP
PEP260320P00160000,160.0,12.9,11.0,13.35,1.0,306.0,0.3209906768798828,True,PUT,2026-03-20,PEP
PEP260320P00165000,165.0,19.8,15.5,17.35,2.0,40.0,0.3316717224121094,True,PUT,2026-03-20,PEP
PEP260320P00170000,170.0,20.87,19.65,22.3,1.0,29.0,0.3845276391601562,True,PUT,2026-03-20,PEP
PEP260320P00175000,175.0,33.8,0.0,0.0,1.0,19.0,1.0000000000000003e-05,True,PUT,2026-03-20,PEP
PEP260320P00180000,180.0,33.79,38.2,39.45,2.0,5.0,0.8405777661132812,True,PUT,2026-03-20,PEP
PEP260320P00185000,185.0,38.25,44.5,44.8,2.0,0.0,0.9359137268066406,True,PUT,2026-03-20,PEP
PEP260320P00190000,190.0,39.3,47.65,49.7,2.0,0.0,0.9395147650146485,True,PUT,2026-03-20,PEP
PEP260417C00110000,110.0,40.84,33.35,34.35,2.0,0.0,1.0000000000000003e-05,True,CALL,2026-04-17,PEP
PEP260417C00115000,115.0,29.67,33.75,36.75,1.0,2.0,0.47412635253906255,True,CALL,2026-04-17,PEP
PEP260417C00120000,120.0,26.32,29.35,31.8,1.0,9.0,0.4204159521484375,True,CALL,2026-04-17,PEP
PEP260417C00125000,125.0,20.17,24.5,26.95,1.0,37.0,0.37415176635742187,True,CALL,2026-04-17,PEP
PEP260417C00130000,130.0,20.5,19.75,22.2,5.0,250.0,0.3321599987792969,True,CALL,2026-04-17,PEP
PEP260417C00135000,135.0,16.27,15.6,17.55,2.0,155.0,0.291877198486328,True,CALL,2026-04-17,PEP
PEP260417C00140000,140.0,12.4,12.05,13.1,13.0,856.0,0.25476819458007816,True,CALL,2026-04-17,PEP
PEP260417C00145000,145.0,9.0,8.55,9.15,4.0,821.0,0.22760782165527343,True,CALL,2026-04-17,PEP
PEP260417C00150000,150.0,5.74,5.55,6.1,105.0,758.0,0.21613332702636717,True,CALL,2026-04-17,PEP
PEP260417C00155000,155.0,3.7,3.4,3.8,61.0,2589.0,0.20862607788085932,False,CALL,2026-04-17,PEP
PEP260417C00160000,160.0,2.05,1.97,2.11,144.0,1934.0,0.1994098614501953,False,CALL,2026-04-17,PEP
PEP260417C00165000,165.0,1.08,0.96,1.2,20.0,717.0,0.2005695178222656,False,CALL,2026-04-17,PEP
PEP260417C00170000,170.0,0.6,0.47,0.76,6.0,432.0,0.21021297607421874,False,CALL,2026-04-17,PEP
PEP260417C00175000,175.0,0.31,0.3,0.45,3.0,141.0,0.215828154296875,False,CALL,2026-04-17,PEP
PEP260417C00180000,180.0,0.17,0.0,0.87,9.0,303.0,0.28601788208007806,False,CALL,2026-04-17,PEP
PEP260417C00185000,185.0,0.16,0.0,0.3,15.0,45.0,0.252937158203125,False,CALL,2026-04-17,PEP
PEP260417C00190000,190.0,0.26,0.0,1.5,8.0,52.0,0.39722282470703124,False,CALL,2026-04-17,PEP
PEP260417C00195000,195.0,0.51,0.0,0.0,1.0,15.0,0.12500875,False,CALL,2026-04-17,PEP
PEP260417P00110000,110.0,0.24,0.0,0.9,3.0,650.0,0.4611870288085938,False,PUT,2026-04-17,PEP
PEP260417P00115000,115.0,0.43,0.17,0.43,20.0,258.0,0.3461979443359374,False,PUT,2026-04-17,PEP
PEP260417P00120000,120.0,0.46,0.18,0.85,1.0,553.0,0.35095863891601553,False,PUT,2026-04-17,PEP
PEP260417P00125000,125.0,0.7,0.5,1.09,2.0,465.0,0.3217841259765625,False,PUT,2026-04-17,PEP
PEP260417P00130000,130.0,0.87,0.8,0.91,152.0,1953.0,0.25586681640625003,False,PUT,2026-04-17,PEP
PEP260417P00135000,135.0,1.4,1.31,1.45,9.0,1920.0,0.24030300720214842,False,PUT,2026-04-17,PEP
PEP260417P00140000,140.0,2.41,2.17,2.31,62.0,1148.0,0.22632609619140626,False,PUT,2026-04-17,PEP
PEP260417P00145000,145.0,3.93,3.6,3.8,28.0,1182.0,0.22040574523925777,False,PUT,2026-04-17,PEP
PEP260417P00150000,150.0,6.05,5.8,5.95,40.0,868.0,0.21662160339355468,False,PUT,2026-04-17,PEP
PEP260417P00155000,155.0,9.18,8.4,9.7,2.0,160.0,0.24799335998535155,True,PUT,2026-04-17,PEP
PEP260417P00160000,160.0,15.4,12.1,13.1,3.0,39.0,0.2478712908935547,True,PUT,2026-04-17,PEP
PEP260417P00165000,165.0,20.85,15.65,17.9,2.0,33.0,0.2910837493896483,True,PUT,2026-04-17,PEP
PEP260417P00170000,170.0,21.69,20.15,22.4,2.0,5.0,0.31391066955566405,True,PUT,2026-04-17,PEP
PEP260417P00175000,175.0,31.7,24.6,27.15,1.0,1.0,0.3425358715820312,True,PUT,2026-04-17,PEP
PEP260417P00190000,190.0,39.95,0.0,0.0,,0.0,1.0000000000000003e-05,True,PUT,2026-04-17,PEP
PEP260618C00110000,110.0,31.38,39.4,41.85,21.0,186.0,0.4057676611328125,True,CALL,2026-06-18,PEP
PEP260618C00115000,115.0,32.6,34.8,36.95,1.0,209.0,0.3673158972167969,True,CALL,2026-06-18,PEP
PEP260618C00120000,120.0,27.76,30.0,32.15,1.0,364.0,0.33423517333984376,True,CALL,2026-06-18,PEP
PEP260618C00125000,125.0,23.5,25.25,27.55,1.0,311.0,0.30927204406738285,True,CALL,2026-06-18,PEP
PEP260618C00130000,130.0,20.16,20.85,23.0,1.0,558.0,0.2825999475097656,True,CALL,2026-06-18,PEP
PEP260618C00135000,135.0,18.44,16.65,19.1,3.0,489.0,0.27460442199707036,True,CALL,2026-06-18,PEP
PEP260618C00140000,140.0,14.85,13.75,14.95,20.0,828.0,0.24958025817871093,True,CALL,2026-06-18,PEP
PEP260618C00145000,145.0,10.75,10.6,11.25,12.0,1614.0,0.23023230712890624,True,CALL,2026-06-18,PEP
PEP260618C00150000,150.0,8.15,7.85,8.15,44.0,1608.0,0.21692677612304687,True,CALL,2026-06-18,PEP
PEP260618C00155000,155.0,5.78,5.65,5.8,73.0,2000.0,0.21125056335449216,False,CALL,2026-06-18,PEP
PEP260618C00160000,160.0,3.86,3.8,4.0,1275.0,1939.0,0.20746642150878902,False,CALL,2026-06-18,PEP
PEP260618C00165000,165.0,2.58,2.52,2.64,26.0,1503.0,0.2038043487548828,False,CALL,2026-06-18,PEP
PEP260618C00170000,170.0,1.73,1.63,1.8,12.0,963.0,0.20581848876953124,False,CALL,2026-06-18,PEP
PEP260618C00175000,175.0,0.9,0.48,1.85,14.0,648.0,0.23731231445312498,False,CALL,2026-06-18,PEP
PEP260618C00180000,180.0,0.75,0.48,0.75,4.0,2563.0,0.2063067651367187,False,CALL,2026-06-18,PEP
PEP260618C00185000,185.0,0.4,0.0,1.0,2.0,620.0,0.24549094360351562,False,CALL,2026-06-18,PEP
PEP260618C00190000,190.0,0.31,0.22,0.45,15.0,299.0,0.2249833361816406,False,CALL,2026-06-18,PEP
PEP260618C00195000,195.0,0.21,0.0,0.63,30.0,43.0,0.2612378564453125,False,CALL,2026-06-18,PEP
PEP260618P00110000,110.0,0.66,0.01,1.05,6.0,1212.0,0.3582827844238281,False,PUT,2026-06-18,PEP
PEP260618P00115000,115.0,0.72,0.49,1.03,4.0,1856.0,0.31580274047851553,False,PUT,2026-06-18,PEP
PEP260618P00120000,120.0,1.0,0.81,1.35,11.0,1166.0,0.2973703076171874,False,PUT,2026-06-18,PEP
PEP260618P00125000,125.0,1.65,1.26,2.15,18.0,1613.0,0.2981027221679687,False,PUT,2026-06-18,PEP
PEP260618P00130000,130.0,2.04,2.05,2.2,34.0,2600.0,0.25586681640625003,False,PUT,2026-06-18,PEP
PEP260618P00135000,135.0,2.93,2.92,3.0,29.0,2310.0,0.24146266357421875,False,PUT,2026-06-18,PEP
PEP260618P00140000,140.0,4.2,4.15,4.25,44.0,1460.0,0.2329178271484375,False,PUT,2026-06-18,PEP
PEP260618P00145000,145.0,5.95,5.85,5.95,55.0,1235.0,0.2264481652832031,False,PUT,2026-06-18,PEP
PEP260618P00150000,150.0,8.25,8.0,8.15,44.0,1015.0,0.2213822979736328,False,PUT,2026-06-18,PEP
PEP260618P00155000,155.0,11.25,9.6,11.15,1.0,137.0,0.22528850891113278,True,PUT,2026-06-18,PEP
PEP260618P00160000,160.0,16.05,12.85,15.7,2.0,87.0,0.2611157873535156,True,PUT,2026-06-18,PEP
PEP260618P00165000,165.0,18.25,16.55,19.3,1.0,33.0,0.26190923645019537,True,PUT,2026-06-18,PEP
PEP260618P00170000,170.0,21.99,20.85,23.4,1.0,19.0,0.26972165832519535,True,PUT,2026-06-18,PEP
PEP260618P00175000,175.0,27.65,30.25,32.2,1.0,13.0,0.42304043762207033,True,PUT,2026-06-18,PEP
PEP260618P00180000,180.0,32.7,29.9,32.35,5.0,6.0,0.29321995849609367,True,PUT,2026-06-18,PEP
PEP260618P00190000,190.0,59.55,54.6,56.35,,0.0,0.7610497528076172,True,PUT,2026-06-18,PEP
PEP260717C00110000,110.0,34.61,39.5,42.0,,1.0,0.3786072882080078,True,CALL,2026-07-17,PEP
PEP260717C00115000,115.0,32.8,35.1,37.3,,1.0,0.3532779516601562,True,CALL,2026-07-17,PEP
PEP260717C00120000,120.0,26.66,30.0,32.65,1.0,55.0,0.3280096496582031,True,CALL,2026-07-17,PEP
PEP260717C00125000,125.0,25.15,25.5,27.9,3.0,48.0,0.29614961669921874,True,CALL,2026-07-17,PEP
PEP260717C00130000,130.0,16.85,21.25,23.5,15.0,27.0,0.27539787109374997,True,CALL,2026-07-17,PEP
PEP260717C00135000,135.0,18.55,18.0,19.45,30.0,110.0,0.26099371826171874,True,CALL,2026-07-17,PEP
PEP260717C00140000,140.0,13.87,14.55,15.85,1.0,50.0,0.2523573300170898,True,CALL,2026-07-17,PEP
PEP260717C00145000,145.0,11.44,11.3,12.0,4.0,289.0,0.22888954711914064,True,CALL,2026-07-17,PEP
PEP260717C00150000,150.0,8.64,8.65,9.05,17.0,266.0,0.21964281341552733,True,CALL,2026-07-17,PEP
PEP260717C00155000,155.0,6.45,6.1,6.75,4.0,512.0,0.21588918884277342,False,CALL,2026-07-17,PEP
PEP260717C00160000,160.0,4.56,4.45,4.75,29.0,527.0,0.20880918151855465,False,CALL,2026-07-17,PEP
PEP260717C00165000,165.0,3.08,2.9,3.35,7.0,349.0,0.20685607604980466,False,CALL,2026-07-17,PEP
PEP260717C00170000,170.0,1.84,2.05,2.36,27.0,2010.0,0.20716124877929684,False,CALL,2026-07-17,PEP
PEP260717C00175000,175.0,1.31,1.19,2.31,3.0,35.0,0.23334506896972657,False,CALL,2026-07-17,PEP
PEP260717C00180000,180.0,0.83,0.75,1.1,9.0,87.0,0.20728331787109372,False,CALL,2026-07-17,PEP
PEP260717C00185000,185.0,0.44,0.39,1.26,3.0,43.0,0.23743438354492186,False,CALL,2026-07-17,PEP
PEP260717C00190000,190.0,0.47,0.33,0.47,20.0,9.0,0.20667297241210933,False,CALL,2026-07-17,PEP
PEP260717C00195000,195.0,0.32,0.01,0.73,1.0,7.0,0.24536887451171874,False,CALL,2026-07-17,PEP
PEP260717P00110000,110.0,1.02,0.0,1.88,1.0,40.0,0.3812317736816406,False,PUT,2026-07-17,PEP
PEP260717P00115000,115.0,1.4,0.0,2.13,59.0,93.0,0.3530338134765625,False,PUT,2026-07-17,PEP
PEP260717P00120000,120.0,1.49,1.18,2.02,16.0,139.0,0.30609824768066407,False,PUT,2026-07-17,PEP
PEP260717P00125000,125.0,1.87,1.7,2.56,10.0,249.0,0.28900857482910147,False,PUT,2026-07-17,PEP
PEP260717P00130000,130.0,2.69,2.43,2.89,4.0,622.0,0.2594068200683594,False,PUT,2026-07-17,PEP
PEP260717P00135000,135.0,3.55,3.4,3.65,17.0,328.0,0.24109645629882812,False,PUT,2026-07-17,PEP
PEP260717P00140000,140.0,4.8,4.8,5.0,12.0,364.0,0.23334506896972657,False,PUT,2026-07-17,PEP
PEP260717P00145000,145.0,6.65,6.45,6.8,16.0,226.0,0.2280350634765625,False,PUT,2026-07-17,PEP
PEP260717P00150000,150.0,9.0,8.55,8.9,4.0,87.0,0.22003953796386716,False,PUT,2026-07-17,PEP
PEP260717P00155000,155.0,14.7,11.25,11.7,2.0,130.0,0.2187883297729492,True,PUT,2026-07-17,PEP
PEP260717P00160000,160.0,19.24,14.2,16.0,1.0,13.0,0.24549094360351562,True,PUT,2026-07-17,PEP
PEP260717P00170000,170.0,25.73,21.1,23.6,,2.0,0.25171646728515623,True,PUT,2026-07-17,PEP
PEP260918C00110000,110.0,40.0,39.75,42.25,1.0,28.0,0.33570000244140624,True,CALL,2026-09-18,PEP
PEP260918C00115000,115.0,32.97,35.0,37.5,1.0,28.0,0.31037066589355466,True,CALL,2026-09-18,PEP
PEP260918C00120000,120.0,27.32,30.55,33.1,5.0,196.0,0.29706513488769526,True,CALL,2026-09-18,PEP
PEP260918C00125000,125.0,22.73,26.05,28.45,1.0,68.0,0.27149166015625,True,CALL,2026-09-18,PEP
PEP260918C00130000,130.0,24.2,22.0,24.2,1.0,132.0,0.25586681640625003,True,CALL,2026-09-18,PEP
PEP260918C00135000,135.0,17.75,19.3,20.7,3.0,572.0,0.25525647094726567,True,CALL,2026-09-18,PEP
PEP260918C00140000,140.0,16.15,15.65,16.45,4.0,1411.0,0.22962196166992188,True,CALL,2026-09-18,PEP
PEP260918C00145000,145.0,12.08,12.45,14.15,1.0,416.0,0.24231714721679687,True,CALL,2026-09-18,PEP
PEP260918C00150000,150.0,10.05,9.85,10.4,2.0,629.0,0.21588918884277342,True,CALL,2026-09-18,PEP
PEP260918C00155000,155.0,7.65,7.55,8.1,5.0,525.0,0.21280694427490232,False,CALL,2026-09-18,PEP
PEP260918C00160000,160.0,5.9,5.6,6.2,33.0,1065.0,0.21039607971191404,False,CALL,2026-09-18,PEP
PEP260918C00165000,165.0,4.0,4.25,4.7,1.0,985.0,0.2092364233398437,False,CALL,2026-09-18,PEP
PEP260918C00170000,170.0,3.1,2.98,3.3,13.0,737.0,0.20282779602050777,False,CALL,2026-09-18,PEP
PEP260918C00175000,175.0,2.15,1.94,2.5,5.0,1677.0,0.20508607421874997,False,CALL,2026-09-18,PEP
PEP260918C00180000,180.0,1.6,1.31,1.93,3.0,277.0,0.20880918151855465,False,CALL,2026-09-18,PEP
PEP260918C00185000,185.0,0.89,0.14,2.15,5.0,207.0,0.23694610717773437,False,CALL,2026-09-18,PEP
PEP260918C00190000,190.0,0.6,0.11,1.98,1.0,94.0,0.25025163818359375,False,CALL,2026-09-18,PEP
PEP260918C00195000,195.0,0.68,0.01,1.42,5.0,34.0,0.24536887451171874,False,CALL,2026-09-18,PEP
PEP260918P00110000,110.0,1.27,0.45,1.89,1.0,495.0,0.32617861328125,False,PUT,2026-09-18,PEP
PEP260918P00115000,115.0,1.45,1.38,2.39,1.0,441.0,0.31287308227539057,False,PUT,2026-09-18,PEP
PEP260918P00120000,120.0,2.08,1.79,2.59,1.0,415.0,0.28424788024902337,False,PUT,2026-09-18,PEP
PEP260918P00125000,125.0,2.74,2.37,3.65,1.0,1085.0,0.2834544311523437,False,PUT,2026-09-18,PEP
PEP260918P00130000,130.0,3.5,3.5,3.65,24.0,2149.0,0.24469749450683598,False,PUT,2026-09-18,PEP
PEP260918P00135000,135.0,4.7,4.5,4.8,20.0,886.0,0.23645783081054686,False,PUT,2026-09-18,PEP
PEP260918P00140000,140.0,6.05,6.0,6.5,30.0,3616.0,0.23471834625244142,False,PUT,2026-09-18,PEP
PEP260918P00145000,145.0,8.5,7.8,9.7,13.0,532.0,0.2579114736938477,False,PUT,2026-09-18,PEP
PEP260918P00150000,150.0,10.65,10.05,10.6,2.0,283.0,0.22364057617187497,False,PUT,2026-09-18,PEP
PEP260918P00155000,155.0,13.0,12.4,13.35,1.0,328.0,0.22162643615722655,True,PUT,2026-09-18,PEP
PEP260918P00160000,160.0,16.51,15.45,16.65,1.0,260.0,0.22385419708251947,True,PUT,2026-09-18,PEP
PEP260918P00165000,165.0,19.5,18.95,20.0,1.0,4.0,0.220161607055664,True,PUT,2026-09-18,PEP
PEP260918P00170000,170.0,27.45,22.55,24.5,2.0,4.0,0.23749541809082028,True,PUT,2026-09-18,PEP
PEP260918P00175000,175.0,36.12,30.6,33.25,2.0,2.0,0.35315588256835934,True,PUT,2026-09-18,PEP
PEP260918P00180000,180.0,31.0,30.45,32.85,1.0,107.0,0.2434768035888672,True,PUT,2026-09-18,PEP
PEP260918P00185000,185.0,42.9,36.3,38.2,,1.0,0.275825112915039,True,PUT,2026-09-18,PEP
PEP260918P00195000,195.0,54.0,48.2,52.25,1.0,0.0,0.4278621667480469,True,PUT,2026-09-18,PEP
PEP261218C00110000,110.0,34.43,39.9,42.55,2.0,8.0,0.29651582397460935,True,CALL,2026-12-18,PEP
PEP261218C00115000,115.0,27.6,35.3,38.05,,13.0,0.2823558093261719,True,CALL,2026-12-18,PEP
PEP261218C00120000,120.0,29.4,30.95,33.9,10.0,20.0,0.2758861474609374,True,CALL,2026-12-18,PEP
PEP261218C00125000,125.0,29.8,27.1,29.65,2.0,268.0,0.262275443725586,True,CALL,2026-12-18,PEP
PEP261218C00130000,130.0,21.9,23.05,25.95,1.0,12.0,0.2582776809692383,True,CALL,2026-12-18,PEP
PEP261218C00135000,135.0,16.48,20.45,22.4,8.0,24.0,0.2523268127441406,True,CALL,2026-12-18,PEP
PEP261218C00140000,140.0,17.65,16.65,18.35,5.0,191.0,0.23194127441406248,True,CALL,2026-12-18,PEP
PEP261218C00145000,145.0,14.87,14.1,15.25,4.0,68.0,0.22568523345947267,True,CALL,2026-12-18,PEP
PEP261218C00150000,150.0,12.45,11.5,12.2,3.0,1880.0,0.21509573974609375,True,CALL,2026-12-18,PEP
PEP261218C00155000,155.0,9.55,9.25,9.9,9.0,1967.0,0.21244073699951171,False,CALL,2026-12-18,PEP
PEP261218C00160000,160.0,7.25,6.9,8.35,1.0,71.0,0.2176591906738281,False,CALL,2026-12-18,PEP
PEP261218C00165000,165.0,5.0,5.35,6.5,1.0,51.0,0.2122881506347656,False,CALL,2026-12-18,PEP
PEP261218C00170000,170.0,4.6,4.3,5.1,9.0,299.0,0.21021297607421874,False,CALL,2026-12-18,PEP
PEP261218C00175000,175.0,3.61,2.87,3.8,2.0,66.0,0.20487245330810544,False,CALL,2026-12-18,PEP
PEP261218C00180000,180.0,2.64,2.15,2.84,11.0,512.0,0.2018512432861328,False,CALL,2026-12-18,PEP
PEP261218C00185000,185.0,2.1,1.58,2.78,2.0,4.0,0.21854419158935545,False,CALL,2026-12-18,PEP
PEP261218C00190000,190.0,1.32,0.99,2.48,1.0,6.0,0.22730264892578123,False,CALL,2026-12-18,PEP
PEP261218P00110000,110.0,1.82,0.22,2.64,2.0,131.0,0.3064644549560547,False,PUT,2026-12-18,PEP
PEP261218P00115000,115.0,2.34,1.97,3.25,1.0,10.0,0.2946237530517578,False,PUT,2026-12-18,PEP
PEP261218P00120000,120.0,3.0,2.3,3.45,1.0,145.0,0.26770751831054684,False,PUT,2026-12-18,PEP
PEP261218P00125000,125.0,3.89,3.35,5.4,2.0,106.0,0.28552960571289054,False,PUT,2026-12-18,PEP
PEP261218P00130000,130.0,5.0,4.3,5.05,1.0,88.0,0.2414016290283203,False,PUT,2026-12-18,PEP
PEP261218P00135000,135.0,6.55,5.5,7.6,4.0,272.0,0.260047682800293,False,PUT,2026-12-18,PEP
PEP261218P00140000,140.0,7.65,7.15,8.1,6.0,199.0,0.23041541076660155,False,PUT,2026-12-18,PEP
PEP261218P00145000,145.0,9.81,9.0,10.25,1.0,174.0,0.22885902984619144,False,PUT,2026-12-18,PEP
PEP261218P00150000,150.0,12.0,11.5,12.4,2.0,152.0,0.2217485052490234,False,PUT,2026-12-18,PEP
PEP261218P00155000,155.0,20.39,13.85,16.1,1.0,149.0,0.23679352081298827,True,PUT,2026-12-18,PEP
PEP261218P00160000,160.0,21.45,16.85,18.9,3.0,4.0,0.23075110076904298,True,PUT,2026-12-18,PEP
PEP261218P00165000,165.0,25.3,20.25,22.25,5.0,9.0,0.2297135134887695,True,PUT,2026-12-18,PEP
PEP261218P00180000,180.0,33.05,31.0,33.85,140.0,82.0,0.23053747985839845,True,PUT,2026-12-18,PEP
PEP261218P00190000,190.0,49.1,48.85,0.0,,0.0,1.0000000000000003e-05,True,PUT,2026-12-18,PEP
PEP270115C00110000,110.0,41.1,40.3,42.5,6.0,94.0,0.2825999475097656,True,CALL,2027-01-15,PEP
PEP270115C00115000,115.0,36.71,35.6,38.0,1.0,202.0,0.26929441650390623,True,CALL,2027-01-15,PEP
PEP270115C00120000,120.0,30.95,31.3,34.0,1.0,134.0,0.2674328628540039,True,CALL,2027-01-15,PEP
PEP270115C00125000,125.0,28.75,27.8,29.0,31.0,220.0,0.2352371398925781,True,CALL,2027-01-15,PEP
PEP270115C00130000,130.0,25.0,23.4,26.1,34.0,555.0,0.2510450872802734,True,CALL,2027-01-15,PEP
PEP270115C00135000,135.0,17.14,20.7,22.85,3.0,789.0,0.2510145700073242,True,CALL,2027-01-15,PEP
PEP270115C00140000,140.0,17.55,17.45,19.0,1.0,773.0,0.23459627716064452,True,CALL,2027-01-15,PEP
PEP270115C00145000,145.0,15.25,14.2,15.55,39.0,741.0,0.22180953979492185,True,CALL,2027-01-15,PEP
PEP270115C00150000,150.0,12.5,11.5,12.7,37.0,1863.0,0.21491263610839845,True,CALL,2027-01-15,PEP
PEP270115C00155000,155.0,9.77,9.8,10.35,2.0,654.0,0.2114641842651367,False,CALL,2027-01-15,PEP
PEP270115C00160000,160.0,8.1,7.65,8.55,17.0,1482.0,0.2122881506347656,False,CALL,2027-01-15,PEP
PEP270115C00165000,165.0,5.7,5.95,6.95,9.0,993.0,0.2118303915405273,False,CALL,2027-01-15,PEP
PEP270115C00170000,170.0,5.06,4.65,5.2,11.0,768.0,0.2036212451171875,False,CALL,2027-01-15,PEP
PEP270115C00175000,175.0,3.6,3.35,4.25,16.0,1399.0,0.20615417877197262,False,CALL,2027-01-15,PEP
PEP270115C00180000,180.0,2.95,2.32,3.1,3.0,1823.0,0.19995917236328126,False,CALL,2027-01-15,PEP
PEP270115C00185000,185.0,1.82,1.49,2.98,14.0,918.0,0.21472953247070312,False,CALL,2027-01-15,PEP
PEP270115C00190000,190.0,1.31,1.26,2.24,1000.0,1526.0,0.21125056335449216,False,CALL,2027-01-15,PEP
PEP270115C00195000,195.0,1.31,0.33,2.22,1.0,288.0,0.2258988543701172,False,CALL,2027-01-15,PEP
PEP270115P00110000,110.0,2.43,1.66,2.18,2.0,817.0,0.2769237347412109,False,PUT,2027-01-15,PEP
PEP270115P00115000,115.0,2.5,2.19,2.9,7.0,484.0,0.27161372924804683,False,PUT,2027-01-15,PEP
PEP270115P00120000,120.0,3.13,3.0,3.45,8.0,1182.0,0.256843369140625,False,PUT,2027-01-15,PEP
PEP270115P00125000,125.0,3.5,3.5,4.85,1.0,1079.0,0.260749580078125,False,PUT,2027-01-15,PEP
PEP270115P00130000,130.0,5.13,4.85,5.55,23.0,2354.0,0.24274438903808593,False,PUT,2027-01-15,PEP
PEP270115P00135000,135.0,6.73,5.75,8.55,5.0,1118.0,0.2682568292236328,False,PUT,2027-01-15,PEP
PEP270115P00140000,140.0,8.53,7.4,10.15,2.0,1521.0,0.259071130065918,False,PUT,2027-01-15,PEP
PEP270115P00145000,145.0,10.45,9.55,10.45,284.0,734.0,0.22309126525878903,False,PUT,2027-01-15,PEP
PEP270115P00150000,150.0,12.4,11.4,13.65,5.0,632.0,0.23416903533935546,False,PUT,2027-01-15,PEP
PEP270115P00155000,155.0,18.13,14.0,16.4,1.0,366.0,0.23230748168945312,True,PUT,2027-01-15,PEP
PEP270115P00160000,160.0,18.03,17.0,19.25,5.0,165.0,0.2274247180175781,True,PUT,2027-01-15,PEP
PEP270115P00165000,165.0,24.28,20.35,22.45,255.0,522.0,0.22397626617431637,True,PUT,2027-01-15,PEP
PEP270115P00170000,170.0,32.96,24.05,26.1,5.0,139.0,0.2241898870849609,True,PUT,2027-01-15,PEP
PEP270115P00175000,175.0,28.58,27.0,29.95,1.0,14.0,0.22422040435791013,True,PUT,2027-01-15,PEP
PEP270115P00180000,180.0,36.15,31.2,34.0,50.0,98.0,0.22449505981445309,True,PUT,2027-01-15,PEP
PEP270115P00185000,185.0,45.08,33.55,37.45,1.0,2.0,0.20569641967773436,True,PUT,2027-01-15,PEP
PEP270115P00190000,190.0,39.9,39.5,42.85,16.0,24.0,0.2327347235107422,True,PUT,2027-01-15,PEP
PEP270115P00195000,195.0,43.08,48.0,53.0,1.0,12.0,0.36322658264160157,True,PUT,2027-01-15,PEP
PEP280121C00110000,110.0,38.81,42.4,44.0,2.0,20.0,0.23276524078369143,True,CALL,2028-01-21,PEP
PEP280121C00115000,115.0,35.35,37.0,40.5,3.0,10.0,0.23880766082763671,True,CALL,2028-01-21,PEP
PEP280121C00120000,120.0,30.0,33.5,36.5,10.0,32.0,0.2314224807739258,True,CALL,2028-01-21,PEP
PEP280121C00125000,125.0,31.2,30.0,33.45,23.0,56.0,0.23667145172119142,True,CALL,2028-01-21,PEP
PEP280121C00130000,130.0,27.1,26.5,30.0,11.0,222.0,0.23221592987060546,True,CALL,2028-01-21,PEP
PEP280121C00135000,135.0,25.25,23.6,27.5,3.0,90.0,0.238014211730957,True,CALL,2028-01-21,PEP
PEP280121C00140000,140.0,22.7,20.5,24.25,6.0,132.0,0.23090368713378906,True,CALL,2028-01-21,PEP
PEP280121C00145000,145.0,19.93,18.4,21.1,4.0,198.0,0.2228776443481445,True,CALL,2028-01-21,PEP
PEP280121C00150000,150.0,15.41,16.25,18.8,17.0,116.0,0.22290816162109373,True,CALL,2028-01-21,PEP
PEP280121C00155000,155.0,14.05,13.5,16.8,56.0,101.0,0.22400678344726557,False,CALL,2028-01-21,PEP
PEP280121C00160000,160.0,12.2,12.15,13.9,86.0,153.0,0.21207452972412105,False,CALL,2028-01-21,PEP
PEP280121C00165000,165.0,10.3,9.5,13.5,258.0,260.0,0.22763833892822266,False,CALL,2028-01-21,PEP
PEP280121C00170000,170.0,8.95,8.25,10.9,44.0,441.0,0.21472953247070312,False,CALL,2028-01-21,PEP
PEP280121C00175000,175.0,7.96,6.8,9.2,6.0,236.0,0.21036556243896481,False,CALL,2028-01-21,PEP
PEP280121C00180000,180.0,6.75,5.0,7.5,12.0,855.0,0.20360598648071287,False,CALL,2028-01-21,PEP
PEP280121C00185000,185.0,4.8,4.0,7.95,50.0,122.0,0.2238999729919433,False,CALL,2028-01-21,PEP
PEP280121C00190000,190.0,3.95,3.0,7.0,10.0,76.0,0.22422040435791013,False,CALL,2028-01-21,PEP
PEP280121C00195000,195.0,4.86,3.5,7.3,1.0,2.0,0.24109645629882812,False,CALL,2028-01-21,PEP
PEP280121P00110000,110.0,4.0,2.57,4.85,2.0,35.0,0.2547071600341797,False,PUT,2028-01-21,PEP
PEP280121P00115000,115.0,5.34,4.8,6.5,2.0,84.0,0.2605359591674804,False,PUT,2028-01-21,PEP
PEP280121P00120000,120.0,6.6,4.5,7.65,2.0,169.0,0.2537306072998047,False,PUT,2028-01-21,PEP
PEP280121P00125000,125.0,7.8,6.0,9.7,1.0,137.0,0.25843026733398444,False,PUT,2028-01-21,PEP
PEP280121P00130000,130.0,9.4,7.5,11.45,1.0,87.0,0.25533276412963873,False,PUT,2028-01-21,PEP
PEP280121P00135000,135.0,10.84,10.4,13.0,3.0,81.0,0.24716939361572265,False,PUT,2028-01-21,PEP
PEP280121P00140000,140.0,12.7,11.0,15.0,1.0,105.0,0.24283594085693355,False,PUT,2028-01-21,PEP
PEP280121P00145000,145.0,15.31,13.0,17.0,1.0,179.0,0.23627472717285153,False,PUT,2028-01-21,PEP
PEP280121P00150000,150.0,19.67,16.65,19.5,10.0,153.0,0.23360446578979488,False,PUT,2028-01-21,PEP
PEP280121P00155000,155.0,19.85,19.2,20.85,24.0,22.0,0.21500418792724607,True,PUT,2028-01-21,PEP
PEP280121P00160000,160.0,28.41,21.0,25.0,11.0,10.0,0.22740945938110352,True,PUT,2028-01-21,PEP
PEP280121P00165000,165.0,28.95,24.0,27.5,2.0,5.0,0.2179643634033203,True,PUT,2028-01-21,PEP
PEP280121P00175000,175.0,34.1,35.1,38.35,,20.0,0.2641980319213867,True,PUT,2028-01-21,PEP
PEP280121P00190000,190.0,54.17,41.0,45.5,1.0,2.0,0.2054217642211914,True,PUT,2028-01-21,PEP
PFE260130C00019000,19.0,6.95,6.65,7.4,10.0,27.0,3.2070332324218747,True,CALL,2026-01-30,PFE
PFE260130C00020000,20.0,6.11,5.7,6.5,9.0,31.0,3.1171897070312498,True,CALL,2026-01-30,PFE
PFE260130C00020500,20.5,5.53,5.4,5.75,8.0,29.0,1.96875015625,True,CALL,2026-01-30,PFE
PFE260130C00021000,21.0,5.01,4.5,5.4,6.0,3.0,2.4062539843749997,True,CALL,2026-01-30,PFE
PFE260130C00021500,21.5,4.43,2.55,6.55,4.0,4.0,5.3789095263671864,True,CALL,2026-01-30,PFE
PFE260130C00022000,22.0,3.74,3.7,4.25,1.0,11.0,1.4921900390624998,True,CALL,2026-01-30,PFE
PFE260130C00022500,22.5,3.61,3.4,3.8,2.0,2.0,1.5312523437499999,True,CALL,2026-01-30,PFE
PFE260130C00023000,23.0,3.02,2.81,3.25,2.0,3.0,1.1796916015624999,True,CALL,2026-01-30,PFE
PFE260130C00023500,23.5,2.43,2.33,2.78,2.0,2.0,1.125004375,True,CALL,2026-01-30,PFE
PFE260130C00024000,24.0,1.99,1.89,2.29,1.0,34.0,0.9882813671875,True,CALL,2026-01-30,PFE
PFE260130C00024500,24.5,1.58,1.52,1.7,10.0,167.0,0.51562984375,True,CALL,2026-01-30,PFE
PFE260130C00025000,25.0,1.14,1.05,1.21,41.0,1305.0,0.42188078125,True,CALL,2026-01-30,PFE
PFE260130C00025500,25.5,0.66,0.61,0.72,274.0,3104.0,0.304694453125,True,CALL,2026-01-30,PFE
PFE260130C00026000,26.0,0.26,0.24,0.28,4542.0,20634.0,0.22266402343749997,True,CALL,2026-01-30,PFE
PFE260130C00026500,26.5,0.05,0.06,0.08,4822.0,24672.0,0.25586681640625003,False,CALL,2026-01-30,PFE
PFE260130C00027000,27.0,0.03,0.02,0.03,2690.0,26467.0,0.32031929687499994,False,CALL,2026-01-30,PFE
PFE260130C00027500,27.5,0.01,0.01,0.02,560.0,5848.0,0.42188078125,False,CALL,2026-01-30,PFE
PFE260130C00028000,28.0,0.01,0.0,0.01,1016.0,6473.0,0.4687553125,False,CALL,2026-01-30,PFE
PFE260130C00028500,28.5,0.01,0.0,0.03,104.0,2593.0,0.6093789062500001,False,CALL,2026-01-30,PFE
PFE260130C00029000,29.0,0.01,0.0,0.01,118.0,380.0,0.5937540625000001,False,CALL,2026-01-30,PFE
PFE260130C00030000,30.0,0.01,0.0,0.01,1.0,154.0,0.7812521875,False,CALL,2026-01-30,PFE
PFE260130C00031000,31.0,0.01,0.0,0.01,2.0,280.0,0.937500625,False,CALL,2026-01-30,PFE
PFE260130C00032000,32.0,0.01,0.0,0.01,2.0,4.0,1.09375453125,False,CALL,2026-01-30,PFE
PFE260130C00033000,33.0,0.01,0.0,0.01,,15.0,1.2500037499999999,False,CALL,2026-01-30,PFE
PFE260130P00019000,19.0,0.02,0.0,0.01,3.0,3.0,1.6875015625,False,PUT,2026-01-30,PFE
PFE260130P00020000,20.0,0.02,0.0,0.01,3.0,16.0,1.4375028125,False,PUT,2026-01-30,PFE
PFE260130P00021000,21.0,0.01,0.0,0.01,9.0,48.0,1.21875390625,False,PUT,2026-01-30,PFE
PFE260130P00021500,21.5,0.01,0.0,0.01,1.0,2.0,1.125004375,False,PUT,2026-01-30,PFE
PFE260130P00022000,22.0,0.01,0.0,0.01,3.0,84.0,0.9687503125,False,PUT,2026-01-30,PFE
PFE260130P00022500,22.5,0.01,0.0,0.01,10.0,14.0,0.87500125,False,PUT,2026-01-30,PFE
PFE260130P00023000,23.0,0.01,0.0,0.01,3.0,749.0,0.7500025,False,PUT,2026-01-30,PFE
PFE260130P00023500,23.5,0.01,0.0,0.01,3.0,363.0,0.6562534375000001,False,PUT,2026-01-30,PFE
PFE260130P00024000,24.0,0.01,0.0,0.01,23.0,4233.0,0.5312546875,False,PUT,2026-01-30,PFE
PFE260130P00024500,24.5,0.01,0.0,0.01,36.0,9523.0,0.4687553125,False,PUT,2026-01-30,PFE
PFE260130P00025000,25.0,0.01,0.0,0.01,493.0,9059.0,0.35156898437499995,False,PUT,2026-01-30,PFE
PFE260130P00025500,25.5,0.03,0.02,0.03,2841.0,6614.0,0.2929758203124999,False,PUT,2026-01-30,PFE
PFE260130P00026000,26.0,0.11,0.1,0.14,468.0,2678.0,0.28516339843749994,False,PUT,2026-01-30,PFE
PFE260130P00026500,26.5,0.46,0.38,0.48,120.0,625.0,0.38086556640624997,True,PUT,2026-01-30,PFE
PFE260130P00027000,27.0,0.9,0.83,1.01,2.0,1550.0,0.6367223828125,True,PUT,2026-01-30,PFE
PFE260130P00027500,27.5,1.3,1.31,1.69,1.0,25.0,0.804689453125,True,PUT,2026-01-30,PFE
PFE260130P00028000,28.0,2.06,1.8,2.18,2.0,3.0,0.9531254687499999,True,PUT,2026-01-30,PFE
PFE260130P00029000,29.0,3.17,2.72,3.35,1.0,4.0,1.3515657421874998,True,PUT,2026-01-30,PFE
PFE260130P00030000,30.0,4.07,3.8,4.3,2.0,3.0,1.6640641796875002,True,PUT,2026-01-30,PFE
PFE260206C00020000,20.0,6.03,5.85,6.25,115.0,3.0,1.0078174609375,True,CALL,2026-02-06,PFE
PFE260206C00022000,22.0,3.93,3.8,4.25,1.0,6.0,0.70312796875,True,CALL,2026-02-06,PFE
PFE260206C00023000,23.0,2.92,2.87,3.25,1.0,71.0,0.5546919531250001,True,CALL,2026-02-06,PFE
PFE260206C00024000,24.0,2.15,2.05,2.25,31.0,117.0,0.4101621484375,True,CALL,2026-02-06,PFE
PFE260206C00024500,24.5,1.25,1.72,1.78,1.0,31.0,0.37305314453125,True,CALL,2026-02-06,PFE
PFE260206C00025000,25.0,1.24,1.19,1.33,49.0,1604.0,0.3398503515625,True,CALL,2026-02-06,PFE
PFE260206C00025500,25.5,0.88,0.81,0.93,163.0,3123.0,0.3193427441406249,True,CALL,2026-02-06,PFE
PFE260206C00026000,26.0,0.57,0.56,0.6,2269.0,9940.0,0.30664755859375,True,CALL,2026-02-06,PFE
PFE260206C00026500,26.5,0.34,0.33,0.36,1500.0,5792.0,0.304694453125,False,CALL,2026-02-06,PFE
PFE260206C00027000,27.0,0.19,0.18,0.19,733.0,10300.0,0.29688203124999996,False,CALL,2026-02-06,PFE
PFE260206C00027500,27.5,0.1,0.1,0.11,219.0,4245.0,0.31250687499999996,False,CALL,2026-02-06,PFE
PFE260206C00028000,28.0,0.05,0.05,0.06,413.0,2509.0,0.3242255078124999,False,CALL,2026-02-06,PFE
PFE260206C00028500,28.5,0.03,0.01,0.05,72.0,202.0,0.367193828125,False,CALL,2026-02-06,PFE
PFE260206C00029000,29.0,0.01,0.01,0.04,11.0,116.0,0.4062559375,False,CALL,2026-02-06,PFE
PFE260206C00030000,30.0,0.03,0.0,0.01,1.0,55.0,0.4062559375,False,CALL,2026-02-06,PFE
PFE260206C00031000,31.0,0.01,0.0,0.75,1.0,8.0,1.0517625537109376,False,CALL,2026-02-06,PFE
PFE260206C00034000,34.0,0.01,0.0,0.02,1.0,26.0,0.70312796875,False,CALL,2026-02-06,PFE
PFE260206P00019000,19.0,0.01,0.0,0.01,10.0,12.0,0.8125018749999999,False,PUT,2026-02-06,PFE
PFE260206P00020000,20.0,0.01,0.0,0.02,89.0,135.0,0.7500025,False,PUT,2026-02-06,PFE
PFE260206P00021000,21.0,0.01,0.0,0.02,10.0,31.0,0.6250037500000001,False,PUT,2026-02-06,PFE
PFE260206P00022000,22.0,0.01,0.0,0.01,4.0,52.0,0.51562984375,False,PUT,2026-02-06,PFE
PFE260206P00022500,22.5,0.02,0.0,0.01,228.0,260.0,0.45313046875,False,PUT,2026-02-06,PFE
PFE260206P00023000,23.0,0.02,0.01,0.02,191.0,638.0,0.437505625,False,PUT,2026-02-06,PFE
PFE260206P00023500,23.5,0.02,0.0,0.03,100.0,117.0,0.4062559375,False,PUT,2026-02-06,PFE
PFE260206P00024000,24.0,0.03,0.02,0.04,139.0,2248.0,0.3632876171875,False,PUT,2026-02-06,PFE
PFE260206P00024500,24.5,0.05,0.05,0.07,144.0,1237.0,0.34180345703125,False,PUT,2026-02-06,PFE
PFE260206P00025000,25.0,0.11,0.11,0.12,1152.0,7360.0,0.31641308593749995,False,PUT,2026-02-06,PFE
PFE260206P00025500,25.5,0.22,0.21,0.24,319.0,3311.0,0.31641308593749995,False,PUT,2026-02-06,PFE
PFE260206P00026000,26.0,0.4,0.39,0.4,118.0,1839.0,0.2978585839843749,False,PUT,2026-02-06,PFE
PFE260206P00027000,27.0,1.1,0.98,1.11,3.0,179.0,0.3711000390625,True,PUT,2026-02-06,PFE
PFE260206P00028000,28.0,1.9,1.84,1.95,14.0,32.0,0.4101621484375,True,PUT,2026-02-06,PFE
PFE260206P00030000,30.0,4.74,3.75,4.2,,1.0,0.6992217578125001,True,PUT,2026-02-06,PFE
PFE260213C00020000,20.0,5.75,5.85,6.25,,0.0,0.7539087109375,True,CALL,2026-02-13,PFE
PFE260213C00023000,23.0,2.59,2.9,3.3,,0.0,0.4804739453125,True,CALL,2026-02-13,PFE
PFE260213C00024000,24.0,2.28,1.95,2.32,3.0,12.0,0.37695935546875,True,CALL,2026-02-13,PFE
PFE260213C00025000,25.0,1.24,1.24,1.48,2.0,76.0,0.34668622070312494,True,CALL,2026-02-13,PFE
PFE260213C00026000,26.0,0.71,0.66,0.74,316.0,4096.0,0.29492892578124996,True,CALL,2026-02-13,PFE
PFE260213C00027000,27.0,0.29,0.26,0.31,130.0,3325.0,0.28613995117187496,False,CALL,2026-02-13,PFE
PFE260213C00028000,28.0,0.11,0.1,0.12,520.0,852.0,0.29688203124999996,False,CALL,2026-02-13,PFE
PFE260213C00029000,29.0,0.1,0.03,0.05,50.0,131.0,0.31836619140624994,False,CALL,2026-02-13,PFE
PFE260213C00030000,30.0,0.05,0.0,0.09,6.0,9.0,0.45313046875,False,CALL,2026-02-13,PFE
PFE260213C00031000,31.0,0.02,0.0,0.98,20.0,2.0,0.867188828125,False,CALL,2026-02-13,PFE
PFE260213C00032000,32.0,0.02,0.0,1.0,,1.0,0.9707034179687499,False,CALL,2026-02-13,PFE
PFE260213C00033000,33.0,0.02,0.0,1.0,,1.0,1.0605515722656251,False,CALL,2026-02-13,PFE
PFE260213P00019000,19.0,0.03,0.0,0.04,1.0,1.0,0.7187528125,False,PUT,2026-02-13,PFE
PFE260213P00021000,21.0,0.04,0.0,0.06,4.0,10.0,0.5546919531250001,False,PUT,2026-02-13,PFE
PFE260213P00022000,22.0,0.01,0.0,0.08,5.0,195.0,0.5507857421875001,False,PUT,2026-02-13,PFE
PFE260213P00023000,23.0,0.02,0.0,0.35,14.0,256.0,0.5410202148437502,False,PUT,2026-02-13,PFE
PFE260213P00024000,24.0,0.07,0.06,0.08,16.0,838.0,0.3242255078124999,False,PUT,2026-02-13,PFE
PFE260213P00025000,25.0,0.2,0.18,0.21,57.0,1314.0,0.29688203124999996,False,PUT,2026-02-13,PFE
PFE260213P00026000,26.0,0.55,0.49,0.56,25.0,422.0,0.2978585839843749,False,PUT,2026-02-13,PFE
PFE260213P00027000,27.0,1.35,1.07,1.22,23.0,85.0,0.33399103515625,True,PUT,2026-02-13,PFE
PFE260213P00028000,28.0,2.13,1.89,2.23,72.0,68.0,0.48242705078125003,True,PUT,2026-02-13,PFE
PFE260213P00029000,29.0,2.58,2.82,3.2,27.0,26.0,0.586918193359375,True,PUT,2026-02-13,PFE
PFE260220C00019000,19.0,5.86,0.0,0.0,1.0,0.0,1.0000000000000003e-05,True,CALL,2026-02-20,PFE
PFE260220C00020000,20.0,6.43,5.85,6.3,24.0,100.0,0.70898728515625,True,CALL,2026-02-20,PFE
PFE260220C00021000,21.0,5.5,4.85,5.3,2.0,55.0,0.6035195898437502,True,CALL,2026-02-20,PFE
PFE260220C00022000,22.0,4.7,3.7,4.3,1.0,12.0,0.5019581054687501,True,CALL,2026-02-20,PFE
PFE260220C00023000,23.0,3.58,2.93,3.35,1.0,355.0,0.44336494140625,True,CALL,2026-02-20,PFE
PFE260220C00024000,24.0,2.1,2.02,2.39,3.0,1475.0,0.36133451171875,True,CALL,2026-02-20,PFE
PFE260220C00024500,24.5,1.87,1.57,1.94,1.0,27.0,0.3320379296875,True,CALL,2026-02-20,PFE
PFE260220C00025000,25.0,1.45,1.34,1.5,136.0,4490.0,0.29883513671874995,True,CALL,2026-02-20,PFE
PFE260220C00025500,25.5,1.01,1.0,1.1,13.0,2376.0,0.27246821289062495,True,CALL,2026-02-20,PFE
PFE260220C00026000,26.0,0.72,0.77,0.8,726.0,36532.0,0.2695385546875,True,CALL,2026-02-20,PFE
PFE260220C00026500,26.5,0.53,0.54,0.56,958.0,6571.0,0.26758544921875,False,CALL,2026-02-20,PFE
PFE260220C00027000,27.0,0.36,0.34,0.36,839.0,43075.0,0.25977302734375,False,CALL,2026-02-20,PFE
PFE260220C00027500,27.5,0.22,0.21,0.24,111.0,4449.0,0.26563234375,False,CALL,2026-02-20,PFE
PFE260220C00028000,28.0,0.14,0.13,0.15,238.0,18994.0,0.266608896484375,False,CALL,2026-02-20,PFE
PFE260220C00028500,28.5,0.09,0.08,0.1,6.0,1699.0,0.27539787109374997,False,CALL,2026-02-20,PFE
PFE260220C00029000,29.0,0.08,0.06,0.08,76.0,12175.0,0.29688203124999996,False,CALL,2026-02-20,PFE
PFE260220C00029500,29.5,0.07,0.0,0.08,6.0,8.0,0.3320379296875,False,CALL,2026-02-20,PFE
PFE260220C00030000,30.0,0.04,0.03,0.06,109.0,16290.0,0.3437565625,False,CALL,2026-02-20,PFE
PFE260220C00031000,31.0,0.03,0.01,0.03,42.0,904.0,0.35938140625,False,CALL,2026-02-20,PFE
PFE260220C00032000,32.0,0.02,0.0,0.03,2.0,827.0,0.414068359375,False,CALL,2026-02-20,PFE
PFE260220C00033000,33.0,0.01,0.0,0.05,9.0,211.0,0.5039112109375,False,CALL,2026-02-20,PFE
PFE260220C00034000,34.0,0.01,0.0,0.08,5.0,33.0,0.5351608984375,False,CALL,2026-02-20,PFE
PFE260220P00019000,19.0,0.03,0.0,0.02,40.0,229.0,0.5468795312500001,False,PUT,2026-02-20,PFE
PFE260220P00020000,20.0,0.01,0.0,0.02,12.0,1235.0,0.51562984375,False,PUT,2026-02-20,PFE
PFE260220P00021000,21.0,0.02,0.0,0.04,3.0,2309.0,0.48438015625,False,PUT,2026-02-20,PFE
PFE260220P00022000,22.0,0.02,0.02,0.03,12.0,2247.0,0.3789124609375,False,PUT,2026-02-20,PFE
PFE260220P00022500,22.5,0.07,0.01,0.05,1.0,5.0,0.3711000390625,False,PUT,2026-02-20,PFE
PFE260220P00023000,23.0,0.05,0.04,0.05,54.0,121005.0,0.32813171874999997,False,PUT,2026-02-20,PFE
PFE260220P00023500,23.5,0.07,0.05,0.11,1.0,169.0,0.34570966796874997,False,PUT,2026-02-20,PFE
PFE260220P00024000,24.0,0.08,0.08,0.09,33.0,52454.0,0.27930408203124996,False,PUT,2026-02-20,PFE
PFE260220P00024500,24.5,0.15,0.13,0.15,27.0,9673.0,0.27149166015625,False,PUT,2026-02-20,PFE
PFE260220P00025000,25.0,0.22,0.21,0.23,258.0,35773.0,0.257819921875,False,PUT,2026-02-20,PFE
PFE260220P00025500,25.5,0.38,0.34,0.38,86.0,1556.0,0.257819921875,False,PUT,2026-02-20,PFE
PFE260220P00026000,26.0,0.59,0.53,0.56,118.0,2987.0,0.24805439453125,False,PUT,2026-02-20,PFE
PFE260220P00026500,26.5,0.85,0.8,0.84,48.0,991.0,0.25440198730468755,True,PUT,2026-02-20,PFE
PFE260220P00027000,27.0,1.2,1.12,1.23,17.0,734.0,0.28321029296874994,True,PUT,2026-02-20,PFE
PFE260220P00027500,27.5,1.85,1.48,1.82,5.0,32.0,0.383795224609375,True,PUT,2026-02-20,PFE
PFE260220P00028000,28.0,2.1,1.87,2.25,18.0,215.0,0.411138701171875,True,PUT,2026-02-20,PFE
PFE260220P00028500,28.5,2.74,2.34,2.72,,10.0,0.450200810546875,True,PUT,2026-02-20,PFE
PFE260220P00029000,29.0,3.01,2.83,3.05,6.0,49.0,0.407232490234375,True,PUT,2026-02-20,PFE
PFE260220P00030000,30.0,3.87,3.8,4.2,1.0,0.0,0.5800823242187501,True,PUT,2026-02-20,PFE
PFE260220P00031000,31.0,6.0,4.8,5.2,5.0,0.0,0.5312546875,True,PUT,2026-02-20,PFE
PFE260220P00032000,32.0,6.8,5.15,6.9,2.0,6.0,0.6210975390625001,True,PUT,2026-02-20,PFE
PFE260220P00033000,33.0,8.1,0.0,0.0,20.0,20.0,1.0000000000000003e-05,True,PUT,2026-02-20,PFE
PFE260220P00034000,34.0,8.4,6.6,9.05,1.0,0.0,1.334964262695312,True,PUT,2026-02-20,PFE
PFE260227C00021000,21.0,6.28,3.25,7.15,72.0,0.0,1.5146508642578125,True,CALL,2026-02-27,PFE
PFE260227C00023000,23.0,3.34,2.97,3.4,2.0,3.0,0.42188078125,True,CALL,2026-02-27,PFE
PFE260227C00023500,23.5,3.1,2.28,2.89,4.0,14.0,0.366217275390625,True,CALL,2026-02-27,PFE
PFE260227C00024000,24.0,2.39,2.06,2.46,82.0,36.0,0.35352208984374994,True,CALL,2026-02-27,PFE
PFE260227C00024500,24.5,1.62,1.64,2.02,63.0,10.0,0.327155166015625,True,CALL,2026-02-27,PFE
PFE260227C00025000,25.0,1.51,1.42,1.61,52.0,299.0,0.305671005859375,True,CALL,2026-02-27,PFE
PFE260227C00025500,25.5,1.18,1.07,1.2,1.0,843.0,0.274421318359375,True,CALL,2026-02-27,PFE
PFE260227C00026000,26.0,0.78,0.78,0.88,23.0,1677.0,0.26270268554687504,True,CALL,2026-02-27,PFE
PFE260227C00026500,26.5,0.6,0.58,0.66,99.0,1161.0,0.26807372558593745,False,CALL,2026-02-27,PFE
PFE260227C00027000,27.0,0.43,0.4,0.45,142.0,1928.0,0.2602613037109375,False,CALL,2026-02-27,PFE
PFE260227C00027500,27.5,0.27,0.26,0.31,17.0,1506.0,0.2612378564453125,False,CALL,2026-02-27,PFE
PFE260227C00028000,28.0,0.2,0.18,0.22,57.0,786.0,0.26856200195312496,False,CALL,2026-02-27,PFE
PFE260227C00028500,28.5,0.14,0.12,0.15,1.0,162.0,0.27149166015625,False,CALL,2026-02-27,PFE
PFE260227C00029000,29.0,0.09,0.08,0.11,9.0,115.0,0.282233740234375,False,CALL,2026-02-27,PFE
PFE260227C00029500,29.5,0.08,0.04,0.5,8.0,66.0,0.5210008837890624,False,CALL,2026-02-27,PFE
PFE260227C00030000,30.0,0.06,0.03,0.06,163.0,374.0,0.3007882421875,False,CALL,2026-02-27,PFE
PFE260227C00031000,31.0,0.04,0.0,0.2,4.0,19.0,0.47461462890625,False,CALL,2026-02-27,PFE
PFE260227C00033000,33.0,0.3,0.0,2.14,,2.0,1.0312548437500002,False,CALL,2026-02-27,PFE
PFE260227C00034000,34.0,0.04,0.0,1.25,,1.0,0.9003916210937499,False,CALL,2026-02-27,PFE
PFE260227P00020500,20.5,0.05,0.0,2.13,,1.0,1.1787150439453122,False,PUT,2026-02-27,PFE
PFE260227P00022000,22.0,0.02,0.0,1.14,3.0,53.0,0.7304714453125,False,PUT,2026-02-27,PFE
PFE260227P00022500,22.5,0.09,0.0,0.18,2.0,67.0,0.44727115234375,False,PUT,2026-02-27,PFE
PFE260227P00023000,23.0,0.05,0.0,0.48,5.0,53.0,0.5664105859375,False,PUT,2026-02-27,PFE
PFE260227P00023500,23.5,0.08,0.07,0.2,3.0,183.0,0.3632876171875,False,PUT,2026-02-27,PFE
PFE260227P00024000,24.0,0.14,0.11,0.13,35.0,316.0,0.27246821289062495,False,PUT,2026-02-27,PFE
PFE260227P00024500,24.5,0.25,0.16,0.2,61.0,4307.0,0.26367923828125,False,PUT,2026-02-27,PFE
PFE260227P00025000,25.0,0.27,0.25,0.28,70.0,525.0,0.247077841796875,False,PUT,2026-02-27,PFE
PFE260227P00025500,25.5,0.44,0.4,0.42,12.0,293.0,0.24024197265624997,False,PUT,2026-02-27,PFE
PFE260227P00026000,26.0,0.66,0.59,0.76,19.0,62.0,0.2846751220703124,False,PUT,2026-02-27,PFE
PFE260227P00026500,26.5,0.7,0.82,1.07,1.0,11.0,0.299811689453125,True,PUT,2026-02-27,PFE
PFE260227P00027000,27.0,1.21,1.17,1.38,20.0,42.0,0.3007882421875,True,PUT,2026-02-27,PFE
PFE260227P00027500,27.5,1.39,1.49,1.73,39.0,43.0,0.30274134765625,True,PUT,2026-02-27,PFE
PFE260227P00029000,29.0,3.52,2.79,3.45,,0.0,0.5336960693359375,True,PUT,2026-02-27,PFE
PFE260306C00025000,25.0,1.6,1.5,1.63,11.0,27.0,0.2827220166015625,True,CALL,2026-03-06,PFE
PFE260306C00025500,25.5,1.2,1.16,1.26,105.0,55.0,0.266608896484375,True,CALL,2026-03-06,PFE
PFE260306C00026000,26.0,0.9,0.83,1.01,2.0,245.0,0.2758861474609374,True,CALL,2026-03-06,PFE
PFE260306C00026500,26.5,0.72,0.62,0.75,6.0,248.0,0.26856200195312496,False,CALL,2026-03-06,PFE
PFE260306C00027000,27.0,0.47,0.45,0.51,142.0,334.0,0.25391371093750004,False,CALL,2026-03-06,PFE
PFE260306C00027500,27.5,0.34,0.32,0.37,20.0,246.0,0.256843369140625,False,CALL,2026-03-06,PFE
PFE260306C00028000,28.0,0.24,0.19,0.26,2.0,405.0,0.257819921875,False,CALL,2026-03-06,PFE
PFE260306C00028500,28.5,0.16,0.15,0.2,3.0,237.0,0.2695385546875,False,CALL,2026-03-06,PFE
PFE260306C00029000,29.0,0.14,0.1,0.2,1.0,51.0,0.30371790039062496,False,CALL,2026-03-06,PFE
PFE260306C00030000,30.0,0.05,0.05,0.08,105.0,38.0,0.2890696093749999,False,CALL,2026-03-06,PFE
PFE260306C00030500,30.5,0.05,0.0,0.48,1.0,12.0,0.532231240234375,False,CALL,2026-03-06,PFE
PFE260306P00023500,23.5,0.11,0.08,2.2,2.0,44.0,0.70898728515625,False,PUT,2026-03-06,PFE
PFE260306P00024000,24.0,0.17,0.01,0.17,2.0,38.0,0.26758544921875,False,PUT,2026-03-06,PFE
PFE260306P00024500,24.5,0.23,0.19,0.25,45.0,83.0,0.25977302734375,False,PUT,2026-03-06,PFE
PFE260306P00025000,25.0,0.33,0.3,0.34,115.0,191.0,0.245124736328125,False,PUT,2026-03-06,PFE
PFE260306P00025500,25.5,0.53,0.45,0.52,43.0,92.0,0.249030947265625,False,PUT,2026-03-06,PFE
PFE260306P00026000,26.0,0.72,0.65,0.76,102.0,74.0,0.2563550927734375,False,PUT,2026-03-06,PFE
PFE260306P00026500,26.5,1.0,0.91,1.05,10.0,45.0,0.26416751464843746,True,PUT,2026-03-06,PFE
PFE260320C00019000,19.0,6.98,5.85,9.2,100.0,5.0,0.719729365234375,True,CALL,2026-03-20,PFE
PFE260320C00020000,20.0,6.25,6.05,6.45,2.0,2197.0,0.586918193359375,True,CALL,2026-03-20,PFE
PFE260320C00021000,21.0,5.81,4.95,5.7,3.0,117.0,0.629886513671875,True,CALL,2026-03-20,PFE
PFE260320C00022000,22.0,4.21,4.1,4.75,6.0,124.0,0.5585981640625001,True,CALL,2026-03-20,PFE
PFE260320C00023000,23.0,3.1,3.15,3.45,6.0,1715.0,0.34668622070312494,True,CALL,2026-03-20,PFE
PFE260320C00024000,24.0,2.5,2.37,2.54,143.0,7626.0,0.3012765185546875,True,CALL,2026-03-20,PFE
PFE260320C00025000,25.0,1.65,1.64,1.75,140.0,22422.0,0.2758861474609374,True,CALL,2026-03-20,PFE
PFE260320C00026000,26.0,1.1,1.08,1.1,903.0,28040.0,0.25830819824218754,True,CALL,2026-03-20,PFE
PFE260320C00027000,27.0,0.62,0.61,0.66,664.0,48118.0,0.2563550927734375,False,CALL,2026-03-20,PFE
PFE260320C00028000,28.0,0.35,0.34,0.38,1163.0,46647.0,0.25928475097656256,False,CALL,2026-03-20,PFE
PFE260320C00029000,29.0,0.2,0.19,0.22,1235.0,45799.0,0.26758544921875,False,CALL,2026-03-20,PFE
PFE260320C00030000,30.0,0.11,0.11,0.12,212.0,73558.0,0.27246821289062495,False,CALL,2026-03-20,PFE
PFE260320C00031000,31.0,0.1,0.05,0.1,82.0,3202.0,0.305671005859375,False,CALL,2026-03-20,PFE
PFE260320C00032000,32.0,0.05,0.04,0.06,12.0,16085.0,0.31250687499999996,False,CALL,2026-03-20,PFE
PFE260320C00033000,33.0,0.03,0.03,0.04,26.0,25729.0,0.32617861328125,False,CALL,2026-03-20,PFE
PFE260320C00034000,34.0,0.04,0.02,0.04,4.0,666.0,0.35938140625,False,CALL,2026-03-20,PFE
PFE260320P00019000,19.0,0.01,0.0,0.1,5.0,5521.0,0.53320779296875,False,PUT,2026-03-20,PFE
PFE260320P00020000,20.0,0.03,0.02,0.03,82.0,9355.0,0.367193828125,False,PUT,2026-03-20,PFE
PFE260320P00021000,21.0,0.05,0.03,0.04,3.0,4432.0,0.32617861328125,False,PUT,2026-03-20,PFE
PFE260320P00022000,22.0,0.1,0.05,0.1,1.0,32178.0,0.32617861328125,False,PUT,2026-03-20,PFE
PFE260320P00023000,23.0,0.12,0.1,0.13,130.0,24555.0,0.278327529296875,False,PUT,2026-03-20,PFE
PFE260320P00024000,24.0,0.22,0.2,0.22,144.0,20081.0,0.249030947265625,False,PUT,2026-03-20,PFE
PFE260320P00025000,25.0,0.42,0.4,0.43,1103.0,30639.0,0.23633576171874998,False,PUT,2026-03-20,PFE
PFE260320P00026000,26.0,0.82,0.77,0.81,131.0,8801.0,0.231452998046875,False,PUT,2026-03-20,PFE
PFE260320P00027000,27.0,1.39,1.32,1.43,11.0,7087.0,0.24414818359375,True,PUT,2026-03-20,PFE
PFE260320P00028000,28.0,2.1,1.99,2.29,5.0,820.0,0.2885813330078124,True,PUT,2026-03-20,PFE
PFE260320P00029000,29.0,3.24,2.83,3.5,4.0,30578.0,0.4243221630859375,True,PUT,2026-03-20,PFE
PFE260320P00030000,30.0,3.55,3.8,4.1,53.0,658.0,0.35108070800781244,True,PUT,2026-03-20,PFE
PFE260320P00031000,31.0,5.87,4.75,6.95,2.0,5.0,0.6626010302734376,True,PUT,2026-03-20,PFE
PFE260320P00032000,32.0,6.95,4.7,6.7,9.0,1.0,0.6762727685546877,True,PUT,2026-03-20,PFE
PFE260320P00033000,33.0,8.01,5.75,8.95,2.0,0.0,0.6079140771484376,True,PUT,2026-03-20,PFE
PFE260417C00019000,19.0,6.87,5.95,8.35,3.0,7.0,0.8959971337890623,True,CALL,2026-04-17,PFE
PFE260417C00020000,20.0,6.5,6.0,6.45,6.0,80.0,0.471684970703125,True,CALL,2026-04-17,PFE
PFE260417C00021000,21.0,5.79,5.0,5.5,4.0,74.0,0.4282283740234375,True,CALL,2026-04-17,PFE
PFE260417C00022000,22.0,4.24,4.1,4.55,2.0,135.0,0.38086556640624997,True,CALL,2026-04-17,PFE
PFE260417C00023000,23.0,3.37,3.3,3.6,34.0,509.0,0.32910827148437494,True,CALL,2026-04-17,PFE
PFE260417C00024000,24.0,2.7,2.4,2.8,1.0,2245.0,0.31250687499999996,True,CALL,2026-04-17,PFE
PFE260417C00025000,25.0,1.95,1.86,1.97,75.0,5202.0,0.27197993652343744,True,CALL,2026-04-17,PFE
PFE260417C00026000,26.0,1.33,1.31,1.35,876.0,7730.0,0.25928475097656256,True,CALL,2026-04-17,PFE
PFE260417C00027000,27.0,0.86,0.84,0.87,199.0,8766.0,0.25049577636718745,False,CALL,2026-04-17,PFE
PFE260417C00028000,28.0,0.52,0.5,0.54,274.0,9529.0,0.247077841796875,False,CALL,2026-04-17,PFE
PFE260417C00029000,29.0,0.31,0.31,0.33,116.0,3070.0,0.2485426708984375,False,CALL,2026-04-17,PFE
PFE260417C00030000,30.0,0.19,0.18,0.2,16.0,4109.0,0.25196060546875,False,CALL,2026-04-17,PFE
PFE260417C00031000,31.0,0.12,0.1,0.14,9.0,944.0,0.2661206201171875,False,CALL,2026-04-17,PFE
PFE260417C00032000,32.0,0.11,0.04,0.11,50.0,353.0,0.28516339843749994,False,CALL,2026-04-17,PFE
PFE260417C00033000,33.0,0.06,0.05,0.08,6.0,1455.0,0.2978585839843749,False,CALL,2026-04-17,PFE
PFE260417C00034000,34.0,0.04,0.0,0.13,16.0,26.0,0.36133451171875,False,CALL,2026-04-17,PFE
PFE260417P00019000,19.0,0.02,0.01,0.06,66.0,3787.0,0.38672488281249995,False,PUT,2026-04-17,PFE
PFE260417P00020000,20.0,0.04,0.02,0.07,100.0,3710.0,0.3437565625,False,PUT,2026-04-17,PFE
PFE260417P00021000,21.0,0.05,0.03,0.12,15.0,5515.0,0.32910827148437494,False,PUT,2026-04-17,PFE
PFE260417P00022000,22.0,0.1,0.08,0.17,33.0,5522.0,0.299811689453125,False,PUT,2026-04-17,PFE
PFE260417P00023000,23.0,0.18,0.16,0.19,5.0,14622.0,0.2500075,False,PUT,2026-04-17,PFE
PFE260417P00024000,24.0,0.31,0.31,0.32,77.0,10434.0,0.23194127441406248,False,PUT,2026-04-17,PFE
PFE260417P00025000,25.0,0.57,0.54,0.57,116.0,17502.0,0.22315229980468748,False,PUT,2026-04-17,PFE
PFE260417P00026000,26.0,0.96,0.93,0.97,318.0,3153.0,0.21900195068359374,False,PUT,2026-04-17,PFE
PFE260417P00027000,27.0,1.6,1.46,1.58,10.0,497.0,0.22852333984375,True,PUT,2026-04-17,PFE
PFE260417P00028000,28.0,2.5,2.09,2.47,2.0,228.0,0.2739330419921875,True,PUT,2026-04-17,PFE
PFE260417P00029000,29.0,2.55,2.95,3.3,1.0,92.0,0.2910227148437499,True,PUT,2026-04-17,PFE
PFE260417P00030000,30.0,4.01,3.85,4.05,2.0,654.0,0.2651440673828125,True,PUT,2026-04-17,PFE
PFE260417P00031000,31.0,5.08,4.75,5.2,22.0,26.0,0.358404853515625,True,PUT,2026-04-17,PFE
PFE260417P00032000,32.0,7.0,4.8,7.3,4.0,0.0,0.6879914013671876,True,PUT,2026-04-17,PFE
PFE260417P00033000,33.0,8.3,5.75,8.3,,0.0,0.7358424853515625,True,PUT,2026-04-17,PFE
PFE260417P00034000,34.0,8.42,6.7,9.3,1.0,0.0,0.7807639111328125,True,PUT,2026-04-17,PFE
PFE260618C00019000,19.0,7.05,6.85,7.5,20.0,3.0,0.42139250488281255,True,CALL,2026-06-18,PFE
PFE260618C00020000,20.0,6.45,6.35,6.5,21.0,1350.0,0.36914693359375,True,CALL,2026-06-18,PFE
PFE260618C00021000,21.0,5.84,5.15,5.6,3.0,311.0,0.34961587890624996,True,CALL,2026-06-18,PFE
PFE260618C00022000,22.0,5.0,4.25,4.7,1.0,151.0,0.3227606787109374,True,CALL,2026-06-18,PFE
PFE260618C00023000,23.0,3.67,3.6,3.85,1.0,5821.0,0.3007882421875,True,CALL,2026-06-18,PFE
PFE260618C00024000,24.0,2.97,2.89,3.05,41.0,1157.0,0.28003649658203117,True,CALL,2026-06-18,PFE
PFE260618C00025000,25.0,2.28,2.2,2.31,147.0,15164.0,0.25977302734375,True,CALL,2026-06-18,PFE
PFE260618C00026000,26.0,1.66,1.63,1.7,380.0,8111.0,0.24805439453125,True,CALL,2026-06-18,PFE
PFE260618C00027000,27.0,1.14,1.21,1.23,179.0,28314.0,0.243171630859375,False,CALL,2026-06-18,PFE
PFE260618C00028000,28.0,0.84,0.86,0.89,404.0,13429.0,0.24414818359375,False,CALL,2026-06-18,PFE
PFE260618C00029000,29.0,0.6,0.6,0.61,196.0,5118.0,0.241218525390625,False,CALL,2026-06-18,PFE
PFE260618C00030000,30.0,0.41,0.41,0.43,801.0,49846.0,0.24414818359375,False,CALL,2026-06-18,PFE
PFE260618C00031000,31.0,0.3,0.29,0.31,1012.0,968.0,0.24951922363281248,False,CALL,2026-06-18,PFE
PFE260618C00032000,32.0,0.22,0.2,0.22,13.0,11438.0,0.2534254345703125,False,CALL,2026-06-18,PFE
PFE260618C00033000,33.0,0.16,0.1,0.2,11.0,514.0,0.273444765625,False,CALL,2026-06-18,PFE
PFE260618P00019000,19.0,0.28,0.05,0.14,3.0,59.0,0.344733115234375,False,PUT,2026-06-18,PFE
PFE260618P00020000,20.0,0.13,0.11,0.15,50.0,26487.0,0.304694453125,False,PUT,2026-06-18,PFE
PFE260618P00021000,21.0,0.2,0.14,0.21,11.0,8959.0,0.2846751220703124,False,PUT,2026-06-18,PFE
PFE260618P00022000,22.0,0.34,0.29,0.37,22.0,14295.0,0.2866282275390625,False,PUT,2026-06-18,PFE
PFE260618P00023000,23.0,0.47,0.45,0.47,145.0,38040.0,0.25928475097656256,False,PUT,2026-06-18,PFE
PFE260618P00024000,24.0,0.71,0.69,0.71,406.0,7839.0,0.2524488818359375,False,PUT,2026-06-18,PFE
PFE260618P00025000,25.0,1.05,1.02,1.05,38.0,35365.0,0.24829853271484376,False,PUT,2026-06-18,PFE
PFE260618P00026000,26.0,1.52,1.46,1.48,1556.0,3583.0,0.24341576904296874,False,PUT,2026-06-18,PFE
PFE260618P00027000,27.0,2.11,2.0,2.03,66.0,11217.0,0.2417068017578125,True,PUT,2026-06-18,PFE
PFE260618P00028000,28.0,2.74,2.55,2.73,60.0,570.0,0.24927508544921873,True,PUT,2026-06-18,PFE
PFE260618P00029000,29.0,3.54,3.35,3.7,5.0,243.0,0.2910227148437499,True,PUT,2026-06-18,PFE
PFE260618P00030000,30.0,4.45,4.2,4.45,1.0,3541.0,0.2868723657226562,True,PUT,2026-06-18,PFE
PFE260618P00031000,31.0,6.18,0.0,0.0,22.0,5.0,1.0000000000000003e-05,True,PUT,2026-06-18,PFE
PFE260618P00032000,32.0,6.96,5.95,6.5,30.0,7700.0,0.3676821044921875,True,PUT,2026-06-18,PFE
PFE260618P00033000,33.0,7.79,6.9,7.4,2.0,2.0,0.37793590820312495,True,PUT,2026-06-18,PFE
PFE260918C00020000,20.0,6.39,6.25,6.6,10.0,429.0,0.313483427734375,True,CALL,2026-09-18,PFE
PFE260918C00021000,21.0,4.91,4.35,6.45,,1.0,0.4304256176757813,True,CALL,2026-09-18,PFE
PFE260918C00022000,22.0,4.7,4.6,4.8,14.0,2400.0,0.2695385546875,True,CALL,2026-09-18,PFE
PFE260918C00023000,23.0,3.89,3.45,4.15,1.0,15.0,0.2810130493164062,True,CALL,2026-09-18,PFE
PFE260918C00024000,24.0,2.82,2.91,3.35,103.0,352.0,0.25977302734375,True,CALL,2026-09-18,PFE
PFE260918C00025000,25.0,2.52,2.43,2.64,4.0,14826.0,0.24414818359375,True,CALL,2026-09-18,PFE
PFE260918C00026000,26.0,1.94,1.94,2.15,102.0,874.0,0.24732197998046873,True,CALL,2026-09-18,PFE
PFE260918C00027000,27.0,1.56,1.55,1.64,17.0,15564.0,0.23853300537109373,False,CALL,2026-09-18,PFE
PFE260918C00028000,28.0,1.18,1.09,1.32,7.0,1569.0,0.24390404541015626,False,CALL,2026-09-18,PFE
PFE260918C00029000,29.0,0.88,0.86,1.0,100.0,1041.0,0.24097438720703124,False,CALL,2026-09-18,PFE
PFE260918C00030000,30.0,0.71,0.68,0.75,35.0,17341.0,0.23926541992187497,False,CALL,2026-09-18,PFE
PFE260918C00031000,31.0,0.54,0.49,0.57,6.0,183.0,0.24024197265624997,False,CALL,2026-09-18,PFE
PFE260918C00032000,32.0,0.42,0.38,0.44,77.0,4069.0,0.243171630859375,False,CALL,2026-09-18,PFE
PFE260918C00033000,33.0,0.3,0.28,0.34,1.0,31.0,0.2461012890625,False,CALL,2026-09-18,PFE
PFE260918P00019000,19.0,0.21,0.15,0.27,1.0,464.0,0.3154365332031249,False,PUT,2026-09-18,PFE
PFE260918P00020000,20.0,0.33,0.24,0.37,22.0,13221.0,0.30371790039062496,False,PUT,2026-09-18,PFE
PFE260918P00021000,21.0,0.43,0.37,0.48,12.0,666.0,0.2876047802734374,False,PUT,2026-09-18,PFE
PFE260918P00022000,22.0,0.69,0.54,0.7,116.0,24825.0,0.2858958129882812,False,PUT,2026-09-18,PFE
PFE260918P00023000,23.0,0.65,0.72,0.87,82.0,371.0,0.26734131103515624,False,PUT,2026-09-18,PFE
PFE260918P00024000,24.0,1.18,1.06,1.17,54.0,2085.0,0.2612378564453125,False,PUT,2026-09-18,PFE
PFE260918P00025000,25.0,1.61,1.4,1.61,106.0,37424.0,0.2644116528320312,False,PUT,2026-09-18,PFE
PFE260918P00026000,26.0,2.1,1.92,2.17,136.0,172.0,0.2727123510742187,False,PUT,2026-09-18,PFE
PFE260918P00027000,27.0,2.7,2.34,2.71,15.0,4387.0,0.26978269287109374,True,PUT,2026-09-18,PFE
PFE260918P00030000,30.0,4.65,4.45,4.8,1.0,219.0,0.2732006274414062,True,PUT,2026-09-18,PFE
PFE260918P00032000,32.0,7.06,6.2,6.9,1.0,89.0,0.3461979443359374,True,PUT,2026-09-18,PFE
PFE260918P00033000,33.0,7.4,7.05,7.8,5.0,7.0,0.35816071533203125,True,PUT,2026-09-18,PFE
PFE261218C00020000,20.0,6.45,4.5,6.75,2.0,2109.0,0.2951730639648437,True,CALL,2026-12-18,PFE
PFE261218C00023000,23.0,4.04,3.95,4.25,1.0,6135.0,0.25098405273437496,True,CALL,2026-12-18,PFE
PFE261218C00025000,25.0,2.87,2.79,2.93,51.0,8819.0,0.23804472900390622,True,CALL,2026-12-18,PFE
PFE261218C00027000,27.0,1.92,1.92,2.0,219.0,11673.0,0.2387771435546875,False,CALL,2026-12-18,PFE
PFE261218C00030000,30.0,0.98,0.96,1.01,107.0,19342.0,0.23365024169921872,False,CALL,2026-12-18,PFE
PFE261218C00032000,32.0,0.6,0.61,0.65,26.0,4016.0,0.2368240380859375,False,CALL,2026-12-18,PFE
PFE261218P00020000,20.0,0.5,0.46,0.5,82.0,11925.0,0.2841868457031249,False,PUT,2026-12-18,PFE
PFE261218P00023000,23.0,1.12,1.02,1.16,15.0,11916.0,0.26392337646484376,False,PUT,2026-12-18,PFE
PFE261218P00025000,25.0,1.88,1.72,2.03,2.0,21492.0,0.26929441650390623,False,PUT,2026-12-18,PFE
PFE261218P00027000,27.0,2.9,2.7,3.15,10.0,6621.0,0.27368890380859373,True,PUT,2026-12-18,PFE
PFE261218P00030000,30.0,5.19,4.9,5.1,22.0,4713.0,0.26563234375,True,PUT,2026-12-18,PFE
PFE261218P00032000,32.0,6.14,6.2,6.9,10.0,380.0,0.2937082348632812,True,PUT,2026-12-18,PFE
PFE270115C00020000,20.0,6.52,6.35,6.65,412.0,11236.0,0.264655791015625,True,CALL,2027-01-15,PFE
PFE270115C00023000,23.0,4.15,4.1,4.3,13.0,11571.0,0.24683370361328127,True,CALL,2027-01-15,PFE
PFE270115C00025000,25.0,2.95,2.81,3.15,226.0,32385.0,0.25098405273437496,True,CALL,2027-01-15,PFE
PFE270115C00027000,27.0,2.0,2.0,2.04,351.0,55742.0,0.23303989624023438,False,CALL,2027-01-15,PFE
PFE270115C00030000,30.0,1.07,1.05,1.09,326.0,40225.0,0.2329178271484375,False,CALL,2027-01-15,PFE
PFE270115C00032000,32.0,0.7,0.68,0.72,88.0,16200.0,0.23657989990234374,False,CALL,2027-01-15,PFE
PFE270115P00020000,20.0,0.54,0.49,0.58,222.0,59340.0,0.28711650390624993,False,PUT,2027-01-15,PFE
PFE270115P00023000,23.0,1.25,1.18,1.25,98.0,31620.0,0.26392337646484376,False,PUT,2027-01-15,PFE
PFE270115P00025000,25.0,1.97,1.9,2.05,66.0,46131.0,0.2602613037109375,False,PUT,2027-01-15,PFE
PFE270115P00027000,27.0,3.06,2.9,3.2,1.0,26222.0,0.26734131103515624,True,PUT,2027-01-15,PFE
PFE270115P00030000,30.0,5.04,4.95,5.15,16.0,5674.0,0.2602613037109375,True,PUT,2027-01-15,PFE
PFE270115P00032000,32.0,6.46,6.5,6.9,1.0,6507.0,0.28174546386718746,True,PUT,2027-01-15,PFE
PFE270617C00020000,20.0,6.92,6.35,8.6,4.0,57.0,0.45972219970703126,True,CALL,2027-06-17,PFE
PFE270617C00023000,23.0,4.35,4.0,4.75,42.0,407.0,0.25049577636718745,True,CALL,2027-06-17,PFE
PFE270617C00025000,25.0,3.2,2.6,3.5,13.0,341.0,0.23926541992187497,True,CALL,2027-06-17,PFE
PFE270617C00027000,27.0,2.32,2.31,2.51,52.0,588.0,0.23279575805664063,False,CALL,2027-06-17,PFE
PFE270617C00030000,30.0,1.5,1.25,1.7,41.0,996.0,0.24817646362304688,False,CALL,2027-06-17,PFE
PFE270617C00032000,32.0,1.04,0.85,1.14,3.0,183.0,0.23975369628906246,False,CALL,2027-06-17,PFE
PFE270617P00020000,20.0,0.9,0.8,1.22,50.0,1930.0,0.3244696459960937,False,PUT,2027-06-17,PFE
PFE270617P00023000,23.0,1.68,1.15,1.85,2.0,588.0,0.27857166748046874,False,PUT,2027-06-17,PFE
PFE270617P00025000,25.0,2.45,2.5,2.73,14.0,6217.0,0.27539787109374997,False,PUT,2027-06-17,PFE
PFE270617P00027000,27.0,3.67,2.21,4.0,5.0,170.0,0.2884592639160155,True,PUT,2027-06-17,PFE
PFE270617P00030000,30.0,6.5,3.5,6.0,5.0,6.0,0.28992409301757804,True,PUT,2027-06-17,PFE
PFE270617P00032000,32.0,8.4,4.5,9.5,,0.0,0.4587456469726563,True,PUT,2027-06-17,PFE
PFE271217C00020000,20.0,6.75,6.55,6.95,1.0,4535.0,0.22705851074218747,True,CALL,2027-12-17,PFE
PFE271217C00022000,22.0,5.33,5.05,5.55,4.0,4199.0,0.22864540893554688,True,CALL,2027-12-17,PFE
PFE271217C00025000,25.0,3.75,3.6,3.9,117.0,12732.0,0.23413851806640623,True,CALL,2027-12-17,PFE
PFE271217C00027000,27.0,3.05,2.18,3.3,52.0,4195.0,0.25452405639648445,False,CALL,2027-12-17,PFE
PFE271217C00030000,30.0,2.0,1.76,2.0,53.0,13637.0,0.23438265625,False,CALL,2027-12-17,PFE
PFE271217C00032000,32.0,1.52,1.36,1.69,2.0,4829.0,0.2485426708984375,False,CALL,2027-12-17,PFE
PFE271217P00020000,20.0,1.31,1.31,1.49,11.0,6786.0,0.30542686767578126,False,PUT,2027-12-17,PFE
PFE271217P00022000,22.0,1.85,1.8,2.18,4.0,7659.0,0.3002999658203125,False,PUT,2027-12-17,PFE
PFE271217P00025000,25.0,3.3,3.05,3.6,31.0,8667.0,0.29968962036132807,False,PUT,2027-12-17,PFE
PFE271217P00027000,27.0,4.5,3.1,4.85,4.0,1548.0,0.30689169677734374,True,PUT,2027-12-17,PFE
PFE271217P00030000,30.0,6.45,5.85,6.75,2.0,531.0,0.30152065673828127,True,PUT,2027-12-17,PFE
PFE271217P00032000,32.0,7.26,6.3,9.25,3.0,331.0,0.3756165954589844,True,PUT,2027-12-17,PFE
PFE280121C00020000,20.0,6.9,6.8,7.0,7.0,13780.0,0.22705851074218747,True,CALL,2028-01-21,PFE
PFE280121C00022000,22.0,5.35,5.25,6.0,42.0,5052.0,0.2617261328125,True,CALL,2028-01-21,PFE
PFE280121C00025000,25.0,3.95,3.85,3.95,379.0,19181.0,0.23194127441406248,True,CALL,2028-01-21,PFE
PFE280121C00027000,27.0,3.06,3.0,3.15,148.0,13295.0,0.23804472900390622,False,CALL,2028-01-21,PFE
PFE280121C00030000,30.0,2.1,2.02,2.19,149.0,18473.0,0.24195093994140626,False,CALL,2028-01-21,PFE
PFE280121C00032000,32.0,1.64,1.51,1.73,15.0,6712.0,0.24549094360351562,False,CALL,2028-01-21,PFE
PFE280121P00020000,20.0,1.4,1.27,1.45,1.0,8087.0,0.2941965112304687,False,PUT,2028-01-21,PFE
PFE280121P00022000,22.0,2.29,1.88,2.22,2.0,8507.0,0.2963937548828125,False,PUT,2028-01-21,PFE
PFE280121P00025000,25.0,3.65,3.2,3.5,8.0,7986.0,0.28516339843749994,False,PUT,2028-01-21,PFE
PFE280121P00027000,27.0,4.3,4.0,4.5,2.0,5294.0,0.27539787109374997,True,PUT,2028-01-21,PFE
PFE280121P00030000,30.0,6.4,5.8,6.75,1.0,901.0,0.2941965112304687,True,PUT,2028-01-21,PFE
PFE280121P00032000,32.0,8.2,7.0,8.3,6.0,391.0,0.30054410400390624,True,PUT,2028-01-21,PFE
PG260130C00120000,120.0,29.75,28.6,30.85,5.0,0.0,1.32422212890625,True,CALL,2026-01-30,PG
PG260130C00125000,125.0,22.69,23.8,25.35,1.0,0.0,1.76171994140625,True,CALL,2026-01-30,PG
PG260130C00130000,130.0,17.67,18.85,20.4,1.0,5.0,1.4882838085937498,True,CALL,2026-01-30,PG
PG260130C00131000,131.0,16.8,17.85,19.45,2.0,0.0,1.453127734375,True,CALL,2026-01-30,PG
PG260130C00133000,133.0,16.9,15.85,17.4,,0.0,1.3046909765624997,True,CALL,2026-01-30,PG
PG260130C00134000,134.0,13.63,14.85,16.3,1.0,0.0,1.193363408203125,True,CALL,2026-01-30,PG
PG260130C00135000,135.0,12.34,13.85,15.3,1.0,0.0,1.1337933935546878,True,CALL,2026-01-30,PG
PG260130C00137000,137.0,12.9,11.85,13.35,6.0,0.0,1.0371141894531253,True,CALL,2026-01-30,PG
PG260130C00138000,138.0,9.74,10.85,12.35,1.0,0.0,0.9765627343750001,True,CALL,2026-01-30,PG
PG260130C00139000,139.0,8.84,9.85,11.35,1.0,4.0,0.9145516357421876,True,CALL,2026-01-30,PG
PG260130C00140000,140.0,9.33,8.9,10.45,11.0,21.0,0.89257919921875,True,CALL,2026-01-30,PG
PG260130C00141000,141.0,10.09,7.85,9.4,1.0,1.0,0.8090839404296875,True,CALL,2026-01-30,PG
PG260130C00142000,142.0,7.95,6.85,8.4,2.0,4.0,0.745119736328125,True,CALL,2026-01-30,PG
PG260130C00143000,143.0,7.05,5.85,7.4,240.0,0.0,0.6796907031250001,True,CALL,2026-01-30,PG
PG260130C00144000,144.0,3.5,4.85,6.3,14.0,10.0,0.579105771484375,True,CALL,2026-01-30,PG
PG260130C00145000,145.0,4.82,4.2,5.1,8.0,287.0,0.44336494140625,True,CALL,2026-01-30,PG
PG260130C00146000,146.0,3.83,3.0,4.15,20.0,333.0,0.39649041015625003,True,CALL,2026-01-30,PG
PG260130C00147000,147.0,2.95,2.68,3.25,92.0,125.0,0.35742830078125,True,CALL,2026-01-30,PG
PG260130C00148000,148.0,1.75,1.81,2.25,159.0,324.0,0.282233740234375,True,CALL,2026-01-30,PG
PG260130C00149000,149.0,0.87,1.06,1.4,108.0,249.0,0.23389437988281248,True,CALL,2026-01-30,PG
PG260130C00150000,150.0,0.58,0.5,0.71,282.0,2412.0,0.195320546875,False,CALL,2026-01-30,PG
PG260130C00152500,152.5,0.07,0.07,0.11,166.0,1311.0,0.20020331054687499,False,CALL,2026-01-30,PG
PG260130C00155000,155.0,0.01,0.01,0.02,217.0,932.0,0.2304764453125,False,CALL,2026-01-30,PG
PG260130C00157500,157.5,0.01,0.0,0.16,9.0,98.0,0.463872548828125,False,CALL,2026-01-30,PG
PG260130C00160000,160.0,0.02,0.0,0.01,2.0,256.0,0.367193828125,False,CALL,2026-01-30,PG
PG260130C00165000,165.0,0.01,0.0,0.33,6.0,5.0,0.7753928710937501,False,CALL,2026-01-30,PG
PG260130C00167500,167.5,0.03,0.0,0.02,,2.0,0.57812921875,False,CALL,2026-01-30,PG
PG260130C00170000,170.0,0.17,0.0,0.01,7.0,103.0,0.6093789062500001,False,CALL,2026-01-30,PG
PG260130P00110000,110.0,0.31,0.0,2.13,7.0,28.0,2.9960962597656247,False,PUT,2026-01-30,PG
PG260130P00115000,115.0,0.04,0.0,2.13,4.0,9.0,2.6503939990234375,False,PUT,2026-01-30,PG
PG260130P00120000,120.0,0.02,0.0,2.13,3.0,3.0,2.3144573388671867,False,PUT,2026-01-30,PG
PG260130P00125000,125.0,0.17,0.0,2.13,7.0,58.0,1.984375078125,False,PUT,2026-01-30,PG
PG260130P00126000,126.0,0.09,0.0,2.13,1.0,1.0,1.9179691601562503,False,PUT,2026-01-30,PG
PG260130P00128000,128.0,0.01,0.0,2.13,1.0,1.0,1.7880869970703124,False,PUT,2026-01-30,PG
PG260130P00129000,129.0,0.1,0.0,0.23,1.0,101.0,1.0488328808593752,False,PUT,2026-01-30,PG
PG260130P00130000,130.0,0.02,0.0,0.01,1.0,421.0,0.6875031250000001,False,PUT,2026-01-30,PG
PG260130P00131000,131.0,0.01,0.0,0.74,26.0,16.0,1.2041055419921873,False,PUT,2026-01-30,PG
PG260130P00132000,132.0,0.18,0.0,0.75,3.0,3.0,1.1533245458984376,False,PUT,2026-01-30,PG
PG260130P00133000,133.0,0.01,0.0,0.03,25.0,62.0,0.648441015625,False,PUT,2026-01-30,PG
PG260130P00134000,134.0,0.1,0.0,0.03,1.0,51.0,0.6093789062500001,False,PUT,2026-01-30,PG
PG260130P00135000,135.0,0.1,0.0,0.01,6.0,430.0,0.500005,False,PUT,2026-01-30,PG
PG260130P00136000,136.0,0.01,0.0,0.75,3.0,229.0,0.9355475195312499,False,PUT,2026-01-30,PG
PG260130P00137000,137.0,0.02,0.0,0.04,2.0,137.0,0.51562984375,False,PUT,2026-01-30,PG
PG260130P00138000,138.0,0.01,0.0,0.08,75.0,191.0,0.5312546875,False,PUT,2026-01-30,PG
PG260130P00139000,139.0,0.01,0.01,0.04,11.0,235.0,0.48828636718750007,False,PUT,2026-01-30,PG
PG260130P00140000,140.0,0.05,0.01,0.03,4.0,495.0,0.42969320312500003,False,PUT,2026-01-30,PG
PG260130P00141000,141.0,0.03,0.0,0.03,54.0,70.0,0.39063109375,False,PUT,2026-01-30,PG
PG260130P00142000,142.0,0.01,0.0,0.05,1.0,54.0,0.38086556640624997,False,PUT,2026-01-30,PG
PG260130P00143000,143.0,0.01,0.0,0.03,17.0,214.0,0.31055376953124997,False,PUT,2026-01-30,PG
PG260130P00144000,144.0,0.05,0.0,0.03,3.0,101.0,0.2695385546875,False,PUT,2026-01-30,PG
PG260130P00145000,145.0,0.04,0.03,0.05,57.0,786.0,0.25196060546875,False,PUT,2026-01-30,PG
PG260130P00146000,146.0,0.03,0.01,0.06,27.0,257.0,0.2148516015625,False,PUT,2026-01-30,PG
PG260130P00147000,147.0,0.13,0.05,0.12,19.0,218.0,0.20020331054687499,False,PUT,2026-01-30,PG
PG260130P00148000,148.0,0.21,0.17,0.24,68.0,198.0,0.1860432958984375,False,PUT,2026-01-30,PG
PG260130P00149000,149.0,0.65,0.19,0.77,105.0,185.0,0.243171630859375,False,PUT,2026-01-30,PG
PG260130P00150000,150.0,0.98,0.66,0.95,109.0,359.0,0.174812939453125,True,PUT,2026-01-30,PG
PG260130P00152500,152.5,4.11,2.3,3.8,5.0,7.0,0.467778759765625,True,PUT,2026-01-30,PG
PG260130P00155000,155.0,6.63,4.7,6.2,1.0,0.0,0.6118202880859377,True,PUT,2026-01-30,PG
PG260130P00157500,157.5,6.67,6.2,9.75,5.0,0.0,1.0732468212890627,True,PUT,2026-01-30,PG
PG260130P00160000,160.0,9.16,8.7,12.25,5.0,0.0,0.559574716796875,True,PUT,2026-01-30,PG
PG260130P00162500,162.5,13.92,11.0,14.75,,0.0,0.5390671093750001,True,PUT,2026-01-30,PG
PG260130P00167500,167.5,18.87,16.35,19.8,,0.0,0.93945373046875,True,PUT,2026-01-30,PG
PG260130P00170000,170.0,26.11,18.85,22.3,,0.0,1.0351610742187503,True,PUT,2026-01-30,PG
PG260130P00175000,175.0,31.94,23.85,27.05,,0.0,1.0742233789062503,True,PUT,2026-01-30,PG
PG260206C00125000,125.0,24.55,23.9,25.5,80.0,12.0,0.8735364208984374,True,CALL,2026-02-06,PG
PG260206C00135000,135.0,14.55,13.95,15.5,15.0,0.0,0.5795940478515625,True,CALL,2026-02-06,PG
PG260206C00137000,137.0,14.2,11.95,13.5,1.0,1.0,0.5200243310546875,True,CALL,2026-02-06,PG
PG260206C00138000,138.0,11.9,10.95,12.5,5.0,0.0,0.49023947265625006,True,CALL,2026-02-06,PG
PG260206C00140000,140.0,10.66,9.0,10.25,6.0,14.0,0.38184211914062494,True,CALL,2026-02-06,PG
PG260206C00141000,141.0,8.55,8.0,9.8,85.0,0.0,0.4484918432617187,True,CALL,2026-02-06,PG
PG260206C00142000,142.0,7.75,7.0,8.3,152.0,0.0,0.33350275878906255,True,CALL,2026-02-06,PG
PG260206C00143000,143.0,6.55,6.05,7.85,494.0,0.0,0.3891662646484375,True,CALL,2026-02-06,PG
PG260206C00144000,144.0,6.0,5.1,6.45,10.0,10.0,0.2963937548828125,True,CALL,2026-02-06,PG
PG260206C00145000,145.0,3.05,4.65,5.45,1.0,327.0,0.26392337646484376,True,CALL,2026-02-06,PG
PG260206C00146000,146.0,4.3,3.7,4.6,53.0,162.0,0.25025163818359375,True,CALL,2026-02-06,PG
PG260206C00147000,147.0,3.55,3.3,3.8,134.0,222.0,0.23828886718749998,True,CALL,2026-02-06,PG
PG260206C00148000,148.0,2.46,2.6,2.9,292.0,506.0,0.20948056152343747,True,CALL,2026-02-06,PG
PG260206C00149000,149.0,1.75,2.02,2.21,146.0,317.0,0.19837227416992187,True,CALL,2026-02-06,PG
PG260206C00150000,150.0,1.51,1.44,1.65,217.0,710.0,0.1928791650390625,False,CALL,2026-02-06,PG
PG260206C00152500,152.5,0.63,0.52,0.69,360.0,696.0,0.18531088134765622,False,CALL,2026-02-06,PG
PG260206C00155000,155.0,0.19,0.16,0.25,99.0,946.0,0.1860432958984375,False,CALL,2026-02-06,PG
PG260206C00157500,157.5,0.07,0.02,0.11,69.0,232.0,0.20117986328124998,False,CALL,2026-02-06,PG
PG260206C00160000,160.0,0.04,0.02,0.05,3.0,45.0,0.21680470703125,False,CALL,2026-02-06,PG
PG260206C00162500,162.5,0.06,0.0,0.95,4.0,3.0,0.5034229345703125,False,CALL,2026-02-06,PG
PG260206C00165000,165.0,0.01,0.0,0.06,2.0,6.0,0.30664755859375,False,CALL,2026-02-06,PG
PG260206C00170000,170.0,0.08,0.0,0.75,5.0,8.0,0.534184345703125,False,CALL,2026-02-06,PG
PG260206C00175000,175.0,0.01,0.0,2.13,2.0,3.0,0.805666005859375,False,CALL,2026-02-06,PG
PG260206P00110000,110.0,0.15,0.0,2.13,5.0,8.0,1.4121123144531251,False,PUT,2026-02-06,PG
PG260206P00115000,115.0,0.15,0.0,2.13,14.0,17.0,1.249515471191406,False,PUT,2026-02-06,PG
PG260206P00120000,120.0,0.01,0.0,2.13,18.0,34.0,1.0908248583984377,False,PUT,2026-02-06,PG
PG260206P00125000,125.0,0.1,0.0,2.13,5.0,26.0,0.9350592431640624,False,PUT,2026-02-06,PG
PG260206P00128000,128.0,0.11,0.0,2.13,,1.0,0.842775009765625,False,PUT,2026-02-06,PG
PG260206P00130000,130.0,0.01,0.0,2.13,1.0,44.0,0.7812521875,False,PUT,2026-02-06,PG
PG260206P00131000,131.0,0.39,0.0,2.13,1.0,13.0,0.7504907763671875,False,PUT,2026-02-06,PG
PG260206P00132000,132.0,0.24,0.0,2.13,2.0,3.0,0.719729365234375,False,PUT,2026-02-06,PG
PG260206P00133000,133.0,0.59,0.0,2.14,2.0,2.0,0.6901886450195314,False,PUT,2026-02-06,PG
PG260206P00134000,134.0,0.11,0.0,2.14,1.0,55.0,0.659183095703125,False,PUT,2026-02-06,PG
PG260206P00135000,135.0,0.02,0.0,0.05,6.0,484.0,0.31836619140624994,False,PUT,2026-02-06,PG
PG260206P00136000,136.0,0.29,0.0,2.14,2.0,14.0,0.5971719970703125,False,PUT,2026-02-06,PG
PG260206P00137000,137.0,0.02,0.0,0.06,2.0,12.0,0.28711650390624993,False,PUT,2026-02-06,PG
PG260206P00138000,138.0,0.37,0.0,0.1,1.0,368.0,0.2910227148437499,False,PUT,2026-02-06,PG
PG260206P00139000,139.0,0.05,0.01,0.08,8.0,88.0,0.25879647460937505,False,PUT,2026-02-06,PG
PG260206P00140000,140.0,0.07,0.0,0.24,14.0,125.0,0.299811689453125,False,PUT,2026-02-06,PG
PG260206P00141000,141.0,0.26,0.0,0.72,33.0,82.0,0.37964487548828124,False,PUT,2026-02-06,PG
PG260206P00142000,142.0,0.08,0.06,0.27,13.0,65.0,0.25830819824218754,False,PUT,2026-02-06,PG
PG260206P00143000,143.0,0.16,0.07,0.4,7.0,103.0,0.260749580078125,False,PUT,2026-02-06,PG
PG260206P00144000,144.0,0.21,0.14,0.33,41.0,404.0,0.21875781249999998,False,PUT,2026-02-06,PG
PG260206P00145000,145.0,0.28,0.27,0.44,136.0,593.0,0.21094539062499998,False,PUT,2026-02-06,PG
PG260206P00146000,146.0,0.42,0.34,0.47,67.0,126.0,0.18531088134765622,False,PUT,2026-02-06,PG
PG260206P00147000,147.0,0.67,0.5,0.68,84.0,130.0,0.18189294677734374,False,PUT,2026-02-06,PG
PG260206P00148000,148.0,0.95,0.75,0.95,127.0,586.0,0.1772543212890625,False,PUT,2026-02-06,PG
PG260206P00149000,149.0,1.2,1.15,1.28,10.0,92.0,0.17017431396484378,False,PUT,2026-02-06,PG
PG260206P00150000,150.0,1.75,1.5,1.76,63.0,88.0,0.1694418994140625,True,PUT,2026-02-06,PG
PG260206P00152500,152.5,3.15,3.05,3.5,25.0,41.0,0.18262536132812499,True,PUT,2026-02-06,PG
PG260206P00155000,155.0,4.85,4.85,6.4,2.0,1.0,0.31592480957031244,True,PUT,2026-02-06,PG
PG260206P00165000,165.0,26.15,14.15,16.4,,1.0,0.5854533642578125,True,PUT,2026-02-06,PG
PG260213C00128000,128.0,13.92,21.0,22.9,,0.0,0.6599155102539063,True,CALL,2026-02-13,PG
PG260213C00130000,130.0,19.9,19.0,20.65,5.0,0.0,0.5715374877929689,True,CALL,2026-02-13,PG
PG260213C00135000,135.0,14.5,14.05,15.9,810.0,0.0,0.4939015454101563,True,CALL,2026-02-13,PG
PG260213C00138000,138.0,11.9,11.1,12.45,5.0,0.0,0.36035795898437495,True,CALL,2026-02-13,PG
PG260213C00140000,140.0,10.25,9.2,10.5,146.0,10.0,0.32227240234374993,True,CALL,2026-02-13,PG
PG260213C00142000,142.0,6.85,7.65,8.55,2.0,3.0,0.2819896020507812,True,CALL,2026-02-13,PG
PG260213C00143000,143.0,5.15,6.45,8.0,10.0,25.0,0.3078682495117187,True,CALL,2026-02-13,PG
PG260213C00144000,144.0,7.36,5.55,6.8,20.0,38.0,0.2606275109863281,True,CALL,2026-02-13,PG
PG260213C00145000,145.0,3.8,5.1,5.9,5.0,128.0,0.24414818359375,True,CALL,2026-02-13,PG
PG260213C00146000,146.0,3.33,4.25,5.1,1.0,117.0,0.23511507080078126,True,CALL,2026-02-13,PG
PG260213C00147000,147.0,4.14,3.85,4.25,3.0,82.0,0.21851367431640623,True,CALL,2026-02-13,PG
PG260213C00148000,148.0,2.06,3.15,3.55,1.0,107.0,0.21167780517578122,True,CALL,2026-02-13,PG
PG260213C00149000,149.0,2.68,2.51,2.92,25.0,53.0,0.20606262695312497,True,CALL,2026-02-13,PG
PG260213C00150000,150.0,2.33,2.03,2.45,46.0,636.0,0.2087481469726562,False,CALL,2026-02-13,PG
PG260213C00152500,152.5,1.08,0.96,1.41,68.0,506.0,0.20459779785156246,False,CALL,2026-02-13,PG
PG260213C00155000,155.0,0.46,0.41,0.63,35.0,537.0,0.18970536865234378,False,CALL,2026-02-13,PG
PG260213C00157500,157.5,0.16,0.15,0.35,35.0,803.0,0.20020331054687499,False,CALL,2026-02-13,PG
PG260213C00160000,160.0,0.12,0.06,0.15,5.0,50.0,0.1992267578125,False,CALL,2026-02-13,PG
PG260213C00162500,162.5,0.1,0.0,0.3,,15.0,0.27295648925781246,False,CALL,2026-02-13,PG
PG260213C00165000,165.0,0.09,0.0,2.15,5.0,0.0,0.5661664477539063,False,CALL,2026-02-13,PG
PG260213C00167500,167.5,0.02,0.0,0.07,,10.0,0.26563234375,False,CALL,2026-02-13,PG
PG260213C00185000,185.0,0.14,0.0,2.13,,0.0,0.7495142236328125,False,CALL,2026-02-13,PG
PG260213C00190000,190.0,0.14,0.0,2.13,,1.0,0.8166522241210936,False,CALL,2026-02-13,PG
PG260213P00110000,110.0,0.12,0.0,2.13,5.0,0.0,1.059086735839844,False,PUT,2026-02-13,PG
PG260213P00120000,120.0,0.26,0.0,2.13,2.0,1.0,0.818117053222656,False,PUT,2026-02-13,PG
PG260213P00125000,125.0,0.08,0.0,2.14,5.0,63.0,0.7023955541992188,False,PUT,2026-02-13,PG
PG260213P00127000,127.0,1.16,0.0,2.14,1.0,1.0,0.6560092993164064,False,PUT,2026-02-13,PG
PG260213P00128000,128.0,0.15,0.0,2.14,24.0,15.0,0.632816171875,False,PUT,2026-02-13,PG
PG260213P00129000,129.0,0.14,0.0,2.15,1.0,3.0,0.6108437353515627,False,PUT,2026-02-13,PG
PG260213P00130000,130.0,1.06,0.0,0.3,1.0,125.0,0.424810439453125,False,PUT,2026-02-13,PG
PG260213P00131000,131.0,1.07,0.0,0.3,1.0,3.0,0.4062559375,False,PUT,2026-02-13,PG
PG260213P00132000,132.0,0.32,0.0,2.16,3.0,4.0,0.5422409057617189,False,PUT,2026-02-13,PG
PG260213P00133000,133.0,0.1,0.0,2.17,26.0,38.0,0.5200243310546875,False,PUT,2026-02-13,PG
PG260213P00134000,134.0,0.06,0.0,2.18,2.0,3.0,0.6401403173828125,False,PUT,2026-02-13,PG
PG260213P00135000,135.0,0.1,0.0,0.6,1.0,97.0,0.39551385742187506,False,PUT,2026-02-13,PG
PG260213P00136000,136.0,0.1,0.0,0.72,1.0,147.0,0.39502558105468755,False,PUT,2026-02-13,PG
PG260213P00137000,137.0,0.17,0.0,0.86,3.0,23.0,0.39453730468750003,False,PUT,2026-02-13,PG
PG260213P00138000,138.0,0.14,0.13,0.21,2.0,42.0,0.25391371093750004,False,PUT,2026-02-13,PG
PG260213P00139000,139.0,0.22,0.0,0.75,2.0,38.0,0.33374689697265625,False,PUT,2026-02-13,PG
PG260213P00140000,140.0,0.21,0.13,0.24,26.0,86.0,0.22510540527343748,False,PUT,2026-02-13,PG
PG260213P00141000,141.0,0.24,0.12,0.45,1.0,36.0,0.24488059814453128,False,PUT,2026-02-13,PG
PG260213P00142000,142.0,0.65,0.26,0.49,3.0,34.0,0.23023230712890624,False,PUT,2026-02-13,PG
PG260213P00143000,143.0,0.4,0.34,0.54,3.0,30.0,0.21558401611328126,False,PUT,2026-02-13,PG
PG260213P00144000,144.0,0.54,0.45,0.67,3.0,35.0,0.20948056152343747,False,PUT,2026-02-13,PG
PG260213P00145000,145.0,1.2,0.58,0.85,57.0,105.0,0.2054522814941406,False,PUT,2026-02-13,PG
PG260213P00146000,146.0,0.87,0.75,1.05,2.0,74.0,0.19947089599609374,False,PUT,2026-02-13,PG
PG260213P00147000,147.0,1.15,1.0,1.3,15.0,48.0,0.1939777868652344,False,PUT,2026-02-13,PG
PG260213P00148000,148.0,1.41,1.26,1.61,11.0,91.0,0.18921709228515626,False,PUT,2026-02-13,PG
PG260213P00149000,149.0,2.0,1.63,1.99,1.0,4.0,0.18518881225585934,False,PUT,2026-02-13,PG
PG260213P00150000,150.0,2.49,2.01,2.42,1.0,309.0,0.17993984130859375,True,PUT,2026-02-13,PG
PG260213P00152500,152.5,7.05,3.45,3.95,1.0,1.0,0.17896328857421873,True,PUT,2026-02-13,PG
PG260213P00155000,155.0,6.37,5.15,6.75,2.0,5.0,0.2712475219726562,True,PUT,2026-02-13,PG
PG260220C00115000,115.0,34.85,34.1,35.6,10.0,0.0,0.5419967675781252,True,CALL,2026-02-20,PG
PG260220C00120000,120.0,30.5,29.1,30.8,30.0,2.0,0.5048877636718749,True,CALL,2026-02-20,PG
PG260220C00125000,125.0,25.75,24.15,25.65,3.0,3.0,0.5715374877929689,True,CALL,2026-02-20,PG
PG260220C00130000,130.0,18.4,19.25,20.45,2.0,20.0,0.4467828759765625,True,CALL,2026-02-20,PG
PG260220C00135000,135.0,15.6,14.25,15.55,3.0,20.0,0.36914693359375,True,CALL,2026-02-20,PG
PG260220C00137000,137.0,12.0,12.3,13.85,,0.0,0.36646141357421874,True,CALL,2026-02-20,PG
PG260220C00138000,138.0,12.3,11.35,12.9,,0.0,0.3518131225585937,True,CALL,2026-02-20,PG
PG260220C00140000,140.0,8.26,9.65,10.65,1.0,80.0,0.28516339843749994,True,CALL,2026-02-20,PG
PG260220C00142000,142.0,5.41,7.7,9.15,,1.0,0.291877198486328,True,CALL,2026-02-20,PG
PG260220C00143000,143.0,7.93,6.8,7.9,14.0,42.0,0.24781025634765624,True,CALL,2026-02-20,PG
PG260220C00144000,144.0,6.71,5.95,7.4,2.0,26.0,0.26734131103515624,True,CALL,2026-02-20,PG
PG260220C00145000,145.0,5.82,5.5,6.15,8.0,6116.0,0.2238847143554687,True,CALL,2026-02-20,PG
PG260220C00146000,146.0,4.4,4.6,5.6,1.0,228.0,0.23365024169921872,True,CALL,2026-02-20,PG
PG260220C00147000,147.0,4.42,4.35,4.75,13.0,855.0,0.21826953613281247,True,CALL,2026-02-20,PG
PG260220C00148000,148.0,3.8,3.75,3.95,20.0,865.0,0.20410952148437497,True,CALL,2026-02-20,PG
PG260220C00149000,149.0,3.17,3.15,3.3,73.0,144.0,0.19739572143554687,True,CALL,2026-02-20,PG
PG260220C00150000,150.0,2.65,2.58,2.77,556.0,4308.0,0.19544261596679688,False,CALL,2026-02-20,PG
PG260220C00152500,152.5,1.51,1.47,1.6,371.0,633.0,0.18433432861328125,False,CALL,2026-02-20,PG
PG260220C00155000,155.0,0.81,0.76,0.87,170.0,5035.0,0.18042811767578126,False,CALL,2026-02-20,PG
PG260220C00157500,157.5,0.39,0.29,0.49,4.0,941.0,0.1848226049804687,False,CALL,2026-02-20,PG
PG260220C00160000,160.0,0.18,0.16,0.2,36.0,2379.0,0.176766044921875,False,CALL,2026-02-20,PG
PG260220C00162500,162.5,0.1,0.0,0.24,11.0,52.0,0.21631643066406248,False,CALL,2026-02-20,PG
PG260220C00165000,165.0,0.05,0.01,0.17,2.0,732.0,0.2299881689453125,False,CALL,2026-02-20,PG
PG260220C00170000,170.0,0.01,0.0,0.01,1.0,191.0,0.1914143359375,False,CALL,2026-02-20,PG
PG260220C00175000,175.0,0.01,0.0,0.12,2.0,51.0,0.317389638671875,False,CALL,2026-02-20,PG
PG260220C00180000,180.0,0.22,0.0,0.0,25.0,47.0,0.12500875,False,CALL,2026-02-20,PG
PG260220C00185000,185.0,0.23,0.0,0.1,20.0,31.0,0.397466962890625,False,CALL,2026-02-20,PG
PG260220P00105000,105.0,0.05,0.0,0.61,1.0,7.0,0.764650791015625,False,PUT,2026-02-20,PG
PG260220P00110000,110.0,0.11,0.0,0.22,6.0,28.0,0.57617611328125,False,PUT,2026-02-20,PG
PG260220P00115000,115.0,0.03,0.0,0.15,8.0,230.0,0.5273484765625001,False,PUT,2026-02-20,PG
PG260220P00120000,120.0,0.05,0.0,0.25,17.0,138.0,0.4946339599609375,False,PUT,2026-02-20,PG
PG260220P00125000,125.0,0.06,0.0,0.25,107.0,884.0,0.41748629394531245,False,PUT,2026-02-20,PG
PG260220P00130000,130.0,0.08,0.03,0.12,208.0,1795.0,0.2978585839843749,False,PUT,2026-02-20,PG
PG260220P00132000,132.0,0.16,0.0,0.34,1.0,49.0,0.3325262060546875,False,PUT,2026-02-20,PG
PG260220P00133000,133.0,0.09,0.02,0.15,2.0,7.0,0.26758544921875,False,PUT,2026-02-20,PG
PG260220P00134000,134.0,0.12,0.08,0.17,2.0,119.0,0.25977302734375,False,PUT,2026-02-20,PG
PG260220P00135000,135.0,0.16,0.15,0.19,26.0,2411.0,0.25098405273437496,False,PUT,2026-02-20,PG
PG260220P00136000,136.0,0.29,0.11,0.47,2.0,35.0,0.2919992675781249,False,PUT,2026-02-20,PG
PG260220P00137000,137.0,0.26,0.14,0.53,1.0,166.0,0.2846751220703124,False,PUT,2026-02-20,PG
PG260220P00138000,138.0,0.35,0.19,0.35,6.0,104.0,0.23902128173828124,False,PUT,2026-02-20,PG
PG260220P00139000,139.0,0.3,0.23,0.38,107.0,138.0,0.22754678710937498,False,PUT,2026-02-20,PG
PG260220P00140000,140.0,0.34,0.3,0.36,216.0,3523.0,0.20801573242187496,False,PUT,2026-02-20,PG
PG260220P00141000,141.0,0.61,0.35,0.6,12.0,95.0,0.22339643798828124,False,PUT,2026-02-20,PG
PG260220P00142000,142.0,0.9,0.43,0.7,18.0,463.0,0.21631643066406248,False,PUT,2026-02-20,PG
PG260220P00143000,143.0,0.65,0.54,0.66,12.0,548.0,0.19312330322265625,False,PUT,2026-02-20,PG
PG260220P00144000,144.0,0.74,0.69,0.78,37.0,457.0,0.18555501953124998,False,PUT,2026-02-20,PG
PG260220P00145000,145.0,1.04,0.85,0.94,51.0,2397.0,0.17920742675781248,False,PUT,2026-02-20,PG
PG260220P00146000,146.0,1.15,1.05,1.16,328.0,6138.0,0.17505707763671874,False,PUT,2026-02-20,PG
PG260220P00147000,147.0,1.55,1.31,1.45,57.0,211.0,0.17285983398437502,False,PUT,2026-02-20,PG
PG260220P00148000,148.0,1.74,1.62,1.79,38.0,210.0,0.17029638305664066,False,PUT,2026-02-20,PG
PG260220P00149000,149.0,2.32,2.0,2.16,15.0,93.0,0.16590189575195316,False,PUT,2026-02-20,PG
PG260220P00150000,150.0,2.5,2.41,2.61,149.0,673.0,0.16272809936523439,True,PUT,2026-02-20,PG
PG260220P00152500,152.5,5.0,3.8,4.15,2.0,8.0,0.1641929284667969,True,PUT,2026-02-20,PG
PG260220P00155000,155.0,7.55,5.45,6.9,6.0,168.0,0.23804472900390622,True,PUT,2026-02-20,PG
PG260220P00160000,160.0,9.52,9.75,11.3,1.0,0.0,0.27735097656249996,True,PUT,2026-02-20,PG
PG260220P00165000,165.0,18.77,0.0,26.9,1.0,1.0,1.1612590765380861,True,PUT,2026-02-20,PG
PG260227C00128000,128.0,15.68,21.2,23.65,,0.0,0.5639692041015626,True,CALL,2026-02-27,PG
PG260227C00130000,130.0,20.3,19.2,21.1,4.0,0.0,0.46973186523437505,True,CALL,2026-02-27,PG
PG260227C00133000,133.0,13.88,16.25,17.95,1.0,0.0,0.40064075927734377,True,CALL,2026-02-27,PG
PG260227C00137000,137.0,8.57,12.4,14.25,,0.0,0.3579165771484375,True,CALL,2026-02-27,PG
PG260227C00139000,139.0,5.5,10.55,12.3,,19.0,0.32471378417968744,True,CALL,2026-02-27,PG
PG260227C00140000,140.0,11.23,9.65,10.95,3.0,18.0,0.2766185620117187,True,CALL,2026-02-27,PG
PG260227C00141000,141.0,11.0,8.75,10.45,1.0,3.0,0.2981027221679687,True,CALL,2026-02-27,PG
PG260227C00142000,142.0,5.73,7.85,9.15,1.0,2.0,0.2555006091308594,True,CALL,2026-02-27,PG
PG260227C00144000,144.0,6.2,6.95,7.5,20.0,53.0,0.24109645629882812,True,CALL,2026-02-27,PG
PG260227C00145000,145.0,6.4,6.15,6.65,1.0,98.0,0.2299881689453125,True,CALL,2026-02-27,PG
PG260227C00146000,146.0,5.71,5.4,5.9,2.0,30.0,0.2238847143554687,True,CALL,2026-02-27,PG
PG260227C00147000,147.0,4.95,4.7,5.2,5.0,30.0,0.21887988159179686,True,CALL,2026-02-27,PG
PG260227C00148000,148.0,4.25,4.0,4.5,1.0,188.0,0.21167780517578122,True,CALL,2026-02-27,PG
PG260227C00149000,149.0,3.64,3.35,3.95,2.0,19.0,0.21106745971679686,True,CALL,2026-02-27,PG
PG260227C00150000,150.0,3.05,2.9,3.3,6.0,413.0,0.2020343469238281,False,CALL,2026-02-27,PG
PG260227C00152500,152.5,2.0,1.61,2.28,5.0,61.0,0.20337710693359373,False,CALL,2026-02-27,PG
PG260227C00155000,155.0,1.15,0.91,1.26,13.0,876.0,0.18677571044921876,False,CALL,2026-02-27,PG
PG260227C00157500,157.5,0.67,0.44,0.79,4.0,736.0,0.19043778320312502,False,CALL,2026-02-27,PG
PG260227C00160000,160.0,0.19,0.21,0.72,5.0,86.0,0.2192460888671875,False,CALL,2026-02-27,PG
PG260227C00162500,162.5,0.13,0.0,0.38,79.0,88.0,0.21143366699218746,False,CALL,2026-02-27,PG
PG260227C00165000,165.0,0.13,0.0,2.18,11.0,31.0,0.4158993957519531,False,CALL,2026-02-27,PG
PG260227C00167500,167.5,0.12,0.0,2.15,,4.0,0.4495904650878906,False,CALL,2026-02-27,PG
PG260227P00115000,115.0,0.1,0.0,0.1,,2.0,0.4335994140625,False,PUT,2026-02-27,PG
PG260227P00120000,120.0,0.31,0.0,2.15,,10.0,0.5988809643554689,False,PUT,2026-02-27,PG
PG260227P00125000,125.0,0.27,0.0,2.16,,3.0,0.5141650146484374,False,PUT,2026-02-27,PG
PG260227P00126000,126.0,0.25,0.0,0.93,4.0,4.0,0.47681187255859375,False,PUT,2026-02-27,PG
PG260227P00127000,127.0,0.31,0.0,2.18,,1.0,0.6032754516601564,False,PUT,2026-02-27,PG
PG260227P00130000,130.0,0.68,0.0,0.3,3.0,54.0,0.31055376953124997,False,PUT,2026-02-27,PG
PG260227P00131000,131.0,0.14,0.0,2.23,2.0,3.0,0.5305222729492188,False,PUT,2026-02-27,PG
PG260227P00132000,132.0,0.2,0.04,0.29,2.0,3.0,0.28125718749999995,False,PUT,2026-02-27,PG
PG260227P00133000,133.0,0.19,0.05,0.36,2.0,2.0,0.2810130493164062,False,PUT,2026-02-27,PG
PG260227P00134000,134.0,0.2,0.0,2.23,1.0,3.0,0.47192910888671874,False,PUT,2026-02-27,PG
PG260227P00135000,135.0,0.23,0.11,0.25,2.0,68.0,0.2329178271484375,False,PUT,2026-02-27,PG
PG260227P00136000,136.0,0.27,0.04,0.55,36.0,53.0,0.2668530346679688,False,PUT,2026-02-27,PG
PG260227P00137000,137.0,0.36,0.05,0.6,9.0,11.0,0.2580640600585938,False,PUT,2026-02-27,PG
PG260227P00138000,138.0,0.41,0.25,0.59,2.0,7.0,0.24146266357421875,False,PUT,2026-02-27,PG
PG260227P00139000,139.0,0.54,0.38,0.66,3.0,10.0,0.23389437988281248,False,PUT,2026-02-27,PG
PG260227P00140000,140.0,0.7,0.4,0.76,4.0,150.0,0.22852333984375,False,PUT,2026-02-27,PG
PG260227P00141000,141.0,0.64,0.46,0.77,7.0,8.0,0.21289849609375,False,PUT,2026-02-27,PG
PG260227P00142000,142.0,0.69,0.5,0.84,17.0,17.0,0.20252262329101559,False,PUT,2026-02-27,PG
PG260227P00143000,143.0,1.1,0.68,0.93,4.0,7.0,0.1928791650390625,False,PUT,2026-02-27,PG
PG260227P00144000,144.0,1.1,0.87,1.29,2.0,59.0,0.2024005541992187,False,PUT,2026-02-27,PG
PG260227P00145000,145.0,1.25,1.08,1.52,28.0,167.0,0.19886055053710935,False,PUT,2026-02-27,PG
PG260227P00146000,146.0,2.34,1.33,1.78,1.0,37.0,0.19495433959960937,False,PUT,2026-02-27,PG
PG260227P00147000,147.0,2.15,1.63,2.08,1.0,14.0,0.19117019775390626,False,PUT,2026-02-27,PG
PG260227P00148000,148.0,2.65,1.97,2.42,1.0,13.0,0.1871419177246094,False,PUT,2026-02-27,PG
PG260227P00149000,149.0,2.96,2.33,2.8,20.0,10.0,0.1829915686035156,False,PUT,2026-02-27,PG
PG260227P00150000,150.0,3.8,2.78,3.25,4.0,24.0,0.17993984130859375,True,PUT,2026-02-27,PG
PG260227P00165000,165.0,19.36,14.45,16.4,,0.0,0.32080757324218745,True,PUT,2026-02-27,PG
PG260306C00140000,140.0,11.55,9.9,11.7,4.0,30.0,0.30359583129882806,True,CALL,2026-03-06,PG
PG260306C00143000,143.0,6.95,7.35,9.05,,15.0,0.270515107421875,True,CALL,2026-03-06,PG
PG260306C00145000,145.0,6.0,6.45,7.05,9.0,5.0,0.23084265258789063,True,CALL,2026-03-06,PG
PG260306C00147000,147.0,4.1,5.05,5.65,20.0,21.0,0.22180953979492185,True,CALL,2026-03-06,PG
PG260306C00150000,150.0,3.29,3.15,3.75,13.0,13.0,0.20557435058593748,False,CALL,2026-03-06,PG
PG260306C00152500,152.5,1.5,1.92,2.53,5.0,12.0,0.19684641052246094,False,CALL,2026-03-06,PG
PG260306C00155000,155.0,1.51,1.25,1.6,25.0,422.0,0.18946123046875002,False,CALL,2026-03-06,PG
PG260306C00157500,157.5,0.84,0.75,1.02,5.0,284.0,0.1889729541015625,False,CALL,2026-03-06,PG
PG260306C00160000,160.0,0.5,0.38,0.61,12.0,15.0,0.18726398681640627,False,CALL,2026-03-06,PG
PG260306C00162500,162.5,0.14,0.0,0.75,3.0,18.0,0.23023230712890624,False,CALL,2026-03-06,PG
PG260306C00165000,165.0,0.06,0.0,1.16,2.0,2.0,0.29651582397460935,False,CALL,2026-03-06,PG
PG260306C00175000,175.0,0.07,0.0,0.5,4.0,4.0,0.3283758569335937,False,CALL,2026-03-06,PG
PG260306P00135000,135.0,0.4,0.16,0.45,3.0,38.0,0.24073024902343748,False,PUT,2026-03-06,PG
PG260306P00140000,140.0,0.81,0.51,2.58,3.0,21.0,0.340826904296875,False,PUT,2026-03-06,PG
PG260306P00141000,141.0,0.99,0.5,1.04,4.0,24.0,0.21411918701171873,False,PUT,2026-03-06,PG
PG260306P00142000,142.0,1.02,0.79,1.2,52.0,10.0,0.21009090698242186,False,PUT,2026-03-06,PG
PG260306P00144000,144.0,2.38,1.15,1.6,1.0,9.0,0.20264469238281246,False,PUT,2026-03-06,PG
PG260306P00145000,145.0,1.69,1.31,1.84,40.0,33.0,0.19873848144531248,False,PUT,2026-03-06,PG
PG260306P00146000,146.0,2.03,1.64,2.13,1.0,4.0,0.1959308923339844,False,PUT,2026-03-06,PG
PG260306P00149000,149.0,3.45,2.61,3.1,10.0,12.0,0.18061122131347657,False,PUT,2026-03-06,PG
PG260320C00105000,105.0,44.9,44.2,47.0,2.0,1.0,0.6428258374023439,True,CALL,2026-03-20,PG
PG260320C00110000,110.0,39.6,39.4,41.9,1.0,3.0,0.5810588769531251,True,CALL,2026-03-20,PG
PG260320C00115000,115.0,36.6,34.3,37.1,5.0,11.0,0.5202684692382812,True,CALL,2026-03-20,PG
PG260320C00120000,120.0,29.6,29.85,30.95,2.0,16.0,0.4819387744140625,True,CALL,2026-03-20,PG
PG260320C00125000,125.0,18.18,24.65,26.35,1.0,2.0,0.45093322509765627,True,CALL,2026-03-20,PG
PG260320C00130000,130.0,19.8,19.9,21.0,1.0,46.0,0.35169105346679685,True,CALL,2026-03-20,PG
PG260320C00135000,135.0,15.99,15.05,16.7,10.0,152.0,0.3336248278808594,True,CALL,2026-03-20,PG
PG260320C00140000,140.0,11.58,11.0,11.7,8.0,1046.0,0.2585523364257813,True,CALL,2026-03-20,PG
PG260320C00145000,145.0,7.27,7.05,7.7,55.0,2404.0,0.22864540893554688,True,CALL,2026-03-20,PG
PG260320C00150000,150.0,4.15,4.1,4.4,657.0,5018.0,0.20423159057617185,False,CALL,2026-03-20,PG
PG260320C00155000,155.0,2.05,1.9,2.15,85.0,4795.0,0.18933916137695314,False,CALL,2026-03-20,PG
PG260320C00160000,160.0,0.87,0.75,0.99,151.0,3254.0,0.18763019409179688,False,CALL,2026-03-20,PG
PG260320C00165000,165.0,0.35,0.27,0.4,6.0,2485.0,0.18628743408203124,False,CALL,2026-03-20,PG
PG260320C00170000,170.0,0.16,0.15,0.21,22.0,4294.0,0.19873848144531248,False,CALL,2026-03-20,PG
PG260320C00175000,175.0,0.11,0.05,0.19,7.0,1638.0,0.2299881689453125,False,CALL,2026-03-20,PG
PG260320C00180000,180.0,0.05,0.03,0.06,1.0,1916.0,0.22071091796874998,False,CALL,2026-03-20,PG
PG260320C00185000,185.0,0.01,0.0,0.67,4.0,1169.0,0.37573866455078125,False,CALL,2026-03-20,PG
PG260320C00190000,190.0,0.01,0.0,0.36,1.0,412.0,0.3627993408203125,False,CALL,2026-03-20,PG
PG260320P00105000,105.0,0.02,0.0,0.68,3.0,138.0,0.5239305419921875,False,PUT,2026-03-20,PG
PG260320P00110000,110.0,0.2,0.03,0.2,1.0,156.0,0.42383388671875,False,PUT,2026-03-20,PG
PG260320P00115000,115.0,0.14,0.0,0.55,2.0,107.0,0.44946839599609373,False,PUT,2026-03-20,PG
PG260320P00120000,120.0,0.1,0.1,0.27,1.0,717.0,0.336920693359375,False,PUT,2026-03-20,PG
PG260320P00125000,125.0,0.18,0.15,0.23,1.0,872.0,0.2758861474609374,False,PUT,2026-03-20,PG
PG260320P00130000,130.0,0.3,0.24,0.34,1.0,3667.0,0.24463645996093752,False,PUT,2026-03-20,PG
PG260320P00135000,135.0,0.57,0.4,0.65,532.0,5333.0,0.22657023437499998,False,PUT,2026-03-20,PG
PG260320P00140000,140.0,1.06,0.9,1.19,94.0,4362.0,0.20618469604492184,False,PUT,2026-03-20,PG
PG260320P00145000,145.0,1.94,1.85,2.09,241.0,4194.0,0.18207605041503905,False,PUT,2026-03-20,PG
PG260320P00150000,150.0,3.65,3.6,3.8,48.0,3154.0,0.1626060302734375,True,PUT,2026-03-20,PG
PG260320P00155000,155.0,8.05,6.25,7.25,7.0,820.0,0.17786466674804688,True,PUT,2026-03-20,PG
PG260320P00160000,160.0,11.93,10.35,11.65,5.0,2090.0,0.2092364233398437,True,PUT,2026-03-20,PG
PG260320P00165000,165.0,15.53,14.2,16.3,17.0,127.0,0.23853300537109373,True,PUT,2026-03-20,PG
PG260320P00170000,170.0,23.9,19.5,22.3,214.0,91.0,0.3597476135253906,True,PUT,2026-03-20,PG
PG260320P00175000,175.0,28.9,24.4,27.3,134.0,33.0,0.40918559570312496,True,PUT,2026-03-20,PG
PG260320P00180000,180.0,27.85,30.25,33.15,1.0,0.0,0.5139208764648437,True,PUT,2026-03-20,PG
PG260320P00185000,185.0,33.78,35.3,39.25,2.0,1.0,0.6301306518554688,True,PUT,2026-03-20,PG
PG260320P00190000,190.0,20.55,23.7,25.15,1.0,2.0,1.0000000000000003e-05,True,PUT,2026-03-20,PG
PG260417C00110000,110.0,34.07,39.8,41.75,8.0,11.0,0.5720257641601563,True,CALL,2026-04-17,PG
PG260417C00115000,115.0,37.91,33.7,35.7,1.0,1.0,0.41797457031249996,True,CALL,2026-04-17,PG
PG260417C00120000,120.0,31.55,30.05,31.55,40.0,15.0,0.43445389770507814,True,CALL,2026-04-17,PG
PG260417C00125000,125.0,21.48,25.2,26.75,1.0,3.0,0.3891662646484375,True,CALL,2026-04-17,PG
PG260417C00130000,130.0,20.82,20.45,21.85,22.0,49.0,0.3358220715332031,True,CALL,2026-04-17,PG
PG260417C00135000,135.0,16.0,15.9,17.4,1.0,541.0,0.3039620385742187,True,CALL,2026-04-17,PG
PG260417C00140000,140.0,12.8,12.05,12.8,1.0,1176.0,0.2574537145996094,True,CALL,2026-04-17,PG
PG260417C00145000,145.0,9.0,8.2,9.0,11.0,1909.0,0.23395541442871093,True,CALL,2026-04-17,PG
PG260417C00150000,150.0,5.4,5.1,5.9,122.0,1913.0,0.21808643249511717,False,CALL,2026-04-17,PG
PG260417C00155000,155.0,3.3,3.1,3.35,229.0,2718.0,0.19873848144531248,False,CALL,2026-04-17,PG
PG260417C00160000,160.0,1.65,1.52,1.7,112.0,10730.0,0.1863484686279297,False,CALL,2026-04-17,PG
PG260417C00165000,165.0,0.74,0.6,0.88,9.0,990.0,0.18567708862304685,False,CALL,2026-04-17,PG
PG260417C00170000,170.0,0.37,0.23,0.48,20.0,517.0,0.19068192138671874,False,CALL,2026-04-17,PG
PG260417C00175000,175.0,0.2,0.11,0.2,5.0,470.0,0.186531572265625,False,CALL,2026-04-17,PG
PG260417C00180000,180.0,0.12,0.0,0.18,9.0,111.0,0.20948056152343747,False,CALL,2026-04-17,PG
PG260417C00185000,185.0,0.06,0.0,0.44,1.0,12.0,0.2758861474609374,False,CALL,2026-04-17,PG
PG260417C00190000,190.0,0.03,0.0,0.23,1.0,11.0,0.2690502783203125,False,CALL,2026-04-17,PG
PG260417P00105000,105.0,0.13,0.0,0.39,4.0,6.0,0.43164630859375,False,PUT,2026-04-17,PG
PG260417P00110000,110.0,0.12,0.03,0.22,3.0,81.0,0.3461979443359374,False,PUT,2026-04-17,PG
PG260417P00115000,115.0,0.19,0.06,0.39,15.0,231.0,0.3364324169921875,False,PUT,2026-04-17,PG
PG260417P00120000,120.0,0.27,0.13,0.4,14.0,362.0,0.2924875439453124,False,PUT,2026-04-17,PG
PG260417P00125000,125.0,0.36,0.25,0.8,11.0,566.0,0.2921213366699218,False,PUT,2026-04-17,PG
PG260417P00130000,130.0,0.6,0.48,0.98,15.0,3105.0,0.2573316455078125,False,PUT,2026-04-17,PG
PG260417P00135000,135.0,1.01,0.95,1.18,51.0,3722.0,0.2192460888671875,False,PUT,2026-04-17,PG
PG260417P00140000,140.0,1.74,1.62,1.77,238.0,2514.0,0.19538158142089845,False,PUT,2026-04-17,PG
PG260417P00145000,145.0,2.77,2.62,2.95,76.0,2389.0,0.180672255859375,False,PUT,2026-04-17,PG
PG260417P00150000,150.0,4.6,4.45,4.9,45.0,1106.0,0.17029638305664066,True,PUT,2026-04-17,PG
PG260417P00155000,155.0,7.7,7.0,7.65,1.0,169.0,0.15894395751953128,True,PUT,2026-04-17,PG
PG260417P00160000,160.0,11.0,10.35,12.05,1.0,480.0,0.18744709045410157,True,PUT,2026-04-17,PG
PG260417P00165000,165.0,19.72,14.8,16.4,1.0,23.0,0.1977619287109375,True,PUT,2026-04-17,PG
PG260417P00170000,170.0,19.84,18.65,22.2,1.0,33.0,0.2838206384277343,True,PUT,2026-04-17,PG
PG260417P00175000,175.0,24.15,25.4,28.2,,1.0,0.37622694091796877,True,PUT,2026-04-17,PG
PG260417P00180000,180.0,31.0,0.0,0.0,,0.0,1.0000000000000003e-05,True,PUT,2026-04-17,PG
PG260417P00185000,185.0,33.7,35.25,39.15,,0.0,0.5014698291015626,True,PUT,2026-04-17,PG
PG260618C00105000,105.0,41.6,44.7,46.85,6.0,5.0,0.48279325805664064,True,CALL,2026-06-18,PG
PG260618C00110000,110.0,37.15,40.0,41.7,1.0,4.0,0.4249325085449219,True,CALL,2026-06-18,PG
PG260618C00115000,115.0,26.36,35.2,36.75,4.0,9.0,0.3813538427734374,True,CALL,2026-06-18,PG
PG260618C00120000,120.0,31.39,30.4,32.05,2.0,18.0,0.35144691528320304,True,CALL,2026-06-18,PG
PG260618C00125000,125.0,24.2,25.75,27.35,6.0,17.0,0.31909860595703116,True,CALL,2026-06-18,PG
PG260618C00130000,130.0,22.8,21.25,22.8,19.0,477.0,0.29053443847656246,True,CALL,2026-06-18,PG
PG260618C00135000,135.0,18.65,17.0,18.5,10.0,326.0,0.26673096557617193,True,CALL,2026-06-18,PG
PG260618C00140000,140.0,14.03,13.0,14.5,2.0,792.0,0.2462843927001953,True,CALL,2026-06-18,PG
PG260618C00145000,145.0,10.03,10.25,10.65,16.0,1736.0,0.22187057434082028,True,CALL,2026-06-18,PG
PG260618C00150000,150.0,7.15,7.25,7.6,7.0,2024.0,0.2090533197021484,False,CALL,2026-06-18,PG
PG260618C00155000,155.0,4.95,4.75,5.15,22.0,1892.0,0.1990741714477539,False,CALL,2026-06-18,PG
PG260618C00160000,160.0,2.93,2.96,3.2,72.0,1761.0,0.18817950500488279,False,CALL,2026-06-18,PG
PG260618C00165000,165.0,1.86,1.7,2.03,47.0,11907.0,0.1863484686279297,False,CALL,2026-06-18,PG
PG260618C00170000,170.0,1.18,1.04,1.23,6.0,2990.0,0.18457846679687498,False,CALL,2026-06-18,PG
PG260618C00175000,175.0,0.6,0.47,0.7,1.0,765.0,0.1821370849609375,False,CALL,2026-06-18,PG
PG260618C00180000,180.0,0.43,0.37,0.45,93.0,2603.0,0.186531572265625,False,CALL,2026-06-18,PG
PG260618C00185000,185.0,0.22,0.04,0.32,41.0,1053.0,0.19409985595703128,False,CALL,2026-06-18,PG
PG260618C00190000,190.0,0.07,0.0,0.31,2.0,2361.0,0.21216608154296873,False,CALL,2026-06-18,PG
PG260618P00105000,105.0,0.28,0.1,0.57,1.0,178.0,0.34766277343749996,False,PUT,2026-06-18,PG
PG260618P00110000,110.0,0.44,0.21,0.52,5.0,282.0,0.30371790039062496,False,PUT,2026-06-18,PG
PG260618P00115000,115.0,0.59,0.28,0.83,5.0,167.0,0.2967599621582031,False,PUT,2026-06-18,PG
PG260618P00120000,120.0,0.84,0.53,1.1,31.0,1211.0,0.27808339111328123,False,PUT,2026-06-18,PG
PG260618P00125000,125.0,1.19,0.85,1.41,4.0,1681.0,0.2567213000488281,False,PUT,2026-06-18,PG
PG260618P00130000,130.0,1.5,1.33,1.71,14.0,4453.0,0.2302933416748047,False,PUT,2026-06-18,PG
PG260618P00135000,135.0,2.17,2.07,2.4,63.0,13872.0,0.21521780883789063,False,PUT,2026-06-18,PG
PG260618P00140000,140.0,3.25,3.05,3.2,169.0,3826.0,0.19507640869140624,False,PUT,2026-06-18,PG
PG260618P00145000,145.0,4.7,4.5,4.85,30.0,2282.0,0.1900715759277344,False,PUT,2026-06-18,PG
PG260618P00150000,150.0,6.7,6.4,6.7,19.0,1487.0,0.17603363037109376,True,PUT,2026-06-18,PG
PG260618P00155000,155.0,10.43,8.8,10.25,1.0,1171.0,0.1928791650390625,True,PUT,2026-06-18,PG
PG260618P00160000,160.0,13.43,12.15,13.6,1.0,541.0,0.19049881774902344,True,PUT,2026-06-18,PG
PG260618P00165000,165.0,17.47,15.9,17.4,1.0,143.0,0.18805743591308594,True,PUT,2026-06-18,PG
PG260618P00170000,170.0,21.4,20.05,21.7,2.0,244.0,0.19129226684570313,True,PUT,2026-06-18,PG
PG260618P00175000,175.0,30.18,24.5,26.35,1.0,4.0,0.20142400146484374,True,PUT,2026-06-18,PG
PG260618P00180000,180.0,29.97,29.45,31.65,1.0,0.0,0.24292749267578123,True,PUT,2026-06-18,PG
PG260618P00185000,185.0,33.62,35.25,37.75,2.0,1.0,0.32019722778320303,True,PUT,2026-06-18,PG
PG260618P00190000,190.0,38.81,40.2,44.05,2.0,2.0,0.39905386108398444,True,PUT,2026-06-18,PG
PG260717C00105000,105.0,40.25,44.95,46.8,2.0,1.0,0.4366511413574219,True,CALL,2026-07-17,PG
PG260717C00110000,110.0,36.0,40.15,41.9,1.0,1.0,0.39819937744140627,True,CALL,2026-07-17,PG
PG260717C00115000,115.0,36.25,35.4,37.15,3.0,2.0,0.3675600354003906,True,CALL,2026-07-17,PG
PG260717C00120000,120.0,31.73,30.7,32.45,3.0,10.0,0.33789724609375,True,CALL,2026-07-17,PG
PG260717C00125000,125.0,26.05,26.2,27.85,1.0,16.0,0.3104317004394531,True,CALL,2026-07-17,PG
PG260717C00130000,130.0,21.7,21.85,23.5,1.0,129.0,0.28900857482910147,True,CALL,2026-07-17,PG
PG260717C00135000,135.0,17.6,17.7,19.25,1.0,60.0,0.2661206201171875,True,CALL,2026-07-17,PG
PG260717C00140000,140.0,13.35,13.85,15.45,13.0,246.0,0.25061784545898436,True,CALL,2026-07-17,PG
PG260717C00145000,145.0,10.2,10.8,11.95,6.0,463.0,0.23529817443847656,True,CALL,2026-07-17,PG
PG260717C00150000,150.0,8.0,8.15,8.55,35.0,746.0,0.2137224624633789,False,CALL,2026-07-17,PG
PG260717C00155000,155.0,5.7,5.7,5.9,92.0,411.0,0.2000812414550781,False,CALL,2026-07-17,PG
PG260717C00160000,160.0,4.0,3.75,4.0,12.0,604.0,0.19336744140625,False,CALL,2026-07-17,PG
PG260717C00165000,165.0,2.43,2.41,2.62,30.0,1348.0,0.18872881591796875,False,CALL,2026-07-17,PG
PG260717C00170000,170.0,1.6,1.51,1.86,60.0,203.0,0.19294019958496095,False,CALL,2026-07-17,PG
PG260717C00175000,175.0,1.0,0.28,1.26,1.0,40.0,0.19446606323242188,False,CALL,2026-07-17,PG
PG260717C00180000,180.0,0.49,0.48,0.83,1.0,18.0,0.195320546875,False,CALL,2026-07-17,PG
PG260717C00185000,185.0,0.53,0.01,0.58,10.0,26.0,0.19934882690429687,False,CALL,2026-07-17,PG
PG260717P00105000,105.0,0.37,0.22,0.71,7.0,23.0,0.3315496533203125,False,PUT,2026-07-17,PG
PG260717P00110000,110.0,0.58,0.41,0.9,2.0,51.0,0.31201859863281245,False,PUT,2026-07-17,PG
PG260717P00115000,115.0,0.69,0.55,0.85,1.0,34.0,0.2718578674316406,False,PUT,2026-07-17,PG
PG260717P00120000,120.0,0.89,0.83,1.09,5.0,314.0,0.2525709509277344,False,PUT,2026-07-17,PG
PG260717P00125000,125.0,1.43,1.13,1.64,5.0,151.0,0.245124736328125,False,PUT,2026-07-17,PG
PG260717P00130000,130.0,1.99,1.59,2.4,5.0,1056.0,0.23767852172851558,False,PUT,2026-07-17,PG
PG260717P00135000,135.0,2.59,2.46,2.72,16.0,656.0,0.20703917968749996,False,PUT,2026-07-17,PG
PG260717P00140000,140.0,3.7,3.65,3.8,22.0,799.0,0.19519847778320312,False,PUT,2026-07-17,PG
PG260717P00145000,145.0,5.15,4.95,5.25,29.0,431.0,0.18341881042480468,False,PUT,2026-07-17,PG
PG260717P00150000,150.0,7.35,6.95,7.25,39.0,164.0,0.17383638671875,True,PUT,2026-07-17,PG
PG260717P00155000,155.0,10.36,9.45,10.25,9.0,91.0,0.17566742309570313,True,PUT,2026-07-17,PG
PG260717P00160000,160.0,14.35,12.45,13.4,3.0,167.0,0.16791603576660158,True,PUT,2026-07-17,PG
PG260717P00165000,165.0,17.29,16.15,17.7,1.0,1.0,0.1810384631347656,True,PUT,2026-07-17,PG
PG260717P00180000,180.0,35.75,0.0,0.0,2.0,1.0,1.0000000000000003e-05,True,PUT,2026-07-17,PG
PG260918C00105000,105.0,49.85,43.5,46.15,1.0,1.0,0.33704276245117193,True,CALL,2026-09-18,PG
PG260918C00110000,110.0,36.35,40.35,42.15,4.0,4.0,0.35156898437499995,True,CALL,2026-09-18,PG
PG260918C00115000,115.0,31.95,35.7,37.7,2.0,20.0,0.3360662097167969,True,CALL,2026-09-18,PG
PG260918C00120000,120.0,32.07,31.15,33.05,2.0,17.0,0.31024859680175776,True,CALL,2026-09-18,PG
PG260918C00125000,125.0,28.0,26.85,28.5,2.0,36.0,0.2860789166259765,True,CALL,2026-09-18,PG
PG260918C00130000,130.0,23.14,22.65,24.3,1.0,39.0,0.2696606237792969,True,CALL,2026-09-18,PG
PG260918C00135000,135.0,18.9,18.95,20.15,3.0,109.0,0.2503737072753906,True,CALL,2026-09-18,PG
PG260918C00140000,140.0,15.0,15.3,16.7,1.0,217.0,0.24311059631347653,True,CALL,2026-09-18,PG
PG260918C00145000,145.0,12.6,12.25,13.1,11.0,341.0,0.22595988891601562,True,CALL,2026-09-18,PG
PG260918C00150000,150.0,9.5,9.4,10.15,23.0,751.0,0.21613332702636717,False,CALL,2026-09-18,PG
PG260918C00155000,155.0,7.3,6.9,7.8,24.0,363.0,0.2111895288085937,False,CALL,2026-09-18,PG
PG260918C00160000,160.0,5.2,5.1,5.5,6.0,816.0,0.19904365417480469,False,CALL,2026-09-18,PG
PG260918C00165000,165.0,2.97,3.55,4.0,7.0,1969.0,0.1961139959716797,False,CALL,2026-09-18,PG
PG260918C00170000,170.0,2.59,1.9,2.89,3.0,1159.0,0.19489330505371094,False,CALL,2026-09-18,PG
PG260918C00175000,175.0,1.48,1.21,1.99,8.0,417.0,0.19196364685058598,False,CALL,2026-09-18,PG
PG260918C00180000,180.0,1.25,1.04,1.3,7.0,572.0,0.1878743322753906,False,CALL,2026-09-18,PG
PG260918C00185000,185.0,0.75,0.39,1.13,2.0,746.0,0.1994098614501953,False,CALL,2026-09-18,PG
PG260918C00190000,190.0,0.42,0.03,0.72,11.0,127.0,0.195320546875,False,CALL,2026-09-18,PG
PG260918P00105000,105.0,0.7,0.26,0.65,2.0,48.0,0.27808339111328123,False,PUT,2026-09-18,PG
PG260918P00110000,110.0,0.8,0.75,0.86,1.0,70.0,0.26367923828125,False,PUT,2026-09-18,PG
PG260918P00115000,115.0,1.32,0.92,1.26,1.0,112.0,0.2567213000488281,False,PUT,2026-09-18,PG
PG260918P00120000,120.0,1.48,1.36,1.96,2.0,408.0,0.2564771618652344,False,PUT,2026-09-18,PG
PG260918P00125000,125.0,2.09,1.93,2.57,1.0,366.0,0.24457542541503907,False,PUT,2026-09-18,PG
PG260918P00130000,130.0,2.81,2.64,3.1,19.0,546.0,0.22522747436523435,False,PUT,2026-09-18,PG
PG260918P00135000,135.0,3.9,3.6,4.6,11.0,794.0,0.2280350634765625,False,PUT,2026-09-18,PG
PG260918P00140000,140.0,5.6,4.95,6.0,10.0,1172.0,0.21936815795898437,False,PUT,2026-09-18,PG
PG260918P00145000,145.0,6.7,6.7,7.05,3.0,654.0,0.1961445132446289,False,PUT,2026-09-18,PG
PG260918P00150000,150.0,8.95,8.55,9.15,13.0,630.0,0.18839312591552732,True,PUT,2026-09-18,PG
PG260918P00155000,155.0,11.45,10.9,12.3,3.0,258.0,0.19385571777343752,True,PUT,2026-09-18,PG
PG260918P00160000,160.0,19.55,13.8,15.25,4.0,92.0,0.18628743408203124,True,PUT,2026-09-18,PG
PG260918P00165000,165.0,26.17,17.2,18.6,12.0,48.0,0.17829190856933597,True,PUT,2026-09-18,PG
PG260918P00170000,170.0,22.7,20.95,22.75,2.0,20.0,0.1819539813232422,True,PUT,2026-09-18,PG
PG260918P00175000,175.0,24.2,26.85,29.2,1.0,13.0,0.24695577270507812,True,PUT,2026-09-18,PG
PG260918P00180000,180.0,32.89,0.0,0.0,1.0,6.0,1.0000000000000003e-05,True,PUT,2026-09-18,PG
PG260918P00185000,185.0,40.17,34.05,37.15,1.0,1.0,0.22809609802246095,True,PUT,2026-09-18,PG
PG260918P00190000,190.0,39.77,42.5,46.25,1.0,0.0,0.37128314270019536,True,PUT,2026-09-18,PG
PG261218C00105000,105.0,45.5,0.0,0.0,,1.0,1.0000000000000003e-05,True,CALL,2026-12-18,PG
PG261218C00110000,110.0,36.0,39.9,42.85,1.0,12.0,0.32355412780761705,True,CALL,2026-12-18,PG
PG261218C00115000,115.0,31.65,35.5,38.5,1.0,6.0,0.3104317004394531,True,CALL,2026-12-18,PG
PG261218C00120000,120.0,33.4,31.05,34.75,1.0,119.0,0.31070635589599604,True,CALL,2026-12-18,PG
PG261218C00125000,125.0,23.5,27.0,29.8,4.0,52.0,0.27600821655273433,True,CALL,2026-12-18,PG
PG261218C00130000,130.0,23.7,23.0,26.6,57.0,113.0,0.2811961529541015,True,CALL,2026-12-18,PG
PG261218C00135000,135.0,21.5,20.25,21.8,10.0,79.0,0.2471083590698242,True,CALL,2026-12-18,PG
PG261218C00140000,140.0,17.74,17.0,18.4,1.0,120.0,0.23920438537597655,True,CALL,2026-12-18,PG
PG261218C00145000,145.0,13.7,13.6,15.45,1.0,295.0,0.23480989807128905,True,CALL,2026-12-18,PG
PG261218C00150000,150.0,11.62,10.95,12.4,3.0,306.0,0.22339643798828124,False,CALL,2026-12-18,PG
PG261218C00155000,155.0,8.15,8.15,10.2,6.0,199.0,0.22190109161376947,False,CALL,2026-12-18,PG
PG261218C00160000,160.0,7.05,6.05,7.85,6.0,152.0,0.2122576333618164,False,CALL,2026-12-18,PG
PG261218C00165000,165.0,4.64,4.35,6.1,2.0,144.0,0.2079241806030273,False,CALL,2026-12-18,PG
PG261218C00170000,170.0,4.05,3.55,4.65,2.0,153.0,0.20386538330078124,False,CALL,2026-12-18,PG
PG261218C00175000,175.0,2.65,2.13,3.3,8.0,189.0,0.19599192687988282,False,CALL,2026-12-18,PG
PG261218C00180000,180.0,2.15,1.44,2.5,2.0,180.0,0.19535106414794923,False,CALL,2026-12-18,PG
PG261218C00185000,185.0,1.95,0.96,1.91,1.0,21.0,0.19586985778808597,False,CALL,2026-12-18,PG
PG261218C00190000,190.0,1.25,0.63,1.59,10.0,20.0,0.20136296691894529,False,CALL,2026-12-18,PG
PG261218P00105000,105.0,0.91,0.5,1.1,5.0,30.0,0.2655102746582031,False,PUT,2026-12-18,PG
PG261218P00110000,110.0,1.25,1.04,1.81,19.0,463.0,0.2712475219726562,False,PUT,2026-12-18,PG
PG261218P00115000,115.0,1.65,1.45,2.29,1.0,37.0,0.25965095825195317,False,PUT,2026-12-18,PG
PG261218P00120000,120.0,2.44,2.02,2.9,2.0,478.0,0.24872577453613282,False,PUT,2026-12-18,PG
PG261218P00125000,125.0,3.18,2.7,3.65,2.0,293.0,0.238014211730957,False,PUT,2026-12-18,PG
PG261218P00130000,130.0,4.2,3.15,4.75,6.0,366.0,0.23175817077636718,False,PUT,2026-12-18,PG
PG261218P00135000,135.0,5.4,4.65,5.95,9.0,332.0,0.2225724716186523,False,PUT,2026-12-18,PG
PG261218P00140000,140.0,6.72,5.95,7.55,11.0,713.0,0.216530051574707,False,PUT,2026-12-18,PG
PG261218P00145000,145.0,8.8,7.6,9.05,13.0,341.0,0.20325503784179685,False,PUT,2026-12-18,PG
PG261218P00150000,150.0,10.96,9.7,10.85,1.0,178.0,0.1901020932006836,True,PUT,2026-12-18,PG
PG261218P00155000,155.0,13.0,12.05,14.0,1.0,26.0,0.19486278778076171,True,PUT,2026-12-18,PG
PG261218P00160000,160.0,15.17,15.25,16.9,3.0,7.0,0.1889729541015625,True,PUT,2026-12-18,PG
PG261218P00165000,165.0,27.67,18.2,20.1,1.0,11.0,0.18219811950683595,True,PUT,2026-12-18,PG
PG261218P00170000,170.0,26.5,22.05,23.65,100.0,38.0,0.1754843194580078,True,PUT,2026-12-18,PG
PG261218P00180000,180.0,34.5,30.0,32.15,162.0,29.0,0.17652190673828128,True,PUT,2026-12-18,PG
PG270115C00105000,105.0,40.8,44.7,47.95,1.0,11.0,0.34729656616210935,True,CALL,2027-01-15,PG
PG270115C00110000,110.0,41.21,41.0,42.85,1.0,29.0,0.31037066589355466,True,CALL,2027-01-15,PG
PG270115C00115000,115.0,36.73,35.5,38.95,1.0,17.0,0.3108589422607422,True,CALL,2027-01-15,PG
PG270115C00120000,120.0,31.76,31.5,34.0,1.0,290.0,0.27851063293457035,True,CALL,2027-01-15,PG
PG270115C00125000,125.0,28.7,28.05,29.85,2.0,185.0,0.2659985510253906,True,CALL,2027-01-15,PG
PG270115C00130000,130.0,24.58,23.5,26.25,21.0,194.0,0.2623059609985352,True,CALL,2027-01-15,PG
PG270115C00135000,135.0,21.9,20.7,22.4,205.0,491.0,0.24896991271972657,True,CALL,2027-01-15,PG
PG270115C00140000,140.0,18.0,18.0,19.1,8.0,444.0,0.24243921630859372,True,CALL,2027-01-15,PG
PG270115C00145000,145.0,14.0,14.25,15.5,1.0,284.0,0.22614299255371095,True,CALL,2027-01-15,PG
PG270115C00150000,150.0,12.55,11.05,12.55,20.0,916.0,0.21689625885009767,False,CALL,2027-01-15,PG
PG270115C00155000,155.0,9.75,9.45,10.05,23.0,1437.0,0.21033504516601562,False,CALL,2027-01-15,PG
PG270115C00160000,160.0,7.95,7.1,8.3,6.0,1782.0,0.21149470153808592,False,CALL,2027-01-15,PG
PG270115C00165000,165.0,6.1,5.65,6.2,30.0,395.0,0.20133244964599606,False,CALL,2027-01-15,PG
PG270115C00170000,170.0,4.65,4.25,5.0,12.0,783.0,0.20255314056396478,False,CALL,2027-01-15,PG
PG270115C00175000,175.0,3.31,2.95,3.7,6.0,1716.0,0.19696847961425779,False,CALL,2027-01-15,PG
PG270115C00180000,180.0,2.52,1.81,2.79,2.0,1064.0,0.19477123596191404,False,CALL,2027-01-15,PG
PG270115C00185000,185.0,1.74,1.4,2.18,3.0,1848.0,0.19574778869628906,False,CALL,2027-01-15,PG
PG270115C00190000,190.0,1.21,1.15,1.71,1.0,472.0,0.19715158325195312,False,CALL,2027-01-15,PG
PG270115P00105000,105.0,1.1,0.83,1.55,1.0,287.0,0.2779002874755859,False,PUT,2027-01-15,PG
PG270115P00110000,110.0,1.35,0.98,1.92,21.0,2332.0,0.2647778601074219,False,PUT,2027-01-15,PG
PG270115P00115000,115.0,2.0,1.64,2.43,3.0,250.0,0.25391371093750004,False,PUT,2027-01-15,PG
PG270115P00120000,120.0,2.5,2.23,2.59,5.0,1310.0,0.22919471984863282,False,PUT,2027-01-15,PG
PG270115P00125000,125.0,3.0,2.78,3.95,45.0,540.0,0.236061106262207,False,PUT,2027-01-15,PG
PG270115P00130000,130.0,4.35,3.95,4.35,29.0,1507.0,0.2132036688232422,False,PUT,2027-01-15,PG
PG270115P00135000,135.0,5.8,4.8,6.3,8.0,983.0,0.22064988342285152,False,PUT,2027-01-15,PG
PG270115P00140000,140.0,7.11,6.3,7.3,1.0,1815.0,0.20307193420410152,False,PUT,2027-01-15,PG
PG270115P00145000,145.0,8.62,8.0,9.4,3.0,860.0,0.20117986328124998,False,PUT,2027-01-15,PG
PG270115P00150000,150.0,10.45,10.05,11.1,113.0,793.0,0.18665364135742188,True,PUT,2027-01-15,PG
PG270115P00155000,155.0,13.0,12.1,14.0,17.0,614.0,0.18695881408691406,True,PUT,2027-01-15,PG
PG270115P00160000,160.0,16.5,15.05,17.25,6.0,182.0,0.1875386422729492,True,PUT,2027-01-15,PG
PG270115P00165000,165.0,19.76,18.35,20.45,1.0,162.0,0.18146570495605469,True,PUT,2027-01-15,PG
PG270115P00170000,170.0,23.55,22.1,23.9,18.0,232.0,0.17371431762695314,True,PUT,2027-01-15,PG
PG270115P00175000,175.0,30.7,26.0,27.9,2.0,101.0,0.17130345306396483,True,PUT,2027-01-15,PG
PG270115P00180000,180.0,40.15,29.35,32.6,1.0,57.0,0.1818319122314453,True,PUT,2027-01-15,PG
PG270115P00185000,185.0,41.0,0.0,0.0,2.0,39.0,1.0000000000000003e-05,True,PUT,2027-01-15,PG
PG270115P00190000,190.0,41.0,43.0,46.5,1.0,5.0,0.3074410076904296,True,PUT,2027-01-15,PG
PG270617C00120000,120.0,29.58,32.5,35.9,,11.0,0.2727733856201171,True,CALL,2027-06-17,PG
PG270617C00125000,125.0,26.08,29.0,32.0,1.0,12.0,0.2633740655517578,True,CALL,2027-06-17,PG
PG270617C00130000,130.0,25.9,25.0,28.25,1.0,102.0,0.25403578002929694,True,CALL,2027-06-17,PG
PG270617C00135000,135.0,24.75,21.5,25.25,1.0,1.0,0.2542188836669922,True,CALL,2027-06-17,PG
PG270617C00145000,145.0,16.65,15.5,18.3,1.0,3.0,0.2298966171264648,True,CALL,2027-06-17,PG
PG270617C00150000,150.0,14.05,14.75,15.95,86.0,3.0,0.22974403076171873,False,CALL,2027-06-17,PG
PG270617C00155000,155.0,12.2,10.5,14.0,7.0,17.0,0.2318497225952148,False,CALL,2027-06-17,PG
PG270617C00170000,170.0,7.24,5.45,7.8,1.0,1.0,0.2133562551879883,False,CALL,2027-06-17,PG
PG270617C00175000,175.0,4.7,4.2,6.6,,8.0,0.21375297973632812,False,CALL,2027-06-17,PG
PG270617C00190000,190.0,3.0,0.89,4.25,,10.0,0.22113815979003904,False,CALL,2027-06-17,PG
PG270617P00115000,115.0,2.41,2.51,3.7,5.0,15.0,0.24573508178710937,False,PUT,2027-06-17,PG
PG270617P00120000,120.0,3.6,3.1,5.3,15.0,25.0,0.25379164184570313,False,PUT,2027-06-17,PG
PG270617P00135000,135.0,7.05,6.35,8.4,1.0,2.0,0.21915453704833981,False,PUT,2027-06-17,PG
PG270617P00140000,140.0,8.65,7.85,10.7,18.0,25.0,0.22217574707031246,False,PUT,2027-06-17,PG
PG270617P00150000,150.0,12.35,12.1,14.85,145.0,145.0,0.20954159606933592,True,PUT,2027-06-17,PG
PG280121C00105000,105.0,48.97,46.0,49.35,3.0,12.0,0.27466545654296876,True,CALL,2028-01-21,PG
PG280121C00110000,110.0,43.5,42.0,45.1,4.0,80.0,0.2644726873779296,True,CALL,2028-01-21,PG
PG280121C00115000,115.0,42.3,38.5,41.4,1.0,15.0,0.2626416510009766,True,CALL,2028-01-21,PG
PG280121C00120000,120.0,35.9,35.15,37.7,1.0,95.0,0.25785043914794925,True,CALL,2028-01-21,PG
PG280121C00125000,125.0,33.2,31.0,34.55,2.0,47.0,0.25891854370117195,True,CALL,2028-01-21,PG
PG280121C00130000,130.0,28.0,27.5,30.95,1.0,342.0,0.2506483627319336,True,CALL,2028-01-21,PG
PG280121C00135000,135.0,26.45,24.65,27.45,2.0,22.0,0.24182887084960938,True,CALL,2028-01-21,PG
PG280121C00140000,140.0,22.75,22.8,24.25,81.0,332.0,0.23493196716308595,True,CALL,2028-01-21,PG
PG280121C00145000,145.0,20.69,18.85,21.7,7.0,146.0,0.2339096385192871,True,CALL,2028-01-21,PG
PG280121C00150000,150.0,18.0,16.0,19.0,1.0,282.0,0.2286301502990723,False,CALL,2028-01-21,PG
PG280121C00155000,155.0,15.78,14.05,17.35,5.0,127.0,0.23360446578979488,False,CALL,2028-01-21,PG
PG280121C00160000,160.0,14.0,11.5,15.4,1.0,157.0,0.23270420623779298,False,CALL,2028-01-21,PG
PG280121C00165000,165.0,11.5,9.55,11.5,1.0,89.0,0.20615417877197262,False,CALL,2028-01-21,PG
PG280121C00170000,170.0,10.2,8.25,10.65,12.0,141.0,0.2140276351928711,False,CALL,2028-01-21,PG
PG280121C00175000,175.0,9.45,6.85,9.6,2.0,63.0,0.2176591906738281,False,CALL,2028-01-21,PG
PG280121C00180000,180.0,8.0,5.7,8.3,2.0,305.0,0.21628591339111325,False,CALL,2028-01-21,PG
PG280121C00185000,185.0,5.79,4.65,7.2,15.0,22.0,0.2156755679321289,False,CALL,2028-01-21,PG
PG280121C00190000,190.0,5.39,3.8,6.3,1.0,24.0,0.21610280975341795,False,CALL,2028-01-21,PG
PG280121P00105000,105.0,2.9,2.34,3.85,1.0,23.0,0.25629405822753903,False,PUT,2028-01-21,PG
PG280121P00110000,110.0,3.8,3.3,4.4,16.0,138.0,0.2438430108642578,False,PUT,2028-01-21,PG
PG280121P00115000,115.0,4.51,3.05,6.15,16.0,163.0,0.25263198547363286,False,PUT,2028-01-21,PG
PG280121P00120000,120.0,5.5,5.05,5.9,4.0,176.0,0.22263350616455074,False,PUT,2028-01-21,PG
PG280121P00125000,125.0,7.0,6.15,7.75,2.0,677.0,0.2269364416503906,False,PUT,2028-01-21,PG
PG280121P00130000,130.0,7.91,7.5,9.15,3.0,716.0,0.22080246978759765,False,PUT,2028-01-21,PG
PG280121P00135000,135.0,9.55,8.35,10.8,2.0,1723.0,0.2157060852050781,False,PUT,2028-01-21,PG
PG280121P00140000,140.0,11.85,10.1,11.85,3.0,245.0,0.2004474487304687,False,PUT,2028-01-21,PG
PG280121P00145000,145.0,13.55,11.9,14.65,1.0,163.0,0.20497926376342768,False,PUT,2028-01-21,PG
PG280121P00150000,150.0,15.45,14.0,17.2,12.0,70.0,0.20337710693359373,True,PUT,2028-01-21,PG
PG280121P00155000,155.0,24.5,16.5,19.7,2.0,19.0,0.19849434326171872,True,PUT,2028-01-21,PG
PG280121P00160000,160.0,21.3,19.0,22.5,40.0,36.0,0.1945576150512695,True,PUT,2028-01-21,PG
PG280121P00165000,165.0,23.5,22.85,25.5,2.0,13.0,0.1903767486572266,True,PUT,2028-01-21,PG
PG280121P00170000,170.0,32.0,0.0,0.0,11.0,69.0,1.0000000000000003e-05,True,PUT,2028-01-21,PG
PG280121P00175000,175.0,30.1,30.25,34.4,1.0,2.0,0.211372632446289,True,PUT,2028-01-21,PG
PG280121P00180000,180.0,34.45,32.85,35.05,30.0,34.0,0.1671225866699219,True,PUT,2028-01-21,PG
PG280121P00185000,185.0,39.88,0.0,0.0,1.0,7.0,1.0000000000000003e-05,True,PUT,2028-01-21,PG
PINS260130C00016000,16.0,10.48,5.2,8.0,5.0,15.0,4.449223188476562,True,CALL,2026-01-30,PINS
PINS260130C00017000,17.0,6.32,4.5,6.8,1.0,3.0,3.9804687988281247,True,CALL,2026-01-30,PINS
PINS260130C00018000,18.0,4.89,3.85,4.6,20.0,12.0,2.1875045312499997,True,CALL,2026-01-30,PINS
PINS260130C00020000,20.0,3.83,1.87,3.05,2.0,1.0,1.8437507812499998,True,CALL,2026-01-30,PINS
PINS260130C00021000,21.0,1.55,0.86,1.62,7.0,6.0,0.867188828125,True,CALL,2026-01-30,PINS
PINS260130C00022000,22.0,0.28,0.25,0.34,561.0,82.0,0.47070841796875,True,CALL,2026-01-30,PINS
PINS260130C00023000,23.0,0.02,0.02,0.03,734.0,769.0,0.42188078125,False,CALL,2026-01-30,PINS
PINS260130C00023500,23.5,0.02,0.0,0.04,536.0,986.0,0.5312546875,False,CALL,2026-01-30,PINS
PINS260130C00024000,24.0,0.01,0.0,0.01,101.0,2701.0,0.5312546875,False,CALL,2026-01-30,PINS
PINS260130C00024500,24.5,0.03,0.0,0.01,2.0,2427.0,0.6250037500000001,False,CALL,2026-01-30,PINS
PINS260130C00025000,25.0,0.04,0.0,0.02,180.0,526.0,0.8125018749999999,False,CALL,2026-01-30,PINS
PINS260130C00025500,25.5,0.1,0.0,0.51,146.0,1512.0,1.8828130859374999,False,CALL,2026-01-30,PINS
PINS260130C00026000,26.0,0.01,0.0,0.03,28.0,3300.0,1.09375453125,False,CALL,2026-01-30,PINS
PINS260130C00026500,26.5,0.04,0.0,0.02,219.0,10255.0,1.125004375,False,CALL,2026-01-30,PINS
PINS260130C00027000,27.0,0.01,0.0,0.01,39.0,2485.0,1.125004375,False,CALL,2026-01-30,PINS
PINS260130C00027500,27.5,0.04,0.0,0.04,10.0,359.0,1.453127734375,False,CALL,2026-01-30,PINS
PINS260130C00028000,28.0,0.01,0.0,0.01,6.0,1989.0,1.3125034374999998,False,CALL,2026-01-30,PINS
PINS260130C00028500,28.5,0.01,0.0,0.01,1.0,246.0,1.3750031249999999,False,CALL,2026-01-30,PINS
PINS260130P00022000,22.0,0.28,0.24,0.33,148.0,415.0,0.5546919531250001,False,PUT,2026-01-30,PINS
PINS260130P00022500,22.5,0.48,0.5,0.65,71.0,1448.0,0.6015664843750002,True,PUT,2026-01-30,PINS
PINS260130P00023000,23.0,0.88,0.9,1.14,357.0,758.0,0.57812921875,True,PUT,2026-01-30,PINS
PINS260130P00023500,23.5,1.51,1.36,1.65,15.0,1048.0,0.7187528125,True,PUT,2026-01-30,PINS
PINS260130P00024000,24.0,2.05,1.68,2.12,84.0,3028.0,1.19141029296875,True,PUT,2026-01-30,PINS
PINS260130P00024500,24.5,2.24,1.93,2.7,49.0,1042.0,1.5585959570312498,True,PUT,2026-01-30,PINS
PINS260130P00025000,25.0,2.89,2.85,3.15,20.0,3316.0,1.15625421875,True,PUT,2026-01-30,PINS
PINS260130P00025500,25.5,3.25,2.1,3.9,2.0,546.0,2.3437541406249993,True,PUT,2026-01-30,PINS
PINS260130P00026000,26.0,3.74,3.75,4.2,4.0,1425.0,1.2890660546875,True,PUT,2026-01-30,PINS
PINS260130P00026500,26.5,3.85,3.2,4.75,29.0,17.0,2.3476603808593746,True,PUT,2026-01-30,PINS
PINS260130P00027000,27.0,4.89,4.65,5.15,106.0,134.0,2.2265669335937495,True,PUT,2026-01-30,PINS
PINS260130P00027500,27.5,1.66,4.85,7.35,5.0,8.0,3.4335951660156248,True,PUT,2026-01-30,PINS
PINS260130P00028000,28.0,6.2,5.2,7.25,1.0,62.0,2.718753203125,True,PUT,2026-01-30,PINS
PINS260130P00028500,28.5,6.6,5.0,8.35,1.0,1.0,2.71094072265625,True,PUT,2026-01-30,PINS
PINS260206C00020000,20.0,3.75,1.93,3.5,11.0,20.0,1.107426337890625,True,CALL,2026-02-06,PINS
PINS260206C00021000,21.0,2.87,1.12,1.39,3.0,7.0,0.5478560839843751,True,CALL,2026-02-06,PINS
PINS260206C00023000,23.0,0.21,0.2,0.23,316.0,217.0,0.41211525390625,False,CALL,2026-02-06,PINS
PINS260206C00024000,24.0,0.08,0.07,0.1,313.0,1037.0,0.45898978515625005,False,CALL,2026-02-06,PINS
PINS260206C00024500,24.5,0.06,0.04,0.09,211.0,224.0,0.5195360546875,False,CALL,2026-02-06,PINS
PINS260206C00025000,25.0,0.04,0.03,0.04,84.0,198.0,0.49219257812500006,False,CALL,2026-02-06,PINS
PINS260206C00025500,25.5,0.06,0.02,0.11,14.0,480.0,0.6093789062500001,False,CALL,2026-02-06,PINS
PINS260206C00026000,26.0,0.04,0.01,0.04,11.0,1645.0,0.5546919531250001,False,CALL,2026-02-06,PINS
PINS260206C00026500,26.5,0.05,0.01,0.15,42.0,177.0,0.7656273437500001,False,CALL,2026-02-06,PINS
PINS260206C00027000,27.0,0.01,0.01,0.02,273.0,1249.0,0.6093789062500001,False,CALL,2026-02-06,PINS
PINS260206C00027500,27.5,0.02,0.01,0.02,2.0,403.0,0.6562534375000001,False,CALL,2026-02-06,PINS
PINS260206C00028000,28.0,0.01,0.01,0.02,71.0,1176.0,0.70312796875,False,CALL,2026-02-06,PINS
PINS260206C00028500,28.5,0.04,0.0,0.56,5.0,121.0,1.3320345898437496,False,CALL,2026-02-06,PINS
PINS260206P00020000,20.0,0.01,0.04,0.2,11.0,78.0,0.5566450585937501,False,PUT,2026-02-06,PINS
PINS260206P00021000,21.0,0.2,0.16,0.22,276.0,1244.0,0.45313046875,False,PUT,2026-02-06,PINS
PINS260206P00022000,22.0,0.55,0.48,0.6,99.0,199.0,0.4580132324218751,False,PUT,2026-02-06,PINS
PINS260206P00022500,22.5,0.86,0.78,0.86,20.0,122.0,0.44336494140625,True,PUT,2026-02-06,PINS
PINS260206P00023000,23.0,1.21,1.11,1.29,101.0,1758.0,0.51758294921875,True,PUT,2026-02-06,PINS
PINS260206P00023500,23.5,1.7,1.47,1.85,12.0,134.0,0.5107470800781251,True,PUT,2026-02-06,PINS
PINS260206P00024000,24.0,2.09,1.84,2.19,2.0,711.0,0.6347692773437501,True,PUT,2026-02-06,PINS
PINS260206P00024500,24.5,2.3,2.15,2.69,104.0,233.0,0.7246121289062499,True,PUT,2026-02-06,PINS
PINS260206P00025000,25.0,3.05,2.9,3.15,41.0,529.0,0.5898478515625001,True,PUT,2026-02-06,PINS
PINS260206P00025500,25.5,3.45,3.3,3.65,9.0,150.0,0.5507857421875001,True,PUT,2026-02-06,PINS
PINS260206P00026000,26.0,3.89,3.7,4.2,13.0,1480.0,0.51562984375,True,PUT,2026-02-06,PINS
PINS260206P00026500,26.5,4.02,4.0,4.65,1.0,26.0,0.98437515625,True,PUT,2026-02-06,PINS
PINS260206P00027000,27.0,4.98,4.85,5.15,136.0,567.0,0.789064609375,True,PUT,2026-02-06,PINS
PINS260206P00027500,27.5,5.39,5.3,5.65,2.0,4.0,0.7695335546875001,True,PUT,2026-02-06,PINS
PINS260206P00028000,28.0,5.78,5.55,6.2,1.0,11.0,1.2500037499999999,True,PUT,2026-02-06,PINS
PINS260213C00023000,23.0,1.31,1.15,1.25,2.0,186.0,0.8642591699218749,False,CALL,2026-02-13,PINS
PINS260213C00025000,25.0,0.67,0.57,0.73,41.0,495.0,0.8867198828124999,False,CALL,2026-02-13,PINS
PINS260213C00026000,26.0,0.43,0.39,0.49,338.0,2924.0,0.8730481445312499,False,CALL,2026-02-13,PINS
PINS260213C00027000,27.0,0.35,0.25,0.35,17.0,717.0,0.8710950390625,False,CALL,2026-02-13,PINS
PINS260213C00028000,28.0,0.22,0.18,0.27,11.0,447.0,0.8945323046874999,False,CALL,2026-02-13,PINS
PINS260213P00019000,19.0,0.49,0.42,0.52,64.0,91.0,0.9023447265625,False,PUT,2026-02-13,PINS
PINS260213P00020000,20.0,0.74,0.68,0.75,56.0,328.0,0.8730481445312499,False,PUT,2026-02-13,PINS
PINS260213P00021000,21.0,1.1,1.05,1.17,17.0,244.0,0.8828136718749999,False,PUT,2026-02-13,PINS
PINS260213P00022000,22.0,1.54,1.44,1.6,140.0,531.0,0.8447281152343749,False,PUT,2026-02-13,PINS
PINS260213P00023000,23.0,2.14,2.05,2.21,47.0,651.0,0.8623060644531251,True,PUT,2026-02-13,PINS
PINS260213P00024000,24.0,2.38,2.61,2.89,3.0,201.0,0.8330094824218748,True,PUT,2026-02-13,PINS
PINS260213P00025000,25.0,3.54,3.45,3.65,83.0,540.0,0.8632826171875,True,PUT,2026-02-13,PINS
PINS260213P00026000,26.0,4.25,3.95,4.55,25.0,174.0,0.773439765625,True,PUT,2026-02-13,PINS
PINS260213P00027000,27.0,5.1,4.95,5.4,232.0,128.0,0.81445498046875,True,PUT,2026-02-13,PINS
PINS260213P00028000,28.0,5.93,6.0,6.3,47.0,221.0,0.88476677734375,True,PUT,2026-02-13,PINS
PINS260220C00016000,16.0,11.75,6.0,7.55,15.0,7.0,1.4570339648437498,True,CALL,2026-02-20,PINS
PINS260220C00017000,17.0,9.13,5.1,6.65,2.0,32.0,1.3398470507812497,True,CALL,2026-02-20,PINS
PINS260220C00018000,18.0,5.25,4.2,5.2,4.0,23.0,1.0332079589843752,True,CALL,2026-02-20,PINS
PINS260220C00019000,19.0,3.75,3.45,4.75,25.0,39.0,1.0957076464843751,True,CALL,2026-02-20,PINS
PINS260220C00020000,20.0,2.85,2.71,2.92,25.0,559.0,0.7480493945312501,True,CALL,2026-02-20,PINS
PINS260220C00021000,21.0,2.96,2.15,2.3,2.0,82.0,0.7607445800781252,True,CALL,2026-02-20,PINS
PINS260220C00022000,22.0,1.72,1.68,1.7,54.0,236.0,0.75195560546875,True,CALL,2026-02-20,PINS
PINS260220C00023000,23.0,1.3,1.25,1.29,140.0,397.0,0.752932158203125,False,CALL,2026-02-20,PINS
PINS260220C00023500,23.5,1.11,1.06,1.11,55.0,337.0,0.7500025,False,CALL,2026-02-20,PINS
PINS260220C00024000,24.0,0.93,0.89,0.96,98.0,1230.0,0.7480493945312501,False,CALL,2026-02-20,PINS
PINS260220C00025000,25.0,0.66,0.64,0.68,364.0,2177.0,0.74414318359375,False,CALL,2026-02-20,PINS
PINS260220C00025500,25.5,0.59,0.55,0.6,8.0,282.0,0.754885263671875,False,CALL,2026-02-20,PINS
PINS260220C00026000,26.0,0.48,0.45,0.51,84.0,1888.0,0.752932158203125,False,CALL,2026-02-20,PINS
PINS260220C00026500,26.5,0.46,0.38,0.43,11.0,3251.0,0.7539087109375,False,CALL,2026-02-20,PINS
PINS260220C00027000,27.0,0.36,0.33,0.36,5.0,2552.0,0.7597680273437502,False,CALL,2026-02-20,PINS
PINS260220C00027500,27.5,0.33,0.24,0.39,22.0,202.0,0.7812521875,False,CALL,2026-02-20,PINS
PINS260220C00028000,28.0,0.25,0.23,0.28,58.0,4033.0,0.773439765625,False,CALL,2026-02-20,PINS
PINS260220C00028500,28.5,0.31,0.01,0.45,16.0,452.0,0.789064609375,False,CALL,2026-02-20,PINS
PINS260220P00016000,16.0,0.11,0.08,0.14,40.0,3.0,0.8398453515625,False,PUT,2026-02-20,PINS
PINS260220P00017000,17.0,0.2,0.17,0.23,15.0,57.0,0.8261736132812498,False,PUT,2026-02-20,PINS
PINS260220P00018000,18.0,0.25,0.2,0.4,25.0,135.0,0.77929908203125,False,PUT,2026-02-20,PINS
PINS260220P00019000,19.0,0.51,0.48,0.51,148.0,535.0,0.7685570019531252,False,PUT,2026-02-20,PINS
PINS260220P00020000,20.0,0.78,0.75,0.8,55.0,983.0,0.7617211328125001,False,PUT,2026-02-20,PINS
PINS260220P00021000,21.0,1.17,1.1,1.18,45.0,629.0,0.7509790527343749,False,PUT,2026-02-20,PINS
PINS260220P00021500,21.5,1.38,1.33,1.4,2.0,111.0,0.7490259472656251,False,PUT,2026-02-20,PINS
PINS260220P00022000,22.0,1.64,1.59,1.63,250.0,2528.0,0.745119736328125,False,PUT,2026-02-20,PINS
PINS260220P00022500,22.5,1.84,1.84,1.93,24.0,450.0,0.74414318359375,True,PUT,2026-02-20,PINS
PINS260220P00023000,23.0,2.2,2.14,2.23,73.0,1687.0,0.74414318359375,True,PUT,2026-02-20,PINS
PINS260220P00023500,23.5,2.42,2.45,2.55,20.0,1138.0,0.7402369726562499,True,PUT,2026-02-20,PINS
PINS260220P00024000,24.0,2.71,2.79,2.94,39.0,2422.0,0.7509790527343749,True,PUT,2026-02-20,PINS
PINS260220P00024500,24.5,3.15,3.15,3.35,1.0,531.0,0.762697685546875,True,PUT,2026-02-20,PINS
PINS260220P00025000,25.0,3.56,3.5,3.7,392.0,3049.0,0.747072841796875,True,PUT,2026-02-20,PINS
PINS260220P00025500,25.5,3.42,3.8,4.15,2.0,264.0,0.735354208984375,True,PUT,2026-02-20,PINS
PINS260220P00026000,26.0,4.3,4.25,4.55,6.0,3708.0,0.74414318359375,True,PUT,2026-02-20,PINS
PINS260220P00026500,26.5,4.65,4.4,5.0,1.0,128.0,0.6552768847656252,True,PUT,2026-02-20,PINS
PINS260220P00027000,27.0,5.25,5.15,5.35,71.0,2046.0,0.737307314453125,True,PUT,2026-02-20,PINS
PINS260220P00027500,27.5,4.98,4.55,5.85,2.0,3.0,0.8535170898437501,True,PUT,2026-02-20,PINS
PINS260220P00028000,28.0,6.06,5.75,6.3,93.0,1552.0,0.5996133789062501,True,PUT,2026-02-20,PINS
PINS260227C00018000,18.0,7.1,3.45,5.9,,1.0,0.8896495410156249,True,CALL,2026-02-27,PINS
PINS260227C00020000,20.0,6.0,2.8,3.05,,1.0,0.7070341796875,True,CALL,2026-02-27,PINS
PINS260227C00025000,25.0,1.05,0.64,0.79,4.0,47.0,0.6777375976562501,False,CALL,2026-02-27,PINS
PINS260227C00026000,26.0,0.57,0.46,0.58,40.0,171.0,0.6796907031250001,False,CALL,2026-02-27,PINS
PINS260227C00027000,27.0,0.44,0.31,0.43,21.0,87.0,0.6806672558593752,False,CALL,2026-02-27,PINS
PINS260227C00028000,28.0,0.3,0.23,0.32,1.0,117.0,0.6914093359375001,False,CALL,2026-02-27,PINS
PINS260227P00018000,18.0,0.28,0.23,0.41,5.0,189.0,0.6972686523437501,False,PUT,2026-02-27,PINS
PINS260227P00019000,19.0,0.5,0.5,0.62,36.0,59.0,0.709963837890625,False,PUT,2026-02-27,PINS
PINS260227P00020000,20.0,0.81,0.73,0.91,23.0,132.0,0.6884796777343751,False,PUT,2026-02-27,PINS
PINS260227P00021000,21.0,1.2,1.11,1.26,21.0,79.0,0.676761044921875,False,PUT,2026-02-27,PINS
PINS260227P00022000,22.0,1.55,1.5,1.78,1.0,107.0,0.6650424121093752,False,PUT,2026-02-27,PINS
PINS260227P00023000,23.0,1.91,2.02,2.35,20.0,41.0,0.6513706738281251,True,PUT,2026-02-27,PINS
PINS260227P00024000,24.0,2.87,2.7,3.05,4.0,51.0,0.6611362011718751,True,PUT,2026-02-27,PINS
PINS260227P00025000,25.0,3.25,3.45,3.75,3.0,42.0,0.6543003320312502,True,PUT,2026-02-27,PINS
PINS260227P00026000,26.0,3.52,4.3,4.6,2.0,51.0,0.6777375976562501,True,PUT,2026-02-27,PINS
PINS260227P00027000,27.0,4.7,4.15,5.45,,23.0,0.764650791015625,True,PUT,2026-02-27,PINS
PINS260306P00022000,22.0,1.69,1.6,1.8,4.0,106.0,0.6201209863281252,False,PUT,2026-03-06,PINS
PINS260306P00024000,24.0,3.0,2.78,3.1,1.0,15.0,0.6201209863281252,True,PUT,2026-03-06,PINS
PINS260306P00025000,25.0,2.75,3.5,3.85,2.0,5.0,0.6201209863281252,True,PUT,2026-03-06,PINS
PINS260306P00026000,26.0,1.75,4.35,4.65,4.0,4.0,0.6337927246093751,True,PUT,2026-03-06,PINS
PINS260320C00016000,16.0,11.8,6.15,7.25,2.0,10.0,0.937500625,True,CALL,2026-03-20,PINS
PINS260320C00018000,18.0,4.8,4.5,5.1,12.0,47.0,0.7392604199218749,True,CALL,2026-03-20,PINS
PINS260320C00019000,19.0,5.6,3.7,3.95,5.0,47.0,0.6279334082031252,True,CALL,2026-03-20,PINS
PINS260320C00020000,20.0,3.33,3.05,3.25,9.0,300.0,0.622074091796875,True,CALL,2026-03-20,PINS
PINS260320C00021000,21.0,3.05,2.44,2.62,4.0,16.0,0.6093789062500001,True,CALL,2026-03-20,PINS
PINS260320C00022000,22.0,2.03,1.98,2.08,21.0,5047.0,0.6093789062500001,True,CALL,2026-03-20,PINS
PINS260320C00023000,23.0,1.7,1.54,1.64,235.0,445.0,0.6035195898437502,False,CALL,2026-03-20,PINS
PINS260320C00024000,24.0,1.29,1.17,1.26,142.0,839.0,0.594730615234375,False,CALL,2026-03-20,PINS
PINS260320C00025000,25.0,0.97,0.9,0.98,363.0,1282.0,0.596683720703125,False,CALL,2026-03-20,PINS
PINS260320C00026000,26.0,0.82,0.67,0.76,35.0,1030.0,0.596683720703125,False,CALL,2026-03-20,PINS
PINS260320C00027000,27.0,0.53,0.51,0.58,116.0,1774.0,0.5986368261718751,False,CALL,2026-03-20,PINS
PINS260320C00028000,28.0,0.43,0.41,0.44,83.0,5990.0,0.6064492480468751,False,CALL,2026-03-20,PINS
PINS260320P00016000,16.0,0.16,0.17,0.25,1.0,33.0,0.6611362011718751,False,PUT,2026-03-20,PINS
PINS260320P00017000,17.0,0.29,0.17,0.38,7.0,65.0,0.6093789062500001,False,PUT,2026-03-20,PINS
PINS260320P00018000,18.0,0.44,0.3,0.54,4.0,437.0,0.5898478515625001,False,PUT,2026-03-20,PINS
PINS260320P00019000,19.0,0.7,0.63,0.77,25.0,218.0,0.6035195898437502,False,PUT,2026-03-20,PINS
PINS260320P00020000,20.0,1.01,0.99,1.09,34.0,5364.0,0.6064492480468751,False,PUT,2026-03-20,PINS
PINS260320P00021000,21.0,1.4,1.37,1.48,125.0,1694.0,0.596683720703125,False,PUT,2026-03-20,PINS
PINS260320P00022000,22.0,1.86,1.85,1.9,11.0,2034.0,0.5815471533203125,False,PUT,2026-03-20,PINS
PINS260320P00023000,23.0,2.45,2.41,2.53,31.0,885.0,0.586918193359375,True,PUT,2026-03-20,PINS
PINS260320P00024000,24.0,3.11,2.95,3.2,104.0,1056.0,0.5712933496093751,True,PUT,2026-03-20,PINS
PINS260320P00025000,25.0,3.84,3.75,3.95,76.0,2011.0,0.5883830224609375,True,PUT,2026-03-20,PINS
PINS260320P00026000,26.0,4.5,4.45,4.7,2.0,1904.0,0.56836369140625,True,PUT,2026-03-20,PINS
PINS260320P00027000,27.0,5.31,5.15,5.55,16.0,955.0,0.5429733203125001,True,PUT,2026-03-20,PINS
PINS260320P00028000,28.0,5.7,5.6,6.45,6.0,1662.0,0.648441015625,True,PUT,2026-03-20,PINS
PINS260515C00016000,16.0,8.16,6.55,7.65,10.0,10.0,0.789064609375,True,CALL,2026-05-15,PINS
PINS260515C00019000,19.0,4.8,4.45,4.7,3.0,1.0,0.6303747900390625,True,CALL,2026-05-15,PINS
PINS260515C00020000,20.0,4.45,3.8,4.1,1.0,46.0,0.6191444335937502,True,CALL,2026-05-15,PINS
PINS260515C00021000,21.0,4.43,3.25,3.55,10.0,13.0,0.6125527026367189,True,CALL,2026-05-15,PINS
PINS260515C00022000,22.0,2.9,2.81,2.99,33.0,19.0,0.6049844189453126,True,CALL,2026-05-15,PINS
PINS260515C00023000,23.0,2.51,2.37,2.58,10.0,35.0,0.6025430371093752,False,CALL,2026-05-15,PINS
PINS260515C00024000,24.0,2.1,1.94,2.2,24.0,99.0,0.5932657861328126,False,CALL,2026-05-15,PINS
PINS260515C00025000,25.0,1.84,1.67,1.89,17.0,494.0,0.5981485498046876,False,CALL,2026-05-15,PINS
PINS260515C00026000,26.0,1.49,1.42,1.49,9.0,407.0,0.5864299169921875,False,CALL,2026-05-15,PINS
PINS260515C00027000,27.0,1.23,1.17,1.25,1.0,681.0,0.5830119824218749,False,CALL,2026-05-15,PINS
PINS260515C00028000,28.0,1.04,0.99,1.05,59.0,1611.0,0.5844768115234374,False,CALL,2026-05-15,PINS
PINS260515P00016000,16.0,0.53,0.44,0.59,10.0,2.0,0.6005899316406251,False,PUT,2026-05-15,PINS
PINS260515P00017000,17.0,0.71,0.66,0.75,6.0,87.0,0.585941640625,False,PUT,2026-05-15,PINS
PINS260515P00018000,18.0,0.97,0.89,1.04,3.0,357.0,0.579105771484375,False,PUT,2026-05-15,PINS
PINS260515P00019000,19.0,1.02,1.04,1.44,6.0,141.0,0.561527822265625,False,PUT,2026-05-15,PINS
PINS260515P00020000,20.0,1.6,1.61,1.71,1.0,642.0,0.5664105859375,False,PUT,2026-05-15,PINS
PINS260515P00021000,21.0,2.09,1.95,2.24,27.0,230.0,0.559574716796875,False,PUT,2026-05-15,PINS
PINS260515P00022000,22.0,2.61,2.54,2.68,114.0,323.0,0.5576216113281252,False,PUT,2026-05-15,PINS
PINS260515P00023000,23.0,3.14,3.0,3.25,2.0,622.0,0.5427291821289064,True,PUT,2026-05-15,PINS
PINS260515P00024000,24.0,3.2,3.4,3.9,1.0,170.0,0.5180712255859375,True,PUT,2026-05-15,PINS
PINS260515P00025000,25.0,3.62,4.05,4.55,10.0,2256.0,0.507817421875,True,PUT,2026-05-15,PINS
PINS260515P00026000,26.0,4.8,4.8,5.3,5.0,1493.0,0.508793974609375,True,PUT,2026-05-15,PINS
PINS260515P00027000,27.0,4.9,5.45,6.05,7.0,1240.0,0.56055126953125,True,PUT,2026-05-15,PINS
PINS260515P00028000,28.0,6.75,6.65,6.85,2.0,563.0,0.532231240234375,True,PUT,2026-05-15,PINS
PINS260618C00017000,17.0,10.95,6.0,7.05,1.0,1.0,0.7138700488281251,True,CALL,2026-06-18,PINS
PINS260618C00018000,18.0,5.53,5.35,5.65,43.0,22.0,0.6191444335937502,True,CALL,2026-06-18,PINS
PINS260618C00020000,20.0,4.26,4.1,4.4,103.0,394.0,0.6001016552734376,True,CALL,2026-06-18,PINS
PINS260618C00021000,21.0,3.7,3.55,3.8,235.0,22.0,0.5864299169921875,True,CALL,2026-06-18,PINS
PINS260618C00022000,22.0,3.2,3.05,3.2,1.0,113.0,0.5688519677734375,True,CALL,2026-06-18,PINS
PINS260618C00023000,23.0,2.69,2.7,2.79,35.0,327.0,0.5742230078125,False,CALL,2026-06-18,PINS
PINS260618C00024000,24.0,2.4,2.27,2.42,110.0,94.0,0.5671430004882813,False,CALL,2026-06-18,PINS
PINS260618C00025000,25.0,1.99,1.95,2.05,87.0,751.0,0.5620160986328125,False,CALL,2026-06-18,PINS
PINS260618C00026000,26.0,1.81,1.59,1.84,12.0,352.0,0.5607954077148438,False,CALL,2026-06-18,PINS
PINS260618C00027000,27.0,1.48,1.4,1.54,166.0,419.0,0.5603071313476562,False,CALL,2026-06-18,PINS
PINS260618C00028000,28.0,1.2,1.19,1.39,23.0,1240.0,0.5664105859375,False,CALL,2026-06-18,PINS
PINS260618P00016000,16.0,0.65,0.48,0.7,1.0,34.0,0.5488326367187502,False,PUT,2026-06-18,PINS
PINS260618P00017000,17.0,0.88,0.87,0.91,40.0,6.0,0.5634809277343751,False,PUT,2026-06-18,PINS
PINS260618P00018000,18.0,1.17,1.14,1.18,26.0,470.0,0.55273884765625,False,PUT,2026-06-18,PINS
PINS260618P00019000,19.0,1.48,1.44,1.54,21.0,93.0,0.5449264257812501,False,PUT,2026-06-18,PINS
PINS260618P00020000,20.0,1.84,1.84,1.96,40.0,1731.0,0.5424850439453126,False,PUT,2026-06-18,PINS
PINS260618P00021000,21.0,2.33,2.21,2.41,7.0,97.0,0.5288133056640626,False,PUT,2026-06-18,PINS
PINS260618P00022000,22.0,2.79,2.71,2.89,8.0,716.0,0.5207567456054687,False,PUT,2026-06-18,PINS
PINS260618P00023000,23.0,3.35,3.25,3.45,5.0,1000.0,0.5139208764648437,True,PUT,2026-06-18,PINS
PINS260618P00024000,24.0,3.85,3.85,4.1,46.0,247.0,0.5112353564453125,True,PUT,2026-06-18,PINS
PINS260618P00025000,25.0,4.53,4.4,4.75,10.0,5149.0,0.5278367529296876,True,PUT,2026-06-18,PINS
PINS260618P00026000,26.0,5.02,4.9,5.5,8.0,742.0,0.532231240234375,True,PUT,2026-06-18,PINS
PINS260618P00027000,27.0,5.42,5.6,6.25,2.0,126.0,0.5293015820312501,True,PUT,2026-06-18,PINS
PINS260618P00028000,28.0,6.62,6.4,7.05,4.0,2929.0,0.5297898583984376,True,PUT,2026-06-18,PINS
PINS260821C00023000,23.0,3.35,3.25,3.45,5.0,31.0,0.56836369140625,False,CALL,2026-08-21,PINS
PINS260821C00024000,24.0,3.1,2.81,3.1,1.0,4.0,0.5627485131835939,False,CALL,2026-08-21,PINS
PINS260821C00025000,25.0,2.95,2.47,2.93,25.0,25.0,0.5732464550781251,False,CALL,2026-08-21,PINS
PINS260821C00026000,26.0,2.5,2.16,2.61,1.0,15.0,0.569340244140625,False,CALL,2026-08-21,PINS
PINS260821C00027000,27.0,4.0,1.87,2.48,22.0,42.0,0.5773968041992188,False,CALL,2026-08-21,PINS
PINS260821C00028000,28.0,1.92,1.69,2.08,4.0,61.0,0.56836369140625,False,CALL,2026-08-21,PINS
PINS260821P00018000,18.0,1.2,1.3,1.68,15.0,17.0,0.524418818359375,False,PUT,2026-08-21,PINS
PINS260821P00019000,19.0,1.7,1.65,2.01,1.0,4.0,0.5134326000976561,False,PUT,2026-08-21,PINS
PINS260821P00020000,20.0,2.22,2.04,2.4,4.0,8.0,0.5036670727539063,False,PUT,2026-08-21,PINS
PINS260821P00021000,21.0,2.6,2.48,2.89,4.0,2.0,0.5312546875,False,PUT,2026-08-21,PINS
PINS260821P00023000,23.0,3.8,3.65,4.0,106.0,69.0,0.5249070947265625,True,PUT,2026-08-21,PINS
PINS260821P00024000,24.0,4.05,4.05,4.6,2.0,58.0,0.5190477783203125,True,PUT,2026-08-21,PINS
PINS260821P00025000,25.0,4.5,4.75,5.25,68.0,108.0,0.514653291015625,True,PUT,2026-08-21,PINS
PINS260821P00026000,26.0,4.0,5.45,5.95,25.0,58.0,0.5124560473632812,True,PUT,2026-08-21,PINS
PINS260821P00027000,27.0,4.2,5.9,6.65,20.0,100.0,0.5046436254882812,True,PUT,2026-08-21,PINS
PINS260821P00028000,28.0,4.6,6.95,7.4,2.0,101.0,0.4997608618164063,True,PUT,2026-08-21,PINS
PINS260918C00018000,18.0,10.42,5.95,6.65,8.0,54.0,0.6252478881835939,True,CALL,2026-09-18,PINS
PINS260918C00020000,20.0,5.05,4.8,5.1,1.0,83.0,0.5766643896484375,True,CALL,2026-09-18,PINS
PINS260918C00023000,23.0,3.82,3.4,3.85,1.0,42.0,0.5722699023437501,False,CALL,2026-09-18,PINS
PINS260918C00025000,25.0,3.1,2.6,3.1,62.0,919.0,0.5590864404296876,False,CALL,2026-09-18,PINS
PINS260918C00028000,28.0,2.12,1.84,2.24,1.0,80.0,0.5564009204101563,False,CALL,2026-09-18,PINS
PINS260918P00018000,18.0,1.63,1.57,1.7,5.0,629.0,0.5180712255859375,False,PUT,2026-09-18,PINS
PINS260918P00020000,20.0,2.35,2.27,2.52,4.0,1197.0,0.500005,False,PUT,2026-09-18,PINS
PINS260918P00023000,23.0,3.9,3.85,4.05,2.0,946.0,0.4995167236328125,True,PUT,2026-09-18,PINS
PINS260918P00025000,25.0,5.25,4.95,5.35,3.0,1008.0,0.49707534179687507,True,PUT,2026-09-18,PINS
PINS260918P00028000,28.0,6.6,7.0,7.5,1.0,1290.0,0.48438015625,True,PUT,2026-09-18,PINS
PINS261218C00018000,18.0,7.43,6.5,7.1,23.0,43.0,0.6044961425781252,True,CALL,2026-12-18,PINS
PINS261218C00020000,20.0,5.66,5.5,5.85,2.0,100.0,0.5854533642578125,True,CALL,2026-12-18,PINS
PINS261218C00023000,23.0,4.4,4.1,4.35,43.0,95.0,0.5585981640625001,False,CALL,2026-12-18,PINS
PINS261218C00025000,25.0,3.67,3.35,3.75,10.0,694.0,0.5583540258789064,False,CALL,2026-12-18,PINS
PINS261218C00028000,28.0,2.6,2.47,2.7,2.0,510.0,0.5397995239257813,False,CALL,2026-12-18,PINS
PINS261218P00018000,18.0,1.91,1.99,2.16,466.0,1376.0,0.5063525927734375,False,PUT,2026-12-18,PINS
PINS261218P00020000,20.0,2.82,2.81,3.0,4.0,245.0,0.5043994873046875,False,PUT,2026-12-18,PINS
PINS261218P00023000,23.0,3.98,4.35,4.6,1.0,698.0,0.4904836108398438,True,PUT,2026-12-18,PINS
PINS261218P00025000,25.0,4.95,5.55,5.85,335.0,513.0,0.4821829125976563,True,PUT,2026-12-18,PINS
PINS261218P00028000,28.0,5.0,7.65,7.95,1.0,371.0,0.4689994506835938,True,PUT,2026-12-18,PINS
PINS270115C00018000,18.0,7.15,6.65,7.0,3.0,220.0,0.5835002587890624,True,CALL,2027-01-15,PINS
PINS270115C00020000,20.0,5.8,5.55,6.05,18.0,631.0,0.5778850805664062,True,CALL,2027-01-15,PINS
PINS270115C00023000,23.0,4.59,4.2,4.85,4.0,301.0,0.5712933496093751,False,CALL,2027-01-15,PINS
PINS270115C00025000,25.0,3.6,3.5,3.7,66.0,1618.0,0.5415084912109377,False,CALL,2027-01-15,PINS
PINS270115C00027000,27.0,3.0,2.86,3.25,5.0,2403.0,0.543949873046875,False,CALL,2027-01-15,PINS
PINS270115P00018000,18.0,2.1,2.03,2.2,3.0,884.0,0.5039112109375,False,PUT,2027-01-15,PINS
PINS270115P00020000,20.0,2.62,2.86,3.1,33.0,291.0,0.4968312036132813,False,PUT,2027-01-15,PINS
PINS270115P00023000,23.0,4.3,4.2,4.65,83.0,1902.0,0.4764456652832031,True,PUT,2027-01-15,PINS
PINS270115P00025000,25.0,5.3,5.4,5.9,2.0,4158.0,0.4682670361328125,True,PUT,2027-01-15,PINS
PINS270115P00027000,27.0,6.9,6.75,7.25,5.0,1606.0,0.45752495605468757,True,PUT,2027-01-15,PINS
PINS271217C00018000,18.0,8.61,7.8,9.25,16.0,65.0,0.5903361279296876,True,CALL,2027-12-17,PINS
PINS271217C00020000,20.0,8.0,7.35,8.1,50.0,99.0,0.5927775097656252,True,CALL,2027-12-17,PINS
PINS271217C00023000,23.0,6.43,6.1,6.95,19.0,59.0,0.5808147387695313,False,CALL,2027-12-17,PINS
PINS271217C00025000,25.0,5.65,5.35,5.95,33.0,217.0,0.5585981640625001,False,CALL,2027-12-17,PINS
PINS271217C00028000,28.0,4.7,3.65,4.8,41.0,113.0,0.5070850073242188,False,CALL,2027-12-17,PINS
PINS271217P00018000,18.0,3.2,3.05,3.4,4.0,573.0,0.4826711889648438,False,PUT,2027-12-17,PINS
PINS271217P00020000,20.0,3.96,3.85,4.35,8.0,257.0,0.47022014160156256,False,PUT,2027-12-17,PINS
PINS271217P00023000,23.0,5.65,5.4,5.95,3.0,174.0,0.4505670178222656,True,PUT,2027-12-17,PINS
PINS271217P00025000,25.0,6.7,6.55,7.2,8.0,553.0,0.44287666503906253,True,PUT,2027-12-17,PINS
PINS271217P00028000,28.0,8.61,8.45,9.2,5.0,156.0,0.4278621667480469,True,PUT,2027-12-17,PINS
PINS280121C00018000,18.0,10.01,8.35,9.55,5.0,37.0,0.6186561572265626,True,CALL,2028-01-21,PINS
PINS280121C00020000,20.0,7.85,7.85,8.1,20.0,356.0,0.6015664843750002,True,CALL,2028-01-21,PINS
PINS280121C00023000,23.0,6.5,6.2,7.65,44.0,111.0,0.6009561389160158,False,CALL,2028-01-21,PINS
PINS280121C00025000,25.0,5.81,5.5,6.15,1.0,531.0,0.5594526477050781,False,CALL,2028-01-21,PINS
PINS280121C00028000,28.0,5.4,4.75,6.0,2.0,202.0,0.5876506079101562,False,CALL,2028-01-21,PINS
PINS280121P00018000,18.0,3.08,2.96,3.45,105.0,1564.0,0.4758353198242187,False,PUT,2028-01-21,PINS
PINS280121P00020000,20.0,4.3,3.85,4.5,1.0,253.0,0.47241738525390625,False,PUT,2028-01-21,PINS
PINS280121P00023000,23.0,5.85,5.35,6.1,139.0,782.0,0.45203184692382814,True,PUT,2028-01-21,PINS
PINS280121P00025000,25.0,6.7,6.55,7.25,13.0,972.0,0.43604079589843747,True,PUT,2028-01-21,PINS
PINS280121P00028000,28.0,7.5,8.3,9.3,2.0,80.0,0.4255428540039063,True,PUT,2028-01-21,PINS
PL260130C00019000,19.0,8.43,6.3,7.9,1.0,80.0,3.74218814453125,True,CALL,2026-01-30,PL
PL260130C00019500,19.5,8.7,5.9,7.4,3.0,12.0,3.5156262109374996,True,CALL,2026-01-30,PL
PL260130C00020000,20.0,6.4,6.3,6.6,2.0,168.0,2.031254921875,True,CALL,2026-01-30,PL
PL260130C00020500,20.5,7.52,4.9,6.4,1.0,4.0,3.0859397851562496,True,CALL,2026-01-30,PL
PL260130C00021000,21.0,7.4,4.5,5.9,3.0,181.0,2.8710965722656248,True,CALL,2026-01-30,PL
PL260130C00021500,21.5,6.38,3.9,5.4,2.0,7.0,2.6640658398437504,True,CALL,2026-01-30,PL
PL260130C00022000,22.0,4.15,3.5,4.7,10.0,134.0,1.890625546875,True,CALL,2026-01-30,PL
PL260130C00022500,22.5,5.66,3.0,4.4,5.0,23.0,2.2460981347656244,True,CALL,2026-01-30,PL
PL260130C00023000,23.0,5.19,2.5,3.9,5.0,92.0,2.042973642578125,True,CALL,2026-01-30,PL
PL260130C00023500,23.5,4.01,2.1,3.5,26.0,28.0,2.031254921875,True,CALL,2026-01-30,PL
PL260130C00024000,24.0,3.55,1.55,2.6,39.0,257.0,0.867188828125,True,CALL,2026-01-30,PL
PL260130C00024500,24.5,2.67,1.5,2.2,16.0,39.0,1.01953615234375,True,CALL,2026-01-30,PL
PL260130C00025000,25.0,1.42,1.5,1.7,109.0,254.0,0.57812921875,True,CALL,2026-01-30,PL
PL260130C00025500,25.5,0.99,0.75,1.55,1.0,39.0,0.5546919531250001,True,CALL,2026-01-30,PL
PL260130C00026000,26.0,0.8,0.65,1.0,82.0,338.0,0.63867548828125,True,CALL,2026-01-30,PL
PL260130C00026500,26.5,0.4,0.5,0.7,9.0,160.0,0.726565234375,True,CALL,2026-01-30,PL
PL260130C00027000,27.0,0.44,0.35,0.5,364.0,492.0,0.7851583984375,False,CALL,2026-01-30,PL
PL260130C00027500,27.5,0.25,0.25,0.3,21.0,279.0,0.79883013671875,False,CALL,2026-01-30,PL
PL260130C00028000,28.0,0.13,0.1,0.25,64.0,990.0,0.8203142968749999,False,CALL,2026-01-30,PL
PL260130C00028500,28.5,0.12,0.05,0.2,8.0,438.0,0.87500125,False,CALL,2026-01-30,PL
PL260130C00029000,29.0,0.1,0.05,0.15,49.0,1257.0,0.9531254687499999,False,CALL,2026-01-30,PL
PL260130C00029500,29.5,0.07,0.05,0.1,37.0,221.0,1.0078174609375,False,CALL,2026-01-30,PL
PL260130C00030000,30.0,0.06,0.05,0.1,359.0,2401.0,1.125004375,False,CALL,2026-01-30,PL
PL260130C00030500,30.5,0.04,0.0,0.05,3.0,329.0,0.992187578125,False,CALL,2026-01-30,PL
PL260130C00031000,31.0,0.07,0.0,0.15,2.0,516.0,1.3515657421874998,False,CALL,2026-01-30,PL
PL260130C00031500,31.5,0.05,0.0,0.05,11.0,45.0,1.1875040625,False,CALL,2026-01-30,PL
PL260130C00032000,32.0,0.1,0.0,0.05,23.0,336.0,1.2812535937499998,False,CALL,2026-01-30,PL
PL260130C00033000,33.0,0.07,0.0,0.05,4.0,153.0,1.453127734375,False,CALL,2026-01-30,PL
PL260130C00034000,34.0,0.06,0.0,0.3,7.0,234.0,2.2421918945312496,False,CALL,2026-01-30,PL
PL260130P00019000,19.0,0.09,0.0,0.05,3.0,108.0,2.1875045312499997,False,PUT,2026-01-30,PL
PL260130P00019500,19.5,0.23,0.0,0.55,,1.0,3.3125017187499997,False,PUT,2026-01-30,PL
PL260130P00020000,20.0,0.02,0.0,0.05,3.0,127.0,1.875000625,False,PUT,2026-01-30,PL
PL260130P00021000,21.0,0.05,0.0,0.05,1.0,66.0,1.5937520312499998,False,PUT,2026-01-30,PL
PL260130P00021500,21.5,0.15,0.0,0.05,1.0,36.0,1.46875265625,False,PUT,2026-01-30,PL
PL260130P00022000,22.0,0.05,0.0,0.05,2.0,120.0,1.3281283593749997,False,PUT,2026-01-30,PL
PL260130P00022500,22.5,0.11,0.0,0.6,102.0,90.0,2.156254609375,False,PUT,2026-01-30,PL
PL260130P00023000,23.0,0.01,0.0,0.05,21.0,390.0,1.0625046875000002,False,PUT,2026-01-30,PL
PL260130P00023500,23.5,0.07,0.0,0.1,5.0,503.0,1.0625046875000002,False,PUT,2026-01-30,PL
PL260130P00024000,24.0,0.2,0.0,0.25,9.0,230.0,1.15625421875,False,PUT,2026-01-30,PL
PL260130P00024500,24.5,0.15,0.05,0.2,6.0,125.0,0.98437515625,False,PUT,2026-01-30,PL
PL260130P00025000,25.0,0.22,0.1,0.25,145.0,846.0,0.9101571484375,False,PUT,2026-01-30,PL
PL260130P00025500,25.5,0.45,0.25,0.4,13.0,100.0,0.9589847851562499,False,PUT,2026-01-30,PL
PL260130P00026000,26.0,0.45,0.4,0.55,39.0,394.0,0.929688203125,False,PUT,2026-01-30,PL
PL260130P00026500,26.5,0.85,0.6,0.9,19.0,176.0,0.9960937890625,False,PUT,2026-01-30,PL
PL260130P00027000,27.0,1.32,0.9,1.5,48.0,262.0,1.21875390625,True,PUT,2026-01-30,PL
PL260130P00027500,27.5,1.5,1.25,1.75,15.0,113.0,1.19922275390625,True,PUT,2026-01-30,PL
PL260130P00028000,28.0,1.85,1.65,1.95,5.0,366.0,1.12109814453125,True,PUT,2026-01-30,PL
PL260130P00029000,29.0,2.7,2.5,3.1,12.0,113.0,1.47265888671875,True,PUT,2026-01-30,PL
PL260130P00029500,29.5,4.1,3.0,3.9,2.0,2.0,1.88671931640625,True,PUT,2026-01-30,PL
PL260130P00030000,30.0,4.06,3.5,4.3,46.0,188.0,1.962890810546875,True,PUT,2026-01-30,PL
PL260130P00031000,31.0,4.0,4.2,5.7,1.0,7.0,2.3476603808593746,True,PUT,2026-01-30,PL
PL260130P00032000,32.0,5.5,5.2,6.7,1.0,4.0,2.6289096777343754,True,PUT,2026-01-30,PL
PL260130P00033000,33.0,7.39,6.2,7.6,,1.0,2.7890655273437504,True,PUT,2026-01-30,PL
PL260130P00034000,34.0,8.55,7.2,8.6,,10.0,3.031252421875,True,PUT,2026-01-30,PL
PL260206C00019000,19.0,5.01,6.4,8.0,,1.0,1.9042973535156251,True,CALL,2026-02-06,PL
PL260206C00019500,19.5,10.95,5.7,7.5,2.0,5.0,1.79296978515625,True,CALL,2026-02-06,PL
PL260206C00020000,20.0,6.35,5.5,7.0,9.0,80.0,1.685548447265625,True,CALL,2026-02-06,PL
PL260206C00020500,20.5,6.5,5.0,6.6,22.0,61.0,1.6933609082031251,True,CALL,2026-02-06,PL
PL260206C00021000,21.0,5.29,4.5,6.1,2.0,3.0,1.5820333398437496,True,CALL,2026-02-06,PL
PL260206C00021500,21.5,4.5,4.1,5.6,1.0,34.0,1.474612001953125,True,CALL,2026-02-06,PL
PL260206C00022000,22.0,4.6,4.3,4.7,6.0,32.0,0.8906260937499999,True,CALL,2026-02-06,PL
PL260206C00022500,22.5,4.1,3.2,4.8,3.0,15.0,1.4375028125,True,CALL,2026-02-06,PL
PL260206C00023000,23.0,3.6,3.3,3.9,30.0,27.0,0.5429733203125001,True,CALL,2026-02-06,PL
PL260206C00023500,23.5,5.1,2.5,3.9,1.0,16.0,0.6445348046875,True,CALL,2026-02-06,PL
PL260206C00024000,24.0,3.01,2.3,3.2,3.0,22.0,0.6210975390625001,True,CALL,2026-02-06,PL
PL260206C00024500,24.5,2.6,2.1,2.75,1.0,11.0,0.6894562304687502,True,CALL,2026-02-06,PL
PL260206C00025000,25.0,2.05,2.15,2.4,50.0,86.0,0.8398453515625,True,CALL,2026-02-06,PL
PL260206C00025500,25.5,1.59,1.6,2.3,1.0,30.0,0.831056376953125,True,CALL,2026-02-06,PL
PL260206C00026000,26.0,1.45,1.45,1.85,69.0,190.0,0.8212908496093749,True,CALL,2026-02-06,PL
PL260206C00026500,26.5,1.32,1.2,1.6,11.0,97.0,0.8242205078124999,True,CALL,2026-02-06,PL
PL260206C00027000,27.0,1.1,1.05,1.3,49.0,148.0,0.8251970605468748,False,CALL,2026-02-06,PL
PL260206C00027500,27.5,1.0,0.8,1.1,33.0,85.0,0.8085956640624999,False,CALL,2026-02-06,PL
PL260206C00028000,28.0,0.8,0.65,0.85,890.0,398.0,0.790041162109375,False,CALL,2026-02-06,PL
PL260206C00028500,28.5,0.7,0.6,0.8,59.0,52.0,0.8535170898437501,False,CALL,2026-02-06,PL
PL260206C00029000,29.0,0.55,0.45,0.65,100.0,141.0,0.8378922460937499,False,CALL,2026-02-06,PL
PL260206C00029500,29.5,0.44,0.25,0.6,8.0,41.0,0.82226740234375,False,CALL,2026-02-06,PL
PL260206C00030000,30.0,0.35,0.2,0.4,83.0,446.0,0.789064609375,False,CALL,2026-02-06,PL
PL260206C00031000,31.0,0.55,0.15,0.7,5.0,181.0,1.0351610742187503,False,CALL,2026-02-06,PL
PL260206C00032000,32.0,0.17,0.1,0.3,51.0,41.0,0.9257819921875,False,CALL,2026-02-06,PL
PL260206C00032500,32.5,0.42,0.1,0.4,7.0,7.0,1.0410204199218753,False,CALL,2026-02-06,PL
PL260206C00033000,33.0,0.32,0.05,0.45,1.0,21.0,1.09375453125,False,CALL,2026-02-06,PL
PL260206C00033500,33.5,0.27,0.0,0.45,,1.0,1.115238798828125,False,CALL,2026-02-06,PL
PL260206C00034000,34.0,0.2,0.0,0.4,187.0,203.0,1.1328168359375002,False,CALL,2026-02-06,PL
PL260206P00019000,19.0,0.19,0.0,0.35,1.0,8.0,1.484377578125,False,PUT,2026-02-06,PL
PL260206P00019500,19.5,0.17,0.0,0.35,1.0,5.0,1.3906280468749999,False,PUT,2026-02-06,PL
PL260206P00020000,20.0,0.2,0.0,0.1,10.0,39.0,0.9960937890625,False,PUT,2026-02-06,PL
PL260206P00020500,20.5,0.25,0.0,0.4,1.0,15.0,1.2500037499999999,False,PUT,2026-02-06,PL
PL260206P00021000,21.0,0.1,0.0,0.2,2.0,39.0,0.9804689453125001,False,PUT,2026-02-06,PL
PL260206P00022000,22.0,0.19,0.1,0.2,20.0,43.0,0.9082040429687499,False,PUT,2026-02-06,PL
PL260206P00022500,22.5,0.17,0.05,0.4,24.0,87.0,0.9257819921875,False,PUT,2026-02-06,PL
PL260206P00023000,23.0,0.3,0.25,0.4,8.0,125.0,0.94726615234375,False,PUT,2026-02-06,PL
PL260206P00023500,23.5,0.45,0.35,0.5,11.0,70.0,0.9443364941406249,False,PUT,2026-02-06,PL
PL260206P00024000,24.0,0.6,0.45,0.7,10.0,128.0,0.9648441015625,False,PUT,2026-02-06,PL
PL260206P00024500,24.5,0.49,0.4,1.0,1.0,30.0,0.94726615234375,False,PUT,2026-02-06,PL
PL260206P00025000,25.0,0.9,0.7,1.0,44.0,218.0,0.93164130859375,False,PUT,2026-02-06,PL
PL260206P00025500,25.5,1.22,0.9,1.2,5.0,128.0,0.9335944140625,False,PUT,2026-02-06,PL
PL260206P00026000,26.0,1.5,1.15,1.5,121.0,68.0,0.96679720703125,False,PUT,2026-02-06,PL
PL260206P00026500,26.5,1.6,1.4,1.7,31.0,30.0,0.9511723632812499,False,PUT,2026-02-06,PL
PL260206P00027000,27.0,1.64,1.6,2.1,2.0,16.0,0.96679720703125,True,PUT,2026-02-06,PL
PL260206P00027500,27.5,2.21,2.0,2.45,1.0,30.0,1.013676806640625,True,PUT,2026-02-06,PL
PL260206P00028000,28.0,2.5,1.95,2.75,5.0,29.0,0.89257919921875,True,PUT,2026-02-06,PL
PL260206P00028500,28.5,3.59,2.65,3.6,2.0,5.0,1.1660197949218751,True,PUT,2026-02-06,PL
PL260206P00029000,29.0,3.85,3.0,3.6,1.0,15.0,1.0517625537109376,True,PUT,2026-02-06,PL
PL260206P00029500,29.5,3.6,3.0,4.0,1.0,11.0,0.9267585449218749,True,PUT,2026-02-06,PL
PL260206P00030000,30.0,3.08,3.5,4.8,2.0,37.0,1.115238798828125,True,PUT,2026-02-06,PL
PL260206P00031000,31.0,5.3,4.5,5.7,13.0,8.0,1.2265663671875,True,PUT,2026-02-06,PL
PL260206P00032000,32.0,6.3,5.3,6.8,,21.0,1.3232455712890623,True,PUT,2026-02-06,PL
PL260206P00033000,33.0,7.82,6.2,7.7,,9.0,1.361331318359375,True,PUT,2026-02-06,PL
PL260206P00033500,33.5,8.14,6.7,8.4,,1.0,1.509768076171875,True,PUT,2026-02-06,PL
PL260206P00034000,34.0,8.86,7.2,8.6,,3.0,1.4296903515625,True,PUT,2026-02-06,PL
PL260213C00020000,20.0,6.5,5.6,7.2,4.0,23.0,1.4375028125,True,CALL,2026-02-13,PL
PL260213C00021000,21.0,6.81,4.7,6.3,2.0,10.0,1.338870493164062,True,CALL,2026-02-13,PL
PL260213C00021500,21.5,5.37,4.3,5.9,1.0,3.0,0.5625043750000001,True,CALL,2026-02-13,PL
PL260213C00022000,22.0,4.97,4.0,5.0,1.0,6.0,0.9492192578124999,True,CALL,2026-02-13,PL
PL260213C00022500,22.5,3.8,3.5,5.0,,1.0,0.6601596484375001,True,CALL,2026-02-13,PL
PL260213C00023000,23.0,3.73,3.5,4.2,3.0,67.0,0.6826203613281252,True,CALL,2026-02-13,PL
PL260213C00023500,23.5,4.2,2.8,4.1,9.0,9.0,0.6835969140625001,True,CALL,2026-02-13,PL
PL260213C00024000,24.0,4.46,2.95,3.5,3.0,3.0,0.7763694238281251,True,CALL,2026-02-13,PL
PL260213C00024500,24.5,3.35,2.4,3.1,2.0,0.0,0.7050810742187501,True,CALL,2026-02-13,PL
PL260213C00025000,25.0,2.7,2.4,2.8,1.0,27.0,0.7939473730468749,True,CALL,2026-02-13,PL
PL260213C00025500,25.5,2.1,2.05,2.55,2.0,25.0,0.79101771484375,True,CALL,2026-02-13,PL
PL260213C00026000,26.0,2.03,1.9,2.35,106.0,329.0,0.8349625878906248,True,CALL,2026-02-13,PL
PL260213C00026500,26.5,1.98,1.7,2.15,4.0,27.0,0.8564467480468749,True,CALL,2026-02-13,PL
PL260213C00027000,27.0,1.55,1.3,1.8,18.0,126.0,0.788088056640625,False,CALL,2026-02-13,PL
PL260213C00027500,27.5,1.39,1.3,1.6,9.0,32.0,0.8349625878906248,False,CALL,2026-02-13,PL
PL260213C00028000,28.0,1.2,1.15,1.45,33.0,62.0,0.850587431640625,False,CALL,2026-02-13,PL
PL260213C00029000,29.0,0.95,0.85,1.1,12.0,72.0,0.8457046679687499,False,CALL,2026-02-13,PL
PL260213C00030000,30.0,0.8,0.7,0.9,21.0,471.0,0.88476677734375,False,CALL,2026-02-13,PL
PL260213C00031000,31.0,0.89,0.35,1.15,1.0,229.0,0.971679970703125,False,CALL,2026-02-13,PL
PL260213C00032000,32.0,0.36,0.2,1.0,19.0,113.0,0.9863282617187501,False,CALL,2026-02-13,PL
PL260213C00033000,33.0,0.68,0.2,0.8,2.0,16.0,1.013676806640625,False,CALL,2026-02-13,PL
PL260213C00034000,34.0,0.7,0.05,0.7,1.0,9.0,1.0058643457031249,False,CALL,2026-02-13,PL
PL260213P00019000,19.0,0.17,0.0,0.35,,5.0,1.11328568359375,False,PUT,2026-02-13,PL
PL260213P00019500,19.5,0.06,0.05,0.3,9.0,15.0,1.0429735351562504,False,PUT,2026-02-13,PL
PL260213P00020000,20.0,0.15,0.05,0.3,1.0,45.0,0.9726565234375,False,PUT,2026-02-13,PL
PL260213P00020500,20.5,0.33,0.05,0.4,13.0,36.0,0.9687503125,False,PUT,2026-02-13,PL
PL260213P00021000,21.0,0.4,0.05,0.45,1.0,11.0,0.9257819921875,False,PUT,2026-02-13,PL
PL260213P00021500,21.5,0.23,0.05,0.6,2.0,20.0,0.92773509765625,False,PUT,2026-02-13,PL
PL260213P00022000,22.0,0.42,0.3,0.55,4.0,94.0,0.937500625,False,PUT,2026-02-13,PL
PL260213P00022500,22.5,0.33,0.15,0.95,2.0,6.0,0.9511723632812499,False,PUT,2026-02-13,PL
PL260213P00023000,23.0,0.65,0.4,0.9,2.0,60.0,0.9355475195312499,False,PUT,2026-02-13,PL
PL260213P00023500,23.5,0.48,0.25,1.05,2.0,27.0,0.851563984375,False,PUT,2026-02-13,PL
PL260213P00024000,24.0,1.0,0.75,1.0,3.0,21.0,0.8945323046874999,False,PUT,2026-02-13,PL
PL260213P00024500,24.5,1.1,0.45,1.5,10.0,48.0,0.8564467480468749,False,PUT,2026-02-13,PL
PL260213P00025000,25.0,1.3,1.1,1.35,13.0,123.0,0.885743330078125,False,PUT,2026-02-13,PL
PL260213P00025500,25.5,1.3,1.3,1.7,4.0,16.0,0.9150399121093751,False,PUT,2026-02-13,PL
PL260213P00026000,26.0,1.23,1.45,2.15,2.0,43.0,0.9433599414062499,False,PUT,2026-02-13,PL
PL260213P00026500,26.5,1.53,1.25,2.55,3.0,8.0,0.8720715917968749,False,PUT,2026-02-13,PL
PL260213P00027000,27.0,2.4,2.05,3.1,12.0,125.0,1.0517625537109376,True,PUT,2026-02-13,PL
PL260213P00027500,27.5,2.61,2.4,3.0,30.0,32.0,0.975586181640625,True,PUT,2026-02-13,PL
PL260213P00028000,28.0,3.1,2.7,3.2,1.0,30.0,0.94726615234375,True,PUT,2026-02-13,PL
PL260213P00029000,29.0,2.9,2.9,4.4,8.0,1.0,0.9589847851562499,True,PUT,2026-02-13,PL
PL260213P00030000,30.0,4.7,4.2,5.1,1.0,28.0,1.0927779736328125,True,PUT,2026-02-13,PL
PL260213P00031000,31.0,5.86,4.6,6.0,1.0,0.0,1.0322314013671878,True,PUT,2026-02-13,PL
PL260213P00032000,32.0,5.96,5.5,7.0,,1.0,1.111332568359375,True,PUT,2026-02-13,PL
PL260213P00033000,33.0,7.6,6.4,7.8,,3.0,1.119145029296875,True,PUT,2026-02-13,PL
PL260213P00034000,34.0,8.58,7.3,8.8,,1.0,1.1757853710937498,True,PUT,2026-02-13,PL
PL260220C00019000,19.0,7.2,6.6,8.2,4.0,66.0,1.3476595117187498,True,CALL,2026-02-20,PL
PL260220C00020000,20.0,6.7,6.3,6.9,23.0,342.0,0.6015664843750002,True,CALL,2026-02-20,PL
PL260220C00021000,21.0,5.65,5.5,6.0,22.0,189.0,0.71679970703125,True,CALL,2026-02-20,PL
PL260220C00022000,22.0,6.0,4.4,5.2,5.0,1435.0,0.648441015625,True,CALL,2026-02-20,PL
PL260220C00023000,23.0,5.5,3.5,5.0,9.0,243.0,0.8007832421875,True,CALL,2026-02-20,PL
PL260220C00024000,24.0,5.0,2.9,4.0,7.0,193.0,0.752932158203125,True,CALL,2026-02-20,PL
PL260220C00024500,24.5,3.05,3.0,3.4,1.0,55.0,0.7851583984375,True,CALL,2026-02-20,PL
PL260220C00025000,25.0,2.84,2.65,3.1,11.0,918.0,0.7753928710937501,True,CALL,2026-02-20,PL
PL260220C00025500,25.5,2.45,2.35,2.85,10.0,10.0,0.778322529296875,True,CALL,2026-02-20,PL
PL260220C00026000,26.0,2.31,2.15,2.6,80.0,515.0,0.7929708203125,True,CALL,2026-02-20,PL
PL260220C00026500,26.5,2.08,2.0,2.4,3.0,24.0,0.8183611914062499,True,CALL,2026-02-20,PL
PL260220C00027000,27.0,2.0,1.85,2.1,64.0,398.0,0.8173846386718748,False,CALL,2026-02-20,PL
PL260220C00027500,27.5,2.2,1.4,2.3,1.0,97.0,0.8476577734374999,False,CALL,2026-02-20,PL
PL260220C00028000,28.0,1.59,1.45,1.75,16.0,518.0,0.8242205078124999,False,CALL,2026-02-20,PL
PL260220C00028500,28.5,1.3,1.3,1.55,1.0,185.0,0.823243955078125,False,CALL,2026-02-20,PL
PL260220C00029000,29.0,1.25,1.15,1.4,15.0,196.0,0.8251970605468748,False,CALL,2026-02-20,PL
PL260220C00029500,29.5,1.08,1.05,1.3,12.0,49.0,0.842775009765625,False,CALL,2026-02-20,PL
PL260220C00030000,30.0,1.05,1.05,1.05,459.0,3954.0,0.8447281152343749,False,CALL,2026-02-20,PL
PL260220C00030500,30.5,0.8,0.75,1.1,1.0,30.0,0.84179845703125,False,CALL,2026-02-20,PL
PL260220C00031000,31.0,0.83,0.7,0.95,41.0,108.0,0.8447281152343749,False,CALL,2026-02-20,PL
PL260220C00032000,32.0,0.61,0.65,0.8,26.0,742.0,0.885743330078125,False,CALL,2026-02-20,PL
PL260220C00033000,33.0,0.55,0.45,0.65,14.0,360.0,0.8740246972656249,False,CALL,2026-02-20,PL
PL260220C00034000,34.0,0.65,0.25,0.55,2.0,180.0,0.8554701953125,False,CALL,2026-02-20,PL
PL260220P00019000,19.0,0.21,0.1,0.35,3.0,952.0,0.9863282617187501,False,PUT,2026-02-20,PL
PL260220P00020000,20.0,0.29,0.25,0.4,2.0,417.0,0.9609378906249999,False,PUT,2026-02-20,PL
PL260220P00021000,21.0,0.2,0.25,0.6,10.0,75.0,0.9101571484375,False,PUT,2026-02-20,PL
PL260220P00022000,22.0,0.65,0.5,0.75,19.0,284.0,0.905274384765625,False,PUT,2026-02-20,PL
PL260220P00023000,23.0,0.9,0.7,1.1,2.0,375.0,0.9082040429687499,False,PUT,2026-02-20,PL
PL260220P00024000,24.0,1.18,1.0,1.35,3.0,353.0,0.8808605664062499,False,PUT,2026-02-20,PL
PL260220P00024500,24.5,1.4,0.7,1.75,3.0,18.0,0.8212908496093749,False,PUT,2026-02-20,PL
PL260220P00025000,25.0,1.6,1.4,1.85,22.0,587.0,0.901368173828125,False,PUT,2026-02-20,PL
PL260220P00025500,25.5,2.0,1.05,2.2,2.0,27.0,0.8120135986328124,False,PUT,2026-02-20,PL
PL260220P00026000,26.0,1.53,1.85,2.2,1.0,460.0,0.8735364208984374,False,PUT,2026-02-20,PL
PL260220P00026500,26.5,2.2,1.45,2.85,2.0,14.0,0.82226740234375,False,PUT,2026-02-20,PL
PL260220P00027000,27.0,2.0,2.15,3.2,1.0,137.0,0.9150399121093751,True,PUT,2026-02-20,PL
PL260220P00027500,27.5,2.32,2.5,3.5,1.0,3.0,0.9267585449218749,True,PUT,2026-02-20,PL
PL260220P00028000,28.0,2.8,2.9,3.4,1.0,156.0,0.866212275390625,True,PUT,2026-02-20,PL
PL260220P00029000,29.0,3.0,3.7,4.3,4.0,80.0,0.937500625,True,PUT,2026-02-20,PL
PL260220P00029500,29.5,3.62,3.5,5.0,1.0,7.0,0.8974619628906249,True,PUT,2026-02-20,PL
PL260220P00030000,30.0,4.8,4.4,4.9,3.0,466.0,0.911133701171875,True,PUT,2026-02-20,PL
PL260220P00031000,31.0,4.55,4.8,6.2,1.0,4.0,0.9492192578124999,True,PUT,2026-02-20,PL
PL260220P00033000,33.0,7.05,6.8,7.9,2.0,8.0,1.0576218994140625,True,PUT,2026-02-20,PL
PL260220P00034000,34.0,8.88,7.7,8.8,4.0,12.0,1.0869186279296876,True,PUT,2026-02-20,PL
PL260227C00019000,19.0,7.0,6.6,8.3,1.0,4.0,1.2431678466796874,True,CALL,2026-02-27,PL
PL260227C00020000,20.0,6.2,6.0,7.5,1.0,11.0,0.726565234375,True,CALL,2026-02-27,PL
PL260227C00020500,20.5,5.9,5.5,7.0,1.0,1.0,0.6757844921875001,True,CALL,2026-02-27,PL
PL260227C00021000,21.0,5.6,5.1,6.6,1.0,12.0,0.7060576269531251,True,CALL,2026-02-27,PL
PL260227C00022000,22.0,4.8,4.3,5.8,3.0,19.0,0.72070591796875,True,CALL,2026-02-27,PL
PL260227C00022500,22.5,6.5,3.8,5.3,1.0,1.0,0.6630893066406252,True,CALL,2026-02-27,PL
PL260227C00023000,23.0,4.25,3.6,5.2,1.0,17.0,0.7685570019531252,True,CALL,2026-02-27,PL
PL260227C00023500,23.5,5.4,3.5,4.6,3.0,36.0,0.7666038964843751,True,CALL,2026-02-27,PL
PL260227C00024000,24.0,3.9,3.6,4.0,3.0,41.0,0.79687703125,True,CALL,2026-02-27,PL
PL260227C00024500,24.5,4.9,2.9,4.1,2.0,5.0,0.79883013671875,True,CALL,2026-02-27,PL
PL260227C00025000,25.0,3.4,2.7,4.0,4.0,43.0,0.8476577734374999,True,CALL,2026-02-27,PL
PL260227C00025500,25.5,4.0,2.45,3.4,1.0,7.0,0.7934590966796875,True,CALL,2026-02-27,PL
PL260227C00026000,26.0,2.42,2.25,2.95,14.0,129.0,0.7695335546875001,True,CALL,2026-02-27,PL
PL260227C00026500,26.5,2.5,2.4,2.9,2.0,19.0,0.8657239990234374,True,CALL,2026-02-27,PL
PL260227C00027000,27.0,2.65,2.3,2.5,6.0,83.0,0.8554701953125,False,CALL,2026-02-27,PL
PL260227C00027500,27.5,3.0,1.65,2.95,7.0,51.0,0.8901378173828124,False,CALL,2026-02-27,PL
PL260227C00028000,28.0,1.95,1.7,2.1,37.0,124.0,0.8212908496093749,False,CALL,2026-02-27,PL
PL260227C00029000,29.0,1.6,1.3,1.85,2.0,115.0,0.8256853369140623,False,CALL,2026-02-27,PL
PL260227C00030000,30.0,1.35,1.25,1.5,41.0,313.0,0.8564467480468749,False,CALL,2026-02-27,PL
PL260227C00031000,31.0,1.1,0.85,1.5,30.0,53.0,0.8740246972656249,False,CALL,2026-02-27,PL
PL260227C00032000,32.0,0.89,0.7,1.1,7.0,633.0,0.8481460498046874,False,CALL,2026-02-27,PL
PL260227C00033000,33.0,1.1,0.5,1.1,2.0,108.0,0.8789074609374999,False,CALL,2026-02-27,PL
PL260227C00034000,34.0,0.8,0.5,1.0,1.0,69.0,0.9243171630859376,False,CALL,2026-02-27,PL
PL260227P00019000,19.0,0.55,0.05,0.7,,1.0,0.9941406835937501,False,PUT,2026-02-27,PL
PL260227P00019500,19.5,0.55,0.05,0.75,,2.0,0.954102021484375,False,PUT,2026-02-27,PL
PL260227P00020000,20.0,0.37,0.2,0.45,1.0,13.0,0.840821904296875,False,PUT,2026-02-27,PL
PL260227P00021000,21.0,0.51,0.1,0.85,1.0,2.0,0.8281267187499999,False,PUT,2026-02-27,PL
PL260227P00021500,21.5,0.45,0.1,0.95,1.0,3.0,0.79883013671875,False,PUT,2026-02-27,PL
PL260227P00022000,22.0,0.65,0.1,0.95,6.0,29.0,0.7402369726562499,False,PUT,2026-02-27,PL
PL260227P00022500,22.5,1.3,0.3,1.1,4.0,3.0,0.7685570019531252,False,PUT,2026-02-27,PL
PL260227P00023000,23.0,1.0,0.75,1.5,1.0,44.0,0.8911143701171874,False,PUT,2026-02-27,PL
PL260227P00024000,24.0,1.51,1.2,2.15,2.0,52.0,0.9614261669921874,False,PUT,2026-02-27,PL
PL260227P00025000,25.0,1.79,1.2,2.3,2.0,133.0,0.8339860351562498,False,PUT,2026-02-27,PL
PL260227P00026000,26.0,2.15,2.1,2.85,3.0,12.0,0.9160164648437501,False,PUT,2026-02-27,PL
PL260227P00026500,26.5,2.5,2.1,3.2,1.0,157.0,0.885743330078125,False,PUT,2026-02-27,PL
PL260227P00027000,27.0,2.47,2.4,3.4,2.0,3.0,0.8754895263671875,True,PUT,2026-02-27,PL
PL260227P00028000,28.0,2.8,2.6,4.1,1.0,5.0,0.8247087841796874,True,PUT,2026-02-27,PL
PL260227P00029000,29.0,4.94,3.3,4.9,10.0,31.0,0.8544936425781251,True,PUT,2026-02-27,PL
PL260227P00030000,30.0,5.07,4.5,5.7,1.0,2.0,0.956055126953125,True,PUT,2026-02-27,PL
PL260227P00032000,32.0,4.3,6.1,7.6,,8.0,1.0439500927734378,True,PUT,2026-02-27,PL
PL260306C00025000,25.0,4.6,2.9,4.2,2.0,3.0,0.8266618896484373,True,CALL,2026-03-06,PL
PL260306C00026500,26.5,2.8,2.65,3.2,3.0,2.0,0.8618177880859376,True,CALL,2026-03-06,PL
PL260306C00027000,27.0,2.6,2.15,2.85,1.0,21.0,0.799806689453125,False,CALL,2026-03-06,PL
PL260306C00027500,27.5,3.5,1.95,3.0,1.0,5.0,0.8535170898437501,False,CALL,2026-03-06,PL
PL260306C00028000,28.0,2.2,2.0,2.45,84.0,129.0,0.8359391406249999,False,CALL,2026-03-06,PL
PL260306C00030000,30.0,1.65,1.3,2.0,1.0,17.0,0.8579115771484375,False,CALL,2026-03-06,PL
PL260306C00034000,34.0,1.95,0.55,1.5,2.0,1.0,0.93945373046875,False,CALL,2026-03-06,PL
PL260306P00024000,24.0,1.23,1.2,2.1,2.0,5.0,0.85742330078125,False,PUT,2026-03-06,PL
PL260306P00025500,25.5,2.64,1.8,2.9,2.0,19.0,0.8642591699218749,False,PUT,2026-03-06,PL
PL260306P00026000,26.0,2.29,1.75,3.2,1.0,4.0,0.8251970605468748,False,PUT,2026-03-06,PL
PL260320C00019000,19.0,9.43,7.7,9.2,,1.0,1.0224658251953125,True,CALL,2026-03-20,PL
PL260320C00020000,20.0,7.65,7.2,8.0,6.0,10.0,0.975586181640625,True,CALL,2026-03-20,PL
PL260320C00021000,21.0,8.6,6.4,7.9,1.0,1.0,1.0634812451171878,True,CALL,2026-03-20,PL
PL260320C00022000,22.0,7.5,5.9,7.3,2.0,11.0,1.0888717431640624,True,CALL,2026-03-20,PL
PL260320C00023000,23.0,5.6,5.2,6.7,,3.0,1.0683640332031252,True,CALL,2026-03-20,PL
PL260320C00024000,24.0,6.3,4.7,6.2,7.0,15.0,1.0800827246093752,True,CALL,2026-03-20,PL
PL260320C00025000,25.0,4.8,4.7,5.1,32.0,84.0,1.0664109179687502,True,CALL,2026-03-20,PL
PL260320C00026000,26.0,4.5,4.4,4.7,80.0,135.0,1.0957076464843751,True,CALL,2026-03-20,PL
PL260320C00027000,27.0,4.2,3.9,4.3,4.0,68.0,1.0883834643554686,False,CALL,2026-03-20,PL
PL260320C00028000,28.0,3.65,3.7,4.0,17.0,130.0,1.123051259765625,False,CALL,2026-03-20,PL
PL260320C00029000,29.0,3.7,3.3,3.6,1.0,128.0,1.1108442895507813,False,CALL,2026-03-20,PL
PL260320C00030000,30.0,3.02,2.9,3.2,157.0,1099.0,1.0913131372070315,False,CALL,2026-03-20,PL
PL260320C00031000,31.0,2.66,2.55,2.85,8.0,50.0,1.076664772949219,False,CALL,2026-03-20,PL
PL260320C00032000,32.0,2.15,2.25,2.55,5.0,120.0,1.0678757543945316,False,CALL,2026-03-20,PL
PL260320C00033000,33.0,3.0,1.95,2.85,61.0,68.0,1.1318402783203125,False,CALL,2026-03-20,PL
PL260320C00034000,34.0,2.75,2.0,2.25,21.0,134.0,1.1181684716796876,False,CALL,2026-03-20,PL
PL260320P00019000,19.0,1.15,0.65,1.1,6.0,33.0,1.015629921875,False,PUT,2026-03-20,PL
PL260320P00020000,20.0,1.35,1.2,1.5,4.0,125.0,1.0957076464843751,False,PUT,2026-03-20,PL
PL260320P00021000,21.0,1.3,1.45,1.8,1.0,117.0,1.0751999365234377,False,PUT,2026-03-20,PL
PL260320P00022000,22.0,1.55,1.4,2.3,2.0,21.0,1.0283251708984378,False,PUT,2026-03-20,PL
PL260320P00023000,23.0,2.6,2.2,2.6,5.0,27.0,1.0712937060546879,False,PUT,2026-03-20,PL
PL260320P00024000,24.0,2.35,2.35,3.3,6.0,18.0,1.0620164086914063,False,PUT,2026-03-20,PL
PL260320P00025000,25.0,3.5,3.2,4.0,5.0,33.0,1.1367230664062502,False,PUT,2026-03-20,PL
PL260320P00026000,26.0,3.9,3.7,4.5,21.0,64.0,1.1245160961914062,False,PUT,2026-03-20,PL
PL260320P00027000,27.0,4.57,4.3,4.8,56.0,11.0,1.0908248583984377,True,PUT,2026-03-20,PL
PL260320P00028000,28.0,4.35,5.0,5.4,1.0,22.0,1.1001021557617188,True,PUT,2026-03-20,PL
PL260320P00029000,29.0,5.12,5.6,6.3,3.0,4.0,1.1259809326171877,True,PUT,2026-03-20,PL
PL260320P00030000,30.0,5.75,6.3,6.9,1.0,26.0,1.119145029296875,True,PUT,2026-03-20,PL
PL260320P00031000,31.0,6.0,6.4,7.8,,7.0,1.066899196777344,True,PUT,2026-03-20,PL
PL260320P00033000,33.0,8.52,8.0,9.4,,3.0,1.0947310888671877,True,PUT,2026-03-20,PL
PL260320P00034000,34.0,9.9,8.8,10.2,2.0,1.0,1.1005904345703126,True,PUT,2026-03-20,PL
PL260417C00019000,19.0,9.48,8.2,9.7,2.0,537.0,0.9897461962890625,True,CALL,2026-04-17,PL
PL260417C00020000,20.0,8.15,8.1,8.5,169.0,2578.0,0.9956055126953125,True,CALL,2026-04-17,PL
PL260417C00021000,21.0,8.85,6.9,8.5,1.0,497.0,1.003422951660156,True,CALL,2026-04-17,PL
PL260417C00022000,22.0,6.6,6.5,7.4,32.0,225.0,0.96289099609375,True,CALL,2026-04-17,PL
PL260417C00023000,23.0,5.8,5.8,7.3,1.0,178.0,0.9997558618164062,True,CALL,2026-04-17,PL
PL260417C00024000,24.0,6.0,5.6,6.3,5.0,70.0,0.9802248071289064,True,CALL,2026-04-17,PL
PL260417C00025000,25.0,5.6,5.3,5.7,21.0,3632.0,0.9868165380859376,True,CALL,2026-04-17,PL
PL260417C00026000,26.0,5.1,4.9,5.3,29.0,196.0,0.9960937890625,True,CALL,2026-04-17,PL
PL260417C00027000,27.0,4.5,4.5,4.9,12.0,203.0,0.99804689453125,False,CALL,2026-04-17,PL
PL260417C00028000,28.0,4.34,4.3,4.6,14.0,205.0,1.0244189404296877,False,CALL,2026-04-17,PL
PL260417C00029000,29.0,4.1,4.0,4.2,26.0,114.0,1.0244189404296877,False,CALL,2026-04-17,PL
PL260417C00030000,30.0,3.7,3.7,3.9,58.0,1423.0,1.0293017285156252,False,CALL,2026-04-17,PL
PL260417C00031000,31.0,3.5,3.4,3.7,1.0,76.0,1.0390673046875003,False,CALL,2026-04-17,PL
PL260417C00032000,32.0,2.9,3.1,3.6,2.0,200.0,1.0546922265625,False,CALL,2026-04-17,PL
PL260417C00033000,33.0,3.5,2.7,3.8,1.0,924.0,1.0869186279296876,False,CALL,2026-04-17,PL
PL260417C00034000,34.0,2.65,2.45,3.5,1.0,21.0,1.0791061669921875,False,CALL,2026-04-17,PL
PL260417P00019000,19.0,1.57,1.0,1.7,5.0,1124.0,0.9770510107421876,False,PUT,2026-04-17,PL
PL260417P00020000,20.0,1.72,1.7,1.9,2.0,256.0,1.0131885278320314,False,PUT,2026-04-17,PL
PL260417P00021000,21.0,2.15,1.5,2.45,5.0,38.0,0.9594730615234374,False,PUT,2026-04-17,PL
PL260417P00022000,22.0,2.65,1.85,2.9,1.0,797.0,0.9589847851562499,False,PUT,2026-04-17,PL
PL260417P00023000,23.0,3.13,2.1,3.4,6.0,35.0,0.9433599414062499,False,PUT,2026-04-17,PL
PL260417P00024000,24.0,3.65,3.2,4.0,1.0,18.0,1.0273486132812502,False,PUT,2026-04-17,PL
PL260417P00025000,25.0,3.7,3.9,4.2,210.0,1383.0,1.0107471337890623,False,PUT,2026-04-17,PL
PL260417P00026000,26.0,4.1,3.7,5.2,7.0,89.0,0.9770510107421876,False,PUT,2026-04-17,PL
PL260417P00027000,27.0,4.5,5.0,5.8,7.0,87.0,1.0522508325195314,True,PUT,2026-04-17,PL
PL260417P00028000,28.0,5.62,5.6,6.4,1.0,6.0,1.0473680444335938,True,PUT,2026-04-17,PL
PL260417P00029000,29.0,6.5,6.3,6.7,2.0,63.0,1.0166064794921876,True,PUT,2026-04-17,PL
PL260417P00030000,30.0,5.93,7.0,7.6,,54.0,1.041508698730469,True,PUT,2026-04-17,PL
PL260417P00033000,33.0,10.4,8.5,10.0,,4.0,0.9960937890625,True,PUT,2026-04-17,PL
PL260515C00019000,19.0,11.3,8.6,10.1,2.0,220.0,0.9580082324218748,True,CALL,2026-05-15,PL
PL260515C00020000,20.0,8.6,8.2,9.0,6.0,526.0,0.9291999267578125,True,CALL,2026-05-15,PL
PL260515C00021000,21.0,8.2,7.4,8.4,4.0,57.0,0.9077157666015624,True,CALL,2026-05-15,PL
PL260515C00022000,22.0,9.0,6.8,8.4,10.0,91.0,0.9653323779296875,True,CALL,2026-05-15,PL
PL260515C00023000,23.0,7.05,6.4,7.4,4.0,15.0,0.929688203125,True,CALL,2026-05-15,PL
PL260515C00024000,24.0,7.0,5.8,7.5,1.0,63.0,0.9775392871093751,True,CALL,2026-05-15,PL
PL260515C00025000,25.0,6.08,6.0,6.4,36.0,6051.0,0.9785158398437501,True,CALL,2026-05-15,PL
PL260515C00026000,26.0,5.41,5.4,6.0,14.0,131.0,0.9648441015625,True,CALL,2026-05-15,PL
PL260515C00027000,27.0,5.36,4.8,5.7,30.0,54.0,0.9555668505859375,False,CALL,2026-05-15,PL
PL260515C00028000,28.0,6.0,4.4,6.0,105.0,67.0,1.0127002490234376,False,CALL,2026-05-15,PL
PL260515C00029000,29.0,5.8,4.2,5.6,6.0,75.0,1.0202685705566408,False,CALL,2026-05-15,PL
PL260515C00030000,30.0,4.35,4.2,4.6,30.0,1884.0,0.9890137817382813,False,CALL,2026-05-15,PL
PL260515C00031000,31.0,4.94,3.6,4.9,5.0,76.0,1.0151416430664062,False,CALL,2026-05-15,PL
PL260515C00032000,32.0,3.2,3.1,4.7,3.0,35.0,1.0026905334472658,False,CALL,2026-05-15,PL
PL260515C00033000,33.0,4.34,2.7,4.4,1.0,266.0,0.9868165380859376,False,CALL,2026-05-15,PL
PL260515C00034000,34.0,4.25,2.95,4.1,2.0,255.0,1.0253954980468751,False,CALL,2026-05-15,PL
PL260515P00019000,19.0,1.68,1.3,2.15,1.0,351.0,0.9409185595703125,False,PUT,2026-05-15,PL
PL260515P00020000,20.0,2.12,1.6,2.5,1.0,102.0,0.9321295849609376,False,PUT,2026-05-15,PL
PL260515P00021000,21.0,2.73,1.95,3.0,4.0,11.0,0.9382330395507812,False,PUT,2026-05-15,PL
PL260515P00022000,22.0,2.62,2.35,3.4,1.0,22.0,0.930664755859375,False,PUT,2026-05-15,PL
PL260515P00023000,23.0,6.0,2.75,3.9,1.0,4.0,0.9267585449218749,False,PUT,2026-05-15,PL
PL260515P00024000,24.0,6.9,3.3,4.4,,3.0,0.9311530322265625,False,PUT,2026-05-15,PL
PL260515P00025000,25.0,4.2,3.9,5.1,1.0,2.0,0.9523930541992187,False,PUT,2026-05-15,PL
PL260515P00026000,26.0,4.77,4.1,5.7,1.0,6.0,0.9213875048828125,False,PUT,2026-05-15,PL
PL260515P00027000,27.0,5.6,5.5,6.3,5.0,7.0,0.9934082690429689,True,PUT,2026-05-15,PL
PL260515P00029000,29.0,5.9,6.1,7.6,,25.0,0.9345709667968749,True,PUT,2026-05-15,PL
PL260515P00030000,30.0,6.8,6.8,8.3,4.0,15.0,0.938477177734375,True,PUT,2026-05-15,PL
PL260515P00031000,31.0,7.17,7.5,9.0,,35.0,0.938477177734375,True,PUT,2026-05-15,PL
PL260717C00019000,19.0,10.19,9.6,11.4,7.0,45.0,0.9907227490234375,True,CALL,2026-07-17,PL
PL260717C00020000,20.0,11.65,9.1,10.9,3.0,172.0,0.9995117236328125,True,CALL,2026-07-17,PL
PL260717C00021000,21.0,9.27,8.6,10.4,11.0,21.0,1.002202254638672,True,CALL,2026-07-17,PL
PL260717C00022000,22.0,10.0,8.2,9.9,1.0,180.0,1.0083057397460937,True,CALL,2026-07-17,PL
PL260717C00023000,23.0,8.3,7.9,9.4,30.0,233.0,1.0178271765136717,True,CALL,2026-07-17,PL
PL260717C00024000,24.0,9.2,7.4,8.5,9.0,148.0,0.9760744580078126,True,CALL,2026-07-17,PL
PL260717C00025000,25.0,7.8,7.5,8.0,1.0,272.0,1.0087940185546875,True,CALL,2026-07-17,PL
PL260717C00026000,26.0,7.4,7.1,7.7,15.0,43.0,1.0144092248535155,True,CALL,2026-07-17,PL
PL260717C00027000,27.0,6.8,6.8,7.3,15.0,293.0,1.0168506188964845,False,CALL,2026-07-17,PL
PL260717C00028000,28.0,6.7,6.0,7.0,28.0,242.0,0.9875489526367188,False,CALL,2026-07-17,PL
PL260717C00029000,29.0,6.2,5.9,6.6,23.0,104.0,0.9987793090820312,False,CALL,2026-07-17,PL
PL260717C00030000,30.0,5.71,5.7,6.4,55.0,597.0,1.0141650854492186,False,CALL,2026-07-17,PL
PL260717C00031000,31.0,5.59,5.1,6.8,20.0,83.0,1.0410204199218753,False,CALL,2026-07-17,PL
PL260717C00032000,32.0,6.75,4.8,6.3,126.0,171.0,1.023930661621094,False,CALL,2026-07-17,PL
PL260717C00033000,33.0,5.76,4.5,5.9,100.0,238.0,1.01172369140625,False,CALL,2026-07-17,PL
PL260717C00034000,34.0,5.2,4.3,5.8,15.0,59.0,1.0251513586425784,False,CALL,2026-07-17,PL
PL260717P00019000,19.0,2.67,2.7,3.5,7.0,30.0,1.0219775463867187,False,PUT,2026-07-17,PL
PL260717P00020000,20.0,3.5,3.1,3.8,4.0,232.0,1.0014698364257812,False,PUT,2026-07-17,PL
PL260717P00021000,21.0,4.0,3.6,4.2,4.0,62.0,0.9953613745117188,False,PUT,2026-07-17,PL
PL260717P00022000,22.0,4.4,3.7,4.7,4.0,107.0,0.9599613378906249,False,PUT,2026-07-17,PL
PL260717P00023000,23.0,4.4,4.6,5.6,2.0,97.0,1.01953615234375,False,PUT,2026-07-17,PL
PL260717P00024000,24.0,5.6,5.2,5.8,1.0,75.0,0.9934082690429689,False,PUT,2026-07-17,PL
PL260717P00025000,25.0,6.2,5.8,6.2,11.0,84.0,0.9802248071289064,False,PUT,2026-07-17,PL
PL260717P00026000,26.0,6.7,6.3,7.1,13.0,98.0,0.9938965454101563,False,PUT,2026-07-17,PL
PL260717P00027000,27.0,7.6,7.0,7.9,10.0,2760.0,1.0112354125976561,True,PUT,2026-07-17,PL
PL260717P00028000,28.0,7.3,7.7,8.9,1.0,116.0,1.0393114440917972,True,PUT,2026-07-17,PL
PL260717P00029000,29.0,7.8,8.3,10.1,10.0,23.0,1.0712937060546879,True,PUT,2026-07-17,PL
PL260717P00030000,30.0,8.6,9.0,10.0,21.0,153.0,1.015874061279297,True,PUT,2026-07-17,PL
PL260717P00031000,31.0,10.1,9.7,11.0,5.0,45.0,1.035649353027344,True,PUT,2026-07-17,PL
PL260717P00032000,32.0,9.8,10.3,11.9,6.0,67.0,1.0393114440917972,True,PUT,2026-07-17,PL
PL260717P00033000,33.0,10.9,11.1,13.0,1.0,73.0,1.068608172607422,True,PUT,2026-07-17,PL
PL260717P00034000,34.0,11.5,11.8,13.3,3.0,106.0,1.0336962377929688,True,PUT,2026-07-17,PL
PL270115C00020000,20.0,12.2,12.0,12.5,79.0,1621.0,0.9831544653320312,True,CALL,2027-01-15,PL
PL270115C00022000,22.0,11.07,11.0,11.5,23.0,390.0,0.9602054760742187,True,CALL,2027-01-15,PL
PL270115C00025000,25.0,10.2,10.0,10.4,105.0,2570.0,0.965820654296875,True,CALL,2027-01-15,PL
PL270115C00027000,27.0,9.44,9.5,9.9,26.0,566.0,0.9820558435058593,False,CALL,2027-01-15,PL
PL270115C00030000,30.0,8.72,8.4,8.8,154.0,2830.0,0.9584965087890623,False,CALL,2027-01-15,PL
PL270115C00032000,32.0,8.2,7.7,8.4,47.0,427.0,0.956055126953125,False,CALL,2027-01-15,PL
PL270115P00020000,20.0,5.0,4.0,5.4,4.0,217.0,0.8557143334960937,False,PUT,2027-01-15,PL
PL270115P00022000,22.0,5.58,5.0,7.3,50.0,109.0,0.8959971337890623,False,PUT,2027-01-15,PL
PL270115P00025000,25.0,8.0,7.0,8.3,1.0,204.0,0.85742330078125,False,PUT,2027-01-15,PL
PL270115P00027000,27.0,9.24,9.0,10.2,10.0,74.0,0.9248054394531251,True,PUT,2027-01-15,PL
PL270115P00030000,30.0,10.5,10.3,11.8,12.0,38.0,0.8588881298828125,True,PUT,2027-01-15,PL
PL270115P00032000,32.0,15.33,11.7,14.2,,1.0,0.9028330029296875,True,PUT,2027-01-15,PL
PL280121C00020000,20.0,15.6,14.0,16.3,1.0,1378.0,0.9594730615234374,True,CALL,2028-01-21,PL
PL280121C00022000,22.0,14.0,13.3,15.1,3.0,112.0,0.9285895812988281,True,CALL,2028-01-21,PL
PL280121C00025000,25.0,14.7,12.5,14.1,7.0,491.0,0.9255378540039063,True,CALL,2028-01-21,PL
PL280121C00027000,27.0,14.0,11.9,13.6,8.0,71.0,0.9235847485351563,False,CALL,2028-01-21,PL
PL280121C00030000,30.0,11.7,11.3,13.3,28.0,10683.0,0.9449468395996092,False,CALL,2028-01-21,PL
PL280121C00032000,32.0,11.45,10.3,12.0,3.0,38.0,0.8906260937499999,False,CALL,2028-01-21,PL
PL280121P00020000,20.0,7.4,5.9,8.6,1.0,4.0,0.8303239624023437,False,PUT,2028-01-21,PL
PL280121P00022000,22.0,7.38,7.4,9.0,3.0,16.0,0.799806689453125,False,PUT,2028-01-21,PL
PL280121P00025000,25.0,10.3,9.2,12.0,1.0,21.0,0.8304460314941406,False,PUT,2028-01-21,PL
PL280121P00027000,27.0,11.42,9.7,13.1,,11.0,0.7813742565917969,True,PUT,2028-01-21,PL
PL280121P00030000,30.0,12.45,12.8,15.2,11.0,114.0,0.8117694604492187,True,PUT,2028-01-21,PL
PLTR260130C00105000,105.0,45.91,44.55,45.9,6.0,260.0,2.8730496923828124,True,CALL,2026-01-30,PLTR
PLTR260130C00110000,110.0,40.3,39.65,40.65,93.0,820.0,2.47656630859375,True,CALL,2026-01-30,PLTR
PLTR260130C00115000,115.0,35.76,35.15,35.35,12.0,39.0,2.2714886962890626,True,CALL,2026-01-30,PLTR
PLTR260130C00120000,120.0,30.91,30.1,30.3,1577.0,1654.0,1.927734736328125,True,CALL,2026-01-30,PLTR
PLTR260130C00125000,125.0,25.85,25.15,25.3,5.0,37.0,1.65625171875,True,CALL,2026-01-30,PLTR
PLTR260130C00130000,130.0,18.65,20.25,20.4,12.0,125.0,1.4296903515625,True,CALL,2026-01-30,PLTR
PLTR260130C00135000,135.0,15.25,15.2,15.35,6.0,39.0,1.1064497802734377,True,CALL,2026-01-30,PLTR
PLTR260130C00138000,138.0,32.6,11.55,13.55,8.0,8.0,1.0498094384765626,True,CALL,2026-01-30,PLTR
PLTR260130C00139000,139.0,11.38,11.25,11.4,24.0,2.0,0.89257919921875,True,CALL,2026-01-30,PLTR
PLTR260130C00140000,140.0,11.05,10.2,10.4,444.0,189.0,0.8203142968749999,True,CALL,2026-01-30,PLTR
PLTR260130C00141000,141.0,9.75,9.25,9.45,22.0,1.0,0.77929908203125,True,CALL,2026-01-30,PLTR
PLTR260130C00145000,145.0,5.83,5.6,5.7,742.0,54.0,0.6127968408203126,True,CALL,2026-01-30,PLTR
PLTR260130C00146000,146.0,4.55,4.75,4.9,400.0,28.0,0.5864299169921875,True,CALL,2026-01-30,PLTR
PLTR260130C00150000,150.0,2.01,1.97,2.01,28603.0,324.0,0.48730981445312505,False,CALL,2026-01-30,PLTR
PLTR260130C00152500,152.5,0.94,0.94,0.97,24576.0,217.0,0.46533737792968755,False,CALL,2026-01-30,PLTR
PLTR260130C00155000,155.0,0.39,0.39,0.41,40127.0,2499.0,0.4580132324218751,False,CALL,2026-01-30,PLTR
PLTR260130C00157500,157.5,0.17,0.16,0.17,12014.0,1550.0,0.4687553125,False,CALL,2026-01-30,PLTR
PLTR260130C00160000,160.0,0.09,0.08,0.09,27322.0,5359.0,0.5039112109375,False,CALL,2026-01-30,PLTR
PLTR260130C00162500,162.5,0.06,0.05,0.06,7394.0,4943.0,0.5546919531250001,False,CALL,2026-01-30,PLTR
PLTR260130C00165000,165.0,0.04,0.04,0.05,18477.0,8875.0,0.6210975390625001,False,CALL,2026-01-30,PLTR
PLTR260130C00167500,167.5,0.03,0.02,0.04,6456.0,6824.0,0.6640658593750002,False,CALL,2026-01-30,PLTR
PLTR260130C00170000,170.0,0.03,0.02,0.03,18430.0,24739.0,0.726565234375,False,CALL,2026-01-30,PLTR
PLTR260130C00172500,172.5,0.02,0.01,0.03,5372.0,7995.0,0.773439765625,False,CALL,2026-01-30,PLTR
PLTR260130C00175000,175.0,0.02,0.01,0.02,5088.0,16734.0,0.8125018749999999,False,CALL,2026-01-30,PLTR
PLTR260130C00177500,177.5,0.01,0.01,0.02,12152.0,14449.0,0.87500125,False,CALL,2026-01-30,PLTR
PLTR260130C00180000,180.0,0.01,0.0,0.02,6286.0,12929.0,0.9062509375,False,CALL,2026-01-30,PLTR
PLTR260130C00182500,182.5,0.01,0.0,0.01,3398.0,6455.0,0.9062509375,False,CALL,2026-01-30,PLTR
PLTR260130C00185000,185.0,0.01,0.0,0.01,6317.0,10706.0,0.9687503125,False,CALL,2026-01-30,PLTR
PLTR260130C00187500,187.5,0.01,0.0,0.01,8016.0,10152.0,1.000005,False,CALL,2026-01-30,PLTR
PLTR260130C00190000,190.0,0.01,0.0,0.01,1124.0,11360.0,1.0625046875000002,False,CALL,2026-01-30,PLTR
PLTR260130C00192500,192.5,0.03,0.0,0.01,34.0,2358.0,1.125004375,False,CALL,2026-01-30,PLTR
PLTR260130P00105000,105.0,0.01,0.0,0.01,1.0,2966.0,1.5625021874999998,False,PUT,2026-01-30,PLTR
PLTR260130P00110000,110.0,0.01,0.0,0.01,3.0,1616.0,1.3750031249999999,False,PUT,2026-01-30,PLTR
PLTR260130P00115000,115.0,0.01,0.0,0.01,38.0,1609.0,1.1875040625,False,PUT,2026-01-30,PLTR
PLTR260130P00120000,120.0,0.01,0.0,0.01,14.0,1947.0,1.0312548437500002,False,PUT,2026-01-30,PLTR
PLTR260130P00125000,125.0,0.01,0.01,0.02,2476.0,2983.0,0.945313046875,False,PUT,2026-01-30,PLTR
PLTR260130P00130000,130.0,0.03,0.02,0.03,1330.0,1857.0,0.804689453125,False,PUT,2026-01-30,PLTR
PLTR260130P00135000,135.0,0.04,0.03,0.04,1824.0,3673.0,0.64062859375,False,PUT,2026-01-30,PLTR
PLTR260130P00138000,138.0,0.04,0.04,0.06,811.0,724.0,0.5507857421875001,False,PUT,2026-01-30,PLTR
PLTR260130P00139000,139.0,0.05,0.06,0.07,489.0,325.0,0.5312546875,False,PUT,2026-01-30,PLTR
PLTR260130P00140000,140.0,0.08,0.07,0.09,4583.0,5420.0,0.50586431640625,False,PUT,2026-01-30,PLTR
PLTR260130P00141000,141.0,0.12,0.1,0.11,2862.0,163.0,0.49219257812500006,False,PUT,2026-01-30,PLTR
PLTR260130P00142000,142.0,0.16,0.13,0.15,2558.0,161.0,0.47461462890625,False,PUT,2026-01-30,PLTR
PLTR260130P00143000,143.0,0.18,0.19,0.2,1482.0,471.0,0.45703667968750006,False,PUT,2026-01-30,PLTR
PLTR260130P00144000,144.0,0.28,0.27,0.28,2339.0,380.0,0.44336494140625,False,PUT,2026-01-30,PLTR
PLTR260130P00145000,145.0,0.38,0.38,0.39,22196.0,8021.0,0.43066975585937506,False,PUT,2026-01-30,PLTR
PLTR260130P00146000,146.0,0.51,0.54,0.55,5973.0,707.0,0.42090422851562503,False,PUT,2026-01-30,PLTR
PLTR260130P00147000,147.0,0.71,0.75,0.77,20339.0,12849.0,0.41260353027343744,False,PUT,2026-01-30,PLTR
PLTR260130P00148000,148.0,1.03,1.01,1.03,9990.0,583.0,0.3979552392578125,False,PUT,2026-01-30,PLTR
PLTR260130P00149000,149.0,1.33,1.34,1.37,10163.0,1551.0,0.38477177734374995,False,PUT,2026-01-30,PLTR
PLTR260130P00150000,150.0,1.79,1.74,1.78,48024.0,15291.0,0.367193828125,True,PUT,2026-01-30,PLTR
PLTR260130P00152500,152.5,3.25,3.2,3.25,11702.0,3658.0,0.3217841259765625,True,PUT,2026-01-30,PLTR
PLTR260130P00155000,155.0,5.15,5.05,5.2,8141.0,9154.0,1.0000000000000003e-05,True,PUT,2026-01-30,PLTR
PLTR260130P00157500,157.5,7.45,7.3,7.5,2402.0,6688.0,1.0000000000000003e-05,True,PUT,2026-01-30,PLTR
PLTR260130P00160000,160.0,9.85,9.7,9.9,3243.0,9842.0,1.0000000000000003e-05,True,PUT,2026-01-30,PLTR
PLTR260130P00162500,162.5,12.42,12.25,12.45,1659.0,4104.0,1.0000000000000003e-05,True,PUT,2026-01-30,PLTR
PLTR260130P00165000,165.0,14.8,14.75,14.9,1576.0,9014.0,1.0000000000000003e-05,True,PUT,2026-01-30,PLTR
PLTR260130P00167500,167.5,17.34,17.25,17.4,721.0,7519.0,1.0000000000000003e-05,True,PUT,2026-01-30,PLTR
PLTR260130P00170000,170.0,20.03,19.7,19.9,656.0,4993.0,1.0000000000000003e-05,True,PUT,2026-01-30,PLTR
PLTR260130P00172500,172.5,22.54,22.3,22.45,119.0,963.0,1.0000000000000003e-05,True,PUT,2026-01-30,PLTR
PLTR260130P00175000,175.0,24.81,24.75,24.95,306.0,3143.0,1.0000000000000003e-05,True,PUT,2026-01-30,PLTR
PLTR260130P00177500,177.5,26.81,27.2,27.35,20.0,809.0,1.0000000000000003e-05,True,PUT,2026-01-30,PLTR
PLTR260130P00180000,180.0,30.14,29.7,30.0,1001.0,3232.0,1.0000000000000003e-05,True,PUT,2026-01-30,PLTR
PLTR260130P00182500,182.5,32.37,31.05,33.3,14.0,231.0,1.69140779296875,True,PUT,2026-01-30,PLTR
PLTR260130P00185000,185.0,33.95,34.6,35.2,27.0,138.0,1.0000000000000003e-05,True,PUT,2026-01-30,PLTR
PLTR260130P00187500,187.5,39.59,36.05,38.3,44.0,75.0,1.8662116064453125,True,PUT,2026-01-30,PLTR
PLTR260130P00190000,190.0,39.17,39.0,40.35,6.0,148.0,1.359378203125,True,PUT,2026-01-30,PLTR
PLTR260130P00192500,192.5,30.3,41.1,43.4,7.0,0.0,2.1093797265624996,True,PUT,2026-01-30,PLTR
PLTR260206C00105000,105.0,44.5,44.75,47.0,18.0,58.0,1.619142529296875,True,CALL,2026-02-06,PLTR
PLTR260206C00110000,110.0,40.7,39.45,41.55,314.0,315.0,1.319827619628906,True,CALL,2026-02-06,PLTR
PLTR260206C00115000,115.0,33.95,34.75,36.4,1347.0,1305.0,1.1904337353515624,True,CALL,2026-02-06,PLTR
PLTR260206C00120000,120.0,31.55,29.95,31.55,533.0,527.0,1.0874069067382814,True,CALL,2026-02-06,PLTR
PLTR260206C00122000,122.0,28.0,27.8,30.05,1.0,8.0,1.0698288696289064,True,CALL,2026-02-06,PLTR
PLTR260206C00125000,125.0,24.5,25.75,27.4,15.0,47.0,1.1140181018066406,True,CALL,2026-02-06,PLTR
PLTR260206C00128000,128.0,32.1,22.65,24.9,5.0,9.0,1.0478563232421876,True,CALL,2026-02-06,PLTR
PLTR260206C00129000,129.0,22.85,22.05,23.15,29.0,38.0,0.981445498046875,True,CALL,2026-02-06,PLTR
PLTR260206C00130000,130.0,21.9,21.6,21.75,22.0,20.0,0.9604496142578124,True,CALL,2026-02-06,PLTR
PLTR260206C00134000,134.0,18.5,17.9,19.35,56.0,34.0,0.9682620361328125,True,CALL,2026-02-06,PLTR
PLTR260206C00135000,135.0,18.27,17.55,17.75,19.0,82.0,0.9338385522460937,True,CALL,2026-02-06,PLTR
PLTR260206C00136000,136.0,16.97,16.8,16.95,8.0,2.0,0.9272468212890624,True,CALL,2026-02-06,PLTR
PLTR260206C00140000,140.0,14.27,13.9,14.05,235.0,156.0,0.9082040429687499,True,CALL,2026-02-06,PLTR
PLTR260206C00144000,144.0,11.2,11.3,11.4,144.0,18.0,0.8906260937499999,True,CALL,2026-02-06,PLTR
PLTR260206C00145000,145.0,10.96,10.65,10.75,274.0,87.0,0.8820812573242187,True,CALL,2026-02-06,PLTR
PLTR260206C00149000,149.0,8.3,8.5,8.6,1031.0,77.0,0.8767102172851562,True,CALL,2026-02-06,PLTR
PLTR260206C00150000,150.0,8.01,8.0,8.05,6645.0,776.0,0.8713391772460937,False,CALL,2026-02-06,PLTR
PLTR260206C00152500,152.5,6.85,6.85,6.95,3336.0,113.0,0.8696302099609375,False,CALL,2026-02-06,PLTR
PLTR260206C00155000,155.0,5.89,5.8,5.9,11343.0,362.0,0.8630384790039063,False,CALL,2026-02-06,PLTR
PLTR260206C00157500,157.5,4.9,4.85,4.95,1136.0,354.0,0.8548598498535156,False,CALL,2026-02-06,PLTR
PLTR260206C00160000,160.0,4.15,4.1,4.15,7536.0,2580.0,0.8540053662109376,False,CALL,2026-02-06,PLTR
PLTR260206C00162500,162.5,3.5,3.4,3.5,6945.0,769.0,0.8532729516601563,False,CALL,2026-02-06,PLTR
PLTR260206C00165000,165.0,2.84,2.84,2.88,4378.0,7817.0,0.851563984375,False,CALL,2026-02-06,PLTR
PLTR260206C00167500,167.5,2.4,2.34,2.37,1244.0,2896.0,0.8498550170898438,False,CALL,2026-02-06,PLTR
PLTR260206C00170000,170.0,1.96,1.95,1.98,15146.0,4513.0,0.8544936425781251,False,CALL,2026-02-06,PLTR
PLTR260206C00172500,172.5,1.55,1.59,1.62,1374.0,7647.0,0.8537612280273439,False,CALL,2026-02-06,PLTR
PLTR260206C00175000,175.0,1.31,1.3,1.32,2222.0,7246.0,0.8544936425781251,False,CALL,2026-02-06,PLTR
PLTR260206C00177500,177.5,1.08,1.06,1.08,906.0,1316.0,0.8564467480468749,False,CALL,2026-02-06,PLTR
PLTR260206C00180000,180.0,0.88,0.88,0.89,3797.0,7108.0,0.8623060644531251,False,CALL,2026-02-06,PLTR
PLTR260206C00182500,182.5,0.73,0.72,0.74,895.0,928.0,0.867188828125,False,CALL,2026-02-06,PLTR
PLTR260206C00185000,185.0,0.61,0.59,0.6,2249.0,6024.0,0.8706067626953125,False,CALL,2026-02-06,PLTR
PLTR260206C00187500,187.5,0.51,0.49,0.5,287.0,1280.0,0.877930908203125,False,CALL,2026-02-06,PLTR
PLTR260206C00190000,190.0,0.42,0.41,0.42,2221.0,16444.0,0.8862316064453124,False,CALL,2026-02-06,PLTR
PLTR260206C00192500,192.5,0.37,0.34,0.37,361.0,1360.0,0.8974619628906249,False,CALL,2026-02-06,PLTR
PLTR260206P00105000,105.0,0.14,0.13,0.15,840.0,198.0,1.0800827246093752,False,PUT,2026-02-06,PLTR
PLTR260206P00110000,110.0,0.19,0.18,0.19,459.0,485.0,0.9960937890625,False,PUT,2026-02-06,PLTR
PLTR260206P00115000,115.0,0.3,0.26,0.29,431.0,1249.0,0.9335944140625,False,PUT,2026-02-06,PLTR
PLTR260206P00120000,120.0,0.47,0.43,0.47,797.0,1534.0,0.8886729882812499,False,PUT,2026-02-06,PLTR
PLTR260206P00122000,122.0,0.58,0.54,0.57,343.0,79.0,0.8740246972656249,False,PUT,2026-02-06,PLTR
PLTR260206P00123000,123.0,0.61,0.61,0.64,302.0,32.0,0.870118486328125,False,PUT,2026-02-06,PLTR
PLTR260206P00124000,124.0,0.74,0.68,0.7,580.0,31.0,0.8627943408203125,False,PUT,2026-02-06,PLTR
PLTR260206P00125000,125.0,0.77,0.76,0.8,512.0,835.0,0.860352958984375,False,PUT,2026-02-06,PLTR
PLTR260206P00126000,126.0,0.92,0.86,0.89,458.0,37.0,0.8569350244140624,False,PUT,2026-02-06,PLTR
PLTR260206P00128000,128.0,1.06,1.09,1.12,181.0,236.0,0.852540537109375,False,PUT,2026-02-06,PLTR
PLTR260206P00129000,129.0,1.22,1.22,1.25,231.0,196.0,0.8500991552734375,False,PUT,2026-02-06,PLTR
PLTR260206P00130000,130.0,1.35,1.35,1.37,2271.0,1441.0,0.8442398388671875,False,PUT,2026-02-06,PLTR
PLTR260206P00131000,131.0,1.48,1.49,1.53,78.0,72.0,0.8413101806640625,False,PUT,2026-02-06,PLTR
PLTR260206P00132000,132.0,1.65,1.66,1.7,100.0,58.0,0.8393570751953124,False,PUT,2026-02-06,PLTR
PLTR260206P00133000,133.0,1.82,1.84,1.88,74.0,123.0,0.8369156933593749,False,PUT,2026-02-06,PLTR
PLTR260206P00134000,134.0,2.05,2.04,2.09,158.0,145.0,0.8361832788085937,False,PUT,2026-02-06,PLTR
PLTR260206P00135000,135.0,2.35,2.26,2.28,1771.0,1838.0,0.8327653442382811,False,PUT,2026-02-06,PLTR
PLTR260206P00136000,136.0,2.45,2.49,2.53,324.0,70.0,0.8322770678710936,False,PUT,2026-02-06,PLTR
PLTR260206P00137000,137.0,2.72,2.73,2.75,567.0,204.0,0.8281267187499999,False,PUT,2026-02-06,PLTR
PLTR260206P00138000,138.0,2.92,2.99,3.05,297.0,283.0,0.8283708569335937,False,PUT,2026-02-06,PLTR
PLTR260206P00139000,139.0,3.22,3.3,3.35,609.0,363.0,0.8293474096679687,False,PUT,2026-02-06,PLTR
PLTR260206P00140000,140.0,3.6,3.6,3.65,2765.0,2518.0,0.8271501660156249,False,PUT,2026-02-06,PLTR
PLTR260206P00141000,141.0,3.94,3.85,3.95,155.0,253.0,0.8198260205078124,False,PUT,2026-02-06,PLTR
PLTR260206P00142000,142.0,4.17,4.25,4.35,1519.0,902.0,0.8251970605468748,False,PUT,2026-02-06,PLTR
PLTR260206P00143000,143.0,4.67,4.55,4.65,599.0,434.0,0.8164080859374999,False,PUT,2026-02-06,PLTR
PLTR260206P00144000,144.0,5.0,4.95,5.05,689.0,248.0,0.8168963623046874,False,PUT,2026-02-06,PLTR
PLTR260206P00145000,145.0,5.3,5.3,5.4,1665.0,4272.0,0.8093280786132812,False,PUT,2026-02-06,PLTR
PLTR260206P00146000,146.0,5.76,5.8,5.9,504.0,181.0,0.8164080859374999,False,PUT,2026-02-06,PLTR
PLTR260206P00147000,147.0,6.25,6.2,6.3,467.0,665.0,0.8100604931640624,False,PUT,2026-02-06,PLTR
PLTR260206P00148000,148.0,6.65,6.65,6.8,1116.0,1070.0,0.8095722167968749,False,PUT,2026-02-06,PLTR
PLTR260206P00149000,149.0,7.16,7.15,7.25,434.0,365.0,0.8068866967773438,False,PUT,2026-02-06,PLTR
PLTR260206P00150000,150.0,7.66,7.65,7.75,6310.0,7794.0,0.804689453125,True,PUT,2026-02-06,PLTR
PLTR260206P00152500,152.5,8.96,8.95,9.1,1178.0,1488.0,0.7973653076171875,True,PUT,2026-02-06,PLTR
PLTR260206P00155000,155.0,10.6,10.4,10.5,1277.0,4777.0,0.7868673657226561,True,PUT,2026-02-06,PLTR
PLTR260206P00157500,157.5,11.98,12.0,12.1,532.0,824.0,0.7817404638671875,True,PUT,2026-02-06,PLTR
PLTR260206P00160000,160.0,13.62,13.7,13.8,1372.0,5222.0,0.7741721801757813,True,PUT,2026-02-06,PLTR
PLTR260206P00162500,162.5,15.56,15.55,15.65,320.0,1490.0,0.7712425219726562,True,PUT,2026-02-06,PLTR
PLTR260206P00165000,165.0,17.4,17.45,17.6,1034.0,4039.0,0.764650791015625,True,PUT,2026-02-06,PLTR
PLTR260206P00167500,167.5,19.48,19.45,19.6,250.0,925.0,0.7551294018554688,True,PUT,2026-02-06,PLTR
PLTR260206P00170000,170.0,21.6,21.5,21.65,640.0,4229.0,0.7382838671874999,True,PUT,2026-02-06,PLTR
PLTR260206P00172500,172.5,23.84,23.65,23.8,84.0,453.0,0.7231472998046875,True,PUT,2026-02-06,PLTR
PLTR260206P00175000,175.0,26.01,25.9,26.1,330.0,2685.0,0.72070591796875,True,PUT,2026-02-06,PLTR
PLTR260206P00177500,177.5,28.23,27.85,28.65,28.0,236.0,0.694338994140625,True,PUT,2026-02-06,PLTR
PLTR260206P00180000,180.0,30.57,30.45,30.6,383.0,2374.0,0.6445348046875,True,PUT,2026-02-06,PLTR
PLTR260206P00182500,182.5,32.6,32.3,33.55,43.0,270.0,0.6210975390625001,True,PUT,2026-02-06,PLTR
PLTR260206P00185000,185.0,34.63,35.2,35.4,48.0,608.0,0.6347692773437501,True,PUT,2026-02-06,PLTR
PLTR260206P00187500,187.5,37.55,36.7,38.3,77.0,217.0,0.8798840136718749,True,PUT,2026-02-06,PLTR
PLTR260206P00190000,190.0,40.2,40.0,40.2,84.0,473.0,1.0000000000000003e-05,True,PUT,2026-02-06,PLTR
PLTR260206P00192500,192.5,42.18,41.25,43.3,1.0,49.0,0.9584965087890623,True,PUT,2026-02-06,PLTR
PLTR260213C00105000,105.0,44.72,44.9,47.4,18.0,8.0,1.2788121997070312,True,CALL,2026-02-13,PLTR
PLTR260213C00110000,110.0,57.51,39.65,42.05,1.0,8.0,1.0781296093750001,True,CALL,2026-02-13,PLTR
PLTR260213C00115000,115.0,35.9,35.3,37.0,42.0,275.0,1.0166064794921876,True,CALL,2026-02-13,PLTR
PLTR260213C00120000,120.0,31.15,30.45,31.9,759.0,761.0,0.8955088574218748,True,CALL,2026-02-13,PLTR
PLTR260213C00125000,125.0,27.0,26.25,28.0,12.0,36.0,0.9128426684570312,True,CALL,2026-02-13,PLTR
PLTR260213C00130000,130.0,23.25,22.15,23.7,82.0,198.0,0.8735364208984374,True,CALL,2026-02-13,PLTR
PLTR260213C00135000,135.0,18.9,18.45,18.6,18.0,5.0,0.7917501293945313,True,CALL,2026-02-13,PLTR
PLTR260213C00140000,140.0,14.75,15.0,15.1,16.0,25.0,0.7788108056640625,True,CALL,2026-02-13,PLTR
PLTR260213C00145000,145.0,12.4,11.8,11.9,57.0,58.0,0.7568383691406251,True,CALL,2026-02-13,PLTR
PLTR260213C00150000,150.0,9.18,9.15,9.25,1052.0,113.0,0.7473169799804689,False,CALL,2026-02-13,PLTR
PLTR260213C00155000,155.0,6.95,6.95,7.0,490.0,175.0,0.7381617980957031,False,CALL,2026-02-13,PLTR
PLTR260213C00160000,160.0,5.26,5.15,5.25,2533.0,681.0,0.7330348962402342,False,CALL,2026-02-13,PLTR
PLTR260213C00165000,165.0,3.8,3.75,3.85,997.0,850.0,0.7287624780273438,False,CALL,2026-02-13,PLTR
PLTR260213C00170000,170.0,2.7,2.74,2.78,1396.0,1464.0,0.7292507543945312,False,CALL,2026-02-13,PLTR
PLTR260213C00175000,175.0,1.98,1.97,2.0,742.0,1737.0,0.7312038598632812,False,CALL,2026-02-13,PLTR
PLTR260213C00180000,180.0,1.41,1.41,1.45,1431.0,3035.0,0.7360866235351562,False,CALL,2026-02-13,PLTR
PLTR260213C00185000,185.0,1.03,1.02,1.06,423.0,1838.0,0.7443873217773438,False,CALL,2026-02-13,PLTR
PLTR260213C00190000,190.0,0.75,0.75,0.78,1963.0,2203.0,0.754885263671875,False,CALL,2026-02-13,PLTR
PLTR260213P00105000,105.0,0.28,0.24,0.27,6.0,310.0,0.8906260937499999,False,PUT,2026-02-13,PLTR
PLTR260213P00110000,110.0,0.35,0.34,0.36,45.0,197.0,0.8349625878906248,False,PUT,2026-02-13,PLTR
PLTR260213P00115000,115.0,0.55,0.5,0.54,118.0,854.0,0.7934590966796875,False,PUT,2026-02-13,PLTR
PLTR260213P00120000,120.0,0.81,0.79,0.82,263.0,203.0,0.7617211328125001,False,PUT,2026-02-13,PLTR
PLTR260213P00125000,125.0,1.3,1.28,1.31,370.0,540.0,0.743166630859375,False,PUT,2026-02-13,PLTR
PLTR260213P00130000,130.0,2.09,2.0,2.05,326.0,668.0,0.7270535107421875,False,PUT,2026-02-13,PLTR
PLTR260213P00135000,135.0,3.1,3.1,3.15,346.0,919.0,0.7194852270507812,False,PUT,2026-02-13,PLTR
PLTR260213P00140000,140.0,4.51,4.5,4.6,450.0,1249.0,0.7067900415039063,False,PUT,2026-02-13,PLTR
PLTR260213P00145000,145.0,6.41,6.35,6.45,888.0,1086.0,0.6953155468750001,False,PUT,2026-02-13,PLTR
PLTR260213P00150000,150.0,8.72,8.7,8.8,1822.0,2358.0,0.6879914013671876,True,PUT,2026-02-13,PLTR
PLTR260213P00155000,155.0,11.3,11.45,11.6,503.0,1898.0,0.6782258740234376,True,PUT,2026-02-13,PLTR
PLTR260213P00160000,160.0,14.52,14.7,14.8,273.0,2438.0,0.6694368994140626,True,PUT,2026-02-13,PLTR
PLTR260213P00165000,165.0,18.05,18.25,18.4,550.0,1927.0,0.6557651611328126,True,PUT,2026-02-13,PLTR
PLTR260213P00170000,170.0,22.32,22.25,22.4,118.0,1489.0,0.6489292919921875,True,PUT,2026-02-13,PLTR
PLTR260213P00175000,175.0,26.45,26.25,26.7,81.0,1379.0,0.622074091796875,True,PUT,2026-02-13,PLTR
PLTR260213P00180000,180.0,30.5,30.7,31.15,69.0,919.0,0.596683720703125,True,PUT,2026-02-13,PLTR
PLTR260213P00185000,185.0,35.25,35.1,35.8,25.0,153.0,0.5117236328125,True,PUT,2026-02-13,PLTR
PLTR260213P00190000,190.0,40.44,39.1,41.0,26.0,100.0,0.7426783544921874,True,PUT,2026-02-13,PLTR
PLTR260220C00105000,105.0,46.19,45.65,46.2,6.0,612.0,1.0212451281738284,True,CALL,2026-02-20,PLTR
PLTR260220C00110000,110.0,41.6,40.85,41.25,119.0,1585.0,0.9372564868164062,True,CALL,2026-02-20,PLTR
PLTR260220C00115000,115.0,36.7,36.15,36.55,13.0,740.0,0.8798840136718749,True,CALL,2026-02-20,PLTR
PLTR260220C00120000,120.0,31.55,31.5,31.95,61.0,2389.0,0.8242205078124999,True,CALL,2026-02-20,PLTR
PLTR260220C00125000,125.0,26.5,27.05,27.55,37.0,1503.0,0.7812521875,True,CALL,2026-02-20,PLTR
PLTR260220C00130000,130.0,23.48,22.85,23.35,53.0,1376.0,0.7453638745117188,True,CALL,2026-02-20,PLTR
PLTR260220C00135000,135.0,19.5,19.2,19.35,119.0,1880.0,0.7233914379882812,True,CALL,2026-02-20,PLTR
PLTR260220C00140000,140.0,16.09,15.75,15.85,155.0,1499.0,0.7055693505859376,True,CALL,2026-02-20,PLTR
PLTR260220C00145000,145.0,12.67,12.65,12.75,467.0,1325.0,0.6901886450195314,True,CALL,2026-02-20,PLTR
PLTR260220C00150000,150.0,10.0,10.0,10.1,1752.0,4555.0,0.6800569104003908,False,CALL,2026-02-20,PLTR
PLTR260220C00152500,152.5,8.85,8.75,8.9,531.0,60.0,0.672122419433594,False,CALL,2026-02-20,PLTR
PLTR260220C00155000,155.0,7.77,7.75,7.85,676.0,2726.0,0.6711458666992189,False,CALL,2026-02-20,PLTR
PLTR260220C00157500,157.5,6.8,6.7,6.8,132.0,330.0,0.662234822998047,False,CALL,2026-02-20,PLTR
PLTR260220C00160000,160.0,5.95,5.9,6.0,2656.0,17733.0,0.664309997558594,False,CALL,2026-02-20,PLTR
PLTR260220C00162500,162.5,5.3,5.15,5.25,113.0,374.0,0.6640658593750002,False,CALL,2026-02-20,PLTR
PLTR260220C00165000,165.0,4.58,4.45,4.55,923.0,3721.0,0.6616244775390626,False,CALL,2026-02-20,PLTR
PLTR260220C00167500,167.5,3.95,3.8,3.9,248.0,1060.0,0.657229990234375,False,CALL,2026-02-20,PLTR
PLTR260220C00170000,170.0,3.39,3.3,3.4,2100.0,9740.0,0.659183095703125,False,CALL,2026-02-20,PLTR
PLTR260220C00172500,172.5,2.88,2.84,2.89,296.0,657.0,0.6573520593261719,False,CALL,2026-02-20,PLTR
PLTR260220C00175000,175.0,2.5,2.46,2.5,1890.0,8466.0,0.6594272338867189,False,CALL,2026-02-20,PLTR
PLTR260220C00177500,177.5,2.14,2.1,2.15,245.0,540.0,0.6595493029785158,False,CALL,2026-02-20,PLTR
PLTR260220C00180000,180.0,1.85,1.82,1.86,4050.0,26597.0,0.6626010302734376,False,CALL,2026-02-20,PLTR
PLTR260220C00182500,182.5,1.66,1.56,1.61,78.0,532.0,0.6645541357421877,False,CALL,2026-02-20,PLTR
PLTR260220C00185000,185.0,1.39,1.36,1.39,932.0,7105.0,0.6682162084960939,False,CALL,2026-02-20,PLTR
PLTR260220C00187500,187.5,1.26,1.18,1.22,174.0,2660.0,0.673098972167969,False,CALL,2026-02-20,PLTR
PLTR260220C00190000,190.0,1.04,1.02,1.06,1373.0,12911.0,0.6765169067382814,False,CALL,2026-02-20,PLTR
PLTR260220C00192500,192.5,0.94,0.89,0.93,50.0,527.0,0.6816438085937502,False,CALL,2026-02-20,PLTR
PLTR260220P00105000,105.0,0.38,0.35,0.39,458.0,1743.0,0.7924825439453125,False,PUT,2026-02-20,PLTR
PLTR260220P00110000,110.0,0.53,0.49,0.53,1083.0,7784.0,0.7490259472656251,False,PUT,2026-02-20,PLTR
PLTR260220P00115000,115.0,0.74,0.72,0.76,196.0,3261.0,0.7158231542968749,False,PUT,2026-02-20,PLTR
PLTR260220P00120000,120.0,1.13,1.1,1.13,2667.0,7995.0,0.6914093359375001,False,PUT,2026-02-20,PLTR
PLTR260220P00125000,125.0,1.68,1.67,1.7,832.0,4855.0,0.6728548339843752,False,PUT,2026-02-20,PLTR
PLTR260220P00130000,130.0,2.57,2.51,2.55,3638.0,8172.0,0.6604037866210939,False,PUT,2026-02-20,PLTR
PLTR260220P00135000,135.0,3.7,3.65,3.7,940.0,7458.0,0.6483189465332031,False,PUT,2026-02-20,PLTR
PLTR260220P00140000,140.0,5.2,5.2,5.25,4272.0,8884.0,0.6408727319335938,False,PUT,2026-02-20,PLTR
PLTR260220P00145000,145.0,7.15,7.05,7.15,2855.0,13741.0,0.6285437536621095,False,PUT,2026-02-20,PLTR
PLTR260220P00150000,150.0,9.4,9.4,9.5,2745.0,17641.0,0.6206092626953126,True,PUT,2026-02-20,PLTR
PLTR260220P00152500,152.5,10.85,10.7,10.85,1363.0,2338.0,0.6160927062988282,True,PUT,2026-02-20,PLTR
PLTR260220P00155000,155.0,12.4,12.15,12.3,2386.0,10168.0,0.6130409790039064,True,PUT,2026-02-20,PLTR
PLTR260220P00157500,157.5,13.84,13.65,13.8,276.0,1818.0,0.6064492480468751,True,PUT,2026-02-20,PLTR
PLTR260220P00160000,160.0,15.4,15.3,15.4,1185.0,21271.0,0.6014444152832032,True,PUT,2026-02-20,PLTR
PLTR260220P00162500,162.5,16.72,17.0,17.15,114.0,1945.0,0.5969278588867188,True,PUT,2026-02-20,PLTR
PLTR260220P00165000,165.0,18.92,18.9,19.05,823.0,8589.0,0.5990030334472658,True,PUT,2026-02-20,PLTR
PLTR260220P00167500,167.5,20.8,20.75,20.9,102.0,677.0,0.5905802661132813,True,PUT,2026-02-20,PLTR
PLTR260220P00170000,170.0,22.82,22.7,22.85,1052.0,18764.0,0.5836223278808592,True,PUT,2026-02-20,PLTR
PLTR260220P00172500,172.5,24.55,24.8,25.0,74.0,231.0,0.5863078479003907,True,PUT,2026-02-20,PLTR
PLTR260220P00175000,175.0,26.5,26.9,27.05,186.0,9496.0,0.5778850805664062,True,PUT,2026-02-20,PLTR
PLTR260220P00177500,177.5,29.12,29.05,29.75,27.0,104.0,0.6032754516601564,True,PUT,2026-02-20,PLTR
PLTR260220P00180000,180.0,31.0,31.15,31.55,455.0,8817.0,0.5651898950195313,True,PUT,2026-02-20,PLTR
PLTR260220P00182500,182.5,33.35,33.1,34.0,11.0,132.0,0.5478560839843751,True,PUT,2026-02-20,PLTR
PLTR260220P00185000,185.0,35.26,35.5,36.2,848.0,3132.0,0.5376022802734376,True,PUT,2026-02-20,PLTR
PLTR260220P00187500,187.5,40.0,36.9,39.0,1.0,39.0,0.6745638012695314,True,PUT,2026-02-20,PLTR
PLTR260220P00190000,190.0,39.93,40.15,41.0,34.0,4338.0,0.51758294921875,True,PUT,2026-02-20,PLTR
PLTR260220P00192500,192.5,34.24,41.6,43.7,1.0,65.0,0.6816438085937502,True,PUT,2026-02-20,PLTR
PLTR260227C00105000,105.0,57.85,45.15,46.45,1.0,12.0,0.8706067626953125,True,CALL,2026-02-27,PLTR
PLTR260227C00110000,110.0,41.54,41.0,42.45,26.0,44.0,0.9201668139648438,True,CALL,2026-02-27,PLTR
PLTR260227C00115000,115.0,36.9,36.45,37.5,53.0,8.0,0.8503432934570312,True,CALL,2026-02-27,PLTR
PLTR260227C00120000,120.0,31.7,31.6,33.2,2.0,12.0,0.795900478515625,True,CALL,2026-02-27,PLTR
PLTR260227C00125000,125.0,28.26,27.45,28.45,41.0,7.0,0.7456080126953125,True,CALL,2026-02-27,PLTR
PLTR260227C00130000,130.0,24.4,23.05,24.2,42.0,90.0,0.6958038232421876,True,CALL,2026-02-27,PLTR
PLTR260227C00135000,135.0,20.4,19.5,20.25,15.0,11.0,0.6765169067382814,True,CALL,2026-02-27,PLTR
PLTR260227C00140000,140.0,16.55,16.55,16.7,58.0,103.0,0.6712679357910158,True,CALL,2026-02-27,PLTR
PLTR260227C00145000,145.0,13.4,13.5,13.65,172.0,130.0,0.657229990234375,True,CALL,2026-02-27,PLTR
PLTR260227C00150000,150.0,10.9,10.8,10.95,556.0,99.0,0.6438023901367188,False,CALL,2026-02-27,PLTR
PLTR260227C00155000,155.0,8.6,8.6,8.7,368.0,108.0,0.637576866455078,False,CALL,2026-02-27,PLTR
PLTR260227C00160000,160.0,6.7,6.7,6.85,459.0,595.0,0.6319616882324219,False,CALL,2026-02-27,PLTR
PLTR260227C00165000,165.0,5.3,5.2,5.3,377.0,404.0,0.6284216845703126,False,CALL,2026-02-27,PLTR
PLTR260227C00170000,170.0,3.95,3.95,4.1,608.0,1106.0,0.6259803027343751,False,CALL,2026-02-27,PLTR
PLTR260227C00175000,175.0,3.1,3.0,3.1,294.0,551.0,0.624027197265625,False,CALL,2026-02-27,PLTR
PLTR260227C00180000,180.0,2.34,2.32,2.37,767.0,1486.0,0.6276892700195313,False,CALL,2026-02-27,PLTR
PLTR260227C00185000,185.0,1.79,1.79,1.84,259.0,485.0,0.6335485864257813,False,CALL,2026-02-27,PLTR
PLTR260227C00190000,190.0,1.4,1.38,1.42,391.0,763.0,0.6389196264648438,False,CALL,2026-02-27,PLTR
PLTR260227P00105000,105.0,0.55,0.5,0.54,28.0,64.0,0.7402369726562499,False,PUT,2026-02-27,PLTR
PLTR260227P00110000,110.0,0.73,0.69,0.73,110.0,54.0,0.7038603833007813,False,PUT,2026-02-27,PLTR
PLTR260227P00115000,115.0,1.08,1.0,1.05,498.0,286.0,0.6782258740234376,False,PUT,2026-02-27,PLTR
PLTR260227P00120000,120.0,1.48,1.47,1.51,808.0,282.0,0.657229990234375,False,PUT,2026-02-27,PLTR
PLTR260227P00125000,125.0,2.19,2.14,2.19,800.0,289.0,0.6411168701171875,False,PUT,2026-02-27,PLTR
PLTR260227P00130000,130.0,3.11,3.05,3.1,346.0,602.0,0.626102371826172,False,PUT,2026-02-27,PLTR
PLTR260227P00135000,135.0,4.35,4.25,4.35,540.0,607.0,0.6141396008300781,False,PUT,2026-02-27,PLTR
PLTR260227P00140000,140.0,5.89,5.85,6.0,1081.0,1147.0,0.6071816625976563,False,PUT,2026-02-27,PLTR
PLTR260227P00145000,145.0,7.72,7.8,7.9,459.0,1667.0,0.5959513061523438,False,PUT,2026-02-27,PLTR
PLTR260227P00150000,150.0,10.3,10.15,10.3,497.0,1488.0,0.5888712988281251,True,PUT,2026-02-27,PLTR
PLTR260227P00155000,155.0,12.75,12.95,13.05,259.0,938.0,0.5825237060546875,True,PUT,2026-02-27,PLTR
PLTR260227P00160000,160.0,16.07,16.0,16.15,285.0,1026.0,0.5715374877929689,True,PUT,2026-02-27,PLTR
PLTR260227P00165000,165.0,19.65,19.5,19.7,154.0,708.0,0.5667767932128907,True,PUT,2026-02-27,PLTR
PLTR260227P00170000,170.0,23.04,23.0,23.4,111.0,322.0,0.5441940112304688,True,PUT,2026-02-27,PLTR
PLTR260227P00175000,175.0,27.22,27.2,27.6,61.0,217.0,0.5454147021484376,True,PUT,2026-02-27,PLTR
PLTR260227P00180000,180.0,31.38,31.2,32.15,27.0,135.0,0.5328415856933593,True,PUT,2026-02-27,PLTR
PLTR260227P00185000,185.0,36.03,35.65,36.9,16.0,55.0,0.5363815893554689,True,PUT,2026-02-27,PLTR
PLTR260227P00190000,190.0,41.93,40.05,41.75,12.0,18.0,0.5249070947265625,True,PUT,2026-02-27,PLTR
PLTR260306C00130000,130.0,25.0,24.35,24.6,59.0,11.0,0.6871369177246094,True,CALL,2026-03-06,PLTR
PLTR260306C00140000,140.0,17.85,17.35,17.5,29.0,24.0,0.6507603283691408,True,CALL,2026-03-06,PLTR
PLTR260306C00145000,145.0,14.8,14.35,14.5,27.0,14.0,0.6380651428222657,True,CALL,2026-03-06,PLTR
PLTR260306C00150000,150.0,12.05,11.7,11.9,372.0,28.0,0.6285437536621095,False,CALL,2026-03-06,PLTR
PLTR260306C00155000,155.0,9.89,9.45,9.6,175.0,45.0,0.6203651245117189,False,CALL,2026-03-06,PLTR
PLTR260306C00160000,160.0,7.63,7.55,7.65,263.0,266.0,0.6138954626464845,False,CALL,2026-03-06,PLTR
PLTR260306C00165000,165.0,6.3,5.95,6.05,256.0,264.0,0.6090126989746094,False,CALL,2026-03-06,PLTR
PLTR260306C00170000,170.0,4.79,4.65,4.8,236.0,227.0,0.6074258007812501,False,CALL,2026-03-06,PLTR
PLTR260306C00175000,175.0,3.73,3.65,3.75,526.0,677.0,0.6069375244140626,False,CALL,2026-03-06,PLTR
PLTR260306C00180000,180.0,3.05,2.85,2.92,562.0,515.0,0.607547869873047,False,CALL,2026-03-06,PLTR
PLTR260306C00185000,185.0,2.3,2.22,2.3,178.0,113.0,0.6103554589843752,False,CALL,2026-03-06,PLTR
PLTR260306C00190000,190.0,1.9,1.75,1.82,131.0,289.0,0.6152382226562501,False,CALL,2026-03-06,PLTR
PLTR260306P00105000,105.0,0.7,0.66,0.7,18.0,22.0,0.7045927978515626,False,PUT,2026-03-06,PLTR
PLTR260306P00110000,110.0,0.95,0.92,0.97,72.0,45.0,0.6770051831054689,False,PUT,2026-03-06,PLTR
PLTR260306P00120000,120.0,1.9,1.85,1.92,85.0,174.0,0.6361120373535156,False,PUT,2026-03-06,PLTR
PLTR260306P00125000,125.0,2.66,2.61,2.68,203.0,140.0,0.6208534008789064,False,PUT,2026-03-06,PLTR
PLTR260306P00130000,130.0,3.75,3.6,3.7,136.0,165.0,0.6071816625976563,False,PUT,2026-03-06,PLTR
PLTR260306P00135000,135.0,4.9,4.95,5.05,179.0,201.0,0.5986368261718751,False,PUT,2026-03-06,PLTR
PLTR260306P00140000,140.0,6.61,6.55,6.7,342.0,408.0,0.5876506079101562,False,PUT,2026-03-06,PLTR
PLTR260306P00145000,145.0,8.59,8.55,8.75,175.0,824.0,0.580204393310547,False,PUT,2026-03-06,PLTR
PLTR260306P00150000,150.0,11.0,10.9,11.1,364.0,372.0,0.5710492114257812,True,PUT,2026-03-06,PLTR
PLTR260306P00155000,155.0,13.8,13.6,13.8,174.0,566.0,0.561527822265625,True,PUT,2026-03-06,PLTR
PLTR260306P00160000,160.0,16.83,16.75,16.9,90.0,183.0,0.5560347131347658,True,PUT,2026-03-06,PLTR
PLTR260306P00165000,165.0,20.16,20.1,20.35,127.0,181.0,0.5474898767089844,True,PUT,2026-03-06,PLTR
PLTR260306P00170000,170.0,23.9,23.8,24.15,26.0,156.0,0.5418746984863283,True,PUT,2026-03-06,PLTR
PLTR260306P00175000,175.0,27.48,27.75,28.25,22.0,42.0,0.537236072998047,True,PUT,2026-03-06,PLTR
PLTR260306P00180000,180.0,31.83,31.95,32.3,72.0,21.0,0.5219774365234374,True,PUT,2026-03-06,PLTR
PLTR260306P00185000,185.0,36.54,36.4,36.85,19.0,39.0,0.5229539892578124,True,PUT,2026-03-06,PLTR
PLTR260320C00105000,105.0,46.95,46.7,47.1,88.0,667.0,0.8044453149414061,True,CALL,2026-03-20,PLTR
PLTR260320C00110000,110.0,42.04,42.15,42.7,14.0,5032.0,0.7744163183593751,True,CALL,2026-03-20,PLTR
PLTR260320C00115000,115.0,38.85,37.55,38.2,6.0,956.0,0.7304714453125,True,CALL,2026-03-20,PLTR
PLTR260320C00120000,120.0,33.8,33.3,33.85,61.0,2640.0,0.6995879650878907,True,CALL,2026-03-20,PLTR
PLTR260320C00125000,125.0,29.49,29.05,29.75,29.0,1761.0,0.6687044848632814,True,CALL,2026-03-20,PLTR
PLTR260320C00130000,130.0,26.55,25.35,25.9,82.0,746.0,0.6523472265625001,True,CALL,2026-03-20,PLTR
PLTR260320C00135000,135.0,22.62,21.8,22.35,174.0,1158.0,0.6361120373535156,True,CALL,2026-03-20,PLTR
PLTR260320C00140000,140.0,19.4,18.85,19.0,110.0,901.0,0.6274451318359376,True,CALL,2026-03-20,PLTR
PLTR260320C00145000,145.0,16.2,15.9,16.05,519.0,1129.0,0.6152382226562501,True,CALL,2026-03-20,PLTR
PLTR260320C00150000,150.0,13.45,13.3,13.4,2710.0,4826.0,0.6051064880371095,False,CALL,2026-03-20,PLTR
PLTR260320C00155000,155.0,11.15,11.05,11.2,1200.0,2791.0,0.600162689819336,False,CALL,2026-03-20,PLTR
PLTR260320C00160000,160.0,9.18,9.15,9.2,2260.0,34642.0,0.5950968225097657,False,CALL,2026-03-20,PLTR
PLTR260320C00165000,165.0,7.46,7.45,7.55,886.0,3863.0,0.5905802661132813,False,CALL,2026-03-20,PLTR
PLTR260320C00170000,170.0,6.0,6.0,6.1,1161.0,5443.0,0.5851481915283203,False,CALL,2026-03-20,PLTR
PLTR260320C00175000,175.0,4.95,4.9,5.0,835.0,4326.0,0.5864299169921875,False,CALL,2026-03-20,PLTR
PLTR260320C00180000,180.0,3.99,3.95,4.05,2838.0,22071.0,0.5858195715332031,False,CALL,2026-03-20,PLTR
PLTR260320C00185000,185.0,3.23,3.2,3.3,598.0,4543.0,0.5875285388183593,False,CALL,2026-03-20,PLTR
PLTR260320C00190000,190.0,2.64,2.61,2.66,756.0,6527.0,0.5896037133789063,False,CALL,2026-03-20,PLTR
PLTR260320P00105000,105.0,1.05,1.04,1.06,1847.0,1112.0,0.6618686157226563,False,PUT,2026-03-20,PLTR
PLTR260320P00110000,110.0,1.4,1.41,1.44,472.0,3955.0,0.6398961791992188,False,PUT,2026-03-20,PLTR
PLTR260320P00115000,115.0,1.97,1.92,1.96,160.0,3106.0,0.6214637463378907,False,PUT,2026-03-20,PLTR
PLTR260320P00120000,120.0,2.63,2.61,2.66,1146.0,5327.0,0.6060830407714846,False,PUT,2026-03-20,PLTR
PLTR260320P00125000,125.0,3.55,3.5,3.6,1256.0,5866.0,0.5933878552246095,False,PUT,2026-03-20,PLTR
PLTR260320P00130000,130.0,4.67,4.7,4.75,2504.0,8605.0,0.5830119824218749,False,PUT,2026-03-20,PLTR
PLTR260320P00135000,135.0,6.1,6.1,6.2,1809.0,5605.0,0.5721478332519532,False,PUT,2026-03-20,PLTR
PLTR260320P00140000,140.0,7.85,7.8,7.95,3949.0,9926.0,0.5621381677246093,False,PUT,2026-03-20,PLTR
PLTR260320P00145000,145.0,10.0,9.9,10.05,2602.0,5207.0,0.5556074713134767,False,PUT,2026-03-20,PLTR
PLTR260320P00150000,150.0,12.34,12.4,12.45,3184.0,14283.0,0.5505416040039064,True,PUT,2026-03-20,PLTR
PLTR260320P00155000,155.0,15.1,15.0,15.15,429.0,7888.0,0.5401657312011721,True,PUT,2026-03-20,PLTR
PLTR260320P00160000,160.0,18.17,18.05,18.2,853.0,10904.0,0.5338181384277343,True,PUT,2026-03-20,PLTR
PLTR260320P00165000,165.0,21.44,21.4,21.6,613.0,5573.0,0.5290574438476563,True,PUT,2026-03-20,PLTR
PLTR260320P00170000,170.0,25.18,25.0,25.15,382.0,11216.0,0.5206346765136718,True,PUT,2026-03-20,PLTR
PLTR260320P00175000,175.0,29.2,28.7,29.15,136.0,3639.0,0.5134326000976561,True,PUT,2026-03-20,PLTR
PLTR260320P00180000,180.0,32.44,32.8,33.4,125.0,3688.0,0.5127001855468749,True,PUT,2026-03-20,PLTR
PLTR260320P00185000,185.0,37.44,36.9,37.5,634.0,2397.0,0.5163622583007812,True,PUT,2026-03-20,PLTR
PLTR260320P00190000,190.0,41.31,41.55,42.1,34.0,1624.0,0.5026905200195313,True,PUT,2026-03-20,PLTR
PLTR260417C00105000,105.0,46.75,47.65,48.6,2.0,270.0,0.7438990454101562,True,CALL,2026-04-17,PLTR
PLTR260417C00110000,110.0,43.0,42.9,44.1,6.0,268.0,0.6978789978027344,True,CALL,2026-04-17,PLTR
PLTR260417C00115000,115.0,39.05,38.55,40.15,1.0,359.0,0.6784700122070313,True,CALL,2026-04-17,PLTR
PLTR260417C00120000,120.0,36.0,35.0,35.65,155.0,180.0,0.6585117156982423,True,CALL,2026-04-17,PLTR
PLTR260417C00125000,125.0,32.3,31.4,31.8,25.0,95.0,0.6458775646972656,True,CALL,2026-04-17,PLTR
PLTR260417C00130000,130.0,28.33,27.75,28.3,53.0,170.0,0.6315954809570312,True,CALL,2026-04-17,PLTR
PLTR260417C00135000,135.0,24.9,24.4,24.8,39.0,299.0,0.6154823608398439,True,CALL,2026-04-17,PLTR
PLTR260417C00140000,140.0,21.5,21.3,21.75,32.0,435.0,0.6050454534912111,True,CALL,2026-04-17,PLTR
PLTR260417C00145000,145.0,18.97,18.4,18.85,127.0,546.0,0.5927775097656252,True,CALL,2026-04-17,PLTR
PLTR260417C00150000,150.0,16.0,16.05,16.15,835.0,1589.0,0.5858195715332031,False,CALL,2026-04-17,PLTR
PLTR260417C00155000,155.0,13.79,13.75,13.85,367.0,518.0,0.5784954260253907,False,CALL,2026-04-17,PLTR
PLTR260417C00160000,160.0,12.07,11.75,11.85,1172.0,1612.0,0.573673696899414,False,CALL,2026-04-17,PLTR
PLTR260417C00165000,165.0,10.0,10.0,10.1,407.0,1141.0,0.5699505895996093,False,CALL,2026-04-17,PLTR
PLTR260417C00170000,170.0,8.5,8.45,8.55,880.0,1832.0,0.5660443786621094,False,CALL,2026-04-17,PLTR
PLTR260417C00175000,175.0,7.1,7.15,7.25,374.0,3370.0,0.5643354113769532,False,CALL,2026-04-17,PLTR
PLTR260417C00180000,180.0,6.02,6.05,6.1,421.0,2361.0,0.5628705822753908,False,CALL,2026-04-17,PLTR
PLTR260417C00185000,185.0,5.16,5.1,5.2,411.0,2710.0,0.5634809277343751,False,CALL,2026-04-17,PLTR
PLTR260417C00190000,190.0,4.3,4.3,4.4,386.0,2302.0,0.5637250659179689,False,CALL,2026-04-17,PLTR
PLTR260417P00105000,105.0,1.83,1.79,1.83,58.0,1103.0,0.6120644262695314,False,PUT,2026-04-17,PLTR
PLTR260417P00110000,110.0,2.37,2.35,2.39,445.0,7303.0,0.5959513061523438,False,PUT,2026-04-17,PLTR
PLTR260417P00115000,115.0,3.1,3.05,3.15,60.0,2890.0,0.5826457751464844,False,PUT,2026-04-17,PLTR
PLTR260417P00120000,120.0,4.15,4.0,4.05,733.0,5404.0,0.571415418701172,False,PUT,2026-04-17,PLTR
PLTR260417P00125000,125.0,5.14,5.1,5.15,288.0,2167.0,0.559574716796875,False,PUT,2026-04-17,PLTR
PLTR260417P00130000,130.0,6.5,6.45,6.55,838.0,4505.0,0.5509078112792969,False,PUT,2026-04-17,PLTR
PLTR260417P00135000,135.0,8.03,8.1,8.2,1223.0,3148.0,0.543949873046875,False,PUT,2026-04-17,PLTR
PLTR260417P00140000,140.0,10.15,9.95,10.1,1332.0,5658.0,0.5357712438964843,False,PUT,2026-04-17,PLTR
PLTR260417P00145000,145.0,12.1,12.15,12.25,695.0,1720.0,0.5291795129394532,False,PUT,2026-04-17,PLTR
PLTR260417P00150000,150.0,14.7,14.5,14.65,1023.0,7132.0,0.5201464001464844,True,PUT,2026-04-17,PLTR
PLTR260417P00155000,155.0,17.4,17.25,17.4,1306.0,3013.0,0.5150805328369141,True,PUT,2026-04-17,PLTR
PLTR260417P00160000,160.0,20.07,20.2,20.35,530.0,4296.0,0.5078784564208985,True,PUT,2026-04-17,PLTR
PLTR260417P00165000,165.0,23.25,23.5,23.6,164.0,3229.0,0.503361900024414,True,PUT,2026-04-17,PLTR
PLTR260417P00170000,170.0,27.06,26.8,27.15,170.0,2332.0,0.5025074163818359,True,PUT,2026-04-17,PLTR
PLTR260417P00175000,175.0,30.4,30.55,30.8,110.0,1393.0,0.4951832708740235,True,PUT,2026-04-17,PLTR
PLTR260417P00180000,180.0,34.32,34.2,34.8,558.0,4083.0,0.4943898217773438,True,PUT,2026-04-17,PLTR
PLTR260417P00185000,185.0,38.25,38.3,39.45,2.0,1107.0,0.51758294921875,True,PUT,2026-04-17,PLTR
PLTR260417P00190000,190.0,42.65,42.55,43.05,19.0,910.0,0.4810842907714844,True,PUT,2026-04-17,PLTR
PLTR260515C00105000,105.0,48.95,49.4,50.4,3.0,73.0,0.7438380108642577,True,CALL,2026-05-15,PLTR
PLTR260515C00110000,110.0,46.22,45.35,46.15,6.0,129.0,0.7196072961425781,True,CALL,2026-05-15,PLTR
PLTR260515C00115000,115.0,42.12,41.55,42.1,61.0,132.0,0.7014190014648438,True,CALL,2026-05-15,PLTR
PLTR260515C00120000,120.0,37.95,37.5,38.35,30.0,164.0,0.6789582885742189,True,CALL,2026-05-15,PLTR
PLTR260515C00125000,125.0,35.05,33.6,34.9,3.0,540.0,0.6607089593505859,True,CALL,2026-05-15,PLTR
PLTR260515C00130000,130.0,31.85,31.05,31.4,357.0,935.0,0.6610141320800782,True,CALL,2026-05-15,PLTR
PLTR260515C00135000,135.0,28.49,27.9,28.2,135.0,263.0,0.6488072229003907,True,CALL,2026-05-15,PLTR
PLTR260515C00140000,140.0,25.1,24.95,25.15,287.0,308.0,0.6366613482666017,True,CALL,2026-05-15,PLTR
PLTR260515C00145000,145.0,22.85,22.35,22.5,899.0,664.0,0.6308020318603516,True,CALL,2026-05-15,PLTR
PLTR260515C00150000,150.0,20.1,19.85,19.95,786.0,1225.0,0.6221351263427735,False,CALL,2026-05-15,PLTR
PLTR260515C00155000,155.0,17.89,17.65,17.8,159.0,642.0,0.6185340881347658,False,CALL,2026-05-15,PLTR
PLTR260515C00160000,160.0,15.78,15.6,15.75,197.0,844.0,0.6131020135498049,False,CALL,2026-05-15,PLTR
PLTR260515C00165000,165.0,13.91,13.8,13.9,96.0,920.0,0.6091958026123048,False,CALL,2026-05-15,PLTR
PLTR260515C00170000,170.0,12.2,12.15,12.25,173.0,1863.0,0.6055337298583985,False,CALL,2026-05-15,PLTR
PLTR260515C00175000,175.0,11.1,10.7,10.85,157.0,902.0,0.6040078662109377,False,CALL,2026-05-15,PLTR
PLTR260515C00180000,180.0,9.47,9.4,9.55,410.0,3741.0,0.6018716571044924,False,CALL,2026-05-15,PLTR
PLTR260515C00185000,185.0,8.35,8.3,8.4,186.0,1592.0,0.6010782080078126,False,CALL,2026-05-15,PLTR
PLTR260515C00190000,190.0,7.45,7.25,7.4,565.0,1667.0,0.5995523443603517,False,CALL,2026-05-15,PLTR
PLTR260515P00105000,105.0,3.33,3.15,3.25,17.0,1145.0,0.6256140954589844,False,PUT,2026-05-15,PLTR
PLTR260515P00110000,110.0,4.15,4.05,4.15,60.0,4602.0,0.617313397216797,False,PUT,2026-05-15,PLTR
PLTR260515P00115000,115.0,5.1,5.05,5.15,79.0,1026.0,0.6060830407714846,False,PUT,2026-05-15,PLTR
PLTR260515P00120000,120.0,6.4,6.2,6.35,1056.0,4331.0,0.5955240643310546,False,PUT,2026-05-15,PLTR
PLTR260515P00125000,125.0,7.6,7.6,7.7,189.0,3112.0,0.5860026751708984,False,PUT,2026-05-15,PLTR
PLTR260515P00130000,130.0,9.22,9.3,9.4,843.0,6579.0,0.5815471533203125,False,PUT,2026-05-15,PLTR
PLTR260515P00135000,135.0,11.16,11.05,11.2,701.0,1238.0,0.5721478332519532,False,PUT,2026-05-15,PLTR
PLTR260515P00140000,140.0,13.05,13.15,13.25,447.0,4800.0,0.565983344116211,False,PUT,2026-05-15,PLTR
PLTR260515P00145000,145.0,15.46,15.4,15.55,434.0,2789.0,0.5593305786132813,False,PUT,2026-05-15,PLTR
PLTR260515P00150000,150.0,17.95,17.9,18.0,1281.0,5435.0,0.5521895367431642,True,PUT,2026-05-15,PLTR
PLTR260515P00155000,155.0,20.7,20.6,20.75,148.0,2284.0,0.5462081512451173,True,PUT,2026-05-15,PLTR
PLTR260515P00160000,160.0,23.4,23.6,23.7,174.0,3778.0,0.541569525756836,True,PUT,2026-05-15,PLTR
PLTR260515P00165000,165.0,26.5,26.75,26.85,76.0,1271.0,0.5360764166259766,True,PUT,2026-05-15,PLTR
PLTR260515P00170000,170.0,30.15,30.05,30.25,215.0,3735.0,0.530827445678711,True,PUT,2026-05-15,PLTR
PLTR260515P00175000,175.0,33.43,33.45,33.85,400.0,2205.0,0.5245408874511719,True,PUT,2026-05-15,PLTR
PLTR260515P00180000,180.0,37.84,37.1,37.65,1022.0,4983.0,0.5200243310546875,True,PUT,2026-05-15,PLTR
PLTR260515P00185000,185.0,41.25,41.0,41.4,26.0,637.0,0.5133715655517577,True,PUT,2026-05-15,PLTR
PLTR260515P00190000,190.0,44.85,44.7,45.45,61.0,671.0,0.5025684509277344,True,PUT,2026-05-15,PLTR
PLTR260618C00105000,105.0,51.78,50.95,51.65,228.0,711.0,0.7134428070068359,True,CALL,2026-06-18,PLTR
PLTR260618C00110000,110.0,47.75,47.15,47.65,20.0,3732.0,0.6970245141601563,True,CALL,2026-06-18,PLTR
PLTR260618C00115000,115.0,43.74,43.1,43.6,6.0,1052.0,0.6705355212402344,True,CALL,2026-06-18,PLTR
PLTR260618C00120000,120.0,40.37,39.75,40.3,94.0,3033.0,0.6670565521240237,True,CALL,2026-06-18,PLTR
PLTR260618C00125000,125.0,36.99,36.4,36.8,27.0,1783.0,0.6544834356689455,True,CALL,2026-06-18,PLTR
PLTR260618C00130000,130.0,33.04,33.05,33.5,90.0,1525.0,0.6405065246582031,True,CALL,2026-06-18,PLTR
PLTR260618C00135000,135.0,30.42,29.95,30.55,27.0,678.0,0.6312292736816407,True,CALL,2026-06-18,PLTR
PLTR260618C00140000,140.0,28.0,27.3,27.7,67.0,1945.0,0.6251868536376954,True,CALL,2026-06-18,PLTR
PLTR260618C00145000,145.0,25.3,24.55,25.05,62.0,2591.0,0.6158485681152344,True,CALL,2026-06-18,PLTR
PLTR260618C00150000,150.0,22.43,22.35,22.5,365.0,3748.0,0.6109963217163087,False,CALL,2026-06-18,PLTR
PLTR260618C00155000,155.0,20.0,20.15,20.25,151.0,2763.0,0.6057168334960938,False,CALL,2026-06-18,PLTR
PLTR260618C00160000,160.0,18.3,18.05,18.2,615.0,4993.0,0.6001016552734376,False,CALL,2026-06-18,PLTR
PLTR260618C00165000,165.0,16.4,16.2,16.35,259.0,3190.0,0.5963785479736328,False,CALL,2026-06-18,PLTR
PLTR260618C00170000,170.0,14.58,14.6,14.7,191.0,2208.0,0.594730615234375,False,CALL,2026-06-18,PLTR
PLTR260618C00175000,175.0,13.13,13.05,13.2,125.0,3818.0,0.591923026123047,False,CALL,2026-06-18,PLTR
PLTR260618C00180000,180.0,11.75,11.7,11.8,545.0,3983.0,0.5896647479248047,False,CALL,2026-06-18,PLTR
PLTR260618C00185000,185.0,10.55,10.45,10.6,1282.0,4085.0,0.5881999188232423,False,CALL,2026-06-18,PLTR
PLTR260618C00190000,190.0,9.45,9.35,9.5,283.0,4177.0,0.5870402624511719,False,CALL,2026-06-18,PLTR
PLTR260618P00105000,105.0,4.32,4.25,4.35,48.0,2947.0,0.6038857971191409,False,PUT,2026-06-18,PLTR
PLTR260618P00110000,110.0,5.34,5.2,5.35,172.0,11083.0,0.5929606134033205,False,PUT,2026-06-18,PLTR
PLTR260618P00115000,115.0,6.45,6.4,6.5,648.0,3762.0,0.5843547424316407,False,PUT,2026-06-18,PLTR
PLTR260618P00120000,120.0,7.8,7.7,7.8,399.0,12131.0,0.5744671459960937,False,PUT,2026-06-18,PLTR
PLTR260618P00125000,125.0,9.35,9.2,9.35,246.0,6057.0,0.5666547241210937,False,PUT,2026-06-18,PLTR
PLTR260618P00130000,130.0,10.92,10.95,11.1,261.0,9110.0,0.5603681658935546,False,PUT,2026-06-18,PLTR
PLTR260618P00135000,135.0,12.86,12.85,13.0,1141.0,3907.0,0.5528609167480469,False,PUT,2026-06-18,PLTR
PLTR260618P00140000,140.0,15.0,15.0,15.1,1315.0,6853.0,0.5463912548828126,False,PUT,2026-06-18,PLTR
PLTR260618P00145000,145.0,17.24,17.35,17.45,212.0,2376.0,0.5408981457519533,False,PUT,2026-06-18,PLTR
PLTR260618P00150000,150.0,19.85,19.85,20.05,2306.0,10541.0,0.5355271057128907,True,PUT,2026-06-18,PLTR
PLTR260618P00155000,155.0,22.63,22.55,22.7,172.0,2129.0,0.528447098388672,True,PUT,2026-06-18,PLTR
PLTR260618P00160000,160.0,25.5,25.5,25.7,313.0,6305.0,0.524418818359375,True,PUT,2026-06-18,PLTR
PLTR260618P00165000,165.0,28.88,28.65,28.8,107.0,4027.0,0.5195970892333983,True,PUT,2026-06-18,PLTR
PLTR260618P00170000,170.0,32.18,31.95,32.15,210.0,2372.0,0.5155077746582031,True,PUT,2026-06-18,PLTR
PLTR260618P00175000,175.0,35.49,35.4,35.6,103.0,2150.0,0.5103198382568359,True,PUT,2026-06-18,PLTR
PLTR260618P00180000,180.0,38.84,38.95,39.3,27.0,3071.0,0.5056812127685546,True,PUT,2026-06-18,PLTR
PLTR260618P00185000,185.0,42.57,42.75,43.25,29.0,1564.0,0.5042774182128906,True,PUT,2026-06-18,PLTR
PLTR260618P00190000,190.0,46.85,46.5,47.2,96.0,1381.0,0.5092822509765625,True,PUT,2026-06-18,PLTR
PLTR260717C00105000,105.0,52.15,52.3,53.0,87.0,13.0,0.7042876251220704,True,CALL,2026-07-17,PLTR
PLTR260717C00110000,110.0,48.95,48.2,49.35,49.0,19.0,0.6857941577148439,True,CALL,2026-07-17,PLTR
PLTR260717C00115000,115.0,45.05,44.1,45.45,18.0,1.0,0.6597934411621094,True,CALL,2026-07-17,PLTR
PLTR260717C00120000,120.0,42.05,41.05,41.65,9.0,118.0,0.6499668792724609,True,CALL,2026-07-17,PLTR
PLTR260717C00125000,125.0,38.0,37.75,38.65,17.0,375.0,0.644107562866211,True,CALL,2026-07-17,PLTR
PLTR260717C00130000,130.0,34.9,34.75,35.35,17.0,76.0,0.633914793701172,True,CALL,2026-07-17,PLTR
PLTR260717C00135000,135.0,32.14,31.65,32.4,7.0,25.0,0.6231727136230469,True,CALL,2026-07-17,PLTR
PLTR260717C00140000,140.0,29.6,29.15,29.5,63.0,132.0,0.6172828799438478,True,CALL,2026-07-17,PLTR
PLTR260717C00145000,145.0,26.86,26.35,26.9,31.0,39.0,0.6074258007812501,True,CALL,2026-07-17,PLTR
PLTR260717C00150000,150.0,24.25,24.2,24.35,181.0,90.0,0.6026651062011721,False,CALL,2026-07-17,PLTR
PLTR260717C00155000,155.0,22.53,22.0,22.15,70.0,227.0,0.5978738943481446,False,CALL,2026-07-17,PLTR
PLTR260717C00160000,160.0,20.42,19.95,20.1,263.0,193.0,0.5931437170410157,False,CALL,2026-07-17,PLTR
PLTR260717C00165000,165.0,18.18,18.1,18.2,158.0,176.0,0.5891764715576173,False,CALL,2026-07-17,PLTR
PLTR260717C00170000,170.0,16.5,16.4,16.5,107.0,330.0,0.5861857788085938,False,CALL,2026-07-17,PLTR
PLTR260717C00175000,175.0,15.35,14.85,14.95,48.0,256.0,0.5836833624267577,False,CALL,2026-07-17,PLTR
PLTR260717C00180000,180.0,13.53,13.45,13.6,402.0,710.0,0.582462671508789,False,CALL,2026-07-17,PLTR
PLTR260717C00185000,185.0,12.45,12.2,12.3,67.0,227.0,0.580906290588379,False,CALL,2026-07-17,PLTR
PLTR260717C00190000,190.0,11.05,11.05,11.15,781.0,505.0,0.5798381860351562,False,CALL,2026-07-17,PLTR
PLTR260717P00105000,105.0,5.2,5.1,5.2,63.0,1393.0,0.5885050915527343,False,PUT,2026-07-17,PLTR
PLTR260717P00110000,110.0,6.25,6.15,6.25,74.0,365.0,0.5773968041992188,False,PUT,2026-07-17,PLTR
PLTR260717P00115000,115.0,7.5,7.4,7.5,121.0,247.0,0.5686688641357422,False,PUT,2026-07-17,PLTR
PLTR260717P00120000,120.0,8.9,8.8,8.95,1996.0,4240.0,0.5607343731689454,False,PUT,2026-07-17,PLTR
PLTR260717P00125000,125.0,10.52,10.4,10.55,325.0,720.0,0.5531050549316407,False,PUT,2026-07-17,PLTR
PLTR260717P00130000,130.0,12.34,12.2,12.3,191.0,1583.0,0.5457198748779297,False,PUT,2026-07-17,PLTR
PLTR260717P00135000,135.0,14.16,14.15,14.3,102.0,401.0,0.5391281439208986,False,PUT,2026-07-17,PLTR
PLTR260717P00140000,140.0,16.35,16.4,16.5,363.0,2905.0,0.5343674493408204,False,PUT,2026-07-17,PLTR
PLTR260717P00145000,145.0,18.85,18.75,18.9,900.0,2462.0,0.5288133056640626,False,PUT,2026-07-17,PLTR
PLTR260717P00150000,150.0,21.25,21.3,21.5,72.0,1254.0,0.5238084729003907,True,PUT,2026-07-17,PLTR
PLTR260717P00155000,155.0,24.25,24.0,24.15,50.0,244.0,0.5169420864868165,True,PUT,2026-07-17,PLTR
PLTR260717P00160000,160.0,26.8,26.95,27.1,35.0,1669.0,0.512578116455078,True,PUT,2026-07-17,PLTR
PLTR260717P00165000,165.0,30.13,30.05,30.25,74.0,1056.0,0.5084277673339843,True,PUT,2026-07-17,PLTR
PLTR260717P00170000,170.0,33.37,33.3,33.5,58.0,1016.0,0.5034229345703125,True,PUT,2026-07-17,PLTR
PLTR260717P00175000,175.0,37.15,36.8,37.0,45.0,395.0,0.5007984490966797,True,PUT,2026-07-17,PLTR
PLTR260717P00180000,180.0,40.42,40.4,40.55,34.0,818.0,0.49841810180664065,True,PUT,2026-07-17,PLTR
PLTR260717P00185000,185.0,44.75,43.6,44.1,25.0,62.0,0.4897511962890626,True,PUT,2026-07-17,PLTR
PLTR260717P00190000,190.0,47.95,47.4,48.4,5.0,59.0,0.4982960327148438,True,PUT,2026-07-17,PLTR
PLTR260821C00105000,105.0,54.45,54.05,54.9,107.0,90.0,0.7056914196777344,True,CALL,2026-08-21,PLTR
PLTR260821C00110000,110.0,51.06,50.0,51.5,7.0,79.0,0.6890900231933594,True,CALL,2026-08-21,PLTR
PLTR260821C00115000,115.0,46.0,47.0,47.85,10.0,120.0,0.6817048431396486,True,CALL,2026-08-21,PLTR
PLTR260821C00120000,120.0,44.35,43.65,44.25,27.0,185.0,0.6663241375732425,True,CALL,2026-08-21,PLTR
PLTR260821C00125000,125.0,41.49,40.4,41.2,7.0,65.0,0.6569858520507813,True,CALL,2026-08-21,PLTR
PLTR260821C00130000,130.0,37.8,37.55,38.05,18.0,504.0,0.6481968774414062,True,CALL,2026-08-21,PLTR
PLTR260821C00135000,135.0,34.61,34.75,35.2,8.0,110.0,0.6405675592041016,True,CALL,2026-08-21,PLTR
PLTR260821C00140000,140.0,32.05,31.95,32.8,36.0,592.0,0.6351965191650393,True,CALL,2026-08-21,PLTR
PLTR260821C00145000,145.0,29.7,29.65,30.1,19.0,275.0,0.6289404782104493,True,CALL,2026-08-21,PLTR
PLTR260821C00150000,150.0,27.45,27.2,27.7,75.0,505.0,0.6214027117919922,False,CALL,2026-08-21,PLTR
PLTR260821C00155000,155.0,25.7,25.3,25.45,33.0,262.0,0.6189002954101563,False,CALL,2026-08-21,PLTR
PLTR260821C00160000,160.0,23.6,23.2,23.35,226.0,419.0,0.6128883926391603,False,CALL,2026-08-21,PLTR
PLTR260821C00165000,165.0,21.2,21.35,21.5,20.0,682.0,0.6097145962524416,False,CALL,2026-08-21,PLTR
PLTR260821C00170000,170.0,19.7,19.65,19.8,322.0,985.0,0.6072426971435547,False,CALL,2026-08-21,PLTR
PLTR260821C00175000,175.0,18.6,18.1,18.25,78.0,972.0,0.6055337298583985,False,CALL,2026-08-21,PLTR
PLTR260821C00180000,180.0,17.07,16.65,16.8,72.0,1330.0,0.6037026934814456,False,CALL,2026-08-21,PLTR
PLTR260821C00185000,185.0,15.62,15.35,15.45,45.0,366.0,0.6023599334716798,False,CALL,2026-08-21,PLTR
PLTR260821C00190000,190.0,14.4,14.05,14.2,35.0,685.0,0.5999795861816408,False,CALL,2026-08-21,PLTR
PLTR260821P00105000,105.0,7.16,6.65,6.75,16.0,1427.0,0.5960123406982423,False,PUT,2026-08-21,PLTR
PLTR260821P00110000,110.0,7.88,7.85,7.95,719.0,1421.0,0.5854533642578125,False,PUT,2026-08-21,PLTR
PLTR260821P00115000,115.0,9.32,9.3,9.4,5.0,2317.0,0.5787395642089843,False,PUT,2026-08-21,PLTR
PLTR260821P00120000,120.0,10.93,10.85,11.0,200.0,2241.0,0.5712323150634766,False,PUT,2026-08-21,PLTR
PLTR260821P00125000,125.0,12.8,12.6,12.7,9.0,1749.0,0.5637861004638673,False,PUT,2026-08-21,PLTR
PLTR260821P00130000,130.0,14.62,14.5,14.65,36.0,3950.0,0.5575910940551759,False,PUT,2026-08-21,PLTR
PLTR260821P00135000,135.0,16.71,16.65,16.8,47.0,911.0,0.5530440203857423,False,PUT,2026-08-21,PLTR
PLTR260821P00140000,140.0,18.88,18.9,19.05,104.0,1375.0,0.547001600341797,False,PUT,2026-08-21,PLTR
PLTR260821P00145000,145.0,21.47,21.3,21.45,827.0,634.0,0.5407760766601564,False,PUT,2026-08-21,PLTR
PLTR260821P00150000,150.0,24.03,23.95,24.1,1113.0,3957.0,0.5366867620849609,True,PUT,2026-08-21,PLTR
PLTR260821P00155000,155.0,27.55,26.7,26.85,54.0,463.0,0.5313767565917968,True,PUT,2026-08-21,PLTR
PLTR260821P00160000,160.0,29.5,29.65,29.85,16.0,1610.0,0.5277146838378908,True,PUT,2026-08-21,PLTR
PLTR260821P00165000,165.0,32.85,32.75,32.95,42.0,1071.0,0.5235643347167969,True,PUT,2026-08-21,PLTR
PLTR260821P00170000,170.0,36.43,36.0,36.15,8.0,1180.0,0.5190477783203125,True,PUT,2026-08-21,PLTR
PLTR260821P00175000,175.0,39.45,39.35,39.5,32.0,217.0,0.5142870837402342,True,PUT,2026-08-21,PLTR
PLTR260821P00180000,180.0,44.1,42.9,43.05,10.0,178.0,0.5111438046264648,True,PUT,2026-08-21,PLTR
PLTR260821P00185000,185.0,47.4,46.5,46.7,7.0,262.0,0.5069019036865234,True,PUT,2026-08-21,PLTR
PLTR260821P00190000,190.0,49.81,50.0,51.0,31.0,163.0,0.5065356964111327,True,PUT,2026-08-21,PLTR
PLTR260918C00105000,105.0,54.7,55.25,55.8,18.0,227.0,0.6956817541503908,True,CALL,2026-09-18,PLTR
PLTR260918C00110000,110.0,51.05,51.15,52.3,24.0,300.0,0.6756013885498049,True,CALL,2026-09-18,PLTR
PLTR260918C00115000,115.0,48.05,48.2,48.85,16.0,133.0,0.6703524176025393,True,CALL,2026-09-18,PLTR
PLTR260918C00120000,120.0,44.5,44.85,45.6,46.0,247.0,0.6588779229736328,True,CALL,2026-09-18,PLTR
PLTR260918C00125000,125.0,42.5,41.8,42.5,3.0,154.0,0.6503025692749024,True,CALL,2026-09-18,PLTR
PLTR260918C00130000,130.0,39.68,39.0,39.55,12.0,609.0,0.6436192864990236,True,CALL,2026-09-18,PLTR
PLTR260918C00135000,135.0,36.95,36.15,36.75,10.0,347.0,0.63516600189209,True,CALL,2026-09-18,PLTR
PLTR260918C00140000,140.0,33.35,33.55,34.15,9.0,454.0,0.6290320300292969,True,CALL,2026-09-18,PLTR
PLTR260918C00145000,145.0,31.82,31.1,31.7,28.0,483.0,0.62344736907959,True,CALL,2026-09-18,PLTR
PLTR260918C00150000,150.0,29.15,29.0,29.25,138.0,985.0,0.6189613299560548,False,CALL,2026-09-18,PLTR
PLTR260918C00155000,155.0,27.03,26.85,27.05,128.0,764.0,0.613956497192383,False,CALL,2026-09-18,PLTR
PLTR260918C00160000,160.0,25.12,24.9,25.1,105.0,930.0,0.6112099426269533,False,CALL,2026-09-18,PLTR
PLTR260918C00165000,165.0,23.0,23.0,23.2,39.0,754.0,0.6069985589599609,False,CALL,2026-09-18,PLTR
PLTR260918C00170000,170.0,21.7,21.3,21.5,93.0,1490.0,0.6046792462158206,False,CALL,2026-09-18,PLTR
PLTR260918C00175000,175.0,19.83,19.7,19.9,168.0,1281.0,0.6022378643798829,False,CALL,2026-09-18,PLTR
PLTR260918C00180000,180.0,18.19,18.3,18.45,246.0,1538.0,0.6012918289184571,False,CALL,2026-09-18,PLTR
PLTR260918C00185000,185.0,16.89,16.9,17.0,130.0,2669.0,0.5983011361694336,False,CALL,2026-09-18,PLTR
PLTR260918C00190000,190.0,15.76,15.65,15.75,80.0,2155.0,0.5971109625244142,False,CALL,2026-09-18,PLTR
PLTR260918P00105000,105.0,7.6,7.45,7.6,14.0,1841.0,0.5876506079101562,False,PUT,2026-09-18,PLTR
PLTR260918P00110000,110.0,9.15,8.75,8.9,833.0,8883.0,0.5784343914794923,False,PUT,2026-09-18,PLTR
PLTR260918P00115000,115.0,10.35,10.25,10.3,716.0,1456.0,0.5698895550537109,False,PUT,2026-09-18,PLTR
PLTR260918P00120000,120.0,11.85,11.9,12.0,53.0,2911.0,0.5637250659179689,False,PUT,2026-09-18,PLTR
PLTR260918P00125000,125.0,13.73,13.7,13.8,56.0,3812.0,0.5570112658691408,False,PUT,2026-09-18,PLTR
PLTR260918P00130000,130.0,15.73,15.6,15.75,53.0,5842.0,0.5497481549072267,False,PUT,2026-09-18,PLTR
PLTR260918P00135000,135.0,17.7,17.75,17.95,821.0,880.0,0.5449264257812501,False,PUT,2026-09-18,PLTR
PLTR260918P00140000,140.0,20.0,20.05,20.25,780.0,2650.0,0.5394333166503908,False,PUT,2026-09-18,PLTR
PLTR260918P00145000,145.0,22.72,22.55,22.7,93.0,1292.0,0.5345200357055665,False,PUT,2026-09-18,PLTR
PLTR260918P00150000,150.0,25.34,25.2,25.35,1042.0,3211.0,0.5301560656738282,True,PUT,2026-09-18,PLTR
PLTR260918P00155000,155.0,27.8,27.95,28.1,35.0,1453.0,0.5248155429077149,True,PUT,2026-09-18,PLTR
PLTR260918P00160000,160.0,30.82,30.9,31.1,123.0,1847.0,0.5212145046997069,True,PUT,2026-09-18,PLTR
PLTR260918P00165000,165.0,34.0,34.05,34.2,55.0,4927.0,0.5178270874023438,True,PUT,2026-09-18,PLTR
PLTR260918P00170000,170.0,37.2,37.2,37.45,31.0,4363.0,0.5132494964599608,True,PUT,2026-09-18,PLTR
PLTR260918P00175000,175.0,40.35,40.6,40.8,52.0,1075.0,0.5096484582519532,True,PUT,2026-09-18,PLTR
PLTR260918P00180000,180.0,43.85,44.05,44.25,384.0,2229.0,0.5050098327636718,True,PUT,2026-09-18,PLTR
PLTR260918P00185000,185.0,47.63,47.65,47.85,51.0,2497.0,0.501103621826172,True,PUT,2026-09-18,PLTR
PLTR260918P00190000,190.0,51.55,51.35,51.55,5.0,521.0,0.4991505163574219,True,PUT,2026-09-18,PLTR
PLTR261120C00105000,105.0,57.7,58.3,58.75,12.0,21.0,0.7006865869140625,True,CALL,2026-11-20,PLTR
PLTR261120C00110000,110.0,54.57,54.75,55.4,31.0,7.0,0.6868927795410158,True,CALL,2026-11-20,PLTR
PLTR261120C00115000,115.0,50.38,51.7,53.1,26.0,33.0,0.6900360586547852,True,CALL,2026-11-20,PLTR
PLTR261120C00120000,120.0,48.67,48.6,49.2,15.0,46.0,0.670474486694336,True,CALL,2026-11-20,PLTR
PLTR261120C00125000,125.0,46.95,45.7,46.05,2.0,48.0,0.6601291311645509,True,CALL,2026-11-20,PLTR
PLTR261120C00130000,130.0,43.19,42.8,43.6,5.0,53.0,0.6552158502197267,True,CALL,2026-11-20,PLTR
PLTR261120C00135000,135.0,40.7,40.15,40.8,9.0,199.0,0.6469151519775391,True,CALL,2026-11-20,PLTR
PLTR261120C00140000,140.0,38.25,37.65,38.05,12.0,56.0,0.6385534191894531,True,CALL,2026-11-20,PLTR
PLTR261120C00145000,145.0,35.5,35.35,36.0,32.0,51.0,0.6370885900878906,True,CALL,2026-11-20,PLTR
PLTR261120C00150000,150.0,33.35,33.2,33.6,77.0,136.0,0.6314734118652343,False,CALL,2026-11-20,PLTR
PLTR261120C00155000,155.0,31.7,31.05,31.75,80.0,113.0,0.629184616394043,False,CALL,2026-11-20,PLTR
PLTR261120C00160000,160.0,29.83,29.3,29.45,30.0,549.0,0.6244544390869142,False,CALL,2026-11-20,PLTR
PLTR261120C00165000,165.0,27.65,27.45,27.65,51.0,240.0,0.6216163327026368,False,CALL,2026-11-20,PLTR
PLTR261120C00170000,170.0,25.75,25.7,25.9,40.0,427.0,0.6184120190429689,False,CALL,2026-11-20,PLTR
PLTR261120C00175000,175.0,24.4,24.1,24.25,35.0,550.0,0.6157875335693359,False,CALL,2026-11-20,PLTR
PLTR261120C00180000,180.0,22.6,22.55,22.7,62.0,480.0,0.612979944458008,False,CALL,2026-11-20,PLTR
PLTR261120C00185000,185.0,21.6,21.15,21.35,20.0,177.0,0.6118202880859377,False,CALL,2026-11-20,PLTR
PLTR261120C00190000,190.0,20.18,19.85,20.0,35.0,542.0,0.6101418380737306,False,CALL,2026-11-20,PLTR
PLTR261120P00105000,105.0,9.83,9.8,9.95,10.0,1771.0,0.5906413006591797,False,PUT,2026-11-20,PLTR
PLTR261120P00110000,110.0,11.4,11.3,11.4,35.0,2127.0,0.5819133605957032,False,PUT,2026-11-20,PLTR
PLTR261120P00115000,115.0,13.0,12.9,13.05,2.0,308.0,0.5739788696289063,False,PUT,2026-11-20,PLTR
PLTR261120P00120000,120.0,14.75,14.65,14.85,39.0,2052.0,0.5667157586669922,False,PUT,2026-11-20,PLTR
PLTR261120P00125000,125.0,16.7,16.6,16.8,37.0,750.0,0.56055126953125,False,PUT,2026-11-20,PLTR
PLTR261120P00130000,130.0,18.75,18.7,18.9,3.0,1765.0,0.554814022216797,False,PUT,2026-11-20,PLTR
PLTR261120P00135000,135.0,21.92,21.0,21.15,42.0,464.0,0.5499312585449221,False,PUT,2026-11-20,PLTR
PLTR261120P00140000,140.0,23.63,23.35,23.55,7.0,1390.0,0.5444381494140625,False,PUT,2026-11-20,PLTR
PLTR261120P00145000,145.0,27.15,25.85,26.05,63.0,247.0,0.5388534884643555,False,PUT,2026-11-20,PLTR
PLTR261120P00150000,150.0,29.65,28.6,28.75,109.0,2650.0,0.5351303811645508,True,PUT,2026-11-20,PLTR
PLTR261120P00155000,155.0,31.51,31.35,31.55,12.0,312.0,0.5299729620361329,True,PUT,2026-11-20,PLTR
PLTR261120P00160000,160.0,34.45,34.3,34.5,18.0,1141.0,0.52579209564209,True,PUT,2026-11-20,PLTR
PLTR261120P00165000,165.0,37.58,37.4,37.6,35.0,580.0,0.5221605401611327,True,PUT,2026-11-20,PLTR
PLTR261120P00170000,170.0,40.85,40.6,40.75,60.0,1011.0,0.5177660528564454,True,PUT,2026-11-20,PLTR
PLTR261120P00175000,175.0,43.72,43.9,44.1,10.0,895.0,0.5141039801025391,True,PUT,2026-11-20,PLTR
PLTR261120P00180000,180.0,38.2,47.35,47.6,3.0,519.0,0.5112353564453125,True,PUT,2026-11-20,PLTR
PLTR261120P00185000,185.0,48.76,50.85,51.1,1.0,134.0,0.5069019036865234,True,PUT,2026-11-20,PLTR
PLTR261120P00190000,190.0,55.68,54.4,54.7,2.0,287.0,0.5021106918334962,True,PUT,2026-11-20,PLTR
PLTR261218C00105000,105.0,58.25,58.9,60.05,1.0,2798.0,0.6944305459594727,True,CALL,2026-12-18,PLTR
PLTR261218C00110000,110.0,54.5,55.3,57.0,4.0,2379.0,0.6829255340576172,True,CALL,2026-12-18,PLTR
PLTR261218C00115000,115.0,52.05,52.6,53.45,5.0,1302.0,0.674075524902344,True,CALL,2026-12-18,PLTR
PLTR261218C00120000,120.0,50.25,49.8,50.35,37.0,971.0,0.6669344830322268,True,CALL,2026-12-18,PLTR
PLTR261218C00125000,125.0,47.7,46.6,47.5,23.0,622.0,0.6559482647705079,True,CALL,2026-12-18,PLTR
PLTR261218C00130000,130.0,44.7,43.95,44.55,4.0,635.0,0.6478001528930665,True,CALL,2026-12-18,PLTR
PLTR261218C00135000,135.0,41.9,41.3,42.05,111.0,344.0,0.6421544573974609,True,CALL,2026-12-18,PLTR
PLTR261218C00140000,140.0,39.5,39.1,39.5,85.0,1103.0,0.6383397982788085,True,CALL,2026-12-18,PLTR
PLTR261218C00145000,145.0,37.2,37.0,37.15,73.0,316.0,0.6353796228027344,True,CALL,2026-12-18,PLTR
PLTR261218C00150000,150.0,34.75,34.7,35.1,180.0,985.0,0.6313513427734375,False,CALL,2026-12-18,PLTR
PLTR261218C00155000,155.0,32.8,32.5,32.95,32.0,504.0,0.6255530609130859,False,CALL,2026-12-18,PLTR
PLTR261218C00160000,160.0,31.2,30.6,30.8,110.0,1837.0,0.6207313317871095,False,CALL,2026-12-18,PLTR
PLTR261218C00165000,165.0,29.3,28.8,29.0,61.0,1133.0,0.618289949951172,False,CALL,2026-12-18,PLTR
PLTR261218C00170000,170.0,27.45,27.1,27.25,124.0,1134.0,0.6155433953857423,False,CALL,2026-12-18,PLTR
PLTR261218C00175000,175.0,25.75,25.45,25.65,82.0,1184.0,0.6130104617309572,False,CALL,2026-12-18,PLTR
PLTR261218C00180000,180.0,23.99,23.9,24.1,119.0,2394.0,0.6103249417114259,False,CALL,2026-12-18,PLTR
PLTR261218C00185000,185.0,22.55,22.55,22.7,44.0,1946.0,0.6093178717041017,False,CALL,2026-12-18,PLTR
PLTR261218C00190000,190.0,21.23,21.15,21.3,90.0,954.0,0.6065102825927735,False,CALL,2026-12-18,PLTR
PLTR261218P00105000,105.0,10.57,10.5,10.65,69.0,1025.0,0.5836223278808592,False,PUT,2026-12-18,PLTR
PLTR261218P00110000,110.0,12.07,12.05,12.15,34.0,1197.0,0.5752300778198242,False,PUT,2026-12-18,PLTR
PLTR261218P00115000,115.0,13.82,13.7,13.85,73.0,629.0,0.5676923114013672,False,PUT,2026-12-18,PLTR
PLTR261218P00120000,120.0,15.6,15.55,15.7,1671.0,3269.0,0.5613447186279297,False,PUT,2026-12-18,PLTR
PLTR261218P00125000,125.0,17.48,17.5,17.7,155.0,823.0,0.5550581604003908,False,PUT,2026-12-18,PLTR
PLTR261218P00130000,130.0,19.76,19.65,19.8,68.0,3184.0,0.5492293612670901,False,PUT,2026-12-18,PLTR
PLTR261218P00135000,135.0,21.95,21.9,22.05,43.0,3157.0,0.5434005621337892,False,PUT,2026-12-18,PLTR
PLTR261218P00140000,140.0,24.25,24.3,24.45,47.0,1149.0,0.5380905566406251,False,PUT,2026-12-18,PLTR
PLTR261218P00145000,145.0,26.89,26.85,27.0,138.0,571.0,0.5332383102416992,False,PUT,2026-12-18,PLTR
PLTR261218P00150000,150.0,29.55,29.55,29.75,949.0,2704.0,0.5293320993041993,True,PUT,2026-12-18,PLTR
PLTR261218P00155000,155.0,32.45,32.35,32.6,27.0,1536.0,0.5250596810913085,True,PUT,2026-12-18,PLTR
PLTR261218P00160000,160.0,35.28,35.3,35.5,68.0,2273.0,0.5204210556030272,True,PUT,2026-12-18,PLTR
PLTR261218P00165000,165.0,39.15,38.4,38.6,10.0,576.0,0.516881051940918,True,PUT,2026-12-18,PLTR
PLTR261218P00170000,170.0,41.55,41.55,41.8,11.0,849.0,0.5127001855468749,True,PUT,2026-12-18,PLTR
PLTR261218P00175000,175.0,44.78,44.85,45.1,27.0,741.0,0.5088244918823243,True,PUT,2026-12-18,PLTR
PLTR261218P00180000,180.0,48.2,48.3,48.5,53.0,1285.0,0.5053150054931641,True,PUT,2026-12-18,PLTR
PLTR261218P00185000,185.0,53.25,51.8,52.05,1.0,418.0,0.5018360363769532,True,PUT,2026-12-18,PLTR
PLTR261218P00190000,190.0,55.18,55.4,55.65,12.0,298.0,0.5003101727294923,True,PUT,2026-12-18,PLTR
PLTR270115C00105000,105.0,60.7,60.35,60.75,26.0,1425.0,0.6927215786743165,True,CALL,2027-01-15,PLTR
PLTR270115C00110000,110.0,57.74,56.65,57.65,34.0,1893.0,0.6785005294799805,True,CALL,2027-01-15,PLTR
PLTR270115C00115000,115.0,54.7,53.85,54.6,59.0,551.0,0.6732820758056643,True,CALL,2027-01-15,PLTR
PLTR270115C00120000,120.0,51.5,50.75,51.55,104.0,5596.0,0.6626010302734376,True,CALL,2027-01-15,PLTR
PLTR270115C00125000,125.0,48.47,48.0,48.75,62.0,3627.0,0.6562839547729493,True,CALL,2027-01-15,PLTR
PLTR270115C00130000,130.0,45.8,45.35,45.9,50.0,1016.0,0.6484715328979492,True,CALL,2027-01-15,PLTR
PLTR270115C00135000,135.0,43.6,42.75,43.3,66.0,503.0,0.641727215576172,True,CALL,2027-01-15,PLTR
PLTR270115C00140000,140.0,40.8,40.4,40.95,139.0,1050.0,0.6378820391845703,True,CALL,2027-01-15,PLTR
PLTR270115C00145000,145.0,38.8,38.05,38.65,74.0,2835.0,0.6326330682373047,True,CALL,2027-01-15,PLTR
PLTR270115C00150000,150.0,36.15,36.05,36.4,1325.0,9862.0,0.6292761682128907,False,CALL,2027-01-15,PLTR
PLTR270115C00155000,155.0,34.25,33.8,34.25,120.0,2476.0,0.6228675408935547,False,CALL,2027-01-15,PLTR
PLTR270115C00160000,160.0,32.45,32.1,32.3,183.0,6250.0,0.6214637463378907,False,CALL,2027-01-15,PLTR
PLTR270115C00165000,165.0,30.48,30.2,30.4,104.0,1517.0,0.6171913281250001,False,CALL,2027-01-15,PLTR
PLTR270115C00170000,170.0,29.05,28.5,28.7,378.0,2068.0,0.6148414981079101,False,CALL,2027-01-15,PLTR
PLTR270115C00175000,175.0,26.9,26.9,27.05,76.0,2440.0,0.6123695989990237,False,CALL,2027-01-15,PLTR
PLTR270115C00180000,180.0,25.7,25.35,25.5,216.0,3117.0,0.6097756307983401,False,CALL,2027-01-15,PLTR
PLTR270115C00185000,185.0,24.23,23.9,24.05,75.0,3141.0,0.6076089044189454,False,CALL,2027-01-15,PLTR
PLTR270115C00190000,190.0,22.8,22.55,22.7,165.0,1697.0,0.60586941986084,False,CALL,2027-01-15,PLTR
PLTR270115P00105000,105.0,11.3,11.2,11.35,14.0,6924.0,0.57812921875,False,PUT,2027-01-15,PLTR
PLTR270115P00110000,110.0,12.84,12.8,13.0,20.0,7255.0,0.5712323150634766,False,PUT,2027-01-15,PLTR
PLTR270115P00115000,115.0,14.6,14.5,14.65,16.0,1365.0,0.5628400650024415,False,PUT,2027-01-15,PLTR
PLTR270115P00120000,120.0,16.64,16.4,16.6,66.0,3194.0,0.5574385076904298,False,PUT,2027-01-15,PLTR
PLTR270115P00125000,125.0,18.52,18.45,18.6,34.0,3171.0,0.5515181567382813,False,PUT,2027-01-15,PLTR
PLTR270115P00130000,130.0,20.73,20.55,20.75,75.0,2850.0,0.5451705639648439,False,PUT,2027-01-15,PLTR
PLTR270115P00135000,135.0,22.85,22.9,23.05,1058.0,1281.0,0.5403488348388674,False,PUT,2027-01-15,PLTR
PLTR270115P00140000,140.0,25.3,25.3,25.5,58.0,2400.0,0.5351608984375,False,PUT,2027-01-15,PLTR
PLTR270115P00145000,145.0,28.05,27.9,28.1,150.0,1952.0,0.5309495147705079,False,PUT,2027-01-15,PLTR
PLTR270115P00150000,150.0,30.63,30.55,30.75,805.0,7221.0,0.5255174401855469,True,PUT,2027-01-15,PLTR
PLTR270115P00155000,155.0,33.5,33.35,33.6,49.0,830.0,0.5211534701538084,True,PUT,2027-01-15,PLTR
PLTR270115P00160000,160.0,36.59,36.35,36.55,42.0,1899.0,0.5173998455810547,True,PUT,2027-01-15,PLTR
PLTR270115P00165000,165.0,39.8,39.4,39.6,27.0,914.0,0.5130663928222656,True,PUT,2027-01-15,PLTR
PLTR270115P00170000,170.0,42.82,42.55,42.85,92.0,1906.0,0.5094348373413086,True,PUT,2027-01-15,PLTR
PLTR270115P00175000,175.0,46.1,45.85,46.1,66.0,1118.0,0.5053455227661132,True,PUT,2027-01-15,PLTR
PLTR270115P00180000,180.0,49.12,49.2,49.5,14.0,2269.0,0.5012562081909181,True,PUT,2027-01-15,PLTR
PLTR270115P00185000,185.0,54.65,52.7,52.95,2.0,521.0,0.4993946545410156,True,PUT,2027-01-15,PLTR
PLTR270115P00190000,190.0,56.65,56.3,56.6,4.0,1452.0,0.4968312036132813,True,PUT,2027-01-15,PLTR
PLTR270617C00105000,105.0,66.4,66.25,67.4,84.0,731.0,0.7064848687744141,True,CALL,2027-06-17,PLTR
PLTR270617C00110000,110.0,64.2,62.7,64.05,49.0,555.0,0.6874420904541017,True,CALL,2027-06-17,PLTR
PLTR270617C00115000,115.0,60.95,60.7,61.2,13.0,1285.0,0.6869538140869142,True,CALL,2027-06-17,PLTR
PLTR270617C00120000,120.0,58.14,57.75,58.7,57.0,1437.0,0.6792024267578126,True,CALL,2027-06-17,PLTR
PLTR270617C00125000,125.0,56.02,55.0,56.0,34.0,589.0,0.6701998312377931,True,CALL,2027-06-17,PLTR
PLTR270617C00130000,130.0,53.34,52.8,53.35,23.0,1086.0,0.6651339639282229,True,CALL,2027-06-17,PLTR
PLTR270617C00135000,135.0,50.89,50.6,51.0,57.0,1933.0,0.6612277529907228,True,CALL,2027-06-17,PLTR
PLTR270617C00140000,140.0,48.3,48.15,48.65,134.0,3500.0,0.6540561938476563,True,CALL,2027-06-17,PLTR
PLTR270617C00145000,145.0,46.8,45.85,46.6,26.0,376.0,0.6493260165405274,True,CALL,2027-06-17,PLTR
PLTR270617C00150000,150.0,44.15,44.15,44.4,208.0,3313.0,0.6469151519775391,False,CALL,2027-06-17,PLTR
PLTR270617C00155000,155.0,42.56,41.95,42.4,42.0,897.0,0.6411168701171875,False,CALL,2027-06-17,PLTR
PLTR270617C00160000,160.0,40.75,40.1,40.7,133.0,2339.0,0.6391637646484375,False,CALL,2027-06-17,PLTR
PLTR270617C00165000,165.0,38.59,38.4,38.9,21.0,788.0,0.6365087619018556,False,CALL,2027-06-17,PLTR
PLTR270617C00170000,170.0,37.01,36.8,37.1,39.0,2334.0,0.6336096209716797,False,CALL,2027-06-17,PLTR
PLTR270617C00175000,175.0,35.75,35.25,35.5,57.0,853.0,0.631564963684082,False,CALL,2027-06-17,PLTR
PLTR270617C00180000,180.0,34.17,33.65,33.9,19.0,2554.0,0.6282690982055664,False,CALL,2027-06-17,PLTR
PLTR270617C00185000,185.0,32.2,32.15,32.4,95.0,3384.0,0.6255530609130859,False,CALL,2027-06-17,PLTR
PLTR270617C00190000,190.0,31.25,30.85,31.1,23.0,2027.0,0.624851163635254,False,CALL,2027-06-17,PLTR
PLTR270617P00105000,105.0,14.85,15.7,15.9,1.0,3203.0,0.5777324942016601,False,PUT,2027-06-17,PLTR
PLTR270617P00110000,110.0,18.39,17.5,17.7,25.0,1899.0,0.5698285205078125,False,PUT,2027-06-17,PLTR
PLTR270617P00115000,115.0,20.19,19.45,19.7,11.0,604.0,0.5634504104614259,False,PUT,2027-06-17,PLTR
PLTR270617P00120000,120.0,22.46,21.55,21.8,14.0,2109.0,0.5575605767822267,False,PUT,2027-06-17,PLTR
PLTR270617P00125000,125.0,23.9,23.75,24.0,27.0,1136.0,0.5517012603759766,False,PUT,2027-06-17,PLTR
PLTR270617P00130000,130.0,26.1,26.1,26.3,81.0,1040.0,0.546299703063965,False,PUT,2027-06-17,PLTR
PLTR270617P00135000,135.0,28.55,28.55,28.8,25.0,743.0,0.5417526293945314,False,PUT,2027-06-17,PLTR
PLTR270617P00140000,140.0,31.05,31.1,31.3,37.0,1826.0,0.5364426239013673,False,PUT,2027-06-17,PLTR
PLTR270617P00145000,145.0,33.9,33.75,34.05,38.0,514.0,0.5323533093261719,False,PUT,2027-06-17,PLTR
PLTR270617P00150000,150.0,36.65,36.5,36.8,29.0,1415.0,0.5276231320190431,True,PUT,2027-06-17,PLTR
PLTR270617P00155000,155.0,40.23,39.4,39.65,14.0,155.0,0.5233507138061523,True,PUT,2027-06-17,PLTR
PLTR270617P00160000,160.0,42.35,42.35,42.65,6.0,2127.0,0.5192308819580078,True,PUT,2027-06-17,PLTR
PLTR270617P00165000,165.0,45.37,45.4,45.7,23.0,239.0,0.5149584637451172,True,PUT,2027-06-17,PLTR
PLTR270617P00170000,170.0,42.38,48.55,48.9,1.0,365.0,0.5112353564453125,True,PUT,2027-06-17,PLTR
PLTR270617P00175000,175.0,44.5,51.8,52.15,1.0,190.0,0.5073901800537108,True,PUT,2027-06-17,PLTR
PLTR270617P00180000,180.0,57.03,55.15,55.45,3.0,402.0,0.5034534518432617,True,PUT,2027-06-17,PLTR
PLTR270617P00185000,185.0,60.22,58.6,58.9,1.0,462.0,0.50020336227417,True,PUT,2027-06-17,PLTR
PLTR270617P00190000,190.0,55.06,62.05,62.45,2.0,74.0,0.49945568908691407,True,PUT,2027-06-17,PLTR
PLTR271217C00105000,105.0,80.58,71.55,72.9,10.0,784.0,0.6993438269042969,True,CALL,2027-12-17,PLTR
PLTR271217C00110000,110.0,69.57,69.3,70.55,9.0,824.0,0.6981841705322267,True,CALL,2027-12-17,PLTR
PLTR271217C00115000,115.0,67.1,66.35,68.5,4.0,322.0,0.6923553713989258,True,CALL,2027-12-17,PLTR
PLTR271217C00120000,120.0,64.85,64.4,64.95,12.0,1059.0,0.681613291320801,True,CALL,2027-12-17,PLTR
PLTR271217C00125000,125.0,62.5,61.9,62.7,15.0,1605.0,0.6759370785522462,True,CALL,2027-12-17,PLTR
PLTR271217C00130000,130.0,60.45,59.6,60.35,19.0,948.0,0.6700777621459962,True,CALL,2027-12-17,PLTR
PLTR271217C00135000,135.0,58.21,57.45,58.2,10.0,2688.0,0.6658968957519533,True,CALL,2027-12-17,PLTR
PLTR271217C00140000,140.0,55.68,55.4,56.05,21.0,1072.0,0.6615481843566897,True,CALL,2027-12-17,PLTR
PLTR271217C00145000,145.0,54.1,53.3,53.95,49.0,1384.0,0.6563755065917969,True,CALL,2027-12-17,PLTR
PLTR271217C00150000,150.0,51.65,51.55,52.05,99.0,1808.0,0.654147745666504,False,CALL,2027-12-17,PLTR
PLTR271217C00155000,155.0,50.0,49.65,50.2,10.0,1439.0,0.6504551556396485,False,CALL,2027-12-17,PLTR
PLTR271217C00160000,160.0,48.25,47.9,48.6,26.0,1138.0,0.6486546365356446,False,CALL,2027-12-17,PLTR
PLTR271217C00165000,165.0,46.59,46.05,46.7,9.0,2009.0,0.6435277346801759,False,CALL,2027-12-17,PLTR
PLTR271217C00170000,170.0,45.2,44.5,45.05,57.0,745.0,0.6412999737548828,False,CALL,2027-12-17,PLTR
PLTR271217C00175000,175.0,42.94,42.85,43.5,27.0,1531.0,0.6383855741882323,False,CALL,2027-12-17,PLTR
PLTR271217C00180000,180.0,42.14,41.4,42.0,36.0,1773.0,0.6364172100830079,False,CALL,2027-12-17,PLTR
PLTR271217C00185000,185.0,40.18,40.05,40.35,13.0,878.0,0.633518069152832,False,CALL,2027-12-17,PLTR
PLTR271217C00190000,190.0,38.75,38.75,39.0,18.0,1317.0,0.632236343688965,False,CALL,2027-12-17,PLTR
PLTR271217P00105000,105.0,20.35,19.6,19.85,1.0,1729.0,0.5638471350097658,False,PUT,2027-12-17,PLTR
PLTR271217P00110000,110.0,21.75,21.65,21.85,4.0,2444.0,0.5573164385986329,False,PUT,2027-12-17,PLTR
PLTR271217P00115000,115.0,24.7,23.8,24.0,9.0,2255.0,0.5514876394653321,False,PUT,2027-12-17,PLTR
PLTR271217P00120000,120.0,27.0,26.05,26.35,2.0,2438.0,0.5466659103393555,False,PUT,2027-12-17,PLTR
PLTR271217P00125000,125.0,26.54,28.4,28.7,3.0,2031.0,0.5412948703002932,False,PUT,2027-12-17,PLTR
PLTR271217P00130000,130.0,30.95,30.9,31.15,237.0,2304.0,0.5365646929931642,False,PUT,2027-12-17,PLTR
PLTR271217P00135000,135.0,34.23,33.45,33.7,1.0,1267.0,0.5316971879577637,False,PUT,2027-12-17,PLTR
PLTR271217P00140000,140.0,36.38,36.05,36.4,55.0,2053.0,0.5271043383789062,False,PUT,2027-12-17,PLTR
PLTR271217P00145000,145.0,38.99,38.85,39.15,10.0,417.0,0.5231065756225585,False,PUT,2027-12-17,PLTR
PLTR271217P00150000,150.0,41.79,41.65,42.0,32.0,1016.0,0.5187426055908204,True,PUT,2027-12-17,PLTR
PLTR271217P00155000,155.0,41.74,44.55,44.9,2.0,766.0,0.5143786355590819,True,PUT,2027-12-17,PLTR
PLTR271217P00160000,160.0,49.0,47.55,47.9,18.0,1035.0,0.5103198382568359,True,PUT,2027-12-17,PLTR
PLTR271217P00165000,165.0,50.5,50.65,51.0,1.0,1592.0,0.5065967309570312,True,PUT,2027-12-17,PLTR
PLTR271217P00170000,170.0,53.85,53.85,54.2,31.0,844.0,0.5032398309326171,True,PUT,2027-12-17,PLTR
PLTR271217P00175000,175.0,57.13,57.1,57.45,55.0,657.0,0.5017750018310547,True,PUT,2027-12-17,PLTR
PLTR271217P00180000,180.0,60.6,60.4,60.75,9.0,670.0,0.4979298254394532,True,PUT,2027-12-17,PLTR
PLTR271217P00185000,185.0,59.84,63.7,64.15,2.0,474.0,0.49451189086914066,True,PUT,2027-12-17,PLTR
PLTR271217P00190000,190.0,61.7,67.2,67.6,1.0,105.0,0.4909413699340821,True,PUT,2027-12-17,PLTR
PLTR280121C00105000,105.0,73.1,72.15,73.5,3.0,161.0,0.6924469232177735,True,CALL,2028-01-21,PLTR
PLTR280121C00110000,110.0,71.0,69.55,71.25,7.0,175.0,0.6888764022827151,True,CALL,2028-01-21,PLTR
PLTR280121C00115000,115.0,68.25,67.65,68.65,8.0,129.0,0.6868622622680666,True,CALL,2028-01-21,PLTR
PLTR280121C00120000,120.0,65.35,65.35,66.0,7.0,352.0,0.6801789794921876,True,CALL,2028-01-21,PLTR
PLTR280121C00125000,125.0,70.75,62.3,63.9,5.0,291.0,0.6712069012451174,True,CALL,2028-01-21,PLTR
PLTR280121C00130000,130.0,59.59,60.05,61.95,8.0,410.0,0.6683993121337892,True,CALL,2028-01-21,PLTR
PLTR280121C00135000,135.0,58.95,58.35,59.25,13.0,298.0,0.6632418930053713,True,CALL,2028-01-21,PLTR
PLTR280121C00140000,140.0,56.81,56.45,57.05,22.0,630.0,0.6593661993408204,True,CALL,2028-01-21,PLTR
PLTR280121C00145000,145.0,54.95,54.3,55.3,36.0,157.0,0.6560550752258303,True,CALL,2028-01-21,PLTR
PLTR280121C00150000,150.0,53.25,52.55,53.15,89.0,836.0,0.6519505020141602,False,CALL,2028-01-21,PLTR
PLTR280121C00155000,155.0,51.0,50.7,51.45,57.0,269.0,0.649417568359375,False,CALL,2028-01-21,PLTR
PLTR280121C00160000,160.0,49.31,48.8,49.45,34.0,710.0,0.6439244592285156,False,CALL,2028-01-21,PLTR
PLTR280121C00165000,165.0,47.67,47.1,48.0,156.0,1087.0,0.6425664405822755,False,CALL,2028-01-21,PLTR
PLTR280121C00170000,170.0,46.14,45.5,46.05,44.0,560.0,0.6380346255493164,False,CALL,2028-01-21,PLTR
PLTR280121C00175000,175.0,43.95,44.0,44.65,48.0,592.0,0.6369054864501953,False,CALL,2028-01-21,PLTR
PLTR280121C00180000,180.0,43.0,42.5,43.2,449.0,1175.0,0.6348760877990725,False,CALL,2028-01-21,PLTR
PLTR280121C00185000,185.0,41.5,41.2,41.5,427.0,974.0,0.6319616882324219,False,CALL,2028-01-21,PLTR
PLTR280121C00190000,190.0,40.25,39.85,40.15,32.0,1015.0,0.6303137554931642,False,CALL,2028-01-21,PLTR
PLTR280121P00105000,105.0,20.25,20.05,20.3,1.0,683.0,0.5576826458740236,False,PUT,2028-01-21,PLTR
PLTR280121P00110000,110.0,23.1,22.1,22.4,1032.0,4470.0,0.551762294921875,False,PUT,2028-01-21,PLTR
PLTR280121P00115000,115.0,24.57,24.3,24.6,1030.0,870.0,0.5465133239746094,False,PUT,2028-01-21,PLTR
PLTR280121P00120000,120.0,26.68,26.55,26.85,89.0,1970.0,0.5407455593872071,False,PUT,2028-01-21,PLTR
PLTR280121P00125000,125.0,29.1,29.0,29.25,13.0,586.0,0.5363205548095704,False,PUT,2028-01-21,PLTR
PLTR280121P00130000,130.0,32.5,31.45,31.7,2.0,1884.0,0.5310715838623048,False,PUT,2028-01-21,PLTR
PLTR280121P00135000,135.0,35.02,34.0,34.3,116.0,1837.0,0.5264634756469727,False,PUT,2028-01-21,PLTR
PLTR280121P00140000,140.0,38.0,36.7,36.95,3.0,1621.0,0.5221300228881834,False,PUT,2028-01-21,PLTR
PLTR280121P00145000,145.0,39.47,39.45,39.75,1.0,1161.0,0.5180712255859375,False,PUT,2028-01-21,PLTR
PLTR280121P00150000,150.0,42.35,42.25,42.65,179.0,1650.0,0.5139819110107422,True,PUT,2028-01-21,PLTR
PLTR280121P00155000,155.0,43.0,45.2,45.55,26.0,711.0,0.509892596435547,True,PUT,2028-01-21,PLTR
PLTR280121P00160000,160.0,48.28,48.2,48.55,94.0,240.0,0.5058185404968261,True,PUT,2028-01-21,PLTR
PLTR280121P00165000,165.0,52.43,51.3,51.7,75.0,1115.0,0.5024158645629884,True,PUT,2028-01-21,PLTR
PLTR280121P00170000,170.0,54.59,54.5,54.9,7.0,1378.0,0.5014698291015626,True,PUT,2028-01-21,PLTR
PLTR280121P00175000,175.0,57.67,57.75,58.15,2.0,478.0,0.49786879089355474,True,PUT,2028-01-21,PLTR
PLTR280121P00180000,180.0,61.25,61.05,61.5,12.0,578.0,0.49469499450683596,True,PUT,2028-01-21,PLTR
PLTR280121P00185000,185.0,64.5,64.5,64.9,3.0,484.0,0.49133809448242194,True,PUT,2028-01-21,PLTR
PLTR280121P00190000,190.0,69.52,67.9,68.3,2.0,272.0,0.4872487799072266,True,PUT,2028-01-21,PLTR
PLTR281215C00105000,105.0,81.9,79.35,82.85,5.0,173.0,0.6930267514038085,True,CALL,2028-12-15,PLTR
PLTR281215C00110000,110.0,78.97,77.95,80.45,2.0,196.0,0.6929962341308593,True,CALL,2028-12-15,PLTR
PLTR281215C00115000,115.0,75.25,75.6,76.95,10.0,47.0,0.6779207012939454,True,CALL,2028-12-15,PLTR
PLTR281215C00120000,120.0,74.8,73.5,74.85,38.0,276.0,0.673800869445801,True,CALL,2028-12-15,PLTR
PLTR281215C00125000,125.0,71.25,70.7,73.2,2.0,242.0,0.6674227593994142,True,CALL,2028-12-15,PLTR
PLTR281215C00130000,130.0,69.44,68.8,70.65,9.0,111.0,0.6605868902587892,True,CALL,2028-12-15,PLTR
PLTR281215C00135000,135.0,67.52,67.55,69.0,5.0,54.0,0.6627536166381837,True,CALL,2028-12-15,PLTR
PLTR281215C00140000,140.0,65.5,65.5,66.65,39.0,185.0,0.6551853329467775,True,CALL,2028-12-15,PLTR
PLTR281215C00145000,145.0,65.0,63.05,65.0,29.0,129.0,0.6490208438110351,True,CALL,2028-12-15,PLTR
PLTR281215C00150000,150.0,63.0,61.85,63.4,86.0,462.0,0.6499058447265625,False,CALL,2028-12-15,PLTR
PLTR281215C00155000,155.0,61.3,59.55,61.55,25.0,65.0,0.6425664405822755,False,CALL,2028-12-15,PLTR
PLTR281215C00160000,160.0,59.49,58.5,59.5,43.0,152.0,0.6407354042053224,False,CALL,2028-12-15,PLTR
PLTR281215C00165000,165.0,57.86,56.6,58.85,21.0,96.0,0.6414373014831543,False,CALL,2028-12-15,PLTR
PLTR281215C00170000,170.0,56.43,55.75,56.6,36.0,245.0,0.63867548828125,False,CALL,2028-12-15,PLTR
PLTR281215C00175000,175.0,54.85,54.25,55.1,10.0,322.0,0.6360204855346681,False,CALL,2028-12-15,PLTR
PLTR281215C00180000,180.0,53.6,52.85,53.7,26.0,337.0,0.6340673800659181,False,CALL,2028-12-15,PLTR
PLTR281215C00185000,185.0,51.95,50.95,54.0,15.0,313.0,0.6379888496398927,False,CALL,2028-12-15,PLTR
PLTR281215C00190000,190.0,50.8,49.6,51.5,19.0,110.0,0.6297949618530273,False,CALL,2028-12-15,PLTR
PLTR281215P00105000,105.0,22.0,24.4,25.0,2.0,165.0,0.5260667510986328,False,PUT,2028-12-15,PLTR
PLTR281215P00110000,110.0,27.48,26.7,27.25,3.0,641.0,0.5210314010620116,False,PUT,2028-12-15,PLTR
PLTR281215P00115000,115.0,26.1,29.05,29.65,1.0,10.0,0.516331741027832,False,PUT,2028-12-15,PLTR
PLTR281215P00120000,120.0,32.68,31.45,32.05,8.0,1124.0,0.5110827700805664,False,PUT,2028-12-15,PLTR
PLTR281215P00125000,125.0,34.43,34.05,34.6,115.0,503.0,0.5071460418701172,False,PUT,2028-12-15,PLTR
PLTR281215P00130000,130.0,35.6,36.7,37.2,7.0,23.0,0.5029651754760743,False,PUT,2028-12-15,PLTR
PLTR281215P00135000,135.0,39.67,39.25,39.85,1.0,540.0,0.5011646563720704,False,PUT,2028-12-15,PLTR
PLTR281215P00140000,140.0,42.28,42.05,42.7,6.0,950.0,0.4979603427124024,False,PUT,2028-12-15,PLTR
PLTR281215P00145000,145.0,45.29,44.9,45.55,11.0,108.0,0.4940236145019532,False,PUT,2028-12-15,PLTR
PLTR281215P00150000,150.0,48.02,47.8,48.5,61.0,417.0,0.4904836108398438,True,PUT,2028-12-15,PLTR
PLTR281215P00155000,155.0,52.37,50.8,51.55,4.0,349.0,0.4873708489990235,True,PUT,2028-12-15,PLTR
PLTR281215P00160000,160.0,54.18,53.95,54.55,777.0,168.0,0.4830679135131837,True,PUT,2028-12-15,PLTR
PLTR281215P00165000,165.0,57.0,57.1,57.7,96.0,442.0,0.47975678939819333,True,PUT,2028-12-15,PLTR
PLTR281215P00170000,170.0,60.79,60.2,60.95,12.0,256.0,0.47685764846801754,True,PUT,2028-12-15,PLTR
PLTR281215P00175000,175.0,61.71,63.6,64.25,9.0,219.0,0.47391273162841796,True,PUT,2028-12-15,PLTR
PLTR281215P00180000,180.0,68.0,66.9,67.55,11.0,181.0,0.4704032452392578,True,PUT,2028-12-15,PLTR
PLTR281215P00185000,185.0,70.05,70.25,70.9,1.0,45.0,0.4668632415771484,True,PUT,2028-12-15,PLTR
PLTR281215P00190000,190.0,73.98,73.75,74.4,23.0,46.0,0.4643150492858887,True,PUT,2028-12-15,PLTR
PLUG260130C00002000,2.0,0.37,0.34,0.39,308.0,2615.0,1.6875015625,True,CALL,2026-01-30,PLUG
PLUG260130C00002500,2.5,0.04,0.03,0.04,4102.0,27900.0,1.2500037499999999,False,CALL,2026-01-30,PLUG
PLUG260130C00003000,3.0,0.01,0.0,0.01,626.0,42588.0,1.75000125,False,CALL,2026-01-30,PLUG
PLUG260130P00002000,2.0,0.01,0.0,0.01,2322.0,8269.0,1.3750031249999999,False,PUT,2026-01-30,PLUG
PLUG260130P00002500,2.5,0.15,0.15,0.18,721.0,3818.0,0.937500625,True,PUT,2026-01-30,PLUG
PLUG260130P00003000,3.0,0.67,0.6,0.68,41.0,229.0,2.7812530468750003,True,PUT,2026-01-30,PLUG
PLUG260206C00002000,2.0,0.4,0.38,0.43,103.0,912.0,1.2968785156249998,True,CALL,2026-02-06,PLUG
PLUG260206C00002500,2.5,0.12,0.11,0.13,2314.0,8788.0,1.21875390625,False,CALL,2026-02-06,PLUG
PLUG260206C00003000,3.0,0.04,0.04,0.05,12939.0,35700.0,1.46875265625,False,CALL,2026-02-06,PLUG
PLUG260206P00002000,2.0,0.03,0.02,0.03,1362.0,12434.0,0.9687503125,False,PUT,2026-02-06,PLUG
PLUG260206P00002500,2.5,0.25,0.23,0.24,487.0,1935.0,0.98437515625,True,PUT,2026-02-06,PLUG
PLUG260206P00003000,3.0,0.72,0.66,0.72,4.0,109.0,1.4375028125,True,PUT,2026-02-06,PLUG
PLUG260213C00002000,2.0,0.42,0.41,0.49,33.0,496.0,1.2890660546875,True,CALL,2026-02-13,PLUG
PLUG260213C00002500,2.5,0.15,0.15,0.19,1331.0,2945.0,1.171879140625,False,CALL,2026-02-13,PLUG
PLUG260213C00003000,3.0,0.07,0.05,0.07,2648.0,6479.0,1.203128984375,False,CALL,2026-02-13,PLUG
PLUG260213P00002000,2.0,0.06,0.04,0.07,89.0,1383.0,0.98437515625,False,PUT,2026-02-13,PLUG
PLUG260213P00002500,2.5,0.29,0.27,0.32,12.0,413.0,1.0546922265625,True,PUT,2026-02-13,PLUG
PLUG260213P00003000,3.0,0.68,0.65,0.73,6.0,59.0,1.0781296093750001,True,PUT,2026-02-13,PLUG
PLUG260220C00002000,2.0,0.45,0.42,0.47,420.0,4322.0,1.0468797656250002,True,CALL,2026-02-20,PLUG
PLUG260220C00002500,2.5,0.2,0.2,0.22,1136.0,30539.0,1.1484417578125,False,CALL,2026-02-20,PLUG
PLUG260220C00003000,3.0,0.09,0.08,0.09,1429.0,25263.0,1.1484417578125,False,CALL,2026-02-20,PLUG
PLUG260220P00002000,2.0,0.09,0.07,0.1,150.0,4409.0,1.000005,False,PUT,2026-02-20,PLUG
PLUG260220P00002500,2.5,0.32,0.3,0.33,143.0,14599.0,0.9609378906249999,True,PUT,2026-02-20,PLUG
PLUG260220P00003000,3.0,0.76,0.69,0.76,1.0,1324.0,1.109379453125,True,PUT,2026-02-20,PLUG
PLUG260227C00002000,2.0,0.48,0.45,0.55,172.0,445.0,1.1796916015624999,True,CALL,2026-02-27,PLUG
PLUG260227C00002500,2.5,0.24,0.22,0.27,33.0,947.0,1.1328168359375002,False,CALL,2026-02-27,PLUG
PLUG260227C00003000,3.0,0.12,0.11,0.13,781.0,2134.0,1.1640666796875,False,CALL,2026-02-27,PLUG
PLUG260227P00002000,2.0,0.11,0.09,0.12,48.0,2251.0,0.9765627343750001,False,PUT,2026-02-27,PLUG
PLUG260227P00002500,2.5,0.25,0.33,0.4,1.0,374.0,1.0312548437500002,True,PUT,2026-02-27,PLUG
PLUG260227P00003000,3.0,0.62,0.71,0.99,7.0,39.0,1.5000025,True,PUT,2026-02-27,PLUG
PLUG260306C00002000,2.0,0.54,0.48,0.55,10.0,31.0,1.125004375,True,CALL,2026-03-06,PLUG
PLUG260306C00002500,2.5,0.29,0.25,0.3,92.0,480.0,1.125004375,False,CALL,2026-03-06,PLUG
PLUG260306C00003000,3.0,0.15,0.12,0.15,23.0,658.0,1.109379453125,False,CALL,2026-03-06,PLUG
PLUG260306P00002000,2.0,0.12,0.11,0.2,37.0,175.0,1.0859420703125,False,PUT,2026-03-06,PLUG
PLUG260306P00002500,2.5,0.4,0.37,0.46,15.0,47.0,1.09375453125,True,PUT,2026-03-06,PLUG
PLUG260306P00003000,3.0,0.85,0.73,0.85,1.0,26.0,1.1328168359375002,True,PUT,2026-03-06,PLUG
PLUG260320C00002000,2.0,0.55,0.53,0.62,129.0,16227.0,1.1640666796875,True,CALL,2026-03-20,PLUG
PLUG260320C00002500,2.5,0.33,0.34,0.35,1023.0,15622.0,1.15625421875,False,CALL,2026-03-20,PLUG
PLUG260320C00003000,3.0,0.2,0.19,0.2,527.0,30255.0,1.1328168359375002,False,CALL,2026-03-20,PLUG
PLUG260320P00002000,2.0,0.18,0.17,0.19,215.0,5580.0,1.015629921875,False,PUT,2026-03-20,PLUG
PLUG260320P00002500,2.5,0.46,0.43,0.47,21.0,3546.0,1.0312548437500002,True,PUT,2026-03-20,PLUG
PLUG260320P00003000,3.0,0.69,0.79,0.88,42.0,1648.0,1.1054732226562503,True,PUT,2026-03-20,PLUG
PLUG260618C00002000,2.0,0.76,0.73,0.79,862.0,14269.0,1.0742233789062503,True,CALL,2026-06-18,PLUG
PLUG260618C00002500,2.5,0.55,0.53,0.58,344.0,7442.0,1.0625046875000002,False,CALL,2026-06-18,PLUG
PLUG260618C00003000,3.0,0.42,0.4,0.44,381.0,9438.0,1.0742233789062503,False,CALL,2026-06-18,PLUG
PLUG260618P00002000,2.0,0.35,0.37,0.39,109.0,15848.0,1.015629921875,False,PUT,2026-06-18,PLUG
PLUG260618P00002500,2.5,0.65,0.65,0.71,4.0,4635.0,1.01953615234375,True,PUT,2026-06-18,PLUG
PLUG260618P00003000,3.0,0.91,1.0,1.09,38.0,1790.0,1.0351610742187503,True,PUT,2026-06-18,PLUG
PLUG260918C00002000,2.0,0.87,0.87,0.93,2.0,77.0,1.05859845703125,True,CALL,2026-09-18,PLUG
PLUG260918C00002500,2.5,0.7,0.71,0.75,11.0,190.0,1.0703171484375003,False,CALL,2026-09-18,PLUG
PLUG260918C00003000,3.0,0.62,0.58,0.62,1.0,243.0,1.0781296093750001,False,CALL,2026-09-18,PLUG
PLUG260918P00002000,2.0,0.53,0.49,0.52,1.0,109.0,0.9882813671875,False,PUT,2026-09-18,PLUG
PLUG260918P00002500,2.5,0.76,0.81,0.87,11.0,41.0,1.015629921875,True,PUT,2026-09-18,PLUG
PLUG260918P00003000,3.0,1.13,1.16,1.24,14.0,14.0,1.01172369140625,True,PUT,2026-09-18,PLUG
PLUG270115C00002000,2.0,1.06,1.01,1.07,107.0,20181.0,1.0468797656250002,True,CALL,2027-01-15,PLUG
PLUG270115C00002500,2.5,0.84,0.85,0.91,73.0,7702.0,1.0468797656250002,False,CALL,2027-01-15,PLUG
PLUG270115C00003000,3.0,0.76,0.73,0.76,289.0,22050.0,1.0371141894531253,False,CALL,2027-01-15,PLUG
PLUG270115P00002000,2.0,0.61,0.62,0.7,6.0,7966.0,1.0078174609375,False,PUT,2027-01-15,PLUG
PLUG270115P00002500,2.5,0.9,0.95,1.02,40.0,2506.0,0.9941406835937501,True,PUT,2027-01-15,PLUG
PLUG270115P00003000,3.0,1.35,1.31,1.57,10.0,2119.0,1.08984830078125,True,PUT,2027-01-15,PLUG
PLUG280121C00002000,2.0,1.36,1.32,1.41,13.0,4482.0,1.0605515722656251,True,CALL,2028-01-21,PLUG
PLUG280121C00002500,2.5,1.2,1.14,1.26,56.0,8868.0,1.015629921875,False,CALL,2028-01-21,PLUG
PLUG280121C00003000,3.0,1.1,1.1,1.16,49.0,12769.0,1.0449266503906252,False,CALL,2028-01-21,PLUG
PLUG280121P00002000,2.0,0.93,0.9,0.93,11.0,2011.0,0.95507857421875,False,PUT,2028-01-21,PLUG
PLUG280121P00002500,2.5,1.3,1.23,1.36,50.0,1349.0,0.9648441015625,True,PUT,2028-01-21,PLUG
PLUG280121P00003000,3.0,1.63,1.59,1.74,17.0,7693.0,0.945313046875,True,PUT,2028-01-21,PLUG
PONY260130C00010500,10.5,5.33,3.6,5.2,1.0,4.0,5.328128339843749,True,CALL,2026-01-30,PONY
PONY260130C00011000,11.0,4.84,3.2,4.7,3.0,5.0,4.984378769531249,True,CALL,2026-01-30,PONY
PONY260130C00011500,11.5,4.45,2.65,4.2,2.0,15.0,4.375004531249999,True,CALL,2026-01-30,PONY
PONY260130C00012000,12.0,2.93,2.12,3.75,24.0,13.0,3.902343994140625,True,CALL,2026-01-30,PONY
PONY260130C00012500,12.5,2.51,1.69,3.35,24.0,8.0,3.6484383789062504,True,CALL,2026-01-30,PONY
PONY260130C00013000,13.0,1.98,1.08,1.98,1.0,14.0,1.703126484375,True,CALL,2026-01-30,PONY
PONY260130C00013500,13.5,0.88,0.84,1.18,8.0,21.0,1.23047259765625,True,CALL,2026-01-30,PONY
PONY260130C00014000,14.0,0.55,0.5,0.73,7.0,42.0,1.05859845703125,True,CALL,2026-01-30,PONY
PONY260130C00014500,14.5,0.3,0.22,0.46,59.0,136.0,1.0078174609375,False,CALL,2026-01-30,PONY
PONY260130C00015000,15.0,0.15,0.11,0.15,8.0,332.0,0.87500125,False,CALL,2026-01-30,PONY
PONY260130C00015500,15.5,0.08,0.05,0.1,63.0,288.0,0.98437515625,False,CALL,2026-01-30,PONY
PONY260130C00016000,16.0,0.01,0.02,0.03,129.0,364.0,0.9531254687499999,False,CALL,2026-01-30,PONY
PONY260130C00016500,16.5,0.02,0.0,0.02,105.0,3754.0,0.9687503125,False,CALL,2026-01-30,PONY
PONY260130C00017000,17.0,0.03,0.0,0.03,237.0,719.0,1.21875390625,False,CALL,2026-01-30,PONY
PONY260130C00017500,17.5,0.07,0.0,0.07,6.0,381.0,1.609376953125,False,CALL,2026-01-30,PONY
PONY260130C00018000,18.0,0.04,0.0,0.1,15.0,210.0,1.9062504687500001,False,CALL,2026-01-30,PONY
PONY260130C00018500,18.5,0.03,0.0,0.05,2.0,233.0,1.8437507812499998,False,CALL,2026-01-30,PONY
PONY260130P00011000,11.0,0.02,0.0,0.15,20.0,80.0,2.4531288671875,False,PUT,2026-01-30,PONY
PONY260130P00011500,11.5,0.07,0.0,0.68,,48.0,3.3906265234374997,False,PUT,2026-01-30,PONY
PONY260130P00012500,12.5,0.09,0.0,0.75,,10.0,2.6328159179687503,False,PUT,2026-01-30,PONY
PONY260130P00013000,13.0,0.04,0.0,0.75,3.0,11.0,2.183598291015625,False,PUT,2026-01-30,PONY
PONY260130P00013500,13.5,0.11,0.04,0.22,3.0,5.0,1.01172369140625,False,PUT,2026-01-30,PONY
PONY260130P00014000,14.0,0.15,0.14,0.33,6.0,127.0,0.8828136718749999,False,PUT,2026-01-30,PONY
PONY260130P00014500,14.5,0.35,0.39,0.54,11.0,93.0,0.851563984375,True,PUT,2026-01-30,PONY
PONY260130P00015000,15.0,0.75,0.7,0.91,13.0,769.0,0.8281267187499999,True,PUT,2026-01-30,PONY
PONY260130P00015500,15.5,1.25,0.9,1.28,14.0,317.0,1.0468797656250002,True,PUT,2026-01-30,PONY
PONY260130P00016000,16.0,1.68,1.32,1.82,16.0,229.0,1.46875265625,True,PUT,2026-01-30,PONY
PONY260130P00016500,16.5,0.96,1.57,2.32,4.0,68.0,1.7265638671875,True,PUT,2026-01-30,PONY
PONY260130P00017000,17.0,1.31,1.36,2.84,2.0,85.0,2.0468798828125,True,PUT,2026-01-30,PONY
PONY260130P00017500,17.5,3.26,2.67,3.3,53.0,252.0,2.0859422851562495,True,PUT,2026-01-30,PONY
PONY260130P00018000,18.0,3.35,3.05,3.8,1.0,6.0,2.28906677734375,True,PUT,2026-01-30,PONY
PONY260130P00018500,18.5,4.1,2.86,4.4,2.0,4.0,2.9531276171874996,True,PUT,2026-01-30,PONY
PONY260206C00010500,10.5,4.3,3.15,5.2,,5.0,2.0781298046874994,True,CALL,2026-02-06,PONY
PONY260206C00011000,11.0,3.84,2.69,4.7,,7.0,1.8984380078125,True,CALL,2026-02-06,PONY
PONY260206C00011500,11.5,3.13,2.77,3.3,4.0,7.0,1.3750031249999999,True,CALL,2026-02-06,PONY
PONY260206C00012000,12.0,2.66,2.37,2.87,4.0,2.0,1.3398470507812497,True,CALL,2026-02-06,PONY
PONY260206C00012500,12.5,2.18,1.82,2.3,3.0,5.0,1.0410204199218753,True,CALL,2026-02-06,PONY
PONY260206C00013000,13.0,1.61,1.4,1.92,2.0,1.0,0.9941406835937501,True,CALL,2026-02-06,PONY
PONY260206C00013500,13.5,1.39,1.16,1.55,4.0,2.0,1.0253954980468751,True,CALL,2026-02-06,PONY
PONY260206C00014000,14.0,1.05,0.82,1.14,3.0,6.0,0.91992267578125,True,CALL,2026-02-06,PONY
PONY260206C00014500,14.5,0.62,0.55,0.65,295.0,28.0,0.7656273437500001,False,CALL,2026-02-06,PONY
PONY260206C00015000,15.0,0.45,0.4,0.48,8.0,128.0,0.8007832421875,False,CALL,2026-02-06,PONY
PONY260206C00015500,15.5,0.29,0.27,0.35,18.0,49.0,0.8164080859374999,False,CALL,2026-02-06,PONY
PONY260206C00016000,16.0,0.21,0.18,0.23,6.0,599.0,0.8164080859374999,False,CALL,2026-02-06,PONY
PONY260206C00016500,16.5,0.31,0.13,0.25,1.0,91.0,0.92187578125,False,CALL,2026-02-06,PONY
PONY260206C00017000,17.0,0.41,0.09,0.35,1.0,654.0,1.08984830078125,False,CALL,2026-02-06,PONY
PONY260206C00017500,17.5,0.14,0.08,0.18,31.0,138.0,1.0273486132812502,False,CALL,2026-02-06,PONY
PONY260206C00018000,18.0,0.19,0.05,0.63,14.0,189.0,1.5156274218749999,False,CALL,2026-02-06,PONY
PONY260206C00018500,18.5,0.13,0.01,0.67,7.0,894.0,1.625001875,False,CALL,2026-02-06,PONY
PONY260206P00010500,10.5,0.06,0.0,0.15,64.0,64.0,1.3203158984374999,False,PUT,2026-02-06,PONY
PONY260206P00012500,12.5,0.13,0.11,0.34,1.0,17.0,0.99804689453125,False,PUT,2026-02-06,PONY
PONY260206P00013000,13.0,0.22,0.21,0.27,3.0,2.0,0.8320329296874999,False,PUT,2026-02-06,PONY
PONY260206P00013500,13.5,0.3,0.11,0.38,9.0,9.0,0.6425816992187501,False,PUT,2026-02-06,PONY
PONY260206P00014000,14.0,0.51,0.28,0.53,42.0,33.0,0.6171913281250001,False,PUT,2026-02-06,PONY
PONY260206P00014500,14.5,0.78,0.5,0.75,29.0,399.0,0.5820354296875,True,PUT,2026-02-06,PONY
PONY260206P00015000,15.0,0.91,1.0,1.15,33.0,39.0,0.73437765625,True,PUT,2026-02-06,PONY
PONY260206P00015500,15.5,1.38,1.39,1.6,10.0,59.0,0.8105487695312499,True,PUT,2026-02-06,PONY
PONY260206P00016000,16.0,1.29,1.55,2.08,10.0,61.0,0.6835969140625001,True,PUT,2026-02-06,PONY
PONY260206P00016500,16.5,1.93,1.55,2.48,5.0,6.0,1.0781296093750001,True,PUT,2026-02-06,PONY
PONY260206P00017000,17.0,1.33,1.48,3.05,3.0,299.0,1.3105503222656247,True,PUT,2026-02-06,PONY
PONY260206P00017500,17.5,1.61,1.95,3.45,1.0,59.0,1.2734411328124997,True,PUT,2026-02-06,PONY
PONY260206P00018000,18.0,2.15,2.43,4.3,2.0,8.0,1.9082035839843752,True,PUT,2026-02-06,PONY
PONY260206P00018500,18.5,2.41,2.92,5.25,4.0,1.0,2.605472236328125,True,PUT,2026-02-06,PONY
PONY260213C00011000,11.0,5.4,2.22,4.9,,2.0,1.21875390625,True,CALL,2026-02-13,PONY
PONY260213C00011500,11.5,4.31,1.76,4.4,,3.0,1.1015669921875002,True,CALL,2026-02-13,PONY
PONY260213C00012000,12.0,4.01,2.25,3.95,12.0,1.0,1.5585959570312498,True,CALL,2026-02-13,PONY
PONY260213C00012500,12.5,3.46,1.8,3.6,13.0,1.0,1.470705771484375,True,CALL,2026-02-13,PONY
PONY260213C00013000,13.0,2.96,1.71,1.98,12.0,0.0,0.9355475195312499,True,CALL,2026-02-13,PONY
PONY260213C00013500,13.5,2.44,1.38,1.67,12.0,3.0,0.9238288867187501,True,CALL,2026-02-13,PONY
PONY260213C00014000,14.0,2.08,1.07,1.39,12.0,2.0,0.90429783203125,True,CALL,2026-02-13,PONY
PONY260213C00014500,14.5,1.74,0.81,1.16,12.0,3.0,0.8964854101562498,False,CALL,2026-02-13,PONY
PONY260213C00015000,15.0,0.85,0.61,0.9,5.0,1.0,0.8710950390625,False,CALL,2026-02-13,PONY
PONY260213C00015500,15.5,2.25,0.46,0.8,6.0,2.0,0.9062509375,False,CALL,2026-02-13,PONY
PONY260213C00016000,16.0,0.55,0.35,0.68,2.0,18.0,0.92773509765625,False,CALL,2026-02-13,PONY
PONY260213C00016500,16.5,0.86,0.28,0.51,1.0,15.0,0.91992267578125,False,CALL,2026-02-13,PONY
PONY260213C00017000,17.0,0.6,0.21,0.4,3.0,19.0,0.92187578125,False,CALL,2026-02-13,PONY
PONY260213C00017500,17.5,0.6,0.16,0.41,10.0,24.0,0.9863282617187501,False,CALL,2026-02-13,PONY
PONY260213C00018000,18.0,0.35,0.15,0.35,500.0,275.0,1.0234423828125,False,CALL,2026-02-13,PONY
PONY260213C00018500,18.5,0.54,0.0,0.75,,8.0,1.26172244140625,False,CALL,2026-02-13,PONY
PONY260213P00012500,12.5,0.15,0.23,0.47,7.0,7.0,0.9023447265625,False,PUT,2026-02-13,PONY
PONY260213P00013000,13.0,0.39,0.33,0.6,,1.0,0.8652357226562499,False,PUT,2026-02-13,PONY
PONY260213P00014000,14.0,0.75,0.69,0.89,34.0,58.0,0.7929708203125,False,PUT,2026-02-13,PONY
PONY260213P00014500,14.5,0.91,0.93,1.27,27.0,36.0,0.8339860351562498,True,PUT,2026-02-13,PONY
PONY260213P00015000,15.0,1.24,1.24,1.48,5.0,14.0,0.79883013671875,True,PUT,2026-02-13,PONY
PONY260213P00015500,15.5,1.4,1.61,1.79,1.0,2.0,0.79883013671875,True,PUT,2026-02-13,PONY
PONY260213P00016000,16.0,1.31,2.0,2.27,14.0,28.0,0.86132951171875,True,PUT,2026-02-13,PONY
PONY260213P00016500,16.5,1.26,2.4,2.66,2.0,6.0,0.8632826171875,True,PUT,2026-02-13,PONY
PONY260213P00017000,17.0,1.43,1.59,4.2,,2.0,0.79883013671875,True,PUT,2026-02-13,PONY
PONY260213P00017500,17.5,1.96,2.04,4.45,,0.0,0.6250037500000001,True,PUT,2026-02-13,PONY
PONY260220C00012000,12.0,3.91,2.12,3.95,12.0,2.0,1.2421912890624998,True,CALL,2026-02-20,PONY
PONY260220C00012500,12.5,2.39,2.03,2.89,13.0,808.0,1.0234423828125,True,CALL,2026-02-20,PONY
PONY260220C00015000,15.0,0.78,0.75,0.83,4.0,4039.0,0.75195560546875,False,CALL,2026-02-20,PONY
PONY260220C00015500,15.5,1.4,0.59,0.95,17.0,19.0,0.858399853515625,False,CALL,2026-02-20,PONY
PONY260220C00016000,16.0,0.8,0.47,0.78,1.0,129.0,0.858399853515625,False,CALL,2026-02-20,PONY
PONY260220C00016500,16.5,0.77,0.37,0.52,64.0,137.0,0.8105487695312499,False,CALL,2026-02-20,PONY
PONY260220C00017000,17.0,0.37,0.32,0.41,13.0,182.0,0.8242205078124999,False,CALL,2026-02-20,PONY
PONY260220C00017500,17.5,0.31,0.26,0.33,54.0,1790.0,0.8320329296874999,False,CALL,2026-02-20,PONY
PONY260220C00018000,18.0,0.58,0.21,0.51,1.0,168.0,0.9687503125,False,CALL,2026-02-20,PONY
PONY260220C00018500,18.5,0.28,0.17,0.52,4.0,58.0,1.021489267578125,False,CALL,2026-02-20,PONY
PONY260220P00011000,11.0,0.1,0.0,2.22,,153.0,1.93359408203125,False,PUT,2026-02-20,PONY
PONY260220P00012500,12.5,0.33,0.31,0.41,2.0,1008.0,0.7617211328125001,False,PUT,2026-02-20,PONY
PONY260220P00013000,13.0,0.49,0.45,0.54,5.0,10.0,0.7460962890625,False,PUT,2026-02-20,PONY
PONY260220P00013500,13.5,0.54,0.59,0.72,3.0,2.0,0.725588681640625,False,PUT,2026-02-20,PONY
PONY260220P00014000,14.0,0.7,0.8,0.93,1.0,14.0,0.7148466015625,False,PUT,2026-02-20,PONY
PONY260220P00014500,14.5,0.55,1.07,1.15,2.0,19.0,0.70312796875,True,PUT,2026-02-20,PONY
PONY260220P00015000,15.0,1.29,1.34,1.43,161.0,1332.0,0.6835969140625001,True,PUT,2026-02-20,PONY
PONY260220P00015500,15.5,1.77,1.68,1.9,2.0,4.0,0.73437765625,True,PUT,2026-02-20,PONY
PONY260220P00016000,16.0,1.3,2.06,2.31,1.0,241.0,0.7578149218750001,True,PUT,2026-02-20,PONY
PONY260220P00016500,16.5,1.65,2.39,2.65,6.0,15.0,0.710940390625,True,PUT,2026-02-20,PONY
PONY260220P00017000,17.0,2.01,1.66,4.05,1.0,11.0,0.6210975390625001,True,PUT,2026-02-20,PONY
PONY260220P00017500,17.5,3.35,3.25,3.45,63.0,242.0,0.6835969140625001,True,PUT,2026-02-20,PONY
PONY260220P00018500,18.5,2.41,3.0,4.65,,1.0,1.1328168359375002,True,PUT,2026-02-20,PONY
PONY260227C00012500,12.5,3.25,1.77,3.85,,1.0,1.154301103515625,True,CALL,2026-02-27,PONY
PONY260227C00013500,13.5,3.85,1.66,1.91,10.0,10.0,0.8457046679687499,True,CALL,2026-02-27,PONY
PONY260227C00014500,14.5,3.04,1.11,1.48,2.0,1.0,0.8447281152343749,False,CALL,2026-02-27,PONY
PONY260227C00015000,15.0,1.91,0.91,1.28,10.0,27.0,0.8457046679687499,False,CALL,2026-02-27,PONY
PONY260227C00015500,15.5,1.57,0.74,1.11,2.0,10.0,0.848634326171875,False,CALL,2026-02-27,PONY
PONY260227C00016000,16.0,0.78,0.6,0.89,18.0,153.0,0.8300798242187499,False,CALL,2026-02-27,PONY
PONY260227C00016500,16.5,0.68,0.48,0.84,5.0,15.0,0.85937640625,False,CALL,2026-02-27,PONY
PONY260227C00017000,17.0,1.0,0.44,0.74,10.0,11.0,0.8896495410156249,False,CALL,2026-02-27,PONY
PONY260227C00017500,17.5,0.89,0.0,0.68,5.0,6.0,0.7675804492187501,False,CALL,2026-02-27,PONY
PONY260227C00018000,18.0,0.39,0.31,1.11,1.0,9.0,1.1171919140625,False,CALL,2026-02-27,PONY
PONY260227C00018500,18.5,0.94,0.25,0.5,4.0,5.0,0.92187578125,False,CALL,2026-02-27,PONY
PONY260227P00012000,12.0,0.37,0.0,0.58,,3.0,0.7148466015625,False,PUT,2026-02-27,PONY
PONY260227P00012500,12.5,0.3,0.41,0.68,2.0,27.0,0.8164080859374999,False,PUT,2026-02-27,PONY
PONY260227P00013000,13.0,0.47,0.55,0.84,20.0,21.0,0.79687703125,False,PUT,2026-02-27,PONY
PONY260227P00014000,14.0,0.7,0.95,1.21,2.0,108.0,0.7607445800781252,False,PUT,2026-02-27,PONY
PONY260227P00014500,14.5,0.75,1.19,1.5,1.0,17.0,0.7587914746093751,True,PUT,2026-02-27,PONY
PONY260227P00015000,15.0,1.59,1.49,1.78,11.0,26.0,0.7539087109375,True,PUT,2026-02-27,PONY
PONY260227P00015500,15.5,1.45,1.84,2.08,2.0,9.0,0.75195560546875,True,PUT,2026-02-27,PONY
PONY260227P00016000,16.0,1.55,2.21,2.56,1.0,47.0,0.797853583984375,True,PUT,2026-02-27,PONY
PONY260227P00016500,16.5,2.18,2.61,2.9,,1.0,0.7949239257812499,True,PUT,2026-02-27,PONY
PONY260227P00018000,18.0,2.29,2.64,5.0,,10.0,0.6171913281250001,True,PUT,2026-02-27,PONY
PONY260306P00015000,15.0,1.02,1.62,2.0,1.0,1.0,0.7753928710937501,True,PUT,2026-03-06,PONY
PONY260320C00015000,15.0,1.52,1.37,1.71,23.0,74.0,0.85742330078125,False,CALL,2026-03-20,PONY
PONY260320C00017500,17.5,0.9,0.77,0.97,1.0,411.0,0.8876964355468748,False,CALL,2026-03-20,PONY
PONY260320P00012500,12.5,0.83,0.81,0.85,40.0,24.0,0.79101771484375,False,PUT,2026-03-20,PONY
PONY260515C00012500,12.5,3.5,3.35,3.65,46.0,756.0,0.8696302099609375,True,CALL,2026-05-15,PONY
PONY260515C00015000,15.0,2.43,2.21,2.5,11.0,359.0,0.8564467480468749,False,CALL,2026-05-15,PONY
PONY260515C00017500,17.5,1.65,1.39,1.69,114.0,2638.0,0.8413101806640625,False,CALL,2026-05-15,PONY
PONY260515P00012500,12.5,1.5,1.3,1.63,23.0,326.0,0.7861349511718749,False,PUT,2026-05-15,PONY
PONY260515P00015000,15.0,2.72,2.6,2.99,5.0,596.0,0.7749045947265626,True,PUT,2026-05-15,PONY
PONY260515P00017500,17.5,4.5,4.5,4.7,5.0,1737.0,0.7983418603515625,True,PUT,2026-05-15,PONY
PONY260821C00012500,12.5,6.6,4.25,4.65,,1.0,0.8828136718749999,True,CALL,2026-08-21,PONY
PONY260821C00015000,15.0,3.49,3.25,3.6,6.0,65.0,0.8735364208984374,False,CALL,2026-08-21,PONY
PONY260821C00017500,17.5,2.81,2.54,2.83,20.0,170.0,0.87695435546875,False,CALL,2026-08-21,PONY
PONY260821P00012500,12.5,2.0,2.05,2.59,1.0,81.0,0.79687703125,False,PUT,2026-08-21,PONY
PONY260821P00015000,15.0,3.7,3.6,3.95,7.0,226.0,0.7919942675781251,True,PUT,2026-08-21,PONY
PONY260821P00017500,17.5,4.3,5.15,5.65,421.0,409.0,0.7661156201171876,True,PUT,2026-08-21,PONY
PONY270115C00012500,12.5,5.45,5.15,5.65,12.0,276.0,0.8718274536132812,True,CALL,2027-01-15,PONY
PONY270115C00015000,15.0,4.5,4.25,4.7,1.0,370.0,0.8632826171875,False,CALL,2027-01-15,PONY
PONY270115C00017500,17.5,4.45,3.3,4.05,1.0,163.0,0.8469253588867187,False,CALL,2027-01-15,PONY
PONY270115P00012500,12.5,2.7,2.73,3.35,3.0,188.0,0.7568383691406251,False,PUT,2027-01-15,PONY
PONY270115P00015000,15.0,3.93,4.15,4.85,1.0,161.0,0.7382838671874999,True,PUT,2027-01-15,PONY
PONY270115P00017500,17.5,5.1,5.85,6.55,10.0,180.0,0.727541787109375,True,PUT,2027-01-15,PONY
PONY280121C00012500,12.5,7.55,6.15,7.55,12.0,123.0,0.8300798242187499,True,CALL,2028-01-21,PONY
PONY280121C00015000,15.0,7.14,5.5,8.35,1.0,240.0,0.9489751196289062,False,CALL,2028-01-21,PONY
PONY280121C00017500,17.5,6.98,4.65,7.7,2.0,105.0,0.92187578125,False,CALL,2028-01-21,PONY
PONY280121P00012500,12.5,3.57,2.5,6.9,1.0,9.0,0.7768577001953125,False,PUT,2028-01-21,PONY
PONY280121P00015000,15.0,6.26,4.0,8.2,52.0,84.0,0.7297390307617188,True,PUT,2028-01-21,PONY
PONY280121P00017500,17.5,8.9,5.5,9.7,30.0,41.0,0.6853058813476562,True,PUT,2028-01-21,PONY
PPTA260220C00022500,22.5,9.52,8.6,11.0,1.0,2238.0,1.2880894970703123,True,CALL,2026-02-20,PPTA
PPTA260220C00025000,25.0,7.5,6.8,7.7,20.0,2175.0,0.96289099609375,True,CALL,2026-02-20,PPTA
PPTA260220C00030000,30.0,3.5,3.3,3.8,357.0,5920.0,0.8559584716796875,True,CALL,2026-02-20,PPTA
PPTA260220C00035000,35.0,1.5,1.45,1.65,152.0,2495.0,0.877930908203125,False,CALL,2026-02-20,PPTA
PPTA260220C00040000,40.0,0.62,0.45,0.7,25.0,1007.0,0.875977802734375,False,CALL,2026-02-20,PPTA
PPTA260220P00022500,22.5,0.11,0.0,0.3,1.0,1241.0,0.87500125,False,PUT,2026-02-20,PPTA
PPTA260220P00025000,25.0,0.3,0.2,0.4,16.0,2861.0,0.7773459765625,False,PUT,2026-02-20,PPTA
PPTA260220P00030000,30.0,1.58,1.45,1.8,47.0,471.0,0.7666038964843751,False,PUT,2026-02-20,PPTA
PPTA260220P00035000,35.0,4.7,4.1,5.0,2.0,208.0,0.7622094091796876,True,PUT,2026-02-20,PPTA
PPTA260320C00022500,22.5,13.0,9.8,11.1,22.0,492.0,1.1201215869140624,True,CALL,2026-03-20,PPTA
PPTA260320C00025000,25.0,8.6,7.1,9.1,15.0,6387.0,0.93164130859375,True,CALL,2026-03-20,PPTA
PPTA260320C00030000,30.0,4.99,4.5,5.2,34.0,14738.0,0.866212275390625,True,CALL,2026-03-20,PPTA
PPTA260320C00035000,35.0,2.75,2.6,2.95,19.0,4592.0,0.8569350244140624,False,CALL,2026-03-20,PPTA
PPTA260320C00040000,40.0,1.65,1.45,1.75,138.0,716.0,0.8725598681640624,False,CALL,2026-03-20,PPTA
PPTA260320P00022500,22.5,0.58,0.4,0.9,23.0,641.0,0.86914193359375,False,PUT,2026-03-20,PPTA
PPTA260320P00025000,25.0,1.05,0.9,1.25,82.0,410.0,0.8173846386718748,False,PUT,2026-03-20,PPTA
PPTA260320P00030000,30.0,2.75,2.55,2.9,31.0,1388.0,0.7622094091796876,False,PUT,2026-03-20,PPTA
PPTA260320P00035000,35.0,4.2,4.0,6.2,3.0,186.0,0.6362341064453125,True,PUT,2026-03-20,PPTA
PPTA260515C00022500,22.5,12.5,10.1,12.6,8.0,98.0,0.9819337744140625,True,CALL,2026-05-15,PPTA
PPTA260515C00025000,25.0,9.3,9.0,9.9,7.0,495.0,0.9101571484375,True,CALL,2026-05-15,PPTA
PPTA260515C00030000,30.0,6.75,6.3,7.9,8.0,487.0,0.9467778759765625,True,CALL,2026-05-15,PPTA
PPTA260515C00035000,35.0,5.7,4.5,5.0,5.0,872.0,0.8811047045898437,False,CALL,2026-05-15,PPTA
PPTA260515C00040000,40.0,3.4,3.3,3.6,1172.0,2060.0,0.8945323046874999,False,CALL,2026-05-15,PPTA
PPTA260515P00022500,22.5,1.39,1.25,1.6,1.0,277.0,0.80664255859375,False,PUT,2026-05-15,PPTA
PPTA260515P00025000,25.0,1.7,1.4,2.5,1.0,307.0,0.7473169799804689,False,PUT,2026-05-15,PPTA
PPTA260515P00030000,30.0,4.6,4.2,4.8,30.0,539.0,0.8007832421875,False,PUT,2026-05-15,PPTA
PPTA260515P00035000,35.0,6.0,5.7,8.0,4.0,450.0,0.6999541723632813,True,PUT,2026-05-15,PPTA
PPTA260515P00040000,40.0,17.32,0.0,0.0,30.0,63.0,1.0000000000000003e-05,True,PUT,2026-05-15,PPTA
PPTA260618C00022500,22.5,12.9,11.0,11.9,1.0,44.0,0.8745129736328124,True,CALL,2026-06-18,PPTA
PPTA260618C00025000,25.0,12.33,9.0,10.9,80.0,262.0,0.8752453881835938,True,CALL,2026-06-18,PPTA
PPTA260618C00030000,30.0,9.3,6.7,9.0,4.0,173.0,0.9270026831054687,True,CALL,2026-06-18,PPTA
PPTA260618C00035000,35.0,6.5,4.8,6.5,1.0,1501.0,0.8825695336914061,False,CALL,2026-06-18,PPTA
PPTA260618C00040000,40.0,4.41,3.7,6.0,5.0,185.0,0.9599613378906249,False,CALL,2026-06-18,PPTA
PPTA260618P00022500,22.5,1.75,0.7,2.25,5.0,52.0,0.7128934960937501,False,PUT,2026-06-18,PPTA
PPTA260618P00025000,25.0,2.31,1.3,3.1,6.0,213.0,0.6940948559570312,False,PUT,2026-06-18,PPTA
PPTA260618P00030000,30.0,5.0,4.9,5.6,23.0,26.0,0.7990742749023438,False,PUT,2026-06-18,PPTA
PPTA260618P00035000,35.0,6.7,6.1,8.7,10.0,384.0,0.6799348413085939,True,PUT,2026-06-18,PPTA
PPTA260618P00040000,40.0,17.9,10.7,12.5,7.0,7.0,0.7543969873046875,True,PUT,2026-06-18,PPTA
PPTA260821C00022500,22.5,12.75,11.3,13.9,2.0,145.0,0.9023447265625,True,CALL,2026-08-21,PPTA
PPTA260821C00025000,25.0,10.85,10.0,12.7,2.0,166.0,0.9138192211914062,True,CALL,2026-08-21,PPTA
PPTA260821C00030000,30.0,8.6,8.1,9.0,17.0,784.0,0.848634326171875,True,CALL,2026-08-21,PPTA
PPTA260821C00035000,35.0,8.3,6.3,7.4,3.0,2747.0,0.8596205444335938,False,CALL,2026-08-21,PPTA
PPTA260821C00040000,40.0,5.45,4.9,5.7,1.0,290.0,0.8438736315917967,False,CALL,2026-08-21,PPTA
PPTA260821P00022500,22.5,2.04,1.3,3.7,3.0,39.0,0.7585473364257813,False,PUT,2026-08-21,PPTA
PPTA260821P00025000,25.0,3.35,2.85,3.9,10.0,42.0,0.7375514526367187,False,PUT,2026-08-21,PPTA
PPTA260821P00030000,30.0,8.2,4.5,6.6,51.0,66.0,0.6965362377929689,False,PUT,2026-08-21,PPTA
PPTA260821P00040000,40.0,17.45,11.1,13.5,,10.0,0.7014190014648438,True,PUT,2026-08-21,PPTA
PPTA260918C00025000,25.0,11.69,10.5,13.1,,59.0,0.9135750830078125,True,CALL,2026-09-18,PPTA
PPTA260918C00030000,30.0,10.7,8.2,11.0,20.0,60.0,0.9096688720703124,True,CALL,2026-09-18,PPTA
PPTA260918C00035000,35.0,8.97,6.5,9.3,1.0,39.0,0.9125985302734375,False,CALL,2026-09-18,PPTA
PPTA260918C00040000,40.0,6.9,5.1,8.0,20.0,55.0,0.9155281884765626,False,CALL,2026-09-18,PPTA
PPTA260918P00030000,30.0,6.45,4.5,7.0,,10.0,0.6745638012695314,False,PUT,2026-09-18,PPTA
PPTA261120C00022500,22.5,13.45,12.5,14.8,2.0,49.0,0.8813488427734374,True,CALL,2026-11-20,PPTA
PPTA261120C00025000,25.0,14.05,11.0,14.0,2.0,314.0,0.8887950573730468,True,CALL,2026-11-20,PPTA
PPTA261120C00030000,30.0,10.97,9.2,12.0,1.0,704.0,0.9045419702148438,True,CALL,2026-11-20,PPTA
PPTA261120C00035000,35.0,10.5,7.6,10.3,3.0,118.0,0.9050302465820312,False,CALL,2026-11-20,PPTA
PPTA261120C00040000,40.0,8.0,6.2,7.8,2.0,133.0,0.8518081225585938,False,CALL,2026-11-20,PPTA
PPTA261120P00022500,22.5,3.48,1.05,4.1,3.0,10.0,0.6408727319335938,False,PUT,2026-11-20,PPTA
PPTA261120P00025000,25.0,4.0,2.5,5.1,1.0,42.0,0.6613803393554689,False,PUT,2026-11-20,PPTA
PPTA261120P00030000,30.0,8.5,5.6,7.7,7.0,10.0,0.6835969140625001,False,PUT,2026-11-20,PPTA
PPTA261120P00035000,35.0,10.1,9.1,11.0,10.0,8.0,0.70312796875,True,PUT,2026-11-20,PPTA
PPTA261120P00040000,40.0,16.5,12.0,15.5,,11.0,0.7121610815429689,True,PUT,2026-11-20,PPTA
PPTA270115C00022500,22.5,13.7,13.0,16.0,1.0,339.0,0.9047861083984375,True,CALL,2027-01-15,PPTA
PPTA270115C00025000,25.0,12.9,12.2,13.3,25.0,417.0,0.8406998352050781,True,CALL,2027-01-15,PPTA
PPTA270115C00030000,30.0,10.7,10.0,11.0,32.0,3137.0,0.8205584350585937,True,CALL,2027-01-15,PPTA
PPTA270115C00035000,35.0,8.78,8.6,9.8,22.0,1225.0,0.8508315698242188,False,CALL,2027-01-15,PPTA
PPTA270115C00040000,40.0,7.82,7.2,9.2,12.0,1524.0,0.8786633227539062,False,CALL,2027-01-15,PPTA
PPTA270115P00022500,22.5,3.08,1.9,4.9,2.0,55.0,0.6840851904296876,False,PUT,2027-01-15,PPTA
PPTA270115P00025000,25.0,4.2,2.8,6.0,1.0,71.0,0.6679720703125002,False,PUT,2027-01-15,PPTA
PPTA270115P00030000,30.0,7.23,5.5,8.5,10.0,15.0,0.6574741284179688,False,PUT,2027-01-15,PPTA
PPTA270115P00035000,35.0,10.0,10.3,11.9,26.0,432.0,0.7310817907714844,True,PUT,2027-01-15,PPTA
PPTA270115P00040000,40.0,13.08,13.9,15.2,5.0,8.0,0.7176541906738281,True,PUT,2027-01-15,PPTA
PPTA280121C00022500,22.5,17.15,15.5,19.0,3.0,62.0,0.8535170898437501,True,CALL,2028-01-21,PPTA
PPTA280121C00025000,25.0,17.55,14.7,18.0,1.0,480.0,0.8533950207519532,True,CALL,2028-01-21,PPTA
PPTA280121C00030000,30.0,14.0,13.1,15.5,8.0,96.0,0.8206805041503906,True,CALL,2028-01-21,PPTA
PPTA280121C00035000,35.0,14.9,11.7,15.0,2.0,449.0,0.8476577734374999,False,CALL,2028-01-21,PPTA
PPTA280121C00040000,40.0,12.76,9.5,13.5,10.0,1508.0,0.8055439367675781,False,CALL,2028-01-21,PPTA
PPTA280121P00022500,22.5,5.27,4.0,7.2,1.0,41.0,0.6521030883789063,False,PUT,2028-01-21,PPTA
PPTA280121P00025000,25.0,7.4,7.0,7.8,3.0,20.0,0.681887946777344,False,PUT,2028-01-21,PPTA
PPTA280121P00030000,30.0,9.39,8.2,11.7,1.0,28.0,0.6433141137695313,False,PUT,2028-01-21,PPTA
PPTA280121P00035000,35.0,12.97,11.5,14.8,10.0,22.0,0.6301306518554688,True,PUT,2028-01-21,PPTA
PPTA280121P00040000,40.0,20.5,15.0,19.0,,1.0,0.6397741101074219,True,PUT,2028-01-21,PPTA
PR260220C00012000,12.0,2.18,3.5,4.5,25.0,25.0,1.12891060546875,True,CALL,2026-02-20,PR
PR260220C00013000,13.0,3.0,2.7,3.5,1.0,76.0,0.9062509375,True,CALL,2026-02-20,PR
PR260220C00014000,14.0,2.0,1.85,2.3,30.0,2265.0,0.4687553125,True,CALL,2026-02-20,PR
PR260220C00015000,15.0,1.27,1.2,1.4,113.0,3334.0,0.393560751953125,True,CALL,2026-02-20,PR
PR260220C00016000,16.0,0.57,0.5,0.65,58.0,1900.0,0.33399103515625,True,CALL,2026-02-20,PR
PR260220C00017000,17.0,0.16,0.15,0.2,65.0,588.0,0.299811689453125,False,CALL,2026-02-20,PR
PR260220P00012000,12.0,0.02,0.0,0.1,2.0,210.0,0.7187528125,False,PUT,2026-02-20,PR
PR260220P00013000,13.0,0.07,0.05,0.1,52.0,1074.0,0.6132851171875001,False,PUT,2026-02-20,PR
PR260220P00014000,14.0,0.15,0.05,0.15,1.0,961.0,0.5468795312500001,False,PUT,2026-02-20,PR
PR260220P00015000,15.0,0.15,0.15,0.25,45.0,543.0,0.44434149414062496,False,PUT,2026-02-20,PR
PR260220P00016000,16.0,0.55,0.35,0.6,61.0,2.0,0.43457596679687505,False,PUT,2026-02-20,PR
PR260320C00012000,12.0,3.5,3.9,4.5,1.0,137.0,0.7578149218750001,True,CALL,2026-03-20,PR
PR260320C00013000,13.0,3.3,2.8,3.5,2.0,374.0,0.6084023535156251,True,CALL,2026-03-20,PR
PR260320C00014000,14.0,2.31,2.15,2.45,180.0,1042.0,0.43164630859375,True,CALL,2026-03-20,PR
PR260320C00015000,15.0,1.4,1.4,1.6,4.0,1419.0,0.3711000390625,True,CALL,2026-03-20,PR
PR260320C00016000,16.0,0.94,0.8,1.0,109.0,1532.0,0.3711000390625,True,CALL,2026-03-20,PR
PR260320C00017000,17.0,0.52,0.4,0.6,3.0,1347.0,0.38086556640624997,False,CALL,2026-03-20,PR
PR260320C00018000,18.0,0.3,0.2,0.3,3.0,395.0,0.367193828125,False,CALL,2026-03-20,PR
PR260320C00020000,20.0,0.08,0.0,0.15,1.0,10.0,0.44727115234375,False,CALL,2026-03-20,PR
PR260320P00012000,12.0,0.17,0.1,0.5,2.0,201.0,0.7656273437500001,False,PUT,2026-03-20,PR
PR260320P00013000,13.0,0.15,0.1,0.2,27.0,422.0,0.5371140039062501,False,PUT,2026-03-20,PR
PR260320P00014000,14.0,0.3,0.2,0.35,39.0,449.0,0.5019581054687501,False,PUT,2026-03-20,PR
PR260320P00015000,15.0,0.85,0.4,0.65,44.0,390.0,0.49805189453125004,False,PUT,2026-03-20,PR
PR260320P00016000,16.0,0.96,0.8,1.05,10.0,2.0,0.4804739453125,False,PUT,2026-03-20,PR
PR260320P00017000,17.0,4.7,0.0,0.0,5.0,103.0,1.0000000000000003e-05,True,PUT,2026-03-20,PR
PR260417C00012000,12.0,4.2,4.0,4.5,2.0,884.0,0.6084023535156251,True,CALL,2026-04-17,PR
PR260417C00013000,13.0,3.15,2.75,3.4,29.0,4461.0,0.424810439453125,True,CALL,2026-04-17,PR
PR260417C00014000,14.0,2.23,2.05,2.6,31.0,795.0,0.42188078125,True,CALL,2026-04-17,PR
PR260417C00015000,15.0,1.7,1.6,1.8,23.0,1554.0,0.37695935546875,True,CALL,2026-04-17,PR
PR260417C00016000,16.0,1.01,1.0,1.2,14.0,558.0,0.3657289990234375,True,CALL,2026-04-17,PR
PR260417C00017000,17.0,0.66,0.55,0.75,80.0,853.0,0.35742830078125,False,CALL,2026-04-17,PR
PR260417C00018000,18.0,0.4,0.3,0.45,30.0,1803.0,0.35547519531249994,False,CALL,2026-04-17,PR
PR260417C00019000,19.0,0.19,0.2,0.35,4.0,26.0,0.397466962890625,False,CALL,2026-04-17,PR
PR260417C00020000,20.0,0.08,0.1,0.5,2.0,12.0,0.5371140039062501,False,CALL,2026-04-17,PR
PR260417P00012000,12.0,0.25,0.1,0.4,3.0,134.0,0.5800823242187501,False,PUT,2026-04-17,PR
PR260417P00013000,13.0,0.3,0.15,0.35,1.0,383.0,0.523442265625,False,PUT,2026-04-17,PR
PR260417P00014000,14.0,0.5,0.3,0.55,1.0,96.0,0.495122236328125,False,PUT,2026-04-17,PR
PR260417P00015000,15.0,1.13,0.55,0.8,2.0,371.0,0.45606012695312503,False,PUT,2026-04-17,PR
PR260618C00012000,12.0,4.2,3.9,4.6,1.0,31.0,0.5039112109375,True,CALL,2026-06-18,PR
PR260618C00013000,13.0,3.4,3.0,3.7,1.0,905.0,0.44824770507812495,True,CALL,2026-06-18,PR
PR260618C00014000,14.0,2.74,2.5,2.9,5.0,72.0,0.41602146484374997,True,CALL,2026-06-18,PR
PR260618C00015000,15.0,2.1,1.95,2.2,111.0,2535.0,0.393560751953125,True,CALL,2026-06-18,PR
PR260618C00016000,16.0,1.56,1.35,1.6,2.0,519.0,0.3745179736328125,True,CALL,2026-06-18,PR
PR260618C00017000,17.0,1.05,0.95,1.15,36.0,1139.0,0.36817038085937503,False,CALL,2026-06-18,PR
PR260618C00018000,18.0,0.68,0.6,0.8,1.0,393.0,0.362311064453125,False,CALL,2026-06-18,PR
PR260618C00020000,20.0,0.35,0.25,0.45,5.0,135.0,0.3857483300781249,False,CALL,2026-06-18,PR
PR260618P00012000,12.0,0.55,0.2,0.4,1.0,185.0,0.508793974609375,False,PUT,2026-06-18,PR
PR260618P00013000,13.0,0.45,0.35,0.6,2.0,120.0,0.4892629199218751,False,PUT,2026-06-18,PR
PR260618P00014000,14.0,1.08,0.55,0.85,1.0,248.0,0.46582565429687506,False,PUT,2026-06-18,PR
PR260618P00015000,15.0,1.4,0.8,1.2,25.0,111.0,0.45117736328125,False,PUT,2026-06-18,PR
PR260618P00017000,17.0,3.2,2.95,4.3,1.0,0.0,0.789064609375,True,PUT,2026-06-18,PR
PR260618P00018000,18.0,4.06,2.45,2.85,,15.0,0.43018147949218755,True,PUT,2026-06-18,PR
PR260618P00020000,20.0,6.21,0.0,0.0,,1200.0,1.0000000000000003e-05,True,PUT,2026-06-18,PR
PR260717C00012000,12.0,3.51,4.0,4.9,5.0,67.0,0.5747112841796875,True,CALL,2026-07-17,PR
PR260717C00013000,13.0,2.48,2.9,4.1,2.0,75.0,0.5380905566406251,True,CALL,2026-07-17,PR
PR260717C00014000,14.0,2.8,2.7,2.95,2.0,16.0,0.3930724755859375,True,CALL,2026-07-17,PR
PR260717C00015000,15.0,2.15,2.1,2.25,92.0,11137.0,0.3711000390625,True,CALL,2026-07-17,PR
PR260717C00016000,16.0,1.5,1.5,1.7,4.0,61.0,0.36426416992187505,True,CALL,2026-07-17,PR
PR260717C00017000,17.0,1.05,1.05,1.35,11.0,37.0,0.38086556640624997,False,CALL,2026-07-17,PR
PR260717C00018000,18.0,0.77,0.7,0.95,180.0,109.0,0.3657289990234375,False,CALL,2026-07-17,PR
PR260717C00019000,19.0,0.6,0.5,0.7,70.0,4.0,0.367193828125,False,CALL,2026-07-17,PR
PR260717P00012000,12.0,0.45,0.25,0.5,11.0,42.0,0.5039112109375,False,PUT,2026-07-17,PR
PR260717P00013000,13.0,0.66,0.45,0.6,1.0,413.0,0.4458063232421875,False,PUT,2026-07-17,PR
PR260717P00014000,14.0,0.95,0.65,0.8,21.0,1355.0,0.4101621484375,False,PUT,2026-07-17,PR
PR260717P00015000,15.0,0.9,1.0,1.15,49.0,2292.0,0.398443515625,False,PUT,2026-07-17,PR
PR260717P00018000,18.0,4.02,2.65,3.0,,2.0,0.42676354492187507,True,PUT,2026-07-17,PR
PR270115C00012000,12.0,4.5,4.3,4.9,2.0,430.0,0.39942006835937505,True,CALL,2027-01-15,PR
PR270115C00015000,15.0,2.8,2.75,3.0,22.0,1792.0,0.3859924682617187,True,CALL,2027-01-15,PR
PR270115C00017000,17.0,1.7,1.6,2.0,229.0,3273.0,0.36694968994140625,False,CALL,2027-01-15,PR
PR270115C00020000,20.0,1.0,0.9,1.3,172.0,3505.0,0.3979552392578125,False,CALL,2027-01-15,PR
PR270115P00012000,12.0,1.0,0.65,1.0,21.0,2993.0,0.47412635253906255,False,PUT,2027-01-15,PR
PR270115P00015000,15.0,1.95,1.6,2.05,5.0,534.0,0.43066975585937506,False,PUT,2027-01-15,PR
PR270115P00017000,17.0,5.03,0.0,0.0,5.0,3.0,1.0000000000000003e-05,True,PUT,2027-01-15,PR
PR280121C00012000,12.0,4.13,2.9,7.5,3.0,105.0,0.6762727685546877,True,CALL,2028-01-21,PR
PR280121C00015000,15.0,3.2,2.5,4.0,15.0,652.0,0.38843385009765624,True,CALL,2028-01-21,PR
PR280121C00017000,17.0,2.5,1.6,4.0,23.0,61.0,0.47900911621093745,False,CALL,2028-01-21,PR
PR280121C00020000,20.0,1.5,0.55,3.0,10.0,49.0,0.46753462158203124,False,CALL,2028-01-21,PR
PR280121P00012000,12.0,1.5,0.0,3.5,25.0,64.0,0.7082548706054688,False,PUT,2028-01-21,PR
PR280121P00015000,15.0,4.4,1.5,6.5,25.0,60.0,0.5356491748046875,False,PUT,2028-01-21,PR
PR280121P00017000,17.0,5.12,0.0,0.0,,18.0,1.0000000000000003e-05,True,PUT,2028-01-21,PR
PR280121P00020000,20.0,6.9,3.6,8.0,6.0,30.0,0.6015664843750002,True,PUT,2028-01-21,PR
PRMB260220C00015000,15.0,4.43,3.5,4.7,3.0,196.0,0.65039412109375,True,CALL,2026-02-20,PRMB
PRMB260220C00016000,16.0,3.25,2.6,3.8,2.0,454.0,0.6269568554687501,True,CALL,2026-02-20,PRMB
PRMB260220C00017500,17.5,1.8,1.6,2.1,4.0,583.0,0.6552768847656252,True,CALL,2026-02-20,PRMB
PRMB260220C00019000,19.0,0.7,0.6,0.8,4.0,305.0,0.41797457031249996,True,CALL,2026-02-20,PRMB
PRMB260220C00020000,20.0,0.35,0.1,0.4,17.0,430.0,0.40918559570312496,False,CALL,2026-02-20,PRMB
PRMB260220C00021000,21.0,0.18,0.1,0.3,9.0,449.0,0.49609878906250005,False,CALL,2026-02-20,PRMB
PRMB260220C00022500,22.5,0.1,0.0,0.65,100.0,2133.0,0.6992217578125001,False,CALL,2026-02-20,PRMB
PRMB260220P00014000,14.0,0.4,0.0,0.75,,1.0,1.1796916015624999,False,PUT,2026-02-20,PRMB
PRMB260220P00015000,15.0,0.19,0.0,0.55,1.0,191.0,0.8867198828124999,False,PUT,2026-02-20,PRMB
PRMB260220P00016000,16.0,0.3,0.05,0.55,55.0,65.0,0.7324245507812499,False,PUT,2026-02-20,PRMB
PRMB260220P00017500,17.5,0.22,0.15,0.35,16.0,1433.0,0.500005,False,PUT,2026-02-20,PRMB
PRMB260220P00019000,19.0,0.68,0.6,0.85,6.0,163.0,0.44922425781249997,False,PUT,2026-02-20,PRMB
PRMB260220P00020000,20.0,1.6,1.1,1.5,7.0,186.0,0.4726615234375,True,PUT,2026-02-20,PRMB
PRMB260320C00014000,14.0,5.1,4.6,5.8,1.0,5.0,0.6445348046875,True,CALL,2026-03-20,PRMB
PRMB260320C00015000,15.0,4.16,3.6,4.8,1.0,7256.0,0.5312546875,True,CALL,2026-03-20,PRMB
PRMB260320C00016000,16.0,3.12,2.8,4.0,7.0,390.0,0.543949873046875,True,CALL,2026-03-20,PRMB
PRMB260320C00017500,17.5,2.4,2.15,2.45,7.0,14951.0,0.5224657128906249,True,CALL,2026-03-20,PRMB
PRMB260320C00019000,19.0,1.3,1.2,1.6,1.0,283.0,0.5634809277343751,True,CALL,2026-03-20,PRMB
PRMB260320C00020000,20.0,1.0,0.75,1.15,11.0,5017.0,0.5498091894531252,False,CALL,2026-03-20,PRMB
PRMB260320C00021000,21.0,0.8,0.45,0.85,10.0,221.0,0.5576216113281252,False,CALL,2026-03-20,PRMB
PRMB260320C00022500,22.5,0.35,0.25,0.5,1.0,71.0,0.5537154003906251,False,CALL,2026-03-20,PRMB
PRMB260320C00024000,24.0,0.25,0.15,0.3,6.0,2507.0,0.51562984375,False,CALL,2026-03-20,PRMB
PRMB260320P00014000,14.0,0.4,0.1,0.75,10.0,5.0,0.8261736132812498,False,PUT,2026-03-20,PRMB
PRMB260320P00015000,15.0,0.43,0.2,0.5,5.0,178.0,0.6455113574218749,False,PUT,2026-03-20,PRMB
PRMB260320P00016000,16.0,0.75,0.35,0.55,1.0,87.0,0.57617611328125,False,PUT,2026-03-20,PRMB
PRMB260320P00017500,17.5,0.8,0.6,0.85,20.0,2761.0,0.5468795312500001,False,PUT,2026-03-20,PRMB
PRMB260417C00014000,14.0,4.3,4.7,5.9,,4.0,0.585941640625,True,CALL,2026-04-17,PRMB
PRMB260417C00015000,15.0,4.3,3.8,5.0,5.0,1374.0,0.5390671093750001,True,CALL,2026-04-17,PRMB
PRMB260417C00016000,16.0,2.9,3.0,4.2,10.0,36.0,0.5205126074218749,True,CALL,2026-04-17,PRMB
PRMB260417C00017500,17.5,2.65,2.4,2.65,2.0,7146.0,0.5312546875,True,CALL,2026-04-17,PRMB
PRMB260417C00019000,19.0,1.7,1.5,1.85,1.0,370.0,0.524418818359375,True,CALL,2026-04-17,PRMB
PRMB260417C00020000,20.0,1.2,1.15,1.3,20.0,1906.0,0.4848684326171875,False,CALL,2026-04-17,PRMB
PRMB260417C00021000,21.0,0.45,0.75,1.1,,158.0,0.5224657128906249,False,CALL,2026-04-17,PRMB
PRMB260417C00022500,22.5,1.15,0.45,0.75,1.0,1086.0,0.5312546875,False,CALL,2026-04-17,PRMB
PRMB260417C00024000,24.0,0.4,0.3,0.55,1.0,2.0,0.50586431640625,False,CALL,2026-04-17,PRMB
PRMB260417P00015000,15.0,0.52,0.3,0.6,15.0,517.0,0.56836369140625,False,PUT,2026-04-17,PRMB
PRMB260417P00016000,16.0,0.95,0.5,0.7,1.0,182.0,0.5249070947265625,False,PUT,2026-04-17,PRMB
PRMB260417P00017500,17.5,1.43,0.85,1.15,185.0,381.0,0.5346726220703125,False,PUT,2026-04-17,PRMB
PRMB260417P00019000,19.0,1.75,1.45,1.85,13.0,33.0,0.5273484765625001,False,PUT,2026-04-17,PRMB
PRMB260417P00020000,20.0,4.1,2.0,2.3,6.0,5402.0,0.48779809082031256,True,PUT,2026-04-17,PRMB
PRMB260417P00022500,22.5,4.35,3.8,4.2,34.0,102.0,0.5180712255859375,True,PUT,2026-04-17,PRMB
PRMB260515C00015000,15.0,4.79,4.0,5.2,3.0,78.0,0.543949873046875,True,CALL,2026-05-15,PRMB
PRMB260515C00017500,17.5,3.0,2.75,3.1,6.0,300.0,0.5302781347656251,True,CALL,2026-05-15,PRMB
PRMB260515C00019000,19.0,1.85,1.85,2.25,,57.0,0.5488326367187502,True,CALL,2026-05-15,PRMB
PRMB260515C00020000,20.0,1.6,1.4,1.8,1.0,1364.0,0.5385788330078126,False,CALL,2026-05-15,PRMB
PRMB260515C00022500,22.5,0.94,0.75,1.1,1.0,10507.0,0.5053760400390624,False,CALL,2026-05-15,PRMB
PRMB260515C00024000,24.0,0.6,0.45,0.8,27.0,91.0,0.5014698291015626,False,CALL,2026-05-15,PRMB
PRMB260515P00015000,15.0,0.7,0.5,0.75,60.0,255.0,0.5576216113281252,False,PUT,2026-05-15,PRMB
PRMB260515P00016000,16.0,1.6,0.7,1.0,,16.0,0.5336960693359375,False,PUT,2026-05-15,PRMB
PRMB260515P00017500,17.5,1.3,1.1,1.5,1.0,58.0,0.500005,False,PUT,2026-05-15,PRMB
PRMB260515P00019000,19.0,2.55,1.75,2.15,,25.0,0.5268602001953125,False,PUT,2026-05-15,PRMB
PRMB260515P00020000,20.0,2.87,2.3,2.7,6.0,2.0,0.516606396484375,True,PUT,2026-05-15,PRMB
PRMB260717C00015000,15.0,5.5,4.3,5.5,10.0,12.0,0.5180712255859375,True,CALL,2026-07-17,PRMB
PRMB260717C00017500,17.5,3.4,3.0,3.5,1.0,17.0,0.5419967675781252,True,CALL,2026-07-17,PRMB
PRMB260717C00019000,19.0,2.52,2.25,2.5,19.0,281.0,0.48438015625,True,CALL,2026-07-17,PRMB
PRMB260717C00020000,20.0,1.89,1.9,2.25,4.0,273.0,0.5141650146484374,False,CALL,2026-07-17,PRMB
PRMB260717C00021000,21.0,1.7,1.45,1.65,10.0,14.0,0.4650932397460938,False,CALL,2026-07-17,PRMB
PRMB260717C00024000,24.0,0.9,0.75,0.95,1.0,2.0,0.47461462890625,False,CALL,2026-07-17,PRMB
PRMB260717P00014000,14.0,0.85,0.55,0.85,3.0,4.0,0.5468795312500001,False,PUT,2026-07-17,PRMB
PRMB260717P00015000,15.0,0.95,0.75,1.0,1.0,11.0,0.5141650146484374,False,PUT,2026-07-17,PRMB
PRMB260717P00016000,16.0,1.1,0.95,1.25,1.0,5.0,0.5219774365234374,False,PUT,2026-07-17,PRMB
PRMB260717P00017500,17.5,1.9,1.45,1.7,1.0,2.0,0.48120635986328125,False,PUT,2026-07-17,PRMB
PRMB260717P00019000,19.0,2.1,2.1,2.3,2.0,3.0,0.44727115234375,False,PUT,2026-07-17,PRMB
PRMB260717P00020000,20.0,2.66,2.65,2.85,3.0,5.0,0.43897045410156255,True,PUT,2026-07-17,PRMB
PRMB261218C00015000,15.0,5.58,5.2,6.3,1.0,148.0,0.5349167602539062,True,CALL,2026-12-18,PRMB
PRMB261218C00017500,17.5,4.5,3.9,4.3,4.0,31.0,0.5136767382812499,True,CALL,2026-12-18,PRMB
PRMB261218C00020000,20.0,2.9,2.7,3.2,180.0,180.0,0.5053760400390624,False,CALL,2026-12-18,PRMB
PRMB261218C00022500,22.5,2.05,1.85,2.3,2.0,73.0,0.49121602539062503,False,CALL,2026-12-18,PRMB
PRMB261218P00015000,15.0,2.5,1.3,1.8,4.0,11.0,0.5014698291015626,False,PUT,2026-12-18,PRMB
PRMB261218P00017500,17.5,2.51,2.15,2.55,1.0,46.0,0.47827670166015623,False,PUT,2026-12-18,PRMB
PRMB261218P00020000,20.0,3.8,3.4,3.9,50.0,242.0,0.4655815161132813,True,PUT,2026-12-18,PRMB
PRMB261218P00022500,22.5,3.1,0.0,0.0,4.0,0.0,1.0000000000000003e-05,True,PUT,2026-12-18,PRMB
PRMB270115C00015000,15.0,6.0,4.1,7.2,1.0,1283.0,0.7612328564453126,True,CALL,2027-01-15,PRMB
PRMB270115C00017500,17.5,4.75,4.0,4.7,10.0,1407.0,0.5002491381835938,True,CALL,2027-01-15,PRMB
PRMB270115C00020000,20.0,3.1,2.85,3.6,30.0,48.0,0.5393112475585939,False,CALL,2027-01-15,PRMB
PRMB270115C00022500,22.5,2.54,2.0,2.7,50.0,159.0,0.5251512329101562,False,CALL,2027-01-15,PRMB
PRMB270115P00015000,15.0,2.0,1.35,1.9,1.0,3.0,0.5419967675781252,False,PUT,2027-01-15,PRMB
PRMB270115P00017500,17.5,3.0,0.0,0.0,,2.0,0.0312596875,False,PUT,2027-01-15,PRMB
PRMB270115P00020000,20.0,2.4,3.8,7.3,20.0,20.0,0.672122419433594,True,PUT,2027-01-15,PRMB
PRMB270115P00022500,22.5,6.5,5.0,5.8,3.0,196.0,0.47363807617187503,True,PUT,2027-01-15,PRMB
PRMB280121C00015000,15.0,5.4,6.4,7.2,1.0,3.0,0.5312546875,True,CALL,2028-01-21,PRMB
PRMB280121C00017500,17.5,4.96,3.9,8.0,2.0,7.0,0.5141650146484374,True,CALL,2028-01-21,PRMB
PRMB280121C00020000,20.0,4.35,2.95,5.6,1.0,131.0,0.5700726586914062,False,CALL,2028-01-21,PRMB
PRMB280121P00017500,17.5,3.45,2.45,5.5,2.0,3.0,0.6279334082031252,False,PUT,2028-01-21,PRMB
PRMB280121P00020000,20.0,5.0,3.8,6.9,3.0,6.0,0.601810622558594,True,PUT,2028-01-21,PRMB
PTEN260220C00006000,6.0,1.74,1.4,2.05,1.0,1571.0,0.8437515624999999,True,CALL,2026-02-20,PTEN
PTEN260220C00007000,7.0,0.78,0.7,0.9,44.0,29122.0,0.5546919531250001,True,CALL,2026-02-20,PTEN
PTEN260220C00008000,8.0,0.25,0.15,0.25,122.0,13458.0,0.5195360546875,False,CALL,2026-02-20,PTEN
PTEN260220C00009000,9.0,0.1,0.0,0.1,2.0,282.0,0.507817421875,False,CALL,2026-02-20,PTEN
PTEN260220P00006000,6.0,0.03,0.0,0.05,1.0,764.0,0.6093789062500001,False,PUT,2026-02-20,PTEN
PTEN260220P00007000,7.0,0.1,0.05,0.25,1.0,20085.0,0.5312546875,False,PUT,2026-02-20,PTEN
PTEN260220P00008000,8.0,0.83,0.45,0.65,1.0,128.0,0.5664105859375,True,PUT,2026-02-20,PTEN
PTEN260220P00009000,9.0,2.6,0.0,0.0,3.0,6.0,1.0000000000000003e-05,True,PUT,2026-02-20,PTEN
PTEN260320C00007000,7.0,0.71,0.85,1.0,11.0,19.0,0.50586431640625,True,CALL,2026-03-20,PTEN
PTEN260320C00008000,8.0,0.5,0.35,0.45,52.0,55.0,0.5293015820312501,False,CALL,2026-03-20,PTEN
PTEN260320C00009000,9.0,0.16,0.1,0.25,10.0,26.0,0.51562984375,False,CALL,2026-03-20,PTEN
PTEN260320P00006000,6.0,0.15,0.1,0.2,1.0,2.0,0.6679720703125002,False,PUT,2026-03-20,PTEN
PTEN260320P00007000,7.0,0.35,0.3,0.4,1.0,5008.0,0.5664105859375,False,PUT,2026-03-20,PTEN
PTEN260515C00006000,6.0,1.85,1.8,2.0,1.0,196.0,0.57617611328125,True,CALL,2026-05-15,PTEN
PTEN260515C00007000,7.0,1.33,1.1,1.3,2.0,330.0,0.5371140039062501,True,CALL,2026-05-15,PTEN
PTEN260515C00008000,8.0,0.52,0.6,0.8,19.0,271.0,0.51758294921875,False,CALL,2026-05-15,PTEN
PTEN260515C00009000,9.0,0.35,0.3,0.45,10.0,35.0,0.5019581054687501,False,CALL,2026-05-15,PTEN
PTEN260515P00006000,6.0,0.33,0.2,0.35,4.0,290.0,0.585941640625,False,PUT,2026-05-15,PTEN
PTEN260515P00007000,7.0,0.75,0.5,0.65,30.0,54.0,0.5429733203125001,False,PUT,2026-05-15,PTEN
PTEN260515P00008000,8.0,2.58,1.9,2.85,12.0,2.0,1.32422212890625,True,PUT,2026-05-15,PTEN
PTEN260515P00009000,9.0,2.5,1.65,1.85,,147.0,0.508793974609375,True,PUT,2026-05-15,PTEN
PTEN260821C00006000,6.0,2.13,2.0,2.3,20.0,39.0,0.5722699023437501,True,CALL,2026-08-21,PTEN
PTEN260821C00007000,7.0,1.7,1.4,1.55,1.0,160.0,0.5195360546875,True,CALL,2026-08-21,PTEN
PTEN260821C00008000,8.0,0.85,0.85,1.1,1.0,72.0,0.5488326367187502,False,CALL,2026-08-21,PTEN
PTEN260821C00009000,9.0,0.6,0.65,0.75,4.0,175.0,0.5136767382812499,False,CALL,2026-08-21,PTEN
PTEN260821P00006000,6.0,0.66,0.4,0.6,1.0,20.0,0.5634809277343751,False,PUT,2026-08-21,PTEN
PTEN260821P00007000,7.0,1.0,0.8,0.95,10.0,11.0,0.5361374511718751,False,PUT,2026-08-21,PTEN
PTEN270115C00007000,7.0,1.82,1.65,1.9,10.0,2441.0,0.50586431640625,True,CALL,2027-01-15,PTEN
PTEN270115P00007000,7.0,1.3,1.0,1.3,400.0,6526.0,0.5097705273437501,False,PUT,2027-01-15,PTEN
PTON260130C00004000,4.0,1.92,1.46,1.89,5.0,6.0,5.406253242187499,True,CALL,2026-01-30,PTON
PTON260130C00004500,4.5,1.31,0.97,1.5,1.0,2.0,2.4062539843749997,True,CALL,2026-01-30,PTON
PTON260130C00005000,5.0,0.76,0.55,1.14,3.0,85.0,2.5781285546875,True,CALL,2026-01-30,PTON
PTON260130C00005500,5.5,0.2,0.19,0.24,464.0,308.0,0.500005,True,CALL,2026-01-30,PTON
PTON260130C00006000,6.0,0.03,0.01,0.03,716.0,4578.0,0.6562534375000001,False,CALL,2026-01-30,PTON
PTON260130C00006500,6.5,0.01,0.0,0.01,511.0,8649.0,0.937500625,False,CALL,2026-01-30,PTON
PTON260130C00007000,7.0,0.01,0.0,0.01,13.0,3125.0,1.3750031249999999,False,CALL,2026-01-30,PTON
PTON260130P00004500,4.5,0.02,0.0,0.03,54.0,55.0,1.9375003125,False,PUT,2026-01-30,PTON
PTON260130P00005000,5.0,0.01,0.0,0.01,10.0,178.0,0.937500625,False,PUT,2026-01-30,PTON
PTON260130P00005500,5.5,0.08,0.01,0.06,425.0,749.0,0.64062859375,False,PUT,2026-01-30,PTON
PTON260130P00006000,6.0,0.35,0.3,0.37,380.0,1331.0,0.7500025,True,PUT,2026-01-30,PTON
PTON260130P00006500,6.5,0.88,0.79,0.96,32.0,661.0,1.8125009374999999,True,PUT,2026-01-30,PTON
PTON260130P00007000,7.0,1.3,1.26,1.49,2.0,816.0,2.4218789453125,True,PUT,2026-01-30,PTON
PTON260206C00004500,4.5,2.21,1.0,1.75,,1.0,1.8828130859374999,True,CALL,2026-02-06,PTON
PTON260206C00005000,5.0,0.79,0.72,0.86,505.0,15.0,0.9960937890625,True,CALL,2026-02-06,PTON
PTON260206C00005500,5.5,0.48,0.43,0.5,11.0,44.0,1.0234423828125,True,CALL,2026-02-06,PTON
PTON260206C00006000,6.0,0.25,0.26,0.34,4196.0,690.0,1.19141029296875,False,CALL,2026-02-06,PTON
PTON260206C00006500,6.5,0.12,0.13,0.15,269.0,2328.0,1.12109814453125,False,CALL,2026-02-06,PTON
PTON260206C00007000,7.0,0.11,0.07,0.11,91.0,3225.0,1.2343788281249999,False,CALL,2026-02-06,PTON
PTON260206P00005000,5.0,0.13,0.11,0.13,113.0,287.0,1.1015669921875002,False,PUT,2026-02-06,PTON
PTON260206P00005500,5.5,0.31,0.28,0.33,40.0,344.0,1.125004375,False,PUT,2026-02-06,PTON
PTON260206P00006000,6.0,0.6,0.55,0.62,13.0,584.0,1.1328168359375002,True,PUT,2026-02-06,PTON
PTON260206P00006500,6.5,0.95,0.92,1.0,290.0,570.0,1.171879140625,True,PUT,2026-02-06,PTON
PTON260206P00007000,7.0,1.41,1.31,1.58,42.0,1851.0,1.4453152734375,True,PUT,2026-02-06,PTON
PTON260213C00004500,4.5,1.4,1.09,1.56,411.0,536.0,1.2421912890624998,True,CALL,2026-02-13,PTON
PTON260213C00005000,5.0,0.96,0.55,1.3,1.0,1.0,1.1328168359375002,True,CALL,2026-02-13,PTON
PTON260213C00005500,5.5,0.62,0.48,0.54,1.0,1.0,0.867188828125,True,CALL,2026-02-13,PTON
PTON260213C00006000,6.0,0.3,0.29,0.33,51.0,1669.0,0.914063359375,False,CALL,2026-02-13,PTON
PTON260213C00006500,6.5,0.17,0.16,0.19,59.0,268.0,0.929688203125,False,CALL,2026-02-13,PTON
PTON260213C00007000,7.0,0.19,0.08,0.14,3.0,568.0,0.992187578125,False,CALL,2026-02-13,PTON
PTON260213P00004500,4.5,0.05,0.05,0.07,5.0,18.0,0.9609378906249999,False,PUT,2026-02-13,PTON
PTON260213P00005000,5.0,0.1,0.12,0.19,1.0,39.0,0.9257819921875,False,PUT,2026-02-13,PTON
PTON260213P00005500,5.5,0.35,0.3,0.37,4.0,110.0,0.9101571484375,False,PUT,2026-02-13,PTON
PTON260213P00006000,6.0,0.61,0.59,0.66,12.0,396.0,0.937500625,True,PUT,2026-02-13,PTON
PTON260213P00006500,6.5,0.88,0.96,1.04,12.0,126.0,0.9804689453125001,True,PUT,2026-02-13,PTON
PTON260213P00007000,7.0,1.38,0.9,1.65,4.0,118.0,1.6015644921874999,True,PUT,2026-02-13,PTON
PTON260220C00004000,4.0,2.05,1.52,2.2,3.0,58.0,1.4960962695312499,True,CALL,2026-02-20,PTON
PTON260220C00005000,5.0,1.07,0.82,0.89,1.0,226.0,0.7851583984375,True,CALL,2026-02-20,PTON
PTON260220C00005500,5.5,0.54,0.52,0.57,30.0,52.0,0.789064609375,True,CALL,2026-02-20,PTON
PTON260220C00006000,6.0,0.32,0.32,0.36,159.0,1611.0,0.8164080859374999,False,CALL,2026-02-20,PTON
PTON260220C00006500,6.5,0.19,0.18,0.23,251.0,722.0,0.8359391406249999,False,CALL,2026-02-20,PTON
PTON260220C00007000,7.0,0.13,0.12,0.15,57.0,4795.0,0.8906260937499999,False,CALL,2026-02-20,PTON
PTON260220P00004000,4.0,0.07,0.0,0.75,,2.0,2.1093797265624996,False,PUT,2026-02-20,PTON
PTON260220P00004500,4.5,0.05,0.06,0.14,3.0,59.0,0.9414068359375,False,PUT,2026-02-20,PTON
PTON260220P00005000,5.0,0.13,0.14,0.21,41.0,631.0,0.8203142968749999,False,PUT,2026-02-20,PTON
PTON260220P00005500,5.5,0.38,0.33,0.38,26.0,461.0,0.79687703125,False,PUT,2026-02-20,PTON
PTON260220P00006000,6.0,0.67,0.62,0.69,14.0,7819.0,0.8339860351562498,True,PUT,2026-02-20,PTON
PTON260220P00006500,6.5,1.05,0.99,1.06,1.0,37.0,0.867188828125,True,PUT,2026-02-20,PTON
PTON260220P00007000,7.0,1.47,1.41,1.58,36.0,1860.0,1.015629921875,True,PUT,2026-02-20,PTON
PTON260227C00004500,4.5,1.48,0.2,1.75,4.0,3.0,1.8203133984375,True,CALL,2026-02-27,PTON
PTON260227C00005000,5.0,1.82,0.84,0.93,,1.0,0.7460962890625,True,CALL,2026-02-27,PTON
PTON260227C00005500,5.5,0.57,0.54,0.62,6.0,7.0,0.7460962890625,True,CALL,2026-02-27,PTON
PTON260227C00006000,6.0,0.42,0.32,0.41,1.0,80.0,0.7539087109375,False,CALL,2026-02-27,PTON
PTON260227C00006500,6.5,0.23,0.2,0.27,58.0,66.0,0.7851583984375,False,CALL,2026-02-27,PTON
PTON260227C00007000,7.0,0.15,0.11,0.18,4.0,126.0,0.8007832421875,False,CALL,2026-02-27,PTON
PTON260227P00004500,4.5,0.07,0.07,0.12,6.0,7.0,0.8125018749999999,False,PUT,2026-02-27,PTON
PTON260227P00005000,5.0,0.18,0.17,0.25,4.0,54.0,0.7851583984375,False,PUT,2026-02-27,PTON
PTON260227P00005500,5.5,0.29,0.36,0.45,67.0,127.0,0.7773459765625,False,PUT,2026-02-27,PTON
PTON260227P00006000,6.0,0.71,0.6,0.72,2.0,328.0,0.7382838671874999,True,PUT,2026-02-27,PTON
PTON260227P00006500,6.5,1.01,1.01,1.1,2.0,13.0,0.8125018749999999,True,PUT,2026-02-27,PTON
PTON260227P00007000,7.0,1.21,0.14,1.82,4.0,7.0,1.4492215039062502,True,PUT,2026-02-27,PTON
PTON260306C00007000,7.0,0.18,0.14,0.21,4.0,15.0,0.7753928710937501,False,CALL,2026-03-06,PTON
PTON260306P00005500,5.5,0.46,0.4,0.48,5.0,36.0,0.7500025,False,PUT,2026-03-06,PTON
PTON260320C00005000,5.0,0.97,0.94,1.02,5.0,12.0,0.7128934960937501,True,CALL,2026-03-20,PTON
PTON260320C00006000,6.0,0.6,0.44,0.53,52.0,140.0,0.7187528125,False,CALL,2026-03-20,PTON
PTON260320C00007000,7.0,0.25,0.21,0.27,4.0,451.0,0.7539087109375,False,CALL,2026-03-20,PTON
PTON260320P00004000,4.0,0.04,0.05,0.11,3.0,20.0,0.7929708203125,False,PUT,2026-03-20,PTON
PTON260320P00005000,5.0,0.28,0.25,0.32,9.0,948.0,0.7128934960937501,False,PUT,2026-03-20,PTON
PTON260320P00006000,6.0,0.79,0.78,0.83,28.0,136.0,0.7382838671874999,True,PUT,2026-03-20,PTON
PTON260320P00007000,7.0,1.55,1.49,1.58,2.0,66.0,0.7421900781249999,True,PUT,2026-03-20,PTON
PTON260417C00004000,4.0,1.7,1.7,1.9,3.0,251.0,0.6914093359375001,True,CALL,2026-04-17,PTON
PTON260417C00005000,5.0,1.21,1.03,1.13,19.0,324.0,0.68555001953125,True,CALL,2026-04-17,PTON
PTON260417C00006000,6.0,0.61,0.59,0.64,218.0,4324.0,0.70117486328125,False,CALL,2026-04-17,PTON
PTON260417C00007000,7.0,0.33,0.33,0.37,285.0,31662.0,0.7246121289062499,False,CALL,2026-04-17,PTON
PTON260417P00004000,4.0,0.07,0.09,0.14,160.0,625.0,0.710940390625,False,PUT,2026-04-17,PTON
PTON260417P00005000,5.0,0.38,0.35,0.4,40.0,27757.0,0.6738313867187502,False,PUT,2026-04-17,PTON
PTON260417P00006000,6.0,0.79,0.84,0.95,153.0,5148.0,0.6777375976562501,True,PUT,2026-04-17,PTON
PTON260417P00007000,7.0,1.65,1.58,1.68,1.0,1452.0,0.6992217578125001,True,PUT,2026-04-17,PTON
PTON260717C00004000,4.0,2.0,1.9,2.1,71.0,203.0,0.7050810742187501,True,CALL,2026-07-17,PTON
PTON260717C00005000,5.0,1.49,1.33,1.46,11.0,889.0,0.70117486328125,True,CALL,2026-07-17,PTON
PTON260717C00006000,6.0,0.96,0.91,1.01,10.0,17083.0,0.70117486328125,False,CALL,2026-07-17,PTON
PTON260717C00007000,7.0,0.66,0.64,0.68,44.0,2538.0,0.7041045214843751,False,CALL,2026-07-17,PTON
PTON260717P00004000,4.0,0.23,0.23,0.27,11.0,1311.0,0.648441015625,False,PUT,2026-07-17,PTON
PTON260717P00005000,5.0,0.59,0.59,0.65,260.0,26414.0,0.6425816992187501,False,PUT,2026-07-17,PTON
PTON260717P00006000,6.0,1.18,1.12,1.27,300.0,562.0,0.6562534375000001,True,PUT,2026-07-17,PTON
PTON260717P00007000,7.0,1.87,1.81,1.96,11.0,1920.0,0.6523472265625001,True,PUT,2026-07-17,PTON
PTON270115C00004000,4.0,2.59,2.13,2.86,5.0,418.0,0.8183611914062499,True,CALL,2027-01-15,PTON
PTON270115C00005000,5.0,1.87,1.85,1.92,3.0,1744.0,0.7382838671874999,True,CALL,2027-01-15,PTON
PTON270115C00007000,7.0,1.19,1.12,1.25,25.0,5986.0,0.725588681640625,False,CALL,2027-01-15,PTON
PTON270115P00004000,4.0,0.56,0.48,0.59,5.0,4246.0,0.647464462890625,False,PUT,2027-01-15,PTON
PTON270115P00005000,5.0,1.01,0.98,1.08,10.0,6004.0,0.6562534375000001,False,PUT,2027-01-15,PTON
PTON270115P00007000,7.0,2.13,2.13,2.39,7.0,2511.0,0.62305064453125,True,PUT,2027-01-15,PTON
PTON271217C00004000,4.0,3.1,2.65,3.15,1.0,26.0,0.770510107421875,True,CALL,2027-12-17,PTON
PTON271217C00005000,5.0,2.4,2.35,2.49,20.0,399.0,0.7314479980468749,True,CALL,2027-12-17,PTON
PTON271217C00007000,7.0,1.88,1.73,2.0,2.0,404.0,0.7417018017578124,False,CALL,2027-12-17,PTON
PTON271217P00004000,4.0,0.74,0.77,0.94,1.0,94.0,0.6103554589843752,False,PUT,2027-12-17,PTON
PTON271217P00005000,5.0,1.4,1.29,1.46,5.0,103.0,0.5976602734375001,False,PUT,2027-12-17,PTON
PTON271217P00007000,7.0,2.59,2.36,2.96,5.0,115.0,0.5742230078125,True,PUT,2027-12-17,PTON
PTON280121C00004000,4.0,3.5,2.73,3.2,1.0,146.0,0.7812521875,True,CALL,2028-01-21,PTON
PTON280121C00005000,5.0,2.65,2.37,2.94,11.0,260.0,0.804689453125,True,CALL,2028-01-21,PTON
PTON280121C00007000,7.0,2.0,1.7,2.0,2.0,4318.0,0.7187528125,False,CALL,2028-01-21,PTON
PTON280121P00004000,4.0,0.84,0.8,0.97,20.0,281.0,0.6088906298828126,False,PUT,2028-01-21,PTON
PTON280121P00005000,5.0,1.26,1.31,1.5,5.0,86.0,0.5942423388671876,False,PUT,2028-01-21,PTON
PTON280121P00007000,7.0,2.72,2.55,2.85,5.0,133.0,0.5727581787109376,True,PUT,2028-01-21,PTON
PYPL260130C00040000,40.0,13.75,10.95,14.75,1.0,10.0,4.652347934570313,True,CALL,2026-01-30,PYPL
PYPL260130C00045000,45.0,7.95,7.3,8.55,3.0,31.0,1.0390673046875003,True,CALL,2026-01-30,PYPL
PYPL260130C00047000,47.0,6.15,4.3,6.5,1.0,4.0,1.71484517578125,True,CALL,2026-01-30,PYPL
PYPL260130C00048000,48.0,7.42,4.3,5.5,3.0,4.0,1.51172119140625,True,CALL,2026-01-30,PYPL
PYPL260130C00049000,49.0,3.05,3.7,4.5,10.0,16.0,0.88476677734375,True,CALL,2026-01-30,PYPL
PYPL260130C00050000,50.0,2.91,2.58,3.05,121.0,125.0,0.6523472265625001,True,CALL,2026-01-30,PYPL
PYPL260130C00051000,51.0,1.93,1.62,2.11,9.0,72.0,0.5468795312500001,True,CALL,2026-01-30,PYPL
PYPL260130C00052000,52.0,1.03,0.97,1.08,208.0,171.0,0.32813171874999997,True,CALL,2026-01-30,PYPL
PYPL260130C00053000,53.0,0.39,0.38,0.42,2586.0,262.0,0.29883513671874995,False,CALL,2026-01-30,PYPL
PYPL260130C00054000,54.0,0.13,0.12,0.13,5644.0,2309.0,0.31641308593749995,False,CALL,2026-01-30,PYPL
PYPL260130C00055000,55.0,0.04,0.04,0.05,4627.0,4928.0,0.367193828125,False,CALL,2026-01-30,PYPL
PYPL260130C00056000,56.0,0.02,0.02,0.03,3228.0,7174.0,0.445318046875,False,CALL,2026-01-30,PYPL
PYPL260130C00057000,57.0,0.01,0.01,0.02,1158.0,5278.0,0.51562984375,False,CALL,2026-01-30,PYPL
PYPL260130C00058000,58.0,0.01,0.01,0.02,837.0,6585.0,0.585941640625,False,CALL,2026-01-30,PYPL
PYPL260130C00059000,59.0,0.01,0.01,0.02,331.0,8345.0,0.6796907031250001,False,CALL,2026-01-30,PYPL
PYPL260130C00060000,60.0,0.02,0.0,0.02,1197.0,10498.0,0.7187528125,False,CALL,2026-01-30,PYPL
PYPL260130C00061000,61.0,0.03,0.0,0.03,202.0,1904.0,0.85937640625,False,CALL,2026-01-30,PYPL
PYPL260130C00062000,62.0,0.01,0.0,0.02,128.0,2034.0,0.8906260937499999,False,CALL,2026-01-30,PYPL
PYPL260130C00063000,63.0,0.01,0.0,0.02,22.0,2051.0,0.9687503125,False,CALL,2026-01-30,PYPL
PYPL260130C00064000,64.0,0.01,0.0,0.08,4.0,1495.0,1.2500037499999999,False,CALL,2026-01-30,PYPL
PYPL260130C00065000,65.0,0.02,0.0,0.03,29.0,2690.0,1.171879140625,False,CALL,2026-01-30,PYPL
PYPL260130C00066000,66.0,0.02,0.0,0.31,21.0,640.0,1.79296978515625,False,CALL,2026-01-30,PYPL
PYPL260130C00067000,67.0,0.02,0.0,0.08,25.0,942.0,1.5000025,False,CALL,2026-01-30,PYPL
PYPL260130C00068000,68.0,0.01,0.0,0.05,1.0,460.0,1.484377578125,False,CALL,2026-01-30,PYPL
PYPL260130P00040000,40.0,0.01,0.0,0.04,1.0,19.0,1.640626796875,False,PUT,2026-01-30,PYPL
PYPL260130P00045000,45.0,0.05,0.0,0.06,1.0,4.0,1.0781296093750001,False,PUT,2026-01-30,PYPL
PYPL260130P00047000,47.0,0.05,0.0,0.02,5.0,13.0,0.70312796875,False,PUT,2026-01-30,PYPL
PYPL260130P00048000,48.0,0.03,0.0,0.32,20.0,30.0,0.992187578125,False,PUT,2026-01-30,PYPL
PYPL260130P00049000,49.0,0.01,0.01,0.05,10.0,147.0,0.570316796875,False,PUT,2026-01-30,PYPL
PYPL260130P00050000,50.0,0.02,0.01,0.02,2238.0,435.0,0.414068359375,False,PUT,2026-01-30,PYPL
PYPL260130P00051000,51.0,0.04,0.04,0.05,1441.0,621.0,0.35352208984374994,False,PUT,2026-01-30,PYPL
PYPL260130P00052000,52.0,0.17,0.15,0.18,3978.0,1511.0,0.32813171874999997,False,PUT,2026-01-30,PYPL
PYPL260130P00053000,53.0,0.61,0.53,0.58,1901.0,4945.0,0.33789724609375,True,PUT,2026-01-30,PYPL
PYPL260130P00054000,54.0,1.29,1.17,1.34,1834.0,3368.0,0.4101621484375,True,PUT,2026-01-30,PYPL
PYPL260130P00055000,55.0,2.2,2.12,2.2,918.0,5266.0,0.4414118359375,True,PUT,2026-01-30,PYPL
PYPL260130P00056000,56.0,3.2,3.1,3.3,380.0,5490.0,0.5800823242187501,True,PUT,2026-01-30,PYPL
PYPL260130P00057000,57.0,4.19,4.15,4.25,491.0,1776.0,0.70898728515625,True,PUT,2026-01-30,PYPL
PYPL260130P00058000,58.0,5.15,5.1,5.2,548.0,1337.0,0.7187528125,True,PUT,2026-01-30,PYPL
PYPL260130P00059000,59.0,6.24,6.05,6.45,73.0,911.0,1.0390673046875003,True,PUT,2026-01-30,PYPL
PYPL260130P00060000,60.0,7.19,7.1,7.35,34.0,602.0,1.109379453125,True,PUT,2026-01-30,PYPL
PYPL260130P00061000,61.0,8.13,7.9,8.4,6.0,144.0,1.0234423828125,True,PUT,2026-01-30,PYPL
PYPL260130P00062000,62.0,9.1,9.05,9.35,4.0,61.0,1.2695349023437497,True,PUT,2026-01-30,PYPL
PYPL260130P00063000,63.0,8.53,9.85,10.55,6.0,73.0,1.3671906640625,True,PUT,2026-01-30,PYPL
PYPL260130P00064000,64.0,9.0,10.75,11.5,12.0,7.0,1.171879140625,True,PUT,2026-01-30,PYPL
PYPL260130P00065000,65.0,10.44,11.55,12.5,1.0,33.0,2.1113328466796872,True,PUT,2026-01-30,PYPL
PYPL260130P00066000,66.0,10.72,12.4,13.75,112.0,0.0,2.5390661523437497,True,PUT,2026-01-30,PYPL
PYPL260130P00067000,67.0,11.73,13.3,14.95,130.0,0.0,1.40625296875,True,PUT,2026-01-30,PYPL
PYPL260130P00068000,68.0,11.3,13.35,17.1,13.0,0.0,1.90234423828125,True,PUT,2026-01-30,PYPL
PYPL260206C00040000,40.0,15.47,12.55,14.4,4.0,14.0,1.4658229833984375,True,CALL,2026-02-06,PYPL
PYPL260206C00045000,45.0,8.27,7.75,8.5,11.0,34.0,0.7509790527343749,True,CALL,2026-02-06,PYPL
PYPL260206C00046000,46.0,7.25,7.0,7.3,1.0,1.0,0.6914093359375001,True,CALL,2026-02-06,PYPL
PYPL260206C00047000,47.0,6.6,5.9,6.45,4.0,18.0,0.6269568554687501,True,CALL,2026-02-06,PYPL
PYPL260206C00048000,48.0,6.25,5.15,5.55,85.0,12.0,0.64062859375,True,CALL,2026-02-06,PYPL
PYPL260206C00049000,49.0,4.45,4.45,4.75,2.0,1.0,0.6577182666015625,True,CALL,2026-02-06,PYPL
PYPL260206C00050000,50.0,3.96,3.85,4.05,151.0,161.0,0.6835969140625001,True,CALL,2026-02-06,PYPL
PYPL260206C00051000,51.0,3.3,3.2,3.4,13.0,112.0,0.6831086376953126,True,CALL,2026-02-06,PYPL
PYPL260206C00052000,52.0,2.78,2.65,2.8,37.0,87.0,0.6835969140625001,True,CALL,2026-02-06,PYPL
PYPL260206C00053000,53.0,2.25,2.21,2.28,516.0,132.0,0.6918976123046876,False,CALL,2026-02-06,PYPL
PYPL260206C00054000,54.0,1.75,1.72,1.83,606.0,258.0,0.6821320849609377,False,CALL,2026-02-06,PYPL
PYPL260206C00055000,55.0,1.42,1.42,1.46,2153.0,989.0,0.69336244140625,False,CALL,2026-02-06,PYPL
PYPL260206C00056000,56.0,1.11,1.11,1.15,2214.0,2654.0,0.69336244140625,False,CALL,2026-02-06,PYPL
PYPL260206C00057000,57.0,0.87,0.85,0.89,841.0,3234.0,0.6914093359375001,False,CALL,2026-02-06,PYPL
PYPL260206C00058000,58.0,0.68,0.66,0.7,1365.0,2175.0,0.6982452050781252,False,CALL,2026-02-06,PYPL
PYPL260206C00059000,59.0,0.53,0.52,0.55,1807.0,1871.0,0.708010732421875,False,CALL,2026-02-06,PYPL
PYPL260206C00060000,60.0,0.42,0.41,0.42,786.0,11781.0,0.7148466015625,False,CALL,2026-02-06,PYPL
PYPL260206C00061000,61.0,0.35,0.32,0.34,199.0,2864.0,0.727541787109375,False,CALL,2026-02-06,PYPL
PYPL260206C00062000,62.0,0.27,0.26,0.28,341.0,1807.0,0.745119736328125,False,CALL,2026-02-06,PYPL
PYPL260206C00063000,63.0,0.21,0.2,0.22,220.0,926.0,0.752932158203125,False,CALL,2026-02-06,PYPL
PYPL260206C00064000,64.0,0.18,0.16,0.18,40.0,1301.0,0.7675804492187501,False,CALL,2026-02-06,PYPL
PYPL260206C00065000,65.0,0.15,0.14,0.15,657.0,4878.0,0.789064609375,False,CALL,2026-02-06,PYPL
PYPL260206C00066000,66.0,0.13,0.11,0.14,13.0,1222.0,0.8105487695312499,False,CALL,2026-02-06,PYPL
PYPL260206C00067000,67.0,0.11,0.1,0.12,14.0,572.0,0.8339860351562498,False,CALL,2026-02-06,PYPL
PYPL260206C00068000,68.0,0.1,0.08,0.12,73.0,871.0,0.86132951171875,False,CALL,2026-02-06,PYPL
PYPL260206P00040000,40.0,0.02,0.0,0.02,26.0,360.0,0.70312796875,False,PUT,2026-02-06,PYPL
PYPL260206P00043000,43.0,0.07,0.06,0.09,63.0,47.0,0.726565234375,False,PUT,2026-02-06,PYPL
PYPL260206P00044000,44.0,0.12,0.11,0.12,3.0,35.0,0.71679970703125,False,PUT,2026-02-06,PYPL
PYPL260206P00045000,45.0,0.17,0.16,0.18,100.0,2132.0,0.70312796875,False,PUT,2026-02-06,PYPL
PYPL260206P00046000,46.0,0.27,0.24,0.3,91.0,123.0,0.7060576269531251,False,PUT,2026-02-06,PYPL
PYPL260206P00047000,47.0,0.39,0.3,0.43,20.0,1583.0,0.6835969140625001,False,PUT,2026-02-06,PYPL
PYPL260206P00048000,48.0,0.56,0.54,0.6,254.0,485.0,0.6992217578125001,False,PUT,2026-02-06,PYPL
PYPL260206P00049000,49.0,0.8,0.74,0.81,663.0,13420.0,0.6884796777343751,False,PUT,2026-02-06,PYPL
PYPL260206P00049500,49.5,0.9,0.88,1.0,228.0,399.0,0.6997100341796876,False,PUT,2026-02-06,PYPL
PYPL260206P00050000,50.0,1.07,1.04,1.07,3755.0,5525.0,0.68555001953125,False,PUT,2026-02-06,PYPL
PYPL260206P00051000,51.0,1.44,1.39,1.48,653.0,1923.0,0.694338994140625,False,PUT,2026-02-06,PYPL
PYPL260206P00052000,52.0,1.81,1.81,1.88,1290.0,2831.0,0.6904327832031252,False,PUT,2026-02-06,PYPL
PYPL260206P00053000,53.0,2.31,2.32,2.37,1607.0,1876.0,0.692385888671875,True,PUT,2026-02-06,PYPL
PYPL260206P00054000,54.0,2.92,2.85,3.0,1547.0,4237.0,0.6972686523437501,True,PUT,2026-02-06,PYPL
PYPL260206P00055000,55.0,3.55,3.45,3.65,595.0,4224.0,0.6967803759765626,True,PUT,2026-02-06,PYPL
PYPL260206P00056000,56.0,4.25,4.1,4.35,291.0,1924.0,0.6918976123046876,True,PUT,2026-02-06,PYPL
PYPL260206P00057000,57.0,5.02,4.85,5.15,880.0,2509.0,0.70312796875,True,PUT,2026-02-06,PYPL
PYPL260206P00058000,58.0,5.85,5.7,5.95,349.0,1340.0,0.71679970703125,True,PUT,2026-02-06,PYPL
PYPL260206P00059000,59.0,6.69,6.35,6.95,74.0,814.0,0.7148466015625,True,PUT,2026-02-06,PYPL
PYPL260206P00060000,60.0,7.57,7.45,7.65,94.0,1166.0,0.7334011035156249,True,PUT,2026-02-06,PYPL
PYPL260206P00061000,61.0,8.24,8.0,8.8,11.0,264.0,0.70898728515625,True,PUT,2026-02-06,PYPL
PYPL260206P00062000,62.0,9.24,9.25,9.7,27.0,168.0,0.813478427734375,True,PUT,2026-02-06,PYPL
PYPL260206P00063000,63.0,10.29,9.85,10.65,2.0,48.0,0.6992217578125001,True,PUT,2026-02-06,PYPL
PYPL260206P00064000,64.0,11.35,11.2,11.65,28.0,1016.0,0.89257919921875,True,PUT,2026-02-06,PYPL
PYPL260206P00065000,65.0,10.9,12.1,12.6,31.0,61.0,0.8867198828124999,True,PUT,2026-02-06,PYPL
PYPL260206P00066000,66.0,9.85,12.8,13.6,1.0,30.0,0.77929908203125,True,PUT,2026-02-06,PYPL
PYPL260206P00067000,67.0,10.92,13.7,14.55,2.0,33.0,0.6640658593750002,True,PUT,2026-02-06,PYPL
PYPL260206P00068000,68.0,11.08,13.75,15.55,4.0,53.0,1.1816447167968749,True,PUT,2026-02-06,PYPL
PYPL260213C00040000,40.0,15.65,12.15,14.5,,1.0,1.01172369140625,True,CALL,2026-02-13,PYPL
PYPL260213C00045000,45.0,11.82,7.85,8.65,,15.0,0.6337927246093751,True,CALL,2026-02-13,PYPL
PYPL260213C00046000,46.0,9.55,6.9,7.5,1.0,22.0,0.5449264257812501,True,CALL,2026-02-13,PYPL
PYPL260213C00047000,47.0,7.3,6.05,6.9,45.0,9.0,0.596683720703125,True,CALL,2026-02-13,PYPL
PYPL260213C00049000,49.0,5.15,4.6,5.05,6.0,51.0,0.56055126953125,True,CALL,2026-02-13,PYPL
PYPL260213C00050000,50.0,4.4,3.95,4.3,26.0,64.0,0.5590864404296876,True,CALL,2026-02-13,PYPL
PYPL260213C00051000,51.0,3.67,3.3,3.7,11.0,74.0,0.5610395458984375,True,CALL,2026-02-13,PYPL
PYPL260213C00052000,52.0,2.97,2.89,3.1,8.0,30.0,0.5751995605468749,True,CALL,2026-02-13,PYPL
PYPL260213C00053000,53.0,2.51,2.44,2.58,108.0,84.0,0.579105771484375,False,CALL,2026-02-13,PYPL
PYPL260213C00054000,54.0,2.05,1.97,2.12,69.0,123.0,0.5732464550781251,False,CALL,2026-02-13,PYPL
PYPL260213C00055000,55.0,1.65,1.62,1.74,92.0,128.0,0.5764202514648438,False,CALL,2026-02-13,PYPL
PYPL260213C00056000,56.0,1.45,1.24,1.5,11.0,301.0,0.5795940478515625,False,CALL,2026-02-13,PYPL
PYPL260213C00057000,57.0,1.08,1.04,1.13,540.0,253.0,0.5766643896484375,False,CALL,2026-02-13,PYPL
PYPL260213C00058000,58.0,0.83,0.84,0.9,157.0,347.0,0.5800823242187501,False,CALL,2026-02-13,PYPL
PYPL260213C00059000,59.0,0.78,0.65,0.73,7.0,448.0,0.5825237060546875,False,CALL,2026-02-13,PYPL
PYPL260213C00060000,60.0,0.53,0.53,0.58,222.0,1816.0,0.5888712988281251,False,CALL,2026-02-13,PYPL
PYPL260213C00061000,61.0,0.44,0.43,0.48,52.0,179.0,0.5991251025390626,False,CALL,2026-02-13,PYPL
PYPL260213C00062000,62.0,0.41,0.34,0.4,99.0,643.0,0.6074258007812501,False,CALL,2026-02-13,PYPL
PYPL260213C00063000,63.0,0.3,0.29,0.32,21.0,452.0,0.6181678808593751,False,CALL,2026-02-13,PYPL
PYPL260213C00064000,64.0,0.25,0.23,0.3,30.0,169.0,0.6357458300781251,False,CALL,2026-02-13,PYPL
PYPL260213C00065000,65.0,0.23,0.2,0.41,118.0,1466.0,0.6972686523437501,False,CALL,2026-02-13,PYPL
PYPL260213C00066000,66.0,0.17,0.1,0.27,3.0,194.0,0.657229990234375,False,CALL,2026-02-13,PYPL
PYPL260213C00067000,67.0,0.2,0.01,0.38,3.0,121.0,0.6992217578125001,False,CALL,2026-02-13,PYPL
PYPL260213C00068000,68.0,0.18,0.01,0.22,30.0,138.0,0.6621127539062501,False,CALL,2026-02-13,PYPL
PYPL260213P00040000,40.0,0.04,0.01,0.07,2.0,6.0,0.6367223828125,False,PUT,2026-02-13,PYPL
PYPL260213P00044000,44.0,0.17,0.01,0.37,1.0,2.0,0.5996133789062501,False,PUT,2026-02-13,PYPL
PYPL260213P00045000,45.0,0.27,0.21,0.34,24.0,54.0,0.5937540625000001,False,PUT,2026-02-13,PYPL
PYPL260213P00046000,46.0,0.3,0.29,0.41,1.0,27.0,0.570316796875,False,PUT,2026-02-13,PYPL
PYPL260213P00047000,47.0,0.5,0.47,0.56,42.0,12410.0,0.5742230078125,False,PUT,2026-02-13,PYPL
PYPL260213P00048000,48.0,0.7,0.59,0.77,15.0,242.0,0.5620160986328125,False,PUT,2026-02-13,PYPL
PYPL260213P00049000,49.0,0.93,0.91,0.99,39.0,126.0,0.56836369140625,False,PUT,2026-02-13,PYPL
PYPL260213P00050000,50.0,1.25,1.21,1.31,119.0,610.0,0.56836369140625,False,PUT,2026-02-13,PYPL
PYPL260213P00051000,51.0,1.67,1.56,1.74,47.0,361.0,0.5732464550781251,False,PUT,2026-02-13,PYPL
PYPL260213P00052000,52.0,2.05,1.93,2.08,43.0,592.0,0.5546919531250001,False,PUT,2026-02-13,PYPL
PYPL260213P00053000,53.0,2.52,2.48,2.58,76.0,353.0,0.5610395458984375,True,PUT,2026-02-13,PYPL
PYPL260213P00054000,54.0,3.1,3.0,3.2,64.0,413.0,0.5629926513671876,True,PUT,2026-02-13,PYPL
PYPL260213P00055000,55.0,3.69,3.65,3.85,36.0,1241.0,0.5698285205078125,True,PUT,2026-02-13,PYPL
PYPL260213P00056000,56.0,4.4,4.3,4.55,23.0,241.0,0.5688519677734375,True,PUT,2026-02-13,PYPL
PYPL260213P00057000,57.0,5.05,5.0,5.3,15.0,227.0,0.5678754150390625,True,PUT,2026-02-13,PYPL
PYPL260213P00058000,58.0,5.97,5.8,6.1,49.0,272.0,0.5747112841796875,True,PUT,2026-02-13,PYPL
PYPL260213P00059000,59.0,6.73,6.45,7.1,16.0,278.0,0.57812921875,True,PUT,2026-02-13,PYPL
PYPL260213P00060000,60.0,7.65,7.55,7.8,6.0,224.0,0.596683720703125,True,PUT,2026-02-13,PYPL
PYPL260213P00061000,61.0,7.07,8.0,8.95,106.0,98.0,0.5664105859375,True,PUT,2026-02-13,PYPL
PYPL260213P00062000,62.0,9.18,9.0,9.85,2.0,12.0,0.586918193359375,True,PUT,2026-02-13,PYPL
PYPL260213P00063000,63.0,10.2,10.25,10.75,1.0,78.0,0.6650424121093752,True,PUT,2026-02-13,PYPL
PYPL260213P00064000,64.0,10.2,11.25,11.8,8.0,25.0,0.717776259765625,True,PUT,2026-02-13,PYPL
PYPL260213P00065000,65.0,12.4,11.8,12.7,1.0,28.0,0.59570716796875,True,PUT,2026-02-13,PYPL
PYPL260213P00066000,66.0,13.24,12.75,13.65,1.0,14.0,0.5839885351562499,True,PUT,2026-02-13,PYPL
PYPL260213P00067000,67.0,10.5,13.75,14.6,3.0,6.0,0.585941640625,True,PUT,2026-02-13,PYPL
PYPL260213P00068000,68.0,11.55,14.75,15.6,1.0,76.0,0.6171913281250001,True,PUT,2026-02-13,PYPL
PYPL260220C00037500,37.5,23.65,19.85,24.05,15.0,16.0,2.9204128552246096,True,CALL,2026-02-20,PYPL
PYPL260220C00040000,40.0,13.34,12.6,14.45,10.0,241.0,0.93945373046875,True,CALL,2026-02-20,PYPL
PYPL260220C00042500,42.5,11.75,10.25,11.6,9.0,46.0,0.74414318359375,True,CALL,2026-02-20,PYPL
PYPL260220C00045000,45.0,9.6,7.95,9.65,6.0,17.0,0.7221707470703125,True,CALL,2026-02-20,PYPL
PYPL260220C00047500,47.5,6.65,5.9,6.3,1.0,15.0,0.5048877636718749,True,CALL,2026-02-20,PYPL
PYPL260220C00049000,49.0,5.45,4.7,5.15,1.0,10.0,0.5444381494140625,True,CALL,2026-02-20,PYPL
PYPL260220C00050000,50.0,4.35,4.2,4.45,231.0,808.0,0.5097705273437501,True,CALL,2026-02-20,PYPL
PYPL260220C00052000,52.0,3.11,3.0,3.35,249.0,22.0,0.514653291015625,True,CALL,2026-02-20,PYPL
PYPL260220C00052500,52.5,2.9,2.82,2.98,181.0,332.0,0.5109912182617188,True,CALL,2026-02-20,PYPL
PYPL260220C00053000,53.0,2.64,2.6,2.7,148.0,5.0,0.5092822509765625,False,CALL,2026-02-20,PYPL
PYPL260220C00054000,54.0,2.17,2.16,2.3,171.0,209.0,0.5131884619140624,False,CALL,2026-02-20,PYPL
PYPL260220C00055000,55.0,1.78,1.79,1.86,378.0,1947.0,0.5090381127929688,False,CALL,2026-02-20,PYPL
PYPL260220C00056000,56.0,1.46,1.45,1.56,77.0,563.0,0.5112353564453125,False,CALL,2026-02-20,PYPL
PYPL260220C00057000,57.0,1.17,1.16,1.23,77.0,371.0,0.5048877636718749,False,CALL,2026-02-20,PYPL
PYPL260220C00057500,57.5,1.09,1.07,1.11,164.0,4921.0,0.5092822509765625,False,CALL,2026-02-20,PYPL
PYPL260220C00058000,58.0,0.98,0.94,1.02,57.0,150.0,0.5097705273437501,False,CALL,2026-02-20,PYPL
PYPL260220C00059000,59.0,0.84,0.7,0.84,21.0,293.0,0.506840869140625,False,CALL,2026-02-20,PYPL
PYPL260220C00060000,60.0,0.64,0.63,0.65,970.0,9399.0,0.5161181201171875,False,CALL,2026-02-20,PYPL
PYPL260220C00061000,61.0,0.59,0.5,0.55,79.0,474.0,0.5224657128906249,False,CALL,2026-02-20,PYPL
PYPL260220C00062000,62.0,0.44,0.4,0.5,26.0,1415.0,0.5361374511718751,False,CALL,2026-02-20,PYPL
PYPL260220C00062500,62.5,0.39,0.4,0.41,1033.0,5029.0,0.5380905566406251,False,CALL,2026-02-20,PYPL
PYPL260220C00063000,63.0,0.42,0.33,0.46,66.0,212.0,0.551762294921875,False,CALL,2026-02-20,PYPL
PYPL260220C00064000,64.0,0.34,0.28,0.33,30.0,205.0,0.5488326367187502,False,CALL,2026-02-20,PYPL
PYPL260220C00065000,65.0,0.27,0.26,0.27,2251.0,20457.0,0.5625043750000001,False,CALL,2026-02-20,PYPL
PYPL260220C00066000,66.0,0.23,0.22,0.24,32.0,1310.0,0.5742230078125,False,CALL,2026-02-20,PYPL
PYPL260220C00067000,67.0,0.2,0.14,0.27,40.0,100.0,0.5888712988281251,False,CALL,2026-02-20,PYPL
PYPL260220C00067500,67.5,0.19,0.18,0.2,71.0,3954.0,0.5937540625000001,False,CALL,2026-02-20,PYPL
PYPL260220C00068000,68.0,0.22,0.1,0.34,50.0,121.0,0.6259803027343751,False,CALL,2026-02-20,PYPL
PYPL260220P00037500,37.5,0.08,0.0,0.12,25.0,665.0,0.6757844921875001,False,PUT,2026-02-20,PYPL
PYPL260220P00040000,40.0,0.09,0.05,0.09,15.0,3027.0,0.5800823242187501,False,PUT,2026-02-20,PYPL
PYPL260220P00042500,42.5,0.14,0.13,0.16,23.0,449.0,0.5410202148437502,False,PUT,2026-02-20,PYPL
PYPL260220P00045000,45.0,0.33,0.31,0.35,318.0,636.0,0.5205126074218749,False,PUT,2026-02-20,PYPL
PYPL260220P00046000,46.0,0.47,0.43,0.47,19.0,4.0,0.5136767382812499,False,PUT,2026-02-20,PYPL
PYPL260220P00047000,47.0,0.55,0.59,0.64,45.0,200.0,0.5107470800781251,False,PUT,2026-02-20,PYPL
PYPL260220P00047500,47.5,0.7,0.67,0.74,15.0,1653.0,0.506840869140625,False,PUT,2026-02-20,PYPL
PYPL260220P00048000,48.0,0.82,0.81,0.85,99.0,72.0,0.5097705273437501,False,PUT,2026-02-20,PYPL
PYPL260220P00049000,49.0,1.1,1.05,1.14,112.0,180.0,0.5085498364257812,False,PUT,2026-02-20,PYPL
PYPL260220P00050000,50.0,1.42,1.38,1.44,389.0,28029.0,0.5065967309570312,False,PUT,2026-02-20,PYPL
PYPL260220P00051000,51.0,1.86,1.75,1.83,70.0,230.0,0.5063525927734375,False,PUT,2026-02-20,PYPL
PYPL260220P00052000,52.0,2.22,2.15,2.26,352.0,619.0,0.5012256909179689,False,PUT,2026-02-20,PYPL
PYPL260220P00052500,52.5,2.48,2.4,2.54,223.0,4922.0,0.5053760400390624,False,PUT,2026-02-20,PYPL
PYPL260220P00053000,53.0,2.74,2.66,2.85,99.0,555.0,0.5105029418945313,True,PUT,2026-02-20,PYPL
PYPL260220P00054000,54.0,3.3,3.2,3.55,65.0,541.0,0.5219774365234374,True,PUT,2026-02-20,PYPL
PYPL260220P00055000,55.0,3.9,3.8,3.95,2082.0,12040.0,0.5141650146484374,True,PUT,2026-02-20,PYPL
PYPL260220P00056000,56.0,4.58,4.45,4.6,22.0,482.0,0.5102588037109376,True,PUT,2026-02-20,PYPL
PYPL260220P00057000,57.0,5.3,5.1,5.4,7.0,466.0,0.5278367529296876,True,PUT,2026-02-20,PYPL
PYPL260220P00057500,57.5,5.7,5.6,5.75,130.0,4582.0,0.50586431640625,True,PUT,2026-02-20,PYPL
PYPL260220P00058000,58.0,6.02,5.85,6.25,6.0,298.0,0.5029346582031251,True,PUT,2026-02-20,PYPL
PYPL260220P00059000,59.0,6.5,5.8,7.2,1.0,339.0,0.5883830224609375,True,PUT,2026-02-20,PYPL
PYPL260220P00060000,60.0,7.75,7.65,7.8,379.0,7498.0,0.5117236328125,True,PUT,2026-02-20,PYPL
PYPL260220P00061000,61.0,8.58,8.5,8.95,2.0,11.0,0.5537154003906251,True,PUT,2026-02-20,PYPL
PYPL260220P00062000,62.0,9.11,8.2,9.85,2.0,47.0,0.63086306640625,True,PUT,2026-02-20,PYPL
PYPL260220P00062500,62.5,9.85,9.9,10.35,8.0,1829.0,0.5805706005859376,True,PUT,2026-02-20,PYPL
PYPL260220P00063000,63.0,10.43,10.25,10.65,1.0,43.0,0.5346726220703125,True,PUT,2026-02-20,PYPL
PYPL260220P00065000,65.0,12.03,12.2,12.7,103.0,1129.0,0.6015664843750002,True,PUT,2026-02-20,PYPL
PYPL260220P00066000,66.0,12.15,11.9,13.8,8.0,5.0,0.7656273437500001,True,PUT,2026-02-20,PYPL
PYPL260220P00067000,67.0,11.55,13.05,14.65,3.0,7.0,0.747072841796875,True,PUT,2026-02-20,PYPL
PYPL260220P00067500,67.5,14.73,14.6,15.1,6.0,1169.0,0.629886513671875,True,PUT,2026-02-20,PYPL
PYPL260220P00068000,68.0,11.6,13.95,15.6,4.0,8.0,0.7597680273437502,True,PUT,2026-02-20,PYPL
PYPL260227C00049000,49.0,5.45,4.9,5.25,4.0,3.0,0.49658706542968756,True,CALL,2026-02-27,PYPL
PYPL260227C00050000,50.0,4.48,4.25,4.55,1.0,2.0,0.4880422290039063,True,CALL,2026-02-27,PYPL
PYPL260227C00051000,51.0,3.75,3.7,3.95,2.0,7.0,0.4887746435546876,True,CALL,2026-02-27,PYPL
PYPL260227C00052000,52.0,3.26,3.15,3.4,17.0,1.0,0.48828636718750007,True,CALL,2026-02-27,PYPL
PYPL260227C00053000,53.0,2.83,2.66,2.89,24.0,4.0,0.4858449853515625,False,CALL,2026-02-27,PYPL
PYPL260227C00054000,54.0,2.3,2.24,2.42,8.0,15.0,0.48071808349609374,False,CALL,2026-02-27,PYPL
PYPL260227C00055000,55.0,1.92,1.9,2.01,5.0,95.0,0.4770560107421875,False,CALL,2026-02-27,PYPL
PYPL260227C00056000,56.0,1.65,1.57,1.68,2.0,130.0,0.47852083984375,False,CALL,2026-02-27,PYPL
PYPL260227C00057000,57.0,1.44,1.28,1.41,9.0,259.0,0.48242705078125003,False,CALL,2026-02-27,PYPL
PYPL260227C00058000,58.0,1.16,0.97,1.17,4.0,78.0,0.4846242944335938,False,CALL,2026-02-27,PYPL
PYPL260227C00059000,59.0,0.91,0.9,0.95,27.0,214.0,0.48340360351562506,False,CALL,2026-02-27,PYPL
PYPL260227C00060000,60.0,0.75,0.72,0.8,37.0,853.0,0.49023947265625006,False,CALL,2026-02-27,PYPL
PYPL260227C00061000,61.0,0.64,0.6,0.66,6.0,91.0,0.4936574072265626,False,CALL,2026-02-27,PYPL
PYPL260227C00062000,62.0,0.53,0.48,0.59,63.0,241.0,0.5097705273437501,False,CALL,2026-02-27,PYPL
PYPL260227C00063000,63.0,0.46,0.38,0.53,1179.0,56.0,0.5029346582031251,False,CALL,2026-02-27,PYPL
PYPL260227C00064000,64.0,0.45,0.34,0.52,6.0,92.0,0.52539537109375,False,CALL,2026-02-27,PYPL
PYPL260227C00065000,65.0,0.3,0.29,0.34,50.0,319.0,0.5127001855468749,False,CALL,2026-02-27,PYPL
PYPL260227C00066000,66.0,0.27,0.04,0.5,10.0,64.0,0.5214891601562499,False,CALL,2026-02-27,PYPL
PYPL260227C00067000,67.0,0.28,0.02,0.59,3.0,58.0,0.5629926513671876,False,CALL,2026-02-27,PYPL
PYPL260227C00068000,68.0,0.2,0.0,0.33,1.0,18.0,0.51758294921875,False,CALL,2026-02-27,PYPL
PYPL260227P00040000,40.0,0.07,0.0,2.18,3.0,5.0,0.9829103271484375,False,PUT,2026-02-27,PYPL
PYPL260227P00045000,45.0,0.38,0.32,0.45,1.0,71.0,0.499028447265625,False,PUT,2026-02-27,PYPL
PYPL260227P00046000,46.0,0.53,0.45,0.68,40.0,23.0,0.51758294921875,False,PUT,2026-02-27,PYPL
PYPL260227P00047000,47.0,0.5,0.62,0.78,5.0,96.0,0.4897511962890626,False,PUT,2026-02-27,PYPL
PYPL260227P00048000,48.0,0.75,0.79,1.0,1.0,74.0,0.4848684326171875,False,PUT,2026-02-27,PYPL
PYPL260227P00049000,49.0,1.04,1.11,1.33,7.0,80.0,0.4929249926757813,False,PUT,2026-02-27,PYPL
PYPL260227P00050000,50.0,1.54,1.48,1.56,84.0,516.0,0.471684970703125,False,PUT,2026-02-27,PYPL
PYPL260227P00051000,51.0,1.77,1.67,2.01,16.0,167.0,0.4819387744140625,False,PUT,2026-02-27,PYPL
PYPL260227P00052000,52.0,2.45,2.27,2.4,10.0,180.0,0.471684970703125,False,PUT,2026-02-27,PYPL
PYPL260227P00053000,53.0,2.89,2.81,2.99,35.0,136.0,0.4858449853515625,True,PUT,2026-02-27,PYPL
PYPL260227P00054000,54.0,3.22,3.3,3.6,7.0,132.0,0.49414568359375005,True,PUT,2026-02-27,PYPL
PYPL260227P00055000,55.0,4.2,3.95,4.2,9.0,316.0,0.4924367163085938,True,PUT,2026-02-27,PYPL
PYPL260227P00056000,56.0,3.88,4.55,4.9,50.0,178.0,0.4995167236328125,True,PUT,2026-02-27,PYPL
PYPL260227P00057000,57.0,5.42,5.3,5.6,21.0,214.0,0.499028447265625,True,PUT,2026-02-27,PYPL
PYPL260227P00058000,58.0,5.69,6.1,6.35,1.0,44.0,0.5004932763671875,True,PUT,2026-02-27,PYPL
PYPL260227P00059000,59.0,6.0,5.4,7.35,4.0,43.0,0.5454147021484376,True,PUT,2026-02-27,PYPL
PYPL260227P00060000,60.0,7.72,7.8,8.05,13.0,73.0,0.524418818359375,True,PUT,2026-02-27,PYPL
PYPL260227P00061000,61.0,7.31,7.4,9.05,2.0,18.0,0.5634809277343751,True,PUT,2026-02-27,PYPL
PYPL260227P00062000,62.0,7.35,8.3,10.15,2.0,54.0,0.624027197265625,True,PUT,2026-02-27,PYPL
PYPL260227P00063000,63.0,10.65,10.45,10.75,16.0,28.0,0.5170946728515625,True,PUT,2026-02-27,PYPL
PYPL260227P00064000,64.0,9.08,10.95,11.85,1.0,10.0,0.6206092626953126,True,PUT,2026-02-27,PYPL
PYPL260227P00065000,65.0,11.4,10.6,12.8,1.0,38.0,0.6391637646484375,True,PUT,2026-02-27,PYPL
PYPL260227P00066000,66.0,12.21,11.95,13.75,1.0,12.0,0.6557651611328126,True,PUT,2026-02-27,PYPL
PYPL260227P00067000,67.0,14.07,13.0,15.25,1.0,3.0,0.8203142968749999,True,PUT,2026-02-27,PYPL
PYPL260227P00068000,68.0,12.57,13.9,15.65,2.0,5.0,0.6826203613281252,True,PUT,2026-02-27,PYPL
PYPL260306C00055000,55.0,2.26,2.05,2.24,17.0,91.0,0.4643608251953125,False,CALL,2026-03-06,PYPL
PYPL260306C00056000,56.0,1.93,1.6,1.89,26.0,34.0,0.463872548828125,False,CALL,2026-03-06,PYPL
PYPL260306C00057000,57.0,1.47,1.31,1.65,12.0,7.0,0.4738822143554688,False,CALL,2026-03-06,PYPL
PYPL260306C00058000,58.0,1.2,1.15,1.28,6.0,4.0,0.4555718505859375,False,CALL,2026-03-06,PYPL
PYPL260306C00059000,59.0,1.04,0.91,1.18,8.0,29.0,0.47827670166015623,False,CALL,2026-03-06,PYPL
PYPL260306C00060000,60.0,0.91,0.75,0.89,23.0,52.0,0.459966337890625,False,CALL,2026-03-06,PYPL
PYPL260306C00062000,62.0,0.65,0.43,0.74,8.0,190.0,0.49487809814453126,False,CALL,2026-03-06,PYPL
PYPL260306C00064000,64.0,0.64,0.26,0.74,10.0,22.0,0.5561567822265626,False,CALL,2026-03-06,PYPL
PYPL260306C00065000,65.0,0.37,0.25,0.56,10.0,91.0,0.5380905566406251,False,CALL,2026-03-06,PYPL
PYPL260306C00066000,66.0,0.38,0.07,0.68,3.0,6.0,0.507817421875,False,CALL,2026-03-06,PYPL
PYPL260306C00068000,68.0,0.25,0.03,0.59,1.0,3.0,0.532231240234375,False,CALL,2026-03-06,PYPL
PYPL260306P00045000,45.0,0.5,0.45,0.55,102.0,10.0,0.47900911621093745,False,PUT,2026-03-06,PYPL
PYPL260306P00047000,47.0,0.82,0.81,0.97,53.0,9.0,0.48291532714843755,False,PUT,2026-03-06,PYPL
PYPL260306P00048000,48.0,1.09,0.96,1.14,16.0,8.0,0.46411668701171876,False,PUT,2026-03-06,PYPL
PYPL260306P00050000,50.0,1.7,1.61,1.79,156.0,62.0,0.46289599609375004,False,PUT,2026-03-06,PYPL
PYPL260306P00051000,51.0,2.08,1.86,2.3,16.0,77.0,0.47949739257812496,False,PUT,2026-03-06,PYPL
PYPL260306P00052000,52.0,2.5,2.42,2.69,9.0,24.0,0.4687553125,False,PUT,2026-03-06,PYPL
PYPL260306P00053000,53.0,3.0,2.88,3.2,131.0,22.0,0.4687553125,True,PUT,2026-03-06,PYPL
PYPL260306P00054000,54.0,3.55,3.4,3.7,20.0,56.0,0.459966337890625,True,PUT,2026-03-06,PYPL
PYPL260306P00055000,55.0,4.2,4.1,4.35,15.0,49.0,0.46631393066406257,True,PUT,2026-03-06,PYPL
PYPL260306P00056000,56.0,4.85,4.7,5.05,39.0,64.0,0.4733939379882813,True,PUT,2026-03-06,PYPL
PYPL260306P00058000,58.0,6.22,6.2,6.4,37.0,21.0,0.4594780615234375,True,PUT,2026-03-06,PYPL
PYPL260306P00060000,60.0,7.71,7.45,8.25,14.0,7.0,0.5109912182617188,True,PUT,2026-03-06,PYPL
PYPL260306P00063000,63.0,10.6,10.3,10.95,1.0,3.0,0.551762294921875,True,PUT,2026-03-06,PYPL
PYPL260306P00066000,66.0,9.6,12.0,14.45,,10.0,0.7514673291015624,True,PUT,2026-03-06,PYPL
PYPL260320C00037500,37.5,24.22,15.2,17.45,1.0,73.0,0.8300798242187499,True,CALL,2026-03-20,PYPL
PYPL260320C00040000,40.0,13.36,12.8,14.1,31.0,312.0,0.6079140771484376,True,CALL,2026-03-20,PYPL
PYPL260320C00042500,42.5,15.22,10.5,11.25,3.0,79.0,0.5825237060546875,True,CALL,2026-03-20,PYPL
PYPL260320C00045000,45.0,8.8,8.35,9.1,1.0,146.0,0.543949873046875,True,CALL,2026-03-20,PYPL
PYPL260320C00047500,47.5,6.54,6.4,6.95,22.0,76.0,0.4858449853515625,True,CALL,2026-03-20,PYPL
PYPL260320C00050000,50.0,4.98,4.85,5.1,73.0,829.0,0.45117736328125,True,CALL,2026-03-20,PYPL
PYPL260320C00052500,52.5,3.6,3.45,3.65,355.0,155.0,0.43897045410156255,True,CALL,2026-03-20,PYPL
PYPL260320C00055000,55.0,2.47,2.44,2.5,343.0,2634.0,0.4292049267578125,False,CALL,2026-03-20,PYPL
PYPL260320C00057500,57.5,1.65,1.65,1.73,68.0,1988.0,0.43408769042968753,False,CALL,2026-03-20,PYPL
PYPL260320C00060000,60.0,1.13,1.1,1.14,582.0,13664.0,0.4335994140625,False,CALL,2026-03-20,PYPL
PYPL260320C00062500,62.5,0.79,0.73,0.8,499.0,4038.0,0.4467828759765625,False,CALL,2026-03-20,PYPL
PYPL260320C00065000,65.0,0.54,0.53,0.55,969.0,11087.0,0.45606012695312503,False,CALL,2026-03-20,PYPL
PYPL260320C00067500,67.5,0.38,0.37,0.39,150.0,7018.0,0.4687553125,False,CALL,2026-03-20,PYPL
PYPL260320P00037500,37.5,0.11,0.08,0.12,31.0,128.0,0.5097705273437501,False,PUT,2026-03-20,PYPL
PYPL260320P00040000,40.0,0.18,0.15,0.23,83.0,987.0,0.4892629199218751,False,PUT,2026-03-20,PYPL
PYPL260320P00042500,42.5,0.38,0.32,0.38,68.0,951.0,0.45606012695312503,False,PUT,2026-03-20,PYPL
PYPL260320P00045000,45.0,0.67,0.65,0.68,168.0,4302.0,0.4379939013671875,False,PUT,2026-03-20,PYPL
PYPL260320P00047500,47.5,1.21,1.16,1.21,279.0,1701.0,0.43018147949218755,False,PUT,2026-03-20,PYPL
PYPL260320P00050000,50.0,2.0,1.94,2.02,458.0,7487.0,0.4265194067382813,False,PUT,2026-03-20,PYPL
PYPL260320P00052500,52.5,3.1,3.0,3.1,219.0,5191.0,0.41992767578125,False,PUT,2026-03-20,PYPL
PYPL260320P00055000,55.0,4.55,4.4,4.6,906.0,6166.0,0.4292049267578125,True,PUT,2026-03-20,PYPL
PYPL260320P00057500,57.5,6.19,6.1,6.3,49.0,13554.0,0.43018147949218755,True,PUT,2026-03-20,PYPL
PYPL260320P00060000,60.0,8.1,8.05,8.2,193.0,9585.0,0.4272518212890626,True,PUT,2026-03-20,PYPL
PYPL260320P00062500,62.5,10.3,10.2,10.5,13.0,3873.0,0.46582565429687506,True,PUT,2026-03-20,PYPL
PYPL260320P00065000,65.0,12.63,12.45,12.8,121.0,6461.0,0.49023947265625006,True,PUT,2026-03-20,PYPL
PYPL260320P00067500,67.5,14.85,14.4,15.3,4.0,1969.0,0.5488326367187502,True,PUT,2026-03-20,PYPL
PYPL260417C00037500,37.5,34.27,25.25,27.15,1.0,45.0,2.1887252313232413,True,CALL,2026-04-17,PYPL
PYPL260417C00040000,40.0,15.05,13.05,14.8,7.0,82.0,0.5927775097656252,True,CALL,2026-04-17,PYPL
PYPL260417C00042500,42.5,15.05,10.8,12.15,1.0,14.0,0.5090381127929688,True,CALL,2026-04-17,PYPL
PYPL260417C00045000,45.0,11.61,8.8,9.25,5.0,62.0,0.4594780615234375,True,CALL,2026-04-17,PYPL
PYPL260417C00047500,47.5,7.4,6.9,7.35,3.0,67.0,0.44067942138671873,True,CALL,2026-04-17,PYPL
PYPL260417C00050000,50.0,5.63,5.3,5.8,46.0,285.0,0.43970286865234376,True,CALL,2026-04-17,PYPL
PYPL260417C00052500,52.5,4.45,4.05,4.45,5.0,58.0,0.4348201049804688,True,CALL,2026-04-17,PYPL
PYPL260417C00055000,55.0,3.05,3.05,3.15,290.0,1537.0,0.4116269775390625,False,CALL,2026-04-17,PYPL
PYPL260417C00057500,57.5,2.25,2.17,2.27,127.0,1434.0,0.40808697387695314,False,CALL,2026-04-17,PYPL
PYPL260417C00060000,60.0,1.58,1.54,1.6,240.0,3403.0,0.40552352294921873,False,CALL,2026-04-17,PYPL
PYPL260417C00062500,62.5,1.15,1.13,1.16,50.0,2667.0,0.411138701171875,False,CALL,2026-04-17,PYPL
PYPL260417C00065000,65.0,0.83,0.83,0.88,174.0,2312.0,0.42358974853515624,False,CALL,2026-04-17,PYPL
PYPL260417C00067500,67.5,0.62,0.62,0.64,108.0,870.0,0.4292049267578125,False,CALL,2026-04-17,PYPL
PYPL260417P00037500,37.5,0.13,0.08,0.22,3.0,134.0,0.46191944335937507,False,PUT,2026-04-17,PYPL
PYPL260417P00040000,40.0,0.29,0.28,0.38,6.0,248.0,0.44287666503906253,False,PUT,2026-04-17,PYPL
PYPL260417P00042500,42.5,0.57,0.54,0.61,12.0,393.0,0.4204159521484375,False,PUT,2026-04-17,PYPL
PYPL260417P00045000,45.0,0.97,0.95,1.04,18.0,1830.0,0.41260353027343744,False,PUT,2026-04-17,PYPL
PYPL260417P00047500,47.5,1.59,1.54,1.65,7.0,1280.0,0.40332627929687503,False,PUT,2026-04-17,PYPL
PYPL260417P00050000,50.0,2.42,2.34,2.43,116.0,3156.0,0.3881897119140625,False,PUT,2026-04-17,PYPL
PYPL260417P00052500,52.5,3.55,3.5,3.6,150.0,1113.0,0.3888000573730469,False,PUT,2026-04-17,PYPL
PYPL260417P00055000,55.0,4.95,4.85,5.05,787.0,1549.0,0.39124143920898435,True,PUT,2026-04-17,PYPL
PYPL260417P00057500,57.5,6.75,6.45,6.75,50.0,1524.0,0.3952697192382813,True,PUT,2026-04-17,PYPL
PYPL260417P00060000,60.0,8.45,8.3,8.7,17.0,2090.0,0.4057676611328125,True,PUT,2026-04-17,PYPL
PYPL260417P00062500,62.5,10.63,9.9,10.85,11.0,911.0,0.42358974853515624,True,PUT,2026-04-17,PYPL
PYPL260417P00065000,65.0,12.65,12.2,13.1,42.0,1223.0,0.4426325268554688,True,PUT,2026-04-17,PYPL
PYPL260417P00067500,67.5,14.85,14.4,15.3,46.0,1166.0,0.4409235595703125,True,PUT,2026-04-17,PYPL
PYPL260515C00037500,37.5,18.9,15.4,17.5,7.0,19.0,0.596683720703125,True,CALL,2026-05-15,PYPL
PYPL260515C00040000,40.0,18.0,13.55,14.55,10.0,90.0,0.5302781347656251,True,CALL,2026-05-15,PYPL
PYPL260515C00042500,42.5,16.0,10.35,13.7,1.0,26.0,0.5151415673828125,True,CALL,2026-05-15,PYPL
PYPL260515C00045000,45.0,9.8,9.55,10.0,1.0,126.0,0.485356708984375,True,CALL,2026-05-15,PYPL
PYPL260515C00047500,47.5,9.8,7.8,8.25,10.0,77.0,0.4721732470703125,True,CALL,2026-05-15,PYPL
PYPL260515C00050000,50.0,6.81,6.3,6.8,1.0,212.0,0.47119669433593747,True,CALL,2026-05-15,PYPL
PYPL260515C00052500,52.5,5.23,5.1,5.35,146.0,59.0,0.45325253784179687,True,CALL,2026-05-15,PYPL
PYPL260515C00055000,55.0,4.1,4.0,4.2,44.0,981.0,0.4458063232421875,False,CALL,2026-05-15,PYPL
PYPL260515C00057500,57.5,3.18,3.1,3.25,109.0,5072.0,0.43994700683593746,False,CALL,2026-05-15,PYPL
PYPL260515C00060000,60.0,2.45,2.41,2.52,120.0,2463.0,0.4390925231933594,False,CALL,2026-05-15,PYPL
PYPL260515C00062500,62.5,1.86,1.86,1.94,53.0,1160.0,0.43897045410156255,False,CALL,2026-05-15,PYPL
PYPL260515C00065000,65.0,1.47,1.44,1.51,64.0,2786.0,0.4422663195800781,False,CALL,2026-05-15,PYPL
PYPL260515C00067500,67.5,1.29,1.08,1.22,10.0,1429.0,0.45166563964843753,False,CALL,2026-05-15,PYPL
PYPL260515P00037500,37.5,0.38,0.36,0.45,10.0,375.0,0.467778759765625,False,PUT,2026-05-15,PYPL
PYPL260515P00040000,40.0,0.5,0.58,0.68,1.0,406.0,0.4467828759765625,False,PUT,2026-05-15,PYPL
PYPL260515P00042500,42.5,1.03,0.85,1.18,10.0,241.0,0.45313046875,False,PUT,2026-05-15,PYPL
PYPL260515P00045000,45.0,1.59,1.53,1.68,3438.0,540.0,0.43604079589843747,False,PUT,2026-05-15,PYPL
PYPL260515P00047500,47.5,2.39,2.27,2.4,15.0,451.0,0.4260311303710938,False,PUT,2026-05-15,PYPL
PYPL260515P00050000,50.0,3.27,3.15,3.3,48.0,1270.0,0.4155331884765625,False,PUT,2026-05-15,PYPL
PYPL260515P00052500,52.5,4.38,4.35,4.45,159.0,668.0,0.40918559570312496,False,PUT,2026-05-15,PYPL
PYPL260515P00055000,55.0,5.72,5.65,5.85,20.0,7046.0,0.40650007568359375,True,PUT,2026-05-15,PYPL
PYPL260515P00057500,57.5,7.27,7.25,7.55,4.0,1682.0,0.41309180664062495,True,PUT,2026-05-15,PYPL
PYPL260515P00060000,60.0,8.95,8.95,9.4,9.0,5336.0,0.4182187084960937,True,PUT,2026-05-15,PYPL
PYPL260515P00062500,62.5,10.58,9.85,11.35,15.0,3157.0,0.4193173303222656,True,PUT,2026-05-15,PYPL
PYPL260515P00065000,65.0,12.63,12.55,13.5,18.0,1486.0,0.42969320312500003,True,PUT,2026-05-15,PYPL
PYPL260515P00067500,67.5,11.98,14.85,15.5,3.0,967.0,0.4089414575195312,True,PUT,2026-05-15,PYPL
PYPL260618C00037500,37.5,18.33,15.95,17.9,2.0,39.0,0.5915568188476563,True,CALL,2026-06-18,PYPL
PYPL260618C00040000,40.0,15.85,14.0,15.5,1.0,163.0,0.5539595385742189,True,CALL,2026-06-18,PYPL
PYPL260618C00042500,42.5,15.84,11.8,12.5,2.0,291.0,0.5024463818359376,True,CALL,2026-06-18,PYPL
PYPL260618C00045000,45.0,10.75,10.0,10.5,3.0,67.0,0.4721732470703125,True,CALL,2026-06-18,PYPL
PYPL260618C00047500,47.5,8.69,8.5,8.75,25.0,160.0,0.4552056433105469,True,CALL,2026-06-18,PYPL
PYPL260618C00050000,50.0,7.08,7.0,7.2,121.0,1323.0,0.44287666503906253,True,CALL,2026-06-18,PYPL
PYPL260618C00052500,52.5,5.76,5.65,5.9,181.0,385.0,0.43726148681640625,True,CALL,2026-06-18,PYPL
PYPL260618C00055000,55.0,4.65,4.55,4.7,537.0,3115.0,0.42639733764648446,False,CALL,2026-06-18,PYPL
PYPL260618C00057500,57.5,3.7,3.6,3.8,81.0,3958.0,0.4260311303710938,False,CALL,2026-06-18,PYPL
PYPL260618C00060000,60.0,2.93,2.92,2.95,878.0,10580.0,0.4177304321289062,False,CALL,2026-06-18,PYPL
PYPL260618C00062500,62.5,2.3,2.24,2.38,167.0,21127.0,0.42127043579101564,False,CALL,2026-06-18,PYPL
PYPL260618C00065000,65.0,1.71,1.78,1.95,284.0,14799.0,0.42774009765625004,False,CALL,2026-06-18,PYPL
PYPL260618C00067500,67.5,1.53,1.39,1.62,42.0,9921.0,0.43604079589843747,False,CALL,2026-06-18,PYPL
PYPL260618P00037500,37.5,0.48,0.37,0.62,27.0,408.0,0.44385321777343745,False,PUT,2026-06-18,PYPL
PYPL260618P00040000,40.0,0.9,0.79,1.04,15.0,11652.0,0.446294599609375,False,PUT,2026-06-18,PYPL
PYPL260618P00042500,42.5,1.35,1.27,1.42,15.0,424.0,0.42456630126953127,False,PUT,2026-06-18,PYPL
PYPL260618P00045000,45.0,1.95,1.74,2.0,1079.0,2651.0,0.4128476684570312,False,PUT,2026-06-18,PYPL
PYPL260618P00047500,47.5,2.73,2.69,2.85,137.0,3205.0,0.41138283935546877,False,PUT,2026-06-18,PYPL
PYPL260618P00050000,50.0,3.65,3.65,3.75,196.0,7863.0,0.398443515625,False,PUT,2026-06-18,PYPL
PYPL260618P00052500,52.5,4.85,4.75,5.0,252.0,5060.0,0.39893179199218753,False,PUT,2026-06-18,PYPL
PYPL260618P00055000,55.0,6.07,6.1,6.3,18.0,11343.0,0.3885559191894531,True,PUT,2026-06-18,PYPL
PYPL260618P00057500,57.5,7.56,7.35,8.0,1.0,5841.0,0.3952697192382813,True,PUT,2026-06-18,PYPL
PYPL260618P00060000,60.0,9.52,9.2,9.75,84.0,10208.0,0.393560751953125,True,PUT,2026-06-18,PYPL
PYPL260618P00062500,62.5,11.3,10.8,11.6,20.0,6144.0,0.3880676428222656,True,PUT,2026-06-18,PYPL
PYPL260618P00065000,65.0,13.33,12.9,13.6,69.0,6090.0,0.3845276391601562,True,PUT,2026-06-18,PYPL
PYPL260618P00067500,67.5,15.61,15.0,15.95,2.0,3880.0,0.40808697387695314,True,PUT,2026-06-18,PYPL
PYPL260717C00040000,40.0,14.95,14.15,15.15,5.0,12.0,0.5483443603515626,True,CALL,2026-07-17,PYPL
PYPL260717C00042500,42.5,16.18,12.45,13.05,1.0,7.0,0.5114794946289063,True,CALL,2026-07-17,PYPL
PYPL260717C00045000,45.0,11.1,10.6,10.8,62.0,50.0,0.4563042651367188,True,CALL,2026-07-17,PYPL
PYPL260717C00047500,47.5,9.45,8.8,9.15,51.0,73.0,0.446294599609375,True,CALL,2026-07-17,PYPL
PYPL260717C00050000,50.0,7.55,7.35,7.65,4.0,301.0,0.4364070031738281,True,CALL,2026-07-17,PYPL
PYPL260717C00052500,52.5,6.18,5.95,6.4,209.0,64.0,0.4334773449707031,True,CALL,2026-07-17,PYPL
PYPL260717C00055000,55.0,5.07,5.0,5.2,363.0,629.0,0.42310147216796873,False,CALL,2026-07-17,PYPL
PYPL260717C00057500,57.5,4.13,3.9,4.3,144.0,684.0,0.4232235412597656,False,CALL,2026-07-17,PYPL
PYPL260717C00060000,60.0,3.33,3.2,3.45,221.0,2928.0,0.41712008666992184,False,CALL,2026-07-17,PYPL
PYPL260717C00062500,62.5,2.68,2.48,2.74,145.0,582.0,0.4116269775390625,False,CALL,2026-07-17,PYPL
PYPL260717C00065000,65.0,2.17,2.11,2.24,156.0,1047.0,0.41394629028320307,False,CALL,2026-07-17,PYPL
PYPL260717C00067500,67.5,1.79,1.72,1.83,619.0,99.0,0.4162656030273437,False,CALL,2026-07-17,PYPL
PYPL260717P00037500,37.5,0.53,0.59,0.74,16.0,52.0,0.4250545776367188,False,PUT,2026-07-17,PYPL
PYPL260717P00040000,40.0,0.98,0.99,1.17,2.0,154.0,0.4233456103515625,False,PUT,2026-07-17,PYPL
PYPL260717P00042500,42.5,1.59,1.55,1.61,298.0,82.0,0.407232490234375,False,PUT,2026-07-17,PYPL
PYPL260717P00045000,45.0,2.23,2.23,2.23,517.0,1764.0,0.3971007556152344,False,PUT,2026-07-17,PYPL
PYPL260717P00047500,47.5,3.05,2.98,3.1,1054.0,1228.0,0.3947814428710938,False,PUT,2026-07-17,PYPL
PYPL260717P00050000,50.0,4.03,3.9,4.05,85.0,551.0,0.3850159155273437,False,PUT,2026-07-17,PYPL
PYPL260717P00052500,52.5,5.03,5.0,5.35,150.0,1727.0,0.38794557373046873,False,PUT,2026-07-17,PYPL
PYPL260717P00055000,55.0,6.35,6.15,6.7,117.0,536.0,0.3815979809570312,True,PUT,2026-07-17,PYPL
PYPL260717P00057500,57.5,7.96,7.65,8.2,6.0,418.0,0.37415176635742187,True,PUT,2026-07-17,PYPL
PYPL260717P00060000,60.0,9.65,9.6,9.95,3.0,513.0,0.37329728271484375,True,PUT,2026-07-17,PYPL
PYPL260717P00062500,62.5,9.75,11.45,11.85,28.0,154.0,0.37366348999023435,True,PUT,2026-07-17,PYPL
PYPL260717P00065000,65.0,13.01,13.05,13.8,1.0,63.0,0.36817038085937503,True,PUT,2026-07-17,PYPL
PYPL260717P00067500,67.5,14.53,15.55,16.05,1.0,3.0,0.3813538427734374,True,PUT,2026-07-17,PYPL
PYPL260918C00037500,37.5,19.71,16.85,18.55,2.0,6.0,0.5408981457519533,True,CALL,2026-09-18,PYPL
PYPL260918C00040000,40.0,15.2,15.05,15.45,3.0,140.0,0.49561051269531253,True,CALL,2026-09-18,PYPL
PYPL260918C00042500,42.5,15.71,13.05,14.6,3.0,65.0,0.5588423022460938,True,CALL,2026-09-18,PYPL
PYPL260918C00045000,45.0,12.4,11.4,12.15,20.0,56.0,0.4880422290039063,True,CALL,2026-09-18,PYPL
PYPL260918C00047500,47.5,10.75,9.75,10.3,20.0,262.0,0.4580132324218751,True,CALL,2026-09-18,PYPL
PYPL260918C00050000,50.0,8.68,8.5,8.8,4.0,700.0,0.4449518395996094,True,CALL,2026-09-18,PYPL
PYPL260918C00052500,52.5,7.35,7.1,7.65,42.0,43.0,0.4456842541503906,True,CALL,2026-09-18,PYPL
PYPL260918C00055000,55.0,6.5,6.0,6.35,39.0,792.0,0.42957113403320313,False,CALL,2026-09-18,PYPL
PYPL260918C00057500,57.5,5.28,5.1,5.45,7.0,161.0,0.43005941040039064,False,CALL,2026-09-18,PYPL
PYPL260918C00060000,60.0,4.42,4.35,4.55,46.0,2257.0,0.42358974853515624,False,CALL,2026-09-18,PYPL
PYPL260918C00062500,62.5,3.8,3.55,4.05,10.0,579.0,0.43506424316406256,False,CALL,2026-09-18,PYPL
PYPL260918C00065000,65.0,3.2,3.1,3.3,18.0,2183.0,0.42517664672851563,False,CALL,2026-09-18,PYPL
PYPL260918C00067500,67.5,2.8,2.58,2.8,8.0,1120.0,0.42566492309570314,False,CALL,2026-09-18,PYPL
PYPL260918P00037500,37.5,1.15,1.04,1.3,1.0,35.0,0.4348201049804688,False,PUT,2026-09-18,PYPL
PYPL260918P00040000,40.0,1.59,1.53,1.7,130.0,684.0,0.4165097412109374,False,PUT,2026-09-18,PYPL
PYPL260918P00042500,42.5,2.14,1.97,2.39,103.0,913.0,0.41565525756835936,False,PUT,2026-09-18,PYPL
PYPL260918P00045000,45.0,3.0,2.91,3.1,9.0,2174.0,0.40491317749023437,False,PUT,2026-09-18,PYPL
PYPL260918P00047500,47.5,3.8,3.7,4.0,20.0,302.0,0.39819937744140627,False,PUT,2026-09-18,PYPL
PYPL260918P00050000,50.0,4.95,4.8,5.0,31.0,4379.0,0.38867798828125,False,PUT,2026-09-18,PYPL
PYPL260918P00052500,52.5,5.92,5.75,6.25,54.0,158.0,0.38550419189453117,False,PUT,2026-09-18,PYPL
PYPL260918P00055000,55.0,7.4,7.3,7.6,19.0,7130.0,0.3794007373046875,True,PUT,2026-09-18,PYPL
PYPL260918P00057500,57.5,8.61,8.5,9.2,5.0,910.0,0.37964487548828124,True,PUT,2026-09-18,PYPL
PYPL260918P00060000,60.0,10.42,10.5,10.75,18.0,3533.0,0.36890279541015625,True,PUT,2026-09-18,PYPL
PYPL260918P00062500,62.5,12.27,11.95,12.65,3.0,568.0,0.372076591796875,True,PUT,2026-09-18,PYPL
PYPL260918P00065000,65.0,14.2,13.7,14.6,14.0,3657.0,0.3719545227050781,True,PUT,2026-09-18,PYPL
PYPL260918P00067500,67.5,16.2,15.8,16.65,5.0,659.0,0.37256486816406253,True,PUT,2026-09-18,PYPL
PYPL261120C00037500,37.5,21.35,17.05,19.3,1.0,2.0,0.5206346765136718,True,CALL,2026-11-20,PYPL
PYPL261120C00040000,40.0,19.17,14.75,17.4,,1.0,0.5856975024414062,True,CALL,2026-11-20,PYPL
PYPL261120C00042500,42.5,18.07,13.85,15.55,1.0,1.0,0.5025684509277344,True,CALL,2026-11-20,PYPL
PYPL261120C00047500,47.5,14.25,10.75,11.35,1.0,101.0,0.4681449670410156,True,CALL,2026-11-20,PYPL
PYPL261120C00050000,50.0,10.84,9.35,9.95,5.0,7.0,0.4587456469726563,True,CALL,2026-11-20,PYPL
PYPL261120C00052500,52.5,8.75,8.1,8.55,206.0,8.0,0.4437311486816406,True,CALL,2026-11-20,PYPL
PYPL261120C00055000,55.0,7.8,7.0,7.65,80.0,190.0,0.4498346032714844,False,CALL,2026-11-20,PYPL
PYPL261120C00057500,57.5,6.3,6.1,6.5,8.0,134.0,0.4368952795410156,False,CALL,2026-11-20,PYPL
PYPL261120C00060000,60.0,5.64,5.3,5.7,53.0,400.0,0.4371394177246094,False,CALL,2026-11-20,PYPL
PYPL261120C00062500,62.5,5.32,4.5,5.1,2.0,82.0,0.44312080322265623,False,CALL,2026-11-20,PYPL
PYPL261120C00065000,65.0,4.35,3.95,4.2,3.0,165.0,0.4282283740234375,False,CALL,2026-11-20,PYPL
PYPL261120C00067500,67.5,3.56,3.4,3.7,3.0,17.0,0.4309749285888672,False,CALL,2026-11-20,PYPL
PYPL261120P00037500,37.5,1.61,1.53,1.68,1.0,81.0,0.42358974853515624,False,PUT,2026-11-20,PYPL
PYPL261120P00040000,40.0,1.88,1.95,2.2,51.0,147.0,0.4118711157226562,False,PUT,2026-11-20,PYPL
PYPL261120P00042500,42.5,2.08,2.54,2.93,5.0,103.0,0.40796490478515623,False,PUT,2026-11-20,PYPL
PYPL261120P00045000,45.0,3.6,3.5,3.7,3.0,239.0,0.3980773083496094,False,PUT,2026-11-20,PYPL
PYPL261120P00047500,47.5,4.55,4.45,4.7,11.0,214.0,0.3947814428710938,False,PUT,2026-11-20,PYPL
PYPL261120P00050000,50.0,5.5,5.35,5.8,7.0,155.0,0.38941040283203127,False,PUT,2026-11-20,PYPL
PYPL261120P00052500,52.5,6.8,6.65,6.95,17.0,1601.0,0.3795228063964844,False,PUT,2026-11-20,PYPL
PYPL261120P00055000,55.0,8.02,7.75,8.4,1.0,102.0,0.37879039184570307,True,PUT,2026-11-20,PYPL
PYPL261120P00057500,57.5,9.52,9.2,9.9,2.0,104.0,0.37390762817382805,True,PUT,2026-11-20,PYPL
PYPL261120P00060000,60.0,11.41,11.15,11.45,2.0,313.0,0.36536279174804687,True,PUT,2026-11-20,PYPL
PYPL261120P00062500,62.5,12.65,12.4,13.3,8.0,8.0,0.36694968994140625,True,PUT,2026-11-20,PYPL
PYPL261120P00065000,65.0,14.8,14.45,15.15,4.0,26.0,0.3629214099121094,True,PUT,2026-11-20,PYPL
PYPL261120P00067500,67.5,15.25,15.4,17.15,7.0,54.0,0.36255520263671875,True,PUT,2026-11-20,PYPL
PYPL261218C00037500,37.5,22.3,17.7,19.45,10.0,43.0,0.5293015820312501,True,CALL,2026-12-18,PYPL
PYPL261218C00040000,40.0,16.4,16.05,17.2,5.0,349.0,0.50586431640625,True,CALL,2026-12-18,PYPL
PYPL261218C00042500,42.5,17.3,14.1,14.65,1.0,113.0,0.4770560107421875,True,CALL,2026-12-18,PYPL
PYPL261218C00045000,45.0,13.05,12.5,13.45,30.0,176.0,0.49170430175781255,True,CALL,2026-12-18,PYPL
PYPL261218C00047500,47.5,12.35,11.05,11.7,19.0,151.0,0.4670463452148438,True,CALL,2026-12-18,PYPL
PYPL261218C00050000,50.0,9.9,9.75,10.0,102.0,739.0,0.44116769775390624,True,CALL,2026-12-18,PYPL
PYPL261218C00052500,52.5,8.68,8.6,8.7,188.0,260.0,0.4318904467773438,True,CALL,2026-12-18,PYPL
PYPL261218C00055000,55.0,7.55,7.45,7.7,38.0,838.0,0.43243975769042964,False,CALL,2026-12-18,PYPL
PYPL261218C00057500,57.5,6.61,6.45,6.7,1.0,287.0,0.4276180285644532,False,CALL,2026-12-18,PYPL
PYPL261218C00060000,60.0,5.8,5.6,5.8,61.0,5368.0,0.422857333984375,False,CALL,2026-12-18,PYPL
PYPL261218C00062500,62.5,4.99,4.8,5.1,4.0,865.0,0.42358974853515624,False,CALL,2026-12-18,PYPL
PYPL261218C00065000,65.0,4.4,4.25,4.45,24.0,19159.0,0.4226131958007812,False,CALL,2026-12-18,PYPL
PYPL261218C00067500,67.5,3.8,3.7,3.9,22.0,5188.0,0.4229794030761719,False,CALL,2026-12-18,PYPL
PYPL261218P00037500,37.5,1.56,1.69,2.0,1.0,845.0,0.43335527587890627,False,PUT,2026-12-18,PYPL
PYPL261218P00040000,40.0,2.35,2.21,2.4,47.0,1077.0,0.40906352661132805,False,PUT,2026-12-18,PYPL
PYPL261218P00042500,42.5,2.99,2.75,3.15,2.0,716.0,0.40479110839843746,False,PUT,2026-12-18,PYPL
PYPL261218P00045000,45.0,3.8,3.75,3.95,5.0,2536.0,0.39588006469726567,False,PUT,2026-12-18,PYPL
PYPL261218P00047500,47.5,4.75,4.65,4.9,26.0,1013.0,0.38867798828125,False,PUT,2026-12-18,PYPL
PYPL261218P00050000,50.0,5.85,5.7,5.9,37.0,7555.0,0.37756970092773434,False,PUT,2026-12-18,PYPL
PYPL261218P00052500,52.5,7.05,6.95,7.05,11.0,1276.0,0.3679262426757813,False,PUT,2026-12-18,PYPL
PYPL261218P00055000,55.0,8.33,8.1,8.45,16.0,4913.0,0.3645693426513672,True,PUT,2026-12-18,PYPL
PYPL261218P00057500,57.5,9.82,9.75,10.1,20.0,5667.0,0.36749900085449216,True,PUT,2026-12-18,PYPL
PYPL261218P00060000,60.0,11.35,11.3,11.5,27.0,6160.0,0.3518131225585937,True,PUT,2026-12-18,PYPL
PYPL261218P00062500,62.5,12.9,12.95,13.45,5.0,2249.0,0.35864899169921877,True,PUT,2026-12-18,PYPL
PYPL261218P00065000,65.0,14.55,13.95,15.3,1.0,6206.0,0.35535312622070303,True,PUT,2026-12-18,PYPL
PYPL261218P00067500,67.5,16.32,16.5,17.25,4.0,1268.0,0.352545537109375,True,PUT,2026-12-18,PYPL
PYPL270115C00037500,37.5,18.2,18.25,18.75,2.0,54.0,0.5022022436523439,True,CALL,2027-01-15,PYPL
PYPL270115C00040000,40.0,16.42,16.3,16.55,231.0,1579.0,0.4802298071289062,True,CALL,2027-01-15,PYPL
PYPL270115C00042500,42.5,14.77,14.5,15.15,4.0,1106.0,0.4886525744628907,True,CALL,2027-01-15,PYPL
PYPL270115C00045000,45.0,13.09,12.85,13.2,10.0,841.0,0.45752495605468757,True,CALL,2027-01-15,PYPL
PYPL270115C00047500,47.5,11.76,11.3,12.25,110.0,308.0,0.4776053216552735,True,CALL,2027-01-15,PYPL
PYPL270115C00050000,50.0,10.17,10.25,10.25,566.0,12257.0,0.43604079589843747,True,CALL,2027-01-15,PYPL
PYPL270115C00052500,52.5,8.95,8.85,8.95,199.0,174.0,0.4267025103759766,True,CALL,2027-01-15,PYPL
PYPL270115C00055000,55.0,7.8,7.75,7.85,97.0,2021.0,0.42212491943359376,False,CALL,2027-01-15,PYPL
PYPL270115C00057500,57.5,6.9,6.7,6.95,98.0,10011.0,0.422308023071289,False,CALL,2027-01-15,PYPL
PYPL270115C00060000,60.0,6.03,5.95,6.05,725.0,15961.0,0.41785250122070305,False,CALL,2027-01-15,PYPL
PYPL270115C00062500,62.5,5.15,5.15,5.35,74.0,1222.0,0.41870698486328123,False,CALL,2027-01-15,PYPL
PYPL270115C00065000,65.0,4.63,4.55,4.75,88.0,3587.0,0.4205380212402344,False,CALL,2027-01-15,PYPL
PYPL270115C00067500,67.5,4.07,4.05,4.1,15.0,1516.0,0.41620456848144527,False,CALL,2027-01-15,PYPL
PYPL270115P00037500,37.5,1.96,1.76,2.05,11.0,2058.0,0.41992767578125,False,PUT,2027-01-15,PYPL
PYPL270115P00040000,40.0,2.51,2.37,2.59,51.0,2903.0,0.4063780065917969,False,PUT,2027-01-15,PYPL
PYPL270115P00042500,42.5,3.15,2.88,3.2,69.0,3330.0,0.39160764648437496,False,PUT,2027-01-15,PYPL
PYPL270115P00045000,45.0,3.95,3.9,4.1,11.0,3021.0,0.3885559191894531,False,PUT,2027-01-15,PYPL
PYPL270115P00047500,47.5,4.9,4.75,4.95,3.0,1513.0,0.3756165954589844,False,PUT,2027-01-15,PYPL
PYPL270115P00050000,50.0,5.93,5.85,6.0,153.0,8406.0,0.3673158972167969,False,PUT,2027-01-15,PYPL
PYPL270115P00052500,52.5,7.1,7.05,7.2,18.0,1633.0,0.36035795898437495,False,PUT,2027-01-15,PYPL
PYPL270115P00055000,55.0,8.48,8.4,8.55,64.0,10787.0,0.3546207116699218,True,PUT,2027-01-15,PYPL
PYPL270115P00057500,57.5,10.05,9.9,10.05,1.0,791.0,0.3502262243652343,True,PUT,2027-01-15,PYPL
PYPL270115P00060000,60.0,11.62,11.4,11.65,45.0,6507.0,0.3448551843261719,True,PUT,2027-01-15,PYPL
PYPL270115P00062500,62.5,13.35,13.15,13.4,8.0,1910.0,0.3415593188476562,True,PUT,2027-01-15,PYPL
PYPL270115P00065000,65.0,15.16,14.9,15.55,5.0,6512.0,0.3541324353027343,True,PUT,2027-01-15,PYPL
PYPL270115P00067500,67.5,14.55,16.75,17.5,13.0,3160.0,0.3522403643798828,True,PUT,2027-01-15,PYPL
PYPL271217C00037500,37.5,21.25,20.6,21.0,8.0,58.0,0.48682153808593753,True,CALL,2027-12-17,PYPL
PYPL271217C00040000,40.0,19.25,18.9,19.55,8.0,451.0,0.4837087762451172,True,CALL,2027-12-17,PYPL
PYPL271217C00042500,42.5,18.75,17.4,19.05,8.0,120.0,0.5177660528564454,True,CALL,2027-12-17,PYPL
PYPL271217C00045000,45.0,16.8,15.35,17.0,1.0,449.0,0.4815725671386719,True,CALL,2027-12-17,PYPL
PYPL271217C00047500,47.5,15.06,14.8,15.35,4.0,125.0,0.46106495971679695,True,CALL,2027-12-17,PYPL
PYPL271217C00050000,50.0,14.0,13.5,14.45,2.0,683.0,0.46722944885253903,True,CALL,2027-12-17,PYPL
PYPL271217C00052500,52.5,13.0,12.15,13.0,5.0,288.0,0.45026184509277345,True,CALL,2027-12-17,PYPL
PYPL271217C00055000,55.0,11.8,11.6,12.0,8.0,307.0,0.44751529052734373,False,CALL,2027-12-17,PYPL
PYPL271217C00057500,57.5,10.84,10.6,11.1,6.0,237.0,0.4459283923339844,False,CALL,2027-12-17,PYPL
PYPL271217C00060000,60.0,10.0,9.85,10.15,266.0,1709.0,0.44043528320312497,False,CALL,2027-12-17,PYPL
PYPL271217C00062500,62.5,9.17,8.9,9.65,6.0,237.0,0.4484918432617187,False,CALL,2027-12-17,PYPL
PYPL271217C00065000,65.0,8.4,8.35,8.75,10.0,1895.0,0.4408014904785156,False,CALL,2027-12-17,PYPL
PYPL271217C00067500,67.5,8.5,7.6,7.95,1.0,629.0,0.43469803588867195,False,CALL,2027-12-17,PYPL
PYPL271217P00037500,37.5,3.35,3.4,3.8,4.0,559.0,0.39649041015625003,False,PUT,2027-12-17,PYPL
PYPL271217P00040000,40.0,4.4,4.25,4.55,3.0,1152.0,0.38684695190429685,False,PUT,2027-12-17,PYPL
PYPL271217P00042500,42.5,4.35,5.1,5.3,10.0,537.0,0.37390762817382805,False,PUT,2027-12-17,PYPL
PYPL271217P00045000,45.0,6.35,6.05,6.25,15.0,1322.0,0.3663393444824219,False,PUT,2027-12-17,PYPL
PYPL271217P00047500,47.5,7.35,6.25,7.35,19.0,2460.0,0.36121244262695307,False,PUT,2027-12-17,PYPL
PYPL271217P00050000,50.0,8.53,8.45,8.7,4.0,3200.0,0.36188382263183594,False,PUT,2027-12-17,PYPL
PYPL271217P00052500,52.5,9.85,9.55,9.85,104.0,1841.0,0.3518131225585937,False,PUT,2027-12-17,PYPL
PYPL271217P00055000,55.0,11.2,11.0,11.2,3.0,2139.0,0.34589277160644527,True,PUT,2027-12-17,PYPL
PYPL271217P00057500,57.5,12.65,12.3,12.65,1.0,202.0,0.3404606970214844,True,PUT,2027-12-17,PYPL
PYPL271217P00060000,60.0,14.15,14.1,14.4,4.0,2263.0,0.3425358715820312,True,PUT,2027-12-17,PYPL
PYPL271217P00062500,62.5,15.8,15.65,16.1,5.0,267.0,0.34015552429199214,True,PUT,2027-12-17,PYPL
PYPL271217P00065000,65.0,17.41,16.5,18.65,2.0,1113.0,0.3650576190185547,True,PUT,2027-12-17,PYPL
PYPL271217P00067500,67.5,18.11,18.8,20.25,2.0,1093.0,0.3546207116699218,True,PUT,2027-12-17,PYPL
PYPL280121C00037500,37.5,23.05,19.85,22.5,2.0,220.0,0.5467574621582032,True,CALL,2028-01-21,PYPL
PYPL280121C00040000,40.0,19.5,19.3,20.3,9.0,736.0,0.5053150054931641,True,CALL,2028-01-21,PYPL
PYPL280121C00042500,42.5,21.32,17.7,18.8,20.0,134.0,0.49457292541503906,True,CALL,2028-01-21,PYPL
PYPL280121C00045000,45.0,16.75,16.4,17.05,12.0,291.0,0.47174600524902344,True,CALL,2028-01-21,PYPL
PYPL280121C00047500,47.5,15.3,14.8,16.95,1.0,91.0,0.5107470800781251,True,CALL,2028-01-21,PYPL
PYPL280121C00050000,50.0,14.3,14.1,14.4,76.0,2101.0,0.4539849523925781,True,CALL,2028-01-21,PYPL
PYPL280121C00052500,52.5,13.15,13.0,14.15,9.0,99.0,0.48016877258300783,True,CALL,2028-01-21,PYPL
PYPL280121C00055000,55.0,12.0,12.0,12.15,76.0,843.0,0.44171700866699215,False,CALL,2028-01-21,PYPL
PYPL280121C00057500,57.5,11.1,11.05,11.25,8.0,447.0,0.4401301104736328,False,CALL,2028-01-21,PYPL
PYPL280121C00060000,60.0,10.3,10.25,10.35,130.0,3277.0,0.4364070031738281,False,CALL,2028-01-21,PYPL
PYPL280121C00062500,62.5,9.5,9.3,10.0,104.0,608.0,0.4492852923583984,False,CALL,2028-01-21,PYPL
PYPL280121C00065000,65.0,8.74,8.65,8.85,15.0,1795.0,0.43335527587890627,False,CALL,2028-01-21,PYPL
PYPL280121C00067500,67.5,8.06,8.05,8.2,36.0,1440.0,0.4325007922363281,False,CALL,2028-01-21,PYPL
PYPL280121P00037500,37.5,3.47,3.55,3.95,4.0,348.0,0.39441523559570313,False,PUT,2028-01-21,PYPL
PYPL280121P00040000,40.0,4.55,4.35,4.75,502.0,516.0,0.38660281372070304,False,PUT,2028-01-21,PYPL
PYPL280121P00042500,42.5,5.0,5.15,5.75,3.0,47.0,0.383795224609375,False,PUT,2028-01-21,PYPL
PYPL280121P00045000,45.0,5.86,6.2,6.5,1.0,2042.0,0.36725486267089846,False,PUT,2028-01-21,PYPL
PYPL280121P00047500,47.5,6.47,7.3,7.6,2.0,830.0,0.3617007189941406,False,PUT,2028-01-21,PYPL
PYPL280121P00050000,50.0,8.53,8.55,8.85,1.0,3208.0,0.358404853515625,False,PUT,2028-01-21,PYPL
PYPL280121P00052500,52.5,9.97,9.65,10.05,2.0,190.0,0.35016518981933586,False,PUT,2028-01-21,PYPL
PYPL280121P00055000,55.0,11.25,11.2,11.45,38.0,897.0,0.3459538061523437,True,PUT,2028-01-21,PYPL
PYPL280121P00057500,57.5,12.58,12.6,12.9,10.0,414.0,0.34058276611328125,True,PUT,2028-01-21,PYPL
PYPL280121P00060000,60.0,14.5,14.1,14.75,12.0,925.0,0.3459538061523437,True,PUT,2028-01-21,PYPL
PYPL280121P00062500,62.5,15.91,15.7,16.05,6.0,1292.0,0.3301458587646484,True,PUT,2028-01-21,PYPL
PYPL280121P00065000,65.0,17.1,17.15,17.8,20.0,1094.0,0.3270330969238281,True,PUT,2028-01-21,PYPL
PYPL280121P00067500,67.5,19.35,19.25,19.6,4.0,489.0,0.32318792053222645,True,PUT,2028-01-21,PYPL
PYPL281215C00040000,40.0,22.25,21.5,23.35,2.0,18.0,0.5317429638671876,True,CALL,2028-12-15,PYPL
PYPL281215C00042500,42.5,20.6,20.2,21.15,1.0,5.0,0.49207050903320315,True,CALL,2028-12-15,PYPL
PYPL281215C00045000,45.0,19.42,18.8,19.95,23.0,48.0,0.4873708489990235,True,CALL,2028-12-15,PYPL
PYPL281215C00047500,47.5,21.1,17.85,19.6,10.0,30.0,0.5085498364257812,True,CALL,2028-12-15,PYPL
PYPL281215C00050000,50.0,17.11,16.9,17.4,16.0,74.0,0.46845013977050787,True,CALL,2028-12-15,PYPL
PYPL281215C00052500,52.5,16.05,15.9,16.45,45.0,45.0,0.46698531066894533,True,CALL,2028-12-15,PYPL
PYPL281215C00055000,55.0,15.7,15.0,15.35,32.0,174.0,0.4594780615234375,False,CALL,2028-12-15,PYPL
PYPL281215C00057500,57.5,14.07,13.95,14.3,7.0,299.0,0.4521844332885743,False,CALL,2028-12-15,PYPL
PYPL281215C00060000,60.0,13.4,13.05,13.55,44.0,345.0,0.45227598510742195,False,CALL,2028-12-15,PYPL
PYPL281215C00062500,62.5,12.71,12.25,12.65,2.0,21.0,0.446843910522461,False,CALL,2028-12-15,PYPL
PYPL281215C00065000,65.0,13.35,11.5,12.5,31.0,207.0,0.46130909790039065,False,CALL,2028-12-15,PYPL
PYPL281215C00067500,67.5,11.69,10.55,11.2,1.0,37.0,0.44232735412597657,False,CALL,2028-12-15,PYPL
PYPL281215P00037500,37.5,4.5,4.9,5.3,,7.0,0.38220832641601554,False,PUT,2028-12-15,PYPL
PYPL281215P00040000,40.0,5.59,5.75,6.25,5.0,9.0,0.37683728637695313,False,PUT,2028-12-15,PYPL
PYPL281215P00045000,45.0,8.07,7.9,8.35,13.0,257.0,0.3653017572021484,False,PUT,2028-12-15,PYPL
PYPL281215P00047500,47.5,9.0,9.2,9.2,5.0,13.0,0.3498600170898437,False,PUT,2028-12-15,PYPL
PYPL281215P00050000,50.0,10.6,10.3,10.6,19.0,56.0,0.34967691345214835,False,PUT,2028-12-15,PYPL
PYPL281215P00052500,52.5,11.64,11.4,11.9,21.0,29.0,0.3441227697753906,False,PUT,2028-12-15,PYPL
PYPL281215P00055000,55.0,12.75,12.85,13.7,28.0,228.0,0.35095863891601553,True,PUT,2028-12-15,PYPL
PYPL281215P00057500,57.5,13.85,13.6,14.7,180.0,231.0,0.3329534478759766,True,PUT,2028-12-15,PYPL
PYPL281215P00060000,60.0,16.1,15.3,16.15,52.0,110.0,0.3259955096435546,True,PUT,2028-12-15,PYPL
PYPL281215P00062500,62.5,17.6,17.1,17.8,1.0,3.0,0.32282171325683584,True,PUT,2028-12-15,PYPL
PYPL281215P00065000,65.0,17.93,18.9,19.45,10.0,26.0,0.3178779150390625,True,PUT,2028-12-15,PYPL
PYPL281215P00067500,67.5,19.23,19.7,21.4,2.0,5.0,0.31976998596191397,True,PUT,2028-12-15,PYPL
QBTS260130C00017000,17.0,6.18,5.55,6.85,2.0,70.0,3.1093772265624997,True,CALL,2026-01-30,QBTS
QBTS260130C00018000,18.0,5.55,4.6,5.85,1.0,115.0,2.7343781640625,True,CALL,2026-01-30,QBTS
QBTS260130C00019000,19.0,6.16,3.75,4.85,9.0,126.0,2.49219126953125,True,CALL,2026-01-30,QBTS
QBTS260130C00020000,20.0,3.5,2.88,3.6,9.0,51.0,1.86328193359375,True,CALL,2026-01-30,QBTS
QBTS260130C00021000,21.0,1.94,1.99,2.4,9.0,54.0,1.3007847460937496,True,CALL,2026-01-30,QBTS
QBTS260130C00021500,21.5,1.78,1.51,1.92,2.0,5.0,1.1171919140625,True,CALL,2026-01-30,QBTS
QBTS260130C00022000,22.0,1.25,1.28,1.44,7.0,49.0,1.140629296875,True,CALL,2026-01-30,QBTS
QBTS260130C00022500,22.5,0.99,0.92,1.07,70.0,113.0,1.0683640332031252,True,CALL,2026-01-30,QBTS
QBTS260130C00023000,23.0,0.66,0.63,0.65,1780.0,212.0,0.9414068359375,False,CALL,2026-01-30,QBTS
QBTS260130C00023500,23.5,0.44,0.39,0.47,1223.0,912.0,0.945313046875,False,CALL,2026-01-30,QBTS
QBTS260130C00024000,24.0,0.27,0.23,0.34,2040.0,2024.0,0.9648441015625,False,CALL,2026-01-30,QBTS
QBTS260130C00024500,24.5,0.17,0.14,0.19,2027.0,2712.0,0.945313046875,False,CALL,2026-01-30,QBTS
QBTS260130C00025000,25.0,0.1,0.09,0.11,1958.0,3843.0,0.9570316796874999,False,CALL,2026-01-30,QBTS
QBTS260130C00025500,25.5,0.08,0.06,0.1,692.0,2737.0,1.0468797656250002,False,CALL,2026-01-30,QBTS
QBTS260130C00026000,26.0,0.04,0.02,0.09,1209.0,3643.0,1.0859420703125,False,CALL,2026-01-30,QBTS
QBTS260130C00026500,26.5,0.04,0.02,0.06,679.0,2207.0,1.140629296875,False,CALL,2026-01-30,QBTS
QBTS260130C00027000,27.0,0.03,0.01,0.04,957.0,3239.0,1.15625421875,False,CALL,2026-01-30,QBTS
QBTS260130C00027500,27.5,0.03,0.02,0.04,174.0,4150.0,1.2968785156249998,False,CALL,2026-01-30,QBTS
QBTS260130C00028000,28.0,0.03,0.02,0.03,818.0,3054.0,1.359378203125,False,CALL,2026-01-30,QBTS
QBTS260130C00028500,28.5,0.01,0.01,0.02,123.0,838.0,1.3437532812499997,False,CALL,2026-01-30,QBTS
QBTS260130C00029000,29.0,0.02,0.01,0.02,67.0,2315.0,1.4375028125,False,CALL,2026-01-30,QBTS
QBTS260130C00029500,29.5,0.02,0.01,0.06,16.0,1894.0,1.75000125,False,CALL,2026-01-30,QBTS
QBTS260130P00017000,17.0,0.06,0.0,0.75,58.0,58.0,3.72656318359375,False,PUT,2026-01-30,QBTS
QBTS260130P00018000,18.0,0.02,0.0,0.03,3.0,179.0,1.5625021874999998,False,PUT,2026-01-30,QBTS
QBTS260130P00019000,19.0,0.03,0.0,0.01,2.0,122.0,1.0625046875000002,False,PUT,2026-01-30,QBTS
QBTS260130P00020000,20.0,0.02,0.01,0.04,20.0,980.0,1.0625046875000002,False,PUT,2026-01-30,QBTS
QBTS260130P00020500,20.5,0.05,0.0,0.27,52.0,113.0,1.3515657421874998,False,PUT,2026-01-30,QBTS
QBTS260130P00021000,21.0,0.04,0.04,0.07,106.0,422.0,0.8906260937499999,False,PUT,2026-01-30,QBTS
QBTS260130P00021500,21.5,0.09,0.06,0.11,85.0,964.0,0.804689453125,False,PUT,2026-01-30,QBTS
QBTS260130P00022000,22.0,0.2,0.13,0.22,359.0,1363.0,0.8007832421875,False,PUT,2026-01-30,QBTS
QBTS260130P00022500,22.5,0.33,0.24,0.35,389.0,803.0,0.7539087109375,False,PUT,2026-01-30,QBTS
QBTS260130P00023000,23.0,0.49,0.42,0.51,517.0,1749.0,0.6835969140625001,False,PUT,2026-01-30,QBTS
QBTS260130P00023500,23.5,0.74,0.66,0.77,475.0,1523.0,0.6093789062500001,True,PUT,2026-01-30,QBTS
QBTS260130P00024000,24.0,1.05,0.97,1.16,269.0,2816.0,0.5312546875,True,PUT,2026-01-30,QBTS
QBTS260130P00024500,24.5,1.46,1.4,1.53,142.0,1581.0,0.570316796875,True,PUT,2026-01-30,QBTS
QBTS260130P00025000,25.0,1.87,1.85,2.02,1337.0,2234.0,0.6562534375000001,True,PUT,2026-01-30,QBTS
QBTS260130P00025500,25.5,2.45,2.16,2.55,88.0,2528.0,0.937500625,True,PUT,2026-01-30,QBTS
QBTS260130P00026000,26.0,2.92,2.74,2.99,72.0,3918.0,1.0000000000000003e-05,True,PUT,2026-01-30,QBTS
QBTS260130P00026500,26.5,3.4,3.2,3.55,88.0,1184.0,1.1875040625,True,PUT,2026-01-30,QBTS
QBTS260130P00027000,27.0,3.93,3.75,4.1,31.0,1174.0,1.5312523437499999,True,PUT,2026-01-30,QBTS
QBTS260130P00027500,27.5,4.33,3.7,4.95,24.0,676.0,2.5781285546875,True,PUT,2026-01-30,QBTS
QBTS260130P00028000,28.0,4.85,4.65,5.1,69.0,535.0,1.78125109375,True,PUT,2026-01-30,QBTS
QBTS260130P00028500,28.5,5.62,4.75,5.95,9.0,587.0,2.88281529296875,True,PUT,2026-01-30,QBTS
QBTS260130P00029000,29.0,5.65,5.25,6.15,7.0,193.0,2.2109419726562494,True,PUT,2026-01-30,QBTS
QBTS260130P00029500,29.5,6.05,5.9,6.55,6.0,203.0,1.859375703125,True,PUT,2026-01-30,QBTS
QBTS260206C00018500,18.5,6.0,4.2,5.95,2.0,1.0,1.626954990234375,True,CALL,2026-02-06,QBTS
QBTS260206C00019000,19.0,9.52,3.75,5.25,1.0,1.0,1.4140654296875002,True,CALL,2026-02-06,QBTS
QBTS260206C00020000,20.0,3.67,3.2,3.9,23.0,58.0,1.2128945605468748,True,CALL,2026-02-06,QBTS
QBTS260206C00020500,20.5,4.15,2.55,3.8,2.0,5.0,1.19922275390625,True,CALL,2026-02-06,QBTS
QBTS260206C00021000,21.0,3.0,2.43,2.91,16.0,38.0,1.05859845703125,True,CALL,2026-02-06,QBTS
QBTS260206C00021500,21.5,4.42,2.11,2.81,,1.0,1.1494183154296875,True,CALL,2026-02-06,QBTS
QBTS260206C00022000,22.0,1.94,1.83,2.1,83.0,27.0,1.000005,True,CALL,2026-02-06,QBTS
QBTS260206C00022500,22.5,1.65,1.58,1.74,16.0,96.0,0.9804689453125001,True,CALL,2026-02-06,QBTS
QBTS260206C00023000,23.0,1.33,1.35,1.46,250.0,65.0,0.9765627343750001,False,CALL,2026-02-06,QBTS
QBTS260206C00023500,23.5,1.1,1.09,1.24,253.0,159.0,0.96289099609375,False,CALL,2026-02-06,QBTS
QBTS260206C00024000,24.0,0.96,0.91,1.02,475.0,667.0,0.9580082324218748,False,CALL,2026-02-06,QBTS
QBTS260206C00024500,24.5,0.79,0.7,0.88,803.0,889.0,0.9531254687499999,False,CALL,2026-02-06,QBTS
QBTS260206C00025000,25.0,0.65,0.6,0.73,335.0,626.0,0.96679720703125,False,CALL,2026-02-06,QBTS
QBTS260206C00025500,25.5,0.55,0.49,0.62,166.0,658.0,0.9765627343750001,False,CALL,2026-02-06,QBTS
QBTS260206C00026000,26.0,0.46,0.41,0.5,415.0,1037.0,0.9804689453125001,False,CALL,2026-02-06,QBTS
QBTS260206C00026500,26.5,0.4,0.33,0.42,75.0,302.0,0.9882813671875,False,CALL,2026-02-06,QBTS
QBTS260206C00027000,27.0,0.38,0.26,0.38,587.0,1105.0,1.0078174609375,False,CALL,2026-02-06,QBTS
QBTS260206C00027500,27.5,0.38,0.22,0.34,217.0,375.0,1.0351610742187503,False,CALL,2026-02-06,QBTS
QBTS260206C00028000,28.0,0.22,0.2,0.24,93.0,673.0,1.0273486132812502,False,CALL,2026-02-06,QBTS
QBTS260206C00028500,28.5,0.13,0.14,0.23,97.0,506.0,1.0390673046875003,False,CALL,2026-02-06,QBTS
QBTS260206C00029000,29.0,0.11,0.12,0.23,288.0,542.0,1.083988955078125,False,CALL,2026-02-06,QBTS
QBTS260206C00029500,29.5,0.18,0.1,0.21,4.0,431.0,1.109379453125,False,CALL,2026-02-06,QBTS
QBTS260206P00017000,17.0,0.05,0.0,0.05,10.0,3.0,0.9609378906249999,False,PUT,2026-02-06,QBTS
QBTS260206P00018000,18.0,0.1,0.0,0.6,10.0,98.0,1.404299853515625,False,PUT,2026-02-06,QBTS
QBTS260206P00018500,18.5,0.12,0.07,0.12,19.0,6.0,0.9414068359375,False,PUT,2026-02-06,QBTS
QBTS260206P00019000,19.0,0.14,0.12,0.16,40.0,71.0,0.937500625,False,PUT,2026-02-06,QBTS
QBTS260206P00019500,19.5,0.24,0.11,0.25,12.0,7.0,0.9023447265625,False,PUT,2026-02-06,QBTS
QBTS260206P00020000,20.0,0.24,0.23,0.3,54.0,245.0,0.9101571484375,False,PUT,2026-02-06,QBTS
QBTS260206P00020500,20.5,0.32,0.3,0.4,22.0,40.0,0.8906260937499999,False,PUT,2026-02-06,QBTS
QBTS260206P00021000,21.0,0.41,0.41,0.47,139.0,1216.0,0.85742330078125,False,PUT,2026-02-06,QBTS
QBTS260206P00021500,21.5,0.54,0.55,0.66,38.0,152.0,0.86914193359375,False,PUT,2026-02-06,QBTS
QBTS260206P00022000,22.0,0.71,0.7,0.8,256.0,293.0,0.8398453515625,False,PUT,2026-02-06,QBTS
QBTS260206P00022500,22.5,1.02,0.91,1.03,137.0,612.0,0.8457046679687499,False,PUT,2026-02-06,QBTS
QBTS260206P00023000,23.0,1.16,1.11,1.22,254.0,305.0,0.8085956640624999,False,PUT,2026-02-06,QBTS
QBTS260206P00023500,23.5,1.48,1.41,1.51,85.0,261.0,0.8203142968749999,True,PUT,2026-02-06,QBTS
QBTS260206P00024000,24.0,1.77,1.66,1.85,227.0,506.0,0.8085956640624999,True,PUT,2026-02-06,QBTS
QBTS260206P00024500,24.5,2.15,1.99,2.23,55.0,218.0,0.8183611914062499,True,PUT,2026-02-06,QBTS
QBTS260206P00025000,25.0,2.46,2.32,2.57,98.0,582.0,0.790041162109375,True,PUT,2026-02-06,QBTS
QBTS260206P00025500,25.5,2.95,2.76,2.93,59.0,630.0,0.7929708203125,True,PUT,2026-02-06,QBTS
QBTS260206P00026000,26.0,3.27,3.1,3.4,78.0,474.0,0.7812521875,True,PUT,2026-02-06,QBTS
QBTS260206P00026500,26.5,3.52,3.55,3.8,8.0,212.0,0.7675804492187501,True,PUT,2026-02-06,QBTS
QBTS260206P00027000,27.0,4.2,3.7,4.35,14.0,252.0,0.5468795312500001,True,PUT,2026-02-06,QBTS
QBTS260206P00027500,27.5,4.73,3.95,4.8,2.0,78.0,1.05859845703125,True,PUT,2026-02-06,QBTS
QBTS260206P00028000,28.0,5.25,4.4,5.45,22.0,155.0,1.2890660546875,True,PUT,2026-02-06,QBTS
QBTS260206P00028500,28.5,4.37,4.85,6.05,1.0,219.0,1.4589870800781248,True,PUT,2026-02-06,QBTS
QBTS260206P00029000,29.0,6.05,5.8,6.15,16.0,91.0,1.0429735351562504,True,PUT,2026-02-06,QBTS
QBTS260206P00029500,29.5,4.78,5.4,7.1,10.0,135.0,1.6484392578125,True,PUT,2026-02-06,QBTS
QBTS260213C00019000,19.0,12.7,3.95,5.8,,11.0,1.3505891845703122,True,CALL,2026-02-13,QBTS
QBTS260213C00020000,20.0,5.3,3.3,4.5,10.0,16.0,1.15234798828125,True,CALL,2026-02-13,QBTS
QBTS260213C00021000,21.0,3.3,2.9,3.55,1.0,3.0,1.1318402783203125,True,CALL,2026-02-13,QBTS
QBTS260213C00021500,21.5,3.04,2.52,2.86,27.0,16.0,0.9941406835937501,True,CALL,2026-02-13,QBTS
QBTS260213C00022000,22.0,2.4,2.28,2.57,35.0,25.0,1.0039112304687499,True,CALL,2026-02-13,QBTS
QBTS260213C00022500,22.5,2.08,2.03,2.13,12.0,11.0,0.9589847851562499,True,CALL,2026-02-13,QBTS
QBTS260213C00023000,23.0,1.81,1.79,1.91,159.0,54.0,0.9648441015625,False,CALL,2026-02-13,QBTS
QBTS260213C00023500,23.5,1.65,1.55,1.68,22.0,51.0,0.956055126953125,False,CALL,2026-02-13,QBTS
QBTS260213C00024000,24.0,1.35,1.35,1.43,200.0,194.0,0.9423833886718749,False,CALL,2026-02-13,QBTS
QBTS260213C00024500,24.5,1.19,1.16,1.25,39.0,251.0,0.93945373046875,False,CALL,2026-02-13,QBTS
QBTS260213C00025000,25.0,1.03,1.03,1.11,752.0,2069.0,0.9521489160156249,False,CALL,2026-02-13,QBTS
QBTS260213C00025500,25.5,0.91,0.88,0.95,69.0,163.0,0.945313046875,False,CALL,2026-02-13,QBTS
QBTS260213C00026000,26.0,0.83,0.75,0.87,35.0,136.0,0.9580082324218748,False,CALL,2026-02-13,QBTS
QBTS260213C00026500,26.5,0.87,0.67,0.73,5.0,155.0,0.9589847851562499,False,CALL,2026-02-13,QBTS
QBTS260213C00027000,27.0,0.63,0.57,0.66,77.0,648.0,0.9687503125,False,CALL,2026-02-13,QBTS
QBTS260213C00027500,27.5,0.54,0.5,0.56,8.0,95.0,0.9697268652343749,False,CALL,2026-02-13,QBTS
QBTS260213C00028000,28.0,0.47,0.39,0.52,57.0,140.0,0.9707034179687499,False,CALL,2026-02-13,QBTS
QBTS260213C00028500,28.5,0.42,0.38,0.45,77.0,197.0,0.992187578125,False,CALL,2026-02-13,QBTS
QBTS260213C00029000,29.0,0.35,0.31,0.45,4.0,337.0,1.013676806640625,False,CALL,2026-02-13,QBTS
QBTS260213C00029500,29.5,0.35,0.29,0.5,7.0,301.0,1.0742233789062503,False,CALL,2026-02-13,QBTS
QBTS260213P00018000,18.0,0.2,0.11,0.35,3.0,65.0,0.9726565234375,False,PUT,2026-02-13,QBTS
QBTS260213P00019000,19.0,0.36,0.05,0.37,6.0,21.0,0.78711150390625,False,PUT,2026-02-13,QBTS
QBTS260213P00020000,20.0,0.52,0.43,0.52,16.0,93.0,0.8535170898437501,False,PUT,2026-02-13,QBTS
QBTS260213P00021000,21.0,0.69,0.73,0.8,28.0,115.0,0.8535170898437501,False,PUT,2026-02-13,QBTS
QBTS260213P00021500,21.5,0.83,0.9,0.96,19.0,244.0,0.8447281152343749,False,PUT,2026-02-13,QBTS
QBTS260213P00022000,22.0,1.15,1.07,1.18,7.0,182.0,0.8388687988281249,False,PUT,2026-02-13,QBTS
QBTS260213P00022500,22.5,1.37,1.31,1.38,57.0,75.0,0.8339860351562498,False,PUT,2026-02-13,QBTS
QBTS260213P00023000,23.0,1.58,1.55,1.62,141.0,514.0,0.8261736132812498,False,PUT,2026-02-13,QBTS
QBTS260213P00023500,23.5,1.74,1.8,1.92,11.0,135.0,0.8242205078124999,True,PUT,2026-02-13,QBTS
QBTS260213P00024000,24.0,2.36,2.1,2.17,14.0,280.0,0.8085956640624999,True,PUT,2026-02-13,QBTS
QBTS260213P00024500,24.5,2.56,2.44,2.52,9.0,436.0,0.8183611914062499,True,PUT,2026-02-13,QBTS
QBTS260213P00025000,25.0,2.84,2.7,2.86,51.0,295.0,0.79101771484375,True,PUT,2026-02-13,QBTS
QBTS260213P00025500,25.5,3.27,3.1,3.4,15.0,159.0,0.850587431640625,True,PUT,2026-02-13,QBTS
QBTS260213P00026000,26.0,3.65,3.5,3.85,40.0,159.0,0.87695435546875,True,PUT,2026-02-13,QBTS
QBTS260213P00026500,26.5,3.98,3.85,4.3,6.0,154.0,0.8789074609374999,True,PUT,2026-02-13,QBTS
QBTS260213P00027000,27.0,4.34,4.2,4.55,5.0,321.0,0.79883013671875,True,PUT,2026-02-13,QBTS
QBTS260213P00027500,27.5,4.88,4.3,5.5,4.0,15.0,0.8740246972656249,True,PUT,2026-02-13,QBTS
QBTS260213P00028000,28.0,5.5,4.85,5.65,5.0,66.0,0.79883013671875,True,PUT,2026-02-13,QBTS
QBTS260213P00028500,28.5,5.96,5.35,6.7,4.0,93.0,1.076176494140625,True,PUT,2026-02-13,QBTS
QBTS260213P00029000,29.0,6.37,5.8,6.7,2.0,91.0,0.8945323046874999,True,PUT,2026-02-13,QBTS
QBTS260213P00029500,29.5,6.7,6.0,7.35,11.0,37.0,0.8554701953125,True,PUT,2026-02-13,QBTS
QBTS260220C00017000,17.0,10.43,5.9,7.5,10.0,111.0,1.3671906640625,True,CALL,2026-02-20,QBTS
QBTS260220C00018000,18.0,5.98,5.0,6.6,2.0,241.0,1.2578162109375,True,CALL,2026-02-20,QBTS
QBTS260220C00019000,19.0,4.9,4.2,4.9,1.0,31.0,0.91992267578125,True,CALL,2026-02-20,QBTS
QBTS260220C00020000,20.0,4.3,3.8,4.15,122.0,264.0,1.0029346728515625,True,CALL,2026-02-20,QBTS
QBTS260220C00021000,21.0,3.1,3.15,3.55,13.0,280.0,1.0048877880859375,True,CALL,2026-02-20,QBTS
QBTS260220C00022000,22.0,2.62,2.57,2.8,60.0,348.0,0.956055126953125,True,CALL,2026-02-20,QBTS
QBTS260220C00023000,23.0,2.17,2.1,2.23,692.0,962.0,0.9423833886718749,False,CALL,2026-02-20,QBTS
QBTS260220C00024000,24.0,1.65,1.63,1.84,324.0,2161.0,0.936524072265625,False,CALL,2026-02-20,QBTS
QBTS260220C00024500,24.5,1.5,1.43,1.64,15.0,187.0,0.9291999267578125,False,CALL,2026-02-20,QBTS
QBTS260220C00025000,25.0,1.35,1.31,1.45,1957.0,6413.0,0.9345709667968749,False,CALL,2026-02-20,QBTS
QBTS260220C00025500,25.5,1.23,1.13,1.32,8.0,138.0,0.9326178613281251,False,CALL,2026-02-20,QBTS
QBTS260220C00026000,26.0,1.08,1.01,1.13,180.0,670.0,0.9248054394531251,False,CALL,2026-02-20,QBTS
QBTS260220C00026500,26.5,0.95,0.86,1.03,24.0,213.0,0.9238288867187501,False,CALL,2026-02-20,QBTS
QBTS260220C00027000,27.0,0.87,0.8,0.89,229.0,2618.0,0.928711650390625,False,CALL,2026-02-20,QBTS
QBTS260220C00027500,27.5,0.73,0.7,0.83,72.0,642.0,0.93945373046875,False,CALL,2026-02-20,QBTS
QBTS260220C00028000,28.0,0.7,0.65,0.76,158.0,1495.0,0.9570316796874999,False,CALL,2026-02-20,QBTS
QBTS260220C00028500,28.5,0.59,0.56,0.84,6.0,72.0,1.0009815576171874,False,CALL,2026-02-20,QBTS
QBTS260220C00029000,29.0,0.62,0.5,0.6,83.0,1366.0,0.9570316796874999,False,CALL,2026-02-20,QBTS
QBTS260220C00029500,29.5,0.46,0.45,0.58,16.0,82.0,0.9765627343750001,False,CALL,2026-02-20,QBTS
QBTS260220P00017000,17.0,0.29,0.14,0.33,3.0,340.0,0.9570316796874999,False,PUT,2026-02-20,QBTS
QBTS260220P00018000,18.0,0.33,0.28,0.35,4.0,1672.0,0.89257919921875,False,PUT,2026-02-20,QBTS
QBTS260220P00019000,19.0,0.5,0.43,0.55,159.0,2986.0,0.8789074609374999,False,PUT,2026-02-20,QBTS
QBTS260220P00020000,20.0,0.84,0.67,0.77,553.0,3903.0,0.85937640625,False,PUT,2026-02-20,QBTS
QBTS260220P00021000,21.0,1.01,0.96,1.1,31.0,2183.0,0.8466812207031249,False,PUT,2026-02-20,QBTS
QBTS260220P00022000,22.0,1.4,1.37,1.49,90.0,1986.0,0.8398453515625,False,PUT,2026-02-20,QBTS
QBTS260220P00023000,23.0,1.92,1.88,1.94,138.0,1408.0,0.831056376953125,False,PUT,2026-02-20,QBTS
QBTS260220P00023500,23.5,2.24,2.18,2.22,46.0,340.0,0.8349625878906248,True,PUT,2026-02-20,QBTS
QBTS260220P00024000,24.0,2.48,2.42,2.52,102.0,4342.0,0.8212908496093749,True,PUT,2026-02-20,QBTS
QBTS260220P00024500,24.5,2.54,2.69,2.9,5.0,372.0,0.823243955078125,True,PUT,2026-02-20,QBTS
QBTS260220P00025000,25.0,3.1,3.05,3.25,174.0,3127.0,0.831056376953125,True,PUT,2026-02-20,QBTS
QBTS260220P00025500,25.5,3.49,3.35,3.65,3.0,68.0,0.8291032714843749,True,PUT,2026-02-20,QBTS
QBTS260220P00026000,26.0,3.85,3.75,4.0,23.0,1173.0,0.831056376953125,True,PUT,2026-02-20,QBTS
QBTS260220P00026500,26.5,3.15,4.15,4.35,1.0,187.0,0.8261736132812498,True,PUT,2026-02-20,QBTS
QBTS260220P00027000,27.0,4.68,4.5,4.7,44.0,755.0,0.79883013671875,True,PUT,2026-02-20,QBTS
QBTS260220P00027500,27.5,3.7,4.8,5.65,89.0,101.0,0.9179695703125,True,PUT,2026-02-20,QBTS
QBTS260220P00028000,28.0,5.08,4.9,5.6,2.0,1212.0,0.6669955175781253,True,PUT,2026-02-20,QBTS
QBTS260220P00028500,28.5,4.35,5.5,6.2,4.0,11.0,0.7832052929687501,True,PUT,2026-02-20,QBTS
QBTS260220P00029000,29.0,6.0,6.15,6.55,1.0,702.0,0.8242205078124999,True,PUT,2026-02-20,QBTS
QBTS260220P00029500,29.5,6.03,5.8,7.5,,5.0,0.6875031250000001,True,PUT,2026-02-20,QBTS
QBTS260227C00018000,18.0,5.75,5.5,6.05,3.0,21.0,1.0869186279296876,True,CALL,2026-02-27,QBTS
QBTS260227C00019000,19.0,5.25,4.7,5.35,36.0,3.0,1.0644578027343752,True,CALL,2026-02-27,QBTS
QBTS260227C00020000,20.0,5.9,4.0,5.55,2.0,7.0,1.2460975195312498,True,CALL,2026-02-27,QBTS
QBTS260227C00021000,21.0,3.6,3.3,4.85,2.0,83.0,1.1865275048828123,True,CALL,2026-02-27,QBTS
QBTS260227C00022000,22.0,3.4,3.0,3.2,1.0,6.0,1.001958115234375,True,CALL,2026-02-27,QBTS
QBTS260227C00023000,23.0,2.6,2.47,2.63,51.0,27.0,0.9726565234375,False,CALL,2026-02-27,QBTS
QBTS260227C00024000,24.0,2.0,2.07,2.23,72.0,92.0,0.9780275634765626,False,CALL,2026-02-27,QBTS
QBTS260227C00025000,25.0,2.03,1.7,1.88,11.0,127.0,0.9770510107421876,False,CALL,2026-02-27,QBTS
QBTS260227C00026000,26.0,1.5,1.37,1.56,227.0,425.0,0.9697268652343749,False,CALL,2026-02-27,QBTS
QBTS260227C00027000,27.0,1.23,1.18,1.32,37.0,212.0,0.9873048144531251,False,CALL,2026-02-27,QBTS
QBTS260227C00028000,28.0,1.09,1.01,1.15,41.0,125.0,1.009770576171875,False,CALL,2026-02-27,QBTS
QBTS260227C00029000,29.0,0.89,0.73,0.94,20.0,97.0,0.98242205078125,False,CALL,2026-02-27,QBTS
QBTS260227P00018000,18.0,0.55,0.21,0.61,18.0,37.0,0.852540537109375,False,PUT,2026-02-27,QBTS
QBTS260227P00019000,19.0,0.78,0.62,0.77,14.0,242.0,0.8886729882812499,False,PUT,2026-02-27,QBTS
QBTS260227P00020000,20.0,1.03,0.92,1.04,40.0,309.0,0.8808605664062499,False,PUT,2026-02-27,QBTS
QBTS260227P00021000,21.0,1.4,1.32,1.41,36.0,140.0,0.8867198828124999,False,PUT,2026-02-27,QBTS
QBTS260227P00022000,22.0,1.84,1.71,1.85,62.0,188.0,0.87500125,False,PUT,2026-02-27,QBTS
QBTS260227P00023000,23.0,2.36,2.21,2.34,194.0,204.0,0.867188828125,False,PUT,2026-02-27,QBTS
QBTS260227P00024000,24.0,2.93,2.77,2.95,215.0,329.0,0.8676771044921875,True,PUT,2026-02-27,QBTS
QBTS260227P00025000,25.0,3.53,3.35,3.65,31.0,299.0,0.8652357226562499,True,PUT,2026-02-27,QBTS
QBTS260227P00026000,26.0,3.9,4.05,4.35,12.0,165.0,0.8632826171875,True,PUT,2026-02-27,QBTS
QBTS260227P00027000,27.0,5.07,4.7,6.2,1.0,45.0,1.0703171484375003,True,PUT,2026-02-27,QBTS
QBTS260227P00028000,28.0,6.14,4.75,6.55,30.0,49.0,0.8105487695312499,True,PUT,2026-02-27,QBTS
QBTS260227P00029000,29.0,5.15,5.95,7.9,17.0,33.0,1.0253954980468751,True,PUT,2026-02-27,QBTS
QBTS260306C00017000,17.0,7.09,6.05,7.5,10.0,1.0,1.1220747021484376,True,CALL,2026-03-06,QBTS
QBTS260306C00022000,22.0,3.7,3.2,3.75,2.0,7.0,1.0361376318359379,True,CALL,2026-03-06,QBTS
QBTS260306C00023000,23.0,2.87,2.62,3.3,35.0,2.0,1.017583037109375,False,CALL,2026-03-06,QBTS
QBTS260306C00025000,25.0,2.42,2.0,3.1,55.0,68.0,1.1416058544921874,False,CALL,2026-03-06,QBTS
QBTS260306C00026000,26.0,3.05,1.5,2.55,1.0,14.0,1.0703171484375003,False,CALL,2026-03-06,QBTS
QBTS260306C00027000,27.0,2.0,0.99,2.06,6.0,55.0,0.9907227490234375,False,CALL,2026-03-06,QBTS
QBTS260306C00028000,28.0,1.4,1.35,1.67,87.0,79.0,1.0732468212890627,False,CALL,2026-03-06,QBTS
QBTS260306P00017000,17.0,0.35,0.19,0.6,1.0,19.0,0.8808605664062499,False,PUT,2026-03-06,QBTS
QBTS260306P00019000,19.0,1.0,0.8,1.1,11.0,24.0,0.9238288867187501,False,PUT,2026-03-06,QBTS
QBTS260306P00020000,20.0,1.33,0.94,1.35,22.0,15.0,0.8632826171875,False,PUT,2026-03-06,QBTS
QBTS260306P00021000,21.0,1.74,1.28,2.35,2.0,52.0,0.9697268652343749,False,PUT,2026-03-06,QBTS
QBTS260306P00022000,22.0,2.0,1.91,2.77,6.0,69.0,0.9882813671875,False,PUT,2026-03-06,QBTS
QBTS260306P00023000,23.0,2.63,2.38,3.0,14.0,54.0,0.9238288867187501,False,PUT,2026-03-06,QBTS
QBTS260306P00024000,24.0,2.3,2.8,4.0,3.0,22.0,0.9663089306640625,True,PUT,2026-03-06,QBTS
QBTS260306P00025000,25.0,3.35,3.55,4.15,43.0,47.0,0.9003916210937499,True,PUT,2026-03-06,QBTS
QBTS260306P00026000,26.0,4.48,4.2,5.25,4.0,57.0,0.9653323779296875,True,PUT,2026-03-06,QBTS
QBTS260306P00027000,27.0,5.4,4.85,6.2,1.0,21.0,0.9907227490234375,True,PUT,2026-03-06,QBTS
QBTS260320C00017000,17.0,7.03,6.85,7.25,11.0,24.0,1.0859420703125,True,CALL,2026-03-20,QBTS
QBTS260320C00018000,18.0,8.05,5.85,7.5,1.0,37.0,1.2070352148437498,True,CALL,2026-03-20,QBTS
QBTS260320C00019000,19.0,9.29,5.05,6.85,52.0,65.0,1.1630901220703125,True,CALL,2026-03-20,QBTS
QBTS260320C00020000,20.0,5.12,4.9,5.15,13.0,108.0,1.0410204199218753,True,CALL,2026-03-20,QBTS
QBTS260320C00021000,21.0,4.55,4.25,4.85,101.0,43.0,1.0615281298828125,True,CALL,2026-03-20,QBTS
QBTS260320C00022000,22.0,5.41,3.8,4.45,1.0,20.0,1.0810592822265626,True,CALL,2026-03-20,QBTS
QBTS260320C00023000,23.0,3.57,3.4,3.55,103.0,30.0,1.01953615234375,False,CALL,2026-03-20,QBTS
QBTS260320C00024000,24.0,3.04,3.05,3.1,80.0,502.0,1.0200244311523439,False,CALL,2026-03-20,QBTS
QBTS260320C00025000,25.0,2.65,2.63,2.74,241.0,527.0,1.01172369140625,False,CALL,2026-03-20,QBTS
QBTS260320C00026000,26.0,2.35,2.31,2.4,56.0,936.0,1.0092822973632813,False,CALL,2026-03-20,QBTS
QBTS260320C00027000,27.0,2.03,2.03,2.14,36.0,938.0,1.0141650854492186,False,CALL,2026-03-20,QBTS
QBTS260320C00028000,28.0,1.76,1.78,1.89,66.0,456.0,1.015629921875,False,CALL,2026-03-20,QBTS
QBTS260320C00029000,29.0,1.63,1.57,1.68,294.0,644.0,1.0205127099609377,False,CALL,2026-03-20,QBTS
QBTS260320P00017000,17.0,0.67,0.41,0.88,3.0,52.0,0.8906260937499999,False,PUT,2026-03-20,QBTS
QBTS260320P00018000,18.0,1.04,0.99,1.09,36.0,228.0,0.9501958105468749,False,PUT,2026-03-20,QBTS
QBTS260320P00019000,19.0,1.25,1.11,1.39,20.0,301.0,0.9038095556640625,False,PUT,2026-03-20,QBTS
QBTS260320P00020000,20.0,1.62,1.6,1.75,68.0,685.0,0.9213875048828125,False,PUT,2026-03-20,QBTS
QBTS260320P00021000,21.0,2.18,2.07,2.18,108.0,577.0,0.9257819921875,False,PUT,2026-03-20,QBTS
QBTS260320P00022000,22.0,2.61,2.55,2.65,29.0,570.0,0.920899228515625,False,PUT,2026-03-20,QBTS
QBTS260320P00023000,23.0,2.96,3.15,3.2,81.0,1260.0,0.930664755859375,False,PUT,2026-03-20,QBTS
QBTS260320P00024000,24.0,3.72,3.65,3.8,29.0,417.0,0.9179695703125,True,PUT,2026-03-20,QBTS
QBTS260320P00025000,25.0,4.37,4.25,4.45,48.0,1066.0,0.914063359375,True,PUT,2026-03-20,QBTS
QBTS260320P00026000,26.0,5.03,4.9,5.1,15.0,606.0,0.90429783203125,True,PUT,2026-03-20,QBTS
QBTS260320P00027000,27.0,6.0,5.65,5.85,9.0,1161.0,0.913086806640625,True,PUT,2026-03-20,QBTS
QBTS260320P00028000,28.0,5.59,6.35,6.55,1.0,207.0,0.8955088574218748,True,PUT,2026-03-20,QBTS
QBTS260320P00029000,29.0,7.33,6.95,7.55,12.0,817.0,0.8984385156249999,True,PUT,2026-03-20,QBTS
QBTS260417C00017000,17.0,7.83,7.25,7.85,1.0,292.0,1.0483446020507814,True,CALL,2026-04-17,QBTS
QBTS260417C00018000,18.0,6.9,6.25,7.0,1.0,915.0,0.954102021484375,True,CALL,2026-04-17,QBTS
QBTS260417C00019000,19.0,7.1,5.7,7.45,92.0,255.0,1.1142622412109375,True,CALL,2026-04-17,QBTS
QBTS260417C00020000,20.0,5.85,5.5,6.05,9.0,624.0,1.0395555834960941,True,CALL,2026-04-17,QBTS
QBTS260417C00021000,21.0,5.0,5.0,5.25,30.0,1111.0,1.0004932788085936,True,CALL,2026-04-17,QBTS
QBTS260417C00022000,22.0,4.54,4.55,4.75,6.0,240.0,0.99804689453125,True,CALL,2026-04-17,QBTS
QBTS260417C00023000,23.0,4.2,4.15,4.3,261.0,3686.0,0.9985351708984375,False,CALL,2026-04-17,QBTS
QBTS260417C00024000,24.0,3.78,3.75,3.9,138.0,411.0,0.9960937890625,False,CALL,2026-04-17,QBTS
QBTS260417C00025000,25.0,3.4,3.35,3.55,136.0,1040.0,0.992187578125,False,CALL,2026-04-17,QBTS
QBTS260417C00026000,26.0,3.07,3.0,3.2,100.0,663.0,0.9863282617187501,False,CALL,2026-04-17,QBTS
QBTS260417C00027000,27.0,2.83,2.73,2.96,7.0,1308.0,0.9956055126953125,False,CALL,2026-04-17,QBTS
QBTS260417C00028000,28.0,2.49,2.47,2.6,100.0,871.0,0.9858399853515626,False,CALL,2026-04-17,QBTS
QBTS260417C00029000,29.0,2.4,2.19,2.59,13.0,1627.0,1.009770576171875,False,CALL,2026-04-17,QBTS
QBTS260417P00017000,17.0,1.2,1.15,1.24,47.0,415.0,0.9248054394531251,False,PUT,2026-04-17,QBTS
QBTS260417P00018000,18.0,1.41,1.46,1.57,5.0,1553.0,0.9194343994140625,False,PUT,2026-04-17,QBTS
QBTS260417P00019000,19.0,1.54,1.79,2.32,1.0,2268.0,0.9648441015625,False,PUT,2026-04-17,QBTS
QBTS260417P00020000,20.0,2.14,2.2,2.36,147.0,4156.0,0.9057626611328125,False,PUT,2026-04-17,QBTS
QBTS260417P00021000,21.0,2.72,2.66,2.82,12.0,910.0,0.9018564501953125,False,PUT,2026-04-17,QBTS
QBTS260417P00022000,22.0,3.38,3.15,3.3,56.0,1359.0,0.893555751953125,False,PUT,2026-04-17,QBTS
QBTS260417P00023000,23.0,3.8,3.75,3.9,57.0,718.0,0.9028330029296875,False,PUT,2026-04-17,QBTS
QBTS260417P00024000,24.0,4.5,4.35,4.65,10.0,1198.0,0.91992267578125,True,PUT,2026-04-17,QBTS
QBTS260417P00025000,25.0,5.03,4.95,5.1,481.0,2741.0,0.89257919921875,True,PUT,2026-04-17,QBTS
QBTS260417P00026000,26.0,5.75,5.6,5.8,6.0,901.0,0.89257919921875,True,PUT,2026-04-17,QBTS
QBTS260417P00027000,27.0,6.5,6.3,6.5,2.0,371.0,0.8903819555664061,True,PUT,2026-04-17,QBTS
QBTS260417P00028000,28.0,6.65,6.85,7.55,14.0,549.0,0.905274384765625,True,PUT,2026-04-17,QBTS
QBTS260417P00029000,29.0,7.26,7.6,8.1,12.0,767.0,0.87695435546875,True,PUT,2026-04-17,QBTS
QBTS260618C00017000,17.0,8.34,8.3,10.15,3.0,29.0,1.19141029296875,True,CALL,2026-06-18,QBTS
QBTS260618C00018000,18.0,9.42,6.95,9.3,1.0,90.0,1.056645341796875,True,CALL,2026-06-18,QBTS
QBTS260618C00019000,19.0,8.91,7.2,8.65,1.0,57.0,1.1206098657226562,True,CALL,2026-06-18,QBTS
QBTS260618C00020000,20.0,7.0,6.75,7.3,12.0,270.0,1.0305224255371095,True,CALL,2026-06-18,QBTS
QBTS260618C00021000,21.0,7.9,5.1,7.7,2.0,132.0,0.9951172363281251,True,CALL,2026-06-18,QBTS
QBTS260618C00022000,22.0,6.0,5.9,6.6,6.0,135.0,1.0463914868164066,True,CALL,2026-06-18,QBTS
QBTS260618C00023000,23.0,5.55,5.45,5.7,50.0,298.0,0.993164130859375,False,CALL,2026-06-18,QBTS
QBTS260618C00024000,24.0,5.05,5.05,5.35,58.0,178.0,0.991211025390625,False,CALL,2026-06-18,QBTS
QBTS260618C00025000,25.0,4.9,4.65,5.05,94.0,224.0,0.9897461962890625,False,CALL,2026-06-18,QBTS
QBTS260618C00026000,26.0,4.7,4.35,4.6,24.0,278.0,0.9794923925781251,False,CALL,2026-06-18,QBTS
QBTS260618C00027000,27.0,4.45,4.1,4.4,19.0,596.0,0.9919434399414062,False,CALL,2026-06-18,QBTS
QBTS260618C00028000,28.0,4.05,3.7,4.1,8.0,351.0,0.9787599780273439,False,CALL,2026-06-18,QBTS
QBTS260618C00029000,29.0,3.95,3.55,3.85,22.0,260.0,0.9887696435546875,False,CALL,2026-06-18,QBTS
QBTS260618P00017000,17.0,2.05,2.03,2.15,1467.0,265.0,0.9194343994140625,False,PUT,2026-06-18,QBTS
QBTS260618P00018000,18.0,2.42,2.33,2.58,28.0,649.0,0.9057626611328125,False,PUT,2026-06-18,QBTS
QBTS260618P00019000,19.0,3.0,2.82,3.05,57.0,352.0,0.9106454248046875,False,PUT,2026-06-18,QBTS
QBTS260618P00020000,20.0,3.3,3.3,3.55,2330.0,1638.0,0.9091805957031249,False,PUT,2026-06-18,QBTS
QBTS260618P00021000,21.0,3.94,3.8,4.05,2.0,225.0,0.903321279296875,False,PUT,2026-06-18,QBTS
QBTS260618P00022000,22.0,4.56,4.35,4.65,17.0,1959.0,0.905274384765625,False,PUT,2026-06-18,QBTS
QBTS260618P00023000,23.0,4.95,4.95,5.15,6.0,163.0,0.8969736865234373,False,PUT,2026-06-18,QBTS
QBTS260618P00024000,24.0,5.8,5.6,5.85,51.0,209.0,0.9062509375,True,PUT,2026-06-18,QBTS
QBTS260618P00025000,25.0,6.2,6.25,6.4,20.0,872.0,0.8967295483398436,True,PUT,2026-06-18,QBTS
QBTS260618P00026000,26.0,7.05,6.9,7.2,5.0,259.0,0.9047861083984375,True,PUT,2026-06-18,QBTS
QBTS260618P00027000,27.0,7.55,7.55,7.8,23.0,241.0,0.8911143701171874,True,PUT,2026-06-18,QBTS
QBTS260618P00028000,28.0,6.5,8.25,8.65,1.0,85.0,0.8999033447265624,True,PUT,2026-06-18,QBTS
QBTS260618P00029000,29.0,7.05,8.95,9.2,14.0,125.0,0.8784191845703124,True,PUT,2026-06-18,QBTS
QBTS260717C00017000,17.0,8.6,8.5,9.5,11.0,34.0,1.0361376318359379,True,CALL,2026-07-17,QBTS
QBTS260717C00018000,18.0,8.33,7.95,8.8,2.0,14.0,1.0134326672363283,True,CALL,2026-07-17,QBTS
QBTS260717C00019000,19.0,9.75,6.4,8.15,10.0,37.0,0.8950205810546874,True,CALL,2026-07-17,QBTS
QBTS260717C00020000,20.0,7.41,7.15,7.7,3.0,171.0,1.0124561096191407,True,CALL,2026-07-17,QBTS
QBTS260717C00021000,21.0,7.19,6.65,7.15,1.0,47.0,0.9953613745117188,True,CALL,2026-07-17,QBTS
QBTS260717C00022000,22.0,6.47,6.3,7.05,4.0,67.0,1.0266161950683594,True,CALL,2026-07-17,QBTS
QBTS260717C00023000,23.0,7.5,5.85,7.35,15.0,68.0,1.0776413305664065,False,CALL,2026-07-17,QBTS
QBTS260717C00024000,24.0,5.68,5.4,6.1,26.0,33.0,0.9936524072265626,False,CALL,2026-07-17,QBTS
QBTS260717C00025000,25.0,5.35,5.2,5.6,44.0,157.0,0.9907227490234375,False,CALL,2026-07-17,QBTS
QBTS260717C00026000,26.0,5.25,4.8,5.85,30.0,108.0,1.0293017285156252,False,CALL,2026-07-17,QBTS
QBTS260717C00027000,27.0,4.8,4.55,5.4,5.0,56.0,1.01953615234375,False,CALL,2026-07-17,QBTS
QBTS260717C00028000,28.0,4.61,4.3,4.7,6.0,156.0,0.9873048144531251,False,CALL,2026-07-17,QBTS
QBTS260717C00029000,29.0,4.8,4.0,4.35,1.0,88.0,0.9763185961914063,False,CALL,2026-07-17,QBTS
QBTS260717P00017000,17.0,2.35,2.28,2.53,1.0,61.0,0.9067392138671875,False,PUT,2026-07-17,QBTS
QBTS260717P00018000,18.0,2.9,2.6,3.0,1.0,79.0,0.8959971337890623,False,PUT,2026-07-17,QBTS
QBTS260717P00019000,19.0,3.28,3.15,3.5,5.0,55.0,0.9047861083984375,False,PUT,2026-07-17,QBTS
QBTS260717P00020000,20.0,3.9,3.65,3.95,21.0,443.0,0.897217824707031,False,PUT,2026-07-17,QBTS
QBTS260717P00021000,21.0,4.45,3.75,4.7,3.0,81.0,0.8754895263671875,False,PUT,2026-07-17,QBTS
QBTS260717P00022000,22.0,4.9,4.75,5.05,25.0,106.0,0.8930674755859375,False,PUT,2026-07-17,QBTS
QBTS260717P00023000,23.0,5.7,5.35,5.65,26.0,69.0,0.8920909228515624,False,PUT,2026-07-17,QBTS
QBTS260717P00024000,24.0,5.86,5.9,6.85,5.0,64.0,0.9318854467773439,True,PUT,2026-07-17,QBTS
QBTS260717P00025000,25.0,6.3,6.4,7.2,7.0,415.0,0.893555751953125,True,PUT,2026-07-17,QBTS
QBTS260717P00026000,26.0,6.32,6.6,7.5,2.0,17.0,0.8242205078124999,True,PUT,2026-07-17,QBTS
QBTS260717P00027000,27.0,7.36,7.95,8.55,25.0,103.0,0.9035654174804688,True,PUT,2026-07-17,QBTS
QBTS260717P00028000,28.0,7.55,8.4,9.25,10.0,134.0,0.8796398754882812,True,PUT,2026-07-17,QBTS
QBTS260717P00029000,29.0,9.07,9.4,9.75,8.0,106.0,0.8803722900390624,True,PUT,2026-07-17,QBTS
QBTS260918C00017000,17.0,10.92,8.05,11.55,28.0,36.0,1.0327196801757816,True,CALL,2026-09-18,QBTS
QBTS260918C00018000,18.0,10.5,7.85,9.85,2.0,53.0,0.9484868432617187,True,CALL,2026-09-18,QBTS
QBTS260918C00019000,19.0,9.93,8.3,9.4,1.0,19.0,1.0258837768554687,True,CALL,2026-09-18,QBTS
QBTS260918C00020000,20.0,9.35,8.05,8.85,1.0,174.0,1.0288134497070316,True,CALL,2026-09-18,QBTS
QBTS260918C00021000,21.0,9.65,7.6,9.3,2.0,17.0,1.0903365795898439,True,CALL,2026-09-18,QBTS
QBTS260918C00022000,22.0,9.9,6.1,9.0,2.0,13.0,1.0080616003417968,True,CALL,2026-09-18,QBTS
QBTS260918C00023000,23.0,7.2,6.9,7.55,26.0,154.0,1.0124561096191407,False,CALL,2026-09-18,QBTS
QBTS260918C00024000,24.0,7.15,6.5,7.45,2.0,51.0,1.0244189404296877,False,CALL,2026-09-18,QBTS
QBTS260918C00025000,25.0,7.45,5.55,7.8,31.0,111.0,1.0263720556640625,False,CALL,2026-09-18,QBTS
QBTS260918C00026000,26.0,7.56,5.9,6.8,6.0,291.0,1.0222216857910156,False,CALL,2026-09-18,QBTS
QBTS260918C00027000,27.0,7.27,5.65,6.7,2.0,91.0,1.0371141894531253,False,CALL,2026-09-18,QBTS
QBTS260918C00028000,28.0,6.5,5.1,6.15,2.0,170.0,0.9975586181640624,False,CALL,2026-09-18,QBTS
QBTS260918C00029000,29.0,6.05,5.1,6.0,4.0,92.0,1.0219775463867187,False,CALL,2026-09-18,QBTS
QBTS260918P00017000,17.0,2.96,2.95,3.55,500.0,501.0,0.93164130859375,False,PUT,2026-09-18,QBTS
QBTS260918P00018000,18.0,3.37,3.35,3.8,4.0,486.0,0.9006357592773437,False,PUT,2026-09-18,QBTS
QBTS260918P00019000,19.0,4.1,3.95,4.3,1.0,393.0,0.905274384765625,False,PUT,2026-09-18,QBTS
QBTS260918P00020000,20.0,4.65,4.5,5.0,16.0,436.0,0.9167488793945313,False,PUT,2026-09-18,QBTS
QBTS260918P00021000,21.0,4.66,4.35,5.3,1.0,4.0,0.8388687988281249,False,PUT,2026-09-18,QBTS
QBTS260918P00022000,22.0,5.38,5.55,6.2,500.0,518.0,0.9067392138671875,False,PUT,2026-09-18,QBTS
QBTS260918P00023000,23.0,5.6,6.15,7.0,1.0,637.0,0.9169930175781251,False,PUT,2026-09-18,QBTS
QBTS260918P00024000,24.0,6.85,6.25,7.2,17.0,292.0,0.8454605297851561,True,PUT,2026-09-18,QBTS
QBTS260918P00025000,25.0,7.75,7.45,8.0,15.0,307.0,0.8920909228515624,True,PUT,2026-09-18,QBTS
QBTS260918P00026000,26.0,8.25,8.2,8.6,5.0,37.0,0.8896495410156249,True,PUT,2026-09-18,QBTS
QBTS260918P00027000,27.0,9.15,8.7,9.45,1.0,51.0,0.88476677734375,True,PUT,2026-09-18,QBTS
QBTS260918P00028000,28.0,9.95,9.65,10.75,1.0,1470.0,0.9392095922851562,True,PUT,2026-09-18,QBTS
QBTS260918P00029000,29.0,10.48,10.3,11.5,42.0,228.0,0.9331061376953125,True,PUT,2026-09-18,QBTS
QBTS261120C00018000,18.0,10.89,8.7,11.8,6.0,257.0,1.0603074328613284,True,CALL,2026-11-20,QBTS
QBTS261120C00020000,20.0,9.5,8.9,9.5,1.0,112.0,1.0210009887695315,True,CALL,2026-11-20,QBTS
QBTS261120C00023000,23.0,11.55,7.0,9.15,1.0,321.0,1.0109912731933592,False,CALL,2026-11-20,QBTS
QBTS261120C00025000,25.0,7.55,7.1,8.5,6.0,329.0,1.0554246447753908,False,CALL,2026-11-20,QBTS
QBTS261120C00027000,27.0,7.65,6.5,8.05,1.0,172.0,1.0581101782226563,False,CALL,2026-11-20,QBTS
QBTS261120P00018000,18.0,4.17,4.0,5.0,1.0,122.0,0.9426275268554687,False,PUT,2026-11-20,QBTS
QBTS261120P00020000,20.0,5.44,5.1,5.6,3.0,687.0,0.8986826538085937,False,PUT,2026-11-20,QBTS
QBTS261120P00023000,23.0,7.22,7.05,7.4,18.0,613.0,0.8984385156249999,False,PUT,2026-11-20,QBTS
QBTS261120P00025000,25.0,7.8,7.95,9.2,5.0,279.0,0.8981943774414061,True,PUT,2026-11-20,QBTS
QBTS261120P00027000,27.0,10.0,9.6,11.85,22.0,146.0,0.9890137817382813,True,PUT,2026-11-20,QBTS
QBTS270115C00017000,17.0,12.6,10.25,12.9,4.0,4313.0,1.1108442895507813,True,CALL,2027-01-15,QBTS
QBTS270115C00020000,20.0,10.0,9.45,10.1,99.0,8709.0,1.0139209460449217,True,CALL,2027-01-15,QBTS
QBTS270115C00022000,22.0,8.9,8.8,9.4,64.0,4824.0,1.0151416430664062,True,CALL,2027-01-15,QBTS
QBTS270115C00025000,25.0,8.3,7.85,8.2,33.0,3012.0,0.9946289599609376,False,CALL,2027-01-15,QBTS
QBTS270115C00027000,27.0,7.67,7.1,7.8,57.0,1271.0,0.9904786108398438,False,CALL,2027-01-15,QBTS
QBTS270115P00017000,17.0,4.05,3.95,4.3,12.0,4143.0,0.8894054028320311,False,PUT,2027-01-15,QBTS
QBTS270115P00020000,20.0,5.75,5.7,5.95,14.0,2245.0,0.8867198828124999,False,PUT,2027-01-15,QBTS
QBTS270115P00022000,22.0,7.14,6.5,7.2,8.0,2769.0,0.8576674389648438,False,PUT,2027-01-15,QBTS
QBTS270115P00025000,25.0,9.03,8.8,9.2,45.0,1505.0,0.8732922827148437,True,PUT,2027-01-15,QBTS
QBTS270115P00027000,27.0,10.41,10.1,10.85,120.0,2510.0,0.8781750463867187,True,PUT,2027-01-15,QBTS
QBTS280121C00017000,17.0,13.95,12.8,15.5,3.0,531.0,1.0698288696289064,True,CALL,2028-01-21,QBTS
QBTS280121C00020000,20.0,12.53,11.5,14.2,17.0,919.0,1.0168506188964845,True,CALL,2028-01-21,QBTS
QBTS280121C00022000,22.0,12.75,11.85,13.1,9.0,382.0,1.0312548437500002,True,CALL,2028-01-21,QBTS
QBTS280121C00025000,25.0,11.45,11.1,12.4,29.0,901.0,1.027836892089844,False,CALL,2028-01-21,QBTS
QBTS280121C00027000,27.0,11.0,10.35,11.8,26.0,1899.0,1.0039112304687499,False,CALL,2028-01-21,QBTS
QBTS280121P00017000,17.0,6.2,6.05,7.85,30.0,91.0,0.9284675122070312,False,PUT,2028-01-21,QBTS
QBTS280121P00020000,20.0,8.13,7.6,8.5,26.0,517.0,0.8314225842285154,False,PUT,2028-01-21,QBTS
QBTS280121P00022000,22.0,9.31,9.0,9.9,6.0,692.0,0.8326432751464843,False,PUT,2028-01-21,QBTS
QBTS280121P00025000,25.0,11.35,11.2,12.05,3.0,1658.0,0.8321549987792967,True,PUT,2028-01-21,QBTS
QBTS280121P00027000,27.0,12.75,11.0,13.9,24.0,1220.0,0.7741721801757813,True,PUT,2028-01-21,QBTS
QCOM260130C00115000,115.0,36.6,34.8,38.8,2.0,1.0,3.1220725073242184,True,CALL,2026-01-30,QCOM
QCOM260130C00120000,120.0,33.02,29.75,33.65,2.0,13.0,2.684573601074219,True,CALL,2026-01-30,QCOM
QCOM260130C00125000,125.0,28.04,25.35,28.35,2.0,0.0,2.189457651367187,True,CALL,2026-01-30,QCOM
QCOM260130C00130000,130.0,20.78,20.35,23.2,1.0,1.0,1.7880869970703124,True,CALL,2026-01-30,QCOM
QCOM260130C00140000,140.0,13.5,10.4,12.85,4.0,18.0,1.0048877880859375,True,CALL,2026-01-30,QCOM
QCOM260130C00143000,143.0,9.72,7.95,10.3,18.0,2.0,0.9799806689453125,True,CALL,2026-01-30,QCOM
QCOM260130C00144000,144.0,8.76,6.45,9.0,18.0,2.0,0.8115253222656249,True,CALL,2026-01-30,QCOM
QCOM260130C00145000,145.0,8.0,5.5,8.5,1.0,75.0,0.901368173828125,True,CALL,2026-01-30,QCOM
QCOM260130C00147000,147.0,6.25,3.55,6.3,23.0,22.0,0.6972686523437501,True,CALL,2026-01-30,QCOM
QCOM260130C00148000,148.0,3.91,3.3,5.3,4.0,11.0,0.622074091796875,True,CALL,2026-01-30,QCOM
QCOM260130C00149000,149.0,3.04,3.0,4.1,8.0,38.0,0.49219257812500006,True,CALL,2026-01-30,QCOM
QCOM260130C00150000,150.0,2.49,2.22,2.75,76.0,324.0,0.3232489550781249,True,CALL,2026-01-30,QCOM
QCOM260130C00152500,152.5,1.2,0.92,1.28,312.0,602.0,0.3242255078124999,False,CALL,2026-01-30,QCOM
QCOM260130C00155000,155.0,0.4,0.38,0.48,418.0,1072.0,0.33008482421874996,False,CALL,2026-01-30,QCOM
QCOM260130C00157500,157.5,0.15,0.13,0.18,764.0,3472.0,0.35645174804687496,False,CALL,2026-01-30,QCOM
QCOM260130C00160000,160.0,0.07,0.06,0.08,1995.0,4493.0,0.39649041015625003,False,CALL,2026-01-30,QCOM
QCOM260130C00162500,162.5,0.03,0.03,0.04,135.0,2299.0,0.437505625,False,CALL,2026-01-30,QCOM
QCOM260130C00165000,165.0,0.02,0.01,0.02,943.0,2818.0,0.476567734375,False,CALL,2026-01-30,QCOM
QCOM260130C00167500,167.5,0.01,0.0,0.01,15.0,952.0,0.507817421875,False,CALL,2026-01-30,QCOM
QCOM260130C00170000,170.0,0.03,0.0,0.02,103.0,2194.0,0.57812921875,False,CALL,2026-01-30,QCOM
QCOM260130C00172500,172.5,0.01,0.0,0.05,1.0,326.0,0.710940390625,False,CALL,2026-01-30,QCOM
QCOM260130C00175000,175.0,0.02,0.0,0.01,54.0,727.0,0.6562534375000001,False,CALL,2026-01-30,QCOM
QCOM260130C00177500,177.5,0.01,0.0,0.31,2.0,292.0,1.1054732226562503,False,CALL,2026-01-30,QCOM
QCOM260130C00180000,180.0,0.02,0.0,0.05,4.0,786.0,0.92187578125,False,CALL,2026-01-30,QCOM
QCOM260130C00182500,182.5,0.01,0.0,0.19,3.0,92.0,1.173832255859375,False,CALL,2026-01-30,QCOM
QCOM260130C00185000,185.0,0.04,0.0,0.02,88.0,519.0,0.9531254687499999,False,CALL,2026-01-30,QCOM
QCOM260130C00187500,187.5,0.01,0.0,0.5,2.0,28.0,1.537111689453125,False,CALL,2026-01-30,QCOM
QCOM260130C00190000,190.0,0.01,0.0,0.01,38.0,993.0,1.000005,False,CALL,2026-01-30,QCOM
QCOM260130C00192500,192.5,0.01,0.0,2.13,1.0,11.0,2.2773480566406246,False,CALL,2026-01-30,QCOM
QCOM260130C00195000,195.0,0.03,0.0,0.2,1.0,198.0,1.53515857421875,False,CALL,2026-01-30,QCOM
QCOM260130C00197500,197.5,0.01,0.0,2.13,16.0,16.0,2.4560585473632814,False,CALL,2026-01-30,QCOM
QCOM260130P00110000,110.0,0.03,0.0,2.12,,2.0,3.1054709863281245,False,PUT,2026-01-30,QCOM
QCOM260130P00115000,115.0,0.02,0.0,2.12,,15.0,2.7636749658203126,False,PUT,2026-01-30,QCOM
QCOM260130P00120000,120.0,0.02,0.0,0.44,2.0,4.0,1.736329443359375,False,PUT,2026-01-30,QCOM
QCOM260130P00130000,130.0,0.02,0.0,0.18,1.0,90.0,1.0546922265625,False,PUT,2026-01-30,QCOM
QCOM260130P00135000,135.0,0.11,0.01,0.1,49.0,74.0,0.773439765625,False,PUT,2026-01-30,QCOM
QCOM260130P00138000,138.0,0.1,0.01,0.11,10.0,30.0,0.6601596484375001,False,PUT,2026-01-30,QCOM
QCOM260130P00139000,139.0,0.13,0.01,0.12,7.0,39.0,0.6250037500000001,False,PUT,2026-01-30,QCOM
QCOM260130P00140000,140.0,0.04,0.02,0.09,9.0,457.0,0.5664105859375,False,PUT,2026-01-30,QCOM
QCOM260130P00142000,142.0,0.2,0.0,0.15,10.0,12.0,0.5117236328125,False,PUT,2026-01-30,QCOM
QCOM260130P00143000,143.0,0.18,0.0,0.55,2.0,65.0,0.6181678808593751,False,PUT,2026-01-30,QCOM
QCOM260130P00144000,144.0,0.1,0.07,0.2,3.0,114.0,0.5214891601562499,False,PUT,2026-01-30,QCOM
QCOM260130P00145000,145.0,0.14,0.12,0.2,125.0,905.0,0.47070841796875,False,PUT,2026-01-30,QCOM
QCOM260130P00146000,146.0,0.2,0.14,0.4,5.0,16.0,0.5127001855468749,False,PUT,2026-01-30,QCOM
QCOM260130P00147000,147.0,0.31,0.21,0.52,107.0,88.0,0.49707534179687507,False,PUT,2026-01-30,QCOM
QCOM260130P00148000,148.0,0.5,0.3,0.52,19.0,390.0,0.432622861328125,False,PUT,2026-01-30,QCOM
QCOM260130P00149000,149.0,0.57,0.41,0.81,20.0,521.0,0.44922425781249997,False,PUT,2026-01-30,QCOM
QCOM260130P00150000,150.0,0.8,0.67,0.89,455.0,2304.0,0.3930724755859375,False,PUT,2026-01-30,QCOM
QCOM260130P00152500,152.5,2.05,1.64,2.33,582.0,669.0,0.47559118164062497,True,PUT,2026-01-30,QCOM
QCOM260130P00155000,155.0,3.92,3.45,4.2,493.0,2083.0,0.5532271240234375,True,PUT,2026-01-30,QCOM
QCOM260130P00157500,157.5,6.07,5.55,6.25,69.0,750.0,0.6074258007812501,True,PUT,2026-01-30,QCOM
QCOM260130P00160000,160.0,8.4,7.95,8.75,87.0,1139.0,0.6152382226562501,True,PUT,2026-01-30,QCOM
QCOM260130P00162500,162.5,11.0,10.0,11.4,65.0,817.0,0.6679720703125002,True,PUT,2026-01-30,QCOM
QCOM260130P00165000,165.0,13.33,13.0,13.8,52.0,872.0,0.8818371191406249,True,PUT,2026-01-30,QCOM
QCOM260130P00167500,167.5,16.2,15.15,16.4,15.0,149.0,0.930664755859375,True,PUT,2026-01-30,QCOM
QCOM260130P00170000,170.0,19.4,17.15,19.55,3.0,186.0,1.0791061669921875,True,PUT,2026-01-30,QCOM
QCOM260130P00172500,172.5,19.52,18.8,22.8,2.0,0.0,1.15234798828125,True,PUT,2026-01-30,QCOM
QCOM260130P00175000,175.0,23.25,21.3,25.3,1.0,1.0,1.2509803076171875,True,PUT,2026-01-30,QCOM
QCOM260130P00177500,177.5,25.84,23.8,27.75,1.0,0.0,1.3291049169921871,True,PUT,2026-01-30,QCOM
QCOM260130P00180000,180.0,25.05,26.3,30.3,1.0,1.0,1.439455927734375,True,PUT,2026-01-30,QCOM
QCOM260130P00182500,182.5,19.43,28.8,32.75,,0.0,1.5107446337890624,True,PUT,2026-01-30,QCOM
QCOM260130P00185000,185.0,31.68,31.4,35.3,2.0,1.0,1.654298603515625,True,PUT,2026-01-30,QCOM
QCOM260130P00190000,190.0,32.4,36.3,40.3,1.0,0.0,1.787110439453125,True,PUT,2026-01-30,QCOM
QCOM260130P00195000,195.0,40.33,41.35,45.3,2.0,0.0,1.96875015625,True,PUT,2026-01-30,QCOM
QCOM260206C00110000,110.0,53.5,40.45,43.2,,1.0,1.466799541015625,True,CALL,2026-02-06,QCOM
QCOM260206C00140000,140.0,11.32,11.55,13.4,2.0,8.0,0.5742230078125,True,CALL,2026-02-06,QCOM
QCOM260206C00145000,145.0,9.78,8.95,9.5,12.0,84.0,0.5212450219726561,True,CALL,2026-02-06,QCOM
QCOM260206C00147000,147.0,6.6,7.55,8.1,1.0,4.0,0.5159960510253907,True,CALL,2026-02-06,QCOM
QCOM260206C00148000,148.0,6.02,6.65,7.45,6.0,7.0,0.500005,True,CALL,2026-02-06,QCOM
QCOM260206C00149000,149.0,7.5,6.3,6.95,19.0,20.0,0.5197801928710937,True,CALL,2026-02-06,QCOM
QCOM260206C00150000,150.0,6.14,5.7,6.3,56.0,560.0,0.5136767382812499,True,CALL,2026-02-06,QCOM
QCOM260206C00152500,152.5,4.8,4.7,5.0,91.0,115.0,0.5275926147460939,False,CALL,2026-02-06,QCOM
QCOM260206C00155000,155.0,3.65,3.5,3.95,179.0,306.0,0.5229539892578124,False,CALL,2026-02-06,QCOM
QCOM260206C00157500,157.5,2.95,2.8,3.05,734.0,243.0,0.5334519311523438,False,CALL,2026-02-06,QCOM
QCOM260206C00160000,160.0,2.24,2.15,2.39,313.0,732.0,0.5424850439453126,False,CALL,2026-02-06,QCOM
QCOM260206C00162500,162.5,1.73,1.64,1.79,750.0,331.0,0.5466353930664063,False,CALL,2026-02-06,QCOM
QCOM260206C00165000,165.0,1.22,1.1,1.36,131.0,682.0,0.5429733203125001,False,CALL,2026-02-06,QCOM
QCOM260206C00167500,167.5,0.9,0.84,0.95,22.0,109.0,0.5454147021484376,False,CALL,2026-02-06,QCOM
QCOM260206C00170000,170.0,0.65,0.63,0.7,497.0,1928.0,0.5532271240234375,False,CALL,2026-02-06,QCOM
QCOM260206C00172500,172.5,0.4,0.15,0.57,6.0,98.0,0.5219774365234374,False,CALL,2026-02-06,QCOM
QCOM260206C00175000,175.0,0.33,0.29,0.42,119.0,860.0,0.5654340332031251,False,CALL,2026-02-06,QCOM
QCOM260206C00177500,177.5,0.27,0.0,0.53,4.0,39.0,0.5747112841796875,False,CALL,2026-02-06,QCOM
QCOM260206C00180000,180.0,0.18,0.13,0.2,39.0,1122.0,0.5654340332031251,False,CALL,2026-02-06,QCOM
QCOM260206C00182500,182.5,0.37,0.0,0.2,4.0,80.0,0.5576216113281252,False,CALL,2026-02-06,QCOM
QCOM260206C00185000,185.0,0.11,0.06,0.18,93.0,565.0,0.6093789062500001,False,CALL,2026-02-06,QCOM
QCOM260206C00187500,187.5,0.25,0.0,0.28,3.0,2.0,0.65820654296875,False,CALL,2026-02-06,QCOM
QCOM260206C00190000,190.0,0.04,0.04,0.08,69.0,570.0,0.6152382226562501,False,CALL,2026-02-06,QCOM
QCOM260206C00195000,195.0,0.03,0.03,0.05,15.0,126.0,0.6445348046875,False,CALL,2026-02-06,QCOM
QCOM260206P00120000,120.0,0.09,0.0,0.35,4.0,24.0,0.78711150390625,False,PUT,2026-02-06,QCOM
QCOM260206P00125000,125.0,0.12,0.0,0.12,40.0,262.0,0.56836369140625,False,PUT,2026-02-06,QCOM
QCOM260206P00129000,129.0,0.13,0.0,0.34,1.0,44.0,0.57617611328125,False,PUT,2026-02-06,QCOM
QCOM260206P00130000,130.0,0.17,0.04,0.33,5.0,722.0,0.561527822265625,False,PUT,2026-02-06,QCOM
QCOM260206P00135000,135.0,0.53,0.47,0.6,27.0,53.0,0.56836369140625,False,PUT,2026-02-06,QCOM
QCOM260206P00138000,138.0,0.68,0.8,0.92,1.0,7.0,0.5600629931640625,False,PUT,2026-02-06,QCOM
QCOM260206P00139000,139.0,0.8,0.78,1.32,1.0,2.0,0.5668988623046876,False,PUT,2026-02-06,QCOM
QCOM260206P00140000,140.0,1.1,0.86,1.27,81.0,464.0,0.5390671093750001,False,PUT,2026-02-06,QCOM
QCOM260206P00141000,141.0,1.34,1.22,1.46,3.0,13.0,0.5537154003906251,False,PUT,2026-02-06,QCOM
QCOM260206P00142000,142.0,1.5,1.5,1.83,10.0,56.0,0.5698285205078125,False,PUT,2026-02-06,QCOM
QCOM260206P00143000,143.0,1.68,1.68,2.19,1.0,48.0,0.5730023168945313,False,PUT,2026-02-06,QCOM
QCOM260206P00144000,144.0,1.98,1.83,2.13,8.0,23.0,0.5432174584960938,False,PUT,2026-02-06,QCOM
QCOM260206P00145000,145.0,2.27,2.27,2.4,671.0,505.0,0.5515181567382813,False,PUT,2026-02-06,QCOM
QCOM260206P00146000,146.0,2.62,2.48,2.97,5.0,48.0,0.5600629931640625,False,PUT,2026-02-06,QCOM
QCOM260206P00147000,147.0,2.97,2.74,3.15,11.0,58.0,0.5451705639648439,False,PUT,2026-02-06,QCOM
QCOM260206P00148000,148.0,3.4,3.2,3.6,17.0,42.0,0.5539595385742189,False,PUT,2026-02-06,QCOM
QCOM260206P00149000,149.0,3.75,3.6,3.95,16.0,634.0,0.5505416040039064,False,PUT,2026-02-06,QCOM
QCOM260206P00150000,150.0,4.15,4.1,4.3,543.0,1116.0,0.5493209130859377,False,PUT,2026-02-06,QCOM
QCOM260206P00152500,152.5,5.5,5.25,5.7,189.0,156.0,0.5544478149414063,True,PUT,2026-02-06,QCOM
QCOM260206P00155000,155.0,7.17,6.65,7.25,206.0,607.0,0.5609174768066407,True,PUT,2026-02-06,QCOM
QCOM260206P00157500,157.5,8.07,8.25,9.2,15.0,151.0,0.5815471533203125,True,PUT,2026-02-06,QCOM
QCOM260206P00160000,160.0,10.5,10.05,10.95,115.0,470.0,0.585941640625,True,PUT,2026-02-06,QCOM
QCOM260206P00162500,162.5,12.19,11.95,12.9,49.0,106.0,0.5920450952148439,True,PUT,2026-02-06,QCOM
QCOM260206P00165000,165.0,14.51,14.0,14.8,43.0,510.0,0.5888712988281251,True,PUT,2026-02-06,QCOM
QCOM260206P00167500,167.5,16.8,16.15,17.4,2.0,16.0,0.6333044482421876,True,PUT,2026-02-06,QCOM
QCOM260206P00170000,170.0,20.0,18.25,20.25,5.0,228.0,0.689700368652344,True,PUT,2026-02-06,QCOM
QCOM260206P00172500,172.5,21.7,20.0,22.55,4.0,5.0,0.6577182666015625,True,PUT,2026-02-06,QCOM
QCOM260206P00175000,175.0,22.3,23.0,24.95,3.0,161.0,0.7509790527343749,True,PUT,2026-02-06,QCOM
QCOM260206P00177500,177.5,20.95,24.95,27.4,,11.0,0.7368190380859375,True,PUT,2026-02-06,QCOM
QCOM260206P00180000,180.0,25.12,27.0,29.75,1.0,96.0,0.7026396923828125,True,PUT,2026-02-06,QCOM
QCOM260206P00185000,185.0,29.83,31.85,34.7,10.0,6.0,0.7534204345703125,True,PUT,2026-02-06,QCOM
QCOM260206P00190000,190.0,14.31,37.05,39.5,12.0,1.0,0.8325212060546874,True,PUT,2026-02-06,QCOM
QCOM260206P00195000,195.0,15.0,41.8,45.05,2.0,1.0,0.965820654296875,True,PUT,2026-02-06,QCOM
QCOM260213C00130000,130.0,22.9,21.4,23.35,7.0,10.0,0.6574741284179688,True,CALL,2026-02-13,QCOM
QCOM260213C00140000,140.0,12.93,13.1,14.15,3.0,2.0,0.5183153637695312,True,CALL,2026-02-13,QCOM
QCOM260213C00145000,145.0,9.4,8.95,11.6,4.0,7.0,0.6049844189453126,True,CALL,2026-02-13,QCOM
QCOM260213C00150000,150.0,6.8,6.7,7.3,2.0,33.0,0.4897511962890626,True,CALL,2026-02-13,QCOM
QCOM260213C00155000,155.0,4.6,4.4,5.0,23.0,256.0,0.4939015454101563,False,CALL,2026-02-13,QCOM
QCOM260213C00160000,160.0,2.96,2.85,3.1,9.0,281.0,0.4808401525878906,False,CALL,2026-02-13,QCOM
QCOM260213C00165000,165.0,2.01,1.7,1.91,36.0,175.0,0.48254911987304694,False,CALL,2026-02-13,QCOM
QCOM260213C00170000,170.0,1.1,0.96,1.15,46.0,236.0,0.48730981445312505,False,CALL,2026-02-13,QCOM
QCOM260213C00175000,175.0,0.67,0.62,0.74,64.0,302.0,0.5041553491210937,False,CALL,2026-02-13,QCOM
QCOM260213C00180000,180.0,0.4,0.28,0.45,64.0,330.0,0.5136767382812499,False,CALL,2026-02-13,QCOM
QCOM260213C00185000,185.0,0.29,0.2,0.71,5.0,80.0,0.5786174951171875,False,CALL,2026-02-13,QCOM
QCOM260213C00190000,190.0,0.19,0.0,0.37,5.0,159.0,0.5429733203125001,False,CALL,2026-02-13,QCOM
QCOM260213C00195000,195.0,0.24,0.0,0.68,5.0,65.0,0.659183095703125,False,CALL,2026-02-13,QCOM
QCOM260213P00130000,130.0,0.5,0.44,0.6,14.0,65.0,0.5227098510742187,False,PUT,2026-02-13,QCOM
QCOM260213P00135000,135.0,0.81,0.85,1.13,1.0,24.0,0.506840869140625,False,PUT,2026-02-13,QCOM
QCOM260213P00140000,140.0,1.68,1.67,1.94,74.0,146.0,0.5095263891601562,False,PUT,2026-02-13,QCOM
QCOM260213P00145000,145.0,3.16,2.95,3.3,37.0,192.0,0.502080174560547,False,PUT,2026-02-13,QCOM
QCOM260213P00150000,150.0,5.0,4.8,5.25,199.0,1362.0,0.49609878906250005,False,PUT,2026-02-13,QCOM
QCOM260213P00155000,155.0,7.6,7.4,8.2,12.0,475.0,0.5200243310546875,True,PUT,2026-02-13,QCOM
QCOM260213P00160000,160.0,10.6,10.6,11.5,4.0,308.0,0.5266160620117188,True,PUT,2026-02-13,QCOM
QCOM260213P00165000,165.0,15.49,13.95,15.7,3.0,173.0,0.5739788696289063,True,PUT,2026-02-13,QCOM
QCOM260213P00170000,170.0,20.0,17.55,20.45,2.0,88.0,0.6528355029296876,True,PUT,2026-02-13,QCOM
QCOM260213P00175000,175.0,19.88,22.35,25.15,1.0,32.0,0.5280808911132813,True,PUT,2026-02-13,QCOM
QCOM260213P00180000,180.0,25.23,27.15,29.9,1.0,11.0,0.559574716796875,True,PUT,2026-02-13,QCOM
QCOM260213P00185000,185.0,24.6,32.1,34.75,2.0,4.0,0.6035195898437502,True,PUT,2026-02-13,QCOM
QCOM260213P00195000,195.0,19.94,41.85,44.85,,0.0,0.7041045214843751,True,PUT,2026-02-13,QCOM
QCOM260220C00110000,110.0,46.52,40.8,43.2,1.0,22.0,0.9174812939453125,True,CALL,2026-02-20,QCOM
QCOM260220C00115000,115.0,59.06,35.85,38.15,4.0,6.0,0.80664255859375,True,CALL,2026-02-20,QCOM
QCOM260220C00120000,120.0,32.0,31.5,33.2,1.0,7.0,0.5117236328125,True,CALL,2026-02-20,QCOM
QCOM260220C00125000,125.0,36.09,26.15,28.8,1.0,6.0,0.7092314233398438,True,CALL,2026-02-20,QCOM
QCOM260220C00130000,130.0,22.0,21.45,23.85,2.0,34.0,0.6120644262695314,True,CALL,2026-02-20,QCOM
QCOM260220C00135000,135.0,17.94,17.05,19.15,2.0,36.0,0.540287800292969,True,CALL,2026-02-20,QCOM
QCOM260220C00140000,140.0,12.91,13.75,14.5,4.0,66.0,0.4637504797363281,True,CALL,2026-02-20,QCOM
QCOM260220C00145000,145.0,11.62,10.2,10.95,9.0,133.0,0.4572808178710938,True,CALL,2026-02-20,QCOM
QCOM260220C00148000,148.0,9.55,8.3,9.0,5.0,6.0,0.44836977416992185,True,CALL,2026-02-20,QCOM
QCOM260220C00149000,149.0,7.2,7.8,8.4,8.0,11.0,0.4458063232421875,True,CALL,2026-02-20,QCOM
QCOM260220C00150000,150.0,7.9,7.3,7.85,54.0,308.0,0.4451959777832031,True,CALL,2026-02-20,QCOM
QCOM260220C00152500,152.5,6.35,6.15,6.55,29.0,19.0,0.44165597412109375,False,CALL,2026-02-20,QCOM
QCOM260220C00155000,155.0,5.55,4.9,5.5,80.0,643.0,0.4449518395996094,False,CALL,2026-02-20,QCOM
QCOM260220C00157500,157.5,4.55,4.05,4.55,10.0,365.0,0.4456842541503906,False,CALL,2026-02-20,QCOM
QCOM260220C00160000,160.0,3.45,3.4,3.55,606.0,11478.0,0.4334773449707031,False,CALL,2026-02-20,QCOM
QCOM260220C00162500,162.5,2.86,2.61,3.1,29.0,131.0,0.45203184692382814,False,CALL,2026-02-20,QCOM
QCOM260220C00165000,165.0,2.24,2.14,2.33,72.0,1686.0,0.4381159704589844,False,CALL,2026-02-20,QCOM
QCOM260220C00167500,167.5,1.8,1.65,1.99,6.0,199.0,0.4514215014648438,False,CALL,2026-02-20,QCOM
QCOM260220C00170000,170.0,1.47,1.4,1.48,1838.0,5021.0,0.44165597412109375,False,CALL,2026-02-20,QCOM
QCOM260220C00172500,172.5,1.08,0.98,1.36,1.0,191.0,0.46533737792968755,False,CALL,2026-02-20,QCOM
QCOM260220C00175000,175.0,0.84,0.9,0.99,1413.0,4105.0,0.45508357421875,False,CALL,2026-02-20,QCOM
QCOM260220C00177500,177.5,0.87,0.4,0.9,12.0,28.0,0.47461462890625,False,CALL,2026-02-20,QCOM
QCOM260220C00180000,180.0,0.6,0.54,0.63,312.0,2821.0,0.4624077197265626,False,CALL,2026-02-20,QCOM
QCOM260220C00182500,182.5,0.62,0.15,0.9,3.0,27.0,0.5344284838867188,False,CALL,2026-02-20,QCOM
QCOM260220C00185000,185.0,0.4,0.36,0.41,42.0,3264.0,0.4721732470703125,False,CALL,2026-02-20,QCOM
QCOM260220C00190000,190.0,0.27,0.25,0.32,17.0,2718.0,0.49805189453125004,False,CALL,2026-02-20,QCOM
QCOM260220C00195000,195.0,0.21,0.17,0.25,5.0,2666.0,0.5063525927734375,False,CALL,2026-02-20,QCOM
QCOM260220P00110000,110.0,0.09,0.0,0.16,4.0,75.0,0.57617611328125,False,PUT,2026-02-20,QCOM
QCOM260220P00115000,115.0,0.14,0.09,0.42,49.0,157.0,0.6044961425781252,False,PUT,2026-02-20,QCOM
QCOM260220P00120000,120.0,0.17,0.13,0.37,3.0,1089.0,0.523442265625,False,PUT,2026-02-20,QCOM
QCOM260220P00125000,125.0,0.37,0.35,0.47,4.0,2378.0,0.5083056982421875,False,PUT,2026-02-20,QCOM
QCOM260220P00130000,130.0,0.64,0.56,0.74,7.0,2464.0,0.4760794580078125,False,PUT,2026-02-20,QCOM
QCOM260220P00135000,135.0,1.23,1.14,1.37,18.0,3302.0,0.4694877270507813,False,PUT,2026-02-20,QCOM
QCOM260220P00140000,140.0,2.13,2.02,2.35,91.0,2639.0,0.4621635815429688,False,PUT,2026-02-20,QCOM
QCOM260220P00145000,145.0,3.52,3.3,3.7,79.0,3885.0,0.4484918432617187,False,PUT,2026-02-20,QCOM
QCOM260220P00148000,148.0,5.05,4.5,4.8,9.0,223.0,0.44360907958984375,False,PUT,2026-02-20,QCOM
QCOM260220P00149000,149.0,4.85,4.75,5.45,8.0,1551.0,0.4580132324218751,False,PUT,2026-02-20,QCOM
QCOM260220P00150000,150.0,5.52,5.3,5.7,2234.0,5664.0,0.44385321777343745,False,PUT,2026-02-20,QCOM
QCOM260220P00152500,152.5,6.83,6.5,7.2,30.0,79.0,0.4600884069824219,True,PUT,2026-02-20,QCOM
QCOM260220P00155000,155.0,8.1,7.95,8.6,59.0,2066.0,0.4602104760742188,True,PUT,2026-02-20,QCOM
QCOM260220P00157500,157.5,9.05,9.3,10.2,11.0,181.0,0.4646049633789063,True,PUT,2026-02-20,QCOM
QCOM260220P00160000,160.0,11.35,11.2,11.8,43.0,3958.0,0.46045461425781253,True,PUT,2026-02-20,QCOM
QCOM260220P00162500,162.5,12.17,13.0,13.75,2.0,21.0,0.4730277307128906,True,PUT,2026-02-20,QCOM
QCOM260220P00165000,165.0,15.15,14.55,15.75,9.0,3031.0,0.4826711889648438,True,PUT,2026-02-20,QCOM
QCOM260220P00167500,167.5,17.42,16.55,17.85,15.0,40.0,0.49414568359375005,True,PUT,2026-02-20,QCOM
QCOM260220P00170000,170.0,20.09,19.05,19.65,23.0,1145.0,0.471684970703125,True,PUT,2026-02-20,QCOM
QCOM260220P00172500,172.5,20.41,21.2,22.9,7.0,6.0,0.5800823242187501,True,PUT,2026-02-20,QCOM
QCOM260220P00175000,175.0,20.9,22.55,25.2,3.0,2289.0,0.5998575170898439,True,PUT,2026-02-20,QCOM
QCOM260220P00180000,180.0,26.88,27.3,29.9,8.0,1740.0,0.6412389392089843,True,PUT,2026-02-20,QCOM
QCOM260220P00185000,185.0,21.5,32.1,34.75,17.0,428.0,0.5034229345703125,True,PUT,2026-02-20,QCOM
QCOM260220P00190000,190.0,35.1,37.0,39.65,15.0,204.0,0.53320779296875,True,PUT,2026-02-20,QCOM
QCOM260220P00195000,195.0,38.66,41.85,44.65,2.0,10.0,0.561527822265625,True,PUT,2026-02-20,QCOM
QCOM260227C00135000,135.0,19.7,17.35,20.05,1.0,10.0,0.5499312585449221,True,CALL,2026-02-27,QCOM
QCOM260227C00140000,140.0,13.6,14.4,15.1,3.0,23.0,0.4514215014648438,True,CALL,2026-02-27,QCOM
QCOM260227C00145000,145.0,11.29,10.85,11.8,20.0,20.0,0.4544732287597656,True,CALL,2026-02-27,QCOM
QCOM260227C00150000,150.0,8.4,8.15,8.55,39.0,73.0,0.43066975585937506,True,CALL,2026-02-27,QCOM
QCOM260227C00155000,155.0,5.65,5.8,6.1,5.0,89.0,0.4242000939941406,False,CALL,2026-02-27,QCOM
QCOM260227C00160000,160.0,3.6,3.95,4.4,34.0,294.0,0.4318904467773438,False,CALL,2026-02-27,QCOM
QCOM260227C00165000,165.0,2.67,2.64,3.05,24.0,140.0,0.43420975952148444,False,CALL,2026-02-27,QCOM
QCOM260227C00170000,170.0,1.76,1.72,1.94,14.0,80.0,0.42627526855468756,False,CALL,2026-02-27,QCOM
QCOM260227C00175000,175.0,1.18,0.86,1.44,5.0,117.0,0.4456842541503906,False,CALL,2026-02-27,QCOM
QCOM260227C00180000,180.0,0.83,0.54,1.06,5.0,80.0,0.46191944335937507,False,CALL,2026-02-27,QCOM
QCOM260227C00185000,185.0,0.62,0.33,0.76,11.0,37.0,0.4733939379882813,False,CALL,2026-02-27,QCOM
QCOM260227C00190000,190.0,0.46,0.0,0.7,2.0,74.0,0.5109912182617188,False,CALL,2026-02-27,QCOM
QCOM260227C00195000,195.0,0.31,0.03,0.93,1.0,50.0,0.5136767382812499,False,CALL,2026-02-27,QCOM
QCOM260227P00120000,120.0,0.32,0.0,0.95,4.0,4.0,0.5195360546875,False,PUT,2026-02-27,QCOM
QCOM260227P00125000,125.0,0.53,0.46,1.04,29.0,6.0,0.5405319384765627,False,PUT,2026-02-27,QCOM
QCOM260227P00130000,130.0,1.09,0.83,1.13,4.0,1022.0,0.46924358886718753,False,PUT,2026-02-27,QCOM
QCOM260227P00135000,135.0,1.6,1.42,1.8,21.0,81.0,0.45300839965820316,False,PUT,2026-02-27,QCOM
QCOM260227P00140000,140.0,2.69,2.48,2.72,19.0,93.0,0.43286699951171875,False,PUT,2026-02-27,QCOM
QCOM260227P00145000,145.0,4.5,3.9,4.35,17.0,170.0,0.4343318286132813,False,PUT,2026-02-27,QCOM
QCOM260227P00150000,150.0,6.25,5.9,6.3,25.0,144.0,0.4237118176269531,False,PUT,2026-02-27,QCOM
QCOM260227P00155000,155.0,8.68,8.5,9.25,19.0,185.0,0.44043528320312497,True,PUT,2026-02-27,QCOM
QCOM260227P00160000,160.0,11.95,11.65,12.25,10.0,169.0,0.43079182495117196,True,PUT,2026-02-27,QCOM
QCOM260227P00165000,165.0,15.76,15.25,16.1,2.0,17.0,0.44653873779296877,True,PUT,2026-02-27,QCOM
QCOM260227P00170000,170.0,19.92,18.85,20.95,3.0,30.0,0.5137988073730468,True,PUT,2026-02-27,QCOM
QCOM260227P00175000,175.0,17.75,22.85,25.4,2.0,12.0,0.5416305603027345,True,PUT,2026-02-27,QCOM
QCOM260227P00180000,180.0,23.0,27.35,30.05,1.0,9.0,0.5749554223632812,True,PUT,2026-02-27,QCOM
QCOM260227P00185000,185.0,16.7,32.15,34.85,,2.0,0.6145058081054688,True,PUT,2026-02-27,QCOM
QCOM260306C00155000,155.0,6.7,5.7,7.15,3.0,11.0,0.436529072265625,False,CALL,2026-03-06,QCOM
QCOM260306C00160000,160.0,4.95,4.25,5.05,105.0,114.0,0.4244442321777344,False,CALL,2026-03-06,QCOM
QCOM260306C00165000,165.0,3.03,2.67,3.25,2.0,76.0,0.40320421020507813,False,CALL,2026-03-06,QCOM
QCOM260306C00170000,170.0,2.23,1.71,2.44,1.0,98.0,0.4195614685058594,False,CALL,2026-03-06,QCOM
QCOM260306C00175000,175.0,1.98,1.19,1.61,2.0,12.0,0.41602146484374997,False,CALL,2026-03-06,QCOM
QCOM260306P00130000,130.0,1.23,1.14,1.5,2.0,5.0,0.46143116699218756,False,PUT,2026-03-06,QCOM
QCOM260306P00140000,140.0,2.51,2.89,3.75,18.0,24.0,0.45715874877929696,False,PUT,2026-03-06,QCOM
QCOM260306P00145000,145.0,4.96,4.35,5.2,14.0,24.0,0.43933666137695315,False,PUT,2026-03-06,QCOM
QCOM260306P00150000,150.0,6.78,6.45,7.35,30.0,26.0,0.43671217590332034,False,PUT,2026-03-06,QCOM
QCOM260306P00155000,155.0,8.92,9.15,10.25,10.0,21.0,0.4484918432617187,True,PUT,2026-03-06,QCOM
QCOM260306P00160000,160.0,12.7,12.2,13.25,1.0,8.0,0.442388388671875,True,PUT,2026-03-06,QCOM
QCOM260306P00170000,170.0,15.63,19.05,21.8,2.0,2.0,0.5164843273925781,True,PUT,2026-03-06,QCOM
QCOM260320C00110000,110.0,66.6,41.15,43.85,2.0,512.0,0.6975127905273439,True,CALL,2026-03-20,QCOM
QCOM260320C00115000,115.0,44.08,36.3,38.75,100.0,113.0,0.6127968408203126,True,CALL,2026-03-20,QCOM
QCOM260320C00120000,120.0,32.55,31.65,34.05,35.0,36.0,0.5701947277832031,True,CALL,2026-03-20,QCOM
QCOM260320C00125000,125.0,33.5,26.9,29.0,1.0,50.0,0.49377947631835944,True,CALL,2026-03-20,QCOM
QCOM260320C00130000,130.0,23.7,22.5,24.1,6.0,78.0,0.43066975585937506,True,CALL,2026-03-20,QCOM
QCOM260320C00135000,135.0,43.5,18.35,20.5,1.0,59.0,0.4493463269042969,True,CALL,2026-03-20,QCOM
QCOM260320C00140000,140.0,15.8,15.45,16.1,18.0,144.0,0.40112903564453123,True,CALL,2026-03-20,QCOM
QCOM260320C00145000,145.0,11.7,12.05,12.7,25.0,185.0,0.3918517846679687,True,CALL,2026-03-20,QCOM
QCOM260320C00150000,150.0,9.43,9.55,9.85,95.0,966.0,0.38843385009765624,True,CALL,2026-03-20,QCOM
QCOM260320C00155000,155.0,7.1,7.15,7.65,76.0,556.0,0.39386592468261716,False,CALL,2026-03-20,QCOM
QCOM260320C00160000,160.0,5.2,5.3,5.55,97.0,2368.0,0.38446660461425775,False,CALL,2026-03-20,QCOM
QCOM260320C00165000,165.0,3.8,3.85,4.05,96.0,2377.0,0.38403936279296874,False,CALL,2026-03-20,QCOM
QCOM260320C00170000,170.0,2.8,2.77,2.96,52.0,2006.0,0.38733522827148437,False,CALL,2026-03-20,QCOM
QCOM260320C00175000,175.0,1.9,1.97,2.2,36.0,2482.0,0.39441523559570313,False,CALL,2026-03-20,QCOM
QCOM260320C00180000,180.0,1.5,1.43,1.57,121.0,4010.0,0.3967345483398438,False,CALL,2026-03-20,QCOM
QCOM260320C00185000,185.0,1.03,1.0,1.13,112.0,2725.0,0.4008848974609375,False,CALL,2026-03-20,QCOM
QCOM260320C00190000,190.0,0.77,0.71,0.82,20.0,4432.0,0.4062559375,False,CALL,2026-03-20,QCOM
QCOM260320C00195000,195.0,0.56,0.56,0.63,34.0,1024.0,0.4165097412109374,False,CALL,2026-03-20,QCOM
QCOM260320P00110000,110.0,0.32,0.23,0.43,1.0,751.0,0.50586431640625,False,PUT,2026-03-20,QCOM
QCOM260320P00115000,115.0,0.57,0.38,0.73,1.0,1845.0,0.5004932763671875,False,PUT,2026-03-20,QCOM
QCOM260320P00120000,120.0,0.74,0.64,1.0,20.0,1548.0,0.47412635253906255,False,PUT,2026-03-20,QCOM
QCOM260320P00125000,125.0,1.15,1.08,1.25,5.0,1812.0,0.436529072265625,False,PUT,2026-03-20,QCOM
QCOM260320P00130000,130.0,1.77,1.68,1.93,4.0,2752.0,0.42774009765625004,False,PUT,2026-03-20,QCOM
QCOM260320P00135000,135.0,2.72,2.63,2.77,31.0,5149.0,0.41235939208984373,False,PUT,2026-03-20,QCOM
QCOM260320P00140000,140.0,3.97,3.85,4.05,123.0,2408.0,0.40552352294921873,False,PUT,2026-03-20,QCOM
QCOM260320P00145000,145.0,5.72,5.5,5.75,81.0,1583.0,0.40051869018554687,False,PUT,2026-03-20,QCOM
QCOM260320P00150000,150.0,7.8,7.65,8.05,61.0,6247.0,0.40332627929687503,False,PUT,2026-03-20,QCOM
QCOM260320P00155000,155.0,10.61,10.35,10.65,51.0,2985.0,0.3997252410888672,True,PUT,2026-03-20,QCOM
QCOM260320P00160000,160.0,13.4,13.4,14.0,35.0,3133.0,0.4110166320800781,True,PUT,2026-03-20,QCOM
QCOM260320P00165000,165.0,17.05,16.85,17.7,20.0,3367.0,0.42249112670898437,True,PUT,2026-03-20,QCOM
QCOM260320P00170000,170.0,20.13,20.4,21.65,3.0,1589.0,0.43201251586914063,True,PUT,2026-03-20,QCOM
QCOM260320P00175000,175.0,21.5,24.8,26.5,2.0,1729.0,0.47998566894531247,True,PUT,2026-03-20,QCOM
QCOM260320P00180000,180.0,27.48,28.45,30.95,1.0,1029.0,0.499028447265625,True,PUT,2026-03-20,QCOM
QCOM260320P00185000,185.0,30.63,33.4,35.6,10.0,371.0,0.5236864038085938,True,PUT,2026-03-20,QCOM
QCOM260320P00190000,190.0,33.5,38.15,40.3,10.0,242.0,0.5466353930664063,True,PUT,2026-03-20,QCOM
QCOM260320P00195000,195.0,38.0,42.4,45.1,2.0,111.0,0.572391971435547,True,PUT,2026-03-20,QCOM
QCOM260417C00110000,110.0,45.44,41.4,43.65,1.0,8.0,0.5416305603027345,True,CALL,2026-04-17,QCOM
QCOM260417C00115000,115.0,43.51,36.7,39.1,2.0,6.0,0.5212450219726561,True,CALL,2026-04-17,QCOM
QCOM260417C00120000,120.0,38.22,32.1,34.35,1.0,6.0,0.47986359985351557,True,CALL,2026-04-17,QCOM
QCOM260417C00125000,125.0,31.8,27.7,30.2,3.0,10.0,0.47241738525390625,True,CALL,2026-04-17,QCOM
QCOM260417C00130000,130.0,26.33,23.85,25.4,2.0,29.0,0.4200497448730469,True,CALL,2026-04-17,QCOM
QCOM260417C00135000,135.0,21.5,20.35,22.05,1.0,31.0,0.43329424133300787,True,CALL,2026-04-17,QCOM
QCOM260417C00140000,140.0,17.85,16.8,17.9,2.0,81.0,0.3978331701660156,True,CALL,2026-04-17,QCOM
QCOM260417C00145000,145.0,14.42,13.95,14.45,27.0,54.0,0.3813538427734374,True,CALL,2026-04-17,QCOM
QCOM260417C00150000,150.0,11.25,11.2,11.9,46.0,174.0,0.3857483300781249,True,CALL,2026-04-17,QCOM
QCOM260417C00155000,155.0,9.05,8.95,9.05,101.0,109.0,0.3660952062988281,False,CALL,2026-04-17,QCOM
QCOM260417C00160000,160.0,6.9,6.95,7.05,40.0,227.0,0.36365382446289063,False,CALL,2026-04-17,QCOM
QCOM260417C00165000,165.0,5.45,5.3,5.75,58.0,1045.0,0.37470107727050783,False,CALL,2026-04-17,QCOM
QCOM260417C00170000,170.0,4.15,4.0,4.15,1288.0,927.0,0.36261623718261715,False,CALL,2026-04-17,QCOM
QCOM260417C00175000,175.0,3.05,3.0,3.2,243.0,586.0,0.3658510681152344,False,CALL,2026-04-17,QCOM
QCOM260417C00180000,180.0,2.22,2.3,2.51,41.0,859.0,0.3719545227050781,False,CALL,2026-04-17,QCOM
QCOM260417C00185000,185.0,1.92,1.58,2.06,2.0,999.0,0.3833069482421875,False,CALL,2026-04-17,QCOM
QCOM260417C00190000,190.0,1.39,1.27,1.64,3.0,684.0,0.39002074829101563,False,CALL,2026-04-17,QCOM
QCOM260417C00195000,195.0,1.41,0.8,1.55,5.0,1096.0,0.4145566357421875,False,CALL,2026-04-17,QCOM
QCOM260417P00110000,110.0,1.02,0.33,0.7,5.0,46.0,0.44922425781249997,False,PUT,2026-04-17,QCOM
QCOM260417P00115000,115.0,0.77,0.53,0.98,2.0,182.0,0.43115803222656257,False,PUT,2026-04-17,QCOM
QCOM260417P00120000,120.0,1.4,1.1,1.44,15.0,262.0,0.4205380212402344,False,PUT,2026-04-17,QCOM
QCOM260417P00125000,125.0,1.85,1.78,2.01,2.0,221.0,0.4063780065917969,False,PUT,2026-04-17,QCOM
QCOM260417P00130000,130.0,2.87,2.62,2.85,137.0,438.0,0.39740592834472654,False,PUT,2026-04-17,QCOM
QCOM260417P00135000,135.0,3.8,3.7,3.9,82.0,545.0,0.3864807446289062,False,PUT,2026-04-17,QCOM
QCOM260417P00140000,140.0,5.2,5.05,5.25,31.0,793.0,0.3764710791015625,False,PUT,2026-04-17,QCOM
QCOM260417P00145000,145.0,6.85,6.85,7.2,29.0,1071.0,0.37695935546875,False,PUT,2026-04-17,QCOM
QCOM260417P00150000,150.0,9.18,8.95,9.35,46.0,1920.0,0.3707338317871094,False,PUT,2026-04-17,QCOM
QCOM260417P00155000,155.0,12.05,11.6,12.05,15.0,679.0,0.37079486633300784,True,PUT,2026-04-17,QCOM
QCOM260417P00160000,160.0,14.6,14.6,15.0,82.0,1388.0,0.3667055517578125,True,PUT,2026-04-17,QCOM
QCOM260417P00165000,165.0,17.75,17.9,18.5,2.0,444.0,0.3702455554199219,True,PUT,2026-04-17,QCOM
QCOM260417P00170000,170.0,19.58,21.75,23.2,2.0,986.0,0.41083352844238286,True,PUT,2026-04-17,QCOM
QCOM260417P00175000,175.0,25.0,25.3,27.25,1.0,312.0,0.4185849157714844,True,PUT,2026-04-17,QCOM
QCOM260417P00180000,180.0,26.25,29.55,31.2,2.0,267.0,0.41321387573242185,True,PUT,2026-04-17,QCOM
QCOM260417P00185000,185.0,31.2,33.6,36.05,1.0,54.0,0.44421942504882805,True,PUT,2026-04-17,QCOM
QCOM260417P00190000,190.0,22.9,38.4,40.7,5.0,129.0,0.4616142706298829,True,PUT,2026-04-17,QCOM
QCOM260417P00195000,195.0,38.8,43.2,45.4,5.0,614.0,0.47803256347656253,True,PUT,2026-04-17,QCOM
QCOM260515C00110000,110.0,46.28,42.2,44.6,1.0,25.0,0.5356491748046875,True,CALL,2026-05-15,QCOM
QCOM260515C00115000,115.0,62.35,37.7,40.1,10.0,17.0,0.5111132873535156,True,CALL,2026-05-15,QCOM
QCOM260515C00120000,120.0,37.5,33.35,35.8,11.0,28.0,0.4924977508544922,True,CALL,2026-05-15,QCOM
QCOM260515C00125000,125.0,51.45,29.25,31.75,1.0,6.0,0.47937532348632805,True,CALL,2026-05-15,QCOM
QCOM260515C00130000,130.0,25.58,25.3,27.15,1.0,38.0,0.436529072265625,True,CALL,2026-05-15,QCOM
QCOM260515C00135000,135.0,22.47,22.25,23.7,2.0,53.0,0.43457596679687505,True,CALL,2026-05-15,QCOM
QCOM260515C00140000,140.0,21.75,19.0,20.25,1.0,71.0,0.42310147216796873,True,CALL,2026-05-15,QCOM
QCOM260515C00145000,145.0,16.15,16.25,16.75,41.0,54.0,0.40192248474121095,True,CALL,2026-05-15,QCOM
QCOM260515C00150000,150.0,13.65,13.75,14.0,11.0,801.0,0.39624627197265627,True,CALL,2026-05-15,QCOM
QCOM260515C00155000,155.0,11.2,11.25,11.6,25.0,169.0,0.3921569573974609,False,CALL,2026-05-15,QCOM
QCOM260515C00160000,160.0,9.15,9.25,9.45,20.0,2442.0,0.38660281372070304,False,CALL,2026-05-15,QCOM
QCOM260515C00165000,165.0,7.9,7.4,7.75,93.0,409.0,0.38623660644531244,False,CALL,2026-05-15,QCOM
QCOM260515C00170000,170.0,6.1,6.05,6.3,35.0,805.0,0.385626260986328,False,CALL,2026-05-15,QCOM
QCOM260515C00175000,175.0,5.2,4.85,4.95,66.0,2470.0,0.38031625549316406,False,CALL,2026-05-15,QCOM
QCOM260515C00180000,180.0,3.93,3.8,4.05,57.0,662.0,0.3836731555175781,False,CALL,2026-05-15,QCOM
QCOM260515C00185000,185.0,3.2,3.05,3.25,16.0,296.0,0.3845276391601562,False,CALL,2026-05-15,QCOM
QCOM260515C00190000,190.0,2.71,2.32,3.2,2.0,1769.0,0.4133969793701171,False,CALL,2026-05-15,QCOM
QCOM260515C00195000,195.0,2.36,1.62,2.65,152.0,610.0,0.4165097412109374,False,CALL,2026-05-15,QCOM
QCOM260515P00110000,110.0,1.18,0.85,1.21,3.0,84.0,0.4387263159179688,False,PUT,2026-05-15,QCOM
QCOM260515P00115000,115.0,1.52,1.49,1.73,3.0,340.0,0.4312801013183594,False,PUT,2026-05-15,QCOM
QCOM260515P00120000,120.0,2.24,2.06,2.45,1.0,888.0,0.42615319946289065,False,PUT,2026-05-15,QCOM
QCOM260515P00125000,125.0,3.1,2.86,3.2,24.0,2110.0,0.41260353027343744,False,PUT,2026-05-15,QCOM
QCOM260515P00130000,130.0,4.05,3.95,4.15,20.0,1280.0,0.4000304138183594,False,PUT,2026-05-15,QCOM
QCOM260515P00135000,135.0,5.2,5.25,5.5,16.0,807.0,0.39465937377929694,False,PUT,2026-05-15,QCOM
QCOM260515P00140000,140.0,7.15,6.75,7.05,6.0,589.0,0.3865417791748046,False,PUT,2026-05-15,QCOM
QCOM260515P00145000,145.0,8.65,8.55,9.15,2172.0,1668.0,0.3869690209960937,False,PUT,2026-05-15,QCOM
QCOM260515P00150000,150.0,11.25,10.95,11.35,26.0,1234.0,0.38031625549316406,False,PUT,2026-05-15,QCOM
QCOM260515P00155000,155.0,13.95,13.55,14.1,27.0,601.0,0.38104867004394527,True,PUT,2026-05-15,QCOM
QCOM260515P00160000,160.0,16.6,16.35,16.95,55.0,329.0,0.3753724572753906,True,PUT,2026-05-15,QCOM
QCOM260515P00165000,165.0,20.05,19.65,20.4,7.0,455.0,0.3794007373046875,True,PUT,2026-05-15,QCOM
QCOM260515P00170000,170.0,21.15,22.7,24.65,4.0,146.0,0.40167834655761714,True,PUT,2026-05-15,QCOM
QCOM260515P00175000,175.0,26.25,26.9,28.45,6.0,396.0,0.4028380029296875,True,PUT,2026-05-15,QCOM
QCOM260515P00180000,180.0,29.1,31.05,32.55,1.0,1606.0,0.4080259393310547,True,PUT,2026-05-15,QCOM
QCOM260515P00185000,185.0,21.05,35.4,36.85,6.0,174.0,0.41522801574707036,True,PUT,2026-05-15,QCOM
QCOM260515P00190000,190.0,39.11,39.2,41.3,15.0,133.0,0.42383388671875,True,PUT,2026-05-15,QCOM
QCOM260515P00195000,195.0,43.63,43.8,45.9,15.0,23.0,0.435125277709961,True,PUT,2026-05-15,QCOM
QCOM260618C00110000,110.0,64.75,42.85,45.15,2.0,62.0,0.4978077563476563,True,CALL,2026-06-18,QCOM
QCOM260618C00115000,115.0,45.8,38.45,40.8,110.0,135.0,0.47986359985351557,True,CALL,2026-06-18,QCOM
QCOM260618C00120000,120.0,37.08,34.25,36.7,3.0,86.0,0.46802289794921875,True,CALL,2026-06-18,QCOM
QCOM260618C00125000,125.0,43.35,59.55,62.45,2.0,137.0,1.390139768066406,True,CALL,2026-06-18,QCOM
QCOM260618C00130000,130.0,28.53,26.45,28.6,2.0,175.0,0.431219066772461,True,CALL,2026-06-18,QCOM
QCOM260618C00135000,135.0,26.2,23.65,25.35,11.0,122.0,0.4309749285888672,True,CALL,2026-06-18,QCOM
QCOM260618C00140000,140.0,21.5,19.7,21.35,1.0,305.0,0.40106800109863283,True,CALL,2026-06-18,QCOM
QCOM260618C00145000,145.0,17.3,17.75,18.25,19.0,202.0,0.3920043710327148,True,CALL,2026-06-18,QCOM
QCOM260618C00150000,150.0,15.21,15.3,15.5,119.0,1033.0,0.38556522644042956,True,CALL,2026-06-18,QCOM
QCOM260618C00155000,155.0,12.75,12.75,13.2,33.0,687.0,0.38403936279296874,False,CALL,2026-06-18,QCOM
QCOM260618C00160000,160.0,10.7,10.7,11.05,35.0,4160.0,0.37946177185058594,False,CALL,2026-06-18,QCOM
QCOM260618C00165000,165.0,8.95,8.9,9.25,15.0,2520.0,0.3775086663818359,False,CALL,2026-06-18,QCOM
QCOM260618C00170000,170.0,7.25,7.4,7.65,13.0,443.0,0.3745790081787109,False,CALL,2026-06-18,QCOM
QCOM260618C00175000,175.0,6.15,6.05,6.45,30.0,2812.0,0.37695935546875,False,CALL,2026-06-18,QCOM
QCOM260618C00180000,180.0,4.95,5.0,5.25,24.0,1097.0,0.37366348999023435,False,CALL,2026-06-18,QCOM
QCOM260618C00185000,185.0,4.15,4.05,4.25,128.0,834.0,0.3709779699707031,False,CALL,2026-06-18,QCOM
QCOM260618C00190000,190.0,3.4,3.2,3.55,45.0,1350.0,0.37354142089843745,False,CALL,2026-06-18,QCOM
QCOM260618C00195000,195.0,2.66,2.47,2.99,1.0,783.0,0.37720349365234374,False,CALL,2026-06-18,QCOM
QCOM260618P00110000,110.0,1.7,1.35,1.93,3.0,2065.0,0.4335994140625,False,PUT,2026-06-18,QCOM
QCOM260618P00115000,115.0,2.31,2.17,2.49,21.0,967.0,0.4200497448730469,False,PUT,2026-06-18,QCOM
QCOM260618P00120000,120.0,2.97,2.88,3.5,10.0,1353.0,0.4215145739746094,False,PUT,2026-06-18,QCOM
QCOM260618P00125000,125.0,4.3,3.85,4.2,2.0,2210.0,0.40106800109863283,False,PUT,2026-06-18,QCOM
QCOM260618P00130000,130.0,5.15,5.0,5.35,54.0,3601.0,0.39227902648925783,False,PUT,2026-06-18,QCOM
QCOM260618P00135000,135.0,6.7,6.6,6.85,13.0,1852.0,0.3877624700927734,False,PUT,2026-06-18,QCOM
QCOM260618P00140000,140.0,8.45,8.35,8.5,17.0,2760.0,0.3800110827636719,False,PUT,2026-06-18,QCOM
QCOM260618P00145000,145.0,10.79,10.2,10.6,17.0,1924.0,0.3776307354736328,False,PUT,2026-06-18,QCOM
QCOM260618P00150000,150.0,13.0,12.6,12.95,55.0,1556.0,0.37439590454101557,False,PUT,2026-06-18,QCOM
QCOM260618P00155000,155.0,15.25,15.2,15.65,12.0,1048.0,0.37305314453125,True,PUT,2026-06-18,QCOM
QCOM260618P00160000,160.0,18.25,18.1,18.55,13.0,1435.0,0.36975727905273437,True,PUT,2026-06-18,QCOM
QCOM260618P00165000,165.0,21.4,21.2,21.7,28.0,2742.0,0.36627830993652344,True,PUT,2026-06-18,QCOM
QCOM260618P00170000,170.0,25.25,24.35,25.3,10.0,688.0,0.36853658813476564,True,PUT,2026-06-18,QCOM
QCOM260618P00175000,175.0,26.32,27.95,29.6,1.0,902.0,0.38550419189453117,True,PUT,2026-06-18,QCOM
QCOM260618P00180000,180.0,30.62,31.7,33.3,2.0,859.0,0.37964487548828124,True,PUT,2026-06-18,QCOM
QCOM260618P00185000,185.0,36.75,36.3,36.85,15.0,462.0,0.36176175354003903,True,PUT,2026-06-18,QCOM
QCOM260618P00190000,190.0,37.79,39.95,41.8,16.0,488.0,0.38794557373046873,True,PUT,2026-06-18,QCOM
QCOM260618P00195000,195.0,25.7,44.0,46.4,7.0,315.0,0.3991148956298829,True,PUT,2026-06-18,QCOM
QCOM260717C00110000,110.0,67.44,43.25,45.75,,2.0,0.4821829125976563,True,CALL,2026-07-17,QCOM
QCOM260717C00120000,120.0,39.5,35.3,37.4,1.0,2.0,0.45252012329101565,True,CALL,2026-07-17,QCOM
QCOM260717C00125000,125.0,36.25,31.0,33.4,15.0,19.0,0.43720045227050786,True,CALL,2026-07-17,QCOM
QCOM260717C00130000,130.0,31.78,27.3,29.4,6.0,30.0,0.41748629394531245,True,CALL,2026-07-17,QCOM
QCOM260717C00135000,135.0,28.1,24.65,25.9,7.0,36.0,0.4081480084228516,True,CALL,2026-07-17,QCOM
QCOM260717C00140000,140.0,22.3,21.25,22.8,1.0,20.0,0.4039976593017578,True,CALL,2026-07-17,QCOM
QCOM260717C00145000,145.0,22.44,18.45,19.6,2.0,4.0,0.39124143920898435,True,CALL,2026-07-17,QCOM
QCOM260717C00150000,150.0,16.83,15.75,17.0,3.0,52.0,0.38794557373046873,True,CALL,2026-07-17,QCOM
QCOM260717C00155000,155.0,14.17,13.7,14.65,3.0,70.0,0.38477177734374995,False,CALL,2026-07-17,QCOM
QCOM260717C00160000,160.0,12.13,11.5,12.3,19.0,145.0,0.3758607336425781,False,CALL,2026-07-17,QCOM
QCOM260717C00165000,165.0,9.9,9.9,10.5,7.0,70.0,0.3746400427246094,False,CALL,2026-07-17,QCOM
QCOM260717C00170000,170.0,8.1,7.95,8.8,18.0,358.0,0.3704896936035156,False,CALL,2026-07-17,QCOM
QCOM260717C00175000,175.0,7.1,7.1,7.4,3.0,130.0,0.3687502090454102,False,CALL,2026-07-17,QCOM
QCOM260717C00180000,180.0,6.4,5.8,6.25,69.0,375.0,0.3687807263183594,False,CALL,2026-07-17,QCOM
QCOM260717C00185000,185.0,5.2,4.6,5.2,6.0,65.0,0.36701072448730465,False,CALL,2026-07-17,QCOM
QCOM260717C00190000,190.0,4.57,3.65,4.45,5.0,282.0,0.37000141723632807,False,CALL,2026-07-17,QCOM
QCOM260717C00195000,195.0,3.55,3.3,3.8,16.0,152.0,0.3726869372558594,False,CALL,2026-07-17,QCOM
QCOM260717P00110000,110.0,2.11,2.03,2.31,12.0,34.0,0.4165097412109374,False,PUT,2026-07-17,QCOM
QCOM260717P00115000,115.0,2.73,2.66,2.9,10.0,205.0,0.4023497265625,False,PUT,2026-07-17,QCOM
QCOM260717P00120000,120.0,3.51,3.6,3.9,10.0,144.0,0.40015248291015626,False,PUT,2026-07-17,QCOM
QCOM260717P00125000,125.0,4.08,4.65,5.3,73.0,509.0,0.4043638665771484,False,PUT,2026-07-17,QCOM
QCOM260717P00130000,130.0,6.11,5.1,6.2,5.0,309.0,0.38440557006835935,False,PUT,2026-07-17,QCOM
QCOM260717P00135000,135.0,7.65,7.4,7.8,10.0,539.0,0.3806214282226562,False,PUT,2026-07-17,QCOM
QCOM260717P00140000,140.0,9.3,9.25,9.55,20.0,143.0,0.3742738354492187,False,PUT,2026-07-17,QCOM
QCOM260717P00145000,145.0,11.75,11.2,11.65,19.0,319.0,0.3706117626953125,False,PUT,2026-07-17,QCOM
QCOM260717P00150000,150.0,13.65,13.35,14.15,12.0,186.0,0.3704286590576171,False,PUT,2026-07-17,QCOM
QCOM260717P00155000,155.0,15.78,16.0,16.85,2.0,207.0,0.3687502090454102,True,PUT,2026-07-17,QCOM
QCOM260717P00160000,160.0,19.51,18.95,19.45,8.0,456.0,0.3586184744262696,True,PUT,2026-07-17,QCOM
QCOM260717P00165000,165.0,22.02,21.65,22.95,14.0,192.0,0.3645083081054688,True,PUT,2026-07-17,QCOM
QCOM260717P00170000,170.0,22.0,25.05,26.25,10.0,174.0,0.3600527862548828,True,PUT,2026-07-17,QCOM
QCOM260717P00175000,175.0,19.6,28.45,30.15,1.0,41.0,0.3657900335693359,True,PUT,2026-07-17,QCOM
QCOM260717P00180000,180.0,17.45,32.65,33.8,9.0,153.0,0.3600527862548828,True,PUT,2026-07-17,QCOM
QCOM260717P00185000,185.0,20.15,36.05,38.35,11.0,35.0,0.3756165954589844,True,PUT,2026-07-17,QCOM
QCOM260717P00190000,190.0,20.85,40.5,42.6,,3.0,0.3792176336669921,True,PUT,2026-07-17,QCOM
QCOM260717P00195000,195.0,40.98,44.5,46.35,1.0,2.0,0.36176175354003903,True,PUT,2026-07-17,QCOM
QCOM260918C00110000,110.0,64.35,74.25,77.1,1.0,31.0,1.3109165313720699,True,CALL,2026-09-18,QCOM
QCOM260918C00115000,115.0,65.37,40.8,42.3,2.0,44.0,0.42615319946289065,True,CALL,2026-09-18,QCOM
QCOM260918C00120000,120.0,41.5,36.95,39.35,1.0,51.0,0.44574528869628904,True,CALL,2026-09-18,QCOM
QCOM260918C00125000,125.0,38.98,33.6,35.4,1.0,26.0,0.4290523403930664,True,CALL,2026-09-18,QCOM
QCOM260918C00130000,130.0,30.32,30.25,31.85,2.0,24.0,0.4195614685058594,True,CALL,2026-09-18,QCOM
QCOM260918C00135000,135.0,27.3,27.15,28.5,2.0,61.0,0.41083352844238286,True,CALL,2026-09-18,QCOM
QCOM260918C00140000,140.0,26.62,23.9,25.6,4.0,37.0,0.4083005947875976,True,CALL,2026-09-18,QCOM
QCOM260918C00145000,145.0,21.35,21.1,22.75,1.0,385.0,0.4023497265625,True,CALL,2026-09-18,QCOM
QCOM260918C00150000,150.0,19.6,18.5,19.8,2.0,260.0,0.39017333465576176,True,CALL,2026-09-18,QCOM
QCOM260918C00155000,155.0,16.3,16.25,17.65,16.0,131.0,0.3906921282958984,False,CALL,2026-09-18,QCOM
QCOM260918C00160000,160.0,14.5,14.2,15.45,9.0,319.0,0.3860535028076171,False,CALL,2026-09-18,QCOM
QCOM260918C00165000,165.0,12.48,12.45,13.2,14.0,731.0,0.3763490100097656,False,CALL,2026-09-18,QCOM
QCOM260918C00170000,170.0,11.15,10.9,11.55,17.0,402.0,0.37521987091064457,False,CALL,2026-09-18,QCOM
QCOM260918C00175000,175.0,9.3,9.4,10.2,7.0,373.0,0.37683728637695313,False,CALL,2026-09-18,QCOM
QCOM260918C00180000,180.0,8.1,8.0,8.9,16.0,493.0,0.37613538909912114,False,CALL,2026-09-18,QCOM
QCOM260918C00185000,185.0,7.42,7.15,7.7,9.0,536.0,0.37439590454101557,False,CALL,2026-09-18,QCOM
QCOM260918C00190000,190.0,6.05,6.15,6.75,7.0,639.0,0.3753724572753906,False,CALL,2026-09-18,QCOM
QCOM260918C00195000,195.0,5.3,4.9,5.7,5.0,698.0,0.37085590087890624,False,CALL,2026-09-18,QCOM
QCOM260918P00110000,110.0,3.55,3.25,3.6,2.0,562.0,0.41132180480957037,False,PUT,2026-09-18,QCOM
QCOM260918P00115000,115.0,4.15,4.1,4.65,1.0,1866.0,0.408636284790039,False,PUT,2026-09-18,QCOM
QCOM260918P00120000,120.0,3.93,5.2,5.7,303.0,1115.0,0.40015248291015626,False,PUT,2026-09-18,QCOM
QCOM260918P00125000,125.0,6.65,6.55,6.95,5.0,3183.0,0.39282833740234374,False,PUT,2026-09-18,QCOM
QCOM260918P00130000,130.0,8.05,8.0,8.25,90.0,1423.0,0.382269360961914,False,PUT,2026-09-18,QCOM
QCOM260918P00135000,135.0,9.75,9.55,9.95,21.0,601.0,0.37723401092529296,False,PUT,2026-09-18,QCOM
QCOM260918P00140000,140.0,11.72,11.3,11.9,15.0,1852.0,0.3731141790771484,False,PUT,2026-09-18,QCOM
QCOM260918P00145000,145.0,13.89,13.1,14.6,25.0,1000.0,0.38049935913085936,False,PUT,2026-09-18,QCOM
QCOM260918P00150000,150.0,16.32,15.9,16.55,1.0,596.0,0.3668276208496094,False,PUT,2026-09-18,QCOM
QCOM260918P00155000,155.0,18.0,17.85,19.9,15.0,225.0,0.37805797729492185,True,PUT,2026-09-18,QCOM
QCOM260918P00160000,160.0,21.5,21.1,22.25,23.0,861.0,0.3642031353759766,True,PUT,2026-09-18,QCOM
QCOM260918P00165000,165.0,23.91,23.5,25.15,1.0,245.0,0.35742830078125,True,PUT,2026-09-18,QCOM
QCOM260918P00170000,170.0,28.01,27.15,28.9,1.0,1000.0,0.3644472735595704,True,PUT,2026-09-18,QCOM
QCOM260918P00175000,175.0,21.15,30.6,31.65,1.0,210.0,0.3460148406982422,True,PUT,2026-09-18,QCOM
QCOM260918P00180000,180.0,29.4,34.35,36.05,14.0,506.0,0.36014433807373036,True,PUT,2026-09-18,QCOM
QCOM260918P00185000,185.0,35.83,38.2,39.75,3.0,66.0,0.3552310571289062,True,PUT,2026-09-18,QCOM
QCOM260918P00190000,190.0,33.35,42.1,43.95,1.0,130.0,0.35904571624755854,True,PUT,2026-09-18,QCOM
QCOM260918P00195000,195.0,26.75,46.25,48.15,10.0,78.0,0.360083303527832,True,PUT,2026-09-18,QCOM
QCOM261218C00110000,110.0,51.35,46.3,48.95,2.0,8.0,0.44696597961425777,True,CALL,2026-12-18,QCOM
QCOM261218C00115000,115.0,52.85,43.45,45.5,3.0,56.0,0.44739322143554683,True,CALL,2026-12-18,QCOM
QCOM261218C00120000,120.0,44.3,39.4,42.0,1.0,75.0,0.4422358023071289,True,CALL,2026-12-18,QCOM
QCOM261218C00125000,125.0,39.8,35.35,37.2,2.0,82.0,0.404730073852539,True,CALL,2026-12-18,QCOM
QCOM261218C00130000,130.0,36.35,33.3,35.2,2.0,99.0,0.42639733764648446,True,CALL,2026-12-18,QCOM
QCOM261218C00135000,135.0,30.56,29.75,31.8,3.0,62.0,0.4142209457397461,True,CALL,2026-12-18,QCOM
QCOM261218C00140000,140.0,26.6,26.9,28.8,30.0,109.0,0.40714093841552734,True,CALL,2026-12-18,QCOM
QCOM261218C00145000,145.0,26.07,24.4,26.3,2.0,85.0,0.4063780065917969,True,CALL,2026-12-18,QCOM
QCOM261218C00150000,150.0,21.0,21.9,23.7,1.0,171.0,0.40064075927734377,True,CALL,2026-12-18,QCOM
QCOM261218C00155000,155.0,20.0,19.25,21.1,4.0,156.0,0.392034888305664,False,CALL,2026-12-18,QCOM
QCOM261218C00160000,160.0,17.76,17.8,18.65,10.0,1308.0,0.3833374655151367,False,CALL,2026-12-18,QCOM
QCOM261218C00165000,165.0,16.55,15.55,16.55,4.0,242.0,0.37793590820312495,False,CALL,2026-12-18,QCOM
QCOM261218C00170000,170.0,14.45,14.1,14.8,5.0,350.0,0.37592176818847656,False,CALL,2026-12-18,QCOM
QCOM261218C00175000,175.0,13.19,12.1,13.75,2.0,217.0,0.38373419006347653,False,CALL,2026-12-18,QCOM
QCOM261218C00180000,180.0,12.31,10.6,13.1,23.0,502.0,0.3966124792480469,False,CALL,2026-12-18,QCOM
QCOM261218C00185000,185.0,12.3,9.15,11.55,1.0,386.0,0.3910888528442382,False,CALL,2026-12-18,QCOM
QCOM261218C00190000,190.0,8.88,8.15,9.5,16.0,244.0,0.3734193518066406,False,CALL,2026-12-18,QCOM
QCOM261218C00195000,195.0,8.8,7.75,8.4,20.0,209.0,0.37134417724609375,False,CALL,2026-12-18,QCOM
QCOM261218P00110000,110.0,4.45,4.75,5.3,1.0,1050.0,0.402899037475586,False,PUT,2026-12-18,QCOM
QCOM261218P00115000,115.0,5.8,5.85,6.2,1.0,311.0,0.39038695556640624,False,PUT,2026-12-18,QCOM
QCOM261218P00120000,120.0,7.3,7.25,7.7,22.0,1326.0,0.39014281738281253,False,PUT,2026-12-18,QCOM
QCOM261218P00125000,125.0,8.1,8.6,9.1,38.0,514.0,0.3830628100585937,False,PUT,2026-12-18,QCOM
QCOM261218P00130000,130.0,10.5,9.8,10.75,2.0,3560.0,0.37793590820312495,False,PUT,2026-12-18,QCOM
QCOM261218P00135000,135.0,12.0,11.95,12.8,8.0,2081.0,0.3772645281982422,False,PUT,2026-12-18,QCOM
QCOM261218P00140000,140.0,13.85,13.2,14.6,3.0,778.0,0.3679872772216797,False,PUT,2026-12-18,QCOM
QCOM261218P00145000,145.0,16.05,16.15,16.95,1.0,659.0,0.36582055084228515,False,PUT,2026-12-18,QCOM
QCOM261218P00150000,150.0,18.94,18.4,19.7,151.0,2275.0,0.36737693176269537,False,PUT,2026-12-18,QCOM
QCOM261218P00155000,155.0,21.7,20.75,22.1,2.0,426.0,0.3593203717041016,True,PUT,2026-12-18,QCOM
QCOM261218P00160000,160.0,24.8,24.0,24.8,4.0,1869.0,0.35349157257080077,True,PUT,2026-12-18,QCOM
QCOM261218P00165000,165.0,25.0,26.55,28.2,4.0,1137.0,0.35681795532226557,True,PUT,2026-12-18,QCOM
QCOM261218P00170000,170.0,31.55,30.05,30.9,2.0,124.0,0.3448551843261719,True,PUT,2026-12-18,QCOM
QCOM261218P00175000,175.0,24.31,33.2,34.75,51.0,713.0,0.35040932800292957,True,PUT,2026-12-18,QCOM
QCOM261218P00180000,180.0,35.39,36.35,39.05,1.0,211.0,0.36188382263183594,True,PUT,2026-12-18,QCOM
QCOM261218P00185000,185.0,24.6,40.8,42.3,4.0,49.0,0.35147743255615227,True,PUT,2026-12-18,QCOM
QCOM261218P00190000,190.0,30.5,44.15,46.55,20.0,277.0,0.3577029562377929,True,PUT,2026-12-18,QCOM
QCOM261218P00195000,195.0,35.55,48.05,50.45,2.0,22.0,0.3549564016723632,True,PUT,2026-12-18,QCOM
QCOM270115C00110000,110.0,50.8,46.45,49.15,6.0,125.0,0.43420975952148444,True,CALL,2027-01-15,QCOM
QCOM270115C00115000,115.0,46.95,43.05,46.05,6.0,222.0,0.4426935614013672,True,CALL,2027-01-15,QCOM
QCOM270115C00120000,120.0,43.0,39.15,41.3,2.0,190.0,0.4082700775146484,True,CALL,2027-01-15,QCOM
QCOM270115C00125000,125.0,39.7,36.65,38.3,25.0,173.0,0.41181008117675777,True,CALL,2027-01-15,QCOM
QCOM270115C00130000,130.0,35.48,32.55,35.1,6.0,415.0,0.4070799038696289,True,CALL,2027-01-15,QCOM
QCOM270115C00135000,135.0,32.41,30.5,32.4,1.0,138.0,0.4087888711547851,True,CALL,2027-01-15,QCOM
QCOM270115C00140000,140.0,28.32,27.6,29.4,3.0,293.0,0.40155627746582034,True,CALL,2027-01-15,QCOM
QCOM270115C00145000,145.0,25.8,24.8,26.5,1.0,227.0,0.39337764831542965,True,CALL,2027-01-15,QCOM
QCOM270115C00150000,150.0,23.0,22.75,24.0,2.0,681.0,0.3895324719238281,True,CALL,2027-01-15,QCOM
QCOM270115C00155000,155.0,20.9,20.4,21.5,4.0,685.0,0.3828797064208984,False,CALL,2027-01-15,QCOM
QCOM270115C00160000,160.0,18.75,18.7,19.2,7.0,1187.0,0.37698987274169915,False,CALL,2027-01-15,QCOM
QCOM270115C00165000,165.0,17.0,16.7,17.55,5.0,453.0,0.37937022003173826,False,CALL,2027-01-15,QCOM
QCOM270115C00170000,170.0,15.0,15.0,15.65,25.0,1547.0,0.37500625,False,CALL,2027-01-15,QCOM
QCOM270115C00175000,175.0,13.62,13.15,14.1,3.0,580.0,0.37415176635742187,False,CALL,2027-01-15,QCOM
QCOM270115C00180000,180.0,11.9,12.1,12.95,27.0,1222.0,0.3779053909301757,False,CALL,2027-01-15,QCOM
QCOM270115C00185000,185.0,11.06,10.45,11.85,7.0,734.0,0.38056039367675776,False,CALL,2027-01-15,QCOM
QCOM270115C00190000,190.0,9.92,9.1,10.15,1.0,1813.0,0.3702760726928711,False,CALL,2027-01-15,QCOM
QCOM270115C00195000,195.0,9.26,8.7,9.1,1.0,3346.0,0.3696962445068359,False,CALL,2027-01-15,QCOM
QCOM270115P00110000,110.0,5.35,5.2,5.6,1.0,2469.0,0.3952086846923829,False,PUT,2027-01-15,QCOM
QCOM270115P00115000,115.0,6.4,6.05,6.95,1.0,1542.0,0.39395747650146484,False,PUT,2027-01-15,QCOM
QCOM270115P00120000,120.0,7.75,7.7,8.05,166.0,2394.0,0.3825745336914062,False,PUT,2027-01-15,QCOM
QCOM270115P00125000,125.0,9.2,9.1,9.45,5.0,2339.0,0.3751283190917969,False,PUT,2027-01-15,QCOM
QCOM270115P00130000,130.0,10.9,10.8,11.25,15.0,3149.0,0.3727479718017578,False,PUT,2027-01-15,QCOM
QCOM270115P00135000,135.0,12.95,12.25,13.2,2.0,1451.0,0.36960469268798823,False,PUT,2027-01-15,QCOM
QCOM270115P00140000,140.0,14.88,14.25,15.1,3.0,1687.0,0.3621889953613281,False,PUT,2027-01-15,QCOM
QCOM270115P00145000,145.0,16.56,16.9,17.5,4.0,2742.0,0.3606631317138671,False,PUT,2027-01-15,QCOM
QCOM270115P00150000,150.0,19.4,19.3,20.4,2.0,3154.0,0.36447779083251963,False,PUT,2027-01-15,QCOM
QCOM270115P00155000,155.0,21.35,21.6,22.55,3.0,1019.0,0.3523624334716796,True,PUT,2027-01-15,QCOM
QCOM270115P00160000,160.0,24.2,24.3,25.35,2.0,1950.0,0.34836467071533206,True,PUT,2027-01-15,QCOM
QCOM270115P00165000,165.0,24.96,26.75,28.35,2.0,510.0,0.3448551843261719,True,PUT,2027-01-15,QCOM
QCOM270115P00170000,170.0,28.8,30.5,31.75,34.0,1529.0,0.3453129434204102,True,PUT,2027-01-15,QCOM
QCOM270115P00175000,175.0,33.85,33.8,34.9,27.0,934.0,0.3388127642822265,True,PUT,2027-01-15,QCOM
QCOM270115P00180000,180.0,38.0,36.7,39.3,10.0,752.0,0.3515995016479492,True,PUT,2027-01-15,QCOM
QCOM270115P00185000,185.0,40.79,40.5,43.4,55.0,152.0,0.3572451971435546,True,PUT,2027-01-15,QCOM
QCOM270115P00190000,190.0,37.6,44.7,46.05,11.0,576.0,0.3336858624267578,True,PUT,2027-01-15,QCOM
QCOM270115P00195000,195.0,34.51,48.4,51.15,49.0,169.0,0.3542850216674803,True,PUT,2027-01-15,QCOM
QCOM270617C00110000,110.0,73.0,50.1,51.55,4.0,14.0,0.4147092221069336,True,CALL,2027-06-17,QCOM
QCOM270617C00115000,115.0,51.35,45.5,48.6,1.0,9.0,0.42017181396484377,True,CALL,2027-06-17,QCOM
QCOM270617C00120000,120.0,44.0,42.0,45.1,2.0,124.0,0.41181008117675777,True,CALL,2027-06-17,QCOM
QCOM270617C00125000,125.0,40.5,39.85,41.9,1.0,48.0,0.4067442138671875,True,CALL,2027-06-17,QCOM
QCOM270617C00130000,130.0,42.2,36.85,38.95,2.0,15.0,0.40360093475341796,True,CALL,2027-06-17,QCOM
QCOM270617C00135000,135.0,37.5,33.2,36.5,1.0,64.0,0.40607283386230464,True,CALL,2027-06-17,QCOM
QCOM270617C00140000,140.0,35.0,31.3,33.6,1.0,35.0,0.3991759301757813,True,CALL,2027-06-17,QCOM
QCOM270617C00145000,145.0,31.35,28.0,31.2,4.0,70.0,0.3978331701660156,True,CALL,2027-06-17,QCOM
QCOM270617C00150000,150.0,26.9,26.1,29.2,1.0,204.0,0.40027455200195317,True,CALL,2027-06-17,QCOM
QCOM270617C00155000,155.0,27.2,24.15,26.2,2.0,114.0,0.38635867553710934,False,CALL,2027-06-17,QCOM
QCOM270617C00160000,160.0,24.0,21.95,24.5,5.0,225.0,0.38922729919433596,False,CALL,2027-06-17,QCOM
QCOM270617C00165000,165.0,22.62,20.7,22.35,5.0,133.0,0.3839478109741211,False,CALL,2027-06-17,QCOM
QCOM270617C00170000,170.0,20.8,19.55,21.55,2.0,361.0,0.3959105819702149,False,CALL,2027-06-17,QCOM
QCOM270617C00175000,175.0,19.2,17.15,19.15,19.0,262.0,0.383795224609375,False,CALL,2027-06-17,QCOM
QCOM270617C00180000,180.0,16.97,15.1,17.7,1.0,489.0,0.3834595346069336,False,CALL,2027-06-17,QCOM
QCOM270617C00185000,185.0,16.0,13.7,17.25,1.0,637.0,0.3959410992431641,False,CALL,2027-06-17,QCOM
QCOM270617C00190000,190.0,14.48,14.1,15.45,10.0,377.0,0.3878540219116211,False,CALL,2027-06-17,QCOM
QCOM270617C00195000,195.0,13.1,12.4,13.75,1.0,190.0,0.37961435821533207,False,CALL,2027-06-17,QCOM
QCOM270617P00110000,110.0,7.4,6.05,9.4,2.0,72.0,0.41461767028808594,False,PUT,2027-06-17,QCOM
QCOM270617P00115000,115.0,7.85,8.4,9.55,23.0,581.0,0.3825745336914062,False,PUT,2027-06-17,QCOM
QCOM270617P00120000,120.0,10.5,9.75,11.35,10.0,92.0,0.38223884368896477,False,PUT,2027-06-17,QCOM
QCOM270617P00125000,125.0,11.0,10.85,12.6,3.0,866.0,0.36926900268554685,False,PUT,2027-06-17,QCOM
QCOM270617P00130000,130.0,12.0,12.55,14.5,100.0,927.0,0.36557641265869145,False,PUT,2027-06-17,QCOM
QCOM270617P00135000,135.0,15.1,15.0,16.7,300.0,357.0,0.3642031353759766,False,PUT,2027-06-17,QCOM
QCOM270617P00140000,140.0,17.6,17.2,18.9,2.0,36.0,0.3602969244384765,False,PUT,2027-06-17,QCOM
QCOM270617P00145000,145.0,19.42,19.4,21.75,1.0,137.0,0.36380641082763676,False,PUT,2027-06-17,QCOM
QCOM270617P00150000,150.0,22.8,21.85,23.65,100.0,195.0,0.35108070800781244,False,PUT,2027-06-17,QCOM
QCOM270617P00155000,155.0,25.5,25.45,26.25,10.0,158.0,0.34656415161132803,True,PUT,2027-06-17,QCOM
QCOM270617P00160000,160.0,25.29,27.15,29.25,527.0,965.0,0.34561811614990234,True,PUT,2027-06-17,QCOM
QCOM270617P00165000,165.0,31.85,30.2,32.8,3.0,696.0,0.3503635520935058,True,PUT,2027-06-17,QCOM
QCOM270617P00170000,170.0,33.05,33.55,35.35,29.0,357.0,0.3391484542846679,True,PUT,2027-06-17,QCOM
QCOM270617P00175000,175.0,34.05,36.6,38.85,149.0,165.0,0.3394231097412109,True,PUT,2027-06-17,QCOM
QCOM270617P00180000,180.0,28.6,40.0,42.9,1.0,772.0,0.3458317370605468,True,PUT,2027-06-17,QCOM
QCOM270617P00185000,185.0,43.84,44.45,46.5,55.0,310.0,0.34421432159423826,True,PUT,2027-06-17,QCOM
QCOM270617P00190000,190.0,34.14,47.5,50.5,20.0,29.0,0.3468998416137695,True,PUT,2027-06-17,QCOM
QCOM270617P00195000,195.0,37.5,39.6,44.0,2.0,15.0,0.1519860192871094,True,PUT,2027-06-17,QCOM
QCOM280121C00110000,110.0,63.05,53.7,56.5,2.0,39.0,0.43103596313476567,True,CALL,2028-01-21,QCOM
QCOM280121C00115000,115.0,55.85,50.55,52.0,1.0,18.0,0.40561507476806635,True,CALL,2028-01-21,QCOM
QCOM280121C00120000,120.0,53.3,46.0,49.8,2.0,57.0,0.4150754293823242,True,CALL,2028-01-21,QCOM
QCOM280121C00125000,125.0,46.5,43.5,46.5,3.0,45.0,0.4058897302246094,True,CALL,2028-01-21,QCOM
QCOM280121C00130000,130.0,45.0,41.65,42.9,3.0,103.0,0.39145506011962883,True,CALL,2028-01-21,QCOM
QCOM280121C00135000,135.0,41.3,38.0,41.05,2.0,25.0,0.39942006835937505,True,CALL,2028-01-21,QCOM
QCOM280121C00140000,140.0,37.65,36.35,38.25,2.0,214.0,0.3929809237670898,True,CALL,2028-01-21,QCOM
QCOM280121C00145000,145.0,38.0,33.15,36.5,1.0,75.0,0.398443515625,True,CALL,2028-01-21,QCOM
QCOM280121C00150000,150.0,33.24,32.0,34.0,3.0,754.0,0.3929809237670898,True,CALL,2028-01-21,QCOM
QCOM280121C00155000,155.0,30.2,30.35,31.75,4.0,293.0,0.38933410964965826,False,CALL,2028-01-21,QCOM
QCOM280121C00160000,160.0,29.0,28.45,31.5,2.0,175.0,0.4083005947875976,False,CALL,2028-01-21,QCOM
QCOM280121C00165000,165.0,27.0,25.5,27.75,1.0,126.0,0.3843140182495117,False,CALL,2028-01-21,QCOM
QCOM280121C00170000,170.0,25.21,25.1,25.85,4.0,1718.0,0.3812012564086914,False,CALL,2028-01-21,QCOM
QCOM280121C00175000,175.0,24.4,23.4,24.75,4.0,377.0,0.38634341690063473,False,CALL,2028-01-21,QCOM
QCOM280121C00180000,180.0,22.52,20.8,22.8,1.0,140.0,0.3804535832214356,False,CALL,2028-01-21,QCOM
QCOM280121C00185000,185.0,21.5,20.6,22.25,1.0,131.0,0.3899597137451172,False,CALL,2028-01-21,QCOM
QCOM280121C00190000,190.0,19.7,19.3,20.25,1.0,373.0,0.38147591186523433,False,CALL,2028-01-21,QCOM
QCOM280121C00195000,195.0,19.72,17.2,19.25,2.0,122.0,0.38385625915527344,False,CALL,2028-01-21,QCOM
QCOM280121P00110000,110.0,10.43,8.5,13.5,1.0,230.0,0.41687594848632803,False,PUT,2028-01-21,QCOM
QCOM280121P00115000,115.0,11.75,11.4,12.9,1.0,353.0,0.3745790081787109,False,PUT,2028-01-21,QCOM
QCOM280121P00120000,120.0,14.05,13.6,16.5,5.0,296.0,0.39789420471191406,False,PUT,2028-01-21,QCOM
QCOM280121P00125000,125.0,14.9,14.9,17.85,110.0,312.0,0.3845276391601562,False,PUT,2028-01-21,QCOM
QCOM280121P00130000,130.0,18.5,17.4,18.65,2.0,430.0,0.36273830627441406,False,PUT,2028-01-21,QCOM
QCOM280121P00135000,135.0,18.82,19.7,20.75,2.0,177.0,0.35788605987548827,False,PUT,2028-01-21,QCOM
QCOM280121P00140000,140.0,22.51,21.95,23.3,1.0,117.0,0.3572451971435546,False,PUT,2028-01-21,QCOM
QCOM280121P00145000,145.0,24.95,23.55,25.55,1.0,20.0,0.3511722598266601,False,PUT,2028-01-21,QCOM
QCOM280121P00150000,150.0,28.0,26.95,28.75,2.0,166.0,0.3552463157653808,False,PUT,2028-01-21,QCOM
QCOM280121P00155000,155.0,29.6,28.55,30.75,102.0,142.0,0.34326828613281246,True,PUT,2028-01-21,QCOM
QCOM280121P00160000,160.0,30.55,31.55,33.6,3.0,407.0,0.34015552429199214,True,PUT,2028-01-21,QCOM
QCOM280121P00165000,165.0,34.7,35.1,36.8,1.0,35.0,0.3397587997436523,True,PUT,2028-01-21,QCOM
QCOM280121P00170000,170.0,35.0,37.55,40.75,2.0,68.0,0.34680828979492184,True,PUT,2028-01-21,QCOM
QCOM280121P00175000,175.0,40.01,40.5,42.8,1.0,42.0,0.33029844512939455,True,PUT,2028-01-21,QCOM
QCOM280121P00180000,180.0,43.3,44.2,45.7,1.0,23.0,0.3224097300720214,True,PUT,2028-01-21,QCOM
QCOM280121P00185000,185.0,41.7,47.5,50.1,1.0,56.0,0.3310918942260742,True,PUT,2028-01-21,QCOM
QCOM280121P00190000,190.0,52.3,51.55,52.8,2.0,27.0,0.3182441223144531,True,PUT,2028-01-21,QCOM
QCOM280121P00195000,195.0,48.03,54.75,56.7,1.0,12.0,0.3187018814086914,True,PUT,2028-01-21,QCOM
QS260130C00007000,7.0,3.06,2.35,3.5,26.0,29.0,4.484379394531249,True,CALL,2026-01-30,QS
QS260130C00007500,7.5,2.57,1.92,2.8,26.0,27.0,3.3906265234374997,True,CALL,2026-01-30,QS
QS260130C00008000,8.0,1.95,1.46,2.18,1.0,26.0,2.5234411914062496,True,CALL,2026-01-30,QS
QS260130C00008500,8.5,1.57,0.85,1.8,22.0,33.0,1.984375078125,True,CALL,2026-01-30,QS
QS260130C00009000,9.0,0.65,0.62,0.84,28.0,272.0,0.8906260937499999,True,CALL,2026-01-30,QS
QS260130C00009500,9.5,0.31,0.28,0.4,144.0,321.0,0.8203142968749999,True,CALL,2026-01-30,QS
QS260130C00010000,10.0,0.08,0.09,0.1,1089.0,1821.0,0.7421900781249999,False,CALL,2026-01-30,QS
QS260130C00010500,10.5,0.02,0.02,0.03,1353.0,2731.0,0.8125018749999999,False,CALL,2026-01-30,QS
QS260130C00011000,11.0,0.01,0.01,0.02,440.0,7213.0,1.0312548437500002,False,CALL,2026-01-30,QS
QS260130C00011500,11.5,0.02,0.01,0.02,129.0,3777.0,1.2812535937499998,False,CALL,2026-01-30,QS
QS260130C00012000,12.0,0.02,0.01,0.02,179.0,3283.0,1.5625021874999998,False,CALL,2026-01-30,QS
QS260130C00012500,12.5,0.01,0.0,0.02,71.0,1174.0,1.6875015625,False,CALL,2026-01-30,QS
QS260130P00007000,7.0,0.02,0.0,0.07,5.0,34.0,2.68750328125,False,PUT,2026-01-30,QS
QS260130P00007500,7.5,0.05,0.0,0.01,3.0,12.0,1.5625021874999998,False,PUT,2026-01-30,QS
QS260130P00008000,8.0,0.01,0.0,0.02,31.0,132.0,1.3750031249999999,False,PUT,2026-01-30,QS
QS260130P00008500,8.5,0.01,0.0,0.02,10.0,5353.0,0.98437515625,False,PUT,2026-01-30,QS
QS260130P00009000,9.0,0.02,0.02,0.04,45.0,1852.0,0.8125018749999999,False,PUT,2026-01-30,QS
QS260130P00009500,9.5,0.15,0.09,0.13,291.0,2901.0,0.6718782812500002,False,PUT,2026-01-30,QS
QS260130P00010000,10.0,0.47,0.36,0.43,196.0,3724.0,0.70312796875,True,PUT,2026-01-30,QS
QS260130P00010500,10.5,0.96,0.72,0.96,73.0,1552.0,0.8437515624999999,True,PUT,2026-01-30,QS
QS260130P00011000,11.0,1.28,1.19,1.48,111.0,1620.0,1.140629296875,True,PUT,2026-01-30,QS
QS260130P00011500,11.5,1.63,1.7,2.04,2.0,436.0,1.75000125,True,PUT,2026-01-30,QS
QS260130P00012000,12.0,2.35,2.17,2.53,33.0,408.0,1.875000625,True,PUT,2026-01-30,QS
QS260130P00012500,12.5,2.58,2.57,3.1,10.0,107.0,1.96875015625,True,PUT,2026-01-30,QS
QS260206C00008000,8.0,1.86,1.5,2.35,2.0,217.0,1.48047134765625,True,CALL,2026-02-06,QS
QS260206C00008500,8.5,1.3,1.21,1.48,9.0,91.0,0.98437515625,True,CALL,2026-02-06,QS
QS260206C00009000,9.0,0.98,0.85,0.94,65.0,91.0,0.8085956640624999,True,CALL,2026-02-06,QS
QS260206C00009500,9.5,0.56,0.55,0.61,171.0,276.0,0.79687703125,True,CALL,2026-02-06,QS
QS260206C00010000,10.0,0.35,0.33,0.37,127.0,1372.0,0.7929708203125,False,CALL,2026-02-06,QS
QS260206C00010500,10.5,0.2,0.19,0.23,1556.0,1118.0,0.8203142968749999,False,CALL,2026-02-06,QS
QS260206C00011000,11.0,0.12,0.12,0.14,388.0,875.0,0.85937640625,False,CALL,2026-02-06,QS
QS260206C00011500,11.5,0.09,0.09,0.11,338.0,549.0,0.9531254687499999,False,CALL,2026-02-06,QS
QS260206C00012000,12.0,0.09,0.07,0.08,200.0,783.0,1.0312548437500002,False,CALL,2026-02-06,QS
QS260206C00012500,12.5,0.06,0.05,0.08,927.0,864.0,1.125004375,False,CALL,2026-02-06,QS
QS260206P00007000,7.0,0.01,0.0,0.75,10.0,15.0,2.5273474316406244,False,PUT,2026-02-06,QS
QS260206P00007500,7.5,0.03,0.0,0.53,5.0,9.0,1.875000625,False,PUT,2026-02-06,QS
QS260206P00008000,8.0,0.06,0.02,0.11,7.0,38.0,0.9609378906249999,False,PUT,2026-02-06,QS
QS260206P00008500,8.5,0.1,0.08,0.11,5.0,68.0,0.8203142968749999,False,PUT,2026-02-06,QS
QS260206P00009000,9.0,0.19,0.18,0.21,101.0,867.0,0.7851583984375,False,PUT,2026-02-06,QS
QS260206P00009500,9.5,0.36,0.35,0.42,269.0,1158.0,0.789064609375,False,PUT,2026-02-06,QS
QS260206P00010000,10.0,0.67,0.62,0.69,28.0,764.0,0.7851583984375,True,PUT,2026-02-06,QS
QS260206P00010500,10.5,1.01,0.97,1.07,55.0,721.0,0.8203142968749999,True,PUT,2026-02-06,QS
QS260206P00011000,11.0,1.42,1.4,1.45,22.0,538.0,0.8242205078124999,True,PUT,2026-02-06,QS
QS260206P00011500,11.5,1.67,1.65,2.18,2.0,105.0,0.9687503125,True,PUT,2026-02-06,QS
QS260206P00012000,12.0,2.19,2.15,2.64,1.0,68.0,1.0625046875000002,True,PUT,2026-02-06,QS
QS260206P00012500,12.5,1.86,2.7,3.2,1.0,21.0,1.3789093554687497,True,PUT,2026-02-06,QS
QS260213C00008000,8.0,1.85,1.73,2.06,12.0,2.0,1.0468797656250002,True,CALL,2026-02-13,QS
QS260213C00008500,8.5,1.54,1.39,1.61,52.0,102.0,1.001958115234375,True,CALL,2026-02-13,QS
QS260213C00009000,9.0,1.21,1.12,1.18,7.0,43.0,0.96679720703125,True,CALL,2026-02-13,QS
QS260213C00009500,9.5,0.92,0.84,0.9,117.0,53.0,0.9609378906249999,True,CALL,2026-02-13,QS
QS260213C00010000,10.0,0.63,0.63,0.68,42.0,376.0,0.9726565234375,False,CALL,2026-02-13,QS
QS260213C00010500,10.5,0.53,0.47,0.52,133.0,394.0,0.9960937890625,False,CALL,2026-02-13,QS
QS260213C00011000,11.0,0.36,0.35,0.4,315.0,785.0,1.01953615234375,False,CALL,2026-02-13,QS
QS260213C00011500,11.5,0.3,0.29,0.32,67.0,617.0,1.0742233789062503,False,CALL,2026-02-13,QS
QS260213C00012000,12.0,0.23,0.23,0.25,444.0,572.0,1.1054732226562503,False,CALL,2026-02-13,QS
QS260213C00012500,12.5,0.23,0.16,0.22,4.0,128.0,1.1367230664062502,False,CALL,2026-02-13,QS
QS260213P00007500,7.5,0.09,0.07,0.15,1.0,35.0,1.0468797656250002,False,PUT,2026-02-13,QS
QS260213P00008000,8.0,0.14,0.14,0.26,2.0,43.0,1.0429735351562504,False,PUT,2026-02-13,QS
QS260213P00008500,8.5,0.28,0.26,0.3,4.0,392.0,0.9570316796874999,False,PUT,2026-02-13,QS
QS260213P00009000,9.0,0.42,0.42,0.47,8.0,400.0,0.9492192578124999,False,PUT,2026-02-13,QS
QS260213P00009500,9.5,0.63,0.64,0.68,52.0,502.0,0.9414068359375,False,PUT,2026-02-13,QS
QS260213P00010000,10.0,0.96,0.92,0.97,106.0,786.0,0.9531254687499999,True,PUT,2026-02-13,QS
QS260213P00010500,10.5,1.26,1.26,1.3,2.0,312.0,0.96679720703125,True,PUT,2026-02-13,QS
QS260213P00011000,11.0,1.75,1.62,1.75,23.0,493.0,1.0234423828125,True,PUT,2026-02-13,QS
QS260213P00011500,11.5,1.8,2.04,2.17,4.0,134.0,1.0625046875000002,True,PUT,2026-02-13,QS
QS260213P00012000,12.0,2.54,2.39,2.64,32.0,144.0,1.05078599609375,True,PUT,2026-02-13,QS
QS260213P00012500,12.5,2.92,2.78,3.1,9.0,11.0,1.01953615234375,True,PUT,2026-02-13,QS
QS260220C00007000,7.0,2.83,2.57,2.94,102.0,1123.0,0.8984385156249999,True,CALL,2026-02-20,QS
QS260220C00007500,7.5,2.52,2.1,3.2,3.0,7.0,1.482424462890625,True,CALL,2026-02-20,QS
QS260220C00008000,8.0,1.81,1.74,2.48,5.0,1314.0,1.19922275390625,True,CALL,2026-02-20,QS
QS260220C00008500,8.5,1.53,1.49,1.64,18.0,110.0,0.92187578125,True,CALL,2026-02-20,QS
QS260220C00009000,9.0,1.21,1.21,1.31,8.0,10916.0,0.93164130859375,True,CALL,2026-02-20,QS
QS260220C00009500,9.5,1.04,0.95,1.0,101.0,69.0,0.91211025390625,True,CALL,2026-02-20,QS
QS260220C00010000,10.0,0.75,0.76,0.78,2777.0,5800.0,0.929688203125,False,CALL,2026-02-20,QS
QS260220C00010500,10.5,0.57,0.56,0.65,63.0,403.0,0.94726615234375,False,CALL,2026-02-20,QS
QS260220C00011000,11.0,0.47,0.45,0.49,305.0,5209.0,0.9589847851562499,False,CALL,2026-02-20,QS
QS260220C00011500,11.5,0.38,0.36,0.4,36.0,370.0,0.9882813671875,False,CALL,2026-02-20,QS
QS260220C00012000,12.0,0.32,0.29,0.33,1253.0,23324.0,1.01953615234375,False,CALL,2026-02-20,QS
QS260220C00012500,12.5,0.26,0.21,0.31,4.0,367.0,1.0546922265625,False,CALL,2026-02-20,QS
QS260220P00007000,7.0,0.1,0.06,0.1,10.0,1801.0,0.9609378906249999,False,PUT,2026-02-20,QS
QS260220P00007500,7.5,0.12,0.12,0.15,10.0,36.0,0.9257819921875,False,PUT,2026-02-20,QS
QS260220P00008000,8.0,0.19,0.2,0.23,55.0,2260.0,0.8945323046874999,False,PUT,2026-02-20,QS
QS260220P00008500,8.5,0.32,0.33,0.44,10.0,250.0,0.937500625,False,PUT,2026-02-20,QS
QS260220P00009000,9.0,0.51,0.5,0.55,158.0,5005.0,0.88476677734375,False,PUT,2026-02-20,QS
QS260220P00009500,9.5,0.78,0.73,0.75,14.0,200.0,0.86914193359375,False,PUT,2026-02-20,QS
QS260220P00010000,10.0,1.04,1.01,1.04,817.0,5745.0,0.87695435546875,True,PUT,2026-02-20,QS
QS260220P00010500,10.5,1.39,1.34,1.44,15.0,278.0,0.9238288867187501,True,PUT,2026-02-20,QS
QS260220P00011000,11.0,1.7,1.71,1.82,168.0,2233.0,0.945313046875,True,PUT,2026-02-20,QS
QS260220P00011500,11.5,1.62,2.11,2.24,10.0,68.0,0.97460962890625,True,PUT,2026-02-20,QS
QS260220P00012000,12.0,2.54,2.55,2.65,6.0,1805.0,0.9960937890625,True,PUT,2026-02-20,QS
QS260227C00007000,7.0,3.7,2.45,4.05,,5.0,1.650392373046875,True,CALL,2026-02-27,QS
QS260227C00007500,7.5,2.61,2.18,2.56,9.0,13.0,0.8906260937499999,True,CALL,2026-02-27,QS
QS260227C00008000,8.0,2.22,1.65,3.0,2.0,10.0,1.3066440917968747,True,CALL,2026-02-27,QS
QS260227C00008500,8.5,1.85,1.6,1.7,5.0,7.0,0.90429783203125,True,CALL,2026-02-27,QS
QS260227C00009000,9.0,1.61,1.29,1.44,105.0,269.0,0.92187578125,True,CALL,2026-02-27,QS
QS260227C00009500,9.5,1.74,1.03,1.11,1.0,5.0,0.8886729882812499,True,CALL,2026-02-27,QS
QS260227C00010000,10.0,0.87,0.81,0.9,38.0,203.0,0.89257919921875,False,CALL,2026-02-27,QS
QS260227C00010500,10.5,0.63,0.64,0.71,9.0,164.0,0.8945323046874999,False,CALL,2026-02-27,QS
QS260227C00011000,11.0,0.55,0.5,0.59,123.0,3628.0,0.91211025390625,False,CALL,2026-02-27,QS
QS260227C00011500,11.5,0.5,0.4,0.49,2.0,136.0,0.9335944140625,False,CALL,2026-02-27,QS
QS260227C00012000,12.0,0.41,0.32,0.41,52.0,774.0,0.95507857421875,False,CALL,2026-02-27,QS
QS260227C00012500,12.5,0.35,0.28,0.35,100.0,94.0,0.992187578125,False,CALL,2026-02-27,QS
QS260227P00007000,7.0,0.25,0.0,0.75,,1.0,1.3828155859374998,False,PUT,2026-02-27,QS
QS260227P00008000,8.0,0.31,0.26,0.31,1.0,122.0,0.8789074609374999,False,PUT,2026-02-27,QS
QS260227P00008500,8.5,0.43,0.4,0.46,1.0,120.0,0.8710950390625,False,PUT,2026-02-27,QS
QS260227P00009000,9.0,0.62,0.58,0.64,381.0,111.0,0.85742330078125,False,PUT,2026-02-27,QS
QS260227P00009500,9.5,0.83,0.81,0.88,39.0,114.0,0.8554701953125,False,PUT,2026-02-27,QS
QS260227P00010000,10.0,1.1,1.09,1.15,52.0,334.0,0.851563984375,True,PUT,2026-02-27,QS
QS260227P00010500,10.5,1.37,1.42,1.48,1.0,6.0,0.8632826171875,True,PUT,2026-02-27,QS
QS260227P00011000,11.0,1.63,1.78,1.91,1.0,81.0,0.9023447265625,True,PUT,2026-02-27,QS
QS260227P00011500,11.5,1.96,2.09,2.31,5.0,12.0,0.87695435546875,True,PUT,2026-02-27,QS
QS260227P00012000,12.0,2.43,2.6,2.73,3.0,12.0,0.9433599414062499,True,PUT,2026-02-27,QS
QS260227P00012500,12.5,2.41,2.25,3.65,33.0,34.0,0.75586181640625,True,PUT,2026-02-27,QS
QS260306C00007500,7.5,2.64,2.18,2.65,9.0,44.0,0.867188828125,True,CALL,2026-03-06,QS
QS260306C00009000,9.0,1.7,1.38,1.54,2.0,10.0,0.91211025390625,True,CALL,2026-03-06,QS
QS260306C00009500,9.5,1.38,1.11,1.29,6.0,29.0,0.9062509375,True,CALL,2026-03-06,QS
QS260306C00010000,10.0,1.11,0.89,1.05,5.0,264.0,0.8964854101562498,False,CALL,2026-03-06,QS
QS260306C00010500,10.5,0.77,0.71,0.91,3.0,111.0,0.9160164648437501,False,CALL,2026-03-06,QS
QS260306C00011000,11.0,0.7,0.62,0.75,5.0,123.0,0.940430283203125,False,CALL,2026-03-06,QS
QS260306C00011500,11.5,0.57,0.47,0.63,8.0,255.0,0.9355475195312499,False,CALL,2026-03-06,QS
QS260306C00012000,12.0,0.56,0.4,0.55,3.0,39.0,0.9648441015625,False,CALL,2026-03-06,QS
QS260306C00012500,12.5,0.5,0.27,0.48,3.0,47.0,0.95507857421875,False,CALL,2026-03-06,QS
QS260306P00008000,8.0,0.39,0.32,0.46,4.0,60.0,0.914063359375,False,PUT,2026-03-06,QS
QS260306P00008500,8.5,0.51,0.46,0.57,12.0,14.0,0.86914193359375,False,PUT,2026-03-06,QS
QS260306P00009500,9.5,0.69,0.91,0.99,5.0,5.0,0.85937640625,False,PUT,2026-03-06,QS
QS260306P00010000,10.0,1.33,1.19,1.36,70.0,41.0,0.8945323046874999,True,PUT,2026-03-06,QS
QS260306P00010500,10.5,1.34,1.52,1.66,10.0,15.0,0.893555751953125,True,PUT,2026-03-06,QS
QS260306P00011000,11.0,1.84,1.86,2.06,5.0,9.0,0.914063359375,True,PUT,2026-03-06,QS
QS260320C00007000,7.0,2.98,2.58,3.35,3.0,22.0,0.937500625,True,CALL,2026-03-20,QS
QS260320C00008000,8.0,2.3,2.14,2.32,8.0,61.0,0.9160164648437501,True,CALL,2026-03-20,QS
QS260320C00009000,9.0,1.5,1.54,1.61,13.0,62.0,0.8632826171875,True,CALL,2026-03-20,QS
QS260320C00010000,10.0,1.14,1.14,1.16,335.0,1292.0,0.8876964355468748,False,CALL,2026-03-20,QS
QS260320C00011000,11.0,0.85,0.79,0.83,40.0,873.0,0.8906260937499999,False,CALL,2026-03-20,QS
QS260320C00012000,12.0,0.6,0.58,0.61,57.0,1560.0,0.9160164648437501,False,CALL,2026-03-20,QS
QS260320P00007000,7.0,0.21,0.19,0.23,21.0,189.0,0.8554701953125,False,PUT,2026-03-20,QS
QS260320P00008000,8.0,0.46,0.44,0.46,31.0,241.0,0.8359391406249999,False,PUT,2026-03-20,QS
QS260320P00009000,9.0,0.83,0.82,0.83,92.0,1442.0,0.8203142968749999,False,PUT,2026-03-20,QS
QS260320P00010000,10.0,1.41,1.37,1.38,26.0,820.0,0.831056376953125,True,PUT,2026-03-20,QS
QS260320P00011000,11.0,1.97,1.99,2.08,2.0,509.0,0.8320329296874999,True,PUT,2026-03-20,QS
QS260320P00012000,12.0,2.72,2.74,2.95,3.0,53.0,0.8730481445312499,True,PUT,2026-03-20,QS
QS260515C00007000,7.0,3.5,3.1,3.7,12.0,1033.0,0.9794923925781251,True,CALL,2026-05-15,QS
QS260515C00008000,8.0,2.65,2.59,2.82,11.0,1702.0,0.9160164648437501,True,CALL,2026-05-15,QS
QS260515C00009000,9.0,2.4,2.07,2.31,1.0,754.0,0.91211025390625,True,CALL,2026-05-15,QS
QS260515C00010000,10.0,1.7,1.7,1.77,454.0,2456.0,0.8945323046874999,False,CALL,2026-05-15,QS
QS260515C00011000,11.0,1.38,1.35,1.42,60.0,1595.0,0.8911143701171874,False,CALL,2026-05-15,QS
QS260515C00012000,12.0,1.14,1.11,1.17,205.0,3885.0,0.9062509375,False,CALL,2026-05-15,QS
QS260515P00007000,7.0,0.52,0.47,0.58,65.0,1640.0,0.848634326171875,False,PUT,2026-05-15,QS
QS260515P00008000,8.0,0.86,0.85,0.89,47.0,1952.0,0.8330094824218748,False,PUT,2026-05-15,QS
QS260515P00009000,9.0,1.27,1.27,1.38,13.0,2725.0,0.8242205078124999,False,PUT,2026-05-15,QS
QS260515P00010000,10.0,1.91,1.86,1.97,211.0,2755.0,0.8330094824218748,True,PUT,2026-05-15,QS
QS260515P00011000,11.0,2.55,2.48,2.64,6.0,1474.0,0.8281267187499999,True,PUT,2026-05-15,QS
QS260515P00012000,12.0,3.31,3.2,3.4,35.0,1613.0,0.8349625878906248,True,PUT,2026-05-15,QS
QS260821C00007000,7.0,4.36,3.6,4.2,2.0,33.0,0.9531254687499999,True,CALL,2026-08-21,QS
QS260821C00008000,8.0,3.25,3.15,3.45,100.0,160.0,0.911133701171875,True,CALL,2026-08-21,QS
QS260821C00009000,9.0,2.83,2.65,2.9,105.0,558.0,0.8793957373046875,True,CALL,2026-08-21,QS
QS260821C00010000,10.0,2.45,2.26,2.55,10.0,408.0,0.883790224609375,False,CALL,2026-08-21,QS
QS260821C00011000,11.0,2.07,2.01,2.22,2.0,1376.0,0.8964854101562498,False,CALL,2026-08-21,QS
QS260821C00012000,12.0,1.95,1.75,1.9,36.0,279.0,0.89257919921875,False,CALL,2026-08-21,QS
QS260821P00007000,7.0,0.89,0.85,0.99,1.0,665.0,0.813478427734375,False,PUT,2026-08-21,QS
QS260821P00008000,8.0,1.39,1.33,1.5,25.0,145.0,0.831056376953125,False,PUT,2026-08-21,QS
QS260821P00009000,9.0,1.8,1.75,1.98,3.0,385.0,0.7973653076171875,False,PUT,2026-08-21,QS
QS260821P00010000,10.0,2.42,2.33,2.71,7.0,311.0,0.815431533203125,True,PUT,2026-08-21,QS
QS260821P00011000,11.0,3.1,2.99,3.35,7.0,1347.0,0.8090839404296875,True,PUT,2026-08-21,QS
QS260821P00012000,12.0,3.55,3.7,4.1,1.0,248.0,0.8125018749999999,True,PUT,2026-08-21,QS
QS270115C00007000,7.0,4.5,4.35,4.5,46.0,21818.0,0.918946123046875,True,CALL,2027-01-15,QS
QS270115C00010000,10.0,3.25,3.2,3.3,937.0,21507.0,0.911133701171875,False,CALL,2027-01-15,QS
QS270115C00012000,12.0,2.71,2.66,2.8,754.0,21832.0,0.9213875048828125,False,CALL,2027-01-15,QS
QS270115P00007000,7.0,1.45,1.39,1.5,8.0,7399.0,0.81445498046875,False,PUT,2027-01-15,QS
QS270115P00010000,10.0,3.21,3.05,3.25,15.0,11493.0,0.7963887548828125,True,PUT,2027-01-15,QS
QS270115P00012000,12.0,4.45,4.45,4.75,5.0,6787.0,0.804689453125,True,PUT,2027-01-15,QS
QS280121C00007000,7.0,5.65,5.4,5.75,15.0,1541.0,0.945313046875,True,CALL,2028-01-21,QS
QS280121C00010000,10.0,4.71,4.5,4.9,197.0,5905.0,0.9423833886718749,False,CALL,2028-01-21,QS
QS280121C00012000,12.0,4.22,4.1,4.45,6.0,1629.0,0.94726615234375,False,CALL,2028-01-21,QS
QS280121P00007000,7.0,2.39,2.17,2.47,19.0,711.0,0.7934590966796875,False,PUT,2028-01-21,QS
QS280121P00010000,10.0,4.3,4.2,4.4,225.0,2447.0,0.7885763330078125,True,PUT,2028-01-21,QS
QS280121P00012000,12.0,5.54,5.45,5.9,23.0,1036.0,0.7651390673828126,True,PUT,2028-01-21,QS
QUBT260130C00007500,7.5,3.0,2.79,4.1,1.0,2.0,6.2187522265625,True,CALL,2026-01-30,QUBT
QUBT260130C00008000,8.0,3.52,2.32,3.6,4.0,4.0,5.500003124999999,True,CALL,2026-01-30,QUBT
QUBT260130C00008500,8.5,2.85,1.78,2.54,8.0,12.0,3.3750015624999996,True,CALL,2026-01-30,QUBT
QUBT260130C00009000,9.0,2.42,1.32,2.16,1.0,10.0,3.1015647460937497,True,CALL,2026-01-30,QUBT
QUBT260130C00009500,9.5,1.94,0.84,1.51,2.0,36.0,2.1875045312499997,True,CALL,2026-01-30,QUBT
QUBT260130C00010000,10.0,0.62,0.54,0.75,54.0,586.0,1.421877890625,True,CALL,2026-01-30,QUBT
QUBT260130C00010500,10.5,0.24,0.24,0.32,63.0,914.0,1.09375453125,False,CALL,2026-01-30,QUBT
QUBT260130C00011000,11.0,0.09,0.07,0.12,566.0,1413.0,0.98437515625,False,CALL,2026-01-30,QUBT
QUBT260130C00011500,11.5,0.02,0.02,0.03,242.0,2564.0,0.9531254687499999,False,CALL,2026-01-30,QUBT
QUBT260130C00012000,12.0,0.02,0.01,0.02,722.0,3567.0,1.125004375,False,CALL,2026-01-30,QUBT
QUBT260130C00012500,12.5,0.01,0.0,0.01,311.0,3279.0,1.125004375,False,CALL,2026-01-30,QUBT
QUBT260130C00013000,13.0,0.02,0.01,0.02,133.0,4214.0,1.5937520312499998,False,CALL,2026-01-30,QUBT
QUBT260130P00007500,7.5,0.15,0.0,0.03,2.0,2.0,2.2500043749999996,False,PUT,2026-01-30,QUBT
QUBT260130P00008000,8.0,0.01,0.0,0.03,1.0,112.0,1.875000625,False,PUT,2026-01-30,QUBT
QUBT260130P00008500,8.5,0.02,0.0,0.04,2.0,373.0,1.5937520312499998,False,PUT,2026-01-30,QUBT
QUBT260130P00009000,9.0,0.01,0.0,0.01,6.0,376.0,0.937500625,False,PUT,2026-01-30,QUBT
QUBT260130P00009500,9.5,0.03,0.01,0.03,143.0,604.0,0.8281267187499999,False,PUT,2026-01-30,QUBT
QUBT260130P00010000,10.0,0.06,0.05,0.1,481.0,1940.0,0.710940390625,False,PUT,2026-01-30,QUBT
QUBT260130P00010500,10.5,0.26,0.21,0.34,420.0,1530.0,0.6796907031250001,True,PUT,2026-01-30,QUBT
QUBT260130P00011000,11.0,0.62,0.54,0.63,304.0,2212.0,0.500005,True,PUT,2026-01-30,QUBT
QUBT260130P00011500,11.5,1.05,0.98,1.12,117.0,821.0,0.500005,True,PUT,2026-01-30,QUBT
QUBT260130P00012000,12.0,1.48,1.4,1.56,52.0,583.0,1.0000000000000003e-05,True,PUT,2026-01-30,QUBT
QUBT260130P00012500,12.5,1.76,1.81,2.14,5.0,280.0,1.4375028125,True,PUT,2026-01-30,QUBT
QUBT260130P00013000,13.0,2.52,2.37,2.72,4.0,758.0,2.3906290234374996,True,PUT,2026-01-30,QUBT
QUBT260206C00008500,8.5,2.42,1.89,2.33,1.0,2.0,1.46875265625,True,CALL,2026-02-06,QUBT
QUBT260206C00009000,9.0,1.7,1.37,1.9,4.0,7.0,1.2421912890624998,True,CALL,2026-02-06,QUBT
QUBT260206C00009500,9.5,3.75,1.0,1.47,1.0,12.0,1.140629296875,True,CALL,2026-02-06,QUBT
QUBT260206C00010000,10.0,0.89,0.81,0.89,26.0,121.0,1.0078174609375,True,CALL,2026-02-06,QUBT
QUBT260206C00010500,10.5,0.58,0.54,0.6,271.0,803.0,0.9609378906249999,False,CALL,2026-02-06,QUBT
QUBT260206C00011000,11.0,0.37,0.35,0.42,185.0,1012.0,0.9687503125,False,CALL,2026-02-06,QUBT
QUBT260206C00011500,11.5,0.24,0.23,0.25,307.0,704.0,0.9531254687499999,False,CALL,2026-02-06,QUBT
QUBT260206C00012000,12.0,0.17,0.15,0.17,381.0,1439.0,0.9804689453125001,False,CALL,2026-02-06,QUBT
QUBT260206C00012500,12.5,0.11,0.1,0.12,157.0,631.0,1.015629921875,False,CALL,2026-02-06,QUBT
QUBT260206C00013000,13.0,0.06,0.06,0.08,77.0,1197.0,1.0312548437500002,False,CALL,2026-02-06,QUBT
QUBT260206P00007500,7.5,0.15,0.0,0.75,,10.0,2.4570351074218753,False,PUT,2026-02-06,QUBT
QUBT260206P00008000,8.0,0.16,0.01,0.6,6.0,88.0,1.953125234375,False,PUT,2026-02-06,QUBT
QUBT260206P00008500,8.5,0.04,0.02,0.52,3.0,45.0,1.5664084179687499,False,PUT,2026-02-06,QUBT
QUBT260206P00009000,9.0,0.11,0.08,0.12,1.0,70.0,0.867188828125,False,PUT,2026-02-06,QUBT
QUBT260206P00009500,9.5,0.18,0.17,0.2,36.0,390.0,0.8164080859374999,False,PUT,2026-02-06,QUBT
QUBT260206P00010000,10.0,0.36,0.33,0.34,695.0,1648.0,0.789064609375,False,PUT,2026-02-06,QUBT
QUBT260206P00010500,10.5,0.57,0.53,0.61,188.0,460.0,0.7773459765625,True,PUT,2026-02-06,QUBT
QUBT260206P00011000,11.0,0.89,0.82,0.93,20.0,482.0,0.75586181640625,True,PUT,2026-02-06,QUBT
QUBT260206P00011500,11.5,1.28,1.19,1.34,12.0,713.0,0.7695335546875001,True,PUT,2026-02-06,QUBT
QUBT260206P00012000,12.0,1.64,1.55,1.74,58.0,561.0,0.585941640625,True,PUT,2026-02-06,QUBT
QUBT260206P00012500,12.5,2.0,1.74,2.27,1.0,239.0,1.12109814453125,True,PUT,2026-02-06,QUBT
QUBT260206P00013000,13.0,2.35,2.36,2.75,3.0,116.0,1.21875390625,True,PUT,2026-02-06,QUBT
QUBT260213C00009000,9.0,2.07,1.4,2.5,5.0,6.0,1.40234673828125,True,CALL,2026-02-13,QUBT
QUBT260213C00009500,9.5,1.4,1.32,1.45,1.0,113.0,1.05859845703125,True,CALL,2026-02-13,QUBT
QUBT260213C00010000,10.0,1.05,1.0,1.14,3.0,31.0,1.01953615234375,True,CALL,2026-02-13,QUBT
QUBT260213C00010500,10.5,0.75,0.75,0.81,16.0,26.0,0.96289099609375,False,CALL,2026-02-13,QUBT
QUBT260213C00011000,11.0,0.58,0.56,0.6,257.0,10463.0,0.9589847851562499,False,CALL,2026-02-13,QUBT
QUBT260213C00011500,11.5,0.42,0.4,0.44,37.0,133.0,0.9511723632812499,False,CALL,2026-02-13,QUBT
QUBT260213C00012000,12.0,0.35,0.29,0.32,58.0,620.0,0.9570316796874999,False,CALL,2026-02-13,QUBT
QUBT260213C00012500,12.5,0.22,0.21,0.24,30.0,347.0,0.9687503125,False,CALL,2026-02-13,QUBT
QUBT260213C00013000,13.0,0.18,0.16,0.18,194.0,709.0,0.992187578125,False,CALL,2026-02-13,QUBT
QUBT260213P00007500,7.5,0.06,0.0,0.75,1.0,12.0,1.8437507812499998,False,PUT,2026-02-13,QUBT
QUBT260213P00008000,8.0,0.12,0.06,0.15,3.0,13.0,1.0234423828125,False,PUT,2026-02-13,QUBT
QUBT260213P00008500,8.5,0.22,0.11,0.21,1.0,9.0,0.9648441015625,False,PUT,2026-02-13,QUBT
QUBT260213P00009000,9.0,0.22,0.2,0.23,2.0,246.0,0.867188828125,False,PUT,2026-02-13,QUBT
QUBT260213P00009500,9.5,0.32,0.32,0.36,29.0,366.0,0.8359391406249999,False,PUT,2026-02-13,QUBT
QUBT260213P00010000,10.0,0.54,0.5,0.54,80.0,275.0,0.8164080859374999,False,PUT,2026-02-13,QUBT
QUBT260213P00010500,10.5,0.75,0.73,0.76,76.0,162.0,0.7851583984375,True,PUT,2026-02-13,QUBT
QUBT260213P00011000,11.0,1.04,1.02,1.05,103.0,535.0,0.76367423828125,True,PUT,2026-02-13,QUBT
QUBT260213P00011500,11.5,1.44,1.37,1.49,4.0,183.0,0.8105487695312499,True,PUT,2026-02-13,QUBT
QUBT260213P00012000,12.0,1.86,1.73,1.88,2.0,65.0,0.7773459765625,True,PUT,2026-02-13,QUBT
QUBT260213P00012500,12.5,1.95,1.43,2.55,1.0,63.0,1.2695349023437497,True,PUT,2026-02-13,QUBT
QUBT260213P00013000,13.0,2.41,1.85,3.05,1.0,11.0,1.3984405078125,True,PUT,2026-02-13,QUBT
QUBT260220C00008000,8.0,3.15,2.47,3.1,1.0,209.0,1.3750031249999999,True,CALL,2026-02-20,QUBT
QUBT260220C00008500,8.5,2.89,2.0,2.48,1.0,30.0,1.109379453125,True,CALL,2026-02-20,QUBT
QUBT260220C00009000,9.0,1.8,1.78,2.03,41.0,47.0,1.115238798828125,True,CALL,2026-02-20,QUBT
QUBT260220C00010000,10.0,1.29,1.12,1.23,15.0,342.0,0.9570316796874999,True,CALL,2026-02-20,QUBT
QUBT260220C00010500,10.5,0.89,0.88,0.97,57.0,18.0,0.9433599414062499,False,CALL,2026-02-20,QUBT
QUBT260220C00011000,11.0,0.75,0.67,0.72,38.0,761.0,0.91211025390625,False,CALL,2026-02-20,QUBT
QUBT260220C00011500,11.5,0.53,0.52,0.6,47.0,325.0,0.937500625,False,CALL,2026-02-20,QUBT
QUBT260220C00012000,12.0,0.43,0.42,0.44,161.0,2614.0,0.937500625,False,CALL,2026-02-20,QUBT
QUBT260220C00012500,12.5,0.32,0.31,0.34,84.0,342.0,0.9355475195312499,False,CALL,2026-02-20,QUBT
QUBT260220C00013000,13.0,0.25,0.24,0.28,130.0,3163.0,0.9570316796874999,False,CALL,2026-02-20,QUBT
QUBT260220P00007500,7.5,0.07,0.0,0.12,2.0,4.0,0.87500125,False,PUT,2026-02-20,QUBT
QUBT260220P00008000,8.0,0.11,0.11,0.17,135.0,575.0,0.929688203125,False,PUT,2026-02-20,QUBT
QUBT260220P00008500,8.5,0.19,0.18,0.22,1211.0,5.0,0.8710950390625,False,PUT,2026-02-20,QUBT
QUBT260220P00009000,9.0,0.1,0.29,0.32,1.0,1564.0,0.8437515624999999,False,PUT,2026-02-20,QUBT
QUBT260220P00009500,9.5,0.45,0.42,0.5,64.0,440.0,0.8320329296874999,False,PUT,2026-02-20,QUBT
QUBT260220P00010000,10.0,0.62,0.61,0.65,708.0,2354.0,0.79101771484375,False,PUT,2026-02-20,QUBT
QUBT260220P00010500,10.5,0.85,0.84,0.9,65.0,248.0,0.7753928710937501,True,PUT,2026-02-20,QUBT
QUBT260220P00011000,11.0,1.21,1.13,1.28,102.0,3701.0,0.804689453125,True,PUT,2026-02-20,QUBT
QUBT260220P00011500,11.5,1.56,1.48,1.62,2.0,116.0,0.804689453125,True,PUT,2026-02-20,QUBT
QUBT260220P00012000,12.0,1.88,1.85,2.0,102.0,1307.0,0.79687703125,True,PUT,2026-02-20,QUBT
QUBT260220P00012500,12.5,1.96,2.25,2.46,1.0,154.0,0.82226740234375,True,PUT,2026-02-20,QUBT
QUBT260220P00013000,13.0,2.73,2.63,2.91,4.0,507.0,0.7949239257812499,True,PUT,2026-02-20,QUBT
QUBT260227C00009000,9.0,2.0,1.89,2.04,11.0,70.0,1.0390673046875003,True,CALL,2026-02-27,QUBT
QUBT260227C00009500,9.5,1.87,1.55,1.73,3.0,17.0,1.013676806640625,True,CALL,2026-02-27,QUBT
QUBT260227C00010000,10.0,1.43,1.29,1.35,52.0,211.0,0.963867548828125,True,CALL,2026-02-27,QUBT
QUBT260227C00010500,10.5,1.04,1.03,1.1,62.0,20.0,0.9433599414062499,False,CALL,2026-02-27,QUBT
QUBT260227C00011000,11.0,0.9,0.83,0.87,23.0,203.0,0.929688203125,False,CALL,2026-02-27,QUBT
QUBT260227C00011500,11.5,1.05,0.67,0.73,53.0,90.0,0.9433599414062499,False,CALL,2026-02-27,QUBT
QUBT260227C00012000,12.0,0.57,0.53,0.58,19.0,175.0,0.937500625,False,CALL,2026-02-27,QUBT
QUBT260227C00012500,12.5,0.46,0.43,0.47,14.0,123.0,0.945313046875,False,CALL,2026-02-27,QUBT
QUBT260227C00013000,13.0,0.38,0.35,0.4,24.0,264.0,0.9648441015625,False,CALL,2026-02-27,QUBT
QUBT260227P00007500,7.5,0.09,0.02,0.23,75.0,122.0,0.9257819921875,False,PUT,2026-02-27,QUBT
QUBT260227P00008000,8.0,0.04,0.16,0.24,7.0,7.0,0.914063359375,False,PUT,2026-02-27,QUBT
QUBT260227P00008500,8.5,0.29,0.25,0.33,1.0,60.0,0.8828136718749999,False,PUT,2026-02-27,QUBT
QUBT260227P00009000,9.0,0.39,0.38,0.42,2.0,265.0,0.8437515624999999,False,PUT,2026-02-27,QUBT
QUBT260227P00009500,9.5,0.55,0.54,0.58,22.0,204.0,0.8242205078124999,False,PUT,2026-02-27,QUBT
QUBT260227P00010000,10.0,0.79,0.74,0.77,98.0,276.0,0.8027363476562499,False,PUT,2026-02-27,QUBT
QUBT260227P00010500,10.5,1.03,0.99,1.03,41.0,59.0,0.79687703125,True,PUT,2026-02-27,QUBT
QUBT260227P00011000,11.0,1.31,1.28,1.32,20.0,42.0,0.7851583984375,True,PUT,2026-02-27,QUBT
QUBT260227P00011500,11.5,1.66,1.61,1.67,49.0,56.0,0.7851583984375,True,PUT,2026-02-27,QUBT
QUBT260227P00012000,12.0,2.0,1.98,2.05,6.0,113.0,0.78711150390625,True,PUT,2026-02-27,QUBT
QUBT260227P00012500,12.5,2.09,2.37,2.52,11.0,74.0,0.8183611914062499,True,PUT,2026-02-27,QUBT
QUBT260227P00013000,13.0,2.28,2.61,2.92,12.0,4.0,0.6894562304687502,True,PUT,2026-02-27,QUBT
QUBT260306C00010500,10.5,1.37,1.16,1.33,6.0,20.0,0.9873048144531251,False,CALL,2026-03-06,QUBT
QUBT260306C00011500,11.5,0.89,0.79,0.98,10.0,8.0,0.993164130859375,False,CALL,2026-03-06,QUBT
QUBT260306C00012000,12.0,0.78,0.65,0.77,6.0,46.0,0.9697268652343749,False,CALL,2026-03-06,QUBT
QUBT260306C00012500,12.5,0.58,0.53,0.72,1.0,8.0,1.0009815576171874,False,CALL,2026-03-06,QUBT
QUBT260306C00013000,13.0,0.49,0.45,0.53,12.0,17.0,0.97460962890625,False,CALL,2026-03-06,QUBT
QUBT260306P00009000,9.0,0.5,0.46,0.65,14.0,173.0,0.9082040429687499,False,PUT,2026-03-06,QUBT
QUBT260306P00010000,10.0,0.95,0.86,1.06,2.0,44.0,0.883790224609375,False,PUT,2026-03-06,QUBT
QUBT260306P00010500,10.5,1.28,1.11,1.33,2.0,80.0,0.87695435546875,True,PUT,2026-03-06,QUBT
QUBT260306P00011000,11.0,1.18,1.4,1.52,4.0,11.0,0.8300798242187499,True,PUT,2026-03-06,QUBT
QUBT260306P00011500,11.5,1.61,1.73,1.94,20.0,36.0,0.86132951171875,True,PUT,2026-03-06,QUBT
QUBT260306P00012000,12.0,2.1,2.09,2.29,12.0,20.0,0.85742330078125,True,PUT,2026-03-06,QUBT
QUBT260320C00008000,8.0,4.79,2.6,3.9,,1.0,1.3476595117187498,True,CALL,2026-03-20,QUBT
QUBT260320C00009000,9.0,2.4,2.2,2.6,29.0,24.0,1.12891060546875,True,CALL,2026-03-20,QUBT
QUBT260320C00010000,10.0,1.73,1.66,1.71,8.0,68.0,0.98437515625,True,CALL,2026-03-20,QUBT
QUBT260320C00011000,11.0,1.2,1.24,1.29,186.0,470.0,0.981445498046875,False,CALL,2026-03-20,QUBT
QUBT260320C00012000,12.0,0.99,0.93,0.96,49.0,484.0,0.98242205078125,False,CALL,2026-03-20,QUBT
QUBT260320C00013000,13.0,0.72,0.68,0.72,62.0,385.0,0.98437515625,False,CALL,2026-03-20,QUBT
QUBT260320P00008000,8.0,0.39,0.37,0.41,77.0,68.0,0.9082040429687499,False,PUT,2026-03-20,QUBT
QUBT260320P00009000,9.0,0.7,0.67,0.71,194.0,686.0,0.8789074609374999,False,PUT,2026-03-20,QUBT
QUBT260320P00010000,10.0,1.18,1.1,1.16,279.0,849.0,0.867188828125,False,PUT,2026-03-20,QUBT
QUBT260320P00011000,11.0,1.66,1.66,1.71,280.0,510.0,0.852540537109375,True,PUT,2026-03-20,QUBT
QUBT260320P00012000,12.0,2.37,2.34,2.38,28.0,439.0,0.8457046679687499,True,PUT,2026-03-20,QUBT
QUBT260320P00013000,13.0,3.23,3.05,3.25,1.0,390.0,0.860352958984375,True,PUT,2026-03-20,QUBT
QUBT260417C00008000,8.0,3.55,3.1,3.3,1.0,354.0,1.0478563232421876,True,CALL,2026-04-17,QUBT
QUBT260417C00009000,9.0,2.66,2.52,2.61,21.0,176.0,1.0068409033203123,True,CALL,2026-04-17,QUBT
QUBT260417C00010000,10.0,2.09,1.99,2.1,101.0,1974.0,0.9863282617187501,True,CALL,2026-04-17,QUBT
QUBT260417C00011000,11.0,1.6,1.6,1.68,201.0,2021.0,0.983398603515625,False,CALL,2026-04-17,QUBT
QUBT260417C00012000,12.0,1.35,1.26,1.37,149.0,4361.0,0.98437515625,False,CALL,2026-04-17,QUBT
QUBT260417C00013000,13.0,1.08,1.01,1.11,87.0,3733.0,0.9882813671875,False,CALL,2026-04-17,QUBT
QUBT260417P00008000,8.0,0.59,0.58,0.63,29.0,2078.0,0.8945323046874999,False,PUT,2026-04-17,QUBT
QUBT260417P00009000,9.0,1.0,0.95,1.0,112.0,2528.0,0.8808605664062499,False,PUT,2026-04-17,QUBT
QUBT260417P00010000,10.0,1.47,1.43,1.48,65.0,4794.0,0.8720715917968749,False,PUT,2026-04-17,QUBT
QUBT260417P00011000,11.0,2.06,2.0,2.08,79.0,5720.0,0.86914193359375,True,PUT,2026-04-17,QUBT
QUBT260417P00012000,12.0,2.77,2.67,2.75,101.0,2329.0,0.866212275390625,True,PUT,2026-04-17,QUBT
QUBT260417P00013000,13.0,3.5,3.35,3.5,39.0,5116.0,0.84961087890625,True,PUT,2026-04-17,QUBT
QUBT260717C00008000,8.0,3.93,3.65,4.45,2.0,32.0,1.1084028955078127,True,CALL,2026-07-17,QUBT
QUBT260717C00009000,9.0,3.4,3.25,3.4,24.0,190.0,0.9970703417968749,True,CALL,2026-07-17,QUBT
QUBT260717C00010000,10.0,2.95,2.8,3.15,11.0,312.0,1.0224658251953125,True,CALL,2026-07-17,QUBT
QUBT260717C00011000,11.0,2.53,2.42,2.55,13.0,251.0,0.97460962890625,False,CALL,2026-07-17,QUBT
QUBT260717C00012000,12.0,2.53,2.05,2.52,11.0,676.0,1.0146533642578124,False,CALL,2026-07-17,QUBT
QUBT260717C00013000,13.0,2.0,1.82,2.17,29.0,317.0,1.0078174609375,False,CALL,2026-07-17,QUBT
QUBT260717P00008000,8.0,1.14,1.15,1.2,23.0,587.0,0.8808605664062499,False,PUT,2026-07-17,QUBT
QUBT260717P00009000,9.0,1.67,1.59,1.74,8.0,1144.0,0.8823253955078124,False,PUT,2026-07-17,QUBT
QUBT260717P00010000,10.0,2.22,2.14,2.36,2.0,2124.0,0.8916026464843749,False,PUT,2026-07-17,QUBT
QUBT260717P00011000,11.0,2.8,2.68,2.95,26.0,779.0,0.86914193359375,True,PUT,2026-07-17,QUBT
QUBT260717P00012000,12.0,3.25,3.35,3.6,13.0,816.0,0.8623060644531251,True,PUT,2026-07-17,QUBT
QUBT260717P00013000,13.0,3.85,4.1,4.4,18.0,70.0,0.8789074609374999,True,PUT,2026-07-17,QUBT
QUBT270115C00008000,8.0,5.0,4.7,4.9,9.0,1552.0,1.0127002490234376,True,CALL,2027-01-15,QUBT
QUBT270115C00010000,10.0,3.95,3.9,4.25,42.0,3040.0,1.0127002490234376,True,CALL,2027-01-15,QUBT
QUBT270115C00012000,12.0,3.4,3.25,3.55,55.0,2646.0,0.9877930908203125,False,CALL,2027-01-15,QUBT
QUBT270115P00008000,8.0,2.0,1.97,2.08,23.0,3993.0,0.8842785009765625,False,PUT,2027-01-15,QUBT
QUBT270115P00010000,10.0,3.15,3.05,3.3,190.0,5633.0,0.8676771044921875,False,PUT,2027-01-15,QUBT
QUBT270115P00012000,12.0,4.5,4.4,4.6,2.0,2931.0,0.8544936425781251,True,PUT,2027-01-15,QUBT
QUBT280121C00008000,8.0,6.75,5.0,6.85,8.0,455.0,0.9750979052734375,True,CALL,2028-01-21,QUBT
QUBT280121C00010000,10.0,5.37,5.3,5.75,23.0,1864.0,1.0112354125976561,True,CALL,2028-01-21,QUBT
QUBT280121C00013000,13.0,4.75,4.5,4.95,6.0,886.0,0.9819337744140625,False,CALL,2028-01-21,QUBT
QUBT280121P00008000,8.0,2.94,2.82,3.15,30.0,380.0,0.8383805224609374,False,PUT,2028-01-21,QUBT
QUBT280121P00010000,10.0,4.29,4.2,4.5,68.0,1005.0,0.8398453515625,False,PUT,2028-01-21,QUBT
QUBT280121P00013000,13.0,6.25,6.1,6.8,3.0,664.0,0.8122577368164061,True,PUT,2028-01-21,QUBT
QURE260220C00019000,19.0,4.47,4.0,5.1,10.0,12.0,0.8964854101562498,True,CALL,2026-02-20,QURE
QURE260220C00020000,20.0,5.81,3.3,4.4,1.0,26.0,0.9160164648437501,True,CALL,2026-02-20,QURE
QURE260220C00021000,21.0,5.35,2.7,3.3,22.0,142.0,0.8173846386718748,True,CALL,2026-02-20,QURE
QURE260220C00022000,22.0,4.2,2.45,2.65,20.0,195.0,0.8828136718749999,True,CALL,2026-02-20,QURE
QURE260220C00023000,23.0,2.16,1.9,2.2,5.0,237.0,0.8823253955078124,True,CALL,2026-02-20,QURE
QURE260220C00024000,24.0,1.7,1.55,1.95,194.0,594.0,0.9345709667968749,False,CALL,2026-02-20,QURE
QURE260220C00025000,25.0,1.5,1.4,1.6,87.0,433.0,0.9804689453125001,False,CALL,2026-02-20,QURE
QURE260220C00026000,26.0,1.23,1.1,1.5,8.0,311.0,1.0253954980468751,False,CALL,2026-02-20,QURE
QURE260220C00027000,27.0,1.6,0.85,1.5,3.0,402.0,1.0859420703125,False,CALL,2026-02-20,QURE
QURE260220C00028000,28.0,0.9,0.8,1.0,4.0,71.0,1.0556687841796877,False,CALL,2026-02-20,QURE
QURE260220C00029000,29.0,1.87,0.65,1.25,6.0,64.0,1.1787150439453122,False,CALL,2026-02-20,QURE
QURE260220P00017000,17.0,0.18,0.0,0.75,3.0,30.0,1.1035201074218752,False,PUT,2026-02-20,QURE
QURE260220P00018000,18.0,0.3,0.15,0.4,2.0,100.0,0.85937640625,False,PUT,2026-02-20,QURE
QURE260220P00019000,19.0,0.35,0.2,0.5,5.0,204.0,0.77929908203125,False,PUT,2026-02-20,QURE
QURE260220P00020000,20.0,0.6,0.45,0.75,26.0,275.0,0.7949239257812499,False,PUT,2026-02-20,QURE
QURE260220P00021000,21.0,0.87,0.7,1.0,13.0,442.0,0.7617211328125001,False,PUT,2026-02-20,QURE
QURE260220P00022000,22.0,1.5,0.95,1.4,2.0,586.0,0.729494892578125,False,PUT,2026-02-20,QURE
QURE260220P00023000,23.0,1.85,1.7,1.95,11.0,371.0,0.8017597949218749,False,PUT,2026-02-20,QURE
QURE260220P00024000,24.0,2.36,2.1,2.75,1.0,202.0,0.8110370458984374,True,PUT,2026-02-20,QURE
QURE260220P00025000,25.0,3.4,2.7,3.8,104.0,332.0,0.8867198828124999,True,PUT,2026-02-20,QURE
QURE260220P00026000,26.0,5.55,3.5,4.6,1.0,19.0,0.92773509765625,True,PUT,2026-02-20,QURE
QURE260220P00027000,27.0,6.52,4.6,5.2,2.0,32.0,0.971679970703125,True,PUT,2026-02-20,QURE
QURE260220P00028000,28.0,5.38,5.1,6.5,3.0,25.0,1.0244189404296877,True,PUT,2026-02-20,QURE
QURE260220P00029000,29.0,5.7,6.1,7.2,70.0,101.0,1.0351610742187503,True,PUT,2026-02-20,QURE
QURE260320C00022000,22.0,5.6,7.0,9.8,,5.0,2.4238320654296874,True,CALL,2026-03-20,QURE
QURE260320C00023000,23.0,5.7,6.7,9.4,119.0,228.0,2.4189492651367184,True,CALL,2026-03-20,QURE
QURE260320C00024000,24.0,7.33,6.5,9.2,1.0,160.0,2.4565468273925783,False,CALL,2026-03-20,QURE
QURE260320C00025000,25.0,7.55,6.3,7.2,1.0,65.0,2.209477132568359,False,CALL,2026-03-20,QURE
QURE260320C00026000,26.0,6.7,6.0,7.0,16.0,286.0,2.2231489733886716,False,CALL,2026-03-20,QURE
QURE260320C00027000,27.0,7.13,5.8,7.0,1.0,10.0,2.2768597766113277,False,CALL,2026-03-20,QURE
QURE260320C00028000,28.0,7.1,5.7,7.0,4.0,44.0,2.340336180419921,False,CALL,2026-03-20,QURE
QURE260320C00029000,29.0,5.9,5.4,7.0,18.0,17.0,2.3691447021484366,False,CALL,2026-03-20,QURE
QURE260320P00017000,17.0,2.8,2.6,5.0,11.0,18.0,2.2109419726562494,False,PUT,2026-03-20,QURE
QURE260320P00018000,18.0,3.2,3.2,5.6,3.0,8.0,2.236820814208984,False,PUT,2026-03-20,QURE
QURE260320P00019000,19.0,4.2,3.8,6.3,6.0,11.0,2.268559016113281,False,PUT,2026-03-20,QURE
QURE260320P00020000,20.0,4.97,4.4,7.0,10.0,228.0,2.2895550573730468,False,PUT,2026-03-20,QURE
QURE260320P00021000,21.0,4.8,5.0,7.7,2.0,55.0,2.3012737780761716,False,PUT,2026-03-20,QURE
QURE260320P00022000,22.0,6.13,5.7,8.4,1.0,64.0,2.3222698193359372,False,PUT,2026-03-20,QURE
QURE260320P00023000,23.0,6.46,6.4,9.2,13.0,51.0,2.3515666210937494,False,PUT,2026-03-20,QURE
QURE260320P00025000,25.0,7.9,7.9,10.7,6.0,86.0,2.3911173034667965,True,PUT,2026-03-20,QURE
QURE260320P00027000,27.0,9.1,9.4,12.2,,1.0,2.409183664550781,True,PUT,2026-03-20,QURE
QURE260320P00029000,29.0,10.1,10.5,13.8,2.0,13.0,2.3667033020019526,True,PUT,2026-03-20,QURE
QURE260417C00017000,17.0,6.46,9.5,11.4,10.0,4.0,1.970703271484375,True,CALL,2026-04-17,QURE
QURE260417C00018000,18.0,7.84,9.1,11.4,1.0,27.0,2.042973642578125,True,CALL,2026-04-17,QURE
QURE260417C00019000,19.0,12.75,0.0,0.0,10.0,9.0,1.0000000000000003e-05,True,CALL,2026-04-17,QURE
QURE260417C00020000,20.0,9.37,8.4,11.0,60.0,137.0,2.1103562866210934,True,CALL,2026-04-17,QURE
QURE260417C00021000,21.0,8.9,8.1,9.6,7.0,64.0,1.9741212231445315,True,CALL,2026-04-17,QURE
QURE260417C00022000,22.0,8.58,8.1,9.1,10.0,435.0,2.0009815600585936,True,CALL,2026-04-17,QURE
QURE260417C00023000,23.0,9.16,7.7,9.1,23.0,309.0,2.0346728820800783,True,CALL,2026-04-17,QURE
QURE260417C00024000,24.0,8.38,7.6,9.0,1.0,785.0,2.0888719653320305,False,CALL,2026-04-17,QURE
QURE260417C00025000,25.0,7.8,7.3,8.3,38.0,7437.0,2.036137722167969,False,CALL,2026-04-17,QURE
QURE260417C00026000,26.0,8.1,7.1,8.2,1.0,186.0,2.068852484130859,False,CALL,2026-04-17,QURE
QURE260417C00027000,27.0,8.23,6.6,8.0,4.0,333.0,2.047856442871094,False,CALL,2026-04-17,QURE
QURE260417C00028000,28.0,6.9,6.6,7.8,4.0,143.0,2.0854540051269526,False,CALL,2026-04-17,QURE
QURE260417C00029000,29.0,7.6,6.6,7.6,4.0,773.0,2.1196336071777337,False,CALL,2026-04-17,QURE
QURE260417P00017000,17.0,2.31,3.2,5.1,5.0,24.0,1.8876958740234375,False,PUT,2026-04-17,QURE
QURE260417P00018000,18.0,4.4,4.1,5.0,1.0,154.0,1.8427742236328122,False,PUT,2026-04-17,QURE
QURE260417P00019000,19.0,5.1,4.5,5.6,3.0,1000.0,1.8227547924804686,False,PUT,2026-04-17,QURE
QURE260417P00020000,20.0,5.45,5.0,5.9,1.0,1712.0,1.7700206811523436,False,PUT,2026-04-17,QURE
QURE260417P00021000,21.0,5.0,5.8,7.0,5.0,114.0,1.8627936547851562,False,PUT,2026-04-17,QURE
QURE260417P00022000,22.0,7.3,6.4,9.2,14.0,380.0,2.0654345239257808,False,PUT,2026-04-17,QURE
QURE260417P00023000,23.0,6.7,7.1,9.9,3.0,295.0,2.0717821643066405,False,PUT,2026-04-17,QURE
QURE260417P00024000,24.0,8.6,8.1,9.4,10.0,425.0,1.9584963012695313,True,PUT,2026-04-17,QURE
QURE260417P00025000,25.0,8.6,8.6,11.4,2.0,567.0,2.097172725830078,True,PUT,2026-04-17,QURE
QURE260417P00026000,26.0,8.8,9.4,12.2,13.0,182.0,2.1162156469726563,True,PUT,2026-04-17,QURE
QURE260417P00027000,27.0,9.7,10.0,13.0,1.0,124.0,2.107426606445312,True,PUT,2026-04-17,QURE
QURE260417P00028000,28.0,10.4,10.5,13.7,1.0,123.0,2.0708056042480467,True,PUT,2026-04-17,QURE
QURE260417P00029000,29.0,10.6,11.5,13.0,4.0,139.0,1.9252933422851561,True,PUT,2026-04-17,QURE
QURE260717C00017000,17.0,11.2,10.0,12.7,1.0,2.0,1.541017919921875,True,CALL,2026-07-17,QURE
QURE260717C00018000,18.0,11.0,10.0,12.7,1.0,2.0,1.6259784326171873,True,CALL,2026-07-17,QURE
QURE260717C00019000,19.0,7.5,9.3,12.5,,1.0,1.607423837890625,True,CALL,2026-07-17,QURE
QURE260717C00020000,20.0,8.76,9.1,12.1,2.0,32.0,1.6167011352539062,True,CALL,2026-07-17,QURE
QURE260717C00021000,21.0,7.38,8.5,11.8,1.0,2.0,1.5927754736328121,True,CALL,2026-07-17,QURE
QURE260717C00022000,22.0,9.9,8.5,11.4,20.0,30.0,1.6147480200195314,True,CALL,2026-07-17,QURE
QURE260717C00023000,23.0,7.5,7.5,11.0,67.0,83.0,1.5407737805175783,True,CALL,2026-07-17,QURE
QURE260717C00024000,24.0,9.71,7.5,10.9,46.0,51.0,1.5844747338867182,False,CALL,2026-07-17,QURE
QURE260717C00025000,25.0,9.5,7.5,10.4,15.0,202.0,1.588869243164062,False,CALL,2026-07-17,QURE
QURE260717C00026000,26.0,9.48,6.7,10.2,2.0,51.0,1.5476096838378903,False,CALL,2026-07-17,QURE
QURE260717C00027000,27.0,6.49,6.7,10.1,6.0,11.0,1.5827657580566403,False,CALL,2026-07-17,QURE
QURE260717C00028000,28.0,7.7,6.7,9.9,10.0,13.0,1.6066914196777344,False,CALL,2026-07-17,QURE
QURE260717P00017000,17.0,3.15,4.0,6.5,1.0,3.0,1.5280785314941405,False,PUT,2026-07-17,QURE
QURE260717P00018000,18.0,5.0,4.6,7.1,1.0,19.0,1.5278343920898436,False,PUT,2026-07-17,QURE
QURE260717P00019000,19.0,5.7,5.1,7.7,3.0,49.0,1.513186027832031,False,PUT,2026-07-17,QURE
QURE260717P00020000,20.0,5.75,5.8,8.4,5.0,16.0,1.5253929980468748,False,PUT,2026-07-17,QURE
QURE260717P00021000,21.0,7.8,6.8,7.8,5.0,6.0,1.4379910913085938,False,PUT,2026-07-17,QURE
QURE260717P00022000,22.0,6.62,7.5,9.7,4.0,122.0,1.556398702392578,False,PUT,2026-07-17,QURE
QURE260717P00023000,23.0,7.3,7.8,10.3,1.0,9.0,1.51172119140625,False,PUT,2026-07-17,QURE
QURE260717P00025000,25.0,8.63,9.1,11.7,10.0,105.0,1.4992700817871092,True,PUT,2026-07-17,QURE
QURE260717P00026000,26.0,9.6,8.8,12.8,3.0,4.0,1.4428738793945315,True,PUT,2026-07-17,QURE
QURE260717P00027000,27.0,10.5,10.3,13.4,1.0,9.0,1.495607990722656,True,PUT,2026-07-17,QURE
QURE260717P00028000,28.0,11.2,11.1,14.1,10.0,14.0,1.4951197119140622,True,PUT,2026-07-17,QURE
QURE260717P00029000,29.0,10.2,11.8,14.8,13.0,15.0,1.4848658569335935,True,PUT,2026-07-17,QURE
QURE270115C00017000,17.0,14.15,11.3,14.7,4.0,51.0,1.3330111474609372,True,CALL,2027-01-15,QURE
QURE270115C00020000,20.0,12.33,10.3,13.6,20.0,783.0,1.3168979467773436,True,CALL,2027-01-15,QURE
QURE270115C00022000,22.0,11.5,9.8,13.3,6.0,109.0,1.3403353295898435,True,CALL,2027-01-15,QURE
QURE270115C00025000,25.0,10.72,9.0,12.4,8.0,321.0,1.3271518017578123,False,CALL,2027-01-15,QURE
QURE270115C00027000,27.0,9.7,8.5,11.9,2.0,176.0,1.3217807348632813,False,CALL,2027-01-15,QURE
QURE270115P00017000,17.0,5.3,4.1,8.1,6.0,17.0,1.1948282446289062,False,PUT,2027-01-15,QURE
QURE270115P00020000,20.0,7.81,6.2,9.7,2.0,634.0,1.1787150439453122,False,PUT,2027-01-15,QURE
QURE270115P00022000,22.0,8.8,7.6,11.5,1.0,12.0,1.2080117724609374,False,PUT,2027-01-15,QURE
QURE270115P00025000,25.0,10.22,10.0,12.0,10.0,52.0,1.1157270776367185,True,PUT,2027-01-15,QURE
QURE270115P00027000,27.0,9.8,11.3,14.8,1.0,53.0,1.18359783203125,True,PUT,2027-01-15,QURE
QURE280121C00017000,17.0,15.3,13.1,17.5,3.0,26.0,1.2109414453124998,True,CALL,2028-01-21,QURE
QURE280121C00020000,20.0,16.46,12.1,16.5,2.0,111.0,1.1760295104980467,True,CALL,2028-01-21,QURE
QURE280121C00022000,22.0,13.24,11.7,16.5,2.0,14.0,1.203128984375,True,CALL,2028-01-21,QURE
QURE280121C00025000,25.0,13.07,11.0,15.5,2.0,27.0,1.175297092285156,False,CALL,2028-01-21,QURE
QURE280121C00027000,27.0,13.0,10.6,15.0,1.0,13.0,1.1669963525390625,False,CALL,2028-01-21,QURE
QURE280121P00020000,20.0,9.05,7.5,12.5,5.0,81.0,1.0344286560058595,False,PUT,2028-01-21,QURE
QURE280121P00022000,22.0,10.91,9.0,14.0,1.0,12.0,1.0351610742187503,False,PUT,2028-01-21,QURE
QURE280121P00025000,25.0,13.05,11.0,16.0,4.0,15.0,1.0051319274902344,True,PUT,2028-01-21,QURE
QURE280121P00027000,27.0,8.8,11.3,15.5,,0.0,0.8562026098632812,True,PUT,2028-01-21,QURE
QXO260130C00017000,17.0,6.45,5.1,6.9,2.0,0.0,3.13281466796875,True,CALL,2026-01-30,QXO
QXO260130C00018500,18.5,5.0,3.7,5.3,1.0,1.0,2.42969142578125,True,CALL,2026-01-30,QXO
QXO260130C00019000,19.0,5.2,3.4,4.4,5.0,6.0,1.859375703125,True,CALL,2026-01-30,QXO
QXO260130C00019500,19.5,3.56,2.9,3.8,1.0,6.0,1.453127734375,True,CALL,2026-01-30,QXO
QXO260130C00020000,20.0,2.98,2.4,3.4,1.0,9.0,1.4453152734375,True,CALL,2026-01-30,QXO
QXO260130C00020500,20.5,2.58,1.9,3.0,1.0,11.0,1.3828155859374998,True,CALL,2026-01-30,QXO
QXO260130C00021000,21.0,3.81,1.45,2.6,5.0,55.0,1.3359408203124996,True,CALL,2026-01-30,QXO
QXO260130C00021500,21.5,2.8,0.95,2.1,5.0,46.0,1.09375453125,True,CALL,2026-01-30,QXO
QXO260130C00022000,22.0,1.9,0.55,1.6,3.0,61.0,0.9257819921875,True,CALL,2026-01-30,QXO
QXO260130C00022500,22.5,1.59,0.25,1.0,1.0,57.0,0.710940390625,True,CALL,2026-01-30,QXO
QXO260130C00023000,23.0,0.18,0.05,0.25,6.0,244.0,0.5195360546875,False,CALL,2026-01-30,QXO
QXO260130C00023500,23.5,0.1,0.05,0.15,6.0,71.0,0.5117236328125,False,CALL,2026-01-30,QXO
QXO260130C00024000,24.0,0.05,0.0,0.1,33.0,2133.0,0.570316796875,False,CALL,2026-01-30,QXO
QXO260130C00024500,24.5,0.05,0.0,0.1,7.0,230.0,0.7226590234375,False,CALL,2026-01-30,QXO
QXO260130C00025000,25.0,0.02,0.0,0.05,8.0,1822.0,0.7500025,False,CALL,2026-01-30,QXO
QXO260130C00025500,25.5,0.05,0.0,0.05,6.0,114.0,0.87500125,False,CALL,2026-01-30,QXO
QXO260130C00026000,26.0,0.05,0.0,0.1,31.0,167.0,1.1328168359375002,False,CALL,2026-01-30,QXO
QXO260130C00026500,26.5,0.06,0.0,0.55,1.0,1.0,1.96484392578125,False,CALL,2026-01-30,QXO
QXO260130C00027000,27.0,0.05,0.0,0.55,2.0,218.0,2.1210984472656245,False,CALL,2026-01-30,QXO
QXO260130C00028000,28.0,0.17,0.0,0.25,1.0,13.0,1.953125234375,False,CALL,2026-01-30,QXO
QXO260130C00029000,29.0,0.2,0.0,0.05,,6.0,1.625001875,False,CALL,2026-01-30,QXO
QXO260130P00016500,16.5,0.27,0.0,0.15,1.0,1.0,2.6250034375,False,PUT,2026-01-30,QXO
QXO260130P00017000,17.0,0.3,0.0,0.15,12.0,212.0,2.4218789453125,False,PUT,2026-01-30,QXO
QXO260130P00017500,17.5,0.25,0.0,0.15,1.0,1.0,2.2187544531249994,False,PUT,2026-01-30,QXO
QXO260130P00018000,18.0,0.45,0.0,0.1,17.0,17.0,1.859375703125,False,PUT,2026-01-30,QXO
QXO260130P00018500,18.5,0.26,0.0,0.2,,1.0,1.953125234375,False,PUT,2026-01-30,QXO
QXO260130P00019000,19.0,0.04,0.0,0.15,3.0,53.0,1.640626796875,False,PUT,2026-01-30,QXO
QXO260130P00019500,19.5,0.33,0.0,0.15,2.0,123.0,1.453127734375,False,PUT,2026-01-30,QXO
QXO260130P00020000,20.0,0.1,0.0,0.05,1.0,506.0,0.992187578125,False,PUT,2026-01-30,QXO
QXO260130P00020500,20.5,0.75,0.0,0.05,1.0,2.0,0.8437515624999999,False,PUT,2026-01-30,QXO
QXO260130P00021000,21.0,0.05,0.0,0.05,30.0,4035.0,0.6796907031250001,False,PUT,2026-01-30,QXO
QXO260130P00021500,21.5,0.05,0.0,0.1,5.0,633.0,0.6171913281250001,False,PUT,2026-01-30,QXO
QXO260130P00022000,22.0,0.05,0.0,0.15,10.0,380.0,0.6523472265625001,False,PUT,2026-01-30,QXO
QXO260130P00022500,22.5,0.3,0.05,0.35,1.0,178.0,0.710940390625,False,PUT,2026-01-30,QXO
QXO260130P00023000,23.0,0.48,0.4,0.6,61.0,649.0,0.5585981640625001,True,PUT,2026-01-30,QXO
QXO260130P00023500,23.5,0.87,0.75,1.05,14.0,221.0,0.6543003320312502,True,PUT,2026-01-30,QXO
QXO260130P00024000,24.0,1.0,1.25,1.55,1.0,1320.0,0.867188828125,True,PUT,2026-01-30,QXO
QXO260130P00024500,24.5,0.7,1.0,2.15,27.0,36.0,1.5390648046875,True,PUT,2026-01-30,QXO
QXO260130P00025000,25.0,2.05,1.5,2.55,1.0,91.0,1.5546897265624997,True,PUT,2026-01-30,QXO
QXO260130P00025500,25.5,2.25,1.75,3.1,,0.0,1.8437507812499998,True,PUT,2026-01-30,QXO
QXO260130P00026000,26.0,2.3,2.3,3.6,8.0,45.0,2.019536201171875,True,PUT,2026-01-30,QXO
QXO260130P00027000,27.0,2.7,3.3,4.6,,0.0,2.3515666210937494,True,PUT,2026-01-30,QXO
QXO260206C00017000,17.0,6.65,5.4,6.9,,2.0,1.71875140625,True,CALL,2026-02-06,QXO
QXO260206C00019500,19.5,3.6,2.95,4.3,5.0,4.0,1.08203583984375,True,CALL,2026-02-06,QXO
QXO260206C00020000,20.0,3.8,2.5,3.6,1.0,6.0,0.8808605664062499,True,CALL,2026-02-06,QXO
QXO260206C00020500,20.5,5.62,2.1,3.1,,2.0,0.8203142968749999,True,CALL,2026-02-06,QXO
QXO260206C00021000,21.0,2.66,1.65,2.55,28.0,10.0,0.70312796875,True,CALL,2026-02-06,QXO
QXO260206C00021500,21.5,2.08,1.25,1.95,1.0,27.0,0.5820354296875,True,CALL,2026-02-06,QXO
QXO260206C00022000,22.0,1.38,0.85,1.75,2.0,5.0,0.6113320117187502,True,CALL,2026-02-06,QXO
QXO260206C00022500,22.5,0.82,0.6,0.85,15.0,6.0,0.49609878906250005,True,CALL,2026-02-06,QXO
QXO260206C00023000,23.0,0.56,0.4,0.85,1.0,151.0,0.5107470800781251,False,CALL,2026-02-06,QXO
QXO260206C00023500,23.5,0.55,0.25,0.5,10.0,14.0,0.56055126953125,False,CALL,2026-02-06,QXO
QXO260206C00024000,24.0,0.2,0.15,0.4,7.0,116.0,0.6015664843750002,False,CALL,2026-02-06,QXO
QXO260206C00024500,24.5,0.2,0.1,0.3,2.0,1024.0,0.523442265625,False,CALL,2026-02-06,QXO
QXO260206C00025000,25.0,0.1,0.05,0.2,3.0,162.0,0.523442265625,False,CALL,2026-02-06,QXO
QXO260206C00025500,25.5,0.4,0.05,0.15,70.0,127.0,0.56055126953125,False,CALL,2026-02-06,QXO
QXO260206C00026000,26.0,0.11,0.0,0.2,1.0,309.0,0.6289099609375001,False,CALL,2026-02-06,QXO
QXO260206C00026500,26.5,0.1,0.0,0.25,1.0,21.0,0.73437765625,False,CALL,2026-02-06,QXO
QXO260206C00027000,27.0,0.15,0.0,0.5,2.0,31.0,0.9707034179687499,False,CALL,2026-02-06,QXO
QXO260206C00027500,27.5,0.1,0.0,0.55,3.0,5.0,1.0703171484375003,False,CALL,2026-02-06,QXO
QXO260206C00028000,28.0,0.6,0.0,0.05,,6.0,0.6718782812500002,False,CALL,2026-02-06,QXO
QXO260206C00028500,28.5,0.17,0.0,0.05,,4.0,0.7187528125,False,CALL,2026-02-06,QXO
QXO260206P00016000,16.0,0.15,0.0,0.45,,10.0,1.7109389453125,False,PUT,2026-02-06,QXO
QXO260206P00018000,18.0,0.05,0.0,0.05,5.0,8.0,0.773439765625,False,PUT,2026-02-06,QXO
QXO260206P00018500,18.5,0.1,0.0,0.5,1.0,6.0,1.1816447167968749,False,PUT,2026-02-06,QXO
QXO260206P00019000,19.0,0.29,0.0,0.55,,1.0,1.1054732226562503,False,PUT,2026-02-06,QXO
QXO260206P00019500,19.5,0.3,0.0,0.55,,2.0,0.992187578125,False,PUT,2026-02-06,QXO
QXO260206P00020000,20.0,0.3,0.0,0.2,1.0,5.0,0.64062859375,False,PUT,2026-02-06,QXO
QXO260206P00020500,20.5,0.2,0.05,0.25,10.0,11.0,0.6210975390625001,False,PUT,2026-02-06,QXO
QXO260206P00021000,21.0,0.1,0.05,0.2,80.0,26.0,0.57617611328125,False,PUT,2026-02-06,QXO
QXO260206P00021500,21.5,0.2,0.05,0.3,20.0,54.0,0.56055126953125,False,PUT,2026-02-06,QXO
QXO260206P00022000,22.0,0.3,0.25,0.45,12.0,110.0,0.5546919531250001,False,PUT,2026-02-06,QXO
QXO260206P00022500,22.5,0.53,0.05,0.7,30.0,18.0,0.585941640625,False,PUT,2026-02-06,QXO
QXO260206P00023000,23.0,0.5,0.25,1.0,30.0,156.0,0.6162147753906251,True,PUT,2026-02-06,QXO
QXO260206P00023500,23.5,0.73,0.55,1.35,20.0,67.0,0.6513706738281251,True,PUT,2026-02-06,QXO
QXO260206P00024000,24.0,0.85,0.85,1.75,1.0,316.0,0.6992217578125001,True,PUT,2026-02-06,QXO
QXO260206P00024500,24.5,1.1,1.4,2.25,,1.0,0.807619111328125,True,PUT,2026-02-06,QXO
QXO260206P00025000,25.0,2.02,1.65,2.65,2.0,17.0,0.8242205078124999,True,PUT,2026-02-06,QXO
QXO260206P00025500,25.5,2.52,2.0,3.2,,3.0,0.9589847851562499,True,PUT,2026-02-06,QXO
QXO260206P00026000,26.0,2.47,2.4,3.7,4.0,4.0,1.0468797656250002,True,PUT,2026-02-06,QXO
QXO260206P00027500,27.5,4.05,3.7,5.2,2.0,2.0,1.2851598242187499,True,PUT,2026-02-06,QXO
QXO260206P00028500,28.5,5.36,4.7,6.2,,4.0,1.4296903515625,True,PUT,2026-02-06,QXO
QXO260213C00021000,21.0,2.75,1.7,2.7,,4.0,0.5976602734375001,True,CALL,2026-02-13,QXO
QXO260213C00021500,21.5,1.65,1.45,2.0,10.0,1.0,0.516606396484375,True,CALL,2026-02-13,QXO
QXO260213C00022000,22.0,1.68,1.15,1.85,2.0,6.0,0.5712933496093751,True,CALL,2026-02-13,QXO
QXO260213C00023000,23.0,1.1,0.65,1.4,1.0,52.0,0.5937540625000001,False,CALL,2026-02-13,QXO
QXO260213C00023500,23.5,0.68,0.5,0.85,1.0,147.0,0.51562984375,False,CALL,2026-02-13,QXO
QXO260213C00024000,24.0,0.5,0.15,0.65,3.0,252.0,0.594730615234375,False,CALL,2026-02-13,QXO
QXO260213C00024500,24.5,0.38,0.2,0.55,15.0,75.0,0.5136767382812499,False,CALL,2026-02-13,QXO
QXO260213C00025000,25.0,0.55,0.1,0.75,3.0,88.0,0.6171913281250001,False,CALL,2026-02-13,QXO
QXO260213C00025500,25.5,0.35,0.1,0.6,1.0,24.0,0.6337927246093751,False,CALL,2026-02-13,QXO
QXO260213C00026000,26.0,0.4,0.05,0.3,25.0,181.0,0.5507857421875001,False,CALL,2026-02-13,QXO
QXO260213C00026500,26.5,0.3,0.05,0.5,1.0,13.0,0.6953155468750001,False,CALL,2026-02-13,QXO
QXO260213C00027000,27.0,0.77,0.05,0.45,1.0,34.0,0.727541787109375,False,CALL,2026-02-13,QXO
QXO260213C00028000,28.0,0.19,0.0,0.5,6.0,11.0,0.8281267187499999,False,CALL,2026-02-13,QXO
QXO260213C00029000,29.0,0.07,0.0,0.55,10.0,15.0,0.94726615234375,False,CALL,2026-02-13,QXO
QXO260213P00018500,18.5,0.06,0.0,0.55,2.0,10.0,0.91211025390625,False,PUT,2026-02-13,QXO
QXO260213P00019000,19.0,0.09,0.0,0.2,2.0,7.0,0.6210975390625001,False,PUT,2026-02-13,QXO
QXO260213P00021000,21.0,0.3,0.2,0.35,33.0,40.0,0.5449264257812501,False,PUT,2026-02-13,QXO
QXO260213P00021500,21.5,0.35,0.3,0.5,50.0,24.0,0.5478560839843751,False,PUT,2026-02-13,QXO
QXO260213P00022000,22.0,0.48,0.5,0.7,14.0,22.0,0.5009815527343751,False,PUT,2026-02-13,QXO
QXO260213P00022500,22.5,0.67,0.7,0.95,14.0,105.0,0.50586431640625,False,PUT,2026-02-13,QXO
QXO260213P00023000,23.0,0.74,0.95,1.2,17.0,46.0,0.5019581054687501,True,PUT,2026-02-13,QXO
QXO260213P00023500,23.5,1.38,1.25,1.65,12.0,208.0,0.5429733203125001,True,PUT,2026-02-13,QXO
QXO260213P00024000,24.0,1.3,1.45,2.05,2.0,31.0,0.524418818359375,True,PUT,2026-02-13,QXO
QXO260213P00024500,24.5,1.45,1.75,2.35,1.0,7.0,0.6650424121093752,True,PUT,2026-02-13,QXO
QXO260213P00025000,25.0,1.83,1.85,2.85,2.0,43.0,0.7421900781249999,True,PUT,2026-02-13,QXO
QXO260213P00029000,29.0,5.46,5.1,6.7,2.0,2.0,1.123051259765625,True,PUT,2026-02-13,QXO
QXO260220C00016000,16.0,8.7,6.5,8.0,2.0,18.0,1.3339877050781246,True,CALL,2026-02-20,QXO
QXO260220C00017000,17.0,6.85,5.5,7.0,10.0,645.0,1.1640666796875,True,CALL,2026-02-20,QXO
QXO260220C00018000,18.0,5.0,4.6,5.9,2.0,200.0,1.000005,True,CALL,2026-02-20,QXO
QXO260220C00019000,19.0,4.98,3.5,4.5,5.0,435.0,0.648441015625,True,CALL,2026-02-20,QXO
QXO260220C00020000,20.0,3.15,2.7,3.3,5.0,910.0,0.5136767382812499,True,CALL,2026-02-20,QXO
QXO260220C00021000,21.0,2.23,1.9,2.55,35.0,869.0,0.5117236328125,True,CALL,2026-02-20,QXO
QXO260220C00022000,22.0,1.87,1.3,2.1,19.0,1310.0,0.569340244140625,True,CALL,2026-02-20,QXO
QXO260220C00023000,23.0,0.97,0.8,1.15,2.0,2484.0,0.5498091894531252,False,CALL,2026-02-20,QXO
QXO260220C00023500,23.5,0.89,0.55,1.05,2.0,211.0,0.5971719970703125,False,CALL,2026-02-20,QXO
QXO260220C00024000,24.0,0.74,0.5,0.7,9.0,861.0,0.5195360546875,False,CALL,2026-02-20,QXO
QXO260220C00024500,24.5,0.45,0.3,0.6,2.0,91.0,0.5419967675781252,False,CALL,2026-02-20,QXO
QXO260220C00025000,25.0,0.4,0.3,0.45,64.0,3030.0,0.5283250292968751,False,CALL,2026-02-20,QXO
QXO260220C00025500,25.5,0.6,0.1,0.8,4.0,23.0,0.585941640625,False,CALL,2026-02-20,QXO
QXO260220C00026000,26.0,0.25,0.15,0.35,24.0,1442.0,0.51562984375,False,CALL,2026-02-20,QXO
QXO260220C00026500,26.5,0.44,0.05,0.6,10.0,10.0,0.6132851171875001,False,CALL,2026-02-20,QXO
QXO260220C00027000,27.0,0.24,0.15,0.3,416.0,1760.0,0.58789474609375,False,CALL,2026-02-20,QXO
QXO260220C00028000,28.0,0.23,0.05,0.45,20.0,222.0,0.6914093359375001,False,CALL,2026-02-20,QXO
QXO260220C00028500,28.5,0.25,0.05,0.5,,6.0,0.75195560546875,False,CALL,2026-02-20,QXO
QXO260220C00029000,29.0,0.06,0.0,0.2,5.0,224.0,0.6152382226562501,False,CALL,2026-02-20,QXO
QXO260220P00016000,16.0,0.05,0.0,0.45,10.0,4965.0,1.0703171484375003,False,PUT,2026-02-20,QXO
QXO260220P00017000,17.0,0.1,0.05,0.2,4.0,545.0,0.79687703125,False,PUT,2026-02-20,QXO
QXO260220P00018000,18.0,0.08,0.0,0.25,4.0,1691.0,0.6699251757812501,False,PUT,2026-02-20,QXO
QXO260220P00019000,19.0,0.12,0.05,0.2,1.0,4953.0,0.5468795312500001,False,PUT,2026-02-20,QXO
QXO260220P00020000,20.0,0.24,0.15,0.3,16.0,481.0,0.5136767382812499,False,PUT,2026-02-20,QXO
QXO260220P00021000,21.0,0.33,0.15,0.5,2.0,5350.0,0.5400436621093752,False,PUT,2026-02-20,QXO
QXO260220P00022000,22.0,0.74,0.5,0.85,68.0,297.0,0.5351608984375,False,PUT,2026-02-20,QXO
QXO260220P00022500,22.5,0.89,0.75,1.15,11.0,53.0,0.5664105859375,False,PUT,2026-02-20,QXO
QXO260220P00023000,23.0,1.13,0.95,1.3,2.0,3145.0,0.516606396484375,True,PUT,2026-02-20,QXO
QXO260220P00023500,23.5,1.6,1.4,1.85,4.0,357.0,0.5302781347656251,True,PUT,2026-02-20,QXO
QXO260220P00024000,24.0,1.8,1.7,2.0,12.0,1425.0,0.5537154003906251,True,PUT,2026-02-20,QXO
QXO260220P00025000,25.0,2.52,2.15,2.85,1.0,131.0,0.6191444335937502,True,PUT,2026-02-20,QXO
QXO260220P00026000,26.0,3.02,2.85,3.8,2.0,196.0,0.709963837890625,True,PUT,2026-02-20,QXO
QXO260220P00027000,27.0,2.45,3.7,4.7,2.0,4.0,0.7568383691406251,True,PUT,2026-02-20,QXO
QXO260220P00029000,29.0,3.4,5.2,6.6,1.0,1.0,0.867188828125,True,PUT,2026-02-20,QXO
QXO260227C00022000,22.0,2.6,1.6,2.4,2.0,124.0,0.6191444335937502,True,CALL,2026-02-27,QXO
QXO260227C00022500,22.5,2.53,1.3,1.9,1.0,149.0,0.5634809277343751,True,CALL,2026-02-27,QXO
QXO260227C00023000,23.0,2.25,1.05,1.8,3.0,123.0,0.586918193359375,False,CALL,2026-02-27,QXO
QXO260227C00023500,23.5,1.11,0.85,1.4,3.0,17.0,0.551762294921875,False,CALL,2026-02-27,QXO
QXO260227C00024000,24.0,1.03,0.7,1.3,6.0,17.0,0.5747112841796875,False,CALL,2026-02-27,QXO
QXO260227C00024500,24.5,0.8,0.55,1.0,10.0,102.0,0.5483443603515626,False,CALL,2026-02-27,QXO
QXO260227C00025000,25.0,0.8,0.45,1.05,30.0,46.0,0.596683720703125,False,CALL,2026-02-27,QXO
QXO260227C00025500,25.5,2.4,0.35,1.0,,2.0,0.6181678808593751,False,CALL,2026-02-27,QXO
QXO260227C00026000,26.0,0.6,0.3,0.85,19.0,55.0,0.622074091796875,False,CALL,2026-02-27,QXO
QXO260227C00026500,26.5,0.4,0.2,0.7,,2.0,0.6054726953125001,False,CALL,2026-02-27,QXO
QXO260227C00027000,27.0,0.33,0.15,0.45,1.0,110.0,0.5634809277343751,False,CALL,2026-02-27,QXO
QXO260227C00027500,27.5,1.1,0.05,0.6,,1.0,0.6171913281250001,False,CALL,2026-02-27,QXO
QXO260227C00029000,29.0,0.3,0.05,0.5,1.0,10.0,0.692385888671875,False,CALL,2026-02-27,QXO
QXO260227P00019000,19.0,0.2,0.05,0.5,100.0,106.0,0.6054726953125001,False,PUT,2026-02-27,QXO
QXO260227P00020000,20.0,0.4,0.05,0.75,3.0,6.0,0.5576216113281252,False,PUT,2026-02-27,QXO
QXO260227P00021000,21.0,0.45,0.5,0.85,1.0,21.0,0.5546919531250001,False,PUT,2026-02-27,QXO
QXO260227P00021500,21.5,0.6,0.65,0.9,2.0,9.0,0.5205126074218749,False,PUT,2026-02-27,QXO
QXO260227P00022000,22.0,0.9,0.9,1.1,3.0,138.0,0.5288133056640626,False,PUT,2026-02-27,QXO
QXO260227P00022500,22.5,0.88,1.05,1.45,1.0,7.0,0.5351608984375,False,PUT,2026-02-27,QXO
QXO260227P00023000,23.0,0.7,1.35,1.6,2.0,153.0,0.5195360546875,True,PUT,2026-02-27,QXO
QXO260227P00023500,23.5,1.3,1.65,2.0,10.0,18.0,0.5419967675781252,True,PUT,2026-02-27,QXO
QXO260227P00024000,24.0,1.55,1.95,2.3,1.0,28.0,0.5351608984375,True,PUT,2026-02-27,QXO
QXO260227P00025000,25.0,2.07,2.0,3.2,16.0,21.0,0.6904327832031252,True,PUT,2026-02-27,QXO
QXO260227P00026000,26.0,2.0,2.9,4.0,,2.0,0.7138700488281251,True,PUT,2026-02-27,QXO
QXO260306C00022000,22.0,4.5,1.7,2.55,,1.0,0.6020547607421877,True,CALL,2026-03-06,QXO
QXO260306P00020500,20.5,0.5,0.2,0.9,1.0,1.0,0.5117236328125,False,PUT,2026-03-06,QXO
QXO260306P00022000,22.0,0.92,0.65,1.3,1.0,1.0,0.5839885351562499,False,PUT,2026-03-06,QXO
QXO260320C00016000,16.0,8.3,6.6,8.1,5.0,8.0,0.95507857421875,True,CALL,2026-03-20,QXO
QXO260320C00017000,17.0,7.19,5.7,6.8,3.0,91.0,0.7812521875,True,CALL,2026-03-20,QXO
QXO260320C00018000,18.0,5.21,4.9,5.5,1.0,435.0,0.6455113574218749,True,CALL,2026-03-20,QXO
QXO260320C00019000,19.0,5.26,4.0,5.0,1.0,626.0,0.6757844921875001,True,CALL,2026-03-20,QXO
QXO260320C00020000,20.0,3.4,3.3,3.9,10.0,2026.0,0.5971719970703125,True,CALL,2026-03-20,QXO
QXO260320C00021000,21.0,3.0,2.6,3.5,50.0,455.0,0.6269568554687501,True,CALL,2026-03-20,QXO
QXO260320C00022000,22.0,2.38,2.1,2.6,10.0,1142.0,0.5815471533203125,True,CALL,2026-03-20,QXO
QXO260320C00023000,23.0,2.0,1.6,1.85,1.0,1246.0,0.5385788330078126,False,CALL,2026-03-20,QXO
QXO260320C00024000,24.0,1.2,1.25,1.45,2.0,1349.0,0.5459029785156251,False,CALL,2026-03-20,QXO
QXO260320C00025000,25.0,0.91,0.9,1.1,46.0,2881.0,0.5371140039062501,False,CALL,2026-03-20,QXO
QXO260320C00026000,26.0,0.7,0.65,0.8,10.0,1712.0,0.5302781347656251,False,CALL,2026-03-20,QXO
QXO260320C00027000,27.0,0.57,0.45,0.65,12.0,629.0,0.5380905566406251,False,CALL,2026-03-20,QXO
QXO260320C00028000,28.0,0.35,0.35,0.5,25.0,955.0,0.5488326367187502,False,CALL,2026-03-20,QXO
QXO260320C00029000,29.0,0.42,0.1,0.65,20.0,153.0,0.5820354296875,False,CALL,2026-03-20,QXO
QXO260320P00016000,16.0,0.15,0.05,0.65,2.0,858.0,0.813478427734375,False,PUT,2026-03-20,QXO
QXO260320P00017000,17.0,0.35,0.05,0.55,1.0,556.0,0.6738313867187502,False,PUT,2026-03-20,QXO
QXO260320P00018000,18.0,0.29,0.1,0.55,1.0,332.0,0.5898478515625001,False,PUT,2026-03-20,QXO
QXO260320P00019000,19.0,0.38,0.4,0.55,1.0,5363.0,0.5654340332031251,False,PUT,2026-03-20,QXO
QXO260320P00020000,20.0,0.69,0.6,0.8,24.0,1475.0,0.5498091894531252,False,PUT,2026-03-20,QXO
QXO260320P00021000,21.0,0.75,0.9,1.1,2.0,545.0,0.5361374511718751,False,PUT,2026-03-20,QXO
QXO260320P00022000,22.0,1.1,1.3,1.55,2.0,202.0,0.5361374511718751,False,PUT,2026-03-20,QXO
QXO260320P00023000,23.0,1.84,1.75,2.0,7.0,1261.0,0.516606396484375,True,PUT,2026-03-20,QXO
QXO260320P00024000,24.0,2.5,2.4,2.65,2.0,145.0,0.5312546875,True,PUT,2026-03-20,QXO
QXO260320P00025000,25.0,2.77,2.95,3.3,5.0,485.0,0.50586431640625,True,PUT,2026-03-20,QXO
QXO260320P00026000,26.0,3.4,3.0,4.2,4.0,1188.0,0.614261669921875,True,PUT,2026-03-20,QXO
QXO260320P00027000,27.0,3.1,3.8,4.9,5.0,9.0,0.584965087890625,True,PUT,2026-03-20,QXO
QXO260320P00028000,28.0,5.2,4.7,5.9,2.0,20.0,0.6513706738281251,True,PUT,2026-03-20,QXO
QXO260320P00029000,29.0,5.15,5.7,6.8,10.0,96.0,0.6718782812500002,True,PUT,2026-03-20,QXO
QXO260515C00016000,16.0,8.0,6.9,8.1,115.0,138.0,0.717776259765625,True,CALL,2026-05-15,QXO
QXO260515C00017000,17.0,8.1,6.1,7.3,5.0,1051.0,0.6972686523437501,True,CALL,2026-05-15,QXO
QXO260515C00018000,18.0,5.75,5.5,6.1,3.0,495.0,0.63867548828125,True,CALL,2026-05-15,QXO
QXO260515C00019000,19.0,6.0,4.7,5.8,5.0,157.0,0.6684603466796877,True,CALL,2026-05-15,QXO
QXO260515C00020000,20.0,5.4,3.9,4.4,1.0,2135.0,0.5488326367187502,True,CALL,2026-05-15,QXO
QXO260515C00021000,21.0,3.85,3.4,4.6,8.0,365.0,0.6445348046875,True,CALL,2026-05-15,QXO
QXO260515C00022000,22.0,3.26,3.0,3.3,2.0,1003.0,0.5698285205078125,True,CALL,2026-05-15,QXO
QXO260515C00023000,23.0,2.79,2.5,2.85,50.0,658.0,0.5656781713867188,False,CALL,2026-05-15,QXO
QXO260515C00024000,24.0,2.5,2.1,2.45,19.0,2618.0,0.5654340332031251,False,CALL,2026-05-15,QXO
QXO260515C00025000,25.0,1.9,1.75,1.95,88.0,2625.0,0.5498091894531252,False,CALL,2026-05-15,QXO
QXO260515C00026000,26.0,1.65,1.45,1.75,100.0,879.0,0.5600629931640625,False,CALL,2026-05-15,QXO
QXO260515C00027000,27.0,1.32,1.2,1.45,61.0,2421.0,0.5561567822265626,False,CALL,2026-05-15,QXO
QXO260515C00028000,28.0,1.3,1.05,1.3,4.0,534.0,0.5722699023437501,False,CALL,2026-05-15,QXO
QXO260515C00029000,29.0,1.12,0.8,1.1,1.0,118.0,0.5634809277343751,False,CALL,2026-05-15,QXO
QXO260515P00016000,16.0,0.35,0.05,0.75,1.0,2322.0,0.584965087890625,False,PUT,2026-05-15,QXO
QXO260515P00017000,17.0,0.45,0.35,0.7,3.0,468.0,0.5590864404296876,False,PUT,2026-05-15,QXO
QXO260515P00018000,18.0,0.65,0.65,0.8,1.0,445.0,0.5478560839843751,False,PUT,2026-05-15,QXO
QXO260515P00019000,19.0,1.0,1.0,1.1,12.0,5344.0,0.5571333349609376,False,PUT,2026-05-15,QXO
QXO260515P00020000,20.0,1.12,1.25,1.5,4.0,1111.0,0.549076774902344,False,PUT,2026-05-15,QXO
QXO260515P00021000,21.0,1.32,1.65,1.8,1.0,156.0,0.5336960693359375,False,PUT,2026-05-15,QXO
QXO260515P00022000,22.0,2.1,2.05,2.25,200.0,710.0,0.5227098510742187,False,PUT,2026-05-15,QXO
QXO260515P00023000,23.0,2.7,2.6,2.75,15.0,408.0,0.5197801928710937,True,PUT,2026-05-15,QXO
QXO260515P00024000,24.0,2.76,3.1,3.4,2.0,117.0,0.5148974291992188,True,PUT,2026-05-15,QXO
QXO260515P00025000,25.0,3.9,3.7,4.3,3.0,177.0,0.5344284838867188,True,PUT,2026-05-15,QXO
QXO260515P00026000,26.0,3.93,4.5,4.7,20.0,45.0,0.5122119091796875,True,PUT,2026-05-15,QXO
QXO260515P00027000,27.0,3.8,4.5,5.6,,1.0,0.567387138671875,True,PUT,2026-05-15,QXO
QXO260515P00028000,28.0,5.6,5.8,6.5,,26.0,0.5131884619140624,True,PUT,2026-05-15,QXO
QXO260515P00029000,29.0,5.1,6.6,7.3,,1.0,0.50586431640625,True,PUT,2026-05-15,QXO
QXO260821C00018000,18.0,7.6,6.2,7.6,2.0,1.0,0.6787141503906251,True,CALL,2026-08-21,QXO
QXO260821C00019000,19.0,7.15,5.6,6.9,5.0,6.0,0.6630893066406252,True,CALL,2026-08-21,QXO
QXO260821C00020000,20.0,6.5,5.1,6.0,2.0,51.0,0.6337927246093751,True,CALL,2026-08-21,QXO
QXO260821C00021000,21.0,5.0,4.5,5.1,4.0,80.0,0.5930216479492189,True,CALL,2026-08-21,QXO
QXO260821C00022000,22.0,4.45,4.1,4.8,9.0,95.0,0.6103554589843752,True,CALL,2026-08-21,QXO
QXO260821C00023000,23.0,3.88,3.6,4.3,2.0,1532.0,0.5983926879882813,False,CALL,2026-08-21,QXO
QXO260821C00024000,24.0,3.55,3.2,3.8,3.0,790.0,0.5888712988281251,False,CALL,2026-08-21,QXO
QXO260821C00025000,25.0,3.66,2.9,3.7,22.0,898.0,0.6108437353515627,False,CALL,2026-08-21,QXO
QXO260821C00026000,26.0,2.9,2.55,3.1,5.0,111.0,0.5874064697265625,False,CALL,2026-08-21,QXO
QXO260821C00027000,27.0,2.6,2.25,2.95,2.0,191.0,0.596683720703125,False,CALL,2026-08-21,QXO
QXO260821C00028000,28.0,2.36,2.05,2.45,2.0,181.0,0.5830119824218749,False,CALL,2026-08-21,QXO
QXO260821C00029000,29.0,2.4,1.75,2.6,1.0,39.0,0.6074258007812501,False,CALL,2026-08-21,QXO
QXO260821P00016000,16.0,0.75,0.65,0.95,5.0,19.0,0.5385788330078126,False,PUT,2026-08-21,QXO
QXO260821P00017000,17.0,1.15,1.1,1.2,1.0,790.0,0.5551802294921876,False,PUT,2026-08-21,QXO
QXO260821P00018000,18.0,1.45,1.4,1.5,2.0,77.0,0.5483443603515626,False,PUT,2026-08-21,QXO
QXO260821P00019000,19.0,1.82,1.75,1.85,6.0,118.0,0.5424850439453126,False,PUT,2026-08-21,QXO
QXO260821P00020000,20.0,1.91,2.1,2.25,9.0,731.0,0.5334519311523438,False,PUT,2026-08-21,QXO
QXO260821P00021000,21.0,2.3,2.55,2.75,1.0,55.0,0.5334519311523438,False,PUT,2026-08-21,QXO
QXO260821P00022000,22.0,3.0,2.9,3.3,40.0,40.0,0.5224657128906249,False,PUT,2026-08-21,QXO
QXO260821P00023000,23.0,3.23,3.4,3.9,5.0,285.0,0.5202684692382812,True,PUT,2026-08-21,QXO
QXO260821P00024000,24.0,3.6,3.9,4.5,1.0,157.0,0.5117236328125,True,PUT,2026-08-21,QXO
QXO260821P00025000,25.0,4.2,4.5,5.1,1.0,166.0,0.5043994873046875,True,PUT,2026-08-21,QXO
QXO260821P00026000,26.0,4.7,5.0,5.7,1.0,5.0,0.5361374511718751,True,PUT,2026-08-21,QXO
QXO260821P00027000,27.0,5.6,5.2,6.6,3.0,95.0,0.5634809277343751,True,PUT,2026-08-21,QXO
QXO260821P00028000,28.0,5.9,5.9,7.3,2.0,144.0,0.5566450585937501,True,PUT,2026-08-21,QXO
QXO260821P00029000,29.0,6.4,6.6,8.1,,1.0,0.5610395458984375,True,PUT,2026-08-21,QXO
QXO270115C00017000,17.0,8.2,7.9,8.5,31.0,885.0,0.6257361645507813,True,CALL,2027-01-15,QXO
QXO270115C00020000,20.0,6.3,6.2,6.6,117.0,6949.0,0.5922892333984376,True,CALL,2027-01-15,QXO
QXO270115C00022000,22.0,5.4,4.4,6.6,1.0,3298.0,0.5898478515625001,True,CALL,2027-01-15,QXO
QXO270115C00025000,25.0,4.2,4.0,4.6,24.0,4537.0,0.5784954260253907,False,CALL,2027-01-15,QXO
QXO270115C00027000,27.0,3.51,2.65,5.2,20.0,520.0,0.6042520043945314,False,CALL,2027-01-15,QXO
QXO270115P00017000,17.0,1.5,1.0,2.15,10.0,205.0,0.5837443969726561,False,PUT,2027-01-15,QXO
QXO270115P00020000,20.0,2.7,2.2,3.2,12.0,500.0,0.5380905566406251,False,PUT,2027-01-15,QXO
QXO270115P00022000,22.0,3.6,2.9,4.9,29.0,180.0,0.6110878735351564,False,PUT,2027-01-15,QXO
QXO270115P00025000,25.0,5.2,4.5,5.9,30.0,137.0,0.5083056982421875,True,PUT,2027-01-15,QXO
QXO270115P00027000,27.0,6.1,5.7,8.0,2.0,6.0,0.58789474609375,True,PUT,2027-01-15,QXO
QXO271217C00017000,17.0,10.4,8.0,12.0,4.0,270.0,0.6413610083007812,True,CALL,2027-12-17,QXO
QXO271217C00020000,20.0,8.35,6.7,9.4,60.0,1775.0,0.57617611328125,True,CALL,2027-12-17,QXO
QXO271217C00022000,22.0,7.74,7.1,8.6,10.0,842.0,0.6268347863769532,True,CALL,2027-12-17,QXO
QXO271217C00025000,25.0,6.4,5.9,7.3,10.0,756.0,0.6025430371093752,False,CALL,2027-12-17,QXO
QXO271217C00027000,27.0,8.3,5.3,7.4,2.0,194.0,0.6286658227539064,False,CALL,2027-12-17,QXO
QXO271217P00017000,17.0,1.93,1.05,4.8,1.0,97.0,0.5019581054687501,False,PUT,2027-12-17,QXO
QXO271217P00020000,20.0,4.0,2.7,4.6,3.0,327.0,0.5136767382812499,False,PUT,2027-12-17,QXO
QXO271217P00022000,22.0,5.4,3.8,7.5,2.0,878.0,0.5017139672851563,False,PUT,2027-12-17,QXO
QXO271217P00025000,25.0,7.0,5.6,7.4,50.0,77.0,0.48511257080078124,True,PUT,2027-12-17,QXO
QXO271217P00027000,27.0,10.4,7.5,12.5,,1.0,0.5819133605957032,True,PUT,2027-12-17,QXO
QXO280121C00018000,18.0,11.7,9.0,12.0,4.0,465.0,0.7215604016113282,True,CALL,2028-01-21,QXO
QXO280121C00020000,20.0,9.75,8.5,9.5,1.0,807.0,0.6499058447265625,True,CALL,2028-01-21,QXO
QXO280121C00022000,22.0,8.6,7.4,10.5,2.0,178.0,0.70898728515625,True,CALL,2028-01-21,QXO
QXO280121C00025000,25.0,6.9,6.7,7.8,10.0,880.0,0.6413610083007812,False,CALL,2028-01-21,QXO
QXO280121C00027000,27.0,6.9,5.7,8.7,20.0,268.0,0.6821320849609377,False,CALL,2028-01-21,QXO
QXO280121P00018000,18.0,3.6,1.95,4.8,1.0,75.0,0.6279334082031252,False,PUT,2028-01-21,QXO
QXO280121P00020000,20.0,4.3,3.0,5.9,2.0,138.0,0.6198768481445314,False,PUT,2028-01-21,QXO
QXO280121P00022000,22.0,6.0,4.9,6.0,1.0,9.0,0.5191698474121094,False,PUT,2028-01-21,QXO
QXO280121P00025000,25.0,7.99,5.8,8.9,,2.0,0.5943644079589845,True,PUT,2028-01-21,QXO
RBLX260130C00060000,60.0,13.24,13.7,15.9,4.0,4.0,1.4375028125,True,CALL,2026-01-30,RBLX
RBLX260130C00064000,64.0,11.31,9.7,11.85,4.0,5.0,0.9609378906249999,True,CALL,2026-01-30,RBLX
RBLX260130C00065000,65.0,9.73,8.75,10.8,1.0,62.0,0.87500125,True,CALL,2026-01-30,RBLX
RBLX260130C00066000,66.0,8.83,7.8,9.9,1.0,173.0,1.000005,True,CALL,2026-01-30,RBLX
RBLX260130C00067000,67.0,7.64,6.8,9.0,1.0,109.0,0.98437515625,True,CALL,2026-01-30,RBLX
RBLX260130C00068000,68.0,6.74,5.8,7.7,2.0,59.0,1.5566428417968747,True,CALL,2026-01-30,RBLX
RBLX260130C00069000,69.0,5.73,5.6,6.9,52.0,71.0,1.0976607617187502,True,CALL,2026-01-30,RBLX
RBLX260130C00070000,70.0,4.75,3.85,5.9,6.0,85.0,0.6347692773437501,True,CALL,2026-01-30,RBLX
RBLX260130C00071000,71.0,4.4,2.89,5.0,20.0,322.0,0.5976602734375001,True,CALL,2026-01-30,RBLX
RBLX260130C00072000,72.0,3.55,2.8,3.85,25.0,191.0,0.7314479980468749,True,CALL,2026-01-30,RBLX
RBLX260130C00073000,73.0,2.57,2.49,2.99,194.0,507.0,0.79101771484375,True,CALL,2026-01-30,RBLX
RBLX260130C00074000,74.0,1.99,1.78,2.03,167.0,988.0,0.6835969140625001,True,CALL,2026-01-30,RBLX
RBLX260130C00075000,75.0,1.26,1.26,1.34,642.0,1044.0,0.6425816992187501,False,CALL,2026-01-30,RBLX
RBLX260130C00076000,76.0,0.88,0.7,0.96,447.0,5084.0,0.6132851171875001,False,CALL,2026-01-30,RBLX
RBLX260130C00077000,77.0,0.49,0.44,0.55,155.0,3071.0,0.5927775097656252,False,CALL,2026-01-30,RBLX
RBLX260130C00078000,78.0,0.34,0.25,0.33,517.0,842.0,0.5888712988281251,False,CALL,2026-01-30,RBLX
RBLX260130C00079000,79.0,0.16,0.14,0.19,74.0,534.0,0.5918009570312501,False,CALL,2026-01-30,RBLX
RBLX260130C00080000,80.0,0.1,0.07,0.1,1666.0,2869.0,0.585941640625,False,CALL,2026-01-30,RBLX
RBLX260130C00081000,81.0,0.03,0.02,0.2,23.0,1497.0,0.7070341796875,False,CALL,2026-01-30,RBLX
RBLX260130C00082000,82.0,0.03,0.01,0.06,25.0,1102.0,0.64062859375,False,CALL,2026-01-30,RBLX
RBLX260130C00083000,83.0,0.04,0.0,0.04,18.0,390.0,0.648441015625,False,CALL,2026-01-30,RBLX
RBLX260130C00084000,84.0,0.02,0.0,0.08,608.0,942.0,0.789064609375,False,CALL,2026-01-30,RBLX
RBLX260130C00085000,85.0,0.01,0.0,0.03,62.0,1724.0,0.7500025,False,CALL,2026-01-30,RBLX
RBLX260130C00086000,86.0,0.02,0.0,0.06,4.0,376.0,0.8828136718749999,False,CALL,2026-01-30,RBLX
RBLX260130C00087000,87.0,0.08,0.0,0.12,2.0,290.0,1.0468797656250002,False,CALL,2026-01-30,RBLX
RBLX260130C00088000,88.0,0.02,0.01,0.04,8.0,1105.0,0.98437515625,False,CALL,2026-01-30,RBLX
RBLX260130C00089000,89.0,0.01,0.0,0.04,3.0,166.0,1.0078174609375,False,CALL,2026-01-30,RBLX
RBLX260130C00090000,90.0,0.01,0.0,0.01,1.0,2312.0,0.9062509375,False,CALL,2026-01-30,RBLX
RBLX260130C00091000,91.0,0.01,0.0,0.03,14.0,221.0,1.0781296093750001,False,CALL,2026-01-30,RBLX
RBLX260130C00092000,92.0,0.01,0.0,0.01,1.0,126.0,1.000005,False,CALL,2026-01-30,RBLX
RBLX260130C00093000,93.0,0.02,0.0,0.02,1.0,194.0,1.125004375,False,CALL,2026-01-30,RBLX
RBLX260130C00094000,94.0,0.1,0.0,0.01,16.0,142.0,1.09375453125,False,CALL,2026-01-30,RBLX
RBLX260130C00095000,95.0,0.03,0.0,0.02,10.0,497.0,1.21875390625,False,CALL,2026-01-30,RBLX
RBLX260130C00096000,96.0,0.05,0.0,0.04,2.0,208.0,1.3750031249999999,False,CALL,2026-01-30,RBLX
RBLX260130C00097000,97.0,0.04,0.0,0.07,3.0,135.0,1.5312523437499999,False,CALL,2026-01-30,RBLX
RBLX260130P00060000,60.0,0.02,0.0,0.02,26.0,2376.0,1.15625421875,False,PUT,2026-01-30,RBLX
RBLX260130P00064000,64.0,0.07,0.02,0.05,4.0,127.0,1.0078174609375,False,PUT,2026-01-30,RBLX
RBLX260130P00065000,65.0,0.03,0.02,0.1,13.0,380.0,1.0039112304687499,False,PUT,2026-01-30,RBLX
RBLX260130P00066000,66.0,0.16,0.02,0.09,4.0,599.0,0.8984385156249999,False,PUT,2026-01-30,RBLX
RBLX260130P00067000,67.0,0.08,0.03,0.1,10.0,1210.0,0.8281267187499999,False,PUT,2026-01-30,RBLX
RBLX260130P00068000,68.0,0.03,0.02,0.08,6.0,621.0,0.70312796875,False,PUT,2026-01-30,RBLX
RBLX260130P00069000,69.0,0.04,0.05,0.08,26.0,403.0,0.64062859375,False,PUT,2026-01-30,RBLX
RBLX260130P00070000,70.0,0.09,0.06,0.12,287.0,10077.0,0.585941640625,False,PUT,2026-01-30,RBLX
RBLX260130P00071000,71.0,0.13,0.13,0.17,102.0,2705.0,0.5546919531250001,False,PUT,2026-01-30,RBLX
RBLX260130P00072000,72.0,0.25,0.2,0.3,65.0,1849.0,0.5214891601562499,False,PUT,2026-01-30,RBLX
RBLX260130P00073000,73.0,0.42,0.35,0.49,125.0,5327.0,0.532231240234375,False,PUT,2026-01-30,RBLX
RBLX260130P00074000,74.0,0.69,0.62,0.76,75.0,776.0,0.49805189453125004,False,PUT,2026-01-30,RBLX
RBLX260130P00075000,75.0,1.14,0.94,1.12,54.0,1124.0,0.44775942871093743,True,PUT,2026-01-30,RBLX
RBLX260130P00076000,76.0,1.7,1.45,1.7,95.0,712.0,0.42578699218750005,True,PUT,2026-01-30,RBLX
RBLX260130P00077000,77.0,3.15,2.1,2.85,29.0,719.0,0.65039412109375,True,PUT,2026-01-30,RBLX
RBLX260130P00078000,78.0,3.7,2.67,4.15,42.0,620.0,0.9511723632812499,True,PUT,2026-01-30,RBLX
RBLX260130P00079000,79.0,4.33,3.4,4.8,6.0,586.0,0.8789074609374999,True,PUT,2026-01-30,RBLX
RBLX260130P00080000,80.0,5.24,4.45,6.4,12.0,455.0,0.6953155468750001,True,PUT,2026-01-30,RBLX
RBLX260130P00081000,81.0,7.73,5.35,7.35,13.0,295.0,0.6914093359375001,True,PUT,2026-01-30,RBLX
RBLX260130P00082000,82.0,6.79,6.45,8.35,1.0,134.0,0.8437515624999999,True,PUT,2026-01-30,RBLX
RBLX260130P00083000,83.0,10.33,7.4,9.3,15.0,282.0,0.851563984375,True,PUT,2026-01-30,RBLX
RBLX260130P00084000,84.0,9.39,8.4,10.3,1.0,86.0,0.929688203125,True,PUT,2026-01-30,RBLX
RBLX260130P00085000,85.0,10.87,9.4,11.35,3.0,95.0,1.0468797656250002,True,PUT,2026-01-30,RBLX
RBLX260130P00086000,86.0,12.69,10.4,12.3,12.0,34.0,1.0742233789062503,True,PUT,2026-01-30,RBLX
RBLX260130P00087000,87.0,13.3,11.1,13.2,3.0,57.0,2.0019581201171874,True,PUT,2026-01-30,RBLX
RBLX260130P00088000,88.0,14.34,11.95,14.7,1.0,43.0,1.15625421875,True,PUT,2026-01-30,RBLX
RBLX260130P00089000,89.0,15.93,12.75,15.1,4.0,32.0,2.1152390869140625,True,PUT,2026-01-30,RBLX
RBLX260130P00090000,90.0,15.19,13.7,16.7,3.0,52.0,2.631839357910157,True,PUT,2026-01-30,RBLX
RBLX260130P00091000,91.0,14.2,14.75,17.7,14.0,2.0,2.72656568359375,True,PUT,2026-01-30,RBLX
RBLX260130P00092000,92.0,15.84,15.75,18.7,1.0,0.0,2.8183623291015625,True,PUT,2026-01-30,RBLX
RBLX260130P00093000,93.0,16.88,16.75,19.7,67.0,0.0,2.9091824145507816,True,PUT,2026-01-30,RBLX
RBLX260130P00094000,94.0,16.74,17.75,20.7,146.0,0.0,2.9980493798828123,True,PUT,2026-01-30,RBLX
RBLX260130P00095000,95.0,13.59,18.75,21.7,1.0,0.0,3.0839866650390624,True,PUT,2026-01-30,RBLX
RBLX260130P00097000,97.0,10.05,19.75,23.7,32.0,0.0,3.2519549951171873,True,PUT,2026-01-30,RBLX
RBLX260206C00055000,55.0,18.92,19.0,21.65,1.0,26.0,1.435549697265625,True,CALL,2026-02-06,RBLX
RBLX260206C00056000,56.0,18.17,17.75,20.25,2.0,50.0,1.1308637207031251,True,CALL,2026-02-06,RBLX
RBLX260206C00057000,57.0,16.89,17.15,19.1,38.0,14.0,1.173832255859375,True,CALL,2026-02-06,RBLX
RBLX260206C00058000,58.0,16.03,16.25,18.3,38.0,7.0,1.2089883300781248,True,CALL,2026-02-06,RBLX
RBLX260206C00059000,59.0,16.95,15.4,17.4,,1.0,1.2138711181640622,True,CALL,2026-02-06,RBLX
RBLX260206C00060000,60.0,22.4,14.5,16.5,,1.0,1.197269638671875,True,CALL,2026-02-06,RBLX
RBLX260206C00063000,63.0,12.35,12.0,13.9,15.0,15.0,1.1723674194335936,True,CALL,2026-02-06,RBLX
RBLX260206C00065000,65.0,12.05,10.45,12.6,3.0,4.0,1.2094766088867184,True,CALL,2026-02-06,RBLX
RBLX260206C00067000,67.0,10.87,9.0,10.85,3.0,7.0,1.162113564453125,True,CALL,2026-02-06,RBLX
RBLX260206C00068000,68.0,8.35,8.85,10.0,1.0,4.0,1.2085000512695312,True,CALL,2026-02-06,RBLX
RBLX260206C00069000,69.0,8.45,7.7,9.5,3.0,7.0,1.1635784008789063,True,CALL,2026-02-06,RBLX
RBLX260206C00070000,70.0,8.2,8.0,8.7,3.0,86.0,1.2509803076171875,True,CALL,2026-02-06,RBLX
RBLX260206C00072000,72.0,6.8,6.5,7.55,7.0,346.0,1.2075234936523436,True,CALL,2026-02-06,RBLX
RBLX260206C00073000,73.0,6.9,6.65,6.9,76.0,1149.0,1.2680700659179687,True,CALL,2026-02-06,RBLX
RBLX260206C00074000,74.0,6.26,6.05,6.4,14.0,185.0,1.255863095703125,True,CALL,2026-02-06,RBLX
RBLX260206C00075000,75.0,5.55,5.65,5.85,883.0,729.0,1.2543982592773437,False,CALL,2026-02-06,RBLX
RBLX260206C00076000,76.0,5.2,5.0,5.45,54.0,243.0,1.236331943359375,False,CALL,2026-02-06,RBLX
RBLX260206C00077000,77.0,4.6,4.7,4.95,34.0,418.0,1.2392616162109373,False,CALL,2026-02-06,RBLX
RBLX260206C00078000,78.0,4.0,4.25,4.65,11.0,171.0,1.2421912890624998,False,CALL,2026-02-06,RBLX
RBLX260206C00079000,79.0,3.98,3.9,4.15,11.0,99.0,1.2290077612304686,False,CALL,2026-02-06,RBLX
RBLX260206C00080000,80.0,3.68,3.55,3.8,1008.0,1307.0,1.2265663671875,False,CALL,2026-02-06,RBLX
RBLX260206C00081000,81.0,2.46,3.25,3.45,10.0,142.0,1.224613251953125,False,CALL,2026-02-06,RBLX
RBLX260206C00082000,82.0,2.94,2.93,3.15,11.0,177.0,1.2202187426757813,False,CALL,2026-02-06,RBLX
RBLX260206C00083000,83.0,2.72,2.47,2.86,8.0,220.0,1.1958048022460939,False,CALL,2026-02-06,RBLX
RBLX260206C00084000,84.0,2.35,2.41,2.58,4.0,347.0,1.2148476757812499,False,CALL,2026-02-06,RBLX
RBLX260206C00085000,85.0,2.34,2.17,2.31,123.0,554.0,1.2085000512695312,False,CALL,2026-02-06,RBLX
RBLX260206C00086000,86.0,1.95,1.94,2.1,63.0,242.0,1.2060586572265624,False,CALL,2026-02-06,RBLX
RBLX260206C00087000,87.0,1.71,1.66,1.92,30.0,254.0,1.1958048022460939,False,CALL,2026-02-06,RBLX
RBLX260206C00088000,88.0,1.57,1.49,1.83,4.0,134.0,1.2089883300781248,False,CALL,2026-02-06,RBLX
RBLX260206C00089000,89.0,1.39,1.43,1.66,10.0,69.0,1.2231484155273438,False,CALL,2026-02-06,RBLX
RBLX260206C00090000,90.0,1.31,1.22,1.6,161.0,583.0,1.2280312036132814,False,CALL,2026-02-06,RBLX
RBLX260206C00091000,91.0,1.2,1.1,1.28,57.0,145.0,1.201175869140625,False,CALL,2026-02-06,RBLX
RBLX260206C00092000,92.0,1.02,0.92,1.13,2.0,237.0,1.185550947265625,False,CALL,2026-02-06,RBLX
RBLX260206C00093000,93.0,0.86,0.75,1.08,2.0,198.0,1.1845743896484375,False,CALL,2026-02-06,RBLX
RBLX260206C00094000,94.0,0.62,0.51,0.89,1.0,114.0,1.1357465087890626,False,CALL,2026-02-06,RBLX
RBLX260206C00095000,95.0,0.72,0.63,0.81,17.0,351.0,1.1806681591796875,False,CALL,2026-02-06,RBLX
RBLX260206C00096000,96.0,0.52,0.41,0.71,3.0,8.0,1.1416058544921874,False,CALL,2026-02-06,RBLX
RBLX260206C00097000,97.0,0.48,0.25,0.64,6.0,28.0,1.11328568359375,False,CALL,2026-02-06,RBLX
RBLX260206P00053000,53.0,0.25,0.04,0.45,3.0,48.0,1.3027378613281246,False,PUT,2026-02-06,RBLX
RBLX260206P00054000,54.0,0.36,0.01,1.36,52.0,53.0,1.572267763671875,False,PUT,2026-02-06,RBLX
RBLX260206P00055000,55.0,0.34,0.16,0.42,4.0,71.0,1.2265663671875,False,PUT,2026-02-06,RBLX
RBLX260206P00056000,56.0,0.56,0.05,0.75,10.0,5.0,1.2529334228515623,False,PUT,2026-02-06,RBLX
RBLX260206P00057000,57.0,0.93,0.14,0.85,1.0,34.0,1.25390998046875,False,PUT,2026-02-06,RBLX
RBLX260206P00058000,58.0,0.5,0.46,0.85,1.0,26.0,1.2822301513671874,False,PUT,2026-02-06,RBLX
RBLX260206P00059000,59.0,0.72,0.57,1.0,4.0,89.0,1.2812535937499998,False,PUT,2026-02-06,RBLX
RBLX260206P00060000,60.0,0.79,0.65,0.83,30.0,144.0,1.1923868505859376,False,PUT,2026-02-06,RBLX
RBLX260206P00061000,61.0,1.0,0.63,1.38,3.0,20.0,1.2402381738281247,False,PUT,2026-02-06,RBLX
RBLX260206P00062000,62.0,1.05,0.97,1.21,8.0,118.0,1.203128984375,False,PUT,2026-02-06,RBLX
RBLX260206P00063000,63.0,1.28,1.03,1.38,3.0,259.0,1.1743205346679688,False,PUT,2026-02-06,RBLX
RBLX260206P00064000,64.0,1.5,1.35,1.58,10.0,45.0,1.189457177734375,False,PUT,2026-02-06,RBLX
RBLX260206P00065000,65.0,1.72,1.63,1.77,15.0,436.0,1.1870157836914061,False,PUT,2026-02-06,RBLX
RBLX260206P00066000,66.0,2.17,1.88,2.04,2.0,54.0,1.1845743896484375,False,PUT,2026-02-06,RBLX
RBLX260206P00067000,67.0,2.39,2.1,2.33,6.0,356.0,1.1733439770507812,False,PUT,2026-02-06,RBLX
RBLX260206P00068000,68.0,2.57,2.46,2.61,3.0,93.0,1.1728556982421874,False,PUT,2026-02-06,RBLX
RBLX260206P00069000,69.0,2.84,2.71,2.99,96.0,268.0,1.1635784008789063,False,PUT,2026-02-06,RBLX
RBLX260206P00070000,70.0,3.3,3.15,3.3,13.0,799.0,1.1626018432617187,False,PUT,2026-02-06,RBLX
RBLX260206P00071000,71.0,4.3,3.4,3.8,1.0,355.0,1.1547893823242186,False,PUT,2026-02-06,RBLX
RBLX260206P00072000,72.0,4.0,3.95,4.15,10.0,339.0,1.1572307763671876,False,PUT,2026-02-06,RBLX
RBLX260206P00073000,73.0,5.17,4.25,4.65,3.0,430.0,1.1420941333007812,False,PUT,2026-02-06,RBLX
RBLX260206P00074000,74.0,5.05,4.85,5.05,18.0,267.0,1.142582412109375,False,PUT,2026-02-06,RBLX
RBLX260206P00075000,75.0,5.52,5.2,5.6,72.0,537.0,1.1259809326171877,True,PUT,2026-02-06,RBLX
RBLX260206P00076000,76.0,6.2,5.9,6.1,10.0,177.0,1.1347699511718752,True,PUT,2026-02-06,RBLX
RBLX260206P00077000,77.0,7.86,6.3,6.75,8.0,269.0,1.1215864233398438,True,PUT,2026-02-06,RBLX
RBLX260206P00078000,78.0,8.28,7.0,7.25,8.0,151.0,1.1186567504882814,True,PUT,2026-02-06,RBLX
RBLX260206P00079000,79.0,8.05,7.45,8.4,4.0,42.0,1.1528362670898438,True,PUT,2026-02-06,RBLX
RBLX260206P00080000,80.0,8.88,8.25,8.5,1.0,632.0,1.1044966650390626,True,PUT,2026-02-06,RBLX
RBLX260206P00081000,81.0,9.75,8.7,9.2,1.0,293.0,1.076664772949219,True,PUT,2026-02-06,RBLX
RBLX260206P00082000,82.0,9.7,9.4,10.15,5.0,67.0,1.1005904345703126,True,PUT,2026-02-06,RBLX
RBLX260206P00083000,83.0,10.0,10.1,10.65,3.0,175.0,1.0649460815429688,True,PUT,2026-02-06,RBLX
RBLX260206P00084000,84.0,11.57,10.8,11.8,4.0,34.0,1.1040083862304688,True,PUT,2026-02-06,RBLX
RBLX260206P00085000,85.0,13.6,11.7,12.4,2.0,281.0,1.0947310888671877,True,PUT,2026-02-06,RBLX
RBLX260206P00086000,86.0,12.7,12.45,12.9,6.0,12.0,1.0429735351562504,True,PUT,2026-02-06,RBLX
RBLX260206P00087000,87.0,14.86,13.05,15.0,1.0,10.0,1.1918985717773438,True,PUT,2026-02-06,RBLX
RBLX260206P00088000,88.0,17.3,13.85,15.85,33.0,63.0,1.1918985717773438,True,PUT,2026-02-06,RBLX
RBLX260206P00089000,89.0,15.57,14.65,16.65,1.0,21.0,1.1796916015624999,True,PUT,2026-02-06,RBLX
RBLX260206P00090000,90.0,16.2,15.45,17.6,1.0,10.0,1.185550947265625,True,PUT,2026-02-06,RBLX
RBLX260206P00091000,91.0,13.01,16.2,18.8,6.0,3.0,1.2211953002929685,True,PUT,2026-02-06,RBLX
RBLX260206P00092000,92.0,18.43,17.15,19.3,1.0,4.0,1.1674846313476563,True,PUT,2026-02-06,RBLX
RBLX260206P00093000,93.0,20.25,17.95,20.15,3.0,9.0,1.1396527392578126,True,PUT,2026-02-06,RBLX
RBLX260206P00094000,94.0,19.07,18.95,21.3,1.0,3.0,1.2080117724609374,True,PUT,2026-02-06,RBLX
RBLX260206P00095000,95.0,22.68,19.75,22.05,1.0,1.0,1.1494183154296875,True,PUT,2026-02-06,RBLX
RBLX260213C00060000,60.0,13.0,14.8,17.2,5.0,5.0,1.0581101782226563,True,CALL,2026-02-13,RBLX
RBLX260213C00065000,65.0,11.9,11.6,12.95,6.0,2.0,1.0700730090332033,True,CALL,2026-02-13,RBLX
RBLX260213C00066000,66.0,10.3,10.6,12.0,,1.0,1.0112354125976561,True,CALL,2026-02-13,RBLX
RBLX260213C00067000,67.0,12.55,9.9,11.45,,3.0,1.0205127099609377,True,CALL,2026-02-13,RBLX
RBLX260213C00068000,68.0,8.9,9.65,10.5,,1.0,1.0288134497070316,True,CALL,2026-02-13,RBLX
RBLX260213C00069000,69.0,8.9,8.15,9.9,6.0,10.0,0.9506840869140624,True,CALL,2026-02-13,RBLX
RBLX260213C00070000,70.0,7.6,8.4,9.2,3.0,13.0,1.0170947583007814,True,CALL,2026-02-13,RBLX
RBLX260213C00071000,71.0,9.15,7.65,8.65,2.0,7.0,1.0029346728515625,True,CALL,2026-02-13,RBLX
RBLX260213C00072000,72.0,7.3,6.5,8.05,2.0,21.0,0.94726615234375,True,CALL,2026-02-13,RBLX
RBLX260213C00073000,73.0,6.3,7.05,7.5,2.0,48.0,1.0329638195800785,True,CALL,2026-02-13,RBLX
RBLX260213C00074000,74.0,6.98,6.55,7.0,4.0,33.0,1.0310107043457033,True,CALL,2026-02-13,RBLX
RBLX260213C00075000,75.0,6.1,6.1,6.45,23.0,152.0,1.0251513586425784,False,CALL,2026-02-13,RBLX
RBLX260213C00076000,76.0,4.76,5.55,6.0,6.0,72.0,1.015385782470703,False,CALL,2026-02-13,RBLX
RBLX260213C00077000,77.0,5.52,5.15,5.55,54.0,108.0,1.013676806640625,False,CALL,2026-02-13,RBLX
RBLX260213C00078000,78.0,4.65,4.55,5.1,4.0,35.0,0.992187578125,False,CALL,2026-02-13,RBLX
RBLX260213C00079000,79.0,4.4,3.75,4.7,1.0,14.0,0.9543461596679688,False,CALL,2026-02-13,RBLX
RBLX260213C00080000,80.0,3.8,3.35,4.3,21.0,153.0,0.9448247705078124,False,CALL,2026-02-13,RBLX
RBLX260213C00081000,81.0,3.75,3.55,4.0,1.0,10.0,0.9895020581054688,False,CALL,2026-02-13,RBLX
RBLX260213C00082000,82.0,3.62,2.66,3.65,3.0,102.0,0.9350592431640624,False,CALL,2026-02-13,RBLX
RBLX260213C00083000,83.0,2.74,2.82,3.45,1.0,33.0,0.9794923925781251,False,CALL,2026-02-13,RBLX
RBLX260213C00084000,84.0,3.01,2.68,3.05,6.0,81.0,0.9777834252929689,False,CALL,2026-02-13,RBLX
RBLX260213C00085000,85.0,2.23,2.31,2.79,1.0,175.0,0.9643558251953125,False,CALL,2026-02-13,RBLX
RBLX260213C00086000,86.0,1.85,2.06,2.59,2.0,43.0,0.963867548828125,False,CALL,2026-02-13,RBLX
RBLX260213C00087000,87.0,1.93,1.9,2.37,1.0,43.0,0.96679720703125,False,CALL,2026-02-13,RBLX
RBLX260213C00088000,88.0,2.05,1.73,2.19,1.0,314.0,0.9697268652343749,False,CALL,2026-02-13,RBLX
RBLX260213C00089000,89.0,2.01,1.56,2.01,1.0,87.0,0.9697268652343749,False,CALL,2026-02-13,RBLX
RBLX260213C00090000,90.0,1.67,1.61,1.79,10.0,131.0,0.9868165380859376,False,CALL,2026-02-13,RBLX
RBLX260213C00091000,91.0,1.73,1.05,1.7,4.0,17.0,0.946289599609375,False,CALL,2026-02-13,RBLX
RBLX260213C00092000,92.0,1.32,0.95,1.5,2.0,56.0,0.9414068359375,False,CALL,2026-02-13,RBLX
RBLX260213C00093000,93.0,1.16,0.8,1.45,9.0,24.0,0.946289599609375,False,CALL,2026-02-13,RBLX
RBLX260213C00094000,94.0,1.12,0.7,1.34,12.0,77.0,0.9477544287109375,False,CALL,2026-02-13,RBLX
RBLX260213C00095000,95.0,0.7,0.78,1.21,1.0,52.0,0.9697268652343749,False,CALL,2026-02-13,RBLX
RBLX260213C00096000,96.0,0.8,0.56,1.16,3.0,3.0,0.9575199560546874,False,CALL,2026-02-13,RBLX
RBLX260213C00097000,97.0,0.71,0.54,1.08,3.0,15.0,0.9687503125,False,CALL,2026-02-13,RBLX
RBLX260213P00055000,55.0,0.41,0.39,0.97,60.0,111.0,1.125004375,False,PUT,2026-02-13,RBLX
RBLX260213P00060000,60.0,1.06,0.8,1.86,43.0,199.0,1.0815475610351561,False,PUT,2026-02-13,RBLX
RBLX260213P00064000,64.0,1.79,1.63,2.41,20.0,73.0,1.0224658251953125,False,PUT,2026-02-13,RBLX
RBLX260213P00065000,65.0,2.27,1.83,2.41,1.0,296.0,0.9836427416992188,False,PUT,2026-02-13,RBLX
RBLX260213P00066000,66.0,2.82,2.14,2.49,3.0,22.0,0.96289099609375,False,PUT,2026-02-13,RBLX
RBLX260213P00067000,67.0,3.27,2.45,2.92,2.0,34.0,0.973633076171875,False,PUT,2026-02-13,RBLX
RBLX260213P00068000,68.0,3.75,2.76,3.25,2.0,41.0,0.9687503125,False,PUT,2026-02-13,RBLX
RBLX260213P00069000,69.0,3.37,3.1,3.5,7.0,20.0,0.95507857421875,False,PUT,2026-02-13,RBLX
RBLX260213P00070000,70.0,3.72,3.55,3.8,11.0,206.0,0.9514165014648437,False,PUT,2026-02-13,RBLX
RBLX260213P00071000,71.0,4.77,3.85,4.25,2.0,17.0,0.9433599414062499,False,PUT,2026-02-13,RBLX
RBLX260213P00072000,72.0,4.8,4.3,4.65,5.0,76.0,0.9389654541015625,False,PUT,2026-02-13,RBLX
RBLX260213P00073000,73.0,5.1,4.75,5.2,3.0,63.0,0.9428716650390624,False,PUT,2026-02-13,RBLX
RBLX260213P00074000,74.0,5.1,5.2,5.65,1.0,146.0,0.9338385522460937,False,PUT,2026-02-13,RBLX
RBLX260213P00075000,75.0,6.4,5.7,6.75,8.0,233.0,0.9770510107421876,True,PUT,2026-02-13,RBLX
RBLX260213P00076000,76.0,7.37,6.25,6.65,3.0,30.0,0.9233406103515626,True,PUT,2026-02-13,RBLX
RBLX260213P00077000,77.0,8.56,6.8,7.55,23.0,37.0,0.9458013232421875,True,PUT,2026-02-13,RBLX
RBLX260213P00078000,78.0,7.43,7.3,7.9,2.0,7.0,0.9157723266601563,True,PUT,2026-02-13,RBLX
RBLX260213P00079000,79.0,8.87,7.95,8.4,2.0,117.0,0.9055185229492188,True,PUT,2026-02-13,RBLX
RBLX260213P00080000,80.0,8.74,8.55,9.2,3.0,406.0,0.9116219775390625,True,PUT,2026-02-13,RBLX
RBLX260213P00081000,81.0,9.7,9.25,9.7,8.0,39.0,0.897217824707031,True,PUT,2026-02-13,RBLX
RBLX260213P00082000,82.0,11.24,9.6,11.55,39.0,38.0,0.9643558251953125,True,PUT,2026-02-13,RBLX
RBLX260213P00083000,83.0,11.5,10.6,11.4,5.0,24.0,0.91211025390625,True,PUT,2026-02-13,RBLX
RBLX260213P00084000,84.0,11.57,11.25,11.8,2.0,24.0,0.8706067626953125,True,PUT,2026-02-13,RBLX
RBLX260213P00085000,85.0,13.49,12.05,13.85,1.0,41.0,0.9919434399414062,True,PUT,2026-02-13,RBLX
RBLX260213P00086000,86.0,15.07,12.8,13.65,1.0,5.0,0.8955088574218748,True,PUT,2026-02-13,RBLX
RBLX260213P00087000,87.0,12.9,13.6,14.15,1.0,13.0,0.8623060644531251,True,PUT,2026-02-13,RBLX
RBLX260213P00088000,88.0,13.76,14.4,16.05,3.0,9.0,0.9726565234375,True,PUT,2026-02-13,RBLX
RBLX260213P00089000,89.0,16.43,15.15,17.05,4.0,7.0,0.983398603515625,True,PUT,2026-02-13,RBLX
RBLX260213P00090000,90.0,8.28,15.9,17.9,4.0,7.0,0.975586181640625,True,PUT,2026-02-13,RBLX
RBLX260213P00092000,92.0,19.57,17.15,19.65,1.0,2.0,0.9223640576171875,True,PUT,2026-02-13,RBLX
RBLX260213P00093000,93.0,19.11,18.55,20.5,3.0,33.0,0.9853517089843751,True,PUT,2026-02-13,RBLX
RBLX260213P00095000,95.0,21.27,20.15,22.3,16.0,16.0,0.963867548828125,True,PUT,2026-02-13,RBLX
RBLX260220C00055000,55.0,20.74,19.35,21.4,29.0,38.0,0.9174812939453125,True,CALL,2026-02-20,RBLX
RBLX260220C00060000,60.0,14.43,15.3,17.25,1.0,24.0,0.9477544287109375,True,CALL,2026-02-20,RBLX
RBLX260220C00065000,65.0,12.9,12.4,12.8,52.0,79.0,0.9487309814453124,True,CALL,2026-02-20,RBLX
RBLX260220C00070000,70.0,8.95,9.15,9.55,41.0,294.0,0.9279792358398438,True,CALL,2026-02-20,RBLX
RBLX260220C00075000,75.0,6.57,6.45,6.7,2427.0,1476.0,0.8952647192382811,False,CALL,2026-02-20,RBLX
RBLX260220C00077000,77.0,5.57,5.55,5.8,5.0,53.0,0.8889171264648437,False,CALL,2026-02-20,RBLX
RBLX260220C00078000,78.0,5.25,5.15,5.4,14.0,76.0,0.8879405737304686,False,CALL,2026-02-20,RBLX
RBLX260220C00079000,79.0,5.02,4.0,5.05,2.0,7.0,0.8366715551757811,False,CALL,2026-02-20,RBLX
RBLX260220C00080000,80.0,4.44,4.4,4.65,112.0,978.0,0.883790224609375,False,CALL,2026-02-20,RBLX
RBLX260220C00081000,81.0,3.53,3.55,4.3,2.0,42.0,0.8461929443359374,False,CALL,2026-02-20,RBLX
RBLX260220C00082000,82.0,3.15,3.0,4.0,1.0,57.0,0.8291032714843749,False,CALL,2026-02-20,RBLX
RBLX260220C00083000,83.0,2.87,3.0,3.65,3.0,14.0,0.8444839770507812,False,CALL,2026-02-20,RBLX
RBLX260220C00084000,84.0,3.2,3.0,3.4,25.0,14.0,0.8649915844726561,False,CALL,2026-02-20,RBLX
RBLX260220C00085000,85.0,3.0,2.84,3.1,180.0,7280.0,0.868165380859375,False,CALL,2026-02-20,RBLX
RBLX260220C00086000,86.0,2.72,2.33,2.9,11.0,3102.0,0.8493667407226562,False,CALL,2026-02-20,RBLX
RBLX260220C00087000,87.0,2.11,1.84,2.63,2.0,28.0,0.8227556787109375,False,CALL,2026-02-20,RBLX
RBLX260220C00088000,88.0,2.39,2.15,2.45,21.0,92.0,0.8657239990234374,False,CALL,2026-02-20,RBLX
RBLX260220C00089000,89.0,1.78,1.59,2.34,1.0,32.0,0.8403336279296875,False,CALL,2026-02-20,RBLX
RBLX260220C00090000,90.0,1.91,1.95,2.0,1114.0,8894.0,0.8720715917968749,False,CALL,2026-02-20,RBLX
RBLX260220C00091000,91.0,1.8,1.69,1.86,19.0,41.0,0.8652357226562499,False,CALL,2026-02-20,RBLX
RBLX260220C00092000,92.0,1.34,1.26,1.72,12.0,32.0,0.8391129370117187,False,CALL,2026-02-20,RBLX
RBLX260220C00093000,93.0,1.42,1.11,1.62,101.0,109.0,0.8405777661132812,False,CALL,2026-02-20,RBLX
RBLX260220C00094000,94.0,1.32,1.01,1.57,1.0,95.0,0.850587431640625,False,CALL,2026-02-20,RBLX
RBLX260220C00095000,95.0,1.22,1.21,1.34,30.0,5495.0,0.8725598681640624,False,CALL,2026-02-20,RBLX
RBLX260220C00096000,96.0,1.07,1.0,1.31,79.0,144.0,0.870118486328125,False,CALL,2026-02-20,RBLX
RBLX260220C00097000,97.0,1.0,0.76,1.25,3.0,24.0,0.8579115771484375,False,CALL,2026-02-20,RBLX
RBLX260220P00055000,55.0,0.64,0.58,0.72,117.0,632.0,0.9267585449218749,False,PUT,2026-02-20,RBLX
RBLX260220P00060000,60.0,1.25,1.12,1.32,91.0,1510.0,0.87500125,False,PUT,2026-02-20,RBLX
RBLX260220P00065000,65.0,2.25,2.17,2.35,84.0,1786.0,0.8457046679687499,False,PUT,2026-02-20,RBLX
RBLX260220P00070000,70.0,4.02,3.75,4.0,216.0,2156.0,0.8227556787109375,False,PUT,2026-02-20,RBLX
RBLX260220P00075000,75.0,6.15,6.0,6.3,121.0,884.0,0.804689453125,True,PUT,2026-02-20,RBLX
RBLX260220P00077000,77.0,8.68,7.1,7.4,10.0,68.0,0.79883013671875,True,PUT,2026-02-20,RBLX
RBLX260220P00078000,78.0,8.8,7.7,8.0,2.0,6.0,0.7973653076171875,True,PUT,2026-02-20,RBLX
RBLX260220P00079000,79.0,9.35,8.3,8.6,24.0,52.0,0.7927266821289063,True,PUT,2026-02-20,RBLX
RBLX260220P00080000,80.0,9.0,8.95,9.25,40.0,2729.0,0.7915059912109376,True,PUT,2026-02-20,RBLX
RBLX260220P00081000,81.0,9.93,9.55,9.9,21.0,43.0,0.7834494311523439,True,PUT,2026-02-20,RBLX
RBLX260220P00082000,82.0,12.11,10.2,10.8,10.0,18.0,0.7937032348632812,True,PUT,2026-02-20,RBLX
RBLX260220P00083000,83.0,10.95,10.9,12.3,1.0,43.0,0.8481460498046874,True,PUT,2026-02-20,RBLX
RBLX260220P00084000,84.0,11.87,11.55,12.15,1.0,10.0,0.7758811474609376,True,PUT,2026-02-20,RBLX
RBLX260220P00085000,85.0,14.56,12.2,13.4,4.0,3597.0,0.8044453149414061,True,PUT,2026-02-20,RBLX
RBLX260220P00088000,88.0,12.25,14.6,16.45,,2.0,0.8615736499023439,True,PUT,2026-02-20,RBLX
RBLX260220P00089000,89.0,16.39,15.45,17.25,11.0,15.0,0.8637708935546875,True,PUT,2026-02-20,RBLX
RBLX260220P00090000,90.0,17.15,16.35,18.05,11.0,7211.0,0.8679212426757812,True,PUT,2026-02-20,RBLX
RBLX260220P00092000,92.0,19.79,17.8,19.4,2.0,2.0,0.8110370458984374,True,PUT,2026-02-20,RBLX
RBLX260220P00095000,95.0,20.96,20.55,21.25,15.0,1646.0,0.7192410888671875,True,PUT,2026-02-20,RBLX
RBLX260227C00055000,55.0,18.7,19.4,21.65,1.0,3.0,0.8510757080078125,True,CALL,2026-02-27,RBLX
RBLX260227C00060000,60.0,13.05,15.2,17.5,2.0,3.0,0.8447281152343749,True,CALL,2026-02-27,RBLX
RBLX260227C00069000,69.0,10.5,8.85,10.7,1.0,1.0,0.7927266821289063,True,CALL,2026-02-27,RBLX
RBLX260227C00070000,70.0,9.7,8.9,10.1,1.0,3.0,0.8315446533203124,True,CALL,2026-02-27,RBLX
RBLX260227C00071000,71.0,10.56,8.4,9.65,,0.0,0.840821904296875,True,CALL,2026-02-27,RBLX
RBLX260227C00072000,72.0,7.4,7.15,8.9,1.0,21.0,0.7832052929687501,True,CALL,2026-02-27,RBLX
RBLX260227C00073000,73.0,8.3,7.25,8.35,3.0,698.0,0.8173846386718748,True,CALL,2026-02-27,RBLX
RBLX260227C00074000,74.0,6.4,6.9,7.95,65.0,58.0,0.829957755126953,True,CALL,2026-02-27,RBLX
RBLX260227C00075000,75.0,7.08,6.4,7.4,1.0,76.0,0.8220232641601561,False,CALL,2026-02-27,RBLX
RBLX260227C00076000,76.0,6.83,5.8,6.95,11.0,8.0,0.8117694604492187,False,CALL,2026-02-27,RBLX
RBLX260227C00077000,77.0,5.51,4.75,6.5,2.0,28.0,0.772463212890625,False,CALL,2026-02-27,RBLX
RBLX260227C00078000,78.0,5.25,4.95,5.95,1.0,7.0,0.797853583984375,False,CALL,2026-02-27,RBLX
RBLX260227C00079000,79.0,4.9,4.75,5.55,1.0,13.0,0.8063984204101562,False,CALL,2026-02-27,RBLX
RBLX260227C00080000,80.0,5.0,4.3,5.2,6.0,92.0,0.8005391040039063,False,CALL,2026-02-27,RBLX
RBLX260227C00081000,81.0,3.75,3.5,4.85,2.0,6.0,0.7712425219726562,False,CALL,2026-02-27,RBLX
RBLX260227C00082000,82.0,3.1,3.5,4.45,3.0,5.0,0.7844259838867188,False,CALL,2026-02-27,RBLX
RBLX260227C00083000,83.0,2.97,3.15,4.0,1.0,45.0,0.7707542456054688,False,CALL,2026-02-27,RBLX
RBLX260227C00084000,84.0,3.45,2.75,3.95,2.0,17.0,0.7766135620117188,False,CALL,2026-02-27,RBLX
RBLX260227C00085000,85.0,3.05,2.71,3.55,7.0,308.0,0.7810080493164062,False,CALL,2026-02-27,RBLX
RBLX260227C00086000,86.0,2.7,2.25,3.3,15.0,19.0,0.7653832055664063,False,CALL,2026-02-27,RBLX
RBLX260227C00087000,87.0,2.1,2.1,3.15,1.0,8.0,0.7749045947265626,False,CALL,2026-02-27,RBLX
RBLX260227C00088000,88.0,3.25,1.74,3.25,1.0,30.0,0.7856466748046875,False,CALL,2026-02-27,RBLX
RBLX260227C00089000,89.0,9.05,1.96,2.64,,6.0,0.7856466748046875,False,CALL,2026-02-27,RBLX
RBLX260227C00090000,90.0,2.2,2.19,2.4,4.0,66.0,0.8117694604492187,False,CALL,2026-02-27,RBLX
RBLX260227C00091000,91.0,2.04,1.9,2.26,1.0,11.0,0.805666005859375,False,CALL,2026-02-27,RBLX
RBLX260227C00092000,92.0,1.7,1.2,2.3,2.0,3.0,0.778322529296875,False,CALL,2026-02-27,RBLX
RBLX260227C00093000,93.0,8.03,1.25,1.99,,4.0,0.7805197729492188,False,CALL,2026-02-27,RBLX
RBLX260227C00095000,95.0,1.54,1.05,1.68,2.0,818.0,0.7807639111328125,False,CALL,2026-02-27,RBLX
RBLX260227C00097000,97.0,1.04,0.91,1.42,1.0,3.0,0.7846701220703125,False,CALL,2026-02-27,RBLX
RBLX260227P00055000,55.0,0.84,0.51,0.81,22.0,24.0,0.8149432568359375,False,PUT,2026-02-27,RBLX
RBLX260227P00060000,60.0,1.4,1.35,1.76,5.0,163.0,0.8359391406249999,False,PUT,2026-02-27,RBLX
RBLX260227P00064000,64.0,2.6,2.01,2.86,1.0,10.0,0.8139667041015625,False,PUT,2026-02-27,RBLX
RBLX260227P00065000,65.0,2.75,2.45,2.92,2.0,14.0,0.8059101440429688,False,PUT,2026-02-27,RBLX
RBLX260227P00066000,66.0,2.95,2.65,3.25,2.0,63.0,0.7973653076171875,False,PUT,2026-02-27,RBLX
RBLX260227P00067000,67.0,4.14,3.0,3.7,24.0,41.0,0.8049335913085938,False,PUT,2026-02-27,RBLX
RBLX260227P00068000,68.0,4.4,3.4,3.95,8.0,41.0,0.7985859985351562,False,PUT,2026-02-27,RBLX
RBLX260227P00069000,69.0,4.25,3.75,4.3,1.0,246.0,0.7927266821289063,False,PUT,2026-02-27,RBLX
RBLX260227P00070000,70.0,4.77,4.2,4.9,4.0,258.0,0.8063984204101562,False,PUT,2026-02-27,RBLX
RBLX260227P00071000,71.0,5.27,4.55,5.1,5.0,219.0,0.7851583984375,False,PUT,2026-02-27,RBLX
RBLX260227P00072000,72.0,5.4,5.0,5.55,1.0,11.0,0.7832052929687501,False,PUT,2026-02-27,RBLX
RBLX260227P00073000,73.0,5.85,5.45,6.3,2.0,35.0,0.7963887548828125,False,PUT,2026-02-27,RBLX
RBLX260227P00074000,74.0,6.3,5.95,6.4,2.0,45.0,0.7707542456054688,False,PUT,2026-02-27,RBLX
RBLX260227P00075000,75.0,6.7,6.45,7.15,1.0,55.0,0.7810080493164062,True,PUT,2026-02-27,RBLX
RBLX260227P00076000,76.0,6.88,6.8,7.6,1.0,23.0,0.7619652709960938,True,PUT,2026-02-27,RBLX
RBLX260227P00077000,77.0,6.93,7.3,8.1,3.0,14.0,0.7521997436523438,True,PUT,2026-02-27,RBLX
RBLX260227P00078000,78.0,8.65,7.95,9.4,1.0,5.0,0.7951680639648437,True,PUT,2026-02-27,RBLX
RBLX260227P00079000,79.0,10.47,8.6,9.3,1.0,3.0,0.7534204345703125,True,PUT,2026-02-27,RBLX
RBLX260227P00080000,80.0,9.41,9.1,10.15,5.0,24.0,0.75586181640625,True,PUT,2026-02-27,RBLX
RBLX260227P00081000,81.0,11.09,9.9,10.95,1.0,9.0,0.7712425219726562,True,PUT,2026-02-27,RBLX
RBLX260227P00082000,82.0,10.21,10.65,11.15,1.0,11.0,0.7446314599609375,True,PUT,2026-02-27,RBLX
RBLX260227P00083000,83.0,12.15,11.2,12.55,2.0,8.0,0.7771018383789063,True,PUT,2026-02-27,RBLX
RBLX260227P00084000,84.0,14.22,11.8,12.75,1.0,7.0,0.7348659326171875,True,PUT,2026-02-27,RBLX
RBLX260227P00085000,85.0,14.5,12.5,13.3,1.0,7.0,0.717776259765625,True,PUT,2026-02-27,RBLX
RBLX260227P00086000,86.0,7.5,13.4,14.95,,6.0,0.7856466748046875,True,PUT,2026-02-27,RBLX
RBLX260227P00087000,87.0,10.35,14.1,15.35,1.0,7.0,0.7541528491210938,True,PUT,2026-02-27,RBLX
RBLX260227P00088000,88.0,17.67,14.75,15.6,1.0,5.0,0.7028838305664062,True,PUT,2026-02-27,RBLX
RBLX260227P00089000,89.0,17.6,15.5,17.55,12.0,21.0,0.7819846020507812,True,PUT,2026-02-27,RBLX
RBLX260227P00090000,90.0,18.52,16.35,18.45,12.0,12.0,0.7902853002929688,True,PUT,2026-02-27,RBLX
RBLX260227P00093000,93.0,19.58,18.75,21.0,3.0,33.0,0.7814963256835938,True,PUT,2026-02-27,RBLX
RBLX260227P00094000,94.0,22.1,19.1,21.85,16.0,4.0,0.7326686889648437,True,PUT,2026-02-27,RBLX
RBLX260227P00095000,95.0,23.06,19.95,22.75,16.0,3.0,0.7299831689453125,True,PUT,2026-02-27,RBLX
RBLX260306C00065000,65.0,13.5,11.8,14.45,4.0,1.0,0.8178729150390623,True,CALL,2026-03-06,RBLX
RBLX260306C00074000,74.0,7.02,7.25,8.4,4.0,7.0,0.790041162109375,True,CALL,2026-03-06,RBLX
RBLX260306C00075000,75.0,7.5,6.2,7.65,4.0,25.0,0.7429224926757811,False,CALL,2026-03-06,RBLX
RBLX260306C00077000,77.0,6.86,5.75,6.85,21.0,18.0,0.7666038964843751,False,CALL,2026-03-06,RBLX
RBLX260306C00078000,78.0,5.45,4.8,6.45,2.0,2.0,0.7370631762695312,False,CALL,2026-03-06,RBLX
RBLX260306C00080000,80.0,5.2,4.95,5.7,7.0,26.0,0.782228740234375,False,CALL,2026-03-06,RBLX
RBLX260306C00082000,82.0,4.5,3.65,4.95,1.0,2.0,0.7419459399414061,False,CALL,2026-03-06,RBLX
RBLX260306C00083000,83.0,3.8,3.55,4.7,1.0,4.0,0.7553735400390625,False,CALL,2026-03-06,RBLX
RBLX260306C00085000,85.0,3.0,2.84,4.25,1.0,8.0,0.7514673291015624,False,CALL,2026-03-06,RBLX
RBLX260306C00090000,90.0,2.0,2.21,2.8,10.0,11.0,0.7585473364257813,False,CALL,2026-03-06,RBLX
RBLX260306P00055000,55.0,0.99,0.63,1.01,1.0,7.0,0.778322529296875,False,PUT,2026-03-06,RBLX
RBLX260306P00060000,60.0,1.71,1.42,1.94,1.0,12.0,0.7749045947265626,False,PUT,2026-03-06,RBLX
RBLX260306P00064000,64.0,2.97,2.34,3.1,9.0,9.0,0.7731956274414062,False,PUT,2026-03-06,RBLX
RBLX260306P00067000,67.0,3.95,3.3,4.35,2.0,6.0,0.7839377075195313,False,PUT,2026-03-06,RBLX
RBLX260306P00068000,68.0,4.41,3.6,4.3,2.0,6.0,0.7521997436523438,False,PUT,2026-03-06,RBLX
RBLX260306P00070000,70.0,5.2,4.5,5.45,2.0,22.0,0.7744163183593751,False,PUT,2026-03-06,RBLX
RBLX260306P00074000,74.0,6.6,6.15,6.95,2.0,1.0,0.7341335180664061,False,PUT,2026-03-06,RBLX
RBLX260306P00075000,75.0,7.77,6.75,7.9,10.0,22.0,0.7587914746093751,True,PUT,2026-03-06,RBLX
RBLX260306P00076000,76.0,7.64,7.25,8.15,1.0,2.0,0.7388942126464844,True,PUT,2026-03-06,RBLX
RBLX260306P00083000,83.0,12.45,11.55,12.25,1.0,1.0,0.7026396923828125,True,PUT,2026-03-06,RBLX
RBLX260306P00084000,84.0,13.9,12.25,13.4,2.0,2.0,0.7251004052734374,True,PUT,2026-03-06,RBLX
RBLX260320C00052500,52.5,22.75,22.2,24.25,1.0,88.0,0.7758811474609376,True,CALL,2026-03-20,RBLX
RBLX260320C00055000,55.0,22.0,20.05,22.05,2.0,60.0,0.7614769946289064,True,CALL,2026-03-20,RBLX
RBLX260320C00057500,57.5,60.72,76.8,78.25,2.0,110.0,0.0,True,CALL,2026-03-20,RBLX
RBLX260320C00060000,60.0,17.7,16.0,17.95,23.0,121.0,0.7385280053710936,True,CALL,2026-03-20,RBLX
RBLX260320C00062500,62.5,16.01,14.15,16.05,2.0,117.0,0.7292507543945312,True,CALL,2026-03-20,RBLX
RBLX260320C00065000,65.0,12.2,13.1,14.25,3.0,173.0,0.7575707836914063,True,CALL,2026-03-20,RBLX
RBLX260320C00067500,67.5,13.0,11.95,12.7,2.0,91.0,0.7758811474609376,True,CALL,2026-03-20,RBLX
RBLX260320C00070000,70.0,9.36,9.9,11.15,2.0,2773.0,0.7368190380859375,True,CALL,2026-03-20,RBLX
RBLX260320C00072500,72.5,9.45,8.25,9.7,20.0,566.0,0.7124052197265626,True,CALL,2026-03-20,RBLX
RBLX260320C00075000,75.0,8.15,8.05,8.35,63.0,1994.0,0.7479273254394532,False,CALL,2026-03-20,RBLX
RBLX260320C00077500,77.5,6.88,6.75,7.45,34.0,593.0,0.7426783544921874,False,CALL,2026-03-20,RBLX
RBLX260320C00080000,80.0,6.11,5.95,6.25,128.0,3125.0,0.73633076171875,False,CALL,2026-03-20,RBLX
RBLX260320C00082500,82.5,5.0,4.15,5.55,5.0,1076.0,0.6972686523437501,False,CALL,2026-03-20,RBLX
RBLX260320C00085000,85.0,4.52,4.3,4.7,45.0,1583.0,0.7319362744140624,False,CALL,2026-03-20,RBLX
RBLX260320C00087500,87.5,3.51,3.4,4.1,11.0,697.0,0.72070591796875,False,CALL,2026-03-20,RBLX
RBLX260320C00090000,90.0,3.2,3.05,3.5,130.0,2147.0,0.72851833984375,False,CALL,2026-03-20,RBLX
RBLX260320C00092500,92.5,2.3,2.14,2.99,2.0,666.0,0.70312796875,False,CALL,2026-03-20,RBLX
RBLX260320C00095000,95.0,2.25,2.14,2.43,10.0,1213.0,0.717776259765625,False,CALL,2026-03-20,RBLX
RBLX260320P00052500,52.5,1.0,0.78,1.11,2.0,373.0,0.7690452783203126,False,PUT,2026-03-20,RBLX
RBLX260320P00055000,55.0,1.12,0.95,1.5,7.0,349.0,0.7473169799804689,False,PUT,2026-03-20,RBLX
RBLX260320P00057500,57.5,1.64,1.34,1.99,16.0,295.0,0.7417018017578124,False,PUT,2026-03-20,RBLX
RBLX260320P00060000,60.0,2.24,1.9,2.49,2.0,914.0,0.73437765625,False,PUT,2026-03-20,RBLX
RBLX260320P00062500,62.5,2.63,2.5,2.76,5.0,786.0,0.702151416015625,False,PUT,2026-03-20,RBLX
RBLX260320P00065000,65.0,3.92,3.25,3.65,12.0,582.0,0.7050810742187501,False,PUT,2026-03-20,RBLX
RBLX260320P00067500,67.5,4.5,4.1,4.45,1.0,597.0,0.694338994140625,False,PUT,2026-03-20,RBLX
RBLX260320P00070000,70.0,5.49,5.1,5.65,21.0,2437.0,0.6982452050781252,False,PUT,2026-03-20,RBLX
RBLX260320P00072500,72.5,6.52,6.2,7.1,1.0,912.0,0.7055693505859376,False,PUT,2026-03-20,RBLX
RBLX260320P00075000,75.0,8.45,7.35,8.3,11.0,2661.0,0.6915314050292969,True,PUT,2026-03-20,RBLX
RBLX260320P00077500,77.5,10.1,8.8,9.55,24.0,836.0,0.6821320849609377,True,PUT,2026-03-20,RBLX
RBLX260320P00080000,80.0,11.5,10.25,11.15,14.0,726.0,0.6777375976562501,True,PUT,2026-03-20,RBLX
RBLX260320P00082500,82.5,12.87,11.85,12.85,1.0,287.0,0.674075524902344,True,PUT,2026-03-20,RBLX
RBLX260320P00085000,85.0,15.54,13.6,14.5,3.0,696.0,0.6650424121093752,True,PUT,2026-03-20,RBLX
RBLX260320P00087500,87.5,15.6,15.45,16.3,8.0,251.0,0.6578403356933593,True,PUT,2026-03-20,RBLX
RBLX260320P00090000,90.0,19.26,17.35,18.35,30.0,1001.0,0.6567417138671876,True,PUT,2026-03-20,RBLX
RBLX260320P00092500,92.5,20.8,19.35,20.15,10.0,343.0,0.6372106591796876,True,PUT,2026-03-20,RBLX
RBLX260320P00095000,95.0,23.0,21.45,23.4,2.0,856.0,0.7045927978515626,True,PUT,2026-03-20,RBLX
RBLX260417C00055000,55.0,20.45,20.8,23.55,2.0,43.0,0.764650791015625,True,CALL,2026-04-17,RBLX
RBLX260417C00060000,60.0,18.62,16.95,19.15,5.0,70.0,0.7077665942382813,True,CALL,2026-04-17,RBLX
RBLX260417C00065000,65.0,13.45,13.65,15.55,3.0,44.0,0.6895782995605471,True,CALL,2026-04-17,RBLX
RBLX260417C00070000,70.0,11.45,11.45,12.5,5.0,690.0,0.7041045214843751,True,CALL,2026-04-17,RBLX
RBLX260417C00075000,75.0,9.5,9.05,9.95,66.0,473.0,0.6958038232421876,False,CALL,2026-04-17,RBLX
RBLX260417C00080000,80.0,7.5,7.5,7.65,47.0,1009.0,0.6984893432617189,False,CALL,2026-04-17,RBLX
RBLX260417C00085000,85.0,5.85,5.8,5.95,36.0,814.0,0.6914093359375001,False,CALL,2026-04-17,RBLX
RBLX260417C00090000,90.0,4.2,4.4,4.6,50.0,1349.0,0.6848176049804688,False,CALL,2026-04-17,RBLX
RBLX260417C00095000,95.0,2.73,3.4,3.55,12.0,1228.0,0.6843293286132813,False,CALL,2026-04-17,RBLX
RBLX260417P00055000,55.0,1.97,1.56,2.08,2.0,6206.0,0.6860382958984376,False,PUT,2026-04-17,RBLX
RBLX260417P00060000,60.0,2.82,2.6,3.45,60.0,574.0,0.6792024267578126,False,PUT,2026-04-17,RBLX
RBLX260417P00065000,65.0,4.85,4.2,5.1,4.0,759.0,0.6720003503417971,False,PUT,2026-04-17,RBLX
RBLX260417P00070000,70.0,6.43,6.2,7.05,13.0,442.0,0.6575961975097657,False,PUT,2026-04-17,RBLX
RBLX260417P00075000,75.0,9.4,8.6,9.35,45.0,317.0,0.6390416955566407,True,PUT,2026-04-17,RBLX
RBLX260417P00080000,80.0,11.88,11.45,12.05,25.0,591.0,0.6206092626953126,True,PUT,2026-04-17,RBLX
RBLX260417P00085000,85.0,14.8,14.7,15.75,2.0,396.0,0.6239051281738281,True,PUT,2026-04-17,RBLX
RBLX260417P00090000,90.0,19.65,18.35,19.3,25.0,498.0,0.6101113208007813,True,PUT,2026-04-17,RBLX
RBLX260417P00095000,95.0,22.65,22.4,22.9,3.0,369.0,0.5874064697265625,True,PUT,2026-04-17,RBLX
RBLX260618C00052500,52.5,27.7,24.6,26.85,21.0,55.0,0.72851833984375,True,CALL,2026-06-18,RBLX
RBLX260618C00055000,55.0,24.45,22.75,25.05,6.0,111.0,0.7209500561523439,True,CALL,2026-06-18,RBLX
RBLX260618C00057500,57.5,22.4,21.0,23.05,1.0,29.0,0.7038603833007813,True,CALL,2026-06-18,RBLX
RBLX260618C00060000,60.0,27.94,19.35,21.4,10.0,70.0,0.6986114123535156,True,CALL,2026-06-18,RBLX
RBLX260618C00062500,62.5,18.99,17.8,20.0,2.0,42.0,0.6994658959960938,True,CALL,2026-06-18,RBLX
RBLX260618C00065000,65.0,17.3,17.25,18.5,1.0,1894.0,0.7226590234375,True,CALL,2026-06-18,RBLX
RBLX260618C00067500,67.5,14.85,14.95,17.0,1.0,28.0,0.6865265722656251,True,CALL,2026-06-18,RBLX
RBLX260618C00070000,70.0,15.1,14.8,15.55,4.0,58.0,0.7114897015380859,True,CALL,2026-06-18,RBLX
RBLX260618C00072500,72.5,12.55,12.4,14.3,14.0,169.0,0.6728548339843752,True,CALL,2026-06-18,RBLX
RBLX260618C00075000,75.0,11.94,11.95,13.15,3.0,347.0,0.6879914013671876,False,CALL,2026-06-18,RBLX
RBLX260618C00077500,77.5,12.0,10.2,12.1,23.0,198.0,0.6658968957519533,False,CALL,2026-06-18,RBLX
RBLX260618C00080000,80.0,9.68,10.2,11.3,20.0,1984.0,0.6942169250488281,False,CALL,2026-06-18,RBLX
RBLX260618C00082500,82.5,9.7,9.05,10.15,69.0,282.0,0.6782258740234376,False,CALL,2026-06-18,RBLX
RBLX260618C00085000,85.0,8.8,8.5,9.25,67.0,351.0,0.6816438085937502,False,CALL,2026-06-18,RBLX
RBLX260618C00087500,87.5,7.75,7.55,8.5,80.0,92.0,0.6749300085449221,False,CALL,2026-06-18,RBLX
RBLX260618C00090000,90.0,7.45,7.15,7.75,1.0,968.0,0.680240014038086,False,CALL,2026-06-18,RBLX
RBLX260618C00092500,92.5,6.75,5.95,7.05,1.0,308.0,0.6615024084472658,False,CALL,2026-06-18,RBLX
RBLX260618C00095000,95.0,6.15,5.85,6.45,2.0,1235.0,0.6737093176269533,False,CALL,2026-06-18,RBLX
RBLX260618P00052500,52.5,3.0,2.48,3.25,2.0,95.0,0.6723665576171877,False,PUT,2026-06-18,RBLX
RBLX260618P00055000,55.0,3.25,2.95,3.95,7.0,420.0,0.6624789611816408,False,PUT,2026-06-18,RBLX
RBLX260618P00057500,57.5,4.5,3.75,4.8,3.0,534.0,0.6655306884765627,False,PUT,2026-06-18,RBLX
RBLX260618P00060000,60.0,5.32,4.75,5.7,10.0,1002.0,0.6701693139648439,False,PUT,2026-06-18,RBLX
RBLX260618P00062500,62.5,5.55,5.5,6.6,9.0,192.0,0.6596713720703126,False,PUT,2026-06-18,RBLX
RBLX260618P00065000,65.0,7.15,6.7,7.65,43.0,699.0,0.6632113757324221,False,PUT,2026-06-18,RBLX
RBLX260618P00067500,67.5,8.5,7.75,8.75,1.0,546.0,0.6579624047851562,False,PUT,2026-06-18,RBLX
RBLX260618P00070000,70.0,9.62,8.9,10.0,10.0,6571.0,0.6550327465820314,False,PUT,2026-06-18,RBLX
RBLX260618P00072500,72.5,10.4,10.15,10.55,11.0,352.0,0.6306799627685546,False,PUT,2026-06-18,RBLX
RBLX260618P00075000,75.0,12.37,11.35,12.4,2.0,748.0,0.6369665209960937,True,PUT,2026-06-18,RBLX
RBLX260618P00077500,77.5,13.25,12.75,14.3,10.0,425.0,0.645389288330078,True,PUT,2026-06-18,RBLX
RBLX260618P00080000,80.0,14.5,14.2,15.15,6.0,1043.0,0.6225623681640625,True,PUT,2026-06-18,RBLX
RBLX260618P00082500,82.5,16.2,15.8,16.5,1.0,473.0,0.6132851171875001,True,PUT,2026-06-18,RBLX
RBLX260618P00085000,85.0,17.6,17.35,18.2,23.0,522.0,0.6081582153320313,True,PUT,2026-06-18,RBLX
RBLX260618P00087500,87.5,18.9,19.05,20.65,2.0,317.0,0.624027197265625,True,PUT,2026-06-18,RBLX
RBLX260618P00090000,90.0,22.65,20.95,22.45,1.0,1183.0,0.6243934045410158,True,PUT,2026-06-18,RBLX
RBLX260618P00092500,92.5,16.5,22.5,24.2,16.0,1189.0,0.609928217163086,True,PUT,2026-06-18,RBLX
RBLX260618P00095000,95.0,25.92,24.55,26.4,1.0,2825.0,0.6196327099609377,True,PUT,2026-06-18,RBLX
RBLX260717C00055000,55.0,24.76,24.4,25.55,2.0,55.0,0.7346217944335938,True,CALL,2026-07-17,RBLX
RBLX260717C00060000,60.0,22.75,20.05,22.1,37.0,115.0,0.6805451867675782,True,CALL,2026-07-17,RBLX
RBLX260717C00065000,65.0,22.4,18.0,19.1,11.0,22.0,0.696414168701172,True,CALL,2026-07-17,RBLX
RBLX260717C00070000,70.0,14.5,15.25,16.4,1.0,25.0,0.6821320849609377,True,CALL,2026-07-17,RBLX
RBLX260717C00075000,75.0,13.79,12.85,14.05,2.0,117.0,0.6717562121582032,False,CALL,2026-07-17,RBLX
RBLX260717C00080000,80.0,10.82,11.3,11.85,5.0,270.0,0.6728548339843752,False,CALL,2026-07-17,RBLX
RBLX260717C00085000,85.0,8.7,8.75,10.05,3.0,60.0,0.6466099792480469,False,CALL,2026-07-17,RBLX
RBLX260717C00090000,90.0,7.75,7.75,8.6,3.0,84.0,0.6558872302246095,False,CALL,2026-07-17,RBLX
RBLX260717C00095000,95.0,5.95,6.1,7.25,4.0,92.0,0.6409948010253907,False,CALL,2026-07-17,RBLX
RBLX260717P00055000,55.0,4.09,3.65,3.95,84.0,819.0,0.6301306518554688,False,PUT,2026-07-17,RBLX
RBLX260717P00060000,60.0,5.35,5.25,5.55,2.0,629.0,0.6215858154296876,False,PUT,2026-07-17,RBLX
RBLX260717P00065000,65.0,7.4,7.15,7.5,3.0,139.0,0.6125527026367189,False,PUT,2026-07-17,RBLX
RBLX260717P00070000,70.0,9.75,9.45,9.8,4.0,64.0,0.6058389025878907,False,PUT,2026-07-17,RBLX
RBLX260717P00075000,75.0,12.33,12.0,12.7,1.0,135.0,0.6038857971191409,True,PUT,2026-07-17,RBLX
RBLX260717P00080000,80.0,15.65,14.9,15.65,11.0,83.0,0.5964395825195312,True,PUT,2026-07-17,RBLX
RBLX260717P00085000,85.0,18.45,17.95,18.9,3.0,41.0,0.5861247442626953,True,PUT,2026-07-17,RBLX
RBLX260717P00090000,90.0,22.0,21.5,22.3,3.0,255.0,0.5788616333007812,True,PUT,2026-07-17,RBLX
RBLX260717P00095000,95.0,19.99,25.05,26.1,1.0,2.0,0.5697674859619142,True,PUT,2026-07-17,RBLX
RBLX260918C00055000,55.0,24.47,25.05,27.25,4.0,23.0,0.6978789978027344,True,CALL,2026-09-18,RBLX
RBLX260918C00060000,60.0,21.2,22.05,24.2,3.0,82.0,0.6903107141113283,True,CALL,2026-09-18,RBLX
RBLX260918C00065000,65.0,20.76,20.25,21.35,2.0,82.0,0.7034941760253908,True,CALL,2026-09-18,RBLX
RBLX260918C00070000,70.0,16.85,17.6,18.85,2.0,77.0,0.6911041632080079,True,CALL,2026-09-18,RBLX
RBLX260918C00072500,72.5,15.36,16.4,17.7,1.0,153.0,0.6861603649902344,True,CALL,2026-09-18,RBLX
RBLX260918C00075000,75.0,15.0,14.4,16.6,1.0,72.0,0.6623568920898439,False,CALL,2026-09-18,RBLX
RBLX260918C00077500,77.5,13.72,14.25,15.55,23.0,102.0,0.6774934594726563,False,CALL,2026-09-18,RBLX
RBLX260918C00080000,80.0,13.85,12.5,14.55,4.0,192.0,0.6570468865966796,False,CALL,2026-09-18,RBLX
RBLX260918C00082500,82.5,11.68,11.65,13.6,2.0,31.0,0.6546055047607424,False,CALL,2026-09-18,RBLX
RBLX260918C00085000,85.0,11.3,11.45,12.75,2.0,142.0,0.665713792114258,False,CALL,2026-09-18,RBLX
RBLX260918C00087500,87.5,11.2,10.1,11.95,2.0,4648.0,0.6517368811035158,False,CALL,2026-09-18,RBLX
RBLX260918C00090000,90.0,10.62,9.45,11.15,8.0,258.0,0.65039412109375,False,CALL,2026-09-18,RBLX
RBLX260918C00092500,92.5,9.3,9.15,10.4,2.0,77.0,0.6557041265869141,False,CALL,2026-09-18,RBLX
RBLX260918C00095000,95.0,8.97,8.2,9.7,4.0,119.0,0.64648791015625,False,CALL,2026-09-18,RBLX
RBLX260918P00055000,55.0,5.8,5.0,6.0,51.0,4745.0,0.6440465283203125,False,PUT,2026-09-18,RBLX
RBLX260918P00060000,60.0,7.7,6.75,7.85,1.0,137.0,0.6333654827880859,False,PUT,2026-09-18,RBLX
RBLX260918P00065000,65.0,9.12,8.9,10.15,1.0,288.0,0.6298254791259765,False,PUT,2026-09-18,RBLX
RBLX260918P00070000,70.0,11.59,11.3,12.65,2.0,162.0,0.6231727136230469,False,PUT,2026-09-18,RBLX
RBLX260918P00072500,72.5,13.2,12.6,14.15,5.0,274.0,0.6231727136230469,False,PUT,2026-09-18,RBLX
RBLX260918P00075000,75.0,14.75,13.8,15.45,17.0,89.0,0.6136513244628907,True,PUT,2026-09-18,RBLX
RBLX260918P00077500,77.5,12.3,15.35,17.1,1.0,84.0,0.6165809826660158,True,PUT,2026-09-18,RBLX
RBLX260918P00080000,80.0,18.3,16.7,18.6,2.0,227.0,0.609500975341797,True,PUT,2026-09-18,RBLX
RBLX260918P00082500,82.5,19.66,18.45,20.2,1.0,46.0,0.6104775280761721,True,PUT,2026-09-18,RBLX
RBLX260918P00085000,85.0,16.0,20.05,21.85,3.0,230.0,0.6069985589599609,True,PUT,2026-09-18,RBLX
RBLX260918P00087500,87.5,22.9,21.65,23.55,10.0,64.0,0.6022988989257814,True,PUT,2026-09-18,RBLX
RBLX260918P00090000,90.0,23.58,23.2,25.3,10.0,287.0,0.5954630297851562,True,PUT,2026-09-18,RBLX
RBLX260918P00092500,92.5,23.03,24.95,27.1,1.0,132.0,0.5917399224853517,True,PUT,2026-09-18,RBLX
RBLX260918P00095000,95.0,27.92,26.85,28.9,1.0,68.0,0.5892375061035158,True,PUT,2026-09-18,RBLX
RBLX261218C00052500,52.5,37.85,29.8,30.75,11.0,23.0,0.726565234375,True,CALL,2026-12-18,RBLX
RBLX261218C00055000,55.0,34.86,27.1,30.05,1.0,77.0,0.7114286669921875,True,CALL,2026-12-18,RBLX
RBLX261218C00057500,57.5,33.55,25.65,28.5,1.0,65.0,0.7039824523925782,True,CALL,2026-12-18,RBLX
RBLX261218C00060000,60.0,24.95,24.3,27.1,10.0,80.0,0.6998321032714845,True,CALL,2026-12-18,RBLX
RBLX261218C00062500,62.5,28.0,23.05,25.55,1.0,37.0,0.6922638195800781,True,CALL,2026-12-18,RBLX
RBLX261218C00065000,65.0,24.01,22.75,24.3,11.0,244.0,0.7084990087890625,True,CALL,2026-12-18,RBLX
RBLX261218C00067500,67.5,22.42,20.55,23.25,1.0,28.0,0.6873810559082032,True,CALL,2026-12-18,RBLX
RBLX261218C00070000,70.0,19.1,19.5,22.0,1.0,109.0,0.6837800177001954,True,CALL,2026-12-18,RBLX
RBLX261218C00072500,72.5,18.85,19.15,20.85,2.0,36.0,0.6934845104980469,True,CALL,2026-12-18,RBLX
RBLX261218C00075000,75.0,18.61,17.25,19.2,1.0,607.0,0.662662064819336,False,CALL,2026-12-18,RBLX
RBLX261218C00077500,77.5,16.1,16.3,19.0,1.0,51.0,0.6751131121826173,False,CALL,2026-12-18,RBLX
RBLX261218C00080000,80.0,16.32,16.05,17.25,1.0,306.0,0.670047244873047,False,CALL,2026-12-18,RBLX
RBLX261218C00082500,82.5,14.85,14.4,16.3,1.0,20.0,0.6527134338378908,False,CALL,2026-12-18,RBLX
RBLX261218C00085000,85.0,14.5,13.7,15.4,1.0,317.0,0.6519199847412109,False,CALL,2026-12-18,RBLX
RBLX261218C00087500,87.5,14.15,13.3,15.0,1.0,23.0,0.6639437902832033,False,CALL,2026-12-18,RBLX
RBLX261218C00090000,90.0,13.3,12.7,14.4,2.0,3600.0,0.6673617248535157,False,CALL,2026-12-18,RBLX
RBLX261218C00092500,92.5,11.85,11.2,13.1,2.0,3428.0,0.6409948010253907,False,CALL,2026-12-18,RBLX
RBLX261218C00095000,95.0,12.0,10.5,12.35,2.0,512.0,0.6373327282714845,False,CALL,2026-12-18,RBLX
RBLX261218P00052500,52.5,4.0,5.55,6.2,4.0,84.0,0.614261669921875,False,PUT,2026-12-18,RBLX
RBLX261218P00055000,55.0,7.3,6.45,7.5,4.0,118.0,0.6204871936035157,False,PUT,2026-12-18,RBLX
RBLX261218P00057500,57.5,6.95,7.4,8.1,38.0,53.0,0.6072426971435547,False,PUT,2026-12-18,RBLX
RBLX261218P00060000,60.0,9.1,7.65,9.2,20.0,61.0,0.5875895733642578,False,PUT,2026-12-18,RBLX
RBLX261218P00062500,62.5,6.9,9.55,11.4,1.0,221.0,0.6251868536376954,False,PUT,2026-12-18,RBLX
RBLX261218P00065000,65.0,10.75,10.8,11.9,1.0,196.0,0.6088906298828126,False,PUT,2026-12-18,RBLX
RBLX261218P00067500,67.5,8.61,11.95,13.4,11.0,56.0,0.6088295953369143,False,PUT,2026-12-18,RBLX
RBLX261218P00070000,70.0,14.03,13.25,14.3,10.0,94.0,0.5976602734375001,False,PUT,2026-12-18,RBLX
RBLX261218P00072500,72.5,12.25,14.6,16.5,6.0,48.0,0.6101113208007813,False,PUT,2026-12-18,RBLX
RBLX261218P00075000,75.0,16.72,15.95,17.4,4.0,216.0,0.5958292370605469,True,PUT,2026-12-18,RBLX
RBLX261218P00077500,77.5,14.7,16.95,19.4,5.0,34.0,0.5936930279541017,True,PUT,2026-12-18,RBLX
RBLX261218P00080000,80.0,19.3,18.9,20.9,3.0,333.0,0.5977213079833985,True,PUT,2026-12-18,RBLX
RBLX261218P00082500,82.5,15.93,20.45,22.75,50.0,68.0,0.5989419989013673,True,PUT,2026-12-18,RBLX
RBLX261218P00085000,85.0,18.85,22.0,24.05,4.0,473.0,0.5886271606445312,True,PUT,2026-12-18,RBLX
RBLX261218P00087500,87.5,20.42,23.65,26.0,1.0,91.0,0.5900919897460939,True,PUT,2026-12-18,RBLX
RBLX261218P00090000,90.0,26.61,25.35,26.45,5.0,120.0,0.5641523077392578,True,PUT,2026-12-18,RBLX
RBLX261218P00092500,92.5,19.6,0.0,27.3,10.0,270.0,0.5480391876220705,True,PUT,2026-12-18,RBLX
RBLX261218P00095000,95.0,25.26,28.85,29.75,1.0,101.0,0.5519453985595704,True,PUT,2026-12-18,RBLX
RBLX270115C00052500,52.5,40.2,30.0,31.2,4.0,82.0,0.7131376342773439,True,CALL,2027-01-15,RBLX
RBLX270115C00055000,55.0,29.57,27.65,30.0,1.0,295.0,0.6942169250488281,True,CALL,2027-01-15,RBLX
RBLX270115C00057500,57.5,26.0,26.25,28.25,1.0,36.0,0.6831696722412111,True,CALL,2027-01-15,RBLX
RBLX270115C00060000,60.0,24.88,24.9,26.9,20.0,279.0,0.6799348413085939,True,CALL,2027-01-15,RBLX
RBLX270115C00062500,62.5,35.45,24.05,25.55,1.0,79.0,0.684573466796875,True,CALL,2027-01-15,RBLX
RBLX270115C00065000,65.0,23.71,23.3,25.2,3.0,429.0,0.7084379742431641,True,CALL,2027-01-15,RBLX
RBLX270115C00067500,67.5,22.9,21.85,23.2,2.0,55.0,0.6834748449707033,True,CALL,2027-01-15,RBLX
RBLX270115C00070000,70.0,21.4,20.0,22.25,8.0,392.0,0.670047244873047,True,CALL,2027-01-15,RBLX
RBLX270115C00072500,72.5,19.03,19.75,20.9,50.0,153.0,0.6772493212890626,True,CALL,2027-01-15,RBLX
RBLX270115C00075000,75.0,19.7,19.15,19.65,31.0,1177.0,0.6779207012939454,False,CALL,2027-01-15,RBLX
RBLX270115C00077500,77.5,17.46,16.95,18.95,4.0,276.0,0.6583286120605469,False,CALL,2027-01-15,RBLX
RBLX270115C00080000,80.0,17.0,16.5,17.65,19.0,1130.0,0.6577182666015625,False,CALL,2027-01-15,RBLX
RBLX270115C00082500,82.5,15.45,15.8,16.95,3.0,90.0,0.6616244775390626,False,CALL,2027-01-15,RBLX
RBLX270115C00085000,85.0,14.24,14.55,16.05,5.0,711.0,0.6511875701904297,False,CALL,2027-01-15,RBLX
RBLX270115C00087500,87.5,14.04,14.4,15.65,10.0,193.0,0.6669344830322268,False,CALL,2027-01-15,RBLX
RBLX270115C00090000,90.0,13.85,13.35,14.65,23.0,609.0,0.6556430920410157,False,CALL,2027-01-15,RBLX
RBLX270115C00092500,92.5,12.16,11.85,13.95,2.0,216.0,0.6405675592041016,False,CALL,2027-01-15,RBLX
RBLX270115C00095000,95.0,12.0,11.95,13.3,14.0,381.0,0.6525303302001955,False,CALL,2027-01-15,RBLX
RBLX270115P00052500,52.5,6.13,5.85,6.65,2.0,1396.0,0.6084023535156251,False,PUT,2027-01-15,RBLX
RBLX270115P00055000,55.0,7.17,6.45,8.45,1.0,1209.0,0.6179237426757813,False,PUT,2027-01-15,RBLX
RBLX270115P00057500,57.5,9.07,6.9,9.65,2.0,70.0,0.6062051098632814,False,PUT,2027-01-15,RBLX
RBLX270115P00060000,60.0,10.0,8.85,9.55,1.0,305.0,0.5969278588867188,False,PUT,2027-01-15,RBLX
RBLX270115P00062500,62.5,10.49,9.7,11.7,1.0,55.0,0.6090126989746094,False,PUT,2027-01-15,RBLX
RBLX270115P00065000,65.0,11.38,11.05,13.0,4.0,445.0,0.6107216662597659,False,PUT,2027-01-15,RBLX
RBLX270115P00067500,67.5,13.0,11.6,14.25,1.0,309.0,0.5936319934082033,False,PUT,2027-01-15,RBLX
RBLX270115P00070000,70.0,13.8,13.55,15.6,2.0,215.0,0.6030313134765627,False,PUT,2027-01-15,RBLX
RBLX270115P00072500,72.5,15.85,14.25,17.0,10.0,32.0,0.5880778497314454,False,PUT,2027-01-15,RBLX
RBLX270115P00075000,75.0,16.76,15.65,17.55,1.0,91.0,0.5690350714111327,True,PUT,2027-01-15,RBLX
RBLX270115P00077500,77.5,13.3,17.65,19.95,1.0,115.0,0.5914957843017579,True,PUT,2027-01-15,RBLX
RBLX270115P00080000,80.0,20.55,19.1,20.5,7.0,251.0,0.5700116241455078,True,PUT,2027-01-15,RBLX
RBLX270115P00082500,82.5,18.02,20.0,23.3,9.0,96.0,0.5763592169189453,True,PUT,2027-01-15,RBLX
RBLX270115P00085000,85.0,23.4,22.2,24.4,10.0,685.0,0.5741619732666017,True,PUT,2027-01-15,RBLX
RBLX270115P00087500,87.5,20.35,23.4,26.1,2.0,241.0,0.563602996826172,True,PUT,2027-01-15,RBLX
RBLX270115P00090000,90.0,26.2,25.8,27.65,4.0,2186.0,0.5694623132324219,True,PUT,2027-01-15,RBLX
RBLX270115P00092500,92.5,27.85,27.5,29.55,2.0,2964.0,0.5679974841308593,True,PUT,2027-01-15,RBLX
RBLX270115P00095000,95.0,31.05,29.15,31.3,30.0,135.0,0.5616498913574219,True,PUT,2027-01-15,RBLX
RBLX280121C00055000,55.0,40.75,33.5,35.75,2.0,83.0,0.6722444885253909,True,CALL,2028-01-21,RBLX
RBLX280121C00060000,60.0,31.35,30.5,33.45,3.0,117.0,0.6558872302246095,True,CALL,2028-01-21,RBLX
RBLX280121C00065000,65.0,29.0,29.05,31.3,4.0,84.0,0.6608310284423828,True,CALL,2028-01-21,RBLX
RBLX280121C00070000,70.0,28.6,28.3,29.25,5.0,130.0,0.6720613848876955,True,CALL,2028-01-21,RBLX
RBLX280121C00075000,75.0,25.95,24.9,29.0,11.0,377.0,0.6674227593994142,False,CALL,2028-01-21,RBLX
RBLX280121C00080000,80.0,23.3,23.45,26.0,26.0,197.0,0.6495396374511719,False,CALL,2028-01-21,RBLX
RBLX280121C00085000,85.0,23.5,22.85,24.45,29.0,419.0,0.6584506811523438,False,CALL,2028-01-21,RBLX
RBLX280121C00090000,90.0,21.15,20.35,23.0,15.0,511.0,0.6422765264892578,False,CALL,2028-01-21,RBLX
RBLX280121C00095000,95.0,19.02,18.8,21.5,5.0,202.0,0.6351354846191408,False,CALL,2028-01-21,RBLX
RBLX280121P00055000,55.0,11.0,9.85,12.65,10.0,35.0,0.5552412640380859,False,PUT,2028-01-21,RBLX
RBLX280121P00060000,60.0,14.0,12.45,15.0,1.0,21.0,0.5512740185546876,False,PUT,2028-01-21,RBLX
RBLX280121P00065000,65.0,16.34,14.9,17.85,2.0,172.0,0.5468184967041017,False,PUT,2028-01-21,RBLX
RBLX280121P00070000,70.0,20.0,18.35,20.8,1.0,54.0,0.5522505712890625,False,PUT,2028-01-21,RBLX
RBLX280121P00075000,75.0,22.8,20.55,23.7,10.0,81.0,0.5361069338989258,True,PUT,2028-01-21,RBLX
RBLX280121P00080000,80.0,25.39,23.6,26.75,15.0,187.0,0.5293626165771486,True,PUT,2028-01-21,RBLX
RBLX280121P00085000,85.0,28.0,27.0,29.75,10.0,65.0,0.5229539892578124,True,PUT,2028-01-21,RBLX
RBLX280121P00090000,90.0,26.0,30.1,33.3,8.0,142.0,0.5164843273925781,True,PUT,2028-01-21,RBLX
RBLX280121P00095000,95.0,36.1,34.0,36.7,5.0,51.0,0.5148363946533203,True,PUT,2028-01-21,RBLX
RF260220C00020000,20.0,7.8,7.5,8.9,50.0,1.0,1.224613251953125,True,CALL,2026-02-20,RF
RF260220C00021000,21.0,7.2,7.0,6.2,1.0,2.0,1.0000000000000003e-05,True,CALL,2026-02-20,RF
RF260220C00022000,22.0,5.5,6.0,7.0,2.0,11.0,0.57812921875,True,CALL,2026-02-20,RF
RF260220C00023000,23.0,5.27,5.0,6.0,5.0,37.0,0.911133701171875,True,CALL,2026-02-20,RF
RF260220C00024000,24.0,4.0,4.0,4.9,10.0,87.0,0.729494892578125,True,CALL,2026-02-20,RF
RF260220C00025000,25.0,3.35,3.0,3.5,4.0,189.0,0.32813171874999997,True,CALL,2026-02-20,RF
RF260220C00026000,26.0,1.9,2.1,2.5,2.0,405.0,0.2461012890625,True,CALL,2026-02-20,RF
RF260220C00027000,27.0,1.45,1.45,1.6,7.0,583.0,0.22754678710937498,True,CALL,2026-02-20,RF
RF260220C00028000,28.0,0.8,0.75,0.9,298.0,2401.0,0.231452998046875,True,CALL,2026-02-20,RF
RF260220C00029000,29.0,0.35,0.3,0.35,314.0,6499.0,0.20410952148437497,False,CALL,2026-02-20,RF
RF260220C00030000,30.0,0.12,0.1,0.15,8.0,4512.0,0.22364057617187497,False,CALL,2026-02-20,RF
RF260220C00031000,31.0,0.03,0.0,0.3,4.0,2375.0,0.38867798828125,False,CALL,2026-02-20,RF
RF260220C00032000,32.0,0.18,0.0,0.35,3.0,15.0,0.49805189453125004,False,CALL,2026-02-20,RF
RF260220C00033000,33.0,0.18,0.0,0.55,2.0,1.0,0.53320779296875,False,CALL,2026-02-20,RF
RF260220C00034000,34.0,0.08,0.0,0.45,,1.0,0.569340244140625,False,CALL,2026-02-20,RF
RF260220P00020000,20.0,0.04,0.0,0.25,1.0,239.0,0.8828136718749999,False,PUT,2026-02-20,RF
RF260220P00021000,21.0,0.38,0.0,0.45,48.0,126.0,0.8964854101562498,False,PUT,2026-02-20,RF
RF260220P00022000,22.0,0.09,0.0,0.4,1.0,212.0,0.76367423828125,False,PUT,2026-02-20,RF
RF260220P00023000,23.0,0.05,0.0,0.45,3.0,147.0,0.6816438085937502,False,PUT,2026-02-20,RF
RF260220P00024000,24.0,0.08,0.0,0.25,5.0,246.0,0.596683720703125,False,PUT,2026-02-20,RF
RF260220P00025000,25.0,0.1,0.05,0.15,2.0,290.0,0.41992767578125,False,PUT,2026-02-20,RF
RF260220P00026000,26.0,0.12,0.05,0.15,2.0,6878.0,0.3242255078124999,False,PUT,2026-02-20,RF
RF260220P00027000,27.0,0.3,0.2,0.25,1.0,466.0,0.27539787109374997,False,PUT,2026-02-20,RF
RF260220P00028000,28.0,0.5,0.45,0.6,15.0,333.0,0.2841868457031249,False,PUT,2026-02-20,RF
RF260220P00029000,29.0,1.17,0.95,1.1,175.0,672.0,0.27539787109374997,True,PUT,2026-02-20,RF
RF260220P00030000,30.0,1.87,1.75,1.9,30.0,15.0,0.3149482568359374,True,PUT,2026-02-20,RF
RF260220P00032000,32.0,3.75,2.85,4.7,1.0,2.0,0.840821904296875,True,PUT,2026-02-20,RF
RF260220P00034000,34.0,6.25,4.8,6.7,2.0,0.0,0.5468795312500001,True,PUT,2026-02-20,RF
RF260220P00035000,35.0,6.78,5.8,7.8,1.0,2.0,0.647464462890625,True,PUT,2026-02-20,RF
RF260320C00022000,22.0,6.9,6.0,6.9,,1.0,0.6513706738281251,True,CALL,2026-03-20,RF
RF260320C00024000,24.0,4.85,3.8,4.9,10.0,15.0,0.4897511962890626,True,CALL,2026-03-20,RF
RF260320C00025000,25.0,3.1,2.95,4.0,2.0,3.0,0.44482977050781247,True,CALL,2026-03-20,RF
RF260320C00026000,26.0,2.28,2.1,2.7,1.0,16.0,0.260749580078125,True,CALL,2026-03-20,RF
RF260320C00027000,27.0,1.5,1.7,1.9,3.0,48.0,0.24658956542968752,True,CALL,2026-03-20,RF
RF260320C00028000,28.0,0.85,1.05,1.25,4.0,121.0,0.24024197265624997,True,CALL,2026-03-20,RF
RF260320C00029000,29.0,0.54,0.55,0.75,1.0,191.0,0.23438265625,False,CALL,2026-03-20,RF
RF260320C00030000,30.0,0.35,0.3,0.4,31.0,965.0,0.22705851074218747,False,CALL,2026-03-20,RF
RF260320C00031000,31.0,0.16,0.1,0.3,1.0,360.0,0.260749580078125,False,CALL,2026-03-20,RF
RF260320C00032000,32.0,0.13,0.05,0.4,20.0,44.0,0.35156898437499995,False,CALL,2026-03-20,RF
RF260320C00033000,33.0,0.1,0.0,0.5,10.0,11.0,0.43945873046875,False,CALL,2026-03-20,RF
RF260320C00035000,35.0,0.08,0.0,0.45,,10.0,0.5205126074218749,False,CALL,2026-03-20,RF
RF260320P00020000,20.0,0.18,0.0,0.5,10.0,11.0,0.6953155468750001,False,PUT,2026-03-20,RF
RF260320P00021000,21.0,0.25,0.0,0.5,,1.0,0.6191444335937502,False,PUT,2026-03-20,RF
RF260320P00022000,22.0,0.11,0.0,0.5,2.0,24.0,0.5449264257812501,False,PUT,2026-03-20,RF
RF260320P00023000,23.0,0.15,0.05,0.25,2.0,8.0,0.471684970703125,False,PUT,2026-03-20,RF
RF260320P00024000,24.0,0.2,0.1,0.3,2.0,11.0,0.42383388671875,False,PUT,2026-03-20,RF
RF260320P00025000,25.0,0.28,0.2,0.35,2.0,109.0,0.3711000390625,False,PUT,2026-03-20,RF
RF260320P00026000,26.0,0.5,0.3,0.5,10.0,252.0,0.3437565625,False,PUT,2026-03-20,RF
RF260320P00027000,27.0,0.75,0.5,0.7,4.0,319.0,0.3139717041015625,False,PUT,2026-03-20,RF
RF260320P00028000,28.0,0.9,0.85,0.95,36.0,1394.0,0.27539787109374997,False,PUT,2026-03-20,RF
RF260320P00029000,29.0,1.23,1.4,1.65,10.0,241.0,0.31641308593749995,True,PUT,2026-03-20,RF
RF260320P00030000,30.0,2.25,1.4,3.1,,1.0,0.5141650146484374,True,PUT,2026-03-20,RF
RF260320P00031000,31.0,2.55,2.15,4.0,,2.0,0.5698285205078125,True,PUT,2026-03-20,RF
RF260417C00026000,26.0,2.68,2.7,2.95,,1.0,0.27735097656249996,True,CALL,2026-04-17,RF
RF260417C00028000,28.0,1.1,1.35,1.55,1.0,4.0,0.2512281909179687,True,CALL,2026-04-17,RF
RF260417C00029000,29.0,0.89,0.85,1.05,15.0,21.0,0.2456130126953125,False,CALL,2026-04-17,RF
RF260417C00030000,30.0,0.61,0.5,0.8,2.0,16.0,0.2668530346679688,False,CALL,2026-04-17,RF
RF260417C00031000,31.0,0.35,0.3,0.55,1.0,5.0,0.2710033837890625,False,CALL,2026-04-17,RF
RF260417C00032000,32.0,0.2,0.15,0.4,30.0,95.0,0.282233740234375,False,CALL,2026-04-17,RF
RF260417C00033000,33.0,0.25,0.1,0.4,,1.0,0.32520206054687495,False,CALL,2026-04-17,RF
RF260417P00020000,20.0,0.19,0.05,0.55,,3.0,0.585941640625,False,PUT,2026-04-17,RF
RF260417P00021000,21.0,0.16,0.05,0.6,,2.0,0.534184345703125,False,PUT,2026-04-17,RF
RF260417P00023000,23.0,0.25,0.15,0.6,5.0,6.0,0.5063525927734375,False,PUT,2026-04-17,RF
RF260417P00024000,24.0,0.35,0.2,0.45,,1.0,0.3920959228515625,False,PUT,2026-04-17,RF
RF260417P00025000,25.0,0.33,0.3,0.6,12.0,2.0,0.36963520996093746,False,PUT,2026-04-17,RF
RF260417P00026000,26.0,0.73,0.5,0.75,6.0,8.0,0.336920693359375,False,PUT,2026-04-17,RF
RF260417P00027000,27.0,0.73,0.75,1.05,,32.0,0.32569033691406246,False,PUT,2026-04-17,RF
RF260417P00028000,28.0,1.27,1.15,1.35,,0.0,0.2985909985351562,False,PUT,2026-04-17,RF
RF260417P00029000,29.0,1.67,1.65,2.0,,0.0,0.32080757324218745,True,PUT,2026-04-17,RF
RF260515C00020000,20.0,5.29,5.0,6.6,,20.0,1.0000000000000003e-05,True,CALL,2026-05-15,RF
RF260515C00021000,21.0,4.1,0.0,0.0,14.0,14.0,1.0000000000000003e-05,True,CALL,2026-05-15,RF
RF260515C00022000,22.0,5.15,5.8,7.2,2.0,4.0,0.5390671093750001,True,CALL,2026-05-15,RF
RF260515C00023000,23.0,4.93,4.9,6.1,5.0,28.0,0.4497125341796875,True,CALL,2026-05-15,RF
RF260515C00024000,24.0,4.64,4.0,5.2,5.0,13.0,0.414068359375,True,CALL,2026-05-15,RF
RF260515C00025000,25.0,3.77,3.1,4.3,5.0,138.0,0.37402969726562496,True,CALL,2026-05-15,RF
RF260515C00026000,26.0,3.66,2.95,3.2,2.0,96.0,0.29053443847656246,True,CALL,2026-05-15,RF
RF260515C00027000,27.0,2.73,2.2,2.45,10.0,128.0,0.27197993652343744,True,CALL,2026-05-15,RF
RF260515C00028000,28.0,1.55,1.55,1.85,2.0,236.0,0.26563234375,True,CALL,2026-05-15,RF
RF260515C00029000,29.0,1.41,1.05,1.35,12.0,523.0,0.2600171655273438,False,CALL,2026-05-15,RF
RF260515C00030000,30.0,0.81,0.7,1.0,29.0,397.0,0.26367923828125,False,CALL,2026-05-15,RF
RF260515C00031000,31.0,0.6,0.45,0.6,9.0,1317.0,0.24243921630859372,False,CALL,2026-05-15,RF
RF260515C00032000,32.0,0.6,0.25,0.55,18.0,363.0,0.27539787109374997,False,CALL,2026-05-15,RF
RF260515C00033000,33.0,0.4,0.15,0.4,46.0,48.0,0.2797923583984374,False,CALL,2026-05-15,RF
RF260515P00020000,20.0,0.4,0.0,0.0,6.0,147.0,0.12500875,False,PUT,2026-05-15,RF
RF260515P00021000,21.0,0.55,0.0,0.0,1.0,101.0,0.12500875,False,PUT,2026-05-15,RF
RF260515P00022000,22.0,0.3,0.15,0.65,5.0,357.0,0.5092822509765625,False,PUT,2026-05-15,RF
RF260515P00023000,23.0,0.38,0.2,0.65,10.0,88.0,0.44873598144531246,False,PUT,2026-05-15,RF
RF260515P00024000,24.0,0.35,0.3,0.55,12.0,958.0,0.3632876171875,False,PUT,2026-05-15,RF
RF260515P00025000,25.0,0.57,0.45,0.7,1.0,257.0,0.3403386279296875,False,PUT,2026-05-15,RF
RF260515P00026000,26.0,1.0,0.65,0.95,1.0,24.0,0.32910827148437494,False,PUT,2026-05-15,RF
RF260515P00027000,27.0,1.09,0.95,1.2,13.0,270.0,0.30664755859375,False,PUT,2026-05-15,RF
RF260515P00028000,28.0,1.55,1.35,1.6,21.0,495.0,0.2978585839843749,False,PUT,2026-05-15,RF
RF260515P00029000,29.0,2.45,1.85,2.1,10.0,193.0,0.2919992675781249,True,PUT,2026-05-15,RF
RF260515P00030000,30.0,2.32,2.45,2.8,2.0,218.0,0.3051827294921875,True,PUT,2026-05-15,RF
RF260515P00031000,31.0,3.12,3.1,3.5,,2.0,0.30664755859375,True,PUT,2026-05-15,RF
RF260618C00020000,20.0,8.0,7.6,9.3,4.0,178.0,0.6108437353515627,True,CALL,2026-06-18,RF
RF260618C00021000,21.0,4.5,4.9,5.8,1.0,1.0,1.0000000000000003e-05,True,CALL,2026-06-18,RF
RF260618C00022000,22.0,6.3,5.8,7.2,2.0,1893.0,0.46924358886718753,True,CALL,2026-06-18,RF
RF260618C00023000,23.0,3.53,4.8,6.6,1.0,2.0,0.499028447265625,True,CALL,2026-06-18,RF
RF260618C00024000,24.0,5.2,4.1,5.3,1.0,48.0,0.38086556640624997,True,CALL,2026-06-18,RF
RF260618C00025000,25.0,3.7,3.6,4.2,1.0,289.0,0.30713583496093744,True,CALL,2026-06-18,RF
RF260618C00026000,26.0,3.02,3.0,3.4,1.0,25.0,0.2873606420898437,True,CALL,2026-06-18,RF
RF260618C00027000,27.0,2.7,2.35,2.65,9.0,4981.0,0.26758544921875,True,CALL,2026-06-18,RF
RF260618C00028000,28.0,2.39,1.7,2.05,20.0,110.0,0.2602613037109375,True,CALL,2026-06-18,RF
RF260618C00029000,29.0,1.27,1.4,1.5,6.0,179.0,0.24781025634765624,False,CALL,2026-06-18,RF
RF260618C00030000,30.0,0.8,0.9,1.1,1.0,3123.0,0.24463645996093752,False,CALL,2026-06-18,RF
RF260618C00031000,31.0,0.7,0.55,0.9,1.0,61.0,0.25977302734375,False,CALL,2026-06-18,RF
RF260618C00032000,32.0,0.82,0.35,0.7,60.0,478.0,0.266608896484375,False,CALL,2026-06-18,RF
RF260618C00033000,33.0,0.4,0.25,0.55,15.0,14.0,0.2739330419921875,False,CALL,2026-06-18,RF
RF260618C00034000,34.0,0.37,0.15,0.55,8.0,12.0,0.305671005859375,False,CALL,2026-06-18,RF
RF260618C00035000,35.0,0.29,0.1,0.55,1.0,246.0,0.334967587890625,False,CALL,2026-06-18,RF
RF260618P00020000,20.0,0.4,0.05,0.35,1.0,1258.0,0.4580132324218751,False,PUT,2026-06-18,RF
RF260618P00021000,21.0,0.4,0.05,0.7,170.0,181.0,0.5117236328125,False,PUT,2026-06-18,RF
RF260618P00022000,22.0,0.59,0.25,0.5,1.0,3175.0,0.40430283203125,False,PUT,2026-06-18,RF
RF260618P00023000,23.0,0.4,0.35,0.6,5.0,158.0,0.3789124609375,False,PUT,2026-06-18,RF
RF260618P00024000,24.0,0.65,0.5,0.7,2.0,48.0,0.3491276025390625,False,PUT,2026-06-18,RF
RF260618P00025000,25.0,0.9,0.75,0.9,1.0,696.0,0.33447931152343746,False,PUT,2026-06-18,RF
RF260618P00026000,26.0,0.9,0.85,1.2,2.0,48.0,0.3283758569335937,False,PUT,2026-06-18,RF
RF260618P00027000,27.0,1.15,1.2,1.5,1.0,368.0,0.3127510131835937,False,PUT,2026-06-18,RF
RF260618P00028000,28.0,1.7,1.65,1.9,5.0,49.0,0.30274134765625,False,PUT,2026-06-18,RF
RF260618P00029000,29.0,1.96,2.15,2.4,,11.0,0.29688203124999996,True,PUT,2026-06-18,RF
RF260618P00030000,30.0,2.87,2.7,3.1,1.0,126.0,0.30933307861328124,True,PUT,2026-06-18,RF
RF260618P00031000,31.0,3.47,3.4,3.8,4.0,71.0,0.3129951513671875,True,PUT,2026-06-18,RF
RF260618P00032000,32.0,3.89,3.8,5.0,2.0,3.0,0.3857483300781249,True,PUT,2026-06-18,RF
RF260821C00024000,24.0,5.15,4.4,5.6,5.0,21.0,0.36426416992187505,True,CALL,2026-08-21,RF
RF260821C00026000,26.0,3.6,3.4,3.8,1.0,5.0,0.29321995849609367,True,CALL,2026-08-21,RF
RF260821C00027000,27.0,2.55,2.75,3.1,10.0,13.0,0.27857166748046874,True,CALL,2026-08-21,RF
RF260821C00028000,28.0,2.05,2.15,2.55,16.0,24.0,0.27539787109374997,True,CALL,2026-08-21,RF
RF260821C00029000,29.0,1.84,1.65,2.05,1.0,3.0,0.27027096923828126,False,CALL,2026-08-21,RF
RF260821C00030000,30.0,1.62,1.25,1.65,2.0,17.0,0.2690502783203125,False,CALL,2026-08-21,RF
RF260821C00031000,31.0,1.08,0.9,1.35,,10.0,0.27246821289062495,False,CALL,2026-08-21,RF
RF260821C00032000,32.0,0.9,0.7,1.1,4.0,10.0,0.2756420092773437,False,CALL,2026-08-21,RF
RF260821C00033000,33.0,0.73,0.5,0.9,22.0,26.0,0.27930408203124996,False,CALL,2026-08-21,RF
RF260821C00034000,34.0,0.4,0.1,0.7,9.0,9.0,0.2775951147460937,False,CALL,2026-08-21,RF
RF260821P00020000,20.0,0.34,0.05,0.8,1.0,2.0,0.4946339599609375,False,PUT,2026-08-21,RF
RF260821P00021000,21.0,0.39,0.1,0.85,1.0,1.0,0.45606012695312503,False,PUT,2026-08-21,RF
RF260821P00025000,25.0,1.25,0.9,1.25,,15.0,0.3293524096679687,False,PUT,2026-08-21,RF
RF260821P00026000,26.0,1.6,1.15,1.55,,1.0,0.3193427441406249,False,PUT,2026-08-21,RF
RF260821P00027000,27.0,1.8,1.5,1.9,,10.0,0.30933307861328124,False,PUT,2026-08-21,RF
RF260821P00028000,28.0,2.3,1.95,2.3,2.0,4.0,0.29883513671874995,False,PUT,2026-08-21,RF
RF260821P00035000,35.0,7.8,6.2,7.9,,1.0,0.3979552392578125,True,PUT,2026-08-21,RF
RF260918C00020000,20.0,8.7,7.7,9.5,5.0,5.0,0.5151415673828125,True,CALL,2026-09-18,RF
RF260918C00023000,23.0,6.0,5.1,6.6,3.0,66.0,0.3881897119140625,True,CALL,2026-09-18,RF
RF260918C00025000,25.0,3.95,4.2,4.6,1.0,95.0,0.29566134033203123,True,CALL,2026-09-18,RF
RF260918C00026000,26.0,3.48,3.5,3.8,,1.0,0.2749095947265625,True,CALL,2026-09-18,RF
RF260918C00027000,27.0,3.2,2.85,3.2,1.0,935.0,0.2732006274414062,True,CALL,2026-09-18,RF
RF260918C00029000,29.0,2.32,1.75,2.15,,30.0,0.2644116528320312,False,CALL,2026-09-18,RF
RF260918C00030000,30.0,1.5,1.3,1.8,5.0,386.0,0.2690502783203125,False,CALL,2026-09-18,RF
RF260918C00031000,31.0,1.2,1.0,1.45,13.0,15.0,0.26709717285156254,False,CALL,2026-09-18,RF
RF260918C00032000,32.0,0.8,0.75,1.2,1.0,5.0,0.27075924560546877,False,CALL,2026-09-18,RF
RF260918C00035000,35.0,0.24,0.1,0.35,2.0,2.0,0.22510540527343748,False,CALL,2026-09-18,RF
RF260918P00020000,20.0,0.47,0.15,0.9,1.0,3.0,0.48438015625,False,PUT,2026-09-18,RF
RF260918P00023000,23.0,0.75,0.5,0.95,4.0,24.0,0.35547519531249994,False,PUT,2026-09-18,RF
RF260918P00024000,24.0,0.85,0.8,1.15,,2.0,0.34107104248046877,False,PUT,2026-09-18,RF
RF260918P00025000,25.0,1.05,1.05,1.4,10.0,125.0,0.32910827148437494,False,PUT,2026-09-18,RF
RF260918P00027000,27.0,1.7,1.65,2.05,8.0,20.0,0.3078682495117187,False,PUT,2026-09-18,RF
RF260918P00030000,30.0,3.2,3.2,3.6,1.0,8.0,0.2963937548828125,True,PUT,2026-09-18,RF
RF260918P00032000,32.0,5.39,4.5,5.0,,1.0,0.3002999658203125,True,PUT,2026-09-18,RF
RF261218C00020000,20.0,9.24,7.8,9.7,,1.0,0.4687553125,True,CALL,2026-12-18,RF
RF261218C00022000,22.0,4.1,6.0,0.0,1.0,5.0,1.0000000000000003e-05,True,CALL,2026-12-18,RF
RF261218C00025000,25.0,4.24,4.5,5.0,2.0,22.0,0.2963937548828125,True,CALL,2026-12-18,RF
RF261218C00027000,27.0,3.12,3.2,3.7,3.0,63.0,0.2810130493164062,True,CALL,2026-12-18,RF
RF261218C00030000,30.0,1.8,1.75,2.3,4.0,290.0,0.2751537329101562,False,CALL,2026-12-18,RF
RF261218C00032000,32.0,1.2,1.1,1.65,1.0,2.0,0.27466545654296876,False,CALL,2026-12-18,RF
RF261218C00035000,35.0,0.59,0.55,1.05,50.0,98.0,0.2834544311523437,False,CALL,2026-12-18,RF
RF261218P00020000,20.0,0.72,0.5,0.8,1.0,2.0,0.393560751953125,False,PUT,2026-12-18,RF
RF261218P00022000,22.0,1.0,0.75,1.1,114.0,118.0,0.36157864990234373,False,PUT,2026-12-18,RF
RF261218P00027000,27.0,3.0,2.05,2.5,,1.0,0.30542686767578126,False,PUT,2026-12-18,RF
RF270115C00020000,20.0,7.21,0.0,0.0,10.0,102.0,1.0000000000000003e-05,True,CALL,2027-01-15,RF
RF270115C00022000,22.0,6.77,6.2,8.1,11.0,77.0,0.4194393994140625,True,CALL,2027-01-15,RF
RF270115C00025000,25.0,4.35,4.6,5.1,31.0,777.0,0.29505099487304687,True,CALL,2027-01-15,RF
RF270115C00027000,27.0,3.15,3.3,3.8,1.0,2987.0,0.2790599438476562,True,CALL,2027-01-15,RF
RF270115C00030000,30.0,2.25,1.9,2.35,1.0,1405.0,0.26843993286132806,False,CALL,2027-01-15,RF
RF270115C00032000,32.0,1.2,1.2,1.75,4.0,1289.0,0.27295648925781246,False,CALL,2027-01-15,RF
RF270115C00035000,35.0,0.75,0.6,1.05,1.0,368.0,0.27197993652343744,False,CALL,2027-01-15,RF
RF270115P00020000,20.0,0.9,0.55,0.85,1275.0,1995.0,0.3859924682617187,False,PUT,2027-01-15,RF
RF270115P00022000,22.0,1.15,0.9,1.2,5.0,1070.0,0.3606020971679687,False,PUT,2027-01-15,RF
RF270115P00025000,25.0,1.95,1.45,1.95,5.0,1218.0,0.3265448205566406,False,PUT,2027-01-15,RF
RF270115P00027000,27.0,2.65,2.15,2.65,5.0,824.0,0.30725790405273434,False,PUT,2027-01-15,RF
RF270115P00030000,30.0,4.2,3.7,4.1,1.0,9.0,0.28626202026367187,True,PUT,2027-01-15,RF
RF270115P00032000,32.0,4.85,5.0,5.4,13.0,17.0,0.282233740234375,True,PUT,2027-01-15,RF
RF270115P00035000,35.0,7.15,6.5,8.4,20.0,7.0,0.35425450439453116,True,PUT,2027-01-15,RF
RF280121C00020000,20.0,6.7,0.0,0.0,10.0,22.0,1.0000000000000003e-05,True,CALL,2028-01-21,RF
RF280121C00023000,23.0,6.96,5.3,8.8,2.0,25.0,0.39880972290039063,True,CALL,2028-01-21,RF
RF280121C00025000,25.0,5.66,4.4,8.5,82.0,129.0,0.450200810546875,True,CALL,2028-01-21,RF
RF280121C00027000,27.0,5.0,3.0,6.5,4.0,43.0,0.37354142089843745,True,CALL,2028-01-21,RF
RF280121C00030000,30.0,3.11,3.2,3.9,6.0,227.0,0.28443098388671867,False,CALL,2028-01-21,RF
RF280121C00032000,32.0,3.0,2.0,3.6,1.0,20.0,0.30811238769531246,False,CALL,2028-01-21,RF
RF280121C00035000,35.0,2.1,1.2,2.2,5.0,474.0,0.27075924560546877,False,CALL,2028-01-21,RF
RF280121P00020000,20.0,1.6,0.2,3.6,,1.0,0.5346726220703125,False,PUT,2028-01-21,RF
RF280121P00023000,23.0,2.61,1.7,3.7,4.0,6.0,0.42590906127929695,False,PUT,2028-01-21,RF
RF280121P00025000,25.0,3.2,1.7,5.0,,1.0,0.44653873779296877,False,PUT,2028-01-21,RF
RF280121P00030000,30.0,5.64,3.6,7.1,1.0,4.0,0.3885559191894531,True,PUT,2028-01-21,RF
RF280121P00032000,32.0,6.15,4.8,8.3,23.0,12.0,0.3802552209472656,True,PUT,2028-01-21,RF
RF280121P00035000,35.0,8.1,6.0,11.0,16.0,8.0,0.415044912109375,True,PUT,2028-01-21,RF
RGTI260130C00014000,14.0,6.77,5.75,7.1,2.0,34.0,5.492190634765624,True,CALL,2026-01-30,RGTI
RGTI260130C00015000,15.0,7.4,4.75,6.15,5.0,64.0,4.800785249023436,True,CALL,2026-01-30,RGTI
RGTI260130C00016000,16.0,6.07,3.75,5.55,1.0,62.0,4.542973071289062,True,CALL,2026-01-30,RGTI
RGTI260130C00017000,17.0,3.66,2.75,4.6,1.0,289.0,3.8398441503906247,True,CALL,2026-01-30,RGTI
RGTI260130C00018000,18.0,2.12,1.8,2.6,8.0,211.0,2.1210984472656245,True,CALL,2026-01-30,RGTI
RGTI260130C00019000,19.0,1.15,1.07,1.67,61.0,195.0,1.74609501953125,True,CALL,2026-01-30,RGTI
RGTI260130C00020000,20.0,0.47,0.45,0.47,314.0,674.0,1.0390673046875003,False,CALL,2026-01-30,RGTI
RGTI260130C00020500,20.5,0.28,0.26,0.28,527.0,559.0,1.000005,False,CALL,2026-01-30,RGTI
RGTI260130C00021000,21.0,0.15,0.12,0.16,8169.0,248.0,0.9609378906249999,False,CALL,2026-01-30,RGTI
RGTI260130C00022000,22.0,0.06,0.05,0.06,1760.0,2043.0,1.0546922265625,False,CALL,2026-01-30,RGTI
RGTI260130C00022500,22.5,0.04,0.03,0.08,677.0,2181.0,1.203128984375,False,CALL,2026-01-30,RGTI
RGTI260130C00023000,23.0,0.03,0.02,0.04,731.0,4742.0,1.203128984375,False,CALL,2026-01-30,RGTI
RGTI260130C00023500,23.5,0.04,0.02,0.04,298.0,2016.0,1.3281283593749997,False,CALL,2026-01-30,RGTI
RGTI260130C00024000,24.0,0.02,0.0,0.04,377.0,3609.0,1.359378203125,False,CALL,2026-01-30,RGTI
RGTI260130C00024500,24.5,0.02,0.01,0.03,135.0,1443.0,1.46875265625,False,CALL,2026-01-30,RGTI
RGTI260130C00025000,25.0,0.03,0.02,0.03,698.0,5201.0,1.640626796875,False,CALL,2026-01-30,RGTI
RGTI260130C00025500,25.5,0.02,0.01,0.03,204.0,1693.0,1.6875015625,False,CALL,2026-01-30,RGTI
RGTI260130P00014000,14.0,0.02,0.0,0.03,16.0,2432.0,2.1250046874999997,False,PUT,2026-01-30,RGTI
RGTI260130P00015000,15.0,0.01,0.0,0.03,2.0,12058.0,1.75000125,False,PUT,2026-01-30,RGTI
RGTI260130P00016000,16.0,0.01,0.01,0.03,95.0,2568.0,1.453127734375,False,PUT,2026-01-30,RGTI
RGTI260130P00017000,17.0,0.02,0.01,0.02,2.0,516.0,1.0312548437500002,False,PUT,2026-01-30,RGTI
RGTI260130P00017500,17.5,0.02,0.02,0.03,88.0,112.0,0.937500625,False,PUT,2026-01-30,RGTI
RGTI260130P00018000,18.0,0.04,0.03,0.05,374.0,9026.0,0.8437515624999999,False,PUT,2026-01-30,RGTI
RGTI260130P00018500,18.5,0.07,0.06,0.1,10.0,50.0,0.7773459765625,False,PUT,2026-01-30,RGTI
RGTI260130P00019000,19.0,0.13,0.13,0.17,2620.0,1130.0,0.6992217578125001,False,PUT,2026-01-30,RGTI
RGTI260130P00019500,19.5,0.27,0.25,0.29,433.0,622.0,0.6054726953125001,False,PUT,2026-01-30,RGTI
RGTI260130P00020000,20.0,0.48,0.44,0.51,9169.0,3886.0,0.5507857421875001,True,PUT,2026-01-30,RGTI
RGTI260130P00020500,20.5,0.86,0.72,0.82,1431.0,851.0,1.0000000000000003e-05,True,PUT,2026-01-30,RGTI
RGTI260130P00021000,21.0,1.18,1.1,1.2,2972.0,5361.0,1.0000000000000003e-05,True,PUT,2026-01-30,RGTI
RGTI260130P00021500,21.5,1.61,1.53,1.69,892.0,2169.0,1.0000000000000003e-05,True,PUT,2026-01-30,RGTI
RGTI260130P00022000,22.0,2.09,1.93,2.09,1046.0,4955.0,1.0000000000000003e-05,True,PUT,2026-01-30,RGTI
RGTI260130P00022500,22.5,2.5,2.35,2.68,76.0,2672.0,1.0000000000000003e-05,True,PUT,2026-01-30,RGTI
RGTI260130P00023000,23.0,3.07,2.94,3.2,436.0,2158.0,1.0000000000000003e-05,True,PUT,2026-01-30,RGTI
RGTI260130P00023500,23.5,3.6,3.45,3.65,29.0,1234.0,1.0000000000000003e-05,True,PUT,2026-01-30,RGTI
RGTI260130P00024000,24.0,4.02,3.9,4.2,69.0,3107.0,1.0000000000000003e-05,True,PUT,2026-01-30,RGTI
RGTI260130P00024500,24.5,4.5,4.4,4.7,61.0,579.0,1.0000000000000003e-05,True,PUT,2026-01-30,RGTI
RGTI260130P00025000,25.0,4.95,4.8,5.2,15.0,1082.0,1.0000000000000003e-05,True,PUT,2026-01-30,RGTI
RGTI260130P00025500,25.5,5.23,5.4,5.65,295.0,1047.0,1.0000000000000003e-05,True,PUT,2026-01-30,RGTI
RGTI260206C00014000,14.0,8.12,5.8,8.05,1.0,2.0,3.2460956347656245,True,CALL,2026-02-06,RGTI
RGTI260206C00015000,15.0,8.64,4.85,6.9,2.0,2.0,2.777346806640625,True,CALL,2026-02-06,RGTI
RGTI260206C00016000,16.0,4.1,4.0,4.2,19.0,31.0,1.4921900390624998,True,CALL,2026-02-06,RGTI
RGTI260206C00017000,17.0,3.25,3.0,3.3,5.0,6.0,1.255863095703125,True,CALL,2026-02-06,RGTI
RGTI260206C00018000,18.0,2.4,2.26,2.59,61.0,196.0,1.220707021484375,True,CALL,2026-02-06,RGTI
RGTI260206C00019000,19.0,1.6,1.56,1.69,23.0,171.0,1.0429735351562504,True,CALL,2026-02-06,RGTI
RGTI260206C00020000,20.0,1.07,1.06,1.15,284.0,181.0,1.017583037109375,False,CALL,2026-02-06,RGTI
RGTI260206C00020500,20.5,0.84,0.81,0.89,450.0,21.0,0.9707034179687499,False,CALL,2026-02-06,RGTI
RGTI260206C00021000,21.0,0.69,0.63,0.7,722.0,147.0,0.95507857421875,False,CALL,2026-02-06,RGTI
RGTI260206C00021500,21.5,0.52,0.51,0.55,127.0,193.0,0.9589847851562499,False,CALL,2026-02-06,RGTI
RGTI260206C00022000,22.0,0.41,0.36,0.63,338.0,704.0,1.0390673046875003,False,CALL,2026-02-06,RGTI
RGTI260206C00022500,22.5,0.31,0.3,0.62,144.0,406.0,1.107426337890625,False,CALL,2026-02-06,RGTI
RGTI260206C00023000,23.0,0.25,0.25,0.27,493.0,1220.0,0.97460962890625,False,CALL,2026-02-06,RGTI
RGTI260206C00023500,23.5,0.22,0.2,0.22,157.0,554.0,0.99023447265625,False,CALL,2026-02-06,RGTI
RGTI260206C00024000,24.0,0.18,0.17,0.18,462.0,819.0,1.015629921875,False,CALL,2026-02-06,RGTI
RGTI260206C00024500,24.5,0.15,0.12,0.19,32.0,1022.0,1.05078599609375,False,CALL,2026-02-06,RGTI
RGTI260206C00025000,25.0,0.14,0.14,0.16,529.0,2681.0,1.11328568359375,False,CALL,2026-02-06,RGTI
RGTI260206C00025500,25.5,0.12,0.1,0.14,37.0,426.0,1.1171919140625,False,CALL,2026-02-06,RGTI
RGTI260206P00014000,14.0,0.05,0.04,0.06,138.0,591.0,1.2265663671875,False,PUT,2026-02-06,RGTI
RGTI260206P00015000,15.0,0.08,0.07,0.07,31.0,2650.0,1.0859420703125,False,PUT,2026-02-06,RGTI
RGTI260206P00016000,16.0,0.1,0.1,0.13,34.0,236.0,0.98437515625,False,PUT,2026-02-06,RGTI
RGTI260206P00016500,16.5,0.14,0.12,0.15,8.0,16.0,0.9101571484375,False,PUT,2026-02-06,RGTI
RGTI260206P00017000,17.0,0.2,0.17,0.2,124.0,490.0,0.87500125,False,PUT,2026-02-06,RGTI
RGTI260206P00018000,18.0,0.34,0.26,0.37,139.0,879.0,0.77929908203125,False,PUT,2026-02-06,RGTI
RGTI260206P00019000,19.0,0.65,0.59,0.67,118.0,760.0,0.7656273437500001,False,PUT,2026-02-06,RGTI
RGTI260206P00019500,19.5,0.83,0.79,0.8,96.0,113.0,0.7148466015625,False,PUT,2026-02-06,RGTI
RGTI260206P00020000,20.0,1.05,1.04,1.08,534.0,1476.0,0.7128934960937501,True,PUT,2026-02-06,RGTI
RGTI260206P00020500,20.5,1.21,1.29,1.38,424.0,110.0,0.6816438085937502,True,PUT,2026-02-06,RGTI
RGTI260206P00021000,21.0,1.65,1.61,1.69,548.0,2502.0,0.6425816992187501,True,PUT,2026-02-06,RGTI
RGTI260206P00021500,21.5,1.98,1.95,2.08,139.0,991.0,0.6074258007812501,True,PUT,2026-02-06,RGTI
RGTI260206P00022000,22.0,2.28,2.21,2.49,228.0,2772.0,0.6679720703125002,True,PUT,2026-02-06,RGTI
RGTI260206P00022500,22.5,2.81,2.66,2.96,46.0,748.0,0.710940390625,True,PUT,2026-02-06,RGTI
RGTI260206P00023000,23.0,3.27,3.15,3.4,53.0,923.0,0.6757844921875001,True,PUT,2026-02-06,RGTI
RGTI260206P00023500,23.5,3.7,3.6,3.85,77.0,248.0,0.585941640625,True,PUT,2026-02-06,RGTI
RGTI260206P00024000,24.0,4.19,4.05,4.25,140.0,466.0,1.0000000000000003e-05,True,PUT,2026-02-06,RGTI
RGTI260206P00024500,24.5,4.64,4.1,4.8,3.0,253.0,1.0000000000000003e-05,True,PUT,2026-02-06,RGTI
RGTI260206P00025000,25.0,5.02,5.0,5.25,105.0,562.0,1.0000000000000003e-05,True,PUT,2026-02-06,RGTI
RGTI260206P00025500,25.5,5.55,4.5,5.75,41.0,834.0,1.0000000000000003e-05,True,PUT,2026-02-06,RGTI
RGTI260213C00015000,15.0,5.6,5.0,5.65,13.0,7.0,1.5800802246093748,True,CALL,2026-02-13,RGTI
RGTI260213C00016000,16.0,5.85,3.8,5.85,35.0,35.0,1.751954365234375,True,CALL,2026-02-13,RGTI
RGTI260213C00018000,18.0,5.8,2.42,3.05,8.0,2.0,1.1328168359375002,True,CALL,2026-02-13,RGTI
RGTI260213C00019000,19.0,2.22,1.89,2.09,2.0,50.0,1.013676806640625,True,CALL,2026-02-13,RGTI
RGTI260213C00020000,20.0,1.52,1.42,1.56,76.0,69.0,0.99804689453125,False,CALL,2026-02-13,RGTI
RGTI260213C00021000,21.0,1.08,0.98,1.14,334.0,189.0,0.9677737597656251,False,CALL,2026-02-13,RGTI
RGTI260213C00022000,22.0,0.75,0.71,0.79,91.0,222.0,0.9570316796874999,False,CALL,2026-02-13,RGTI
RGTI260213C00023000,23.0,0.5,0.48,0.56,80.0,219.0,0.9511723632812499,False,CALL,2026-02-13,RGTI
RGTI260213C00024000,24.0,0.41,0.35,0.39,94.0,295.0,0.9609378906249999,False,CALL,2026-02-13,RGTI
RGTI260213C00025000,25.0,0.26,0.25,0.29,190.0,714.0,0.9785158398437501,False,CALL,2026-02-13,RGTI
RGTI260213P00015000,15.0,0.14,0.12,0.23,1.0,354.0,1.015629921875,False,PUT,2026-02-13,RGTI
RGTI260213P00016000,16.0,0.25,0.22,0.25,29.0,241.0,0.9062509375,False,PUT,2026-02-13,RGTI
RGTI260213P00017000,17.0,0.38,0.35,0.42,7.0,54.0,0.85742330078125,False,PUT,2026-02-13,RGTI
RGTI260213P00018000,18.0,0.64,0.54,0.68,8.0,403.0,0.8125018749999999,False,PUT,2026-02-13,RGTI
RGTI260213P00019000,19.0,0.84,0.88,1.03,49.0,250.0,0.782228740234375,False,PUT,2026-02-13,RGTI
RGTI260213P00020000,20.0,1.44,1.3,1.51,112.0,1284.0,0.745119736328125,True,PUT,2026-02-13,RGTI
RGTI260213P00021000,21.0,2.05,1.98,2.13,129.0,325.0,0.75586181640625,True,PUT,2026-02-13,RGTI
RGTI260213P00022000,22.0,2.6,2.65,2.86,37.0,817.0,0.726565234375,True,PUT,2026-02-13,RGTI
RGTI260213P00023000,23.0,3.28,3.15,3.65,26.0,394.0,0.507817421875,True,PUT,2026-02-13,RGTI
RGTI260213P00024000,24.0,4.25,3.9,4.55,4.0,394.0,0.8125018749999999,True,PUT,2026-02-13,RGTI
RGTI260213P00025000,25.0,5.23,5.15,5.4,12.0,257.0,0.70312796875,True,PUT,2026-02-13,RGTI
RGTI260220C00014000,14.0,7.5,5.7,7.4,2.0,599.0,1.7294935400390625,True,CALL,2026-02-20,RGTI
RGTI260220C00015000,15.0,5.25,5.1,5.4,6.0,920.0,1.255863095703125,True,CALL,2026-02-20,RGTI
RGTI260220C00016000,16.0,6.45,4.2,5.35,3.0,735.0,1.4277372363281249,True,CALL,2026-02-20,RGTI
RGTI260220C00017000,17.0,5.2,3.45,3.75,6.0,568.0,1.0869186279296876,True,CALL,2026-02-20,RGTI
RGTI260220C00018000,18.0,3.1,2.79,2.92,4.0,491.0,1.0127002490234376,True,CALL,2026-02-20,RGTI
RGTI260220C00019000,19.0,2.3,2.19,2.38,3.0,257.0,1.000005,True,CALL,2026-02-20,RGTI
RGTI260220C00019500,19.5,1.99,1.96,2.03,22.0,51.0,0.975586181640625,True,CALL,2026-02-20,RGTI
RGTI260220C00020000,20.0,1.76,1.73,1.77,625.0,832.0,0.963867548828125,False,CALL,2026-02-20,RGTI
RGTI260220C00021000,21.0,1.3,1.28,1.38,249.0,262.0,0.946289599609375,False,CALL,2026-02-20,RGTI
RGTI260220C00021500,21.5,1.13,1.11,1.21,22.0,124.0,0.9433599414062499,False,CALL,2026-02-20,RGTI
RGTI260220C00022000,22.0,1.0,0.95,1.03,120.0,2379.0,0.930664755859375,False,CALL,2026-02-20,RGTI
RGTI260220C00022500,22.5,0.9,0.82,0.89,69.0,463.0,0.92773509765625,False,CALL,2026-02-20,RGTI
RGTI260220C00023000,23.0,0.72,0.71,0.78,303.0,1316.0,0.930664755859375,False,CALL,2026-02-20,RGTI
RGTI260220C00023500,23.5,0.67,0.61,0.69,77.0,174.0,0.9345709667968749,False,CALL,2026-02-20,RGTI
RGTI260220C00024000,24.0,0.6,0.54,0.59,292.0,2255.0,0.937500625,False,CALL,2026-02-20,RGTI
RGTI260220C00024500,24.5,0.53,0.46,0.52,47.0,280.0,0.940430283203125,False,CALL,2026-02-20,RGTI
RGTI260220C00025000,25.0,0.44,0.42,0.45,1459.0,6234.0,0.9511723632812499,False,CALL,2026-02-20,RGTI
RGTI260220C00025500,25.5,0.38,0.35,0.4,25.0,166.0,0.9511723632812499,False,CALL,2026-02-20,RGTI
RGTI260220P00014000,14.0,0.13,0.0,0.21,2036.0,2502.0,0.8945323046874999,False,PUT,2026-02-20,RGTI
RGTI260220P00015000,15.0,0.23,0.24,0.25,2314.0,6660.0,0.9335944140625,False,PUT,2026-02-20,RGTI
RGTI260220P00016000,16.0,0.35,0.3,0.39,123.0,818.0,0.85937640625,False,PUT,2026-02-20,RGTI
RGTI260220P00017000,17.0,0.57,0.54,0.57,127.0,2052.0,0.8388687988281249,False,PUT,2026-02-20,RGTI
RGTI260220P00018000,18.0,0.85,0.82,0.85,302.0,5839.0,0.8115253222656249,False,PUT,2026-02-20,RGTI
RGTI260220P00019000,19.0,1.26,1.2,1.25,6337.0,5206.0,0.7949239257812499,False,PUT,2026-02-20,RGTI
RGTI260220P00019500,19.5,1.46,1.36,1.48,16.0,94.0,0.7675804492187501,False,PUT,2026-02-20,RGTI
RGTI260220P00020000,20.0,1.69,1.67,1.7,1591.0,8986.0,0.76367423828125,True,PUT,2026-02-20,RGTI
RGTI260220P00020500,20.5,1.8,1.89,2.0,62.0,106.0,0.74414318359375,True,PUT,2026-02-20,RGTI
RGTI260220P00021000,21.0,2.27,2.23,2.3,208.0,1289.0,0.7421900781249999,True,PUT,2026-02-20,RGTI
RGTI260220P00021500,21.5,2.63,2.55,2.63,9.0,600.0,0.729494892578125,True,PUT,2026-02-20,RGTI
RGTI260220P00022000,22.0,2.97,2.9,2.98,132.0,8462.0,0.7187528125,True,PUT,2026-02-20,RGTI
RGTI260220P00022500,22.5,3.15,3.1,3.35,42.0,277.0,0.65039412109375,True,PUT,2026-02-20,RGTI
RGTI260220P00023000,23.0,3.69,3.65,3.8,569.0,2330.0,0.70898728515625,True,PUT,2026-02-20,RGTI
RGTI260220P00023500,23.5,3.15,3.95,4.35,44.0,225.0,0.710940390625,True,PUT,2026-02-20,RGTI
RGTI260220P00024000,24.0,4.4,4.1,4.65,15.0,2036.0,0.7617211328125001,True,PUT,2026-02-20,RGTI
RGTI260220P00024500,24.5,3.57,3.85,5.2,4.0,246.0,0.851563984375,True,PUT,2026-02-20,RGTI
RGTI260220P00025000,25.0,5.35,5.3,5.5,22.0,3372.0,0.585941640625,True,PUT,2026-02-20,RGTI
RGTI260220P00025500,25.5,4.12,4.35,6.1,2.0,51.0,0.86132951171875,True,PUT,2026-02-20,RGTI
RGTI260227C00016000,16.0,7.7,4.4,6.25,2.0,32.0,1.5654318603515622,True,CALL,2026-02-27,RGTI
RGTI260227C00018000,18.0,3.4,3.0,3.55,1.0,13.0,1.09375453125,True,CALL,2026-02-27,RGTI
RGTI260227C00019000,19.0,4.1,2.41,2.98,2.0,30.0,1.0644578027343752,True,CALL,2026-02-27,RGTI
RGTI260227C00020000,20.0,2.24,1.91,2.37,172.0,27.0,1.017583037109375,False,CALL,2026-02-27,RGTI
RGTI260227C00020500,20.5,1.91,1.83,1.91,34.0,47.0,0.9873048144531251,False,CALL,2026-02-27,RGTI
RGTI260227C00021000,21.0,1.74,1.52,2.05,13.0,134.0,1.0322314013671878,False,CALL,2026-02-27,RGTI
RGTI260227C00021500,21.5,1.47,1.19,1.95,11.0,77.0,1.0127002490234376,False,CALL,2026-02-27,RGTI
RGTI260227C00022000,22.0,1.31,1.16,1.41,64.0,170.0,0.9531254687499999,False,CALL,2026-02-27,RGTI
RGTI260227C00022500,22.5,1.3,1.08,1.18,84.0,117.0,0.945313046875,False,CALL,2026-02-27,RGTI
RGTI260227C00023000,23.0,1.13,0.9,1.18,60.0,127.0,0.96289099609375,False,CALL,2026-02-27,RGTI
RGTI260227C00023500,23.5,0.82,0.62,1.05,1.0,121.0,0.9160164648437501,False,CALL,2026-02-27,RGTI
RGTI260227C00024000,24.0,0.85,0.74,0.85,110.0,293.0,0.948242705078125,False,CALL,2026-02-27,RGTI
RGTI260227C00024500,24.5,0.83,0.52,0.82,16.0,90.0,0.929688203125,False,CALL,2026-02-27,RGTI
RGTI260227C00025000,25.0,0.66,0.6,0.7,67.0,607.0,0.9648441015625,False,CALL,2026-02-27,RGTI
RGTI260227C00025500,25.5,0.72,0.33,0.67,10.0,207.0,0.9169930175781251,False,CALL,2026-02-27,RGTI
RGTI260227P00015000,15.0,0.36,0.29,0.42,2.0,199.0,0.91992267578125,False,PUT,2026-02-27,RGTI
RGTI260227P00016000,16.0,0.55,0.47,0.6,18.0,111.0,0.8916026464843749,False,PUT,2026-02-27,RGTI
RGTI260227P00017000,17.0,0.75,0.7,0.8,52.0,114.0,0.84961087890625,False,PUT,2026-02-27,RGTI
RGTI260227P00018000,18.0,1.08,1.03,1.15,44.0,273.0,0.8398453515625,False,PUT,2026-02-27,RGTI
RGTI260227P00019000,19.0,1.48,1.4,1.56,22.0,172.0,0.813478427734375,False,PUT,2026-02-27,RGTI
RGTI260227P00020000,20.0,1.97,1.88,2.05,47.0,418.0,0.7929708203125,True,PUT,2026-02-27,RGTI
RGTI260227P00020500,20.5,2.27,2.01,2.5,4.0,66.0,0.790041162109375,True,PUT,2026-02-27,RGTI
RGTI260227P00021000,21.0,2.51,2.47,2.91,8.0,298.0,0.8422867333984375,True,PUT,2026-02-27,RGTI
RGTI260227P00021500,21.5,2.7,2.64,3.0,6.0,54.0,0.7475611181640626,True,PUT,2026-02-27,RGTI
RGTI260227P00022000,22.0,3.25,3.05,3.45,17.0,140.0,0.782228740234375,True,PUT,2026-02-27,RGTI
RGTI260227P00022500,22.5,3.57,3.5,3.7,359.0,116.0,0.770510107421875,True,PUT,2026-02-27,RGTI
RGTI260227P00023000,23.0,4.01,3.75,4.25,2.0,152.0,0.7763694238281251,True,PUT,2026-02-27,RGTI
RGTI260227P00023500,23.5,4.45,4.25,4.75,3.0,101.0,0.8300798242187499,True,PUT,2026-02-27,RGTI
RGTI260227P00024000,24.0,3.95,3.5,5.15,5.0,42.0,0.9619144433593749,True,PUT,2026-02-27,RGTI
RGTI260227P00024500,24.5,5.1,4.75,5.5,31.0,61.0,0.69336244140625,True,PUT,2026-02-27,RGTI
RGTI260227P00025000,25.0,4.52,4.15,5.95,3.0,78.0,0.94726615234375,True,PUT,2026-02-27,RGTI
RGTI260227P00025500,25.5,6.0,5.55,6.4,310.0,82.0,0.64062859375,True,PUT,2026-02-27,RGTI
RGTI260306C00018500,18.5,7.05,3.05,3.5,30.0,30.0,1.0986373193359378,True,CALL,2026-03-06,RGTI
RGTI260306C00020000,20.0,2.45,2.24,2.69,83.0,3.0,1.0473680444335938,False,CALL,2026-03-06,RGTI
RGTI260306C00022000,22.0,2.03,1.47,1.99,19.0,171.0,1.0410204199218753,False,CALL,2026-03-06,RGTI
RGTI260306C00022500,22.5,1.64,1.42,1.97,50.0,66.0,1.0869186279296876,False,CALL,2026-03-06,RGTI
RGTI260306C00023500,23.5,1.04,1.07,1.71,2.0,16.0,1.0703171484375003,False,CALL,2026-03-06,RGTI
RGTI260306C00024500,24.5,1.17,1.0,1.38,12.0,13.0,1.08203583984375,False,CALL,2026-03-06,RGTI
RGTI260306C00025000,25.0,1.05,0.78,1.2,64.0,117.0,1.0361376318359379,False,CALL,2026-03-06,RGTI
RGTI260306P00016000,16.0,0.8,0.61,0.87,39.0,10.0,0.9248054394531251,False,PUT,2026-03-06,RGTI
RGTI260306P00017000,17.0,1.05,0.99,1.11,15.0,45.0,0.9169930175781251,False,PUT,2026-03-06,RGTI
RGTI260306P00017500,17.5,0.92,0.99,1.49,1.0,95.0,0.9165047412109376,False,PUT,2026-03-06,RGTI
RGTI260306P00018500,18.5,1.59,1.28,1.75,15.0,38.0,0.8476577734374999,False,PUT,2026-03-06,RGTI
RGTI260306P00019000,19.0,1.88,1.64,2.02,18.0,6.0,0.877930908203125,False,PUT,2026-03-06,RGTI
RGTI260306P00020000,20.0,2.35,2.22,2.66,75.0,32.0,0.90429783203125,True,PUT,2026-03-06,RGTI
RGTI260306P00020500,20.5,1.83,2.36,3.05,1.0,5.0,0.8916026464843749,True,PUT,2026-03-06,RGTI
RGTI260306P00021000,21.0,2.87,2.47,3.25,13.0,25.0,0.8271501660156249,True,PUT,2026-03-06,RGTI
RGTI260306P00022000,22.0,3.55,3.35,3.8,8.0,61.0,0.84179845703125,True,PUT,2026-03-06,RGTI
RGTI260306P00023000,23.0,3.15,3.9,4.75,4.0,32.0,0.8476577734374999,True,PUT,2026-03-06,RGTI
RGTI260306P00023500,23.5,3.4,4.45,5.0,1.0,17.0,0.8535170898437501,True,PUT,2026-03-06,RGTI
RGTI260306P00024000,24.0,3.97,4.85,6.25,122.0,181.0,1.0478563232421876,True,PUT,2026-03-06,RGTI
RGTI260306P00024500,24.5,4.27,5.3,6.0,1.0,1.0,0.911133701171875,True,PUT,2026-03-06,RGTI
RGTI260306P00025000,25.0,4.7,5.7,6.15,5.0,7.0,0.8398453515625,True,PUT,2026-03-06,RGTI
RGTI260320C00015000,15.0,5.86,5.7,6.0,46.0,86.0,1.1552776611328124,True,CALL,2026-03-20,RGTI
RGTI260320C00016000,16.0,6.75,4.95,7.05,30.0,34.0,1.487795529785156,True,CALL,2026-03-20,RGTI
RGTI260320C00018000,18.0,5.55,3.8,5.45,1.0,53.0,1.342776723632812,True,CALL,2026-03-20,RGTI
RGTI260320C00019000,19.0,3.38,3.3,3.5,13.0,21.0,1.0659226391601564,True,CALL,2026-03-20,RGTI
RGTI260320C00020000,20.0,2.95,2.85,3.05,117.0,249.0,1.059086735839844,False,CALL,2026-03-20,RGTI
RGTI260320C00021000,21.0,2.59,2.52,2.59,43.0,73.0,1.0546922265625,False,CALL,2026-03-20,RGTI
RGTI260320C00022000,22.0,2.19,2.1,2.26,146.0,305.0,1.0410204199218753,False,CALL,2026-03-20,RGTI
RGTI260320C00023000,23.0,1.89,1.81,1.96,209.0,313.0,1.0410204199218753,False,CALL,2026-03-20,RGTI
RGTI260320C00024000,24.0,1.72,1.57,1.72,21.0,276.0,1.0473680444335938,False,CALL,2026-03-20,RGTI
RGTI260320C00025000,25.0,1.43,1.4,1.51,262.0,1228.0,1.0605515722656251,False,CALL,2026-03-20,RGTI
RGTI260320P00015000,15.0,0.82,0.78,0.85,130.0,993.0,0.971679970703125,False,PUT,2026-03-20,RGTI
RGTI260320P00016000,16.0,1.04,0.99,1.13,20.0,134.0,0.938477177734375,False,PUT,2026-03-20,RGTI
RGTI260320P00017000,17.0,1.42,1.38,1.46,15.0,294.0,0.9335944140625,False,PUT,2026-03-20,RGTI
RGTI260320P00018000,18.0,1.85,1.74,1.88,201.0,752.0,0.9160164648437501,False,PUT,2026-03-20,RGTI
RGTI260320P00019000,19.0,2.28,2.23,2.32,54.0,1224.0,0.9047861083984375,False,PUT,2026-03-20,RGTI
RGTI260320P00020000,20.0,2.85,2.8,2.91,143.0,904.0,0.913086806640625,True,PUT,2026-03-20,RGTI
RGTI260320P00021000,21.0,3.4,3.35,3.55,23.0,258.0,0.9062509375,True,PUT,2026-03-20,RGTI
RGTI260320P00022000,22.0,4.05,3.95,4.2,27.0,337.0,0.8916026464843749,True,PUT,2026-03-20,RGTI
RGTI260320P00023000,23.0,4.55,4.7,4.9,3.0,13220.0,0.8950205810546874,True,PUT,2026-03-20,RGTI
RGTI260320P00024000,24.0,5.44,5.4,5.65,6.0,347.0,0.8828136718749999,True,PUT,2026-03-20,RGTI
RGTI260320P00025000,25.0,6.13,6.2,6.45,6.0,1504.0,0.8842785009765625,True,PUT,2026-03-20,RGTI
RGTI260417C00015000,15.0,7.92,6.0,8.15,1.0,9.0,1.3828155859374998,True,CALL,2026-04-17,RGTI
RGTI260417C00016000,16.0,7.27,5.35,7.3,1.0,5.0,1.3051792553710935,True,CALL,2026-04-17,RGTI
RGTI260417C00017000,17.0,5.55,4.85,5.35,80.0,44.0,1.0732468212890627,True,CALL,2026-04-17,RGTI
RGTI260417C00018000,18.0,4.5,4.35,4.8,5.0,17.0,1.0639695239257816,True,CALL,2026-04-17,RGTI
RGTI260417C00019000,19.0,5.22,3.85,4.35,1.0,26.0,1.0571336206054687,True,CALL,2026-04-17,RGTI
RGTI260417C00020000,20.0,3.55,3.45,3.65,135.0,34.0,1.0180713159179686,False,CALL,2026-04-17,RGTI
RGTI260417C00021000,21.0,3.15,3.05,3.2,149.0,172.0,1.003422951660156,False,CALL,2026-04-17,RGTI
RGTI260417C00022000,22.0,2.75,2.65,3.1,48.0,185.0,1.0273486132812502,False,CALL,2026-04-17,RGTI
RGTI260417C00023000,23.0,2.45,2.35,2.76,91.0,518.0,1.0219775463867187,False,CALL,2026-04-17,RGTI
RGTI260417C00024000,24.0,2.37,2.15,2.49,21.0,285.0,1.031743122558594,False,CALL,2026-04-17,RGTI
RGTI260417C00025000,25.0,1.95,1.91,2.13,355.0,834.0,1.015629921875,False,CALL,2026-04-17,RGTI
RGTI260417P00015000,15.0,1.1,1.02,1.31,17.0,73.0,0.92187578125,False,PUT,2026-04-17,RGTI
RGTI260417P00016000,16.0,1.3,1.34,1.59,6.0,188.0,0.8989267919921874,False,PUT,2026-04-17,RGTI
RGTI260417P00017000,17.0,1.85,1.68,2.07,9.0,191.0,0.8969736865234373,False,PUT,2026-04-17,RGTI
RGTI260417P00018000,18.0,1.7,2.11,2.6,1.0,57.0,0.8994150683593749,False,PUT,2026-04-17,RGTI
RGTI260417P00019000,19.0,2.92,2.52,3.0,21.0,115.0,0.8652357226562499,False,PUT,2026-04-17,RGTI
RGTI260417P00020000,20.0,3.35,3.25,3.45,80.0,348.0,0.8706067626953125,True,PUT,2026-04-17,RGTI
RGTI260417P00021000,21.0,3.95,3.9,4.0,17.0,106.0,0.8652357226562499,True,PUT,2026-04-17,RGTI
RGTI260417P00022000,22.0,4.55,4.5,4.75,35.0,96.0,0.868165380859375,True,PUT,2026-04-17,RGTI
RGTI260417P00023000,23.0,5.25,5.05,5.4,1.0,838.0,0.8393570751953124,True,PUT,2026-04-17,RGTI
RGTI260417P00024000,24.0,5.57,5.8,6.3,2.0,223.0,0.8632826171875,True,PUT,2026-04-17,RGTI
RGTI260417P00025000,25.0,6.81,6.3,7.0,3.0,390.0,0.8115253222656249,True,PUT,2026-04-17,RGTI
RGTI260515C00014000,14.0,8.27,7.15,8.15,1.0,61.0,1.1928751293945314,True,CALL,2026-05-15,RGTI
RGTI260515C00015000,15.0,7.15,6.6,6.9,11.0,264.0,1.0869186279296876,True,CALL,2026-05-15,RGTI
RGTI260515C00016000,16.0,7.99,5.95,7.6,1.0,92.0,1.2514685864257813,True,CALL,2026-05-15,RGTI
RGTI260515C00017000,17.0,9.86,5.5,6.0,1.0,111.0,1.0996138769531252,True,CALL,2026-05-15,RGTI
RGTI260515C00018000,18.0,6.8,4.8,6.5,15.0,190.0,1.193363408203125,True,CALL,2026-05-15,RGTI
RGTI260515C00019000,19.0,4.58,4.5,4.8,6.0,48.0,1.0449266503906252,True,CALL,2026-05-15,RGTI
RGTI260515C00020000,20.0,4.32,4.05,4.65,22.0,829.0,1.0678757543945316,False,CALL,2026-05-15,RGTI
RGTI260515C00021000,21.0,3.9,3.65,3.9,116.0,158.0,1.0166064794921876,False,CALL,2026-05-15,RGTI
RGTI260515C00022000,22.0,3.4,3.4,3.6,25.0,845.0,1.0297900073242188,False,CALL,2026-05-15,RGTI
RGTI260515C00023000,23.0,3.16,3.05,3.2,147.0,494.0,1.0127002490234376,False,CALL,2026-05-15,RGTI
RGTI260515C00024000,24.0,2.82,2.79,2.96,20.0,1294.0,1.0185595947265624,False,CALL,2026-05-15,RGTI
RGTI260515C00025000,25.0,2.75,2.5,2.89,73.0,1894.0,1.0351610742187503,False,CALL,2026-05-15,RGTI
RGTI260515P00014000,14.0,1.26,0.8,1.54,14.0,768.0,0.911133701171875,False,PUT,2026-05-15,RGTI
RGTI260515P00015000,15.0,1.57,1.45,1.6,16.0,4213.0,0.911133701171875,False,PUT,2026-05-15,RGTI
RGTI260515P00016000,16.0,1.65,1.63,2.27,10.0,638.0,0.9165047412109376,False,PUT,2026-05-15,RGTI
RGTI260515P00017000,17.0,2.37,2.31,2.44,35.0,1286.0,0.9072274902343749,False,PUT,2026-05-15,RGTI
RGTI260515P00018000,18.0,2.85,2.64,2.9,2.0,825.0,0.8798840136718749,False,PUT,2026-05-15,RGTI
RGTI260515P00019000,19.0,3.06,3.15,3.65,3.0,528.0,0.9008798974609374,False,PUT,2026-05-15,RGTI
RGTI260515P00020000,20.0,3.9,3.75,4.05,40.0,4781.0,0.8793957373046875,True,PUT,2026-05-15,RGTI
RGTI260515P00021000,21.0,4.5,4.2,4.75,212.0,1020.0,0.867188828125,True,PUT,2026-05-15,RGTI
RGTI260515P00022000,22.0,5.34,5.05,5.35,8.0,1161.0,0.8813488427734374,True,PUT,2026-05-15,RGTI
RGTI260515P00023000,23.0,5.93,5.65,6.0,73.0,695.0,0.8642591699218749,True,PUT,2026-05-15,RGTI
RGTI260515P00024000,24.0,6.72,6.35,6.85,50.0,2926.0,0.87500125,True,PUT,2026-05-15,RGTI
RGTI260515P00025000,25.0,7.34,7.1,7.65,3.0,1084.0,0.8789074609374999,True,PUT,2026-05-15,RGTI
RGTI260717C00015000,15.0,8.5,7.2,7.75,2.0,66.0,1.0405321411132817,True,CALL,2026-07-17,RGTI
RGTI260717C00017000,17.0,7.0,6.2,6.9,5.0,16.0,1.0459032080078128,True,CALL,2026-07-17,RGTI
RGTI260717C00018000,18.0,6.6,5.75,6.55,1.0,3.0,1.05078599609375,True,CALL,2026-07-17,RGTI
RGTI260717C00019000,19.0,6.97,5.3,6.05,2.0,12.0,1.0341845166015626,True,CALL,2026-07-17,RGTI
RGTI260717C00020000,20.0,5.08,5.0,5.5,25.0,16.0,1.0229541040039063,False,CALL,2026-07-17,RGTI
RGTI260717C00021000,21.0,4.65,4.55,4.8,217.0,35.0,0.9780275634765626,False,CALL,2026-07-17,RGTI
RGTI260717C00022000,22.0,4.5,4.2,4.6,12.0,72.0,0.9863282617187501,False,CALL,2026-07-17,RGTI
RGTI260717C00023000,23.0,4.15,3.95,4.2,3.0,32.0,0.9809572216796876,False,CALL,2026-07-17,RGTI
RGTI260717C00024000,24.0,3.8,3.65,3.9,23.0,52.0,0.9760744580078126,False,CALL,2026-07-17,RGTI
RGTI260717C00025000,25.0,3.5,3.35,3.65,17.0,163.0,0.9721682470703125,False,CALL,2026-07-17,RGTI
RGTI260717P00015000,15.0,2.15,2.06,2.23,517.0,190.0,0.8784191845703124,False,PUT,2026-07-17,RGTI
RGTI260717P00016000,16.0,2.6,2.43,2.78,10.0,1263.0,0.8784191845703124,False,PUT,2026-07-17,RGTI
RGTI260717P00017000,17.0,3.1,2.9,3.15,49.0,38.0,0.860352958984375,False,PUT,2026-07-17,RGTI
RGTI260717P00018000,18.0,3.47,3.45,3.65,23.0,23.0,0.8579115771484375,False,PUT,2026-07-17,RGTI
RGTI260717P00019000,19.0,4.05,4.0,4.35,18.0,266.0,0.8679212426757812,False,PUT,2026-07-17,RGTI
RGTI260717P00020000,20.0,4.67,4.55,4.8,34.0,372.0,0.8466812207031249,True,PUT,2026-07-17,RGTI
RGTI260717P00021000,21.0,5.42,5.25,5.45,10.0,75.0,0.8530288134765626,True,PUT,2026-07-17,RGTI
RGTI260717P00022000,22.0,6.03,5.75,6.1,7.0,1010.0,0.8349625878906248,True,PUT,2026-07-17,RGTI
RGTI260717P00023000,23.0,5.85,6.4,7.0,27.0,94.0,0.8491226025390625,True,PUT,2026-07-17,RGTI
RGTI260717P00024000,24.0,7.35,7.25,7.6,6.0,12.0,0.8493667407226562,True,PUT,2026-07-17,RGTI
RGTI260717P00025000,25.0,7.15,7.85,8.45,10.0,38.0,0.8452163916015624,True,PUT,2026-07-17,RGTI
RGTI260821C00015000,15.0,9.54,7.4,9.55,2.0,83.0,1.1713908618164064,True,CALL,2026-08-21,RGTI
RGTI260821C00016000,16.0,7.5,7.15,8.9,60.0,118.0,1.1677287707519532,True,CALL,2026-08-21,RGTI
RGTI260821C00017000,17.0,7.0,6.65,7.0,6.0,2.0,1.007329182128906,True,CALL,2026-08-21,RGTI
RGTI260821C00018000,18.0,7.8,6.2,7.1,30.0,33.0,1.0532273901367186,True,CALL,2026-08-21,RGTI
RGTI260821C00019000,19.0,6.4,5.8,6.25,4.0,6.0,1.0065967639160154,True,CALL,2026-08-21,RGTI
RGTI260821C00020000,20.0,6.2,5.35,6.2,2.0,44.0,1.0261279162597656,False,CALL,2026-08-21,RGTI
RGTI260821C00021000,21.0,6.79,5.05,5.95,3.0,198.0,1.0361376318359379,False,CALL,2026-08-21,RGTI
RGTI260821C00022000,22.0,4.99,4.75,5.45,6.0,335.0,1.019780291748047,False,CALL,2026-08-21,RGTI
RGTI260821C00023000,23.0,4.6,4.4,4.8,9.0,157.0,0.983398603515625,False,CALL,2026-08-21,RGTI
RGTI260821C00024000,24.0,5.65,4.15,4.7,2.0,45.0,0.9997558618164062,False,CALL,2026-08-21,RGTI
RGTI260821C00025000,25.0,4.25,3.95,4.4,26.0,80.0,1.000005,False,CALL,2026-08-21,RGTI
RGTI260821P00015000,15.0,2.52,2.37,2.58,17.0,190.0,0.8740246972656249,False,PUT,2026-08-21,RGTI
RGTI260821P00016000,16.0,3.05,2.85,3.2,1.0,25.0,0.8876964355468748,False,PUT,2026-08-21,RGTI
RGTI260821P00017000,17.0,2.3,3.25,3.8,3.0,9.0,0.8823253955078124,False,PUT,2026-08-21,RGTI
RGTI260821P00018000,18.0,4.05,3.85,4.25,13.0,259.0,0.8754895263671875,False,PUT,2026-08-21,RGTI
RGTI260821P00019000,19.0,4.52,4.3,4.9,6.0,7.0,0.8676771044921875,False,PUT,2026-08-21,RGTI
RGTI260821P00020000,20.0,4.9,4.7,5.5,6.0,150.0,0.8459488061523437,True,PUT,2026-08-21,RGTI
RGTI260821P00021000,21.0,5.12,5.55,6.1,9.0,26.0,0.85937640625,True,PUT,2026-08-21,RGTI
RGTI260821P00022000,22.0,6.1,6.3,6.6,50.0,23.0,0.8503432934570312,True,PUT,2026-08-21,RGTI
RGTI260821P00023000,23.0,6.85,6.9,7.45,6.0,122.0,0.8542495043945313,True,PUT,2026-08-21,RGTI
RGTI260821P00024000,24.0,7.2,7.6,8.15,1.0,31.0,0.8500991552734375,True,PUT,2026-08-21,RGTI
RGTI260821P00025000,25.0,7.25,7.65,8.9,5.0,37.0,0.79101771484375,True,PUT,2026-08-21,RGTI
RGTI260918C00015000,15.0,8.13,7.9,8.65,2.0,38.0,1.056645341796875,True,CALL,2026-09-18,RGTI
RGTI260918C00017000,17.0,10.35,6.9,7.75,,1.0,1.0393114440917972,True,CALL,2026-09-18,RGTI
RGTI260918C00018000,18.0,9.23,6.5,7.4,,3.0,1.0424852563476565,True,CALL,2026-09-18,RGTI
RGTI260918C00019000,19.0,7.25,6.1,7.55,1.0,11.0,1.0852096520996093,True,CALL,2026-09-18,RGTI
RGTI260918C00020000,20.0,6.8,5.75,6.65,1.0,4.0,1.0351610742187503,False,CALL,2026-09-18,RGTI
RGTI260918C00021000,21.0,6.87,5.4,7.15,1.0,3.0,1.1025435498046878,False,CALL,2026-09-18,RGTI
RGTI260918C00022000,22.0,6.82,5.05,6.0,8.0,19.0,1.0266161950683594,False,CALL,2026-09-18,RGTI
RGTI260918C00023000,23.0,6.15,4.75,5.7,10.0,15.0,1.023930661621094,False,CALL,2026-09-18,RGTI
RGTI260918C00024000,24.0,5.7,4.45,5.45,1.0,25.0,1.0224658251953125,False,CALL,2026-09-18,RGTI
RGTI260918C00025000,25.0,5.85,4.2,5.3,3.0,300.0,1.0302782861328126,False,CALL,2026-09-18,RGTI
RGTI260918P00015000,15.0,2.43,2.55,3.2,12.0,113.0,0.9038095556640625,False,PUT,2026-09-18,RGTI
RGTI260918P00016000,16.0,2.55,3.0,3.7,,1.0,0.8964854101562498,False,PUT,2026-09-18,RGTI
RGTI260918P00017000,17.0,3.1,3.5,4.05,2.0,2.0,0.8740246972656249,False,PUT,2026-09-18,RGTI
RGTI260918P00020000,20.0,4.35,5.1,5.9,5.0,13.0,0.860352958984375,True,PUT,2026-09-18,RGTI
RGTI260918P00021000,21.0,5.05,5.3,6.55,1.0,2.0,0.82226740234375,True,PUT,2026-09-18,RGTI
RGTI260918P00022000,22.0,5.8,6.45,7.1,,1.0,0.8500991552734375,True,PUT,2026-09-18,RGTI
RGTI260918P00023000,23.0,6.1,6.55,7.8,1.0,2.0,0.8012715185546875,True,PUT,2026-09-18,RGTI
RGTI260918P00024000,24.0,6.79,7.85,8.5,1.0,2.0,0.8452163916015624,True,PUT,2026-09-18,RGTI
RGTI260918P00025000,25.0,7.4,7.95,9.3,33.0,447.0,0.797853583984375,True,PUT,2026-09-18,RGTI
RGTI261016C00015000,15.0,10.0,8.15,8.85,1.0,72.0,1.0429735351562504,True,CALL,2026-10-16,RGTI
RGTI261016C00020000,20.0,6.3,6.0,6.45,18.0,7.0,0.9821779125976562,False,CALL,2026-10-16,RGTI
RGTI261016C00021000,21.0,6.0,5.75,7.45,1.0,2.0,1.094242810058594,False,CALL,2026-10-16,RGTI
RGTI261016C00022000,22.0,6.9,5.35,6.35,1.0,13.0,1.0210009887695315,False,CALL,2026-10-16,RGTI
RGTI261016C00024000,24.0,6.2,4.75,6.4,1.0,2.0,1.0620164086914063,False,CALL,2026-10-16,RGTI
RGTI261016C00025000,25.0,9.5,4.5,5.6,5.0,76.0,1.0190478735351562,False,CALL,2026-10-16,RGTI
RGTI261016P00015000,15.0,2.85,2.76,3.15,2.0,212.0,0.8696302099609375,False,PUT,2026-10-16,RGTI
RGTI261016P00017000,17.0,3.28,3.7,4.4,40.0,40.0,0.8745129736328124,False,PUT,2026-10-16,RGTI
RGTI261016P00020000,20.0,4.9,5.4,6.05,1.0,2.0,0.848634326171875,True,PUT,2026-10-16,RGTI
RGTI261016P00024000,24.0,7.75,8.1,8.8,,1.0,0.8400894897460938,True,PUT,2026-10-16,RGTI
RGTI261016P00025000,25.0,8.9,8.85,9.5,1.0,201.0,0.8369156933593749,True,PUT,2026-10-16,RGTI
RGTI261120C00015000,15.0,11.05,7.8,10.65,20.0,59.0,1.1162153564453123,True,CALL,2026-11-20,RGTI
RGTI261120C00020000,20.0,6.89,6.5,7.45,1.0,118.0,1.0383348864746096,False,CALL,2026-11-20,RGTI
RGTI261120C00025000,25.0,5.3,4.9,6.0,15.0,115.0,1.0144092248535155,False,CALL,2026-11-20,RGTI
RGTI261120P00015000,15.0,3.03,3.0,3.6,6.0,222.0,0.8808605664062499,False,PUT,2026-11-20,RGTI
RGTI261120P00020000,20.0,5.75,5.75,6.65,9.0,10.0,0.8686536572265625,True,PUT,2026-11-20,RGTI
RGTI261120P00025000,25.0,8.85,9.2,10.4,20.0,135.0,0.8745129736328124,True,PUT,2026-11-20,RGTI
RGTI261218C00015000,15.0,9.0,8.75,9.05,6.0,46.0,1.0078174609375,True,CALL,2026-12-18,RGTI
RGTI261218C00020000,20.0,7.0,6.7,7.0,1.0,311.0,0.9738772143554688,False,CALL,2026-12-18,RGTI
RGTI261218C00025000,25.0,6.75,5.2,6.0,1.0,258.0,0.99023447265625,False,CALL,2026-12-18,RGTI
RGTI261218P00015000,15.0,3.4,3.4,3.7,2.0,350.0,0.8862316064453124,False,PUT,2026-12-18,RGTI
RGTI261218P00020000,20.0,6.27,6.0,6.5,1.0,39.0,0.8374039697265624,True,PUT,2026-12-18,RGTI
RGTI261218P00025000,25.0,9.0,9.4,10.65,27.0,146.0,0.8664564135742188,True,PUT,2026-12-18,RGTI
RGTI270115C00015000,15.0,8.98,8.75,9.45,122.0,5075.0,1.0017139758300782,True,CALL,2027-01-15,RGTI
RGTI270115C00017000,17.0,8.25,8.05,8.7,31.0,1528.0,1.0102588549804685,True,CALL,2027-01-15,RGTI
RGTI270115C00020000,20.0,7.35,7.0,7.35,101.0,3745.0,0.9809572216796876,False,CALL,2027-01-15,RGTI
RGTI270115C00022000,22.0,6.7,6.45,6.7,157.0,1196.0,0.9785158398437501,False,CALL,2027-01-15,RGTI
RGTI270115C00025000,25.0,5.75,5.65,6.1,161.0,2746.0,0.9865723999023439,False,CALL,2027-01-15,RGTI
RGTI270115P00015000,15.0,3.6,3.5,3.7,97.0,5041.0,0.8588881298828125,False,PUT,2027-01-15,RGTI
RGTI270115P00017000,17.0,4.72,4.45,4.9,6.0,1814.0,0.8488784643554688,False,PUT,2027-01-15,RGTI
RGTI270115P00020000,20.0,6.47,6.25,6.75,261.0,2670.0,0.8383805224609374,True,PUT,2027-01-15,RGTI
RGTI270115P00022000,22.0,7.41,7.45,8.5,15.0,1503.0,0.8518081225585938,True,PUT,2027-01-15,RGTI
RGTI270115P00025000,25.0,9.95,9.75,10.6,63.0,2299.0,0.8508315698242188,True,PUT,2027-01-15,RGTI
RGTI280121C00015000,15.0,11.75,11.1,12.75,11.0,284.0,1.0637253845214847,True,CALL,2028-01-21,RGTI
RGTI280121C00017000,17.0,10.8,8.5,13.0,52.0,129.0,0.983398603515625,True,CALL,2028-01-21,RGTI
RGTI280121C00020000,20.0,10.1,9.55,10.15,71.0,1102.0,0.9692385888671875,False,CALL,2028-01-21,RGTI
RGTI280121C00022000,22.0,9.5,9.0,10.35,12.0,238.0,1.0009815576171874,False,CALL,2028-01-21,RGTI
RGTI280121C00025000,25.0,8.9,8.55,9.35,8.0,1104.0,0.9890137817382813,False,CALL,2028-01-21,RGTI
RGTI280121P00015000,15.0,5.5,5.05,5.65,9.0,362.0,0.8127460131835937,False,PUT,2028-01-21,RGTI
RGTI280121P00017000,17.0,6.69,6.1,6.9,8.0,665.0,0.7951680639648437,False,PUT,2028-01-21,RGTI
RGTI280121P00020000,20.0,8.75,8.0,8.95,1.0,1117.0,0.7844259838867188,True,PUT,2028-01-21,RGTI
RGTI280121P00022000,22.0,10.05,10.0,10.6,31.0,79.0,0.8215349877929687,True,PUT,2028-01-21,RGTI
RGTI280121P00025000,25.0,12.16,11.45,12.95,100.0,765.0,0.7827170166015626,True,PUT,2028-01-21,RGTI
RIG260130C00003500,3.5,1.56,1.37,1.7,14.0,31.0,4.7500040624999995,True,CALL,2026-01-30,RIG
RIG260130C00004000,4.0,0.93,0.88,1.08,19.0,809.0,2.750003125,True,CALL,2026-01-30,RIG
RIG260130C00004500,4.5,0.47,0.4,0.52,792.0,4089.0,1.40625296875,True,CALL,2026-01-30,RIG
RIG260130C00005000,5.0,0.05,0.03,0.05,7505.0,17479.0,0.5312546875,False,CALL,2026-01-30,RIG
RIG260130C00005500,5.5,0.01,0.0,0.01,2468.0,29953.0,0.87500125,False,CALL,2026-01-30,RIG
RIG260130C00006000,6.0,0.01,0.0,0.01,25.0,141.0,1.3750031249999999,False,CALL,2026-01-30,RIG
RIG260130P00003500,3.5,0.01,0.0,0.02,10.0,157.0,2.50000375,False,PUT,2026-01-30,RIG
RIG260130P00004000,4.0,0.01,0.0,0.01,3.0,1473.0,1.4375028125,False,PUT,2026-01-30,RIG
RIG260130P00004500,4.5,0.01,0.0,0.01,2.0,665.0,0.6875031250000001,False,PUT,2026-01-30,RIG
RIG260130P00005000,5.0,0.12,0.07,0.18,263.0,1612.0,0.867188828125,True,PUT,2026-01-30,RIG
RIG260130P00005500,5.5,0.51,0.15,0.88,2.0,68.0,3.468751328125,True,PUT,2026-01-30,RIG
RIG260130P00006000,6.0,0.97,0.61,1.36,1.0,9.0,4.23437970703125,True,PUT,2026-01-30,RIG
RIG260206C00003500,3.5,1.59,1.38,1.9,11.0,1.0,2.8359404101562498,True,CALL,2026-02-06,RIG
RIG260206C00004000,4.0,1.0,0.83,1.16,26.0,270.0,1.3906280468749999,True,CALL,2026-02-06,RIG
RIG260206C00004500,4.5,0.39,0.43,0.55,38.0,517.0,0.79687703125,True,CALL,2026-02-06,RIG
RIG260206C00005000,5.0,0.16,0.12,0.17,180.0,2907.0,0.6093789062500001,False,CALL,2026-02-06,RIG
RIG260206C00005500,5.5,0.03,0.02,0.05,180.0,2397.0,0.6562534375000001,False,CALL,2026-02-06,RIG
RIG260206C00006000,6.0,0.01,0.01,0.03,32.0,24.0,0.8437515624999999,False,CALL,2026-02-06,RIG
RIG260206P00003500,3.5,0.01,0.0,0.75,1.0,9.0,3.5312511718749997,False,PUT,2026-02-06,RIG
RIG260206P00004000,4.0,0.01,0.0,0.2,6.0,67.0,1.4375028125,False,PUT,2026-02-06,RIG
RIG260206P00004500,4.5,0.03,0.02,0.05,11.0,384.0,0.5546919531250001,False,PUT,2026-02-06,RIG
RIG260206P00005000,5.0,0.17,0.16,0.29,150.0,1244.0,0.5585981640625001,True,PUT,2026-02-06,RIG
RIG260206P00005500,5.5,0.62,0.34,0.7,11.0,4.0,0.9765627343750001,True,PUT,2026-02-06,RIG
RIG260213C00003500,3.5,1.0,1.16,1.9,49.0,48.0,1.65625171875,True,CALL,2026-02-13,RIG
RIG260213C00004000,4.0,0.98,0.66,1.4,10.0,226.0,1.1796916015624999,True,CALL,2026-02-13,RIG
RIG260213C00004500,4.5,0.54,0.38,0.54,30.0,462.0,0.7500025,True,CALL,2026-02-13,RIG
RIG260213C00005000,5.0,0.22,0.17,0.23,54.0,580.0,0.5937540625000001,False,CALL,2026-02-13,RIG
RIG260213C00005500,5.5,0.07,0.05,0.08,135.0,1866.0,0.6015664843750002,False,CALL,2026-02-13,RIG
RIG260213C00006000,6.0,0.02,0.01,0.08,22.0,598.0,0.773439765625,False,CALL,2026-02-13,RIG
RIG260213P00003500,3.5,0.04,0.0,0.08,10.0,26.0,1.171879140625,False,PUT,2026-02-13,RIG
RIG260213P00004000,4.0,0.02,0.0,0.28,1.0,780.0,1.2343788281249999,False,PUT,2026-02-13,RIG
RIG260213P00004500,4.5,0.06,0.04,0.09,1.0,261.0,0.5312546875,False,PUT,2026-02-13,RIG
RIG260213P00005000,5.0,0.26,0.23,0.29,12.0,12.0,0.507817421875,True,PUT,2026-02-13,RIG
RIG260213P00005500,5.5,0.6,0.31,0.91,20.0,22.0,1.3007847460937496,True,PUT,2026-02-13,RIG
RIG260220C00003500,3.5,1.39,1.27,1.7,1.0,16180.0,1.1953165234375,True,CALL,2026-02-20,RIG
RIG260220C00004000,4.0,1.0,0.93,1.03,170.0,16283.0,0.8125018749999999,True,CALL,2026-02-20,RIG
RIG260220C00004500,4.5,0.57,0.54,0.61,505.0,14299.0,0.710940390625,True,CALL,2026-02-20,RIG
RIG260220C00005000,5.0,0.27,0.26,0.28,12994.0,40178.0,0.6367223828125,False,CALL,2026-02-20,RIG
RIG260220C00005500,5.5,0.11,0.1,0.13,260.0,11779.0,0.6367223828125,False,CALL,2026-02-20,RIG
RIG260220C00006000,6.0,0.07,0.05,0.07,4.0,1599.0,0.70312796875,False,CALL,2026-02-20,RIG
RIG260220P00003500,3.5,0.02,0.0,0.03,132.0,20664.0,0.7812521875,False,PUT,2026-02-20,RIG
RIG260220P00004000,4.0,0.03,0.03,0.05,15.0,3564.0,0.6640658593750002,False,PUT,2026-02-20,RIG
RIG260220P00004500,4.5,0.14,0.09,0.15,151.0,1820.0,0.585941640625,False,PUT,2026-02-20,RIG
RIG260220P00005000,5.0,0.33,0.3,0.32,13.0,572.0,0.523442265625,True,PUT,2026-02-20,RIG
RIG260220P00005500,5.5,0.57,0.63,0.7,54.0,59.0,0.51562984375,True,PUT,2026-02-20,RIG
RIG260220P00006000,6.0,1.21,0.73,1.31,6.0,6.0,1.1328168359375002,True,PUT,2026-02-20,RIG
RIG260227C00003500,3.5,1.17,1.17,1.9,,1.0,1.2265663671875,True,CALL,2026-02-27,RIG
RIG260227C00004000,4.0,0.93,0.7,1.2,4.0,7054.0,0.6015664843750002,True,CALL,2026-02-27,RIG
RIG260227C00004500,4.5,0.6,0.56,0.65,141.0,317.0,0.6835969140625001,True,CALL,2026-02-27,RIG
RIG260227C00005000,5.0,0.31,0.29,0.4,853.0,1856.0,0.6914093359375001,False,CALL,2026-02-27,RIG
RIG260227C00005500,5.5,0.13,0.13,0.17,26.0,229.0,0.632816171875,False,CALL,2026-02-27,RIG
RIG260227C00006000,6.0,0.05,0.05,0.11,70.0,438.0,0.6718782812500002,False,CALL,2026-02-27,RIG
RIG260227P00003500,3.5,0.03,0.0,0.08,41.0,126.0,0.85937640625,False,PUT,2026-02-27,RIG
RIG260227P00004000,4.0,0.04,0.03,0.08,1.0,417.0,0.64062859375,False,PUT,2026-02-27,RIG
RIG260227P00004500,4.5,0.16,0.12,0.19,26.0,64.0,0.5898478515625001,False,PUT,2026-02-27,RIG
RIG260227P00005000,5.0,0.4,0.32,0.6,20.0,47.0,0.726565234375,True,PUT,2026-02-27,RIG
RIG260306C00004000,4.0,1.08,0.7,1.45,4.0,5.0,0.8828136718749999,True,CALL,2026-03-06,RIG
RIG260306C00005000,5.0,0.34,0.31,0.39,12.0,120.0,0.6289099609375001,False,CALL,2026-03-06,RIG
RIG260306C00005500,5.5,0.2,0.15,0.2,4.0,116.0,0.6132851171875001,False,CALL,2026-03-06,RIG
RIG260306C00006000,6.0,0.14,0.07,0.11,3.0,12.0,0.632816171875,False,CALL,2026-03-06,RIG
RIG260306P00004000,4.0,0.33,0.05,0.1,1.0,92.0,0.64062859375,False,PUT,2026-03-06,RIG
RIG260306P00004500,4.5,0.14,0.15,0.2,100.0,141.0,0.570316796875,False,PUT,2026-03-06,RIG
RIG260320C00003500,3.5,1.43,1.2,1.76,5083.0,6008.0,0.7851583984375,True,CALL,2026-03-20,RIG
RIG260320C00004000,4.0,1.07,1.01,1.14,27.0,54809.0,0.7539087109375,True,CALL,2026-03-20,RIG
RIG260320C00004500,4.5,0.68,0.64,0.73,188.0,14049.0,0.648441015625,True,CALL,2026-03-20,RIG
RIG260320C00005000,5.0,0.41,0.38,0.43,532.0,9509.0,0.6113320117187502,False,CALL,2026-03-20,RIG
RIG260320C00005500,5.5,0.23,0.22,0.24,11108.0,6630.0,0.6054726953125001,False,CALL,2026-03-20,RIG
RIG260320C00006000,6.0,0.12,0.1,0.14,108.0,1118.0,0.5976602734375001,False,CALL,2026-03-20,RIG
RIG260320P00003500,3.5,0.05,0.01,0.08,12.0,3590.0,0.6796907031250001,False,PUT,2026-03-20,RIG
RIG260320P00004000,4.0,0.08,0.08,0.11,64.0,6240.0,0.5937540625000001,False,PUT,2026-03-20,RIG
RIG260320P00004500,4.5,0.2,0.19,0.22,14.0,1459.0,0.53320779296875,False,PUT,2026-03-20,RIG
RIG260320P00005000,5.0,0.45,0.4,0.45,31.0,757.0,0.5097705273437501,True,PUT,2026-03-20,RIG
RIG260320P00005500,5.5,0.81,0.73,0.81,20.0,124.0,0.523442265625,True,PUT,2026-03-20,RIG
RIG260320P00006000,6.0,1.8,0.9,1.31,,5.0,0.7578149218750001,True,PUT,2026-03-20,RIG
RIG260515C00003500,3.5,1.58,1.41,1.85,3.0,699.0,0.80664255859375,True,CALL,2026-05-15,RIG
RIG260515C00004000,4.0,1.15,1.12,1.25,4.0,799.0,0.6640658593750002,True,CALL,2026-05-15,RIG
RIG260515C00004500,4.5,0.87,0.83,0.9,784.0,15556.0,0.6367223828125,True,CALL,2026-05-15,RIG
RIG260515C00005000,5.0,0.57,0.6,0.65,152.0,8734.0,0.63086306640625,False,CALL,2026-05-15,RIG
RIG260515C00005500,5.5,0.42,0.39,0.45,127.0,6262.0,0.6054726953125001,False,CALL,2026-05-15,RIG
RIG260515C00006000,6.0,0.27,0.26,0.32,1812.0,3524.0,0.6054726953125001,False,CALL,2026-05-15,RIG
RIG260515P00003500,3.5,0.08,0.08,0.14,3.0,12475.0,0.6132851171875001,False,PUT,2026-05-15,RIG
RIG260515P00004000,4.0,0.2,0.18,0.22,11.0,7167.0,0.56055126953125,False,PUT,2026-05-15,RIG
RIG260515P00004500,4.5,0.37,0.33,0.4,125.0,1190.0,0.5371140039062501,False,PUT,2026-05-15,RIG
RIG260515P00005000,5.0,0.68,0.58,0.63,3.0,806.0,0.5214891601562499,True,PUT,2026-05-15,RIG
RIG260515P00005500,5.5,0.9,0.87,0.99,20.0,1310.0,0.523442265625,True,PUT,2026-05-15,RIG
RIG260515P00006000,6.0,1.26,1.25,1.35,20.0,21.0,0.5136767382812499,True,PUT,2026-05-15,RIG
RIG260618C00003500,3.5,1.7,1.46,2.0,1.0,819.0,0.8320329296874999,True,CALL,2026-06-18,RIG
RIG260618C00004000,4.0,1.26,1.23,1.3,26.0,1910.0,0.6621127539062501,True,CALL,2026-06-18,RIG
RIG260618C00004500,4.5,0.97,0.9,1.0,112.0,887.0,0.63086306640625,True,CALL,2026-06-18,RIG
RIG260618C00005000,5.0,0.64,0.64,0.75,11.0,3751.0,0.6074258007812501,False,CALL,2026-06-18,RIG
RIG260618C00005500,5.5,0.46,0.46,0.55,27.0,4374.0,0.5976602734375001,False,CALL,2026-06-18,RIG
RIG260618P00003500,3.5,0.11,0.11,0.16,4.0,6564.0,0.5742230078125,False,PUT,2026-06-18,RIG
RIG260618P00004000,4.0,0.25,0.22,0.26,10.0,2792.0,0.53320779296875,False,PUT,2026-06-18,RIG
RIG260618P00004500,4.5,0.44,0.39,0.51,200.0,997.0,0.5449264257812501,False,PUT,2026-06-18,RIG
RIG260618P00005000,5.0,0.65,0.62,0.76,100.0,611.0,0.52539537109375,True,PUT,2026-06-18,RIG
RIG260618P00005500,5.5,0.96,0.93,1.07,3.0,7.0,0.514653291015625,True,PUT,2026-06-18,RIG
RIG260821C00003500,3.5,1.42,1.48,2.09,4.0,25.0,0.7460962890625,True,CALL,2026-08-21,RIG
RIG260821C00004000,4.0,1.3,1.34,1.47,19.0,117.0,0.6699251757812501,True,CALL,2026-08-21,RIG
RIG260821C00004500,4.5,1.03,1.04,1.16,1.0,98.0,0.6347692773437501,True,CALL,2026-08-21,RIG
RIG260821C00005000,5.0,0.86,0.79,0.89,68.0,543.0,0.6035195898437502,False,CALL,2026-08-21,RIG
RIG260821C00005500,5.5,0.61,0.59,0.71,23.0,308.0,0.594730615234375,False,CALL,2026-08-21,RIG
RIG260821C00006000,6.0,0.47,0.46,0.54,249.0,5484.0,0.58789474609375,False,CALL,2026-08-21,RIG
RIG260821P00003500,3.5,0.22,0.16,0.25,43.0,828.0,0.56055126953125,False,PUT,2026-08-21,RIG
RIG260821P00004000,4.0,0.3,0.31,0.4,3.0,87.0,0.5449264257812501,False,PUT,2026-08-21,RIG
RIG260821P00004500,4.5,0.6,0.5,0.65,,1.0,0.5449264257812501,False,PUT,2026-08-21,RIG
RIG260821P00005000,5.0,0.78,0.75,0.9,30.0,40.0,0.5273484765625001,True,PUT,2026-08-21,RIG
RIG260821P00005500,5.5,1.42,1.04,1.21,,150.0,0.5136767382812499,True,PUT,2026-08-21,RIG
RIG260918C00003500,3.5,1.76,1.59,1.97,3.0,585.0,0.6953155468750001,True,CALL,2026-09-18,RIG
RIG260918C00004000,4.0,1.46,1.37,1.5,2.0,678.0,0.6523472265625001,True,CALL,2026-09-18,RIG
RIG260918C00004500,4.5,1.06,1.09,1.2,6.0,437.0,0.6259803027343751,True,CALL,2026-09-18,RIG
RIG260918C00005000,5.0,0.82,0.84,0.96,13.0,1164.0,0.6054726953125001,False,CALL,2026-09-18,RIG
RIG260918C00005500,5.5,0.65,0.65,0.79,82.0,840.0,0.6025430371093752,False,CALL,2026-09-18,RIG
RIG260918P00003500,3.5,0.21,0.2,0.24,20.0,201.0,0.5410202148437502,False,PUT,2026-09-18,RIG
RIG260918P00004000,4.0,0.37,0.34,0.39,2.0,1164.0,0.5195360546875,False,PUT,2026-09-18,RIG
RIG260918P00004500,4.5,0.62,0.53,0.66,13.0,1036.0,0.52539537109375,False,PUT,2026-09-18,RIG
RIG260918P00005000,5.0,0.9,0.77,0.95,1.0,150.0,0.51758294921875,True,PUT,2026-09-18,RIG
RIG260918P00005500,5.5,1.2,1.08,1.2,3.0,80.0,0.5293015820312501,True,PUT,2026-09-18,RIG
RIG261218C00003500,3.5,1.88,1.64,2.26,11.0,1802.0,0.7226590234375,True,CALL,2026-12-18,RIG
RIG261218C00004000,4.0,1.61,1.51,1.68,10.0,2454.0,0.6601596484375001,True,CALL,2026-12-18,RIG
RIG261218C00004500,4.5,1.34,1.24,1.37,2.0,852.0,0.6259803027343751,True,CALL,2026-12-18,RIG
RIG261218C00005000,5.0,1.07,1.05,1.16,639.0,25738.0,0.6279334082031252,False,CALL,2026-12-18,RIG
RIG261218C00005500,5.5,0.75,0.8,0.94,2.0,1367.0,0.5927775097656252,False,CALL,2026-12-18,RIG
RIG261218P00003500,3.5,0.29,0.28,0.35,60.0,6771.0,0.5410202148437502,False,PUT,2026-12-18,RIG
RIG261218P00004000,4.0,0.45,0.44,0.51,20.0,5314.0,0.51562984375,False,PUT,2026-12-18,RIG
RIG261218P00004500,4.5,0.67,0.65,0.81,10.0,61.0,0.52539537109375,False,PUT,2026-12-18,RIG
RIG261218P00005000,5.0,1.02,0.92,1.01,43.0,1505.0,0.5214891601562499,True,PUT,2026-12-18,RIG
RIG261218P00005500,5.5,1.25,1.2,1.37,40.0,77.0,0.5410202148437502,True,PUT,2026-12-18,RIG
RIG270115C00003500,3.5,1.92,1.79,2.05,10.0,3258.0,0.6699251757812501,True,CALL,2027-01-15,RIG
RIG270115C00004000,4.0,1.62,1.57,1.69,36.0,8300.0,0.6552768847656252,True,CALL,2027-01-15,RIG
RIG270115C00004500,4.5,1.36,1.28,1.42,25.0,9711.0,0.6269568554687501,True,CALL,2027-01-15,RIG
RIG270115C00005000,5.0,1.2,1.09,1.19,357.0,18394.0,0.6210975390625001,False,CALL,2027-01-15,RIG
RIG270115C00005500,5.5,0.97,0.9,1.01,140.0,4606.0,0.6132851171875001,False,CALL,2027-01-15,RIG
RIG270115P00003500,3.5,0.33,0.32,0.37,15.0,2717.0,0.5419967675781252,False,PUT,2027-01-15,RIG
RIG270115P00004000,4.0,0.55,0.48,0.57,1.0,106204.0,0.5273484765625001,False,PUT,2027-01-15,RIG
RIG270115P00004500,4.5,0.65,0.69,0.87,900.0,4983.0,0.532231240234375,False,PUT,2027-01-15,RIG
RIG270115P00005000,5.0,1.01,0.97,1.05,11.0,20605.0,0.5009815527343751,True,PUT,2027-01-15,RIG
RIG270115P00005500,5.5,1.25,1.26,1.44,103.0,253.0,0.508793974609375,True,PUT,2027-01-15,RIG
RIG270319C00004500,4.5,1.53,0.92,1.72,27.0,206.0,0.561527822265625,True,CALL,2027-03-19,RIG
RIG270617C00004500,4.5,1.6,1.52,1.75,100.0,5.0,0.6621127539062501,True,CALL,2027-06-17,RIG
RIG270617P00004500,4.5,0.9,0.6,1.1,5.0,5.0,0.5986368261718751,False,PUT,2027-06-17,RIG
RIG270917C00004500,4.5,1.59,1.55,2.06,14.0,14.0,0.6865265722656251,True,CALL,2027-09-17,RIG
RIG270917P00004500,4.5,0.9,0.67,1.18,101.0,101.0,0.585941640625,False,PUT,2027-09-17,RIG
RIG280121C00003500,3.5,2.34,2.07,2.7,22.0,1677.0,0.7060576269531251,True,CALL,2028-01-21,RIG
RIG280121C00004000,4.0,2.13,1.95,2.11,51.0,2019.0,0.6367223828125,True,CALL,2028-01-21,RIG
RIG280121C00004500,4.5,1.76,1.65,2.0,7.0,1019.0,0.631839619140625,True,CALL,2028-01-21,RIG
RIG280121C00005000,5.0,1.74,1.6,1.75,105.0,7380.0,0.6401403173828125,False,CALL,2028-01-21,RIG
RIG280121C00005500,5.5,1.45,1.4,1.58,310.0,1856.0,0.6269568554687501,False,CALL,2028-01-21,RIG
RIG280121P00003500,3.5,0.6,0.55,0.78,82.0,342.0,0.5449264257812501,False,PUT,2028-01-21,RIG
RIG280121P00004000,4.0,0.9,0.75,0.9,2.0,3475.0,0.5019581054687501,False,PUT,2028-01-21,RIG
RIG280121P00004500,4.5,1.09,0.78,1.16,1.0,50.0,0.524418818359375,False,PUT,2028-01-21,RIG
RIG280121P00005000,5.0,1.25,1.24,2.25,5.0,419.0,0.63086306640625,True,PUT,2028-01-21,RIG
RIG280121P00005500,5.5,1.69,1.08,1.92,2.0,24.0,0.5649457568359376,True,PUT,2028-01-21,RIG
RIO260220C00067500,67.5,29.58,25.9,28.8,8.0,38.0,1.1772502075195312,True,CALL,2026-02-20,RIO
RIO260220C00070000,70.0,27.5,25.0,25.4,2.0,66.0,0.754885263671875,True,CALL,2026-02-20,RIO
RIO260220C00072500,72.5,20.9,21.0,23.9,6.0,76.0,0.543949873046875,True,CALL,2026-02-20,RIO
RIO260220C00075000,75.0,19.6,20.1,20.4,10.0,433.0,0.629886513671875,True,CALL,2026-02-20,RIO
RIO260220C00077500,77.5,16.6,16.0,18.8,6.0,387.0,0.807619111328125,True,CALL,2026-02-20,RIO
RIO260220C00080000,80.0,14.73,15.2,15.6,30.0,419.0,0.5312546875,True,CALL,2026-02-20,RIO
RIO260220C00082500,82.5,12.06,12.8,13.2,2.0,668.0,0.5224657128906249,True,CALL,2026-02-20,RIO
RIO260220C00085000,85.0,10.6,10.5,10.9,25.0,2636.0,0.47803256347656253,True,CALL,2026-02-20,RIO
RIO260220C00087500,87.5,8.67,8.4,8.7,83.0,1065.0,0.43848217773437503,True,CALL,2026-02-20,RIO
RIO260220C00090000,90.0,6.6,6.4,6.7,166.0,1835.0,0.41040628662109374,True,CALL,2026-02-20,RIO
RIO260220C00092500,92.5,4.5,4.7,5.0,104.0,698.0,0.3957579956054688,True,CALL,2026-02-20,RIO
RIO260220C00095000,95.0,3.4,3.3,3.6,1150.0,1866.0,0.3869690209960937,False,CALL,2026-02-20,RIO
RIO260220C00097500,97.5,2.35,2.3,2.5,143.0,134.0,0.38184211914062494,False,CALL,2026-02-20,RIO
RIO260220C00100000,100.0,1.65,1.55,1.7,770.0,873.0,0.38184211914062494,False,CALL,2026-02-20,RIO
RIO260220C00105000,105.0,0.72,0.65,0.85,905.0,340.0,0.40601179931640624,False,CALL,2026-02-20,RIO
RIO260220C00110000,110.0,0.34,0.25,0.45,40.0,28.0,0.43555251953125,False,CALL,2026-02-20,RIO
RIO260220C00115000,115.0,0.23,0.1,0.3,226.0,231.0,0.48242705078125003,False,CALL,2026-02-20,RIO
RIO260220P00067500,67.5,0.07,0.0,0.2,2.0,47.0,0.6621127539062501,False,PUT,2026-02-20,RIO
RIO260220P00070000,70.0,0.05,0.05,0.2,5.0,452.0,0.62305064453125,False,PUT,2026-02-20,RIO
RIO260220P00072500,72.5,0.1,0.1,0.25,1.0,344.0,0.5937540625000001,False,PUT,2026-02-20,RIO
RIO260220P00075000,75.0,0.25,0.1,0.25,2.0,646.0,0.5302781347656251,False,PUT,2026-02-20,RIO
RIO260220P00077500,77.5,0.24,0.15,0.3,3.0,1197.0,0.5224657128906249,False,PUT,2026-02-20,RIO
RIO260220P00080000,80.0,0.32,0.2,0.35,8.0,1390.0,0.4726615234375,False,PUT,2026-02-20,RIO
RIO260220P00082500,82.5,0.4,0.35,0.5,27.0,1378.0,0.44482977050781247,False,PUT,2026-02-20,RIO
RIO260220P00085000,85.0,0.6,0.55,0.7,30.0,1999.0,0.414068359375,False,PUT,2026-02-20,RIO
RIO260220P00087500,87.5,1.06,0.85,1.0,24.0,455.0,0.3857483300781249,False,PUT,2026-02-20,RIO
RIO260220P00090000,90.0,1.45,1.35,1.55,29.0,308.0,0.3723207299804688,False,PUT,2026-02-20,RIO
RIO260220P00092500,92.5,2.19,2.15,2.3,62.0,90.0,0.35645174804687496,False,PUT,2026-02-20,RIO
RIO260220P00095000,95.0,3.32,3.2,3.4,415.0,68.0,0.34961587890624996,True,PUT,2026-02-20,RIO
RIO260320C00067500,67.5,24.8,26.2,29.6,50.0,1019.0,0.6127968408203126,True,CALL,2026-03-20,RIO
RIO260320C00070000,70.0,24.8,23.3,26.2,11.0,1324.0,0.7106962524414062,True,CALL,2026-03-20,RIO
RIO260320C00072500,72.5,18.7,21.8,24.7,4.0,1490.0,0.57617611328125,True,CALL,2026-03-20,RIO
RIO260320C00075000,75.0,20.3,19.5,21.3,205.0,2267.0,0.6025430371093752,True,CALL,2026-03-20,RIO
RIO260320C00077500,77.5,16.74,16.2,19.1,3.0,422.0,0.5798381860351562,True,CALL,2026-03-20,RIO
RIO260320C00080000,80.0,14.8,15.4,15.8,11.0,2911.0,0.4182187084960937,True,CALL,2026-03-20,RIO
RIO260320C00082500,82.5,13.2,11.3,13.6,8.0,292.0,0.40064075927734377,True,CALL,2026-03-20,RIO
RIO260320C00085000,85.0,10.39,10.9,11.3,21.0,2645.0,0.36426416992187505,True,CALL,2026-03-20,RIO
RIO260320C00087500,87.5,8.8,8.9,9.2,73.0,1098.0,0.340826904296875,True,CALL,2026-03-20,RIO
RIO260320C00090000,90.0,7.3,7.0,7.3,388.0,2748.0,0.3242255078124999,True,CALL,2026-03-20,RIO
RIO260320C00092500,92.5,5.65,5.5,5.8,192.0,1450.0,0.32459171508789053,True,CALL,2026-03-20,RIO
RIO260320C00095000,95.0,4.25,4.1,4.4,328.0,1178.0,0.31641308593749995,False,CALL,2026-03-20,RIO
RIO260320C00097500,97.5,3.3,3.1,3.4,61.0,536.0,0.32129584960937496,False,CALL,2026-03-20,RIO
RIO260320C00100000,100.0,2.45,2.4,2.6,343.0,1776.0,0.32642275146484373,False,CALL,2026-03-20,RIO
RIO260320C00105000,105.0,1.45,1.3,1.5,327.0,503.0,0.33789724609375,False,CALL,2026-03-20,RIO
RIO260320C00110000,110.0,0.9,0.7,0.9,488.0,593.0,0.3552310571289062,False,CALL,2026-03-20,RIO
RIO260320C00115000,115.0,0.6,0.4,0.6,6.0,13.0,0.3803772900390625,False,CALL,2026-03-20,RIO
RIO260320P00067500,67.5,0.34,0.15,0.35,6.0,1592.0,0.5195360546875,False,PUT,2026-03-20,RIO
RIO260320P00070000,70.0,0.37,0.2,0.4,11.0,1124.0,0.5200243310546875,False,PUT,2026-03-20,RIO
RIO260320P00072500,72.5,0.46,0.25,0.45,11.0,711.0,0.48291532714843755,False,PUT,2026-03-20,RIO
RIO260320P00075000,75.0,0.5,0.4,0.55,14.0,2079.0,0.4555718505859375,False,PUT,2026-03-20,RIO
RIO260320P00077500,77.5,0.6,0.5,0.7,6.0,436.0,0.43237872314453124,False,PUT,2026-03-20,RIO
RIO260320P00080000,80.0,0.86,0.75,0.95,11.0,3256.0,0.4177304321289062,False,PUT,2026-03-20,RIO
RIO260320P00082500,82.5,1.31,1.05,1.25,4.0,719.0,0.40015248291015626,False,PUT,2026-03-20,RIO
RIO260320P00085000,85.0,1.67,1.5,1.75,11.0,1505.0,0.3940490283203125,False,PUT,2026-03-20,RIO
RIO260320P00087500,87.5,2.5,2.15,2.4,2.0,287.0,0.38892212646484375,False,PUT,2026-03-20,RIO
RIO260320P00090000,90.0,3.35,3.0,3.3,169.0,606.0,0.39075316284179684,False,PUT,2026-03-20,RIO
RIO260320P00092500,92.5,4.7,4.1,4.4,85.0,278.0,0.3936828210449219,False,PUT,2026-03-20,RIO
RIO260417C00067500,67.5,24.0,25.6,29.6,8.0,370.0,0.7319362744140624,True,CALL,2026-04-17,RIO
RIO260417C00070000,70.0,24.5,23.3,25.7,7.0,216.0,0.5009815527343751,True,CALL,2026-04-17,RIO
RIO260417C00072500,72.5,22.2,21.0,24.5,1.0,304.0,0.6098671826171876,True,CALL,2026-04-17,RIO
RIO260417C00075000,75.0,20.45,20.0,20.9,12.0,1850.0,0.43726148681640625,True,CALL,2026-04-17,RIO
RIO260417C00077500,77.5,18.0,16.5,19.1,4.0,366.0,0.46582565429687506,True,CALL,2026-04-17,RIO
RIO260417C00080000,80.0,15.77,15.7,15.8,1361.0,4296.0,0.335944140625,True,CALL,2026-04-17,RIO
RIO260417C00082500,82.5,13.6,13.4,13.8,11.0,416.0,0.3403386279296875,True,CALL,2026-04-17,RIO
RIO260417C00085000,85.0,11.43,11.3,11.6,23.0,1344.0,0.31690136230468746,True,CALL,2026-04-17,RIO
RIO260417C00087500,87.5,9.6,9.3,9.7,3.0,193.0,0.3092110095214844,True,CALL,2026-04-17,RIO
RIO260417C00090000,90.0,7.74,7.6,8.0,16.0,1138.0,0.3048165222167969,True,CALL,2026-04-17,RIO
RIO260417C00092500,92.5,6.3,6.1,6.4,56.0,112.0,0.2960275476074219,True,CALL,2026-04-17,RIO
RIO260417C00095000,95.0,5.0,4.9,5.2,165.0,2200.0,0.29968962036132807,False,CALL,2026-04-17,RIO
RIO260417C00097500,97.5,4.4,3.9,4.2,11.0,45.0,0.30408410766601557,False,CALL,2026-04-17,RIO
RIO260417C00100000,100.0,3.3,3.1,3.4,305.0,3963.0,0.31018756225585936,False,CALL,2026-04-17,RIO
RIO260417C00105000,105.0,2.15,1.95,2.15,48.0,172.0,0.3178779150390625,False,CALL,2026-04-17,RIO
RIO260417P00067500,67.5,0.51,0.25,0.45,1.0,691.0,0.47022014160156256,False,PUT,2026-04-17,RIO
RIO260417P00070000,70.0,0.55,0.45,0.55,7.0,1088.0,0.44873598144531246,False,PUT,2026-04-17,RIO
RIO260417P00072500,72.5,0.68,0.45,0.65,5.0,651.0,0.42407802490234375,False,PUT,2026-04-17,RIO
RIO260417P00075000,75.0,0.8,0.6,0.8,3.0,248.0,0.40381455566406255,False,PUT,2026-04-17,RIO
RIO260417P00077500,77.5,1.13,0.85,1.05,1.0,193.0,0.39160764648437496,False,PUT,2026-04-17,RIO
RIO260417P00080000,80.0,1.35,1.15,1.4,10.0,372.0,0.38269660278320305,False,PUT,2026-04-17,RIO
RIO260417P00082500,82.5,2.12,1.6,1.85,1.0,208.0,0.37476211181640623,False,PUT,2026-04-17,RIO
RIO260417P00085000,85.0,2.25,2.2,2.4,1.0,846.0,0.3663393444824219,False,PUT,2026-04-17,RIO
RIO260417P00087500,87.5,3.14,2.95,3.2,7.0,443.0,0.3665834826660156,False,PUT,2026-04-17,RIO
RIO260417P00090000,90.0,4.3,3.8,4.1,20.0,626.0,0.36340968627929693,False,PUT,2026-04-17,RIO
RIO260417P00092500,92.5,5.2,4.9,5.2,6.0,156.0,0.36304347900390627,False,PUT,2026-04-17,RIO
RIO260417P00100000,100.0,12.7,9.7,10.0,20.0,50.0,0.39490351196289064,True,PUT,2026-04-17,RIO
RIO260618C00067500,67.5,29.0,26.1,29.0,55.0,548.0,0.49451189086914066,True,CALL,2026-06-18,RIO
RIO260618C00070000,70.0,22.76,24.0,26.6,2.0,1013.0,0.4637504797363281,True,CALL,2026-06-18,RIO
RIO260618C00072500,72.5,18.21,21.1,25.0,3.0,363.0,0.4936574072265626,True,CALL,2026-06-18,RIO
RIO260618C00075000,75.0,20.5,18.8,22.7,1.0,960.0,0.46521530883789064,True,CALL,2026-06-18,RIO
RIO260618C00077500,77.5,17.86,16.7,19.8,6.0,382.0,0.39722282470703124,True,CALL,2026-06-18,RIO
RIO260618C00080000,80.0,15.8,16.3,16.8,8.0,1492.0,0.32483585327148434,True,CALL,2026-06-18,RIO
RIO260618C00082500,82.5,14.24,14.3,14.8,1.0,356.0,0.3171455004882812,True,CALL,2026-06-18,RIO
RIO260618C00085000,85.0,12.2,12.5,12.8,13.0,3028.0,0.3042061767578125,True,CALL,2026-06-18,RIO
RIO260618C00087500,87.5,10.7,10.7,11.2,5.0,244.0,0.3064034204101562,True,CALL,2026-06-18,RIO
RIO260618C00090000,90.0,9.3,9.2,9.5,77.0,345.0,0.2973703076171874,True,CALL,2026-06-18,RIO
RIO260618C00092500,92.5,8.0,7.9,8.2,37.0,403.0,0.30023893127441403,True,CALL,2026-06-18,RIO
RIO260618C00095000,95.0,6.75,6.8,7.0,1052.0,3001.0,0.30103238037109376,False,CALL,2026-06-18,RIO
RIO260618C00097500,97.5,5.3,5.7,6.0,60.0,13.0,0.30445031494140623,False,CALL,2026-06-18,RIO
RIO260618C00100000,100.0,5.0,4.9,5.1,144.0,907.0,0.30652548950195313,False,CALL,2026-06-18,RIO
RIO260618C00105000,105.0,3.66,3.4,3.7,34.0,86.0,0.3131172204589844,False,CALL,2026-06-18,RIO
RIO260618C00110000,110.0,2.6,2.45,2.7,221.0,375.0,0.3210517114257812,False,CALL,2026-06-18,RIO
RIO260618C00115000,115.0,1.75,1.7,1.9,3.0,384.0,0.3242255078124999,False,CALL,2026-06-18,RIO
RIO260618P00067500,67.5,0.8,0.7,0.9,1.0,699.0,0.41528905029296875,False,PUT,2026-06-18,RIO
RIO260618P00070000,70.0,1.22,0.85,1.05,53.0,863.0,0.3967345483398438,False,PUT,2026-06-18,RIO
RIO260618P00072500,72.5,1.45,1.1,1.3,718.0,1443.0,0.38550419189453117,False,PUT,2026-06-18,RIO
RIO260618P00075000,75.0,1.9,1.4,1.6,4.0,1370.0,0.37439590454101557,False,PUT,2026-06-18,RIO
RIO260618P00077500,77.5,2.4,1.75,1.95,27.0,249.0,0.3629214099121094,False,PUT,2026-06-18,RIO
RIO260618P00080000,80.0,2.55,2.25,2.45,203.0,1829.0,0.3569400244140625,False,PUT,2026-06-18,RIO
RIO260618P00082500,82.5,3.3,2.85,3.1,3.0,227.0,0.35425450439453116,False,PUT,2026-06-18,RIO
RIO260618P00085000,85.0,3.8,3.5,3.8,397.0,1004.0,0.34857829162597653,False,PUT,2026-06-18,RIO
RIO260618P00087500,87.5,5.2,4.4,4.6,1.0,201.0,0.3425358715820312,False,PUT,2026-06-18,RIO
RIO260618P00090000,90.0,5.7,5.3,5.6,2.0,68.0,0.3404606970214844,False,PUT,2026-06-18,RIO
RIO260618P00100000,100.0,11.35,10.8,11.3,18.0,25.0,0.35169105346679685,True,PUT,2026-06-18,RIO
RIO260717C00067500,67.5,18.22,25.9,29.8,,8.0,0.5139208764648437,True,CALL,2026-07-17,RIO
RIO260717C00070000,70.0,25.44,25.2,27.5,1.0,203.0,0.4886525744628907,True,CALL,2026-07-17,RIO
RIO260717C00072500,72.5,21.2,21.3,25.2,1.0,36.0,0.4626518579101563,True,CALL,2026-07-17,RIO
RIO260717C00075000,75.0,15.7,19.1,23.0,12.0,94.0,0.4417780432128906,True,CALL,2026-07-17,RIO
RIO260717C00077500,77.5,14.75,18.8,19.2,1.0,52.0,0.324103438720703,True,CALL,2026-07-17,RIO
RIO260717C00080000,80.0,17.1,16.8,17.2,2.0,371.0,0.31940377868652337,True,CALL,2026-07-17,RIO
RIO260717C00082500,82.5,7.95,14.9,15.3,3.0,90.0,0.3150703259277343,True,CALL,2026-07-17,RIO
RIO260717C00085000,85.0,13.0,13.0,13.5,9.0,150.0,0.3104317004394531,True,CALL,2026-07-17,RIO
RIO260717C00087500,87.5,11.18,11.4,11.8,76.0,166.0,0.30542686767578126,True,CALL,2026-07-17,RIO
RIO260717C00090000,90.0,10.0,9.9,10.4,21.0,273.0,0.30799031860351556,True,CALL,2026-07-17,RIO
RIO260717C00092500,92.5,8.35,8.6,8.9,3.0,406.0,0.30121548400878906,True,CALL,2026-07-17,RIO
RIO260717C00095000,95.0,7.48,7.4,7.8,25.0,84.0,0.3053047985839844,False,CALL,2026-07-17,RIO
RIO260717C00097500,97.5,6.6,6.4,6.7,12.0,43.0,0.30438928039550783,False,CALL,2026-07-17,RIO
RIO260717C00100000,100.0,5.62,5.5,5.8,18.0,49.0,0.30664755859375,False,CALL,2026-07-17,RIO
RIO260717C00105000,105.0,3.96,4.0,4.4,32.0,280.0,0.31445998046874996,False,CALL,2026-07-17,RIO
RIO260717C00110000,110.0,2.99,2.9,3.3,25.0,66.0,0.32031929687499994,False,CALL,2026-07-17,RIO
RIO260717C00115000,115.0,2.65,2.1,2.4,20.0,20.0,0.3221503332519531,False,CALL,2026-07-17,RIO
RIO260717C00120000,120.0,1.95,1.5,1.8,1.0,3.0,0.32813171874999997,False,CALL,2026-07-17,RIO
RIO260717P00067500,67.5,1.25,0.85,1.1,100.0,287.0,0.39929799926757814,False,PUT,2026-07-17,RIO
RIO260717P00070000,70.0,1.9,1.05,1.3,1.0,15.0,0.3845276391601562,False,PUT,2026-07-17,RIO
RIO260717P00072500,72.5,1.52,1.4,1.6,3.0,87.0,0.37525038818359374,False,PUT,2026-07-17,RIO
RIO260717P00075000,75.0,1.75,1.7,1.9,6.0,251.0,0.3621889953613281,False,PUT,2026-07-17,RIO
RIO260717P00077500,77.5,2.49,2.1,2.35,2.0,116.0,0.35559726440429684,False,PUT,2026-07-17,RIO
RIO260717P00080000,80.0,3.0,2.6,2.85,53.0,197.0,0.3474186352539062,False,PUT,2026-07-17,RIO
RIO260717P00082500,82.5,4.0,3.2,3.5,1.0,9.0,0.34290207885742185,False,PUT,2026-07-17,RIO
RIO260717P00085000,85.0,5.4,3.9,4.2,31.0,31.0,0.3360662097167969,False,PUT,2026-07-17,RIO
RIO260717P00087500,87.5,7.2,4.8,5.1,,5.0,0.3336248278808594,False,PUT,2026-07-17,RIO
RIO260717P00090000,90.0,6.4,5.8,6.1,2.0,12.0,0.3306341351318359,False,PUT,2026-07-17,RIO
RIO260918C00067500,67.5,19.3,26.1,30.0,80.0,179.0,0.4515435705566406,True,CALL,2026-09-18,RIO
RIO260918C00070000,70.0,20.8,24.1,27.1,38.0,541.0,0.3930724755859375,True,CALL,2026-09-18,RIO
RIO260918C00072500,72.5,25.1,21.9,25.3,1.0,618.0,0.40051869018554687,True,CALL,2026-09-18,RIO
RIO260918C00075000,75.0,20.7,21.4,21.9,10.0,212.0,0.3181220532226562,True,CALL,2026-09-18,RIO
RIO260918C00077500,77.5,11.25,19.4,19.9,1.0,32.0,0.31403273864746095,True,CALL,2026-09-18,RIO
RIO260918C00080000,80.0,17.13,17.5,18.1,1501.0,2044.0,0.315314464111328,True,CALL,2026-09-18,RIO
RIO260918C00082500,82.5,13.35,15.7,16.3,1.0,131.0,0.31189652954101554,True,CALL,2026-09-18,RIO
RIO260918C00085000,85.0,14.25,14.0,14.5,2.0,584.0,0.304694453125,True,CALL,2026-09-18,RIO
RIO260918C00087500,87.5,10.8,12.4,12.9,12.0,229.0,0.30152065673828127,True,CALL,2026-09-18,RIO
RIO260918C00090000,90.0,10.9,11.0,11.5,1.0,3578.0,0.30170376037597657,True,CALL,2026-09-18,RIO
RIO260918C00092500,92.5,8.3,9.7,10.1,11.0,46.0,0.29798065307617183,True,CALL,2026-09-18,RIO
RIO260918C00095000,95.0,8.75,8.5,8.9,36.0,227.0,0.29730927307128896,False,CALL,2026-09-18,RIO
RIO260918C00097500,97.5,7.5,7.5,7.9,9.0,2.0,0.29968962036132807,False,CALL,2026-09-18,RIO
RIO260918C00100000,100.0,7.5,6.6,7.0,4.0,243.0,0.30188686401367193,False,CALL,2026-09-18,RIO
RIO260918C00105000,105.0,5.16,5.0,5.4,772.0,827.0,0.3035347967529296,False,CALL,2026-09-18,RIO
RIO260918C00110000,110.0,4.49,3.8,4.2,9.0,41.0,0.30774618041992186,False,CALL,2026-09-18,RIO
RIO260918C00115000,115.0,3.4,3.0,3.3,13.0,10.0,0.3133003240966796,False,CALL,2026-09-18,RIO
RIO260918C00120000,120.0,1.55,2.2,2.6,6.0,8.0,0.31873239868164055,False,CALL,2026-09-18,RIO
RIO260918P00067500,67.5,2.05,1.4,1.75,1.0,115.0,0.3918517846679687,False,PUT,2026-09-18,RIO
RIO260918P00070000,70.0,2.95,1.8,2.1,2.0,210.0,0.3836731555175781,False,PUT,2026-09-18,RIO
RIO260918P00072500,72.5,2.05,2.2,2.5,1.0,217.0,0.3754945263671875,False,PUT,2026-09-18,RIO
RIO260918P00075000,75.0,3.1,2.65,2.95,2.0,96.0,0.36701072448730465,False,PUT,2026-09-18,RIO
RIO260918P00077500,77.5,4.2,3.1,3.5,5.0,16.0,0.3605410626220703,False,PUT,2026-09-18,RIO
RIO260918P00080000,80.0,4.7,3.8,4.2,1.0,135.0,0.3575503698730469,False,PUT,2026-09-18,RIO
RIO260918P00082500,82.5,6.47,4.6,5.0,321.0,160.0,0.3549869189453124,False,PUT,2026-09-18,RIO
RIO260918P00085000,85.0,6.3,5.4,5.8,1.0,171.0,0.3490055334472656,False,PUT,2026-09-18,RIO
RIO260918P00090000,90.0,9.1,7.4,7.8,3.0,13.0,0.34192552612304683,False,PUT,2026-09-18,RIO
RIO260918P00100000,100.0,18.9,12.9,13.5,,8.0,0.3467472552490234,True,PUT,2026-09-18,RIO
RIO261218C00067500,67.5,18.93,26.5,31.0,,3.0,0.4329890686035156,True,CALL,2026-12-18,RIO
RIO261218C00070000,70.0,21.0,24.0,29.0,7.0,155.0,0.4242000939941406,True,CALL,2026-12-18,RIO
RIO261218C00072500,72.5,25.4,24.2,24.9,1.0,336.0,0.320746538696289,True,CALL,2026-12-18,RIO
RIO261218C00075000,75.0,17.27,22.2,22.9,12.0,32.0,0.31555860229492183,True,CALL,2026-12-18,RIO
RIO261218C00077500,77.5,13.6,20.4,21.0,1.0,32.0,0.31165239135742184,True,CALL,2026-12-18,RIO
RIO261218C00080000,80.0,16.2,18.5,19.3,5.0,58.0,0.3122627368164062,True,CALL,2026-12-18,RIO
RIO261218C00082500,82.5,13.2,16.9,17.6,1.0,56.0,0.30951618225097655,True,CALL,2026-12-18,RIO
RIO261218C00085000,85.0,15.16,15.3,15.9,4.0,218.0,0.3039620385742187,True,CALL,2026-12-18,RIO
RIO261218C00087500,87.5,12.0,13.9,14.4,2.0,50.0,0.3020089331054688,True,CALL,2026-12-18,RIO
RIO261218C00090000,90.0,11.09,12.5,12.9,7.0,89.0,0.29730927307128896,True,CALL,2026-12-18,RIO
RIO261218C00092500,92.5,12.1,11.2,11.8,1.0,21.0,0.30158169128417966,True,CALL,2026-12-18,RIO
RIO261218C00095000,95.0,10.2,10.0,10.6,56.0,57.0,0.3001778967285156,False,CALL,2026-12-18,RIO
RIO261218C00100000,100.0,8.35,8.1,8.6,9.0,61.0,0.30097134582519536,False,CALL,2026-12-18,RIO
RIO261218C00105000,105.0,5.15,6.5,7.1,1.0,52.0,0.30664755859375,False,CALL,2026-12-18,RIO
RIO261218C00110000,110.0,3.92,5.2,5.8,4.0,27.0,0.3099434240722656,False,CALL,2026-12-18,RIO
RIO261218C00115000,115.0,4.25,4.1,4.7,9.0,13.0,0.311957564086914,False,CALL,2026-12-18,RIO
RIO261218C00120000,120.0,3.4,3.3,3.8,62.0,60.0,0.3138496350097656,False,CALL,2026-12-18,RIO
RIO261218P00067500,67.5,3.02,2.15,2.6,1.0,113.0,0.3802552209472656,False,PUT,2026-12-18,RIO
RIO261218P00070000,70.0,3.1,2.6,3.0,1.0,31.0,0.3711000390625,False,PUT,2026-12-18,RIO
RIO261218P00072500,72.5,3.5,3.0,3.5,1.0,1.0,0.3645083081054688,False,PUT,2026-12-18,RIO
RIO261218P00075000,75.0,3.9,3.6,4.1,1.0,204.0,0.3597476135253906,False,PUT,2026-12-18,RIO
RIO261218P00077500,77.5,9.0,4.1,4.7,,2.0,0.35242346801757807,False,PUT,2026-12-18,RIO
RIO261218P00080000,80.0,6.2,4.8,5.4,10.0,56.0,0.3465031170654296,False,PUT,2026-12-18,RIO
RIO261218P00085000,85.0,8.6,6.6,7.1,7.0,40.0,0.33765310791015624,False,PUT,2026-12-18,RIO
RIO261218P00087500,87.5,9.3,7.5,8.1,1.0,34.0,0.3342962078857422,False,PUT,2026-12-18,RIO
RIO261218P00090000,90.0,10.6,8.6,9.2,25.0,36.0,0.3314275842285156,False,PUT,2026-12-18,RIO
RIO261218P00100000,100.0,19.8,14.0,14.7,,1.0,0.32776551147460936,True,PUT,2026-12-18,RIO
RIO270115C00067500,67.5,27.0,27.0,30.5,7.0,529.0,0.3918517846679687,True,CALL,2027-01-15,RIO
RIO270115C00070000,70.0,25.1,26.5,27.0,4.0,908.0,0.3145820495605468,True,CALL,2027-01-15,RIO
RIO270115C00072500,72.5,26.5,24.5,25.2,2.0,312.0,0.3213568841552734,True,CALL,2027-01-15,RIO
RIO270115C00075000,75.0,22.15,22.6,23.2,4.0,856.0,0.31513136047363277,True,CALL,2027-01-15,RIO
RIO270115C00077500,77.5,19.1,20.8,21.5,5.0,320.0,0.31781688049316403,True,CALL,2027-01-15,RIO
RIO270115C00080000,80.0,19.8,19.0,19.6,49.0,2096.0,0.3100654931640625,True,CALL,2027-01-15,RIO
RIO270115C00082500,82.5,16.75,17.4,18.0,1.0,188.0,0.31000445861816406,True,CALL,2027-01-15,RIO
RIO270115C00085000,85.0,17.2,15.8,16.4,5.0,1132.0,0.3070137658691406,True,CALL,2027-01-15,RIO
RIO270115C00087500,87.5,15.17,14.4,14.9,3.0,198.0,0.30445031494140623,True,CALL,2027-01-15,RIO
RIO270115C00090000,90.0,13.2,13.2,13.6,98.0,1480.0,0.30512169494628905,True,CALL,2027-01-15,RIO
RIO270115C00092500,92.5,11.97,11.7,12.3,4.0,112.0,0.303168589477539,True,CALL,2027-01-15,RIO
RIO270115C00095000,95.0,10.9,10.6,11.3,12.0,467.0,0.3070137658691406,False,CALL,2027-01-15,RIO
RIO270115C00100000,100.0,8.51,8.8,9.2,19.0,840.0,0.30493859130859374,False,CALL,2027-01-15,RIO
RIO270115C00105000,105.0,7.3,7.2,7.6,34.0,3613.0,0.3078682495117187,False,CALL,2027-01-15,RIO
RIO270115C00110000,110.0,6.0,5.6,6.3,26.0,220.0,0.3116218740844726,False,CALL,2027-01-15,RIO
RIO270115C00115000,115.0,5.0,4.5,5.1,220.0,4498.0,0.3114692877197265,False,CALL,2027-01-15,RIO
RIO270115C00120000,120.0,3.53,3.6,4.3,1.0,96.0,0.3174506732177734,False,CALL,2027-01-15,RIO
RIO270115P00067500,67.5,3.2,2.3,2.85,2.0,100.0,0.3773255627441406,False,PUT,2027-01-15,RIO
RIO270115P00070000,70.0,3.1,2.75,3.2,10.0,453.0,0.36524072265625,False,PUT,2027-01-15,RIO
RIO270115P00072500,72.5,3.6,3.2,3.8,1.0,87.0,0.362311064453125,False,PUT,2027-01-15,RIO
RIO270115P00075000,75.0,4.2,3.7,4.4,5.0,489.0,0.3567569207763671,False,PUT,2027-01-15,RIO
RIO270115P00077500,77.5,9.47,4.4,5.0,,2.0,0.34894449890136714,False,PUT,2027-01-15,RIO
RIO270115P00080000,80.0,4.95,5.1,5.7,3.0,201.0,0.34265794067382804,False,PUT,2027-01-15,RIO
RIO270115P00082500,82.5,9.03,5.9,6.5,1.0,4.0,0.33740896972656254,False,PUT,2027-01-15,RIO
RIO270115P00085000,85.0,7.6,7.0,7.4,2.0,952.0,0.33313655151367194,False,PUT,2027-01-15,RIO
RIO270115P00090000,90.0,9.15,8.9,9.5,10.0,331.0,0.3264837860107421,False,PUT,2027-01-15,RIO
RIO270115P00095000,95.0,12.1,11.4,12.0,6.0,29.0,0.3220892987060546,True,PUT,2027-01-15,RIO
RIO270115P00120000,120.0,33.2,29.3,30.1,,1.0,0.3382634533691406,True,PUT,2027-01-15,RIO
RIO280121C00067500,67.5,28.97,30.0,31.3,1.0,24.0,0.299262378540039,True,CALL,2028-01-21,RIO
RIO280121C00070000,70.0,22.55,28.1,29.6,1.0,71.0,0.3013985876464844,True,CALL,2028-01-21,RIO
RIO280121C00072500,72.5,24.06,26.4,27.7,1.0,36.0,0.295905478515625,True,CALL,2028-01-21,RIO
RIO280121C00075000,75.0,25.0,24.7,25.8,3.0,121.0,0.28919167846679683,True,CALL,2028-01-21,RIO
RIO280121C00077500,77.5,23.9,23.0,24.0,1.0,18.0,0.2837901211547851,True,CALL,2028-01-21,RIO
RIO280121C00080000,80.0,18.84,21.5,22.6,11.0,136.0,0.28635357208251955,True,CALL,2028-01-21,RIO
RIO280121C00082500,82.5,21.2,20.0,21.4,17.0,239.0,0.2913889221191405,True,CALL,2028-01-21,RIO
RIO280121C00085000,85.0,17.42,18.6,20.0,1.0,155.0,0.2902903002929687,True,CALL,2028-01-21,RIO
RIO280121C00087500,87.5,16.17,17.3,18.6,1.0,18.0,0.28784891845703114,True,CALL,2028-01-21,RIO
RIO280121C00090000,90.0,16.4,16.0,17.4,1.0,126.0,0.2880625393676757,True,CALL,2028-01-21,RIO
RIO280121C00092500,92.5,14.35,14.8,16.2,16.0,67.0,0.28696391754150385,True,CALL,2028-01-21,RIO
RIO280121C00095000,95.0,14.08,13.7,15.1,1.0,92.0,0.286567192993164,False,CALL,2028-01-21,RIO
RIO280121C00097500,97.5,12.69,12.7,14.1,19.0,6.0,0.28684184844970695,False,CALL,2028-01-21,RIO
RIO280121C00100000,100.0,12.4,11.7,13.0,11.0,606.0,0.28409529388427723,False,CALL,2028-01-21,RIO
RIO280121C00105000,105.0,10.2,10.1,11.5,7.0,326.0,0.28852029846191396,False,CALL,2028-01-21,RIO
RIO280121C00110000,110.0,9.2,8.9,10.0,3.0,15.0,0.28897805755615225,False,CALL,2028-01-21,RIO
RIO280121C00115000,115.0,7.1,7.3,8.8,1.0,29.0,0.29157202575683583,False,CALL,2028-01-21,RIO
RIO280121C00120000,120.0,7.72,6.2,7.6,4.0,48.0,0.2909616802978515,False,CALL,2028-01-21,RIO
RIO280121P00067500,67.5,6.4,4.5,5.2,,3.0,0.3375920733642578,False,PUT,2028-01-21,RIO
RIO280121P00070000,70.0,6.8,5.2,6.4,11.0,77.0,0.3479069116210937,False,PUT,2028-01-21,RIO
RIO280121P00072500,72.5,6.9,5.9,7.1,5.0,62.0,0.34229173339843744,False,PUT,2028-01-21,RIO
RIO280121P00075000,75.0,7.6,6.7,7.9,26.0,198.0,0.3380803497314453,False,PUT,2028-01-21,RIO
RIO280121P00077500,77.5,9.6,7.4,8.7,9.0,18.0,0.33267879241943366,False,PUT,2028-01-21,RIO
RIO280121P00080000,80.0,10.7,8.3,9.6,9.0,53.0,0.3284674087524414,False,PUT,2028-01-21,RIO
RIO280121P00082500,82.5,9.25,9.2,10.5,10.0,227.0,0.323126885986328,False,PUT,2028-01-21,RIO
RIO280121P00085000,85.0,13.2,10.2,11.5,12.0,14.0,0.3188544677734374,False,PUT,2028-01-21,RIO
RIO280121P00087500,87.5,13.06,11.3,12.6,10.0,29.0,0.31555860229492183,False,PUT,2028-01-21,RIO
RIO280121P00090000,90.0,14.48,12.4,13.8,6.0,35.0,0.3131477377319336,False,PUT,2028-01-21,RIO
RIO280121P00092500,92.5,14.8,13.7,15.1,54.0,42.0,0.31156083953857416,False,PUT,2028-01-21,RIO
RIO280121P00095000,95.0,20.0,15.0,16.4,,50.0,0.3088753195190429,True,PUT,2028-01-21,RIO
RIOT260130C00012000,12.0,5.0,4.75,5.2,5.0,29.0,2.843752890625,True,CALL,2026-01-30,RIOT
RIOT260130C00012500,12.5,4.45,4.3,4.65,5.0,50.0,2.56250359375,True,CALL,2026-01-30,RIOT
RIOT260130C00013000,13.0,3.0,3.75,4.25,6.0,200.0,2.468753828125,True,CALL,2026-01-30,RIOT
RIOT260130C00013500,13.5,3.4,3.3,3.55,52.0,134.0,1.5312523437499999,True,CALL,2026-01-30,RIOT
RIOT260130C00014000,14.0,3.03,2.59,3.25,30.0,108.0,1.2500037499999999,True,CALL,2026-01-30,RIOT
RIOT260130C00014500,14.5,2.45,2.12,2.83,5.0,230.0,1.5000025,True,CALL,2026-01-30,RIOT
RIOT260130C00015000,15.0,1.85,1.77,2.17,45.0,1297.0,1.2109414453124998,True,CALL,2026-01-30,RIOT
RIOT260130C00015500,15.5,1.57,1.21,1.78,71.0,936.0,1.0546922265625,True,CALL,2026-01-30,RIOT
RIOT260130C00016000,16.0,1.08,0.95,1.13,1195.0,1509.0,0.914063359375,True,CALL,2026-01-30,RIOT
RIOT260130C00016500,16.5,0.6,0.56,0.66,2635.0,2792.0,0.7500025,True,CALL,2026-01-30,RIOT
RIOT260130C00017000,17.0,0.32,0.31,0.35,2906.0,3064.0,0.7460962890625,False,CALL,2026-01-30,RIOT
RIOT260130C00017500,17.5,0.17,0.16,0.19,2646.0,3639.0,0.7929708203125,False,CALL,2026-01-30,RIOT
RIOT260130C00018000,18.0,0.08,0.08,0.1,1557.0,19220.0,0.8437515624999999,False,CALL,2026-01-30,RIOT
RIOT260130C00018500,18.5,0.05,0.04,0.05,1942.0,2430.0,0.8828136718749999,False,CALL,2026-01-30,RIOT
RIOT260130C00019000,19.0,0.02,0.02,0.03,1997.0,14517.0,0.9531254687499999,False,CALL,2026-01-30,RIOT
RIOT260130C00019500,19.5,0.01,0.01,0.02,336.0,4898.0,1.015629921875,False,CALL,2026-01-30,RIOT
RIOT260130C00020000,20.0,0.02,0.01,0.03,895.0,7289.0,1.21875390625,False,CALL,2026-01-30,RIOT
RIOT260130C00020500,20.5,0.01,0.0,0.01,4.0,717.0,1.125004375,False,CALL,2026-01-30,RIOT
RIOT260130C00021000,21.0,0.01,0.0,0.01,116.0,1757.0,1.2500037499999999,False,CALL,2026-01-30,RIOT
RIOT260130C00021500,21.5,0.02,0.0,0.03,2.0,69.0,1.5625021874999998,False,CALL,2026-01-30,RIOT
RIOT260130P00012000,12.0,0.01,0.0,0.01,8.0,4090.0,1.875000625,False,PUT,2026-01-30,RIOT
RIOT260130P00012500,12.5,0.01,0.0,0.03,60.0,6281.0,1.96875015625,False,PUT,2026-01-30,RIOT
RIOT260130P00013000,13.0,0.02,0.0,0.01,39.0,516.0,1.5000025,False,PUT,2026-01-30,RIOT
RIOT260130P00013500,13.5,0.02,0.0,0.07,37.0,5812.0,1.78125109375,False,PUT,2026-01-30,RIOT
RIOT260130P00014000,14.0,0.02,0.01,0.02,93.0,1958.0,1.3125034374999998,False,PUT,2026-01-30,RIOT
RIOT260130P00014500,14.5,0.02,0.0,0.04,12.0,595.0,1.15625421875,False,PUT,2026-01-30,RIOT
RIOT260130P00015000,15.0,0.01,0.01,0.02,540.0,7058.0,0.9062509375,False,PUT,2026-01-30,RIOT
RIOT260130P00015500,15.5,0.03,0.03,0.04,507.0,2438.0,0.8281267187499999,False,PUT,2026-01-30,RIOT
RIOT260130P00016000,16.0,0.08,0.07,0.1,1313.0,2273.0,0.7773459765625,False,PUT,2026-01-30,RIOT
RIOT260130P00016500,16.5,0.22,0.17,0.2,1071.0,1719.0,0.7148466015625,False,PUT,2026-01-30,RIOT
RIOT260130P00017000,17.0,0.42,0.39,0.43,2755.0,12123.0,0.726565234375,True,PUT,2026-01-30,RIOT
RIOT260130P00017500,17.5,0.7,0.69,0.81,294.0,1753.0,0.7578149218750001,True,PUT,2026-01-30,RIOT
RIOT260130P00018000,18.0,1.1,1.03,1.24,108.0,10165.0,0.6796907031250001,True,PUT,2026-01-30,RIOT
RIOT260130P00018500,18.5,1.57,1.44,1.74,12.0,472.0,1.2656286718749998,True,PUT,2026-01-30,RIOT
RIOT260130P00019000,19.0,2.7,1.74,2.89,29.0,221.0,1.7265638671875,True,PUT,2026-01-30,RIOT
RIOT260130P00019500,19.5,2.45,2.24,3.5,2.0,27.0,2.1171922070312497,True,PUT,2026-01-30,RIOT
RIOT260130P00020000,20.0,3.25,2.86,3.5,5.0,44.0,1.6640641796875002,True,PUT,2026-01-30,RIOT
RIOT260130P00020500,20.5,3.7,3.45,3.85,2.0,7.0,1.671876640625,True,PUT,2026-01-30,RIOT
RIOT260130P00021000,21.0,3.45,3.95,4.9,8.0,6.0,2.9140652148437503,True,PUT,2026-01-30,RIOT
RIOT260206C00012000,12.0,4.94,4.05,5.9,20.0,20.0,1.3437532812499997,True,CALL,2026-02-06,RIOT
RIOT260206C00012500,12.5,4.85,3.55,5.45,1.0,9.0,1.2968785156249998,True,CALL,2026-02-06,RIOT
RIOT260206C00013000,13.0,4.03,3.05,4.35,15.0,20.0,1.873047509765625,True,CALL,2026-02-06,RIOT
RIOT260206C00013500,13.5,2.93,2.65,3.9,16.0,32.0,1.765626171875,True,CALL,2026-02-06,RIOT
RIOT260206C00014000,14.0,3.6,2.34,3.4,1.0,102.0,1.5820333398437496,True,CALL,2026-02-06,RIOT
RIOT260206C00014500,14.5,3.45,2.18,2.96,1.0,50.0,0.9101571484375,True,CALL,2026-02-06,RIOT
RIOT260206C00015000,15.0,1.7,1.98,2.47,87.0,828.0,0.992187578125,True,CALL,2026-02-06,RIOT
RIOT260206C00015500,15.5,1.7,1.67,2.05,57.0,189.0,0.9882813671875,True,CALL,2026-02-06,RIOT
RIOT260206C00016000,16.0,1.41,1.33,1.48,737.0,1728.0,0.84961087890625,True,CALL,2026-02-06,RIOT
RIOT260206C00016500,16.5,1.12,1.08,1.13,455.0,302.0,0.8457046679687499,True,CALL,2026-02-06,RIOT
RIOT260206C00017000,17.0,0.81,0.81,0.86,598.0,809.0,0.8281267187499999,False,CALL,2026-02-06,RIOT
RIOT260206C00017500,17.5,0.63,0.6,0.64,912.0,665.0,0.8203142968749999,False,CALL,2026-02-06,RIOT
RIOT260206C00018000,18.0,0.45,0.43,0.47,1486.0,1791.0,0.8164080859374999,False,CALL,2026-02-06,RIOT
RIOT260206C00018500,18.5,0.34,0.31,0.35,127.0,1467.0,0.8242205078124999,False,CALL,2026-02-06,RIOT
RIOT260206C00019000,19.0,0.27,0.23,0.26,519.0,1993.0,0.8398453515625,False,CALL,2026-02-06,RIOT
RIOT260206C00019500,19.5,0.18,0.16,0.21,179.0,1926.0,0.8632826171875,False,CALL,2026-02-06,RIOT
RIOT260206C00020000,20.0,0.13,0.12,0.15,358.0,1512.0,0.87500125,False,CALL,2026-02-06,RIOT
RIOT260206C00020500,20.5,0.07,0.09,0.12,4.0,420.0,0.9023447265625,False,CALL,2026-02-06,RIOT
RIOT260206C00021000,21.0,0.07,0.06,0.08,76.0,609.0,0.8945323046874999,False,CALL,2026-02-06,RIOT
RIOT260206C00021500,21.5,0.12,0.0,0.22,1.0,16.0,1.0703171484375003,False,CALL,2026-02-06,RIOT
RIOT260206P00012000,12.0,0.02,0.02,0.06,2.0,127.0,1.21875390625,False,PUT,2026-02-06,RIOT
RIOT260206P00012500,12.5,0.04,0.03,0.06,10.0,58.0,1.125004375,False,PUT,2026-02-06,RIOT
RIOT260206P00013000,13.0,0.07,0.04,0.07,3.0,123.0,1.0390673046875003,False,PUT,2026-02-06,RIOT
RIOT260206P00013500,13.5,0.1,0.06,0.1,4.0,5140.0,0.9960937890625,False,PUT,2026-02-06,RIOT
RIOT260206P00014000,14.0,0.14,0.09,0.14,92.0,700.0,0.9570316796874999,False,PUT,2026-02-06,RIOT
RIOT260206P00014500,14.5,0.15,0.15,0.18,69.0,188.0,0.9179695703125,False,PUT,2026-02-06,RIOT
RIOT260206P00015000,15.0,0.25,0.21,0.23,209.0,2776.0,0.85937640625,False,PUT,2026-02-06,RIOT
RIOT260206P00015500,15.5,0.33,0.31,0.35,9731.0,237.0,0.8457046679687499,False,PUT,2026-02-06,RIOT
RIOT260206P00016000,16.0,0.48,0.44,0.48,1296.0,887.0,0.8125018749999999,False,PUT,2026-02-06,RIOT
RIOT260206P00016500,16.5,0.65,0.64,0.69,10038.0,248.0,0.8164080859374999,False,PUT,2026-02-06,RIOT
RIOT260206P00017000,17.0,0.91,0.88,0.93,113.0,1970.0,0.8095722167968749,True,PUT,2026-02-06,RIOT
RIOT260206P00017500,17.5,1.22,1.17,1.19,74.0,440.0,0.79101771484375,True,PUT,2026-02-06,RIOT
RIOT260206P00018000,18.0,1.53,1.5,1.6,151.0,265.0,0.8261736132812498,True,PUT,2026-02-06,RIOT
RIOT260206P00018500,18.5,1.91,1.87,2.03,8.0,186.0,0.85937640625,True,PUT,2026-02-06,RIOT
RIOT260206P00019000,19.0,2.18,2.02,2.49,18.0,60.0,0.7304714453125,True,PUT,2026-02-06,RIOT
RIOT260206P00019500,19.5,3.2,2.45,3.3,3.0,28.0,1.0039112304687499,True,PUT,2026-02-06,RIOT
RIOT260206P00020000,20.0,3.7,2.85,3.95,10.0,66.0,1.142582412109375,True,PUT,2026-02-06,RIOT
RIOT260206P00021000,21.0,4.75,3.25,5.1,2.0,1.0,0.9335944140625,True,PUT,2026-02-06,RIOT
RIOT260213C00012000,12.0,5.7,3.6,5.9,30.0,21.0,2.3515666210937494,True,CALL,2026-02-13,RIOT
RIOT260213C00012500,12.5,5.3,3.65,5.45,3.0,24.0,1.0859420703125,True,CALL,2026-02-13,RIOT
RIOT260213C00013000,13.0,4.14,3.05,4.4,15.0,19.0,1.46484642578125,True,CALL,2026-02-13,RIOT
RIOT260213C00013500,13.5,3.12,2.75,4.5,1.0,7.0,0.98242205078125,True,CALL,2026-02-13,RIOT
RIOT260213C00014000,14.0,4.0,2.58,3.5,1.0,24.0,0.7421900781249999,True,CALL,2026-02-13,RIOT
RIOT260213C00014500,14.5,2.3,2.65,3.1,7.0,20.0,1.0253954980468751,True,CALL,2026-02-13,RIOT
RIOT260213C00015000,15.0,2.31,2.19,2.48,27.0,672.0,0.851563984375,True,CALL,2026-02-13,RIOT
RIOT260213C00015500,15.5,1.49,1.94,2.08,8.0,76.0,0.868165380859375,True,CALL,2026-02-13,RIOT
RIOT260213C00016000,16.0,1.79,1.62,1.78,1552.0,1594.0,0.867188828125,True,CALL,2026-02-13,RIOT
RIOT260213C00016500,16.5,1.45,1.33,1.46,63.0,100.0,0.8457046679687499,True,CALL,2026-02-13,RIOT
RIOT260213C00017000,17.0,1.15,1.09,1.2,36.0,315.0,0.840821904296875,False,CALL,2026-02-13,RIOT
RIOT260213C00017500,17.5,1.01,0.87,1.01,53.0,592.0,0.8447281152343749,False,CALL,2026-02-13,RIOT
RIOT260213C00018000,18.0,0.74,0.7,0.8,191.0,459.0,0.8369156933593749,False,CALL,2026-02-13,RIOT
RIOT260213C00018500,18.5,0.62,0.57,0.65,132.0,243.0,0.8447281152343749,False,CALL,2026-02-13,RIOT
RIOT260213C00019000,19.0,0.52,0.46,0.54,388.0,396.0,0.85742330078125,False,CALL,2026-02-13,RIOT
RIOT260213C00020000,20.0,0.34,0.28,0.35,210.0,421.0,0.8632826171875,False,CALL,2026-02-13,RIOT
RIOT260213C00021000,21.0,0.17,0.18,0.26,50.0,761.0,0.9003916210937499,False,CALL,2026-02-13,RIOT
RIOT260213P00012000,12.0,0.12,0.06,0.25,2.0,16.0,1.23047259765625,False,PUT,2026-02-13,RIOT
RIOT260213P00012500,12.5,0.16,0.09,0.17,5.0,121.0,1.0625046875000002,False,PUT,2026-02-13,RIOT
RIOT260213P00013000,13.0,0.15,0.12,0.15,38.0,69.0,0.9648441015625,False,PUT,2026-02-13,RIOT
RIOT260213P00013500,13.5,0.17,0.16,0.19,8.0,24.0,0.92187578125,False,PUT,2026-02-13,RIOT
RIOT260213P00014000,14.0,0.3,0.21,0.29,63.0,79.0,0.914063359375,False,PUT,2026-02-13,RIOT
RIOT260213P00014500,14.5,0.25,0.27,0.37,21.0,77.0,0.87500125,False,PUT,2026-02-13,RIOT
RIOT260213P00015000,15.0,0.5,0.35,0.5,41.0,1014.0,0.851563984375,False,PUT,2026-02-13,RIOT
RIOT260213P00015500,15.5,0.58,0.52,0.64,10.0,593.0,0.851563984375,False,PUT,2026-02-13,RIOT
RIOT260213P00016000,16.0,0.74,0.7,0.76,73.0,134.0,0.8212908496093749,False,PUT,2026-02-13,RIOT
RIOT260213P00016500,16.5,1.26,0.86,1.02,5.0,200.0,0.8125018749999999,False,PUT,2026-02-13,RIOT
RIOT260213P00017000,17.0,1.22,1.11,1.27,58.0,128.0,0.8085956640624999,True,PUT,2026-02-13,RIOT
RIOT260213P00017500,17.5,1.69,1.41,1.56,17.0,78.0,0.8125018749999999,True,PUT,2026-02-13,RIOT
RIOT260213P00018000,18.0,1.69,1.73,1.88,20.0,177.0,0.8105487695312499,True,PUT,2026-02-13,RIOT
RIOT260213P00018500,18.5,2.14,2.09,2.24,4.0,41.0,0.8183611914062499,True,PUT,2026-02-13,RIOT
RIOT260213P00019000,19.0,2.45,2.47,2.62,5.0,45.0,0.8203142968749999,True,PUT,2026-02-13,RIOT
RIOT260213P00020000,20.0,2.8,2.5,4.2,1.0,13.0,0.804689453125,True,PUT,2026-02-13,RIOT
RIOT260213P00021000,21.0,3.25,3.4,5.1,,1.0,0.8203142968749999,True,PUT,2026-02-13,RIOT
RIOT260220C00012000,12.0,5.84,4.2,5.8,16.0,498.0,0.8984385156249999,True,CALL,2026-02-20,RIOT
RIOT260220C00012500,12.5,5.12,3.75,5.35,,2.0,0.90429783203125,True,CALL,2026-02-20,RIOT
RIOT260220C00013000,13.0,4.77,3.5,4.85,58.0,714.0,0.9804689453125001,True,CALL,2026-02-20,RIOT
RIOT260220C00014000,14.0,2.85,2.71,3.6,5.0,2446.0,0.75586181640625,True,CALL,2026-02-20,RIOT
RIOT260220C00014500,14.5,2.4,2.15,3.2,4.0,15.0,0.6777375976562501,True,CALL,2026-02-20,RIOT
RIOT260220C00015000,15.0,2.56,2.43,2.64,44.0,2628.0,0.8632826171875,True,CALL,2026-02-20,RIOT
RIOT260220C00015500,15.5,1.79,1.99,2.48,9.0,24.0,0.87695435546875,True,CALL,2026-02-20,RIOT
RIOT260220C00016000,16.0,1.85,1.79,1.89,121.0,4723.0,0.8125018749999999,True,CALL,2026-02-20,RIOT
RIOT260220C00016500,16.5,1.3,1.57,1.64,87.0,102.0,0.8330094824218748,True,CALL,2026-02-20,RIOT
RIOT260220C00017000,17.0,1.33,1.32,1.36,158.0,10316.0,0.8164080859374999,False,CALL,2026-02-20,RIOT
RIOT260220C00017500,17.5,1.24,1.1,1.18,76.0,271.0,0.823243955078125,False,CALL,2026-02-20,RIOT
RIOT260220C00018000,18.0,1.0,0.92,0.97,666.0,9504.0,0.8164080859374999,False,CALL,2026-02-20,RIOT
RIOT260220C00018500,18.5,0.89,0.76,0.84,62.0,362.0,0.8251970605468748,False,CALL,2026-02-20,RIOT
RIOT260220C00019000,19.0,0.67,0.65,0.68,126.0,6888.0,0.8261736132812498,False,CALL,2026-02-20,RIOT
RIOT260220C00019500,19.5,0.44,0.53,0.57,13.0,9570.0,0.8271501660156249,False,CALL,2026-02-20,RIOT
RIOT260220C00020000,20.0,0.47,0.43,0.48,268.0,13158.0,0.8300798242187499,False,CALL,2026-02-20,RIOT
RIOT260220C00020500,20.5,0.6,0.36,0.41,6.0,79.0,0.84179845703125,False,CALL,2026-02-20,RIOT
RIOT260220C00021000,21.0,0.33,0.31,0.44,1214.0,5786.0,0.8945323046874999,False,CALL,2026-02-20,RIOT
RIOT260220C00021500,21.5,0.23,0.22,0.35,2.0,47.0,0.8710950390625,False,CALL,2026-02-20,RIOT
RIOT260220P00012000,12.0,0.14,0.11,0.15,34.0,4267.0,0.9804689453125001,False,PUT,2026-02-20,RIOT
RIOT260220P00012500,12.5,0.17,0.0,0.65,2.0,4.0,1.16016044921875,False,PUT,2026-02-20,RIOT
RIOT260220P00013000,13.0,0.21,0.18,0.25,45.0,5399.0,0.9179695703125,False,PUT,2026-02-20,RIOT
RIOT260220P00013500,13.5,0.28,0.24,0.32,2.0,5020.0,0.8945323046874999,False,PUT,2026-02-20,RIOT
RIOT260220P00014000,14.0,0.36,0.34,0.38,105.0,3832.0,0.8710950390625,False,PUT,2026-02-20,RIOT
RIOT260220P00014500,14.5,0.44,0.44,0.47,42.0,156.0,0.8457046679687499,False,PUT,2026-02-20,RIOT
RIOT260220P00015000,15.0,0.59,0.56,0.59,122.0,13872.0,0.8261736132812498,False,PUT,2026-02-20,RIOT
RIOT260220P00015500,15.5,0.72,0.7,0.77,24.0,223.0,0.8164080859374999,False,PUT,2026-02-20,RIOT
RIOT260220P00016000,16.0,0.87,0.89,0.95,21.0,899.0,0.80664255859375,False,PUT,2026-02-20,RIOT
RIOT260220P00016500,16.5,1.11,1.11,1.16,6.0,240.0,0.79687703125,False,PUT,2026-02-20,RIOT
RIOT260220P00017000,17.0,1.38,1.35,1.41,66.0,10385.0,0.78711150390625,True,PUT,2026-02-20,RIOT
RIOT260220P00017500,17.5,1.75,1.62,1.67,73.0,344.0,0.772463212890625,True,PUT,2026-02-20,RIOT
RIOT260220P00018000,18.0,2.15,1.93,2.0,1165.0,1379.0,0.7744163183593751,True,PUT,2026-02-20,RIOT
RIOT260220P00018500,18.5,2.62,2.29,2.4,8.0,97.0,0.79687703125,True,PUT,2026-02-20,RIOT
RIOT260220P00019000,19.0,2.9,2.59,2.95,7.0,236.0,0.8359391406249999,True,PUT,2026-02-20,RIOT
RIOT260220P00019500,19.5,2.6,2.56,3.45,,2.0,0.7304714453125,True,PUT,2026-02-20,RIOT
RIOT260220P00020000,20.0,3.25,2.65,4.25,1.0,1143.0,0.75586181640625,True,PUT,2026-02-20,RIOT
RIOT260220P00021000,21.0,4.3,3.5,5.2,20.0,485.0,0.79101771484375,True,PUT,2026-02-20,RIOT
RIOT260227C00012500,12.5,3.37,3.75,5.6,,1.0,0.9492192578124999,True,CALL,2026-02-27,RIOT
RIOT260227C00013000,13.0,3.5,3.45,5.15,3.0,2.0,0.9804689453125001,True,CALL,2026-02-27,RIOT
RIOT260227C00013500,13.5,3.8,3.1,4.75,10.0,11.0,0.9873048144531251,True,CALL,2026-02-27,RIOT
RIOT260227C00014000,14.0,3.92,2.6,3.85,2.0,25.0,0.7246121289062499,True,CALL,2026-02-27,RIOT
RIOT260227C00014500,14.5,2.99,2.4,3.45,1.0,10.0,0.7841818457031251,True,CALL,2026-02-27,RIOT
RIOT260227C00015000,15.0,2.22,2.49,2.94,13.0,37.0,0.86914193359375,True,CALL,2026-02-27,RIOT
RIOT260227C00015500,15.5,2.04,2.28,2.53,2.0,47.0,0.867188828125,True,CALL,2026-02-27,RIOT
RIOT260227C00016000,16.0,2.14,2.04,2.23,44.0,515.0,0.8740246972656249,True,CALL,2026-02-27,RIOT
RIOT260227C00016500,16.5,1.85,1.74,1.97,11.0,43.0,0.86132951171875,True,CALL,2026-02-27,RIOT
RIOT260227C00017000,17.0,1.63,1.54,1.71,118.0,320.0,0.8632826171875,False,CALL,2026-02-27,RIOT
RIOT260227C00017500,17.5,1.62,1.36,1.48,13.0,133.0,0.8652357226562499,False,CALL,2026-02-27,RIOT
RIOT260227C00018000,18.0,0.93,1.1,1.35,24.0,502.0,0.86132951171875,False,CALL,2026-02-27,RIOT
RIOT260227C00018500,18.5,0.82,0.93,1.18,4.0,294.0,0.85937640625,False,CALL,2026-02-27,RIOT
RIOT260227C00019000,19.0,0.94,0.85,1.01,106.0,354.0,0.8720715917968749,False,CALL,2026-02-27,RIOT
RIOT260227C00019500,19.5,0.69,0.75,0.82,12.0,160.0,0.8632826171875,False,CALL,2026-02-27,RIOT
RIOT260227C00020000,20.0,0.7,0.6,0.82,128.0,988.0,0.885743330078125,False,CALL,2026-02-27,RIOT
RIOT260227C00021000,21.0,0.54,0.48,0.57,47.0,1787.0,0.8886729882812499,False,CALL,2026-02-27,RIOT
RIOT260227P00012000,12.0,0.25,0.04,0.5,1.0,41.0,1.05078599609375,False,PUT,2026-02-27,RIOT
RIOT260227P00012500,12.5,0.27,0.22,0.58,1.0,3.0,1.08984830078125,False,PUT,2026-02-27,RIOT
RIOT260227P00013000,13.0,0.35,0.32,0.39,3.0,50.0,0.94726615234375,False,PUT,2026-02-27,RIOT
RIOT260227P00013500,13.5,0.32,0.28,0.58,3.0,36.0,0.9179695703125,False,PUT,2026-02-27,RIOT
RIOT260227P00014000,14.0,0.53,0.5,0.58,18.0,188.0,0.90429783203125,False,PUT,2026-02-27,RIOT
RIOT260227P00014500,14.5,0.71,0.56,0.87,12.0,41.0,0.92187578125,False,PUT,2026-02-27,RIOT
RIOT260227P00015000,15.0,0.95,0.69,0.86,5.0,514.0,0.850587431640625,False,PUT,2026-02-27,RIOT
RIOT260227P00015500,15.5,0.88,0.94,1.04,12.0,77.0,0.8642591699218749,False,PUT,2026-02-27,RIOT
RIOT260227P00016000,16.0,1.16,1.11,1.27,44.0,428.0,0.8544936425781251,False,PUT,2026-02-27,RIOT
RIOT260227P00016500,16.5,1.8,1.32,1.52,1.0,177.0,0.848634326171875,False,PUT,2026-02-27,RIOT
RIOT260227P00017000,17.0,1.27,1.46,1.78,1.0,216.0,0.813478427734375,True,PUT,2026-02-27,RIOT
RIOT260227P00017500,17.5,1.9,1.8,2.06,17.0,11.0,0.8242205078124999,True,PUT,2026-02-27,RIOT
RIOT260227P00018000,18.0,2.64,2.06,2.39,1.0,878.0,0.81445498046875,True,PUT,2026-02-27,RIOT
RIOT260227P00018500,18.5,2.68,2.39,2.68,1.0,11.0,0.8007832421875,True,PUT,2026-02-27,RIOT
RIOT260227P00019000,19.0,2.13,2.78,3.05,5.0,4.0,0.813478427734375,True,PUT,2026-02-27,RIOT
RIOT260227P00019500,19.5,3.25,3.15,3.45,1.0,1.0,0.8203142968749999,True,PUT,2026-02-27,RIOT
RIOT260227P00020000,20.0,3.9,3.55,3.85,3.0,4.0,0.8261736132812498,True,PUT,2026-02-27,RIOT
RIOT260227P00021000,21.0,3.85,3.7,5.35,101.0,10.0,0.8261736132812498,True,PUT,2026-02-27,RIOT
RIOT260306C00015000,15.0,3.0,2.81,3.05,2.0,12.0,0.901368173828125,True,CALL,2026-03-06,RIOT
RIOT260306C00016000,16.0,1.9,2.18,2.43,9.0,21.0,0.8710950390625,True,CALL,2026-03-06,RIOT
RIOT260306C00017000,17.0,1.9,1.73,2.08,27.0,35.0,0.9082040429687499,False,CALL,2026-03-06,RIOT
RIOT260306C00017500,17.5,2.14,1.5,1.68,11.0,16.0,0.858399853515625,False,CALL,2026-03-06,RIOT
RIOT260306C00018000,18.0,1.34,1.31,1.56,4.0,10.0,0.8740246972656249,False,CALL,2026-03-06,RIOT
RIOT260306C00018500,18.5,1.67,1.09,1.38,10.0,12.0,0.860352958984375,False,CALL,2026-03-06,RIOT
RIOT260306C00019000,19.0,0.87,1.02,1.24,1.0,14.0,0.8828136718749999,False,CALL,2026-03-06,RIOT
RIOT260306C00020000,20.0,0.89,0.81,1.02,50.0,113.0,0.905274384765625,False,CALL,2026-03-06,RIOT
RIOT260306C00020500,20.5,0.83,0.64,0.89,2.0,3.0,0.883790224609375,False,CALL,2026-03-06,RIOT
RIOT260306C00021000,21.0,0.68,0.6,0.77,26.0,39.0,0.893555751953125,False,CALL,2026-03-06,RIOT
RIOT260306C00021500,21.5,0.8,0.38,0.72,3.0,3.0,0.8632826171875,False,CALL,2026-03-06,RIOT
RIOT260306P00012000,12.0,0.3,0.0,0.75,1.0,7.0,1.05078599609375,False,PUT,2026-03-06,RIOT
RIOT260306P00013000,13.0,0.57,0.31,0.59,3.0,3.0,0.93164130859375,False,PUT,2026-03-06,RIOT
RIOT260306P00013500,13.5,0.5,0.45,0.61,10.0,32.0,0.9003916210937499,False,PUT,2026-03-06,RIOT
RIOT260306P00014000,14.0,0.64,0.58,0.71,2.0,57.0,0.8828136718749999,False,PUT,2026-03-06,RIOT
RIOT260306P00015000,15.0,1.15,0.79,1.01,6.0,47.0,0.8349625878906248,False,PUT,2026-03-06,RIOT
RIOT260306P00016000,16.0,1.57,1.17,1.46,5.0,18.0,0.831056376953125,False,PUT,2026-03-06,RIOT
RIOT260306P00016500,16.5,1.3,1.41,1.7,1.0,31.0,0.8281267187499999,False,PUT,2026-03-06,RIOT
RIOT260306P00017000,17.0,1.84,1.69,1.98,1.0,31.0,0.8334977587890623,True,PUT,2026-03-06,RIOT
RIOT260306P00017500,17.5,1.71,1.94,2.25,1.0,1.0,0.8193377441406249,True,PUT,2026-03-06,RIOT
RIOT260306P00018500,18.5,3.1,2.62,2.88,4.0,3.0,0.8242205078124999,True,PUT,2026-03-06,RIOT
RIOT260306P00019000,19.0,2.65,2.89,3.25,2.0,5.0,0.8095722167968749,True,PUT,2026-03-06,RIOT
RIOT260306P00019500,19.5,3.05,3.35,3.6,1.0,1.0,0.8281267187499999,True,PUT,2026-03-06,RIOT
RIOT260306P00020000,20.0,3.9,3.7,4.35,1.0,1.0,0.9160164648437501,True,PUT,2026-03-06,RIOT
RIOT260320C00012000,12.0,5.18,4.55,5.7,10.0,3501.0,0.75195560546875,True,CALL,2026-03-20,RIOT
RIOT260320C00013000,13.0,4.28,4.2,4.9,2.0,1487.0,0.9160164648437501,True,CALL,2026-03-20,RIOT
RIOT260320C00014000,14.0,3.45,3.6,3.95,116.0,6261.0,0.870118486328125,True,CALL,2026-03-20,RIOT
RIOT260320C00015000,15.0,3.22,3.1,3.3,127.0,2905.0,0.8916026464843749,True,CALL,2026-03-20,RIOT
RIOT260320C00016000,16.0,2.65,2.62,2.73,21.0,3356.0,0.8964854101562498,True,CALL,2026-03-20,RIOT
RIOT260320C00017000,17.0,2.22,2.1,2.26,180.0,8115.0,0.883790224609375,False,CALL,2026-03-20,RIOT
RIOT260320C00018000,18.0,1.76,1.76,1.83,266.0,7255.0,0.8876964355468748,False,CALL,2026-03-20,RIOT
RIOT260320C00019000,19.0,1.4,1.42,1.48,90.0,2028.0,0.8818371191406249,False,CALL,2026-03-20,RIOT
RIOT260320C00020000,20.0,1.17,1.16,1.19,479.0,49671.0,0.8823253955078124,False,CALL,2026-03-20,RIOT
RIOT260320C00021000,21.0,0.99,0.94,1.01,17.0,6562.0,0.8945323046874999,False,CALL,2026-03-20,RIOT
RIOT260320P00012000,12.0,0.49,0.39,0.44,1.0,26002.0,0.9267585449218749,False,PUT,2026-03-20,RIOT
RIOT260320P00013000,13.0,0.6,0.56,0.65,21.0,2503.0,0.8945323046874999,False,PUT,2026-03-20,RIOT
RIOT260320P00014000,14.0,0.89,0.85,0.89,8.0,1041.0,0.8730481445312499,False,PUT,2026-03-20,RIOT
RIOT260320P00015000,15.0,1.23,1.23,1.25,28.0,3391.0,0.86914193359375,False,PUT,2026-03-20,RIOT
RIOT260320P00016000,16.0,1.64,1.58,1.69,184.0,2444.0,0.842775009765625,False,PUT,2026-03-20,RIOT
RIOT260320P00017000,17.0,2.18,2.18,2.23,99.0,970.0,0.8579115771484375,True,PUT,2026-03-20,RIOT
RIOT260320P00018000,18.0,2.83,2.66,2.87,5.0,706.0,0.8398453515625,True,PUT,2026-03-20,RIOT
RIOT260320P00019000,19.0,3.2,3.45,3.55,1.0,870.0,0.866212275390625,True,PUT,2026-03-20,RIOT
RIOT260320P00020000,20.0,4.3,4.15,4.3,8.0,470.0,0.8652357226562499,True,PUT,2026-03-20,RIOT
RIOT260320P00021000,21.0,4.65,4.7,5.05,1.0,1103.0,0.8085956640624999,True,PUT,2026-03-20,RIOT
RIOT260417C00012000,12.0,5.79,4.95,6.0,4.0,851.0,0.8339860351562498,True,CALL,2026-04-17,RIOT
RIOT260417C00013000,13.0,5.62,4.2,5.4,1.0,1203.0,0.8549819189453125,True,CALL,2026-04-17,RIOT
RIOT260417C00014000,14.0,4.6,3.65,4.55,2.0,1069.0,0.8320329296874999,True,CALL,2026-04-17,RIOT
RIOT260417C00015000,15.0,3.26,3.6,3.8,25.0,2612.0,0.8974619628906249,True,CALL,2026-04-17,RIOT
RIOT260417C00016000,16.0,3.05,3.0,3.3,104.0,1864.0,0.8808605664062499,True,CALL,2026-04-17,RIOT
RIOT260417C00017000,17.0,2.28,2.51,2.83,235.0,1516.0,0.8686536572265625,False,CALL,2026-04-17,RIOT
RIOT260417C00018000,18.0,2.1,2.15,2.37,25.0,1454.0,0.86132951171875,False,CALL,2026-04-17,RIOT
RIOT260417C00019000,19.0,2.01,1.81,2.06,4.0,1028.0,0.8647474462890624,False,CALL,2026-04-17,RIOT
RIOT260417C00020000,20.0,1.67,1.58,1.7,156.0,4765.0,0.8632826171875,False,CALL,2026-04-17,RIOT
RIOT260417C00021000,21.0,1.44,1.32,1.55,31.0,7515.0,0.8774426318359375,False,CALL,2026-04-17,RIOT
RIOT260417P00012000,12.0,0.73,0.61,0.77,38.0,1084.0,0.903321279296875,False,PUT,2026-04-17,RIOT
RIOT260417P00013000,13.0,1.02,0.82,1.0,4.0,741.0,0.8642591699218749,False,PUT,2026-04-17,RIOT
RIOT260417P00014000,14.0,1.24,1.2,1.27,25.0,832.0,0.850587431640625,False,PUT,2026-04-17,RIOT
RIOT260417P00015000,15.0,1.65,1.59,1.69,9.0,975.0,0.8437515624999999,False,PUT,2026-04-17,RIOT
RIOT260417P00016000,16.0,2.26,1.97,2.19,17.0,702.0,0.8266618896484373,False,PUT,2026-04-17,RIOT
RIOT260417P00017000,17.0,2.2,2.41,2.71,2.0,631.0,0.8037129003906249,True,PUT,2026-04-17,RIOT
RIOT260417P00018000,18.0,3.6,3.05,3.35,7.0,515.0,0.813478427734375,True,PUT,2026-04-17,RIOT
RIOT260417P00019000,19.0,3.8,3.7,4.0,2.0,298.0,0.8085956640624999,True,PUT,2026-04-17,RIOT
RIOT260417P00020000,20.0,4.55,4.35,4.7,36.0,365.0,0.795900478515625,True,PUT,2026-04-17,RIOT
RIOT260417P00021000,21.0,8.53,5.1,5.5,3.0,163.0,0.8012715185546875,True,PUT,2026-04-17,RIOT
RIOT260515C00012000,12.0,6.6,5.2,6.45,5.0,2102.0,0.87695435546875,True,CALL,2026-05-15,RIOT
RIOT260515C00013000,13.0,5.06,4.55,5.75,6.0,141.0,0.86914193359375,True,CALL,2026-05-15,RIOT
RIOT260515C00014000,14.0,4.8,4.5,4.85,4.0,458.0,0.9096688720703124,True,CALL,2026-05-15,RIOT
RIOT260515C00015000,15.0,3.83,4.05,4.25,14.0,1880.0,0.9101571484375,True,CALL,2026-05-15,RIOT
RIOT260515C00016000,16.0,3.57,3.5,3.65,107.0,575.0,0.8803722900390624,True,CALL,2026-05-15,RIOT
RIOT260515C00017000,17.0,3.15,2.98,3.3,52.0,432.0,0.877930908203125,False,CALL,2026-05-15,RIOT
RIOT260515C00018000,18.0,2.8,2.7,2.83,31.0,670.0,0.8789074609374999,False,CALL,2026-05-15,RIOT
RIOT260515C00019000,19.0,2.17,2.18,2.63,21.0,321.0,0.8720715917968749,False,CALL,2026-05-15,RIOT
RIOT260515C00020000,20.0,1.82,2.05,2.24,26.0,2932.0,0.8818371191406249,False,CALL,2026-05-15,RIOT
RIOT260515C00021000,21.0,1.9,1.61,1.99,5.0,224.0,0.8579115771484375,False,CALL,2026-05-15,RIOT
RIOT260515P00012000,12.0,1.0,0.84,1.06,1.0,869.0,0.8916026464843749,False,PUT,2026-05-15,RIOT
RIOT260515P00013000,13.0,1.38,1.19,1.33,7.0,719.0,0.87695435546875,False,PUT,2026-05-15,RIOT
RIOT260515P00014000,14.0,1.4,1.48,1.73,2.0,316.0,0.8564467480468749,False,PUT,2026-05-15,RIOT
RIOT260515P00015000,15.0,2.07,1.91,2.15,73.0,747.0,0.8457046679687499,False,PUT,2026-05-15,RIOT
RIOT260515P00016000,16.0,2.5,2.35,2.65,4.0,606.0,0.8325212060546874,False,PUT,2026-05-15,RIOT
RIOT260515P00017000,17.0,3.15,2.9,3.25,48.0,473.0,0.8344743115234373,True,PUT,2026-05-15,RIOT
RIOT260515P00018000,18.0,3.55,3.5,3.8,4.0,560.0,0.82226740234375,True,PUT,2026-05-15,RIOT
RIOT260515P00019000,19.0,4.36,4.1,4.45,5.0,133.0,0.8115253222656249,True,PUT,2026-05-15,RIOT
RIOT260515P00020000,20.0,5.25,4.8,5.1,2.0,582.0,0.8032246240234374,True,PUT,2026-05-15,RIOT
RIOT260515P00021000,21.0,5.85,5.5,5.85,3.0,1066.0,0.7973653076171875,True,PUT,2026-05-15,RIOT
RIOT260618C00012000,12.0,6.8,5.5,6.7,11.0,883.0,0.8652357226562499,True,CALL,2026-06-18,RIOT
RIOT260618C00013000,13.0,5.28,5.05,5.95,22.0,271.0,0.8696302099609375,True,CALL,2026-06-18,RIOT
RIOT260618C00014000,14.0,4.9,4.85,5.25,22.0,1069.0,0.9008798974609374,True,CALL,2026-06-18,RIOT
RIOT260618C00015000,15.0,3.9,4.3,4.8,2.0,4483.0,0.9003916210937499,True,CALL,2026-06-18,RIOT
RIOT260618C00016000,16.0,4.4,3.8,4.25,12.0,275.0,0.8813488427734374,True,CALL,2026-06-18,RIOT
RIOT260618C00017000,17.0,3.6,3.55,3.75,6.0,1617.0,0.8901378173828124,False,CALL,2026-06-18,RIOT
RIOT260618C00018000,18.0,2.9,3.15,3.45,7.0,345.0,0.8942881665039062,False,CALL,2026-06-18,RIOT
RIOT260618C00019000,19.0,2.55,2.8,3.1,5.0,409.0,0.8896495410156249,False,CALL,2026-06-18,RIOT
RIOT260618C00020000,20.0,2.64,2.5,2.55,112.0,9315.0,0.8588881298828125,False,CALL,2026-06-18,RIOT
RIOT260618C00021000,21.0,2.45,2.24,2.55,1.0,417.0,0.8916026464843749,False,CALL,2026-06-18,RIOT
RIOT260618P00012000,12.0,1.22,1.12,1.32,3.0,1011.0,0.875977802734375,False,PUT,2026-06-18,RIOT
RIOT260618P00013000,13.0,1.5,1.38,1.72,1.0,887.0,0.85742330078125,False,PUT,2026-06-18,RIOT
RIOT260618P00014000,14.0,2.0,1.77,2.03,7.0,603.0,0.8320329296874999,False,PUT,2026-06-18,RIOT
RIOT260618P00015000,15.0,2.46,2.31,2.43,68.0,974.0,0.8281267187499999,False,PUT,2026-06-18,RIOT
RIOT260618P00016000,16.0,2.85,2.8,2.95,4.0,320.0,0.8203142968749999,False,PUT,2026-06-18,RIOT
RIOT260618P00017000,17.0,3.5,3.3,3.55,5.0,259.0,0.8125018749999999,True,PUT,2026-06-18,RIOT
RIOT260618P00018000,18.0,3.75,3.9,4.2,1.0,83.0,0.8125018749999999,True,PUT,2026-06-18,RIOT
RIOT260618P00019000,19.0,5.0,4.5,4.85,1.0,341.0,0.8027363476562499,True,PUT,2026-06-18,RIOT
RIOT260618P00020000,20.0,5.35,5.2,5.65,20.0,219.0,0.8139667041015625,True,PUT,2026-06-18,RIOT
RIOT260618P00021000,21.0,5.15,5.9,6.25,3.0,162.0,0.7929708203125,True,PUT,2026-06-18,RIOT
RIOT260918C00012000,12.0,6.7,6.25,7.55,1.0,145.0,0.8886729882812499,True,CALL,2026-09-18,RIOT
RIOT260918C00013000,13.0,7.12,5.75,6.8,3.0,14.0,0.8652357226562499,True,CALL,2026-09-18,RIOT
RIOT260918C00014000,14.0,6.57,5.25,6.2,1.0,20.0,0.8520522607421875,True,CALL,2026-09-18,RIOT
RIOT260918C00015000,15.0,5.02,5.2,5.7,1.0,270.0,0.8903819555664061,True,CALL,2026-09-18,RIOT
RIOT260918C00016000,16.0,5.2,4.6,5.25,1.0,51.0,0.8667005517578125,True,CALL,2026-09-18,RIOT
RIOT260918C00017000,17.0,4.6,4.5,4.7,14.0,913.0,0.87695435546875,False,CALL,2026-09-18,RIOT
RIOT260918C00018000,18.0,4.63,3.8,4.45,16.0,107.0,0.8520522607421875,False,CALL,2026-09-18,RIOT
RIOT260918C00019000,19.0,3.81,3.55,4.1,1.0,60.0,0.8554701953125,False,CALL,2026-09-18,RIOT
RIOT260918C00020000,20.0,3.45,3.4,3.8,11.0,1238.0,0.8679212426757812,False,CALL,2026-09-18,RIOT
RIOT260918C00021000,21.0,3.73,2.97,3.5,10.0,26.0,0.84961087890625,False,CALL,2026-09-18,RIOT
RIOT260918P00012000,12.0,1.74,1.64,2.01,1.0,81.0,0.8452163916015624,False,PUT,2026-09-18,RIOT
RIOT260918P00013000,13.0,2.28,2.05,2.47,3.0,8.0,0.8400894897460938,False,PUT,2026-09-18,RIOT
RIOT260918P00015000,15.0,3.1,3.05,3.45,205.0,243.0,0.8291032714843749,False,PUT,2026-09-18,RIOT
RIOT260918P00016000,16.0,3.4,3.65,3.8,,5.0,0.8081073876953124,False,PUT,2026-09-18,RIOT
RIOT260918P00017000,17.0,4.35,4.1,4.55,3.0,22.0,0.805666005859375,True,PUT,2026-09-18,RIOT
RIOT260918P00018000,18.0,4.62,4.55,5.35,1.0,28.0,0.8017597949218749,True,PUT,2026-09-18,RIOT
RIOT260918P00019000,19.0,5.5,5.4,5.85,10.0,1.0,0.8012715185546875,True,PUT,2026-09-18,RIOT
RIOT260918P00020000,20.0,5.85,5.85,6.6,5.0,30.0,0.7817404638671875,True,PUT,2026-09-18,RIOT
RIOT261218C00012000,12.0,8.3,6.55,7.9,15.0,178.0,0.8256853369140623,True,CALL,2026-12-18,RIOT
RIOT261218C00015000,15.0,6.13,5.9,6.45,100.0,203.0,0.8872081591796874,True,CALL,2026-12-18,RIOT
RIOT261218C00017000,17.0,5.41,5.05,5.65,101.0,189.0,0.870118486328125,False,CALL,2026-12-18,RIOT
RIOT261218C00020000,20.0,4.7,4.0,4.65,5.0,3783.0,0.8513198461914062,False,CALL,2026-12-18,RIOT
RIOT261218P00012000,12.0,2.37,2.14,2.5,3.0,165.0,0.8271501660156249,False,PUT,2026-12-18,RIOT
RIOT261218P00015000,15.0,3.95,3.6,4.1,4.0,182.0,0.8115253222656249,False,PUT,2026-12-18,RIOT
RIOT261218P00017000,17.0,4.98,4.85,5.05,1.0,9.0,0.7875997802734375,True,PUT,2026-12-18,RIOT
RIOT261218P00020000,20.0,6.44,6.7,7.3,6.0,8.0,0.7854025366210937,True,PUT,2026-12-18,RIOT
RIOT270115C00012000,12.0,7.75,7.55,7.85,11.0,2278.0,0.893555751953125,True,CALL,2027-01-15,RIOT
RIOT270115C00015000,15.0,6.45,6.2,6.5,125.0,12197.0,0.8823253955078124,True,CALL,2027-01-15,RIOT
RIOT270115C00017000,17.0,5.69,5.45,5.7,7.0,4183.0,0.8718274536132812,False,CALL,2027-01-15,RIOT
RIOT270115C00020000,20.0,4.66,4.45,4.75,63.0,13522.0,0.8591322680664062,False,CALL,2027-01-15,RIOT
RIOT270115P00012000,12.0,2.43,2.32,2.6,1.0,570.0,0.8234880932617187,False,PUT,2027-01-15,RIOT
RIOT270115P00015000,15.0,4.13,3.8,4.15,2147.0,1014.0,0.8002949658203125,False,PUT,2027-01-15,RIOT
RIOT270115P00017000,17.0,5.27,5.0,5.2,5.0,1072.0,0.7797873583984375,True,PUT,2027-01-15,RIOT
RIOT270115P00020000,20.0,7.2,6.9,7.5,40.0,219.0,0.7841818457031251,True,PUT,2027-01-15,RIOT
RIOT280121C00013000,13.0,8.8,8.8,9.35,2.0,645.0,0.8859874682617187,True,CALL,2028-01-21,RIOT
RIOT280121C00015000,15.0,8.5,8.25,8.6,3.0,1037.0,0.8842785009765625,True,CALL,2028-01-21,RIOT
RIOT280121C00017000,17.0,7.4,7.6,7.95,201.0,597.0,0.8732922827148437,False,CALL,2028-01-21,RIOT
RIOT280121C00020000,20.0,6.96,6.65,7.1,119.0,2549.0,0.8543715734863282,False,CALL,2028-01-21,RIOT
RIOT280121P00013000,13.0,4.21,3.9,4.5,5.0,351.0,0.7458521508789062,False,PUT,2028-01-21,RIOT
RIOT280121P00015000,15.0,5.41,5.05,6.55,61.0,297.0,0.789064609375,False,PUT,2028-01-21,RIOT
RIOT280121P00017000,17.0,6.8,6.5,6.95,1.0,160.0,0.7331569653320311,True,PUT,2028-01-21,RIOT
RIOT280121P00020000,20.0,8.77,8.65,8.85,70.0,160.0,0.7160672924804687,True,PUT,2028-01-21,RIOT
RIVN260130C00011000,11.0,5.05,3.15,5.4,10.0,28.0,2.156254609375,True,CALL,2026-01-30,RIVN
RIVN260130C00012000,12.0,3.69,2.7,3.95,1.0,36.0,2.1718795703125,True,CALL,2026-01-30,RIVN
RIVN260130C00012500,12.5,2.8,2.29,3.35,5.0,27.0,1.8437507812499998,True,CALL,2026-01-30,RIVN
RIVN260130C00013000,13.0,2.29,1.85,2.71,8.0,152.0,1.21875390625,True,CALL,2026-01-30,RIVN
RIVN260130C00013500,13.5,1.81,1.35,2.19,25.0,88.0,0.87500125,True,CALL,2026-01-30,RIVN
RIVN260130C00014000,14.0,1.49,1.23,1.4,157.0,539.0,0.9531254687499999,True,CALL,2026-01-30,RIVN
RIVN260130C00014500,14.5,0.9,0.76,1.1,19.0,111.0,1.0312548437500002,True,CALL,2026-01-30,RIVN
RIVN260130C00015000,15.0,0.4,0.38,0.44,656.0,754.0,0.5820354296875,True,CALL,2026-01-30,RIVN
RIVN260130C00015500,15.5,0.14,0.12,0.15,2894.0,3099.0,0.5195360546875,False,CALL,2026-01-30,RIVN
RIVN260130C00016000,16.0,0.05,0.03,0.05,2571.0,8318.0,0.5546919531250001,False,CALL,2026-01-30,RIVN
RIVN260130C00016500,16.5,0.03,0.01,0.02,1027.0,4935.0,0.64062859375,False,CALL,2026-01-30,RIVN
RIVN260130C00017000,17.0,0.01,0.0,0.01,407.0,5399.0,0.6875031250000001,False,CALL,2026-01-30,RIVN
RIVN260130C00017500,17.5,0.01,0.0,0.01,272.0,2701.0,0.8437515624999999,False,CALL,2026-01-30,RIVN
RIVN260130C00018000,18.0,0.01,0.0,0.01,140.0,4586.0,0.9687503125,False,CALL,2026-01-30,RIVN
RIVN260130C00018500,18.5,0.01,0.0,0.01,10.0,1300.0,1.125004375,False,CALL,2026-01-30,RIVN
RIVN260130C00019000,19.0,0.01,0.0,0.01,10.0,3608.0,1.2500037499999999,False,CALL,2026-01-30,RIVN
RIVN260130C00019500,19.5,0.01,0.0,0.02,9.0,682.0,1.5000025,False,CALL,2026-01-30,RIVN
RIVN260130P00011000,11.0,0.05,0.0,0.01,2.0,529.0,1.875000625,False,PUT,2026-01-30,RIVN
RIVN260130P00012000,12.0,0.01,0.0,0.02,3.0,97.0,1.5625021874999998,False,PUT,2026-01-30,RIVN
RIVN260130P00012500,12.5,0.01,0.0,0.01,1.0,61.0,1.1875040625,False,PUT,2026-01-30,RIVN
RIVN260130P00013000,13.0,0.01,0.0,0.01,8.0,886.0,0.9687503125,False,PUT,2026-01-30,RIVN
RIVN260130P00013500,13.5,0.01,0.0,0.01,57.0,171.0,0.7812521875,False,PUT,2026-01-30,RIVN
RIVN260130P00014000,14.0,0.01,0.01,0.03,49.0,561.0,0.73437765625,False,PUT,2026-01-30,RIVN
RIVN260130P00014500,14.5,0.04,0.02,0.05,434.0,1885.0,0.570316796875,False,PUT,2026-01-30,RIVN
RIVN260130P00015000,15.0,0.12,0.1,0.13,2614.0,4143.0,0.5312546875,False,PUT,2026-01-30,RIVN
RIVN260130P00015500,15.5,0.33,0.32,0.4,277.0,2006.0,0.57812921875,True,PUT,2026-01-30,RIVN
RIVN260130P00016000,16.0,0.66,0.67,0.82,440.0,1523.0,0.70312796875,True,PUT,2026-01-30,RIVN
RIVN260130P00016500,16.5,1.17,1.08,1.3,214.0,902.0,0.8906260937499999,True,PUT,2026-01-30,RIVN
RIVN260130P00017000,17.0,1.64,1.52,1.78,446.0,1561.0,1.015629921875,True,PUT,2026-01-30,RIVN
RIVN260130P00017500,17.5,2.25,1.99,2.33,139.0,1865.0,1.4765651171875,True,PUT,2026-01-30,RIVN
RIVN260130P00018000,18.0,2.75,2.47,2.88,55.0,829.0,1.9062504687500001,True,PUT,2026-01-30,RIVN
RIVN260130P00018500,18.5,3.2,3.05,3.35,3.0,909.0,1.984375078125,True,PUT,2026-01-30,RIVN
RIVN260130P00019000,19.0,3.68,3.6,4.0,46.0,595.0,1.890625546875,True,PUT,2026-01-30,RIVN
RIVN260130P00019500,19.5,4.25,3.8,4.4,3.0,328.0,2.60156599609375,True,PUT,2026-01-30,RIVN
RIVN260206C00012000,12.0,4.95,2.75,4.45,1.0,3.0,1.6640641796875002,True,CALL,2026-02-06,RIVN
RIVN260206C00013000,13.0,2.3,2.2,2.59,22.0,466.0,0.9179695703125,True,CALL,2026-02-06,RIVN
RIVN260206C00013500,13.5,2.0,1.36,2.14,103.0,208.0,1.1445355273437499,True,CALL,2026-02-06,RIVN
RIVN260206C00014000,14.0,1.4,1.34,1.73,33.0,15.0,0.8085956640624999,True,CALL,2026-02-06,RIVN
RIVN260206C00015000,15.0,0.65,0.67,0.69,405.0,818.0,0.570316796875,True,CALL,2026-02-06,RIVN
RIVN260206C00015500,15.5,0.4,0.41,0.45,1978.0,1365.0,0.5625043750000001,False,CALL,2026-02-06,RIVN
RIVN260206C00016000,16.0,0.26,0.25,0.27,1677.0,3447.0,0.5644574804687501,False,CALL,2026-02-06,RIVN
RIVN260206C00016500,16.5,0.18,0.15,0.17,331.0,1150.0,0.585941640625,False,CALL,2026-02-06,RIVN
RIVN260206C00017000,17.0,0.1,0.1,0.12,393.0,6519.0,0.6289099609375001,False,CALL,2026-02-06,RIVN
RIVN260206C00017500,17.5,0.07,0.06,0.07,106.0,7842.0,0.64062859375,False,CALL,2026-02-06,RIVN
RIVN260206C00018000,18.0,0.04,0.04,0.05,89.0,960.0,0.6718782812500002,False,CALL,2026-02-06,RIVN
RIVN260206C00018500,18.5,0.04,0.03,0.05,134.0,1015.0,0.7421900781249999,False,CALL,2026-02-06,RIVN
RIVN260206C00019000,19.0,0.03,0.01,0.04,10.0,374.0,0.7500025,False,CALL,2026-02-06,RIVN
RIVN260206C00019500,19.5,0.16,0.01,0.05,7.0,289.0,0.851563984375,False,CALL,2026-02-06,RIVN
RIVN260206P00012000,12.0,0.01,0.0,0.02,1.0,86.0,0.7187528125,False,PUT,2026-02-06,RIVN
RIVN260206P00012500,12.5,0.01,0.0,0.02,187.0,48.0,0.6250037500000001,False,PUT,2026-02-06,RIVN
RIVN260206P00013000,13.0,0.03,0.01,0.04,7.0,131.0,0.6015664843750002,False,PUT,2026-02-06,RIVN
RIVN260206P00013500,13.5,0.05,0.04,0.05,78.0,306.0,0.5546919531250001,False,PUT,2026-02-06,RIVN
RIVN260206P00014000,14.0,0.1,0.09,0.13,178.0,3832.0,0.5585981640625001,False,PUT,2026-02-06,RIVN
RIVN260206P00014500,14.5,0.22,0.19,0.21,193.0,1201.0,0.523442265625,False,PUT,2026-02-06,RIVN
RIVN260206P00015000,15.0,0.35,0.35,0.39,716.0,2162.0,0.51562984375,False,PUT,2026-02-06,RIVN
RIVN260206P00015500,15.5,0.63,0.6,0.66,156.0,1080.0,0.5195360546875,True,PUT,2026-02-06,RIVN
RIVN260206P00016000,16.0,0.82,0.91,1.0,53.0,2986.0,0.5117236328125,True,PUT,2026-02-06,RIVN
RIVN260206P00016500,16.5,1.28,1.29,1.45,27.0,508.0,0.5390671093750001,True,PUT,2026-02-06,RIVN
RIVN260206P00017000,17.0,1.74,1.53,1.87,10.0,1025.0,0.6640658593750002,True,PUT,2026-02-06,RIVN
RIVN260206P00017500,17.5,2.09,1.98,2.34,6.0,623.0,0.7187528125,True,PUT,2026-02-06,RIVN
RIVN260206P00018000,18.0,2.88,2.46,2.82,13.0,417.0,0.773439765625,True,PUT,2026-02-06,RIVN
RIVN260206P00018500,18.5,3.03,2.79,3.35,2.0,1572.0,0.937500625,True,PUT,2026-02-06,RIVN
RIVN260206P00019000,19.0,4.13,3.15,3.8,1.0,352.0,0.8906260937499999,True,PUT,2026-02-06,RIVN
RIVN260206P00019500,19.5,4.2,3.95,4.35,3.0,148.0,1.11328568359375,True,PUT,2026-02-06,RIVN
RIVN260213C00013000,13.0,6.63,1.82,3.1,,15.0,0.7812521875,True,CALL,2026-02-13,RIVN
RIVN260213C00014000,14.0,1.94,1.78,1.92,2.0,209.0,0.9082040429687499,True,CALL,2026-02-13,RIVN
RIVN260213C00014500,14.5,1.46,1.47,1.61,1504.0,1511.0,0.9023447265625,True,CALL,2026-02-13,RIVN
RIVN260213C00015000,15.0,1.27,1.19,1.33,50.0,118.0,0.8916026464843749,True,CALL,2026-02-13,RIVN
RIVN260213C00015500,15.5,1.06,0.97,1.05,823.0,128.0,0.87695435546875,False,CALL,2026-02-13,RIVN
RIVN260213C00016000,16.0,0.93,0.78,0.9,61.0,1721.0,0.9003916210937499,False,CALL,2026-02-13,RIVN
RIVN260213C00016500,16.5,0.65,0.63,0.73,78.0,348.0,0.9062509375,False,CALL,2026-02-13,RIVN
RIVN260213C00017000,17.0,0.55,0.5,0.56,92.0,1243.0,0.8964854101562498,False,CALL,2026-02-13,RIVN
RIVN260213C00017500,17.5,0.45,0.41,0.47,236.0,406.0,0.91992267578125,False,CALL,2026-02-13,RIVN
RIVN260213C00018000,18.0,0.35,0.32,0.4,92.0,750.0,0.9355475195312499,False,CALL,2026-02-13,RIVN
RIVN260213C00018500,18.5,0.29,0.26,0.32,44.0,621.0,0.945313046875,False,CALL,2026-02-13,RIVN
RIVN260213C00019000,19.0,0.18,0.17,0.27,34.0,627.0,0.9355475195312499,False,CALL,2026-02-13,RIVN
RIVN260213C00019500,19.5,0.27,0.15,0.27,6.0,630.0,0.9941406835937501,False,CALL,2026-02-13,RIVN
RIVN260213P00011000,11.0,0.07,0.0,1.15,2.0,10.0,1.8828130859374999,False,PUT,2026-02-13,RIVN
RIVN260213P00012000,12.0,0.14,0.13,0.15,6.0,344.0,0.9335944140625,False,PUT,2026-02-13,RIVN
RIVN260213P00013000,13.0,0.3,0.24,0.3,32.0,527.0,0.87500125,False,PUT,2026-02-13,RIVN
RIVN260213P00014000,14.0,0.52,0.5,0.55,107.0,1657.0,0.84961087890625,False,PUT,2026-02-13,RIVN
RIVN260213P00014500,14.5,0.78,0.65,0.74,40.0,1951.0,0.8300798242187499,False,PUT,2026-02-13,RIVN
RIVN260213P00015000,15.0,0.87,0.87,0.95,29.0,2328.0,0.8203142968749999,False,PUT,2026-02-13,RIVN
RIVN260213P00015500,15.5,1.25,1.25,1.29,17.0,949.0,0.893555751953125,True,PUT,2026-02-13,RIVN
RIVN260213P00016000,16.0,1.43,1.39,1.56,17.0,2625.0,0.8164080859374999,True,PUT,2026-02-13,RIVN
RIVN260213P00016500,16.5,1.8,1.72,1.89,7.0,823.0,0.8105487695312499,True,PUT,2026-02-13,RIVN
RIVN260213P00017000,17.0,2.15,2.09,2.27,42.0,842.0,0.8164080859374999,True,PUT,2026-02-13,RIVN
RIVN260213P00017500,17.5,2.72,2.49,2.72,3.0,539.0,0.8476577734374999,True,PUT,2026-02-13,RIVN
RIVN260213P00018000,18.0,3.3,2.97,3.2,4.0,325.0,0.91992267578125,True,PUT,2026-02-13,RIVN
RIVN260213P00018500,18.5,3.41,3.35,3.6,3.0,837.0,0.8789074609374999,True,PUT,2026-02-13,RIVN
RIVN260213P00019000,19.0,3.85,3.65,4.1,1.0,215.0,0.8125018749999999,True,PUT,2026-02-13,RIVN
RIVN260213P00019500,19.5,4.55,4.05,4.95,8.0,166.0,1.0605515722656251,True,PUT,2026-02-13,RIVN
RIVN260220C00011000,11.0,5.34,3.9,4.9,13.0,191.0,0.9882813671875,True,CALL,2026-02-20,RIVN
RIVN260220C00012000,12.0,3.47,2.95,3.95,2.0,673.0,0.8535170898437501,True,CALL,2026-02-20,RIVN
RIVN260220C00013000,13.0,2.5,2.41,2.92,2.0,1451.0,0.86132951171875,True,CALL,2026-02-20,RIVN
RIVN260220C00013500,13.5,2.32,2.09,2.68,1.0,16.0,0.92187578125,True,CALL,2026-02-20,RIVN
RIVN260220C00014000,14.0,1.73,1.87,2.15,40.0,2460.0,0.877930908203125,True,CALL,2026-02-20,RIVN
RIVN260220C00014500,14.5,1.42,1.56,1.75,3.0,85.0,0.8320329296874999,True,CALL,2026-02-20,RIVN
RIVN260220C00015000,15.0,1.33,1.33,1.37,732.0,4436.0,0.8037129003906249,True,CALL,2026-02-20,RIVN
RIVN260220C00015500,15.5,1.2,1.09,1.13,110.0,496.0,0.79687703125,False,CALL,2026-02-20,RIVN
RIVN260220C00016000,16.0,0.95,0.9,0.92,146.0,6170.0,0.79687703125,False,CALL,2026-02-20,RIVN
RIVN260220C00016500,16.5,0.84,0.71,0.75,103.0,938.0,0.790041162109375,False,CALL,2026-02-20,RIVN
RIVN260220C00017000,17.0,0.62,0.58,0.62,229.0,8030.0,0.79883013671875,False,CALL,2026-02-20,RIVN
RIVN260220C00017500,17.5,0.55,0.48,0.51,30.0,367.0,0.8105487695312499,False,CALL,2026-02-20,RIVN
RIVN260220C00018000,18.0,0.41,0.39,0.42,234.0,8748.0,0.8183611914062499,False,CALL,2026-02-20,RIVN
RIVN260220C00018500,18.5,0.35,0.32,0.35,21.0,241.0,0.8300798242187499,False,CALL,2026-02-20,RIVN
RIVN260220C00019000,19.0,0.27,0.26,0.31,196.0,9630.0,0.84961087890625,False,CALL,2026-02-20,RIVN
RIVN260220C00019500,19.5,0.21,0.21,0.26,1.0,148.0,0.85742330078125,False,CALL,2026-02-20,RIVN
RIVN260220P00011000,11.0,0.1,0.07,0.11,6.0,2353.0,0.8867198828124999,False,PUT,2026-02-20,RIVN
RIVN260220P00012000,12.0,0.19,0.14,0.24,7.0,3318.0,0.8535170898437501,False,PUT,2026-02-20,RIVN
RIVN260220P00012500,12.5,0.25,0.21,0.27,6.0,76.0,0.8085956640624999,False,PUT,2026-02-20,RIVN
RIVN260220P00013000,13.0,0.32,0.3,0.34,76.0,3780.0,0.77929908203125,False,PUT,2026-02-20,RIVN
RIVN260220P00013500,13.5,0.42,0.42,0.46,12.0,212.0,0.7695335546875001,False,PUT,2026-02-20,RIVN
RIVN260220P00014000,14.0,0.59,0.56,0.62,89.0,28760.0,0.7578149218750001,False,PUT,2026-02-20,RIVN
RIVN260220P00014500,14.5,0.81,0.75,0.81,14.0,3277.0,0.75195560546875,False,PUT,2026-02-20,RIVN
RIVN260220P00015000,15.0,1.02,0.98,1.02,341.0,21489.0,0.74414318359375,False,PUT,2026-02-20,RIVN
RIVN260220P00015500,15.5,1.28,1.25,1.3,81.0,694.0,0.7480493945312501,True,PUT,2026-02-20,RIVN
RIVN260220P00016000,16.0,1.59,1.54,1.62,77.0,4110.0,0.7509790527343749,True,PUT,2026-02-20,RIVN
RIVN260220P00016500,16.5,1.92,1.88,1.96,124.0,660.0,0.75586181640625,True,PUT,2026-02-20,RIVN
RIVN260220P00017000,17.0,2.23,2.22,2.3,17.0,29146.0,0.7402369726562499,True,PUT,2026-02-20,RIVN
RIVN260220P00017500,17.5,2.65,2.4,2.72,2.0,19.0,0.6689486230468751,True,PUT,2026-02-20,RIVN
RIVN260220P00018000,18.0,3.15,2.95,3.15,6.0,4849.0,0.73633076171875,True,PUT,2026-02-20,RIVN
RIVN260220P00018500,18.5,3.4,2.9,4.1,2.0,6.0,0.7578149218750001,True,PUT,2026-02-20,RIVN
RIVN260220P00019000,19.0,4.06,3.65,4.1,17.0,16886.0,0.6777375976562501,True,PUT,2026-02-20,RIVN
RIVN260220P00019500,19.5,4.47,3.8,5.0,2.0,14.0,0.7675804492187501,True,PUT,2026-02-20,RIVN
RIVN260227C00013000,13.0,7.35,1.55,3.9,,2.0,0.8027363476562499,True,CALL,2026-02-27,RIVN
RIVN260227C00014000,14.0,2.58,1.93,2.15,1.0,2.0,0.788088056640625,True,CALL,2026-02-27,RIVN
RIVN260227C00014500,14.5,1.73,1.66,1.86,1.0,40.0,0.7929708203125,True,CALL,2026-02-27,RIVN
RIVN260227C00015000,15.0,1.2,1.36,1.61,46.0,222.0,0.782228740234375,True,CALL,2026-02-27,RIVN
RIVN260227C00015500,15.5,1.35,1.13,1.36,139.0,160.0,0.7753928710937501,False,CALL,2026-02-27,RIVN
RIVN260227C00016000,16.0,1.12,0.97,1.07,123.0,671.0,0.7617211328125001,False,CALL,2026-02-27,RIVN
RIVN260227C00016500,16.5,0.95,0.81,0.92,12.0,266.0,0.77148666015625,False,CALL,2026-02-27,RIVN
RIVN260227C00017000,17.0,0.68,0.66,0.77,10.0,439.0,0.77148666015625,False,CALL,2026-02-27,RIVN
RIVN260227C00017500,17.5,0.61,0.6,0.66,20.0,124.0,0.797853583984375,False,CALL,2026-02-27,RIVN
RIVN260227C00018000,18.0,0.44,0.46,0.59,1.0,152.0,0.8007832421875,False,CALL,2026-02-27,RIVN
RIVN260227C00018500,18.5,0.45,0.36,0.62,15.0,127.0,0.8437515624999999,False,CALL,2026-02-27,RIVN
RIVN260227C00019000,19.0,0.26,0.31,0.43,4.0,719.0,0.81445498046875,False,CALL,2026-02-27,RIVN
RIVN260227C00019500,19.5,0.28,0.23,0.4,1.0,116.0,0.8242205078124999,False,CALL,2026-02-27,RIVN
RIVN260227P00011000,11.0,0.11,0.0,0.2,1.0,147.0,0.79687703125,False,PUT,2026-02-27,RIVN
RIVN260227P00012000,12.0,0.23,0.19,0.26,2.0,363.0,0.789064609375,False,PUT,2026-02-27,RIVN
RIVN260227P00013000,13.0,0.4,0.36,0.43,44.0,239.0,0.7460962890625,False,PUT,2026-02-27,RIVN
RIVN260227P00014000,14.0,0.69,0.63,0.7,7.0,448.0,0.7128934960937501,False,PUT,2026-02-27,RIVN
RIVN260227P00014500,14.5,0.85,0.83,0.91,7.0,268.0,0.7138700488281251,False,PUT,2026-02-27,RIVN
RIVN260227P00015000,15.0,1.04,1.02,1.22,17.0,421.0,0.72070591796875,False,PUT,2026-02-27,RIVN
RIVN260227P00015500,15.5,1.37,1.28,1.48,13.0,271.0,0.7158231542968749,True,PUT,2026-02-27,RIVN
RIVN260227P00016000,16.0,1.8,1.57,1.72,4.0,306.0,0.6953155468750001,True,PUT,2026-02-27,RIVN
RIVN260227P00016500,16.5,2.09,1.89,2.05,1.0,256.0,0.6914093359375001,True,PUT,2026-02-27,RIVN
RIVN260227P00017000,17.0,2.26,2.26,2.43,2.0,145.0,0.70312796875,True,PUT,2026-02-27,RIVN
RIVN260227P00017500,17.5,2.75,2.64,2.8,1.0,45.0,0.6992217578125001,True,PUT,2026-02-27,RIVN
RIVN260227P00018000,18.0,3.26,2.1,3.25,102.0,137.0,0.79101771484375,True,PUT,2026-02-27,RIVN
RIVN260227P00018500,18.5,2.56,2.67,4.05,,1.0,0.52539537109375,True,PUT,2026-02-27,RIVN
RIVN260227P00019000,19.0,2.51,2.88,5.25,1.0,23.0,0.7773459765625,True,PUT,2026-02-27,RIVN
RIVN260227P00019500,19.5,3.15,3.65,5.2,,1.0,0.6992217578125001,True,PUT,2026-02-27,RIVN
RIVN260306C00014000,14.0,2.21,1.98,2.31,1.0,4.0,0.770510107421875,True,CALL,2026-03-06,RIVN
RIVN260306C00015000,15.0,1.54,1.47,1.73,18.0,42.0,0.764650791015625,True,CALL,2026-03-06,RIVN
RIVN260306C00015500,15.5,1.49,1.22,1.52,3.0,135.0,0.762697685546875,False,CALL,2026-03-06,RIVN
RIVN260306C00016000,16.0,1.25,1.02,1.28,6.0,65.0,0.752932158203125,False,CALL,2026-03-06,RIVN
RIVN260306C00016500,16.5,0.93,0.89,1.08,3.0,33.0,0.7587914746093751,False,CALL,2026-03-06,RIVN
RIVN260306C00017000,17.0,0.85,0.75,0.92,3.0,163.0,0.7597680273437502,False,CALL,2026-03-06,RIVN
RIVN260306C00018000,18.0,0.56,0.54,0.62,1.0,18.0,0.75586181640625,False,CALL,2026-03-06,RIVN
RIVN260306C00019500,19.5,0.43,0.31,0.48,3.0,6.0,0.8027363476562499,False,CALL,2026-03-06,RIVN
RIVN260306P00011000,11.0,0.24,0.0,0.69,2.0,2.0,1.0234423828125,False,PUT,2026-03-06,RIVN
RIVN260306P00012000,12.0,0.29,0.24,0.35,11.0,12.0,0.77929908203125,False,PUT,2026-03-06,RIVN
RIVN260306P00012500,12.5,0.35,0.32,0.87,45.0,64.0,0.92187578125,False,PUT,2026-03-06,RIVN
RIVN260306P00013000,13.0,0.46,0.42,0.56,42.0,42.0,0.7412135253906249,False,PUT,2026-03-06,RIVN
RIVN260306P00013500,13.5,0.6,0.56,0.64,2.0,37.0,0.710940390625,False,PUT,2026-03-06,RIVN
RIVN260306P00014000,14.0,0.82,0.7,0.82,18.0,46.0,0.6982452050781252,False,PUT,2026-03-06,RIVN
RIVN260306P00015500,15.5,1.49,1.38,1.55,5.0,67.0,0.6884796777343751,True,PUT,2026-03-06,RIVN
RIVN260306P00016000,16.0,1.76,1.66,1.85,32.0,34.0,0.6826203613281252,True,PUT,2026-03-06,RIVN
RIVN260306P00016500,16.5,2.22,2.0,2.15,2.0,1.0,0.6796907031250001,True,PUT,2026-03-06,RIVN
RIVN260306P00017000,17.0,2.45,2.35,2.5,2.0,3.0,0.6777375976562501,True,PUT,2026-03-06,RIVN
RIVN260306P00018500,18.5,3.51,2.9,3.75,2.0,25.0,0.772463212890625,True,PUT,2026-03-06,RIVN
RIVN260320C00011000,11.0,4.45,4.35,4.9,1.0,412.0,0.8886729882812499,True,CALL,2026-03-20,RIVN
RIVN260320C00012000,12.0,3.66,2.9,4.2,1.0,10094.0,0.659183095703125,True,CALL,2026-03-20,RIVN
RIVN260320C00013000,13.0,2.92,2.79,3.25,52.0,1993.0,0.78711150390625,True,CALL,2026-03-20,RIVN
RIVN260320C00014000,14.0,2.49,2.24,2.39,12.0,2462.0,0.7392604199218749,True,CALL,2026-03-20,RIVN
RIVN260320C00015000,15.0,1.73,1.73,1.76,278.0,30285.0,0.71679970703125,True,CALL,2026-03-20,RIVN
RIVN260320C00016000,16.0,1.34,1.33,1.34,1646.0,14357.0,0.7226590234375,False,CALL,2026-03-20,RIVN
RIVN260320C00017000,17.0,0.99,0.99,1.02,235.0,14352.0,0.725588681640625,False,CALL,2026-03-20,RIVN
RIVN260320C00018000,18.0,0.75,0.73,0.77,166.0,10724.0,0.72851833984375,False,CALL,2026-03-20,RIVN
RIVN260320C00019000,19.0,0.59,0.56,0.59,164.0,6799.0,0.7421900781249999,False,CALL,2026-03-20,RIVN
RIVN260320P00011000,11.0,0.23,0.21,0.25,20.0,4016.0,0.76367423828125,False,PUT,2026-03-20,RIVN
RIVN260320P00012000,12.0,0.35,0.34,0.38,324.0,10042.0,0.7138700488281251,False,PUT,2026-03-20,RIVN
RIVN260320P00013000,13.0,0.54,0.56,0.62,176.0,1080.0,0.6904327832031252,False,PUT,2026-03-20,RIVN
RIVN260320P00014000,14.0,0.92,0.91,0.95,365.0,11223.0,0.6787141503906251,False,PUT,2026-03-20,RIVN
RIVN260320P00015000,15.0,1.29,1.36,1.4,200.0,25442.0,0.6694368994140626,False,PUT,2026-03-20,RIVN
RIVN260320P00016000,16.0,1.91,1.88,1.98,161.0,17040.0,0.659183095703125,True,PUT,2026-03-20,RIVN
RIVN260320P00017000,17.0,2.6,2.56,2.65,108.0,16473.0,0.6611362011718751,True,PUT,2026-03-20,RIVN
RIVN260320P00018000,18.0,3.45,3.25,3.45,70.0,4839.0,0.659183095703125,True,PUT,2026-03-20,RIVN
RIVN260320P00019000,19.0,4.18,3.95,4.3,2.0,6138.0,0.6337927246093751,True,PUT,2026-03-20,RIVN
RIVN260515C00011000,11.0,5.62,4.1,6.05,1.0,5.0,0.8457046679687499,True,CALL,2026-05-15,RIVN
RIVN260515C00012000,12.0,4.29,3.85,4.65,3.0,18.0,0.7753928710937501,True,CALL,2026-05-15,RIVN
RIVN260515C00013000,13.0,3.58,3.5,3.85,5.0,94.0,0.7861349511718749,True,CALL,2026-05-15,RIVN
RIVN260515C00014000,14.0,2.9,2.94,3.15,10.0,118.0,0.752932158203125,True,CALL,2026-05-15,RIVN
RIVN260515C00015000,15.0,2.5,2.45,2.63,37.0,326.0,0.7417018017578124,True,CALL,2026-05-15,RIVN
RIVN260515C00016000,16.0,2.05,1.96,2.14,27.0,616.0,0.7158231542968749,False,CALL,2026-05-15,RIVN
RIVN260515C00017000,17.0,1.68,1.65,1.88,19.0,346.0,0.7348659326171875,False,CALL,2026-05-15,RIVN
RIVN260515C00018000,18.0,1.52,1.4,1.55,34.0,747.0,0.7358424853515625,False,CALL,2026-05-15,RIVN
RIVN260515C00019000,19.0,1.15,1.12,1.33,11.0,259.0,0.735354208984375,False,CALL,2026-05-15,RIVN
RIVN260515P00011000,11.0,0.56,0.5,0.62,41.0,392.0,0.72070591796875,False,PUT,2026-05-15,RIVN
RIVN260515P00012000,12.0,0.81,0.73,0.89,11.0,5249.0,0.700198310546875,False,PUT,2026-05-15,RIVN
RIVN260515P00013000,13.0,1.14,1.09,1.14,63.0,1362.0,0.676761044921875,False,PUT,2026-05-15,RIVN
RIVN260515P00014000,14.0,1.52,1.48,1.57,53.0,476.0,0.6669955175781253,False,PUT,2026-05-15,RIVN
RIVN260515P00015000,15.0,2.15,1.92,2.07,43.0,452.0,0.6528355029296876,False,PUT,2026-05-15,RIVN
RIVN260515P00016000,16.0,2.59,2.43,2.66,10.0,335.0,0.641605146484375,True,PUT,2026-05-15,RIVN
RIVN260515P00017000,17.0,3.23,3.05,3.55,1.0,472.0,0.6723665576171877,True,PUT,2026-05-15,RIVN
RIVN260515P00018000,18.0,3.69,3.75,4.3,62.0,300.0,0.676761044921875,True,PUT,2026-05-15,RIVN
RIVN260515P00019000,19.0,4.85,4.55,4.9,6.0,347.0,0.6567417138671876,True,PUT,2026-05-15,RIVN
RIVN260618C00011000,11.0,5.57,4.3,6.2,1.0,54.0,0.807619111328125,True,CALL,2026-06-18,RIVN
RIVN260618C00012000,12.0,4.5,4.25,4.8,11.0,14430.0,0.772463212890625,True,CALL,2026-06-18,RIVN
RIVN260618C00013000,13.0,3.7,3.75,4.1,1.0,1331.0,0.762697685546875,True,CALL,2026-06-18,RIVN
RIVN260618C00014000,14.0,3.1,3.2,3.55,3.0,1673.0,0.7509790527343749,True,CALL,2026-06-18,RIVN
RIVN260618C00015000,15.0,2.87,2.75,2.98,75.0,15058.0,0.7348659326171875,True,CALL,2026-06-18,RIVN
RIVN260618C00016000,16.0,2.39,2.25,2.5,16.0,2479.0,0.709963837890625,False,CALL,2026-06-18,RIVN
RIVN260618C00017000,17.0,2.03,2.0,2.07,102.0,21444.0,0.7114286669921875,False,CALL,2026-06-18,RIVN
RIVN260618C00018000,18.0,1.8,1.71,1.78,17.0,1383.0,0.7138700488281251,False,CALL,2026-06-18,RIVN
RIVN260618C00019000,19.0,1.46,1.45,1.61,199.0,2225.0,0.7251004052734374,False,CALL,2026-06-18,RIVN
RIVN260618P00011000,11.0,0.7,0.68,0.73,16220.0,300.0,0.6914093359375001,False,PUT,2026-06-18,RIVN
RIVN260618P00012000,12.0,0.98,0.96,1.01,46.0,26790.0,0.6738313867187502,False,PUT,2026-06-18,RIVN
RIVN260618P00013000,13.0,1.31,1.3,1.42,81.0,1107.0,0.6674837939453127,False,PUT,2026-06-18,RIVN
RIVN260618P00014000,14.0,1.77,1.72,1.79,19.0,9571.0,0.647464462890625,False,PUT,2026-06-18,RIVN
RIVN260618P00015000,15.0,2.25,2.17,2.35,16179.0,19745.0,0.64062859375,False,PUT,2026-06-18,RIVN
RIVN260618P00016000,16.0,2.96,2.7,3.0,1.0,1147.0,0.639652041015625,True,PUT,2026-06-18,RIVN
RIVN260618P00017000,17.0,3.45,3.45,3.55,64.0,5817.0,0.63867548828125,True,PUT,2026-06-18,RIVN
RIVN260618P00018000,18.0,4.18,3.95,4.5,53.0,3736.0,0.6440465283203125,True,PUT,2026-06-18,RIVN
RIVN260618P00019000,19.0,4.99,4.7,5.1,17.0,1993.0,0.622074091796875,True,PUT,2026-06-18,RIVN
RIVN260918C00011000,11.0,4.15,5.3,6.05,1.0,20.0,0.75586181640625,True,CALL,2026-09-18,RIVN
RIVN260918C00012000,12.0,5.29,5.0,5.25,2.0,2245.0,0.7602563037109377,True,CALL,2026-09-18,RIVN
RIVN260918C00013000,13.0,4.97,4.45,4.8,1.0,41.0,0.762697685546875,True,CALL,2026-09-18,RIVN
RIVN260918C00014000,14.0,4.1,3.65,4.25,8.0,24.0,0.7136259106445313,True,CALL,2026-09-18,RIVN
RIVN260918C00015000,15.0,3.58,3.5,3.7,86.0,17035.0,0.729494892578125,True,CALL,2026-09-18,RIVN
RIVN260918C00016000,16.0,3.2,3.05,3.3,46.0,275.0,0.7187528125,False,CALL,2026-09-18,RIVN
RIVN260918C00017000,17.0,2.8,2.72,3.05,2.0,1545.0,0.72851833984375,False,CALL,2026-09-18,RIVN
RIVN260918C00018000,18.0,2.51,2.29,2.68,4.0,1101.0,0.708010732421875,False,CALL,2026-09-18,RIVN
RIVN260918C00019000,19.0,2.17,2.0,2.4,10.0,104.0,0.7041045214843751,False,CALL,2026-09-18,RIVN
RIVN260918P00011000,11.0,1.19,1.04,1.32,2.0,118.0,0.6865265722656251,False,PUT,2026-09-18,RIVN
RIVN260918P00012000,12.0,1.48,1.44,1.55,12.0,14763.0,0.6626010302734376,False,PUT,2026-09-18,RIVN
RIVN260918P00013000,13.0,2.0,1.74,2.04,79.0,5173.0,0.6479527392578125,False,PUT,2026-09-18,RIVN
RIVN260918P00014000,14.0,2.39,2.29,2.45,3.0,98.0,0.641605146484375,False,PUT,2026-09-18,RIVN
RIVN260918P00015000,15.0,2.94,2.74,3.05,2.0,8006.0,0.6337927246093751,False,PUT,2026-09-18,RIVN
RIVN260918P00016000,16.0,3.55,3.35,3.55,1.0,8162.0,0.622074091796875,True,PUT,2026-09-18,RIVN
RIVN260918P00017000,17.0,4.05,3.9,4.3,1.0,1139.0,0.6206092626953126,True,PUT,2026-09-18,RIVN
RIVN260918P00018000,18.0,4.76,4.6,4.85,1.0,79.0,0.6049844189453126,True,PUT,2026-09-18,RIVN
RIVN260918P00019000,19.0,5.05,5.25,5.8,11.0,89.0,0.6179237426757813,True,PUT,2026-09-18,RIVN
RIVN261218C00012500,12.5,5.3,5.25,5.7,3.0,4316.0,0.7749045947265626,True,CALL,2026-12-18,RIVN
RIVN261218C00015000,15.0,4.25,4.1,4.4,16.0,6567.0,0.7387721435546875,True,CALL,2026-12-18,RIVN
RIVN261218C00017500,17.5,3.2,3.2,3.55,88.0,7381.0,0.7304714453125,False,CALL,2026-12-18,RIVN
RIVN261218P00012500,12.5,2.14,2.05,2.21,30.0,8849.0,0.65039412109375,False,PUT,2026-12-18,RIVN
RIVN261218P00015000,15.0,3.4,3.3,3.5,693.0,8025.0,0.629886513671875,False,PUT,2026-12-18,RIVN
RIVN261218P00017500,17.5,5.0,4.8,5.35,9.0,6501.0,0.6362341064453125,True,PUT,2026-12-18,RIVN
RIVN270115C00012000,12.0,6.0,5.6,6.15,1.0,4237.0,0.778322529296875,True,CALL,2027-01-15,RIVN
RIVN270115C00015000,15.0,4.5,4.3,4.55,34.0,11910.0,0.7402369726562499,True,CALL,2027-01-15,RIVN
RIVN270115C00017000,17.0,3.8,3.6,3.75,16.0,15474.0,0.726565234375,False,CALL,2027-01-15,RIVN
RIVN270115P00012000,12.0,1.94,1.93,2.2,2.0,34061.0,0.6611362011718751,False,PUT,2027-01-15,RIVN
RIVN270115P00015000,15.0,3.6,3.4,3.8,1.0,18108.0,0.639652041015625,False,PUT,2027-01-15,RIVN
RIVN270115P00017000,17.0,4.8,4.65,4.8,128.0,892.0,0.6098671826171876,True,PUT,2027-01-15,RIVN
RIVN270617C00015000,15.0,5.2,4.9,5.65,4.0,65.0,0.7478052563476563,True,CALL,2027-06-17,RIVN
RIVN270617P00015000,15.0,4.1,4.2,4.5,2.0,3.0,0.6462437719726561,False,PUT,2027-06-17,RIVN
RIVN270917C00015000,15.0,6.01,4.65,6.25,30.0,57.0,0.7128934960937501,True,CALL,2027-09-17,RIVN
RIVN270917P00015000,15.0,4.45,4.5,4.9,25.0,26.0,0.6435582519531251,False,PUT,2027-09-17,RIVN
RIVN271217C00012000,12.0,7.66,6.65,7.9,1.0,1760.0,0.7739280419921876,True,CALL,2027-12-17,RIVN
RIVN271217C00015000,15.0,6.44,6.25,6.55,54.0,7073.0,0.7939473730468749,True,CALL,2027-12-17,RIVN
RIVN271217C00017000,17.0,5.68,5.35,6.05,14.0,1167.0,0.7751487329101563,False,CALL,2027-12-17,RIVN
RIVN271217P00012000,12.0,3.35,3.3,3.65,1.0,1899.0,0.6892120922851563,False,PUT,2027-12-17,RIVN
RIVN271217P00015000,15.0,5.0,4.9,5.3,10.0,1305.0,0.6523472265625001,False,PUT,2027-12-17,RIVN
RIVN271217P00017000,17.0,6.3,6.1,6.45,45.0,1433.0,0.6262244409179689,True,PUT,2027-12-17,RIVN
RIVN280121C00012000,12.0,7.71,7.55,8.0,13.0,2834.0,0.833741896972656,True,CALL,2028-01-21,RIVN
RIVN280121C00015000,15.0,6.45,6.2,6.65,35.0,4390.0,0.7780783911132813,True,CALL,2028-01-21,RIVN
RIVN280121C00017000,17.0,5.83,5.45,6.2,21.0,1328.0,0.7722190747070312,False,CALL,2028-01-21,RIVN
RIVN280121P00012000,12.0,3.4,3.35,3.75,2.0,116.0,0.6838410522460938,False,PUT,2028-01-21,RIVN
RIVN280121P00015000,15.0,5.0,4.95,5.3,2.0,2116.0,0.639652041015625,False,PUT,2028-01-21,RIVN
RIVN280121P00017000,17.0,6.4,6.3,6.45,94.0,1621.0,0.6232947827148438,True,PUT,2028-01-21,RIVN
RIVN280616C00013000,13.0,11.84,5.5,10.0,6.0,31.0,0.8037129003906249,True,CALL,2028-06-16,RIVN
RIVN280616C00015000,15.0,7.1,5.85,7.45,2.0,715.0,0.7375514526367187,True,CALL,2028-06-16,RIVN
RIVN280616C00017000,17.0,6.4,6.2,6.95,9.0,245.0,0.7937032348632812,False,CALL,2028-06-16,RIVN
RIVN280616P00013000,13.0,4.15,3.05,5.75,40.0,45.0,0.6552768847656252,False,PUT,2028-06-16,RIVN
RIVN280616P00015000,15.0,5.13,5.2,6.8,2.0,32.0,0.6892120922851563,False,PUT,2028-06-16,RIVN
RIVN280616P00017000,17.0,6.77,6.75,7.25,5.0,33.0,0.6389196264648438,True,PUT,2028-06-16,RIVN
RIVN281215C00013000,13.0,9.25,6.2,8.85,18.0,30.0,0.7023955541992188,True,CALL,2028-12-15,RIVN
RIVN281215C00015000,15.0,7.9,7.7,8.15,155.0,334.0,0.8227556787109375,True,CALL,2028-12-15,RIVN
RIVN281215C00017000,17.0,7.5,7.1,7.55,115.0,741.0,0.8068866967773438,False,CALL,2028-12-15,RIVN
RIVN281215P00013000,13.0,4.68,4.75,5.15,100.0,101.0,0.663333444824219,False,PUT,2028-12-15,RIVN
RIVN281215P00015000,15.0,6.05,5.95,6.25,11.0,239.0,0.6380651428222657,False,PUT,2028-12-15,RIVN
RIVN281215P00017000,17.0,7.3,7.15,7.8,1.0,33.0,0.6311072045898438,True,PUT,2028-12-15,RIVN
RKLB260130C00061000,61.0,22.97,23.65,26.15,28.0,113.0,3.847656630859375,True,CALL,2026-01-30,RKLB
RKLB260130C00062000,62.0,22.07,22.65,25.1,51.0,59.0,3.6601570996093757,True,CALL,2026-01-30,RKLB
RKLB260130C00063000,63.0,21.05,21.7,24.15,60.0,86.0,3.57031357421875,True,CALL,2026-01-30,RKLB
RKLB260130C00064000,64.0,24.77,20.65,23.05,1.0,110.0,3.341798520507812,True,CALL,2026-01-30,RKLB
RKLB260130C00065000,65.0,18.9,19.7,22.15,2.0,75.0,3.2988298779296876,True,CALL,2026-01-30,RKLB
RKLB260130C00066000,66.0,22.4,18.65,21.0,3.0,32.0,3.0332055419921877,True,CALL,2026-01-30,RKLB
RKLB260130C00067000,67.0,17.85,17.7,20.05,1.0,31.0,2.9472682568359376,True,CALL,2026-01-30,RKLB
RKLB260130C00068000,68.0,20.47,16.65,18.95,3.0,60.0,2.7324250439453124,True,CALL,2026-01-30,RKLB
RKLB260130C00069000,69.0,16.65,15.7,17.8,1.0,28.0,2.474613188476563,True,CALL,2026-01-30,RKLB
RKLB260130C00070000,70.0,15.86,14.75,16.95,16.0,245.0,2.4824256689453126,True,CALL,2026-01-30,RKLB
RKLB260130C00071000,71.0,14.64,13.7,15.95,2.0,37.0,2.357425981445312,True,CALL,2026-01-30,RKLB
RKLB260130C00072000,72.0,13.88,13.2,15.15,11.0,121.0,1.4296903515625,True,CALL,2026-01-30,RKLB
RKLB260130C00073000,73.0,10.13,11.7,14.15,2.0,69.0,2.253910615234375,True,CALL,2026-01-30,RKLB
RKLB260130C00074000,74.0,11.25,10.7,13.0,1.0,111.0,2.02344244140625,True,CALL,2026-01-30,RKLB
RKLB260130C00075000,75.0,11.11,10.45,12.0,13.0,469.0,1.2265663671875,True,CALL,2026-01-30,RKLB
RKLB260130C00076000,76.0,10.4,9.0,11.25,14.0,176.0,0.9882813671875,True,CALL,2026-01-30,RKLB
RKLB260130C00077000,77.0,9.05,8.3,9.85,16.0,135.0,0.804689453125,True,CALL,2026-01-30,RKLB
RKLB260130C00078000,78.0,10.2,6.8,9.3,2.0,152.0,0.6640658593750002,True,CALL,2026-01-30,RKLB
RKLB260130C00079000,79.0,7.5,6.35,7.5,14.0,99.0,1.0800827246093752,True,CALL,2026-01-30,RKLB
RKLB260130C00080000,80.0,6.1,5.7,6.85,299.0,746.0,0.79883013671875,True,CALL,2026-01-30,RKLB
RKLB260130C00081000,81.0,4.0,5.0,5.85,14.0,214.0,0.80664255859375,True,CALL,2026-01-30,RKLB
RKLB260130C00082000,82.0,3.8,4.45,4.95,152.0,899.0,0.851563984375,True,CALL,2026-01-30,RKLB
RKLB260130C00083000,83.0,4.0,3.6,4.25,354.0,341.0,0.8330094824218748,True,CALL,2026-01-30,RKLB
RKLB260130C00084000,84.0,3.09,3.0,3.4,532.0,608.0,0.8115253222656249,True,CALL,2026-01-30,RKLB
RKLB260130C00085000,85.0,2.67,2.48,2.67,878.0,1744.0,0.8027363476562499,True,CALL,2026-01-30,RKLB
RKLB260130C00086000,86.0,2.09,1.93,2.11,2489.0,2307.0,0.7924825439453125,True,CALL,2026-01-30,RKLB
RKLB260130C00087000,87.0,1.3,1.49,1.62,655.0,587.0,0.7866232275390624,False,CALL,2026-01-30,RKLB
RKLB260130C00088000,88.0,1.15,1.13,1.3,2459.0,1413.0,0.8007832421875,False,CALL,2026-01-30,RKLB
RKLB260130C00089000,89.0,0.85,0.83,0.97,5543.0,806.0,0.795900478515625,False,CALL,2026-01-30,RKLB
RKLB260130C00090000,90.0,0.62,0.58,0.68,3112.0,4087.0,0.7812521875,False,CALL,2026-01-30,RKLB
RKLB260130C00091000,91.0,0.38,0.34,0.49,3520.0,2171.0,0.7607445800781252,False,CALL,2026-01-30,RKLB
RKLB260130C00092000,92.0,0.28,0.23,0.34,948.0,1237.0,0.7617211328125001,False,CALL,2026-01-30,RKLB
RKLB260130C00093000,93.0,0.21,0.17,0.26,528.0,1446.0,0.7851583984375,False,CALL,2026-01-30,RKLB
RKLB260130C00094000,94.0,0.16,0.12,0.2,575.0,791.0,0.804689453125,False,CALL,2026-01-30,RKLB
RKLB260130C00095000,95.0,0.11,0.09,0.2,931.0,3539.0,0.85742330078125,False,CALL,2026-01-30,RKLB
RKLB260130C00096000,96.0,0.1,0.05,0.1,325.0,697.0,0.8164080859374999,False,CALL,2026-01-30,RKLB
RKLB260130C00097000,97.0,0.08,0.05,0.15,57.0,791.0,0.9257819921875,False,CALL,2026-01-30,RKLB
RKLB260130C00098000,98.0,0.11,0.02,0.18,219.0,1360.0,0.9882813671875,False,CALL,2026-01-30,RKLB
RKLB260130C00099000,99.0,0.05,0.03,0.09,94.0,629.0,0.9609378906249999,False,CALL,2026-01-30,RKLB
RKLB260130C00100000,100.0,0.03,0.02,0.04,1345.0,7140.0,0.92187578125,False,CALL,2026-01-30,RKLB
RKLB260130C00101000,101.0,0.03,0.02,0.04,296.0,831.0,0.9687503125,False,CALL,2026-01-30,RKLB
RKLB260130C00102000,102.0,0.03,0.0,0.04,115.0,1122.0,0.9687503125,False,CALL,2026-01-30,RKLB
RKLB260130C00103000,103.0,0.03,0.0,0.03,22.0,270.0,0.98437515625,False,CALL,2026-01-30,RKLB
RKLB260130C00104000,104.0,0.01,0.01,0.13,5.0,436.0,1.2656286718749998,False,CALL,2026-01-30,RKLB
RKLB260130C00105000,105.0,0.01,0.0,0.03,300.0,1071.0,1.0781296093750001,False,CALL,2026-01-30,RKLB
RKLB260130C00106000,106.0,0.02,0.01,0.04,36.0,206.0,1.1875040625,False,CALL,2026-01-30,RKLB
RKLB260130C00107000,107.0,0.05,0.0,0.09,2.0,187.0,1.3359408203124996,False,CALL,2026-01-30,RKLB
RKLB260130C00108000,108.0,0.03,0.01,0.05,11.0,129.0,1.3125034374999998,False,CALL,2026-01-30,RKLB
RKLB260130C00109000,109.0,0.02,0.01,0.12,3.0,356.0,1.5078149609375,False,CALL,2026-01-30,RKLB
RKLB260130C00110000,110.0,0.01,0.01,0.02,120.0,3330.0,1.2968785156249998,False,CALL,2026-01-30,RKLB
RKLB260130C00111000,111.0,0.03,0.0,0.03,31.0,90.0,1.3437532812499997,False,CALL,2026-01-30,RKLB
RKLB260130P00061000,61.0,0.01,0.0,0.16,2.0,74.0,2.2265669335937495,False,PUT,2026-01-30,RKLB
RKLB260130P00062000,62.0,0.02,0.01,0.03,2.0,227.0,1.78125109375,False,PUT,2026-01-30,RKLB
RKLB260130P00063000,63.0,0.08,0.0,0.03,3.0,213.0,1.65625171875,False,PUT,2026-01-30,RKLB
RKLB260130P00064000,64.0,0.01,0.0,0.02,2.0,200.0,1.5000025,False,PUT,2026-01-30,RKLB
RKLB260130P00065000,65.0,0.02,0.0,0.02,13.0,1958.0,1.4375028125,False,PUT,2026-01-30,RKLB
RKLB260130P00066000,66.0,0.03,0.01,0.05,11.0,433.0,1.5468772656249998,False,PUT,2026-01-30,RKLB
RKLB260130P00067000,67.0,0.03,0.02,0.1,5.0,250.0,1.6171894140625,False,PUT,2026-01-30,RKLB
RKLB260130P00068000,68.0,0.03,0.0,0.03,18.0,444.0,1.2812535937499998,False,PUT,2026-01-30,RKLB
RKLB260130P00069000,69.0,0.04,0.01,0.05,13.0,514.0,1.3125034374999998,False,PUT,2026-01-30,RKLB
RKLB260130P00070000,70.0,0.03,0.02,0.05,114.0,1214.0,1.2656286718749998,False,PUT,2026-01-30,RKLB
RKLB260130P00071000,71.0,0.04,0.02,0.07,19.0,350.0,1.2265663671875,False,PUT,2026-01-30,RKLB
RKLB260130P00072000,72.0,0.04,0.03,0.1,17.0,1038.0,1.21875390625,False,PUT,2026-01-30,RKLB
RKLB260130P00073000,73.0,0.06,0.04,0.06,93.0,842.0,1.09375453125,False,PUT,2026-01-30,RKLB
RKLB260130P00074000,74.0,0.07,0.01,0.13,100.0,508.0,1.0703171484375003,False,PUT,2026-01-30,RKLB
RKLB260130P00075000,75.0,0.1,0.07,0.14,248.0,2803.0,1.0625046875000002,False,PUT,2026-01-30,RKLB
RKLB260130P00076000,76.0,0.13,0.08,0.2,1081.0,1999.0,1.0371141894531253,False,PUT,2026-01-30,RKLB
RKLB260130P00077000,77.0,0.12,0.1,0.12,103.0,916.0,0.9023447265625,False,PUT,2026-01-30,RKLB
RKLB260130P00078000,78.0,0.14,0.12,0.18,249.0,891.0,0.8730481445312499,False,PUT,2026-01-30,RKLB
RKLB260130P00079000,79.0,0.22,0.16,0.27,125.0,1189.0,0.8535170898437501,False,PUT,2026-01-30,RKLB
RKLB260130P00080000,80.0,0.29,0.27,0.29,1937.0,3780.0,0.81445498046875,False,PUT,2026-01-30,RKLB
RKLB260130P00081000,81.0,0.44,0.32,0.47,411.0,868.0,0.79687703125,False,PUT,2026-01-30,RKLB
RKLB260130P00082000,82.0,0.66,0.47,0.65,378.0,1508.0,0.7832052929687501,False,PUT,2026-01-30,RKLB
RKLB260130P00083000,83.0,0.9,0.65,0.83,425.0,988.0,0.7509790527343749,False,PUT,2026-01-30,RKLB
RKLB260130P00084000,84.0,1.08,0.94,1.08,1425.0,860.0,0.735354208984375,False,PUT,2026-01-30,RKLB
RKLB260130P00085000,85.0,1.5,1.23,1.5,1701.0,1983.0,0.7236355761718749,False,PUT,2026-01-30,RKLB
RKLB260130P00086000,86.0,1.82,1.72,1.86,530.0,687.0,0.708010732421875,False,PUT,2026-01-30,RKLB
RKLB260130P00087000,87.0,2.32,2.19,2.35,328.0,602.0,0.6787141503906251,True,PUT,2026-01-30,RKLB
RKLB260130P00088000,88.0,2.99,2.76,3.25,1493.0,1807.0,0.7182645361328125,True,PUT,2026-01-30,RKLB
RKLB260130P00089000,89.0,3.84,3.35,4.0,151.0,1030.0,0.6982452050781252,True,PUT,2026-01-30,RKLB
RKLB260130P00090000,90.0,4.32,4.1,4.75,255.0,1206.0,0.6777375976562501,True,PUT,2026-01-30,RKLB
RKLB260130P00091000,91.0,6.3,5.05,5.6,21.0,207.0,0.711916943359375,True,PUT,2026-01-30,RKLB
RKLB260130P00092000,92.0,8.0,5.7,7.25,41.0,157.0,0.903321279296875,True,PUT,2026-01-30,RKLB
RKLB260130P00093000,93.0,6.75,6.75,8.1,14.0,87.0,0.9619144433593749,True,PUT,2026-01-30,RKLB
RKLB260130P00094000,94.0,8.6,7.45,9.35,13.0,91.0,1.0312548437500002,True,PUT,2026-01-30,RKLB
RKLB260130P00095000,95.0,9.37,8.1,10.5,56.0,456.0,1.0332079589843752,True,PUT,2026-01-30,RKLB
RKLB260130P00096000,96.0,10.85,8.95,11.2,1.0,89.0,0.8437515624999999,True,PUT,2026-01-30,RKLB
RKLB260130P00097000,97.0,13.2,10.05,12.3,1.0,35.0,1.0546922265625,True,PUT,2026-01-30,RKLB
RKLB260130P00098000,98.0,17.64,11.1,13.4,1.0,22.0,1.2089883300781248,True,PUT,2026-01-30,RKLB
RKLB260130P00099000,99.0,11.83,12.1,14.4,1.0,37.0,1.2793004785156248,True,PUT,2026-01-30,RKLB
RKLB260130P00100000,100.0,15.18,13.1,15.4,4.0,36.0,1.3476595117187498,True,PUT,2026-01-30,RKLB
RKLB260130P00101000,101.0,17.7,13.85,16.4,6.0,10.0,1.2421912890624998,True,PUT,2026-01-30,RKLB
RKLB260130P00102000,102.0,9.1,14.9,17.4,,8.0,1.3437532812499997,True,PUT,2026-01-30,RKLB
RKLB260130P00103000,103.0,12.25,15.9,18.4,25.0,25.0,1.40625296875,True,PUT,2026-01-30,RKLB
RKLB260130P00105000,105.0,19.3,17.85,20.4,1.0,33.0,1.4765651171875,True,PUT,2026-01-30,RKLB
RKLB260130P00106000,106.0,12.5,18.85,21.4,,39.0,1.53515857421875,True,PUT,2026-01-30,RKLB
RKLB260130P00107000,107.0,17.45,19.85,22.4,,12.0,1.5898458007812497,True,PUT,2026-01-30,RKLB
RKLB260130P00108000,108.0,16.5,20.9,23.4,,1.0,1.69140779296875,True,PUT,2026-01-30,RKLB
RKLB260130P00110000,110.0,20.1,23.1,25.4,2.0,4.0,1.966797041015625,True,PUT,2026-01-30,RKLB
RKLB260206C00061000,61.0,23.15,23.8,26.3,25.0,7.0,0.937500625,True,CALL,2026-02-06,RKLB
RKLB260206C00062000,62.0,22.26,22.85,25.3,57.0,11.0,0.9648441015625,True,CALL,2026-02-06,RKLB
RKLB260206C00063000,63.0,21.25,21.85,24.4,60.0,4.0,1.01172369140625,True,CALL,2026-02-06,RKLB
RKLB260206C00064000,64.0,19.35,20.85,23.4,2.0,38.0,0.96679720703125,True,CALL,2026-02-06,RKLB
RKLB260206C00065000,65.0,23.58,19.9,22.35,4.0,16.0,0.92187578125,True,CALL,2026-02-06,RKLB
RKLB260206C00066000,66.0,20.75,18.9,21.45,1.0,5.0,0.93945373046875,True,CALL,2026-02-06,RKLB
RKLB260206C00067000,67.0,17.89,17.95,20.5,2.0,31.0,0.9414068359375,True,CALL,2026-02-06,RKLB
RKLB260206C00068000,68.0,23.36,17.2,19.4,1.0,68.0,0.9531254687499999,True,CALL,2026-02-06,RKLB
RKLB260206C00069000,69.0,18.97,16.05,18.6,3.0,10.0,0.92187578125,True,CALL,2026-02-06,RKLB
RKLB260206C00070000,70.0,15.07,15.1,17.6,2.0,11.0,0.8886729882812499,True,CALL,2026-02-06,RKLB
RKLB260206C00071000,71.0,14.08,14.15,16.6,3.0,36.0,0.8544936425781251,True,CALL,2026-02-06,RKLB
RKLB260206C00072000,72.0,13.81,13.25,15.65,1.0,17.0,0.8447281152343749,True,CALL,2026-02-06,RKLB
RKLB260206C00073000,73.0,12.07,12.95,14.5,5.0,135.0,0.91211025390625,True,CALL,2026-02-06,RKLB
RKLB260206C00074000,74.0,12.49,11.5,14.05,2.0,29.0,0.8754895263671875,True,CALL,2026-02-06,RKLB
RKLB260206C00075000,75.0,10.97,10.9,12.35,5.0,162.0,0.7651390673828126,True,CALL,2026-02-06,RKLB
RKLB260206C00076000,76.0,10.85,10.2,12.1,10.0,47.0,0.8818371191406249,True,CALL,2026-02-06,RKLB
RKLB260206C00077000,77.0,10.5,9.0,10.85,1.0,89.0,0.754885263671875,True,CALL,2026-02-06,RKLB
RKLB260206C00078000,78.0,11.5,8.85,10.7,1.0,50.0,0.9213875048828125,True,CALL,2026-02-06,RKLB
RKLB260206C00079000,79.0,8.29,8.1,9.35,11.0,85.0,0.84179845703125,True,CALL,2026-02-06,RKLB
RKLB260206C00080000,80.0,8.33,7.75,9.05,28.0,361.0,0.9252937158203125,True,CALL,2026-02-06,RKLB
RKLB260206C00081000,81.0,7.53,7.1,7.75,6.0,102.0,0.8569350244140624,True,CALL,2026-02-06,RKLB
RKLB260206C00082000,82.0,7.05,6.6,7.25,19.0,109.0,0.8833019482421874,True,CALL,2026-02-06,RKLB
RKLB260206C00083000,83.0,6.0,6.3,6.55,31.0,212.0,0.901368173828125,True,CALL,2026-02-06,RKLB
RKLB260206C00084000,84.0,5.85,5.75,6.0,228.0,909.0,0.9023447265625,True,CALL,2026-02-06,RKLB
RKLB260206C00085000,85.0,4.95,5.25,5.45,247.0,342.0,0.9016123120117188,True,CALL,2026-02-06,RKLB
RKLB260206C00086000,86.0,4.65,4.7,4.95,270.0,372.0,0.8950205810546874,True,CALL,2026-02-06,RKLB
RKLB260206C00087000,87.0,4.2,4.2,4.45,197.0,156.0,0.8867198828124999,False,CALL,2026-02-06,RKLB
RKLB260206C00088000,88.0,3.8,3.75,4.05,577.0,371.0,0.8864757446289062,False,CALL,2026-02-06,RKLB
RKLB260206C00089000,89.0,3.57,3.35,3.6,207.0,448.0,0.8803722900390624,False,CALL,2026-02-06,RKLB
RKLB260206C00090000,90.0,3.05,2.99,3.2,1079.0,2167.0,0.8764660791015625,False,CALL,2026-02-06,RKLB
RKLB260206C00091000,91.0,2.63,2.68,2.87,59.0,529.0,0.8786633227539062,False,CALL,2026-02-06,RKLB
RKLB260206C00092000,92.0,2.4,2.35,2.51,229.0,1673.0,0.870118486328125,False,CALL,2026-02-06,RKLB
RKLB260206C00093000,93.0,2.0,2.1,2.19,564.0,689.0,0.8676771044921875,False,CALL,2026-02-06,RKLB
RKLB260206C00094000,94.0,1.86,1.82,1.98,101.0,228.0,0.8686536572265625,False,CALL,2026-02-06,RKLB
RKLB260206C00095000,95.0,1.65,1.59,1.73,638.0,2067.0,0.8647474462890624,False,CALL,2026-02-06,RKLB
RKLB260206C00096000,96.0,1.49,1.37,1.53,115.0,222.0,0.8627943408203125,False,CALL,2026-02-06,RKLB
RKLB260206C00097000,97.0,1.37,1.23,1.34,54.0,417.0,0.8667005517578125,False,CALL,2026-02-06,RKLB
RKLB260206C00098000,98.0,1.05,1.0,1.14,32.0,368.0,0.851563984375,False,CALL,2026-02-06,RKLB
RKLB260206C00099000,99.0,0.93,0.84,1.08,138.0,109.0,0.860352958984375,False,CALL,2026-02-06,RKLB
RKLB260206C00100000,100.0,0.78,0.74,0.9,902.0,1979.0,0.8559584716796875,False,CALL,2026-02-06,RKLB
RKLB260206C00101000,101.0,0.59,0.66,0.79,24.0,169.0,0.86132951171875,False,CALL,2026-02-06,RKLB
RKLB260206C00102000,102.0,0.65,0.58,0.72,51.0,168.0,0.870118486328125,False,CALL,2026-02-06,RKLB
RKLB260206C00103000,103.0,0.59,0.51,0.64,35.0,56.0,0.875977802734375,False,CALL,2026-02-06,RKLB
RKLB260206C00104000,104.0,0.42,0.43,0.6,107.0,67.0,0.883790224609375,False,CALL,2026-02-06,RKLB
RKLB260206C00105000,105.0,0.49,0.38,0.49,72.0,648.0,0.8789074609374999,False,CALL,2026-02-06,RKLB
RKLB260206C00106000,106.0,0.35,0.33,0.51,4.0,81.0,0.9023447265625,False,CALL,2026-02-06,RKLB
RKLB260206C00107000,107.0,0.35,0.26,0.47,23.0,83.0,0.90429783203125,False,CALL,2026-02-06,RKLB
RKLB260206C00108000,108.0,0.35,0.22,0.4,2.0,53.0,0.901368173828125,False,CALL,2026-02-06,RKLB
RKLB260206C00109000,109.0,0.32,0.18,0.36,25.0,35.0,0.903321279296875,False,CALL,2026-02-06,RKLB
RKLB260206C00110000,110.0,0.28,0.25,0.37,210.0,850.0,0.9570316796874999,False,CALL,2026-02-06,RKLB
RKLB260206C00111000,111.0,0.56,0.11,0.63,12.0,43.0,1.0205127099609377,False,CALL,2026-02-06,RKLB
RKLB260206P00061000,61.0,0.05,0.0,0.27,1.0,107.0,1.138676181640625,False,PUT,2026-02-06,RKLB
RKLB260206P00062000,62.0,0.19,0.0,0.39,77.0,189.0,1.1640666796875,False,PUT,2026-02-06,RKLB
RKLB260206P00063000,63.0,0.12,0.06,0.21,78.0,49.0,1.0468797656250002,False,PUT,2026-02-06,RKLB
RKLB260206P00064000,64.0,0.17,0.0,0.39,10.0,50.0,1.0683640332031252,False,PUT,2026-02-06,RKLB
RKLB260206P00065000,65.0,0.19,0.14,0.34,867.0,454.0,1.0625046875000002,False,PUT,2026-02-06,RKLB
RKLB260206P00066000,66.0,0.24,0.15,0.33,10.0,464.0,1.0146533642578124,False,PUT,2026-02-06,RKLB
RKLB260206P00067000,67.0,0.38,0.2,0.45,4.0,95.0,1.0312548437500002,False,PUT,2026-02-06,RKLB
RKLB260206P00068000,68.0,0.3,0.24,0.36,19.0,143.0,0.963867548828125,False,PUT,2026-02-06,RKLB
RKLB260206P00069000,69.0,0.36,0.28,0.45,9.0,170.0,0.9570316796874999,False,PUT,2026-02-06,RKLB
RKLB260206P00070000,70.0,0.42,0.34,0.5,48.0,629.0,0.938477177734375,False,PUT,2026-02-06,RKLB
RKLB260206P00071000,71.0,0.5,0.41,0.59,7.0,338.0,0.92773509765625,False,PUT,2026-02-06,RKLB
RKLB260206P00072000,72.0,0.58,0.52,0.64,47.0,239.0,0.91211025390625,False,PUT,2026-02-06,RKLB
RKLB260206P00073000,73.0,0.75,0.62,0.79,22.0,725.0,0.9101571484375,False,PUT,2026-02-06,RKLB
RKLB260206P00074000,74.0,0.85,0.74,0.87,66.0,142.0,0.8916026464843749,False,PUT,2026-02-06,RKLB
RKLB260206P00075000,75.0,0.97,0.88,1.02,251.0,836.0,0.883790224609375,False,PUT,2026-02-06,RKLB
RKLB260206P00076000,76.0,1.16,0.9,1.17,38.0,247.0,0.851563984375,False,PUT,2026-02-06,RKLB
RKLB260206P00077000,77.0,1.38,1.21,1.4,51.0,306.0,0.8686536572265625,False,PUT,2026-02-06,RKLB
RKLB260206P00078000,78.0,1.55,1.47,1.57,367.0,1311.0,0.86132951171875,False,PUT,2026-02-06,RKLB
RKLB260206P00079000,79.0,1.91,1.66,1.86,20.0,985.0,0.8540053662109376,False,PUT,2026-02-06,RKLB
RKLB260206P00080000,80.0,2.18,2.0,2.11,353.0,866.0,0.852540537109375,False,PUT,2026-02-06,RKLB
RKLB260206P00081000,81.0,2.42,2.28,2.45,128.0,1092.0,0.8471694970703124,False,PUT,2026-02-06,RKLB
RKLB260206P00082000,82.0,2.8,2.66,2.79,167.0,172.0,0.8457046679687499,False,PUT,2026-02-06,RKLB
RKLB260206P00083000,83.0,3.15,3.0,3.15,87.0,209.0,0.8354508642578123,False,PUT,2026-02-06,RKLB
RKLB260206P00084000,84.0,3.6,3.4,3.75,150.0,284.0,0.8476577734374999,False,PUT,2026-02-06,RKLB
RKLB260206P00085000,85.0,4.2,3.85,4.2,326.0,342.0,0.8432632861328124,False,PUT,2026-02-06,RKLB
RKLB260206P00086000,86.0,4.66,4.3,4.7,113.0,105.0,0.8371598315429687,False,PUT,2026-02-06,RKLB
RKLB260206P00087000,87.0,4.8,4.9,5.25,85.0,157.0,0.8432632861328124,True,PUT,2026-02-06,RKLB
RKLB260206P00088000,88.0,5.93,5.45,5.75,133.0,441.0,0.8334977587890623,True,PUT,2026-02-06,RKLB
RKLB260206P00089000,89.0,7.06,6.05,6.5,47.0,249.0,0.8452163916015624,True,PUT,2026-02-06,RKLB
RKLB260206P00090000,90.0,6.63,6.7,7.0,346.0,349.0,0.8322770678710936,True,PUT,2026-02-06,RKLB
RKLB260206P00091000,91.0,7.87,7.25,7.8,1.0,212.0,0.8322770678710936,True,PUT,2026-02-06,RKLB
RKLB260206P00092000,92.0,8.5,7.9,8.45,34.0,39.0,0.8210467114257811,True,PUT,2026-02-06,RKLB
RKLB260206P00093000,93.0,8.65,8.65,9.2,11.0,48.0,0.8242205078124999,True,PUT,2026-02-06,RKLB
RKLB260206P00094000,94.0,10.06,9.35,10.95,4.0,63.0,0.9262702685546875,True,PUT,2026-02-06,RKLB
RKLB260206P00095000,95.0,10.79,9.9,11.85,1.0,218.0,0.9174812939453125,True,PUT,2026-02-06,RKLB
RKLB260206P00096000,96.0,11.25,10.45,12.7,2.0,3.0,0.8964854101562498,True,PUT,2026-02-06,RKLB
RKLB260206P00097000,97.0,14.25,11.1,13.2,7.0,21.0,0.8349625878906248,True,PUT,2026-02-06,RKLB
RKLB260206P00098000,98.0,10.35,12.25,14.4,4.0,4.0,0.9248054394531251,True,PUT,2026-02-06,RKLB
RKLB260206P00099000,99.0,10.45,13.0,15.25,2.0,3.0,0.9125985302734375,True,PUT,2026-02-06,RKLB
RKLB260206P00100000,100.0,15.05,13.8,16.0,1.0,104.0,0.8862316064453124,True,PUT,2026-02-06,RKLB
RKLB260206P00103000,103.0,13.75,16.55,18.75,3.0,3.0,0.9106454248046875,True,PUT,2026-02-06,RKLB
RKLB260206P00105000,105.0,19.8,18.6,20.4,1.0,5.0,0.9160164648437501,True,PUT,2026-02-06,RKLB
RKLB260206P00107000,107.0,17.35,20.4,22.65,,1.0,0.99023447265625,True,PUT,2026-02-06,RKLB
RKLB260206P00110000,110.0,26.4,23.5,25.35,1.0,11.0,1.0312548437500002,True,PUT,2026-02-06,RKLB
RKLB260213C00061000,61.0,20.61,24.05,26.55,1.0,27.0,0.9785158398437501,True,CALL,2026-02-13,RKLB
RKLB260213C00062000,62.0,25.95,23.05,25.4,1.0,2.0,0.88476677734375,True,CALL,2026-02-13,RKLB
RKLB260213C00063000,63.0,20.67,22.35,24.5,2.0,3.0,0.9726565234375,True,CALL,2026-02-13,RKLB
RKLB260213C00064000,64.0,19.94,21.2,23.7,2.0,8.0,0.945313046875,True,CALL,2026-02-13,RKLB
RKLB260213C00065000,65.0,20.94,20.25,22.75,1.0,20.0,0.928711650390625,True,CALL,2026-02-13,RKLB
RKLB260213C00066000,66.0,22.95,19.3,21.6,3.0,16.0,0.8652357226562499,True,CALL,2026-02-13,RKLB
RKLB260213C00067000,67.0,19.83,18.4,20.95,2.0,3.0,0.9169930175781251,True,CALL,2026-02-13,RKLB
RKLB260213C00068000,68.0,20.81,17.5,20.0,2.0,4.0,0.901368173828125,True,CALL,2026-02-13,RKLB
RKLB260213C00069000,69.0,19.86,16.95,19.1,3.0,19.0,0.9438482177734374,True,CALL,2026-02-13,RKLB
RKLB260213C00070000,70.0,15.52,15.75,18.25,1.0,27.0,0.8916026464843749,True,CALL,2026-02-13,RKLB
RKLB260213C00071000,71.0,13.8,14.9,17.2,1.0,7.0,0.86132951171875,True,CALL,2026-02-13,RKLB
RKLB260213C00072000,72.0,15.04,14.95,16.35,1.0,11.0,0.9614261669921874,True,CALL,2026-02-13,RKLB
RKLB260213C00073000,73.0,14.3,13.25,15.5,1.0,117.0,0.850587431640625,True,CALL,2026-02-13,RKLB
RKLB260213C00074000,74.0,10.15,12.9,14.85,2.0,9.0,0.9106454248046875,True,CALL,2026-02-13,RKLB
RKLB260213C00075000,75.0,12.16,12.2,13.5,12.0,70.0,0.8554701953125,True,CALL,2026-02-13,RKLB
RKLB260213C00076000,76.0,14.5,10.9,13.3,15.0,30.0,0.8535170898437501,True,CALL,2026-02-13,RKLB
RKLB260213C00077000,77.0,13.64,10.15,12.0,4.0,31.0,0.7971211694335938,True,CALL,2026-02-13,RKLB
RKLB260213C00078000,78.0,11.0,10.45,11.35,4.0,124.0,0.8879405737304686,True,CALL,2026-02-13,RKLB
RKLB260213C00079000,79.0,11.15,9.8,10.65,1.0,58.0,0.88476677734375,True,CALL,2026-02-13,RKLB
RKLB260213C00080000,80.0,9.5,9.05,10.05,2.0,558.0,0.8776867700195312,True,CALL,2026-02-13,RKLB
RKLB260213C00081000,81.0,8.73,8.55,9.25,2.0,82.0,0.8710950390625,True,CALL,2026-02-13,RKLB
RKLB260213C00082000,82.0,10.14,7.75,8.75,1.0,64.0,0.8608412353515625,True,CALL,2026-02-13,RKLB
RKLB260213C00083000,83.0,7.8,7.4,8.25,6.0,238.0,0.8798840136718749,True,CALL,2026-02-13,RKLB
RKLB260213C00084000,84.0,7.0,6.75,7.55,9.0,33.0,0.8588881298828125,True,CALL,2026-02-13,RKLB
RKLB260213C00085000,85.0,6.6,6.4,7.05,103.0,423.0,0.8698743481445312,True,CALL,2026-02-13,RKLB
RKLB260213C00086000,86.0,6.05,5.85,6.45,25.0,89.0,0.8562026098632812,True,CALL,2026-02-13,RKLB
RKLB260213C00087000,87.0,5.7,5.45,6.0,32.0,154.0,0.8598646826171875,False,CALL,2026-02-13,RKLB
RKLB260213C00088000,88.0,5.35,4.95,5.65,60.0,446.0,0.8601088208007812,False,CALL,2026-02-13,RKLB
RKLB260213C00089000,89.0,4.25,4.6,5.2,34.0,849.0,0.860352958984375,False,CALL,2026-02-13,RKLB
RKLB260213C00090000,90.0,4.4,4.2,4.85,61.0,598.0,0.8608412353515625,False,CALL,2026-02-13,RKLB
RKLB260213C00091000,91.0,3.55,3.85,4.55,11.0,59.0,0.8652357226562499,False,CALL,2026-02-13,RKLB
RKLB260213C00092000,92.0,3.7,3.65,4.2,18.0,211.0,0.8735364208984374,False,CALL,2026-02-13,RKLB
RKLB260213C00093000,93.0,3.75,3.2,3.9,11.0,101.0,0.8642591699218749,False,CALL,2026-02-13,RKLB
RKLB260213C00094000,94.0,3.1,3.0,3.6,7.0,234.0,0.8703626245117188,False,CALL,2026-02-13,RKLB
RKLB260213C00095000,95.0,3.2,2.93,3.25,168.0,441.0,0.8798840136718749,False,CALL,2026-02-13,RKLB
RKLB260213C00096000,96.0,2.81,2.64,2.91,14.0,331.0,0.8703626245117188,False,CALL,2026-02-13,RKLB
RKLB260213C00097000,97.0,2.7,2.36,2.69,4.0,89.0,0.8679212426757812,False,CALL,2026-02-13,RKLB
RKLB260213C00098000,98.0,2.19,2.2,2.49,71.0,620.0,0.8742688354492187,False,CALL,2026-02-13,RKLB
RKLB260213C00099000,99.0,2.23,1.87,2.26,2.0,47.0,0.8608412353515625,False,CALL,2026-02-13,RKLB
RKLB260213C00100000,100.0,2.06,1.86,2.15,215.0,2581.0,0.8833019482421874,False,CALL,2026-02-13,RKLB
RKLB260213C00101000,101.0,1.7,1.6,1.91,3.0,57.0,0.86914193359375,False,CALL,2026-02-13,RKLB
RKLB260213C00102000,102.0,2.17,1.51,1.72,2.0,119.0,0.8730481445312499,False,CALL,2026-02-13,RKLB
RKLB260213C00105000,105.0,1.21,1.14,1.34,10.0,396.0,0.8798840136718749,False,CALL,2026-02-13,RKLB
RKLB260213C00110000,110.0,0.81,0.71,0.92,36.0,444.0,0.8979502392578124,False,CALL,2026-02-13,RKLB
RKLB260213P00061000,61.0,0.29,0.16,0.34,1.0,30.0,0.9531254687499999,False,PUT,2026-02-13,RKLB
RKLB260213P00062000,62.0,0.35,0.21,0.35,28.0,92.0,0.9355475195312499,False,PUT,2026-02-13,RKLB
RKLB260213P00063000,63.0,0.4,0.22,0.4,31.0,43.0,0.9160164648437501,False,PUT,2026-02-13,RKLB
RKLB260213P00064000,64.0,0.33,0.36,0.51,2.0,26.0,0.945313046875,False,PUT,2026-02-13,RKLB
RKLB260213P00065000,65.0,0.55,0.41,0.51,19.0,324.0,0.9169930175781251,False,PUT,2026-02-13,RKLB
RKLB260213P00066000,66.0,0.61,0.51,0.61,2.0,148.0,0.91992267578125,False,PUT,2026-02-13,RKLB
RKLB260213P00067000,67.0,0.67,0.6,0.79,3.0,47.0,0.929688203125,False,PUT,2026-02-13,RKLB
RKLB260213P00068000,68.0,0.77,0.7,0.9,2.0,74.0,0.922852333984375,False,PUT,2026-02-13,RKLB
RKLB260213P00069000,69.0,1.19,0.81,1.01,4.0,96.0,0.914063359375,False,PUT,2026-02-13,RKLB
RKLB260213P00070000,70.0,1.02,0.92,1.1,53.0,386.0,0.8989267919921874,False,PUT,2026-02-13,RKLB
RKLB260213P00071000,71.0,1.2,1.09,1.24,6.0,65.0,0.8955088574218748,False,PUT,2026-02-13,RKLB
RKLB260213P00072000,72.0,1.38,1.22,1.49,26.0,284.0,0.8964854101562498,False,PUT,2026-02-13,RKLB
RKLB260213P00073000,73.0,1.52,1.4,1.64,25.0,94.0,0.8872081591796874,False,PUT,2026-02-13,RKLB
RKLB260213P00074000,74.0,1.78,1.53,1.86,39.0,141.0,0.8764660791015625,False,PUT,2026-02-13,RKLB
RKLB260213P00075000,75.0,1.91,1.75,1.99,56.0,651.0,0.8627943408203125,False,PUT,2026-02-13,RKLB
RKLB260213P00076000,76.0,2.22,2.06,2.39,12.0,79.0,0.8798840136718749,False,PUT,2026-02-13,RKLB
RKLB260213P00077000,77.0,2.79,2.32,2.65,13.0,177.0,0.8740246972656249,False,PUT,2026-02-13,RKLB
RKLB260213P00078000,78.0,3.7,2.61,3.1,6.0,203.0,0.8828136718749999,False,PUT,2026-02-13,RKLB
RKLB260213P00079000,79.0,3.17,2.84,3.3,69.0,89.0,0.8620619262695313,False,PUT,2026-02-13,RKLB
RKLB260213P00080000,80.0,3.48,3.25,3.7,106.0,701.0,0.8684095190429688,False,PUT,2026-02-13,RKLB
RKLB260213P00081000,81.0,3.9,3.6,4.2,4.0,81.0,0.8732922827148437,False,PUT,2026-02-13,RKLB
RKLB260213P00082000,82.0,4.31,3.95,4.6,34.0,82.0,0.8667005517578125,False,PUT,2026-02-13,RKLB
RKLB260213P00083000,83.0,5.06,4.3,4.7,22.0,105.0,0.8349625878906248,False,PUT,2026-02-13,RKLB
RKLB260213P00084000,84.0,4.97,4.85,5.4,10.0,65.0,0.85742330078125,False,PUT,2026-02-13,RKLB
RKLB260213P00085000,85.0,5.5,5.3,6.05,17.0,76.0,0.8649915844726561,False,PUT,2026-02-13,RKLB
RKLB260213P00086000,86.0,5.58,5.8,6.55,5.0,75.0,0.8618177880859376,False,PUT,2026-02-13,RKLB
RKLB260213P00087000,87.0,6.71,6.35,7.05,2.0,153.0,0.8586439916992188,True,PUT,2026-02-13,RKLB
RKLB260213P00088000,88.0,7.89,6.9,7.65,21.0,131.0,0.8588881298828125,True,PUT,2026-02-13,RKLB
RKLB260213P00089000,89.0,7.98,7.5,8.2,13.0,81.0,0.8554701953125,True,PUT,2026-02-13,RKLB
RKLB260213P00090000,90.0,8.23,8.05,8.95,5.0,63.0,0.85937640625,True,PUT,2026-02-13,RKLB
RKLB260213P00091000,91.0,11.0,8.5,9.6,3.0,31.0,0.8459488061523437,True,PUT,2026-02-13,RKLB
RKLB260213P00092000,92.0,9.75,9.35,10.15,2.0,60.0,0.8503432934570312,True,PUT,2026-02-13,RKLB
RKLB260213P00093000,93.0,9.22,10.1,10.95,1.0,18.0,0.8627943408203125,True,PUT,2026-02-13,RKLB
RKLB260213P00094000,94.0,11.22,10.75,11.65,2.0,16.0,0.8576674389648438,True,PUT,2026-02-13,RKLB
RKLB260213P00095000,95.0,10.34,11.5,12.35,2.0,22.0,0.8569350244140624,True,PUT,2026-02-13,RKLB
RKLB260213P00096000,96.0,12.0,12.2,13.15,1.0,22.0,0.8569350244140624,True,PUT,2026-02-13,RKLB
RKLB260213P00097000,97.0,11.88,12.9,13.9,8.0,35.0,0.8498550170898438,True,PUT,2026-02-13,RKLB
RKLB260213P00098000,98.0,14.86,13.55,15.2,1.0,26.0,0.8818371191406249,True,PUT,2026-02-13,RKLB
RKLB260213P00099000,99.0,13.47,14.05,15.7,1.0,13.0,0.8295915478515624,True,PUT,2026-02-13,RKLB
RKLB260213P00100000,100.0,14.11,14.7,17.2,1.0,7.0,0.8762219409179688,True,PUT,2026-02-13,RKLB
RKLB260213P00110000,110.0,23.18,23.7,25.95,,1.0,0.905274384765625,True,PUT,2026-02-13,RKLB
RKLB260220C00065000,65.0,20.37,21.35,22.4,3.0,4449.0,0.8974619628906249,True,CALL,2026-02-20,RKLB
RKLB260220C00070000,70.0,17.5,17.25,18.25,24.0,1565.0,0.9038095556640625,True,CALL,2026-02-20,RKLB
RKLB260220C00075000,75.0,13.25,13.45,14.35,48.0,1023.0,0.8798840136718749,True,CALL,2026-02-20,RKLB
RKLB260220C00080000,80.0,10.45,10.45,10.9,131.0,2470.0,0.8771984936523438,True,CALL,2026-02-20,RKLB
RKLB260220C00085000,85.0,8.05,8.0,8.15,436.0,2917.0,0.8842785009765625,True,CALL,2026-02-20,RKLB
RKLB260220C00086000,86.0,7.3,7.5,7.85,181.0,265.0,0.8920909228515624,True,CALL,2026-02-20,RKLB
RKLB260220C00087000,87.0,7.05,7.05,7.25,72.0,139.0,0.8828136718749999,False,CALL,2026-02-20,RKLB
RKLB260220C00088000,88.0,6.6,6.55,6.75,63.0,338.0,0.8740246972656249,False,CALL,2026-02-20,RKLB
RKLB260220C00089000,89.0,6.55,6.15,6.4,249.0,768.0,0.8776867700195312,False,CALL,2026-02-20,RKLB
RKLB260220C00090000,90.0,5.65,5.8,6.05,932.0,3498.0,0.8818371191406249,False,CALL,2026-02-20,RKLB
RKLB260220C00091000,91.0,5.4,5.4,5.65,21.0,185.0,0.877930908203125,False,CALL,2026-02-20,RKLB
RKLB260220C00092000,92.0,5.1,5.05,5.35,22.0,120.0,0.8806164282226561,False,CALL,2026-02-20,RKLB
RKLB260220C00093000,93.0,3.97,4.4,5.05,12.0,315.0,0.8632826171875,False,CALL,2026-02-20,RKLB
RKLB260220C00094000,94.0,4.25,4.35,4.6,10.0,207.0,0.8708509008789063,False,CALL,2026-02-20,RKLB
RKLB260220C00095000,95.0,4.05,4.2,4.35,362.0,2148.0,0.8823253955078124,False,CALL,2026-02-20,RKLB
RKLB260220C00096000,96.0,3.15,3.6,4.0,43.0,115.0,0.8579115771484375,False,CALL,2026-02-20,RKLB
RKLB260220C00097000,97.0,3.6,3.55,3.75,8.0,53.0,0.8720715917968749,False,CALL,2026-02-20,RKLB
RKLB260220C00098000,98.0,2.81,3.3,3.5,2.0,145.0,0.8718274536132812,False,CALL,2026-02-20,RKLB
RKLB260220C00099000,99.0,3.1,3.0,3.25,7.0,68.0,0.866212275390625,False,CALL,2026-02-20,RKLB
RKLB260220C00100000,100.0,2.95,2.82,3.0,992.0,3515.0,0.8667005517578125,False,CALL,2026-02-20,RKLB
RKLB260220C00101000,101.0,2.72,2.72,2.86,1.0,27.0,0.8786633227539062,False,CALL,2026-02-20,RKLB
RKLB260220C00102000,102.0,2.43,2.37,2.59,3.0,104.0,0.8618177880859376,False,CALL,2026-02-20,RKLB
RKLB260220C00103000,103.0,2.4,2.21,2.4,43.0,362.0,0.8625502026367188,False,CALL,2026-02-20,RKLB
RKLB260220C00104000,104.0,2.16,2.08,2.29,9.0,32.0,0.8698743481445312,False,CALL,2026-02-20,RKLB
RKLB260220C00105000,105.0,2.15,2.02,2.14,117.0,1389.0,0.8784191845703124,False,CALL,2026-02-20,RKLB
RKLB260220C00106000,106.0,1.98,1.78,1.97,1.0,99.0,0.8693860717773438,False,CALL,2026-02-20,RKLB
RKLB260220C00107000,107.0,2.65,1.72,1.86,7.0,112.0,0.8784191845703124,False,CALL,2026-02-20,RKLB
RKLB260220C00108000,108.0,1.39,1.52,1.75,2.0,31.0,0.8742688354492187,False,CALL,2026-02-20,RKLB
RKLB260220C00109000,109.0,2.14,1.43,1.63,1.0,15.0,0.8774426318359375,False,CALL,2026-02-20,RKLB
RKLB260220C00110000,110.0,1.37,1.33,1.54,62.0,3276.0,0.8808605664062499,False,CALL,2026-02-20,RKLB
RKLB260220P00065000,65.0,0.9,0.82,0.98,191.0,4417.0,0.9091805957031249,False,PUT,2026-02-20,RKLB
RKLB260220P00070000,70.0,1.62,1.51,1.65,517.0,6911.0,0.8730481445312499,False,PUT,2026-02-20,RKLB
RKLB260220P00075000,75.0,2.7,2.65,2.79,386.0,2344.0,0.8547377807617188,False,PUT,2026-02-20,RKLB
RKLB260220P00080000,80.0,4.45,4.35,4.55,332.0,2675.0,0.850587431640625,False,PUT,2026-02-20,RKLB
RKLB260220P00085000,85.0,6.9,6.5,6.8,311.0,1277.0,0.8361832788085937,False,PUT,2026-02-20,RKLB
RKLB260220P00086000,86.0,7.32,7.0,7.4,224.0,224.0,0.8383805224609374,False,PUT,2026-02-20,RKLB
RKLB260220P00087000,87.0,7.85,7.5,7.9,16.0,143.0,0.8322770678710936,True,PUT,2026-02-20,RKLB
RKLB260220P00088000,88.0,8.25,8.1,8.45,26.0,222.0,0.8325212060546874,True,PUT,2026-02-20,RKLB
RKLB260220P00089000,89.0,9.4,8.6,9.1,5.0,100.0,0.8300798242187499,True,PUT,2026-02-20,RKLB
RKLB260220P00090000,90.0,9.5,9.2,9.65,72.0,1610.0,0.8251970605468748,True,PUT,2026-02-20,RKLB
RKLB260220P00091000,91.0,8.8,9.65,10.4,4.0,44.0,0.8210467114257811,True,PUT,2026-02-20,RKLB
RKLB260220P00092000,92.0,11.77,10.5,10.95,3.0,100.0,0.8261736132812498,True,PUT,2026-02-20,RKLB
RKLB260220P00093000,93.0,12.35,11.25,11.7,1.0,27.0,0.8352067260742186,True,PUT,2026-02-20,RKLB
RKLB260220P00094000,94.0,12.75,11.85,12.3,1.0,14.0,0.8239763696289062,True,PUT,2026-02-20,RKLB
RKLB260220P00095000,95.0,13.86,12.55,13.0,15.0,412.0,0.8225115405273438,True,PUT,2026-02-20,RKLB
RKLB260220P00096000,96.0,16.09,13.3,13.85,,18.0,0.8315446533203124,True,PUT,2026-02-20,RKLB
RKLB260220P00100000,100.0,15.1,16.0,16.6,5.0,142.0,0.7827170166015626,True,PUT,2026-02-20,RKLB
RKLB260220P00101000,101.0,16.67,16.95,18.55,,1.0,0.8752453881835938,True,PUT,2026-02-20,RKLB
RKLB260220P00102000,102.0,16.75,17.6,19.25,3.0,2.0,0.8559584716796875,True,PUT,2026-02-20,RKLB
RKLB260220P00103000,103.0,19.73,18.05,19.9,,1.0,0.8139667041015625,True,PUT,2026-02-20,RKLB
RKLB260220P00104000,104.0,20.4,19.15,20.8,,1.0,0.8393570751953124,True,PUT,2026-02-20,RKLB
RKLB260220P00105000,105.0,16.6,20.05,22.35,15.0,12.0,0.8999033447265624,True,PUT,2026-02-20,RKLB
RKLB260220P00106000,106.0,20.0,21.05,22.6,,5.0,0.8637708935546875,True,PUT,2026-02-20,RKLB
RKLB260220P00108000,108.0,18.8,22.4,24.8,4.0,4.0,0.8708509008789063,True,PUT,2026-02-20,RKLB
RKLB260220P00110000,110.0,21.44,24.4,26.6,21.0,96.0,0.896241271972656,True,PUT,2026-02-20,RKLB
RKLB260227C00065000,65.0,22.28,21.5,24.05,5.0,51.0,0.9819337744140625,True,CALL,2026-02-27,RKLB
RKLB260227C00070000,70.0,18.92,17.7,20.25,3.0,178.0,0.9848634326171876,True,CALL,2026-02-27,RKLB
RKLB260227C00071000,71.0,18.33,16.85,19.45,10.0,15.0,0.9689944506835937,True,CALL,2026-02-27,RKLB
RKLB260227C00072000,72.0,15.04,16.15,19.0,2.0,19.0,0.9863282617187501,True,CALL,2026-02-27,RKLB
RKLB260227C00073000,73.0,16.64,15.45,18.1,1.0,4.0,0.9702151416015624,True,CALL,2026-02-27,RKLB
RKLB260227C00074000,74.0,14.93,14.75,17.35,2.0,5.0,0.9624027197265624,True,CALL,2026-02-27,RKLB
RKLB260227C00075000,75.0,16.26,14.7,16.3,2.0,133.0,0.9748537670898438,True,CALL,2026-02-27,RKLB
RKLB260227C00076000,76.0,15.01,14.35,15.45,1.0,15.0,0.9782717016601563,True,CALL,2026-02-27,RKLB
RKLB260227C00077000,77.0,13.15,13.55,14.7,2.0,28.0,0.958740646972656,True,CALL,2026-02-27,RKLB
RKLB260227C00078000,78.0,13.8,12.85,14.55,1.0,6.0,0.9782717016601563,True,CALL,2026-02-27,RKLB
RKLB260227C00079000,79.0,14.71,11.65,13.8,2.0,9.0,0.9331061376953125,True,CALL,2026-02-27,RKLB
RKLB260227C00080000,80.0,12.83,12.0,13.15,7.0,99.0,0.9787599780273439,True,CALL,2026-02-27,RKLB
RKLB260227C00081000,81.0,11.2,11.35,12.45,1.0,15.0,0.963867548828125,True,CALL,2026-02-27,RKLB
RKLB260227C00082000,82.0,13.95,10.0,12.3,6.0,15.0,0.9396978686523438,True,CALL,2026-02-27,RKLB
RKLB260227C00083000,83.0,9.55,9.75,11.65,13.0,130.0,0.9458013232421875,True,CALL,2026-02-27,RKLB
RKLB260227C00084000,84.0,11.55,9.8,11.25,58.0,133.0,0.9785158398437501,True,CALL,2026-02-27,RKLB
RKLB260227C00085000,85.0,10.0,9.3,10.45,28.0,92.0,0.9599613378906249,True,CALL,2026-02-27,RKLB
RKLB260227C00086000,86.0,9.0,8.3,9.95,35.0,198.0,0.9295661340332031,True,CALL,2026-02-27,RKLB
RKLB260227C00087000,87.0,8.4,8.55,9.35,9.0,117.0,0.9565434033203124,False,CALL,2026-02-27,RKLB
RKLB260227C00088000,88.0,8.85,7.95,9.5,36.0,151.0,0.9764406652832032,False,CALL,2026-02-27,RKLB
RKLB260227C00089000,89.0,8.33,7.6,8.65,27.0,115.0,0.9565434033203124,False,CALL,2026-02-27,RKLB
RKLB260227C00090000,90.0,7.57,7.4,8.65,70.0,775.0,0.9859620544433594,False,CALL,2026-02-27,RKLB
RKLB260227C00091000,91.0,7.0,5.95,8.25,4.0,115.0,0.9298102722167969,False,CALL,2026-02-27,RKLB
RKLB260227C00092000,92.0,6.41,6.55,7.75,2.0,83.0,0.9714358325195311,False,CALL,2026-02-27,RKLB
RKLB260227C00093000,93.0,6.38,6.2,7.2,15.0,224.0,0.9606937524414061,False,CALL,2026-02-27,RKLB
RKLB260227C00094000,94.0,6.05,5.85,7.1,1.0,61.0,0.9714358325195311,False,CALL,2026-02-27,RKLB
RKLB260227C00095000,95.0,5.5,5.55,6.75,26.0,386.0,0.9707034179687499,False,CALL,2026-02-27,RKLB
RKLB260227C00096000,96.0,5.2,5.05,6.45,9.0,77.0,0.9604496142578124,False,CALL,2026-02-27,RKLB
RKLB260227C00097000,97.0,5.35,5.0,6.15,12.0,136.0,0.9726565234375,False,CALL,2026-02-27,RKLB
RKLB260227C00098000,98.0,6.0,4.75,5.55,1.0,14.0,0.9567875415039062,False,CALL,2026-02-27,RKLB
RKLB260227C00099000,99.0,5.28,4.55,5.6,4.0,40.0,0.9772951489257813,False,CALL,2026-02-27,RKLB
RKLB260227C00100000,100.0,4.79,4.4,5.25,162.0,868.0,0.9777834252929689,False,CALL,2026-02-27,RKLB
RKLB260227C00101000,101.0,3.28,4.05,5.05,1.0,20.0,0.9743654907226562,False,CALL,2026-02-27,RKLB
RKLB260227C00102000,102.0,4.27,4.0,5.05,40.0,43.0,0.9978027563476561,False,CALL,2026-02-27,RKLB
RKLB260227C00105000,105.0,3.75,3.3,4.1,85.0,300.0,0.9763185961914063,False,CALL,2026-02-27,RKLB
RKLB260227C00110000,110.0,2.87,2.6,3.2,7.0,570.0,0.9860841235351563,False,CALL,2026-02-27,RKLB
RKLB260227P00065000,65.0,1.83,1.67,1.97,11.0,414.0,0.9936524072265626,False,PUT,2026-02-27,RKLB
RKLB260227P00070000,70.0,2.89,2.64,3.2,63.0,633.0,0.9790041162109376,False,PUT,2026-02-27,RKLB
RKLB260227P00071000,71.0,3.05,2.79,3.4,4.0,332.0,0.9633792724609375,False,PUT,2026-02-27,RKLB
RKLB260227P00072000,72.0,3.45,3.15,3.8,8.0,366.0,0.97460962890625,False,PUT,2026-02-27,RKLB
RKLB260227P00073000,73.0,3.62,3.45,3.9,2.0,35.0,0.9589847851562499,False,PUT,2026-02-27,RKLB
RKLB260227P00074000,74.0,4.1,3.6,4.6,7.0,90.0,0.9709475561523437,False,PUT,2026-02-27,RKLB
RKLB260227P00075000,75.0,4.44,4.05,4.65,65.0,528.0,0.9580082324218748,False,PUT,2026-02-27,RKLB
RKLB260227P00076000,76.0,5.12,4.35,5.8,15.0,30.0,1.0009815576171874,False,PUT,2026-02-27,RKLB
RKLB260227P00077000,77.0,5.2,4.8,5.45,15.0,49.0,0.9604496142578124,False,PUT,2026-02-27,RKLB
RKLB260227P00078000,78.0,5.61,5.1,5.95,33.0,186.0,0.9599613378906249,False,PUT,2026-02-27,RKLB
RKLB260227P00079000,79.0,5.95,5.55,6.35,37.0,111.0,0.9602054760742187,False,PUT,2026-02-27,RKLB
RKLB260227P00080000,80.0,6.57,5.95,7.0,61.0,303.0,0.9694827270507812,False,PUT,2026-02-27,RKLB
RKLB260227P00081000,81.0,6.9,6.45,7.5,42.0,50.0,0.9738772143554688,False,PUT,2026-02-27,RKLB
RKLB260227P00082000,82.0,7.25,6.65,7.95,16.0,51.0,0.9573978869628905,False,PUT,2026-02-27,RKLB
RKLB260227P00083000,83.0,7.8,7.25,8.35,25.0,86.0,0.9580082324218748,False,PUT,2026-02-27,RKLB
RKLB260227P00084000,84.0,8.23,7.8,8.6,23.0,88.0,0.946289599609375,False,PUT,2026-02-27,RKLB
RKLB260227P00085000,85.0,8.83,8.35,9.2,152.0,153.0,0.9511723632812499,False,PUT,2026-02-27,RKLB
RKLB260227P00086000,86.0,8.93,8.6,9.9,9.0,86.0,0.9440923559570311,False,PUT,2026-02-27,RKLB
RKLB260227P00087000,87.0,9.05,9.45,10.45,2.0,126.0,0.9580082324218748,True,PUT,2026-02-27,RKLB
RKLB260227P00088000,88.0,11.32,9.9,10.95,2.0,39.0,0.9475102905273438,True,PUT,2026-02-27,RKLB
RKLB260227P00089000,89.0,12.04,10.6,11.75,1.0,39.0,0.9632572033691407,True,PUT,2026-02-27,RKLB
RKLB260227P00090000,90.0,12.9,11.15,12.7,1.0,71.0,0.9772951489257813,True,PUT,2026-02-27,RKLB
RKLB260227P00091000,91.0,15.17,11.7,12.85,7.0,24.0,0.9492192578124999,True,PUT,2026-02-27,RKLB
RKLB260227P00092000,92.0,13.84,11.9,13.55,1.0,18.0,0.929688203125,True,PUT,2026-02-27,RKLB
RKLB260227P00093000,93.0,11.5,12.75,14.35,1.0,13.0,0.9467778759765625,True,PUT,2026-02-27,RKLB
RKLB260227P00094000,94.0,17.4,13.45,15.5,22.0,26.0,0.9731447998046875,True,PUT,2026-02-27,RKLB
RKLB260227P00095000,95.0,15.6,14.2,15.6,5.0,14.0,0.946289599609375,True,PUT,2026-02-27,RKLB
RKLB260227P00096000,96.0,13.05,15.05,16.3,2.0,8.0,0.9542240905761719,True,PUT,2026-02-27,RKLB
RKLB260227P00097000,97.0,15.29,15.45,17.15,12.0,15.0,0.9450689086914061,True,PUT,2026-02-27,RKLB
RKLB260227P00098000,98.0,17.8,16.2,18.85,3.0,30.0,0.9987793090820312,True,PUT,2026-02-27,RKLB
RKLB260227P00099000,99.0,13.07,16.45,19.05,,4.0,0.9436040795898437,True,PUT,2026-02-27,RKLB
RKLB260227P00100000,100.0,22.25,17.9,19.3,3.0,22.0,0.9548344360351562,True,PUT,2026-02-27,RKLB
RKLB260227P00105000,105.0,18.19,21.9,23.0,5.0,4.0,0.9479985668945312,True,PUT,2026-02-27,RKLB
RKLB260306C00065000,65.0,24.34,22.15,24.75,7.0,9.0,0.9958496508789063,True,CALL,2026-03-06,RKLB
RKLB260306C00072000,72.0,20.15,17.0,19.95,1.0,4.0,0.9965820654296875,True,CALL,2026-03-06,RKLB
RKLB260306C00073000,73.0,13.75,16.55,19.25,2.0,1.0,1.0051319274902344,True,CALL,2026-03-06,RKLB
RKLB260306C00075000,75.0,16.0,15.8,17.25,153.0,123.0,0.9907227490234375,True,CALL,2026-03-06,RKLB
RKLB260306C00078000,78.0,14.4,13.35,16.2,16.0,0.0,0.991211025390625,True,CALL,2026-03-06,RKLB
RKLB260306C00080000,80.0,13.12,12.75,14.15,1.0,12.0,0.9677737597656251,True,CALL,2026-03-06,RKLB
RKLB260306C00082000,82.0,12.57,11.3,13.2,67.0,11.0,0.9517827087402342,True,CALL,2026-03-06,RKLB
RKLB260306C00083000,83.0,11.87,11.85,12.55,439.0,5.0,0.9940186145019532,True,CALL,2026-03-06,RKLB
RKLB260306C00084000,84.0,11.6,11.3,12.2,5.0,50.0,0.9963379272460937,True,CALL,2026-03-06,RKLB
RKLB260306C00085000,85.0,10.25,10.5,11.6,8.0,31.0,0.9738772143554688,True,CALL,2026-03-06,RKLB
RKLB260306C00086000,86.0,11.1,9.8,11.4,1.0,58.0,0.9733889379882812,True,CALL,2026-03-06,RKLB
RKLB260306C00087000,87.0,12.75,8.95,10.8,2.0,63.0,0.9464116687011719,False,CALL,2026-03-06,RKLB
RKLB260306C00088000,88.0,10.2,9.1,10.15,7.0,77.0,0.961792374267578,False,CALL,2026-03-06,RKLB
RKLB260306C00089000,89.0,10.6,8.55,10.35,53.0,68.0,0.9826661889648438,False,CALL,2026-03-06,RKLB
RKLB260306C00090000,90.0,9.06,8.45,9.45,73.0,146.0,0.9724123852539062,False,CALL,2026-03-06,RKLB
RKLB260306C00091000,91.0,8.1,8.0,9.4,1.0,14.0,0.9838868798828125,False,CALL,2026-03-06,RKLB
RKLB260306C00092000,92.0,9.91,6.95,8.95,3.0,41.0,0.948242705078125,False,CALL,2026-03-06,RKLB
RKLB260306C00093000,93.0,9.75,6.9,8.9,3.0,5.0,0.975586181640625,False,CALL,2026-03-06,RKLB
RKLB260306C00094000,94.0,7.19,7.1,8.25,1.0,3.0,0.9858399853515626,False,CALL,2026-03-06,RKLB
RKLB260306C00095000,95.0,7.0,6.55,8.0,1.0,131.0,0.9787599780273439,False,CALL,2026-03-06,RKLB
RKLB260306C00096000,96.0,6.29,5.75,7.6,2.0,44.0,0.9519047778320311,False,CALL,2026-03-06,RKLB
RKLB260306C00100000,100.0,5.8,5.5,6.4,14.0,57.0,0.99023447265625,False,CALL,2026-03-06,RKLB
RKLB260306C00105000,105.0,4.7,4.35,5.1,5.0,17.0,0.9868165380859376,False,CALL,2026-03-06,RKLB
RKLB260306C00110000,110.0,3.8,3.0,4.35,1.0,43.0,0.9775392871093751,False,CALL,2026-03-06,RKLB
RKLB260306P00065000,65.0,2.48,2.12,2.57,9.0,58.0,0.9816896362304688,False,PUT,2026-03-06,RKLB
RKLB260306P00070000,70.0,3.57,3.35,4.0,40.0,203.0,0.9802248071289064,False,PUT,2026-03-06,RKLB
RKLB260306P00072000,72.0,3.92,3.8,4.85,83.0,61.0,0.9807130834960938,False,PUT,2026-03-06,RKLB
RKLB260306P00073000,73.0,4.55,4.25,4.95,1.0,48.0,0.9722903161621093,False,PUT,2026-03-06,RKLB
RKLB260306P00075000,75.0,5.19,4.9,5.65,28.0,77.0,0.9650882397460938,False,PUT,2026-03-06,RKLB
RKLB260306P00076000,76.0,5.66,5.3,6.15,21.0,15.0,0.9711916943359374,False,PUT,2026-03-06,RKLB
RKLB260306P00077000,77.0,6.04,5.4,6.6,32.0,44.0,0.9570316796874999,False,PUT,2026-03-06,RKLB
RKLB260306P00080000,80.0,7.45,6.75,8.65,6.0,97.0,0.9941406835937501,False,PUT,2026-03-06,RKLB
RKLB260306P00081000,81.0,7.75,7.3,8.35,7.0,49.0,0.9595951306152342,False,PUT,2026-03-06,RKLB
RKLB260306P00082000,82.0,8.35,7.9,8.95,4.0,65.0,0.9702151416015624,False,PUT,2026-03-06,RKLB
RKLB260306P00083000,83.0,7.92,8.25,10.35,62.0,60.0,1.005009857788086,False,PUT,2026-03-06,RKLB
RKLB260306P00084000,84.0,10.0,8.85,10.0,1.0,17.0,0.9672854833984376,False,PUT,2026-03-06,RKLB
RKLB260306P00085000,85.0,10.25,9.35,10.35,23.0,78.0,0.9566654724121093,False,PUT,2026-03-06,RKLB
RKLB260306P00087000,87.0,9.95,10.35,12.15,65.0,21.0,0.98242205078125,True,PUT,2026-03-06,RKLB
RKLB260306P00088000,88.0,10.52,10.7,12.4,48.0,17.0,0.9562992651367187,True,PUT,2026-03-06,RKLB
RKLB260306P00089000,89.0,11.0,11.45,12.8,12.0,14.0,0.9543461596679688,True,PUT,2026-03-06,RKLB
RKLB260306P00090000,90.0,11.57,12.15,14.45,2.0,16.0,1.0059864154052733,True,PUT,2026-03-06,RKLB
RKLB260306P00091000,91.0,11.25,12.5,15.1,8.0,3.0,0.9945068908691408,True,PUT,2026-03-06,RKLB
RKLB260306P00092000,92.0,11.07,13.2,15.45,6.0,1.0,0.9841310180664062,True,PUT,2026-03-06,RKLB
RKLB260320C00065000,65.0,24.45,24.3,25.5,14.0,890.0,1.0300341467285157,True,CALL,2026-03-20,RKLB
RKLB260320C00070000,70.0,21.5,20.55,21.55,10.0,1531.0,0.9785158398437501,True,CALL,2026-03-20,RKLB
RKLB260320C00075000,75.0,17.94,17.4,18.35,19.0,1740.0,0.9680178979492188,True,CALL,2026-03-20,RKLB
RKLB260320C00080000,80.0,15.75,14.9,15.7,241.0,1731.0,0.979614461669922,True,CALL,2026-03-20,RKLB
RKLB260320C00085000,85.0,12.66,12.65,13.05,432.0,1901.0,0.9726565234375,True,CALL,2026-03-20,RKLB
RKLB260320C00090000,90.0,10.81,10.5,11.05,309.0,1766.0,0.9707034179687499,False,CALL,2026-03-20,RKLB
RKLB260320C00095000,95.0,8.85,8.7,9.25,237.0,1444.0,0.9674075524902344,False,CALL,2026-03-20,RKLB
RKLB260320C00100000,100.0,7.35,7.35,7.95,864.0,3694.0,0.9810792907714845,False,CALL,2026-03-20,RKLB
RKLB260320C00105000,105.0,6.45,6.0,6.5,120.0,677.0,0.9704592797851561,False,CALL,2026-03-20,RKLB
RKLB260320C00110000,110.0,5.25,5.05,5.5,509.0,2053.0,0.9785158398437501,False,CALL,2026-03-20,RKLB
RKLB260320P00065000,65.0,3.26,3.2,3.5,598.0,1253.0,0.9655765161132812,False,PUT,2026-03-20,RKLB
RKLB260320P00070000,70.0,4.8,4.6,4.85,635.0,5337.0,0.9465337377929688,False,PUT,2026-03-20,RKLB
RKLB260320P00075000,75.0,7.0,6.45,6.85,95.0,828.0,0.9489751196289062,False,PUT,2026-03-20,RKLB
RKLB260320P00080000,80.0,8.8,8.6,9.05,747.0,5352.0,0.9411626977539063,False,PUT,2026-03-20,RKLB
RKLB260320P00085000,85.0,11.3,11.05,11.7,16.0,650.0,0.9361578649902342,False,PUT,2026-03-20,RKLB
RKLB260320P00090000,90.0,15.44,14.0,14.7,17.0,648.0,0.9387213159179688,True,PUT,2026-03-20,RKLB
RKLB260320P00095000,95.0,16.6,17.2,17.9,3.0,204.0,0.9353033813476561,True,PUT,2026-03-20,RKLB
RKLB260320P00100000,100.0,21.83,20.5,21.4,7.0,138.0,0.9261481994628906,True,PUT,2026-03-20,RKLB
RKLB260320P00105000,105.0,27.49,24.3,25.1,9.0,71.0,0.9255378540039063,True,PUT,2026-03-20,RKLB
RKLB260320P00110000,110.0,25.75,28.2,29.05,20.0,42.0,0.9221199194335938,True,PUT,2026-03-20,RKLB
RKLB260417C00065000,65.0,25.8,25.15,27.6,4.0,2235.0,0.9639896179199219,True,CALL,2026-04-17,RKLB
RKLB260417C00070000,70.0,23.25,23.25,23.7,383.0,5607.0,0.981445498046875,True,CALL,2026-04-17,RKLB
RKLB260417C00075000,75.0,20.3,19.8,20.9,23.0,1937.0,0.9573978869628905,True,CALL,2026-04-17,RKLB
RKLB260417C00080000,80.0,18.0,17.3,18.45,29.0,3771.0,0.9605716833496092,True,CALL,2026-04-17,RKLB
RKLB260417C00085000,85.0,15.67,15.55,16.25,51.0,1595.0,0.9779054943847658,True,CALL,2026-04-17,RKLB
RKLB260417C00090000,90.0,13.73,13.1,14.2,94.0,5004.0,0.9606937524414061,False,CALL,2026-04-17,RKLB
RKLB260417C00095000,95.0,12.04,11.35,12.6,69.0,1134.0,0.9654544470214843,False,CALL,2026-04-17,RKLB
RKLB260417C00100000,100.0,10.34,10.15,10.7,369.0,10555.0,0.9645999633789062,False,CALL,2026-04-17,RKLB
RKLB260417C00105000,105.0,9.23,8.7,9.35,56.0,1805.0,0.9611820288085937,False,CALL,2026-04-17,RKLB
RKLB260417C00110000,110.0,8.1,7.5,8.15,78.0,4226.0,0.9595951306152342,False,CALL,2026-04-17,RKLB
RKLB260417P00065000,65.0,5.19,4.75,5.8,27.0,1319.0,0.9565434033203124,False,PUT,2026-04-17,RKLB
RKLB260417P00070000,70.0,6.78,6.55,7.25,9.0,1265.0,0.9372564868164062,False,PUT,2026-04-17,RKLB
RKLB260417P00075000,75.0,9.05,8.55,9.0,22.0,1029.0,0.9169930175781251,False,PUT,2026-04-17,RKLB
RKLB260417P00080000,80.0,11.35,10.9,11.35,41.0,832.0,0.911133701171875,False,PUT,2026-04-17,RKLB
RKLB260417P00085000,85.0,14.0,13.6,14.1,19.0,860.0,0.911133701171875,False,PUT,2026-04-17,RKLB
RKLB260417P00090000,90.0,16.9,16.6,17.0,19.0,417.0,0.9082040429687499,True,PUT,2026-04-17,RKLB
RKLB260417P00095000,95.0,20.1,19.75,20.25,9.0,142.0,0.905396453857422,True,PUT,2026-04-17,RKLB
RKLB260417P00100000,100.0,23.65,23.15,24.3,4.0,411.0,0.9215095739746093,True,PUT,2026-04-17,RKLB
RKLB260417P00105000,105.0,27.29,26.45,27.95,5.0,35.0,0.9091805957031249,True,PUT,2026-04-17,RKLB
RKLB260417P00110000,110.0,24.76,30.3,32.5,93.0,159.0,0.9326178613281251,True,PUT,2026-04-17,RKLB
RKLB260717C00065000,65.0,32.0,31.15,32.7,106.0,1164.0,0.9802248071289064,True,CALL,2026-07-17,RKLB
RKLB260717C00070000,70.0,29.5,28.55,30.05,16.0,515.0,0.976684803466797,True,CALL,2026-07-17,RKLB
RKLB260717C00075000,75.0,27.05,26.2,27.25,2.0,612.0,0.9654544470214843,True,CALL,2026-07-17,RKLB
RKLB260717C00080000,80.0,24.65,24.2,25.25,90.0,1344.0,0.9730227307128907,True,CALL,2026-07-17,RKLB
RKLB260717C00085000,85.0,22.78,22.0,23.1,65.0,644.0,0.9637454797363281,True,CALL,2026-07-17,RKLB
RKLB260717C00090000,90.0,20.84,20.15,21.2,43.0,3255.0,0.9606937524414061,False,CALL,2026-07-17,RKLB
RKLB260717C00095000,95.0,19.3,19.0,19.45,52.0,657.0,0.9694827270507812,False,CALL,2026-07-17,RKLB
RKLB260717C00100000,100.0,17.5,17.45,18.05,38.0,1554.0,0.9709475561523437,False,CALL,2026-07-17,RKLB
RKLB260717C00105000,105.0,16.2,15.85,17.05,13.0,603.0,0.9742434216308593,False,CALL,2026-07-17,RKLB
RKLB260717C00110000,110.0,14.95,14.8,15.2,235.0,774.0,0.9661868615722657,False,CALL,2026-07-17,RKLB
RKLB260717P00065000,65.0,9.7,9.6,9.85,47.0,4704.0,0.913086806640625,False,PUT,2026-07-17,RKLB
RKLB260717P00070000,70.0,12.1,11.95,12.25,26.0,1295.0,0.9146737048339844,False,PUT,2026-07-17,RKLB
RKLB260717P00075000,75.0,14.7,14.4,14.75,6.0,423.0,0.9096688720703124,False,PUT,2026-07-17,RKLB
RKLB260717P00080000,80.0,18.0,17.15,17.4,10.0,314.0,0.9058847302246094,False,PUT,2026-07-17,RKLB
RKLB260717P00085000,85.0,20.79,19.85,20.4,15.0,499.0,0.9001474829101561,False,PUT,2026-07-17,RKLB
RKLB260717P00090000,90.0,23.14,23.05,23.75,2.0,668.0,0.905396453857422,True,PUT,2026-07-17,RKLB
RKLB260717P00095000,95.0,26.5,26.25,27.05,12.0,336.0,0.9022226574707031,True,PUT,2026-07-17,RKLB
RKLB260717P00100000,100.0,29.05,29.4,30.85,23.0,250.0,0.9021005883789062,True,PUT,2026-07-17,RKLB
RKLB260717P00105000,105.0,32.55,33.2,33.9,5.0,76.0,0.8939829937744139,True,PUT,2026-07-17,RKLB
RKLB260717P00110000,110.0,36.13,36.9,37.6,7.0,38.0,0.8921519573974608,True,PUT,2026-07-17,RKLB
RKLB261218C00065000,65.0,36.35,36.95,38.65,5.0,1110.0,0.951050294189453,True,CALL,2026-12-18,RKLB
RKLB261218C00070000,70.0,35.8,34.65,36.8,3.0,701.0,0.9539189178466796,True,CALL,2026-12-18,RKLB
RKLB261218C00075000,75.0,33.97,33.15,34.8,11.0,559.0,0.9628299615478515,True,CALL,2026-12-18,RKLB
RKLB261218C00080000,80.0,32.35,31.35,32.85,4.0,2548.0,0.9614872015380858,True,CALL,2026-12-18,RKLB
RKLB261218C00085000,85.0,30.26,29.25,31.2,18.0,444.0,0.9558109887695312,True,CALL,2026-12-18,RKLB
RKLB261218C00090000,90.0,29.25,27.8,29.65,22.0,1126.0,0.9591068542480468,False,CALL,2026-12-18,RKLB
RKLB261218C00095000,95.0,27.0,25.75,28.95,5.0,627.0,0.962768927001953,False,CALL,2026-12-18,RKLB
RKLB261218C00100000,100.0,25.42,24.9,26.25,1035.0,3266.0,0.9501958105468749,False,CALL,2026-12-18,RKLB
RKLB261218C00105000,105.0,24.47,23.6,25.1,21.0,587.0,0.9526371923828124,False,CALL,2026-12-18,RKLB
RKLB261218C00110000,110.0,23.15,22.4,23.65,27.0,1578.0,0.9491582232666016,False,CALL,2026-12-18,RKLB
RKLB261218P00065000,65.0,15.05,14.4,16.45,1.0,323.0,0.8952647192382811,False,PUT,2026-12-18,RKLB
RKLB261218P00070000,70.0,18.33,17.2,19.0,2.0,223.0,0.8917857501220703,False,PUT,2026-12-18,RKLB
RKLB261218P00075000,75.0,21.0,20.0,21.75,128.0,199.0,0.886170571899414,False,PUT,2026-12-18,RKLB
RKLB261218P00080000,80.0,23.5,22.65,24.15,26.0,660.0,0.8668836553955077,False,PUT,2026-12-18,RKLB
RKLB261218P00085000,85.0,27.6,25.55,27.8,2.0,54.0,0.8695691754150392,False,PUT,2026-12-18,RKLB
RKLB261218P00090000,90.0,30.95,29.5,31.35,1.0,144.0,0.8833629827880858,True,PUT,2026-12-18,RKLB
RKLB261218P00095000,95.0,30.55,32.95,33.75,3.0,33.0,0.8659681372070311,True,PUT,2026-12-18,RKLB
RKLB261218P00100000,100.0,35.87,36.05,38.85,15.0,145.0,0.8830578100585937,True,PUT,2026-12-18,RKLB
RKLB261218P00105000,105.0,40.45,39.5,42.4,4.0,45.0,0.8776257354736328,True,PUT,2026-12-18,RKLB
RKLB261218P00110000,110.0,45.1,43.1,45.9,1.0,120.0,0.8710340045166016,True,PUT,2026-12-18,RKLB
RKLB270115C00065000,65.0,38.6,37.35,40.35,16.0,3072.0,0.9541630560302734,True,CALL,2027-01-15,RKLB
RKLB270115C00070000,70.0,36.42,35.75,37.5,10.0,2988.0,0.9489140850830078,True,CALL,2027-01-15,RKLB
RKLB270115C00075000,75.0,35.41,34.5,35.55,5.0,930.0,0.9613040979003906,True,CALL,2027-01-15,RKLB
RKLB270115C00080000,80.0,33.56,31.9,34.1,50.0,7328.0,0.9533085723876953,True,CALL,2027-01-15,RKLB
RKLB270115C00085000,85.0,31.7,30.95,32.25,16.0,598.0,0.9626468579101561,True,CALL,2027-01-15,RKLB
RKLB270115C00090000,90.0,29.53,28.95,31.55,172.0,1965.0,0.9694827270507812,False,CALL,2027-01-15,RKLB
RKLB270115C00095000,95.0,27.24,26.4,30.3,6.0,670.0,0.9552616778564453,False,CALL,2027-01-15,RKLB
RKLB270115C00100000,100.0,26.71,25.9,28.0,102.0,6489.0,0.9542240905761719,False,CALL,2027-01-15,RKLB
RKLB270115C00105000,105.0,25.94,23.95,26.15,6.0,213.0,0.9353033813476561,False,CALL,2027-01-15,RKLB
RKLB270115C00110000,110.0,23.25,23.5,24.8,5.0,3683.0,0.9445806323242187,False,CALL,2027-01-15,RKLB
RKLB270115P00065000,65.0,15.2,15.4,16.95,5.0,252.0,0.888550919189453,False,PUT,2027-01-15,RKLB
RKLB270115P00070000,70.0,18.35,17.6,19.05,8.0,377.0,0.8638929626464844,False,PUT,2027-01-15,RKLB
RKLB270115P00075000,75.0,21.3,20.2,22.65,2.0,645.0,0.8695691754150392,False,PUT,2027-01-15,RKLB
RKLB270115P00080000,80.0,24.35,23.15,25.55,1.0,2643.0,0.863709859008789,False,PUT,2027-01-15,RKLB
RKLB270115P00085000,85.0,27.73,26.25,28.75,3.0,168.0,0.8611464080810547,False,PUT,2027-01-15,RKLB
RKLB270115P00090000,90.0,31.21,29.65,32.1,6.0,228.0,0.8617567535400392,True,PUT,2027-01-15,RKLB
RKLB270115P00095000,95.0,33.43,33.05,35.65,1.0,118.0,0.8618788226318359,True,PUT,2027-01-15,RKLB
RKLB270115P00100000,100.0,38.5,36.75,39.55,9.0,621.0,0.8685926226806642,True,PUT,2027-01-15,RKLB
RKLB270115P00105000,105.0,41.1,40.25,43.1,2.0,179.0,0.8638929626464844,True,PUT,2027-01-15,RKLB
RKLB270115P00110000,110.0,44.8,43.35,45.8,25.0,256.0,0.8378922460937499,True,PUT,2027-01-15,RKLB
RKLB280121C00065000,65.0,46.49,46.5,49.85,6.0,1225.0,0.9347540704345703,True,CALL,2028-01-21,RKLB
RKLB280121C00070000,70.0,45.5,44.5,47.55,6.0,1247.0,0.9186409503173829,True,CALL,2028-01-21,RKLB
RKLB280121C00075000,75.0,44.99,43.95,45.3,4.0,3459.0,0.92187578125,True,CALL,2028-01-21,RKLB
RKLB280121C00080000,80.0,43.19,41.55,44.8,35.0,729.0,0.9212044012451173,True,CALL,2028-01-21,RKLB
RKLB280121C00085000,85.0,42.2,40.5,42.4,13.0,393.0,0.9114999084472657,True,CALL,2028-01-21,RKLB
RKLB280121C00090000,90.0,40.36,39.7,41.3,11.0,760.0,0.9197395721435546,False,CALL,2028-01-21,RKLB
RKLB280121C00095000,95.0,38.0,38.55,40.05,5.0,344.0,0.9198616412353515,False,CALL,2028-01-21,RKLB
RKLB280121C00100000,100.0,38.03,37.15,38.7,1518.0,4033.0,0.9143074975585939,False,CALL,2028-01-21,RKLB
RKLB280121C00105000,105.0,35.9,36.55,37.6,2.0,243.0,0.91992267578125,False,CALL,2028-01-21,RKLB
RKLB280121C00110000,110.0,35.55,34.85,36.25,1518.0,12133.0,0.9085702502441406,False,CALL,2028-01-21,RKLB
RKLB280121P00065000,65.0,22.32,21.0,24.5,1.0,379.0,0.8049946258544922,False,PUT,2028-01-21,RKLB
RKLB280121P00070000,70.0,24.92,25.05,27.5,9.0,121.0,0.8142718768310546,False,PUT,2028-01-21,RKLB
RKLB280121P00075000,75.0,28.39,27.0,30.0,3.0,155.0,0.7856466748046875,False,PUT,2028-01-21,RKLB
RKLB280121P00080000,80.0,33.05,31.2,33.0,26.0,265.0,0.7910787493896485,False,PUT,2028-01-21,RKLB
RKLB280121P00085000,85.0,35.48,34.75,35.95,1.0,66.0,0.7852804675292968,False,PUT,2028-01-21,RKLB
RKLB280121P00090000,90.0,36.2,37.35,40.15,3.0,225.0,0.7811911529541016,True,PUT,2028-01-21,RKLB
RKLB280121P00095000,95.0,39.06,40.85,44.5,2.0,57.0,0.7874166766357422,True,PUT,2028-01-21,RKLB
RKLB280121P00100000,100.0,46.47,44.4,46.55,2.0,84.0,0.7663292410278321,True,PUT,2028-01-21,RKLB
RKLB280121P00105000,105.0,48.25,47.75,51.2,19.0,36.0,0.7709373492431641,True,PUT,2028-01-21,RKLB
RKLB280121P00110000,110.0,48.9,52.0,54.35,1.0,852.0,0.7673973455810548,True,PUT,2028-01-21,RKLB
RKT260130C00016000,16.0,4.6,4.05,5.2,1.0,75.0,2.2031294921874993,True,CALL,2026-01-30,RKT
RKT260130C00016500,16.5,4.21,3.5,4.15,1.0,2.0,2.1093797265624996,True,CALL,2026-01-30,RKT
RKT260130C00017000,17.0,3.57,3.05,3.65,1.0,34.0,1.8828130859374999,True,CALL,2026-01-30,RKT
RKT260130C00018000,18.0,2.59,2.17,2.67,5.0,268.0,1.5078149609375,True,CALL,2026-01-30,RKT
RKT260130C00018500,18.5,2.15,1.58,2.42,1.0,80.0,1.9296878515625,True,CALL,2026-01-30,RKT
RKT260130C00019000,19.0,1.8,1.28,1.68,41.0,151.0,1.0742233789062503,True,CALL,2026-01-30,RKT
RKT260130C00019500,19.5,0.9,0.92,1.11,53.0,231.0,0.64062859375,True,CALL,2026-01-30,RKT
RKT260130C00020000,20.0,0.65,0.53,0.68,136.0,439.0,0.570316796875,True,CALL,2026-01-30,RKT
RKT260130C00020500,20.5,0.31,0.29,0.35,152.0,182.0,0.5390671093750001,True,CALL,2026-01-30,RKT
RKT260130C00021000,21.0,0.11,0.07,0.15,407.0,1634.0,0.5351608984375,False,CALL,2026-01-30,RKT
RKT260130C00021500,21.5,0.04,0.04,0.06,1662.0,4625.0,0.5312546875,False,CALL,2026-01-30,RKT
RKT260130C00022000,22.0,0.04,0.03,0.05,470.0,7826.0,0.6718782812500002,False,CALL,2026-01-30,RKT
RKT260130C00022500,22.5,0.02,0.01,0.04,158.0,3735.0,0.7500025,False,CALL,2026-01-30,RKT
RKT260130C00023000,23.0,0.03,0.01,0.03,70.0,3051.0,0.8437515624999999,False,CALL,2026-01-30,RKT
RKT260130C00023500,23.5,0.02,0.0,0.04,36.0,1125.0,0.98437515625,False,CALL,2026-01-30,RKT
RKT260130C00024000,24.0,0.01,0.0,0.01,22.0,1725.0,0.9062509375,False,CALL,2026-01-30,RKT
RKT260130C00024500,24.5,0.02,0.0,0.09,27.0,551.0,1.4140654296875002,False,CALL,2026-01-30,RKT
RKT260130C00025000,25.0,0.01,0.0,0.01,3.0,847.0,1.125004375,False,CALL,2026-01-30,RKT
RKT260130C00026000,26.0,0.02,0.0,0.03,12.0,352.0,1.5000025,False,CALL,2026-01-30,RKT
RKT260130C00026500,26.5,0.19,0.0,0.02,34.0,55.0,1.5000025,False,CALL,2026-01-30,RKT
RKT260130P00014500,14.5,0.03,0.0,0.01,,9.0,1.875000625,False,PUT,2026-01-30,RKT
RKT260130P00015000,15.0,0.03,0.0,0.01,18.0,104.0,1.75000125,False,PUT,2026-01-30,RKT
RKT260130P00015500,15.5,0.05,0.0,0.02,1.0,1.0,1.6875015625,False,PUT,2026-01-30,RKT
RKT260130P00016000,16.0,0.01,0.0,0.02,1.0,21.0,1.5312523437499999,False,PUT,2026-01-30,RKT
RKT260130P00016500,16.5,0.04,0.0,0.02,1.0,112.0,1.3750031249999999,False,PUT,2026-01-30,RKT
RKT260130P00017000,17.0,0.01,0.0,0.02,3.0,17.0,1.1875040625,False,PUT,2026-01-30,RKT
RKT260130P00017500,17.5,0.03,0.0,0.02,80.0,128.0,1.0312548437500002,False,PUT,2026-01-30,RKT
RKT260130P00018000,18.0,0.01,0.0,0.02,25.0,184.0,0.87500125,False,PUT,2026-01-30,RKT
RKT260130P00018500,18.5,0.02,0.0,0.04,1.0,26.0,0.8125018749999999,False,PUT,2026-01-30,RKT
RKT260130P00019000,19.0,0.03,0.0,0.03,20.0,230.0,0.6093789062500001,False,PUT,2026-01-30,RKT
RKT260130P00019500,19.5,0.04,0.02,0.07,115.0,6117.0,0.5742230078125,False,PUT,2026-01-30,RKT
RKT260130P00020000,20.0,0.15,0.1,0.19,237.0,1297.0,0.5898478515625001,False,PUT,2026-01-30,RKT
RKT260130P00020500,20.5,0.34,0.24,0.36,399.0,1055.0,0.5312546875,False,PUT,2026-01-30,RKT
RKT260130P00021000,21.0,0.73,0.55,0.79,90.0,1805.0,0.6562534375000001,True,PUT,2026-01-30,RKT
RKT260130P00021500,21.5,1.17,0.98,1.24,147.0,920.0,0.7929708203125,True,PUT,2026-01-30,RKT
RKT260130P00022000,22.0,1.67,1.47,1.76,208.0,2648.0,1.0234423828125,True,PUT,2026-01-30,RKT
RKT260130P00022500,22.5,2.06,1.93,2.23,15.0,732.0,1.125004375,True,PUT,2026-01-30,RKT
RKT260130P00023000,23.0,2.54,2.35,2.72,15.0,349.0,1.1484417578125,True,PUT,2026-01-30,RKT
RKT260130P00023500,23.5,2.83,2.84,3.4,10.0,825.0,1.5937520312499998,True,PUT,2026-01-30,RKT
RKT260130P00024000,24.0,3.35,2.75,3.95,1.0,22.0,2.5781285546875,True,PUT,2026-01-30,RKT
RKT260130P00024500,24.5,2.43,3.3,4.5,1.0,1.0,2.8750028125,True,PUT,2026-01-30,RKT
RKT260130P00025000,25.0,2.23,3.85,5.2,20.0,0.0,1.6875015625,True,PUT,2026-01-30,RKT
RKT260130P00026000,26.0,2.85,4.75,7.5,,0.0,3.67968830078125,True,PUT,2026-01-30,RKT
RKT260130P00026500,26.5,3.25,5.15,8.0,,0.0,3.7343756640625,True,PUT,2026-01-30,RKT
RKT260206C00016000,16.0,7.1,4.05,5.2,,1.0,1.0390673046875003,True,CALL,2026-02-06,RKT
RKT260206C00017000,17.0,4.03,3.05,4.2,1.0,1.0,0.8320329296874999,True,CALL,2026-02-06,RKT
RKT260206C00018000,18.0,4.49,2.32,2.76,1.0,4.0,0.8476577734374999,True,CALL,2026-02-06,RKT
RKT260206C00018500,18.5,2.21,1.85,2.27,2.0,33.0,0.7382838671874999,True,CALL,2026-02-06,RKT
RKT260206C00019000,19.0,2.18,1.46,1.89,1.0,3.0,0.500005,True,CALL,2026-02-06,RKT
RKT260206C00019500,19.5,1.4,1.13,1.34,50.0,27.0,0.5546919531250001,True,CALL,2026-02-06,RKT
RKT260206C00020000,20.0,0.91,0.87,0.99,157.0,135.0,0.5380905566406251,True,CALL,2026-02-06,RKT
RKT260206C00020500,20.5,0.67,0.61,0.71,184.0,50.0,0.5351608984375,True,CALL,2026-02-06,RKT
RKT260206C00021000,21.0,0.44,0.42,0.51,2227.0,2137.0,0.5136767382812499,False,CALL,2026-02-06,RKT
RKT260206C00021500,21.5,0.29,0.26,0.36,159.0,613.0,0.5195360546875,False,CALL,2026-02-06,RKT
RKT260206C00022000,22.0,0.2,0.18,0.21,114.0,629.0,0.5195360546875,False,CALL,2026-02-06,RKT
RKT260206C00022500,22.5,0.14,0.1,0.16,99.0,768.0,0.5371140039062501,False,CALL,2026-02-06,RKT
RKT260206C00023000,23.0,0.11,0.07,0.1,27.0,5130.0,0.5507857421875001,False,CALL,2026-02-06,RKT
RKT260206C00023500,23.5,0.05,0.04,0.1,40.0,472.0,0.5976602734375001,False,CALL,2026-02-06,RKT
RKT260206C00024000,24.0,0.06,0.02,0.1,77.0,650.0,0.6445348046875,False,CALL,2026-02-06,RKT
RKT260206C00024500,24.5,0.06,0.0,0.15,16.0,4234.0,0.7421900781249999,False,CALL,2026-02-06,RKT
RKT260206C00025000,25.0,0.13,0.0,0.2,2.0,2016.0,0.85937640625,False,CALL,2026-02-06,RKT
RKT260206C00026000,26.0,0.05,0.0,0.75,6.0,53.0,1.41015919921875,False,CALL,2026-02-06,RKT
RKT260206C00026500,26.5,0.35,0.0,0.75,7.0,58.0,1.48047134765625,False,CALL,2026-02-06,RKT
RKT260206P00016000,16.0,0.01,0.0,0.36,10.0,74.0,1.2695349023437497,False,PUT,2026-02-06,RKT
RKT260206P00016500,16.5,0.02,0.0,0.58,10.0,27.0,1.3300814746093748,False,PUT,2026-02-06,RKT
RKT260206P00017000,17.0,0.08,0.0,0.76,,7.0,1.3222690136718749,False,PUT,2026-02-06,RKT
RKT260206P00017500,17.5,0.03,0.0,0.08,24.0,23.0,0.6250037500000001,False,PUT,2026-02-06,RKT
RKT260206P00018000,18.0,0.05,0.04,0.07,1.0,108.0,0.5742230078125,False,PUT,2026-02-06,RKT
RKT260206P00018500,18.5,0.11,0.07,0.15,2.0,64.0,0.5800823242187501,False,PUT,2026-02-06,RKT
RKT260206P00019000,19.0,0.15,0.14,0.19,33.0,2456.0,0.5449264257812501,False,PUT,2026-02-06,RKT
RKT260206P00019500,19.5,0.27,0.24,0.28,16.0,185.0,0.5214891601562499,False,PUT,2026-02-06,RKT
RKT260206P00020000,20.0,0.46,0.41,0.46,39.0,321.0,0.5293015820312501,False,PUT,2026-02-06,RKT
RKT260206P00020500,20.5,0.66,0.62,0.68,61.0,202.0,0.523442265625,False,PUT,2026-02-06,RKT
RKT260206P00021000,21.0,0.91,0.92,1.1,287.0,1741.0,0.584965087890625,True,PUT,2026-02-06,RKT
RKT260206P00021500,21.5,1.33,1.22,1.46,17.0,464.0,0.585941640625,True,PUT,2026-02-06,RKT
RKT260206P00022000,22.0,1.72,1.53,2.03,10.0,126.0,0.649417568359375,True,PUT,2026-02-06,RKT
RKT260206P00022500,22.5,2.15,1.9,2.33,1.0,123.0,0.57617611328125,True,PUT,2026-02-06,RKT
RKT260206P00023000,23.0,2.64,2.0,2.79,31.0,419.0,0.8652357226562499,True,PUT,2026-02-06,RKT
RKT260206P00023500,23.5,2.92,2.73,3.5,20.0,134.0,0.7460962890625,True,PUT,2026-02-06,RKT
RKT260206P00024000,24.0,3.16,3.35,3.95,1.0,44.0,0.8730481445312499,True,PUT,2026-02-06,RKT
RKT260206P00024500,24.5,1.59,3.35,4.55,,20.0,1.404299853515625,True,PUT,2026-02-06,RKT
RKT260206P00025000,25.0,3.89,3.75,6.35,3.0,9.0,1.4921900390624998,True,PUT,2026-02-06,RKT
RKT260206P00026000,26.0,4.8,4.6,6.2,1.0,2.0,1.8085947070312498,True,PUT,2026-02-06,RKT
RKT260213C00014500,14.5,8.66,4.95,7.95,,1.0,1.5546897265624997,True,CALL,2026-02-13,RKT
RKT260213C00016000,16.0,4.99,4.05,5.25,1.0,7.0,0.8281267187499999,True,CALL,2026-02-13,RKT
RKT260213C00017000,17.0,6.6,2.61,3.75,1.0,11.0,0.804689453125,True,CALL,2026-02-13,RKT
RKT260213C00017500,17.5,5.61,2.6,3.8,1.0,1.0,0.6562534375000001,True,CALL,2026-02-13,RKT
RKT260213C00018000,18.0,2.75,2.2,3.25,1.0,43.0,0.5976602734375001,True,CALL,2026-02-13,RKT
RKT260213C00018500,18.5,4.6,1.95,2.7,1.0,2.0,0.6035195898437502,True,CALL,2026-02-13,RKT
RKT260213C00019000,19.0,1.88,1.58,1.99,1.0,2.0,0.63086306640625,True,CALL,2026-02-13,RKT
RKT260213C00019500,19.5,1.93,1.34,1.56,4.0,53.0,0.5664105859375,True,CALL,2026-02-13,RKT
RKT260213C00020000,20.0,1.2,1.06,1.35,13.0,40.0,0.5351608984375,True,CALL,2026-02-13,RKT
RKT260213C00020500,20.5,0.87,0.81,0.98,25.0,1068.0,0.508793974609375,True,CALL,2026-02-13,RKT
RKT260213C00021000,21.0,0.7,0.61,0.77,8.0,92.0,0.5185595019531251,False,CALL,2026-02-13,RKT
RKT260213C00021500,21.5,0.53,0.46,0.57,6.0,238.0,0.5214891601562499,False,CALL,2026-02-13,RKT
RKT260213C00022000,22.0,0.37,0.33,0.42,83.0,1059.0,0.5214891601562499,False,CALL,2026-02-13,RKT
RKT260213C00022500,22.5,0.28,0.22,0.32,41.0,234.0,0.524418818359375,False,CALL,2026-02-13,RKT
RKT260213C00023000,23.0,0.16,0.16,0.25,1.0,288.0,0.5390671093750001,False,CALL,2026-02-13,RKT
RKT260213C00023500,23.5,0.15,0.09,0.21,758.0,1942.0,0.5488326367187502,False,CALL,2026-02-13,RKT
RKT260213C00024000,24.0,0.19,0.07,0.32,1.0,200.0,0.6543003320312502,False,CALL,2026-02-13,RKT
RKT260213C00024500,24.5,0.15,0.01,0.64,1.0,46.0,0.8378922460937499,False,CALL,2026-02-13,RKT
RKT260213C00025000,25.0,0.15,0.0,0.25,5.0,548.0,0.6816438085937502,False,CALL,2026-02-13,RKT
RKT260213C00026000,26.0,0.02,0.0,0.75,3.0,116.0,1.056645341796875,False,CALL,2026-02-13,RKT
RKT260213C00026500,26.5,0.15,0.0,0.75,2.0,1.0,1.111332568359375,False,CALL,2026-02-13,RKT
RKT260213P00015000,15.0,0.04,0.0,0.04,5.0,20.0,0.73437765625,False,PUT,2026-02-13,RKT
RKT260213P00016000,16.0,0.15,0.0,0.75,,60.0,1.193363408203125,False,PUT,2026-02-13,RKT
RKT260213P00017000,17.0,0.09,0.0,0.1,3.0,2.0,0.5625043750000001,False,PUT,2026-02-13,RKT
RKT260213P00017500,17.5,0.15,0.07,0.15,2.0,161.0,0.5937540625000001,False,PUT,2026-02-13,RKT
RKT260213P00018000,18.0,0.16,0.11,0.21,2.0,410.0,0.57617611328125,False,PUT,2026-02-13,RKT
RKT260213P00018500,18.5,0.16,0.18,0.29,24.0,1643.0,0.5625043750000001,False,PUT,2026-02-13,RKT
RKT260213P00019000,19.0,0.3,0.28,0.4,12.0,205.0,0.55273884765625,False,PUT,2026-02-13,RKT
RKT260213P00019500,19.5,0.37,0.42,0.53,11.0,42.0,0.5400436621093752,False,PUT,2026-02-13,RKT
RKT260213P00020000,20.0,0.67,0.59,0.76,3.0,156.0,0.5449264257812501,False,PUT,2026-02-13,RKT
RKT260213P00020500,20.5,0.82,0.82,1.03,5.0,22.0,0.55273884765625,False,PUT,2026-02-13,RKT
RKT260213P00021000,21.0,1.05,1.13,1.28,1.0,118.0,0.5537154003906251,True,PUT,2026-02-13,RKT
RKT260213P00021500,21.5,1.19,1.43,1.67,36.0,95.0,0.570316796875,True,PUT,2026-02-13,RKT
RKT260213P00022000,22.0,1.74,1.79,2.0,1.0,28.0,0.5664105859375,True,PUT,2026-02-13,RKT
RKT260213P00022500,22.5,2.0,1.85,2.6,8.0,33.0,0.524418818359375,True,PUT,2026-02-13,RKT
RKT260213P00023000,23.0,2.69,2.55,2.87,2.0,28.0,0.5839885351562499,True,PUT,2026-02-13,RKT
RKT260213P00023500,23.5,1.15,2.5,3.65,26.0,121.0,0.5136767382812499,True,PUT,2026-02-13,RKT
RKT260213P00024000,24.0,1.6,2.75,4.5,,20.0,0.6289099609375001,True,PUT,2026-02-13,RKT
RKT260213P00024500,24.5,3.7,3.2,4.95,,35.0,0.6250037500000001,True,PUT,2026-02-13,RKT
RKT260213P00025000,25.0,3.15,3.7,5.3,1.0,10.0,0.5468795312500001,True,PUT,2026-02-13,RKT
RKT260220C00015000,15.0,7.81,5.2,6.15,,1.0,0.8730481445312499,True,CALL,2026-02-20,RKT
RKT260220C00016000,16.0,3.8,4.25,4.75,10.0,10.0,0.82226740234375,True,CALL,2026-02-20,RKT
RKT260220C00017000,17.0,3.3,3.3,4.25,1.0,48.0,0.6953155468750001,True,CALL,2026-02-20,RKT
RKT260220C00018000,18.0,3.25,2.42,3.25,6.0,592.0,0.5898478515625001,True,CALL,2026-02-20,RKT
RKT260220C00018500,18.5,3.0,2.04,2.49,7.0,3.0,0.6152382226562501,True,CALL,2026-02-20,RKT
RKT260220C00019000,19.0,1.85,1.8,2.04,49.0,148.0,0.5556685058593751,True,CALL,2026-02-20,RKT
RKT260220C00019500,19.5,2.0,1.48,1.74,2.0,7.0,0.500005,True,CALL,2026-02-20,RKT
RKT260220C00020000,20.0,1.33,1.31,1.35,164.0,2436.0,0.5097705273437501,True,CALL,2026-02-20,RKT
RKT260220C00020500,20.5,1.06,1.04,1.1,14.0,62.0,0.5097705273437501,True,CALL,2026-02-20,RKT
RKT260220C00021000,21.0,0.81,0.85,0.89,221.0,9466.0,0.5205126074218749,False,CALL,2026-02-20,RKT
RKT260220C00021500,21.5,0.63,0.63,0.69,36.0,472.0,0.508793974609375,False,CALL,2026-02-20,RKT
RKT260220C00022000,22.0,0.5,0.5,0.54,676.0,7980.0,0.51562984375,False,CALL,2026-02-20,RKT
RKT260220C00022500,22.5,0.36,0.35,0.43,110.0,882.0,0.5117236328125,False,CALL,2026-02-20,RKT
RKT260220C00023000,23.0,0.29,0.26,0.34,483.0,20461.0,0.51758294921875,False,CALL,2026-02-20,RKT
RKT260220C00023500,23.5,0.22,0.2,0.26,12.0,10199.0,0.523442265625,False,CALL,2026-02-20,RKT
RKT260220C00024000,24.0,0.17,0.14,0.2,75.0,9616.0,0.523442265625,False,CALL,2026-02-20,RKT
RKT260220C00024500,24.5,0.28,0.02,0.43,57.0,182.0,0.6201209863281252,False,CALL,2026-02-20,RKT
RKT260220C00025000,25.0,0.11,0.1,0.12,695.0,21836.0,0.5507857421875001,False,CALL,2026-02-20,RKT
RKT260220C00025500,25.5,0.15,0.0,0.34,1.0,53.0,0.6601596484375001,False,CALL,2026-02-20,RKT
RKT260220C00026000,26.0,0.08,0.06,0.1,9.0,12995.0,0.58789474609375,False,CALL,2026-02-20,RKT
RKT260220P00015000,15.0,0.02,0.0,0.05,15.0,45.0,0.632816171875,False,PUT,2026-02-20,RKT
RKT260220P00016000,16.0,0.09,0.0,0.06,2.0,373.0,0.5390671093750001,False,PUT,2026-02-20,RKT
RKT260220P00017000,17.0,0.09,0.07,0.11,2.0,547.0,0.5351608984375,False,PUT,2026-02-20,RKT
RKT260220P00018000,18.0,0.21,0.18,0.24,32.0,833.0,0.52539537109375,False,PUT,2026-02-20,RKT
RKT260220P00018500,18.5,0.31,0.27,0.32,1.0,3.0,0.5136767382812499,False,PUT,2026-02-20,RKT
RKT260220P00019000,19.0,0.43,0.39,0.44,21.0,3443.0,0.507817421875,False,PUT,2026-02-20,RKT
RKT260220P00019500,19.5,0.58,0.54,0.59,82.0,208.0,0.500005,False,PUT,2026-02-20,RKT
RKT260220P00020000,20.0,0.76,0.73,0.78,66.0,2159.0,0.507817421875,False,PUT,2026-02-20,RKT
RKT260220P00020500,20.5,1.09,0.96,0.99,63.0,631.0,0.4931691308593751,False,PUT,2026-02-20,RKT
RKT260220P00021000,21.0,1.35,1.24,1.31,89.0,2158.0,0.5136767382812499,True,PUT,2026-02-20,RKT
RKT260220P00021500,21.5,1.61,1.56,1.63,5.0,358.0,0.516606396484375,True,PUT,2026-02-20,RKT
RKT260220P00022000,22.0,2.07,1.9,2.17,3.0,2637.0,0.5478560839843751,True,PUT,2026-02-20,RKT
RKT260220P00022500,22.5,2.39,2.29,2.64,1.0,255.0,0.5820354296875,True,PUT,2026-02-20,RKT
RKT260220P00023000,23.0,2.88,2.58,3.15,10.0,1265.0,0.58789474609375,True,PUT,2026-02-20,RKT
RKT260220P00023500,23.5,2.63,2.7,3.7,4.0,1.0,0.5351608984375,True,PUT,2026-02-20,RKT
RKT260220P00024000,24.0,3.18,3.1,4.15,16.0,763.0,0.523442265625,True,PUT,2026-02-20,RKT
RKT260220P00025000,25.0,3.4,4.0,5.05,1.0,18.0,0.9335944140625,True,PUT,2026-02-20,RKT
RKT260220P00026000,26.0,5.5,5.45,5.75,5.0,14.0,0.6738313867187502,True,PUT,2026-02-20,RKT
RKT260227C00016500,16.5,7.75,3.75,5.0,,2.0,0.7607445800781252,True,CALL,2026-02-27,RKT
RKT260227C00017000,17.0,4.8,3.35,4.25,10.0,10.0,0.6289099609375001,True,CALL,2026-02-27,RKT
RKT260227C00018000,18.0,3.62,2.35,4.55,1.0,7.0,0.8720715917968749,True,CALL,2026-02-27,RKT
RKT260227C00019000,19.0,2.74,2.05,2.59,32.0,72.0,0.6269568554687501,True,CALL,2026-02-27,RKT
RKT260227C00019500,19.5,3.05,1.75,2.2,3.0,6.0,0.6084023535156251,True,CALL,2026-02-27,RKT
RKT260227C00020000,20.0,2.12,1.43,1.86,1.0,184.0,0.584965087890625,True,CALL,2026-02-27,RKT
RKT260227C00020500,20.5,1.48,1.33,1.71,27.0,74.0,0.63867548828125,True,CALL,2026-02-27,RKT
RKT260227C00021000,21.0,1.29,1.1,1.49,62.0,181.0,0.6367223828125,False,CALL,2026-02-27,RKT
RKT260227C00021500,21.5,1.1,0.82,1.29,16.0,113.0,0.6181678808593751,False,CALL,2026-02-27,RKT
RKT260227C00022000,22.0,0.88,0.79,1.15,61.0,207.0,0.6562534375000001,False,CALL,2026-02-27,RKT
RKT260227C00022500,22.5,0.5,0.57,1.0,12.0,49.0,0.64062859375,False,CALL,2026-02-27,RKT
RKT260227C00023000,23.0,0.74,0.48,0.79,3.0,188.0,0.629886513671875,False,CALL,2026-02-27,RKT
RKT260227C00023500,23.5,0.53,0.46,0.63,6.0,2170.0,0.64062859375,False,CALL,2026-02-27,RKT
RKT260227C00024000,24.0,0.86,0.31,0.6,20.0,402.0,0.6435582519531251,False,CALL,2026-02-27,RKT
RKT260227C00024500,24.5,0.61,0.24,0.45,66.0,238.0,0.6250037500000001,False,CALL,2026-02-27,RKT
RKT260227C00025000,25.0,0.35,0.26,0.51,2.0,247.0,0.694338994140625,False,CALL,2026-02-27,RKT
RKT260227C00025500,25.5,0.4,0.11,0.53,2.0,1064.0,0.69336244140625,False,CALL,2026-02-27,RKT
RKT260227C00026000,26.0,0.35,0.01,0.75,2.0,46.0,0.7753928710937501,False,CALL,2026-02-27,RKT
RKT260227C00026500,26.5,0.27,0.01,0.75,10.0,15.0,0.81445498046875,False,CALL,2026-02-27,RKT
RKT260227P00015000,15.0,0.25,0.0,0.51,2.0,2.0,0.91211025390625,False,PUT,2026-02-27,RKT
RKT260227P00017000,17.0,0.38,0.16,0.35,,4.0,0.6289099609375001,False,PUT,2026-02-27,RKT
RKT260227P00018000,18.0,0.5,0.41,0.59,1.0,98.0,0.648441015625,False,PUT,2026-02-27,RKT
RKT260227P00018500,18.5,0.5,0.05,0.73,2.0,3.0,0.506840869140625,False,PUT,2026-02-27,RKT
RKT260227P00019000,19.0,0.8,0.54,0.92,10.0,213.0,0.6054726953125001,False,PUT,2026-02-27,RKT
RKT260227P00019500,19.5,1.03,0.67,1.12,1.0,96.0,0.5918009570312501,False,PUT,2026-02-27,RKT
RKT260227P00020000,20.0,1.07,1.03,1.34,7.0,151.0,0.622074091796875,False,PUT,2026-02-27,RKT
RKT260227P00020500,20.5,1.52,1.28,1.6,4.0,3.0,0.624027197265625,False,PUT,2026-02-27,RKT
RKT260227P00021000,21.0,1.59,1.42,1.9,2.0,135.0,0.5986368261718751,True,PUT,2026-02-27,RKT
RKT260227P00021500,21.5,1.65,1.76,2.2,1.0,28.0,0.6054726953125001,True,PUT,2026-02-27,RKT
RKT260227P00022000,22.0,1.71,2.09,2.54,1.0,7.0,0.6074258007812501,True,PUT,2026-02-27,RKT
RKT260227P00022500,22.5,2.06,2.52,2.9,3.0,12.0,0.6269568554687501,True,PUT,2026-02-27,RKT
RKT260227P00023000,23.0,2.78,2.15,3.3,2.0,37.0,0.7304714453125,True,PUT,2026-02-27,RKT
RKT260227P00023500,23.5,3.07,2.8,3.95,4.0,29.0,0.5732464550781251,True,PUT,2026-02-27,RKT
RKT260227P00024000,24.0,3.2,3.4,4.5,1.0,17.0,0.6660189648437502,True,PUT,2026-02-27,RKT
RKT260306C00021500,21.5,1.65,1.0,1.35,250.0,276.0,0.6030313134765627,False,CALL,2026-03-06,RKT
RKT260306C00022000,22.0,1.05,0.87,1.26,2.0,765.0,0.6279334082031252,False,CALL,2026-03-06,RKT
RKT260306C00023000,23.0,0.67,0.6,0.99,1.0,14.0,0.6367223828125,False,CALL,2026-03-06,RKT
RKT260306C00023500,23.5,0.9,0.48,0.79,2.0,2.0,0.6181678808593751,False,CALL,2026-03-06,RKT
RKT260306C00024000,24.0,0.53,0.33,0.63,35.0,26.0,0.5918009570312501,False,CALL,2026-03-06,RKT
RKT260306C00026000,26.0,0.33,0.19,0.47,54.0,64.0,0.6669955175781253,False,CALL,2026-03-06,RKT
RKT260306P00019000,19.0,1.55,0.73,1.04,5.0,5.0,0.6123085644531252,False,PUT,2026-03-06,RKT
RKT260306P00021000,21.0,1.72,1.69,2.01,55.0,31.0,0.6123085644531252,True,PUT,2026-03-06,RKT
RKT260306P00021500,21.5,1.86,2.01,2.32,4.0,4.0,0.6167030517578126,True,PUT,2026-03-06,RKT
RKT260320C00015000,15.0,5.62,5.55,5.95,9.0,17786.0,0.65820654296875,True,CALL,2026-03-20,RKT
RKT260320C00016000,16.0,4.85,4.75,5.0,70.0,860.0,0.639652041015625,True,CALL,2026-03-20,RKT
RKT260320C00017000,17.0,4.05,3.85,4.2,3.0,3018.0,0.6084023535156251,True,CALL,2026-03-20,RKT
RKT260320C00018000,18.0,3.25,3.15,3.4,5.0,7245.0,0.596683720703125,True,CALL,2026-03-20,RKT
RKT260320C00019000,19.0,2.65,2.5,2.74,73.0,2082.0,0.5913126806640626,True,CALL,2026-03-20,RKT
RKT260320C00020000,20.0,2.08,2.0,2.18,193.0,19041.0,0.5981485498046876,True,CALL,2026-03-20,RKT
RKT260320C00021000,21.0,1.63,1.6,1.74,81.0,10152.0,0.6113320117187502,False,CALL,2026-03-20,RKT
RKT260320C00022000,22.0,1.28,1.25,1.39,270.0,32850.0,0.6201209863281252,False,CALL,2026-03-20,RKT
RKT260320C00023000,23.0,1.0,1.0,1.08,932.0,29376.0,0.6293982373046876,False,CALL,2026-03-20,RKT
RKT260320C00024000,24.0,0.71,0.7,0.8,335.0,12505.0,0.6123085644531252,False,CALL,2026-03-20,RKT
RKT260320C00025000,25.0,0.55,0.55,0.61,947.0,27305.0,0.6206092626953126,False,CALL,2026-03-20,RKT
RKT260320C00026000,26.0,0.43,0.41,0.47,160.0,18211.0,0.624027197265625,False,CALL,2026-03-20,RKT
RKT260320P00015000,15.0,0.2,0.16,0.2,10.0,3545.0,0.6367223828125,False,PUT,2026-03-20,RKT
RKT260320P00016000,16.0,0.33,0.28,0.34,6.0,1061.0,0.6269568554687501,False,PUT,2026-03-20,RKT
RKT260320P00017000,17.0,0.47,0.36,0.54,1.0,1222.0,0.5927775097656252,False,PUT,2026-03-20,RKT
RKT260320P00018000,18.0,0.75,0.7,0.78,54.0,2308.0,0.6015664843750002,False,PUT,2026-03-20,RKT
RKT260320P00019000,19.0,1.1,1.05,1.14,187.0,4720.0,0.5986368261718751,False,PUT,2026-03-20,RKT
RKT260320P00020000,20.0,1.56,1.49,1.54,115.0,5754.0,0.58789474609375,False,PUT,2026-03-20,RKT
RKT260320P00021000,21.0,2.06,2.02,2.17,29.0,2594.0,0.6015664843750002,True,PUT,2026-03-20,RKT
RKT260320P00022000,22.0,2.81,2.61,2.81,13.0,2093.0,0.5986368261718751,True,PUT,2026-03-20,RKT
RKT260320P00023000,23.0,3.45,3.3,3.55,3.0,2052.0,0.6049844189453126,True,PUT,2026-03-20,RKT
RKT260320P00024000,24.0,3.25,3.9,4.35,11.0,230.0,0.5815471533203125,True,PUT,2026-03-20,RKT
RKT260320P00025000,25.0,3.2,4.65,5.15,43.0,115.0,0.5610395458984375,True,PUT,2026-03-20,RKT
RKT260320P00026000,26.0,3.95,5.4,6.1,11.0,58.0,0.5488326367187502,True,PUT,2026-03-20,RKT
RKT260515C00015000,15.0,6.4,5.95,6.6,3.0,1899.0,0.692385888671875,True,CALL,2026-05-15,RKT
RKT260515C00016000,16.0,6.9,5.15,5.65,10.0,10.0,0.63867548828125,True,CALL,2026-05-15,RKT
RKT260515C00017000,17.0,5.16,4.35,5.15,34.0,16707.0,0.6469761865234375,True,CALL,2026-05-15,RKT
RKT260515C00018000,18.0,4.03,3.85,4.15,20.0,16.0,0.6103554589843752,True,CALL,2026-05-15,RKT
RKT260515C00019000,19.0,3.42,3.3,3.6,44.0,62.0,0.6127968408203126,True,CALL,2026-05-15,RKT
RKT260515C00020000,20.0,2.94,2.8,3.05,138.0,7480.0,0.6064492480468751,True,CALL,2026-05-15,RKT
RKT260515C00021000,21.0,2.5,2.32,2.59,1.0,30.0,0.5991251025390626,False,CALL,2026-05-15,RKT
RKT260515C00022000,22.0,2.09,1.97,2.2,533.0,13890.0,0.6015664843750002,False,CALL,2026-05-15,RKT
RKT260515C00023000,23.0,1.8,1.7,1.87,5.0,1139.0,0.6084023535156251,False,CALL,2026-05-15,RKT
RKT260515C00024000,24.0,1.5,1.33,1.58,4.0,280.0,0.5976602734375001,False,CALL,2026-05-15,RKT
RKT260515C00025000,25.0,1.25,1.22,1.29,154.0,17427.0,0.6074258007812501,False,CALL,2026-05-15,RKT
RKT260515C00026000,26.0,1.01,0.97,1.14,3.0,2779.0,0.6088906298828126,False,CALL,2026-05-15,RKT
RKT260515P00015000,15.0,0.52,0.45,0.59,1.0,1746.0,0.6084023535156251,False,PUT,2026-05-15,RKT
RKT260515P00016000,16.0,0.7,0.64,0.81,8.0,12.0,0.594730615234375,False,PUT,2026-05-15,RKT
RKT260515P00017000,17.0,1.02,0.98,1.17,1003.0,9855.0,0.6088906298828126,False,PUT,2026-05-15,RKT
RKT260515P00018000,18.0,1.17,1.23,1.44,1.0,2.0,0.5786174951171875,False,PUT,2026-05-15,RKT
RKT260515P00019000,19.0,1.61,1.62,1.94,1.0,37.0,0.5825237060546875,False,PUT,2026-05-15,RKT
RKT260515P00020000,20.0,2.07,2.06,2.4,34.0,4528.0,0.5717816259765626,False,PUT,2026-05-15,RKT
RKT260515P00021000,21.0,2.47,2.51,2.93,1.0,19.0,0.5561567822265626,True,PUT,2026-05-15,RKT
RKT260515P00022000,22.0,3.42,3.3,3.55,1.0,952.0,0.5756878369140624,True,PUT,2026-05-15,RKT
RKT260515P00023000,23.0,3.7,3.8,4.2,1.0,169.0,0.5532271240234375,True,PUT,2026-05-15,RKT
RKT260515P00024000,24.0,4.8,4.65,4.95,3.0,1121.0,0.5712933496093751,True,PUT,2026-05-15,RKT
RKT260515P00025000,25.0,5.35,5.25,5.7,1.0,162.0,0.5483443603515626,True,PUT,2026-05-15,RKT
RKT260515P00026000,26.0,5.15,6.1,6.5,,8.0,0.55273884765625,True,PUT,2026-05-15,RKT
RKT260618C00015000,15.0,6.4,6.25,6.65,15.0,551.0,0.659183095703125,True,CALL,2026-06-18,RKT
RKT260618C00016000,16.0,5.9,5.45,6.05,1.0,883.0,0.6552768847656252,True,CALL,2026-06-18,RKT
RKT260618C00017000,17.0,5.44,4.75,5.3,30.0,1364.0,0.6323278955078125,True,CALL,2026-06-18,RKT
RKT260618C00018000,18.0,4.35,4.2,4.5,100.0,909.0,0.6118202880859377,True,CALL,2026-06-18,RKT
RKT260618C00019000,19.0,3.95,3.45,3.95,11.0,2279.0,0.586918193359375,True,CALL,2026-06-18,RKT
RKT260618C00020000,20.0,3.4,3.2,3.4,27.0,3713.0,0.6042520043945314,True,CALL,2026-06-18,RKT
RKT260618C00021000,21.0,2.9,2.67,2.97,8.0,638.0,0.5937540625000001,False,CALL,2026-06-18,RKT
RKT260618C00022000,22.0,2.5,2.49,2.62,3082.0,8126.0,0.6162147753906251,False,CALL,2026-06-18,RKT
RKT260618C00023000,23.0,2.16,2.03,2.17,19.0,17930.0,0.5925333715820313,False,CALL,2026-06-18,RKT
RKT260618C00024000,24.0,1.75,1.75,1.9,24.0,13837.0,0.59570716796875,False,CALL,2026-06-18,RKT
RKT260618C00025000,25.0,1.6,1.58,1.62,2831.0,5807.0,0.6020547607421877,False,CALL,2026-06-18,RKT
RKT260618C00026000,26.0,1.46,1.27,1.45,5.0,52.0,0.5981485498046876,False,CALL,2026-06-18,RKT
RKT260618P00015000,15.0,0.68,0.66,0.75,12.0,587.0,0.594730615234375,False,PUT,2026-06-18,RKT
RKT260618P00016000,16.0,0.88,0.92,1.0,6.0,4895.0,0.586918193359375,False,PUT,2026-06-18,RKT
RKT260618P00017000,17.0,1.26,1.21,1.3,672.0,1323.0,0.57617611328125,False,PUT,2026-06-18,RKT
RKT260618P00018000,18.0,1.63,1.57,1.68,2.0,1037.0,0.5708050732421875,False,PUT,2026-06-18,RKT
RKT260618P00019000,19.0,2.07,1.99,2.11,26.0,1489.0,0.5649457568359376,False,PUT,2026-06-18,RKT
RKT260618P00020000,20.0,2.4,2.32,2.68,18.0,3178.0,0.55273884765625,False,PUT,2026-06-18,RKT
RKT260618P00021000,21.0,3.06,3.0,3.2,21.0,305.0,0.559574716796875,True,PUT,2026-06-18,RKT
RKT260618P00022000,22.0,3.45,3.55,3.85,25.0,354.0,0.5556685058593751,True,PUT,2026-06-18,RKT
RKT260618P00023000,23.0,4.4,4.25,4.45,43.0,337.0,0.5522505712890625,True,PUT,2026-06-18,RKT
RKT260618P00024000,24.0,5.03,4.8,5.2,1.0,65.0,0.5390671093750001,True,PUT,2026-06-18,RKT
RKT260618P00025000,25.0,5.5,5.5,5.95,18.0,73.0,0.5327195166015625,True,PUT,2026-06-18,RKT
RKT260618P00026000,26.0,5.25,6.25,6.95,,19.0,0.5512740185546876,True,PUT,2026-06-18,RKT
RKT260918C00015000,15.0,7.82,6.6,7.5,25.0,50.0,0.6518589501953126,True,CALL,2026-09-18,RKT
RKT260918C00016000,16.0,6.85,6.0,6.7,1.0,2.0,0.6337927246093751,True,CALL,2026-09-18,RKT
RKT260918C00017000,17.0,5.98,5.4,6.15,35.0,37.0,0.6333044482421876,True,CALL,2026-09-18,RKT
RKT260918C00018000,18.0,5.55,4.9,5.35,12.0,15.0,0.6113320117187502,True,CALL,2026-09-18,RKT
RKT260918C00019000,19.0,4.85,4.3,4.85,5.0,5.0,0.6013223461914063,True,CALL,2026-09-18,RKT
RKT260918C00020000,20.0,4.4,3.95,4.4,3.0,47.0,0.6088906298828126,True,CALL,2026-09-18,RKT
RKT260918C00021000,21.0,3.6,3.55,3.75,24.0,26.0,0.5903361279296876,False,CALL,2026-09-18,RKT
RKT260918C00022000,22.0,3.5,3.15,3.55,1.0,296.0,0.6010782080078126,False,CALL,2026-09-18,RKT
RKT260918C00023000,23.0,3.23,2.74,3.1,3.0,55.0,0.5864299169921875,False,CALL,2026-09-18,RKT
RKT260918C00024000,24.0,2.94,2.42,2.85,23.0,101.0,0.5888712988281251,False,CALL,2026-09-18,RKT
RKT260918C00025000,25.0,2.41,2.24,2.57,166.0,653.0,0.5952188916015625,False,CALL,2026-09-18,RKT
RKT260918C00026000,26.0,2.17,1.9,2.45,3.0,8.0,0.5976602734375001,False,CALL,2026-09-18,RKT
RKT260918P00015000,15.0,1.17,0.99,1.26,100.0,514.0,0.5659223095703125,False,PUT,2026-09-18,RKT
RKT260918P00016000,16.0,1.35,1.38,1.64,4.0,329.0,0.5737347314453125,False,PUT,2026-09-18,RKT
RKT260918P00017000,17.0,1.74,1.58,1.9,15.0,90.0,0.5415084912109377,False,PUT,2026-09-18,RKT
RKT260918P00018000,18.0,2.07,1.91,2.4,14.0,58.0,0.5376022802734376,False,PUT,2026-09-18,RKT
RKT260918P00019000,19.0,2.5,2.37,2.86,12.0,46.0,0.5327195166015625,False,PUT,2026-09-18,RKT
RKT260918P00020000,20.0,2.99,2.85,3.3,8.0,31.0,0.5207567456054687,False,PUT,2026-09-18,RKT
RKT260918P00021000,21.0,3.5,3.4,4.05,4.0,13.0,0.5317429638671876,True,PUT,2026-09-18,RKT
RKT260918P00022000,22.0,3.9,4.15,4.5,,2.0,0.5278367529296876,True,PUT,2026-09-18,RKT
RKT260918P00023000,23.0,4.1,4.6,5.15,,289.0,0.5102588037109376,True,PUT,2026-09-18,RKT
RKT260918P00024000,24.0,4.53,5.4,5.9,,2.0,0.5214891601562499,True,PUT,2026-09-18,RKT
RKT260918P00025000,25.0,5.56,6.0,6.6,1.0,1.0,0.507817421875,True,PUT,2026-09-18,RKT
RKT270115C00015000,15.0,4.35,0.0,0.0,5.0,0.0,1.0000000000000003e-05,True,CALL,2027-01-15,RKT
RKT270115C00016200,16.2,6.95,6.7,7.0,442.0,7585.0,0.614261669921875,True,CALL,2027-01-15,RKT
RKT270115C00017000,17.0,3.9,0.0,0.0,1.0,0.0,1.0000000000000003e-05,True,CALL,2027-01-15,RKT
RKT270115C00019200,19.2,5.3,5.1,5.55,92.0,5378.0,0.6022988989257814,True,CALL,2027-01-15,RKT
RKT270115C00020000,20.0,2.99,0.0,0.0,351.0,0.0,1.0000000000000003e-05,True,CALL,2027-01-15,RKT
RKT270115C00021200,21.2,4.51,4.3,4.55,175.0,6090.0,0.5883830224609375,False,CALL,2027-01-15,RKT
RKT270115C00022000,22.0,2.74,0.0,0.0,1.0,364.0,0.015634843750000002,False,CALL,2027-01-15,RKT
RKT270115C00024200,24.2,3.4,3.3,3.5,37.0,10489.0,0.5813030151367188,False,CALL,2027-01-15,RKT
RKT270115C00025000,25.0,1.95,0.0,0.0,12.0,762.0,0.062509375,False,CALL,2027-01-15,RKT
RKT270115C00026200,26.2,2.95,2.61,3.2,41.0,2524.0,0.5847209497070311,False,CALL,2027-01-15,RKT
RKT270115P00015000,15.0,3.46,0.0,0.0,10.0,122.0,0.062509375,False,PUT,2027-01-15,RKT
RKT270115P00016200,16.2,2.06,2.01,2.15,86.0,12883.0,0.5468795312500001,False,PUT,2027-01-15,RKT
RKT270115P00017000,17.0,4.82,0.0,0.0,1.0,97.0,0.062509375,False,PUT,2027-01-15,RKT
RKT270115P00019200,19.2,3.55,3.25,3.5,6.0,8047.0,0.5212450219726561,False,PUT,2027-01-15,RKT
RKT270115P00020000,20.0,7.0,0.0,0.0,1.0,24.0,0.007822421875,False,PUT,2027-01-15,RKT
RKT270115P00021200,21.2,4.4,4.05,4.65,5.0,570.0,0.5339402075195312,True,PUT,2027-01-15,RKT
RKT270115P00022000,22.0,7.25,8.0,8.6,,1.0,0.9387213159179688,True,PUT,2027-01-15,RKT
RKT270115P00024200,24.2,6.4,6.25,6.5,4.0,498.0,0.5127001855468749,True,PUT,2027-01-15,RKT
RKT270115P00026200,26.2,7.53,7.35,8.15,1.0,64.0,0.53320779296875,True,PUT,2027-01-15,RKT
RKT270319C00025000,25.0,4.07,2.5,4.6,6.0,9.0,0.5776409423828125,False,CALL,2027-03-19,RKT
RKT270617C00015000,15.0,9.1,7.7,9.65,,6.0,0.6774934594726563,True,CALL,2027-06-17,RKT
RKT270617C00018000,18.0,7.75,5.7,8.05,1.0,1.0,0.6235389208984375,True,CALL,2027-06-17,RKT
RKT270617C00022000,22.0,5.3,4.0,6.35,1.0,500.0,0.6008340698242189,False,CALL,2027-06-17,RKT
RKT270617P00018000,18.0,3.21,3.3,3.6,1437.0,2830.0,0.5188036401367188,False,PUT,2027-06-17,RKT
RKT280121C00015000,15.0,9.55,8.85,9.7,11.0,554.0,0.6374547973632813,True,CALL,2028-01-21,RKT
RKT280121C00018000,18.0,7.75,7.5,8.0,1.0,944.0,0.6101113208007813,True,CALL,2028-01-21,RKT
RKT280121C00020000,20.0,6.9,6.7,7.25,1.0,1238.0,0.6063271789550781,True,CALL,2028-01-21,RKT
RKT280121C00022000,22.0,6.2,5.85,6.8,5.0,384.0,0.6064492480468751,False,CALL,2028-01-21,RKT
RKT280121C00025000,25.0,5.37,4.15,5.6,20.0,1412.0,0.5528609167480469,False,CALL,2028-01-21,RKT
RKT280121P00015000,15.0,2.67,2.61,2.85,351.0,1716.0,0.5190477783203125,False,PUT,2028-01-21,RKT
RKT280121P00018000,18.0,4.1,4.0,4.8,25.0,948.0,0.5285691674804689,False,PUT,2028-01-21,RKT
RKT280121P00020000,20.0,5.1,3.85,5.4,5.0,149.0,0.5089160437011719,False,PUT,2028-01-21,RKT
RKT280121P00022000,22.0,6.1,6.2,7.55,27.0,132.0,0.524418818359375,True,PUT,2028-01-21,RKT
RKT280121P00025000,25.0,7.95,6.05,9.9,18.0,593.0,0.6033975207519533,True,PUT,2028-01-21,RKT
ROIV260220C00016000,16.0,5.93,5.2,7.4,2.0,89.0,1.0039112304687499,True,CALL,2026-02-20,ROIV
ROIV260220C00017000,17.0,5.9,4.4,5.6,1.0,135.0,1.1279340478515625,True,CALL,2026-02-20,ROIV
ROIV260220C00018000,18.0,4.2,3.5,4.7,2.0,327.0,1.0273486132812502,True,CALL,2026-02-20,ROIV
ROIV260220C00019000,19.0,2.7,0.0,0.0,2.0,320.0,1.0000000000000003e-05,True,CALL,2026-02-20,ROIV
ROIV260220C00020000,20.0,2.5,2.15,3.5,50.0,916.0,0.7490259472656251,True,CALL,2026-02-20,ROIV
ROIV260220C00021000,21.0,2.0,0.9,3.6,4.0,411.0,0.7695335546875001,True,CALL,2026-02-20,ROIV
ROIV260220C00022000,22.0,1.7,0.95,1.35,1.0,440.0,0.5039112109375,True,CALL,2026-02-20,ROIV
ROIV260220C00023000,23.0,0.7,0.6,1.05,106.0,15643.0,0.5468795312500001,False,CALL,2026-02-20,ROIV
ROIV260220C00024000,24.0,0.62,0.15,0.5,1.0,207.0,0.534184345703125,False,CALL,2026-02-20,ROIV
ROIV260220C00025000,25.0,0.35,0.1,0.65,76.0,221.0,0.5820354296875,False,CALL,2026-02-20,ROIV
ROIV260220C00026000,26.0,0.23,0.0,0.5,1.0,258.0,0.5976602734375001,False,CALL,2026-02-20,ROIV
ROIV260220C00027000,27.0,0.45,0.0,1.15,36.0,47.0,0.9091805957031249,False,CALL,2026-02-20,ROIV
ROIV260220P00016000,16.0,0.2,0.0,0.95,750.0,759.0,1.259769326171875,False,PUT,2026-02-20,ROIV
ROIV260220P00017000,17.0,0.4,0.0,0.0,1.0,10.0,0.2500075,False,PUT,2026-02-20,ROIV
ROIV260220P00018000,18.0,0.31,0.0,0.75,10.0,94.0,0.8437515624999999,False,PUT,2026-02-20,ROIV
ROIV260220P00019000,19.0,0.2,0.0,0.75,1.0,22.0,0.6875031250000001,False,PUT,2026-02-20,ROIV
ROIV260220P00020000,20.0,0.28,0.2,0.85,1.0,413.0,0.62305064453125,False,PUT,2026-02-20,ROIV
ROIV260220P00021000,21.0,0.65,0.45,0.95,1.0,319.0,0.5380905566406251,False,PUT,2026-02-20,ROIV
ROIV260220P00022000,22.0,0.96,0.9,1.15,1.0,29.0,0.5380905566406251,False,PUT,2026-02-20,ROIV
ROIV260220P00023000,23.0,1.25,1.3,1.9,54.0,161.0,0.6162147753906251,True,PUT,2026-02-20,ROIV
ROIV260220P00026000,26.0,3.6,1.95,6.1,,1.0,1.6015644921874999,True,PUT,2026-02-20,ROIV
ROIV260320C00016000,16.0,7.8,4.3,8.4,1.0,512.0,0.7128934960937501,True,CALL,2026-03-20,ROIV
ROIV260320C00017000,17.0,4.58,3.4,7.5,89.0,237.0,0.6728548339843752,True,CALL,2026-03-20,ROIV
ROIV260320C00018000,18.0,3.77,0.0,0.0,100.0,252.0,1.0000000000000003e-05,True,CALL,2026-03-20,ROIV
ROIV260320C00019000,19.0,5.2,1.9,6.0,4.0,459.0,0.6748079394531252,True,CALL,2026-03-20,ROIV
ROIV260320C00020000,20.0,3.4,1.25,5.2,10.0,573.0,0.6459996337890624,True,CALL,2026-03-20,ROIV
ROIV260320C00021000,21.0,2.82,1.2,3.9,47.0,516.0,0.6132851171875001,True,CALL,2026-03-20,ROIV
ROIV260320C00022000,22.0,2.0,0.3,2.45,3.0,525.0,0.73633076171875,True,CALL,2026-03-20,ROIV
ROIV260320C00023000,23.0,2.0,1.3,2.55,1.0,364.0,0.7041045214843751,False,CALL,2026-03-20,ROIV
ROIV260320C00024000,24.0,1.75,0.8,2.15,21.0,349.0,0.6748079394531252,False,CALL,2026-03-20,ROIV
ROIV260320C00025000,25.0,0.95,0.0,1.4,3.0,241.0,0.5131884619140624,False,CALL,2026-03-20,ROIV
ROIV260320C00026000,26.0,1.05,0.0,2.85,2.0,7.0,0.8383805224609374,False,CALL,2026-03-20,ROIV
ROIV260320C00027000,27.0,0.75,0.0,2.6,,6.0,0.8740246972656249,False,CALL,2026-03-20,ROIV
ROIV260320C00028000,28.0,0.55,0.0,2.45,,29.0,0.9184578466796876,False,CALL,2026-03-20,ROIV
ROIV260320P00016000,16.0,0.85,0.0,1.25,7.0,303.0,0.9326178613281251,False,PUT,2026-03-20,ROIV
ROIV260320P00017000,17.0,0.4,0.0,2.5,1.0,315.0,1.0986373193359378,False,PUT,2026-03-20,ROIV
ROIV260320P00018000,18.0,0.52,0.0,2.0,8.0,1018.0,0.8544936425781251,False,PUT,2026-03-20,ROIV
ROIV260320P00019000,19.0,0.8,0.0,2.5,1.0,81.0,0.8183611914062499,False,PUT,2026-03-20,ROIV
ROIV260320P00020000,20.0,1.35,0.0,2.0,1.0,10.0,0.5932657861328126,False,PUT,2026-03-20,ROIV
ROIV260320P00021000,21.0,1.5,0.0,3.4,4.0,61.0,0.68555001953125,False,PUT,2026-03-20,ROIV
ROIV260320P00022000,22.0,1.5,0.2,4.1,5.0,616.0,0.6674837939453127,False,PUT,2026-03-20,ROIV
ROIV260320P00023000,23.0,3.0,0.55,4.6,5.0,25.0,0.6201209863281252,True,PUT,2026-03-20,ROIV
ROIV260320P00024000,24.0,3.1,1.1,5.3,1.0,1.0,0.6123085644531252,True,PUT,2026-03-20,ROIV
ROIV260417C00018000,18.0,3.93,3.1,7.0,,1.0,0.6777375976562501,True,CALL,2026-04-17,ROIV
ROIV260417C00020000,20.0,3.77,1.85,5.7,2.0,6.0,0.6709017285156251,True,CALL,2026-04-17,ROIV
ROIV260417C00022000,22.0,3.3,0.8,4.9,2.0,5.0,0.6904327832031252,True,CALL,2026-04-17,ROIV
ROIV260417C00023000,23.0,2.52,0.35,4.5,1.0,2.0,0.6875031250000001,False,CALL,2026-04-17,ROIV
ROIV260417C00024000,24.0,3.15,0.05,4.1,20.0,44.0,0.6904327832031252,False,CALL,2026-04-17,ROIV
ROIV260417C00025000,25.0,2.3,0.0,2.7,,67.0,0.5864299169921875,False,CALL,2026-04-17,ROIV
ROIV260417P00020000,20.0,1.25,0.05,3.6,,250.0,0.7050810742187501,False,PUT,2026-04-17,ROIV
ROIV260417P00022000,22.0,2.15,0.6,3.3,,1.0,0.8208025732421874,False,PUT,2026-04-17,ROIV
ROIV260417P00024000,24.0,4.15,1.8,5.6,20.0,40.0,0.6167030517578126,True,PUT,2026-04-17,ROIV
ROIV260515C00016000,16.0,7.33,4.8,8.9,1.0,1.0,0.6992217578125001,True,CALL,2026-05-15,ROIV
ROIV260515C00017000,17.0,5.6,4.0,7.9,1.0,12.0,0.6425816992187501,True,CALL,2026-05-15,ROIV
ROIV260515C00018000,18.0,6.1,3.3,7.2,5.0,200.0,0.639652041015625,True,CALL,2026-05-15,ROIV
ROIV260515C00019000,19.0,5.66,2.65,6.5,2.0,389.0,0.6284216845703126,True,CALL,2026-05-15,ROIV
ROIV260515C00020000,20.0,5.0,2.1,5.9,2.0,1263.0,0.6289099609375001,True,CALL,2026-05-15,ROIV
ROIV260515C00021000,21.0,4.0,1.3,4.6,1.0,871.0,0.5119677709960937,True,CALL,2026-05-15,ROIV
ROIV260515C00022000,22.0,3.76,0.75,4.8,10.0,1215.0,0.577152666015625,True,CALL,2026-05-15,ROIV
ROIV260515C00023000,23.0,2.4,1.75,3.1,153.0,7489.0,0.5908244042968751,False,CALL,2026-05-15,ROIV
ROIV260515C00024000,24.0,3.1,0.25,2.3,2876.0,958.0,0.64062859375,False,CALL,2026-05-15,ROIV
ROIV260515C00025000,25.0,2.0,0.7,2.0,2.0,220.0,0.5039112109375,False,CALL,2026-05-15,ROIV
ROIV260515C00026000,26.0,1.6,0.0,3.5,5.0,37.0,0.65039412109375,False,CALL,2026-05-15,ROIV
ROIV260515C00027000,27.0,1.35,0.0,1.5,1.0,58.0,0.649417568359375,False,CALL,2026-05-15,ROIV
ROIV260515C00028000,28.0,1.0,0.0,2.95,1.0,16.0,0.6928741650390625,False,CALL,2026-05-15,ROIV
ROIV260515P00016000,16.0,0.2,0.0,2.6,2.0,2.0,0.875977802734375,False,PUT,2026-05-15,ROIV
ROIV260515P00017000,17.0,0.75,0.0,1.8,9.0,443.0,0.65039412109375,False,PUT,2026-05-15,ROIV
ROIV260515P00018000,18.0,0.95,0.0,3.0,3.0,609.0,0.7290066162109375,False,PUT,2026-05-15,ROIV
ROIV260515P00019000,19.0,1.25,0.0,2.5,1.0,133.0,0.5649457568359376,False,PUT,2026-05-15,ROIV
ROIV260515P00020000,20.0,1.35,0.0,3.8,1.0,690.0,0.6235389208984375,False,PUT,2026-05-15,ROIV
ROIV260515P00021000,21.0,1.85,0.2,2.3,19.0,242.0,0.6059609716796877,False,PUT,2026-05-15,ROIV
ROIV260515P00022000,22.0,2.3,0.5,2.8,1.0,91.0,0.5986368261718751,False,PUT,2026-05-15,ROIV
ROIV260515P00023000,23.0,2.95,1.0,4.9,6.0,32.0,0.506840869140625,True,PUT,2026-05-15,ROIV
ROIV260515P00025000,25.0,4.2,2.35,6.3,,1.0,0.5148974291992188,True,PUT,2026-05-15,ROIV
ROIV260515P00026000,26.0,4.4,3.0,6.9,,15.0,0.91211025390625,True,PUT,2026-05-15,ROIV
ROIV260821C00023000,23.0,3.9,1.85,5.5,25.0,50.0,0.6171913281250001,False,CALL,2026-08-21,ROIV
ROIV260821C00024000,24.0,4.5,1.45,5.2,25.0,35.0,0.6181678808593751,False,CALL,2026-08-21,ROIV
ROIV260821C00025000,25.0,2.64,1.05,4.9,,1.0,0.614261669921875,False,CALL,2026-08-21,ROIV
ROIV260821C00026000,26.0,2.1,1.9,4.7,,101.0,0.7082548706054688,False,CALL,2026-08-21,ROIV
ROIV260821C00027000,27.0,1.45,0.25,4.4,,4.0,0.6001016552734376,False,CALL,2026-08-21,ROIV
ROIV260821C00028000,28.0,2.3,0.05,4.0,2879.0,2800.0,0.5903361279296876,False,CALL,2026-08-21,ROIV
ROIV260821P00018000,18.0,1.45,0.0,4.8,,5.0,0.6982452050781252,False,PUT,2026-08-21,ROIV
ROIV260821P00019000,19.0,1.85,0.0,4.8,1.0,57.0,0.6152382226562501,False,PUT,2026-08-21,ROIV
ROIV260821P00020000,20.0,2.15,0.65,4.5,,14.0,0.5634809277343751,False,PUT,2026-08-21,ROIV
ROIV260821P00021000,21.0,2.55,1.2,4.9,,24.0,0.5573774731445313,False,PUT,2026-08-21,ROIV
ROIV260821P00023000,23.0,4.27,2.3,6.1,,25.0,0.5561567822265626,True,PUT,2026-08-21,ROIV
ROIV260821P00025000,25.0,4.9,3.4,7.3,,1.0,0.5307664111328125,True,PUT,2026-08-21,ROIV
ROIV270115C00017000,17.0,7.55,5.1,9.1,10.0,191.0,0.5407760766601564,True,CALL,2027-01-15,ROIV
ROIV270115C00020000,20.0,5.98,3.6,6.5,1.0,120.0,0.667239655761719,True,CALL,2027-01-15,ROIV
ROIV270115C00022000,22.0,4.63,2.65,6.6,5.0,123.0,0.5373581420898439,True,CALL,2027-01-15,ROIV
ROIV270115C00025000,25.0,3.55,1.4,5.2,10.0,64.0,0.5063525927734375,False,CALL,2027-01-15,ROIV
ROIV270115P00017000,17.0,1.67,0.0,4.0,,1.0,0.5371140039062501,False,PUT,2027-01-15,ROIV
ROIV270115P00020000,20.0,2.6,0.65,4.6,1140.0,1220.0,0.6901886450195314,False,PUT,2027-01-15,ROIV
ROIV270115P00022000,22.0,3.0,1.75,5.6,50.0,607.0,0.6647982739257814,False,PUT,2027-01-15,ROIV
ROIV270115P00025000,25.0,5.24,3.4,7.4,10.0,170.0,0.6428258374023439,True,PUT,2027-01-15,ROIV
ROIV280121C00017000,17.0,8.1,6.4,11.0,5.0,11.0,0.5459029785156251,True,CALL,2028-01-21,ROIV
ROIV280121C00020000,20.0,7.7,5.0,9.5,2.0,1011.0,0.5338181384277343,True,CALL,2028-01-21,ROIV
ROIV280121C00022000,22.0,7.85,4.1,8.5,4.0,58.0,0.5172167419433593,True,CALL,2028-01-21,ROIV
ROIV280121C00025000,25.0,6.4,3.0,7.5,16.0,48.0,0.5114794946289063,False,CALL,2028-01-21,ROIV
ROIV280121P00017000,17.0,3.07,0.1,5.0,,50.0,0.6918976123046876,False,PUT,2028-01-21,ROIV
ROIV280121P00020000,20.0,3.5,1.8,6.0,1.0,1003.0,0.610599597167969,False,PUT,2028-01-21,ROIV
ROIV280121P00025000,25.0,10.4,6.5,11.0,,3.0,0.5593305786132813,True,PUT,2028-01-21,ROIV
RUN260130C00014000,14.0,6.06,5.25,6.85,1.0,2.0,4.976566279296874,True,CALL,2026-01-30,RUN
RUN260130C00014500,14.5,5.68,4.75,6.45,2.0,2.0,4.757816552734374,True,CALL,2026-01-30,RUN
RUN260130C00015000,15.0,4.7,4.25,4.8,2.0,12.0,2.3593791015624994,True,CALL,2026-01-30,RUN
RUN260130C00015500,15.5,5.55,3.75,5.55,1.0,2.0,4.160161049804687,True,CALL,2026-01-30,RUN
RUN260130C00016000,16.0,3.93,3.25,4.65,1.0,59.0,3.28906427734375,True,CALL,2026-01-30,RUN
RUN260130C00016500,16.5,3.53,2.79,4.25,1.0,139.0,3.13281466796875,True,CALL,2026-01-30,RUN
RUN260130C00017000,17.0,2.91,2.32,3.15,18.0,180.0,2.0898485253906243,True,CALL,2026-01-30,RUN
RUN260130C00017500,17.5,2.51,1.74,2.96,5.0,20.0,2.0742235644531246,True,CALL,2026-01-30,RUN
RUN260130C00018000,18.0,2.53,1.36,2.24,2.0,7574.0,1.64453302734375,True,CALL,2026-01-30,RUN
RUN260130C00018500,18.5,1.33,1.01,1.4,350.0,621.0,1.125004375,True,CALL,2026-01-30,RUN
RUN260130C00019000,19.0,1.08,0.67,1.22,4.0,981.0,1.2460975195312498,True,CALL,2026-01-30,RUN
RUN260130C00019500,19.5,0.45,0.39,0.69,285.0,504.0,0.9960937890625,False,CALL,2026-01-30,RUN
RUN260130C00020000,20.0,0.25,0.26,0.33,325.0,1772.0,0.9101571484375,False,CALL,2026-01-30,RUN
RUN260130C00020500,20.5,0.16,0.09,0.18,142.0,1111.0,0.8398453515625,False,CALL,2026-01-30,RUN
RUN260130C00021000,21.0,0.07,0.05,0.09,2711.0,2670.0,0.85937640625,False,CALL,2026-01-30,RUN
RUN260130C00021500,21.5,0.17,0.02,0.09,6.0,2463.0,0.9765627343750001,False,CALL,2026-01-30,RUN
RUN260130C00022000,22.0,0.04,0.02,0.04,363.0,651.0,1.000005,False,CALL,2026-01-30,RUN
RUN260130C00022500,22.5,0.02,0.01,0.03,212.0,332.0,1.0625046875000002,False,CALL,2026-01-30,RUN
RUN260130C00023000,23.0,0.01,0.01,0.03,6.0,374.0,1.1875040625,False,CALL,2026-01-30,RUN
RUN260130C00024000,24.0,0.07,0.0,0.03,2.0,153.0,1.3750031249999999,False,CALL,2026-01-30,RUN
RUN260130C00025000,25.0,0.01,0.0,0.03,30.0,509.0,1.5937520312499998,False,CALL,2026-01-30,RUN
RUN260130P00014000,14.0,0.12,0.0,0.08,4.0,7.0,2.43750390625,False,PUT,2026-01-30,RUN
RUN260130P00014500,14.5,0.01,0.0,0.09,1.0,15.0,2.2500043749999996,False,PUT,2026-01-30,RUN
RUN260130P00015000,15.0,0.1,0.0,0.03,1.0,1898.0,1.6875015625,False,PUT,2026-01-30,RUN
RUN260130P00015500,15.5,0.03,0.0,0.1,4.0,90.0,1.859375703125,False,PUT,2026-01-30,RUN
RUN260130P00016000,16.0,0.02,0.0,0.02,16.0,1902.0,1.2500037499999999,False,PUT,2026-01-30,RUN
RUN260130P00016500,16.5,0.01,0.0,0.06,20.0,463.0,1.2812535937499998,False,PUT,2026-01-30,RUN
RUN260130P00017000,17.0,0.01,0.0,0.03,38.0,571.0,0.9687503125,False,PUT,2026-01-30,RUN
RUN260130P00017500,17.5,0.03,0.0,0.04,26.0,378.0,0.8281267187499999,False,PUT,2026-01-30,RUN
RUN260130P00018000,18.0,0.03,0.02,0.12,71.0,549.0,0.87500125,False,PUT,2026-01-30,RUN
RUN260130P00018500,18.5,0.07,0.04,0.1,12.0,1242.0,0.64062859375,False,PUT,2026-01-30,RUN
RUN260130P00019000,19.0,0.18,0.11,0.27,65.0,555.0,0.648441015625,False,PUT,2026-01-30,RUN
RUN260130P00019500,19.5,0.36,0.27,0.48,407.0,569.0,0.5937540625000001,True,PUT,2026-01-30,RUN
RUN260130P00020000,20.0,0.5,0.5,0.77,619.0,1680.0,0.7382838671874999,True,PUT,2026-01-30,RUN
RUN260130P00020500,20.5,1.16,0.74,1.19,24.0,152.0,0.8164080859374999,True,PUT,2026-01-30,RUN
RUN260130P00021000,21.0,1.22,0.97,1.66,36.0,211.0,0.945313046875,True,PUT,2026-01-30,RUN
RUN260130P00021500,21.5,1.0,1.45,2.34,5.0,23.0,1.625001875,True,PUT,2026-01-30,RUN
RUN260130P00022000,22.0,1.88,1.1,2.72,1.0,57.0,1.5078149609375,True,PUT,2026-01-30,RUN
RUN260130P00022500,22.5,3.92,1.65,3.3,4.0,5.0,1.92578162109375,True,PUT,2026-01-30,RUN
RUN260130P00024000,24.0,3.21,3.8,4.8,1.0,2.0,2.44531638671875,True,PUT,2026-01-30,RUN
RUN260130P00025000,25.0,5.35,4.65,5.95,1.0,1.0,3.2031269921874994,True,PUT,2026-01-30,RUN
RUN260206C00014500,14.5,3.65,4.75,6.4,,1.0,2.2070357324218746,True,CALL,2026-02-06,RUN
RUN260206C00015000,15.0,2.3,4.25,5.9,10.0,11.0,2.0351611621093753,True,CALL,2026-02-06,RUN
RUN260206C00016000,16.0,4.92,3.3,4.9,2.0,2.0,1.732423212890625,True,CALL,2026-02-06,RUN
RUN260206C00016500,16.5,4.15,2.79,4.45,12.0,11.0,1.5898458007812497,True,CALL,2026-02-06,RUN
RUN260206C00017000,17.0,3.5,2.3,4.0,25.0,120.0,1.455080849609375,True,CALL,2026-02-06,RUN
RUN260206C00017500,17.5,2.29,1.98,2.92,3.0,84.0,1.083988955078125,True,CALL,2026-02-06,RUN
RUN260206C00018000,18.0,3.21,1.58,2.51,4.0,284.0,1.01953615234375,True,CALL,2026-02-06,RUN
RUN260206C00018500,18.5,1.84,1.32,1.72,3.0,116.0,0.8281267187499999,True,CALL,2026-02-06,RUN
RUN260206C00019000,19.0,1.31,1.16,1.47,123.0,321.0,0.9003916210937499,True,CALL,2026-02-06,RUN
RUN260206C00019500,19.5,0.92,0.88,1.01,63.0,264.0,0.8017597949218749,False,CALL,2026-02-06,RUN
RUN260206C00020000,20.0,0.73,0.66,0.8,436.0,651.0,0.79883013671875,False,CALL,2026-02-06,RUN
RUN260206C00020500,20.5,0.53,0.49,0.6,26.0,80.0,0.790041162109375,False,CALL,2026-02-06,RUN
RUN260206C00021000,21.0,0.49,0.35,0.45,15.0,785.0,0.7851583984375,False,CALL,2026-02-06,RUN
RUN260206C00021500,21.5,0.31,0.11,0.34,6.0,108.0,0.70898728515625,False,CALL,2026-02-06,RUN
RUN260206C00022000,22.0,0.22,0.19,0.27,41.0,236.0,0.8105487695312499,False,CALL,2026-02-06,RUN
RUN260206C00022500,22.5,0.13,0.07,0.25,1.0,86.0,0.804689453125,False,CALL,2026-02-06,RUN
RUN260206C00023000,23.0,0.16,0.1,0.23,33.0,221.0,0.8906260937499999,False,CALL,2026-02-06,RUN
RUN260206C00024000,24.0,0.07,0.05,0.12,2.0,166.0,0.8867198828124999,False,CALL,2026-02-06,RUN
RUN260206C00025000,25.0,0.04,0.0,0.32,2.0,14.0,1.173832255859375,False,CALL,2026-02-06,RUN
RUN260206P00014000,14.0,0.03,0.0,0.27,1.0,62.0,1.4765651171875,False,PUT,2026-02-06,RUN
RUN260206P00014500,14.5,0.04,0.0,0.45,38.0,47.0,1.5468772656249998,False,PUT,2026-02-06,RUN
RUN260206P00015000,15.0,0.04,0.0,0.52,1.0,64.0,1.47265888671875,False,PUT,2026-02-06,RUN
RUN260206P00015500,15.5,0.13,0.0,0.58,11.0,31.0,1.3847687011718748,False,PUT,2026-02-06,RUN
RUN260206P00016000,16.0,0.08,0.0,0.14,2.0,49.0,0.8359391406249999,False,PUT,2026-02-06,RUN
RUN260206P00016500,16.5,0.25,0.04,0.1,46.0,141.0,0.726565234375,False,PUT,2026-02-06,RUN
RUN260206P00017000,17.0,0.24,0.0,0.22,10.0,70.0,0.70312796875,False,PUT,2026-02-06,RUN
RUN260206P00017500,17.5,0.18,0.11,0.26,52.0,53.0,0.70117486328125,False,PUT,2026-02-06,RUN
RUN260206P00018000,18.0,0.26,0.22,0.32,442.0,568.0,0.6718782812500002,False,PUT,2026-02-06,RUN
RUN260206P00018500,18.5,0.43,0.31,0.44,96.0,68.0,0.632816171875,False,PUT,2026-02-06,RUN
RUN260206P00019000,19.0,0.5,0.5,0.6,56.0,5061.0,0.6210975390625001,False,PUT,2026-02-06,RUN
RUN260206P00019500,19.5,0.78,0.74,0.87,119.0,84.0,0.632816171875,True,PUT,2026-02-06,RUN
RUN260206P00020000,20.0,1.01,0.95,1.17,81.0,95.0,0.6015664843750002,True,PUT,2026-02-06,RUN
RUN260206P00020500,20.5,1.51,1.04,1.55,10.0,34.0,0.73633076171875,True,PUT,2026-02-06,RUN
RUN260206P00021000,21.0,1.84,1.5,1.95,89.0,28.0,0.5312546875,True,PUT,2026-02-06,RUN
RUN260206P00021500,21.5,1.9,1.81,2.39,58.0,63.0,0.8203142968749999,True,PUT,2026-02-06,RUN
RUN260206P00022000,22.0,2.02,2.05,2.84,30.0,132.0,0.8652357226562499,True,PUT,2026-02-06,RUN
RUN260206P00023000,23.0,2.42,2.3,3.9,6.0,12.0,1.12109814453125,True,PUT,2026-02-06,RUN
RUN260206P00024000,24.0,6.32,3.2,4.95,,1.0,1.3515657421874998,True,PUT,2026-02-06,RUN
RUN260213C00015500,15.5,3.59,3.9,5.55,,1.0,1.5390648046875,True,CALL,2026-02-13,RUN
RUN260213C00016500,16.5,2.69,3.05,4.65,,1.0,1.3789093554687497,True,CALL,2026-02-13,RUN
RUN260213C00017000,17.0,3.3,2.77,4.1,20.0,24.0,1.3105503222656247,True,CALL,2026-02-13,RUN
RUN260213C00017500,17.5,3.18,2.36,3.1,3.0,8.0,1.0253954980468751,True,CALL,2026-02-13,RUN
RUN260213C00018000,18.0,3.72,1.91,2.37,2.0,76.0,0.8320329296874999,True,CALL,2026-02-13,RUN
RUN260213C00018500,18.5,3.29,1.64,1.97,2.0,67.0,0.8115253222656249,True,CALL,2026-02-13,RUN
RUN260213C00019000,19.0,1.64,1.38,1.68,11.0,129.0,0.8115253222656249,True,CALL,2026-02-13,RUN
RUN260213C00019500,19.5,1.39,1.18,1.43,6.0,31.0,0.823243955078125,False,CALL,2026-02-13,RUN
RUN260213C00020000,20.0,1.27,0.95,1.14,10.0,110.0,0.7949239257812499,False,CALL,2026-02-13,RUN
RUN260213C00021000,21.0,0.92,0.54,0.82,6.0,83.0,0.7812521875,False,CALL,2026-02-13,RUN
RUN260213C00022000,22.0,1.02,0.42,0.59,9.0,21.0,0.8330094824218748,False,CALL,2026-02-13,RUN
RUN260213C00022500,22.5,0.55,0.32,0.5,5.0,23.0,0.8349625878906248,False,CALL,2026-02-13,RUN
RUN260213C00023000,23.0,0.94,0.15,0.43,64.0,62.0,0.79883013671875,False,CALL,2026-02-13,RUN
RUN260213C00024000,24.0,0.22,0.15,0.6,14.0,517.0,1.0039112304687499,False,CALL,2026-02-13,RUN
RUN260213C00025000,25.0,0.31,0.03,0.24,15.0,23.0,0.8437515624999999,False,CALL,2026-02-13,RUN
RUN260213P00014000,14.0,0.08,0.0,0.47,5.0,11.0,1.2812535937499998,False,PUT,2026-02-13,RUN
RUN260213P00015000,15.0,0.07,0.0,0.28,1.0,59.0,0.92773509765625,False,PUT,2026-02-13,RUN
RUN260213P00015500,15.5,0.11,0.1,0.22,1.0,7.0,0.867188828125,False,PUT,2026-02-13,RUN
RUN260213P00016000,16.0,0.19,0.1,0.2,2.0,19.0,0.7597680273437502,False,PUT,2026-02-13,RUN
RUN260213P00016500,16.5,0.12,0.14,0.35,11.0,55.0,0.7832052929687501,False,PUT,2026-02-13,RUN
RUN260213P00017000,17.0,0.31,0.22,0.31,3.0,18.0,0.7050810742187501,False,PUT,2026-02-13,RUN
RUN260213P00017500,17.5,0.41,0.22,0.5,2.0,65.0,0.6875031250000001,False,PUT,2026-02-13,RUN
RUN260213P00018000,18.0,0.3,0.21,0.65,9.0,9.0,0.63086306640625,False,PUT,2026-02-13,RUN
RUN260213P00018500,18.5,0.5,0.52,0.83,200.0,210.0,0.6816438085937502,False,PUT,2026-02-13,RUN
RUN260213P00019000,19.0,0.72,0.28,1.01,13.0,36.0,0.526371923828125,False,PUT,2026-02-13,RUN
RUN260213P00019500,19.5,0.59,1.04,1.31,13.0,6.0,0.70312796875,True,PUT,2026-02-13,RUN
RUN260213P00020000,20.0,1.12,1.14,1.58,27.0,21.0,0.64062859375,True,PUT,2026-02-13,RUN
RUN260213P00021000,21.0,1.76,1.01,2.21,3.0,12.0,0.7578149218750001,True,PUT,2026-02-13,RUN
RUN260213P00022000,22.0,2.9,2.45,2.94,40.0,32.0,0.50586431640625,True,PUT,2026-02-13,RUN
RUN260213P00022500,22.5,2.1,2.05,3.45,3.0,3.0,0.81445498046875,True,PUT,2026-02-13,RUN
RUN260220C00014000,14.0,6.73,5.35,6.95,8.0,68.0,1.5566428417968747,True,CALL,2026-02-20,RUN
RUN260220C00014500,14.5,7.03,4.65,6.45,3.0,3.0,1.359378203125,True,CALL,2026-02-20,RUN
RUN260220C00015000,15.0,4.6,4.6,4.95,10.0,817.0,1.0058643457031249,True,CALL,2026-02-20,RUN
RUN260220C00016000,16.0,4.05,3.7,4.5,5.0,67.0,1.083988955078125,True,CALL,2026-02-20,RUN
RUN260220C00016500,16.5,2.2,3.2,4.75,,22.0,1.2324257128906249,True,CALL,2026-02-20,RUN
RUN260220C00017000,17.0,4.6,2.75,3.65,59.0,356.0,0.9433599414062499,True,CALL,2026-02-20,RUN
RUN260220C00017500,17.5,4.4,2.41,3.05,43.0,808.0,0.8554701953125,True,CALL,2026-02-20,RUN
RUN260220C00018000,18.0,2.33,2.14,2.53,25.0,3761.0,0.807619111328125,True,CALL,2026-02-20,RUN
RUN260220C00018500,18.5,3.6,1.8,2.19,3.0,40.0,0.7812521875,True,CALL,2026-02-20,RUN
RUN260220C00019000,19.0,1.75,1.65,1.86,102.0,4733.0,0.7949239257812499,True,CALL,2026-02-20,RUN
RUN260220C00019500,19.5,1.53,1.41,1.6,36.0,46.0,0.790041162109375,False,CALL,2026-02-20,RUN
RUN260220C00020000,20.0,1.29,1.23,1.38,80.0,2664.0,0.79687703125,False,CALL,2026-02-20,RUN
RUN260220C00020500,20.5,1.1,1.0,1.16,24.0,40.0,0.77929908203125,False,CALL,2026-02-20,RUN
RUN260220C00021000,21.0,0.92,0.85,0.99,19.0,3352.0,0.782228740234375,False,CALL,2026-02-20,RUN
RUN260220C00021500,21.5,0.75,0.67,0.83,7.0,122.0,0.7685570019531252,False,CALL,2026-02-20,RUN
RUN260220C00022000,22.0,0.68,0.62,0.69,98.0,1356.0,0.7861349511718749,False,CALL,2026-02-20,RUN
RUN260220C00022500,22.5,1.21,0.49,0.59,83.0,62.0,0.7812521875,False,CALL,2026-02-20,RUN
RUN260220C00023000,23.0,0.7,0.4,0.5,12.0,751.0,0.7832052929687501,False,CALL,2026-02-20,RUN
RUN260220C00024000,24.0,0.3,0.26,0.43,6.0,1426.0,0.81445498046875,False,CALL,2026-02-20,RUN
RUN260220C00025000,25.0,0.3,0.15,0.33,79.0,4048.0,0.8183611914062499,False,CALL,2026-02-20,RUN
RUN260220P00014000,14.0,0.09,0.0,0.11,7.0,494.0,0.7617211328125001,False,PUT,2026-02-20,RUN
RUN260220P00014500,14.5,0.1,0.1,0.12,9.0,5006.0,0.804689453125,False,PUT,2026-02-20,RUN
RUN260220P00015000,15.0,0.13,0.11,0.15,386.0,528.0,0.7578149218750001,False,PUT,2026-02-20,RUN
RUN260220P00015500,15.5,0.18,0.15,0.24,11.0,24.0,0.7656273437500001,False,PUT,2026-02-20,RUN
RUN260220P00016000,16.0,0.25,0.21,0.44,6.0,543.0,0.8115253222656249,False,PUT,2026-02-20,RUN
RUN260220P00016500,16.5,0.49,0.07,0.47,,71.0,0.6757844921875001,False,PUT,2026-02-20,RUN
RUN260220P00017000,17.0,0.34,0.21,0.5,43.0,1074.0,0.659183095703125,False,PUT,2026-02-20,RUN
RUN260220P00017500,17.5,0.58,0.49,0.6,7.0,32.0,0.6972686523437501,False,PUT,2026-02-20,RUN
RUN260220P00018000,18.0,0.7,0.66,0.72,89.0,406.0,0.68555001953125,False,PUT,2026-02-20,RUN
RUN260220P00018500,18.5,0.75,0.75,0.93,15.0,77.0,0.6601596484375001,False,PUT,2026-02-20,RUN
RUN260220P00019000,19.0,1.12,1.01,1.14,99.0,1453.0,0.6660189648437502,False,PUT,2026-02-20,RUN
RUN260220P00019500,19.5,1.32,1.26,1.39,738.0,131.0,0.6640658593750002,True,PUT,2026-02-20,RUN
RUN260220P00020000,20.0,1.67,1.53,1.66,251.0,1376.0,0.6552768847656252,True,PUT,2026-02-20,RUN
RUN260220P00020500,20.5,1.94,1.73,1.96,22.0,58.0,0.6210975390625001,True,PUT,2026-02-20,RUN
RUN260220P00021000,21.0,2.14,1.96,2.28,53.0,385.0,0.5810588769531251,True,PUT,2026-02-20,RUN
RUN260220P00021500,21.5,1.74,1.74,2.76,21.0,21.0,0.737307314453125,True,PUT,2026-02-20,RUN
RUN260220P00022000,22.0,2.26,2.15,3.15,20.0,256.0,0.74414318359375,True,PUT,2026-02-20,RUN
RUN260220P00023000,23.0,3.65,3.4,3.95,4.0,101.0,0.500005,True,PUT,2026-02-20,RUN
RUN260220P00024000,24.0,4.1,3.45,5.0,1.0,187.0,0.8828136718749999,True,PUT,2026-02-20,RUN
RUN260220P00025000,25.0,4.45,5.15,5.8,4.0,49.0,0.81445498046875,True,PUT,2026-02-20,RUN
RUN260227C00016000,16.0,4.65,3.15,5.1,2.0,2.0,0.9648441015625,True,CALL,2026-02-27,RUN
RUN260227C00017000,17.0,4.15,3.05,4.15,1.0,28.0,1.0459032080078128,True,CALL,2026-02-27,RUN
RUN260227C00018000,18.0,4.2,2.64,3.15,2.0,16.0,0.98437515625,True,CALL,2026-02-27,RUN
RUN260227C00018500,18.5,2.87,2.34,2.76,3.0,40.0,0.94726615234375,True,CALL,2026-02-27,RUN
RUN260227C00019000,19.0,1.98,2.01,2.5,1.0,37.0,0.9267585449218749,True,CALL,2026-02-27,RUN
RUN260227C00019500,19.5,2.08,1.88,2.26,4.0,15.0,0.94726615234375,False,CALL,2026-02-27,RUN
RUN260227C00020000,20.0,1.95,1.73,2.02,21.0,273.0,0.954102021484375,False,CALL,2026-02-27,RUN
RUN260227C00021000,21.0,1.59,1.32,1.63,15.0,237.0,0.9414068359375,False,CALL,2026-02-27,RUN
RUN260227C00022000,22.0,1.31,1.09,1.35,4.0,144.0,0.9648441015625,False,CALL,2026-02-27,RUN
RUN260227C00022500,22.5,1.05,1.0,1.32,26.0,108.0,1.000005,False,CALL,2026-02-27,RUN
RUN260227C00023000,23.0,1.11,0.0,1.17,1.0,43.0,0.76367423828125,False,CALL,2026-02-27,RUN
RUN260227C00024000,24.0,1.15,0.62,0.85,1.0,14.0,0.9501958105468749,False,CALL,2026-02-27,RUN
RUN260227C00025000,25.0,0.5,0.5,0.72,2.0,41.0,0.9726565234375,False,CALL,2026-02-27,RUN
RUN260227P00014000,14.0,0.31,0.0,0.66,1.0,127.0,1.0351610742187503,False,PUT,2026-02-27,RUN
RUN260227P00014500,14.5,0.3,0.0,0.9,2.0,8.0,1.05859845703125,False,PUT,2026-02-27,RUN
RUN260227P00015000,15.0,0.29,0.21,0.52,5.0,144.0,0.9023447265625,False,PUT,2026-02-27,RUN
RUN260227P00015500,15.5,0.45,0.11,0.97,3.0,44.0,0.9531254687499999,False,PUT,2026-02-27,RUN
RUN260227P00016000,16.0,0.6,0.24,0.74,15.0,52.0,0.8320329296874999,False,PUT,2026-02-27,RUN
RUN260227P00016500,16.5,0.8,0.63,0.83,1.0,23.0,0.8984385156249999,False,PUT,2026-02-27,RUN
RUN260227P00017000,17.0,0.8,0.79,1.01,2.0,56.0,0.901368173828125,False,PUT,2026-02-27,RUN
RUN260227P00017500,17.5,0.7,0.49,1.18,11.0,21.0,0.770510107421875,False,PUT,2026-02-27,RUN
RUN260227P00018000,18.0,1.2,0.61,1.39,22.0,26.0,0.7578149218750001,False,PUT,2026-02-27,RUN
RUN260227P00018500,18.5,1.14,0.76,1.63,11.0,17.0,0.7480493945312501,False,PUT,2026-02-27,RUN
RUN260227P00019000,19.0,1.28,0.72,1.83,25.0,39.0,0.6757844921875001,False,PUT,2026-02-27,RUN
RUN260227P00019500,19.5,1.47,0.73,2.08,7.0,14.0,0.6171913281250001,True,PUT,2026-02-27,RUN
RUN260227P00022000,22.0,4.0,2.29,3.7,,4.0,0.5664105859375,True,PUT,2026-02-27,RUN
RUN260306C00018000,18.0,2.94,2.75,3.25,1.0,1.0,0.9326178613281251,True,CALL,2026-03-06,RUN
RUN260306C00020000,20.0,3.25,1.86,2.23,25.0,26.0,0.928711650390625,False,CALL,2026-03-06,RUN
RUN260306P00015000,15.0,0.43,0.24,0.64,3.0,4.0,0.868165380859375,False,PUT,2026-03-06,RUN
RUN260306P00024000,24.0,5.15,3.9,5.4,2.0,1.0,0.90429783203125,True,PUT,2026-03-06,RUN
RUN260320C00014000,14.0,6.1,6.0,6.6,11.0,285.0,1.1318402783203125,True,CALL,2026-03-20,RUN
RUN260320C00015000,15.0,6.95,5.15,5.6,6.0,870.0,1.013676806640625,True,CALL,2026-03-20,RUN
RUN260320C00016000,16.0,5.18,4.3,5.35,1.0,145.0,1.0605515722656251,True,CALL,2026-03-20,RUN
RUN260320C00017000,17.0,4.92,3.7,4.15,3.0,152.0,0.9345709667968749,True,CALL,2026-03-20,RUN
RUN260320C00018000,18.0,3.32,3.3,3.55,6.0,3907.0,0.9531254687499999,True,CALL,2026-03-20,RUN
RUN260320C00019000,19.0,2.9,2.79,3.1,12.0,4220.0,0.95507857421875,True,CALL,2026-03-20,RUN
RUN260320C00020000,20.0,2.5,2.35,2.61,39.0,3803.0,0.9414068359375,False,CALL,2026-03-20,RUN
RUN260320C00021000,21.0,2.15,1.97,2.29,375.0,1340.0,0.9487309814453124,False,CALL,2026-03-20,RUN
RUN260320C00022000,22.0,1.74,1.65,1.83,226.0,2333.0,0.9248054394531251,False,CALL,2026-03-20,RUN
RUN260320C00023000,23.0,1.52,1.38,1.65,4.0,1071.0,0.9433599414062499,False,CALL,2026-03-20,RUN
RUN260320C00024000,24.0,1.35,1.12,1.27,20.0,5732.0,0.91211025390625,False,CALL,2026-03-20,RUN
RUN260320C00025000,25.0,1.0,0.93,1.08,29.0,8390.0,0.9150399121093751,False,CALL,2026-03-20,RUN
RUN260320P00014000,14.0,0.37,0.23,0.62,11.0,5120.0,0.8623060644531251,False,PUT,2026-03-20,RUN
RUN260320P00015000,15.0,0.61,0.6,0.74,20.0,1126.0,0.8720715917968749,False,PUT,2026-03-20,RUN
RUN260320P00016000,16.0,1.0,0.8,1.02,3.0,593.0,0.8457046679687499,False,PUT,2026-03-20,RUN
RUN260320P00017000,17.0,1.25,1.21,1.36,63.0,2150.0,0.851563984375,False,PUT,2026-03-20,RUN
RUN260320P00018000,18.0,1.74,1.59,1.77,55.0,806.0,0.8378922460937499,False,PUT,2026-03-20,RUN
RUN260320P00019000,19.0,2.2,2.06,2.42,233.0,1518.0,0.85937640625,False,PUT,2026-03-20,RUN
RUN260320P00020000,20.0,2.6,2.59,2.81,6.0,843.0,0.82226740234375,True,PUT,2026-03-20,RUN
RUN260320P00021000,21.0,3.0,3.05,3.45,4.0,428.0,0.7949239257812499,True,PUT,2026-03-20,RUN
RUN260320P00022000,22.0,3.4,3.8,4.15,1.0,192.0,0.8085956640624999,True,PUT,2026-03-20,RUN
RUN260320P00023000,23.0,3.95,3.55,4.8,17.0,114.0,0.596683720703125,True,PUT,2026-03-20,RUN
RUN260320P00024000,24.0,4.7,4.4,5.6,2.0,138.0,0.5927775097656252,True,PUT,2026-03-20,RUN
RUN260320P00025000,25.0,6.15,5.65,6.4,4.0,63.0,0.6738313867187502,True,PUT,2026-03-20,RUN
RUN260515C00014000,14.0,7.16,6.5,7.25,2.0,50.0,0.992187578125,True,CALL,2026-05-15,RUN
RUN260515C00015000,15.0,6.3,4.9,7.5,12.0,44.0,0.9711916943359374,True,CALL,2026-05-15,RUN
RUN260515C00016000,16.0,6.1,5.35,6.1,3.0,37.0,0.9975586181640624,True,CALL,2026-05-15,RUN
RUN260515C00017000,17.0,5.03,4.9,5.15,539.0,1070.0,0.9467778759765625,True,CALL,2026-05-15,RUN
RUN260515C00018000,18.0,4.58,4.3,4.75,1.0,133.0,0.9414068359375,True,CALL,2026-05-15,RUN
RUN260515C00019000,19.0,5.31,3.7,4.2,30.0,370.0,0.9072274902343749,True,CALL,2026-05-15,RUN
RUN260515C00020000,20.0,3.71,3.5,3.7,79.0,542.0,0.9194343994140625,False,CALL,2026-05-15,RUN
RUN260515C00021000,21.0,3.33,3.05,3.35,62.0,304.0,0.9101571484375,False,CALL,2026-05-15,RUN
RUN260515C00022000,22.0,2.85,2.69,3.0,5.0,139.0,0.903321279296875,False,CALL,2026-05-15,RUN
RUN260515C00023000,23.0,2.61,2.39,2.87,108.0,85.0,0.92187578125,False,CALL,2026-05-15,RUN
RUN260515C00024000,24.0,2.25,2.06,2.35,5.0,112.0,0.8833019482421874,False,CALL,2026-05-15,RUN
RUN260515C00025000,25.0,2.6,1.85,2.31,4.0,448.0,0.9101571484375,False,CALL,2026-05-15,RUN
RUN260515P00014000,14.0,1.1,0.97,1.25,3.0,255.0,0.8740246972656249,False,PUT,2026-05-15,RUN
RUN260515P00015000,15.0,1.62,1.19,1.45,1.0,39.0,0.8281267187499999,False,PUT,2026-05-15,RUN
RUN260515P00016000,16.0,1.6,1.6,1.88,2.0,76.0,0.8369156933593749,False,PUT,2026-05-15,RUN
RUN260515P00017000,17.0,2.0,2.04,2.32,1.0,162.0,0.8349625878906248,False,PUT,2026-05-15,RUN
RUN260515P00018000,18.0,2.23,1.88,2.84,20.0,513.0,0.7534204345703125,False,PUT,2026-05-15,RUN
RUN260515P00019000,19.0,2.66,2.73,3.35,4.0,228.0,0.7895528857421875,False,PUT,2026-05-15,RUN
RUN260515P00020000,20.0,3.74,3.4,3.85,12.0,153.0,0.789064609375,True,PUT,2026-05-15,RUN
RUN260515P00021000,21.0,3.8,3.4,4.6,1.0,194.0,0.7280300634765625,True,PUT,2026-05-15,RUN
RUN260515P00022000,22.0,4.26,3.9,5.2,6.0,125.0,0.6977569287109376,True,PUT,2026-05-15,RUN
RUN260515P00023000,23.0,5.9,4.45,5.9,10.0,61.0,0.6748079394531252,True,PUT,2026-05-15,RUN
RUN260515P00024000,24.0,6.06,5.6,6.7,4.0,18.0,0.7299831689453125,True,PUT,2026-05-15,RUN
RUN260515P00025000,25.0,6.24,5.9,7.3,1.0,2.0,0.64062859375,True,PUT,2026-05-15,RUN
RUN260618C00014000,14.0,7.92,5.8,8.45,2.0,12.0,0.93945373046875,True,CALL,2026-06-18,RUN
RUN260618C00015000,15.0,8.1,5.2,7.8,1.0,883.0,0.9282233740234375,True,CALL,2026-06-18,RUN
RUN260618C00016000,16.0,6.52,4.6,6.2,1.0,13.0,0.7866232275390624,True,CALL,2026-06-18,RUN
RUN260618C00017000,17.0,6.75,5.0,5.65,13.0,4592.0,0.8959971337890623,True,CALL,2026-06-18,RUN
RUN260618C00018000,18.0,5.2,4.55,5.05,1.0,109.0,0.8823253955078124,True,CALL,2026-06-18,RUN
RUN260618C00019000,19.0,4.25,4.1,5.0,6.0,94.0,0.920899228515625,True,CALL,2026-06-18,RUN
RUN260618C00020000,20.0,4.05,3.7,4.3,5.0,1320.0,0.885743330078125,False,CALL,2026-06-18,RUN
RUN260618C00021000,21.0,3.75,3.4,3.95,45.0,303.0,0.8920909228515624,False,CALL,2026-06-18,RUN
RUN260618C00022000,22.0,3.31,3.1,3.75,2.0,514.0,0.9072274902343749,False,CALL,2026-06-18,RUN
RUN260618C00023000,23.0,3.77,2.7,3.3,3.0,46.0,0.8801281518554687,False,CALL,2026-06-18,RUN
RUN260618C00024000,24.0,2.42,2.4,3.25,20.0,144.0,0.8994150683593749,False,CALL,2026-06-18,RUN
RUN260618C00025000,25.0,2.85,2.21,2.73,3.0,613.0,0.875977802734375,False,CALL,2026-06-18,RUN
RUN260618P00014000,14.0,1.39,0.66,1.53,1.0,3117.0,0.7563500927734376,False,PUT,2026-06-18,RUN
RUN260618P00015000,15.0,1.4,1.12,1.74,1.0,3463.0,0.7524438818359375,False,PUT,2026-06-18,RUN
RUN260618P00016000,16.0,2.03,1.25,2.21,2.0,50.0,0.726565234375,False,PUT,2026-06-18,RUN
RUN260618P00017000,17.0,2.0,1.63,2.65,10.0,698.0,0.7182645361328125,False,PUT,2026-06-18,RUN
RUN260618P00018000,18.0,2.56,2.05,3.2,1.0,111.0,0.7158231542968749,False,PUT,2026-06-18,RUN
RUN260618P00019000,19.0,3.2,2.69,3.7,10.0,10.0,0.7211941943359376,False,PUT,2026-06-18,RUN
RUN260618P00020000,20.0,4.2,3.6,4.3,6.0,62.0,0.75586181640625,True,PUT,2026-06-18,RUN
RUN260618P00021000,21.0,5.05,3.75,4.9,354.0,318.0,0.7016631396484375,True,PUT,2026-06-18,RUN
RUN260618P00022000,22.0,5.7,4.15,5.6,2.0,20.0,0.6757844921875001,True,PUT,2026-06-18,RUN
RUN260618P00023000,23.0,6.03,4.9,6.3,1.0,5.0,0.6787141503906251,True,PUT,2026-06-18,RUN
RUN260618P00024000,24.0,7.15,5.5,6.95,33.0,42.0,0.6523472265625001,True,PUT,2026-06-18,RUN
RUN260618P00025000,25.0,6.8,6.2,7.8,3.0,42.0,0.6513706738281251,True,PUT,2026-06-18,RUN
RUN260821C00014000,14.0,5.77,7.15,9.1,1.0,9.0,1.021489267578125,True,CALL,2026-08-21,RUN
RUN260821C00015000,15.0,7.55,6.6,8.45,1.0,5.0,0.999023447265625,True,CALL,2026-08-21,RUN
RUN260821C00016000,16.0,6.55,6.3,7.9,21.0,21.0,1.0087940185546875,True,CALL,2026-08-21,RUN
RUN260821C00017000,17.0,6.44,5.65,6.55,1.0,4.0,0.8959971337890623,True,CALL,2026-08-21,RUN
RUN260821C00018000,18.0,5.67,5.25,6.15,2.0,68.0,0.9016123120117188,True,CALL,2026-08-21,RUN
RUN260821C00019000,19.0,5.25,4.85,5.7,4.0,30.0,0.896241271972656,True,CALL,2026-08-21,RUN
RUN260821C00020000,20.0,5.83,4.45,5.35,1.0,13.0,0.8947764428710936,False,CALL,2026-08-21,RUN
RUN260821C00021000,21.0,4.62,4.2,4.9,1.0,6.0,0.8928233374023438,False,CALL,2026-08-21,RUN
RUN260821C00022000,22.0,5.25,3.85,4.65,3.0,65.0,0.8952647192382811,False,CALL,2026-08-21,RUN
RUN260821C00023000,23.0,3.65,3.45,4.35,1.0,11.0,0.88476677734375,False,CALL,2026-08-21,RUN
RUN260821C00024000,24.0,3.79,3.15,4.05,,14.0,0.8793957373046875,False,CALL,2026-08-21,RUN
RUN260821C00025000,25.0,3.25,2.97,3.8,1.0,11.0,0.8852550537109375,False,CALL,2026-08-21,RUN
RUN260821P00014000,14.0,2.23,1.1,2.06,10.0,20.0,0.75195560546875,False,PUT,2026-08-21,RUN
RUN260821P00015000,15.0,2.68,1.44,2.4,12.0,14.0,0.7368190380859375,False,PUT,2026-08-21,RUN
RUN260821P00016000,16.0,3.11,1.71,2.78,,33.0,0.7114286669921875,False,PUT,2026-08-21,RUN
RUN260821P00017000,17.0,3.0,2.84,3.2,5.0,78.0,0.7688011401367189,False,PUT,2026-08-21,RUN
RUN260821P00018000,18.0,3.7,2.82,3.8,1.0,132.0,0.7216824707031251,False,PUT,2026-08-21,RUN
RUN260821P00019000,19.0,4.35,3.35,4.35,,20.0,0.7158231542968749,False,PUT,2026-08-21,RUN
RUN260821P00020000,20.0,5.3,3.85,4.95,10.0,16.0,0.7055693505859376,True,PUT,2026-08-21,RUN
RUN260821P00022000,22.0,7.1,5.0,6.25,,1.0,0.689700368652344,True,PUT,2026-08-21,RUN
RUN260918C00015000,15.0,7.2,7.05,7.8,1.0,267.0,0.9160164648437501,True,CALL,2026-09-18,RUN
RUN260918C00017000,17.0,6.93,5.05,6.8,10.0,104.0,0.8081073876953124,True,CALL,2026-09-18,RUN
RUN260918C00020000,20.0,5.0,4.85,5.2,16.0,393.0,0.860352958984375,False,CALL,2026-09-18,RUN
RUN260918C00022000,22.0,4.81,4.15,4.45,1.0,211.0,0.8479019116210937,False,CALL,2026-09-18,RUN
RUN260918C00025000,25.0,3.5,3.3,3.65,66.0,6996.0,0.8447281152343749,False,CALL,2026-09-18,RUN
RUN260918P00015000,15.0,2.5,1.58,2.57,20.0,40024.0,0.7241238525390624,False,PUT,2026-09-18,RUN
RUN260918P00017000,17.0,3.15,2.58,3.5,2.0,137.0,0.7248562670898437,False,PUT,2026-09-18,RUN
RUN260918P00020000,20.0,4.3,4.15,5.25,1.0,1001.0,0.7116728051757812,True,PUT,2026-09-18,RUN
RUN260918P00022000,22.0,6.1,5.25,6.55,8.0,211.0,0.6914093359375001,True,PUT,2026-09-18,RUN
RUN260918P00025000,25.0,8.07,7.0,8.6,999.0,1016.0,0.6428258374023439,True,PUT,2026-09-18,RUN
RUN270115C00015000,15.0,9.15,7.95,8.9,27.0,6195.0,0.9165047412109376,True,CALL,2027-01-15,RUN
RUN270115C00017000,17.0,7.97,7.05,7.95,1.0,6791.0,0.8991709301757811,True,CALL,2027-01-15,RUN
RUN270115C00020000,20.0,6.1,5.95,6.2,16.0,2562.0,0.8461929443359374,False,CALL,2027-01-15,RUN
RUN270115C00022000,22.0,5.6,5.05,5.85,2.0,319.0,0.8442398388671875,False,CALL,2027-01-15,RUN
RUN270115C00025000,25.0,4.7,4.25,5.15,2.0,5702.0,0.8483901879882811,False,CALL,2027-01-15,RUN
RUN270115P00015000,15.0,2.73,2.75,3.25,1.0,9991.0,0.7473169799804689,False,PUT,2027-01-15,RUN
RUN270115P00017000,17.0,4.0,3.8,4.35,1.0,1209.0,0.7465845654296875,False,PUT,2027-01-15,RUN
RUN270115P00020000,20.0,5.75,5.55,5.9,3.0,77.0,0.7187528125,True,PUT,2027-01-15,RUN
RUN270115P00022000,22.0,7.05,6.8,7.3,31.0,141.0,0.7148466015625,True,PUT,2027-01-15,RUN
RUN270115P00025000,25.0,9.05,8.7,9.4,2.0,2373.0,0.6889679541015626,True,PUT,2027-01-15,RUN
RUN280121C00015000,15.0,10.42,9.4,11.6,1.0,75.0,0.8977061010742187,True,CALL,2028-01-21,RUN
RUN280121C00017000,17.0,11.5,8.55,11.1,1.0,237.0,0.89257919921875,True,CALL,2028-01-21,RUN
RUN280121C00020000,20.0,8.7,8.3,10.0,11.0,346.0,0.9104012866210938,False,CALL,2028-01-21,RUN
RUN280121C00022000,22.0,8.0,7.5,9.3,1.0,87.0,0.8822033264160156,False,CALL,2028-01-21,RUN
RUN280121C00025000,25.0,8.6,6.8,8.6,2.0,111.0,0.8781750463867187,False,CALL,2028-01-21,RUN
RUN280121P00015000,15.0,4.73,4.2,5.85,1.0,18.0,0.7661156201171876,False,PUT,2028-01-21,RUN
RUN280121P00017000,17.0,5.8,5.05,6.95,10.0,24.0,0.7314479980468749,False,PUT,2028-01-21,RUN
RUN280121P00020000,20.0,8.26,6.75,8.65,1.0,57.0,0.6970245141601563,True,PUT,2028-01-21,RUN
RUN280121P00022000,22.0,10.42,9.5,10.45,,5.0,0.7807639111328125,True,PUT,2028-01-21,RUN
RUN280121P00025000,25.0,11.06,10.05,11.8,1.0,4.0,0.6535679174804689,True,PUT,2028-01-21,RUN
RXRX260130C00003500,3.5,1.13,0.66,0.9,1.0,4.0,2.718753203125,True,CALL,2026-01-30,RXRX
RXRX260130C00004000,4.0,0.38,0.32,0.38,54.0,369.0,0.7500025,True,CALL,2026-01-30,RXRX
RXRX260130C00004500,4.5,0.01,0.01,0.05,1104.0,2282.0,0.6718782812500002,False,CALL,2026-01-30,RXRX
RXRX260130C00005000,5.0,0.01,0.0,0.01,128.0,5855.0,1.0625046875000002,False,CALL,2026-01-30,RXRX
RXRX260130C00005500,5.5,0.01,0.0,0.01,37.0,3298.0,1.625001875,False,CALL,2026-01-30,RXRX
RXRX260130P00003500,3.5,0.03,0.0,0.75,10.0,40.0,6.2812521484375,False,PUT,2026-01-30,RXRX
RXRX260130P00004000,4.0,0.01,0.0,0.01,3.0,754.0,0.6875031250000001,False,PUT,2026-01-30,RXRX
RXRX260130P00004500,4.5,0.17,0.15,0.19,242.0,2719.0,0.6875031250000001,True,PUT,2026-01-30,RXRX
RXRX260130P00005000,5.0,0.66,0.6,0.72,48.0,579.0,0.87500125,True,PUT,2026-01-30,RXRX
RXRX260130P00005500,5.5,1.12,1.02,1.25,2.0,34.0,3.156252109375,True,PUT,2026-01-30,RXRX
RXRX260206C00003500,3.5,1.17,0.0,1.93,30.0,30.0,1.703126484375,True,CALL,2026-02-06,RXRX
RXRX260206C00004000,4.0,0.44,0.4,0.55,74.0,320.0,1.0312548437500002,True,CALL,2026-02-06,RXRX
RXRX260206C00004500,4.5,0.14,0.13,0.17,67.0,426.0,0.79687703125,False,CALL,2026-02-06,RXRX
RXRX260206C00005000,5.0,0.05,0.0,0.06,518.0,2756.0,0.7500025,False,CALL,2026-02-06,RXRX
RXRX260206C00005500,5.5,0.01,0.0,0.01,11.0,2004.0,0.7500025,False,CALL,2026-02-06,RXRX
RXRX260206P00003500,3.5,0.01,0.0,0.04,4.0,9.0,0.9687503125,False,PUT,2026-02-06,RXRX
RXRX260206P00004000,4.0,0.04,0.03,0.05,4.0,451.0,0.5937540625000001,False,PUT,2026-02-06,RXRX
RXRX260206P00004500,4.5,0.29,0.25,0.29,113.0,745.0,0.648441015625,True,PUT,2026-02-06,RXRX
RXRX260206P00005000,5.0,0.68,0.61,0.71,24.0,520.0,0.8828136718749999,True,PUT,2026-02-06,RXRX
RXRX260206P00005500,5.5,0.8,0.0,1.74,10.0,16.0,3.50781373046875,True,PUT,2026-02-06,RXRX
RXRX260213C00003500,3.5,1.61,0.0,2.98,1.0,4.0,3.16406458984375,True,CALL,2026-02-13,RXRX
RXRX260213C00004000,4.0,0.85,0.0,2.58,2.0,1.0,3.2500018749999997,True,CALL,2026-02-13,RXRX
RXRX260213C00004500,4.5,0.23,0.19,0.26,223.0,631.0,0.804689453125,False,CALL,2026-02-13,RXRX
RXRX260213C00005000,5.0,0.11,0.11,0.13,26.0,714.0,0.914063359375,False,CALL,2026-02-13,RXRX
RXRX260213C00005500,5.5,0.11,0.05,0.1,1.0,527.0,1.0390673046875003,False,CALL,2026-02-13,RXRX
RXRX260213P00003500,3.5,0.38,0.0,1.0,10.0,21.0,2.6562533593750004,False,PUT,2026-02-13,RXRX
RXRX260213P00004000,4.0,0.1,0.07,0.12,6.0,128.0,0.648441015625,False,PUT,2026-02-13,RXRX
RXRX260213P00004500,4.5,0.38,0.29,0.47,32.0,511.0,0.79687703125,True,PUT,2026-02-13,RXRX
RXRX260213P00005000,5.0,0.72,0.65,0.83,12.0,68.0,0.7812521875,True,PUT,2026-02-13,RXRX
RXRX260213P00005500,5.5,0.86,0.7,1.45,2.0,14.0,1.7968760156249999,True,PUT,2026-02-13,RXRX
RXRX260220C00003500,3.5,1.09,0.75,1.33,4.0,11.0,1.3164096679687498,True,CALL,2026-02-20,RXRX
RXRX260220C00004000,4.0,0.56,0.48,0.59,6.0,293.0,0.8085956640624999,True,CALL,2026-02-20,RXRX
RXRX260220C00004500,4.5,0.32,0.3,0.34,250.0,849.0,0.8906260937499999,False,CALL,2026-02-20,RXRX
RXRX260220C00005000,5.0,0.17,0.17,0.2,287.0,6209.0,0.937500625,False,CALL,2026-02-20,RXRX
RXRX260220C00005500,5.5,0.11,0.07,0.13,67.0,4205.0,0.9531254687499999,False,CALL,2026-02-20,RXRX
RXRX260220P00003500,3.5,0.07,0.0,0.05,4.0,21.0,0.632816171875,False,PUT,2026-02-20,RXRX
RXRX260220P00004000,4.0,0.15,0.13,0.19,19.0,2927.0,0.7187528125,False,PUT,2026-02-20,RXRX
RXRX260220P00004500,4.5,0.42,0.37,0.45,120.0,1702.0,0.73437765625,True,PUT,2026-02-20,RXRX
RXRX260220P00005000,5.0,0.79,0.72,0.84,2.0,1183.0,0.773439765625,True,PUT,2026-02-20,RXRX
RXRX260220P00005500,5.5,1.06,0.38,1.78,4.0,15.0,2.285160537109375,True,PUT,2026-02-20,RXRX
RXRX260227C00003500,3.5,1.05,0.0,3.05,4.0,3.0,2.3984415039062497,True,CALL,2026-02-27,RXRX
RXRX260227C00004000,4.0,0.67,0.35,1.05,7.0,31.0,1.0742233789062503,True,CALL,2026-02-27,RXRX
RXRX260227C00004500,4.5,0.35,0.24,0.41,100.0,14.0,0.789064609375,False,CALL,2026-02-27,RXRX
RXRX260227C00005000,5.0,0.25,0.19,0.28,90.0,521.0,0.9335944140625,False,CALL,2026-02-27,RXRX
RXRX260227C00005500,5.5,0.27,0.11,0.24,15.0,435.0,1.0390673046875003,False,CALL,2026-02-27,RXRX
RXRX260227P00003500,3.5,0.09,0.0,0.17,1.0,16.0,0.804689453125,False,PUT,2026-02-27,RXRX
RXRX260227P00004000,4.0,0.22,0.18,0.32,16.0,458.0,0.8359391406249999,False,PUT,2026-02-27,RXRX
RXRX260227P00004500,4.5,0.5,0.4,0.63,731.0,613.0,0.8554701953125,True,PUT,2026-02-27,RXRX
RXRX260227P00005000,5.0,0.85,0.74,0.98,24.0,113.0,0.85937640625,True,PUT,2026-02-27,RXRX
RXRX260227P00005500,5.5,1.12,0.84,1.95,,1.0,1.1875040625,True,PUT,2026-02-27,RXRX
RXRX260306C00004500,4.5,0.57,0.24,0.53,4.0,66.0,0.8203142968749999,False,CALL,2026-03-06,RXRX
RXRX260306C00005000,5.0,0.25,0.15,0.5,22.0,183.0,1.01172369140625,False,CALL,2026-03-06,RXRX
RXRX260306C00005500,5.5,0.52,0.0,0.42,,1.0,1.01172369140625,False,CALL,2026-03-06,RXRX
RXRX260320C00003500,3.5,1.3,0.0,1.34,50.0,122.0,1.484377578125,True,CALL,2026-03-20,RXRX
RXRX260320C00004000,4.0,0.75,0.65,0.75,53.0,2190.0,0.8242205078124999,True,CALL,2026-03-20,RXRX
RXRX260320C00004500,4.5,0.51,0.45,0.56,607.0,1809.0,0.88476677734375,False,CALL,2026-03-20,RXRX
RXRX260320C00005000,5.0,0.38,0.34,0.46,252.0,8606.0,0.9804689453125001,False,CALL,2026-03-20,RXRX
RXRX260320C00005500,5.5,0.25,0.23,0.32,6.0,866.0,0.9765627343750001,False,CALL,2026-03-20,RXRX
RXRX260320P00003500,3.5,0.14,0.0,0.3,900.0,964.0,0.7773459765625,False,PUT,2026-03-20,RXRX
RXRX260320P00004000,4.0,0.33,0.28,0.33,21.0,4382.0,0.73437765625,False,PUT,2026-03-20,RXRX
RXRX260320P00004500,4.5,0.54,0.51,0.7,11.0,5033.0,0.79687703125,True,PUT,2026-03-20,RXRX
RXRX260320P00005000,5.0,0.97,0.91,1.0,1.0,2608.0,0.8164080859374999,True,PUT,2026-03-20,RXRX
RXRX260320P00005500,5.5,2.12,0.75,1.9,3.0,27.0,0.7812521875,True,PUT,2026-03-20,RXRX
RXRX260618C00003500,3.5,1.3,1.11,1.92,5.0,20.0,1.09375453125,True,CALL,2026-06-18,RXRX
RXRX260618C00004000,4.0,1.1,0.99,1.26,46.0,2192.0,0.9257819921875,True,CALL,2026-06-18,RXRX
RXRX260618C00004500,4.5,0.95,0.85,0.98,44.0,864.0,0.9179695703125,False,CALL,2026-06-18,RXRX
RXRX260618C00005000,5.0,0.79,0.79,0.88,127.0,4525.0,0.9960937890625,False,CALL,2026-06-18,RXRX
RXRX260618C00005500,5.5,0.67,0.47,0.82,110.0,1064.0,0.9443364941406249,False,CALL,2026-06-18,RXRX
RXRX260618P00003500,3.5,0.4,0.39,0.45,45.0,604.0,0.8027363476562499,False,PUT,2026-06-18,RXRX
RXRX260618P00004000,4.0,0.64,0.64,0.72,6.0,1890.0,0.82226740234375,False,PUT,2026-06-18,RXRX
RXRX260618P00004500,4.5,0.97,0.88,1.1,1.0,1340.0,0.8378922460937499,True,PUT,2026-06-18,RXRX
RXRX260618P00005000,5.0,1.35,1.29,1.4,19.0,935.0,0.85937640625,True,PUT,2026-06-18,RXRX
RXRX260618P00005500,5.5,1.54,1.34,2.25,19.0,31.0,0.937500625,True,PUT,2026-06-18,RXRX
RXRX260918C00004000,4.0,1.49,1.02,1.8,19.0,32.0,0.9492192578124999,True,CALL,2026-09-18,RXRX
RXRX260918C00004500,4.5,1.4,1.2,1.64,19.0,11.0,1.0966842041015625,False,CALL,2026-09-18,RXRX
RXRX260918C00005000,5.0,1.18,0.75,1.5,10.0,73.0,0.9863282617187501,False,CALL,2026-09-18,RXRX
RXRX260918C00005500,5.5,1.1,0.65,1.4,18.0,53.0,1.009770576171875,False,CALL,2026-09-18,RXRX
RXRX260918P00004500,4.5,1.13,0.64,2.39,10.0,9.0,1.0488328808593752,True,PUT,2026-09-18,RXRX
RXRX260918P00005000,5.0,1.54,1.03,2.0,11.0,12.0,0.79101771484375,True,PUT,2026-09-18,RXRX
RXRX261120C00004000,4.0,1.55,1.5,1.73,31.0,166.0,0.992187578125,True,CALL,2026-11-20,RXRX
RXRX261120C00004500,4.5,1.67,1.0,2.27,1.0,72.0,1.125004375,False,CALL,2026-11-20,RXRX
RXRX261120C00005000,5.0,1.3,1.1,1.59,4.0,849.0,1.021489267578125,False,CALL,2026-11-20,RXRX
RXRX261120C00005500,5.5,1.25,1.0,2.25,3.0,108.0,1.2939488427734374,False,CALL,2026-11-20,RXRX
RXRX261120P00004000,4.0,0.95,0.89,1.3,33.0,133.0,0.86132951171875,False,PUT,2026-11-20,RXRX
RXRX261120P00005000,5.0,1.91,0.3,2.35,,1.0,0.5800823242187501,True,PUT,2026-11-20,RXRX
RXRX270115C00004000,4.0,1.75,1.6,1.81,35.0,2572.0,0.9707034179687499,True,CALL,2027-01-15,RXRX
RXRX270115C00004500,4.5,1.6,1.55,1.71,42.0,591.0,1.0273486132812502,False,CALL,2027-01-15,RXRX
RXRX270115C00005000,5.0,1.45,1.45,1.5,2066.0,35821.0,1.017583037109375,False,CALL,2027-01-15,RXRX
RXRX270115C00005500,5.5,1.6,1.18,1.59,1.0,456.0,1.0371141894531253,False,CALL,2027-01-15,RXRX
RXRX270115P00004000,4.0,1.23,0.53,1.5,7.0,295.0,0.737307314453125,False,PUT,2027-01-15,RXRX
RXRX270115P00004500,4.5,1.4,1.42,1.6,10.0,483.0,0.84961087890625,True,PUT,2027-01-15,RXRX
RXRX270115P00005000,5.0,1.91,1.82,2.0,59.0,4898.0,0.8798840136718749,True,PUT,2027-01-15,RXRX
RXRX270115P00005500,5.5,2.09,0.12,4.5,6.0,8.0,0.8974619628906249,True,PUT,2027-01-15,RXRX
RXRX280121C00003500,3.5,2.92,2.0,3.7,1.0,26.0,1.236331943359375,True,CALL,2028-01-21,RXRX
RXRX280121C00004000,4.0,2.47,2.3,2.65,17.0,877.0,1.0771530517578127,True,CALL,2028-01-21,RXRX
RXRX280121C00004500,4.5,2.59,2.25,3.05,13.0,122.0,1.2402381738281247,False,CALL,2028-01-21,RXRX
RXRX280121C00005000,5.0,2.4,2.25,2.27,1952.0,10444.0,1.0791061669921875,False,CALL,2028-01-21,RXRX
RXRX280121C00005500,5.5,2.27,1.52,4.3,1.0,17.0,1.4902369238281248,False,CALL,2028-01-21,RXRX
RXRX280121P00004000,4.0,1.59,1.65,2.25,11.0,524.0,0.9765627343750001,False,PUT,2028-01-21,RXRX
RXRX280121P00004500,4.5,2.39,0.0,5.0,1.0,4.0,1.0683640332031252,True,PUT,2028-01-21,RXRX
RXRX280121P00005000,5.0,2.59,1.5,2.88,10.0,1577.0,0.735354208984375,True,PUT,2028-01-21,RXRX
RXRX280121P00005500,5.5,3.11,0.5,5.5,40.0,141.0,0.9257819921875,True,PUT,2028-01-21,RXRX
SBET260130C00006500,6.5,3.64,2.6,3.9,4.0,3.0,6.54687681640625,True,CALL,2026-01-30,SBET
SBET260130C00007500,7.5,1.92,1.61,2.76,1.0,6.0,4.484379394531249,True,CALL,2026-01-30,SBET
SBET260130C00008000,8.0,2.5,1.06,2.26,40.0,25.0,3.57031357421875,True,CALL,2026-01-30,SBET
SBET260130C00008500,8.5,0.75,0.65,1.27,12.0,27.0,1.9218753906250001,True,CALL,2026-01-30,SBET
SBET260130C00009000,9.0,0.39,0.29,0.56,76.0,310.0,1.0625046875000002,True,CALL,2026-01-30,SBET
SBET260130C00009500,9.5,0.2,0.08,0.17,80.0,495.0,0.8359391406249999,False,CALL,2026-01-30,SBET
SBET260130C00010000,10.0,0.03,0.02,0.03,355.0,4411.0,0.79687703125,False,CALL,2026-01-30,SBET
SBET260130C00010500,10.5,0.01,0.01,0.04,82.0,2440.0,1.15625421875,False,CALL,2026-01-30,SBET
SBET260130C00011000,11.0,0.01,0.01,0.03,125.0,4036.0,1.40625296875,False,CALL,2026-01-30,SBET
SBET260130C00011500,11.5,0.01,0.01,0.03,141.0,5604.0,1.6875015625,False,CALL,2026-01-30,SBET
SBET260130C00012000,12.0,0.01,0.0,0.03,30.0,2317.0,1.8437507812499998,False,CALL,2026-01-30,SBET
SBET260130P00006500,6.5,0.41,0.0,0.05,1.0,6.0,2.718753203125,False,PUT,2026-01-30,SBET
SBET260130P00007000,7.0,0.01,0.01,0.02,1.0,11.0,2.031254921875,False,PUT,2026-01-30,SBET
SBET260130P00007500,7.5,0.07,0.0,0.08,2.0,489.0,1.953125234375,False,PUT,2026-01-30,SBET
SBET260130P00008000,8.0,0.24,0.0,0.06,2.0,555.0,1.3750031249999999,False,PUT,2026-01-30,SBET
SBET260130P00008500,8.5,0.03,0.03,0.08,15.0,631.0,1.09375453125,False,PUT,2026-01-30,SBET
SBET260130P00009000,9.0,0.15,0.11,0.17,161.0,4392.0,0.9062509375,False,PUT,2026-01-30,SBET
SBET260130P00009500,9.5,0.42,0.37,0.45,762.0,5755.0,0.9531254687499999,True,PUT,2026-01-30,SBET
SBET260130P00010000,10.0,0.64,0.79,0.89,256.0,1416.0,1.1875040625,True,PUT,2026-01-30,SBET
SBET260130P00010500,10.5,1.08,1.2,1.58,1.0,170.0,1.890625546875,True,PUT,2026-01-30,SBET
SBET260130P00011000,11.0,1.24,1.46,2.1,1.0,45.0,1.46875265625,True,PUT,2026-01-30,SBET
SBET260130P00011500,11.5,1.33,1.8,2.46,2.0,88.0,3.0468773828125,True,PUT,2026-01-30,SBET
SBET260130P00012000,12.0,2.5,2.5,2.92,4.0,20.0,3.1718770703125,True,PUT,2026-01-30,SBET
SBET260206C00007500,7.5,1.67,1.56,2.79,,3.0,2.0898485253906243,True,CALL,2026-02-06,SBET
SBET260206C00008000,8.0,1.96,1.18,1.94,78.0,377.0,1.4609401953124999,True,CALL,2026-02-06,SBET
SBET260206C00009000,9.0,0.75,0.54,0.63,200.0,335.0,0.7929708203125,True,CALL,2026-02-06,SBET
SBET260206C00009500,9.5,0.36,0.35,0.39,68.0,84.0,0.8300798242187499,False,CALL,2026-02-06,SBET
SBET260206C00010000,10.0,0.22,0.21,0.24,122.0,2441.0,0.85937640625,False,CALL,2026-02-06,SBET
SBET260206C00010500,10.5,0.12,0.13,0.16,172.0,1603.0,0.914063359375,False,CALL,2026-02-06,SBET
SBET260206C00011000,11.0,0.07,0.07,0.1,35.0,2006.0,0.929688203125,False,CALL,2026-02-06,SBET
SBET260206C00011500,11.5,0.06,0.04,0.07,122.0,366.0,0.9765627343750001,False,CALL,2026-02-06,SBET
SBET260206C00012000,12.0,0.04,0.02,0.07,45.0,772.0,1.0625046875000002,False,CALL,2026-02-06,SBET
SBET260206P00007500,7.5,0.13,0.04,0.3,1.0,7.0,1.41015919921875,False,PUT,2026-02-06,SBET
SBET260206P00008000,8.0,0.05,0.09,0.14,7.0,41.0,0.9531254687499999,False,PUT,2026-02-06,SBET
SBET260206P00008500,8.5,0.2,0.18,0.26,48.0,251.0,0.914063359375,False,PUT,2026-02-06,SBET
SBET260206P00009000,9.0,0.4,0.35,0.4,252.0,602.0,0.8554701953125,False,PUT,2026-02-06,SBET
SBET260206P00009500,9.5,0.66,0.62,0.7,69.0,178.0,0.8906260937499999,True,PUT,2026-02-06,SBET
SBET260206P00010000,10.0,0.97,0.97,1.06,24.0,230.0,0.9257819921875,True,PUT,2026-02-06,SBET
SBET260206P00010500,10.5,1.12,1.33,1.62,1.0,101.0,1.08203583984375,True,PUT,2026-02-06,SBET
SBET260206P00011000,11.0,1.29,1.55,1.96,6.0,30.0,1.25390998046875,True,PUT,2026-02-06,SBET
SBET260206P00011500,11.5,2.23,2.05,2.66,2.0,3.0,1.140629296875,True,PUT,2026-02-06,SBET
SBET260206P00012000,12.0,2.49,2.55,2.97,2.0,34.0,0.7500025,True,PUT,2026-02-06,SBET
SBET260213C00007500,7.5,1.93,1.7,2.85,,10.0,1.7421887890624999,True,CALL,2026-02-13,SBET
SBET260213C00009000,9.0,0.75,0.73,0.79,3.0,101.0,0.8281267187499999,True,CALL,2026-02-13,SBET
SBET260213C00009500,9.5,0.66,0.49,0.54,25.0,393.0,0.8125018749999999,False,CALL,2026-02-13,SBET
SBET260213C00010000,10.0,0.37,0.34,0.39,418.0,585.0,0.8437515624999999,False,CALL,2026-02-13,SBET
SBET260213C00010500,10.5,0.26,0.24,0.27,21.0,515.0,0.867188828125,False,CALL,2026-02-13,SBET
SBET260213C00011000,11.0,0.17,0.16,0.2,8.0,486.0,0.8945323046874999,False,CALL,2026-02-13,SBET
SBET260213C00011500,11.5,0.13,0.12,0.15,152.0,157.0,0.937500625,False,CALL,2026-02-13,SBET
SBET260213C00012000,12.0,0.12,0.08,0.14,19.0,1441.0,0.992187578125,False,CALL,2026-02-13,SBET
SBET260213P00007000,7.0,0.08,0.02,0.08,3.0,6.0,0.914063359375,False,PUT,2026-02-13,SBET
SBET260213P00007500,7.5,0.08,0.1,0.49,26.0,31.0,1.3164096679687498,False,PUT,2026-02-13,SBET
SBET260213P00008000,8.0,0.15,0.18,0.22,6.0,31.0,0.8906260937499999,False,PUT,2026-02-13,SBET
SBET260213P00008500,8.5,0.27,0.31,0.34,120.0,106.0,0.84961087890625,False,PUT,2026-02-13,SBET
SBET260213P00009000,9.0,0.44,0.5,0.54,10.0,880.0,0.8339860351562498,False,PUT,2026-02-13,SBET
SBET260213P00009500,9.5,0.65,0.77,0.81,2.0,303.0,0.8378922460937499,True,PUT,2026-02-13,SBET
SBET260213P00010000,10.0,1.08,1.1,1.2,2.0,695.0,0.88476677734375,True,PUT,2026-02-13,SBET
SBET260213P00010500,10.5,1.37,1.49,1.61,5.0,56.0,0.929688203125,True,PUT,2026-02-13,SBET
SBET260213P00011000,11.0,1.75,1.61,2.12,1.0,8.0,0.7578149218750001,True,PUT,2026-02-13,SBET
SBET260213P00011500,11.5,2.24,2.29,2.78,1.0,5.0,1.2109414453124998,True,PUT,2026-02-13,SBET
SBET260213P00012000,12.0,2.24,1.9,2.97,5.0,25.0,1.22266013671875,True,PUT,2026-02-13,SBET
SBET260220C00007000,7.0,3.07,2.2,2.99,10.0,46.0,1.4140654296875002,True,CALL,2026-02-20,SBET
SBET260220C00008000,8.0,1.95,1.39,1.96,1.0,185.0,1.0722702636718753,True,CALL,2026-02-20,SBET
SBET260220C00008500,8.5,1.45,1.09,1.19,42.0,74.0,0.79687703125,True,CALL,2026-02-20,SBET
SBET260220C00009000,9.0,1.06,0.79,0.91,14.0,1318.0,0.79101771484375,True,CALL,2026-02-20,SBET
SBET260220C00009500,9.5,0.65,0.56,0.7,420.0,182.0,0.8007832421875,False,CALL,2026-02-20,SBET
SBET260220C00010000,10.0,0.51,0.4,0.53,321.0,3932.0,0.8164080859374999,False,CALL,2026-02-20,SBET
SBET260220C00010500,10.5,0.59,0.31,0.4,1.0,402.0,0.84961087890625,False,CALL,2026-02-20,SBET
SBET260220C00011000,11.0,0.25,0.23,0.27,138.0,1340.0,0.8476577734374999,False,CALL,2026-02-20,SBET
SBET260220C00011500,11.5,0.35,0.17,0.24,7.0,50.0,0.8984385156249999,False,CALL,2026-02-20,SBET
SBET260220C00012000,12.0,0.15,0.13,0.17,36.0,3453.0,0.9062509375,False,CALL,2026-02-20,SBET
SBET260220P00006500,6.5,0.06,0.0,0.08,,3.0,0.87500125,False,PUT,2026-02-20,SBET
SBET260220P00007000,7.0,0.08,0.08,0.11,2.0,81.0,0.8984385156249999,False,PUT,2026-02-20,SBET
SBET260220P00007500,7.5,0.12,0.14,0.17,2.0,88.0,0.8554701953125,False,PUT,2026-02-20,SBET
SBET260220P00008000,8.0,0.23,0.24,0.3,49.0,730.0,0.8476577734374999,False,PUT,2026-02-20,SBET
SBET260220P00008500,8.5,0.24,0.39,0.51,10.0,458.0,0.8632826171875,False,PUT,2026-02-20,SBET
SBET260220P00009000,9.0,0.61,0.6,0.73,77.0,602.0,0.85742330078125,False,PUT,2026-02-20,SBET
SBET260220P00009500,9.5,0.9,0.84,1.01,1.0,182.0,0.8437515624999999,True,PUT,2026-02-20,SBET
SBET260220P00010000,10.0,1.15,1.19,1.31,208.0,1179.0,0.851563984375,True,PUT,2026-02-20,SBET
SBET260220P00010500,10.5,1.45,1.57,1.7,16.0,13.0,0.8789074609374999,True,PUT,2026-02-20,SBET
SBET260220P00011000,11.0,1.4,1.98,2.14,1.0,251.0,0.92187578125,True,PUT,2026-02-20,SBET
SBET260220P00012000,12.0,2.74,2.57,3.05,2.0,134.0,0.6953155468750001,True,PUT,2026-02-20,SBET
SBET260227C00008500,8.5,1.9,1.18,1.31,70.0,34.0,0.8085956640624999,True,CALL,2026-02-27,SBET
SBET260227C00009500,9.5,0.82,0.69,0.76,26.0,212.0,0.79101771484375,False,CALL,2026-02-27,SBET
SBET260227C00010000,10.0,0.64,0.52,0.58,72.0,39.0,0.79883013671875,False,CALL,2026-02-27,SBET
SBET260227C00010500,10.5,0.64,0.4,0.65,1.0,36.0,0.91992267578125,False,CALL,2026-02-27,SBET
SBET260227C00011000,11.0,0.4,0.31,0.35,6.0,92.0,0.8359391406249999,False,CALL,2026-02-27,SBET
SBET260227C00011500,11.5,0.47,0.25,0.29,600.0,648.0,0.8710950390625,False,CALL,2026-02-27,SBET
SBET260227C00012000,12.0,0.34,0.16,0.27,13.0,65.0,0.89257919921875,False,CALL,2026-02-27,SBET
SBET260227P00006500,6.5,0.1,0.07,0.16,1.0,2.0,0.9960937890625,False,PUT,2026-02-27,SBET
SBET260227P00007000,7.0,0.12,0.12,0.18,,1.0,0.9023447265625,False,PUT,2026-02-27,SBET
SBET260227P00007500,7.5,0.2,0.2,0.3,10.0,85.0,0.8964854101562498,False,PUT,2026-02-27,SBET
SBET260227P00008000,8.0,0.35,0.32,0.36,26.0,37.0,0.8300798242187499,False,PUT,2026-02-27,SBET
SBET260227P00008500,8.5,0.43,0.48,0.53,10.0,119.0,0.81445498046875,False,PUT,2026-02-27,SBET
SBET260227P00009000,9.0,0.68,0.69,0.73,1.0,78.0,0.7949239257812499,False,PUT,2026-02-27,SBET
SBET260227P00009500,9.5,0.69,0.95,1.0,25.0,33.0,0.78711150390625,True,PUT,2026-02-27,SBET
SBET260227P00010000,10.0,1.16,1.28,1.32,10.0,26.0,0.7929708203125,True,PUT,2026-02-27,SBET
SBET260227P00010500,10.5,1.09,1.64,1.82,2.0,116.0,0.86914193359375,True,PUT,2026-02-27,SBET
SBET260227P00011000,11.0,2.01,1.89,2.21,2.0,34.0,0.79687703125,True,PUT,2026-02-27,SBET
SBET260227P00011500,11.5,2.45,2.05,2.99,2.0,4.0,0.8652357226562499,True,PUT,2026-02-27,SBET
SBET260227P00012000,12.0,2.82,2.34,3.2,26.0,38.0,1.1777384863281248,True,PUT,2026-02-27,SBET
SBET260306C00011000,11.0,0.57,0.37,0.52,2.0,34.0,0.867188828125,False,CALL,2026-03-06,SBET
SBET260306C00012000,12.0,0.37,0.22,0.35,1.0,4.0,0.8867198828124999,False,CALL,2026-03-06,SBET
SBET260306P00009500,9.5,0.91,1.05,1.24,1.0,3.0,0.8535170898437501,True,PUT,2026-03-06,SBET
SBET260306P00010500,10.5,1.85,1.66,1.92,1.0,3.0,0.8359391406249999,True,PUT,2026-03-06,SBET
SBET260306P00011000,11.0,2.12,2.13,2.3,1.0,2.0,0.8808605664062499,True,PUT,2026-03-06,SBET
SBET260306P00012000,12.0,2.89,2.54,3.7,2.0,5.0,0.9765627343750001,True,PUT,2026-03-06,SBET
SBET260320C00007000,7.0,2.73,2.3,3.7,27.0,28.0,1.376956240234375,True,CALL,2026-03-20,SBET
SBET260320C00009000,9.0,1.29,1.23,1.32,1.0,135.0,0.8476577734374999,True,CALL,2026-03-20,SBET
SBET260320C00010000,10.0,0.9,0.83,0.91,6.0,81.0,0.8476577734374999,False,CALL,2026-03-20,SBET
SBET260320C00011000,11.0,0.61,0.58,0.63,193.0,236.0,0.8652357226562499,False,CALL,2026-03-20,SBET
SBET260320C00012000,12.0,0.45,0.41,0.45,12.0,588.0,0.8906260937499999,False,CALL,2026-03-20,SBET
SBET260320P00007000,7.0,0.25,0.27,0.38,25.0,14.0,0.91992267578125,False,PUT,2026-03-20,SBET
SBET260320P00008000,8.0,0.55,0.56,0.61,107.0,145.0,0.85742330078125,False,PUT,2026-03-20,SBET
SBET260320P00009000,9.0,1.03,0.99,1.04,1.0,338.0,0.8359391406249999,False,PUT,2026-03-20,SBET
SBET260320P00010000,10.0,1.2,1.52,1.63,1.0,179.0,0.8105487695312499,True,PUT,2026-03-20,SBET
SBET260320P00011000,11.0,2.19,2.25,2.45,1.0,54.0,0.85742330078125,True,PUT,2026-03-20,SBET
SBET260320P00012000,12.0,3.02,3.1,3.35,1.0,1.0,0.9257819921875,True,PUT,2026-03-20,SBET
SBET260417C00007000,7.0,2.95,2.48,3.0,20.0,241.0,0.8916026464843749,True,CALL,2026-04-17,SBET
SBET260417C00008000,8.0,2.28,2.01,2.47,6.0,707.0,0.9707034179687499,True,CALL,2026-04-17,SBET
SBET260417C00009000,9.0,1.56,1.48,1.6,201.0,1455.0,0.840821904296875,True,CALL,2026-04-17,SBET
SBET260417C00010000,10.0,1.17,1.11,1.2,343.0,8031.0,0.8476577734374999,False,CALL,2026-04-17,SBET
SBET260417C00011000,11.0,0.92,0.81,0.91,201.0,5220.0,0.851563984375,False,CALL,2026-04-17,SBET
SBET260417C00012000,12.0,0.68,0.65,0.7,445.0,8402.0,0.8789074609374999,False,CALL,2026-04-17,SBET
SBET260417P00007000,7.0,0.36,0.43,0.47,46.0,1708.0,0.8535170898437501,False,PUT,2026-04-17,SBET
SBET260417P00008000,8.0,0.78,0.76,0.81,25.0,1889.0,0.8281267187499999,False,PUT,2026-04-17,SBET
SBET260417P00009000,9.0,1.28,1.23,1.29,94.0,1128.0,0.8193377441406249,False,PUT,2026-04-17,SBET
SBET260417P00010000,10.0,1.76,1.83,1.9,1156.0,2843.0,0.8212908496093749,True,PUT,2026-04-17,SBET
SBET260417P00011000,11.0,2.44,2.52,2.6,20.0,5429.0,0.8183611914062499,True,PUT,2026-04-17,SBET
SBET260417P00012000,12.0,3.25,3.3,3.6,13.0,2403.0,0.8916026464843749,True,PUT,2026-04-17,SBET
SBET260717C00007000,7.0,3.8,3.1,3.9,1.0,31.0,1.0205127099609377,True,CALL,2026-07-17,SBET
SBET260717C00008000,8.0,2.75,2.59,2.85,6.0,202.0,0.8828136718749999,True,CALL,2026-07-17,SBET
SBET260717C00009000,9.0,2.24,2.23,2.3,2.0,824.0,0.8745129736328124,True,CALL,2026-07-17,SBET
SBET260717C00010000,10.0,1.96,1.75,2.14,13.0,1360.0,0.8930674755859375,False,CALL,2026-07-17,SBET
SBET260717C00011000,11.0,1.55,1.46,1.65,4.0,742.0,0.8588881298828125,False,CALL,2026-07-17,SBET
SBET260717C00012000,12.0,1.36,1.21,1.55,5.0,553.0,0.8906260937499999,False,CALL,2026-07-17,SBET
SBET260717P00007000,7.0,0.8,0.85,1.01,1.0,1137.0,0.848634326171875,False,PUT,2026-07-17,SBET
SBET260717P00008000,8.0,1.28,1.27,1.46,1.0,21143.0,0.8320329296874999,False,PUT,2026-07-17,SBET
SBET260717P00009000,9.0,1.8,1.79,2.0,4.0,490.0,0.82226740234375,False,PUT,2026-07-17,SBET
SBET260717P00010000,10.0,2.15,2.41,2.62,2.0,798.0,0.8188494677734374,True,PUT,2026-07-17,SBET
SBET260717P00011000,11.0,2.9,3.1,3.3,1.0,52.0,0.815431533203125,True,PUT,2026-07-17,SBET
SBET260717P00012000,12.0,3.65,3.85,4.25,14.0,94.0,0.8564467480468749,True,PUT,2026-07-17,SBET
SBET270115C00008000,8.0,3.55,3.35,3.8,3.0,1171.0,0.8906260937499999,True,CALL,2027-01-15,SBET
SBET270115C00010000,10.0,2.85,2.7,3.15,42.0,6355.0,0.901368173828125,False,CALL,2027-01-15,SBET
SBET270115P00008000,8.0,2.0,1.94,2.16,10.0,2823.0,0.79883013671875,False,PUT,2027-01-15,SBET
SBET270115P00010000,10.0,3.28,3.15,3.5,2.0,6900.0,0.7983418603515625,True,PUT,2027-01-15,SBET
SBET280121C00008000,8.0,5.0,4.5,5.5,1.0,766.0,0.9702151416015624,True,CALL,2028-01-21,SBET
SBET280121C00010000,10.0,4.32,4.1,4.55,41.0,1101.0,0.93164130859375,False,CALL,2028-01-21,SBET
SBET280121P00008000,8.0,3.0,2.27,3.25,2.0,1217.0,0.7226590234375,False,PUT,2028-01-21,SBET
SBET280121P00010000,10.0,4.3,4.05,4.5,30.0,993.0,0.7539087109375,True,PUT,2028-01-21,SBET
SBSW260220C00014000,14.0,6.2,5.8,6.5,1.0,889.0,1.0625046875000002,True,CALL,2026-02-20,SBSW
SBSW260220C00015000,15.0,5.3,5.1,5.5,409.0,1286.0,1.0703171484375003,True,CALL,2026-02-20,SBSW
SBSW260220C00016000,16.0,4.44,4.3,4.6,280.0,2938.0,1.021489267578125,True,CALL,2026-02-20,SBSW
SBSW260220C00017000,17.0,3.6,3.4,3.8,749.0,3955.0,0.940430283203125,True,CALL,2026-02-20,SBSW
SBSW260220C00018000,18.0,2.83,2.7,2.95,191.0,4016.0,0.877930908203125,True,CALL,2026-02-20,SBSW
SBSW260220C00019000,19.0,2.23,2.1,2.3,204.0,4522.0,0.86132951171875,True,CALL,2026-02-20,SBSW
SBSW260220C00020000,20.0,1.63,1.55,1.75,697.0,7033.0,0.8359391406249999,False,CALL,2026-02-20,SBSW
SBSW260220C00021000,21.0,1.27,1.15,1.35,501.0,4323.0,0.840821904296875,False,CALL,2026-02-20,SBSW
SBSW260220C00022000,22.0,1.01,0.85,1.05,271.0,1604.0,0.8535170898437501,False,CALL,2026-02-20,SBSW
SBSW260220C00023000,23.0,0.7,0.65,0.8,338.0,274.0,0.86914193359375,False,CALL,2026-02-20,SBSW
SBSW260220C00024000,24.0,0.52,0.45,0.6,341.0,646.0,0.867188828125,False,CALL,2026-02-20,SBSW
SBSW260220P00014000,14.0,0.12,0.1,0.2,125.0,1785.0,1.001958115234375,False,PUT,2026-02-20,SBSW
SBSW260220P00015000,15.0,0.19,0.15,0.25,30.0,779.0,0.91211025390625,False,PUT,2026-02-20,SBSW
SBSW260220P00016000,16.0,0.33,0.25,0.35,13.0,871.0,0.8554701953125,False,PUT,2026-02-20,SBSW
SBSW260220P00017000,17.0,0.47,0.4,0.5,39.0,2079.0,0.804689453125,False,PUT,2026-02-20,SBSW
SBSW260220P00018000,18.0,0.69,0.65,0.8,24.0,1131.0,0.7949239257812499,False,PUT,2026-02-20,SBSW
SBSW260220P00019000,19.0,1.02,1.0,1.15,54.0,585.0,0.773439765625,False,PUT,2026-02-20,SBSW
SBSW260220P00020000,20.0,1.5,1.45,1.6,241.0,644.0,0.752932158203125,True,PUT,2026-02-20,SBSW
SBSW260220P00021000,21.0,2.1,2.0,2.25,132.0,1028.0,0.7568383691406251,True,PUT,2026-02-20,SBSW
SBSW260220P00022000,22.0,2.34,2.7,2.9,2.0,22.0,0.7509790527343749,True,PUT,2026-02-20,SBSW
SBSW260320C00014000,14.0,6.94,5.4,7.9,1.0,15.0,1.076176494140625,True,CALL,2026-03-20,SBSW
SBSW260320C00015000,15.0,5.8,4.9,5.9,40.0,50.0,0.7832052929687501,True,CALL,2026-03-20,SBSW
SBSW260320C00016000,16.0,4.64,4.0,5.1,14.0,36.0,0.7392604199218749,True,CALL,2026-03-20,SBSW
SBSW260320C00017000,17.0,4.82,4.0,4.3,18.0,300.0,0.870118486328125,True,CALL,2026-03-20,SBSW
SBSW260320C00018000,18.0,3.33,3.3,3.6,12.0,242.0,0.831056376953125,True,CALL,2026-03-20,SBSW
SBSW260320C00019000,19.0,2.7,2.8,3.0,221.0,1101.0,0.8261736132812498,True,CALL,2026-03-20,SBSW
SBSW260320C00020000,20.0,2.38,2.3,2.5,265.0,1522.0,0.815431533203125,False,CALL,2026-03-20,SBSW
SBSW260320C00021000,21.0,2.0,1.95,2.05,457.0,674.0,0.8173846386718748,False,CALL,2026-03-20,SBSW
SBSW260320C00022000,22.0,1.66,1.6,1.75,145.0,2463.0,0.8242205078124999,False,CALL,2026-03-20,SBSW
SBSW260320C00023000,23.0,1.4,1.4,1.5,19.0,455.0,0.848634326171875,False,CALL,2026-03-20,SBSW
SBSW260320C00024000,24.0,1.2,1.1,1.2,123.0,420.0,0.8300798242187499,False,CALL,2026-03-20,SBSW
SBSW260320C00025000,25.0,0.95,0.9,1.05,420.0,2913.0,0.8432632861328124,False,CALL,2026-03-20,SBSW
SBSW260320P00014000,14.0,0.34,0.0,0.5,58.0,71.0,0.7695335546875001,False,PUT,2026-03-20,SBSW
SBSW260320P00015000,15.0,0.54,0.4,0.65,135.0,228.0,0.8359391406249999,False,PUT,2026-03-20,SBSW
SBSW260320P00016000,16.0,0.65,0.65,0.85,13.0,88.0,0.8203142968749999,False,PUT,2026-03-20,SBSW
SBSW260320P00017000,17.0,1.0,0.9,1.15,10.0,464.0,0.8007832421875,False,PUT,2026-03-20,SBSW
SBSW260320P00018000,18.0,1.32,1.2,1.45,46.0,196.0,0.7685570019531252,False,PUT,2026-03-20,SBSW
SBSW260320P00019000,19.0,1.7,1.65,1.8,80.0,60.0,0.7500025,False,PUT,2026-03-20,SBSW
SBSW260320P00020000,20.0,2.2,2.15,2.45,35.0,95.0,0.7675804492187501,True,PUT,2026-03-20,SBSW
SBSW260320P00021000,21.0,2.8,2.75,2.9,109.0,120.0,0.745119736328125,True,PUT,2026-03-20,SBSW
SBSW260320P00022000,22.0,3.7,3.3,3.7,12.0,393.0,0.7509790527343749,True,PUT,2026-03-20,SBSW
SBSW260417C00014000,14.0,6.6,6.5,6.8,372.0,8925.0,0.8642591699218749,True,CALL,2026-04-17,SBSW
SBSW260417C00015000,15.0,5.8,5.7,6.0,44.0,8113.0,0.8330094824218748,True,CALL,2026-04-17,SBSW
SBSW260417C00016000,16.0,5.29,4.7,5.3,117.0,2498.0,0.7695335546875001,True,CALL,2026-04-17,SBSW
SBSW260417C00017000,17.0,4.1,3.8,4.7,25.0,5395.0,0.7324245507812499,True,CALL,2026-04-17,SBSW
SBSW260417C00018000,18.0,4.4,3.3,4.3,29.0,1586.0,0.773439765625,True,CALL,2026-04-17,SBSW
SBSW260417C00019000,19.0,3.21,3.0,3.5,63.0,1165.0,0.762697685546875,True,CALL,2026-04-17,SBSW
SBSW260417C00020000,20.0,2.83,2.75,3.0,2333.0,9844.0,0.7851583984375,False,CALL,2026-04-17,SBSW
SBSW260417C00021000,21.0,2.7,2.3,2.65,75.0,2630.0,0.7846701220703125,False,CALL,2026-04-17,SBSW
SBSW260417C00022000,22.0,2.4,2.05,2.3,102.0,3328.0,0.7983418603515625,False,CALL,2026-04-17,SBSW
SBSW260417C00023000,23.0,1.83,1.45,2.2,2.0,67.0,0.7861349511718749,False,CALL,2026-04-17,SBSW
SBSW260417C00024000,24.0,1.9,1.25,1.85,5.0,107.0,0.7832052929687501,False,CALL,2026-04-17,SBSW
SBSW260417C00025000,25.0,1.48,1.3,1.6,129.0,2754.0,0.8212908496093749,False,CALL,2026-04-17,SBSW
SBSW260417P00014000,14.0,0.52,0.4,0.65,11.0,327.0,0.7812521875,False,PUT,2026-04-17,SBSW
SBSW260417P00015000,15.0,0.69,0.25,1.0,14.0,783.0,0.7187528125,False,PUT,2026-04-17,SBSW
SBSW260417P00016000,16.0,1.07,0.9,1.15,3.0,543.0,0.7641625146484375,False,PUT,2026-04-17,SBSW
SBSW260417P00017000,17.0,1.35,1.25,1.45,26.0,1260.0,0.752932158203125,False,PUT,2026-04-17,SBSW
SBSW260417P00018000,18.0,1.75,1.45,1.85,23.0,814.0,0.7163114306640624,False,PUT,2026-04-17,SBSW
SBSW260417P00019000,19.0,2.0,1.9,2.35,37.0,132.0,0.7163114306640624,False,PUT,2026-04-17,SBSW
SBSW260417P00020000,20.0,2.45,2.45,2.95,62.0,165.0,0.7260769580078125,True,PUT,2026-04-17,SBSW
SBSW260417P00022000,22.0,3.7,3.9,4.6,22.0,100.0,0.807619111328125,True,PUT,2026-04-17,SBSW
SBSW260717C00014000,14.0,8.0,6.5,8.8,2.0,524.0,0.8828136718749999,True,CALL,2026-07-17,SBSW
SBSW260717C00015000,15.0,6.45,6.1,7.0,176.0,654.0,0.754885263671875,True,CALL,2026-07-17,SBSW
SBSW260717C00016000,16.0,6.85,5.2,6.4,1.0,625.0,0.717776259765625,True,CALL,2026-07-17,SBSW
SBSW260717C00017000,17.0,5.0,4.9,5.8,206.0,330.0,0.7412135253906249,True,CALL,2026-07-17,SBSW
SBSW260717C00018000,18.0,4.81,4.3,5.5,18.0,3886.0,0.75195560546875,True,CALL,2026-07-17,SBSW
SBSW260717C00019000,19.0,4.13,4.1,4.8,19.0,529.0,0.7534204345703125,True,CALL,2026-07-17,SBSW
SBSW260717C00020000,20.0,4.1,3.9,4.3,71.0,3369.0,0.7661156201171876,False,CALL,2026-07-17,SBSW
SBSW260717C00021000,21.0,3.75,3.3,4.0,15.0,381.0,0.7524438818359375,False,CALL,2026-07-17,SBSW
SBSW260717C00022000,22.0,3.37,2.95,3.8,55.0,2029.0,0.7651390673828126,False,CALL,2026-07-17,SBSW
SBSW260717C00023000,23.0,2.75,2.55,3.5,9.0,37.0,0.7583031982421876,False,CALL,2026-07-17,SBSW
SBSW260717C00024000,24.0,2.31,1.0,3.9,17.0,18.0,0.7041045214843751,False,CALL,2026-07-17,SBSW
SBSW260717C00025000,25.0,2.59,2.5,2.8,176.0,11692.0,0.7888204711914062,False,CALL,2026-07-17,SBSW
SBSW260717P00014000,14.0,1.25,1.15,1.5,1.0,14.0,0.7817404638671875,False,PUT,2026-07-17,SBSW
SBSW260717P00015000,15.0,1.15,1.45,1.75,2.0,797.0,0.7573266455078126,False,PUT,2026-07-17,SBSW
SBSW260717P00016000,16.0,1.85,1.8,1.95,62.0,191.0,0.7263210961914062,False,PUT,2026-07-17,SBSW
SBSW260717P00017000,17.0,2.32,2.25,2.4,60.0,302.0,0.7270535107421875,False,PUT,2026-07-17,SBSW
SBSW260717P00018000,18.0,3.47,2.7,3.0,3.0,10.0,0.7338893798828124,False,PUT,2026-07-17,SBSW
SBSW260717P00019000,19.0,3.3,3.2,3.5,3.0,60.0,0.7260769580078125,False,PUT,2026-07-17,SBSW
SBSW260717P00020000,20.0,3.8,3.0,4.2,3.0,40.0,0.6638217211914064,True,PUT,2026-07-17,SBSW
SBSW260717P00025000,25.0,9.3,5.9,8.2,,250.0,0.6687044848632814,True,PUT,2026-07-17,SBSW
SBSW270115C00015000,15.0,7.88,7.6,8.5,305.0,5065.0,0.7829611547851563,True,CALL,2027-01-15,SBSW
SBSW270115C00017000,17.0,7.1,6.4,7.1,80.0,1813.0,0.725588681640625,True,CALL,2027-01-15,SBSW
SBSW270115C00020000,20.0,5.6,5.4,5.8,142.0,8381.0,0.7334011035156249,False,CALL,2027-01-15,SBSW
SBSW270115C00025000,25.0,4.18,3.9,4.9,267.0,2852.0,0.772463212890625,False,CALL,2027-01-15,SBSW
SBSW270115P00015000,15.0,2.5,1.3,3.2,10.0,1149.0,0.639652041015625,False,PUT,2027-01-15,SBSW
SBSW270115P00017000,17.0,3.35,1.5,4.7,7.0,312.0,0.6218299536132813,False,PUT,2027-01-15,SBSW
SBSW270115P00020000,20.0,5.1,4.5,6.2,10.0,42.0,0.694338994140625,True,PUT,2027-01-15,SBSW
SBSW270115P00025000,25.0,8.24,6.8,10.1,2.0,327.0,0.6462437719726561,True,PUT,2027-01-15,SBSW
SBSW280121C00015000,15.0,9.36,8.1,10.2,6.0,1536.0,0.6774934594726563,True,CALL,2028-01-21,SBSW
SBSW280121C00017000,17.0,8.2,7.5,10.1,12.0,1065.0,0.7282742016601562,True,CALL,2028-01-21,SBSW
SBSW280121C00020000,20.0,7.25,5.2,9.1,27.0,1029.0,0.662234822998047,False,CALL,2028-01-21,SBSW
SBSW280121C00025000,25.0,6.2,6.2,6.5,765.0,1491.0,0.7163114306640624,False,CALL,2028-01-21,SBSW
SBSW280121P00015000,15.0,3.87,2.5,6.0,25.0,212.0,0.6851838122558593,False,PUT,2028-01-21,SBSW
SBSW280121P00017000,17.0,5.0,4.0,7.4,2.0,68.0,0.7128934960937501,False,PUT,2028-01-21,SBSW
SBSW280121P00020000,20.0,6.07,5.9,7.8,200.0,20.0,0.6290320300292969,True,PUT,2028-01-21,SBSW
SBSW280121P00025000,25.0,12.1,8.0,12.5,1.0,6.0,0.6123085644531252,True,PUT,2028-01-21,SBSW
SBUX260130C00070000,70.0,26.31,22.2,25.15,2.0,6.0,2.701175122070312,True,CALL,2026-01-30,SBUX
SBUX260130C00073000,73.0,20.73,19.1,22.15,3.0,4.0,2.328129179687499,True,CALL,2026-01-30,SBUX
SBUX260130C00074000,74.0,19.72,18.1,21.15,6.0,2.0,2.2246138134765623,True,CALL,2026-01-30,SBUX
SBUX260130C00075000,75.0,18.77,17.2,20.15,6.0,1.0,2.1738326904296876,True,CALL,2026-01-30,SBUX
SBUX260130C00076000,76.0,21.5,15.9,19.15,1.0,1.0,1.9140629296875002,True,CALL,2026-01-30,SBUX
SBUX260130C00077000,77.0,19.31,14.9,18.15,2.0,2.0,1.81640716796875,True,CALL,2026-01-30,SBUX
SBUX260130C00078000,78.0,18.4,14.2,16.95,4.0,4.0,1.7714855175781248,True,CALL,2026-01-30,SBUX
SBUX260130C00079000,79.0,15.35,13.8,16.1,1.0,6.0,1.984375078125,True,CALL,2026-01-30,SBUX
SBUX260130C00080000,80.0,14.53,12.95,15.05,1.0,10.0,1.9101566992187502,True,CALL,2026-01-30,SBUX
SBUX260130C00081000,81.0,15.99,11.65,14.15,20.0,23.0,1.7304700976562502,True,CALL,2026-01-30,SBUX
SBUX260130C00082000,82.0,14.49,10.5,13.1,28.0,34.0,1.5527366113281247,True,CALL,2026-01-30,SBUX
SBUX260130C00083000,83.0,10.77,9.5,11.7,6.0,13.0,1.3007847460937496,True,CALL,2026-01-30,SBUX
SBUX260130C00084000,84.0,9.99,8.55,10.85,2.0,19.0,1.2734411328124997,True,CALL,2026-01-30,SBUX
SBUX260130C00085000,85.0,9.3,7.8,9.85,5.0,80.0,1.2509803076171875,True,CALL,2026-01-30,SBUX
SBUX260130C00086000,86.0,8.23,6.65,9.15,9.0,687.0,1.185550947265625,True,CALL,2026-01-30,SBUX
SBUX260130C00087000,87.0,7.24,5.9,8.1,20.0,226.0,1.1279340478515625,True,CALL,2026-01-30,SBUX
SBUX260130C00088000,88.0,5.33,4.7,5.95,43.0,79.0,0.6093789062500001,True,CALL,2026-01-30,SBUX
SBUX260130C00089000,89.0,5.0,3.9,4.95,8.0,396.0,0.58789474609375,True,CALL,2026-01-30,SBUX
SBUX260130C00090000,90.0,3.51,3.05,3.55,79.0,673.0,0.5556685058593751,True,CALL,2026-01-30,SBUX
SBUX260130C00091000,91.0,2.48,2.24,2.66,39.0,305.0,0.4936574072265626,True,CALL,2026-01-30,SBUX
SBUX260130C00092000,92.0,3.23,1.48,3.0,8.0,491.0,0.5922892333984376,True,CALL,2026-01-30,SBUX
SBUX260130C00093000,93.0,1.2,1.02,1.25,51.0,328.0,0.432622861328125,True,CALL,2026-01-30,SBUX
SBUX260130C00094000,94.0,0.72,0.6,1.01,152.0,890.0,0.508793974609375,False,CALL,2026-01-30,SBUX
SBUX260130C00095000,95.0,0.46,0.41,0.54,378.0,2083.0,0.45508357421875,False,CALL,2026-01-30,SBUX
SBUX260130C00096000,96.0,0.26,0.14,0.31,453.0,1864.0,0.45117736328125,False,CALL,2026-01-30,SBUX
SBUX260130C00097000,97.0,0.21,0.1,0.28,149.0,497.0,0.52539537109375,False,CALL,2026-01-30,SBUX
SBUX260130C00098000,98.0,0.09,0.07,0.17,257.0,1521.0,0.5293015820312501,False,CALL,2026-01-30,SBUX
SBUX260130C00099000,99.0,0.07,0.03,0.1,2135.0,2965.0,0.5351608984375,False,CALL,2026-01-30,SBUX
SBUX260130C00100000,100.0,0.03,0.02,0.03,1690.0,5359.0,0.48438015625,False,CALL,2026-01-30,SBUX
SBUX260130C00101000,101.0,0.02,0.02,0.03,183.0,1693.0,0.523442265625,False,CALL,2026-01-30,SBUX
SBUX260130C00102000,102.0,0.01,0.0,0.01,364.0,1521.0,0.51562984375,False,CALL,2026-01-30,SBUX
SBUX260130C00103000,103.0,0.01,0.0,0.01,153.0,449.0,0.51562984375,False,CALL,2026-01-30,SBUX
SBUX260130C00104000,104.0,0.01,0.0,0.01,1030.0,1444.0,0.5625043750000001,False,CALL,2026-01-30,SBUX
SBUX260130C00105000,105.0,0.01,0.0,0.09,912.0,5313.0,0.79687703125,False,CALL,2026-01-30,SBUX
SBUX260130C00106000,106.0,0.04,0.0,0.07,76.0,751.0,0.8203142968749999,False,CALL,2026-01-30,SBUX
SBUX260130C00107000,107.0,0.01,0.0,0.01,49.0,589.0,0.6875031250000001,False,CALL,2026-01-30,SBUX
SBUX260130C00108000,108.0,0.01,0.0,0.01,29.0,1594.0,0.7187528125,False,CALL,2026-01-30,SBUX
SBUX260130C00109000,109.0,0.02,0.0,0.01,46.0,220.0,0.7812521875,False,CALL,2026-01-30,SBUX
SBUX260130C00110000,110.0,0.01,0.0,0.01,695.0,2025.0,0.8125018749999999,False,CALL,2026-01-30,SBUX
SBUX260130C00111000,111.0,0.01,0.0,0.01,2.0,297.0,0.8437515624999999,False,CALL,2026-01-30,SBUX
SBUX260130C00112000,112.0,0.01,0.0,0.01,7.0,605.0,0.87500125,False,CALL,2026-01-30,SBUX
SBUX260130C00114000,114.0,0.01,0.0,0.02,76.0,61.0,1.0312548437500002,False,CALL,2026-01-30,SBUX
SBUX260130C00115000,115.0,0.02,0.0,0.01,6.0,483.0,1.000005,False,CALL,2026-01-30,SBUX
SBUX260130C00120000,120.0,0.01,0.0,0.01,1.0,251.0,1.1875040625,False,CALL,2026-01-30,SBUX
SBUX260130P00070000,70.0,0.01,0.0,0.01,12.0,880.0,1.3437532812499997,False,PUT,2026-01-30,SBUX
SBUX260130P00071000,71.0,0.01,0.0,0.01,4.0,1519.0,1.2812535937499998,False,PUT,2026-01-30,SBUX
SBUX260130P00072000,72.0,0.01,0.0,0.01,1.0,663.0,1.21875390625,False,PUT,2026-01-30,SBUX
SBUX260130P00073000,73.0,0.02,0.0,0.01,30.0,1823.0,1.15625421875,False,PUT,2026-01-30,SBUX
SBUX260130P00074000,74.0,0.01,0.0,0.01,33.0,576.0,1.09375453125,False,PUT,2026-01-30,SBUX
SBUX260130P00075000,75.0,0.01,0.0,0.01,81.0,1898.0,1.0625046875000002,False,PUT,2026-01-30,SBUX
SBUX260130P00076000,76.0,0.01,0.0,0.01,302.0,1796.0,0.9687503125,False,PUT,2026-01-30,SBUX
SBUX260130P00077000,77.0,0.01,0.0,0.01,1.0,321.0,0.937500625,False,PUT,2026-01-30,SBUX
SBUX260130P00078000,78.0,0.01,0.0,0.01,321.0,840.0,0.87500125,False,PUT,2026-01-30,SBUX
SBUX260130P00079000,79.0,0.01,0.0,0.01,16.0,565.0,0.8125018749999999,False,PUT,2026-01-30,SBUX
SBUX260130P00080000,80.0,0.01,0.0,0.01,13.0,7985.0,0.7500025,False,PUT,2026-01-30,SBUX
SBUX260130P00081000,81.0,0.01,0.0,0.53,1.0,368.0,1.2890660546875,False,PUT,2026-01-30,SBUX
SBUX260130P00082000,82.0,0.01,0.0,0.02,12.0,874.0,0.70312796875,False,PUT,2026-01-30,SBUX
SBUX260130P00083000,83.0,0.01,0.0,0.01,6.0,878.0,0.5937540625000001,False,PUT,2026-01-30,SBUX
SBUX260130P00084000,84.0,0.01,0.0,0.01,186.0,1070.0,0.5312546875,False,PUT,2026-01-30,SBUX
SBUX260130P00085000,85.0,0.01,0.0,0.01,110.0,3685.0,0.51562984375,False,PUT,2026-01-30,SBUX
SBUX260130P00086000,86.0,0.01,0.01,0.02,159.0,4677.0,0.507817421875,False,PUT,2026-01-30,SBUX
SBUX260130P00087000,87.0,0.03,0.01,0.07,302.0,1335.0,0.5468795312500001,False,PUT,2026-01-30,SBUX
SBUX260130P00088000,88.0,0.07,0.05,0.07,314.0,4041.0,0.4726615234375,False,PUT,2026-01-30,SBUX
SBUX260130P00089000,89.0,0.11,0.05,0.15,130.0,1168.0,0.47461462890625,False,PUT,2026-01-30,SBUX
SBUX260130P00090000,90.0,0.21,0.17,0.3,428.0,5963.0,0.48438015625,False,PUT,2026-01-30,SBUX
SBUX260130P00091000,91.0,0.37,0.33,0.4,141.0,1256.0,0.428716650390625,False,PUT,2026-01-30,SBUX
SBUX260130P00092000,92.0,0.64,0.51,0.78,640.0,1085.0,0.46191944335937507,False,PUT,2026-01-30,SBUX
SBUX260130P00093000,93.0,1.0,0.83,1.15,3159.0,5106.0,0.43994700683593746,False,PUT,2026-01-30,SBUX
SBUX260130P00094000,94.0,1.56,1.38,1.89,473.0,597.0,0.508793974609375,True,PUT,2026-01-30,SBUX
SBUX260130P00095000,95.0,2.35,2.15,2.55,1050.0,4225.0,0.5097705273437501,True,PUT,2026-01-30,SBUX
SBUX260130P00096000,96.0,3.2,2.94,3.5,353.0,1843.0,0.6025430371093752,True,PUT,2026-01-30,SBUX
SBUX260130P00097000,97.0,4.2,3.6,4.4,268.0,1595.0,0.65820654296875,True,PUT,2026-01-30,SBUX
SBUX260130P00098000,98.0,4.97,4.7,5.25,150.0,1281.0,0.6679720703125002,True,PUT,2026-01-30,SBUX
SBUX260130P00099000,99.0,5.8,4.85,6.5,45.0,462.0,0.9003916210937499,True,PUT,2026-01-30,SBUX
SBUX260130P00100000,100.0,7.0,6.6,7.15,46.0,557.0,0.76367423828125,True,PUT,2026-01-30,SBUX
SBUX260130P00101000,101.0,7.06,7.55,8.4,7.0,131.0,0.6601596484375001,True,PUT,2026-01-30,SBUX
SBUX260130P00105000,105.0,11.1,11.0,13.85,6.0,32.0,1.3447298388671873,True,PUT,2026-01-30,SBUX
SBUX260130P00111000,111.0,13.34,15.9,19.85,1.0,0.0,2.6279331176757816,True,PUT,2026-01-30,SBUX
SBUX260130P00115000,115.0,17.93,19.9,23.85,58.0,0.0,2.934572976074219,True,PUT,2026-01-30,SBUX
SBUX260130P00120000,120.0,22.93,24.9,28.85,58.0,0.0,3.28906427734375,True,PUT,2026-01-30,SBUX
SBUX260206C00075000,75.0,25.26,17.8,20.2,2.0,7.0,1.1630901220703125,True,CALL,2026-02-06,SBUX
SBUX260206C00076000,76.0,24.28,16.55,19.25,2.0,2.0,1.0712937060546879,True,CALL,2026-02-06,SBUX
SBUX260206C00077000,77.0,16.52,15.75,18.15,1.0,2.0,1.0390673046875003,True,CALL,2026-02-06,SBUX
SBUX260206C00078000,78.0,15.55,14.6,17.2,,1.0,0.9687503125,True,CALL,2026-02-06,SBUX
SBUX260206C00079000,79.0,15.5,13.95,16.2,3.0,5.0,0.9775392871093751,True,CALL,2026-02-06,SBUX
SBUX260206C00080000,80.0,17.05,12.9,15.25,2.0,5.0,0.9248054394531251,True,CALL,2026-02-06,SBUX
SBUX260206C00081000,81.0,17.36,11.65,14.25,1.0,12.0,0.8320329296874999,True,CALL,2026-02-06,SBUX
SBUX260206C00082000,82.0,11.96,10.95,11.45,4.0,10.0,0.596683720703125,True,CALL,2026-02-06,SBUX
SBUX260206C00083000,83.0,11.24,9.75,10.75,3.0,12.0,0.6660189648437502,True,CALL,2026-02-06,SBUX
SBUX260206C00084000,84.0,12.15,8.95,9.5,10.0,11.0,0.5293015820312501,True,CALL,2026-02-06,SBUX
SBUX260206C00085000,85.0,13.14,8.0,10.4,3.0,31.0,0.6914093359375001,True,CALL,2026-02-06,SBUX
SBUX260206C00086000,86.0,9.52,7.2,7.55,2.0,32.0,0.45606012695312503,True,CALL,2026-02-06,SBUX
SBUX260206C00087000,87.0,7.25,6.3,8.05,3.0,45.0,0.5737347314453125,True,CALL,2026-02-06,SBUX
SBUX260206C00088000,88.0,5.78,5.3,5.75,2.0,130.0,0.4155331884765625,True,CALL,2026-02-06,SBUX
SBUX260206C00089000,89.0,5.9,4.25,5.05,1.0,60.0,0.43164630859375,True,CALL,2026-02-06,SBUX
SBUX260206C00090000,90.0,3.88,3.8,4.2,30.0,214.0,0.40332627929687503,True,CALL,2026-02-06,SBUX
SBUX260206C00091000,91.0,3.3,3.0,3.3,120.0,61.0,0.3588931298828125,True,CALL,2026-02-06,SBUX
SBUX260206C00092000,92.0,2.66,2.47,2.72,10.0,105.0,0.36426416992187505,True,CALL,2026-02-06,SBUX
SBUX260206C00093000,93.0,1.96,1.93,2.13,46.0,131.0,0.3549869189453124,True,CALL,2026-02-06,SBUX
SBUX260206C00094000,94.0,1.59,1.44,1.71,147.0,262.0,0.3618227880859375,False,CALL,2026-02-06,SBUX
SBUX260206C00095000,95.0,1.2,0.96,1.25,57.0,249.0,0.348639326171875,False,CALL,2026-02-06,SBUX
SBUX260206C00096000,96.0,0.9,0.81,0.97,220.0,704.0,0.3552310571289062,False,CALL,2026-02-06,SBUX
SBUX260206C00097000,97.0,0.62,0.54,0.72,159.0,311.0,0.35596347167968745,False,CALL,2026-02-06,SBUX
SBUX260206C00098000,98.0,0.41,0.33,0.53,45.0,261.0,0.3579165771484375,False,CALL,2026-02-06,SBUX
SBUX260206C00099000,99.0,0.35,0.29,0.4,818.0,1188.0,0.36426416992187505,False,CALL,2026-02-06,SBUX
SBUX260206C00100000,100.0,0.24,0.21,0.27,1144.0,2955.0,0.36035795898437495,False,CALL,2026-02-06,SBUX
SBUX260206C00101000,101.0,0.2,0.15,0.4,41.0,610.0,0.4414118359375,False,CALL,2026-02-06,SBUX
SBUX260206C00102000,102.0,0.14,0.11,0.17,214.0,1164.0,0.38477177734374995,False,CALL,2026-02-06,SBUX
SBUX260206C00103000,103.0,0.11,0.07,0.19,41.0,157.0,0.42676354492187507,False,CALL,2026-02-06,SBUX
SBUX260206C00104000,104.0,0.22,0.02,0.44,116.0,255.0,0.5629926513671876,False,CALL,2026-02-06,SBUX
SBUX260206C00105000,105.0,0.05,0.05,0.06,41.0,493.0,0.39258419921875,False,CALL,2026-02-06,SBUX
SBUX260206C00106000,106.0,0.1,0.0,0.15,18.0,109.0,0.4931691308593751,False,CALL,2026-02-06,SBUX
SBUX260206C00107000,107.0,0.38,0.0,0.1,29.0,30.0,0.48340360351562506,False,CALL,2026-02-06,SBUX
SBUX260206C00108000,108.0,0.02,0.0,0.47,3.0,46.0,0.6005899316406251,False,CALL,2026-02-06,SBUX
SBUX260206C00109000,109.0,0.02,0.0,0.05,26.0,291.0,0.4804739453125,False,CALL,2026-02-06,SBUX
SBUX260206C00110000,110.0,0.06,0.0,0.08,172.0,356.0,0.5390671093750001,False,CALL,2026-02-06,SBUX
SBUX260206C00112000,112.0,0.03,0.0,0.05,3.0,14.0,0.500005,False,CALL,2026-02-06,SBUX
SBUX260206C00120000,120.0,0.02,0.0,0.03,91.0,90.0,0.6250037500000001,False,CALL,2026-02-06,SBUX
SBUX260206P00070000,70.0,0.37,0.0,2.13,10.0,67.0,1.51172119140625,False,PUT,2026-02-06,SBUX
SBUX260206P00072000,72.0,0.24,0.0,2.13,2.0,25.0,1.3984405078125,False,PUT,2026-02-06,SBUX
SBUX260206P00073000,73.0,0.01,0.0,0.57,4.0,127.0,0.9648441015625,False,PUT,2026-02-06,SBUX
SBUX260206P00074000,74.0,0.1,0.0,1.09,18.0,66.0,1.0683640332031252,False,PUT,2026-02-06,SBUX
SBUX260206P00075000,75.0,0.01,0.0,0.03,7.0,103.0,0.5546919531250001,False,PUT,2026-02-06,SBUX
SBUX260206P00076000,76.0,0.36,0.0,1.37,14.0,59.0,1.0332079589843752,False,PUT,2026-02-06,SBUX
SBUX260206P00077000,77.0,0.02,0.0,0.57,12.0,49.0,0.790041162109375,False,PUT,2026-02-06,SBUX
SBUX260206P00078000,78.0,0.01,0.01,0.02,17.0,406.0,0.476567734375,False,PUT,2026-02-06,SBUX
SBUX260206P00079000,79.0,0.01,0.0,0.05,2.0,66.0,0.507817421875,False,PUT,2026-02-06,SBUX
SBUX260206P00080000,80.0,0.01,0.0,0.05,12.0,917.0,0.476567734375,False,PUT,2026-02-06,SBUX
SBUX260206P00081000,81.0,0.07,0.0,0.09,5.0,28.0,0.48828636718750007,False,PUT,2026-02-06,SBUX
SBUX260206P00082000,82.0,0.05,0.01,0.09,29.0,200.0,0.45117736328125,False,PUT,2026-02-06,SBUX
SBUX260206P00083000,83.0,0.11,0.05,0.12,12.0,241.0,0.43945873046875,False,PUT,2026-02-06,SBUX
SBUX260206P00084000,84.0,0.13,0.07,0.2,21.0,47.0,0.44922425781249997,False,PUT,2026-02-06,SBUX
SBUX260206P00085000,85.0,0.15,0.08,0.25,19.0,150.0,0.432622861328125,False,PUT,2026-02-06,SBUX
SBUX260206P00086000,86.0,0.3,0.13,0.3,552.0,255.0,0.4101621484375,False,PUT,2026-02-06,SBUX
SBUX260206P00087000,87.0,0.29,0.29,0.39,9.0,75.0,0.39649041015625003,False,PUT,2026-02-06,SBUX
SBUX260206P00088000,88.0,0.5,0.34,0.49,356.0,357.0,0.37793590820312495,False,PUT,2026-02-06,SBUX
SBUX260206P00089000,89.0,0.6,0.46,0.69,23.0,102.0,0.37695935546875,False,PUT,2026-02-06,SBUX
SBUX260206P00090000,90.0,0.77,0.73,0.9,330.0,626.0,0.3667055517578125,False,PUT,2026-02-06,SBUX
SBUX260206P00091000,91.0,1.1,0.99,1.18,67.0,205.0,0.3588931298828125,False,PUT,2026-02-06,SBUX
SBUX260206P00092000,92.0,1.46,1.28,1.46,46.0,115.0,0.3398503515625,False,PUT,2026-02-06,SBUX
SBUX260206P00093000,93.0,1.83,1.77,1.92,602.0,804.0,0.33960621337890623,False,PUT,2026-02-06,SBUX
SBUX260206P00094000,94.0,2.4,2.24,2.5,80.0,88.0,0.3464420825195312,True,PUT,2026-02-06,SBUX
SBUX260206P00095000,95.0,2.95,2.86,3.05,521.0,1105.0,0.33423517333984376,True,PUT,2026-02-06,SBUX
SBUX260206P00096000,96.0,3.6,3.5,3.9,404.0,647.0,0.36499658447265626,True,PUT,2026-02-06,SBUX
SBUX260206P00097000,97.0,4.41,4.15,4.6,46.0,201.0,0.35596347167968745,True,PUT,2026-02-06,SBUX
SBUX260206P00099000,99.0,5.67,5.4,6.5,5.0,112.0,0.4243221630859375,True,PUT,2026-02-06,SBUX
SBUX260206P00100000,100.0,6.88,6.4,7.45,5.0,203.0,0.45313046875,True,PUT,2026-02-06,SBUX
SBUX260206P00101000,101.0,5.35,6.05,8.65,152.0,54.0,0.5473678076171876,True,PUT,2026-02-06,SBUX
SBUX260206P00110000,110.0,16.0,14.9,17.5,,2.0,0.8271501660156249,True,PUT,2026-02-06,SBUX
SBUX260213C00075000,75.0,11.17,17.7,20.25,1.0,1.0,0.8647474462890624,True,CALL,2026-02-13,SBUX
SBUX260213C00076000,76.0,10.55,16.5,19.3,1.0,1.0,0.8037129003906249,True,CALL,2026-02-13,SBUX
SBUX260213C00077000,77.0,17.4,15.85,18.3,2.0,2.0,0.8129901513671874,True,CALL,2026-02-13,SBUX
SBUX260213C00078000,78.0,20.5,14.75,16.05,1.0,2.0,0.5576216113281252,True,CALL,2026-02-13,SBUX
SBUX260213C00080000,80.0,10.13,12.95,15.35,,1.0,0.7114286669921875,True,CALL,2026-02-13,SBUX
SBUX260213C00081000,81.0,9.5,12.0,13.7,1.0,1.0,0.5991251025390626,True,CALL,2026-02-13,SBUX
SBUX260213C00082000,82.0,11.11,11.05,12.0,2.0,1.0,0.5971719970703125,True,CALL,2026-02-13,SBUX
SBUX260213C00083000,83.0,16.5,10.1,12.45,2.0,4.0,0.6162147753906251,True,CALL,2026-02-13,SBUX
SBUX260213C00084000,84.0,9.5,8.9,10.15,2.0,9.0,0.5498091894531252,True,CALL,2026-02-13,SBUX
SBUX260213C00085000,85.0,9.69,8.0,10.6,2.0,4.0,0.5376022802734376,True,CALL,2026-02-13,SBUX
SBUX260213C00086000,86.0,10.5,7.3,8.35,2.0,10.0,0.5039112109375,True,CALL,2026-02-13,SBUX
SBUX260213C00087000,87.0,10.0,6.35,8.85,1.0,21.0,0.5024463818359376,True,CALL,2026-02-13,SBUX
SBUX260213C00088000,88.0,7.98,5.55,6.4,2.0,42.0,0.424810439453125,True,CALL,2026-02-13,SBUX
SBUX260213C00089000,89.0,6.45,4.9,5.45,1.0,26.0,0.3869690209960937,True,CALL,2026-02-13,SBUX
SBUX260213C00090000,90.0,4.59,4.0,4.6,18.0,86.0,0.36157864990234373,True,CALL,2026-02-13,SBUX
SBUX260213C00091000,91.0,4.02,3.6,3.85,6.0,11.0,0.3454655297851562,True,CALL,2026-02-13,SBUX
SBUX260213C00092000,92.0,3.75,2.96,3.25,14.0,30.0,0.3430241479492187,True,CALL,2026-02-13,SBUX
SBUX260213C00093000,93.0,2.62,2.46,2.75,6.0,97.0,0.3459538061523437,True,CALL,2026-02-13,SBUX
SBUX260213C00094000,94.0,2.38,1.99,2.25,92.0,70.0,0.3413151806640625,False,CALL,2026-02-13,SBUX
SBUX260213C00095000,95.0,1.9,1.57,1.91,63.0,195.0,0.3498600170898437,False,CALL,2026-02-13,SBUX
SBUX260213C00096000,96.0,2.26,1.16,1.57,977.0,296.0,0.35156898437499995,False,CALL,2026-02-13,SBUX
SBUX260213C00097000,97.0,1.02,0.94,1.21,137.0,203.0,0.34278000976562495,False,CALL,2026-02-13,SBUX
SBUX260213C00098000,98.0,0.85,0.7,0.85,988.0,107.0,0.32471378417968744,False,CALL,2026-02-13,SBUX
SBUX260213C00099000,99.0,0.68,0.56,0.67,386.0,119.0,0.3276434423828125,False,CALL,2026-02-13,SBUX
SBUX260213C00100000,100.0,0.5,0.27,0.63,728.0,235.0,0.35205726074218746,False,CALL,2026-02-13,SBUX
SBUX260213C00101000,101.0,1.23,0.19,1.2,153.0,149.0,0.48779809082031256,False,CALL,2026-02-13,SBUX
SBUX260213C00102000,102.0,1.07,0.07,0.48,437.0,429.0,0.37842418457031246,False,CALL,2026-02-13,SBUX
SBUX260213C00103000,103.0,0.87,0.08,0.83,12.0,22.0,0.48340360351562506,False,CALL,2026-02-13,SBUX
SBUX260213C00104000,104.0,0.26,0.03,0.26,16.0,31.0,0.36865865722656255,False,CALL,2026-02-13,SBUX
SBUX260213C00105000,105.0,0.2,0.0,0.24,13.0,169.0,0.3852600537109374,False,CALL,2026-02-13,SBUX
SBUX260213C00106000,106.0,0.5,0.06,2.22,2.0,31.0,0.6323278955078125,False,CALL,2026-02-13,SBUX
SBUX260213C00107000,107.0,0.12,0.0,0.41,3.0,3.0,0.4887746435546876,False,CALL,2026-02-13,SBUX
SBUX260213C00110000,110.0,0.01,0.0,0.58,1.0,183.0,0.51562984375,False,CALL,2026-02-13,SBUX
SBUX260213C00115000,115.0,0.01,0.0,2.13,1.0,2.0,0.8510757080078125,False,CALL,2026-02-13,SBUX
SBUX260213P00070000,70.0,0.04,0.0,2.13,6.0,83.0,1.1337933935546878,False,PUT,2026-02-13,SBUX
SBUX260213P00073000,73.0,0.02,0.0,1.1,13.0,36.0,0.8403336279296875,False,PUT,2026-02-13,SBUX
SBUX260213P00074000,74.0,0.65,0.0,1.74,22.0,25.0,0.9091805957031249,False,PUT,2026-02-13,SBUX
SBUX260213P00075000,75.0,0.05,0.01,0.05,41.0,488.0,0.48438015625,False,PUT,2026-02-13,SBUX
SBUX260213P00076000,76.0,0.16,0.0,0.54,5.0,25.0,0.6171913281250001,False,PUT,2026-02-13,SBUX
SBUX260213P00077000,77.0,0.2,0.0,0.68,50.0,126.0,0.6162147753906251,False,PUT,2026-02-13,SBUX
SBUX260213P00078000,78.0,0.07,0.03,0.76,19.0,82.0,0.6044961425781252,False,PUT,2026-02-13,SBUX
SBUX260213P00079000,79.0,0.15,0.0,0.19,6.0,26.0,0.48340360351562506,False,PUT,2026-02-13,SBUX
SBUX260213P00080000,80.0,0.6,0.0,0.46,6.0,84.0,0.5585981640625001,False,PUT,2026-02-13,SBUX
SBUX260213P00081000,81.0,0.34,0.0,2.28,3.0,51.0,0.6958038232421876,False,PUT,2026-02-13,SBUX
SBUX260213P00082000,82.0,0.24,0.02,0.55,3.0,21.0,0.514653291015625,False,PUT,2026-02-13,SBUX
SBUX260213P00083000,83.0,0.2,0.01,0.75,11.0,114.0,0.5283250292968751,False,PUT,2026-02-13,SBUX
SBUX260213P00084000,84.0,0.29,0.19,0.72,2.0,34.0,0.48340360351562506,False,PUT,2026-02-13,SBUX
SBUX260213P00085000,85.0,0.38,0.34,0.6,4.0,85.0,0.4184628466796875,False,PUT,2026-02-13,SBUX
SBUX260213P00086000,86.0,0.5,0.44,0.72,32.0,28.0,0.407232490234375,False,PUT,2026-02-13,SBUX
SBUX260213P00087000,87.0,0.79,0.65,0.92,2.0,68.0,0.4062559375,False,PUT,2026-02-13,SBUX
SBUX260213P00088000,88.0,0.65,0.79,1.06,1.0,62.0,0.38867798828125,False,PUT,2026-02-13,SBUX
SBUX260213P00089000,89.0,1.11,1.12,1.24,30.0,197.0,0.37305314453125,False,PUT,2026-02-13,SBUX
SBUX260213P00090000,90.0,1.42,1.35,1.61,19.0,145.0,0.3803772900390625,False,PUT,2026-02-13,SBUX
SBUX260213P00091000,91.0,1.77,1.69,1.96,4.0,45.0,0.37695935546875,False,PUT,2026-02-13,SBUX
SBUX260213P00092000,92.0,1.73,2.09,2.32,377.0,64.0,0.36817038085937503,False,PUT,2026-02-13,SBUX
SBUX260213P00093000,93.0,2.68,2.58,2.82,434.0,209.0,0.3706117626953125,False,PUT,2026-02-13,SBUX
SBUX260213P00094000,94.0,3.0,3.1,3.4,340.0,45.0,0.37622694091796877,True,PUT,2026-02-13,SBUX
SBUX260213P00095000,95.0,3.35,3.7,3.95,123.0,172.0,0.3711000390625,True,PUT,2026-02-13,SBUX
SBUX260213P00096000,96.0,4.1,4.25,4.65,109.0,90.0,0.3789124609375,True,PUT,2026-02-13,SBUX
SBUX260213P00097000,97.0,4.0,5.0,5.85,52.0,53.0,0.45117736328125,True,PUT,2026-02-13,SBUX
SBUX260213P00098000,98.0,5.5,5.05,6.65,4.0,173.0,0.46533737792968755,True,PUT,2026-02-13,SBUX
SBUX260213P00099000,99.0,4.9,5.25,7.75,32.0,33.0,0.5197801928710937,True,PUT,2026-02-13,SBUX
SBUX260213P00100000,100.0,7.8,7.3,8.35,11.0,66.0,0.49707534179687507,True,PUT,2026-02-13,SBUX
SBUX260213P00101000,101.0,4.6,6.85,9.0,10.0,10.0,0.47412635253906255,True,PUT,2026-02-13,SBUX
SBUX260213P00102000,102.0,8.55,7.6,10.15,23.0,24.0,0.53320779296875,True,PUT,2026-02-13,SBUX
SBUX260213P00103000,103.0,7.15,8.5,10.9,2.0,4.0,0.5200243310546875,True,PUT,2026-02-13,SBUX
SBUX260220C00070000,70.0,19.0,22.9,25.25,1.0,89.0,0.9165047412109376,True,CALL,2026-02-20,SBUX
SBUX260220C00075000,75.0,20.3,17.9,19.05,1.0,147.0,0.5751995605468749,True,CALL,2026-02-20,SBUX
SBUX260220C00080000,80.0,17.39,13.0,13.85,6.0,361.0,0.5312546875,True,CALL,2026-02-20,SBUX
SBUX260220C00083000,83.0,11.12,10.15,12.0,5.0,2.0,0.6281775463867189,True,CALL,2026-02-20,SBUX
SBUX260220C00084000,84.0,12.9,9.25,10.2,,1.0,0.46680220703125,True,CALL,2026-02-20,SBUX
SBUX260220C00085000,85.0,9.45,8.45,9.35,277.0,2026.0,0.45606012695312503,True,CALL,2026-02-20,SBUX
SBUX260220C00086000,86.0,14.2,7.45,8.25,2.0,3.0,0.405279384765625,True,CALL,2026-02-20,SBUX
SBUX260220C00087000,87.0,13.25,6.7,8.05,2.0,3.0,0.47900911621093745,True,CALL,2026-02-20,SBUX
SBUX260220C00088000,88.0,10.27,5.9,6.65,2.0,23.0,0.3874572973632812,True,CALL,2026-02-20,SBUX
SBUX260220C00089000,89.0,10.3,5.1,5.65,1.0,2.0,0.3481510498046875,True,CALL,2026-02-20,SBUX
SBUX260220C00090000,90.0,4.55,4.45,4.7,58.0,7732.0,0.313483427734375,True,CALL,2026-02-20,SBUX
SBUX260220C00091000,91.0,4.92,3.75,4.05,2.0,32.0,0.3110420458984374,True,CALL,2026-02-20,SBUX
SBUX260220C00092000,92.0,3.4,3.15,3.35,1.0,40.0,0.2971261694335937,True,CALL,2026-02-20,SBUX
SBUX260220C00093000,93.0,2.79,2.59,2.79,21.0,52.0,0.2929758203124999,True,CALL,2026-02-20,SBUX
SBUX260220C00094000,94.0,2.38,2.09,2.45,9.0,161.0,0.3061592822265625,False,CALL,2026-02-20,SBUX
SBUX260220C00095000,95.0,1.88,1.88,2.03,180.0,7246.0,0.30493859130859374,False,CALL,2026-02-20,SBUX
SBUX260220C00096000,96.0,1.81,1.5,1.68,91.0,300.0,0.305671005859375,False,CALL,2026-02-20,SBUX
SBUX260220C00097000,97.0,1.45,1.18,1.28,41.0,322.0,0.29444064941406245,False,CALL,2026-02-20,SBUX
SBUX260220C00098000,98.0,0.99,0.95,1.1,83.0,232.0,0.30445031494140623,False,CALL,2026-02-20,SBUX
SBUX260220C00099000,99.0,0.83,0.63,0.88,38.0,106.0,0.30445031494140623,False,CALL,2026-02-20,SBUX
SBUX260220C00100000,100.0,0.69,0.6,0.78,7249.0,16600.0,0.317389638671875,False,CALL,2026-02-20,SBUX
SBUX260220C00101000,101.0,0.91,0.44,0.69,233.0,201.0,0.3293524096679687,False,CALL,2026-02-20,SBUX
SBUX260220C00102000,102.0,0.39,0.3,0.48,220.0,151.0,0.3156806713867187,False,CALL,2026-02-20,SBUX
SBUX260220C00103000,103.0,0.38,0.18,0.81,21.0,186.0,0.3996642065429688,False,CALL,2026-02-20,SBUX
SBUX260220C00105000,105.0,0.22,0.2,0.25,259.0,5334.0,0.3242255078124999,False,CALL,2026-02-20,SBUX
SBUX260220C00110000,110.0,0.1,0.06,0.13,81.0,9600.0,0.367193828125,False,CALL,2026-02-20,SBUX
SBUX260220C00115000,115.0,0.06,0.0,0.25,29.0,402.0,0.5009815527343751,False,CALL,2026-02-20,SBUX
SBUX260220C00120000,120.0,0.12,0.03,0.22,1.0,180.0,0.5127001855468749,False,CALL,2026-02-20,SBUX
SBUX260220P00070000,70.0,0.04,0.02,0.06,53.0,1777.0,0.500005,False,PUT,2026-02-20,SBUX
SBUX260220P00075000,75.0,0.11,0.07,0.15,148.0,8274.0,0.48242705078125003,False,PUT,2026-02-20,SBUX
SBUX260220P00080000,80.0,0.22,0.19,0.23,83.0,2684.0,0.393560751953125,False,PUT,2026-02-20,SBUX
SBUX260220P00081000,81.0,0.13,0.01,0.61,2.0,22.0,0.4731497998046875,False,PUT,2026-02-20,SBUX
SBUX260220P00082000,82.0,0.33,0.14,0.49,67.0,330.0,0.415044912109375,False,PUT,2026-02-20,SBUX
SBUX260220P00083000,83.0,0.41,0.22,0.74,26.0,53.0,0.43897045410156255,False,PUT,2026-02-20,SBUX
SBUX260220P00084000,84.0,0.46,0.27,0.68,1.0,65.0,0.39551385742187506,False,PUT,2026-02-20,SBUX
SBUX260220P00085000,85.0,0.56,0.53,0.66,329.0,7672.0,0.36035795898437495,False,PUT,2026-02-20,SBUX
SBUX260220P00086000,86.0,0.85,0.55,0.87,4.0,459.0,0.36475244628906256,False,PUT,2026-02-20,SBUX
SBUX260220P00087000,87.0,0.88,0.73,0.95,12.0,105.0,0.34326828613281246,False,PUT,2026-02-20,SBUX
SBUX260220P00088000,88.0,1.0,0.89,1.23,193.0,124.0,0.34766277343749996,False,PUT,2026-02-20,SBUX
SBUX260220P00089000,89.0,1.24,1.1,1.59,412.0,86.0,0.3557193334960937,False,PUT,2026-02-20,SBUX
SBUX260220P00090000,90.0,1.79,1.65,1.93,4376.0,3869.0,0.3552310571289062,False,PUT,2026-02-20,SBUX
SBUX260220P00091000,91.0,1.75,1.75,2.22,8.0,354.0,0.3437565625,False,PUT,2026-02-20,SBUX
SBUX260220P00092000,92.0,2.36,2.39,2.56,26.0,548.0,0.3332586206054688,False,PUT,2026-02-20,SBUX
SBUX260220P00093000,93.0,2.96,2.84,3.1,110.0,226.0,0.3391179370117187,False,PUT,2026-02-20,SBUX
SBUX260220P00094000,94.0,3.44,3.3,3.6,23.0,196.0,0.33521172607421873,True,PUT,2026-02-20,SBUX
SBUX260220P00095000,95.0,4.1,3.9,4.3,124.0,5032.0,0.34778484252929687,True,PUT,2026-02-20,SBUX
SBUX260220P00096000,96.0,4.15,4.45,4.95,5.0,186.0,0.3501041552734374,True,PUT,2026-02-20,SBUX
SBUX260220P00097000,97.0,5.45,5.25,5.7,38.0,213.0,0.3588931298828125,True,PUT,2026-02-20,SBUX
SBUX260220P00098000,98.0,5.58,5.45,6.55,2.0,84.0,0.375982802734375,True,PUT,2026-02-20,SBUX
SBUX260220P00099000,99.0,7.05,5.45,7.3,3.0,10.0,0.37744763183593744,True,PUT,2026-02-20,SBUX
SBUX260220P00100000,100.0,8.0,7.3,8.2,168.0,594.0,0.39453730468750003,True,PUT,2026-02-20,SBUX
SBUX260220P00101000,101.0,8.0,7.15,9.1,5.0,271.0,0.40991801025390623,True,PUT,2026-02-20,SBUX
SBUX260220P00102000,102.0,10.44,7.7,10.0,,1.0,0.422857333984375,True,PUT,2026-02-20,SBUX
SBUX260220P00103000,103.0,9.93,9.5,11.0,3.0,4.0,0.44922425781249997,True,PUT,2026-02-20,SBUX
SBUX260220P00105000,105.0,11.5,10.6,12.85,6.0,101.0,0.4753470434570312,True,PUT,2026-02-20,SBUX
SBUX260220P00110000,110.0,13.0,15.35,17.7,6.0,12.0,0.5598188549804688,True,PUT,2026-02-20,SBUX
SBUX260220P00115000,115.0,18.95,20.3,22.7,,4.0,0.6596713720703126,True,PUT,2026-02-20,SBUX
SBUX260220P00120000,120.0,26.04,25.35,27.9,1.0,1.0,0.7954122021484374,True,PUT,2026-02-20,SBUX
SBUX260227C00070000,70.0,23.24,22.0,25.25,,1.0,0.6816438085937502,True,CALL,2026-02-27,SBUX
SBUX260227C00075000,75.0,21.11,17.9,20.3,1.0,3.0,0.6577182666015625,True,CALL,2026-02-27,SBUX
SBUX260227C00076000,76.0,20.24,16.85,19.3,,1.0,0.62305064453125,True,CALL,2026-02-27,SBUX
SBUX260227C00077000,77.0,19.04,15.85,18.35,,2.0,0.5986368261718751,True,CALL,2026-02-27,SBUX
SBUX260227C00078000,78.0,18.17,14.75,17.4,,2.0,0.5644574804687501,True,CALL,2026-02-27,SBUX
SBUX260227C00081000,81.0,12.86,12.1,14.5,1.0,2.0,0.5141650146484374,True,CALL,2026-02-27,SBUX
SBUX260227C00082000,82.0,11.9,10.75,13.55,1.0,2.0,0.6547886083984377,True,CALL,2026-02-27,SBUX
SBUX260227C00083000,83.0,9.02,10.0,12.6,,3.0,0.6257361645507813,True,CALL,2026-02-27,SBUX
SBUX260227C00084000,84.0,10.47,9.3,10.65,1.0,8.0,0.47119669433593747,True,CALL,2026-02-27,SBUX
SBUX260227C00085000,85.0,13.46,8.5,9.85,1.0,9.0,0.463872548828125,True,CALL,2026-02-27,SBUX
SBUX260227C00086000,86.0,8.39,7.85,8.4,1.0,10.0,0.3745179736328125,True,CALL,2026-02-27,SBUX
SBUX260227C00087000,87.0,7.65,6.85,7.65,1.0,8.0,0.37293107543945314,True,CALL,2026-02-27,SBUX
SBUX260227C00088000,88.0,6.35,6.05,6.6,3.0,11.0,0.33350275878906255,True,CALL,2026-02-27,SBUX
SBUX260227C00089000,89.0,5.7,5.35,5.75,1.0,11.0,0.3156806713867187,True,CALL,2026-02-27,SBUX
SBUX260227C00090000,90.0,5.07,4.55,5.05,3.0,12.0,0.3107979077148437,True,CALL,2026-02-27,SBUX
SBUX260227C00091000,91.0,4.54,4.15,4.45,1.0,10.0,0.3117744604492187,True,CALL,2026-02-27,SBUX
SBUX260227C00092000,92.0,5.38,3.55,3.85,2.0,21.0,0.3078682495117187,True,CALL,2026-02-27,SBUX
SBUX260227C00093000,93.0,3.96,3.05,3.35,1.0,22.0,0.3090889404296875,True,CALL,2026-02-27,SBUX
SBUX260227C00094000,94.0,2.63,2.51,2.86,43.0,8.0,0.30664755859375,False,CALL,2026-02-27,SBUX
SBUX260227C00095000,95.0,3.18,2.11,2.45,610.0,31.0,0.3073799731445312,False,CALL,2026-02-27,SBUX
SBUX260227C00096000,96.0,2.22,1.82,2.08,9.0,40.0,0.3073799731445312,False,CALL,2026-02-27,SBUX
SBUX260227C00097000,97.0,2.0,1.46,1.76,7.0,83.0,0.30811238769531246,False,CALL,2026-02-27,SBUX
SBUX260227C00098000,98.0,1.3,1.24,1.49,9.0,64.0,0.30982135498046875,False,CALL,2026-02-27,SBUX
SBUX260227C00099000,99.0,1.57,1.02,1.23,1.0,31.0,0.3086006640625,False,CALL,2026-02-27,SBUX
SBUX260227C00100000,100.0,1.09,0.8,1.04,20.0,200.0,0.31153032226562494,False,CALL,2026-02-27,SBUX
SBUX260227C00101000,101.0,2.19,0.64,0.83,4.0,8.0,0.30811238769531246,False,CALL,2026-02-27,SBUX
SBUX260227C00102000,102.0,0.68,0.5,0.77,6.0,12.0,0.32227240234374993,False,CALL,2026-02-27,SBUX
SBUX260227C00103000,103.0,0.69,0.4,0.64,2.0,21.0,0.3237372314453124,False,CALL,2026-02-27,SBUX
SBUX260227C00104000,104.0,1.39,0.21,0.89,14.0,18.0,0.3833069482421875,False,CALL,2026-02-27,SBUX
SBUX260227C00105000,105.0,1.0,0.24,0.56,8.0,31.0,0.3501041552734374,False,CALL,2026-02-27,SBUX
SBUX260227C00110000,110.0,0.17,0.07,0.25,2.0,71.0,0.36475244628906256,False,CALL,2026-02-27,SBUX
SBUX260227C00115000,115.0,0.2,0.0,0.75,95.0,160.0,0.5634809277343751,False,CALL,2026-02-27,SBUX
SBUX260227P00070000,70.0,0.1,0.05,0.5,10.0,28.0,0.5976602734375001,False,PUT,2026-02-27,SBUX
SBUX260227P00075000,75.0,1.83,0.0,0.52,37.0,69.0,0.5522505712890625,False,PUT,2026-02-27,SBUX
SBUX260227P00076000,76.0,0.67,0.0,0.76,1.0,3.0,0.5825237060546875,False,PUT,2026-02-27,SBUX
SBUX260227P00077000,77.0,0.46,0.0,0.95,1.0,3.0,0.5927775097656252,False,PUT,2026-02-27,SBUX
SBUX260227P00078000,78.0,2.07,0.0,0.75,5.0,7.0,0.524418818359375,False,PUT,2026-02-27,SBUX
SBUX260227P00079000,79.0,2.15,0.0,0.75,1.0,5.0,0.49658706542968756,False,PUT,2026-02-27,SBUX
SBUX260227P00080000,80.0,0.28,0.0,0.5,10.0,11.0,0.41699801757812494,False,PUT,2026-02-27,SBUX
SBUX260227P00081000,81.0,0.29,0.0,0.75,7.0,55.0,0.4414118359375,False,PUT,2026-02-27,SBUX
SBUX260227P00082000,82.0,0.22,0.0,0.96,4.0,5.0,0.44946839599609373,False,PUT,2026-02-27,SBUX
SBUX260227P00083000,83.0,0.55,0.46,0.6,2.0,45.0,0.35938140625,False,PUT,2026-02-27,SBUX
SBUX260227P00084000,84.0,1.2,0.46,1.0,1.0,9.0,0.3969786865234375,False,PUT,2026-02-27,SBUX
SBUX260227P00085000,85.0,0.78,0.69,0.89,680.0,42.0,0.3513248461914062,False,PUT,2026-02-27,SBUX
SBUX260227P00086000,86.0,0.95,0.79,1.02,51.0,27.0,0.3403386279296875,False,PUT,2026-02-27,SBUX
SBUX260227P00087000,87.0,1.13,1.1,1.22,11.0,21.0,0.33521172607421873,False,PUT,2026-02-27,SBUX
SBUX260227P00088000,88.0,1.45,1.25,1.48,25.0,176.0,0.33350275878906255,False,PUT,2026-02-27,SBUX
SBUX260227P00089000,89.0,1.74,1.54,1.81,75.0,22.0,0.33521172607421873,False,PUT,2026-02-27,SBUX
SBUX260227P00090000,90.0,2.02,1.9,2.15,86.0,86.0,0.33350275878906255,False,PUT,2026-02-27,SBUX
SBUX260227P00091000,91.0,2.22,2.29,2.5,5.0,26.0,0.3284979260253906,False,PUT,2026-02-27,SBUX
SBUX260227P00092000,92.0,3.05,2.7,3.0,1.0,13.0,0.33374689697265625,False,PUT,2026-02-27,SBUX
SBUX260227P00093000,93.0,3.1,3.2,3.45,3.0,33.0,0.3298406860351562,False,PUT,2026-02-27,SBUX
SBUX260227P00094000,94.0,3.58,3.7,4.0,10.0,15.0,0.33130551513671874,True,PUT,2026-02-27,SBUX
SBUX260227P00095000,95.0,3.4,4.3,4.55,26.0,96.0,0.3283758569335937,True,PUT,2026-02-27,SBUX
SBUX260227P00096000,96.0,5.25,4.9,5.35,3.0,23.0,0.3454655297851562,True,PUT,2026-02-27,SBUX
SBUX260227P00097000,97.0,4.43,5.15,6.05,9.0,14.0,0.34961587890624996,True,PUT,2026-02-27,SBUX
SBUX260227P00098000,98.0,3.88,6.2,6.7,6.0,7.0,0.34497725341796875,True,PUT,2026-02-27,SBUX
SBUX260227P00099000,99.0,7.06,6.35,7.6,2.0,4.0,0.3635317553710938,True,PUT,2026-02-27,SBUX
SBUX260227P00100000,100.0,7.89,6.65,9.5,4.0,52.0,0.48730981445312505,True,PUT,2026-02-27,SBUX
SBUX260227P00101000,101.0,4.28,7.15,9.75,2.0,4.0,0.4348201049804688,True,PUT,2026-02-27,SBUX
SBUX260227P00102000,102.0,9.07,7.95,10.55,2.0,6.0,0.43774976318359377,True,PUT,2026-02-27,SBUX
SBUX260227P00103000,103.0,5.17,8.8,11.05,6.0,9.0,0.40015248291015626,True,PUT,2026-02-27,SBUX
SBUX260227P00104000,104.0,9.15,9.65,12.2,,1.0,0.4426325268554688,True,PUT,2026-02-27,SBUX
SBUX260227P00105000,105.0,9.86,10.7,13.2,,1.0,0.4650932397460938,True,PUT,2026-02-27,SBUX
SBUX260306C00084000,84.0,13.87,9.4,11.9,1.0,1.0,0.5631147204589844,True,CALL,2026-03-06,SBUX
SBUX260306C00085000,85.0,9.67,8.5,9.7,3.0,1.0,0.4008848974609375,True,CALL,2026-03-06,SBUX
SBUX260306C00086000,86.0,8.44,7.65,8.95,2.0,2.0,0.398443515625,True,CALL,2026-03-06,SBUX
SBUX260306C00090000,90.0,9.19,4.9,5.4,1.0,5.0,0.31214066772460936,True,CALL,2026-03-06,SBUX
SBUX260306C00092000,92.0,4.97,3.8,4.25,5.0,14.0,0.31165239135742184,True,CALL,2026-03-06,SBUX
SBUX260306C00094000,94.0,3.32,2.8,3.25,7.0,8.0,0.3092110095214844,False,CALL,2026-03-06,SBUX
SBUX260306C00095000,95.0,2.7,2.27,2.83,3.0,37.0,0.30933307861328124,False,CALL,2026-03-06,SBUX
SBUX260306C00096000,96.0,2.68,2.08,2.48,1.0,21.0,0.31201859863281245,False,CALL,2026-03-06,SBUX
SBUX260306C00097000,97.0,2.03,1.66,2.14,23.0,2.0,0.31201859863281245,False,CALL,2026-03-06,SBUX
SBUX260306C00098000,98.0,2.96,1.31,1.84,3.0,4.0,0.31250687499999996,False,CALL,2026-03-06,SBUX
SBUX260306C00100000,100.0,1.36,0.99,1.39,13.0,20.0,0.31836619140624994,False,CALL,2026-03-06,SBUX
SBUX260306C00102000,102.0,1.92,0.62,0.97,12.0,17.0,0.3154365332031249,False,CALL,2026-03-06,SBUX
SBUX260306C00103000,103.0,0.82,0.48,0.8,1.0,8.0,0.31372756591796874,False,CALL,2026-03-06,SBUX
SBUX260306C00106000,106.0,0.88,0.25,1.16,1.0,4.0,0.4184628466796875,False,CALL,2026-03-06,SBUX
SBUX260306C00107000,107.0,2.49,0.01,0.51,1.0,8.0,0.3403386279296875,False,CALL,2026-03-06,SBUX
SBUX260306C00110000,110.0,0.59,0.0,0.41,93.0,92.0,0.367193828125,False,CALL,2026-03-06,SBUX
SBUX260306P00080000,80.0,0.59,0.0,0.76,3.0,4.0,0.42407802490234375,False,PUT,2026-03-06,SBUX
SBUX260306P00083000,83.0,0.71,0.55,0.87,2.0,12.0,0.3654848608398438,False,PUT,2026-03-06,SBUX
SBUX260306P00086000,86.0,1.07,0.88,1.46,2.0,2.0,0.3579165771484375,False,PUT,2026-03-06,SBUX
SBUX260306P00089000,89.0,1.6,1.53,2.19,2.0,9.0,0.3382634533691406,False,PUT,2026-03-06,SBUX
SBUX260306P00090000,90.0,2.8,1.82,2.53,1.0,35.0,0.334967587890625,False,PUT,2026-03-06,SBUX
SBUX260306P00091000,91.0,1.89,2.22,2.87,1.0,3.0,0.3283758569335937,False,PUT,2026-03-06,SBUX
SBUX260306P00092000,92.0,1.94,2.65,3.3,1.0,30.0,0.3263006823730469,False,PUT,2026-03-06,SBUX
SBUX260306P00093000,93.0,3.29,3.0,3.85,2.0,10.0,0.3309393078613281,False,PUT,2026-03-06,SBUX
SBUX260306P00094000,94.0,3.57,3.7,4.35,2.0,10.0,0.3278875805664062,True,PUT,2026-03-06,SBUX
SBUX260306P00095000,95.0,4.5,4.5,4.8,54.0,68.0,0.3171455004882812,True,PUT,2026-03-06,SBUX
SBUX260306P00096000,96.0,5.05,4.95,5.75,7.0,9.0,0.3459538061523437,True,PUT,2026-03-06,SBUX
SBUX260306P00097000,97.0,5.2,5.45,6.45,6.0,28.0,0.3505924316406249,True,PUT,2026-03-06,SBUX
SBUX260306P00099000,99.0,3.47,6.7,8.05,1.0,2.0,0.37036762451171873,True,PUT,2026-03-06,SBUX
SBUX260306P00100000,100.0,6.15,7.35,8.85,7.0,2.0,0.37695935546875,True,PUT,2026-03-06,SBUX
SBUX260306P00101000,101.0,7.8,7.1,9.45,1.0,3.0,0.36084623535156246,True,PUT,2026-03-06,SBUX
SBUX260306P00102000,102.0,8.78,8.05,10.7,1.0,7.0,0.40991801025390623,True,PUT,2026-03-06,SBUX
SBUX260320C00070000,70.0,31.99,22.95,25.3,3.0,206.0,0.6210975390625001,True,CALL,2026-03-20,SBUX
SBUX260320C00075000,75.0,28.59,17.85,20.45,1.0,191.0,0.5092822509765625,True,CALL,2026-03-20,SBUX
SBUX260320C00080000,80.0,18.15,13.25,15.7,24.0,3236.0,0.5700726586914062,True,CALL,2026-03-20,SBUX
SBUX260320C00085000,85.0,10.71,8.9,10.1,2.0,4089.0,0.37793590820312495,True,CALL,2026-03-20,SBUX
SBUX260320C00090000,90.0,5.9,5.65,6.05,53.0,5738.0,0.3149482568359374,True,CALL,2026-03-20,SBUX
SBUX260320C00095000,95.0,3.19,3.05,3.25,180.0,4887.0,0.2933420275878905,False,CALL,2026-03-20,SBUX
SBUX260320C00100000,100.0,1.63,1.52,1.64,571.0,9005.0,0.2926096130371093,False,CALL,2026-03-20,SBUX
SBUX260320C00105000,105.0,0.75,0.7,0.83,613.0,3256.0,0.30249720947265624,False,CALL,2026-03-20,SBUX
SBUX260320C00110000,110.0,0.35,0.35,0.44,81.0,2702.0,0.3178779150390625,False,CALL,2026-03-20,SBUX
SBUX260320C00115000,115.0,0.52,0.12,0.64,78.0,1597.0,0.4145566357421875,False,CALL,2026-03-20,SBUX
SBUX260320C00120000,120.0,0.11,0.08,0.31,12.0,1699.0,0.40479110839843746,False,CALL,2026-03-20,SBUX
SBUX260320P00070000,70.0,0.21,0.11,0.24,19.0,13170.0,0.4467828759765625,False,PUT,2026-03-20,SBUX
SBUX260320P00075000,75.0,0.32,0.28,0.42,63.0,3500.0,0.4023497265625,False,PUT,2026-03-20,SBUX
SBUX260320P00080000,80.0,0.63,0.6,0.7,44.0,3636.0,0.352545537109375,False,PUT,2026-03-20,SBUX
SBUX260320P00085000,85.0,1.35,1.3,1.42,280.0,8382.0,0.32617861328125,False,PUT,2026-03-20,SBUX
SBUX260320P00090000,90.0,2.75,2.7,2.8,1373.0,3650.0,0.30664755859375,False,PUT,2026-03-20,SBUX
SBUX260320P00095000,95.0,5.15,5.15,5.35,173.0,4015.0,0.3107979077148437,True,PUT,2026-03-20,SBUX
SBUX260320P00100000,100.0,7.9,8.0,8.9,176.0,726.0,0.32642275146484373,True,PUT,2026-03-20,SBUX
SBUX260320P00105000,105.0,10.85,11.1,13.5,1.0,500.0,0.38794557373046873,True,PUT,2026-03-20,SBUX
SBUX260320P00110000,110.0,14.0,15.55,17.9,4.0,94.0,0.40381455566406255,True,PUT,2026-03-20,SBUX
SBUX260320P00115000,115.0,19.35,20.35,23.05,1.0,381.0,0.4924367163085938,True,PUT,2026-03-20,SBUX
SBUX260320P00120000,120.0,16.85,25.3,28.5,5.0,7.0,0.6135292553710938,True,PUT,2026-03-20,SBUX
SBUX260417C00070000,70.0,24.79,22.95,25.5,1.0,35.0,0.5131884619140624,True,CALL,2026-04-17,SBUX
SBUX260417C00075000,75.0,25.33,18.2,20.6,3.0,107.0,0.559574716796875,True,CALL,2026-04-17,SBUX
SBUX260417C00080000,80.0,14.4,13.85,14.75,2.0,391.0,0.37683728637695313,True,CALL,2026-04-17,SBUX
SBUX260417C00085000,85.0,13.91,10.0,12.2,214.0,1142.0,0.4505670178222656,True,CALL,2026-04-17,SBUX
SBUX260417C00090000,90.0,6.93,6.7,7.4,58.0,1645.0,0.33521172607421873,True,CALL,2026-04-17,SBUX
SBUX260417C00095000,95.0,4.5,4.15,4.3,47.0,3104.0,0.2967599621582031,False,CALL,2026-04-17,SBUX
SBUX260417C00100000,100.0,2.4,2.41,2.49,207.0,1448.0,0.2915109912109374,False,CALL,2026-04-17,SBUX
SBUX260417C00105000,105.0,1.42,1.33,1.42,50.0,1544.0,0.2941965112304687,False,CALL,2026-04-17,SBUX
SBUX260417C00110000,110.0,0.83,0.75,0.97,57.0,575.0,0.317389638671875,False,CALL,2026-04-17,SBUX
SBUX260417C00115000,115.0,0.43,0.28,0.84,2.0,1980.0,0.3577945080566406,False,CALL,2026-04-17,SBUX
SBUX260417C00120000,120.0,0.5,0.14,0.65,27.0,1031.0,0.3820862573242187,False,CALL,2026-04-17,SBUX
SBUX260417P00070000,70.0,0.29,0.18,0.3,50.0,1527.0,0.3754945263671875,False,PUT,2026-04-17,SBUX
SBUX260417P00075000,75.0,0.53,0.43,0.71,4.0,1207.0,0.36963520996093746,False,PUT,2026-04-17,SBUX
SBUX260417P00080000,80.0,1.07,1.0,1.13,76.0,1138.0,0.33081723876953123,False,PUT,2026-04-17,SBUX
SBUX260417P00085000,85.0,2.02,1.95,2.11,52.0,3409.0,0.3149482568359374,False,PUT,2026-04-17,SBUX
SBUX260417P00090000,90.0,3.55,3.5,3.6,183.0,1624.0,0.29529513305664057,False,PUT,2026-04-17,SBUX
SBUX260417P00095000,95.0,5.85,5.85,6.0,157.0,718.0,0.28754374572753894,True,PUT,2026-04-17,SBUX
SBUX260417P00100000,100.0,8.6,8.55,9.7,20.0,145.0,0.3138496350097656,True,PUT,2026-04-17,SBUX
SBUX260417P00105000,105.0,12.35,11.95,13.8,7.0,49.0,0.33423517333984376,True,PUT,2026-04-17,SBUX
SBUX260417P00110000,110.0,14.55,16.05,18.15,2.0,9.0,0.3479069116210937,True,PUT,2026-04-17,SBUX
SBUX260417P00115000,115.0,20.3,20.45,23.15,,5.0,0.4057676611328125,True,PUT,2026-04-17,SBUX
SBUX260515C00070000,70.0,27.06,23.65,26.0,3.0,258.0,0.5054981091308592,True,CALL,2026-05-15,SBUX
SBUX260515C00075000,75.0,20.0,19.0,20.7,3.0,431.0,0.4886525744628907,True,CALL,2026-05-15,SBUX
SBUX260515C00080000,80.0,16.28,15.0,16.0,2.0,1002.0,0.414068359375,True,CALL,2026-05-15,SBUX
SBUX260515C00085000,85.0,12.1,11.15,12.65,3.0,623.0,0.4129087030029296,True,CALL,2026-05-15,SBUX
SBUX260515C00090000,90.0,9.3,7.85,8.45,42.0,876.0,0.34241380249023434,True,CALL,2026-05-15,SBUX
SBUX260515C00095000,95.0,5.91,5.7,5.95,461.0,1057.0,0.33704276245117193,False,CALL,2026-05-15,SBUX
SBUX260515C00100000,100.0,3.98,3.85,4.0,62.0,2615.0,0.331061376953125,False,CALL,2026-05-15,SBUX
SBUX260515C00105000,105.0,3.5,2.43,2.59,58.0,1117.0,0.3266668896484375,False,CALL,2026-05-15,SBUX
SBUX260515C00110000,110.0,1.85,1.53,1.68,52.0,470.0,0.32776551147460936,False,CALL,2026-05-15,SBUX
SBUX260515C00115000,115.0,1.13,0.83,1.43,9.0,184.0,0.35986968261718744,False,CALL,2026-05-15,SBUX
SBUX260515C00120000,120.0,0.91,0.15,1.1,1.0,154.0,0.37622694091796877,False,CALL,2026-05-15,SBUX
SBUX260515P00070000,70.0,0.56,0.56,0.85,1.0,1557.0,0.4118711157226562,False,PUT,2026-05-15,SBUX
SBUX260515P00075000,75.0,1.15,0.88,1.39,5.0,773.0,0.389654541015625,False,PUT,2026-05-15,SBUX
SBUX260515P00080000,80.0,1.99,1.93,2.13,4.0,1001.0,0.36304347900390627,False,PUT,2026-05-15,SBUX
SBUX260515P00085000,85.0,3.27,3.15,3.4,18.0,1676.0,0.34894449890136714,False,PUT,2026-05-15,SBUX
SBUX260515P00090000,90.0,5.15,5.0,5.2,132.0,2992.0,0.336920693359375,False,PUT,2026-05-15,SBUX
SBUX260515P00095000,95.0,7.57,7.45,7.7,24.0,849.0,0.3316717224121094,True,PUT,2026-05-15,SBUX
SBUX260515P00100000,100.0,10.63,10.5,10.75,8.0,182.0,0.3254461987304687,True,PUT,2026-05-15,SBUX
SBUX260515P00105000,105.0,12.35,12.95,14.6,6.0,40.0,0.33570000244140624,True,PUT,2026-05-15,SBUX
SBUX260515P00110000,110.0,17.5,17.45,18.8,1.0,4.0,0.3460758752441406,True,PUT,2026-05-15,SBUX
SBUX260515P00115000,115.0,34.75,29.15,31.5,2.0,5.0,0.7752708020019532,True,PUT,2026-05-15,SBUX
SBUX260515P00120000,120.0,24.05,25.55,28.0,4.0,3.0,0.3803772900390625,True,PUT,2026-05-15,SBUX
SBUX260618C00070000,70.0,30.26,23.9,26.1,3.0,433.0,0.5405319384765627,True,CALL,2026-06-18,SBUX
SBUX260618C00075000,75.0,22.25,19.5,21.8,27.0,9849.0,0.49707534179687507,True,CALL,2026-06-18,SBUX
SBUX260618C00080000,80.0,16.6,15.25,17.7,2.0,9998.0,0.45667047241210945,True,CALL,2026-06-18,SBUX
SBUX260618C00085000,85.0,12.47,11.75,13.75,1.0,4222.0,0.41370215209960937,True,CALL,2026-06-18,SBUX
SBUX260618C00090000,90.0,9.45,8.9,9.15,17.0,5896.0,0.32971861694335935,True,CALL,2026-06-18,SBUX
SBUX260618C00095000,95.0,6.7,6.3,6.5,37.0,3474.0,0.317389638671875,False,CALL,2026-06-18,SBUX
SBUX260618C00100000,100.0,4.5,4.3,4.6,122.0,4787.0,0.3154365332031249,False,CALL,2026-06-18,SBUX
SBUX260618C00105000,105.0,3.32,3.0,3.2,11.0,3970.0,0.315314464111328,False,CALL,2026-06-18,SBUX
SBUX260618C00110000,110.0,2.22,1.99,2.16,35.0,3824.0,0.3142158422851562,False,CALL,2026-06-18,SBUX
SBUX260618C00115000,115.0,1.47,1.19,1.87,31.0,4842.0,0.34290207885742185,False,CALL,2026-06-18,SBUX
SBUX260618C00120000,120.0,1.02,0.9,1.48,16.0,691.0,0.35742830078125,False,CALL,2026-06-18,SBUX
SBUX260618P00070000,70.0,0.74,0.53,1.19,1.0,3949.0,0.3947814428710938,False,PUT,2026-06-18,SBUX
SBUX260618P00075000,75.0,1.46,1.11,1.95,3.0,5574.0,0.38281867187499996,False,PUT,2026-06-18,SBUX
SBUX260618P00080000,80.0,2.4,2.33,2.55,19.0,2779.0,0.34229173339843744,False,PUT,2026-06-18,SBUX
SBUX260618P00085000,85.0,3.82,3.7,3.95,43.0,8793.0,0.3319158605957031,False,PUT,2026-06-18,SBUX
SBUX260618P00090000,90.0,5.4,5.55,5.9,5.0,1764.0,0.3249579223632812,False,PUT,2026-06-18,SBUX
SBUX260618P00095000,95.0,8.0,8.0,8.3,169.0,1366.0,0.3149482568359374,True,PUT,2026-06-18,SBUX
SBUX260618P00100000,100.0,10.54,10.95,11.65,1.0,566.0,0.324103438720703,True,PUT,2026-06-18,SBUX
SBUX260618P00105000,105.0,12.6,13.2,15.0,1.0,557.0,0.31250687499999996,True,PUT,2026-06-18,SBUX
SBUX260618P00110000,110.0,16.33,16.9,18.8,2.0,706.0,0.30152065673828127,True,PUT,2026-06-18,SBUX
SBUX260618P00115000,115.0,21.85,21.05,23.35,1.0,74.0,0.31799998413085934,True,PUT,2026-06-18,SBUX
SBUX260618P00120000,120.0,25.46,25.65,28.3,1.0,60.0,0.35474278076171867,True,PUT,2026-06-18,SBUX
SBUX260717C00070000,70.0,24.5,23.95,26.35,2.0,1.0,0.5086719055175781,True,CALL,2026-07-17,SBUX
SBUX260717C00075000,75.0,19.0,19.9,22.15,1.0,53.0,0.47241738525390625,True,CALL,2026-07-17,SBUX
SBUX260717C00080000,80.0,16.85,15.75,17.7,7.0,602.0,0.4158993957519531,True,CALL,2026-07-17,SBUX
SBUX260717C00085000,85.0,13.72,12.5,13.6,2.0,181.0,0.3700624517822265,True,CALL,2026-07-17,SBUX
SBUX260717C00090000,90.0,10.4,9.5,9.85,2.0,75.0,0.3289251678466796,True,CALL,2026-07-17,SBUX
SBUX260717C00095000,95.0,8.5,6.7,7.3,116.0,253.0,0.3205634350585937,False,CALL,2026-07-17,SBUX
SBUX260717C00100000,100.0,6.25,4.95,5.25,64.0,220.0,0.31366653137207035,False,CALL,2026-07-17,SBUX
SBUX260717C00105000,105.0,3.95,3.35,3.75,2.0,220.0,0.31153032226562494,False,CALL,2026-07-17,SBUX
SBUX260717C00110000,110.0,3.35,2.21,3.35,56.0,105.0,0.344733115234375,False,CALL,2026-07-17,SBUX
SBUX260717C00115000,115.0,2.37,1.45,2.43,42.0,236.0,0.3435124243164062,False,CALL,2026-07-17,SBUX
SBUX260717C00120000,120.0,1.7,0.91,1.76,1.0,52.0,0.34363449340820307,False,CALL,2026-07-17,SBUX
SBUX260717P00070000,70.0,0.76,0.8,1.61,78.0,248.0,0.3952697192382813,False,PUT,2026-07-17,SBUX
SBUX260717P00075000,75.0,1.67,1.37,2.0,2.0,157.0,0.35193519165039056,False,PUT,2026-07-17,SBUX
SBUX260717P00080000,80.0,2.67,2.43,2.8,48.0,99.0,0.3254461987304687,False,PUT,2026-07-17,SBUX
SBUX260717P00085000,85.0,3.91,3.6,4.5,3.0,541.0,0.3272772351074219,False,PUT,2026-07-17,SBUX
SBUX260717P00090000,90.0,5.18,5.45,7.05,8.0,71.0,0.3429631134033203,False,PUT,2026-07-17,SBUX
SBUX260717P00095000,95.0,8.03,7.9,9.1,184.0,197.0,0.31842722595214834,True,PUT,2026-07-17,SBUX
SBUX260717P00100000,100.0,7.1,10.9,11.75,30.0,86.0,0.299262378540039,True,PUT,2026-07-17,SBUX
SBUX260717P00110000,110.0,20.9,18.4,19.55,,1.0,0.3133003240966796,True,PUT,2026-07-17,SBUX
SBUX260717P00115000,115.0,21.6,21.25,23.75,2.0,15.0,0.31372756591796874,True,PUT,2026-07-17,SBUX
SBUX260918C00070000,70.0,28.05,24.75,26.5,1.0,1220.0,0.4426935614013672,True,CALL,2026-09-18,SBUX
SBUX260918C00075000,75.0,25.12,20.7,23.0,59.0,517.0,0.44324287231445314,True,CALL,2026-09-18,SBUX
SBUX260918C00080000,80.0,18.35,17.15,19.1,8.0,572.0,0.41345801391601555,True,CALL,2026-09-18,SBUX
SBUX260918C00085000,85.0,16.15,13.75,15.1,8.0,485.0,0.37256486816406253,True,CALL,2026-09-18,SBUX
SBUX260918C00090000,90.0,11.89,10.95,13.0,6.0,676.0,0.39075316284179684,True,CALL,2026-09-18,SBUX
SBUX260918C00095000,95.0,8.66,8.55,9.5,14.0,460.0,0.34802898071289057,False,CALL,2026-09-18,SBUX
SBUX260918C00100000,100.0,6.7,6.5,6.75,49.0,1168.0,0.3193427441406249,False,CALL,2026-09-18,SBUX
SBUX260918C00105000,105.0,5.05,4.85,5.15,21.0,712.0,0.3171455004882812,False,CALL,2026-09-18,SBUX
SBUX260918C00110000,110.0,3.9,3.7,3.85,86.0,2434.0,0.3142158422851562,False,CALL,2026-09-18,SBUX
SBUX260918C00115000,115.0,2.95,2.59,3.2,10.0,753.0,0.327155166015625,False,CALL,2026-09-18,SBUX
SBUX260918C00120000,120.0,2.65,1.79,3.2,22.0,182.0,0.36249416809082036,False,CALL,2026-09-18,SBUX
SBUX260918P00070000,70.0,1.6,1.42,1.86,12.0,2964.0,0.354376573486328,False,PUT,2026-09-18,SBUX
SBUX260918P00075000,75.0,2.59,2.35,2.77,3.0,2925.0,0.34229173339843744,False,PUT,2026-09-18,SBUX
SBUX260918P00080000,80.0,3.4,3.4,4.75,16.0,3113.0,0.3634707208251954,False,PUT,2026-09-18,SBUX
SBUX260918P00085000,85.0,4.52,4.95,6.3,5.0,2839.0,0.34802898071289057,False,PUT,2026-09-18,SBUX
SBUX260918P00090000,90.0,7.45,7.15,7.8,171.0,868.0,0.31909860595703116,False,PUT,2026-09-18,SBUX
SBUX260918P00095000,95.0,9.0,9.4,10.35,34.0,393.0,0.31415480773925775,True,PUT,2026-09-18,SBUX
SBUX260918P00100000,100.0,11.45,12.45,13.0,150.0,233.0,0.29871306762695304,True,PUT,2026-09-18,SBUX
SBUX260918P00105000,105.0,24.0,22.65,24.65,1.0,40.0,0.5455978057861328,True,PUT,2026-09-18,SBUX
SBUX260918P00110000,110.0,26.15,23.7,26.1,2.0,15.0,0.5083056982421875,True,PUT,2026-09-18,SBUX
SBUX260918P00115000,115.0,22.58,23.3,24.35,1.0,7.0,0.29645478942871095,True,PUT,2026-09-18,SBUX
SBUX260918P00120000,120.0,35.98,26.2,28.65,1.0,7.0,0.2954782366943359,True,PUT,2026-09-18,SBUX
SBUX261218C00070000,70.0,35.0,25.6,28.0,14.0,247.0,0.4417780432128906,True,CALL,2026-12-18,SBUX
SBUX261218C00075000,75.0,28.1,21.5,24.15,1.0,6889.0,0.41986664123535156,True,CALL,2026-12-18,SBUX
SBUX261218C00080000,80.0,21.75,18.45,19.9,5.0,2793.0,0.3781800463867187,True,CALL,2026-12-18,SBUX
SBUX261218C00085000,85.0,18.1,15.35,17.3,1.0,1337.0,0.38519901916503896,True,CALL,2026-12-18,SBUX
SBUX261218C00090000,90.0,13.64,12.6,14.45,7.0,1698.0,0.3742738354492187,True,CALL,2026-12-18,SBUX
SBUX261218C00095000,95.0,11.09,10.05,10.75,3.0,9559.0,0.3309393078613281,False,CALL,2026-12-18,SBUX
SBUX261218C00100000,100.0,8.8,7.85,9.0,2.0,3945.0,0.33539482971191403,False,CALL,2026-12-18,SBUX
SBUX261218C00105000,105.0,8.15,6.05,7.7,113.0,1265.0,0.3446110461425781,False,CALL,2026-12-18,SBUX
SBUX261218C00110000,110.0,6.85,4.95,5.8,188.0,3041.0,0.3282537878417968,False,CALL,2026-12-18,SBUX
SBUX261218C00115000,115.0,5.35,3.9,4.4,8.0,1394.0,0.31879343322753895,False,CALL,2026-12-18,SBUX
SBUX261218C00120000,120.0,3.25,3.25,4.05,3.0,1930.0,0.33801931518554684,False,CALL,2026-12-18,SBUX
SBUX261218P00070000,70.0,2.5,2.26,2.74,27.0,1969.0,0.3460758752441406,False,PUT,2026-12-18,SBUX
SBUX261218P00075000,75.0,3.45,3.35,3.9,3.0,3525.0,0.33789724609375,False,PUT,2026-12-18,SBUX
SBUX261218P00080000,80.0,5.05,4.95,5.2,54.0,2903.0,0.3242255078124999,False,PUT,2026-12-18,SBUX
SBUX261218P00085000,85.0,6.55,6.5,7.1,34.0,1918.0,0.3205634350585937,False,PUT,2026-12-18,SBUX
SBUX261218P00090000,90.0,8.2,8.4,9.35,48.0,2559.0,0.3164741204833984,False,PUT,2026-12-18,SBUX
SBUX261218P00095000,95.0,11.2,10.85,11.7,5.0,2020.0,0.3050606604003906,True,PUT,2026-12-18,SBUX
SBUX261218P00100000,100.0,12.3,13.7,15.2,286.0,1240.0,0.31677929321289056,True,PUT,2026-12-18,SBUX
SBUX261218P00105000,105.0,13.1,16.95,18.55,4.0,243.0,0.31525342956542957,True,PUT,2026-12-18,SBUX
SBUX261218P00110000,110.0,16.7,20.5,22.15,1.0,1603.0,0.3128120477294921,True,PUT,2026-12-18,SBUX
SBUX261218P00115000,115.0,21.0,24.35,25.8,42.0,1686.0,0.3036568658447265,True,PUT,2026-12-18,SBUX
SBUX261218P00120000,120.0,38.5,0.0,0.0,1.0,48.0,1.0000000000000003e-05,True,PUT,2026-12-18,SBUX
SBUX270115C00070000,70.0,27.2,25.15,28.0,250.0,626.0,0.42383388671875,True,CALL,2027-01-15,SBUX
SBUX270115C00075000,75.0,22.95,21.9,24.6,4.0,397.0,0.41901215759277344,True,CALL,2027-01-15,SBUX
SBUX270115C00080000,80.0,20.6,18.65,20.9,3.0,3587.0,0.3955748919677735,True,CALL,2027-01-15,SBUX
SBUX270115C00085000,85.0,16.25,15.8,17.6,18.0,1204.0,0.3786072882080078,True,CALL,2027-01-15,SBUX
SBUX270115C00090000,90.0,13.55,12.7,15.05,2.0,4715.0,0.37616590637207037,True,CALL,2027-01-15,SBUX
SBUX270115C00095000,95.0,11.05,10.7,11.45,143.0,1334.0,0.33673758972167966,False,CALL,2027-01-15,SBUX
SBUX270115C00100000,100.0,9.0,8.5,9.5,172.0,4722.0,0.33551689880371094,False,CALL,2027-01-15,SBUX
SBUX270115C00105000,105.0,9.27,6.75,7.8,1049.0,2832.0,0.33338068969726564,False,CALL,2027-01-15,SBUX
SBUX270115C00110000,110.0,5.8,5.65,5.9,33.0,8557.0,0.3178779150390625,False,CALL,2027-01-15,SBUX
SBUX270115C00115000,115.0,6.18,3.95,6.15,113.0,1460.0,0.3597476135253906,False,CALL,2027-01-15,SBUX
SBUX270115C00120000,120.0,3.85,3.45,4.25,2.0,6661.0,0.3309393078613281,False,CALL,2027-01-15,SBUX
SBUX270115P00070000,70.0,2.75,2.42,2.99,12.0,10506.0,0.3436955279541015,False,PUT,2027-01-15,SBUX
SBUX270115P00075000,75.0,3.72,3.45,4.0,36.0,2536.0,0.32807068420410157,False,PUT,2027-01-15,SBUX
SBUX270115P00080000,80.0,5.31,5.1,5.5,42.0,5000.0,0.3212348150634765,False,PUT,2027-01-15,SBUX
SBUX270115P00085000,85.0,5.95,6.6,7.4,32.0,2858.0,0.3166572241210937,False,PUT,2027-01-15,SBUX
SBUX270115P00090000,90.0,9.0,8.7,9.75,2.0,2587.0,0.31500929138183587,False,PUT,2027-01-15,SBUX
SBUX270115P00095000,95.0,11.5,11.25,12.3,26.0,2037.0,0.3092110095214844,True,PUT,2027-01-15,SBUX
SBUX270115P00100000,100.0,13.3,14.0,15.3,595.0,2068.0,0.30664755859375,True,PUT,2027-01-15,SBUX
SBUX270115P00105000,105.0,17.75,17.25,18.75,8.0,409.0,0.30811238769531246,True,PUT,2027-01-15,SBUX
SBUX270115P00110000,110.0,21.39,20.7,22.15,8.0,142.0,0.30011686218261713,True,PUT,2027-01-15,SBUX
SBUX270115P00115000,115.0,31.57,24.55,26.15,2.0,136.0,0.3026803131103516,True,PUT,2027-01-15,SBUX
SBUX270115P00120000,120.0,26.9,27.2,29.85,2.0,181.0,0.2877268493652343,True,PUT,2027-01-15,SBUX
SBUX280121C00070000,70.0,30.1,28.4,31.15,194.0,273.0,0.3814148773193359,True,CALL,2028-01-21,SBUX
SBUX280121C00075000,75.0,32.33,25.0,28.95,2.0,95.0,0.39801627380371096,True,CALL,2028-01-21,SBUX
SBUX280121C00080000,80.0,24.22,22.0,26.0,9.0,1531.0,0.39014281738281253,True,CALL,2028-01-21,SBUX
SBUX280121C00085000,85.0,22.39,19.5,23.5,19.0,243.0,0.38788453918457033,True,CALL,2028-01-21,SBUX
SBUX280121C00090000,90.0,19.5,18.0,21.0,14.0,462.0,0.3815369464111328,True,CALL,2028-01-21,SBUX
SBUX280121C00095000,95.0,17.5,15.0,19.0,2.0,2559.0,0.38147591186523433,False,CALL,2028-01-21,SBUX
SBUX280121C00100000,100.0,14.95,14.0,15.75,8.0,291.0,0.3537357107543945,False,CALL,2028-01-21,SBUX
SBUX280121C00105000,105.0,13.42,11.5,15.0,2.0,302.0,0.37091693542480464,False,CALL,2028-01-21,SBUX
SBUX280121C00110000,110.0,12.5,10.0,13.5,20.0,624.0,0.37055072814941403,False,CALL,2028-01-21,SBUX
SBUX280121C00115000,115.0,10.25,8.5,11.3,1.0,559.0,0.3537967453002929,False,CALL,2028-01-21,SBUX
SBUX280121C00120000,120.0,9.4,8.0,11.0,26.0,973.0,0.37125262542724613,False,CALL,2028-01-21,SBUX
SBUX280121P00070000,70.0,5.6,3.0,5.9,181.0,2662.0,0.32507999145507804,False,PUT,2028-01-21,SBUX
SBUX280121P00075000,75.0,6.49,6.1,8.1,105.0,447.0,0.3330755169677735,False,PUT,2028-01-21,SBUX
SBUX280121P00080000,80.0,7.0,8.35,10.1,1.0,500.0,0.3289251678466796,False,PUT,2028-01-21,SBUX
SBUX280121P00085000,85.0,11.0,9.3,11.5,8.0,851.0,0.3071968695068359,False,PUT,2028-01-21,SBUX
SBUX280121P00090000,90.0,13.0,11.0,14.5,1.0,252.0,0.31436842864990233,False,PUT,2028-01-21,SBUX
SBUX280121P00095000,95.0,14.98,14.0,17.5,10.0,36.0,0.3162299822998046,True,PUT,2028-01-21,SBUX
SBUX280121P00100000,100.0,18.85,17.6,20.3,10.0,530.0,0.3097908377075196,True,PUT,2028-01-21,SBUX
SBUX280121P00105000,105.0,25.35,19.5,23.5,22.0,23.0,0.30704428314208976,True,PUT,2028-01-21,SBUX
SBUX280121P00110000,110.0,25.2,23.4,26.6,12.0,37.0,0.2985299639892578,True,PUT,2028-01-21,SBUX
SBUX280121P00115000,115.0,28.65,27.0,29.6,2.0,10.0,0.28400374206542955,True,PUT,2028-01-21,SBUX
SBUX280121P00120000,120.0,30.0,30.0,33.5,1.0,1.0,0.2837901211547851,True,PUT,2028-01-21,SBUX
SCHW260130C00075000,75.0,27.65,27.45,30.15,,1.0,3.0683617041015623,True,CALL,2026-01-30,SCHW
SCHW260130C00088000,88.0,14.86,14.6,17.1,2.0,40.0,1.834961762695312,True,CALL,2026-01-30,SCHW
SCHW260130C00089000,89.0,13.8,13.6,16.15,1.0,18.0,1.755860595703125,True,CALL,2026-01-30,SCHW
SCHW260130C00090000,90.0,13.75,12.6,15.15,3.0,204.0,1.6601579492187502,True,CALL,2026-01-30,SCHW
SCHW260130C00091000,91.0,9.42,11.55,14.15,2.0,3.0,1.5478538232421872,True,CALL,2026-01-30,SCHW
SCHW260130C00092000,92.0,9.05,10.8,13.1,1.0,2.0,1.51172119140625,True,CALL,2026-01-30,SCHW
SCHW260130C00093000,93.0,10.0,9.75,11.9,1.0,14.0,1.3408236083984373,True,CALL,2026-01-30,SCHW
SCHW260130C00094000,94.0,8.67,8.65,11.15,4.0,7.0,1.2861363818359375,True,CALL,2026-01-30,SCHW
SCHW260130C00095000,95.0,8.84,7.65,10.1,4.0,98.0,1.173832255859375,True,CALL,2026-01-30,SCHW
SCHW260130C00096000,96.0,7.0,6.6,9.0,1.0,27.0,1.0361376318359379,True,CALL,2026-01-30,SCHW
SCHW260130C00097000,97.0,6.12,5.75,8.15,11.0,22.0,1.009770576171875,True,CALL,2026-01-30,SCHW
SCHW260130C00098000,98.0,5.19,4.9,7.15,1.0,12.0,0.9389654541015625,True,CALL,2026-01-30,SCHW
SCHW260130C00099000,99.0,4.6,3.9,5.9,4.0,51.0,0.7773459765625,True,CALL,2026-01-30,SCHW
SCHW260130C00100000,100.0,3.3,3.0,3.3,312.0,622.0,0.39453730468750003,True,CALL,2026-01-30,SCHW
SCHW260130C00101000,101.0,2.73,2.03,2.48,3.0,274.0,0.38623660644531244,True,CALL,2026-01-30,SCHW
SCHW260130C00102000,102.0,1.57,1.27,1.59,49.0,542.0,0.317389638671875,True,CALL,2026-01-30,SCHW
SCHW260130C00103000,103.0,0.71,0.67,0.79,107.0,792.0,0.24805439453125,True,CALL,2026-01-30,SCHW
SCHW260130C00104000,104.0,0.31,0.27,0.35,207.0,970.0,0.23633576171874998,False,CALL,2026-01-30,SCHW
SCHW260130C00105000,105.0,0.13,0.09,0.15,200.0,837.0,0.245124736328125,False,CALL,2026-01-30,SCHW
SCHW260130C00106000,106.0,0.07,0.03,0.09,11.0,370.0,0.28125718749999995,False,CALL,2026-01-30,SCHW
SCHW260130C00107000,107.0,0.02,0.01,0.03,89.0,264.0,0.27735097656249996,False,CALL,2026-01-30,SCHW
SCHW260130C00108000,108.0,0.01,0.0,0.03,5.0,200.0,0.335944140625,False,CALL,2026-01-30,SCHW
SCHW260130C00109000,109.0,0.01,0.0,0.02,6.0,63.0,0.367193828125,False,CALL,2026-01-30,SCHW
SCHW260130C00110000,110.0,0.01,0.0,0.02,1.0,106.0,0.414068359375,False,CALL,2026-01-30,SCHW
SCHW260130C00111000,111.0,0.01,0.0,0.07,16.0,55.0,0.5039112109375,False,CALL,2026-01-30,SCHW
SCHW260130C00112000,112.0,0.06,0.0,0.06,85.0,435.0,0.5390671093750001,False,CALL,2026-01-30,SCHW
SCHW260130C00113000,113.0,0.01,0.0,0.07,6.0,12.0,0.6015664843750002,False,CALL,2026-01-30,SCHW
SCHW260130C00114000,114.0,0.21,0.0,0.06,6.0,1.0,0.64062859375,False,CALL,2026-01-30,SCHW
SCHW260130C00115000,115.0,0.01,0.0,0.26,2.0,23.0,0.8730481445312499,False,CALL,2026-01-30,SCHW
SCHW260130C00116000,116.0,0.13,0.0,0.07,2.0,22.0,0.7460962890625,False,CALL,2026-01-30,SCHW
SCHW260130C00117000,117.0,0.4,0.0,0.26,,1.0,0.9804689453125001,False,CALL,2026-01-30,SCHW
SCHW260130P00075000,75.0,0.01,0.0,0.01,,542.0,1.5000025,False,PUT,2026-01-30,SCHW
SCHW260130P00080000,80.0,0.01,0.0,1.38,810.0,837.0,2.5312536718749996,False,PUT,2026-01-30,SCHW
SCHW260130P00083000,83.0,0.01,0.0,0.02,10.0,700.0,1.109379453125,False,PUT,2026-01-30,SCHW
SCHW260130P00084000,84.0,0.02,0.0,0.04,8.0,37.0,1.140629296875,False,PUT,2026-01-30,SCHW
SCHW260130P00085000,85.0,0.01,0.0,0.95,1.0,10.0,1.86328193359375,False,PUT,2026-01-30,SCHW
SCHW260130P00086000,86.0,0.01,0.0,0.03,30.0,74.0,0.98437515625,False,PUT,2026-01-30,SCHW
SCHW260130P00087000,87.0,0.02,0.0,0.75,3.0,9.0,1.5917989160156247,False,PUT,2026-01-30,SCHW
SCHW260130P00088000,88.0,0.01,0.0,0.01,17.0,400.0,0.7812521875,False,PUT,2026-01-30,SCHW
SCHW260130P00089000,89.0,0.02,0.0,0.75,4.0,11.0,1.423831005859375,False,PUT,2026-01-30,SCHW
SCHW260130P00090000,90.0,0.01,0.0,0.03,39.0,57.0,0.7656273437500001,False,PUT,2026-01-30,SCHW
SCHW260130P00091000,91.0,0.02,0.0,1.0,3.0,46.0,1.3554719726562499,False,PUT,2026-01-30,SCHW
SCHW260130P00092000,92.0,0.01,0.0,0.01,2.0,48.0,0.57812921875,False,PUT,2026-01-30,SCHW
SCHW260130P00093000,93.0,0.03,0.0,0.43,16.0,61.0,0.945313046875,False,PUT,2026-01-30,SCHW
SCHW260130P00094000,94.0,0.03,0.0,0.47,3.0,96.0,0.8867198828124999,False,PUT,2026-01-30,SCHW
SCHW260130P00095000,95.0,0.04,0.0,0.54,5.0,535.0,0.8378922460937499,False,PUT,2026-01-30,SCHW
SCHW260130P00096000,96.0,0.06,0.0,0.55,7.0,956.0,0.7597680273437502,False,PUT,2026-01-30,SCHW
SCHW260130P00097000,97.0,0.03,0.02,0.03,5.0,124.0,0.42188078125,False,PUT,2026-01-30,SCHW
SCHW260130P00098000,98.0,0.03,0.03,0.05,1.0,103.0,0.39453730468750003,False,PUT,2026-01-30,SCHW
SCHW260130P00099000,99.0,0.05,0.03,0.07,41.0,432.0,0.35352208984374994,False,PUT,2026-01-30,SCHW
SCHW260130P00100000,100.0,0.07,0.06,0.09,190.0,831.0,0.3007882421875,False,PUT,2026-01-30,SCHW
SCHW260130P00101000,101.0,0.17,0.13,0.16,124.0,1005.0,0.26758544921875,False,PUT,2026-01-30,SCHW
SCHW260130P00102000,102.0,0.19,0.27,0.34,91.0,668.0,0.2500075,False,PUT,2026-01-30,SCHW
SCHW260130P00103000,103.0,0.6,0.58,0.71,28.0,525.0,0.24463645996093752,False,PUT,2026-01-30,SCHW
SCHW260130P00104000,104.0,1.19,1.13,1.44,101.0,262.0,0.29395237304687494,True,PUT,2026-01-30,SCHW
SCHW260130P00105000,105.0,1.54,1.72,2.19,11.0,104.0,0.299811689453125,True,PUT,2026-01-30,SCHW
SCHW260130P00106000,106.0,2.36,2.59,3.15,1.0,274.0,0.36524072265625,True,PUT,2026-01-30,SCHW
SCHW260130P00107000,107.0,3.71,3.1,4.3,1.0,13.0,0.5273484765625001,True,PUT,2026-01-30,SCHW
SCHW260130P00108000,108.0,7.95,2.94,5.45,,1.0,0.6865265722656251,True,PUT,2026-01-30,SCHW
SCHW260130P00110000,110.0,7.15,4.9,7.55,,1.0,0.901368173828125,True,PUT,2026-01-30,SCHW
SCHW260130P00111000,111.0,8.1,5.9,8.65,,0.0,1.0322314013671878,True,PUT,2026-01-30,SCHW
SCHW260130P00115000,115.0,12.93,10.45,13.75,2.0,0.0,0.92187578125,True,PUT,2026-01-30,SCHW
SCHW260206C00080000,80.0,23.2,22.45,25.2,1.0,1.0,1.220707021484375,True,CALL,2026-02-06,SCHW
SCHW260206C00090000,90.0,13.07,12.85,15.2,2.0,63.0,0.8266618896484373,True,CALL,2026-02-06,SCHW
SCHW260206C00091000,91.0,10.8,11.8,14.25,,2.0,0.7797873583984375,True,CALL,2026-02-06,SCHW
SCHW260206C00092000,92.0,12.53,10.85,13.25,4.0,5.0,0.7392604199218749,True,CALL,2026-02-06,SCHW
SCHW260206C00093000,93.0,11.55,9.75,12.3,4.0,5.0,0.68555001953125,True,CALL,2026-02-06,SCHW
SCHW260206C00094000,94.0,8.93,8.95,9.4,1.0,2.0,0.45606012695312503,True,CALL,2026-02-06,SCHW
SCHW260206C00095000,95.0,8.96,7.8,9.75,4.0,20.0,0.5278367529296876,True,CALL,2026-02-06,SCHW
SCHW260206C00096000,96.0,6.38,6.85,7.75,,4.0,0.4760794580078125,True,CALL,2026-02-06,SCHW
SCHW260206C00097000,97.0,7.9,6.1,7.6,2.0,6.0,0.6103554589843752,True,CALL,2026-02-06,SCHW
SCHW260206C00098000,98.0,4.6,5.2,5.55,5.0,7.0,0.335944140625,True,CALL,2026-02-06,SCHW
SCHW260206C00099000,99.0,5.4,4.3,6.55,1.0,12.0,0.6647982739257814,True,CALL,2026-02-06,SCHW
SCHW260206C00100000,100.0,4.85,3.25,3.85,3.0,50.0,0.3051827294921875,True,CALL,2026-02-06,SCHW
SCHW260206C00101000,101.0,3.3,2.72,3.05,2.0,38.0,0.2866282275390625,True,CALL,2026-02-06,SCHW
SCHW260206C00102000,102.0,2.9,2.03,2.29,1.0,29.0,0.26489992919921873,True,CALL,2026-02-06,SCHW
SCHW260206C00103000,103.0,1.8,1.44,1.72,31.0,136.0,0.26099371826171874,True,CALL,2026-02-06,SCHW
SCHW260206C00104000,104.0,1.1,1.04,1.17,54.0,136.0,0.24536887451171874,False,CALL,2026-02-06,SCHW
SCHW260206C00105000,105.0,0.75,0.64,0.85,24.0,127.0,0.2512281909179687,False,CALL,2026-02-06,SCHW
SCHW260206C00106000,106.0,0.56,0.39,0.61,1.0,104.0,0.2573316455078125,False,CALL,2026-02-06,SCHW
SCHW260206C00107000,107.0,0.35,0.27,0.42,8.0,121.0,0.260749580078125,False,CALL,2026-02-06,SCHW
SCHW260206C00108000,108.0,0.3,0.16,0.35,15.0,89.0,0.282233740234375,False,CALL,2026-02-06,SCHW
SCHW260206C00109000,109.0,0.18,0.1,0.23,1.0,37.0,0.28174546386718746,False,CALL,2026-02-06,SCHW
SCHW260206C00110000,110.0,0.12,0.03,0.36,8.0,54.0,0.35645174804687496,False,CALL,2026-02-06,SCHW
SCHW260206C00111000,111.0,0.11,0.0,0.32,6.0,5.0,0.37744763183593744,False,CALL,2026-02-06,SCHW
SCHW260206C00112000,112.0,0.83,0.0,0.31,,2.0,0.4062559375,False,CALL,2026-02-06,SCHW
SCHW260206C00115000,115.0,0.24,0.0,0.23,1.0,10.0,0.463872548828125,False,CALL,2026-02-06,SCHW
SCHW260206C00117000,117.0,0.24,0.0,0.22,,20.0,0.5136767382812499,False,CALL,2026-02-06,SCHW
SCHW260206P00085000,85.0,0.64,0.0,1.2,1.0,2.0,0.93164130859375,False,PUT,2026-02-06,SCHW
SCHW260206P00088000,88.0,0.34,0.0,2.15,,7.0,0.9565434033203124,False,PUT,2026-02-06,SCHW
SCHW260206P00089000,89.0,0.2,0.0,2.15,2.0,4.0,0.9082040429687499,False,PUT,2026-02-06,SCHW
SCHW260206P00090000,90.0,0.13,0.0,2.15,6.0,12.0,0.860352958984375,False,PUT,2026-02-06,SCHW
SCHW260206P00091000,91.0,2.23,0.0,0.09,3.0,8.0,0.43555251953125,False,PUT,2026-02-06,SCHW
SCHW260206P00092000,92.0,0.36,0.0,0.75,10.0,14.0,0.551762294921875,False,PUT,2026-02-06,SCHW
SCHW260206P00093000,93.0,0.35,0.0,0.75,8.0,8.0,0.5122119091796875,False,PUT,2026-02-06,SCHW
SCHW260206P00094000,94.0,0.08,0.01,0.1,3.0,16.0,0.34668622070312494,False,PUT,2026-02-06,SCHW
SCHW260206P00095000,95.0,0.14,0.06,0.19,2.0,69.0,0.36133451171875,False,PUT,2026-02-06,SCHW
SCHW260206P00096000,96.0,0.18,0.11,0.45,7.0,112.0,0.414068359375,False,PUT,2026-02-06,SCHW
SCHW260206P00097000,97.0,0.16,0.16,0.63,1.0,93.0,0.41797457031249996,False,PUT,2026-02-06,SCHW
SCHW260206P00098000,98.0,0.23,0.23,0.3,6.0,14.0,0.28711650390624993,False,PUT,2026-02-06,SCHW
SCHW260206P00099000,99.0,0.36,0.32,0.42,101.0,118.0,0.27686270019531245,False,PUT,2026-02-06,SCHW
SCHW260206P00100000,100.0,0.49,0.47,0.63,16.0,68.0,0.2758861474609374,False,PUT,2026-02-06,SCHW
SCHW260206P00101000,101.0,0.71,0.69,0.93,5.0,57.0,0.2778392529296875,False,PUT,2026-02-06,SCHW
SCHW260206P00102000,102.0,1.12,0.97,1.27,6.0,62.0,0.27295648925781246,False,PUT,2026-02-06,SCHW
SCHW260206P00103000,103.0,1.41,1.38,1.68,47.0,47.0,0.26563234375,False,PUT,2026-02-06,SCHW
SCHW260206P00104000,104.0,1.79,1.86,2.2,49.0,58.0,0.2612378564453125,True,PUT,2026-02-06,SCHW
SCHW260206P00105000,105.0,2.15,2.46,2.77,12.0,16.0,0.24951922363281248,True,PUT,2026-02-06,SCHW
SCHW260206P00106000,106.0,3.55,3.1,3.5,1.0,2.0,0.24951922363281248,True,PUT,2026-02-06,SCHW
SCHW260206P00107000,107.0,3.91,2.52,4.65,1.0,2.0,0.3242255078124999,True,PUT,2026-02-06,SCHW
SCHW260213C00091000,91.0,10.69,11.95,14.4,1.0,1.0,0.6152382226562501,True,CALL,2026-02-13,SCHW
SCHW260213C00093000,93.0,11.1,9.85,11.85,,1.0,0.65820654296875,True,CALL,2026-02-13,SCHW
SCHW260213C00096000,96.0,6.65,7.15,8.75,,1.0,0.5210008837890624,True,CALL,2026-02-13,SCHW
SCHW260213C00097000,97.0,6.22,6.1,8.6,1.0,1.0,0.5976602734375001,True,CALL,2026-02-13,SCHW
SCHW260213C00098000,98.0,5.4,5.45,5.9,10.0,13.0,0.3122627368164062,True,CALL,2026-02-13,SCHW
SCHW260213C00099000,99.0,7.63,4.45,6.85,,1.0,0.5366257275390626,True,CALL,2026-02-13,SCHW
SCHW260213C00100000,100.0,4.14,3.8,4.35,1.0,3.0,0.29761444580078117,True,CALL,2026-02-13,SCHW
SCHW260213C00101000,101.0,3.55,3.15,3.5,25.0,43.0,0.2722240747070312,True,CALL,2026-02-13,SCHW
SCHW260213C00102000,102.0,2.77,2.61,2.74,160.0,134.0,0.2524488818359375,True,CALL,2026-02-13,SCHW
SCHW260213C00103000,103.0,2.49,2.02,2.16,30.0,46.0,0.24683370361328127,True,CALL,2026-02-13,SCHW
SCHW260213C00104000,104.0,1.86,1.54,1.65,25.0,182.0,0.24073024902343748,False,CALL,2026-02-13,SCHW
SCHW260213C00105000,105.0,1.24,1.12,1.24,26.0,430.0,0.23731231445312498,False,CALL,2026-02-13,SCHW
SCHW260213C00106000,106.0,0.95,0.78,0.91,7.0,63.0,0.2348709326171875,False,CALL,2026-02-13,SCHW
SCHW260213C00107000,107.0,0.57,0.54,0.65,2.0,166.0,0.23267368896484375,False,CALL,2026-02-13,SCHW
SCHW260213C00108000,108.0,0.51,0.37,0.44,6.0,659.0,0.22852333984375,False,CALL,2026-02-13,SCHW
SCHW260213C00109000,109.0,0.32,0.07,0.46,10.0,12.0,0.260749580078125,False,CALL,2026-02-13,SCHW
SCHW260213C00110000,110.0,1.14,0.02,0.5,6.0,41.0,0.29614961669921874,False,CALL,2026-02-13,SCHW
SCHW260213C00111000,111.0,0.18,0.0,0.75,1.0,11.0,0.370123486328125,False,CALL,2026-02-13,SCHW
SCHW260213C00112000,112.0,0.13,0.0,0.75,20.0,22.0,0.3979552392578125,False,CALL,2026-02-13,SCHW
SCHW260213C00113000,113.0,0.33,0.0,0.75,,29.0,0.4250545776367188,False,CALL,2026-02-13,SCHW
SCHW260213C00115000,115.0,0.49,0.0,0.75,,5.0,0.4770560107421875,False,CALL,2026-02-13,SCHW
SCHW260213C00117000,117.0,0.12,0.01,0.74,11.0,30.0,0.5241746801757812,False,CALL,2026-02-13,SCHW
SCHW260213P00085000,85.0,0.15,0.0,0.75,,5.0,0.62305064453125,False,PUT,2026-02-13,SCHW
SCHW260213P00088000,88.0,0.31,0.0,0.75,,2.0,0.53320779296875,False,PUT,2026-02-13,SCHW
SCHW260213P00090000,90.0,0.6,0.0,0.75,,1.0,0.5742230078125,False,PUT,2026-02-13,SCHW
SCHW260213P00091000,91.0,0.32,0.0,0.95,,3.0,0.5839885351562499,False,PUT,2026-02-13,SCHW
SCHW260213P00092000,92.0,0.25,0.0,0.95,2.0,5.0,0.5485884985351563,False,PUT,2026-02-13,SCHW
SCHW260213P00093000,93.0,0.7,0.0,0.95,,5.0,0.5131884619140624,False,PUT,2026-02-13,SCHW
SCHW260213P00094000,94.0,0.32,0.0,0.76,12.0,24.0,0.4409235595703125,False,PUT,2026-02-13,SCHW
SCHW260213P00095000,95.0,0.29,0.0,0.75,20.0,65.0,0.40479110839843746,False,PUT,2026-02-13,SCHW
SCHW260213P00096000,96.0,0.43,0.11,0.75,1.0,11.0,0.370123486328125,False,PUT,2026-02-13,SCHW
SCHW260213P00097000,97.0,0.42,0.18,0.75,5.0,88.0,0.334967587890625,False,PUT,2026-02-13,SCHW
SCHW260213P00098000,98.0,0.52,0.51,0.59,10.0,21.0,0.27197993652343744,False,PUT,2026-02-13,SCHW
SCHW260213P00099000,99.0,0.68,0.68,0.76,15.0,54.0,0.26416751464843746,False,PUT,2026-02-13,SCHW
SCHW260213P00100000,100.0,0.81,0.87,1.0,1.0,136.0,0.25977302734375,False,PUT,2026-02-13,SCHW
SCHW260213P00101000,101.0,1.17,1.19,1.28,21.0,46.0,0.2534254345703125,False,PUT,2026-02-13,SCHW
SCHW260213P00102000,102.0,1.55,1.53,1.66,20.0,627.0,0.2514723291015625,False,PUT,2026-02-13,SCHW
SCHW260213P00103000,103.0,1.71,1.92,2.09,6.0,121.0,0.24683370361328127,False,PUT,2026-02-13,SCHW
SCHW260213P00104000,104.0,2.3,2.43,2.63,1.0,41.0,0.24658956542968752,True,PUT,2026-02-13,SCHW
SCHW260213P00105000,105.0,3.15,3.0,3.25,10.0,30.0,0.24732197998046873,True,PUT,2026-02-13,SCHW
SCHW260213P00106000,106.0,3.3,2.89,3.95,4.0,7.0,0.24951922363281248,True,PUT,2026-02-13,SCHW
SCHW260213P00108000,108.0,3.73,4.5,5.8,,15.0,0.29883513671874995,True,PUT,2026-02-13,SCHW
SCHW260213P00109000,109.0,8.72,5.05,6.5,,2.0,0.28125718749999995,True,PUT,2026-02-13,SCHW
SCHW260213P00110000,110.0,7.5,5.15,7.5,10.0,1.0,0.309577216796875,True,PUT,2026-02-13,SCHW
SCHW260213P00117000,117.0,14.35,12.0,14.45,2.0,0.0,0.47412635253906255,True,PUT,2026-02-13,SCHW
SCHW260220C00080000,80.0,23.0,22.85,25.25,1.0,4.0,0.8198260205078124,True,CALL,2026-02-20,SCHW
SCHW260220C00085000,85.0,13.16,17.95,20.3,,1.0,0.684573466796875,True,CALL,2026-02-20,SCHW
SCHW260220C00087500,87.5,15.6,15.3,17.85,44.0,60.0,0.6001016552734376,True,CALL,2026-02-20,SCHW
SCHW260220C00090000,90.0,14.75,13.05,13.65,5.0,217.0,0.44360907958984375,True,CALL,2026-02-20,SCHW
SCHW260220C00092000,92.0,11.2,11.15,11.85,34.0,40.0,0.4279842358398438,True,CALL,2026-02-20,SCHW
SCHW260220C00092500,92.5,11.6,10.65,11.35,1.0,214.0,0.4138242211914062,True,CALL,2026-02-20,SCHW
SCHW260220C00094000,94.0,10.1,9.15,9.85,7.0,138.0,0.3711000390625,True,CALL,2026-02-20,SCHW
SCHW260220C00095000,95.0,8.98,8.3,9.0,1.0,156.0,0.36524072265625,True,CALL,2026-02-20,SCHW
SCHW260220C00096000,96.0,7.05,7.4,7.95,8.0,31.0,0.32813171874999997,True,CALL,2026-02-20,SCHW
SCHW260220C00097000,97.0,7.56,6.5,7.15,1.0,24.0,0.3249579223632812,True,CALL,2026-02-20,SCHW
SCHW260220C00097500,97.5,6.05,6.1,6.65,1.0,127.0,0.30884480224609373,True,CALL,2026-02-20,SCHW
SCHW260220C00098000,98.0,5.7,5.7,6.3,1.0,5.0,0.3112861840820312,True,CALL,2026-02-20,SCHW
SCHW260220C00099000,99.0,5.7,4.9,5.35,4.0,6.0,0.2834544311523437,True,CALL,2026-02-20,SCHW
SCHW260220C00100000,100.0,4.82,4.15,4.4,25.0,1449.0,0.2536695727539063,True,CALL,2026-02-20,SCHW
SCHW260220C00101000,101.0,3.8,3.45,3.75,25.0,288.0,0.252937158203125,True,CALL,2026-02-20,SCHW
SCHW260220C00102000,102.0,3.39,2.82,3.25,1.0,61.0,0.2611157873535156,True,CALL,2026-02-20,SCHW
SCHW260220C00103000,103.0,2.49,2.27,2.65,5.0,201.0,0.2534254345703125,True,CALL,2026-02-20,SCHW
SCHW260220C00104000,104.0,2.04,1.78,2.12,9.0,266.0,0.24683370361328127,False,CALL,2026-02-20,SCHW
SCHW260220C00105000,105.0,1.71,1.35,1.7,116.0,1947.0,0.2447585290527344,False,CALL,2026-02-20,SCHW
SCHW260220C00106000,106.0,1.35,1.05,1.31,4.0,283.0,0.2395095581054687,False,CALL,2026-02-20,SCHW
SCHW260220C00107000,107.0,1.25,0.78,1.04,1.0,47.0,0.24097438720703124,False,CALL,2026-02-20,SCHW
SCHW260220C00108000,108.0,0.79,0.55,0.8,2.0,838.0,0.24024197265624997,False,CALL,2026-02-20,SCHW
SCHW260220C00109000,109.0,0.45,0.39,0.62,1.0,51.0,0.2417068017578125,False,CALL,2026-02-20,SCHW
SCHW260220C00110000,110.0,0.35,0.3,0.41,104.0,2938.0,0.23194127441406248,False,CALL,2026-02-20,SCHW
SCHW260220C00111000,111.0,0.2,0.14,0.3,63.0,72.0,0.23194127441406248,False,CALL,2026-02-20,SCHW
SCHW260220C00112000,112.0,0.25,0.09,0.25,1.0,16.0,0.24024197265624997,False,CALL,2026-02-20,SCHW
SCHW260220C00113000,113.0,0.18,0.03,0.25,16.0,60.0,0.25928475097656256,False,CALL,2026-02-20,SCHW
SCHW260220C00114000,114.0,0.21,0.01,0.2,,4.0,0.26367923828125,False,CALL,2026-02-20,SCHW
SCHW260220C00115000,115.0,0.07,0.06,0.1,4.0,1811.0,0.245124736328125,False,CALL,2026-02-20,SCHW
SCHW260220C00116000,116.0,0.08,0.01,0.16,1.0,2.0,0.2846751220703124,False,CALL,2026-02-20,SCHW
SCHW260220C00120000,120.0,0.16,0.0,0.23,1.0,191.0,0.37354142089843745,False,CALL,2026-02-20,SCHW
SCHW260220C00125000,125.0,0.18,0.0,0.18,5.0,9.0,0.42969320312500003,False,CALL,2026-02-20,SCHW
SCHW260220C00130000,130.0,0.01,0.0,0.2,2.0,11.0,0.507817421875,False,CALL,2026-02-20,SCHW
SCHW260220P00075000,75.0,0.04,0.01,0.05,22.0,59.0,0.523442265625,False,PUT,2026-02-20,SCHW
SCHW260220P00080000,80.0,0.08,0.0,0.23,5.0,137.0,0.51758294921875,False,PUT,2026-02-20,SCHW
SCHW260220P00085000,85.0,0.08,0.01,0.19,2.0,468.0,0.450200810546875,False,PUT,2026-02-20,SCHW
SCHW260220P00087500,87.5,0.13,0.03,0.22,59.0,1208.0,0.405279384765625,False,PUT,2026-02-20,SCHW
SCHW260220P00090000,90.0,0.16,0.07,0.27,15.0,729.0,0.36475244628906256,False,PUT,2026-02-20,SCHW
SCHW260220P00092000,92.0,0.3,0.13,0.34,3.0,505.0,0.3364324169921875,False,PUT,2026-02-20,SCHW
SCHW260220P00092500,92.5,0.29,0.15,0.36,1.0,535.0,0.32910827148437494,False,PUT,2026-02-20,SCHW
SCHW260220P00093000,93.0,0.4,0.15,0.38,29.0,27.0,0.32129584960937496,False,PUT,2026-02-20,SCHW
SCHW260220P00094000,94.0,0.47,0.21,0.44,5.0,187.0,0.3090889404296875,False,PUT,2026-02-20,SCHW
SCHW260220P00095000,95.0,0.4,0.34,0.43,5.0,1435.0,0.28125718749999995,False,PUT,2026-02-20,SCHW
SCHW260220P00096000,96.0,0.56,0.46,0.55,5.0,19.0,0.2766185620117187,False,PUT,2026-02-20,SCHW
SCHW260220P00097000,97.0,0.72,0.45,0.7,3.0,35.0,0.27197993652343744,False,PUT,2026-02-20,SCHW
SCHW260220P00097500,97.5,0.63,0.63,0.73,5.0,589.0,0.2617261328125,False,PUT,2026-02-20,SCHW
SCHW260220P00098000,98.0,0.66,0.71,0.83,2.0,81.0,0.26050544189453123,False,PUT,2026-02-20,SCHW
SCHW260220P00099000,99.0,1.06,0.92,1.04,14.0,138.0,0.2551344018554688,False,PUT,2026-02-20,SCHW
SCHW260220P00100000,100.0,1.07,1.15,1.3,22.0,1600.0,0.25049577636718745,False,PUT,2026-02-20,SCHW
SCHW260220P00101000,101.0,1.32,1.44,1.6,6.0,88.0,0.24463645996093752,False,PUT,2026-02-20,SCHW
SCHW260220P00102000,102.0,2.07,1.8,2.0,1.0,357.0,0.24341576904296874,False,PUT,2026-02-20,SCHW
SCHW260220P00103000,103.0,2.09,2.25,2.48,1.0,97.0,0.24378197631835938,False,PUT,2026-02-20,SCHW
SCHW260220P00104000,104.0,2.55,2.77,3.05,2.0,29.0,0.24683370361328127,True,PUT,2026-02-20,SCHW
SCHW260220P00105000,105.0,3.4,3.35,3.6,10.0,804.0,0.2417068017578125,True,PUT,2026-02-20,SCHW
SCHW260220P00106000,106.0,3.34,4.0,4.3,,1.0,0.24597921997070313,True,PUT,2026-02-20,SCHW
SCHW260220P00107000,107.0,4.3,4.7,5.0,9.0,10.0,0.24463645996093752,True,PUT,2026-02-20,SCHW
SCHW260220P00110000,110.0,7.83,7.2,7.55,1.0,90.0,0.26587648193359376,True,PUT,2026-02-20,SCHW
SCHW260227C00092000,92.0,11.8,11.05,12.0,,1.0,0.397466962890625,True,CALL,2026-02-27,SCHW
SCHW260227C00095000,95.0,9.45,8.25,9.25,,28.0,0.35156898437499995,True,CALL,2026-02-27,SCHW
SCHW260227C00096000,96.0,8.0,7.6,8.35,1.0,36.0,0.33570000244140624,True,CALL,2026-02-27,SCHW
SCHW260227C00100000,100.0,4.78,4.35,4.95,5.0,36.0,0.2740551110839844,True,CALL,2026-02-27,SCHW
SCHW260227C00101000,101.0,4.4,3.85,4.05,1.0,2.0,0.24829853271484376,True,CALL,2026-02-27,SCHW
SCHW260227C00102000,102.0,3.85,3.25,3.4,1.0,405.0,0.24158473266601563,True,CALL,2026-02-27,SCHW
SCHW260227C00103000,103.0,3.1,2.69,2.81,1.0,53.0,0.23548127807617186,True,CALL,2026-02-27,SCHW
SCHW260227C00104000,104.0,2.56,2.2,2.33,3.0,13.0,0.23389437988281248,False,CALL,2026-02-27,SCHW
SCHW260227C00105000,105.0,1.86,1.76,1.88,11.0,423.0,0.23011023803710937,False,CALL,2026-02-27,SCHW
SCHW260227C00106000,106.0,1.49,1.4,1.49,3.0,10.0,0.22632609619140626,False,CALL,2026-02-27,SCHW
SCHW260227C00107000,107.0,1.21,1.1,1.18,3.0,18.0,0.22510540527343748,False,CALL,2026-02-27,SCHW
SCHW260227C00108000,108.0,0.96,0.85,0.92,3.0,20.0,0.22364057617187497,False,CALL,2026-02-27,SCHW
SCHW260227C00110000,110.0,0.55,0.49,0.62,20.0,44.0,0.23267368896484375,False,CALL,2026-02-27,SCHW
SCHW260227C00111000,111.0,0.44,0.37,0.67,1.0,31.0,0.25977302734375,False,CALL,2026-02-27,SCHW
SCHW260227C00112000,112.0,0.58,0.1,0.56,,12.0,0.26392337646484376,False,CALL,2026-02-27,SCHW
SCHW260227C00113000,113.0,0.27,0.04,0.47,30.0,32.0,0.2683178637695312,False,CALL,2026-02-27,SCHW
SCHW260227C00115000,115.0,0.18,0.01,0.36,1.0,11.0,0.2827220166015625,False,CALL,2026-02-27,SCHW
SCHW260227C00117000,117.0,0.23,0.01,0.28,,1.0,0.29688203124999996,False,CALL,2026-02-27,SCHW
SCHW260227P00080000,80.0,0.19,0.0,0.95,,1.0,0.5971719970703125,False,PUT,2026-02-27,SCHW
SCHW260227P00085000,85.0,0.11,0.01,0.31,1.0,6.0,0.43555251953125,False,PUT,2026-02-27,SCHW
SCHW260227P00087000,87.0,0.22,0.01,0.34,4.0,1.0,0.401373173828125,False,PUT,2026-02-27,SCHW
SCHW260227P00088000,88.0,0.19,0.01,0.37,4.0,4.0,0.387701435546875,False,PUT,2026-02-27,SCHW
SCHW260227P00089000,89.0,0.22,0.02,0.41,6.0,12.0,0.3754945263671875,False,PUT,2026-02-27,SCHW
SCHW260227P00090000,90.0,0.16,0.04,0.29,2.0,17.0,0.32471378417968744,False,PUT,2026-02-27,SCHW
SCHW260227P00091000,91.0,0.28,0.16,0.47,6.0,12.0,0.34400070068359373,False,PUT,2026-02-27,SCHW
SCHW260227P00092000,92.0,0.25,0.1,0.52,2.0,37.0,0.33081723876953123,False,PUT,2026-02-27,SCHW
SCHW260227P00093000,93.0,0.28,0.15,0.59,2.0,16.0,0.3198310205078124,False,PUT,2026-02-27,SCHW
SCHW260227P00094000,94.0,0.45,0.21,0.66,1.0,37.0,0.30713583496093744,False,PUT,2026-02-27,SCHW
SCHW260227P00095000,95.0,0.6,0.6,0.6,1.0,10.0,0.27368890380859373,False,PUT,2026-02-27,SCHW
SCHW260227P00096000,96.0,0.67,0.58,0.74,8.0,46.0,0.2690502783203125,False,PUT,2026-02-27,SCHW
SCHW260227P00098000,98.0,1.02,0.98,1.05,2.0,7.0,0.25318129638671877,False,PUT,2026-02-27,SCHW
SCHW260227P00099000,99.0,1.18,1.21,1.29,1.0,7.0,0.24927508544921873,False,PUT,2026-02-27,SCHW
SCHW260227P00100000,100.0,1.42,1.47,1.55,3.0,149.0,0.243171630859375,False,PUT,2026-02-27,SCHW
SCHW260227P00101000,101.0,2.37,1.79,1.92,2.0,23.0,0.2430495617675781,False,PUT,2026-02-27,SCHW
SCHW260227P00102000,102.0,2.35,2.17,2.3,1.0,31.0,0.23902128173828124,False,PUT,2026-02-27,SCHW
SCHW260227P00103000,103.0,2.65,2.61,2.71,1.0,4.0,0.2329178271484375,False,PUT,2026-02-27,SCHW
SCHW260227P00104000,104.0,2.81,3.1,3.25,1.0,5.0,0.23316196533203126,True,PUT,2026-02-27,SCHW
SCHW260227P00105000,105.0,2.9,3.65,3.8,1.0,3.0,0.22925575439453127,True,PUT,2026-02-27,SCHW
SCHW260306C00096000,96.0,8.46,7.85,8.4,1.0,1.0,0.3073799731445312,True,CALL,2026-03-06,SCHW
SCHW260306C00104000,104.0,2.95,2.42,3.1,1.0,3.0,0.2696606237792969,False,CALL,2026-03-06,SCHW
SCHW260306C00105000,105.0,2.2,2.06,2.63,3.0,9.0,0.2657544128417969,False,CALL,2026-03-06,SCHW
SCHW260306P00088000,88.0,0.23,0.14,0.3,4.0,7.0,0.3325262060546875,False,PUT,2026-03-06,SCHW
SCHW260306P00090000,90.0,0.3,0.07,0.57,4.0,2.0,0.3481510498046875,False,PUT,2026-03-06,SCHW
SCHW260306P00095000,95.0,0.73,0.59,0.95,2.0,11.0,0.29053443847656246,False,PUT,2026-03-06,SCHW
SCHW260306P00097000,97.0,1.5,0.96,1.28,10.0,12.0,0.2766185620117187,False,PUT,2026-03-06,SCHW
SCHW260306P00098000,98.0,1.66,1.14,1.37,1.0,1.0,0.25891854370117195,False,PUT,2026-03-06,SCHW
SCHW260306P00099000,99.0,1.58,1.36,1.69,2.0,3.0,0.2602613037109375,False,PUT,2026-03-06,SCHW
SCHW260306P00100000,100.0,1.73,1.68,1.95,1.0,3.0,0.25269302001953126,False,PUT,2026-03-06,SCHW
SCHW260306P00101000,101.0,1.93,1.95,2.3,1.0,2.0,0.24927508544921873,False,PUT,2026-03-06,SCHW
SCHW260306P00102000,102.0,2.29,2.37,2.67,1.0,12.0,0.24402611450195313,False,PUT,2026-03-06,SCHW
SCHW260306P00103000,103.0,2.47,2.79,3.1,,1.0,0.23963162719726558,False,PUT,2026-03-06,SCHW
SCHW260306P00104000,104.0,3.52,3.3,3.6,,1.0,0.2368240380859375,True,PUT,2026-03-06,SCHW
SCHW260306P00105000,105.0,3.82,3.85,4.15,10.0,11.0,0.23389437988281248,True,PUT,2026-03-06,SCHW
SCHW260320C00072500,72.5,23.37,18.8,20.4,4.0,35.0,1.0000000000000003e-05,True,CALL,2026-03-20,SCHW
SCHW260320C00075000,75.0,26.93,26.9,30.4,1.0,181.0,0.5751995605468749,True,CALL,2026-03-20,SCHW
SCHW260320C00077500,77.5,25.6,25.6,27.95,6.0,4.0,0.6384313500976562,True,CALL,2026-03-20,SCHW
SCHW260320C00080000,80.0,23.66,23.15,25.5,1.0,177.0,0.5918009570312501,True,CALL,2026-03-20,SCHW
SCHW260320C00082500,82.5,19.8,20.55,23.15,1.0,291.0,0.5417526293945314,True,CALL,2026-03-20,SCHW
SCHW260320C00085000,85.0,18.4,18.35,19.1,9.0,299.0,0.4563042651367188,True,CALL,2026-03-20,SCHW
SCHW260320C00087500,87.5,15.69,16.0,16.7,5.0,209.0,0.4184628466796875,True,CALL,2026-03-20,SCHW
SCHW260320C00090000,90.0,14.6,13.5,14.35,25.0,607.0,0.3842835009765625,True,CALL,2026-03-20,SCHW
SCHW260320C00092500,92.5,13.0,11.25,12.1,4.0,747.0,0.35645174804687496,True,CALL,2026-03-20,SCHW
SCHW260320C00095000,95.0,9.35,9.35,9.85,1.0,1072.0,0.323126885986328,True,CALL,2026-03-20,SCHW
SCHW260320C00097500,97.5,8.05,7.25,7.55,2.0,838.0,0.2802806347656249,True,CALL,2026-03-20,SCHW
SCHW260320C00100000,100.0,6.02,5.5,6.05,31.0,4301.0,0.2869944348144531,True,CALL,2026-03-20,SCHW
SCHW260320C00105000,105.0,2.83,2.8,2.92,161.0,4147.0,0.24549094360351562,False,CALL,2026-03-20,SCHW
SCHW260320C00110000,110.0,1.16,1.15,1.21,195.0,7674.0,0.23194127441406248,False,CALL,2026-03-20,SCHW
SCHW260320C00115000,115.0,0.42,0.4,0.49,6.0,19210.0,0.23535920898437498,False,CALL,2026-03-20,SCHW
SCHW260320C00120000,120.0,0.15,0.09,0.19,11.0,3308.0,0.241218525390625,False,CALL,2026-03-20,SCHW
SCHW260320C00125000,125.0,0.08,0.01,0.13,88.0,4639.0,0.27246821289062495,False,CALL,2026-03-20,SCHW
SCHW260320C00130000,130.0,0.06,0.0,0.17,2.0,63.0,0.3315496533203125,False,CALL,2026-03-20,SCHW
SCHW260320P00072500,72.5,0.2,0.0,0.22,1.0,461.0,0.514653291015625,False,PUT,2026-03-20,SCHW
SCHW260320P00075000,75.0,0.14,0.02,0.24,3.0,1388.0,0.47949739257812496,False,PUT,2026-03-20,SCHW
SCHW260320P00077500,77.5,0.14,0.05,0.26,12.0,1025.0,0.44434149414062496,False,PUT,2026-03-20,SCHW
SCHW260320P00080000,80.0,0.23,0.06,0.29,2.0,721.0,0.4116269775390625,False,PUT,2026-03-20,SCHW
SCHW260320P00082500,82.5,0.29,0.2,0.31,7.0,1007.0,0.3754945263671875,False,PUT,2026-03-20,SCHW
SCHW260320P00085000,85.0,0.28,0.17,0.4,100.0,1319.0,0.3540103662109374,False,PUT,2026-03-20,SCHW
SCHW260320P00087500,87.5,0.4,0.25,0.49,4.0,844.0,0.3278875805664062,False,PUT,2026-03-20,SCHW
SCHW260320P00090000,90.0,0.57,0.37,0.68,4.0,1670.0,0.31201859863281245,False,PUT,2026-03-20,SCHW
SCHW260320P00092500,92.5,0.77,0.72,0.83,6.0,2480.0,0.28394270751953116,False,PUT,2026-03-20,SCHW
SCHW260320P00095000,95.0,1.05,1.1,1.14,88.0,5004.0,0.26587648193359376,False,PUT,2026-03-20,SCHW
SCHW260320P00097500,97.5,1.53,1.53,1.64,24.0,1917.0,0.2536695727539063,False,PUT,2026-03-20,SCHW
SCHW260320P00100000,100.0,2.3,2.3,2.35,228.0,4752.0,0.24341576904296874,False,PUT,2026-03-20,SCHW
SCHW260320P00105000,105.0,4.2,4.45,4.55,13.0,890.0,0.22583781982421874,True,PUT,2026-03-20,SCHW
SCHW260320P00110000,110.0,8.95,7.8,8.15,2.0,1315.0,0.2329178271484375,True,PUT,2026-03-20,SCHW
SCHW260320P00115000,115.0,13.29,11.6,12.5,1.0,494.0,0.2461012890625,True,PUT,2026-03-20,SCHW
SCHW260320P00120000,120.0,17.03,16.6,17.3,181.0,60.0,0.2788158056640625,True,PUT,2026-03-20,SCHW
SCHW260515C00075000,75.0,30.88,28.6,31.05,,10.0,0.5358933129882812,True,CALL,2026-05-15,SCHW
SCHW260515C00090000,90.0,15.5,15.0,15.85,2.0,3.0,0.36511865356445317,True,CALL,2026-05-15,SCHW
SCHW260515C00095000,95.0,11.35,11.1,11.65,1.0,70.0,0.3219061950683593,True,CALL,2026-05-15,SCHW
SCHW260515C00097500,97.5,10.9,9.25,11.3,,2.0,0.3800110827636719,True,CALL,2026-05-15,SCHW
SCHW260515C00100000,100.0,7.8,7.65,7.75,8.0,152.0,0.2779613220214844,True,CALL,2026-05-15,SCHW
SCHW260515C00105000,105.0,5.1,4.85,5.0,28.0,205.0,0.26343510009765625,False,CALL,2026-05-15,SCHW
SCHW260515C00110000,110.0,3.1,2.87,2.99,27.0,899.0,0.25269302001953126,False,CALL,2026-05-15,SCHW
SCHW260515C00115000,115.0,1.6,1.58,1.67,9.0,336.0,0.24573508178710937,False,CALL,2026-05-15,SCHW
SCHW260515C00120000,120.0,0.9,0.82,0.97,25.0,71.0,0.24878680908203127,False,CALL,2026-05-15,SCHW
SCHW260515C00125000,125.0,0.53,0.33,0.63,12.0,28.0,0.26050544189453123,False,CALL,2026-05-15,SCHW
SCHW260515P00075000,75.0,0.38,0.25,0.49,,5.0,0.38233039550781245,False,PUT,2026-05-15,SCHW
SCHW260515P00080000,80.0,0.76,0.51,0.67,2.0,22.0,0.3435124243164062,False,PUT,2026-05-15,SCHW
SCHW260515P00085000,85.0,0.94,0.79,0.99,27.0,388.0,0.3112861840820312,False,PUT,2026-05-15,SCHW
SCHW260515P00090000,90.0,1.42,1.45,1.54,10.0,191.0,0.28443098388671867,False,PUT,2026-05-15,SCHW
SCHW260515P00092500,92.5,1.91,1.87,1.96,40.0,124.0,0.27368890380859373,False,PUT,2026-05-15,SCHW
SCHW260515P00095000,95.0,2.49,2.4,2.51,3.0,206.0,0.264655791015625,False,PUT,2026-05-15,SCHW
SCHW260515P00097500,97.5,3.15,3.05,3.2,84.0,45.0,0.2563550927734375,False,PUT,2026-05-15,SCHW
SCHW260515P00100000,100.0,3.85,3.9,4.05,4.0,801.0,0.2486647399902344,False,PUT,2026-05-15,SCHW
SCHW260515P00105000,105.0,6.25,6.1,6.25,46.0,262.0,0.2329178271484375,True,PUT,2026-05-15,SCHW
SCHW260515P00110000,110.0,9.1,8.95,9.4,4.0,25.0,0.22718057983398435,True,PUT,2026-05-15,SCHW
SCHW260515P00130000,130.0,27.8,25.0,28.05,,0.0,0.3464420825195312,True,PUT,2026-05-15,SCHW
SCHW260618C00072500,72.5,29.32,31.2,33.65,1.0,127.0,0.5120898400878906,True,CALL,2026-06-18,SCHW
SCHW260618C00075000,75.0,30.22,28.85,31.25,2.0,113.0,0.5744671459960937,True,CALL,2026-06-18,SCHW
SCHW260618C00077500,77.5,26.58,26.5,28.5,6.0,12.0,0.5169726037597657,True,CALL,2026-06-18,SCHW
SCHW260618C00080000,80.0,25.0,24.2,25.75,2.0,1486.0,0.46130909790039065,True,CALL,2026-06-18,SCHW
SCHW260618C00082500,82.5,21.05,22.05,24.3,15.0,1062.0,0.48694360717773444,True,CALL,2026-06-18,SCHW
SCHW260618C00085000,85.0,21.8,19.8,22.15,9.0,1697.0,0.46582565429687506,True,CALL,2026-06-18,SCHW
SCHW260618C00087500,87.5,17.19,17.75,18.35,5.0,857.0,0.35510898803710933,True,CALL,2026-06-18,SCHW
SCHW260618C00090000,90.0,17.59,15.6,17.0,1.0,2460.0,0.37708142456054683,True,CALL,2026-06-18,SCHW
SCHW260618C00092500,92.5,13.67,13.7,14.0,2.0,1282.0,0.31287308227539057,True,CALL,2026-06-18,SCHW
SCHW260618C00095000,95.0,13.5,11.8,12.1,10.0,1883.0,0.3007882421875,True,CALL,2026-06-18,SCHW
SCHW260618C00097500,97.5,10.75,10.05,10.35,10.0,1425.0,0.2909616802978515,True,CALL,2026-06-18,SCHW
SCHW260618C00100000,100.0,9.31,8.6,9.1,32.0,1886.0,0.29688203124999996,True,CALL,2026-06-18,SCHW
SCHW260618C00105000,105.0,6.05,5.85,6.05,11.0,1794.0,0.27057614196777346,False,CALL,2026-06-18,SCHW
SCHW260618C00110000,110.0,4.1,3.8,4.1,19.0,2400.0,0.26636475830078127,False,CALL,2026-06-18,SCHW
SCHW260618C00115000,115.0,2.5,2.24,2.51,23.0,1925.0,0.2555006091308594,False,CALL,2026-06-18,SCHW
SCHW260618C00120000,120.0,1.52,1.2,1.58,2.0,1200.0,0.25489026367187506,False,CALL,2026-06-18,SCHW
SCHW260618C00125000,125.0,0.73,0.78,0.9,2.0,448.0,0.24951922363281248,False,CALL,2026-06-18,SCHW
SCHW260618C00130000,130.0,0.7,0.45,0.66,109.0,137.0,0.26270268554687504,False,CALL,2026-06-18,SCHW
SCHW260618P00072500,72.5,0.66,0.34,0.55,4.0,1838.0,0.37134417724609375,False,PUT,2026-06-18,SCHW
SCHW260618P00075000,75.0,0.53,0.42,0.6,2.0,4732.0,0.34888346435546874,False,PUT,2026-06-18,SCHW
SCHW260618P00077500,77.5,0.69,0.61,0.75,3.0,1411.0,0.33765310791015624,False,PUT,2026-06-18,SCHW
SCHW260618P00080000,80.0,0.79,0.77,0.91,60.0,4896.0,0.3244696459960937,False,PUT,2026-06-18,SCHW
SCHW260618P00082500,82.5,0.99,0.97,1.1,2.0,3316.0,0.3110420458984374,False,PUT,2026-06-18,SCHW
SCHW260618P00085000,85.0,1.2,1.03,1.35,100.0,4094.0,0.29932341308593746,False,PUT,2026-06-18,SCHW
SCHW260618P00087500,87.5,1.63,1.29,1.7,6.0,2433.0,0.29077857666015616,False,PUT,2026-06-18,SCHW
SCHW260618P00090000,90.0,1.84,1.92,2.26,6.0,3009.0,0.28992409301757804,False,PUT,2026-06-18,SCHW
SCHW260618P00092500,92.5,2.51,2.42,2.68,6.0,1659.0,0.27600821655273433,False,PUT,2026-06-18,SCHW
SCHW260618P00095000,95.0,3.05,3.1,3.2,18.0,1556.0,0.26306889282226564,False,PUT,2026-06-18,SCHW
SCHW260618P00097500,97.5,3.75,3.8,4.05,2.0,1758.0,0.2600171655273438,False,PUT,2026-06-18,SCHW
SCHW260618P00100000,100.0,4.7,4.65,4.85,28.0,709.0,0.2492140509033203,False,PUT,2026-06-18,SCHW
SCHW260618P00105000,105.0,6.9,6.85,7.1,34.0,198.0,0.23627472717285153,True,PUT,2026-06-18,SCHW
SCHW260618P00110000,110.0,8.9,9.6,10.1,17.0,79.0,0.22791299438476562,True,PUT,2026-06-18,SCHW
SCHW260618P00115000,115.0,14.27,12.55,13.8,1.0,8.0,0.2245560943603515,True,PUT,2026-06-18,SCHW
SCHW260618P00120000,120.0,25.94,24.15,26.8,2.0,3.0,0.5670209313964845,True,PUT,2026-06-18,SCHW
SCHW260618P00130000,130.0,34.31,33.1,34.85,,5.0,0.6041299353027345,True,PUT,2026-06-18,SCHW
SCHW260918C00075000,75.0,30.0,29.85,31.75,2.0,19.0,0.473210834350586,True,CALL,2026-09-18,SCHW
SCHW260918C00077500,77.5,26.35,27.9,29.5,120.0,155.0,0.4525811578369141,True,CALL,2026-09-18,SCHW
SCHW260918C00080000,80.0,26.45,24.9,26.3,3.0,261.0,0.3864807446289062,True,CALL,2026-09-18,SCHW
SCHW260918C00082500,82.5,22.8,23.65,25.2,2.0,33.0,0.41834077758789057,True,CALL,2026-09-18,SCHW
SCHW260918C00085000,85.0,20.5,21.55,23.15,16.0,49.0,0.40369248657226564,True,CALL,2026-09-18,SCHW
SCHW260918C00087500,87.5,20.01,19.55,20.05,16.0,15.0,0.3466251861572265,True,CALL,2026-09-18,SCHW
SCHW260918C00090000,90.0,17.87,17.75,19.3,1.0,176.0,0.37933970275878903,True,CALL,2026-09-18,SCHW
SCHW260918C00092500,92.5,15.2,15.95,17.45,3.0,228.0,0.3670717590332031,True,CALL,2026-09-18,SCHW
SCHW260918C00095000,95.0,14.34,14.05,14.75,3.0,1154.0,0.3244696459960937,True,CALL,2026-09-18,SCHW
SCHW260918C00097500,97.5,12.35,12.5,13.45,1.0,250.0,0.327155166015625,True,CALL,2026-09-18,SCHW
SCHW260918C00100000,100.0,11.4,11.05,11.85,5.0,482.0,0.3172065350341796,True,CALL,2026-09-18,SCHW
SCHW260918C00105000,105.0,8.6,8.25,9.0,4.0,382.0,0.30023893127441403,False,CALL,2026-09-18,SCHW
SCHW260918C00110000,110.0,6.35,6.1,6.65,54.0,3470.0,0.28705546936035153,False,CALL,2026-09-18,SCHW
SCHW260918C00115000,115.0,4.5,4.35,4.6,65.0,357.0,0.27069821105957037,False,CALL,2026-09-18,SCHW
SCHW260918C00120000,120.0,3.35,2.95,3.3,17.0,310.0,0.26673096557617193,False,CALL,2026-09-18,SCHW
SCHW260918C00125000,125.0,2.34,2.04,2.48,14.0,128.0,0.27008786560058595,False,CALL,2026-09-18,SCHW
SCHW260918C00130000,130.0,1.59,1.35,1.69,30.0,173.0,0.2650219982910156,False,CALL,2026-09-18,SCHW
SCHW260918P00075000,75.0,1.15,1.01,1.44,5.0,1780.0,0.34180345703125,False,PUT,2026-09-18,SCHW
SCHW260918P00077500,77.5,1.4,1.24,1.86,2.0,315.0,0.34204759521484374,False,PUT,2026-09-18,SCHW
SCHW260918P00080000,80.0,1.75,1.63,1.8,8.0,2268.0,0.3109199768066406,False,PUT,2026-09-18,SCHW
SCHW260918P00082500,82.5,2.08,1.93,2.24,36.0,689.0,0.30762411132812495,False,PUT,2026-09-18,SCHW
SCHW260918P00085000,85.0,2.35,2.24,2.6,12.0,769.0,0.2970041003417968,False,PUT,2026-09-18,SCHW
SCHW260918P00087500,87.5,2.85,2.75,3.05,2.0,1205.0,0.2880930566406249,False,PUT,2026-09-18,SCHW
SCHW260918P00090000,90.0,3.53,3.25,3.65,2.0,435.0,0.2825999475097656,False,PUT,2026-09-18,SCHW
SCHW260918P00092500,92.5,4.01,3.9,4.3,8.0,256.0,0.2757640783691406,False,PUT,2026-09-18,SCHW
SCHW260918P00095000,95.0,4.91,4.65,5.0,8.0,1353.0,0.26770751831054684,False,PUT,2026-09-18,SCHW
SCHW260918P00097500,97.5,5.51,5.45,5.85,16.0,92.0,0.26154302917480465,False,PUT,2026-09-18,SCHW
SCHW260918P00100000,100.0,6.5,6.25,6.75,16.0,272.0,0.2537306072998047,False,PUT,2026-09-18,SCHW
SCHW260918P00105000,105.0,8.65,8.2,8.95,2.0,425.0,0.24018093811035152,True,PUT,2026-09-18,SCHW
SCHW260918P00110000,110.0,10.85,11.2,11.75,4.0,405.0,0.23023230712890624,True,PUT,2026-09-18,SCHW
SCHW260918P00115000,115.0,14.19,14.05,14.95,2.0,160.0,0.2172929833984375,True,PUT,2026-09-18,SCHW
SCHW260918P00125000,125.0,31.02,29.5,31.8,,0.0,0.5238695074462891,True,PUT,2026-09-18,SCHW
SCHW261218C00072500,72.5,27.97,32.3,36.0,1.0,123.0,0.50586431640625,True,CALL,2026-12-18,SCHW
SCHW261218C00075000,75.0,30.36,30.6,33.95,6.0,285.0,0.4920094744873047,True,CALL,2026-12-18,SCHW
SCHW261218C00077500,77.5,28.6,28.45,31.5,3.0,330.0,0.46234668518066413,True,CALL,2026-12-18,SCHW
SCHW261218C00080000,80.0,26.78,26.45,29.5,9.0,107.0,0.44946839599609373,True,CALL,2026-12-18,SCHW
SCHW261218C00082500,82.5,23.9,24.4,26.0,8.0,138.0,0.38349005187988283,True,CALL,2026-12-18,SCHW
SCHW261218C00085000,85.0,22.0,22.3,23.75,4.0,203.0,0.36273830627441406,True,CALL,2026-12-18,SCHW
SCHW261218C00087500,87.5,22.73,20.95,22.65,3.0,62.0,0.37842418457031246,True,CALL,2026-12-18,SCHW
SCHW261218C00090000,90.0,20.28,18.85,20.6,10.0,138.0,0.3613955462646484,True,CALL,2026-12-18,SCHW
SCHW261218C00092500,92.5,16.95,17.5,19.35,22.0,324.0,0.3668276208496094,True,CALL,2026-12-18,SCHW
SCHW261218C00095000,95.0,15.66,16.0,17.05,50.0,830.0,0.34015552429199214,True,CALL,2026-12-18,SCHW
SCHW261218C00097500,97.5,14.65,14.05,16.2,2.0,229.0,0.352545537109375,True,CALL,2026-12-18,SCHW
SCHW261218C00100000,100.0,13.15,12.75,13.7,27.0,976.0,0.3182441223144531,True,CALL,2026-12-18,SCHW
SCHW261218C00105000,105.0,10.35,10.05,11.15,1.0,685.0,0.31018756225585936,False,CALL,2026-12-18,SCHW
SCHW261218C00110000,110.0,8.2,8.0,8.4,5.0,817.0,0.28897805755615225,False,CALL,2026-12-18,SCHW
SCHW261218C00115000,115.0,6.77,6.2,6.85,3.0,493.0,0.2908396112060546,False,CALL,2026-12-18,SCHW
SCHW261218C00120000,120.0,4.5,4.7,5.3,120.0,438.0,0.2851328811645507,False,CALL,2026-12-18,SCHW
SCHW261218C00125000,125.0,3.52,3.5,3.95,601.0,835.0,0.27722890747070306,False,CALL,2026-12-18,SCHW
SCHW261218C00130000,130.0,2.51,2.47,3.2,54.0,154.0,0.28113511840820304,False,CALL,2026-12-18,SCHW
SCHW261218P00072500,72.5,1.81,1.4,1.61,6.0,119.0,0.3236151623535155,False,PUT,2026-12-18,SCHW
SCHW261218P00075000,75.0,1.77,1.64,1.9,4.0,95.0,0.31604687866210934,False,PUT,2026-12-18,SCHW
SCHW261218P00077500,77.5,3.5,1.81,2.22,156.0,203.0,0.30811238769531246,False,PUT,2026-12-18,SCHW
SCHW261218P00080000,80.0,2.38,2.4,2.57,5.0,542.0,0.29968962036132807,False,PUT,2026-12-18,SCHW
SCHW261218P00082500,82.5,3.25,2.64,2.99,5.0,62.0,0.29230444030761704,False,PUT,2026-12-18,SCHW
SCHW261218P00085000,85.0,3.4,3.1,3.5,15.0,105.0,0.2863230548095703,False,PUT,2026-12-18,SCHW
SCHW261218P00087500,87.5,3.9,3.5,4.05,54.0,218.0,0.2795482202148437,False,PUT,2026-12-18,SCHW
SCHW261218P00090000,90.0,4.52,3.6,4.7,14.0,231.0,0.27387200744628903,False,PUT,2026-12-18,SCHW
SCHW261218P00092500,92.5,5.07,5.05,5.4,11.0,239.0,0.26746338012695314,False,PUT,2026-12-18,SCHW
SCHW261218P00095000,95.0,5.99,5.7,6.2,11.0,1405.0,0.26166509826660156,False,PUT,2026-12-18,SCHW
SCHW261218P00097500,97.5,6.62,6.2,7.05,118.0,452.0,0.25489026367187506,False,PUT,2026-12-18,SCHW
SCHW261218P00100000,100.0,7.9,7.85,7.95,8.0,602.0,0.24713887634277343,False,PUT,2026-12-18,SCHW
SCHW261218P00105000,105.0,9.88,9.75,10.5,2.0,179.0,0.24372094177246095,True,PUT,2026-12-18,SCHW
SCHW261218P00110000,110.0,12.45,12.35,13.0,1.0,104.0,0.22840127075195313,True,PUT,2026-12-18,SCHW
SCHW261218P00115000,115.0,15.2,15.15,16.6,15.0,14.0,0.2317886880493164,True,PUT,2026-12-18,SCHW
SCHW261218P00120000,120.0,18.63,18.95,20.1,2.0,2.0,0.22248091979980467,True,PUT,2026-12-18,SCHW
SCHW270115C00072500,72.5,29.75,33.65,36.5,1.0,9746.0,0.5050708673095703,True,CALL,2027-01-15,SCHW
SCHW270115C00075000,75.0,29.61,31.3,34.0,1.0,251.0,0.4739432489013672,True,CALL,2027-01-15,SCHW
SCHW270115C00077500,77.5,22.5,29.05,32.0,3.0,75.0,0.46155323608398446,True,CALL,2027-01-15,SCHW
SCHW270115C00080000,80.0,29.3,26.7,29.75,1.0,396.0,0.4397639031982422,True,CALL,2027-01-15,SCHW
SCHW270115C00082500,82.5,24.3,24.95,27.15,2.0,274.0,0.4063780065917969,True,CALL,2027-01-15,SCHW
SCHW270115C00085000,85.0,23.35,22.85,26.5,8.0,3343.0,0.4348201049804688,True,CALL,2027-01-15,SCHW
SCHW270115C00087500,87.5,21.3,21.15,24.5,1.0,641.0,0.4185238812255859,True,CALL,2027-01-15,SCHW
SCHW270115C00090000,90.0,20.38,19.85,22.3,1.0,1576.0,0.3958190301513672,True,CALL,2027-01-15,SCHW
SCHW270115C00092500,92.5,18.43,17.85,20.05,1.0,78.0,0.37140521179199215,True,CALL,2027-01-15,SCHW
SCHW270115C00095000,95.0,16.97,16.15,17.35,1.0,768.0,0.334418276977539,True,CALL,2027-01-15,SCHW
SCHW270115C00097500,97.5,15.0,14.8,16.9,30.0,198.0,0.35654329986572264,True,CALL,2027-01-15,SCHW
SCHW270115C00100000,100.0,13.67,13.4,14.25,2.0,3315.0,0.3193427441406249,True,CALL,2027-01-15,SCHW
SCHW270115C00105000,105.0,11.7,11.05,11.65,16.0,409.0,0.3100349758911133,False,CALL,2027-01-15,SCHW
SCHW270115C00110000,110.0,9.2,8.85,9.05,49.0,1624.0,0.29340306213378897,False,CALL,2027-01-15,SCHW
SCHW270115C00115000,115.0,7.0,6.9,7.15,15.0,897.0,0.2866892620849609,False,CALL,2027-01-15,SCHW
SCHW270115C00120000,120.0,5.53,5.3,5.75,1.0,2274.0,0.2857127093505859,False,CALL,2027-01-15,SCHW
SCHW270115C00125000,125.0,4.45,3.95,4.45,9.0,523.0,0.280707876586914,False,CALL,2027-01-15,SCHW
SCHW270115C00130000,130.0,3.15,3.0,4.1,2.0,1200.0,0.2981027221679687,False,CALL,2027-01-15,SCHW
SCHW270115P00072500,72.5,2.12,1.11,1.88,25.0,427.0,0.32569033691406246,False,PUT,2027-01-15,SCHW
SCHW270115P00075000,75.0,2.11,1.89,2.22,4.0,2264.0,0.31940377868652337,False,PUT,2027-01-15,SCHW
SCHW270115P00077500,77.5,2.33,2.19,2.89,5.0,1733.0,0.325629302368164,False,PUT,2027-01-15,SCHW
SCHW270115P00080000,80.0,2.71,2.25,3.5,4.0,595.0,0.3252630950927734,False,PUT,2027-01-15,SCHW
SCHW270115P00082500,82.5,3.15,2.41,3.5,4.0,331.0,0.299811689453125,False,PUT,2027-01-15,SCHW
SCHW270115P00085000,85.0,3.65,3.2,3.9,200.0,2598.0,0.28876443664550777,False,PUT,2027-01-15,SCHW
SCHW270115P00087500,87.5,4.13,4.1,4.6,1.0,625.0,0.2860789166259765,False,PUT,2027-01-15,SCHW
SCHW270115P00090000,90.0,4.94,4.75,5.4,1.0,3242.0,0.284064776611328,False,PUT,2027-01-15,SCHW
SCHW270115P00092500,92.5,5.21,5.4,6.15,1.0,867.0,0.27814442565917963,False,PUT,2027-01-15,SCHW
SCHW270115P00095000,95.0,6.38,5.6,6.75,1.0,769.0,0.2661206201171875,False,PUT,2027-01-15,SCHW
SCHW270115P00097500,97.5,7.25,6.75,8.25,4.0,226.0,0.276099768371582,False,PUT,2027-01-15,SCHW
SCHW270115P00100000,100.0,7.96,7.85,8.6,1.0,2897.0,0.2537306072998047,False,PUT,2027-01-15,SCHW
SCHW270115P00105000,105.0,10.3,10.5,10.75,19.0,268.0,0.24005886901855467,True,PUT,2027-01-15,SCHW
SCHW270115P00110000,110.0,12.95,13.15,13.35,35.0,37.0,0.22797402893066404,True,PUT,2027-01-15,SCHW
SCHW270115P00115000,115.0,15.8,16.0,16.65,50.0,37.0,0.22373212799072262,True,PUT,2027-01-15,SCHW
SCHW270115P00120000,120.0,19.05,18.85,21.0,158.0,90.0,0.239692661743164,True,PUT,2027-01-15,SCHW
SCHW270115P00125000,125.0,46.95,0.0,0.0,2.0,0.0,1.0000000000000003e-05,True,PUT,2027-01-15,SCHW
SCHW270115P00130000,130.0,28.3,25.5,28.55,,6.0,0.21326470336914063,True,PUT,2027-01-15,SCHW
SCHW270617C00072500,72.5,25.25,0.0,39.45,28.0,24.0,0.5144701873779296,True,CALL,2027-06-17,SCHW
SCHW270617C00075000,75.0,33.5,32.6,35.75,2.0,11.0,0.4493463269042969,True,CALL,2027-06-17,SCHW
SCHW270617C00077500,77.5,32.97,30.6,32.75,10.0,19.0,0.4074155938720704,True,CALL,2027-06-17,SCHW
SCHW270617C00080000,80.0,28.0,28.65,31.25,1.0,21.0,0.4092466302490234,True,CALL,2027-06-17,SCHW
SCHW270617C00082500,82.5,26.48,27.2,28.35,5.0,25.0,0.37189348815917966,True,CALL,2027-06-17,SCHW
SCHW270617C00085000,85.0,25.85,25.75,27.1,1.0,7496.0,0.378363150024414,True,CALL,2027-06-17,SCHW
SCHW270617C00087500,87.5,23.5,23.55,25.55,2.0,98.0,0.37534194000244137,True,CALL,2027-06-17,SCHW
SCHW270617C00090000,90.0,22.55,22.4,23.75,4.0,51.0,0.3650576190185547,True,CALL,2027-06-17,SCHW
SCHW270617C00092500,92.5,21.96,20.3,21.45,5.0,66.0,0.34241380249023434,True,CALL,2027-06-17,SCHW
SCHW270617C00095000,95.0,19.35,18.65,22.0,6.0,172.0,0.3835816036987304,True,CALL,2027-06-17,SCHW
SCHW270617C00097500,97.5,17.75,17.8,19.75,1.0,282.0,0.36002226898193357,True,CALL,2027-06-17,SCHW
SCHW270617C00100000,100.0,17.0,15.9,18.3,1.0,439.0,0.35333898620605464,True,CALL,2027-06-17,SCHW
SCHW270617C00105000,105.0,14.05,13.1,14.75,12.0,148.0,0.3233405068969726,False,CALL,2027-06-17,SCHW
SCHW270617C00110000,110.0,11.8,10.5,11.8,1.0,642.0,0.3018258294677735,False,CALL,2027-06-17,SCHW
SCHW270617C00115000,115.0,9.8,9.35,9.8,16.0,261.0,0.2951730639648437,False,CALL,2027-06-17,SCHW
SCHW270617C00120000,120.0,8.15,6.95,8.85,14.0,275.0,0.30597617858886716,False,CALL,2027-06-17,SCHW
SCHW270617C00125000,125.0,6.65,6.15,6.7,12.0,129.0,0.28650615844726557,False,CALL,2027-06-17,SCHW
SCHW270617C00130000,130.0,5.75,5.05,5.65,14.0,142.0,0.2867808139038085,False,CALL,2027-06-17,SCHW
SCHW270617P00072500,72.5,2.72,2.45,3.0,29.0,68.0,0.3188544677734374,False,PUT,2027-06-17,SCHW
SCHW270617P00075000,75.0,3.0,3.0,3.3,4.0,106.0,0.30811238769531246,False,PUT,2027-06-17,SCHW
SCHW270617P00077500,77.5,3.56,3.25,3.7,1.0,47.0,0.29999479309082033,False,PUT,2027-06-17,SCHW
SCHW270617P00080000,80.0,4.3,3.6,4.15,1.0,58.0,0.29230444030761704,False,PUT,2027-06-17,SCHW
SCHW270617P00082500,82.5,4.55,4.4,5.6,6.0,56.0,0.3122017022705078,False,PUT,2027-06-17,SCHW
SCHW270617P00085000,85.0,4.88,4.65,6.25,2.0,100.0,0.3061592822265625,False,PUT,2027-06-17,SCHW
SCHW270617P00087500,87.5,5.65,4.5,6.0,97.0,135.0,0.2757030438232422,False,PUT,2027-06-17,SCHW
SCHW270617P00090000,90.0,6.55,6.15,6.75,26.0,241.0,0.27069821105957037,False,PUT,2027-06-17,SCHW
SCHW270617P00092500,92.5,7.35,5.9,7.55,25.0,62.0,0.26532717102050785,False,PUT,2027-06-17,SCHW
SCHW270617P00095000,95.0,8.2,7.8,8.45,17.0,165.0,0.260749580078125,False,PUT,2027-06-17,SCHW
SCHW270617P00097500,97.5,9.25,8.8,9.4,31.0,195.0,0.2557447473144532,False,PUT,2027-06-17,SCHW
SCHW270617P00100000,100.0,10.03,9.75,10.45,545.0,803.0,0.2512892254638671,False,PUT,2027-06-17,SCHW
SCHW270617P00105000,105.0,12.4,11.95,12.7,11.0,168.0,0.24085231811523436,True,PUT,2027-06-17,SCHW
SCHW270617P00110000,110.0,16.82,13.0,16.15,2.0,31.0,0.24875629180908204,True,PUT,2027-06-17,SCHW
SCHW270617P00115000,115.0,19.67,16.9,18.2,4.0,5.0,0.22080246978759765,True,PUT,2027-06-17,SCHW
SCHW280121C00075000,75.0,37.11,34.65,38.4,5.0,47.0,0.4407404559326171,True,CALL,2028-01-21,SCHW
SCHW280121C00080000,80.0,33.36,31.0,33.95,1.0,46.0,0.4036314520263672,True,CALL,2028-01-21,SCHW
SCHW280121C00085000,85.0,29.17,28.1,29.4,2.0,48.0,0.3650271017456055,True,CALL,2028-01-21,SCHW
SCHW280121C00087500,87.5,26.25,26.4,28.75,1.0,40.0,0.37909556457519533,True,CALL,2028-01-21,SCHW
SCHW280121C00090000,90.0,25.74,24.95,28.5,2.0,127.0,0.3991759301757813,True,CALL,2028-01-21,SCHW
SCHW280121C00092500,92.5,24.5,23.7,27.0,5.0,179.0,0.3931029928588867,True,CALL,2028-01-21,SCHW
SCHW280121C00095000,95.0,23.86,21.25,25.5,5.0,334.0,0.3864197100830078,True,CALL,2028-01-21,SCHW
SCHW280121C00097500,97.5,21.17,20.15,24.0,5.0,4.0,0.37909556457519533,True,CALL,2028-01-21,SCHW
SCHW280121C00100000,100.0,20.14,18.95,22.5,2.0,281.0,0.37116107360839845,True,CALL,2028-01-21,SCHW
SCHW280121C00105000,105.0,17.78,17.15,18.45,10.0,28.0,0.33505913970947265,False,CALL,2028-01-21,SCHW
SCHW280121C00110000,110.0,15.45,15.05,16.6,12.0,54.0,0.33530327789306635,False,CALL,2028-01-21,SCHW
SCHW280121C00115000,115.0,13.08,12.9,14.8,1.0,109.0,0.3333196551513672,False,CALL,2028-01-21,SCHW
SCHW280121C00120000,120.0,12.0,11.15,12.95,6.0,359.0,0.32758240783691406,False,CALL,2028-01-21,SCHW
SCHW280121C00125000,125.0,10.12,9.55,11.4,10.0,273.0,0.3242865423583984,False,CALL,2028-01-21,SCHW
SCHW280121C00130000,130.0,9.5,7.95,9.8,2.0,293.0,0.3174506732177734,False,CALL,2028-01-21,SCHW
SCHW280121P00075000,75.0,4.75,4.05,5.95,6.0,36.0,0.3314581015014648,False,PUT,2028-01-21,SCHW
SCHW280121P00080000,80.0,5.55,5.3,6.2,1.0,209.0,0.29560030578613283,False,PUT,2028-01-21,SCHW
SCHW280121P00085000,85.0,6.98,5.9,7.75,1.0,101.0,0.2889170230102538,False,PUT,2028-01-21,SCHW
SCHW280121P00087500,87.5,7.6,5.9,8.75,2.0,5.0,0.2885508157348632,False,PUT,2028-01-21,SCHW
SCHW280121P00090000,90.0,8.8,7.85,10.0,1.0,68.0,0.29184668121337876,False,PUT,2028-01-21,SCHW
SCHW280121P00092500,92.5,8.75,7.4,10.45,300.0,505.0,0.27817494293212885,False,PUT,2028-01-21,SCHW
SCHW280121P00095000,95.0,10.75,8.2,11.85,2.0,41.0,0.28186753295898437,False,PUT,2028-01-21,SCHW
SCHW280121P00097500,97.5,11.75,9.1,12.85,,1.0,0.2768321829223632,False,PUT,2028-01-21,SCHW
SCHW280121P00100000,100.0,12.8,10.05,12.85,1.0,2.0,0.252937158203125,False,PUT,2028-01-21,SCHW
SCHW280121P00105000,105.0,15.15,13.3,15.95,3.0,4.0,0.257819921875,True,PUT,2028-01-21,SCHW
SCHW280121P00110000,110.0,16.9,15.75,17.65,9.0,10.0,0.2339248971557617,True,PUT,2028-01-21,SCHW
SCHW281215C00075000,75.0,38.11,37.95,41.5,,4.0,0.42697716583251966,True,CALL,2028-12-15,SCHW
SCHW281215C00080000,80.0,34.45,34.7,38.45,,5.0,0.41797457031249996,True,CALL,2028-12-15,SCHW
SCHW281215C00085000,85.0,32.8,31.55,35.0,2.0,3.0,0.39999989654541024,True,CALL,2028-12-15,SCHW
SCHW281215C00090000,90.0,30.9,28.95,31.8,1.0,2.0,0.38519901916503896,True,CALL,2028-12-15,SCHW
SCHW281215C00092500,92.5,27.25,27.65,29.75,3.0,5.0,0.37000141723632807,True,CALL,2028-12-15,SCHW
SCHW281215C00097500,97.5,23.99,24.75,26.85,,1.0,0.35816071533203125,True,CALL,2028-12-15,SCHW
SCHW281215C00100000,100.0,24.03,23.7,25.75,1.0,10.0,0.35690950714111325,True,CALL,2028-12-15,SCHW
SCHW281215C00105000,105.0,21.9,21.0,24.5,2.0,43.0,0.36694968994140625,False,CALL,2028-12-15,SCHW
SCHW281215C00110000,110.0,21.45,19.15,22.0,1.0,2.0,0.3561465753173828,False,CALL,2028-12-15,SCHW
SCHW281215C00115000,115.0,17.01,16.7,20.0,3.0,4.0,0.3509281216430663,False,CALL,2028-12-15,SCHW
SCHW281215C00120000,120.0,15.05,14.9,16.6,,1.0,0.32388981781005854,False,CALL,2028-12-15,SCHW
SCHW281215P00075000,75.0,6.29,5.7,7.4,10.0,30.0,0.3057930749511719,False,PUT,2028-12-15,SCHW
SCHW281215P00092500,92.5,11.15,9.65,11.95,3.0,2.0,0.2546461254882813,False,PUT,2028-12-15,SCHW
SCHW281215P00097500,97.5,12.46,11.0,13.95,,2.0,0.24625387542724608,False,PUT,2028-12-15,SCHW
SCHW281215P00105000,105.0,16.9,14.55,17.3,,2.0,0.23334506896972657,True,PUT,2028-12-15,SCHW
SCHW281215P00115000,115.0,24.05,19.5,22.95,,2.0,0.2225114370727539,True,PUT,2028-12-15,SCHW
SE260130C00100000,100.0,21.77,20.45,23.1,25.0,1.0,1.9306644091796876,True,CALL,2026-01-30,SE
SE260130C00105000,105.0,29.68,15.3,18.2,,4.0,1.5292992285156248,True,CALL,2026-01-30,SE
SE260130C00110000,110.0,15.8,10.85,13.2,1.0,1.0,1.291019169921875,True,CALL,2026-01-30,SE
SE260130C00112000,112.0,11.44,8.7,11.2,2.0,2.0,1.0908248583984377,True,CALL,2026-01-30,SE
SE260130C00114000,114.0,12.7,6.9,9.3,3.0,1.0,0.9873048144531251,True,CALL,2026-01-30,SE
SE260130C00115000,115.0,14.06,5.9,8.35,1.0,13.0,0.9091805957031249,True,CALL,2026-01-30,SE
SE260130C00118000,118.0,5.4,3.4,5.75,,2.0,0.7753928710937501,True,CALL,2026-01-30,SE
SE260130C00119000,119.0,4.97,3.15,5.0,,2.0,0.8159198095703124,True,CALL,2026-01-30,SE
SE260130C00120000,120.0,5.93,2.48,4.15,4.0,26.0,0.76367423828125,True,CALL,2026-01-30,SE
SE260130C00121000,121.0,2.55,1.8,3.1,2.0,8.0,0.6684603466796877,True,CALL,2026-01-30,SE
SE260130C00122000,122.0,4.25,1.23,1.84,2.0,217.0,0.5415084912109377,False,CALL,2026-01-30,SE
SE260130C00123000,123.0,1.3,0.79,1.28,7.0,121.0,0.50586431640625,False,CALL,2026-01-30,SE
SE260130C00124000,124.0,0.78,0.48,1.12,4.0,21.0,0.5258836474609375,False,CALL,2026-01-30,SE
SE260130C00125000,125.0,0.6,0.4,0.91,10.0,222.0,0.559574716796875,False,CALL,2026-01-30,SE
SE260130C00126000,126.0,0.65,0.18,0.9,4.0,244.0,0.5908244042968751,False,CALL,2026-01-30,SE
SE260130C00127000,127.0,0.35,0.19,0.49,2.0,66.0,0.56836369140625,False,CALL,2026-01-30,SE
SE260130C00128000,128.0,0.5,0.06,0.5,3.0,211.0,0.5976602734375001,False,CALL,2026-01-30,SE
SE260130C00129000,129.0,0.34,0.08,0.9,2.0,71.0,0.773439765625,False,CALL,2026-01-30,SE
SE260130C00130000,130.0,0.15,0.11,0.42,19.0,264.0,0.7050810742187501,False,CALL,2026-01-30,SE
SE260130C00131000,131.0,0.93,0.06,2.29,1.0,230.0,1.2060586572265624,False,CALL,2026-01-30,SE
SE260130C00132000,132.0,0.38,0.0,0.25,1.0,47.0,0.69336244140625,False,CALL,2026-01-30,SE
SE260130C00133000,133.0,0.1,0.0,0.7,2.0,60.0,0.929688203125,False,CALL,2026-01-30,SE
SE260130C00134000,134.0,0.82,0.0,0.75,2.0,90.0,1.001958115234375,False,CALL,2026-01-30,SE
SE260130C00135000,135.0,0.39,0.05,0.12,93.0,289.0,0.7773459765625,False,CALL,2026-01-30,SE
SE260130C00136000,136.0,0.5,0.0,0.85,5.0,7.0,1.142582412109375,False,CALL,2026-01-30,SE
SE260130C00137000,137.0,0.09,0.0,0.44,3.0,5.0,1.0293017285156252,False,CALL,2026-01-30,SE
SE260130C00138000,138.0,1.42,0.0,1.8,1.0,18.0,1.5273461132812498,False,CALL,2026-01-30,SE
SE260130C00140000,140.0,0.05,0.01,0.06,3.0,185.0,0.867188828125,False,CALL,2026-01-30,SE
SE260130C00141000,141.0,1.09,0.0,0.95,,1.0,1.435549697265625,False,CALL,2026-01-30,SE
SE260130C00142000,142.0,1.02,0.0,0.95,,1.0,1.484377578125,False,CALL,2026-01-30,SE
SE260130C00143000,143.0,0.02,0.0,0.95,7.0,8.0,1.5332054589843749,False,CALL,2026-01-30,SE
SE260130C00144000,144.0,1.35,0.0,1.93,,1.0,1.8935552197265624,False,CALL,2026-01-30,SE
SE260130C00145000,145.0,0.09,0.01,0.05,1.0,324.0,1.0234423828125,False,CALL,2026-01-30,SE
SE260130C00147000,147.0,1.33,0.0,1.76,,2.0,1.998046884765625,False,CALL,2026-01-30,SE
SE260130C00148000,148.0,1.2,0.0,1.59,,1.0,1.9951172119140623,False,CALL,2026-01-30,SE
SE260130C00150000,150.0,0.01,0.0,0.61,4.0,101.0,1.6953140234375002,False,CALL,2026-01-30,SE
SE260130C00155000,155.0,0.04,0.0,1.34,1.0,79.0,2.2304731738281243,False,CALL,2026-01-30,SE
SE260130P00095000,95.0,0.01,0.0,0.1,2.0,7.0,1.4609401953124999,False,PUT,2026-01-30,SE
SE260130P00100000,100.0,0.08,0.01,0.15,20.0,23.0,1.2734411328124997,False,PUT,2026-01-30,SE
SE260130P00105000,105.0,0.17,0.0,2.13,1.0,14.0,1.787110439453125,False,PUT,2026-01-30,SE
SE260130P00110000,110.0,0.08,0.01,0.35,1.0,45.0,0.8320329296874999,False,PUT,2026-01-30,SE
SE260130P00111000,111.0,0.1,0.0,1.07,1.0,11.0,1.0185595947265624,False,PUT,2026-01-30,SE
SE260130P00112000,112.0,0.12,0.0,1.19,10.0,20.0,0.975586181640625,False,PUT,2026-01-30,SE
SE260130P00113000,113.0,0.1,0.0,0.42,2.0,28.0,0.6679720703125002,False,PUT,2026-01-30,SE
SE260130P00114000,114.0,0.13,0.0,0.44,1.0,66.0,0.6093789062500001,False,PUT,2026-01-30,SE
SE260130P00115000,115.0,0.07,0.05,0.21,1.0,130.0,0.5361374511718751,False,PUT,2026-01-30,SE
SE260130P00116000,116.0,0.28,0.08,0.48,2.0,18.0,0.5097705273437501,False,PUT,2026-01-30,SE
SE260130P00117000,117.0,0.2,0.15,0.75,12.0,23.0,0.51562984375,False,PUT,2026-01-30,SE
SE260130P00118000,118.0,0.45,0.29,0.75,7.0,65.0,0.543949873046875,False,PUT,2026-01-30,SE
SE260130P00119000,119.0,0.55,0.39,1.0,7.0,128.0,0.5283250292968751,False,PUT,2026-01-30,SE
SE260130P00120000,120.0,0.9,0.77,1.28,14.0,189.0,0.5009815527343751,False,PUT,2026-01-30,SE
SE260130P00121000,121.0,0.42,1.09,1.44,2.0,43.0,0.4194393994140625,False,PUT,2026-01-30,SE
SE260130P00122000,122.0,0.49,1.51,1.91,1.0,174.0,0.397466962890625,True,PUT,2026-01-30,SE
SE260130P00123000,123.0,2.27,2.08,3.2,15.0,119.0,0.5908244042968751,True,PUT,2026-01-30,SE
SE260130P00124000,124.0,3.3,2.68,3.3,4.0,79.0,0.3920959228515625,True,PUT,2026-01-30,SE
SE260130P00125000,125.0,3.06,3.45,4.75,6.0,95.0,0.6357458300781251,True,PUT,2026-01-30,SE
SE260130P00126000,126.0,2.74,3.3,5.7,41.0,63.0,0.6992217578125001,True,PUT,2026-01-30,SE
SE260130P00127000,127.0,5.23,4.1,6.5,1.0,7.0,0.6967803759765626,True,PUT,2026-01-30,SE
SE260130P00128000,128.0,5.82,5.15,7.75,3.0,15.0,0.870118486328125,True,PUT,2026-01-30,SE
SE260130P00129000,129.0,2.48,6.4,8.5,10.0,12.0,0.8349625878906248,True,PUT,2026-01-30,SE
SE260130P00130000,130.0,6.65,7.05,9.65,4.0,340.0,0.9697268652343749,True,PUT,2026-01-30,SE
SE260130P00131000,131.0,5.8,8.0,10.35,1.0,1.0,0.8876964355468748,True,PUT,2026-01-30,SE
SE260130P00133000,133.0,10.05,10.0,12.35,1.0,5.0,1.0048877880859375,True,PUT,2026-01-30,SE
SE260130P00134000,134.0,10.9,10.9,13.3,,1.0,1.0312548437500002,True,PUT,2026-01-30,SE
SE260130P00135000,135.0,14.45,11.9,14.35,2.0,15.0,1.1171919140625,True,PUT,2026-01-30,SE
SE260130P00136000,136.0,13.17,12.9,15.5,1.0,3.0,1.2626989990234374,True,PUT,2026-01-30,SE
SE260130P00137000,137.0,11.52,13.95,16.75,1.0,6.0,1.4541042919921874,True,PUT,2026-01-30,SE
SE260130P00138000,138.0,12.45,14.9,17.75,1.0,2.0,1.51172119140625,True,PUT,2026-01-30,SE
SE260130P00139000,139.0,13.26,15.9,18.35,5.0,7.0,1.3300814746093748,True,PUT,2026-01-30,SE
SE260130P00140000,140.0,13.0,16.9,19.4,18.0,45.0,1.4160185449218752,True,PUT,2026-01-30,SE
SE260130P00143000,143.0,17.07,19.85,22.75,1.0,0.0,1.787110439453125,True,PUT,2026-01-30,SE
SE260130P00144000,144.0,17.98,20.85,23.7,1.0,0.0,1.8105478222656248,True,PUT,2026-01-30,SE
SE260130P00145000,145.0,24.3,21.85,24.7,1.0,0.0,1.861328818359375,True,PUT,2026-01-30,SE
SE260130P00150000,150.0,27.75,26.85,30.05,1.0,0.0,2.3144573388671867,True,PUT,2026-01-30,SE
SE260130P00155000,155.0,29.77,31.85,35.05,1.0,0.0,2.5576207934570308,True,PUT,2026-01-30,SE
SE260206C00106000,106.0,17.05,14.8,17.4,,1.0,0.7817404638671875,True,CALL,2026-02-06,SE
SE260206C00108000,108.0,15.65,12.95,15.55,,17.0,0.7387721435546875,True,CALL,2026-02-06,SE
SE260206C00109000,109.0,14.3,12.1,14.65,,1.0,0.7258328198242188,True,CALL,2026-02-06,SE
SE260206C00110000,110.0,19.55,11.0,13.75,1.0,1.0,0.684573466796875,True,CALL,2026-02-06,SE
SE260206C00111000,111.0,11.21,10.3,12.3,,10.0,0.6279334082031252,True,CALL,2026-02-06,SE
SE260206C00116000,116.0,11.05,6.3,8.65,20.0,48.0,0.6001016552734376,True,CALL,2026-02-06,SE
SE260206C00117000,117.0,10.3,5.95,6.7,4.0,46.0,0.5266160620117188,True,CALL,2026-02-06,SE
SE260206C00118000,118.0,12.34,5.4,6.15,1.0,1.0,0.5373581420898439,True,CALL,2026-02-06,SE
SE260206C00119000,119.0,5.71,4.7,5.35,,4.0,0.5151415673828125,True,CALL,2026-02-06,SE
SE260206C00120000,120.0,9.5,4.05,4.8,1.0,6.0,0.5083056982421875,True,CALL,2026-02-06,SE
SE260206C00121000,121.0,7.25,3.5,4.2,,4.0,0.5459029785156251,True,CALL,2026-02-06,SE
SE260206C00122000,122.0,3.7,2.99,3.7,1.0,10.0,0.5417526293945314,False,CALL,2026-02-06,SE
SE260206C00123000,123.0,2.91,2.5,3.2,10.0,112.0,0.5324753784179688,False,CALL,2026-02-06,SE
SE260206C00124000,124.0,3.65,2.24,2.83,1.0,3.0,0.5356491748046875,False,CALL,2026-02-06,SE
SE260206C00125000,125.0,2.52,1.8,2.43,6.0,110.0,0.5293015820312501,False,CALL,2026-02-06,SE
SE260206C00127000,127.0,5.5,1.4,1.89,1.0,76.0,0.5019581054687501,False,CALL,2026-02-06,SE
SE260206C00128000,128.0,1.63,1.36,1.84,2.0,10.0,0.5344284838867188,False,CALL,2026-02-06,SE
SE260206C00129000,129.0,1.36,1.14,1.6,4.0,62.0,0.5339402075195312,False,CALL,2026-02-06,SE
SE260206C00130000,130.0,1.25,0.97,1.41,38.0,104.0,0.5376022802734376,False,CALL,2026-02-06,SE
SE260206C00131000,131.0,2.92,0.87,1.15,9.0,14.0,0.5371140039062501,False,CALL,2026-02-06,SE
SE260206C00133000,133.0,2.6,0.56,1.2,12.0,26.0,0.5727581787109376,False,CALL,2026-02-06,SE
SE260206C00134000,134.0,1.69,0.44,1.13,4.0,17.0,0.5810588769531251,False,CALL,2026-02-06,SE
SE260206C00135000,135.0,0.75,0.25,1.32,3.0,147.0,0.6093789062500001,False,CALL,2026-02-06,SE
SE260206C00136000,136.0,0.52,0.36,0.9,39.0,11.0,0.5981485498046876,False,CALL,2026-02-06,SE
SE260206C00137000,137.0,0.62,0.22,0.62,1.0,8.0,0.5620160986328125,False,CALL,2026-02-06,SE
SE260206C00139000,139.0,0.76,0.0,1.06,5.0,8.0,0.64648791015625,False,CALL,2026-02-06,SE
SE260206C00140000,140.0,0.39,0.19,0.62,12.0,52.0,0.6289099609375001,False,CALL,2026-02-06,SE
SE260206C00141000,141.0,0.69,0.0,0.85,1.0,10.0,0.659183095703125,False,CALL,2026-02-06,SE
SE260206C00142000,142.0,1.58,0.0,2.31,,1.0,0.8876964355468748,False,CALL,2026-02-06,SE
SE260206C00143000,143.0,1.57,0.0,2.28,,1.0,0.9106454248046875,False,CALL,2026-02-06,SE
SE260206C00144000,144.0,0.31,0.0,1.01,1.0,2.0,0.75586181640625,False,CALL,2026-02-06,SE
SE260206C00145000,145.0,0.5,0.0,0.76,5.0,103.0,0.7304714453125,False,CALL,2026-02-06,SE
SE260206C00148000,148.0,1.83,0.0,2.18,,2.0,1.0229541040039063,False,CALL,2026-02-06,SE
SE260206C00150000,150.0,0.26,0.0,0.73,1.0,20.0,0.8281267187499999,False,CALL,2026-02-06,SE
SE260206C00155000,155.0,0.04,0.0,2.14,7.0,21.0,1.1777384863281248,False,CALL,2026-02-06,SE
SE260206P00100000,100.0,0.08,0.0,0.5,12.0,13.0,0.7314479980468749,False,PUT,2026-02-06,SE
SE260206P00105000,105.0,0.32,0.0,1.15,2.0,9.0,0.70312796875,False,PUT,2026-02-06,SE
SE260206P00110000,110.0,0.24,0.0,1.26,6.0,20.0,0.5410202148437502,False,PUT,2026-02-06,SE
SE260206P00111000,111.0,0.57,0.0,1.16,4.0,22.0,0.624027197265625,False,PUT,2026-02-06,SE
SE260206P00112000,112.0,0.67,0.49,2.37,3.0,3.0,0.6347692773437501,False,PUT,2026-02-06,SE
SE260206P00113000,113.0,0.88,0.6,1.11,7.0,1.0,0.5317429638671876,False,PUT,2026-02-06,SE
SE260206P00114000,114.0,0.93,0.78,1.07,2.0,2.0,0.48242705078125003,False,PUT,2026-02-06,SE
SE260206P00115000,115.0,0.44,0.92,1.22,3.0,48.0,0.46680220703125,False,PUT,2026-02-06,SE
SE260206P00116000,116.0,0.96,1.04,1.53,8.0,11.0,0.4731497998046875,False,PUT,2026-02-06,SE
SE260206P00117000,117.0,1.25,1.28,1.71,4.0,11.0,0.45313046875,False,PUT,2026-02-06,SE
SE260206P00118000,118.0,1.9,1.59,2.02,5.0,9.0,0.44751529052734373,False,PUT,2026-02-06,SE
SE260206P00119000,119.0,1.2,1.89,2.4,2.0,13.0,0.44605046142578125,False,PUT,2026-02-06,SE
SE260206P00120000,120.0,2.4,2.34,2.75,431.0,127.0,0.4343318286132813,False,PUT,2026-02-06,SE
SE260206P00121000,121.0,0.93,2.71,3.2,20.0,23.0,0.4299373413085938,False,PUT,2026-02-06,SE
SE260206P00122000,122.0,3.63,3.2,3.7,2.0,43.0,0.42578699218750005,True,PUT,2026-02-06,SE
SE260206P00123000,123.0,4.55,3.7,4.3,65.0,9.0,0.4282283740234375,True,PUT,2026-02-06,SE
SE260206P00124000,124.0,1.7,4.3,4.85,8.0,9.0,0.4177304321289062,True,PUT,2026-02-06,SE
SE260206P00125000,125.0,3.4,5.0,5.85,4.0,69.0,0.4646049633789063,True,PUT,2026-02-06,SE
SE260206P00126000,126.0,5.84,5.55,6.35,3.0,6.0,0.43457596679687505,True,PUT,2026-02-06,SE
SE260206P00127000,127.0,7.0,6.45,7.1,2.0,8.0,0.43457596679687505,True,PUT,2026-02-06,SE
SE260206P00128000,128.0,3.13,6.95,8.5,2.0,34.0,0.5376022802734376,True,PUT,2026-02-06,SE
SE260206P00129000,129.0,8.17,8.0,9.4,2.0,2.0,0.5590864404296876,True,PUT,2026-02-06,SE
SE260206P00130000,130.0,10.5,7.95,10.25,2.0,43.0,0.5698285205078125,True,PUT,2026-02-06,SE
SE260206P00133000,133.0,6.72,10.5,13.1,,6.0,0.6420934228515626,True,PUT,2026-02-06,SE
SE260206P00135000,135.0,11.85,12.45,14.75,2.0,21.0,0.6293982373046876,True,PUT,2026-02-06,SE
SE260206P00138000,138.0,16.4,15.3,17.7,1.0,3.0,0.7006865869140625,True,PUT,2026-02-06,SE
SE260206P00139000,139.0,19.9,16.05,18.9,,2.0,0.7758811474609376,True,PUT,2026-02-06,SE
SE260206P00140000,140.0,17.02,17.1,19.5,1.0,5.0,0.6982452050781252,True,PUT,2026-02-06,SE
SE260206P00145000,145.0,22.5,21.9,24.8,2.0,12.0,0.905274384765625,True,PUT,2026-02-06,SE
SE260206P00150000,150.0,24.17,26.85,29.8,1.0,1.0,1.0229541040039063,True,PUT,2026-02-06,SE
SE260206P00155000,155.0,34.08,31.85,34.7,1.0,0.0,1.102055270996094,True,PUT,2026-02-06,SE
SE260213C00095000,95.0,32.2,25.85,28.4,,1.0,0.9165047412109376,True,CALL,2026-02-13,SE
SE260213C00100000,100.0,22.48,20.95,23.55,,1.0,0.7944356494140624,True,CALL,2026-02-13,SE
SE260213C00115000,115.0,19.25,8.25,9.4,,2.0,0.5278367529296876,True,CALL,2026-02-13,SE
SE260213C00120000,120.0,6.25,5.55,6.1,6.0,5.0,0.5212450219726561,True,CALL,2026-02-13,SE
SE260213C00122000,122.0,7.15,4.45,5.1,2.0,3.0,0.5127001855468749,False,CALL,2026-02-13,SE
SE260213C00123000,123.0,4.5,4.05,4.55,7.0,131.0,0.508793974609375,False,CALL,2026-02-13,SE
SE260213C00124000,124.0,6.62,3.5,4.25,1.0,6.0,0.5070850073242188,False,CALL,2026-02-13,SE
SE260213C00125000,125.0,4.0,3.25,3.65,10.0,61.0,0.5022022436523439,False,CALL,2026-02-13,SE
SE260213C00127000,127.0,5.48,2.5,3.2,2.0,2.0,0.5095263891601562,False,CALL,2026-02-13,SE
SE260213C00128000,128.0,5.6,2.18,2.75,2.0,16.0,0.5310105493164063,False,CALL,2026-02-13,SE
SE260213C00129000,129.0,3.69,1.94,2.29,1.0,2.0,0.5105029418945313,False,CALL,2026-02-13,SE
SE260213C00130000,130.0,4.77,1.74,2.21,1.0,26.0,0.5026905200195313,False,CALL,2026-02-13,SE
SE260213C00132000,132.0,1.55,1.35,1.89,1.0,16.0,0.5119677709960937,False,CALL,2026-02-13,SE
SE260213C00133000,133.0,2.02,1.15,1.58,,2.0,0.5024463818359376,False,CALL,2026-02-13,SE
SE260213C00134000,134.0,1.4,0.94,1.38,2.0,16.0,0.5283250292968751,False,CALL,2026-02-13,SE
SE260213C00135000,135.0,2.99,0.8,1.2,2.0,38.0,0.5251512329101562,False,CALL,2026-02-13,SE
SE260213C00136000,136.0,2.02,0.65,1.15,1.0,4.0,0.5397995239257813,False,CALL,2026-02-13,SE
SE260213C00137000,137.0,1.02,0.7,1.28,1.0,3.0,0.5351608984375,False,CALL,2026-02-13,SE
SE260213C00138000,138.0,2.57,0.5,1.26,3.0,1.0,0.5366257275390626,False,CALL,2026-02-13,SE
SE260213C00139000,139.0,2.3,0.51,1.2,2.0,2.0,0.551762294921875,False,CALL,2026-02-13,SE
SE260213C00140000,140.0,0.88,0.45,1.42,2.0,45.0,0.5866740551757812,False,CALL,2026-02-13,SE
SE260213C00141000,141.0,1.02,0.35,1.22,5.0,276.0,0.577152666015625,False,CALL,2026-02-13,SE
SE260213C00145000,145.0,1.4,0.0,2.46,33.0,44.0,0.7375514526367187,False,CALL,2026-02-13,SE
SE260213C00150000,150.0,0.35,0.0,0.94,6.0,26.0,0.6543003320312502,False,CALL,2026-02-13,SE
SE260213C00155000,155.0,1.0,0.0,1.16,1.0,7.0,0.76367423828125,False,CALL,2026-02-13,SE
SE260213P00105000,105.0,0.66,0.0,2.29,,1.0,0.6469761865234375,False,PUT,2026-02-13,SE
SE260213P00107000,107.0,1.06,0.0,2.42,,0.0,0.5981485498046876,False,PUT,2026-02-13,SE
SE260213P00110000,110.0,0.78,0.6,1.15,1.0,46.0,0.49707534179687507,False,PUT,2026-02-13,SE
SE260213P00111000,111.0,0.37,0.82,1.34,1.0,4.0,0.495122236328125,False,PUT,2026-02-13,SE
SE260213P00112000,112.0,1.0,1.01,1.43,2.0,3.0,0.4760794580078125,False,PUT,2026-02-13,SE
SE260213P00113000,113.0,0.5,1.26,1.83,1.0,3.0,0.49609878906250005,False,PUT,2026-02-13,SE
SE260213P00115000,115.0,1.28,1.68,2.32,3.0,28.0,0.48389187988281257,False,PUT,2026-02-13,SE
SE260213P00116000,116.0,1.91,1.99,2.47,1.0,2.0,0.46289599609375004,False,PUT,2026-02-13,SE
SE260213P00117000,117.0,1.11,2.27,2.78,1.0,2.0,0.4572808178710938,False,PUT,2026-02-13,SE
SE260213P00118000,118.0,1.61,2.63,3.15,1.0,15.0,0.45483943603515625,False,PUT,2026-02-13,SE
SE260213P00119000,119.0,1.79,3.0,3.65,2.0,1.0,0.4621635815429688,False,PUT,2026-02-13,SE
SE260213P00120000,120.0,3.21,3.5,3.95,4.0,69.0,0.4458063232421875,False,PUT,2026-02-13,SE
SE260213P00121000,121.0,2.19,4.0,4.6,5.0,21.0,0.46094289062500005,False,PUT,2026-02-13,SE
SE260213P00122000,122.0,2.15,4.45,4.9,1.0,4.0,0.4379939013671875,True,PUT,2026-02-13,SE
SE260213P00123000,123.0,4.56,5.0,5.65,8.0,12.0,0.4563042651367188,True,PUT,2026-02-13,SE
SE260213P00124000,124.0,3.95,5.5,6.0,21.0,52.0,0.43115803222656257,True,PUT,2026-02-13,SE
SE260213P00125000,125.0,8.0,6.15,6.85,1.0,29.0,0.45313046875,True,PUT,2026-02-13,SE
SE260213P00126000,126.0,7.0,6.85,7.2,1.0,128.0,0.41968353759765625,True,PUT,2026-02-13,SE
SE260213P00127000,127.0,7.15,7.45,8.2,3.0,1.0,0.4523980541992188,True,PUT,2026-02-13,SE
SE260213P00128000,128.0,4.7,7.8,8.65,2.0,90.0,0.42090422851562503,True,PUT,2026-02-13,SE
SE260213P00130000,130.0,7.5,9.5,10.35,1.0,16.0,0.4401911450195312,True,PUT,2026-02-13,SE
SE260213P00135000,135.0,9.65,12.65,15.6,2.0,11.0,0.5998575170898439,True,PUT,2026-02-13,SE
SE260213P00137000,137.0,17.27,14.4,17.2,,1.0,0.5883830224609375,True,PUT,2026-02-13,SE
SE260213P00139000,139.0,17.44,16.8,18.85,5.0,5.0,0.5732464550781251,True,PUT,2026-02-13,SE
SE260213P00140000,140.0,12.19,17.1,20.0,2.0,8.0,0.6196327099609377,True,PUT,2026-02-13,SE
SE260213P00145000,145.0,24.58,21.95,25.05,1.0,2.0,0.7270535107421875,True,PUT,2026-02-13,SE
SE260213P00150000,150.0,28.84,26.9,29.6,,10.0,0.7216824707031251,True,PUT,2026-02-13,SE
SE260220C00085000,85.0,54.63,60.1,64.0,11.0,80.0,4.258305458374022,True,CALL,2026-02-20,SE
SE260220C00090000,90.0,50.89,55.15,58.65,4.0,74.0,3.9052736743164065,True,CALL,2026-02-20,SE
SE260220C00095000,95.0,34.85,25.75,28.6,15.0,98.0,0.7749045947265626,True,CALL,2026-02-20,SE
SE260220C00100000,100.0,22.9,21.05,23.8,1.0,42.0,0.6926300268554688,True,CALL,2026-02-20,SE
SE260220C00105000,105.0,17.15,16.45,19.1,8.0,116.0,0.6132851171875001,True,CALL,2026-02-20,SE
SE260220C00110000,110.0,15.88,13.05,14.4,1.0,126.0,0.584965087890625,True,CALL,2026-02-20,SE
SE260220C00113000,113.0,11.75,10.35,12.6,,1.0,0.5671430004882813,True,CALL,2026-02-20,SE
SE260220C00114000,114.0,16.65,9.5,10.8,1.0,2.0,0.5034229345703125,True,CALL,2026-02-20,SE
SE260220C00115000,115.0,13.45,9.1,10.15,10.0,258.0,0.5147753601074219,True,CALL,2026-02-20,SE
SE260220C00117000,117.0,9.05,7.65,8.75,,1.0,0.5441940112304688,True,CALL,2026-02-20,SE
SE260220C00118000,118.0,7.4,7.05,8.1,2.0,24.0,0.5366257275390626,True,CALL,2026-02-20,SE
SE260220C00119000,119.0,9.3,6.5,7.5,,18.0,0.5313767565917968,True,CALL,2026-02-20,SE
SE260220C00120000,120.0,7.55,6.0,6.9,13.0,351.0,0.5241746801757812,True,CALL,2026-02-20,SE
SE260220C00121000,121.0,7.1,5.5,6.45,1.0,26.0,0.5273484765625001,True,CALL,2026-02-20,SE
SE260220C00122000,122.0,5.9,4.95,5.85,1.0,10.0,0.5162401892089843,False,CALL,2026-02-20,SE
SE260220C00123000,123.0,7.0,4.55,5.3,9.0,21.0,0.5070850073242188,False,CALL,2026-02-20,SE
SE260220C00124000,124.0,6.0,4.25,4.8,,3.0,0.500005,False,CALL,2026-02-20,SE
SE260220C00125000,125.0,4.3,3.75,4.5,19.0,945.0,0.5074512145996093,False,CALL,2026-02-20,SE
SE260220C00126000,126.0,7.85,3.4,4.05,2.0,26.0,0.5002491381835938,False,CALL,2026-02-20,SE
SE260220C00127000,127.0,6.03,3.05,3.9,69.0,69.0,0.5168505346679688,False,CALL,2026-02-20,SE
SE260220C00128000,128.0,3.1,2.83,3.25,25.0,4.0,0.48792015991210946,False,CALL,2026-02-20,SE
SE260220C00129000,129.0,3.1,2.52,3.05,1.0,2.0,0.4963429272460938,False,CALL,2026-02-20,SE
SE260220C00130000,130.0,3.1,2.21,2.78,40.0,916.0,0.4968312036132813,False,CALL,2026-02-20,SE
SE260220C00131000,131.0,2.22,2.1,2.55,2.0,38.0,0.49927258544921876,False,CALL,2026-02-20,SE
SE260220C00132000,132.0,4.03,1.75,2.87,12.0,18.0,0.5537154003906251,False,CALL,2026-02-20,SE
SE260220C00133000,133.0,2.43,1.62,2.09,7.0,269.0,0.4985401708984375,False,CALL,2026-02-20,SE
SE260220C00134000,134.0,2.65,1.34,1.97,,2.0,0.5073291455078125,False,CALL,2026-02-20,SE
SE260220C00135000,135.0,1.53,1.28,1.69,31.0,964.0,0.4968312036132813,False,CALL,2026-02-20,SE
SE260220C00140000,140.0,0.9,0.7,1.01,16.0,1050.0,0.5007374145507812,False,CALL,2026-02-20,SE
SE260220C00145000,145.0,0.78,0.46,1.04,5.0,607.0,0.5363815893554689,False,CALL,2026-02-20,SE
SE260220C00150000,150.0,0.3,0.1,0.47,7.0,965.0,0.5459029785156251,False,CALL,2026-02-20,SE
SE260220C00155000,155.0,0.35,0.0,0.3,38.0,302.0,0.5576216113281252,False,CALL,2026-02-20,SE
SE260220P00085000,85.0,0.11,0.0,0.3,20.0,121.0,0.70312796875,False,PUT,2026-02-20,SE
SE260220P00090000,90.0,0.22,0.0,0.42,1.0,114.0,0.639652041015625,False,PUT,2026-02-20,SE
SE260220P00095000,95.0,0.11,0.0,0.46,10.0,107.0,0.5488326367187502,False,PUT,2026-02-20,SE
SE260220P00100000,100.0,0.24,0.1,0.64,2.0,266.0,0.5659223095703125,False,PUT,2026-02-20,SE
SE260220P00105000,105.0,0.64,0.62,0.84,3.0,131.0,0.4897511962890626,False,PUT,2026-02-20,SE
SE260220P00110000,110.0,0.94,1.24,1.58,2.0,293.0,0.4689994506835938,False,PUT,2026-02-20,SE
SE260220P00111000,111.0,1.41,1.32,1.78,5.0,34.0,0.46484910156250003,False,PUT,2026-02-20,SE
SE260220P00112000,112.0,0.93,1.54,1.98,2.0,11.0,0.4587456469726563,False,PUT,2026-02-20,SE
SE260220P00113000,113.0,2.1,1.86,2.26,21.0,2.0,0.4587456469726563,False,PUT,2026-02-20,SE
SE260220P00114000,114.0,1.73,2.19,2.55,20.0,9.0,0.45703667968750006,False,PUT,2026-02-20,SE
SE260220P00115000,115.0,2.65,2.46,2.96,11.0,328.0,0.4643608251953125,False,PUT,2026-02-20,SE
SE260220P00116000,116.0,2.75,2.69,3.2,5.0,39.0,0.45313046875,False,PUT,2026-02-20,SE
SE260220P00117000,117.0,3.28,3.0,3.55,2.0,85.0,0.4498346032714844,False,PUT,2026-02-20,SE
SE260220P00118000,118.0,3.39,3.45,3.9,2.0,60.0,0.4440973559570312,False,PUT,2026-02-20,SE
SE260220P00119000,119.0,1.91,3.45,4.6,5.0,32.0,0.46582565429687506,False,PUT,2026-02-20,SE
SE260220P00120000,120.0,4.55,4.25,4.75,5.0,3637.0,0.43848217773437503,False,PUT,2026-02-20,SE
SE260220P00121000,121.0,5.9,4.4,5.45,,12.0,0.4547173669433594,False,PUT,2026-02-20,SE
SE260220P00123000,123.0,5.0,5.6,6.5,33.0,4.0,0.45093322509765627,True,PUT,2026-02-20,SE
SE260220P00124000,124.0,5.8,6.2,6.65,3.0,5.0,0.4141904284667969,True,PUT,2026-02-20,SE
SE260220P00125000,125.0,6.65,6.6,7.5,3.0,940.0,0.43335527587890627,True,PUT,2026-02-20,SE
SE260220P00126000,126.0,6.1,7.35,8.0,10.0,10.0,0.4205380212402344,True,PUT,2026-02-20,SE
SE260220P00127000,127.0,6.12,7.35,8.6,1.0,2.0,0.41345801391601555,True,PUT,2026-02-20,SE
SE260220P00128000,128.0,7.23,8.7,9.45,1.0,11.0,0.4265194067382813,True,PUT,2026-02-20,SE
SE260220P00130000,130.0,6.0,10.1,11.4,6.0,6024.0,0.47241738525390625,True,PUT,2026-02-20,SE
SE260220P00135000,135.0,14.65,13.6,15.9,1.0,275.0,0.5336960693359375,True,PUT,2026-02-20,SE
SE260220P00140000,140.0,17.5,17.45,20.1,10.0,206.0,0.5310105493164063,True,PUT,2026-02-20,SE
SE260220P00145000,145.0,22.52,22.8,24.85,6.0,262.0,0.5747112841796875,True,PUT,2026-02-20,SE
SE260220P00150000,150.0,22.5,26.95,29.9,1.0,152.0,0.6577182666015625,True,PUT,2026-02-20,SE
SE260220P00155000,155.0,31.42,31.9,34.55,3.0,334.0,0.6577182666015625,True,PUT,2026-02-20,SE
SE260227C00095000,95.0,31.66,26.3,28.8,,1.0,0.7412135253906249,True,CALL,2026-02-27,SE
SE260227C00100000,100.0,22.0,21.5,23.35,6.0,5.0,0.6064492480468751,True,CALL,2026-02-27,SE
SE260227C00110000,110.0,17.62,13.55,15.85,1.0,3.0,0.6012002770996094,True,CALL,2026-02-27,SE
SE260227C00120000,120.0,10.85,7.55,8.85,1.0,3.0,0.5537154003906251,True,CALL,2026-02-27,SE
SE260227C00122000,122.0,9.5,6.55,8.4,1.0,1.0,0.569340244140625,False,CALL,2026-02-27,SE
SE260227C00123000,123.0,7.15,6.15,6.75,2.0,2.0,0.5271043383789062,False,CALL,2026-02-27,SE
SE260227C00125000,125.0,5.45,5.25,5.9,5.0,27.0,0.5229539892578124,False,CALL,2026-02-27,SE
SE260227C00126000,126.0,7.2,4.75,6.75,5.0,4.0,0.5634809277343751,False,CALL,2026-02-27,SE
SE260227C00127000,127.0,7.44,4.45,5.25,1.0,4.0,0.5236864038085938,False,CALL,2026-02-27,SE
SE260227C00128000,128.0,4.83,3.85,5.4,4.0,6.0,0.532231240234375,False,CALL,2026-02-27,SE
SE260227C00130000,130.0,5.4,3.1,5.0,1.0,8.0,0.5361374511718751,False,CALL,2026-02-27,SE
SE260227C00132000,132.0,5.25,2.94,4.75,11.0,14.0,0.5644574804687501,False,CALL,2026-02-27,SE
SE260227C00133000,133.0,5.25,2.36,4.45,5.0,3.0,0.5498091894531252,False,CALL,2026-02-27,SE
SE260227C00135000,135.0,4.34,2.19,3.05,3.0,14.0,0.522343643798828,False,CALL,2026-02-27,SE
SE260227C00136000,136.0,2.8,1.59,3.85,1.0,5.0,0.5500533276367189,False,CALL,2026-02-27,SE
SE260227C00138000,138.0,3.53,1.58,3.05,6.0,3.0,0.5485884985351563,False,CALL,2026-02-27,SE
SE260227C00139000,139.0,1.79,1.16,3.45,,3.0,0.5648236877441408,False,CALL,2026-02-27,SE
SE260227C00140000,140.0,2.29,0.98,2.75,1.0,65.0,0.5371140039062501,False,CALL,2026-02-27,SE
SE260227C00143000,143.0,1.11,0.02,3.15,1.0,5.0,0.5532271240234375,False,CALL,2026-02-27,SE
SE260227C00145000,145.0,1.45,0.54,2.95,2.0,3.0,0.6013223461914063,False,CALL,2026-02-27,SE
SE260227C00146000,146.0,1.85,0.39,2.9,1.0,4.0,0.6042520043945314,False,CALL,2026-02-27,SE
SE260227C00148000,148.0,1.3,0.1,2.79,,3.0,0.6079140771484376,False,CALL,2026-02-27,SE
SE260227C00150000,150.0,0.01,0.1,2.09,1.0,8.0,0.586918193359375,False,CALL,2026-02-27,SE
SE260227P00095000,95.0,0.48,0.0,2.31,,25.0,0.6960479614257813,False,PUT,2026-02-27,SE
SE260227P00100000,100.0,0.57,0.11,1.05,1.0,3.0,0.5676312768554688,False,PUT,2026-02-27,SE
SE260227P00105000,105.0,1.5,0.68,1.61,1.0,6.0,0.5317429638671876,False,PUT,2026-02-27,SE
SE260227P00108000,108.0,1.0,1.06,3.45,,1.0,0.5297898583984376,False,PUT,2026-02-27,SE
SE260227P00110000,110.0,2.13,1.99,2.45,15.0,31.0,0.4975636181640626,False,PUT,2026-02-27,SE
SE260227P00115000,115.0,3.45,3.45,3.85,27.0,47.0,0.47852083984375,False,PUT,2026-02-27,SE
SE260227P00117000,117.0,3.0,4.15,4.75,10.0,17.0,0.48560084716796875,False,PUT,2026-02-27,SE
SE260227P00118000,118.0,3.62,4.45,6.0,1.0,2.0,0.5459029785156251,False,PUT,2026-02-27,SE
SE260227P00120000,120.0,5.8,5.45,6.15,5.0,30.0,0.4859670544433594,False,PUT,2026-02-27,SE
SE260227P00121000,121.0,6.78,5.85,6.8,,2.0,0.4958546508789063,False,PUT,2026-02-27,SE
SE260227P00122000,122.0,3.9,6.2,7.55,1.0,19.0,0.5112353564453125,True,PUT,2026-02-27,SE
SE260227P00124000,124.0,6.13,7.25,8.95,7.0,7.0,0.5300339965820313,True,PUT,2026-02-27,SE
SE260227P00125000,125.0,7.95,7.9,9.2,6.0,22.0,0.5043994873046875,True,PUT,2026-02-27,SE
SE260227P00126000,126.0,9.12,8.25,9.8,,1.0,0.5025684509277344,True,PUT,2026-02-27,SE
SE260227P00127000,127.0,6.4,9.05,10.5,1.0,6.0,0.5065967309570312,True,PUT,2026-02-27,SE
SE260227P00128000,128.0,10.34,9.7,11.2,1.0,9.0,0.5092822509765625,True,PUT,2026-02-27,SE
SE260227P00129000,129.0,6.55,10.1,11.45,1.0,0.0,0.4757132507324219,True,PUT,2026-02-27,SE
SE260227P00130000,130.0,9.14,10.6,12.4,10.0,33.0,0.4946339599609375,True,PUT,2026-02-27,SE
SE260227P00131000,131.0,9.07,11.65,13.05,,1.0,0.4885305053710938,True,PUT,2026-02-27,SE
SE260227P00132000,132.0,11.7,11.55,14.2,1.0,2.0,0.5220995056152342,True,PUT,2026-02-27,SE
SE260227P00134000,134.0,15.0,13.75,15.4,3.0,4.0,0.4943898217773438,True,PUT,2026-02-27,SE
SE260227P00135000,135.0,15.89,14.4,16.6,3.0,6.0,0.5312546875,True,PUT,2026-02-27,SE
SE260227P00137000,137.0,13.59,15.3,18.15,1.0,1.0,0.5268602001953125,True,PUT,2026-02-27,SE
SE260227P00138000,138.0,17.22,16.4,19.1,5.0,2.0,0.5395553857421876,True,PUT,2026-02-27,SE
SE260227P00144000,144.0,14.06,21.8,24.45,,1.0,0.5664105859375,True,PUT,2026-02-27,SE
SE260227P00145000,145.0,21.21,22.85,25.4,,1.0,0.5749554223632812,True,PUT,2026-02-27,SE
SE260227P00150000,150.0,24.95,27.3,30.35,1.0,1.0,0.6381872119140625,True,PUT,2026-02-27,SE
SE260227P00155000,155.0,31.5,32.1,35.15,,1.0,0.6752962158203126,True,PUT,2026-02-27,SE
SE260306C00120000,120.0,13.45,9.6,12.2,4.0,5.0,0.6759065612792969,True,CALL,2026-03-06,SE
SE260306C00123000,123.0,11.25,8.35,9.5,1.0,1.0,0.6355016918945313,False,CALL,2026-03-06,SE
SE260306C00127000,127.0,9.1,6.5,7.75,9.0,5.0,0.622074091796875,False,CALL,2026-03-06,SE
SE260306C00130000,130.0,6.79,5.2,6.95,1.0,1.0,0.6212196081542969,False,CALL,2026-03-06,SE
SE260306C00132000,132.0,5.35,5.25,5.85,2.0,2.0,0.6276892700195313,False,CALL,2026-03-06,SE
SE260306C00133000,133.0,6.83,4.8,5.7,10.0,55.0,0.6272009936523439,False,CALL,2026-03-06,SE
SE260306C00139000,139.0,4.6,2.42,4.9,1.0,1.0,0.6196327099609377,False,CALL,2026-03-06,SE
SE260306C00140000,140.0,4.73,2.6,4.75,3.0,14.0,0.6372106591796876,False,CALL,2026-03-06,SE
SE260306C00145000,145.0,4.7,2.22,3.5,3.0,6.0,0.6462437719726561,False,CALL,2026-03-06,SE
SE260306P00106000,106.0,2.11,2.24,3.7,2.0,3.0,0.5888712988281251,False,PUT,2026-03-06,SE
SE260306P00110000,110.0,3.0,3.9,4.6,1.0,5.0,0.5942423388671876,False,PUT,2026-03-06,SE
SE260306P00120000,120.0,6.5,7.1,8.75,3.0,2.0,0.5540816076660158,False,PUT,2026-03-06,SE
SE260306P00130000,130.0,11.62,12.8,14.45,1.0,1.0,0.5310105493164063,True,PUT,2026-03-06,SE
SE260320C00085000,85.0,45.4,36.6,39.35,2.0,19.0,0.81445498046875,True,CALL,2026-03-20,SE
SE260320C00090000,90.0,36.65,32.3,34.85,2.0,16.0,0.7824728784179689,True,CALL,2026-03-20,SE
SE260320C00095000,95.0,44.4,28.0,30.4,1.0,27.0,0.7396266271972656,True,CALL,2026-03-20,SE
SE260320C00100000,100.0,28.5,23.75,25.45,2.0,92.0,0.6677279321289065,True,CALL,2026-03-20,SE
SE260320C00105000,105.0,23.0,20.2,21.5,1.0,11.0,0.6523472265625001,True,CALL,2026-03-20,SE
SE260320C00110000,110.0,21.55,16.75,17.95,1.0,28.0,0.6344030700683594,True,CALL,2026-03-20,SE
SE260320C00115000,115.0,19.56,13.85,14.75,1.0,14.0,0.6245154736328126,True,CALL,2026-03-20,SE
SE260320C00120000,120.0,11.3,11.45,11.8,34.0,313.0,0.6162758099365235,True,CALL,2026-03-20,SE
SE260320C00125000,125.0,9.5,9.05,9.4,52.0,4173.0,0.603763728027344,False,CALL,2026-03-20,SE
SE260320C00130000,130.0,7.4,7.15,7.5,35.0,733.0,0.6001016552734376,False,CALL,2026-03-20,SE
SE260320C00135000,135.0,5.64,5.5,5.8,23.0,1839.0,0.5910685424804689,False,CALL,2026-03-20,SE
SE260320C00140000,140.0,4.45,4.25,4.55,33.0,5407.0,0.5902140588378908,False,CALL,2026-03-20,SE
SE260320C00145000,145.0,3.95,3.2,3.75,53.0,1325.0,0.5950968225097657,False,CALL,2026-03-20,SE
SE260320C00150000,150.0,2.78,2.39,2.94,44.0,6610.0,0.5941202697753907,False,CALL,2026-03-20,SE
SE260320C00155000,155.0,2.06,1.85,2.3,22.0,1935.0,0.5976602734375001,False,CALL,2026-03-20,SE
SE260320P00085000,85.0,0.44,0.01,1.1,1.0,10.0,0.6005899316406251,False,PUT,2026-03-20,SE
SE260320P00090000,90.0,1.1,0.41,1.19,3.0,55.0,0.5659223095703125,False,PUT,2026-03-20,SE
SE260320P00095000,95.0,1.2,1.01,1.79,1.0,82.0,0.5649457568359376,False,PUT,2026-03-20,SE
SE260320P00100000,100.0,2.49,2.31,2.8,5.0,1793.0,0.5886271606445312,False,PUT,2026-03-20,SE
SE260320P00105000,105.0,3.75,3.4,4.05,1.0,462.0,0.5795940478515625,False,PUT,2026-03-20,SE
SE260320P00110000,110.0,4.85,5.0,5.6,3.0,1358.0,0.5749554223632812,False,PUT,2026-03-20,SE
SE260320P00115000,115.0,5.11,6.75,7.25,1.0,1027.0,0.5553022985839844,False,PUT,2026-03-20,SE
SE260320P00120000,120.0,9.14,8.95,9.25,17.0,1734.0,0.5377243493652344,False,PUT,2026-03-20,SE
SE260320P00125000,125.0,11.0,11.55,12.0,33.0,749.0,0.5301560656738282,True,PUT,2026-03-20,SE
SE260320P00130000,130.0,14.97,14.6,14.95,27.0,910.0,0.5189257092285156,True,PUT,2026-03-20,SE
SE260320P00135000,135.0,17.45,18.0,18.35,1.0,487.0,0.5090381127929688,True,PUT,2026-03-20,SE
SE260320P00140000,140.0,21.27,20.65,22.45,3.0,989.0,0.5357712438964843,True,PUT,2026-03-20,SE
SE260320P00145000,145.0,19.9,24.75,26.4,1.0,247.0,0.5247850256347657,True,PUT,2026-03-20,SE
SE260320P00150000,150.0,28.34,28.75,31.6,2.0,563.0,0.5986368261718751,True,PUT,2026-03-20,SE
SE260320P00155000,155.0,37.1,33.1,35.6,3.0,863.0,0.5644574804687501,True,PUT,2026-03-20,SE
SE260417C00110000,110.0,22.0,18.4,19.65,5.0,5.0,0.594303373413086,True,CALL,2026-04-17,SE
SE260417C00115000,115.0,16.28,15.6,16.6,1.0,2.0,0.5864299169921875,True,CALL,2026-04-17,SE
SE260417C00120000,120.0,18.45,13.4,14.15,5.0,359.0,0.5920450952148439,True,CALL,2026-04-17,SE
SE260417C00125000,125.0,11.2,11.05,11.5,157.0,47.0,0.5762981823730469,False,CALL,2026-04-17,SE
SE260417C00130000,130.0,10.6,9.0,9.6,4.0,818.0,0.5712933496093751,False,CALL,2026-04-17,SE
SE260417C00135000,135.0,8.95,7.3,7.95,1.0,469.0,0.5676312768554688,False,CALL,2026-04-17,SE
SE260417C00140000,140.0,8.2,5.8,6.5,1.0,50.0,0.5616498913574219,False,CALL,2026-04-17,SE
SE260417C00145000,145.0,5.5,4.6,5.35,4.0,89.0,0.5593305786132813,False,CALL,2026-04-17,SE
SE260417C00150000,150.0,4.55,3.65,4.35,226.0,242.0,0.5572554040527344,False,CALL,2026-04-17,SE
SE260417C00155000,155.0,3.7,2.94,4.0,2.0,22.0,0.5721478332519532,False,CALL,2026-04-17,SE
SE260417P00085000,85.0,1.09,0.35,1.47,,25.0,0.5400436621093752,False,PUT,2026-04-17,SE
SE260417P00090000,90.0,1.78,0.88,2.04,5.0,6.0,0.5339402075195312,False,PUT,2026-04-17,SE
SE260417P00095000,95.0,1.79,1.65,2.74,1.0,6.0,0.5250291638183593,False,PUT,2026-04-17,SE
SE260417P00100000,100.0,2.13,3.3,3.7,2.0,104.0,0.5379684875488282,False,PUT,2026-04-17,SE
SE260417P00105000,105.0,3.31,4.65,5.2,2.0,21.0,0.5354050366210938,False,PUT,2026-04-17,SE
SE260417P00110000,110.0,4.45,6.3,6.9,2.0,510.0,0.5286912365722658,False,PUT,2026-04-17,SE
SE260417P00115000,115.0,6.95,8.25,8.9,39.0,100.0,0.5205126074218749,False,PUT,2026-04-17,SE
SE260417P00120000,120.0,10.8,10.45,11.2,7.0,701.0,0.5096484582519532,False,PUT,2026-04-17,SE
SE260417P00125000,125.0,13.57,13.1,13.9,15.0,660.0,0.5028125891113282,True,PUT,2026-04-17,SE
SE260417P00130000,130.0,14.85,16.1,17.0,18.0,24.0,0.5183153637695312,True,PUT,2026-04-17,SE
SE260417P00135000,135.0,17.3,19.45,20.25,1.0,5.0,0.5092212164306642,True,PUT,2026-04-17,SE
SE260417P00140000,140.0,20.7,22.7,23.8,1.0,17.0,0.5008594836425782,True,PUT,2026-04-17,SE
SE260417P00145000,145.0,26.95,25.65,27.2,1.0,7.0,0.4694877270507813,True,PUT,2026-04-17,SE
SE260417P00150000,150.0,30.37,29.7,32.05,1.0,5.0,0.5089160437011719,True,PUT,2026-04-17,SE
SE260417P00155000,155.0,36.45,33.95,36.35,1.0,1.0,0.5081836291503907,True,PUT,2026-04-17,SE
SE260515C00085000,85.0,41.02,38.35,41.3,,1.0,0.7084990087890625,True,CALL,2026-05-15,SE
SE260515C00090000,90.0,40.5,34.55,37.3,1.0,2.0,0.697390721435547,True,CALL,2026-05-15,SE
SE260515C00095000,95.0,68.5,44.35,46.9,,14.0,1.3566926696777344,True,CALL,2026-05-15,SE
SE260515C00100000,100.0,27.2,26.9,29.8,1.0,27.0,0.6570468865966796,True,CALL,2026-05-15,SE
SE260515C00105000,105.0,20.8,23.75,25.35,5.0,36.0,0.6240882318115235,True,CALL,2026-05-15,SE
SE260515C00110000,110.0,36.7,21.45,22.5,24.0,71.0,0.6363561755371094,True,CALL,2026-05-15,SE
SE260515C00115000,115.0,22.2,17.75,19.65,38.0,83.0,0.6085854571533205,True,CALL,2026-05-15,SE
SE260515C00120000,120.0,20.46,16.2,16.65,1.0,68.0,0.6116982189941409,True,CALL,2026-05-15,SE
SE260515C00125000,125.0,15.43,13.9,14.8,14.0,74.0,0.6128578753662111,False,CALL,2026-05-15,SE
SE260515C00130000,130.0,12.14,11.85,12.4,5.0,370.0,0.5993692407226563,False,CALL,2026-05-15,SE
SE260515C00135000,135.0,12.48,10.05,11.05,6.0,454.0,0.6023599334716798,False,CALL,2026-05-15,SE
SE260515C00140000,140.0,8.8,8.55,9.65,6.0,391.0,0.6024820025634767,False,CALL,2026-05-15,SE
SE260515C00145000,145.0,7.45,7.2,7.8,1.0,286.0,0.5889323333740235,False,CALL,2026-05-15,SE
SE260515C00150000,150.0,6.2,6.0,6.9,5.0,501.0,0.5908244042968751,False,CALL,2026-05-15,SE
SE260515C00155000,155.0,5.5,5.05,5.7,5.0,192.0,0.5849040533447265,False,CALL,2026-05-15,SE
SE260515P00085000,85.0,1.84,1.28,2.34,2.0,29.0,0.5583540258789064,False,PUT,2026-05-15,SE
SE260515P00090000,90.0,2.88,1.55,3.05,2.0,7.0,0.5285691674804689,False,PUT,2026-05-15,SE
SE260515P00095000,95.0,3.8,3.3,4.1,1.0,463.0,0.5494429821777345,False,PUT,2026-05-15,SE
SE260515P00100000,100.0,5.3,4.85,5.75,2.0,614.0,0.559574716796875,False,PUT,2026-05-15,SE
SE260515P00105000,105.0,5.3,6.5,7.2,1.0,231.0,0.5515181567382813,False,PUT,2026-05-15,SE
SE260515P00110000,110.0,7.15,8.3,8.7,1.0,590.0,0.5363205548095704,False,PUT,2026-05-15,SE
SE260515P00115000,115.0,9.15,10.4,11.1,1.0,980.0,0.5350388293457031,False,PUT,2026-05-15,SE
SE260515P00120000,120.0,11.3,12.9,13.55,13.0,1848.0,0.5310105493164063,False,PUT,2026-05-15,SE
SE260515P00125000,125.0,16.0,15.5,16.35,2.0,314.0,0.5247850256347657,True,PUT,2026-05-15,SE
SE260515P00130000,130.0,15.45,18.5,19.55,1.0,473.0,0.5235643347167969,True,PUT,2026-05-15,SE
SE260515P00135000,135.0,21.75,21.75,22.55,15.0,179.0,0.5134326000976561,True,PUT,2026-05-15,SE
SE260515P00140000,140.0,24.52,25.15,25.85,3.0,138.0,0.5023243127441408,True,PUT,2026-05-15,SE
SE260515P00145000,145.0,24.0,27.55,29.95,7.0,354.0,0.5287522711181643,True,PUT,2026-05-15,SE
SE260515P00150000,150.0,33.8,31.4,33.25,5.0,77.0,0.4968312036132813,True,PUT,2026-05-15,SE
SE260515P00155000,155.0,35.14,35.45,37.75,3.0,112.0,0.5124560473632812,True,PUT,2026-05-15,SE
SE260618C00085000,85.0,45.65,39.4,42.5,14.0,11.0,0.6842072595214845,True,CALL,2026-06-18,SE
SE260618C00090000,90.0,39.6,35.7,38.55,5.0,12.0,0.6701082794189455,True,CALL,2026-06-18,SE
SE260618C00095000,95.0,107.05,89.3,92.15,6.0,18.0,3.4449476766967773,True,CALL,2026-06-18,SE
SE260618C00100000,100.0,32.32,28.3,31.25,15.0,70.0,0.632938240966797,True,CALL,2026-06-18,SE
SE260618C00105000,105.0,33.45,25.55,27.25,12.0,23.0,0.6163978790283204,True,CALL,2026-06-18,SE
SE260618C00110000,110.0,22.85,22.2,23.9,1.0,70.0,0.5939371661376953,True,CALL,2026-06-18,SE
SE260618C00115000,115.0,25.33,19.5,21.3,1.0,123.0,0.5897868170166016,True,CALL,2026-06-18,SE
SE260618C00120000,120.0,22.89,17.9,18.55,1.0,105.0,0.5940592352294922,True,CALL,2026-06-18,SE
SE260618C00125000,125.0,16.35,15.65,16.4,1.0,432.0,0.5898478515625001,False,CALL,2026-06-18,SE
SE260618C00130000,130.0,14.0,13.35,14.5,1.0,232.0,0.5820964642333983,False,CALL,2026-06-18,SE
SE260618C00135000,135.0,12.09,11.8,12.75,11.0,1464.0,0.5827678442382812,False,CALL,2026-06-18,SE
SE260618C00140000,140.0,10.27,10.25,10.75,2.0,2492.0,0.5730023168945313,False,CALL,2026-06-18,SE
SE260618C00145000,145.0,9.3,8.85,9.6,5.0,433.0,0.5744061114501953,False,CALL,2026-06-18,SE
SE260618C00150000,150.0,8.15,7.45,8.6,6.0,582.0,0.5730633514404297,False,CALL,2026-06-18,SE
SE260618C00155000,155.0,8.0,6.55,7.5,4.0,418.0,0.5739788696289063,False,CALL,2026-06-18,SE
SE260618P00085000,85.0,2.04,2.03,3.65,14.0,45.0,0.561527822265625,False,PUT,2026-06-18,SE
SE260618P00090000,90.0,3.29,2.55,4.6,3.0,185.0,0.5393112475585939,False,PUT,2026-06-18,SE
SE260618P00095000,95.0,4.3,4.15,5.35,2.0,43.0,0.5325974475097657,False,PUT,2026-06-18,SE
SE260618P00100000,100.0,6.27,6.1,6.45,1.0,2157.0,0.5310105493164063,False,PUT,2026-06-18,SE
SE260618P00105000,105.0,6.75,7.8,8.1,1.0,160.0,0.5246629565429688,False,PUT,2026-06-18,SE
SE260618P00110000,110.0,7.7,9.6,10.4,11.0,384.0,0.5229539892578124,False,PUT,2026-06-18,SE
SE260618P00115000,115.0,9.5,11.75,12.5,11.0,114.0,0.5142870837402342,False,PUT,2026-06-18,SE
SE260618P00120000,120.0,14.0,14.2,15.0,1.0,1459.0,0.5090991473388673,False,PUT,2026-06-18,SE
SE260618P00125000,125.0,14.7,16.9,17.75,1.0,778.0,0.5038501763916017,True,PUT,2026-06-18,SE
SE260618P00130000,130.0,19.0,19.8,20.6,4.0,727.0,0.5087329400634766,True,PUT,2026-06-18,SE
SE260618P00135000,135.0,21.1,23.0,23.95,4.0,247.0,0.5086719055175781,True,PUT,2026-06-18,SE
SE260618P00140000,140.0,22.45,26.4,27.4,1.0,270.0,0.5048877636718749,True,PUT,2026-06-18,SE
SE260618P00145000,145.0,26.95,28.9,31.25,5.0,204.0,0.5084888018798828,True,PUT,2026-06-18,SE
SE260618P00150000,150.0,34.6,33.5,35.0,20.0,503.0,0.5023243127441408,True,PUT,2026-06-18,SE
SE260618P00155000,155.0,35.22,37.15,39.1,7.0,280.0,0.503483969116211,True,PUT,2026-06-18,SE
SE260821C00090000,90.0,46.05,38.25,41.1,20.0,11.0,0.6595493029785158,True,CALL,2026-08-21,SE
SE260821C00100000,100.0,40.85,31.4,34.25,,1.0,0.6296423754882813,True,CALL,2026-08-21,SE
SE260821C00110000,110.0,29.6,25.35,27.45,1.0,1.0,0.5944864770507813,True,CALL,2026-08-21,SE
SE260821C00120000,120.0,26.65,20.6,22.75,2.0,11.0,0.5903971624755859,True,CALL,2026-08-21,SE
SE260821C00125000,125.0,19.65,18.4,20.4,4.0,143.0,0.5830730169677734,False,CALL,2026-08-21,SE
SE260821C00130000,130.0,21.45,16.5,18.05,3.0,210.0,0.5752605950927734,False,CALL,2026-08-21,SE
SE260821C00135000,135.0,19.2,14.6,16.8,21.0,29.0,0.57812921875,False,CALL,2026-08-21,SE
SE260821C00140000,140.0,14.67,13.0,15.6,8.0,15.0,0.5816692224121094,False,CALL,2026-08-21,SE
SE260821C00145000,145.0,15.5,11.1,13.7,10.0,183.0,0.5672040350341796,False,CALL,2026-08-21,SE
SE260821C00150000,150.0,11.82,9.8,11.9,2.0,208.0,0.5585371295166017,False,CALL,2026-08-21,SE
SE260821C00155000,155.0,10.12,9.3,10.95,1.0,45.0,0.5701947277832031,False,CALL,2026-08-21,SE
SE260821P00085000,85.0,3.08,3.35,4.75,5.0,10.0,0.5295457202148439,False,PUT,2026-08-21,SE
SE260821P00090000,90.0,4.9,4.1,6.3,2.0,1.0,0.521367091064453,False,PUT,2026-08-21,SE
SE260821P00095000,95.0,6.44,5.55,7.7,,1.0,0.5164843273925781,False,PUT,2026-08-21,SE
SE260821P00100000,100.0,7.85,6.7,8.9,7.0,31.0,0.5336350347900392,False,PUT,2026-08-21,SE
SE260821P00105000,105.0,9.44,8.6,11.1,2.0,15.0,0.5378464184570313,False,PUT,2026-08-21,SE
SE260821P00110000,110.0,12.3,10.6,12.7,191.0,220.0,0.5161791546630858,False,PUT,2026-08-21,SE
SE260821P00115000,115.0,15.0,12.9,15.35,1.0,9.0,0.5204515728759764,False,PUT,2026-08-21,SE
SE260821P00120000,120.0,15.89,16.35,18.0,2.0,125.0,0.5181322601318359,False,PUT,2026-08-21,SE
SE260821P00125000,125.0,17.85,18.45,20.3,8.0,101.0,0.5003101727294923,True,PUT,2026-08-21,SE
SE260821P00130000,130.0,20.6,21.25,23.65,7.0,214.0,0.5062305236816407,True,PUT,2026-08-21,SE
SE260821P00135000,135.0,23.75,24.25,26.5,3.0,8.0,0.49310809631347663,True,PUT,2026-08-21,SE
SE260821P00140000,140.0,24.9,27.55,30.2,7.0,16.0,0.49860120544433595,True,PUT,2026-08-21,SE
SE260821P00150000,150.0,31.25,34.8,37.35,2.0,0.0,0.4888967126464845,True,PUT,2026-08-21,SE
SE260821P00155000,155.0,28.75,38.6,40.9,8.0,34.0,0.47614049255371094,True,PUT,2026-08-21,SE
SE260918C00085000,85.0,57.13,65.3,68.05,1.0,8.0,1.5144677597045897,True,CALL,2026-09-18,SE
SE260918C00090000,90.0,76.75,53.9,56.85,4.0,4.0,1.1729777679443358,True,CALL,2026-09-18,SE
SE260918C00095000,95.0,40.0,35.4,38.5,5.0,8.0,0.6309241009521485,True,CALL,2026-09-18,SE
SE260918C00100000,100.0,35.18,32.65,35.25,2.0,19.0,0.6262854754638674,True,CALL,2026-09-18,SE
SE260918C00105000,105.0,37.5,29.6,31.1,2.0,8.0,0.5983926879882813,True,CALL,2026-09-18,SE
SE260918C00110000,110.0,43.0,26.75,29.25,2.0,4.0,0.6032754516601564,True,CALL,2026-09-18,SE
SE260918C00115000,115.0,25.9,23.95,26.25,2.0,11.0,0.5874675042724609,True,CALL,2026-09-18,SE
SE260918C00120000,120.0,23.25,21.75,23.9,1.0,23.0,0.5844768115234374,True,CALL,2026-09-18,SE
SE260918C00125000,125.0,20.5,19.45,22.15,1.0,98.0,0.5836223278808592,False,CALL,2026-09-18,SE
SE260918C00130000,130.0,18.35,17.75,18.9,1.0,49.0,0.5668378277587891,False,CALL,2026-09-18,SE
SE260918C00135000,135.0,19.06,15.9,18.35,2.0,284.0,0.5792278405761719,False,CALL,2026-09-18,SE
SE260918C00140000,140.0,16.15,13.7,16.3,1.0,78.0,0.5638471350097658,False,CALL,2026-09-18,SE
SE260918C00145000,145.0,15.55,12.8,14.85,2.0,38.0,0.5696454168701173,False,CALL,2026-09-18,SE
SE260918C00150000,150.0,13.2,11.45,13.85,2.0,111.0,0.5722088677978516,False,CALL,2026-09-18,SE
SE260918C00155000,155.0,11.7,10.3,12.3,1.0,100.0,0.5670819659423829,False,CALL,2026-09-18,SE
SE260918P00085000,85.0,4.58,3.8,4.9,4.0,8.0,0.5106250109863282,False,PUT,2026-09-18,SE
SE260918P00090000,90.0,4.73,5.0,6.3,2.0,52.0,0.5073291455078125,False,PUT,2026-09-18,SE
SE260918P00095000,95.0,7.65,6.55,7.7,1.0,18.0,0.5025074163818359,False,PUT,2026-09-18,SE
SE260918P00100000,100.0,9.05,8.75,9.35,18.0,493.0,0.5054370745849608,False,PUT,2026-09-18,SE
SE260918P00105000,105.0,10.46,10.0,11.25,2.0,36.0,0.5090381127929688,False,PUT,2026-09-18,SE
SE260918P00110000,110.0,7.8,11.45,13.4,2.0,495.0,0.504185866394043,False,PUT,2026-09-18,SE
SE260918P00115000,115.0,15.0,13.7,15.75,16.0,829.0,0.4991199990844727,False,PUT,2026-09-18,SE
SE260918P00120000,120.0,17.65,17.5,18.25,355.0,271.0,0.4926198199462891,False,PUT,2026-09-18,SE
SE260918P00125000,125.0,18.45,18.85,20.8,2.0,356.0,0.4823049816894531,True,PUT,2026-09-18,SE
SE260918P00130000,130.0,22.65,21.8,24.05,15.0,169.0,0.4852346398925781,True,PUT,2026-09-18,SE
SE260918P00135000,135.0,27.02,24.85,26.85,3.0,174.0,0.47162393615722653,True,PUT,2026-09-18,SE
SE260918P00140000,140.0,25.55,29.4,30.6,76.0,1427.0,0.4782156671142578,True,PUT,2026-09-18,SE
SE260918P00145000,145.0,30.2,31.7,34.15,1.0,185.0,0.4754080780029296,True,PUT,2026-09-18,SE
SE260918P00150000,150.0,37.94,35.35,37.8,1.0,137.0,0.47116617706298825,True,PUT,2026-09-18,SE
SE260918P00155000,155.0,27.05,40.0,41.65,1.0,394.0,0.46857220886230466,True,PUT,2026-09-18,SE
SE261218C00085000,85.0,53.75,44.9,47.25,1.0,2.0,0.6291540991210938,True,CALL,2026-12-18,SE
SE261218C00090000,90.0,49.85,41.15,45.0,2.0,0.0,0.6290930645751953,True,CALL,2026-12-18,SE
SE261218C00095000,95.0,39.0,38.5,42.0,1.0,4.0,0.6287878918457033,True,CALL,2026-12-18,SE
SE261218C00100000,100.0,37.0,35.55,37.55,3.0,7.0,0.6005899316406251,True,CALL,2026-12-18,SE
SE261218C00105000,105.0,36.25,32.05,35.45,3.0,4.0,0.5935709588623048,True,CALL,2026-12-18,SE
SE261218C00110000,110.0,31.5,29.85,33.5,1.0,6.0,0.600712000732422,True,CALL,2026-12-18,SE
SE261218C00115000,115.0,29.45,27.0,30.45,3.0,20.0,0.5830119824218749,True,CALL,2026-12-18,SE
SE261218C00120000,120.0,28.22,26.1,28.5,1.0,24.0,0.5977213079833985,True,CALL,2026-12-18,SE
SE261218C00125000,125.0,26.5,23.9,26.1,3.0,10.0,0.5889018161010743,False,CALL,2026-12-18,SE
SE261218C00130000,130.0,26.6,21.5,23.05,4.0,76.0,0.5679059323120117,False,CALL,2026-12-18,SE
SE261218C00135000,135.0,20.68,18.9,22.3,1.0,8.0,0.5675397250366211,False,CALL,2026-12-18,SE
SE261218C00140000,140.0,20.25,17.5,21.0,2.0,16.0,0.5715985223388673,False,CALL,2026-12-18,SE
SE261218C00145000,145.0,19.45,16.25,19.05,1.0,31.0,0.567661794128418,False,CALL,2026-12-18,SE
SE261218C00150000,150.0,18.93,14.8,18.0,1.0,73.0,0.5690350714111327,False,CALL,2026-12-18,SE
SE261218C00155000,155.0,15.85,13.35,16.45,1.0,93.0,0.562626444091797,False,CALL,2026-12-18,SE
SE261218P00085000,85.0,6.5,5.25,8.1,17.0,20.0,0.5186205364990235,False,PUT,2026-12-18,SE
SE261218P00090000,90.0,8.2,6.65,9.4,1.0,3.0,0.5080615600585938,False,PUT,2026-12-18,SE
SE261218P00095000,95.0,10.0,8.15,10.25,1.0,27.0,0.5184984674072266,False,PUT,2026-12-18,SE
SE261218P00100000,100.0,10.65,9.8,12.25,2.0,42.0,0.5157519128417969,False,PUT,2026-12-18,SE
SE261218P00105000,105.0,10.05,11.75,14.2,5.0,25.0,0.5068713864135742,False,PUT,2026-12-18,SE
SE261218P00110000,110.0,15.0,13.85,17.25,1.0,50.0,0.5207567456054687,False,PUT,2026-12-18,SE
SE261218P00115000,115.0,18.2,16.75,20.0,11.0,30.0,0.5222215747070311,False,PUT,2026-12-18,SE
SE261218P00120000,120.0,20.5,18.7,21.0,2.0,2955.0,0.47986359985351557,False,PUT,2026-12-18,SE
SE261218P00125000,125.0,21.6,22.6,24.4,1.0,23.0,0.4888967126464845,True,PUT,2026-12-18,SE
SE261218P00130000,130.0,24.35,24.5,27.55,4.0,4.0,0.4885305053710938,True,PUT,2026-12-18,SE
SE261218P00135000,135.0,27.75,28.35,30.0,2.0,9.0,0.46936565795898444,True,PUT,2026-12-18,SE
SE261218P00140000,140.0,26.4,30.55,34.0,2.0,21.0,0.48102325622558595,True,PUT,2026-12-18,SE
SE261218P00145000,145.0,33.88,34.05,37.1,1.0,110.0,0.4698234170532227,True,PUT,2026-12-18,SE
SE261218P00155000,155.0,40.64,41.5,44.5,1.0,12.0,0.465398412475586,True,PUT,2026-12-18,SE
SE270115C00085000,85.0,60.5,45.45,49.0,1.0,11.0,0.6394689373779296,True,CALL,2027-01-15,SE
SE270115C00087500,87.5,48.45,44.15,46.75,2.0,8.0,0.6304968591308593,True,CALL,2027-01-15,SE
SE270115C00090000,90.0,50.0,42.5,45.25,1.0,31.0,0.6266516827392579,True,CALL,2027-01-15,SE
SE270115C00092500,92.5,49.9,40.35,43.75,2.0,12.0,0.6148720153808593,True,CALL,2027-01-15,SE
SE270115C00095000,95.0,40.0,38.55,42.5,1.0,39.0,0.6107216662597659,True,CALL,2027-01-15,SE
SE270115C00097500,97.5,42.35,37.5,41.0,1.0,12.0,0.6122475299072268,True,CALL,2027-01-15,SE
SE270115C00100000,100.0,37.5,35.55,39.5,1.0,353.0,0.6010782080078126,True,CALL,2027-01-15,SE
SE270115C00105000,105.0,35.2,34.5,35.35,1.0,121.0,0.5980875152587892,True,CALL,2027-01-15,SE
SE270115C00110000,110.0,32.25,31.0,34.0,1.0,150.0,0.5956156161499023,True,CALL,2027-01-15,SE
SE270115C00115000,115.0,33.45,28.8,30.15,1.0,102.0,0.5762981823730469,True,CALL,2027-01-15,SE
SE270115C00120000,120.0,28.44,26.6,28.95,2.0,198.0,0.5839275006103515,True,CALL,2027-01-15,SE
SE270115C00125000,125.0,25.1,24.25,25.95,21.0,115.0,0.5671430004882813,False,CALL,2027-01-15,SE
SE270115C00130000,130.0,23.66,21.5,25.25,1.0,244.0,0.5682721395874023,False,CALL,2027-01-15,SE
SE270115C00135000,135.0,22.52,20.15,23.4,2.0,136.0,0.569340244140625,False,CALL,2027-01-15,SE
SE270115C00140000,140.0,20.41,18.65,22.0,1.0,386.0,0.5710492114257812,False,CALL,2027-01-15,SE
SE270115C00145000,145.0,18.5,17.7,20.25,1.0,48.0,0.5725750750732423,False,CALL,2027-01-15,SE
SE270115C00150000,150.0,17.2,16.3,17.2,3.0,568.0,0.5533797103881836,False,CALL,2027-01-15,SE
SE270115C00155000,155.0,18.8,13.75,16.65,2.0,105.0,0.5462386685180666,False,CALL,2027-01-15,SE
SE270115P00085000,85.0,7.05,5.55,8.45,2.0,9.0,0.5084888018798828,False,PUT,2027-01-15,SE
SE270115P00087500,87.5,8.2,6.25,9.1,1.0,16.0,0.503483969116211,False,PUT,2027-01-15,SE
SE270115P00090000,90.0,7.95,7.0,9.55,1.0,90.0,0.5333298620605469,False,PUT,2027-01-15,SE
SE270115P00092500,92.5,8.3,8.2,10.6,1.0,31.0,0.5010425872802735,False,PUT,2027-01-15,SE
SE270115P00095000,95.0,9.43,9.35,11.3,1.0,54.0,0.5264329583740235,False,PUT,2027-01-15,SE
SE270115P00097500,97.5,10.51,10.35,12.25,2.0,43.0,0.5233812310791015,False,PUT,2027-01-15,SE
SE270115P00100000,100.0,11.42,10.7,12.9,5.0,308.0,0.5115405291748047,False,PUT,2027-01-15,SE
SE270115P00105000,105.0,14.0,12.85,14.85,7.0,386.0,0.5021412091064454,False,PUT,2027-01-15,SE
SE270115P00110000,110.0,14.57,14.0,16.75,1.0,538.0,0.4879811944580079,False,PUT,2027-01-15,SE
SE270115P00115000,115.0,17.93,17.15,19.0,1.0,82.0,0.4786123916625976,False,PUT,2027-01-15,SE
SE270115P00120000,120.0,20.02,19.35,22.4,2.0,467.0,0.49088033538818365,False,PUT,2027-01-15,SE
SE270115P00125000,125.0,22.91,22.0,25.0,1.0,586.0,0.48187773986816407,True,PUT,2027-01-15,SE
SE270115P00130000,130.0,23.55,25.0,27.55,5.0,159.0,0.46869427795410157,True,PUT,2027-01-15,SE
SE270115P00135000,135.0,26.2,28.1,31.4,1.0,96.0,0.4798025653076171,True,PUT,2027-01-15,SE
SE270115P00140000,140.0,32.78,31.0,34.7,1.0,248.0,0.47632359619140624,True,PUT,2027-01-15,SE
SE270115P00145000,145.0,37.5,34.5,36.9,10.0,73.0,0.44647770324707037,True,PUT,2027-01-15,SE
SE270115P00150000,150.0,40.73,38.0,41.45,1.0,123.0,0.46411668701171876,True,PUT,2027-01-15,SE
SE270115P00155000,155.0,38.46,42.0,45.0,1.0,75.0,0.4576775424194337,True,PUT,2027-01-15,SE
SE280121C00085000,85.0,56.0,53.55,57.5,1.0,17.0,0.6214637463378907,True,CALL,2028-01-21,SE
SE280121C00090000,90.0,58.05,52.1,55.0,1.0,22.0,0.6293372027587891,True,CALL,2028-01-21,SE
SE280121C00095000,95.0,53.25,48.95,52.0,1.0,7.0,0.6131935653686525,True,CALL,2028-01-21,SE
SE280121C00100000,100.0,54.0,45.5,49.15,201.0,247.0,0.5948832015991211,True,CALL,2028-01-21,SE
SE280121C00105000,105.0,43.6,43.0,47.5,1.0,4.0,0.594730615234375,True,CALL,2028-01-21,SE
SE280121C00110000,110.0,44.7,40.5,44.6,1.0,5.0,0.5821574987792968,True,CALL,2028-01-21,SE
SE280121C00115000,115.0,39.25,39.5,41.75,2.0,1.0,0.5813030151367188,True,CALL,2028-01-21,SE
SE280121C00120000,120.0,39.79,37.9,41.0,2.0,145.0,0.5909769906616212,True,CALL,2028-01-21,SE
SE280121C00125000,125.0,39.25,35.5,39.0,2.0,63.0,0.582584740600586,False,CALL,2028-01-21,SE
SE280121C00130000,130.0,35.25,34.0,36.55,2.0,79.0,0.5766643896484375,False,CALL,2028-01-21,SE
SE280121C00135000,135.0,42.0,32.0,35.5,1.0,24.0,0.5764812860107422,False,CALL,2028-01-21,SE
SE280121C00140000,140.0,33.5,30.65,34.0,11.0,100.0,0.5766338723754882,False,CALL,2028-01-21,SE
SE280121C00145000,145.0,32.25,29.0,32.0,1.0,21.0,0.5697064514160157,False,CALL,2028-01-21,SE
SE280121C00150000,150.0,28.53,28.2,31.0,5.0,171.0,0.5755962850952149,False,CALL,2028-01-21,SE
SE280121C00155000,155.0,26.5,26.0,29.5,1.0,56.0,0.5663800686645508,False,CALL,2028-01-21,SE
SE280121P00085000,85.0,12.09,10.15,14.05,12.0,8.0,0.5093432855224609,False,PUT,2028-01-21,SE
SE280121P00090000,90.0,13.37,12.0,15.25,4.0,17.0,0.48730981445312505,False,PUT,2028-01-21,SE
SE280121P00095000,95.0,15.37,14.0,16.75,5.0,119.0,0.47046427978515626,False,PUT,2028-01-21,SE
SE280121P00100000,100.0,17.05,17.0,19.5,3.0,9.0,0.47482824981689453,False,PUT,2028-01-21,SE
SE280121P00105000,105.0,19.05,18.5,21.35,12.0,13.0,0.4608818560791016,False,PUT,2028-01-21,SE
SE280121P00110000,110.0,23.15,21.7,25.0,2.0,22.0,0.4752554916381836,False,PUT,2028-01-21,SE
SE280121P00115000,115.0,25.52,24.0,26.55,5.0,106.0,0.4530389169311524,False,PUT,2028-01-21,SE
SE280121P00120000,120.0,26.9,26.5,30.5,4.0,112.0,0.4673210006713867,False,PUT,2028-01-21,SE
SE280121P00125000,125.0,28.45,30.75,32.4,2.0,19.0,0.4478509805297851,True,PUT,2028-01-21,SE
SE280121P00130000,130.0,33.25,32.5,35.4,3.0,9.0,0.443792183227539,True,PUT,2028-01-21,SE
SE280121P00135000,135.0,39.41,35.5,39.0,1.0,16.0,0.4470880487060547,True,PUT,2028-01-21,SE
SE280121P00140000,140.0,40.59,39.75,42.5,1.0,22.0,0.4473321868896484,True,PUT,2028-01-21,SE
SE280121P00145000,145.0,43.87,43.1,44.7,2.0,4.0,0.4270076831054688,True,PUT,2028-01-21,SE
SE280121P00150000,150.0,47.5,45.75,48.4,1.0,4.0,0.4274044076538086,True,PUT,2028-01-21,SE
SE280121P00155000,155.0,36.26,41.15,43.55,1.0,1.0,0.2968515139770508,True,PUT,2028-01-21,SE
SHOP260130C00100000,100.0,38.15,40.0,43.85,4.0,2.0,3.3857437231445306,True,CALL,2026-01-30,SHOP
SHOP260130C00105000,105.0,43.73,35.05,38.9,1.0,9.0,3.0459008227539064,True,CALL,2026-01-30,SHOP
SHOP260130C00110000,110.0,28.15,30.15,33.95,2.0,3.0,2.7119172827148432,True,CALL,2026-01-30,SHOP
SHOP260130C00115000,115.0,22.36,25.4,28.95,1.0,52.0,2.3525431811523427,True,CALL,2026-01-30,SHOP
SHOP260130C00120000,120.0,18.0,20.4,22.9,4.0,130.0,1.1640666796875,True,CALL,2026-01-30,SHOP
SHOP260130C00124000,124.0,17.0,16.4,18.85,8.0,25.0,0.8632826171875,True,CALL,2026-01-30,SHOP
SHOP260130C00125000,125.0,13.55,15.4,17.7,23.0,49.0,1.0000000000000003e-05,True,CALL,2026-01-30,SHOP
SHOP260130C00130000,130.0,13.0,10.6,13.05,7.0,75.0,0.8388687988281249,True,CALL,2026-01-30,SHOP
SHOP260130C00131000,131.0,10.0,9.45,11.9,4.0,2.0,0.6445348046875,True,CALL,2026-01-30,SHOP
SHOP260130C00132000,132.0,7.77,8.65,10.85,3.0,142.0,0.5195360546875,True,CALL,2026-01-30,SHOP
SHOP260130C00133000,133.0,7.01,7.5,9.8,98.0,49.0,1.0000000000000003e-05,True,CALL,2026-01-30,SHOP
SHOP260130C00134000,134.0,7.49,6.55,8.85,158.0,257.0,0.43555251953125,True,CALL,2026-01-30,SHOP
SHOP260130C00135000,135.0,7.75,6.85,8.15,112.0,414.0,0.6210975390625001,True,CALL,2026-01-30,SHOP
SHOP260130C00136000,136.0,3.97,6.05,7.2,2.0,165.0,0.584965087890625,True,CALL,2026-01-30,SHOP
SHOP260130C00137000,137.0,5.4,5.1,6.7,29.0,346.0,0.7070341796875,True,CALL,2026-01-30,SHOP
SHOP260130C00138000,138.0,4.61,3.9,5.15,98.0,285.0,0.43848217773437503,True,CALL,2026-01-30,SHOP
SHOP260130C00139000,139.0,3.98,3.5,4.15,93.0,158.0,0.37402969726562496,True,CALL,2026-01-30,SHOP
SHOP260130C00140000,140.0,3.08,2.8,3.2,510.0,994.0,0.32520206054687495,True,CALL,2026-01-30,SHOP
SHOP260130C00141000,141.0,2.2,2.11,2.78,115.0,340.0,0.41211525390625,True,CALL,2026-01-30,SHOP
SHOP260130C00142000,142.0,1.77,1.61,1.93,469.0,511.0,0.3544986425781249,True,CALL,2026-01-30,SHOP
SHOP260130C00143000,143.0,1.31,1.22,1.62,315.0,955.0,0.4062559375,False,CALL,2026-01-30,SHOP
SHOP260130C00144000,144.0,1.12,0.85,1.18,335.0,1073.0,0.40381455566406255,False,CALL,2026-01-30,SHOP
SHOP260130C00145000,145.0,0.6,0.6,0.6,459.0,1123.0,0.33838552246093745,False,CALL,2026-01-30,SHOP
SHOP260130C00146000,146.0,0.45,0.36,0.6,547.0,741.0,0.411138701171875,False,CALL,2026-01-30,SHOP
SHOP260130C00147000,147.0,0.31,0.23,0.41,82.0,227.0,0.41358008300781246,False,CALL,2026-01-30,SHOP
SHOP260130C00148000,148.0,0.21,0.15,0.26,163.0,448.0,0.4101621484375,False,CALL,2026-01-30,SHOP
SHOP260130C00149000,149.0,0.11,0.03,0.19,67.0,169.0,0.42578699218750005,False,CALL,2026-01-30,SHOP
SHOP260130C00150000,150.0,0.07,0.05,0.1,158.0,1957.0,0.411138701171875,False,CALL,2026-01-30,SHOP
SHOP260130C00152500,152.5,0.04,0.01,0.17,49.0,433.0,0.507817421875,False,CALL,2026-01-30,SHOP
SHOP260130C00155000,155.0,0.02,0.01,0.04,34.0,494.0,0.500005,False,CALL,2026-01-30,SHOP
SHOP260130C00157500,157.5,0.01,0.01,0.02,2.0,458.0,0.5468795312500001,False,CALL,2026-01-30,SHOP
SHOP260130C00160000,160.0,0.01,0.0,0.02,101.0,797.0,0.5937540625000001,False,CALL,2026-01-30,SHOP
SHOP260130C00162500,162.5,0.02,0.0,0.05,14.0,185.0,0.73437765625,False,CALL,2026-01-30,SHOP
SHOP260130C00165000,165.0,0.01,0.0,0.04,5.0,521.0,0.789064609375,False,CALL,2026-01-30,SHOP
SHOP260130C00167500,167.5,0.01,0.01,0.03,16.0,675.0,0.85937640625,False,CALL,2026-01-30,SHOP
SHOP260130C00170000,170.0,0.01,0.0,0.01,5.0,501.0,0.8125018749999999,False,CALL,2026-01-30,SHOP
SHOP260130C00172500,172.5,0.03,0.0,0.09,5.0,184.0,1.1015669921875002,False,CALL,2026-01-30,SHOP
SHOP260130C00175000,175.0,0.11,0.0,0.09,17.0,172.0,1.171879140625,False,CALL,2026-01-30,SHOP
SHOP260130C00177500,177.5,0.1,0.0,0.1,15.0,59.0,1.26172244140625,False,CALL,2026-01-30,SHOP
SHOP260130C00180000,180.0,0.01,0.0,0.01,275.0,634.0,1.0625046875000002,False,CALL,2026-01-30,SHOP
SHOP260130C00182500,182.5,0.05,0.0,0.1,12.0,73.0,1.3984405078125,False,CALL,2026-01-30,SHOP
SHOP260130C00185000,185.0,0.02,0.0,0.09,1.0,144.0,1.4453152734375,False,CALL,2026-01-30,SHOP
SHOP260130P00100000,100.0,0.02,0.0,0.05,,3.0,1.859375703125,False,PUT,2026-01-30,SHOP
SHOP260130P00105000,105.0,0.01,0.0,1.66,1.0,10.0,2.8496122509765627,False,PUT,2026-01-30,SHOP
SHOP260130P00110000,110.0,0.04,0.0,0.05,1.0,19.0,1.40625296875,False,PUT,2026-01-30,SHOP
SHOP260130P00115000,115.0,0.01,0.0,1.22,21.0,122.0,2.004887800292969,False,PUT,2026-01-30,SHOP
SHOP260130P00120000,120.0,0.01,0.0,0.06,1.0,92.0,0.9960937890625,False,PUT,2026-01-30,SHOP
SHOP260130P00121000,121.0,0.14,0.0,0.06,2.0,1.0,0.9531254687499999,False,PUT,2026-01-30,SHOP
SHOP260130P00122000,122.0,0.11,0.0,0.06,6.0,8.0,0.914063359375,False,PUT,2026-01-30,SHOP
SHOP260130P00123000,123.0,0.25,0.0,0.07,112.0,57.0,0.8906260937499999,False,PUT,2026-01-30,SHOP
SHOP260130P00124000,124.0,0.07,0.0,0.07,118.0,33.0,0.8437515624999999,False,PUT,2026-01-30,SHOP
SHOP260130P00125000,125.0,0.01,0.0,0.04,76.0,224.0,0.7500025,False,PUT,2026-01-30,SHOP
SHOP260130P00126000,126.0,0.04,0.0,0.07,124.0,79.0,0.7617211328125001,False,PUT,2026-01-30,SHOP
SHOP260130P00127000,127.0,0.03,0.0,0.04,137.0,3041.0,0.6718782812500002,False,PUT,2026-01-30,SHOP
SHOP260130P00128000,128.0,0.06,0.01,0.07,10.0,84.0,0.6914093359375001,False,PUT,2026-01-30,SHOP
SHOP260130P00129000,129.0,0.08,0.04,0.07,18.0,100.0,0.6796907031250001,False,PUT,2026-01-30,SHOP
SHOP260130P00130000,130.0,0.1,0.04,0.09,242.0,945.0,0.6523472265625001,False,PUT,2026-01-30,SHOP
SHOP260130P00131000,131.0,0.07,0.05,0.3,57.0,3074.0,0.7324245507812499,False,PUT,2026-01-30,SHOP
SHOP260130P00132000,132.0,0.1,0.06,0.14,200.0,194.0,0.6074258007812501,False,PUT,2026-01-30,SHOP
SHOP260130P00133000,133.0,0.1,0.07,0.14,9.0,167.0,0.5644574804687501,False,PUT,2026-01-30,SHOP
SHOP260130P00134000,134.0,0.22,0.1,0.22,10.0,156.0,0.5644574804687501,False,PUT,2026-01-30,SHOP
SHOP260130P00135000,135.0,0.22,0.16,0.24,191.0,893.0,0.5400436621093752,False,PUT,2026-01-30,SHOP
SHOP260130P00136000,136.0,0.29,0.18,0.37,52.0,164.0,0.5273484765625001,False,PUT,2026-01-30,SHOP
SHOP260130P00137000,137.0,0.31,0.27,0.51,56.0,156.0,0.5224657128906249,False,PUT,2026-01-30,SHOP
SHOP260130P00138000,138.0,0.55,0.44,0.7,45.0,289.0,0.526371923828125,False,PUT,2026-01-30,SHOP
SHOP260130P00139000,139.0,0.79,0.75,0.75,84.0,102.0,0.5131884619140624,False,PUT,2026-01-30,SHOP
SHOP260130P00140000,140.0,0.95,0.85,1.1,230.0,462.0,0.5336960693359375,False,PUT,2026-01-30,SHOP
SHOP260130P00141000,141.0,1.49,1.12,1.56,9.0,17.0,0.506840869140625,False,PUT,2026-01-30,SHOP
SHOP260130P00142000,142.0,3.0,1.56,2.17,8.0,114.0,0.534184345703125,False,PUT,2026-01-30,SHOP
SHOP260130P00143000,143.0,2.22,2.01,2.58,1.0,493.0,0.5210008837890624,True,PUT,2026-01-30,SHOP
SHOP260130P00144000,144.0,6.27,2.61,3.6,28.0,364.0,0.5820354296875,True,PUT,2026-01-30,SHOP
SHOP260130P00145000,145.0,4.05,3.35,4.4,62.0,358.0,0.6206092626953126,True,PUT,2026-01-30,SHOP
SHOP260130P00146000,146.0,5.25,3.95,5.0,40.0,87.0,0.6030313134765627,True,PUT,2026-01-30,SHOP
SHOP260130P00147000,147.0,9.05,4.6,6.3,1.0,165.0,0.6738313867187502,True,PUT,2026-01-30,SHOP
SHOP260130P00148000,148.0,9.51,5.55,7.85,4.0,221.0,0.8178729150390623,True,PUT,2026-01-30,SHOP
SHOP260130P00149000,149.0,10.7,6.0,8.8,8.0,72.0,0.8027363476562499,True,PUT,2026-01-30,SHOP
SHOP260130P00150000,150.0,8.51,7.75,8.65,17.0,417.0,0.80664255859375,True,PUT,2026-01-30,SHOP
SHOP260130P00152500,152.5,10.5,9.5,12.15,4.0,92.0,1.0039112304687499,True,PUT,2026-01-30,SHOP
SHOP260130P00155000,155.0,13.61,12.2,13.75,6.0,84.0,1.0166064794921876,True,PUT,2026-01-30,SHOP
SHOP260130P00157500,157.5,20.9,14.65,16.3,16.0,3.0,1.1464886425781249,True,PUT,2026-01-30,SHOP
SHOP260130P00160000,160.0,22.67,17.2,19.65,4.0,0.0,1.4614284741210937,True,PUT,2026-01-30,SHOP
SHOP260130P00162500,162.5,23.12,19.45,21.3,11.0,0.0,1.3398470507812497,True,PUT,2026-01-30,SHOP
SHOP260130P00165000,165.0,25.25,21.95,25.05,78.0,4.0,1.7446301831054685,True,PUT,2026-01-30,SHOP
SHOP260130P00167500,167.5,26.9,23.5,27.5,20.0,0.0,1.6298846630859374,True,PUT,2026-01-30,SHOP
SHOP260130P00170000,170.0,31.1,26.1,29.95,1.0,2.0,1.7509778076171876,True,PUT,2026-01-30,SHOP
SHOP260130P00172500,172.5,16.5,28.5,32.4,2.0,0.0,1.8134774951171875,True,PUT,2026-01-30,SHOP
SHOP260130P00175000,175.0,16.76,31.0,34.9,4.0,0.0,1.9140629296875002,True,PUT,2026-01-30,SHOP
SHOP260130P00180000,180.0,24.8,36.05,40.05,1.0,0.0,2.1699264501953124,True,PUT,2026-01-30,SHOP
SHOP260130P00182500,182.5,24.7,38.5,42.4,1.0,0.0,2.2011763720703117,True,PUT,2026-01-30,SHOP
SHOP260130P00185000,185.0,27.08,41.0,44.9,1.0,0.0,2.291019897460937,True,PUT,2026-01-30,SHOP
SHOP260206C00100000,100.0,36.88,40.45,43.05,2.0,3.0,1.189457177734375,True,CALL,2026-02-06,SHOP
SHOP260206C00105000,105.0,32.55,35.45,38.05,10.0,6.0,1.0468797656250002,True,CALL,2026-02-06,SHOP
SHOP260206C00110000,110.0,55.95,30.45,33.55,4.0,3.0,1.1474652001953123,True,CALL,2026-02-06,SHOP
SHOP260206C00115000,115.0,42.96,25.55,28.1,1.0,3.0,0.80664255859375,True,CALL,2026-02-06,SHOP
SHOP260206C00120000,120.0,18.5,20.6,23.15,20.0,31.0,0.6972686523437501,True,CALL,2026-02-06,SHOP
SHOP260206C00125000,125.0,16.28,15.8,19.0,5.0,8.0,0.7885763330078125,True,CALL,2026-02-06,SHOP
SHOP260206C00130000,130.0,11.98,11.3,13.5,20.0,83.0,0.5200243310546875,True,CALL,2026-02-06,SHOP
SHOP260206C00131000,131.0,11.59,10.85,12.35,13.0,11.0,0.45508357421875,True,CALL,2026-02-06,SHOP
SHOP260206C00132000,132.0,10.03,10.2,11.9,15.0,2.0,0.5366257275390626,True,CALL,2026-02-06,SHOP
SHOP260206C00133000,133.0,10.23,9.85,11.2,3.0,6.0,0.5532271240234375,True,CALL,2026-02-06,SHOP
SHOP260206C00134000,134.0,6.55,8.5,10.3,27.0,44.0,0.53320779296875,True,CALL,2026-02-06,SHOP
SHOP260206C00135000,135.0,8.35,7.7,8.85,100.0,68.0,0.42627526855468756,True,CALL,2026-02-06,SHOP
SHOP260206C00136000,136.0,6.1,7.6,8.7,35.0,107.0,0.5153857055664062,True,CALL,2026-02-06,SHOP
SHOP260206C00137000,137.0,5.4,7.05,7.7,27.0,80.0,0.47559118164062497,True,CALL,2026-02-06,SHOP
SHOP260206C00138000,138.0,6.57,6.4,7.05,45.0,57.0,0.47949739257812496,True,CALL,2026-02-06,SHOP
SHOP260206C00139000,139.0,5.75,5.75,6.3,33.0,77.0,0.46655806884765627,True,CALL,2026-02-06,SHOP
SHOP260206C00140000,140.0,5.5,5.2,5.6,283.0,3909.0,0.4563042651367188,True,CALL,2026-02-06,SHOP
SHOP260206C00141000,141.0,4.55,4.55,5.0,16.0,16.0,0.45361874511718747,True,CALL,2026-02-06,SHOP
SHOP260206C00142000,142.0,4.05,4.25,4.7,29.0,33.0,0.4802298071289062,True,CALL,2026-02-06,SHOP
SHOP260206C00143000,143.0,3.9,3.75,4.1,28.0,49.0,0.4686332434082031,False,CALL,2026-02-06,SHOP
SHOP260206C00144000,144.0,3.44,3.2,3.7,134.0,168.0,0.4753470434570312,False,CALL,2026-02-06,SHOP
SHOP260206C00145000,145.0,3.15,2.93,3.15,230.0,404.0,0.46094289062500005,False,CALL,2026-02-06,SHOP
SHOP260206C00146000,146.0,2.29,2.2,2.8,44.0,263.0,0.46484910156250003,False,CALL,2026-02-06,SHOP
SHOP260206C00147000,147.0,2.38,1.93,2.54,50.0,169.0,0.47559118164062497,False,CALL,2026-02-06,SHOP
SHOP260206C00148000,148.0,2.0,1.55,2.17,15.0,88.0,0.46924358886718753,False,CALL,2026-02-06,SHOP
SHOP260206C00149000,149.0,1.3,1.4,1.95,13.0,65.0,0.4777884252929688,False,CALL,2026-02-06,SHOP
SHOP260206C00150000,150.0,1.38,1.32,1.5,304.0,1250.0,0.4514215014648438,False,CALL,2026-02-06,SHOP
SHOP260206C00152500,152.5,0.96,0.8,1.11,41.0,229.0,0.46924358886718753,False,CALL,2026-02-06,SHOP
SHOP260206C00155000,155.0,0.65,0.56,0.65,415.0,381.0,0.45215391601562505,False,CALL,2026-02-06,SHOP
SHOP260206C00157500,157.5,0.45,0.18,0.45,7.0,183.0,0.4633842724609375,False,CALL,2026-02-06,SHOP
SHOP260206C00160000,160.0,0.27,0.23,0.3,138.0,600.0,0.47070841796875,False,CALL,2026-02-06,SHOP
SHOP260206C00162500,162.5,0.12,0.1,0.36,1.0,174.0,0.5405319384765627,False,CALL,2026-02-06,SHOP
SHOP260206C00165000,165.0,0.12,0.06,0.2,10.0,213.0,0.523442265625,False,CALL,2026-02-06,SHOP
SHOP260206C00167500,167.5,0.08,0.0,0.76,1.0,49.0,0.6425816992187501,False,CALL,2026-02-06,SHOP
SHOP260206C00170000,170.0,0.05,0.05,0.06,1.0,265.0,0.5039112109375,False,CALL,2026-02-06,SHOP
SHOP260206C00172500,172.5,0.22,0.0,0.58,2.0,258.0,0.6953155468750001,False,CALL,2026-02-06,SHOP
SHOP260206C00175000,175.0,0.1,0.0,0.63,17.0,401.0,0.7480493945312501,False,CALL,2026-02-06,SHOP
SHOP260206C00177500,177.5,0.03,0.03,0.4,5.0,215.0,0.737307314453125,False,CALL,2026-02-06,SHOP
SHOP260206C00180000,180.0,0.02,0.02,0.35,25.0,139.0,0.75586181640625,False,CALL,2026-02-06,SHOP
SHOP260206C00182500,182.5,0.03,0.01,0.05,2.0,35.0,0.6210975390625001,False,CALL,2026-02-06,SHOP
SHOP260206C00185000,185.0,0.01,0.01,0.15,1.0,89.0,0.73437765625,False,CALL,2026-02-06,SHOP
SHOP260206P00100000,100.0,0.05,0.0,0.1,12.0,20.0,0.9492192578124999,False,PUT,2026-02-06,SHOP
SHOP260206P00115000,115.0,0.24,0.0,0.81,8.0,20.0,0.8632826171875,False,PUT,2026-02-06,SHOP
SHOP260206P00116000,116.0,0.44,0.0,2.17,1.0,1.0,1.0605515722656251,False,PUT,2026-02-06,SHOP
SHOP260206P00119000,119.0,0.15,0.0,0.81,35.0,40.0,0.7509790527343749,False,PUT,2026-02-06,SHOP
SHOP260206P00120000,120.0,0.2,0.07,0.43,7.0,107.0,0.6543003320312502,False,PUT,2026-02-06,SHOP
SHOP260206P00123000,123.0,0.1,0.15,0.72,11.0,56.0,0.6513706738281251,False,PUT,2026-02-06,SHOP
SHOP260206P00124000,124.0,0.5,0.17,0.49,112.0,88.0,0.585941640625,False,PUT,2026-02-06,SHOP
SHOP260206P00125000,125.0,0.41,0.25,0.72,123.0,165.0,0.6118202880859377,False,PUT,2026-02-06,SHOP
SHOP260206P00126000,126.0,0.6,0.36,0.97,63.0,80.0,0.6342810009765626,False,PUT,2026-02-06,SHOP
SHOP260206P00127000,127.0,0.67,0.43,1.1,121.0,35.0,0.6291540991210938,False,PUT,2026-02-06,SHOP
SHOP260206P00128000,128.0,0.7,0.48,0.82,149.0,88.0,0.5708050732421875,False,PUT,2026-02-06,SHOP
SHOP260206P00129000,129.0,0.79,0.58,0.98,4.0,84.0,0.5712933496093751,False,PUT,2026-02-06,SHOP
SHOP260206P00130000,130.0,0.97,0.7,1.14,14.0,571.0,0.569340244140625,False,PUT,2026-02-06,SHOP
SHOP260206P00131000,131.0,1.2,0.8,1.25,23.0,43.0,0.5576216113281252,False,PUT,2026-02-06,SHOP
SHOP260206P00132000,132.0,1.3,0.93,1.23,30.0,114.0,0.5346726220703125,False,PUT,2026-02-06,SHOP
SHOP260206P00133000,133.0,1.6,1.09,1.42,8.0,123.0,0.5310105493164063,False,PUT,2026-02-06,SHOP
SHOP260206P00134000,134.0,1.6,1.28,1.72,3.0,101.0,0.5346726220703125,False,PUT,2026-02-06,SHOP
SHOP260206P00135000,135.0,1.69,1.47,1.84,92.0,1010.0,0.5207567456054687,False,PUT,2026-02-06,SHOP
SHOP260206P00136000,136.0,2.0,1.75,2.0,6.0,36.0,0.5131884619140624,False,PUT,2026-02-06,SHOP
SHOP260206P00137000,137.0,2.24,2.0,2.39,31.0,160.0,0.51562984375,False,PUT,2026-02-06,SHOP
SHOP260206P00138000,138.0,4.0,2.19,2.85,2.0,108.0,0.514653291015625,False,PUT,2026-02-06,SHOP
SHOP260206P00139000,139.0,3.54,2.69,3.1,3.0,31.0,0.5153857055664062,False,PUT,2026-02-06,SHOP
SHOP260206P00140000,140.0,3.3,3.1,3.45,72.0,1198.0,0.5129443237304687,False,PUT,2026-02-06,SHOP
SHOP260206P00141000,141.0,5.22,3.55,4.1,2.0,10.0,0.5258836474609375,False,PUT,2026-02-06,SHOP
SHOP260206P00142000,142.0,4.14,4.0,4.4,4.0,65.0,0.5151415673828125,False,PUT,2026-02-06,SHOP
SHOP260206P00143000,143.0,7.0,4.35,4.9,59.0,84.0,0.5061084545898438,True,PUT,2026-02-06,SHOP
SHOP260206P00144000,144.0,5.32,4.85,5.4,43.0,6.0,0.5015918981933594,True,PUT,2026-02-06,SHOP
SHOP260206P00145000,145.0,7.38,5.4,6.1,13.0,279.0,0.5073291455078125,True,PUT,2026-02-06,SHOP
SHOP260206P00146000,146.0,6.59,6.0,6.7,1.0,32.0,0.5063525927734375,True,PUT,2026-02-06,SHOP
SHOP260206P00147000,147.0,9.6,6.6,7.45,3.0,14.0,0.5105029418945313,True,PUT,2026-02-06,SHOP
SHOP260206P00148000,148.0,9.52,7.35,8.3,6.0,30.0,0.5258836474609375,True,PUT,2026-02-06,SHOP
SHOP260206P00149000,149.0,8.28,8.0,8.9,1.0,60.0,0.5170946728515625,True,PUT,2026-02-06,SHOP
SHOP260206P00150000,150.0,11.29,8.75,10.2,34.0,577.0,0.5556685058593751,True,PUT,2026-02-06,SHOP
SHOP260206P00152500,152.5,14.64,10.7,13.1,29.0,555.0,0.6291540991210938,True,PUT,2026-02-06,SHOP
SHOP260206P00155000,155.0,19.36,12.9,15.25,3.0,292.0,0.6601596484375001,True,PUT,2026-02-06,SHOP
SHOP260206P00157500,157.5,20.82,14.75,17.65,2.0,127.0,0.6723665576171877,True,PUT,2026-02-06,SHOP
SHOP260206P00160000,160.0,19.74,17.45,19.85,1.0,185.0,0.7290066162109375,True,PUT,2026-02-06,SHOP
SHOP260206P00162500,162.5,24.82,19.6,22.25,1.0,176.0,0.7495142236328125,True,PUT,2026-02-06,SHOP
SHOP260206P00165000,165.0,27.21,22.1,24.7,52.0,74.0,0.8027363476562499,True,PUT,2026-02-06,SHOP
SHOP260206P00167500,167.5,18.0,24.4,26.4,73.0,10.0,0.7426783544921874,True,PUT,2026-02-06,SHOP
SHOP260206P00170000,170.0,31.4,26.75,29.65,1.0,0.0,0.868165380859375,True,PUT,2026-02-06,SHOP
SHOP260206P00172500,172.5,17.2,29.2,32.15,,0.0,0.913086806640625,True,PUT,2026-02-06,SHOP
SHOP260206P00175000,175.0,35.25,31.45,34.85,85.0,5.0,0.956055126953125,True,PUT,2026-02-06,SHOP
SHOP260206P00177500,177.5,22.45,33.75,37.4,1.0,0.0,0.9838868798828125,True,PUT,2026-02-06,SHOP
SHOP260206P00180000,180.0,16.8,36.1,39.9,,0.0,1.0083057397460937,True,PUT,2026-02-06,SHOP
SHOP260206P00182500,182.5,41.1,39.0,42.4,6.0,0.0,1.1088911743164065,True,PUT,2026-02-06,SHOP
SHOP260213C00100000,100.0,66.55,40.75,44.25,,1.0,1.2993199096679686,True,CALL,2026-02-13,SHOP
SHOP260213C00105000,105.0,33.45,35.9,39.0,10.0,12.0,1.1010787133789064,True,CALL,2026-02-13,SHOP
SHOP260213C00110000,110.0,59.4,31.15,34.55,,1.0,0.523442265625,True,CALL,2026-02-13,SHOP
SHOP260213C00115000,115.0,24.5,26.55,29.4,,1.0,0.5468795312500001,True,CALL,2026-02-13,SHOP
SHOP260213C00120000,120.0,18.53,22.2,24.55,2.0,3.0,0.585941640625,True,CALL,2026-02-13,SHOP
SHOP260213C00130000,130.0,10.88,14.95,16.45,64.0,90.0,0.6723665576171877,True,CALL,2026-02-13,SHOP
SHOP260213C00135000,135.0,13.0,11.9,13.25,11.0,207.0,0.6969024450683594,True,CALL,2026-02-13,SHOP
SHOP260213C00140000,140.0,9.9,9.75,10.25,97.0,318.0,0.7221707470703125,True,CALL,2026-02-13,SHOP
SHOP260213C00145000,145.0,7.45,7.4,8.0,73.0,573.0,0.7287624780273438,False,CALL,2026-02-13,SHOP
SHOP260213C00150000,150.0,5.65,5.45,6.05,87.0,422.0,0.727541787109375,False,CALL,2026-02-13,SHOP
SHOP260213C00152500,152.5,4.94,4.75,5.15,20.0,89.0,0.7287624780273438,False,CALL,2026-02-13,SHOP
SHOP260213C00155000,155.0,3.95,3.95,4.35,24.0,130.0,0.7211941943359376,False,CALL,2026-02-13,SHOP
SHOP260213C00157500,157.5,3.4,3.3,3.7,23.0,74.0,0.7189969506835938,False,CALL,2026-02-13,SHOP
SHOP260213C00160000,160.0,2.94,2.83,3.2,321.0,296.0,0.7253445434570311,False,CALL,2026-02-13,SHOP
SHOP260213C00162500,162.5,2.3,2.32,2.66,1.0,9.0,0.7199735034179688,False,CALL,2026-02-13,SHOP
SHOP260213C00165000,165.0,1.99,1.7,2.27,35.0,94.0,0.7077665942382813,False,CALL,2026-02-13,SHOP
SHOP260213C00167500,167.5,1.68,1.23,1.95,1.0,38.0,0.6999541723632813,False,CALL,2026-02-13,SHOP
SHOP260213C00170000,170.0,1.36,1.05,1.68,5.0,76.0,0.70898728515625,False,CALL,2026-02-13,SHOP
SHOP260213C00172500,172.5,1.21,0.85,1.5,1.0,25.0,0.7180203979492188,False,CALL,2026-02-13,SHOP
SHOP260213C00175000,175.0,0.96,0.86,1.15,25.0,64.0,0.725588681640625,False,CALL,2026-02-13,SHOP
SHOP260213C00177500,177.5,0.75,0.45,1.2,51.0,58.0,0.725588681640625,False,CALL,2026-02-13,SHOP
SHOP260213C00180000,180.0,0.76,0.68,0.95,10.0,257.0,0.7573266455078126,False,CALL,2026-02-13,SHOP
SHOP260213C00182500,182.5,1.15,0.34,0.72,1.0,10.0,0.7202176416015625,False,CALL,2026-02-13,SHOP
SHOP260213C00185000,185.0,0.44,0.17,0.7,10.0,66.0,0.7216824707031251,False,CALL,2026-02-13,SHOP
SHOP260213P00105000,105.0,0.38,0.01,0.76,,4.0,0.8564467480468749,False,PUT,2026-02-13,SHOP
SHOP260213P00110000,110.0,0.54,0.21,0.88,3.0,56.0,0.8027363476562499,False,PUT,2026-02-13,SHOP
SHOP260213P00115000,115.0,1.17,0.98,1.15,16.0,386.0,0.8159198095703124,False,PUT,2026-02-13,SHOP
SHOP260213P00120000,120.0,1.77,1.55,1.83,9.0,298.0,0.799806689453125,False,PUT,2026-02-13,SHOP
SHOP260213P00125000,125.0,2.63,2.36,2.57,9.0,5258.0,0.7697776928710938,False,PUT,2026-02-13,SHOP
SHOP260213P00130000,130.0,4.05,3.65,4.45,15.0,158.0,0.7956563403320311,False,PUT,2026-02-13,SHOP
SHOP260213P00135000,135.0,5.67,5.35,5.75,5.0,346.0,0.7695335546875001,False,PUT,2026-02-13,SHOP
SHOP260213P00140000,140.0,7.7,7.55,7.8,1267.0,958.0,0.76367423828125,False,PUT,2026-02-13,SHOP
SHOP260213P00145000,145.0,10.2,10.15,10.45,1466.0,140.0,0.7631859619140625,True,PUT,2026-02-13,SHOP
SHOP260213P00150000,150.0,13.61,13.15,14.2,9.0,122.0,0.7907735766601562,True,PUT,2026-02-13,SHOP
SHOP260213P00152500,152.5,17.36,14.7,15.85,8.0,58.0,0.7850363293457032,True,PUT,2026-02-13,SHOP
SHOP260213P00155000,155.0,19.65,16.3,17.2,1.0,63.0,0.7592797509765626,True,PUT,2026-02-13,SHOP
SHOP260213P00157500,157.5,20.81,18.15,19.2,1.0,18.0,0.7663597583007813,True,PUT,2026-02-13,SHOP
SHOP260213P00160000,160.0,24.45,19.7,21.6,4.0,58.0,0.77148666015625,True,PUT,2026-02-13,SHOP
SHOP260213P00162500,162.5,23.47,21.7,24.45,1.0,43.0,0.8173846386718748,True,PUT,2026-02-13,SHOP
SHOP260213P00165000,165.0,27.31,24.05,26.45,10.0,24.0,0.8334977587890623,True,PUT,2026-02-13,SHOP
SHOP260213P00167500,167.5,19.55,25.9,28.7,1.0,1.0,0.8303239624023437,True,PUT,2026-02-13,SHOP
SHOP260213P00170000,170.0,24.89,28.1,30.9,3.0,3.0,0.8391129370117187,True,PUT,2026-02-13,SHOP
SHOP260213P00172500,172.5,33.3,30.8,33.15,,0.0,0.8793957373046875,True,PUT,2026-02-13,SHOP
SHOP260213P00175000,175.0,26.48,32.95,35.2,40.0,0.0,0.8667005517578125,True,PUT,2026-02-13,SHOP
SHOP260213P00177500,177.5,28.48,35.3,37.8,1.0,0.0,0.9025888647460938,True,PUT,2026-02-13,SHOP
SHOP260213P00180000,180.0,42.67,37.3,40.2,39.0,0.0,0.8945323046874999,True,PUT,2026-02-13,SHOP
SHOP260213P00182500,182.5,26.77,40.15,42.75,1.0,0.0,0.9631351342773438,True,PUT,2026-02-13,SHOP
SHOP260213P00185000,185.0,48.23,42.05,44.95,1.0,1.0,0.9230964721679689,True,PUT,2026-02-13,SHOP
SHOP260220C00100000,100.0,40.6,41.2,43.8,1.0,106.0,0.9863282617187501,True,CALL,2026-02-20,SHOP
SHOP260220C00105000,105.0,34.05,36.2,39.3,25.0,104.0,0.9753420434570312,True,CALL,2026-02-20,SHOP
SHOP260220C00110000,110.0,31.0,31.7,34.0,6.0,130.0,0.8085956640624999,True,CALL,2026-02-20,SHOP
SHOP260220C00115000,115.0,24.43,27.05,29.45,4.0,43.0,0.5493209130859377,True,CALL,2026-02-20,SHOP
SHOP260220C00120000,120.0,19.48,22.75,24.8,3.0,75.0,0.5620160986328125,True,CALL,2026-02-20,SHOP
SHOP260220C00125000,125.0,17.4,18.8,20.8,32.0,98.0,0.5903361279296876,True,CALL,2026-02-20,SHOP
SHOP260220C00130000,130.0,16.45,16.3,17.0,8.0,164.0,0.6455113574218749,True,CALL,2026-02-20,SHOP
SHOP260220C00135000,135.0,14.05,13.4,13.9,281.0,1577.0,0.6640658593750002,True,CALL,2026-02-20,SHOP
SHOP260220C00140000,140.0,11.06,10.6,11.05,222.0,23448.0,0.661258270263672,True,CALL,2026-02-20,SHOP
SHOP260220C00145000,145.0,8.57,8.25,8.75,167.0,687.0,0.6638217211914064,False,CALL,2026-02-20,SHOP
SHOP260220C00146000,146.0,8.31,7.85,8.4,60.0,97.0,0.6671175866699222,False,CALL,2026-02-20,SHOP
SHOP260220C00147000,147.0,6.1,6.55,8.1,74.0,28.0,0.6395299719238281,False,CALL,2026-02-20,SHOP
SHOP260220C00148000,148.0,6.1,7.0,7.6,3.0,58.0,0.6651644812011721,False,CALL,2026-02-20,SHOP
SHOP260220C00149000,149.0,5.48,5.95,7.15,2.0,16.0,0.6385534191894531,False,CALL,2026-02-20,SHOP
SHOP260220C00150000,150.0,6.46,6.25,6.65,129.0,1121.0,0.6569858520507813,False,CALL,2026-02-20,SHOP
SHOP260220C00152500,152.5,5.5,5.35,5.9,1.0,180.0,0.6577182666015625,False,CALL,2026-02-20,SHOP
SHOP260220C00155000,155.0,4.95,4.7,5.15,19.0,787.0,0.6611362011718751,False,CALL,2026-02-20,SHOP
SHOP260220C00157500,157.5,3.53,3.7,4.45,2.0,75.0,0.64648791015625,False,CALL,2026-02-20,SHOP
SHOP260220C00160000,160.0,3.75,3.45,3.9,66.0,1833.0,0.6615024084472658,False,CALL,2026-02-20,SHOP
SHOP260220C00162500,162.5,2.95,2.74,3.3,2.0,91.0,0.649417568359375,False,CALL,2026-02-20,SHOP
SHOP260220C00165000,165.0,2.65,2.5,2.77,150.0,1303.0,0.6552768847656252,False,CALL,2026-02-20,SHOP
SHOP260220C00167500,167.5,2.19,1.43,2.41,1.0,48.0,0.6210975390625001,False,CALL,2026-02-20,SHOP
SHOP260220C00170000,170.0,1.92,1.77,2.05,57.0,2749.0,0.6564975756835938,False,CALL,2026-02-20,SHOP
SHOP260220C00172500,172.5,1.7,0.9,1.94,1.0,178.0,0.631839619140625,False,CALL,2026-02-20,SHOP
SHOP260220C00175000,175.0,1.42,1.21,1.48,25.0,1796.0,0.6543003320312502,False,CALL,2026-02-20,SHOP
SHOP260220C00177500,177.5,0.92,0.75,1.46,4.0,14.0,0.6506382592773439,False,CALL,2026-02-20,SHOP
SHOP260220C00180000,180.0,0.97,0.85,1.1,7.0,933.0,0.6594272338867189,False,CALL,2026-02-20,SHOP
SHOP260220C00185000,185.0,0.7,0.6,0.8,7.0,2711.0,0.6635775830078127,False,CALL,2026-02-20,SHOP
SHOP260220P00100000,100.0,0.4,0.35,0.4,7.0,223.0,0.804689453125,False,PUT,2026-02-20,SHOP
SHOP260220P00105000,105.0,0.55,0.5,0.88,22.0,325.0,0.805666005859375,False,PUT,2026-02-20,SHOP
SHOP260220P00110000,110.0,1.16,0.87,1.13,2.0,644.0,0.7727073510742188,False,PUT,2026-02-20,SHOP
SHOP260220P00115000,115.0,1.45,1.35,1.57,27.0,10890.0,0.745119736328125,False,PUT,2026-02-20,SHOP
SHOP260220P00120000,120.0,2.25,1.99,2.23,65.0,3678.0,0.7199735034179688,False,PUT,2026-02-20,SHOP
SHOP260220P00125000,125.0,3.22,3.0,3.3,86.0,1479.0,0.711916943359375,False,PUT,2026-02-20,SHOP
SHOP260220P00130000,130.0,4.55,4.35,4.7,85.0,2630.0,0.7043486596679689,False,PUT,2026-02-20,SHOP
SHOP260220P00135000,135.0,6.6,6.05,6.45,100.0,1717.0,0.6953155468750001,False,PUT,2026-02-20,SHOP
SHOP260220P00140000,140.0,8.45,8.35,8.65,1262.0,3131.0,0.6959258923339844,False,PUT,2026-02-20,SHOP
SHOP260220P00145000,145.0,10.97,10.95,11.25,1450.0,1070.0,0.6925079577636719,True,PUT,2026-02-20,SHOP
SHOP260220P00146000,146.0,11.9,11.2,12.2,40.0,13.0,0.6940948559570312,True,PUT,2026-02-20,SHOP
SHOP260220P00147000,147.0,15.66,11.9,12.45,1.0,77.0,0.6859162268066408,True,PUT,2026-02-20,SHOP
SHOP260220P00148000,148.0,15.05,12.5,14.8,,77.0,0.7468287036132812,True,PUT,2026-02-20,SHOP
SHOP260220P00149000,149.0,15.66,12.95,14.7,1.0,2.0,0.7155790161132812,True,PUT,2026-02-20,SHOP
SHOP260220P00150000,150.0,14.18,13.7,14.9,10.0,1028.0,0.7041045214843751,True,PUT,2026-02-20,SHOP
SHOP260220P00152500,152.5,15.55,15.3,16.05,3.0,25.0,0.6840851904296876,True,PUT,2026-02-20,SHOP
SHOP260220P00155000,155.0,17.8,17.1,18.2,2.0,1445.0,0.7016631396484375,True,PUT,2026-02-20,SHOP
SHOP260220P00157500,157.5,23.57,18.85,20.2,8.0,66.0,0.7064238342285156,True,PUT,2026-02-20,SHOP
SHOP260220P00160000,160.0,22.14,20.8,21.55,4.0,528.0,0.6872589868164063,True,PUT,2026-02-20,SHOP
SHOP260220P00162500,162.5,27.5,22.65,25.05,1.0,3.0,0.7479273254394532,True,PUT,2026-02-20,SHOP
SHOP260220P00165000,165.0,28.65,24.45,27.05,15.0,496.0,0.7403590417480468,True,PUT,2026-02-20,SHOP
SHOP260220P00167500,167.5,30.51,26.55,29.2,,4.0,0.7475611181640626,True,PUT,2026-02-20,SHOP
SHOP260220P00170000,170.0,32.0,28.95,30.3,1.0,776.0,0.7128934960937501,True,PUT,2026-02-20,SHOP
SHOP260220P00175000,175.0,36.15,33.3,35.65,6.0,3279.0,0.7685570019531252,True,PUT,2026-02-20,SHOP
SHOP260220P00180000,180.0,43.1,37.45,40.35,1.0,159.0,0.7658714819335939,True,PUT,2026-02-20,SHOP
SHOP260220P00185000,185.0,48.52,42.2,45.1,2.0,223.0,0.7919942675781251,True,PUT,2026-02-20,SHOP
SHOP260227C00105000,105.0,43.8,36.35,39.15,1.0,1.0,0.8295915478515624,True,CALL,2026-02-27,SHOP
SHOP260227C00115000,115.0,24.24,27.35,30.25,1.0,1.0,0.5842326733398437,True,CALL,2026-02-27,SHOP
SHOP260227C00125000,125.0,18.0,19.25,21.5,2.0,2.0,0.5712933496093751,True,CALL,2026-02-27,SHOP
SHOP260227C00130000,130.0,15.75,16.0,17.7,4.0,5.0,0.5803264624023439,True,CALL,2026-02-27,SHOP
SHOP260227C00135000,135.0,12.9,13.9,14.85,10.0,27.0,0.6296423754882813,True,CALL,2026-02-27,SHOP
SHOP260227C00140000,140.0,11.7,11.4,11.85,99.0,159.0,0.6289099609375001,True,CALL,2026-02-27,SHOP
SHOP260227C00145000,145.0,8.71,8.95,9.75,36.0,109.0,0.6333044482421876,False,CALL,2026-02-27,SHOP
SHOP260227C00150000,150.0,7.0,6.95,7.65,67.0,105.0,0.6284216845703126,False,CALL,2026-02-27,SHOP
SHOP260227C00155000,155.0,5.52,5.4,5.8,17.0,56.0,0.6235389208984375,False,CALL,2026-02-27,SHOP
SHOP260227C00160000,160.0,4.0,4.0,4.45,27.0,76.0,0.6190223645019532,False,CALL,2026-02-27,SHOP
SHOP260227C00165000,165.0,3.25,3.0,3.45,36.0,85.0,0.6219520227050781,False,CALL,2026-02-27,SHOP
SHOP260227C00170000,170.0,2.43,2.15,2.5,24.0,102.0,0.614261669921875,False,CALL,2026-02-27,SHOP
SHOP260227C00175000,175.0,1.64,1.45,1.92,17.0,117.0,0.611576149902344,False,CALL,2026-02-27,SHOP
SHOP260227C00180000,180.0,1.28,1.22,1.37,63.0,58.0,0.6208534008789064,False,CALL,2026-02-27,SHOP
SHOP260227C00185000,185.0,1.07,0.77,1.44,1.0,18.0,0.6457554956054687,False,CALL,2026-02-27,SHOP
SHOP260227P00100000,100.0,0.69,0.0,1.05,6.0,7383.0,0.75195560546875,False,PUT,2026-02-27,SHOP
SHOP260227P00105000,105.0,0.93,0.01,1.1,20.0,33.0,0.6728548339843752,False,PUT,2026-02-27,SHOP
SHOP260227P00110000,110.0,1.61,0.5,1.94,1.0,71.0,0.7128934960937501,False,PUT,2026-02-27,SHOP
SHOP260227P00115000,115.0,2.1,1.58,2.29,12.0,79.0,0.7124052197265626,False,PUT,2026-02-27,SHOP
SHOP260227P00120000,120.0,2.49,2.35,2.58,11.0,6943.0,0.6674837939453127,False,PUT,2026-02-27,SHOP
SHOP260227P00125000,125.0,3.85,3.4,3.65,25.0,97.0,0.6555210229492189,False,PUT,2026-02-27,SHOP
SHOP260227P00130000,130.0,5.33,4.85,5.15,6.0,102.0,0.6516148120117189,False,PUT,2026-02-27,SHOP
SHOP260227P00135000,135.0,6.97,6.65,7.0,4.0,113.0,0.6469761865234375,False,PUT,2026-02-27,SHOP
SHOP260227P00140000,140.0,9.5,8.9,9.3,27.0,119.0,0.6468541174316407,False,PUT,2026-02-27,SHOP
SHOP260227P00145000,145.0,13.03,11.35,12.0,1.0,95.0,0.641605146484375,True,PUT,2026-02-27,SHOP
SHOP260227P00150000,150.0,16.87,14.4,14.9,2.0,44.0,0.6384313500976562,True,PUT,2026-02-27,SHOP
SHOP260227P00155000,155.0,20.43,17.55,18.75,1.0,76.0,0.6469761865234375,True,PUT,2026-02-27,SHOP
SHOP260227P00160000,160.0,24.0,21.3,22.35,2.0,31.0,0.6479527392578125,True,PUT,2026-02-27,SHOP
SHOP260227P00165000,165.0,15.79,24.6,26.3,2.0,21.0,0.6247596118164063,True,PUT,2026-02-27,SHOP
SHOP260227P00170000,170.0,32.2,28.95,31.65,1.0,5.0,0.6829865686035157,True,PUT,2026-02-27,SHOP
SHOP260227P00185000,185.0,31.3,42.1,45.25,42.0,42.0,0.6967803759765626,True,PUT,2026-02-27,SHOP
SHOP260306C00120000,120.0,24.1,23.65,26.0,2.0,4.0,0.5584760949707033,True,CALL,2026-03-06,SHOP
SHOP260306C00125000,125.0,18.7,20.4,22.25,15.0,5.0,0.5893595751953126,True,CALL,2026-03-06,SHOP
SHOP260306C00130000,130.0,15.64,17.2,18.85,1.0,1.0,0.6008340698242189,True,CALL,2026-03-06,SHOP
SHOP260306C00140000,140.0,12.4,11.4,12.9,27.0,55.0,0.5958292370605469,True,CALL,2026-03-06,SHOP
SHOP260306C00145000,145.0,8.75,8.55,10.45,1.0,20.0,0.5784954260253907,False,CALL,2026-03-06,SHOP
SHOP260306C00150000,150.0,7.35,7.55,8.45,43.0,75.0,0.6049844189453126,False,CALL,2026-03-06,SHOP
SHOP260306C00155000,155.0,6.05,5.75,6.55,3.0,8.0,0.5936319934082033,False,CALL,2026-03-06,SHOP
SHOP260306C00160000,160.0,4.75,4.15,5.05,8.0,27.0,0.581180946044922,False,CALL,2026-03-06,SHOP
SHOP260306C00165000,165.0,3.36,2.61,4.15,1.0,12.0,0.5710492114257812,False,CALL,2026-03-06,SHOP
SHOP260306C00170000,170.0,2.66,1.98,3.1,3.0,8.0,0.5705609350585938,False,CALL,2026-03-06,SHOP
SHOP260306C00175000,175.0,1.36,1.45,2.41,5.0,8.0,0.5739788696289063,False,CALL,2026-03-06,SHOP
SHOP260306C00180000,180.0,1.15,1.17,1.81,1.0,1.0,0.5808147387695313,False,CALL,2026-03-06,SHOP
SHOP260306P00100000,100.0,0.91,0.01,0.94,6.0,8.0,0.6635775830078127,False,PUT,2026-03-06,SHOP
SHOP260306P00105000,105.0,0.97,0.81,1.44,1.0,7.0,0.7138700488281251,False,PUT,2026-03-06,SHOP
SHOP260306P00110000,110.0,1.6,1.25,2.06,8.0,11.0,0.6999541723632813,False,PUT,2026-03-06,SHOP
SHOP260306P00115000,115.0,2.3,1.62,2.83,9.0,15.0,0.672122419433594,False,PUT,2026-03-06,SHOP
SHOP260306P00120000,120.0,3.97,2.7,3.4,10.0,23.0,0.6527134338378908,False,PUT,2026-03-06,SHOP
SHOP260306P00125000,125.0,4.8,3.85,4.65,1.0,25.0,0.6442906665039063,False,PUT,2026-03-06,SHOP
SHOP260306P00130000,130.0,6.2,5.35,6.2,2.0,77.0,0.6373327282714845,False,PUT,2026-03-06,SHOP
SHOP260306P00135000,135.0,7.3,7.15,7.95,10.0,18.0,0.6256140954589844,False,PUT,2026-03-06,SHOP
SHOP260306P00140000,140.0,9.5,9.45,10.25,11.0,19.0,0.6246375427246094,False,PUT,2026-03-06,SHOP
SHOP260306P00145000,145.0,11.81,11.75,12.9,1.0,4.0,0.6135292553710938,True,PUT,2026-03-06,SHOP
SHOP260306P00150000,150.0,17.62,14.8,15.85,1.0,9.0,0.6125527026367189,True,PUT,2026-03-06,SHOP
SHOP260306P00155000,155.0,22.01,17.9,19.1,2.0,3.0,0.6030313134765627,True,PUT,2026-03-06,SHOP
SHOP260306P00160000,160.0,25.35,21.2,22.65,9.0,9.0,0.5898478515625001,True,PUT,2026-03-06,SHOP
SHOP260306P00180000,180.0,44.52,38.05,40.8,1.0,1.0,0.6544224011230471,True,PUT,2026-03-06,SHOP
SHOP260306P00185000,185.0,49.22,42.2,45.4,1.0,1.0,0.6411168701171875,True,PUT,2026-03-06,SHOP
SHOP260320C00100000,100.0,40.2,41.8,44.5,5.0,893.0,0.5302781347656251,True,CALL,2026-03-20,SHOP
SHOP260320C00105000,105.0,38.85,37.25,40.2,6.0,443.0,0.5776409423828125,True,CALL,2026-03-20,SHOP
SHOP260320C00110000,110.0,29.94,32.8,35.6,1.0,3401.0,0.5668988623046876,True,CALL,2026-03-20,SHOP
SHOP260320C00115000,115.0,29.18,28.65,31.8,11.0,3776.0,0.5888712988281251,True,CALL,2026-03-20,SHOP
SHOP260320C00120000,120.0,26.11,24.7,27.1,1.0,1259.0,0.5588423022460938,True,CALL,2026-03-20,SHOP
SHOP260320C00125000,125.0,21.12,21.45,23.3,3.0,106.0,0.5681195532226562,True,CALL,2026-03-20,SHOP
SHOP260320C00130000,130.0,19.43,19.0,19.55,8.0,321.0,0.5805706005859376,True,CALL,2026-03-20,SHOP
SHOP260320C00135000,135.0,16.5,16.25,16.65,33.0,2688.0,0.5877726770019531,True,CALL,2026-03-20,SHOP
SHOP260320C00140000,140.0,13.6,13.5,13.9,223.0,991.0,0.5817912915039063,True,CALL,2026-03-20,SHOP
SHOP260320C00145000,145.0,11.35,11.1,11.8,48.0,8417.0,0.5842937078857422,False,CALL,2026-03-20,SHOP
SHOP260320C00150000,150.0,9.3,9.0,9.45,109.0,1302.0,0.573368524169922,False,CALL,2026-03-20,SHOP
SHOP260320C00155000,155.0,7.55,7.15,7.8,85.0,3314.0,0.5709271423339843,False,CALL,2026-03-20,SHOP
SHOP260320C00160000,160.0,6.14,5.9,6.25,52.0,1939.0,0.5725140405273439,False,CALL,2026-03-20,SHOP
SHOP260320C00165000,165.0,4.5,4.65,5.0,68.0,1313.0,0.5694012786865235,False,CALL,2026-03-20,SHOP
SHOP260320C00170000,170.0,3.75,3.7,3.9,217.0,3389.0,0.5667767932128907,False,CALL,2026-03-20,SHOP
SHOP260320C00175000,175.0,2.94,2.91,3.15,18.0,949.0,0.5686078295898438,False,CALL,2026-03-20,SHOP
SHOP260320C00180000,180.0,2.0,1.74,2.62,3.0,1286.0,0.5529829858398438,False,CALL,2026-03-20,SHOP
SHOP260320C00185000,185.0,1.83,1.6,2.0,2.0,1212.0,0.5632367895507813,False,CALL,2026-03-20,SHOP
SHOP260320P00100000,100.0,0.99,0.79,1.19,100.0,773.0,0.6626010302734376,False,PUT,2026-03-20,SHOP
SHOP260320P00105000,105.0,1.41,1.19,1.45,101.0,832.0,0.6337927246093751,False,PUT,2026-03-20,SHOP
SHOP260320P00110000,110.0,1.96,1.76,2.17,97.0,1188.0,0.6281775463867189,False,PUT,2026-03-20,SHOP
SHOP260320P00115000,115.0,2.8,2.58,2.91,120.0,1005.0,0.6165809826660158,False,PUT,2026-03-20,SHOP
SHOP260320P00120000,120.0,3.72,3.55,3.9,150.0,1259.0,0.6040078662109377,False,PUT,2026-03-20,SHOP
SHOP260320P00125000,125.0,5.02,4.85,5.2,5.0,1191.0,0.5963175134277343,False,PUT,2026-03-20,SHOP
SHOP260320P00130000,130.0,6.6,6.4,6.75,13.0,1273.0,0.5865519860839843,False,PUT,2026-03-20,SHOP
SHOP260320P00135000,135.0,8.6,8.35,8.8,15.0,2623.0,0.5845378460693358,False,PUT,2026-03-20,SHOP
SHOP260320P00140000,140.0,11.32,10.65,11.25,82.0,1615.0,0.5847209497070311,False,PUT,2026-03-20,SHOP
SHOP260320P00145000,145.0,13.54,13.3,13.75,54.0,8676.0,0.5789837023925781,True,PUT,2026-03-20,SHOP
SHOP260320P00150000,150.0,17.6,16.2,16.65,5.0,2126.0,0.5739178350830079,True,PUT,2026-03-20,SHOP
SHOP260320P00155000,155.0,22.0,19.45,19.85,1.0,2236.0,0.5701947277832031,True,PUT,2026-03-20,SHOP
SHOP260320P00160000,160.0,26.4,22.75,25.1,4.0,925.0,0.6062051098632814,True,PUT,2026-03-20,SHOP
SHOP260320P00165000,165.0,31.27,26.1,28.95,4.0,1476.0,0.5974161352539062,True,PUT,2026-03-20,SHOP
SHOP260320P00170000,170.0,34.6,30.5,32.9,19.0,347.0,0.6090126989746094,True,PUT,2026-03-20,SHOP
SHOP260320P00175000,175.0,39.57,34.75,37.05,1.0,387.0,0.6131630480957033,True,PUT,2026-03-20,SHOP
SHOP260320P00180000,180.0,33.27,38.95,41.45,3.0,83.0,0.6145058081054688,True,PUT,2026-03-20,SHOP
SHOP260320P00185000,185.0,48.95,43.45,45.95,2.0,37.0,0.6218299536132813,True,PUT,2026-03-20,SHOP
SHOP260417C00100000,100.0,39.45,42.75,45.55,1.0,66.0,0.5737347314453125,True,CALL,2026-04-17,SHOP
SHOP260417C00105000,105.0,35.39,38.75,41.2,1.0,19.0,0.586918193359375,True,CALL,2026-04-17,SHOP
SHOP260417C00110000,110.0,32.4,34.25,36.7,38.0,49.0,0.5576216113281252,True,CALL,2026-04-17,SHOP
SHOP260417C00115000,115.0,28.03,30.25,32.6,9.0,42.0,0.5501753967285157,True,CALL,2026-04-17,SHOP
SHOP260417C00120000,120.0,25.69,26.6,28.8,10.0,53.0,0.547978153076172,True,CALL,2026-04-17,SHOP
SHOP260417C00125000,125.0,24.65,23.7,25.55,3.0,143.0,0.563602996826172,True,CALL,2026-04-17,SHOP
SHOP260417C00130000,130.0,21.0,20.15,21.65,3.0,101.0,0.5366257275390626,True,CALL,2026-04-17,SHOP
SHOP260417C00135000,135.0,18.0,18.0,19.55,1.0,95.0,0.5656171368408205,True,CALL,2026-04-17,SHOP
SHOP260417C00140000,140.0,16.25,15.75,16.35,47.0,305.0,0.5579267840576172,True,CALL,2026-04-17,SHOP
SHOP260417C00145000,145.0,14.0,13.4,14.05,85.0,223.0,0.5554243676757813,False,CALL,2026-04-17,SHOP
SHOP260417C00150000,150.0,11.7,11.45,11.85,28.0,894.0,0.5525557440185547,False,CALL,2026-04-17,SHOP
SHOP260417C00155000,155.0,8.48,9.7,10.05,6.0,314.0,0.551762294921875,False,CALL,2026-04-17,SHOP
SHOP260417C00160000,160.0,8.1,8.05,8.4,4.0,2121.0,0.5468184967041017,False,CALL,2026-04-17,SHOP
SHOP260417C00165000,165.0,6.5,6.7,7.1,24.0,625.0,0.5463912548828126,False,CALL,2026-04-17,SHOP
SHOP260417C00170000,170.0,5.65,5.5,6.05,6.0,644.0,0.5465133239746094,False,CALL,2026-04-17,SHOP
SHOP260417C00175000,175.0,4.62,4.5,4.9,18.0,1983.0,0.5411422839355471,False,CALL,2026-04-17,SHOP
SHOP260417C00180000,180.0,3.95,3.75,4.05,15.0,845.0,0.5415084912109377,False,CALL,2026-04-17,SHOP
SHOP260417C00185000,185.0,3.25,2.97,3.3,1.0,383.0,0.5366257275390626,False,CALL,2026-04-17,SHOP
SHOP260417P00100000,100.0,1.8,1.28,2.13,4.0,221.0,0.6120644262695314,False,PUT,2026-04-17,SHOP
SHOP260417P00105000,105.0,2.95,2.03,2.9,3.0,154.0,0.611576149902344,False,PUT,2026-04-17,SHOP
SHOP260417P00110000,110.0,3.79,2.88,3.65,1.0,321.0,0.5994913098144532,False,PUT,2026-04-17,SHOP
SHOP260417P00115000,115.0,4.05,3.8,4.1,27.0,548.0,0.570316796875,False,PUT,2026-04-17,SHOP
SHOP260417P00120000,120.0,5.3,5.0,5.25,3.0,499.0,0.5603681658935546,False,PUT,2026-04-17,SHOP
SHOP260417P00125000,125.0,6.6,6.35,6.75,17.0,347.0,0.5513960876464845,False,PUT,2026-04-17,SHOP
SHOP260417P00130000,130.0,8.62,8.05,8.5,12.0,1057.0,0.5446212530517578,False,PUT,2026-04-17,SHOP
SHOP260417P00135000,135.0,11.68,10.2,10.45,13.0,2364.0,0.5400436621093752,False,PUT,2026-04-17,SHOP
SHOP260417P00140000,140.0,12.85,12.6,13.15,31.0,850.0,0.543949873046875,False,PUT,2026-04-17,SHOP
SHOP260417P00145000,145.0,15.5,15.15,15.6,76.0,338.0,0.5350998638916016,True,PUT,2026-04-17,SHOP
SHOP260417P00150000,150.0,19.1,18.1,18.6,3.0,2028.0,0.5341233111572266,True,PUT,2026-04-17,SHOP
SHOP260417P00155000,155.0,24.2,21.4,23.45,1.0,259.0,0.5656781713867188,True,PUT,2026-04-17,SHOP
SHOP260417P00160000,160.0,26.6,24.5,26.75,1.0,351.0,0.5553022985839844,True,PUT,2026-04-17,SHOP
SHOP260417P00165000,165.0,29.22,28.15,29.5,1.0,243.0,0.5354660711669923,True,PUT,2026-04-17,SHOP
SHOP260417P00170000,170.0,32.8,31.8,34.35,11.0,287.0,0.5515181567382813,True,PUT,2026-04-17,SHOP
SHOP260417P00175000,175.0,39.55,35.9,38.35,25.0,235.0,0.5523726403808593,True,PUT,2026-04-17,SHOP
SHOP260417P00180000,180.0,43.15,40.1,42.55,10.0,169.0,0.5537154003906251,True,PUT,2026-04-17,SHOP
SHOP260417P00185000,185.0,45.0,44.25,46.8,3.0,32.0,0.5481002221679689,True,PUT,2026-04-17,SHOP
SHOP260515C00100000,100.0,42.85,44.55,47.4,2.0,80.0,0.6351354846191408,True,CALL,2026-05-15,SHOP
SHOP260515C00105000,105.0,40.5,40.45,42.9,2.0,46.0,0.6135292553710938,True,CALL,2026-05-15,SHOP
SHOP260515C00110000,110.0,33.4,36.6,39.25,10.0,55.0,0.6147499462890625,True,CALL,2026-05-15,SHOP
SHOP260515C00115000,115.0,31.55,32.85,35.2,2.0,66.0,0.5985147570800782,True,CALL,2026-05-15,SHOP
SHOP260515C00120000,120.0,29.5,29.4,31.55,6.0,59.0,0.5902140588378908,True,CALL,2026-05-15,SHOP
SHOP260515C00125000,125.0,26.5,26.15,28.7,9.0,78.0,0.5932047515869141,True,CALL,2026-05-15,SHOP
SHOP260515C00130000,130.0,22.25,24.25,25.35,26.0,80.0,0.6024209680175783,True,CALL,2026-05-15,SHOP
SHOP260515C00135000,135.0,20.49,21.3,22.6,3.0,80.0,0.5950357879638672,True,CALL,2026-05-15,SHOP
SHOP260515C00140000,140.0,19.3,19.45,20.25,64.0,448.0,0.6054726953125001,True,CALL,2026-05-15,SHOP
SHOP260515C00145000,145.0,16.45,17.15,17.85,4.0,729.0,0.600162689819336,False,CALL,2026-05-15,SHOP
SHOP260515C00150000,150.0,14.54,15.1,15.65,2.0,1413.0,0.5955850988769531,False,CALL,2026-05-15,SHOP
SHOP260515C00155000,155.0,13.25,13.25,13.75,1.0,251.0,0.5927775097656252,False,CALL,2026-05-15,SHOP
SHOP260515C00160000,160.0,11.7,11.45,12.35,8.0,602.0,0.5928995788574221,False,CALL,2026-05-15,SHOP
SHOP260515C00165000,165.0,10.15,10.0,10.5,15.0,1166.0,0.5856364678955077,False,CALL,2026-05-15,SHOP
SHOP260515C00170000,170.0,8.3,8.6,9.0,8.0,397.0,0.5793499096679688,False,CALL,2026-05-15,SHOP
SHOP260515C00175000,175.0,6.9,7.55,7.85,6.0,467.0,0.5801433587646485,False,CALL,2026-05-15,SHOP
SHOP260515C00180000,180.0,6.45,6.55,7.0,15.0,1000.0,0.5826457751464844,False,CALL,2026-05-15,SHOP
SHOP260515C00185000,185.0,4.95,4.65,6.0,19.0,339.0,0.5590864404296876,False,CALL,2026-05-15,SHOP
SHOP260515P00100000,100.0,2.99,2.75,3.75,100.0,84.0,0.6408727319335938,False,PUT,2026-05-15,SHOP
SHOP260515P00105000,105.0,3.81,3.8,4.25,74.0,132.0,0.62305064453125,False,PUT,2026-05-15,SHOP
SHOP260515P00110000,110.0,4.77,4.8,5.1,110.0,295.0,0.6064492480468751,False,PUT,2026-05-15,SHOP
SHOP260515P00115000,115.0,6.02,6.05,6.35,86.0,281.0,0.5979654461669923,False,PUT,2026-05-15,SHOP
SHOP260515P00120000,120.0,7.95,7.5,7.8,2.0,417.0,0.5897257824707032,False,PUT,2026-05-15,SHOP
SHOP260515P00125000,125.0,10.32,9.2,9.5,10.0,314.0,0.5831950860595703,False,PUT,2026-05-15,SHOP
SHOP260515P00130000,130.0,13.25,11.1,11.6,3.0,1538.0,0.5795940478515625,False,PUT,2026-05-15,SHOP
SHOP260515P00135000,135.0,14.86,13.25,13.8,1.0,224.0,0.5740399041748048,False,PUT,2026-05-15,SHOP
SHOP260515P00140000,140.0,16.7,15.7,16.15,10.0,932.0,0.5684857604980469,False,PUT,2026-05-15,SHOP
SHOP260515P00145000,145.0,19.25,18.35,19.15,27.0,309.0,0.5696454168701173,True,PUT,2026-05-15,SHOP
SHOP260515P00150000,150.0,21.35,21.25,21.8,1.0,1205.0,0.5620160986328125,True,PUT,2026-05-15,SHOP
SHOP260515P00155000,155.0,27.02,24.4,24.95,7.0,333.0,0.5598188549804688,True,PUT,2026-05-15,SHOP
SHOP260515P00160000,160.0,30.85,27.9,28.95,26.0,215.0,0.5710492114257812,True,PUT,2026-05-15,SHOP
SHOP260515P00165000,165.0,34.76,30.95,32.45,4.0,66.0,0.5606123040771485,True,PUT,2026-05-15,SHOP
SHOP260515P00170000,170.0,26.3,34.65,35.9,11.0,97.0,0.5542647113037109,True,PUT,2026-05-15,SHOP
SHOP260515P00175000,175.0,41.71,38.4,40.75,1.0,135.0,0.5687298986816407,True,PUT,2026-05-15,SHOP
SHOP260515P00180000,180.0,46.17,42.4,43.55,1.0,173.0,0.5441940112304688,True,PUT,2026-05-15,SHOP
SHOP260515P00185000,185.0,29.65,46.15,48.55,6.0,101.0,0.5523726403808593,True,PUT,2026-05-15,SHOP
SHOP260618C00100000,100.0,44.64,45.85,48.3,1.0,455.0,0.6143837390136719,True,CALL,2026-06-18,SHOP
SHOP260618C00105000,105.0,41.09,41.9,44.9,1.0,138.0,0.6180458117675782,True,CALL,2026-06-18,SHOP
SHOP260618C00110000,110.0,37.02,38.2,40.5,4.0,242.0,0.5968057897949219,True,CALL,2026-06-18,SHOP
SHOP260618C00115000,115.0,33.46,34.6,36.95,10.0,886.0,0.5894816442871094,True,CALL,2026-06-18,SHOP
SHOP260618C00120000,120.0,29.95,31.2,33.85,13.0,482.0,0.5871012969970704,True,CALL,2026-06-18,SHOP
SHOP260618C00125000,125.0,29.0,28.15,30.55,2.0,348.0,0.5803874969482423,True,CALL,2026-06-18,SHOP
SHOP260618C00130000,130.0,26.2,25.6,27.85,1.0,242.0,0.584843018798828,True,CALL,2026-06-18,SHOP
SHOP260618C00135000,135.0,23.56,23.05,24.85,62.0,1706.0,0.5780681842041016,True,CALL,2026-06-18,SHOP
SHOP260618C00140000,140.0,20.15,21.2,22.25,166.0,732.0,0.5817912915039063,True,CALL,2026-06-18,SHOP
SHOP260618C00145000,145.0,17.75,18.65,19.9,2.0,294.0,0.5733074896240236,False,CALL,2026-06-18,SHOP
SHOP260618C00150000,150.0,17.25,16.75,17.8,5.0,654.0,0.5725140405273439,False,CALL,2026-06-18,SHOP
SHOP260618C00155000,155.0,15.3,14.7,15.7,3.0,404.0,0.5645185150146486,False,CALL,2026-06-18,SHOP
SHOP260618C00160000,160.0,13.1,13.3,13.75,72.0,554.0,0.5630536859130859,False,CALL,2026-06-18,SHOP
SHOP260618C00165000,165.0,11.6,11.5,12.5,37.0,741.0,0.5614057531738281,False,CALL,2026-06-18,SHOP
SHOP260618C00170000,170.0,10.25,10.35,10.65,12.0,439.0,0.5560347131347658,False,CALL,2026-06-18,SHOP
SHOP260618C00175000,175.0,7.98,8.65,9.5,2.0,475.0,0.5484664294433594,False,CALL,2026-06-18,SHOP
SHOP260618C00180000,180.0,7.5,7.75,8.4,4.0,713.0,0.5499922930908205,False,CALL,2026-06-18,SHOP
SHOP260618C00185000,185.0,6.0,6.6,7.5,1.0,184.0,0.547001600341797,False,CALL,2026-06-18,SHOP
SHOP260618P00100000,100.0,4.16,3.2,4.5,10.0,1170.0,0.5921671643066408,False,PUT,2026-06-18,SHOP
SHOP260618P00105000,105.0,5.35,4.7,5.8,4.0,856.0,0.6024209680175783,False,PUT,2026-06-18,SHOP
SHOP260618P00110000,110.0,6.53,5.9,7.05,2.0,1843.0,0.5942423388671876,False,PUT,2026-06-18,SHOP
SHOP260618P00115000,115.0,7.51,7.25,7.65,8.0,1023.0,0.5698895550537109,False,PUT,2026-06-18,SHOP
SHOP260618P00120000,120.0,9.8,8.8,9.95,2.0,2060.0,0.5753216296386718,False,PUT,2026-06-18,SHOP
SHOP260618P00125000,125.0,11.64,10.55,11.9,10.0,528.0,0.5701947277832031,False,PUT,2026-06-18,SHOP
SHOP260618P00130000,130.0,13.7,12.55,13.35,1.0,2300.0,0.5548750567626954,False,PUT,2026-06-18,SHOP
SHOP260618P00135000,135.0,15.82,14.8,16.2,27.0,1140.0,0.5590864404296876,False,PUT,2026-06-18,SHOP
SHOP260618P00140000,140.0,19.25,17.25,18.7,3.0,2168.0,0.5546309185791016,False,PUT,2026-06-18,SHOP
SHOP260618P00145000,145.0,21.25,19.65,21.55,1.0,523.0,0.5488326367187502,True,PUT,2026-06-18,SHOP
SHOP260618P00150000,150.0,25.13,22.75,24.25,21.0,815.0,0.5453536676025392,True,PUT,2026-06-18,SHOP
SHOP260618P00155000,155.0,25.66,25.7,27.3,6.0,271.0,0.5394943511962893,True,PUT,2026-06-18,SHOP
SHOP260618P00160000,160.0,30.65,28.95,30.65,1.0,310.0,0.5370529693603516,True,PUT,2026-06-18,SHOP
SHOP260618P00165000,165.0,34.15,32.35,34.05,3.0,147.0,0.5326584820556641,True,PUT,2026-06-18,SHOP
SHOP260618P00170000,170.0,38.35,35.9,38.15,12.0,367.0,0.536259520263672,True,PUT,2026-06-18,SHOP
SHOP260618P00175000,175.0,42.7,39.35,41.25,1.0,61.0,0.5185595019531251,True,PUT,2026-06-18,SHOP
SHOP260618P00180000,180.0,46.8,43.2,45.8,2.0,72.0,0.52539537109375,True,PUT,2026-06-18,SHOP
SHOP260618P00185000,185.0,32.9,47.5,49.05,2.0,38.0,0.5142260491943358,True,PUT,2026-06-18,SHOP
SHOP260717C00100000,100.0,47.2,46.8,49.3,2.0,27.0,0.6053506262207033,True,CALL,2026-07-17,SHOP
SHOP260717C00105000,105.0,52.35,42.9,45.65,2.0,12.0,0.5991861370849609,True,CALL,2026-07-17,SHOP
SHOP260717C00110000,110.0,64.65,39.25,41.85,4.0,9.0,0.5886881951904297,True,CALL,2026-07-17,SHOP
SHOP260717C00115000,115.0,32.55,35.8,38.45,1.0,2.0,0.5832561206054687,True,CALL,2026-07-17,SHOP
SHOP260717C00120000,120.0,31.0,32.55,35.0,1.0,14.0,0.5744671459960937,True,CALL,2026-07-17,SHOP
SHOP260717C00125000,125.0,30.75,30.4,32.05,1.0,5.0,0.5844768115234374,True,CALL,2026-07-17,SHOP
SHOP260717C00130000,130.0,28.35,27.25,29.1,1.0,38.0,0.5737347314453125,True,CALL,2026-07-17,SHOP
SHOP260717C00135000,135.0,23.55,24.1,26.25,2.0,35.0,0.5598798895263672,True,CALL,2026-07-17,SHOP
SHOP260717C00140000,140.0,22.9,21.9,23.7,1.0,121.0,0.5583540258789064,True,CALL,2026-07-17,SHOP
SHOP260717C00145000,145.0,21.1,19.55,21.4,1.0,89.0,0.5533491931152343,False,CALL,2026-07-17,SHOP
SHOP260717C00150000,150.0,17.99,16.85,19.25,1.0,285.0,0.5413864221191409,False,CALL,2026-07-17,SHOP
SHOP260717C00155000,155.0,14.75,14.9,17.4,34.0,48.0,0.538639867553711,False,CALL,2026-07-17,SHOP
SHOP260717C00160000,160.0,14.35,13.5,15.5,7.0,35.0,0.5381515911865236,False,CALL,2026-07-17,SHOP
SHOP260717C00165000,165.0,11.45,11.45,14.0,1.0,179.0,0.5304612384033205,False,CALL,2026-07-17,SHOP
SHOP260717C00170000,170.0,11.73,11.25,12.55,7.0,289.0,0.5441329766845704,False,CALL,2026-07-17,SHOP
SHOP260717C00175000,175.0,11.49,10.15,11.1,15.0,84.0,0.5426071130371095,False,CALL,2026-07-17,SHOP
SHOP260717C00180000,180.0,8.55,7.6,10.45,6.0,38.0,0.5283860638427735,False,CALL,2026-07-17,SHOP
SHOP260717C00185000,185.0,7.1,7.1,9.35,8.0,82.0,0.5335740002441407,False,CALL,2026-07-17,SHOP
SHOP260717P00100000,100.0,4.82,3.8,5.3,2.0,19.0,0.573368524169922,False,PUT,2026-07-17,SHOP
SHOP260717P00105000,105.0,6.2,4.85,6.7,1.0,78.0,0.5708050732421875,False,PUT,2026-07-17,SHOP
SHOP260717P00110000,110.0,7.34,6.1,7.45,1.0,12.0,0.5526167785644531,False,PUT,2026-07-17,SHOP
SHOP260717P00115000,115.0,7.5,7.55,9.65,1.0,25.0,0.5588423022460938,False,PUT,2026-07-17,SHOP
SHOP260717P00120000,120.0,10.97,9.7,11.5,2.0,245.0,0.5629926513671876,False,PUT,2026-07-17,SHOP
SHOP260717P00125000,125.0,12.94,11.1,12.55,1.0,24.0,0.537236072998047,False,PUT,2026-07-17,SHOP
SHOP260717P00130000,130.0,15.25,13.65,15.85,24.0,39.0,0.5563398858642579,False,PUT,2026-07-17,SHOP
SHOP260717P00135000,135.0,17.43,15.9,17.8,3.0,101.0,0.5459029785156251,False,PUT,2026-07-17,SHOP
SHOP260717P00140000,140.0,19.3,18.35,19.65,3.0,76.0,0.5321702056884765,False,PUT,2026-07-17,SHOP
SHOP260717P00145000,145.0,22.3,20.85,22.95,2.0,275.0,0.5335129656982422,True,PUT,2026-07-17,SHOP
SHOP260717P00150000,150.0,25.03,23.7,25.8,20.0,64.0,0.5288133056640626,True,PUT,2026-07-17,SHOP
SHOP260717P00155000,155.0,29.1,26.75,29.2,2.0,8.0,0.5293015820312501,True,PUT,2026-07-17,SHOP
SHOP260717P00160000,160.0,32.89,29.95,32.05,1.0,62.0,0.5203295037841795,True,PUT,2026-07-17,SHOP
SHOP260717P00165000,165.0,36.76,33.25,35.65,3.0,194.0,0.5182543292236328,True,PUT,2026-07-17,SHOP
SHOP260717P00170000,170.0,35.75,36.85,38.9,75.0,75.0,0.5115100119018555,True,PUT,2026-07-17,SHOP
SHOP260717P00175000,175.0,43.0,40.55,42.55,2.0,14.0,0.5076343182373046,True,PUT,2026-07-17,SHOP
SHOP260918C00100000,100.0,49.9,49.25,52.1,3.0,27.0,0.6137733935546876,True,CALL,2026-09-18,SHOP
SHOP260918C00105000,105.0,45.9,45.7,48.4,2.0,39.0,0.6043740734863283,True,CALL,2026-09-18,SHOP
SHOP260918C00110000,110.0,41.7,42.25,44.85,1.0,123.0,0.594730615234375,True,CALL,2026-09-18,SHOP
SHOP260918C00115000,115.0,36.65,39.0,41.5,11.0,88.0,0.5869792279052735,True,CALL,2026-09-18,SHOP
SHOP260918C00120000,120.0,37.96,37.2,38.6,1.0,186.0,0.6004068280029298,True,CALL,2026-09-18,SHOP
SHOP260918C00125000,125.0,31.1,33.25,35.6,52.0,164.0,0.5798992205810547,True,CALL,2026-09-18,SHOP
SHOP260918C00130000,130.0,29.96,30.35,32.8,1.0,168.0,0.5720867987060547,True,CALL,2026-09-18,SHOP
SHOP260918C00135000,135.0,29.55,29.0,30.25,2.0,142.0,0.5819743951416017,True,CALL,2026-09-18,SHOP
SHOP260918C00140000,140.0,25.97,26.4,27.9,31.0,116.0,0.5756878369140624,True,CALL,2026-09-18,SHOP
SHOP260918C00145000,145.0,23.83,23.05,25.6,5.0,377.0,0.558445577697754,False,CALL,2026-09-18,SHOP
SHOP260918C00150000,150.0,22.41,22.4,23.55,17.0,257.0,0.5710492114257812,False,CALL,2026-09-18,SHOP
SHOP260918C00155000,155.0,17.65,19.0,21.5,2.0,307.0,0.5501753967285157,False,CALL,2026-09-18,SHOP
SHOP260918C00160000,160.0,18.75,18.55,19.6,34.0,851.0,0.5604902349853516,False,CALL,2026-09-18,SHOP
SHOP260918C00165000,165.0,17.05,16.4,17.95,61.0,576.0,0.5521285021972657,False,CALL,2026-09-18,SHOP
SHOP260918C00170000,170.0,14.75,15.65,16.15,9.0,171.0,0.5549666085815431,False,CALL,2026-09-18,SHOP
SHOP260918C00175000,175.0,14.4,14.15,14.95,5.0,99.0,0.5536848831176758,False,CALL,2026-09-18,SHOP
SHOP260918C00180000,180.0,11.91,11.85,13.4,2.0,86.0,0.5367477966308594,False,CALL,2026-09-18,SHOP
SHOP260918C00185000,185.0,12.0,11.05,12.5,5.0,349.0,0.5421798712158206,False,CALL,2026-09-18,SHOP
SHOP260918P00100000,100.0,6.96,5.65,7.45,1.0,276.0,0.5665326550292968,False,PUT,2026-09-18,SHOP
SHOP260918P00105000,105.0,8.55,6.95,8.95,20.0,314.0,0.5621992022705078,False,PUT,2026-09-18,SHOP
SHOP260918P00110000,110.0,9.75,8.4,10.6,2.0,508.0,0.5573774731445313,False,PUT,2026-09-18,SHOP
SHOP260918P00115000,115.0,11.4,9.9,12.25,1.0,77.0,0.5485884985351563,False,PUT,2026-09-18,SHOP
SHOP260918P00120000,120.0,12.5,12.45,13.6,1.0,108.0,0.5458419439697266,False,PUT,2026-09-18,SHOP
SHOP260918P00125000,125.0,15.46,14.35,16.7,11.0,717.0,0.5525557440185547,False,PUT,2026-09-18,SHOP
SHOP260918P00130000,130.0,18.54,16.4,17.9,46.0,2367.0,0.53320779296875,False,PUT,2026-09-18,SHOP
SHOP260918P00135000,135.0,19.69,19.0,19.75,3.0,428.0,0.5250901983642577,False,PUT,2026-09-18,SHOP
SHOP260918P00140000,140.0,22.39,21.5,23.15,1.0,395.0,0.5299119274902344,False,PUT,2026-09-18,SHOP
SHOP260918P00145000,145.0,26.35,24.2,25.85,4.0,156.0,0.5252733020019531,True,PUT,2026-09-18,SHOP
SHOP260918P00150000,150.0,30.55,27.05,29.5,8.0,413.0,0.5293626165771486,True,PUT,2026-09-18,SHOP
SHOP260918P00155000,155.0,25.05,30.05,31.75,4.0,534.0,0.5164232928466796,True,PUT,2026-09-18,SHOP
SHOP260918P00160000,160.0,34.33,33.15,35.3,120.0,98.0,0.5157519128417969,True,PUT,2026-09-18,SHOP
SHOP260918P00165000,165.0,39.55,36.4,38.9,5.0,39.0,0.5142870837402342,True,PUT,2026-09-18,SHOP
SHOP260918P00170000,170.0,33.75,39.8,42.2,1.0,90.0,0.5082446636962892,True,PUT,2026-09-18,SHOP
SHOP260918P00175000,175.0,36.55,43.4,45.75,1.0,8.0,0.5044910391235352,True,PUT,2026-09-18,SHOP
SHOP260918P00180000,180.0,37.68,47.1,49.45,2.0,43.0,0.5008900009155274,True,PUT,2026-09-18,SHOP
SHOP260918P00185000,185.0,40.65,50.9,53.2,20.0,30.0,0.5241746801757812,True,PUT,2026-09-18,SHOP
SHOP261120C00100000,100.0,75.18,51.75,55.2,12.0,6.0,0.6293982373046876,True,CALL,2026-11-20,SHOP
SHOP261120C00105000,105.0,52.9,48.35,51.3,,16.0,0.6140785662841797,True,CALL,2026-11-20,SHOP
SHOP261120C00110000,110.0,69.63,45.15,47.8,,2.0,0.604190969848633,True,CALL,2026-11-20,SHOP
SHOP261120C00115000,115.0,42.09,42.05,44.7,1.0,17.0,0.5976297561645508,True,CALL,2026-11-20,SHOP
SHOP261120C00120000,120.0,43.13,39.1,42.05,1.0,4.0,0.5949747534179688,True,CALL,2026-11-20,SHOP
SHOP261120C00125000,125.0,55.65,36.45,39.0,2.0,3.0,0.5880168151855469,True,CALL,2026-11-20,SHOP
SHOP261120C00130000,130.0,32.23,33.8,36.35,2.0,3.0,0.5826457751464844,True,CALL,2026-11-20,SHOP
SHOP261120C00135000,135.0,32.15,31.2,33.8,1.0,3.0,0.5761150787353515,True,CALL,2026-11-20,SHOP
SHOP261120C00140000,140.0,28.72,28.85,31.75,1.0,60.0,0.5747112841796875,True,CALL,2026-11-20,SHOP
SHOP261120C00145000,145.0,27.5,27.15,29.25,2.0,2.0,0.5726361096191408,False,CALL,2026-11-20,SHOP
SHOP261120C00150000,150.0,23.63,24.6,27.25,1.0,10.0,0.5647016186523439,False,CALL,2026-11-20,SHOP
SHOP261120C00155000,155.0,22.7,22.6,25.15,1.0,12.0,0.5589033367919922,False,CALL,2026-11-20,SHOP
SHOP261120C00160000,160.0,20.73,20.75,23.4,8.0,43.0,0.5557600576782228,False,CALL,2026-11-20,SHOP
SHOP261120C00165000,165.0,18.0,19.05,22.0,3.0,38.0,0.5553328158569336,False,CALL,2026-11-20,SHOP
SHOP261120C00170000,170.0,22.25,17.5,20.25,5.0,29.0,0.5509078112792969,False,CALL,2026-11-20,SHOP
SHOP261120C00175000,175.0,19.8,16.0,18.95,30.0,18.0,0.5494124649047852,False,CALL,2026-11-20,SHOP
SHOP261120C00180000,180.0,14.25,14.6,17.5,1.0,16.0,0.5455367712402344,False,CALL,2026-11-20,SHOP
SHOP261120C00185000,185.0,14.2,13.35,16.75,10.0,32.0,0.5483748776245119,False,CALL,2026-11-20,SHOP
SHOP261120P00100000,100.0,9.0,7.35,9.65,4.0,19.0,0.5642743768310547,False,PUT,2026-11-20,SHOP
SHOP261120P00105000,105.0,8.75,8.8,11.3,202.0,201.0,0.5593305786132813,False,PUT,2026-11-20,SHOP
SHOP261120P00110000,110.0,12.0,10.35,13.15,3.0,4.0,0.5544478149414063,False,PUT,2026-11-20,SHOP
SHOP261120P00115000,115.0,14.0,12.3,15.35,1.0,2.0,0.55508867767334,False,PUT,2026-11-20,SHOP
SHOP261120P00120000,120.0,11.65,14.25,17.4,2.0,8.0,0.5499312585449221,False,PUT,2026-11-20,SHOP
SHOP261120P00125000,125.0,18.71,16.95,19.55,1.0,200.0,0.5510298803710938,False,PUT,2026-11-20,SHOP
SHOP261120P00130000,130.0,20.38,18.8,21.35,1.0,2.0,0.5357407266235351,False,PUT,2026-11-20,SHOP
SHOP261120P00135000,135.0,16.1,21.35,24.15,2.0,2.0,0.5358322784423828,False,PUT,2026-11-20,SHOP
SHOP261120P00140000,140.0,25.9,24.0,26.75,10.0,7.0,0.5318345156860352,False,PUT,2026-11-20,SHOP
SHOP261120P00145000,145.0,28.17,26.4,29.4,70.0,79.0,0.5231065756225585,True,PUT,2026-11-20,SHOP
SHOP261120P00150000,150.0,32.05,29.65,32.0,28.0,34.0,0.5197191583251952,True,PUT,2026-11-20,SHOP
SHOP261120P00160000,160.0,29.79,35.35,37.5,2.0,8.0,0.5005543109130859,True,PUT,2026-11-20,SHOP
SHOP261120P00165000,165.0,40.65,38.9,41.55,9.0,11.0,0.5068713864135742,True,PUT,2026-11-20,SHOP
SHOP261120P00170000,170.0,30.85,42.25,44.9,10.0,66.0,0.5021106918334962,True,PUT,2026-11-20,SHOP
SHOP261120P00180000,180.0,42.05,49.0,52.0,2.0,32.0,0.5208177801513671,True,PUT,2026-11-20,SHOP
SHOP261120P00185000,185.0,39.55,53.05,55.6,4.0,11.0,0.5151415673828125,True,PUT,2026-11-20,SHOP
SHOP261218C00100000,100.0,52.3,52.5,55.25,10.0,187.0,0.6127968408203126,True,CALL,2026-12-18,SHOP
SHOP261218C00105000,105.0,53.98,49.2,52.65,1.0,56.0,0.6157264990234376,True,CALL,2026-12-18,SHOP
SHOP261218C00110000,110.0,41.75,45.95,48.9,1.0,116.0,0.6008951043701174,True,CALL,2026-12-18,SHOP
SHOP261218C00115000,115.0,40.1,42.8,45.55,1.0,167.0,0.5898478515625001,True,CALL,2026-12-18,SHOP
SHOP261218C00120000,120.0,39.42,40.0,42.75,1.0,93.0,0.5864299169921875,True,CALL,2026-12-18,SHOP
SHOP261218C00125000,125.0,37.62,37.85,39.9,2.0,218.0,0.5864909515380858,True,CALL,2026-12-18,SHOP
SHOP261218C00130000,130.0,35.18,34.7,37.3,3.0,137.0,0.5758709405517577,True,CALL,2026-12-18,SHOP
SHOP261218C00135000,135.0,32.78,32.9,34.8,1.0,279.0,0.5775799078369142,True,CALL,2026-12-18,SHOP
SHOP261218C00140000,140.0,28.8,30.8,32.5,2.0,260.0,0.5756268023681641,True,CALL,2026-12-18,SHOP
SHOP261218C00145000,145.0,29.75,29.35,31.1,1.0,89.0,0.5861552615356446,False,CALL,2026-12-18,SHOP
SHOP261218C00150000,150.0,26.75,27.1,28.2,4.0,417.0,0.5723309368896485,False,CALL,2026-12-18,SHOP
SHOP261218C00155000,155.0,27.8,23.65,26.5,3.0,243.0,0.5566450585937501,False,CALL,2026-12-18,SHOP
SHOP261218C00160000,160.0,21.65,21.8,24.45,3.0,1258.0,0.5507552249145509,False,CALL,2026-12-18,SHOP
SHOP261218C00165000,165.0,22.1,20.35,23.1,1.0,269.0,0.5531660894775392,False,CALL,2026-12-18,SHOP
SHOP261218C00170000,170.0,18.6,18.55,21.95,20.0,313.0,0.5522810885620117,False,CALL,2026-12-18,SHOP
SHOP261218C00175000,175.0,18.07,17.1,20.55,1.0,356.0,0.5505416040039064,False,CALL,2026-12-18,SHOP
SHOP261218C00180000,180.0,15.55,15.65,18.45,3.0,231.0,0.5404709039306643,False,CALL,2026-12-18,SHOP
SHOP261218C00185000,185.0,15.5,14.5,17.15,4.0,99.0,0.5390976266479494,False,CALL,2026-12-18,SHOP
SHOP261218P00100000,100.0,9.25,8.45,9.25,25.0,226.0,0.5496260858154298,False,PUT,2026-12-18,SHOP
SHOP261218P00105000,105.0,10.8,9.4,11.55,25.0,76.0,0.5460860821533204,False,PUT,2026-12-18,SHOP
SHOP261218P00110000,110.0,12.68,11.55,13.45,1.0,456.0,0.5487105676269532,False,PUT,2026-12-18,SHOP
SHOP261218P00115000,115.0,14.05,12.65,15.25,1.0,213.0,0.5335129656982422,False,PUT,2026-12-18,SHOP
SHOP261218P00120000,120.0,16.66,14.6,17.45,1.0,595.0,0.5300950311279298,False,PUT,2026-12-18,SHOP
SHOP261218P00125000,125.0,18.51,17.1,19.65,1.0,906.0,0.5293626165771486,False,PUT,2026-12-18,SHOP
SHOP261218P00130000,130.0,21.1,19.95,21.2,4.0,259.0,0.522343643798828,False,PUT,2026-12-18,SHOP
SHOP261218P00135000,135.0,24.08,22.35,23.35,24.0,380.0,0.5141650146484374,False,PUT,2026-12-18,SHOP
SHOP261218P00140000,140.0,26.15,24.9,26.7,11.0,757.0,0.516606396484375,False,PUT,2026-12-18,SHOP
SHOP261218P00145000,145.0,28.95,26.7,30.1,49.0,671.0,0.5095263891601562,True,PUT,2026-12-18,SHOP
SHOP261218P00150000,150.0,31.45,29.75,32.15,8.0,476.0,0.5217027810668945,True,PUT,2026-12-18,SHOP
SHOP261218P00155000,155.0,34.63,33.25,35.95,15.0,98.0,0.5069629382324219,True,PUT,2026-12-18,SHOP
SHOP261218P00160000,160.0,39.1,36.2,38.95,24.0,175.0,0.5254869229125977,True,PUT,2026-12-18,SHOP
SHOP261218P00165000,165.0,40.96,39.6,42.3,52.0,20.0,0.5232286447143554,True,PUT,2026-12-18,SHOP
SHOP261218P00170000,170.0,45.25,42.8,45.65,2.0,58.0,0.5189562265014648,True,PUT,2026-12-18,SHOP
SHOP261218P00175000,175.0,48.95,46.4,49.1,15.0,122.0,0.514653291015625,True,PUT,2026-12-18,SHOP
SHOP261218P00180000,180.0,43.3,49.3,52.7,52.0,60.0,0.5112963909912109,True,PUT,2026-12-18,SHOP
SHOP261218P00185000,185.0,46.76,53.8,56.3,10.0,37.0,0.5061084545898438,True,PUT,2026-12-18,SHOP
SHOP270115C00100000,100.0,54.7,53.7,56.7,13.0,1353.0,0.6233252999877931,True,CALL,2027-01-15,SHOP
SHOP270115C00105000,105.0,51.9,50.05,52.75,4.0,238.0,0.6026040716552736,True,CALL,2027-01-15,SHOP
SHOP270115C00110000,110.0,45.3,46.85,49.4,1.0,193.0,0.5929606134033205,True,CALL,2027-01-15,SHOP
SHOP270115C00115000,115.0,41.5,43.9,46.45,1.0,238.0,0.5881999188232423,True,CALL,2027-01-15,SHOP
SHOP270115C00120000,120.0,43.0,41.6,44.0,11.0,1328.0,0.5929606134033205,True,CALL,2027-01-15,SHOP
SHOP270115C00125000,125.0,40.05,39.7,40.75,4.0,465.0,0.5902750933837893,True,CALL,2027-01-15,SHOP
SHOP270115C00130000,130.0,36.75,36.0,38.65,7.0,587.0,0.5786785296630859,True,CALL,2027-01-15,SHOP
SHOP270115C00135000,135.0,33.28,33.9,36.75,4.0,294.0,0.582462671508789,True,CALL,2027-01-15,SHOP
SHOP270115C00140000,140.0,32.68,31.55,33.4,10.0,2195.0,0.5677228286743164,True,CALL,2027-01-15,SHOP
SHOP270115C00145000,145.0,27.36,28.7,32.05,10.0,682.0,0.5651288604736329,False,CALL,2027-01-15,SHOP
SHOP270115C00150000,150.0,27.95,27.5,29.25,6.0,1495.0,0.5622602368164062,False,CALL,2027-01-15,SHOP
SHOP270115C00155000,155.0,26.0,25.4,27.45,1.0,584.0,0.5583540258789064,False,CALL,2027-01-15,SHOP
SHOP270115C00160000,160.0,24.9,24.35,25.5,3.0,937.0,0.5606123040771485,False,CALL,2027-01-15,SHOP
SHOP270115C00165000,165.0,21.2,21.2,24.45,12.0,449.0,0.550358500366211,False,CALL,2027-01-15,SHOP
SHOP270115C00170000,170.0,20.39,20.4,22.85,11.0,1125.0,0.5544783322143555,False,CALL,2027-01-15,SHOP
SHOP270115C00175000,175.0,19.35,18.9,20.7,1.0,1967.0,0.545750392150879,False,CALL,2027-01-15,SHOP
SHOP270115C00180000,180.0,16.95,18.4,19.5,7.0,460.0,0.5530135031127931,False,CALL,2027-01-15,SHOP
SHOP270115C00185000,185.0,16.0,15.55,18.05,1.0,273.0,0.5351608984375,False,CALL,2027-01-15,SHOP
SHOP270115P00100000,100.0,9.85,9.0,9.85,12.0,2299.0,0.5432784930419923,False,PUT,2027-01-15,SHOP
SHOP270115P00105000,105.0,11.3,9.9,12.55,1.0,1704.0,0.5431564239501954,False,PUT,2027-01-15,SHOP
SHOP270115P00110000,110.0,12.75,12.0,12.75,3.0,1128.0,0.523442265625,False,PUT,2027-01-15,SHOP
SHOP270115P00115000,115.0,14.55,13.4,15.5,2.0,971.0,0.5231370928955077,False,PUT,2027-01-15,SHOP
SHOP270115P00120000,120.0,16.5,16.1,18.45,1.0,2662.0,0.5352829675292969,False,PUT,2027-01-15,SHOP
SHOP270115P00125000,125.0,19.2,18.05,20.45,4.0,989.0,0.5257615783691407,False,PUT,2027-01-15,SHOP
SHOP270115P00130000,130.0,21.25,20.35,21.75,2.0,2205.0,0.510472424621582,False,PUT,2027-01-15,SHOP
SHOP270115P00135000,135.0,23.9,23.1,23.8,1.0,697.0,0.5047351773071288,False,PUT,2027-01-15,SHOP
SHOP270115P00140000,140.0,26.65,25.45,27.25,270.0,822.0,0.50586431640625,False,PUT,2027-01-15,SHOP
SHOP270115P00145000,145.0,29.65,28.3,30.7,1.0,1594.0,0.5089770782470704,True,PUT,2027-01-15,SHOP
SHOP270115P00150000,150.0,33.3,31.15,33.65,75.0,716.0,0.5050403500366211,True,PUT,2027-01-15,SHOP
SHOP270115P00155000,155.0,36.85,33.7,36.6,38.0,331.0,0.5222826092529296,True,PUT,2027-01-15,SHOP
SHOP270115P00160000,160.0,38.6,36.85,39.65,2.0,153.0,0.5166979483032227,True,PUT,2027-01-15,SHOP
SHOP270115P00165000,165.0,42.32,40.1,42.85,3.0,66.0,0.5118457019042968,True,PUT,2027-01-15,SHOP
SHOP270115P00170000,170.0,45.96,43.7,46.25,2.0,98.0,0.5087024227905274,True,PUT,2027-01-15,SHOP
SHOP270115P00175000,175.0,38.75,47.2,49.7,1.0,190.0,0.5046436254882812,True,PUT,2027-01-15,SHOP
SHOP270115P00180000,180.0,40.85,50.85,53.35,2.0,559.0,0.5024768991088868,True,PUT,2027-01-15,SHOP
SHOP270115P00185000,185.0,49.4,43.5,0.0,1.0,9.0,1.0000000000000003e-05,True,PUT,2027-01-15,SHOP
SHOP270617C00100000,100.0,55.0,58.0,61.0,1.0,5.0,0.613956497192383,True,CALL,2027-06-17,SHOP
SHOP270617C00105000,105.0,53.0,55.0,59.0,1.0,9.0,0.6179237426757813,True,CALL,2027-06-17,SHOP
SHOP270617C00110000,110.0,50.8,52.0,55.5,1.0,14.0,0.604465625305176,True,CALL,2027-06-17,SHOP
SHOP270617C00115000,115.0,48.0,49.5,53.0,5.0,20.0,0.6037332107543948,True,CALL,2027-06-17,SHOP
SHOP270617C00120000,120.0,49.5,46.5,50.55,1.0,38.0,0.5968668243408204,True,CALL,2027-06-17,SHOP
SHOP270617C00125000,125.0,45.0,44.0,47.0,2.0,17.0,0.5832561206054687,True,CALL,2027-06-17,SHOP
SHOP270617C00130000,130.0,42.09,41.5,45.0,1.0,7.0,0.5815471533203125,True,CALL,2027-06-17,SHOP
SHOP270617C00135000,135.0,39.7,39.5,43.0,2.0,3.0,0.582188016052246,True,CALL,2027-06-17,SHOP
SHOP270617C00140000,140.0,35.15,37.0,40.3,1.0,47.0,0.5715985223388673,True,CALL,2027-06-17,SHOP
SHOP270617C00145000,145.0,34.34,35.0,38.3,2.0,9.0,0.5692181750488281,False,CALL,2027-06-17,SHOP
SHOP270617C00150000,150.0,32.2,33.0,36.15,1.0,209.0,0.5642743768310547,False,CALL,2027-06-17,SHOP
SHOP270617C00155000,155.0,32.0,31.5,34.4,9.0,11.0,0.5648847222900393,False,CALL,2027-06-17,SHOP
SHOP270617C00160000,160.0,29.2,29.5,32.55,1.0,248.0,0.5596662686157227,False,CALL,2027-06-17,SHOP
SHOP270617C00165000,165.0,31.8,28.0,30.95,492.0,492.0,0.5589033367919922,False,CALL,2027-06-17,SHOP
SHOP270617C00170000,170.0,26.0,26.0,29.55,11.0,99.0,0.5547224703979493,False,CALL,2027-06-17,SHOP
SHOP270617C00175000,175.0,24.35,24.5,28.0,2.0,73.0,0.552036950378418,False,CALL,2027-06-17,SHOP
SHOP270617C00180000,180.0,24.0,23.0,27.0,15.0,82.0,0.5524031576538085,False,CALL,2027-06-17,SHOP
SHOP270617C00185000,185.0,36.1,22.0,25.5,2.0,23.0,0.5517317776489258,False,CALL,2027-06-17,SHOP
SHOP270617P00100000,100.0,12.85,11.0,14.65,10.0,54.0,0.5301560656738282,False,PUT,2027-06-17,SHOP
SHOP270617P00105000,105.0,15.0,12.5,16.0,12.0,13.0,0.5169420864868165,False,PUT,2027-06-17,SHOP
SHOP270617P00110000,110.0,17.15,14.5,18.8,60.0,85.0,0.5213365737915038,False,PUT,2027-06-17,SHOP
SHOP270617P00115000,115.0,18.9,17.05,19.9,1.0,19.0,0.511876219177246,False,PUT,2027-06-17,SHOP
SHOP270617P00120000,120.0,20.63,19.45,22.15,2.0,343.0,0.5095874237060547,False,PUT,2027-06-17,SHOP
SHOP270617P00125000,125.0,18.3,21.6,24.5,30.0,67.0,0.5038501763916017,False,PUT,2027-06-17,SHOP
SHOP270617P00130000,130.0,23.6,24.05,27.15,1.0,303.0,0.5012256909179689,False,PUT,2027-06-17,SHOP
SHOP270617P00135000,135.0,27.18,27.0,30.0,40.0,119.0,0.5023243127441408,False,PUT,2027-06-17,SHOP
SHOP270617P00140000,140.0,29.7,29.5,32.6,10.0,7.0,0.5203600210571288,False,PUT,2027-06-17,SHOP
SHOP270617P00145000,145.0,32.35,32.5,36.0,2.0,29.0,0.525120715637207,True,PUT,2027-06-17,SHOP
SHOP270617P00150000,150.0,37.42,35.45,39.0,10.0,14.0,0.5220079537963866,True,PUT,2027-06-17,SHOP
SHOP270617P00155000,155.0,40.55,38.5,41.95,14.0,36.0,0.5166674310302735,True,PUT,2027-06-17,SHOP
SHOP270617P00160000,160.0,35.5,41.0,44.95,5.0,7.0,0.5107470800781251,True,PUT,2027-06-17,SHOP
SHOP270617P00165000,165.0,38.25,44.05,48.0,,40.0,0.5042774182128906,True,PUT,2027-06-17,SHOP
SHOP270617P00170000,170.0,39.35,47.5,51.5,2.0,2.0,0.5032398309326171,True,PUT,2027-06-17,SHOP
SHOP270617P00175000,175.0,40.95,51.1,55.0,,0.0,0.5009510354614258,True,PUT,2027-06-17,SHOP
SHOP270617P00180000,180.0,43.95,54.8,58.0,,15.0,0.4899953344726563,True,PUT,2027-06-17,SHOP
SHOP270917C00100000,100.0,62.22,61.3,63.4,4.0,11.0,0.6207618490600587,True,CALL,2027-09-17,SHOP
SHOP270917C00105000,105.0,80.15,57.5,61.0,,1.0,0.6103554589843752,True,CALL,2027-09-17,SHOP
SHOP270917C00110000,110.0,53.49,54.5,58.6,1.0,5.0,0.6058389025878907,True,CALL,2027-09-17,SHOP
SHOP270917C00115000,115.0,73.85,52.0,55.0,,3.0,0.5936930279541017,True,CALL,2027-09-17,SHOP
SHOP270917C00120000,120.0,70.85,49.5,52.7,2.0,3.0,0.5913126806640626,True,CALL,2027-09-17,SHOP
SHOP270917C00125000,125.0,48.8,47.0,50.85,,1.0,0.590946473388672,True,CALL,2027-09-17,SHOP
SHOP270917C00130000,130.0,58.0,45.0,48.2,2.0,1.0,0.5866740551757812,True,CALL,2027-09-17,SHOP
SHOP270917C00135000,135.0,40.46,42.5,46.05,3.0,18.0,0.5810893942260743,True,CALL,2027-09-17,SHOP
SHOP270917C00140000,140.0,41.0,40.5,43.25,,10.0,0.5732464550781251,True,CALL,2027-09-17,SHOP
SHOP270917C00145000,145.0,36.55,38.5,41.3,1.0,51.0,0.5705609350585938,False,CALL,2027-09-17,SHOP
SHOP270917C00150000,150.0,35.8,36.5,39.35,10.0,14.0,0.5667157586669922,False,CALL,2027-09-17,SHOP
SHOP270917C00155000,155.0,46.25,34.5,37.5,1.0,13.0,0.5625043750000001,False,CALL,2027-09-17,SHOP
SHOP270917C00160000,160.0,51.1,33.0,36.35,2.0,51.0,0.5656476541137696,False,CALL,2027-09-17,SHOP
SHOP270917C00170000,170.0,44.34,29.5,32.8,6.0,3.0,0.5566603172302247,False,CALL,2027-09-17,SHOP
SHOP270917C00175000,175.0,27.5,28.0,31.5,45.0,46.0,0.555790574951172,False,CALL,2027-09-17,SHOP
SHOP270917C00180000,180.0,25.83,26.5,30.05,1.0,16.0,0.5529829858398438,False,CALL,2027-09-17,SHOP
SHOP270917C00185000,185.0,24.6,25.0,28.55,2.0,49.0,0.5489852230834963,False,CALL,2027-09-17,SHOP
SHOP270917P00100000,100.0,12.24,12.5,15.75,,1.0,0.5138293246459961,False,PUT,2027-09-17,SHOP
SHOP270917P00110000,110.0,18.95,16.5,19.75,93.0,96.0,0.5059253509521484,False,PUT,2027-09-17,SHOP
SHOP270917P00125000,125.0,20.4,23.5,27.35,,6.0,0.5008289663696289,False,PUT,2027-09-17,SHOP
SHOP270917P00130000,130.0,21.58,26.0,29.5,,1.0,0.5206346765136718,False,PUT,2027-09-17,SHOP
SHOP270917P00135000,135.0,23.64,29.0,32.0,6.0,232.0,0.5141192387390137,False,PUT,2027-09-17,SHOP
SHOP270917P00140000,140.0,25.5,31.5,35.2,2.0,2.0,0.5165758792114258,False,PUT,2027-09-17,SHOP
SHOP270917P00145000,145.0,30.25,34.5,37.4,,53.0,0.503056727294922,True,PUT,2027-09-17,SHOP
SHOP270917P00150000,150.0,32.4,37.45,41.0,10.0,10.0,0.5083667327880859,True,PUT,2027-09-17,SHOP
SHOP270917P00170000,170.0,43.6,49.5,53.5,8.0,20.0,0.4903462831115723,True,PUT,2027-09-17,SHOP
SHOP270917P00175000,175.0,42.3,52.85,57.0,47.0,41.0,0.48825584991455084,True,PUT,2027-09-17,SHOP
SHOP270917P00185000,185.0,48.2,59.0,64.0,,16.0,0.48102325622558595,True,PUT,2027-09-17,SHOP
SHOP271217C00100000,100.0,62.23,62.5,66.45,11.0,43.0,0.6170692590332032,True,CALL,2027-12-17,SHOP
SHOP271217C00105000,105.0,59.5,60.0,63.7,1.0,27.0,0.6137733935546876,True,CALL,2027-12-17,SHOP
SHOP271217C00110000,110.0,56.0,57.5,61.1,13.0,19.0,0.6101418380737306,True,CALL,2027-12-17,SHOP
SHOP271217C00115000,115.0,52.4,55.0,58.6,30.0,46.0,0.6058389025878907,True,CALL,2027-12-17,SHOP
SHOP271217C00120000,120.0,52.34,52.5,55.25,4.0,123.0,0.5936625106811525,True,CALL,2027-12-17,SHOP
SHOP271217C00125000,125.0,47.65,50.0,53.0,10.0,27.0,0.5890238851928712,True,CALL,2027-12-17,SHOP
SHOP271217C00130000,130.0,50.02,47.5,51.0,2.0,328.0,0.5850566397094726,True,CALL,2027-12-17,SHOP
SHOP271217C00135000,135.0,44.98,45.5,48.4,6.0,22.0,0.5792736164855958,True,CALL,2027-12-17,SHOP
SHOP271217C00140000,140.0,43.0,43.5,47.15,4.0,59.0,0.5819438778686524,True,CALL,2027-12-17,SHOP
SHOP271217C00145000,145.0,38.4,42.25,44.35,2.0,61.0,0.5778850805664062,False,CALL,2027-12-17,SHOP
SHOP271217C00150000,150.0,40.78,39.5,43.15,3.0,83.0,0.5735516278076171,False,CALL,2027-12-17,SHOP
SHOP271217C00155000,155.0,40.14,37.5,40.85,2.0,37.0,0.5660138613891602,False,CALL,2027-12-17,SHOP
SHOP271217C00160000,160.0,35.2,36.0,39.75,14.0,51.0,0.5688672264099122,False,CALL,2027-12-17,SHOP
SHOP271217C00165000,165.0,33.7,34.5,37.95,1.0,137.0,0.5661969650268556,False,CALL,2027-12-17,SHOP
SHOP271217C00170000,170.0,31.0,32.6,35.9,1.0,57.0,0.5585218708801272,False,CALL,2027-12-17,SHOP
SHOP271217C00175000,175.0,29.77,31.0,34.4,1.0,51.0,0.5555922126770021,False,CALL,2027-12-17,SHOP
SHOP271217C00180000,180.0,31.5,30.0,32.95,1.0,97.0,0.556065230407715,False,CALL,2027-12-17,SHOP
SHOP271217C00185000,185.0,26.8,28.5,31.35,1.0,44.0,0.5516707431030273,False,CALL,2027-12-17,SHOP
SHOP271217P00100000,100.0,16.27,14.45,18.1,1.0,42.0,0.5185595019531251,False,PUT,2027-12-17,SHOP
SHOP271217P00105000,105.0,18.2,16.1,19.45,20.0,27.0,0.5049487982177734,False,PUT,2027-12-17,SHOP
SHOP271217P00110000,110.0,16.64,18.0,22.4,2.0,202.0,0.5058032818603515,False,PUT,2027-12-17,SHOP
SHOP271217P00115000,115.0,22.84,20.5,24.2,11.0,18.0,0.5001575863647462,False,PUT,2027-12-17,SHOP
SHOP271217P00120000,120.0,24.9,22.45,26.25,35.0,584.0,0.5197801928710937,False,PUT,2027-12-17,SHOP
SHOP271217P00125000,125.0,27.59,25.5,28.7,1.0,167.0,0.5148669119262695,False,PUT,2027-12-17,SHOP
SHOP271217P00130000,130.0,26.84,28.0,31.25,2.0,290.0,0.5101062173461915,False,PUT,2027-12-17,SHOP
SHOP271217P00135000,135.0,32.65,30.55,34.5,24.0,68.0,0.5138903591918945,False,PUT,2027-12-17,SHOP
SHOP271217P00140000,140.0,36.14,33.5,37.15,1.0,48.0,0.5079089736938477,False,PUT,2027-12-17,SHOP
SHOP271217P00145000,145.0,32.99,0.0,0.0,50.0,55.0,1.0000000000000003e-05,True,PUT,2027-12-17,SHOP
SHOP271217P00150000,150.0,35.0,39.5,43.0,6.0,50.0,0.5000660345458985,True,PUT,2027-12-17,SHOP
SHOP271217P00155000,155.0,44.39,42.5,46.0,1.0,54.0,0.49551896087646485,True,PUT,2027-12-17,SHOP
SHOP271217P00160000,160.0,37.5,45.0,48.85,4.0,28.0,0.48801171173095714,True,PUT,2027-12-17,SHOP
SHOP271217P00165000,165.0,39.26,47.5,52.0,2.0,4.0,0.4834493794250489,True,PUT,2027-12-17,SHOP
SHOP271217P00170000,170.0,45.85,52.0,55.5,20.0,29.0,0.4824117921447754,True,PUT,2027-12-17,SHOP
SHOP271217P00175000,175.0,46.8,55.0,58.5,3.0,2.0,0.47403480072021487,True,PUT,2027-12-17,SHOP
SHOP271217P00180000,180.0,59.75,0.0,50.95,19.0,23.0,0.3278875805664062,True,PUT,2027-12-17,SHOP
SHOP271217P00185000,185.0,64.36,61.95,65.5,2.0,1.0,0.4674125524902344,True,PUT,2027-12-17,SHOP
SHOP280121C00100000,100.0,63.22,63.5,66.75,6.0,101.0,0.6134987380981446,True,CALL,2028-01-21,SHOP
SHOP280121C00105000,105.0,61.8,61.0,64.75,1.0,11.0,0.6161537408447266,True,CALL,2028-01-21,SHOP
SHOP280121C00110000,110.0,62.0,58.5,61.5,1.0,88.0,0.606571317138672,True,CALL,2028-01-21,SHOP
SHOP280121C00115000,115.0,80.66,56.0,59.05,9.0,15.0,0.6023599334716798,True,CALL,2028-01-21,SHOP
SHOP280121C00120000,120.0,50.9,53.5,56.4,4.0,104.0,0.5954019952392577,True,CALL,2028-01-21,SHOP
SHOP280121C00125000,125.0,55.4,51.0,54.1,1.0,35.0,0.5900004379272462,True,CALL,2028-01-21,SHOP
SHOP280121C00130000,130.0,48.0,49.25,52.05,1.0,98.0,0.5907328524780274,True,CALL,2028-01-21,SHOP
SHOP280121C00135000,135.0,44.75,46.5,50.05,1.0,10.0,0.5835612933349608,True,CALL,2028-01-21,SHOP
SHOP280121C00140000,140.0,45.0,44.5,48.0,16.0,103.0,0.5803264624023439,True,CALL,2028-01-21,SHOP
SHOP280121C00145000,145.0,43.1,43.2,45.95,15.0,47.0,0.5808299974060058,False,CALL,2028-01-21,SHOP
SHOP280121C00150000,150.0,42.0,40.6,44.25,1.0,386.0,0.5740093869018555,False,CALL,2028-01-21,SHOP
SHOP280121C00155000,155.0,39.25,39.0,42.0,5.0,32.0,0.5693707614135742,False,CALL,2028-01-21,SHOP
SHOP280121C00160000,160.0,36.6,37.15,40.85,2.0,222.0,0.5694012786865235,False,CALL,2028-01-21,SHOP
SHOP280121C00165000,165.0,36.37,35.6,39.1,4.0,531.0,0.5666699827575683,False,CALL,2028-01-21,SHOP
SHOP280121C00170000,170.0,34.0,34.6,37.45,1.0,194.0,0.5672955868530273,False,CALL,2028-01-21,SHOP
SHOP280121C00175000,175.0,34.55,32.6,35.5,7.0,137.0,0.5589338540649414,False,CALL,2028-01-21,SHOP
SHOP280121C00180000,180.0,33.35,31.9,34.3,2.0,168.0,0.5628095477294923,False,CALL,2028-01-21,SHOP
SHOP280121C00185000,185.0,30.0,29.5,33.8,1.0,84.0,0.5596967858886719,False,CALL,2028-01-21,SHOP
SHOP280121P00100000,100.0,17.2,15.75,17.85,8.0,361.0,0.5152941537475585,False,PUT,2028-01-21,SHOP
SHOP280121P00105000,105.0,17.6,17.25,19.9,2.0,29.0,0.5062000064086914,False,PUT,2028-01-21,SHOP
SHOP280121P00110000,110.0,21.4,19.35,22.1,1.0,53.0,0.5019275881958009,False,PUT,2028-01-21,SHOP
SHOP280121P00115000,115.0,23.68,21.5,24.7,8.0,32.0,0.5243577838134765,False,PUT,2028-01-21,SHOP
SHOP280121P00120000,120.0,25.37,24.0,26.5,1.0,55.0,0.5107775973510743,False,PUT,2028-01-21,SHOP
SHOP280121P00125000,125.0,27.39,26.5,29.2,2.0,30.0,0.509495871887207,False,PUT,2028-01-21,SHOP
SHOP280121P00130000,130.0,30.95,29.0,32.0,123.0,248.0,0.5081531118774415,False,PUT,2028-01-21,SHOP
SHOP280121P00135000,135.0,33.72,31.5,34.45,2.0,350.0,0.5006458627319336,False,PUT,2028-01-21,SHOP
SHOP280121P00140000,140.0,36.2,34.5,37.35,7.0,365.0,0.49814344635009766,False,PUT,2028-01-21,SHOP
SHOP280121P00145000,145.0,38.9,37.5,40.5,3.0,50.0,0.49777723907470706,True,PUT,2028-01-21,SHOP
SHOP280121P00150000,150.0,41.0,40.25,43.35,28.0,221.0,0.4923451644897462,True,PUT,2028-01-21,SHOP
SHOP280121P00155000,155.0,45.25,42.5,46.5,26.0,96.0,0.48978171356201183,True,PUT,2028-01-21,SHOP
SHOP280121P00160000,160.0,47.65,45.9,49.25,1.0,327.0,0.48111480804443363,True,PUT,2028-01-21,SHOP
SHOP280121P00165000,165.0,50.93,49.6,52.5,4.0,113.0,0.477895235748291,True,PUT,2028-01-21,SHOP
SHOP280121P00170000,170.0,54.9,52.0,56.0,172.0,189.0,0.47685764846801754,True,PUT,2028-01-21,SHOP
SHOP280121P00175000,175.0,50.46,55.95,59.5,10.0,39.0,0.4749198016357422,True,PUT,2028-01-21,SHOP
SHOP280121P00180000,180.0,53.45,59.35,62.5,1.0,12.0,0.4658866888427735,True,PUT,2028-01-21,SHOP
SHOP281215C00100000,100.0,70.6,70.0,73.4,2.0,22.0,0.6061745925903321,True,CALL,2028-12-15,SHOP
SHOP281215C00105000,105.0,65.75,67.5,71.4,1.0,31.0,0.6042825216674806,True,CALL,2028-12-15,SHOP
SHOP281215C00110000,110.0,66.3,65.0,68.95,10.0,35.0,0.5981790670776368,True,CALL,2028-12-15,SHOP
SHOP281215C00115000,115.0,63.3,63.0,66.0,1.0,10.0,0.5913126806640626,True,CALL,2028-12-15,SHOP
SHOP281215C00120000,120.0,60.75,60.5,64.3,1.0,6.0,0.5886576779174805,True,CALL,2028-12-15,SHOP
SHOP281215C00125000,125.0,57.0,58.5,62.0,1.0,6.0,0.5845378460693358,True,CALL,2028-12-15,SHOP
SHOP281215C00130000,130.0,55.7,56.5,60.55,1.0,75.0,0.5849193119812011,True,CALL,2028-12-15,SHOP
SHOP281215C00135000,135.0,52.0,54.5,58.5,2.0,48.0,0.5808147387695313,True,CALL,2028-12-15,SHOP
SHOP281215C00140000,140.0,52.8,52.5,56.45,6.0,62.0,0.5760845614624023,True,CALL,2028-12-15,SHOP
SHOP281215C00145000,145.0,51.05,50.5,54.65,6.0,13.0,0.5722393850708009,False,CALL,2028-12-15,SHOP
SHOP281215C00150000,150.0,48.4,49.0,52.15,1.0,84.0,0.5666547241210937,False,CALL,2028-12-15,SHOP
SHOP281215C00155000,155.0,45.0,47.0,50.9,2.0,42.0,0.5647931704711916,False,CALL,2028-12-15,SHOP
SHOP281215C00160000,160.0,43.5,45.5,49.5,5.0,158.0,0.5642591181945802,False,CALL,2028-12-15,SHOP
SHOP281215C00165000,165.0,42.6,44.0,47.8,1.0,24.0,0.5615125636291505,False,CALL,2028-12-15,SHOP
SHOP281215C00170000,170.0,42.8,42.5,45.75,1.0,43.0,0.5563856617736818,False,CALL,2028-12-15,SHOP
SHOP281215C00175000,175.0,39.95,41.0,45.0,2.0,18.0,0.5577589390563966,False,CALL,2028-12-15,SHOP
SHOP281215C00180000,180.0,38.0,39.5,43.7,2.0,14.0,0.5556990231323243,False,CALL,2028-12-15,SHOP
SHOP281215C00185000,185.0,38.0,38.0,41.55,44.0,205.0,0.5486953089904787,False,CALL,2028-12-15,SHOP
SHOP281215P00100000,100.0,20.5,18.5,21.7,2.0,7.0,0.49980663772583006,False,PUT,2028-12-15,SHOP
SHOP281215P00105000,105.0,22.8,20.5,23.8,30.0,47.0,0.49326068267822276,False,PUT,2028-12-15,SHOP
SHOP281215P00110000,110.0,24.0,23.9,26.85,1.0,2.0,0.4985706881713867,False,PUT,2028-12-15,SHOP
SHOP281215P00115000,115.0,27.7,25.5,28.4,,37.0,0.48257963714599617,False,PUT,2028-12-15,SHOP
SHOP281215P00120000,120.0,29.58,28.0,31.5,1.0,100.0,0.4858602439880371,False,PUT,2028-12-15,SHOP
SHOP281215P00125000,125.0,32.1,30.5,33.55,1.0,16.0,0.47495031890869144,False,PUT,2028-12-15,SHOP
SHOP281215P00130000,130.0,35.0,33.0,36.5,1.0,6.0,0.4741721284484864,False,PUT,2028-12-15,SHOP
SHOP281215P00135000,135.0,38.1,36.0,39.5,18.0,39.0,0.47295143753051755,False,PUT,2028-12-15,SHOP
SHOP281215P00140000,140.0,41.33,39.0,42.0,18.0,50.0,0.4651390156555176,False,PUT,2028-12-15,SHOP
SHOP281215P00145000,145.0,43.35,41.5,44.4,46.0,20.0,0.45560236785888675,True,PUT,2028-12-15,SHOP
SHOP281215P00150000,150.0,47.19,44.5,48.0,1.0,22.0,0.45856254333496105,True,PUT,2028-12-15,SHOP
SHOP281215P00155000,155.0,45.7,47.95,51.0,24.0,81.0,0.45416805603027344,True,PUT,2028-12-15,SHOP
SHOP281215P00160000,160.0,53.1,49.75,54.0,2.0,26.0,0.44910218872070307,True,PUT,2028-12-15,SHOP
SHOP281215P00175000,175.0,56.5,59.95,63.5,,1.0,0.43527786407470703,True,PUT,2028-12-15,SHOP
SHOP281215P00180000,180.0,57.94,63.85,67.0,,1.0,0.43288225814819337,True,PUT,2028-12-15,SHOP
SLB260130C00035000,35.0,15.65,11.9,15.8,5.0,7.0,2.5468786328124997,True,CALL,2026-01-30,SLB
SLB260130C00036000,36.0,13.29,10.9,14.85,3.0,19.0,2.4531288671875,True,CALL,2026-01-30,SLB
SLB260130C00037000,37.0,12.39,11.15,13.8,5.0,35.0,3.4179702050781247,True,CALL,2026-01-30,SLB
SLB260130C00038000,38.0,11.7,9.9,12.85,1.0,712.0,3.031252421875,True,CALL,2026-01-30,SLB
SLB260130C00038500,38.5,10.34,8.4,12.35,6.0,7.0,1.9921875390625,True,CALL,2026-01-30,SLB
SLB260130C00039000,39.0,10.68,7.95,11.85,3.0,43.0,1.96875015625,True,CALL,2026-01-30,SLB
SLB260130C00040000,40.0,8.95,7.5,10.8,1.0,156.0,2.2500043749999996,True,CALL,2026-01-30,SLB
SLB260130C00040500,40.5,9.0,6.6,10.35,4.0,5.0,1.8515632421875,True,CALL,2026-01-30,SLB
SLB260130C00041000,41.0,7.85,7.4,8.0,6.0,122.0,1.8046884765624998,True,CALL,2026-01-30,SLB
SLB260130C00042000,42.0,7.12,5.5,8.05,3.0,128.0,1.1015669921875002,True,CALL,2026-01-30,SLB
SLB260130C00043000,43.0,6.63,5.35,7.8,2.0,97.0,2.1015672460937496,True,CALL,2026-01-30,SLB
SLB260130C00044000,44.0,5.05,4.35,5.35,9.0,762.0,0.9882813671875,True,CALL,2026-01-30,SLB
SLB260130C00044500,44.5,5.57,3.9,6.15,1.0,1.0,1.6933609082031251,True,CALL,2026-01-30,SLB
SLB260130C00045000,45.0,4.05,3.7,5.15,53.0,226.0,1.478518232421875,True,CALL,2026-01-30,SLB
SLB260130C00046000,46.0,2.95,2.6,3.5,37.0,838.0,0.8867198828124999,True,CALL,2026-01-30,SLB
SLB260130C00046500,46.5,2.68,1.84,3.1,5.0,5.0,0.6972686523437501,True,CALL,2026-01-30,SLB
SLB260130C00047000,47.0,2.16,1.77,2.08,26.0,253.0,0.5488326367187502,True,CALL,2026-01-30,SLB
SLB260130C00047500,47.5,1.91,1.01,2.33,1.0,3.0,0.6562534375000001,True,CALL,2026-01-30,SLB
SLB260130C00048000,48.0,1.09,0.95,1.27,70.0,493.0,0.6015664843750002,True,CALL,2026-01-30,SLB
SLB260130C00048500,48.5,0.75,0.5,0.73,29.0,88.0,0.42578699218750005,True,CALL,2026-01-30,SLB
SLB260130C00049000,49.0,0.4,0.37,0.47,294.0,1223.0,0.414068359375,False,CALL,2026-01-30,SLB
SLB260130C00049500,49.5,0.24,0.12,0.25,303.0,252.0,0.38086556640624997,False,CALL,2026-01-30,SLB
SLB260130C00050000,50.0,0.16,0.09,0.19,154.0,2193.0,0.43555251953125,False,CALL,2026-01-30,SLB
SLB260130C00051000,51.0,0.06,0.01,0.07,87.0,1206.0,0.45703667968750006,False,CALL,2026-01-30,SLB
SLB260130C00052000,52.0,0.02,0.02,0.06,154.0,1020.0,0.5312546875,False,CALL,2026-01-30,SLB
SLB260130C00053000,53.0,0.02,0.0,0.07,97.0,8890.0,0.632816171875,False,CALL,2026-01-30,SLB
SLB260130C00054000,54.0,0.05,0.0,0.64,4.0,74.0,1.2519568652343749,False,CALL,2026-01-30,SLB
SLB260130C00055000,55.0,0.04,0.0,0.04,26.0,147.0,0.7812521875,False,CALL,2026-01-30,SLB
SLB260130C00057000,57.0,0.03,0.0,0.05,7.0,7.0,1.0078174609375,False,CALL,2026-01-30,SLB
SLB260130C00058000,58.0,0.01,0.0,0.75,1.0,2.0,1.8847662011718749,False,CALL,2026-01-30,SLB
SLB260130P00035000,35.0,0.01,0.0,2.13,13.0,57.0,4.3828170214843745,False,PUT,2026-01-30,SLB
SLB260130P00036000,36.0,0.01,0.0,0.01,1.0,50.0,1.5000025,False,PUT,2026-01-30,SLB
SLB260130P00037000,37.0,0.05,0.0,0.53,1.0,20.0,2.566409833984375,False,PUT,2026-01-30,SLB
SLB260130P00038000,38.0,0.01,0.0,2.13,1.0,50.0,3.583985415039063,False,PUT,2026-01-30,SLB
SLB260130P00039000,39.0,0.05,0.0,0.51,1.0,56.0,2.1523483691406247,False,PUT,2026-01-30,SLB
SLB260130P00039500,39.5,0.07,0.0,1.98,,16.0,3.1113303466796873,False,PUT,2026-01-30,SLB
SLB260130P00040000,40.0,0.01,0.0,0.1,2.0,126.0,1.3984405078125,False,PUT,2026-01-30,SLB
SLB260130P00041000,41.0,0.09,0.0,0.91,3.0,14.0,2.0839891650390623,False,PUT,2026-01-30,SLB
SLB260130P00042000,42.0,0.01,0.0,0.01,1.0,240.0,0.8125018749999999,False,PUT,2026-01-30,SLB
SLB260130P00042500,42.5,0.02,0.0,0.87,5.0,5.0,1.7421887890624999,False,PUT,2026-01-30,SLB
SLB260130P00043000,43.0,0.37,0.0,0.7,1.0,59.0,1.5273461132812498,False,PUT,2026-01-30,SLB
SLB260130P00044000,44.0,0.03,0.0,0.28,4.0,129.0,1.015629921875,False,PUT,2026-01-30,SLB
SLB260130P00045000,45.0,0.02,0.0,0.02,5.0,299.0,0.500005,False,PUT,2026-01-30,SLB
SLB260130P00045500,45.5,0.27,0.0,0.7,5.0,30.0,1.017583037109375,False,PUT,2026-01-30,SLB
SLB260130P00046000,46.0,0.01,0.0,0.02,11.0,502.0,0.42969320312500003,False,PUT,2026-01-30,SLB
SLB260130P00046500,46.5,0.01,0.0,0.02,26.0,62.0,0.35938140625,False,PUT,2026-01-30,SLB
SLB260130P00047000,47.0,0.04,0.02,0.05,153.0,471.0,0.35547519531249994,False,PUT,2026-01-30,SLB
SLB260130P00047500,47.5,0.1,0.06,0.09,6.0,235.0,0.33008482421874996,False,PUT,2026-01-30,SLB
SLB260130P00048000,48.0,0.12,0.13,0.16,23.0,590.0,0.3007882421875,False,PUT,2026-01-30,SLB
SLB260130P00048500,48.5,0.31,0.27,0.33,48.0,374.0,0.301764794921875,False,PUT,2026-01-30,SLB
SLB260130P00049000,49.0,0.54,0.48,0.6,121.0,551.0,0.31153032226562494,True,PUT,2026-01-30,SLB
SLB260130P00049500,49.5,0.79,0.69,1.22,110.0,241.0,0.5312546875,True,PUT,2026-01-30,SLB
SLB260130P00050000,50.0,1.22,1.0,1.67,76.0,570.0,0.6113320117187502,True,PUT,2026-01-30,SLB
SLB260130P00051000,51.0,2.23,1.87,2.72,201.0,253.0,0.8632826171875,True,PUT,2026-01-30,SLB
SLB260130P00052000,52.0,1.83,2.64,3.6,5.0,35.0,0.9355475195312499,True,PUT,2026-01-30,SLB
SLB260130P00054000,54.0,4.4,3.15,6.9,2.0,2.0,2.42969142578125,True,PUT,2026-01-30,SLB
SLB260130P00055000,55.0,4.51,4.2,7.95,5.0,0.0,2.6621127197265633,True,PUT,2026-01-30,SLB
SLB260206C00035000,35.0,3.91,13.35,15.85,,1.0,1.935547197265625,True,CALL,2026-02-06,SLB
SLB260206C00036000,36.0,11.93,11.55,14.9,7.0,8.0,1.5332054589843749,True,CALL,2026-02-06,SLB
SLB260206C00037000,37.0,11.9,11.35,12.45,2.0,17.0,1.1035201074218752,True,CALL,2026-02-06,SLB
SLB260206C00038000,38.0,12.47,10.2,12.9,8.0,20.0,1.5449241503906248,True,CALL,2026-02-06,SLB
SLB260206C00039000,39.0,11.85,9.05,11.85,9.0,25.0,1.3681672216796876,True,CALL,2026-02-06,SLB
SLB260206C00040000,40.0,9.0,8.35,10.8,8.0,26.0,1.3300814746093748,True,CALL,2026-02-06,SLB
SLB260206C00041000,41.0,9.08,7.45,9.85,1.0,66.0,1.2568396533203123,True,CALL,2026-02-06,SLB
SLB260206C00042000,42.0,7.0,6.2,8.9,6.0,17.0,1.0908248583984377,True,CALL,2026-02-06,SLB
SLB260206C00042500,42.5,6.6,5.75,8.35,,12.0,1.0351610742187503,True,CALL,2026-02-06,SLB
SLB260206C00043000,43.0,6.87,5.5,7.8,2.0,138.0,1.0268603344726563,True,CALL,2026-02-06,SLB
SLB260206C00044000,44.0,5.51,4.7,6.15,1.0,135.0,0.807619111328125,True,CALL,2026-02-06,SLB
SLB260206C00045000,45.0,4.0,3.5,4.75,35.0,435.0,0.5546919531250001,True,CALL,2026-02-06,SLB
SLB260206C00046000,46.0,4.3,2.27,4.0,1.0,171.0,0.807619111328125,True,CALL,2026-02-06,SLB
SLB260206C00046500,46.5,2.51,2.31,4.3,1.0,18.0,0.6704134521484376,True,CALL,2026-02-06,SLB
SLB260206C00047000,47.0,2.45,1.91,2.75,13.0,382.0,0.584965087890625,True,CALL,2026-02-06,SLB
SLB260206C00047500,47.5,2.01,1.57,2.05,6.0,2.0,0.44824770507812495,True,CALL,2026-02-06,SLB
SLB260206C00048000,48.0,1.75,1.39,1.64,33.0,302.0,0.4106504248046875,True,CALL,2026-02-06,SLB
SLB260206C00048500,48.5,1.33,1.04,1.33,81.0,35.0,0.398443515625,True,CALL,2026-02-06,SLB
SLB260206C00049000,49.0,1.09,0.79,1.05,224.0,483.0,0.38623660644531244,False,CALL,2026-02-06,SLB
SLB260206C00049500,49.5,0.83,0.61,0.83,13.0,147.0,0.38281867187499996,False,CALL,2026-02-06,SLB
SLB260206C00050000,50.0,0.63,0.45,0.65,130.0,965.0,0.38184211914062494,False,CALL,2026-02-06,SLB
SLB260206C00051000,51.0,0.43,0.23,0.39,64.0,325.0,0.383795224609375,False,CALL,2026-02-06,SLB
SLB260206C00052000,52.0,0.19,0.18,0.24,37.0,533.0,0.39649041015625003,False,CALL,2026-02-06,SLB
SLB260206C00053000,53.0,0.18,0.08,0.18,12.0,199.0,0.4335994140625,False,CALL,2026-02-06,SLB
SLB260206C00055000,55.0,0.13,0.0,0.25,10.0,96.0,0.51758294921875,False,CALL,2026-02-06,SLB
SLB260206P00035000,35.0,0.24,0.0,1.4,2.0,7.0,1.8066415917968748,False,PUT,2026-02-06,SLB
SLB260206P00036000,36.0,0.35,0.0,2.13,5.0,20.0,1.9375003125,False,PUT,2026-02-06,SLB
SLB260206P00037000,37.0,0.04,0.0,0.15,1.0,34.0,0.937500625,False,PUT,2026-02-06,SLB
SLB260206P00038000,38.0,0.18,0.0,1.27,6.0,10.0,1.4189482177734376,False,PUT,2026-02-06,SLB
SLB260206P00039000,39.0,0.09,0.0,0.47,1.0,25.0,0.9941406835937501,False,PUT,2026-02-06,SLB
SLB260206P00040000,40.0,0.02,0.0,0.87,3.0,35.0,1.0683640332031252,False,PUT,2026-02-06,SLB
SLB260206P00041000,41.0,0.01,0.0,0.95,10.0,121.0,0.9960937890625,False,PUT,2026-02-06,SLB
SLB260206P00042000,42.0,0.03,0.0,0.41,3.0,86.0,0.702151416015625,False,PUT,2026-02-06,SLB
SLB260206P00043000,43.0,0.07,0.02,0.21,5.0,112.0,0.5351608984375,False,PUT,2026-02-06,SLB
SLB260206P00044000,44.0,0.07,0.0,0.46,50.0,355.0,0.5478560839843751,False,PUT,2026-02-06,SLB
SLB260206P00045000,45.0,0.08,0.07,0.12,7.0,1173.0,0.38086556640624997,False,PUT,2026-02-06,SLB
SLB260206P00046000,46.0,0.19,0.17,0.21,16.0,415.0,0.35742830078125,False,PUT,2026-02-06,SLB
SLB260206P00046500,46.5,0.25,0.24,0.27,17.0,109.0,0.34180345703125,False,PUT,2026-02-06,SLB
SLB260206P00047000,47.0,0.41,0.32,0.4,129.0,36.0,0.3481510498046875,False,PUT,2026-02-06,SLB
SLB260206P00047500,47.5,0.49,0.43,0.5,18.0,14.0,0.33008482421874996,False,PUT,2026-02-06,SLB
SLB260206P00048000,48.0,0.7,0.59,0.71,152.0,802.0,0.340826904296875,False,PUT,2026-02-06,SLB
SLB260206P00048500,48.5,0.8,0.78,0.82,264.0,342.0,0.304694453125,False,PUT,2026-02-06,SLB
SLB260206P00049000,49.0,1.11,1.02,1.23,31.0,318.0,0.35547519531249994,True,PUT,2026-02-06,SLB
SLB260206P00050000,50.0,1.56,1.6,1.78,54.0,123.0,0.32910827148437494,True,PUT,2026-02-06,SLB
SLB260206P00051000,51.0,2.25,2.23,2.87,12.0,173.0,0.4672904833984375,True,PUT,2026-02-06,SLB
SLB260206P00057000,57.0,6.45,6.2,9.5,7.0,7.0,1.2431678466796874,True,PUT,2026-02-06,SLB
SLB260213C00038000,38.0,11.73,10.4,12.85,1.0,22.0,1.193363408203125,True,CALL,2026-02-13,SLB
SLB260213C00039000,39.0,10.85,9.45,11.85,20.0,45.0,1.1162153564453123,True,CALL,2026-02-13,SLB
SLB260213C00040000,40.0,10.63,8.45,10.85,10.0,36.0,1.0293017285156252,True,CALL,2026-02-13,SLB
SLB260213C00041000,41.0,10.0,7.25,9.9,1.0,6.0,0.9125985302734375,True,CALL,2026-02-13,SLB
SLB260213C00042000,42.0,7.6,6.45,8.9,18.0,27.0,0.8657239990234374,True,CALL,2026-02-13,SLB
SLB260213C00043000,43.0,6.33,5.35,7.6,10.0,105.0,0.7060576269531251,True,CALL,2026-02-13,SLB
SLB260213C00044000,44.0,5.97,4.25,5.85,7.0,88.0,0.7490259472656251,True,CALL,2026-02-13,SLB
SLB260213C00045000,45.0,5.08,3.55,4.85,4.0,109.0,0.657229990234375,True,CALL,2026-02-13,SLB
SLB260213C00046000,46.0,4.5,2.71,5.1,2.0,153.0,0.579105771484375,True,CALL,2026-02-13,SLB
SLB260213C00047000,47.0,2.7,2.09,2.65,6.0,109.0,0.4116269775390625,True,CALL,2026-02-13,SLB
SLB260213C00048000,48.0,1.8,1.74,1.85,9.0,362.0,0.36133451171875,True,CALL,2026-02-13,SLB
SLB260213C00049000,49.0,1.43,1.26,1.33,5.0,235.0,0.358404853515625,False,CALL,2026-02-13,SLB
SLB260213C00050000,50.0,0.83,0.82,0.88,67.0,536.0,0.3461979443359374,False,CALL,2026-02-13,SLB
SLB260213C00051000,51.0,0.57,0.57,0.62,51.0,491.0,0.35742830078125,False,CALL,2026-02-13,SLB
SLB260213C00052000,52.0,0.45,0.38,0.43,45.0,81.0,0.3676821044921875,False,CALL,2026-02-13,SLB
SLB260213C00053000,53.0,0.26,0.16,0.33,3.0,57.0,0.39160764648437496,False,CALL,2026-02-13,SLB
SLB260213C00054000,54.0,0.37,0.14,0.25,81.0,79.0,0.411138701171875,False,CALL,2026-02-13,SLB
SLB260213C00058000,58.0,0.38,0.0,0.81,6.0,6.0,0.6806672558593752,False,CALL,2026-02-13,SLB
SLB260213P00038000,38.0,0.48,0.0,1.21,,1.0,1.0488328808593752,False,PUT,2026-02-13,SLB
SLB260213P00039000,39.0,0.04,0.02,0.88,2.0,88.0,0.88476677734375,False,PUT,2026-02-13,SLB
SLB260213P00040000,40.0,0.05,0.0,0.88,1.0,22.0,0.8037129003906249,False,PUT,2026-02-13,SLB
SLB260213P00041000,41.0,0.18,0.0,0.71,1.0,27.0,0.684573466796875,False,PUT,2026-02-13,SLB
SLB260213P00042000,42.0,0.07,0.0,0.41,1.0,90.0,0.526371923828125,False,PUT,2026-02-13,SLB
SLB260213P00043000,43.0,0.12,0.01,0.38,1.0,94.0,0.5537154003906251,False,PUT,2026-02-13,SLB
SLB260213P00044000,44.0,0.13,0.01,0.44,2.0,43.0,0.506840869140625,False,PUT,2026-02-13,SLB
SLB260213P00045000,45.0,0.34,0.22,0.57,7.0,214.0,0.47852083984375,False,PUT,2026-02-13,SLB
SLB260213P00046000,46.0,0.42,0.42,0.46,6.0,171.0,0.36133451171875,False,PUT,2026-02-13,SLB
SLB260213P00047000,47.0,0.63,0.64,0.68,2.0,48.0,0.3437565625,False,PUT,2026-02-13,SLB
SLB260213P00048000,48.0,1.06,1.0,1.03,4.0,95.0,0.33740896972656254,False,PUT,2026-02-13,SLB
SLB260213P00049000,49.0,1.62,1.51,1.56,2.0,34.0,0.34766277343749996,True,PUT,2026-02-13,SLB
SLB260213P00050000,50.0,2.04,1.99,2.21,12.0,557.0,0.36084623535156246,True,PUT,2026-02-13,SLB
SLB260213P00051000,51.0,2.91,2.53,3.3,117.0,158.0,0.46973186523437505,True,PUT,2026-02-13,SLB
SLB260220C00035000,35.0,15.6,13.25,15.85,2.0,1479.0,1.1884806201171876,True,CALL,2026-02-20,SLB
SLB260220C00037000,37.0,12.5,11.4,13.8,5.0,4.0,1.0595750146484377,True,CALL,2026-02-20,SLB
SLB260220C00037500,37.5,12.22,11.0,12.2,3.0,9812.0,0.7939473730468749,True,CALL,2026-02-20,SLB
SLB260220C00038000,38.0,12.42,10.45,12.8,6.0,31.0,0.9951172363281251,True,CALL,2026-02-20,SLB
SLB260220C00039000,39.0,10.8,9.5,11.8,5.0,23.0,0.9311530322265625,True,CALL,2026-02-20,SLB
SLB260220C00040000,40.0,9.0,8.5,9.8,63.0,9203.0,0.6635775830078127,True,CALL,2026-02-20,SLB
SLB260220C00042500,42.5,6.7,6.35,6.8,63.0,8923.0,0.5649457568359376,True,CALL,2026-02-20,SLB
SLB260220C00043500,43.5,3.8,5.0,7.25,,2.0,0.5991251025390626,True,CALL,2026-02-20,SLB
SLB260220C00044000,44.0,5.93,4.55,5.65,5.0,5.0,0.5698285205078125,True,CALL,2026-02-20,SLB
SLB260220C00045000,45.0,4.0,4.05,4.45,405.0,15966.0,0.44336494140625,True,CALL,2026-02-20,SLB
SLB260220C00045500,45.5,4.23,3.3,5.55,7.0,17.0,0.5278367529296876,True,CALL,2026-02-20,SLB
SLB260220C00046000,46.0,4.4,2.95,3.65,9.0,217.0,0.42188078125,True,CALL,2026-02-20,SLB
SLB260220C00046500,46.5,3.1,2.55,3.55,1.0,33.0,0.47559118164062497,True,CALL,2026-02-20,SLB
SLB260220C00047000,47.0,2.71,2.25,2.87,11.0,110.0,0.3930724755859375,True,CALL,2026-02-20,SLB
SLB260220C00047500,47.5,2.2,2.15,2.37,32.0,6393.0,0.3501041552734374,True,CALL,2026-02-20,SLB
SLB260220C00048000,48.0,2.1,1.78,2.06,51.0,653.0,0.3452213916015625,True,CALL,2026-02-20,SLB
SLB260220C00048500,48.5,1.82,1.49,1.77,9.0,418.0,0.3398503515625,True,CALL,2026-02-20,SLB
SLB260220C00049000,49.0,1.6,1.22,1.54,36.0,184.0,0.34229173339843744,False,CALL,2026-02-20,SLB
SLB260220C00049500,49.5,1.32,1.01,1.33,53.0,1603.0,0.3437565625,False,CALL,2026-02-20,SLB
SLB260220C00050000,50.0,1.1,1.01,1.15,1572.0,13861.0,0.34668622070312494,False,CALL,2026-02-20,SLB
SLB260220C00051000,51.0,0.85,0.6,0.86,560.0,1301.0,0.3544986425781249,False,CALL,2026-02-20,SLB
SLB260220C00052000,52.0,0.49,0.46,0.55,322.0,4113.0,0.3398503515625,False,CALL,2026-02-20,SLB
SLB260220C00052500,52.5,0.48,0.38,0.47,741.0,3105.0,0.344733115234375,False,CALL,2026-02-20,SLB
SLB260220C00053000,53.0,0.5,0.36,0.47,78.0,5265.0,0.370123486328125,False,CALL,2026-02-20,SLB
SLB260220C00054000,54.0,0.34,0.2,0.46,2.0,571.0,0.41602146484374997,False,CALL,2026-02-20,SLB
SLB260220C00055000,55.0,0.2,0.16,0.24,74.0,5623.0,0.379889013671875,False,CALL,2026-02-20,SLB
SLB260220C00056000,56.0,0.15,0.01,0.36,2.0,376.0,0.46973186523437505,False,CALL,2026-02-20,SLB
SLB260220C00057000,57.0,0.16,0.05,0.19,36.0,192.0,0.432622861328125,False,CALL,2026-02-20,SLB
SLB260220C00060000,60.0,0.1,0.01,0.45,28.0,153.0,0.5585981640625001,False,CALL,2026-02-20,SLB
SLB260220P00035000,35.0,0.02,0.0,0.28,4.0,2507.0,0.7695335546875001,False,PUT,2026-02-20,SLB
SLB260220P00036000,36.0,0.05,0.0,0.28,1.0,1.0,0.7128934960937501,False,PUT,2026-02-20,SLB
SLB260220P00037500,37.5,0.05,0.0,0.29,4.0,2467.0,0.6367223828125,False,PUT,2026-02-20,SLB
SLB260220P00040000,40.0,0.08,0.02,0.17,1.0,2266.0,0.523442265625,False,PUT,2026-02-20,SLB
SLB260220P00041000,41.0,0.11,0.0,0.41,10.0,21.0,0.59570716796875,False,PUT,2026-02-20,SLB
SLB260220P00042000,42.0,0.09,0.01,0.24,6.0,15.0,0.4580132324218751,False,PUT,2026-02-20,SLB
SLB260220P00042500,42.5,0.14,0.07,0.2,7.0,5148.0,0.4101621484375,False,PUT,2026-02-20,SLB
SLB260220P00043000,43.0,0.09,0.01,0.26,1.0,245.0,0.41211525390625,False,PUT,2026-02-20,SLB
SLB260220P00043500,43.5,0.13,0.01,0.28,1.0,5.0,0.39258419921875,False,PUT,2026-02-20,SLB
SLB260220P00044000,44.0,0.22,0.01,0.3,2.0,43.0,0.3715883154296875,False,PUT,2026-02-20,SLB
SLB260220P00044500,44.5,0.31,0.28,0.38,31.0,332.0,0.3711000390625,False,PUT,2026-02-20,SLB
SLB260220P00045000,45.0,0.37,0.25,0.48,15.0,7201.0,0.372076591796875,False,PUT,2026-02-20,SLB
SLB260220P00045500,45.5,0.51,0.45,0.52,255.0,91.0,0.35156898437499995,False,PUT,2026-02-20,SLB
SLB260220P00046000,46.0,0.57,0.49,0.7,22.0,328.0,0.36524072265625,False,PUT,2026-02-20,SLB
SLB260220P00046500,46.5,0.69,0.67,0.82,103.0,129.0,0.3579165771484375,False,PUT,2026-02-20,SLB
SLB260220P00047000,47.0,0.86,0.76,0.99,2.0,97.0,0.358404853515625,False,PUT,2026-02-20,SLB
SLB260220P00047500,47.5,0.98,1.0,1.19,6.0,1729.0,0.35986968261718744,False,PUT,2026-02-20,SLB
SLB260220P00048000,48.0,1.25,1.2,1.38,55.0,371.0,0.3549869189453124,False,PUT,2026-02-20,SLB
SLB260220P00048500,48.5,1.49,1.43,1.55,14.0,349.0,0.3413151806640625,False,PUT,2026-02-20,SLB
SLB260220P00049000,49.0,1.82,1.68,2.01,143.0,314.0,0.38233039550781245,True,PUT,2026-02-20,SLB
SLB260220P00049500,49.5,1.89,1.85,2.24,114.0,666.0,0.3715883154296875,True,PUT,2026-02-20,SLB
SLB260220P00050000,50.0,2.3,2.12,2.61,6.0,878.0,0.3857483300781249,True,PUT,2026-02-20,SLB
SLB260220P00051000,51.0,3.1,2.85,3.9,1.0,44.0,0.5224657128906249,True,PUT,2026-02-20,SLB
SLB260220P00052000,52.0,3.19,3.65,4.3,2.0,263.0,0.45654840332031255,True,PUT,2026-02-20,SLB
SLB260220P00052500,52.5,3.18,2.95,4.75,2.0,69.0,0.47510290527343746,True,PUT,2026-02-20,SLB
SLB260220P00053000,53.0,3.35,3.3,5.15,26.0,27.0,0.47949739257812496,True,PUT,2026-02-20,SLB
SLB260227C00039000,39.0,7.2,8.35,10.8,1.0,2.0,0.8618177880859376,True,CALL,2026-02-27,SLB
SLB260227C00040000,40.0,10.92,7.8,10.95,2.0,5.0,0.6635775830078127,True,CALL,2026-02-27,SLB
SLB260227C00041000,41.0,5.85,7.25,9.95,,60.0,0.6738313867187502,True,CALL,2026-02-27,SLB
SLB260227C00042000,42.0,8.56,6.15,8.55,1.0,24.0,0.5385788330078126,True,CALL,2026-02-27,SLB
SLB260227C00043000,43.0,7.93,5.35,8.05,5.0,9.0,0.5751995605468749,True,CALL,2026-02-27,SLB
SLB260227C00044000,44.0,6.93,4.65,6.5,3.0,9.0,0.692385888671875,True,CALL,2026-02-27,SLB
SLB260227C00045000,45.0,4.55,3.55,5.75,2.0,64.0,0.6699251757812501,True,CALL,2026-02-27,SLB
SLB260227C00046000,46.0,4.75,2.85,4.8,12.0,67.0,0.6022988989257814,True,CALL,2026-02-27,SLB
SLB260227C00047000,47.0,2.92,2.35,3.1,1.0,108.0,0.38867798828125,True,CALL,2026-02-27,SLB
SLB260227C00048000,48.0,2.38,2.16,2.27,5.0,233.0,0.340826904296875,True,CALL,2026-02-27,SLB
SLB260227C00049000,49.0,1.75,1.68,1.76,3.0,45.0,0.3391179370117187,False,CALL,2026-02-27,SLB
SLB260227C00050000,50.0,1.36,1.25,1.36,23.0,140.0,0.34229173339843744,False,CALL,2026-02-27,SLB
SLB260227C00051000,51.0,1.0,0.95,1.03,7.0,42.0,0.3442448388671875,False,CALL,2026-02-27,SLB
SLB260227C00052000,52.0,0.78,0.69,0.77,1.0,62.0,0.3464420825195312,False,CALL,2026-02-27,SLB
SLB260227C00053000,53.0,0.57,0.53,0.6,34.0,14.0,0.3566958862304687,False,CALL,2026-02-27,SLB
SLB260227C00054000,54.0,0.5,0.29,0.49,5.0,31.0,0.37256486816406253,False,CALL,2026-02-27,SLB
SLB260227C00055000,55.0,0.29,0.21,0.38,6.0,82.0,0.38086556640624997,False,CALL,2026-02-27,SLB
SLB260227C00056000,56.0,0.4,0.09,0.4,8.0,37.0,0.424810439453125,False,CALL,2026-02-27,SLB
SLB260227P00035000,35.0,0.01,0.0,1.08,,1.0,0.918946123046875,False,PUT,2026-02-27,SLB
SLB260227P00037000,37.0,0.06,0.0,1.07,6.0,6.0,0.795900478515625,False,PUT,2026-02-27,SLB
SLB260227P00038000,38.0,0.04,0.0,0.37,1.0,4.0,0.5625043750000001,False,PUT,2026-02-27,SLB
SLB260227P00039000,39.0,0.05,0.0,0.78,1.0,158.0,0.6201209863281252,False,PUT,2026-02-27,SLB
SLB260227P00040000,40.0,0.07,0.0,1.68,1.0,4.0,0.725588681640625,False,PUT,2026-02-27,SLB
SLB260227P00041000,41.0,0.18,0.01,0.66,8.0,161.0,0.6084023535156251,False,PUT,2026-02-27,SLB
SLB260227P00042000,42.0,0.23,0.03,0.3,1.0,28.0,0.42627526855468756,False,PUT,2026-02-27,SLB
SLB260227P00043000,43.0,0.25,0.12,0.82,2.0,38.0,0.5346726220703125,False,PUT,2026-02-27,SLB
SLB260227P00044000,44.0,0.39,0.34,0.44,5.0,9.0,0.370123486328125,False,PUT,2026-02-27,SLB
SLB260227P00045000,45.0,0.45,0.52,0.55,12.0,40.0,0.3442448388671875,False,PUT,2026-02-27,SLB
SLB260227P00046000,46.0,0.7,0.74,0.8,4.0,17.0,0.34229173339843744,False,PUT,2026-02-27,SLB
SLB260227P00047000,47.0,1.03,1.04,1.09,4.0,39.0,0.33350275878906255,False,PUT,2026-02-27,SLB
SLB260227P00049000,49.0,1.97,1.92,2.0,26.0,8.0,0.33301448242187504,True,PUT,2026-02-27,SLB
SLB260227P00050000,50.0,1.81,2.51,2.58,13.0,55.0,0.3320379296875,True,PUT,2026-02-27,SLB
SLB260227P00051000,51.0,2.35,2.95,4.6,1.0,2.0,0.5864299169921875,True,PUT,2026-02-27,SLB
SLB260227P00060000,60.0,13.07,9.55,12.45,,1.0,0.788088056640625,True,PUT,2026-02-27,SLB
SLB260306C00042000,42.0,8.0,6.1,8.3,,2.0,0.711916943359375,True,CALL,2026-03-06,SLB
SLB260306C00048000,48.0,2.46,2.13,2.58,46.0,54.0,0.3579165771484375,True,CALL,2026-03-06,SLB
SLB260306C00049000,49.0,2.9,1.66,2.08,2.0,38.0,0.3569400244140625,False,CALL,2026-03-06,SLB
SLB260306C00050000,50.0,2.15,1.22,1.65,1.0,126.0,0.35596347167968745,False,CALL,2026-03-06,SLB
SLB260306C00051000,51.0,1.85,0.98,1.31,8.0,115.0,0.358404853515625,False,CALL,2026-03-06,SLB
SLB260306C00052000,52.0,1.0,0.72,1.04,1.0,56.0,0.3627993408203125,False,CALL,2026-03-06,SLB
SLB260306C00055000,55.0,0.51,0.29,0.52,3.0,9.0,0.379889013671875,False,CALL,2026-03-06,SLB
SLB260306C00056000,56.0,0.39,0.21,0.54,11.0,17.0,0.4204159521484375,False,CALL,2026-03-06,SLB
SLB260306P00040000,40.0,0.1,0.01,0.82,1.0,1.0,0.5195360546875,False,PUT,2026-03-06,SLB
SLB260306P00050000,50.0,2.43,2.61,3.05,3.0,2.0,0.3764710791015625,True,PUT,2026-03-06,SLB
SLB260306P00052000,52.0,3.65,4.05,4.45,10.0,10.0,0.3874572973632812,True,PUT,2026-03-06,SLB
SLB260320C00035000,35.0,15.43,12.05,14.9,1.0,2812.0,0.8974619628906249,True,CALL,2026-03-20,SLB
SLB260320C00037500,37.5,11.79,11.2,11.7,10.0,2621.0,0.56836369140625,True,CALL,2026-03-20,SLB
SLB260320C00040000,40.0,9.4,9.0,10.45,17.0,6290.0,0.5937540625000001,True,CALL,2026-03-20,SLB
SLB260320C00042500,42.5,7.0,6.7,7.3,12.0,2392.0,0.485356708984375,True,CALL,2026-03-20,SLB
SLB260320C00045000,45.0,5.0,4.5,5.2,32.0,4727.0,0.42627526855468756,True,CALL,2026-03-20,SLB
SLB260320C00047500,47.5,3.27,3.1,3.2,92.0,9714.0,0.35425450439453116,True,CALL,2026-03-20,SLB
SLB260320C00050000,50.0,1.91,1.92,1.99,848.0,20091.0,0.35034829345703117,False,CALL,2026-03-20,SLB
SLB260320C00052500,52.5,1.12,1.1,1.15,4717.0,7921.0,0.3469303588867187,False,CALL,2026-03-20,SLB
SLB260320C00055000,55.0,0.65,0.63,0.69,4388.0,11925.0,0.358404853515625,False,CALL,2026-03-20,SLB
SLB260320C00057500,57.5,0.39,0.33,0.49,136.0,204.0,0.389654541015625,False,CALL,2026-03-20,SLB
SLB260320C00060000,60.0,0.26,0.1,0.26,2763.0,1120.0,0.3857483300781249,False,CALL,2026-03-20,SLB
SLB260320P00035000,35.0,0.09,0.0,0.18,13.0,8020.0,0.5429733203125001,False,PUT,2026-03-20,SLB
SLB260320P00037500,37.5,0.15,0.07,0.18,12.0,8178.0,0.44727115234375,False,PUT,2026-03-20,SLB
SLB260320P00040000,40.0,0.25,0.2,0.28,3.0,2804.0,0.397466962890625,False,PUT,2026-03-20,SLB
SLB260320P00042500,42.5,0.45,0.45,0.48,270.0,3484.0,0.35645174804687496,False,PUT,2026-03-20,SLB
SLB260320P00045000,45.0,0.98,0.94,0.97,95.0,2398.0,0.3415593188476562,False,PUT,2026-03-20,SLB
SLB260320P00047500,47.5,1.89,1.8,1.82,324.0,2596.0,0.33228206787109377,False,PUT,2026-03-20,SLB
SLB260320P00050000,50.0,3.05,3.05,3.15,149.0,1677.0,0.33447931152343746,True,PUT,2026-03-20,SLB
SLB260320P00052500,52.5,4.75,4.45,6.0,7.0,116.0,0.5070850073242188,True,PUT,2026-03-20,SLB
SLB260320P00055000,55.0,5.65,5.3,7.35,1.0,47.0,0.428716650390625,True,PUT,2026-03-20,SLB
SLB260320P00060000,60.0,13.6,9.8,12.0,,1.0,0.5122119091796875,True,PUT,2026-03-20,SLB
SLB260515C00035000,35.0,16.4,13.75,15.45,50.0,748.0,0.5612836840820312,True,CALL,2026-05-15,SLB
SLB260515C00037500,37.5,11.9,11.55,12.45,2.0,1101.0,0.5346726220703125,True,CALL,2026-05-15,SLB
SLB260515C00040000,40.0,9.75,9.35,10.15,15.0,1708.0,0.47290566162109376,True,CALL,2026-05-15,SLB
SLB260515C00042500,42.5,7.95,7.4,7.9,25.0,7148.0,0.41235939208984373,True,CALL,2026-05-15,SLB
SLB260515C00045000,45.0,6.13,5.7,6.15,49.0,4104.0,0.3975890319824219,True,CALL,2026-05-15,SLB
SLB260515C00047500,47.5,4.54,4.35,4.55,31.0,1232.0,0.3764710791015625,True,CALL,2026-05-15,SLB
SLB260515C00050000,50.0,3.2,3.25,3.35,212.0,3829.0,0.3715883154296875,False,CALL,2026-05-15,SLB
SLB260515C00052500,52.5,2.35,2.29,2.37,53.0,1657.0,0.36438623901367195,False,CALL,2026-05-15,SLB
SLB260515C00055000,55.0,1.67,1.64,1.71,1015.0,892.0,0.3676821044921875,False,CALL,2026-05-15,SLB
SLB260515C00057500,57.5,1.2,1.16,1.22,659.0,10434.0,0.37085590087890624,False,CALL,2026-05-15,SLB
SLB260515C00060000,60.0,0.87,0.83,0.88,297.0,942.0,0.3764710791015625,False,CALL,2026-05-15,SLB
SLB260515P00035000,35.0,0.23,0.15,0.34,2.0,1427.0,0.43164630859375,False,PUT,2026-05-15,SLB
SLB260515P00037500,37.5,0.32,0.34,0.49,12.0,765.0,0.39600213378906257,False,PUT,2026-05-15,SLB
SLB260515P00040000,40.0,0.63,0.51,0.76,2.0,1282.0,0.3706117626953125,False,PUT,2026-05-15,SLB
SLB260515P00042500,42.5,1.14,1.13,1.17,5.0,1733.0,0.3481510498046875,False,PUT,2026-05-15,SLB
SLB260515P00045000,45.0,1.92,1.82,1.86,25.0,1457.0,0.336920693359375,False,PUT,2026-05-15,SLB
SLB260515P00047500,47.5,2.83,2.79,2.85,163.0,700.0,0.3303289624023437,False,PUT,2026-05-15,SLB
SLB260515P00050000,50.0,4.2,4.05,4.2,138.0,386.0,0.33130551513671874,True,PUT,2026-05-15,SLB
SLB260515P00052500,52.5,5.7,5.65,5.8,3.0,248.0,0.33020689331054687,True,PUT,2026-05-15,SLB
SLB260515P00060000,60.0,10.4,10.25,12.25,30.0,32.0,0.39038695556640624,True,PUT,2026-05-15,SLB
SLB260618C00035000,35.0,16.0,13.9,15.65,18.0,1292.0,0.5190477783203125,True,CALL,2026-06-18,SLB
SLB260618C00037500,37.5,12.99,11.75,13.25,3.0,2578.0,0.5722699023437501,True,CALL,2026-06-18,SLB
SLB260618C00040000,40.0,10.4,9.9,10.6,14.0,3919.0,0.46582565429687506,True,CALL,2026-06-18,SLB
SLB260618C00042500,42.5,8.95,7.7,8.55,4.0,4427.0,0.4271297521972657,True,CALL,2026-06-18,SLB
SLB260618C00045000,45.0,6.66,6.0,6.8,2.0,4061.0,0.40601179931640624,True,CALL,2026-06-18,SLB
SLB260618C00047500,47.5,5.2,4.9,5.3,58.0,1467.0,0.39160764648437496,True,CALL,2026-06-18,SLB
SLB260618C00050000,50.0,3.9,3.8,4.0,43.0,4360.0,0.37744763183593744,False,CALL,2026-06-18,SLB
SLB260618C00052500,52.5,2.85,2.83,3.0,97.0,719.0,0.3711000390625,False,CALL,2026-06-18,SLB
SLB260618C00055000,55.0,2.25,2.01,2.32,49.0,1401.0,0.37622694091796877,False,CALL,2026-06-18,SLB
SLB260618C00057500,57.5,1.69,1.48,1.74,38.0,395.0,0.3764710791015625,False,CALL,2026-06-18,SLB
SLB260618C00060000,60.0,1.22,1.14,1.36,485.0,1464.0,0.3842835009765625,False,CALL,2026-06-18,SLB
SLB260618P00035000,35.0,0.42,0.35,0.52,1.0,6144.0,0.4194393994140625,False,PUT,2026-06-18,SLB
SLB260618P00037500,37.5,0.64,0.6,0.83,15.0,2954.0,0.4057676611328125,False,PUT,2026-06-18,SLB
SLB260618P00040000,40.0,1.0,0.82,1.1,69.0,1581.0,0.3706117626953125,False,PUT,2026-06-18,SLB
SLB260618P00042500,42.5,1.61,1.57,1.66,53.0,12352.0,0.35767243896484374,False,PUT,2026-06-18,SLB
SLB260618P00045000,45.0,2.37,2.36,2.43,36.0,2110.0,0.3469303588867187,False,PUT,2026-06-18,SLB
SLB260618P00047500,47.5,3.25,3.35,3.7,32.0,736.0,0.35999175170898434,False,PUT,2026-06-18,SLB
SLB260618P00050000,50.0,4.64,4.6,4.95,9.0,1811.0,0.35071450073242183,True,PUT,2026-06-18,SLB
SLB260618P00052500,52.5,6.15,6.2,6.5,7.0,59.0,0.3479069116210937,True,PUT,2026-06-18,SLB
SLB260618P00055000,55.0,7.95,6.8,8.35,1.0,11.0,0.35425450439453116,True,PUT,2026-06-18,SLB
SLB260717C00035000,35.0,11.7,13.65,15.3,11.0,23.0,0.5473678076171876,True,CALL,2026-07-17,SLB
SLB260717C00037500,37.5,10.55,11.9,14.4,5.0,64.0,0.5097705273437501,True,CALL,2026-07-17,SLB
SLB260717C00040000,40.0,12.0,9.8,12.35,1.0,281.0,0.5985147570800782,True,CALL,2026-07-17,SLB
SLB260717C00042500,42.5,8.75,8.05,9.0,1.0,177.0,0.43030354858398445,True,CALL,2026-07-17,SLB
SLB260717C00045000,45.0,6.69,5.45,7.2,19.0,226.0,0.40296007202148443,True,CALL,2026-07-17,SLB
SLB260717C00047500,47.5,5.3,4.95,5.75,5.0,122.0,0.39148557739257805,True,CALL,2026-07-17,SLB
SLB260717C00050000,50.0,4.3,3.95,4.55,2.0,965.0,0.38513798461914056,False,CALL,2026-07-17,SLB
SLB260717C00052500,52.5,3.46,2.9,3.55,3.0,2851.0,0.38013315185546875,False,CALL,2026-07-17,SLB
SLB260717C00055000,55.0,2.55,2.15,2.82,4.0,559.0,0.38294074096679687,False,CALL,2026-07-17,SLB
SLB260717C00057500,57.5,1.98,1.66,1.99,2.0,141.0,0.36499658447265626,False,CALL,2026-07-17,SLB
SLB260717C00060000,60.0,1.59,1.21,1.86,84.0,242.0,0.39771110107421875,False,CALL,2026-07-17,SLB
SLB260717P00035000,35.0,0.6,0.44,0.68,300.0,312.0,0.41211525390625,False,PUT,2026-07-17,SLB
SLB260717P00037500,37.5,0.85,0.68,0.89,4.0,271.0,0.37842418457031246,False,PUT,2026-07-17,SLB
SLB260717P00040000,40.0,1.27,1.14,1.29,471.0,83.0,0.35986968261718744,False,PUT,2026-07-17,SLB
SLB260717P00042500,42.5,1.8,1.52,1.98,22.0,81.0,0.3566958862304687,False,PUT,2026-07-17,SLB
SLB260717P00045000,45.0,2.18,2.23,2.8,3.0,1744.0,0.34705242797851554,False,PUT,2026-07-17,SLB
SLB260717P00047500,47.5,3.14,3.2,3.8,20.0,729.0,0.3355779333496094,False,PUT,2026-07-17,SLB
SLB260717P00050000,50.0,4.55,4.4,5.25,164.0,344.0,0.34204759521484374,True,PUT,2026-07-17,SLB
SLB260717P00052500,52.5,6.25,5.9,6.8,5.0,5.0,0.34009448974609374,True,PUT,2026-07-17,SLB
SLB260821C00037500,37.5,9.5,11.75,14.8,,11.0,0.6267127172851563,True,CALL,2026-08-21,SLB
SLB260821C00040000,40.0,12.12,10.3,12.15,5.0,37.0,0.5275926147460939,True,CALL,2026-08-21,SLB
SLB260821C00042500,42.5,8.6,8.75,9.35,4.0,108.0,0.4206600903320313,True,CALL,2026-08-21,SLB
SLB260821C00045000,45.0,8.0,7.0,7.8,1.0,237.0,0.4118711157226562,True,CALL,2026-08-21,SLB
SLB260821C00047500,47.5,6.6,5.5,6.35,4.0,105.0,0.39880972290039063,True,CALL,2026-08-21,SLB
SLB260821C00050000,50.0,4.85,4.6,4.9,1.0,374.0,0.37476211181640623,False,CALL,2026-08-21,SLB
SLB260821C00052500,52.5,3.67,3.55,4.2,11.0,93.0,0.39111937011718745,False,CALL,2026-08-21,SLB
SLB260821C00055000,55.0,3.11,2.68,3.25,4.0,145.0,0.37964487548828124,False,CALL,2026-08-21,SLB
SLB260821C00057500,57.5,2.62,2.13,2.72,1.0,30.0,0.3885559191894531,False,CALL,2026-08-21,SLB
SLB260821C00060000,60.0,2.08,1.59,2.14,1.0,36.0,0.3852600537109374,False,CALL,2026-08-21,SLB
SLB260821P00035000,35.0,0.63,0.28,0.97,4.0,27.0,0.4194393994140625,False,PUT,2026-08-21,SLB
SLB260821P00037500,37.5,0.93,0.87,1.2,2.0,147.0,0.3833069482421875,False,PUT,2026-08-21,SLB
SLB260821P00040000,40.0,1.92,1.27,1.81,18.0,718.0,0.3802552209472656,False,PUT,2026-08-21,SLB
SLB260821P00042500,42.5,1.94,1.84,2.39,19.0,101.0,0.35986968261718744,False,PUT,2026-08-21,SLB
SLB260821P00045000,45.0,2.9,2.9,3.1,22.0,77.0,0.33887379882812496,False,PUT,2026-08-21,SLB
SLB260821P00047500,47.5,3.65,3.55,4.1,8.0,10.0,0.3267889587402344,False,PUT,2026-08-21,SLB
SLB260821P00050000,50.0,5.15,4.8,5.6,6.0,12.0,0.3354558642578125,True,PUT,2026-08-21,SLB
SLB260821P00060000,60.0,11.25,12.0,12.95,2.0,4.0,0.34668622070312494,True,PUT,2026-08-21,SLB
SLB260918C00035000,35.0,14.54,13.6,15.5,1.0,2353.0,0.4899953344726563,True,CALL,2026-09-18,SLB
SLB260918C00037500,37.5,13.69,12.45,14.55,5.0,2158.0,0.5656781713867188,True,CALL,2026-09-18,SLB
SLB260918C00040000,40.0,11.8,10.3,11.75,5.0,10846.0,0.46179737426757816,True,CALL,2026-09-18,SLB
SLB260918C00042500,42.5,9.4,8.9,9.6,664.0,27582.0,0.41358008300781246,True,CALL,2026-09-18,SLB
SLB260918C00045000,45.0,7.85,7.3,8.05,1.0,7814.0,0.40381455566406255,True,CALL,2026-09-18,SLB
SLB260918C00047500,47.5,6.4,5.95,6.65,4.0,652.0,0.3939269592285156,True,CALL,2026-09-18,SLB
SLB260918C00050000,50.0,5.16,4.9,5.2,24.0,26271.0,0.37085590087890624,False,CALL,2026-09-18,SLB
SLB260918C00052500,52.5,4.2,4.0,4.25,28.0,2336.0,0.370123486328125,False,CALL,2026-09-18,SLB
SLB260918C00055000,55.0,3.42,3.25,3.4,18.0,2676.0,0.3660952062988281,False,CALL,2026-09-18,SLB
SLB260918C00057500,57.5,3.11,2.62,2.88,3.0,915.0,0.3756165954589844,False,CALL,2026-09-18,SLB
SLB260918C00060000,60.0,2.15,2.03,2.26,2030.0,44519.0,0.37036762451171873,False,CALL,2026-09-18,SLB
SLB260918P00035000,35.0,0.84,0.74,0.99,1.0,7831.0,0.39624627197265627,False,PUT,2026-09-18,SLB
SLB260918P00037500,37.5,1.22,1.01,1.27,50.0,3334.0,0.36743796630859377,False,PUT,2026-09-18,SLB
SLB260918P00040000,40.0,1.55,1.44,1.9,8.0,4347.0,0.3648745153808594,False,PUT,2026-09-18,SLB
SLB260918P00042500,42.5,2.16,2.1,2.65,134.0,812.0,0.3580386462402344,False,PUT,2026-09-18,SLB
SLB260918P00045000,45.0,3.0,2.58,3.4,5.0,1270.0,0.3391179370117187,False,PUT,2026-09-18,SLB
SLB260918P00047500,47.5,3.9,3.75,4.5,11.0,101.0,0.33289241333007813,False,PUT,2026-09-18,SLB
SLB260918P00050000,50.0,5.4,5.4,5.85,14.0,215.0,0.33081723876953123,True,PUT,2026-09-18,SLB
SLB260918P00052500,52.5,6.85,6.85,7.7,16.0,33.0,0.34924967163085935,True,PUT,2026-09-18,SLB
SLB260918P00055000,55.0,8.55,8.1,10.15,6.0,7.0,0.3978331701660156,True,PUT,2026-09-18,SLB
SLB260918P00057500,57.5,24.75,22.1,23.25,1.0,1.0,1.096806273803711,True,PUT,2026-09-18,SLB
SLB260918P00060000,60.0,17.05,19.55,20.3,100.0,101.0,0.7980977221679688,True,PUT,2026-09-18,SLB
SLB261218C00035000,35.0,12.67,15.25,17.5,1.0,75.0,0.5860637097167969,True,CALL,2026-12-18,SLB
SLB261218C00037500,37.5,15.02,12.5,15.7,24.0,127.0,0.5647016186523439,True,CALL,2026-12-18,SLB
SLB261218C00040000,40.0,11.98,11.15,13.9,20.0,344.0,0.5388229711914063,True,CALL,2026-12-18,SLB
SLB261218C00042500,42.5,10.43,9.65,10.6,6.0,481.0,0.4146787048339844,True,CALL,2026-12-18,SLB
SLB261218C00045000,45.0,8.8,7.9,9.6,3.0,2621.0,0.43420975952148444,True,CALL,2026-12-18,SLB
SLB261218C00047500,47.5,7.5,7.0,7.8,2.0,450.0,0.39880972290039063,True,CALL,2026-12-18,SLB
SLB261218C00050000,50.0,6.31,5.3,6.5,96.0,674.0,0.3857483300781249,False,CALL,2026-12-18,SLB
SLB261218C00052500,52.5,5.3,3.9,5.45,2.0,103.0,0.3795228063964844,False,CALL,2026-12-18,SLB
SLB261218C00055000,55.0,4.3,4.1,4.45,24.0,2049.0,0.3692079681396484,False,CALL,2026-12-18,SLB
SLB261218C00057500,57.5,3.7,2.96,3.8,11.0,7.0,0.3719545227050781,False,CALL,2026-12-18,SLB
SLB261218C00060000,60.0,3.08,2.65,3.6,5.0,273.0,0.39539178833007815,False,CALL,2026-12-18,SLB
SLB261218P00035000,35.0,1.18,1.07,1.39,10.0,1545.0,0.37842418457031246,False,PUT,2026-12-18,SLB
SLB261218P00037500,37.5,1.77,1.37,1.91,20.0,740.0,0.36817038085937503,False,PUT,2026-12-18,SLB
SLB261218P00040000,40.0,2.35,2.34,2.49,133.0,192.0,0.3534000207519531,False,PUT,2026-12-18,SLB
SLB261218P00042500,42.5,3.85,2.67,3.8,9.0,289.0,0.37830211547851555,False,PUT,2026-12-18,SLB
SLB261218P00045000,45.0,4.05,3.2,4.25,8.0,247.0,0.3382634533691406,False,PUT,2026-12-18,SLB
SLB261218P00047500,47.5,5.58,4.5,5.4,35.0,35.0,0.33289241333007813,False,PUT,2026-12-18,SLB
SLB261218P00050000,50.0,6.1,5.7,6.75,5.0,97.0,0.3297796514892578,True,PUT,2026-12-18,SLB
SLB261218P00052500,52.5,7.95,7.7,8.5,15.0,2.0,0.34009448974609374,True,PUT,2026-12-18,SLB
SLB261218P00055000,55.0,9.5,8.85,9.95,5.0,10.0,0.3263006823730469,True,PUT,2026-12-18,SLB
SLB270115C00035000,35.0,16.0,14.7,16.15,2.0,3086.0,0.45483943603515625,True,CALL,2027-01-15,SLB
SLB270115C00037500,37.5,15.0,12.65,15.1,1.0,836.0,0.4995167236328125,True,CALL,2027-01-15,SLB
SLB270115C00040000,40.0,12.1,11.3,12.35,51.0,2739.0,0.4158993957519531,True,CALL,2027-01-15,SLB
SLB270115C00042500,42.5,10.48,9.7,11.4,13.0,1106.0,0.4461725305175781,True,CALL,2027-01-15,SLB
SLB270115C00045000,45.0,9.0,8.3,9.35,10.0,5264.0,0.4023497265625,True,CALL,2027-01-15,SLB
SLB270115C00047500,47.5,8.25,7.25,8.0,9.0,3462.0,0.3934386828613281,True,CALL,2027-01-15,SLB
SLB270115C00050000,50.0,6.61,6.25,6.95,109.0,19185.0,0.39380489013671877,False,CALL,2027-01-15,SLB
SLB270115C00052500,52.5,5.63,5.15,5.95,8.0,3954.0,0.3902648864746094,False,CALL,2027-01-15,SLB
SLB270115C00055000,55.0,4.55,4.45,4.85,248.0,9046.0,0.37543349182128904,False,CALL,2027-01-15,SLB
SLB270115C00057500,57.5,3.9,3.85,4.15,1004.0,154.0,0.3758607336425781,False,CALL,2027-01-15,SLB
SLB270115C00060000,60.0,3.35,3.2,3.5,141.0,4714.0,0.3737855590820312,False,CALL,2027-01-15,SLB
SLB270115P00035000,35.0,1.34,1.22,2.0,20.0,10335.0,0.4188290539550781,False,PUT,2027-01-15,SLB
SLB270115P00037500,37.5,1.94,1.47,2.37,10.0,3038.0,0.38941040283203127,False,PUT,2027-01-15,SLB
SLB270115P00040000,40.0,2.4,2.18,2.93,1.0,1710.0,0.36939107177734376,False,PUT,2027-01-15,SLB
SLB270115P00042500,42.5,3.35,2.97,3.45,2.0,357.0,0.3414372497558594,False,PUT,2027-01-15,SLB
SLB270115P00045000,45.0,4.55,4.3,4.9,33.0,3443.0,0.3614565808105469,False,PUT,2027-01-15,SLB
SLB270115P00047500,47.5,5.15,4.75,5.85,53.0,1673.0,0.34363449340820307,False,PUT,2027-01-15,SLB
SLB270115P00050000,50.0,6.7,6.0,7.2,6.0,317.0,0.34009448974609374,True,PUT,2027-01-15,SLB
SLB270115P00052500,52.5,8.15,7.45,8.8,5.0,180.0,0.34204759521484374,True,PUT,2027-01-15,SLB
SLB270115P00055000,55.0,10.2,9.05,10.4,5.0,46.0,0.3371648315429688,True,PUT,2027-01-15,SLB
SLB270115P00060000,60.0,17.13,12.75,13.9,1.0,1.0,0.3236151623535155,True,PUT,2027-01-15,SLB
SLB280121C00035000,35.0,17.5,16.1,18.75,2.0,2861.0,0.45752495605468757,True,CALL,2028-01-21,SLB
SLB280121C00037500,37.5,15.69,15.25,16.35,10.0,141.0,0.40906352661132805,True,CALL,2028-01-21,SLB
SLB280121C00040000,40.0,14.45,13.1,14.7,5.0,490.0,0.3961242028808594,True,CALL,2028-01-21,SLB
SLB280121C00042500,42.5,12.8,12.55,15.0,7.0,282.0,0.4621635815429688,True,CALL,2028-01-21,SLB
SLB280121C00045000,45.0,11.75,10.5,12.15,49.0,915.0,0.3915466119384765,True,CALL,2028-01-21,SLB
SLB280121C00047500,47.5,10.7,10.0,10.95,4.0,471.0,0.38660281372070304,True,CALL,2028-01-21,SLB
SLB280121C00050000,50.0,9.5,9.05,10.15,9.0,1952.0,0.3934386828613281,False,CALL,2028-01-21,SLB
SLB280121C00052500,52.5,8.7,8.1,9.25,10.0,17.0,0.39313351013183595,False,CALL,2028-01-21,SLB
SLB280121C00055000,55.0,7.78,6.4,8.2,1.0,194.0,0.38446660461425775,False,CALL,2028-01-21,SLB
SLB280121C00057500,57.5,6.9,6.0,7.95,2.0,9.0,0.40241076110839846,False,CALL,2028-01-21,SLB
SLB280121C00060000,60.0,6.3,5.7,6.3,10.0,517.0,0.36652244812011714,False,CALL,2028-01-21,SLB
SLB280121P00035000,35.0,3.01,2.24,3.15,5.0,3981.0,0.35864899169921877,False,PUT,2028-01-21,SLB
SLB280121P00037500,37.5,3.75,2.9,4.2,4.0,49.0,0.36499658447265626,False,PUT,2028-01-21,SLB
SLB280121P00040000,40.0,4.7,4.45,4.7,2.0,225.0,0.3396672479248046,False,PUT,2028-01-21,SLB
SLB280121P00042500,42.5,5.32,4.9,6.2,11.0,94.0,0.35474278076171867,False,PUT,2028-01-21,SLB
SLB280121P00045000,45.0,6.59,6.35,7.3,8.0,182.0,0.34754070434570306,False,PUT,2028-01-21,SLB
SLB280121P00047500,47.5,8.48,6.3,8.75,12.0,20.0,0.34998208618164056,False,PUT,2028-01-21,SLB
SLB280121P00050000,50.0,9.19,8.9,9.25,10.0,98.0,0.3131172204589844,True,PUT,2028-01-21,SLB
SLB280121P00052500,52.5,10.35,8.9,10.95,86.0,88.0,0.31763377685546873,True,PUT,2028-01-21,SLB
SLB280121P00055000,55.0,11.79,10.25,12.7,5.0,7.0,0.32031929687499994,True,PUT,2028-01-21,SLB
SLB280121P00060000,60.0,18.5,14.05,16.1,,12.0,0.31238480590820306,True,PUT,2028-01-21,SLB
SMCI260130C00021000,21.0,8.55,8.35,9.3,2.0,162.0,0.500005,True,CALL,2026-01-30,SMCI
SMCI260130C00022000,22.0,7.42,7.6,8.05,12.0,228.0,0.500005,True,CALL,2026-01-30,SMCI
SMCI260130C00023000,23.0,6.9,6.15,7.35,1.0,12.0,3.425782685546875,True,CALL,2026-01-30,SMCI
SMCI260130C00024000,24.0,5.95,5.6,6.3,21.0,49.0,2.000005,True,CALL,2026-01-30,SMCI
SMCI260130C00025000,25.0,5.05,4.65,5.3,17.0,158.0,1.78125109375,True,CALL,2026-01-30,SMCI
SMCI260130C00025500,25.5,4.09,3.8,4.8,4.0,7.0,2.339847900390624,True,CALL,2026-01-30,SMCI
SMCI260130C00026000,26.0,3.72,3.2,4.3,1.0,209.0,2.14844212890625,True,CALL,2026-01-30,SMCI
SMCI260130C00026500,26.5,3.32,2.94,3.95,1.0,6.0,1.2382850585937497,True,CALL,2026-01-30,SMCI
SMCI260130C00027000,27.0,2.26,2.53,3.3,5.0,66.0,1.0078174609375,True,CALL,2026-01-30,SMCI
SMCI260130C00027500,27.5,2.44,2.16,2.87,16.0,89.0,1.08984830078125,True,CALL,2026-01-30,SMCI
SMCI260130C00028000,28.0,2.2,1.6,2.3,84.0,485.0,0.8007832421875,True,CALL,2026-01-30,SMCI
SMCI260130C00028500,28.5,1.49,1.39,1.56,45.0,614.0,0.6875031250000001,True,CALL,2026-01-30,SMCI
SMCI260130C00029000,29.0,1.1,1.06,1.15,429.0,1015.0,0.6972686523437501,True,CALL,2026-01-30,SMCI
SMCI260130C00029500,29.5,0.74,0.7,0.79,671.0,545.0,0.648441015625,True,CALL,2026-01-30,SMCI
SMCI260130C00030000,30.0,0.47,0.47,0.5,2919.0,2885.0,0.6425816992187501,False,CALL,2026-01-30,SMCI
SMCI260130C00030500,30.5,0.29,0.28,0.31,2815.0,1318.0,0.64062859375,False,CALL,2026-01-30,SMCI
SMCI260130C00031000,31.0,0.19,0.16,0.19,2601.0,3744.0,0.65039412109375,False,CALL,2026-01-30,SMCI
SMCI260130C00031500,31.5,0.1,0.09,0.11,2790.0,3250.0,0.6601596484375001,False,CALL,2026-01-30,SMCI
SMCI260130C00032000,32.0,0.06,0.06,0.07,2182.0,23208.0,0.70312796875,False,CALL,2026-01-30,SMCI
SMCI260130C00032500,32.5,0.04,0.04,0.05,1687.0,3602.0,0.7500025,False,CALL,2026-01-30,SMCI
SMCI260130C00033000,33.0,0.03,0.04,0.05,6106.0,9335.0,0.851563984375,False,CALL,2026-01-30,SMCI
SMCI260130C00033500,33.5,0.02,0.02,0.03,15986.0,17887.0,0.8437515624999999,False,CALL,2026-01-30,SMCI
SMCI260130C00034000,34.0,0.01,0.01,0.03,1209.0,22331.0,0.9062509375,False,CALL,2026-01-30,SMCI
SMCI260130C00034500,34.5,0.02,0.01,0.03,4391.0,12651.0,0.98437515625,False,CALL,2026-01-30,SMCI
SMCI260130C00035000,35.0,0.02,0.01,0.02,2082.0,12287.0,1.015629921875,False,CALL,2026-01-30,SMCI
SMCI260130C00035500,35.5,0.01,0.0,0.02,16078.0,16632.0,1.0312548437500002,False,CALL,2026-01-30,SMCI
SMCI260130C00036000,36.0,0.01,0.0,0.01,5652.0,7521.0,1.000005,False,CALL,2026-01-30,SMCI
SMCI260130C00036500,36.5,0.01,0.0,0.03,16.0,421.0,1.2500037499999999,False,CALL,2026-01-30,SMCI
SMCI260130C00037000,37.0,0.02,0.0,0.02,4360.0,13477.0,1.2500037499999999,False,CALL,2026-01-30,SMCI
SMCI260130C00037500,37.5,0.01,0.0,0.05,7.0,1893.0,1.484377578125,False,CALL,2026-01-30,SMCI
SMCI260130C00038000,38.0,0.01,0.0,0.02,222.0,3741.0,1.3750031249999999,False,CALL,2026-01-30,SMCI
SMCI260130C00038500,38.5,0.01,0.0,0.05,4.0,2004.0,1.625001875,False,CALL,2026-01-30,SMCI
SMCI260130P00021000,21.0,0.01,0.0,0.05,59.0,3111.0,2.2343794140624995,False,PUT,2026-01-30,SMCI
SMCI260130P00022000,22.0,0.01,0.0,0.03,1.0,289.0,1.8437507812499998,False,PUT,2026-01-30,SMCI
SMCI260130P00023000,23.0,0.03,0.0,0.02,28.0,1231.0,1.5000025,False,PUT,2026-01-30,SMCI
SMCI260130P00024000,24.0,0.01,0.0,0.02,1.0,1572.0,1.2812535937499998,False,PUT,2026-01-30,SMCI
SMCI260130P00024500,24.5,0.03,0.0,0.06,166.0,166.0,1.3906280468749999,False,PUT,2026-01-30,SMCI
SMCI260130P00025000,25.0,0.01,0.01,0.02,84.0,2525.0,1.140629296875,False,PUT,2026-01-30,SMCI
SMCI260130P00025500,25.5,0.01,0.01,0.03,18.0,822.0,1.0781296093750001,False,PUT,2026-01-30,SMCI
SMCI260130P00026000,26.0,0.05,0.01,0.05,150.0,5830.0,1.0312548437500002,False,PUT,2026-01-30,SMCI
SMCI260130P00026500,26.5,0.03,0.01,0.04,12.0,953.0,0.87500125,False,PUT,2026-01-30,SMCI
SMCI260130P00027000,27.0,0.03,0.01,0.05,1268.0,6295.0,0.789064609375,False,PUT,2026-01-30,SMCI
SMCI260130P00027500,27.5,0.05,0.03,0.05,364.0,1556.0,0.710940390625,False,PUT,2026-01-30,SMCI
SMCI260130P00028000,28.0,0.07,0.06,0.08,519.0,3204.0,0.6718782812500002,False,PUT,2026-01-30,SMCI
SMCI260130P00028500,28.5,0.14,0.1,0.16,692.0,1723.0,0.65039412109375,False,PUT,2026-01-30,SMCI
SMCI260130P00029000,29.0,0.22,0.19,0.23,2068.0,4265.0,0.6015664843750002,False,PUT,2026-01-30,SMCI
SMCI260130P00029500,29.5,0.34,0.34,0.38,811.0,2662.0,0.57812921875,False,PUT,2026-01-30,SMCI
SMCI260130P00030000,30.0,0.6,0.58,0.62,2103.0,5249.0,0.5742230078125,True,PUT,2026-01-30,SMCI
SMCI260130P00030500,30.5,0.91,0.86,0.96,3966.0,2711.0,0.5625043750000001,True,PUT,2026-01-30,SMCI
SMCI260130P00031000,31.0,1.3,1.23,1.32,594.0,3262.0,0.5273484765625001,True,PUT,2026-01-30,SMCI
SMCI260130P00031500,31.5,1.73,1.66,1.8,155.0,2070.0,0.5585981640625001,True,PUT,2026-01-30,SMCI
SMCI260130P00032000,32.0,2.26,2.1,2.38,875.0,2287.0,0.70312796875,True,PUT,2026-01-30,SMCI
SMCI260130P00032500,32.5,2.6,2.57,2.98,31.0,1240.0,0.9062509375,True,PUT,2026-01-30,SMCI
SMCI260130P00033000,33.0,3.0,2.92,3.4,227.0,1068.0,1.29297228515625,True,PUT,2026-01-30,SMCI
SMCI260130P00033500,33.5,3.98,3.3,4.15,14.0,65.0,0.9687503125,True,PUT,2026-01-30,SMCI
SMCI260130P00034000,34.0,2.31,3.9,4.85,14.0,242.0,1.484377578125,True,PUT,2026-01-30,SMCI
SMCI260130P00034500,34.5,3.45,4.15,5.35,70.0,66.0,1.2578162109375,True,PUT,2026-01-30,SMCI
SMCI260130P00035000,35.0,5.18,4.75,5.45,70.0,339.0,1.8710943945312501,True,PUT,2026-01-30,SMCI
SMCI260130P00035500,35.5,4.15,5.25,6.35,5.0,8.0,1.61328318359375,True,PUT,2026-01-30,SMCI
SMCI260130P00036000,36.0,4.4,5.75,6.85,1.0,10.0,1.7109389453125,True,PUT,2026-01-30,SMCI
SMCI260130P00036500,36.5,5.65,6.15,7.35,1.0,2.0,1.6171894140625,True,PUT,2026-01-30,SMCI
SMCI260130P00037000,37.0,5.27,6.75,7.85,2.0,18.0,1.89453177734375,True,PUT,2026-01-30,SMCI
SMCI260130P00037500,37.5,6.65,7.2,8.35,1.0,1.0,1.890625546875,True,PUT,2026-01-30,SMCI
SMCI260130P00038000,38.0,6.23,7.65,8.85,5.0,21.0,1.8671881640625,True,PUT,2026-01-30,SMCI
SMCI260206C00021000,21.0,10.28,7.9,9.75,274.0,17.0,0.500005,True,CALL,2026-02-06,SMCI
SMCI260206C00022000,22.0,10.28,6.95,8.8,94.0,10.0,1.0390673046875003,True,CALL,2026-02-06,SMCI
SMCI260206C00023000,23.0,8.86,6.0,7.85,1.0,25.0,1.0390673046875003,True,CALL,2026-02-06,SMCI
SMCI260206C00024000,24.0,6.1,5.8,6.55,20.0,45.0,1.2460975195312498,True,CALL,2026-02-06,SMCI
SMCI260206C00025000,25.0,5.1,4.9,5.65,36.0,124.0,1.169926025390625,True,CALL,2026-02-06,SMCI
SMCI260206C00025500,25.5,6.0,4.6,5.2,2.0,3.0,1.1875040625,True,CALL,2026-02-06,SMCI
SMCI260206C00026000,26.0,4.52,4.2,4.7,56.0,249.0,1.1328168359375002,True,CALL,2026-02-06,SMCI
SMCI260206C00026500,26.5,3.89,3.85,4.35,7.0,2.0,1.1455120849609375,True,CALL,2026-02-06,SMCI
SMCI260206C00027000,27.0,3.7,3.55,3.75,97.0,60.0,1.0781296093750001,True,CALL,2026-02-06,SMCI
SMCI260206C00028000,28.0,2.93,2.81,3.15,37.0,370.0,1.0683640332031252,True,CALL,2026-02-06,SMCI
SMCI260206C00028500,28.5,2.67,2.52,2.74,9.0,60.0,1.0380907470703127,True,CALL,2026-02-06,SMCI
SMCI260206C00029000,29.0,2.35,2.31,2.43,346.0,1307.0,1.0488328808593752,True,CALL,2026-02-06,SMCI
SMCI260206C00029500,29.5,2.22,2.01,2.19,747.0,92.0,1.0410204199218753,True,CALL,2026-02-06,SMCI
SMCI260206C00030000,30.0,1.87,1.82,1.92,2347.0,1970.0,1.0449266503906252,False,CALL,2026-02-06,SMCI
SMCI260206C00030500,30.5,1.71,1.58,1.7,632.0,241.0,1.0380907470703127,False,CALL,2026-02-06,SMCI
SMCI260206C00031000,31.0,1.42,1.42,1.5,9542.0,1990.0,1.0468797656250002,False,CALL,2026-02-06,SMCI
SMCI260206C00031500,31.5,1.26,1.22,1.31,225.0,1191.0,1.0380907470703127,False,CALL,2026-02-06,SMCI
SMCI260206C00032000,32.0,1.14,1.1,1.14,6931.0,2906.0,1.0468797656250002,False,CALL,2026-02-06,SMCI
SMCI260206C00032500,32.5,0.99,0.96,1.02,699.0,10515.0,1.0556687841796877,False,CALL,2026-02-06,SMCI
SMCI260206C00033000,33.0,0.86,0.85,0.9,772.0,2396.0,1.0644578027343752,False,CALL,2026-02-06,SMCI
SMCI260206C00033500,33.5,0.77,0.75,0.78,5240.0,702.0,1.0683640332031252,False,CALL,2026-02-06,SMCI
SMCI260206C00034000,34.0,0.66,0.66,0.7,1662.0,2630.0,1.0800827246093752,False,CALL,2026-02-06,SMCI
SMCI260206C00034500,34.5,0.65,0.55,0.65,4412.0,746.0,1.0888717431640624,False,CALL,2026-02-06,SMCI
SMCI260206C00035000,35.0,0.53,0.51,0.55,1532.0,14474.0,1.0976607617187502,False,CALL,2026-02-06,SMCI
SMCI260206C00035500,35.5,0.47,0.46,0.49,230.0,847.0,1.1123091259765625,False,CALL,2026-02-06,SMCI
SMCI260206C00036000,36.0,0.41,0.39,0.44,324.0,2789.0,1.1171919140625,False,CALL,2026-02-06,SMCI
SMCI260206C00036500,36.5,0.35,0.33,0.41,24.0,395.0,1.12891060546875,False,CALL,2026-02-06,SMCI
SMCI260206C00037000,37.0,0.33,0.3,0.35,140.0,1830.0,1.1347699511718752,False,CALL,2026-02-06,SMCI
SMCI260206C00037500,37.5,0.27,0.25,0.33,1.0,175.0,1.1464886425781249,False,CALL,2026-02-06,SMCI
SMCI260206C00038000,38.0,0.26,0.25,0.27,108.0,1865.0,1.158207333984375,False,CALL,2026-02-06,SMCI
SMCI260206C00038500,38.5,0.4,0.09,0.36,23.0,38.0,1.16016044921875,False,CALL,2026-02-06,SMCI
SMCI260206P00021000,21.0,0.09,0.08,0.1,57.0,382.0,1.3046909765624997,False,PUT,2026-02-06,SMCI
SMCI260206P00022000,22.0,0.12,0.11,0.14,27.0,362.0,1.2382850585937497,False,PUT,2026-02-06,SMCI
SMCI260206P00023000,23.0,0.17,0.14,0.2,24.0,834.0,1.1679729101562502,False,PUT,2026-02-06,SMCI
SMCI260206P00023500,23.5,0.21,0.19,0.24,20.0,36.0,1.16016044921875,False,PUT,2026-02-06,SMCI
SMCI260206P00024000,24.0,0.24,0.22,0.27,277.0,749.0,1.12109814453125,False,PUT,2026-02-06,SMCI
SMCI260206P00025000,25.0,0.36,0.35,0.38,299.0,1411.0,1.08984830078125,False,PUT,2026-02-06,SMCI
SMCI260206P00025500,25.5,0.47,0.4,0.47,57.0,177.0,1.0683640332031252,False,PUT,2026-02-06,SMCI
SMCI260206P00026000,26.0,0.53,0.51,0.53,1095.0,2419.0,1.05078599609375,False,PUT,2026-02-06,SMCI
SMCI260206P00026500,26.5,0.65,0.62,0.65,198.0,812.0,1.0449266503906252,False,PUT,2026-02-06,SMCI
SMCI260206P00027000,27.0,0.76,0.74,0.8,243.0,1712.0,1.0410204199218753,False,PUT,2026-02-06,SMCI
SMCI260206P00027500,27.5,0.9,0.87,0.92,196.0,1025.0,1.01953615234375,False,PUT,2026-02-06,SMCI
SMCI260206P00028000,28.0,1.11,1.06,1.12,394.0,1840.0,1.0293017285156252,False,PUT,2026-02-06,SMCI
SMCI260206P00028500,28.5,1.25,1.23,1.32,97.0,401.0,1.021489267578125,False,PUT,2026-02-06,SMCI
SMCI260206P00029000,29.0,1.47,1.45,1.53,355.0,1765.0,1.017583037109375,False,PUT,2026-02-06,SMCI
SMCI260206P00029500,29.5,1.71,1.68,1.75,109.0,248.0,1.0087940185546875,False,PUT,2026-02-06,SMCI
SMCI260206P00030000,30.0,2.0,1.95,2.02,522.0,2951.0,1.0127002490234376,True,PUT,2026-02-06,SMCI
SMCI260206P00030500,30.5,2.12,2.19,2.38,228.0,339.0,1.021489267578125,True,PUT,2026-02-06,SMCI
SMCI260206P00031000,31.0,2.58,2.5,2.61,125.0,1236.0,1.0039112304687499,True,PUT,2026-02-06,SMCI
SMCI260206P00031500,31.5,2.91,2.83,2.99,62.0,211.0,1.021489267578125,True,PUT,2026-02-06,SMCI
SMCI260206P00032000,32.0,3.15,3.15,3.35,61.0,893.0,1.021489267578125,True,PUT,2026-02-06,SMCI
SMCI260206P00032500,32.5,3.39,3.45,3.75,21.0,243.0,1.0166064794921876,True,PUT,2026-02-06,SMCI
SMCI260206P00033000,33.0,3.85,3.85,4.1,38.0,598.0,1.017583037109375,True,PUT,2026-02-06,SMCI
SMCI260206P00033500,33.5,4.16,4.2,4.7,2.0,192.0,1.0742233789062503,True,PUT,2026-02-06,SMCI
SMCI260206P00034000,34.0,4.85,4.55,4.9,23.0,799.0,0.99023447265625,True,PUT,2026-02-06,SMCI
SMCI260206P00034500,34.5,3.79,4.85,5.95,6.0,31.0,1.1757853710937498,True,PUT,2026-02-06,SMCI
SMCI260206P00035000,35.0,5.78,5.35,6.0,71.0,167.0,1.0742233789062503,True,PUT,2026-02-06,SMCI
SMCI260206P00035500,35.5,6.25,5.65,6.45,1.0,4.0,1.0283251708984378,True,PUT,2026-02-06,SMCI
SMCI260206P00036000,36.0,5.37,5.85,7.3,4.0,343.0,1.1035201074218752,True,PUT,2026-02-06,SMCI
SMCI260206P00036500,36.5,5.8,6.3,7.8,9.0,14.0,1.1328168359375002,True,PUT,2026-02-06,SMCI
SMCI260206P00037000,37.0,6.33,6.6,8.4,2.0,28.0,1.1347699511718752,True,PUT,2026-02-06,SMCI
SMCI260206P00037500,37.5,6.4,7.1,8.7,2.0,3.0,1.0722702636718753,True,PUT,2026-02-06,SMCI
SMCI260206P00038000,38.0,6.75,7.95,9.15,2.0,155.0,1.2812535937499998,True,PUT,2026-02-06,SMCI
SMCI260206P00038500,38.5,6.55,8.05,9.9,2.0,3.0,1.2480506347656248,True,PUT,2026-02-06,SMCI
SMCI260213C00021000,21.0,11.15,7.95,9.85,68.0,12.0,0.945313046875,True,CALL,2026-02-13,SMCI
SMCI260213C00022000,22.0,10.41,7.0,8.9,172.0,34.0,0.929688203125,True,CALL,2026-02-13,SMCI
SMCI260213C00023000,23.0,8.86,6.1,8.0,140.0,34.0,0.9414068359375,True,CALL,2026-02-13,SMCI
SMCI260213C00024000,24.0,7.87,5.25,7.1,3.0,16.0,0.9335944140625,True,CALL,2026-02-13,SMCI
SMCI260213C00025000,25.0,5.56,5.15,5.95,2.0,79.0,1.0556687841796877,True,CALL,2026-02-13,SMCI
SMCI260213C00026000,26.0,4.7,4.3,5.0,6.0,17.0,0.9619144433593749,True,CALL,2026-02-13,SMCI
SMCI260213C00027000,27.0,3.93,3.7,4.0,7.0,93.0,0.9072274902343749,True,CALL,2026-02-13,SMCI
SMCI260213C00028000,28.0,3.37,3.1,3.35,22.0,276.0,0.9091805957031249,True,CALL,2026-02-13,SMCI
SMCI260213C00029000,29.0,2.83,2.65,2.75,102.0,528.0,0.922852333984375,True,CALL,2026-02-13,SMCI
SMCI260213C00030000,30.0,2.23,2.16,2.27,950.0,2887.0,0.922852333984375,False,CALL,2026-02-13,SMCI
SMCI260213C00031000,31.0,1.79,1.76,1.85,173.0,770.0,0.9248054394531251,False,CALL,2026-02-13,SMCI
SMCI260213C00032000,32.0,1.43,1.44,1.49,1425.0,8193.0,0.9301764794921875,False,CALL,2026-02-13,SMCI
SMCI260213C00033000,33.0,1.16,1.14,1.19,171.0,1361.0,0.9282233740234375,False,CALL,2026-02-13,SMCI
SMCI260213C00034000,34.0,0.91,0.9,0.95,149.0,1254.0,0.929688203125,False,CALL,2026-02-13,SMCI
SMCI260213C00035000,35.0,0.75,0.73,0.77,630.0,2363.0,0.9423833886718749,False,CALL,2026-02-13,SMCI
SMCI260213C00036000,36.0,0.62,0.62,0.62,132.0,800.0,0.9619144433593749,False,CALL,2026-02-13,SMCI
SMCI260213C00037000,37.0,0.49,0.45,0.54,125.0,1265.0,0.9687503125,False,CALL,2026-02-13,SMCI
SMCI260213C00038000,38.0,0.4,0.4,0.47,29.0,2633.0,1.0039112304687499,False,CALL,2026-02-13,SMCI
SMCI260213P00021000,21.0,0.09,0.1,0.16,10.0,132.0,1.05078599609375,False,PUT,2026-02-13,SMCI
SMCI260213P00022000,22.0,0.2,0.16,0.22,138.0,464.0,1.021489267578125,False,PUT,2026-02-13,SMCI
SMCI260213P00023000,23.0,0.28,0.23,0.32,30.0,997.0,0.9941406835937501,False,PUT,2026-02-13,SMCI
SMCI260213P00024000,24.0,0.33,0.32,0.46,6.0,415.0,0.96679720703125,False,PUT,2026-02-13,SMCI
SMCI260213P00025000,25.0,0.52,0.46,0.55,57.0,1031.0,0.9160164648437501,False,PUT,2026-02-13,SMCI
SMCI260213P00026000,26.0,0.7,0.69,0.72,219.0,596.0,0.8955088574218748,False,PUT,2026-02-13,SMCI
SMCI260213P00027000,27.0,0.95,0.96,1.01,94.0,589.0,0.8876964355468748,False,PUT,2026-02-13,SMCI
SMCI260213P00028000,28.0,1.31,1.31,1.4,76.0,972.0,0.8896495410156249,False,PUT,2026-02-13,SMCI
SMCI260213P00029000,29.0,1.82,1.74,1.83,48.0,666.0,0.885743330078125,False,PUT,2026-02-13,SMCI
SMCI260213P00030000,30.0,2.25,2.24,2.34,77.0,557.0,0.8823253955078124,True,PUT,2026-02-13,SMCI
SMCI260213P00031000,31.0,3.09,2.81,3.05,15.0,323.0,0.905274384765625,True,PUT,2026-02-13,SMCI
SMCI260213P00032000,32.0,3.54,3.45,3.6,84.0,741.0,0.8823253955078124,True,PUT,2026-02-13,SMCI
SMCI260213P00033000,33.0,4.22,4.15,4.35,28.0,725.0,0.8886729882812499,True,PUT,2026-02-13,SMCI
SMCI260213P00034000,34.0,5.03,4.9,5.15,8.0,114.0,0.8945323046874999,True,PUT,2026-02-13,SMCI
SMCI260213P00035000,35.0,5.68,5.3,6.75,1.0,95.0,0.993164130859375,True,PUT,2026-02-13,SMCI
SMCI260213P00036000,36.0,6.72,5.95,7.65,2.0,47.0,0.9648441015625,True,PUT,2026-02-13,SMCI
SMCI260213P00037000,37.0,6.28,6.85,8.5,3.0,17.0,0.971679970703125,True,PUT,2026-02-13,SMCI
SMCI260213P00038000,38.0,6.92,7.8,9.4,2.0,35.0,0.9960937890625,True,PUT,2026-02-13,SMCI
SMCI260220C00023000,23.0,7.5,7.05,7.65,1.0,129.0,1.009770576171875,True,CALL,2026-02-20,SMCI
SMCI260220C00024000,24.0,8.0,5.75,6.8,3.0,52.0,0.8457046679687499,True,CALL,2026-02-20,SMCI
SMCI260220C00025000,25.0,5.34,5.3,5.95,22.0,490.0,0.9179695703125,True,CALL,2026-02-20,SMCI
SMCI260220C00025500,25.5,6.68,4.5,5.55,1.0,4.0,0.80664255859375,True,CALL,2026-02-20,SMCI
SMCI260220C00026000,26.0,6.1,4.2,5.2,2.0,155.0,0.8251970605468748,True,CALL,2026-02-20,SMCI
SMCI260220C00026500,26.5,4.15,4.1,4.85,1.0,7.0,0.875977802734375,True,CALL,2026-02-20,SMCI
SMCI260220C00027000,27.0,4.0,3.95,4.2,12.0,414.0,0.8466812207031249,True,CALL,2026-02-20,SMCI
SMCI260220C00027500,27.5,3.88,3.55,4.0,8.0,25.0,0.851563984375,True,CALL,2026-02-20,SMCI
SMCI260220C00028000,28.0,3.5,3.35,3.6,40.0,1614.0,0.84961087890625,True,CALL,2026-02-20,SMCI
SMCI260220C00028500,28.5,3.2,3.0,3.3,5.0,17.0,0.8339860351562498,True,CALL,2026-02-20,SMCI
SMCI260220C00029000,29.0,3.03,2.86,2.99,69.0,3918.0,0.8471694970703124,True,CALL,2026-02-20,SMCI
SMCI260220C00029500,29.5,2.61,2.62,2.75,174.0,45.0,0.84961087890625,True,CALL,2026-02-20,SMCI
SMCI260220C00030000,30.0,2.45,2.42,2.51,995.0,9463.0,0.8535170898437501,False,CALL,2026-02-20,SMCI
SMCI260220C00030500,30.5,2.24,2.14,2.26,71.0,48.0,0.8369156933593749,False,CALL,2026-02-20,SMCI
SMCI260220C00031000,31.0,2.02,1.98,2.07,274.0,6528.0,0.8457046679687499,False,CALL,2026-02-20,SMCI
SMCI260220C00031500,31.5,1.86,1.81,1.87,69.0,734.0,0.8457046679687499,False,CALL,2026-02-20,SMCI
SMCI260220C00032000,32.0,1.64,1.63,1.72,406.0,4265.0,0.848634326171875,False,CALL,2026-02-20,SMCI
SMCI260220C00032500,32.5,1.5,1.47,1.56,32.0,591.0,0.8476577734374999,False,CALL,2026-02-20,SMCI
SMCI260220C00033000,33.0,1.4,1.36,1.4,1015.0,7321.0,0.8520522607421875,False,CALL,2026-02-20,SMCI
SMCI260220C00033500,33.5,1.3,1.19,1.31,45.0,312.0,0.8535170898437501,False,CALL,2026-02-20,SMCI
SMCI260220C00034000,34.0,1.2,1.07,1.19,223.0,2660.0,0.8549819189453125,False,CALL,2026-02-20,SMCI
SMCI260220C00034500,34.5,1.1,1.0,1.09,24.0,41.0,0.866212275390625,False,CALL,2026-02-20,SMCI
SMCI260220C00035000,35.0,0.95,0.92,0.97,1159.0,13575.0,0.868165380859375,False,CALL,2026-02-20,SMCI
SMCI260220C00035500,35.5,0.87,0.79,0.94,21.0,188.0,0.8740246972656249,False,CALL,2026-02-20,SMCI
SMCI260220C00036000,36.0,0.79,0.75,0.81,154.0,2968.0,0.87500125,False,CALL,2026-02-20,SMCI
SMCI260220C00036500,36.5,0.67,0.66,0.76,5.0,251.0,0.8798840136718749,False,CALL,2026-02-20,SMCI
SMCI260220C00037000,37.0,0.67,0.62,0.69,85.0,3286.0,0.8886729882812499,False,CALL,2026-02-20,SMCI
SMCI260220C00038000,38.0,0.53,0.51,0.58,217.0,2992.0,0.8974619628906249,False,CALL,2026-02-20,SMCI
SMCI260220P00022000,22.0,0.38,0.01,0.31,45.0,522.0,0.8183611914062499,False,PUT,2026-02-20,SMCI
SMCI260220P00023000,23.0,0.36,0.32,0.37,567.0,2595.0,0.88476677734375,False,PUT,2026-02-20,SMCI
SMCI260220P00024000,24.0,0.54,0.43,0.52,4.0,2572.0,0.86132951171875,False,PUT,2026-02-20,SMCI
SMCI260220P00025000,25.0,0.66,0.61,0.69,91.0,6927.0,0.84179845703125,False,PUT,2026-02-20,SMCI
SMCI260220P00025500,25.5,0.77,0.66,0.83,11.0,33.0,0.8281267187499999,False,PUT,2026-02-20,SMCI
SMCI260220P00026000,26.0,0.9,0.85,0.92,71.0,2594.0,0.8300798242187499,False,PUT,2026-02-20,SMCI
SMCI260220P00026500,26.5,1.0,0.97,1.09,16.0,285.0,0.8261736132812498,False,PUT,2026-02-20,SMCI
SMCI260220P00027000,27.0,1.2,1.14,1.25,63.0,2137.0,0.8251970605468748,False,PUT,2026-02-20,SMCI
SMCI260220P00027500,27.5,1.27,1.25,1.46,4.0,367.0,0.815431533203125,False,PUT,2026-02-20,SMCI
SMCI260220P00028000,28.0,1.57,1.51,1.62,835.0,4647.0,0.8193377441406249,False,PUT,2026-02-20,SMCI
SMCI260220P00028500,28.5,1.92,1.73,1.86,18.0,117.0,0.823243955078125,False,PUT,2026-02-20,SMCI
SMCI260220P00029000,29.0,1.98,1.98,1.98,105.0,3036.0,0.805666005859375,False,PUT,2026-02-20,SMCI
SMCI260220P00029500,29.5,2.22,2.17,2.34,260.0,1056.0,0.8139667041015625,False,PUT,2026-02-20,SMCI
SMCI260220P00030000,30.0,2.49,2.45,2.54,369.0,7333.0,0.804689453125,True,PUT,2026-02-20,SMCI
SMCI260220P00030500,30.5,3.1,2.74,2.93,9.0,455.0,0.823243955078125,True,PUT,2026-02-20,SMCI
SMCI260220P00031000,31.0,3.06,3.0,3.2,12.0,2413.0,0.8120135986328124,True,PUT,2026-02-20,SMCI
SMCI260220P00031500,31.5,3.36,3.3,3.55,5.0,480.0,0.815431533203125,True,PUT,2026-02-20,SMCI
SMCI260220P00032000,32.0,3.92,3.65,3.85,10.0,3584.0,0.8139667041015625,True,PUT,2026-02-20,SMCI
SMCI260220P00032500,32.5,4.27,3.9,4.25,10.0,207.0,0.807619111328125,True,PUT,2026-02-20,SMCI
SMCI260220P00033000,33.0,4.49,4.3,4.6,132.0,6238.0,0.81445498046875,True,PUT,2026-02-20,SMCI
SMCI260220P00033500,33.5,4.45,4.6,5.0,2.0,112.0,0.807619111328125,True,PUT,2026-02-20,SMCI
SMCI260220P00034000,34.0,5.2,5.1,5.45,27.0,1798.0,0.8437515624999999,True,PUT,2026-02-20,SMCI
SMCI260220P00034500,34.5,5.55,5.45,5.7,1.0,3.0,0.8085956640624999,True,PUT,2026-02-20,SMCI
SMCI260220P00035000,35.0,6.05,5.85,6.2,120.0,2663.0,0.8291032714843749,True,PUT,2026-02-20,SMCI
SMCI260220P00035500,35.5,5.68,6.05,6.65,1.0,6.0,0.79101771484375,True,PUT,2026-02-20,SMCI
SMCI260220P00036000,36.0,7.3,6.5,7.1,2.0,5907.0,0.804689453125,True,PUT,2026-02-20,SMCI
SMCI260220P00036500,36.5,5.88,6.9,8.0,1.0,5.0,0.9091805957031249,True,PUT,2026-02-20,SMCI
SMCI260220P00037000,37.0,8.02,7.35,7.95,1.0,946.0,0.79687703125,True,PUT,2026-02-20,SMCI
SMCI260220P00038000,38.0,8.94,8.3,8.85,11.0,959.0,0.8164080859374999,True,PUT,2026-02-20,SMCI
SMCI260227C00021000,21.0,9.15,8.9,10.0,36.0,5.0,1.1640666796875,True,CALL,2026-02-27,SMCI
SMCI260227C00022000,22.0,8.1,7.15,8.7,3.0,8.0,0.64648791015625,True,CALL,2026-02-27,SMCI
SMCI260227C00023000,23.0,7.99,6.4,8.15,1.0,3.0,0.840821904296875,True,CALL,2026-02-27,SMCI
SMCI260227C00024000,24.0,7.25,6.1,7.0,1.0,11.0,0.8808605664062499,True,CALL,2026-02-27,SMCI
SMCI260227C00025000,25.0,5.72,5.5,5.9,5.0,38.0,0.8359391406249999,True,CALL,2026-02-27,SMCI
SMCI260227C00026000,26.0,6.59,4.4,5.35,3.0,15.0,0.790041162109375,True,CALL,2026-02-27,SMCI
SMCI260227C00027000,27.0,4.49,4.15,4.65,2.0,32.0,0.852540537109375,True,CALL,2026-02-27,SMCI
SMCI260227C00028000,28.0,3.54,3.65,3.9,17.0,63.0,0.8388687988281249,True,CALL,2026-02-27,SMCI
SMCI260227C00029000,29.0,3.27,3.2,3.3,27.0,43.0,0.8398453515625,True,CALL,2026-02-27,SMCI
SMCI260227C00030000,30.0,2.82,2.78,2.85,120.0,518.0,0.8500991552734375,False,CALL,2026-02-27,SMCI
SMCI260227C00031000,31.0,2.45,2.35,2.43,35.0,284.0,0.8476577734374999,False,CALL,2026-02-27,SMCI
SMCI260227C00032000,32.0,2.14,1.99,2.09,112.0,787.0,0.851563984375,False,CALL,2026-02-27,SMCI
SMCI260227C00033000,33.0,1.7,1.69,1.75,91.0,524.0,0.8510757080078125,False,CALL,2026-02-27,SMCI
SMCI260227C00034000,34.0,1.43,1.42,1.48,39.0,194.0,0.852540537109375,False,CALL,2026-02-27,SMCI
SMCI260227C00035000,35.0,1.22,1.2,1.26,225.0,866.0,0.858399853515625,False,CALL,2026-02-27,SMCI
SMCI260227C00036000,36.0,1.02,1.01,1.05,54.0,318.0,0.85937640625,False,CALL,2026-02-27,SMCI
SMCI260227C00037000,37.0,0.9,0.87,0.9,32.0,207.0,0.870118486328125,False,CALL,2026-02-27,SMCI
SMCI260227C00038000,38.0,0.78,0.71,0.79,136.0,411.0,0.875977802734375,False,CALL,2026-02-27,SMCI
SMCI260227P00021000,21.0,0.28,0.22,0.47,15.0,20.0,0.9726565234375,False,PUT,2026-02-27,SMCI
SMCI260227P00022000,22.0,0.36,0.17,0.53,1.0,69.0,0.87500125,False,PUT,2026-02-27,SMCI
SMCI260227P00023000,23.0,0.5,0.45,0.5,3.0,169.0,0.8554701953125,False,PUT,2026-02-27,SMCI
SMCI260227P00024000,24.0,0.7,0.6,0.7,1.0,312.0,0.8437515624999999,False,PUT,2026-02-27,SMCI
SMCI260227P00025000,25.0,0.85,0.83,0.85,484.0,1039.0,0.8212908496093749,False,PUT,2026-02-27,SMCI
SMCI260227P00026000,26.0,1.13,1.08,1.12,318.0,281.0,0.8090839404296875,False,PUT,2026-02-27,SMCI
SMCI260227P00027000,27.0,1.43,1.41,1.43,83.0,238.0,0.799806689453125,False,PUT,2026-02-27,SMCI
SMCI260227P00028000,28.0,1.83,1.8,1.82,552.0,462.0,0.7949239257812499,False,PUT,2026-02-27,SMCI
SMCI260227P00029000,29.0,2.27,2.24,2.28,91.0,181.0,0.790041162109375,False,PUT,2026-02-27,SMCI
SMCI260227P00030000,30.0,2.67,2.76,2.82,57.0,229.0,0.7915059912109376,True,PUT,2026-02-27,SMCI
SMCI260227P00031000,31.0,3.8,3.3,3.4,6.0,53.0,0.7841818457031251,True,PUT,2026-02-27,SMCI
SMCI260227P00032000,32.0,4.15,3.95,4.05,7.0,164.0,0.788088056640625,True,PUT,2026-02-27,SMCI
SMCI260227P00033000,33.0,4.95,4.65,4.75,4.0,52.0,0.79101771484375,True,PUT,2026-02-27,SMCI
SMCI260227P00034000,34.0,4.26,5.2,5.6,3.0,148.0,0.780275634765625,True,PUT,2026-02-27,SMCI
SMCI260227P00035000,35.0,4.8,6.1,6.45,10.0,52.0,0.81445498046875,True,PUT,2026-02-27,SMCI
SMCI260227P00036000,36.0,5.66,6.75,7.3,2.0,4.0,0.7929708203125,True,PUT,2026-02-27,SMCI
SMCI260227P00037000,37.0,6.38,7.45,8.75,2.0,23.0,0.885743330078125,True,PUT,2026-02-27,SMCI
SMCI260227P00038000,38.0,7.3,7.45,9.75,5.0,28.0,0.727541787109375,True,PUT,2026-02-27,SMCI
SMCI260306C00023000,23.0,10.59,7.2,8.95,,1.0,1.1162153564453123,True,CALL,2026-03-06,SMCI
SMCI260306C00024000,24.0,9.77,5.85,7.25,,1.0,0.7929708203125,True,CALL,2026-03-06,SMCI
SMCI260306C00025000,25.0,5.8,5.7,6.4,3.0,14.0,0.8808605664062499,True,CALL,2026-03-06,SMCI
SMCI260306C00026000,26.0,5.27,4.7,5.5,4.0,1.0,0.78711150390625,True,CALL,2026-03-06,SMCI
SMCI260306C00029000,29.0,4.1,3.3,3.65,4.0,7.0,0.8173846386718748,True,CALL,2026-03-06,SMCI
SMCI260306C00030000,30.0,3.01,2.94,3.15,156.0,51.0,0.8266618896484373,False,CALL,2026-03-06,SMCI
SMCI260306C00031000,31.0,2.62,2.51,2.83,118.0,103.0,0.8369156933593749,False,CALL,2026-03-06,SMCI
SMCI260306C00032000,32.0,2.35,2.2,2.4,18.0,34.0,0.8364274169921874,False,CALL,2026-03-06,SMCI
SMCI260306C00033000,33.0,1.93,1.82,2.06,12.0,85.0,0.8266618896484373,False,CALL,2026-03-06,SMCI
SMCI260306C00034000,34.0,1.52,1.47,1.75,7.0,37.0,0.813478427734375,False,CALL,2026-03-06,SMCI
SMCI260306C00035000,35.0,1.48,1.37,1.54,27.0,209.0,0.8398453515625,False,CALL,2026-03-06,SMCI
SMCI260306C00036000,36.0,1.17,1.03,1.49,20.0,58.0,0.8466812207031249,False,CALL,2026-03-06,SMCI
SMCI260306C00037000,37.0,1.02,0.9,1.15,35.0,175.0,0.831056376953125,False,CALL,2026-03-06,SMCI
SMCI260306C00038000,38.0,0.95,0.83,1.03,22.0,32.0,0.8544936425781251,False,CALL,2026-03-06,SMCI
SMCI260306P00023000,23.0,0.66,0.54,0.65,1.0,46.0,0.831056376953125,False,PUT,2026-03-06,SMCI
SMCI260306P00024000,24.0,0.7,0.47,0.96,1.0,100.0,0.7885763330078125,False,PUT,2026-03-06,SMCI
SMCI260306P00025000,25.0,1.05,0.94,1.08,15.0,350.0,0.8032246240234374,False,PUT,2026-03-06,SMCI
SMCI260306P00026000,26.0,1.5,1.26,1.41,6.0,55.0,0.80664255859375,False,PUT,2026-03-06,SMCI
SMCI260306P00027000,27.0,1.62,1.42,1.82,5.0,65.0,0.7812521875,False,PUT,2026-03-06,SMCI
SMCI260306P00028000,28.0,2.03,1.85,2.23,3.0,105.0,0.7812521875,False,PUT,2026-03-06,SMCI
SMCI260306P00029000,29.0,2.65,2.37,2.59,12.0,301.0,0.77148666015625,False,PUT,2026-03-06,SMCI
SMCI260306P00030000,30.0,2.87,2.88,3.2,6.0,19.0,0.7788108056640625,True,PUT,2026-03-06,SMCI
SMCI260306P00031000,31.0,3.35,3.4,3.8,3.0,86.0,0.772463212890625,True,PUT,2026-03-06,SMCI
SMCI260306P00032000,32.0,4.17,3.95,4.45,8.0,27.0,0.7631859619140625,True,PUT,2026-03-06,SMCI
SMCI260306P00033000,33.0,4.94,4.6,5.1,7.0,5.0,0.7539087109375,True,PUT,2026-03-06,SMCI
SMCI260306P00034000,34.0,5.65,5.55,5.8,4.0,3.0,0.782228740234375,True,PUT,2026-03-06,SMCI
SMCI260306P00035000,35.0,6.3,6.25,6.6,2.0,4.0,0.77929908203125,True,PUT,2026-03-06,SMCI
SMCI260306P00036000,36.0,5.83,6.95,7.4,2.0,3.0,0.764650791015625,True,PUT,2026-03-06,SMCI
SMCI260306P00038000,38.0,8.32,7.55,9.7,1.0,1.0,0.6669955175781253,True,PUT,2026-03-06,SMCI
SMCI260320C00021000,21.0,11.2,8.75,10.0,1.0,2.0,0.8564467480468749,True,CALL,2026-03-20,SMCI
SMCI260320C00022000,22.0,9.53,7.95,9.05,2.0,11.0,0.8271501660156249,True,CALL,2026-03-20,SMCI
SMCI260320C00023000,23.0,8.74,7.3,8.25,2.0,104.0,0.8457046679687499,True,CALL,2026-03-20,SMCI
SMCI260320C00024000,24.0,6.97,6.9,7.45,17.0,63.0,0.8852550537109375,True,CALL,2026-03-20,SMCI
SMCI260320C00025000,25.0,5.9,6.15,6.6,88.0,938.0,0.8466812207031249,True,CALL,2026-03-20,SMCI
SMCI260320C00026000,26.0,5.69,5.35,6.0,3.0,131.0,0.8281267187499999,True,CALL,2026-03-20,SMCI
SMCI260320C00027000,27.0,4.85,4.9,5.25,12.0,112.0,0.8256853369140623,True,CALL,2026-03-20,SMCI
SMCI260320C00028000,28.0,4.49,4.3,4.7,29.0,983.0,0.8178729150390623,True,CALL,2026-03-20,SMCI
SMCI260320C00029000,29.0,3.9,3.9,4.05,38.0,1099.0,0.8120135986328124,True,CALL,2026-03-20,SMCI
SMCI260320C00030000,30.0,3.53,3.45,3.55,4024.0,62406.0,0.8071308349609375,False,CALL,2026-03-20,SMCI
SMCI260320C00031000,31.0,3.1,3.0,3.15,282.0,1859.0,0.8042011767578124,False,CALL,2026-03-20,SMCI
SMCI260320C00032000,32.0,2.67,2.65,2.75,47.0,2989.0,0.8027363476562499,False,CALL,2026-03-20,SMCI
SMCI260320C00033000,33.0,2.36,2.35,2.41,579.0,6526.0,0.805666005859375,False,CALL,2026-03-20,SMCI
SMCI260320C00034000,34.0,2.07,2.03,2.13,43.0,2066.0,0.804689453125,False,CALL,2026-03-20,SMCI
SMCI260320C00035000,35.0,1.83,1.8,1.85,2680.0,13438.0,0.80664255859375,False,CALL,2026-03-20,SMCI
SMCI260320C00036000,36.0,1.6,1.59,1.63,59.0,2267.0,0.8110370458984374,False,CALL,2026-03-20,SMCI
SMCI260320C00037000,37.0,1.4,1.39,1.44,84.0,1485.0,0.8139667041015625,False,CALL,2026-03-20,SMCI
SMCI260320C00038000,38.0,1.31,1.17,1.28,1254.0,6008.0,0.8120135986328124,False,CALL,2026-03-20,SMCI
SMCI260320P00021000,21.0,0.41,0.48,0.6,6.0,25.0,0.851563984375,False,PUT,2026-03-20,SMCI
SMCI260320P00022000,22.0,0.7,0.63,0.71,10.0,38.0,0.8251970605468748,False,PUT,2026-03-20,SMCI
SMCI260320P00023000,23.0,0.87,0.84,0.91,8.0,1871.0,0.8183611914062499,False,PUT,2026-03-20,SMCI
SMCI260320P00024000,24.0,1.1,1.05,1.07,611.0,2207.0,0.7915059912109376,False,PUT,2026-03-20,SMCI
SMCI260320P00025000,25.0,1.35,1.32,1.35,202.0,5980.0,0.7832052929687501,False,PUT,2026-03-20,SMCI
SMCI260320P00026000,26.0,1.79,1.63,1.65,202.0,2222.0,0.77148666015625,False,PUT,2026-03-20,SMCI
SMCI260320P00027000,27.0,2.02,1.99,2.01,200.0,2609.0,0.762697685546875,False,PUT,2026-03-20,SMCI
SMCI260320P00028000,28.0,2.46,2.41,2.44,78.0,4925.0,0.7583031982421876,False,PUT,2026-03-20,SMCI
SMCI260320P00029000,29.0,2.93,2.89,2.93,136.0,1510.0,0.7563500927734376,False,PUT,2026-03-20,SMCI
SMCI260320P00030000,30.0,3.45,3.4,3.5,198.0,12843.0,0.7563500927734376,True,PUT,2026-03-20,SMCI
SMCI260320P00031000,31.0,4.04,4.0,4.05,29.0,3262.0,0.7534204345703125,True,PUT,2026-03-20,SMCI
SMCI260320P00032000,32.0,4.6,4.6,4.7,16.0,3672.0,0.75195560546875,True,PUT,2026-03-20,SMCI
SMCI260320P00033000,33.0,5.25,5.25,5.4,7.0,5614.0,0.752932158203125,True,PUT,2026-03-20,SMCI
SMCI260320P00034000,34.0,6.17,5.95,6.1,4.0,885.0,0.7504907763671875,True,PUT,2026-03-20,SMCI
SMCI260320P00035000,35.0,6.7,6.7,6.9,14.0,8384.0,0.7578149218750001,True,PUT,2026-03-20,SMCI
SMCI260320P00036000,36.0,7.93,7.45,7.8,5.0,2062.0,0.770510107421875,True,PUT,2026-03-20,SMCI
SMCI260320P00037000,37.0,8.36,8.05,8.6,2.0,1516.0,0.743166630859375,True,PUT,2026-03-20,SMCI
SMCI260320P00038000,38.0,7.9,8.9,9.4,18.0,3333.0,0.7412135253906249,True,PUT,2026-03-20,SMCI
SMCI260515C00023000,23.0,10.58,8.35,9.55,1.0,146.0,0.850587431640625,True,CALL,2026-05-15,SMCI
SMCI260515C00025000,25.0,7.64,7.5,7.85,20.0,784.0,0.834718449707031,True,CALL,2026-05-15,SMCI
SMCI260515C00028000,28.0,6.1,5.8,6.1,46.0,676.0,0.804689453125,True,CALL,2026-05-15,SMCI
SMCI260515C00030000,30.0,5.0,4.95,5.1,164.0,2106.0,0.7973653076171875,False,CALL,2026-05-15,SMCI
SMCI260515C00032000,32.0,4.35,4.2,4.3,100.0,2352.0,0.7949239257812499,False,CALL,2026-05-15,SMCI
SMCI260515C00035000,35.0,3.3,3.25,3.35,317.0,8544.0,0.7939473730468749,False,CALL,2026-05-15,SMCI
SMCI260515C00037000,37.0,2.75,2.74,2.81,131.0,2080.0,0.7922384057617188,False,CALL,2026-05-15,SMCI
SMCI260515C00038000,38.0,2.56,2.49,2.6,33.0,2163.0,0.7917501293945313,False,CALL,2026-05-15,SMCI
SMCI260515P00023000,23.0,1.82,1.76,1.82,5.0,1725.0,0.778322529296875,False,PUT,2026-05-15,SMCI
SMCI260515P00025000,25.0,2.4,2.42,2.47,20.0,6011.0,0.7583031982421876,False,PUT,2026-05-15,SMCI
SMCI260515P00028000,28.0,3.63,3.7,3.85,97.0,5788.0,0.7468287036132812,False,PUT,2026-05-15,SMCI
SMCI260515P00030000,30.0,4.73,4.75,4.85,118.0,5643.0,0.7341335180664061,True,PUT,2026-05-15,SMCI
SMCI260515P00032000,32.0,5.95,5.95,6.05,93.0,5415.0,0.7292507543945312,True,PUT,2026-05-15,SMCI
SMCI260515P00035000,35.0,8.15,7.95,8.15,1.0,9444.0,0.7270535107421875,True,PUT,2026-05-15,SMCI
SMCI260515P00037000,37.0,9.67,9.45,9.55,10.0,6320.0,0.7187528125,True,PUT,2026-05-15,SMCI
SMCI260515P00038000,38.0,9.38,10.0,10.55,29.0,359.0,0.7175321215820312,True,PUT,2026-05-15,SMCI
SMCI260618C00021000,21.0,12.65,10.75,11.25,1.0,2.0,0.89257919921875,True,CALL,2026-06-18,SMCI
SMCI260618C00023000,23.0,9.5,9.05,9.95,5.0,264.0,0.8413101806640625,True,CALL,2026-06-18,SMCI
SMCI260618C00025000,25.0,8.3,8.15,8.4,20.0,447.0,0.8247087841796874,True,CALL,2026-06-18,SMCI
SMCI260618C00026000,26.0,7.33,7.5,7.9,25.0,28.0,0.8161639477539062,True,CALL,2026-06-18,SMCI
SMCI260618C00028000,28.0,6.45,6.45,6.85,73.0,465.0,0.8022480712890624,True,CALL,2026-06-18,SMCI
SMCI260618C00029000,29.0,6.09,6.0,6.4,2.0,63.0,0.8005391040039063,True,CALL,2026-06-18,SMCI
SMCI260618C00030000,30.0,5.82,5.6,5.8,151.0,8136.0,0.788088056640625,False,CALL,2026-06-18,SMCI
SMCI260618C00031000,31.0,5.4,5.2,5.4,161.0,133.0,0.7861349511718749,False,CALL,2026-06-18,SMCI
SMCI260618C00032000,32.0,4.8,4.8,5.0,2.0,125.0,0.7807639111328125,False,CALL,2026-06-18,SMCI
SMCI260618C00033000,33.0,4.57,4.5,4.65,39.0,2170.0,0.7824728784179689,False,CALL,2026-06-18,SMCI
SMCI260618C00034000,34.0,4.3,4.15,4.35,15.0,22.0,0.7810080493164062,False,CALL,2026-06-18,SMCI
SMCI260618C00035000,35.0,4.05,3.85,4.0,278.0,8113.0,0.7768577001953125,False,CALL,2026-06-18,SMCI
SMCI260618C00036000,36.0,4.35,3.55,3.85,11.0,42.0,0.7834494311523439,False,CALL,2026-06-18,SMCI
SMCI260618C00038000,38.0,3.18,3.1,3.25,13.0,10415.0,0.7790549438476562,False,CALL,2026-06-18,SMCI
SMCI260618P00023000,23.0,1.94,2.15,2.3,1751.0,10711.0,0.7592797509765626,False,PUT,2026-06-18,SMCI
SMCI260618P00024000,24.0,2.6,2.51,2.76,2.0,18.0,0.7622094091796876,False,PUT,2026-06-18,SMCI
SMCI260618P00025000,25.0,2.88,2.9,3.05,7.0,3327.0,0.7475611181640626,False,PUT,2026-06-18,SMCI
SMCI260618P00027000,27.0,3.8,3.75,3.95,5.0,21.0,0.7365748999023438,False,PUT,2026-06-18,SMCI
SMCI260618P00028000,28.0,4.44,4.2,4.4,6.0,5659.0,0.7263210961914062,False,PUT,2026-06-18,SMCI
SMCI260618P00029000,29.0,4.9,4.75,4.95,3.0,22.0,0.726565234375,False,PUT,2026-06-18,SMCI
SMCI260618P00030000,30.0,5.27,5.25,5.45,10.0,6921.0,0.7153348779296875,True,PUT,2026-06-18,SMCI
SMCI260618P00033000,33.0,7.22,7.1,7.3,14.0,9456.0,0.7082548706054688,True,PUT,2026-06-18,SMCI
SMCI260618P00035000,35.0,8.4,8.5,8.65,15.0,9904.0,0.7055693505859376,True,PUT,2026-06-18,SMCI
SMCI260618P00036000,36.0,9.35,9.2,9.45,35.0,222.0,0.708010732421875,True,PUT,2026-06-18,SMCI
SMCI260618P00037000,37.0,9.24,9.9,10.2,2.0,11.0,0.7043486596679689,True,PUT,2026-06-18,SMCI
SMCI260618P00038000,38.0,10.84,10.65,10.9,30.0,5487.0,0.6977569287109376,True,PUT,2026-06-18,SMCI
SMCI260717C00021000,21.0,11.27,10.75,11.8,1.0,109.0,0.8635267553710937,True,CALL,2026-07-17,SMCI
SMCI260717C00022000,22.0,10.65,9.8,11.5,2.0,3.0,0.8598646826171875,True,CALL,2026-07-17,SMCI
SMCI260717C00023000,23.0,10.75,9.2,10.2,1.0,8.0,0.79883013671875,True,CALL,2026-07-17,SMCI
SMCI260717C00024000,24.0,10.2,8.55,9.4,3.0,9.0,0.7741721801757813,True,CALL,2026-07-17,SMCI
SMCI260717C00025000,25.0,8.7,8.35,8.75,1.0,37.0,0.7915059912109376,True,CALL,2026-07-17,SMCI
SMCI260717C00026000,26.0,7.9,7.7,8.4,2.0,7.0,0.7927266821289063,True,CALL,2026-07-17,SMCI
SMCI260717C00027000,27.0,7.42,7.4,7.85,3.0,64.0,0.8000508276367188,True,CALL,2026-07-17,SMCI
SMCI260717C00028000,28.0,6.83,6.55,7.15,4.0,284.0,0.7570825073242189,True,CALL,2026-07-17,SMCI
SMCI260717C00029000,29.0,6.45,6.15,6.9,10.0,86.0,0.7709983837890625,True,CALL,2026-07-17,SMCI
SMCI260717C00030000,30.0,6.15,6.1,6.25,68.0,356.0,0.7778342529296876,False,CALL,2026-07-17,SMCI
SMCI260717C00031000,31.0,5.62,5.5,5.85,17.0,226.0,0.762697685546875,False,CALL,2026-07-17,SMCI
SMCI260717C00032000,32.0,5.38,5.2,5.65,4.0,281.0,0.7761252856445313,False,CALL,2026-07-17,SMCI
SMCI260717C00033000,33.0,5.03,4.9,5.15,1.0,144.0,0.7680687255859376,False,CALL,2026-07-17,SMCI
SMCI260717C00034000,34.0,4.62,4.4,4.85,11.0,27.0,0.7575707836914063,False,CALL,2026-07-17,SMCI
SMCI260717C00035000,35.0,4.2,4.1,4.65,13.0,1851.0,0.7629418237304688,False,CALL,2026-07-17,SMCI
SMCI260717C00036000,36.0,3.93,3.95,4.25,4.0,26.0,0.7631859619140625,False,CALL,2026-07-17,SMCI
SMCI260717C00037000,37.0,4.84,3.7,4.15,1.0,618.0,0.773439765625,False,CALL,2026-07-17,SMCI
SMCI260717C00038000,38.0,3.5,3.45,3.8,11.0,270.0,0.7663597583007813,False,CALL,2026-07-17,SMCI
SMCI260717P00021000,21.0,2.05,1.76,2.06,1.0,12.0,0.7631859619140625,False,PUT,2026-07-17,SMCI
SMCI260717P00022000,22.0,2.05,1.87,2.44,1.0,394.0,0.7434107690429688,False,PUT,2026-07-17,SMCI
SMCI260717P00023000,23.0,2.2,2.18,2.77,1.0,42.0,0.7334011035156249,False,PUT,2026-07-17,SMCI
SMCI260717P00024000,24.0,2.46,2.71,3.15,1.0,32.0,0.7402369726562499,False,PUT,2026-07-17,SMCI
SMCI260717P00025000,25.0,3.37,3.05,3.45,3.0,587.0,0.7216824707031251,False,PUT,2026-07-17,SMCI
SMCI260717P00026000,26.0,3.5,3.3,4.0,1.0,229.0,0.7116728051757812,False,PUT,2026-07-17,SMCI
SMCI260717P00027000,27.0,3.64,3.9,4.5,1.0,848.0,0.7185086743164062,False,PUT,2026-07-17,SMCI
SMCI260717P00028000,28.0,4.23,4.4,4.8,40.0,91.0,0.70117486328125,False,PUT,2026-07-17,SMCI
SMCI260717P00029000,29.0,4.4,4.9,5.3,25.0,39.0,0.6936065795898438,False,PUT,2026-07-17,SMCI
SMCI260717P00030000,30.0,5.95,5.55,6.0,20.0,1416.0,0.7050810742187501,True,PUT,2026-07-17,SMCI
SMCI260717P00031000,31.0,5.8,5.8,6.5,1200.0,940.0,0.6755403540039064,True,PUT,2026-07-17,SMCI
SMCI260717P00032000,32.0,6.89,6.65,7.4,4.0,7.0,0.7050810742187501,True,PUT,2026-07-17,SMCI
SMCI260717P00033000,33.0,7.01,7.25,7.75,2.0,1.0,0.681887946777344,True,PUT,2026-07-17,SMCI
SMCI260717P00034000,34.0,8.32,7.95,8.45,1.0,2.0,0.6838410522460938,True,PUT,2026-07-17,SMCI
SMCI260717P00035000,35.0,8.09,8.6,9.1,3.0,160.0,0.676761044921875,True,PUT,2026-07-17,SMCI
SMCI260717P00036000,36.0,8.41,9.1,10.0,1.0,6.0,0.673098972167969,True,PUT,2026-07-17,SMCI
SMCI260717P00037000,37.0,9.8,10.0,10.95,4.0,4.0,0.6955596850585939,True,PUT,2026-07-17,SMCI
SMCI260717P00038000,38.0,10.29,10.6,11.45,2.0,3.0,0.6679720703125002,True,PUT,2026-07-17,SMCI
SMCI260821C00021000,21.0,11.55,11.45,12.05,14.0,50.0,0.8647474462890624,True,CALL,2026-08-21,SMCI
SMCI260821C00022000,22.0,12.05,10.5,11.4,3.0,5.0,0.8295915478515624,True,CALL,2026-08-21,SMCI
SMCI260821C00023000,23.0,11.3,9.75,10.8,2.0,9.0,0.8122577368164061,True,CALL,2026-08-21,SMCI
SMCI260821C00024000,24.0,10.75,9.15,10.4,2.0,34.0,0.8168963623046874,True,CALL,2026-08-21,SMCI
SMCI260821C00025000,25.0,8.96,8.65,9.65,2.0,38.0,0.8010273803710937,True,CALL,2026-08-21,SMCI
SMCI260821C00026000,26.0,8.53,8.3,9.05,2.0,39.0,0.8022480712890624,True,CALL,2026-08-21,SMCI
SMCI260821C00027000,27.0,8.65,7.7,8.55,1.0,19.0,0.79101771484375,True,CALL,2026-08-21,SMCI
SMCI260821C00028000,28.0,9.15,7.15,8.1,12.0,87.0,0.7832052929687501,True,CALL,2026-08-21,SMCI
SMCI260821C00029000,29.0,7.33,7.1,7.6,2.0,49.0,0.799806689453125,True,CALL,2026-08-21,SMCI
SMCI260821C00030000,30.0,6.8,6.7,7.0,151.0,1790.0,0.7868673657226561,False,CALL,2026-08-21,SMCI
SMCI260821C00031000,31.0,7.5,5.95,6.8,5.0,212.0,0.7746604565429689,False,CALL,2026-08-21,SMCI
SMCI260821C00032000,32.0,6.0,6.0,6.25,5.0,162.0,0.7861349511718749,False,CALL,2026-08-21,SMCI
SMCI260821C00033000,33.0,6.5,5.55,6.0,2.0,372.0,0.7839377075195313,False,CALL,2026-08-21,SMCI
SMCI260821C00034000,34.0,5.4,5.0,5.65,4.0,442.0,0.7683128637695313,False,CALL,2026-08-21,SMCI
SMCI260821C00035000,35.0,5.09,5.0,5.2,136.0,2346.0,0.7761252856445313,False,CALL,2026-08-21,SMCI
SMCI260821C00036000,36.0,5.6,4.45,5.1,12.0,625.0,0.7707542456054688,False,CALL,2026-08-21,SMCI
SMCI260821C00037000,37.0,5.65,4.4,4.8,6.0,105.0,0.7805197729492188,False,CALL,2026-08-21,SMCI
SMCI260821C00038000,38.0,4.3,4.2,4.45,1.0,244.0,0.7773459765625,False,CALL,2026-08-21,SMCI
SMCI260821P00021000,21.0,2.19,2.16,2.56,3.0,14.0,0.77148666015625,False,PUT,2026-08-21,SMCI
SMCI260821P00022000,22.0,2.25,2.47,2.82,6.0,136.0,0.754885263671875,False,PUT,2026-08-21,SMCI
SMCI260821P00023000,23.0,2.7,2.7,3.2,1.0,55.0,0.7387721435546875,False,PUT,2026-08-21,SMCI
SMCI260821P00024000,24.0,2.95,3.2,3.6,1.0,28.0,0.7402369726562499,False,PUT,2026-08-21,SMCI
SMCI260821P00025000,25.0,3.75,3.65,3.85,6.0,151.0,0.7243679907226561,False,PUT,2026-08-21,SMCI
SMCI260821P00026000,26.0,3.8,4.0,4.5,1.0,28.0,0.7253445434570311,False,PUT,2026-08-21,SMCI
SMCI260821P00027000,27.0,4.05,4.45,5.0,2.0,429.0,0.7194852270507812,False,PUT,2026-08-21,SMCI
SMCI260821P00028000,28.0,4.7,5.05,5.6,1.0,238.0,0.7258328198242188,False,PUT,2026-08-21,SMCI
SMCI260821P00029000,29.0,5.85,5.55,6.0,2.0,270.0,0.7111845288085938,False,PUT,2026-08-21,SMCI
SMCI260821P00030000,30.0,6.25,6.1,6.45,2.0,1144.0,0.6999541723632813,True,PUT,2026-08-21,SMCI
SMCI260821P00031000,31.0,6.43,6.65,7.35,1.0,16.0,0.711916943359375,True,PUT,2026-08-21,SMCI
SMCI260821P00032000,32.0,6.8,7.25,7.9,4.0,192.0,0.7041045214843751,True,PUT,2026-08-21,SMCI
SMCI260821P00033000,33.0,8.18,7.9,8.65,1.0,129.0,0.708010732421875,True,PUT,2026-08-21,SMCI
SMCI260821P00034000,34.0,9.4,8.55,8.95,1.0,1441.0,0.6843293286132813,True,PUT,2026-08-21,SMCI
SMCI260821P00035000,35.0,8.7,9.25,10.0,10.0,237.0,0.7033721069335939,True,PUT,2026-08-21,SMCI
SMCI260821P00036000,36.0,10.41,9.9,10.45,1.0,120.0,0.6838410522460938,True,PUT,2026-08-21,SMCI
SMCI260821P00037000,37.0,9.67,10.6,11.3,2.0,36.0,0.6875031250000001,True,PUT,2026-08-21,SMCI
SMCI260821P00038000,38.0,11.07,11.35,12.25,1.0,106.0,0.6980010668945313,True,PUT,2026-08-21,SMCI
SMCI260918C00023000,23.0,11.33,10.1,11.75,1.0,35.0,0.8508315698242188,True,CALL,2026-09-18,SMCI
SMCI260918C00025000,25.0,9.6,9.5,9.85,2.0,1088.0,0.8173846386718748,True,CALL,2026-09-18,SMCI
SMCI260918C00030000,30.0,7.4,7.25,7.4,50.0,2443.0,0.7902853002929688,False,CALL,2026-09-18,SMCI
SMCI260918C00035000,35.0,5.45,5.4,5.6,18.0,4112.0,0.7700218310546876,False,CALL,2026-09-18,SMCI
SMCI260918P00023000,23.0,3.0,3.15,3.35,1.0,1096.0,0.73437765625,False,PUT,2026-09-18,SMCI
SMCI260918P00025000,25.0,4.18,3.95,4.2,1.0,7641.0,0.7202176416015625,False,PUT,2026-09-18,SMCI
SMCI260918P00030000,30.0,6.14,6.45,6.75,175.0,14474.0,0.6918976123046876,True,PUT,2026-09-18,SMCI
SMCI260918P00035000,35.0,9.97,9.65,9.95,10.0,7411.0,0.6782258740234376,True,PUT,2026-09-18,SMCI
SMCI261218C00021000,21.0,12.85,12.55,13.35,6.0,154.0,0.8413101806640625,True,CALL,2026-12-18,SMCI
SMCI261218C00022000,22.0,14.12,12.1,12.75,1.0,224.0,0.8388687988281249,True,CALL,2026-12-18,SMCI
SMCI261218C00023000,23.0,12.78,11.05,12.2,6.0,107.0,0.8024922094726561,True,CALL,2026-12-18,SMCI
SMCI261218C00024000,24.0,12.3,10.6,12.3,4.0,100.0,0.8359391406249999,True,CALL,2026-12-18,SMCI
SMCI261218C00025000,25.0,10.7,10.1,11.1,1.0,738.0,0.7919942675781251,True,CALL,2026-12-18,SMCI
SMCI261218C00026000,26.0,10.45,9.95,10.4,3.0,181.0,0.7930928894042968,True,CALL,2026-12-18,SMCI
SMCI261218C00027000,27.0,9.7,9.25,10.15,6.0,122.0,0.786989434814453,True,CALL,2026-12-18,SMCI
SMCI261218C00028000,28.0,9.01,9.0,9.7,1.0,231.0,0.7917501293945313,True,CALL,2026-12-18,SMCI
SMCI261218C00029000,29.0,9.9,8.8,9.25,3.0,1955.0,0.7967549621582031,True,CALL,2026-12-18,SMCI
SMCI261218C00030000,30.0,8.63,8.4,8.75,50.0,1211.0,0.788088056640625,False,CALL,2026-12-18,SMCI
SMCI261218C00031000,31.0,9.05,7.8,8.5,21.0,955.0,0.7805197729492188,False,CALL,2026-12-18,SMCI
SMCI261218C00032000,32.0,7.65,7.65,8.1,30.0,479.0,0.7855246057128906,False,CALL,2026-12-18,SMCI
SMCI261218C00033000,33.0,7.4,7.35,7.6,1.0,273.0,0.7775901147460937,False,CALL,2026-12-18,SMCI
SMCI261218C00034000,34.0,7.62,7.0,7.4,1.0,579.0,0.7797873583984375,False,CALL,2026-12-18,SMCI
SMCI261218C00035000,35.0,6.62,6.7,6.95,59.0,1322.0,0.7718528674316407,False,CALL,2026-12-18,SMCI
SMCI261218C00036000,36.0,6.5,6.25,6.75,12.0,2366.0,0.7672142419433594,False,CALL,2026-12-18,SMCI
SMCI261218C00037000,37.0,6.28,6.15,6.4,81.0,192.0,0.7703880383300781,False,CALL,2026-12-18,SMCI
SMCI261218C00038000,38.0,6.7,5.8,6.3,3.0,575.0,0.772463212890625,False,CALL,2026-12-18,SMCI
SMCI261218P00021000,21.0,3.1,3.0,3.5,1.0,591.0,0.7299831689453125,False,PUT,2026-12-18,SMCI
SMCI261218P00022000,22.0,3.3,3.55,3.9,1.0,387.0,0.7331569653320311,False,PUT,2026-12-18,SMCI
SMCI261218P00023000,23.0,4.14,3.95,4.3,5.0,747.0,0.7246121289062499,False,PUT,2026-12-18,SMCI
SMCI261218P00024000,24.0,3.92,4.2,4.7,2.0,259.0,0.7055693505859376,False,PUT,2026-12-18,SMCI
SMCI261218P00025000,25.0,5.05,4.85,5.1,75.0,1169.0,0.7066679724121094,False,PUT,2026-12-18,SMCI
SMCI261218P00026000,26.0,5.07,5.3,5.65,1.0,3585.0,0.7026396923828125,False,PUT,2026-12-18,SMCI
SMCI261218P00027000,27.0,5.5,5.8,6.15,1.0,1179.0,0.6965362377929689,False,PUT,2026-12-18,SMCI
SMCI261218P00028000,28.0,6.5,6.35,6.6,2.0,2397.0,0.6887238159179689,False,PUT,2026-12-18,SMCI
SMCI261218P00029000,29.0,7.02,6.9,7.2,3.0,1688.0,0.6862824340820313,False,PUT,2026-12-18,SMCI
SMCI261218P00030000,30.0,7.4,7.5,7.7,2.0,3965.0,0.6796907031250001,True,PUT,2026-12-18,SMCI
SMCI261218P00031000,31.0,8.0,8.05,8.4,10.0,1252.0,0.6784700122070313,True,PUT,2026-12-18,SMCI
SMCI261218P00032000,32.0,8.42,8.7,9.25,2.0,901.0,0.6870148486328126,True,PUT,2026-12-18,SMCI
SMCI261218P00033000,33.0,8.76,9.3,9.65,1.0,1656.0,0.6711458666992189,True,PUT,2026-12-18,SMCI
SMCI261218P00034000,34.0,9.4,9.95,10.35,1.0,1605.0,0.6696810375976563,True,PUT,2026-12-18,SMCI
SMCI261218P00035000,35.0,10.3,10.65,11.0,20.0,4653.0,0.6667513793945314,True,PUT,2026-12-18,SMCI
SMCI261218P00036000,36.0,10.92,11.3,11.7,1.0,1043.0,0.6624789611816408,True,PUT,2026-12-18,SMCI
SMCI261218P00037000,37.0,10.78,12.0,12.35,5.0,679.0,0.6568637829589845,True,PUT,2026-12-18,SMCI
SMCI261218P00038000,38.0,12.07,12.75,13.15,5.0,946.0,0.6589389575195312,True,PUT,2026-12-18,SMCI
SMCI270115C00023000,23.0,12.25,11.9,13.05,1.0,756.0,0.8645033081054687,True,CALL,2027-01-15,SMCI
SMCI270115C00024000,24.0,12.87,10.75,12.55,2.0,481.0,0.8234880932617187,True,CALL,2027-01-15,SMCI
SMCI270115C00025000,25.0,11.08,10.85,11.4,35.0,2473.0,0.8142108422851562,True,CALL,2027-01-15,SMCI
SMCI270115C00026000,26.0,10.5,10.4,10.7,104.0,509.0,0.7985859985351562,True,CALL,2027-01-15,SMCI
SMCI270115C00027000,27.0,11.38,9.9,11.05,2.0,472.0,0.8308122387695311,True,CALL,2027-01-15,SMCI
SMCI270115C00028000,28.0,9.89,9.45,10.0,3.0,851.0,0.7951680639648437,True,CALL,2027-01-15,SMCI
SMCI270115C00029000,29.0,9.29,9.1,9.4,6.0,756.0,0.7854025366210937,True,CALL,2027-01-15,SMCI
SMCI270115C00030000,30.0,8.9,8.75,9.0,104.0,4174.0,0.7835715002441408,False,CALL,2027-01-15,SMCI
SMCI270115C00031000,31.0,8.64,8.35,8.65,20.0,833.0,0.7803977038574219,False,CALL,2027-01-15,SMCI
SMCI270115C00032000,32.0,7.95,7.95,8.25,34.0,1239.0,0.7736839038085939,False,CALL,2027-01-15,SMCI
SMCI270115C00033000,33.0,7.88,7.7,7.9,32.0,1211.0,0.7746604565429689,False,CALL,2027-01-15,SMCI
SMCI270115C00034000,34.0,7.46,7.4,7.65,11.0,634.0,0.7766135620117188,False,CALL,2027-01-15,SMCI
SMCI270115C00035000,35.0,7.1,7.05,7.25,34.0,3658.0,0.7685570019531252,False,CALL,2027-01-15,SMCI
SMCI270115C00036000,36.0,6.87,6.75,7.15,6.0,462.0,0.7749045947265626,False,CALL,2027-01-15,SMCI
SMCI270115C00037000,37.0,6.55,6.45,6.75,24.0,751.0,0.7670921728515626,False,CALL,2027-01-15,SMCI
SMCI270115C00038000,38.0,6.05,6.1,6.45,11.0,807.0,0.7605004418945314,False,CALL,2027-01-15,SMCI
SMCI270115P00023000,23.0,3.95,4.2,4.45,3.0,7466.0,0.7172879833984375,False,PUT,2027-01-15,SMCI
SMCI270115P00024000,24.0,4.4,4.6,4.85,1.0,2731.0,0.7060576269531251,False,PUT,2027-01-15,SMCI
SMCI270115P00025000,25.0,5.22,5.1,5.35,62.0,7757.0,0.7036162451171876,False,PUT,2027-01-15,SMCI
SMCI270115P00026000,26.0,5.25,5.55,5.85,1.0,6352.0,0.6965362377929689,False,PUT,2027-01-15,SMCI
SMCI270115P00027000,27.0,6.2,6.05,6.35,50.0,1689.0,0.6899445068359377,False,PUT,2027-01-15,SMCI
SMCI270115P00028000,28.0,6.25,6.6,6.9,1.0,1174.0,0.6865265722656251,False,PUT,2027-01-15,SMCI
SMCI270115P00029000,29.0,7.4,7.15,7.45,8.0,1491.0,0.6813996704101564,False,PUT,2027-01-15,SMCI
SMCI270115P00030000,30.0,8.03,7.7,8.05,52.0,11937.0,0.6770051831054689,True,PUT,2027-01-15,SMCI
SMCI270115P00031000,31.0,7.85,8.3,8.65,2.0,4149.0,0.673098972167969,True,PUT,2027-01-15,SMCI
SMCI270115P00032000,32.0,9.17,8.9,9.3,50.0,7994.0,0.670047244873047,True,PUT,2027-01-15,SMCI
SMCI270115P00033000,33.0,9.0,9.55,9.95,2.0,2061.0,0.6677279321289065,True,PUT,2027-01-15,SMCI
SMCI270115P00034000,34.0,9.55,10.2,10.6,2.0,2800.0,0.6640658593750002,True,PUT,2027-01-15,SMCI
SMCI270115P00035000,35.0,11.08,10.9,11.3,6.0,4545.0,0.663333444824219,True,PUT,2027-01-15,SMCI
SMCI270115P00036000,36.0,10.6,11.6,12.0,4.0,1391.0,0.661258270263672,True,PUT,2027-01-15,SMCI
SMCI270115P00037000,37.0,11.1,12.3,12.7,11.0,2450.0,0.6580844738769531,True,PUT,2027-01-15,SMCI
SMCI270115P00038000,38.0,12.55,13.05,13.45,9.0,7930.0,0.6579624047851562,True,PUT,2027-01-15,SMCI
SMCI271217C00023000,23.0,15.05,14.45,15.3,5.0,322.0,0.8140887731933593,True,CALL,2027-12-17,SMCI
SMCI271217C00025000,25.0,14.3,13.9,15.1,2.0,473.0,0.8411881115722657,True,CALL,2027-12-17,SMCI
SMCI271217C00028000,28.0,13.1,12.8,13.25,2.0,121.0,0.8024922094726561,True,CALL,2027-12-17,SMCI
SMCI271217C00030000,30.0,12.34,12.1,12.6,3.0,494.0,0.7971211694335938,False,CALL,2027-12-17,SMCI
SMCI271217C00033000,33.0,11.3,11.15,11.55,2.0,341.0,0.7852804675292968,False,CALL,2027-12-17,SMCI
SMCI271217C00035000,35.0,10.72,10.4,11.05,10.0,721.0,0.7775901147460937,False,CALL,2027-12-17,SMCI
SMCI271217C00038000,38.0,9.55,9.3,10.15,21.0,450.0,0.7587914746093751,False,CALL,2027-12-17,SMCI
SMCI271217P00023000,23.0,6.06,6.3,6.7,2.0,475.0,0.6870148486328126,False,PUT,2027-12-17,SMCI
SMCI271217P00025000,25.0,7.45,7.35,7.65,197.0,2692.0,0.6726106958007814,False,PUT,2027-12-17,SMCI
SMCI271217P00028000,28.0,8.7,8.75,9.35,26.0,1759.0,0.6486851538085938,False,PUT,2027-12-17,SMCI
SMCI271217P00030000,30.0,10.3,10.2,10.7,53.0,4705.0,0.6540561938476563,True,PUT,2027-12-17,SMCI
SMCI271217P00033000,33.0,11.9,11.75,12.7,2.0,247.0,0.6341589318847658,True,PUT,2027-12-17,SMCI
SMCI271217P00035000,35.0,13.05,13.15,14.05,3.0,2375.0,0.629886513671875,True,PUT,2027-12-17,SMCI
SMCI271217P00038000,38.0,15.44,15.05,16.15,8.0,778.0,0.6149940844726562,True,PUT,2027-12-17,SMCI
SMCI280121C00023000,23.0,15.21,15.0,16.0,3.0,235.0,0.8457046679687499,True,CALL,2028-01-21,SMCI
SMCI280121C00025000,25.0,16.15,14.15,15.1,59.0,382.0,0.8303239624023437,True,CALL,2028-01-21,SMCI
SMCI280121C00028000,28.0,13.57,12.85,14.0,10.0,175.0,0.8116473913574218,True,CALL,2028-01-21,SMCI
SMCI280121C00030000,30.0,12.55,12.25,12.85,26.0,1886.0,0.7913839221191408,False,CALL,2028-01-21,SMCI
SMCI280121C00033000,33.0,11.3,11.35,11.8,21.0,507.0,0.7808859802246093,False,CALL,2028-01-21,SMCI
SMCI280121C00035000,35.0,10.85,10.75,11.15,21.0,1158.0,0.7730735583496093,False,CALL,2028-01-21,SMCI
SMCI280121C00038000,38.0,10.1,9.45,10.3,77.0,1403.0,0.7495142236328125,False,CALL,2028-01-21,SMCI
SMCI280121P00023000,23.0,6.25,6.45,6.9,100.0,616.0,0.6839631213378907,False,PUT,2028-01-21,SMCI
SMCI280121P00025000,25.0,7.26,7.5,7.8,521.0,1694.0,0.667239655761719,False,PUT,2028-01-21,SMCI
SMCI280121P00028000,28.0,9.37,8.95,9.45,19.0,632.0,0.6430699755859376,False,PUT,2028-01-21,SMCI
SMCI280121P00030000,30.0,9.98,10.0,10.85,1.0,1658.0,0.6363561755371094,True,PUT,2028-01-21,SMCI
SMCI280121P00033000,33.0,11.82,11.9,13.3,1.0,729.0,0.6422154919433594,True,PUT,2028-01-21,SMCI
SMCI280121P00035000,35.0,13.7,13.15,13.95,81.0,1557.0,0.6114540808105471,True,PUT,2028-01-21,SMCI
SMCI280121P00038000,38.0,15.29,15.15,17.0,17.0,1216.0,0.6286658227539064,True,PUT,2028-01-21,SMCI
SMCI281215C00023000,23.0,17.5,15.55,18.55,1.0,10.0,0.8105487695312499,True,CALL,2028-12-15,SMCI
SMCI281215C00025000,25.0,15.45,15.45,16.95,2.0,174.0,0.7932149584960937,True,CALL,2028-12-15,SMCI
SMCI281215C00028000,28.0,15.0,15.1,15.9,6.0,102.0,0.8020039331054687,True,CALL,2028-12-15,SMCI
SMCI281215C00030000,30.0,15.05,14.15,15.25,33.0,279.0,0.7840597766113282,False,CALL,2028-12-15,SMCI
SMCI281215C00032000,32.0,14.41,13.55,14.75,10.0,74.0,0.780275634765625,False,CALL,2028-12-15,SMCI
SMCI281215C00035000,35.0,13.28,12.85,13.85,11.0,77.0,0.773439765625,False,CALL,2028-12-15,SMCI
SMCI281215C00037000,37.0,14.1,12.7,13.35,1.0,15.0,0.7789328747558593,False,CALL,2028-12-15,SMCI
SMCI281215P00023000,23.0,7.67,7.4,9.0,1122.0,1156.0,0.6689486230468751,False,PUT,2028-12-15,SMCI
SMCI281215P00025000,25.0,9.05,8.8,9.4,3.0,83.0,0.6438023901367188,False,PUT,2028-12-15,SMCI
SMCI281215P00028000,28.0,10.45,10.2,11.2,6.0,56.0,0.6197547790527345,False,PUT,2028-12-15,SMCI
SMCI281215P00030000,30.0,12.15,11.8,12.25,4.0,111.0,0.6165809826660158,True,PUT,2028-12-15,SMCI
SMCI281215P00032000,32.0,12.9,12.65,13.8,1.0,18.0,0.6042520043945314,True,PUT,2028-12-15,SMCI
SMCI281215P00035000,35.0,15.1,14.55,15.65,80.0,214.0,0.5871012969970704,True,PUT,2028-12-15,SMCI
SMCI281215P00037000,37.0,16.63,15.85,18.15,2.0,8.0,0.6074258007812501,True,PUT,2028-12-15,SMCI
SMR260130C00013000,13.0,6.05,4.9,6.05,15.0,35.0,5.054691181640624,True,CALL,2026-01-30,SMR
SMR260130C00014000,14.0,4.4,4.3,5.25,35.0,185.0,3.3359391601562494,True,CALL,2026-01-30,SMR
SMR260130C00014500,14.5,4.25,4.05,4.4,4.0,8.0,2.8281279296874997,True,CALL,2026-01-30,SMR
SMR260130C00015000,15.0,3.78,3.1,4.0,3.0,747.0,1.5937520312499998,True,CALL,2026-01-30,SMR
SMR260130C00015500,15.5,3.13,2.59,3.65,1.0,3.0,1.8203133984375,True,CALL,2026-01-30,SMR
SMR260130C00016000,16.0,2.73,2.17,3.35,1.0,284.0,2.07031732421875,True,CALL,2026-01-30,SMR
SMR260130C00016500,16.5,2.91,1.96,2.49,4.0,85.0,1.671876640625,True,CALL,2026-01-30,SMR
SMR260130C00017000,17.0,1.67,1.6,1.93,49.0,659.0,1.4882838085937498,True,CALL,2026-01-30,SMR
SMR260130C00017500,17.5,1.77,1.26,1.4,25.0,159.0,1.3281283593749997,True,CALL,2026-01-30,SMR
SMR260130C00018000,18.0,0.85,0.9,1.0,203.0,728.0,1.21875390625,True,CALL,2026-01-30,SMR
SMR260130C00018500,18.5,0.59,0.55,0.67,416.0,629.0,1.0976607617187502,True,CALL,2026-01-30,SMR
SMR260130C00019000,19.0,0.36,0.35,0.41,673.0,2188.0,1.0625046875000002,False,CALL,2026-01-30,SMR
SMR260130C00019500,19.5,0.22,0.2,0.22,892.0,2189.0,1.015629921875,False,CALL,2026-01-30,SMR
SMR260130C00020000,20.0,0.13,0.11,0.13,7267.0,11918.0,1.0312548437500002,False,CALL,2026-01-30,SMR
SMR260130C00020500,20.5,0.06,0.06,0.09,350.0,3968.0,1.0781296093750001,False,CALL,2026-01-30,SMR
SMR260130C00021000,21.0,0.05,0.04,0.06,2681.0,25844.0,1.140629296875,False,CALL,2026-01-30,SMR
SMR260130C00021500,21.5,0.04,0.03,0.05,453.0,1168.0,1.2343788281249999,False,CALL,2026-01-30,SMR
SMR260130C00022000,22.0,0.03,0.02,0.03,185.0,4188.0,1.2656286718749998,False,CALL,2026-01-30,SMR
SMR260130C00022500,22.5,0.01,0.01,0.03,42.0,23092.0,1.3437532812499997,False,CALL,2026-01-30,SMR
SMR260130C00023000,23.0,0.02,0.01,0.02,53.0,4284.0,1.40625296875,False,CALL,2026-01-30,SMR
SMR260130C00023500,23.5,0.02,0.0,0.03,4.0,195.0,1.5312523437499999,False,CALL,2026-01-30,SMR
SMR260130C00024000,24.0,0.02,0.0,0.04,48.0,1373.0,1.71875140625,False,CALL,2026-01-30,SMR
SMR260130P00013000,13.0,0.03,0.01,0.03,50.0,422.0,2.3437541406249993,False,PUT,2026-01-30,SMR
SMR260130P00014000,14.0,0.02,0.0,0.07,7.0,832.0,2.0937547656249995,False,PUT,2026-01-30,SMR
SMR260130P00015000,15.0,0.02,0.01,0.03,9.0,3056.0,1.5000025,False,PUT,2026-01-30,SMR
SMR260130P00015500,15.5,0.03,0.01,0.04,5.0,64.0,1.3437532812499997,False,PUT,2026-01-30,SMR
SMR260130P00016000,16.0,0.04,0.01,0.04,29.0,1528.0,1.140629296875,False,PUT,2026-01-30,SMR
SMR260130P00016500,16.5,0.04,0.03,0.07,1006.0,804.0,1.1015669921875002,False,PUT,2026-01-30,SMR
SMR260130P00017000,17.0,0.07,0.06,0.09,470.0,6255.0,0.9765627343750001,False,PUT,2026-01-30,SMR
SMR260130P00017500,17.5,0.13,0.11,0.16,649.0,1893.0,0.9101571484375,False,PUT,2026-01-30,SMR
SMR260130P00018000,18.0,0.22,0.2,0.26,289.0,5436.0,0.8203142968749999,False,PUT,2026-01-30,SMR
SMR260130P00018500,18.5,0.45,0.4,0.45,236.0,41186.0,0.79687703125,False,PUT,2026-01-30,SMR
SMR260130P00019000,19.0,0.68,0.61,0.74,246.0,6831.0,0.70312796875,True,PUT,2026-01-30,SMR
SMR260130P00019500,19.5,1.01,0.99,1.05,224.0,2365.0,0.5625043750000001,True,PUT,2026-01-30,SMR
SMR260130P00020000,20.0,1.36,1.38,1.47,179.0,23409.0,1.0000000000000003e-05,True,PUT,2026-01-30,SMR
SMR260130P00020500,20.5,1.66,1.51,2.15,107.0,597.0,1.3906280468749999,True,PUT,2026-01-30,SMR
SMR260130P00021000,21.0,2.4,2.16,2.5,22.0,299.0,0.9531254687499999,True,PUT,2026-01-30,SMR
SMR260130P00021500,21.5,2.68,2.58,3.05,6.0,40.0,1.40625296875,True,PUT,2026-01-30,SMR
SMR260130P00022000,22.0,3.29,3.1,3.5,5.0,91.0,1.2343788281249999,True,PUT,2026-01-30,SMR
SMR260130P00022500,22.5,3.9,3.5,4.0,1.0,8.0,1.359378203125,True,PUT,2026-01-30,SMR
SMR260130P00023000,23.0,3.97,4.1,4.55,8.0,33.0,1.859375703125,True,PUT,2026-01-30,SMR
SMR260130P00024000,24.0,5.05,5.2,5.5,3.0,50.0,1.71875140625,True,PUT,2026-01-30,SMR
SMR260206C00013000,13.0,5.46,5.1,6.2,1.0,1.0,1.5703146484375,True,CALL,2026-02-06,SMR
SMR260206C00014000,14.0,5.26,4.25,5.15,4.0,29.0,1.421877890625,True,CALL,2026-02-06,SMR
SMR260206C00014500,14.5,5.1,3.4,4.75,1.0,3.0,0.9609378906249999,True,CALL,2026-02-06,SMR
SMR260206C00015000,15.0,3.7,3.45,4.1,4.0,79.0,1.2812535937499998,True,CALL,2026-02-06,SMR
SMR260206C00015500,15.5,3.55,3.25,3.75,2.0,4.0,1.453127734375,True,CALL,2026-02-06,SMR
SMR260206C00016000,16.0,3.3,2.8,3.65,2.0,314.0,1.5507834960937497,True,CALL,2026-02-06,SMR
SMR260206C00017000,17.0,2.45,2.15,2.34,21.0,120.0,1.2168007910156249,True,CALL,2026-02-06,SMR
SMR260206C00017500,17.5,1.86,1.79,1.92,31.0,43.0,1.1367230664062502,True,CALL,2026-02-06,SMR
SMR260206C00018000,18.0,1.6,1.5,1.61,110.0,534.0,1.119145029296875,True,CALL,2026-02-06,SMR
SMR260206C00018500,18.5,1.31,1.2,1.33,216.0,369.0,1.083988955078125,True,CALL,2026-02-06,SMR
SMR260206C00019000,19.0,1.05,0.97,1.05,268.0,879.0,1.052739111328125,False,CALL,2026-02-06,SMR
SMR260206C00019500,19.5,0.83,0.77,0.88,311.0,325.0,1.0546922265625,False,CALL,2026-02-06,SMR
SMR260206C00020000,20.0,0.65,0.64,0.71,1068.0,1660.0,1.0625046875000002,False,CALL,2026-02-06,SMR
SMR260206C00020500,20.5,0.51,0.52,0.59,1179.0,246.0,1.0781296093750001,False,CALL,2026-02-06,SMR
SMR260206C00021000,21.0,0.45,0.42,0.47,523.0,845.0,1.0800827246093752,False,CALL,2026-02-06,SMR
SMR260206C00021500,21.5,0.37,0.32,0.4,70.0,228.0,1.08984830078125,False,CALL,2026-02-06,SMR
SMR260206C00022000,22.0,0.29,0.27,0.32,227.0,1289.0,1.1054732226562503,False,CALL,2026-02-06,SMR
SMR260206C00022500,22.5,0.24,0.21,0.27,4.0,122.0,1.1171919140625,False,CALL,2026-02-06,SMR
SMR260206C00023000,23.0,0.19,0.17,0.28,96.0,846.0,1.1757853710937498,False,CALL,2026-02-06,SMR
SMR260206C00023500,23.5,0.21,0.14,0.22,5.0,111.0,1.1796916015624999,False,CALL,2026-02-06,SMR
SMR260206C00024000,24.0,0.16,0.12,0.2,42.0,891.0,1.2148476757812499,False,CALL,2026-02-06,SMR
SMR260206P00013000,13.0,0.06,0.0,0.2,1.0,149.0,1.48047134765625,False,PUT,2026-02-06,SMR
SMR260206P00014000,14.0,0.12,0.09,0.16,2.0,170.0,1.29297228515625,False,PUT,2026-02-06,SMR
SMR260206P00015000,15.0,0.2,0.19,0.27,25.0,280.0,1.2421912890624998,False,PUT,2026-02-06,SMR
SMR260206P00015500,15.5,0.24,0.24,0.28,29.0,79.0,1.1484417578125,False,PUT,2026-02-06,SMR
SMR260206P00016000,16.0,0.34,0.3,0.32,197.0,607.0,1.076176494140625,False,PUT,2026-02-06,SMR
SMR260206P00016500,16.5,0.4,0.38,0.44,133.0,205.0,1.0488328808593752,False,PUT,2026-02-06,SMR
SMR260206P00017000,17.0,0.5,0.48,0.55,220.0,1500.0,1.0039112304687499,False,PUT,2026-02-06,SMR
SMR260206P00017500,17.5,0.65,0.6,0.68,188.0,213.0,0.9531254687499999,False,PUT,2026-02-06,SMR
SMR260206P00018000,18.0,0.81,0.77,0.88,298.0,1144.0,0.93164130859375,False,PUT,2026-02-06,SMR
SMR260206P00018500,18.5,1.05,0.98,1.1,204.0,139.0,0.9062509375,False,PUT,2026-02-06,SMR
SMR260206P00019000,19.0,1.28,1.23,1.37,187.0,807.0,0.8886729882812499,True,PUT,2026-02-06,SMR
SMR260206P00019500,19.5,1.67,1.54,1.69,31.0,125.0,0.8867198828124999,True,PUT,2026-02-06,SMR
SMR260206P00020000,20.0,1.88,1.89,2.02,29.0,810.0,0.87500125,True,PUT,2026-02-06,SMR
SMR260206P00020500,20.5,2.31,2.24,2.41,58.0,44.0,0.8632826171875,True,PUT,2026-02-06,SMR
SMR260206P00021000,21.0,2.37,2.59,2.81,1.0,179.0,0.8203142968749999,True,PUT,2026-02-06,SMR
SMR260206P00021500,21.5,3.05,2.83,3.35,8.0,5.0,0.7421900781249999,True,PUT,2026-02-06,SMR
SMR260206P00022000,22.0,3.0,3.15,3.8,1.0,106.0,1.1367230664062502,True,PUT,2026-02-06,SMR
SMR260206P00022500,22.5,3.8,3.85,4.15,2.0,1.0,0.64062859375,True,PUT,2026-02-06,SMR
SMR260206P00023000,23.0,4.3,4.3,4.65,2.0,25.0,1.0859420703125,True,PUT,2026-02-06,SMR
SMR260206P00024000,24.0,5.25,5.05,5.7,2.0,18.0,1.3203158984374999,True,PUT,2026-02-06,SMR
SMR260213C00013000,13.0,7.95,4.95,7.2,2.0,13.0,1.81640716796875,True,CALL,2026-02-13,SMR
SMR260213C00014000,14.0,5.39,4.65,5.15,4.0,11.0,1.3437532812499997,True,CALL,2026-02-13,SMR
SMR260213C00015000,15.0,3.87,3.55,4.4,2.0,20.0,1.185550947265625,True,CALL,2026-02-13,SMR
SMR260213C00016000,16.0,3.9,2.65,4.9,4.0,56.0,1.6035176074218749,True,CALL,2026-02-13,SMR
SMR260213C00017000,17.0,2.75,2.39,2.64,13.0,67.0,1.111332568359375,True,CALL,2026-02-13,SMR
SMR260213C00018000,18.0,1.9,1.87,1.98,37.0,133.0,1.0849655126953124,True,CALL,2026-02-13,SMR
SMR260213C00019000,19.0,1.52,1.38,1.46,72.0,188.0,1.0546922265625,False,CALL,2026-02-13,SMR
SMR260213C00020000,20.0,1.03,1.01,1.11,147.0,592.0,1.05859845703125,False,CALL,2026-02-13,SMR
SMR260213C00021000,21.0,0.78,0.75,0.81,73.0,748.0,1.0625046875000002,False,CALL,2026-02-13,SMR
SMR260213C00022000,22.0,0.63,0.53,0.62,62.0,826.0,1.0722702636718753,False,CALL,2026-02-13,SMR
SMR260213C00023000,23.0,0.43,0.4,0.45,63.0,301.0,1.0859420703125,False,CALL,2026-02-13,SMR
SMR260213C00024000,24.0,0.32,0.32,0.36,167.0,332.0,1.125004375,False,CALL,2026-02-13,SMR
SMR260213P00013000,13.0,0.19,0.0,0.3,2.0,64.0,1.22266013671875,False,PUT,2026-02-13,SMR
SMR260213P00014000,14.0,0.12,0.13,0.22,7.0,144.0,1.05859845703125,False,PUT,2026-02-13,SMR
SMR260213P00015000,15.0,0.26,0.25,0.32,67.0,371.0,0.99804689453125,False,PUT,2026-02-13,SMR
SMR260213P00016000,16.0,0.49,0.46,0.48,10.0,555.0,0.9599613378906249,False,PUT,2026-02-13,SMR
SMR260213P00017000,17.0,0.71,0.71,0.78,41.0,1061.0,0.92773509765625,False,PUT,2026-02-13,SMR
SMR260213P00018000,18.0,1.11,1.11,1.18,58.0,894.0,0.913086806640625,False,PUT,2026-02-13,SMR
SMR260213P00019000,19.0,1.67,1.61,1.7,56.0,271.0,0.8964854101562498,True,PUT,2026-02-13,SMR
SMR260213P00020000,20.0,2.17,2.24,2.32,44.0,284.0,0.88476677734375,True,PUT,2026-02-13,SMR
SMR260213P00021000,21.0,2.41,2.94,3.15,1.0,35.0,0.90429783203125,True,PUT,2026-02-13,SMR
SMR260213P00022000,22.0,3.1,3.6,4.0,1.0,52.0,0.8535170898437501,True,PUT,2026-02-13,SMR
SMR260213P00023000,23.0,3.94,4.2,5.25,1.0,2.0,0.9062509375,True,PUT,2026-02-13,SMR
SMR260213P00024000,24.0,4.2,4.0,6.25,10.0,44.0,1.51172119140625,True,PUT,2026-02-13,SMR
SMR260220C00013000,13.0,8.05,5.3,7.4,2.0,36.0,1.7773448632812499,True,CALL,2026-02-20,SMR
SMR260220C00014000,14.0,5.6,4.45,6.65,4.0,136.0,1.6875015625,True,CALL,2026-02-20,SMR
SMR260220C00014500,14.5,6.54,4.05,6.1,,10.0,1.5800802246093748,True,CALL,2026-02-20,SMR
SMR260220C00015000,15.0,4.23,4.05,4.3,8.0,535.0,1.154301103515625,True,CALL,2026-02-20,SMR
SMR260220C00016000,16.0,3.0,3.0,3.95,3.0,825.0,1.140629296875,True,CALL,2026-02-20,SMR
SMR260220C00016500,16.5,3.1,2.82,3.25,4.0,38.0,1.0605515722656251,True,CALL,2026-02-20,SMR
SMR260220C00017000,17.0,3.1,2.62,2.82,48.0,938.0,1.05078599609375,True,CALL,2026-02-20,SMR
SMR260220C00017500,17.5,2.17,2.34,2.54,1.0,17.0,1.0488328808593752,True,CALL,2026-02-20,SMR
SMR260220C00018000,18.0,2.14,2.1,2.24,86.0,2489.0,1.0410204199218753,True,CALL,2026-02-20,SMR
SMR260220C00018500,18.5,2.0,1.83,1.99,52.0,51.0,1.0273486132812502,True,CALL,2026-02-20,SMR
SMR260220C00019000,19.0,1.64,1.63,1.75,207.0,1356.0,1.0244189404296877,False,CALL,2026-02-20,SMR
SMR260220C00019500,19.5,1.48,1.43,1.56,16.0,125.0,1.0253954980468751,False,CALL,2026-02-20,SMR
SMR260220C00020000,20.0,1.3,1.27,1.37,797.0,8190.0,1.0253954980468751,False,CALL,2026-02-20,SMR
SMR260220C00020500,20.5,1.26,1.11,1.22,82.0,193.0,1.0273486132812502,False,CALL,2026-02-20,SMR
SMR260220C00021000,21.0,0.99,0.97,1.08,386.0,1605.0,1.0293017285156252,False,CALL,2026-02-20,SMR
SMR260220C00021500,21.5,0.93,0.85,0.96,11.0,80.0,1.0332079589843752,False,CALL,2026-02-20,SMR
SMR260220C00022000,22.0,0.8,0.77,0.85,647.0,2106.0,1.0449266503906252,False,CALL,2026-02-20,SMR
SMR260220C00022500,22.5,0.86,0.66,0.78,8.0,246.0,1.052739111328125,False,CALL,2026-02-20,SMR
SMR260220C00023000,23.0,0.63,0.6,0.67,685.0,7367.0,1.056645341796875,False,CALL,2026-02-20,SMR
SMR260220C00023500,23.5,0.6,0.52,0.63,2.0,273.0,1.0703171484375003,False,CALL,2026-02-20,SMR
SMR260220C00024000,24.0,0.54,0.46,0.58,48.0,1331.0,1.083988955078125,False,CALL,2026-02-20,SMR
SMR260220P00013000,13.0,0.16,0.14,0.18,293.0,2401.0,1.0351610742187503,False,PUT,2026-02-20,SMR
SMR260220P00014000,14.0,0.26,0.24,0.3,80.0,1459.0,1.001958115234375,False,PUT,2026-02-20,SMR
SMR260220P00014500,14.5,0.3,0.28,0.75,1.0,11.0,1.1464886425781249,False,PUT,2026-02-20,SMR
SMR260220P00015000,15.0,0.42,0.39,0.45,60.0,5186.0,0.9589847851562499,False,PUT,2026-02-20,SMR
SMR260220P00015500,15.5,0.52,0.47,0.57,50.0,180.0,0.9414068359375,False,PUT,2026-02-20,SMR
SMR260220P00016000,16.0,0.67,0.61,0.69,60.0,4004.0,0.9326178613281251,False,PUT,2026-02-20,SMR
SMR260220P00016500,16.5,0.81,0.76,0.84,114.0,374.0,0.922852333984375,False,PUT,2026-02-20,SMR
SMR260220P00017000,17.0,1.0,0.93,1.02,35.0,2459.0,0.9150399121093751,False,PUT,2026-02-20,SMR
SMR260220P00017500,17.5,1.05,1.14,1.22,9.0,235.0,0.91211025390625,False,PUT,2026-02-20,SMR
SMR260220P00018000,18.0,1.48,1.37,1.46,283.0,2523.0,0.911133701171875,False,PUT,2026-02-20,SMR
SMR260220P00018500,18.5,1.49,1.59,1.71,15.0,175.0,0.8974619628906249,False,PUT,2026-02-20,SMR
SMR260220P00019000,19.0,1.97,1.86,2.01,21.0,1344.0,0.8984385156249999,True,PUT,2026-02-20,SMR
SMR260220P00019500,19.5,1.87,2.16,2.4,6.0,43.0,0.91992267578125,True,PUT,2026-02-20,SMR
SMR260220P00020000,20.0,2.62,2.51,2.63,37.0,4834.0,0.8994150683593749,True,PUT,2026-02-20,SMR
SMR260220P00020500,20.5,2.05,2.84,2.97,2.0,28.0,0.89257919921875,True,PUT,2026-02-20,SMR
SMR260220P00021000,21.0,3.3,3.15,3.35,12.0,720.0,0.8808605664062499,True,PUT,2026-02-20,SMR
SMR260220P00021500,21.5,2.9,3.55,3.75,,1.0,0.8906260937499999,True,PUT,2026-02-20,SMR
SMR260220P00022000,22.0,4.0,3.9,4.15,2.0,622.0,0.87500125,True,PUT,2026-02-20,SMR
SMR260220P00022500,22.5,4.78,4.25,4.65,,2.0,0.8828136718749999,True,PUT,2026-02-20,SMR
SMR260220P00023000,23.0,4.8,4.65,5.0,1.0,432.0,0.84179845703125,True,PUT,2026-02-20,SMR
SMR260220P00023500,23.5,4.55,3.7,5.85,1.0,1.0,1.2705114599609373,True,PUT,2026-02-20,SMR
SMR260220P00024000,24.0,5.63,5.5,5.95,3.0,725.0,0.851563984375,True,PUT,2026-02-20,SMR
SMR260227C00014500,14.5,6.09,4.15,6.5,2.0,2.0,1.5449241503906248,True,CALL,2026-02-27,SMR
SMR260227C00015000,15.0,5.55,4.3,4.75,1.0,2.0,1.2412147314453121,True,CALL,2026-02-27,SMR
SMR260227C00015500,15.5,4.95,3.45,5.8,2.0,27.0,1.4873072509765624,True,CALL,2026-02-27,SMR
SMR260227C00016000,16.0,4.0,3.3,4.35,30.0,3.0,1.2001993115234375,True,CALL,2026-02-27,SMR
SMR260227C00017000,17.0,4.92,3.05,3.4,3.0,23.0,1.1816447167968749,True,CALL,2026-02-27,SMR
SMR260227C00017500,17.5,3.4,2.84,3.2,1.0,6.0,1.2080117724609374,True,CALL,2026-02-27,SMR
SMR260227C00018000,18.0,2.69,2.54,2.78,22.0,98.0,1.1494183154296875,True,CALL,2026-02-27,SMR
SMR260227C00018500,18.5,2.48,2.4,2.66,25.0,33.0,1.1962930810546877,True,CALL,2026-02-27,SMR
SMR260227C00019000,19.0,2.22,2.15,2.56,59.0,170.0,1.2119180029296874,False,CALL,2026-02-27,SMR
SMR260227C00019500,19.5,2.1,1.98,2.3,2.0,169.0,1.2021524267578125,False,CALL,2026-02-27,SMR
SMR260227C00020000,20.0,2.05,1.8,2.18,46.0,306.0,1.2158242333984375,False,CALL,2026-02-27,SMR
SMR260227C00020500,20.5,1.6,1.63,2.22,12.0,281.0,1.2646521142578124,False,CALL,2026-02-27,SMR
SMR260227C00021000,21.0,1.61,1.5,1.77,372.0,525.0,1.2001993115234375,False,CALL,2026-02-27,SMR
SMR260227C00021500,21.5,1.42,1.35,1.66,19.0,767.0,1.2060586572265624,False,CALL,2026-02-27,SMR
SMR260227C00022000,22.0,1.4,1.24,1.42,16.0,357.0,1.18359783203125,False,CALL,2026-02-27,SMR
SMR260227C00022500,22.5,1.9,1.12,1.95,4.0,59.0,1.3466829541015621,False,CALL,2026-02-27,SMR
SMR260227C00023000,23.0,1.1,1.02,1.13,34.0,92.0,1.169926025390625,False,CALL,2026-02-27,SMR
SMR260227C00023500,23.5,1.59,0.94,1.06,34.0,31.0,1.18359783203125,False,CALL,2026-02-27,SMR
SMR260227C00024000,24.0,1.45,0.84,1.22,3.0,105.0,1.2509803076171875,False,CALL,2026-02-27,SMR
SMR260227P00013000,13.0,0.32,0.14,0.53,2.0,23.0,1.1171919140625,False,PUT,2026-02-27,SMR
SMR260227P00014000,14.0,0.5,0.42,0.56,21.0,158.0,1.0771530517578127,False,PUT,2026-02-27,SMR
SMR260227P00014500,14.5,0.48,0.41,0.65,1.0,194.0,1.015629921875,False,PUT,2026-02-27,SMR
SMR260227P00015000,15.0,0.8,0.64,0.77,54.0,562.0,1.0449266503906252,False,PUT,2026-02-27,SMR
SMR260227P00015500,15.5,0.9,0.83,0.9,3.0,39.0,1.0488328808593752,False,PUT,2026-02-27,SMR
SMR260227P00016000,16.0,1.05,0.96,1.07,30.0,344.0,1.0351610742187503,False,PUT,2026-02-27,SMR
SMR260227P00016500,16.5,1.27,1.18,1.27,17.0,57.0,1.0439500927734378,False,PUT,2026-02-27,SMR
SMR260227P00017000,17.0,1.44,1.39,1.48,22.0,283.0,1.0429735351562504,False,PUT,2026-02-27,SMR
SMR260227P00017500,17.5,1.8,1.61,1.7,7.0,128.0,1.0361376318359379,False,PUT,2026-02-27,SMR
SMR260227P00018000,18.0,1.89,1.86,1.95,111.0,145.0,1.0361376318359379,False,PUT,2026-02-27,SMR
SMR260227P00018500,18.5,2.14,2.12,2.21,5.0,43.0,1.0312548437500002,False,PUT,2026-02-27,SMR
SMR260227P00019000,19.0,2.28,2.38,2.5,21.0,291.0,1.0253954980468751,True,PUT,2026-02-27,SMR
SMR260227P00019500,19.5,2.6,2.7,2.8,3.0,146.0,1.0283251708984378,True,PUT,2026-02-27,SMR
SMR260227P00020000,20.0,2.85,2.99,3.15,12.0,43.0,1.0273486132812502,True,PUT,2026-02-27,SMR
SMR260227P00020500,20.5,2.85,3.35,3.45,50.0,64.0,1.0244189404296877,True,PUT,2026-02-27,SMR
SMR260227P00021000,21.0,3.08,3.7,3.8,1.0,279.0,1.0234423828125,True,PUT,2026-02-27,SMR
SMR260227P00021500,21.5,3.5,4.05,4.2,,71.0,1.0283251708984378,True,PUT,2026-02-27,SMR
SMR260227P00022000,22.0,4.11,4.4,4.6,1.0,75.0,1.0263720556640625,True,PUT,2026-02-27,SMR
SMR260227P00022500,22.5,3.87,4.7,5.15,1.0,1.0,1.0459032080078128,True,PUT,2026-02-27,SMR
SMR260227P00023000,23.0,5.83,4.75,5.45,2.0,4.0,0.9160164648437501,True,PUT,2026-02-27,SMR
SMR260227P00024000,24.0,5.75,5.95,6.35,1.0,13.0,1.0449266503906252,True,PUT,2026-02-27,SMR
SMR260306C00013500,13.5,7.9,4.3,7.45,,1.0,1.3183627832031248,True,CALL,2026-03-06,SMR
SMR260306C00015000,15.0,5.72,4.05,5.95,2.0,5.0,1.3808624707031247,True,CALL,2026-03-06,SMR
SMR260306C00018000,18.0,2.83,2.7,3.15,51.0,50.0,1.1513714306640623,True,CALL,2026-03-06,SMR
SMR260306C00019500,19.5,2.55,2.12,2.54,5.0,41.0,1.1630901220703125,False,CALL,2026-03-06,SMR
SMR260306C00020000,20.0,2.08,1.91,2.24,105.0,58.0,1.1313519995117187,False,CALL,2026-03-06,SMR
SMR260306C00020500,20.5,1.99,1.76,2.21,8.0,31.0,1.1640666796875,False,CALL,2026-03-06,SMR
SMR260306C00021000,21.0,1.8,1.58,1.99,13.0,275.0,1.1455120849609375,False,CALL,2026-03-06,SMR
SMR260306C00021500,21.5,2.35,1.43,1.95,10.0,35.0,1.1669963525390625,False,CALL,2026-03-06,SMR
SMR260306C00022000,22.0,1.44,1.21,1.72,6.0,47.0,1.1259809326171877,False,CALL,2026-03-06,SMR
SMR260306C00023000,23.0,1.18,1.09,1.58,25.0,74.0,1.1748088134765624,False,CALL,2026-03-06,SMR
SMR260306P00014000,14.0,0.56,0.49,0.8,5.0,18.0,1.0810592822265626,False,PUT,2026-03-06,SMR
SMR260306P00015000,15.0,0.86,0.8,0.94,14.0,61.0,1.040043862304688,False,PUT,2026-03-06,SMR
SMR260306P00016000,16.0,1.21,0.94,1.36,5.0,21.0,1.001958115234375,False,PUT,2026-03-06,SMR
SMR260306P00016500,16.5,1.56,1.25,1.71,2.0,13.0,1.0644578027343752,False,PUT,2026-03-06,SMR
SMR260306P00017000,17.0,1.77,1.52,1.75,1.0,69.0,1.0322314013671878,False,PUT,2026-03-06,SMR
SMR260306P00018000,18.0,2.04,1.97,2.38,1.0,8.0,1.05078599609375,False,PUT,2026-03-06,SMR
SMR260306P00019500,19.5,2.4,2.77,3.15,2.0,3.0,1.0146533642578124,True,PUT,2026-03-06,SMR
SMR260306P00020500,20.5,3.6,3.4,3.85,10.0,63.0,1.01953615234375,True,PUT,2026-03-06,SMR
SMR260306P00021000,21.0,3.3,3.75,4.2,1.0,33.0,1.0205127099609377,True,PUT,2026-03-06,SMR
SMR260306P00021500,21.5,3.35,4.2,4.45,,34.0,1.015629921875,True,PUT,2026-03-06,SMR
SMR260320C00013000,13.0,7.4,6.05,7.0,1.0,51.0,1.2968785156249998,True,CALL,2026-03-20,SMR
SMR260320C00014000,14.0,5.65,5.55,5.75,13.0,140.0,1.185550947265625,True,CALL,2026-03-20,SMR
SMR260320C00015000,15.0,5.0,4.75,5.15,5.0,321.0,1.1533245458984376,True,CALL,2026-03-20,SMR
SMR260320C00016000,16.0,4.68,4.25,4.45,28.0,692.0,1.1445355273437499,True,CALL,2026-03-20,SMR
SMR260320C00017000,17.0,3.55,3.65,3.95,1.0,1338.0,1.1337933935546878,True,CALL,2026-03-20,SMR
SMR260320C00018000,18.0,3.25,3.25,3.4,156.0,5876.0,1.1308637207031251,True,CALL,2026-03-20,SMR
SMR260320C00019000,19.0,2.88,2.85,2.93,475.0,1418.0,1.125004375,False,CALL,2026-03-20,SMR
SMR260320C00020000,20.0,2.53,2.49,2.57,880.0,6005.0,1.1284223266601563,False,CALL,2026-03-20,SMR
SMR260320C00021000,21.0,2.28,2.16,2.26,88.0,977.0,1.1308637207031251,False,CALL,2026-03-20,SMR
SMR260320C00022000,22.0,1.94,1.88,1.97,143.0,3113.0,1.1308637207031251,False,CALL,2026-03-20,SMR
SMR260320C00023000,23.0,1.68,1.64,1.75,307.0,6564.0,1.138676181640625,False,CALL,2026-03-20,SMR
SMR260320C00024000,24.0,1.54,1.44,1.51,185.0,1183.0,1.1391644604492188,False,CALL,2026-03-20,SMR
SMR260320P00013000,13.0,0.6,0.56,0.66,27.0,2718.0,1.0546922265625,False,PUT,2026-03-20,SMR
SMR260320P00014000,14.0,0.84,0.79,0.87,22.0,944.0,1.0263720556640625,False,PUT,2026-03-20,SMR
SMR260320P00015000,15.0,1.16,1.12,1.18,287.0,2535.0,1.0224658251953125,False,PUT,2026-03-20,SMR
SMR260320P00016000,16.0,1.5,1.5,1.55,41.0,633.0,1.015629921875,False,PUT,2026-03-20,SMR
SMR260320P00017000,17.0,2.0,1.94,1.99,62.0,3397.0,1.009770576171875,False,PUT,2026-03-20,SMR
SMR260320P00018000,18.0,2.46,2.43,2.5,87.0,6158.0,1.0039112304687499,False,PUT,2026-03-20,SMR
SMR260320P00019000,19.0,3.1,3.0,3.1,261.0,4435.0,1.0083057397460937,True,PUT,2026-03-20,SMR
SMR260320P00020000,20.0,3.75,3.6,3.7,35.0,1454.0,0.9985351708984375,True,PUT,2026-03-20,SMR
SMR260320P00021000,21.0,4.18,4.25,4.4,5.0,1036.0,0.99804689453125,True,PUT,2026-03-20,SMR
SMR260320P00022000,22.0,5.0,5.0,5.15,72.0,721.0,1.0087940185546875,True,PUT,2026-03-20,SMR
SMR260320P00023000,23.0,5.55,5.65,5.9,1.0,5142.0,0.9853517089843751,True,PUT,2026-03-20,SMR
SMR260320P00024000,24.0,6.53,6.3,6.75,1.0,237.0,0.965820654296875,True,PUT,2026-03-20,SMR
SMR260417C00013000,13.0,7.36,6.25,8.25,1.0,22.0,1.36328443359375,True,CALL,2026-04-17,SMR
SMR260417C00014000,14.0,6.48,5.9,6.65,3.0,80.0,1.2055703784179688,True,CALL,2026-04-17,SMR
SMR260417C00015000,15.0,5.5,5.4,5.6,13.0,689.0,1.12891060546875,True,CALL,2026-04-17,SMR
SMR260417C00016000,16.0,5.85,4.75,5.4,2.0,429.0,1.1640666796875,True,CALL,2026-04-17,SMR
SMR260417C00017000,17.0,4.47,4.3,4.6,2.0,534.0,1.1171919140625,True,CALL,2026-04-17,SMR
SMR260417C00018000,18.0,3.9,3.85,4.05,119.0,730.0,1.0986373193359378,True,CALL,2026-04-17,SMR
SMR260417C00019000,19.0,3.57,3.45,3.7,142.0,737.0,1.1064497802734377,False,CALL,2026-04-17,SMR
SMR260417C00020000,20.0,3.2,3.1,3.2,207.0,1727.0,1.0874069067382814,False,CALL,2026-04-17,SMR
SMR260417C00021000,21.0,2.82,2.81,2.96,98.0,641.0,1.1049849438476564,False,CALL,2026-04-17,SMR
SMR260417C00022000,22.0,2.6,2.53,2.62,10.0,770.0,1.0996138769531252,False,CALL,2026-04-17,SMR
SMR260417C00023000,23.0,2.52,2.26,2.38,6.0,348.0,1.102055270996094,False,CALL,2026-04-17,SMR
SMR260417C00024000,24.0,2.15,2.01,2.31,7.0,619.0,1.1245160961914062,False,CALL,2026-04-17,SMR
SMR260417P00013000,13.0,0.96,0.84,1.01,10.0,320.0,1.0048877880859375,False,PUT,2026-04-17,SMR
SMR260417P00014000,14.0,1.27,1.17,1.28,2.0,766.0,0.993164130859375,False,PUT,2026-04-17,SMR
SMR260417P00015000,15.0,1.6,1.58,1.65,514.0,1078.0,0.9956055126953125,False,PUT,2026-04-17,SMR
SMR260417P00016000,16.0,2.0,1.99,2.08,1.0,1298.0,0.989257919921875,False,PUT,2026-04-17,SMR
SMR260417P00017000,17.0,2.36,2.46,2.55,12.0,534.0,0.98242205078125,False,PUT,2026-04-17,SMR
SMR260417P00018000,18.0,3.0,3.0,3.1,38.0,604.0,0.983398603515625,False,PUT,2026-04-17,SMR
SMR260417P00019000,19.0,3.85,3.55,3.7,4.0,400.0,0.9794923925781251,True,PUT,2026-04-17,SMR
SMR260417P00020000,20.0,4.1,4.15,4.3,4.0,2431.0,0.9697268652343749,True,PUT,2026-04-17,SMR
SMR260417P00021000,21.0,4.75,4.85,5.0,2.0,1087.0,0.9775392871093751,True,PUT,2026-04-17,SMR
SMR260417P00022000,22.0,5.48,5.55,5.65,4.0,1175.0,0.96679720703125,True,PUT,2026-04-17,SMR
SMR260417P00023000,23.0,5.72,6.3,6.45,1.0,520.0,0.9760744580078126,True,PUT,2026-04-17,SMR
SMR260417P00024000,24.0,6.35,6.85,7.25,3.0,424.0,0.945313046875,True,PUT,2026-04-17,SMR
SMR260515C00013000,13.0,8.06,6.6,7.75,1.0,51.0,1.1435589697265625,True,CALL,2026-05-15,SMR
SMR260515C00014000,14.0,7.18,6.45,6.95,1.0,172.0,1.1787150439453122,True,CALL,2026-05-15,SMR
SMR260515C00015000,15.0,6.15,5.85,6.5,198.0,443.0,1.1787150439453122,True,CALL,2026-05-15,SMR
SMR260515C00016000,16.0,5.55,5.4,5.6,4.0,153.0,1.123051259765625,True,CALL,2026-05-15,SMR
SMR260515C00017000,17.0,4.95,4.9,5.2,9.0,691.0,1.1245160961914062,True,CALL,2026-05-15,SMR
SMR260515C00018000,18.0,4.55,4.45,4.7,13.0,470.0,1.1088911743164065,True,CALL,2026-05-15,SMR
SMR260515C00019000,19.0,4.25,4.1,4.4,86.0,703.0,1.1240278173828124,False,CALL,2026-05-15,SMR
SMR260515C00020000,20.0,3.8,3.75,3.95,102.0,3000.0,1.1108442895507813,False,CALL,2026-05-15,SMR
SMR260515C00021000,21.0,3.4,3.4,3.65,4.0,902.0,1.109379453125,False,CALL,2026-05-15,SMR
SMR260515C00022000,22.0,3.4,3.15,3.45,46.0,1513.0,1.1264692114257815,False,CALL,2026-05-15,SMR
SMR260515C00023000,23.0,2.99,2.89,3.05,77.0,987.0,1.1103560107421875,False,CALL,2026-05-15,SMR
SMR260515C00024000,24.0,2.75,2.61,2.89,2.0,478.0,1.1162153564453123,False,CALL,2026-05-15,SMR
SMR260515P00013000,13.0,1.4,1.16,1.36,13.0,242.0,0.9960937890625,False,PUT,2026-05-15,SMR
SMR260515P00014000,14.0,1.56,1.58,1.72,2.0,537.0,1.0009815576171874,False,PUT,2026-05-15,SMR
SMR260515P00015000,15.0,1.95,1.96,2.12,164.0,876.0,0.9887696435546875,False,PUT,2026-05-15,SMR
SMR260515P00016000,16.0,2.57,2.48,2.59,40.0,601.0,0.9951172363281251,False,PUT,2026-05-15,SMR
SMR260515P00017000,17.0,2.8,3.0,3.1,14.0,640.0,0.993164130859375,False,PUT,2026-05-15,SMR
SMR260515P00018000,18.0,3.05,3.45,3.7,7.0,749.0,0.98242205078125,False,PUT,2026-05-15,SMR
SMR260515P00019000,19.0,4.1,4.1,4.3,1.0,602.0,0.9877930908203125,True,PUT,2026-05-15,SMR
SMR260515P00020000,20.0,4.45,4.75,4.9,3.0,438.0,0.9838868798828125,True,PUT,2026-05-15,SMR
SMR260515P00021000,21.0,4.78,5.4,5.9,2.0,1212.0,1.0210009887695315,True,PUT,2026-05-15,SMR
SMR260515P00022000,22.0,5.69,6.05,6.35,14.0,431.0,0.981445498046875,True,PUT,2026-05-15,SMR
SMR260515P00023000,23.0,6.77,6.85,7.05,1.0,633.0,0.9853517089843751,True,PUT,2026-05-15,SMR
SMR260515P00024000,24.0,7.1,7.05,8.05,39.0,291.0,0.9433599414062499,True,PUT,2026-05-15,SMR
SMR260618C00013000,13.0,8.15,6.95,9.05,5.0,48.0,1.255863095703125,True,CALL,2026-06-18,SMR
SMR260618C00014000,14.0,7.55,6.5,8.45,2.0,169.0,1.2500037499999999,True,CALL,2026-06-18,SMR
SMR260618C00015000,15.0,6.75,6.0,7.8,5.0,2281.0,1.2221718579101561,True,CALL,2026-06-18,SMR
SMR260618C00016000,16.0,5.89,5.85,6.45,10.0,354.0,1.1435589697265625,True,CALL,2026-06-18,SMR
SMR260618C00017000,17.0,6.85,5.1,6.0,7.0,546.0,1.1005904345703126,True,CALL,2026-06-18,SMR
SMR260618C00018000,18.0,5.5,5.0,5.4,16.0,563.0,1.111820847167969,True,CALL,2026-06-18,SMR
SMR260618C00019000,19.0,4.84,4.6,5.15,30.0,603.0,1.12109814453125,False,CALL,2026-06-18,SMR
SMR260618C00020000,20.0,4.4,4.25,4.45,85.0,5263.0,1.0788620275878906,False,CALL,2026-06-18,SMR
SMR260618C00021000,21.0,3.99,3.9,4.25,13.0,414.0,1.0874069067382814,False,CALL,2026-06-18,SMR
SMR260618C00022000,22.0,3.75,3.65,3.9,6.0,610.0,1.0847213732910155,False,CALL,2026-06-18,SMR
SMR260618C00023000,23.0,3.52,3.4,3.85,59.0,415.0,1.1098677319335937,False,CALL,2026-06-18,SMR
SMR260618C00024000,24.0,3.1,3.15,3.55,5.0,522.0,1.1035201074218752,False,CALL,2026-06-18,SMR
SMR260618P00013000,13.0,1.65,1.54,1.89,1.0,436.0,1.015629921875,False,PUT,2026-06-18,SMR
SMR260618P00014000,14.0,2.03,2.01,2.23,1.0,615.0,1.009770576171875,False,PUT,2026-06-18,SMR
SMR260618P00015000,15.0,2.61,2.25,2.86,5.0,287.0,1.0004932788085936,False,PUT,2026-06-18,SMR
SMR260618P00016000,16.0,2.91,2.89,3.15,1.0,2545.0,0.989257919921875,False,PUT,2026-06-18,SMR
SMR260618P00017000,17.0,3.45,3.4,3.7,10.0,1430.0,0.9848634326171876,False,PUT,2026-06-18,SMR
SMR260618P00018000,18.0,3.55,3.75,4.25,9.0,1724.0,0.9536137451171874,False,PUT,2026-06-18,SMR
SMR260618P00019000,19.0,4.55,4.55,4.85,12.0,375.0,0.9726565234375,True,PUT,2026-06-18,SMR
SMR260618P00020000,20.0,5.55,5.25,5.45,2.0,1436.0,0.9726565234375,True,PUT,2026-06-18,SMR
SMR260618P00021000,21.0,6.2,5.85,6.2,2.0,274.0,0.9711916943359374,True,PUT,2026-06-18,SMR
SMR260618P00022000,22.0,6.45,6.55,6.85,2.0,519.0,0.9641116870117188,True,PUT,2026-06-18,SMR
SMR260618P00023000,23.0,7.6,7.05,7.6,12.0,623.0,0.940430283203125,True,PUT,2026-06-18,SMR
SMR260618P00024000,24.0,8.1,8.0,8.35,25.0,71.0,0.9606937524414061,True,PUT,2026-06-18,SMR
SMR260821C00013000,13.0,9.28,7.8,9.1,15.0,10.0,1.1572307763671876,True,CALL,2026-08-21,SMR
SMR260821C00014000,14.0,7.9,7.3,9.25,1.0,137.0,1.2290077612304686,True,CALL,2026-08-21,SMR
SMR260821C00015000,15.0,8.05,6.8,8.35,10.0,67.0,1.1655315161132815,True,CALL,2026-08-21,SMR
SMR260821C00016000,16.0,6.7,6.8,7.0,7.0,148.0,1.1079146166992189,True,CALL,2026-08-21,SMR
SMR260821C00017000,17.0,6.4,6.3,6.9,2.0,60.0,1.126957490234375,True,CALL,2026-08-21,SMR
SMR260821C00018000,18.0,6.06,5.9,6.45,27.0,94.0,1.1142622412109375,True,CALL,2026-08-21,SMR
SMR260821C00019000,19.0,5.7,5.65,5.9,42.0,250.0,1.102299410400391,False,CALL,2026-08-21,SMR
SMR260821C00020000,20.0,5.4,5.25,5.6,111.0,1565.0,1.0961959252929687,False,CALL,2026-08-21,SMR
SMR260821C00021000,21.0,5.85,4.95,5.4,2.0,187.0,1.1049849438476564,False,CALL,2026-08-21,SMR
SMR260821C00022000,22.0,4.8,4.75,4.95,41.0,651.0,1.0957076464843751,False,CALL,2026-08-21,SMR
SMR260821C00023000,23.0,4.43,4.15,4.9,1.0,33.0,1.0837448156738283,False,CALL,2026-08-21,SMR
SMR260821C00024000,24.0,4.45,4.1,4.5,13.0,129.0,1.0869186279296876,False,CALL,2026-08-21,SMR
SMR260821P00013000,13.0,2.3,2.11,2.47,10.0,56.0,0.9926758544921875,False,PUT,2026-08-21,SMR
SMR260821P00014000,14.0,2.64,2.57,2.96,1.0,49.0,0.9916993017578125,False,PUT,2026-08-21,SMR
SMR260821P00015000,15.0,3.26,2.75,3.5,2.0,457.0,0.9567875415039062,False,PUT,2026-08-21,SMR
SMR260821P00016000,16.0,3.66,3.45,3.9,1.0,53.0,0.9580082324218748,False,PUT,2026-08-21,SMR
SMR260821P00017000,17.0,4.18,3.75,4.65,3.0,36.0,0.94726615234375,False,PUT,2026-08-21,SMR
SMR260821P00018000,18.0,4.7,4.6,5.15,1.0,29.0,0.9604496142578124,False,PUT,2026-08-21,SMR
SMR260821P00019000,19.0,5.29,5.3,5.8,1.0,64.0,0.9672854833984376,True,PUT,2026-08-21,SMR
SMR260821P00020000,20.0,5.85,5.9,6.6,500.0,1071.0,0.9731447998046875,True,PUT,2026-08-21,SMR
SMR260821P00021000,21.0,6.95,6.65,7.15,1.0,622.0,0.9653323779296875,True,PUT,2026-08-21,SMR
SMR260821P00022000,22.0,7.5,7.45,7.8,10.0,982.0,0.9672854833984376,True,PUT,2026-08-21,SMR
SMR260821P00023000,23.0,8.35,7.95,8.55,4.0,14.0,0.94726615234375,True,PUT,2026-08-21,SMR
SMR260821P00024000,24.0,8.35,8.65,9.5,1.0,4.0,0.9599613378906249,True,PUT,2026-08-21,SMR
SMR270115C00015000,15.0,8.75,8.7,9.0,28.0,2770.0,1.115238798828125,True,CALL,2027-01-15,SMR
SMR270115C00017000,17.0,8.24,8.0,8.35,75.0,1137.0,1.1159712170410154,True,CALL,2027-01-15,SMR
SMR270115C00020000,20.0,7.1,7.0,7.25,365.0,6212.0,1.0896041613769532,False,CALL,2027-01-15,SMR
SMR270115C00022000,22.0,6.6,6.45,6.75,46.0,1879.0,1.087895185546875,False,CALL,2027-01-15,SMR
SMR270115P00015000,15.0,4.4,4.4,4.75,36.0,1933.0,0.9809572216796876,False,PUT,2027-01-15,SMR
SMR270115P00017000,17.0,5.74,5.55,5.85,23.0,1718.0,0.9594730615234374,False,PUT,2027-01-15,SMR
SMR270115P00020000,20.0,7.5,7.45,7.95,1.0,3930.0,0.9533696069335937,True,PUT,2027-01-15,SMR
SMR270115P00022000,22.0,8.75,8.55,9.4,3.0,598.0,0.9279792358398438,True,PUT,2027-01-15,SMR
SMR280121C00013000,13.0,12.2,10.7,13.05,4.0,225.0,1.1135298229980468,True,CALL,2028-01-21,SMR
SMR280121C00015000,15.0,11.35,11.0,11.65,22.0,2432.0,1.112797404785156,True,CALL,2028-01-21,SMR
SMR280121C00018000,18.0,10.67,10.2,11.1,6.0,506.0,1.1186567504882814,True,CALL,2028-01-21,SMR
SMR280121C00020000,20.0,9.85,9.15,10.35,91.0,1188.0,1.0593308752441408,False,CALL,2028-01-21,SMR
SMR280121C00023000,23.0,9.45,8.95,9.95,6.0,456.0,1.09375453125,False,CALL,2028-01-21,SMR
SMR280121P00013000,13.0,5.15,4.85,5.45,2.0,168.0,0.9294440649414062,False,PUT,2028-01-21,SMR
SMR280121P00015000,15.0,6.6,6.1,6.75,2.0,488.0,0.920899228515625,False,PUT,2028-01-21,SMR
SMR280121P00018000,18.0,8.55,8.5,8.65,12.0,221.0,0.922852333984375,False,PUT,2028-01-21,SMR
SMR280121P00020000,20.0,9.91,9.7,10.2,30.0,986.0,0.9089364575195311,True,PUT,2028-01-21,SMR
SMR280121P00023000,23.0,12.15,11.65,12.55,3.0,65.0,0.8903819555664061,True,PUT,2028-01-21,SMR
SNAP260130C00006000,6.0,1.4,1.08,1.75,1.0,19.0,3.06250234375,True,CALL,2026-01-30,SNAP
SNAP260130C00006500,6.5,0.76,0.72,0.8,31.0,2130.0,0.98437515625,True,CALL,2026-01-30,SNAP
SNAP260130C00007000,7.0,0.28,0.26,0.3,868.0,557.0,0.5625043750000001,True,CALL,2026-01-30,SNAP
SNAP260130C00007500,7.5,0.03,0.03,0.04,9443.0,8403.0,0.5625043750000001,False,CALL,2026-01-30,SNAP
SNAP260130C00008000,8.0,0.01,0.0,0.01,3948.0,23456.0,0.7187528125,False,CALL,2026-01-30,SNAP
SNAP260130C00008500,8.5,0.01,0.0,0.01,479.0,11932.0,1.0625046875000002,False,CALL,2026-01-30,SNAP
SNAP260130C00009000,9.0,0.03,0.0,0.01,17.0,5994.0,1.3750031249999999,False,CALL,2026-01-30,SNAP
SNAP260130P00005500,5.5,0.01,0.0,0.01,2.0,10.0,1.75000125,False,PUT,2026-01-30,SNAP
SNAP260130P00006000,6.0,0.01,0.0,0.01,1.0,57.0,1.2500037499999999,False,PUT,2026-01-30,SNAP
SNAP260130P00006500,6.5,0.01,0.0,0.01,114.0,2809.0,0.8125018749999999,False,PUT,2026-01-30,SNAP
SNAP260130P00007000,7.0,0.02,0.01,0.02,1210.0,3849.0,0.4687553125,False,PUT,2026-01-30,SNAP
SNAP260130P00007500,7.5,0.27,0.26,0.28,1206.0,16268.0,0.500005,True,PUT,2026-01-30,SNAP
SNAP260130P00008000,8.0,0.73,0.7,0.77,246.0,6458.0,0.9062509375,True,PUT,2026-01-30,SNAP
SNAP260130P00008500,8.5,1.3,1.08,1.47,32.0,2666.0,1.3750031249999999,True,PUT,2026-01-30,SNAP
SNAP260130P00009000,9.0,1.68,1.65,1.86,3.0,116.0,0.500005,True,PUT,2026-01-30,SNAP
SNAP260206C00005500,5.5,1.94,1.69,1.85,,57.0,1.09375453125,True,CALL,2026-02-06,SNAP
SNAP260206C00006000,6.0,1.4,1.33,1.48,1095.0,73.0,1.4140654296875002,True,CALL,2026-02-06,SNAP
SNAP260206C00006500,6.5,1.0,0.97,1.01,1024.0,594.0,1.2500037499999999,True,CALL,2026-02-06,SNAP
SNAP260206C00007000,7.0,0.71,0.69,0.72,1920.0,2578.0,1.2890660546875,True,CALL,2026-02-06,SNAP
SNAP260206C00007500,7.5,0.48,0.48,0.5,3233.0,4873.0,1.3203158984374999,False,CALL,2026-02-06,SNAP
SNAP260206C00008000,8.0,0.33,0.33,0.34,2500.0,9985.0,1.3515657421874998,False,CALL,2026-02-06,SNAP
SNAP260206C00008500,8.5,0.22,0.22,0.23,702.0,6704.0,1.3750031249999999,False,CALL,2026-02-06,SNAP
SNAP260206C00009000,9.0,0.15,0.14,0.15,644.0,7150.0,1.3828155859374998,False,CALL,2026-02-06,SNAP
SNAP260206P00005500,5.5,0.04,0.03,0.04,421.0,293.0,1.171879140625,False,PUT,2026-02-06,SNAP
SNAP260206P00006000,6.0,0.09,0.09,0.1,830.0,718.0,1.1640666796875,False,PUT,2026-02-06,SNAP
SNAP260206P00006500,6.5,0.22,0.21,0.22,1614.0,1754.0,1.1679729101562502,False,PUT,2026-02-06,SNAP
SNAP260206P00007000,7.0,0.43,0.42,0.43,2728.0,10635.0,1.2109414453124998,False,PUT,2026-02-06,SNAP
SNAP260206P00007500,7.5,0.72,0.71,0.73,457.0,9179.0,1.2656286718749998,True,PUT,2026-02-06,SNAP
SNAP260206P00008000,8.0,1.04,1.04,1.04,786.0,1666.0,1.23047259765625,True,PUT,2026-02-06,SNAP
SNAP260206P00008500,8.5,1.52,1.4,1.5,5.0,742.0,1.29297228515625,True,PUT,2026-02-06,SNAP
SNAP260206P00009000,9.0,1.77,1.78,1.99,20.0,366.0,1.3281283593749997,True,PUT,2026-02-06,SNAP
SNAP260213C00006500,6.5,1.0,1.02,1.07,524.0,203.0,1.05078599609375,True,CALL,2026-02-13,SNAP
SNAP260213C00007000,7.0,0.74,0.74,0.77,87.0,99.0,1.052739111328125,True,CALL,2026-02-13,SNAP
SNAP260213C00007500,7.5,0.54,0.53,0.54,325.0,927.0,1.0664109179687502,False,CALL,2026-02-13,SNAP
SNAP260213C00008000,8.0,0.37,0.37,0.39,227.0,2913.0,1.091801416015625,False,CALL,2026-02-13,SNAP
SNAP260213C00008500,8.5,0.26,0.25,0.27,593.0,1707.0,1.1015669921875002,False,CALL,2026-02-13,SNAP
SNAP260213C00009000,9.0,0.18,0.18,0.19,573.0,3764.0,1.12891060546875,False,CALL,2026-02-13,SNAP
SNAP260213P00005500,5.5,0.06,0.04,0.06,108.0,476.0,0.9609378906249999,False,PUT,2026-02-13,SNAP
SNAP260213P00006000,6.0,0.13,0.12,0.13,206.0,757.0,0.9648441015625,False,PUT,2026-02-13,SNAP
SNAP260213P00006500,6.5,0.26,0.25,0.27,290.0,1250.0,0.9687503125,False,PUT,2026-02-13,SNAP
SNAP260213P00007000,7.0,0.48,0.46,0.49,591.0,3769.0,0.992187578125,False,PUT,2026-02-13,SNAP
SNAP260213P00007500,7.5,0.82,0.75,0.77,32.0,1928.0,1.015629921875,True,PUT,2026-02-13,SNAP
SNAP260213P00008000,8.0,1.11,1.06,1.12,3.0,635.0,1.01172369140625,True,PUT,2026-02-13,SNAP
SNAP260213P00008500,8.5,1.48,1.45,1.51,2.0,218.0,1.0312548437500002,True,PUT,2026-02-13,SNAP
SNAP260213P00009000,9.0,1.61,1.87,2.0,45.0,473.0,1.1171919140625,True,PUT,2026-02-13,SNAP
SNAP260220C00006000,6.0,1.42,1.39,1.5,72.0,224.0,0.9687503125,True,CALL,2026-02-20,SNAP
SNAP260220C00006500,6.5,1.08,1.05,1.11,10.0,153.0,0.9335944140625,True,CALL,2026-02-20,SNAP
SNAP260220C00007000,7.0,0.76,0.79,0.8,368.0,1288.0,0.9335944140625,True,CALL,2026-02-20,SNAP
SNAP260220C00007500,7.5,0.57,0.55,0.57,641.0,6384.0,0.92187578125,False,CALL,2026-02-20,SNAP
SNAP260220C00008000,8.0,0.41,0.38,0.41,4352.0,22557.0,0.9335944140625,False,CALL,2026-02-20,SNAP
SNAP260220C00008500,8.5,0.28,0.27,0.3,348.0,2124.0,0.9570316796874999,False,CALL,2026-02-20,SNAP
SNAP260220C00009000,9.0,0.2,0.18,0.21,1381.0,12555.0,0.9609378906249999,False,CALL,2026-02-20,SNAP
SNAP260220P00005500,5.5,0.04,0.03,0.09,2.0,436.0,0.8437515624999999,False,PUT,2026-02-20,SNAP
SNAP260220P00006000,6.0,0.15,0.13,0.16,20.0,3256.0,0.851563984375,False,PUT,2026-02-20,SNAP
SNAP260220P00006500,6.5,0.29,0.28,0.3,260.0,584.0,0.85937640625,False,PUT,2026-02-20,SNAP
SNAP260220P00007000,7.0,0.51,0.5,0.51,2332.0,10941.0,0.8710950390625,False,PUT,2026-02-20,SNAP
SNAP260220P00007500,7.5,0.78,0.78,0.79,423.0,1255.0,0.8828136718749999,True,PUT,2026-02-20,SNAP
SNAP260220P00008000,8.0,1.14,1.09,1.15,78.0,4538.0,0.8886729882812499,True,PUT,2026-02-20,SNAP
SNAP260220P00008500,8.5,1.21,1.46,1.56,70.0,227.0,0.9101571484375,True,PUT,2026-02-20,SNAP
SNAP260220P00009000,9.0,1.99,1.87,1.97,1.0,1186.0,0.9023447265625,True,PUT,2026-02-20,SNAP
SNAP260227C00006500,6.5,1.15,1.07,1.15,40.0,51.0,0.85937640625,True,CALL,2026-02-27,SNAP
SNAP260227C00007000,7.0,0.8,0.79,0.84,153.0,147.0,0.8437515624999999,True,CALL,2026-02-27,SNAP
SNAP260227C00007500,7.5,0.6,0.58,0.61,608.0,497.0,0.851563984375,False,CALL,2026-02-27,SNAP
SNAP260227C00008000,8.0,0.41,0.41,0.45,172.0,1131.0,0.85937640625,False,CALL,2026-02-27,SNAP
SNAP260227C00008500,8.5,0.29,0.29,0.32,12.0,262.0,0.867188828125,False,CALL,2026-02-27,SNAP
SNAP260227C00009000,9.0,0.21,0.21,0.23,15.0,484.0,0.8828136718749999,False,CALL,2026-02-27,SNAP
SNAP260227P00005500,5.5,0.09,0.06,0.13,2.0,438.0,0.8398453515625,False,PUT,2026-02-27,SNAP
SNAP260227P00006000,6.0,0.17,0.15,0.18,37.0,35.0,0.7812521875,False,PUT,2026-02-27,SNAP
SNAP260227P00006500,6.5,0.3,0.29,0.33,84.0,347.0,0.7812521875,False,PUT,2026-02-27,SNAP
SNAP260227P00007000,7.0,0.53,0.5,0.55,183.0,556.0,0.78711150390625,False,PUT,2026-02-27,SNAP
SNAP260227P00007500,7.5,0.8,0.79,0.83,112.0,368.0,0.8027363476562499,True,PUT,2026-02-27,SNAP
SNAP260227P00008000,8.0,1.21,1.11,1.16,105.0,838.0,0.79687703125,True,PUT,2026-02-27,SNAP
SNAP260227P00008500,8.5,1.3,1.48,1.56,1.0,124.0,0.8105487695312499,True,PUT,2026-02-27,SNAP
SNAP260227P00009000,9.0,1.66,1.9,1.97,1.0,155.0,0.8164080859374999,True,PUT,2026-02-27,SNAP
SNAP260306C00007500,7.5,0.66,0.62,0.65,179.0,53.0,0.8085956640624999,False,CALL,2026-03-06,SNAP
SNAP260306C00008000,8.0,0.47,0.45,0.49,70.0,179.0,0.8203142968749999,False,CALL,2026-03-06,SNAP
SNAP260306C00008500,8.5,0.33,0.27,0.36,11.0,20.0,0.7929708203125,False,CALL,2026-03-06,SNAP
SNAP260306C00009000,9.0,0.34,0.23,0.28,29.0,95.0,0.8437515624999999,False,CALL,2026-03-06,SNAP
SNAP260306P00006000,6.0,0.19,0.18,0.21,10.0,5.0,0.7539087109375,False,PUT,2026-03-06,SNAP
SNAP260306P00006500,6.5,0.34,0.33,0.34,124.0,54.0,0.73437765625,False,PUT,2026-03-06,SNAP
SNAP260306P00007000,7.0,0.58,0.53,0.57,71.0,21.0,0.7382838671874999,False,PUT,2026-03-06,SNAP
SNAP260306P00007500,7.5,0.64,0.78,0.89,1.0,90.0,0.7500025,True,PUT,2026-03-06,SNAP
SNAP260306P00008000,8.0,1.22,1.13,1.21,8.0,64.0,0.7578149218750001,True,PUT,2026-03-06,SNAP
SNAP260320C00006000,6.0,1.5,1.46,1.56,399.0,2818.0,0.73633076171875,True,CALL,2026-03-20,SNAP
SNAP260320C00007000,7.0,0.89,0.9,0.92,476.0,8792.0,0.7382838671874999,True,CALL,2026-03-20,SNAP
SNAP260320C00008000,8.0,0.52,0.51,0.53,5390.0,24474.0,0.7460962890625,False,CALL,2026-03-20,SNAP
SNAP260320C00009000,9.0,0.3,0.29,0.3,1950.0,31607.0,0.76367423828125,False,CALL,2026-03-20,SNAP
SNAP260320P00006000,6.0,0.22,0.2,0.23,6.0,5788.0,0.6718782812500002,False,PUT,2026-03-20,SNAP
SNAP260320P00007000,7.0,0.6,0.59,0.61,561.0,22182.0,0.6757844921875001,False,PUT,2026-03-20,SNAP
SNAP260320P00008000,8.0,1.21,1.21,1.23,390.0,7372.0,0.69336244140625,True,PUT,2026-03-20,SNAP
SNAP260320P00009000,9.0,2.02,1.96,2.02,17.0,8129.0,0.6953155468750001,True,PUT,2026-03-20,SNAP
SNAP260417C00006000,6.0,1.62,1.6,1.66,21.0,1009.0,0.7128934960937501,True,CALL,2026-04-17,SNAP
SNAP260417C00007000,7.0,1.05,1.02,1.06,597.0,3451.0,0.69336244140625,True,CALL,2026-04-17,SNAP
SNAP260417C00008000,8.0,0.65,0.63,0.64,1324.0,19395.0,0.68555001953125,False,CALL,2026-04-17,SNAP
SNAP260417C00009000,9.0,0.38,0.38,0.39,685.0,7674.0,0.6914093359375001,False,CALL,2026-04-17,SNAP
SNAP260417P00006000,6.0,0.29,0.29,0.31,14.0,7295.0,0.6289099609375001,False,PUT,2026-04-17,SNAP
SNAP260417P00007000,7.0,0.7,0.69,0.72,890.0,10308.0,0.624027197265625,False,PUT,2026-04-17,SNAP
SNAP260417P00008000,8.0,1.3,1.27,1.33,193.0,3335.0,0.6181678808593751,True,PUT,2026-04-17,SNAP
SNAP260417P00009000,9.0,1.82,2.02,2.15,1.0,1428.0,0.6445348046875,True,PUT,2026-04-17,SNAP
SNAP260618C00006000,6.0,1.89,1.84,1.94,87.0,683.0,0.71679970703125,True,CALL,2026-06-18,SNAP
SNAP260618C00007000,7.0,1.35,1.32,1.4,200.0,1190.0,0.7041045214843751,True,CALL,2026-06-18,SNAP
SNAP260618C00008000,8.0,0.98,0.96,1.0,681.0,21713.0,0.7060576269531251,False,CALL,2026-06-18,SNAP
SNAP260618C00009000,9.0,0.69,0.68,0.7,158.0,5283.0,0.70117486328125,False,CALL,2026-06-18,SNAP
SNAP260618P00006000,6.0,0.54,0.52,0.55,684.0,3089.0,0.64062859375,False,PUT,2026-06-18,SNAP
SNAP260618P00007000,7.0,1.0,0.98,1.0,98.0,10840.0,0.631839619140625,False,PUT,2026-06-18,SNAP
SNAP260618P00008000,8.0,1.59,1.57,1.6,16.0,31310.0,0.62305064453125,True,PUT,2026-06-18,SNAP
SNAP260618P00009000,9.0,2.08,2.24,2.38,11.0,846.0,0.622074091796875,True,PUT,2026-06-18,SNAP
SNAP260717C00006000,6.0,1.91,1.86,2.0,8.0,112.0,0.676761044921875,True,CALL,2026-07-17,SNAP
SNAP260717C00007000,7.0,1.44,1.41,1.47,38.0,648.0,0.6835969140625001,True,CALL,2026-07-17,SNAP
SNAP260717C00008000,8.0,1.04,1.02,1.08,68.0,1382.0,0.6787141503906251,False,CALL,2026-07-17,SNAP
SNAP260717C00009000,9.0,0.75,0.74,0.78,309.0,16361.0,0.6748079394531252,False,CALL,2026-07-17,SNAP
SNAP260717P00006000,6.0,0.57,0.56,0.59,303.0,3225.0,0.6084023535156251,False,PUT,2026-07-17,SNAP
SNAP260717P00007000,7.0,1.03,1.02,1.09,4.0,6699.0,0.6093789062500001,False,PUT,2026-07-17,SNAP
SNAP260717P00008000,8.0,1.67,1.62,1.66,6.0,1360.0,0.59570716796875,True,PUT,2026-07-17,SNAP
SNAP260717P00009000,9.0,2.15,2.27,2.43,6.0,307.0,0.58789474609375,True,PUT,2026-07-17,SNAP
SNAP260918C00006000,6.0,2.2,2.13,2.26,96.0,123.0,0.717776259765625,True,CALL,2026-09-18,SNAP
SNAP260918C00007000,7.0,1.7,1.6,1.73,71.0,3076.0,0.6865265722656251,True,CALL,2026-09-18,SNAP
SNAP260918C00008000,8.0,1.31,1.3,1.36,78.0,992.0,0.70117486328125,False,CALL,2026-09-18,SNAP
SNAP260918C00009000,9.0,0.99,0.99,1.09,2.0,1041.0,0.700198310546875,False,CALL,2026-09-18,SNAP
SNAP260918P00006000,6.0,0.69,0.67,0.81,20.0,418.0,0.6074258007812501,False,PUT,2026-09-18,SNAP
SNAP260918P00007000,7.0,1.26,1.24,1.29,7.0,4493.0,0.6162147753906251,False,PUT,2026-09-18,SNAP
SNAP260918P00008000,8.0,1.69,1.75,1.93,3.0,272.0,0.594730615234375,True,PUT,2026-09-18,SNAP
SNAP260918P00009000,9.0,2.35,2.44,2.65,20.0,211.0,0.5898478515625001,True,PUT,2026-09-18,SNAP
SNAP270115C00007000,7.0,2.04,2.02,2.07,356.0,21742.0,0.7016631396484375,True,CALL,2027-01-15,SNAP
SNAP270115P00007000,7.0,1.47,1.48,1.55,16.0,51706.0,0.5942423388671876,False,PUT,2027-01-15,SNAP
SNAP280121C00007000,7.0,2.89,2.82,3.1,304.0,3713.0,0.7412135253906249,True,CALL,2028-01-21,SNAP
SNAP280121P00007000,7.0,2.07,1.98,2.18,10.0,5536.0,0.5649457568359376,False,PUT,2028-01-21,SNAP
SNDK260130C00382500,382.5,89.85,161.6,164.9,3.0,3.0,3.096681945800781,True,CALL,2026-01-30,SNDK
SNDK260130C00385000,385.0,137.55,159.2,162.5,30.0,56.0,3.073000364379883,True,CALL,2026-01-30,SNDK
SNDK260130C00387500,387.5,132.54,156.7,159.9,1.0,13.0,3.0141626208496093,True,CALL,2026-01-30,SNDK
SNDK260130C00390000,390.0,155.0,153.9,157.5,9.0,277.0,2.9438502966308593,True,CALL,2026-01-30,SNDK
SNDK260130C00392500,392.5,106.8,151.4,155.0,3.0,3.0,2.897463693847657,True,CALL,2026-01-30,SNDK
SNDK260130C00395000,395.0,136.2,149.3,152.4,14.0,28.0,2.885256693115234,True,CALL,2026-01-30,SNDK
SNDK260130C00397500,397.5,80.65,146.8,150.2,2.0,3.0,2.8715848522949217,True,CALL,2026-01-30,SNDK
SNDK260130C00400000,400.0,147.3,144.3,147.5,88.0,502.0,2.803713928222656,True,CALL,2026-01-30,SNDK
SNDK260130C00402500,402.5,77.8,141.6,145.5,1.0,0.0,2.7890655273437504,True,CALL,2026-01-30,SNDK
SNDK260130C00405000,405.0,119.05,139.4,143.3,5.0,30.0,2.8032256481933593,True,CALL,2026-01-30,SNDK
SNDK260130C00407500,407.5,114.7,137.4,141.5,2.0,1.0,2.8686551721191402,True,CALL,2026-01-30,SNDK
SNDK260130C00410000,410.0,128.77,133.7,137.9,3.0,176.0,2.599612875976563,True,CALL,2026-01-30,SNDK
SNDK260130C00412500,412.5,107.5,132.4,136.5,4.0,35.0,2.7729522863769533,True,CALL,2026-01-30,SNDK
SNDK260130C00415000,415.0,105.32,129.2,133.1,4.0,118.0,2.5788609747314455,True,CALL,2026-01-30,SNDK
SNDK260130C00417500,417.5,102.5,127.5,131.0,20.0,122.0,2.643069798583985,True,CALL,2026-01-30,SNDK
SNDK260130C00420000,420.0,125.0,125.6,128.1,63.0,516.0,2.6132847167968754,True,CALL,2026-01-30,SNDK
SNDK260130C00422500,422.5,79.5,122.3,125.6,15.0,15.0,2.497074069824219,True,CALL,2026-01-30,SNDK
SNDK260130C00425000,425.0,104.3,119.9,123.0,23.0,39.0,2.4511757470703124,True,CALL,2026-01-30,SNDK
SNDK260130C00427500,427.5,58.4,117.9,121.5,1.0,1.0,2.5300329718017576,True,CALL,2026-01-30,SNDK
SNDK260130C00430000,430.0,117.0,114.8,118.9,59.0,404.0,2.426761745605469,True,CALL,2026-01-30,SNDK
SNDK260130C00432500,432.5,97.0,113.1,117.0,4.0,7.0,2.4892615893554684,True,CALL,2026-01-30,SNDK
SNDK260130C00435000,435.0,86.72,110.6,114.0,2.0,101.0,2.404300864257812,True,CALL,2026-01-30,SNDK
SNDK260130C00437500,437.5,49.5,107.9,111.3,1.0,6.0,2.3271526196289054,True,CALL,2026-01-30,SNDK
SNDK260130C00440000,440.0,107.07,106.0,110.0,13.0,310.0,2.4108926446533205,True,CALL,2026-01-30,SNDK
SNDK260130C00442500,442.5,99.8,103.6,107.1,1.0,4.0,2.34204516052246,True,CALL,2026-01-30,SNDK
SNDK260130C00445000,445.0,95.8,101.1,104.8,1.0,53.0,2.308109698486328,True,CALL,2026-01-30,SNDK
SNDK260130C00447500,447.5,77.86,98.9,103.0,1.0,7.0,2.3261760595703116,True,CALL,2026-01-30,SNDK
SNDK260130C00450000,450.0,97.67,96.6,99.7,56.0,1304.0,2.2390180743408203,True,CALL,2026-01-30,SNDK
SNDK260130C00452500,452.5,90.0,94.1,98.4,18.0,53.0,2.2666058959960935,True,CALL,2026-01-30,SNDK
SNDK260130C00455000,455.0,90.5,91.2,95.3,2.0,451.0,2.155766329345703,True,CALL,2026-01-30,SNDK
SNDK260130C00457500,457.5,90.0,89.2,92.9,3.0,25.0,2.1447800286865233,True,CALL,2026-01-30,SNDK
SNDK260130C00460000,460.0,88.4,87.4,91.4,15.0,101.0,2.1960494317626953,True,CALL,2026-01-30,SNDK
SNDK260130C00462500,462.5,71.89,85.2,88.5,32.0,114.0,2.1406296484375,True,CALL,2026-01-30,SNDK
SNDK260130C00465000,465.0,83.28,81.6,85.4,47.0,156.0,1.9938965148925782,True,CALL,2026-01-30,SNDK
SNDK260130C00467500,467.5,81.12,79.9,83.5,2.0,77.0,2.024785211486816,True,CALL,2026-01-30,SNDK
SNDK260130C00470000,470.0,81.0,78.3,81.2,34.0,335.0,2.0346728820800783,True,CALL,2026-01-30,SNDK
SNDK260130C00472500,472.5,72.9,75.9,79.2,2.0,117.0,2.0156299609375,True,CALL,2026-01-30,SNDK
SNDK260130C00475000,475.0,75.0,74.0,77.0,102.0,386.0,2.0105030206298826,True,CALL,2026-01-30,SNDK
SNDK260130C00477500,477.5,68.6,71.2,75.5,10.0,157.0,1.9934082360839844,True,CALL,2026-01-30,SNDK
SNDK260130C00480000,480.0,71.0,69.7,72.5,357.0,539.0,1.9654542742919923,True,CALL,2026-01-30,SNDK
SNDK260130C00482500,482.5,48.65,66.7,70.4,10.0,146.0,1.9084477233886719,True,CALL,2026-01-30,SNDK
SNDK260130C00485000,485.0,66.55,65.0,68.8,47.0,245.0,1.933838221435547,True,CALL,2026-01-30,SNDK
SNDK260130C00487500,487.5,64.4,63.3,67.1,8.0,162.0,1.9508059100341797,True,CALL,2026-01-30,SNDK
SNDK260130C00490000,490.0,62.05,61.4,64.7,58.0,890.0,1.9261478302001953,True,CALL,2026-01-30,SNDK
SNDK260130C00492500,492.5,61.07,59.7,63.8,23.0,159.0,1.9705812017822266,True,CALL,2026-01-30,SNDK
SNDK260130C00495000,495.0,58.0,58.1,61.6,28.0,138.0,1.9621583923339845,True,CALL,2026-01-30,SNDK
SNDK260130C00497500,497.5,56.73,55.6,58.9,28.0,74.0,1.8967290319824217,True,CALL,2026-01-30,SNDK
SNDK260130C00500000,500.0,54.65,53.2,57.0,619.0,1545.0,1.866333676147461,True,CALL,2026-01-30,SNDK
SNDK260130C00502500,502.5,35.0,51.7,54.9,7.0,96.0,1.8614508880615235,True,CALL,2026-01-30,SNDK
SNDK260130C00505000,505.0,52.3,50.5,53.8,184.0,465.0,1.9027104473876955,True,CALL,2026-01-30,SNDK
SNDK260130C00507500,507.5,50.0,47.1,51.0,28.0,78.0,1.7977305035400388,True,CALL,2026-01-30,SNDK
SNDK260130C00510000,510.0,47.1,46.5,49.9,602.0,523.0,1.8557136120605469,True,CALL,2026-01-30,SNDK
SNDK260130C00512500,512.5,46.0,45.2,49.5,61.0,64.0,1.9089360021972657,True,CALL,2026-01-30,SNDK
SNDK260130C00515000,515.0,44.75,43.7,47.0,140.0,249.0,1.8789068554687498,True,CALL,2026-01-30,SNDK
SNDK260130C00517500,517.5,40.2,41.7,45.0,143.0,176.0,1.847412872314453,True,CALL,2026-01-30,SNDK
SNDK260130C00520000,520.0,41.0,41.2,42.8,1226.0,2556.0,1.8581550061035155,True,CALL,2026-01-30,SNDK
SNDK260130C00522500,522.5,40.3,38.6,41.6,103.0,108.0,1.8299569049072264,True,CALL,2026-01-30,SNDK
SNDK260130C00525000,525.0,38.48,36.6,40.0,587.0,627.0,1.8067636614990232,True,CALL,2026-01-30,SNDK
SNDK260130C00527500,527.5,38.0,36.3,40.0,323.0,134.0,1.8887945013427734,True,CALL,2026-01-30,SNDK
SNDK260130C00530000,530.0,36.05,35.3,37.0,1047.0,525.0,1.8481452905273437,True,CALL,2026-01-30,SNDK
SNDK260130C00532500,532.5,34.21,33.3,35.9,523.0,42.0,1.8347176232910152,True,CALL,2026-01-30,SNDK
SNDK260130C00535000,535.0,32.95,32.1,34.2,809.0,279.0,1.825684465332031,True,CALL,2026-01-30,SNDK
SNDK260130C00537500,537.5,32.0,30.5,34.0,413.0,224.0,1.8492439178466797,True,CALL,2026-01-30,SNDK
SNDK260130C00540000,540.0,31.4,30.2,31.5,2558.0,953.0,1.8389900628662106,True,CALL,2026-01-30,SNDK
SNDK260130C00542500,542.5,28.5,28.3,31.0,431.0,29.0,1.8392342022705075,True,CALL,2026-01-30,SNDK
SNDK260130C00545000,545.0,29.0,28.9,29.0,691.0,88.0,1.8686530004882815,False,CALL,2026-01-30,SNDK
SNDK260130C00547500,547.5,27.5,27.5,28.4,58.0,45.0,1.877197879638672,False,CALL,2026-01-30,SNDK
SNDK260130C00550000,550.0,26.64,26.0,27.0,2431.0,1789.0,1.8555915423583984,False,CALL,2026-01-30,SNDK
SNDK260130C00552500,552.5,25.1,24.4,25.7,68.0,69.0,1.8320320898437497,False,CALL,2026-01-30,SNDK
SNDK260130C00555000,555.0,23.71,23.3,24.5,399.0,222.0,1.8249520471191407,False,CALL,2026-01-30,SNDK
SNDK260130C00557500,557.5,22.87,21.9,24.5,106.0,157.0,1.8442390600585936,False,CALL,2026-01-30,SNDK
SNDK260130C00560000,560.0,21.93,20.9,23.0,732.0,1018.0,1.826783092651367,False,CALL,2026-01-30,SNDK
SNDK260130C00562500,562.5,20.3,19.9,21.8,36.0,55.0,1.8167733770751953,False,CALL,2026-01-30,SNDK
SNDK260130C00565000,565.0,19.86,19.0,21.0,125.0,103.0,1.8206796075439453,False,CALL,2026-01-30,SNDK
SNDK260130C00567500,567.5,18.5,18.2,20.8,41.0,76.0,1.8452156176757812,False,CALL,2026-01-30,SNDK
SNDK260130C00570000,570.0,18.05,17.1,19.9,590.0,538.0,1.8355721112060543,False,CALL,2026-01-30,SNDK
SNDK260130C00572500,572.5,17.35,16.5,18.3,40.0,29.0,1.8173837255859375,False,CALL,2026-01-30,SNDK
SNDK260130C00575000,575.0,16.21,15.9,18.2,759.0,692.0,1.8466804541015622,False,CALL,2026-01-30,SNDK
SNDK260130C00580000,580.0,15.2,14.9,15.7,805.0,830.0,1.8300789746093749,False,CALL,2026-01-30,SNDK
SNDK260130C00582500,582.5,14.15,13.2,16.5,36.0,128.0,1.8480232208251952,False,CALL,2026-01-30,SNDK
SNDK260130C00585000,585.0,13.2,13.5,13.9,225.0,150.0,1.8155526800537107,False,CALL,2026-01-30,SNDK
SNDK260130C00587500,587.5,12.65,12.7,14.3,31.0,21.0,1.8479011511230468,False,CALL,2026-01-30,SNDK
SNDK260130C00590000,590.0,12.5,12.2,12.5,868.0,429.0,1.8105478222656248,False,CALL,2026-01-30,SNDK
SNDK260130C00592500,592.5,11.47,11.1,12.4,37.0,53.0,1.8107919616699215,False,CALL,2026-01-30,SNDK
SNDK260130C00595000,595.0,10.85,10.7,11.7,215.0,37.0,1.8128671466064452,False,CALL,2026-01-30,SNDK
SNDK260130C00597500,597.5,10.27,9.7,10.9,79.0,320.0,1.7861338818359376,False,CALL,2026-01-30,SNDK
SNDK260130C00600000,600.0,10.0,9.8,10.2,3226.0,2756.0,1.803956058349609,False,CALL,2026-01-30,SNDK
SNDK260130C00602500,602.5,9.0,8.5,9.8,121.0,63.0,1.7762462359619138,False,CALL,2026-01-30,SNDK
SNDK260130C00605000,605.0,8.65,8.5,9.1,163.0,72.0,1.7868663000488283,False,CALL,2026-01-30,SNDK
SNDK260130C00607500,607.5,8.1,8.1,8.1,10.0,30.0,1.7663585900878904,False,CALL,2026-01-30,SNDK
SNDK260130C00610000,610.0,7.74,7.5,8.1,494.0,301.0,1.7780772814941406,False,CALL,2026-01-30,SNDK
SNDK260130C00612500,612.5,6.8,6.6,7.9,134.0,44.0,1.7661144506835935,False,CALL,2026-01-30,SNDK
SNDK260130C00615000,615.0,6.9,6.6,7.2,192.0,163.0,1.7702648205566405,False,CALL,2026-01-30,SNDK
SNDK260130C00617500,617.5,6.19,5.8,7.2,8.0,39.0,1.7680675659179688,False,CALL,2026-01-30,SNDK
SNDK260130C00620000,620.0,6.2,5.7,6.2,883.0,423.0,1.7492688317871092,False,CALL,2026-01-30,SNDK
SNDK260130C00622500,622.5,5.3,5.1,6.5,31.0,147.0,1.7680675659179688,False,CALL,2026-01-30,SNDK
SNDK260130C00625000,625.0,5.15,4.7,5.7,367.0,261.0,1.7392591162109374,False,CALL,2026-01-30,SNDK
SNDK260130C00627500,627.5,4.9,4.5,5.1,27.0,21.0,1.7282728430175784,False,CALL,2026-01-30,SNDK
SNDK260130C00630000,630.0,4.9,4.7,5.9,358.0,285.0,1.8146981921386716,False,CALL,2026-01-30,SNDK
SNDK260130C00632500,632.5,4.3,4.4,4.8,44.0,18.0,1.768799984130859,False,CALL,2026-01-30,SNDK
SNDK260130C00635000,635.0,4.1,3.7,4.5,301.0,49.0,1.7407239526367184,False,CALL,2026-01-30,SNDK
SNDK260130C00640000,640.0,3.57,3.4,3.9,429.0,455.0,1.7441419042968749,False,CALL,2026-01-30,SNDK
SNDK260130C00642500,642.5,3.2,3.0,3.7,131.0,101.0,1.7331556311035157,False,CALL,2026-01-30,SNDK
SNDK260130C00650000,650.0,2.86,2.7,3.0,1709.0,713.0,1.745606740722656,False,CALL,2026-01-30,SNDK
SNDK260130C00660000,660.0,2.1,2.1,2.25,206.0,308.0,1.7404798132324215,False,CALL,2026-01-30,SNDK
SNDK260130C00670000,670.0,1.65,1.65,1.7,476.0,427.0,1.741944649658203,False,CALL,2026-01-30,SNDK
SNDK260130C00680000,680.0,1.2,1.2,1.3,669.0,848.0,1.7348646069335936,False,CALL,2026-01-30,SNDK
SNDK260130C00690000,690.0,0.88,0.85,1.05,284.0,315.0,1.7368177221679688,False,CALL,2026-01-30,SNDK
SNDK260130C00700000,700.0,0.7,0.7,0.75,2367.0,1052.0,1.7412122314453122,False,CALL,2026-01-30,SNDK
SNDK260130P00382500,382.5,0.29,0.2,0.4,8.0,63.0,2.1035203662109367,False,PUT,2026-01-30,SNDK
SNDK260130P00385000,385.0,0.3,0.2,0.4,198.0,272.0,2.068364204101562,False,PUT,2026-01-30,SNDK
SNDK260130P00387500,387.5,0.3,0.0,0.55,13.0,18.0,2.009770600585937,False,PUT,2026-01-30,SNDK
SNDK260130P00390000,390.0,0.35,0.25,0.45,147.0,476.0,2.0410205224609372,False,PUT,2026-01-30,SNDK
SNDK260130P00392500,392.5,0.75,0.25,1.0,10.0,85.0,2.1855514111328125,False,PUT,2026-01-30,SNDK
SNDK260130P00395000,395.0,0.36,0.35,0.45,121.0,125.0,2.009770600585937,False,PUT,2026-01-30,SNDK
SNDK260130P00397500,397.5,0.45,0.35,0.55,41.0,337.0,2.0087940405273432,False,PUT,2026-01-30,SNDK
SNDK260130P00400000,400.0,0.45,0.45,0.5,1607.0,1843.0,1.9892578662109375,False,PUT,2026-01-30,SNDK
SNDK260130P00402500,402.5,0.55,0.3,0.6,53.0,144.0,1.9375003125,False,PUT,2026-01-30,SNDK
SNDK260130P00405000,405.0,0.5,0.45,0.6,62.0,997.0,1.9472658886718752,False,PUT,2026-01-30,SNDK
SNDK260130P00407500,407.5,0.6,0.5,0.75,70.0,217.0,1.96484392578125,False,PUT,2026-01-30,SNDK
SNDK260130P00410000,410.0,0.64,0.5,0.8,478.0,655.0,1.9414065429687501,False,PUT,2026-01-30,SNDK
SNDK260130P00412500,412.5,0.69,0.5,0.85,124.0,129.0,1.9169926025390627,False,PUT,2026-01-30,SNDK
SNDK260130P00415000,415.0,0.75,0.7,0.8,392.0,676.0,1.9140629296875002,False,PUT,2026-01-30,SNDK
SNDK260130P00417500,417.5,0.73,0.7,1.0,18.0,115.0,1.918457438964844,False,PUT,2026-01-30,SNDK
SNDK260130P00420000,420.0,0.96,0.85,1.0,551.0,787.0,1.9101566992187502,False,PUT,2026-01-30,SNDK
SNDK260130P00422500,422.5,1.0,0.6,1.15,15.0,58.0,1.8540046362304685,False,PUT,2026-01-30,SNDK
SNDK260130P00425000,425.0,1.04,0.95,1.15,230.0,435.0,1.878418576660156,False,PUT,2026-01-30,SNDK
SNDK260130P00427500,427.5,1.14,0.9,1.5,62.0,62.0,1.8876958740234375,False,PUT,2026-01-30,SNDK
SNDK260130P00430000,430.0,1.25,1.2,1.35,981.0,1652.0,1.871582673339844,False,PUT,2026-01-30,SNDK
SNDK260130P00432500,432.5,1.31,1.2,1.35,46.0,227.0,1.8330086474609373,False,PUT,2026-01-30,SNDK
SNDK260130P00435000,435.0,1.4,1.3,1.5,289.0,3748.0,1.8291024169921872,False,PUT,2026-01-30,SNDK
SNDK260130P00437500,437.5,1.45,1.35,1.7,36.0,160.0,1.822266513671875,False,PUT,2026-01-30,SNDK
SNDK260130P00440000,440.0,1.69,1.5,1.9,282.0,835.0,1.8247079077148438,False,PUT,2026-01-30,SNDK
SNDK260130P00442500,442.5,1.75,1.6,2.0,15.0,144.0,1.8076181494140622,False,PUT,2026-01-30,SNDK
SNDK260130P00445000,445.0,2.0,1.7,2.05,132.0,631.0,1.7841807666015623,False,PUT,2026-01-30,SNDK
SNDK260130P00447500,447.5,1.98,2.0,2.3,17.0,86.0,1.7998056884765623,False,PUT,2026-01-30,SNDK
SNDK260130P00450000,450.0,2.27,2.25,2.35,2136.0,2162.0,1.7875987182617186,False,PUT,2026-01-30,SNDK
SNDK260130P00452500,452.5,2.4,2.0,2.7,27.0,75.0,1.7553723168945314,False,PUT,2026-01-30,SNDK
SNDK260130P00455000,455.0,2.6,2.45,2.85,174.0,324.0,1.7666027294921873,False,PUT,2026-01-30,SNDK
SNDK260130P00457500,457.5,2.85,2.65,3.1,46.0,204.0,1.7612316625976563,False,PUT,2026-01-30,SNDK
SNDK260130P00460000,460.0,3.09,2.8,3.3,447.0,1473.0,1.745850880126953,False,PUT,2026-01-30,SNDK
SNDK260130P00462500,462.5,3.56,3.0,4.1,30.0,165.0,1.7761241662597653,False,PUT,2026-01-30,SNDK
SNDK260130P00465000,465.0,3.6,3.4,3.6,109.0,253.0,1.7248548913574218,False,PUT,2026-01-30,SNDK
SNDK260130P00467500,467.5,4.0,3.6,4.1,65.0,97.0,1.7282728430175784,False,PUT,2026-01-30,SNDK
SNDK260130P00470000,470.0,4.0,4.0,4.3,1020.0,2785.0,1.7221693579101562,False,PUT,2026-01-30,SNDK
SNDK260130P00472500,472.5,5.0,4.3,4.9,26.0,114.0,1.7319349340820311,False,PUT,2026-01-30,SNDK
SNDK260130P00475000,475.0,5.0,4.6,5.1,839.0,3516.0,1.71484517578125,False,PUT,2026-01-30,SNDK
SNDK260130P00477500,477.5,5.7,4.9,5.6,156.0,206.0,1.7131361999511716,False,PUT,2026-01-30,SNDK
SNDK260130P00480000,480.0,5.85,5.4,5.8,606.0,709.0,1.7033706237792967,False,PUT,2026-01-30,SNDK
SNDK260130P00482500,482.5,6.2,5.7,6.6,51.0,248.0,1.712037572631836,False,PUT,2026-01-30,SNDK
SNDK260130P00485000,485.0,6.47,6.2,6.8,134.0,2593.0,1.6975112780761719,False,PUT,2026-01-30,SNDK
SNDK260130P00487500,487.5,6.7,6.7,7.4,47.0,141.0,1.7004409509277343,False,PUT,2026-01-30,SNDK
SNDK260130P00490000,490.0,7.42,7.2,7.9,344.0,310.0,1.695802302246094,False,PUT,2026-01-30,SNDK
SNDK260130P00492500,492.5,8.91,7.6,9.0,31.0,104.0,1.7109389453125,False,PUT,2026-01-30,SNDK
SNDK260130P00495000,495.0,8.8,8.4,9.2,122.0,112.0,1.7010512994384765,False,PUT,2026-01-30,SNDK
SNDK260130P00497500,497.5,9.67,9.0,10.0,31.0,66.0,1.7056899481201173,False,PUT,2026-01-30,SNDK
SNDK260130P00500000,500.0,9.9,9.7,10.3,2379.0,1051.0,1.6912857232666016,False,PUT,2026-01-30,SNDK
SNDK260130P00502500,502.5,10.7,10.2,11.4,117.0,84.0,1.698609905395508,False,PUT,2026-01-30,SNDK
SNDK260130P00505000,505.0,11.9,11.1,12.6,351.0,122.0,1.7219252185058593,False,PUT,2026-01-30,SNDK
SNDK260130P00507500,507.5,12.36,11.8,13.2,31.0,64.0,1.7119155029296875,False,PUT,2026-01-30,SNDK
SNDK260130P00510000,510.0,13.1,12.5,13.4,705.0,548.0,1.68518223815918,False,PUT,2026-01-30,SNDK
SNDK260130P00512500,512.5,13.72,13.7,15.4,118.0,51.0,1.739137046508789,False,PUT,2026-01-30,SNDK
SNDK260130P00515000,515.0,15.0,14.3,15.8,328.0,348.0,1.7115492938232422,False,PUT,2026-01-30,SNDK
SNDK260130P00520000,520.0,16.74,16.1,17.4,416.0,253.0,1.6992202539062502,False,PUT,2026-01-30,SNDK
SNDK260130P00522500,522.5,18.85,16.8,18.7,34.0,99.0,1.699708532714844,False,PUT,2026-01-30,SNDK
SNDK260130P00525000,525.0,18.9,18.0,19.0,378.0,510.0,1.6811539379882814,False,PUT,2026-01-30,SNDK
SNDK260130P00527500,527.5,19.9,19.0,20.4,135.0,37.0,1.6900650262451171,False,PUT,2026-01-30,SNDK
SNDK260130P00530000,530.0,20.4,20.4,21.8,584.0,198.0,1.7092299694824216,False,PUT,2026-01-30,SNDK
SNDK260130P00537500,537.5,23.9,22.8,25.5,383.0,6.0,1.6784684045410154,False,PUT,2026-01-30,SNDK
SNDK260130P00540000,540.0,26.2,25.1,27.7,514.0,54.0,1.7412122314453122,False,PUT,2026-01-30,SNDK
SNDK260130P00545000,545.0,28.0,27.2,28.9,229.0,2.0,1.680787728881836,True,PUT,2026-01-30,SNDK
SNDK260130P00547500,547.5,30.13,29.0,31.4,36.0,0.0,1.7299818188476563,True,PUT,2026-01-30,SNDK
SNDK260130P00550000,550.0,30.91,30.0,33.0,346.0,212.0,1.724000403442383,True,PUT,2026-01-30,SNDK
SNDK260130P00555000,555.0,34.7,32.6,35.6,15.0,16.0,1.7052016693115235,True,PUT,2026-01-30,SNDK
SNDK260130P00557500,557.5,42.9,34.0,35.7,30.0,4.0,1.6577165551757815,True,PUT,2026-01-30,SNDK
SNDK260130P00560000,560.0,37.83,35.7,37.8,49.0,49.0,1.6805435894775391,True,PUT,2026-01-30,SNDK
SNDK260130P00562500,562.5,39.9,36.2,40.5,1.0,5.0,1.682252565307617,True,PUT,2026-01-30,SNDK
SNDK260130P00565000,565.0,51.42,38.0,42.0,3.0,3.0,1.68518223815918,True,PUT,2026-01-30,SNDK
SNDK260130P00567500,567.5,57.74,38.9,43.2,26.0,29.0,1.6467302819824217,True,PUT,2026-01-30,SNDK
SNDK260130P00570000,570.0,43.0,42.2,45.4,16.0,31.0,1.717408639526367,True,PUT,2026-01-30,SNDK
SNDK260130P00572500,572.5,97.65,42.6,46.4,,1.0,1.651002721557617,True,PUT,2026-01-30,SNDK
SNDK260130P00580000,580.0,50.63,48.4,51.7,1.0,60.0,1.6674821313476564,True,PUT,2026-01-30,SNDK
SNDK260130P00585000,585.0,118.7,52.4,55.9,2.0,2.0,1.6976333477783203,True,PUT,2026-01-30,SNDK
SNDK260130P00590000,590.0,56.83,55.4,58.7,11.0,30.0,1.6317157086181637,True,PUT,2026-01-30,SNDK
SNDK260130P00600000,600.0,65.81,62.6,66.0,145.0,73.0,1.5736105303955077,True,PUT,2026-01-30,SNDK
SNDK260130P00610000,610.0,85.98,71.0,74.9,100.0,5.0,1.5993672375488281,True,PUT,2026-01-30,SNDK
SNDK260130P00615000,615.0,102.2,74.8,78.6,1.0,3.0,1.5422386169433593,True,PUT,2026-01-30,SNDK
SNDK260130P00620000,620.0,84.05,78.0,82.2,10.0,2.0,1.4191923571777343,True,PUT,2026-01-30,SNDK
SNDK260130P00625000,625.0,139.9,83.2,86.4,1.0,1.0,1.4389676489257814,True,PUT,2026-01-30,SNDK
SNDK260130P00632500,632.5,127.3,89.7,93.5,1.0,3.0,1.4177275207519533,True,PUT,2026-01-30,SNDK
SNDK260130P00640000,640.0,123.4,96.6,100.2,1.0,2.0,1.3647492700195314,True,PUT,2026-01-30,SNDK
SNDK260130P00650000,650.0,125.33,105.2,108.7,2.0,27.0,1.5283226708984374,True,PUT,2026-01-30,SNDK
SNDK260130P00670000,670.0,149.7,124.7,127.7,1.0,2.0,1.4423856005859377,True,PUT,2026-01-30,SNDK
SNDK260130P00680000,680.0,152.25,133.0,136.9,1.0,4.0,1.0000000000000003e-05,True,PUT,2026-01-30,SNDK
SNDK260130P00690000,690.0,169.4,144.0,146.9,4.0,1.0,1.0000000000000003e-05,True,PUT,2026-01-30,SNDK
SNDK260206C00382500,382.5,138.0,164.9,167.8,1.0,50.0,1.7482922741699216,True,CALL,2026-02-06,SNDK
SNDK260206C00385000,385.0,145.7,161.8,165.0,121.0,138.0,1.6867691442871093,True,CALL,2026-02-06,SNDK
SNDK260206C00390000,390.0,141.0,157.6,161.4,1.0,120.0,1.7216810791015624,True,CALL,2026-02-06,SNDK
SNDK260206C00392500,392.5,119.51,155.3,158.6,,10.0,1.6925064202880862,True,CALL,2026-02-06,SNDK
SNDK260206C00395000,395.0,85.95,153.3,156.5,10.0,110.0,1.699464393310547,True,CALL,2026-02-06,SNDK
SNDK260206C00400000,400.0,148.35,149.1,152.2,5.0,200.0,1.6992202539062502,True,CALL,2026-02-06,SNDK
SNDK260206C00402500,402.5,88.5,146.8,151.0,,1.0,1.7219252185058593,True,CALL,2026-02-06,SNDK
SNDK260206C00405000,405.0,123.13,144.1,147.1,4.0,34.0,1.644288887939453,True,CALL,2026-02-06,SNDK
SNDK260206C00410000,410.0,140.54,138.9,142.3,1.0,70.0,1.5931416827392575,True,CALL,2026-02-06,SNDK
SNDK260206C00415000,415.0,110.65,135.5,139.5,1.0,27.0,1.656495858154297,True,CALL,2026-02-06,SNDK
SNDK260206C00417500,417.5,106.47,133.2,136.1,100.0,1.0,1.6098652319335938,True,CALL,2026-02-06,SNDK
SNDK260206C00420000,420.0,130.0,131.0,133.9,101.0,40.0,1.6008320739746091,True,CALL,2026-02-06,SNDK
SNDK260206C00422500,422.5,105.08,127.7,131.1,1.0,1.0,1.5434593139648438,True,CALL,2026-02-06,SNDK
SNDK260206C00425000,425.0,116.3,126.5,129.4,5.0,8.0,1.575990889587402,True,CALL,2026-02-06,SNDK
SNDK260206C00427500,427.5,119.2,124.3,127.5,2.0,4.0,1.5737326000976561,True,CALL,2026-02-06,SNDK
SNDK260206C00430000,430.0,95.9,122.2,125.0,3.0,19.0,1.5577414691162106,True,CALL,2026-02-06,SNDK
SNDK260206C00432500,432.5,86.1,119.3,123.0,,1.0,1.533815807495117,True,CALL,2026-02-06,SNDK
SNDK260206C00435000,435.0,115.5,116.7,121.0,2.0,24.0,1.5174584674072265,True,CALL,2026-02-06,SNDK
SNDK260206C00437500,437.5,92.6,115.3,118.0,16.0,2.0,1.5059839154052734,True,CALL,2026-02-06,SNDK
SNDK260206C00440000,440.0,96.42,113.5,117.0,18.0,51.0,1.5329613195800782,True,CALL,2026-02-06,SNDK
SNDK260206C00442500,442.5,87.9,111.4,114.9,10.0,13.0,1.5247826495361327,True,CALL,2026-02-06,SNDK
SNDK260206C00445000,445.0,90.0,108.9,111.8,4.0,13.0,1.4834010205078125,True,CALL,2026-02-06,SNDK
SNDK260206C00450000,450.0,105.96,105.4,108.3,54.0,181.0,1.4973169665527344,True,CALL,2026-02-06,SNDK
SNDK260206C00455000,455.0,79.04,100.6,104.6,6.0,14.0,1.474612001953125,True,CALL,2026-02-06,SNDK
SNDK260206C00457500,457.5,93.0,98.3,102.1,1.0,11.0,1.450930479736328,True,CALL,2026-02-06,SNDK
SNDK260206C00460000,460.0,88.18,96.6,100.0,6.0,42.0,1.4482449462890625,True,CALL,2026-02-06,SNDK
SNDK260206C00462500,462.5,93.8,94.9,98.5,5.0,3.0,1.457094999694824,True,CALL,2026-02-06,SNDK
SNDK260206C00465000,465.0,71.1,92.5,95.9,144.0,63.0,1.4285306893920895,True,CALL,2026-02-06,SNDK
SNDK260206C00467500,467.5,66.48,91.4,94.8,4.0,46.0,1.4557522329711916,True,CALL,2026-02-06,SNDK
SNDK260206C00470000,470.0,89.97,88.5,91.7,5.0,81.0,1.4070464218139649,True,CALL,2026-02-06,SNDK
SNDK260206C00472500,472.5,65.77,86.6,91.0,4.0,163.0,1.4245634240722658,True,CALL,2026-02-06,SNDK
SNDK260206C00475000,475.0,87.7,84.2,87.6,15.0,114.0,1.3799469479370114,True,CALL,2026-02-06,SNDK
SNDK260206C00477500,477.5,70.0,83.4,87.5,7.0,26.0,1.4276151666259764,True,CALL,2026-02-06,SNDK
SNDK260206C00480000,480.0,81.8,81.2,85.4,14.0,137.0,1.4104643734741211,True,CALL,2026-02-06,SNDK
SNDK260206C00482500,482.5,64.6,79.1,82.9,19.0,78.0,1.387576304321289,True,CALL,2026-02-06,SNDK
SNDK260206C00485000,485.0,79.0,77.8,82.3,12.0,95.0,1.4128447326660156,True,CALL,2026-02-06,SNDK
SNDK260206C00487500,487.5,78.0,75.8,79.4,5.0,23.0,1.3837921435546874,True,CALL,2026-02-06,SNDK
SNDK260206C00490000,490.0,75.68,74.5,78.5,32.0,330.0,1.4017363897705077,True,CALL,2026-02-06,SNDK
SNDK260206C00492500,492.5,64.47,72.1,75.4,2.0,11.0,1.3617585623168944,True,CALL,2026-02-06,SNDK
SNDK260206C00495000,495.0,71.4,70.5,74.2,28.0,79.0,1.3678620474243166,True,CALL,2026-02-06,SNDK
SNDK260206C00497500,497.5,63.3,69.0,72.2,2.0,25.0,1.361331318359375,True,CALL,2026-02-06,SNDK
SNDK260206C00500000,500.0,70.0,67.3,70.0,281.0,526.0,1.3475374420166013,True,CALL,2026-02-06,SNDK
SNDK260206C00502500,502.5,55.0,65.6,69.7,2.0,14.0,1.3645051306152345,True,CALL,2026-02-06,SNDK
SNDK260206C00505000,505.0,65.38,64.0,68.1,54.0,54.0,1.3609651092529298,True,CALL,2026-02-06,SNDK
SNDK260206C00507500,507.5,41.01,62.8,67.2,9.0,8.0,1.3743927764892578,True,CALL,2026-02-06,SNDK
SNDK260206C00510000,510.0,62.37,62.6,62.6,88.0,319.0,1.3438143161010738,True,CALL,2026-02-06,SNDK
SNDK260206C00512500,512.5,54.7,59.5,63.5,7.0,14.0,1.3541902407836912,True,CALL,2026-02-06,SNDK
SNDK260206C00515000,515.0,57.08,57.9,61.2,51.0,37.0,1.3370394476318357,True,CALL,2026-02-06,SNDK
SNDK260206C00517500,517.5,57.7,56.7,60.5,13.0,25.0,1.350528149719238,True,CALL,2026-02-06,SNDK
SNDK260206C00520000,520.0,56.62,55.1,58.6,166.0,772.0,1.3384432492065423,True,CALL,2026-02-06,SNDK
SNDK260206C00522500,522.5,55.07,53.6,57.6,27.0,56.0,1.3411287826538083,True,CALL,2026-02-06,SNDK
SNDK260206C00525000,525.0,54.15,53.5,55.4,100.0,94.0,1.3461336404418942,True,CALL,2026-02-06,SNDK
SNDK260206C00527500,527.5,50.5,51.1,55.5,123.0,33.0,1.3504060800170894,True,CALL,2026-02-06,SNDK
SNDK260206C00530000,530.0,51.5,49.6,53.5,276.0,137.0,1.3359408203124996,True,CALL,2026-02-06,SNDK
SNDK260206C00535000,535.0,49.0,47.1,51.0,201.0,36.0,1.3351473672485348,True,CALL,2026-02-06,SNDK
SNDK260206C00540000,540.0,45.8,45.3,48.2,750.0,770.0,1.337710830993652,True,CALL,2026-02-06,SNDK
SNDK260206C00542500,542.5,45.41,43.6,47.7,83.0,12.0,1.3394808416748043,True,CALL,2026-02-06,SNDK
SNDK260206C00545000,545.0,42.41,43.6,45.0,265.0,119.0,1.33319425201416,False,CALL,2026-02-06,SNDK
SNDK260206C00550000,550.0,41.0,41.1,43.0,556.0,476.0,1.3320956246948237,False,CALL,2026-02-06,SNDK
SNDK260206C00552500,552.5,40.35,38.6,42.7,12.0,27.0,1.3225131530761716,False,CALL,2026-02-06,SNDK
SNDK260206C00555000,555.0,37.0,37.6,40.9,14.0,44.0,1.3122592980957029,False,CALL,2026-02-06,SNDK
SNDK260206C00560000,560.0,38.1,36.3,39.9,892.0,394.0,1.3385042840576167,False,CALL,2026-02-06,SNDK
SNDK260206C00562500,562.5,24.4,34.9,37.1,12.0,19.0,1.3057896038818357,False,CALL,2026-02-06,SNDK
SNDK260206C00567500,567.5,34.32,32.7,37.0,6.0,13.0,1.3284945684814449,False,CALL,2026-02-06,SNDK
SNDK260206C00570000,570.0,33.6,32.3,35.2,78.0,28.0,1.323428675842285,False,CALL,2026-02-06,SNDK
SNDK260206C00580000,580.0,30.37,28.3,31.0,102.0,161.0,1.3059116735839842,False,CALL,2026-02-06,SNDK
SNDK260206C00582500,582.5,19.0,27.5,30.7,7.0,2.0,1.3143344830322263,False,CALL,2026-02-06,SNDK
SNDK260206C00585000,585.0,28.0,28.0,29.5,6.0,15.0,1.3283724987792964,False,CALL,2026-02-06,SNDK
SNDK260206C00590000,590.0,27.01,27.5,28.3,273.0,390.0,1.3505891845703122,False,CALL,2026-02-06,SNDK
SNDK260206C00592500,592.5,25.22,24.9,28.2,2.0,100.0,1.3324618338012693,False,CALL,2026-02-06,SNDK
SNDK260206C00597500,597.5,24.2,23.4,26.5,5.0,24.0,1.3283724987792964,False,CALL,2026-02-06,SNDK
SNDK260206C00600000,600.0,24.52,24.2,25.0,1720.0,798.0,1.3396639462280269,False,CALL,2026-02-06,SNDK
SNDK260206C00602500,602.5,22.77,22.1,24.9,8.0,7.0,1.3267245578002926,False,CALL,2026-02-06,SNDK
SNDK260206C00605000,605.0,21.85,21.7,23.6,50.0,6.0,1.3210483166503906,False,CALL,2026-02-06,SNDK
SNDK260206C00610000,610.0,21.44,20.3,22.2,52.0,43.0,1.3176913998413085,False,CALL,2026-02-06,SNDK
SNDK260206C00612500,612.5,20.6,19.4,21.7,6.0,1.0,1.3151279360961912,False,CALL,2026-02-06,SNDK
SNDK260206C00617500,617.5,9.44,17.9,21.2,1.0,2.0,1.3218417697143554,False,CALL,2026-02-06,SNDK
SNDK260206C00620000,620.0,19.1,17.9,19.7,410.0,313.0,1.3160434588623044,False,CALL,2026-02-06,SNDK
SNDK260206C00625000,625.0,17.5,16.6,19.0,54.0,33.0,1.319827619628906,False,CALL,2026-02-06,SNDK
SNDK260206C00627500,627.5,16.54,16.3,18.5,53.0,101.0,1.3245883380126953,False,CALL,2026-02-06,SNDK
SNDK260206C00630000,630.0,16.0,16.1,17.5,47.0,205.0,1.3218417697143554,False,CALL,2026-02-06,SNDK
SNDK260206C00640000,640.0,14.89,14.3,15.7,54.0,54.0,1.3275180108642577,False,CALL,2026-02-06,SNDK
SNDK260206C00642500,642.5,9.9,13.0,15.8,15.0,22.0,1.3221469439697264,False,CALL,2026-02-06,SNDK
SNDK260206C00650000,650.0,12.8,12.4,13.3,1729.0,205.0,1.3121372283935544,False,CALL,2026-02-06,SNDK
SNDK260206C00660000,660.0,11.5,11.0,12.2,149.0,49.0,1.3248324774169922,False,CALL,2026-02-06,SNDK
SNDK260206C00670000,670.0,10.2,9.5,10.7,132.0,144.0,1.3205600378417968,False,CALL,2026-02-06,SNDK
SNDK260206C00680000,680.0,8.7,8.4,9.3,796.0,89.0,1.3201938287353514,False,CALL,2026-02-06,SNDK
SNDK260206C00690000,690.0,7.63,7.0,8.5,34.0,14.0,1.3203158984374999,False,CALL,2026-02-06,SNDK
SNDK260206C00700000,700.0,6.7,6.5,7.2,575.0,651.0,1.3245883380126953,False,CALL,2026-02-06,SNDK
SNDK260206P00382500,382.5,3.9,2.55,4.0,5.0,13.0,1.5051294274902345,False,PUT,2026-02-06,SNDK
SNDK260206P00385000,385.0,3.4,2.75,4.2,53.0,73.0,1.5029321728515623,False,PUT,2026-02-06,SNDK
SNDK260206P00387500,387.5,3.44,3.0,4.4,2.0,34.0,1.5024438940429685,False,PUT,2026-02-06,SNDK
SNDK260206P00390000,390.0,3.8,3.8,5.0,75.0,133.0,1.5439475927734374,False,PUT,2026-02-06,SNDK
SNDK260206P00392500,392.5,3.6,3.2,4.7,1.0,28.0,1.4798609991455078,False,PUT,2026-02-06,SNDK
SNDK260206P00395000,395.0,4.0,3.6,6.5,2.0,84.0,1.5512717749023435,False,PUT,2026-02-06,SNDK
SNDK260206P00397500,397.5,4.0,3.6,5.5,15.0,19.0,1.486086553955078,False,PUT,2026-02-06,SNDK
SNDK260206P00400000,400.0,4.85,4.3,4.9,245.0,672.0,1.466799541015625,False,PUT,2026-02-06,SNDK
SNDK260206P00402500,402.5,4.5,4.4,5.5,57.0,37.0,1.4716823291015624,False,PUT,2026-02-06,SNDK
SNDK260206P00405000,405.0,4.9,4.0,6.2,19.0,48.0,1.4597194982910153,False,PUT,2026-02-06,SNDK
SNDK260206P00407500,407.5,6.07,5.0,7.6,4.0,2.0,1.5239281616210936,False,PUT,2026-02-06,SNDK
SNDK260206P00410000,410.0,5.34,4.4,6.5,103.0,145.0,1.4387235095214845,False,PUT,2026-02-06,SNDK
SNDK260206P00412500,412.5,5.3,5.1,6.9,1.0,54.0,1.4541042919921874,False,PUT,2026-02-06,SNDK
SNDK260206P00415000,415.0,5.86,5.2,6.3,28.0,64.0,1.4126005932617187,False,PUT,2026-02-06,SNDK
SNDK260206P00417500,417.5,5.9,5.0,7.6,1.0,15.0,1.4262723999023437,False,PUT,2026-02-06,SNDK
SNDK260206P00420000,420.0,6.2,5.8,7.0,38.0,485.0,1.4086943627929687,False,PUT,2026-02-06,SNDK
SNDK260206P00422500,422.5,5.55,5.5,7.5,2.0,7.0,1.3911163256835937,False,PUT,2026-02-06,SNDK
SNDK260206P00425000,425.0,6.88,6.2,7.8,247.0,348.0,1.3984405078125,False,PUT,2026-02-06,SNDK
SNDK260206P00427500,427.5,7.0,6.6,8.4,4.0,86.0,1.4044219232177735,False,PUT,2026-02-06,SNDK
SNDK260206P00430000,430.0,7.5,7.0,8.1,36.0,135.0,1.3825714465332029,False,PUT,2026-02-06,SNDK
SNDK260206P00432500,432.5,7.96,6.6,9.3,6.0,22.0,1.3811066101074214,False,PUT,2026-02-06,SNDK
SNDK260206P00435000,435.0,8.3,7.5,9.6,14.0,50.0,1.3897735589599607,False,PUT,2026-02-06,SNDK
SNDK260206P00437500,437.5,10.13,7.6,10.3,22.0,45.0,1.3863556072998044,False,PUT,2026-02-06,SNDK
SNDK260206P00440000,440.0,8.94,8.0,10.4,75.0,122.0,1.374148637084961,False,PUT,2026-02-06,SNDK
SNDK260206P00442500,442.5,9.4,8.7,10.9,12.0,13.0,1.3797028085327145,False,PUT,2026-02-06,SNDK
SNDK260206P00445000,445.0,9.59,9.1,11.2,7.0,24.0,1.3715851733398439,False,PUT,2026-02-06,SNDK
SNDK260206P00447500,447.5,10.25,8.9,11.5,27.0,2.0,1.3481477905273436,False,PUT,2026-02-06,SNDK
SNDK260206P00450000,450.0,10.52,10.1,11.0,1204.0,258.0,1.3392367022705074,False,PUT,2026-02-06,SNDK
SNDK260206P00452500,452.5,11.0,10.2,12.4,11.0,6.0,1.3486971041870115,False,PUT,2026-02-06,SNDK
SNDK260206P00455000,455.0,11.38,10.8,13.3,61.0,29.0,1.3567537045288085,False,PUT,2026-02-06,SNDK
SNDK260206P00457500,457.5,12.4,11.2,13.3,7.0,13.0,1.3389925628662105,False,PUT,2026-02-06,SNDK
SNDK260206P00460000,460.0,12.5,12.3,13.3,69.0,69.0,1.3364290991210934,False,PUT,2026-02-06,SNDK
SNDK260206P00462500,462.5,13.85,12.2,14.8,46.0,35.0,1.3396029113769528,False,PUT,2026-02-06,SNDK
SNDK260206P00465000,465.0,14.04,13.1,14.6,63.0,41.0,1.3269686972045895,False,PUT,2026-02-06,SNDK
SNDK260206P00467500,467.5,14.54,13.3,15.4,31.0,31.0,1.3201938287353514,False,PUT,2026-02-06,SNDK
SNDK260206P00470000,470.0,14.88,14.1,16.1,82.0,134.0,1.3230014318847654,False,PUT,2026-02-06,SNDK
SNDK260206P00472500,472.5,14.98,14.4,17.4,16.0,13.0,1.326785592651367,False,PUT,2026-02-06,SNDK
SNDK260206P00475000,475.0,16.71,15.3,16.8,38.0,45.0,1.3042026977539058,False,PUT,2026-02-06,SNDK
SNDK260206P00477500,477.5,17.85,15.6,18.0,12.0,10.0,1.3046299417114255,False,PUT,2026-02-06,SNDK
SNDK260206P00480000,480.0,16.98,16.5,18.7,155.0,81.0,1.306094778137207,False,PUT,2026-02-06,SNDK
SNDK260206P00482500,482.5,19.15,16.8,19.4,14.0,42.0,1.295535748901367,False,PUT,2026-02-06,SNDK
SNDK260206P00485000,485.0,18.9,17.8,19.9,43.0,53.0,1.2936436685180666,False,PUT,2026-02-06,SNDK
SNDK260206P00487500,487.5,20.0,18.5,20.4,13.0,16.0,1.2855870681762696,False,PUT,2026-02-06,SNDK
SNDK260206P00490000,490.0,20.2,19.7,20.7,63.0,49.0,1.2822911862182615,False,PUT,2026-02-06,SNDK
SNDK260206P00492500,492.5,31.52,20.1,21.7,17.0,38.0,1.2764928753662106,False,PUT,2026-02-06,SNDK
SNDK260206P00495000,495.0,23.65,20.4,22.9,9.0,22.0,1.2718542266845698,False,PUT,2026-02-06,SNDK
SNDK260206P00497500,497.5,24.1,21.7,24.5,2.0,11.0,1.2902257168579103,False,PUT,2026-02-06,SNDK
SNDK260206P00500000,500.0,24.0,22.6,24.9,930.0,351.0,1.280521175537109,False,PUT,2026-02-06,SNDK
SNDK260206P00502500,502.5,36.16,23.4,26.2,8.0,5.0,1.28357291809082,False,PUT,2026-02-06,SNDK
SNDK260206P00505000,505.0,26.5,23.8,26.4,7.0,5.0,1.2612341625976562,False,PUT,2026-02-06,SNDK
SNDK260206P00507500,507.5,28.62,25.3,28.1,11.0,12.0,1.2806432452392575,False,PUT,2026-02-06,SNDK
SNDK260206P00510000,510.0,26.8,25.7,29.2,21.0,50.0,1.2716711221313473,False,PUT,2026-02-06,SNDK
SNDK260206P00515000,515.0,30.06,28.3,31.0,14.0,16.0,1.2739904464721676,False,PUT,2026-02-06,SNDK
SNDK260206P00520000,520.0,31.36,30.7,33.3,86.0,73.0,1.277957711791992,False,PUT,2026-02-06,SNDK
SNDK260206P00525000,525.0,34.55,31.8,35.4,24.0,21.0,1.2559851654052734,False,PUT,2026-02-06,SNDK
SNDK260206P00530000,530.0,36.17,35.0,37.0,93.0,27.0,1.2558020608520506,False,PUT,2026-02-06,SNDK
SNDK260206P00532500,532.5,37.24,36.1,38.5,19.0,7.0,1.2576331063842772,False,PUT,2026-02-06,SNDK
SNDK260206P00535000,535.0,38.61,37.3,39.9,43.0,10.0,1.2587927685546876,False,PUT,2026-02-06,SNDK
SNDK260206P00540000,540.0,41.5,39.1,42.4,77.0,6.0,1.2455482058715819,False,PUT,2026-02-06,SNDK
SNDK260206P00550000,550.0,46.3,44.5,47.7,29.0,6.0,1.2420692193603513,True,PUT,2026-02-06,SNDK
SNDK260206P00570000,570.0,99.9,57.0,59.9,,2.0,1.2518958303833005,True,PUT,2026-02-06,SNDK
SNDK260206P00580000,580.0,72.0,62.6,66.4,1.0,2.0,1.2376747100830074,True,PUT,2026-02-06,SNDK
SNDK260206P00590000,590.0,119.5,70.5,73.4,110.0,93.0,1.2563513745117185,True,PUT,2026-02-06,SNDK
SNDK260206P00600000,600.0,86.0,76.0,80.2,4.0,16.0,1.2248573913574217,True,PUT,2026-02-06,SNDK
SNDK260206P00610000,610.0,102.5,83.5,87.0,20.0,25.0,1.2147866409301757,True,PUT,2026-02-06,SNDK
SNDK260206P00630000,630.0,127.63,98.9,102.4,5.0,8.0,1.2033120889282225,True,PUT,2026-02-06,SNDK
SNDK260206P00640000,640.0,160.0,107.0,110.7,10.0,10.0,1.2024576010131836,True,PUT,2026-02-06,SNDK
SNDK260206P00680000,680.0,198.0,141.5,144.7,5.0,5.0,1.173832255859375,True,PUT,2026-02-06,SNDK
SNDK260213C00385000,385.0,165.45,165.9,169.4,1.0,46.0,1.4938990148925781,True,CALL,2026-02-13,SNDK
SNDK260213C00390000,390.0,124.42,161.1,164.7,10.0,50.0,1.4639919378662107,True,CALL,2026-02-13,SNDK
SNDK260213C00395000,395.0,101.45,157.3,161.2,2.0,20.0,1.4834010205078125,True,CALL,2026-02-13,SNDK
SNDK260213C00400000,400.0,119.0,152.0,155.9,11.0,51.0,1.4279813757324216,True,CALL,2026-02-13,SNDK
SNDK260213C00405000,405.0,135.2,148.3,151.8,10.0,85.0,1.4327420941162108,True,CALL,2026-02-13,SNDK
SNDK260213C00410000,410.0,130.9,144.1,148.0,1.0,101.0,1.4307279440307616,True,CALL,2026-02-13,SNDK
SNDK260213C00415000,415.0,136.77,139.5,143.6,2.0,16.0,1.4074126309204105,True,CALL,2026-02-13,SNDK
SNDK260213C00420000,420.0,132.55,136.0,139.5,1.0,41.0,1.4095488507080078,True,CALL,2026-02-13,SNDK
SNDK260213C00425000,425.0,107.68,131.9,136.0,1.0,14.0,1.409304711303711,True,CALL,2026-02-13,SNDK
SNDK260213C00430000,430.0,124.67,126.1,129.2,5.0,70.0,1.319522445373535,True,CALL,2026-02-13,SNDK
SNDK260213C00435000,435.0,108.2,123.7,127.6,1.0,5.0,1.3793365994262694,True,CALL,2026-02-13,SNDK
SNDK260213C00440000,440.0,118.6,118.6,122.5,23.0,110.0,1.3316073458862299,True,CALL,2026-02-13,SNDK
SNDK260213C00445000,445.0,116.3,115.9,119.5,5.0,8.0,1.3558381817626952,True,CALL,2026-02-13,SNDK
SNDK260213C00450000,450.0,108.43,112.0,115.1,1.0,145.0,1.3367953082275388,True,CALL,2026-02-13,SNDK
SNDK260213C00455000,455.0,85.5,108.1,112.0,1.0,16.0,1.336062890014648,True,CALL,2026-02-13,SNDK
SNDK260213C00460000,460.0,102.0,104.3,107.4,3.0,22.0,1.3131748208618164,True,CALL,2026-02-13,SNDK
SNDK260213C00465000,465.0,87.03,100.6,103.8,3.0,11.0,1.3049656333923336,True,CALL,2026-02-13,SNDK
SNDK260213C00470000,470.0,95.06,96.5,99.8,12.0,32.0,1.2841832666015622,True,CALL,2026-02-13,SNDK
SNDK260213C00475000,475.0,95.0,93.5,96.1,2.0,77.0,1.2813451460266112,True,CALL,2026-02-13,SNDK
SNDK260213C00480000,480.0,91.1,89.9,92.9,2.0,104.0,1.2753942480468747,True,CALL,2026-02-13,SNDK
SNDK260213C00485000,485.0,74.64,86.8,89.6,11.0,13.0,1.272952854003906,True,CALL,2026-02-13,SNDK
SNDK260213C00490000,490.0,84.0,83.0,86.0,195.0,143.0,1.2561072351074216,True,CALL,2026-02-13,SNDK
SNDK260213C00495000,495.0,70.0,80.5,83.9,3.0,9.0,1.272769749450683,True,CALL,2026-02-13,SNDK
SNDK260213C00500000,500.0,75.09,77.0,79.5,62.0,113.0,1.2468299377441405,True,CALL,2026-02-13,SNDK
SNDK260213C00505000,505.0,69.52,73.7,76.9,1.0,21.0,1.2439612997436522,True,CALL,2026-02-13,SNDK
SNDK260213C00510000,510.0,72.0,70.8,75.0,11.0,68.0,1.252353591766357,True,CALL,2026-02-13,SNDK
SNDK260213C00515000,515.0,71.7,68.6,71.9,5.0,118.0,1.2529639402770993,True,CALL,2026-02-13,SNDK
SNDK260213C00520000,520.0,65.75,66.9,68.6,121.0,96.0,1.2553137820434572,True,CALL,2026-02-13,SNDK
SNDK260213C00525000,525.0,63.71,62.6,65.7,18.0,64.0,1.2308998416137698,True,CALL,2026-02-13,SNDK
SNDK260213C00530000,530.0,63.0,60.3,63.9,43.0,26.0,1.240299208679199,True,CALL,2026-02-13,SNDK
SNDK260213C00535000,535.0,55.7,58.0,61.3,18.0,12.0,1.238925924530029,True,CALL,2026-02-13,SNDK
SNDK260213C00540000,540.0,56.96,56.5,58.2,94.0,168.0,1.2393226510620114,True,CALL,2026-02-13,SNDK
SNDK260213C00545000,545.0,54.98,53.7,55.9,29.0,34.0,1.2326088174438476,False,CALL,2026-02-13,SNDK
SNDK260213C00550000,550.0,52.0,51.8,53.8,184.0,81.0,1.2365760827636718,False,CALL,2026-02-13,SNDK
SNDK260213C00555000,555.0,47.28,49.6,51.6,8.0,14.0,1.2345619326782225,False,CALL,2026-02-13,SNDK
SNDK260213C00560000,560.0,47.63,46.1,49.4,15.0,52.0,1.2167397561645505,False,CALL,2026-02-13,SNDK
SNDK260213C00570000,570.0,39.95,43.1,45.8,22.0,114.0,1.2296181097412109,False,CALL,2026-02-13,SNDK
SNDK260213C00580000,580.0,40.43,39.1,42.9,8.0,40.0,1.2334938227844239,False,CALL,2026-02-13,SNDK
SNDK260213C00590000,590.0,37.9,36.2,38.8,5.0,70.0,1.230777771911621,False,CALL,2026-02-13,SNDK
SNDK260213C00600000,600.0,33.95,33.6,35.0,90.0,85.0,1.2294350051879883,False,CALL,2026-02-13,SNDK
SNDK260213C00610000,610.0,31.79,29.9,32.7,2.0,20.0,1.2274208551025392,False,CALL,2026-02-13,SNDK
SNDK260213C00620000,620.0,28.0,26.7,30.0,4.0,82.0,1.2213784048461913,False,CALL,2026-02-13,SNDK
SNDK260213C00630000,630.0,25.7,24.9,27.6,24.0,76.0,1.2308388067626954,False,CALL,2026-02-13,SNDK
SNDK260213C00640000,640.0,24.0,22.1,25.7,13.0,59.0,1.2297401794433593,False,CALL,2026-02-13,SNDK
SNDK260213C00650000,650.0,22.14,20.8,23.3,28.0,56.0,1.2368812570190428,False,CALL,2026-02-13,SNDK
SNDK260213C00660000,660.0,19.6,18.3,21.4,14.0,37.0,1.2305336325073242,False,CALL,2026-02-13,SNDK
SNDK260213C00670000,670.0,18.3,17.3,19.3,32.0,13.0,1.2374916055297849,False,CALL,2026-02-13,SNDK
SNDK260213C00680000,680.0,17.0,15.7,17.9,7.0,58.0,1.2421302542114256,False,CALL,2026-02-13,SNDK
SNDK260213C00700000,700.0,13.9,13.4,14.8,14.0,32.0,1.2493934014892576,False,CALL,2026-02-13,SNDK
SNDK260213P00385000,385.0,7.55,5.6,7.3,26.0,42.0,1.3208041772460937,False,PUT,2026-02-13,SNDK
SNDK260213P00390000,390.0,6.59,5.7,8.9,5.0,57.0,1.3288607775878902,False,PUT,2026-02-13,SNDK
SNDK260213P00395000,395.0,6.9,6.3,9.2,2.0,34.0,1.313113786010742,False,PUT,2026-02-13,SNDK
SNDK260213P00400000,400.0,8.0,7.4,9.8,43.0,133.0,1.3155551800537106,False,PUT,2026-02-13,SNDK
SNDK260213P00405000,405.0,9.5,7.4,9.6,4.0,5.0,1.2713049130249021,False,PUT,2026-02-13,SNDK
SNDK260213P00410000,410.0,9.3,8.6,11.6,26.0,29.0,1.3038364886474605,False,PUT,2026-02-13,SNDK
SNDK260213P00415000,415.0,10.1,8.5,11.5,7.0,52.0,1.2592200125122073,False,PUT,2026-02-13,SNDK
SNDK260213P00420000,420.0,10.8,10.1,13.6,6.0,112.0,1.2945591912841794,False,PUT,2026-02-13,SNDK
SNDK260213P00425000,425.0,11.8,11.0,13.9,13.0,57.0,1.2764928753662106,False,PUT,2026-02-13,SNDK
SNDK260213P00430000,430.0,13.3,11.9,14.8,16.0,37.0,1.2685583447265623,False,PUT,2026-02-13,SNDK
SNDK260213P00435000,435.0,17.45,12.8,16.1,12.0,28.0,1.2659338461303706,False,PUT,2026-02-13,SNDK
SNDK260213P00440000,440.0,15.08,13.7,17.2,2.0,17.0,1.257877245788574,False,PUT,2026-02-13,SNDK
SNDK260213P00445000,445.0,16.9,15.3,18.2,11.0,21.0,1.2579382806396484,False,PUT,2026-02-13,SNDK
SNDK260213P00450000,450.0,17.0,16.3,18.9,80.0,164.0,1.2415809405517575,False,PUT,2026-02-13,SNDK
SNDK260213P00455000,455.0,19.95,17.4,20.6,3.0,24.0,1.2409095571899411,False,PUT,2026-02-13,SNDK
SNDK260213P00460000,460.0,19.75,18.7,21.5,9.0,28.0,1.2293129354858396,False,PUT,2026-02-13,SNDK
SNDK260213P00470000,470.0,22.91,21.4,23.7,34.0,32.0,1.2088052255249022,False,PUT,2026-02-13,SNDK
SNDK260213P00475000,475.0,24.31,23.1,25.4,5.0,21.0,1.2092935043334956,False,PUT,2026-02-13,SNDK
SNDK260213P00480000,480.0,25.5,24.6,26.9,3.0,28.0,1.2023965661621094,False,PUT,2026-02-13,SNDK
SNDK260213P00485000,485.0,31.2,26.4,29.5,1.0,6.0,1.2119790377807615,False,PUT,2026-02-13,SNDK
SNDK260213P00490000,490.0,29.4,27.9,30.2,12.0,26.0,1.1912577058410645,False,PUT,2026-02-13,SNDK
SNDK260213P00495000,495.0,32.22,30.0,32.5,7.0,21.0,1.1968423947143556,False,PUT,2026-02-13,SNDK
SNDK260213P00500000,500.0,33.1,32.0,34.1,95.0,44.0,1.1905252876281738,False,PUT,2026-02-13,SNDK
SNDK260213P00505000,505.0,39.25,33.8,36.9,1.0,12.0,1.1945841052246093,False,PUT,2026-02-13,SNDK
SNDK260213P00510000,510.0,51.0,35.9,38.7,51.0,58.0,1.1883585504150391,False,PUT,2026-02-13,SNDK
SNDK260213P00520000,520.0,44.53,40.1,43.2,17.0,20.0,1.1814005773925782,False,PUT,2026-02-13,SNDK
SNDK260213P00525000,525.0,44.4,42.6,44.9,253.0,10.0,1.1737101861572266,False,PUT,2026-02-13,SNDK
SNDK260213P00530000,530.0,46.0,44.5,47.4,40.0,16.0,1.1666606608581542,False,PUT,2026-02-13,SNDK
SNDK260213P00550000,550.0,57.7,55.3,57.9,7.0,3.0,1.1634563311767578,True,PUT,2026-02-13,SNDK
SNDK260213P00560000,560.0,69.63,61.0,63.5,1.0,2.0,1.1592449264526365,True,PUT,2026-02-13,SNDK
SNDK260213P00590000,590.0,123.5,80.0,82.9,18.0,17.0,1.1596111355590821,True,PUT,2026-02-13,SNDK
SNDK260220C00385000,385.0,170.0,168.7,171.8,15.0,50.0,1.3465608843994137,True,CALL,2026-02-20,SNDK
SNDK260220C00387500,387.5,135.9,166.1,170.0,1.0,2.0,1.339175667419433,True,CALL,2026-02-20,SNDK
SNDK260220C00390000,390.0,163.1,163.7,167.2,7.0,54.0,1.3172031210327146,True,CALL,2026-02-20,SNDK
SNDK260220C00395000,395.0,138.0,159.9,163.0,2.0,5.0,1.315921389160156,True,CALL,2026-02-20,SNDK
SNDK260220C00397500,397.5,102.1,156.7,160.9,3.0,6.0,1.2923009017944334,True,CALL,2026-02-20,SNDK
SNDK260220C00400000,400.0,156.6,157.0,157.0,51.0,353.0,1.297794038391113,True,CALL,2026-02-20,SNDK
SNDK260220C00402500,402.5,115.38,152.7,155.9,,6.0,1.2726476797485349,True,CALL,2026-02-20,SNDK
SNDK260220C00405000,405.0,117.55,151.8,155.4,3.0,3.0,1.313113786010742,True,CALL,2026-02-20,SNDK
SNDK260220C00410000,410.0,148.08,147.5,150.7,21.0,86.0,1.2913243441772457,True,CALL,2026-02-20,SNDK
SNDK260220C00412500,412.5,76.2,145.6,149.0,,3.0,1.29413194732666,True,CALL,2026-02-20,SNDK
SNDK260220C00415000,415.0,92.45,143.6,146.5,,2.0,1.2827794650268554,True,CALL,2026-02-20,SNDK
SNDK260220C00420000,420.0,137.48,138.9,142.6,21.0,233.0,1.2658117764282224,True,CALL,2026-02-20,SNDK
SNDK260220C00422500,422.5,108.0,137.0,141.0,,4.0,1.2686193795776366,True,CALL,2026-02-20,SNDK
SNDK260220C00425000,425.0,119.22,135.6,138.7,1.0,3.0,1.2680090310668946,True,CALL,2026-02-20,SNDK
SNDK260220C00427500,427.5,84.57,133.0,137.0,,1.0,1.2586706988525391,True,CALL,2026-02-20,SNDK
SNDK260220C00430000,430.0,128.63,130.6,134.5,107.0,168.0,1.2409095571899411,True,CALL,2026-02-20,SNDK
SNDK260220C00435000,435.0,112.5,128.0,131.5,1.0,10.0,1.2618445111083985,True,CALL,2026-02-20,SNDK
SNDK260220C00440000,440.0,124.3,125.0,127.3,53.0,244.0,1.2592200125122073,True,CALL,2026-02-20,SNDK
SNDK260220C00445000,445.0,105.5,120.4,123.3,15.0,6.0,1.2374916055297849,True,CALL,2026-02-20,SNDK
SNDK260220C00450000,450.0,118.5,116.2,119.4,9.0,1044.0,1.2215004745483395,True,CALL,2026-02-20,SNDK
SNDK260220C00455000,455.0,113.9,112.2,116.2,3.0,52.0,1.2155190591430665,True,CALL,2026-02-20,SNDK
SNDK260220C00460000,460.0,88.23,109.1,112.4,3.0,83.0,1.211795933227539,True,CALL,2026-02-20,SNDK
SNDK260220C00465000,465.0,102.52,106.0,109.0,5.0,91.0,1.2113686892700195,True,CALL,2026-02-20,SNDK
SNDK260220C00470000,470.0,102.82,102.0,105.0,8.0,164.0,1.1926309899902345,True,CALL,2026-02-20,SNDK
SNDK260220C00475000,475.0,100.85,99.1,102.6,9.0,99.0,1.2028848449707032,True,CALL,2026-02-20,SNDK
SNDK260220C00480000,480.0,95.0,96.4,100.2,55.0,241.0,1.2134133567810055,True,CALL,2026-02-20,SNDK
SNDK260220C00490000,490.0,90.1,89.3,92.5,18.0,188.0,1.1815226470947264,True,CALL,2026-02-20,SNDK
SNDK260220C00500000,500.0,86.1,84.2,86.6,174.0,1242.0,1.1844828373718261,True,CALL,2026-02-20,SNDK
SNDK260220C00510000,510.0,78.5,79.2,82.1,35.0,249.0,1.1967813598632815,True,CALL,2026-02-20,SNDK
SNDK260220C00520000,520.0,73.87,73.4,76.2,190.0,463.0,1.1824076524353024,True,CALL,2026-02-20,SNDK
SNDK260220C00530000,530.0,68.2,67.5,70.3,145.0,89.0,1.1627544303894042,True,CALL,2026-02-20,SNDK
SNDK260220C00540000,540.0,63.6,62.3,66.0,185.0,188.0,1.1602825189208985,True,CALL,2026-02-20,SNDK
SNDK260220C00550000,550.0,60.0,59.3,60.8,316.0,426.0,1.1652873767089846,False,CALL,2026-02-20,SNDK
SNDK260220C00560000,560.0,55.38,53.8,56.9,42.0,66.0,1.1546673126220701,False,CALL,2026-02-20,SNDK
SNDK260220C00570000,570.0,52.0,50.7,53.6,137.0,78.0,1.1673015267944336,False,CALL,2026-02-20,SNDK
SNDK260220C00580000,580.0,47.87,47.1,50.1,32.0,335.0,1.1693156768798827,False,CALL,2026-02-20,SNDK
SNDK260220C00590000,590.0,43.54,44.1,46.3,6.0,216.0,1.1701091299438477,False,CALL,2026-02-20,SNDK
SNDK260220C00600000,600.0,41.82,41.3,42.8,609.0,674.0,1.1716350012207033,False,CALL,2026-02-20,SNDK
SNDK260220C00610000,610.0,38.5,38.2,40.2,16.0,124.0,1.1750834703063961,False,CALL,2026-02-20,SNDK
SNDK260220C00620000,620.0,35.3,35.4,37.1,48.0,245.0,1.1730388027954102,False,CALL,2026-02-20,SNDK
SNDK260220C00630000,630.0,33.08,32.6,34.3,34.0,89.0,1.170231199645996,False,CALL,2026-02-20,SNDK
SNDK260220C00640000,640.0,31.0,30.5,32.2,23.0,290.0,1.1778910734558103,False,CALL,2026-02-20,SNDK
SNDK260220C00650000,650.0,28.7,27.9,29.9,48.0,76.0,1.175327609710693,False,CALL,2026-02-20,SNDK
SNDK260220C00660000,660.0,26.46,25.9,27.8,39.0,53.0,1.177769003753662,False,CALL,2026-02-20,SNDK
SNDK260220C00670000,670.0,24.9,24.4,25.4,46.0,49.0,1.1793253924560545,False,CALL,2026-02-20,SNDK
SNDK260220C00680000,680.0,23.05,22.5,23.6,80.0,339.0,1.1800883280944823,False,CALL,2026-02-20,SNDK
SNDK260220C00690000,690.0,21.3,20.3,22.4,11.0,51.0,1.181339542541504,False,CALL,2026-02-20,SNDK
SNDK260220C00700000,700.0,19.7,18.9,20.4,86.0,135.0,1.179752636413574,False,CALL,2026-02-20,SNDK
SNDK260220P00382500,382.5,8.03,7.4,9.5,2.0,2.0,1.208683155822754,False,PUT,2026-02-20,SNDK
SNDK260220P00385000,385.0,8.81,8.1,9.7,3.0,24.0,1.210697305908203,False,PUT,2026-02-20,SNDK
SNDK260220P00387500,387.5,8.74,8.2,10.2,1.0,7.0,1.205936587524414,False,PUT,2026-02-20,SNDK
SNDK260220P00390000,390.0,9.2,8.8,9.5,25.0,131.0,1.1867716442871092,False,PUT,2026-02-20,SNDK
SNDK260220P00392500,392.5,11.0,8.7,10.7,3.0,10.0,1.191654432373047,False,PUT,2026-02-20,SNDK
SNDK260220P00395000,395.0,9.88,9.5,10.2,19.0,73.0,1.1803019500732421,False,PUT,2026-02-20,SNDK
SNDK260220P00397500,397.5,11.75,9.8,11.4,2.0,4.0,1.1915323626708985,False,PUT,2026-02-20,SNDK
SNDK260220P00400000,400.0,10.96,10.0,11.0,275.0,1245.0,1.1704753390502929,False,PUT,2026-02-20,SNDK
SNDK260220P00402500,402.5,11.16,10.4,11.5,4.0,15.0,1.169681885986328,False,PUT,2026-02-20,SNDK
SNDK260220P00405000,405.0,12.34,10.8,12.5,6.0,32.0,1.1772502075195312,False,PUT,2026-02-20,SNDK
SNDK260220P00407500,407.5,13.99,11.1,13.0,1.0,6.0,1.173588116455078,False,PUT,2026-02-20,SNDK
SNDK260220P00410000,410.0,12.87,11.9,13.4,15.0,100.0,1.1763346847534177,False,PUT,2026-02-20,SNDK
SNDK260220P00412500,412.5,14.8,12.2,14.7,26.0,34.0,1.1850016336059572,False,PUT,2026-02-20,SNDK
SNDK260220P00415000,415.0,13.53,12.9,13.8,20.0,26.0,1.1638835751342773,False,PUT,2026-02-20,SNDK
SNDK260220P00417500,417.5,14.7,12.4,15.8,1.0,28.0,1.1700480950927734,False,PUT,2026-02-20,SNDK
SNDK260220P00420000,420.0,14.35,13.9,14.4,15.0,639.0,1.1536297201538086,False,PUT,2026-02-20,SNDK
SNDK260220P00422500,422.5,17.29,14.1,16.7,11.0,22.0,1.1740153604125978,False,PUT,2026-02-20,SNDK
SNDK260220P00425000,425.0,15.1,15.0,16.2,66.0,165.0,1.1618083901977543,False,PUT,2026-02-20,SNDK
SNDK260220P00427500,427.5,16.56,15.3,17.4,2.0,14.0,1.16565358581543,False,PUT,2026-02-20,SNDK
SNDK260220P00430000,430.0,17.35,16.2,17.9,53.0,116.0,1.1674846313476563,False,PUT,2026-02-20,SNDK
SNDK260220P00435000,435.0,18.3,17.0,18.7,26.0,31.0,1.1530193716430666,False,PUT,2026-02-20,SNDK
SNDK260220P00440000,440.0,19.0,18.7,20.3,18.0,269.0,1.1605266583251954,False,PUT,2026-02-20,SNDK
SNDK260220P00445000,445.0,21.6,20.0,21.8,17.0,41.0,1.1593669961547852,False,PUT,2026-02-20,SNDK
SNDK260220P00450000,450.0,22.0,21.0,23.0,115.0,841.0,1.1489910714721678,False,PUT,2026-02-20,SNDK
SNDK260220P00455000,455.0,25.63,22.4,24.8,36.0,33.0,1.1498455593872072,False,PUT,2026-02-20,SNDK
SNDK260220P00460000,460.0,24.65,24.1,26.2,67.0,628.0,1.1478314093017576,False,PUT,2026-02-20,SNDK
SNDK260220P00465000,465.0,27.6,25.5,27.7,5.0,19.0,1.1420330984497071,False,PUT,2026-02-20,SNDK
SNDK260220P00470000,470.0,28.16,26.9,29.5,20.0,95.0,1.1383404899597167,False,PUT,2026-02-20,SNDK
SNDK260220P00475000,475.0,29.9,28.8,30.5,29.0,50.0,1.1299481979370118,False,PUT,2026-02-20,SNDK
SNDK260220P00480000,480.0,32.8,30.6,33.2,72.0,285.0,1.137760658874512,False,PUT,2026-02-20,SNDK
SNDK260220P00490000,490.0,35.3,34.2,36.2,17.0,91.0,1.123020742340088,False,PUT,2026-02-20,SNDK
SNDK260220P00500000,500.0,39.5,37.6,40.4,71.0,1188.0,1.1137434449768067,False,PUT,2026-02-20,SNDK
SNDK260220P00510000,510.0,43.3,42.3,45.1,23.0,64.0,1.117161396636963,False,PUT,2026-02-20,SNDK
SNDK260220P00520000,520.0,49.9,46.9,49.8,148.0,117.0,1.114109654083252,False,PUT,2026-02-20,SNDK
SNDK260220P00530000,530.0,53.6,51.8,54.7,330.0,6.0,1.1107222198486328,False,PUT,2026-02-20,SNDK
SNDK260220P00540000,540.0,58.0,57.5,59.6,20.0,1100.0,1.1098677319335937,False,PUT,2026-02-20,SNDK
SNDK260220P00550000,550.0,66.07,62.0,64.8,1.0,8.0,1.0958602336120606,True,PUT,2026-02-20,SNDK
SNDK260220P00570000,570.0,113.07,74.2,77.1,2.0,1.0,1.100956643676758,True,PUT,2026-02-20,SNDK
SNDK260220P00580000,580.0,91.4,80.6,83.8,13.0,7.0,1.104588217315674,True,PUT,2026-02-20,SNDK
SNDK260220P00590000,590.0,94.27,87.5,90.7,1.0,13.0,1.110478080444336,True,PUT,2026-02-20,SNDK
SNDK260220P00600000,600.0,96.05,93.7,97.4,4.0,31.0,1.1038557991027833,True,PUT,2026-02-20,SNDK
SNDK260220P00610000,610.0,205.8,100.4,103.8,,0.0,1.0949141934204105,True,PUT,2026-02-20,SNDK
SNDK260220P00620000,620.0,113.75,107.8,111.0,1.0,31.0,1.0963179949951172,True,PUT,2026-02-20,SNDK
SNDK260227C00385000,385.0,112.0,172.8,176.5,1.0,23.0,1.3148837966918943,True,CALL,2026-02-27,SNDK
SNDK260227C00390000,390.0,97.12,168.5,172.0,4.0,18.0,1.2977330035400387,True,CALL,2026-02-27,SNDK
SNDK260227C00395000,395.0,101.6,164.9,168.0,1.0,18.0,1.2968479981994627,True,CALL,2026-02-27,SNDK
SNDK260227C00400000,400.0,162.0,160.6,163.9,24.0,43.0,1.2838170574951169,True,CALL,2026-02-27,SNDK
SNDK260227C00405000,405.0,143.65,156.5,160.0,3.0,14.0,1.2753942480468747,True,CALL,2026-02-27,SNDK
SNDK260227C00410000,410.0,142.3,152.4,156.3,30.0,10.0,1.2685583447265623,True,CALL,2026-02-27,SNDK
SNDK260227C00415000,415.0,146.6,148.5,151.9,1.0,11.0,1.2546118812561036,True,CALL,2026-02-27,SNDK
SNDK260227C00420000,420.0,145.75,145.1,147.9,4.0,15.0,1.250888755340576,True,CALL,2026-02-27,SNDK
SNDK260227C00425000,425.0,108.0,140.6,144.5,1.0,8.0,1.2401771389770504,True,CALL,2026-02-27,SNDK
SNDK260227C00430000,430.0,108.58,137.2,141.0,6.0,44.0,1.2401161041259763,True,CALL,2026-02-27,SNDK
SNDK260227C00435000,435.0,100.5,133.7,137.5,2.0,3.0,1.2376441926574704,True,CALL,2026-02-27,SNDK
SNDK260227C00440000,440.0,118.21,130.5,135.0,1.0,21.0,1.2481116696166992,True,CALL,2026-02-27,SNDK
SNDK260227C00445000,445.0,84.45,126.9,131.5,1.0,28.0,1.2420692193603513,True,CALL,2026-02-27,SNDK
SNDK260227C00450000,450.0,119.35,123.0,127.3,1.0,50.0,1.2247048042297364,True,CALL,2026-02-27,SNDK
SNDK260227C00455000,455.0,93.4,119.0,123.5,2.0,5.0,1.209903852844238,True,CALL,2026-02-27,SNDK
SNDK260227C00460000,460.0,117.95,115.5,118.6,4.0,38.0,1.1885416549682617,True,CALL,2026-02-27,SNDK
SNDK260227C00465000,465.0,110.0,112.1,115.3,3.0,6.0,1.1834147274780271,True,CALL,2026-02-27,SNDK
SNDK260227C00470000,470.0,111.35,109.7,113.9,9.0,96.0,1.2052041693115234,True,CALL,2026-02-27,SNDK
SNDK260227C00475000,475.0,95.89,106.5,110.3,3.0,41.0,1.1967813598632815,True,CALL,2026-02-27,SNDK
SNDK260227C00480000,480.0,84.05,103.1,106.5,8.0,77.0,1.1838114540100098,True,CALL,2026-02-27,SNDK
SNDK260227C00485000,485.0,87.97,100.0,103.5,1.0,34.0,1.1802103977966307,True,CALL,2026-02-27,SNDK
SNDK260227C00490000,490.0,78.97,97.0,100.7,5.0,61.0,1.1783488348388669,True,CALL,2026-02-27,SNDK
SNDK260227C00495000,495.0,79.16,94.0,97.4,32.0,35.0,1.171024652709961,True,CALL,2026-02-27,SNDK
SNDK260227C00500000,500.0,91.18,91.5,94.5,5.0,170.0,1.1707194784545898,True,CALL,2026-02-27,SNDK
SNDK260227C00505000,505.0,90.2,88.5,92.7,9.0,173.0,1.1746257089233398,True,CALL,2026-02-27,SNDK
SNDK260227C00510000,510.0,88.0,85.9,89.8,5.0,110.0,1.1714213792419435,True,CALL,2026-02-27,SNDK
SNDK260227C00515000,515.0,85.0,82.5,85.9,13.0,11.0,1.1520122966003417,True,CALL,2026-02-27,SNDK
SNDK260227C00520000,520.0,80.2,81.0,84.5,6.0,75.0,1.169010502624512,True,CALL,2026-02-27,SNDK
SNDK260227C00525000,525.0,76.0,78.5,81.0,25.0,39.0,1.1588787173461914,True,CALL,2026-02-27,SNDK
SNDK260227C00530000,530.0,76.55,77.2,78.6,115.0,74.0,1.1670268699645996,True,CALL,2026-02-27,SNDK
SNDK260227C00540000,540.0,72.25,72.4,74.2,29.0,41.0,1.1655315161132815,True,CALL,2026-02-27,SNDK
SNDK260227C00545000,545.0,70.5,68.0,71.6,27.0,17.0,1.1439251788330076,False,CALL,2026-02-27,SNDK
SNDK260227C00550000,550.0,68.52,66.0,69.5,37.0,124.0,1.145115358428955,False,CALL,2026-02-27,SNDK
SNDK260227C00555000,555.0,65.52,64.0,67.4,1.0,23.0,1.145420532684326,False,CALL,2026-02-27,SNDK
SNDK260227C00560000,560.0,63.58,62.6,65.4,23.0,133.0,1.1505169427490234,False,CALL,2026-02-27,SNDK
SNDK260227C00570000,570.0,59.85,58.5,62.3,10.0,51.0,1.154941969451904,False,CALL,2026-02-27,SNDK
SNDK260227C00580000,580.0,55.0,55.9,58.3,2.0,23.0,1.160953902282715,False,CALL,2026-02-27,SNDK
SNDK260227C00590000,590.0,52.8,52.3,54.1,3.0,39.0,1.1541790338134765,False,CALL,2026-02-27,SNDK
SNDK260227C00600000,600.0,48.48,49.2,51.1,49.0,79.0,1.1580852642822266,False,CALL,2026-02-27,SNDK
SNDK260227C00610000,610.0,38.43,45.8,48.0,2.0,12.0,1.1558574922180176,False,CALL,2026-02-27,SNDK
SNDK260227C00620000,620.0,32.92,43.2,45.2,7.0,30.0,1.1598247575378418,False,CALL,2026-02-27,SNDK
SNDK260227C00630000,630.0,29.05,39.8,42.5,2.0,50.0,1.1552166262817383,False,CALL,2026-02-27,SNDK
SNDK260227C00640000,640.0,37.8,37.0,39.4,4.0,49.0,1.149540385131836,False,CALL,2026-02-27,SNDK
SNDK260227C00650000,650.0,35.0,35.0,37.1,1.0,43.0,1.15488093460083,False,CALL,2026-02-27,SNDK
SNDK260227C00660000,660.0,34.71,32.9,34.8,41.0,42.0,1.1569866369628907,False,CALL,2026-02-27,SNDK
SNDK260227C00670000,670.0,22.8,29.5,32.9,51.0,67.0,1.1485943449401854,False,CALL,2026-02-27,SNDK
SNDK260227C00680000,680.0,26.2,28.0,30.3,1.0,31.0,1.148502792663574,False,CALL,2026-02-27,SNDK
SNDK260227C00700000,700.0,25.8,24.8,27.4,11.0,32.0,1.1614421810913087,False,CALL,2026-02-27,SNDK
SNDK260227P00385000,385.0,13.96,11.4,15.0,1.0,32.0,1.2061196920776367,False,PUT,2026-02-27,SNDK
SNDK260227P00390000,390.0,16.0,12.2,15.9,3.0,38.0,1.1998331024169924,False,PUT,2026-02-27,SNDK
SNDK260227P00395000,395.0,15.0,13.2,16.0,4.0,35.0,1.1835367971801758,False,PUT,2026-02-27,SNDK
SNDK260227P00400000,400.0,15.32,14.3,16.6,21.0,99.0,1.1754191619873045,False,PUT,2026-02-27,SNDK
SNDK260227P00405000,405.0,17.5,15.4,17.7,21.0,57.0,1.1732219073486327,False,PUT,2026-02-27,SNDK
SNDK260227P00410000,410.0,18.7,15.9,19.0,20.0,36.0,1.164310819091797,False,PUT,2026-02-27,SNDK
SNDK260227P00415000,415.0,19.4,16.6,21.0,20.0,21.0,1.1660808297729495,False,PUT,2026-02-27,SNDK
SNDK260227P00420000,420.0,20.4,18.2,22.0,7.0,33.0,1.1651042721557618,False,PUT,2026-02-27,SNDK
SNDK260227P00425000,425.0,22.6,19.9,23.2,1.0,56.0,1.166324969177246,False,PUT,2026-02-27,SNDK
SNDK260227P00430000,430.0,22.85,20.8,23.6,4.0,71.0,1.1472820956420895,False,PUT,2026-02-27,SNDK
SNDK260227P00435000,435.0,24.78,22.6,24.8,1.0,5.0,1.1474041653442382,False,PUT,2026-02-27,SNDK
SNDK260227P00440000,440.0,26.14,24.4,27.4,2.0,58.0,1.1616252856445315,False,PUT,2026-02-27,SNDK
SNDK260227P00445000,445.0,27.6,24.4,28.7,3.0,12.0,1.1403241226196292,False,PUT,2026-02-27,SNDK
SNDK260227P00450000,450.0,28.85,27.1,29.6,13.0,82.0,1.1430096560668948,False,PUT,2026-02-27,SNDK
SNDK260227P00455000,455.0,34.17,28.1,31.8,2.0,9.0,1.1401715354919435,False,PUT,2026-02-27,SNDK
SNDK260227P00460000,460.0,31.67,30.3,33.3,7.0,11.0,1.141239645385742,False,PUT,2026-02-27,SNDK
SNDK260227P00465000,465.0,37.25,31.7,34.9,6.0,3.0,1.134129085235596,False,PUT,2026-02-27,SNDK
SNDK260227P00470000,470.0,37.0,32.9,36.2,9.0,11.0,1.1212202142333985,False,PUT,2026-02-27,SNDK
SNDK260227P00475000,475.0,37.0,35.6,37.8,1.0,4.0,1.1247602355957032,False,PUT,2026-02-27,SNDK
SNDK260227P00480000,480.0,47.72,37.4,40.2,2.0,614.0,1.1260114500427247,False,PUT,2026-02-27,SNDK
SNDK260227P00485000,485.0,51.0,39.3,42.1,3.0,1.0,1.122410393829346,False,PUT,2026-02-27,SNDK
SNDK260227P00490000,490.0,46.5,41.1,43.9,4.0,18.0,1.1160017344665525,False,PUT,2026-02-27,SNDK
SNDK260227P00495000,495.0,45.0,43.4,45.5,4.0,9.0,1.111302050933838,False,PUT,2026-02-27,SNDK
SNDK260227P00500000,500.0,46.31,45.6,47.8,11.0,25.0,1.1109358418273927,False,PUT,2026-02-27,SNDK
SNDK260227P00510000,510.0,58.1,50.1,52.7,2.0,5.0,1.1104475630187989,False,PUT,2026-02-27,SNDK
SNDK260227P00530000,530.0,60.68,59.0,62.9,10.0,11.0,1.0998580163574219,False,PUT,2026-02-27,SNDK
SNDK260227P00535000,535.0,63.57,62.0,65.1,7.0,9.0,1.0983626625061038,False,PUT,2026-02-27,SNDK
SNDK260227P00550000,550.0,71.6,70.1,73.0,6.0,10.0,1.0914962417602543,True,PUT,2026-02-27,SNDK
SNDK260227P00570000,570.0,137.0,82.0,85.1,,1.0,1.0912521023559574,True,PUT,2026-02-27,SNDK
SNDK260227P00600000,600.0,106.51,101.1,105.0,14.0,3.0,1.0896041613769532,True,PUT,2026-02-27,SNDK
SNDK260227P00610000,610.0,134.65,108.2,110.9,1.0,1.0,1.0826156709289552,True,PUT,2026-02-27,SNDK
SNDK260227P00620000,620.0,158.0,114.5,118.4,,1.0,1.0790756495666505,True,PUT,2026-02-27,SNDK
SNDK260227P00630000,630.0,166.1,121.9,125.4,,1.0,1.077519260864258,True,PUT,2026-02-27,SNDK
SNDK260227P00640000,640.0,173.5,129.3,133.1,,1.0,1.0791061669921875,True,PUT,2026-02-27,SNDK
SNDK260306C00420000,420.0,128.02,149.3,153.0,2.0,2.0,1.2251015307617186,True,CALL,2026-03-06,SNDK
SNDK260306C00430000,430.0,128.35,142.5,146.2,10.0,11.0,1.2225685844421386,True,CALL,2026-03-06,SNDK
SNDK260306C00460000,460.0,105.0,122.1,125.5,4.0,3.0,1.1904032179260253,True,CALL,2026-03-06,SNDK
SNDK260306C00465000,465.0,100.8,118.8,123.5,1.0,1.0,1.1958048022460939,True,CALL,2026-03-06,SNDK
SNDK260306C00470000,470.0,100.42,115.4,118.6,3.0,13.0,1.1744731217956543,True,CALL,2026-03-06,SNDK
SNDK260306C00475000,475.0,94.76,112.1,115.8,3.0,32.0,1.1713908618164064,True,CALL,2026-03-06,SNDK
SNDK260306C00480000,480.0,107.78,108.3,111.8,7.0,29.0,1.1533550633239746,True,CALL,2026-03-06,SNDK
SNDK260306C00485000,485.0,88.0,106.5,110.1,6.0,11.0,1.1700786125183105,True,CALL,2026-03-06,SNDK
SNDK260306C00490000,490.0,87.19,103.3,107.2,28.0,6.0,1.1645244410705569,True,CALL,2026-03-06,SNDK
SNDK260306C00495000,495.0,77.47,101.0,104.7,1.0,5.0,1.1685527412414554,True,CALL,2026-03-06,SNDK
SNDK260306C00500000,500.0,91.23,98.1,101.5,27.0,18.0,1.1614421810913087,True,CALL,2026-03-06,SNDK
SNDK260306C00505000,505.0,96.3,94.6,98.0,5.0,39.0,1.1465801948547363,True,CALL,2026-03-06,SNDK
SNDK260306C00510000,510.0,92.3,93.0,97.4,11.0,11.0,1.1682780844116212,True,CALL,2026-03-06,SNDK
SNDK260306C00520000,520.0,86.84,87.0,90.3,20.0,34.0,1.1420788745880128,True,CALL,2026-03-06,SNDK
SNDK260306C00525000,525.0,86.57,85.5,88.7,8.0,6.0,1.1540874815368654,True,CALL,2026-03-06,SNDK
SNDK260306C00530000,530.0,83.59,82.6,86.7,34.0,5.0,1.1517071223449706,True,CALL,2026-03-06,SNDK
SNDK260306C00535000,535.0,82.0,80.5,84.9,8.0,1.0,1.156010079345703,True,CALL,2026-03-06,SNDK
SNDK260306C00540000,540.0,80.3,78.2,81.8,230.0,1.0,1.1484417578125,True,CALL,2026-03-06,SNDK
SNDK260306C00545000,545.0,77.24,75.6,79.5,7.0,2.0,1.1438946614074705,False,CALL,2026-03-06,SNDK
SNDK260306C00550000,550.0,74.77,74.0,77.1,12.0,23.0,1.1452679455566406,False,CALL,2026-03-06,SNDK
SNDK260306C00555000,555.0,73.05,71.6,74.5,8.0,1.0,1.138615146789551,False,CALL,2026-03-06,SNDK
SNDK260306C00560000,560.0,70.95,69.3,72.7,5.0,17.0,1.1378522111511231,False,CALL,2026-03-06,SNDK
SNDK260306C00600000,600.0,56.24,55.9,59.4,20.0,22.0,1.1522564360046386,False,CALL,2026-03-06,SNDK
SNDK260306C00660000,660.0,42.31,38.5,42.1,3.0,21.0,1.1426739643859865,False,CALL,2026-03-06,SNDK
SNDK260306C00700000,700.0,32.15,31.0,33.3,15.0,9.0,1.1481060661315916,False,CALL,2026-03-06,SNDK
SNDK260306P00385000,385.0,15.6,15.0,17.2,3.0,5.0,1.1664470388793946,False,PUT,2026-03-06,SNDK
SNDK260306P00395000,395.0,18.0,17.0,19.0,1.0,47.0,1.1538128247070314,False,PUT,2026-03-06,SNDK
SNDK260306P00400000,400.0,19.12,18.1,20.1,9.0,34.0,1.149784524536133,False,PUT,2026-03-06,SNDK
SNDK260306P00405000,405.0,22.48,18.2,21.5,2.0,4.0,1.1364789270019533,False,PUT,2026-03-06,SNDK
SNDK260306P00415000,415.0,31.75,20.6,24.1,8.0,3.0,1.1306806161499026,False,PUT,2026-03-06,SNDK
SNDK260306P00420000,420.0,24.97,22.9,25.1,1.0,12.0,1.1348615034484866,False,PUT,2026-03-06,SNDK
SNDK260306P00425000,425.0,41.07,23.2,27.4,5.0,6.0,1.130253372192383,False,PUT,2026-03-06,SNDK
SNDK260306P00430000,430.0,28.93,25.6,28.8,3.0,9.0,1.136967205810547,False,PUT,2026-03-06,SNDK
SNDK260306P00435000,435.0,38.87,26.3,29.8,1.0,1.0,1.1213117665100099,False,PUT,2026-03-06,SNDK
SNDK260306P00440000,440.0,30.3,28.8,30.9,8.0,14.0,1.1237226431274414,False,PUT,2026-03-06,SNDK
SNDK260306P00445000,445.0,31.34,30.0,33.3,2.0,6.0,1.124943340148926,False,PUT,2026-03-06,SNDK
SNDK260306P00450000,450.0,35.0,31.3,33.9,17.0,16.0,1.1091963485717775,False,PUT,2026-03-06,SNDK
SNDK260306P00455000,455.0,35.3,33.4,36.0,11.0,10.0,1.1140181018066406,False,PUT,2026-03-06,SNDK
SNDK260306P00460000,460.0,39.1,35.4,37.7,1.0,15.0,1.1131025790405271,False,PUT,2026-03-06,SNDK
SNDK260306P00470000,470.0,41.35,38.3,41.9,10.0,13.0,1.1058089143371586,False,PUT,2026-03-06,SNDK
SNDK260306P00475000,475.0,47.0,40.5,43.8,2.0,9.0,1.1055037400817873,False,PUT,2026-03-06,SNDK
SNDK260306P00480000,480.0,44.4,42.7,45.6,4.0,8.0,1.1033980377197268,False,PUT,2026-03-06,SNDK
SNDK260306P00485000,485.0,48.26,44.0,47.6,2.0,3.0,1.0946700540161136,False,PUT,2026-03-06,SNDK
SNDK260306P00490000,490.0,58.7,46.9,49.8,2.0,15.0,1.0997969815063477,False,PUT,2026-03-06,SNDK
SNDK260306P00495000,495.0,54.98,49.1,52.0,6.0,9.0,1.0983016276550295,False,PUT,2026-03-06,SNDK
SNDK260306P00500000,500.0,52.8,51.4,52.9,7.0,5.0,1.0864608665466309,False,PUT,2026-03-06,SNDK
SNDK260306P00505000,505.0,57.9,53.6,56.2,5.0,22.0,1.0919234857177735,False,PUT,2026-03-06,SNDK
SNDK260306P00510000,510.0,60.15,55.7,58.5,6.0,5.0,1.087925702972412,False,PUT,2026-03-06,SNDK
SNDK260320C00390000,390.0,181.0,179.8,183.0,52.0,267.0,1.2240944557189943,True,CALL,2026-03-20,SNDK
SNDK260320C00400000,400.0,175.0,173.2,176.8,62.0,495.0,1.2313881204223631,True,CALL,2026-03-20,SNDK
SNDK260320C00410000,410.0,163.77,165.6,168.7,7.0,525.0,1.2089578126525877,True,CALL,2026-03-20,SNDK
SNDK260320C00420000,420.0,155.8,159.0,161.9,81.0,1331.0,1.2045022685241698,True,CALL,2026-03-20,SNDK
SNDK260320C00430000,430.0,149.82,152.5,156.8,7.0,61.0,1.211826450653076,True,CALL,2026-03-20,SNDK
SNDK260320C00440000,440.0,142.0,146.0,150.1,12.0,65.0,1.2029763972473144,True,CALL,2026-03-20,SNDK
SNDK260320C00450000,450.0,140.4,139.3,142.9,29.0,124.0,1.186435952606201,True,CALL,2026-03-20,SNDK
SNDK260320C00460000,460.0,135.0,133.8,138.0,25.0,105.0,1.1937906521606445,True,CALL,2026-03-20,SNDK
SNDK260320C00470000,470.0,127.0,127.0,130.1,97.0,238.0,1.1671641983795167,True,CALL,2026-03-20,SNDK
SNDK260320C00480000,480.0,119.82,121.6,124.7,15.0,161.0,1.1664775563049317,True,CALL,2026-03-20,SNDK
SNDK260320C00490000,490.0,117.88,116.1,119.7,16.0,133.0,1.1652873767089846,True,CALL,2026-03-20,SNDK
SNDK260320C00500000,500.0,112.27,111.5,114.0,339.0,1072.0,1.162968052368164,True,CALL,2026-03-20,SNDK
SNDK260320C00510000,510.0,107.05,105.6,109.8,28.0,117.0,1.1596111355590821,True,CALL,2026-03-20,SNDK
SNDK260320C00520000,520.0,103.06,101.5,104.1,83.0,223.0,1.156010079345703,True,CALL,2026-03-20,SNDK
SNDK260320C00530000,530.0,98.47,98.1,100.2,281.0,268.0,1.1662639343261718,True,CALL,2026-03-20,SNDK
SNDK260320C00540000,540.0,93.81,93.5,95.7,243.0,120.0,1.16269339553833,True,CALL,2026-03-20,SNDK
SNDK260320C00550000,550.0,89.36,89.4,91.2,95.0,463.0,1.1602520014953615,False,CALL,2026-03-20,SNDK
SNDK260320C00560000,560.0,85.67,85.1,87.2,83.0,62.0,1.1576885377502444,False,CALL,2026-03-20,SNDK
SNDK260320C00570000,570.0,81.7,80.6,84.2,30.0,119.0,1.1581462991333007,False,CALL,2026-03-20,SNDK
SNDK260320C00580000,580.0,78.15,76.5,80.1,126.0,32.0,1.152409023132324,False,CALL,2026-03-20,SNDK
SNDK260320C00590000,590.0,68.37,74.0,75.4,8.0,232.0,1.151005221557617,False,CALL,2026-03-20,SNDK
SNDK260320C00600000,600.0,71.27,70.8,73.1,262.0,846.0,1.1583294036865235,False,CALL,2026-03-20,SNDK
SNDK260320C00610000,610.0,67.83,66.6,69.1,13.0,101.0,1.1472515782165524,False,CALL,2026-03-20,SNDK
SNDK260320C00620000,620.0,64.04,63.2,67.2,38.0,61.0,1.1524395405578614,False,CALL,2026-03-20,SNDK
SNDK260320C00630000,630.0,62.59,60.3,63.8,21.0,49.0,1.149784524536133,False,CALL,2026-03-20,SNDK
SNDK260320C00640000,640.0,58.0,57.5,60.4,31.0,185.0,1.146183468322754,False,CALL,2026-03-20,SNDK
SNDK260320C00650000,650.0,56.41,54.6,57.8,134.0,457.0,1.145390015258789,False,CALL,2026-03-20,SNDK
SNDK260320C00660000,660.0,53.5,53.2,55.7,105.0,148.0,1.1558269747924803,False,CALL,2026-03-20,SNDK
SNDK260320C00670000,670.0,51.43,50.4,52.9,57.0,599.0,1.1515240177917478,False,CALL,2026-03-20,SNDK
SNDK260320C00680000,680.0,49.09,48.0,50.7,56.0,179.0,1.1522259185791015,False,CALL,2026-03-20,SNDK
SNDK260320C00690000,690.0,47.0,45.6,48.3,4.0,16.0,1.1502728033447265,False,CALL,2026-03-20,SNDK
SNDK260320C00700000,700.0,44.31,43.6,46.3,144.0,194.0,1.1522564360046386,False,CALL,2026-03-20,SNDK
SNDK260320P00390000,390.0,25.1,23.4,25.4,9.0,308.0,1.1430096560668948,False,PUT,2026-03-20,SNDK
SNDK260320P00400000,400.0,26.9,26.1,28.8,95.0,1279.0,1.1443829402160643,False,PUT,2026-03-20,SNDK
SNDK260320P00410000,410.0,30.1,28.9,30.4,10.0,310.0,1.1264997288513185,False,PUT,2026-03-20,SNDK
SNDK260320P00420000,420.0,32.84,31.9,33.6,131.0,184.0,1.1222578067016604,False,PUT,2026-03-20,SNDK
SNDK260320P00430000,430.0,37.2,35.0,37.2,7.0,87.0,1.1190839944458006,False,PUT,2026-03-20,SNDK
SNDK260320P00440000,440.0,40.2,38.5,40.3,127.0,671.0,1.1120344691467288,False,PUT,2026-03-20,SNDK
SNDK260320P00450000,450.0,43.15,42.6,44.5,43.0,111.0,1.1153608685302734,False,PUT,2026-03-20,SNDK
SNDK260320P00460000,460.0,48.1,45.9,48.4,16.0,58.0,1.1072127159118652,False,PUT,2026-03-20,SNDK
SNDK260320P00470000,470.0,51.25,50.1,52.4,50.0,125.0,1.103825281677246,False,PUT,2026-03-20,SNDK
SNDK260320P00480000,480.0,55.7,54.8,56.4,143.0,150.0,1.1012618179321292,False,PUT,2026-03-20,SNDK
SNDK260320P00490000,490.0,61.03,58.9,60.7,8.0,37.0,1.094029188079834,False,PUT,2026-03-20,SNDK
SNDK260320P00500000,500.0,65.01,63.7,65.2,93.0,215.0,1.0904891667175294,False,PUT,2026-03-20,SNDK
SNDK260320P00510000,510.0,75.0,68.5,71.7,3.0,21.0,1.0976607617187502,False,PUT,2026-03-20,SNDK
SNDK260320P00520000,520.0,74.8,73.8,76.1,20.0,192.0,1.091770898590088,False,PUT,2026-03-20,SNDK
SNDK260320P00530000,530.0,80.1,79.3,81.4,61.0,39.0,1.0906722712707522,False,PUT,2026-03-20,SNDK
SNDK260320P00540000,540.0,85.55,84.7,86.8,14.0,17.0,1.08731535446167,False,PUT,2026-03-20,SNDK
SNDK260320P00550000,550.0,91.3,90.7,93.2,33.0,2.0,1.091801416015625,True,PUT,2026-03-20,SNDK
SNDK260320P00560000,560.0,102.72,96.0,98.8,2.0,3.0,1.0847213732910155,True,PUT,2026-03-20,SNDK
SNDK260320P00580000,580.0,110.2,107.9,111.5,11.0,5.0,1.0818832527160644,True,PUT,2026-03-20,SNDK
SNDK260320P00590000,590.0,126.5,114.1,117.8,11.0,32.0,1.0787246991729735,True,PUT,2026-03-20,SNDK
SNDK260320P00600000,600.0,124.96,121.6,125.1,7.0,5.0,1.0878799268341064,True,PUT,2026-03-20,SNDK
SNDK260320P00610000,610.0,166.0,128.1,131.2,3.0,3.0,1.0816085958862303,True,PUT,2026-03-20,SNDK
SNDK260320P00620000,620.0,162.0,135.0,138.2,,5.0,1.0815780784606932,True,PUT,2026-03-20,SNDK
SNDK260320P00630000,630.0,150.63,142.4,145.4,4.0,7.0,1.0842025770568846,True,PUT,2026-03-20,SNDK
SNDK260320P00640000,640.0,154.75,149.4,152.2,1.0,9.0,1.080159018173218,True,PUT,2026-03-20,SNDK
SNDK260320P00650000,650.0,166.9,155.8,158.8,2.0,3.0,1.0693100733947756,True,PUT,2026-03-20,SNDK
SNDK260320P00680000,680.0,229.0,179.4,182.1,201.0,126.0,1.0778244351196293,True,PUT,2026-03-20,SNDK
SNDK260320P00700000,700.0,246.29,194.0,198.0,1.0,0.0,1.0711563776397708,True,PUT,2026-03-20,SNDK
SNDK260417C00390000,390.0,168.6,192.4,195.5,5.0,17.0,1.1723063845825195,True,CALL,2026-04-17,SNDK
SNDK260417C00400000,400.0,186.97,185.9,190.2,9.0,157.0,1.1767619287109374,True,CALL,2026-04-17,SNDK
SNDK260417C00410000,410.0,178.61,179.0,182.6,10.0,121.0,1.1602825189208985,True,CALL,2026-04-17,SNDK
SNDK260417C00420000,420.0,158.65,173.0,176.3,3.0,65.0,1.1570171543884278,True,CALL,2026-04-17,SNDK
SNDK260417C00430000,430.0,158.0,166.2,169.9,1.0,20.0,1.1460308811950684,True,CALL,2026-04-17,SNDK
SNDK260417C00440000,440.0,111.76,160.9,164.3,3.0,19.0,1.1478008918762206,True,CALL,2026-04-17,SNDK
SNDK260417C00450000,450.0,154.25,154.5,157.8,7.0,52.0,1.1354108171081543,True,CALL,2026-04-17,SNDK
SNDK260417C00460000,460.0,150.0,149.5,153.8,4.0,15.0,1.144566044769287,True,CALL,2026-04-17,SNDK
SNDK260417C00470000,470.0,144.6,143.6,146.8,8.0,149.0,1.1290631925964356,True,CALL,2026-04-17,SNDK
SNDK260417C00480000,480.0,136.61,138.5,141.5,10.0,81.0,1.1264386940002444,True,CALL,2026-04-17,SNDK
SNDK260417C00490000,490.0,133.0,132.2,135.8,2.0,31.0,1.1133772358703613,True,CALL,2026-04-17,SNDK
SNDK260417C00500000,500.0,129.6,128.5,131.3,91.0,100.0,1.1196333081054686,True,CALL,2026-04-17,SNDK
SNDK260417C00510000,510.0,125.5,124.1,127.5,12.0,46.0,1.1240888522338865,True,CALL,2026-04-17,SNDK
SNDK260417C00520000,520.0,120.6,119.6,122.9,20.0,38.0,1.1221052195739747,True,CALL,2026-04-17,SNDK
SNDK260417C00530000,530.0,116.14,116.4,118.2,27.0,60.0,1.1249128227233887,True,CALL,2026-04-17,SNDK
SNDK260417C00540000,540.0,111.0,112.1,114.4,42.0,16.0,1.1251874795532228,True,CALL,2026-04-17,SNDK
SNDK260417C00550000,550.0,108.16,107.5,110.4,22.0,53.0,1.121510129776001,False,CALL,2026-04-17,SNDK
SNDK260417C00560000,560.0,103.59,102.5,105.8,20.0,66.0,1.1114698967742922,False,CALL,2026-04-17,SNDK
SNDK260417C00570000,570.0,93.99,98.8,102.3,32.0,33.0,1.1123396434020996,False,CALL,2026-04-17,SNDK
SNDK260417C00580000,580.0,96.81,95.0,98.4,10.0,15.0,1.1094099705505371,False,CALL,2026-04-17,SNDK
SNDK260417C00590000,590.0,93.3,91.8,95.0,15.0,38.0,1.1107679959869385,False,CALL,2026-04-17,SNDK
SNDK260417C00600000,600.0,89.75,88.5,91.5,42.0,497.0,1.1099287667846678,False,CALL,2026-04-17,SNDK
SNDK260417C00610000,610.0,85.5,85.0,88.7,2.0,2.0,1.1104170455932616,False,CALL,2026-04-17,SNDK
SNDK260417C00620000,620.0,83.0,81.6,84.8,19.0,5.0,1.1048170980072023,False,CALL,2026-04-17,SNDK
SNDK260417C00630000,630.0,81.12,79.4,82.2,10.0,66.0,1.1105543740081787,False,CALL,2026-04-17,SNDK
SNDK260417C00640000,640.0,70.0,76.0,79.5,1.0,218.0,1.1087843633270267,False,CALL,2026-04-17,SNDK
SNDK260417C00650000,650.0,74.75,75.0,76.9,5.0,18.0,1.1184431285095215,False,CALL,2026-04-17,SNDK
SNDK260417C00660000,660.0,66.0,70.9,74.4,1.0,6.0,1.112187056274414,False,CALL,2026-04-17,SNDK
SNDK260417C00670000,670.0,69.6,68.2,71.2,11.0,3.0,1.1084334129333497,False,CALL,2026-04-17,SNDK
SNDK260417C00680000,680.0,57.22,65.5,68.7,22.0,38.0,1.1072432333374023,False,CALL,2026-04-17,SNDK
SNDK260417C00690000,690.0,51.55,63.5,66.5,5.0,28.0,1.110203423614502,False,CALL,2026-04-17,SNDK
SNDK260417C00700000,700.0,62.03,61.0,65.1,21.0,15.0,1.1138349972534178,False,CALL,2026-04-17,SNDK
SNDK260417P00390000,390.0,38.0,33.5,36.7,2.0,16.0,1.0842941293334958,False,PUT,2026-04-17,SNDK
SNDK260417P00400000,400.0,39.29,37.2,40.0,31.0,150.0,1.0839279202270506,False,PUT,2026-04-17,SNDK
SNDK260417P00410000,410.0,42.67,40.6,43.7,4.0,40.0,1.0817001481628417,False,PUT,2026-04-17,SNDK
SNDK260417P00420000,420.0,50.28,44.2,46.8,10.0,23.0,1.0745590705871586,False,PUT,2026-04-17,SNDK
SNDK260417P00430000,430.0,50.04,48.1,51.4,4.0,37.0,1.0770920169067386,False,PUT,2026-04-17,SNDK
SNDK260417P00440000,440.0,56.5,52.1,55.1,4.0,34.0,1.0722550049591066,False,PUT,2026-04-17,SNDK
SNDK260417P00450000,450.0,65.6,56.3,59.5,9.0,23.0,1.0709580143737796,False,PUT,2026-04-17,SNDK
SNDK260417P00460000,460.0,66.95,61.0,63.8,15.0,23.0,1.0700272328948977,False,PUT,2026-04-17,SNDK
SNDK260417P00470000,470.0,67.0,64.8,68.2,1.0,33.0,1.0625504636383059,False,PUT,2026-04-17,SNDK
SNDK260417P00480000,480.0,71.21,70.0,72.4,8.0,138.0,1.060215880584717,False,PUT,2026-04-17,SNDK
SNDK260417P00490000,490.0,76.4,75.0,77.8,19.0,18.0,1.0616349408721923,False,PUT,2026-04-17,SNDK
SNDK260417P00500000,500.0,81.28,80.3,82.0,100.0,165.0,1.0563401675415043,False,PUT,2026-04-17,SNDK
SNDK260417P00510000,510.0,86.77,84.9,87.9,2.0,10.0,1.0548448136901856,False,PUT,2026-04-17,SNDK
SNDK260417P00520000,520.0,94.95,90.0,93.3,11.0,8.0,1.051716777572632,False,PUT,2026-04-17,SNDK
SNDK260417P00540000,540.0,107.77,101.4,103.9,2.0,0.0,1.0460863125610356,False,PUT,2026-04-17,SNDK
SNDK260417P00550000,550.0,109.09,107.4,110.5,35.0,2.0,1.0492296073913576,True,PUT,2026-04-17,SNDK
SNDK260417P00600000,600.0,147.19,138.6,141.1,6.0,9.0,1.03790764251709,True,PUT,2026-04-17,SNDK
SNDK260618C00390000,390.0,179.98,215.1,218.8,1.0,134.0,1.121784786605835,True,CALL,2026-06-18,SNDK
SNDK260618C00400000,400.0,209.5,209.5,213.1,13.0,287.0,1.1195417558288572,True,CALL,2026-06-18,SNDK
SNDK260618C00410000,410.0,191.76,203.6,207.2,3.0,207.0,1.1135450817108152,True,CALL,2026-06-18,SNDK
SNDK260618C00420000,420.0,197.05,198.5,202.7,1.0,530.0,1.1170698443603515,True,CALL,2026-06-18,SNDK
SNDK260618C00430000,430.0,172.51,193.5,197.3,2.0,88.0,1.115406644668579,True,CALL,2026-06-18,SNDK
SNDK260618C00440000,440.0,173.5,187.5,190.9,127.0,222.0,1.1034132964324952,True,CALL,2026-06-18,SNDK
SNDK260618C00450000,450.0,184.1,182.5,186.3,9.0,85.0,1.1033064854431156,True,CALL,2026-06-18,SNDK
SNDK260618C00460000,460.0,178.3,178.0,181.3,101.0,64.0,1.1025130323791508,True,CALL,2026-06-18,SNDK
SNDK260618C00470000,470.0,160.2,173.0,177.2,11.0,80.0,1.1024062213897707,True,CALL,2026-06-18,SNDK
SNDK260618C00480000,480.0,169.4,168.0,171.4,18.0,81.0,1.093998670654297,True,CALL,2026-06-18,SNDK
SNDK260618C00490000,490.0,143.1,163.0,167.0,8.0,200.0,1.0907333061218263,True,CALL,2026-06-18,SNDK
SNDK260618C00500000,500.0,160.52,159.6,163.2,20.0,478.0,1.0956618703460694,True,CALL,2026-06-18,SNDK
SNDK260618C00510000,510.0,132.67,154.6,158.0,2.0,118.0,1.0873000957489016,True,CALL,2026-06-18,SNDK
SNDK260618C00520000,520.0,152.37,151.1,154.5,20.0,420.0,1.0911147739410403,True,CALL,2026-06-18,SNDK
SNDK260618C00530000,530.0,147.87,146.5,149.3,25.0,12.0,1.0828445516204834,True,CALL,2026-06-18,SNDK
SNDK260618C00540000,540.0,144.19,142.5,146.2,113.0,74.0,1.0845382687377927,True,CALL,2026-06-18,SNDK
SNDK260618C00550000,550.0,141.0,139.5,142.6,73.0,117.0,1.0873458718872073,False,CALL,2026-06-18,SNDK
SNDK260618C00560000,560.0,135.6,137.0,139.0,3.0,16.0,1.0912521023559574,False,CALL,2026-06-18,SNDK
SNDK260618C00570000,570.0,119.9,132.9,134.8,2.0,7.0,1.0858962941741943,False,CALL,2026-06-18,SNDK
SNDK260618C00580000,580.0,128.2,129.1,131.2,11.0,127.0,1.0833175717163086,False,CALL,2026-06-18,SNDK
SNDK260618C00590000,590.0,124.8,126.1,128.6,11.0,119.0,1.0869033692169192,False,CALL,2026-06-18,SNDK
SNDK260618C00600000,600.0,122.14,121.6,124.5,17.0,187.0,1.078434783630371,False,CALL,2026-06-18,SNDK
SNDK260618C00610000,610.0,108.69,119.5,121.7,1.0,6.0,1.0833023130035402,False,CALL,2026-06-18,SNDK
SNDK260618C00620000,620.0,116.3,115.6,118.9,493.0,424.0,1.0807541079711918,False,CALL,2026-06-18,SNDK
SNDK260618C00630000,630.0,111.55,112.0,115.6,7.0,23.0,1.0768478775024417,False,CALL,2026-06-18,SNDK
SNDK260618C00640000,640.0,108.75,110.4,112.6,17.0,80.0,1.0809219538116457,False,CALL,2026-06-18,SNDK
SNDK260618C00650000,650.0,108.6,107.0,109.9,15.0,239.0,1.0788315101623536,False,CALL,2026-06-18,SNDK
SNDK260618C00660000,660.0,100.5,104.6,107.1,20.0,4.0,1.0795181522369386,False,CALL,2026-06-18,SNDK
SNDK260618C00670000,670.0,86.35,102.0,105.1,4.0,400.0,1.0818679940032958,False,CALL,2026-06-18,SNDK
SNDK260618C00680000,680.0,100.0,98.6,101.9,15.0,144.0,1.0762680464172365,False,CALL,2026-06-18,SNDK
SNDK260618C00690000,690.0,81.76,96.5,100.5,1.0,5.0,1.0816696307373046,False,CALL,2026-06-18,SNDK
SNDK260618C00700000,700.0,95.65,93.6,96.3,29.0,24.0,1.0731857864379886,False,CALL,2026-06-18,SNDK
SNDK260618P00390000,390.0,56.95,54.8,57.9,1.0,35.0,1.0412187831878663,False,PUT,2026-06-18,SNDK
SNDK260618P00400000,400.0,60.12,59.1,61.5,14.0,129.0,1.0373125527191163,False,PUT,2026-06-18,SNDK
SNDK260618P00410000,410.0,64.7,63.2,66.3,5.0,30.0,1.0370684133148196,False,PUT,2026-06-18,SNDK
SNDK260618P00420000,420.0,71.1,66.6,70.3,1.0,220.0,1.0281725837707523,False,PUT,2026-06-18,SNDK
SNDK260618P00430000,430.0,75.6,72.0,75.0,3.0,10.0,1.0310412217712404,False,PUT,2026-06-18,SNDK
SNDK260618P00440000,440.0,85.03,76.6,79.6,1.0,507.0,1.0282946534729007,False,PUT,2026-06-18,SNDK
SNDK260618P00450000,450.0,87.5,80.4,83.9,2.0,85.0,1.0194903762054444,False,PUT,2026-06-18,SNDK
SNDK260618P00460000,460.0,90.02,85.7,89.2,61.0,58.0,1.0207873667907716,False,PUT,2026-06-18,SNDK
SNDK260618P00470000,470.0,96.08,91.1,93.7,7.0,26.0,1.0178576939392088,False,PUT,2026-06-18,SNDK
SNDK260618P00480000,480.0,98.4,96.5,99.6,58.0,82.0,1.019810809173584,False,PUT,2026-06-18,SNDK
SNDK260618P00490000,490.0,105.6,101.8,103.7,6.0,21.0,1.012715507736206,False,PUT,2026-06-18,SNDK
SNDK260618P00500000,500.0,109.33,107.2,109.0,25.0,346.0,1.0101215265655514,False,PUT,2026-06-18,SNDK
SNDK260618P00510000,510.0,117.24,112.9,115.4,5.0,6.0,1.0122577463531495,False,PUT,2026-06-18,SNDK
SNDK260618P00520000,520.0,121.4,118.7,121.6,10.0,67.0,1.012959647140503,False,PUT,2026-06-18,SNDK
SNDK260618P00530000,530.0,128.2,124.3,126.8,5.0,5.0,1.0079700480651854,False,PUT,2026-06-18,SNDK
SNDK260618P00540000,540.0,131.9,129.1,133.3,20.0,1.0,1.0041401111602783,False,PUT,2026-06-18,SNDK
SNDK260618P00550000,550.0,139.4,136.2,139.5,1.0,23.0,1.0072528885650633,True,PUT,2026-06-18,SNDK
SNDK260618P00590000,590.0,167.8,160.7,164.9,2.0,4.0,0.9987793090820312,True,PUT,2026-06-18,SNDK
SNDK260618P00600000,600.0,181.0,168.4,171.6,4.0,29.0,1.0020496675109865,True,PUT,2026-06-18,SNDK
SNDK260618P00610000,610.0,200.2,175.0,178.5,,3.0,1.001210438308716,True,PUT,2026-06-18,SNDK
SNDK260618P00630000,630.0,243.97,189.0,192.3,1.0,1.0,1.0004780200958252,True,PUT,2026-06-18,SNDK
SNDK260618P00650000,650.0,210.8,202.9,206.2,2.0,12.0,0.9971313763427734,True,PUT,2026-06-18,SNDK
SNDK260618P00670000,670.0,254.9,216.6,220.7,,2.0,0.9928284408569336,True,PUT,2026-06-18,SNDK
SNDK260618P00680000,680.0,256.25,224.0,228.1,,3.0,0.9924011990356446,True,PUT,2026-06-18,SNDK
SNDK260717C00390000,390.0,168.0,223.5,226.8,2.0,12.0,1.0992018917083743,True,CALL,2026-07-17,SNDK
SNDK260717C00400000,400.0,220.9,218.5,222.0,15.0,15.0,1.101917942581177,True,CALL,2026-07-17,SNDK
SNDK260717C00410000,410.0,181.21,213.0,216.6,2.0,19.0,1.0983779212188725,True,CALL,2026-07-17,SNDK
SNDK260717C00420000,420.0,184.88,207.5,211.2,11.0,12.0,1.09386134223938,True,CALL,2026-07-17,SNDK
SNDK260717C00430000,430.0,188.4,202.5,206.3,3.0,9.0,1.0927474562072754,True,CALL,2026-07-17,SNDK
SNDK260717C00440000,440.0,158.7,197.0,201.4,1.0,4.0,1.0885360514831541,True,CALL,2026-07-17,SNDK
SNDK260717C00450000,450.0,168.59,192.5,196.1,12.0,57.0,1.085972587738037,True,CALL,2026-07-17,SNDK
SNDK260717C00460000,460.0,165.0,187.5,191.3,1.0,14.0,1.0825241186523438,True,CALL,2026-07-17,SNDK
SNDK260717C00470000,470.0,162.1,183.0,187.0,20.0,21.0,1.0822494618225098,True,CALL,2026-07-17,SNDK
SNDK260717C00480000,480.0,174.4,179.0,182.3,1.0,15.0,1.0815017848968504,True,CALL,2026-07-17,SNDK
SNDK260717C00490000,490.0,175.15,173.5,177.1,1.0,7.0,1.0722244875335696,True,CALL,2026-07-17,SNDK
SNDK260717C00500000,500.0,150.61,170.5,174.3,22.0,45.0,1.0809677299499512,True,CALL,2026-07-17,SNDK
SNDK260717C00510000,510.0,157.8,166.5,169.5,2.0,16.0,1.0774734847259524,True,CALL,2026-07-17,SNDK
SNDK260717C00520000,520.0,148.3,162.5,165.7,5.0,12.0,1.0770004646301272,True,CALL,2026-07-17,SNDK
SNDK260717C00530000,530.0,159.67,158.5,161.5,3.0,17.0,1.0743454486083988,True,CALL,2026-07-17,SNDK
SNDK260717C00540000,540.0,155.55,154.5,157.7,5.0,146.0,1.072483885650635,True,CALL,2026-07-17,SNDK
SNDK260717C00550000,550.0,151.6,150.0,153.2,48.0,28.0,1.0656784997558595,False,CALL,2026-07-17,SNDK
SNDK260717C00560000,560.0,136.2,147.0,150.8,15.0,4.0,1.0711563776397708,False,CALL,2026-07-17,SNDK
SNDK260717C00570000,570.0,95.0,144.0,147.2,3.0,5.0,1.0716599151611332,False,CALL,2026-07-17,SNDK
SNDK260717C00580000,580.0,137.7,139.5,142.7,24.0,31.0,1.063130294723511,False,CALL,2026-07-17,SNDK
SNDK260717C00590000,590.0,118.64,137.0,140.9,9.0,15.0,1.070500252990723,False,CALL,2026-07-17,SNDK
SNDK260717C00600000,600.0,135.5,134.0,138.2,2.0,14.0,1.0723694453048709,False,CALL,2026-07-17,SNDK
SNDK260717C00610000,610.0,115.05,130.5,134.4,1.0,3.0,1.068135152511597,False,CALL,2026-07-17,SNDK
SNDK260717C00620000,620.0,98.3,127.5,131.0,,17.0,1.066487211532593,False,CALL,2026-07-17,SNDK
SNDK260717C00630000,630.0,105.0,125.0,128.3,1.0,9.0,1.0684555854797366,False,CALL,2026-07-17,SNDK
SNDK260717C00650000,650.0,120.67,119.5,122.8,5.0,17.0,1.068798906517029,False,CALL,2026-07-17,SNDK
SNDK260717C00670000,670.0,76.75,113.5,116.7,1.0,1.0,1.0635117625427248,False,CALL,2026-07-17,SNDK
SNDK260717C00680000,680.0,97.6,111.0,115.1,2.0,38.0,1.066815273857117,False,CALL,2026-07-17,SNDK
SNDK260717C00690000,690.0,94.96,109.0,112.1,2.0,3.0,1.06662453994751,False,CALL,2026-07-17,SNDK
SNDK260717C00700000,700.0,71.01,106.0,109.4,2.0,6.0,1.063649090957642,False,CALL,2026-07-17,SNDK
SNDK260717P00390000,390.0,64.45,62.5,64.6,50.0,2.0,1.016942171173096,False,PUT,2026-07-17,SNDK
SNDK260717P00400000,400.0,67.1,66.8,69.5,1.0,31.0,1.0173388977050783,False,PUT,2026-07-17,SNDK
SNDK260717P00410000,410.0,73.8,71.0,74.0,9.0,10.0,1.0141956028747556,False,PUT,2026-07-17,SNDK
SNDK260717P00420000,420.0,112.77,74.5,78.0,,0.0,1.004735200958252,False,PUT,2026-07-17,SNDK
SNDK260717P00430000,430.0,92.77,79.5,83.1,14.0,13.0,1.0056507237243653,False,PUT,2026-07-17,SNDK
SNDK260717P00440000,440.0,93.34,84.0,87.5,4.0,646.0,1.0003712091064452,False,PUT,2026-07-17,SNDK
SNDK260717P00450000,450.0,102.51,89.0,93.0,5.0,15.0,1.0007984530639646,False,PUT,2026-07-17,SNDK
SNDK260717P00460000,460.0,98.93,94.7,98.1,5.0,6.0,1.0013630254364014,False,PUT,2026-07-17,SNDK
SNDK260717P00470000,470.0,103.98,100.5,103.4,1.0,3.0,1.0020801849365235,False,PUT,2026-07-17,SNDK
SNDK260717P00480000,480.0,109.8,105.5,108.9,47.0,41.0,0.9995117236328125,False,PUT,2026-07-17,SNDK
SNDK260717P00490000,490.0,112.73,111.2,114.3,2.0,8.0,0.9983978431701661,False,PUT,2026-07-17,SNDK
SNDK260717P00500000,500.0,123.7,116.7,119.4,5.0,12.0,0.99453740814209,False,PUT,2026-07-17,SNDK
SNDK260918C00390000,390.0,137.71,242.0,246.6,,1.0,1.0930373717498778,True,CALL,2026-09-18,SNDK
SNDK260918C00400000,400.0,203.13,236.6,240.8,5.0,60.0,1.0860488813018798,True,CALL,2026-09-18,SNDK
SNDK260918C00410000,410.0,215.6,232.0,236.3,22.0,26.0,1.086567677536011,True,CALL,2026-09-18,SNDK
SNDK260918C00420000,420.0,213.29,227.1,231.6,6.0,19.0,1.0843322761154173,True,CALL,2026-09-18,SNDK
SNDK260918C00430000,430.0,149.41,222.5,226.5,2.0,2.0,1.0810135060882569,True,CALL,2026-09-18,SNDK
SNDK260918C00440000,440.0,167.76,217.5,221.9,2.0,4.0,1.077412449874878,True,CALL,2026-09-18,SNDK
SNDK260918C00450000,450.0,190.22,213.0,216.8,5.0,14.0,1.0732163038635256,True,CALL,2026-09-18,SNDK
SNDK260918C00460000,460.0,150.3,209.0,213.1,3.0,3.0,1.0750931255340577,True,CALL,2026-09-18,SNDK
SNDK260918C00470000,470.0,151.9,204.5,208.7,2.0,12.0,1.0721024178314211,True,CALL,2026-09-18,SNDK
SNDK260918C00480000,480.0,149.0,200.2,204.0,3.0,19.0,1.068196187362671,True,CALL,2026-09-18,SNDK
SNDK260918C00490000,490.0,196.65,196.5,200.3,1.0,60.0,1.0691574862670898,True,CALL,2026-09-18,SNDK
SNDK260918C00500000,500.0,186.92,192.6,197.0,1.0,76.0,1.0701340438842775,True,CALL,2026-09-18,SNDK
SNDK260918C00510000,510.0,175.0,188.6,193.0,2.0,13.0,1.0679062718200687,True,CALL,2026-09-18,SNDK
SNDK260918C00520000,520.0,174.9,184.8,188.4,1.0,10.0,1.0638627129364018,True,CALL,2026-09-18,SNDK
SNDK260918C00530000,530.0,182.93,181.1,185.2,2.0,13.0,1.0641831459045414,True,CALL,2026-09-18,SNDK
SNDK260918C00550000,550.0,173.8,173.8,177.3,18.0,58.0,1.0588654845046999,False,CALL,2026-09-18,SNDK
SNDK260918C00560000,560.0,135.0,170.7,173.9,,23.0,1.0589722954940797,False,CALL,2026-09-18,SNDK
SNDK260918C00570000,570.0,133.06,167.4,171.3,,4.0,1.0604600199890137,False,CALL,2026-09-18,SNDK
SNDK260918C00590000,590.0,132.35,160.5,164.7,,2.0,1.056866593132019,False,CALL,2026-09-18,SNDK
SNDK260918C00600000,600.0,156.81,157.9,161.4,79.0,153.0,1.0570420683288573,False,CALL,2026-09-18,SNDK
SNDK260918C00610000,610.0,136.5,154.6,158.9,110.0,111.0,1.0570954738235474,False,CALL,2026-09-18,SNDK
SNDK260918C00620000,620.0,140.51,151.5,155.5,1.0,10.0,1.054661709136963,False,CALL,2026-09-18,SNDK
SNDK260918C00630000,630.0,105.2,149.0,152.8,1.0,3.0,1.0557450777435304,False,CALL,2026-09-18,SNDK
SNDK260918C00640000,640.0,128.85,146.2,150.4,1.0,30.0,1.0564393491744997,False,CALL,2026-09-18,SNDK
SNDK260918C00650000,650.0,128.0,143.5,147.8,2.0,44.0,1.056477495956421,False,CALL,2026-09-18,SNDK
SNDK260918C00680000,680.0,118.92,135.6,139.9,1.0,4.0,1.0548295549774171,False,CALL,2026-09-18,SNDK
SNDK260918C00690000,690.0,103.15,132.2,136.4,,1.0,1.0488633982849123,False,CALL,2026-09-18,SNDK
SNDK260918C00700000,700.0,103.0,130.5,134.7,10.0,18.0,1.0528001461791994,False,CALL,2026-09-18,SNDK
SNDK260918P00390000,390.0,101.0,77.0,81.1,1.0,1.0,0.9937592176818848,False,PUT,2026-09-18,SNDK
SNDK260918P00400000,400.0,85.3,82.1,85.7,8.0,32.0,0.9927063717651368,False,PUT,2026-09-18,SNDK
SNDK260918P00410000,410.0,87.45,87.0,90.4,1.0,12.0,0.9903565417480469,False,PUT,2026-09-18,SNDK
SNDK260918P00420000,420.0,101.5,91.9,95.6,2.0,7.0,0.989059557647705,False,PUT,2026-09-18,SNDK
SNDK260918P00440000,440.0,118.5,102.0,105.9,3.0,5.0,0.98477188079834,False,PUT,2026-09-18,SNDK
SNDK260918P00450000,450.0,108.77,107.4,110.7,1.0,3.0,0.9815370498657227,False,PUT,2026-09-18,SNDK
SNDK260918P00460000,460.0,113.95,112.9,116.5,1.0,1.0,0.9814607566833495,False,PUT,2026-09-18,SNDK
SNDK260918P00470000,470.0,134.38,118.7,122.4,,7.0,0.9819948089599608,False,PUT,2026-09-18,SNDK
SNDK260918P00480000,480.0,128.34,123.9,128.0,1.0,2.0,0.9787904953002932,False,PUT,2026-09-18,SNDK
SNDK260918P00490000,490.0,135.1,129.7,133.5,13.0,37.0,0.9766390275573731,False,PUT,2026-09-18,SNDK
SNDK260918P00500000,500.0,138.0,135.6,139.4,15.0,7.0,0.9755327764129639,False,PUT,2026-09-18,SNDK
SNDK260918P00620000,620.0,217.09,212.0,216.8,2.0,2.0,0.9585422846984861,True,PUT,2026-09-18,SNDK
SNDK261218C00390000,390.0,218.0,262.0,266.0,1.0,102.0,1.0622452893829348,True,CALL,2026-12-18,SNDK
SNDK261218C00400000,400.0,241.6,257.0,262.0,3.0,109.0,1.0607346768188477,True,CALL,2026-12-18,SNDK
SNDK261218C00410000,410.0,242.5,253.0,257.5,20.0,22.0,1.0602769154357914,True,CALL,2026-12-18,SNDK
SNDK261218C00420000,420.0,226.1,249.0,253.0,2.0,226.0,1.059224064254761,True,CALL,2026-12-18,SNDK
SNDK261218C00430000,430.0,210.2,245.0,249.0,2.0,2.0,1.0592164348983766,True,CALL,2026-12-18,SNDK
SNDK261218C00440000,440.0,215.0,240.0,243.5,1.0,27.0,1.0507707373809816,True,CALL,2026-12-18,SNDK
SNDK261218C00450000,450.0,215.0,236.0,241.0,6.0,9.0,1.0544480871582032,True,CALL,2026-12-18,SNDK
SNDK261218C00460000,460.0,198.1,232.5,237.0,2.0,19.0,1.054440457801819,True,CALL,2026-12-18,SNDK
SNDK261218C00470000,470.0,205.0,228.5,232.0,4.0,9.0,1.0494279706573488,True,CALL,2026-12-18,SNDK
SNDK261218C00480000,480.0,201.39,224.5,229.0,1.0,16.0,1.0500001723861694,True,CALL,2026-12-18,SNDK
SNDK261218C00490000,490.0,209.46,220.5,224.1,1.0,32.0,1.044537553215027,True,CALL,2026-12-18,SNDK
SNDK261218C00500000,500.0,202.65,218.0,222.0,5.0,61.0,1.0512132400512697,True,CALL,2026-12-18,SNDK
SNDK261218C00510000,510.0,191.95,212.5,217.0,1.0,18.0,1.040425330123902,True,CALL,2026-12-18,SNDK
SNDK261218C00520000,520.0,194.5,210.0,215.0,14.0,112.0,1.0464372629547123,True,CALL,2026-12-18,SNDK
SNDK261218C00530000,530.0,206.1,207.0,211.5,44.0,57.0,1.0463304519653325,True,CALL,2026-12-18,SNDK
SNDK261218C00540000,540.0,203.0,203.6,206.7,3.0,59.0,1.0411348602676396,True,CALL,2026-12-18,SNDK
SNDK261218C00550000,550.0,201.59,200.0,204.0,4.0,44.0,1.0408907208633427,False,CALL,2026-12-18,SNDK
SNDK261218C00560000,560.0,182.0,197.1,201.5,1.0,4.0,1.0427446544647219,False,CALL,2026-12-18,SNDK
SNDK261218C00570000,570.0,194.19,194.0,198.5,1.0,63.0,1.042332669219971,False,CALL,2026-12-18,SNDK
SNDK261218C00580000,580.0,191.31,191.0,195.0,2.0,74.0,1.0405321411132817,False,CALL,2026-12-18,SNDK
SNDK261218C00590000,590.0,165.95,188.0,192.0,26.0,79.0,1.0397615761184698,False,CALL,2026-12-18,SNDK
SNDK261218C00600000,600.0,186.55,184.6,188.5,6.0,70.0,1.0363207363891607,False,CALL,2026-12-18,SNDK
SNDK261218C00610000,610.0,135.63,182.0,186.5,2.0,3.0,1.0386553194427492,False,CALL,2026-12-18,SNDK
SNDK261218C00620000,620.0,172.64,179.0,183.0,2.0,71.0,1.0357256465911868,False,CALL,2026-12-18,SNDK
SNDK261218C00630000,630.0,134.87,175.5,179.0,2.0,119.0,1.029957853164673,False,CALL,2026-12-18,SNDK
SNDK261218C00640000,640.0,171.9,173.6,178.0,17.0,109.0,1.0358248282241824,False,CALL,2026-12-18,SNDK
SNDK261218C00650000,650.0,153.08,171.0,175.0,5.0,37.0,1.0344515440750124,False,CALL,2026-12-18,SNDK
SNDK261218C00660000,660.0,169.84,167.5,172.5,2.0,9.0,1.0318117867660526,False,CALL,2026-12-18,SNDK
SNDK261218C00670000,670.0,121.51,165.5,169.5,2.0,2.0,1.0314837244415287,False,CALL,2026-12-18,SNDK
SNDK261218C00680000,680.0,148.2,162.5,166.1,5.0,42.0,1.0273791307067872,False,CALL,2026-12-18,SNDK
SNDK261218C00690000,690.0,117.03,160.5,163.6,2.0,2.0,1.0278521508026124,False,CALL,2026-12-18,SNDK
SNDK261218C00700000,700.0,152.37,157.5,162.5,2.0,13.0,1.0291033652496342,False,CALL,2026-12-18,SNDK
SNDK261218P00390000,390.0,105.01,94.5,99.0,4.0,17.0,0.9636539279174804,False,PUT,2026-12-18,SNDK
SNDK261218P00400000,400.0,102.0,99.5,104.5,2.0,160.0,0.9625705647277831,False,PUT,2026-12-18,SNDK
SNDK261218P00410000,410.0,112.0,105.0,109.5,1.0,20.0,0.960815821533203,False,PUT,2026-12-18,SNDK
SNDK261218P00420000,420.0,111.5,110.6,114.3,1.0,107.0,0.9581303015136717,False,PUT,2026-12-18,SNDK
SNDK261218P00430000,430.0,119.8,115.9,120.0,2.0,52.0,0.9567875415039062,False,PUT,2026-12-18,SNDK
SNDK261218P00440000,440.0,129.95,121.5,125.5,1.0,76.0,0.9551701260375977,False,PUT,2026-12-18,SNDK
SNDK261218P00450000,450.0,131.75,127.0,130.9,1.0,73.0,0.952400683517456,False,PUT,2026-12-18,SNDK
SNDK261218P00460000,460.0,136.04,132.9,137.0,2.0,4.0,0.9524388301086426,False,PUT,2026-12-18,SNDK
SNDK261218P00470000,470.0,146.4,138.7,142.0,1.0,49.0,0.9483952914428712,False,PUT,2026-12-18,SNDK
SNDK261218P00480000,480.0,149.5,144.5,149.0,1.0,35.0,0.949745680770874,False,PUT,2026-12-18,SNDK
SNDK261218P00490000,490.0,151.9,150.5,154.5,2.0,15.0,0.9468236518859863,False,PUT,2026-12-18,SNDK
SNDK261218P00500000,500.0,162.2,156.5,160.5,12.0,153.0,0.9449010636901853,False,PUT,2026-12-18,SNDK
SNDK261218P00520000,520.0,172.19,169.0,173.0,5.0,5.0,0.9425741216278075,False,PUT,2026-12-18,SNDK
SNDK261218P00590000,590.0,270.5,214.8,219.0,,1.0,0.9337546297454833,True,PUT,2026-12-18,SNDK
SNDK261218P00600000,600.0,224.36,221.5,225.6,2.0,6.0,0.9316031620025635,True,PUT,2026-12-18,SNDK
SNDK261218P00630000,630.0,301.9,242.5,246.5,,1.0,0.9284217362976073,True,PUT,2026-12-18,SNDK
SNDK261218P00640000,640.0,266.72,249.5,253.5,3.0,2.0,0.9268500967407226,True,PUT,2026-12-18,SNDK
SNDK261218P00700000,700.0,319.7,293.0,296.6,2.0,0.0,0.9182365964508057,True,PUT,2026-12-18,SNDK
SNDK270115C00390000,390.0,269.7,267.5,272.0,1.0,94.0,1.0574082774353026,True,CALL,2027-01-15,SNDK
SNDK270115C00400000,400.0,265.31,263.5,267.5,21.0,377.0,1.0567979289245606,True,CALL,2027-01-15,SNDK
SNDK270115C00410000,410.0,234.14,259.0,263.5,109.0,247.0,1.0556077493286136,True,CALL,2027-01-15,SNDK
SNDK270115C00420000,420.0,231.6,255.0,259.5,2.0,705.0,1.0554704209136965,True,CALL,2027-01-15,SNDK
SNDK270115C00430000,430.0,191.9,251.0,255.0,6.0,12.0,1.053242648849487,True,CALL,2027-01-15,SNDK
SNDK270115C00440000,440.0,248.48,246.0,250.0,2.0,26.0,1.0459947602844242,True,CALL,2027-01-15,SNDK
SNDK270115C00450000,450.0,244.46,243.0,247.0,20.0,44.0,1.0504503044128417,True,CALL,2027-01-15,SNDK
SNDK270115C00460000,460.0,186.06,238.5,243.5,1.0,20.0,1.0483980075454713,True,CALL,2027-01-15,SNDK
SNDK270115C00470000,470.0,234.05,235.5,239.5,2.0,10.0,1.0488481395721436,True,CALL,2027-01-15,SNDK
SNDK270115C00480000,480.0,230.4,231.0,236.0,5.0,180.0,1.0459795015716555,True,CALL,2027-01-15,SNDK
SNDK270115C00490000,490.0,207.0,227.0,230.5,2.0,31.0,1.0385027323150637,True,CALL,2027-01-15,SNDK
SNDK270115C00500000,500.0,226.3,224.1,228.5,68.0,1510.0,1.0436906946563727,True,CALL,2027-01-15,SNDK
SNDK270115C00510000,510.0,217.25,220.5,225.0,2.0,112.0,1.0422640050125125,True,CALL,2027-01-15,SNDK
SNDK270115C00520000,520.0,216.5,217.5,221.5,117.0,204.0,1.0421343059539798,True,CALL,2027-01-15,SNDK
SNDK270115C00530000,530.0,206.2,214.5,218.4,13.0,74.0,1.0427293957519534,True,CALL,2027-01-15,SNDK
SNDK270115C00540000,540.0,210.51,210.5,214.5,9.0,41.0,1.038128893852234,True,CALL,2027-01-15,SNDK
SNDK270115C00550000,550.0,208.4,207.0,210.5,93.0,1105.0,1.0343447330856326,False,CALL,2027-01-15,SNDK
SNDK270115C00560000,560.0,190.1,203.5,207.0,5.0,15.0,1.0316210528564456,False,CALL,2027-01-15,SNDK
SNDK270115C00570000,570.0,197.87,201.5,205.0,1.0,50.0,1.0364580648040775,False,CALL,2027-01-15,SNDK
SNDK270115C00580000,580.0,186.3,198.0,202.5,1.0,12.0,1.0357256465911868,False,CALL,2027-01-15,SNDK
SNDK270115C00590000,590.0,187.9,195.0,199.5,10.0,123.0,1.0347109421920777,False,CALL,2027-01-15,SNDK
SNDK270115C00600000,600.0,194.0,192.5,195.0,61.0,956.0,1.030865746574402,False,CALL,2027-01-15,SNDK
SNDK270115C00610000,610.0,170.25,189.0,193.5,1.0,5.0,1.031880450973511,False,CALL,2027-01-15,SNDK
SNDK270115C00620000,620.0,185.75,185.5,189.5,3.0,33.0,1.026303391456604,False,CALL,2027-01-15,SNDK
SNDK270115C00630000,630.0,160.5,183.0,188.0,109.0,38.0,1.0293017285156252,False,CALL,2027-01-15,SNDK
SNDK270115C00640000,640.0,168.0,180.0,183.5,1.0,97.0,1.023305054397583,False,CALL,2027-01-15,SNDK
SNDK270115C00650000,650.0,164.9,178.1,182.0,5.0,19.0,1.0272723197174074,False,CALL,2027-01-15,SNDK
SNDK270115C00660000,660.0,145.65,175.5,178.5,,5.0,1.024312129440308,False,CALL,2027-01-15,SNDK
SNDK270115C00670000,670.0,135.0,173.0,176.0,4.0,4.0,1.023846738700867,False,CALL,2027-01-15,SNDK
SNDK270115C00680000,680.0,159.4,170.0,173.5,1.0,83.0,1.0219393996047974,False,CALL,2027-01-15,SNDK
SNDK270115C00690000,690.0,161.58,168.0,171.0,10.0,4.0,1.0222674619293213,False,CALL,2027-01-15,SNDK
SNDK270115C00700000,700.0,164.1,164.5,168.5,116.0,10.0,1.0187350699234008,False,CALL,2027-01-15,SNDK
SNDK270115P00390000,390.0,101.2,99.1,102.3,1.0,8.0,0.9505315005493163,False,PUT,2027-01-15,SNDK
SNDK270115P00400000,400.0,105.76,103.8,107.2,10.0,688.0,0.9460225734710692,False,PUT,2027-01-15,SNDK
SNDK270115P00410000,410.0,112.96,109.5,113.5,4.0,8.0,0.9486012830352782,False,PUT,2027-01-15,SNDK
SNDK270115P00420000,420.0,115.0,114.5,119.0,1.0,32.0,0.9458013232421875,False,PUT,2027-01-15,SNDK
SNDK270115P00430000,430.0,121.02,120.5,124.5,10.0,19.0,0.9455266677856445,False,PUT,2027-01-15,SNDK
SNDK270115P00440000,440.0,126.52,126.0,131.0,10.0,5.0,0.9461675305175781,False,PUT,2027-01-15,SNDK
SNDK270115P00450000,450.0,135.0,132.3,135.8,66.0,6.0,0.9436040795898437,False,PUT,2027-01-15,SNDK
SNDK270115P00460000,460.0,150.61,137.5,141.5,24.0,39.0,0.9400030413818359,False,PUT,2027-01-15,SNDK
SNDK270115P00470000,470.0,145.19,143.6,147.4,3.0,22.0,0.9391180404663085,False,PUT,2027-01-15,SNDK
SNDK270115P00480000,480.0,157.15,149.5,153.4,2.0,527.0,0.9374929956817627,False,PUT,2027-01-15,SNDK
SNDK270115P00490000,490.0,164.7,155.5,160.0,1.0,35.0,0.9373785559082031,False,PUT,2027-01-15,SNDK
SNDK270115P00500000,500.0,163.8,161.7,165.3,11.0,51.0,0.9337927763366698,False,PUT,2027-01-15,SNDK
SNDK270115P00510000,510.0,169.7,168.0,172.0,2.0,25.0,0.9339148454284667,False,PUT,2027-01-15,SNDK
SNDK270115P00520000,520.0,175.14,174.5,178.8,5.0,5.0,0.9344183804321288,False,PUT,2027-01-15,SNDK
SNDK270115P00530000,530.0,181.5,180.7,185.0,3.0,5.0,0.9321143263244629,False,PUT,2027-01-15,SNDK
SNDK270115P00540000,540.0,190.1,187.5,191.5,1.0,4.0,0.9318244122314454,False,PUT,2027-01-15,SNDK
SNDK270115P00550000,550.0,195.29,194.0,198.5,101.0,129.0,0.931687084503174,True,PUT,2027-01-15,SNDK
SNDK270115P00560000,560.0,248.6,200.5,204.5,,3.0,0.9286048399353026,True,PUT,2027-01-15,SNDK
SNDK270115P00580000,580.0,251.0,214.0,218.5,,2.0,0.9278876840209961,True,PUT,2027-01-15,SNDK
SNDK270115P00590000,590.0,224.75,220.5,225.0,1.0,4.0,0.9251487587738036,True,PUT,2027-01-15,SNDK
SNDK270115P00600000,600.0,228.5,227.2,230.9,9.0,1.0,0.9211357373809815,True,PUT,2027-01-15,SNDK
SNDK270115P00610000,610.0,261.6,234.5,238.5,,2.0,0.9225624198913573,True,PUT,2027-01-15,SNDK
SNDK270115P00620000,620.0,298.7,241.0,245.5,,1.0,0.920220219192505,True,PUT,2027-01-15,SNDK
SNDK270115P00630000,630.0,251.85,247.5,252.5,2.0,3.0,0.917618621673584,True,PUT,2027-01-15,SNDK
SNDK270115P00640000,640.0,275.8,255.0,259.0,1.0,1.0,0.9159706889343262,True,PUT,2027-01-15,SNDK
SNDK270115P00650000,650.0,280.3,262.5,266.6,,3.0,0.9167336207580568,True,PUT,2027-01-15,SNDK
SNDK270115P00660000,660.0,289.7,269.5,273.5,1.0,2.0,0.9143227561950684,True,PUT,2027-01-15,SNDK
SNDK270115P00680000,680.0,302.9,283.5,288.0,,5.0,0.9104775798034668,True,PUT,2027-01-15,SNDK
SNDK270115P00700000,700.0,307.5,298.5,302.5,1.0,5.0,0.908081973876953,True,PUT,2027-01-15,SNDK
SNDK280121C00390000,390.0,299.42,324.5,329.0,4.0,32.0,1.0149585385131834,True,CALL,2028-01-21,SNDK
SNDK280121C00400000,400.0,292.32,320.0,325.0,1.0,225.0,1.0092365212249756,True,CALL,2028-01-21,SNDK
SNDK280121C00410000,410.0,293.0,316.5,321.0,1.0,46.0,1.0058796044158935,True,CALL,2028-01-21,SNDK
SNDK280121C00420000,420.0,306.21,313.0,317.0,2.0,256.0,1.002339583053589,True,CALL,2028-01-21,SNDK
SNDK280121C00430000,430.0,308.88,310.0,314.5,50.0,7.0,1.0034076929473876,True,CALL,2028-01-21,SNDK
SNDK280121C00440000,440.0,263.0,306.5,311.0,2.0,5.0,1.0006458659362791,True,CALL,2028-01-21,SNDK
SNDK280121C00450000,450.0,302.13,302.5,307.5,51.0,27.0,0.9965362895202636,True,CALL,2028-01-21,SNDK
SNDK280121C00460000,460.0,275.8,299.5,304.0,3.0,14.0,0.9945831840515138,True,CALL,2028-01-21,SNDK
SNDK280121C00470000,470.0,277.0,296.5,301.5,1.0,14.0,0.9947128824615479,True,CALL,2028-01-21,SNDK
SNDK280121C00480000,480.0,295.0,292.5,297.5,6.0,52.0,0.9890290403747559,True,CALL,2028-01-21,SNDK
SNDK280121C00490000,490.0,283.08,290.5,295.5,1.0,14.0,0.9920883969879151,True,CALL,2028-01-21,SNDK
SNDK280121C00500000,500.0,287.0,287.0,292.0,6.0,96.0,0.9883195137786865,True,CALL,2028-01-21,SNDK
SNDK280121C00510000,510.0,266.75,283.5,288.5,147.0,127.0,0.9844361907958985,True,CALL,2028-01-21,SNDK
SNDK280121C00520000,520.0,278.0,280.5,285.5,5.0,186.0,0.9825746371459961,True,CALL,2028-01-21,SNDK
SNDK280121C00530000,530.0,269.6,278.0,283.0,24.0,157.0,0.9826738182830811,True,CALL,2028-01-21,SNDK
SNDK280121C00540000,540.0,274.4,274.5,279.5,10.0,47.0,0.9784090293884278,True,CALL,2028-01-21,SNDK
SNDK280121C00550000,550.0,266.48,272.0,277.0,111.0,106.0,0.9781954084777833,False,CALL,2028-01-21,SNDK
SNDK280121C00560000,560.0,247.18,269.5,274.4,2.0,77.0,0.9776003216552736,False,CALL,2028-01-21,SNDK
SNDK280121C00570000,570.0,244.67,266.5,271.5,2.0,246.0,0.9752352330017089,False,CALL,2028-01-21,SNDK
SNDK280121C00580000,580.0,261.4,264.0,269.0,1.0,138.0,0.9745638529968261,False,CALL,2028-01-21,SNDK
SNDK280121C00590000,590.0,203.14,260.0,265.0,3.0,59.0,0.9677813890838624,False,CALL,2028-01-21,SNDK
SNDK280121C00600000,600.0,256.51,258.5,263.5,6.0,274.0,0.9708254870605468,False,CALL,2028-01-21,SNDK
SNDK280121C00610000,610.0,253.93,255.5,260.4,27.0,17.0,0.9676059147644043,False,CALL,2028-01-21,SNDK
SNDK280121C00620000,620.0,251.1,253.0,258.0,96.0,155.0,0.9666293620300292,False,CALL,2028-01-21,SNDK
SNDK280121C00630000,630.0,248.5,249.5,254.5,5.0,297.0,0.9614872015380858,False,CALL,2028-01-21,SNDK
SNDK280121C00640000,640.0,249.02,247.5,252.0,123.0,134.0,0.9610675890350341,False,CALL,2028-01-21,SNDK
SNDK280121C00650000,650.0,244.0,245.0,250.0,83.0,69.0,0.9605259074401853,False,CALL,2028-01-21,SNDK
SNDK280121C00660000,660.0,238.54,242.0,246.5,3.0,85.0,0.9560932735443115,False,CALL,2028-01-21,SNDK
SNDK280121C00670000,670.0,236.04,240.5,245.5,5.0,209.0,0.9590992249298095,False,CALL,2028-01-21,SNDK
SNDK280121C00680000,680.0,238.52,238.0,243.0,8.0,396.0,0.9572910765075682,False,CALL,2028-01-21,SNDK
SNDK280121C00690000,690.0,234.1,235.0,240.0,26.0,137.0,0.9535374519348145,False,CALL,2028-01-21,SNDK
SNDK280121C00700000,700.0,231.39,232.5,237.5,107.0,144.0,0.9515538291931152,False,CALL,2028-01-21,SNDK
SNDK280121P00390000,390.0,160.0,141.2,145.0,1.0,3.0,0.8624433921813965,False,PUT,2028-01-21,SNDK
SNDK280121P00400000,400.0,148.6,146.5,151.0,4.0,22.0,0.8591322680664062,False,PUT,2028-01-21,SNDK
SNDK280121P00410000,410.0,157.37,153.0,157.0,1.0,12.0,0.858376965560913,False,PUT,2028-01-21,SNDK
SNDK280121P00420000,420.0,181.5,159.0,163.5,10.0,16.0,0.857301231689453,False,PUT,2028-01-21,SNDK
SNDK280121P00430000,430.0,182.93,164.7,169.0,2.0,4.0,0.8530135548400879,False,PUT,2028-01-21,SNDK
SNDK280121P00440000,440.0,182.9,170.5,175.5,20.0,19.0,0.8509765268707277,False,PUT,2028-01-21,SNDK
SNDK280121P00450000,450.0,180.22,177.0,181.5,10.0,28.0,0.8491302318572997,False,PUT,2028-01-21,SNDK
SNDK280121P00460000,460.0,198.3,183.0,187.5,,3.0,0.8459793234252929,False,PUT,2028-01-21,SNDK
SNDK280121P00470000,470.0,194.5,189.5,194.5,12.0,13.0,0.8458114784240722,False,PUT,2028-01-21,SNDK
SNDK280121P00480000,480.0,201.0,195.0,200.0,28.0,44.0,0.8401505242919922,False,PUT,2028-01-21,SNDK
SNDK280121P00490000,490.0,207.94,202.0,207.0,2.0,2.0,0.8405777661132812,False,PUT,2028-01-21,SNDK
SNDK280121P00500000,500.0,210.67,208.5,213.5,3.0,19.0,0.8387009538269041,False,PUT,2028-01-21,SNDK
SNDK280121P00510000,510.0,223.63,215.0,220.0,1.0,15.0,0.8366257792663572,False,PUT,2028-01-21,SNDK
SNDK280121P00520000,520.0,224.95,221.5,226.5,2.0,14.0,0.8343751303863525,False,PUT,2028-01-21,SNDK
SNDK280121P00530000,530.0,231.5,228.0,233.0,2.0,2.0,0.8319413778686523,False,PUT,2028-01-21,SNDK
SNDK280121P00550000,550.0,282.93,241.0,246.0,,15.0,0.826600855102539,True,PUT,2028-01-21,SNDK
SNDK280121P00570000,570.0,273.4,254.0,259.0,2.0,1.0,0.8206652455139161,True,PUT,2028-01-21,SNDK
SNDK280121P00580000,580.0,307.53,262.0,267.0,,0.0,0.8231218859863281,True,PUT,2028-01-21,SNDK
SNDK280121P00590000,590.0,314.88,268.5,273.5,,3.0,0.8197726152801513,True,PUT,2028-01-21,SNDK
SNDK280121P00600000,600.0,287.75,275.5,280.5,4.0,2.0,0.818139941177368,True,PUT,2028-01-21,SNDK
SNDK280121P00620000,620.0,312.7,289.5,294.5,1.0,2.0,0.81445498046875,True,PUT,2028-01-21,SNDK
SNDK280121P00630000,630.0,317.5,296.5,301.0,2.0,3.0,0.8115100636291503,True,PUT,2028-01-21,SNDK
SNDK280121P00640000,640.0,325.0,303.5,308.5,2.0,4.0,0.8102359674835203,True,PUT,2028-01-21,SNDK
SNDK280121P00680000,680.0,345.3,332.5,337.5,1.0,8.0,0.8038349694824218,True,PUT,2028-01-21,SNDK
SNDK280121P00700000,700.0,371.0,346.5,351.5,3.0,1.0,0.7981816446685792,True,PUT,2028-01-21,SNDK
SNOW260130C00145000,145.0,64.14,52.05,57.45,2.0,13.0,3.3105485986328125,True,CALL,2026-01-30,SNOW
SNOW260130C00155000,155.0,44.47,42.3,47.2,1.0,1.0,2.754885925292969,True,CALL,2026-01-30,SNOW
SNOW260130C00160000,160.0,50.0,37.25,42.2,,2.0,2.474613188476563,True,CALL,2026-01-30,SNOW
SNOW260130C00170000,170.0,29.51,27.35,32.2,5.0,5.0,1.9604494165039061,True,CALL,2026-01-30,SNOW
SNOW260130C00175000,175.0,23.45,22.5,26.95,3.0,9.0,1.6806656591796876,True,CALL,2026-01-30,SNOW
SNOW260130C00177500,177.5,29.1,19.95,24.75,,5.0,1.583498176269531,True,CALL,2026-01-30,SNOW
SNOW260130C00180000,180.0,17.45,16.95,21.3,4.0,108.0,1.2451209619140622,True,CALL,2026-01-30,SNOW
SNOW260130C00182500,182.5,28.5,14.9,19.8,16.0,7.0,1.312015158691406,True,CALL,2026-01-30,SNOW
SNOW260130C00185000,185.0,25.47,12.7,17.35,57.0,9.0,1.2150918151855468,True,CALL,2026-01-30,SNOW
SNOW260130C00187500,187.5,25.25,10.2,14.55,1.0,8.0,1.0380907470703127,True,CALL,2026-01-30,SNOW
SNOW260130C00190000,190.0,11.05,7.5,9.8,14.0,20.0,0.6132851171875001,True,CALL,2026-01-30,SNOW
SNOW260130C00192500,192.5,26.5,6.8,7.45,2.0,13.0,0.6899445068359377,True,CALL,2026-01-30,SNOW
SNOW260130C00195000,195.0,4.6,4.8,5.3,16.0,62.0,0.6066933862304689,True,CALL,2026-01-30,SNOW
SNOW260130C00197500,197.5,2.94,3.1,3.65,31.0,29.0,0.5585981640625001,True,CALL,2026-01-30,SNOW
SNOW260130C00200000,200.0,2.23,2.18,2.41,507.0,26.0,0.5629926513671876,False,CALL,2026-01-30,SNOW
SNOW260130C00202500,202.5,1.17,1.22,1.38,848.0,87.0,0.5283250292968751,False,CALL,2026-01-30,SNOW
SNOW260130C00205000,205.0,0.71,0.71,0.75,383.0,182.0,0.5210008837890624,False,CALL,2026-01-30,SNOW
SNOW260130C00207500,207.5,0.31,0.37,0.43,592.0,235.0,0.5229539892578124,False,CALL,2026-01-30,SNOW
SNOW260130C00210000,210.0,0.22,0.2,0.26,1866.0,1111.0,0.5371140039062501,False,CALL,2026-01-30,SNOW
SNOW260130C00212500,212.5,0.21,0.06,0.22,88.0,342.0,0.5585981640625001,False,CALL,2026-01-30,SNOW
SNOW260130C00215000,215.0,0.1,0.06,0.11,2422.0,2839.0,0.57812921875,False,CALL,2026-01-30,SNOW
SNOW260130C00217500,217.5,0.16,0.04,0.08,197.0,407.0,0.6113320117187502,False,CALL,2026-01-30,SNOW
SNOW260130C00220000,220.0,0.11,0.05,0.1,274.0,1342.0,0.6953155468750001,False,CALL,2026-01-30,SNOW
SNOW260130C00222500,222.5,0.06,0.05,0.06,600.0,2259.0,0.726565234375,False,CALL,2026-01-30,SNOW
SNOW260130C00225000,225.0,0.03,0.03,0.05,1448.0,3445.0,0.7500025,False,CALL,2026-01-30,SNOW
SNOW260130C00227500,227.5,0.03,0.01,0.08,48.0,1455.0,0.8203142968749999,False,CALL,2026-01-30,SNOW
SNOW260130C00230000,230.0,0.08,0.03,0.07,115.0,1141.0,0.8828136718749999,False,CALL,2026-01-30,SNOW
SNOW260130C00232500,232.5,0.01,0.01,0.1,135.0,905.0,0.9492192578124999,False,CALL,2026-01-30,SNOW
SNOW260130C00235000,235.0,0.08,0.01,0.27,47.0,1059.0,1.1445355273437499,False,CALL,2026-01-30,SNOW
SNOW260130C00237500,237.5,0.01,0.0,0.07,43.0,125.0,1.000005,False,CALL,2026-01-30,SNOW
SNOW260130C00240000,240.0,0.06,0.01,0.11,937.0,1392.0,1.12109814453125,False,CALL,2026-01-30,SNOW
SNOW260130C00242500,242.5,0.16,0.0,0.25,3.0,8.0,1.2949254003906248,False,CALL,2026-01-30,SNOW
SNOW260130C00245000,245.0,0.12,0.0,0.24,11.0,244.0,1.3418001660156247,False,CALL,2026-01-30,SNOW
SNOW260130C00250000,250.0,0.01,0.01,0.05,119.0,1621.0,1.21875390625,False,CALL,2026-01-30,SNOW
SNOW260130C00255000,255.0,0.7,0.0,0.54,1.0,27.0,1.748048134765625,False,CALL,2026-01-30,SNOW
SNOW260130P00150000,150.0,0.54,0.0,0.05,1.0,14.0,1.421877890625,False,PUT,2026-01-30,SNOW
SNOW260130P00160000,160.0,0.12,0.01,0.41,6.0,3.0,1.4960962695312499,False,PUT,2026-01-30,SNOW
SNOW260130P00170000,170.0,0.03,0.0,0.06,2.0,19.0,0.8437515624999999,False,PUT,2026-01-30,SNOW
SNOW260130P00175000,175.0,0.04,0.0,0.1,1.0,138.0,0.7500025,False,PUT,2026-01-30,SNOW
SNOW260130P00180000,180.0,0.3,0.0,0.11,4.0,133.0,0.6054726953125001,False,PUT,2026-01-30,SNOW
SNOW260130P00182500,182.5,0.02,0.0,0.41,4.0,218.0,0.6660189648437502,False,PUT,2026-01-30,SNOW
SNOW260130P00185000,185.0,0.11,0.05,0.15,110.0,383.0,0.5390671093750001,False,PUT,2026-01-30,SNOW
SNOW260130P00187500,187.5,0.2,0.14,0.17,54.0,107.0,0.46191944335937507,False,PUT,2026-01-30,SNOW
SNOW260130P00190000,190.0,0.35,0.29,0.34,769.0,1127.0,0.4414118359375,False,PUT,2026-01-30,SNOW
SNOW260130P00192500,192.5,0.56,0.57,0.68,120.0,134.0,0.42676354492187507,False,PUT,2026-01-30,SNOW
SNOW260130P00195000,195.0,1.33,1.07,1.23,255.0,667.0,0.40479110839843746,False,PUT,2026-01-30,SNOW
SNOW260130P00197500,197.5,2.04,1.89,2.13,176.0,239.0,0.3842835009765625,False,PUT,2026-01-30,SNOW
SNOW260130P00200000,200.0,3.44,3.05,3.5,722.0,1020.0,0.3711000390625,True,PUT,2026-01-30,SNOW
SNOW260130P00202500,202.5,4.34,4.5,5.05,278.0,193.0,0.28711650390624993,True,PUT,2026-01-30,SNOW
SNOW260130P00205000,205.0,7.47,6.45,7.0,504.0,942.0,1.0000000000000003e-05,True,PUT,2026-01-30,SNOW
SNOW260130P00207500,207.5,7.35,8.1,10.4,110.0,501.0,0.5986368261718751,True,PUT,2026-01-30,SNOW
SNOW260130P00210000,210.0,10.68,10.05,13.2,94.0,362.0,0.7875997802734375,True,PUT,2026-01-30,SNOW
SNOW260130P00212500,212.5,12.0,10.5,15.6,28.0,313.0,0.8564467480468749,True,PUT,2026-01-30,SNOW
SNOW260130P00215000,215.0,16.65,15.05,18.2,73.0,251.0,0.9829103271484375,True,PUT,2026-01-30,SNOW
SNOW260130P00217500,217.5,19.11,17.5,20.7,20.0,176.0,1.0751999365234377,True,PUT,2026-01-30,SNOW
SNOW260130P00220000,220.0,21.1,20.1,23.3,21.0,232.0,1.1982461962890625,True,PUT,2026-01-30,SNOW
SNOW260130P00222500,222.5,23.67,20.4,25.3,2.0,63.0,1.0859420703125,True,PUT,2026-01-30,SNOW
SNOW260130P00225000,225.0,24.72,22.9,27.7,5.0,170.0,1.1103560107421875,True,PUT,2026-01-30,SNOW
SNOW260130P00227500,227.5,9.7,25.4,31.15,4.0,7.0,1.5761739941406248,True,PUT,2026-01-30,SNOW
SNOW260130P00230000,230.0,30.4,28.45,32.7,4.0,56.0,1.25390998046875,True,PUT,2026-01-30,SNOW
SNOW260130P00235000,235.0,17.1,32.65,37.8,28.0,86.0,1.4521511767578126,True,PUT,2026-01-30,SNOW
SNOW260130P00240000,240.0,39.64,37.9,43.65,1.0,11.0,1.9785157324218752,True,PUT,2026-01-30,SNOW
SNOW260130P00245000,245.0,38.2,42.9,48.65,1.0,0.0,2.1269578076171873,True,PUT,2026-01-30,SNOW
SNOW260130P00250000,250.0,20.45,47.9,54.5,1.0,0.0,2.576663714599609,True,PUT,2026-01-30,SNOW
SNOW260130P00255000,255.0,22.72,52.3,60.2,,0.0,2.945803416748047,True,PUT,2026-01-30,SNOW
SNOW260206C00150000,150.0,61.43,47.45,52.35,,1.0,1.4575222436523436,True,CALL,2026-02-06,SNOW
SNOW260206C00170000,170.0,31.0,28.0,32.7,2.0,5.0,1.0068409033203123,True,CALL,2026-02-06,SNOW
SNOW260206C00175000,175.0,26.4,22.5,27.15,9.0,10.0,0.8061542822265625,True,CALL,2026-02-06,SNOW
SNOW260206C00180000,180.0,21.78,18.85,23.0,14.0,113.0,0.8087177331542967,True,CALL,2026-02-06,SNOW
SNOW260206C00185000,185.0,17.6,15.25,16.35,21.0,9.0,0.6550327465820314,True,CALL,2026-02-06,SNOW
SNOW260206C00190000,190.0,12.73,10.95,12.35,6.0,9.0,0.5871623315429688,True,CALL,2026-02-06,SNOW
SNOW260206C00195000,195.0,9.72,8.4,9.2,4.0,12.0,0.5981485498046876,True,CALL,2026-02-06,SNOW
SNOW260206C00197500,197.5,6.8,6.95,7.5,54.0,6.0,0.5744671459960937,True,CALL,2026-02-06,SNOW
SNOW260206C00200000,200.0,5.9,5.8,6.35,344.0,56.0,0.5743450769042968,False,CALL,2026-02-06,SNOW
SNOW260206C00202500,202.5,4.7,4.65,5.0,41.0,11.0,0.5546919531250001,False,CALL,2026-02-06,SNOW
SNOW260206C00205000,205.0,4.1,3.7,4.1,67.0,46.0,0.5501753967285157,False,CALL,2026-02-06,SNOW
SNOW260206C00207500,207.5,3.43,3.0,3.3,686.0,30.0,0.5495650512695314,False,CALL,2026-02-06,SNOW
SNOW260206C00210000,210.0,2.5,2.44,2.68,258.0,107.0,0.5534712622070312,False,CALL,2026-02-06,SNOW
SNOW260206C00212500,212.5,2.1,1.9,2.09,187.0,229.0,0.5493209130859377,False,CALL,2026-02-06,SNOW
SNOW260206C00215000,215.0,1.5,1.48,1.64,255.0,231.0,0.5485884985351563,False,CALL,2026-02-06,SNOW
SNOW260206C00217500,217.5,1.5,1.17,1.32,528.0,152.0,0.5534712622070312,False,CALL,2026-02-06,SNOW
SNOW260206C00220000,220.0,1.05,0.91,1.02,96.0,638.0,0.5544478149414063,False,CALL,2026-02-06,SNOW
SNOW260206C00222500,222.5,0.65,0.71,0.8,116.0,162.0,0.5576216113281252,False,CALL,2026-02-06,SNOW
SNOW260206C00225000,225.0,0.75,0.54,0.64,1175.0,1267.0,0.561527822265625,False,CALL,2026-02-06,SNOW
SNOW260206C00227500,227.5,0.6,0.42,0.5,140.0,167.0,0.5659223095703125,False,CALL,2026-02-06,SNOW
SNOW260206C00230000,230.0,0.36,0.3,0.44,113.0,394.0,0.5737347314453125,False,CALL,2026-02-06,SNOW
SNOW260206C00232500,232.5,0.33,0.21,0.45,14.0,26.0,0.5927775097656252,False,CALL,2026-02-06,SNOW
SNOW260206C00235000,235.0,0.24,0.01,0.28,75.0,202.0,0.5429733203125001,False,CALL,2026-02-06,SNOW
SNOW260206C00237500,237.5,0.21,0.12,0.27,17.0,50.0,0.5976602734375001,False,CALL,2026-02-06,SNOW
SNOW260206C00240000,240.0,0.17,0.15,0.46,46.0,556.0,0.6743196630859377,False,CALL,2026-02-06,SNOW
SNOW260206C00245000,245.0,0.09,0.05,0.12,427.0,552.0,0.6035195898437502,False,CALL,2026-02-06,SNOW
SNOW260206C00250000,250.0,0.06,0.06,0.1,365.0,197.0,0.64648791015625,False,CALL,2026-02-06,SNOW
SNOW260206C00255000,255.0,0.1,0.0,0.53,1.0,268.0,0.8212908496093749,False,CALL,2026-02-06,SNOW
SNOW260206P00140000,140.0,0.12,0.0,0.55,,1.0,1.12109814453125,False,PUT,2026-02-06,SNOW
SNOW260206P00155000,155.0,0.06,0.02,0.15,323.0,25.0,0.6953155468750001,False,PUT,2026-02-06,SNOW
SNOW260206P00160000,160.0,0.09,0.0,0.26,78.0,1.0,0.6533237792968751,False,PUT,2026-02-06,SNOW
SNOW260206P00165000,165.0,0.05,0.0,0.82,,2.0,0.6992217578125001,False,PUT,2026-02-06,SNOW
SNOW260206P00170000,170.0,0.35,0.26,0.42,114.0,3.0,0.5810588769531251,False,PUT,2026-02-06,SNOW
SNOW260206P00172500,172.5,0.49,0.44,0.53,111.0,2.0,0.5776409423828125,False,PUT,2026-02-06,SNOW
SNOW260206P00175000,175.0,0.62,0.57,0.69,47.0,28.0,0.5634809277343751,False,PUT,2026-02-06,SNOW
SNOW260206P00180000,180.0,1.18,1.04,1.18,140.0,57.0,0.5446822875976562,False,PUT,2026-02-06,SNOW
SNOW260206P00182500,182.5,1.21,1.36,1.48,56.0,1.0,0.5312546875,False,PUT,2026-02-06,SNOW
SNOW260206P00185000,185.0,1.95,1.74,1.91,38.0,162.0,0.5197801928710937,False,PUT,2026-02-06,SNOW
SNOW260206P00187500,187.5,2.08,2.26,2.44,35.0,43.0,0.5107470800781251,False,PUT,2026-02-06,SNOW
SNOW260206P00190000,190.0,3.0,2.77,3.2,116.0,188.0,0.5012256909179689,False,PUT,2026-02-06,SNOW
SNOW260206P00192500,192.5,3.25,3.6,4.15,65.0,109.0,0.5024463818359376,False,PUT,2026-02-06,SNOW
SNOW260206P00195000,195.0,4.5,4.45,4.8,618.0,143.0,0.49341326904296884,False,PUT,2026-02-06,SNOW
SNOW260206P00197500,197.5,6.1,5.4,5.9,64.0,150.0,0.4859670544433594,False,PUT,2026-02-06,SNOW
SNOW260206P00200000,200.0,7.2,6.75,7.15,528.0,159.0,0.4774222180175781,True,PUT,2026-02-06,SNOW
SNOW260206P00202500,202.5,8.05,8.15,8.65,85.0,169.0,0.4758353198242187,True,PUT,2026-02-06,SNOW
SNOW260206P00205000,205.0,8.91,9.6,10.25,94.0,200.0,0.46936565795898444,True,PUT,2026-02-06,SNOW
SNOW260206P00207500,207.5,10.0,11.25,11.8,19.0,153.0,0.4425104577636719,True,PUT,2026-02-06,SNOW
SNOW260206P00210000,210.0,13.92,12.45,14.75,66.0,232.0,0.5454147021484376,True,PUT,2026-02-06,SNOW
SNOW260206P00212500,212.5,15.05,13.6,16.55,3.0,695.0,0.5251512329101562,True,PUT,2026-02-06,SNOW
SNOW260206P00215000,215.0,18.02,16.95,19.1,17.0,133.0,0.5813030151367188,True,PUT,2026-02-06,SNOW
SNOW260206P00217500,217.5,19.44,18.95,20.35,12.0,103.0,0.44605046142578125,True,PUT,2026-02-06,SNOW
SNOW260206P00220000,220.0,21.27,21.15,23.4,7.0,141.0,0.5803264624023439,True,PUT,2026-02-06,SNOW
SNOW260206P00225000,225.0,25.24,23.5,28.3,6.0,15.0,0.6462437719726561,True,PUT,2026-02-06,SNOW
SNOW260206P00230000,230.0,30.2,28.0,33.0,3.0,49.0,0.664309997558594,True,PUT,2026-02-06,SNOW
SNOW260206P00235000,235.0,19.37,32.95,37.9,11.0,15.0,0.7104521142578125,True,PUT,2026-02-06,SNOW
SNOW260206P00240000,240.0,39.69,37.65,43.05,1.0,21.0,0.8125018749999999,True,PUT,2026-02-06,SNOW
SNOW260213C00170000,170.0,50.6,27.9,33.5,,1.0,0.7905294384765625,True,CALL,2026-02-13,SNOW
SNOW260213C00175000,175.0,40.31,23.9,29.05,3.0,3.0,0.7586694055175782,True,CALL,2026-02-13,SNOW
SNOW260213C00180000,180.0,36.53,20.05,24.85,,6.0,0.7282742016601562,True,CALL,2026-02-13,SNOW
SNOW260213C00185000,185.0,18.8,16.0,17.9,4.0,1.0,0.5773968041992188,True,CALL,2026-02-13,SNOW
SNOW260213C00190000,190.0,22.25,13.45,14.4,,1.0,0.5913126806640626,True,CALL,2026-02-13,SNOW
SNOW260213C00195000,195.0,11.88,10.6,11.2,5.0,4.0,0.5778850805664062,True,CALL,2026-02-13,SNOW
SNOW260213C00200000,200.0,8.45,7.85,8.6,11.0,28.0,0.5611616149902343,False,CALL,2026-02-13,SNOW
SNOW260213C00205000,205.0,6.7,5.75,6.5,11.0,52.0,0.5539595385742189,False,CALL,2026-02-13,SNOW
SNOW260213C00210000,210.0,5.15,4.05,4.55,14.0,88.0,0.538212625732422,False,CALL,2026-02-13,SNOW
SNOW260213C00215000,215.0,2.88,2.85,3.2,70.0,57.0,0.5339402075195312,False,CALL,2026-02-13,SNOW
SNOW260213C00220000,220.0,1.98,2.0,2.23,61.0,336.0,0.5339402075195312,False,CALL,2026-02-13,SNOW
SNOW260213C00225000,225.0,1.59,1.23,1.53,16.0,142.0,0.5266160620117188,False,CALL,2026-02-13,SNOW
SNOW260213C00230000,230.0,0.91,0.83,1.01,35.0,424.0,0.5268602001953125,False,CALL,2026-02-13,SNOW
SNOW260213C00235000,235.0,0.63,0.58,0.65,23.0,808.0,0.5297898583984376,False,CALL,2026-02-13,SNOW
SNOW260213C00240000,240.0,0.53,0.32,0.57,15.0,409.0,0.5424850439453126,False,CALL,2026-02-13,SNOW
SNOW260213C00245000,245.0,0.43,0.0,0.86,3.0,33.0,0.5835002587890624,False,CALL,2026-02-13,SNOW
SNOW260213C00250000,250.0,0.96,0.12,1.21,62.0,154.0,0.681887946777344,False,CALL,2026-02-13,SNOW
SNOW260213C00255000,255.0,0.21,0.09,0.63,8.0,317.0,0.648441015625,False,CALL,2026-02-13,SNOW
SNOW260213P00160000,160.0,0.36,0.03,0.43,1.0,4.0,0.5371140039062501,False,PUT,2026-02-13,SNOW
SNOW260213P00170000,170.0,0.96,0.85,1.07,14.0,22.0,0.5537154003906251,False,PUT,2026-02-13,SNOW
SNOW260213P00175000,175.0,1.56,1.33,1.59,5.0,18.0,0.5354050366210938,False,PUT,2026-02-13,SNOW
SNOW260213P00180000,180.0,2.3,2.08,2.3,7.0,49.0,0.5185595019531251,False,PUT,2026-02-13,SNOW
SNOW260213P00185000,185.0,3.3,3.1,3.65,13.0,230.0,0.514653291015625,False,PUT,2026-02-13,SNOW
SNOW260213P00190000,190.0,4.2,4.6,5.15,55.0,101.0,0.5045215563964844,False,PUT,2026-02-13,SNOW
SNOW260213P00195000,195.0,6.55,6.45,7.1,148.0,49.0,0.5120898400878906,False,PUT,2026-02-13,SNOW
SNOW260213P00200000,200.0,8.3,8.65,9.35,80.0,124.0,0.49182637084960945,True,PUT,2026-02-13,SNOW
SNOW260213P00205000,205.0,10.98,11.45,12.2,32.0,88.0,0.47876497802734375,True,PUT,2026-02-13,SNOW
SNOW260213P00210000,210.0,14.2,14.7,15.45,27.0,71.0,0.46045461425781253,True,PUT,2026-02-13,SNOW
SNOW260213P00215000,215.0,17.68,18.3,20.1,15.0,266.0,0.5188036401367188,True,PUT,2026-02-13,SNOW
SNOW260213P00220000,220.0,21.8,21.9,24.45,1.0,39.0,0.5400436621093752,True,PUT,2026-02-13,SNOW
SNOW260213P00225000,225.0,24.73,23.85,28.4,2.0,24.0,0.4973194799804688,True,PUT,2026-02-13,SNOW
SNOW260213P00230000,230.0,26.04,28.4,33.55,1.0,10.0,0.5749554223632812,True,PUT,2026-02-13,SNOW
SNOW260213P00235000,235.0,35.6,32.9,38.55,2.0,41.0,0.631839619140625,True,PUT,2026-02-13,SNOW
SNOW260213P00240000,240.0,34.5,38.0,43.75,15.0,15.0,0.7124052197265626,True,PUT,2026-02-13,SNOW
SNOW260213P00245000,245.0,35.66,42.9,48.25,1.0,1.0,0.6926300268554688,True,PUT,2026-02-13,SNOW
SNOW260213P00250000,250.0,27.66,47.9,53.05,1.0,2.0,0.7050810742187501,True,PUT,2026-02-13,SNOW
SNOW260220C00140000,140.0,60.45,57.3,62.65,2.0,6.0,1.0915572766113284,True,CALL,2026-02-20,SNOW
SNOW260220C00145000,145.0,55.45,52.75,57.7,1.0,5.0,1.0361376318359379,True,CALL,2026-02-20,SNOW
SNOW260220C00150000,150.0,61.0,47.55,53.0,1.0,60.0,0.9555668505859375,True,CALL,2026-02-20,SNOW
SNOW260220C00155000,155.0,53.62,43.1,48.25,10.0,35.0,0.9122323229980469,True,CALL,2026-02-20,SNOW
SNOW260220C00160000,160.0,57.57,38.3,43.25,23.0,25.0,0.835695002441406,True,CALL,2026-02-20,SNOW
SNOW260220C00165000,165.0,36.75,33.2,38.3,3.0,16.0,0.7480493945312501,True,CALL,2026-02-20,SNOW
SNOW260220C00170000,170.0,32.22,29.45,34.0,6.0,25.0,0.7404811108398437,True,CALL,2026-02-20,SNOW
SNOW260220C00175000,175.0,35.1,25.05,29.7,8.0,22.0,0.6961700305175782,True,CALL,2026-02-20,SNOW
SNOW260220C00180000,180.0,33.73,20.75,25.55,10.0,100.0,0.6518589501953126,True,CALL,2026-02-20,SNOW
SNOW260220C00185000,185.0,25.28,17.15,18.8,2.0,22.0,0.5428512512207033,True,CALL,2026-02-20,SNOW
SNOW260220C00190000,190.0,15.25,14.65,15.3,8.0,191.0,0.5499312585449221,True,CALL,2026-02-20,SNOW
SNOW260220C00195000,195.0,13.25,11.5,12.35,8.0,140.0,0.5345505529785157,True,CALL,2026-02-20,SNOW
SNOW260220C00200000,200.0,9.3,9.1,9.5,99.0,461.0,0.522343643798828,False,CALL,2026-02-20,SNOW
SNOW260220C00202500,202.5,8.05,7.8,8.4,37.0,20.0,0.5147753601074219,False,CALL,2026-02-20,SNOW
SNOW260220C00205000,205.0,6.66,6.55,7.25,132.0,40.0,0.5023243127441408,False,CALL,2026-02-20,SNOW
SNOW260220C00207500,207.5,6.6,5.75,6.5,20.0,74.0,0.5070850073242188,False,CALL,2026-02-20,SNOW
SNOW260220C00210000,210.0,5.0,5.0,5.4,185.0,1655.0,0.5101367346191408,False,CALL,2026-02-20,SNOW
SNOW260220C00212500,212.5,5.24,4.15,4.75,6.0,143.0,0.5130663928222656,False,CALL,2026-02-20,SNOW
SNOW260220C00215000,215.0,3.7,3.6,4.05,233.0,138.0,0.508793974609375,False,CALL,2026-02-20,SNOW
SNOW260220C00217500,217.5,3.15,3.0,3.5,17.0,65.0,0.5091601818847658,False,CALL,2026-02-20,SNOW
SNOW260220C00220000,220.0,2.68,2.78,2.93,895.0,2826.0,0.5037891418457032,False,CALL,2026-02-20,SNOW
SNOW260220C00222500,222.5,2.3,2.29,2.64,80.0,139.0,0.5009815527343751,False,CALL,2026-02-20,SNOW
SNOW260220C00225000,225.0,2.32,1.98,2.29,379.0,487.0,0.5041553491210937,False,CALL,2026-02-20,SNOW
SNOW260220C00227500,227.5,1.64,1.66,1.79,6.0,66.0,0.5024463818359376,False,CALL,2026-02-20,SNOW
SNOW260220C00230000,230.0,1.38,1.4,1.53,1030.0,9518.0,0.5041553491210937,False,CALL,2026-02-20,SNOW
SNOW260220C00232500,232.5,1.53,1.19,1.29,6.0,53.0,0.5043994873046875,False,CALL,2026-02-20,SNOW
SNOW260220C00235000,235.0,1.02,0.99,1.12,158.0,483.0,0.5012256909179689,False,CALL,2026-02-20,SNOW
SNOW260220C00237500,237.5,1.02,0.81,0.93,24.0,69.0,0.507817421875,False,CALL,2026-02-20,SNOW
SNOW260220C00240000,240.0,0.75,0.68,0.82,456.0,3862.0,0.5039112109375,False,CALL,2026-02-20,SNOW
SNOW260220C00245000,245.0,0.62,0.5,0.62,48.0,467.0,0.5122119091796875,False,CALL,2026-02-20,SNOW
SNOW260220C00250000,250.0,0.43,0.36,0.43,211.0,3073.0,0.5151415673828125,False,CALL,2026-02-20,SNOW
SNOW260220C00255000,255.0,0.34,0.24,0.53,9.0,52.0,0.5468795312500001,False,CALL,2026-02-20,SNOW
SNOW260220P00140000,140.0,0.1,0.0,0.16,1.0,28.0,0.58789474609375,False,PUT,2026-02-20,SNOW
SNOW260220P00145000,145.0,0.28,0.0,0.21,1.0,46.0,0.5537154003906251,False,PUT,2026-02-20,SNOW
SNOW260220P00150000,150.0,0.23,0.06,0.3,1.0,52.0,0.5410202148437502,False,PUT,2026-02-20,SNOW
SNOW260220P00155000,155.0,0.4,0.1,0.46,34.0,90.0,0.5214891601562499,False,PUT,2026-02-20,SNOW
SNOW260220P00160000,160.0,0.52,0.01,0.75,15.0,101.0,0.5649457568359376,False,PUT,2026-02-20,SNOW
SNOW260220P00165000,165.0,0.88,0.84,1.05,16.0,69.0,0.5278367529296876,False,PUT,2026-02-20,SNOW
SNOW260220P00170000,170.0,1.35,1.33,1.53,25.0,281.0,0.516606396484375,False,PUT,2026-02-20,SNOW
SNOW260220P00175000,175.0,1.9,1.98,2.19,24.0,530.0,0.5034229345703125,False,PUT,2026-02-20,SNOW
SNOW260220P00180000,180.0,2.85,2.83,3.15,61.0,1371.0,0.5028125891113282,False,PUT,2026-02-20,SNOW
SNOW260220P00185000,185.0,4.26,4.05,4.45,547.0,990.0,0.49561051269531253,False,PUT,2026-02-20,SNOW
SNOW260220P00190000,190.0,5.68,5.55,5.95,46.0,5510.0,0.47986359985351557,False,PUT,2026-02-20,SNOW
SNOW260220P00192500,192.5,6.4,6.25,6.85,87.0,312.0,0.4726615234375,False,PUT,2026-02-20,SNOW
SNOW260220P00195000,195.0,7.88,7.4,7.9,182.0,9743.0,0.4681449670410156,False,PUT,2026-02-20,SNOW
SNOW260220P00197500,197.5,9.1,8.45,8.95,186.0,91.0,0.45831840515136724,False,PUT,2026-02-20,SNOW
SNOW260220P00200000,200.0,9.85,9.8,10.2,170.0,1766.0,0.4531915032958984,True,PUT,2026-02-20,SNOW
SNOW260220P00202500,202.5,12.2,11.15,11.65,33.0,99.0,0.45264219238281256,True,PUT,2026-02-20,SNOW
SNOW260220P00205000,205.0,13.18,12.45,13.0,36.0,98.0,0.4415339050292969,True,PUT,2026-02-20,SNOW
SNOW260220P00207500,207.5,14.69,14.0,14.55,10.0,97.0,0.43494217407226565,True,PUT,2026-02-20,SNOW
SNOW260220P00210000,210.0,15.9,15.6,16.25,356.0,2643.0,0.43066975585937506,True,PUT,2026-02-20,SNOW
SNOW260220P00212500,212.5,18.77,17.4,18.05,3.0,129.0,0.42664147583007817,True,PUT,2026-02-20,SNOW
SNOW260220P00215000,215.0,18.65,17.9,20.75,25.0,64.0,0.47412635253906255,True,PUT,2026-02-20,SNOW
SNOW260220P00217500,217.5,19.5,20.85,22.95,1.0,41.0,0.4886525744628907,True,PUT,2026-02-20,SNOW
SNOW260220P00220000,220.0,22.46,22.55,25.0,21.0,2714.0,0.4901174035644532,True,PUT,2026-02-20,SNOW
SNOW260220P00222500,222.5,12.1,22.65,26.7,61.0,59.0,0.459966337890625,True,PUT,2026-02-20,SNOW
SNOW260220P00225000,225.0,19.5,25.75,29.6,1.0,3.0,0.5196581237792968,True,PUT,2026-02-20,SNOW
SNOW260220P00227500,227.5,23.73,26.45,31.45,,1.0,0.4928029235839845,True,PUT,2026-02-20,SNOW
SNOW260220P00230000,230.0,30.95,30.1,33.7,15.0,2488.0,0.4946339599609375,True,PUT,2026-02-20,SNOW
SNOW260220P00240000,240.0,41.65,38.0,43.55,2.0,732.0,0.5722699023437501,True,PUT,2026-02-20,SNOW
SNOW260220P00250000,250.0,50.71,47.7,53.45,2.0,349.0,0.6450230810546875,True,PUT,2026-02-20,SNOW
SNOW260227C00175000,175.0,36.65,27.1,31.95,,3.0,0.7338893798828124,True,CALL,2026-02-27,SNOW
SNOW260227C00180000,180.0,24.6,23.25,27.55,2.0,12.0,0.6906769213867189,True,CALL,2026-02-27,SNOW
SNOW260227C00185000,185.0,20.75,20.05,22.2,4.0,8.0,0.6333044482421876,True,CALL,2026-02-27,SNOW
SNOW260227C00190000,190.0,16.2,17.2,19.25,2.0,2.0,0.6333044482421876,True,CALL,2026-02-27,SNOW
SNOW260227C00195000,195.0,15.25,15.15,16.15,9.0,11.0,0.6350134155273439,True,CALL,2026-02-27,SNOW
SNOW260227C00200000,200.0,13.4,12.0,13.85,62.0,14.0,0.6176796044921876,False,CALL,2026-02-27,SNOW
SNOW260227C00205000,205.0,10.3,10.15,13.35,46.0,31.0,0.6569858520507813,False,CALL,2026-02-27,SNOW
SNOW260227C00210000,210.0,8.9,7.55,10.1,8.0,83.0,0.6064492480468751,False,CALL,2026-02-27,SNOW
SNOW260227C00215000,215.0,7.6,6.5,7.6,68.0,61.0,0.5953409606933593,False,CALL,2026-02-27,SNOW
SNOW260227C00220000,220.0,6.2,5.4,6.05,59.0,231.0,0.5939982006835938,False,CALL,2026-02-27,SNOW
SNOW260227C00225000,225.0,5.0,4.3,4.95,135.0,17.0,0.5936319934082033,False,CALL,2026-02-27,SNOW
SNOW260227C00230000,230.0,4.15,3.25,4.0,60.0,91.0,0.5880168151855469,False,CALL,2026-02-27,SNOW
SNOW260227C00235000,235.0,2.75,2.72,3.25,10.0,62.0,0.5949747534179688,False,CALL,2026-02-27,SNOW
SNOW260227C00240000,240.0,2.6,2.0,2.82,5.0,102.0,0.5981485498046876,False,CALL,2026-02-27,SNOW
SNOW260227C00245000,245.0,1.9,1.6,2.0,11.0,44.0,0.5888712988281251,False,CALL,2026-02-27,SNOW
SNOW260227C00250000,250.0,1.53,0.5,1.73,23.0,165.0,0.5571333349609376,False,CALL,2026-02-27,SNOW
SNOW260227C00255000,255.0,2.16,0.0,2.39,129.0,3.0,0.6010782080078126,False,CALL,2026-02-27,SNOW
SNOW260227P00160000,160.0,1.51,1.27,2.06,31.0,12.0,0.6062051098632814,False,PUT,2026-02-27,SNOW
SNOW260227P00165000,165.0,2.0,1.65,2.81,1.0,5.0,0.590946473388672,False,PUT,2026-02-27,SNOW
SNOW260227P00170000,170.0,2.8,2.7,3.4,14.0,41.0,0.5831340515136718,False,PUT,2026-02-27,SNOW
SNOW260227P00175000,175.0,4.25,3.6,4.7,21.0,106.0,0.5794719787597657,False,PUT,2026-02-27,SNOW
SNOW260227P00180000,180.0,5.51,5.05,5.9,151.0,57.0,0.5738568005371094,False,PUT,2026-02-27,SNOW
SNOW260227P00185000,185.0,6.8,6.55,7.6,221.0,35.0,0.5681195532226562,False,PUT,2026-02-27,SNOW
SNOW260227P00190000,190.0,8.52,8.15,9.8,116.0,148.0,0.5626874786376954,False,PUT,2026-02-27,SNOW
SNOW260227P00195000,195.0,10.5,10.35,14.25,114.0,433.0,0.6073037316894532,False,PUT,2026-02-27,SNOW
SNOW260227P00200000,200.0,13.34,12.65,15.0,28.0,267.0,0.5571333349609376,True,PUT,2026-02-27,SNOW
SNOW260227P00205000,205.0,15.18,14.1,17.05,32.0,36.0,0.5033008654785156,True,PUT,2026-02-27,SNOW
SNOW260227P00210000,210.0,18.55,18.65,20.55,6.0,63.0,0.5377243493652344,True,PUT,2026-02-27,SNOW
SNOW260227P00215000,215.0,21.98,20.5,24.35,10.0,23.0,0.5024463818359376,True,PUT,2026-02-27,SNOW
SNOW260227P00220000,220.0,14.05,23.85,28.05,11.0,38.0,0.5969278588867188,True,PUT,2026-02-27,SNOW
SNOW260227P00225000,225.0,29.89,27.1,32.5,1.0,60.0,0.6268347863769532,True,PUT,2026-02-27,SNOW
SNOW260227P00230000,230.0,18.7,30.75,37.0,4.0,19.0,0.653445848388672,True,PUT,2026-02-27,SNOW
SNOW260227P00235000,235.0,31.65,34.8,40.25,2.0,17.0,0.594730615234375,True,PUT,2026-02-27,SNOW
SNOW260227P00240000,240.0,36.0,39.25,44.8,10.0,11.0,0.6073037316894532,True,PUT,2026-02-27,SNOW
SNOW260306C00185000,185.0,24.3,21.85,24.2,23.0,1.0,0.6535679174804689,True,CALL,2026-03-06,SNOW
SNOW260306C00190000,190.0,21.27,19.6,22.15,8.0,2.0,0.6806672558593752,True,CALL,2026-03-06,SNOW
SNOW260306C00210000,210.0,11.25,10.45,12.85,24.0,8.0,0.6613193048095705,False,CALL,2026-03-06,SNOW
SNOW260306C00215000,215.0,9.25,9.55,10.2,114.0,7.0,0.6555820574951172,False,CALL,2026-03-06,SNOW
SNOW260306C00220000,220.0,8.31,7.4,8.6,13.0,14.0,0.6366003137207032,False,CALL,2026-03-06,SNOW
SNOW260306C00230000,230.0,12.5,5.1,7.45,7.0,19.0,0.6647982739257814,False,CALL,2026-03-06,SNOW
SNOW260306C00235000,235.0,5.22,4.1,5.55,2.0,5.0,0.6392858337402343,False,CALL,2026-03-06,SNOW
SNOW260306C00240000,240.0,4.27,2.97,4.35,1.0,18.0,0.6176796044921876,False,CALL,2026-03-06,SNOW
SNOW260306C00245000,245.0,3.52,2.48,4.45,1.0,6.0,0.6458775646972656,False,CALL,2026-03-06,SNOW
SNOW260306P00165000,165.0,3.07,2.5,4.2,1.0,16.0,0.6125527026367189,False,PUT,2026-03-06,SNOW
SNOW260306P00170000,170.0,4.27,3.7,5.8,1.0,32.0,0.6281775463867189,False,PUT,2026-03-06,SNOW
SNOW260306P00175000,175.0,5.77,4.95,6.5,2.0,9.0,0.6062051098632814,False,PUT,2026-03-06,SNOW
SNOW260306P00180000,180.0,6.0,6.75,7.5,1.0,46.0,0.5963175134277343,False,PUT,2026-03-06,SNOW
SNOW260306P00185000,185.0,8.7,7.3,10.4,4.0,6.0,0.5904581970214844,False,PUT,2026-03-06,SNOW
SNOW260306P00190000,190.0,10.43,10.05,11.8,14.0,16.0,0.5882609533691407,False,PUT,2026-03-06,SNOW
SNOW260306P00195000,195.0,6.72,12.75,14.05,2.0,14.0,0.5913126806640626,False,PUT,2026-03-06,SNOW
SNOW260306P00200000,200.0,14.95,14.55,16.6,21.0,19.0,0.571415418701172,True,PUT,2026-03-06,SNOW
SNOW260320C00140000,140.0,77.41,58.65,64.35,11.0,51.0,0.8554701953125,True,CALL,2026-03-20,SNOW
SNOW260320C00145000,145.0,57.4,54.7,60.1,1.0,85.0,0.8510757080078125,True,CALL,2026-03-20,SNOW
SNOW260320C00150000,150.0,78.2,50.1,55.65,5.0,109.0,0.8136004968261719,True,CALL,2026-03-20,SNOW
SNOW260320C00155000,155.0,63.8,45.75,51.15,2.0,290.0,0.7794211511230469,True,CALL,2026-03-20,SNOW
SNOW260320C00160000,160.0,45.35,42.25,43.8,11.0,121.0,0.6903107141113283,True,CALL,2026-03-20,SNOW
SNOW260320C00165000,165.0,56.25,37.5,43.0,2.0,231.0,0.7330348962402342,True,CALL,2026-03-20,SNOW
SNOW260320C00170000,170.0,37.45,34.4,37.85,19.0,609.0,0.7017241741943359,True,CALL,2026-03-20,SNOW
SNOW260320C00175000,175.0,37.03,31.35,33.15,1.0,154.0,0.6765779412841797,True,CALL,2026-03-20,SNOW
SNOW260320C00180000,180.0,30.0,27.7,31.05,1.0,295.0,0.6848176049804688,True,CALL,2026-03-20,SNOW
SNOW260320C00185000,185.0,25.43,25.0,25.75,2.0,210.0,0.6433751483154297,True,CALL,2026-03-20,SNOW
SNOW260320C00190000,190.0,23.01,22.5,22.85,22.0,120.0,0.6433751483154297,True,CALL,2026-03-20,SNOW
SNOW260320C00195000,195.0,19.95,19.85,20.15,40.0,250.0,0.6367834173583984,True,CALL,2026-03-20,SNOW
SNOW260320C00200000,200.0,17.05,17.35,17.6,201.0,843.0,0.6281775463867189,False,CALL,2026-03-20,SNOW
SNOW260320C00210000,210.0,12.75,13.0,13.3,250.0,2871.0,0.6148109808349609,False,CALL,2026-03-20,SNOW
SNOW260320C00220000,220.0,10.25,9.65,9.95,366.0,1855.0,0.6080971807861328,False,CALL,2026-03-20,SNOW
SNOW260320C00230000,230.0,7.25,7.05,7.3,319.0,2164.0,0.6024209680175783,False,CALL,2026-03-20,SNOW
SNOW260320C00240000,240.0,5.4,5.15,5.35,438.0,2610.0,0.6013223461914063,False,CALL,2026-03-20,SNOW
SNOW260320C00250000,250.0,3.9,3.75,3.95,99.0,3207.0,0.6031533825683595,False,CALL,2026-03-20,SNOW
SNOW260320P00140000,140.0,1.3,1.24,1.38,4.0,328.0,0.6389196264648438,False,PUT,2026-03-20,SNOW
SNOW260320P00145000,145.0,1.61,1.58,1.8,30.0,363.0,0.6250037500000001,False,PUT,2026-03-20,SNOW
SNOW260320P00150000,150.0,2.32,2.11,2.37,6.0,676.0,0.6179237426757813,False,PUT,2026-03-20,SNOW
SNOW260320P00155000,155.0,2.74,2.76,3.1,1.0,2368.0,0.6116982189941409,False,PUT,2026-03-20,SNOW
SNOW260320P00160000,160.0,3.5,3.4,3.95,129.0,349.0,0.5998575170898439,False,PUT,2026-03-20,SNOW
SNOW260320P00165000,165.0,4.65,4.55,5.0,9.0,890.0,0.5991251025390626,False,PUT,2026-03-20,SNOW
SNOW260320P00170000,170.0,5.7,5.7,5.95,521.0,9058.0,0.5863688824462892,False,PUT,2026-03-20,SNOW
SNOW260320P00175000,175.0,7.28,7.1,7.55,46.0,695.0,0.5855143988037108,False,PUT,2026-03-20,SNOW
SNOW260320P00180000,180.0,8.32,8.65,9.0,194.0,1152.0,0.5755657678222657,False,PUT,2026-03-20,SNOW
SNOW260320P00185000,185.0,10.9,10.5,10.75,146.0,754.0,0.5690350714111327,False,PUT,2026-03-20,SNOW
SNOW260320P00190000,190.0,12.22,12.35,12.65,573.0,745.0,0.5570112658691408,False,PUT,2026-03-20,SNOW
SNOW260320P00195000,195.0,14.85,14.65,14.85,178.0,2118.0,0.5500533276367189,False,PUT,2026-03-20,SNOW
SNOW260320P00200000,200.0,16.43,17.25,17.45,134.0,2043.0,0.5469405657958986,True,PUT,2026-03-20,SNOW
SNOW260320P00210000,210.0,22.82,22.85,23.1,115.0,4987.0,0.5307664111328125,True,PUT,2026-03-20,SNOW
SNOW260320P00220000,220.0,30.0,29.4,29.7,59.0,3371.0,0.5154467401123046,True,PUT,2026-03-20,SNOW
SNOW260320P00230000,230.0,37.26,36.75,38.1,9.0,764.0,0.5195970892333983,True,PUT,2026-03-20,SNOW
SNOW260320P00240000,240.0,45.5,42.4,46.45,12.0,770.0,0.551762294921875,True,PUT,2026-03-20,SNOW
SNOW260320P00250000,250.0,54.06,51.9,55.9,2.0,900.0,0.5918009570312501,True,PUT,2026-03-20,SNOW
SNOW260417C00140000,140.0,83.1,60.45,65.55,1.0,85.0,0.7701439001464845,True,CALL,2026-04-17,SNOW
SNOW260417C00145000,145.0,78.35,56.0,61.15,112.0,61.0,0.7424342163085937,True,CALL,2026-04-17,SNOW
SNOW260417C00150000,150.0,55.0,51.6,56.9,1.0,26.0,0.7171659143066407,True,CALL,2026-04-17,SNOW
SNOW260417C00155000,155.0,54.4,47.5,52.95,1.0,417.0,0.7016631396484375,True,CALL,2026-04-17,SNOW
SNOW260417C00160000,160.0,45.59,43.95,48.7,1.0,48.0,0.6870758831787109,True,CALL,2026-04-17,SNOW
SNOW260417C00165000,165.0,59.77,40.2,44.15,10.0,15.0,0.6594272338867189,True,CALL,2026-04-17,SNOW
SNOW260417C00170000,170.0,48.8,36.05,40.75,2.0,32.0,0.6419103192138673,True,CALL,2026-04-17,SNOW
SNOW260417C00175000,175.0,44.8,33.1,37.6,2.0,65.0,0.6436192864990236,True,CALL,2026-04-17,SNOW
SNOW260417C00180000,180.0,36.3,29.55,34.4,1.0,23.0,0.6297034100341796,True,CALL,2026-04-17,SNOW
SNOW260417C00185000,185.0,32.38,27.25,28.55,1.0,24.0,0.5910685424804689,True,CALL,2026-04-17,SNOW
SNOW260417C00190000,190.0,26.1,25.3,25.8,10.0,147.0,0.5984537225341797,True,CALL,2026-04-17,SNOW
SNOW260417C00195000,195.0,23.75,22.45,22.8,12.0,75.0,0.5843242251586914,True,CALL,2026-04-17,SNOW
SNOW260417C00200000,200.0,20.39,20.05,20.4,20.0,203.0,0.5798992205810547,False,CALL,2026-04-17,SNOW
SNOW260417C00210000,210.0,16.14,15.85,16.2,19.0,740.0,0.5728802478027344,False,CALL,2026-04-17,SNOW
SNOW260417C00220000,220.0,12.33,12.25,12.55,55.0,344.0,0.5630536859130859,False,CALL,2026-04-17,SNOW
SNOW260417C00230000,230.0,10.25,9.4,9.65,12.0,341.0,0.5567366104125978,False,CALL,2026-04-17,SNOW
SNOW260417C00240000,240.0,7.39,7.1,7.4,29.0,444.0,0.5520674676513673,False,CALL,2026-04-17,SNOW
SNOW260417C00250000,250.0,5.99,5.45,5.75,32.0,1192.0,0.5532271240234375,False,CALL,2026-04-17,SNOW
SNOW260417P00140000,140.0,0.75,1.37,2.1,1.0,48.0,0.5500533276367189,False,PUT,2026-04-17,SNOW
SNOW260417P00145000,145.0,1.45,1.49,2.98,1.0,16.0,0.5417526293945314,False,PUT,2026-04-17,SNOW
SNOW260417P00150000,150.0,2.75,2.75,3.6,2.0,79.0,0.5524947094726562,False,PUT,2026-04-17,SNOW
SNOW260417P00155000,155.0,2.68,3.85,4.45,21.0,321.0,0.5539595385742189,False,PUT,2026-04-17,SNOW
SNOW260417P00160000,160.0,5.08,4.85,5.4,50.0,133.0,0.547428842163086,False,PUT,2026-04-17,SNOW
SNOW260417P00165000,165.0,6.35,6.1,6.6,15.0,159.0,0.5444991839599609,False,PUT,2026-04-17,SNOW
SNOW260417P00170000,170.0,7.4,7.4,7.75,11.0,112.0,0.5349777947998047,False,PUT,2026-04-17,SNOW
SNOW260417P00175000,175.0,8.98,8.8,9.25,12.0,159.0,0.5274095111083985,False,PUT,2026-04-17,SNOW
SNOW260417P00180000,180.0,10.73,10.55,10.85,7.0,302.0,0.5211229528808592,False,PUT,2026-04-17,SNOW
SNOW260417P00185000,185.0,12.1,12.5,13.05,143.0,1117.0,0.5208177801513671,False,PUT,2026-04-17,SNOW
SNOW260417P00190000,190.0,14.85,14.6,15.25,12.0,448.0,0.5164843273925781,False,PUT,2026-04-17,SNOW
SNOW260417P00195000,195.0,16.27,16.8,17.65,6.0,138.0,0.5104419073486328,False,PUT,2026-04-17,SNOW
SNOW260417P00200000,200.0,20.0,19.4,20.0,76.0,1003.0,0.5036060382080079,True,PUT,2026-04-17,SNOW
SNOW260417P00210000,210.0,24.81,25.1,25.95,12.0,942.0,0.5087024227905274,True,PUT,2026-04-17,SNOW
SNOW260417P00220000,220.0,31.73,31.65,33.3,2.0,1082.0,0.5004322418212892,True,PUT,2026-04-17,SNOW
SNOW260417P00230000,230.0,39.25,38.25,39.95,22.0,313.0,0.5001270690917969,True,PUT,2026-04-17,SNOW
SNOW260417P00240000,240.0,46.22,45.15,47.95,1.0,476.0,0.4986622399902344,True,PUT,2026-04-17,SNOW
SNOW260417P00250000,250.0,46.83,51.65,55.55,10.0,202.0,0.4602715106201172,True,PUT,2026-04-17,SNOW
SNOW260515C00140000,140.0,74.95,61.7,66.85,2.0,117.0,0.7171659143066407,True,CALL,2026-05-15,SNOW
SNOW260515C00145000,145.0,60.15,57.4,62.65,1.0,3.0,0.6962310650634767,True,CALL,2026-05-15,SNOW
SNOW260515C00150000,150.0,68.88,53.3,58.6,1.0,7.0,0.6795075994873048,True,CALL,2026-05-15,SNOW
SNOW260515C00155000,155.0,63.23,49.0,53.45,10.0,25.0,0.6378210046386719,True,CALL,2026-05-15,SNOW
SNOW260515C00160000,160.0,66.5,45.9,50.65,1.0,10.0,0.6531406756591798,True,CALL,2026-05-15,SNOW
SNOW260515C00165000,165.0,53.09,41.65,46.85,1.0,17.0,0.6296423754882813,True,CALL,2026-05-15,SNOW
SNOW260515C00170000,170.0,46.82,38.95,42.55,1.0,19.0,0.6189002954101563,True,CALL,2026-05-15,SNOW
SNOW260515C00175000,175.0,47.0,35.65,40.0,2.0,12.0,0.6201820208740236,True,CALL,2026-05-15,SNOW
SNOW260515C00180000,180.0,49.85,32.1,35.8,1.0,73.0,0.5924723370361329,True,CALL,2026-05-15,SNOW
SNOW260515C00185000,185.0,36.55,28.65,30.85,1.0,80.0,0.5543257458496094,True,CALL,2026-05-15,SNOW
SNOW260515C00190000,190.0,28.25,27.4,28.1,3.0,71.0,0.5678143804931641,True,CALL,2026-05-15,SNOW
SNOW260515C00195000,195.0,26.17,25.1,25.5,2.0,45.0,0.5658612750244141,True,CALL,2026-05-15,SNOW
SNOW260515C00200000,200.0,24.53,22.7,23.1,112.0,179.0,0.5612226495361328,False,CALL,2026-05-15,SNOW
SNOW260515C00210000,210.0,19.05,18.4,18.7,3.0,65.0,0.5515181567382813,False,CALL,2026-05-15,SNOW
SNOW260515C00220000,220.0,14.45,14.8,15.1,29.0,198.0,0.5452926330566408,False,CALL,2026-05-15,SNOW
SNOW260515C00230000,230.0,12.6,11.8,12.05,1.0,283.0,0.5395553857421876,False,CALL,2026-05-15,SNOW
SNOW260515C00240000,240.0,10.05,9.3,9.8,116.0,221.0,0.5377243493652344,False,CALL,2026-05-15,SNOW
SNOW260515C00250000,250.0,8.0,7.4,7.85,18.0,1139.0,0.5368088311767578,False,CALL,2026-05-15,SNOW
SNOW260515P00140000,140.0,1.93,1.83,3.25,1.0,11.0,0.5240526110839843,False,PUT,2026-05-15,SNOW
SNOW260515P00145000,145.0,1.96,2.6,3.85,1.0,45.0,0.5192919165039063,False,PUT,2026-05-15,SNOW
SNOW260515P00150000,150.0,2.95,3.8,4.95,2.0,14.0,0.529423651123047,False,PUT,2026-05-15,SNOW
SNOW260515P00155000,155.0,3.8,4.85,5.9,21.0,56.0,0.5250291638183593,False,PUT,2026-05-15,SNOW
SNOW260515P00160000,160.0,5.0,6.3,7.2,20.0,54.0,0.528447098388672,False,PUT,2026-05-15,SNOW
SNOW260515P00165000,165.0,7.9,7.65,8.0,1.0,567.0,0.5159350164794922,False,PUT,2026-05-15,SNOW
SNOW260515P00170000,170.0,6.75,8.45,10.05,22.0,408.0,0.5100757000732423,False,PUT,2026-05-15,SNOW
SNOW260515P00175000,175.0,10.95,10.7,11.3,19.0,67.0,0.5085498364257812,False,PUT,2026-05-15,SNOW
SNOW260515P00180000,180.0,12.39,12.4,13.0,21.0,1184.0,0.5007374145507812,False,PUT,2026-05-15,SNOW
SNOW260515P00185000,185.0,14.9,14.4,15.05,4.0,172.0,0.5049487982177734,False,PUT,2026-05-15,SNOW
SNOW260515P00190000,190.0,17.08,16.55,16.8,75.0,157.0,0.48950705810546885,False,PUT,2026-05-15,SNOW
SNOW260515P00195000,195.0,14.83,18.8,19.2,1.0,176.0,0.48566188171386715,False,PUT,2026-05-15,SNOW
SNOW260515P00200000,200.0,21.25,21.35,21.7,62.0,412.0,0.4797415307617187,True,PUT,2026-05-15,SNOW
SNOW260515P00210000,210.0,27.72,27.05,27.4,120.0,867.0,0.4713187634277344,True,PUT,2026-05-15,SNOW
SNOW260515P00220000,220.0,33.35,33.35,33.7,12.0,866.0,0.4602715106201172,True,PUT,2026-05-15,SNOW
SNOW260515P00230000,230.0,40.85,40.35,41.7,25.0,277.0,0.4760794580078125,True,PUT,2026-05-15,SNOW
SNOW260515P00240000,240.0,47.42,47.9,49.65,1.0,299.0,0.4782156671142578,True,PUT,2026-05-15,SNOW
SNOW260515P00250000,250.0,43.31,54.1,58.2,2.0,70.0,0.4859670544433594,True,PUT,2026-05-15,SNOW
SNOW260618C00140000,140.0,88.4,63.9,69.55,4.0,34.0,0.7105741833496093,True,CALL,2026-06-18,SNOW
SNOW260618C00145000,145.0,63.35,60.2,64.8,7.0,613.0,0.6875641595458986,True,CALL,2026-06-18,SNOW
SNOW260618C00150000,150.0,66.7,56.85,61.1,2.0,387.0,0.6840851904296876,True,CALL,2026-06-18,SNOW
SNOW260618C00155000,155.0,55.8,52.6,57.75,4.0,54.0,0.6694368994140626,True,CALL,2026-06-18,SNOW
SNOW260618C00160000,160.0,51.9,49.0,53.45,8.0,92.0,0.6486241192626954,True,CALL,2026-06-18,SNOW
SNOW260618C00165000,165.0,48.55,45.8,49.4,10.0,42.0,0.6344030700683594,True,CALL,2026-06-18,SNOW
SNOW260618C00170000,170.0,44.6,43.05,46.2,1.0,84.0,0.6336096209716797,True,CALL,2026-06-18,SNOW
SNOW260618C00175000,175.0,48.05,39.45,43.55,1.0,325.0,0.6260108200073243,True,CALL,2026-06-18,SNOW
SNOW260618C00180000,180.0,45.89,35.9,40.75,2.0,614.0,0.6145668426513673,True,CALL,2026-06-18,SNOW
SNOW260618C00185000,185.0,46.82,33.9,35.5,1.0,272.0,0.5908854388427736,True,CALL,2026-06-18,SNOW
SNOW260618C00190000,190.0,32.0,31.55,34.95,1.0,279.0,0.611576149902344,True,CALL,2026-06-18,SNOW
SNOW260618C00195000,195.0,30.3,29.6,30.55,12.0,180.0,0.5925028543090821,True,CALL,2026-06-18,SNOW
SNOW260618C00200000,200.0,28.75,27.4,28.3,21.0,905.0,0.5907633697509767,False,CALL,2026-06-18,SNOW
SNOW260618C00210000,210.0,24.25,23.1,23.6,32.0,1911.0,0.5783733569335938,False,CALL,2026-06-18,SNOW
SNOW260618C00220000,220.0,20.97,19.5,20.45,19.0,721.0,0.5789226678466797,False,CALL,2026-06-18,SNOW
SNOW260618C00230000,230.0,16.25,16.25,17.05,4.0,1105.0,0.5710797286987305,False,CALL,2026-06-18,SNOW
SNOW260618C00240000,240.0,14.55,13.45,14.45,9.0,1117.0,0.5674786904907226,False,CALL,2026-06-18,SNOW
SNOW260618C00250000,250.0,11.3,11.05,11.8,44.0,1472.0,0.5592085095214845,False,CALL,2026-06-18,SNOW
SNOW260618P00140000,140.0,4.45,4.5,4.9,22.0,157.0,0.5538985040283204,False,PUT,2026-06-18,SNOW
SNOW260618P00145000,145.0,5.05,5.25,6.0,19.0,331.0,0.5478560839843751,False,PUT,2026-06-18,SNOW
SNOW260618P00150000,150.0,6.76,6.55,7.1,11.0,961.0,0.5470626348876955,False,PUT,2026-06-18,SNOW
SNOW260618P00155000,155.0,7.7,7.45,8.3,12.0,716.0,0.5369919348144532,False,PUT,2026-06-18,SNOW
SNOW260618P00160000,160.0,8.9,9.15,9.7,5.0,547.0,0.5379684875488282,False,PUT,2026-06-18,SNOW
SNOW260618P00165000,165.0,7.61,10.15,11.4,6.0,737.0,0.5291184783935547,False,PUT,2026-06-18,SNOW
SNOW260618P00170000,170.0,12.1,12.25,12.95,13.0,1063.0,0.5288743402099609,False,PUT,2026-06-18,SNOW
SNOW260618P00175000,175.0,10.45,13.65,14.9,178.0,790.0,0.5211229528808592,False,PUT,2026-06-18,SNOW
SNOW260618P00180000,180.0,15.73,16.1,16.9,8.0,917.0,0.5225877819824218,False,PUT,2026-06-18,SNOW
SNOW260618P00185000,185.0,14.35,17.9,19.15,2.0,408.0,0.515904499206543,False,PUT,2026-06-18,SNOW
SNOW260618P00190000,190.0,20.03,20.45,21.25,4.0,1108.0,0.512425530090332,False,PUT,2026-06-18,SNOW
SNOW260618P00195000,195.0,22.5,22.85,23.75,151.0,2918.0,0.5082751809692383,False,PUT,2026-06-18,SNOW
SNOW260618P00200000,200.0,25.3,25.45,26.5,3.0,1330.0,0.5055896609497069,True,PUT,2026-06-18,SNOW
SNOW260618P00210000,210.0,31.8,31.15,32.15,3.0,846.0,0.5077563873291016,True,PUT,2026-06-18,SNOW
SNOW260618P00220000,220.0,37.42,37.35,38.5,6.0,1209.0,0.5018360363769532,True,PUT,2026-06-18,SNOW
SNOW260618P00230000,230.0,33.75,44.1,45.85,6.0,527.0,0.5060474200439453,True,PUT,2026-06-18,SNOW
SNOW260618P00240000,240.0,51.46,50.95,53.35,5.0,267.0,0.5038501763916017,True,PUT,2026-06-18,SNOW
SNOW260618P00250000,250.0,47.65,56.8,60.55,5.0,436.0,0.4842886044311524,True,PUT,2026-06-18,SNOW
SNOW260821C00140000,140.0,74.0,66.6,71.9,1.0,3.0,0.6578403356933593,True,CALL,2026-08-21,SNOW
SNOW260821C00145000,145.0,94.08,62.8,68.15,2.0,2.0,0.6462742892456054,True,CALL,2026-08-21,SNOW
SNOW260821C00150000,150.0,62.95,59.35,63.1,6.0,12.0,0.6216468499755861,True,CALL,2026-08-21,SNOW
SNOW260821C00155000,155.0,64.5,55.5,60.95,2.0,3.0,0.6246985772705078,True,CALL,2026-08-21,SNOW
SNOW260821C00160000,160.0,55.4,52.8,56.85,7.0,9.0,0.616062189025879,True,CALL,2026-08-21,SNOW
SNOW260821C00165000,165.0,60.25,49.2,52.95,44.0,24.0,0.5982706188964844,True,CALL,2026-08-21,SNOW
SNOW260821C00170000,170.0,51.65,45.95,50.2,,1.0,0.5941202697753907,True,CALL,2026-08-21,SNOW
SNOW260821C00175000,175.0,51.0,43.0,47.15,1.0,2.0,0.5877421597290039,True,CALL,2026-08-21,SNOW
SNOW260821C00180000,180.0,54.7,39.95,44.7,4.0,24.0,0.5840190524291992,True,CALL,2026-08-21,SNOW
SNOW260821C00185000,185.0,48.1,36.95,41.3,2.0,44.0,0.5700726586914062,True,CALL,2026-08-21,SNOW
SNOW260821C00190000,190.0,47.7,35.1,38.9,1.0,103.0,0.5735516278076171,True,CALL,2026-08-21,SNOW
SNOW260821C00195000,195.0,47.9,32.45,35.55,2.0,46.0,0.559574716796875,True,CALL,2026-08-21,SNOW
SNOW260821C00200000,200.0,31.0,30.85,32.85,3.0,22.0,0.5585371295166017,False,CALL,2026-08-21,SNOW
SNOW260821C00210000,210.0,28.0,26.2,28.1,3.0,117.0,0.5439803903198243,False,CALL,2026-08-21,SNOW
SNOW260821C00220000,220.0,35.32,22.45,24.35,5.0,209.0,0.5382736602783205,False,CALL,2026-08-21,SNOW
SNOW260821C00230000,230.0,20.43,19.3,21.05,2.0,94.0,0.534581070251465,False,CALL,2026-08-21,SNOW
SNOW260821C00240000,240.0,26.48,16.45,19.25,2.0,62.0,0.5401352139282228,False,CALL,2026-08-21,SNOW
SNOW260821C00250000,250.0,14.8,14.3,15.25,6.0,52.0,0.5264329583740235,False,CALL,2026-08-21,SNOW
SNOW260821P00140000,140.0,6.05,6.1,6.5,15.0,13.0,0.5107470800781251,False,PUT,2026-08-21,SNOW
SNOW260821P00145000,145.0,7.2,5.9,7.6,15.0,10.0,0.5117236328125,False,PUT,2026-08-21,SNOW
SNOW260821P00150000,150.0,6.96,8.1,8.9,10.0,23.0,0.5087024227905274,False,PUT,2026-08-21,SNOW
SNOW260821P00155000,155.0,10.05,9.4,10.25,17.0,14.0,0.5037281072998048,False,PUT,2026-08-21,SNOW
SNOW260821P00160000,160.0,11.4,11.15,11.7,9.0,2.0,0.4981739636230469,False,PUT,2026-08-21,SNOW
SNOW260821P00165000,165.0,9.1,10.85,13.35,1.0,50.0,0.49420671813964845,False,PUT,2026-08-21,SNOW
SNOW260821P00170000,170.0,14.7,14.3,15.15,1.0,30.0,0.4905446453857423,False,PUT,2026-08-21,SNOW
SNOW260821P00175000,175.0,16.24,16.2,17.1,1.0,11.0,0.4871267108154297,False,PUT,2026-08-21,SNOW
SNOW260821P00180000,180.0,16.32,18.4,19.25,40.0,46.0,0.48480739807128903,False,PUT,2026-08-21,SNOW
SNOW260821P00185000,185.0,18.28,18.55,21.8,1.0,28.0,0.4871267108154297,False,PUT,2026-08-21,SNOW
SNOW260821P00190000,190.0,20.5,21.2,24.2,1.0,15.0,0.4840749835205078,False,PUT,2026-08-21,SNOW
SNOW260821P00195000,195.0,24.5,24.65,26.7,3.0,10.0,0.4803518762207031,False,PUT,2026-08-21,SNOW
SNOW260821P00200000,200.0,27.0,27.15,29.4,16.0,254.0,0.4777884252929688,True,PUT,2026-08-21,SNOW
SNOW260821P00210000,210.0,32.05,33.65,35.2,45.0,146.0,0.47272255798339846,True,PUT,2026-08-21,SNOW
SNOW260821P00220000,220.0,39.84,38.45,41.6,53.0,123.0,0.469304623413086,True,PUT,2026-08-21,SNOW
SNOW260821P00230000,230.0,39.24,44.15,48.5,1.0,82.0,0.4664970343017578,True,PUT,2026-08-21,SNOW
SNOW260821P00240000,240.0,53.06,51.5,54.6,1.0,8.0,0.44122873229980464,True,PUT,2026-08-21,SNOW
SNOW260821P00250000,250.0,44.99,59.3,63.05,4.0,5.0,0.4516046051025391,True,PUT,2026-08-21,SNOW
SNOW260918C00140000,140.0,76.05,68.0,73.75,2.0,53.0,0.6563144720458984,True,CALL,2026-09-18,SNOW
SNOW260918C00145000,145.0,78.0,64.7,68.65,10.0,3.0,0.633518069152832,True,CALL,2026-09-18,SNOW
SNOW260918C00150000,150.0,70.3,60.95,65.9,2.0,32.0,0.6311072045898438,True,CALL,2026-09-18,SNOW
SNOW260918C00155000,155.0,70.45,57.6,62.8,4.0,11.0,0.6268347863769532,True,CALL,2026-09-18,SNOW
SNOW260918C00160000,160.0,73.7,54.1,58.75,1.0,14.0,0.6094704580688478,True,CALL,2026-09-18,SNOW
SNOW260918C00165000,165.0,59.19,51.95,55.5,2.0,19.0,0.6117287362670901,True,CALL,2026-09-18,SNOW
SNOW260918C00170000,170.0,59.0,48.45,52.6,2.0,52.0,0.6022988989257814,True,CALL,2026-09-18,SNOW
SNOW260918C00175000,175.0,57.0,45.9,49.75,1.0,22.0,0.6002542416381836,True,CALL,2026-09-18,SNOW
SNOW260918C00180000,180.0,53.8,42.95,46.65,2.0,15.0,0.5906107833862305,True,CALL,2026-09-18,SNOW
SNOW260918C00185000,185.0,53.4,40.55,44.35,40.0,48.0,0.590946473388672,True,CALL,2026-09-18,SNOW
SNOW260918C00190000,190.0,47.0,37.65,39.85,10.0,87.0,0.5668073104858399,True,CALL,2026-09-18,SNOW
SNOW260918C00195000,195.0,37.49,35.65,38.0,1.0,239.0,0.5708050732421875,True,CALL,2026-09-18,SNOW
SNOW260918C00200000,200.0,35.8,33.45,35.75,15.0,177.0,0.5680585186767577,False,CALL,2026-09-18,SNOW
SNOW260918C00210000,210.0,30.86,29.15,32.0,2.0,247.0,0.5644574804687501,False,CALL,2026-09-18,SNOW
SNOW260918C00220000,220.0,27.56,25.25,28.2,6.0,212.0,0.5574385076904298,False,CALL,2026-09-18,SNOW
SNOW260918C00230000,230.0,23.29,22.0,24.9,2.0,281.0,0.5537459176635743,False,CALL,2026-09-18,SNOW
SNOW260918C00240000,240.0,20.25,19.3,21.0,1.0,235.0,0.5441024594116212,False,CALL,2026-09-18,SNOW
SNOW260918C00250000,250.0,17.45,16.75,18.2,9.0,767.0,0.5393417648315432,False,CALL,2026-09-18,SNOW
SNOW260918P00140000,140.0,6.04,7.15,8.2,10.0,138.0,0.5177660528564454,False,PUT,2026-09-18,SNOW
SNOW260918P00145000,145.0,6.85,8.35,9.0,8.0,221.0,0.5077869046020508,False,PUT,2026-09-18,SNOW
SNOW260918P00150000,150.0,10.3,9.6,10.4,2.0,310.0,0.503483969116211,False,PUT,2026-09-18,SNOW
SNOW260918P00155000,155.0,6.96,0.0,0.0,2.0,95.0,0.062509375,False,PUT,2026-09-18,SNOW
SNOW260918P00160000,160.0,10.49,12.4,13.4,1.0,274.0,0.5029041409301759,False,PUT,2026-09-18,SNOW
SNOW260918P00165000,165.0,14.97,14.15,15.1,1.0,40.0,0.498326549987793,False,PUT,2026-09-18,SNOW
SNOW260918P00170000,170.0,14.0,15.55,16.95,8.0,176.0,0.4942372354125977,False,PUT,2026-09-18,SNOW
SNOW260918P00175000,175.0,14.8,16.1,19.55,1.0,90.0,0.501378277282715,False,PUT,2026-09-18,SNOW
SNOW260918P00180000,180.0,16.28,19.9,21.6,1.0,337.0,0.49597671997070314,False,PUT,2026-09-18,SNOW
SNOW260918P00185000,185.0,20.0,22.0,23.9,10.0,55.0,0.492741889038086,False,PUT,2026-09-18,SNOW
SNOW260918P00190000,190.0,25.65,22.7,26.35,1.0,827.0,0.48987326538085946,False,PUT,2026-09-18,SNOW
SNOW260918P00195000,195.0,26.95,26.85,28.95,1.0,574.0,0.4874013662719727,False,PUT,2026-09-18,SNOW
SNOW260918P00200000,200.0,29.85,29.2,31.6,2.0,661.0,0.48373929351806644,True,PUT,2026-09-18,SNOW
SNOW260918P00210000,210.0,36.05,34.25,37.3,1.0,3131.0,0.47699497619628906,True,PUT,2026-09-18,SNOW
SNOW260918P00220000,220.0,36.01,40.4,43.85,2.0,336.0,0.47641514801025386,True,PUT,2026-09-18,SNOW
SNOW260918P00230000,230.0,37.5,46.25,50.15,3.0,252.0,0.4648185842895508,True,PUT,2026-09-18,SNOW
SNOW260918P00240000,240.0,49.2,53.85,57.25,1.0,210.0,0.4594475442504883,True,PUT,2026-09-18,SNOW
SNOW260918P00250000,250.0,53.25,61.2,65.2,2.0,202.0,0.46237720245361336,True,PUT,2026-09-18,SNOW
SNOW261218C00140000,140.0,81.8,72.0,79.0,2.0,86.0,0.6492344647216797,True,CALL,2026-12-18,SNOW
SNOW261218C00145000,145.0,94.65,68.05,75.0,2.0,201.0,0.6301001345825196,True,CALL,2026-12-18,SNOW
SNOW261218C00150000,150.0,69.0,63.0,70.7,1.0,112.0,0.5978738943481446,True,CALL,2026-12-18,SNOW
SNOW261218C00155000,155.0,73.4,62.45,67.75,2.0,54.0,0.6170692590332032,True,CALL,2026-12-18,SNOW
SNOW261218C00160000,160.0,78.0,60.1,65.0,1.0,114.0,0.6195716754150393,True,CALL,2026-12-18,SNOW
SNOW261218C00165000,165.0,70.75,56.5,61.9,3.0,134.0,0.6073037316894532,True,CALL,2026-12-18,SNOW
SNOW261218C00170000,170.0,65.4,53.55,59.0,2.0,205.0,0.6007730352783205,True,CALL,2026-12-18,SNOW
SNOW261218C00175000,175.0,64.81,50.35,56.75,5.0,296.0,0.59610389251709,True,CALL,2026-12-18,SNOW
SNOW261218C00180000,180.0,56.85,48.45,53.9,5.0,123.0,0.5953409606933593,True,CALL,2026-12-18,SNOW
SNOW261218C00185000,185.0,48.18,46.05,50.45,2.0,39.0,0.5851787088012695,True,CALL,2026-12-18,SNOW
SNOW261218C00190000,190.0,46.0,43.75,46.55,14.0,110.0,0.5715374877929689,True,CALL,2026-12-18,SNOW
SNOW261218C00195000,195.0,43.8,41.25,45.55,3.0,513.0,0.5759930096435546,True,CALL,2026-12-18,SNOW
SNOW261218C00200000,200.0,42.0,39.4,41.5,3.0,1370.0,0.5623823059082032,False,CALL,2026-12-18,SNOW
SNOW261218C00210000,210.0,37.18,35.25,37.4,19.0,2134.0,0.5565840240478517,False,CALL,2026-12-18,SNOW
SNOW261218C00220000,220.0,33.42,31.65,33.35,162.0,2078.0,0.5504195349121095,False,CALL,2026-12-18,SNOW
SNOW261218C00230000,230.0,29.55,28.1,30.5,7.0,319.0,0.5485274639892579,False,CALL,2026-12-18,SNOW
SNOW261218C00240000,240.0,26.0,25.05,26.95,2.0,296.0,0.5413253875732424,False,CALL,2026-12-18,SNOW
SNOW261218C00250000,250.0,22.66,21.85,24.1,11.0,2196.0,0.5341233111572266,False,CALL,2026-12-18,SNOW
SNOW261218P00140000,140.0,9.25,6.05,12.95,1.0,80.0,0.5533491931152343,False,PUT,2026-12-18,SNOW
SNOW261218P00145000,145.0,7.12,0.0,0.0,21.0,412.0,0.062509375,False,PUT,2026-12-18,SNOW
SNOW261218P00150000,150.0,13.65,13.25,14.4,23.0,3872.0,0.5010120700073243,False,PUT,2026-12-18,SNOW
SNOW261218P00155000,155.0,14.1,14.1,17.35,1.0,357.0,0.5013172427368165,False,PUT,2026-12-18,SNOW
SNOW261218P00160000,160.0,16.57,14.8,17.5,1.0,117.0,0.49725844543457043,False,PUT,2026-12-18,SNOW
SNOW261218P00165000,165.0,15.65,16.75,19.7,2.0,676.0,0.49835706726074225,False,PUT,2026-12-18,SNOW
SNOW261218P00170000,170.0,17.72,19.85,21.4,2.0,989.0,0.48950705810546885,False,PUT,2026-12-18,SNOW
SNOW261218P00175000,175.0,22.85,21.95,23.5,53.0,1539.0,0.48541774353027345,False,PUT,2026-12-18,SNOW
SNOW261218P00180000,180.0,19.1,22.2,26.4,6.0,186.0,0.49158223266601564,False,PUT,2026-12-18,SNOW
SNOW261218P00185000,185.0,20.78,25.0,28.6,15.0,59.0,0.48560084716796875,False,PUT,2026-12-18,SNOW
SNOW261218P00190000,190.0,29.2,29.4,30.8,3.0,92.0,0.47818514984130855,False,PUT,2026-12-18,SNOW
SNOW261218P00195000,195.0,32.4,28.85,32.7,5.0,165.0,0.4653068606567383,False,PUT,2026-12-18,SNOW
SNOW261218P00200000,200.0,27.0,34.0,35.55,1.0,830.0,0.4642387561035156,True,PUT,2026-12-18,SNOW
SNOW261218P00210000,210.0,34.95,36.85,41.85,2.0,231.0,0.4658866888427735,True,PUT,2026-12-18,SNOW
SNOW261218P00220000,220.0,37.71,44.3,50.2,1.0,533.0,0.48958335128784186,True,PUT,2026-12-18,SNOW
SNOW261218P00230000,230.0,49.19,50.85,55.0,1.0,209.0,0.46048513153076176,True,PUT,2026-12-18,SNOW
SNOW261218P00240000,240.0,47.38,56.05,61.95,1.0,275.0,0.45560236785888675,True,PUT,2026-12-18,SNOW
SNOW261218P00250000,250.0,49.08,64.9,69.65,1.0,296.0,0.4567315069580079,True,PUT,2026-12-18,SNOW
SNOW270115C00140000,140.0,77.6,73.45,79.35,2.0,58.0,0.6398046273803711,True,CALL,2027-01-15,SNOW
SNOW270115C00145000,145.0,82.65,70.65,74.45,2.0,143.0,0.6229590927124024,True,CALL,2027-01-15,SNOW
SNOW270115C00150000,150.0,69.9,66.25,71.6,18.0,640.0,0.6095314926147463,True,CALL,2027-01-15,SNOW
SNOW270115C00155000,155.0,66.75,64.05,67.6,307.0,2208.0,0.6040078662109377,True,CALL,2027-01-15,SNOW
SNOW270115C00160000,160.0,64.65,61.1,64.2,32.0,143.0,0.5960123406982423,True,CALL,2027-01-15,SNOW
SNOW270115C00165000,165.0,70.53,56.75,63.15,9.0,587.0,0.5942423388671876,True,CALL,2027-01-15,SNOW
SNOW270115C00170000,170.0,58.35,55.1,58.95,39.0,460.0,0.5876506079101562,True,CALL,2027-01-15,SNOW
SNOW270115C00175000,175.0,53.5,51.7,56.45,1.0,331.0,0.5795635305786133,True,CALL,2027-01-15,SNOW
SNOW270115C00180000,180.0,52.95,49.3,53.25,3.0,670.0,0.5725750750732423,True,CALL,2027-01-15,SNOW
SNOW270115C00185000,185.0,61.95,46.4,50.9,1.0,120.0,0.5669904141235352,True,CALL,2027-01-15,SNOW
SNOW270115C00190000,190.0,46.54,45.1,48.3,3.0,241.0,0.5695843823242188,True,CALL,2027-01-15,SNOW
SNOW270115C00195000,195.0,48.34,42.95,47.0,10.0,379.0,0.573872059173584,True,CALL,2027-01-15,SNOW
SNOW270115C00200000,200.0,41.5,40.65,43.25,44.0,3659.0,0.5595289408874511,False,CALL,2027-01-15,SNOW
SNOW270115C00210000,210.0,38.12,36.55,38.65,31.0,1708.0,0.5506331558227541,False,CALL,2027-01-15,SNOW
SNOW270115C00220000,220.0,34.7,32.95,34.5,183.0,4142.0,0.5439193557739258,False,CALL,2027-01-15,SNOW
SNOW270115C00230000,230.0,31.45,29.5,32.0,15.0,2653.0,0.5449569430541993,False,CALL,2027-01-15,SNOW
SNOW270115C00240000,240.0,27.85,26.25,28.15,6.0,428.0,0.5349472775268554,False,CALL,2027-01-15,SNOW
SNOW270115C00250000,250.0,24.75,23.55,25.85,22.0,886.0,0.5351303811645508,False,CALL,2027-01-15,SNOW
SNOW270115P00140000,140.0,11.0,10.65,11.75,1.0,147.0,0.5069629382324219,False,PUT,2027-01-15,SNOW
SNOW270115P00145000,145.0,10.51,10.8,13.5,10.0,696.0,0.507817421875,False,PUT,2027-01-15,SNOW
SNOW270115P00150000,150.0,14.25,14.0,14.75,21.0,3295.0,0.4973194799804688,False,PUT,2027-01-15,SNOW
SNOW270115P00155000,155.0,12.0,14.3,16.55,1.0,1343.0,0.49506120178222657,False,PUT,2027-01-15,SNOW
SNOW270115P00160000,160.0,15.0,17.8,17.8,10.0,588.0,0.48196929168701175,False,PUT,2027-01-15,SNOW
SNOW270115P00165000,165.0,17.1,18.75,20.3,500.0,1216.0,0.48752343536376963,False,PUT,2027-01-15,SNOW
SNOW270115P00170000,170.0,21.54,20.3,23.2,1.0,3444.0,0.4967701690673829,False,PUT,2027-01-15,SNOW
SNOW270115P00175000,175.0,18.3,22.1,25.5,2.0,2662.0,0.49490861541748044,False,PUT,2027-01-15,SNOW
SNOW270115P00180000,180.0,19.61,24.8,27.0,1.0,4828.0,0.4801382553100586,False,PUT,2027-01-15,SNOW
SNOW270115P00185000,185.0,28.29,25.75,29.5,10.0,333.0,0.4783529948425293,False,PUT,2027-01-15,SNOW
SNOW270115P00190000,190.0,30.35,30.4,31.7,2.0,311.0,0.4710135906982422,False,PUT,2027-01-15,SNOW
SNOW270115P00195000,195.0,27.85,32.1,34.85,56.0,659.0,0.47510290527343746,False,PUT,2027-01-15,SNOW
SNOW270115P00200000,200.0,35.3,35.0,36.6,30.0,2734.0,0.4592339233398438,True,PUT,2027-01-15,SNOW
SNOW270115P00210000,210.0,34.16,41.15,42.7,1.0,1003.0,0.45798271514892586,True,PUT,2027-01-15,SNOW
SNOW270115P00220000,220.0,37.15,45.0,48.8,4.0,1308.0,0.4516503810119629,True,PUT,2027-01-15,SNOW
SNOW270115P00230000,230.0,52.88,53.35,55.7,7.0,2185.0,0.45091796646118165,True,PUT,2027-01-15,SNOW
SNOW270115P00240000,240.0,59.6,59.15,62.75,14.0,4202.0,0.4477289114379882,True,PUT,2027-01-15,SNOW
SNOW270115P00250000,250.0,66.55,66.15,69.0,4.0,438.0,0.42934225448608404,True,PUT,2027-01-15,SNOW
SNOW270319C00140000,140.0,97.48,76.05,82.0,1.0,4.0,0.6342199664306643,True,CALL,2027-03-19,SNOW
SNOW270319C00145000,145.0,97.6,72.5,79.0,20.0,11.0,0.6263159927368166,True,CALL,2027-03-19,SNOW
SNOW270319C00150000,150.0,79.25,68.4,76.0,1.0,15.0,0.6131020135498049,True,CALL,2027-03-19,SNOW
SNOW270319C00155000,155.0,77.25,65.0,73.0,2.0,2.0,0.6046182116699221,True,CALL,2027-03-19,SNOW
SNOW270319C00160000,160.0,71.45,62.0,70.0,2.0,3.0,0.5981485498046876,True,CALL,2027-03-19,SNOW
SNOW270319C00165000,165.0,71.55,61.25,67.0,2.0,2.0,0.6067544207763673,True,CALL,2027-03-19,SNOW
SNOW270319C00170000,170.0,70.2,57.75,64.0,2.0,8.0,0.5945169943237305,True,CALL,2027-03-19,SNOW
SNOW270319C00175000,175.0,58.8,55.65,60.3,3.0,4.0,0.5863688824462892,True,CALL,2027-03-19,SNOW
SNOW270319C00180000,180.0,63.8,52.0,59.0,2.0,4.0,0.5830272410583495,True,CALL,2027-03-19,SNOW
SNOW270319C00185000,185.0,53.5,51.15,55.55,1.0,12.0,0.582889913330078,True,CALL,2027-03-19,SNOW
SNOW270319C00190000,190.0,68.5,47.5,53.95,3.0,5.0,0.5756268023681641,True,CALL,2027-03-19,SNOW
SNOW270319C00195000,195.0,48.17,45.0,50.75,1.0,10.0,0.5647321359252931,True,CALL,2027-03-19,SNOW
SNOW270319C00200000,200.0,45.7,44.35,46.95,1.0,18.0,0.5608869595336915,False,CALL,2027-03-19,SNOW
SNOW270319C00210000,210.0,42.0,40.1,42.55,1.0,6.0,0.5520674676513673,False,CALL,2027-03-19,SNOW
SNOW270319C00220000,220.0,37.65,35.05,40.65,4.0,10.0,0.5501448794555664,False,CALL,2027-03-19,SNOW
SNOW270319C00230000,230.0,35.05,32.9,37.45,3.0,10.0,0.5544935908508302,False,CALL,2027-03-19,SNOW
SNOW270319C00240000,240.0,40.57,28.8,34.95,1.0,33.0,0.5483748776245119,False,CALL,2027-03-19,SNOW
SNOW270319C00250000,250.0,37.0,26.2,32.55,20.0,29.0,0.549000481719971,False,CALL,2027-03-19,SNOW
SNOW270319P00140000,140.0,12.33,9.75,14.1,2.0,6.0,0.5097400100708008,False,PUT,2027-03-19,SNOW
SNOW270319P00145000,145.0,13.93,12.8,15.75,2.0,2.0,0.5063525927734375,False,PUT,2027-03-19,SNOW
SNOW270319P00150000,150.0,12.8,14.7,17.85,1.0,1.0,0.5085803536987304,False,PUT,2027-03-19,SNOW
SNOW270319P00155000,155.0,12.69,13.0,20.8,2.0,1.0,0.5218553674316406,False,PUT,2027-03-19,SNOW
SNOW270319P00160000,160.0,13.1,15.0,23.9,2.0,14.0,0.5345658116149903,False,PUT,2027-03-19,SNOW
SNOW270319P00165000,165.0,18.36,17.0,26.0,,49.0,0.5305527902221681,False,PUT,2027-03-19,SNOW
SNOW270319P00170000,170.0,21.5,22.25,26.4,2.0,54.0,0.5018360363769532,False,PUT,2027-03-19,SNOW
SNOW270319P00175000,175.0,22.25,21.05,29.15,,1.0,0.5048725050354004,False,PUT,2027-03-19,SNOW
SNOW270319P00180000,180.0,26.02,24.0,31.5,2.0,26.0,0.5011341390991212,False,PUT,2027-03-19,SNOW
SNOW270319P00185000,185.0,24.5,26.0,32.75,,2.0,0.4821218780517579,False,PUT,2027-03-19,SNOW
SNOW270319P00190000,190.0,26.23,31.5,35.85,,1.0,0.4858449853515625,False,PUT,2027-03-19,SNOW
SNOW270319P00195000,195.0,36.0,33.75,37.75,2.0,5.0,0.4733634207153321,False,PUT,2027-03-19,SNOW
SNOW270319P00200000,200.0,31.1,36.85,40.5,,2.0,0.4704032452392578,True,PUT,2027-03-19,SNOW
SNOW270319P00210000,210.0,43.8,41.8,46.55,146.0,13.0,0.4678703115844727,True,PUT,2027-03-19,SNOW
SNOW270319P00220000,220.0,45.76,47.25,52.6,8.0,207.0,0.46115651153564463,True,PUT,2027-03-19,SNOW
SNOW270319P00230000,230.0,56.4,54.35,58.95,2.0,25.0,0.4541375387573242,True,PUT,2027-03-19,SNOW
SNOW270319P00240000,240.0,59.6,60.25,67.0,2.0,3.0,0.4637504797363281,True,PUT,2027-03-19,SNOW
SNOW270617C00170000,170.0,73.35,61.0,68.05,2.0,1.0,0.5849040533447265,True,CALL,2027-06-17,SNOW
SNOW270617C00175000,175.0,70.8,60.25,64.75,2.0,1.0,0.5872233660888673,True,CALL,2027-06-17,SNOW
SNOW270617C00180000,180.0,68.1,56.0,63.0,2.0,1.0,0.5766338723754882,True,CALL,2027-06-17,SNOW
SNOW270617C00190000,190.0,62.95,51.0,58.75,2.0,2.0,0.5699353309631348,True,CALL,2027-06-17,SNOW
SNOW270617C00195000,195.0,58.9,49.0,57.0,6.0,5.0,0.5704541246032715,True,CALL,2027-06-17,SNOW
SNOW270617C00200000,200.0,57.29,49.15,53.95,,67.0,0.5749554223632812,False,CALL,2027-06-17,SNOW
SNOW270617C00210000,210.0,46.0,42.5,50.05,1.0,2.0,0.5550276431274416,False,CALL,2027-06-17,SNOW
SNOW270617C00230000,230.0,45.05,36.75,42.95,5.0,1.0,0.55313557220459,False,CALL,2027-06-17,SNOW
SNOW270617P00150000,150.0,15.89,14.9,20.5,3.0,3.0,0.49954724090576175,False,PUT,2027-06-17,SNOW
SNOW270617P00155000,155.0,17.49,17.25,25.0,3.0,3.0,0.5312546875,False,PUT,2027-06-17,SNOW
SNOW270617P00180000,180.0,28.7,27.0,35.0,,1.0,0.49600723724365237,False,PUT,2027-06-17,SNOW
SNOW270617P00200000,200.0,38.07,38.1,43.5,,1.0,0.4597374583435059,True,PUT,2027-06-17,SNOW
SNOW270917C00140000,140.0,104.75,82.0,89.0,4.0,27.0,0.619968399963379,True,CALL,2027-09-17,SNOW
SNOW270917C00145000,145.0,92.2,79.0,85.75,2.0,70.0,0.6119728744506837,True,CALL,2027-09-17,SNOW
SNOW270917C00150000,150.0,80.48,76.7,82.95,1.0,48.0,0.6108742526245119,True,CALL,2027-09-17,SNOW
SNOW270917C00155000,155.0,82.25,74.15,79.4,1.0,5069.0,0.6024362266540528,True,CALL,2027-09-17,SNOW
SNOW270917C00160000,160.0,80.18,71.95,77.0,4.0,68.0,0.6026956234741213,True,CALL,2027-09-17,SNOW
SNOW270917C00165000,165.0,89.1,68.95,73.8,1.0,19.0,0.5923807852172852,True,CALL,2027-09-17,SNOW
SNOW270917C00170000,170.0,76.75,65.95,72.0,6.0,183.0,0.5898478515625001,True,CALL,2027-09-17,SNOW
SNOW270917C00175000,175.0,74.75,63.25,70.0,2.0,47.0,0.5871012969970704,True,CALL,2027-09-17,SNOW
SNOW270917C00180000,180.0,72.2,60.95,67.0,1.0,62.0,0.5802959451293946,True,CALL,2027-09-17,SNOW
SNOW270917C00185000,185.0,69.7,59.4,65.0,2.0,38.0,0.5825694819641114,True,CALL,2027-09-17,SNOW
SNOW270917C00190000,190.0,61.62,57.0,63.0,1.0,84.0,0.5794109442138673,True,CALL,2027-09-17,SNOW
SNOW270917C00195000,195.0,70.65,55.35,61.0,24.0,193.0,0.5796245651245118,True,CALL,2027-09-17,SNOW
SNOW270917C00200000,200.0,59.12,52.05,59.0,1.0,188.0,0.5704693832397462,False,CALL,2027-09-17,SNOW
SNOW270917C00210000,210.0,59.35,47.5,54.95,2.0,3113.0,0.5611310977172851,False,CALL,2027-09-17,SNOW
SNOW270917C00220000,220.0,51.02,45.0,47.95,1.0,1996.0,0.5452010812377931,False,CALL,2027-09-17,SNOW
SNOW270917C00230000,230.0,42.97,40.85,45.4,30.0,130.0,0.5413864221191409,False,CALL,2027-09-17,SNOW
SNOW270917C00240000,240.0,41.3,38.4,41.1,2.0,54.0,0.5352677088928224,False,CALL,2027-09-17,SNOW
SNOW270917C00250000,250.0,44.75,34.0,39.4,2.0,99.0,0.5304307211303713,False,CALL,2027-09-17,SNOW
SNOW270917P00140000,140.0,16.1,13.0,21.0,5.0,64.0,0.5252885606384277,False,PUT,2027-09-17,SNOW
SNOW270917P00145000,145.0,16.51,15.65,21.9,2.0,9.0,0.5075732836914062,False,PUT,2027-09-17,SNOW
SNOW270917P00150000,150.0,18.86,19.85,23.75,1.0,214.0,0.5023853472900393,False,PUT,2027-09-17,SNOW
SNOW270917P00155000,155.0,18.65,19.25,23.95,2.0,22.0,0.47531652618408204,False,PUT,2027-09-17,SNOW
SNOW270917P00160000,160.0,20.95,22.35,27.35,1.0,187.0,0.4880727462768555,False,PUT,2027-09-17,SNOW
SNOW270917P00165000,165.0,21.7,23.25,29.45,2.0,110.0,0.48340360351562506,False,PUT,2027-09-17,SNOW
SNOW270917P00170000,170.0,25.95,25.0,32.1,1.0,42.0,0.48421231124877934,False,PUT,2027-09-17,SNOW
SNOW270917P00175000,175.0,24.1,0.0,0.0,15.0,45.0,0.015634843750000002,False,PUT,2027-09-17,SNOW
SNOW270917P00180000,180.0,29.2,31.0,35.0,8.0,63.0,0.4562279719543458,False,PUT,2027-09-17,SNOW
SNOW270917P00185000,185.0,31.7,34.75,39.2,1.0,146.0,0.4712577288818359,False,PUT,2027-09-17,SNOW
SNOW270917P00190000,190.0,33.85,35.0,42.0,25.0,77.0,0.4699760034179688,False,PUT,2027-09-17,SNOW
SNOW270917P00195000,195.0,37.55,38.35,43.95,1.0,21.0,0.45898978515625005,False,PUT,2027-09-17,SNOW
SNOW270917P00200000,200.0,40.1,42.5,45.85,1.0,77.0,0.44693546234130854,True,PUT,2027-09-17,SNOW
SNOW270917P00210000,210.0,43.0,48.5,51.7,1.0,134.0,0.44180856048583983,True,PUT,2027-09-17,SNOW
SNOW270917P00220000,220.0,50.15,53.25,58.65,2.0,552.0,0.4446619255065917,True,PUT,2027-09-17,SNOW
SNOW270917P00230000,230.0,56.95,58.0,64.25,11.0,269.0,0.4312801013183594,True,PUT,2027-09-17,SNOW
SNOW270917P00240000,240.0,65.75,65.0,72.05,2.0,3146.0,0.43707838317871095,True,PUT,2027-09-17,SNOW
SNOW270917P00250000,250.0,69.31,72.0,77.8,1.0,95.0,0.41992767578125,True,PUT,2027-09-17,SNOW
SNOW271217C00140000,140.0,97.05,85.0,90.75,2.0,5.0,0.6084633880615236,True,CALL,2027-12-17,SNOW
SNOW271217C00145000,145.0,96.25,83.25,89.0,28.0,10.0,0.6172828799438478,True,CALL,2027-12-17,SNOW
SNOW271217C00150000,150.0,99.69,80.25,87.0,1.0,7.0,0.6153908090209962,True,CALL,2027-12-17,SNOW
SNOW271217C00155000,155.0,98.1,76.25,84.0,10.0,13.0,0.6008035525512697,True,CALL,2027-12-17,SNOW
SNOW271217C00160000,160.0,86.75,74.0,80.75,2.0,38.0,0.5947916497802734,True,CALL,2027-12-17,SNOW
SNOW271217C00165000,165.0,82.95,71.0,77.6,2.0,16.0,0.584568363342285,True,CALL,2027-12-17,SNOW
SNOW271217C00170000,170.0,81.62,68.85,74.75,2.0,54.0,0.5803417210388184,True,CALL,2027-12-17,SNOW
SNOW271217C00175000,175.0,70.5,68.25,73.55,1.0,36.0,0.5927469924926759,True,CALL,2027-12-17,SNOW
SNOW271217C00180000,180.0,77.35,65.25,71.0,2.0,60.0,0.5841258628845214,True,CALL,2027-12-17,SNOW
SNOW271217C00185000,185.0,70.73,62.0,69.0,1.0,8.0,0.5766949069213867,True,CALL,2027-12-17,SNOW
SNOW271217C00190000,190.0,80.65,60.0,67.0,1.0,12.0,0.5752300778198242,True,CALL,2027-12-17,SNOW
SNOW271217C00195000,195.0,71.15,58.25,63.55,2.0,11.0,0.5671582591247559,True,CALL,2027-12-17,SNOW
SNOW271217C00200000,200.0,63.84,56.0,59.5,4.0,14.0,0.5532881585693359,False,CALL,2027-12-17,SNOW
SNOW271217C00210000,210.0,63.5,53.9,56.55,27.0,717.0,0.5612226495361328,False,CALL,2027-12-17,SNOW
SNOW271217C00220000,220.0,53.18,50.65,51.9,29.0,465.0,0.5532271240234375,False,CALL,2027-12-17,SNOW
SNOW271217C00230000,230.0,48.47,47.15,49.9,5.0,254.0,0.5547682463073731,False,CALL,2027-12-17,SNOW
SNOW271217C00240000,240.0,51.45,42.3,48.95,4.0,40.0,0.5530745376586915,False,CALL,2027-12-17,SNOW
SNOW271217C00250000,250.0,49.3,40.5,45.95,2.0,61.0,0.5543867803955078,False,CALL,2027-12-17,SNOW
SNOW271217P00140000,140.0,16.1,15.0,22.6,20.0,121.0,0.510472424621582,False,PUT,2027-12-17,SNOW
SNOW271217P00145000,145.0,15.5,13.8,16.5,,1.0,0.4031736929321289,False,PUT,2027-12-17,SNOW
SNOW271217P00150000,150.0,21.45,19.2,24.75,3.0,6.0,0.4802298071289062,False,PUT,2027-12-17,SNOW
SNOW271217P00155000,155.0,21.0,21.25,28.1,25.0,7.0,0.491765336303711,False,PUT,2027-12-17,SNOW
SNOW271217P00160000,160.0,21.9,26.35,28.55,3.0,70.0,0.4683891052246094,False,PUT,2027-12-17,SNOW
SNOW271217P00165000,165.0,23.9,25.0,34.0,,6.0,0.5007374145507812,False,PUT,2027-12-17,SNOW
SNOW271217P00175000,175.0,26.15,31.25,37.0,28.0,33.0,0.4744620425415039,False,PUT,2027-12-17,SNOW
SNOW271217P00180000,180.0,32.85,32.05,38.95,12.0,127.0,0.46555099884033213,False,PUT,2027-12-17,SNOW
SNOW271217P00185000,185.0,26.35,26.45,31.65,1.0,1.0,0.3635927899169922,False,PUT,2027-12-17,SNOW
SNOW271217P00190000,190.0,31.7,0.0,35.6,,5.0,0.37497573272705076,False,PUT,2027-12-17,SNOW
SNOW271217P00195000,195.0,41.22,40.0,46.65,1.0,12.0,0.45387814193725584,False,PUT,2027-12-17,SNOW
SNOW271217P00200000,200.0,41.0,43.0,50.0,10.0,56.0,0.4562279719543458,True,PUT,2027-12-17,SNOW
SNOW271217P00210000,210.0,49.69,51.9,54.3,4.0,29.0,0.43601027862548825,True,PUT,2027-12-17,SNOW
SNOW271217P00220000,220.0,48.71,56.25,61.7,20.0,13.0,0.442586750946045,True,PUT,2027-12-17,SNOW
SNOW271217P00230000,230.0,54.5,63.4,66.75,1.0,15.0,0.4248714739990235,True,PUT,2027-12-17,SNOW
SNOW271217P00240000,240.0,61.0,69.25,74.25,2.0,21.0,0.4275264767456055,True,PUT,2027-12-17,SNOW
SNOW271217P00250000,250.0,71.7,76.5,81.3,2.0,28.0,0.4238491453552246,True,PUT,2027-12-17,SNOW
SNOW280121C00140000,140.0,100.75,86.0,93.0,2.0,8.0,0.6142311526489258,True,CALL,2028-01-21,SNOW
SNOW280121C00145000,145.0,98.7,84.0,90.0,2.0,7.0,0.6129189099121095,True,CALL,2028-01-21,SNOW
SNOW280121C00150000,150.0,83.0,80.25,87.25,1.0,16.0,0.6017953639221194,True,CALL,2028-01-21,SNOW
SNOW280121C00155000,155.0,91.4,77.75,85.0,2.0,49.0,0.6005594143676759,True,CALL,2028-01-21,SNOW
SNOW280121C00160000,160.0,76.0,77.05,81.75,1.0,24.0,0.6030465721130374,True,CALL,2028-01-21,SNOW
SNOW280121C00165000,165.0,86.0,73.75,80.0,2.0,58.0,0.5985452743530274,True,CALL,2028-01-21,SNOW
SNOW280121C00170000,170.0,73.85,71.8,77.0,2.0,29.0,0.5940439765930177,True,CALL,2028-01-21,SNOW
SNOW280121C00175000,175.0,79.95,68.0,75.0,2.0,30.0,0.5845225874328612,True,CALL,2028-01-21,SNOW
SNOW280121C00180000,180.0,78.9,66.5,73.0,2.0,32.0,0.5865825033569335,True,CALL,2028-01-21,SNOW
SNOW280121C00185000,185.0,72.5,65.2,70.0,1.0,15.0,0.5838512074279785,True,CALL,2028-01-21,SNOW
SNOW280121C00190000,190.0,66.0,62.8,66.5,1.0,18.0,0.5725903337097169,True,CALL,2028-01-21,SNOW
SNOW280121C00195000,195.0,62.0,61.1,64.7,1.0,83.0,0.5728802478027344,True,CALL,2028-01-21,SNOW
SNOW280121C00200000,200.0,61.75,58.3,60.55,11.0,2221.0,0.5558821267700197,False,CALL,2028-01-21,SNOW
SNOW280121C00210000,210.0,56.0,55.1,57.65,2.0,827.0,0.5583540258789064,False,CALL,2028-01-21,SNOW
SNOW280121C00220000,220.0,52.0,52.0,53.0,30.0,1362.0,0.5510298803710938,False,CALL,2028-01-21,SNOW
SNOW280121C00230000,230.0,49.1,48.5,50.85,38.0,3679.0,0.5517012603759766,False,CALL,2028-01-21,SNOW
SNOW280121C00240000,240.0,46.61,44.9,50.0,4.0,317.0,0.5561110063171388,False,CALL,2028-01-21,SNOW
SNOW280121C00250000,250.0,44.0,42.0,45.5,7.0,97.0,0.5455367712402344,False,CALL,2028-01-21,SNOW
SNOW280121P00140000,140.0,17.75,15.1,24.0,1.0,184.0,0.5159350164794922,False,PUT,2028-01-21,SNOW
SNOW280121P00145000,145.0,20.1,17.0,23.5,2.0,41.0,0.48111480804443363,False,PUT,2028-01-21,SNOW
SNOW280121P00150000,150.0,22.65,22.95,24.85,15.0,132.0,0.4696708306884766,False,PUT,2028-01-21,SNOW
SNOW280121P00155000,155.0,22.95,21.0,30.0,19.0,96.0,0.5015613809204101,False,PUT,2028-01-21,SNOW
SNOW280121P00160000,160.0,27.52,27.1,30.3,1.0,240.0,0.47639988937377925,False,PUT,2028-01-21,SNOW
SNOW280121P00165000,165.0,23.36,26.25,34.0,134.0,68.0,0.48848472946167004,False,PUT,2028-01-21,SNOW
SNOW280121P00170000,170.0,29.25,28.0,35.75,1.0,13.0,0.47842928802490237,False,PUT,2028-01-21,SNOW
SNOW280121P00175000,175.0,32.25,31.25,39.0,2.0,128.0,0.4834341207885743,False,PUT,2028-01-21,SNOW
SNOW280121P00180000,180.0,37.0,33.25,39.4,1.0,139.0,0.45866935379028323,False,PUT,2028-01-21,SNOW
SNOW280121P00185000,185.0,31.4,35.55,44.0,1.0,24.0,0.47554540573120113,False,PUT,2028-01-21,SNOW
SNOW280121P00190000,190.0,38.36,39.25,45.1,1.0,112.0,0.4570671969604493,False,PUT,2028-01-21,SNOW
SNOW280121P00195000,195.0,40.0,43.8,48.1,2.0,63.0,0.4565941792297364,False,PUT,2028-01-21,SNOW
SNOW280121P00200000,200.0,47.52,44.35,50.75,2.0,451.0,0.4521233987426758,True,PUT,2028-01-21,SNOW
SNOW280121P00210000,210.0,51.05,52.1,54.8,5.0,730.0,0.4299373413085938,True,PUT,2028-01-21,SNOW
SNOW280121P00220000,220.0,53.7,57.5,61.9,2.0,1294.0,0.4335688967895508,True,PUT,2028-01-21,SNOW
SNOW280121P00230000,230.0,60.85,63.6,67.75,2.0,276.0,0.423482938079834,True,PUT,2028-01-21,SNOW
SNOW280121P00240000,240.0,66.15,68.3,76.0,13.0,24.0,0.4328364822387696,True,PUT,2028-01-21,SNOW
SNOW280121P00250000,250.0,75.51,76.3,82.0,3.0,28.0,0.4198208653259277,True,PUT,2028-01-21,SNOW
SNY260220C00042500,42.5,4.2,3.5,4.7,2.0,3.0,0.5395553857421876,True,CALL,2026-02-20,SNY
SNY260220C00045000,45.0,1.92,1.85,2.0,50.0,50.0,0.2846751220703124,True,CALL,2026-02-20,SNY
SNY260220C00047500,47.5,0.61,0.5,0.7,220.0,1469.0,0.26319096191406255,False,CALL,2026-02-20,SNY
SNY260220C00050000,50.0,0.2,0.15,0.25,82.0,1509.0,0.29004616210937495,False,CALL,2026-02-20,SNY
SNY260220C00052500,52.5,0.11,0.0,0.15,1.0,259.0,0.3544986425781249,False,CALL,2026-02-20,SNY
SNY260220C00055000,55.0,0.05,0.0,0.1,1.0,30.0,0.41211525390625,False,CALL,2026-02-20,SNY
SNY260220P00037500,37.5,0.2,0.0,0.05,,3.0,0.437505625,False,PUT,2026-02-20,SNY
SNY260220P00040000,40.0,0.05,0.0,0.05,2.0,73.0,0.32031929687499994,False,PUT,2026-02-20,SNY
SNY260220P00042500,42.5,0.15,0.1,0.25,4.0,398.0,0.31153032226562494,False,PUT,2026-02-20,SNY
SNY260220P00045000,45.0,0.55,0.55,0.65,58.0,1152.0,0.25391371093750004,False,PUT,2026-02-20,SNY
SNY260220P00047500,47.5,2.0,1.65,1.85,7.0,254.0,0.2329178271484375,True,PUT,2026-02-20,SNY
SNY260220P00050000,50.0,3.85,3.1,4.4,6.0,64.0,0.4062559375,True,PUT,2026-02-20,SNY
SNY260320C00035000,35.0,11.27,9.5,13.2,6.0,8.0,1.0014698364257812,True,CALL,2026-03-20,SNY
SNY260320C00037500,37.5,10.8,7.5,10.8,2.0,4.0,0.8632826171875,True,CALL,2026-03-20,SNY
SNY260320C00040000,40.0,7.5,6.0,7.5,1.0,8.0,0.5551802294921876,True,CALL,2026-03-20,SNY
SNY260320C00042500,42.5,4.8,4.0,4.7,1.0,737.0,0.362311064453125,True,CALL,2026-03-20,SNY
SNY260320C00045000,45.0,2.35,2.3,2.65,3.0,273.0,0.2912668530273437,True,CALL,2026-03-20,SNY
SNY260320C00047500,47.5,1.14,1.1,1.3,2.0,715.0,0.26782958740234375,False,CALL,2026-03-20,SNY
SNY260320C00050000,50.0,0.46,0.45,0.6,21.0,1555.0,0.2690502783203125,False,CALL,2026-03-20,SNY
SNY260320C00052500,52.5,0.27,0.1,0.25,3.0,695.0,0.27149166015625,False,CALL,2026-03-20,SNY
SNY260320C00055000,55.0,0.85,0.05,0.15,1.0,273.0,0.3007882421875,False,CALL,2026-03-20,SNY
SNY260320C00057500,57.5,0.15,0.05,0.15,1.0,273.0,0.358404853515625,False,CALL,2026-03-20,SNY
SNY260320C00060000,60.0,0.04,0.0,0.15,2.0,31.0,0.41211525390625,False,CALL,2026-03-20,SNY
SNY260320P00032500,32.5,0.22,0.0,1.0,2.0,1.0,0.7348659326171875,False,PUT,2026-03-20,SNY
SNY260320P00035000,35.0,0.13,0.0,0.15,1.0,3.0,0.45703667968750006,False,PUT,2026-03-20,SNY
SNY260320P00037500,37.5,0.41,0.0,0.25,4.0,2.0,0.40918559570312496,False,PUT,2026-03-20,SNY
SNY260320P00040000,40.0,0.25,0.1,0.2,8.0,156.0,0.2910227148437499,False,PUT,2026-03-20,SNY
SNY260320P00042500,42.5,0.45,0.35,0.45,3.0,337.0,0.2573316455078125,False,PUT,2026-03-20,SNY
SNY260320P00045000,45.0,1.0,0.9,1.1,6.0,1172.0,0.24097438720703124,False,PUT,2026-03-20,SNY
SNY260320P00047500,47.5,2.24,2.15,2.3,3.0,2902.0,0.2260819580078125,True,PUT,2026-03-20,SNY
SNY260320P00050000,50.0,4.2,3.9,4.2,5.0,457.0,0.233406103515625,True,PUT,2026-03-20,SNY
SNY260320P00052500,52.5,5.0,5.4,6.4,25.0,85.0,0.22657023437499998,True,PUT,2026-03-20,SNY
SNY260320P00055000,55.0,9.4,6.8,10.8,1.0,31.0,0.7050810742187501,True,PUT,2026-03-20,SNY
SNY260320P00057500,57.5,9.15,4.9,7.6,8.0,8.0,1.0000000000000003e-05,True,PUT,2026-03-20,SNY
SNY260320P00060000,60.0,9.3,8.5,11.9,1.0,2.0,1.0000000000000003e-05,True,PUT,2026-03-20,SNY
SNY260618C00035000,35.0,13.4,9.7,13.1,1.0,10.0,0.5886271606445312,True,CALL,2026-06-18,SNY
SNY260618C00037500,37.5,9.66,8.8,10.3,1.0,4.0,0.45703667968750006,True,CALL,2026-06-18,SNY
SNY260618C00040000,40.0,7.8,6.6,7.4,1.0,9.0,0.3217841259765625,True,CALL,2026-06-18,SNY
SNY260618C00042500,42.5,5.5,4.7,5.3,10.0,17.0,0.28137925659179686,True,CALL,2026-06-18,SNY
SNY260618C00045000,45.0,3.2,3.3,3.6,241.0,192.0,0.26099371826171874,True,CALL,2026-06-18,SNY
SNY260618C00047500,47.5,2.06,1.6,2.3,7.0,145.0,0.2493971545410156,False,CALL,2026-06-18,SNY
SNY260618C00050000,50.0,1.2,1.15,1.3,63.0,611.0,0.23438265625,False,CALL,2026-06-18,SNY
SNY260618C00052500,52.5,0.73,0.6,0.7,4.0,556.0,0.22779092529296874,False,CALL,2026-06-18,SNY
SNY260618C00055000,55.0,0.5,0.25,0.4,1.0,245.0,0.23169713623046873,False,CALL,2026-06-18,SNY
SNY260618C00057500,57.5,0.3,0.15,0.3,1.0,3205.0,0.25196060546875,False,CALL,2026-06-18,SNY
SNY260618C00060000,60.0,0.13,0.0,0.65,7.0,537.0,0.35156898437499995,False,CALL,2026-06-18,SNY
SNY260618P00032500,32.5,0.3,0.0,0.5,1.0,25.0,0.4419001123046875,False,PUT,2026-06-18,SNY
SNY260618P00035000,35.0,0.39,0.15,0.4,3.0,120.0,0.34668622070312494,False,PUT,2026-06-18,SNY
SNY260618P00037500,37.5,0.7,0.5,0.7,2.0,324.0,0.3327703442382813,False,PUT,2026-06-18,SNY
SNY260618P00040000,40.0,1.05,0.95,1.1,69.0,88.0,0.31201859863281245,False,PUT,2026-06-18,SNY
SNY260618P00042500,42.5,1.89,1.7,1.85,66.0,530.0,0.30884480224609373,False,PUT,2026-06-18,SNY
SNY260618P00045000,45.0,3.05,2.75,3.1,52.0,1229.0,0.3259344750976562,False,PUT,2026-06-18,SNY
SNY260618P00047500,47.5,4.55,4.0,4.5,191.0,413.0,0.32996275512695306,True,PUT,2026-06-18,SNY
SNY260618P00050000,50.0,6.4,5.9,6.2,5.0,383.0,0.33887379882812496,True,PUT,2026-06-18,SNY
SNY260618P00052500,52.5,8.3,8.0,8.3,52.0,137.0,0.367193828125,True,PUT,2026-06-18,SNY
SNY260618P00055000,55.0,10.7,9.7,11.2,15.0,92.0,0.4635063415527344,True,PUT,2026-06-18,SNY
SNY260618P00057500,57.5,12.9,11.5,13.9,7.0,216.0,0.5357712438964843,True,PUT,2026-06-18,SNY
SNY260618P00060000,60.0,13.44,14.0,16.4,2.0,83.0,0.5842326733398437,True,PUT,2026-06-18,SNY
SNY260918C00045000,45.0,4.3,3.5,4.1,,1.0,0.23804472900390622,True,CALL,2026-09-18,SNY
SNY260918C00047500,47.5,2.5,2.25,2.85,8.0,6.0,0.231452998046875,False,CALL,2026-09-18,SNY
SNY260918C00050000,50.0,2.5,1.35,2.0,12.0,20.0,0.23365024169921872,False,CALL,2026-09-18,SNY
SNY260918C00052500,52.5,1.3,0.8,1.4,2.0,17.0,0.2375564526367187,False,CALL,2026-09-18,SNY
SNY260918C00055000,55.0,0.8,0.45,0.95,1.0,195.0,0.23938748901367185,False,CALL,2026-09-18,SNY
SNY260918P00032500,32.5,0.5,0.3,0.5,1.0,3.0,0.3437565625,False,PUT,2026-09-18,SNY
SNY260918P00035000,35.0,0.75,0.55,0.75,2.0,4.0,0.3244696459960937,False,PUT,2026-09-18,SNY
SNY260918P00037500,37.5,1.0,0.85,1.15,1.0,2.0,0.3110420458984374,False,PUT,2026-09-18,SNY
SNY260918P00040000,40.0,1.4,1.35,1.75,1.0,2.0,0.30249720947265624,False,PUT,2026-09-18,SNY
SNY260918P00042500,42.5,2.5,2.1,2.55,3.0,9.0,0.2941965112304687,False,PUT,2026-09-18,SNY
SNY260918P00045000,45.0,3.45,3.2,3.7,1.0,37.0,0.2954172021484375,False,PUT,2026-09-18,SNY
SNY260918P00047500,47.5,4.8,4.6,5.1,15.0,20.0,0.2974923767089843,True,PUT,2026-09-18,SNY
SNY260918P00050000,50.0,6.3,6.2,6.8,,54.0,0.3055489367675781,True,PUT,2026-09-18,SNY
SNY261218C00040000,40.0,7.2,7.3,9.1,15.0,48.0,0.3371648315429688,True,CALL,2026-12-18,SNY
SNY261218C00042500,42.5,5.8,5.6,6.4,1.0,2.0,0.2576978527832031,True,CALL,2026-12-18,SNY
SNY261218C00045000,45.0,5.8,4.1,4.8,151.0,151.0,0.243171630859375,True,CALL,2026-12-18,SNY
SNY261218C00047500,47.5,4.7,2.8,3.7,7.0,9.0,0.245124736328125,False,CALL,2026-12-18,SNY
SNY261218C00050000,50.0,2.49,2.05,2.7,1.0,35.0,0.2399978344726562,False,CALL,2026-12-18,SNY
SNY261218C00052500,52.5,2.3,1.35,2.05,2.0,17.0,0.24402611450195313,False,CALL,2026-12-18,SNY
SNY261218C00055000,55.0,1.22,0.9,1.5,3.0,14.0,0.24414818359375,False,CALL,2026-12-18,SNY
SNY261218C00057500,57.5,1.7,0.55,1.1,2.0,7.0,0.24549094360351562,False,CALL,2026-12-18,SNY
SNY261218C00060000,60.0,0.67,0.5,0.8,1.0,44.0,0.2467116345214844,False,CALL,2026-12-18,SNY
SNY261218P00035000,35.0,0.85,0.8,1.05,2.0,8.0,0.3086006640625,False,PUT,2026-12-18,SNY
SNY261218P00037500,37.5,1.35,1.2,1.45,1.0,25.0,0.29053443847656246,False,PUT,2026-12-18,SNY
SNY261218P00040000,40.0,2.0,1.8,2.2,7.0,25.0,0.28943581665039053,False,PUT,2026-12-18,SNY
SNY261218P00042500,42.5,2.45,2.4,3.1,3.0,120.0,0.28479719116210933,False,PUT,2026-12-18,SNY
SNY261218P00045000,45.0,3.9,3.6,4.2,10.0,130.0,0.28003649658203117,False,PUT,2026-12-18,SNY
SNY261218P00047500,47.5,4.7,4.9,5.5,115.0,144.0,0.2752758020019531,True,PUT,2026-12-18,SNY
SNY261218P00050000,50.0,6.1,6.5,7.2,90.0,100.0,0.28247787841796873,True,PUT,2026-12-18,SNY
SNY261218P00052500,52.5,6.7,8.4,9.1,1.0,2.0,0.291877198486328,True,PUT,2026-12-18,SNY
SNY261218P00055000,55.0,9.36,9.4,12.9,5.0,12.0,0.4101621484375,True,PUT,2026-12-18,SNY
SNY270115C00035000,35.0,14.55,9.9,13.7,2.0,45.0,0.4226131958007812,True,CALL,2027-01-15,SNY
SNY270115C00037500,37.5,11.6,8.1,11.1,1.0,5.0,0.35108070800781244,True,CALL,2027-01-15,SNY
SNY270115C00040000,40.0,10.7,7.5,8.1,13.0,107.0,0.25501233276367197,True,CALL,2027-01-15,SNY
SNY270115C00042500,42.5,6.1,5.8,6.4,5.0,39.0,0.24719991088867188,True,CALL,2027-01-15,SNY
SNY270115C00045000,45.0,4.51,4.3,5.0,1.0,487.0,0.24463645996093752,True,CALL,2027-01-15,SNY
SNY270115C00047500,47.5,3.4,3.2,3.8,2.0,72.0,0.24073024902343748,False,CALL,2027-01-15,SNY
SNY270115C00050000,50.0,2.78,2.2,2.8,7.0,626.0,0.23596955444335935,False,CALL,2027-01-15,SNY
SNY270115C00052500,52.5,2.05,1.75,2.1,1.0,392.0,0.23706817626953125,False,CALL,2027-01-15,SNY
SNY270115C00055000,55.0,1.4,1.0,1.65,3.0,607.0,0.2442702526855469,False,CALL,2027-01-15,SNY
SNY270115C00057500,57.5,1.0,0.65,1.25,1.0,90.0,0.24695577270507812,False,CALL,2027-01-15,SNY
SNY270115C00060000,60.0,0.75,0.6,0.8,20.0,2723.0,0.23670196899414062,False,CALL,2027-01-15,SNY
SNY270115P00032500,32.5,0.58,0.5,0.8,2.0,14.0,0.3205634350585937,False,PUT,2027-01-15,SNY
SNY270115P00035000,35.0,0.95,0.85,1.1,26.0,50.0,0.30103238037109376,False,PUT,2027-01-15,SNY
SNY270115P00037500,37.5,1.41,1.25,1.55,2.0,731.0,0.2868723657226562,False,PUT,2027-01-15,SNY
SNY270115P00040000,40.0,2.0,1.9,2.2,2.0,419.0,0.2775951147460937,False,PUT,2027-01-15,SNY
SNY270115P00042500,42.5,2.95,2.7,3.2,5.0,1315.0,0.27930408203124996,False,PUT,2027-01-15,SNY
SNY270115P00045000,45.0,4.04,3.8,4.2,1.0,1387.0,0.26868407104492187,False,PUT,2027-01-15,SNY
SNY270115P00047500,47.5,4.7,4.9,5.7,1.0,593.0,0.27521476745605467,True,PUT,2027-01-15,SNY
SNY270115P00050000,50.0,6.05,6.7,7.3,20.0,655.0,0.2766185620117187,True,PUT,2027-01-15,SNY
SNY270115P00052500,52.5,9.1,8.4,9.2,88.0,241.0,0.2858958129882812,True,PUT,2027-01-15,SNY
SNY270115P00055000,55.0,7.0,8.8,0.0,1.0,80.0,1.0000000000000003e-05,True,PUT,2027-01-15,SNY
SNY270115P00057500,57.5,8.7,10.8,11.1,1.0,516.0,1.0000000000000003e-05,True,PUT,2027-01-15,SNY
SNY270115P00060000,60.0,15.4,13.9,16.6,2.0,22.0,0.3825745336914062,True,PUT,2027-01-15,SNY
SNY270617C00042500,42.5,6.83,4.8,8.2,,3.0,0.29755341125488277,True,CALL,2027-06-17,SNY
SNY270617C00045000,45.0,6.0,3.4,8.0,,3.0,0.34680828979492184,True,CALL,2027-06-17,SNY
SNY270617C00047500,47.5,5.5,2.55,5.2,45.0,46.0,0.2655102746582031,False,CALL,2027-06-17,SNY
SNY270617C00052500,52.5,4.0,1.0,4.4,2.0,5.0,0.3086006640625,False,CALL,2027-06-17,SNY
SNY270617C00055000,55.0,4.48,0.0,0.0,,3.0,0.0312596875,False,CALL,2027-06-17,SNY
SNY270617C00057500,57.5,1.7,0.35,5.0,8.0,8.0,0.39978627563476565,False,CALL,2027-06-17,SNY
SNY270617C00060000,60.0,1.25,0.05,2.2,4.0,44.0,0.28565167480468745,False,CALL,2027-06-17,SNY
SNY270617P00032500,32.5,1.4,0.1,5.0,,1.0,0.5835002587890624,False,PUT,2027-06-17,SNY
SNY270617P00035000,35.0,1.85,1.55,2.05,1.0,3.0,0.3233710241699218,False,PUT,2027-06-17,SNY
SNY270617P00040000,40.0,3.16,2.0,6.0,3.0,9.0,0.4387873504638672,False,PUT,2027-06-17,SNY
SNY270617P00042500,42.5,4.3,2.5,7.0,14.0,139.0,0.4243221630859375,False,PUT,2027-06-17,SNY
SNY270617P00045000,45.0,4.9,3.0,8.0,1.0,82.0,0.4056455920410156,False,PUT,2027-06-17,SNY
SNY270617P00047500,47.5,6.9,4.5,7.7,1.0,129.0,0.32233343688964833,True,PUT,2027-06-17,SNY
SNY270617P00055000,55.0,9.7,10.0,13.5,,18.0,0.3570010589599609,True,PUT,2027-06-17,SNY
SNY271217C00042500,42.5,7.36,5.0,9.5,,1.0,0.3107979077148437,True,CALL,2027-12-17,SNY
SNY271217C00047500,47.5,6.38,3.0,5.8,,6.0,0.2512281909179687,False,CALL,2027-12-17,SNY
SNY271217C00055000,55.0,2.9,0.9,5.0,1.0,2.0,0.31677929321289056,False,CALL,2027-12-17,SNY
SNY271217C00060000,60.0,1.81,0.4,5.0,1.0,2.0,0.3660341717529296,False,CALL,2027-12-17,SNY
SNY271217P00032500,32.5,1.4,0.5,5.0,,150.0,0.500005,False,PUT,2027-12-17,SNY
SNY271217P00037500,37.5,3.04,2.25,5.1,2.0,5.0,0.3890441955566406,False,PUT,2027-12-17,SNY
SNY271217P00040000,40.0,3.6,2.2,4.6,1.0,2.0,0.31189652954101554,False,PUT,2027-12-17,SNY
SNY271217P00042500,42.5,4.7,2.9,6.1,1.0,4.0,0.32483585327148434,False,PUT,2027-12-17,SNY
SNY271217P00045000,45.0,5.69,4.0,7.3,1.0,10.0,0.31873239868164055,False,PUT,2027-12-17,SNY
SNY271217P00047500,47.5,7.7,5.5,9.7,2.0,9.0,0.3562076098632812,True,PUT,2027-12-17,SNY
SNY271217P00050000,50.0,7.5,7.0,11.5,3.0,13.0,0.3643252044677735,True,PUT,2027-12-17,SNY
SNY271217P00057500,57.5,12.4,12.5,17.0,,1.0,0.3719545227050781,True,PUT,2027-12-17,SNY
SNY280121C00032500,32.5,19.5,18.9,22.0,1.0,0.0,0.5826457751464844,True,CALL,2028-01-21,SNY
SNY280121C00035000,35.0,15.3,10.0,15.0,,15.0,0.3656069299316406,True,CALL,2028-01-21,SNY
SNY280121C00037500,37.5,12.8,8.5,13.0,4.0,4.0,0.3397282824707031,True,CALL,2028-01-21,SNY
SNY280121C00040000,40.0,11.4,7.0,11.5,1.0,4.0,0.3343572424316406,True,CALL,2028-01-21,SNY
SNY280121C00042500,42.5,7.8,7.6,8.7,2.0,9.0,0.26959958923339844,True,CALL,2028-01-21,SNY
SNY280121C00045000,45.0,8.4,6.3,8.5,6.0,14.0,0.30982135498046875,True,CALL,2028-01-21,SNY
SNY280121C00047500,47.5,5.5,4.2,7.5,2.0,19.0,0.3111030804443359,False,CALL,2028-01-21,SNY
SNY280121C00050000,50.0,4.5,4.3,5.7,18.0,96.0,0.2771068383789062,False,CALL,2028-01-21,SNY
SNY280121C00052500,52.5,3.7,3.5,6.0,2.0,2.0,0.31995308959960933,False,CALL,2028-01-21,SNY
SNY280121C00055000,55.0,2.95,1.5,5.5,2.0,14.0,0.32855896057128897,False,CALL,2028-01-21,SNY
SNY280121C00057500,57.5,2.3,0.05,5.0,22.0,22.0,0.33411310424804685,False,CALL,2028-01-21,SNY
SNY280121C00060000,60.0,2.45,0.25,3.6,2.0,21.0,0.29999479309082033,False,CALL,2028-01-21,SNY
SNY280121P00032500,32.5,1.76,0.0,5.0,,20.0,0.48767602172851565,False,PUT,2028-01-21,SNY
SNY280121P00035000,35.0,2.0,0.75,5.0,,1.0,0.42957113403320313,False,PUT,2028-01-21,SNY
SNY280121P00040000,40.0,4.1,3.7,5.1,25.0,5.0,0.3266668896484375,False,PUT,2028-01-21,SNY
SNY280121P00042500,42.5,5.1,4.7,6.4,2.0,300.0,0.32947447875976554,False,PUT,2028-01-21,SNY
SNY280121P00045000,45.0,5.9,5.9,9.0,7.0,458.0,0.37946177185058594,False,PUT,2028-01-21,SNY
SNY280121P00047500,47.5,7.6,7.2,8.4,490.0,1682.0,0.2966378930664062,True,PUT,2028-01-21,SNY
SNY280121P00050000,50.0,9.3,8.7,10.6,6.0,1370.0,0.32068550415039054,True,PUT,2028-01-21,SNY
SNY280121P00052500,52.5,8.5,0.0,0.0,60.0,879.0,1.0000000000000003e-05,True,PUT,2028-01-21,SNY
SNY280121P00055000,55.0,10.6,0.0,0.0,185.0,752.0,1.0000000000000003e-05,True,PUT,2028-01-21,SNY
SNY280121P00057500,57.5,12.2,0.0,0.0,100.0,631.0,1.0000000000000003e-05,True,PUT,2028-01-21,SNY
SNY280121P00060000,60.0,12.7,11.0,15.8,79.0,158.0,0.23084265258789063,True,PUT,2028-01-21,SNY
SO260130C00065000,65.0,24.12,21.7,24.1,,1.0,1.9218753906250001,True,CALL,2026-01-30,SO
SO260130C00080000,80.0,8.26,6.7,10.7,2.0,1.0,1.9677735986328124,True,CALL,2026-01-30,SO
SO260130C00081000,81.0,7.34,5.8,9.7,2.0,2.0,1.8330086474609373,True,CALL,2026-01-30,SO
SO260130C00082000,82.0,6.45,6.0,7.9,1.0,2.0,1.2753942480468747,True,CALL,2026-01-30,SO
SO260130C00083000,83.0,4.46,4.3,7.1,,1.0,1.2636755566406248,True,CALL,2026-01-30,SO
SO260130C00084000,84.0,4.29,3.3,6.1,7.0,9.0,1.1367230664062502,True,CALL,2026-01-30,SO
SO260130C00085000,85.0,3.38,2.35,5.1,7.0,68.0,1.0068409033203123,True,CALL,2026-01-30,SO
SO260130C00086000,86.0,2.83,2.3,3.6,6.0,8.0,0.6367223828125,True,CALL,2026-01-30,SO
SO260130C00087000,87.0,2.09,1.5,2.0,5.0,82.0,1.0000000000000003e-05,True,CALL,2026-01-30,SO
SO260130C00088000,88.0,0.93,0.85,1.1,10.0,203.0,0.13477427734375003,True,CALL,2026-01-30,SO
SO260130C00089000,89.0,0.35,0.2,0.4,19.0,295.0,0.14258669921875,True,CALL,2026-01-30,SO
SO260130C00090000,90.0,0.15,0.05,0.25,22.0,491.0,0.231452998046875,False,CALL,2026-01-30,SO
SO260130C00091000,91.0,0.08,0.05,0.1,51.0,549.0,0.2500075,False,CALL,2026-01-30,SO
SO260130C00092000,92.0,0.03,0.0,0.05,4.0,1434.0,0.28516339843749994,False,CALL,2026-01-30,SO
SO260130C00093000,93.0,0.58,0.0,0.3,5.0,3.0,0.56836369140625,False,CALL,2026-01-30,SO
SO260130C00094000,94.0,0.01,0.0,0.5,1.0,3.0,0.62305064453125,False,CALL,2026-01-30,SO
SO260130P00080000,80.0,0.2,0.0,2.15,1.0,2.0,1.6484392578125,False,PUT,2026-01-30,SO
SO260130P00081000,81.0,0.2,0.0,2.15,5.0,6.0,1.5253929980468748,False,PUT,2026-01-30,SO
SO260130P00082000,82.0,0.05,0.0,0.1,30.0,36.0,0.6054726953125001,False,PUT,2026-01-30,SO
SO260130P00083000,83.0,0.2,0.0,0.1,7.0,24.0,0.5312546875,False,PUT,2026-01-30,SO
SO260130P00084000,84.0,0.09,0.0,0.1,1.0,242.0,0.5273484765625001,False,PUT,2026-01-30,SO
SO260130P00085000,85.0,0.1,0.0,0.15,58.0,75.0,0.49023947265625006,False,PUT,2026-01-30,SO
SO260130P00086000,86.0,0.08,0.0,0.15,1.0,85.0,0.398443515625,False,PUT,2026-01-30,SO
SO260130P00087000,87.0,0.09,0.05,1.1,5.0,80.0,0.523442265625,False,PUT,2026-01-30,SO
SO260130P00088000,88.0,0.1,0.15,0.25,10.0,58.0,0.2461012890625,False,PUT,2026-01-30,SO
SO260130P00089000,89.0,0.75,0.35,0.65,44.0,117.0,0.256843369140625,False,PUT,2026-01-30,SO
SO260130P00090000,90.0,2.92,0.7,2.2,1.0,7.0,0.6367223828125,True,PUT,2026-01-30,SO
SO260130P00092000,92.0,3.1,2.4,3.9,,0.0,0.78711150390625,True,PUT,2026-01-30,SO
SO260206C00080000,80.0,7.35,7.4,10.7,,1.0,0.92773509765625,True,CALL,2026-02-06,SO
SO260206C00081000,81.0,6.33,6.4,9.7,,11.0,0.8642591699218749,True,CALL,2026-02-06,SO
SO260206C00082000,82.0,5.4,5.4,8.2,,12.0,0.6796907031250001,True,CALL,2026-02-06,SO
SO260206C00083000,83.0,3.65,4.9,7.6,,1.0,0.7133817724609376,True,CALL,2026-02-06,SO
SO260206C00085000,85.0,3.7,3.0,5.4,1.0,1.0,0.5400436621093752,True,CALL,2026-02-06,SO
SO260206C00086000,86.0,2.01,2.5,3.9,1.0,1.0,0.36817038085937503,True,CALL,2026-02-06,SO
SO260206C00087000,87.0,2.32,1.9,2.45,1.0,21.0,0.20752745605468748,True,CALL,2026-02-06,SO
SO260206C00088000,88.0,1.45,1.4,1.6,9.0,11.0,0.1782308740234375,True,CALL,2026-02-06,SO
SO260206C00089000,89.0,0.85,0.75,1.0,5.0,44.0,0.174812939453125,True,CALL,2026-02-06,SO
SO260206C00090000,90.0,0.58,0.4,0.6,4.0,163.0,0.17920742675781248,False,CALL,2026-02-06,SO
SO260206C00091000,91.0,0.32,0.2,0.35,1.0,195.0,0.1860432958984375,False,CALL,2026-02-06,SO
SO260206C00092000,92.0,0.16,0.1,0.15,123.0,40.0,0.1772543212890625,False,CALL,2026-02-06,SO
SO260206C00093000,93.0,0.09,0.0,0.35,1.0,126.0,0.282233740234375,False,CALL,2026-02-06,SO
SO260206C00094000,94.0,0.18,0.0,0.5,,11.0,0.36914693359375,False,CALL,2026-02-06,SO
SO260206C00095000,95.0,0.1,0.0,1.2,,38.0,0.5854533642578125,False,CALL,2026-02-06,SO
SO260206P00078000,78.0,0.05,0.0,2.15,1.0,1.0,0.8916026464843749,False,PUT,2026-02-06,SO
SO260206P00080000,80.0,0.05,0.0,2.15,1.0,7.0,0.7773459765625,False,PUT,2026-02-06,SO
SO260206P00082000,82.0,0.05,0.0,1.25,1.0,17.0,0.5371140039062501,False,PUT,2026-02-06,SO
SO260206P00083000,83.0,0.17,0.0,0.3,2.0,4.0,0.379889013671875,False,PUT,2026-02-06,SO
SO260206P00084000,84.0,0.45,0.05,0.5,1.0,17.0,0.39551385742187506,False,PUT,2026-02-06,SO
SO260206P00085000,85.0,0.25,0.1,0.3,51.0,71.0,0.28516339843749994,False,PUT,2026-02-06,SO
SO260206P00086000,86.0,0.3,0.2,0.35,5.0,23.0,0.249030947265625,False,PUT,2026-02-06,SO
SO260206P00087000,87.0,0.42,0.3,0.55,2.0,9.0,0.2417068017578125,False,PUT,2026-02-06,SO
SO260206P00088000,88.0,0.72,0.55,0.8,3.0,135.0,0.22657023437499998,False,PUT,2026-02-06,SO
SO260206P00089000,89.0,1.15,0.95,1.2,1.0,55.0,0.21973436523437498,False,PUT,2026-02-06,SO
SO260206P00090000,90.0,2.15,1.45,1.85,19.0,20.0,0.2356033471679687,True,PUT,2026-02-06,SO
SO260213C00081000,81.0,5.48,6.5,9.9,,6.0,0.6838410522460938,True,CALL,2026-02-13,SO
SO260213C00082000,82.0,4.62,5.8,8.3,,6.0,0.5285691674804689,True,CALL,2026-02-13,SO
SO260213C00086000,86.0,2.7,1.9,4.9,,2.0,0.4299373413085938,True,CALL,2026-02-13,SO
SO260213C00088000,88.0,2.38,1.65,2.0,32.0,33.0,0.19117019775390626,True,CALL,2026-02-13,SO
SO260213C00090000,90.0,0.93,0.7,0.95,4.0,15.0,0.18360191406249998,False,CALL,2026-02-13,SO
SO260213C00091000,91.0,0.5,0.45,0.65,10.0,1211.0,0.188484677734375,False,CALL,2026-02-13,SO
SO260213C00092000,92.0,0.3,0.2,0.45,4.0,14.0,0.1958088232421875,False,CALL,2026-02-13,SO
SO260213C00094000,94.0,0.22,0.05,0.2,,51.0,0.20655090332031245,False,CALL,2026-02-13,SO
SO260213P00074000,74.0,0.05,0.0,2.15,,3.0,0.840821904296875,False,PUT,2026-02-13,SO
SO260213P00075000,75.0,0.05,0.0,2.15,,2.0,0.797853583984375,False,PUT,2026-02-13,SO
SO260213P00080000,80.0,0.4,0.0,2.15,,30.0,0.5830119824218749,False,PUT,2026-02-13,SO
SO260213P00081000,81.0,0.1,0.0,2.2,15.0,15.0,0.5444381494140625,False,PUT,2026-02-13,SO
SO260213P00083000,83.0,0.65,0.05,2.25,,1.0,0.6499058447265625,False,PUT,2026-02-13,SO
SO260213P00084000,84.0,0.38,0.0,2.35,1.0,17.0,0.6127968408203126,False,PUT,2026-02-13,SO
SO260213P00085000,85.0,0.5,0.25,0.5,1.0,71.0,0.256843369140625,False,PUT,2026-02-13,SO
SO260213P00086000,86.0,0.42,0.4,0.5,3.0,14.0,0.215828154296875,False,PUT,2026-02-13,SO
SO260213P00087000,87.0,0.9,0.6,0.7,3.0,11.0,0.20508607421874997,False,PUT,2026-02-13,SO
SO260213P00088000,88.0,0.95,0.7,1.05,11.0,18.0,0.20533021240234373,False,PUT,2026-02-13,SO
SO260213P00089000,89.0,1.77,1.25,1.4,,9.0,0.19165847412109377,False,PUT,2026-02-13,SO
SO260213P00090000,90.0,2.8,1.8,2.1,,10.0,0.21143366699218746,True,PUT,2026-02-13,SO
SO260220C00065000,65.0,23.72,21.8,25.8,,2.0,1.2026407055664063,True,CALL,2026-02-20,SO
SO260220C00070000,70.0,18.64,17.4,20.8,1.0,13.0,0.9946289599609376,True,CALL,2026-02-20,SO
SO260220C00075000,75.0,13.45,12.4,15.5,5.0,6.0,0.7392604199218749,True,CALL,2026-02-20,SO
SO260220C00080000,80.0,9.5,7.7,9.3,3.0,26.0,0.3090889404296875,True,CALL,2026-02-20,SO
SO260220C00082500,82.5,6.63,5.1,8.5,1.0,32.0,0.5227098510742187,True,CALL,2026-02-20,SO
SO260220C00084000,84.0,4.0,3.8,6.5,2.0,2.0,0.3918517846679687,True,CALL,2026-02-20,SO
SO260220C00085000,85.0,4.12,2.95,5.4,60.0,191.0,0.33765310791015624,True,CALL,2026-02-20,SO
SO260220C00086000,86.0,3.55,3.1,3.6,1.0,13.0,0.187508125,True,CALL,2026-02-20,SO
SO260220C00087000,87.0,2.55,2.55,2.85,8.0,17.0,0.1840901904296875,True,CALL,2026-02-20,SO
SO260220C00087500,87.5,2.2,2.2,2.45,12.0,404.0,0.1757894921875,True,CALL,2026-02-20,SO
SO260220C00088000,88.0,1.9,1.85,2.15,16.0,93.0,0.17701018310546873,True,CALL,2026-02-20,SO
SO260220C00089000,89.0,1.77,1.3,1.6,1.0,101.0,0.17652190673828128,True,CALL,2026-02-20,SO
SO260220C00090000,90.0,1.05,0.95,1.2,16.0,963.0,0.18189294677734374,False,CALL,2026-02-20,SO
SO260220C00091000,91.0,0.85,0.6,0.85,6.0,87.0,0.18238122314453126,False,CALL,2026-02-20,SO
SO260220C00092000,92.0,0.5,0.35,0.65,9.0,2345.0,0.19214675048828128,False,CALL,2026-02-20,SO
SO260220C00092500,92.5,0.4,0.3,0.5,1.0,1616.0,0.186531572265625,False,CALL,2026-02-20,SO
SO260220C00093000,93.0,0.4,0.2,0.45,,9.0,0.19361157958984376,False,CALL,2026-02-20,SO
SO260220C00095000,95.0,0.14,0.05,0.2,2.0,1330.0,0.196297099609375,False,CALL,2026-02-20,SO
SO260220C00097500,97.5,0.09,0.0,2.2,1.0,324.0,0.5795940478515625,False,CALL,2026-02-20,SO
SO260220C00100000,100.0,0.1,0.0,0.2,2.0,188.0,0.30371790039062496,False,CALL,2026-02-20,SO
SO260220C00105000,105.0,0.05,0.0,2.15,128.0,324.0,0.6123085644531252,False,CALL,2026-02-20,SO
SO260220C00110000,110.0,0.01,0.0,0.05,1.0,126.0,0.38672488281249995,False,CALL,2026-02-20,SO
SO260220P00065000,65.0,0.28,0.0,0.0,33.0,35.0,0.2500075,False,PUT,2026-02-20,SO
SO260220P00070000,70.0,0.25,0.0,2.15,1.0,10.0,0.8466812207031249,False,PUT,2026-02-20,SO
SO260220P00075000,75.0,0.29,0.0,2.2,10.0,81.0,0.6704134521484376,False,PUT,2026-02-20,SO
SO260220P00077500,77.5,0.35,0.0,0.6,2.0,62.0,0.4760794580078125,False,PUT,2026-02-20,SO
SO260220P00079000,79.0,0.15,0.0,2.25,,1.0,0.5312546875,False,PUT,2026-02-20,SO
SO260220P00080000,80.0,0.23,0.15,1.5,11.0,350.0,0.5566450585937501,False,PUT,2026-02-20,SO
SO260220P00082000,82.0,0.36,0.05,0.8,10.0,26.0,0.3676821044921875,False,PUT,2026-02-20,SO
SO260220P00082500,82.5,0.34,0.1,0.8,1.0,199.0,0.3501041552734374,False,PUT,2026-02-20,SO
SO260220P00083000,83.0,0.7,0.3,0.55,4.0,5.0,0.2890696093749999,False,PUT,2026-02-20,SO
SO260220P00084000,84.0,0.55,0.45,0.6,3.0,19.0,0.264655791015625,False,PUT,2026-02-20,SO
SO260220P00085000,85.0,0.69,0.6,0.85,14.0,452.0,0.2683178637695312,False,PUT,2026-02-20,SO
SO260220P00086000,86.0,1.0,0.85,1.1,8.0,29.0,0.26392337646484376,False,PUT,2026-02-20,SO
SO260220P00087000,87.0,1.22,1.15,1.4,10.0,31.0,0.25879647460937505,False,PUT,2026-02-20,SO
SO260220P00087500,87.5,1.45,1.3,1.6,1.0,445.0,0.25928475097656256,False,PUT,2026-02-20,SO
SO260220P00088000,88.0,1.55,1.5,1.8,4.0,18.0,0.2580640600585938,False,PUT,2026-02-20,SO
SO260220P00089000,89.0,1.9,2.0,2.3,1.0,96.0,0.260749580078125,False,PUT,2026-02-20,SO
SO260220P00090000,90.0,2.7,2.6,2.9,11.0,360.0,0.26734131103515624,True,PUT,2026-02-20,SO
SO260220P00091000,91.0,3.5,3.3,3.7,18.0,24.0,0.28955788574218744,True,PUT,2026-02-20,SO
SO260220P00092500,92.5,5.1,3.9,5.2,4.0,137.0,0.3501041552734374,True,PUT,2026-02-20,SO
SO260220P00095000,95.0,7.25,5.1,7.9,2.0,166.0,0.46533737792968755,True,PUT,2026-02-20,SO
SO260220P00097500,97.5,4.5,6.9,9.8,63.0,249.0,0.4633842724609375,True,PUT,2026-02-20,SO
SO260220P00100000,100.0,9.7,0.0,0.0,6.0,0.0,1.0000000000000003e-05,True,PUT,2026-02-20,SO
SO260220P00105000,105.0,12.0,13.8,17.9,1.0,0.0,0.7563500927734376,True,PUT,2026-02-20,SO
SO260220P00110000,110.0,17.63,14.6,17.3,,0.0,1.0000000000000003e-05,True,PUT,2026-02-20,SO
SO260227C00086000,86.0,3.45,3.4,3.8,2.0,11.0,0.18946123046875002,True,CALL,2026-02-27,SO
SO260227C00087000,87.0,2.8,2.65,3.0,3.0,3.0,0.17798673583984376,True,CALL,2026-02-27,SO
SO260227C00088000,88.0,2.15,2.0,2.35,2.0,1.0,0.1753012158203125,True,CALL,2026-02-27,SO
SO260227C00089000,89.0,2.03,1.45,1.8,,1.0,0.17432466308593753,True,CALL,2026-02-27,SO
SO260227C00090000,90.0,0.68,1.05,1.35,1.0,3.0,0.17432466308593753,False,CALL,2026-02-27,SO
SO260227C00092000,92.0,0.9,0.5,0.8,,1.0,0.1860432958984375,False,CALL,2026-02-27,SO
SO260227C00093000,93.0,0.61,0.3,0.65,,10.0,0.19654123779296873,False,CALL,2026-02-27,SO
SO260227P00070000,70.0,0.02,0.0,2.15,,5.0,0.7412135253906249,False,PUT,2026-02-27,SO
SO260227P00082000,82.0,0.53,0.3,0.6,1.0,5.0,0.29004616210937495,False,PUT,2026-02-27,SO
SO260227P00083000,83.0,0.58,0.4,0.7,2.0,3.0,0.2766185620117187,False,PUT,2026-02-27,SO
SO260227P00084000,84.0,1.0,0.4,0.8,2.0,2.0,0.2602613037109375,False,PUT,2026-02-27,SO
SO260227P00085000,85.0,1.0,0.7,0.9,3.0,7.0,0.241218525390625,False,PUT,2026-02-27,SO
SO260306P00082000,82.0,0.5,0.4,0.7,10.0,11.0,0.2758861474609374,False,PUT,2026-03-06,SO
SO260306P00085000,85.0,1.32,0.85,1.25,,2.0,0.2557447473144532,False,PUT,2026-03-06,SO
SO260306P00087000,87.0,1.65,1.45,1.85,1.0,6.0,0.24646749633789064,False,PUT,2026-03-06,SO
SO260320C00065000,65.0,20.28,21.8,25.8,5.0,2.0,0.807619111328125,True,CALL,2026-03-20,SO
SO260320C00070000,70.0,18.71,16.8,20.8,1.0,21.0,0.6679720703125002,True,CALL,2026-03-20,SO
SO260320C00075000,75.0,12.33,13.0,15.9,4.0,2100.0,0.5451705639648439,True,CALL,2026-03-20,SO
SO260320C00077500,77.5,11.55,10.7,13.0,2.0,37.0,0.43237872314453124,True,CALL,2026-03-20,SO
SO260320C00080000,80.0,7.96,7.7,10.7,1.0,26.0,0.389654541015625,True,CALL,2026-03-20,SO
SO260320C00082500,82.5,6.75,5.4,8.2,1.0,114.0,0.32263860961914054,True,CALL,2026-03-20,SO
SO260320C00085000,85.0,4.8,4.6,5.0,1.0,286.0,0.18982743774414065,True,CALL,2026-03-20,SO
SO260320C00087500,87.5,2.96,2.8,3.3,90.0,399.0,0.1859212268066406,True,CALL,2026-03-20,SO
SO260320C00090000,90.0,1.8,1.7,1.95,15.0,4568.0,0.17945156494140624,False,CALL,2026-03-20,SO
SO260320C00092500,92.5,1.05,0.8,1.05,5.0,2621.0,0.17652190673828128,False,CALL,2026-03-20,SO
SO260320C00095000,95.0,0.55,0.35,0.55,4.0,1602.0,0.17945156494140624,False,CALL,2026-03-20,SO
SO260320C00097500,97.5,0.22,0.2,0.3,3.0,223.0,0.18726398681640627,False,CALL,2026-03-20,SO
SO260320C00100000,100.0,0.11,0.0,1.25,6.0,647.0,0.3479069116210937,False,CALL,2026-03-20,SO
SO260320C00105000,105.0,0.05,0.05,0.2,19.0,515.0,0.26758544921875,False,CALL,2026-03-20,SO
SO260320C00110000,110.0,0.09,0.0,0.0,1.0,207.0,0.12500875,False,CALL,2026-03-20,SO
SO260320C00115000,115.0,0.5,0.0,1.25,3.0,22.0,0.57617611328125,False,CALL,2026-03-20,SO
SO260320P00065000,65.0,0.1,0.0,2.15,2.0,27.0,0.6948272705078126,False,PUT,2026-03-20,SO
SO260320P00070000,70.0,0.13,0.0,2.2,15.0,240.0,0.5727581787109376,False,PUT,2026-03-20,SO
SO260320P00075000,75.0,0.3,0.0,2.35,30.0,189.0,0.6020547607421877,False,PUT,2026-03-20,SO
SO260320P00077500,77.5,0.5,0.25,0.4,6.0,66.0,0.28516339843749994,False,PUT,2026-03-20,SO
SO260320P00080000,80.0,0.5,0.4,0.6,4.0,217.0,0.26587648193359376,False,PUT,2026-03-20,SO
SO260320P00082500,82.5,0.79,0.65,0.9,3.0,223.0,0.24634542724609376,False,PUT,2026-03-20,SO
SO260320P00085000,85.0,1.22,1.1,1.35,2.0,448.0,0.2268143725585937,False,PUT,2026-03-20,SO
SO260320P00087500,87.5,2.05,1.95,2.25,4.0,550.0,0.2249833361816406,False,PUT,2026-03-20,SO
SO260320P00090000,90.0,3.4,3.1,3.4,7.0,465.0,0.2172929833984375,True,PUT,2026-03-20,SO
SO260320P00092500,92.5,5.1,4.9,5.4,4.0,197.0,0.25135026000976557,True,PUT,2026-03-20,SO
SO260320P00095000,95.0,7.4,5.3,7.9,11.0,215.0,0.31250687499999996,True,PUT,2026-03-20,SO
SO260320P00097500,97.5,9.0,8.0,10.2,15.0,131.0,0.3491276025390625,True,PUT,2026-03-20,SO
SO260320P00100000,100.0,12.0,9.9,13.5,4.0,36.0,0.4721732470703125,True,PUT,2026-03-20,SO
SO260320P00105000,105.0,15.5,0.0,0.0,7.0,1.0,1.0000000000000003e-05,True,PUT,2026-03-20,SO
SO260515C00070000,70.0,18.77,17.6,21.0,12.0,14.0,0.47949739257812496,True,CALL,2026-05-15,SO
SO260515C00075000,75.0,13.85,12.9,16.3,5.0,20.0,0.4078428356933594,True,CALL,2026-05-15,SO
SO260515C00077500,77.5,12.02,10.9,13.2,1.0,3.0,0.3143379113769531,True,CALL,2026-05-15,SO
SO260515C00080000,80.0,9.78,8.7,11.4,1.0,41.0,0.317389638671875,True,CALL,2026-05-15,SO
SO260515C00082500,82.5,8.3,7.7,8.2,1.0,21.0,0.22266402343749997,True,CALL,2026-05-15,SO
SO260515C00085000,85.0,6.0,5.8,6.4,5.0,150.0,0.21595022338867187,True,CALL,2026-05-15,SO
SO260515C00087500,87.5,4.3,4.2,4.6,2.0,317.0,0.19800606689453126,True,CALL,2026-05-15,SO
SO260515C00090000,90.0,3.2,2.9,3.3,6.0,540.0,0.19422192504882813,False,CALL,2026-05-15,SO
SO260515C00092500,92.5,2.05,1.95,2.2,9.0,195.0,0.18726398681640627,False,CALL,2026-05-15,SO
SO260515C00095000,95.0,1.3,1.25,1.5,16.0,345.0,0.18860674682617187,False,CALL,2026-05-15,SO
SO260515C00097500,97.5,0.9,0.75,1.0,15.0,817.0,0.19031571411132814,False,CALL,2026-05-15,SO
SO260515C00100000,100.0,0.55,0.35,0.9,2.0,247.0,0.21326470336914063,False,CALL,2026-05-15,SO
SO260515C00105000,105.0,0.58,0.0,0.0,1.0,24.0,0.062509375,False,CALL,2026-05-15,SO
SO260515C00110000,110.0,0.1,0.0,0.8,150.0,438.0,0.30762411132812495,False,CALL,2026-05-15,SO
SO260515C00115000,115.0,0.89,0.0,0.7,10.0,21.0,0.3403386279296875,False,CALL,2026-05-15,SO
SO260515P00065000,65.0,0.38,0.0,0.75,,1.0,0.43506424316406256,False,PUT,2026-05-15,SO
SO260515P00070000,70.0,0.3,0.05,0.8,25.0,34.0,0.35986968261718744,False,PUT,2026-05-15,SO
SO260515P00075000,75.0,0.51,0.4,1.65,1.0,59.0,0.35986968261718744,False,PUT,2026-05-15,SO
SO260515P00077500,77.5,0.75,0.65,1.05,1.0,39.0,0.2647778601074219,False,PUT,2026-05-15,SO
SO260515P00080000,80.0,1.1,0.95,1.15,1.0,290.0,0.231452998046875,False,PUT,2026-05-15,SO
SO260515P00082500,82.5,1.83,1.3,1.6,2.0,221.0,0.21949022705078125,False,PUT,2026-05-15,SO
SO260515P00085000,85.0,2.6,1.9,2.2,7.0,544.0,0.2074053869628906,False,PUT,2026-05-15,SO
SO260515P00087500,87.5,2.9,2.8,3.1,1.0,151.0,0.20081365600585935,False,PUT,2026-05-15,SO
SO260515P00090000,90.0,4.15,3.9,4.3,4.0,76.0,0.19702951416015624,True,PUT,2026-05-15,SO
SO260515P00092500,92.5,6.9,5.5,6.1,1.0,15.0,0.2117998742675781,True,PUT,2026-05-15,SO
SO260515P00095000,95.0,8.4,0.0,0.0,23.0,19.0,1.0000000000000003e-05,True,PUT,2026-05-15,SO
SO260515P00097500,97.5,10.7,0.0,0.0,1.0,15.0,1.0000000000000003e-05,True,PUT,2026-05-15,SO
SO260515P00100000,100.0,15.25,10.1,13.5,1.0,4.0,0.32605654418945307,True,PUT,2026-05-15,SO
SO260515P00105000,105.0,7.6,13.3,16.5,,3.0,0.23365024169921872,True,PUT,2026-05-15,SO
SO260618C00065000,65.0,25.0,24.5,28.0,1.0,4.0,0.52539537109375,True,CALL,2026-06-18,SO
SO260618C00067500,67.5,18.64,20.0,23.4,1.0,21.0,0.45166563964843753,True,CALL,2026-06-18,SO
SO260618C00070000,70.0,19.25,17.7,21.0,1.0,26.0,0.4177304321289062,True,CALL,2026-06-18,SO
SO260618C00072500,72.5,25.9,16.0,19.5,30.0,20.0,0.44605046142578125,True,CALL,2026-06-18,SO
SO260618C00075000,75.0,14.9,13.0,16.4,2.0,95.0,0.3619448571777344,True,CALL,2026-06-18,SO
SO260618C00077500,77.5,12.3,10.9,14.2,2.0,81.0,0.33765310791015624,True,CALL,2026-06-18,SO
SO260618C00080000,80.0,10.5,8.9,10.7,3.0,81.0,0.2342605871582031,True,CALL,2026-06-18,SO
SO260618C00082500,82.5,8.33,7.8,8.5,9.0,191.0,0.21094539062499998,True,CALL,2026-06-18,SO
SO260618C00085000,85.0,6.1,6.0,6.8,7.0,796.0,0.20801573242187496,True,CALL,2026-06-18,SO
SO260618C00087500,87.5,4.0,4.5,5.3,157.0,331.0,0.2048419360351562,True,CALL,2026-06-18,SO
SO260618C00090000,90.0,3.8,3.3,3.8,2.0,403.0,0.19190261230468753,False,CALL,2026-06-18,SO
SO260618C00092500,92.5,2.45,2.25,2.95,14.0,427.0,0.1984333087158203,False,CALL,2026-06-18,SO
SO260618C00095000,95.0,1.6,1.3,1.85,53.0,365.0,0.18274743041992186,False,CALL,2026-06-18,SO
SO260618C00097500,97.5,1.2,0.95,1.25,4.0,3263.0,0.18116053222656248,False,CALL,2026-06-18,SO
SO260618C00100000,100.0,0.7,0.6,0.8,35.0,782.0,0.17859708129882812,False,CALL,2026-06-18,SO
SO260618C00105000,105.0,0.35,0.15,0.95,2.0,287.0,0.23767852172851558,False,CALL,2026-06-18,SO
SO260618C00110000,110.0,0.32,0.0,0.15,2.0,274.0,0.18555501953124998,False,CALL,2026-06-18,SO
SO260618C00115000,115.0,0.2,0.0,0.0,1.0,926.0,0.062509375,False,CALL,2026-06-18,SO
SO260618P00062500,62.5,0.98,0.0,2.1,3.0,299.0,0.5625043750000001,False,PUT,2026-06-18,SO
SO260618P00065000,65.0,0.35,0.0,0.0,3.0,54.0,0.12500875,False,PUT,2026-06-18,SO
SO260618P00067500,67.5,0.4,0.05,0.75,3.0,32.0,0.3430241479492187,False,PUT,2026-06-18,SO
SO260618P00070000,70.0,0.4,0.0,1.2,5.0,256.0,0.35388829711914055,False,PUT,2026-06-18,SO
SO260618P00072500,72.5,0.62,0.0,0.0,1.0,38.0,0.062509375,False,PUT,2026-06-18,SO
SO260618P00075000,75.0,1.02,0.65,1.1,15.0,72.0,0.27075924560546877,False,PUT,2026-06-18,SO
SO260618P00077500,77.5,1.0,0.9,1.2,2.0,300.0,0.2420730090332031,False,PUT,2026-06-18,SO
SO260618P00080000,80.0,1.4,1.0,1.55,1.0,710.0,0.2280350634765625,False,PUT,2026-06-18,SO
SO260618P00082500,82.5,2.05,1.75,2.4,3.0,1194.0,0.23584748535156247,False,PUT,2026-06-18,SO
SO260618P00085000,85.0,2.8,2.4,2.85,1.0,417.0,0.21314263427734376,False,PUT,2026-06-18,SO
SO260618P00087500,87.5,3.5,3.5,3.8,21.0,385.0,0.20728331787109372,False,PUT,2026-06-18,SO
SO260618P00090000,90.0,4.8,4.6,5.1,8.0,223.0,0.20789366333007808,True,PUT,2026-06-18,SO
SO260618P00092500,92.5,7.41,6.1,6.7,28.0,307.0,0.21253228881835937,True,PUT,2026-06-18,SO
SO260618P00095000,95.0,8.35,7.9,8.4,2.0,234.0,0.21314263427734376,True,PUT,2026-06-18,SO
SO260618P00097500,97.5,11.6,9.0,11.4,5.0,21.0,0.2727123510742187,True,PUT,2026-06-18,SO
SO260618P00100000,100.0,15.0,10.3,13.7,2.0,10.0,0.29456271850585936,True,PUT,2026-06-18,SO
SO260618P00115000,115.0,19.0,24.2,27.7,2.0,0.0,0.3846497082519531,True,PUT,2026-06-18,SO
SO260821C00075000,75.0,14.1,14.0,16.1,,7.0,0.2833323620605468,True,CALL,2026-08-21,SO
SO260821C00077500,77.5,12.8,11.4,14.6,2.0,16.0,0.2999337585449219,True,CALL,2026-08-21,SO
SO260821C00080000,80.0,10.1,10.4,11.2,,4.0,0.21949022705078125,True,CALL,2026-08-21,SO
SO260821C00082500,82.5,9.3,8.5,9.4,1.0,6.0,0.2153398779296875,True,CALL,2026-08-21,SO
SO260821C00085000,85.0,7.0,6.8,7.8,2.0,25.0,0.21314263427734376,True,CALL,2026-08-21,SO
SO260821C00090000,90.0,4.2,3.8,5.0,6.0,25.0,0.2041705560302734,False,CALL,2026-08-21,SO
SO260821C00092500,92.5,3.6,2.95,4.0,1.0,15.0,0.2048419360351562,False,CALL,2026-08-21,SO
SO260821C00095000,95.0,2.5,2.3,2.9,5.0,29.0,0.19489330505371094,False,CALL,2026-08-21,SO
SO260821C00100000,100.0,1.25,0.95,1.85,30.0,39.0,0.20337710693359373,False,CALL,2026-08-21,SO
SO260821P00065000,65.0,0.5,0.05,1.8,1.0,3.0,0.4067442138671875,False,PUT,2026-08-21,SO
SO260821P00070000,70.0,1.0,0.05,2.45,5.0,9.0,0.37830211547851555,False,PUT,2026-08-21,SO
SO260821P00075000,75.0,1.29,1.0,1.65,2.0,9.0,0.2600171655273438,False,PUT,2026-08-21,SO
SO260821P00077500,77.5,1.7,1.35,2.1,3.0,12.0,0.2518385363769531,False,PUT,2026-08-21,SO
SO260821P00080000,80.0,2.3,1.75,2.6,,1.0,0.24134059448242187,False,PUT,2026-08-21,SO
SO260821P00082500,82.5,3.0,2.3,3.3,8.0,11.0,0.23511507080078126,False,PUT,2026-08-21,SO
SO260821P00085000,85.0,3.6,3.0,4.2,,2.0,0.23133092895507812,False,PUT,2026-08-21,SO
SO260821P00087500,87.5,4.48,4.0,5.1,1.0,1.0,0.22168747070312497,False,PUT,2026-08-21,SO
SO260821P00090000,90.0,5.9,5.3,6.2,1.0,8.0,0.21375297973632812,True,PUT,2026-08-21,SO
SO260918C00065000,65.0,29.04,0.0,0.0,3.0,11.0,1.0000000000000003e-05,True,CALL,2026-09-18,SO
SO260918C00070000,70.0,19.59,18.2,21.4,3.0,15.0,0.3487613952636719,True,CALL,2026-09-18,SO
SO260918C00075000,75.0,15.45,14.3,17.0,,2.0,0.31165239135742184,True,CALL,2026-09-18,SO
SO260918C00080000,80.0,9.42,10.6,11.5,1.0,7.0,0.21949022705078125,True,CALL,2026-09-18,SO
SO260918C00082500,82.5,8.35,8.7,9.7,1.0,79.0,0.2142412561035156,True,CALL,2026-09-18,SO
SO260918C00085000,85.0,6.2,6.9,8.1,7.0,149.0,0.2111895288085937,True,CALL,2026-09-18,SO
SO260918C00087500,87.5,5.86,5.5,6.7,1.0,17.0,0.20960263061523435,True,CALL,2026-09-18,SO
SO260918C00090000,90.0,4.6,4.2,5.3,4.0,164.0,0.20209538146972655,False,CALL,2026-09-18,SO
SO260918C00092500,92.5,3.7,3.4,4.2,5.0,63.0,0.19928779235839844,False,CALL,2026-09-18,SO
SO260918C00095000,95.0,2.7,2.5,3.2,1.0,194.0,0.19403882141113282,False,CALL,2026-09-18,SO
SO260918C00097500,97.5,1.95,1.45,2.65,1.0,435.0,0.20020331054687499,False,CALL,2026-09-18,SO
SO260918C00100000,100.0,1.55,1.05,1.8,15.0,531.0,0.18854571228027345,False,CALL,2026-09-18,SO
SO260918C00105000,105.0,0.6,0.45,1.3,3.0,172.0,0.2048419360351562,False,CALL,2026-09-18,SO
SO260918C00110000,110.0,0.25,0.0,0.85,11.0,178.0,0.21192194335937498,False,CALL,2026-09-18,SO
SO260918C00115000,115.0,2.1,0.0,2.85,6.0,30.0,0.3546207116699218,False,CALL,2026-09-18,SO
SO260918P00065000,65.0,0.5,0.0,0.95,2.0,32.0,0.3139717041015625,False,PUT,2026-09-18,SO
SO260918P00070000,70.0,1.15,0.0,1.55,40.0,1636.0,0.2995675512695312,False,PUT,2026-09-18,SO
SO260918P00075000,75.0,1.45,1.1,2.0,2112.0,2245.0,0.2633130310058594,False,PUT,2026-09-18,SO
SO260918P00077500,77.5,1.95,1.55,2.45,10.0,11.0,0.2533033654785156,False,PUT,2026-09-18,SO
SO260918P00080000,80.0,2.2,2.0,3.1,1.0,1894.0,0.24829853271484376,False,PUT,2026-09-18,SO
SO260918P00082500,82.5,2.95,2.65,3.8,20.0,98.0,0.24054714538574218,False,PUT,2026-09-18,SO
SO260918P00085000,85.0,3.7,3.3,4.6,2.0,95.0,0.23200230895996093,False,PUT,2026-09-18,SO
SO260918P00087500,87.5,6.62,4.3,5.6,1.0,22.0,0.2258988543701172,False,PUT,2026-09-18,SO
SO260918P00090000,90.0,5.27,0.0,0.0,4.0,105.0,1.0000000000000003e-05,True,PUT,2026-09-18,SO
SO260918P00092500,92.5,9.26,7.0,8.0,36.0,167.0,0.21192194335937498,True,PUT,2026-09-18,SO
SO260918P00095000,95.0,11.1,8.6,9.6,34.0,72.0,0.21094539062499998,True,PUT,2026-09-18,SO
SO260918P00097500,97.5,6.0,9.0,10.4,16.0,130.0,0.1720053503417969,True,PUT,2026-09-18,SO
SO260918P00100000,100.0,11.99,0.0,0.0,160.0,81.0,1.0000000000000003e-05,True,PUT,2026-09-18,SO
SO260918P00105000,105.0,12.25,15.0,17.7,1.0,1.0,0.22827920166015625,True,PUT,2026-09-18,SO
SO260918P00110000,110.0,24.67,20.6,23.2,2.0,1.0,0.29053443847656246,True,PUT,2026-09-18,SO
SO261218C00065000,65.0,21.23,22.0,26.5,5.0,5.0,0.36035795898437495,True,CALL,2026-12-18,SO
SO261218C00070000,70.0,18.8,18.0,22.5,10.0,34.0,0.3472355316162109,True,CALL,2026-12-18,SO
SO261218C00075000,75.0,13.2,14.0,18.0,22.0,23.0,0.30463341857910153,True,CALL,2026-12-18,SO
SO261218C00077500,77.5,12.0,12.0,15.1,10.0,10.0,0.2576978527832031,True,CALL,2026-12-18,SO
SO261218C00080000,80.0,11.99,11.2,12.4,1.0,6.0,0.21949022705078125,True,CALL,2026-12-18,SO
SO261218C00082500,82.5,9.17,9.4,10.6,19.0,12.0,0.21216608154296873,True,CALL,2026-12-18,SO
SO261218C00085000,85.0,8.55,7.9,9.1,1.0,19.0,0.21076228698730468,True,CALL,2026-12-18,SO
SO261218C00087500,87.5,6.9,6.5,7.7,1.0,87.0,0.20807676696777339,True,CALL,2026-12-18,SO
SO261218C00090000,90.0,6.1,5.1,6.5,1.0,95.0,0.20722228332519527,False,CALL,2026-12-18,SO
SO261218C00092500,92.5,4.33,4.0,5.4,2.0,45.0,0.20508607421874997,False,CALL,2026-12-18,SO
SO261218C00095000,95.0,3.2,2.95,4.5,5.0,70.0,0.20502503967285152,False,CALL,2026-12-18,SO
SO261218C00097500,97.5,3.0,1.3,3.7,2.0,7.0,0.2041705560302734,False,CALL,2026-12-18,SO
SO261218C00100000,100.0,1.75,1.6,3.1,15.0,87.0,0.2061236614990234,False,CALL,2026-12-18,SO
SO261218C00105000,105.0,1.4,0.9,2.0,3.0,75.0,0.2034991760253906,False,CALL,2026-12-18,SO
SO261218C00110000,110.0,0.75,0.35,3.1,1.0,69.0,0.27930408203124996,False,CALL,2026-12-18,SO
SO261218C00115000,115.0,0.33,0.0,0.6,,2.0,0.18836260864257812,False,CALL,2026-12-18,SO
SO261218P00070000,70.0,1.6,1.15,2.0,10.0,6443.0,0.278327529296875,False,PUT,2026-12-18,SO
SO261218P00075000,75.0,2.3,1.75,2.65,1.0,88.0,0.25189957092285153,False,PUT,2026-12-18,SO
SO261218P00077500,77.5,3.36,2.1,3.4,1.0,3.0,0.25226577819824214,False,PUT,2026-12-18,SO
SO261218P00080000,80.0,3.35,2.75,4.8,1.0,9.0,0.2710033837890625,False,PUT,2026-12-18,SO
SO261218P00085000,85.0,4.8,4.3,5.7,2.0,41.0,0.23151403259277342,False,PUT,2026-12-18,SO
SO261218P00087500,87.5,5.84,5.3,6.5,1.0,13.0,0.21900195068359374,False,PUT,2026-12-18,SO
SO261218P00090000,90.0,7.98,6.5,7.6,2.0,8.0,0.21192194335937498,True,PUT,2026-12-18,SO
SO270115C00065000,65.0,18.3,22.8,25.7,1.0,10.0,0.30121548400878906,True,CALL,2027-01-15,SO
SO270115C00070000,70.0,20.0,18.5,22.5,2.0,157.0,0.33313655151367194,True,CALL,2027-01-15,SO
SO270115C00072500,72.5,26.76,17.9,21.5,1.0,2.0,0.3619448571777344,True,CALL,2027-01-15,SO
SO270115C00075000,75.0,15.4,14.0,17.7,19.0,90.0,0.2808299456787109,True,CALL,2027-01-15,SO
SO270115C00077500,77.5,13.82,12.5,15.2,3.0,99.0,0.25086198364257806,True,CALL,2027-01-15,SO
SO270115C00080000,80.0,12.0,11.8,12.6,1.0,570.0,0.2174760870361328,True,CALL,2027-01-15,SO
SO270115C00082500,82.5,10.3,9.5,10.9,1.0,297.0,0.2132036688232422,True,CALL,2027-01-15,SO
SO270115C00085000,85.0,8.98,8.3,9.3,5.0,106.0,0.2082598706054687,True,CALL,2027-01-15,SO
SO270115C00087500,87.5,6.75,6.7,7.9,2.0,277.0,0.2054522814941406,True,CALL,2027-01-15,SO
SO270115C00090000,90.0,6.2,5.4,6.7,2.0,447.0,0.204536763305664,False,CALL,2027-01-15,SO
SO270115C00092500,92.5,5.19,4.4,5.7,1.0,171.0,0.20539124694824218,False,CALL,2027-01-15,SO
SO270115C00095000,95.0,4.3,3.3,4.8,2.0,417.0,0.20551331604003903,False,CALL,2027-01-15,SO
SO270115C00097500,97.5,3.37,2.5,3.9,31.0,355.0,0.20197331237792968,False,CALL,2027-01-15,SO
SO270115C00100000,100.0,2.52,2.25,2.9,9.0,672.0,0.1912312322998047,False,CALL,2027-01-15,SO
SO270115C00105000,105.0,1.65,1.05,2.25,2.0,115.0,0.20459779785156246,False,CALL,2027-01-15,SO
SO270115C00110000,110.0,1.72,0.5,1.5,1.0,267.0,0.20471986694335934,False,CALL,2027-01-15,SO
SO270115C00115000,115.0,0.5,0.0,2.9,10.0,115.0,0.29041236938476556,False,CALL,2027-01-15,SO
SO270115P00065000,65.0,1.1,0.05,3.3,2.0,123.0,0.3885559191894531,False,PUT,2027-01-15,SO
SO270115P00070000,70.0,1.6,1.45,2.0,521.0,4544.0,0.2670361383056641,False,PUT,2027-01-15,SO
SO270115P00072500,72.5,2.3,0.55,2.45,14.0,184.0,0.2608716491699219,False,PUT,2027-01-15,SO
SO270115P00075000,75.0,2.5,1.9,2.85,9.0,104.0,0.24976336181640624,False,PUT,2027-01-15,SO
SO270115P00077500,77.5,3.1,1.5,3.4,7.0,71.0,0.2420119744873047,False,PUT,2027-01-15,SO
SO270115P00080000,80.0,3.7,2.95,4.3,4.0,610.0,0.24329369995117187,False,PUT,2027-01-15,SO
SO270115P00082500,82.5,4.3,3.6,4.8,4.0,150.0,0.22779092529296874,False,PUT,2027-01-15,SO
SO270115P00085000,85.0,5.2,4.4,5.7,4.0,220.0,0.222114712524414,False,PUT,2027-01-15,SO
SO270115P00087500,87.5,6.2,5.5,6.7,73.0,275.0,0.21595022338867187,False,PUT,2027-01-15,SO
SO270115P00090000,90.0,6.9,6.6,7.9,16.0,77.0,0.21192194335937498,True,PUT,2027-01-15,SO
SO270115P00092500,92.5,8.2,8.1,9.4,2.0,75.0,0.21283746154785155,True,PUT,2027-01-15,SO
SO270115P00095000,95.0,11.5,9.6,10.6,62.0,56.0,0.20136296691894529,True,PUT,2027-01-15,SO
SO270115P00097500,97.5,12.1,11.4,12.3,21.0,11.0,0.20075262145996092,True,PUT,2027-01-15,SO
SO270115P00100000,100.0,14.55,12.1,14.1,1.0,19.0,0.1997150341796875,True,PUT,2027-01-15,SO
SO270115P00105000,105.0,20.1,16.0,19.1,,2.0,0.23694610717773437,True,PUT,2027-01-15,SO
SO280121C00065000,65.0,24.46,24.0,28.0,,2.0,0.2919992675781249,True,CALL,2028-01-21,SO
SO280121C00070000,70.0,21.7,20.0,24.5,1.0,64.0,0.2893137475585937,True,CALL,2028-01-21,SO
SO280121C00075000,75.0,16.88,16.0,20.1,2.0,35.0,0.25724009368896483,True,CALL,2028-01-21,SO
SO280121C00077500,77.5,15.8,14.5,19.0,12.0,18.0,0.2664868273925781,True,CALL,2028-01-21,SO
SO280121C00080000,80.0,13.4,13.0,17.5,3.0,190.0,0.26401492828369144,True,CALL,2028-01-21,SO
SO280121C00082500,82.5,13.65,11.5,16.0,6.0,14.0,0.2599561309814453,True,CALL,2028-01-21,SO
SO280121C00085000,85.0,11.7,10.0,14.5,5.0,19.0,0.25440198730468755,True,CALL,2028-01-21,SO
SO280121C00087500,87.5,10.0,9.0,13.5,1.0,83.0,0.2576978527832031,True,CALL,2028-01-21,SO
SO280121C00090000,90.0,9.6,8.6,11.4,16.0,140.0,0.23706817626953125,False,CALL,2028-01-21,SO
SO280121C00092500,92.5,7.95,6.8,10.2,3.0,147.0,0.23334506896972657,False,CALL,2028-01-21,SO
SO280121C00095000,95.0,7.3,6.0,9.2,1.0,191.0,0.23206334350585936,False,CALL,2028-01-21,SO
SO280121C00097500,97.5,6.3,4.8,8.1,3.0,69.0,0.22724161437988277,False,CALL,2028-01-21,SO
SO280121C00100000,100.0,5.1,3.8,7.2,3.0,132.0,0.22492230163574217,False,CALL,2028-01-21,SO
SO280121C00105000,105.0,3.31,2.15,5.7,1.0,10.0,0.222114712524414,False,CALL,2028-01-21,SO
SO280121C00110000,110.0,2.8,1.0,4.6,4.0,19.0,0.22263350616455074,False,CALL,2028-01-21,SO
SO280121C00115000,115.0,2.05,1.0,3.9,2.0,18.0,0.2280350634765625,False,CALL,2028-01-21,SO
SO280121P00065000,65.0,2.8,1.7,4.7,5.0,26.0,0.3159858441162109,False,PUT,2028-01-21,SO
SO280121P00070000,70.0,4.8,2.1,5.1,3.0,5.0,0.28003649658203117,False,PUT,2028-01-21,SO
SO280121P00075000,75.0,5.56,3.4,6.7,4.0,9.0,0.27362786926269533,False,PUT,2028-01-21,SO
SO280121P00077500,77.5,6.3,4.2,7.7,2.0,3.0,0.27268183380126954,False,PUT,2028-01-21,SO
SO280121P00080000,80.0,6.68,4.0,8.0,24.0,20.0,0.25427991821289064,False,PUT,2028-01-21,SO
SO280121P00082500,82.5,7.66,5.0,10.0,16.0,11.0,0.2721630401611328,False,PUT,2028-01-21,SO
SO280121P00085000,85.0,8.76,6.0,11.0,2.0,4.0,0.26627320648193364,False,PUT,2028-01-21,SO
SO280121P00087500,87.5,10.5,8.1,12.0,,2.0,0.259071130065918,False,PUT,2028-01-21,SO
SO280121P00090000,90.0,10.37,0.0,0.0,4.0,36.0,1.0000000000000003e-05,True,PUT,2028-01-21,SO
SO280121P00092500,92.5,10.36,0.0,0.0,,8.0,1.0000000000000003e-05,True,PUT,2028-01-21,SO
SO280121P00095000,95.0,14.49,11.0,15.0,1.0,1.0,0.22943885803222658,True,PUT,2028-01-21,SO
SO280121P00097500,97.5,15.0,12.5,16.5,32.0,16.0,0.2266312689208984,True,PUT,2028-01-21,SO
SO280121P00100000,100.0,16.69,14.0,18.5,6.0,12.0,0.23246006805419922,True,PUT,2028-01-21,SO
SOBO260220C00022500,22.5,5.2,3.5,5.6,1.0,0.0,1.0000000000000003e-05,True,CALL,2026-02-20,SOBO
SOBO260220C00025000,25.0,3.2,2.8,4.6,60.0,76.0,0.858399853515625,True,CALL,2026-02-20,SOBO
SOBO260220C00030000,30.0,0.1,0.05,0.55,19.0,3007.0,0.36817038085937503,False,CALL,2026-02-20,SOBO
SOBO260220C00035000,35.0,0.03,0.0,0.05,10.0,23.0,0.4414118359375,False,CALL,2026-02-20,SOBO
SOBO260220P00022500,22.5,0.1,0.0,0.25,1.0,3.0,0.65039412109375,False,PUT,2026-02-20,SOBO
SOBO260220P00025000,25.0,0.2,0.0,0.95,1.0,41.0,0.6445348046875,False,PUT,2026-02-20,SOBO
SOBO260220P00030000,30.0,2.2,1.4,2.1,,2.0,0.4580132324218751,True,PUT,2026-02-20,SOBO
SOBO260320P00025000,25.0,0.38,0.0,0.75,,40.0,0.5258836474609375,False,PUT,2026-03-20,SOBO
SOBO260515C00025000,25.0,2.55,3.4,4.6,5.0,17.0,0.3979552392578125,True,CALL,2026-05-15,SOBO
SOBO260515C00030000,30.0,1.0,0.5,1.05,2.0,97.0,0.25586681640625003,False,CALL,2026-05-15,SOBO
SOBO260515C00035000,35.0,0.05,0.0,0.75,3.0,1.0,0.418951123046875,False,CALL,2026-05-15,SOBO
SOBO260515P00022500,22.5,0.4,0.0,0.75,1.0,22.0,0.516606396484375,False,PUT,2026-05-15,SOBO
SOBO260515P00025000,25.0,0.69,0.25,1.0,5.0,120.0,0.41699801757812494,False,PUT,2026-05-15,SOBO
SOBO260515P00030000,30.0,3.8,0.0,0.0,,1.0,1.0000000000000003e-05,True,PUT,2026-05-15,SOBO
SOBO260821C00025000,25.0,4.07,3.6,4.8,1.0,14.0,0.31763377685546873,True,CALL,2026-08-21,SOBO
SOBO260821C00030000,30.0,1.35,1.0,1.75,1.0,708.0,0.26782958740234375,False,CALL,2026-08-21,SOBO
SOBO260821C00035000,35.0,0.19,0.0,0.75,,1.0,0.30249720947265624,False,CALL,2026-08-21,SOBO
SOBO260821P00022500,22.5,0.75,0.1,0.95,3.0,38.0,0.4106504248046875,False,PUT,2026-08-21,SOBO
SOBO260821P00025000,25.0,1.6,0.6,1.3,3.0,6.0,0.34570966796874997,False,PUT,2026-08-21,SOBO
SOBO260821P00030000,30.0,3.4,2.8,4.0,,50.0,0.37793590820312495,True,PUT,2026-08-21,SOBO
SOFI260130C00017000,17.0,7.47,7.2,7.5,6.0,40.0,2.81250296875,True,CALL,2026-01-30,SOFI
SOFI260130C00018000,18.0,6.44,6.2,6.45,4.0,135.0,2.2500043749999996,True,CALL,2026-01-30,SOFI
SOFI260130C00019000,19.0,5.1,5.15,5.45,9.0,163.0,1.6875015625,True,CALL,2026-01-30,SOFI
SOFI260130C00020000,20.0,4.32,4.25,4.45,131.0,656.0,1.703126484375,True,CALL,2026-01-30,SOFI
SOFI260130C00021000,21.0,3.3,3.25,3.75,89.0,169.0,1.8359383203124997,True,CALL,2026-01-30,SOFI
SOFI260130C00022000,22.0,2.5,2.4,2.6,246.0,306.0,1.4140654296875002,True,CALL,2026-01-30,SOFI
SOFI260130C00022500,22.5,2.08,2.07,2.11,113.0,62.0,1.3750031249999999,True,CALL,2026-01-30,SOFI
SOFI260130C00023000,23.0,1.7,1.68,1.74,360.0,421.0,1.3437532812499997,True,CALL,2026-01-30,SOFI
SOFI260130C00023500,23.5,1.38,1.37,1.44,445.0,468.0,1.3750031249999999,True,CALL,2026-01-30,SOFI
SOFI260130C00024000,24.0,1.16,1.13,1.17,2041.0,1280.0,1.4121123144531251,True,CALL,2026-01-30,SOFI
SOFI260130C00024500,24.5,0.9,0.91,0.92,8266.0,1188.0,1.421877890625,False,CALL,2026-01-30,SOFI
SOFI260130C00025000,25.0,0.69,0.68,0.7,12410.0,7650.0,1.3906280468749999,False,CALL,2026-01-30,SOFI
SOFI260130C00025500,25.5,0.52,0.52,0.53,4352.0,5252.0,1.3925811621093749,False,CALL,2026-01-30,SOFI
SOFI260130C00026000,26.0,0.4,0.39,0.4,20563.0,15836.0,1.3984405078125,False,CALL,2026-01-30,SOFI
SOFI260130C00026500,26.5,0.28,0.28,0.29,8232.0,30608.0,1.3906280468749999,False,CALL,2026-01-30,SOFI
SOFI260130C00027000,27.0,0.21,0.21,0.22,8295.0,18140.0,1.41015919921875,False,CALL,2026-01-30,SOFI
SOFI260130C00027500,27.5,0.15,0.14,0.15,3804.0,17042.0,1.3906280468749999,False,CALL,2026-01-30,SOFI
SOFI260130C00028000,28.0,0.11,0.11,0.12,5719.0,24631.0,1.4375028125,False,CALL,2026-01-30,SOFI
SOFI260130C00028500,28.5,0.09,0.09,0.1,2480.0,14445.0,1.4921900390624998,False,CALL,2026-01-30,SOFI
SOFI260130C00029000,29.0,0.07,0.07,0.08,3864.0,22053.0,1.5312523437499999,False,CALL,2026-01-30,SOFI
SOFI260130C00029500,29.5,0.06,0.05,0.06,378.0,5547.0,1.5468772656249998,False,CALL,2026-01-30,SOFI
SOFI260130C00030000,30.0,0.05,0.04,0.05,4674.0,25814.0,1.5937520312499998,False,CALL,2026-01-30,SOFI
SOFI260130C00030500,30.5,0.04,0.02,0.04,1202.0,3556.0,1.5781271093749998,False,CALL,2026-01-30,SOFI
SOFI260130C00031000,31.0,0.03,0.03,0.04,1190.0,9155.0,1.703126484375,False,CALL,2026-01-30,SOFI
SOFI260130C00031500,31.5,0.03,0.01,0.03,22.0,2357.0,1.65625171875,False,CALL,2026-01-30,SOFI
SOFI260130P00017000,17.0,0.02,0.01,0.04,349.0,188.0,2.3437541406249993,False,PUT,2026-01-30,SOFI
SOFI260130P00018000,18.0,0.01,0.01,0.02,693.0,3605.0,1.8437507812499998,False,PUT,2026-01-30,SOFI
SOFI260130P00019000,19.0,0.01,0.01,0.02,3294.0,703.0,1.5625021874999998,False,PUT,2026-01-30,SOFI
SOFI260130P00020000,20.0,0.02,0.02,0.03,1285.0,4693.0,1.3750031249999999,False,PUT,2026-01-30,SOFI
SOFI260130P00021000,21.0,0.05,0.05,0.06,1288.0,3302.0,1.2656286718749998,False,PUT,2026-01-30,SOFI
SOFI260130P00021500,21.5,0.09,0.09,0.1,1616.0,2729.0,1.2578162109375,False,PUT,2026-01-30,SOFI
SOFI260130P00022000,22.0,0.16,0.16,0.17,3159.0,8481.0,1.2695349023437497,False,PUT,2026-01-30,SOFI
SOFI260130P00022500,22.5,0.27,0.27,0.28,3089.0,5123.0,1.3007847460937496,False,PUT,2026-01-30,SOFI
SOFI260130P00023000,23.0,0.41,0.41,0.42,6629.0,27748.0,1.3125034374999998,False,PUT,2026-01-30,SOFI
SOFI260130P00023500,23.5,0.6,0.59,0.6,2206.0,10841.0,1.3203158984374999,False,PUT,2026-01-30,SOFI
SOFI260130P00024000,24.0,0.84,0.83,0.84,8691.0,32186.0,1.3554719726562499,False,PUT,2026-01-30,SOFI
SOFI260130P00024500,24.5,1.1,1.06,1.11,8551.0,13205.0,1.3457063964843747,True,PUT,2026-01-30,SOFI
SOFI260130P00025000,25.0,1.39,1.35,1.39,4379.0,42144.0,1.3261752441406247,True,PUT,2026-01-30,SOFI
SOFI260130P00025500,25.5,1.69,1.7,1.73,921.0,8757.0,1.3398470507812497,True,PUT,2026-01-30,SOFI
SOFI260130P00026000,26.0,2.08,2.05,2.07,3079.0,31111.0,1.2968785156249998,True,PUT,2026-01-30,SOFI
SOFI260130P00026500,26.5,2.47,2.43,2.52,891.0,3313.0,1.3203158984374999,True,PUT,2026-01-30,SOFI
SOFI260130P00027000,27.0,2.88,2.8,2.9,1888.0,12862.0,1.19141029296875,True,PUT,2026-01-30,SOFI
SOFI260130P00027500,27.5,3.35,3.25,3.35,299.0,1271.0,1.171879140625,True,PUT,2026-01-30,SOFI
SOFI260130P00028000,28.0,3.8,3.75,3.8,767.0,3800.0,1.1875040625,True,PUT,2026-01-30,SOFI
SOFI260130P00028500,28.5,4.25,4.2,4.3,125.0,347.0,1.140629296875,True,PUT,2026-01-30,SOFI
SOFI260130P00029000,29.0,4.75,4.7,4.75,378.0,1400.0,0.500005,True,PUT,2026-01-30,SOFI
SOFI260130P00029500,29.5,5.09,5.05,5.5,9.0,68.0,1.5156274218749999,True,PUT,2026-01-30,SOFI
SOFI260130P00030000,30.0,5.68,5.55,5.85,102.0,2079.0,1.9609376953125,True,PUT,2026-01-30,SOFI
SOFI260130P00030500,30.5,6.08,5.85,6.35,3.0,4.0,2.07031732421875,True,PUT,2026-01-30,SOFI
SOFI260130P00031000,31.0,6.46,6.45,6.85,25.0,267.0,2.1796920507812496,True,PUT,2026-01-30,SOFI
SOFI260206C00017000,17.0,7.5,6.5,7.45,1.0,15.0,1.5898458007812497,True,CALL,2026-02-06,SOFI
SOFI260206C00018000,18.0,6.27,6.2,6.45,26.0,86.0,1.0625046875000002,True,CALL,2026-02-06,SOFI
SOFI260206C00019000,19.0,5.39,5.2,5.8,3.0,18.0,1.2695349023437497,True,CALL,2026-02-06,SOFI
SOFI260206C00020000,20.0,4.4,4.25,4.65,213.0,441.0,0.992187578125,True,CALL,2026-02-06,SOFI
SOFI260206C00020500,20.5,4.18,3.6,4.35,2.0,6.0,0.93164130859375,True,CALL,2026-02-06,SOFI
SOFI260206C00021000,21.0,3.63,3.4,3.8,40.0,119.0,0.98242205078125,True,CALL,2026-02-06,SOFI
SOFI260206C00022000,22.0,2.73,2.5,2.82,131.0,202.0,0.8242205078124999,True,CALL,2026-02-06,SOFI
SOFI260206C00022500,22.5,2.32,2.19,2.46,107.0,10.0,0.8476577734374999,True,CALL,2026-02-06,SOFI
SOFI260206C00023000,23.0,2.15,1.93,2.03,222.0,673.0,0.8378922460937499,True,CALL,2026-02-06,SOFI
SOFI260206C00023500,23.5,1.84,1.6,1.7,127.0,151.0,0.8183611914062499,True,CALL,2026-02-06,SOFI
SOFI260206C00024000,24.0,1.4,1.4,1.48,777.0,564.0,0.85937640625,True,CALL,2026-02-06,SOFI
SOFI260206C00024500,24.5,1.18,1.18,1.22,1684.0,794.0,0.85742330078125,False,CALL,2026-02-06,SOFI
SOFI260206C00025000,25.0,0.99,0.95,1.01,2396.0,3363.0,0.84961087890625,False,CALL,2026-02-06,SOFI
SOFI260206C00025500,25.5,0.81,0.81,0.83,1033.0,2634.0,0.8632826171875,False,CALL,2026-02-06,SOFI
SOFI260206C00026000,26.0,0.67,0.66,0.67,4055.0,10588.0,0.8623060644531251,False,CALL,2026-02-06,SOFI
SOFI260206C00026500,26.5,0.55,0.54,0.55,1470.0,1888.0,0.870118486328125,False,CALL,2026-02-06,SOFI
SOFI260206C00027000,27.0,0.43,0.43,0.45,1975.0,7753.0,0.8730481445312499,False,CALL,2026-02-06,SOFI
SOFI260206C00027500,27.5,0.36,0.34,0.38,817.0,1617.0,0.8828136718749999,False,CALL,2026-02-06,SOFI
SOFI260206C00028000,28.0,0.29,0.29,0.31,1887.0,7428.0,0.8984385156249999,False,CALL,2026-02-06,SOFI
SOFI260206C00028500,28.5,0.25,0.24,0.26,860.0,1438.0,0.914063359375,False,CALL,2026-02-06,SOFI
SOFI260206C00029000,29.0,0.2,0.2,0.22,1188.0,5483.0,0.93164130859375,False,CALL,2026-02-06,SOFI
SOFI260206C00029500,29.5,0.18,0.16,0.19,702.0,916.0,0.945313046875,False,CALL,2026-02-06,SOFI
SOFI260206C00030000,30.0,0.15,0.15,0.16,2061.0,10126.0,0.9726565234375,False,CALL,2026-02-06,SOFI
SOFI260206C00030500,30.5,0.16,0.12,0.16,152.0,529.0,1.001958115234375,False,CALL,2026-02-06,SOFI
SOFI260206C00031000,31.0,0.1,0.1,0.11,632.0,3058.0,0.9882813671875,False,CALL,2026-02-06,SOFI
SOFI260206C00031500,31.5,0.1,0.09,0.1,123.0,239.0,1.015629921875,False,CALL,2026-02-06,SOFI
SOFI260206P00017000,17.0,0.03,0.0,0.04,7.0,19.0,1.0625046875000002,False,PUT,2026-02-06,SOFI
SOFI260206P00018000,18.0,0.05,0.01,0.08,41.0,296.0,1.0390673046875003,False,PUT,2026-02-06,SOFI
SOFI260206P00019000,19.0,0.07,0.06,0.08,26.0,629.0,0.9570316796874999,False,PUT,2026-02-06,SOFI
SOFI260206P00020000,20.0,0.11,0.11,0.12,754.0,4185.0,0.8867198828124999,False,PUT,2026-02-06,SOFI
SOFI260206P00021000,21.0,0.2,0.2,0.21,712.0,1317.0,0.8398453515625,False,PUT,2026-02-06,SOFI
SOFI260206P00021500,21.5,0.27,0.27,0.29,161.0,205.0,0.8281267187499999,False,PUT,2026-02-06,SOFI
SOFI260206P00022000,22.0,0.35,0.36,0.39,1586.0,6974.0,0.81445498046875,False,PUT,2026-02-06,SOFI
SOFI260206P00022500,22.5,0.47,0.47,0.52,374.0,1467.0,0.8027363476562499,False,PUT,2026-02-06,SOFI
SOFI260206P00023000,23.0,0.65,0.64,0.67,2183.0,6438.0,0.8007832421875,False,PUT,2026-02-06,SOFI
SOFI260206P00023500,23.5,0.84,0.82,0.86,560.0,1854.0,0.7939473730468749,False,PUT,2026-02-06,SOFI
SOFI260206P00024000,24.0,1.1,1.05,1.1,2234.0,11709.0,0.79883013671875,False,PUT,2026-02-06,SOFI
SOFI260206P00024500,24.5,1.34,1.31,1.38,776.0,1831.0,0.804689453125,True,PUT,2026-02-06,SOFI
SOFI260206P00025000,25.0,1.64,1.64,1.68,1244.0,14630.0,0.8203142968749999,True,PUT,2026-02-06,SOFI
SOFI260206P00025500,25.5,1.99,1.94,2.01,288.0,1596.0,0.815431533203125,True,PUT,2026-02-06,SOFI
SOFI260206P00026000,26.0,2.34,2.3,2.38,450.0,7041.0,0.8261736132812498,True,PUT,2026-02-06,SOFI
SOFI260206P00026500,26.5,2.58,2.66,2.76,80.0,304.0,0.823243955078125,True,PUT,2026-02-06,SOFI
SOFI260206P00027000,27.0,3.11,3.05,3.2,421.0,3894.0,0.8398453515625,True,PUT,2026-02-06,SOFI
SOFI260206P00027500,27.5,3.5,3.4,3.65,37.0,171.0,0.8261736132812498,True,PUT,2026-02-06,SOFI
SOFI260206P00028000,28.0,3.93,3.9,4.05,216.0,1724.0,0.8476577734374999,True,PUT,2026-02-06,SOFI
SOFI260206P00028500,28.5,4.32,4.15,4.55,50.0,125.0,0.7539087109375,True,PUT,2026-02-06,SOFI
SOFI260206P00029000,29.0,4.8,4.5,5.0,89.0,723.0,0.585941640625,True,PUT,2026-02-06,SOFI
SOFI260206P00029500,29.5,5.2,5.05,5.45,18.0,15.0,0.632816171875,True,PUT,2026-02-06,SOFI
SOFI260206P00030000,30.0,5.83,5.7,5.95,51.0,585.0,0.8789074609374999,True,PUT,2026-02-06,SOFI
SOFI260206P00030500,30.5,5.15,5.2,6.6,2.0,1.0,1.3105503222656247,True,PUT,2026-02-06,SOFI
SOFI260206P00031000,31.0,6.94,6.4,7.1,2.0,67.0,0.7656273437500001,True,PUT,2026-02-06,SOFI
SOFI260213C00017000,17.0,8.6,7.3,7.55,1.0,39.0,1.15234798828125,True,CALL,2026-02-13,SOFI
SOFI260213C00018000,18.0,7.0,6.0,6.9,1.0,20.0,1.0390673046875003,True,CALL,2026-02-13,SOFI
SOFI260213C00019000,19.0,5.7,5.4,6.45,2.0,18.0,1.3554719726562499,True,CALL,2026-02-13,SOFI
SOFI260213C00020000,20.0,4.57,4.4,4.7,17.0,411.0,0.84961087890625,True,CALL,2026-02-13,SOFI
SOFI260213C00021000,21.0,3.71,3.55,3.75,10.0,79.0,0.7773459765625,True,CALL,2026-02-13,SOFI
SOFI260213C00022000,22.0,3.1,2.79,3.2,193.0,93.0,0.8339860351562498,True,CALL,2026-02-13,SOFI
SOFI260213C00023000,23.0,2.16,2.08,2.22,64.0,189.0,0.7216824707031251,True,CALL,2026-02-13,SOFI
SOFI260213C00024000,24.0,1.6,1.58,1.64,267.0,164.0,0.72851833984375,True,CALL,2026-02-13,SOFI
SOFI260213C00025000,25.0,1.2,1.13,1.17,1001.0,968.0,0.7216824707031251,False,CALL,2026-02-13,SOFI
SOFI260213C00026000,26.0,0.83,0.8,0.87,728.0,4680.0,0.737307314453125,False,CALL,2026-02-13,SOFI
SOFI260213C00027000,27.0,0.59,0.59,0.61,483.0,2912.0,0.752932158203125,False,CALL,2026-02-13,SOFI
SOFI260213C00028000,28.0,0.43,0.41,0.44,646.0,2098.0,0.764650791015625,False,CALL,2026-02-13,SOFI
SOFI260213C00029000,29.0,0.33,0.3,0.34,277.0,2225.0,0.7929708203125,False,CALL,2026-02-13,SOFI
SOFI260213C00030000,30.0,0.25,0.23,0.26,1013.0,6462.0,0.82226740234375,False,CALL,2026-02-13,SOFI
SOFI260213C00031000,31.0,0.2,0.18,0.21,154.0,1367.0,0.85742330078125,False,CALL,2026-02-13,SOFI
SOFI260213P00017000,17.0,0.09,0.0,0.17,8.0,5292.0,1.01953615234375,False,PUT,2026-02-13,SOFI
SOFI260213P00018000,18.0,0.11,0.0,0.2,5.0,330.0,0.9101571484375,False,PUT,2026-02-13,SOFI
SOFI260213P00019000,19.0,0.14,0.1,0.15,6.0,104.0,0.8164080859374999,False,PUT,2026-02-13,SOFI
SOFI260213P00020000,20.0,0.19,0.17,0.2,267.0,719.0,0.7539087109375,False,PUT,2026-02-13,SOFI
SOFI260213P00021000,21.0,0.31,0.3,0.33,514.0,1082.0,0.72851833984375,False,PUT,2026-02-13,SOFI
SOFI260213P00022000,22.0,0.52,0.49,0.54,301.0,2563.0,0.7050810742187501,False,PUT,2026-02-13,SOFI
SOFI260213P00023000,23.0,0.81,0.78,0.86,341.0,5038.0,0.6914093359375001,False,PUT,2026-02-13,SOFI
SOFI260213P00024000,24.0,1.26,1.23,1.29,860.0,8068.0,0.6914093359375001,False,PUT,2026-02-13,SOFI
SOFI260213P00025000,25.0,1.83,1.79,1.87,957.0,7660.0,0.700198310546875,True,PUT,2026-02-13,SOFI
SOFI260213P00026000,26.0,2.45,2.44,2.54,194.0,3064.0,0.70117486328125,True,PUT,2026-02-13,SOFI
SOFI260213P00027000,27.0,3.26,3.15,3.3,119.0,1634.0,0.692385888671875,True,PUT,2026-02-13,SOFI
SOFI260213P00028000,28.0,4.03,4.0,4.2,107.0,1071.0,0.7304714453125,True,PUT,2026-02-13,SOFI
SOFI260213P00029000,29.0,4.9,4.85,5.1,5.0,282.0,0.73437765625,True,PUT,2026-02-13,SOFI
SOFI260213P00030000,30.0,5.4,5.8,6.05,1.0,151.0,0.77929908203125,True,PUT,2026-02-13,SOFI
SOFI260213P00031000,31.0,6.01,5.6,7.3,1.0,83.0,1.1816447167968749,True,PUT,2026-02-13,SOFI
SOFI260220C00017000,17.0,7.5,7.3,7.9,25.0,2726.0,1.171879140625,True,CALL,2026-02-20,SOFI
SOFI260220C00018000,18.0,6.45,6.35,6.8,1.0,1719.0,1.001958115234375,True,CALL,2026-02-20,SOFI
SOFI260220C00019000,19.0,5.65,5.4,6.0,7.0,530.0,0.96679720703125,True,CALL,2026-02-20,SOFI
SOFI260220C00020000,20.0,4.63,4.55,4.7,20.0,3739.0,0.7675804492187501,True,CALL,2026-02-20,SOFI
SOFI260220C00021000,21.0,3.7,3.65,3.95,89.0,1638.0,0.7421900781249999,True,CALL,2026-02-20,SOFI
SOFI260220C00022000,22.0,3.1,2.9,3.1,21.0,2233.0,0.6982452050781252,True,CALL,2026-02-20,SOFI
SOFI260220C00023000,23.0,2.41,2.29,2.38,185.0,5663.0,0.684573466796875,True,CALL,2026-02-20,SOFI
SOFI260220C00023500,23.5,2.15,1.98,2.07,48.0,112.0,0.6728548339843752,True,CALL,2026-02-20,SOFI
SOFI260220C00024000,24.0,1.78,1.75,1.81,2782.0,2358.0,0.6787141503906251,True,CALL,2026-02-20,SOFI
SOFI260220C00024500,24.5,1.53,1.5,1.57,443.0,503.0,0.6743196630859377,False,CALL,2026-02-20,SOFI
SOFI260220C00025000,25.0,1.35,1.35,1.36,1251.0,10442.0,0.6870148486328126,False,CALL,2026-02-20,SOFI
SOFI260220C00025500,25.5,1.14,1.1,1.17,165.0,845.0,0.6738313867187502,False,CALL,2026-02-20,SOFI
SOFI260220C00026000,26.0,0.99,0.96,1.01,993.0,9542.0,0.6806672558593752,False,CALL,2026-02-20,SOFI
SOFI260220C00026500,26.5,0.89,0.8,0.87,64.0,1566.0,0.6796907031250001,False,CALL,2026-02-20,SOFI
SOFI260220C00027000,27.0,0.72,0.71,0.73,1489.0,22487.0,0.68555001953125,False,CALL,2026-02-20,SOFI
SOFI260220C00027500,27.5,0.63,0.59,0.64,859.0,1161.0,0.6894562304687502,False,CALL,2026-02-20,SOFI
SOFI260220C00028000,28.0,0.53,0.52,0.54,2979.0,43326.0,0.6962920996093751,False,CALL,2026-02-20,SOFI
SOFI260220C00028500,28.5,0.5,0.44,0.49,619.0,662.0,0.7070341796875,False,CALL,2026-02-20,SOFI
SOFI260220C00029000,29.0,0.4,0.4,0.42,1657.0,8853.0,0.719729365234375,False,CALL,2026-02-20,SOFI
SOFI260220C00029500,29.5,0.36,0.34,0.38,268.0,588.0,0.729494892578125,False,CALL,2026-02-20,SOFI
SOFI260220C00030000,30.0,0.31,0.31,0.34,4830.0,28270.0,0.7460962890625,False,CALL,2026-02-20,SOFI
SOFI260220C00030500,30.5,0.29,0.27,0.31,23.0,381.0,0.7578149218750001,False,CALL,2026-02-20,SOFI
SOFI260220C00031000,31.0,0.27,0.26,0.27,382.0,16319.0,0.7753928710937501,False,CALL,2026-02-20,SOFI
SOFI260220C00031500,31.5,0.32,0.22,0.41,1.0,173.0,0.84961087890625,False,CALL,2026-02-20,SOFI
SOFI260220P00017000,17.0,0.08,0.01,0.1,26.0,7926.0,0.7812521875,False,PUT,2026-02-20,SOFI
SOFI260220P00018000,18.0,0.1,0.1,0.11,66.0,2930.0,0.7695335546875001,False,PUT,2026-02-20,SOFI
SOFI260220P00019000,19.0,0.14,0.13,0.18,1568.0,2656.0,0.7187528125,False,PUT,2026-02-20,SOFI
SOFI260220P00020000,20.0,0.25,0.25,0.26,885.0,9246.0,0.69336244140625,False,PUT,2026-02-20,SOFI
SOFI260220P00021000,21.0,0.4,0.39,0.42,604.0,11836.0,0.6679720703125002,False,PUT,2026-02-20,SOFI
SOFI260220P00022000,22.0,0.64,0.63,0.65,3634.0,10736.0,0.6543003320312502,False,PUT,2026-02-20,SOFI
SOFI260220P00023000,23.0,0.97,0.96,0.98,1637.0,44650.0,0.6445348046875,False,PUT,2026-02-20,SOFI
SOFI260220P00023500,23.5,1.18,1.16,1.19,300.0,19575.0,0.64062859375,False,PUT,2026-02-20,SOFI
SOFI260220P00024000,24.0,1.41,1.4,1.45,4280.0,32879.0,0.6455113574218749,False,PUT,2026-02-20,SOFI
SOFI260220P00024500,24.5,1.67,1.65,1.7,1323.0,2159.0,0.639652041015625,True,PUT,2026-02-20,SOFI
SOFI260220P00025000,25.0,1.95,1.94,1.98,705.0,32836.0,0.637698935546875,True,PUT,2026-02-20,SOFI
SOFI260220P00025500,25.5,2.3,2.24,2.31,39.0,872.0,0.637698935546875,True,PUT,2026-02-20,SOFI
SOFI260220P00026000,26.0,2.63,2.58,2.65,541.0,17624.0,0.639652041015625,True,PUT,2026-02-20,SOFI
SOFI260220P00026500,26.5,2.99,2.95,3.05,25.0,282.0,0.6523472265625001,True,PUT,2026-02-20,SOFI
SOFI260220P00027000,27.0,3.32,3.25,3.4,795.0,15700.0,0.6279334082031252,True,PUT,2026-02-20,SOFI
SOFI260220P00027500,27.5,3.86,3.45,3.85,18.0,113.0,0.5898478515625001,True,PUT,2026-02-20,SOFI
SOFI260220P00028000,28.0,4.2,4.1,4.15,143.0,5093.0,0.624027197265625,True,PUT,2026-02-20,SOFI
SOFI260220P00028500,28.5,4.52,4.25,4.7,14.0,55.0,0.5722699023437501,True,PUT,2026-02-20,SOFI
SOFI260220P00029000,29.0,4.76,4.65,5.15,83.0,2493.0,0.5546919531250001,True,PUT,2026-02-20,SOFI
SOFI260220P00029500,29.5,5.1,4.6,5.8,16.0,26.0,0.860352958984375,True,PUT,2026-02-20,SOFI
SOFI260220P00030000,30.0,5.91,5.8,6.05,173.0,4250.0,0.649417568359375,True,PUT,2026-02-20,SOFI
SOFI260220P00031000,31.0,6.64,6.5,7.2,3.0,1259.0,0.6425816992187501,True,PUT,2026-02-20,SOFI
SOFI260227C00017000,17.0,9.05,7.05,8.75,1.0,12.0,1.2626989990234374,True,CALL,2026-02-27,SOFI
SOFI260227C00018000,18.0,6.6,6.45,6.7,4.0,4.0,0.87695435546875,True,CALL,2026-02-27,SOFI
SOFI260227C00019000,19.0,6.37,5.2,6.65,2.0,31.0,0.989257919921875,True,CALL,2026-02-27,SOFI
SOFI260227C00020000,20.0,4.8,4.4,4.8,7.0,164.0,0.6562534375000001,True,CALL,2026-02-27,SOFI
SOFI260227C00021000,21.0,4.0,3.75,4.1,5.0,17.0,0.7138700488281251,True,CALL,2026-02-27,SOFI
SOFI260227C00022000,22.0,3.3,3.1,3.25,10.0,20.0,0.6875031250000001,True,CALL,2026-02-27,SOFI
SOFI260227C00023000,23.0,2.49,2.38,2.6,10.0,73.0,0.6596713720703126,True,CALL,2026-02-27,SOFI
SOFI260227C00024000,24.0,2.0,1.92,2.0,150.0,232.0,0.6601596484375001,True,CALL,2026-02-27,SOFI
SOFI260227C00025000,25.0,1.44,1.47,1.59,936.0,1377.0,0.6645541357421877,False,CALL,2026-02-27,SOFI
SOFI260227C00026000,26.0,1.13,1.11,1.17,258.0,1584.0,0.6543003320312502,False,CALL,2026-02-27,SOFI
SOFI260227C00027000,27.0,0.89,0.88,0.91,401.0,1202.0,0.6713900048828126,False,CALL,2026-02-27,SOFI
SOFI260227C00028000,28.0,0.66,0.65,0.71,507.0,2065.0,0.6777375976562501,False,CALL,2026-02-27,SOFI
SOFI260227C00029000,29.0,0.55,0.46,0.49,167.0,1058.0,0.6640658593750002,False,CALL,2026-02-27,SOFI
SOFI260227C00030000,30.0,0.4,0.36,0.41,500.0,2626.0,0.6884796777343751,False,CALL,2026-02-27,SOFI
SOFI260227C00031000,31.0,0.33,0.3,0.35,75.0,1153.0,0.7187528125,False,CALL,2026-02-27,SOFI
SOFI260227P00017000,17.0,0.13,0.0,0.19,35.0,85.0,0.7617211328125001,False,PUT,2026-02-27,SOFI
SOFI260227P00018000,18.0,0.14,0.12,0.16,34.0,195.0,0.7187528125,False,PUT,2026-02-27,SOFI
SOFI260227P00019000,19.0,0.22,0.17,0.26,96.0,311.0,0.68555001953125,False,PUT,2026-02-27,SOFI
SOFI260227P00020000,20.0,0.31,0.3,0.33,364.0,1402.0,0.649417568359375,False,PUT,2026-02-27,SOFI
SOFI260227P00021000,21.0,0.5,0.47,0.51,219.0,1198.0,0.631839619140625,False,PUT,2026-02-27,SOFI
SOFI260227P00022000,22.0,0.75,0.73,0.77,623.0,3110.0,0.622074091796875,False,PUT,2026-02-27,SOFI
SOFI260227P00023000,23.0,1.11,1.07,1.12,1055.0,3527.0,0.6132851171875001,False,PUT,2026-02-27,SOFI
SOFI260227P00024000,24.0,1.55,1.5,1.57,611.0,4213.0,0.6054726953125001,False,PUT,2026-02-27,SOFI
SOFI260227P00025000,25.0,2.1,2.06,2.11,751.0,2829.0,0.6035195898437502,True,PUT,2026-02-27,SOFI
SOFI260227P00026000,26.0,2.71,2.59,2.81,137.0,1514.0,0.5922892333984376,True,PUT,2026-02-27,SOFI
SOFI260227P00027000,27.0,3.41,3.3,3.7,288.0,661.0,0.62305064453125,True,PUT,2026-02-27,SOFI
SOFI260227P00028000,28.0,4.12,4.05,4.45,10.0,695.0,0.6074258007812501,True,PUT,2026-02-27,SOFI
SOFI260227P00029000,29.0,5.02,4.95,5.3,43.0,348.0,0.6250037500000001,True,PUT,2026-02-27,SOFI
SOFI260227P00030000,30.0,5.81,5.75,6.3,117.0,88.0,0.637698935546875,True,PUT,2026-02-27,SOFI
SOFI260227P00031000,31.0,5.6,6.3,7.25,19.0,25.0,0.8359391406249999,True,PUT,2026-02-27,SOFI
SOFI260306C00019000,19.0,8.05,5.2,6.9,3.0,3.0,0.9570316796874999,True,CALL,2026-03-06,SOFI
SOFI260306C00020000,20.0,5.02,4.7,5.0,5.0,11.0,0.72851833984375,True,CALL,2026-03-06,SOFI
SOFI260306C00021000,21.0,4.4,3.9,4.1,1.0,3.0,0.676761044921875,True,CALL,2026-03-06,SOFI
SOFI260306C00022000,22.0,3.5,3.2,3.4,16.0,13.0,0.6669955175781253,True,CALL,2026-03-06,SOFI
SOFI260306C00023000,23.0,2.7,2.51,2.73,21.0,11.0,0.6391637646484375,True,CALL,2026-03-06,SOFI
SOFI260306C00024000,24.0,2.16,2.07,2.2,61.0,113.0,0.6513706738281251,True,CALL,2026-03-06,SOFI
SOFI260306C00025000,25.0,1.69,1.6,1.7,144.0,461.0,0.637698935546875,False,CALL,2026-03-06,SOFI
SOFI260306C00026000,26.0,1.4,1.17,1.4,40.0,466.0,0.637698935546875,False,CALL,2026-03-06,SOFI
SOFI260306C00027000,27.0,0.99,0.95,1.06,250.0,211.0,0.6435582519531251,False,CALL,2026-03-06,SOFI
SOFI260306C00028000,28.0,0.78,0.74,0.8,126.0,312.0,0.6455113574218749,False,CALL,2026-03-06,SOFI
SOFI260306C00029000,29.0,0.62,0.57,0.65,282.0,225.0,0.6577182666015625,False,CALL,2026-03-06,SOFI
SOFI260306C00030000,30.0,0.52,0.5,0.52,118.0,399.0,0.6816438085937502,False,CALL,2026-03-06,SOFI
SOFI260306C00031000,31.0,0.4,0.31,0.44,9.0,112.0,0.6757844921875001,False,CALL,2026-03-06,SOFI
SOFI260306P00017000,17.0,0.09,0.01,0.17,11.0,41.0,0.6777375976562501,False,PUT,2026-03-06,SOFI
SOFI260306P00020000,20.0,0.36,0.29,0.43,170.0,234.0,0.6113320117187502,False,PUT,2026-03-06,SOFI
SOFI260306P00021000,21.0,0.58,0.5,0.61,1564.0,138.0,0.5996133789062501,False,PUT,2026-03-06,SOFI
SOFI260306P00022000,22.0,0.86,0.77,0.9,157.0,1062.0,0.5937540625000001,False,PUT,2026-03-06,SOFI
SOFI260306P00023000,23.0,1.24,1.18,1.25,265.0,1042.0,0.5937540625000001,False,PUT,2026-03-06,SOFI
SOFI260306P00024000,24.0,1.7,1.62,1.76,334.0,1916.0,0.59570716796875,False,PUT,2026-03-06,SOFI
SOFI260306P00025000,25.0,2.22,2.18,2.35,214.0,567.0,0.6020547607421877,True,PUT,2026-03-06,SOFI
SOFI260306P00026000,26.0,2.83,2.72,3.0,65.0,196.0,0.58789474609375,True,PUT,2026-03-06,SOFI
SOFI260306P00027000,27.0,3.41,3.35,3.7,19.0,178.0,0.570316796875,True,PUT,2026-03-06,SOFI
SOFI260306P00028000,28.0,4.35,4.3,4.5,7.0,46.0,0.6084023535156251,True,PUT,2026-03-06,SOFI
SOFI260306P00029000,29.0,4.66,3.1,5.35,40.0,22.0,0.6640658593750002,True,PUT,2026-03-06,SOFI
SOFI260306P00031000,31.0,6.22,5.75,7.35,1.0,3.0,0.8007832421875,True,PUT,2026-03-06,SOFI
SOFI260320C00017000,17.0,7.65,7.5,7.75,27.0,3412.0,0.8037129003906249,True,CALL,2026-03-20,SOFI
SOFI260320C00018000,18.0,6.53,6.6,6.9,6.0,803.0,0.7773459765625,True,CALL,2026-03-20,SOFI
SOFI260320C00019000,19.0,5.9,5.7,6.0,14.0,655.0,0.7236355761718749,True,CALL,2026-03-20,SOFI
SOFI260320C00020000,20.0,5.0,4.9,5.1,115.0,6914.0,0.6835969140625001,True,CALL,2026-03-20,SOFI
SOFI260320C00021000,21.0,4.28,4.15,4.35,20.0,1618.0,0.6669955175781253,True,CALL,2026-03-20,SOFI
SOFI260320C00022000,22.0,3.55,3.5,3.65,18.0,6380.0,0.6562534375000001,True,CALL,2026-03-20,SOFI
SOFI260320C00023000,23.0,2.95,2.92,3.0,61.0,2014.0,0.6445348046875,True,CALL,2026-03-20,SOFI
SOFI260320C00024000,24.0,2.41,2.4,2.48,193.0,2931.0,0.64062859375,True,CALL,2026-03-20,SOFI
SOFI260320C00025000,25.0,1.97,1.95,2.03,1210.0,13565.0,0.6367223828125,False,CALL,2026-03-20,SOFI
SOFI260320C00026000,26.0,1.64,1.57,1.65,516.0,5395.0,0.6347692773437501,False,CALL,2026-03-20,SOFI
SOFI260320C00027000,27.0,1.29,1.25,1.33,718.0,6610.0,0.632816171875,False,CALL,2026-03-20,SOFI
SOFI260320C00028000,28.0,1.07,1.02,1.08,312.0,15592.0,0.63867548828125,False,CALL,2026-03-20,SOFI
SOFI260320C00029000,29.0,0.85,0.83,0.88,345.0,4851.0,0.6455113574218749,False,CALL,2026-03-20,SOFI
SOFI260320C00030000,30.0,0.69,0.7,0.72,3045.0,28344.0,0.657229990234375,False,CALL,2026-03-20,SOFI
SOFI260320C00031000,31.0,0.58,0.56,0.6,150.0,5111.0,0.6640658593750002,False,CALL,2026-03-20,SOFI
SOFI260320P00017000,17.0,0.21,0.16,0.21,17.0,2865.0,0.6777375976562501,False,PUT,2026-03-20,SOFI
SOFI260320P00018000,18.0,0.25,0.24,0.27,249.0,1686.0,0.6425816992187501,False,PUT,2026-03-20,SOFI
SOFI260320P00019000,19.0,0.39,0.37,0.41,28.0,3368.0,0.63086306640625,False,PUT,2026-03-20,SOFI
SOFI260320P00020000,20.0,0.55,0.54,0.58,296.0,4029.0,0.614261669921875,False,PUT,2026-03-20,SOFI
SOFI260320P00021000,21.0,0.79,0.75,0.8,239.0,3067.0,0.594730615234375,False,PUT,2026-03-20,SOFI
SOFI260320P00022000,22.0,1.11,1.1,1.11,1299.0,4814.0,0.5942423388671876,False,PUT,2026-03-20,SOFI
SOFI260320P00023000,23.0,1.49,1.47,1.52,587.0,6547.0,0.5888712988281251,False,PUT,2026-03-20,SOFI
SOFI260320P00024000,24.0,1.98,1.94,1.98,1222.0,11140.0,0.5830119824218749,False,PUT,2026-03-20,SOFI
SOFI260320P00025000,25.0,2.55,2.5,2.54,560.0,15120.0,0.5830119824218749,True,PUT,2026-03-20,SOFI
SOFI260320P00026000,26.0,3.15,3.1,3.2,688.0,15211.0,0.5830119824218749,True,PUT,2026-03-20,SOFI
SOFI260320P00027000,27.0,3.85,3.75,3.95,226.0,7473.0,0.5844768115234374,True,PUT,2026-03-20,SOFI
SOFI260320P00028000,28.0,4.56,4.5,4.7,126.0,3771.0,0.5839885351562499,True,PUT,2026-03-20,SOFI
SOFI260320P00029000,29.0,5.27,5.1,5.5,61.0,1452.0,0.5478560839843751,True,PUT,2026-03-20,SOFI
SOFI260320P00030000,30.0,6.16,6.0,6.35,155.0,3166.0,0.5566450585937501,True,PUT,2026-03-20,SOFI
SOFI260320P00031000,31.0,7.27,6.75,7.25,1.0,929.0,0.526371923828125,True,PUT,2026-03-20,SOFI
SOFI260417C00017000,17.0,8.33,7.7,7.9,2.0,3418.0,0.7324245507812499,True,CALL,2026-04-17,SOFI
SOFI260417C00018000,18.0,7.0,6.75,7.05,3.0,534.0,0.6875031250000001,True,CALL,2026-04-17,SOFI
SOFI260417C00019000,19.0,6.25,5.85,6.3,10.0,235.0,0.6630893066406252,True,CALL,2026-04-17,SOFI
SOFI260417C00020000,20.0,5.5,5.25,5.45,16.0,2629.0,0.659183095703125,True,CALL,2026-04-17,SOFI
SOFI260417C00021000,21.0,4.77,4.55,4.8,81.0,947.0,0.6533237792968751,True,CALL,2026-04-17,SOFI
SOFI260417C00022000,22.0,4.1,3.9,4.15,43.0,862.0,0.64062859375,True,CALL,2026-04-17,SOFI
SOFI260417C00023000,23.0,3.65,3.45,3.6,153.0,941.0,0.65039412109375,True,CALL,2026-04-17,SOFI
SOFI260417C00024000,24.0,3.0,2.9,3.0,137.0,2167.0,0.6293982373046876,True,CALL,2026-04-17,SOFI
SOFI260417C00025000,25.0,2.52,2.47,2.61,254.0,6823.0,0.6337927246093751,False,CALL,2026-04-17,SOFI
SOFI260417C00026000,26.0,2.13,2.08,2.16,227.0,5726.0,0.624027197265625,False,CALL,2026-04-17,SOFI
SOFI260417C00027000,27.0,1.8,1.77,1.84,223.0,5532.0,0.6269568554687501,False,CALL,2026-04-17,SOFI
SOFI260417C00028000,28.0,1.5,1.5,1.54,258.0,3962.0,0.6264685791015626,False,CALL,2026-04-17,SOFI
SOFI260417C00029000,29.0,1.28,1.25,1.34,329.0,11917.0,0.6313513427734375,False,CALL,2026-04-17,SOFI
SOFI260417C00030000,30.0,1.08,1.08,1.1,1511.0,11072.0,0.6323278955078125,False,CALL,2026-04-17,SOFI
SOFI260417C00031000,31.0,0.93,0.9,0.97,107.0,3694.0,0.63867548828125,False,CALL,2026-04-17,SOFI
SOFI260417P00017000,17.0,0.3,0.3,0.39,5.0,1054.0,0.6435582519531251,False,PUT,2026-04-17,SOFI
SOFI260417P00018000,18.0,0.46,0.44,0.48,96.0,529.0,0.6181678808593751,False,PUT,2026-04-17,SOFI
SOFI260417P00019000,19.0,0.65,0.6,0.66,41.0,1651.0,0.6025430371093752,False,PUT,2026-04-17,SOFI
SOFI260417P00020000,20.0,0.85,0.8,0.91,355.0,3363.0,0.5913126806640626,False,PUT,2026-04-17,SOFI
SOFI260417P00021000,21.0,1.11,1.09,1.18,17.0,1645.0,0.5810588769531251,False,PUT,2026-04-17,SOFI
SOFI260417P00022000,22.0,1.47,1.46,1.53,126.0,3637.0,0.5766643896484375,False,PUT,2026-04-17,SOFI
SOFI260417P00023000,23.0,1.91,1.88,1.95,1267.0,4665.0,0.5717816259765626,False,PUT,2026-04-17,SOFI
SOFI260417P00024000,24.0,2.41,2.38,2.44,209.0,6256.0,0.5698285205078125,False,PUT,2026-04-17,SOFI
SOFI260417P00025000,25.0,2.94,2.92,3.0,414.0,7641.0,0.5664105859375,True,PUT,2026-04-17,SOFI
SOFI260417P00026000,26.0,3.6,3.5,3.65,129.0,3517.0,0.5639692041015626,True,PUT,2026-04-17,SOFI
SOFI260417P00027000,27.0,4.2,4.15,4.35,143.0,5307.0,0.5629926513671876,True,PUT,2026-04-17,SOFI
SOFI260417P00028000,28.0,4.8,4.8,5.1,76.0,1523.0,0.5566450585937501,True,PUT,2026-04-17,SOFI
SOFI260417P00029000,29.0,5.62,5.45,5.85,69.0,1194.0,0.5376022802734376,True,PUT,2026-04-17,SOFI
SOFI260417P00030000,30.0,6.36,6.25,6.65,11.0,767.0,0.5327195166015625,True,PUT,2026-04-17,SOFI
SOFI260417P00031000,31.0,6.8,7.0,7.65,11.0,346.0,0.5400436621093752,True,PUT,2026-04-17,SOFI
SOFI260515C00017000,17.0,8.33,8.0,8.35,7.0,412.0,0.7656273437500001,True,CALL,2026-05-15,SOFI
SOFI260515C00018000,18.0,7.34,7.2,7.4,4.0,585.0,0.719729365234375,True,CALL,2026-05-15,SOFI
SOFI260515C00019000,19.0,6.5,6.45,6.7,25.0,222.0,0.710940390625,True,CALL,2026-05-15,SOFI
SOFI260515C00020000,20.0,6.0,5.8,6.0,426.0,1013.0,0.7041045214843751,True,CALL,2026-05-15,SOFI
SOFI260515C00021000,21.0,5.25,5.1,5.3,50.0,400.0,0.6813996704101564,True,CALL,2026-05-15,SOFI
SOFI260515C00022000,22.0,4.8,4.5,4.85,9.0,1837.0,0.6882355395507813,True,CALL,2026-05-15,SOFI
SOFI260515C00023000,23.0,4.2,4.0,4.2,12.0,413.0,0.6745638012695314,True,CALL,2026-05-15,SOFI
SOFI260515C00024000,24.0,3.55,3.5,3.65,115.0,512.0,0.6626010302734376,True,CALL,2026-05-15,SOFI
SOFI260515C00025000,25.0,3.15,3.1,3.2,221.0,3883.0,0.6611362011718751,False,CALL,2026-05-15,SOFI
SOFI260515C00026000,26.0,2.8,2.67,2.81,432.0,4073.0,0.6547886083984377,False,CALL,2026-05-15,SOFI
SOFI260515C00027000,27.0,2.5,2.37,2.42,172.0,2951.0,0.6528355029296876,False,CALL,2026-05-15,SOFI
SOFI260515C00028000,28.0,2.12,2.08,2.12,164.0,4263.0,0.6538120556640626,False,CALL,2026-05-15,SOFI
SOFI260515C00029000,29.0,1.84,1.82,1.86,20.0,1990.0,0.654544470214844,False,CALL,2026-05-15,SOFI
SOFI260515C00030000,30.0,1.6,1.59,1.62,647.0,9522.0,0.6543003320312502,False,CALL,2026-05-15,SOFI
SOFI260515C00031000,31.0,1.52,1.39,1.42,32.0,1114.0,0.6555210229492189,False,CALL,2026-05-15,SOFI
SOFI260515P00017000,17.0,0.58,0.57,0.61,3.0,454.0,0.6552768847656252,False,PUT,2026-05-15,SOFI
SOFI260515P00018000,18.0,0.72,0.65,0.8,30.0,5062.0,0.6250037500000001,False,PUT,2026-05-15,SOFI
SOFI260515P00019000,19.0,1.0,0.97,1.09,2.0,467.0,0.6367223828125,False,PUT,2026-05-15,SOFI
SOFI260515P00020000,20.0,1.29,1.26,1.34,61.0,2937.0,0.624027197265625,False,PUT,2026-05-15,SOFI
SOFI260515P00021000,21.0,1.58,1.56,1.67,9.0,602.0,0.6113320117187502,False,PUT,2026-05-15,SOFI
SOFI260515P00022000,22.0,1.99,1.93,2.07,132.0,6749.0,0.603763728027344,False,PUT,2026-05-15,SOFI
SOFI260515P00023000,23.0,2.43,2.4,2.55,83.0,2291.0,0.6042520043945314,False,PUT,2026-05-15,SOFI
SOFI260515P00024000,24.0,2.99,2.93,3.05,41.0,3645.0,0.6020547607421877,False,PUT,2026-05-15,SOFI
SOFI260515P00025000,25.0,3.57,3.45,3.6,374.0,4096.0,0.5944864770507813,True,PUT,2026-05-15,SOFI
SOFI260515P00026000,26.0,4.13,4.0,4.25,59.0,2038.0,0.5900919897460939,True,PUT,2026-05-15,SOFI
SOFI260515P00027000,27.0,4.31,4.6,4.85,2.0,1922.0,0.5769085278320312,True,PUT,2026-05-15,SOFI
SOFI260515P00028000,28.0,5.46,5.3,5.55,32.0,1340.0,0.5747112841796875,True,PUT,2026-05-15,SOFI
SOFI260515P00029000,29.0,5.54,5.65,6.3,25.0,584.0,0.53320779296875,True,PUT,2026-05-15,SOFI
SOFI260515P00030000,30.0,6.63,6.65,7.2,1.0,3110.0,0.5678754150390625,True,PUT,2026-05-15,SOFI
SOFI260515P00031000,31.0,7.25,7.15,7.9,1.0,280.0,0.5161181201171875,True,PUT,2026-05-15,SOFI
SOFI260618C00017000,17.0,8.67,8.3,8.5,29.0,7068.0,0.7309597216796875,True,CALL,2026-06-18,SOFI
SOFI260618C00020000,20.0,6.28,6.15,6.3,359.0,15378.0,0.6811555322265627,True,CALL,2026-06-18,SOFI
SOFI260618C00022000,22.0,5.08,4.95,5.15,39.0,26844.0,0.6684603466796877,True,CALL,2026-06-18,SOFI
SOFI260618C00023000,23.0,4.59,4.45,4.65,46.0,1680.0,0.6665072412109377,True,CALL,2026-06-18,SOFI
SOFI260618C00024000,24.0,4.1,3.95,4.15,31.0,1960.0,0.6579624047851562,True,CALL,2026-06-18,SOFI
SOFI260618C00025000,25.0,3.6,3.55,3.7,677.0,27067.0,0.6555210229492189,False,CALL,2026-06-18,SOFI
SOFI260618C00026000,26.0,3.39,3.15,3.3,256.0,3333.0,0.6508823974609376,False,CALL,2026-06-18,SOFI
SOFI260618C00027000,27.0,2.96,2.85,2.95,141.0,9552.0,0.6530796411132813,False,CALL,2026-06-18,SOFI
SOFI260618C00028000,28.0,2.55,2.52,2.59,168.0,5321.0,0.64648791015625,False,CALL,2026-06-18,SOFI
SOFI260618C00029000,29.0,2.43,2.22,2.37,104.0,3658.0,0.6489292919921875,False,CALL,2026-06-18,SOFI
SOFI260618C00030000,30.0,2.02,2.03,2.05,1202.0,36577.0,0.647464462890625,False,CALL,2026-06-18,SOFI
SOFI260618C00031000,31.0,1.84,1.77,2.04,57.0,2885.0,0.6628451684570313,False,CALL,2026-06-18,SOFI
SOFI260618P00017000,17.0,0.79,0.78,0.82,185.0,15896.0,0.637698935546875,False,PUT,2026-06-18,SOFI
SOFI260618P00020000,20.0,1.62,1.58,1.65,387.0,9037.0,0.6113320117187502,False,PUT,2026-06-18,SOFI
SOFI260618P00022000,22.0,2.35,2.32,2.42,93.0,11150.0,0.5942423388671876,False,PUT,2026-06-18,SOFI
SOFI260618P00023000,23.0,2.82,2.81,2.88,38.0,10003.0,0.5913126806640626,False,PUT,2026-06-18,SOFI
SOFI260618P00024000,24.0,3.3,3.3,3.4,124.0,4299.0,0.5856975024414062,False,PUT,2026-06-18,SOFI
SOFI260618P00025000,25.0,3.89,3.85,3.95,334.0,14152.0,0.5805706005859376,True,PUT,2026-06-18,SOFI
SOFI260618P00026000,26.0,4.43,4.4,4.6,204.0,1421.0,0.5764202514648438,True,PUT,2026-06-18,SOFI
SOFI260618P00027000,27.0,5.05,5.0,5.25,25.0,2187.0,0.5698285205078125,True,PUT,2026-06-18,SOFI
SOFI260618P00028000,28.0,5.7,5.7,5.9,10.0,1311.0,0.5654340332031251,True,PUT,2026-06-18,SOFI
SOFI260618P00029000,29.0,6.27,6.4,6.65,7.0,1688.0,0.5634809277343751,True,PUT,2026-06-18,SOFI
SOFI260618P00030000,30.0,7.17,7.1,7.4,24.0,2402.0,0.5556685058593751,True,PUT,2026-06-18,SOFI
SOFI260618P00031000,31.0,6.91,7.75,8.15,5.0,255.0,0.5366257275390626,True,PUT,2026-06-18,SOFI
SOFI260717C00018000,18.0,8.1,7.7,8.05,187.0,367.0,0.702151416015625,True,CALL,2026-07-17,SOFI
SOFI260717C00019000,19.0,7.3,7.15,7.55,22.0,165.0,0.7229031616210937,True,CALL,2026-07-17,SOFI
SOFI260717C00020000,20.0,6.75,6.45,6.75,127.0,727.0,0.6909210595703126,True,CALL,2026-07-17,SOFI
SOFI260717C00021000,21.0,6.2,5.7,6.05,23.0,235.0,0.6601596484375001,True,CALL,2026-07-17,SOFI
SOFI260717C00022000,22.0,5.4,5.3,5.5,21.0,123.0,0.6669955175781253,True,CALL,2026-07-17,SOFI
SOFI260717C00023000,23.0,5.05,4.8,5.0,11.0,96.0,0.663333444824219,True,CALL,2026-07-17,SOFI
SOFI260717C00024000,24.0,4.56,4.3,4.5,38.0,205.0,0.6538120556640626,True,CALL,2026-07-17,SOFI
SOFI260717C00025000,25.0,4.1,3.9,4.05,76.0,1366.0,0.65039412109375,False,CALL,2026-07-17,SOFI
SOFI260717C00026000,26.0,3.58,3.5,3.65,219.0,2839.0,0.6459996337890624,False,CALL,2026-07-17,SOFI
SOFI260717C00027000,27.0,3.23,3.15,3.3,60.0,1083.0,0.6440465283203125,False,CALL,2026-07-17,SOFI
SOFI260717C00028000,28.0,2.91,2.84,2.95,34.0,2096.0,0.64062859375,False,CALL,2026-07-17,SOFI
SOFI260717C00029000,29.0,2.72,2.53,2.7,14.0,429.0,0.6403844555664062,False,CALL,2026-07-17,SOFI
SOFI260717C00030000,30.0,2.33,2.35,2.38,71.0,3138.0,0.6408727319335938,False,CALL,2026-07-17,SOFI
SOFI260717C00031000,31.0,2.36,2.06,2.19,2.0,120.0,0.6391637646484375,False,CALL,2026-07-17,SOFI
SOFI260717P00018000,18.0,1.23,1.19,1.25,112.0,1405.0,0.6169471899414063,False,PUT,2026-07-17,SOFI
SOFI260717P00019000,19.0,1.52,1.48,1.62,115.0,756.0,0.6167030517578126,False,PUT,2026-07-17,SOFI
SOFI260717P00020000,20.0,1.84,1.77,1.89,76.0,3018.0,0.5979044116210939,False,PUT,2026-07-17,SOFI
SOFI260717P00021000,21.0,1.88,1.9,2.39,1.0,553.0,0.5800823242187501,False,PUT,2026-07-17,SOFI
SOFI260717P00022000,22.0,2.62,2.5,2.72,163.0,1216.0,0.5813030151367188,False,PUT,2026-07-17,SOFI
SOFI260717P00023000,23.0,3.15,2.95,3.2,5.0,220.0,0.5751995605468749,False,PUT,2026-07-17,SOFI
SOFI260717P00024000,24.0,3.6,3.55,3.75,88.0,470.0,0.5800823242187501,False,PUT,2026-07-17,SOFI
SOFI260717P00025000,25.0,4.17,4.1,4.25,82.0,983.0,0.570316796875,True,PUT,2026-07-17,SOFI
SOFI260717P00026000,26.0,4.5,4.55,4.9,1.0,901.0,0.5590864404296876,True,PUT,2026-07-17,SOFI
SOFI260717P00027000,27.0,4.6,4.6,5.6,29.0,895.0,0.5151415673828125,True,PUT,2026-07-17,SOFI
SOFI260717P00028000,28.0,5.84,5.6,6.2,21.0,647.0,0.5302781347656251,True,PUT,2026-07-17,SOFI
SOFI260717P00029000,29.0,6.25,6.6,6.9,4.0,435.0,0.5488326367187502,True,PUT,2026-07-17,SOFI
SOFI260717P00030000,30.0,7.1,6.95,7.65,2.0,459.0,0.5144091528320311,True,PUT,2026-07-17,SOFI
SOFI260717P00031000,31.0,7.55,7.7,8.4,3.0,58.0,0.5063525927734375,True,PUT,2026-07-17,SOFI
SOFI260821C00017000,17.0,9.18,8.9,9.4,17.0,45.0,0.7690452783203126,True,CALL,2026-08-21,SOFI
SOFI260821C00018000,18.0,8.54,8.2,8.6,40.0,38.0,0.7421900781249999,True,CALL,2026-08-21,SOFI
SOFI260821C00019000,19.0,7.85,7.45,7.95,21.0,66.0,0.7211941943359376,True,CALL,2026-08-21,SOFI
SOFI260821C00020000,20.0,7.15,6.9,7.1,83.0,232.0,0.6967803759765626,True,CALL,2026-08-21,SOFI
SOFI260821C00021000,21.0,7.5,6.35,6.55,6.0,80.0,0.6928741650390625,True,CALL,2026-08-21,SOFI
SOFI260821C00022000,22.0,5.95,5.8,6.05,27.0,38.0,0.6875031250000001,True,CALL,2026-08-21,SOFI
SOFI260821C00023000,23.0,5.42,5.3,5.5,6.0,100.0,0.6772493212890626,True,CALL,2026-08-21,SOFI
SOFI260821C00024000,24.0,5.03,4.85,5.05,3.0,196.0,0.6738313867187502,True,CALL,2026-08-21,SOFI
SOFI260821C00025000,25.0,4.5,4.4,4.6,84.0,538.0,0.6657748266601564,False,CALL,2026-08-21,SOFI
SOFI260821C00026000,26.0,4.2,3.95,4.2,5.0,305.0,0.657229990234375,False,CALL,2026-08-21,SOFI
SOFI260821C00027000,27.0,3.75,3.65,3.85,87.0,440.0,0.6586948193359375,False,CALL,2026-08-21,SOFI
SOFI260821C00028000,28.0,3.46,3.3,3.55,22.0,390.0,0.6564975756835938,False,CALL,2026-08-21,SOFI
SOFI260821C00029000,29.0,3.2,3.0,3.55,3.0,63.0,0.6750520776367189,False,CALL,2026-08-21,SOFI
SOFI260821C00030000,30.0,2.9,2.7,2.93,21.0,535.0,0.6472203247070312,False,CALL,2026-08-21,SOFI
SOFI260821C00031000,31.0,2.67,2.55,2.82,9.0,349.0,0.6626010302734376,False,CALL,2026-08-21,SOFI
SOFI260821P00017000,17.0,1.23,1.08,1.35,36.0,204.0,0.6269568554687501,False,PUT,2026-08-21,SOFI
SOFI260821P00018000,18.0,1.52,1.48,1.61,78.0,207.0,0.6286658227539064,False,PUT,2026-08-21,SOFI
SOFI260821P00019000,19.0,1.7,1.63,2.03,29.0,1965.0,0.6137733935546876,False,PUT,2026-08-21,SOFI
SOFI260821P00020000,20.0,2.2,2.15,2.26,51.0,601.0,0.6088906298828126,False,PUT,2026-08-21,SOFI
SOFI260821P00021000,21.0,2.59,2.45,2.75,27.0,88.0,0.6010782080078126,False,PUT,2026-08-21,SOFI
SOFI260821P00022000,22.0,2.97,2.71,3.15,6.0,590.0,0.57812921875,False,PUT,2026-08-21,SOFI
SOFI260821P00023000,23.0,3.35,3.35,3.65,8.0,129.0,0.585941640625,False,PUT,2026-08-21,SOFI
SOFI260821P00024000,24.0,3.95,3.85,4.15,3.0,145.0,0.5776409423828125,False,PUT,2026-08-21,SOFI
SOFI260821P00025000,25.0,4.63,4.5,4.7,4.0,340.0,0.5786174951171875,True,PUT,2026-08-21,SOFI
SOFI260821P00026000,26.0,5.2,4.65,5.35,1.0,643.0,0.5468795312500001,True,PUT,2026-08-21,SOFI
SOFI260821P00027000,27.0,5.3,5.3,5.95,20.0,406.0,0.5417526293945314,True,PUT,2026-08-21,SOFI
SOFI260821P00028000,28.0,6.4,6.2,6.65,11.0,78.0,0.5564009204101563,True,PUT,2026-08-21,SOFI
SOFI260821P00029000,29.0,6.6,6.6,7.45,5.0,11.0,0.5390671093750001,True,PUT,2026-08-21,SOFI
SOFI260821P00030000,30.0,6.96,7.55,8.05,2.0,27.0,0.5422409057617189,True,PUT,2026-08-21,SOFI
SOFI260918C00017000,17.0,9.15,9.1,9.3,38.0,2413.0,0.7309597216796875,True,CALL,2026-09-18,SOFI
SOFI260918C00020000,20.0,7.25,7.15,7.35,58.0,8940.0,0.6928741650390625,True,CALL,2026-09-18,SOFI
SOFI260918C00022000,22.0,6.2,6.1,6.25,182.0,14813.0,0.6806672558593752,True,CALL,2026-09-18,SOFI
SOFI260918C00025000,25.0,4.8,4.75,4.9,711.0,19758.0,0.667239655761719,False,CALL,2026-09-18,SOFI
SOFI260918C00027000,27.0,4.15,4.05,4.15,209.0,15449.0,0.6630893066406252,False,CALL,2026-09-18,SOFI
SOFI260918C00030000,30.0,3.15,3.05,3.2,112.0,15992.0,0.6479527392578125,False,CALL,2026-09-18,SOFI
SOFI260918P00017000,17.0,1.37,1.21,1.4,367.0,5414.0,0.6069375244140626,False,PUT,2026-09-18,SOFI
SOFI260918P00020000,20.0,2.29,2.29,2.45,1020.0,11599.0,0.5976602734375001,False,PUT,2026-09-18,SOFI
SOFI260918P00022000,22.0,3.27,3.1,3.3,38.0,23978.0,0.5808147387695313,False,PUT,2026-09-18,SOFI
SOFI260918P00025000,25.0,4.89,4.7,4.95,86.0,18180.0,0.5722699023437501,True,PUT,2026-09-18,SOFI
SOFI260918P00027000,27.0,5.96,5.85,6.15,72.0,14475.0,0.5566450585937501,True,PUT,2026-09-18,SOFI
SOFI260918P00030000,30.0,8.05,8.05,8.25,15.0,8807.0,0.5556685058593751,True,PUT,2026-09-18,SOFI
SOFI261218C00018000,18.0,9.32,8.95,9.6,11.0,1007.0,0.7216824707031251,True,CALL,2026-12-18,SOFI
SOFI261218C00020000,20.0,8.4,8.0,8.2,85.0,5783.0,0.7006865869140625,True,CALL,2026-12-18,SOFI
SOFI261218C00023000,23.0,6.65,6.5,6.75,65.0,2181.0,0.6831086376953126,True,CALL,2026-12-18,SOFI
SOFI261218C00025000,25.0,5.8,5.75,5.85,832.0,4090.0,0.6760286303710938,False,CALL,2026-12-18,SOFI
SOFI261218C00028000,28.0,4.71,4.65,4.8,264.0,7594.0,0.6647982739257814,False,CALL,2026-12-18,SOFI
SOFI261218C00030000,30.0,4.07,4.05,4.2,32.0,3127.0,0.6594272338867189,False,CALL,2026-12-18,SOFI
SOFI261218P00018000,18.0,2.19,2.13,2.29,56.0,2987.0,0.6035195898437502,False,PUT,2026-12-18,SOFI
SOFI261218P00020000,20.0,3.09,2.9,3.05,9.0,2822.0,0.58789474609375,False,PUT,2026-12-18,SOFI
SOFI261218P00023000,23.0,4.42,4.35,4.6,47.0,5123.0,0.5800823242187501,False,PUT,2026-12-18,SOFI
SOFI261218P00025000,25.0,5.6,5.45,5.7,109.0,5068.0,0.5688519677734375,True,PUT,2026-12-18,SOFI
SOFI261218P00028000,28.0,7.42,7.25,7.6,23.0,2610.0,0.55273884765625,True,PUT,2026-12-18,SOFI
SOFI261218P00030000,30.0,8.75,8.75,8.95,14.0,5287.0,0.5495650512695314,True,PUT,2026-12-18,SOFI
SOFI270115C00017000,17.0,10.3,10.0,10.3,23.0,14280.0,0.7409693872070311,True,CALL,2027-01-15,SOFI
SOFI270115C00020000,20.0,8.27,8.2,8.35,493.0,37623.0,0.6945831323242189,True,CALL,2027-01-15,SOFI
SOFI270115C00022000,22.0,7.3,7.3,7.35,565.0,13221.0,0.6884796777343751,True,CALL,2027-01-15,SOFI
SOFI270115C00025000,25.0,5.95,5.95,6.05,1660.0,45648.0,0.6704134521484376,False,CALL,2027-01-15,SOFI
SOFI270115C00027000,27.0,5.3,5.2,5.35,288.0,17248.0,0.6640658593750002,False,CALL,2027-01-15,SOFI
SOFI270115C00030000,30.0,4.35,4.3,4.45,1372.0,42713.0,0.6589389575195312,False,CALL,2027-01-15,SOFI
SOFI270115P00017000,17.0,1.95,1.93,2.0,38.0,5056.0,0.6013223461914063,False,PUT,2027-01-15,SOFI
SOFI270115P00020000,20.0,3.1,3.1,3.2,288.0,17926.0,0.5864299169921875,False,PUT,2027-01-15,SOFI
SOFI270115P00022000,22.0,4.1,4.05,4.15,257.0,12948.0,0.577152666015625,False,PUT,2027-01-15,SOFI
SOFI270115P00025000,25.0,5.78,5.65,5.85,162.0,14041.0,0.5647016186523439,True,PUT,2027-01-15,SOFI
SOFI270115P00027000,27.0,6.98,6.9,7.1,42.0,8250.0,0.5583540258789064,True,PUT,2027-01-15,SOFI
SOFI270115P00030000,30.0,9.02,8.95,9.15,103.0,17376.0,0.5485884985351563,True,PUT,2027-01-15,SOFI
SOFI270617C00017000,17.0,10.99,10.15,12.0,17.0,1307.0,0.7348659326171875,True,CALL,2027-06-17,SOFI
SOFI270617C00020000,20.0,9.45,9.35,9.5,125.0,5183.0,0.7033721069335939,True,CALL,2027-06-17,SOFI
SOFI270617C00022000,22.0,8.5,8.45,8.6,164.0,2874.0,0.6945831323242189,True,CALL,2027-06-17,SOFI
SOFI270617C00025000,25.0,7.3,7.25,7.45,608.0,6345.0,0.684573466796875,False,CALL,2027-06-17,SOFI
SOFI270617C00027000,27.0,6.7,6.7,6.85,152.0,2291.0,0.6892120922851563,False,CALL,2027-06-17,SOFI
SOFI270617C00030000,30.0,5.85,5.65,5.9,285.0,7080.0,0.6733431103515627,False,CALL,2027-06-17,SOFI
SOFI270617P00017000,17.0,2.59,0.61,2.81,30.0,2038.0,0.610599597167969,False,PUT,2027-06-17,SOFI
SOFI270617P00020000,20.0,3.95,3.05,4.05,8.0,6010.0,0.532231240234375,False,PUT,2027-06-17,SOFI
SOFI270617P00022000,22.0,5.0,4.9,5.15,19.0,4474.0,0.5726361096191408,False,PUT,2027-06-17,SOFI
SOFI270617P00025000,25.0,6.75,6.55,7.15,1.0,1901.0,0.571415418701172,True,PUT,2027-06-17,SOFI
SOFI270617P00027000,27.0,7.68,7.3,9.05,8.0,2872.0,0.570316796875,True,PUT,2027-06-17,SOFI
SOFI270617P00030000,30.0,9.32,8.75,10.5,5.0,985.0,0.508793974609375,True,PUT,2027-06-17,SOFI
SOFI271217C00017000,17.0,12.15,11.7,12.45,2.0,5500.0,0.737307314453125,True,CALL,2027-12-17,SOFI
SOFI271217C00020000,20.0,10.61,10.45,10.7,519.0,12047.0,0.7105741833496093,True,CALL,2027-12-17,SOFI
SOFI271217C00022000,22.0,10.08,9.65,10.1,11.0,3040.0,0.7136259106445313,True,CALL,2027-12-17,SOFI
SOFI271217C00025000,25.0,8.65,8.55,8.8,64.0,12828.0,0.6948272705078126,False,CALL,2027-12-17,SOFI
SOFI271217C00027000,27.0,8.0,7.85,8.15,24.0,2788.0,0.6873810559082032,False,CALL,2027-12-17,SOFI
SOFI271217C00030000,30.0,7.2,7.0,7.3,71.0,10502.0,0.6821320849609377,False,CALL,2027-12-17,SOFI
SOFI271217P00017000,17.0,3.34,3.2,3.5,2.0,2275.0,0.5815471533203125,False,PUT,2027-12-17,SOFI
SOFI271217P00020000,20.0,4.8,4.65,4.95,9.0,38294.0,0.5705609350585938,False,PUT,2027-12-17,SOFI
SOFI271217P00022000,22.0,5.85,5.7,6.0,7.0,5853.0,0.5609174768066407,False,PUT,2027-12-17,SOFI
SOFI271217P00025000,25.0,7.55,7.45,7.7,2.0,3302.0,0.5468795312500001,True,PUT,2027-12-17,SOFI
SOFI271217P00027000,27.0,8.9,8.75,9.0,13.0,794.0,0.5423629748535157,True,PUT,2027-12-17,SOFI
SOFI271217P00030000,30.0,10.5,10.55,11.05,7.0,1953.0,0.524418818359375,True,PUT,2027-12-17,SOFI
SOFI280121C00018000,18.0,11.8,11.55,11.8,6.0,833.0,0.7221707470703125,True,CALL,2028-01-21,SOFI
SOFI280121C00020000,20.0,10.78,10.65,10.85,58.0,5406.0,0.7094755615234375,True,CALL,2028-01-21,SOFI
SOFI280121C00023000,23.0,9.7,9.45,9.65,23.0,1303.0,0.6975127905273439,True,CALL,2028-01-21,SOFI
SOFI280121C00025000,25.0,8.8,8.75,8.75,174.0,5495.0,0.6838410522460938,False,CALL,2028-01-21,SOFI
SOFI280121C00027000,27.0,8.25,8.1,8.45,65.0,3294.0,0.6921417504882813,False,CALL,2028-01-21,SOFI
SOFI280121C00030000,30.0,7.3,7.2,7.45,82.0,7714.0,0.6787141503906251,False,CALL,2028-01-21,SOFI
SOFI280121P00018000,18.0,3.94,3.0,4.95,30.0,1999.0,0.5800823242187501,False,PUT,2028-01-21,SOFI
SOFI280121P00020000,20.0,4.8,4.8,5.0,27.0,2287.0,0.5656781713867188,False,PUT,2028-01-21,SOFI
SOFI280121P00023000,23.0,6.35,6.35,6.65,2.0,2173.0,0.5501753967285157,False,PUT,2028-01-21,SOFI
SOFI280121P00025000,25.0,7.75,7.55,7.75,104.0,6251.0,0.5393112475585939,True,PUT,2028-01-21,SOFI
SOFI280121P00027000,27.0,8.95,8.7,9.7,21.0,2383.0,0.5537154003906251,True,PUT,2028-01-21,SOFI
SOFI280121P00030000,30.0,10.95,10.6,11.25,3.0,3065.0,0.5207567456054687,True,PUT,2028-01-21,SOFI
SOFI280616C00018000,18.0,12.6,12.25,12.75,20.0,922.0,0.7352321398925781,True,CALL,2028-06-16,SOFI
SOFI280616C00020000,20.0,11.6,11.5,11.7,321.0,7193.0,0.7199735034179688,True,CALL,2028-06-16,SOFI
SOFI280616C00023000,23.0,10.7,10.25,10.65,178.0,2094.0,0.7066679724121094,True,CALL,2028-06-16,SOFI
SOFI280616C00025000,25.0,9.73,9.7,9.8,525.0,4621.0,0.6984893432617189,False,CALL,2028-06-16,SOFI
SOFI280616C00027000,27.0,9.15,8.95,9.2,206.0,2636.0,0.6890900231933594,False,CALL,2028-06-16,SOFI
SOFI280616C00030000,30.0,8.3,8.2,8.35,365.0,6132.0,0.6850617431640625,False,CALL,2028-06-16,SOFI
SOFI280616P00018000,18.0,4.42,4.35,4.5,30.0,877.0,0.5695843823242188,False,PUT,2028-06-16,SOFI
SOFI280616P00020000,20.0,5.38,5.35,5.45,1.0,1285.0,0.5568891967773439,False,PUT,2028-06-16,SOFI
SOFI280616P00023000,23.0,7.03,7.0,7.2,29.0,283.0,0.5465133239746094,False,PUT,2028-06-16,SOFI
SOFI280616P00025000,25.0,8.32,8.15,8.4,25.0,1270.0,0.5363815893554689,True,PUT,2028-06-16,SOFI
SOFI280616P00027000,27.0,9.52,9.25,9.8,1.0,512.0,0.5273484765625001,True,PUT,2028-06-16,SOFI
SOFI280616P00030000,30.0,11.57,11.35,11.75,2.0,1388.0,0.5168505346679688,True,PUT,2028-06-16,SOFI
SONY260130C00020000,20.0,2.3,2.1,2.65,1.0,1.0,1.125004375,True,CALL,2026-01-30,SONY
SONY260130C00022000,22.0,0.36,0.35,0.5,33.0,47.0,0.507817421875,True,CALL,2026-01-30,SONY
SONY260130C00022500,22.5,0.08,0.05,0.15,30.0,69.0,0.35938140625,False,CALL,2026-01-30,SONY
SONY260130C00023000,23.0,0.07,0.0,0.05,37.0,179.0,0.398443515625,False,CALL,2026-01-30,SONY
SONY260130C00023500,23.5,0.15,0.0,0.05,375.0,160.0,0.570316796875,False,CALL,2026-01-30,SONY
SONY260130C00024000,24.0,0.1,0.0,0.05,1.0,170.0,0.6250037500000001,False,CALL,2026-01-30,SONY
SONY260130C00024500,24.5,0.05,0.0,0.05,2.0,59.0,0.7578149218750001,False,CALL,2026-01-30,SONY
SONY260130C00025000,25.0,0.05,0.0,0.05,1.0,161.0,0.8906260937499999,False,CALL,2026-01-30,SONY
SONY260130C00025500,25.5,0.12,0.0,0.05,274.0,81.0,1.000005,False,CALL,2026-01-30,SONY
SONY260130C00026000,26.0,0.05,0.0,0.05,1.0,137.0,1.125004375,False,CALL,2026-01-30,SONY
SONY260130C00026500,26.5,0.16,0.0,0.05,,31.0,1.2343788281249999,False,CALL,2026-01-30,SONY
SONY260130C00027000,27.0,0.04,0.0,0.05,1.0,211.0,1.3437532812499997,False,CALL,2026-01-30,SONY
SONY260130C00028000,28.0,0.05,0.0,0.05,30.0,15.0,1.5468772656249998,False,CALL,2026-01-30,SONY
SONY260130P00019000,19.0,0.03,0.0,0.05,20.0,21.0,1.1875040625,False,PUT,2026-01-30,SONY
SONY260130P00022000,22.0,0.15,0.05,0.2,9.0,19.0,0.500005,False,PUT,2026-01-30,SONY
SONY260130P00022500,22.5,0.32,0.25,0.4,8.0,424.0,0.4335994140625,True,PUT,2026-01-30,SONY
SONY260130P00023000,23.0,0.67,0.55,0.9,4.0,225.0,0.6953155468750001,True,PUT,2026-01-30,SONY
SONY260130P00023500,23.5,1.19,0.9,1.4,7.0,153.0,0.9179695703125,True,PUT,2026-01-30,SONY
SONY260130P00024000,24.0,1.7,1.4,1.9,14.0,117.0,1.1171919140625,True,PUT,2026-01-30,SONY
SONY260130P00024500,24.5,0.9,1.9,2.45,74.0,1.0,1.4140654296875002,True,PUT,2026-01-30,SONY
SONY260130P00025000,25.0,2.55,2.3,3.3,4.0,31.0,1.19141029296875,True,PUT,2026-01-30,SONY
SONY260130P00025500,25.5,2.49,2.65,3.4,1.0,10.0,1.6367205664062499,True,PUT,2026-01-30,SONY
SONY260130P00026000,26.0,3.43,3.0,3.9,1.0,0.0,1.79296978515625,True,PUT,2026-01-30,SONY
SONY260130P00026500,26.5,4.21,3.8,4.4,2.0,0.0,1.9414065429687501,True,PUT,2026-01-30,SONY
SONY260130P00027000,27.0,4.61,4.3,4.9,1.0,1.0,2.0859422851562495,True,PUT,2026-01-30,SONY
SONY260206C00020000,20.0,2.35,2.1,2.75,1.0,3.0,0.6093789062500001,True,CALL,2026-02-06,SONY
SONY260206C00022000,22.0,0.79,0.75,0.85,83.0,77.0,0.499028447265625,True,CALL,2026-02-06,SONY
SONY260206C00022500,22.5,0.53,0.5,0.6,111.0,317.0,0.49805189453125004,False,CALL,2026-02-06,SONY
SONY260206C00023000,23.0,0.37,0.3,0.4,388.0,167.0,0.49121602539062503,False,CALL,2026-02-06,SONY
SONY260206C00023500,23.5,0.24,0.2,0.25,64.0,121.0,0.48242705078125003,False,CALL,2026-02-06,SONY
SONY260206C00024000,24.0,0.14,0.1,0.2,222.0,253.0,0.5312546875,False,CALL,2026-02-06,SONY
SONY260206C00024500,24.5,0.08,0.05,0.15,95.0,80.0,0.5625043750000001,False,CALL,2026-02-06,SONY
SONY260206C00025000,25.0,0.06,0.05,0.1,82.0,365.0,0.5273484765625001,False,CALL,2026-02-06,SONY
SONY260206C00025500,25.5,0.06,0.0,0.75,60.0,60.0,0.9687503125,False,CALL,2026-02-06,SONY
SONY260206C00026000,26.0,0.11,0.0,0.05,50.0,147.0,0.5312546875,False,CALL,2026-02-06,SONY
SONY260206C00026500,26.5,0.25,0.0,0.05,4.0,115.0,0.57812921875,False,CALL,2026-02-06,SONY
SONY260206C00027000,27.0,0.09,0.0,0.05,36.0,298.0,0.632816171875,False,CALL,2026-02-06,SONY
SONY260206C00027500,27.5,0.03,0.0,0.05,36.0,205.0,0.6796907031250001,False,CALL,2026-02-06,SONY
SONY260206C00028000,28.0,0.07,0.0,0.25,10.0,20.0,0.9941406835937501,False,CALL,2026-02-06,SONY
SONY260206P00020000,20.0,0.06,0.05,0.3,42.0,30.0,0.6718782812500002,False,PUT,2026-02-06,SONY
SONY260206P00020500,20.5,0.13,0.1,0.2,127.0,88.0,0.5351608984375,False,PUT,2026-02-06,SONY
SONY260206P00021000,21.0,0.25,0.15,0.25,154.0,208.0,0.5312546875,False,PUT,2026-02-06,SONY
SONY260206P00021500,21.5,0.32,0.3,0.35,119.0,188.0,0.49219257812500006,False,PUT,2026-02-06,SONY
SONY260206P00022000,22.0,0.48,0.45,0.55,101.0,258.0,0.49609878906250005,False,PUT,2026-02-06,SONY
SONY260206P00022500,22.5,0.74,0.7,0.8,39.0,93.0,0.49414568359375005,True,PUT,2026-02-06,SONY
SONY260206P00023000,23.0,1.04,1.0,1.1,64.0,98.0,0.48730981445312505,True,PUT,2026-02-06,SONY
SONY260206P00023500,23.5,1.4,1.4,1.45,52.0,30.0,0.47852083984375,True,PUT,2026-02-06,SONY
SONY260206P00024000,24.0,1.55,1.3,2.05,18.0,88.0,0.6679720703125002,True,PUT,2026-02-06,SONY
SONY260206P00024500,24.5,1.65,1.35,3.8,16.0,13.0,0.78711150390625,True,PUT,2026-02-06,SONY
SONY260206P00025000,25.0,2.94,2.35,3.2,2.0,57.0,0.5195360546875,True,PUT,2026-02-06,SONY
SONY260206P00026000,26.0,3.5,3.2,4.3,3.0,1.0,0.5898478515625001,True,PUT,2026-02-06,SONY
SONY260206P00027000,27.0,3.95,4.3,5.2,1.0,1.0,0.70312796875,True,PUT,2026-02-06,SONY
SONY260206P00028000,28.0,4.5,5.3,6.4,1.0,0.0,1.0312548437500002,True,PUT,2026-02-06,SONY
SONY260213C00020000,20.0,3.99,1.9,3.0,,1.0,0.9062509375,True,CALL,2026-02-13,SONY
SONY260213C00022000,22.0,0.95,0.85,0.95,50.0,111.0,0.42969320312500003,True,CALL,2026-02-13,SONY
SONY260213C00023000,23.0,0.44,0.4,0.5,281.0,57.0,0.424810439453125,False,CALL,2026-02-13,SONY
SONY260213C00024000,24.0,0.15,0.15,0.25,268.0,83.0,0.43555251953125,False,CALL,2026-02-13,SONY
SONY260213C00025000,25.0,0.1,0.05,0.15,277.0,177.0,0.4804739453125,False,CALL,2026-02-13,SONY
SONY260213C00026000,26.0,0.08,0.0,0.35,1.0,209.0,0.6132851171875001,False,CALL,2026-02-13,SONY
SONY260213C00027000,27.0,0.1,0.0,0.35,1.0,238.0,0.7148466015625,False,CALL,2026-02-13,SONY
SONY260213C00028000,28.0,0.05,0.0,0.3,119.0,186.0,0.77929908203125,False,CALL,2026-02-13,SONY
SONY260213P00018000,18.0,0.19,0.0,1.2,,2.0,1.2441444042968748,False,PUT,2026-02-13,SONY
SONY260213P00019000,19.0,0.05,0.0,0.8,1.0,1.0,0.87695435546875,False,PUT,2026-02-13,SONY
SONY260213P00020000,20.0,0.12,0.1,0.35,281.0,66.0,0.5498091894531252,False,PUT,2026-02-13,SONY
SONY260213P00021000,21.0,0.29,0.25,0.3,238.0,329.0,0.4335994140625,False,PUT,2026-02-13,SONY
SONY260213P00022000,22.0,0.58,0.55,0.65,177.0,174.0,0.42676354492187507,False,PUT,2026-02-13,SONY
SONY260213P00023000,23.0,1.12,1.05,1.15,84.0,91.0,0.39453730468750003,True,PUT,2026-02-13,SONY
SONY260213P00024000,24.0,1.65,1.35,2.05,54.0,108.0,0.5009815527343751,True,PUT,2026-02-13,SONY
SONY260213P00025000,25.0,2.15,2.4,3.3,2.0,98.0,0.8095722167968749,True,PUT,2026-02-13,SONY
SONY260213P00026000,26.0,3.5,2.9,4.1,1.0,1.0,0.8027363476562499,True,PUT,2026-02-13,SONY
SONY260213P00027000,27.0,2.9,3.9,5.1,,1.0,0.9179695703125,True,PUT,2026-02-13,SONY
SONY260220C00020000,20.0,2.65,2.0,3.2,2.0,8.0,0.514653291015625,True,CALL,2026-02-20,SONY
SONY260220C00022000,22.0,1.02,0.9,1.05,48.0,30.0,0.40332627929687503,True,CALL,2026-02-20,SONY
SONY260220C00022500,22.5,0.75,0.7,0.75,64.0,55.0,0.37842418457031246,False,CALL,2026-02-20,SONY
SONY260220C00023000,23.0,0.52,0.45,0.55,76.0,55.0,0.37793590820312495,False,CALL,2026-02-20,SONY
SONY260220C00023500,23.5,0.4,0.3,0.4,194.0,38.0,0.38086556640624997,False,CALL,2026-02-20,SONY
SONY260220C00024000,24.0,0.29,0.2,0.3,151.0,111.0,0.39258419921875,False,CALL,2026-02-20,SONY
SONY260220C00024500,24.5,0.17,0.15,0.2,64.0,171.0,0.38672488281249995,False,CALL,2026-02-20,SONY
SONY260220C00025000,25.0,0.17,0.1,0.2,164.0,1180.0,0.43848217773437503,False,CALL,2026-02-20,SONY
SONY260220C00025500,25.5,0.22,0.05,0.35,90.0,16.0,0.5898478515625001,False,CALL,2026-02-20,SONY
SONY260220C00026000,26.0,0.21,0.0,0.35,182.0,17.0,0.5117236328125,False,CALL,2026-02-20,SONY
SONY260220C00026500,26.5,0.21,0.0,0.35,94.0,19.0,0.5546919531250001,False,CALL,2026-02-20,SONY
SONY260220C00027000,27.0,0.15,0.0,0.35,2.0,105.0,0.5976602734375001,False,CALL,2026-02-20,SONY
SONY260220C00027500,27.5,0.13,0.0,0.35,96.0,245.0,0.6367223828125,False,CALL,2026-02-20,SONY
SONY260220C00028000,28.0,0.17,0.0,0.35,64.0,18.0,0.6757844921875001,False,CALL,2026-02-20,SONY
SONY260220C00028500,28.5,0.12,0.0,0.35,14.0,8.0,0.7128934960937501,False,CALL,2026-02-20,SONY
SONY260220P00018000,18.0,0.05,0.0,1.25,1.0,1.0,1.0546922265625,False,PUT,2026-02-20,SONY
SONY260220P00020000,20.0,0.14,0.1,0.2,96.0,54.0,0.43945873046875,False,PUT,2026-02-20,SONY
SONY260220P00021000,21.0,0.32,0.25,0.35,53.0,71.0,0.389654541015625,False,PUT,2026-02-20,SONY
SONY260220P00022000,22.0,0.67,0.6,0.7,51.0,80.0,0.3789124609375,False,PUT,2026-02-20,SONY
SONY260220P00022500,22.5,0.89,0.8,0.95,74.0,73.0,0.375982802734375,True,PUT,2026-02-20,SONY
SONY260220P00023000,23.0,1.2,1.1,1.25,30.0,43.0,0.375982802734375,True,PUT,2026-02-20,SONY
SONY260220P00023500,23.5,1.45,1.45,1.6,24.0,28.0,0.3789124609375,True,PUT,2026-02-20,SONY
SONY260220P00024000,24.0,1.95,1.85,2.0,42.0,38.0,0.389654541015625,True,PUT,2026-02-20,SONY
SONY260220P00024500,24.5,1.77,0.65,3.7,103.0,27.0,1.045414929199219,True,PUT,2026-02-20,SONY
SONY260220P00025000,25.0,2.9,2.6,2.9,2.0,388.0,0.43457596679687505,True,PUT,2026-02-20,SONY
SONY260220P00027500,27.5,3.47,4.4,7.2,30.0,0.0,0.93945373046875,True,PUT,2026-02-20,SONY
SONY260227C00021000,21.0,1.76,1.65,1.8,17.0,29.0,0.414068359375,True,CALL,2026-02-27,SONY
SONY260227C00022000,22.0,1.09,1.0,1.15,24.0,73.0,0.393560751953125,True,CALL,2026-02-27,SONY
SONY260227C00023000,23.0,0.63,0.55,0.65,111.0,117.0,0.3711000390625,False,CALL,2026-02-27,SONY
SONY260227C00024000,24.0,0.32,0.25,0.4,55.0,59.0,0.3920959228515625,False,CALL,2026-02-27,SONY
SONY260227C00025000,25.0,0.17,0.1,0.2,62.0,44.0,0.383795224609375,False,CALL,2026-02-27,SONY
SONY260227C00026000,26.0,0.14,0.1,0.15,3.0,183.0,0.42969320312500003,False,CALL,2026-02-27,SONY
SONY260227C00027000,27.0,0.1,0.05,0.1,2.0,107.0,0.45508357421875,False,CALL,2026-02-27,SONY
SONY260227C00028000,28.0,0.12,0.0,0.4,,12.0,0.6123085644531252,False,CALL,2026-02-27,SONY
SONY260227P00019000,19.0,0.12,0.0,0.55,26.0,15.0,0.5585981640625001,False,PUT,2026-02-27,SONY
SONY260227P00020000,20.0,0.25,0.15,0.25,122.0,33.0,0.41797457031249996,False,PUT,2026-02-27,SONY
SONY260227P00021000,21.0,0.39,0.35,0.45,76.0,158.0,0.38867798828125,False,PUT,2026-02-27,SONY
SONY260227P00022000,22.0,0.7,0.65,0.8,59.0,165.0,0.3711000390625,False,PUT,2026-02-27,SONY
SONY260227P00023000,23.0,1.26,1.15,1.3,64.0,36.0,0.34961587890624996,True,PUT,2026-02-27,SONY
SONY260227P00024000,24.0,2.0,1.85,2.05,66.0,49.0,0.366217275390625,True,PUT,2026-02-27,SONY
SONY260227P00025000,25.0,2.4,2.1,3.2,5.0,16.0,0.543949873046875,True,PUT,2026-02-27,SONY
SONY260227P00026000,26.0,1.55,3.0,4.2,,3.0,0.639652041015625,True,PUT,2026-02-27,SONY
SONY260306C00023000,23.0,0.67,0.6,0.75,35.0,3.0,0.3706117626953125,False,CALL,2026-03-06,SONY
SONY260306C00025000,25.0,0.25,0.15,0.25,21.0,27.0,0.37305314453125,False,CALL,2026-03-06,SONY
SONY260306C00026000,26.0,0.27,0.05,0.75,32.0,6.0,0.5302781347656251,False,CALL,2026-03-06,SONY
SONY260306P00021000,21.0,0.41,0.35,0.5,36.0,23.0,0.3711000390625,False,PUT,2026-03-06,SONY
SONY260320C00017500,17.5,7.75,4.6,5.8,,1.0,0.6523472265625001,True,CALL,2026-03-20,SONY
SONY260320C00020000,20.0,3.2,2.55,3.1,1.0,1.0,0.5449264257812501,True,CALL,2026-03-20,SONY
SONY260320C00022500,22.5,1.05,0.95,1.1,90.0,73.0,0.35938140625,False,CALL,2026-03-20,SONY
SONY260320C00025000,25.0,0.3,0.2,0.3,33.0,3413.0,0.3398503515625,False,CALL,2026-03-20,SONY
SONY260320C00027500,27.5,0.2,0.0,0.2,10.0,743.0,0.44336494140625,False,CALL,2026-03-20,SONY
SONY260320P00017500,17.5,0.05,0.0,0.35,23.0,23.0,0.5039112109375,False,PUT,2026-03-20,SONY
SONY260320P00020000,20.0,0.35,0.25,0.35,7.0,137.0,0.366217275390625,False,PUT,2026-03-20,SONY
SONY260320P00022500,22.5,1.15,1.1,1.2,8.0,2650.0,0.32813171874999997,True,PUT,2026-03-20,SONY
SONY260320P00025000,25.0,2.95,2.7,2.95,1.0,2893.0,0.3154365332031249,True,PUT,2026-03-20,SONY
SONY260320P00027500,27.5,4.55,4.4,5.6,1.0,322.0,0.5449264257812501,True,PUT,2026-03-20,SONY
SONY260417C00020000,20.0,10.4,10.1,11.4,,3.0,2.585452755126953,True,CALL,2026-04-17,SONY
SONY260417C00022500,22.5,1.25,1.2,1.3,4.0,146.0,0.336920693359375,False,CALL,2026-04-17,SONY
SONY260417C00025000,25.0,0.45,0.4,0.45,26.0,549.0,0.32129584960937496,False,CALL,2026-04-17,SONY
SONY260417C00027500,27.5,0.15,0.1,0.2,11.0,198.0,0.35645174804687496,False,CALL,2026-04-17,SONY
SONY260417P00017500,17.5,0.13,0.1,0.25,20.0,41.0,0.44922425781249997,False,PUT,2026-04-17,SONY
SONY260417P00020000,20.0,0.45,0.4,0.5,1.0,104.0,0.3442448388671875,False,PUT,2026-04-17,SONY
SONY260417P00022500,22.5,1.3,1.3,1.4,111.0,215.0,0.31201859863281245,True,PUT,2026-04-17,SONY
SONY260417P00025000,25.0,2.8,2.85,3.1,18.0,302.0,0.304694453125,True,PUT,2026-04-17,SONY
SONY260417P00027500,27.5,4.95,5.1,5.4,6.0,1035.0,0.35352208984374994,True,PUT,2026-04-17,SONY
SONY260515C00020000,20.0,5.3,2.95,3.3,1.0,2.0,0.42627526855468756,True,CALL,2026-05-15,SONY
SONY260515C00022500,22.5,1.65,1.5,1.65,10.0,46.0,0.362311064453125,False,CALL,2026-05-15,SONY
SONY260515C00025000,25.0,0.75,0.65,0.8,18.0,452.0,0.362311064453125,False,CALL,2026-05-15,SONY
SONY260515C00027500,27.5,0.44,0.2,0.35,40.0,300.0,0.36133451171875,False,CALL,2026-05-15,SONY
SONY260515P00017500,17.5,0.25,0.1,0.45,2.0,35.0,0.467778759765625,False,PUT,2026-05-15,SONY
SONY260515P00020000,20.0,0.65,0.55,0.75,10.0,91.0,0.362311064453125,False,PUT,2026-05-15,SONY
SONY260515P00022500,22.5,1.61,1.5,1.7,1.0,59.0,0.33008482421874996,True,PUT,2026-05-15,SONY
SONY260515P00025000,25.0,3.21,3.0,3.3,2.0,91.0,0.313483427734375,True,PUT,2026-05-15,SONY
SONY260515P00027500,27.5,5.0,4.9,5.6,3.0,33.0,0.3764710791015625,True,PUT,2026-05-15,SONY
SONY260618C00017500,17.5,9.07,8.8,10.1,,1.0,1.4272489575195313,True,CALL,2026-06-18,SONY
SONY260618C00020000,20.0,9.67,9.8,10.3,1.0,112.0,1.776856584472656,True,CALL,2026-06-18,SONY
SONY260618C00022500,22.5,1.85,1.8,2.0,1.0,21.0,0.37915659912109373,False,CALL,2026-06-18,SONY
SONY260618C00025000,25.0,0.95,0.9,1.0,5.0,508.0,0.35547519531249994,False,CALL,2026-06-18,SONY
SONY260618C00027500,27.5,0.5,0.4,0.5,65.0,16093.0,0.35547519531249994,False,CALL,2026-06-18,SONY
SONY260618P00017500,17.5,0.47,0.15,0.4,1.0,43.0,0.39063109375,False,PUT,2026-06-18,SONY
SONY260618P00020000,20.0,0.85,0.8,0.9,12.0,205.0,0.348639326171875,False,PUT,2026-06-18,SONY
SONY260618P00022500,22.5,1.75,1.8,1.9,3.0,195.0,0.32398136962890617,True,PUT,2026-06-18,SONY
SONY260618P00025000,25.0,3.0,2.95,3.5,108.0,248.0,0.3149482568359374,True,PUT,2026-06-18,SONY
SONY260618P00027500,27.5,4.0,5.0,5.7,4.0,1200.0,0.3544986425781249,True,PUT,2026-06-18,SONY
SONY260717C00017500,17.5,5.6,5.3,7.5,2.0,12.0,0.6528355029296876,True,CALL,2026-07-17,SONY
SONY260717C00022500,22.5,2.0,1.9,2.15,1.0,8.0,0.370123486328125,False,CALL,2026-07-17,SONY
SONY260717C00025000,25.0,1.0,0.95,1.15,1.0,146.0,0.35034829345703117,False,CALL,2026-07-17,SONY
SONY260717C00027500,27.5,0.6,0.35,0.6,2.0,324.0,0.34668622070312494,False,CALL,2026-07-17,SONY
SONY260717P00017500,17.5,0.3,0.25,0.5,1.0,2.0,0.3857483300781249,False,PUT,2026-07-17,SONY
SONY260717P00020000,20.0,0.7,0.7,1.0,3.0,9.0,0.3371648315429688,False,PUT,2026-07-17,SONY
SONY260717P00022500,22.5,1.92,1.6,2.0,1.0,18.0,0.31153032226562494,True,PUT,2026-07-17,SONY
SONY260717P00025000,25.0,3.0,3.1,3.6,9.0,23.0,0.3051827294921875,True,PUT,2026-07-17,SONY
SONY260717P00027500,27.5,3.11,5.0,5.7,6.0,4.0,0.32300481689453114,True,PUT,2026-07-17,SONY
SONY270115C00016000,16.0,11.4,10.4,14.0,1.0,27.0,1.2421912890624998,True,CALL,2027-01-15,SONY
SONY270115C00017000,17.0,9.3,9.5,13.8,1.0,1.0,1.2111855847167967,True,CALL,2027-01-15,SONY
SONY270115C00017500,17.5,9.93,8.5,12.7,1.0,3.0,1.0756882153320313,True,CALL,2027-01-15,SONY
SONY270115C00018000,18.0,12.45,10.8,14.2,1.0,6.0,1.4013701806640624,True,CALL,2027-01-15,SONY
SONY270115C00018500,18.5,12.0,12.2,12.9,1.0,41.0,1.4331083032226561,True,CALL,2027-01-15,SONY
SONY270115C00019000,19.0,5.7,0.0,0.0,1.0,0.0,1.0000000000000003e-05,True,CALL,2027-01-15,SONY
SONY270115C00019500,19.5,9.0,5.2,9.5,1.0,3.0,0.7304714453125,True,CALL,2027-01-15,SONY
SONY270115C00020000,20.0,4.5,4.3,4.7,3.0,238.0,0.4172421557617187,True,CALL,2027-01-15,SONY
SONY270115C00021000,21.0,9.5,10.3,10.5,1.0,106.0,1.2172890698242185,True,CALL,2027-01-15,SONY
SONY270115C00022000,22.0,8.3,9.1,9.4,2.0,13.0,1.1001021557617188,True,CALL,2027-01-15,SONY
SONY270115C00022500,22.5,3.14,2.8,3.3,5.0,46.0,0.3898986791992188,False,CALL,2027-01-15,SONY
SONY270115C00023000,23.0,8.9,8.8,9.0,5.0,23.0,1.0925338342285156,False,CALL,2027-01-15,SONY
SONY270115C00024000,24.0,7.82,8.0,8.2,18.0,256.0,1.0266161950683594,False,CALL,2027-01-15,SONY
SONY270115C00025000,25.0,2.1,1.9,2.2,5.0,129.0,0.3673158972167969,False,CALL,2027-01-15,SONY
SONY270115C00026000,26.0,6.75,6.7,6.8,3.0,44.0,0.928711650390625,False,CALL,2027-01-15,SONY
SONY270115C00027000,27.0,6.3,6.0,6.3,1.0,334.0,0.888550919189453,False,CALL,2027-01-15,SONY
SONY270115C00027500,27.5,1.4,1.0,1.45,17.0,319.0,0.3562076098632812,False,CALL,2027-01-15,SONY
SONY270115C00028000,28.0,4.9,5.4,5.6,4.0,12.0,0.8420425952148438,False,CALL,2027-01-15,SONY
SONY270115P00016000,16.0,0.3,0.0,0.0,1.0,9.0,0.062509375,False,PUT,2027-01-15,SONY
SONY270115P00017000,17.0,0.38,0.0,0.45,2.0,2.0,0.2788158056640625,False,PUT,2027-01-15,SONY
SONY270115P00017500,17.5,0.8,0.6,1.0,1.0,1.0,0.35767243896484374,False,PUT,2027-01-15,SONY
SONY270115P00018000,18.0,0.6,0.0,0.6,1.0,3.0,0.2651440673828125,False,PUT,2027-01-15,SONY
SONY270115P00018500,18.5,1.2,1.2,2.65,2.0,10.0,0.543949873046875,False,PUT,2027-01-15,SONY
SONY270115P00019000,19.0,0.56,0.0,0.0,1.0,5.0,0.0312596875,False,PUT,2027-01-15,SONY
SONY270115P00019500,19.5,0.9,0.0,0.85,2.0,4.0,0.23731231445312498,False,PUT,2027-01-15,SONY
SONY270115P00020000,20.0,1.55,1.15,1.7,2.0,46.0,0.32691102783203124,False,PUT,2027-01-15,SONY
SONY270115P00021000,21.0,1.2,0.0,1.1,,2.0,0.19727365234375,False,PUT,2027-01-15,SONY
SONY270115P00022000,22.0,1.21,0.0,1.1,1.0,6.0,0.14331911376953127,False,PUT,2027-01-15,SONY
SONY270115P00022500,22.5,2.5,2.1,2.75,22.0,54.0,0.30274134765625,True,PUT,2027-01-15,SONY
SONY270115P00023000,23.0,1.47,0.0,1.2,2.0,106.0,0.09009698974609376,True,PUT,2027-01-15,SONY
SONY270115P00024000,24.0,1.73,1.25,1.4,4.0,52.0,1.0000000000000003e-05,True,PUT,2027-01-15,SONY
SONY270115P00025000,25.0,3.7,3.5,4.2,10.0,241.0,0.28516339843749994,True,PUT,2027-01-15,SONY
SONY270115P00026000,26.0,2.02,1.8,1.95,50.0,60.0,1.0000000000000003e-05,True,PUT,2027-01-15,SONY
SONY270115P00027000,27.0,2.35,2.1,2.3,2.0,376.0,1.0000000000000003e-05,True,PUT,2027-01-15,SONY
SONY270115P00027500,27.5,4.8,5.4,6.0,5.0,18.0,0.2700268310546875,True,PUT,2027-01-15,SONY
SONY270115P00028000,28.0,2.68,1.65,2.65,4.0,112.0,1.0000000000000003e-05,True,PUT,2027-01-15,SONY
SONY280121C00017500,17.5,7.78,6.7,8.4,2.0,126.0,0.5225877819824218,True,CALL,2028-01-21,SONY
SONY280121C00020000,20.0,6.1,5.5,6.6,4.0,128.0,0.46094289062500005,True,CALL,2028-01-21,SONY
SONY280121C00022500,22.5,5.45,3.9,6.1,1.0,3.0,0.5034229345703125,False,CALL,2028-01-21,SONY
SONY280121C00025000,25.0,4.9,2.55,3.8,1.0,60.0,0.3842835009765625,False,CALL,2028-01-21,SONY
SONY280121C00027500,27.5,3.5,2.15,2.9,2.0,77.0,0.36902486450195315,False,CALL,2028-01-21,SONY
SONY280121P00020000,20.0,2.4,2.25,2.65,2.0,13.0,0.31323928955078123,False,PUT,2028-01-21,SONY
SONY280121P00025000,25.0,4.5,3.3,5.1,1.0,11.0,0.27234614379882804,True,PUT,2028-01-21,SONY
SONY280121P00027500,27.5,4.0,4.9,7.6,2.0,3.0,0.3283758569335937,True,PUT,2028-01-21,SONY
SOUN260130C00006500,6.5,2.8,2.53,3.1,8.0,6.0,4.7500040624999995,True,CALL,2026-01-30,SOUN
SOUN260130C00007000,7.0,2.82,2.03,2.7,20.0,29.0,4.296879628906249,True,CALL,2026-01-30,SOUN
SOUN260130C00007500,7.5,2.53,1.53,2.2,11.0,13.0,3.5468761328125,True,CALL,2026-01-30,SOUN
SOUN260130C00008000,8.0,1.19,1.04,1.32,8.0,29.0,1.8281258593749998,True,CALL,2026-01-30,SOUN
SOUN260130C00008500,8.5,0.6,0.52,0.8,10.0,81.0,1.1171919140625,True,CALL,2026-01-30,SOUN
SOUN260130C00009000,9.0,0.22,0.24,0.25,765.0,356.0,0.7812521875,True,CALL,2026-01-30,SOUN
SOUN260130C00009500,9.5,0.06,0.05,0.06,3397.0,1877.0,0.73437765625,False,CALL,2026-01-30,SOUN
SOUN260130C00010000,10.0,0.01,0.01,0.02,3034.0,6158.0,0.8437515624999999,False,CALL,2026-01-30,SOUN
SOUN260130C00010500,10.5,0.01,0.01,0.02,1844.0,6493.0,1.15625421875,False,CALL,2026-01-30,SOUN
SOUN260130C00011000,11.0,0.01,0.0,0.01,852.0,8919.0,1.1875040625,False,CALL,2026-01-30,SOUN
SOUN260130C00011500,11.5,0.01,0.0,0.01,361.0,6298.0,1.4375028125,False,CALL,2026-01-30,SOUN
SOUN260130P00007500,7.5,0.02,0.0,0.75,1.0,1.0,3.9609375976562498,False,PUT,2026-01-30,SOUN
SOUN260130P00008000,8.0,0.01,0.0,0.01,3.0,141.0,0.87500125,False,PUT,2026-01-30,SOUN
SOUN260130P00008500,8.5,0.02,0.01,0.02,813.0,474.0,0.6250037500000001,False,PUT,2026-01-30,SOUN
SOUN260130P00009000,9.0,0.09,0.09,0.11,1543.0,5334.0,0.5312546875,False,PUT,2026-01-30,SOUN
SOUN260130P00009500,9.5,0.41,0.4,0.44,951.0,8311.0,0.437505625,True,PUT,2026-01-30,SOUN
SOUN260130P00010000,10.0,0.87,0.86,0.9,599.0,7187.0,1.0000000000000003e-05,True,PUT,2026-01-30,SOUN
SOUN260130P00010500,10.5,1.37,1.33,1.42,153.0,2939.0,1.0000000000000003e-05,True,PUT,2026-01-30,SOUN
SOUN260130P00011000,11.0,1.87,1.81,1.92,76.0,1535.0,1.0000000000000003e-05,True,PUT,2026-01-30,SOUN
SOUN260130P00011500,11.5,2.38,2.29,2.47,25.0,1080.0,2.0625048437499998,True,PUT,2026-01-30,SOUN
SOUN260206C00006500,6.5,3.5,2.52,3.45,18.0,8.0,2.7539093652343754,True,CALL,2026-02-06,SOUN
SOUN260206C00007000,7.0,2.92,2.03,2.48,2.0,24.0,1.6953140234375002,True,CALL,2026-02-06,SOUN
SOUN260206C00008000,8.0,1.23,1.14,1.32,12.0,16.0,0.9960937890625,True,CALL,2026-02-06,SOUN
SOUN260206C00008500,8.5,0.8,0.72,0.83,36.0,58.0,0.7851583984375,True,CALL,2026-02-06,SOUN
SOUN260206C00009000,9.0,0.44,0.43,0.47,437.0,172.0,0.7304714453125,True,CALL,2026-02-06,SOUN
SOUN260206C00009500,9.5,0.24,0.24,0.25,726.0,627.0,0.73437765625,False,CALL,2026-02-06,SOUN
SOUN260206C00010000,10.0,0.12,0.11,0.13,1316.0,1425.0,0.7304714453125,False,CALL,2026-02-06,SOUN
SOUN260206C00010500,10.5,0.07,0.06,0.08,430.0,2082.0,0.789064609375,False,CALL,2026-02-06,SOUN
SOUN260206C00011000,11.0,0.05,0.04,0.05,414.0,3062.0,0.851563984375,False,CALL,2026-02-06,SOUN
SOUN260206C00011500,11.5,0.03,0.03,0.04,102.0,1696.0,0.945313046875,False,CALL,2026-02-06,SOUN
SOUN260206P00007500,7.5,0.01,0.0,0.14,3.0,121.0,0.992187578125,False,PUT,2026-02-06,SOUN
SOUN260206P00008000,8.0,0.05,0.04,0.06,18.0,13.0,0.6640658593750002,False,PUT,2026-02-06,SOUN
SOUN260206P00008500,8.5,0.14,0.13,0.15,1701.0,115.0,0.6445348046875,False,PUT,2026-02-06,SOUN
SOUN260206P00009000,9.0,0.33,0.3,0.33,464.0,731.0,0.6171913281250001,False,PUT,2026-02-06,SOUN
SOUN260206P00009500,9.5,0.58,0.59,0.63,260.0,1092.0,0.6093789062500001,True,PUT,2026-02-06,SOUN
SOUN260206P00010000,10.0,0.97,0.95,1.01,90.0,1986.0,0.5390671093750001,True,PUT,2026-02-06,SOUN
SOUN260206P00010500,10.5,1.42,1.39,1.48,40.0,796.0,0.7187528125,True,PUT,2026-02-06,SOUN
SOUN260206P00011000,11.0,1.95,1.81,1.97,9.0,479.0,0.8281267187499999,True,PUT,2026-02-06,SOUN
SOUN260206P00011500,11.5,2.35,2.35,2.44,34.0,318.0,0.7500025,True,PUT,2026-02-06,SOUN
SOUN260213C00007000,7.0,5.04,2.03,3.25,,2.0,2.0566454833984373,True,CALL,2026-02-13,SOUN
SOUN260213C00007500,7.5,1.73,1.66,1.91,55.0,7.0,1.09375453125,True,CALL,2026-02-13,SOUN
SOUN260213C00008500,8.5,0.85,0.76,0.97,115.0,11.0,0.726565234375,True,CALL,2026-02-13,SOUN
SOUN260213C00009000,9.0,0.59,0.57,0.61,100.0,58.0,0.73437765625,True,CALL,2026-02-13,SOUN
SOUN260213C00009500,9.5,0.4,0.36,0.38,131.0,68.0,0.7226590234375,False,CALL,2026-02-13,SOUN
SOUN260213C00010000,10.0,0.22,0.22,0.23,1003.0,886.0,0.7226590234375,False,CALL,2026-02-13,SOUN
SOUN260213C00010500,10.5,0.15,0.14,0.15,135.0,419.0,0.7500025,False,CALL,2026-02-13,SOUN
SOUN260213C00011000,11.0,0.14,0.09,0.12,98.0,782.0,0.804689453125,False,CALL,2026-02-13,SOUN
SOUN260213C00011500,11.5,0.07,0.06,0.09,26.0,757.0,0.8437515624999999,False,CALL,2026-02-13,SOUN
SOUN260213P00007500,7.5,0.06,0.05,0.07,5.0,88.0,0.7187528125,False,PUT,2026-02-13,SOUN
SOUN260213P00008000,8.0,0.11,0.11,0.15,3.0,122.0,0.6875031250000001,False,PUT,2026-02-13,SOUN
SOUN260213P00008500,8.5,0.24,0.24,0.26,922.0,132.0,0.65820654296875,False,PUT,2026-02-13,SOUN
SOUN260213P00009000,9.0,0.42,0.42,0.46,164.0,359.0,0.6289099609375001,False,PUT,2026-02-13,SOUN
SOUN260213P00009500,9.5,0.7,0.7,0.73,69.0,498.0,0.6054726953125001,True,PUT,2026-02-13,SOUN
SOUN260213P00010000,10.0,1.07,1.06,1.13,52.0,2561.0,0.6250037500000001,True,PUT,2026-02-13,SOUN
SOUN260213P00010500,10.5,1.47,1.39,1.56,14.0,264.0,0.523442265625,True,PUT,2026-02-13,SOUN
SOUN260213P00011000,11.0,1.95,1.9,2.01,18.0,550.0,0.5625043750000001,True,PUT,2026-02-13,SOUN
SOUN260213P00011500,11.5,2.36,2.33,2.51,33.0,280.0,0.85937640625,True,PUT,2026-02-13,SOUN
SOUN260220C00006500,6.5,4.02,2.5,3.4,,1.0,1.6601579492187502,True,CALL,2026-02-20,SOUN
SOUN260220C00007000,7.0,2.92,2.07,2.35,2.0,15.0,0.9648441015625,True,CALL,2026-02-20,SOUN
SOUN260220C00007500,7.5,1.85,1.69,1.87,5.0,3.0,0.9062509375,True,CALL,2026-02-20,SOUN
SOUN260220C00008000,8.0,1.33,1.27,1.46,7.0,242.0,0.8281267187499999,True,CALL,2026-02-20,SOUN
SOUN260220C00009000,9.0,0.67,0.65,0.69,238.0,1127.0,0.70117486328125,True,CALL,2026-02-20,SOUN
SOUN260220C00009500,9.5,0.47,0.43,0.49,332.0,193.0,0.70312796875,False,CALL,2026-02-20,SOUN
SOUN260220C00010000,10.0,0.31,0.3,0.33,1056.0,4883.0,0.7148466015625,False,CALL,2026-02-20,SOUN
SOUN260220C00010500,10.5,0.22,0.21,0.22,88.0,569.0,0.7304714453125,False,CALL,2026-02-20,SOUN
SOUN260220C00011000,11.0,0.15,0.15,0.18,434.0,7031.0,0.7773459765625,False,CALL,2026-02-20,SOUN
SOUN260220C00011500,11.5,0.1,0.1,0.14,31.0,645.0,0.8007832421875,False,CALL,2026-02-20,SOUN
SOUN260220P00007000,7.0,0.25,0.0,0.5,1.0,170.0,1.1875040625,False,PUT,2026-02-20,SOUN
SOUN260220P00007500,7.5,0.1,0.08,0.1,4.0,6845.0,0.6718782812500002,False,PUT,2026-02-20,SOUN
SOUN260220P00008000,8.0,0.18,0.16,0.18,119.0,2003.0,0.64062859375,False,PUT,2026-02-20,SOUN
SOUN260220P00008500,8.5,0.32,0.29,0.33,26.0,306.0,0.6250037500000001,False,PUT,2026-02-20,SOUN
SOUN260220P00009000,9.0,0.52,0.51,0.54,442.0,2237.0,0.6191444335937502,False,PUT,2026-02-20,SOUN
SOUN260220P00009500,9.5,0.8,0.79,0.85,36.0,589.0,0.6250037500000001,True,PUT,2026-02-20,SOUN
SOUN260220P00010000,10.0,1.17,1.14,1.22,310.0,2797.0,0.6347692773437501,True,PUT,2026-02-20,SOUN
SOUN260220P00010500,10.5,1.58,1.55,1.58,34.0,182.0,0.6093789062500001,True,PUT,2026-02-20,SOUN
SOUN260220P00011000,11.0,2.05,1.95,2.08,71.0,2612.0,0.6289099609375001,True,PUT,2026-02-20,SOUN
SOUN260220P00011500,11.5,2.34,2.31,2.57,2.0,44.0,0.8398453515625,True,PUT,2026-02-20,SOUN
SOUN260227C00007000,7.0,3.59,2.15,3.8,9.0,9.0,1.9375003125,True,CALL,2026-02-27,SOUN
SOUN260227C00008000,8.0,1.5,1.39,1.64,36.0,22.0,0.9023447265625,True,CALL,2026-02-27,SOUN
SOUN260227C00008500,8.5,1.23,1.15,1.31,13.0,138.0,0.9160164648437501,True,CALL,2026-02-27,SOUN
SOUN260227C00009000,9.0,0.94,0.91,0.96,125.0,108.0,0.8730481445312499,True,CALL,2026-02-27,SOUN
SOUN260227C00009500,9.5,0.74,0.7,0.74,71.0,130.0,0.867188828125,False,CALL,2026-02-27,SOUN
SOUN260227C00010000,10.0,0.55,0.53,0.57,347.0,758.0,0.867188828125,False,CALL,2026-02-27,SOUN
SOUN260227C00010500,10.5,0.43,0.41,0.43,234.0,727.0,0.8730481445312499,False,CALL,2026-02-27,SOUN
SOUN260227C00011000,11.0,0.34,0.32,0.34,218.0,536.0,0.8906260937499999,False,CALL,2026-02-27,SOUN
SOUN260227C00011500,11.5,0.26,0.25,0.27,46.0,953.0,0.9082040429687499,False,CALL,2026-02-27,SOUN
SOUN260227P00008000,8.0,0.36,0.35,0.37,77.0,107.0,0.8027363476562499,False,PUT,2026-02-27,SOUN
SOUN260227P00008500,8.5,0.54,0.52,0.55,111.0,251.0,0.7851583984375,False,PUT,2026-02-27,SOUN
SOUN260227P00009000,9.0,0.79,0.76,0.79,173.0,337.0,0.7851583984375,False,PUT,2026-02-27,SOUN
SOUN260227P00009500,9.5,1.05,1.04,1.09,151.0,350.0,0.7851583984375,True,PUT,2026-02-27,SOUN
SOUN260227P00010000,10.0,1.38,1.37,1.42,104.0,823.0,0.7812521875,True,PUT,2026-02-27,SOUN
SOUN260227P00010500,10.5,1.73,1.72,1.81,73.0,416.0,0.77929908203125,True,PUT,2026-02-27,SOUN
SOUN260227P00011000,11.0,2.12,1.79,2.23,1.0,465.0,0.5429733203125001,True,PUT,2026-02-27,SOUN
SOUN260227P00011500,11.5,2.25,2.13,2.75,2.0,819.0,0.98437515625,True,PUT,2026-02-27,SOUN
SOUN260306C00008000,8.0,1.65,1.55,1.73,8.0,53.0,0.9433599414062499,True,CALL,2026-03-06,SOUN
SOUN260306C00009000,9.0,1.1,1.01,1.12,24.0,146.0,0.9003916210937499,True,CALL,2026-03-06,SOUN
SOUN260306C00009500,9.5,0.93,0.8,0.97,18.0,39.0,0.9248054394531251,False,CALL,2026-03-06,SOUN
SOUN260306C00010000,10.0,0.68,0.65,0.75,76.0,337.0,0.914063359375,False,CALL,2026-03-06,SOUN
SOUN260306C00010500,10.5,0.56,0.52,0.57,63.0,877.0,0.90429783203125,False,CALL,2026-03-06,SOUN
SOUN260306C00011000,11.0,0.45,0.42,0.48,8.0,238.0,0.9238288867187501,False,CALL,2026-03-06,SOUN
SOUN260306C00011500,11.5,0.39,0.34,0.4,20.0,91.0,0.9414068359375,False,CALL,2026-03-06,SOUN
SOUN260306P00008000,8.0,0.34,0.41,0.55,30.0,38.0,0.84961087890625,False,PUT,2026-03-06,SOUN
SOUN260306P00008500,8.5,0.69,0.6,0.74,47.0,70.0,0.8339860351562498,False,PUT,2026-03-06,SOUN
SOUN260306P00009000,9.0,0.86,0.83,0.99,18.0,34.0,0.8261736132812498,False,PUT,2026-03-06,SOUN
SOUN260306P00009500,9.5,1.2,1.12,1.25,11.0,91.0,0.8125018749999999,True,PUT,2026-03-06,SOUN
SOUN260306P00010000,10.0,1.5,1.47,1.6,1.0,115.0,0.8300798242187499,True,PUT,2026-03-06,SOUN
SOUN260306P00010500,10.5,1.47,1.82,1.92,3.0,479.0,0.804689453125,True,PUT,2026-03-06,SOUN
SOUN260306P00011000,11.0,2.28,2.22,2.35,3.0,111.0,0.8281267187499999,True,PUT,2026-03-06,SOUN
SOUN260320C00007000,7.0,3.0,2.3,2.56,7.0,1.0,0.9257819921875,True,CALL,2026-03-20,SOUN
SOUN260320C00008000,8.0,1.68,1.65,1.89,9.0,29.0,0.914063359375,True,CALL,2026-03-20,SOUN
SOUN260320C00009000,9.0,1.2,1.17,1.21,120.0,210.0,0.86132951171875,True,CALL,2026-03-20,SOUN
SOUN260320C00010000,10.0,0.82,0.8,0.82,337.0,2312.0,0.86132951171875,False,CALL,2026-03-20,SOUN
SOUN260320C00011000,11.0,0.56,0.56,0.58,143.0,1682.0,0.8867198828124999,False,CALL,2026-03-20,SOUN
SOUN260320P00007000,7.0,0.27,0.25,0.28,24.0,27.0,0.81445498046875,False,PUT,2026-03-20,SOUN
SOUN260320P00008000,8.0,0.54,0.55,0.57,156.0,278.0,0.7949239257812499,False,PUT,2026-03-20,SOUN
SOUN260320P00009000,9.0,1.01,1.0,1.02,26.0,337.0,0.778322529296875,False,PUT,2026-03-20,SOUN
SOUN260320P00010000,10.0,1.63,1.63,1.67,210.0,2147.0,0.7949239257812499,True,PUT,2026-03-20,SOUN
SOUN260320P00011000,11.0,2.34,2.35,2.44,65.0,1220.0,0.8007832421875,True,PUT,2026-03-20,SOUN
SOUN260417C00007000,7.0,2.59,2.42,2.69,9.0,336.0,0.8535170898437501,True,CALL,2026-04-17,SOUN
SOUN260417C00008000,8.0,1.92,1.82,2.03,44.0,795.0,0.840821904296875,True,CALL,2026-04-17,SOUN
SOUN260417C00009000,9.0,1.5,1.41,1.43,133.0,1430.0,0.831056376953125,True,CALL,2026-04-17,SOUN
SOUN260417C00010000,10.0,1.06,1.05,1.08,358.0,5975.0,0.8447281152343749,False,CALL,2026-04-17,SOUN
SOUN260417C00011000,11.0,0.81,0.79,0.82,468.0,7453.0,0.860352958984375,False,CALL,2026-04-17,SOUN
SOUN260417P00007000,7.0,0.41,0.39,0.41,117.0,1439.0,0.780275634765625,False,PUT,2026-04-17,SOUN
SOUN260417P00008000,8.0,0.75,0.73,0.77,137.0,1687.0,0.7695335546875001,False,PUT,2026-04-17,SOUN
SOUN260417P00009000,9.0,1.25,1.22,1.27,62.0,2387.0,0.7675804492187501,False,PUT,2026-04-17,SOUN
SOUN260417P00010000,10.0,1.81,1.85,1.9,20.0,9314.0,0.773439765625,True,PUT,2026-04-17,SOUN
SOUN260417P00011000,11.0,2.56,2.57,2.64,8.0,4171.0,0.77929908203125,True,PUT,2026-04-17,SOUN
SOUN260717C00007000,7.0,3.14,2.96,3.6,1.0,305.0,0.975586181640625,True,CALL,2026-07-17,SOUN
SOUN260717C00008000,8.0,2.53,2.48,2.62,153.0,941.0,0.860352958984375,True,CALL,2026-07-17,SOUN
SOUN260717C00009000,9.0,2.1,2.06,2.12,98.0,411.0,0.8466812207031249,True,CALL,2026-07-17,SOUN
SOUN260717C00010000,10.0,1.74,1.71,1.86,274.0,1679.0,0.868165380859375,False,CALL,2026-07-17,SOUN
SOUN260717C00011000,11.0,1.45,1.42,1.54,496.0,5772.0,0.8632826171875,False,CALL,2026-07-17,SOUN
SOUN260717P00007000,7.0,0.84,0.83,0.88,21.0,270.0,0.78711150390625,False,PUT,2026-07-17,SOUN
SOUN260717P00008000,8.0,1.29,1.24,1.33,73.0,2659.0,0.77148666015625,False,PUT,2026-07-17,SOUN
SOUN260717P00009000,9.0,1.85,1.78,2.0,10.0,582.0,0.7919942675781251,False,PUT,2026-07-17,SOUN
SOUN260717P00010000,10.0,2.41,2.27,2.67,40.0,1206.0,0.7685570019531252,True,PUT,2026-07-17,SOUN
SOUN260717P00011000,11.0,3.12,3.05,3.25,49.0,5438.0,0.7578149218750001,True,PUT,2026-07-17,SOUN
SOUN270115C00007000,7.0,3.85,3.75,3.95,367.0,6123.0,0.8862316064453124,True,CALL,2027-01-15,SOUN
SOUN270115C00010000,10.0,2.67,2.65,2.81,677.0,10879.0,0.8764660791015625,False,CALL,2027-01-15,SOUN
SOUN270115P00007000,7.0,1.51,1.47,1.54,25.0,2555.0,0.7856466748046875,False,PUT,2027-01-15,SOUN
SOUN270115P00010000,10.0,3.24,3.2,3.35,23.0,3809.0,0.76367423828125,True,PUT,2027-01-15,SOUN
SOUN280121C00008000,8.0,4.58,4.15,4.8,98.0,961.0,0.8696302099609375,True,CALL,2028-01-21,SOUN
SOUN280121C00010000,10.0,3.95,3.9,4.15,141.0,1720.0,0.8916026464843749,False,CALL,2028-01-21,SOUN
SOUN280121P00008000,8.0,3.0,2.79,3.0,51.0,635.0,0.74414318359375,False,PUT,2028-01-21,SOUN
SOUN280121P00010000,10.0,4.27,4.15,4.45,94.0,682.0,0.7465845654296875,True,PUT,2028-01-21,SOUN
STLA260130C00009000,9.0,0.8,0.6,0.95,150.0,1126.0,1.46875265625,True,CALL,2026-01-30,STLA
STLA260130C00009500,9.5,0.3,0.3,0.4,66.0,1174.0,0.6718782812500002,True,CALL,2026-01-30,STLA
STLA260130C00010000,10.0,0.07,0.05,0.1,106.0,1094.0,0.585941640625,False,CALL,2026-01-30,STLA
STLA260130C00010500,10.5,0.04,0.0,0.05,54.0,2089.0,0.70312796875,False,CALL,2026-01-30,STLA
STLA260130C00011000,11.0,0.07,0.0,0.15,1.0,236.0,1.3906280468749999,False,CALL,2026-01-30,STLA
STLA260130C00011500,11.5,0.02,0.0,0.05,15.0,99.0,1.3437532812499997,False,CALL,2026-01-30,STLA
STLA260130C00012000,12.0,0.05,0.0,0.3,1.0,78.0,2.5312536718749996,False,CALL,2026-01-30,STLA
STLA260130C00012500,12.5,0.36,0.0,0.2,1.0,4.0,2.5468786328124997,False,CALL,2026-01-30,STLA
STLA260130P00008500,8.5,0.05,0.0,0.15,,1.0,1.734376328125,False,PUT,2026-01-30,STLA
STLA260130P00009000,9.0,0.05,0.0,0.05,1.0,29.0,0.87500125,False,PUT,2026-01-30,STLA
STLA260130P00009500,9.5,0.06,0.0,0.05,15.0,665.0,0.57812921875,False,PUT,2026-01-30,STLA
STLA260130P00010000,10.0,0.3,0.2,0.4,9.0,247.0,0.6953155468750001,True,PUT,2026-01-30,STLA
STLA260130P00010500,10.5,0.71,0.65,0.9,3.0,26.0,1.1328168359375002,True,PUT,2026-01-30,STLA
STLA260130P00011000,11.0,1.29,1.1,1.4,1.0,0.0,1.421877890625,True,PUT,2026-01-30,STLA
STLA260130P00011500,11.5,1.82,1.6,1.9,5.0,0.0,1.78125109375,True,PUT,2026-01-30,STLA
STLA260130P00012000,12.0,2.29,2.05,2.4,3.0,0.0,1.9062504687500001,True,PUT,2026-01-30,STLA
STLA260130P00012500,12.5,1.6,2.55,2.9,,0.0,2.1875045312499997,True,PUT,2026-01-30,STLA
STLA260206C00009500,9.5,0.45,0.4,0.55,1.0,26.0,0.5976602734375001,True,CALL,2026-02-06,STLA
STLA260206C00010000,10.0,0.15,0.1,0.2,9.0,2241.0,0.445318046875,False,CALL,2026-02-06,STLA
STLA260206C00010500,10.5,0.1,0.0,0.1,2.0,71.0,0.523442265625,False,CALL,2026-02-06,STLA
STLA260206C00011000,11.0,0.26,0.0,0.05,117.0,124.0,0.5820354296875,False,CALL,2026-02-06,STLA
STLA260206C00011500,11.5,0.08,0.0,0.95,2.0,120.0,1.6796891015625,False,CALL,2026-02-06,STLA
STLA260206C00012000,12.0,0.02,0.0,0.95,1.0,117.0,1.8828130859374999,False,CALL,2026-02-06,STLA
STLA260206C00012500,12.5,0.01,0.0,1.2,10.0,17.0,2.2968792578125,False,CALL,2026-02-06,STLA
STLA260206P00008500,8.5,0.1,0.0,0.05,1.0,27.0,0.6093789062500001,False,PUT,2026-02-06,STLA
STLA260206P00009000,9.0,0.03,0.0,0.05,11.0,760.0,0.507817421875,False,PUT,2026-02-06,STLA
STLA260206P00009500,9.5,0.11,0.1,0.15,2.0,92.0,0.4726615234375,False,PUT,2026-02-06,STLA
STLA260206P00010000,10.0,0.4,0.3,0.4,6.0,183.0,0.49609878906250005,True,PUT,2026-02-06,STLA
STLA260206P00010500,10.5,0.85,0.65,0.8,1.0,53.0,0.585941640625,True,PUT,2026-02-06,STLA
STLA260206P00011000,11.0,1.17,1.1,1.4,1.0,19.0,0.6718782812500002,True,PUT,2026-02-06,STLA
STLA260206P00011500,11.5,1.93,1.6,1.9,2.0,0.0,0.8398453515625,True,PUT,2026-02-06,STLA
STLA260206P00012500,12.5,2.97,2.6,2.9,4.0,0.0,1.1328168359375002,True,PUT,2026-02-06,STLA
STLA260213C00009000,9.0,1.75,0.75,1.05,,1.0,0.6835969140625001,True,CALL,2026-02-13,STLA
STLA260213C00009500,9.5,0.55,0.5,0.6,14.0,240.0,0.5136767382812499,True,CALL,2026-02-13,STLA
STLA260213C00010000,10.0,0.25,0.2,0.3,5.0,104.0,0.45703667968750006,False,CALL,2026-02-13,STLA
STLA260213C00010500,10.5,0.11,0.1,0.15,3.0,23.0,0.4687553125,False,CALL,2026-02-13,STLA
STLA260213C00011000,11.0,0.05,0.0,0.4,1.0,26.0,0.710940390625,False,CALL,2026-02-13,STLA
STLA260213C00011500,11.5,0.05,0.0,0.5,1.0,3.0,0.937500625,False,CALL,2026-02-13,STLA
STLA260213C00012000,12.0,0.25,0.0,0.25,1.0,14.0,0.8476577734374999,False,CALL,2026-02-13,STLA
STLA260213C00012500,12.5,0.17,0.0,0.05,,6.0,0.6562534375000001,False,CALL,2026-02-13,STLA
STLA260213P00008500,8.5,0.06,0.0,0.2,1.0,145.0,0.6718782812500002,False,PUT,2026-02-13,STLA
STLA260213P00009000,9.0,0.1,0.05,0.1,27.0,46.0,0.4804739453125,False,PUT,2026-02-13,STLA
STLA260213P00009500,9.5,0.25,0.15,0.25,34.0,426.0,0.48828636718750007,False,PUT,2026-02-13,STLA
STLA260213P00010000,10.0,0.5,0.4,0.5,1.0,42.0,0.49414568359375005,True,PUT,2026-02-13,STLA
STLA260213P00010500,10.5,0.79,0.55,0.95,2.0,5.0,0.65039412109375,True,PUT,2026-02-13,STLA
STLA260213P00011000,11.0,1.08,1.1,1.4,1.0,4.0,0.5039112109375,True,PUT,2026-02-13,STLA
STLA260213P00012000,12.0,2.15,2.1,2.4,1.0,2.0,0.7421900781249999,True,PUT,2026-02-13,STLA
STLA260213P00012500,12.5,2.65,2.6,2.9,2.0,2.0,0.851563984375,True,PUT,2026-02-13,STLA
STLA260220C00007500,7.5,2.39,2.3,2.45,2.0,3.0,0.7187528125,True,CALL,2026-02-20,STLA
STLA260220C00008000,8.0,1.77,1.85,1.95,4.0,6.0,0.648441015625,True,CALL,2026-02-20,STLA
STLA260220C00008500,8.5,1.33,1.4,1.45,,2.0,0.5507857421875001,True,CALL,2026-02-20,STLA
STLA260220C00009000,9.0,0.93,0.95,1.05,5.0,28.0,0.5039112109375,True,CALL,2026-02-20,STLA
STLA260220C00009500,9.5,0.6,0.6,0.65,15.0,177.0,0.48242705078125003,True,CALL,2026-02-20,STLA
STLA260220C00010000,10.0,0.32,0.3,0.35,91.0,34959.0,0.4335994140625,False,CALL,2026-02-20,STLA
STLA260220C00010500,10.5,0.17,0.15,0.2,11.0,29.0,0.45117736328125,False,CALL,2026-02-20,STLA
STLA260220C00011000,11.0,0.07,0.05,0.15,19.0,1272.0,0.52539537109375,False,CALL,2026-02-20,STLA
STLA260220C00011500,11.5,0.09,0.0,0.1,,4.0,0.5625043750000001,False,CALL,2026-02-20,STLA
STLA260220C00012000,12.0,0.04,0.0,0.05,1.0,361.0,0.5507857421875001,False,CALL,2026-02-20,STLA
STLA260220P00007500,7.5,0.03,0.0,0.1,1.0,8.0,0.73437765625,False,PUT,2026-02-20,STLA
STLA260220P00008000,8.0,0.05,0.0,0.1,39.0,69.0,0.5937540625000001,False,PUT,2026-02-20,STLA
STLA260220P00008500,8.5,0.11,0.05,0.1,4.0,71.0,0.5117236328125,False,PUT,2026-02-20,STLA
STLA260220P00009000,9.0,0.16,0.1,0.2,7.0,745.0,0.5429733203125001,False,PUT,2026-02-20,STLA
STLA260220P00009500,9.5,0.3,0.25,0.3,15.0,464.0,0.46094289062500005,False,PUT,2026-02-20,STLA
STLA260220P00010000,10.0,0.5,0.45,0.55,30.0,780.0,0.46289599609375004,True,PUT,2026-02-20,STLA
STLA260220P00010500,10.5,1.16,0.8,0.9,,4.0,0.48633326171875,True,PUT,2026-02-20,STLA
STLA260220P00011000,11.0,1.25,1.2,1.3,2.0,289.0,0.49609878906250005,True,PUT,2026-02-20,STLA
STLA260220P00012000,12.0,1.35,2.1,2.3,3.0,3.0,0.7148466015625,True,PUT,2026-02-20,STLA
STLA260227C00008000,8.0,1.9,1.7,2.05,,2.0,0.507817421875,True,CALL,2026-02-27,STLA
STLA260227C00009000,9.0,1.04,1.0,1.15,,11.0,0.52539537109375,True,CALL,2026-02-27,STLA
STLA260227C00009500,9.5,0.75,0.65,0.8,3.0,58.0,0.5625043750000001,True,CALL,2026-02-27,STLA
STLA260227C00010000,10.0,0.4,0.4,0.5,294.0,429.0,0.5136767382812499,False,CALL,2026-02-27,STLA
STLA260227C00010500,10.5,0.25,0.2,0.3,1.0,61.0,0.49414568359375005,False,CALL,2026-02-27,STLA
STLA260227C00011000,11.0,0.14,0.1,0.15,4.0,36.0,0.46094289062500005,False,CALL,2026-02-27,STLA
STLA260227C00011500,11.5,0.1,0.05,0.15,5.0,119.0,0.5625043750000001,False,CALL,2026-02-27,STLA
STLA260227C00012000,12.0,0.08,0.0,0.1,2.0,26.0,0.57812921875,False,CALL,2026-02-27,STLA
STLA260227C00012500,12.5,0.15,0.0,0.75,,2.0,1.0234423828125,False,CALL,2026-02-27,STLA
STLA260227P00007500,7.5,0.07,0.0,0.75,1.0,6.0,1.220707021484375,False,PUT,2026-02-27,STLA
STLA260227P00008500,8.5,0.15,0.1,0.2,1.0,65.0,0.5664105859375,False,PUT,2026-02-27,STLA
STLA260227P00009000,9.0,0.22,0.15,0.3,4.0,46.0,0.5039112109375,False,PUT,2026-02-27,STLA
STLA260227P00009500,9.5,0.31,0.3,0.45,1.0,3137.0,0.543949873046875,False,PUT,2026-02-27,STLA
STLA260227P00010000,10.0,0.7,0.55,0.65,3.0,13.0,0.495122236328125,True,PUT,2026-02-27,STLA
STLA260227P00010500,10.5,0.95,0.85,1.0,1.0,17.0,0.523442265625,True,PUT,2026-02-27,STLA
STLA260227P00011000,11.0,0.91,0.45,2.2,,30.0,1.3066440917968747,True,PUT,2026-02-27,STLA
STLA260306C00007000,7.0,2.88,2.65,3.0,1.0,1.0,0.9609378906249999,True,CALL,2026-03-06,STLA
STLA260306C00009500,9.5,0.76,0.7,0.85,2.0,12.0,0.5488326367187502,True,CALL,2026-03-06,STLA
STLA260306C00011000,11.0,0.19,0.15,0.25,2.0,12.0,0.51562984375,False,CALL,2026-03-06,STLA
STLA260306P00007500,7.5,0.1,0.0,0.95,3.0,9.0,1.220707021484375,False,PUT,2026-03-06,STLA
STLA260306P00009000,9.0,0.35,0.2,0.35,36.0,39.0,0.5039112109375,False,PUT,2026-03-06,STLA
STLA260306P00009500,9.5,0.32,0.35,0.5,1.0,5.0,0.5312546875,False,PUT,2026-03-06,STLA
STLA260320C00007000,7.0,2.55,2.9,3.0,10.0,98.0,0.7382838671874999,True,CALL,2026-03-20,STLA
STLA260320C00008000,8.0,2.03,2.0,2.1,3.0,112.0,0.63086306640625,True,CALL,2026-03-20,STLA
STLA260320C00009000,9.0,1.18,1.2,1.3,19.0,914.0,0.5449264257812501,True,CALL,2026-03-20,STLA
STLA260320C00010000,10.0,0.65,0.6,0.65,20.0,1851.0,0.49609878906250005,False,CALL,2026-03-20,STLA
STLA260320C00011000,11.0,0.27,0.25,0.3,30.0,3679.0,0.47949739257812496,False,CALL,2026-03-20,STLA
STLA260320C00012000,12.0,0.11,0.1,0.15,19.0,3148.0,0.5019581054687501,False,CALL,2026-03-20,STLA
STLA260320P00007000,7.0,0.07,0.05,0.1,1.0,513.0,0.6523472265625001,False,PUT,2026-03-20,STLA
STLA260320P00008000,8.0,0.18,0.15,0.2,10.0,2567.0,0.5800823242187501,False,PUT,2026-03-20,STLA
STLA260320P00009000,9.0,0.36,0.35,0.4,17.0,7535.0,0.5097705273437501,False,PUT,2026-03-20,STLA
STLA260320P00010000,10.0,0.8,0.75,0.8,5.0,6620.0,0.48242705078125003,True,PUT,2026-03-20,STLA
STLA260320P00011000,11.0,1.45,1.4,1.45,2.0,2392.0,0.463872548828125,True,PUT,2026-03-20,STLA
STLA260320P00012000,12.0,2.36,2.2,2.3,5.0,1374.0,0.4804739453125,True,PUT,2026-03-20,STLA
STLA260618C00007000,7.0,2.7,3.0,3.2,10.0,56.0,0.57617611328125,True,CALL,2026-06-18,STLA
STLA260618C00008000,8.0,2.2,2.2,2.35,1.0,1563.0,0.516606396484375,True,CALL,2026-06-18,STLA
STLA260618C00009000,9.0,1.52,1.55,1.65,46.0,1204.0,0.5117236328125,True,CALL,2026-06-18,STLA
STLA260618C00010000,10.0,1.05,1.0,1.1,32.0,9729.0,0.48291532714843755,False,CALL,2026-06-18,STLA
STLA260618C00011000,11.0,0.6,0.65,0.7,43.0,1401.0,0.46484910156250003,False,CALL,2026-06-18,STLA
STLA260618C00012000,12.0,0.35,0.4,0.45,5.0,8803.0,0.46289599609375004,False,CALL,2026-06-18,STLA
STLA260618P00007000,7.0,0.2,0.2,0.3,8.0,2773.0,0.56055126953125,False,PUT,2026-06-18,STLA
STLA260618P00008000,8.0,0.4,0.4,0.45,6.0,9414.0,0.5048877636718749,False,PUT,2026-06-18,STLA
STLA260618P00009000,9.0,0.75,0.7,0.75,75.0,1614.0,0.4804739453125,False,PUT,2026-06-18,STLA
STLA260618P00010000,10.0,1.17,1.15,1.25,12.0,10659.0,0.47461462890625,True,PUT,2026-06-18,STLA
STLA260618P00011000,11.0,1.85,1.75,1.85,7.0,2431.0,0.45654840332031255,True,PUT,2026-06-18,STLA
STLA260618P00012000,12.0,2.55,2.5,2.6,1.0,14780.0,0.454107021484375,True,PUT,2026-06-18,STLA
STLA260918C00009000,9.0,1.85,1.8,1.9,16.0,16.0,0.485356708984375,True,CALL,2026-09-18,STLA
STLA260918C00010000,10.0,1.33,1.3,1.4,7.0,90.0,0.4721732470703125,False,CALL,2026-09-18,STLA
STLA260918C00012000,12.0,0.63,0.6,0.7,1.0,19.0,0.44922425781249997,False,CALL,2026-09-18,STLA
STLA260918P00007000,7.0,0.43,0.35,0.4,10.0,210.0,0.507817421875,False,PUT,2026-09-18,STLA
STLA260918P00008000,8.0,0.65,0.6,0.65,2.0,6.0,0.4892629199218751,False,PUT,2026-09-18,STLA
STLA260918P00009000,9.0,0.99,0.9,1.0,10.0,337.0,0.46094289062500005,False,PUT,2026-09-18,STLA
STLA260918P00010000,10.0,1.5,1.35,1.45,4.0,4.0,0.4335994140625,True,PUT,2026-09-18,STLA
STLA260918P00012000,12.0,2.75,2.65,2.8,5.0,5.0,0.42529871582031253,True,PUT,2026-09-18,STLA
STLA270115C00008000,8.0,2.76,2.75,2.9,1.0,2490.0,0.5112353564453125,True,CALL,2027-01-15,STLA
STLA270115C00010000,10.0,1.56,1.6,1.7,18.0,8472.0,0.46289599609375004,False,CALL,2027-01-15,STLA
STLA270115P00008000,8.0,0.81,0.75,0.85,30.0,2893.0,0.4643608251953125,False,PUT,2027-01-15,STLA
STLA270115P00010000,10.0,1.71,1.6,1.7,106.0,3464.0,0.4184628466796875,True,PUT,2027-01-15,STLA
STLA270617C00008000,8.0,2.85,2.95,3.1,1.0,2249.0,0.5004932763671875,True,CALL,2027-06-17,STLA
STLA270617C00010000,10.0,1.95,1.9,2.0,5.0,3489.0,0.45313046875,False,CALL,2027-06-17,STLA
STLA270617C00012000,12.0,1.2,1.15,1.3,2.0,1712.0,0.43945873046875,False,CALL,2027-06-17,STLA
STLA270617P00008000,8.0,1.05,1.0,1.15,9.0,1434.0,0.4687553125,False,PUT,2027-06-17,STLA
STLA270617P00010000,10.0,2.0,1.9,2.0,1.0,2574.0,0.4155331884765625,True,PUT,2027-06-17,STLA
STLA270617P00012000,12.0,3.2,3.1,3.3,4.0,933.0,0.4023497265625,True,PUT,2027-06-17,STLA
STLA280121C00007000,7.0,3.85,3.8,4.0,2.0,365.0,0.5048877636718749,True,CALL,2028-01-21,STLA
STLA280121C00010000,10.0,2.35,2.3,2.4,283.0,1438.0,0.45361874511718747,False,CALL,2028-01-21,STLA
STLA280121C00012000,12.0,1.6,1.55,1.7,7.0,811.0,0.43970286865234376,False,CALL,2028-01-21,STLA
STLA280121P00007000,7.0,0.95,0.9,1.0,40.0,169.0,0.46143116699218756,False,PUT,2028-01-21,STLA
STLA280121P00010000,10.0,2.3,2.15,2.25,1.0,958.0,0.3940490283203125,True,PUT,2028-01-21,STLA
STLA280121P00012000,12.0,3.3,3.3,3.5,25.0,155.0,0.37305314453125,True,PUT,2028-01-21,STLA
STNE260220C00012000,12.0,4.1,4.3,5.9,10.0,46.0,1.470705771484375,True,CALL,2026-02-20,STNE
STNE260220C00013000,13.0,4.1,3.3,4.8,1.0,24.0,1.1709025830078126,True,CALL,2026-02-20,STNE
STNE260220C00014000,14.0,2.93,2.45,3.2,6.0,273.0,0.72851833984375,True,CALL,2026-02-20,STNE
STNE260220C00015000,15.0,1.7,1.6,2.0,21.0,701.0,0.5019581054687501,True,CALL,2026-02-20,STNE
STNE260220C00016000,16.0,0.95,1.05,1.25,13.0,1435.0,0.51758294921875,True,CALL,2026-02-20,STNE
STNE260220C00017000,17.0,0.57,0.6,0.65,124.0,905.0,0.508793974609375,False,CALL,2026-02-20,STNE
STNE260220C00018000,18.0,0.25,0.2,0.3,627.0,2349.0,0.4804739453125,False,CALL,2026-02-20,STNE
STNE260220C00019000,19.0,0.1,0.05,0.15,4.0,172.0,0.49609878906250005,False,CALL,2026-02-20,STNE
STNE260220C00020000,20.0,0.05,0.0,0.1,2.0,9.0,0.55273884765625,False,CALL,2026-02-20,STNE
STNE260220P00012000,12.0,0.1,0.05,0.1,10.0,198.0,0.8242205078124999,False,PUT,2026-02-20,STNE
STNE260220P00013000,13.0,0.15,0.05,0.35,2.0,498.0,0.84961087890625,False,PUT,2026-02-20,STNE
STNE260220P00014000,14.0,0.1,0.1,0.2,7.0,1000.0,0.59570716796875,False,PUT,2026-02-20,STNE
STNE260220P00015000,15.0,0.35,0.2,0.3,5.0,291.0,0.50586431640625,False,PUT,2026-02-20,STNE
STNE260220P00016000,16.0,0.47,0.4,0.55,15.0,540.0,0.4892629199218751,False,PUT,2026-02-20,STNE
STNE260220P00017000,17.0,0.98,0.85,1.0,25.0,109.0,0.45117736328125,True,PUT,2026-02-20,STNE
STNE260220P00018000,18.0,1.8,1.55,1.7,4.0,17.0,0.44727115234375,True,PUT,2026-02-20,STNE
STNE260320C00012000,12.0,4.3,4.2,6.0,10.0,16.0,0.9882813671875,True,CALL,2026-03-20,STNE
STNE260320C00014000,14.0,1.65,2.5,4.2,20.0,21.0,0.790041162109375,True,CALL,2026-03-20,STNE
STNE260320C00015000,15.0,2.25,2.2,2.45,21.0,44.0,0.6025430371093752,True,CALL,2026-03-20,STNE
STNE260320C00016000,16.0,1.61,1.55,1.95,6.0,218.0,0.6005899316406251,True,CALL,2026-03-20,STNE
STNE260320C00017000,17.0,1.06,1.1,1.4,17.0,272.0,0.5854533642578125,False,CALL,2026-03-20,STNE
STNE260320C00018000,18.0,0.73,0.65,0.8,11.0,10366.0,0.514653291015625,False,CALL,2026-03-20,STNE
STNE260320C00019000,19.0,0.46,0.4,0.6,28.0,27107.0,0.5273484765625001,False,CALL,2026-03-20,STNE
STNE260320C00020000,20.0,0.36,0.25,0.4,10.0,55.0,0.5293015820312501,False,CALL,2026-03-20,STNE
STNE260320P00012000,12.0,0.33,0.05,0.75,1.0,15.0,0.8808605664062499,False,PUT,2026-03-20,STNE
STNE260320P00013000,13.0,0.27,0.15,0.55,2.0,19.0,0.6875031250000001,False,PUT,2026-03-20,STNE
STNE260320P00014000,14.0,0.4,0.35,0.5,1.0,42.0,0.585941640625,False,PUT,2026-03-20,STNE
STNE260320P00015000,15.0,0.7,0.55,0.75,3.0,35.0,0.5459029785156251,False,PUT,2026-03-20,STNE
STNE260320P00016000,16.0,1.05,0.85,1.1,1.0,70.0,0.508793974609375,False,PUT,2026-03-20,STNE
STNE260320P00017000,17.0,1.5,1.2,1.6,51.0,14.0,0.5468795312500001,True,PUT,2026-03-20,STNE
STNE260320P00018000,18.0,2.04,1.8,2.2,5.0,12.0,0.5278367529296876,True,PUT,2026-03-20,STNE
STNE260417C00012000,12.0,5.4,4.6,5.6,6.0,224.0,0.7939473730468749,True,CALL,2026-04-17,STNE
STNE260417C00013000,13.0,2.15,3.7,5.2,1.0,40.0,0.8247087841796874,True,CALL,2026-04-17,STNE
STNE260417C00014000,14.0,3.1,3.0,3.4,4.0,94.0,0.5708050732421875,True,CALL,2026-04-17,STNE
STNE260417C00015000,15.0,2.43,2.45,2.7,2.0,591.0,0.577152666015625,True,CALL,2026-04-17,STNE
STNE260417C00016000,16.0,1.9,1.85,2.05,440.0,5581.0,0.5502974658203126,True,CALL,2026-04-17,STNE
STNE260417C00017000,17.0,1.39,1.3,1.5,14.0,2306.0,0.5190477783203125,False,CALL,2026-04-17,STNE
STNE260417C00018000,18.0,1.0,0.85,1.1,10.0,1139.0,0.5400436621093752,False,CALL,2026-04-17,STNE
STNE260417C00019000,19.0,0.85,0.65,0.9,5.0,952.0,0.526371923828125,False,CALL,2026-04-17,STNE
STNE260417C00020000,20.0,0.62,0.4,0.55,10.0,1644.0,0.5224657128906249,False,CALL,2026-04-17,STNE
STNE260417C00021000,21.0,0.2,0.25,0.45,7.0,744.0,0.5029346582031251,False,CALL,2026-04-17,STNE
STNE260417P00012000,12.0,0.3,0.2,0.35,1.0,566.0,0.6250037500000001,False,PUT,2026-04-17,STNE
STNE260417P00013000,13.0,0.35,0.35,0.45,2.0,120.0,0.5810588769531251,False,PUT,2026-04-17,STNE
STNE260417P00014000,14.0,0.57,0.5,0.7,5.0,169.0,0.5507857421875001,False,PUT,2026-04-17,STNE
STNE260417P00015000,15.0,0.9,0.7,0.95,2.0,643.0,0.5048877636718749,False,PUT,2026-04-17,STNE
STNE260417P00016000,16.0,1.1,1.05,1.35,3.0,1265.0,0.5351608984375,False,PUT,2026-04-17,STNE
STNE260417P00017000,17.0,1.65,1.55,1.85,1.0,324.0,0.5210008837890624,True,PUT,2026-04-17,STNE
STNE260417P00018000,18.0,2.2,2.15,2.45,1.0,678.0,0.508793974609375,True,PUT,2026-04-17,STNE
STNE260417P00019000,19.0,4.3,2.8,3.2,1.0,279.0,0.5195360546875,True,PUT,2026-04-17,STNE
STNE260417P00020000,20.0,5.21,2.8,4.1,1.0,404.0,0.5639692041015626,True,PUT,2026-04-17,STNE
STNE260417P00021000,21.0,3.6,0.0,0.0,7.0,185.0,1.0000000000000003e-05,True,PUT,2026-04-17,STNE
STNE260717C00012000,12.0,5.5,4.9,5.6,5.0,18.0,0.5971719970703125,True,CALL,2026-07-17,STNE
STNE260717C00013000,13.0,4.1,3.9,5.6,1.0,5.0,0.6533237792968751,True,CALL,2026-07-17,STNE
STNE260717C00014000,14.0,3.5,3.7,4.1,1.0,68.0,0.5844768115234374,True,CALL,2026-07-17,STNE
STNE260717C00015000,15.0,3.5,3.1,3.4,2.0,704.0,0.56055126953125,True,CALL,2026-07-17,STNE
STNE260717C00016000,16.0,2.7,2.55,2.85,6.0,97.0,0.5473678076171876,True,CALL,2026-07-17,STNE
STNE260717C00017000,17.0,2.13,2.05,2.35,3.0,6744.0,0.5317429638671876,False,CALL,2026-07-17,STNE
STNE260717C00018000,18.0,1.55,1.75,1.9,28.0,410.0,0.5305222729492188,False,CALL,2026-07-17,STNE
STNE260717C00019000,19.0,1.66,1.45,1.55,10.0,181.0,0.5278367529296876,False,CALL,2026-07-17,STNE
STNE260717C00020000,20.0,1.05,1.0,1.3,41.0,136.0,0.5073291455078125,False,CALL,2026-07-17,STNE
STNE260717C00021000,21.0,0.75,0.75,1.1,40.0,121.0,0.5048877636718749,False,CALL,2026-07-17,STNE
STNE260717P00012000,12.0,0.7,0.45,0.75,1.0,201.0,0.5625043750000001,False,PUT,2026-07-17,STNE
STNE260717P00013000,13.0,0.85,0.65,0.85,2.0,6627.0,0.516606396484375,False,PUT,2026-07-17,STNE
STNE260717P00014000,14.0,1.12,1.0,1.25,1.0,511.0,0.5249070947265625,False,PUT,2026-07-17,STNE
STNE260717P00015000,15.0,1.55,1.35,1.55,3.0,241.0,0.5004932763671875,False,PUT,2026-07-17,STNE
STNE260717P00016000,16.0,1.95,1.7,2.05,2.0,215.0,0.5258836474609375,False,PUT,2026-07-17,STNE
STNE260717P00017000,17.0,2.4,2.25,2.45,5.0,18.0,0.48828636718750007,True,PUT,2026-07-17,STNE
STNE260717P00018000,18.0,3.0,2.8,3.1,1.0,1.0,0.49268085449218757,True,PUT,2026-07-17,STNE
STNE270115C00012000,12.0,5.72,5.3,6.8,3.0,629.0,0.6001016552734376,True,CALL,2027-01-15,STNE
STNE270115C00015000,15.0,4.3,4.1,4.6,13.0,2532.0,0.577152666015625,True,CALL,2027-01-15,STNE
STNE270115C00017000,17.0,3.1,3.1,3.7,1.0,951.0,0.5571333349609376,False,CALL,2027-01-15,STNE
STNE270115C00020000,20.0,2.5,2.2,2.7,1.0,5766.0,0.5581098876953126,False,CALL,2027-01-15,STNE
STNE270115P00012000,12.0,1.25,1.05,1.45,2.0,116.0,0.5459029785156251,False,PUT,2027-01-15,STNE
STNE270115P00015000,15.0,2.2,2.2,2.6,6.0,5024.0,0.5097705273437501,False,PUT,2027-01-15,STNE
STNE270115P00017000,17.0,3.28,3.2,3.6,14.0,147.0,0.5188036401367188,True,PUT,2027-01-15,STNE
STNE270115P00020000,20.0,5.3,4.9,5.5,4.0,58.0,0.49707534179687507,True,PUT,2027-01-15,STNE
STNE280121C00013000,13.0,6.8,5.5,8.1,54.0,77.0,0.6003457934570313,True,CALL,2028-01-21,STNE
STNE280121C00015000,15.0,5.53,4.9,7.1,2.0,18.0,0.6032754516601564,True,CALL,2028-01-21,STNE
STNE280121C00017000,17.0,3.6,3.0,6.5,5.0,39.0,0.5401657312011721,False,CALL,2028-01-21,STNE
STNE280121C00020000,20.0,3.84,2.55,5.1,2.0,90.0,0.5376022802734376,False,CALL,2028-01-21,STNE
STNE280121P00013000,13.0,2.99,0.4,4.1,3.0,32.0,0.7204617797851562,False,PUT,2028-01-21,STNE
STNE280121P00015000,15.0,3.94,1.2,5.1,2.0,4.0,0.6862824340820313,False,PUT,2028-01-21,STNE
STNE280121P00017000,17.0,7.0,0.0,0.0,1.0,4.0,1.0000000000000003e-05,True,PUT,2028-01-21,STNE
STNE280121P00020000,20.0,5.11,4.0,9.0,1.0,2.0,0.729494892578125,True,PUT,2028-01-21,STNE
T260130C00018000,18.0,6.14,6.2,7.0,29.0,4.0,2.4531288671875,True,CALL,2026-01-30,T
T260130C00019000,19.0,5.2,5.35,6.0,8.0,41.0,2.1093797265624996,True,CALL,2026-01-30,T
T260130C00020000,20.0,5.0,4.25,5.15,12.0,206.0,2.4062539843749997,True,CALL,2026-01-30,T
T260130C00021000,21.0,4.0,3.35,4.15,12.0,65.0,2.000005,True,CALL,2026-01-30,T
T260130C00021500,21.5,3.31,2.85,3.5,3.0,300.0,1.2812535937499998,True,CALL,2026-01-30,T
T260130C00022000,22.0,2.92,2.55,2.93,75.0,353.0,1.0000000000000003e-05,True,CALL,2026-01-30,T
T260130C00022500,22.5,2.21,2.0,2.47,15.0,504.0,0.8125018749999999,True,CALL,2026-01-30,T
T260130C00023000,23.0,1.71,1.63,1.89,95.0,3198.0,1.0000000000000003e-05,True,CALL,2026-01-30,T
T260130C00023500,23.5,1.39,1.24,1.38,704.0,6350.0,1.0000000000000003e-05,True,CALL,2026-01-30,T
T260130C00024000,24.0,0.92,0.85,0.92,3098.0,12693.0,1.0000000000000003e-05,True,CALL,2026-01-30,T
T260130C00024500,24.5,0.44,0.4,0.47,4484.0,12147.0,0.2148516015625,True,CALL,2026-01-30,T
T260130C00025000,25.0,0.16,0.16,0.17,10860.0,11818.0,0.26563234375,False,CALL,2026-01-30,T
T260130C00025500,25.5,0.03,0.03,0.04,2140.0,2668.0,0.28125718749999995,False,CALL,2026-01-30,T
T260130C00026000,26.0,0.01,0.0,0.01,1187.0,3758.0,0.32031929687499994,False,CALL,2026-01-30,T
T260130C00026500,26.5,0.01,0.0,0.01,131.0,255.0,0.437505625,False,CALL,2026-01-30,T
T260130C00027000,27.0,0.01,0.0,0.01,59.0,4732.0,0.500005,False,CALL,2026-01-30,T
T260130C00027500,27.5,0.01,0.0,0.01,15.0,16.0,0.5937540625000001,False,CALL,2026-01-30,T
T260130C00028000,28.0,0.01,0.0,0.01,32.0,230.0,0.6875031250000001,False,CALL,2026-01-30,T
T260130C00029000,29.0,0.01,0.0,0.01,5.0,10.0,0.87500125,False,CALL,2026-01-30,T
T260130C00030000,30.0,0.01,0.0,0.01,20.0,100.0,1.000005,False,CALL,2026-01-30,T
T260130P00019000,19.0,0.01,0.0,0.01,36.0,60.0,1.5000025,False,PUT,2026-01-30,T
T260130P00020000,20.0,0.01,0.0,0.01,2.0,222.0,1.2500037499999999,False,PUT,2026-01-30,T
T260130P00021000,21.0,0.01,0.0,0.01,1.0,765.0,0.9687503125,False,PUT,2026-01-30,T
T260130P00021500,21.5,0.01,0.0,0.03,110.0,2493.0,1.000005,False,PUT,2026-01-30,T
T260130P00022000,22.0,0.01,0.0,0.01,55.0,3320.0,0.7500025,False,PUT,2026-01-30,T
T260130P00022500,22.5,0.01,0.0,0.01,99.0,3666.0,0.6250037500000001,False,PUT,2026-01-30,T
T260130P00023000,23.0,0.01,0.0,0.01,1061.0,44622.0,0.500005,False,PUT,2026-01-30,T
T260130P00023500,23.5,0.01,0.01,0.02,1282.0,4855.0,0.500005,False,PUT,2026-01-30,T
T260130P00024000,24.0,0.04,0.03,0.05,1627.0,10234.0,0.45313046875,False,PUT,2026-01-30,T
T260130P00024500,24.5,0.1,0.09,0.13,16890.0,225.0,0.414068359375,False,PUT,2026-01-30,T
T260130P00025000,25.0,0.42,0.29,0.37,1179.0,467.0,0.46484910156250003,True,PUT,2026-01-30,T
T260130P00025500,25.5,0.66,0.65,0.93,10.0,3.0,0.6171913281250001,True,PUT,2026-01-30,T
T260130P00026000,26.0,1.29,0.87,1.58,3.0,20.0,0.7187528125,True,PUT,2026-01-30,T
T260130P00027000,27.0,2.3,1.81,2.7,53.0,13.0,1.12891060546875,True,PUT,2026-01-30,T
T260130P00027500,27.5,4.02,2.15,3.55,20.0,10.0,1.484377578125,True,PUT,2026-01-30,T
T260130P00028000,28.0,3.83,2.65,3.75,6.0,0.0,1.3046909765624997,True,PUT,2026-01-30,T
T260130P00029000,29.0,4.85,3.45,5.15,20.0,0.0,1.8320320898437497,True,PUT,2026-01-30,T
T260130P00029500,29.5,4.58,4.2,5.5,20.0,0.0,2.0859422851562495,True,PUT,2026-01-30,T
T260130P00030000,30.0,5.18,4.25,6.4,1.0,0.0,2.16406708984375,True,PUT,2026-01-30,T
T260130P00031000,31.0,6.08,5.25,7.0,1.0,0.0,1.75000125,True,PUT,2026-01-30,T
T260130P00032000,32.0,7.06,6.35,8.15,20.0,0.0,2.43750390625,True,PUT,2026-01-30,T
T260206C00018000,18.0,5.97,6.45,7.25,5.0,3.0,1.7070327148437499,True,CALL,2026-02-06,T
T260206C00019000,19.0,4.97,5.4,6.3,1.0,4.0,1.5585959570312498,True,CALL,2026-02-06,T
T260206C00020000,20.0,4.6,4.45,5.0,1.0,264.0,0.8359391406249999,True,CALL,2026-02-06,T
T260206C00021000,21.0,3.85,3.65,4.1,25.0,8.0,0.8710950390625,True,CALL,2026-02-06,T
T260206C00021500,21.5,3.5,3.0,3.65,3.0,123.0,0.8476577734374999,True,CALL,2026-02-06,T
T260206C00022000,22.0,2.79,2.41,3.15,25.0,9.0,0.7539087109375,True,CALL,2026-02-06,T
T260206C00022500,22.5,1.61,2.06,2.64,72.0,196.0,0.648441015625,True,CALL,2026-02-06,T
T260206C00023000,23.0,1.69,1.66,1.94,43.0,207.0,1.0000000000000003e-05,True,CALL,2026-02-06,T
T260206C00023500,23.5,1.36,1.08,1.46,97.0,528.0,0.22266402343749997,True,CALL,2026-02-06,T
T260206C00024000,24.0,0.96,0.94,1.0,908.0,2505.0,0.21875781249999998,True,CALL,2026-02-06,T
T260206C00024500,24.5,0.52,0.51,0.6,1190.0,1503.0,0.213875048828125,True,CALL,2026-02-06,T
T260206C00025000,25.0,0.29,0.27,0.3,5342.0,5068.0,0.20899228515624996,False,CALL,2026-02-06,T
T260206C00025500,25.5,0.13,0.11,0.14,421.0,282.0,0.22071091796874998,False,CALL,2026-02-06,T
T260206C00026000,26.0,0.04,0.04,0.06,482.0,5774.0,0.23242955078125,False,CALL,2026-02-06,T
T260206C00026500,26.5,0.01,0.0,0.03,243.0,10.0,0.257819921875,False,CALL,2026-02-06,T
T260206C00027000,27.0,0.06,0.0,0.01,6.0,879.0,0.257819921875,False,CALL,2026-02-06,T
T260206C00028000,28.0,0.01,0.0,0.01,20.0,127.0,0.35156898437499995,False,CALL,2026-02-06,T
T260206C00029000,29.0,0.75,0.0,0.05,,4.0,0.507817421875,False,CALL,2026-02-06,T
T260206C00030000,30.0,0.03,0.0,0.05,,2.0,0.6015664843750002,False,CALL,2026-02-06,T
T260206C00031000,31.0,0.01,0.0,0.01,10.0,28.0,0.5625043750000001,False,CALL,2026-02-06,T
T260206P00019000,19.0,0.03,0.0,2.13,15.0,18.0,2.349613500976562,False,PUT,2026-02-06,T
T260206P00020000,20.0,0.03,0.0,0.06,6.0,30.0,0.7500025,False,PUT,2026-02-06,T
T260206P00021000,21.0,0.06,0.0,0.07,2.0,176.0,0.6250037500000001,False,PUT,2026-02-06,T
T260206P00021500,21.5,0.02,0.0,0.15,7.0,117.0,0.648441015625,False,PUT,2026-02-06,T
T260206P00022000,22.0,0.01,0.0,0.01,3.0,1308.0,0.39063109375,False,PUT,2026-02-06,T
T260206P00022500,22.5,0.01,0.01,0.03,146.0,815.0,0.398443515625,False,PUT,2026-02-06,T
T260206P00023000,23.0,0.03,0.02,0.03,32.0,1334.0,0.32813171874999997,False,PUT,2026-02-06,T
T260206P00023500,23.5,0.06,0.04,0.06,90.0,549.0,0.30664755859375,False,PUT,2026-02-06,T
T260206P00024000,24.0,0.1,0.1,0.11,222.0,1619.0,0.27735097656249996,False,PUT,2026-02-06,T
T260206P00024500,24.5,0.22,0.2,0.22,326.0,124.0,0.260749580078125,False,PUT,2026-02-06,T
T260206P00025000,25.0,0.48,0.4,0.48,1187.0,146.0,0.2890696093749999,True,PUT,2026-02-06,T
T260206P00026000,26.0,1.2,0.98,1.52,10.0,103.0,0.561527822265625,True,PUT,2026-02-06,T
T260206P00027000,27.0,2.32,1.46,3.6,1.0,0.0,0.76367423828125,True,PUT,2026-02-06,T
T260206P00028000,28.0,4.65,2.7,4.2,80.0,0.0,0.8652357226562499,True,PUT,2026-02-06,T
T260206P00029000,29.0,5.85,3.6,5.45,20.0,0.0,1.08203583984375,True,PUT,2026-02-06,T
T260206P00030000,30.0,5.84,4.25,6.45,20.0,0.0,1.0468797656250002,True,PUT,2026-02-06,T
T260213C00018000,18.0,5.5,6.5,7.15,2.0,7.0,1.1484417578125,True,CALL,2026-02-13,T
T260213C00019000,19.0,4.1,5.65,6.1,1.0,43.0,0.929688203125,True,CALL,2026-02-13,T
T260213C00020000,20.0,4.7,4.65,5.1,1.0,3.0,0.789064609375,True,CALL,2026-02-13,T
T260213C00021000,21.0,3.88,3.65,4.15,10.0,120.0,0.7070341796875,True,CALL,2026-02-13,T
T260213C00022000,22.0,2.84,2.61,2.99,5.0,207.0,0.3789124609375,True,CALL,2026-02-13,T
T260213C00023000,23.0,1.88,1.53,2.14,28.0,93.0,0.414068359375,True,CALL,2026-02-13,T
T260213C00024000,24.0,1.03,1.0,1.12,100.0,1158.0,0.25196060546875,True,CALL,2026-02-13,T
T260213C00025000,25.0,0.41,0.4,0.42,692.0,1069.0,0.213875048828125,False,CALL,2026-02-13,T
T260213C00026000,26.0,0.1,0.08,0.11,318.0,5529.0,0.2148516015625,False,CALL,2026-02-13,T
T260213C00027000,27.0,0.03,0.01,0.04,17.0,757.0,0.25196060546875,False,CALL,2026-02-13,T
T260213C00028000,28.0,0.01,0.0,0.25,1.0,29.0,0.5488326367187502,False,CALL,2026-02-13,T
T260213C00030000,30.0,0.01,0.0,2.13,1.0,3.0,1.2812535937499998,False,CALL,2026-02-13,T
T260213P00020000,20.0,0.05,0.0,0.08,6.0,26.0,0.5898478515625001,False,PUT,2026-02-13,T
T260213P00021000,21.0,0.02,0.0,0.13,104.0,463.0,0.5273484765625001,False,PUT,2026-02-13,T
T260213P00022000,22.0,0.03,0.0,0.07,3.0,431.0,0.41797457031249996,False,PUT,2026-02-13,T
T260213P00023000,23.0,0.08,0.04,0.1,148.0,771.0,0.3320379296875,False,PUT,2026-02-13,T
T260213P00024000,24.0,0.17,0.12,0.19,640.0,270.0,0.2617261328125,False,PUT,2026-02-13,T
T260213P00025000,25.0,0.52,0.5,0.65,251.0,62.0,0.2978585839843749,True,PUT,2026-02-13,T
T260213P00026000,26.0,2.05,1.15,1.75,8.0,28.0,0.5390671093750001,True,PUT,2026-02-13,T
T260213P00027000,27.0,3.49,1.2,3.8,3.0,6.0,0.5556685058593751,True,PUT,2026-02-13,T
T260213P00028000,28.0,4.1,2.5,4.0,,0.0,0.50586431640625,True,PUT,2026-02-13,T
T260213P00030000,30.0,6.57,4.65,6.05,,0.0,0.7851583984375,True,PUT,2026-02-13,T
T260213P00031000,31.0,7.48,5.3,7.2,80.0,0.0,0.7812521875,True,PUT,2026-02-13,T
T260220C00018000,18.0,5.73,6.55,7.3,4.0,13.0,1.115238798828125,True,CALL,2026-02-20,T
T260220C00019000,19.0,5.7,5.6,5.95,10.0,6.0,0.437505625,True,CALL,2026-02-20,T
T260220C00020000,20.0,4.94,4.7,5.0,11.0,40.0,0.5195360546875,True,CALL,2026-02-20,T
T260220C00021000,21.0,3.97,3.55,4.15,10.0,300.0,0.5898478515625001,True,CALL,2026-02-20,T
T260220C00021500,21.5,2.61,2.55,3.75,41.0,36.0,0.6054726953125001,True,CALL,2026-02-20,T
T260220C00022000,22.0,2.78,2.61,3.05,60.0,309.0,0.38672488281249995,True,CALL,2026-02-20,T
T260220C00022500,22.5,2.42,2.12,2.69,59.0,125.0,0.43945873046875,True,CALL,2026-02-20,T
T260220C00023000,23.0,1.93,1.86,2.05,108.0,1906.0,0.28125718749999995,True,CALL,2026-02-20,T
T260220C00023500,23.5,1.49,1.4,1.56,85.0,1466.0,0.23438265625,True,CALL,2026-02-20,T
T260220C00024000,24.0,0.96,1.0,1.17,1072.0,10030.0,0.23633576171874998,True,CALL,2026-02-20,T
T260220C00024500,24.5,0.76,0.74,0.76,307.0,1578.0,0.20459779785156246,True,CALL,2026-02-20,T
T260220C00025000,25.0,0.48,0.47,0.48,1493.0,14072.0,0.20264469238281246,False,CALL,2026-02-20,T
T260220C00025500,25.5,0.27,0.26,0.29,1179.0,1779.0,0.20606262695312497,False,CALL,2026-02-20,T
T260220C00026000,26.0,0.15,0.14,0.17,496.0,9886.0,0.21289849609375,False,CALL,2026-02-20,T
T260220C00026500,26.5,0.07,0.07,0.1,24.0,30.0,0.22071091796874998,False,CALL,2026-02-20,T
T260220C00027000,27.0,0.05,0.04,0.05,369.0,6941.0,0.22071091796874998,False,CALL,2026-02-20,T
T260220C00028000,28.0,0.02,0.0,0.03,2.0,2256.0,0.26563234375,False,CALL,2026-02-20,T
T260220C00028500,28.5,0.06,0.0,0.03,2.0,28.0,0.29688203124999996,False,CALL,2026-02-20,T
T260220C00029000,29.0,0.02,0.0,0.04,16.0,3185.0,0.34766277343749996,False,CALL,2026-02-20,T
T260220C00030000,30.0,0.01,0.01,0.02,5.0,2366.0,0.3632876171875,False,CALL,2026-02-20,T
T260220C00031000,31.0,0.02,0.0,0.03,20.0,724.0,0.445318046875,False,CALL,2026-02-20,T
T260220C00032000,32.0,0.01,0.0,0.05,1.0,55.0,0.5390671093750001,False,CALL,2026-02-20,T
T260220P00018000,18.0,0.01,0.0,0.04,2.0,305.0,0.6093789062500001,False,PUT,2026-02-20,T
T260220P00019000,19.0,0.01,0.0,0.05,56.0,56.0,0.5390671093750001,False,PUT,2026-02-20,T
T260220P00020000,20.0,0.03,0.01,0.03,1.0,222.0,0.4687553125,False,PUT,2026-02-20,T
T260220P00021000,21.0,0.04,0.01,0.05,17.0,2173.0,0.41797457031249996,False,PUT,2026-02-20,T
T260220P00021500,21.5,0.02,0.0,0.15,3.0,1296.0,0.48438015625,False,PUT,2026-02-20,T
T260220P00022000,22.0,0.03,0.03,0.04,41.0,9004.0,0.3086006640625,False,PUT,2026-02-20,T
T260220P00022500,22.5,0.05,0.04,0.1,41.0,300.0,0.33008482421874996,False,PUT,2026-02-20,T
T260220P00023000,23.0,0.08,0.06,0.13,246.0,13681.0,0.3007882421875,False,PUT,2026-02-20,T
T260220P00023500,23.5,0.15,0.11,0.13,52.0,2110.0,0.24414818359375,False,PUT,2026-02-20,T
T260220P00024000,24.0,0.22,0.2,0.22,1655.0,8535.0,0.233406103515625,False,PUT,2026-02-20,T
T260220P00024500,24.5,0.35,0.35,0.37,80.0,49.0,0.22852333984375,False,PUT,2026-02-20,T
T260220P00025000,25.0,0.59,0.56,0.58,144.0,4362.0,0.22071091796874998,True,PUT,2026-02-20,T
T260220P00025500,25.5,0.94,0.83,1.08,104.0,2.0,0.305671005859375,True,PUT,2026-02-20,T
T260220P00026000,26.0,1.4,1.4,1.4,14.0,2310.0,0.2978585839843749,True,PUT,2026-02-20,T
T260220P00027000,27.0,2.19,2.0,2.46,32.0,59.0,0.44336494140625,True,PUT,2026-02-20,T
T260220P00028000,28.0,3.93,2.71,3.7,1.0,3.0,0.6689486230468751,True,PUT,2026-02-20,T
T260220P00029000,29.0,5.33,3.45,4.55,80.0,0.0,0.6914093359375001,True,PUT,2026-02-20,T
T260220P00030000,30.0,6.39,4.3,6.4,2.0,6.0,0.6552768847656252,True,PUT,2026-02-20,T
T260220P00032000,32.0,7.82,6.3,8.35,40.0,0.0,0.7832052929687501,True,PUT,2026-02-20,T
T260227C00018000,18.0,5.53,5.8,8.7,4.0,4.0,0.9335944140625,True,CALL,2026-02-27,T
T260227C00019000,19.0,4.4,5.1,7.75,6.0,22.0,0.9423833886718749,True,CALL,2026-02-27,T
T260227C00019500,19.5,4.08,4.55,5.95,3.0,1.0,0.8945323046874999,True,CALL,2026-02-27,T
T260227C00020000,20.0,5.1,4.7,5.1,3.0,5.0,0.57617611328125,True,CALL,2026-02-27,T
T260227C00021000,21.0,3.93,3.6,4.25,7.0,80.0,0.585941640625,True,CALL,2026-02-27,T
T260227C00022000,22.0,2.95,2.62,3.2,4.0,31.0,0.44434149414062496,True,CALL,2026-02-27,T
T260227C00022500,22.5,1.83,1.85,2.82,13.0,34.0,0.454107021484375,True,CALL,2026-02-27,T
T260227C00023000,23.0,2.1,1.59,2.2,3.0,239.0,0.334967587890625,True,CALL,2026-02-27,T
T260227C00023500,23.5,1.26,1.34,1.75,3.0,137.0,0.301764794921875,True,CALL,2026-02-27,T
T260227C00024000,24.0,1.19,1.08,1.33,85.0,260.0,0.2739330419921875,True,CALL,2026-02-27,T
T260227C00024500,24.5,0.8,0.75,0.87,97.0,362.0,0.21973436523437498,True,CALL,2026-02-27,T
T260227C00025000,25.0,0.52,0.51,0.58,159.0,5280.0,0.21289849609375,False,CALL,2026-02-27,T
T260227C00025500,25.5,0.33,0.32,0.35,98.0,4261.0,0.20313296874999998,False,CALL,2026-02-27,T
T260227C00026000,26.0,0.19,0.17,0.21,111.0,294.0,0.20410952148437497,False,CALL,2026-02-27,T
T260227C00026500,26.5,0.07,0.08,0.15,1.0,32.0,0.22168747070312497,False,CALL,2026-02-27,T
T260227C00027000,27.0,0.05,0.03,0.08,1.0,107.0,0.21875781249999998,False,CALL,2026-02-27,T
T260227C00027500,27.5,0.05,0.0,0.75,26.0,9.0,0.5800823242187501,False,CALL,2026-02-27,T
T260227C00028000,28.0,0.02,0.0,0.51,27.0,0.0,0.5273484765625001,False,CALL,2026-02-27,T
T260227P00020000,20.0,0.08,0.0,2.13,14.0,36.0,1.1337933935546878,False,PUT,2026-02-27,T
T260227P00020500,20.5,0.11,0.0,2.14,10.0,147.0,1.0605515722656251,False,PUT,2026-02-27,T
T260227P00021000,21.0,0.07,0.0,1.0,2.0,124.0,0.702151416015625,False,PUT,2026-02-27,T
T260227P00021500,21.5,0.01,0.0,0.24,2.0,50.0,0.48828636718750007,False,PUT,2026-02-27,T
T260227P00022000,22.0,0.07,0.04,0.07,41.0,141.0,0.30664755859375,False,PUT,2026-02-27,T
T260227P00022500,22.5,0.07,0.06,0.08,11.0,294.0,0.27149166015625,False,PUT,2026-02-27,T
T260227P00023000,23.0,0.1,0.09,0.11,246.0,557.0,0.2500075,False,PUT,2026-02-27,T
T260227P00023500,23.5,0.16,0.15,0.17,6.0,117.0,0.23633576171874998,False,PUT,2026-02-27,T
T260227P00024000,24.0,0.27,0.24,0.27,57.0,277.0,0.22657023437499998,False,PUT,2026-02-27,T
T260227P00024500,24.5,0.45,0.39,0.43,14.0,338.0,0.22168747070312497,False,PUT,2026-02-27,T
T260227P00025000,25.0,0.69,0.6,0.7,9.0,37.0,0.23535920898437498,True,PUT,2026-02-27,T
T260227P00025500,25.5,2.13,0.87,1.02,100.0,100.0,0.2456130126953125,True,PUT,2026-02-27,T
T260227P00026000,26.0,1.23,1.16,1.66,23.0,132.0,0.36035795898437495,True,PUT,2026-02-27,T
T260227P00026500,26.5,1.97,1.4,2.15,2.0,1.0,0.414068359375,True,PUT,2026-02-27,T
T260227P00029000,29.0,5.0,3.05,6.15,,0.0,0.6289099609375001,True,PUT,2026-02-27,T
T260227P00032000,32.0,8.0,6.15,9.25,,0.0,0.9003916210937499,True,PUT,2026-02-27,T
T260306C00018500,18.5,5.03,5.4,6.9,2.0,2.0,0.8906260937499999,True,CALL,2026-03-06,T
T260306C00023000,23.0,1.21,1.7,2.29,1.0,5.0,0.34180345703125,True,CALL,2026-03-06,T
T260306C00023500,23.5,1.65,1.39,1.85,1.0,28.0,0.31201859863281245,True,CALL,2026-03-06,T
T260306C00024000,24.0,0.74,1.15,1.48,107.0,124.0,0.299811689453125,True,CALL,2026-03-06,T
T260306C00024500,24.5,0.83,0.82,0.94,120.0,230.0,0.2211991943359375,True,CALL,2026-03-06,T
T260306C00025000,25.0,0.57,0.52,0.66,80.0,117.0,0.21680470703125,False,CALL,2026-03-06,T
T260306C00025500,25.5,0.39,0.36,0.48,102.0,40.0,0.2260819580078125,False,CALL,2026-03-06,T
T260306C00026000,26.0,0.26,0.24,0.31,57.0,31.0,0.22168747070312497,False,CALL,2026-03-06,T
T260306C00026500,26.5,0.15,0.13,0.18,16.0,2.0,0.213875048828125,False,CALL,2026-03-06,T
T260306C00027500,27.5,0.05,0.03,1.01,2.0,2.0,0.6132851171875001,False,CALL,2026-03-06,T
T260306C00028000,28.0,0.47,0.0,1.08,,1.0,0.6835969140625001,False,CALL,2026-03-06,T
T260306P00018500,18.5,0.04,0.0,2.13,5.0,10.0,1.2294960400390624,False,PUT,2026-03-06,T
T260306P00020000,20.0,0.19,0.0,2.14,6.0,18.0,1.0229541040039063,False,PUT,2026-03-06,T
T260306P00020500,20.5,0.13,0.0,0.85,20.0,26.0,0.648441015625,False,PUT,2026-03-06,T
T260306P00021000,21.0,0.19,0.0,1.05,51.0,53.0,0.6445348046875,False,PUT,2026-03-06,T
T260306P00021500,21.5,0.08,0.0,2.06,8.0,20.0,0.8051777294921875,False,PUT,2026-03-06,T
T260306P00022000,22.0,0.07,0.05,0.16,3.0,40.0,0.3437565625,False,PUT,2026-03-06,T
T260306P00022500,22.5,0.21,0.07,0.2,2.0,15.0,0.32227240234374993,False,PUT,2026-03-06,T
T260306P00023000,23.0,0.16,0.1,0.16,3.0,161.0,0.25391371093750004,False,PUT,2026-03-06,T
T260306P00023500,23.5,0.24,0.19,0.27,34.0,32.0,0.2573316455078125,False,PUT,2026-03-06,T
T260306P00025000,25.0,0.57,0.66,0.8,33.0,2.0,0.2436599072265625,True,PUT,2026-03-06,T
T260320C00018000,18.0,5.73,5.6,8.15,1.0,110.0,1.1689494677734376,True,CALL,2026-03-20,T
T260320C00019000,19.0,8.13,6.45,7.3,6.0,7.0,0.930664755859375,True,CALL,2026-03-20,T
T260320C00020000,20.0,5.2,4.65,5.3,32.0,213.0,0.5634809277343751,True,CALL,2026-03-20,T
T260320C00021000,21.0,3.75,3.7,4.25,26.0,102.0,0.44922425781249997,True,CALL,2026-03-20,T
T260320C00022000,22.0,2.97,2.74,3.25,47.0,4240.0,0.3632876171875,True,CALL,2026-03-20,T
T260320C00023000,23.0,1.95,2.1,2.2,109.0,827.0,0.256843369140625,True,CALL,2026-03-20,T
T260320C00024000,24.0,1.35,1.36,1.48,216.0,3597.0,0.2553785400390626,True,CALL,2026-03-20,T
T260320C00025000,25.0,0.78,0.74,0.78,2607.0,11192.0,0.21680470703125,False,CALL,2026-03-20,T
T260320C00026000,26.0,0.36,0.34,0.38,5697.0,10243.0,0.2104571142578125,False,CALL,2026-03-20,T
T260320C00027000,27.0,0.17,0.15,0.17,1449.0,16630.0,0.21094539062499998,False,CALL,2026-03-20,T
T260320C00028000,28.0,0.09,0.05,0.1,754.0,9202.0,0.233406103515625,False,CALL,2026-03-20,T
T260320C00029000,29.0,0.05,0.03,0.05,20.0,9562.0,0.24414818359375,False,CALL,2026-03-20,T
T260320C00030000,30.0,0.03,0.02,0.06,1959.0,10881.0,0.29688203124999996,False,CALL,2026-03-20,T
T260320C00031000,31.0,0.03,0.0,0.04,21.0,6852.0,0.31250687499999996,False,CALL,2026-03-20,T
T260320C00032000,32.0,0.02,0.0,0.1,8.0,4448.0,0.414068359375,False,CALL,2026-03-20,T
T260320P00018000,18.0,0.05,0.0,0.1,1.0,1538.0,0.5449264257812501,False,PUT,2026-03-20,T
T260320P00019000,19.0,0.02,0.0,0.05,4.0,137.0,0.4101621484375,False,PUT,2026-03-20,T
T260320P00020000,20.0,0.04,0.02,0.07,5.0,3720.0,0.367193828125,False,PUT,2026-03-20,T
T260320P00021000,21.0,0.05,0.05,0.07,28.0,5038.0,0.3007882421875,False,PUT,2026-03-20,T
T260320P00022000,22.0,0.1,0.09,0.1,67.0,10305.0,0.256843369140625,False,PUT,2026-03-20,T
T260320P00023000,23.0,0.2,0.18,0.21,14879.0,20487.0,0.23828886718749998,False,PUT,2026-03-20,T
T260320P00024000,24.0,0.39,0.38,0.4,353.0,10455.0,0.2148516015625,False,PUT,2026-03-20,T
T260320P00025000,25.0,0.78,0.77,0.8,164.0,11940.0,0.20752745605468748,True,PUT,2026-03-20,T
T260320P00026000,26.0,1.45,1.34,1.41,480.0,1913.0,0.20313296874999998,True,PUT,2026-03-20,T
T260320P00027000,27.0,2.13,2.15,2.56,12.0,12128.0,0.3305731005859375,True,PUT,2026-03-20,T
T260320P00028000,28.0,3.15,3.1,3.2,46.0,1916.0,0.25879647460937505,True,PUT,2026-03-20,T
T260320P00029000,29.0,4.3,4.05,4.6,11.0,864.0,0.4819387744140625,True,PUT,2026-03-20,T
T260320P00030000,30.0,6.51,4.8,6.45,1430.0,379.0,0.551762294921875,True,PUT,2026-03-20,T
T260320P00031000,31.0,6.46,5.7,7.85,1.0,0.0,0.6635775830078127,True,PUT,2026-03-20,T
T260320P00032000,32.0,8.47,6.4,8.7,3.0,32.0,0.63086306640625,True,PUT,2026-03-20,T
T260417C00019000,19.0,6.01,5.05,6.4,1.0,5.0,0.570316796875,True,CALL,2026-04-17,T
T260417C00020000,20.0,5.25,4.7,5.35,47.0,191.0,0.4726615234375,True,CALL,2026-04-17,T
T260417C00021000,21.0,3.77,3.4,4.4,2.0,149.0,0.41699801757812494,True,CALL,2026-04-17,T
T260417C00022000,22.0,2.94,2.94,3.35,47.0,124.0,0.32569033691406246,True,CALL,2026-04-17,T
T260417C00023000,23.0,2.2,1.95,2.2,144.0,865.0,0.20606262695312497,True,CALL,2026-04-17,T
T260417C00024000,24.0,1.56,1.53,1.66,349.0,4577.0,0.2475661181640625,True,CALL,2026-04-17,T
T260417C00025000,25.0,0.93,0.94,0.98,749.0,5543.0,0.2172929833984375,False,CALL,2026-04-17,T
T260417C00026000,26.0,0.54,0.51,0.55,952.0,8970.0,0.20948056152343747,False,CALL,2026-04-17,T
T260417C00027000,27.0,0.27,0.27,0.3,31.0,12437.0,0.20996883789062498,False,CALL,2026-04-17,T
T260417C00028000,28.0,0.14,0.14,0.17,558.0,8955.0,0.21778125976562498,False,CALL,2026-04-17,T
T260417C00029000,29.0,0.08,0.01,0.11,135.0,1306.0,0.233406103515625,False,CALL,2026-04-17,T
T260417C00030000,30.0,0.05,0.03,0.08,182.0,1840.0,0.25196060546875,False,CALL,2026-04-17,T
T260417C00031000,31.0,0.02,0.01,0.04,13.0,2171.0,0.25196060546875,False,CALL,2026-04-17,T
T260417C00032000,32.0,0.03,0.01,0.05,2.0,479.0,0.2910227148437499,False,CALL,2026-04-17,T
T260417P00018000,18.0,0.09,0.0,0.12,2.0,156.0,0.45508357421875,False,PUT,2026-04-17,T
T260417P00019000,19.0,0.05,0.0,0.13,8.0,240.0,0.40039662109375,False,PUT,2026-04-17,T
T260417P00020000,20.0,0.07,0.05,0.09,52.0,5322.0,0.31250687499999996,False,PUT,2026-04-17,T
T260417P00021000,21.0,0.14,0.1,0.14,55.0,5415.0,0.28613995117187496,False,PUT,2026-04-17,T
T260417P00022000,22.0,0.21,0.2,0.22,10.0,10163.0,0.260749580078125,False,PUT,2026-04-17,T
T260417P00023000,23.0,0.4,0.39,0.43,30.0,10851.0,0.25879647460937505,False,PUT,2026-04-17,T
T260417P00024000,24.0,0.68,0.67,0.69,1295.0,7175.0,0.242195078125,False,PUT,2026-04-17,T
T260417P00025000,25.0,1.08,1.09,1.1,865.0,2662.0,0.231452998046875,True,PUT,2026-04-17,T
T260417P00026000,26.0,2.25,1.6,1.82,44.0,837.0,0.25830819824218754,True,PUT,2026-04-17,T
T260417P00027000,27.0,2.99,2.26,2.91,269.0,1360.0,0.3505924316406249,True,PUT,2026-04-17,T
T260417P00028000,28.0,3.35,3.05,3.65,1.0,800.0,0.34766277343749996,True,PUT,2026-04-17,T
T260417P00029000,29.0,5.17,3.95,4.75,10.0,179.0,0.428716650390625,True,PUT,2026-04-17,T
T260417P00030000,30.0,5.46,5.0,5.65,2.0,167.0,0.4506890869140625,True,PUT,2026-04-17,T
T260417P00031000,31.0,7.3,5.9,6.75,1.0,73.0,0.5258836474609375,True,PUT,2026-04-17,T
T260417P00032000,32.0,3.75,6.25,6.95,,5.0,1.0000000000000003e-05,True,PUT,2026-04-17,T
T260618C00018000,18.0,5.7,6.55,7.2,10.0,188.0,0.4101621484375,True,CALL,2026-06-18,T
T260618C00019000,19.0,4.8,5.6,6.4,1.0,77.0,0.42676354492187507,True,CALL,2026-06-18,T
T260618C00020000,20.0,5.2,4.8,5.3,30.0,239.0,0.33838552246093745,True,CALL,2026-06-18,T
T260618C00021000,21.0,3.63,3.8,4.5,1.0,124.0,0.33740896972656254,True,CALL,2026-06-18,T
T260618C00022000,22.0,3.35,3.25,3.45,51.0,301.0,0.26758544921875,True,CALL,2026-06-18,T
T260618C00023000,23.0,2.59,2.39,2.84,23.0,1742.0,0.28516339843749994,True,CALL,2026-06-18,T
T260618C00024000,24.0,1.89,1.75,2.15,80.0,1321.0,0.2695385546875,True,CALL,2026-06-18,T
T260618C00025000,25.0,1.31,1.31,1.5,808.0,7356.0,0.24683370361328127,False,CALL,2026-06-18,T
T260618C00026000,26.0,0.87,0.93,0.95,113.0,6133.0,0.22412885253906245,False,CALL,2026-06-18,T
T260618C00027000,27.0,0.63,0.62,0.63,141.0,11064.0,0.22217574707031246,False,CALL,2026-06-18,T
T260618C00028000,28.0,0.41,0.38,0.42,226.0,2399.0,0.22412885253906245,False,CALL,2026-06-18,T
T260618C00029000,29.0,0.26,0.23,0.3,127.0,1810.0,0.2329178271484375,False,CALL,2026-06-18,T
T260618C00030000,30.0,0.19,0.15,0.18,922.0,7116.0,0.229499892578125,False,CALL,2026-06-18,T
T260618C00031000,31.0,0.14,0.07,0.25,8.0,229.0,0.28174546386718746,False,CALL,2026-06-18,T
T260618C00032000,32.0,0.1,0.07,0.1,156.0,42883.0,0.249030947265625,False,CALL,2026-06-18,T
T260618P00018000,18.0,0.17,0.06,0.16,29.0,2615.0,0.36426416992187505,False,PUT,2026-06-18,T
T260618P00019000,19.0,0.2,0.11,0.21,9.0,2718.0,0.33838552246093745,False,PUT,2026-06-18,T
T260618P00020000,20.0,0.22,0.19,0.32,21.0,4219.0,0.3276434423828125,False,PUT,2026-06-18,T
T260618P00021000,21.0,0.32,0.29,0.33,31.0,4513.0,0.2778392529296875,False,PUT,2026-06-18,T
T260618P00022000,22.0,0.47,0.45,0.52,13.0,5690.0,0.2710033837890625,False,PUT,2026-06-18,T
T260618P00023000,23.0,0.69,0.68,0.7,131.0,12052.0,0.24805439453125,False,PUT,2026-06-18,T
T260618P00024000,24.0,1.04,0.98,1.04,77.0,2593.0,0.2417068017578125,False,PUT,2026-06-18,T
T260618P00025000,25.0,1.46,1.37,1.49,52.0,16128.0,0.23633576171874998,True,PUT,2026-06-18,T
T260618P00026000,26.0,2.99,1.79,2.21,8.0,623.0,0.25830819824218754,True,PUT,2026-06-18,T
T260618P00027000,27.0,3.01,2.48,2.82,20.0,6592.0,0.24658956542968752,True,PUT,2026-06-18,T
T260618P00028000,28.0,4.6,3.3,3.95,2.0,51.0,0.31690136230468746,True,PUT,2026-06-18,T
T260618P00029000,29.0,5.89,4.1,4.7,4.0,41.0,0.3110420458984374,True,PUT,2026-06-18,T
T260618P00030000,30.0,5.5,5.0,5.75,60.0,4612.0,0.3588931298828125,True,PUT,2026-06-18,T
T260618P00032000,32.0,8.4,6.9,7.7,11.0,119.0,0.4155331884765625,True,PUT,2026-06-18,T
T260717C00018000,18.0,8.0,0.0,0.0,1.0,1.0,1.0000000000000003e-05,True,CALL,2026-07-17,T
T260717C00019000,19.0,5.12,5.6,6.45,1.0,6.0,0.4028380029296875,True,CALL,2026-07-17,T
T260717C00020000,20.0,4.25,4.7,5.45,1.0,29.0,0.348639326171875,True,CALL,2026-07-17,T
T260717C00021000,21.0,3.25,4.0,4.6,27.0,44.0,0.32959654785156245,True,CALL,2026-07-17,T
T260717C00022000,22.0,3.3,3.35,3.7,3.0,78.0,0.2934640966796874,True,CALL,2026-07-17,T
T260717C00023000,23.0,2.8,2.61,2.93,10.0,378.0,0.2749095947265625,True,CALL,2026-07-17,T
T260717C00024000,24.0,1.93,1.99,2.09,25.0,842.0,0.23633576171874998,True,CALL,2026-07-17,T
T260717C00025000,25.0,1.49,1.48,1.53,158.0,2070.0,0.22925575439453127,False,CALL,2026-07-17,T
T260717C00026000,26.0,1.05,1.04,1.1,95.0,3323.0,0.2268143725585937,False,CALL,2026-07-17,T
T260717C00027000,27.0,0.73,0.69,0.76,159.0,1178.0,0.22364057617187497,False,CALL,2026-07-17,T
T260717C00028000,28.0,0.52,0.42,0.53,59.0,597.0,0.22510540527343748,False,CALL,2026-07-17,T
T260717C00029000,29.0,0.32,0.3,0.4,111.0,212.0,0.23438265625,False,CALL,2026-07-17,T
T260717C00030000,30.0,0.28,0.18,0.3,18.0,160.0,0.242195078125,False,CALL,2026-07-17,T
T260717C00031000,31.0,0.11,0.1,0.21,1.0,37.0,0.24463645996093752,False,CALL,2026-07-17,T
T260717C00032000,32.0,0.12,0.06,0.17,8.0,118.0,0.25586681640625003,False,CALL,2026-07-17,T
T260717P00018000,18.0,0.15,0.15,0.2,2.0,366.0,0.3505924316406249,False,PUT,2026-07-17,T
T260717P00019000,19.0,0.21,0.1,0.42,21.0,315.0,0.37842418457031246,False,PUT,2026-07-17,T
T260717P00020000,20.0,0.28,0.24,0.34,1.0,729.0,0.3042061767578125,False,PUT,2026-07-17,T
T260717P00021000,21.0,0.39,0.42,0.47,46.0,1163.0,0.2880930566406249,False,PUT,2026-07-17,T
T260717P00022000,22.0,0.61,0.51,0.63,107.0,670.0,0.2690502783203125,False,PUT,2026-07-17,T
T260717P00023000,23.0,0.86,0.83,0.89,13.0,1952.0,0.2590406127929688,False,PUT,2026-07-17,T
T260717P00024000,24.0,1.22,1.19,1.21,149.0,1387.0,0.24658956542968752,False,PUT,2026-07-17,T
T260717P00025000,25.0,1.52,1.61,1.66,59.0,263.0,0.24048611083984373,True,PUT,2026-07-17,T
T260717P00026000,26.0,2.29,2.05,2.23,1.0,53.0,0.23828886718749998,True,PUT,2026-07-17,T
T260717P00027000,27.0,3.8,2.59,3.05,4.0,938.0,0.2612378564453125,True,PUT,2026-07-17,T
T260717P00028000,28.0,4.4,3.5,4.05,4.0,64.0,0.3051827294921875,True,PUT,2026-07-17,T
T260717P00029000,29.0,5.17,4.25,4.9,1.0,8.0,0.31909860595703116,True,PUT,2026-07-17,T
T260918C00018000,18.0,6.18,6.65,7.4,5.0,151.0,0.37842418457031246,True,CALL,2026-09-18,T
T260918C00019000,19.0,4.77,5.55,6.5,10.0,181.0,0.35547519531249994,True,CALL,2026-09-18,T
T260918C00020000,20.0,5.25,4.95,5.5,5.0,317.0,0.3086006640625,True,CALL,2026-09-18,T
T260918C00021000,21.0,3.35,4.0,4.85,5.0,75.0,0.32569033691406246,True,CALL,2026-09-18,T
T260918C00022000,22.0,3.75,3.55,3.85,3.0,227.0,0.27466545654296876,True,CALL,2026-09-18,T
T260918C00023000,23.0,3.01,2.85,3.1,12.0,1870.0,0.25928475097656256,True,CALL,2026-09-18,T
T260918C00024000,24.0,2.4,2.08,2.57,3.0,207.0,0.26489992919921873,True,CALL,2026-09-18,T
T260918C00025000,25.0,1.89,1.73,1.96,22.0,4581.0,0.2500075,False,CALL,2026-09-18,T
T260918C00026000,26.0,1.33,1.25,1.5,75.0,1102.0,0.24463645996093752,False,CALL,2026-09-18,T
T260918C00027000,27.0,1.01,0.99,1.04,51.0,2828.0,0.22901161621093752,False,CALL,2026-09-18,T
T260918C00028000,28.0,0.69,0.69,0.76,38.0,7250.0,0.22705851074218747,False,CALL,2026-09-18,T
T260918C00029000,29.0,0.52,0.33,0.54,56.0,121.0,0.22461712890624996,False,CALL,2026-09-18,T
T260918C00030000,30.0,0.43,0.26,0.45,3.0,2626.0,0.23657989990234374,False,CALL,2026-09-18,T
T260918C00031000,31.0,0.32,0.26,0.3,23.0,64.0,0.2309647216796875,False,CALL,2026-09-18,T
T260918C00032000,32.0,0.2,0.15,0.26,10.0,1638.0,0.2436599072265625,False,CALL,2026-09-18,T
T260918P00018000,18.0,0.36,0.22,0.29,7.0,1224.0,0.3305731005859375,False,PUT,2026-09-18,T
T260918P00019000,19.0,0.32,0.27,0.37,2.0,45.0,0.31055376953124997,False,PUT,2026-09-18,T
T260918P00020000,20.0,0.43,0.4,0.46,10.0,2724.0,0.2880930566406249,False,PUT,2026-09-18,T
T260918P00021000,21.0,0.58,0.55,0.72,2039.0,205.0,0.2934640966796874,False,PUT,2026-09-18,T
T260918P00022000,22.0,0.78,0.77,0.98,12.0,122.0,0.2866282275390625,False,PUT,2026-09-18,T
T260918P00023000,23.0,1.08,1.04,1.08,47.0,10457.0,0.24878680908203127,False,PUT,2026-09-18,T
T260918P00024000,24.0,1.43,1.4,1.48,9.0,217.0,0.2461012890625,False,PUT,2026-09-18,T
T260918P00025000,25.0,1.9,1.81,2.07,24.0,6165.0,0.25708750732421876,True,PUT,2026-09-18,T
T260918P00026000,26.0,2.55,2.41,2.54,3.0,24.0,0.24292749267578123,True,PUT,2026-09-18,T
T260918P00027000,27.0,3.18,3.05,3.35,1.0,2876.0,0.26270268554687504,True,PUT,2026-09-18,T
T260918P00028000,28.0,4.75,3.65,4.05,4.0,27.0,0.260749580078125,True,PUT,2026-09-18,T
T260918P00029000,29.0,6.0,4.35,5.05,1.0,47.0,0.2946847875976562,True,PUT,2026-09-18,T
T260918P00030000,30.0,5.65,5.3,5.8,3.0,1191.0,0.28711650390624993,True,PUT,2026-09-18,T
T260918P00031000,31.0,7.52,6.05,6.85,,7.0,0.32300481689453114,True,PUT,2026-09-18,T
T260918P00032000,32.0,8.1,7.0,8.0,2.0,759.0,0.37354142089843745,True,PUT,2026-09-18,T
T261218C00018000,18.0,6.5,6.7,7.5,1.0,88.0,0.34278000976562495,True,CALL,2026-12-18,T
T261218C00020000,20.0,4.85,5.1,5.8,13.0,571.0,0.31201859863281245,True,CALL,2026-12-18,T
T261218C00023000,23.0,3.27,2.97,3.35,5.0,720.0,0.24976336181640624,True,CALL,2026-12-18,T
T261218C00025000,25.0,2.12,1.82,2.14,48.0,2949.0,0.23120885986328127,False,CALL,2026-12-18,T
T261218C00027000,27.0,1.29,1.14,1.37,196.0,1742.0,0.2309647216796875,False,CALL,2026-12-18,T
T261218C00030000,30.0,0.56,0.56,0.6,130.0,2315.0,0.22315229980468748,False,CALL,2026-12-18,T
T261218C00032000,32.0,0.34,0.31,0.36,127.0,356.0,0.22657023437499998,False,CALL,2026-12-18,T
T261218P00018000,18.0,0.33,0.32,0.39,104.0,624.0,0.305671005859375,False,PUT,2026-12-18,T
T261218P00020000,20.0,0.69,0.56,0.64,12.0,4695.0,0.27686270019531245,False,PUT,2026-12-18,T
T261218P00023000,23.0,1.37,1.24,1.5,10.0,1913.0,0.2612378564453125,False,PUT,2026-12-18,T
T261218P00025000,25.0,2.32,2.12,2.44,47.0,838.0,0.257819921875,True,PUT,2026-12-18,T
T261218P00027000,27.0,3.42,3.3,3.65,10.0,1041.0,0.25586681640625003,True,PUT,2026-12-18,T
T261218P00030000,30.0,6.57,4.5,6.0,2.0,7.0,0.2700268310546875,True,PUT,2026-12-18,T
T270115C00018000,18.0,7.15,6.95,7.45,4.0,997.0,0.31836619140624994,True,CALL,2027-01-15,T
T270115C00020000,20.0,5.25,5.3,5.8,43.0,6832.0,0.29932341308593746,True,CALL,2027-01-15,T
T270115C00022000,22.0,3.82,3.75,4.1,363.0,8132.0,0.2551344018554688,True,CALL,2027-01-15,T
T270115C00025000,25.0,2.12,2.0,2.2,453.0,12344.0,0.2280350634765625,False,CALL,2027-01-15,T
T270115C00027000,27.0,1.37,1.22,1.4,295.0,10605.0,0.22473919799804684,False,CALL,2027-01-15,T
T270115C00030000,30.0,0.62,0.58,0.64,383.0,15503.0,0.21949022705078125,False,CALL,2027-01-15,T
T270115C00032000,32.0,0.43,0.33,0.4,83.0,6257.0,0.22412885253906245,False,CALL,2027-01-15,T
T270115P00018000,18.0,0.4,0.39,0.44,10.0,4091.0,0.304694453125,False,PUT,2027-01-15,T
T270115P00020000,20.0,0.69,0.65,0.75,65.0,10594.0,0.28321029296874994,False,PUT,2027-01-15,T
T270115P00022000,22.0,1.19,1.07,1.39,413.0,8729.0,0.2841868457031249,False,PUT,2027-01-15,T
T270115P00025000,25.0,2.41,2.2,2.59,52.0,6292.0,0.26270268554687504,True,PUT,2027-01-15,T
T270115P00027000,27.0,3.6,3.35,3.8,25.0,4756.0,0.2611157873535156,True,PUT,2027-01-15,T
T270115P00030000,30.0,7.07,5.65,6.0,4.0,1492.0,0.2590406127929688,True,PUT,2027-01-15,T
T270115P00032000,32.0,8.2,7.0,7.6,5.0,120.0,0.24805439453125,True,PUT,2027-01-15,T
T270617C00020000,20.0,5.8,5.35,6.75,12.0,359.0,0.3618227880859375,True,CALL,2027-06-17,T
T270617C00025000,25.0,2.45,2.22,2.85,26.0,1802.0,0.24634542724609376,False,CALL,2027-06-17,T
T270617C00030000,30.0,1.0,0.91,1.06,53.0,3280.0,0.22754678710937498,False,CALL,2027-06-17,T
T270617P00020000,20.0,1.05,0.9,1.1,327.0,5833.0,0.2805247729492187,False,PUT,2027-06-17,T
T270617P00025000,25.0,3.42,2.65,3.0,1.0,1573.0,0.25476819458007816,True,PUT,2027-06-17,T
T270617P00030000,30.0,7.2,5.15,6.5,2.0,1380.0,0.2651440673828125,True,PUT,2027-06-17,T
T280121C00018000,18.0,7.27,7.1,7.85,3.0,447.0,0.2749095947265625,True,CALL,2028-01-21,T
T280121C00020000,20.0,5.85,5.65,6.0,15.0,1648.0,0.229499892578125,True,CALL,2028-01-21,T
T280121C00023000,23.0,3.94,4.0,4.1,52.0,5773.0,0.22583781982421874,True,CALL,2028-01-21,T
T280121C00025000,25.0,3.1,3.0,3.15,240.0,3469.0,0.2274247180175781,False,CALL,2028-01-21,T
T280121C00027000,27.0,2.36,1.8,2.41,16.0,1616.0,0.2298660998535156,False,CALL,2028-01-21,T
T280121C00030000,30.0,1.4,1.45,1.47,139.0,1909.0,0.22315229980468748,False,CALL,2028-01-21,T
T280121C00032000,32.0,1.1,0.5,1.2,8.0,1453.0,0.23413851806640623,False,CALL,2028-01-21,T
T280121P00018000,18.0,0.93,0.93,1.02,319.0,2257.0,0.2890696093749999,False,PUT,2028-01-21,T
T280121P00020000,20.0,1.44,1.42,1.62,38.0,1708.0,0.28528546752929684,False,PUT,2028-01-21,T
T280121P00023000,23.0,2.47,2.4,2.7,9.0,895.0,0.26856200195312496,False,PUT,2028-01-21,T
T280121P00025000,25.0,3.29,3.2,4.45,90.0,3066.0,0.3182441223144531,True,PUT,2028-01-21,T
T280121P00027000,27.0,5.5,4.3,4.7,10.0,188.0,0.247077841796875,True,PUT,2028-01-21,T
T280121P00030000,30.0,6.0,5.2,7.7,50.0,2195.0,0.31165239135742184,True,PUT,2028-01-21,T
T280121P00032000,32.0,7.63,0.0,0.0,1.0,10.0,1.0000000000000003e-05,True,PUT,2028-01-21,T
TAL260220C00009000,9.0,3.2,2.75,3.8,5.0,44.0,0.6562534375000001,True,CALL,2026-02-20,TAL
TAL260220C00010000,10.0,2.55,2.35,2.8,20.0,3112.0,0.48438015625,True,CALL,2026-02-20,TAL
TAL260220C00011000,11.0,1.57,1.55,1.85,587.0,723.0,0.45703667968750006,True,CALL,2026-02-20,TAL
TAL260220C00012000,12.0,0.94,0.85,1.2,610.0,5501.0,0.59570716796875,True,CALL,2026-02-20,TAL
TAL260220C00013000,13.0,0.4,0.3,0.5,628.0,1849.0,0.46484910156250003,False,CALL,2026-02-20,TAL
TAL260220C00014000,14.0,0.15,0.1,0.2,524.0,1506.0,0.4687553125,False,CALL,2026-02-20,TAL
TAL260220C00015000,15.0,0.15,0.05,0.15,2.0,1349.0,0.523442265625,False,CALL,2026-02-20,TAL
TAL260220C00016000,16.0,0.05,0.0,0.95,1.0,45.0,1.111332568359375,False,CALL,2026-02-20,TAL
TAL260220P00009000,9.0,0.11,0.0,0.2,10.0,72.0,1.0039112304687499,False,PUT,2026-02-20,TAL
TAL260220P00010000,10.0,0.05,0.0,0.15,20.0,899.0,0.7070341796875,False,PUT,2026-02-20,TAL
TAL260220P00011000,11.0,0.1,0.05,0.2,102.0,281.0,0.5664105859375,False,PUT,2026-02-20,TAL
TAL260220P00012000,12.0,0.44,0.15,0.45,110.0,228.0,0.63086306640625,False,PUT,2026-02-20,TAL
TAL260220P00013000,13.0,2.05,0.0,0.0,1.0,193.0,1.0000000000000003e-05,True,PUT,2026-02-20,TAL
TAL260220P00015000,15.0,3.58,2.25,3.9,17.0,20.0,1.2675817871093749,True,PUT,2026-02-20,TAL
TAL260320C00009000,9.0,2.22,2.6,3.9,,2.0,0.6914093359375001,True,CALL,2026-03-20,TAL
TAL260320C00010000,10.0,2.75,2.5,2.95,2.0,4.0,0.5839885351562499,True,CALL,2026-03-20,TAL
TAL260320C00011000,11.0,1.85,1.65,2.05,6.0,15.0,0.49805189453125004,True,CALL,2026-03-20,TAL
TAL260320C00012000,12.0,0.88,1.1,1.4,12.0,21.0,0.516606396484375,True,CALL,2026-03-20,TAL
TAL260320C00013000,13.0,0.7,0.6,0.9,9.0,10.0,0.5214891601562499,False,CALL,2026-03-20,TAL
TAL260320P00009000,9.0,0.1,0.0,0.3,1.0,2.0,0.7500025,False,PUT,2026-03-20,TAL
TAL260320P00010000,10.0,0.11,0.05,0.35,1.0,6.0,0.6269568554687501,False,PUT,2026-03-20,TAL
TAL260320P00011000,11.0,0.45,0.15,0.45,2.0,86.0,0.5293015820312501,False,PUT,2026-03-20,TAL
TAL260320P00012000,12.0,0.9,0.5,0.75,4.0,3.0,0.52539537109375,False,PUT,2026-03-20,TAL
TAL260320P00016000,16.0,4.87,3.3,5.0,4.0,2.0,1.0253954980468751,True,PUT,2026-03-20,TAL
TAL260515C00009000,9.0,2.7,2.9,4.3,1.0,3.0,0.7812521875,True,CALL,2026-05-15,TAL
TAL260515C00010000,10.0,1.74,2.1,4.2,4.0,21.0,0.5361374511718751,True,CALL,2026-05-15,TAL
TAL260515C00011000,11.0,2.25,2.25,2.5,30.0,112.0,0.5029346582031251,True,CALL,2026-05-15,TAL
TAL260515C00012000,12.0,1.8,1.7,2.1,1.0,114.0,0.551762294921875,True,CALL,2026-05-15,TAL
TAL260515C00013000,13.0,1.2,1.2,1.45,6.0,165.0,0.5141650146484374,False,CALL,2026-05-15,TAL
TAL260515C00014000,14.0,0.8,0.85,1.15,6.0,344.0,0.5307664111328125,False,CALL,2026-05-15,TAL
TAL260515C00015000,15.0,0.7,0.65,0.8,35.0,150.0,0.53320779296875,False,CALL,2026-05-15,TAL
TAL260515C00016000,16.0,0.1,0.45,0.75,1.0,117.0,0.570316796875,False,CALL,2026-05-15,TAL
TAL260515P00009000,9.0,0.55,0.2,0.7,1.0,27.0,0.74414318359375,False,PUT,2026-05-15,TAL
TAL260515P00010000,10.0,0.85,0.3,0.65,54.0,509.0,0.6015664843750002,False,PUT,2026-05-15,TAL
TAL260515P00011000,11.0,0.78,0.65,0.85,91.0,1365.0,0.57812921875,False,PUT,2026-05-15,TAL
TAL260515P00012000,12.0,1.68,0.95,1.35,,1.0,0.567387138671875,False,PUT,2026-05-15,TAL
TAL260515P00013000,13.0,2.17,1.45,1.9,20.0,10.0,0.5654340332031251,True,PUT,2026-05-15,TAL
TAL260515P00014000,14.0,3.2,0.0,0.0,,1.0,1.0000000000000003e-05,True,PUT,2026-05-15,TAL
TAL260515P00016000,16.0,4.67,0.0,0.0,1.0,16.0,1.0000000000000003e-05,True,PUT,2026-05-15,TAL
TAL260821C00009000,9.0,2.85,3.2,4.9,150.0,152.0,0.8105487695312499,True,CALL,2026-08-21,TAL
TAL260821C00010000,10.0,2.2,2.5,3.9,4.0,5.0,0.6655306884765627,True,CALL,2026-08-21,TAL
TAL260821C00011000,11.0,2.52,2.55,3.2,2.0,15.0,0.5224657128906249,True,CALL,2026-08-21,TAL
TAL260821C00012000,12.0,2.35,2.3,2.5,7858.0,15813.0,0.5380905566406251,True,CALL,2026-08-21,TAL
TAL260821C00013000,13.0,1.93,1.7,2.25,2.0,677.0,0.5429733203125001,False,CALL,2026-08-21,TAL
TAL260821C00014000,14.0,1.55,1.25,1.7,4.0,343.0,0.5083056982421875,False,CALL,2026-08-21,TAL
TAL260821C00015000,15.0,0.81,0.85,1.5,20.0,23.0,0.508793974609375,False,CALL,2026-08-21,TAL
TAL260821C00016000,16.0,1.0,0.8,1.3,14.0,89.0,0.5424850439453126,False,CALL,2026-08-21,TAL
TAL260821P00009000,9.0,0.85,0.3,0.85,1.0,32.0,0.5937540625000001,False,PUT,2026-08-21,TAL
TAL260821P00010000,10.0,1.22,0.55,1.15,100.0,121.0,0.5747112841796875,False,PUT,2026-08-21,TAL
TAL260821P00011000,11.0,1.25,0.9,1.5,1.0,29.0,0.5581098876953126,False,PUT,2026-08-21,TAL
TAL260821P00012000,12.0,2.45,1.15,2.0,2.0,3.0,0.5283250292968751,False,PUT,2026-08-21,TAL
TAL270115C00010000,10.0,3.0,3.0,4.3,5.0,431.0,0.6113320117187502,True,CALL,2027-01-15,TAL
TAL270115C00012000,12.0,2.95,2.75,3.2,61.0,677.0,0.53320779296875,True,CALL,2027-01-15,TAL
TAL270115C00015000,15.0,1.96,1.6,2.1,2.0,2590.0,0.524418818359375,False,CALL,2027-01-15,TAL
TAL270115P00010000,10.0,1.7,0.9,1.5,8.0,318.0,0.5317429638671876,False,PUT,2027-01-15,TAL
TAL270115P00012000,12.0,2.8,1.7,2.4,1.0,474.0,0.5048877636718749,False,PUT,2027-01-15,TAL
TAL270115P00015000,15.0,4.6,3.5,4.4,10.0,2460.0,0.5029346582031251,True,PUT,2027-01-15,TAL
TAL280121C00010000,10.0,4.45,2.65,7.0,11.0,12.0,0.5202684692382812,True,CALL,2028-01-21,TAL
TAL280121C00012000,12.0,3.32,3.7,4.5,1.0,4.0,0.5434615966796876,True,CALL,2028-01-21,TAL
TAL280121C00015000,15.0,2.75,2.25,4.6,1.0,25.0,0.586918193359375,False,CALL,2028-01-21,TAL
TAL280121P00010000,10.0,2.7,0.0,0.0,,100.0,0.062509375,False,PUT,2028-01-21,TAL
TAL280121P00012000,12.0,3.4,0.0,0.0,,2.0,0.015634843750000002,False,PUT,2028-01-21,TAL
TECK260130C00041000,41.0,10.4,16.1,19.1,,0.0,2.2031294921874993,True,CALL,2026-01-30,TECK
TECK260130C00042000,42.0,6.85,15.1,18.0,1.0,1.0,4.57812927734375,True,CALL,2026-01-30,TECK
TECK260130C00043000,43.0,5.9,14.1,17.0,2.0,1.0,4.347660815429686,True,CALL,2026-01-30,TECK
TECK260130C00044000,44.0,11.54,13.1,16.0,1.0,1.0,4.119145476074219,True,CALL,2026-01-30,TECK
TECK260130C00045000,45.0,6.05,12.0,15.0,2.0,7.0,3.8945315136718754,True,CALL,2026-01-30,TECK
TECK260130C00047000,47.0,9.6,10.0,13.0,1.0,17.0,3.4531263671875,True,CALL,2026-01-30,TECK
TECK260130C00048000,48.0,9.05,9.1,12.0,3.0,16.0,3.2343769140624996,True,CALL,2026-01-30,TECK
TECK260130C00049000,49.0,9.25,8.0,11.0,2.0,19.0,3.0195337011718753,True,CALL,2026-01-30,TECK
TECK260130C00050000,50.0,5.75,7.0,9.5,1.0,103.0,2.361332221679687,True,CALL,2026-01-30,TECK
TECK260130C00051000,51.0,7.15,6.0,8.5,1.0,64.0,2.1650436499023433,True,CALL,2026-01-30,TECK
TECK260130C00052000,52.0,4.9,5.0,7.5,2.0,35.0,1.96875015625,True,CALL,2026-01-30,TECK
TECK260130C00053000,53.0,5.6,4.1,6.2,2.0,42.0,1.5156274218749999,True,CALL,2026-01-30,TECK
TECK260130C00054000,54.0,3.5,4.0,6.0,10.0,32.0,1.154301103515625,True,CALL,2026-01-30,TECK
TECK260130C00055000,55.0,1.31,2.2,4.9,18.0,90.0,1.6494158154296876,True,CALL,2026-01-30,TECK
TECK260130C00056000,56.0,2.9,2.0,4.1,4.0,70.0,0.8378922460937499,True,CALL,2026-01-30,TECK
TECK260130C00057000,57.0,3.31,1.25,3.0,29.0,215.0,0.6953155468750001,True,CALL,2026-01-30,TECK
TECK260130C00058000,58.0,2.2,0.4,3.1,26.0,29.0,0.8437515624999999,True,CALL,2026-01-30,TECK
TECK260130P00041000,41.0,0.6,0.0,2.1,,2.0,4.339848325195312,False,PUT,2026-01-30,TECK
TECK260130P00042000,42.0,0.05,0.0,2.1,10.0,6.0,4.119145476074219,False,PUT,2026-01-30,TECK
TECK260130P00044000,44.0,0.1,0.0,2.1,2.0,9.0,3.6894539013671874,False,PUT,2026-01-30,TECK
TECK260130P00045000,45.0,0.23,0.0,0.1,2.0,2005.0,1.7421887890624999,False,PUT,2026-01-30,TECK
TECK260130P00045500,45.5,0.21,0.0,2.1,2.0,2.0,3.3769546826171872,False,PUT,2026-01-30,TECK
TECK260130P00046000,46.0,0.42,0.0,2.1,2.0,10.0,3.27343931640625,False,PUT,2026-01-30,TECK
TECK260130P00047000,47.0,0.42,0.0,2.1,4.0,6.0,3.0683617041015623,False,PUT,2026-01-30,TECK
TECK260130P00048000,48.0,0.2,0.0,2.1,2.0,8.0,2.8652372119140628,False,PUT,2026-01-30,TECK
TECK260130P00048500,48.5,0.18,0.0,2.1,2.0,2.0,2.7636749658203126,False,PUT,2026-01-30,TECK
TECK260130P00049000,49.0,0.05,0.0,0.9,2.0,21.0,2.0117237207031247,False,PUT,2026-01-30,TECK
TECK260130P00049500,49.5,0.18,0.0,2.1,1.0,12.0,2.56250359375,False,PUT,2026-01-30,TECK
TECK260130P00050000,50.0,0.1,0.0,0.3,7.0,59.0,1.3906280468749999,False,PUT,2026-01-30,TECK
TECK260130P00051000,51.0,0.05,0.0,0.75,2.0,60.0,1.5839864550781246,False,PUT,2026-01-30,TECK
TECK260130P00052000,52.0,0.13,0.0,2.1,1.0,4.0,2.0625048437499998,False,PUT,2026-01-30,TECK
TECK260130P00053000,53.0,0.05,0.0,2.15,1.0,9.0,1.8798834130859374,False,PUT,2026-01-30,TECK
TECK260130P00054000,54.0,0.73,0.0,0.45,20.0,41.0,0.92773509765625,False,PUT,2026-01-30,TECK
TECK260206C00041000,41.0,9.85,16.1,18.9,3.0,1.0,2.214848212890624,True,CALL,2026-02-06,TECK
TECK260206C00042000,42.0,8.9,15.1,17.9,3.0,1.0,2.1054734863281244,True,CALL,2026-02-06,TECK
TECK260206C00043000,43.0,9.59,14.1,16.9,,1.0,1.998046884765625,True,CALL,2026-02-06,TECK
TECK260206C00044000,44.0,8.64,13.1,15.9,,1.0,1.8916021044921876,True,CALL,2026-02-06,TECK
TECK260206C00045000,45.0,13.0,12.1,14.6,6.0,6.0,1.6347674511718748,True,CALL,2026-02-06,TECK
TECK260206C00047000,47.0,2.97,10.1,13.0,1.0,1.0,1.6279315478515624,True,CALL,2026-02-06,TECK
TECK260206C00050000,50.0,4.5,7.2,10.1,10.0,3.0,0.5898478515625001,True,CALL,2026-02-06,TECK
TECK260206C00051000,51.0,2.05,6.2,9.2,1.0,2.0,0.5800823242187501,True,CALL,2026-02-06,TECK
TECK260206C00052000,52.0,4.8,5.3,7.9,11.0,56.0,1.0825241186523438,True,CALL,2026-02-06,TECK
TECK260206C00053000,53.0,6.9,4.4,7.0,1.0,12.0,1.017583037109375,True,CALL,2026-02-06,TECK
TECK260206C00054000,54.0,5.8,3.4,5.8,3.0,32.0,0.8466812207031249,True,CALL,2026-02-06,TECK
TECK260206C00055000,55.0,2.19,3.0,4.9,3.0,41.0,0.7773459765625,True,CALL,2026-02-06,TECK
TECK260206C00056000,56.0,4.97,2.6,3.7,2.0,17.0,0.6093789062500001,True,CALL,2026-02-06,TECK
TECK260206C00057000,57.0,2.5,2.05,2.95,5.0,63.0,0.5742230078125,True,CALL,2026-02-06,TECK
TECK260206C00058000,58.0,2.01,1.9,2.3,13.0,16.0,0.5498091894531252,True,CALL,2026-02-06,TECK
TECK260206C00059000,59.0,1.56,1.4,1.65,18.0,18.0,0.50586431640625,False,CALL,2026-02-06,TECK
TECK260206P00044000,44.0,0.12,0.0,2.15,15.0,16.0,1.7529309228515624,False,PUT,2026-02-06,TECK
TECK260206P00045000,45.0,0.08,0.0,2.15,15.0,15.0,1.6533220458984377,False,PUT,2026-02-06,TECK
TECK260206P00046000,46.0,0.16,0.0,2.15,25.0,26.0,1.5556662841796873,False,PUT,2026-02-06,TECK
TECK260206P00047000,47.0,0.6,0.0,2.15,,1.0,1.4589870800781248,False,PUT,2026-02-06,TECK
TECK260206P00048000,48.0,1.05,0.0,2.15,1.0,4.0,1.3623078759765623,False,PUT,2026-02-06,TECK
TECK260206P00049000,49.0,0.4,0.0,2.2,7.0,5.0,1.2783239208984374,False,PUT,2026-02-06,TECK
TECK260206P00049500,49.5,1.41,0.0,2.2,,3.0,1.23047259765625,False,PUT,2026-02-06,TECK
TECK260206P00050000,50.0,1.5,0.0,2.2,41.0,44.0,1.1826212744140623,False,PUT,2026-02-06,TECK
TECK260206P00051000,51.0,2.0,0.0,2.25,,7.0,1.0976607617187502,False,PUT,2026-02-06,TECK
TECK260206P00054000,54.0,0.32,0.2,0.35,18.0,51.0,0.5019581054687501,False,PUT,2026-02-06,TECK
TECK260206P00055000,55.0,1.1,0.3,0.5,7.0,82.0,0.485356708984375,False,PUT,2026-02-06,TECK
TECK260206P00057000,57.0,0.89,0.75,1.0,10.0,6.0,0.459966337890625,False,PUT,2026-02-06,TECK
TECK260206P00058000,58.0,1.37,1.1,1.45,10.0,1.0,0.46973186523437505,False,PUT,2026-02-06,TECK
TECK260213C00047000,47.0,3.59,10.2,13.0,,1.0,0.507817421875,True,CALL,2026-02-13,TECK
TECK260213C00048000,48.0,6.01,9.2,11.9,8.0,5.0,1.111332568359375,True,CALL,2026-02-13,TECK
TECK260213C00049000,49.0,5.15,8.2,11.1,,4.0,1.098149040527344,True,CALL,2026-02-13,TECK
TECK260213C00050000,50.0,4.0,7.4,9.7,2.0,1.0,0.8994150683593749,True,CALL,2026-02-13,TECK
TECK260213C00051000,51.0,2.25,6.3,8.9,,4.0,0.8867198828124999,True,CALL,2026-02-13,TECK
TECK260213C00052000,52.0,2.7,5.3,8.3,4.0,10.0,0.91992267578125,True,CALL,2026-02-13,TECK
TECK260213C00053000,53.0,3.6,4.8,7.2,5.0,4.0,0.8149432568359375,True,CALL,2026-02-13,TECK
TECK260213C00054000,54.0,2.85,4.5,6.1,1.0,2.0,0.500005,True,CALL,2026-02-13,TECK
TECK260213C00055000,55.0,5.0,4.4,5.0,11.0,95.0,0.534184345703125,True,CALL,2026-02-13,TECK
TECK260213C00056000,56.0,4.85,3.6,4.2,2.0,4.0,0.5034229345703125,True,CALL,2026-02-13,TECK
TECK260213C00060000,60.0,1.82,1.3,2.0,10.0,325.0,0.5371140039062501,False,CALL,2026-02-13,TECK
TECK260213C00061000,61.0,0.95,0.95,1.65,1.0,39.0,0.540287800292969,False,CALL,2026-02-13,TECK
TECK260213P00042000,42.0,0.5,0.0,2.15,,1.0,1.4672878198242185,False,PUT,2026-02-13,TECK
TECK260213P00043000,43.0,0.72,0.0,2.15,60.0,60.0,1.3906280468749999,False,PUT,2026-02-13,TECK
TECK260213P00047000,47.0,1.2,0.0,2.05,,4.0,1.0756882153320313,False,PUT,2026-02-13,TECK
TECK260213P00048000,48.0,1.0,0.0,2.15,,1.0,1.021489267578125,False,PUT,2026-02-13,TECK
TECK260213P00049000,49.0,1.43,0.0,2.2,,3.0,0.9584965087890623,False,PUT,2026-02-13,TECK
TECK260213P00050000,50.0,0.1,0.0,0.75,5.0,8.0,0.6181678808593751,False,PUT,2026-02-13,TECK
TECK260213P00051000,51.0,1.3,0.0,1.05,,1.0,0.6215858154296876,False,PUT,2026-02-13,TECK
TECK260213P00054000,54.0,4.2,0.4,0.75,,5.0,0.5029346582031251,False,PUT,2026-02-13,TECK
TECK260220C00041000,41.0,10.5,16.1,18.5,1.0,967.0,1.236331943359375,True,CALL,2026-02-20,TECK
TECK260220C00042000,42.0,11.6,15.1,17.9,5.0,22.0,1.3168979467773436,True,CALL,2026-02-20,TECK
TECK260220C00043000,43.0,3.2,14.1,16.9,17.0,83.0,1.249515471191406,True,CALL,2026-02-20,TECK
TECK260220C00044000,44.0,6.0,13.1,15.8,5.0,43.0,1.1513714306640623,True,CALL,2026-02-20,TECK
TECK260220C00044500,44.5,7.27,12.7,15.1,,24.0,1.0537156689453124,True,CALL,2026-02-20,TECK
TECK260220C00045000,45.0,13.9,12.2,15.2,1.0,216.0,0.6132851171875001,True,CALL,2026-02-20,TECK
TECK260220C00046000,46.0,7.99,11.2,13.9,3.0,103.0,1.0537156689453124,True,CALL,2026-02-20,TECK
TECK260220C00047000,47.0,10.2,10.2,12.7,1.0,7206.0,0.93164130859375,True,CALL,2026-02-20,TECK
TECK260220C00047500,47.5,4.9,9.7,12.2,,12.0,0.901368173828125,True,CALL,2026-02-20,TECK
TECK260220C00048000,48.0,7.74,9.3,12.0,2.0,521.0,0.954102021484375,True,CALL,2026-02-20,TECK
TECK260220C00048500,48.5,6.0,8.9,11.3,1.0,21.0,0.868165380859375,True,CALL,2026-02-20,TECK
TECK260220C00049000,49.0,9.45,8.4,10.9,2.0,25.0,0.8642591699218749,True,CALL,2026-02-20,TECK
TECK260220C00049500,49.5,3.55,7.9,10.6,,111.0,0.883790224609375,True,CALL,2026-02-20,TECK
TECK260220C00050000,50.0,7.05,7.5,9.5,1.0,510.0,0.6962920996093751,True,CALL,2026-02-20,TECK
TECK260220C00052000,52.0,5.1,6.2,8.9,4.0,11.0,0.5932657861328126,True,CALL,2026-02-20,TECK
TECK260220C00053000,53.0,6.8,4.9,8.1,5.0,127.0,0.5224657128906249,True,CALL,2026-02-20,TECK
TECK260220C00054000,54.0,5.47,5.4,6.1,41.0,103.0,0.5190477783203125,True,CALL,2026-02-20,TECK
TECK260220C00055000,55.0,5.0,4.0,5.4,14.0,1397.0,0.5847209497070311,True,CALL,2026-02-20,TECK
TECK260220C00056000,56.0,3.9,4.1,4.8,4.0,69.0,0.5229539892578124,True,CALL,2026-02-20,TECK
TECK260220C00057000,57.0,4.0,3.4,3.9,243.0,242.0,0.5288133056640626,True,CALL,2026-02-20,TECK
TECK260220C00058000,58.0,3.4,3.0,3.3,1.0,82.0,0.5163622583007812,True,CALL,2026-02-20,TECK
TECK260220C00059000,59.0,2.75,2.5,2.75,115.0,41.0,0.5039112109375,False,CALL,2026-02-20,TECK
TECK260220C00060000,60.0,2.15,2.05,2.5,24.0,86.0,0.534184345703125,False,CALL,2026-02-20,TECK
TECK260220C00065000,65.0,0.92,0.8,1.0,116.0,60.0,0.5046436254882812,False,CALL,2026-02-20,TECK
TECK260220P00041000,41.0,1.55,0.0,2.15,38.0,48.0,1.2890660546875,False,PUT,2026-02-20,TECK
TECK260220P00042000,42.0,0.15,0.0,0.55,4.0,43.0,0.8535170898437501,False,PUT,2026-02-20,TECK
TECK260220P00043000,43.0,0.15,0.0,0.7,8.0,93.0,0.848634326171875,False,PUT,2026-02-20,TECK
TECK260220P00044000,44.0,0.39,0.0,2.15,5.0,43.0,1.0966842041015625,False,PUT,2026-02-20,TECK
TECK260220P00045000,45.0,0.15,0.0,0.25,7.0,263.0,0.5996133789062501,False,PUT,2026-02-20,TECK
TECK260220P00046000,46.0,1.05,0.0,2.0,10.0,32.0,0.9492192578124999,False,PUT,2026-02-20,TECK
TECK260220P00047000,47.0,0.49,0.0,2.0,11.0,29.0,0.8896495410156249,False,PUT,2026-02-20,TECK
TECK260220P00048000,48.0,0.3,0.0,0.5,5260.0,3531.0,0.55273884765625,False,PUT,2026-02-20,TECK
TECK260220P00048500,48.5,1.1,0.0,2.35,,6.0,0.850587431640625,False,PUT,2026-02-20,TECK
TECK260220P00049000,49.0,1.9,0.0,2.3,38.0,121.0,0.813478427734375,False,PUT,2026-02-20,TECK
TECK260220P00049500,49.5,1.25,0.0,2.35,,61.0,0.790041162109375,False,PUT,2026-02-20,TECK
TECK260220P00050000,50.0,0.62,0.0,1.05,8.0,68.0,0.5698285205078125,False,PUT,2026-02-20,TECK
TECK260220P00051000,51.0,1.4,0.0,1.5,1.0,2.0,0.5864299169921875,False,PUT,2026-02-20,TECK
TECK260220P00052000,52.0,0.6,0.1,1.1,6.0,62.0,0.6201209863281252,False,PUT,2026-02-20,TECK
TECK260220P00053000,53.0,1.0,0.4,0.9,1.0,61.0,0.5127001855468749,False,PUT,2026-02-20,TECK
TECK260220P00054000,54.0,3.5,0.9,1.85,,1.0,0.5583540258789064,False,PUT,2026-02-20,TECK
TECK260220P00055000,55.0,1.28,1.15,1.45,122.0,2.0,0.5083056982421875,False,PUT,2026-02-20,TECK
TECK260220P00056000,56.0,1.49,1.35,1.7,2.0,3.0,0.48779809082031256,False,PUT,2026-02-20,TECK
TECK260220P00057000,57.0,4.77,1.75,2.15,,1.0,0.495122236328125,False,PUT,2026-02-20,TECK
TECK260220P00058000,58.0,3.72,2.1,2.4,9.0,1.0,0.4580132324218751,False,PUT,2026-02-20,TECK
TECK260220P00060000,60.0,4.25,3.1,3.7,10.0,12.0,0.4929249926757813,True,PUT,2026-02-20,TECK
TECK260227C00042000,42.0,9.5,15.2,17.6,,1.0,1.0600632934570315,True,CALL,2026-02-27,TECK
TECK260227C00046000,46.0,8.0,11.3,13.7,4.0,3.0,0.8696302099609375,True,CALL,2026-02-27,TECK
TECK260227C00047000,47.0,7.2,10.4,12.9,,2.0,0.8667005517578125,True,CALL,2026-02-27,TECK
TECK260227C00049000,49.0,3.94,8.5,10.9,,1.0,0.7568383691406251,True,CALL,2026-02-27,TECK
TECK260227C00050000,50.0,4.62,7.7,10.0,,2.0,0.7241238525390624,True,CALL,2026-02-27,TECK
TECK260227C00051000,51.0,5.4,6.9,9.2,4.0,14.0,0.7094755615234375,True,CALL,2026-02-27,TECK
TECK260227C00052000,52.0,6.0,6.1,8.4,2.0,1.0,0.6909210595703126,True,CALL,2026-02-27,TECK
TECK260227C00053000,53.0,4.15,5.4,7.7,6.0,6.0,0.6865265722656251,True,CALL,2026-02-27,TECK
TECK260227C00054000,54.0,2.35,4.7,6.6,3.0,12.0,0.6074258007812501,True,CALL,2026-02-27,TECK
TECK260227C00056000,56.0,1.26,3.5,4.9,,3.0,0.5302781347656251,True,CALL,2026-02-27,TECK
TECK260227C00062000,62.0,2.6,1.2,2.1,2.0,11.0,0.516606396484375,False,CALL,2026-02-27,TECK
TECK260227P00044000,44.0,0.56,0.0,0.75,,1.0,0.710940390625,False,PUT,2026-02-27,TECK
TECK260227P00045000,45.0,0.85,0.0,0.75,,3.0,0.6660189648437502,False,PUT,2026-02-27,TECK
TECK260227P00047000,47.0,0.65,0.0,0.75,1802.0,1750.0,0.579105771484375,False,PUT,2026-02-27,TECK
TECK260227P00050000,50.0,0.84,0.0,0.75,20.0,3.0,0.561527822265625,False,PUT,2026-02-27,TECK
TECK260227P00051000,51.0,0.75,0.0,0.85,16.0,15.0,0.5376022802734376,False,PUT,2026-02-27,TECK
TECK260306C00046000,46.0,10.1,11.4,13.9,2.0,0.0,0.8305681005859374,True,CALL,2026-03-06,TECK
TECK260306P00045000,45.0,0.2,0.0,0.75,,2.0,0.5996133789062501,False,PUT,2026-03-06,TECK
TECK260306P00046000,46.0,0.57,0.0,0.75,86.0,86.0,0.56055126953125,False,PUT,2026-03-06,TECK
TECK260320C00041000,41.0,3.0,0.0,0.0,5.0,5.0,1.0000000000000003e-05,True,CALL,2026-03-20,TECK
TECK260320C00042000,42.0,17.15,16.1,17.4,13.0,18.0,0.5302781347656251,True,CALL,2026-03-20,TECK
TECK260320C00043000,43.0,10.1,14.4,16.8,1.0,84.0,0.8168963623046874,True,CALL,2026-03-20,TECK
TECK260320C00044000,44.0,9.05,13.4,15.8,11.0,34.0,0.7729514892578125,True,CALL,2026-03-20,TECK
TECK260320C00045000,45.0,14.2,13.6,14.8,1.0,638.0,0.5898478515625001,True,CALL,2026-03-20,TECK
TECK260320C00046000,46.0,13.38,12.3,14.0,3.0,267.0,0.5395553857421876,True,CALL,2026-03-20,TECK
TECK260320C00047000,47.0,6.55,11.3,13.1,4.0,270.0,0.5161181201171875,True,CALL,2026-03-20,TECK
TECK260320C00048000,48.0,6.1,9.8,12.2,1.0,90.0,0.6757844921875001,True,CALL,2026-03-20,TECK
TECK260320C00049000,49.0,9.87,9.0,11.4,20.0,2877.0,0.6650424121093752,True,CALL,2026-03-20,TECK
TECK260320C00050000,50.0,7.91,8.2,10.5,1.0,9698.0,0.6355016918945313,True,CALL,2026-03-20,TECK
TECK260320C00055000,55.0,5.8,5.0,6.3,196.0,4520.0,0.5070850073242188,True,CALL,2026-03-20,TECK
TECK260320C00060000,60.0,3.01,3.0,3.6,12.0,882.0,0.4848684326171875,False,CALL,2026-03-20,TECK
TECK260320C00065000,65.0,1.75,1.55,1.9,54.0,123.0,0.47730014892578126,False,CALL,2026-03-20,TECK
TECK260320C00070000,70.0,0.69,0.0,1.0,19.0,58.0,0.48608912353515626,False,CALL,2026-03-20,TECK
TECK260320C00075000,75.0,0.43,0.35,0.45,10.0,132.0,0.47852083984375,False,CALL,2026-03-20,TECK
TECK260320P00041000,41.0,0.8,0.0,0.3,40.0,72.0,0.5380905566406251,False,PUT,2026-03-20,TECK
TECK260320P00042000,42.0,0.49,0.0,0.45,70.0,246.0,0.5488326367187502,False,PUT,2026-03-20,TECK
TECK260320P00043000,43.0,0.29,0.0,0.45,2.0,670.0,0.516606396484375,False,PUT,2026-03-20,TECK
TECK260320P00044000,44.0,0.9,0.0,0.35,1.0,199.0,0.5361374511718751,False,PUT,2026-03-20,TECK
TECK260320P00045000,45.0,0.35,0.05,0.4,1.0,329.0,0.5195360546875,False,PUT,2026-03-20,TECK
TECK260320P00046000,46.0,1.4,0.05,0.5,50.0,82.0,0.5151415673828125,False,PUT,2026-03-20,TECK
TECK260320P00047000,47.0,0.4,0.35,0.65,6.0,39.0,0.5185595019531251,False,PUT,2026-03-20,TECK
TECK260320P00048000,48.0,0.39,0.45,0.8,30.0,36.0,0.5161181201171875,False,PUT,2026-03-20,TECK
TECK260320P00049000,49.0,2.35,0.0,0.95,,7.0,0.5083056982421875,False,PUT,2026-03-20,TECK
TECK260320P00050000,50.0,0.95,0.7,0.95,21.0,1518.0,0.46924358886718753,False,PUT,2026-03-20,TECK
TECK260320P00055000,55.0,2.1,1.75,2.4,20.0,82.0,0.4643608251953125,False,PUT,2026-03-20,TECK
TECK260320P00060000,60.0,4.7,2.85,4.7,2.0,0.0,0.44605046142578125,True,PUT,2026-03-20,TECK
TECK260417C00044000,44.0,9.35,13.8,16.3,1.0,11.0,0.7038603833007813,True,CALL,2026-04-17,TECK
TECK260417C00045000,45.0,7.2,12.9,15.4,1.0,4.0,0.6816438085937502,True,CALL,2026-04-17,TECK
TECK260417C00046000,46.0,14.41,12.1,14.6,3.0,1.0,0.6728548339843752,True,CALL,2026-04-17,TECK
TECK260417C00047000,47.0,5.55,11.2,13.7,,3.0,0.648441015625,True,CALL,2026-04-17,TECK
TECK260417C00048000,48.0,11.4,11.1,12.4,1.0,40.0,0.5705609350585938,True,CALL,2026-04-17,TECK
TECK260417C00049000,49.0,4.9,9.6,12.2,19.0,20.0,0.6350134155273439,True,CALL,2026-04-17,TECK
TECK260417C00050000,50.0,8.0,8.9,11.4,2.0,74.0,0.6191444335937502,True,CALL,2026-04-17,TECK
TECK260417C00055000,55.0,6.46,6.5,7.3,18.0,634.0,0.5073291455078125,True,CALL,2026-04-17,TECK
TECK260417C00060000,60.0,4.1,3.7,4.7,10.0,1586.0,0.4909718872070313,False,CALL,2026-04-17,TECK
TECK260417C00065000,65.0,2.3,1.9,2.85,65.0,13.0,0.4792532543945312,False,CALL,2026-04-17,TECK
TECK260417C00070000,70.0,1.45,1.0,1.65,15.0,478.0,0.47241738525390625,False,CALL,2026-04-17,TECK
TECK260417P00042000,42.0,1.07,0.05,0.6,,4.0,0.5561567822265626,False,PUT,2026-04-17,TECK
TECK260417P00043000,43.0,1.48,0.0,0.8,2.0,41.0,0.5705609350585938,False,PUT,2026-04-17,TECK
TECK260417P00044000,44.0,1.7,0.0,0.9,2.0,14.0,0.5585981640625001,False,PUT,2026-04-17,TECK
TECK260417P00045000,45.0,2.05,0.0,0.95,13.0,38.0,0.5356491748046875,False,PUT,2026-04-17,TECK
TECK260417P00046000,46.0,2.35,0.05,1.1,13.0,28.0,0.5293015820312501,False,PUT,2026-04-17,TECK
TECK260417P00047000,47.0,2.47,0.05,1.15,4.0,91.0,0.5043994873046875,False,PUT,2026-04-17,TECK
TECK260417P00048000,48.0,3.19,0.0,1.35,2.0,89.0,0.5017139672851563,False,PUT,2026-04-17,TECK
TECK260417P00049000,49.0,2.75,0.55,1.55,12.0,140.0,0.49561051269531253,False,PUT,2026-04-17,TECK
TECK260417P00050000,50.0,1.2,1.1,1.8,5.0,2277.0,0.4931691308593751,False,PUT,2026-04-17,TECK
TECK260417P00060000,60.0,9.8,3.7,5.6,,1.0,0.4412897668457031,True,PUT,2026-04-17,TECK
TECK260515C00042000,42.0,14.65,16.0,18.5,1.0,9.0,0.6987334814453126,True,CALL,2026-05-15,TECK
TECK260515C00043000,43.0,9.57,15.1,17.7,10.0,12.0,0.6916534741210938,True,CALL,2026-05-15,TECK
TECK260515C00044000,44.0,9.65,14.2,16.8,1.0,3.0,0.6699251757812501,True,CALL,2026-05-15,TECK
TECK260515C00045000,45.0,10.0,13.3,16.0,5.0,87.0,0.6601596484375001,True,CALL,2026-05-15,TECK
TECK260515C00046000,46.0,8.3,12.5,15.2,50.0,55.0,0.6489292919921875,True,CALL,2026-05-15,TECK
TECK260515C00047000,47.0,10.62,11.7,14.4,1.0,7.0,0.6362341064453125,True,CALL,2026-05-15,TECK
TECK260515C00048000,48.0,7.0,11.0,13.5,50.0,54.0,0.6118202880859377,True,CALL,2026-05-15,TECK
TECK260515C00049000,49.0,7.5,10.2,12.9,1.0,38.0,0.6175575354003908,True,CALL,2026-05-15,TECK
TECK260515C00050000,50.0,9.6,10.7,11.4,1.0,488.0,0.5319871020507813,True,CALL,2026-05-15,TECK
TECK260515C00055000,55.0,7.28,7.0,8.0,16.0,156.0,0.495122236328125,True,CALL,2026-05-15,TECK
TECK260515C00060000,60.0,5.2,4.5,5.5,24.0,47.0,0.48511257080078124,False,CALL,2026-05-15,TECK
TECK260515C00065000,65.0,3.08,2.55,3.6,4.0,34.0,0.47412635253906255,False,CALL,2026-05-15,TECK
TECK260515C00070000,70.0,2.05,1.55,2.2,13.0,51.0,0.4594780615234375,False,CALL,2026-05-15,TECK
TECK260515C00075000,75.0,0.72,0.85,1.6,6.0,27.0,0.48413601806640627,False,CALL,2026-05-15,TECK
TECK260515P00041000,41.0,3.2,3.5,4.7,2.0,5.0,1.0141650854492186,False,PUT,2026-05-15,TECK
TECK260515P00042000,42.0,0.64,0.2,0.7,1.0,1.0,0.4985401708984375,False,PUT,2026-05-15,TECK
TECK260515P00043000,43.0,1.45,0.05,0.9,,25.0,0.5083056982421875,False,PUT,2026-05-15,TECK
TECK260515P00044000,44.0,1.8,0.05,1.0,3.0,23.0,0.49658706542968756,False,PUT,2026-05-15,TECK
TECK260515P00045000,45.0,0.99,0.45,1.15,42.0,44.0,0.4909718872070313,False,PUT,2026-05-15,TECK
TECK260515P00046000,46.0,1.25,0.3,1.4,5.0,45.0,0.4968312036132813,False,PUT,2026-05-15,TECK
TECK260515P00047000,47.0,3.7,0.1,1.6,,2.0,0.4924367163085938,False,PUT,2026-05-15,TECK
TECK260515P00049000,49.0,3.2,0.5,2.1,,2.0,0.4880422290039063,False,PUT,2026-05-15,TECK
TECK260515P00050000,50.0,2.15,0.85,2.35,22.0,32.0,0.4821829125976563,False,PUT,2026-05-15,TECK
TECK260515P00055000,55.0,3.9,3.1,4.0,46.0,46.0,0.4580132324218751,False,PUT,2026-05-15,TECK
TECK260515P00060000,60.0,10.01,5.5,6.5,,4.0,0.45044494873046875,True,PUT,2026-05-15,TECK
TECK260515P00070000,70.0,19.07,11.8,13.2,,2.0,0.41699801757812494,True,PUT,2026-05-15,TECK
TECK260618C00042000,42.0,11.25,17.8,19.0,11.0,226.0,0.5964395825195312,True,CALL,2026-06-18,TECK
TECK260618C00043000,43.0,10.1,16.9,18.1,,3.0,0.579105771484375,True,CALL,2026-06-18,TECK
TECK260618C00045000,45.0,13.0,15.3,16.5,1.0,4953.0,0.5644574804687501,True,CALL,2026-06-18,TECK
TECK260618C00046000,46.0,9.33,13.1,15.7,,2.0,0.614261669921875,True,CALL,2026-06-18,TECK
TECK260618C00047000,47.0,10.72,12.3,15.0,5.0,117.0,0.610599597167969,True,CALL,2026-06-18,TECK
TECK260618C00048000,48.0,10.6,11.6,14.3,,5.0,0.6053506262207033,True,CALL,2026-06-18,TECK
TECK260618C00049000,49.0,9.58,10.9,13.6,51.0,51.0,0.598758895263672,True,CALL,2026-06-18,TECK
TECK260618C00050000,50.0,9.95,9.8,12.0,12.0,227.0,0.5151415673828125,True,CALL,2026-06-18,TECK
TECK260618C00055000,55.0,7.5,7.3,8.8,1.0,710.0,0.49023947265625006,True,CALL,2026-06-18,TECK
TECK260618C00060000,60.0,5.54,5.0,6.2,47.0,1184.0,0.47083048706054687,False,CALL,2026-06-18,TECK
TECK260618C00065000,65.0,3.9,3.7,4.4,8.0,928.0,0.46973186523437505,False,CALL,2026-06-18,TECK
TECK260618C00070000,70.0,2.52,2.4,2.9,46.0,41.0,0.4559380578613281,False,CALL,2026-06-18,TECK
TECK260618P00041000,41.0,1.21,0.45,0.95,,1.0,0.5009815527343751,False,PUT,2026-06-18,TECK
TECK260618P00042000,42.0,1.45,0.0,1.3,50.0,675.0,0.526371923828125,False,PUT,2026-06-18,TECK
TECK260618P00044000,44.0,2.2,0.2,1.7,,1.0,0.5222215747070311,False,PUT,2026-06-18,TECK
TECK260618P00045000,45.0,1.1,0.9,1.65,1.0,15.0,0.4885305053710938,False,PUT,2026-06-18,TECK
TECK260618P00046000,46.0,2.8,0.05,1.85,,4.0,0.48340360351562506,False,PUT,2026-06-18,TECK
TECK260618P00047000,47.0,2.42,0.0,2.15,4.0,6.0,0.4865773999023438,False,PUT,2026-06-18,TECK
TECK260618P00048000,48.0,2.15,0.05,2.45,5.0,26.0,0.4870656762695313,False,PUT,2026-06-18,TECK
TECK260618P00050000,50.0,2.9,1.2,2.8,50.0,50.0,0.459966337890625,False,PUT,2026-06-18,TECK
TECK260618P00055000,55.0,14.6,20.9,22.2,1.0,0.0,1.735230816040039,False,PUT,2026-06-18,TECK
TECK260821C00043000,43.0,9.45,16.3,19.2,,10.0,0.5043994873046875,True,CALL,2026-08-21,TECK
TECK260821C00045000,45.0,9.5,14.6,17.7,17.0,87.0,0.6164589135742189,True,CALL,2026-08-21,TECK
TECK260821C00046000,46.0,7.02,13.9,16.6,1.0,1.0,0.5799602551269532,True,CALL,2026-08-21,TECK
TECK260821C00047000,47.0,8.6,13.1,16.4,,19.0,0.6112099426269533,True,CALL,2026-08-21,TECK
TECK260821C00048000,48.0,7.7,12.4,14.8,22.0,24.0,0.5385788330078126,True,CALL,2026-08-21,TECK
TECK260821C00050000,50.0,9.8,11.9,13.2,6.0,373.0,0.5106250109863282,True,CALL,2026-08-21,TECK
TECK260821C00055000,55.0,10.0,8.5,10.2,2.0,62.0,0.49170430175781255,True,CALL,2026-08-21,TECK
TECK260821C00060000,60.0,7.85,6.5,7.9,1.0,13.0,0.48792015991210946,False,CALL,2026-08-21,TECK
TECK260821C00065000,65.0,5.72,4.6,5.5,4.0,48.0,0.45337460693359377,False,CALL,2026-08-21,TECK
TECK260821C00070000,70.0,1.0,3.2,4.4,3.0,13.0,0.47119669433593747,False,CALL,2026-08-21,TECK
TECK260821P00042000,42.0,3.1,0.1,2.3,,1.0,0.5405319384765627,False,PUT,2026-08-21,TECK
TECK260821P00044000,44.0,4.0,0.3,2.6,,1.0,0.5164843273925781,False,PUT,2026-08-21,TECK
TECK260821P00045000,45.0,3.9,0.25,3.5,,3.0,0.565556102294922,False,PUT,2026-08-21,TECK
TECK260821P00047000,47.0,4.5,0.6,3.3,1.0,1.0,0.49573258178710944,False,PUT,2026-08-21,TECK
TECK260821P00048000,48.0,3.5,0.6,3.6,10.0,10.0,0.49182637084960945,False,PUT,2026-08-21,TECK
TECK260821P00049000,49.0,5.7,1.05,3.6,,0.0,0.46521530883789064,False,PUT,2026-08-21,TECK
TECK260821P00050000,50.0,3.3,2.8,3.7,4.0,5.0,0.4456842541503906,False,PUT,2026-08-21,TECK
TECK260918C00043000,43.0,15.12,16.6,19.3,2.0,310.0,0.6019326916503909,True,CALL,2026-09-18,TECK
TECK260918C00045000,45.0,8.1,15.1,17.8,7.0,50.0,0.5854533642578125,True,CALL,2026-09-18,TECK
TECK260918C00047000,47.0,3.65,7.1,0.0,20.0,30.0,1.0000000000000003e-05,True,CALL,2026-09-18,TECK
TECK260918C00050000,50.0,9.02,11.1,13.6,1.0,16.0,0.5045215563964844,True,CALL,2026-09-18,TECK
TECK260918C00055000,55.0,10.5,8.1,10.7,1.0,74.0,0.4897511962890626,True,CALL,2026-09-18,TECK
TECK260918C00060000,60.0,7.8,6.5,8.1,11.0,89.0,0.46845013977050787,False,CALL,2026-09-18,TECK
TECK260918C00065000,65.0,5.8,4.0,6.4,1.0,52.0,0.47376014526367194,False,CALL,2026-09-18,TECK
TECK260918C00070000,70.0,4.0,4.0,4.5,55.0,168.0,0.4475763250732422,False,CALL,2026-09-18,TECK
TECK260918C00075000,75.0,2.85,2.4,3.5,5.0,1.0,0.4534966760253906,False,CALL,2026-09-18,TECK
TECK260918P00043000,43.0,5.2,0.0,0.0,2.0,10.0,0.062509375,False,PUT,2026-09-18,TECK
TECK260918P00045000,45.0,3.97,0.65,2.85,20.0,23.0,0.4803518762207031,False,PUT,2026-09-18,TECK
TECK260918P00047000,47.0,6.9,0.0,0.0,11.0,10.0,0.062509375,False,PUT,2026-09-18,TECK
TECK260918P00050000,50.0,5.41,1.5,4.4,9.0,10.0,0.46362841064453125,False,PUT,2026-09-18,TECK
TECK261218C00045000,45.0,9.5,16.4,19.0,6.0,0.0,0.5701947277832031,True,CALL,2026-12-18,TECK
TECK261218C00050000,50.0,9.1,12.7,15.0,10.0,13.0,0.5031177618408205,True,CALL,2026-12-18,TECK
TECK261218C00055000,55.0,9.0,10.2,12.2,14.0,17.0,0.4879811944580079,True,CALL,2026-12-18,TECK
TECK261218C00060000,60.0,6.9,7.7,9.7,16.0,103.0,0.47070841796875,False,CALL,2026-12-18,TECK
TECK261218C00065000,65.0,3.8,6.1,7.8,1.0,6.0,0.465398412475586,False,CALL,2026-12-18,TECK
TECK261218C00070000,70.0,6.6,4.6,6.1,3.0,7.0,0.4547173669433594,False,CALL,2026-12-18,TECK
TECK261218C00075000,75.0,4.3,2.35,4.6,6.0,17.0,0.43970286865234376,False,CALL,2026-12-18,TECK
TECK261218P00042000,42.0,1.9,0.5,2.85,,10.0,0.47095255615234377,False,PUT,2026-12-18,TECK
TECK261218P00045000,45.0,3.9,1.0,3.7,,5.0,0.4626518579101563,False,PUT,2026-12-18,TECK
TECK261218P00050000,50.0,7.29,4.1,5.3,,2.0,0.44214425048828127,False,PUT,2026-12-18,TECK
TECK270115C00043000,43.0,18.98,17.7,20.0,44.0,387.0,0.5340622766113281,True,CALL,2027-01-15,TECK
TECK270115C00045000,45.0,15.81,16.1,19.4,1.0,495.0,0.5701947277832031,True,CALL,2027-01-15,TECK
TECK270115C00047000,47.0,14.64,15.3,17.3,10.0,70.0,0.5163622583007812,True,CALL,2027-01-15,TECK
TECK270115C00050000,50.0,14.9,13.5,15.8,15.0,876.0,0.5236864038085938,True,CALL,2027-01-15,TECK
TECK270115C00055000,55.0,11.0,10.6,12.6,13.0,600.0,0.48682153808593753,True,CALL,2027-01-15,TECK
TECK270115C00060000,60.0,9.8,8.7,9.8,72.0,332.0,0.4559990924072266,False,CALL,2027-01-15,TECK
TECK270115C00065000,65.0,7.0,6.9,8.3,6.0,79.0,0.4682670361328125,False,CALL,2027-01-15,TECK
TECK270115C00070000,70.0,5.8,5.2,6.5,3.0,366.0,0.4539849523925781,False,CALL,2027-01-15,TECK
TECK270115C00075000,75.0,4.6,3.9,5.7,7.0,190.0,0.4727835925292969,False,CALL,2027-01-15,TECK
TECK270115P00043000,43.0,4.7,1.95,3.3,1.0,37.0,0.46130909790039065,False,PUT,2027-01-15,TECK
TECK270115P00045000,45.0,4.9,2.4,3.9,6.0,63.0,0.45606012695312503,False,PUT,2027-01-15,TECK
TECK270115P00047000,47.0,3.9,3.4,4.1,10.0,10.0,0.424810439453125,False,PUT,2027-01-15,TECK
TECK270115P00050000,50.0,6.65,4.3,5.5,1.0,10.0,0.43457596679687505,False,PUT,2027-01-15,TECK
TECK270115P00055000,55.0,7.04,4.8,7.6,2.0,20.0,0.4200497448730469,False,PUT,2027-01-15,TECK
TECK270115P00075000,75.0,31.4,31.5,36.5,,0.0,0.9959717199707032,True,PUT,2027-01-15,TECK
TECK280121C00042000,42.0,22.87,21.0,24.4,1.0,69.0,0.5361374511718751,True,CALL,2028-01-21,TECK
TECK280121C00045000,45.0,19.0,19.0,22.5,3.0,110.0,0.5211229528808592,True,CALL,2028-01-21,TECK
TECK280121C00047000,47.0,16.0,18.0,21.5,13.0,16.0,0.5200243310546875,True,CALL,2028-01-21,TECK
TECK280121C00050000,50.0,16.18,16.5,20.1,1.0,9.0,0.5189257092285156,True,CALL,2028-01-21,TECK
TECK280121C00055000,55.0,15.6,13.5,17.5,5.0,36.0,0.5012867254638673,True,CALL,2028-01-21,TECK
TECK280121C00060000,60.0,12.2,11.5,15.0,19.0,141.0,0.48090118713378904,False,CALL,2028-01-21,TECK
TECK280121C00065000,65.0,9.89,10.6,13.5,4.0,18.0,0.48590601989746096,False,CALL,2028-01-21,TECK
TECK280121C00075000,75.0,6.71,7.6,10.5,14.0,66.0,0.47803256347656253,False,CALL,2028-01-21,TECK
TECK280121P00042000,42.0,7.1,6.0,10.5,1.0,4.0,0.5539595385742189,False,PUT,2028-01-21,TECK
TECK280121P00045000,45.0,8.5,7.5,12.5,2.0,11.0,0.5634809277343751,False,PUT,2028-01-21,TECK
TECK280121P00047000,47.0,9.5,8.5,13.5,3.0,19.0,0.5606733386230469,False,PUT,2028-01-21,TECK
TECK280121P00050000,50.0,11.5,10.5,15.5,1.0,3.0,0.5721478332519532,False,PUT,2028-01-21,TECK
TEM260130C00045000,45.0,22.51,17.8,19.9,1.0,3.0,3.544923012695312,True,CALL,2026-01-30,TEM
TEM260130C00050000,50.0,13.61,12.8,14.9,3.0,3.0,2.6718783203125005,True,CALL,2026-01-30,TEM
TEM260130C00051000,51.0,12.6,11.8,13.9,1.0,0.0,2.501956870117187,True,CALL,2026-01-30,TEM
TEM260130C00054000,54.0,13.0,8.8,9.9,1.0,2.0,1.3437532812499997,True,CALL,2026-01-30,TEM
TEM260130C00055000,55.0,8.15,7.9,8.85,2.0,2.0,1.26172244140625,True,CALL,2026-01-30,TEM
TEM260130C00056000,56.0,11.15,6.8,7.9,2.0,3.0,1.08984830078125,True,CALL,2026-01-30,TEM
TEM260130C00057000,57.0,8.57,5.8,6.9,2.0,4.0,0.96289099609375,True,CALL,2026-01-30,TEM
TEM260130C00058000,58.0,5.2,4.85,5.8,5.0,5.0,0.79687703125,True,CALL,2026-01-30,TEM
TEM260130C00059000,59.0,4.48,3.9,5.0,,1.0,0.8242205078124999,True,CALL,2026-01-30,TEM
TEM260130C00060000,60.0,3.6,2.95,3.85,180.0,194.0,0.6289099609375001,True,CALL,2026-01-30,TEM
TEM260130C00061000,61.0,6.85,2.51,2.91,2.0,105.0,0.72070591796875,True,CALL,2026-01-30,TEM
TEM260130C00062000,62.0,2.06,1.63,1.95,5.0,113.0,0.5839885351562499,True,CALL,2026-01-30,TEM
TEM260130C00063000,63.0,1.31,1.11,1.41,39.0,188.0,0.6181678808593751,True,CALL,2026-01-30,TEM
TEM260130C00064000,64.0,0.75,0.62,0.83,23.0,99.0,0.5722699023437501,False,CALL,2026-01-30,TEM
TEM260130C00065000,65.0,0.48,0.31,0.49,417.0,606.0,0.5625043750000001,False,CALL,2026-01-30,TEM
TEM260130C00066000,66.0,0.24,0.17,0.23,342.0,559.0,0.5546919531250001,False,CALL,2026-01-30,TEM
TEM260130C00067000,67.0,0.12,0.09,0.12,399.0,628.0,0.570316796875,False,CALL,2026-01-30,TEM
TEM260130C00068000,68.0,0.07,0.04,0.09,117.0,457.0,0.6093789062500001,False,CALL,2026-01-30,TEM
TEM260130C00069000,69.0,0.04,0.02,0.08,79.0,647.0,0.6679720703125002,False,CALL,2026-01-30,TEM
TEM260130C00070000,70.0,0.03,0.01,0.04,616.0,1583.0,0.6718782812500002,False,CALL,2026-01-30,TEM
TEM260130C00071000,71.0,0.02,0.02,0.03,218.0,576.0,0.7500025,False,CALL,2026-01-30,TEM
TEM260130C00072000,72.0,0.01,0.0,0.03,120.0,701.0,0.7656273437500001,False,CALL,2026-01-30,TEM
TEM260130C00073000,73.0,0.02,0.01,0.04,18.0,563.0,0.9062509375,False,CALL,2026-01-30,TEM
TEM260130C00074000,74.0,0.01,0.0,0.01,79.0,829.0,0.8125018749999999,False,CALL,2026-01-30,TEM
TEM260130C00075000,75.0,0.02,0.0,0.04,68.0,1372.0,1.015629921875,False,CALL,2026-01-30,TEM
TEM260130C00076000,76.0,0.01,0.0,0.01,16.0,260.0,0.937500625,False,CALL,2026-01-30,TEM
TEM260130C00077000,77.0,0.02,0.0,0.17,5.0,277.0,1.4179716601562502,False,CALL,2026-01-30,TEM
TEM260130C00078000,78.0,0.02,0.0,0.04,13.0,805.0,1.203128984375,False,CALL,2026-01-30,TEM
TEM260130C00079000,79.0,0.02,0.0,0.15,4.0,369.0,1.5312523437499999,False,CALL,2026-01-30,TEM
TEM260130C00080000,80.0,0.01,0.0,0.02,10.0,1098.0,1.21875390625,False,CALL,2026-01-30,TEM
TEM260130C00081000,81.0,0.03,0.0,0.1,1.0,74.0,1.5781271093749998,False,CALL,2026-01-30,TEM
TEM260130C00082000,82.0,0.01,0.0,0.53,5.0,228.0,2.1875045312499997,False,CALL,2026-01-30,TEM
TEM260130P00045000,45.0,0.03,0.0,0.05,1.0,123.0,1.96875015625,False,PUT,2026-01-30,TEM
TEM260130P00049000,49.0,0.02,0.01,0.05,18.0,125.0,1.5468772656249998,False,PUT,2026-01-30,TEM
TEM260130P00050000,50.0,0.08,0.01,0.1,3.0,99.0,1.5781271093749998,False,PUT,2026-01-30,TEM
TEM260130P00051000,51.0,0.02,0.0,0.76,12.0,18.0,2.16406708984375,False,PUT,2026-01-30,TEM
TEM260130P00052000,52.0,0.03,0.0,0.56,6.0,30.0,1.86328193359375,False,PUT,2026-01-30,TEM
TEM260130P00053000,53.0,0.13,0.01,0.06,1.0,98.0,1.15625421875,False,PUT,2026-01-30,TEM
TEM260130P00054000,54.0,0.06,0.01,0.1,2.0,174.0,1.125004375,False,PUT,2026-01-30,TEM
TEM260130P00055000,55.0,0.04,0.02,0.07,52.0,500.0,0.9765627343750001,False,PUT,2026-01-30,TEM
TEM260130P00056000,56.0,0.04,0.02,0.05,1.0,81.0,0.8359391406249999,False,PUT,2026-01-30,TEM
TEM260130P00057000,57.0,0.08,0.02,0.08,1.0,100.0,0.7773459765625,False,PUT,2026-01-30,TEM
TEM260130P00058000,58.0,0.08,0.05,0.18,6.0,409.0,0.79687703125,False,PUT,2026-01-30,TEM
TEM260130P00059000,59.0,0.09,0.06,0.2,14.0,288.0,0.69336244140625,False,PUT,2026-01-30,TEM
TEM260130P00060000,60.0,0.18,0.15,0.2,243.0,656.0,0.6132851171875001,False,PUT,2026-01-30,TEM
TEM260130P00061000,61.0,0.33,0.25,0.44,109.0,229.0,0.6113320117187502,False,PUT,2026-01-30,TEM
TEM260130P00062000,62.0,0.64,0.48,0.7,54.0,879.0,0.5898478515625001,False,PUT,2026-01-30,TEM
TEM260130P00063000,63.0,0.88,0.87,1.04,134.0,550.0,0.567387138671875,False,PUT,2026-01-30,TEM
TEM260130P00064000,64.0,1.21,1.3,1.53,51.0,414.0,0.51562984375,True,PUT,2026-01-30,TEM
TEM260130P00065000,65.0,2.12,1.97,2.2,98.0,1314.0,0.56836369140625,True,PUT,2026-01-30,TEM
TEM260130P00066000,66.0,2.9,2.72,3.15,54.0,645.0,0.5019581054687501,True,PUT,2026-01-30,TEM
TEM260130P00067000,67.0,3.62,3.35,4.3,11.0,369.0,0.940430283203125,True,PUT,2026-01-30,TEM
TEM260130P00068000,68.0,4.93,4.55,5.3,5.0,198.0,0.7187528125,True,PUT,2026-01-30,TEM
TEM260130P00069000,69.0,5.5,5.3,6.1,2.0,123.0,1.0273486132812502,True,PUT,2026-01-30,TEM
TEM260130P00070000,70.0,6.56,6.1,7.2,8.0,238.0,1.2402381738281247,True,PUT,2026-01-30,TEM
TEM260130P00071000,71.0,7.63,7.3,8.15,4.0,26.0,1.3046909765624997,True,PUT,2026-01-30,TEM
TEM260130P00072000,72.0,7.2,8.3,9.2,4.0,11.0,1.46484642578125,True,PUT,2026-01-30,TEM
TEM260130P00073000,73.0,7.35,9.1,10.2,17.0,14.0,1.572267763671875,True,PUT,2026-01-30,TEM
TEM260130P00074000,74.0,7.5,10.1,11.2,1.0,10.0,1.67578287109375,True,PUT,2026-01-30,TEM
TEM260130P00075000,75.0,11.0,11.1,12.2,6.0,21.0,1.7753917480468748,True,PUT,2026-01-30,TEM
TEM260130P00076000,76.0,13.5,11.2,13.2,4.0,0.0,1.873047509765625,True,PUT,2026-01-30,TEM
TEM260130P00077000,77.0,10.05,12.2,14.2,1.0,4.0,1.966797041015625,True,PUT,2026-01-30,TEM
TEM260130P00078000,78.0,10.73,13.2,15.2,2.0,0.0,2.058598603515625,True,PUT,2026-01-30,TEM
TEM260130P00079000,79.0,11.5,14.2,16.5,,6.0,2.486331909179688,True,PUT,2026-01-30,TEM
TEM260130P00080000,80.0,12.76,15.2,17.5,1.0,0.0,2.582034794921875,True,PUT,2026-01-30,TEM
TEM260130P00081000,81.0,10.51,16.2,18.6,1.0,0.0,2.7753936865234374,True,PUT,2026-01-30,TEM
TEM260206C00045000,45.0,26.56,17.8,18.9,3.0,9.0,1.197269638671875,True,CALL,2026-02-06,TEM
TEM260206C00050000,50.0,13.7,12.9,15.0,,1.0,1.3154331103515622,True,CALL,2026-02-06,TEM
TEM260206C00055000,55.0,12.5,8.1,9.2,1.0,3.0,0.7695335546875001,True,CALL,2026-02-06,TEM
TEM260206C00056000,56.0,12.76,7.1,8.9,,60.0,0.851563984375,True,CALL,2026-02-06,TEM
TEM260206C00057000,57.0,8.38,6.3,7.85,1.0,1.0,0.79883013671875,True,CALL,2026-02-06,TEM
TEM260206C00058000,58.0,11.84,5.65,7.45,1.0,1.0,0.8740246972656249,True,CALL,2026-02-06,TEM
TEM260206C00059000,59.0,9.79,4.7,6.15,1.0,6.0,0.7417018017578124,True,CALL,2026-02-06,TEM
TEM260206C00060000,60.0,6.74,4.2,5.75,10.0,27.0,0.80664255859375,True,CALL,2026-02-06,TEM
TEM260206C00061000,61.0,4.95,3.55,4.1,1.0,6.0,0.6611362011718751,True,CALL,2026-02-06,TEM
TEM260206C00062000,62.0,4.25,3.0,3.5,21.0,24.0,0.6630893066406252,True,CALL,2026-02-06,TEM
TEM260206C00063000,63.0,2.8,2.52,2.71,50.0,20.0,0.6347692773437501,True,CALL,2026-02-06,TEM
TEM260206C00064000,64.0,2.14,2.08,2.23,113.0,30.0,0.6352575537109376,False,CALL,2026-02-06,TEM
TEM260206C00065000,65.0,1.82,1.66,1.82,68.0,127.0,0.6313513427734375,False,CALL,2026-02-06,TEM
TEM260206C00066000,66.0,1.4,1.35,1.47,36.0,313.0,0.6347692773437501,False,CALL,2026-02-06,TEM
TEM260206C00067000,67.0,1.17,1.02,1.18,24.0,97.0,0.6284216845703126,False,CALL,2026-02-06,TEM
TEM260206C00068000,68.0,0.98,0.75,0.92,47.0,111.0,0.6196327099609377,False,CALL,2026-02-06,TEM
TEM260206C00069000,69.0,0.67,0.62,0.67,29.0,185.0,0.6201209863281252,False,CALL,2026-02-06,TEM
TEM260206C00070000,70.0,0.5,0.48,0.51,1156.0,961.0,0.6210975390625001,False,CALL,2026-02-06,TEM
TEM260206C00071000,71.0,0.36,0.35,0.4,34.0,166.0,0.622074091796875,False,CALL,2026-02-06,TEM
TEM260206C00072000,72.0,0.32,0.26,0.31,53.0,238.0,0.6250037500000001,False,CALL,2026-02-06,TEM
TEM260206C00073000,73.0,0.24,0.2,0.23,29.0,221.0,0.6289099609375001,False,CALL,2026-02-06,TEM
TEM260206C00074000,74.0,0.18,0.16,0.26,7.0,234.0,0.6689486230468751,False,CALL,2026-02-06,TEM
TEM260206C00075000,75.0,0.13,0.13,0.17,32.0,430.0,0.6621127539062501,False,CALL,2026-02-06,TEM
TEM260206C00076000,76.0,0.1,0.1,0.13,25.0,121.0,0.6679720703125002,False,CALL,2026-02-06,TEM
TEM260206C00077000,77.0,0.1,0.06,0.1,13.0,368.0,0.6601596484375001,False,CALL,2026-02-06,TEM
TEM260206C00078000,78.0,0.09,0.05,0.18,2.0,138.0,0.7421900781249999,False,CALL,2026-02-06,TEM
TEM260206C00079000,79.0,0.06,0.02,0.21,41.0,30.0,0.7773459765625,False,CALL,2026-02-06,TEM
TEM260206C00080000,80.0,0.25,0.0,0.59,5.0,196.0,0.9775392871093751,False,CALL,2026-02-06,TEM
TEM260206C00081000,81.0,0.1,0.0,0.75,1.0,33.0,1.0722702636718753,False,CALL,2026-02-06,TEM
TEM260206C00082000,82.0,0.26,0.0,0.8,1.0,20.0,1.12891060546875,False,CALL,2026-02-06,TEM
TEM260206P00045000,45.0,0.02,0.0,0.73,1.0,247.0,1.455080849609375,False,PUT,2026-02-06,TEM
TEM260206P00049000,49.0,0.43,0.0,0.75,2.0,24.0,1.162113564453125,False,PUT,2026-02-06,TEM
TEM260206P00050000,50.0,0.06,0.01,0.29,2.0,44.0,0.8886729882812499,False,PUT,2026-02-06,TEM
TEM260206P00052000,52.0,0.16,0.0,0.9,2.0,14.0,0.993164130859375,False,PUT,2026-02-06,TEM
TEM260206P00053000,53.0,0.1,0.0,0.75,1.0,66.0,0.87500125,False,PUT,2026-02-06,TEM
TEM260206P00054000,54.0,0.24,0.14,0.27,5.0,125.0,0.6894562304687502,False,PUT,2026-02-06,TEM
TEM260206P00055000,55.0,0.25,0.2,0.32,508.0,131.0,0.6640658593750002,False,PUT,2026-02-06,TEM
TEM260206P00056000,56.0,0.4,0.32,0.48,1.0,34.0,0.676761044921875,False,PUT,2026-02-06,TEM
TEM260206P00057000,57.0,0.48,0.42,0.62,8.0,114.0,0.6601596484375001,False,PUT,2026-02-06,TEM
TEM260206P00058000,58.0,0.72,0.6,0.75,39.0,215.0,0.6450230810546875,False,PUT,2026-02-06,TEM
TEM260206P00059000,59.0,0.89,0.8,0.97,34.0,120.0,0.6357458300781251,False,PUT,2026-02-06,TEM
TEM260206P00060000,60.0,1.17,1.07,1.18,59.0,396.0,0.6210975390625001,False,PUT,2026-02-06,TEM
TEM260206P00061000,61.0,1.57,1.41,1.51,95.0,141.0,0.6186561572265626,False,PUT,2026-02-06,TEM
TEM260206P00062000,62.0,1.86,1.79,1.96,26.0,147.0,0.6206092626953126,False,PUT,2026-02-06,TEM
TEM260206P00063000,63.0,2.46,2.24,2.4,34.0,143.0,0.6132851171875001,False,PUT,2026-02-06,TEM
TEM260206P00064000,64.0,2.84,2.75,2.92,271.0,188.0,0.6074258007812501,True,PUT,2026-02-06,TEM
TEM260206P00065000,65.0,3.1,3.3,3.5,19.0,250.0,0.5976602734375001,True,PUT,2026-02-06,TEM
TEM260206P00066000,66.0,3.95,3.95,4.2,15.0,307.0,0.6005899316406251,True,PUT,2026-02-06,TEM
TEM260206P00067000,67.0,4.62,4.5,5.0,9.0,66.0,0.586918193359375,True,PUT,2026-02-06,TEM
TEM260206P00068000,68.0,5.58,5.15,5.85,4.0,117.0,0.57812921875,True,PUT,2026-02-06,TEM
TEM260206P00069000,69.0,4.5,5.7,7.05,11.0,160.0,0.5976602734375001,True,PUT,2026-02-06,TEM
TEM260206P00070000,70.0,7.34,6.5,7.75,1.0,142.0,0.5498091894531252,True,PUT,2026-02-06,TEM
TEM260206P00071000,71.0,8.13,7.4,8.7,91.0,134.0,0.5625043750000001,True,PUT,2026-02-06,TEM
TEM260206P00072000,72.0,4.62,8.55,9.5,1.0,1.0,0.59570716796875,True,PUT,2026-02-06,TEM
TEM260206P00073000,73.0,5.91,9.2,10.3,1.0,23.0,0.789064609375,True,PUT,2026-02-06,TEM
TEM260206P00074000,74.0,8.05,10.2,11.3,1.0,10.0,0.8398453515625,True,PUT,2026-02-06,TEM
TEM260206P00075000,75.0,8.75,11.2,12.25,7.0,13.0,0.8632826171875,True,PUT,2026-02-06,TEM
TEM260206P00076000,76.0,9.82,11.2,13.3,3.0,4.0,0.9355475195312499,True,PUT,2026-02-06,TEM
TEM260206P00077000,77.0,11.89,12.2,14.2,6.0,3.0,0.92773509765625,True,PUT,2026-02-06,TEM
TEM260206P00078000,78.0,11.58,13.2,15.2,1.0,0.0,0.9707034179687499,True,PUT,2026-02-06,TEM
TEM260213C00050000,50.0,19.33,12.9,14.3,,3.0,0.8251970605468748,True,CALL,2026-02-13,TEM
TEM260213C00054000,54.0,17.0,9.55,11.6,,20.0,0.936524072265625,True,CALL,2026-02-13,TEM
TEM260213C00057000,57.0,8.7,7.1,8.8,,27.0,0.8227556787109375,True,CALL,2026-02-13,TEM
TEM260213C00060000,60.0,7.4,5.1,5.7,1.0,106.0,0.6938507177734375,True,CALL,2026-02-13,TEM
TEM260213C00061000,61.0,10.86,4.5,5.0,2.0,4.0,0.6821320849609377,True,CALL,2026-02-13,TEM
TEM260213C00062000,62.0,5.82,3.95,4.45,1.0,19.0,0.6816438085937502,True,CALL,2026-02-13,TEM
TEM260213C00063000,63.0,3.6,3.45,3.8,32.0,32.0,0.6679720703125002,True,CALL,2026-02-13,TEM
TEM260213C00064000,64.0,3.5,3.0,3.4,3.0,56.0,0.6748079394531252,False,CALL,2026-02-13,TEM
TEM260213C00065000,65.0,3.07,2.58,2.87,2.0,26.0,0.6630893066406252,False,CALL,2026-02-13,TEM
TEM260213C00066000,66.0,2.5,2.2,2.49,12.0,137.0,0.6616244775390626,False,CALL,2026-02-13,TEM
TEM260213C00067000,67.0,2.15,1.88,2.13,24.0,35.0,0.6601596484375001,False,CALL,2026-02-13,TEM
TEM260213C00068000,68.0,1.8,1.58,1.85,8.0,99.0,0.6606479248046876,False,CALL,2026-02-13,TEM
TEM260213C00069000,69.0,1.59,1.31,1.56,7.0,82.0,0.6557651611328126,False,CALL,2026-02-13,TEM
TEM260213C00070000,70.0,1.34,1.12,1.3,29.0,166.0,0.6557651611328126,False,CALL,2026-02-13,TEM
TEM260213C00071000,71.0,1.0,0.93,1.16,3.0,99.0,0.6630893066406252,False,CALL,2026-02-13,TEM
TEM260213C00072000,72.0,0.82,0.72,0.97,20.0,124.0,0.6543003320312502,False,CALL,2026-02-13,TEM
TEM260213C00073000,73.0,0.76,0.59,0.88,6.0,101.0,0.6645541357421877,False,CALL,2026-02-13,TEM
TEM260213C00074000,74.0,0.6,0.51,0.74,8.0,63.0,0.6689486230468751,False,CALL,2026-02-13,TEM
TEM260213C00075000,75.0,0.6,0.46,0.59,17.0,160.0,0.6718782812500002,False,CALL,2026-02-13,TEM
TEM260213C00076000,76.0,0.65,0.32,0.56,5.0,32.0,0.6743196630859377,False,CALL,2026-02-13,TEM
TEM260213C00077000,77.0,0.39,0.3,0.48,2.0,32.0,0.6865265722656251,False,CALL,2026-02-13,TEM
TEM260213C00078000,78.0,0.38,0.25,0.41,4.0,33.0,0.6904327832031252,False,CALL,2026-02-13,TEM
TEM260213C00079000,79.0,0.27,0.2,0.34,2.0,8.0,0.6894562304687502,False,CALL,2026-02-13,TEM
TEM260213C00080000,80.0,0.23,0.2,0.33,5.0,222.0,0.71679970703125,False,CALL,2026-02-13,TEM
TEM260213C00081000,81.0,0.19,0.08,0.31,5.0,70.0,0.6992217578125001,False,CALL,2026-02-13,TEM
TEM260213C00082000,82.0,0.3,0.0,0.75,10.0,34.0,0.8339860351562498,False,CALL,2026-02-13,TEM
TEM260213P00045000,45.0,0.11,0.0,0.1,15.0,41.0,0.7617211328125001,False,PUT,2026-02-13,TEM
TEM260213P00049000,49.0,0.01,0.0,0.75,2.0,12.0,0.8710950390625,False,PUT,2026-02-13,TEM
TEM260213P00050000,50.0,0.21,0.19,0.27,4.0,493.0,0.72851833984375,False,PUT,2026-02-13,TEM
TEM260213P00051000,51.0,0.32,0.0,0.75,1.0,6.0,0.762697685546875,False,PUT,2026-02-13,TEM
TEM260213P00052000,52.0,0.35,0.29,0.39,4.0,8.0,0.6914093359375001,False,PUT,2026-02-13,TEM
TEM260213P00053000,53.0,0.32,0.0,0.56,6.0,31.0,0.6084023535156251,False,PUT,2026-02-13,TEM
TEM260213P00054000,54.0,0.56,0.44,0.67,2.0,14.0,0.676761044921875,False,PUT,2026-02-13,TEM
TEM260213P00055000,55.0,0.66,0.59,0.76,39.0,112.0,0.6621127539062501,False,PUT,2026-02-13,TEM
TEM260213P00056000,56.0,0.72,0.76,0.99,2.0,20.0,0.6640658593750002,False,PUT,2026-02-13,TEM
TEM260213P00057000,57.0,1.04,0.97,1.23,22.0,52.0,0.6626010302734376,False,PUT,2026-02-13,TEM
TEM260213P00058000,58.0,1.36,1.22,1.48,2.0,62.0,0.6577182666015625,False,PUT,2026-02-13,TEM
TEM260213P00059000,59.0,1.55,1.5,1.74,4.0,516.0,0.6489292919921875,False,PUT,2026-02-13,TEM
TEM260213P00060000,60.0,1.91,1.79,2.11,4.0,283.0,0.6440465283203125,False,PUT,2026-02-13,TEM
TEM260213P00061000,61.0,2.4,2.2,2.51,203.0,59.0,0.6452672192382812,False,PUT,2026-02-13,TEM
TEM260213P00062000,62.0,2.9,2.53,2.9,4.0,290.0,0.6286658227539064,False,PUT,2026-02-13,TEM
TEM260213P00063000,63.0,3.3,3.0,3.5,9.0,186.0,0.6367223828125,False,PUT,2026-02-13,TEM
TEM260213P00064000,64.0,3.6,3.35,4.05,6.0,30.0,0.6196327099609377,True,PUT,2026-02-13,TEM
TEM260213P00065000,65.0,4.2,4.1,4.5,5.0,182.0,0.622074091796875,True,PUT,2026-02-13,TEM
TEM260213P00066000,66.0,4.85,4.7,5.2,3.0,43.0,0.6254920263671876,True,PUT,2026-02-13,TEM
TEM260213P00067000,67.0,4.62,5.25,5.9,10.0,185.0,0.6157264990234376,True,PUT,2026-02-13,TEM
TEM260213P00068000,68.0,6.37,6.1,6.55,2.0,48.0,0.6225623681640625,True,PUT,2026-02-13,TEM
TEM260213P00069000,69.0,6.88,6.85,7.3,1.0,6.0,0.622074091796875,True,PUT,2026-02-13,TEM
TEM260213P00070000,70.0,7.69,7.5,8.15,2.0,32.0,0.6132851171875001,True,PUT,2026-02-13,TEM
TEM260213P00071000,71.0,9.15,7.9,9.4,6.0,16.0,0.6147499462890625,True,PUT,2026-02-13,TEM
TEM260213P00072000,72.0,10.5,9.05,10.05,6.0,15.0,0.6303747900390625,True,PUT,2026-02-13,TEM
TEM260213P00073000,73.0,8.3,9.5,11.15,2.0,4.0,0.6005899316406251,True,PUT,2026-02-13,TEM
TEM260213P00074000,74.0,8.64,10.4,12.05,1.0,17.0,0.6020547607421877,True,PUT,2026-02-13,TEM
TEM260213P00075000,75.0,12.0,11.4,13.0,1.0,5.0,0.6279334082031252,True,PUT,2026-02-13,TEM
TEM260213P00076000,76.0,10.35,12.2,13.45,3.0,3.0,0.75586181640625,True,PUT,2026-02-13,TEM
TEM260213P00078000,78.0,10.69,14.2,15.35,1.0,4.0,0.790041162109375,True,PUT,2026-02-13,TEM
TEM260213P00079000,79.0,9.55,15.1,16.45,1.0,1.0,0.86132951171875,True,PUT,2026-02-13,TEM
TEM260213P00080000,80.0,13.81,16.1,17.3,,1.0,0.8349625878906248,True,PUT,2026-02-13,TEM
TEM260220C00045000,45.0,22.68,18.1,20.1,1.0,3.0,1.1464886425781249,True,CALL,2026-02-20,TEM
TEM260220C00050000,50.0,15.98,13.3,14.5,1.0,61.0,0.8051777294921875,True,CALL,2026-02-20,TEM
TEM260220C00055000,55.0,9.83,9.2,10.1,3.0,24.0,0.7407252490234374,True,CALL,2026-02-20,TEM
TEM260220C00058000,58.0,7.8,6.95,8.35,,2.0,0.7563500927734376,True,CALL,2026-02-20,TEM
TEM260220C00060000,60.0,6.55,5.75,6.2,10.0,1601.0,0.6777375976562501,True,CALL,2026-02-20,TEM
TEM260220C00061000,61.0,5.88,5.2,5.55,,5.0,0.6723665576171877,True,CALL,2026-02-20,TEM
TEM260220C00062000,62.0,4.65,4.6,4.85,11.0,113.0,0.6533237792968751,True,CALL,2026-02-20,TEM
TEM260220C00063000,63.0,4.25,4.1,4.35,18.0,13.0,0.6523472265625001,True,CALL,2026-02-20,TEM
TEM260220C00064000,64.0,3.9,3.65,3.85,28.0,14.0,0.649417568359375,False,CALL,2026-02-20,TEM
TEM260220C00065000,65.0,3.32,3.2,3.4,239.0,1467.0,0.6445348046875,False,CALL,2026-02-20,TEM
TEM260220C00066000,66.0,2.89,2.82,3.05,12.0,57.0,0.6472203247070312,False,CALL,2026-02-20,TEM
TEM260220C00067000,67.0,2.7,2.47,2.67,8.0,190.0,0.6442906665039063,False,CALL,2026-02-20,TEM
TEM260220C00068000,68.0,2.4,2.15,2.35,52.0,162.0,0.6430699755859376,False,CALL,2026-02-20,TEM
TEM260220C00069000,69.0,2.14,1.88,2.07,5.0,65.0,0.6442906665039063,False,CALL,2026-02-20,TEM
TEM260220C00070000,70.0,1.73,1.65,1.78,74.0,2374.0,0.6430699755859376,False,CALL,2026-02-20,TEM
TEM260220C00071000,71.0,1.59,1.44,1.58,80.0,93.0,0.6467320483398438,False,CALL,2026-02-20,TEM
TEM260220C00072000,72.0,1.35,1.22,1.39,35.0,145.0,0.6459996337890624,False,CALL,2026-02-20,TEM
TEM260220C00073000,73.0,1.21,1.08,1.16,52.0,77.0,0.6440465283203125,False,CALL,2026-02-20,TEM
TEM260220C00074000,74.0,1.04,0.93,1.06,6.0,26.0,0.6513706738281251,False,CALL,2026-02-20,TEM
TEM260220C00075000,75.0,0.85,0.81,0.9,109.0,2390.0,0.6508823974609376,False,CALL,2026-02-20,TEM
TEM260220C00076000,76.0,0.75,0.69,0.86,4.0,55.0,0.6621127539062501,False,CALL,2026-02-20,TEM
TEM260220C00077000,77.0,0.82,0.59,0.76,35.0,54.0,0.6645541357421877,False,CALL,2026-02-20,TEM
TEM260220C00078000,78.0,0.59,0.51,0.64,10.0,103.0,0.6635775830078127,False,CALL,2026-02-20,TEM
TEM260220C00079000,79.0,0.51,0.44,0.55,5.0,37.0,0.6645541357421877,False,CALL,2026-02-20,TEM
TEM260220C00080000,80.0,0.43,0.41,0.44,263.0,2273.0,0.6655306884765627,False,CALL,2026-02-20,TEM
TEM260220C00081000,81.0,0.42,0.28,0.48,1.0,6.0,0.6728548339843752,False,CALL,2026-02-20,TEM
TEM260220C00082000,82.0,0.36,0.31,0.42,2.0,24.0,0.6914093359375001,False,CALL,2026-02-20,TEM
TEM260220P00045000,45.0,0.15,0.12,0.18,4.0,152.0,0.7578149218750001,False,PUT,2026-02-20,TEM
TEM260220P00050000,50.0,0.4,0.37,0.42,74.0,872.0,0.6904327832031252,False,PUT,2026-02-20,TEM
TEM260220P00055000,55.0,1.15,1.01,1.17,18.0,857.0,0.6596713720703126,False,PUT,2026-02-20,TEM
TEM260220P00058000,58.0,1.85,1.77,1.91,9.0,139.0,0.6445348046875,False,PUT,2026-02-20,TEM
TEM260220P00059000,59.0,2.15,2.07,2.26,6.0,114.0,0.64062859375,False,PUT,2026-02-20,TEM
TEM260220P00060000,60.0,2.49,2.43,2.52,19.0,1972.0,0.6281775463867189,False,PUT,2026-02-20,TEM
TEM260220P00061000,61.0,2.83,2.76,2.92,7.0,28.0,0.6189002954101563,False,PUT,2026-02-20,TEM
TEM260220P00062000,62.0,2.9,3.2,3.5,1.0,89.0,0.6267127172851563,False,PUT,2026-02-20,TEM
TEM260220P00063000,63.0,3.13,3.65,3.9,5.0,31.0,0.6145058081054688,False,PUT,2026-02-20,TEM
TEM260220P00064000,64.0,4.3,4.2,4.5,3.0,25.0,0.6196327099609377,True,PUT,2026-02-20,TEM
TEM260220P00065000,65.0,4.8,4.75,5.05,84.0,630.0,0.6145058081054688,True,PUT,2026-02-20,TEM
TEM260220P00066000,66.0,5.4,5.3,5.65,1.0,45.0,0.6071816625976563,True,PUT,2026-02-20,TEM
TEM260220P00067000,67.0,6.1,5.95,6.25,1.0,262.0,0.6015664843750002,True,PUT,2026-02-20,TEM
TEM260220P00068000,68.0,5.18,6.65,7.05,57.0,118.0,0.6108437353515627,True,PUT,2026-02-20,TEM
TEM260220P00069000,69.0,7.85,7.35,8.0,3.0,143.0,0.6284216845703126,True,PUT,2026-02-20,TEM
TEM260220P00070000,70.0,8.1,7.95,8.65,6.0,544.0,0.6049844189453126,True,PUT,2026-02-20,TEM
TEM260220P00071000,71.0,10.01,8.4,9.6,,1.0,0.5874064697265625,True,PUT,2026-02-20,TEM
TEM260220P00074000,74.0,6.97,10.9,12.1,50.0,53.0,0.5810588769531251,True,PUT,2026-02-20,TEM
TEM260220P00075000,75.0,11.75,12.0,13.0,5.0,222.0,0.6132851171875001,True,PUT,2026-02-20,TEM
TEM260220P00077000,77.0,11.1,12.6,14.8,,4.0,0.7539087109375,True,PUT,2026-02-20,TEM
TEM260220P00078000,78.0,13.83,14.6,15.75,2.0,1.0,0.5981485498046876,True,PUT,2026-02-20,TEM
TEM260220P00080000,80.0,15.23,16.7,17.5,2.0,132.0,0.6181678808593751,True,PUT,2026-02-20,TEM
TEM260227C00045000,45.0,26.85,17.3,20.1,,1.0,0.8378922460937499,True,CALL,2026-02-27,TEM
TEM260227C00050000,50.0,20.38,13.5,15.65,3.0,2.0,0.87695435546875,True,CALL,2026-02-27,TEM
TEM260227C00059000,59.0,11.2,7.15,7.75,,1.0,0.7229031616210937,True,CALL,2026-02-27,TEM
TEM260227C00060000,60.0,8.0,6.5,7.15,6.0,14.0,0.7155790161132812,True,CALL,2026-02-27,TEM
TEM260227C00061000,61.0,6.42,5.7,7.3,1.0,7.0,0.7473169799804689,True,CALL,2026-02-27,TEM
TEM260227C00062000,62.0,6.1,5.4,6.15,8.0,11.0,0.71679970703125,True,CALL,2026-02-27,TEM
TEM260227C00064000,64.0,7.45,4.4,5.05,25.0,37.0,0.7006865869140625,False,CALL,2026-02-27,TEM
TEM260227C00065000,65.0,4.29,4.15,4.5,66.0,46.0,0.7038603833007813,False,CALL,2026-02-27,TEM
TEM260227C00066000,66.0,4.4,3.35,4.85,28.0,120.0,0.7270535107421875,False,CALL,2026-02-27,TEM
TEM260227C00067000,67.0,3.51,3.05,3.85,5.0,93.0,0.6870148486328126,False,CALL,2026-02-27,TEM
TEM260227C00068000,68.0,3.28,2.74,3.45,3.0,98.0,0.6840851904296876,False,CALL,2026-02-27,TEM
TEM260227C00069000,69.0,3.9,2.54,3.75,1.0,53.0,0.7360866235351562,False,CALL,2026-02-27,TEM
TEM260227C00070000,70.0,2.7,2.45,2.97,129.0,320.0,0.7146024633789063,False,CALL,2026-02-27,TEM
TEM260227C00071000,71.0,2.25,2.08,2.72,3.0,21.0,0.7075224560546876,False,CALL,2026-02-27,TEM
TEM260227C00072000,72.0,2.2,1.96,2.36,37.0,120.0,0.7075224560546876,False,CALL,2026-02-27,TEM
TEM260227C00073000,73.0,3.95,1.5,2.45,6.0,12.0,0.7131376342773439,False,CALL,2026-02-27,TEM
TEM260227C00074000,74.0,1.71,1.44,1.98,1.0,64.0,0.702151416015625,False,CALL,2026-02-27,TEM
TEM260227C00075000,75.0,1.5,1.32,1.6,69.0,368.0,0.6894562304687502,False,CALL,2026-02-27,TEM
TEM260227C00076000,76.0,2.76,1.05,1.77,1.0,9.0,0.7104521142578125,False,CALL,2026-02-27,TEM
TEM260227C00077000,77.0,1.35,1.04,1.7,3.0,18.0,0.7324245507812499,False,CALL,2026-02-27,TEM
TEM260227C00078000,78.0,1.5,0.76,1.3,12.0,122.0,0.6904327832031252,False,CALL,2026-02-27,TEM
TEM260227C00079000,79.0,1.08,0.7,1.28,16.0,25.0,0.708010732421875,False,CALL,2026-02-27,TEM
TEM260227C00080000,80.0,0.87,0.74,0.95,3.0,149.0,0.6992217578125001,False,CALL,2026-02-27,TEM
TEM260227C00081000,81.0,1.42,0.48,1.45,2.0,8.0,0.7534204345703125,False,CALL,2026-02-27,TEM
TEM260227C00082000,82.0,0.85,0.54,0.85,17.0,221.0,0.7084990087890625,False,CALL,2026-02-27,TEM
TEM260227P00045000,45.0,0.25,0.0,0.6,1.0,46.0,0.76367423828125,False,PUT,2026-02-27,TEM
TEM260227P00050000,50.0,0.75,0.64,0.86,6.0,90.0,0.7246121289062499,False,PUT,2026-02-27,TEM
TEM260227P00052000,52.0,0.8,0.63,1.32,1.0,3.0,0.6938507177734375,False,PUT,2026-02-27,TEM
TEM260227P00053000,53.0,0.99,0.7,1.65,2.0,8.0,0.69336244140625,False,PUT,2026-02-27,TEM
TEM260227P00054000,54.0,1.01,1.01,1.78,2.0,18.0,0.6914093359375001,False,PUT,2026-02-27,TEM
TEM260227P00055000,55.0,1.6,1.4,2.01,39.0,195.0,0.7016631396484375,False,PUT,2026-02-27,TEM
TEM260227P00056000,56.0,1.42,1.35,2.3,6.0,12.0,0.6709017285156251,False,PUT,2026-02-27,TEM
TEM260227P00057000,57.0,1.83,1.7,2.75,4.0,52.0,0.6857941577148439,False,PUT,2026-02-27,TEM
TEM260227P00058000,58.0,2.52,2.03,2.77,1.0,24.0,0.6577182666015625,False,PUT,2026-02-27,TEM
TEM260227P00059000,59.0,2.22,2.33,3.3,1.0,32.0,0.6640658593750002,False,PUT,2026-02-27,TEM
TEM260227P00060000,60.0,3.14,2.68,3.6,394.0,136.0,0.6513706738281251,False,PUT,2026-02-27,TEM
TEM260227P00061000,61.0,3.0,3.1,4.0,3.0,10.0,0.6467320483398438,False,PUT,2026-02-27,TEM
TEM260227P00062000,62.0,4.16,3.85,4.4,23.0,87.0,0.6606479248046876,False,PUT,2026-02-27,TEM
TEM260227P00063000,63.0,4.15,4.2,5.1,1.0,23.0,0.6623568920898439,False,PUT,2026-02-27,TEM
TEM260227P00064000,64.0,5.2,4.6,5.6,11.0,64.0,0.6489292919921875,True,PUT,2026-02-27,TEM
TEM260227P00065000,65.0,5.78,5.3,6.1,3.0,64.0,0.6518589501953126,True,PUT,2026-02-27,TEM
TEM260227P00066000,66.0,5.02,5.9,6.9,3.0,131.0,0.6645541357421877,True,PUT,2026-02-27,TEM
TEM260227P00067000,67.0,6.9,6.55,7.3,2.0,80.0,0.6481968774414062,True,PUT,2026-02-27,TEM
TEM260227P00068000,68.0,8.15,7.2,8.0,3.0,107.0,0.6489292919921875,True,PUT,2026-02-27,TEM
TEM260227P00069000,69.0,7.12,8.0,9.0,1.0,56.0,0.6784700122070313,True,PUT,2026-02-27,TEM
TEM260227P00070000,70.0,8.98,8.45,9.55,1.0,23.0,0.6450230810546875,True,PUT,2026-02-27,TEM
TEM260227P00071000,71.0,8.5,9.0,10.4,1.0,7.0,0.6367223828125,True,PUT,2026-02-27,TEM
TEM260227P00072000,72.0,7.65,10.15,11.5,,1.0,0.6938507177734375,True,PUT,2026-02-27,TEM
TEM260227P00073000,73.0,9.54,10.85,12.1,1.0,12.0,0.6713900048828126,True,PUT,2026-02-27,TEM
TEM260227P00074000,74.0,10.0,11.3,13.0,1.0,0.0,0.6469761865234375,True,PUT,2026-02-27,TEM
TEM260227P00075000,75.0,11.3,11.4,13.65,4.0,22.0,0.5507857421875001,True,PUT,2026-02-27,TEM
TEM260227P00076000,76.0,11.11,12.2,14.75,,1.0,0.5664105859375,True,PUT,2026-02-27,TEM
TEM260227P00077000,77.0,13.01,13.0,15.1,6.0,8.0,0.72851833984375,True,PUT,2026-02-27,TEM
TEM260227P00080000,80.0,14.21,15.7,18.3,5.0,9.0,0.51562984375,True,PUT,2026-02-27,TEM
TEM260306C00065000,65.0,4.75,4.55,5.45,3.0,19.0,0.717776259765625,False,CALL,2026-03-06,TEM
TEM260306C00067000,67.0,4.45,3.85,4.45,6.0,13.0,0.7070341796875,False,CALL,2026-03-06,TEM
TEM260306C00068000,68.0,3.6,3.45,4.15,1.0,15.0,0.7063017651367188,False,CALL,2026-03-06,TEM
TEM260306C00074000,74.0,3.69,1.94,2.49,4.0,4.0,0.7087431469726562,False,CALL,2026-03-06,TEM
TEM260306C00075000,75.0,1.93,1.78,2.12,11.0,20.0,0.6989776196289064,False,CALL,2026-03-06,TEM
TEM260306C00080000,80.0,1.2,0.7,1.66,1.0,12.0,0.6987334814453126,False,CALL,2026-03-06,TEM
TEM260306P00050000,50.0,1.06,0.96,1.34,1.0,6.0,0.7504907763671875,False,PUT,2026-03-06,TEM
TEM260306P00052000,52.0,1.1,0.85,1.5,18.0,24.0,0.6679720703125002,False,PUT,2026-03-06,TEM
TEM260306P00054000,54.0,1.8,1.53,2.25,1.0,13.0,0.7114286669921875,False,PUT,2026-03-06,TEM
TEM260306P00055000,55.0,1.92,1.45,2.34,1.0,5.0,0.6638217211914064,False,PUT,2026-03-06,TEM
TEM260306P00060000,60.0,3.8,3.65,4.05,12.0,30.0,0.680911394042969,False,PUT,2026-03-06,TEM
TEM260306P00063000,63.0,5.3,4.95,5.55,1.0,1.0,0.6716341430664063,False,PUT,2026-03-06,TEM
TEM260320C00045000,45.0,25.7,18.9,20.1,,1.0,0.8564467480468749,True,CALL,2026-03-20,TEM
TEM260320C00050000,50.0,16.9,14.65,16.7,2.0,4.0,0.8588881298828125,True,CALL,2026-03-20,TEM
TEM260320C00055000,55.0,11.4,11.1,12.1,1.0,45.0,0.7614769946289064,True,CALL,2026-03-20,TEM
TEM260320C00060000,60.0,9.0,8.0,8.5,11.0,92.0,0.70898728515625,True,CALL,2026-03-20,TEM
TEM260320C00065000,65.0,5.7,5.55,5.9,123.0,1259.0,0.6882355395507813,False,CALL,2026-03-20,TEM
TEM260320C00070000,70.0,3.9,3.8,4.1,31.0,1962.0,0.6867707104492189,False,CALL,2026-03-20,TEM
TEM260320C00075000,75.0,2.69,2.54,2.75,40.0,3997.0,0.6833527758789064,False,CALL,2026-03-20,TEM
TEM260320C00080000,80.0,1.75,1.67,1.83,34.0,644.0,0.6831086376953126,False,CALL,2026-03-20,TEM
TEM260320P00045000,45.0,0.75,0.69,0.79,2.0,34.0,0.7314479980468749,False,PUT,2026-03-20,TEM
TEM260320P00050000,50.0,1.55,1.43,1.57,9.0,554.0,0.7045927978515626,False,PUT,2026-03-20,TEM
TEM260320P00055000,55.0,2.8,2.66,2.92,18.0,1097.0,0.6879914013671876,False,PUT,2026-03-20,TEM
TEM260320P00060000,60.0,4.62,4.5,4.75,57.0,3424.0,0.6671175866699222,False,PUT,2026-03-20,TEM
TEM260320P00065000,65.0,7.13,7.05,7.45,12.0,1112.0,0.6644320666503909,True,PUT,2026-03-20,TEM
TEM260320P00070000,70.0,9.2,10.25,10.5,36.0,396.0,0.6508823974609376,True,PUT,2026-03-20,TEM
TEM260320P00075000,75.0,10.05,13.9,14.35,6.0,99.0,0.6499058447265625,True,PUT,2026-03-20,TEM
TEM260320P00080000,80.0,14.4,17.5,18.6,1.0,26.0,0.6149940844726562,True,PUT,2026-03-20,TEM
TEM260417C00045000,45.0,24.95,19.6,21.8,1.0,239.0,0.8796398754882812,True,CALL,2026-04-17,TEM
TEM260417C00050000,50.0,16.2,15.7,17.2,1.0,112.0,0.7854025366210937,True,CALL,2026-04-17,TEM
TEM260417C00055000,55.0,14.55,12.35,13.3,2.0,107.0,0.7369411071777343,True,CALL,2026-04-17,TEM
TEM260417C00060000,60.0,9.83,9.45,9.9,9.0,663.0,0.6977569287109376,True,CALL,2026-04-17,TEM
TEM260417C00065000,65.0,7.4,7.1,7.55,23.0,786.0,0.6894562304687502,False,CALL,2026-04-17,TEM
TEM260417C00070000,70.0,5.4,5.2,5.6,24.0,1226.0,0.6781038049316408,False,CALL,2026-04-17,TEM
TEM260417C00075000,75.0,3.95,3.8,4.2,33.0,1050.0,0.6772493212890626,False,CALL,2026-04-17,TEM
TEM260417C00080000,80.0,2.95,2.8,3.1,67.0,2353.0,0.6782258740234376,False,CALL,2026-04-17,TEM
TEM260417P00045000,45.0,1.14,1.22,1.64,1.0,181.0,0.7199735034179688,False,PUT,2026-04-17,TEM
TEM260417P00050000,50.0,2.32,2.2,2.58,1.0,1208.0,0.6857941577148439,False,PUT,2026-04-17,TEM
TEM260417P00055000,55.0,3.9,3.7,4.0,4.0,1562.0,0.6634555139160159,False,PUT,2026-04-17,TEM
TEM260417P00060000,60.0,5.81,5.7,6.05,13.0,2162.0,0.648441015625,False,PUT,2026-04-17,TEM
TEM260417P00065000,65.0,8.48,8.3,8.7,13.0,2857.0,0.6403844555664062,True,PUT,2026-04-17,TEM
TEM260417P00070000,70.0,11.4,11.35,11.8,1.0,2669.0,0.6284216845703126,True,PUT,2026-04-17,TEM
TEM260417P00075000,75.0,15.0,14.95,15.35,2.0,2453.0,0.6217078845214845,True,PUT,2026-04-17,TEM
TEM260417P00080000,80.0,15.7,18.95,19.45,12.0,588.0,0.6265906481933594,True,PUT,2026-04-17,TEM
TEM260515C00045000,45.0,20.78,20.55,22.4,1.0,3.0,0.8493667407226562,True,CALL,2026-05-15,TEM
TEM260515C00050000,50.0,18.98,16.9,19.0,1.0,1.0,0.8242205078124999,True,CALL,2026-05-15,TEM
TEM260515C00055000,55.0,14.0,13.75,14.95,1.0,4.0,0.7637963073730469,True,CALL,2026-05-15,TEM
TEM260515C00060000,60.0,13.67,10.9,12.6,2.0,48.0,0.7597680273437502,True,CALL,2026-05-15,TEM
TEM260515C00065000,65.0,8.9,8.65,9.35,3.0,35.0,0.7155790161132812,False,CALL,2026-05-15,TEM
TEM260515C00070000,70.0,7.13,6.85,7.1,16.0,41.0,0.6988555505371095,False,CALL,2026-05-15,TEM
TEM260515C00075000,75.0,5.46,5.35,5.7,37.0,99.0,0.6994658959960938,False,CALL,2026-05-15,TEM
TEM260515C00080000,80.0,4.2,4.2,4.5,10.0,93.0,0.6992217578125001,False,CALL,2026-05-15,TEM
TEM260515P00045000,45.0,1.79,2.03,2.35,3.0,16.0,0.7229031616210937,False,PUT,2026-05-15,TEM
TEM260515P00050000,50.0,3.5,3.3,3.5,17.0,33.0,0.6955596850585939,False,PUT,2026-05-15,TEM
TEM260515P00055000,55.0,5.07,4.95,5.35,5.0,199.0,0.6828644995117189,False,PUT,2026-05-15,TEM
TEM260515P00060000,60.0,7.31,7.1,7.55,3.0,518.0,0.6691927612304689,False,PUT,2026-05-15,TEM
TEM260515P00065000,65.0,9.03,9.75,10.75,4.0,738.0,0.6789582885742189,True,PUT,2026-05-15,TEM
TEM260515P00070000,70.0,12.99,12.85,13.45,1.0,124.0,0.6567417138671876,True,PUT,2026-05-15,TEM
TEM260515P00075000,75.0,14.0,16.3,17.0,1.0,19.0,0.6519810192871094,True,PUT,2026-05-15,TEM
TEM260515P00080000,80.0,15.74,20.1,20.7,1.0,7.0,0.6423375610351563,True,PUT,2026-05-15,TEM
TEM260618C00045000,45.0,24.1,21.4,23.55,38.0,354.0,0.8391129370117187,True,CALL,2026-06-18,TEM
TEM260618C00050000,50.0,18.5,17.95,19.7,16.0,126.0,0.791139783935547,True,CALL,2026-06-18,TEM
TEM260618C00055000,55.0,16.0,14.8,15.7,1.0,381.0,0.7316921362304687,True,CALL,2026-06-18,TEM
TEM260618C00060000,60.0,13.95,12.25,14.2,12.0,504.0,0.7614769946289064,True,CALL,2026-06-18,TEM
TEM260618C00065000,65.0,10.29,10.0,10.95,55.0,549.0,0.7183866052246093,False,CALL,2026-06-18,TEM
TEM260618C00070000,70.0,8.4,8.05,8.75,49.0,703.0,0.6997100341796876,False,CALL,2026-06-18,TEM
TEM260618C00075000,75.0,6.75,6.6,6.85,32.0,1028.0,0.6877472631835939,False,CALL,2026-06-18,TEM
TEM260618C00080000,80.0,5.65,5.3,5.7,24.0,1070.0,0.6879914013671876,False,CALL,2026-06-18,TEM
TEM260618P00045000,45.0,2.88,2.63,2.94,1.0,1229.0,0.6945831323242189,False,PUT,2026-06-18,TEM
TEM260618P00050000,50.0,4.25,4.15,4.35,95.0,749.0,0.6799348413085939,False,PUT,2026-06-18,TEM
TEM260618P00055000,55.0,6.1,5.9,6.2,32.0,3290.0,0.6617465466308594,False,PUT,2026-06-18,TEM
TEM260618P00060000,60.0,8.55,8.15,8.6,11.0,1384.0,0.6535679174804689,False,PUT,2026-06-18,TEM
TEM260618P00065000,65.0,10.95,10.8,11.35,3.0,1769.0,0.6444127355957032,True,PUT,2026-06-18,TEM
TEM260618P00070000,70.0,13.85,13.85,14.45,5.0,476.0,0.6361120373535156,True,PUT,2026-06-18,TEM
TEM260618P00075000,75.0,16.4,17.2,18.0,1.0,952.0,0.63086306640625,True,PUT,2026-06-18,TEM
TEM260618P00080000,80.0,18.48,20.95,21.65,5.0,188.0,0.6232947827148438,True,PUT,2026-06-18,TEM
TEM260717C00045000,45.0,23.05,22.0,23.45,1.0,8.0,0.7857687438964844,True,CALL,2026-07-17,TEM
TEM260717C00050000,50.0,19.18,18.8,19.4,10.0,17.0,0.7409693872070311,True,CALL,2026-07-17,TEM
TEM260717C00055000,55.0,17.36,15.8,17.75,1.0,10.0,0.7680687255859376,True,CALL,2026-07-17,TEM
TEM260717C00060000,60.0,13.4,13.2,14.2,10.0,189.0,0.7226590234375,True,CALL,2026-07-17,TEM
TEM260717C00065000,65.0,11.3,11.1,12.05,14.0,1021.0,0.7189969506835938,False,CALL,2026-07-17,TEM
TEM260717C00070000,70.0,9.72,9.2,9.9,10.0,235.0,0.7038603833007813,False,CALL,2026-07-17,TEM
TEM260717C00075000,75.0,8.74,7.65,8.95,1.0,60.0,0.7186307434082031,False,CALL,2026-07-17,TEM
TEM260717C00080000,80.0,6.6,6.35,6.75,112.0,239.0,0.6901886450195314,False,CALL,2026-07-17,TEM
TEM260717P00045000,45.0,3.05,3.25,3.5,3.0,55.0,0.6879914013671876,False,PUT,2026-07-17,TEM
TEM260717P00050000,50.0,5.2,4.75,4.95,8.0,56.0,0.6656527575683595,False,PUT,2026-07-17,TEM
TEM260717P00055000,55.0,5.36,6.65,6.9,1.0,246.0,0.651492742919922,False,PUT,2026-07-17,TEM
TEM260717P00060000,60.0,9.29,9.0,9.25,3.0,281.0,0.6414830773925781,False,PUT,2026-07-17,TEM
TEM260717P00065000,65.0,10.5,11.65,12.0,1.0,156.0,0.6309851354980469,True,PUT,2026-07-17,TEM
TEM260717P00070000,70.0,15.12,14.75,15.25,21.0,80.0,0.6289099609375001,True,PUT,2026-07-17,TEM
TEM260717P00075000,75.0,17.05,17.95,18.85,64.0,66.0,0.6223182299804688,True,PUT,2026-07-17,TEM
TEM260717P00080000,80.0,20.6,21.6,22.5,11.0,15.0,0.6146278771972657,True,PUT,2026-07-17,TEM
TEM260918C00045000,45.0,25.15,23.5,25.6,1.0,57.0,0.8038349694824218,True,CALL,2026-09-18,TEM
TEM260918C00050000,50.0,21.85,20.5,21.65,2.0,377.0,0.7581811291503908,True,CALL,2026-09-18,TEM
TEM260918C00055000,55.0,20.07,17.85,19.65,1.0,69.0,0.7688011401367189,True,CALL,2026-09-18,TEM
TEM260918C00060000,60.0,20.3,15.45,17.15,1.0,198.0,0.7553735400390625,True,CALL,2026-09-18,TEM
TEM260918C00065000,65.0,13.8,13.3,13.95,3.0,113.0,0.7181424670410157,False,CALL,2026-09-18,TEM
TEM260918C00070000,70.0,13.65,11.4,12.55,32.0,238.0,0.721804539794922,False,CALL,2026-09-18,TEM
TEM260918C00075000,75.0,12.21,9.75,11.25,10.0,200.0,0.7231472998046875,False,CALL,2026-09-18,TEM
TEM260918C00080000,80.0,8.6,8.35,9.0,22.0,239.0,0.6971465832519532,False,CALL,2026-09-18,TEM
TEM260918P00045000,45.0,4.55,4.5,4.75,86.0,5203.0,0.6828644995117189,False,PUT,2026-09-18,TEM
TEM260918P00050000,50.0,6.02,6.05,6.6,11.0,407.0,0.6636996520996095,False,PUT,2026-09-18,TEM
TEM260918P00055000,55.0,8.36,8.05,9.05,1.0,553.0,0.6579624047851562,False,PUT,2026-09-18,TEM
TEM260918P00060000,60.0,10.1,10.5,11.5,1.0,687.0,0.6468541174316407,False,PUT,2026-09-18,TEM
TEM260918P00065000,65.0,13.73,13.35,14.25,258.0,247.0,0.6385534191894531,True,PUT,2026-09-18,TEM
TEM260918P00070000,70.0,16.72,16.4,17.15,7.0,415.0,0.6252478881835939,True,PUT,2026-09-18,TEM
TEM260918P00075000,75.0,17.2,19.7,20.9,2.0,198.0,0.6267127172851563,True,PUT,2026-09-18,TEM
TEM260918P00080000,80.0,21.36,23.3,24.5,1.0,23.0,0.6207313317871095,True,PUT,2026-09-18,TEM
TEM270115C00045000,45.0,26.73,25.4,27.95,15.0,780.0,0.7758811474609376,True,CALL,2027-01-15,TEM
TEM270115C00050000,50.0,23.7,23.25,24.3,26.0,994.0,0.7550073327636719,True,CALL,2027-01-15,TEM
TEM270115C00055000,55.0,22.15,21.0,21.95,2.0,2422.0,0.7532983654785157,True,CALL,2027-01-15,TEM
TEM270115C00060000,60.0,19.4,18.35,19.9,15.0,4002.0,0.7388331781005859,True,CALL,2027-01-15,TEM
TEM270115C00065000,65.0,17.19,16.8,17.9,9.0,1136.0,0.7409083526611326,False,CALL,2027-01-15,TEM
TEM270115C00070000,70.0,15.21,15.1,15.5,61.0,4443.0,0.7233914379882812,False,CALL,2027-01-15,TEM
TEM270115C00075000,75.0,14.15,13.55,14.75,3.0,2681.0,0.7360866235351562,False,CALL,2027-01-15,TEM
TEM270115C00080000,80.0,12.75,12.0,13.1,9.0,1212.0,0.7240628179931641,False,CALL,2027-01-15,TEM
TEM270115P00045000,45.0,6.2,6.1,7.15,14.0,364.0,0.6732210412597659,False,PUT,2027-01-15,TEM
TEM270115P00050000,50.0,8.73,8.5,9.25,19.0,3960.0,0.6709017285156251,False,PUT,2027-01-15,TEM
TEM270115P00055000,55.0,10.85,10.8,11.3,1.0,2524.0,0.651492742919922,False,PUT,2027-01-15,TEM
TEM270115P00060000,60.0,12.81,13.0,14.5,11.0,1466.0,0.6455113574218749,False,PUT,2027-01-15,TEM
TEM270115P00065000,65.0,16.0,15.8,17.4,2.0,272.0,0.6356847955322267,True,PUT,2027-01-15,TEM
TEM270115P00070000,70.0,18.2,19.0,20.55,10.0,302.0,0.6303747900390625,True,PUT,2027-01-15,TEM
TEM270115P00075000,75.0,21.83,22.4,23.9,7.0,124.0,0.6250037500000001,True,PUT,2027-01-15,TEM
TEM270115P00080000,80.0,25.5,25.9,27.45,2.0,217.0,0.6183509844970705,True,PUT,2027-01-15,TEM
TEM280121C00045000,45.0,36.09,31.65,34.5,1.0,54.0,0.7969991003417969,True,CALL,2028-01-21,TEM
TEM280121C00050000,50.0,30.51,29.3,32.25,3.0,143.0,0.7818625329589843,True,CALL,2028-01-21,TEM
TEM280121C00055000,55.0,32.75,27.2,30.5,2.0,60.0,0.7760032165527344,True,CALL,2028-01-21,TEM
TEM280121C00060000,60.0,27.0,25.45,27.45,2.0,408.0,0.7498193963623048,True,CALL,2028-01-21,TEM
TEM280121C00065000,65.0,24.86,23.55,26.6,16.0,166.0,0.7542749182128907,False,CALL,2028-01-21,TEM
TEM280121C00070000,70.0,23.45,22.3,24.3,55.0,479.0,0.7422511126708984,False,CALL,2028-01-21,TEM
TEM280121C00075000,75.0,22.1,21.05,23.15,23.0,1310.0,0.7448145635986327,False,CALL,2028-01-21,TEM
TEM280121C00080000,80.0,20.32,19.35,21.3,16.0,128.0,0.7274197180175781,False,CALL,2028-01-21,TEM
TEM280121P00045000,45.0,10.85,10.5,12.25,98.0,201.0,0.6585727502441407,False,PUT,2028-01-21,TEM
TEM280121P00050000,50.0,13.37,12.8,14.25,1.0,180.0,0.6348303118896486,False,PUT,2028-01-21,TEM
TEM280121P00055000,55.0,15.5,15.4,17.0,87.0,283.0,0.6249427154541016,False,PUT,2028-01-21,TEM
TEM280121P00060000,60.0,19.0,18.2,19.5,2.0,120.0,0.6091347680664063,False,PUT,2028-01-21,TEM
TEM280121P00065000,65.0,22.02,21.15,22.9,1.0,336.0,0.6052285571289064,True,PUT,2028-01-21,TEM
TEM280121P00070000,70.0,25.0,24.25,26.1,1.0,66.0,0.5961344097900392,True,PUT,2028-01-21,TEM
TEM280121P00075000,75.0,26.18,27.5,29.5,1.0,1036.0,0.58829147064209,True,PUT,2028-01-21,TEM
TEM280121P00080000,80.0,31.2,30.9,33.0,1.0,40.0,0.5805095660400392,True,PUT,2028-01-21,TEM
TEVA260130C00024000,24.0,8.36,8.0,9.6,1.0,1.0,3.519532451171875,True,CALL,2026-01-30,TEVA
TEVA260130C00024500,24.5,7.89,7.5,9.1,1.0,2.0,3.3476578808593747,True,CALL,2026-01-30,TEVA
TEVA260130C00026000,26.0,6.75,6.0,7.6,1.0,11.0,2.843752890625,True,CALL,2026-01-30,TEVA
TEVA260130C00026500,26.5,6.35,5.9,7.0,1.0,132.0,2.44531638671875,True,CALL,2026-01-30,TEVA
TEVA260130C00027000,27.0,5.95,5.35,6.55,1.0,62.0,2.4062539843749997,True,CALL,2026-01-30,TEVA
TEVA260130C00027500,27.5,5.55,4.95,6.15,2.0,90.0,2.4531288671875,True,CALL,2026-01-30,TEVA
TEVA260130C00028000,28.0,4.88,4.25,5.65,4.0,16.0,2.28906677734375,True,CALL,2026-01-30,TEVA
TEVA260130C00028500,28.5,4.07,3.55,5.05,2.0,40.0,1.9375003125,True,CALL,2026-01-30,TEVA
TEVA260130C00029000,29.0,3.67,3.15,4.55,2.0,53.0,1.78515732421875,True,CALL,2026-01-30,TEVA
TEVA260130C00029500,29.5,1.74,2.65,4.0,2.0,2.0,1.53515857421875,True,CALL,2026-01-30,TEVA
TEVA260130C00030000,30.0,2.51,2.54,3.5,11.0,100.0,1.3867218164062498,True,CALL,2026-01-30,TEVA
TEVA260130C00030500,30.5,1.82,1.66,3.15,5.0,79.0,1.46484642578125,True,CALL,2026-01-30,TEVA
TEVA260130C00031000,31.0,2.0,1.81,2.59,17.0,226.0,1.2109414453124998,True,CALL,2026-01-30,TEVA
TEVA260130C00031500,31.5,1.9,1.73,1.99,219.0,80.0,0.6992217578125001,True,CALL,2026-01-30,TEVA
TEVA260130C00032000,32.0,1.09,1.0,1.5,43.0,1207.0,0.7539087109375,True,CALL,2026-01-30,TEVA
TEVA260130C00032500,32.5,0.77,0.58,1.22,30.0,188.0,0.8281267187499999,True,CALL,2026-01-30,TEVA
TEVA260130C00033000,33.0,0.6,0.49,0.75,85.0,642.0,0.507817421875,True,CALL,2026-01-30,TEVA
TEVA260130C00033500,33.5,0.32,0.16,0.4,186.0,816.0,0.53320779296875,False,CALL,2026-01-30,TEVA
TEVA260130C00034000,34.0,0.1,0.06,0.25,112.0,1513.0,0.5566450585937501,False,CALL,2026-01-30,TEVA
TEVA260130C00034500,34.5,0.06,0.02,0.25,1.0,328.0,0.5546919531250001,False,CALL,2026-01-30,TEVA
TEVA260130C00035000,35.0,0.08,0.05,0.07,110.0,893.0,0.5351608984375,False,CALL,2026-01-30,TEVA
TEVA260130C00035500,35.5,0.16,0.01,0.15,1.0,56.0,0.6875031250000001,False,CALL,2026-01-30,TEVA
TEVA260130C00036000,36.0,0.04,0.0,0.67,1.0,49.0,1.2402381738281247,False,CALL,2026-01-30,TEVA
TEVA260130C00036500,36.5,0.12,0.0,0.08,75.0,76.0,0.7656273437500001,False,CALL,2026-01-30,TEVA
TEVA260130C00038000,38.0,0.02,0.0,0.02,20.0,225.0,0.8125018749999999,False,CALL,2026-01-30,TEVA
TEVA260130P00024000,24.0,0.01,0.0,0.02,18.0,21.0,1.8125009374999999,False,PUT,2026-01-30,TEVA
TEVA260130P00024500,24.5,0.12,0.0,2.13,1.0,1.0,4.757816552734374,False,PUT,2026-01-30,TEVA
TEVA260130P00025000,25.0,0.04,0.0,0.02,2.0,21.0,1.625001875,False,PUT,2026-01-30,TEVA
TEVA260130P00025500,25.5,0.03,0.0,2.13,11.0,14.0,4.332035834960937,False,PUT,2026-01-30,TEVA
TEVA260130P00026500,26.5,0.03,0.0,0.25,1.0,8.0,2.0156299609375,False,PUT,2026-01-30,TEVA
TEVA260130P00027000,27.0,0.03,0.0,0.67,6.0,17.0,2.43750390625,False,PUT,2026-01-30,TEVA
TEVA260130P00027500,27.5,0.01,0.0,0.52,1.0,186.0,2.113285966796875,False,PUT,2026-01-30,TEVA
TEVA260130P00028000,28.0,0.03,0.0,0.04,1.0,113.0,1.140629296875,False,PUT,2026-01-30,TEVA
TEVA260130P00028500,28.5,0.01,0.0,0.49,1.0,67.0,1.78125109375,False,PUT,2026-01-30,TEVA
TEVA260130P00029000,29.0,0.02,0.0,0.04,61.0,151.0,0.937500625,False,PUT,2026-01-30,TEVA
TEVA260130P00029500,29.5,0.01,0.0,0.04,1.0,177.0,0.8281267187499999,False,PUT,2026-01-30,TEVA
TEVA260130P00030000,30.0,0.01,0.0,0.01,81.0,1274.0,0.5937540625000001,False,PUT,2026-01-30,TEVA
TEVA260130P00030500,30.5,0.05,0.0,0.03,63.0,126.0,0.6093789062500001,False,PUT,2026-01-30,TEVA
TEVA260130P00031000,31.0,0.01,0.0,0.02,18.0,139.0,0.5312546875,False,PUT,2026-01-30,TEVA
TEVA260130P00031500,31.5,0.02,0.0,0.14,26.0,172.0,0.57812921875,False,PUT,2026-01-30,TEVA
TEVA260130P00032000,32.0,0.04,0.0,0.1,45.0,1098.0,0.5039112109375,False,PUT,2026-01-30,TEVA
TEVA260130P00032500,32.5,0.12,0.0,0.93,77.0,99.0,0.79883013671875,False,PUT,2026-01-30,TEVA
TEVA260130P00033000,33.0,0.4,0.01,1.15,3.0,73.0,0.70312796875,False,PUT,2026-01-30,TEVA
TEVA260130P00033500,33.5,0.56,0.28,0.55,22.0,591.0,0.4062559375,True,PUT,2026-01-30,TEVA
TEVA260130P00038000,38.0,6.25,4.4,5.9,2.0,0.0,1.78515732421875,True,PUT,2026-01-30,TEVA
TEVA260130P00040000,40.0,8.25,6.5,7.95,2.0,0.0,2.3320354199218745,True,PUT,2026-01-30,TEVA
TEVA260206C00025000,25.0,8.0,7.15,8.55,2.0,3.0,1.4375028125,True,CALL,2026-02-06,TEVA
TEVA260206C00029000,29.0,3.19,3.15,4.55,50.0,50.0,0.8398453515625,True,CALL,2026-02-06,TEVA
TEVA260206C00030000,30.0,1.3,2.2,3.65,13.0,23.0,0.7685570019531252,True,CALL,2026-02-06,TEVA
TEVA260206C00030500,30.5,2.3,1.88,3.2,2.0,12.0,0.7236355761718749,True,CALL,2026-02-06,TEVA
TEVA260206C00031000,31.0,1.18,1.6,2.63,3.0,38.0,0.5976602734375001,True,CALL,2026-02-06,TEVA
TEVA260206C00031500,31.5,1.37,0.96,2.29,112.0,114.0,0.6113320117187502,True,CALL,2026-02-06,TEVA
TEVA260206C00032000,32.0,1.37,1.4,1.86,1.0,114.0,0.559574716796875,True,CALL,2026-02-06,TEVA
TEVA260206C00032500,32.5,1.02,1.08,1.35,10.0,510.0,0.45703667968750006,True,CALL,2026-02-06,TEVA
TEVA260206C00033000,33.0,0.9,0.71,0.96,23.0,716.0,0.405279384765625,True,CALL,2026-02-06,TEVA
TEVA260206C00033500,33.5,0.4,0.52,0.78,1.0,70.0,0.43457596679687505,False,CALL,2026-02-06,TEVA
TEVA260206C00034000,34.0,0.54,0.16,0.51,4.0,48.0,0.398443515625,False,CALL,2026-02-06,TEVA
TEVA260206C00034500,34.5,0.28,0.23,0.38,1.0,30.0,0.411138701171875,False,CALL,2026-02-06,TEVA
TEVA260206C00035000,35.0,0.35,0.15,0.37,2.0,92.0,0.477544287109375,False,CALL,2026-02-06,TEVA
TEVA260206C00035500,35.5,0.16,0.0,0.38,36.0,58.0,0.5507857421875001,False,CALL,2026-02-06,TEVA
TEVA260206C00036000,36.0,0.25,0.07,0.74,1.0,7.0,0.63086306640625,False,CALL,2026-02-06,TEVA
TEVA260206C00036500,36.5,0.05,0.04,0.3,1.0,33.0,0.5136767382812499,False,CALL,2026-02-06,TEVA
TEVA260206C00038000,38.0,0.2,0.0,0.75,6.0,1.0,0.8378922460937499,False,CALL,2026-02-06,TEVA
TEVA260206P00027000,27.0,0.2,0.0,0.29,10.0,10.0,0.9179695703125,False,PUT,2026-02-06,TEVA
TEVA260206P00027500,27.5,0.01,0.0,0.46,10.0,12.0,0.96289099609375,False,PUT,2026-02-06,TEVA
TEVA260206P00028000,28.0,0.07,0.0,0.07,10.0,49.0,0.585941640625,False,PUT,2026-02-06,TEVA
TEVA260206P00028500,28.5,0.2,0.0,0.07,1.0,9.0,0.5390671093750001,False,PUT,2026-02-06,TEVA
TEVA260206P00029000,29.0,0.36,0.0,0.08,30.0,123.0,0.5742230078125,False,PUT,2026-02-06,TEVA
TEVA260206P00029500,29.5,0.12,0.0,0.15,13.0,43.0,0.507817421875,False,PUT,2026-02-06,TEVA
TEVA260206P00030000,30.0,0.1,0.0,0.08,1.0,518.0,0.45898978515625005,False,PUT,2026-02-06,TEVA
TEVA260206P00030500,30.5,0.15,0.0,0.08,58.0,53.0,0.40039662109375,False,PUT,2026-02-06,TEVA
TEVA260206P00031000,31.0,0.12,0.04,0.12,14.0,802.0,0.38477177734374995,False,PUT,2026-02-06,TEVA
TEVA260206P00031500,31.5,0.21,0.02,0.21,11.0,137.0,0.39063109375,False,PUT,2026-02-06,TEVA
TEVA260206P00032000,32.0,0.3,0.11,0.3,103.0,66.0,0.37305314453125,False,PUT,2026-02-06,TEVA
TEVA260206P00032500,32.5,0.54,0.21,0.5,10.0,32.0,0.39453730468750003,False,PUT,2026-02-06,TEVA
TEVA260206P00033000,33.0,0.58,0.38,0.67,40.0,15.0,0.375982802734375,False,PUT,2026-02-06,TEVA
TEVA260206P00034000,34.0,2.77,0.84,1.25,3.0,2.0,0.38281867187499996,True,PUT,2026-02-06,TEVA
TEVA260206P00036000,36.0,4.04,2.55,3.9,,1.0,0.6611362011718751,True,PUT,2026-02-06,TEVA
TEVA260206P00037500,37.5,5.8,4.0,5.45,12.0,1.0,0.840821904296875,True,PUT,2026-02-06,TEVA
TEVA260213C00030000,30.0,3.66,2.46,3.85,,10.0,0.6796907031250001,True,CALL,2026-02-13,TEVA
TEVA260213C00031000,31.0,2.05,1.8,2.82,2.0,2.0,0.5371140039062501,True,CALL,2026-02-13,TEVA
TEVA260213C00031500,31.5,1.99,2.06,2.37,34.0,4.0,0.49219257812500006,True,CALL,2026-02-13,TEVA
TEVA260213C00032000,32.0,1.95,1.67,2.15,5.0,2.0,0.534184345703125,True,CALL,2026-02-13,TEVA
TEVA260213C00032500,32.5,1.32,1.32,1.69,13.0,20.0,0.47119669433593747,True,CALL,2026-02-13,TEVA
TEVA260213C00033000,33.0,1.08,1.04,1.38,2.0,48.0,0.45654840332031255,True,CALL,2026-02-13,TEVA
TEVA260213C00033500,33.5,1.0,0.76,1.14,3.0,9.0,0.45606012695312503,False,CALL,2026-02-13,TEVA
TEVA260213C00034000,34.0,0.8,0.57,0.87,2.0,12.0,0.4335994140625,False,CALL,2026-02-13,TEVA
TEVA260213C00034500,34.5,0.58,0.42,0.6,59.0,22.0,0.397466962890625,False,CALL,2026-02-13,TEVA
TEVA260213C00035000,35.0,0.37,0.32,0.49,1.0,41.0,0.4101621484375,False,CALL,2026-02-13,TEVA
TEVA260213C00036000,36.0,0.38,0.01,0.45,1.0,6.0,0.49414568359375005,False,CALL,2026-02-13,TEVA
TEVA260213C00036500,36.5,0.48,0.09,2.22,,4.0,0.8437515624999999,False,CALL,2026-02-13,TEVA
TEVA260213C00042000,42.0,0.15,0.0,1.06,,5.0,1.0087940185546875,False,CALL,2026-02-13,TEVA
TEVA260213P00027500,27.5,0.26,0.0,0.45,1.0,6.0,0.717776259765625,False,PUT,2026-02-13,TEVA
TEVA260213P00029500,29.5,1.11,0.0,0.98,,1.0,0.6738313867187502,False,PUT,2026-02-13,TEVA
TEVA260213P00030000,30.0,0.18,0.03,0.26,45.0,24.0,0.48242705078125003,False,PUT,2026-02-13,TEVA
TEVA260213P00030500,30.5,0.41,0.01,0.25,10.0,10.0,0.42383388671875,False,PUT,2026-02-13,TEVA
TEVA260213P00031000,31.0,0.33,0.04,0.33,2.0,121.0,0.41211525390625,False,PUT,2026-02-13,TEVA
TEVA260213P00032000,32.0,1.25,0.27,0.59,1.0,46.0,0.4023497265625,False,PUT,2026-02-13,TEVA
TEVA260213P00032500,32.5,1.67,0.38,0.74,,0.0,0.3881897119140625,False,PUT,2026-02-13,TEVA
TEVA260213P00033000,33.0,0.68,0.59,0.93,10.0,31.0,0.375982802734375,False,PUT,2026-02-13,TEVA
TEVA260213P00038000,38.0,6.35,4.5,6.0,2.0,1.0,0.68555001953125,True,PUT,2026-02-13,TEVA
TEVA260213P00043000,43.0,11.25,9.4,11.0,2.0,0.0,1.009770576171875,True,PUT,2026-02-13,TEVA
TEVA260220C00024000,24.0,8.27,8.05,9.6,1.0,791.0,1.0380907470703127,True,CALL,2026-02-20,TEVA
TEVA260220C00025000,25.0,7.4,7.2,8.6,14.0,2524.0,0.937500625,True,CALL,2026-02-20,TEVA
TEVA260220C00026000,26.0,7.07,6.2,7.6,1.0,415.0,0.8378922460937499,True,CALL,2026-02-20,TEVA
TEVA260220C00027000,27.0,6.2,6.3,6.6,74.0,13989.0,0.63867548828125,True,CALL,2026-02-20,TEVA
TEVA260220C00028000,28.0,4.9,4.35,5.65,1.0,566.0,0.6748079394531252,True,CALL,2026-02-20,TEVA
TEVA260220C00029000,29.0,4.35,3.7,4.7,1.0,861.0,0.6025430371093752,True,CALL,2026-02-20,TEVA
TEVA260220C00030000,30.0,3.45,3.5,3.75,36.0,40348.0,0.5249070947265625,True,CALL,2026-02-20,TEVA
TEVA260220C00031000,31.0,1.95,2.42,2.79,167.0,4926.0,0.436529072265625,True,CALL,2026-02-20,TEVA
TEVA260220C00031500,31.5,2.22,2.2,2.4,1.0,91.0,0.42139250488281255,True,CALL,2026-02-20,TEVA
TEVA260220C00032000,32.0,1.55,1.81,2.06,25.0,2178.0,0.41602146484374997,True,CALL,2026-02-20,TEVA
TEVA260220C00032500,32.5,1.25,1.48,1.83,224.0,172.0,0.436529072265625,True,CALL,2026-02-20,TEVA
TEVA260220C00033000,33.0,1.24,1.17,1.44,173.0,1706.0,0.39893179199218753,True,CALL,2026-02-20,TEVA
TEVA260220C00033500,33.5,1.14,0.94,1.27,65.0,104.0,0.4194393994140625,False,CALL,2026-02-20,TEVA
TEVA260220C00034000,34.0,0.7,0.79,0.96,10.0,1288.0,0.3891662646484375,False,CALL,2026-02-20,TEVA
TEVA260220C00035000,35.0,0.48,0.43,0.61,150.0,5833.0,0.383795224609375,False,CALL,2026-02-20,TEVA
TEVA260220C00036000,36.0,0.42,0.24,0.38,137.0,433.0,0.3842835009765625,False,CALL,2026-02-20,TEVA
TEVA260220C00037000,37.0,0.17,0.14,0.25,32.0,1009.0,0.397466962890625,False,CALL,2026-02-20,TEVA
TEVA260220C00038000,38.0,0.16,0.08,0.16,16.0,212.0,0.4062559375,False,CALL,2026-02-20,TEVA
TEVA260220C00039000,39.0,0.13,0.01,0.16,1.0,136.0,0.46289599609375004,False,CALL,2026-02-20,TEVA
TEVA260220C00040000,40.0,0.1,0.0,0.12,1.0,296.0,0.48242705078125003,False,CALL,2026-02-20,TEVA
TEVA260220P00024000,24.0,0.06,0.0,0.05,3.0,682.0,0.6093789062500001,False,PUT,2026-02-20,TEVA
TEVA260220P00025000,25.0,0.05,0.0,0.12,6.0,1606.0,0.6210975390625001,False,PUT,2026-02-20,TEVA
TEVA260220P00026000,26.0,0.12,0.01,0.04,6.0,881.0,0.5117236328125,False,PUT,2026-02-20,TEVA
TEVA260220P00027000,27.0,0.05,0.01,0.08,22.0,611.0,0.5039112109375,False,PUT,2026-02-20,TEVA
TEVA260220P00028000,28.0,0.09,0.05,0.08,14.0,3249.0,0.43164630859375,False,PUT,2026-02-20,TEVA
TEVA260220P00028500,28.5,0.13,0.05,0.13,4.0,113.0,0.442388388671875,False,PUT,2026-02-20,TEVA
TEVA260220P00029000,29.0,0.12,0.08,0.16,48.0,8148.0,0.42578699218750005,False,PUT,2026-02-20,TEVA
TEVA260220P00030000,30.0,0.24,0.19,0.24,37.0,963.0,0.39160764648437496,False,PUT,2026-02-20,TEVA
TEVA260220P00030500,30.5,0.82,0.24,0.32,37.0,71.0,0.38672488281249995,False,PUT,2026-02-20,TEVA
TEVA260220P00031000,31.0,0.49,0.33,0.39,85.0,2661.0,0.36914693359375,False,PUT,2026-02-20,TEVA
TEVA260220P00031500,31.5,0.75,0.43,0.52,4.0,126.0,0.367193828125,False,PUT,2026-02-20,TEVA
TEVA260220P00032000,32.0,0.64,0.57,0.66,10.0,989.0,0.35938140625,False,PUT,2026-02-20,TEVA
TEVA260220P00032500,32.5,1.0,0.73,0.9,20.0,30.0,0.37402969726562496,False,PUT,2026-02-20,TEVA
TEVA260220P00033000,33.0,1.08,0.93,1.03,2.0,116.0,0.3442448388671875,False,PUT,2026-02-20,TEVA
TEVA260220P00033500,33.5,1.4,1.14,1.35,51.0,2.0,0.362311064453125,True,PUT,2026-02-20,TEVA
TEVA260220P00034000,34.0,1.63,1.41,1.65,46.0,52.0,0.36426416992187505,True,PUT,2026-02-20,TEVA
TEVA260220P00035000,35.0,2.2,1.97,2.32,79.0,35.0,0.362311064453125,True,PUT,2026-02-20,TEVA
TEVA260227C00025000,25.0,8.5,7.2,8.7,5.0,1.0,0.8808605664062499,True,CALL,2026-02-27,TEVA
TEVA260227C00030000,30.0,3.75,1.83,4.0,,5.0,0.5488326367187502,True,CALL,2026-02-27,TEVA
TEVA260227C00031000,31.0,2.36,2.7,3.1,,9.0,0.481450498046875,True,CALL,2026-02-27,TEVA
TEVA260227C00032000,32.0,2.11,1.97,2.48,2.0,38.0,0.48291532714843755,True,CALL,2026-02-27,TEVA
TEVA260227C00033000,33.0,1.5,1.33,1.85,6.0,16.0,0.4580132324218751,True,CALL,2026-02-27,TEVA
TEVA260227C00035000,35.0,0.74,0.59,0.88,4.0,6.0,0.41358008300781246,False,CALL,2026-02-27,TEVA
TEVA260227C00036000,36.0,0.32,0.37,0.65,2.0,5.0,0.42627526855468756,False,CALL,2026-02-27,TEVA
TEVA260227C00037000,37.0,0.42,0.17,0.38,22.0,10.0,0.401373173828125,False,CALL,2026-02-27,TEVA
TEVA260227P00026000,26.0,0.21,0.0,0.94,45.0,45.0,0.790041162109375,False,PUT,2026-02-27,TEVA
TEVA260227P00028000,28.0,0.42,0.04,0.26,22.0,4.0,0.506840869140625,False,PUT,2026-02-27,TEVA
TEVA260227P00029000,29.0,0.17,0.07,0.34,1.0,84.0,0.46973186523437505,False,PUT,2026-02-27,TEVA
TEVA260227P00030000,30.0,0.35,0.12,0.37,8.0,29.0,0.40039662109375,False,PUT,2026-02-27,TEVA
TEVA260227P00031000,31.0,1.55,0.27,0.61,,1.0,0.398443515625,False,PUT,2026-02-27,TEVA
TEVA260227P00032000,32.0,0.67,0.54,0.9,1.0,57.0,0.383795224609375,False,PUT,2026-02-27,TEVA
TEVA260306C00032000,32.0,1.96,2.08,2.52,4.0,14.0,0.44482977050781247,True,CALL,2026-03-06,TEVA
TEVA260320C00024000,24.0,9.17,9.1,9.8,1.0,642.0,0.6093789062500001,True,CALL,2026-03-20,TEVA
TEVA260320C00025000,25.0,8.65,8.5,8.75,2.0,1179.0,0.641605146484375,True,CALL,2026-03-20,TEVA
TEVA260320C00026000,26.0,7.5,7.55,7.9,1.0,1845.0,0.6162147753906251,True,CALL,2026-03-20,TEVA
TEVA260320C00027000,27.0,5.25,5.6,7.05,6.0,1732.0,0.6596713720703126,True,CALL,2026-03-20,TEVA
TEVA260320C00028000,28.0,5.4,4.75,6.0,1.0,2152.0,0.569340244140625,True,CALL,2026-03-20,TEVA
TEVA260320C00029000,29.0,4.4,4.45,5.05,2.0,498.0,0.5092822509765625,True,CALL,2026-03-20,TEVA
TEVA260320C00030000,30.0,3.54,3.75,4.25,21.0,924.0,0.4848684326171875,True,CALL,2026-03-20,TEVA
TEVA260320C00031000,31.0,2.88,3.0,3.6,142.0,434.0,0.4846242944335938,True,CALL,2026-03-20,TEVA
TEVA260320C00032000,32.0,2.31,2.37,2.86,4.0,729.0,0.45117736328125,True,CALL,2026-03-20,TEVA
TEVA260320C00033000,33.0,1.92,1.96,2.3,47.0,1618.0,0.4426325268554688,True,CALL,2026-03-20,TEVA
TEVA260320C00034000,34.0,1.41,1.51,1.67,331.0,852.0,0.4057676611328125,False,CALL,2026-03-20,TEVA
TEVA260320C00035000,35.0,1.19,1.14,1.22,530.0,3956.0,0.389654541015625,False,CALL,2026-03-20,TEVA
TEVA260320C00036000,36.0,0.8,0.84,0.92,31.0,162.0,0.389654541015625,False,CALL,2026-03-20,TEVA
TEVA260320C00037000,37.0,0.39,0.43,0.75,31.0,172.0,0.4062559375,False,CALL,2026-03-20,TEVA
TEVA260320C00038000,38.0,0.39,0.4,0.66,11.0,240.0,0.43408769042968753,False,CALL,2026-03-20,TEVA
TEVA260320C00039000,39.0,0.3,0.21,0.5,1.0,156.0,0.43457596679687505,False,CALL,2026-03-20,TEVA
TEVA260320C00040000,40.0,0.21,0.18,0.33,8.0,304.0,0.418951123046875,False,CALL,2026-03-20,TEVA
TEVA260320P00024000,24.0,0.11,0.05,0.11,3.0,2738.0,0.523442265625,False,PUT,2026-03-20,TEVA
TEVA260320P00025000,25.0,0.2,0.06,0.19,38.0,3544.0,0.5283250292968751,False,PUT,2026-03-20,TEVA
TEVA260320P00026000,26.0,0.17,0.07,0.26,10.0,1086.0,0.508793974609375,False,PUT,2026-03-20,TEVA
TEVA260320P00027000,27.0,0.28,0.14,0.4,3.0,507.0,0.5102588037109376,False,PUT,2026-03-20,TEVA
TEVA260320P00028000,28.0,0.68,0.23,0.37,1.0,307.0,0.43408769042968753,False,PUT,2026-03-20,TEVA
TEVA260320P00029000,29.0,0.49,0.38,0.52,11.0,684.0,0.4204159521484375,False,PUT,2026-03-20,TEVA
TEVA260320P00030000,30.0,0.64,0.55,0.69,4.0,1244.0,0.39942006835937505,False,PUT,2026-03-20,TEVA
TEVA260320P00031000,31.0,0.91,0.64,0.98,2.0,1079.0,0.39502558105468755,False,PUT,2026-03-20,TEVA
TEVA260320P00032000,32.0,1.32,1.11,1.31,1.0,473.0,0.38281867187499996,False,PUT,2026-03-20,TEVA
TEVA260320P00033000,33.0,1.64,1.49,1.72,9.0,397.0,0.37134417724609375,False,PUT,2026-03-20,TEVA
TEVA260320P00034000,34.0,2.16,1.94,2.24,104.0,175.0,0.36524072265625,True,PUT,2026-03-20,TEVA
TEVA260320P00035000,35.0,2.75,2.6,2.86,1.0,88.0,0.362311064453125,True,PUT,2026-03-20,TEVA
TEVA260320P00036000,36.0,5.1,3.25,3.6,45.0,48.0,0.36914693359375,True,PUT,2026-03-20,TEVA
TEVA260320P00037000,37.0,5.95,4.0,4.35,,7.0,0.3632876171875,True,PUT,2026-03-20,TEVA
TEVA260320P00039000,39.0,7.85,5.7,7.0,1.0,0.0,0.6254920263671876,True,PUT,2026-03-20,TEVA
TEVA260618C00024000,24.0,8.65,9.0,10.4,1.0,765.0,0.6147499462890625,True,CALL,2026-06-18,TEVA
TEVA260618C00025000,25.0,9.1,8.8,9.45,1.0,5059.0,0.50586431640625,True,CALL,2026-06-18,TEVA
TEVA260618C00026000,26.0,7.65,7.35,8.65,2.0,1062.0,0.5571333349609376,True,CALL,2026-06-18,TEVA
TEVA260618C00027000,27.0,7.0,6.65,7.85,70.0,2134.0,0.5380905566406251,True,CALL,2026-06-18,TEVA
TEVA260618C00028000,28.0,6.5,6.5,7.1,12.0,603.0,0.523442265625,True,CALL,2026-06-18,TEVA
TEVA260618C00029000,29.0,5.7,5.85,6.35,1.0,58.0,0.5048877636718749,True,CALL,2026-06-18,TEVA
TEVA260618C00030000,30.0,5.22,5.0,5.65,1.0,4946.0,0.48950705810546885,True,CALL,2026-06-18,TEVA
TEVA260618C00031000,31.0,4.7,4.35,5.05,105.0,1813.0,0.4831594653320313,True,CALL,2026-06-18,TEVA
TEVA260618C00032000,32.0,4.12,4.0,4.4,51.0,11393.0,0.46582565429687506,True,CALL,2026-06-18,TEVA
TEVA260618C00033000,33.0,3.62,3.45,3.85,151.0,2793.0,0.4563042651367188,True,CALL,2026-06-18,TEVA
TEVA260618C00034000,34.0,3.1,3.05,3.45,9.0,6691.0,0.4602104760742188,False,CALL,2026-06-18,TEVA
TEVA260618C00035000,35.0,2.6,2.59,2.96,283.0,3271.0,0.44824770507812495,False,CALL,2026-06-18,TEVA
TEVA260618C00036000,36.0,2.25,2.21,2.63,1.0,1564.0,0.45117736328125,False,CALL,2026-06-18,TEVA
TEVA260618C00037000,37.0,2.02,1.88,2.24,65.0,2269.0,0.44214425048828127,False,CALL,2026-06-18,TEVA
TEVA260618C00038000,38.0,1.78,1.65,1.91,62.0,2793.0,0.43604079589843747,False,CALL,2026-06-18,TEVA
TEVA260618C00040000,40.0,1.32,1.28,1.49,59.0,2619.0,0.4426325268554688,False,CALL,2026-06-18,TEVA
TEVA260618P00024000,24.0,0.62,0.31,0.6,4.0,1113.0,0.48389187988281257,False,PUT,2026-06-18,TEVA
TEVA260618P00025000,25.0,0.92,0.42,0.68,9322.0,3531.0,0.4580132324218751,False,PUT,2026-06-18,TEVA
TEVA260618P00026000,26.0,1.17,0.62,0.97,3.0,1414.0,0.47290566162109376,False,PUT,2026-06-18,TEVA
TEVA260618P00027000,27.0,1.2,0.87,1.05,3.0,589.0,0.43970286865234376,False,PUT,2026-06-18,TEVA
TEVA260618P00028000,28.0,1.61,1.1,1.36,3.0,1176.0,0.44312080322265623,False,PUT,2026-06-18,TEVA
TEVA260618P00029000,29.0,1.95,1.37,1.57,10.0,1646.0,0.42407802490234375,False,PUT,2026-06-18,TEVA
TEVA260618P00030000,30.0,2.24,1.72,2.09,4.0,1264.0,0.44434149414062496,False,PUT,2026-06-18,TEVA
TEVA260618P00031000,31.0,2.27,2.06,2.46,134.0,1051.0,0.43628493408203123,False,PUT,2026-06-18,TEVA
TEVA260618P00032000,32.0,2.6,2.31,2.64,30.0,8412.0,0.39893179199218753,False,PUT,2026-06-18,TEVA
TEVA260618P00033000,33.0,3.05,2.84,3.15,524.0,538.0,0.398443515625,False,PUT,2026-06-18,TEVA
TEVA260618P00034000,34.0,3.7,3.3,3.65,125.0,257.0,0.39087523193359375,True,PUT,2026-06-18,TEVA
TEVA260618P00035000,35.0,5.0,3.85,4.2,5.0,21.0,0.383795224609375,True,PUT,2026-06-18,TEVA
TEVA260618P00036000,36.0,11.45,0.0,0.0,,1.0,1.0000000000000003e-05,True,PUT,2026-06-18,TEVA
TEVA260618P00037000,37.0,12.1,0.0,0.0,,2.0,1.0000000000000003e-05,True,PUT,2026-06-18,TEVA
TEVA260618P00040000,40.0,8.85,7.35,7.75,1.0,5.0,0.36817038085937503,True,PUT,2026-06-18,TEVA
TEVA260918C00025000,25.0,9.55,9.0,10.2,1.0,815.0,0.55273884765625,True,CALL,2026-09-18,TEVA
TEVA260918C00027000,27.0,7.68,7.45,8.7,1.0,1697.0,0.5241746801757812,True,CALL,2026-09-18,TEVA
TEVA260918C00028000,28.0,6.7,6.75,8.05,,2.0,0.5179491564941407,True,CALL,2026-09-18,TEVA
TEVA260918C00030000,30.0,6.33,5.5,6.75,1.0,2059.0,0.4968312036132813,True,CALL,2026-09-18,TEVA
TEVA260918C00031000,31.0,5.05,5.35,6.1,,30.0,0.4821829125976563,True,CALL,2026-09-18,TEVA
TEVA260918C00032000,32.0,4.9,4.7,5.55,33.0,682.0,0.47522497436523436,True,CALL,2026-09-18,TEVA
TEVA260918C00033000,33.0,4.95,4.5,5.05,1.0,504.0,0.47022014160156256,True,CALL,2026-09-18,TEVA
TEVA260918C00034000,34.0,3.37,3.65,4.55,6.0,2000.0,0.4622856506347657,False,CALL,2026-09-18,TEVA
TEVA260918C00035000,35.0,3.65,3.6,4.1,12.0,2387.0,0.4563042651367188,False,CALL,2026-09-18,TEVA
TEVA260918C00037000,37.0,2.51,2.58,3.4,1.0,6106.0,0.45532771240234376,False,CALL,2026-09-18,TEVA
TEVA260918C00038000,38.0,1.97,2.26,3.0,10.0,31.0,0.44605046142578125,False,CALL,2026-09-18,TEVA
TEVA260918C00040000,40.0,1.92,1.7,2.42,1001.0,2228.0,0.44116769775390624,False,CALL,2026-09-18,TEVA
TEVA260918P00025000,25.0,1.5,0.84,1.39,200.0,769.0,0.47070841796875,False,PUT,2026-09-18,TEVA
TEVA260918P00027000,27.0,1.91,1.28,1.89,12.0,977.0,0.45288633056640626,False,PUT,2026-09-18,TEVA
TEVA260918P00028000,28.0,2.32,1.64,2.04,,21.0,0.4274959594726563,False,PUT,2026-09-18,TEVA
TEVA260918P00029000,29.0,2.88,1.86,2.49,,20.0,0.43408769042968753,False,PUT,2026-09-18,TEVA
TEVA260918P00030000,30.0,3.1,2.22,2.76,8.0,861.0,0.41699801757812494,False,PUT,2026-09-18,TEVA
TEVA260918P00032000,32.0,3.53,3.0,3.65,2.0,1806.0,0.4094297338867187,False,PUT,2026-09-18,TEVA
TEVA260918P00035000,35.0,5.5,4.6,5.2,7.0,69.0,0.3931945446777344,True,PUT,2026-09-18,TEVA
TEVA260918P00037000,37.0,7.3,5.75,6.85,,50.0,0.4249325085449219,True,PUT,2026-09-18,TEVA
TEVA270115C00025000,25.0,10.25,9.75,11.0,3.0,4107.0,0.5365036584472658,True,CALL,2027-01-15,TEVA
TEVA270115C00027000,27.0,9.12,7.5,9.65,10.0,1058.0,0.5183153637695312,True,CALL,2027-01-15,TEVA
TEVA270115C00030000,30.0,7.17,6.75,7.75,14.0,4636.0,0.4892629199218751,True,CALL,2027-01-15,TEVA
TEVA270115C00032000,32.0,6.15,5.6,6.65,2.0,1399.0,0.4749808361816406,True,CALL,2027-01-15,TEVA
TEVA270115C00035000,35.0,4.9,4.75,5.25,5.0,7416.0,0.459966337890625,False,CALL,2027-01-15,TEVA
TEVA270115C00037000,37.0,4.09,4.15,4.5,150.0,3379.0,0.45508357421875,False,CALL,2027-01-15,TEVA
TEVA270115C00040000,40.0,3.45,3.15,3.5,11.0,2294.0,0.44507390869140623,False,CALL,2027-01-15,TEVA
TEVA270115P00025000,25.0,1.55,1.4,1.69,160.0,825.0,0.41809663940429687,False,PUT,2027-01-15,TEVA
TEVA270115P00027000,27.0,2.25,2.05,2.29,1.0,242.0,0.40869731933593745,False,PUT,2027-01-15,TEVA
TEVA270115P00030000,30.0,3.27,3.05,3.45,100.0,1314.0,0.39819937744140627,False,PUT,2027-01-15,TEVA
TEVA270115P00032000,32.0,4.16,3.85,4.35,50.0,38.0,0.3891662646484375,False,PUT,2027-01-15,TEVA
TEVA270115P00035000,35.0,6.15,5.35,5.9,8.0,44.0,0.3737855590820312,True,PUT,2027-01-15,TEVA
TEVA270115P00040000,40.0,9.9,8.4,9.05,1.0,5.0,0.34766277343749996,True,PUT,2027-01-15,TEVA
TEVA280121C00025000,25.0,11.8,10.95,13.15,4.0,560.0,0.5293015820312501,True,CALL,2028-01-21,TEVA
TEVA280121C00027000,27.0,10.5,10.35,12.15,2.0,578.0,0.5269822692871093,True,CALL,2028-01-21,TEVA
TEVA280121C00030000,30.0,9.0,8.75,10.3,35.0,545.0,0.4939015454101563,True,CALL,2028-01-21,TEVA
TEVA280121C00032000,32.0,8.4,7.35,9.7,41.0,188.0,0.50586431640625,True,CALL,2028-01-21,TEVA
TEVA280121C00035000,35.0,7.0,6.5,8.0,14.0,1866.0,0.47083048706054687,False,CALL,2028-01-21,TEVA
TEVA280121C00037000,37.0,6.51,5.95,7.7,4.0,364.0,0.4899953344726563,False,CALL,2028-01-21,TEVA
TEVA280121C00040000,40.0,5.38,5.8,6.2,13.0,495.0,0.4559380578613281,False,CALL,2028-01-21,TEVA
TEVA280121P00025000,25.0,2.9,2.52,3.25,2.0,130.0,0.4096738720703125,False,PUT,2028-01-21,TEVA
TEVA280121P00027000,27.0,3.94,3.1,4.6,1.0,26.0,0.44006907592773437,False,PUT,2028-01-21,TEVA
TEVA280121P00030000,30.0,4.9,4.4,5.15,20.0,31.0,0.3790345300292969,False,PUT,2028-01-21,TEVA
TEVA280121P00032000,32.0,5.85,5.3,6.25,20.0,7.0,0.37854625366210937,False,PUT,2028-01-21,TEVA
TEVA280121P00035000,35.0,7.45,6.35,7.85,20.0,21.0,0.3660341717529296,True,PUT,2028-01-21,TEVA
TEVA280121P00037000,37.0,8.7,8.05,9.05,21.0,32.0,0.35962554443359374,True,PUT,2028-01-21,TEVA
TEVA280121P00040000,40.0,10.45,9.7,11.05,,1.0,0.3532779516601562,True,PUT,2028-01-21,TEVA
TGT260130C00080000,80.0,23.07,20.95,24.9,2.0,4.0,3.3906265234374997,True,CALL,2026-01-30,TGT
TGT260130C00081000,81.0,22.17,19.95,23.9,3.0,10.0,3.27343931640625,True,CALL,2026-01-30,TGT
TGT260130C00084000,84.0,20.56,17.05,20.9,1.0,2.0,2.9248073754882817,True,CALL,2026-01-30,TGT
TGT260130C00085000,85.0,18.0,16.0,19.9,2.0,2.0,2.810549848632813,True,CALL,2026-01-30,TGT
TGT260130C00087000,87.0,14.88,14.25,17.9,1.0,7.0,1.0390673046875003,True,CALL,2026-01-30,TGT
TGT260130C00088000,88.0,14.96,13.05,16.9,1.0,7.0,2.4668007080078125,True,CALL,2026-01-30,TGT
TGT260130C00089000,89.0,10.25,12.45,15.85,2.0,2.0,1.0976607617187502,True,CALL,2026-01-30,TGT
TGT260130C00090000,90.0,12.62,11.9,13.35,35.0,115.0,1.2753942480468747,True,CALL,2026-01-30,TGT
TGT260130C00091000,91.0,13.5,10.4,13.1,3.0,9.0,1.7119155029296875,True,CALL,2026-01-30,TGT
TGT260130C00092000,92.0,10.42,9.05,12.1,1.0,16.0,1.6103535107421876,True,CALL,2026-01-30,TGT
TGT260130C00093000,93.0,8.63,8.9,11.15,8.0,40.0,1.5341820166015623,True,CALL,2026-01-30,TGT
TGT260130C00094000,94.0,9.15,7.5,10.1,1.0,25.0,1.4052764111328124,True,CALL,2026-01-30,TGT
TGT260130C00095000,95.0,7.65,6.5,9.1,2.0,76.0,1.3017613037109372,True,CALL,2026-01-30,TGT
TGT260130C00096000,96.0,5.65,5.5,7.95,5.0,74.0,1.125004375,True,CALL,2026-01-30,TGT
TGT260130C00097000,97.0,6.0,5.5,6.85,7.0,152.0,0.56055126953125,True,CALL,2026-01-30,TGT
TGT260130C00098000,98.0,5.15,4.95,5.5,52.0,173.0,0.5273484765625001,True,CALL,2026-01-30,TGT
TGT260130C00099000,99.0,3.9,3.4,4.5,5.0,130.0,0.6054726953125001,True,CALL,2026-01-30,TGT
TGT260130C00100000,100.0,3.2,2.93,3.3,68.0,666.0,0.40820904296875,True,CALL,2026-01-30,TGT
TGT260130C00101000,101.0,1.76,2.17,2.53,41.0,161.0,0.4165097412109374,True,CALL,2026-01-30,TGT
TGT260130C00102000,102.0,1.38,1.44,1.71,69.0,722.0,0.36817038085937503,True,CALL,2026-01-30,TGT
TGT260130C00103000,103.0,0.91,0.85,1.05,783.0,588.0,0.33838552246093745,True,CALL,2026-01-30,TGT
TGT260130C00104000,104.0,0.54,0.46,0.6,458.0,689.0,0.33008482421874996,False,CALL,2026-01-30,TGT
TGT260130C00105000,105.0,0.3,0.23,0.32,503.0,737.0,0.32910827148437494,False,CALL,2026-01-30,TGT
TGT260130C00106000,106.0,0.12,0.1,0.16,343.0,965.0,0.33301448242187504,False,CALL,2026-01-30,TGT
TGT260130C00107000,107.0,0.07,0.05,0.09,165.0,479.0,0.35156898437499995,False,CALL,2026-01-30,TGT
TGT260130C00108000,108.0,0.05,0.03,0.08,46.0,662.0,0.4062559375,False,CALL,2026-01-30,TGT
TGT260130C00109000,109.0,0.04,0.0,0.24,13.0,410.0,0.5097705273437501,False,CALL,2026-01-30,TGT
TGT260130C00110000,110.0,0.01,0.01,0.03,27.0,1354.0,0.4414118359375,False,CALL,2026-01-30,TGT
TGT260130C00111000,111.0,0.03,0.0,0.57,6.0,333.0,0.7773459765625,False,CALL,2026-01-30,TGT
TGT260130C00112000,112.0,0.01,0.0,0.06,189.0,3706.0,0.5429733203125001,False,CALL,2026-01-30,TGT
TGT260130C00113000,113.0,0.02,0.0,0.03,2.0,301.0,0.5390671093750001,False,CALL,2026-01-30,TGT
TGT260130C00114000,114.0,0.05,0.0,0.09,1.0,6135.0,0.6796907031250001,False,CALL,2026-01-30,TGT
TGT260130C00115000,115.0,0.02,0.0,0.3,2.0,784.0,0.9003916210937499,False,CALL,2026-01-30,TGT
TGT260130C00116000,116.0,0.01,0.0,0.2,14.0,146.0,0.88476677734375,False,CALL,2026-01-30,TGT
TGT260130C00117000,117.0,0.02,0.0,0.02,7.0,424.0,0.6718782812500002,False,CALL,2026-01-30,TGT
TGT260130C00118000,118.0,0.05,0.0,2.13,4.0,40.0,1.7382825585937498,False,CALL,2026-01-30,TGT
TGT260130C00119000,119.0,0.01,0.0,0.04,1.0,26.0,0.8203142968749999,False,CALL,2026-01-30,TGT
TGT260130C00120000,120.0,0.15,0.0,0.05,1.0,361.0,0.8906260937499999,False,CALL,2026-01-30,TGT
TGT260130C00121000,121.0,0.36,0.0,0.09,,9.0,1.0039112304687499,False,CALL,2026-01-30,TGT
TGT260130C00122000,122.0,0.27,0.0,0.15,,8.0,1.12891060546875,False,CALL,2026-01-30,TGT
TGT260130C00123000,123.0,0.01,0.0,2.12,10.0,10.0,2.0712938842773436,False,CALL,2026-01-30,TGT
TGT260130C00125000,125.0,0.02,0.0,0.15,26.0,52.0,1.26172244140625,False,CALL,2026-01-30,TGT
TGT260130C00130000,130.0,0.01,0.0,0.03,1.0,60.0,1.203128984375,False,CALL,2026-01-30,TGT
TGT260130P00075000,75.0,0.08,0.0,2.12,4.0,3.0,3.377931242675781,False,PUT,2026-01-30,TGT
TGT260130P00080000,80.0,0.05,0.0,1.05,3.0,54.0,2.3652384619140623,False,PUT,2026-01-30,TGT
TGT260130P00081000,81.0,0.24,0.0,2.12,2.0,9.0,2.7363312841796876,False,PUT,2026-01-30,TGT
TGT260130P00082000,82.0,0.15,0.0,2.12,4.0,4.0,2.6328159179687503,False,PUT,2026-01-30,TGT
TGT260130P00083000,83.0,0.09,0.0,2.12,4.0,11.0,2.528323991699218,False,PUT,2026-01-30,TGT
TGT260130P00084000,84.0,0.01,0.0,2.12,6.0,14.0,2.425785185546875,False,PUT,2026-01-30,TGT
TGT260130P00085000,85.0,0.01,0.0,0.02,10.0,173.0,0.992187578125,False,PUT,2026-01-30,TGT
TGT260130P00086000,86.0,0.01,0.0,2.13,2.0,15.0,2.2236372534179685,False,PUT,2026-01-30,TGT
TGT260130P00087000,87.0,0.01,0.0,2.13,2.0,37.0,2.1220750073242183,False,PUT,2026-01-30,TGT
TGT260130P00088000,88.0,0.18,0.0,0.08,2.0,61.0,0.992187578125,False,PUT,2026-01-30,TGT
TGT260130P00089000,89.0,0.02,0.0,0.22,3.0,36.0,1.0976607617187502,False,PUT,2026-01-30,TGT
TGT260130P00090000,90.0,0.05,0.0,0.01,3.0,124.0,0.6875031250000001,False,PUT,2026-01-30,TGT
TGT260130P00091000,91.0,0.05,0.0,2.13,1.0,26.0,1.71484517578125,False,PUT,2026-01-30,TGT
TGT260130P00092000,92.0,0.08,0.0,2.13,3.0,33.0,1.61328318359375,False,PUT,2026-01-30,TGT
TGT260130P00093000,93.0,0.01,0.0,0.01,45.0,141.0,0.5312546875,False,PUT,2026-01-30,TGT
TGT260130P00094000,94.0,0.01,0.0,0.06,44.0,1501.0,0.5976602734375001,False,PUT,2026-01-30,TGT
TGT260130P00095000,95.0,0.05,0.0,0.1,1.0,243.0,0.585941640625,False,PUT,2026-01-30,TGT
TGT260130P00096000,96.0,0.03,0.02,0.11,9.0,274.0,0.5468795312500001,False,PUT,2026-01-30,TGT
TGT260130P00097000,97.0,0.03,0.01,0.06,29.0,198.0,0.4726615234375,False,PUT,2026-01-30,TGT
TGT260130P00098000,98.0,0.06,0.01,0.12,14.0,1267.0,0.4726615234375,False,PUT,2026-01-30,TGT
TGT260130P00099000,99.0,0.12,0.05,0.22,143.0,868.0,0.47070841796875,False,PUT,2026-01-30,TGT
TGT260130P00100000,100.0,0.21,0.11,0.32,163.0,1000.0,0.43945873046875,False,PUT,2026-01-30,TGT
TGT260130P00101000,101.0,0.29,0.26,0.31,759.0,530.0,0.33887379882812496,False,PUT,2026-01-30,TGT
TGT260130P00102000,102.0,0.56,0.47,0.68,119.0,2409.0,0.3711000390625,False,PUT,2026-01-30,TGT
TGT260130P00103000,103.0,1.2,0.83,1.21,40.0,1243.0,0.40430283203125,False,PUT,2026-01-30,TGT
TGT260130P00104000,104.0,1.48,1.37,1.67,34.0,877.0,0.36817038085937503,True,PUT,2026-01-30,TGT
TGT260130P00105000,105.0,2.45,2.14,2.62,22.0,767.0,0.46582565429687506,True,PUT,2026-01-30,TGT
TGT260130P00106000,106.0,3.2,2.9,3.6,26.0,1775.0,0.561527822265625,True,PUT,2026-01-30,TGT
TGT260130P00107000,107.0,4.64,3.7,4.8,6.0,738.0,0.7412135253906249,True,PUT,2026-01-30,TGT
TGT260130P00108000,108.0,6.01,4.65,5.6,3.0,1255.0,0.7460962890625,True,PUT,2026-01-30,TGT
TGT260130P00109000,109.0,5.15,5.8,7.3,14.0,91.0,0.807619111328125,True,PUT,2026-01-30,TGT
TGT260130P00110000,110.0,8.3,6.5,8.4,1.0,5.0,0.8349625878906248,True,PUT,2026-01-30,TGT
TGT260130P00111000,111.0,8.02,7.65,9.4,20.0,13.0,0.9531254687499999,True,PUT,2026-01-30,TGT
TGT260130P00112000,112.0,5.41,8.4,10.35,2.0,0.0,0.936524072265625,True,PUT,2026-01-30,TGT
TGT260130P00113000,113.0,6.34,9.3,11.4,2.0,0.0,0.9882813671875,True,PUT,2026-01-30,TGT
TGT260130P00114000,114.0,4.35,9.85,12.6,,0.0,0.9570316796874999,True,PUT,2026-01-30,TGT
TGT260130P00115000,115.0,9.8,11.6,14.0,1.0,0.0,1.4013701806640624,True,PUT,2026-01-30,TGT
TGT260130P00116000,116.0,5.75,12.1,15.0,,0.0,1.32422212890625,True,PUT,2026-01-30,TGT
TGT260130P00117000,117.0,6.55,12.2,16.0,,0.0,0.9960937890625,True,PUT,2026-01-30,TGT
TGT260130P00120000,120.0,18.7,15.15,19.05,1.0,0.0,1.15234798828125,True,PUT,2026-01-30,TGT
TGT260130P00123000,123.0,16.8,18.15,22.05,,0.0,1.3007847460937496,True,PUT,2026-01-30,TGT
TGT260130P00124000,124.0,17.8,19.15,23.05,,0.0,1.3476595117187498,True,PUT,2026-01-30,TGT
TGT260130P00125000,125.0,18.25,20.15,24.15,1.0,0.0,1.47265888671875,True,PUT,2026-01-30,TGT
TGT260130P00130000,130.0,21.6,25.15,29.05,,1.0,1.62109564453125,True,PUT,2026-01-30,TGT
TGT260206C00080000,80.0,26.06,21.6,24.1,1.0,1.0,1.3393587719726558,True,CALL,2026-02-06,TGT
TGT260206C00085000,85.0,25.15,16.6,18.85,1.0,3.0,1.0107471337890623,True,CALL,2026-02-06,TGT
TGT260206C00088000,88.0,15.1,13.6,15.9,1.0,2.0,0.8896495410156249,True,CALL,2026-02-06,TGT
TGT260206C00089000,89.0,22.37,12.55,14.9,,1.0,0.8437515624999999,True,CALL,2026-02-06,TGT
TGT260206C00090000,90.0,12.72,11.95,13.5,530.0,6.0,0.6640658593750002,True,CALL,2026-02-06,TGT
TGT260206C00091000,91.0,11.49,10.65,13.15,258.0,3.0,0.8203142968749999,True,CALL,2026-02-06,TGT
TGT260206C00092000,92.0,11.1,10.3,11.9,250.0,19.0,0.7055693505859376,True,CALL,2026-02-06,TGT
TGT260206C00093000,93.0,9.53,8.95,10.55,498.0,22.0,0.5576216113281252,True,CALL,2026-02-06,TGT
TGT260206C00094000,94.0,8.61,7.75,10.15,258.0,10.0,0.6743196630859377,True,CALL,2026-02-06,TGT
TGT260206C00095000,95.0,8.26,7.5,9.0,250.0,65.0,0.5898478515625001,True,CALL,2026-02-06,TGT
TGT260206C00096000,96.0,7.39,6.6,8.4,10.0,32.0,0.6281775463867189,True,CALL,2026-02-06,TGT
TGT260206C00097000,97.0,5.5,5.6,6.9,3.0,5.0,0.47022014160156256,True,CALL,2026-02-06,TGT
TGT260206C00098000,98.0,5.48,4.9,6.0,2.0,33.0,0.442388388671875,True,CALL,2026-02-06,TGT
TGT260206C00099000,99.0,4.6,4.5,4.95,65.0,28.0,0.38086556640624997,True,CALL,2026-02-06,TGT
TGT260206C00100000,100.0,3.92,3.65,4.2,17.0,180.0,0.3737855590820312,True,CALL,2026-02-06,TGT
TGT260206C00101000,101.0,3.3,3.1,3.5,10.0,59.0,0.366217275390625,True,CALL,2026-02-06,TGT
TGT260206C00102000,102.0,2.79,2.66,2.85,266.0,386.0,0.3569400244140625,True,CALL,2026-02-06,TGT
TGT260206C00103000,103.0,2.06,2.08,2.32,198.0,416.0,0.35645174804687496,True,CALL,2026-02-06,TGT
TGT260206C00104000,104.0,1.72,1.64,1.8,43.0,345.0,0.34668622070312494,False,CALL,2026-02-06,TGT
TGT260206C00105000,105.0,1.3,1.23,1.37,87.0,629.0,0.3398503515625,False,CALL,2026-02-06,TGT
TGT260206C00106000,106.0,0.94,0.93,1.02,149.0,554.0,0.33447931152343746,False,CALL,2026-02-06,TGT
TGT260206C00107000,107.0,0.7,0.66,0.75,299.0,403.0,0.3315496533203125,False,CALL,2026-02-06,TGT
TGT260206C00108000,108.0,0.52,0.48,0.56,262.0,406.0,0.33399103515625,False,CALL,2026-02-06,TGT
TGT260206C00109000,109.0,0.36,0.34,0.4,80.0,389.0,0.33301448242187504,False,CALL,2026-02-06,TGT
TGT260206C00110000,110.0,0.27,0.25,0.29,36.0,1280.0,0.335944140625,False,CALL,2026-02-06,TGT
TGT260206C00111000,111.0,0.18,0.14,0.23,64.0,641.0,0.34668622070312494,False,CALL,2026-02-06,TGT
TGT260206C00112000,112.0,0.13,0.11,0.15,17.0,368.0,0.34180345703125,False,CALL,2026-02-06,TGT
TGT260206C00113000,113.0,0.14,0.0,0.3,2.0,59.0,0.43457596679687505,False,CALL,2026-02-06,TGT
TGT260206C00114000,114.0,0.07,0.01,0.12,27.0,144.0,0.379889013671875,False,CALL,2026-02-06,TGT
TGT260206C00115000,115.0,0.06,0.04,0.12,5.0,524.0,0.4062559375,False,CALL,2026-02-06,TGT
TGT260206C00116000,116.0,0.12,0.0,0.11,1.0,38.0,0.42383388671875,False,CALL,2026-02-06,TGT
TGT260206C00117000,117.0,0.03,0.0,0.1,9.0,204.0,0.4414118359375,False,CALL,2026-02-06,TGT
TGT260206C00118000,118.0,0.03,0.01,0.09,3.0,228.0,0.45703667968750006,False,CALL,2026-02-06,TGT
TGT260206C00119000,119.0,0.21,0.0,2.15,,10.0,0.8549819189453125,False,CALL,2026-02-06,TGT
TGT260206C00120000,120.0,0.02,0.01,0.09,1.0,1197.0,0.5039112109375,False,CALL,2026-02-06,TGT
TGT260206C00121000,121.0,0.04,0.0,0.1,1.0,6.0,0.5351608984375,False,CALL,2026-02-06,TGT
TGT260206C00122000,122.0,0.46,0.0,2.14,,1.0,0.9487309814453124,False,CALL,2026-02-06,TGT
TGT260206C00125000,125.0,0.11,0.0,0.1,2.0,93.0,0.5625043750000001,False,CALL,2026-02-06,TGT
TGT260206C00130000,130.0,0.01,0.0,0.1,20.0,20.0,0.6562534375000001,False,CALL,2026-02-06,TGT
TGT260206P00082000,82.0,0.05,0.0,1.15,1.0,9.0,1.05078599609375,False,PUT,2026-02-06,TGT
TGT260206P00084000,84.0,0.44,0.0,0.07,,9.0,0.57812921875,False,PUT,2026-02-06,TGT
TGT260206P00085000,85.0,0.04,0.0,0.07,51.0,402.0,0.5468795312500001,False,PUT,2026-02-06,TGT
TGT260206P00086000,86.0,0.18,0.0,1.46,4.0,6.0,0.936524072265625,False,PUT,2026-02-06,TGT
TGT260206P00087000,87.0,0.05,0.0,1.09,1.0,18.0,0.823243955078125,False,PUT,2026-02-06,TGT
TGT260206P00088000,88.0,0.09,0.0,1.15,4.0,8.0,0.7919942675781251,False,PUT,2026-02-06,TGT
TGT260206P00089000,89.0,0.1,0.0,0.94,1.0,8.0,0.7094755615234375,False,PUT,2026-02-06,TGT
TGT260206P00090000,90.0,0.07,0.01,0.14,7.0,57.0,0.506840869140625,False,PUT,2026-02-06,TGT
TGT260206P00091000,91.0,0.06,0.0,0.22,2.0,30.0,0.5195360546875,False,PUT,2026-02-06,TGT
TGT260206P00092000,92.0,0.19,0.03,0.26,11.0,42.0,0.5029346582031251,False,PUT,2026-02-06,TGT
TGT260206P00093000,93.0,0.13,0.1,0.15,39.0,43.0,0.4101621484375,False,PUT,2026-02-06,TGT
TGT260206P00094000,94.0,0.25,0.04,0.27,1.0,41.0,0.43164630859375,False,PUT,2026-02-06,TGT
TGT260206P00095000,95.0,0.22,0.18,0.25,128.0,456.0,0.3857483300781249,False,PUT,2026-02-06,TGT
TGT260206P00096000,96.0,0.27,0.21,0.51,102.0,48.0,0.43018147949218755,False,PUT,2026-02-06,TGT
TGT260206P00097000,97.0,0.43,0.28,0.64,3.0,2068.0,0.4194393994140625,False,PUT,2026-02-06,TGT
TGT260206P00098000,98.0,0.5,0.47,0.55,426.0,1129.0,0.35205726074218746,False,PUT,2026-02-06,TGT
TGT260206P00099000,99.0,0.78,0.66,0.73,45.0,706.0,0.344733115234375,False,PUT,2026-02-06,TGT
TGT260206P00100000,100.0,0.95,0.89,0.99,75.0,449.0,0.3430241479492187,False,PUT,2026-02-06,TGT
TGT260206P00101000,101.0,1.29,1.18,1.3,84.0,363.0,0.3393620751953125,False,PUT,2026-02-06,TGT
TGT260206P00102000,102.0,1.7,1.56,1.67,72.0,362.0,0.334967587890625,False,PUT,2026-02-06,TGT
TGT260206P00103000,103.0,2.19,2.02,2.11,36.0,2119.0,0.33008482421874996,False,PUT,2026-02-06,TGT
TGT260206P00104000,104.0,2.65,2.52,2.64,9.0,479.0,0.3278875805664062,True,PUT,2026-02-06,TGT
TGT260206P00105000,105.0,3.38,3.1,3.25,4.0,440.0,0.3266668896484375,True,PUT,2026-02-06,TGT
TGT260206P00106000,106.0,3.97,3.7,4.1,14.0,279.0,0.35547519531249994,True,PUT,2026-02-06,TGT
TGT260206P00107000,107.0,5.4,4.45,4.9,4.0,150.0,0.36817038085937503,True,PUT,2026-02-06,TGT
TGT260206P00108000,108.0,5.94,4.9,5.95,38.0,152.0,0.4233456103515625,True,PUT,2026-02-06,TGT
TGT260206P00109000,109.0,7.57,6.05,7.55,6.0,48.0,0.5815471533203125,True,PUT,2026-02-06,TGT
TGT260206P00110000,110.0,7.9,6.85,8.9,5.0,156.0,0.6911651977539064,True,PUT,2026-02-06,TGT
TGT260206P00111000,111.0,8.67,7.75,10.1,4.0,34.0,0.5437057348632813,True,PUT,2026-02-06,TGT
TGT260206P00112000,112.0,8.0,8.7,10.4,1.0,47.0,0.6831086376953126,True,PUT,2026-02-06,TGT
TGT260206P00113000,113.0,7.7,9.3,12.0,7.0,9.0,0.55273884765625,True,PUT,2026-02-06,TGT
TGT260206P00114000,114.0,6.48,10.3,13.0,1.0,1.0,0.586918193359375,True,PUT,2026-02-06,TGT
TGT260206P00115000,115.0,8.04,11.2,14.0,3.0,2.0,0.6069375244140626,True,PUT,2026-02-06,TGT
TGT260206P00118000,118.0,8.15,13.4,17.0,,0.0,0.551762294921875,True,PUT,2026-02-06,TGT
TGT260206P00130000,130.0,23.8,25.15,29.05,,0.0,0.7656273437500001,True,PUT,2026-02-06,TGT
TGT260213C00075000,75.0,33.9,26.6,30.0,,1.0,0.868165380859375,True,CALL,2026-02-13,TGT
TGT260213C00086000,86.0,16.78,15.65,17.95,244.0,1.0,0.7490259472656251,True,CALL,2026-02-13,TGT
TGT260213C00088000,88.0,22.31,13.65,15.95,,3.0,0.6792024267578126,True,CALL,2026-02-13,TGT
TGT260213C00092000,92.0,16.26,9.85,12.05,1.0,6.0,0.559574716796875,True,CALL,2026-02-13,TGT
TGT260213C00093000,93.0,9.67,9.65,11.1,1.0,15.0,0.53320779296875,True,CALL,2026-02-13,TGT
TGT260213C00094000,94.0,10.76,7.9,11.05,1.0,4.0,0.6523472265625001,True,CALL,2026-02-13,TGT
TGT260213C00095000,95.0,7.08,6.95,9.85,32.0,41.0,0.5805706005859376,True,CALL,2026-02-13,TGT
TGT260213C00096000,96.0,6.65,7.0,8.55,2.0,20.0,0.49414568359375005,True,CALL,2026-02-13,TGT
TGT260213C00097000,97.0,7.7,6.2,7.3,1.0,60.0,0.4165097412109374,True,CALL,2026-02-13,TGT
TGT260213C00098000,98.0,13.39,5.3,6.55,4.0,21.0,0.41260353027343744,True,CALL,2026-02-13,TGT
TGT260213C00099000,99.0,6.45,4.9,5.3,1.0,1.0,0.335944140625,True,CALL,2026-02-13,TGT
TGT260213C00100000,100.0,4.4,4.1,4.55,51.0,61.0,0.3266668896484375,True,CALL,2026-02-13,TGT
TGT260213C00101000,101.0,4.1,3.5,3.9,7.0,212.0,0.32398136962890617,True,CALL,2026-02-13,TGT
TGT260213C00102000,102.0,3.03,2.94,3.3,66.0,28.0,0.3210517114257812,True,CALL,2026-02-13,TGT
TGT260213C00103000,103.0,2.3,2.36,2.78,59.0,160.0,0.32080757324218745,True,CALL,2026-02-13,TGT
TGT260213C00104000,104.0,2.15,2.01,2.25,2.0,37.0,0.31262894409179687,False,CALL,2026-02-13,TGT
TGT260213C00105000,105.0,1.45,1.62,1.83,4.0,108.0,0.31055376953124997,False,CALL,2026-02-13,TGT
TGT260213C00106000,106.0,1.05,1.28,1.56,16.0,77.0,0.3200751586914062,False,CALL,2026-02-13,TGT
TGT260213C00107000,107.0,0.94,0.96,1.3,4.0,30.0,0.3254461987304687,False,CALL,2026-02-13,TGT
TGT260213C00108000,108.0,0.86,0.79,0.95,13.0,92.0,0.3117744604492187,False,CALL,2026-02-13,TGT
TGT260213C00109000,109.0,0.67,0.51,0.81,4.0,80.0,0.32227240234374993,False,CALL,2026-02-13,TGT
TGT260213C00110000,110.0,0.59,0.43,0.76,3.0,145.0,0.3442448388671875,False,CALL,2026-02-13,TGT
TGT260213C00111000,111.0,0.44,0.28,0.5,1.0,89.0,0.3237372314453124,False,CALL,2026-02-13,TGT
TGT260213C00112000,112.0,0.25,0.21,0.63,6.0,57.0,0.3764710791015625,False,CALL,2026-02-13,TGT
TGT260213C00113000,113.0,0.16,0.16,0.3,1.0,62.0,0.32617861328125,False,CALL,2026-02-13,TGT
TGT260213C00114000,114.0,0.25,0.15,0.3,5.0,77.0,0.348639326171875,False,CALL,2026-02-13,TGT
TGT260213C00115000,115.0,0.15,0.06,0.42,91.0,304.0,0.40381455566406255,False,CALL,2026-02-13,TGT
TGT260213C00116000,116.0,0.38,0.04,0.32,1.0,755.0,0.398443515625,False,CALL,2026-02-13,TGT
TGT260213C00117000,117.0,0.11,0.0,0.4,1.0,466.0,0.44336494140625,False,CALL,2026-02-13,TGT
TGT260213C00118000,118.0,0.12,0.03,0.24,2.0,12.0,0.41309180664062495,False,CALL,2026-02-13,TGT
TGT260213C00119000,119.0,0.18,0.02,0.16,5.0,16.0,0.39942006835937505,False,CALL,2026-02-13,TGT
TGT260213C00120000,120.0,0.03,0.0,0.11,1.0,98.0,0.39063109375,False,CALL,2026-02-13,TGT
TGT260213C00123000,123.0,0.22,0.0,0.96,1.0,11.0,0.5918009570312501,False,CALL,2026-02-13,TGT
TGT260213C00125000,125.0,0.4,0.0,1.15,1.0,65.0,0.6596713720703126,False,CALL,2026-02-13,TGT
TGT260213C00130000,130.0,0.02,0.0,2.13,69.0,35.0,0.8833019482421874,False,CALL,2026-02-13,TGT
TGT260213P00080000,80.0,0.26,0.0,1.03,1.0,1.0,0.8320329296874999,False,PUT,2026-02-13,TGT
TGT260213P00083000,83.0,0.09,0.0,0.95,7.0,37.0,0.72070591796875,False,PUT,2026-02-13,TGT
TGT260213P00085000,85.0,0.04,0.0,1.01,1.0,22.0,0.6679720703125002,False,PUT,2026-02-13,TGT
TGT260213P00086000,86.0,0.25,0.08,0.31,1.0,47.0,0.514653291015625,False,PUT,2026-02-13,TGT
TGT260213P00087000,87.0,0.1,0.0,1.13,1.0,2.0,0.62305064453125,False,PUT,2026-02-13,TGT
TGT260213P00088000,88.0,0.44,0.0,0.95,1.0,7.0,0.5644574804687501,False,PUT,2026-02-13,TGT
TGT260213P00089000,89.0,0.2,0.0,0.74,10.0,14.0,0.5009815527343751,False,PUT,2026-02-13,TGT
TGT260213P00090000,90.0,0.23,0.17,0.29,3.0,38.0,0.44434149414062496,False,PUT,2026-02-13,TGT
TGT260213P00091000,91.0,0.35,0.09,0.53,1.0,6.0,0.48633326171875,False,PUT,2026-02-13,TGT
TGT260213P00092000,92.0,0.42,0.1,0.62,3.0,62.0,0.476567734375,False,PUT,2026-02-13,TGT
TGT260213P00093000,93.0,0.51,0.22,0.45,1.0,53.0,0.40332627929687503,False,PUT,2026-02-13,TGT
TGT260213P00094000,94.0,0.75,0.42,0.76,16.0,37.0,0.43994700683593746,False,PUT,2026-02-13,TGT
TGT260213P00095000,95.0,0.62,0.52,0.83,1.0,55.0,0.418951123046875,False,PUT,2026-02-13,TGT
TGT260213P00096000,96.0,0.84,0.72,0.98,1.0,31.0,0.4096738720703125,False,PUT,2026-02-13,TGT
TGT260213P00097000,97.0,1.11,0.9,1.18,89.0,685.0,0.40430283203125,False,PUT,2026-02-13,TGT
TGT260213P00098000,98.0,1.54,1.13,1.29,1.0,31.0,0.3811097045898437,False,PUT,2026-02-13,TGT
TGT260213P00099000,99.0,1.57,1.36,1.74,1.0,67.0,0.40112903564453123,False,PUT,2026-02-13,TGT
TGT260213P00100000,100.0,2.63,1.79,2.08,176.0,281.0,0.39942006835937505,False,PUT,2026-02-13,TGT
TGT260213P00101000,101.0,2.87,2.18,2.42,113.0,218.0,0.39234006103515623,False,PUT,2026-02-13,TGT
TGT260213P00102000,102.0,2.8,2.65,2.95,6.0,776.0,0.4023497265625,False,PUT,2026-02-13,TGT
TGT260213P00103000,103.0,3.33,3.15,3.5,4.0,121.0,0.40918559570312496,False,PUT,2026-02-13,TGT
TGT260213P00104000,104.0,3.97,3.75,4.05,4.0,123.0,0.4106504248046875,True,PUT,2026-02-13,TGT
TGT260213P00105000,105.0,4.63,4.35,4.75,1.0,132.0,0.42456630126953127,True,PUT,2026-02-13,TGT
TGT260213P00106000,106.0,6.55,5.05,5.45,2.0,15.0,0.43408769042968753,True,PUT,2026-02-13,TGT
TGT260213P00107000,107.0,6.48,5.65,6.6,2.0,21.0,0.4946339599609375,True,PUT,2026-02-13,TGT
TGT260213P00108000,108.0,6.95,6.55,7.35,3.0,66.0,0.5036670727539063,True,PUT,2026-02-13,TGT
TGT260213P00109000,109.0,6.25,7.2,9.6,1.0,9.0,0.5481002221679689,True,PUT,2026-02-13,TGT
TGT260213P00110000,110.0,9.04,8.0,9.4,2.0,45.0,0.5844768115234374,True,PUT,2026-02-13,TGT
TGT260213P00111000,111.0,9.87,8.95,10.55,4.0,73.0,0.5314988256835937,True,PUT,2026-02-13,TGT
TGT260213P00112000,112.0,11.1,9.8,12.3,1.0,2.0,0.6059609716796877,True,PUT,2026-02-13,TGT
TGT260213P00113000,113.0,5.4,10.8,13.2,,36.0,0.6311072045898438,True,PUT,2026-02-13,TGT
TGT260213P00115000,115.0,14.3,12.65,14.4,90.0,91.0,0.6203651245117189,True,PUT,2026-02-13,TGT
TGT260213P00116000,116.0,7.45,13.6,16.15,,2.0,0.70312796875,True,PUT,2026-02-13,TGT
TGT260213P00117000,117.0,12.65,13.75,17.05,,19.0,0.6552768847656252,True,PUT,2026-02-13,TGT
TGT260213P00118000,118.0,17.3,15.45,18.1,89.0,141.0,0.7436549072265625,True,PUT,2026-02-13,TGT
TGT260213P00119000,119.0,15.92,16.4,19.0,89.0,190.0,0.7583031982421876,True,PUT,2026-02-13,TGT
TGT260213P00120000,120.0,19.2,17.6,20.0,89.0,93.0,0.8012715185546875,True,PUT,2026-02-13,TGT
TGT260213P00121000,121.0,16.25,18.05,20.95,,9.0,0.7758811474609376,True,PUT,2026-02-13,TGT
TGT260213P00122000,122.0,17.35,19.6,22.05,25.0,25.0,0.8566908862304687,True,PUT,2026-02-13,TGT
TGT260213P00123000,123.0,22.27,20.15,22.95,89.0,95.0,0.8339860351562498,True,PUT,2026-02-13,TGT
TGT260213P00124000,124.0,20.87,21.35,23.95,89.0,89.0,0.875977802734375,True,PUT,2026-02-13,TGT
TGT260213P00125000,125.0,21.31,22.55,24.95,89.0,95.0,0.9174812939453125,True,PUT,2026-02-13,TGT
TGT260213P00130000,130.0,26.3,27.55,29.9,89.0,96.0,1.0268603344726563,True,PUT,2026-02-13,TGT
TGT260220C00075000,75.0,28.42,26.6,28.8,1.0,1.0,0.913086806640625,True,CALL,2026-02-20,TGT
TGT260220C00080000,80.0,22.31,21.6,23.85,1.0,12.0,0.7773459765625,True,CALL,2026-02-20,TGT
TGT260220C00085000,85.0,19.84,16.65,19.15,1.0,4.0,0.6948272705078126,True,CALL,2026-02-20,TGT
TGT260220C00090000,90.0,12.68,12.2,13.6,2.0,72.0,0.43848217773437503,True,CALL,2026-02-20,TGT
TGT260220C00095000,95.0,8.53,8.1,9.05,21.0,808.0,0.3764710791015625,True,CALL,2026-02-20,TGT
TGT260220C00100000,100.0,4.8,4.6,5.0,88.0,3315.0,0.32031929687499994,True,CALL,2026-02-20,TGT
TGT260220C00102000,102.0,3.6,3.5,3.8,212.0,204.0,0.31690136230468746,True,CALL,2026-02-20,TGT
TGT260220C00103000,103.0,3.13,3.0,3.15,231.0,254.0,0.3034737622070312,True,CALL,2026-02-20,TGT
TGT260220C00104000,104.0,2.58,2.55,2.66,25.0,156.0,0.3006661730957031,False,CALL,2026-02-20,TGT
TGT260220C00105000,105.0,2.21,2.13,2.24,51.0,5840.0,0.299811689453125,False,CALL,2026-02-20,TGT
TGT260220C00106000,106.0,1.78,1.78,1.88,63.0,377.0,0.30005582763671873,False,CALL,2026-02-20,TGT
TGT260220C00107000,107.0,1.5,1.47,1.56,3.0,261.0,0.299811689453125,False,CALL,2026-02-20,TGT
TGT260220C00108000,108.0,1.26,1.21,1.29,54.0,248.0,0.3002999658203125,False,CALL,2026-02-20,TGT
TGT260220C00109000,109.0,1.01,0.98,1.06,15.0,268.0,0.30103238037109376,False,CALL,2026-02-20,TGT
TGT260220C00110000,110.0,0.83,0.81,0.87,269.0,10279.0,0.30225307128906254,False,CALL,2026-02-20,TGT
TGT260220C00111000,111.0,0.7,0.61,0.72,2.0,178.0,0.3051827294921875,False,CALL,2026-02-20,TGT
TGT260220C00112000,112.0,0.54,0.5,1.12,2.0,97.0,0.3857483300781249,False,CALL,2026-02-20,TGT
TGT260220C00113000,113.0,0.65,0.18,1.0,2.0,39.0,0.39282833740234374,False,CALL,2026-02-20,TGT
TGT260220C00114000,114.0,0.36,0.28,0.54,5.0,42.0,0.340826904296875,False,CALL,2026-02-20,TGT
TGT260220C00115000,115.0,0.31,0.25,0.35,52.0,14471.0,0.32129584960937496,False,CALL,2026-02-20,TGT
TGT260220C00116000,116.0,0.36,0.14,0.95,5.0,28.0,0.45215391601562505,False,CALL,2026-02-20,TGT
TGT260220C00117000,117.0,0.39,0.1,0.9,4.0,34.0,0.46533737792968755,False,CALL,2026-02-20,TGT
TGT260220C00118000,118.0,0.47,0.0,0.95,1.0,223.0,0.49414568359375005,False,CALL,2026-02-20,TGT
TGT260220C00119000,119.0,0.65,0.0,1.07,1.0,2.0,0.5339402075195312,False,CALL,2026-02-20,TGT
TGT260220C00120000,120.0,0.2,0.11,0.33,38.0,2176.0,0.40430283203125,False,CALL,2026-02-20,TGT
TGT260220C00121000,121.0,0.11,0.03,0.82,1.0,2.0,0.5302781347656251,False,CALL,2026-02-20,TGT
TGT260220C00123000,123.0,0.07,0.0,0.54,1.0,222.0,0.5083056982421875,False,CALL,2026-02-20,TGT
TGT260220C00125000,125.0,0.06,0.05,0.23,14.0,788.0,0.4506890869140625,False,CALL,2026-02-20,TGT
TGT260220C00130000,130.0,0.06,0.0,0.15,1.0,508.0,0.48438015625,False,CALL,2026-02-20,TGT
TGT260220P00075000,75.0,0.02,0.01,0.4,5.0,97.0,0.69336244140625,False,PUT,2026-02-20,TGT
TGT260220P00080000,80.0,0.07,0.0,0.39,17.0,289.0,0.567387138671875,False,PUT,2026-02-20,TGT
TGT260220P00085000,85.0,0.13,0.11,0.21,5.0,763.0,0.4580132324218751,False,PUT,2026-02-20,TGT
TGT260220P00090000,90.0,0.42,0.31,0.42,21.0,3114.0,0.4057676611328125,False,PUT,2026-02-20,TGT
TGT260220P00095000,95.0,0.95,0.92,0.98,266.0,2420.0,0.372076591796875,False,PUT,2026-02-20,TGT
TGT260220P00099000,99.0,2.03,1.94,2.04,24.0,415.0,0.36743796630859377,False,PUT,2026-02-20,TGT
TGT260220P00100000,100.0,2.36,2.29,2.4,58.0,3952.0,0.36646141357421874,False,PUT,2026-02-20,TGT
TGT260220P00101000,101.0,2.79,2.72,2.83,129.0,147.0,0.3684145190429688,False,PUT,2026-02-20,TGT
TGT260220P00102000,102.0,3.28,3.2,3.3,5.0,693.0,0.370123486328125,False,PUT,2026-02-20,TGT
TGT260220P00103000,103.0,3.83,3.7,3.8,23.0,1008.0,0.37036762451171873,False,PUT,2026-02-20,TGT
TGT260220P00104000,104.0,5.6,4.3,4.4,43.0,226.0,0.3764710791015625,True,PUT,2026-02-20,TGT
TGT260220P00105000,105.0,4.95,4.85,5.0,10.0,1796.0,0.3786683227539062,True,PUT,2026-02-20,TGT
TGT260220P00106000,106.0,6.08,5.5,5.85,3.0,134.0,0.4019835192871094,True,PUT,2026-02-20,TGT
TGT260220P00107000,107.0,5.4,6.2,7.8,5.0,10.0,0.5328415856933593,True,PUT,2026-02-20,TGT
TGT260220P00108000,108.0,5.14,6.75,9.05,6.0,113.0,0.5930216479492189,True,PUT,2026-02-20,TGT
TGT260220P00109000,109.0,8.55,7.4,9.85,3.0,112.0,0.6069375244140626,True,PUT,2026-02-20,TGT
TGT260220P00110000,110.0,8.75,8.2,9.35,12.0,563.0,0.4821829125976563,True,PUT,2026-02-20,TGT
TGT260220P00111000,111.0,8.85,9.05,11.55,1.0,5.0,0.50586431640625,True,PUT,2026-02-20,TGT
TGT260220P00112000,112.0,8.45,9.75,12.45,,9.0,0.5112353564453125,True,PUT,2026-02-20,TGT
TGT260220P00115000,115.0,12.0,12.85,15.15,1.0,105.0,0.5776409423828125,True,PUT,2026-02-20,TGT
TGT260220P00120000,120.0,17.45,17.6,20.0,1.0,42.0,0.6682162084960939,True,PUT,2026-02-20,TGT
TGT260220P00125000,125.0,25.92,22.6,25.0,1.0,31.0,0.772463212890625,True,PUT,2026-02-20,TGT
TGT260220P00130000,130.0,36.1,27.3,29.95,,5.0,0.840821904296875,True,PUT,2026-02-20,TGT
TGT260227C00085000,85.0,21.0,16.2,20.0,,1.0,0.7397486962890624,True,CALL,2026-02-27,TGT
TGT260227C00090000,90.0,20.88,11.85,14.2,,1.0,0.4831594653320313,True,CALL,2026-02-27,TGT
TGT260227C00091000,91.0,14.33,10.95,13.8,1.0,3.0,0.5361374511718751,True,CALL,2026-02-27,TGT
TGT260227C00093000,93.0,9.93,9.5,12.45,1.0,3.0,0.551762294921875,True,CALL,2026-02-27,TGT
TGT260227C00094000,94.0,13.63,8.25,11.6,,3.0,0.536259520263672,True,CALL,2026-02-27,TGT
TGT260227C00095000,95.0,9.2,7.4,10.6,1.0,8.0,0.5040332800292968,True,CALL,2026-02-27,TGT
TGT260227C00096000,96.0,12.6,7.1,8.7,1.0,11.0,0.37744763183593744,True,CALL,2026-02-27,TGT
TGT260227C00097000,97.0,5.7,6.75,8.0,2.0,23.0,0.37842418457031246,True,CALL,2026-02-27,TGT
TGT260227C00098000,98.0,6.37,6.15,8.45,1.0,11.0,0.48511257080078124,True,CALL,2026-02-27,TGT
TGT260227C00099000,99.0,6.1,5.55,7.4,1.0,6.0,0.44421942504882805,True,CALL,2026-02-27,TGT
TGT260227C00100000,100.0,6.05,4.8,5.9,3.0,22.0,0.3624331335449219,True,CALL,2026-02-27,TGT
TGT260227C00101000,101.0,4.5,4.35,5.15,1.0,42.0,0.34705242797851554,True,CALL,2026-02-27,TGT
TGT260227C00102000,102.0,4.1,3.8,5.95,6.0,11.0,0.462041512451172,True,CALL,2026-02-27,TGT
TGT260227C00103000,103.0,2.98,3.3,5.0,23.0,11.0,0.422857333984375,True,CALL,2026-02-27,TGT
TGT260227C00104000,104.0,3.18,2.88,4.7,2.0,13.0,0.436529072265625,False,CALL,2026-02-27,TGT
TGT260227C00105000,105.0,2.3,2.39,2.95,1.0,181.0,0.3237372314453124,False,CALL,2026-02-27,TGT
TGT260227C00106000,106.0,2.33,2.13,2.58,18.0,60.0,0.32483585327148434,False,CALL,2026-02-27,TGT
TGT260227C00107000,107.0,1.83,1.81,4.0,2.0,27.0,0.4803518762207031,False,CALL,2026-02-27,TGT
TGT260227C00108000,108.0,1.5,1.46,2.01,2.0,51.0,0.3325262060546875,False,CALL,2026-02-27,TGT
TGT260227C00109000,109.0,1.79,1.3,2.86,1.0,89.0,0.43884838500976564,False,CALL,2026-02-27,TGT
TGT260227C00110000,110.0,1.26,1.04,1.43,54.0,283.0,0.3267889587402344,False,CALL,2026-02-27,TGT
TGT260227C00111000,111.0,1.27,0.9,1.46,4.0,126.0,0.35352208984374994,False,CALL,2026-02-27,TGT
TGT260227C00112000,112.0,1.31,0.77,2.54,6.0,51.0,0.48718774536132814,False,CALL,2026-02-27,TGT
TGT260227C00113000,113.0,0.64,0.49,1.75,6.0,12.0,0.43018147949218755,False,CALL,2026-02-27,TGT
TGT260227C00114000,114.0,0.7,0.55,0.99,1.0,27.0,0.3627993408203125,False,CALL,2026-02-27,TGT
TGT260227C00115000,115.0,0.72,0.47,0.72,2.0,67.0,0.34448897705078124,False,CALL,2026-02-27,TGT
TGT260227C00116000,116.0,0.7,0.0,2.27,2.0,3.0,0.5520064331054688,False,CALL,2026-02-27,TGT
TGT260227C00117000,117.0,0.96,0.0,2.48,1.0,11.0,0.59570716796875,False,CALL,2026-02-27,TGT
TGT260227C00118000,118.0,2.21,0.0,1.22,1.0,5.0,0.46973186523437505,False,CALL,2026-02-27,TGT
TGT260227C00119000,119.0,0.51,0.0,2.37,1.0,9.0,0.6257361645507813,False,CALL,2026-02-27,TGT
TGT260227C00120000,120.0,0.3,0.2,0.54,2.0,113.0,0.39893179199218753,False,CALL,2026-02-27,TGT
TGT260227C00121000,121.0,0.72,0.0,1.86,5.0,11.0,0.6064492480468751,False,CALL,2026-02-27,TGT
TGT260227C00122000,122.0,0.74,0.0,0.96,,1.0,0.5029346582031251,False,CALL,2026-02-27,TGT
TGT260227C00123000,123.0,0.4,0.0,1.21,3.0,6.0,0.5571333349609376,False,CALL,2026-02-27,TGT
TGT260227C00125000,125.0,0.12,0.0,1.25,6.0,117.0,0.5961954443359375,False,CALL,2026-02-27,TGT
TGT260227C00130000,130.0,0.15,0.0,0.96,5.0,71.0,0.5297898583984376,False,CALL,2026-02-27,TGT
TGT260227P00075000,75.0,0.22,0.0,2.16,1.0,0.0,0.8764660791015625,False,PUT,2026-02-27,TGT
TGT260227P00080000,80.0,0.06,0.0,0.12,2.0,13.0,0.45703667968750006,False,PUT,2026-02-27,TGT
TGT260227P00085000,85.0,0.21,0.03,0.83,33.0,47.0,0.5576216113281252,False,PUT,2026-02-27,TGT
TGT260227P00090000,90.0,0.51,0.5,0.66,5.0,42.0,0.4028380029296875,False,PUT,2026-02-27,TGT
TGT260227P00091000,91.0,0.71,0.47,0.79,1.0,4.0,0.40064075927734377,False,PUT,2026-02-27,TGT
TGT260227P00092000,92.0,0.85,0.46,0.93,1.0,17.0,0.3969786865234375,False,PUT,2026-02-27,TGT
TGT260227P00093000,93.0,1.07,0.6,1.15,1.0,10.0,0.40161731201171874,False,PUT,2026-02-27,TGT
TGT260227P00094000,94.0,1.3,0.99,1.3,4.0,14.0,0.39331661376953125,False,PUT,2026-02-27,TGT
TGT260227P00095000,95.0,1.6,1.1,1.95,16.0,97.0,0.43933666137695315,False,PUT,2026-02-27,TGT
TGT260227P00097000,97.0,2.14,1.54,2.22,3.0,25.0,0.40479110839843746,False,PUT,2026-02-27,TGT
TGT260227P00098000,98.0,2.76,2.03,3.2,9.0,53.0,0.4655815161132813,False,PUT,2026-02-27,TGT
TGT260227P00099000,99.0,2.14,2.1,4.5,12.0,28.0,0.5472457385253908,False,PUT,2026-02-27,TGT
TGT260227P00100000,100.0,2.9,2.61,3.25,2.0,29.0,0.397466962890625,False,PUT,2026-02-27,TGT
TGT260227P00101000,101.0,3.8,3.05,4.1,5.0,19.0,0.4335994140625,False,PUT,2026-02-27,TGT
TGT260227P00102000,102.0,3.95,3.55,4.35,1.0,11.0,0.414068359375,False,PUT,2026-02-27,TGT
TGT260227P00103000,103.0,4.2,4.0,4.65,2.0,13.0,0.3966124792480469,False,PUT,2026-02-27,TGT
TGT260227P00104000,104.0,5.11,4.6,6.75,1.0,34.0,0.5290574438476563,True,PUT,2026-02-27,TGT
TGT260227P00105000,105.0,5.0,5.15,5.85,2.0,14.0,0.40430283203125,True,PUT,2026-02-27,TGT
TGT260227P00106000,106.0,6.25,5.85,6.75,2.0,11.0,0.4299373413085938,True,PUT,2026-02-27,TGT
TGT260227P00107000,107.0,5.85,6.6,8.75,1.0,11.0,0.5485884985351563,True,PUT,2026-02-27,TGT
TGT260227P00108000,108.0,7.31,7.05,9.45,1.0,5.0,0.5542036767578126,True,PUT,2026-02-27,TGT
TGT260227P00109000,109.0,9.6,7.85,10.2,2.0,13.0,0.5622602368164062,True,PUT,2026-02-27,TGT
TGT260227P00110000,110.0,8.63,8.55,10.55,1.0,25.0,0.5329636547851562,True,PUT,2026-02-27,TGT
TGT260227P00111000,111.0,9.2,9.45,11.15,5.0,5.0,0.523442265625,True,PUT,2026-02-27,TGT
TGT260227P00112000,112.0,6.45,9.65,12.75,,3.0,0.6049844189453126,True,PUT,2026-02-27,TGT
TGT260227P00116000,116.0,8.48,13.05,15.95,,1.0,0.6259803027343751,True,PUT,2026-02-27,TGT
TGT260227P00118000,118.0,12.65,15.35,18.15,,3.0,0.540287800292969,True,PUT,2026-02-27,TGT
TGT260306C00095000,95.0,10.25,9.85,10.8,1.0,9.0,0.47241738525390625,True,CALL,2026-03-06,TGT
TGT260306C00097000,97.0,9.35,8.4,9.4,2.0,5.0,0.4644828942871094,True,CALL,2026-03-06,TGT
TGT260306C00098000,98.0,7.85,7.95,8.8,14.0,21.0,0.46594772338867196,True,CALL,2026-03-06,TGT
TGT260306C00099000,99.0,7.68,5.55,8.05,2.0,4.0,0.45300839965820316,True,CALL,2026-03-06,TGT
TGT260306C00100000,100.0,6.9,6.75,7.45,1.0,42.0,0.45044494873046875,True,CALL,2026-03-06,TGT
TGT260306C00102000,102.0,6.0,5.4,6.15,1.0,3.0,0.43140217041015627,True,CALL,2026-03-06,TGT
TGT260306C00104000,104.0,4.87,3.2,5.85,3.0,43.0,0.4809622216796875,False,CALL,2026-03-06,TGT
TGT260306C00105000,105.0,5.3,4.2,5.05,10.0,14.0,0.45288633056640626,False,CALL,2026-03-06,TGT
TGT260306C00106000,106.0,4.17,2.4,4.95,83.0,338.0,0.476567734375,False,CALL,2026-03-06,TGT
TGT260306C00107000,107.0,3.74,3.35,4.65,1.0,12.0,0.48303739624023445,False,CALL,2026-03-06,TGT
TGT260306C00108000,108.0,3.15,3.05,4.3,1.0,4.0,0.4840139489746094,False,CALL,2026-03-06,TGT
TGT260306C00109000,109.0,2.81,1.13,3.95,1.0,4.0,0.48328153442382815,False,CALL,2026-03-06,TGT
TGT260306C00110000,110.0,2.56,2.49,4.85,6.0,15.0,0.5806926696777344,False,CALL,2026-03-06,TGT
TGT260306C00115000,115.0,1.7,1.69,1.9,6.0,10.0,0.44165597412109375,False,CALL,2026-03-06,TGT
TGT260306C00116000,116.0,1.55,0.76,2.25,1.0,13.0,0.495122236328125,False,CALL,2026-03-06,TGT
TGT260306C00117000,117.0,2.63,1.06,1.7,5.0,5.0,0.4588677160644532,False,CALL,2026-03-06,TGT
TGT260306C00120000,120.0,0.95,0.76,1.25,3.0,12.0,0.4594780615234375,False,CALL,2026-03-06,TGT
TGT260306C00125000,125.0,0.53,0.17,1.02,20.0,36.0,0.5053760400390624,False,CALL,2026-03-06,TGT
TGT260306C00130000,130.0,0.26,0.0,0.95,1.0,2.0,0.5632367895507813,False,CALL,2026-03-06,TGT
TGT260306P00085000,85.0,0.95,0.0,0.99,16.0,95.0,0.5288133056640626,False,PUT,2026-03-06,TGT
TGT260306P00090000,90.0,1.55,1.35,1.7,3.0,256.0,0.5019581054687501,False,PUT,2026-03-06,TGT
TGT260306P00091000,91.0,1.79,1.56,3.7,1.0,12.0,0.57617611328125,False,PUT,2026-03-06,TGT
TGT260306P00093000,93.0,2.04,1.01,2.94,6.0,17.0,0.5485884985351563,False,PUT,2026-03-06,TGT
TGT260306P00094000,94.0,2.75,2.2,2.76,1.0,13.0,0.5019581054687501,False,PUT,2026-03-06,TGT
TGT260306P00095000,95.0,2.79,1.41,3.05,2.0,31.0,0.499028447265625,False,PUT,2026-03-06,TGT
TGT260306P00096000,96.0,3.01,2.76,3.25,1.0,7.0,0.48633326171875,False,PUT,2026-03-06,TGT
TGT260306P00097000,97.0,3.3,3.1,5.2,1.0,3.0,0.5317429638671876,False,PUT,2026-03-06,TGT
TGT260306P00098000,98.0,3.48,2.41,4.35,7.0,10.0,0.5148974291992188,False,PUT,2026-03-06,TGT
TGT260306P00099000,99.0,3.59,3.9,5.3,11.0,13.0,0.5008594836425782,False,PUT,2026-03-06,TGT
TGT260306P00100000,100.0,4.75,2.97,5.5,2.0,93.0,0.5368698657226563,False,PUT,2026-03-06,TGT
TGT260306P00101000,101.0,4.45,4.75,6.3,3.0,3.0,0.5017139672851563,False,PUT,2026-03-06,TGT
TGT260306P00103000,103.0,4.2,4.25,7.0,1.0,1.0,0.5371140039062501,False,PUT,2026-03-06,TGT
TGT260306P00105000,105.0,7.0,5.8,8.1,2.0,10.0,0.5363815893554689,True,PUT,2026-03-06,TGT
TGT260306P00107000,107.0,8.05,8.2,9.3,1.0,2.0,0.5365036584472658,True,PUT,2026-03-06,TGT
TGT260320C00075000,75.0,32.8,26.2,29.8,1.0,259.0,0.7766135620117188,True,CALL,2026-03-20,TGT
TGT260320C00080000,80.0,23.02,21.75,24.3,1.0,566.0,0.5920450952148439,True,CALL,2026-03-20,TGT
TGT260320C00085000,85.0,17.86,17.9,18.75,1.0,718.0,0.4089414575195312,True,CALL,2026-03-20,TGT
TGT260320C00090000,90.0,14.7,14.2,15.4,14.0,4567.0,0.4904836108398438,True,CALL,2026-03-20,TGT
TGT260320C00095000,95.0,10.7,10.35,11.0,9.0,2292.0,0.41797457031249996,True,CALL,2026-03-20,TGT
TGT260320C00100000,100.0,7.8,7.5,7.85,84.0,10502.0,0.4106504248046875,True,CALL,2026-03-20,TGT
TGT260320C00105000,105.0,5.4,5.3,5.35,513.0,8116.0,0.405279384765625,False,CALL,2026-03-20,TGT
TGT260320C00110000,110.0,3.6,3.45,3.65,219.0,15081.0,0.4128476684570312,False,CALL,2026-03-20,TGT
TGT260320C00115000,115.0,2.24,2.19,2.34,81.0,9805.0,0.41211525390625,False,CALL,2026-03-20,TGT
TGT260320C00120000,120.0,1.42,1.35,1.49,23.0,5677.0,0.4155331884765625,False,CALL,2026-03-20,TGT
TGT260320C00125000,125.0,0.83,0.84,0.91,153.0,6433.0,0.4165097412109374,False,CALL,2026-03-20,TGT
TGT260320C00130000,130.0,0.75,0.48,0.71,1.0,1910.0,0.445318046875,False,CALL,2026-03-20,TGT
TGT260320P00075000,75.0,0.33,0.27,0.33,6.0,3455.0,0.500005,False,PUT,2026-03-20,TGT
TGT260320P00080000,80.0,0.59,0.53,0.66,25.0,4769.0,0.495122236328125,False,PUT,2026-03-20,TGT
TGT260320P00085000,85.0,1.14,1.07,1.17,98.0,6573.0,0.47461462890625,False,PUT,2026-03-20,TGT
TGT260320P00090000,90.0,2.01,1.95,2.04,182.0,3427.0,0.4606987524414063,False,PUT,2026-03-20,TGT
TGT260320P00095000,95.0,3.42,3.3,3.4,115.0,3385.0,0.45203184692382814,False,PUT,2026-03-20,TGT
TGT260320P00100000,100.0,5.3,5.25,5.35,112.0,3349.0,0.44727115234375,False,PUT,2026-03-20,TGT
TGT260320P00105000,105.0,7.95,7.8,8.0,82.0,1249.0,0.4503228796386719,True,PUT,2026-03-20,TGT
TGT260320P00110000,110.0,11.2,11.0,11.3,42.0,1752.0,0.4602104760742188,True,PUT,2026-03-20,TGT
TGT260320P00115000,115.0,16.6,14.25,16.15,2.0,969.0,0.5505416040039064,True,PUT,2026-03-20,TGT
TGT260320P00120000,120.0,18.0,18.3,20.6,1.0,327.0,0.5056201782226561,True,PUT,2026-03-20,TGT
TGT260320P00125000,125.0,20.9,23.1,25.15,2.0,354.0,0.5495650512695314,True,PUT,2026-03-20,TGT
TGT260320P00130000,130.0,24.0,27.75,30.25,16.0,21.0,0.6032754516601564,True,PUT,2026-03-20,TGT
TGT260417C00075000,75.0,24.0,26.7,29.15,1.0,36.0,0.5441940112304688,True,CALL,2026-04-17,TGT
TGT260417C00080000,80.0,31.25,22.05,24.4,2.0,79.0,0.4870656762695313,True,CALL,2026-04-17,TGT
TGT260417C00085000,85.0,18.36,17.7,20.05,22.0,619.0,0.4602104760742188,True,CALL,2026-04-17,TGT
TGT260417C00090000,90.0,14.36,14.85,15.75,24.0,857.0,0.4194393994140625,True,CALL,2026-04-17,TGT
TGT260417C00095000,95.0,11.5,11.5,12.2,15.0,1146.0,0.40906352661132805,True,CALL,2026-04-17,TGT
TGT260417C00100000,100.0,8.21,8.4,9.0,3.0,2336.0,0.3922179919433594,True,CALL,2026-04-17,TGT
TGT260417C00105000,105.0,6.3,6.2,6.5,97.0,2650.0,0.3857483300781249,False,CALL,2026-04-17,TGT
TGT260417C00110000,110.0,4.45,4.35,4.55,514.0,3624.0,0.3811097045898437,False,CALL,2026-04-17,TGT
TGT260417C00115000,115.0,2.52,2.8,3.15,5.0,2604.0,0.3812317736816406,False,CALL,2026-04-17,TGT
TGT260417C00120000,120.0,2.1,1.93,2.16,25.0,1041.0,0.3834290173339844,False,CALL,2026-04-17,TGT
TGT260417C00125000,125.0,1.35,1.32,1.43,75.0,483.0,0.38318487915039057,False,CALL,2026-04-17,TGT
TGT260417C00130000,130.0,0.88,0.81,0.98,5.0,618.0,0.38867798828125,False,CALL,2026-04-17,TGT
TGT260417P00075000,75.0,0.5,0.4,0.75,32.0,1482.0,0.49121602539062503,False,PUT,2026-04-17,TGT
TGT260417P00080000,80.0,0.92,0.8,1.2,2.0,729.0,0.4689994506835938,False,PUT,2026-04-17,TGT
TGT260417P00085000,85.0,1.75,1.45,1.59,35.0,757.0,0.4226131958007812,False,PUT,2026-04-17,TGT
TGT260417P00090000,90.0,2.6,2.49,2.58,12.0,1055.0,0.4102842175292969,False,PUT,2026-04-17,TGT
TGT260417P00095000,95.0,4.1,3.95,4.1,86.0,1072.0,0.4056455920410156,False,PUT,2026-04-17,TGT
TGT260417P00100000,100.0,6.05,5.95,6.1,71.0,866.0,0.39990834472656256,False,PUT,2026-04-17,TGT
TGT260417P00105000,105.0,9.0,8.4,9.0,1.0,1070.0,0.4141904284667969,True,PUT,2026-04-17,TGT
TGT260417P00110000,110.0,12.5,11.55,12.55,13.0,575.0,0.4373835559082031,True,PUT,2026-04-17,TGT
TGT260417P00115000,115.0,16.4,15.05,16.65,2.0,355.0,0.47083048706054687,True,PUT,2026-04-17,TGT
TGT260417P00120000,120.0,15.9,18.7,20.4,2.0,24.0,0.46753462158203124,True,PUT,2026-04-17,TGT
TGT260417P00125000,125.0,25.59,23.35,25.4,1.0,255.0,0.5296677893066408,True,PUT,2026-04-17,TGT
TGT260417P00130000,130.0,40.17,0.0,0.0,102.0,162.0,1.0000000000000003e-05,True,PUT,2026-04-17,TGT
TGT260515C00075000,75.0,25.65,27.0,29.25,2.0,38.0,0.47900911621093745,True,CALL,2026-05-15,TGT
TGT260515C00080000,80.0,29.85,22.6,24.75,4.0,35.0,0.45044494873046875,True,CALL,2026-05-15,TGT
TGT260515C00085000,85.0,24.27,19.2,20.4,1.0,90.0,0.42078215942382813,True,CALL,2026-05-15,TGT
TGT260515C00090000,90.0,16.07,15.65,16.25,2.0,406.0,0.39063109375,True,CALL,2026-05-15,TGT
TGT260515C00095000,95.0,11.8,12.3,13.6,1.0,754.0,0.4226131958007812,True,CALL,2026-05-15,TGT
TGT260515C00100000,100.0,8.67,9.25,10.05,53.0,640.0,0.38568729553222647,True,CALL,2026-05-15,TGT
TGT260515C00105000,105.0,7.2,7.0,7.35,22.0,484.0,0.36963520996093746,False,CALL,2026-05-15,TGT
TGT260515C00110000,110.0,5.15,5.25,5.35,2.0,1990.0,0.36463037719726565,False,CALL,2026-05-15,TGT
TGT260515C00115000,115.0,3.7,3.75,3.85,4.0,583.0,0.36310451354980466,False,CALL,2026-05-15,TGT
TGT260515C00120000,120.0,2.68,2.62,2.71,16.0,1012.0,0.3614565808105469,False,CALL,2026-05-15,TGT
TGT260515C00125000,125.0,1.83,1.77,1.91,9.0,3453.0,0.3626772717285156,False,CALL,2026-05-15,TGT
TGT260515C00130000,130.0,1.23,1.02,1.49,2.0,648.0,0.3764710791015625,False,CALL,2026-05-15,TGT
TGT260515P00075000,75.0,0.9,0.71,0.88,1.0,222.0,0.43945873046875,False,PUT,2026-05-15,TGT
TGT260515P00080000,80.0,1.31,1.23,1.43,1.0,351.0,0.42529871582031253,False,PUT,2026-05-15,TGT
TGT260515P00085000,85.0,2.07,2.0,2.24,100.0,501.0,0.41235939208984373,False,PUT,2026-05-15,TGT
TGT260515P00090000,90.0,3.3,3.1,3.5,36.0,1242.0,0.4078428356933594,False,PUT,2026-05-15,TGT
TGT260515P00095000,95.0,4.8,4.65,5.05,15.0,633.0,0.39703972106933594,False,PUT,2026-05-15,TGT
TGT260515P00100000,100.0,6.81,6.7,7.3,84.0,577.0,0.39929799926757814,False,PUT,2026-05-15,TGT
TGT260515P00105000,105.0,9.75,9.3,10.55,2.0,391.0,0.4255428540039063,True,PUT,2026-05-15,TGT
TGT260515P00110000,110.0,12.7,12.6,12.95,13.0,192.0,0.39417109741210943,True,PUT,2026-05-15,TGT
TGT260515P00115000,115.0,17.3,15.85,17.15,11.0,437.0,0.428716650390625,True,PUT,2026-05-15,TGT
TGT260515P00120000,120.0,18.82,19.8,20.6,1.0,15.0,0.4124814611816406,True,PUT,2026-05-15,TGT
TGT260515P00125000,125.0,19.55,23.9,26.4,12.0,31.0,0.5092822509765625,True,PUT,2026-05-15,TGT
TGT260515P00130000,130.0,45.05,0.0,0.0,56.0,20.0,1.0000000000000003e-05,True,PUT,2026-05-15,TGT
TGT260618C00075000,75.0,30.0,27.4,29.65,1.0,197.0,0.454107021484375,True,CALL,2026-06-18,TGT
TGT260618C00080000,80.0,25.75,23.4,25.35,2.0,495.0,0.43604079589843747,True,CALL,2026-06-18,TGT
TGT260618C00085000,85.0,24.9,19.4,21.5,1.0,554.0,0.4312801013183594,True,CALL,2026-06-18,TGT
TGT260618C00090000,90.0,17.15,16.45,17.2,1.0,1242.0,0.38812867736816403,True,CALL,2026-06-18,TGT
TGT260618C00095000,95.0,13.6,13.45,14.25,2.0,996.0,0.3963683410644532,True,CALL,2026-06-18,TGT
TGT260618C00100000,100.0,10.8,10.85,11.35,2.0,2556.0,0.38843385009765624,True,CALL,2026-06-18,TGT
TGT260618C00105000,105.0,8.75,8.7,8.8,24.0,1918.0,0.37879039184570307,False,CALL,2026-06-18,TGT
TGT260618C00110000,110.0,6.65,6.7,6.85,32.0,4906.0,0.37744763183593744,False,CALL,2026-06-18,TGT
TGT260618C00115000,115.0,5.08,5.1,5.2,155.0,3998.0,0.37366348999023435,False,CALL,2026-06-18,TGT
TGT260618C00120000,120.0,3.8,3.85,3.9,15.0,4393.0,0.3709779699707031,False,CALL,2026-06-18,TGT
TGT260618C00125000,125.0,2.73,2.83,2.92,46.0,1717.0,0.3704896936035156,False,CALL,2026-06-18,TGT
TGT260618C00130000,130.0,2.09,2.11,2.19,10.0,8238.0,0.3714662463378906,False,CALL,2026-06-18,TGT
TGT260618P00075000,75.0,1.31,1.25,1.51,1.0,1531.0,0.4454401159667969,False,PUT,2026-06-18,TGT
TGT260618P00080000,80.0,2.2,1.91,2.17,15.0,2375.0,0.42639733764648446,False,PUT,2026-06-18,TGT
TGT260618P00085000,85.0,3.15,3.05,3.2,52.0,3615.0,0.41663181030273433,False,PUT,2026-06-18,TGT
TGT260618P00090000,90.0,4.52,4.45,4.65,37.0,3221.0,0.4122983575439453,False,PUT,2026-06-18,TGT
TGT260618P00095000,95.0,6.29,6.2,6.45,38.0,3172.0,0.40692731750488287,False,PUT,2026-06-18,TGT
TGT260618P00100000,100.0,8.55,8.5,8.65,38.0,2347.0,0.40228869201660156,False,PUT,2026-06-18,TGT
TGT260618P00105000,105.0,10.95,10.9,11.5,117.0,1420.0,0.40796490478515623,True,PUT,2026-06-18,TGT
TGT260618P00110000,110.0,14.61,13.9,15.45,6.0,346.0,0.442388388671875,True,PUT,2026-06-18,TGT
TGT260618P00115000,115.0,19.1,17.25,17.95,1.0,395.0,0.40656111022949215,True,PUT,2026-06-18,TGT
TGT260618P00120000,120.0,19.8,20.75,21.6,1.0,610.0,0.4042417974853516,True,PUT,2026-06-18,TGT
TGT260618P00125000,125.0,25.82,24.9,25.7,10.0,1387.0,0.4110166320800781,True,PUT,2026-06-18,TGT
TGT260618P00130000,130.0,26.87,29.0,30.6,1.0,571.0,0.44910218872070307,True,PUT,2026-06-18,TGT
TGT260717C00075000,75.0,29.62,27.65,29.8,2.0,2.0,0.42517664672851563,True,CALL,2026-07-17,TGT
TGT260717C00080000,80.0,30.97,24.45,25.65,3.0,98.0,0.41565525756835936,True,CALL,2026-07-17,TGT
TGT260717C00085000,85.0,22.35,19.95,21.35,11.0,174.0,0.3850159155273437,True,CALL,2026-07-17,TGT
TGT260717C00090000,90.0,18.11,17.1,17.9,50.0,143.0,0.3845276391601562,True,CALL,2026-07-17,TGT
TGT260717C00095000,95.0,14.93,13.3,15.0,2.0,58.0,0.39050902465820314,True,CALL,2026-07-17,TGT
TGT260717C00100000,100.0,11.75,11.7,12.0,2.0,196.0,0.37756970092773434,True,CALL,2026-07-17,TGT
TGT260717C00105000,105.0,8.5,9.35,9.65,59.0,380.0,0.37531142272949214,False,CALL,2026-07-17,TGT
TGT260717C00110000,110.0,7.25,7.35,7.8,3.0,872.0,0.37793590820312495,False,CALL,2026-07-17,TGT
TGT260717C00115000,115.0,5.85,5.7,6.2,1.0,142.0,0.37793590820312495,False,CALL,2026-07-17,TGT
TGT260717C00120000,120.0,4.75,4.35,4.55,1.0,159.0,0.36438623901367195,False,CALL,2026-07-17,TGT
TGT260717C00125000,125.0,3.35,3.3,3.5,8.0,290.0,0.3635927899169922,False,CALL,2026-07-17,TGT
TGT260717C00130000,130.0,2.63,2.49,2.69,109.0,424.0,0.36389796264648444,False,CALL,2026-07-17,TGT
TGT260717P00075000,75.0,1.45,1.33,1.87,1.0,15.0,0.4338435522460938,False,PUT,2026-07-17,TGT
TGT260717P00080000,80.0,2.68,2.36,2.7,1.0,204.0,0.42127043579101564,False,PUT,2026-07-17,TGT
TGT260717P00085000,85.0,3.6,3.45,3.75,37.0,282.0,0.40759869750976563,False,PUT,2026-07-17,TGT
TGT260717P00090000,90.0,4.98,4.95,5.55,32.0,328.0,0.41480077392578124,False,PUT,2026-07-17,TGT
TGT260717P00095000,95.0,7.04,6.75,7.6,1.0,100.0,0.41571629211425776,False,PUT,2026-07-17,TGT
TGT260717P00100000,100.0,9.6,8.95,9.7,63.0,447.0,0.4049742120361328,False,PUT,2026-07-17,TGT
TGT260717P00105000,105.0,12.2,11.65,12.15,38.0,105.0,0.3947204083251954,True,PUT,2026-07-17,TGT
TGT260717P00110000,110.0,13.8,14.6,15.75,6.0,374.0,0.4136411175537109,True,PUT,2026-07-17,TGT
TGT260717P00115000,115.0,17.35,17.9,19.25,34.0,74.0,0.418401812133789,True,PUT,2026-07-17,TGT
TGT260717P00120000,120.0,20.1,21.15,23.15,,6.0,0.428716650390625,True,PUT,2026-07-17,TGT
TGT260717P00125000,125.0,26.84,25.1,27.1,1.0,20.0,0.43286699951171875,True,PUT,2026-07-17,TGT
TGT260717P00130000,130.0,28.63,29.6,31.2,4.0,39.0,0.43567458862304687,True,PUT,2026-07-17,TGT
TGT260918C00075000,75.0,30.28,27.75,31.45,2.0,117.0,0.4588677160644532,True,CALL,2026-09-18,TGT
TGT260918C00080000,80.0,24.6,23.85,27.5,1.0,106.0,0.44397528686523435,True,CALL,2026-09-18,TGT
TGT260918C00085000,85.0,21.35,21.05,22.85,2.0,1374.0,0.3924010955810546,True,CALL,2026-09-18,TGT
TGT260918C00090000,90.0,18.52,18.4,19.45,1.0,342.0,0.38556522644042956,True,CALL,2026-09-18,TGT
TGT260918C00095000,95.0,14.8,15.3,16.35,13.0,397.0,0.3786072882080078,True,CALL,2026-09-18,TGT
TGT260918C00100000,100.0,13.0,12.95,13.8,12.0,807.0,0.3790345300292969,True,CALL,2026-09-18,TGT
TGT260918C00105000,105.0,10.65,10.2,11.65,13.0,1835.0,0.3815979809570312,False,CALL,2026-09-18,TGT
TGT260918C00110000,110.0,8.83,8.2,9.4,7.0,1640.0,0.37177141906738287,False,CALL,2026-09-18,TGT
TGT260918C00115000,115.0,7.44,6.6,7.85,2.0,562.0,0.37470107727050783,False,CALL,2026-09-18,TGT
TGT260918C00120000,120.0,6.45,5.45,6.7,81.0,1242.0,0.3825745336914062,False,CALL,2026-09-18,TGT
TGT260918C00125000,125.0,4.85,4.65,5.0,30.0,251.0,0.3646914117431641,False,CALL,2026-09-18,TGT
TGT260918C00130000,130.0,3.9,3.75,4.05,19.0,791.0,0.364813480834961,False,CALL,2026-09-18,TGT
TGT260918P00075000,75.0,2.4,2.17,2.79,1.0,1632.0,0.42542078491210944,False,PUT,2026-09-18,TGT
TGT260918P00080000,80.0,3.6,3.2,3.8,3.0,1108.0,0.4137631866455078,False,PUT,2026-09-18,TGT
TGT260918P00085000,85.0,5.31,4.8,5.4,18.0,2760.0,0.4165707757568359,False,PUT,2026-09-18,TGT
TGT260918P00090000,90.0,6.75,6.35,7.05,1.0,2958.0,0.4089414575195312,False,PUT,2026-09-18,TGT
TGT260918P00095000,95.0,8.05,8.1,9.05,13.0,792.0,0.40332627929687503,False,PUT,2026-09-18,TGT
TGT260918P00100000,100.0,10.7,10.45,12.05,18.0,857.0,0.4198056066894531,False,PUT,2026-09-18,TGT
TGT260918P00105000,105.0,12.73,13.3,14.2,22.0,1751.0,0.3998473101806641,True,PUT,2026-09-18,TGT
TGT260918P00110000,110.0,15.25,15.85,17.3,5.0,787.0,0.40064075927734377,True,PUT,2026-09-18,TGT
TGT260918P00115000,115.0,20.05,19.2,21.1,60.0,200.0,0.4149228430175781,True,PUT,2026-09-18,TGT
TGT260918P00120000,120.0,20.87,22.8,24.7,1.0,35.0,0.41608249938964836,True,PUT,2026-09-18,TGT
TGT260918P00125000,125.0,26.2,26.35,28.45,21.0,49.0,0.4155331884765625,True,PUT,2026-09-18,TGT
TGT260918P00130000,130.0,29.9,30.3,32.45,2.0,48.0,0.4172421557617187,True,PUT,2026-09-18,TGT
TGT261218C00075000,75.0,31.26,28.5,32.6,2.0,338.0,0.4385432122802735,True,CALL,2026-12-18,TGT
TGT261218C00080000,80.0,29.1,25.35,28.85,1.0,215.0,0.4268245794677735,True,CALL,2026-12-18,TGT
TGT261218C00085000,85.0,24.75,22.35,24.05,5.0,673.0,0.37366348999023435,True,CALL,2026-12-18,TGT
TGT261218C00090000,90.0,20.6,19.9,21.6,10.0,4441.0,0.39227902648925783,True,CALL,2026-12-18,TGT
TGT261218C00095000,95.0,17.79,17.2,18.25,6.0,631.0,0.3744264218139648,True,CALL,2026-12-18,TGT
TGT261218C00100000,100.0,15.0,14.65,16.6,2.0,1837.0,0.3961242028808594,True,CALL,2026-12-18,TGT
TGT261218C00105000,105.0,13.29,12.5,14.9,1.0,1809.0,0.40808697387695314,False,CALL,2026-12-18,TGT
TGT261218C00110000,110.0,10.23,10.45,12.85,7.0,1642.0,0.4043638665771484,False,CALL,2026-12-18,TGT
TGT261218C00115000,115.0,8.94,8.15,10.3,2.0,683.0,0.3819031536865234,False,CALL,2026-12-18,TGT
TGT261218C00120000,120.0,7.62,7.2,9.5,5.0,9377.0,0.3995726547241212,False,CALL,2026-12-18,TGT
TGT261218C00125000,125.0,6.2,5.7,6.9,1.0,683.0,0.3635927899169922,False,CALL,2026-12-18,TGT
TGT261218C00130000,130.0,5.3,4.05,6.3,4.0,350.0,0.3773255627441406,False,CALL,2026-12-18,TGT
TGT261218P00075000,75.0,3.8,2.84,4.15,1.0,1105.0,0.42163664306640625,False,PUT,2026-12-18,TGT
TGT261218P00080000,80.0,4.85,4.3,5.2,10.0,679.0,0.4046080047607422,False,PUT,2026-12-18,TGT
TGT261218P00085000,85.0,6.25,6.1,7.0,1.0,1324.0,0.4067442138671875,False,PUT,2026-12-18,TGT
TGT261218P00090000,90.0,8.5,7.85,8.6,50.0,1068.0,0.3936828210449219,False,PUT,2026-12-18,TGT
TGT261218P00095000,95.0,10.63,9.85,10.85,9.0,906.0,0.39258419921875,False,PUT,2026-12-18,TGT
TGT261218P00100000,100.0,12.5,11.85,14.05,12.0,3646.0,0.4094907684326171,False,PUT,2026-12-18,TGT
TGT261218P00105000,105.0,15.7,15.2,15.95,1.0,604.0,0.38458867370605465,True,PUT,2026-12-18,TGT
TGT261218P00110000,110.0,17.7,17.9,19.35,3.0,961.0,0.39276730285644534,True,PUT,2026-12-18,TGT
TGT261218P00115000,115.0,18.15,21.25,23.15,2.0,411.0,0.4053099020385742,True,PUT,2026-12-18,TGT
TGT261218P00120000,120.0,21.9,24.5,26.75,1.0,1405.0,0.40750714569091795,True,PUT,2026-12-18,TGT
TGT261218P00125000,125.0,27.7,27.55,29.65,10.0,635.0,0.3857483300781249,True,PUT,2026-12-18,TGT
TGT261218P00130000,130.0,31.34,32.0,34.05,22.0,298.0,0.4002135174560547,True,PUT,2026-12-18,TGT
TGT270115C00075000,75.0,30.3,28.9,32.85,7.0,278.0,0.43066975585937506,True,CALL,2027-01-15,TGT
TGT270115C00080000,80.0,27.09,26.1,29.0,16.0,10849.0,0.41473973937988284,True,CALL,2027-01-15,TGT
TGT270115C00085000,85.0,24.08,23.3,25.85,41.0,10190.0,0.41535008483886715,True,CALL,2027-01-15,TGT
TGT270115C00090000,90.0,20.92,20.2,21.35,4.0,1788.0,0.3690858990478516,True,CALL,2027-01-15,TGT
TGT270115C00095000,95.0,18.13,17.5,18.6,5.0,2188.0,0.3686281399536133,True,CALL,2027-01-15,TGT
TGT270115C00100000,100.0,15.75,14.95,17.4,6.0,5807.0,0.4005797247314453,True,CALL,2027-01-15,TGT
TGT270115C00105000,105.0,13.0,13.15,15.45,5.0,1299.0,0.405279384765625,False,CALL,2027-01-15,TGT
TGT270115C00110000,110.0,10.98,11.35,12.95,8.0,2459.0,0.3904479901123047,False,CALL,2027-01-15,TGT
TGT270115C00115000,115.0,9.45,9.35,11.7,1.0,1223.0,0.4012816220092773,False,CALL,2027-01-15,TGT
TGT270115C00120000,120.0,7.95,7.8,8.9,60.0,1443.0,0.3681093463134766,False,CALL,2027-01-15,TGT
TGT270115C00125000,125.0,7.0,5.85,7.25,11.0,2879.0,0.35816071533203125,False,CALL,2027-01-15,TGT
TGT270115C00130000,130.0,6.0,5.65,6.3,8.0,2630.0,0.36200589172363284,False,CALL,2027-01-15,TGT
TGT270115P00075000,75.0,4.2,3.45,4.55,4.0,804.0,0.4206600903320313,False,PUT,2027-01-15,TGT
TGT270115P00080000,80.0,5.19,4.45,5.35,4.0,7629.0,0.393560751953125,False,PUT,2027-01-15,TGT
TGT270115P00085000,85.0,6.4,6.25,7.2,13.0,4416.0,0.39649041015625003,False,PUT,2027-01-15,TGT
TGT270115P00090000,90.0,8.6,8.45,9.65,10.0,4232.0,0.4079038702392578,False,PUT,2027-01-15,TGT
TGT270115P00095000,95.0,10.4,10.0,12.55,2.0,6476.0,0.42236905761718746,False,PUT,2027-01-15,TGT
TGT270115P00100000,100.0,13.12,12.9,14.15,3.0,4441.0,0.3954528228759766,False,PUT,2027-01-15,TGT
TGT270115P00105000,105.0,16.05,15.45,16.7,2.0,1231.0,0.3877624700927734,True,PUT,2027-01-15,TGT
TGT270115P00110000,110.0,18.15,18.3,20.65,24.0,2714.0,0.40906352661132805,True,PUT,2027-01-15,TGT
TGT270115P00115000,115.0,21.13,21.4,23.5,40.0,464.0,0.3975890319824219,True,PUT,2027-01-15,TGT
TGT270115P00120000,120.0,23.25,24.6,26.95,19.0,1227.0,0.396063168334961,True,PUT,2027-01-15,TGT
TGT270115P00125000,125.0,25.65,27.6,30.45,1.0,817.0,0.391058335571289,True,PUT,2027-01-15,TGT
TGT270115P00130000,130.0,37.83,31.55,34.4,3.0,1282.0,0.39349971740722656,True,PUT,2027-01-15,TGT
TGT270617C00075000,75.0,32.85,30.5,35.0,9.0,97.0,0.42731285583496104,True,CALL,2027-06-17,TGT
TGT270617C00080000,80.0,27.95,27.0,31.5,17.0,117.0,0.4168149139404296,True,CALL,2027-06-17,TGT
TGT270617C00085000,85.0,26.55,25.3,28.5,14.0,79.0,0.41461767028808594,True,CALL,2027-06-17,TGT
TGT270617C00090000,90.0,23.69,21.0,24.25,70.0,120.0,0.37744763183593744,True,CALL,2027-06-17,TGT
TGT270617C00095000,95.0,21.06,19.75,23.0,288.0,148.0,0.40650007568359375,True,CALL,2027-06-17,TGT
TGT270617C00100000,100.0,18.68,16.0,20.5,84.0,46.0,0.4011900701904296,True,CALL,2027-06-17,TGT
TGT270617C00105000,105.0,15.4,14.7,17.6,1.0,67.0,0.3834290173339844,False,CALL,2027-06-17,TGT
TGT270617C00110000,110.0,15.15,13.6,14.9,50.0,175.0,0.36630882720947266,False,CALL,2027-06-17,TGT
TGT270617C00115000,115.0,16.4,10.0,13.75,9.0,378.0,0.37744763183593744,False,CALL,2027-06-17,TGT
TGT270617C00120000,120.0,11.85,8.5,13.5,2.0,54.0,0.40369248657226564,False,CALL,2027-06-17,TGT
TGT270617C00125000,125.0,9.98,8.25,9.9,3.0,32.0,0.3565127825927734,False,CALL,2027-06-17,TGT
TGT270617C00130000,130.0,8.5,7.4,10.5,2.0,455.0,0.3951781674194337,False,CALL,2027-06-17,TGT
TGT270617P00075000,75.0,5.5,3.5,8.0,20.0,33.0,0.45905081970214845,False,PUT,2027-06-17,TGT
TGT270617P00080000,80.0,7.4,5.0,9.5,37.0,75.0,0.4456842541503906,False,PUT,2027-06-17,TGT
TGT270617P00085000,85.0,9.15,7.9,9.2,1.0,135.0,0.38281867187499996,False,PUT,2027-06-17,TGT
TGT270617P00090000,90.0,10.5,9.45,13.5,14.0,157.0,0.4320430331420898,False,PUT,2027-06-17,TGT
TGT270617P00095000,95.0,11.65,11.0,14.25,4.0,13.0,0.3908141973876953,False,PUT,2027-06-17,TGT
TGT270617P00100000,100.0,15.18,13.5,18.0,40.0,46.0,0.4131833584594726,False,PUT,2027-06-17,TGT
TGT270617P00105000,105.0,17.68,17.25,20.5,42.0,29.0,0.4035399002075196,True,PUT,2027-06-17,TGT
TGT270617P00110000,110.0,21.2,19.65,22.95,2.0,290.0,0.38922729919433596,True,PUT,2027-06-17,TGT
TGT270617P00115000,115.0,22.96,22.4,25.0,202.0,106.0,0.36310451354980466,True,PUT,2027-06-17,TGT
TGT270617P00120000,120.0,26.85,25.0,30.0,4.0,4.0,0.3944762701416016,True,PUT,2027-06-17,TGT
TGT270617P00125000,125.0,30.2,29.0,33.5,2.0,2.0,0.3916381637573242,True,PUT,2027-06-17,TGT
TGT270917C00090000,90.0,24.65,22.5,27.0,6.0,15.0,0.4070799038696289,True,CALL,2027-09-17,TGT
TGT270917C00095000,95.0,21.4,20.9,24.5,1.0,24.0,0.40491317749023437,True,CALL,2027-09-17,TGT
TGT270917C00100000,100.0,24.45,17.95,22.0,3.0,12.0,0.3988707574462891,True,CALL,2027-09-17,TGT
TGT270917C00105000,105.0,19.71,15.8,20.0,4.0,30.0,0.39920644744873046,False,CALL,2027-09-17,TGT
TGT270917C00110000,110.0,16.0,13.5,16.75,2.0,83.0,0.37219866088867193,False,CALL,2027-09-17,TGT
TGT270917C00115000,115.0,14.35,12.75,14.75,20.0,10.0,0.36615624084472653,False,CALL,2027-09-17,TGT
TGT270917C00120000,120.0,12.6,11.25,14.5,27.0,27.0,0.3903259210205078,False,CALL,2027-09-17,TGT
TGT270917C00125000,125.0,11.35,9.75,12.15,2.0,31.0,0.37164934997558596,False,CALL,2027-09-17,TGT
TGT270917C00130000,130.0,9.09,8.1,10.85,1.0,19.0,0.37033710723876956,False,CALL,2027-09-17,TGT
TGT270917P00075000,75.0,5.53,5.25,9.0,1.0,3.0,0.4495294305419921,False,PUT,2027-09-17,TGT
TGT270917P00080000,80.0,8.0,7.25,10.5,10.0,30.0,0.43494217407226565,False,PUT,2027-09-17,TGT
TGT270917P00085000,85.0,9.55,9.25,11.5,2.0,15.0,0.40582869567871094,False,PUT,2027-09-17,TGT
TGT270917P00090000,90.0,11.35,10.25,12.4,2.0,16.0,0.3734193518066406,False,PUT,2027-09-17,TGT
TGT270917P00095000,95.0,11.79,12.0,16.05,1.0,2.0,0.3967345483398438,False,PUT,2027-09-17,TGT
TGT270917P00100000,100.0,18.33,15.75,19.0,8.0,5.0,0.39999989654541024,False,PUT,2027-09-17,TGT
TGT270917P00105000,105.0,16.84,17.5,22.0,670.0,677.0,0.4003355865478516,True,PUT,2027-09-17,TGT
TGT270917P00110000,110.0,21.5,20.7,24.5,2.0,21.0,0.3876404010009765,True,PUT,2027-09-17,TGT
TGT271217C00075000,75.0,33.1,32.0,36.5,3.0,109.0,0.404730073852539,True,CALL,2027-12-17,TGT
TGT271217C00080000,80.0,30.9,30.8,32.2,3.0,111.0,0.3735719381713867,True,CALL,2027-12-17,TGT
TGT271217C00085000,85.0,28.29,27.4,30.4,120.0,341.0,0.3962767892456055,True,CALL,2027-12-17,TGT
TGT271217C00090000,90.0,24.65,24.85,27.9,6.0,974.0,0.397466962890625,True,CALL,2027-12-17,TGT
TGT271217C00095000,95.0,23.15,21.65,25.4,45.0,176.0,0.39456782196044926,True,CALL,2027-12-17,TGT
TGT271217C00100000,100.0,19.95,18.6,22.9,10.0,282.0,0.3883117810058594,True,CALL,2027-12-17,TGT
TGT271217C00105000,105.0,16.0,16.55,19.85,24.0,237.0,0.36914693359375,False,CALL,2027-12-17,TGT
TGT271217C00110000,110.0,16.5,15.0,17.4,3.0,72.0,0.3582827844238281,False,CALL,2027-12-17,TGT
TGT271217C00115000,115.0,19.71,13.1,16.45,2.0,77.0,0.3711915908813477,False,CALL,2027-12-17,TGT
TGT271217C00120000,120.0,12.75,11.05,13.8,12.0,104.0,0.3511722598266601,False,CALL,2027-12-17,TGT
TGT271217C00125000,125.0,15.52,10.05,12.55,1.0,66.0,0.35336950347900387,False,CALL,2027-12-17,TGT
TGT271217C00130000,130.0,11.11,9.15,11.1,3.0,48.0,0.34952432708740233,False,CALL,2027-12-17,TGT
TGT271217P00075000,75.0,6.7,6.05,9.9,1.0,778.0,0.4413202841186523,False,PUT,2027-12-17,TGT
TGT271217P00080000,80.0,8.5,6.5,11.2,2.0,294.0,0.4213619876098633,False,PUT,2027-12-17,TGT
TGT271217P00085000,85.0,9.8,8.7,11.35,1.0,1797.0,0.3748231463623046,False,PUT,2027-12-17,TGT
TGT271217P00090000,90.0,13.0,11.55,15.5,10.0,883.0,0.4107724938964844,False,PUT,2027-12-17,TGT
TGT271217P00095000,95.0,14.35,14.2,17.5,9.0,82.0,0.39761954925537113,False,PUT,2027-12-17,TGT
TGT271217P00100000,100.0,15.43,15.5,20.0,1.0,437.0,0.3913024737548828,False,PUT,2027-12-17,TGT
TGT271217P00105000,105.0,22.31,18.0,22.25,5.0,270.0,0.37747814910888666,True,PUT,2027-12-17,TGT
TGT271217P00110000,110.0,22.25,21.8,23.6,1.0,4.0,0.3450993225097656,True,PUT,2027-12-17,TGT
TGT271217P00115000,115.0,32.54,30.1,34.05,1.0,75.0,0.4720511779785156,True,PUT,2027-12-17,TGT
TGT271217P00120000,120.0,29.24,27.1,29.85,4.0,182.0,0.33539482971191403,True,PUT,2027-12-17,TGT
TGT271217P00125000,125.0,31.95,30.6,33.75,24.0,153.0,0.3401250070190429,True,PUT,2027-12-17,TGT
TGT271217P00130000,130.0,35.35,34.1,37.25,4.0,203.0,0.3351201742553711,True,PUT,2027-12-17,TGT
TGT280121C00075000,75.0,34.54,32.0,36.45,2.0,121.0,0.393560751953125,True,CALL,2028-01-21,TGT
TGT280121C00080000,80.0,30.65,29.5,32.6,1.0,576.0,0.37354142089843745,True,CALL,2028-01-21,TGT
TGT280121C00085000,85.0,28.6,26.0,30.95,13.0,353.0,0.39813834289550787,True,CALL,2028-01-21,TGT
TGT280121C00090000,90.0,25.1,24.75,28.0,1.0,896.0,0.38968505828857425,True,CALL,2028-01-21,TGT
TGT280121C00095000,95.0,24.5,21.0,25.5,5.0,733.0,0.3867859173583984,True,CALL,2028-01-21,TGT
TGT280121C00100000,100.0,21.3,20.55,21.7,1.0,298.0,0.3570010589599609,True,CALL,2028-01-21,TGT
TGT280121C00105000,105.0,17.97,16.5,21.5,5.0,155.0,0.38934936828613287,False,CALL,2028-01-21,TGT
TGT280121C00110000,110.0,17.0,15.1,19.5,1.0,765.0,0.38611453735351553,False,CALL,2028-01-21,TGT
TGT280121C00115000,115.0,18.15,13.45,17.5,1.0,496.0,0.3802552209472656,False,CALL,2028-01-21,TGT
TGT280121C00120000,120.0,14.3,11.9,16.0,3.0,252.0,0.3806214282226562,False,CALL,2028-01-21,TGT
TGT280121C00125000,125.0,12.3,11.25,14.5,4.0,131.0,0.3786683227539062,False,CALL,2028-01-21,TGT
TGT280121C00130000,130.0,11.52,10.3,13.5,2.0,668.0,0.3833069482421875,False,CALL,2028-01-21,TGT
TGT280121P00075000,75.0,6.23,6.15,10.0,3.0,733.0,0.43292803405761715,False,PUT,2028-01-21,TGT
TGT280121P00080000,80.0,9.4,7.75,11.3,1.0,199.0,0.41330542755126953,False,PUT,2028-01-21,TGT
TGT280121P00085000,85.0,11.3,10.9,11.45,9.0,985.0,0.367743139038086,False,PUT,2028-01-21,TGT
TGT280121P00090000,90.0,13.0,11.8,15.5,5.0,612.0,0.40073231109619145,False,PUT,2028-01-21,TGT
TGT280121P00095000,95.0,14.55,14.15,17.5,44.0,1051.0,0.38788453918457033,False,PUT,2028-01-21,TGT
TGT280121P00100000,100.0,17.7,16.75,19.4,1.0,578.0,0.37079486633300784,False,PUT,2028-01-21,TGT
TGT280121P00105000,105.0,21.1,18.3,23.0,10.0,284.0,0.3815369464111328,True,PUT,2028-01-21,TGT
TGT280121P00110000,110.0,22.62,21.85,25.5,44.0,410.0,0.36972676177978514,True,PUT,2028-01-21,TGT
TGT280121P00115000,115.0,25.59,24.45,28.5,26.0,291.0,0.36405054901123046,True,PUT,2028-01-21,TGT
TGT280121P00120000,120.0,28.65,27.0,31.5,2.0,165.0,0.3557803680419921,True,PUT,2028-01-21,TGT
TGT280121P00125000,125.0,31.9,30.5,35.0,4.0,142.0,0.35370519348144525,True,PUT,2028-01-21,TGT
TGT280121P00130000,130.0,38.73,34.9,38.5,10.0,46.0,0.34924967163085935,True,PUT,2028-01-21,TGT
TMC260130C00005500,5.5,1.9,1.91,2.15,3.0,8.0,3.1875020312499998,True,CALL,2026-01-30,TMC
TMC260130C00006000,6.0,1.56,1.29,1.78,2.0,121.0,2.5312536718749996,True,CALL,2026-01-30,TMC
TMC260130C00006500,6.5,1.06,1.0,1.13,8.0,277.0,2.0468798828125,True,CALL,2026-01-30,TMC
TMC260130C00007000,7.0,0.53,0.5,0.73,134.0,575.0,1.5781271093749998,True,CALL,2026-01-30,TMC
TMC260130C00007500,7.5,0.2,0.2,0.3,1172.0,2158.0,1.21875390625,False,CALL,2026-01-30,TMC
TMC260130C00008000,8.0,0.1,0.07,0.11,1638.0,7907.0,1.2343788281249999,False,CALL,2026-01-30,TMC
TMC260130C00008500,8.5,0.04,0.03,0.04,726.0,3875.0,1.3437532812499997,False,CALL,2026-01-30,TMC
TMC260130C00009000,9.0,0.03,0.01,0.02,237.0,3121.0,1.46875265625,False,CALL,2026-01-30,TMC
TMC260130C00009500,9.5,0.02,0.01,0.02,123.0,2052.0,1.78125109375,False,CALL,2026-01-30,TMC
TMC260130P00005500,5.5,0.02,0.0,0.03,26.0,236.0,2.2500043749999996,False,PUT,2026-01-30,TMC
TMC260130P00006000,6.0,0.01,0.0,0.03,6.0,678.0,1.71875140625,False,PUT,2026-01-30,TMC
TMC260130P00006500,6.5,0.01,0.01,0.03,70.0,1424.0,1.2500037499999999,False,PUT,2026-01-30,TMC
TMC260130P00007000,7.0,0.05,0.03,0.09,177.0,2107.0,1.015629921875,False,PUT,2026-01-30,TMC
TMC260130P00007500,7.5,0.2,0.16,0.25,828.0,3502.0,0.8359391406249999,True,PUT,2026-01-30,TMC
TMC260130P00008000,8.0,0.51,0.43,0.65,265.0,2520.0,1.3437532812499997,True,PUT,2026-01-30,TMC
TMC260130P00008500,8.5,1.05,0.81,1.09,226.0,865.0,1.484377578125,True,PUT,2026-01-30,TMC
TMC260130P00009000,9.0,1.52,1.32,1.63,17.0,451.0,2.2656293359374997,True,PUT,2026-01-30,TMC
TMC260130P00009500,9.5,1.88,1.74,2.4,2.0,251.0,2.0625048437499998,True,PUT,2026-01-30,TMC
TMC260206C00005500,5.5,4.03,1.78,3.2,1.0,1.0,3.2031269921874994,True,CALL,2026-02-06,TMC
TMC260206C00006000,6.0,1.4,1.34,1.78,5.0,10.0,1.3046909765624997,True,CALL,2026-02-06,TMC
TMC260206C00006500,6.5,1.5,0.91,1.69,1.0,31.0,1.65625171875,True,CALL,2026-02-06,TMC
TMC260206C00007000,7.0,0.8,0.74,0.84,122.0,560.0,1.1679729101562502,True,CALL,2026-02-06,TMC
TMC260206C00007500,7.5,0.48,0.47,0.53,245.0,682.0,1.109379453125,False,CALL,2026-02-06,TMC
TMC260206C00008000,8.0,0.34,0.3,0.35,268.0,1402.0,1.1445355273437499,False,CALL,2026-02-06,TMC
TMC260206C00008500,8.5,0.22,0.19,0.23,318.0,4172.0,1.18359783203125,False,CALL,2026-02-06,TMC
TMC260206C00009000,9.0,0.14,0.12,0.16,302.0,2832.0,1.2343788281249999,False,CALL,2026-02-06,TMC
TMC260206C00009500,9.5,0.1,0.07,0.13,27.0,1668.0,1.3046909765624997,False,CALL,2026-02-06,TMC
TMC260206P00005500,5.5,0.02,0.0,0.16,3.0,39.0,1.5625021874999998,False,PUT,2026-02-06,TMC
TMC260206P00006000,6.0,0.04,0.03,0.08,401.0,146.0,1.09375453125,False,PUT,2026-02-06,TMC
TMC260206P00006500,6.5,0.12,0.1,0.15,29.0,232.0,1.0390673046875003,False,PUT,2026-02-06,TMC
TMC260206P00007000,7.0,0.25,0.22,0.26,336.0,2653.0,0.9531254687499999,False,PUT,2026-02-06,TMC
TMC260206P00007500,7.5,0.45,0.43,0.49,263.0,762.0,0.937500625,True,PUT,2026-02-06,TMC
TMC260206P00008000,8.0,0.82,0.74,0.81,200.0,1459.0,0.9414068359375,True,PUT,2026-02-06,TMC
TMC260206P00008500,8.5,1.29,1.06,1.24,5.0,112.0,0.9062509375,True,PUT,2026-02-06,TMC
TMC260206P00009000,9.0,1.59,1.36,1.75,4.0,170.0,0.6875031250000001,True,PUT,2026-02-06,TMC
TMC260206P00009500,9.5,1.82,1.8,2.32,28.0,45.0,0.8906260937499999,True,PUT,2026-02-06,TMC
TMC260213C00005500,5.5,1.8,1.85,2.95,4.0,0.0,2.1914107714843745,True,CALL,2026-02-13,TMC
TMC260213C00006000,6.0,1.6,1.6,1.74,25.0,58.0,1.2812535937499998,True,CALL,2026-02-13,TMC
TMC260213C00006500,6.5,1.71,1.16,1.37,6.0,53.0,1.171879140625,True,CALL,2026-02-13,TMC
TMC260213C00007000,7.0,0.94,0.9,1.02,5.0,211.0,1.171879140625,True,CALL,2026-02-13,TMC
TMC260213C00007500,7.5,0.74,0.65,0.75,41.0,73.0,1.15625421875,False,CALL,2026-02-13,TMC
TMC260213C00008000,8.0,0.54,0.49,0.55,179.0,319.0,1.1796916015624999,False,CALL,2026-02-13,TMC
TMC260213C00008500,8.5,0.37,0.35,0.41,19.0,309.0,1.1953165234375,False,CALL,2026-02-13,TMC
TMC260213C00009000,9.0,0.27,0.24,0.31,149.0,317.0,1.2109414453124998,False,CALL,2026-02-13,TMC
TMC260213C00009500,9.5,0.2,0.18,0.24,8.0,231.0,1.2500037499999999,False,CALL,2026-02-13,TMC
TMC260213P00005500,5.5,0.29,0.03,0.17,1.0,111.0,1.2500037499999999,False,PUT,2026-02-13,TMC
TMC260213P00006000,6.0,0.1,0.09,0.18,1.0,242.0,1.08203583984375,False,PUT,2026-02-13,TMC
TMC260213P00006500,6.5,0.44,0.2,0.29,1.0,67.0,1.0468797656250002,False,PUT,2026-02-13,TMC
TMC260213P00007000,7.0,0.49,0.37,0.48,11.0,167.0,1.0429735351562504,False,PUT,2026-02-13,TMC
TMC260213P00007500,7.5,0.69,0.61,0.72,36.0,77.0,1.0351610742187503,True,PUT,2026-02-13,TMC
TMC260213P00008000,8.0,1.02,0.91,1.01,10.0,1149.0,1.015629921875,True,PUT,2026-02-13,TMC
TMC260213P00008500,8.5,1.32,1.26,1.37,5.0,61.0,1.0078174609375,True,PUT,2026-02-13,TMC
TMC260213P00009000,9.0,1.79,1.66,1.79,6.0,149.0,1.0273486132812502,True,PUT,2026-02-13,TMC
TMC260213P00009500,9.5,1.84,1.42,2.45,4.0,7.0,1.64453302734375,True,PUT,2026-02-13,TMC
TMC260220C00005500,5.5,2.56,1.79,2.6,4.0,582.0,1.39453427734375,True,CALL,2026-02-20,TMC
TMC260220C00006000,6.0,1.72,1.62,1.84,256.0,4429.0,1.19141029296875,True,CALL,2026-02-20,TMC
TMC260220C00006500,6.5,1.37,1.32,1.44,5.0,27.0,1.1679729101562502,True,CALL,2026-02-20,TMC
TMC260220C00007000,7.0,1.1,1.04,1.13,221.0,7269.0,1.15625421875,True,CALL,2026-02-20,TMC
TMC260220C00007500,7.5,0.8,0.8,0.83,76.0,308.0,1.1171919140625,False,CALL,2026-02-20,TMC
TMC260220C00008000,8.0,0.63,0.6,0.65,325.0,8848.0,1.125004375,False,CALL,2026-02-20,TMC
TMC260220C00008500,8.5,0.47,0.46,0.51,574.0,3068.0,1.1484417578125,False,CALL,2026-02-20,TMC
TMC260220C00009000,9.0,0.37,0.36,0.4,326.0,6842.0,1.171879140625,False,CALL,2026-02-20,TMC
TMC260220C00009500,9.5,0.3,0.28,0.32,127.0,333.0,1.197269638671875,False,CALL,2026-02-20,TMC
TMC260220P00005500,5.5,0.11,0.08,0.31,1.0,824.0,1.2968785156249998,False,PUT,2026-02-20,TMC
TMC260220P00006000,6.0,0.19,0.16,0.24,48.0,1935.0,1.0468797656250002,False,PUT,2026-02-20,TMC
TMC260220P00006500,6.5,0.34,0.3,0.34,40.0,282.0,1.001958115234375,False,PUT,2026-02-20,TMC
TMC260220P00007000,7.0,0.52,0.48,0.54,69.0,10178.0,0.992187578125,False,PUT,2026-02-20,TMC
TMC260220P00007500,7.5,0.82,0.74,0.8,12.0,229.0,1.0039112304687499,True,PUT,2026-02-20,TMC
TMC260220P00008000,8.0,1.13,1.04,1.11,22.0,1970.0,1.0039112304687499,True,PUT,2026-02-20,TMC
TMC260220P00008500,8.5,1.46,1.38,1.47,61.0,64.0,1.0039112304687499,True,PUT,2026-02-20,TMC
TMC260220P00009000,9.0,1.7,1.77,1.91,3.0,785.0,1.0488328808593752,True,PUT,2026-02-20,TMC
TMC260220P00009500,9.5,1.7,2.19,2.32,80.0,52.0,1.05078599609375,True,PUT,2026-02-20,TMC
TMC260227C00005500,5.5,2.25,2.05,2.45,1.0,3.0,1.3281283593749997,True,CALL,2026-02-27,TMC
TMC260227C00006000,6.0,1.7,1.54,2.04,2.0,6.0,1.1445355273437499,True,CALL,2026-02-27,TMC
TMC260227C00006500,6.5,2.15,1.42,1.55,2.0,39.0,1.1679729101562502,True,CALL,2026-02-27,TMC
TMC260227C00007000,7.0,1.12,1.12,1.27,399.0,56.0,1.15234798828125,True,CALL,2026-02-27,TMC
TMC260227C00007500,7.5,0.92,0.93,1.01,85.0,228.0,1.162113564453125,False,CALL,2026-02-27,TMC
TMC260227C00008000,8.0,0.7,0.7,0.82,114.0,439.0,1.1445355273437499,False,CALL,2026-02-27,TMC
TMC260227C00008500,8.5,0.61,0.57,0.68,77.0,207.0,1.173832255859375,False,CALL,2026-02-27,TMC
TMC260227C00009000,9.0,0.5,0.47,0.56,71.0,694.0,1.19922275390625,False,CALL,2026-02-27,TMC
TMC260227C00009500,9.5,0.62,0.35,0.46,3.0,351.0,1.1953165234375,False,CALL,2026-02-27,TMC
TMC260227P00005500,5.5,0.12,0.14,0.19,7.0,11.0,1.0703171484375003,False,PUT,2026-02-27,TMC
TMC260227P00006000,6.0,0.14,0.24,0.28,1.0,54.0,1.0234423828125,False,PUT,2026-02-27,TMC
TMC260227P00006500,6.5,0.45,0.39,0.49,23.0,20.0,1.05078599609375,False,PUT,2026-02-27,TMC
TMC260227P00007000,7.0,0.59,0.59,0.71,22.0,5182.0,1.0449266503906252,False,PUT,2026-02-27,TMC
TMC260227P00007500,7.5,0.97,0.85,0.97,30.0,82.0,1.0429735351562504,True,PUT,2026-02-27,TMC
TMC260227P00008000,8.0,1.28,1.15,1.27,1.0,37.0,1.0390673046875003,True,PUT,2026-02-27,TMC
TMC260227P00008500,8.5,1.58,1.49,1.65,3.0,15.0,1.05859845703125,True,PUT,2026-02-27,TMC
TMC260227P00009000,9.0,1.45,1.88,2.02,4.0,7.0,1.0664109179687502,True,PUT,2026-02-27,TMC
TMC260227P00009500,9.5,1.2,2.28,2.42,100.0,100.0,1.0625046875000002,True,PUT,2026-02-27,TMC
TMC260306C00008000,8.0,0.9,0.79,0.96,252.0,562.0,1.15234798828125,False,CALL,2026-03-06,TMC
TMC260306C00008500,8.5,0.84,0.63,0.8,2.0,61.0,1.154301103515625,False,CALL,2026-03-06,TMC
TMC260306C00009000,9.0,0.59,0.53,0.69,9.0,72.0,1.1875040625,False,CALL,2026-03-06,TMC
TMC260306C00009500,9.5,0.5,0.41,0.59,6.0,171.0,1.189457177734375,False,CALL,2026-03-06,TMC
TMC260306P00006000,6.0,0.34,0.3,0.38,121.0,7.0,1.0429735351562504,False,PUT,2026-03-06,TMC
TMC260306P00007000,7.0,0.5,0.68,0.82,10.0,218.0,1.052739111328125,False,PUT,2026-03-06,TMC
TMC260306P00007500,7.5,1.03,0.94,1.06,5.0,34.0,1.0351610742187503,True,PUT,2026-03-06,TMC
TMC260306P00008000,8.0,1.4,1.26,1.38,1.0,3.0,1.052739111328125,True,PUT,2026-03-06,TMC
TMC260306P00008500,8.5,1.28,1.58,1.74,10.0,22.0,1.052739111328125,True,PUT,2026-03-06,TMC
TMC260306P00009000,9.0,1.94,1.98,2.14,10.0,10.0,1.0859420703125,True,PUT,2026-03-06,TMC
TMC260320C00006000,6.0,2.05,1.93,2.15,1.0,242.0,1.1777384863281248,True,CALL,2026-03-20,TMC
TMC260320C00007000,7.0,1.55,1.4,1.58,60.0,425.0,1.1660197949218751,True,CALL,2026-03-20,TMC
TMC260320C00008000,8.0,1.1,1.07,1.14,518.0,1281.0,1.1875040625,False,CALL,2026-03-20,TMC
TMC260320C00009000,9.0,0.8,0.77,0.83,204.0,1292.0,1.1875040625,False,CALL,2026-03-20,TMC
TMC260320P00006000,6.0,0.49,0.48,0.49,86.0,229.0,1.0664109179687502,False,PUT,2026-03-20,TMC
TMC260320P00007000,7.0,0.96,0.88,0.93,155.0,356.0,1.0449266503906252,False,PUT,2026-03-20,TMC
TMC260320P00008000,8.0,1.5,1.37,1.54,15.0,105.0,1.017583037109375,True,PUT,2026-03-20,TMC
TMC260320P00009000,9.0,2.04,2.14,2.28,2.0,457.0,1.0664109179687502,True,PUT,2026-03-20,TMC
TMC260515C00006000,6.0,3.25,2.46,2.69,17.0,2731.0,1.23047259765625,True,CALL,2026-05-15,TMC
TMC260515C00007000,7.0,2.05,2.0,2.17,29.0,7506.0,1.203128984375,True,CALL,2026-05-15,TMC
TMC260515C00008000,8.0,1.72,1.65,1.78,330.0,10722.0,1.203128984375,False,CALL,2026-05-15,TMC
TMC260515C00009000,9.0,1.4,1.31,1.5,437.0,2933.0,1.197269638671875,False,CALL,2026-05-15,TMC
TMC260515P00006000,6.0,0.48,0.84,1.0,2.0,480.0,1.0800827246093752,False,PUT,2026-05-15,TMC
TMC260515P00007000,7.0,1.46,1.41,1.52,181.0,934.0,1.0957076464843751,False,PUT,2026-05-15,TMC
TMC260515P00008000,8.0,2.1,2.01,2.19,4.0,528.0,1.1054732226562503,True,PUT,2026-05-15,TMC
TMC260515P00009000,9.0,2.39,2.64,2.92,41.0,396.0,1.0947310888671877,True,PUT,2026-05-15,TMC
TMC260821C00006000,6.0,3.1,2.96,3.2,2.0,389.0,1.171879140625,True,CALL,2026-08-21,TMC
TMC260821C00007000,7.0,2.65,2.53,2.73,38.0,431.0,1.1416058544921874,True,CALL,2026-08-21,TMC
TMC260821C00008000,8.0,2.35,2.2,2.43,72.0,719.0,1.1494183154296875,False,CALL,2026-08-21,TMC
TMC260821C00009000,9.0,2.0,1.78,2.12,36.0,566.0,1.111332568359375,False,CALL,2026-08-21,TMC
TMC260821P00006000,6.0,1.15,1.3,1.58,1.0,33.0,1.0703171484375003,False,PUT,2026-08-21,TMC
TMC260821P00007000,7.0,2.0,1.85,2.12,19.0,248.0,1.0478563232421876,False,PUT,2026-08-21,TMC
TMC260821P00008000,8.0,2.43,2.48,2.87,19.0,69.0,1.0644578027343752,True,PUT,2026-08-21,TMC
TMC260821P00009000,9.0,3.25,3.15,3.6,1.0,5.0,1.05859845703125,True,PUT,2026-08-21,TMC
TMC270115C00005500,5.5,3.8,3.6,3.95,87.0,3411.0,1.1181684716796876,True,CALL,2027-01-15,TMC
TMC270115C00006000,6.0,1.05,0.0,0.0,,0.0,1.0000000000000003e-05,True,CALL,2027-01-15,TMC
TMC270115C00007000,7.0,3.34,3.2,3.4,286.0,8109.0,1.138676181640625,True,CALL,2027-01-15,TMC
TMC270115P00005500,5.5,1.5,1.49,1.87,1.0,1058.0,1.0537156689453124,False,PUT,2027-01-15,TMC
TMC270115P00007000,7.0,2.35,2.36,2.55,11.0,2320.0,0.983398603515625,False,PUT,2027-01-15,TMC
TMC280121C00007000,7.0,4.49,4.45,4.6,43.0,1943.0,1.1796916015624999,True,CALL,2028-01-21,TMC
TMC280121P00007000,7.0,3.3,3.1,3.5,1.0,254.0,0.93164130859375,False,PUT,2028-01-21,TMC
TOST260130C00023000,23.0,9.66,6.95,10.2,2.0,20.0,3.6562508593750005,True,CALL,2026-01-30,TOST
TOST260130C00028000,28.0,6.0,2.8,4.5,3.0,4.0,1.9101566992187502,True,CALL,2026-01-30,TOST
TOST260130C00030000,30.0,1.58,1.07,1.59,20.0,7.0,0.7070341796875,True,CALL,2026-01-30,TOST
TOST260130C00032000,32.0,0.19,0.13,0.19,152.0,44.0,0.5195360546875,False,CALL,2026-01-30,TOST
TOST260130C00032500,32.5,0.08,0.05,0.09,90.0,116.0,0.507817421875,False,CALL,2026-01-30,TOST
TOST260130C00033000,33.0,0.04,0.02,0.12,6.0,262.0,0.6250037500000001,False,CALL,2026-01-30,TOST
TOST260130C00033500,33.5,0.03,0.01,0.03,495.0,3934.0,0.5625043750000001,False,CALL,2026-01-30,TOST
TOST260130C00034000,34.0,0.02,0.01,0.03,36.0,475.0,0.6562534375000001,False,CALL,2026-01-30,TOST
TOST260130C00034500,34.5,0.02,0.0,0.04,23.0,1529.0,0.73437765625,False,CALL,2026-01-30,TOST
TOST260130C00035000,35.0,0.02,0.0,0.03,48.0,1469.0,0.7812521875,False,CALL,2026-01-30,TOST
TOST260130C00035500,35.5,0.02,0.0,0.02,15.0,769.0,0.8125018749999999,False,CALL,2026-01-30,TOST
TOST260130C00036000,36.0,0.01,0.0,0.01,8.0,1883.0,0.8125018749999999,False,CALL,2026-01-30,TOST
TOST260130C00036500,36.5,0.07,0.0,0.14,1.0,1500.0,1.3203158984374999,False,CALL,2026-01-30,TOST
TOST260130C00037000,37.0,0.01,0.0,0.01,13.0,977.0,0.937500625,False,CALL,2026-01-30,TOST
TOST260130C00037500,37.5,0.01,0.0,0.03,1.0,192.0,1.15625421875,False,CALL,2026-01-30,TOST
TOST260130C00038000,38.0,0.03,0.0,0.15,19.0,198.0,1.5937520312499998,False,CALL,2026-01-30,TOST
TOST260130C00038500,38.5,0.1,0.0,0.68,,3.0,2.394535263671875,False,CALL,2026-01-30,TOST
TOST260130C00039000,39.0,0.02,0.0,0.24,3.0,54.0,1.9296878515625,False,CALL,2026-01-30,TOST
TOST260130C00040000,40.0,0.03,0.0,0.03,1.0,119.0,1.5000025,False,CALL,2026-01-30,TOST
TOST260130P00027000,27.0,0.09,0.0,0.03,1.0,1.0,0.937500625,False,PUT,2026-01-30,TOST
TOST260130P00028000,28.0,0.02,0.0,0.03,,1.0,0.7187528125,False,PUT,2026-01-30,TOST
TOST260130P00029000,29.0,0.03,0.01,0.04,32.0,2.0,0.5625043750000001,False,PUT,2026-01-30,TOST
TOST260130P00030000,30.0,0.11,0.06,0.1,7.0,62.0,0.500005,False,PUT,2026-01-30,TOST
TOST260130P00030500,30.5,0.2,0.15,0.2,56.0,86.0,0.476567734375,False,PUT,2026-01-30,TOST
TOST260130P00031000,31.0,0.31,0.29,0.36,117.0,215.0,0.44336494140625,False,PUT,2026-01-30,TOST
TOST260130P00031500,31.5,0.55,0.54,0.68,344.0,533.0,0.48633326171875,True,PUT,2026-01-30,TOST
TOST260130P00032000,32.0,1.02,0.84,1.05,25.0,668.0,0.49805189453125004,True,PUT,2026-01-30,TOST
TOST260130P00032500,32.5,1.6,1.02,1.79,16.0,381.0,0.98242205078125,True,PUT,2026-01-30,TOST
TOST260130P00033000,33.0,1.91,1.54,2.15,31.0,385.0,0.9433599414062499,True,PUT,2026-01-30,TOST
TOST260130P00033500,33.5,2.33,1.99,2.66,12.0,568.0,1.0976607617187502,True,PUT,2026-01-30,TOST
TOST260130P00034000,34.0,2.94,2.44,3.0,10.0,297.0,0.914063359375,True,PUT,2026-01-30,TOST
TOST260130P00034500,34.5,3.08,2.33,3.65,10.0,94.0,1.3359408203124996,True,PUT,2026-01-30,TOST
TOST260130P00035000,35.0,3.92,3.5,4.1,11.0,81.0,1.359378203125,True,PUT,2026-01-30,TOST
TOST260130P00035500,35.5,3.45,4.0,4.9,2.0,38.0,1.0468797656250002,True,PUT,2026-01-30,TOST
TOST260130P00036000,36.0,4.86,4.4,5.3,2.0,29.0,1.95703146484375,True,PUT,2026-01-30,TOST
TOST260130P00036500,36.5,5.35,4.95,5.4,3.0,5.0,1.0000000000000003e-05,True,PUT,2026-01-30,TOST
TOST260130P00037000,37.0,4.33,4.7,6.2,10.0,30.0,1.99609376953125,True,PUT,2026-01-30,TOST
TOST260130P00038000,38.0,5.45,5.55,7.25,1.0,0.0,2.3046917382812495,True,PUT,2026-01-30,TOST
TOST260130P00039000,39.0,5.0,6.55,9.05,7.0,7.0,3.7812505468750004,True,PUT,2026-01-30,TOST
TOST260130P00040000,40.0,8.45,7.6,9.35,1.0,0.0,2.8945340136718753,True,PUT,2026-01-30,TOST
TOST260206C00030000,30.0,2.2,1.61,1.74,3.0,6.0,0.5419967675781252,True,CALL,2026-02-06,TOST
TOST260206C00031000,31.0,1.01,1.0,1.1,20.0,18.0,0.51562984375,True,CALL,2026-02-06,TOST
TOST260206C00031500,31.5,0.8,0.76,0.85,11.0,33.0,0.507817421875,False,CALL,2026-02-06,TOST
TOST260206C00032000,32.0,0.6,0.55,0.64,65.0,131.0,0.5214891601562499,False,CALL,2026-02-06,TOST
TOST260206C00032500,32.5,0.41,0.4,0.48,13.0,37.0,0.5195360546875,False,CALL,2026-02-06,TOST
TOST260206C00033000,33.0,0.32,0.28,0.35,47.0,175.0,0.51562984375,False,CALL,2026-02-06,TOST
TOST260206C00033500,33.5,0.22,0.2,0.25,13.0,850.0,0.5136767382812499,False,CALL,2026-02-06,TOST
TOST260206C00034000,34.0,0.17,0.15,0.2,128.0,298.0,0.5117236328125,False,CALL,2026-02-06,TOST
TOST260206C00034500,34.5,0.12,0.08,0.17,2.0,108.0,0.51562984375,False,CALL,2026-02-06,TOST
TOST260206C00035000,35.0,0.08,0.03,0.14,4.0,220.0,0.51562984375,False,CALL,2026-02-06,TOST
TOST260206C00035500,35.5,0.07,0.01,0.25,6.0,43.0,0.6210975390625001,False,CALL,2026-02-06,TOST
TOST260206C00036000,36.0,0.15,0.01,0.15,10.0,259.0,0.5976602734375001,False,CALL,2026-02-06,TOST
TOST260206C00036500,36.5,0.12,0.0,0.68,5.0,17.0,0.93164130859375,False,CALL,2026-02-06,TOST
TOST260206C00037000,37.0,0.05,0.0,0.07,11.0,275.0,0.585941640625,False,CALL,2026-02-06,TOST
TOST260206C00037500,37.5,0.01,0.01,0.43,7.0,21.0,0.914063359375,False,CALL,2026-02-06,TOST
TOST260206C00038000,38.0,0.04,0.0,0.62,1.0,98.0,1.052739111328125,False,CALL,2026-02-06,TOST
TOST260206C00038500,38.5,0.1,0.0,0.19,100.0,103.0,0.8281267187499999,False,CALL,2026-02-06,TOST
TOST260206C00039000,39.0,0.06,0.0,0.1,15.0,130.0,0.7695335546875001,False,CALL,2026-02-06,TOST
TOST260206C00040000,40.0,0.09,0.01,0.1,2.0,197.0,0.851563984375,False,CALL,2026-02-06,TOST
TOST260206P00029000,29.0,0.14,0.17,0.24,10.0,14.0,0.49805189453125004,False,PUT,2026-02-06,TOST
TOST260206P00029500,29.5,0.35,0.26,0.33,3.0,63.0,0.48242705078125003,False,PUT,2026-02-06,TOST
TOST260206P00030000,30.0,0.41,0.37,0.46,43.0,174.0,0.4726615234375,False,PUT,2026-02-06,TOST
TOST260206P00031000,31.0,0.77,0.72,0.84,15.0,415.0,0.45606012695312503,False,PUT,2026-02-06,TOST
TOST260206P00031500,31.5,1.1,0.97,1.1,13.0,145.0,0.450200810546875,True,PUT,2026-02-06,TOST
TOST260206P00032000,32.0,1.33,1.28,1.4,7.0,565.0,0.442388388671875,True,PUT,2026-02-06,TOST
TOST260206P00032500,32.5,1.83,1.62,1.75,5.0,146.0,0.43848217773437503,True,PUT,2026-02-06,TOST
TOST260206P00033000,33.0,2.0,2.0,2.14,3.0,108.0,0.437505625,True,PUT,2026-02-06,TOST
TOST260206P00033500,33.5,2.51,2.23,2.6,1.0,39.0,0.47070841796875,True,PUT,2026-02-06,TOST
TOST260206P00034000,34.0,2.94,2.66,3.2,3.0,95.0,0.6103554589843752,True,PUT,2026-02-06,TOST
TOST260206P00034500,34.5,1.37,2.35,4.65,1.0,2.0,1.2695349023437497,True,PUT,2026-02-06,TOST
TOST260206P00035000,35.0,3.6,2.86,4.2,1.0,70.0,0.72851833984375,True,PUT,2026-02-06,TOST
TOST260206P00035500,35.5,2.15,3.3,4.7,,5.0,0.7851583984375,True,PUT,2026-02-06,TOST
TOST260206P00036000,36.0,2.77,3.8,5.6,3.0,25.0,1.1396527392578126,True,PUT,2026-02-06,TOST
TOST260206P00036500,36.5,4.44,4.2,5.65,4.0,6.0,0.8437515624999999,True,PUT,2026-02-06,TOST
TOST260206P00037000,37.0,4.35,4.7,7.05,10.0,16.0,1.5488303808593749,True,PUT,2026-02-06,TOST
TOST260206P00037500,37.5,4.77,5.05,6.75,,1.0,1.0371141894531253,True,PUT,2026-02-06,TOST
TOST260206P00038000,38.0,6.27,5.55,7.3,5.0,7.0,1.1308637207031251,True,PUT,2026-02-06,TOST
TOST260206P00039000,39.0,5.73,6.55,8.8,4.0,3.0,1.6162128564453124,True,PUT,2026-02-06,TOST
TOST260206P00040000,40.0,7.8,7.6,10.05,,20.0,1.888672431640625,True,PUT,2026-02-06,TOST
TOST260213C00028000,28.0,4.44,3.75,4.95,2.0,4.0,1.017583037109375,True,CALL,2026-02-13,TOST
TOST260213C00030000,30.0,2.75,2.62,2.9,7.0,12.0,0.8510757080078125,True,CALL,2026-02-13,TOST
TOST260213C00032000,32.0,1.72,1.62,1.97,8.0,37.0,0.842775009765625,False,CALL,2026-02-13,TOST
TOST260213C00033000,33.0,1.4,1.34,1.54,4.0,105.0,0.8476577734374999,False,CALL,2026-02-13,TOST
TOST260213C00034000,34.0,1.1,1.02,1.16,2.0,585.0,0.8291032714843749,False,CALL,2026-02-13,TOST
TOST260213C00035000,35.0,0.83,0.77,0.91,11.0,298.0,0.8281267187499999,False,CALL,2026-02-13,TOST
TOST260213C00036000,36.0,0.6,0.44,0.77,2.0,210.0,0.8085956640624999,False,CALL,2026-02-13,TOST
TOST260213C00037000,37.0,0.59,0.4,0.58,3.0,287.0,0.8300798242187499,False,CALL,2026-02-13,TOST
TOST260213C00038000,38.0,0.36,0.3,0.42,4.0,226.0,0.8251970605468748,False,CALL,2026-02-13,TOST
TOST260213C00039000,39.0,0.26,0.22,0.34,4.0,92.0,0.8359391406249999,False,CALL,2026-02-13,TOST
TOST260213C00040000,40.0,0.18,0.15,0.23,2.0,144.0,0.8183611914062499,False,CALL,2026-02-13,TOST
TOST260213P00028000,28.0,0.79,0.7,0.84,3.0,64.0,0.7861349511718749,False,PUT,2026-02-13,TOST
TOST260213P00029000,29.0,0.98,1.01,1.23,1.0,22.0,0.795900478515625,False,PUT,2026-02-13,TOST
TOST260213P00030000,30.0,1.4,1.36,1.49,19.0,544.0,0.754885263671875,False,PUT,2026-02-13,TOST
TOST260213P00031000,31.0,1.94,1.82,2.0,115.0,61.0,0.75586181640625,False,PUT,2026-02-13,TOST
TOST260213P00032000,32.0,2.54,2.36,2.69,4.0,93.0,0.7753928710937501,True,PUT,2026-02-13,TOST
TOST260213P00033000,33.0,3.0,2.97,3.3,5.0,120.0,0.7641625146484375,True,PUT,2026-02-13,TOST
TOST260213P00034000,34.0,3.37,3.65,3.95,4.0,1152.0,0.7460962890625,True,PUT,2026-02-13,TOST
TOST260213P00035000,35.0,4.42,4.4,4.7,5.0,119.0,0.735354208984375,True,PUT,2026-02-13,TOST
TOST260213P00036000,36.0,4.95,4.55,5.9,4.0,27.0,0.6455113574218749,True,PUT,2026-02-13,TOST
TOST260213P00037000,37.0,5.72,5.05,6.55,1.0,40.0,0.9169930175781251,True,PUT,2026-02-13,TOST
TOST260213P00038000,38.0,6.9,6.0,7.45,3.0,3.0,0.9414068359375,True,PUT,2026-02-13,TOST
TOST260213P00039000,39.0,7.5,6.9,8.35,3.0,7.0,0.954102021484375,True,PUT,2026-02-13,TOST
TOST260220C00025000,25.0,7.11,6.2,7.2,2.0,74.0,0.9267585449218749,True,CALL,2026-02-20,TOST
TOST260220C00026000,26.0,6.27,5.35,6.4,3.0,7.0,0.8999033447265624,True,CALL,2026-02-20,TOST
TOST260220C00027000,27.0,5.47,4.55,5.6,1.0,10.0,0.867188828125,True,CALL,2026-02-20,TOST
TOST260220C00028000,28.0,4.45,4.05,4.55,2.0,105.0,0.8291032714843749,True,CALL,2026-02-20,TOST
TOST260220C00030000,30.0,3.0,2.77,3.1,129.0,404.0,0.7685570019531252,True,CALL,2026-02-20,TOST
TOST260220C00031000,31.0,2.27,2.21,2.53,30.0,974.0,0.7480493945312501,True,CALL,2026-02-20,TOST
TOST260220C00031500,31.5,2.19,2.07,2.29,23.0,45.0,0.7597680273437502,False,CALL,2026-02-20,TOST
TOST260220C00032000,32.0,1.9,1.93,2.06,33.0,559.0,0.7675804492187501,False,CALL,2026-02-20,TOST
TOST260220C00032500,32.5,1.81,1.63,1.85,17.0,63.0,0.7475611181640626,False,CALL,2026-02-20,TOST
TOST260220C00033000,33.0,1.55,1.5,1.57,558.0,6454.0,0.7387721435546875,False,CALL,2026-02-20,TOST
TOST260220C00033500,33.5,1.39,1.3,1.47,7.0,53.0,0.7426783544921874,False,CALL,2026-02-20,TOST
TOST260220C00034000,34.0,1.24,1.17,1.31,2.0,1065.0,0.74414318359375,False,CALL,2026-02-20,TOST
TOST260220C00034500,34.5,1.01,1.0,1.17,5.0,23.0,0.737307314453125,False,CALL,2026-02-20,TOST
TOST260220C00035000,35.0,0.91,0.88,1.01,500.0,1885.0,0.7304714453125,False,CALL,2026-02-20,TOST
TOST260220C00035500,35.5,1.12,0.78,0.92,11.0,52.0,0.73633076171875,False,CALL,2026-02-20,TOST
TOST260220C00036000,36.0,0.75,0.69,0.8,27.0,793.0,0.7334011035156249,False,CALL,2026-02-20,TOST
TOST260220C00036500,36.5,0.63,0.59,0.74,53.0,543.0,0.737307314453125,False,CALL,2026-02-20,TOST
TOST260220C00037000,37.0,0.57,0.53,0.6,35.0,1364.0,0.72851833984375,False,CALL,2026-02-20,TOST
TOST260220C00037500,37.5,0.58,0.43,0.59,3.0,47.0,0.735354208984375,False,CALL,2026-02-20,TOST
TOST260220C00038000,38.0,0.42,0.39,0.44,49.0,1470.0,0.7187528125,False,CALL,2026-02-20,TOST
TOST260220C00038500,38.5,0.37,0.34,0.38,11.0,6.0,0.7187528125,False,CALL,2026-02-20,TOST
TOST260220C00039000,39.0,0.33,0.28,0.34,6.0,1752.0,0.71679970703125,False,CALL,2026-02-20,TOST
TOST260220C00040000,40.0,0.23,0.21,0.26,37.0,1525.0,0.7187528125,False,CALL,2026-02-20,TOST
TOST260220P00025000,25.0,0.26,0.26,0.3,8.0,602.0,0.7216824707031251,False,PUT,2026-02-20,TOST
TOST260220P00026000,26.0,0.35,0.36,0.45,9.0,45.0,0.702151416015625,False,PUT,2026-02-20,TOST
TOST260220P00027000,27.0,0.64,0.59,0.64,2.0,334.0,0.7041045214843751,False,PUT,2026-02-20,TOST
TOST260220P00028000,28.0,0.91,0.82,0.86,8.0,653.0,0.684573466796875,False,PUT,2026-02-20,TOST
TOST260220P00029000,29.0,1.1,1.16,1.2,21.0,433.0,0.68555001953125,False,PUT,2026-02-20,TOST
TOST260220P00030000,30.0,1.6,1.56,1.6,36.0,1416.0,0.6816438085937502,False,PUT,2026-02-20,TOST
TOST260220P00031000,31.0,2.07,2.03,2.11,136.0,662.0,0.6816438085937502,False,PUT,2026-02-20,TOST
TOST260220P00031500,31.5,2.31,2.22,2.46,49.0,60.0,0.6806672558593752,True,PUT,2026-02-20,TOST
TOST260220P00032000,32.0,2.66,2.5,2.66,33.0,818.0,0.6645541357421877,True,PUT,2026-02-20,TOST
TOST260220P00032500,32.5,2.8,2.75,3.1,1.0,85.0,0.6757844921875001,True,PUT,2026-02-20,TOST
TOST260220P00033000,33.0,3.2,3.1,3.3,46.0,1153.0,0.659183095703125,True,PUT,2026-02-20,TOST
TOST260220P00033500,33.5,3.55,3.4,3.8,1.0,62.0,0.6787141503906251,True,PUT,2026-02-20,TOST
TOST260220P00034000,34.0,3.96,3.75,4.15,1.0,5911.0,0.6757844921875001,True,PUT,2026-02-20,TOST
TOST260220P00034500,34.5,3.78,4.05,4.55,3.0,48.0,0.6679720703125002,True,PUT,2026-02-20,TOST
TOST260220P00035000,35.0,4.46,4.4,4.95,10.0,870.0,0.6635775830078127,True,PUT,2026-02-20,TOST
TOST260220P00035500,35.5,4.6,4.9,5.35,1.0,13.0,0.684573466796875,True,PUT,2026-02-20,TOST
TOST260220P00036000,36.0,5.45,5.3,5.5,4.0,1198.0,0.6250037500000001,True,PUT,2026-02-20,TOST
TOST260220P00036500,36.5,5.38,5.3,6.15,1.0,26.0,0.5712933496093751,True,PUT,2026-02-20,TOST
TOST260220P00037000,37.0,5.87,5.7,6.65,5.0,272.0,0.5742230078125,True,PUT,2026-02-20,TOST
TOST260220P00037500,37.5,6.08,6.0,7.05,2.0,18.0,0.799806689453125,True,PUT,2026-02-20,TOST
TOST260220P00038000,38.0,6.67,6.45,7.6,11.0,151.0,0.5195360546875,True,PUT,2026-02-20,TOST
TOST260220P00039000,39.0,7.17,7.35,8.4,1.0,179.0,0.823243955078125,True,PUT,2026-02-20,TOST
TOST260220P00040000,40.0,8.87,8.5,9.35,3.0,416.0,0.8544936425781251,True,PUT,2026-02-20,TOST
TOST260227C00028000,28.0,4.22,4.2,4.45,2.0,104.0,0.73437765625,True,CALL,2026-02-27,TOST
TOST260227C00030000,30.0,3.0,2.94,3.2,3.0,11.0,0.7124052197265626,True,CALL,2026-02-27,TOST
TOST260227C00032000,32.0,3.33,1.94,2.24,5.0,45.0,0.6987334814453126,False,CALL,2026-02-27,TOST
TOST260227C00033000,33.0,1.76,1.56,1.83,4.0,49.0,0.6928741650390625,False,CALL,2026-02-27,TOST
TOST260227C00034000,34.0,1.36,1.24,1.44,10.0,89.0,0.6816438085937502,False,CALL,2026-02-27,TOST
TOST260227C00035000,35.0,1.09,1.01,1.15,28.0,160.0,0.6831086376953126,False,CALL,2026-02-27,TOST
TOST260227C00036000,36.0,1.03,0.76,1.02,3.0,33.0,0.69336244140625,False,CALL,2026-02-27,TOST
TOST260227C00037000,37.0,0.65,0.57,0.84,1.0,75.0,0.692385888671875,False,CALL,2026-02-27,TOST
TOST260227C00038000,38.0,0.55,0.42,0.68,1.0,40.0,0.6899445068359377,False,CALL,2026-02-27,TOST
TOST260227C00039000,39.0,0.57,0.15,0.82,1.0,19.0,0.7158231542968749,False,CALL,2026-02-27,TOST
TOST260227C00040000,40.0,0.49,0.24,0.75,1.0,75.0,0.772463212890625,False,CALL,2026-02-27,TOST
TOST260227P00025000,25.0,0.31,0.31,0.7,50.0,51.0,0.7607445800781252,False,PUT,2026-02-27,TOST
TOST260227P00028000,28.0,1.04,0.9,1.1,1.0,16.0,0.6562534375000001,False,PUT,2026-02-27,TOST
TOST260227P00029000,29.0,1.35,1.2,1.45,28.0,4.0,0.64648791015625,False,PUT,2026-02-27,TOST
TOST260227P00030000,30.0,1.69,1.65,1.76,8.0,41.0,0.6333044482421876,False,PUT,2026-02-27,TOST
TOST260227P00031000,31.0,2.2,2.06,2.27,45.0,38.0,0.624027197265625,False,PUT,2026-02-27,TOST
TOST260227P00032000,32.0,2.83,2.56,2.92,3.0,52.0,0.6269568554687501,True,PUT,2026-02-27,TOST
TOST260227P00033000,33.0,3.45,3.2,3.5,1.0,53.0,0.6206092626953126,True,PUT,2026-02-27,TOST
TOST260227P00034000,34.0,3.04,3.85,4.2,1.0,6.0,0.6152382226562501,True,PUT,2026-02-27,TOST
TOST260227P00035000,35.0,3.7,4.55,4.9,1.0,18.0,0.5981485498046876,True,PUT,2026-02-27,TOST
TOST260227P00036000,36.0,5.09,5.35,5.65,1.0,12.0,0.586918193359375,True,PUT,2026-02-27,TOST
TOST260227P00037000,37.0,3.88,5.25,6.85,2.0,8.0,0.780275634765625,True,PUT,2026-02-27,TOST
TOST260227P00038000,38.0,6.05,6.1,7.6,1.0,2.0,0.7495142236328125,True,PUT,2026-02-27,TOST
TOST260227P00039000,39.0,6.95,6.9,8.7,1.0,2.0,0.8466812207031249,True,PUT,2026-02-27,TOST
TOST260306P00025000,25.0,0.27,0.34,0.75,2.0,2.0,0.7041045214843751,False,PUT,2026-03-06,TOST
TOST260306P00028000,28.0,0.92,0.98,1.31,1.0,4.0,0.6357458300781251,False,PUT,2026-03-06,TOST
TOST260306P00030000,30.0,1.51,1.7,2.0,1.0,19.0,0.6084023535156251,False,PUT,2026-03-06,TOST
TOST260320C00023000,23.0,10.8,8.25,9.35,2.0,14.0,0.82226740234375,True,CALL,2026-03-20,TOST
TOST260320C00025000,25.0,7.8,6.55,7.55,10.0,97.0,0.7446314599609375,True,CALL,2026-03-20,TOST
TOST260320C00028000,28.0,5.2,4.55,4.95,13.0,65.0,0.6713900048828126,True,CALL,2026-03-20,TOST
TOST260320C00030000,30.0,3.9,3.3,3.7,1.0,579.0,0.6425816992187501,True,CALL,2026-03-20,TOST
TOST260320C00031000,31.0,3.33,2.79,3.2,2.0,36.0,0.6381872119140625,True,CALL,2026-03-20,TOST
TOST260320C00032000,32.0,2.52,2.42,2.61,25.0,645.0,0.6274451318359376,False,CALL,2026-03-20,TOST
TOST260320C00033000,33.0,2.0,1.93,2.3,34.0,388.0,0.62305064453125,False,CALL,2026-03-20,TOST
TOST260320C00034000,34.0,1.8,1.6,1.87,2.0,301.0,0.6123085644531252,False,CALL,2026-03-20,TOST
TOST260320C00035000,35.0,1.42,1.36,1.56,45.0,1810.0,0.6147499462890625,False,CALL,2026-03-20,TOST
TOST260320C00036000,36.0,1.21,1.14,1.24,66.0,411.0,0.6084023535156251,False,CALL,2026-03-20,TOST
TOST260320C00037000,37.0,1.0,0.92,1.08,18.0,839.0,0.6127968408203126,False,CALL,2026-03-20,TOST
TOST260320C00038000,38.0,0.8,0.8,0.89,170.0,6101.0,0.6191444335937502,False,CALL,2026-03-20,TOST
TOST260320C00039000,39.0,0.64,0.58,0.69,1.0,571.0,0.5996133789062501,False,CALL,2026-03-20,TOST
TOST260320C00040000,40.0,0.5,0.5,0.62,45.0,3743.0,0.6152382226562501,False,CALL,2026-03-20,TOST
TOST260320P00023000,23.0,0.16,0.14,0.32,26.0,112.0,0.5888712988281251,False,PUT,2026-03-20,TOST
TOST260320P00025000,25.0,0.54,0.47,0.6,10.0,677.0,0.59570716796875,False,PUT,2026-03-20,TOST
TOST260320P00028000,28.0,1.23,1.16,1.3,7.0,542.0,0.5634809277343751,False,PUT,2026-03-20,TOST
TOST260320P00030000,30.0,2.05,1.98,2.09,13.0,1173.0,0.5598188549804688,False,PUT,2026-03-20,TOST
TOST260320P00031000,31.0,2.53,2.42,2.62,9.0,694.0,0.5556685058593751,False,PUT,2026-03-20,TOST
TOST260320P00032000,32.0,3.0,2.95,3.2,2.0,1057.0,0.5532271240234375,True,PUT,2026-03-20,TOST
TOST260320P00033000,33.0,3.4,3.5,3.9,11.0,1099.0,0.5532271240234375,True,PUT,2026-03-20,TOST
TOST260320P00034000,34.0,4.37,4.1,4.55,10.0,746.0,0.5410202148437502,True,PUT,2026-03-20,TOST
TOST260320P00035000,35.0,4.97,4.85,5.25,6.0,954.0,0.5400436621093752,True,PUT,2026-03-20,TOST
TOST260320P00036000,36.0,4.75,5.6,5.95,1.0,847.0,0.5268602001953125,True,PUT,2026-03-20,TOST
TOST260320P00037000,37.0,6.09,6.45,6.75,4.0,947.0,0.5283250292968751,True,PUT,2026-03-20,TOST
TOST260320P00038000,38.0,6.69,6.85,7.75,1.0,524.0,0.6191444335937502,True,PUT,2026-03-20,TOST
TOST260320P00039000,39.0,8.38,8.05,8.6,19.0,199.0,0.52539537109375,True,PUT,2026-03-20,TOST
TOST260320P00040000,40.0,8.6,8.45,9.55,1.0,666.0,0.6445348046875,True,PUT,2026-03-20,TOST
TOST260417C00026000,26.0,6.95,6.1,7.15,3.0,5.0,0.6655306884765627,True,CALL,2026-04-17,TOST
TOST260417C00028000,28.0,5.34,4.95,5.35,2.0,66.0,0.6189002954101563,True,CALL,2026-04-17,TOST
TOST260417C00029000,29.0,5.09,4.3,4.75,10.0,19.0,0.6074258007812501,True,CALL,2026-04-17,TOST
TOST260417C00030000,30.0,4.3,3.75,4.2,1.0,34.0,0.6015664843750002,True,CALL,2026-04-17,TOST
TOST260417C00031000,31.0,3.35,3.3,3.45,2.0,11.0,0.579105771484375,True,CALL,2026-04-17,TOST
TOST260417C00032000,32.0,3.05,2.86,3.05,28.0,61.0,0.5805706005859376,False,CALL,2026-04-17,TOST
TOST260417C00033000,33.0,2.53,2.5,2.58,956.0,3381.0,0.5747112841796875,False,CALL,2026-04-17,TOST
TOST260417C00034000,34.0,2.53,1.99,2.31,4.0,51.0,0.5659223095703125,False,CALL,2026-04-17,TOST
TOST260417C00035000,35.0,2.11,1.64,2.1,3.0,73.0,0.5695843823242188,False,CALL,2026-04-17,TOST
TOST260417C00036000,36.0,1.78,1.35,1.78,23.0,23.0,0.5617719604492188,False,CALL,2026-04-17,TOST
TOST260417C00037000,37.0,1.1,1.15,1.53,115.0,100.0,0.5625043750000001,False,CALL,2026-04-17,TOST
TOST260417C00038000,38.0,1.01,0.91,1.4,2.0,673.0,0.5654340332031251,False,CALL,2026-04-17,TOST
TOST260417C00039000,39.0,1.15,0.67,1.16,6.0,60.0,0.5498091894531252,False,CALL,2026-04-17,TOST
TOST260417C00040000,40.0,0.83,0.72,0.9,4.0,536.0,0.559574716796875,False,CALL,2026-04-17,TOST
TOST260417P00023000,23.0,0.24,0.28,0.49,1.0,1.0,0.543949873046875,False,PUT,2026-04-17,TOST
TOST260417P00024000,24.0,0.32,0.5,0.81,,4.0,0.579105771484375,False,PUT,2026-04-17,TOST
TOST260417P00025000,25.0,0.61,0.57,0.96,1.0,195.0,0.5468795312500001,False,PUT,2026-04-17,TOST
TOST260417P00026000,26.0,0.75,0.89,1.09,,1.0,0.5385788330078126,False,PUT,2026-04-17,TOST
TOST260417P00027000,27.0,0.98,1.15,1.43,1.0,47.0,0.5380905566406251,False,PUT,2026-04-17,TOST
TOST260417P00028000,28.0,1.35,1.44,1.66,412.0,445.0,0.5183153637695312,False,PUT,2026-04-17,TOST
TOST260417P00029000,29.0,2.01,1.83,2.06,12.0,38.0,0.516606396484375,False,PUT,2026-04-17,TOST
TOST260417P00030000,30.0,2.46,2.32,2.53,12.0,189.0,0.5200243310546875,False,PUT,2026-04-17,TOST
TOST260417P00031000,31.0,2.61,2.73,3.0,5.0,32.0,0.5065967309570312,False,PUT,2026-04-17,TOST
TOST260417P00032000,32.0,3.35,3.25,3.6,1.0,5028.0,0.5051319018554687,True,PUT,2026-04-17,TOST
TOST260417P00033000,33.0,3.6,3.85,4.25,7.0,25.0,0.5061084545898438,True,PUT,2026-04-17,TOST
TOST260417P00034000,34.0,3.35,4.45,4.9,54.0,65.0,0.5385788330078126,True,PUT,2026-04-17,TOST
TOST260417P00035000,35.0,4.67,5.15,5.6,1.0,67.0,0.5376022802734376,True,PUT,2026-04-17,TOST
TOST260417P00038000,38.0,6.3,7.1,7.85,,0.0,0.5200243310546875,True,PUT,2026-04-17,TOST
TOST260417P00040000,40.0,7.09,8.7,9.65,1.0,7.0,0.543949873046875,True,PUT,2026-04-17,TOST
TOST260618C00023000,23.0,11.7,9.2,10.25,10.0,23.0,0.6938507177734375,True,CALL,2026-06-18,TOST
TOST260618C00025000,25.0,8.8,7.65,8.7,10.0,335.0,0.6516148120117189,True,CALL,2026-06-18,TOST
TOST260618C00028000,28.0,7.0,6.0,6.65,3.0,149.0,0.6342810009765626,True,CALL,2026-06-18,TOST
TOST260618C00030000,30.0,5.25,4.9,5.5,6.0,232.0,0.6152382226562501,True,CALL,2026-06-18,TOST
TOST260618C00031000,31.0,4.7,4.4,4.9,4.0,8.0,0.6013223461914063,True,CALL,2026-06-18,TOST
TOST260618C00032000,32.0,4.1,3.95,4.3,1.0,31.0,0.5866740551757812,False,CALL,2026-06-18,TOST
TOST260618C00033000,33.0,3.75,3.5,3.85,22.0,223.0,0.5776409423828125,False,CALL,2026-06-18,TOST
TOST260618C00034000,34.0,3.5,3.0,3.45,8.0,197.0,0.5644574804687501,False,CALL,2026-06-18,TOST
TOST260618C00035000,35.0,2.9,2.81,3.05,7.0,797.0,0.5676312768554688,False,CALL,2026-06-18,TOST
TOST260618C00036000,36.0,2.67,2.38,2.87,2.0,164.0,0.5656781713867188,False,CALL,2026-06-18,TOST
TOST260618C00037000,37.0,2.25,2.14,2.41,29.0,1095.0,0.5539595385742189,False,CALL,2026-06-18,TOST
TOST260618C00038000,38.0,2.47,1.82,2.24,21.0,212.0,0.55273884765625,False,CALL,2026-06-18,TOST
TOST260618C00039000,39.0,2.0,1.66,1.88,42.0,143.0,0.5461471166992189,False,CALL,2026-06-18,TOST
TOST260618C00040000,40.0,1.65,1.55,1.7,6.0,1211.0,0.5529829858398438,False,CALL,2026-06-18,TOST
TOST260618P00023000,23.0,0.74,0.87,0.97,2.0,87.0,0.5454147021484376,False,PUT,2026-06-18,TOST
TOST260618P00025000,25.0,1.47,1.35,1.46,2.0,349.0,0.53320779296875,False,PUT,2026-06-18,TOST
TOST260618P00028000,28.0,2.44,2.33,2.48,12.0,808.0,0.514653291015625,False,PUT,2026-06-18,TOST
TOST260618P00030000,30.0,3.3,3.2,3.4,1.0,1268.0,0.506840869140625,False,PUT,2026-06-18,TOST
TOST260618P00031000,31.0,3.85,3.7,3.95,101.0,127.0,0.5051319018554687,False,PUT,2026-06-18,TOST
TOST260618P00032000,32.0,4.39,4.2,4.55,12.0,199.0,0.5014698291015626,True,PUT,2026-06-18,TOST
TOST260618P00033000,33.0,4.95,4.75,5.15,2.0,530.0,0.5219774365234374,True,PUT,2026-06-18,TOST
TOST260618P00034000,34.0,5.2,5.35,5.75,16.0,171.0,0.5151415673828125,True,PUT,2026-06-18,TOST
TOST260618P00035000,35.0,6.1,6.0,6.3,10.0,236.0,0.49707534179687507,True,PUT,2026-06-18,TOST
TOST260618P00036000,36.0,5.9,6.7,7.15,3.0,300.0,0.5148974291992188,True,PUT,2026-06-18,TOST
TOST260618P00037000,37.0,6.78,7.35,7.85,2.0,231.0,0.5083056982421875,True,PUT,2026-06-18,TOST
TOST260618P00038000,38.0,7.6,8.15,8.6,2.0,49.0,0.5051319018554687,True,PUT,2026-06-18,TOST
TOST260618P00039000,39.0,7.75,8.85,9.4,8.0,79.0,0.5053760400390624,True,PUT,2026-06-18,TOST
TOST260618P00040000,40.0,9.82,9.75,10.2,3.0,161.0,0.5019581054687501,True,PUT,2026-06-18,TOST
TOST260918C00023000,23.0,11.94,10.0,11.05,1.0,5.0,0.6579624047851562,True,CALL,2026-09-18,TOST
TOST260918C00025000,25.0,11.51,8.65,9.6,1.0,15.0,0.6301306518554688,True,CALL,2026-09-18,TOST
TOST260918C00028000,28.0,10.3,6.85,7.75,1.0,18.0,0.6026651062011721,True,CALL,2026-09-18,TOST
TOST260918C00029000,29.0,8.18,6.55,7.2,,20.0,0.6081582153320313,True,CALL,2026-09-18,TOST
TOST260918C00030000,30.0,7.24,6.05,6.65,2.0,26.0,0.5998575170898439,True,CALL,2026-09-18,TOST
TOST260918C00032000,32.0,6.0,5.1,5.7,5.0,5.0,0.5861857788085938,False,CALL,2026-09-18,TOST
TOST260918C00033000,33.0,5.9,4.5,5.25,1.0,169.0,0.5705609350585938,False,CALL,2026-09-18,TOST
TOST260918C00034000,34.0,5.05,4.3,4.85,2.0,15.0,0.5754436987304687,False,CALL,2026-09-18,TOST
TOST260918C00035000,35.0,4.17,3.85,4.5,1.0,591.0,0.5678754150390625,False,CALL,2026-09-18,TOST
TOST260918C00036000,36.0,5.07,3.6,4.1,2.0,2.0,0.5654340332031251,False,CALL,2026-09-18,TOST
TOST260918C00037000,37.0,3.55,3.3,3.55,1.0,244.0,0.5507857421875001,False,CALL,2026-09-18,TOST
TOST260918C00038000,38.0,3.32,2.85,3.5,1.0,5.0,0.551762294921875,False,CALL,2026-09-18,TOST
TOST260918C00039000,39.0,2.92,2.77,3.05,3.0,3.0,0.549076774902344,False,CALL,2026-09-18,TOST
TOST260918C00040000,40.0,2.55,2.5,2.78,2.0,165.0,0.543949873046875,False,CALL,2026-09-18,TOST
TOST260918P00023000,23.0,1.5,1.48,1.79,53.0,91.0,0.5407760766601564,False,PUT,2026-09-18,TOST
TOST260918P00025000,25.0,2.15,2.05,2.2,1.0,47.0,0.5129443237304687,False,PUT,2026-09-18,TOST
TOST260918P00027000,27.0,2.62,2.76,3.0,16.0,19.0,0.50586431640625,False,PUT,2026-09-18,TOST
TOST260918P00028000,28.0,3.25,3.15,3.4,1.0,892.0,0.5127001855468749,False,PUT,2026-09-18,TOST
TOST260918P00029000,29.0,3.75,3.6,3.85,66.0,1.0,0.5075732836914062,False,PUT,2026-09-18,TOST
TOST260918P00030000,30.0,3.65,3.85,4.35,6.0,221.0,0.5045215563964844,False,PUT,2026-09-18,TOST
TOST260918P00031000,31.0,3.8,4.55,4.9,50.0,55.0,0.5034229345703125,False,PUT,2026-09-18,TOST
TOST260918P00033000,33.0,5.0,5.65,6.0,32.0,62.0,0.4919484399414063,True,PUT,2026-09-18,TOST
TOST260918P00035000,35.0,6.19,6.9,7.55,50.0,144.0,0.5144091528320311,True,PUT,2026-09-18,TOST
TOST260918P00037000,37.0,7.48,8.15,8.6,5.0,93.0,0.47546911254882807,True,PUT,2026-09-18,TOST
TOST260918P00038000,38.0,8.65,8.9,9.35,1.0,6.0,0.47510290527343746,True,PUT,2026-09-18,TOST
TOST260918P00040000,40.0,8.3,10.4,11.0,2.0,8.0,0.48438015625,True,PUT,2026-09-18,TOST
TOST261218C00025000,25.0,12.0,8.65,10.5,1.0,8.0,0.5827678442382812,True,CALL,2026-12-18,TOST
TOST261218C00028000,28.0,8.44,8.05,8.75,1.0,7.0,0.6158485681152344,True,CALL,2026-12-18,TOST
TOST261218C00030000,30.0,7.37,7.05,7.7,1.0,22.0,0.6013223461914063,True,CALL,2026-12-18,TOST
TOST261218C00033000,33.0,6.15,5.7,6.35,3.0,17.0,0.5831340515136718,False,CALL,2026-12-18,TOST
TOST261218C00035000,35.0,5.2,4.95,5.25,1.0,90.0,0.56055126953125,False,CALL,2026-12-18,TOST
TOST261218C00037000,37.0,5.11,4.25,4.8,6.0,28.0,0.5617719604492188,False,CALL,2026-12-18,TOST
TOST261218C00040000,40.0,3.5,3.4,3.55,1.0,231.0,0.5361374511718751,False,CALL,2026-12-18,TOST
TOST261218P00023000,23.0,1.8,2.02,2.35,5.0,2.0,0.5280808911132813,False,PUT,2026-12-18,TOST
TOST261218P00025000,25.0,2.62,2.68,2.84,25.0,359.0,0.5052539709472657,False,PUT,2026-12-18,TOST
TOST261218P00028000,28.0,3.07,3.85,5.05,5.0,26.0,0.5345505529785157,False,PUT,2026-12-18,TOST
TOST261218P00030000,30.0,4.45,4.8,5.1,6.0,116.0,0.4950001672363281,False,PUT,2026-12-18,TOST
TOST261218P00033000,33.0,6.53,6.4,6.7,20.0,51.0,0.47730014892578126,True,PUT,2026-12-18,TOST
TOST261218P00035000,35.0,6.5,7.55,8.8,2.0,52.0,0.5433395275878907,True,PUT,2026-12-18,TOST
TOST261218P00037000,37.0,7.95,8.9,9.3,3.0,16.0,0.4646049633789063,True,PUT,2026-12-18,TOST
TOST261218P00040000,40.0,8.2,11.05,12.2,5.0,17.0,0.5205126074218749,True,PUT,2026-12-18,TOST
TOST270115C00023000,23.0,13.75,10.05,11.95,1.0,84.0,0.5898478515625001,True,CALL,2027-01-15,TOST
TOST270115C00025000,25.0,10.2,9.7,10.3,55.0,715.0,0.602787175292969,True,CALL,2027-01-15,TOST
TOST270115C00027000,27.0,9.64,8.8,9.5,1.0,147.0,0.6174354663085939,True,CALL,2027-01-15,TOST
TOST270115C00030000,30.0,7.6,7.25,7.6,15.0,859.0,0.5813030151367188,True,CALL,2027-01-15,TOST
TOST270115C00032000,32.0,6.92,6.35,7.0,15.0,184.0,0.5837443969726561,False,CALL,2027-01-15,TOST
TOST270115C00035000,35.0,5.15,5.2,5.9,2.0,12278.0,0.5748333532714844,False,CALL,2027-01-15,TOST
TOST270115C00037000,37.0,4.63,4.5,4.8,4.0,1031.0,0.5493209130859377,False,CALL,2027-01-15,TOST
TOST270115C00040000,40.0,3.81,3.6,4.0,2.0,1229.0,0.5417526293945314,False,CALL,2027-01-15,TOST
TOST270115P00023000,23.0,1.98,2.13,2.48,5.0,1111.0,0.5207567456054687,False,PUT,2027-01-15,TOST
TOST270115P00025000,25.0,2.79,2.8,3.5,59.0,348.0,0.52539537109375,False,PUT,2027-01-15,TOST
TOST270115P00027000,27.0,3.5,3.55,4.0,3.0,578.0,0.5178270874023438,False,PUT,2027-01-15,TOST
TOST270115P00030000,30.0,4.95,4.95,5.3,62.0,4261.0,0.49219257812500006,False,PUT,2027-01-15,TOST
TOST270115P00032000,32.0,5.9,5.95,6.4,10.0,2833.0,0.48511257080078124,True,PUT,2027-01-15,TOST
TOST270115P00035000,35.0,8.0,7.75,8.1,5.0,434.0,0.463872548828125,True,PUT,2027-01-15,TOST
TOST270115P00037000,37.0,7.75,9.05,9.5,1.0,501.0,0.4624077197265626,True,PUT,2027-01-15,TOST
TOST270115P00040000,40.0,10.06,11.15,11.65,4.0,604.0,0.45203184692382814,True,PUT,2027-01-15,TOST
TOST280121C00023000,23.0,13.6,13.3,14.35,7.0,13.0,0.6315954809570312,True,CALL,2028-01-21,TOST
TOST280121C00025000,25.0,12.5,11.45,13.0,35.0,214.0,0.5793499096679688,True,CALL,2028-01-21,TOST
TOST280121C00028000,28.0,11.5,10.7,11.5,1.0,196.0,0.5876506079101562,True,CALL,2028-01-21,TOST
TOST280121C00030000,30.0,12.1,9.3,11.0,3.0,108.0,0.5744671459960937,True,CALL,2028-01-21,TOST
TOST280121C00033000,33.0,9.6,8.05,9.75,12.0,258.0,0.5601850622558593,False,CALL,2028-01-21,TOST
TOST280121C00035000,35.0,8.73,8.2,8.95,1.0,461.0,0.577152666015625,False,CALL,2028-01-21,TOST
TOST280121C00037000,37.0,8.15,7.15,8.3,25.0,169.0,0.5600629931640625,False,CALL,2028-01-21,TOST
TOST280121C00040000,40.0,6.95,6.5,7.15,1.0,1074.0,0.5520064331054688,False,CALL,2028-01-21,TOST
TOST280121P00023000,23.0,3.2,3.5,3.95,2.0,17.0,0.4939015454101563,False,PUT,2028-01-21,TOST
TOST280121P00025000,25.0,4.55,4.3,4.8,42.0,179.0,0.4846242944335938,False,PUT,2028-01-21,TOST
TOST280121P00028000,28.0,5.65,5.65,6.2,4.0,137.0,0.47009807250976565,False,PUT,2028-01-21,TOST
TOST280121P00030000,30.0,6.8,6.65,8.0,1.0,180.0,0.5086719055175781,False,PUT,2028-01-21,TOST
TOST280121P00033000,33.0,7.7,8.3,11.0,3.0,95.0,0.5722699023437501,True,PUT,2028-01-21,TOST
TOST280121P00035000,35.0,8.43,9.45,10.95,2.0,50.0,0.48779809082031256,True,PUT,2028-01-21,TOST
TOST280121P00037000,37.0,9.2,10.7,11.65,5.0,234.0,0.44635563415527346,True,PUT,2028-01-21,TOST
TOST280121P00040000,40.0,11.0,12.65,14.2,40.0,107.0,0.4647880670166016,True,PUT,2028-01-21,TOST
TRP260220C00042500,42.5,12.15,15.0,18.2,20.0,18.0,1.3330111474609372,True,CALL,2026-02-20,TRP
TRP260220C00045000,45.0,10.1,12.5,14.9,11.0,16.0,0.8896495410156249,True,CALL,2026-02-20,TRP
TRP260220C00047500,47.5,7.4,0.0,9.1,5.0,0.0,1.0000000000000003e-05,True,CALL,2026-02-20,TRP
TRP260220C00050000,50.0,9.0,8.7,9.5,1.0,36.0,0.46289599609375004,True,CALL,2026-02-20,TRP
TRP260220C00052500,52.5,4.6,6.0,7.0,2.0,100.0,0.35645174804687496,True,CALL,2026-02-20,TRP
TRP260220C00055000,55.0,4.4,4.2,4.6,16.0,317.0,0.282233740234375,True,CALL,2026-02-20,TRP
TRP260220C00057500,57.5,2.25,2.1,2.4,6.0,372.0,0.22364057617187497,True,CALL,2026-02-20,TRP
TRP260220C00060000,60.0,0.85,0.85,0.9,11.0,194.0,0.20386538330078124,False,CALL,2026-02-20,TRP
TRP260220C00062500,62.5,0.2,0.15,0.35,1.0,520.0,0.2309647216796875,False,CALL,2026-02-20,TRP
TRP260220C00065000,65.0,0.05,0.0,0.2,15.0,67.0,0.28125718749999995,False,CALL,2026-02-20,TRP
TRP260220C00070000,70.0,0.05,0.0,0.4,3.0,8.0,0.51758294921875,False,CALL,2026-02-20,TRP
TRP260220P00042500,42.5,0.35,0.0,0.0,1.0,3.0,0.2500075,False,PUT,2026-02-20,TRP
TRP260220P00045000,45.0,0.26,0.0,0.75,1.0,26.0,0.78711150390625,False,PUT,2026-02-20,TRP
TRP260220P00047500,47.5,0.05,0.0,0.8,2.0,103.0,0.6748079394531252,False,PUT,2026-02-20,TRP
TRP260220P00050000,50.0,0.03,0.0,0.25,1.0,122.0,0.4892629199218751,False,PUT,2026-02-20,TRP
TRP260220P00052500,52.5,0.4,0.0,0.35,2.0,102.0,0.41602146484374997,False,PUT,2026-02-20,TRP
TRP260220P00055000,55.0,0.27,0.15,0.35,1.0,75.0,0.2978585839843749,False,PUT,2026-02-20,TRP
TRP260220P00057500,57.5,0.6,0.55,0.75,4.0,93.0,0.252937158203125,False,PUT,2026-02-20,TRP
TRP260320C00057500,57.5,2.85,2.75,3.0,162.0,1897.0,0.22632609619140626,True,CALL,2026-03-20,TRP
TRP260320C00060000,60.0,1.45,1.15,1.65,109.0,1609.0,0.22266402343749997,False,CALL,2026-03-20,TRP
TRP260320C00065000,65.0,0.1,0.1,0.4,144.0,144.0,0.23194127441406248,False,CALL,2026-03-20,TRP
TRP260320P00050000,50.0,0.16,0.0,0.75,1.0,1.0,0.45166563964843753,False,PUT,2026-03-20,TRP
TRP260320P00052500,52.5,0.28,0.2,0.75,1.0,1.0,0.36084623535156246,False,PUT,2026-03-20,TRP
TRP260515C00042500,42.5,11.37,14.7,18.2,4.0,0.0,0.6179237426757813,True,CALL,2026-05-15,TRP
TRP260515C00047500,47.5,8.75,7.3,9.2,1.0,1.0,1.0000000000000003e-05,True,CALL,2026-05-15,TRP
TRP260515C00050000,50.0,6.06,7.5,10.8,10.0,39.0,0.40650007568359375,True,CALL,2026-05-15,TRP
TRP260515C00052500,52.5,4.2,5.4,9.1,4.0,140.0,0.41358008300781246,True,CALL,2026-05-15,TRP
TRP260515C00055000,55.0,4.4,5.1,5.5,10.0,141.0,0.2309647216796875,True,CALL,2026-05-15,TRP
TRP260515C00057500,57.5,2.96,3.2,3.7,8.0,90.0,0.21448539428710936,True,CALL,2026-05-15,TRP
TRP260515C00060000,60.0,2.0,2.0,2.3,1.0,120.0,0.20459779785156246,False,CALL,2026-05-15,TRP
TRP260515C00062500,62.5,1.1,1.1,1.3,30.0,3113.0,0.19715158325195312,False,CALL,2026-05-15,TRP
TRP260515C00065000,65.0,0.25,0.35,0.75,2.0,6.0,0.20081365600585935,False,CALL,2026-05-15,TRP
TRP260515C00070000,70.0,0.15,0.0,0.0,,1.0,0.062509375,False,CALL,2026-05-15,TRP
TRP260515C00075000,75.0,0.1,0.0,1.15,,50.0,0.4162656030273437,False,CALL,2026-05-15,TRP
TRP260515P00042500,42.5,0.54,0.05,2.35,5.0,5.0,0.5866740551757812,False,PUT,2026-05-15,TRP
TRP260515P00045000,45.0,0.35,0.0,0.75,5.0,26.0,0.44043528320312497,False,PUT,2026-05-15,TRP
TRP260515P00047500,47.5,1.2,0.15,0.75,1.0,27.0,0.3754945263671875,False,PUT,2026-05-15,TRP
TRP260515P00050000,50.0,0.67,0.3,0.65,6.0,22.0,0.2973703076171874,False,PUT,2026-05-15,TRP
TRP260515P00052500,52.5,1.55,0.5,0.9,5.0,38.0,0.26734131103515624,False,PUT,2026-05-15,TRP
TRP260515P00055000,55.0,1.95,0.9,1.35,2.0,58.0,0.24549094360351562,False,PUT,2026-05-15,TRP
TRP260515P00057500,57.5,4.29,1.7,2.05,1.0,32.0,0.2269364416503906,False,PUT,2026-05-15,TRP
TRP260515P00060000,60.0,3.2,2.85,3.2,1.0,2.0,0.22034471069335934,True,PUT,2026-05-15,TRP
TRP260515P00062500,62.5,4.85,4.4,4.8,1.0,1.0,0.22266402343749997,True,PUT,2026-05-15,TRP
TRP260821C00042500,42.5,12.7,14.8,18.9,,20.0,0.5190477783203125,True,CALL,2026-08-21,TRP
TRP260821C00052500,52.5,4.0,5.8,9.5,12.0,21.0,0.32642275146484373,True,CALL,2026-08-21,TRP
TRP260821C00055000,55.0,2.75,5.8,6.4,,1.0,0.22718057983398435,True,CALL,2026-08-21,TRP
TRP260821C00057500,57.5,3.27,4.2,6.2,2.0,125.0,0.3012765185546875,True,CALL,2026-08-21,TRP
TRP260821C00060000,60.0,2.75,2.95,3.5,15.0,32.0,0.21546194702148438,False,CALL,2026-08-21,TRP
TRP260821C00062500,62.5,0.95,2.0,2.35,1.0,10.0,0.20520814331054685,False,CALL,2026-08-21,TRP
TRP260821C00065000,65.0,1.02,1.2,1.5,1.0,7.0,0.19763985961914063,False,CALL,2026-08-21,TRP
TRP260821P00045000,45.0,0.8,0.0,2.55,1.0,1.0,0.49805189453125004,False,PUT,2026-08-21,TRP
TRP260821P00047500,47.5,1.15,0.45,0.9,,181.0,0.28784891845703114,False,PUT,2026-08-21,TRP
TRP260821P00050000,50.0,0.9,0.65,2.2,12.0,11.0,0.3494938098144531,False,PUT,2026-08-21,TRP
TRP261120C00050000,50.0,6.6,8.0,12.1,2.0,13.0,0.3280096496582031,True,CALL,2026-11-20,TRP
TRP261120C00052500,52.5,7.31,6.0,9.2,10.0,194.0,0.25440198730468755,True,CALL,2026-11-20,TRP
TRP261120C00055000,55.0,3.7,6.7,9.1,1.0,41.0,0.32910827148437494,True,CALL,2026-11-20,TRP
TRP261120C00057500,57.5,4.2,3.8,6.3,2.0,19.0,0.2555616436767578,True,CALL,2026-11-20,TRP
TRP261120C00060000,60.0,3.18,3.4,4.6,4.0,33.0,0.2309647216796875,False,CALL,2026-11-20,TRP
TRP261120C00062500,62.5,2.45,2.55,3.0,1.0,2226.0,0.20215641601562498,False,CALL,2026-11-20,TRP
TRP261120C00065000,65.0,1.64,1.65,2.15,4.0,27.0,0.19867744689941402,False,CALL,2026-11-20,TRP
TRP261120C00070000,70.0,0.95,0.4,1.15,8.0,28.0,0.2020343469238281,False,CALL,2026-11-20,TRP
TRP261120P00047500,47.5,1.3,0.75,1.3,,7.0,0.2732006274414062,False,PUT,2026-11-20,TRP
TRP261120P00050000,50.0,1.8,1.0,1.75,2.0,5.0,0.26148199462890626,False,PUT,2026-11-20,TRP
TRP261120P00052500,52.5,2.0,1.7,3.4,10.0,12.0,0.3110420458984374,False,PUT,2026-11-20,TRP
TRP261120P00055000,55.0,3.9,2.5,4.0,,1.0,0.28852029846191396,False,PUT,2026-11-20,TRP
TSLA260130C00295000,295.0,127.55,124.0,126.8,10.0,28.0,2.7685577661132816,True,CALL,2026-01-30,TSLA
TSLA260130C00300000,300.0,122.8,118.95,121.65,13.0,74.0,2.615237836914063,True,CALL,2026-01-30,TSLA
TSLA260130C00305000,305.0,118.42,114.0,116.8,2.0,15.0,2.546390352783203,True,CALL,2026-01-30,TSLA
TSLA260130C00310000,310.0,114.31,109.55,112.15,55.0,98.0,2.594730075683594,True,CALL,2026-01-30,TSLA
TSLA260130C00315000,315.0,106.8,104.65,107.15,29.0,104.0,2.497074069824219,True,CALL,2026-01-30,TSLA
TSLA260130C00320000,320.0,102.52,99.35,102.05,15.0,226.0,2.323246379394531,True,CALL,2026-01-30,TSLA
TSLA260130C00325000,325.0,101.3,94.3,97.0,2.0,12.0,2.1987349719238276,True,CALL,2026-01-30,TSLA
TSLA260130C00330000,330.0,94.3,89.9,91.45,54.0,105.0,2.0986375659179686,True,CALL,2026-01-30,TSLA
TSLA260130C00335000,335.0,83.35,84.3,87.1,1.0,36.0,1.9990234423828124,True,CALL,2026-01-30,TSLA
TSLA260130C00340000,340.0,81.0,79.7,82.05,9.0,139.0,1.9394534277343751,True,CALL,2026-01-30,TSLA
TSLA260130C00345000,345.0,76.23,74.75,77.15,6.0,50.0,1.8500984057617185,True,CALL,2026-01-30,TSLA
TSLA260130C00350000,350.0,72.4,70.25,71.95,364.0,478.0,1.7773448632812499,True,CALL,2026-01-30,TSLA
TSLA260130C00355000,355.0,66.45,65.0,67.1,3.0,185.0,1.6577165551757815,True,CALL,2026-01-30,TSLA
TSLA260130C00357500,357.5,82.15,61.8,64.5,2.0,3.0,1.513186027832031,True,CALL,2026-01-30,TSLA
TSLA260130C00360000,360.0,60.45,60.15,61.5,128.0,242.0,1.5014673364257813,True,CALL,2026-01-30,TSLA
TSLA260130C00365000,365.0,56.78,54.9,57.1,54.0,240.0,1.4326200244140623,True,CALL,2026-01-30,TSLA
TSLA260130C00367500,367.5,67.65,52.5,54.65,2.0,6.0,1.3935577197265623,True,CALL,2026-01-30,TSLA
TSLA260130C00370000,370.0,52.45,49.35,51.8,12.0,323.0,1.2387733374023435,True,CALL,2026-01-30,TSLA
TSLA260130C00372500,372.5,62.58,47.35,49.8,3.0,5.0,1.2858922424316406,True,CALL,2026-01-30,TSLA
TSLA260130C00375000,375.0,47.35,45.2,45.7,418.0,485.0,1.1098677319335937,True,CALL,2026-01-30,TSLA
TSLA260130C00377500,377.5,58.19,42.5,44.25,2.0,13.0,1.1420941333007812,True,CALL,2026-01-30,TSLA
TSLA260130C00380000,380.0,40.95,40.4,40.9,29.0,144.0,1.0476121838378907,True,CALL,2026-01-30,TSLA
TSLA260130C00382500,382.5,35.6,37.65,39.55,7.0,20.0,1.0732468212890627,True,CALL,2026-01-30,TSLA
TSLA260130C00385000,385.0,35.67,35.5,35.9,59.0,199.0,0.9519047778320311,True,CALL,2026-01-30,TSLA
TSLA260130C00387500,387.5,34.1,32.65,34.4,19.0,10.0,0.9516606396484374,True,CALL,2026-01-30,TSLA
TSLA260130C00390000,390.0,31.35,30.7,31.0,444.0,555.0,0.8696302099609375,True,CALL,2026-01-30,TSLA
TSLA260130C00392500,392.5,28.8,28.05,28.7,10.0,33.0,0.8188494677734374,True,CALL,2026-01-30,TSLA
TSLA260130C00395000,395.0,26.65,25.7,26.25,61.0,413.0,0.7780783911132813,True,CALL,2026-01-30,TSLA
TSLA260130C00397500,397.5,23.9,22.9,23.55,43.0,55.0,0.6870148486328126,True,CALL,2026-01-30,TSLA
TSLA260130C00400000,400.0,21.39,21.0,21.4,6049.0,1791.0,0.6931183032226562,True,CALL,2026-01-30,TSLA
TSLA260130C00402500,402.5,20.3,18.5,18.9,94.0,105.0,0.6337927246093751,True,CALL,2026-01-30,TSLA
TSLA260130C00405000,405.0,17.1,16.45,16.7,5589.0,921.0,0.6149940844726562,True,CALL,2026-01-30,TSLA
TSLA260130C00407500,407.5,15.05,14.0,14.3,735.0,1586.0,0.5583540258789064,True,CALL,2026-01-30,TSLA
TSLA260130C00410000,410.0,12.2,12.1,12.3,10916.0,1219.0,0.5443160803222657,True,CALL,2026-01-30,TSLA
TSLA260130C00412500,412.5,10.53,10.35,10.5,1894.0,1719.0,0.5363815893554689,True,CALL,2026-01-30,TSLA
TSLA260130C00415000,415.0,8.84,8.55,8.65,6372.0,647.0,0.5133105310058592,True,CALL,2026-01-30,TSLA
TSLA260130C00417500,417.5,7.05,6.95,7.05,8853.0,475.0,0.5019581054687501,True,CALL,2026-01-30,TSLA
TSLA260130C00420000,420.0,5.5,5.45,5.55,41421.0,2107.0,0.4821829125976563,False,CALL,2026-01-30,TSLA
TSLA260130C00422500,422.5,4.4,4.35,4.45,20603.0,1118.0,0.4815725671386719,False,CALL,2026-01-30,TSLA
TSLA260130C00425000,425.0,3.4,3.35,3.4,41155.0,3507.0,0.4713187634277344,False,CALL,2026-01-30,TSLA
TSLA260130C00427500,427.5,2.5,2.49,2.51,20618.0,2098.0,0.4602104760742188,False,CALL,2026-01-30,TSLA
TSLA260130C00430000,430.0,1.9,1.91,1.93,41375.0,4516.0,0.4643608251953125,False,CALL,2026-01-30,TSLA
TSLA260130C00432500,432.5,1.4,1.41,1.43,14317.0,3380.0,0.463872548828125,False,CALL,2026-01-30,TSLA
TSLA260130C00435000,435.0,1.03,1.03,1.05,34611.0,8258.0,0.4650932397460938,False,CALL,2026-01-30,TSLA
TSLA260130C00437500,437.5,0.78,0.75,0.77,21456.0,5809.0,0.4682670361328125,False,CALL,2026-01-30,TSLA
TSLA260130C00440000,440.0,0.56,0.56,0.58,45450.0,11971.0,0.4758353198242187,False,CALL,2026-01-30,TSLA
TSLA260130C00442500,442.5,0.43,0.41,0.42,14390.0,5041.0,0.47949739257812496,False,CALL,2026-01-30,TSLA
TSLA260130C00445000,445.0,0.33,0.32,0.33,19693.0,9470.0,0.49219257812500006,False,CALL,2026-01-30,TSLA
TSLA260130C00447500,447.5,0.28,0.24,0.25,12809.0,6199.0,0.5009815527343751,False,CALL,2026-01-30,TSLA
TSLA260130C00450000,450.0,0.2,0.2,0.21,56446.0,20394.0,0.516606396484375,False,CALL,2026-01-30,TSLA
TSLA260130C00452500,452.5,0.19,0.16,0.17,8987.0,5626.0,0.5302781347656251,False,CALL,2026-01-30,TSLA
TSLA260130C00455000,455.0,0.14,0.14,0.15,15658.0,9045.0,0.5507857421875001,False,CALL,2026-01-30,TSLA
TSLA260130C00457500,457.5,0.13,0.11,0.12,3364.0,3216.0,0.561527822265625,False,CALL,2026-01-30,TSLA
TSLA260130C00460000,460.0,0.1,0.1,0.11,21912.0,18960.0,0.5830119824218749,False,CALL,2026-01-30,TSLA
TSLA260130C00462500,462.5,0.09,0.09,0.1,11961.0,11492.0,0.6035195898437502,False,CALL,2026-01-30,TSLA
TSLA260130C00465000,465.0,0.08,0.08,0.09,21497.0,17265.0,0.62305064453125,False,CALL,2026-01-30,TSLA
TSLA260130C00467500,467.5,0.07,0.07,0.08,6195.0,5073.0,0.63867548828125,False,CALL,2026-01-30,TSLA
TSLA260130C00470000,470.0,0.07,0.06,0.07,20714.0,18877.0,0.6543003320312502,False,CALL,2026-01-30,TSLA
TSLA260130C00472500,472.5,0.07,0.05,0.07,4977.0,5063.0,0.6738313867187502,False,CALL,2026-01-30,TSLA
TSLA260130C00475000,475.0,0.07,0.05,0.07,7237.0,9952.0,0.6992217578125001,False,CALL,2026-01-30,TSLA
TSLA260130C00477500,477.5,0.05,0.05,0.06,2657.0,2418.0,0.7187528125,False,CALL,2026-01-30,TSLA
TSLA260130C00480000,480.0,0.04,0.04,0.05,11339.0,16290.0,0.726565234375,False,CALL,2026-01-30,TSLA
TSLA260130C00482500,482.5,0.05,0.04,0.06,7572.0,6692.0,0.7597680273437502,False,CALL,2026-01-30,TSLA
TSLA260130C00485000,485.0,0.04,0.04,0.05,10546.0,11481.0,0.773439765625,False,CALL,2026-01-30,TSLA
TSLA260130C00487500,487.5,0.03,0.03,0.05,2862.0,3198.0,0.789064609375,False,CALL,2026-01-30,TSLA
TSLA260130C00490000,490.0,0.04,0.03,0.04,5115.0,9916.0,0.8007832421875,False,CALL,2026-01-30,TSLA
TSLA260130C00492500,492.5,0.04,0.03,0.04,604.0,1575.0,0.8242205078124999,False,CALL,2026-01-30,TSLA
TSLA260130C00495000,495.0,0.03,0.03,0.04,3774.0,8040.0,0.8476577734374999,False,CALL,2026-01-30,TSLA
TSLA260130C00497500,497.5,0.03,0.02,0.03,1153.0,4613.0,0.8398453515625,False,CALL,2026-01-30,TSLA
TSLA260130C00500000,500.0,0.03,0.01,0.03,11431.0,26286.0,0.8437515624999999,False,CALL,2026-01-30,TSLA
TSLA260130C00502500,502.5,0.01,0.01,0.03,537.0,1706.0,0.867188828125,False,CALL,2026-01-30,TSLA
TSLA260130C00505000,505.0,0.02,0.01,0.02,2192.0,4364.0,0.85937640625,False,CALL,2026-01-30,TSLA
TSLA260130C00510000,510.0,0.02,0.01,0.02,2245.0,9047.0,0.9062509375,False,CALL,2026-01-30,TSLA
TSLA260130C00515000,515.0,0.01,0.01,0.02,1112.0,7236.0,0.945313046875,False,CALL,2026-01-30,TSLA
TSLA260130C00520000,520.0,0.01,0.0,0.01,3531.0,13269.0,0.9062509375,False,CALL,2026-01-30,TSLA
TSLA260130C00525000,525.0,0.01,0.0,0.01,2477.0,5823.0,0.937500625,False,CALL,2026-01-30,TSLA
TSLA260130C00530000,530.0,0.01,0.0,0.01,1054.0,3934.0,0.9687503125,False,CALL,2026-01-30,TSLA
TSLA260130C00535000,535.0,0.01,0.0,0.01,706.0,3788.0,1.000005,False,CALL,2026-01-30,TSLA
TSLA260130C00540000,540.0,0.01,0.0,0.01,340.0,4642.0,1.0312548437500002,False,CALL,2026-01-30,TSLA
TSLA260130P00295000,295.0,0.01,0.0,0.01,4.0,2331.0,1.4375028125,False,PUT,2026-01-30,TSLA
TSLA260130P00300000,300.0,0.01,0.0,0.01,132.0,4012.0,1.3750031249999999,False,PUT,2026-01-30,TSLA
TSLA260130P00305000,305.0,0.01,0.0,0.01,367.0,608.0,1.3125034374999998,False,PUT,2026-01-30,TSLA
TSLA260130P00310000,310.0,0.01,0.0,0.01,151.0,1639.0,1.2500037499999999,False,PUT,2026-01-30,TSLA
TSLA260130P00315000,315.0,0.01,0.0,0.01,297.0,1534.0,1.1875040625,False,PUT,2026-01-30,TSLA
TSLA260130P00320000,320.0,0.01,0.0,0.01,590.0,1916.0,1.125004375,False,PUT,2026-01-30,TSLA
TSLA260130P00325000,325.0,0.01,0.01,0.02,216.0,4057.0,1.171879140625,False,PUT,2026-01-30,TSLA
TSLA260130P00330000,330.0,0.02,0.01,0.02,828.0,1707.0,1.109379453125,False,PUT,2026-01-30,TSLA
TSLA260130P00335000,335.0,0.01,0.01,0.02,2578.0,15935.0,1.0390673046875003,False,PUT,2026-01-30,TSLA
TSLA260130P00340000,340.0,0.01,0.01,0.02,630.0,6199.0,0.9765627343750001,False,PUT,2026-01-30,TSLA
TSLA260130P00345000,345.0,0.01,0.01,0.02,773.0,2771.0,0.914063359375,False,PUT,2026-01-30,TSLA
TSLA260130P00350000,350.0,0.01,0.01,0.02,4207.0,5225.0,0.851563984375,False,PUT,2026-01-30,TSLA
TSLA260130P00355000,355.0,0.03,0.02,0.03,862.0,1468.0,0.8281267187499999,False,PUT,2026-01-30,TSLA
TSLA260130P00357500,357.5,0.02,0.02,0.03,549.0,720.0,0.79687703125,False,PUT,2026-01-30,TSLA
TSLA260130P00360000,360.0,0.03,0.02,0.04,1815.0,4112.0,0.7812521875,False,PUT,2026-01-30,TSLA
TSLA260130P00362500,362.5,0.04,0.03,0.04,728.0,947.0,0.7617211328125001,False,PUT,2026-01-30,TSLA
TSLA260130P00365000,365.0,0.04,0.03,0.04,1525.0,2758.0,0.7304714453125,False,PUT,2026-01-30,TSLA
TSLA260130P00367500,367.5,0.05,0.04,0.05,754.0,4100.0,0.7187528125,False,PUT,2026-01-30,TSLA
TSLA260130P00370000,370.0,0.05,0.04,0.05,2684.0,9686.0,0.6835969140625001,False,PUT,2026-01-30,TSLA
TSLA260130P00372500,372.5,0.05,0.04,0.06,502.0,3493.0,0.6601596484375001,False,PUT,2026-01-30,TSLA
TSLA260130P00375000,375.0,0.05,0.05,0.06,2125.0,8334.0,0.632816171875,False,PUT,2026-01-30,TSLA
TSLA260130P00377500,377.5,0.06,0.06,0.07,1203.0,1113.0,0.6132851171875001,False,PUT,2026-01-30,TSLA
TSLA260130P00380000,380.0,0.07,0.07,0.08,7721.0,12260.0,0.5898478515625001,False,PUT,2026-01-30,TSLA
TSLA260130P00382500,382.5,0.08,0.08,0.09,1487.0,1153.0,0.5644574804687501,False,PUT,2026-01-30,TSLA
TSLA260130P00385000,385.0,0.09,0.09,0.1,4715.0,5056.0,0.5390671093750001,False,PUT,2026-01-30,TSLA
TSLA260130P00387500,387.5,0.12,0.11,0.13,2333.0,2265.0,0.5214891601562499,False,PUT,2026-01-30,TSLA
TSLA260130P00390000,390.0,0.15,0.15,0.16,8804.0,7996.0,0.5048877636718749,False,PUT,2026-01-30,TSLA
TSLA260130P00392500,392.5,0.2,0.19,0.2,2515.0,1974.0,0.48828636718750007,False,PUT,2026-01-30,TSLA
TSLA260130P00395000,395.0,0.26,0.25,0.26,8030.0,4775.0,0.471684970703125,False,PUT,2026-01-30,TSLA
TSLA260130P00397500,397.5,0.31,0.34,0.35,4914.0,2457.0,0.4580132324218751,False,PUT,2026-01-30,TSLA
TSLA260130P00400000,400.0,0.47,0.46,0.47,43944.0,20601.0,0.44385321777343745,False,PUT,2026-01-30,TSLA
TSLA260130P00402500,402.5,0.65,0.63,0.65,10027.0,4030.0,0.43335527587890627,False,PUT,2026-01-30,TSLA
TSLA260130P00405000,405.0,0.88,0.84,0.86,13812.0,6174.0,0.41797457031249996,False,PUT,2026-01-30,TSLA
TSLA260130P00407500,407.5,1.21,1.22,1.24,8980.0,1851.0,0.41528905029296875,False,PUT,2026-01-30,TSLA
TSLA260130P00410000,410.0,1.6,1.62,1.64,41073.0,13866.0,0.401373173828125,False,PUT,2026-01-30,TSLA
TSLA260130P00412500,412.5,2.23,2.18,2.21,15461.0,1454.0,0.39234006103515623,False,PUT,2026-01-30,TSLA
TSLA260130P00415000,415.0,3.05,2.96,2.99,35274.0,7251.0,0.38757936645507807,False,PUT,2026-01-30,TSLA
TSLA260130P00417500,417.5,3.85,3.9,3.95,19674.0,2289.0,0.3820862573242187,False,PUT,2026-01-30,TSLA
TSLA260130P00420000,420.0,5.1,5.1,5.2,85704.0,17418.0,0.38355108642578123,True,PUT,2026-01-30,TSLA
TSLA260130P00422500,422.5,6.2,6.35,6.5,26297.0,2057.0,0.37183245361328127,True,PUT,2026-01-30,TSLA
TSLA260130P00425000,425.0,7.81,7.85,8.0,41351.0,6656.0,0.35816071533203125,True,PUT,2026-01-30,TSLA
TSLA260130P00427500,427.5,9.2,9.55,9.7,11067.0,2196.0,0.34180345703125,True,PUT,2026-01-30,TSLA
TSLA260130P00430000,430.0,11.5,11.5,11.6,49479.0,13358.0,0.3220282641601562,True,PUT,2026-01-30,TSLA
TSLA260130P00432500,432.5,13.3,13.2,13.4,4646.0,4094.0,0.19336744140625,True,PUT,2026-01-30,TSLA
TSLA260130P00435000,435.0,15.34,15.2,15.4,26463.0,18498.0,1.0000000000000003e-05,True,PUT,2026-01-30,TSLA
TSLA260130P00437500,437.5,17.6,17.5,17.9,3338.0,4586.0,1.0000000000000003e-05,True,PUT,2026-01-30,TSLA
TSLA260130P00440000,440.0,19.84,19.6,20.0,39749.0,6245.0,1.0000000000000003e-05,True,PUT,2026-01-30,TSLA
TSLA260130P00442500,442.5,22.2,22.15,22.5,909.0,1921.0,1.0000000000000003e-05,True,PUT,2026-01-30,TSLA
TSLA260130P00445000,445.0,24.66,24.5,24.95,3283.0,7342.0,1.0000000000000003e-05,True,PUT,2026-01-30,TSLA
TSLA260130P00447500,447.5,25.65,26.95,27.4,541.0,1911.0,1.0000000000000003e-05,True,PUT,2026-01-30,TSLA
TSLA260130P00450000,450.0,29.65,29.3,29.6,6091.0,5484.0,1.0000000000000003e-05,True,PUT,2026-01-30,TSLA
TSLA260130P00452500,452.5,32.55,31.65,32.45,367.0,1147.0,1.0000000000000003e-05,True,PUT,2026-01-30,TSLA
TSLA260130P00455000,455.0,34.63,34.4,34.95,266.0,1667.0,1.0000000000000003e-05,True,PUT,2026-01-30,TSLA
TSLA260130P00457500,457.5,36.83,35.9,37.7,39.0,635.0,1.0000000000000003e-05,True,PUT,2026-01-30,TSLA
TSLA260130P00460000,460.0,39.9,39.6,40.05,1030.0,1586.0,1.0000000000000003e-05,True,PUT,2026-01-30,TSLA
TSLA260130P00462500,462.5,42.11,40.7,42.55,39.0,404.0,1.0000000000000003e-05,True,PUT,2026-01-30,TSLA
TSLA260130P00465000,465.0,43.86,44.25,44.85,108.0,1692.0,1.0000000000000003e-05,True,PUT,2026-01-30,TSLA
TSLA260130P00467500,467.5,47.15,45.7,47.55,2.0,120.0,1.0000000000000003e-05,True,PUT,2026-01-30,TSLA
TSLA260130P00470000,470.0,49.77,49.1,50.05,565.0,1795.0,1.0000000000000003e-05,True,PUT,2026-01-30,TSLA
TSLA260130P00472500,472.5,39.3,50.8,52.55,1.0,44.0,1.0000000000000003e-05,True,PUT,2026-01-30,TSLA
TSLA260130P00475000,475.0,54.7,53.75,54.95,311.0,1208.0,1.0000000000000003e-05,True,PUT,2026-01-30,TSLA
TSLA260130P00477500,477.5,54.02,55.8,57.6,11.0,116.0,1.0000000000000003e-05,True,PUT,2026-01-30,TSLA
TSLA260130P00480000,480.0,57.65,58.55,59.85,290.0,1113.0,1.0000000000000003e-05,True,PUT,2026-01-30,TSLA
TSLA260130P00482500,482.5,65.35,60.75,62.55,5.0,21.0,1.0000000000000003e-05,True,PUT,2026-01-30,TSLA
TSLA260130P00485000,485.0,64.49,63.15,64.85,41.0,629.0,1.0000000000000003e-05,True,PUT,2026-01-30,TSLA
TSLA260130P00487500,487.5,53.4,65.75,68.25,5.0,5.0,1.0000000000000003e-05,True,PUT,2026-01-30,TSLA
TSLA260130P00490000,490.0,68.7,69.1,70.5,30.0,964.0,1.0000000000000003e-05,True,PUT,2026-01-30,TSLA
TSLA260130P00492500,492.5,58.58,70.65,73.3,8.0,10.0,1.0000000000000003e-05,True,PUT,2026-01-30,TSLA
TSLA260130P00495000,495.0,74.55,73.25,75.75,16.0,355.0,1.0000000000000003e-05,True,PUT,2026-01-30,TSLA
TSLA260130P00497500,497.5,70.21,75.7,78.3,84.0,6.0,1.0000000000000003e-05,True,PUT,2026-01-30,TSLA
TSLA260130P00500000,500.0,79.3,78.7,79.95,156.0,585.0,1.0000000000000003e-05,True,PUT,2026-01-30,TSLA
TSLA260130P00502500,502.5,67.1,80.7,83.3,2.0,5.0,1.0000000000000003e-05,True,PUT,2026-01-30,TSLA
TSLA260130P00505000,505.0,79.2,83.2,85.8,1.0,95.0,1.0000000000000003e-05,True,PUT,2026-01-30,TSLA
TSLA260130P00510000,510.0,87.47,88.5,91.05,10.0,99.0,1.1875040625,True,PUT,2026-01-30,TSLA
TSLA260130P00515000,515.0,96.1,93.1,95.8,1.0,71.0,1.0000000000000003e-05,True,PUT,2026-01-30,TSLA
TSLA260130P00520000,520.0,100.95,98.3,100.8,2.0,124.0,1.0000000000000003e-05,True,PUT,2026-01-30,TSLA
TSLA260130P00525000,525.0,100.7,103.2,105.75,1.0,4.0,1.0000000000000003e-05,True,PUT,2026-01-30,TSLA
TSLA260130P00530000,530.0,95.79,108.2,110.8,5.0,0.0,1.0000000000000003e-05,True,PUT,2026-01-30,TSLA
TSLA260130P00535000,535.0,88.41,113.3,115.85,3.0,0.0,1.0000000000000003e-05,True,PUT,2026-01-30,TSLA
TSLA260130P00540000,540.0,106.22,118.3,120.85,2.0,2.0,1.0000000000000003e-05,True,PUT,2026-01-30,TSLA
TSLA260206C00295000,295.0,146.04,124.45,127.45,1.0,15.0,1.4033232958984376,True,CALL,2026-02-06,TSLA
TSLA260206C00300000,300.0,119.9,119.9,122.1,6.0,221.0,1.3554719726562499,True,CALL,2026-02-06,TSLA
TSLA260206C00305000,305.0,118.79,114.55,117.55,1.0,2.0,1.307620649414062,True,CALL,2026-02-06,TSLA
TSLA260206C00310000,310.0,114.63,110.0,112.5,55.0,3.0,1.280765314941406,True,CALL,2026-02-06,TSLA
TSLA260206C00315000,315.0,111.57,104.6,107.45,22.0,6.0,1.1950723840332032,True,CALL,2026-02-06,TSLA
TSLA260206C00320000,320.0,101.45,100.25,102.55,25.0,24.0,1.1901895959472655,True,CALL,2026-02-06,TSLA
TSLA260206C00325000,325.0,97.96,95.2,97.4,1.0,34.0,1.1232953991699217,True,CALL,2026-02-06,TSLA
TSLA260206C00330000,330.0,94.71,89.5,92.25,67.0,89.0,1.0166064794921876,True,CALL,2026-02-06,TSLA
TSLA260206C00335000,335.0,83.5,85.4,87.45,7.0,127.0,1.0305224255371095,True,CALL,2026-02-06,TSLA
TSLA260206C00340000,340.0,82.73,80.45,82.5,32.0,35.0,0.98242205078125,True,CALL,2026-02-06,TSLA
TSLA260206C00342500,342.5,80.23,77.9,79.6,1.0,8.0,0.93164130859375,True,CALL,2026-02-06,TSLA
TSLA260206C00345000,345.0,76.52,75.5,77.45,29.0,38.0,0.9291999267578125,True,CALL,2026-02-06,TSLA
TSLA260206C00347500,347.5,92.5,72.1,74.75,2.0,3.0,0.8439957006835936,True,CALL,2026-02-06,TSLA
TSLA260206C00350000,350.0,66.24,70.6,72.5,26.0,65.0,0.8835460864257811,True,CALL,2026-02-06,TSLA
TSLA260206C00352500,352.5,91.0,68.15,70.05,,2.0,0.8616957189941408,True,CALL,2026-02-06,TSLA
TSLA260206C00355000,355.0,74.1,65.7,67.65,1.0,17.0,0.8420425952148438,True,CALL,2026-02-06,TSLA
TSLA260206C00360000,360.0,61.05,60.95,61.95,103.0,72.0,0.7685570019531252,True,CALL,2026-02-06,TSLA
TSLA260206C00362500,362.5,72.8,58.45,60.0,3.0,4.0,0.7663597583007813,True,CALL,2026-02-06,TSLA
TSLA260206C00365000,365.0,58.0,55.1,57.3,7.0,25.0,0.6938507177734375,True,CALL,2026-02-06,TSLA
TSLA260206C00367500,367.5,81.4,53.7,55.1,2.0,1.0,0.7268093725585938,True,CALL,2026-02-06,TSLA
TSLA260206C00370000,370.0,53.09,50.45,52.3,17.0,117.0,0.6574741284179688,True,CALL,2026-02-06,TSLA
TSLA260206C00372500,372.5,61.05,48.55,50.15,74.0,38.0,0.6689486230468751,True,CALL,2026-02-06,TSLA
TSLA260206C00375000,375.0,47.25,46.5,46.95,432.0,287.0,0.6325720336914062,True,CALL,2026-02-06,TSLA
TSLA260206C00380000,380.0,42.06,41.6,42.0,77.0,66.0,0.5839885351562499,True,CALL,2026-02-06,TSLA
TSLA260206C00385000,385.0,38.25,37.35,37.9,17.0,72.0,0.5822795678710937,True,CALL,2026-02-06,TSLA
TSLA260206C00387500,387.5,49.67,34.75,35.9,2.0,9.0,0.5650678259277344,True,CALL,2026-02-06,TSLA
TSLA260206C00390000,390.0,33.81,32.85,33.25,35.0,169.0,0.5483443603515626,True,CALL,2026-02-06,TSLA
TSLA260206C00395000,395.0,28.53,28.35,29.15,10.0,334.0,0.5241746801757812,True,CALL,2026-02-06,TSLA
TSLA260206C00400000,400.0,25.57,24.6,24.75,207.0,519.0,0.5037281072998048,True,CALL,2026-02-06,TSLA
TSLA260206C00402500,402.5,23.82,22.55,22.75,167.0,40.0,0.4954884436035156,True,CALL,2026-02-06,TSLA
TSLA260206C00405000,405.0,20.8,20.7,20.9,578.0,207.0,0.4880422290039063,True,CALL,2026-02-06,TSLA
TSLA260206C00407500,407.5,20.12,19.05,19.25,177.0,32.0,0.48633326171875,True,CALL,2026-02-06,TSLA
TSLA260206C00410000,410.0,17.15,17.15,17.35,3320.0,308.0,0.471684970703125,True,CALL,2026-02-06,TSLA
TSLA260206C00412500,412.5,15.82,15.7,15.85,408.0,111.0,0.4704032452392578,True,CALL,2026-02-06,TSLA
TSLA260206C00415000,415.0,14.25,14.25,14.4,1749.0,148.0,0.46796186340332036,True,CALL,2026-02-06,TSLA
TSLA260206C00417500,417.5,13.18,12.7,12.8,647.0,196.0,0.4567925415039063,True,CALL,2026-02-06,TSLA
TSLA260206C00420000,420.0,11.51,11.45,11.6,10132.0,1033.0,0.4577690942382813,False,CALL,2026-02-06,TSLA
TSLA260206C00422500,422.5,10.45,10.2,10.3,4657.0,397.0,0.4518487432861329,False,CALL,2026-02-06,TSLA
TSLA260206C00425000,425.0,9.31,9.1,9.2,5457.0,1684.0,0.45038391418457036,False,CALL,2026-02-06,TSLA
TSLA260206C00427500,427.5,8.4,8.15,8.25,1610.0,528.0,0.4515435705566406,False,CALL,2026-02-06,TSLA
TSLA260206C00430000,430.0,7.05,7.0,7.1,8755.0,1744.0,0.44165597412109375,False,CALL,2026-02-06,TSLA
TSLA260206C00432500,432.5,6.28,6.25,6.3,4906.0,609.0,0.4424494232177735,False,CALL,2026-02-06,TSLA
TSLA260206C00435000,435.0,5.5,5.45,5.5,6687.0,2577.0,0.4401911450195312,False,CALL,2026-02-06,TSLA
TSLA260206C00437500,437.5,4.76,4.65,4.75,5389.0,776.0,0.43677321044921874,False,CALL,2026-02-06,TSLA
TSLA260206C00440000,440.0,4.31,4.1,4.2,6231.0,2645.0,0.43933666137695315,False,CALL,2026-02-06,TSLA
TSLA260206C00442500,442.5,3.5,3.55,3.6,536.0,568.0,0.436529072265625,False,CALL,2026-02-06,TSLA
TSLA260206C00445000,445.0,3.13,3.05,3.15,1647.0,2603.0,0.4382380395507813,False,CALL,2026-02-06,TSLA
TSLA260206C00447500,447.5,2.72,2.67,2.7,586.0,519.0,0.4371394177246094,False,CALL,2026-02-06,TSLA
TSLA260206C00450000,450.0,2.3,2.26,2.29,7355.0,4307.0,0.4351863122558594,False,CALL,2026-02-06,TSLA
TSLA260206C00452500,452.5,2.0,1.95,1.98,4424.0,588.0,0.4366511413574219,False,CALL,2026-02-06,TSLA
TSLA260206C00455000,455.0,1.76,1.68,1.7,3891.0,1509.0,0.4376276940917969,False,CALL,2026-02-06,TSLA
TSLA260206C00457500,457.5,1.46,1.43,1.46,4796.0,292.0,0.43884838500976564,False,CALL,2026-02-06,TSLA
TSLA260206C00460000,460.0,1.29,1.23,1.25,3693.0,2571.0,0.44006907592773437,False,CALL,2026-02-06,TSLA
TSLA260206C00462500,462.5,1.05,1.02,1.05,1367.0,1152.0,0.43945873046875,False,CALL,2026-02-06,TSLA
TSLA260206C00465000,465.0,0.9,0.88,0.91,1385.0,1387.0,0.4426325268554688,False,CALL,2026-02-06,TSLA
TSLA260206C00467500,467.5,0.8,0.75,0.77,242.0,262.0,0.44336494140625,False,CALL,2026-02-06,TSLA
TSLA260206C00470000,470.0,0.66,0.66,0.68,3819.0,2825.0,0.44824770507812495,False,CALL,2026-02-06,TSLA
TSLA260206C00472500,472.5,0.59,0.57,0.59,984.0,216.0,0.4514215014648438,False,CALL,2026-02-06,TSLA
TSLA260206C00475000,475.0,0.51,0.48,0.49,3207.0,1864.0,0.45117736328125,False,CALL,2026-02-06,TSLA
TSLA260206C00477500,477.5,0.46,0.41,0.43,138.0,248.0,0.45532771240234376,False,CALL,2026-02-06,TSLA
TSLA260206C00480000,480.0,0.38,0.37,0.38,1828.0,2382.0,0.459966337890625,False,CALL,2026-02-06,TSLA
TSLA260206C00482500,482.5,0.32,0.33,0.34,77.0,202.0,0.46582565429687506,False,CALL,2026-02-06,TSLA
TSLA260206C00485000,485.0,0.29,0.28,0.29,1406.0,978.0,0.467778759765625,False,CALL,2026-02-06,TSLA
TSLA260206C00487500,487.5,0.28,0.24,0.26,99.0,337.0,0.4731497998046875,False,CALL,2026-02-06,TSLA
TSLA260206C00490000,490.0,0.23,0.22,0.23,3140.0,2523.0,0.477544287109375,False,CALL,2026-02-06,TSLA
TSLA260206C00492500,492.5,0.2,0.18,0.2,147.0,145.0,0.4804739453125,False,CALL,2026-02-06,TSLA
TSLA260206C00495000,495.0,0.18,0.17,0.18,430.0,907.0,0.48633326171875,False,CALL,2026-02-06,TSLA
TSLA260206C00497500,497.5,0.16,0.15,0.17,119.0,378.0,0.4946339599609375,False,CALL,2026-02-06,TSLA
TSLA260206C00500000,500.0,0.15,0.14,0.15,2746.0,4753.0,0.4985401708984375,False,CALL,2026-02-06,TSLA
TSLA260206C00502500,502.5,0.12,0.12,0.13,141.0,317.0,0.5009815527343751,False,CALL,2026-02-06,TSLA
TSLA260206C00505000,505.0,0.11,0.11,0.12,467.0,815.0,0.5048877636718749,False,CALL,2026-02-06,TSLA
TSLA260206C00507500,507.5,0.13,0.09,0.11,106.0,266.0,0.507817421875,False,CALL,2026-02-06,TSLA
TSLA260206C00510000,510.0,0.11,0.08,0.1,299.0,1369.0,0.5127001855468749,False,CALL,2026-02-06,TSLA
TSLA260206C00512500,512.5,0.11,0.08,0.09,23.0,111.0,0.5195360546875,False,CALL,2026-02-06,TSLA
TSLA260206C00515000,515.0,0.07,0.07,0.08,83.0,531.0,0.523442265625,False,CALL,2026-02-06,TSLA
TSLA260206C00517500,517.5,0.12,0.06,0.08,6.0,58.0,0.5293015820312501,False,CALL,2026-02-06,TSLA
TSLA260206C00520000,520.0,0.07,0.05,0.07,284.0,1400.0,0.5312546875,False,CALL,2026-02-06,TSLA
TSLA260206C00522500,522.5,0.05,0.05,0.06,9.0,74.0,0.5371140039062501,False,CALL,2026-02-06,TSLA
TSLA260206C00525000,525.0,0.06,0.05,0.06,213.0,586.0,0.5468795312500001,False,CALL,2026-02-06,TSLA
TSLA260206C00527500,527.5,0.05,0.04,0.05,52.0,82.0,0.5468795312500001,False,CALL,2026-02-06,TSLA
TSLA260206C00530000,530.0,0.05,0.03,0.05,217.0,792.0,0.5488326367187502,False,CALL,2026-02-06,TSLA
TSLA260206C00535000,535.0,0.05,0.02,0.04,92.0,585.0,0.55273884765625,False,CALL,2026-02-06,TSLA
TSLA260206C00540000,540.0,0.04,0.02,0.04,126.0,703.0,0.570316796875,False,CALL,2026-02-06,TSLA
TSLA260206P00295000,295.0,0.05,0.04,0.06,41.0,204.0,0.8320329296874999,False,PUT,2026-02-06,TSLA
TSLA260206P00300000,300.0,0.06,0.05,0.06,242.0,1597.0,0.8027363476562499,False,PUT,2026-02-06,TSLA
TSLA260206P00305000,305.0,0.07,0.06,0.07,67.0,211.0,0.7812521875,False,PUT,2026-02-06,TSLA
TSLA260206P00310000,310.0,0.07,0.07,0.08,65.0,982.0,0.75586181640625,False,PUT,2026-02-06,TSLA
TSLA260206P00315000,315.0,0.09,0.08,0.09,64.0,778.0,0.72851833984375,False,PUT,2026-02-06,TSLA
TSLA260206P00320000,320.0,0.09,0.09,0.1,196.0,1790.0,0.702151416015625,False,PUT,2026-02-06,TSLA
TSLA260206P00325000,325.0,0.1,0.1,0.12,95.0,2319.0,0.6777375976562501,False,PUT,2026-02-06,TSLA
TSLA260206P00330000,330.0,0.13,0.12,0.13,158.0,1539.0,0.6513706738281251,False,PUT,2026-02-06,TSLA
TSLA260206P00335000,335.0,0.14,0.14,0.16,632.0,470.0,0.629886513671875,False,PUT,2026-02-06,TSLA
TSLA260206P00340000,340.0,0.17,0.17,0.18,413.0,1608.0,0.6054726953125001,False,PUT,2026-02-06,TSLA
TSLA260206P00342500,342.5,0.19,0.18,0.2,453.0,26.0,0.5937540625000001,False,PUT,2026-02-06,TSLA
TSLA260206P00345000,345.0,0.22,0.21,0.22,339.0,294.0,0.584965087890625,False,PUT,2026-02-06,TSLA
TSLA260206P00347500,347.5,0.22,0.22,0.24,175.0,42.0,0.5722699023437501,False,PUT,2026-02-06,TSLA
TSLA260206P00350000,350.0,0.25,0.24,0.26,654.0,4798.0,0.5600629931640625,False,PUT,2026-02-06,TSLA
TSLA260206P00352500,352.5,0.44,0.27,0.28,27.0,68.0,0.5488326367187502,False,PUT,2026-02-06,TSLA
TSLA260206P00355000,355.0,0.28,0.29,0.31,90.0,392.0,0.5371140039062501,False,PUT,2026-02-06,TSLA
TSLA260206P00357500,357.5,0.35,0.33,0.35,813.0,16.0,0.5283250292968751,False,PUT,2026-02-06,TSLA
TSLA260206P00360000,360.0,0.38,0.37,0.38,497.0,901.0,0.51758294921875,False,PUT,2026-02-06,TSLA
TSLA260206P00362500,362.5,0.4,0.41,0.42,877.0,30.0,0.5063525927734375,False,PUT,2026-02-06,TSLA
TSLA260206P00365000,365.0,0.46,0.48,0.49,354.0,717.0,0.5004932763671875,False,PUT,2026-02-06,TSLA
TSLA260206P00367500,367.5,0.5,0.54,0.56,118.0,212.0,0.49341326904296884,False,PUT,2026-02-06,TSLA
TSLA260206P00370000,370.0,0.63,0.62,0.64,1058.0,1196.0,0.485356708984375,False,PUT,2026-02-06,TSLA
TSLA260206P00372500,372.5,0.63,0.69,0.72,106.0,70.0,0.47559118164062497,False,PUT,2026-02-06,TSLA
TSLA260206P00375000,375.0,0.8,0.8,0.82,1268.0,1077.0,0.4670463452148438,False,PUT,2026-02-06,TSLA
TSLA260206P00377500,377.5,0.87,0.93,0.95,121.0,58.0,0.46045461425781253,False,PUT,2026-02-06,TSLA
TSLA260206P00380000,380.0,1.05,1.07,1.1,1160.0,1720.0,0.45386288330078123,False,PUT,2026-02-06,TSLA
TSLA260206P00382500,382.5,1.25,1.26,1.28,154.0,154.0,0.44775942871093743,False,PUT,2026-02-06,TSLA
TSLA260206P00385000,385.0,1.46,1.45,1.48,726.0,1160.0,0.4412897668457031,False,PUT,2026-02-06,TSLA
TSLA260206P00387500,387.5,1.73,1.69,1.71,354.0,219.0,0.4348201049804688,False,PUT,2026-02-06,TSLA
TSLA260206P00390000,390.0,1.94,1.99,2.02,1396.0,1588.0,0.4315242395019532,False,PUT,2026-02-06,TSLA
TSLA260206P00392500,392.5,2.32,2.29,2.32,182.0,98.0,0.4246883703613281,False,PUT,2026-02-06,TSLA
TSLA260206P00395000,395.0,2.69,2.68,2.71,1357.0,1027.0,0.4206600903320313,False,PUT,2026-02-06,TSLA
TSLA260206P00397500,397.5,3.19,3.05,3.15,287.0,244.0,0.4165097412109374,False,PUT,2026-02-06,TSLA
TSLA260206P00400000,400.0,3.5,3.55,3.65,4342.0,4115.0,0.41235939208984373,False,PUT,2026-02-06,TSLA
TSLA260206P00402500,402.5,4.05,4.2,4.3,394.0,115.0,0.41223732299804683,False,PUT,2026-02-06,TSLA
TSLA260206P00405000,405.0,4.98,4.85,4.95,3809.0,1433.0,0.4085752502441406,False,PUT,2026-02-06,TSLA
TSLA260206P00407500,407.5,5.77,5.5,5.6,418.0,143.0,0.40161731201171874,False,PUT,2026-02-06,TSLA
TSLA260206P00410000,410.0,6.3,6.4,6.5,2826.0,2340.0,0.40192248474121095,False,PUT,2026-02-06,TSLA
TSLA260206P00412500,412.5,7.33,7.3,7.4,536.0,201.0,0.39856558471679693,False,PUT,2026-02-06,TSLA
TSLA260206P00415000,415.0,8.05,8.25,8.4,3488.0,1314.0,0.39563592651367196,False,PUT,2026-02-06,TSLA
TSLA260206P00417500,417.5,9.2,9.35,9.5,1693.0,324.0,0.3929504064941406,False,PUT,2026-02-06,TSLA
TSLA260206P00420000,420.0,10.7,10.65,10.8,5415.0,2711.0,0.3942321319580079,True,PUT,2026-02-06,TSLA
TSLA260206P00422500,422.5,11.6,11.9,12.05,1859.0,335.0,0.3898986791992188,True,PUT,2026-02-06,TSLA
TSLA260206P00425000,425.0,12.91,13.1,13.25,2909.0,1440.0,0.37995004821777345,True,PUT,2026-02-06,TSLA
TSLA260206P00427500,427.5,14.6,14.5,14.7,688.0,350.0,0.37573866455078125,True,PUT,2026-02-06,TSLA
TSLA260206P00430000,430.0,15.85,16.15,16.35,5791.0,2299.0,0.3756165954589844,True,PUT,2026-02-06,TSLA
TSLA260206P00432500,432.5,17.6,17.65,17.85,813.0,621.0,0.36524072265625,True,PUT,2026-02-06,TSLA
TSLA260206P00435000,435.0,19.3,19.5,19.7,3441.0,1816.0,0.3658510681152344,True,PUT,2026-02-06,TSLA
TSLA260206P00437500,437.5,21.55,21.25,21.5,236.0,358.0,0.36023588989257804,True,PUT,2026-02-06,TSLA
TSLA260206P00440000,440.0,23.58,23.05,23.25,5035.0,1886.0,0.34680828979492184,True,PUT,2026-02-06,TSLA
TSLA260206P00442500,442.5,24.85,25.1,25.35,115.0,255.0,0.34766277343749996,True,PUT,2026-02-06,TSLA
TSLA260206P00445000,445.0,27.1,27.05,27.25,400.0,1838.0,0.3305731005859375,True,PUT,2026-02-06,TSLA
TSLA260206P00447500,447.5,28.92,28.6,30.25,171.0,466.0,0.38660281372070304,True,PUT,2026-02-06,TSLA
TSLA260206P00450000,450.0,31.12,31.2,31.55,2180.0,1728.0,0.3103096313476562,True,PUT,2026-02-06,TSLA
TSLA260206P00452500,452.5,33.2,32.55,34.05,128.0,357.0,0.3286199951171874,True,PUT,2026-02-06,TSLA
TSLA260206P00455000,455.0,35.85,35.55,36.0,51.0,374.0,0.2553785400390626,True,PUT,2026-02-06,TSLA
TSLA260206P00457500,457.5,36.1,37.2,38.5,4.0,124.0,0.2695385546875,True,PUT,2026-02-06,TSLA
TSLA260206P00460000,460.0,40.07,40.15,40.6,67.0,500.0,1.0000000000000003e-05,True,PUT,2026-02-06,TSLA
TSLA260206P00462500,462.5,42.75,41.4,43.1,4.0,102.0,1.0000000000000003e-05,True,PUT,2026-02-06,TSLA
TSLA260206P00465000,465.0,44.38,44.75,45.4,26.0,335.0,1.0000000000000003e-05,True,PUT,2026-02-06,TSLA
TSLA260206P00467500,467.5,47.53,46.15,47.95,2.0,100.0,1.0000000000000003e-05,True,PUT,2026-02-06,TSLA
TSLA260206P00470000,470.0,50.04,49.3,50.0,29.0,351.0,1.0000000000000003e-05,True,PUT,2026-02-06,TSLA
TSLA260206P00472500,472.5,57.0,50.95,52.75,5.0,36.0,1.0000000000000003e-05,True,PUT,2026-02-06,TSLA
TSLA260206P00475000,475.0,54.11,53.4,55.3,24.0,284.0,1.0000000000000003e-05,True,PUT,2026-02-06,TSLA
TSLA260206P00477500,477.5,54.2,56.15,58.15,2.0,43.0,1.0000000000000003e-05,True,PUT,2026-02-06,TSLA
TSLA260206P00480000,480.0,56.84,58.4,60.15,7.0,283.0,1.0000000000000003e-05,True,PUT,2026-02-06,TSLA
TSLA260206P00482500,482.5,51.13,60.85,62.6,3.0,36.0,1.0000000000000003e-05,True,PUT,2026-02-06,TSLA
TSLA260206P00485000,485.0,63.46,63.4,65.15,5.0,439.0,1.0000000000000003e-05,True,PUT,2026-02-06,TSLA
TSLA260206P00487500,487.5,65.08,65.95,67.65,2.0,5.0,1.0000000000000003e-05,True,PUT,2026-02-06,TSLA
TSLA260206P00490000,490.0,69.65,68.55,69.85,44.0,90.0,1.0000000000000003e-05,True,PUT,2026-02-06,TSLA
TSLA260206P00492500,492.5,60.34,70.65,72.55,3.0,4.0,1.0000000000000003e-05,True,PUT,2026-02-06,TSLA
TSLA260206P00495000,495.0,72.37,73.0,75.1,44.0,73.0,1.0000000000000003e-05,True,PUT,2026-02-06,TSLA
TSLA260206P00497500,497.5,64.47,75.95,78.6,1.0,9.0,0.516606396484375,True,PUT,2026-02-06,TSLA
TSLA260206P00500000,500.0,79.17,78.55,80.95,27.0,161.0,0.46094289062500005,True,PUT,2026-02-06,TSLA
TSLA260206P00502500,502.5,70.15,80.65,83.3,10.0,10.0,1.0000000000000003e-05,True,PUT,2026-02-06,TSLA
TSLA260206P00505000,505.0,82.0,83.0,85.75,5.0,66.0,1.0000000000000003e-05,True,PUT,2026-02-06,TSLA
TSLA260206P00510000,510.0,72.4,88.0,90.75,2.0,29.0,1.0000000000000003e-05,True,PUT,2026-02-06,TSLA
TSLA260206P00512500,512.5,67.4,90.55,93.3,,1.0,1.0000000000000003e-05,True,PUT,2026-02-06,TSLA
TSLA260206P00515000,515.0,96.1,93.05,95.75,2.0,44.0,1.0000000000000003e-05,True,PUT,2026-02-06,TSLA
TSLA260206P00520000,520.0,96.58,98.45,101.1,4.0,21.0,0.6269568554687501,True,PUT,2026-02-06,TSLA
TSLA260206P00522500,522.5,104.74,100.65,103.25,3.0,20.0,1.0000000000000003e-05,True,PUT,2026-02-06,TSLA
TSLA260206P00525000,525.0,91.93,103.15,105.65,2.0,7.0,1.0000000000000003e-05,True,PUT,2026-02-06,TSLA
TSLA260206P00527500,527.5,95.35,105.55,108.3,6.0,4.0,1.0000000000000003e-05,True,PUT,2026-02-06,TSLA
TSLA260206P00530000,530.0,97.1,108.45,111.1,2.0,58.0,0.6738313867187502,True,PUT,2026-02-06,TSLA
TSLA260206P00535000,535.0,102.95,113.15,115.8,2.0,19.0,1.0000000000000003e-05,True,PUT,2026-02-06,TSLA
TSLA260206P00540000,540.0,108.35,118.05,120.8,2.0,3.0,1.0000000000000003e-05,True,PUT,2026-02-06,TSLA
TSLA260213C00295000,295.0,154.47,124.9,127.9,11.0,5.0,1.102055270996094,True,CALL,2026-02-13,TSLA
TSLA260213C00300000,300.0,118.55,120.65,122.4,4.0,40.0,1.0719040545654301,True,CALL,2026-02-13,TSLA
TSLA260213C00305000,305.0,128.64,115.7,117.65,10.0,13.0,1.0435838836669926,True,CALL,2026-02-13,TSLA
TSLA260213C00310000,310.0,114.35,110.8,112.85,1.0,67.0,1.0144092248535155,True,CALL,2026-02-13,TSLA
TSLA260213C00315000,315.0,120.52,105.85,107.55,144.0,104.0,0.9602054760742187,True,CALL,2026-02-13,TSLA
TSLA260213C00320000,320.0,114.25,100.85,102.7,1.0,21.0,0.9245613012695313,True,CALL,2026-02-13,TSLA
TSLA260213C00325000,325.0,110.68,95.9,97.7,10.0,19.0,0.8846447082519531,True,CALL,2026-02-13,TSLA
TSLA260213C00330000,330.0,91.54,91.05,93.05,13.0,6.0,0.8627943408203125,True,CALL,2026-02-13,TSLA
TSLA260213C00335000,335.0,87.13,86.15,87.8,17.0,8.0,0.8150653259277343,True,CALL,2026-02-13,TSLA
TSLA260213C00340000,340.0,82.27,81.3,83.0,6.0,4.0,0.7862570202636718,True,CALL,2026-02-13,TSLA
TSLA260213C00345000,345.0,77.45,76.3,77.9,15.0,120.0,0.7409693872070311,True,CALL,2026-02-13,TSLA
TSLA260213C00350000,350.0,72.88,70.8,72.9,40.0,55.0,0.6826203613281252,True,CALL,2026-02-13,TSLA
TSLA260213C00355000,355.0,72.81,66.4,68.3,14.0,31.0,0.6741975939941409,True,CALL,2026-02-13,TSLA
TSLA260213C00360000,360.0,62.9,61.85,63.4,70.0,38.0,0.6486851538085938,True,CALL,2026-02-13,TSLA
TSLA260213C00365000,365.0,60.47,57.4,58.2,8.0,18.0,0.6159706372070313,True,CALL,2026-02-13,TSLA
TSLA260213C00370000,370.0,54.14,52.6,54.0,15.0,72.0,0.598758895263672,True,CALL,2026-02-13,TSLA
TSLA260213C00375000,375.0,50.03,48.3,49.4,28.0,30.0,0.5806316351318359,True,CALL,2026-02-13,TSLA
TSLA260213C00380000,380.0,45.14,43.4,44.35,54.0,46.0,0.5364426239013673,True,CALL,2026-02-13,TSLA
TSLA260213C00385000,385.0,41.25,39.5,40.6,4.0,32.0,0.5385788330078126,True,CALL,2026-02-13,TSLA
TSLA260213C00390000,390.0,37.42,35.1,36.5,136.0,94.0,0.5181932946777343,True,CALL,2026-02-13,TSLA
TSLA260213C00395000,395.0,32.1,31.7,31.9,133.0,139.0,0.5025684509277344,True,CALL,2026-02-13,TSLA
TSLA260213C00400000,400.0,28.17,28.0,28.2,76.0,196.0,0.495122236328125,True,CALL,2026-02-13,TSLA
TSLA260213C00405000,405.0,25.35,24.5,24.7,68.0,102.0,0.48480739807128903,True,CALL,2026-02-13,TSLA
TSLA260213C00410000,410.0,21.5,21.25,21.4,101.0,552.0,0.47437049072265625,True,CALL,2026-02-13,TSLA
TSLA260213C00415000,415.0,19.7,18.3,18.45,443.0,269.0,0.467778759765625,True,CALL,2026-02-13,TSLA
TSLA260213C00420000,420.0,15.75,15.55,15.65,1488.0,480.0,0.4587456469726563,False,CALL,2026-02-13,TSLA
TSLA260213C00425000,425.0,13.57,13.3,13.45,779.0,344.0,0.45990530334472657,False,CALL,2026-02-13,TSLA
TSLA260213C00430000,430.0,11.4,11.2,11.3,849.0,604.0,0.45551081604003907,False,CALL,2026-02-13,TSLA
TSLA260213C00435000,435.0,9.5,9.35,9.5,531.0,985.0,0.45453426330566404,False,CALL,2026-02-13,TSLA
TSLA260213C00440000,440.0,7.7,7.65,7.75,7622.0,1333.0,0.4480646014404296,False,CALL,2026-02-13,TSLA
TSLA260213C00445000,445.0,6.5,6.35,6.45,601.0,1239.0,0.44910218872070307,False,CALL,2026-02-13,TSLA
TSLA260213C00450000,450.0,5.25,5.1,5.2,16615.0,1635.0,0.44525701232910153,False,CALL,2026-02-13,TSLA
TSLA260213C00455000,455.0,4.26,4.2,4.25,471.0,1031.0,0.4458063232421875,False,CALL,2026-02-13,TSLA
TSLA260213C00460000,460.0,3.4,3.4,3.45,992.0,1294.0,0.4464166687011719,False,CALL,2026-02-13,TSLA
TSLA260213C00465000,465.0,2.75,2.74,2.79,176.0,560.0,0.44739322143554683,False,CALL,2026-02-13,TSLA
TSLA260213C00470000,470.0,2.26,2.23,2.26,724.0,811.0,0.4493463269042969,False,CALL,2026-02-13,TSLA
TSLA260213C00475000,475.0,1.82,1.8,1.83,338.0,747.0,0.45178770874023444,False,CALL,2026-02-13,TSLA
TSLA260213C00480000,480.0,1.5,1.46,1.49,1121.0,1243.0,0.45508357421875,False,CALL,2026-02-13,TSLA
TSLA260213C00485000,485.0,1.23,1.18,1.21,250.0,571.0,0.4585015087890626,False,CALL,2026-02-13,TSLA
TSLA260213C00490000,490.0,0.99,0.97,1.0,445.0,696.0,0.46362841064453125,False,CALL,2026-02-13,TSLA
TSLA260213C00495000,495.0,0.81,0.79,0.81,214.0,464.0,0.46680220703125,False,CALL,2026-02-13,TSLA
TSLA260213C00500000,500.0,0.68,0.67,0.68,2218.0,1988.0,0.4731497998046875,False,CALL,2026-02-13,TSLA
TSLA260213C00505000,505.0,0.56,0.56,0.58,270.0,570.0,0.48071808349609374,False,CALL,2026-02-13,TSLA
TSLA260213C00510000,510.0,0.48,0.45,0.48,253.0,516.0,0.485356708984375,False,CALL,2026-02-13,TSLA
TSLA260213C00515000,515.0,0.4,0.39,0.41,161.0,438.0,0.49268085449218757,False,CALL,2026-02-13,TSLA
TSLA260213C00520000,520.0,0.34,0.33,0.35,156.0,788.0,0.4995167236328125,False,CALL,2026-02-13,TSLA
TSLA260213C00525000,525.0,0.3,0.27,0.29,161.0,525.0,0.5009815527343751,False,CALL,2026-02-13,TSLA
TSLA260213C00530000,530.0,0.26,0.24,0.26,67.0,842.0,0.5107470800781251,False,CALL,2026-02-13,TSLA
TSLA260213C00535000,535.0,0.24,0.21,0.22,35.0,185.0,0.51758294921875,False,CALL,2026-02-13,TSLA
TSLA260213C00540000,540.0,0.19,0.18,0.19,221.0,521.0,0.523442265625,False,CALL,2026-02-13,TSLA
TSLA260213P00295000,295.0,0.23,0.16,0.18,26.0,102.0,0.7158231542968749,False,PUT,2026-02-13,TSLA
TSLA260213P00300000,300.0,0.2,0.19,0.21,174.0,20489.0,0.700198310546875,False,PUT,2026-02-13,TSLA
TSLA260213P00305000,305.0,0.22,0.21,0.23,54.0,228.0,0.6777375976562501,False,PUT,2026-02-13,TSLA
TSLA260213P00310000,310.0,0.24,0.24,0.26,90.0,281.0,0.65820654296875,False,PUT,2026-02-13,TSLA
TSLA260213P00315000,315.0,0.29,0.28,0.3,154.0,177.0,0.64062859375,False,PUT,2026-02-13,TSLA
TSLA260213P00320000,320.0,0.33,0.32,0.34,43.0,129.0,0.6215858154296876,False,PUT,2026-02-13,TSLA
TSLA260213P00325000,325.0,0.43,0.37,0.39,78.0,206.0,0.6030313134765627,False,PUT,2026-02-13,TSLA
TSLA260213P00330000,330.0,0.45,0.43,0.45,155.0,3137.0,0.5854533642578125,False,PUT,2026-02-13,TSLA
TSLA260213P00335000,335.0,0.51,0.49,0.52,315.0,424.0,0.5666547241210937,False,PUT,2026-02-13,TSLA
TSLA260213P00340000,340.0,0.6,0.58,0.61,96.0,294.0,0.5502974658203126,False,PUT,2026-02-13,TSLA
TSLA260213P00345000,345.0,0.72,0.7,0.73,111.0,617.0,0.5358933129882812,False,PUT,2026-02-13,TSLA
TSLA260213P00350000,350.0,0.84,0.84,0.87,184.0,1895.0,0.5210008837890624,False,PUT,2026-02-13,TSLA
TSLA260213P00355000,355.0,0.99,0.99,1.01,4118.0,438.0,0.5036670727539063,False,PUT,2026-02-13,TSLA
TSLA260213P00360000,360.0,1.2,1.21,1.24,4337.0,586.0,0.4924367163085938,False,PUT,2026-02-13,TSLA
TSLA260213P00365000,365.0,1.38,1.48,1.52,300.0,570.0,0.4802298071289062,False,PUT,2026-02-13,TSLA
TSLA260213P00370000,370.0,1.8,1.82,1.85,491.0,877.0,0.4674125524902344,False,PUT,2026-02-13,TSLA
TSLA260213P00375000,375.0,2.31,2.26,2.3,688.0,641.0,0.45752495605468757,False,PUT,2026-02-13,TSLA
TSLA260213P00380000,380.0,2.82,2.81,2.85,856.0,862.0,0.4476373596191406,False,PUT,2026-02-13,TSLA
TSLA260213P00385000,385.0,3.54,3.5,3.6,169.0,737.0,0.44165597412109375,False,PUT,2026-02-13,TSLA
TSLA260213P00390000,390.0,4.3,4.35,4.4,387.0,873.0,0.4313411358642578,False,PUT,2026-02-13,TSLA
TSLA260213P00395000,395.0,5.4,5.35,5.45,269.0,1195.0,0.4244442321777344,False,PUT,2026-02-13,TSLA
TSLA260213P00400000,400.0,6.7,6.65,6.8,1513.0,2582.0,0.4209652630615235,False,PUT,2026-02-13,TSLA
TSLA260213P00405000,405.0,8.07,8.1,8.2,1281.0,1204.0,0.41174904663085937,False,PUT,2026-02-13,TSLA
TSLA260213P00410000,410.0,9.82,10.05,10.2,2266.0,1191.0,0.41345801391601555,False,PUT,2026-02-13,TSLA
TSLA260213P00415000,415.0,12.0,11.95,12.1,970.0,719.0,0.4042417974853516,False,PUT,2026-02-13,TSLA
TSLA260213P00420000,420.0,14.02,14.3,14.4,820.0,1519.0,0.39880972290039063,True,PUT,2026-02-13,TSLA
TSLA260213P00425000,425.0,17.15,16.95,17.1,1731.0,1493.0,0.3967345483398438,True,PUT,2026-02-13,TSLA
TSLA260213P00430000,430.0,19.9,19.8,20.0,1221.0,783.0,0.39234006103515623,True,PUT,2026-02-13,TSLA
TSLA260213P00435000,435.0,23.05,23.15,23.3,1037.0,998.0,0.39172971557617187,True,PUT,2026-02-13,TSLA
TSLA260213P00440000,440.0,25.65,26.25,26.5,327.0,1073.0,0.3795228063964844,True,PUT,2026-02-13,TSLA
TSLA260213P00445000,445.0,29.9,30.1,30.4,99.0,2356.0,0.38233039550781245,True,PUT,2026-02-13,TSLA
TSLA260213P00450000,450.0,34.06,33.85,34.1,296.0,651.0,0.36902486450195315,True,PUT,2026-02-13,TSLA
TSLA260213P00455000,455.0,35.34,37.85,38.1,324.0,418.0,0.35718416259765623,True,PUT,2026-02-13,TSLA
TSLA260213P00460000,460.0,41.01,41.5,42.5,221.0,170.0,0.35535312622070303,True,PUT,2026-02-13,TSLA
TSLA260213P00465000,465.0,44.5,45.55,47.0,15.0,128.0,0.3505924316406249,True,PUT,2026-02-13,TSLA
TSLA260213P00470000,470.0,49.05,49.85,51.4,20.0,383.0,0.32227240234374993,True,PUT,2026-02-13,TSLA
TSLA260213P00475000,475.0,55.81,54.7,56.1,59.0,384.0,0.301764794921875,True,PUT,2026-02-13,TSLA
TSLA260213P00480000,480.0,60.4,59.35,60.95,18.0,238.0,0.28321029296874994,True,PUT,2026-02-13,TSLA
TSLA260213P00485000,485.0,65.03,64.1,65.75,26.0,88.0,1.0000000000000003e-05,True,PUT,2026-02-13,TSLA
TSLA260213P00490000,490.0,67.84,68.6,70.45,26.0,126.0,1.0000000000000003e-05,True,PUT,2026-02-13,TSLA
TSLA260213P00495000,495.0,72.31,73.1,75.35,17.0,22.0,1.0000000000000003e-05,True,PUT,2026-02-13,TSLA
TSLA260213P00500000,500.0,81.71,79.15,80.6,2.0,27.0,1.0000000000000003e-05,True,PUT,2026-02-13,TSLA
TSLA260213P00505000,505.0,71.85,83.15,85.15,4.0,12.0,1.0000000000000003e-05,True,PUT,2026-02-13,TSLA
TSLA260213P00510000,510.0,78.12,87.85,90.1,30.0,47.0,1.0000000000000003e-05,True,PUT,2026-02-13,TSLA
TSLA260213P00515000,515.0,77.69,93.4,96.1,4.0,6.0,0.4580132324218751,True,PUT,2026-02-13,TSLA
TSLA260213P00520000,520.0,82.35,98.35,100.4,4.0,10.0,1.0000000000000003e-05,True,PUT,2026-02-13,TSLA
TSLA260213P00525000,525.0,91.79,103.15,105.1,,5.0,1.0000000000000003e-05,True,PUT,2026-02-13,TSLA
TSLA260213P00530000,530.0,108.15,108.4,110.65,1.0,24.0,1.0000000000000003e-05,True,PUT,2026-02-13,TSLA
TSLA260213P00535000,535.0,105.75,113.0,115.95,1.0,4.0,0.471684970703125,True,PUT,2026-02-13,TSLA
TSLA260213P00540000,540.0,100.95,118.0,121.1,23.0,50.0,0.5459029785156251,True,PUT,2026-02-13,TSLA
TSLA260220C00295000,295.0,153.15,125.3,127.65,5.0,183.0,0.9350592431640624,True,CALL,2026-02-20,TSLA
TSLA260220C00300000,300.0,124.0,121.4,122.75,10.0,1407.0,0.9467778759765625,True,CALL,2026-02-20,TSLA
TSLA260220C00305000,305.0,119.98,115.55,117.9,2.0,176.0,0.8825695336914061,True,CALL,2026-02-20,TSLA
TSLA260220C00310000,310.0,113.64,111.45,112.95,6.0,680.0,0.8811047045898437,True,CALL,2026-02-20,TSLA
TSLA260220C00315000,315.0,112.37,106.6,108.0,1.0,34.0,0.8509536389160157,True,CALL,2026-02-20,TSLA
TSLA260220C00320000,320.0,102.75,101.25,102.35,26.0,928.0,0.780275634765625,True,CALL,2026-02-20,TSLA
TSLA260220C00325000,325.0,111.23,96.85,98.25,3.0,75.0,0.7933370275878906,True,CALL,2026-02-20,TSLA
TSLA260220C00330000,330.0,93.68,91.95,93.35,50.0,545.0,0.762697685546875,True,CALL,2026-02-20,TSLA
TSLA260220C00335000,335.0,100.75,87.05,88.45,1.0,87.0,0.7319362744140624,True,CALL,2026-02-20,TSLA
TSLA260220C00340000,340.0,85.96,82.2,83.45,17.0,926.0,0.6995269305419922,True,CALL,2026-02-20,TSLA
TSLA260220C00345000,345.0,84.16,77.4,78.7,3.0,137.0,0.6748079394531252,True,CALL,2026-02-20,TSLA
TSLA260220C00350000,350.0,74.5,72.75,73.5,429.0,2019.0,0.6419103192138673,True,CALL,2026-02-20,TSLA
TSLA260220C00355000,355.0,69.03,67.5,69.1,7.0,153.0,0.6135292553710938,True,CALL,2026-02-20,TSLA
TSLA260220C00360000,360.0,67.15,63.25,64.0,290.0,1670.0,0.5911295770263674,True,CALL,2026-02-20,TSLA
TSLA260220C00365000,365.0,56.57,58.45,59.7,2.0,64.0,0.572391971435547,True,CALL,2026-02-20,TSLA
TSLA260220C00370000,370.0,57.85,54.2,54.9,22.0,1568.0,0.55273884765625,True,CALL,2026-02-20,TSLA
TSLA260220C00375000,375.0,47.0,49.7,50.8,11.0,109.0,0.5390671093750001,True,CALL,2026-02-20,TSLA
TSLA260220C00380000,380.0,48.84,45.7,46.15,83.0,1617.0,0.5216722637939453,True,CALL,2026-02-20,TSLA
TSLA260220C00385000,385.0,41.71,41.55,42.4,26.0,184.0,0.5133105310058592,True,CALL,2026-02-20,TSLA
TSLA260220C00390000,390.0,37.77,37.6,37.85,87.0,1412.0,0.49609878906250005,True,CALL,2026-02-20,TSLA
TSLA260220C00395000,395.0,34.25,33.75,33.95,43.0,244.0,0.4820608435058594,True,CALL,2026-02-20,TSLA
TSLA260220C00400000,400.0,30.45,30.3,30.5,430.0,2929.0,0.47632359619140624,True,CALL,2026-02-20,TSLA
TSLA260220C00405000,405.0,27.1,26.95,27.1,70.0,265.0,0.46735151794433594,True,CALL,2026-02-20,TSLA
TSLA260220C00410000,410.0,24.06,23.8,24.0,276.0,1501.0,0.4613396151733399,True,CALL,2026-02-20,TSLA
TSLA260220C00412500,412.5,23.15,22.35,22.5,33.0,84.0,0.4577690942382813,True,CALL,2026-02-20,TSLA
TSLA260220C00415000,415.0,21.05,21.0,21.15,557.0,713.0,0.45667047241210945,True,CALL,2026-02-20,TSLA
TSLA260220C00417500,417.5,19.67,19.55,19.7,848.0,126.0,0.4519097778320313,True,CALL,2026-02-20,TSLA
TSLA260220C00420000,420.0,18.45,18.25,18.4,4392.0,3429.0,0.4494989132690429,False,CALL,2026-02-20,TSLA
TSLA260220C00422500,422.5,17.4,17.1,17.25,673.0,176.0,0.44946839599609373,False,CALL,2026-02-20,TSLA
TSLA260220C00425000,425.0,15.8,15.75,15.9,1396.0,2683.0,0.44336494140625,False,CALL,2026-02-20,TSLA
TSLA260220C00427500,427.5,14.85,14.75,14.9,339.0,351.0,0.4444025286865234,False,CALL,2026-02-20,TSLA
TSLA260220C00430000,430.0,13.8,13.75,13.85,2957.0,5401.0,0.4429987341308594,False,CALL,2026-02-20,TSLA
TSLA260220C00432500,432.5,13.5,12.7,12.85,2070.0,348.0,0.44159493957519536,False,CALL,2026-02-20,TSLA
TSLA260220C00435000,435.0,12.01,11.85,11.95,2695.0,2585.0,0.4414118359375,False,CALL,2026-02-20,TSLA
TSLA260220C00437500,437.5,11.05,10.95,11.05,286.0,502.0,0.4400080413818359,False,CALL,2026-02-20,TSLA
TSLA260220C00440000,440.0,10.4,9.95,10.05,2591.0,8806.0,0.43478958770751963,False,CALL,2026-02-20,TSLA
TSLA260220C00442500,442.5,9.45,9.3,9.4,214.0,350.0,0.43732252136230465,False,CALL,2026-02-20,TSLA
TSLA260220C00445000,445.0,8.61,8.45,8.55,1096.0,2478.0,0.4334468276977539,False,CALL,2026-02-20,TSLA
TSLA260220C00447500,447.5,7.95,7.9,8.0,355.0,509.0,0.43646803771972653,False,CALL,2026-02-20,TSLA
TSLA260220C00450000,450.0,7.48,7.25,7.3,5365.0,10526.0,0.43420975952148444,False,CALL,2026-02-20,TSLA
TSLA260220C00452500,452.5,6.65,6.65,6.75,243.0,829.0,0.43506424316406256,False,CALL,2026-02-20,TSLA
TSLA260220C00455000,455.0,6.15,6.1,6.2,897.0,2699.0,0.4348201049804688,False,CALL,2026-02-20,TSLA
TSLA260220C00457500,457.5,6.0,5.65,5.7,110.0,328.0,0.4350032086181641,False,CALL,2026-02-20,TSLA
TSLA260220C00460000,460.0,5.2,5.15,5.25,1826.0,5654.0,0.43567458862304687,False,CALL,2026-02-20,TSLA
TSLA260220C00462500,462.5,4.95,4.7,4.75,156.0,232.0,0.4335994140625,False,CALL,2026-02-20,TSLA
TSLA260220C00465000,465.0,4.45,4.35,4.45,1515.0,2704.0,0.43732252136230465,False,CALL,2026-02-20,TSLA
TSLA260220C00470000,470.0,3.65,3.6,3.7,1889.0,4204.0,0.4366511413574219,False,CALL,2026-02-20,TSLA
TSLA260220C00475000,475.0,3.17,3.0,3.05,805.0,6833.0,0.4356135540771484,False,CALL,2026-02-20,TSLA
TSLA260220C00480000,480.0,2.55,2.55,2.57,6011.0,9223.0,0.4379939013671875,False,CALL,2026-02-20,TSLA
TSLA260220C00485000,485.0,2.22,2.14,2.17,910.0,4014.0,0.4408014904785156,False,CALL,2026-02-20,TSLA
TSLA260220C00490000,490.0,1.82,1.8,1.83,2125.0,5853.0,0.4437311486816406,False,CALL,2026-02-20,TSLA
TSLA260220C00495000,495.0,1.53,1.53,1.56,484.0,1379.0,0.44775942871093743,False,CALL,2026-02-20,TSLA
TSLA260220C00500000,500.0,1.33,1.3,1.32,9164.0,21928.0,0.45093322509765627,False,CALL,2026-02-20,TSLA
TSLA260220C00505000,505.0,1.11,1.09,1.11,349.0,2818.0,0.45361874511718747,False,CALL,2026-02-20,TSLA
TSLA260220C00510000,510.0,0.96,0.93,0.95,4446.0,3551.0,0.4580132324218751,False,CALL,2026-02-20,TSLA
TSLA260220C00515000,515.0,0.81,0.8,0.82,546.0,1487.0,0.46289599609375004,False,CALL,2026-02-20,TSLA
TSLA260220C00520000,520.0,0.72,0.71,0.74,753.0,7251.0,0.47119669433593747,False,CALL,2026-02-20,TSLA
TSLA260220C00525000,525.0,0.61,0.6,0.62,199.0,2095.0,0.4733939379882813,False,CALL,2026-02-20,TSLA
TSLA260220C00530000,530.0,0.53,0.53,0.55,479.0,2222.0,0.47998566894531247,False,CALL,2026-02-20,TSLA
TSLA260220C00535000,535.0,0.48,0.46,0.48,227.0,1555.0,0.4848684326171875,False,CALL,2026-02-20,TSLA
TSLA260220C00540000,540.0,0.41,0.4,0.42,242.0,2249.0,0.4899953344726563,False,CALL,2026-02-20,TSLA
TSLA260220P00295000,295.0,0.33,0.33,0.35,43.0,3888.0,0.6552768847656252,False,PUT,2026-02-20,TSLA
TSLA260220P00300000,300.0,0.38,0.37,0.39,256.0,11943.0,0.6381872119140625,False,PUT,2026-02-20,TSLA
TSLA260220P00305000,305.0,0.43,0.42,0.44,76.0,1241.0,0.6218299536132813,False,PUT,2026-02-20,TSLA
TSLA260220P00310000,310.0,0.48,0.47,0.49,79.0,4048.0,0.6044961425781252,False,PUT,2026-02-20,TSLA
TSLA260220P00315000,315.0,0.56,0.53,0.56,53.0,3690.0,0.5883830224609375,False,PUT,2026-02-20,TSLA
TSLA260220P00320000,320.0,0.63,0.6,0.62,466.0,7435.0,0.5712933496093751,False,PUT,2026-02-20,TSLA
TSLA260220P00325000,325.0,0.71,0.69,0.71,121.0,1311.0,0.5566450585937501,False,PUT,2026-02-20,TSLA
TSLA260220P00330000,330.0,0.81,0.79,0.82,147.0,7210.0,0.5419967675781252,False,PUT,2026-02-20,TSLA
TSLA260220P00335000,335.0,0.92,0.92,0.95,80.0,4891.0,0.5283250292968751,False,PUT,2026-02-20,TSLA
TSLA260220P00340000,340.0,1.06,1.07,1.09,250.0,3303.0,0.5141650146484374,False,PUT,2026-02-20,TSLA
TSLA260220P00345000,345.0,1.16,1.24,1.26,64.0,1822.0,0.5002491381835938,False,PUT,2026-02-20,TSLA
TSLA260220P00350000,350.0,1.44,1.46,1.48,1504.0,10619.0,0.4887746435546876,False,PUT,2026-02-20,TSLA
TSLA260220P00355000,355.0,1.7,1.71,1.74,136.0,5994.0,0.4764456652832031,False,PUT,2026-02-20,TSLA
TSLA260220P00360000,360.0,2.03,2.03,2.06,734.0,7493.0,0.46521530883789064,False,PUT,2026-02-20,TSLA
TSLA260220P00365000,365.0,2.51,2.42,2.46,241.0,1882.0,0.45508357421875,False,PUT,2026-02-20,TSLA
TSLA260220P00370000,370.0,2.94,2.9,2.94,757.0,4188.0,0.4454401159667969,False,PUT,2026-02-20,TSLA
TSLA260220P00375000,375.0,3.48,3.5,3.55,968.0,11505.0,0.4376276940917969,False,PUT,2026-02-20,TSLA
TSLA260220P00380000,380.0,4.23,4.2,4.3,1050.0,5530.0,0.4309749285888672,False,PUT,2026-02-20,TSLA
TSLA260220P00385000,385.0,5.15,5.1,5.2,1244.0,2520.0,0.4249935430908204,False,PUT,2026-02-20,TSLA
TSLA260220P00390000,390.0,6.12,6.05,6.15,2120.0,4656.0,0.4158993957519531,False,PUT,2026-02-20,TSLA
TSLA260220P00395000,395.0,7.32,7.3,7.4,626.0,2443.0,0.41116921844482424,False,PUT,2026-02-20,TSLA
TSLA260220P00400000,400.0,8.6,8.65,8.75,13334.0,11007.0,0.4039976593017578,False,PUT,2026-02-20,TSLA
TSLA260220P00405000,405.0,10.35,10.45,10.55,437.0,2486.0,0.4034178311157227,False,PUT,2026-02-20,TSLA
TSLA260220P00410000,410.0,12.17,12.25,12.4,1592.0,5031.0,0.39838248107910157,False,PUT,2026-02-20,TSLA
TSLA260220P00412500,412.5,13.19,13.25,13.4,366.0,215.0,0.39560540924072274,False,PUT,2026-02-20,TSLA
TSLA260220P00415000,415.0,14.43,14.35,14.5,1324.0,1951.0,0.39386592468261716,False,PUT,2026-02-20,TSLA
TSLA260220P00417500,417.5,15.55,15.45,15.65,456.0,419.0,0.3919128192138671,False,PUT,2026-02-20,TSLA
TSLA260220P00420000,420.0,16.76,16.75,16.85,3413.0,9625.0,0.3897155755615235,True,PUT,2026-02-20,TSLA
TSLA260220P00422500,422.5,17.9,17.95,18.05,342.0,1072.0,0.38611453735351553,True,PUT,2026-02-20,TSLA
TSLA260220P00425000,425.0,19.05,19.2,19.35,2442.0,3023.0,0.3834290173339844,True,PUT,2026-02-20,TSLA
TSLA260220P00427500,427.5,19.9,20.6,20.8,334.0,1204.0,0.3828797064208984,True,PUT,2026-02-20,TSLA
TSLA260220P00430000,430.0,21.89,22.25,22.4,5724.0,7189.0,0.3845276391601562,True,PUT,2026-02-20,TSLA
TSLA260220P00432500,432.5,23.45,23.55,23.75,201.0,2127.0,0.3786072882080078,True,PUT,2026-02-20,TSLA
TSLA260220P00435000,435.0,25.0,25.1,25.3,892.0,3624.0,0.37613538909912114,True,PUT,2026-02-20,TSLA
TSLA260220P00437500,437.5,26.6,26.8,27.0,144.0,502.0,0.375982802734375,True,PUT,2026-02-20,TSLA
TSLA260220P00440000,440.0,28.29,28.35,28.55,3167.0,6144.0,0.3704286590576171,True,PUT,2026-02-20,TSLA
TSLA260220P00442500,442.5,27.89,30.15,30.35,55.0,131.0,0.37000141723632807,True,PUT,2026-02-20,TSLA
TSLA260220P00445000,445.0,31.17,31.9,32.1,194.0,3069.0,0.3667055517578125,True,PUT,2026-02-20,TSLA
TSLA260220P00447500,447.5,32.4,33.75,34.0,61.0,520.0,0.36615624084472653,True,PUT,2026-02-20,TSLA
TSLA260220P00450000,450.0,35.55,35.65,35.85,624.0,6521.0,0.36261623718261715,True,PUT,2026-02-20,TSLA
TSLA260220P00452500,452.5,36.78,37.75,38.0,56.0,118.0,0.36713279357910156,True,PUT,2026-02-20,TSLA
TSLA260220P00455000,455.0,39.71,39.5,39.8,158.0,1349.0,0.35864899169921877,True,PUT,2026-02-20,TSLA
TSLA260220P00457500,457.5,44.65,41.45,41.75,10.0,103.0,0.35321691711425773,True,PUT,2026-02-20,TSLA
TSLA260220P00460000,460.0,42.0,43.55,43.85,229.0,3826.0,0.35156898437499995,True,PUT,2026-02-20,TSLA
TSLA260220P00462500,462.5,46.23,45.5,45.8,47.0,118.0,0.3417424224853516,True,PUT,2026-02-20,TSLA
TSLA260220P00465000,465.0,46.78,47.25,48.35,38.0,1007.0,0.3566958862304687,True,PUT,2026-02-20,TSLA
TSLA260220P00470000,470.0,50.92,51.4,52.7,35.0,1829.0,0.34961587890624996,True,PUT,2026-02-20,TSLA
TSLA260220P00475000,475.0,55.23,55.85,57.1,21.0,1496.0,0.3364324169921875,True,PUT,2026-02-20,TSLA
TSLA260220P00480000,480.0,58.0,60.25,61.35,18.0,2656.0,0.2898020239257812,True,PUT,2026-02-20,TSLA
TSLA260220P00485000,485.0,64.48,65.1,67.0,4.0,826.0,0.3707338317871094,True,PUT,2026-02-20,TSLA
TSLA260220P00490000,490.0,68.92,69.6,71.15,26.0,1450.0,0.2915109912109374,True,PUT,2026-02-20,TSLA
TSLA260220P00495000,495.0,74.77,73.95,75.95,11.0,269.0,1.0000000000000003e-05,True,PUT,2026-02-20,TSLA
TSLA260220P00500000,500.0,79.0,79.15,80.6,68.0,3466.0,1.0000000000000003e-05,True,PUT,2026-02-20,TSLA
TSLA260220P00505000,505.0,79.9,83.9,85.85,20.0,213.0,1.0000000000000003e-05,True,PUT,2026-02-20,TSLA
TSLA260220P00510000,510.0,89.0,88.75,90.8,112.0,304.0,1.0000000000000003e-05,True,PUT,2026-02-20,TSLA
TSLA260220P00515000,515.0,79.35,93.55,95.7,2.0,205.0,1.0000000000000003e-05,True,PUT,2026-02-20,TSLA
TSLA260220P00520000,520.0,95.3,98.3,100.4,2.0,210.0,1.0000000000000003e-05,True,PUT,2026-02-20,TSLA
TSLA260220P00525000,525.0,110.0,103.45,105.25,211.0,442.0,1.0000000000000003e-05,True,PUT,2026-02-20,TSLA
TSLA260220P00530000,530.0,99.85,108.4,110.45,11.0,136.0,1.0000000000000003e-05,True,PUT,2026-02-20,TSLA
TSLA260220P00535000,535.0,104.7,113.3,115.45,2.0,91.0,1.0000000000000003e-05,True,PUT,2026-02-20,TSLA
TSLA260220P00540000,540.0,106.6,118.3,120.4,5.0,227.0,1.0000000000000003e-05,True,PUT,2026-02-20,TSLA
TSLA260227C00295000,295.0,127.5,125.95,128.6,3.0,3.0,0.8757336645507812,True,CALL,2026-02-27,TSLA
TSLA260227C00300000,300.0,134.55,121.55,124.0,3.0,14.0,0.8734143518066406,True,CALL,2026-02-27,TSLA
TSLA260227C00305000,305.0,131.78,116.7,118.35,2.0,3.0,0.8243425769042967,True,CALL,2026-02-27,TSLA
TSLA260227C00310000,310.0,124.6,111.8,113.85,1.0,8.0,0.8084735949707031,True,CALL,2026-02-27,TSLA
TSLA260227C00320000,320.0,97.9,102.15,104.4,2.0,4.0,0.7655052746582032,True,CALL,2026-02-27,TSLA
TSLA260227C00325000,325.0,124.05,97.3,98.85,6.0,8.0,0.7220486779785156,True,CALL,2026-02-27,TSLA
TSLA260227C00330000,330.0,93.76,92.55,94.05,3.0,30.0,0.7000762414550781,True,CALL,2026-02-27,TSLA
TSLA260227C00335000,335.0,106.29,87.0,89.15,1.0,92.0,0.6564975756835938,True,CALL,2026-02-27,TSLA
TSLA260227C00340000,340.0,98.5,83.2,84.4,5.0,63.0,0.6563755065917969,True,CALL,2026-02-27,TSLA
TSLA260227C00345000,345.0,93.5,78.1,79.55,3.0,83.0,0.624149266357422,True,CALL,2026-02-27,TSLA
TSLA260227C00350000,350.0,74.65,73.8,74.9,11.0,76.0,0.6118202880859377,True,CALL,2026-02-27,TSLA
TSLA260227C00355000,355.0,81.9,69.2,70.3,3.0,20.0,0.5929606134033205,True,CALL,2026-02-27,TSLA
TSLA260227C00360000,360.0,67.45,64.6,65.75,1.0,12.0,0.573673696899414,True,CALL,2026-02-27,TSLA
TSLA260227C00365000,365.0,65.65,60.1,61.2,3.0,20.0,0.5547529876708985,True,CALL,2026-02-27,TSLA
TSLA260227C00370000,370.0,57.6,55.95,56.55,77.0,31.0,0.5382736602783205,True,CALL,2026-02-27,TSLA
TSLA260227C00375000,375.0,51.5,51.6,52.65,20.0,49.0,0.5279588220214844,True,CALL,2026-02-27,TSLA
TSLA260227C00380000,380.0,50.0,47.05,47.95,18.0,115.0,0.5013477600097658,True,CALL,2026-02-27,TSLA
TSLA260227C00385000,385.0,43.75,43.55,44.6,15.0,69.0,0.5050098327636718,True,CALL,2026-02-27,TSLA
TSLA260227C00390000,390.0,41.6,39.45,40.15,13.0,66.0,0.49207050903320315,True,CALL,2026-02-27,TSLA
TSLA260227C00395000,395.0,36.33,36.15,37.05,21.0,58.0,0.49597671997070314,True,CALL,2026-02-27,TSLA
TSLA260227C00400000,400.0,32.65,32.85,33.1,135.0,148.0,0.47650669982910154,True,CALL,2026-02-27,TSLA
TSLA260227C00405000,405.0,30.05,29.55,29.75,71.0,68.0,0.4676566906738281,True,CALL,2026-02-27,TSLA
TSLA260227C00410000,410.0,27.85,26.5,26.7,63.0,163.0,0.46188892608642584,True,CALL,2026-02-27,TSLA
TSLA260227C00415000,415.0,24.4,23.75,23.95,403.0,107.0,0.458837198791504,True,CALL,2026-02-27,TSLA
TSLA260227C00420000,420.0,21.28,21.2,21.35,850.0,201.0,0.4551751260375977,False,CALL,2026-02-27,TSLA
TSLA260227C00425000,425.0,18.94,18.7,18.85,1041.0,386.0,0.4498651205444336,False,CALL,2026-02-27,TSLA
TSLA260227C00430000,430.0,16.4,16.6,16.75,559.0,563.0,0.4491632232666015,False,CALL,2026-02-27,TSLA
TSLA260227C00435000,435.0,14.75,14.45,14.6,645.0,1123.0,0.44360907958984375,False,CALL,2026-02-27,TSLA
TSLA260227C00440000,440.0,12.9,12.8,12.9,495.0,1576.0,0.4440363214111328,False,CALL,2026-02-27,TSLA
TSLA260227C00445000,445.0,11.1,11.2,11.3,343.0,723.0,0.4430597686767578,False,CALL,2026-02-27,TSLA
TSLA260227C00450000,450.0,9.8,9.75,9.85,969.0,1369.0,0.4419916641235352,False,CALL,2026-02-27,TSLA
TSLA260227C00455000,455.0,8.42,8.4,8.55,226.0,435.0,0.4409540768432617,False,CALL,2026-02-27,TSLA
TSLA260227C00460000,460.0,7.35,7.3,7.45,627.0,545.0,0.4415339050292969,False,CALL,2026-02-27,TSLA
TSLA260227C00465000,465.0,6.27,6.3,6.4,229.0,356.0,0.4400995932006836,False,CALL,2026-02-27,TSLA
TSLA260227C00470000,470.0,5.55,5.4,5.5,412.0,637.0,0.4395197650146484,False,CALL,2026-02-27,TSLA
TSLA260227C00475000,475.0,4.76,4.65,4.8,263.0,414.0,0.4419001123046875,False,CALL,2026-02-27,TSLA
TSLA260227C00480000,480.0,4.14,4.0,4.15,696.0,771.0,0.44312080322265623,False,CALL,2026-02-27,TSLA
TSLA260227C00485000,485.0,3.5,3.5,3.6,230.0,406.0,0.44507390869140623,False,CALL,2026-02-27,TSLA
TSLA260227C00490000,490.0,3.09,3.0,3.1,626.0,718.0,0.446294599609375,False,CALL,2026-02-27,TSLA
TSLA260227C00495000,495.0,2.66,2.6,2.65,868.0,918.0,0.4467828759765625,False,CALL,2026-02-27,TSLA
TSLA260227C00500000,500.0,2.27,2.25,2.27,1690.0,2132.0,0.44788149780273434,False,CALL,2026-02-27,TSLA
TSLA260227C00505000,505.0,1.99,1.95,1.98,131.0,472.0,0.4510552941894531,False,CALL,2026-02-27,TSLA
TSLA260227C00510000,510.0,1.68,1.68,1.71,222.0,741.0,0.45313046875,False,CALL,2026-02-27,TSLA
TSLA260227C00515000,515.0,1.55,1.48,1.51,76.0,196.0,0.45752495605468757,False,CALL,2026-02-27,TSLA
TSLA260227C00520000,520.0,1.35,1.31,1.34,338.0,673.0,0.4621635815429688,False,CALL,2026-02-27,TSLA
TSLA260227C00525000,525.0,1.2,1.12,1.15,50.0,330.0,0.46362841064453125,False,CALL,2026-02-27,TSLA
TSLA260227C00530000,530.0,1.0,1.01,1.04,166.0,606.0,0.46973186523437505,False,CALL,2026-02-27,TSLA
TSLA260227C00535000,535.0,0.9,0.88,0.91,102.0,206.0,0.47290566162109376,False,CALL,2026-02-27,TSLA
TSLA260227C00540000,540.0,0.9,0.79,0.82,87.0,685.0,0.47827670166015623,False,CALL,2026-02-27,TSLA
TSLA260227P00295000,295.0,0.72,0.54,0.57,125.0,40.0,0.6181678808593751,False,PUT,2026-02-27,TSLA
TSLA260227P00300000,300.0,0.6,0.6,0.63,119.0,594.0,0.6022988989257814,False,PUT,2026-02-27,TSLA
TSLA260227P00305000,305.0,0.96,0.68,0.71,3.0,78.0,0.5883830224609375,False,PUT,2026-02-27,TSLA
TSLA260227P00310000,310.0,0.77,0.77,0.8,396.0,73.0,0.5747112841796875,False,PUT,2026-02-27,TSLA
TSLA260227P00315000,315.0,0.89,0.86,0.9,14.0,80.0,0.5600629931640625,False,PUT,2026-02-27,TSLA
TSLA260227P00320000,320.0,1.02,0.97,1.01,30.0,100.0,0.5461471166992189,False,PUT,2026-02-27,TSLA
TSLA260227P00325000,325.0,1.1,1.08,1.13,92.0,165.0,0.5310105493164063,False,PUT,2026-02-27,TSLA
TSLA260227P00330000,330.0,1.33,1.25,1.29,77.0,174.0,0.5192919165039063,False,PUT,2026-02-27,TSLA
TSLA260227P00335000,335.0,1.37,1.43,1.47,97.0,131.0,0.5067188000488281,False,PUT,2026-02-27,TSLA
TSLA260227P00340000,340.0,1.61,1.66,1.7,70.0,400.0,0.4973194799804688,False,PUT,2026-02-27,TSLA
TSLA260227P00345000,345.0,2.05,1.9,1.95,48.0,205.0,0.4854787780761719,False,PUT,2026-02-27,TSLA
TSLA260227P00350000,350.0,2.26,2.21,2.26,332.0,1103.0,0.4749808361816406,False,PUT,2026-02-27,TSLA
TSLA260227P00355000,355.0,2.58,2.59,2.65,53.0,781.0,0.4660697924804688,False,PUT,2026-02-27,TSLA
TSLA260227P00360000,360.0,3.05,2.98,3.05,155.0,610.0,0.45483943603515625,False,PUT,2026-02-27,TSLA
TSLA260227P00365000,365.0,3.55,3.5,3.6,140.0,317.0,0.44739322143554683,False,PUT,2026-02-27,TSLA
TSLA260227P00370000,370.0,4.25,4.2,4.3,242.0,522.0,0.44220528503417966,False,PUT,2026-02-27,TSLA
TSLA260227P00375000,375.0,4.95,4.95,5.05,297.0,453.0,0.435125277709961,False,PUT,2026-02-27,TSLA
TSLA260227P00380000,380.0,5.82,5.8,5.9,637.0,1186.0,0.42767906311035164,False,PUT,2026-02-27,TSLA
TSLA260227P00385000,385.0,6.82,6.8,6.95,449.0,729.0,0.42249112670898437,False,PUT,2026-02-27,TSLA
TSLA260227P00390000,390.0,7.95,7.95,8.1,423.0,758.0,0.4161435339355468,False,PUT,2026-02-27,TSLA
TSLA260227P00395000,395.0,9.25,9.35,9.45,170.0,510.0,0.41095559753417965,False,PUT,2026-02-27,TSLA
TSLA260227P00400000,400.0,11.07,10.9,11.05,1058.0,1153.0,0.4076597320556641,False,PUT,2026-02-27,TSLA
TSLA260227P00405000,405.0,12.7,12.7,12.85,176.0,706.0,0.4046080047607422,False,PUT,2026-02-27,TSLA
TSLA260227P00410000,410.0,15.0,14.6,14.75,245.0,765.0,0.3994811029052735,False,PUT,2026-02-27,TSLA
TSLA260227P00415000,415.0,16.8,16.75,16.95,353.0,341.0,0.3965514447021484,False,PUT,2026-02-27,TSLA
TSLA260227P00420000,420.0,19.59,19.15,19.3,769.0,867.0,0.3924010955810546,True,PUT,2026-02-27,TSLA
TSLA260227P00425000,425.0,21.85,21.9,22.15,409.0,668.0,0.3943542010498047,True,PUT,2026-02-27,TSLA
TSLA260227P00430000,430.0,23.71,24.55,24.75,395.0,512.0,0.3866943655395507,True,PUT,2026-02-27,TSLA
TSLA260227P00435000,435.0,27.73,27.55,27.8,240.0,695.0,0.3841614318847656,True,PUT,2026-02-27,TSLA
TSLA260227P00440000,440.0,30.98,30.85,31.1,631.0,1276.0,0.38281867187499996,True,PUT,2026-02-27,TSLA
TSLA260227P00445000,445.0,32.97,34.1,34.4,542.0,304.0,0.3770203900146484,True,PUT,2026-02-27,TSLA
TSLA260227P00450000,450.0,37.24,37.75,38.0,304.0,560.0,0.37375504180908203,True,PUT,2026-02-27,TSLA
TSLA260227P00455000,455.0,40.96,40.7,41.9,719.0,334.0,0.3738465936279296,True,PUT,2026-02-27,TSLA
TSLA260227P00460000,460.0,45.11,44.35,45.7,23.0,188.0,0.3667055517578125,True,PUT,2026-02-27,TSLA
TSLA260227P00465000,465.0,47.54,48.5,49.75,25.0,87.0,0.36200589172363284,True,PUT,2026-02-27,TSLA
TSLA260227P00470000,470.0,52.55,52.9,54.65,217.0,121.0,0.3821472918701171,True,PUT,2026-02-27,TSLA
TSLA260227P00475000,475.0,56.38,57.15,59.1,212.0,106.0,0.38495488098144526,True,PUT,2026-02-27,TSLA
TSLA260227P00480000,480.0,66.8,61.55,63.6,37.0,86.0,0.38660281372070304,True,PUT,2026-02-27,TSLA
TSLA260227P00485000,485.0,66.25,65.55,67.3,2.0,81.0,0.34326828613281246,True,PUT,2026-02-27,TSLA
TSLA260227P00490000,490.0,60.82,70.45,72.8,2.0,54.0,0.3891662646484375,True,PUT,2026-02-27,TSLA
TSLA260227P00495000,495.0,70.76,74.65,76.45,1.0,35.0,0.3117744604492187,True,PUT,2026-02-27,TSLA
TSLA260227P00500000,500.0,80.34,79.3,81.2,112.0,46.0,0.2924875439453124,True,PUT,2026-02-27,TSLA
TSLA260227P00505000,505.0,73.75,84.05,85.95,1.0,36.0,1.0000000000000003e-05,True,PUT,2026-02-27,TSLA
TSLA260227P00510000,510.0,93.6,88.8,90.8,2.0,13.0,1.0000000000000003e-05,True,PUT,2026-02-27,TSLA
TSLA260227P00515000,515.0,94.8,93.7,95.6,20.0,10.0,1.0000000000000003e-05,True,PUT,2026-02-27,TSLA
TSLA260227P00520000,520.0,87.85,98.35,100.6,3.0,4.0,1.0000000000000003e-05,True,PUT,2026-02-27,TSLA
TSLA260227P00525000,525.0,93.83,103.2,105.5,2.0,3.0,1.0000000000000003e-05,True,PUT,2026-02-27,TSLA
TSLA260227P00530000,530.0,98.53,108.85,110.65,2.0,4.0,1.0000000000000003e-05,True,PUT,2026-02-27,TSLA
TSLA260227P00535000,535.0,101.97,113.25,116.25,1.0,2.0,0.3947814428710938,True,PUT,2026-02-27,TSLA
TSLA260227P00540000,540.0,105.9,118.2,120.8,2.0,4.0,1.0000000000000003e-05,True,PUT,2026-02-27,TSLA
TSLA260306C00300000,300.0,120.05,121.15,123.9,1.0,2.0,0.7725852819824219,True,CALL,2026-03-06,TSLA
TSLA260306C00355000,355.0,74.13,70.35,71.7,1.0,14.0,0.5745281805419922,True,CALL,2026-03-06,TSLA
TSLA260306C00360000,360.0,82.74,65.25,67.1,3.0,14.0,0.547001600341797,True,CALL,2026-03-06,TSLA
TSLA260306C00375000,375.0,53.63,53.35,54.55,3.0,7.0,0.5218553674316406,True,CALL,2026-03-06,TSLA
TSLA260306C00390000,390.0,44.21,41.45,42.8,9.0,14.0,0.5011341390991212,True,CALL,2026-03-06,TSLA
TSLA260306C00395000,395.0,37.76,38.4,39.35,6.0,7.0,0.49481706359863287,True,CALL,2026-03-06,TSLA
TSLA260306C00400000,400.0,36.17,35.2,35.55,70.0,14.0,0.478795495300293,True,CALL,2026-03-06,TSLA
TSLA260306C00410000,410.0,30.1,29.0,29.35,26.0,22.0,0.46698531066894533,True,CALL,2026-03-06,TSLA
TSLA260306C00415000,415.0,26.7,26.3,26.65,133.0,24.0,0.4643608251953125,True,CALL,2026-03-06,TSLA
TSLA260306C00420000,420.0,23.83,23.65,23.95,365.0,56.0,0.4587761642456055,False,CALL,2026-03-06,TSLA
TSLA260306C00425000,425.0,21.4,21.35,21.65,251.0,19.0,0.45770805969238293,False,CALL,2026-03-06,TSLA
TSLA260306C00430000,430.0,19.75,19.05,19.35,153.0,186.0,0.45361874511718747,False,CALL,2026-03-06,TSLA
TSLA260306C00435000,435.0,17.3,17.0,17.3,114.0,270.0,0.4512994323730469,False,CALL,2026-03-06,TSLA
TSLA260306C00440000,440.0,15.11,15.2,15.5,106.0,209.0,0.4508111560058594,False,CALL,2026-03-06,TSLA
TSLA260306C00445000,445.0,13.6,13.45,13.7,137.0,110.0,0.44742373870849605,False,CALL,2026-03-06,TSLA
TSLA260306C00450000,450.0,11.9,11.9,12.1,321.0,174.0,0.44507390869140623,False,CALL,2026-03-06,TSLA
TSLA260306C00455000,455.0,10.65,10.6,10.85,28.0,34.0,0.4472101177978516,False,CALL,2026-03-06,TSLA
TSLA260306C00460000,460.0,9.53,9.4,9.6,79.0,180.0,0.4467523587036133,False,CALL,2026-03-06,TSLA
TSLA260306C00465000,465.0,8.8,8.1,8.35,286.0,88.0,0.44348701049804684,False,CALL,2026-03-06,TSLA
TSLA260306C00470000,470.0,7.2,7.2,7.4,176.0,104.0,0.4446161495971679,False,CALL,2026-03-06,TSLA
TSLA260306C00475000,475.0,6.3,6.3,6.45,96.0,105.0,0.4431818377685547,False,CALL,2026-03-06,TSLA
TSLA260306C00480000,480.0,5.7,5.5,5.7,186.0,198.0,0.4445245977783203,False,CALL,2026-03-06,TSLA
TSLA260306C00485000,485.0,4.9,4.9,5.05,237.0,55.0,0.44647770324707037,False,CALL,2026-03-06,TSLA
TSLA260306C00490000,490.0,4.4,4.25,4.4,100.0,386.0,0.4461725305175781,False,CALL,2026-03-06,TSLA
TSLA260306C00495000,495.0,4.3,3.8,3.95,64.0,555.0,0.450200810546875,False,CALL,2026-03-06,TSLA
TSLA260306C00500000,500.0,3.35,3.35,3.5,908.0,355.0,0.45252012329101565,False,CALL,2026-03-06,TSLA
TSLA260306C00505000,505.0,3.17,2.91,3.0,244.0,55.0,0.45075012145996096,False,CALL,2026-03-06,TSLA
TSLA260306C00510000,510.0,2.67,2.58,2.67,127.0,203.0,0.4537408142089844,False,CALL,2026-03-06,TSLA
TSLA260306C00515000,515.0,2.28,2.31,2.39,201.0,174.0,0.45740288696289066,False,CALL,2026-03-06,TSLA
TSLA260306C00520000,520.0,2.1,2.02,2.09,158.0,198.0,0.4583794396972657,False,CALL,2026-03-06,TSLA
TSLA260306C00525000,525.0,1.85,1.82,1.9,45.0,52.0,0.4635063415527344,False,CALL,2026-03-06,TSLA
TSLA260306C00530000,530.0,1.86,1.58,1.64,480.0,455.0,0.46326220336914065,False,CALL,2026-03-06,TSLA
TSLA260306C00535000,535.0,1.74,1.44,1.5,82.0,49.0,0.4686332434082031,False,CALL,2026-03-06,TSLA
TSLA260306C00540000,540.0,1.33,1.27,1.32,332.0,404.0,0.47022014160156256,False,CALL,2026-03-06,TSLA
TSLA260306P00295000,295.0,1.0,0.79,0.84,15.0,16.0,0.5932657861328126,False,PUT,2026-03-06,TSLA
TSLA260306P00300000,300.0,0.92,0.87,0.94,95.0,63.0,0.5795940478515625,False,PUT,2026-03-06,TSLA
TSLA260306P00305000,305.0,0.99,0.98,1.03,2.0,34.0,0.5659223095703125,False,PUT,2026-03-06,TSLA
TSLA260306P00310000,310.0,1.18,1.1,1.16,44.0,29.0,0.5534712622070312,False,PUT,2026-03-06,TSLA
TSLA260306P00320000,320.0,1.46,1.37,1.44,39.0,25.0,0.5273484765625001,False,PUT,2026-03-06,TSLA
TSLA260306P00330000,330.0,1.85,1.77,1.84,31.0,24.0,0.5048877636718749,False,PUT,2026-03-06,TSLA
TSLA260306P00335000,335.0,2.14,2.02,2.09,99.0,68.0,0.49646499633789065,False,PUT,2026-03-06,TSLA
TSLA260306P00340000,340.0,2.38,2.3,2.39,47.0,124.0,0.4865773999023438,False,PUT,2026-03-06,TSLA
TSLA260306P00345000,345.0,2.81,2.65,2.74,131.0,86.0,0.4771780798339844,False,PUT,2026-03-06,TSLA
TSLA260306P00350000,350.0,3.08,3.05,3.15,115.0,252.0,0.4683891052246094,False,PUT,2026-03-06,TSLA
TSLA260306P00355000,355.0,3.61,3.5,3.6,83.0,197.0,0.45892875061035165,False,PUT,2026-03-06,TSLA
TSLA260306P00360000,360.0,4.2,4.05,4.25,189.0,154.0,0.4544732287597656,False,PUT,2026-03-06,TSLA
TSLA260306P00365000,365.0,4.9,4.65,4.8,60.0,103.0,0.443792183227539,False,PUT,2026-03-06,TSLA
TSLA260306P00370000,370.0,5.4,5.4,5.6,133.0,213.0,0.4385432122802735,False,PUT,2026-03-06,TSLA
TSLA260306P00375000,375.0,6.55,6.4,6.6,56.0,147.0,0.4358576922607422,False,PUT,2026-03-06,TSLA
TSLA260306P00380000,380.0,7.61,7.35,7.5,289.0,292.0,0.4272518212890626,False,PUT,2026-03-06,TSLA
TSLA260306P00385000,385.0,8.15,8.6,8.8,373.0,492.0,0.42566492309570314,False,PUT,2026-03-06,TSLA
TSLA260306P00390000,390.0,10.0,9.85,10.1,232.0,448.0,0.4205990557861329,False,PUT,2026-03-06,TSLA
TSLA260306P00395000,395.0,11.4,11.3,11.55,88.0,191.0,0.41559422302246096,False,PUT,2026-03-06,TSLA
TSLA260306P00400000,400.0,12.7,13.0,13.25,276.0,429.0,0.412542495727539,False,PUT,2026-03-06,TSLA
TSLA260306P00405000,405.0,15.18,14.8,15.05,107.0,72.0,0.40811749114990237,False,PUT,2026-03-06,TSLA
TSLA260306P00410000,410.0,16.5,16.85,17.1,156.0,158.0,0.4051878329467773,False,PUT,2026-03-06,TSLA
TSLA260306P00415000,415.0,17.7,19.0,19.3,82.0,78.0,0.40167834655761714,False,PUT,2026-03-06,TSLA
TSLA260306P00420000,420.0,21.5,21.55,21.85,324.0,115.0,0.4012816220092773,True,PUT,2026-03-06,TSLA
TSLA260306P00425000,425.0,23.99,23.95,24.3,236.0,110.0,0.3955748919677735,True,PUT,2026-03-06,TSLA
TSLA260306P00430000,430.0,27.23,26.75,27.1,181.0,504.0,0.3929504064941406,True,PUT,2026-03-06,TSLA
TSLA260306P00435000,435.0,29.9,29.85,30.25,47.0,607.0,0.393560751953125,True,PUT,2026-03-06,TSLA
TSLA260306P00440000,440.0,33.33,32.85,33.2,22.0,85.0,0.3868164346313476,True,PUT,2026-03-06,TSLA
TSLA260306P00445000,445.0,36.15,36.2,36.6,7.0,244.0,0.38550419189453117,True,PUT,2026-03-06,TSLA
TSLA260306P00450000,450.0,39.37,39.7,40.1,19.0,226.0,0.3828797064208984,True,PUT,2026-03-06,TSLA
TSLA260306P00455000,455.0,46.08,43.3,43.7,2.0,45.0,0.37888194366455075,True,PUT,2026-03-06,TSLA
TSLA260306P00460000,460.0,46.17,46.45,47.5,14.0,4.0,0.37589125091552733,True,PUT,2026-03-06,TSLA
TSLA260306P00465000,465.0,49.7,50.3,51.75,402.0,22.0,0.38086556640624997,True,PUT,2026-03-06,TSLA
TSLA260306P00470000,470.0,53.7,54.05,55.5,445.0,197.0,0.36926900268554685,True,PUT,2026-03-06,TSLA
TSLA260306P00475000,475.0,55.55,58.35,59.65,1.0,2.0,0.36463037719726565,True,PUT,2026-03-06,TSLA
TSLA260306P00480000,480.0,59.9,62.75,64.7,6.0,7.0,0.386175571899414,True,PUT,2026-03-06,TSLA
TSLA260306P00490000,490.0,72.0,71.5,72.85,1.0,10.0,0.35278967529296873,True,PUT,2026-03-06,TSLA
TSLA260306P00495000,495.0,72.9,75.7,77.35,3.0,2.0,0.3441227697753906,True,PUT,2026-03-06,TSLA
TSLA260320C00295000,295.0,134.68,128.4,129.4,3.0,132.0,0.7467676690673828,True,CALL,2026-03-20,TSLA
TSLA260320C00300000,300.0,124.94,123.55,124.3,69.0,3111.0,0.7199735034179688,True,CALL,2026-03-20,TSLA
TSLA260320C00305000,305.0,122.3,118.8,119.7,1.0,276.0,0.7053862469482424,True,CALL,2026-03-20,TSLA
TSLA260320C00310000,310.0,116.4,114.05,114.85,8.0,815.0,0.6853669158935547,True,CALL,2026-03-20,TSLA
TSLA260320C00315000,315.0,109.9,108.95,109.9,15.0,305.0,0.6570468865966796,True,CALL,2026-03-20,TSLA
TSLA260320C00320000,320.0,106.64,104.5,105.15,2.0,3433.0,0.6439244592285156,True,CALL,2026-03-20,TSLA
TSLA260320C00325000,325.0,100.62,99.85,100.75,10.0,386.0,0.6323278955078125,True,CALL,2026-03-20,TSLA
TSLA260320C00330000,330.0,93.0,95.2,96.15,353.0,1883.0,0.6165809826660158,True,CALL,2026-03-20,TSLA
TSLA260320C00335000,335.0,94.75,90.65,91.65,9.0,1536.0,0.6031533825683595,True,CALL,2026-03-20,TSLA
TSLA260320C00340000,340.0,90.1,86.1,86.7,13.0,1520.0,0.582462671508789,True,CALL,2026-03-20,TSLA
TSLA260320C00345000,345.0,80.08,81.65,82.65,4.0,660.0,0.5748943878173829,True,CALL,2026-03-20,TSLA
TSLA260320C00350000,350.0,78.06,77.2,77.85,38.0,4318.0,0.556217816772461,True,CALL,2026-03-20,TSLA
TSLA260320C00355000,355.0,74.55,72.8,73.95,15.0,425.0,0.5485884985351563,True,CALL,2026-03-20,TSLA
TSLA260320C00360000,360.0,71.15,68.75,69.35,57.0,2741.0,0.5352524502563477,True,CALL,2026-03-20,TSLA
TSLA260320C00365000,365.0,63.5,64.55,65.6,5.0,504.0,0.5285386502075197,True,CALL,2026-03-20,TSLA
TSLA260320C00370000,370.0,61.65,60.25,60.9,22.0,737.0,0.5090075955200196,True,CALL,2026-03-20,TSLA
TSLA260320C00375000,375.0,56.96,56.75,57.85,5.0,397.0,0.5134936346435546,True,CALL,2026-03-20,TSLA
TSLA260320C00380000,380.0,54.15,53.0,53.45,67.0,1043.0,0.5041553491210937,True,CALL,2026-03-20,TSLA
TSLA260320C00385000,385.0,51.07,49.35,50.25,57.0,413.0,0.5052234536743164,True,CALL,2026-03-20,TSLA
TSLA260320C00390000,390.0,46.7,45.95,46.5,58.0,1689.0,0.4940541317749024,True,CALL,2026-03-20,TSLA
TSLA260320C00395000,395.0,43.05,42.65,42.85,69.0,530.0,0.4830068789672852,True,CALL,2026-03-20,TSLA
TSLA260320C00400000,400.0,39.49,39.55,39.75,765.0,6611.0,0.47961946166992186,True,CALL,2026-03-20,TSLA
TSLA260320C00405000,405.0,37.0,36.3,36.5,54.0,1086.0,0.47162393615722653,True,CALL,2026-03-20,TSLA
TSLA260320C00410000,410.0,34.0,33.7,33.9,285.0,5603.0,0.4722647988891602,True,CALL,2026-03-20,TSLA
TSLA260320C00415000,415.0,31.11,30.95,31.15,297.0,933.0,0.4682670361328125,True,CALL,2026-03-20,TSLA
TSLA260320C00420000,420.0,28.5,28.4,28.55,876.0,3294.0,0.4645439288330079,False,CALL,2026-03-20,TSLA
TSLA260320C00425000,425.0,26.3,25.95,26.1,651.0,658.0,0.46106495971679695,False,CALL,2026-03-20,TSLA
TSLA260320C00430000,430.0,24.13,23.75,23.9,1699.0,4887.0,0.4594475442504883,False,CALL,2026-03-20,TSLA
TSLA260320C00435000,435.0,21.8,21.6,21.75,702.0,1021.0,0.4565178860473633,False,CALL,2026-03-20,TSLA
TSLA260320C00440000,440.0,19.68,19.65,19.8,1790.0,16844.0,0.4547173669433594,False,CALL,2026-03-20,TSLA
TSLA260320C00445000,445.0,18.05,17.85,18.0,464.0,1359.0,0.45325253784179687,False,CALL,2026-03-20,TSLA
TSLA260320C00450000,450.0,16.26,16.25,16.25,6918.0,11603.0,0.4505670178222656,False,CALL,2026-03-20,TSLA
TSLA260320C00455000,455.0,14.6,14.65,14.75,402.0,13846.0,0.4501092587280273,False,CALL,2026-03-20,TSLA
TSLA260320C00460000,460.0,13.45,13.3,13.35,740.0,8305.0,0.44940736145019533,False,CALL,2026-03-20,TSLA
TSLA260320C00465000,465.0,12.15,11.95,12.05,626.0,1543.0,0.44861391235351555,False,CALL,2026-03-20,TSLA
TSLA260320C00470000,470.0,10.85,10.75,10.85,1188.0,4236.0,0.447698394165039,False,CALL,2026-03-20,TSLA
TSLA260320C00475000,475.0,9.7,9.7,9.75,669.0,1810.0,0.4468744277954102,False,CALL,2026-03-20,TSLA
TSLA260320C00480000,480.0,8.7,8.8,8.9,1480.0,7571.0,0.44931580963134765,False,CALL,2026-03-20,TSLA
TSLA260320C00485000,485.0,8.15,7.9,8.0,138.0,645.0,0.44910218872070307,False,CALL,2026-03-20,TSLA
TSLA260320C00490000,490.0,7.19,7.1,7.2,427.0,4327.0,0.4493463269042969,False,CALL,2026-03-20,TSLA
TSLA260320C00495000,495.0,6.65,6.4,6.5,193.0,514.0,0.4503228796386719,False,CALL,2026-03-20,TSLA
TSLA260320C00500000,500.0,5.85,5.8,5.9,5206.0,22650.0,0.4522149505615235,False,CALL,2026-03-20,TSLA
TSLA260320C00505000,505.0,5.25,5.25,5.35,156.0,544.0,0.4539849523925781,False,CALL,2026-03-20,TSLA
TSLA260320C00510000,510.0,4.85,4.7,4.75,1114.0,2809.0,0.4529473651123047,False,CALL,2026-03-20,TSLA
TSLA260320C00515000,515.0,4.24,4.25,4.3,145.0,1968.0,0.45465633239746095,False,CALL,2026-03-20,TSLA
TSLA260320C00520000,520.0,3.85,3.8,3.9,1167.0,3198.0,0.45667047241210945,False,CALL,2026-03-20,TSLA
TSLA260320C00525000,525.0,3.54,3.45,3.55,98.0,798.0,0.45905081970214845,False,CALL,2026-03-20,TSLA
TSLA260320C00530000,530.0,3.24,3.15,3.25,484.0,3258.0,0.46210254699707043,False,CALL,2026-03-20,TSLA
TSLA260320C00535000,535.0,2.88,2.85,2.89,133.0,513.0,0.46179737426757816,False,CALL,2026-03-20,TSLA
TSLA260320C00540000,540.0,2.6,2.6,2.64,826.0,3540.0,0.4644828942871094,False,CALL,2026-03-20,TSLA
TSLA260320P00295000,295.0,1.4,1.42,1.45,69.0,1583.0,0.5612836840820312,False,PUT,2026-03-20,TSLA
TSLA260320P00300000,300.0,1.57,1.57,1.59,633.0,14669.0,0.5494429821777345,False,PUT,2026-03-20,TSLA
TSLA260320P00305000,305.0,1.76,1.72,1.75,27.0,1588.0,0.537236072998047,False,PUT,2026-03-20,TSLA
TSLA260320P00310000,310.0,1.95,1.92,1.95,470.0,5084.0,0.5269822692871093,False,PUT,2026-03-20,TSLA
TSLA260320P00315000,315.0,2.05,2.13,2.17,96.0,1032.0,0.5163622583007812,False,PUT,2026-03-20,TSLA
TSLA260320P00320000,320.0,2.39,2.4,2.44,788.0,6786.0,0.5074512145996093,False,PUT,2026-03-20,TSLA
TSLA260320P00325000,325.0,2.65,2.68,2.72,74.0,2252.0,0.49847913635253904,False,PUT,2026-03-20,TSLA
TSLA260320P00330000,330.0,2.98,2.99,3.05,107.0,3132.0,0.489384989013672,False,PUT,2026-03-20,TSLA
TSLA260320P00335000,335.0,3.45,3.4,3.45,76.0,3071.0,0.48163360168457037,False,PUT,2026-03-20,TSLA
TSLA260320P00340000,340.0,3.85,3.8,3.85,228.0,3981.0,0.4721732470703125,False,PUT,2026-03-20,TSLA
TSLA260320P00345000,345.0,4.37,4.3,4.4,209.0,3334.0,0.46631393066406257,False,PUT,2026-03-20,TSLA
TSLA260320P00350000,350.0,4.9,4.9,4.95,1509.0,12478.0,0.4585015087890626,False,PUT,2026-03-20,TSLA
TSLA260320P00355000,355.0,5.61,5.55,5.6,235.0,7442.0,0.4517571914672852,False,PUT,2026-03-20,TSLA
TSLA260320P00360000,360.0,6.3,6.25,6.35,452.0,5857.0,0.44574528869628904,False,PUT,2026-03-20,TSLA
TSLA260320P00365000,365.0,7.16,7.15,7.25,365.0,1062.0,0.4414118359375,False,PUT,2026-03-20,TSLA
TSLA260320P00370000,370.0,8.28,8.0,8.1,497.0,6204.0,0.4336604486083985,False,PUT,2026-03-20,TSLA
TSLA260320P00375000,375.0,9.35,9.15,9.3,236.0,2094.0,0.4315547567749024,False,PUT,2026-03-20,TSLA
TSLA260320P00380000,380.0,10.28,10.45,10.45,1404.0,3806.0,0.42590906127929695,False,PUT,2026-03-20,TSLA
TSLA260320P00385000,385.0,11.63,11.75,11.9,416.0,2182.0,0.42389492126464845,False,PUT,2026-03-20,TSLA
TSLA260320P00390000,390.0,13.25,13.3,13.4,704.0,5369.0,0.4202938830566406,False,PUT,2026-03-20,TSLA
TSLA260320P00395000,395.0,15.02,14.9,15.05,252.0,2693.0,0.4169369830322265,False,PUT,2026-03-20,TSLA
TSLA260320P00400000,400.0,16.8,16.65,16.8,1388.0,12879.0,0.41287818572998036,False,PUT,2026-03-20,TSLA
TSLA260320P00405000,405.0,18.46,18.6,18.75,725.0,2418.0,0.4097959411621094,False,PUT,2026-03-20,TSLA
TSLA260320P00410000,410.0,20.82,20.75,20.95,430.0,3174.0,0.40833111206054684,False,PUT,2026-03-20,TSLA
TSLA260320P00415000,415.0,22.97,23.15,23.3,238.0,1808.0,0.40677473114013674,False,PUT,2026-03-20,TSLA
TSLA260320P00420000,420.0,25.37,25.5,25.7,2398.0,5941.0,0.4035093829345704,True,PUT,2026-03-20,TSLA
TSLA260320P00425000,425.0,28.3,28.1,28.25,1207.0,3140.0,0.4001830001831055,True,PUT,2026-03-20,TSLA
TSLA260320P00430000,430.0,30.72,30.85,31.05,765.0,5032.0,0.39838248107910157,True,PUT,2026-03-20,TSLA
TSLA260320P00435000,435.0,33.11,33.65,33.8,692.0,1929.0,0.3932860964965821,True,PUT,2026-03-20,TSLA
TSLA260320P00440000,440.0,36.25,36.7,36.9,297.0,6233.0,0.3913635083007812,True,PUT,2026-03-20,TSLA
TSLA260320P00445000,445.0,39.2,39.95,40.15,338.0,1908.0,0.3895019546508789,True,PUT,2026-03-20,TSLA
TSLA260320P00450000,450.0,43.06,43.4,43.65,156.0,6545.0,0.3895324719238281,True,PUT,2026-03-20,TSLA
TSLA260320P00455000,455.0,47.81,46.7,46.95,6.0,553.0,0.3835816036987304,True,PUT,2026-03-20,TSLA
TSLA260320P00460000,460.0,50.28,50.25,50.55,89.0,3223.0,0.38043832458496096,True,PUT,2026-03-20,TSLA
TSLA260320P00465000,465.0,55.19,54.05,54.3,22.0,162.0,0.3776917700195312,True,PUT,2026-03-20,TSLA
TSLA260320P00470000,470.0,57.8,57.65,58.25,22.0,2436.0,0.376532113647461,True,PUT,2026-03-20,TSLA
TSLA260320P00475000,475.0,62.04,61.4,62.2,70.0,326.0,0.37293107543945314,True,PUT,2026-03-20,TSLA
TSLA260320P00480000,480.0,63.0,65.45,67.0,32.0,1132.0,0.3867859173583984,True,PUT,2026-03-20,TSLA
TSLA260320P00485000,485.0,67.14,69.35,70.5,5.0,82.0,0.3673158972167969,True,PUT,2026-03-20,TSLA
TSLA260320P00490000,490.0,78.0,73.5,74.65,5.0,1138.0,0.3602969244384765,True,PUT,2026-03-20,TSLA
TSLA260320P00495000,495.0,77.45,77.8,79.05,2.0,17.0,0.35748933532714844,True,PUT,2026-03-20,TSLA
TSLA260320P00500000,500.0,88.0,82.6,83.7,26.0,5697.0,0.36072416625976556,True,PUT,2026-03-20,TSLA
TSLA260320P00505000,505.0,79.17,86.55,88.0,1.0,19.0,0.348639326171875,True,PUT,2026-03-20,TSLA
TSLA260320P00510000,510.0,96.0,91.4,93.4,3.0,153.0,0.3781800463867187,True,PUT,2026-03-20,TSLA
TSLA260320P00515000,515.0,98.6,95.3,97.15,2.0,24.0,0.3343572424316406,True,PUT,2026-03-20,TSLA
TSLA260320P00520000,520.0,97.8,100.3,101.8,2.0,623.0,0.32434757690429683,True,PUT,2026-03-20,TSLA
TSLA260320P00525000,525.0,85.92,104.9,106.6,4.0,5.0,0.32019722778320303,True,PUT,2026-03-20,TSLA
TSLA260320P00530000,530.0,95.69,109.6,111.35,3.0,543.0,0.3061592822265625,True,PUT,2026-03-20,TSLA
TSLA260320P00540000,540.0,108.14,119.1,120.95,4.0,341.0,1.0000000000000003e-05,True,PUT,2026-03-20,TSLA
TSLA260417C00295000,295.0,129.17,131.1,132.15,5.0,36.0,0.6859772613525392,True,CALL,2026-04-17,TSLA
TSLA260417C00300000,300.0,124.86,125.65,126.9,29.0,510.0,0.6516758465576173,True,CALL,2026-04-17,TSLA
TSLA260417C00305000,305.0,123.65,121.35,122.7,2.0,75.0,0.6479832565307617,True,CALL,2026-04-17,TSLA
TSLA260417C00310000,310.0,119.92,116.25,117.75,6.0,130.0,0.6231116790771485,True,CALL,2026-04-17,TSLA
TSLA260417C00315000,315.0,118.41,112.45,113.4,2.0,184.0,0.6221351263427735,True,CALL,2026-04-17,TSLA
TSLA260417C00320000,320.0,108.89,107.75,108.85,1.0,259.0,0.6066933862304689,True,CALL,2026-04-17,TSLA
TSLA260417C00325000,325.0,104.93,103.3,104.3,15.0,99.0,0.5937845797729493,True,CALL,2026-04-17,TSLA
TSLA260417C00330000,330.0,100.1,98.85,100.1,13.0,365.0,0.5841106042480468,True,CALL,2026-04-17,TSLA
TSLA260417C00335000,335.0,110.3,94.85,95.8,2.0,107.0,0.5772137005615234,True,CALL,2026-04-17,TSLA
TSLA260417C00340000,340.0,91.47,90.15,91.5,10.0,179.0,0.5623823059082032,True,CALL,2026-04-17,TSLA
TSLA260417C00345000,345.0,99.4,86.15,87.3,11.0,88.0,0.5546919531250001,True,CALL,2026-04-17,TSLA
TSLA260417C00350000,350.0,82.4,82.1,83.15,110.0,589.0,0.546025047607422,True,CALL,2026-04-17,TSLA
TSLA260417C00355000,355.0,78.42,78.2,79.3,4.0,109.0,0.5403183175659182,True,CALL,2026-04-17,TSLA
TSLA260417C00360000,360.0,75.82,74.4,75.5,47.0,497.0,0.5347336566162109,True,CALL,2026-04-17,TSLA
TSLA260417C00365000,365.0,70.74,70.6,71.7,1.0,117.0,0.5279588220214844,True,CALL,2026-04-17,TSLA
TSLA260417C00370000,370.0,67.05,66.85,67.35,29.0,251.0,0.5161181201171875,True,CALL,2026-04-17,TSLA
TSLA260417C00375000,375.0,61.91,63.3,64.25,23.0,183.0,0.514531221923828,True,CALL,2026-04-17,TSLA
TSLA260417C00380000,380.0,59.97,59.85,60.45,34.0,815.0,0.5070544900512696,True,CALL,2026-04-17,TSLA
TSLA260417C00385000,385.0,57.33,56.25,57.15,1.0,195.0,0.5009815527343751,True,CALL,2026-04-17,TSLA
TSLA260417C00390000,390.0,54.25,53.2,54.15,18.0,322.0,0.5063525927734375,True,CALL,2026-04-17,TSLA
TSLA260417C00395000,395.0,51.35,50.0,50.65,18.0,209.0,0.49695327270507816,True,CALL,2026-04-17,TSLA
TSLA260417C00400000,400.0,47.75,47.0,47.55,174.0,1643.0,0.4918568881225587,True,CALL,2026-04-17,TSLA
TSLA260417C00405000,405.0,45.8,44.15,44.8,14.0,424.0,0.49014792083740244,True,CALL,2026-04-17,TSLA
TSLA260417C00410000,410.0,41.55,41.45,42.1,102.0,457.0,0.4877065390014649,True,CALL,2026-04-17,TSLA
TSLA260417C00415000,415.0,38.9,38.9,39.1,72.0,436.0,0.4800467034912109,True,CALL,2026-04-17,TSLA
TSLA260417C00420000,420.0,36.5,36.6,36.8,391.0,792.0,0.48016877258300783,False,CALL,2026-04-17,TSLA
TSLA260417C00425000,425.0,34.0,34.25,34.4,377.0,1298.0,0.4776358389282227,False,CALL,2026-04-17,TSLA
TSLA260417C00430000,430.0,32.35,31.9,32.1,494.0,1310.0,0.47507238800048823,False,CALL,2026-04-17,TSLA
TSLA260417C00435000,435.0,30.1,29.85,30.0,191.0,1062.0,0.47376014526367194,False,CALL,2026-04-17,TSLA
TSLA260417C00440000,440.0,27.8,27.7,27.85,473.0,2135.0,0.4705100556945801,False,CALL,2026-04-17,TSLA
TSLA260417C00445000,445.0,27.0,25.85,26.0,251.0,1067.0,0.46985393432617195,False,CALL,2026-04-17,TSLA
TSLA260417C00450000,450.0,24.15,24.1,24.25,754.0,3892.0,0.46924358886718753,False,CALL,2026-04-17,TSLA
TSLA260417C00455000,455.0,22.83,22.45,22.55,61.0,990.0,0.4680534152221679,False,CALL,2026-04-17,TSLA
TSLA260417C00460000,460.0,21.05,20.75,20.9,229.0,3348.0,0.46628341339111334,False,CALL,2026-04-17,TSLA
TSLA260417C00465000,465.0,20.03,19.3,19.45,102.0,1813.0,0.46603927520751964,False,CALL,2026-04-17,TSLA
TSLA260417C00470000,470.0,18.56,17.95,18.05,226.0,1817.0,0.46532211929321293,False,CALL,2026-04-17,TSLA
TSLA260417C00475000,475.0,16.56,16.65,16.8,166.0,3415.0,0.4655815161132813,False,CALL,2026-04-17,TSLA
TSLA260417C00480000,480.0,15.65,15.45,15.6,1958.0,3601.0,0.46545944702148445,False,CALL,2026-04-17,TSLA
TSLA260417C00485000,485.0,14.6,14.3,14.4,151.0,788.0,0.4642082388305664,False,CALL,2026-04-17,TSLA
TSLA260417C00490000,490.0,13.32,13.25,13.4,269.0,1240.0,0.4649406533813477,False,CALL,2026-04-17,TSLA
TSLA260417C00495000,495.0,12.8,12.2,12.3,118.0,611.0,0.4630180651855469,False,CALL,2026-04-17,TSLA
TSLA260417C00500000,500.0,11.45,11.4,11.5,1694.0,10634.0,0.4649101361083985,False,CALL,2026-04-17,TSLA
TSLA260417C00505000,505.0,10.65,10.5,10.6,106.0,947.0,0.46417772155761716,False,CALL,2026-04-17,TSLA
TSLA260417C00510000,510.0,9.75,9.75,9.9,251.0,10724.0,0.46591720611572274,False,CALL,2026-04-17,TSLA
TSLA260417C00515000,515.0,9.15,9.0,9.1,189.0,860.0,0.46497117065429694,False,CALL,2026-04-17,TSLA
TSLA260417C00520000,520.0,8.48,8.3,8.4,317.0,1538.0,0.46487961883544926,False,CALL,2026-04-17,TSLA
TSLA260417C00525000,525.0,8.05,7.75,7.85,134.0,563.0,0.46680220703125,False,CALL,2026-04-17,TSLA
TSLA260417C00530000,530.0,7.11,7.1,7.25,198.0,859.0,0.4669242761230469,False,CALL,2026-04-17,TSLA
TSLA260417C00535000,535.0,6.74,6.6,6.7,138.0,596.0,0.46722944885253903,False,CALL,2026-04-17,TSLA
TSLA260417C00540000,540.0,6.28,6.1,6.2,110.0,800.0,0.467778759765625,False,CALL,2026-04-17,TSLA
TSLA260417P00295000,295.0,2.82,2.82,2.86,220.0,553.0,0.5228929547119141,False,PUT,2026-04-17,TSLA
TSLA260417P00300000,300.0,3.16,3.05,3.15,110.0,3062.0,0.5134326000976561,False,PUT,2026-04-17,TSLA
TSLA260417P00305000,305.0,3.65,3.4,3.45,8.0,972.0,0.5056812127685546,False,PUT,2026-04-17,TSLA
TSLA260417P00310000,310.0,3.9,3.75,3.85,8.0,1857.0,0.5003712072753908,False,PUT,2026-04-17,TSLA
TSLA260417P00315000,315.0,4.35,4.2,4.25,54.0,547.0,0.4929249926757813,False,PUT,2026-04-17,TSLA
TSLA260417P00320000,320.0,4.75,4.6,4.7,108.0,4549.0,0.4859670544433594,False,PUT,2026-04-17,TSLA
TSLA260417P00325000,325.0,5.2,5.1,5.2,41.0,1492.0,0.4792532543945312,False,PUT,2026-04-17,TSLA
TSLA260417P00330000,330.0,5.51,5.7,5.85,48.0,1651.0,0.47531652618408204,False,PUT,2026-04-17,TSLA
TSLA260417P00335000,335.0,6.15,6.25,6.4,143.0,1162.0,0.4674125524902344,False,PUT,2026-04-17,TSLA
TSLA260417P00340000,340.0,7.0,7.05,7.15,139.0,2349.0,0.46307909973144534,False,PUT,2026-04-17,TSLA
TSLA260417P00345000,345.0,7.9,7.85,7.95,123.0,1227.0,0.4583794396972657,False,PUT,2026-04-17,TSLA
TSLA260417P00350000,350.0,8.74,8.75,8.85,260.0,3792.0,0.4542596078491211,False,PUT,2026-04-17,TSLA
TSLA260417P00355000,355.0,9.5,9.65,9.75,111.0,777.0,0.448674946899414,False,PUT,2026-04-17,TSLA
TSLA260417P00360000,360.0,10.8,10.75,10.85,102.0,1541.0,0.44537908142089844,False,PUT,2026-04-17,TSLA
TSLA260417P00365000,365.0,12.0,11.9,12.0,494.0,1177.0,0.4414118359375,False,PUT,2026-04-17,TSLA
TSLA260417P00370000,370.0,13.15,13.15,13.3,68.0,3116.0,0.4384516604614258,False,PUT,2026-04-17,TSLA
TSLA260417P00375000,375.0,14.35,14.55,14.7,57.0,2767.0,0.4354609677124024,False,PUT,2026-04-17,TSLA
TSLA260417P00380000,380.0,16.19,15.95,16.1,322.0,5108.0,0.4309138940429688,False,PUT,2026-04-17,TSLA
TSLA260417P00385000,385.0,17.75,17.7,17.85,277.0,3181.0,0.43005941040039064,False,PUT,2026-04-17,TSLA
TSLA260417P00390000,390.0,19.37,19.35,19.55,2218.0,4228.0,0.4267940621948243,False,PUT,2026-04-17,TSLA
TSLA260417P00395000,395.0,20.75,21.3,21.5,115.0,2096.0,0.42545130218505867,False,PUT,2026-04-17,TSLA
TSLA260417P00400000,400.0,23.5,23.2,23.35,503.0,4191.0,0.4211178494262696,False,PUT,2026-04-17,TSLA
TSLA260417P00405000,405.0,25.3,25.4,25.6,40.0,902.0,0.4206295730590821,False,PUT,2026-04-17,TSLA
TSLA260417P00410000,410.0,26.9,27.55,27.7,80.0,2701.0,0.4165097412109374,False,PUT,2026-04-17,TSLA
TSLA260417P00415000,415.0,29.05,29.85,30.05,91.0,1129.0,0.41415991119384765,False,PUT,2026-04-17,TSLA
TSLA260417P00420000,420.0,32.73,32.4,32.55,445.0,3166.0,0.41214577117919915,True,PUT,2026-04-17,TSLA
TSLA260417P00425000,425.0,34.11,35.0,35.2,229.0,1370.0,0.410513097076416,True,PUT,2026-04-17,TSLA
TSLA260417P00430000,430.0,37.76,37.8,38.0,230.0,1846.0,0.4092466302490234,True,PUT,2026-04-17,TSLA
TSLA260417P00435000,435.0,40.9,40.7,40.9,181.0,1887.0,0.40775128387451176,True,PUT,2026-04-17,TSLA
TSLA260417P00440000,440.0,42.94,43.55,43.8,124.0,3148.0,0.4047148152160644,True,PUT,2026-04-17,TSLA
TSLA260417P00445000,445.0,45.57,46.7,46.9,75.0,1433.0,0.40277696838378907,True,PUT,2026-04-17,TSLA
TSLA260417P00450000,450.0,49.4,49.85,50.1,92.0,1874.0,0.40064075927734377,True,PUT,2026-04-17,TSLA
TSLA260417P00455000,455.0,53.6,53.15,53.35,19.0,837.0,0.39765006652832036,True,PUT,2026-04-17,TSLA
TSLA260417P00460000,460.0,56.74,56.25,56.75,21.0,2768.0,0.3952086846923829,True,PUT,2026-04-17,TSLA
TSLA260417P00465000,465.0,60.0,59.6,60.75,7.0,354.0,0.3998473101806641,True,PUT,2026-04-17,TSLA
TSLA260417P00470000,470.0,63.87,63.15,63.9,41.0,468.0,0.39078368011474607,True,PUT,2026-04-17,TSLA
TSLA260417P00475000,475.0,65.92,66.9,67.7,6.0,315.0,0.3897155755615235,True,PUT,2026-04-17,TSLA
TSLA260417P00480000,480.0,71.68,70.6,71.5,2.0,245.0,0.38718264190673823,True,PUT,2026-04-17,TSLA
TSLA260417P00485000,485.0,76.36,74.55,75.6,6.0,252.0,0.38812867736816403,True,PUT,2026-04-17,TSLA
TSLA260417P00490000,490.0,79.43,78.5,79.35,5.0,160.0,0.3816895327758788,True,PUT,2026-04-17,TSLA
TSLA260417P00495000,495.0,75.7,82.45,83.4,7.0,187.0,0.3788209091186523,True,PUT,2026-04-17,TSLA
TSLA260417P00500000,500.0,87.35,86.2,87.65,59.0,3680.0,0.3782410809326171,True,PUT,2026-04-17,TSLA
TSLA260417P00505000,505.0,81.7,90.6,91.7,3.0,97.0,0.37210710906982425,True,PUT,2026-04-17,TSLA
TSLA260417P00510000,510.0,95.87,94.9,96.0,3.0,208.0,0.3694521063232422,True,PUT,2026-04-17,TSLA
TSLA260417P00515000,515.0,87.57,99.2,100.35,1.0,42.0,0.3663393444824219,True,PUT,2026-04-17,TSLA
TSLA260417P00520000,520.0,104.45,103.75,105.5,1.0,36.0,0.38172005004882803,True,PUT,2026-04-17,TSLA
TSLA260417P00525000,525.0,102.96,107.9,109.25,1.0,105.0,0.36023588989257804,True,PUT,2026-04-17,TSLA
TSLA260417P00530000,530.0,101.0,112.55,114.5,200.0,53.0,0.3781800463867187,True,PUT,2026-04-17,TSLA
TSLA260417P00535000,535.0,115.52,116.75,118.2,5.0,21.0,0.34778484252929687,True,PUT,2026-04-17,TSLA
TSLA260417P00540000,540.0,118.15,121.0,122.8,4.0,16.0,0.3423527679443359,True,PUT,2026-04-17,TSLA
TSLA260515C00300000,300.0,130.0,129.75,130.6,105.0,760.0,0.6459385992431641,True,CALL,2026-05-15,TSLA
TSLA260515C00310000,310.0,122.41,120.9,121.9,12.0,186.0,0.6250342672729493,True,CALL,2026-05-15,TSLA
TSLA260515C00320000,320.0,112.46,112.3,113.25,4.0,370.0,0.6049844189453126,True,CALL,2026-05-15,TSLA
TSLA260515C00330000,330.0,104.21,104.05,104.95,2.0,346.0,0.5887797470092774,True,CALL,2026-05-15,TSLA
TSLA260515C00340000,340.0,96.8,95.3,96.9,25.0,352.0,0.5680280014038085,True,CALL,2026-05-15,TSLA
TSLA260515C00350000,350.0,89.7,88.2,89.15,64.0,1064.0,0.5594831649780273,True,CALL,2026-05-15,TSLA
TSLA260515C00360000,360.0,85.0,80.4,81.65,1.0,1339.0,0.5442550457763673,True,CALL,2026-05-15,TSLA
TSLA260515C00370000,370.0,74.19,73.85,74.4,63.0,330.0,0.5359238302612305,True,CALL,2026-05-15,TSLA
TSLA260515C00380000,380.0,68.2,67.25,68.35,26.0,1316.0,0.5311326184082032,True,CALL,2026-05-15,TSLA
TSLA260515C00390000,390.0,73.6,61.35,62.15,3.0,963.0,0.5257615783691407,True,CALL,2026-05-15,TSLA
TSLA260515C00400000,400.0,56.28,55.45,56.25,50.0,4608.0,0.5183611396789551,True,CALL,2026-05-15,TSLA
TSLA260515C00410000,410.0,50.0,50.15,50.75,95.0,1157.0,0.5129900996398926,True,CALL,2026-05-15,TSLA
TSLA260515C00420000,420.0,45.6,45.35,45.55,450.0,1271.0,0.5083819914245604,False,CALL,2026-05-15,TSLA
TSLA260515C00430000,430.0,40.7,40.8,40.95,181.0,1165.0,0.5047962118530273,False,CALL,2026-05-15,TSLA
TSLA260515C00440000,440.0,36.8,36.6,36.75,195.0,1694.0,0.5017444845581055,False,CALL,2026-05-15,TSLA
TSLA260515C00450000,450.0,32.7,32.8,33.0,291.0,4261.0,0.5009815527343751,False,CALL,2026-05-15,TSLA
TSLA260515C00460000,460.0,29.7,29.35,29.5,265.0,2601.0,0.49876905044555664,False,CALL,2026-05-15,TSLA
TSLA260515C00470000,470.0,26.91,26.1,26.25,251.0,7750.0,0.4960530131530762,False,CALL,2026-05-15,TSLA
TSLA260515C00480000,480.0,23.4,23.3,23.45,742.0,2425.0,0.49535111587524416,False,CALL,2026-05-15,TSLA
TSLA260515C00490000,490.0,21.27,20.8,21.0,105.0,2676.0,0.4957936163330079,False,CALL,2026-05-15,TSLA
TSLA260515C00500000,500.0,18.56,18.55,18.75,1599.0,4566.0,0.4958241336059571,False,CALL,2026-05-15,TSLA
TSLA260515C00510000,510.0,16.54,16.5,16.65,66.0,654.0,0.4949696499633789,False,CALL,2026-05-15,TSLA
TSLA260515C00520000,520.0,15.2,14.65,14.8,144.0,1050.0,0.4947255117797852,False,CALL,2026-05-15,TSLA
TSLA260515C00530000,530.0,13.1,13.05,13.2,68.0,1866.0,0.4954274090576172,False,CALL,2026-05-15,TSLA
TSLA260515C00540000,540.0,12.0,11.6,11.75,46.0,912.0,0.4959156854248047,False,CALL,2026-05-15,TSLA
TSLA260515P00300000,300.0,5.45,5.55,5.65,317.0,8602.0,0.5169726037597657,False,PUT,2026-05-15,TSLA
TSLA260515P00310000,310.0,6.8,6.6,6.75,87.0,3051.0,0.5046436254882812,False,PUT,2026-05-15,TSLA
TSLA260515P00320000,320.0,8.05,8.0,8.1,95.0,7030.0,0.4964039617919922,False,PUT,2026-05-15,TSLA
TSLA260515P00330000,330.0,9.41,9.6,9.75,44.0,4054.0,0.4881948153686524,False,PUT,2026-05-15,TSLA
TSLA260515P00340000,340.0,11.54,11.45,11.55,86.0,1525.0,0.47839877075195314,False,PUT,2026-05-15,TSLA
TSLA260515P00350000,350.0,13.55,13.7,13.85,2943.0,9281.0,0.47260048889160156,False,PUT,2026-05-15,TSLA
TSLA260515P00360000,360.0,15.86,16.25,16.4,1225.0,2201.0,0.46593246475219735,False,PUT,2026-05-15,TSLA
TSLA260515P00370000,370.0,19.4,19.05,19.2,147.0,2249.0,0.45831840515136724,False,PUT,2026-05-15,TSLA
TSLA260515P00380000,380.0,22.6,22.45,22.65,136.0,6125.0,0.45474788421630863,False,PUT,2026-05-15,TSLA
TSLA260515P00390000,390.0,26.05,26.3,26.45,67.0,1359.0,0.45084167327880864,False,PUT,2026-05-15,TSLA
TSLA260515P00400000,400.0,29.73,30.45,30.65,262.0,8724.0,0.4471185659790039,False,PUT,2026-05-15,TSLA
TSLA260515P00410000,410.0,34.92,34.85,35.05,151.0,2127.0,0.44122873229980464,False,PUT,2026-05-15,TSLA
TSLA260515P00420000,420.0,39.0,39.9,40.15,225.0,1438.0,0.43886364364624025,True,PUT,2026-05-15,TSLA
TSLA260515P00430000,430.0,45.35,45.4,45.6,218.0,3496.0,0.43604079589843747,True,PUT,2026-05-15,TSLA
TSLA260515P00440000,440.0,50.6,51.0,51.2,84.0,2127.0,0.43063923858642583,True,PUT,2026-05-15,TSLA
TSLA260515P00450000,450.0,57.25,57.1,57.35,39.0,1832.0,0.4271602694702149,True,PUT,2026-05-15,TSLA
TSLA260515P00460000,460.0,63.15,63.65,63.9,88.0,890.0,0.42413905944824215,True,PUT,2026-05-15,TSLA
TSLA260515P00470000,470.0,70.1,70.5,70.75,213.0,1086.0,0.4205990557861329,True,PUT,2026-05-15,TSLA
TSLA260515P00480000,480.0,78.18,77.35,78.15,9.0,585.0,0.4197750894165039,True,PUT,2026-05-15,TSLA
TSLA260515P00490000,490.0,84.87,84.55,85.2,3.0,540.0,0.4105588729858398,True,PUT,2026-05-15,TSLA
TSLA260515P00500000,500.0,94.63,92.25,93.1,5.0,537.0,0.40845318115234375,True,PUT,2026-05-15,TSLA
TSLA260515P00510000,510.0,98.3,100.35,101.5,37.0,402.0,0.4099790447998046,True,PUT,2026-05-15,TSLA
TSLA260515P00520000,520.0,100.9,108.3,109.35,2.0,55.0,0.39932851654052737,True,PUT,2026-05-15,TSLA
TSLA260515P00530000,530.0,105.89,116.7,118.25,3.0,110.0,0.40201403656005863,True,PUT,2026-05-15,TSLA
TSLA260515P00540000,540.0,123.62,125.4,126.5,21.0,53.0,0.3890441955566406,True,PUT,2026-05-15,TSLA
TSLA260618C00300000,300.0,136.85,133.3,134.35,79.0,9979.0,0.6272315109252932,True,CALL,2026-06-18,TSLA
TSLA260618C00310000,310.0,126.2,124.1,125.9,5.0,2396.0,0.6038552798461917,True,CALL,2026-06-18,TSLA
TSLA260618C00320000,320.0,119.64,116.35,117.65,10.0,2429.0,0.5916788879394532,True,CALL,2026-06-18,TSLA
TSLA260618C00330000,330.0,109.15,108.25,109.85,92.0,7379.0,0.5778240460205077,True,CALL,2026-06-18,TSLA
TSLA260618C00335000,335.0,119.52,104.85,106.05,11.0,45.0,0.5750927500915526,True,CALL,2026-06-18,TSLA
TSLA260618C00340000,340.0,101.55,100.75,102.15,19.0,3080.0,0.5663800686645508,True,CALL,2026-06-18,TSLA
TSLA260618C00345000,345.0,97.9,97.3,98.5,5.0,88.0,0.5628705822753908,True,CALL,2026-06-18,TSLA
TSLA260618C00350000,350.0,94.5,93.55,94.65,21.0,7276.0,0.5555769540405274,True,CALL,2026-06-18,TSLA
TSLA260618C00355000,355.0,92.08,90.15,91.35,3.0,150.0,0.5531050549316407,True,CALL,2026-06-18,TSLA
TSLA260618C00360000,360.0,86.8,86.4,87.65,24.0,4461.0,0.5454757366943359,True,CALL,2026-06-18,TSLA
TSLA260618C00365000,365.0,83.72,83.4,84.55,1.0,79.0,0.5450027189636231,True,CALL,2026-06-18,TSLA
TSLA260618C00370000,370.0,81.49,79.7,81.3,62.0,2900.0,0.5389450402832032,True,CALL,2026-06-18,TSLA
TSLA260618C00375000,375.0,80.0,76.75,77.8,26.0,133.0,0.5350083120727539,True,CALL,2026-06-18,TSLA
TSLA260618C00380000,380.0,74.15,74.1,75.05,65.0,3057.0,0.5360153820800782,True,CALL,2026-06-18,TSLA
TSLA260618C00385000,385.0,73.49,70.9,71.75,2.0,91.0,0.5303544279479981,True,CALL,2026-06-18,TSLA
TSLA260618C00390000,390.0,68.8,68.0,68.85,24.0,2109.0,0.5276994252014162,True,CALL,2026-06-18,TSLA
TSLA260618C00395000,395.0,76.88,65.2,65.95,2.0,289.0,0.5248460601806642,True,CALL,2026-06-18,TSLA
TSLA260618C00400000,400.0,63.05,62.2,63.3,237.0,14812.0,0.5215349360656738,True,CALL,2026-06-18,TSLA
TSLA260618C00405000,405.0,62.45,59.8,60.55,32.0,133.0,0.5200243310546875,True,CALL,2026-06-18,TSLA
TSLA260618C00410000,410.0,57.5,57.35,58.05,46.0,2123.0,0.5187731228637695,True,CALL,2026-06-18,TSLA
TSLA260618C00415000,415.0,56.57,54.8,55.4,49.0,76.0,0.5155993264770508,True,CALL,2026-06-18,TSLA
TSLA260618C00420000,420.0,52.32,52.5,52.75,237.0,11143.0,0.5129595823669433,False,CALL,2026-06-18,TSLA
TSLA260618C00425000,425.0,50.49,50.25,50.45,75.0,885.0,0.511571046447754,False,CALL,2026-06-18,TSLA
TSLA260618C00430000,430.0,47.85,48.0,48.25,406.0,2414.0,0.5099841482543946,False,CALL,2026-06-18,TSLA
TSLA260618C00435000,435.0,46.05,45.95,46.15,58.0,431.0,0.5091601818847658,False,CALL,2026-06-18,TSLA
TSLA260618C00440000,440.0,44.11,43.85,44.05,101.0,6843.0,0.5074359559631347,False,CALL,2026-06-18,TSLA
TSLA260618C00445000,445.0,42.05,41.85,42.05,50.0,1652.0,0.5060016441345214,False,CALL,2026-06-18,TSLA
TSLA260618C00450000,450.0,40.5,39.85,40.05,411.0,11834.0,0.5039264695739747,False,CALL,2026-06-18,TSLA
TSLA260618C00455000,455.0,38.15,38.15,38.35,78.0,1637.0,0.5041095732116698,False,CALL,2026-06-18,TSLA
TSLA260618C00460000,460.0,37.3,36.5,36.65,163.0,2988.0,0.5039112109375,False,CALL,2026-06-18,TSLA
TSLA260618C00465000,465.0,34.94,34.65,34.85,33.0,982.0,0.5016376741027833,False,CALL,2026-06-18,TSLA
TSLA260618C00470000,470.0,33.5,33.2,33.35,126.0,1827.0,0.5021717263793947,False,CALL,2026-06-18,TSLA
TSLA260618C00475000,475.0,32.2,31.65,31.85,83.0,415.0,0.5016376741027833,False,CALL,2026-06-18,TSLA
TSLA260618C00480000,480.0,30.55,30.15,30.35,788.0,3564.0,0.5007679318237305,False,CALL,2026-06-18,TSLA
TSLA260618C00485000,485.0,28.9,28.8,29.0,10.0,847.0,0.5008289663696289,False,CALL,2026-06-18,TSLA
TSLA260618C00490000,490.0,27.7,27.45,27.65,104.0,8636.0,0.5003406900024415,False,CALL,2026-06-18,TSLA
TSLA260618C00495000,495.0,26.4,26.2,26.35,13.0,451.0,0.5000660345458985,False,CALL,2026-06-18,TSLA
TSLA260618C00500000,500.0,25.2,24.9,25.1,1346.0,17699.0,0.5003101727294923,False,CALL,2026-06-18,TSLA
TSLA260618C00505000,505.0,24.42,23.75,23.95,48.0,557.0,0.5002796554565431,False,CALL,2026-06-18,TSLA
TSLA260618C00510000,510.0,22.85,22.6,22.8,43.0,1480.0,0.4997608618164063,False,CALL,2026-06-18,TSLA
TSLA260618C00515000,515.0,21.75,21.55,21.75,8.0,574.0,0.49979137908935545,False,CALL,2026-06-18,TSLA
TSLA260618C00520000,520.0,20.7,20.6,20.75,216.0,2563.0,0.49989818954467774,False,CALL,2026-06-18,TSLA
TSLA260618C00525000,525.0,19.77,19.65,19.8,28.0,579.0,0.500081293182373,False,CALL,2026-06-18,TSLA
TSLA260618C00530000,530.0,18.7,18.7,18.9,35.0,2285.0,0.5003712072753908,False,CALL,2026-06-18,TSLA
TSLA260618C00535000,535.0,17.95,17.85,18.0,15.0,314.0,0.50020336227417,False,CALL,2026-06-18,TSLA
TSLA260618C00540000,540.0,17.08,16.95,17.1,69.0,2500.0,0.499577758178711,False,CALL,2026-06-18,TSLA
TSLA260618P00300000,300.0,8.05,7.95,8.05,249.0,14618.0,0.5024463818359376,False,PUT,2026-06-18,TSLA
TSLA260618P00310000,310.0,9.3,9.4,9.55,65.0,3388.0,0.4952443054199219,False,PUT,2026-06-18,TSLA
TSLA260618P00320000,320.0,11.05,11.05,11.2,155.0,5534.0,0.4862111926269531,False,PUT,2026-06-18,TSLA
TSLA260618P00330000,330.0,12.97,12.95,13.1,174.0,6216.0,0.4778799771118164,False,PUT,2026-06-18,TSLA
TSLA260618P00335000,335.0,14.1,14.1,14.25,18.0,1339.0,0.4753775607299804,False,PUT,2026-06-18,TSLA
TSLA260618P00340000,340.0,14.79,15.25,15.4,26.0,5385.0,0.47194436752319335,False,PUT,2026-06-18,TSLA
TSLA260618P00345000,345.0,16.55,16.45,16.6,104.0,843.0,0.46829755340576174,False,PUT,2026-06-18,TSLA
TSLA260618P00350000,350.0,17.8,17.7,17.9,237.0,8150.0,0.46512375701904296,False,PUT,2026-06-18,TSLA
TSLA260618P00355000,355.0,19.42,19.25,19.4,17.0,1275.0,0.46353685882568363,False,PUT,2026-06-18,TSLA
TSLA260618P00360000,360.0,20.8,20.65,20.8,118.0,3697.0,0.4597984928894043,False,PUT,2026-06-18,TSLA
TSLA260618P00365000,365.0,22.1,22.35,22.45,110.0,911.0,0.4581658187866212,False,PUT,2026-06-18,TSLA
TSLA260618P00370000,370.0,23.42,23.9,24.1,120.0,3272.0,0.45558710922241213,False,PUT,2026-06-18,TSLA
TSLA260618P00375000,375.0,25.72,25.7,25.85,224.0,2715.0,0.45325253784179687,False,PUT,2026-06-18,TSLA
TSLA260618P00380000,380.0,27.49,27.55,27.7,148.0,4505.0,0.45111632873535157,False,PUT,2026-06-18,TSLA
TSLA260618P00385000,385.0,29.28,29.5,29.65,2.0,456.0,0.4491632232666015,False,PUT,2026-06-18,TSLA
TSLA260618P00390000,390.0,31.88,31.5,31.65,28.0,3221.0,0.4468744277954102,False,PUT,2026-06-18,TSLA
TSLA260618P00395000,395.0,32.99,33.65,33.8,9.0,621.0,0.44525701232910153,False,PUT,2026-06-18,TSLA
TSLA260618P00400000,400.0,35.7,35.85,36.0,298.0,14741.0,0.44327338958740237,False,PUT,2026-06-18,TSLA
TSLA260618P00405000,405.0,38.1,38.15,38.4,14.0,899.0,0.44243416458129886,False,PUT,2026-06-18,TSLA
TSLA260618P00410000,410.0,40.5,40.55,40.75,23.0,2263.0,0.4402521795654296,False,PUT,2026-06-18,TSLA
TSLA260618P00415000,415.0,43.0,43.05,43.25,22.0,723.0,0.4386957986450196,False,PUT,2026-06-18,TSLA
TSLA260618P00420000,420.0,45.7,45.6,45.8,182.0,2775.0,0.4368037277221679,True,PUT,2026-06-18,TSLA
TSLA260618P00425000,425.0,48.3,48.3,48.55,46.0,993.0,0.43602553726196286,True,PUT,2026-06-18,TSLA
TSLA260618P00430000,430.0,50.95,51.05,51.25,175.0,7733.0,0.433950362701416,True,PUT,2026-06-18,TSLA
TSLA260618P00435000,435.0,53.4,53.85,54.1,113.0,446.0,0.4325313095092773,True,PUT,2026-06-18,TSLA
TSLA260618P00440000,440.0,55.85,56.75,57.05,161.0,6172.0,0.4312801013183594,True,PUT,2026-06-18,TSLA
TSLA260618P00445000,445.0,57.85,59.75,60.0,12.0,1058.0,0.42923544403076175,True,PUT,2026-06-18,TSLA
TSLA260618P00450000,450.0,63.01,62.8,63.05,187.0,2666.0,0.42738914901733405,True,PUT,2026-06-18,TSLA
TSLA260618P00455000,455.0,65.0,66.05,66.25,30.0,720.0,0.4262294926452637,True,PUT,2026-06-18,TSLA
TSLA260618P00460000,460.0,71.0,69.25,69.5,6.0,816.0,0.424810439453125,True,PUT,2026-06-18,TSLA
TSLA260618P00465000,465.0,68.4,72.6,72.85,2.0,706.0,0.42363552444458,True,PUT,2026-06-18,TSLA
TSLA260618P00470000,470.0,75.7,75.95,76.2,2.0,774.0,0.4217129362487793,True,PUT,2026-06-18,TSLA
TSLA260618P00475000,475.0,74.0,79.4,79.65,2.0,371.0,0.42006500350952153,True,PUT,2026-06-18,TSLA
TSLA260618P00480000,480.0,82.94,83.1,83.4,6.0,926.0,0.42079741806030274,True,PUT,2026-06-18,TSLA
TSLA260618P00485000,485.0,75.25,86.0,87.1,1.0,205.0,0.42033965896606446,True,PUT,2026-06-18,TSLA
TSLA260618P00490000,490.0,93.09,89.85,90.9,2.0,416.0,0.420278624420166,True,PUT,2026-06-18,TSLA
TSLA260618P00495000,495.0,91.49,93.4,94.15,1.0,213.0,0.413519048461914,True,PUT,2026-06-18,TSLA
TSLA260618P00500000,500.0,98.14,96.95,97.95,25.0,6269.0,0.41199318481445313,True,PUT,2026-06-18,TSLA
TSLA260618P00505000,505.0,97.0,100.85,101.8,1.0,40.0,0.4103147348022461,True,PUT,2026-06-18,TSLA
TSLA260618P00510000,510.0,105.61,104.8,105.7,101.0,334.0,0.4085142156982422,True,PUT,2026-06-18,TSLA
TSLA260618P00515000,515.0,101.85,108.95,110.25,1.0,56.0,0.4139005143737792,True,PUT,2026-06-18,TSLA
TSLA260618P00520000,520.0,105.65,112.75,113.65,2.0,731.0,0.4046080047607422,True,PUT,2026-06-18,TSLA
TSLA260618P00525000,525.0,109.55,116.8,117.8,1.0,244.0,0.40381455566406255,True,PUT,2026-06-18,TSLA
TSLA260618P00530000,530.0,124.02,120.8,122.15,11.0,290.0,0.4050657638549804,True,PUT,2026-06-18,TSLA
TSLA260618P00535000,535.0,96.05,125.0,126.05,8.0,29.0,0.39955739608764657,True,PUT,2026-06-18,TSLA
TSLA260618P00540000,540.0,132.54,129.35,130.5,1.0,128.0,0.40097644927978515,True,PUT,2026-06-18,TSLA
TSLA260717C00300000,300.0,138.17,136.15,137.85,2.0,456.0,0.6183204672241213,True,CALL,2026-07-17,TSLA
TSLA260717C00310000,310.0,130.93,127.9,129.45,2.0,123.0,0.6012002770996094,True,CALL,2026-07-17,TSLA
TSLA260717C00320000,320.0,127.12,120.1,121.6,4.0,268.0,0.5891154370117189,True,CALL,2026-07-17,TSLA
TSLA260717C00330000,330.0,113.25,111.85,113.7,20.0,332.0,0.572117315979004,True,CALL,2026-07-17,TSLA
TSLA260717C00340000,340.0,107.19,105.2,106.6,2.0,279.0,0.5674939491271973,True,CALL,2026-07-17,TSLA
TSLA260717C00350000,350.0,96.5,98.2,99.75,3.0,577.0,0.5596967858886719,True,CALL,2026-07-17,TSLA
TSLA260717C00360000,360.0,88.79,91.55,92.8,10.0,187.0,0.5509230699157714,True,CALL,2026-07-17,TSLA
TSLA260717C00370000,370.0,87.03,85.15,86.4,4.0,184.0,0.5440109075927735,True,CALL,2026-07-17,TSLA
TSLA260717C00380000,380.0,80.0,79.1,80.3,1.0,267.0,0.537937970275879,True,CALL,2026-07-17,TSLA
TSLA260717C00390000,390.0,80.9,73.4,74.3,13.0,199.0,0.5316971879577637,True,CALL,2026-07-17,TSLA
TSLA260717C00400000,400.0,68.75,67.55,68.75,254.0,1146.0,0.5245714047241211,True,CALL,2026-07-17,TSLA
TSLA260717C00410000,410.0,64.55,63.0,63.9,23.0,367.0,0.5242509733581542,True,CALL,2026-07-17,TSLA
TSLA260717C00420000,420.0,59.37,58.3,58.55,70.0,713.0,0.5186510537719727,False,CALL,2026-07-17,TSLA
TSLA260717C00430000,430.0,53.8,53.8,54.1,71.0,1095.0,0.515706136932373,False,CALL,2026-07-17,TSLA
TSLA260717C00440000,440.0,50.0,49.7,49.9,64.0,1922.0,0.5134173414611816,False,CALL,2026-07-17,TSLA
TSLA260717C00450000,450.0,46.0,45.75,45.95,224.0,3003.0,0.5107165628051759,False,CALL,2026-07-17,TSLA
TSLA260717C00460000,460.0,42.93,42.1,42.35,55.0,1116.0,0.508793974609375,False,CALL,2026-07-17,TSLA
TSLA260717C00470000,470.0,39.35,38.9,39.1,83.0,575.0,0.5083819914245604,False,CALL,2026-07-17,TSLA
TSLA260717C00480000,480.0,35.82,35.85,36.05,123.0,1098.0,0.5076038009643554,False,CALL,2026-07-17,TSLA
TSLA260717C00490000,490.0,33.37,33.0,33.2,45.0,999.0,0.506764575958252,False,CALL,2026-07-17,TSLA
TSLA260717C00500000,500.0,30.35,30.45,30.65,296.0,3183.0,0.5068866450500489,False,CALL,2026-07-17,TSLA
TSLA260717C00510000,510.0,28.01,27.9,28.1,21.0,530.0,0.5052844882202149,False,CALL,2026-07-17,TSLA
TSLA260717C00520000,520.0,25.6,25.65,25.85,25.0,1208.0,0.504841987762451,False,CALL,2026-07-17,TSLA
TSLA260717C00530000,530.0,23.65,23.6,23.8,39.0,1754.0,0.504765694580078,False,CALL,2026-07-17,TSLA
TSLA260717C00540000,540.0,22.0,21.75,21.9,28.0,1044.0,0.5049182809448242,False,CALL,2026-07-17,TSLA
TSLA260717P00300000,300.0,10.17,10.15,10.3,744.0,1271.0,0.49841810180664065,False,PUT,2026-07-17,TSLA
TSLA260717P00310000,310.0,11.85,11.85,11.9,161.0,888.0,0.4887746435546876,False,PUT,2026-07-17,TSLA
TSLA260717P00320000,320.0,13.5,13.7,13.85,200.0,1229.0,0.48160308441162114,False,PUT,2026-07-17,TSLA
TSLA260717P00330000,330.0,15.95,15.95,16.1,190.0,1607.0,0.4755301470947265,False,PUT,2026-07-17,TSLA
TSLA260717P00340000,340.0,18.05,18.5,18.7,704.0,1195.0,0.4707694525146484,False,PUT,2026-07-17,TSLA
TSLA260717P00350000,350.0,21.4,21.35,21.45,153.0,5737.0,0.4646965151977539,False,PUT,2026-07-17,TSLA
TSLA260717P00360000,360.0,24.55,24.4,24.6,60.0,1252.0,0.4600884069824219,False,PUT,2026-07-17,TSLA
TSLA260717P00370000,370.0,28.0,27.75,28.0,80.0,1135.0,0.45508357421875,False,PUT,2026-07-17,TSLA
TSLA260717P00380000,380.0,31.6,31.65,31.8,194.0,1108.0,0.45117736328125,False,PUT,2026-07-17,TSLA
TSLA260717P00390000,390.0,35.75,35.85,36.0,78.0,3313.0,0.4481714118957519,False,PUT,2026-07-17,TSLA
TSLA260717P00400000,400.0,40.1,40.25,40.5,52.0,2057.0,0.44504339141845706,False,PUT,2026-07-17,TSLA
TSLA260717P00410000,410.0,44.95,45.15,45.4,28.0,2553.0,0.4427088200378418,False,PUT,2026-07-17,TSLA
TSLA260717P00420000,420.0,50.35,50.15,50.4,285.0,1688.0,0.43851269500732426,True,PUT,2026-07-17,TSLA
TSLA260717P00430000,430.0,55.32,55.65,55.85,52.0,1425.0,0.4355982954406738,True,PUT,2026-07-17,TSLA
TSLA260717P00440000,440.0,61.07,61.35,61.65,47.0,1055.0,0.43314165496826174,True,PUT,2026-07-17,TSLA
TSLA260717P00450000,450.0,65.77,67.45,67.7,5.0,1081.0,0.43028828994750984,True,PUT,2026-07-17,TSLA
TSLA260717P00460000,460.0,73.65,73.75,74.05,21.0,431.0,0.42758751129150396,True,PUT,2026-07-17,TSLA
TSLA260717P00470000,470.0,80.0,80.55,80.85,9.0,131.0,0.4264583721923829,True,PUT,2026-07-17,TSLA
TSLA260717P00480000,480.0,86.95,87.25,87.55,4.0,126.0,0.4220486262512207,True,PUT,2026-07-17,TSLA
TSLA260717P00490000,490.0,88.15,94.35,94.7,4.0,425.0,0.41940888214111327,True,PUT,2026-07-17,TSLA
TSLA260717P00500000,500.0,101.4,101.2,102.05,5.0,317.0,0.4163876721191406,True,PUT,2026-07-17,TSLA
TSLA260717P00510000,510.0,104.05,108.75,109.65,2.0,90.0,0.41354956573486323,True,PUT,2026-07-17,TSLA
TSLA260717P00520000,520.0,110.07,116.5,117.9,1.0,91.0,0.4153195675659179,True,PUT,2026-07-17,TSLA
TSLA260717P00530000,530.0,127.04,124.45,125.95,2.0,265.0,0.4130307720947265,True,PUT,2026-07-17,TSLA
TSLA260717P00540000,540.0,122.55,132.55,133.5,1.0,49.0,0.4026091233825684,True,PUT,2026-07-17,TSLA
TSLA260821C00300000,300.0,137.6,140.55,142.3,2.0,281.0,0.6199226240539553,True,CALL,2026-08-21,TSLA
TSLA260821C00310000,310.0,138.26,132.8,134.15,2.0,30.0,0.6056252816772462,True,CALL,2026-08-21,TSLA
TSLA260821C00320000,320.0,137.14,124.5,126.5,1.0,152.0,0.5897410411071777,True,CALL,2026-08-21,TSLA
TSLA260821C00330000,330.0,118.0,118.05,119.25,5.0,158.0,0.5847514669799804,True,CALL,2026-08-21,TSLA
TSLA260821C00340000,340.0,111.45,110.85,112.05,4.0,208.0,0.5740093869018555,True,CALL,2026-08-21,TSLA
TSLA260821C00350000,350.0,104.8,104.1,105.45,20.0,385.0,0.5667920518493652,True,CALL,2026-08-21,TSLA
TSLA260821C00360000,360.0,101.11,97.65,99.0,1.0,135.0,0.5597883377075196,True,CALL,2026-08-21,TSLA
TSLA260821C00370000,370.0,91.0,91.9,93.0,10.0,356.0,0.5561567822265626,True,CALL,2026-08-21,TSLA
TSLA260821C00380000,380.0,86.2,85.85,87.1,7.0,421.0,0.5495955685424806,True,CALL,2026-08-21,TSLA
TSLA260821C00390000,390.0,81.25,80.7,81.5,54.0,203.0,0.5463607376098634,True,CALL,2026-08-21,TSLA
TSLA260821C00400000,400.0,77.2,75.15,76.1,29.0,1486.0,0.5403488348388674,True,CALL,2026-08-21,TSLA
TSLA260821C00410000,410.0,71.3,70.6,71.4,8.0,183.0,0.539540127105713,True,CALL,2026-08-21,TSLA
TSLA260821C00420000,420.0,66.35,65.7,66.6,56.0,908.0,0.5350083120727539,False,CALL,2026-08-21,TSLA
TSLA260821C00430000,430.0,61.8,61.7,62.0,215.0,1290.0,0.533131499786377,False,CALL,2026-08-21,TSLA
TSLA260821C00440000,440.0,57.94,57.55,57.8,65.0,1291.0,0.5304917556762696,False,CALL,2026-08-21,TSLA
TSLA260821C00450000,450.0,53.8,53.7,53.95,53.0,714.0,0.5287370124816897,False,CALL,2026-08-21,TSLA
TSLA260821C00460000,460.0,49.25,50.1,50.35,7.0,436.0,0.5273332179260255,False,CALL,2026-08-21,TSLA
TSLA260821C00470000,470.0,46.7,46.7,47.0,57.0,246.0,0.5261125270080567,False,CALL,2026-08-21,TSLA
TSLA260821C00480000,480.0,43.51,43.4,43.7,27.0,759.0,0.5239458006286621,False,CALL,2026-08-21,TSLA
TSLA260821C00490000,490.0,41.55,40.6,40.85,138.0,293.0,0.5241289042663573,False,CALL,2026-08-21,TSLA
TSLA260821C00500000,500.0,37.84,37.85,38.15,118.0,1050.0,0.523716921081543,False,CALL,2026-08-21,TSLA
TSLA260821C00510000,510.0,35.36,35.2,35.45,11.0,221.0,0.5223131265258788,False,CALL,2026-08-21,TSLA
TSLA260821C00520000,520.0,34.41,32.95,33.2,27.0,733.0,0.5231676101684569,False,CALL,2026-08-21,TSLA
TSLA260821C00530000,530.0,31.3,30.8,31.05,33.0,939.0,0.5236253692626953,False,CALL,2026-08-21,TSLA
TSLA260821C00540000,540.0,29.9,28.6,28.8,16.0,394.0,0.5222063160705566,False,CALL,2026-08-21,TSLA
TSLA260821P00300000,300.0,13.3,13.25,13.4,23.0,2803.0,0.4999439654541016,False,PUT,2026-08-21,TSLA
TSLA260821P00310000,310.0,15.35,15.3,15.5,3.0,1072.0,0.49408464904785165,False,PUT,2026-08-21,TSLA
TSLA260821P00320000,320.0,17.77,17.55,17.8,15.0,1440.0,0.4881185221862793,False,PUT,2026-08-21,TSLA
TSLA260821P00330000,330.0,19.95,20.05,20.3,13.0,623.0,0.4819387744140625,False,PUT,2026-08-21,TSLA
TSLA260821P00340000,340.0,23.1,22.9,23.1,245.0,728.0,0.476567734375,False,PUT,2026-08-21,TSLA
TSLA260821P00350000,350.0,25.22,25.95,26.2,30.0,1308.0,0.4717917811584473,False,PUT,2026-08-21,TSLA
TSLA260821P00360000,360.0,29.54,29.4,29.65,79.0,3012.0,0.46793134613037113,False,PUT,2026-08-21,TSLA
TSLA260821P00370000,370.0,33.05,33.1,33.35,22.0,570.0,0.46393358337402346,False,PUT,2026-08-21,TSLA
TSLA260821P00380000,380.0,36.65,37.2,37.45,61.0,476.0,0.46108021835327156,False,PUT,2026-08-21,TSLA
TSLA260821P00390000,390.0,41.2,41.55,41.85,101.0,2087.0,0.4583946983337403,False,PUT,2026-08-21,TSLA
TSLA260821P00400000,400.0,45.57,46.15,46.45,11.0,2518.0,0.4550530569458008,False,PUT,2026-08-21,TSLA
TSLA260821P00410000,410.0,51.25,51.15,51.45,8.0,507.0,0.45273374420166024,False,PUT,2026-08-21,TSLA
TSLA260821P00420000,420.0,55.84,56.3,56.6,33.0,511.0,0.44940736145019533,True,PUT,2026-08-21,TSLA
TSLA260821P00430000,430.0,61.07,61.95,62.25,19.0,411.0,0.4479425323486328,True,PUT,2026-08-21,TSLA
TSLA260821P00440000,440.0,67.05,67.65,68.0,18.0,658.0,0.44515020187377924,True,PUT,2026-08-21,TSLA
TSLA260821P00450000,450.0,73.85,73.6,73.95,7.0,1314.0,0.4419001123046875,True,PUT,2026-08-21,TSLA
TSLA260821P00460000,460.0,79.65,79.9,80.3,15.0,499.0,0.4398249377441406,True,PUT,2026-08-21,TSLA
TSLA260821P00470000,470.0,86.95,86.45,86.8,16.0,204.0,0.4370173486328125,True,PUT,2026-08-21,TSLA
TSLA260821P00480000,480.0,91.1,93.3,93.7,6.0,409.0,0.43556777816772463,True,PUT,2026-08-21,TSLA
TSLA260821P00490000,490.0,95.83,100.4,100.8,6.0,163.0,0.4339351040649414,True,PUT,2026-08-21,TSLA
TSLA260821P00500000,500.0,107.22,107.4,107.85,4.0,197.0,0.43005941040039064,True,PUT,2026-08-21,TSLA
TSLA260821P00510000,510.0,108.9,114.4,115.4,1.0,173.0,0.4287013917541504,True,PUT,2026-08-21,TSLA
TSLA260821P00520000,520.0,112.95,121.95,123.3,15.0,45.0,0.4288082022094727,True,PUT,2026-08-21,TSLA
TSLA260821P00530000,530.0,126.3,129.7,130.8,2.0,75.0,0.42355923126220707,True,PUT,2026-08-21,TSLA
TSLA260821P00540000,540.0,129.17,137.5,138.85,1.0,98.0,0.42175871215820315,True,PUT,2026-08-21,TSLA
TSLA260918C00300000,300.0,144.44,143.45,145.1,2.0,1309.0,0.6150703776550293,True,CALL,2026-09-18,TSLA
TSLA260918C00310000,310.0,147.0,135.2,137.25,14.0,692.0,0.5988199298095704,True,CALL,2026-09-18,TSLA
TSLA260918C00320000,320.0,130.11,128.5,130.1,3.0,441.0,0.5933115620422365,True,CALL,2026-09-18,TSLA
TSLA260918C00330000,330.0,133.88,121.45,122.9,12.0,961.0,0.5839275006103515,True,CALL,2026-09-18,TSLA
TSLA260918C00340000,340.0,115.05,114.3,116.0,6.0,555.0,0.5739636109924318,True,CALL,2026-09-18,TSLA
TSLA260918C00350000,350.0,108.7,107.5,109.25,17.0,1288.0,0.5648236877441408,True,CALL,2026-09-18,TSLA
TSLA260918C00360000,360.0,116.65,101.95,103.25,1.0,720.0,0.5629621340942383,True,CALL,2026-09-18,TSLA
TSLA260918C00370000,370.0,96.9,95.65,97.15,20.0,729.0,0.5555311781311036,True,CALL,2026-09-18,TSLA
TSLA260918C00375000,375.0,105.7,92.85,94.0,9.0,10.0,0.5522658299255372,True,CALL,2026-09-18,TSLA
TSLA260918C00380000,380.0,90.94,90.05,91.2,6.0,1187.0,0.5500533276367189,True,CALL,2026-09-18,TSLA
TSLA260918C00385000,385.0,98.59,87.3,88.8,2.0,9.0,0.5492293612670901,True,CALL,2026-09-18,TSLA
TSLA260918C00390000,390.0,85.6,84.9,86.0,11.0,615.0,0.5477492735290528,True,CALL,2026-09-18,TSLA
TSLA260918C00395000,395.0,97.0,82.2,83.4,1.0,4.0,0.5454452194213868,True,CALL,2026-09-18,TSLA
TSLA260918C00400000,400.0,80.75,80.0,81.1,34.0,3166.0,0.5458877198791505,True,CALL,2026-09-18,TSLA
TSLA260918C00410000,410.0,76.45,74.6,75.9,4.0,785.0,0.5392349543762209,True,CALL,2026-09-18,TSLA
TSLA260918C00415000,415.0,75.5,72.2,73.45,31.0,13.0,0.5370682279968262,True,CALL,2026-09-18,TSLA
TSLA260918C00420000,420.0,71.68,70.35,71.25,258.0,1305.0,0.5375717630004884,False,CALL,2026-09-18,TSLA
TSLA260918C00425000,425.0,69.35,68.4,68.7,19.0,66.0,0.5359543475341797,False,CALL,2026-09-18,TSLA
TSLA260918C00430000,430.0,67.05,66.25,66.6,33.0,1176.0,0.534886242980957,False,CALL,2026-09-18,TSLA
TSLA260918C00435000,435.0,65.4,64.3,64.65,57.0,117.0,0.5347489152526854,False,CALL,2026-09-18,TSLA
TSLA260918C00440000,440.0,62.69,62.1,62.45,46.0,1343.0,0.5323533093261719,False,CALL,2026-09-18,TSLA
TSLA260918C00445000,445.0,60.92,60.3,60.6,16.0,18.0,0.5324143438720703,False,CALL,2026-09-18,TSLA
TSLA260918C00450000,450.0,58.25,58.4,58.75,367.0,1587.0,0.531727705230713,False,CALL,2026-09-18,TSLA
TSLA260918C00455000,455.0,56.52,56.55,56.85,53.0,171.0,0.5306748593139649,False,CALL,2026-09-18,TSLA
TSLA260918C00460000,460.0,54.77,54.8,55.15,153.0,767.0,0.5303849452209475,False,CALL,2026-09-18,TSLA
TSLA260918C00465000,465.0,53.1,53.05,53.3,7.0,40.0,0.5291947715759278,False,CALL,2026-09-18,TSLA
TSLA260918C00470000,470.0,51.74,51.45,51.7,125.0,2070.0,0.529148995666504,False,CALL,2026-09-18,TSLA
TSLA260918C00475000,475.0,50.05,49.8,50.1,139.0,77.0,0.5285844261169435,False,CALL,2026-09-18,TSLA
TSLA260918C00480000,480.0,48.6,48.3,48.55,104.0,1497.0,0.5284318397521974,False,CALL,2026-09-18,TSLA
TSLA260918C00485000,485.0,47.1,46.75,47.05,59.0,93.0,0.5279740806579589,False,CALL,2026-09-18,TSLA
TSLA260918C00490000,490.0,45.45,45.25,45.55,61.0,1048.0,0.5273789938354493,False,CALL,2026-09-18,TSLA
TSLA260918C00495000,495.0,44.1,43.75,44.05,15.0,87.0,0.5264634756469727,False,CALL,2026-09-18,TSLA
TSLA260918C00500000,500.0,42.59,42.55,42.8,378.0,3488.0,0.5273484765625001,False,CALL,2026-09-18,TSLA
TSLA260918C00505000,505.0,41.28,41.2,41.45,21.0,24.0,0.5269670106506348,False,CALL,2026-09-18,TSLA
TSLA260918C00510000,510.0,40.12,39.9,40.15,21.0,937.0,0.5266923551940919,False,CALL,2026-09-18,TSLA
TSLA260918C00515000,515.0,38.8,38.6,38.9,15.0,6.0,0.5263108892822266,False,CALL,2026-09-18,TSLA
TSLA260918C00520000,520.0,37.65,37.35,37.65,55.0,1675.0,0.5258378715515137,False,CALL,2026-09-18,TSLA
TSLA260918C00525000,525.0,37.0,36.25,36.5,15.0,34.0,0.5260820097351073,False,CALL,2026-09-18,TSLA
TSLA260918C00530000,530.0,36.6,35.05,35.35,51.0,823.0,0.5256395092773438,False,CALL,2026-09-18,TSLA
TSLA260918C00535000,535.0,32.75,34.0,34.3,2.0,68.0,0.5259446820068359,False,CALL,2026-09-18,TSLA
TSLA260918C00540000,540.0,33.36,32.9,33.15,29.0,921.0,0.5253801124572754,False,CALL,2026-09-18,TSLA
TSLA260918P00300000,300.0,15.25,15.25,15.4,122.0,5071.0,0.495122236328125,False,PUT,2026-09-18,TSLA
TSLA260918P00310000,310.0,17.4,17.4,17.65,11.0,1187.0,0.48944602355957045,False,PUT,2026-09-18,TSLA
TSLA260918P00320000,320.0,20.65,19.85,20.1,34.0,3328.0,0.4836935176086426,False,PUT,2026-09-18,TSLA
TSLA260918P00330000,330.0,22.0,22.6,22.85,12.0,1275.0,0.4788565298461914,False,PUT,2026-09-18,TSLA
TSLA260918P00340000,340.0,26.45,25.6,25.85,12.0,1388.0,0.4742331629943848,False,PUT,2026-09-18,TSLA
TSLA260918P00345000,345.0,28.1,27.2,27.4,4.0,199.0,0.47154764297485346,False,PUT,2026-09-18,TSLA
TSLA260918P00350000,350.0,28.95,28.8,29.05,349.0,4056.0,0.46924358886718753,False,PUT,2026-09-18,TSLA
TSLA260918P00355000,355.0,31.65,30.55,30.85,4.0,403.0,0.467778759765625,False,PUT,2026-09-18,TSLA
TSLA260918P00360000,360.0,32.9,32.35,32.65,24.0,3562.0,0.46571884384155277,False,PUT,2026-09-18,TSLA
TSLA260918P00365000,365.0,34.8,34.3,34.6,7.0,19.0,0.464421859741211,False,PUT,2026-09-18,TSLA
TSLA260918P00370000,370.0,36.44,36.25,36.55,7.0,2426.0,0.4625603060913086,False,PUT,2026-09-18,TSLA
TSLA260918P00375000,375.0,36.75,38.3,38.6,21.0,15.0,0.4610039251708985,False,PUT,2026-09-18,TSLA
TSLA260918P00380000,380.0,40.5,40.45,40.75,35.0,3125.0,0.4597374583435059,False,PUT,2026-09-18,TSLA
TSLA260918P00385000,385.0,41.4,42.65,42.95,14.0,147.0,0.45833366378784185,False,PUT,2026-09-18,TSLA
TSLA260918P00390000,390.0,44.6,44.85,45.15,14.0,2059.0,0.456411075592041,False,PUT,2026-09-18,TSLA
TSLA260918P00395000,395.0,46.65,47.2,47.5,4.0,57.0,0.4551598674011231,False,PUT,2026-09-18,TSLA
TSLA260918P00400000,400.0,49.5,49.55,49.9,66.0,3386.0,0.4537865901184082,False,PUT,2026-09-18,TSLA
TSLA260918P00405000,405.0,53.35,52.05,52.35,18.0,18.0,0.4523065023803712,False,PUT,2026-09-18,TSLA
TSLA260918P00410000,410.0,54.9,54.6,54.9,19.0,1480.0,0.45110107009887696,False,PUT,2026-09-18,TSLA
TSLA260918P00415000,415.0,56.8,57.3,57.65,5.0,23.0,0.45091796646118165,False,PUT,2026-09-18,TSLA
TSLA260918P00420000,420.0,60.25,59.75,60.1,157.0,2210.0,0.447973049621582,True,PUT,2026-09-18,TSLA
TSLA260918P00425000,425.0,62.71,62.5,62.9,6.0,54.0,0.4472101177978516,True,PUT,2026-09-18,TSLA
TSLA260918P00430000,430.0,65.2,65.5,65.85,10.0,1340.0,0.4471033073425293,True,PUT,2026-09-18,TSLA
TSLA260918P00435000,435.0,71.15,68.25,68.6,2.0,165.0,0.44501287414550783,True,PUT,2026-09-18,TSLA
TSLA260918P00440000,440.0,69.15,71.15,71.55,40.0,2377.0,0.44397528686523435,True,PUT,2026-09-18,TSLA
TSLA260918P00445000,445.0,74.68,74.2,74.55,5.0,24.0,0.4428614064025879,True,PUT,2026-09-18,TSLA
TSLA260918P00450000,450.0,76.95,77.25,77.6,3.0,1361.0,0.44167123275756837,True,PUT,2026-09-18,TSLA
TSLA260918P00455000,455.0,79.15,80.5,80.9,5.0,15.0,0.4419153709411621,True,PUT,2026-09-18,TSLA
TSLA260918P00460000,460.0,83.86,83.45,83.85,125.0,587.0,0.439107781829834,True,PUT,2026-09-18,TSLA
TSLA260918P00465000,465.0,81.35,86.7,87.15,2.0,12.0,0.43849743637084965,True,PUT,2026-09-18,TSLA
TSLA260918P00470000,470.0,90.2,90.05,90.5,62.0,526.0,0.4378413150024414,True,PUT,2026-09-18,TSLA
TSLA260918P00475000,475.0,82.15,93.35,93.8,11.0,12.0,0.43639174453735347,True,PUT,2026-09-18,TSLA
TSLA260918P00480000,480.0,91.55,96.9,97.3,1.0,2055.0,0.4360713131713867,True,PUT,2026-09-18,TSLA
TSLA260918P00485000,485.0,93.9,100.15,100.6,69.0,39.0,0.43379777633667,True,PUT,2026-09-18,TSLA
TSLA260918P00490000,490.0,101.15,103.7,104.15,1.0,184.0,0.43305010314941406,True,PUT,2026-09-18,TSLA
TSLA260918P00495000,495.0,101.3,107.15,107.6,,1.0,0.43112751495361334,True,PUT,2026-09-18,TSLA
TSLA260918P00500000,500.0,110.1,110.75,111.25,1.0,821.0,0.4303645831298829,True,PUT,2026-09-18,TSLA
TSLA260918P00510000,510.0,104.95,118.1,118.6,1.0,80.0,0.42812156356811526,True,PUT,2026-09-18,TSLA
TSLA260918P00520000,520.0,122.74,125.1,126.15,10.0,356.0,0.42600061309814463,True,PUT,2026-09-18,TSLA
TSLA260918P00530000,530.0,124.9,132.85,134.3,1.0,148.0,0.4274959594726563,True,PUT,2026-09-18,TSLA
TSLA260918P00540000,540.0,133.72,140.5,141.6,5.0,42.0,0.42020233123779294,True,PUT,2026-09-18,TSLA
TSLA261120C00295000,295.0,153.35,154.05,155.75,1.0,56.0,0.6196632272338869,True,CALL,2026-11-20,TSLA
TSLA261120C00300000,300.0,162.63,150.5,152.25,76.0,40.0,0.616062189025879,True,CALL,2026-11-20,TSLA
TSLA261120C00305000,305.0,152.3,146.9,148.65,,10.0,0.6113625289916994,True,CALL,2026-11-20,TSLA
TSLA261120C00310000,310.0,158.65,143.35,145.1,10.0,11.0,0.6068307139587403,True,CALL,2026-11-20,TSLA
TSLA261120C00315000,315.0,158.7,139.95,141.6,,6.0,0.6029092443847659,True,CALL,2026-11-20,TSLA
TSLA261120C00320000,320.0,152.5,136.55,138.3,3.0,2.0,0.5995370857238771,True,CALL,2026-11-20,TSLA
TSLA261120C00330000,330.0,131.24,129.95,131.5,3.0,5.0,0.5917704397583009,True,CALL,2026-11-20,TSLA
TSLA261120C00345000,345.0,128.01,120.45,122.05,1.0,4.0,0.582508447418213,True,CALL,2026-11-20,TSLA
TSLA261120C00350000,350.0,128.9,117.4,118.8,2.0,84.0,0.5788158573913573,True,CALL,2026-11-20,TSLA
TSLA261120C00355000,355.0,117.3,114.45,115.9,1.0,104.0,0.5765880964660646,True,CALL,2026-11-20,TSLA
TSLA261120C00360000,360.0,134.4,110.85,112.65,7.0,5.0,0.5701489518737792,True,CALL,2026-11-20,TSLA
TSLA261120C00365000,365.0,124.55,108.55,109.9,5.0,5.0,0.5703320555114746,True,CALL,2026-11-20,TSLA
TSLA261120C00370000,370.0,116.81,105.9,107.25,3.0,3.0,0.5691876577758789,True,CALL,2026-11-20,TSLA
TSLA261120C00375000,375.0,102.9,103.25,104.7,2.0,4.0,0.5680432600402832,True,CALL,2026-11-20,TSLA
TSLA261120C00380000,380.0,101.0,100.55,101.75,3.0,11.0,0.5648999809265138,True,CALL,2026-11-20,TSLA
TSLA261120C00385000,385.0,109.9,97.85,99.1,1.0,4.0,0.5625348922729493,True,CALL,2026-11-20,TSLA
TSLA261120C00390000,390.0,100.4,95.5,96.5,1.0,17.0,0.5612989427185058,True,CALL,2026-11-20,TSLA
TSLA261120C00395000,395.0,91.11,92.45,93.9,2.0,3.0,0.5572401454162599,True,CALL,2026-11-20,TSLA
TSLA261120C00400000,400.0,93.13,90.6,91.6,5.0,54.0,0.5582014395141602,True,CALL,2026-11-20,TSLA
TSLA261120C00405000,405.0,85.9,87.85,89.15,1.0,34.0,0.5551191949462893,True,CALL,2026-11-20,TSLA
TSLA261120C00410000,410.0,89.65,85.95,87.05,10.0,31.0,0.5559126440429689,True,CALL,2026-11-20,TSLA
TSLA261120C00415000,415.0,93.79,83.7,84.75,1.0,4.0,0.5544783322143555,True,CALL,2026-11-20,TSLA
TSLA261120C00420000,420.0,81.4,81.55,82.5,12.0,20.0,0.5532576412963868,False,CALL,2026-11-20,TSLA
TSLA261120C00425000,425.0,81.63,79.25,80.4,411.0,25.0,0.5517317776489258,False,CALL,2026-11-20,TSLA
TSLA261120C00430000,430.0,79.45,77.4,78.3,5.0,25.0,0.551434234237671,False,CALL,2026-11-20,TSLA
TSLA261120C00435000,435.0,76.97,75.4,75.8,401.0,412.0,0.5489852230834963,False,CALL,2026-11-20,TSLA
TSLA261120C00440000,440.0,74.01,73.55,73.9,2.0,448.0,0.5487868608093263,False,CALL,2026-11-20,TSLA
TSLA261120C00445000,445.0,70.55,71.65,72.0,14.0,26.0,0.5481307394409182,False,CALL,2026-11-20,TSLA
TSLA261120C00450000,450.0,70.78,69.7,70.1,36.0,79.0,0.5470168589782716,False,CALL,2026-11-20,TSLA
TSLA261120C00455000,455.0,68.93,68.0,68.3,43.0,52.0,0.5468108673858644,False,CALL,2026-11-20,TSLA
TSLA261120C00460000,460.0,66.75,66.15,66.5,15.0,51.0,0.5458266853332521,False,CALL,2026-11-20,TSLA
TSLA261120C00465000,465.0,66.0,64.45,64.8,1.0,28.0,0.5454147021484376,False,CALL,2026-11-20,TSLA
TSLA261120C00470000,470.0,63.85,62.7,63.0,14.0,52.0,0.5442397871398927,False,CALL,2026-11-20,TSLA
TSLA261120C00475000,475.0,61.42,61.25,61.6,19.0,42.0,0.5451400466918946,False,CALL,2026-11-20,TSLA
TSLA261120C00480000,480.0,61.3,59.65,60.0,6.0,38.0,0.5446212530517578,False,CALL,2026-11-20,TSLA
TSLA261120C00485000,485.0,57.15,58.1,58.45,15.0,35.0,0.5441940112304688,False,CALL,2026-11-20,TSLA
TSLA261120C00490000,490.0,56.5,56.55,56.95,2.0,37.0,0.5436828469085694,False,CALL,2026-11-20,TSLA
TSLA261120C00495000,495.0,55.45,55.1,55.45,6.0,66.0,0.543270863723755,False,CALL,2026-11-20,TSLA
TSLA261120C00500000,500.0,54.5,53.6,53.95,72.0,155.0,0.5424545266723634,False,CALL,2026-11-20,TSLA
TSLA261120C00505000,505.0,51.45,52.35,52.65,2.0,19.0,0.5429275444030763,False,CALL,2026-11-20,TSLA
TSLA261120C00510000,510.0,52.09,50.85,51.2,1.0,20.0,0.5418289225769044,False,CALL,2026-11-20,TSLA
TSLA261120C00515000,515.0,49.78,49.7,50.05,5.0,57.0,0.5426834062194825,False,CALL,2026-11-20,TSLA
TSLA261120C00520000,520.0,46.3,48.35,48.7,2.0,34.0,0.5419967675781252,False,CALL,2026-11-20,TSLA
TSLA261120C00525000,525.0,46.35,47.2,47.5,11.0,7.0,0.5422714230346681,False,CALL,2026-11-20,TSLA
TSLA261120C00530000,530.0,45.15,46.0,46.3,14.0,317.0,0.542164612579346,False,CALL,2026-11-20,TSLA
TSLA261120C00535000,535.0,45.0,44.8,45.1,7.0,93.0,0.5418594398498537,False,CALL,2026-11-20,TSLA
TSLA261120C00540000,540.0,44.1,43.65,43.95,21.0,144.0,0.5417068534851075,False,CALL,2026-11-20,TSLA
TSLA261120P00295000,295.0,18.55,19.25,19.5,14.0,44.0,0.5006611213684082,False,PUT,2026-11-20,TSLA
TSLA261120P00300000,300.0,20.0,20.4,20.6,1063.0,66.0,0.49658706542968756,False,PUT,2026-11-20,TSLA
TSLA261120P00305000,305.0,20.65,21.75,22.0,1.0,3.0,0.4952137881469727,False,PUT,2026-11-20,TSLA
TSLA261120P00310000,310.0,22.99,23.0,23.25,4.0,21.0,0.4917805949401856,False,PUT,2026-11-20,TSLA
TSLA261120P00315000,315.0,24.15,24.4,24.65,1.0,54.0,0.489384989013672,False,PUT,2026-11-20,TSLA
TSLA261120P00320000,320.0,25.71,25.85,26.1,8.0,132.0,0.48697412445068367,False,PUT,2026-11-20,TSLA
TSLA261120P00325000,325.0,27.1,27.35,27.6,2.0,28.0,0.48456325988769533,False,PUT,2026-11-20,TSLA
TSLA261120P00330000,330.0,28.93,28.85,29.15,6.0,627.0,0.4821371366882325,False,PUT,2026-11-20,TSLA
TSLA261120P00335000,335.0,30.8,30.65,30.9,6.0,57.0,0.4809927389526367,False,PUT,2026-11-20,TSLA
TSLA261120P00340000,340.0,32.47,32.25,32.6,27.0,209.0,0.4789328230285644,False,PUT,2026-11-20,TSLA
TSLA261120P00345000,345.0,32.55,33.95,34.2,5.0,74.0,0.47559118164062497,False,PUT,2026-11-20,TSLA
TSLA261120P00350000,350.0,35.7,35.85,36.15,16.0,645.0,0.4747061807250976,False,PUT,2026-11-20,TSLA
TSLA261120P00355000,355.0,38.1,37.85,38.15,1.0,120.0,0.4737448866271973,False,PUT,2026-11-20,TSLA
TSLA261120P00360000,360.0,38.44,39.65,40.0,2.0,219.0,0.4711204011535644,False,PUT,2026-11-20,TSLA
TSLA261120P00365000,365.0,41.85,41.75,42.05,6.0,109.0,0.469655572052002,False,PUT,2026-11-20,TSLA
TSLA261120P00370000,370.0,43.3,43.85,44.15,20.0,610.0,0.4681144497680664,False,PUT,2026-11-20,TSLA
TSLA261120P00375000,375.0,43.45,46.05,46.4,8.0,91.0,0.46727522476196287,False,PUT,2026-11-20,TSLA
TSLA261120P00380000,380.0,48.3,48.35,48.7,255.0,445.0,0.4663597065734864,False,PUT,2026-11-20,TSLA
TSLA261120P00385000,385.0,49.51,50.65,51.0,2.0,15.0,0.4650169465637208,False,PUT,2026-11-20,TSLA
TSLA261120P00390000,390.0,52.55,53.0,53.35,2.0,246.0,0.46361315200805664,False,PUT,2026-11-20,TSLA
TSLA261120P00395000,395.0,53.4,55.4,55.8,15.0,54.0,0.46252978881835943,False,PUT,2026-11-20,TSLA
TSLA261120P00400000,400.0,58.1,57.7,58.1,37.0,1367.0,0.45999685516357425,False,PUT,2026-11-20,TSLA
TSLA261120P00405000,405.0,59.1,60.35,60.7,5.0,19.0,0.45917288879394536,False,PUT,2026-11-20,TSLA
TSLA261120P00410000,410.0,64.65,63.05,63.45,4.0,38.0,0.45898978515625005,False,PUT,2026-11-20,TSLA
TSLA261120P00415000,415.0,68.5,65.6,66.0,1.0,61.0,0.45704430900573734,False,PUT,2026-11-20,TSLA
TSLA261120P00420000,420.0,68.65,68.45,68.8,72.0,46.0,0.45642633422851564,True,PUT,2026-11-20,TSLA
TSLA261120P00425000,425.0,70.25,71.15,71.55,7.0,76.0,0.45511409149169924,True,PUT,2026-11-20,TSLA
TSLA261120P00430000,430.0,74.48,73.95,74.3,25.0,95.0,0.45342801216125495,True,PUT,2026-11-20,TSLA
TSLA261120P00435000,435.0,76.76,76.9,77.25,17.0,38.0,0.45273374420166024,True,PUT,2026-11-20,TSLA
TSLA261120P00440000,440.0,80.05,79.8,80.25,4.0,12.0,0.4520165882873535,True,PUT,2026-11-20,TSLA
TSLA261120P00445000,445.0,78.9,82.85,83.3,4.0,12.0,0.451276544418335,True,PUT,2026-11-20,TSLA
TSLA261120P00450000,450.0,89.0,86.05,86.45,3.0,43.0,0.45085693191528325,True,PUT,2026-11-20,TSLA
TSLA261120P00455000,455.0,90.95,89.0,89.45,3.0,29.0,0.4491174473571777,True,PUT,2026-11-20,TSLA
TSLA261120P00460000,460.0,92.59,92.15,92.6,5.0,11.0,0.44803408416748036,True,PUT,2026-11-20,TSLA
TSLA261120P00465000,465.0,91.1,95.35,95.85,4.0,7.0,0.44729404029846187,True,PUT,2026-11-20,TSLA
TSLA261120P00470000,470.0,97.3,98.6,98.95,3.0,5.0,0.4452264950561523,True,PUT,2026-11-20,TSLA
TSLA261120P00475000,475.0,96.1,101.9,102.4,3.0,10.0,0.44518071914672847,True,PUT,2026-11-20,TSLA
TSLA261120P00480000,480.0,100.84,105.25,105.65,32.0,44.0,0.44348701049804684,True,PUT,2026-11-20,TSLA
TSLA261120P00485000,485.0,106.82,108.65,109.05,2.0,3.0,0.4424799404907227,True,PUT,2026-11-20,TSLA
TSLA261120P00490000,490.0,105.4,112.05,112.55,,2.0,0.44184670707702633,True,PUT,2026-11-20,TSLA
TSLA261120P00500000,500.0,107.25,119.0,119.55,32.0,35.0,0.43968761001586915,True,PUT,2026-11-20,TSLA
TSLA261120P00505000,505.0,115.8,122.55,123.05,,1.0,0.43816174636840827,True,PUT,2026-11-20,TSLA
TSLA261120P00515000,515.0,127.9,129.85,130.4,,1.0,0.4366511413574219,True,PUT,2026-11-20,TSLA
TSLA261120P00535000,535.0,135.6,144.7,145.3,,1.0,0.4316768258666992,True,PUT,2026-11-20,TSLA
TSLA261218C00300000,300.0,150.47,153.4,153.95,6.0,5080.0,0.6106301144409182,True,CALL,2026-12-18,TSLA
TSLA261218C00310000,310.0,144.63,146.4,146.85,15.0,1101.0,0.6017038121032716,True,CALL,2026-12-18,TSLA
TSLA261218C00320000,320.0,140.81,139.5,139.95,5.0,1208.0,0.5929606134033205,True,CALL,2026-12-18,TSLA
TSLA261218C00330000,330.0,136.25,133.25,133.75,5.0,5068.0,0.5886424192810058,True,CALL,2026-12-18,TSLA
TSLA261218C00340000,340.0,126.86,127.0,127.45,13.0,1881.0,0.5825542233276367,True,CALL,2026-12-18,TSLA
TSLA261218C00350000,350.0,123.3,120.95,121.45,18.0,4808.0,0.577152666015625,True,CALL,2026-12-18,TSLA
TSLA261218C00360000,360.0,116.74,115.15,115.65,40.0,1276.0,0.5722088677978516,True,CALL,2026-12-18,TSLA
TSLA261218C00370000,370.0,108.4,109.6,110.1,2.0,2603.0,0.5678448977661132,True,CALL,2026-12-18,TSLA
TSLA261218C00380000,380.0,105.4,104.35,104.75,44.0,5560.0,0.5640531266021729,True,CALL,2026-12-18,TSLA
TSLA261218C00390000,390.0,99.65,99.3,99.75,11.0,1558.0,0.5609632527160646,True,CALL,2026-12-18,TSLA
TSLA261218C00400000,400.0,94.25,94.5,94.95,202.0,5482.0,0.5582014395141602,True,CALL,2026-12-18,TSLA
TSLA261218C00410000,410.0,90.3,89.9,90.35,10.0,1424.0,0.5556303592681886,True,CALL,2026-12-18,TSLA
TSLA261218C00420000,420.0,86.08,85.55,86.0,44.0,1777.0,0.5535780726623536,False,CALL,2026-12-18,TSLA
TSLA261218C00430000,430.0,81.7,81.45,81.85,38.0,1685.0,0.5518996226501465,False,CALL,2026-12-18,TSLA
TSLA261218C00440000,440.0,77.6,77.6,77.9,44.0,1195.0,0.5506026385498048,False,CALL,2026-12-18,TSLA
TSLA261218C00450000,450.0,74.07,73.75,74.1,154.0,6805.0,0.5487487142181398,False,CALL,2026-12-18,TSLA
TSLA261218C00460000,460.0,70.53,70.05,70.45,32.0,2042.0,0.5468642726135255,False,CALL,2026-12-18,TSLA
TSLA261218C00470000,470.0,66.6,66.85,67.25,39.0,2571.0,0.5470397469329835,False,CALL,2026-12-18,TSLA
TSLA261218C00480000,480.0,63.7,63.55,63.95,42.0,3651.0,0.5456435816955567,False,CALL,2026-12-18,TSLA
TSLA261218C00490000,490.0,60.82,60.6,60.95,25.0,1387.0,0.5454299607849122,False,CALL,2026-12-18,TSLA
TSLA261218C00500000,500.0,57.93,57.7,58.05,417.0,8174.0,0.5448196153259277,False,CALL,2026-12-18,TSLA
TSLA261218C00510000,510.0,55.9,54.85,55.25,82.0,1430.0,0.5438583212280274,False,CALL,2026-12-18,TSLA
TSLA261218C00520000,520.0,52.53,52.2,52.5,73.0,1129.0,0.5428817684936526,False,CALL,2026-12-18,TSLA
TSLA261218C00530000,530.0,50.9,49.85,50.2,9.0,1951.0,0.5435607778167726,False,CALL,2026-12-18,TSLA
TSLA261218C00540000,540.0,47.7,47.45,47.8,45.0,4171.0,0.5430190962219239,False,CALL,2026-12-18,TSLA
TSLA261218P00300000,300.0,22.4,22.3,22.5,762.0,5123.0,0.49370318313598643,False,PUT,2026-12-18,TSLA
TSLA261218P00310000,310.0,25.17,25.05,25.3,1.0,2228.0,0.4893544717407228,False,PUT,2026-12-18,TSLA
TSLA261218P00320000,320.0,28.1,28.0,28.3,61.0,1584.0,0.4850210189819336,False,PUT,2026-12-18,TSLA
TSLA261218P00330000,330.0,31.0,31.2,31.55,8.0,1689.0,0.4810842907714844,False,PUT,2026-12-18,TSLA
TSLA261218P00340000,340.0,34.7,34.55,34.9,35.0,1725.0,0.47627782028198246,False,PUT,2026-12-18,TSLA
TSLA261218P00350000,350.0,38.25,38.4,38.7,72.0,7388.0,0.47337867935180666,False,PUT,2026-12-18,TSLA
TSLA261218P00360000,360.0,42.5,42.3,42.65,419.0,2241.0,0.4699607447814942,False,PUT,2026-12-18,TSLA
TSLA261218P00370000,370.0,45.69,46.5,46.85,15.0,1113.0,0.4667869483947754,False,PUT,2026-12-18,TSLA
TSLA261218P00380000,380.0,50.75,51.05,51.4,119.0,3873.0,0.4645439288330079,False,PUT,2026-12-18,TSLA
TSLA261218P00390000,390.0,55.82,55.65,56.0,20.0,4645.0,0.4611107356262208,False,PUT,2026-12-18,TSLA
TSLA261218P00400000,400.0,60.9,60.6,61.05,48.0,4600.0,0.4592720699310303,False,PUT,2026-12-18,TSLA
TSLA261218P00410000,410.0,65.67,65.8,66.2,15.0,3096.0,0.45665521377563484,False,PUT,2026-12-18,TSLA
TSLA261218P00420000,420.0,71.0,71.25,71.7,314.0,1762.0,0.4549309878540039,True,PUT,2026-12-18,TSLA
TSLA261218P00430000,430.0,77.13,76.85,77.3,214.0,6284.0,0.45250486465454104,True,PUT,2026-12-18,TSLA
TSLA261218P00440000,440.0,82.72,82.7,83.25,17.0,2925.0,0.4510247769165039,True,PUT,2026-12-18,TSLA
TSLA261218P00450000,450.0,88.5,88.75,89.3,17.0,1915.0,0.4489038264465332,True,PUT,2026-12-18,TSLA
TSLA261218P00460000,460.0,95.33,95.1,95.6,134.0,2099.0,0.4471338246154785,True,PUT,2026-12-18,TSLA
TSLA261218P00470000,470.0,101.45,101.45,102.0,42.0,1871.0,0.44481451187133786,True,PUT,2026-12-18,TSLA
TSLA261218P00480000,480.0,108.1,108.1,108.65,10.0,4317.0,0.4429224409484864,True,PUT,2026-12-18,TSLA
TSLA261218P00490000,490.0,115.58,115.1,115.6,1.0,643.0,0.4418314484405518,True,PUT,2026-12-18,TSLA
TSLA261218P00500000,500.0,122.05,121.9,122.35,100.0,6417.0,0.4383448500061035,True,PUT,2026-12-18,TSLA
TSLA261218P00510000,510.0,129.08,129.05,129.55,10.0,623.0,0.43671217590332034,True,PUT,2026-12-18,TSLA
TSLA261218P00520000,520.0,134.2,136.45,137.0,4.0,258.0,0.4356898472595215,True,PUT,2026-12-18,TSLA
TSLA261218P00530000,530.0,144.0,143.7,144.25,3.0,472.0,0.43230242996215823,True,PUT,2026-12-18,TSLA
TSLA261218P00540000,540.0,144.7,151.15,151.7,1.0,346.0,0.42923544403076175,True,PUT,2026-12-18,TSLA
TSLA270115C00300000,300.0,157.65,155.9,157.6,61.0,8807.0,0.612979944458008,True,CALL,2027-01-15,TSLA
TSLA270115C00310000,310.0,148.44,148.4,150.5,96.0,2835.0,0.6011697598266602,True,CALL,2027-01-15,TSLA
TSLA270115C00320000,320.0,144.69,142.5,144.05,17.0,2145.0,0.5976907907104493,True,CALL,2027-01-15,TSLA
TSLA270115C00330000,330.0,138.65,136.15,137.55,21.0,2152.0,0.5909006974792481,True,CALL,2027-01-15,TSLA
TSLA270115C00340000,340.0,130.25,130.0,131.4,28.0,1090.0,0.5850871569824219,True,CALL,2027-01-15,TSLA
TSLA270115C00350000,350.0,123.65,124.15,125.4,110.0,5427.0,0.5798229273986817,True,CALL,2027-01-15,TSLA
TSLA270115C00360000,360.0,118.79,118.5,119.95,19.0,2761.0,0.5760921907806396,True,CALL,2027-01-15,TSLA
TSLA270115C00370000,370.0,113.36,113.1,114.55,10.0,1923.0,0.5722393850708009,True,CALL,2027-01-15,TSLA
TSLA270115C00380000,380.0,108.75,107.85,109.45,42.0,2080.0,0.5688061918640137,True,CALL,2027-01-15,TSLA
TSLA270115C00390000,390.0,103.6,103.05,104.2,27.0,1117.0,0.5652661882019043,True,CALL,2027-01-15,TSLA
TSLA270115C00400000,400.0,98.69,98.2,99.25,311.0,17896.0,0.5614973049926758,True,CALL,2027-01-15,TSLA
TSLA270115C00410000,410.0,94.0,93.65,95.0,13.0,1707.0,0.5599104067993165,True,CALL,2027-01-15,TSLA
TSLA270115C00420000,420.0,89.59,89.2,90.2,193.0,3530.0,0.5558516094970705,False,CALL,2027-01-15,TSLA
TSLA270115C00430000,430.0,85.6,85.0,86.05,255.0,4061.0,0.5536543658447266,False,CALL,2027-01-15,TSLA
TSLA270115C00440000,440.0,82.15,81.4,81.8,538.0,2473.0,0.5520522090148927,False,CALL,2027-01-15,TSLA
TSLA270115C00450000,450.0,77.61,77.65,78.1,342.0,5745.0,0.5507399662780763,False,CALL,2027-01-15,TSLA
TSLA270115C00460000,460.0,74.55,74.1,74.5,43.0,2315.0,0.5494277235412599,False,CALL,2027-01-15,TSLA
TSLA270115C00470000,470.0,71.0,70.7,71.15,90.0,1456.0,0.5484664294433594,False,CALL,2027-01-15,TSLA
TSLA270115C00480000,480.0,67.83,67.5,67.9,43.0,1801.0,0.5475585405731201,False,CALL,2027-01-15,TSLA
TSLA270115C00490000,490.0,64.5,64.4,64.8,27.0,2156.0,0.5465972464752198,False,CALL,2027-01-15,TSLA
TSLA270115C00500000,500.0,61.74,61.4,61.8,597.0,16153.0,0.5454528487396241,False,CALL,2027-01-15,TSLA
TSLA270115C00510000,510.0,60.0,58.7,59.1,7.0,2321.0,0.5453765555572511,False,CALL,2027-01-15,TSLA
TSLA270115C00520000,520.0,56.35,56.05,56.45,274.0,2106.0,0.5448806498718262,False,CALL,2027-01-15,TSLA
TSLA270115C00530000,530.0,53.95,53.6,53.95,435.0,1287.0,0.5447433221435547,False,CALL,2027-01-15,TSLA
TSLA270115C00540000,540.0,51.5,51.15,51.6,25.0,3250.0,0.5443923735046388,False,CALL,2027-01-15,TSLA
TSLA270115P00300000,300.0,24.25,24.15,24.4,326.0,11878.0,0.49170430175781255,False,PUT,2027-01-15,TSLA
TSLA270115P00310000,310.0,27.2,26.9,27.2,8.0,1811.0,0.48650110671997077,False,PUT,2027-01-15,TSLA
TSLA270115P00320000,320.0,29.93,30.0,30.3,20.0,3063.0,0.4822744644165039,False,PUT,2027-01-15,TSLA
TSLA270115P00330000,330.0,33.4,33.35,33.7,105.0,4451.0,0.4788870471191406,False,PUT,2027-01-15,TSLA
TSLA270115P00340000,340.0,36.5,36.85,37.25,246.0,1224.0,0.4750571293640136,False,PUT,2027-01-15,TSLA
TSLA270115P00350000,350.0,41.0,40.55,40.95,59.0,5478.0,0.47081522842407225,False,PUT,2027-01-15,TSLA
TSLA270115P00360000,360.0,45.0,44.6,45.0,119.0,2684.0,0.4676566906738281,False,PUT,2027-01-15,TSLA
TSLA270115P00370000,370.0,48.69,48.9,49.35,8.0,1744.0,0.46512375701904296,False,PUT,2027-01-15,TSLA
TSLA270115P00380000,380.0,52.37,53.55,54.0,119.0,3187.0,0.4631553929138184,False,PUT,2027-01-15,TSLA
TSLA270115P00390000,390.0,60.2,58.2,58.7,5.0,2070.0,0.46010366561889654,False,PUT,2027-01-15,TSLA
TSLA270115P00400000,400.0,63.25,63.15,63.65,83.0,4935.0,0.4573418524169922,False,PUT,2027-01-15,TSLA
TSLA270115P00410000,410.0,68.15,68.55,69.0,37.0,1356.0,0.4558159887695313,False,PUT,2027-01-15,TSLA
TSLA270115P00420000,420.0,73.75,73.9,74.35,470.0,1875.0,0.45299314102172855,True,PUT,2027-01-15,TSLA
TSLA270115P00430000,430.0,80.05,79.55,80.1,48.0,2139.0,0.4514215014648438,True,PUT,2027-01-15,TSLA
TSLA270115P00440000,440.0,85.4,85.25,85.7,17.0,1809.0,0.4477289114379882,True,PUT,2027-01-15,TSLA
TSLA270115P00450000,450.0,91.75,91.45,92.05,130.0,1622.0,0.4474695146179199,True,PUT,2027-01-15,TSLA
TSLA270115P00460000,460.0,97.9,97.75,98.2,4.0,1119.0,0.4448450291442871,True,PUT,2027-01-15,TSLA
TSLA270115P00470000,470.0,104.2,104.15,104.65,5.0,924.0,0.44294532890319827,True,PUT,2027-01-15,TSLA
TSLA270115P00480000,480.0,110.8,110.7,111.25,6.0,1155.0,0.44089304229736326,True,PUT,2027-01-15,TSLA
TSLA270115P00490000,490.0,113.15,117.55,118.15,18.0,510.0,0.4396418341064453,True,PUT,2027-01-15,TSLA
TSLA270115P00500000,500.0,123.2,124.5,125.05,4.0,1613.0,0.4373835559082031,True,PUT,2027-01-15,TSLA
TSLA270115P00510000,510.0,124.8,131.7,132.15,1.0,373.0,0.4353846745300293,True,PUT,2027-01-15,TSLA
TSLA270115P00520000,520.0,133.95,138.7,139.3,14.0,295.0,0.4327144131469727,True,PUT,2027-01-15,TSLA
TSLA270115P00530000,530.0,145.0,146.1,146.65,1.0,190.0,0.4303798417663575,True,PUT,2027-01-15,TSLA
TSLA270115P00540000,540.0,148.5,153.8,154.4,14.0,360.0,0.42970846176147465,True,PUT,2027-01-15,TSLA
TSLA270617C00300000,300.0,171.69,170.7,172.85,50.0,7623.0,0.6201362449645997,True,CALL,2027-06-17,TSLA
TSLA270617C00310000,310.0,164.0,164.65,166.65,6.0,1397.0,0.6143227044677735,True,CALL,2027-06-17,TSLA
TSLA270617C00320000,320.0,161.0,158.6,160.8,12.0,1440.0,0.608875371246338,True,CALL,2027-06-17,TSLA
TSLA270617C00330000,330.0,153.51,152.9,155.15,2.0,3368.0,0.6044198493957522,True,CALL,2027-06-17,TSLA
TSLA270617C00340000,340.0,149.0,147.5,149.45,3.0,969.0,0.5999490689086916,True,CALL,2027-06-17,TSLA
TSLA270617C00350000,350.0,143.76,142.1,144.15,40.0,2565.0,0.5959055302429199,True,CALL,2027-06-17,TSLA
TSLA270617C00360000,360.0,138.11,137.0,138.7,6.0,1286.0,0.5915568188476563,True,CALL,2027-06-17,TSLA
TSLA270617C00370000,370.0,133.19,132.1,133.8,15.0,1540.0,0.5886576779174805,True,CALL,2027-06-17,TSLA
TSLA270617C00380000,380.0,127.81,127.3,128.95,40.0,870.0,0.5854381056213378,True,CALL,2027-06-17,TSLA
TSLA270617C00390000,390.0,123.05,122.85,124.5,1.0,798.0,0.58359181060791,True,CALL,2027-06-17,TSLA
TSLA270617C00400000,400.0,119.3,118.5,120.1,73.0,3705.0,0.5814327135467529,True,CALL,2027-06-17,TSLA
TSLA270617C00410000,410.0,114.2,114.25,115.85,2.0,1342.0,0.5792507285308839,True,CALL,2027-06-17,TSLA
TSLA270617C00420000,420.0,111.08,110.25,111.55,48.0,1856.0,0.5769314157867431,False,CALL,2027-06-17,TSLA
TSLA270617C00430000,430.0,107.15,106.35,107.6,55.0,891.0,0.5751690432739257,False,CALL,2027-06-17,TSLA
TSLA270617C00440000,440.0,103.2,102.6,103.9,13.0,1022.0,0.5738110246276855,False,CALL,2027-06-17,TSLA
TSLA270617C00450000,450.0,99.4,99.05,100.3,66.0,2735.0,0.5726208509826662,False,CALL,2027-06-17,TSLA
TSLA270617C00460000,460.0,97.98,95.55,96.75,78.0,1077.0,0.5710949873352051,False,CALL,2027-06-17,TSLA
TSLA270617C00470000,470.0,93.8,92.1,93.35,7.0,1019.0,0.5695080891418458,False,CALL,2027-06-17,TSLA
TSLA270617C00480000,480.0,90.5,88.9,90.25,19.0,1913.0,0.5687756745910646,False,CALL,2027-06-17,TSLA
TSLA270617C00490000,490.0,87.08,86.0,87.15,15.0,1137.0,0.568264510269165,False,CALL,2027-06-17,TSLA
TSLA270617C00500000,500.0,83.38,83.25,84.2,302.0,5487.0,0.567989854812622,False,CALL,2027-06-17,TSLA
TSLA270617C00510000,510.0,79.5,80.5,81.05,36.0,1210.0,0.5667081293487549,False,CALL,2027-06-17,TSLA
TSLA270617C00520000,520.0,77.91,77.75,78.35,9.0,1620.0,0.5660748959350587,False,CALL,2027-06-17,TSLA
TSLA270617C00530000,530.0,75.21,75.3,75.9,6.0,1574.0,0.5663800686645508,False,CALL,2027-06-17,TSLA
TSLA270617C00540000,540.0,73.03,72.55,73.15,6.0,1555.0,0.5646863600158694,False,CALL,2027-06-17,TSLA
TSLA270617P00300000,300.0,34.8,34.7,35.15,15.0,4359.0,0.4922688713073731,False,PUT,2027-06-17,TSLA
TSLA270617P00310000,310.0,38.4,38.15,38.6,3.0,566.0,0.4885305053710938,False,PUT,2027-06-17,TSLA
TSLA270617P00320000,320.0,42.02,41.75,42.2,202.0,1037.0,0.4846700703430176,False,PUT,2027-06-17,TSLA
TSLA270617P00330000,330.0,45.75,45.65,46.15,26.0,1650.0,0.48198455032348636,False,PUT,2027-06-17,TSLA
TSLA270617P00340000,340.0,49.95,49.55,50.1,78.0,1690.0,0.478169891204834,False,PUT,2027-06-17,TSLA
TSLA270617P00350000,350.0,53.6,53.85,54.4,168.0,3137.0,0.47546911254882807,False,PUT,2027-06-17,TSLA
TSLA270617P00360000,360.0,56.16,58.45,59.0,21.0,1072.0,0.4734931191253662,False,PUT,2027-06-17,TSLA
TSLA270617P00370000,370.0,63.45,63.1,63.7,3.0,8360.0,0.471059366607666,False,PUT,2027-06-17,TSLA
TSLA270617P00380000,380.0,67.7,67.85,68.5,5.0,852.0,0.46820600158691406,False,PUT,2027-06-17,TSLA
TSLA270617P00390000,390.0,75.42,72.9,73.5,1.0,299.0,0.4655357402038575,False,PUT,2027-06-17,TSLA
TSLA270617P00400000,400.0,78.13,78.15,78.75,16.0,2408.0,0.46332323791503904,False,PUT,2027-06-17,TSLA
TSLA270617P00410000,410.0,83.52,83.7,84.25,3.0,1343.0,0.46155323608398446,False,PUT,2027-06-17,TSLA
TSLA270617P00420000,420.0,89.25,89.25,89.95,8.0,470.0,0.459966337890625,True,PUT,2027-06-17,TSLA
TSLA270617P00430000,430.0,95.31,94.95,95.5,10.0,1285.0,0.45675439491271985,True,PUT,2027-06-17,TSLA
TSLA270617P00440000,440.0,100.85,100.85,101.55,5.0,873.0,0.4553353417205811,True,PUT,2027-06-17,TSLA
TSLA270617P00450000,450.0,106.3,107.05,107.85,2.0,662.0,0.45441219421386714,True,PUT,2027-06-17,TSLA
TSLA270617P00460000,460.0,114.5,113.2,114.0,15.0,256.0,0.45194792442321774,True,PUT,2027-06-17,TSLA
TSLA270617P00470000,470.0,120.2,119.5,120.3,3.0,201.0,0.4495141719055175,True,PUT,2027-06-17,TSLA
TSLA270617P00480000,480.0,128.8,126.3,127.1,1.0,441.0,0.4489038264465332,True,PUT,2027-06-17,TSLA
TSLA270617P00490000,490.0,130.76,132.85,133.65,14.0,191.0,0.44632511688232424,True,PUT,2027-06-17,TSLA
TSLA270617P00500000,500.0,139.49,139.65,140.5,10.0,746.0,0.44460089096069333,True,PUT,2027-06-17,TSLA
TSLA270617P00510000,510.0,145.9,146.6,147.55,15.0,236.0,0.4432276136779785,True,PUT,2027-06-17,TSLA
TSLA270617P00520000,520.0,143.25,153.8,154.7,1.0,160.0,0.44172463798522943,True,PUT,2027-06-17,TSLA
TSLA270617P00530000,530.0,156.2,160.85,161.75,1.0,140.0,0.4390772645568848,True,PUT,2027-06-17,TSLA
TSLA270617P00540000,540.0,168.36,168.2,169.1,4.0,340.0,0.4373759265899658,True,PUT,2027-06-17,TSLA
TSLA271217C00300000,300.0,187.68,186.4,188.55,29.0,5766.0,0.6269110795593262,True,CALL,2027-12-17,TSLA
TSLA271217C00310000,310.0,197.02,180.75,183.0,5.0,1300.0,0.6219215054321289,True,CALL,2027-12-17,TSLA
TSLA271217C00320000,320.0,177.65,175.3,177.55,8.0,1203.0,0.6172065867614747,True,CALL,2027-12-17,TSLA
TSLA271217C00330000,330.0,168.4,170.35,172.6,23.0,1670.0,0.6147270583343506,True,CALL,2027-12-17,TSLA
TSLA271217C00340000,340.0,166.45,165.3,167.4,1.0,946.0,0.6106453730773929,True,CALL,2027-12-17,TSLA
TSLA271217C00350000,350.0,160.75,160.55,162.6,21.0,5340.0,0.6078835598754884,True,CALL,2027-12-17,TSLA
TSLA271217C00360000,360.0,169.09,155.75,157.8,9.0,1042.0,0.6044045907592775,True,CALL,2027-12-17,TSLA
TSLA271217C00370000,370.0,152.72,151.25,152.95,2.0,1017.0,0.6010476907348634,True,CALL,2027-12-17,TSLA
TSLA271217C00380000,380.0,145.0,147.05,149.0,6.0,800.0,0.6001932070922852,True,CALL,2027-12-17,TSLA
TSLA271217C00390000,390.0,144.99,142.3,144.65,23.0,922.0,0.5964166945648193,True,CALL,2027-12-17,TSLA
TSLA271217C00400000,400.0,139.64,139.0,140.45,773.0,4081.0,0.5960733752441407,True,CALL,2027-12-17,TSLA
TSLA271217C00410000,410.0,135.99,134.9,136.55,17.0,840.0,0.5939829420471192,True,CALL,2027-12-17,TSLA
TSLA271217C00420000,420.0,131.96,131.1,132.6,69.0,1183.0,0.5920298365783694,False,CALL,2027-12-17,TSLA
TSLA271217C00430000,430.0,128.7,127.4,128.85,111.0,928.0,0.5903056106567384,False,CALL,2027-12-17,TSLA
TSLA271217C00440000,440.0,124.27,123.85,125.45,12.0,850.0,0.5893061699676515,False,CALL,2027-12-17,TSLA
TSLA271217C00450000,450.0,122.04,120.45,121.9,108.0,6435.0,0.5878565995025635,False,CALL,2027-12-17,TSLA
TSLA271217C00460000,460.0,118.49,116.65,118.7,18.0,2088.0,0.5858806060791015,False,CALL,2027-12-17,TSLA
TSLA271217C00470000,470.0,115.5,113.45,115.3,4.0,676.0,0.5844157769775391,False,CALL,2027-12-17,TSLA
TSLA271217C00480000,480.0,112.6,111.0,112.1,23.0,7090.0,0.5846828031158446,False,CALL,2027-12-17,TSLA
TSLA271217C00490000,490.0,111.15,107.75,109.25,2.0,525.0,0.5835612933349608,False,CALL,2027-12-17,TSLA
TSLA271217C00500000,500.0,105.6,105.05,106.5,201.0,7659.0,0.5835078881072997,False,CALL,2027-12-17,TSLA
TSLA271217C00510000,510.0,100.41,102.0,103.65,8.0,1013.0,0.5821040935516356,False,CALL,2027-12-17,TSLA
TSLA271217C00520000,520.0,100.62,99.4,100.9,10.0,997.0,0.5815700412750244,False,CALL,2027-12-17,TSLA
TSLA271217C00530000,530.0,98.75,96.8,98.35,19.0,2401.0,0.5811351701354981,False,CALL,2027-12-17,TSLA
TSLA271217C00540000,540.0,96.3,94.1,95.95,3.0,526.0,0.5804943074035647,False,CALL,2027-12-17,TSLA
TSLA271217P00300000,300.0,45.7,45.7,46.25,28.0,7078.0,0.4910634390258789,False,PUT,2027-12-17,TSLA
TSLA271217P00310000,310.0,49.5,49.5,50.05,1.0,1481.0,0.4871114521789551,False,PUT,2027-12-17,TSLA
TSLA271217P00320000,320.0,53.15,53.6,54.2,32.0,4838.0,0.4843648976135254,False,PUT,2027-12-17,TSLA
TSLA271217P00330000,330.0,57.01,57.85,58.45,179.0,3233.0,0.48130554100036615,False,PUT,2027-12-17,TSLA
TSLA271217P00340000,340.0,62.47,62.25,62.9,8.0,2065.0,0.4785360984802246,False,PUT,2027-12-17,TSLA
TSLA271217P00350000,350.0,66.95,66.9,67.55,19.0,5587.0,0.47603368209838864,False,PUT,2027-12-17,TSLA
TSLA271217P00360000,360.0,69.15,71.6,72.35,103.0,1429.0,0.47353126571655274,False,PUT,2027-12-17,TSLA
TSLA271217P00370000,370.0,74.1,76.6,77.3,119.0,2008.0,0.47105173728942873,False,PUT,2027-12-17,TSLA
TSLA271217P00380000,380.0,83.15,81.65,82.4,2.0,1287.0,0.4686027261352539,False,PUT,2027-12-17,TSLA
TSLA271217P00390000,390.0,87.3,86.95,87.75,2.0,954.0,0.4666801379394532,False,PUT,2027-12-17,TSLA
TSLA271217P00400000,400.0,92.52,92.3,93.0,11.0,6367.0,0.46361315200805664,False,PUT,2027-12-17,TSLA
TSLA271217P00410000,410.0,98.0,97.9,98.7,12.0,1710.0,0.46201862449646003,False,PUT,2027-12-17,TSLA
TSLA271217P00420000,420.0,104.05,103.55,104.45,455.0,4262.0,0.4600273724365235,True,PUT,2027-12-17,TSLA
TSLA271217P00430000,430.0,109.59,109.4,110.3,72.0,1143.0,0.4578911633300782,True,PUT,2027-12-17,TSLA
TSLA271217P00440000,440.0,115.25,115.55,116.35,46.0,1217.0,0.4560677562713623,True,PUT,2027-12-17,TSLA
TSLA271217P00450000,450.0,121.9,121.55,122.35,16.0,2591.0,0.45345852943420417,True,PUT,2027-12-17,TSLA
TSLA271217P00460000,460.0,124.3,127.9,128.8,1.0,1421.0,0.4522988730621339,True,PUT,2027-12-17,TSLA
TSLA271217P00470000,470.0,135.8,134.25,135.3,1.0,445.0,0.45082641464233403,True,PUT,2027-12-17,TSLA
TSLA271217P00480000,480.0,142.3,140.9,141.95,1.0,4082.0,0.44948365463256834,True,PUT,2027-12-17,TSLA
TSLA271217P00490000,490.0,142.6,147.45,148.5,8.0,6249.0,0.4472101177978516,True,PUT,2027-12-17,TSLA
TSLA271217P00500000,500.0,149.1,154.15,155.25,1.0,922.0,0.445318046875,True,PUT,2027-12-17,TSLA
TSLA271217P00510000,510.0,161.15,161.1,162.15,18.0,752.0,0.44360907958984375,True,PUT,2027-12-17,TSLA
TSLA271217P00520000,520.0,166.5,168.15,169.2,5.0,244.0,0.44209084526062015,True,PUT,2027-12-17,TSLA
TSLA271217P00530000,530.0,168.85,175.15,176.25,1.0,143.0,0.4401148518371582,True,PUT,2027-12-17,TSLA
TSLA271217P00540000,540.0,175.6,182.45,183.6,2.0,221.0,0.4390238593292237,True,PUT,2027-12-17,TSLA
TSLA280121C00300000,300.0,190.0,188.85,191.25,38.0,1378.0,0.6273383213806154,True,CALL,2028-01-21,TSLA
TSLA280121C00310000,310.0,187.7,183.45,185.8,2.0,178.0,0.6229896099853516,True,CALL,2028-01-21,TSLA
TSLA280121C00320000,320.0,180.0,178.25,180.55,2.0,348.0,0.619190209503174,True,CALL,2028-01-21,TSLA
TSLA280121C00330000,330.0,175.37,173.3,175.6,2.0,356.0,0.6163215858459474,True,CALL,2028-01-21,TSLA
TSLA280121C00340000,340.0,169.05,168.45,170.45,3.0,279.0,0.6125908492279054,True,CALL,2028-01-21,TSLA
TSLA280121C00350000,350.0,165.0,163.65,165.65,22.0,1339.0,0.6093712769317629,True,CALL,2028-01-21,TSLA
TSLA280121C00360000,360.0,170.0,159.05,161.0,1.0,458.0,0.6065255412292481,True,CALL,2028-01-21,TSLA
TSLA280121C00370000,370.0,157.88,154.55,156.5,3.0,137.0,0.603786615982056,True,CALL,2028-01-21,TSLA
TSLA280121C00380000,380.0,151.25,150.25,152.75,5.0,430.0,0.6028787271118167,True,CALL,2028-01-21,TSLA
TSLA280121C00390000,390.0,146.82,146.2,148.1,1.0,381.0,0.5998575170898439,True,CALL,2028-01-21,TSLA
TSLA280121C00400000,400.0,143.0,142.35,143.9,244.0,5642.0,0.5979425582122804,True,CALL,2028-01-21,TSLA
TSLA280121C00410000,410.0,139.78,138.35,140.0,7.0,552.0,0.5959055302429199,True,CALL,2028-01-21,TSLA
TSLA280121C00420000,420.0,135.69,134.55,136.15,24.0,1669.0,0.594005830001831,False,CALL,2028-01-21,TSLA
TSLA280121C00430000,430.0,132.05,131.0,132.55,42.0,859.0,0.592823285675049,False,CALL,2028-01-21,TSLA
TSLA280121C00440000,440.0,131.0,127.05,128.9,4.0,1203.0,0.5901835415649416,False,CALL,2028-01-21,TSLA
TSLA280121C00450000,450.0,125.01,124.1,125.8,20.0,2744.0,0.5906413006591797,False,CALL,2028-01-21,TSLA
TSLA280121C00460000,460.0,120.86,120.85,122.3,47.0,562.0,0.5891154370117189,False,CALL,2028-01-21,TSLA
TSLA280121C00470000,470.0,119.78,117.2,119.0,4.0,490.0,0.5867656069946289,False,CALL,2028-01-21,TSLA
TSLA280121C00480000,480.0,116.21,114.65,116.0,4.0,404.0,0.5871394435882569,False,CALL,2028-01-21,TSLA
TSLA280121C00490000,490.0,113.5,111.7,113.05,28.0,519.0,0.5863688824462892,False,CALL,2028-01-21,TSLA
TSLA280121C00500000,500.0,109.31,108.35,110.1,186.0,3736.0,0.5843928890228272,False,CALL,2028-01-21,TSLA
TSLA280121C00510000,510.0,106.45,106.1,107.45,15.0,592.0,0.5851024156188964,False,CALL,2028-01-21,TSLA
TSLA280121C00520000,520.0,103.8,102.9,104.6,48.0,685.0,0.5830119824218749,False,CALL,2028-01-21,TSLA
TSLA280121C00530000,530.0,99.0,100.5,102.15,4.0,224.0,0.5831798274230957,False,CALL,2028-01-21,TSLA
TSLA280121C00540000,540.0,99.9,97.95,99.6,7.0,236.0,0.582508447418213,False,CALL,2028-01-21,TSLA
TSLA280121P00300000,300.0,47.3,47.25,47.85,30.0,2082.0,0.4885228760528565,False,PUT,2028-01-21,TSLA
TSLA280121P00310000,310.0,51.1,51.15,51.8,1.0,693.0,0.48517360534667964,False,PUT,2028-01-21,TSLA
TSLA280121P00320000,320.0,55.4,55.35,56.0,29.0,899.0,0.4824117921447754,False,PUT,2028-01-21,TSLA
TSLA280121P00330000,330.0,59.8,59.5,60.2,7.0,772.0,0.4788336418914795,False,PUT,2028-01-21,TSLA
TSLA280121P00340000,340.0,65.05,64.1,64.8,58.0,497.0,0.47662876892089845,False,PUT,2028-01-21,TSLA
TSLA280121P00350000,350.0,69.15,68.7,69.45,27.0,2214.0,0.47391273162841796,False,PUT,2028-01-21,TSLA
TSLA280121P00360000,360.0,71.8,73.6,74.3,2.0,1034.0,0.471486608428955,False,PUT,2028-01-21,TSLA
TSLA280121P00370000,370.0,76.75,78.55,79.3,25.0,1532.0,0.4690910025024414,False,PUT,2028-01-21,TSLA
TSLA280121P00380000,380.0,83.05,83.6,84.45,4.0,871.0,0.46673354316711435,False,PUT,2028-01-21,TSLA
TSLA280121P00390000,390.0,89.6,89.0,89.8,12.0,510.0,0.46467362724304195,False,PUT,2028-01-21,TSLA
TSLA280121P00400000,400.0,94.75,94.35,95.25,31.0,2392.0,0.4624382369995118,False,PUT,2028-01-21,TSLA
TSLA280121P00410000,410.0,100.25,100.05,100.9,8.0,839.0,0.4605003901672364,False,PUT,2028-01-21,TSLA
TSLA280121P00420000,420.0,105.99,105.8,106.7,18.0,2540.0,0.45864646583557134,True,PUT,2028-01-21,TSLA
TSLA280121P00430000,430.0,112.1,111.65,112.6,12.0,673.0,0.4566628430938722,True,PUT,2028-01-21,TSLA
TSLA280121P00440000,440.0,120.09,117.6,118.55,17.0,753.0,0.4543435303497314,True,PUT,2028-01-21,TSLA
TSLA280121P00450000,450.0,123.96,123.7,124.65,3.0,2738.0,0.45215391601562505,True,PUT,2028-01-21,TSLA
TSLA280121P00460000,460.0,130.86,130.05,131.05,2.0,931.0,0.45073486282348635,True,PUT,2028-01-21,TSLA
TSLA280121P00470000,470.0,136.85,136.4,137.45,1.0,613.0,0.4488122746276855,True,PUT,2028-01-21,TSLA
TSLA280121P00480000,480.0,138.45,142.95,144.05,17.0,329.0,0.4472482643890381,True,PUT,2028-01-21,TSLA
TSLA280121P00490000,490.0,144.86,149.6,150.65,1.0,371.0,0.4452112364196777,True,PUT,2028-01-21,TSLA
TSLA280121P00500000,500.0,157.07,156.25,157.35,1.0,6656.0,0.44313606185913085,True,PUT,2028-01-21,TSLA
TSLA280121P00510000,510.0,163.8,163.2,164.35,10.0,1170.0,0.4418848536682129,True,PUT,2028-01-21,TSLA
TSLA280121P00520000,520.0,170.85,170.3,171.4,22.0,3097.0,0.44040476593017575,True,PUT,2028-01-21,TSLA
TSLA280121P00530000,530.0,169.6,177.35,178.5,39.0,120.0,0.4387110572814942,True,PUT,2028-01-21,TSLA
TSLA280121P00540000,540.0,174.45,184.35,185.5,50.0,170.0,0.436178123626709,True,PUT,2028-01-21,TSLA
TSLA280616C00300000,300.0,201.39,200.25,202.7,5.0,352.0,0.6340673800659181,True,CALL,2028-06-16,TSLA
TSLA280616C00310000,310.0,194.9,195.25,197.65,8.0,84.0,0.6304358245849608,True,CALL,2028-06-16,TSLA
TSLA280616C00320000,320.0,188.08,190.4,192.7,4.0,263.0,0.6269721141052247,True,CALL,2028-06-16,TSLA
TSLA280616C00330000,330.0,186.85,185.65,187.85,28.0,378.0,0.6235389208984375,True,CALL,2028-06-16,TSLA
TSLA280616C00340000,340.0,194.85,181.0,183.65,2.0,112.0,0.6215171515655519,True,CALL,2028-06-16,TSLA
TSLA280616C00350000,350.0,174.6,176.55,179.0,18.0,270.0,0.6183967604064944,True,CALL,2028-06-16,TSLA
TSLA280616C00360000,360.0,186.0,172.5,174.6,1.0,183.0,0.6164055083465577,True,CALL,2028-06-16,TSLA
TSLA280616C00370000,370.0,168.18,167.95,170.7,1.0,326.0,0.6139717558288575,True,CALL,2028-06-16,TSLA
TSLA280616C00380000,380.0,166.0,163.9,166.05,40.0,106.0,0.6105614505767825,True,CALL,2028-06-16,TSLA
TSLA280616C00390000,390.0,160.93,160.05,162.05,9.0,92.0,0.6087075262451174,True,CALL,2028-06-16,TSLA
TSLA280616C00400000,400.0,157.65,156.3,158.25,26.0,1326.0,0.6071206280517578,True,CALL,2028-06-16,TSLA
TSLA280616C00410000,410.0,154.8,152.7,154.4,8.0,194.0,0.6053811434936526,True,CALL,2028-06-16,TSLA
TSLA280616C00420000,420.0,151.46,149.1,151.25,11.0,290.0,0.6047784273529054,False,CALL,2028-06-16,TSLA
TSLA280616C00430000,430.0,147.87,145.7,147.5,27.0,230.0,0.6029550202941898,False,CALL,2028-06-16,TSLA
TSLA280616C00440000,440.0,144.13,142.3,144.1,23.0,208.0,0.6015359671020509,False,CALL,2028-06-16,TSLA
TSLA280616C00450000,450.0,139.83,139.05,140.0,76.0,943.0,0.5986444554901124,False,CALL,2028-06-16,TSLA
TSLA280616C00460000,460.0,135.84,135.9,137.65,7.0,419.0,0.5992853182220459,False,CALL,2028-06-16,TSLA
TSLA280616C00470000,470.0,132.1,132.9,134.3,36.0,318.0,0.5978510063934327,False,CALL,2028-06-16,TSLA
TSLA280616C00480000,480.0,131.64,129.95,131.4,11.0,403.0,0.597133850479126,False,CALL,2028-06-16,TSLA
TSLA280616C00490000,490.0,129.68,127.1,128.85,241.0,494.0,0.5970422986602785,False,CALL,2028-06-16,TSLA
TSLA280616C00500000,500.0,124.82,124.35,125.75,50.0,2065.0,0.5957529438781739,False,CALL,2028-06-16,TSLA
TSLA280616C00510000,510.0,123.13,121.65,123.3,2.0,359.0,0.5955927281951904,False,CALL,2028-06-16,TSLA
TSLA280616C00520000,520.0,121.7,119.05,120.75,1.0,281.0,0.5951731156921387,False,CALL,2028-06-16,TSLA
TSLA280616C00530000,530.0,116.67,116.85,117.8,16.0,171.0,0.5944941063690186,False,CALL,2028-06-16,TSLA
TSLA280616C00540000,540.0,115.15,114.45,115.3,4.0,116.0,0.5940592352294922,False,CALL,2028-06-16,TSLA
TSLA280616P00300000,300.0,55.3,54.5,55.2,7.0,638.0,0.4853872262573242,False,PUT,2028-06-16,TSLA
TSLA280616P00310000,310.0,57.95,58.6,59.35,2.0,139.0,0.48196166236877447,False,PUT,2028-06-16,TSLA
TSLA280616P00320000,320.0,63.45,63.1,63.7,23.0,169.0,0.47889467643737793,False,PUT,2028-06-16,TSLA
TSLA280616P00330000,330.0,67.4,67.6,68.3,4.0,125.0,0.47641514801025386,False,PUT,2028-06-16,TSLA
TSLA280616P00340000,340.0,71.1,72.3,73.1,2.0,268.0,0.47424079231262206,False,PUT,2028-06-16,TSLA
TSLA280616P00350000,350.0,77.55,77.1,77.85,16.0,378.0,0.47120432365417475,False,PUT,2028-06-16,TSLA
TSLA280616P00360000,360.0,82.33,82.15,82.9,1.0,317.0,0.4689689334106446,False,PUT,2028-06-16,TSLA
TSLA280616P00370000,370.0,87.5,87.3,88.1,1.0,176.0,0.46681746566772464,False,PUT,2028-06-16,TSLA
TSLA280616P00380000,380.0,93.18,92.6,93.35,15.0,161.0,0.4643379372406006,False,PUT,2028-06-16,TSLA
TSLA280616P00390000,390.0,98.55,98.0,98.8,20.0,214.0,0.4621864694976807,False,PUT,2028-06-16,TSLA
TSLA280616P00400000,400.0,103.95,103.6,104.45,22.0,494.0,0.46037069175720213,False,PUT,2028-06-16,TSLA
TSLA280616P00410000,410.0,109.83,109.3,110.2,12.0,211.0,0.45845573287963876,False,PUT,2028-06-16,TSLA
TSLA280616P00420000,420.0,114.72,115.15,116.0,9.0,204.0,0.45626611854553234,True,PUT,2028-06-16,TSLA
TSLA280616P00430000,430.0,121.4,120.95,121.95,4.0,411.0,0.4542290905761719,True,PUT,2028-06-16,TSLA
TSLA280616P00440000,440.0,127.92,127.15,128.1,8.0,437.0,0.4525430112457276,True,PUT,2028-06-16,TSLA
TSLA280616P00450000,450.0,133.6,133.35,134.4,5.0,688.0,0.4510095182800293,True,PUT,2028-06-16,TSLA
TSLA280616P00460000,460.0,136.68,139.7,140.75,2.0,314.0,0.4492471457672119,True,PUT,2028-06-16,TSLA
TSLA280616P00470000,470.0,139.28,146.1,147.2,6.0,185.0,0.4474542559814453,True,PUT,2028-06-16,TSLA
TSLA280616P00480000,480.0,152.3,152.65,153.75,1.0,201.0,0.44566136619567864,True,PUT,2028-06-16,TSLA
TSLA280616P00490000,490.0,159.5,159.4,160.5,1.0,162.0,0.44425757164001456,True,PUT,2028-06-16,TSLA
TSLA280616P00500000,500.0,165.0,166.05,167.0,1.0,491.0,0.4414957584381104,True,PUT,2028-06-16,TSLA
TSLA280616P00510000,510.0,163.8,172.8,173.95,2.0,22.0,0.4401148518371582,True,PUT,2028-06-16,TSLA
TSLA280616P00520000,520.0,173.7,179.9,181.1,1.0,54.0,0.4391535577392578,True,PUT,2028-06-16,TSLA
TSLA280616P00530000,530.0,188.9,186.85,188.1,20.0,156.0,0.4372538574981689,True,PUT,2028-06-16,TSLA
TSLA280616P00540000,540.0,188.79,193.95,195.25,1.0,33.0,0.43559066612243647,True,PUT,2028-06-16,TSLA
TSLA281215C00300000,300.0,213.18,212.0,214.0,139.0,140.0,0.6343572941589355,True,CALL,2028-12-15,TSLA
TSLA281215C00310000,310.0,211.78,206.7,210.15,11.0,67.0,0.6317099207305908,True,CALL,2028-12-15,TSLA
TSLA281215C00320000,320.0,204.71,202.1,205.45,10.0,62.0,0.6282690982055664,True,CALL,2028-12-15,TSLA
TSLA281215C00330000,330.0,200.45,197.9,200.95,7.0,26.0,0.6258658629608155,True,CALL,2028-12-15,TSLA
TSLA281215C00340000,340.0,195.77,193.35,196.7,24.0,70.0,0.6228370236206054,True,CALL,2028-12-15,TSLA
TSLA281215C00350000,350.0,191.75,189.3,192.5,13.0,96.0,0.6207008145141603,True,CALL,2028-12-15,TSLA
TSLA281215C00360000,360.0,187.1,185.2,188.45,7.0,212.0,0.6184120190429689,True,CALL,2028-12-15,TSLA
TSLA281215C00370000,370.0,193.47,181.25,184.4,1.0,74.0,0.6161079649353027,True,CALL,2028-12-15,TSLA
TSLA281215C00380000,380.0,180.45,177.45,180.7,3.0,97.0,0.6145439546966553,True,CALL,2028-12-15,TSLA
TSLA281215C00390000,390.0,176.4,173.5,176.8,43.0,48.0,0.611904210586548,True,CALL,2028-12-15,TSLA
TSLA281215C00400000,400.0,171.48,170.6,173.15,214.0,369.0,0.6116677017211917,True,CALL,2028-12-15,TSLA
TSLA281215C00410000,410.0,168.0,166.55,169.65,51.0,54.0,0.6090432162475586,True,CALL,2028-12-15,TSLA
TSLA281215C00420000,420.0,164.7,164.0,166.5,131.0,131.0,0.6098748119354249,False,CALL,2028-12-15,TSLA
TSLA281215C00430000,430.0,161.1,159.75,162.9,55.0,213.0,0.6060982994079591,False,CALL,2028-12-15,TSLA
TSLA281215C00440000,440.0,159.1,156.65,159.2,26.0,144.0,0.6041604525756837,False,CALL,2028-12-15,TSLA
TSLA281215C00450000,450.0,155.7,153.35,157.1,97.0,759.0,0.6046945048522951,False,CALL,2028-12-15,TSLA
TSLA281215C00460000,460.0,155.57,150.45,153.45,1.0,90.0,0.6027185114288333,False,CALL,2028-12-15,TSLA
TSLA281215C00470000,470.0,150.4,147.35,150.5,2.0,68.0,0.6014673032379152,False,CALL,2028-12-15,TSLA
TSLA281215C00480000,480.0,148.0,144.65,147.65,26.0,139.0,0.6009256216430666,False,CALL,2028-12-15,TSLA
TSLA281215C00490000,490.0,142.97,141.85,144.85,27.0,93.0,0.6000406207275393,False,CALL,2028-12-15,TSLA
TSLA281215C00500000,500.0,141.28,140.0,142.55,283.0,1214.0,0.6016427775573732,False,CALL,2028-12-15,TSLA
TSLA281215C00510000,510.0,138.04,136.6,139.55,10.0,45.0,0.5988199298095704,False,CALL,2028-12-15,TSLA
TSLA281215C00520000,520.0,135.0,134.0,137.0,25.0,82.0,0.5981180325317383,False,CALL,2028-12-15,TSLA
TSLA281215C00530000,530.0,133.01,131.55,133.75,9.0,60.0,0.5962030736541748,False,CALL,2028-12-15,TSLA
TSLA281215C00540000,540.0,144.34,129.15,132.45,4.0,58.0,0.5977441959381105,False,CALL,2028-12-15,TSLA
TSLA281215P00300000,300.0,61.41,60.5,62.05,56.0,274.0,0.4752020864105224,False,PUT,2028-12-15,TSLA
TSLA281215P00310000,310.0,66.45,64.95,66.6,84.0,532.0,0.4728751443481446,False,PUT,2028-12-15,TSLA
TSLA281215P00320000,320.0,69.78,69.55,71.85,7.0,123.0,0.473187946395874,False,PUT,2028-12-15,TSLA
TSLA281215P00330000,330.0,74.5,74.25,76.05,1.0,306.0,0.4680610445404052,False,PUT,2028-12-15,TSLA
TSLA281215P00340000,340.0,80.09,79.15,81.25,5.0,314.0,0.4669242761230469,False,PUT,2028-12-15,TSLA
TSLA281215P00350000,350.0,85.2,84.05,85.95,17.0,234.0,0.46307147041320806,False,PUT,2028-12-15,TSLA
TSLA281215P00360000,360.0,90.0,89.3,91.05,36.0,52.0,0.46046987289428715,False,PUT,2028-12-15,TSLA
TSLA281215P00370000,370.0,96.11,94.45,96.4,2.0,33.0,0.45843284492492686,False,PUT,2028-12-15,TSLA
TSLA281215P00380000,380.0,100.9,100.0,101.8,165.0,90.0,0.45612879081726077,False,PUT,2028-12-15,TSLA
TSLA281215P00390000,390.0,107.55,105.55,107.75,22.0,114.0,0.45556422126770024,False,PUT,2028-12-15,TSLA
TSLA281215P00400000,400.0,112.08,111.2,113.25,90.0,301.0,0.4527642614746094,False,PUT,2028-12-15,TSLA
TSLA281215P00410000,410.0,117.95,117.0,119.25,10.0,46.0,0.4514977946472168,False,PUT,2028-12-15,TSLA
TSLA281215P00420000,420.0,124.35,122.9,124.95,55.0,222.0,0.4486825762176513,True,PUT,2028-12-15,TSLA
TSLA281215P00430000,430.0,129.75,128.9,131.5,23.0,65.0,0.448674946899414,True,PUT,2028-12-15,TSLA
TSLA281215P00440000,440.0,136.56,135.0,137.65,19.0,422.0,0.44677524665832524,True,PUT,2028-12-15,TSLA
TSLA281215P00450000,450.0,142.1,141.25,143.6,43.0,225.0,0.4437845539093017,True,PUT,2028-12-15,TSLA
TSLA281215P00460000,460.0,143.45,147.55,150.3,10.0,56.0,0.4431818377685547,True,PUT,2028-12-15,TSLA
TSLA281215P00470000,470.0,153.0,154.0,156.6,10.0,60.0,0.44078623184204097,True,PUT,2028-12-15,TSLA
TSLA281215P00480000,480.0,161.35,160.5,163.3,12.0,30.0,0.43949687705993645,True,PUT,2028-12-15,TSLA
TSLA281215P00490000,490.0,167.9,167.15,169.95,7.0,6.0,0.43770398727417,True,PUT,2028-12-15,TSLA
TSLA281215P00500000,500.0,175.2,173.85,176.7,65.0,182.0,0.4359492440795898,True,PUT,2028-12-15,TSLA
TSLA281215P00510000,510.0,173.25,180.65,183.55,1.0,4.0,0.43425172077178964,True,PUT,2028-12-15,TSLA
TSLA281215P00520000,520.0,189.37,187.55,190.5,5.0,8210.0,0.4326076026916504,True,PUT,2028-12-15,TSLA
TSLA281215P00530000,530.0,189.8,194.55,197.3,,10.0,0.43014333290100104,True,PUT,2028-12-15,TSLA
TSM260130C00240000,240.0,92.5,96.55,100.05,1.0,2.0,2.669925200195313,True,CALL,2026-01-30,TSM
TSM260130C00245000,245.0,92.64,91.55,93.9,4.0,5.0,2.1650436499023433,True,CALL,2026-01-30,TSM
TSM260130C00250000,250.0,80.65,86.6,89.3,4.0,3.0,2.2070357324218746,True,CALL,2026-01-30,TSM
TSM260130C00255000,255.0,75.68,81.6,84.45,4.0,14.0,2.1259812475585935,True,CALL,2026-01-30,TSM
TSM260130C00260000,260.0,73.75,76.6,79.05,1.0,9.0,1.8828130859374999,True,CALL,2026-01-30,TSM
TSM260130C00265000,265.0,68.52,71.6,74.45,1.0,11.0,1.8779302978515624,True,CALL,2026-01-30,TSM
TSM260130C00270000,270.0,69.6,66.6,68.95,1.0,111.0,1.619142529296875,True,CALL,2026-01-30,TSM
TSM260130C00275000,275.0,67.98,61.6,64.25,1.0,22.0,1.5878926855468747,True,CALL,2026-01-30,TSM
TSM260130C00280000,280.0,57.78,56.65,59.25,1.0,56.0,1.482424462890625,True,CALL,2026-01-30,TSM
TSM260130C00285000,285.0,49.63,51.65,54.15,3.0,34.0,1.3437532812499997,True,CALL,2026-01-30,TSM
TSM260130C00290000,290.0,49.6,46.65,49.15,4.0,138.0,1.228519482421875,True,CALL,2026-01-30,TSM
TSM260130C00295000,295.0,47.9,41.65,44.0,1.0,141.0,1.0830123974609376,True,CALL,2026-01-30,TSM
TSM260130C00297500,297.5,36.77,39.7,41.65,30.0,43.0,1.1533245458984376,True,CALL,2026-01-30,TSM
TSM260130C00300000,300.0,37.2,36.7,39.45,25.0,356.0,1.0615281298828125,True,CALL,2026-01-30,TSM
TSM260130C00302500,302.5,42.35,34.2,36.9,1.0,17.0,0.9941406835937501,True,CALL,2026-01-30,TSM
TSM260130C00305000,305.0,32.95,31.7,34.25,11.0,601.0,0.91211025390625,True,CALL,2026-01-30,TSM
TSM260130C00307500,307.5,23.45,29.2,31.6,1.0,26.0,0.8300798242187499,True,CALL,2026-01-30,TSM
TSM260130C00310000,310.0,28.5,27.5,28.95,17.0,194.0,0.8627943408203125,True,CALL,2026-01-30,TSM
TSM260130C00312500,312.5,22.22,24.25,27.2,6.0,250.0,0.8007832421875,True,CALL,2026-01-30,TSM
TSM260130C00315000,315.0,21.72,23.1,24.15,120.0,263.0,0.82226740234375,True,CALL,2026-01-30,TSM
TSM260130C00317500,317.5,13.79,19.7,21.9,6.0,17.0,0.6909210595703126,True,CALL,2026-01-30,TSM
TSM260130C00320000,320.0,18.7,17.6,19.05,38.0,609.0,0.6313513427734375,True,CALL,2026-01-30,TSM
TSM260130C00322500,322.5,11.2,14.7,16.7,6.0,160.0,0.5415084912109377,True,CALL,2026-01-30,TSM
TSM260130C00325000,325.0,13.25,12.65,14.2,196.0,917.0,0.5144091528320311,True,CALL,2026-01-30,TSM
TSM260130C00327500,327.5,10.8,10.35,11.85,15.0,535.0,0.5725140405273439,True,CALL,2026-01-30,TSM
TSM260130C00330000,330.0,9.0,8.65,9.55,298.0,4375.0,0.5139208764648437,True,CALL,2026-01-30,TSM
TSM260130C00332500,332.5,6.95,6.45,7.8,488.0,857.0,0.5075732836914062,True,CALL,2026-01-30,TSM
TSM260130C00335000,335.0,5.15,4.9,5.5,901.0,4051.0,0.4265194067382813,True,CALL,2026-01-30,TSM
TSM260130C00337500,337.5,3.75,3.4,3.85,2088.0,1331.0,0.3947814428710938,False,CALL,2026-01-30,TSM
TSM260130C00340000,340.0,2.71,2.19,2.38,2868.0,4759.0,0.3557193334960937,False,CALL,2026-01-30,TSM
TSM260130C00342500,342.5,1.55,1.35,1.5,1028.0,1523.0,0.3479069116210937,False,CALL,2026-01-30,TSM
TSM260130C00345000,345.0,0.87,0.81,0.95,1353.0,2706.0,0.3513248461914062,False,CALL,2026-01-30,TSM
TSM260130C00347500,347.5,0.48,0.45,0.56,709.0,3626.0,0.35108070800781244,False,CALL,2026-01-30,TSM
TSM260130C00350000,350.0,0.28,0.26,0.32,1221.0,5480.0,0.352545537109375,False,CALL,2026-01-30,TSM
TSM260130C00352500,352.5,0.18,0.13,0.24,100.0,501.0,0.37793590820312495,False,CALL,2026-01-30,TSM
TSM260130C00355000,355.0,0.11,0.08,0.11,232.0,1441.0,0.367193828125,False,CALL,2026-01-30,TSM
TSM260130C00357500,357.5,0.09,0.06,0.13,31.0,654.0,0.41992767578125,False,CALL,2026-01-30,TSM
TSM260130C00360000,360.0,0.02,0.03,0.06,295.0,2005.0,0.4101621484375,False,CALL,2026-01-30,TSM
TSM260130C00362500,362.5,0.03,0.02,0.09,49.0,369.0,0.4726615234375,False,CALL,2026-01-30,TSM
TSM260130C00365000,365.0,0.05,0.01,0.03,103.0,1804.0,0.4414118359375,False,CALL,2026-01-30,TSM
TSM260130C00367500,367.5,0.11,0.01,0.12,55.0,352.0,0.523442265625,False,CALL,2026-01-30,TSM
TSM260130C00370000,370.0,0.03,0.01,0.03,230.0,1079.0,0.507817421875,False,CALL,2026-01-30,TSM
TSM260130C00372500,372.5,0.01,0.0,0.04,20.0,134.0,0.51562984375,False,CALL,2026-01-30,TSM
TSM260130C00375000,375.0,0.01,0.0,0.01,68.0,625.0,0.507817421875,False,CALL,2026-01-30,TSM
TSM260130C00377500,377.5,0.14,0.0,0.07,1.0,23.0,0.6132851171875001,False,CALL,2026-01-30,TSM
TSM260130C00380000,380.0,0.01,0.0,0.01,9.0,711.0,0.5312546875,False,CALL,2026-01-30,TSM
TSM260130C00385000,385.0,0.01,0.0,0.05,114.0,284.0,0.6796907031250001,False,CALL,2026-01-30,TSM
TSM260130C00390000,390.0,0.01,0.0,0.01,2.0,429.0,0.64062859375,False,CALL,2026-01-30,TSM
TSM260130C00395000,395.0,0.14,0.0,0.28,2.0,337.0,0.9804689453125001,False,CALL,2026-01-30,TSM
TSM260130C00400000,400.0,0.06,0.0,0.1,20.0,836.0,0.92187578125,False,CALL,2026-01-30,TSM
TSM260130C00405000,405.0,0.03,0.0,0.3,2.0,325.0,1.123051259765625,False,CALL,2026-01-30,TSM
TSM260130C00410000,410.0,0.03,0.0,0.03,27.0,144.0,0.92187578125,False,CALL,2026-01-30,TSM
TSM260130C00415000,415.0,0.04,0.0,0.32,2.0,13.0,1.259769326171875,False,CALL,2026-01-30,TSM
TSM260130C00420000,420.0,0.22,0.0,0.32,2.0,79.0,1.3222690136718749,False,CALL,2026-01-30,TSM
TSM260130C00430000,430.0,0.01,0.0,0.01,14.0,99.0,1.0312548437500002,False,CALL,2026-01-30,TSM
TSM260130P00240000,240.0,0.02,0.01,0.08,68.0,622.0,1.734376328125,False,PUT,2026-01-30,TSM
TSM260130P00245000,245.0,0.08,0.01,0.1,68.0,238.0,1.671876640625,False,PUT,2026-01-30,TSM
TSM260130P00250000,250.0,0.1,0.01,0.05,1.0,2405.0,1.484377578125,False,PUT,2026-01-30,TSM
TSM260130P00255000,255.0,0.05,0.01,0.05,19.0,4907.0,1.3906280468749999,False,PUT,2026-01-30,TSM
TSM260130P00260000,260.0,0.02,0.01,0.04,85.0,707.0,1.2812535937499998,False,PUT,2026-01-30,TSM
TSM260130P00265000,265.0,0.02,0.01,0.04,39.0,567.0,1.1953165234375,False,PUT,2026-01-30,TSM
TSM260130P00270000,270.0,0.08,0.02,0.08,35.0,2430.0,1.1953165234375,False,PUT,2026-01-30,TSM
TSM260130P00275000,275.0,0.08,0.01,0.08,107.0,9383.0,1.09375453125,False,PUT,2026-01-30,TSM
TSM260130P00280000,280.0,0.16,0.02,0.13,5.0,1268.0,1.0664109179687502,False,PUT,2026-01-30,TSM
TSM260130P00282500,282.5,0.15,0.01,0.1,1.0,88.0,0.98437515625,False,PUT,2026-01-30,TSM
TSM260130P00285000,285.0,0.08,0.02,0.08,26.0,1156.0,0.929688203125,False,PUT,2026-01-30,TSM
TSM260130P00287500,287.5,0.06,0.01,0.07,4.0,105.0,0.8632826171875,False,PUT,2026-01-30,TSM
TSM260130P00290000,290.0,0.08,0.05,0.1,33.0,1304.0,0.8867198828124999,False,PUT,2026-01-30,TSM
TSM260130P00292500,292.5,0.11,0.01,0.21,1.0,89.0,0.8886729882812499,False,PUT,2026-01-30,TSM
TSM260130P00295000,295.0,0.15,0.04,0.1,40.0,31625.0,0.7929708203125,False,PUT,2026-01-30,TSM
TSM260130P00297500,297.5,0.11,0.03,0.21,10.0,520.0,0.80664255859375,False,PUT,2026-01-30,TSM
TSM260130P00300000,300.0,0.07,0.06,0.12,576.0,2145.0,0.72851833984375,False,PUT,2026-01-30,TSM
TSM260130P00302500,302.5,0.12,0.04,0.2,6.0,4053.0,0.7128934960937501,False,PUT,2026-01-30,TSM
TSM260130P00305000,305.0,0.11,0.07,0.15,288.0,4164.0,0.65820654296875,False,PUT,2026-01-30,TSM
TSM260130P00307500,307.5,0.14,0.08,0.16,529.0,591.0,0.6201209863281252,False,PUT,2026-01-30,TSM
TSM260130P00310000,310.0,0.14,0.1,0.15,464.0,15078.0,0.57812921875,False,PUT,2026-01-30,TSM
TSM260130P00312500,312.5,0.15,0.13,0.24,75.0,1835.0,0.567387138671875,False,PUT,2026-01-30,TSM
TSM260130P00315000,315.0,0.18,0.13,0.23,176.0,4022.0,0.51562984375,False,PUT,2026-01-30,TSM
TSM260130P00317500,317.5,0.22,0.16,0.28,272.0,903.0,0.508793974609375,False,PUT,2026-01-30,TSM
TSM260130P00320000,320.0,0.23,0.21,0.29,629.0,4007.0,0.45898978515625005,False,PUT,2026-01-30,TSM
TSM260130P00322500,322.5,0.3,0.25,0.42,205.0,1167.0,0.442388388671875,False,PUT,2026-01-30,TSM
TSM260130P00325000,325.0,0.42,0.35,0.52,856.0,5851.0,0.407232490234375,False,PUT,2026-01-30,TSM
TSM260130P00327500,327.5,0.56,0.51,0.66,560.0,807.0,0.37183245361328127,False,PUT,2026-01-30,TSM
TSM260130P00330000,330.0,0.84,0.72,0.93,2004.0,9528.0,0.3464420825195312,False,PUT,2026-01-30,TSM
TSM260130P00332500,332.5,1.27,1.08,1.41,628.0,2192.0,0.331061376953125,False,PUT,2026-01-30,TSM
TSM260130P00335000,335.0,1.84,1.73,2.04,988.0,2118.0,0.30884480224609373,False,PUT,2026-01-30,TSM
TSM260130P00337500,337.5,2.96,2.61,3.1,188.0,1409.0,0.30249720947265624,True,PUT,2026-01-30,TSM
TSM260130P00340000,340.0,4.25,3.8,4.3,796.0,1929.0,0.2761302856445312,True,PUT,2026-01-30,TSM
TSM260130P00342500,342.5,8.33,5.25,6.55,635.0,609.0,0.33374689697265625,True,PUT,2026-01-30,TSM
TSM260130P00345000,345.0,7.89,7.05,8.5,116.0,841.0,0.33350275878906255,True,PUT,2026-01-30,TSM
TSM260130P00350000,350.0,14.2,11.4,13.65,53.0,1012.0,0.4858449853515625,True,PUT,2026-01-30,TSM
TSM260130P00352500,352.5,14.5,13.5,15.75,6.0,33.0,0.4682670361328125,True,PUT,2026-01-30,TSM
TSM260130P00355000,355.0,15.3,15.9,18.55,1.0,44.0,0.5854533642578125,True,PUT,2026-01-30,TSM
TSM260130P00357500,357.5,15.28,18.6,21.0,2.0,3.0,0.6306189282226562,True,PUT,2026-01-30,TSM
TSM260130P00360000,360.0,16.99,21.0,23.5,2.0,30.0,0.6840851904296876,True,PUT,2026-01-30,TSM
TSM260130P00365000,365.0,21.88,25.05,28.85,1.0,3.0,0.8647474462890624,True,PUT,2026-01-30,TSM
TSM260130P00367500,367.5,35.55,27.4,31.35,,0.0,0.9174812939453125,True,PUT,2026-01-30,TSM
TSM260130P00370000,370.0,31.1,29.85,33.95,1.0,1.0,0.99023447265625,True,PUT,2026-01-30,TSM
TSM260130P00377500,377.5,41.6,37.4,41.4,4.0,0.0,1.129398884277344,True,PUT,2026-01-30,TSM
TSM260130P00380000,380.0,48.55,40.0,43.9,1.0,0.0,1.1772502075195312,True,PUT,2026-01-30,TSM
TSM260130P00385000,385.0,58.45,45.0,48.9,,0.0,1.2714880175781247,True,PUT,2026-01-30,TSM
TSM260130P00390000,390.0,57.05,50.0,53.85,,0.0,1.3491243481445312,True,PUT,2026-01-30,TSM
TSM260130P00395000,395.0,51.0,55.0,58.9,,0.0,1.451174619140625,True,PUT,2026-01-30,TSM
TSM260130P00400000,400.0,66.45,60.05,63.85,,0.0,1.522951604003906,True,PUT,2026-01-30,TSM
TSM260206C00240000,240.0,92.9,96.75,99.65,11.0,3.0,1.2329139916992187,True,CALL,2026-02-06,TSM
TSM260206C00245000,245.0,92.86,91.7,94.7,4.0,10.0,1.1694377465820311,True,CALL,2026-02-06,TSM
TSM260206C00250000,250.0,93.07,86.8,89.7,42.0,43.0,1.119145029296875,True,CALL,2026-02-06,TSM
TSM260206C00255000,255.0,63.6,81.85,84.25,10.0,5.0,1.0087940185546875,True,CALL,2026-02-06,TSM
TSM260206C00260000,260.0,71.5,76.85,79.75,,23.0,1.0063526245117185,True,CALL,2026-02-06,TSM
TSM260206C00265000,265.0,81.5,71.9,74.6,1.0,1.0,0.9353033813476561,True,CALL,2026-02-06,TSM
TSM260206C00270000,270.0,70.47,66.9,69.85,2.0,5.0,0.8994150683593749,True,CALL,2026-02-06,TSM
TSM260206C00275000,275.0,55.15,61.95,64.55,11.0,12.0,0.8164080859374999,True,CALL,2026-02-06,TSM
TSM260206C00280000,280.0,56.5,57.0,59.9,12.0,41.0,0.7912618530273439,True,CALL,2026-02-06,TSM
TSM260206C00285000,285.0,50.69,52.1,54.85,2.0,52.0,0.7348659326171875,True,CALL,2026-02-06,TSM
TSM260206C00290000,290.0,45.5,47.15,50.05,2.0,23.0,0.6921417504882813,True,CALL,2026-02-06,TSM
TSM260206C00295000,295.0,45.91,42.25,44.65,4.0,44.0,0.611576149902344,True,CALL,2026-02-06,TSM
TSM260206C00297500,297.5,43.5,39.8,42.2,6.0,1.0,0.5881388842773438,True,CALL,2026-02-06,TSM
TSM260206C00300000,300.0,36.21,37.5,39.9,8.0,187.0,0.5817912915039063,True,CALL,2026-02-06,TSM
TSM260206C00302500,302.5,38.71,35.1,37.95,81.0,86.0,0.5852092260742188,True,CALL,2026-02-06,TSM
TSM260206C00305000,305.0,33.68,32.5,34.95,9.0,109.0,0.5227098510742187,True,CALL,2026-02-06,TSM
TSM260206C00310000,310.0,29.94,29.05,30.25,8.0,236.0,0.5416305603027345,True,CALL,2026-02-06,TSM
TSM260206C00315000,315.0,24.2,24.25,25.75,20.0,254.0,0.5496871203613283,True,CALL,2026-02-06,TSM
TSM260206C00317500,317.5,19.5,22.0,22.95,2.0,6.0,0.49170430175781255,True,CALL,2026-02-06,TSM
TSM260206C00320000,320.0,20.09,19.8,21.05,242.0,742.0,0.49121602539062503,True,CALL,2026-02-06,TSM
TSM260206C00322500,322.5,17.95,16.9,18.5,12.0,74.0,0.4480035668945312,True,CALL,2026-02-06,TSM
TSM260206C00325000,325.0,15.89,15.25,16.7,218.0,486.0,0.4464166687011719,True,CALL,2026-02-06,TSM
TSM260206C00327500,327.5,13.9,13.35,14.55,14.0,130.0,0.42139250488281255,True,CALL,2026-02-06,TSM
TSM260206C00330000,330.0,12.3,12.25,12.9,88.0,754.0,0.41870698486328123,True,CALL,2026-02-06,TSM
TSM260206C00332500,332.5,10.7,10.65,11.15,34.0,389.0,0.40601179931640624,True,CALL,2026-02-06,TSM
TSM260206C00335000,335.0,9.4,9.15,9.65,2245.0,556.0,0.40051869018554687,True,CALL,2026-02-06,TSM
TSM260206C00337500,337.5,8.0,7.75,8.15,235.0,501.0,0.389654541015625,False,CALL,2026-02-06,TSM
TSM260206C00340000,340.0,6.5,6.5,7.0,3042.0,925.0,0.389654541015625,False,CALL,2026-02-06,TSM
TSM260206C00342500,342.5,5.6,5.4,5.85,414.0,601.0,0.38403936279296874,False,CALL,2026-02-06,TSM
TSM260206C00345000,345.0,4.63,4.45,4.85,479.0,833.0,0.3797669445800781,False,CALL,2026-02-06,TSM
TSM260206C00347500,347.5,3.75,3.65,4.0,145.0,1505.0,0.37708142456054683,False,CALL,2026-02-06,TSM
TSM260206C00350000,350.0,3.12,2.99,3.25,2283.0,1533.0,0.37390762817382805,False,CALL,2026-02-06,TSM
TSM260206C00352500,352.5,2.55,2.42,2.63,213.0,264.0,0.37219866088867193,False,CALL,2026-02-06,TSM
TSM260206C00355000,355.0,2.0,1.93,2.11,254.0,1433.0,0.3707338317871094,False,CALL,2026-02-06,TSM
TSM260206C00357500,357.5,1.63,1.5,1.76,26.0,179.0,0.3758607336425781,False,CALL,2026-02-06,TSM
TSM260206C00360000,360.0,1.29,1.26,1.35,630.0,937.0,0.3711000390625,False,CALL,2026-02-06,TSM
TSM260206C00362500,362.5,1.01,0.9,1.17,12.0,210.0,0.3813538427734374,False,CALL,2026-02-06,TSM
TSM260206C00365000,365.0,0.84,0.83,0.94,230.0,556.0,0.3830628100585937,False,CALL,2026-02-06,TSM
TSM260206C00367500,367.5,0.73,0.65,0.79,19.0,144.0,0.389654541015625,False,CALL,2026-02-06,TSM
TSM260206C00370000,370.0,0.57,0.45,0.68,21.0,542.0,0.39819937744140627,False,CALL,2026-02-06,TSM
TSM260206C00372500,372.5,0.51,0.42,0.6,6.0,16.0,0.40869731933593745,False,CALL,2026-02-06,TSM
TSM260206C00375000,375.0,0.4,0.32,0.47,15.0,482.0,0.40845318115234375,False,CALL,2026-02-06,TSM
TSM260206C00377500,377.5,0.33,0.14,0.42,4.0,56.0,0.41919526123046874,False,CALL,2026-02-06,TSM
TSM260206C00380000,380.0,0.25,0.25,0.36,10.0,147.0,0.42627526855468756,False,CALL,2026-02-06,TSM
TSM260206C00382500,382.5,0.32,0.16,0.36,2.0,7.0,0.44507390869140623,False,CALL,2026-02-06,TSM
TSM260206C00385000,385.0,0.21,0.17,0.26,44.0,473.0,0.43848217773437503,False,CALL,2026-02-06,TSM
TSM260206C00387500,387.5,0.3,0.13,0.3,27.0,10.0,0.46680220703125,False,CALL,2026-02-06,TSM
TSM260206C00390000,390.0,0.14,0.13,0.22,44.0,495.0,0.46094289062500005,False,CALL,2026-02-06,TSM
TSM260206C00392500,392.5,0.15,0.01,0.28,6.0,20.0,0.49658706542968756,False,CALL,2026-02-06,TSM
TSM260206C00395000,395.0,0.32,0.06,0.3,1.0,37.0,0.5195360546875,False,CALL,2026-02-06,TSM
TSM260206C00400000,400.0,0.08,0.04,0.14,7.0,596.0,0.49414568359375005,False,CALL,2026-02-06,TSM
TSM260206C00405000,405.0,0.06,0.05,0.11,4.0,15.0,0.507817421875,False,CALL,2026-02-06,TSM
TSM260206C00410000,410.0,0.06,0.01,0.1,1.0,447.0,0.5302781347656251,False,CALL,2026-02-06,TSM
TSM260206C00415000,415.0,0.11,0.01,0.18,6.0,11.0,0.5546919531250001,False,CALL,2026-02-06,TSM
TSM260206C00420000,420.0,0.04,0.02,0.07,7.0,258.0,0.5351608984375,False,CALL,2026-02-06,TSM
TSM260206C00430000,430.0,0.07,0.0,0.53,1.0,11.0,0.72851833984375,False,CALL,2026-02-06,TSM
TSM260206P00240000,240.0,0.06,0.04,0.11,3.0,353.0,0.8632826171875,False,PUT,2026-02-06,TSM
TSM260206P00245000,245.0,0.08,0.05,0.16,17.0,41.0,0.84961087890625,False,PUT,2026-02-06,TSM
TSM260206P00250000,250.0,0.1,0.06,0.1,14.0,405.0,0.7753928710937501,False,PUT,2026-02-06,TSM
TSM260206P00255000,255.0,0.1,0.07,0.2,8.0,56.0,0.778322529296875,False,PUT,2026-02-06,TSM
TSM260206P00260000,260.0,0.22,0.07,0.27,7.0,154.0,0.752932158203125,False,PUT,2026-02-06,TSM
TSM260206P00265000,265.0,0.15,0.01,0.27,2.0,55.0,0.68555001953125,False,PUT,2026-02-06,TSM
TSM260206P00270000,270.0,0.22,0.16,0.29,27.0,565.0,0.6835969140625001,False,PUT,2026-02-06,TSM
TSM260206P00272500,272.5,0.34,0.19,0.36,4.0,278.0,0.6796907031250001,False,PUT,2026-02-06,TSM
TSM260206P00275000,275.0,0.3,0.21,0.4,70.0,307.0,0.6660189648437502,False,PUT,2026-02-06,TSM
TSM260206P00277500,277.5,0.3,0.02,0.46,2.0,7.0,0.6162147753906251,False,PUT,2026-02-06,TSM
TSM260206P00280000,280.0,0.3,0.25,0.4,36.0,184.0,0.622074091796875,False,PUT,2026-02-06,TSM
TSM260206P00282500,282.5,0.29,0.29,0.35,42.0,7.0,0.5952188916015625,False,PUT,2026-02-06,TSM
TSM260206P00285000,285.0,0.43,0.32,0.42,179.0,1631.0,0.5844768115234374,False,PUT,2026-02-06,TSM
TSM260206P00287500,287.5,0.5,0.35,0.5,8.0,23.0,0.5732464550781251,False,PUT,2026-02-06,TSM
TSM260206P00290000,290.0,0.49,0.37,0.66,106.0,1548.0,0.5678754150390625,False,PUT,2026-02-06,TSM
TSM260206P00292500,292.5,0.48,0.43,0.55,74.0,52.0,0.5361374511718751,False,PUT,2026-02-06,TSM
TSM260206P00295000,295.0,0.58,0.47,0.66,172.0,343.0,0.524418818359375,False,PUT,2026-02-06,TSM
TSM260206P00297500,297.5,0.69,0.47,0.79,19.0,20.0,0.5092822509765625,False,PUT,2026-02-06,TSM
TSM260206P00300000,300.0,0.61,0.6,0.65,272.0,1380.0,0.485356708984375,False,PUT,2026-02-06,TSM
TSM260206P00302500,302.5,0.82,0.64,0.82,58.0,90.0,0.4831594653320313,False,PUT,2026-02-06,TSM
TSM260206P00305000,305.0,0.79,0.73,0.85,132.0,11538.0,0.4587456469726563,False,PUT,2026-02-06,TSM
TSM260206P00307500,307.5,0.93,0.82,1.04,65.0,95.0,0.45313046875,False,PUT,2026-02-06,TSM
TSM260206P00310000,310.0,1.06,0.94,1.13,352.0,888.0,0.4331111376953125,False,PUT,2026-02-06,TSM
TSM260206P00312500,312.5,1.28,1.12,1.43,236.0,490.0,0.4318904467773438,False,PUT,2026-02-06,TSM
TSM260206P00315000,315.0,1.33,1.29,1.35,725.0,2517.0,0.3927062683105469,False,PUT,2026-02-06,TSM
TSM260206P00317500,317.5,1.59,1.53,1.67,301.0,2936.0,0.38733522827148437,False,PUT,2026-02-06,TSM
TSM260206P00320000,320.0,1.87,1.82,1.94,261.0,6139.0,0.37366348999023435,False,PUT,2026-02-06,TSM
TSM260206P00322500,322.5,2.27,2.14,2.35,76.0,276.0,0.36597313720703123,False,PUT,2026-02-06,TSM
TSM260206P00325000,325.0,2.75,2.63,2.87,215.0,2760.0,0.36023588989257804,False,PUT,2026-02-06,TSM
TSM260206P00327500,327.5,3.31,3.2,3.45,171.0,178.0,0.3526676062011719,False,PUT,2026-02-06,TSM
TSM260206P00330000,330.0,4.05,3.9,4.15,1193.0,1222.0,0.3460758752441406,False,PUT,2026-02-06,TSM
TSM260206P00332500,332.5,5.05,4.65,5.05,142.0,108.0,0.34363449340820307,False,PUT,2026-02-06,TSM
TSM260206P00335000,335.0,6.03,5.65,6.05,499.0,448.0,0.3398503515625,False,PUT,2026-02-06,TSM
TSM260206P00337500,337.5,7.28,6.75,7.1,50.0,261.0,0.3319158605957031,True,PUT,2026-02-06,TSM
TSM260206P00340000,340.0,8.59,7.95,8.4,257.0,671.0,0.32923034057617184,True,PUT,2026-02-06,TSM
TSM260206P00342500,342.5,9.9,9.35,9.8,474.0,486.0,0.32459171508789053,True,PUT,2026-02-06,TSM
TSM260206P00345000,345.0,14.3,10.7,11.4,7.0,252.0,0.3227606787109374,True,PUT,2026-02-06,TSM
TSM260206P00347500,347.5,14.12,12.6,13.55,16.0,158.0,0.34400070068359373,True,PUT,2026-02-06,TSM
TSM260206P00350000,350.0,15.0,14.1,15.05,18.0,203.0,0.323126885986328,True,PUT,2026-02-06,TSM
TSM260206P00352500,352.5,16.02,16.0,18.05,6.0,5.0,0.38733522827148437,True,PUT,2026-02-06,TSM
TSM260206P00355000,355.0,14.75,18.0,20.2,109.0,116.0,0.39856558471679693,True,PUT,2026-02-06,TSM
TSM260206P00360000,360.0,22.57,22.3,24.7,34.0,23.0,0.424810439453125,True,PUT,2026-02-06,TSM
TSM260206P00365000,365.0,25.91,26.15,29.15,1.0,3.0,0.43543045043945316,True,PUT,2026-02-06,TSM
TSM260206P00370000,370.0,48.9,31.05,33.85,2.0,7.0,0.4567925415039063,True,PUT,2026-02-06,TSM
TSM260206P00375000,375.0,33.8,36.15,38.7,2.0,5.0,0.48682153808593753,True,PUT,2026-02-06,TSM
TSM260206P00380000,380.0,58.25,40.75,43.6,,6.0,0.5188036401367188,True,PUT,2026-02-06,TSM
TSM260206P00410000,410.0,82.85,70.0,73.85,,0.0,0.795900478515625,True,PUT,2026-02-06,TSM
TSM260206P00420000,420.0,91.15,79.9,83.9,,0.0,0.8776867700195312,True,PUT,2026-02-06,TSM
TSM260213C00240000,240.0,83.4,96.95,99.9,2.0,2.0,0.9680178979492188,True,CALL,2026-02-13,TSM
TSM260213C00250000,250.0,72.99,87.0,90.0,,2.0,0.8820812573242187,True,CALL,2026-02-13,TSM
TSM260213C00255000,255.0,67.55,82.1,84.8,,1.0,0.8261736132812498,True,CALL,2026-02-13,TSM
TSM260213C00260000,260.0,83.5,77.15,80.0,2.0,1.0,0.7963887548828125,True,CALL,2026-02-13,TSM
TSM260213C00265000,265.0,69.55,72.25,75.0,2.0,1.0,0.7553735400390625,True,CALL,2026-02-13,TSM
TSM260213C00270000,270.0,66.93,67.25,70.1,1.0,7.0,0.7141141870117188,True,CALL,2026-02-13,TSM
TSM260213C00275000,275.0,65.88,62.35,65.25,2.0,4.0,0.680911394042969,True,CALL,2026-02-13,TSM
TSM260213C00280000,280.0,58.58,57.4,60.3,1.0,3.0,0.63867548828125,True,CALL,2026-02-13,TSM
TSM260213C00285000,285.0,54.55,52.55,55.25,2.0,2.0,0.5960733752441407,True,CALL,2026-02-13,TSM
TSM260213C00290000,290.0,39.57,47.95,50.6,2.0,7.0,0.5810588769531251,True,CALL,2026-02-13,TSM
TSM260213C00295000,295.0,38.73,42.8,45.35,3.0,39.0,0.5158739819335938,True,CALL,2026-02-13,TSM
TSM260213C00300000,300.0,35.0,38.05,41.1,4.0,159.0,0.5041553491210937,True,CALL,2026-02-13,TSM
TSM260213C00305000,305.0,28.89,33.5,35.55,2.0,290.0,0.5133105310058592,True,CALL,2026-02-13,TSM
TSM260213C00310000,310.0,24.3,29.95,31.35,1.0,176.0,0.5006153454589843,True,CALL,2026-02-13,TSM
TSM260213C00315000,315.0,19.85,25.5,27.0,3.0,297.0,0.4730277307128906,True,CALL,2026-02-13,TSM
TSM260213C00320000,320.0,22.5,21.65,23.05,5.0,309.0,0.4567315069580079,True,CALL,2026-02-13,TSM
TSM260213C00325000,325.0,18.15,18.05,19.2,9.0,233.0,0.4358576922607422,True,CALL,2026-02-13,TSM
TSM260213C00330000,330.0,15.05,14.4,15.45,88.0,319.0,0.4097959411621094,True,CALL,2026-02-13,TSM
TSM260213C00335000,335.0,12.0,11.85,12.5,41.0,131.0,0.40259386474609377,True,CALL,2026-02-13,TSM
TSM260213C00340000,340.0,9.01,9.1,9.8,89.0,585.0,0.3920959228515625,False,CALL,2026-02-13,TSM
TSM260213C00345000,345.0,7.3,7.05,7.5,40.0,405.0,0.3830628100585937,False,CALL,2026-02-13,TSM
TSM260213C00350000,350.0,5.55,5.35,5.75,514.0,1752.0,0.38129280822753897,False,CALL,2026-02-13,TSM
TSM260213C00355000,355.0,4.0,3.65,4.35,80.0,203.0,0.3807434973144531,False,CALL,2026-02-13,TSM
TSM260213C00360000,360.0,2.93,2.65,3.15,23.0,355.0,0.37622694091796877,False,CALL,2026-02-13,TSM
TSM260213C00365000,365.0,2.26,2.1,2.26,30.0,502.0,0.37415176635742187,False,CALL,2026-02-13,TSM
TSM260213C00370000,370.0,1.67,1.42,1.72,16.0,173.0,0.3812317736816406,False,CALL,2026-02-13,TSM
TSM260213C00375000,375.0,1.12,0.93,1.3,17.0,224.0,0.38757936645507807,False,CALL,2026-02-13,TSM
TSM260213C00380000,380.0,0.94,0.82,0.96,8.0,86.0,0.39197385375976557,False,CALL,2026-02-13,TSM
TSM260213C00385000,385.0,0.61,0.3,0.78,2.0,163.0,0.40479110839843746,False,CALL,2026-02-13,TSM
TSM260213C00390000,390.0,0.48,0.35,0.61,1.0,127.0,0.4138242211914062,False,CALL,2026-02-13,TSM
TSM260213C00395000,395.0,0.49,0.4,0.59,11.0,35.0,0.43945873046875,False,CALL,2026-02-13,TSM
TSM260213C00400000,400.0,0.37,0.26,0.46,3.0,146.0,0.446294599609375,False,CALL,2026-02-13,TSM
TSM260213C00405000,405.0,0.37,0.11,0.45,2.0,138.0,0.47046427978515626,False,CALL,2026-02-13,TSM
TSM260213C00410000,410.0,0.23,0.21,0.28,11.0,97.0,0.45898978515625005,False,CALL,2026-02-13,TSM
TSM260213C00420000,420.0,0.34,0.14,0.26,1.0,178.0,0.5004932763671875,False,CALL,2026-02-13,TSM
TSM260213C00430000,430.0,0.12,0.01,0.73,6.0,17.0,0.5747112841796875,False,CALL,2026-02-13,TSM
TSM260213P00240000,240.0,0.16,0.05,0.3,1.0,74.0,0.7187528125,False,PUT,2026-02-13,TSM
TSM260213P00245000,245.0,0.16,0.11,0.19,2.0,41.0,0.6660189648437502,False,PUT,2026-02-13,TSM
TSM260213P00250000,250.0,0.18,0.02,0.34,2.0,30.0,0.6445348046875,False,PUT,2026-02-13,TSM
TSM260213P00255000,255.0,0.26,0.1,0.44,6.0,58.0,0.6425816992187501,False,PUT,2026-02-13,TSM
TSM260213P00260000,260.0,0.3,0.2,0.44,12.0,129.0,0.6196327099609377,False,PUT,2026-02-13,TSM
TSM260213P00265000,265.0,0.38,0.18,0.38,17.0,58.0,0.56836369140625,False,PUT,2026-02-13,TSM
TSM260213P00270000,270.0,0.36,0.25,0.44,3.0,187.0,0.5483443603515626,False,PUT,2026-02-13,TSM
TSM260213P00275000,275.0,0.33,0.11,0.55,13.0,217.0,0.50586431640625,False,PUT,2026-02-13,TSM
TSM260213P00280000,280.0,0.55,0.41,0.57,8.0,183.0,0.5012256909179689,False,PUT,2026-02-13,TSM
TSM260213P00285000,285.0,0.62,0.52,0.65,9.0,239.0,0.48730981445312505,False,PUT,2026-02-13,TSM
TSM260213P00290000,290.0,0.75,0.65,0.79,32.0,317.0,0.4650932397460938,False,PUT,2026-02-13,TSM
TSM260213P00295000,295.0,1.17,0.78,1.21,24.0,338.0,0.46753462158203124,False,PUT,2026-02-13,TSM
TSM260213P00300000,300.0,1.07,1.0,1.4,38.0,434.0,0.43897045410156255,False,PUT,2026-02-13,TSM
TSM260213P00305000,305.0,1.5,1.43,1.77,34.0,483.0,0.42017181396484377,False,PUT,2026-02-13,TSM
TSM260213P00310000,310.0,1.99,1.85,2.11,85.0,989.0,0.3931945446777344,False,PUT,2026-02-13,TSM
TSM260213P00315000,315.0,2.7,2.47,2.78,34.0,1218.0,0.3790345300292969,False,PUT,2026-02-13,TSM
TSM260213P00320000,320.0,3.45,3.35,3.65,151.0,5907.0,0.36511865356445317,False,PUT,2026-02-13,TSM
TSM260213P00325000,325.0,5.09,4.55,4.9,28.0,606.0,0.35657381713867187,False,PUT,2026-02-13,TSM
TSM260213P00330000,330.0,6.36,6.1,6.65,110.0,5632.0,0.35468174621582027,False,PUT,2026-02-13,TSM
TSM260213P00335000,335.0,8.4,7.95,9.1,12.0,494.0,0.3640200317382813,False,PUT,2026-02-13,TSM
TSM260213P00340000,340.0,12.2,10.55,11.55,71.0,333.0,0.35907623352050777,True,PUT,2026-02-13,TSM
TSM260213P00345000,345.0,14.14,13.2,14.15,2.0,140.0,0.34534346069335936,True,PUT,2026-02-13,TSM
TSM260213P00350000,350.0,15.7,16.3,17.35,1.0,94.0,0.33887379882812496,True,PUT,2026-02-13,TSM
TSM260213P00355000,355.0,19.95,19.25,20.85,23.0,93.0,0.32898620239257803,True,PUT,2026-02-13,TSM
TSM260213P00360000,360.0,22.85,23.0,26.05,1.0,6.0,0.38684695190429685,True,PUT,2026-02-13,TSM
TSM260213P00365000,365.0,26.9,27.3,30.3,4.0,14.0,0.39417109741210943,True,PUT,2026-02-13,TSM
TSM260213P00390000,390.0,50.0,50.8,53.7,2.0,1.0,0.46143116699218756,True,PUT,2026-02-13,TSM
TSM260213P00400000,400.0,52.96,60.75,63.65,,0.0,0.5161181201171875,True,PUT,2026-02-13,TSM
TSM260213P00410000,410.0,74.37,70.7,73.65,1.0,0.0,0.5730023168945313,True,PUT,2026-02-13,TSM
TSM260213P00420000,420.0,73.0,79.9,83.85,,0.0,0.6516148120117189,True,PUT,2026-02-13,TSM
TSM260220C00240000,240.0,102.39,97.15,100.15,1.0,657.0,0.8381363842773437,True,CALL,2026-02-20,TSM
TSM260220C00250000,250.0,81.88,87.45,89.95,3.0,1933.0,0.7602563037109377,True,CALL,2026-02-20,TSM
TSM260220C00260000,260.0,84.0,77.35,80.4,3.0,941.0,0.6967803759765626,True,CALL,2026-02-20,TSM
TSM260220C00270000,270.0,61.35,67.65,70.55,6.0,1471.0,0.6355016918945313,True,CALL,2026-02-20,TSM
TSM260220C00275000,275.0,65.85,62.7,65.7,14.0,9.0,0.6025430371093752,True,CALL,2026-02-20,TSM
TSM260220C00280000,280.0,58.5,58.15,60.25,2.0,5823.0,0.5612836840820312,True,CALL,2026-02-20,TSM
TSM260220C00285000,285.0,51.05,53.35,55.65,2.0,10.0,0.5417526293945314,True,CALL,2026-02-20,TSM
TSM260220C00290000,290.0,49.45,48.9,51.0,42.0,42733.0,0.528447098388672,True,CALL,2026-02-20,TSM
TSM260220C00295000,295.0,38.82,43.45,46.4,3.0,7.0,0.562626444091797,True,CALL,2026-02-20,TSM
TSM260220C00300000,300.0,40.38,39.75,41.85,14.0,2461.0,0.536259520263672,True,CALL,2026-02-20,TSM
TSM260220C00305000,305.0,29.8,34.3,36.85,39.0,29.0,0.48767602172851565,True,CALL,2026-02-20,TSM
TSM260220C00310000,310.0,30.5,30.2,32.45,127.0,6156.0,0.46307909973144534,True,CALL,2026-02-20,TSM
TSM260220C00315000,315.0,22.6,26.1,27.9,18.0,82.0,0.42896078857421877,True,CALL,2026-02-20,TSM
TSM260220C00320000,320.0,23.7,23.35,24.55,101.0,5310.0,0.4331111376953125,True,CALL,2026-02-20,TSM
TSM260220C00322500,322.5,16.95,20.5,22.2,81.0,81.0,0.40930766479492187,True,CALL,2026-02-20,TSM
TSM260220C00325000,325.0,24.05,19.15,20.7,18.0,185.0,0.41223732299804683,True,CALL,2026-02-20,TSM
TSM260220C00327500,327.5,14.97,16.95,19.0,5.0,33.0,0.40650007568359375,True,CALL,2026-02-20,TSM
TSM260220C00330000,330.0,16.49,16.35,17.45,335.0,4745.0,0.40344834838867194,True,CALL,2026-02-20,TSM
TSM260220C00332500,332.5,15.6,15.1,15.6,33.0,462.0,0.3891662646484375,True,CALL,2026-02-20,TSM
TSM260220C00335000,335.0,14.25,13.7,14.4,620.0,1350.0,0.3924621301269531,True,CALL,2026-02-20,TSM
TSM260220C00337500,337.5,12.58,12.35,12.9,64.0,1066.0,0.3845276391601562,False,CALL,2026-02-20,TSM
TSM260220C00340000,340.0,10.88,11.15,11.6,761.0,2916.0,0.3803772900390625,False,CALL,2026-02-20,TSM
TSM260220C00342500,342.5,10.21,10.0,10.45,20.0,432.0,0.378363150024414,False,CALL,2026-02-20,TSM
TSM260220C00345000,345.0,8.5,8.9,9.35,149.0,421.0,0.37555556091308595,False,CALL,2026-02-20,TSM
TSM260220C00347500,347.5,8.06,7.9,8.35,15.0,46.0,0.373480386352539,False,CALL,2026-02-20,TSM
TSM260220C00350000,350.0,7.14,7.0,7.3,1153.0,5881.0,0.36743796630859377,False,CALL,2026-02-20,TSM
TSM260220C00352500,352.5,7.84,6.2,6.6,17.0,24.0,0.3701845208740234,False,CALL,2026-02-20,TSM
TSM260220C00355000,355.0,5.57,5.45,5.9,17.0,512.0,0.37091693542480464,False,CALL,2026-02-20,TSM
TSM260220C00357500,357.5,5.59,4.35,5.2,4.0,133.0,0.3694521063232422,False,CALL,2026-02-20,TSM
TSM260220C00360000,360.0,4.4,4.2,4.5,203.0,3727.0,0.365667964477539,False,CALL,2026-02-20,TSM
TSM260220C00362500,362.5,4.77,3.55,4.0,102.0,122.0,0.3670717590332031,False,CALL,2026-02-20,TSM
TSM260220C00365000,365.0,3.23,3.15,3.5,11.0,277.0,0.36640037902832034,False,CALL,2026-02-20,TSM
TSM260220C00367500,367.5,2.6,2.73,3.1,1.0,15.0,0.3678652081298829,False,CALL,2026-02-20,TSM
TSM260220C00370000,370.0,2.41,2.39,2.77,41.0,2934.0,0.37067279724121094,False,CALL,2026-02-20,TSM
TSM260220C00375000,375.0,1.66,1.27,2.08,8.0,1523.0,0.36939107177734376,False,CALL,2026-02-20,TSM
TSM260220C00380000,380.0,1.53,1.39,1.62,108.0,1650.0,0.37317521362304684,False,CALL,2026-02-20,TSM
TSM260220C00385000,385.0,1.07,1.09,1.34,23.0,64.0,0.38294074096679687,False,CALL,2026-02-20,TSM
TSM260220C00390000,390.0,1.08,0.82,1.05,21.0,2261.0,0.38721315917968746,False,CALL,2026-02-20,TSM
TSM260220C00395000,395.0,1.01,0.7,0.85,2.0,142.0,0.3942931665039063,False,CALL,2026-02-20,TSM
TSM260220C00400000,400.0,0.63,0.56,0.72,177.0,2520.0,0.40479110839843746,False,CALL,2026-02-20,TSM
TSM260220C00405000,405.0,0.58,0.2,0.85,2.0,39.0,0.44214425048828127,False,CALL,2026-02-20,TSM
TSM260220C00410000,410.0,0.65,0.27,0.5,14.0,530.0,0.4211483666992188,False,CALL,2026-02-20,TSM
TSM260220C00415000,415.0,0.51,0.02,0.53,10.0,77.0,0.4467828759765625,False,CALL,2026-02-20,TSM
TSM260220C00420000,420.0,0.38,0.18,0.36,4.0,1072.0,0.43848217773437503,False,CALL,2026-02-20,TSM
TSM260220C00430000,430.0,0.23,0.15,0.45,5.0,240.0,0.49414568359375005,False,CALL,2026-02-20,TSM
TSM260220P00240000,240.0,0.27,0.15,0.3,13.0,5563.0,0.6201209863281252,False,PUT,2026-02-20,TSM
TSM260220P00250000,250.0,0.32,0.24,0.31,123.0,5052.0,0.5708050732421875,False,PUT,2026-02-20,TSM
TSM260220P00260000,260.0,0.4,0.29,0.43,116.0,8041.0,0.5268602001953125,False,PUT,2026-02-20,TSM
TSM260220P00270000,270.0,0.59,0.5,0.65,16.0,5099.0,0.5112353564453125,False,PUT,2026-02-20,TSM
TSM260220P00275000,275.0,0.71,0.52,0.76,23.0,87.0,0.4909718872070313,False,PUT,2026-02-20,TSM
TSM260220P00280000,280.0,1.03,0.66,0.9,48.0,7396.0,0.471684970703125,False,PUT,2026-02-20,TSM
TSM260220P00285000,285.0,0.88,0.8,0.98,67.0,107.0,0.44360907958984375,False,PUT,2026-02-20,TSM
TSM260220P00290000,290.0,1.12,0.99,1.32,1530.0,5426.0,0.4370173486328125,False,PUT,2026-02-20,TSM
TSM260220P00295000,295.0,1.57,1.21,1.51,18.0,525.0,0.41309180664062495,False,PUT,2026-02-20,TSM
TSM260220P00300000,300.0,1.67,1.6,1.86,299.0,6397.0,0.3967345483398438,False,PUT,2026-02-20,TSM
TSM260220P00305000,305.0,2.25,2.06,2.3,88.0,1392.0,0.3807434973144531,False,PUT,2026-02-20,TSM
TSM260220P00310000,310.0,2.88,2.75,3.05,716.0,8170.0,0.37402969726562496,False,PUT,2026-02-20,TSM
TSM260220P00315000,315.0,3.66,3.5,3.8,672.0,1248.0,0.3595645098876953,False,PUT,2026-02-20,TSM
TSM260220P00320000,320.0,4.85,4.55,5.0,1677.0,19652.0,0.3548648498535155,False,PUT,2026-02-20,TSM
TSM260220P00322500,322.5,6.12,5.2,5.7,67.0,135.0,0.3524845025634765,False,PUT,2026-02-20,TSM
TSM260220P00325000,325.0,6.3,5.9,6.65,63.0,1512.0,0.3560245062255859,False,PUT,2026-02-20,TSM
TSM260220P00327500,327.5,7.5,6.75,7.25,91.0,153.0,0.3455875988769531,False,PUT,2026-02-20,TSM
TSM260220P00330000,330.0,7.85,7.55,8.1,565.0,23560.0,0.3409489733886719,False,PUT,2026-02-20,TSM
TSM260220P00332500,332.5,9.46,8.55,9.2,629.0,129.0,0.34149828430175777,False,PUT,2026-02-20,TSM
TSM260220P00335000,335.0,10.15,9.6,10.3,284.0,344.0,0.3394231097412109,False,PUT,2026-02-20,TSM
TSM260220P00337500,337.5,12.19,10.85,11.5,44.0,55.0,0.33777517700195314,True,PUT,2026-02-20,TSM
TSM260220P00340000,340.0,13.2,12.0,12.65,44.0,1414.0,0.33209896423339846,True,PUT,2026-02-20,TSM
TSM260220P00342500,342.5,15.25,13.3,14.0,18.0,379.0,0.3297796514892578,True,PUT,2026-02-20,TSM
TSM260220P00345000,345.0,13.08,14.7,15.55,2.0,469.0,0.33081723876953123,True,PUT,2026-02-20,TSM
TSM260220P00347500,347.5,18.86,16.2,17.8,2.0,16.0,0.351019673461914,True,PUT,2026-02-20,TSM
TSM260220P00350000,350.0,17.35,17.75,19.9,1.0,400.0,0.36499658447265626,True,PUT,2026-02-20,TSM
TSM260220P00352500,352.5,21.56,19.45,21.6,2.0,27.0,0.3644472735595704,True,PUT,2026-02-20,TSM
TSM260220P00360000,360.0,31.35,24.85,26.45,129.0,298.0,0.3382634533691406,True,PUT,2026-02-20,TSM
TSM260220P00362500,362.5,29.3,26.8,28.05,124.0,6.0,0.32141791870117187,True,PUT,2026-02-20,TSM
TSM260220P00365000,365.0,31.55,28.85,31.35,22.0,20.0,0.3734193518066406,True,PUT,2026-02-20,TSM
TSM260220P00370000,370.0,31.95,32.55,35.6,28.0,40.0,0.3776917700195312,True,PUT,2026-02-20,TSM
TSM260220P00375000,375.0,37.2,37.5,39.9,12.0,8.0,0.37695935546875,True,PUT,2026-02-20,TSM
TSM260220P00380000,380.0,44.57,41.7,44.5,4.0,51.0,0.38550419189453117,True,PUT,2026-02-20,TSM
TSM260220P00390000,390.0,48.6,51.0,53.95,4.0,13.0,0.4050352465820312,True,PUT,2026-02-20,TSM
TSM260220P00400000,400.0,52.15,61.25,63.7,2.0,20.0,0.43506424316406256,True,PUT,2026-02-20,TSM
TSM260220P00410000,410.0,78.9,70.65,73.7,4.0,0.0,0.48291532714843755,True,PUT,2026-02-20,TSM
TSM260220P00420000,420.0,86.95,79.9,83.95,12.0,0.0,0.5529829858398438,True,PUT,2026-02-20,TSM
TSM260227C00245000,245.0,83.43,92.3,95.75,,5.0,0.735354208984375,True,CALL,2026-02-27,TSM
TSM260227C00250000,250.0,86.0,87.35,91.3,2.0,11.0,0.7242459216308592,True,CALL,2026-02-27,TSM
TSM260227C00260000,260.0,84.5,77.9,80.8,,1.0,0.6497837756347657,True,CALL,2026-02-27,TSM
TSM260227C00270000,270.0,72.19,68.15,71.05,1.0,4.0,0.5926554406738282,True,CALL,2026-02-27,TSM
TSM260227C00275000,275.0,59.78,63.3,66.1,6.0,8.0,0.5614057531738281,True,CALL,2026-02-27,TSM
TSM260227C00280000,280.0,56.4,58.6,61.4,30.0,1.0,0.5417526293945314,True,CALL,2026-02-27,TSM
TSM260227C00285000,285.0,60.03,53.7,56.65,1.0,22.0,0.5131884619140624,True,CALL,2026-02-27,TSM
TSM260227C00290000,290.0,56.1,49.05,52.0,10.0,62.0,0.5606733386230469,True,CALL,2026-02-27,TSM
TSM260227C00295000,295.0,43.1,44.45,46.95,46.0,15.0,0.5161181201171875,True,CALL,2026-02-27,TSM
TSM260227C00300000,300.0,38.9,40.2,42.75,4.0,103.0,0.5048267291259765,True,CALL,2026-02-27,TSM
TSM260227C00305000,305.0,29.25,35.6,37.75,3.0,17.0,0.4606377178955079,True,CALL,2026-02-27,TSM
TSM260227C00310000,310.0,26.5,31.65,33.9,1.0,56.0,0.45514460876464846,True,CALL,2026-02-27,TSM
TSM260227C00315000,315.0,28.85,27.9,29.3,3.0,38.0,0.4205990557861329,True,CALL,2026-02-27,TSM
TSM260227C00320000,320.0,29.04,24.6,26.1,2.0,324.0,0.4251156121826172,True,CALL,2026-02-27,TSM
TSM260227C00325000,325.0,21.83,21.35,22.45,73.0,117.0,0.4099485275268554,True,CALL,2026-02-27,TSM
TSM260227C00330000,330.0,18.99,17.65,19.3,71.0,352.0,0.40277696838378907,True,CALL,2026-02-27,TSM
TSM260227C00335000,335.0,15.9,15.35,16.8,82.0,156.0,0.4062559375,True,CALL,2026-02-27,TSM
TSM260227C00340000,340.0,13.1,12.3,13.9,58.0,205.0,0.39264523376464844,False,CALL,2026-02-27,TSM
TSM260227C00345000,345.0,10.84,10.15,11.5,28.0,294.0,0.38532108825683586,False,CALL,2026-02-27,TSM
TSM260227C00350000,350.0,9.36,8.8,9.5,33.0,245.0,0.38172005004882803,False,CALL,2026-02-27,TSM
TSM260227C00355000,355.0,6.55,5.95,8.1,79.0,243.0,0.38788453918457033,False,CALL,2026-02-27,TSM
TSM260227C00360000,360.0,5.72,5.25,6.3,178.0,216.0,0.37616590637207037,False,CALL,2026-02-27,TSM
TSM260227C00365000,365.0,4.55,4.55,5.15,27.0,199.0,0.37708142456054683,False,CALL,2026-02-27,TSM
TSM260227C00370000,370.0,3.38,3.55,4.15,148.0,211.0,0.37683728637695313,False,CALL,2026-02-27,TSM
TSM260227C00375000,375.0,3.0,2.74,3.4,11.0,279.0,0.37995004821777345,False,CALL,2026-02-27,TSM
TSM260227C00380000,380.0,2.54,2.44,2.8,4.0,285.0,0.38403936279296874,False,CALL,2026-02-27,TSM
TSM260227C00385000,385.0,1.89,1.87,2.24,24.0,53.0,0.3850159155273437,False,CALL,2026-02-27,TSM
TSM260227C00390000,390.0,1.68,1.47,1.8,17.0,106.0,0.3869690209960937,False,CALL,2026-02-27,TSM
TSM260227C00395000,395.0,1.49,0.93,2.02,6.0,34.0,0.42383388671875,False,CALL,2026-02-27,TSM
TSM260227C00400000,400.0,1.1,0.87,1.33,25.0,67.0,0.40405869384765625,False,CALL,2026-02-27,TSM
TSM260227C00405000,405.0,0.81,0.82,1.21,5.0,52.0,0.41712008666992184,False,CALL,2026-02-27,TSM
TSM260227C00410000,410.0,0.74,0.45,1.54,3.0,189.0,0.46252978881835943,False,CALL,2026-02-27,TSM
TSM260227C00420000,420.0,0.42,0.01,1.47,1.0,79.0,0.4995167236328125,False,CALL,2026-02-27,TSM
TSM260227C00430000,430.0,0.46,0.15,0.49,2.0,27.0,0.43897045410156255,False,CALL,2026-02-27,TSM
TSM260227P00240000,240.0,0.3,0.15,0.57,2.0,11.0,0.5820354296875,False,PUT,2026-02-27,TSM
TSM260227P00245000,245.0,0.42,0.12,0.46,12.0,42.0,0.53320779296875,False,PUT,2026-02-27,TSM
TSM260227P00250000,250.0,0.7,0.15,0.7,3.0,126.0,0.5346726220703125,False,PUT,2026-02-27,TSM
TSM260227P00255000,255.0,0.41,0.03,0.69,5.0,20.0,0.5483443603515626,False,PUT,2026-02-27,TSM
TSM260227P00260000,260.0,0.58,0.27,0.86,3.0,23.0,0.5383346948242189,False,PUT,2026-02-27,TSM
TSM260227P00265000,265.0,0.54,0.1,1.12,2.0,30.0,0.5336960693359375,False,PUT,2026-02-27,TSM
TSM260227P00270000,270.0,0.8,0.59,1.03,214.0,2207.0,0.4909718872070313,False,PUT,2026-02-27,TSM
TSM260227P00275000,275.0,0.97,0.45,1.5,31.0,173.0,0.499028447265625,False,PUT,2026-02-27,TSM
TSM260227P00280000,280.0,1.24,0.98,1.54,33.0,153.0,0.4672904833984375,False,PUT,2026-02-27,TSM
TSM260227P00285000,285.0,1.62,1.18,1.97,13.0,88.0,0.46143116699218756,False,PUT,2026-02-27,TSM
TSM260227P00290000,290.0,1.93,1.42,2.02,12.0,136.0,0.4283504431152344,False,PUT,2026-02-27,TSM
TSM260227P00295000,295.0,2.1,1.75,2.13,45.0,177.0,0.39838248107910157,False,PUT,2026-02-27,TSM
TSM260227P00300000,300.0,2.55,2.4,2.69,269.0,497.0,0.3897155755615235,False,PUT,2026-02-27,TSM
TSM260227P00305000,305.0,3.29,3.0,3.55,106.0,286.0,0.38825074645996094,False,PUT,2026-02-27,TSM
TSM260227P00310000,310.0,3.96,3.8,4.15,54.0,359.0,0.370123486328125,False,PUT,2026-02-27,TSM
TSM260227P00315000,315.0,4.95,4.8,5.05,40.0,328.0,0.3580386462402344,False,PUT,2026-02-27,TSM
TSM260227P00320000,320.0,6.97,6.05,6.35,55.0,460.0,0.3526676062011719,False,PUT,2026-02-27,TSM
TSM260227P00325000,325.0,8.0,7.55,7.9,11.0,278.0,0.3474796697998046,False,PUT,2026-02-27,TSM
TSM260227P00330000,330.0,9.61,9.3,10.3,54.0,391.0,0.35785554260253905,False,PUT,2026-02-27,TSM
TSM260227P00335000,335.0,12.3,11.15,13.05,344.0,231.0,0.36902486450195315,False,PUT,2026-02-27,TSM
TSM260227P00340000,340.0,15.4,13.75,15.65,15.0,269.0,0.3686281399536133,True,PUT,2026-02-27,TSM
TSM260227P00345000,345.0,15.07,16.45,18.5,2.0,49.0,0.3675600354003906,True,PUT,2026-02-27,TSM
TSM260227P00350000,350.0,19.22,18.95,20.4,1.0,219.0,0.33338068969726564,True,PUT,2026-02-27,TSM
TSM260227P00355000,355.0,20.5,22.7,24.6,10.0,13.0,0.3544986425781249,True,PUT,2026-02-27,TSM
TSM260227P00360000,360.0,27.05,25.9,27.7,10.0,7.0,0.33685965881347657,True,PUT,2026-02-27,TSM
TSM260227P00370000,370.0,42.3,34.2,36.6,,1.0,0.36865865722656255,True,PUT,2026-02-27,TSM
TSM260227P00375000,375.0,46.18,37.85,40.85,1.0,1.0,0.37085590087890624,True,PUT,2026-02-27,TSM
TSM260227P00380000,380.0,39.9,42.5,45.25,,2.0,0.37390762817382805,True,PUT,2026-02-27,TSM
TSM260227P00385000,385.0,56.45,46.9,49.6,2.0,1.0,0.3687807263183594,True,PUT,2026-02-27,TSM
TSM260227P00390000,390.0,49.9,51.6,54.45,1.0,4.0,0.38550419189453117,True,PUT,2026-02-27,TSM
TSM260227P00395000,395.0,54.55,56.35,59.2,2.0,1.0,0.3942931665039063,True,PUT,2026-02-27,TSM
TSM260227P00400000,400.0,72.0,61.05,64.0,1.0,1.0,0.4035704174804688,True,PUT,2026-02-27,TSM
TSM260227P00430000,430.0,83.0,90.0,93.85,,0.0,0.5148974291992188,True,PUT,2026-02-27,TSM
TSM260306C00255000,255.0,80.85,83.15,86.0,5.0,5.0,0.6355016918945313,True,CALL,2026-03-06,TSM
TSM260306C00310000,310.0,37.13,32.8,35.9,18.0,26.0,0.46845013977050787,True,CALL,2026-03-06,TSM
TSM260306C00315000,315.0,24.8,29.05,31.5,1.0,34.0,0.439885972290039,True,CALL,2026-03-06,TSM
TSM260306C00320000,320.0,26.86,26.25,27.65,3.0,40.0,0.42328457580566403,True,CALL,2026-03-06,TSM
TSM260306C00325000,325.0,22.1,22.6,25.05,3.0,12.0,0.4337825177001954,True,CALL,2026-03-06,TSM
TSM260306C00330000,330.0,17.35,19.95,22.0,50.0,61.0,0.4274959594726563,True,CALL,2026-03-06,TSM
TSM260306C00335000,335.0,17.45,17.45,18.2,105.0,106.0,0.39871817108154295,True,CALL,2026-03-06,TSM
TSM260306C00340000,340.0,13.56,14.65,15.65,27.0,135.0,0.39441523559570313,False,CALL,2026-03-06,TSM
TSM260306C00345000,345.0,12.36,12.3,13.35,5.0,13.0,0.39053954193115237,False,CALL,2026-03-06,TSM
TSM260306C00350000,350.0,11.0,9.85,11.8,9.0,54.0,0.3991148956298829,False,CALL,2026-03-06,TSM
TSM260306C00355000,355.0,9.3,8.35,9.4,3.0,16.0,0.3819031536865234,False,CALL,2026-03-06,TSM
TSM260306C00360000,360.0,6.15,6.15,8.5,3.0,43.0,0.39685661743164063,False,CALL,2026-03-06,TSM
TSM260306C00365000,365.0,7.3,4.9,6.6,6.0,28.0,0.3808350491333008,False,CALL,2026-03-06,TSM
TSM260306C00370000,370.0,5.2,4.75,5.6,20.0,14.0,0.38403936279296874,False,CALL,2026-03-06,TSM
TSM260306C00375000,375.0,4.6,3.75,4.75,1.0,47.0,0.3875183319091796,False,CALL,2026-03-06,TSM
TSM260306C00380000,380.0,4.14,2.46,3.8,2.0,41.0,0.38318487915039057,False,CALL,2026-03-06,TSM
TSM260306C00385000,385.0,2.4,2.65,3.1,6.0,7.0,0.38269660278320305,False,CALL,2026-03-06,TSM
TSM260306C00400000,400.0,2.2,0.64,2.63,12.0,17.0,0.43286699951171875,False,CALL,2026-03-06,TSM
TSM260306C00420000,420.0,0.9,0.38,1.99,1.0,4.0,0.4823049816894531,False,CALL,2026-03-06,TSM
TSM260306C00430000,430.0,0.58,0.01,1.73,12.0,6.0,0.5036670727539063,False,CALL,2026-03-06,TSM
TSM260306P00240000,240.0,0.39,0.24,0.66,2.0,2.0,0.5424850439453126,False,PUT,2026-03-06,TSM
TSM260306P00245000,245.0,0.39,0.42,0.63,2.0,9.0,0.5273484765625001,False,PUT,2026-03-06,TSM
TSM260306P00250000,250.0,0.55,0.44,0.83,2.0,32.0,0.5151415673828125,False,PUT,2026-03-06,TSM
TSM260306P00255000,255.0,0.69,0.27,0.96,2.0,1.0,0.5257615783691407,False,PUT,2026-03-06,TSM
TSM260306P00260000,260.0,0.8,0.64,1.14,15.0,16.0,0.5131884619140624,False,PUT,2026-03-06,TSM
TSM260306P00265000,265.0,1.05,0.75,1.59,3.0,22.0,0.5197801928710937,False,PUT,2026-03-06,TSM
TSM260306P00270000,270.0,1.05,0.13,2.01,2.0,23.0,0.516606396484375,False,PUT,2026-03-06,TSM
TSM260306P00275000,275.0,1.45,1.19,1.81,9.0,19.0,0.47058634887695316,False,PUT,2026-03-06,TSM
TSM260306P00280000,280.0,1.5,1.48,1.5,2.0,38.0,0.41809663940429687,False,PUT,2026-03-06,TSM
TSM260306P00285000,285.0,2.0,1.74,2.28,10.0,18.0,0.4327449304199219,False,PUT,2026-03-06,TSM
TSM260306P00290000,290.0,2.64,1.73,3.55,2.0,32.0,0.45862357788085945,False,PUT,2026-03-06,TSM
TSM260306P00295000,295.0,2.84,2.68,2.9,10.0,48.0,0.3947204083251954,False,PUT,2026-03-06,TSM
TSM260306P00300000,300.0,3.55,3.2,3.65,23.0,93.0,0.39002074829101563,False,PUT,2026-03-06,TSM
TSM260306P00305000,305.0,4.2,4.05,4.45,13.0,64.0,0.3817810845947265,False,PUT,2026-03-06,TSM
TSM260306P00310000,310.0,5.85,4.85,5.5,6.0,164.0,0.37683728637695313,False,PUT,2026-03-06,TSM
TSM260306P00315000,315.0,6.27,6.1,6.4,18.0,62.0,0.3621889953613281,False,PUT,2026-03-06,TSM
TSM260306P00320000,320.0,7.78,7.45,8.35,12.0,27.0,0.3714662463378906,False,PUT,2026-03-06,TSM
TSM260306P00325000,325.0,9.37,8.95,10.3,28.0,48.0,0.373480386352539,False,PUT,2026-03-06,TSM
TSM260306P00330000,330.0,8.8,10.75,12.05,1.0,39.0,0.3644472735595704,False,PUT,2026-03-06,TSM
TSM260306P00335000,335.0,16.1,12.85,14.55,3.0,31.0,0.3675600354003906,False,PUT,2026-03-06,TSM
TSM260306P00340000,340.0,15.1,15.3,16.45,345.0,90.0,0.3505924316406249,True,PUT,2026-03-06,TSM
TSM260306P00350000,350.0,20.62,21.0,22.85,1.0,1.0,0.35999175170898434,True,PUT,2026-03-06,TSM
TSM260306P00400000,400.0,66.55,61.35,64.25,2.0,1.0,0.3786683227539062,True,PUT,2026-03-06,TSM
TSM260320C00240000,240.0,99.8,98.8,101.3,33.0,659.0,0.6630893066406252,True,CALL,2026-03-20,TSM
TSM260320C00250000,250.0,94.63,88.8,91.5,1.0,1708.0,0.605167522583008,True,CALL,2026-03-20,TSM
TSM260320C00260000,260.0,80.5,79.3,81.6,27.0,1549.0,0.5581098876953126,True,CALL,2026-03-20,TSM
TSM260320C00270000,270.0,68.5,70.3,72.15,21.0,854.0,0.5300339965820313,True,CALL,2026-03-20,TSM
TSM260320C00280000,280.0,59.82,60.5,63.35,16.0,2185.0,0.5423629748535157,True,CALL,2026-03-20,TSM
TSM260320C00290000,290.0,45.9,51.95,54.55,31.0,2807.0,0.5096484582519532,True,CALL,2026-03-20,TSM
TSM260320C00300000,300.0,44.8,43.25,45.7,274.0,6352.0,0.4689384161376954,True,CALL,2026-03-20,TSM
TSM260320C00310000,310.0,35.5,36.3,38.0,69.0,2672.0,0.4493463269042969,True,CALL,2026-03-20,TSM
TSM260320C00320000,320.0,30.05,29.7,30.8,144.0,6236.0,0.429265961303711,True,CALL,2026-03-20,TSM
TSM260320C00330000,330.0,23.61,23.1,24.25,267.0,2418.0,0.4099790447998046,True,CALL,2026-03-20,TSM
TSM260320C00340000,340.0,18.37,18.15,18.85,328.0,6290.0,0.39954213745117195,False,CALL,2026-03-20,TSM
TSM260320C00350000,350.0,13.8,13.85,14.4,212.0,2487.0,0.3927062683105469,False,CALL,2026-03-20,TSM
TSM260320C00360000,360.0,10.61,10.2,10.7,215.0,5322.0,0.38568729553222647,False,CALL,2026-03-20,TSM
TSM260320C00370000,370.0,7.65,7.45,8.05,313.0,1164.0,0.3864807446289062,False,CALL,2026-03-20,TSM
TSM260320C00380000,380.0,5.6,5.4,5.9,75.0,2703.0,0.38532108825683586,False,CALL,2026-03-20,TSM
TSM260320C00390000,390.0,4.0,3.75,4.2,61.0,2453.0,0.38269660278320305,False,CALL,2026-03-20,TSM
TSM260320C00400000,400.0,3.0,2.86,3.1,54.0,2013.0,0.3865417791748046,False,CALL,2026-03-20,TSM
TSM260320C00410000,410.0,2.16,2.02,2.31,10.0,1194.0,0.3917907501220703,False,CALL,2026-03-20,TSM
TSM260320C00420000,420.0,1.61,1.49,1.76,15.0,970.0,0.39905386108398444,False,CALL,2026-03-20,TSM
TSM260320C00430000,430.0,1.15,1.18,1.34,16.0,655.0,0.4058897302246094,False,CALL,2026-03-20,TSM
TSM260320P00240000,240.0,0.75,0.64,0.88,5.0,6501.0,0.5053760400390624,False,PUT,2026-03-20,TSM
TSM260320P00250000,250.0,1.04,0.96,1.21,18.0,4335.0,0.49670913452148446,False,PUT,2026-03-20,TSM
TSM260320P00260000,260.0,1.52,1.25,1.74,642.0,4751.0,0.4803518762207031,False,PUT,2026-03-20,TSM
TSM260320P00270000,270.0,2.03,1.84,2.04,88.0,4045.0,0.44165597412109375,False,PUT,2026-03-20,TSM
TSM260320P00280000,280.0,2.6,2.57,2.8,310.0,7313.0,0.42102629760742194,False,PUT,2026-03-20,TSM
TSM260320P00290000,290.0,3.8,3.65,4.0,87.0,2956.0,0.40680524841308596,False,PUT,2026-03-20,TSM
TSM260320P00300000,300.0,5.42,5.25,5.5,345.0,5534.0,0.38934936828613287,False,PUT,2026-03-20,TSM
TSM260320P00310000,310.0,7.72,7.4,7.8,140.0,4066.0,0.379889013671875,False,PUT,2026-03-20,TSM
TSM260320P00320000,320.0,10.45,10.3,10.75,513.0,17937.0,0.3698793481445312,False,PUT,2026-03-20,TSM
TSM260320P00330000,330.0,14.19,13.9,14.7,256.0,2231.0,0.36463037719726565,False,PUT,2026-03-20,TSM
TSM260320P00340000,340.0,19.15,18.65,19.8,60.0,900.0,0.36524072265625,True,PUT,2026-03-20,TSM
TSM260320P00350000,350.0,28.0,24.2,25.7,42.0,1320.0,0.3648745153808594,True,PUT,2026-03-20,TSM
TSM260320P00360000,360.0,27.67,30.55,32.85,36.0,77.0,0.374456939086914,True,PUT,2026-03-20,TSM
TSM260320P00370000,370.0,42.25,37.7,40.0,2.0,93.0,0.36939107177734376,True,PUT,2026-03-20,TSM
TSM260320P00380000,380.0,45.3,45.35,48.0,30.0,56.0,0.3699403826904296,True,PUT,2026-03-20,TSM
TSM260320P00390000,390.0,59.05,53.55,56.2,30.0,30.0,0.3611514080810546,True,PUT,2026-03-20,TSM
TSM260320P00400000,400.0,70.95,62.3,65.45,22.0,15.0,0.37439590454101557,True,PUT,2026-03-20,TSM
TSM260320P00410000,410.0,81.44,71.7,74.65,1.0,10.0,0.3765931481933594,True,PUT,2026-03-20,TSM
TSM260320P00420000,420.0,90.5,81.2,83.65,30.0,84.0,0.35156898437499995,True,PUT,2026-03-20,TSM
TSM260320P00430000,430.0,105.95,90.85,93.9,,2.0,0.398443515625,True,PUT,2026-03-20,TSM
TSM260417C00240000,240.0,94.9,99.7,102.55,1.0,221.0,0.5813640496826171,True,CALL,2026-04-17,TSM
TSM260417C00250000,250.0,90.75,90.45,92.85,35.0,352.0,0.5471847039794924,True,CALL,2026-04-17,TSM
TSM260417C00260000,260.0,80.37,81.2,83.95,3.0,291.0,0.5239915765380858,True,CALL,2026-04-17,TSM
TSM260417C00270000,270.0,67.4,72.25,74.5,1.0,357.0,0.5238695074462891,True,CALL,2026-04-17,TSM
TSM260417C00280000,280.0,60.34,63.5,66.65,3.0,688.0,0.518681571044922,True,CALL,2026-04-17,TSM
TSM260417C00290000,290.0,52.45,55.9,57.75,37.0,933.0,0.48187773986816407,True,CALL,2026-04-17,TSM
TSM260417C00300000,300.0,43.91,47.95,49.75,9.0,3331.0,0.45953909606933596,True,CALL,2026-04-17,TSM
TSM260417C00310000,310.0,41.5,41.5,42.4,525.0,1233.0,0.4426325268554688,True,CALL,2026-04-17,TSM
TSM260417C00320000,320.0,34.6,34.6,35.95,10.0,1684.0,0.43341631042480466,True,CALL,2026-04-17,TSM
TSM260417C00330000,330.0,29.5,28.95,29.65,326.0,1258.0,0.4176388803100586,True,CALL,2026-04-17,TSM
TSM260417C00340000,340.0,24.5,23.9,24.35,132.0,907.0,0.4089414575195312,False,CALL,2026-04-17,TSM
TSM260417C00350000,350.0,19.7,19.7,19.7,156.0,3005.0,0.4010069665527344,False,CALL,2026-04-17,TSM
TSM260417C00360000,360.0,15.77,15.7,16.05,108.0,3675.0,0.399694723815918,False,CALL,2026-04-17,TSM
TSM260417C00370000,370.0,10.9,12.3,13.0,3.0,730.0,0.39929799926757814,False,CALL,2026-04-17,TSM
TSM260417C00380000,380.0,10.0,9.5,10.35,10.0,452.0,0.3972533419799804,False,CALL,2026-04-17,TSM
TSM260417C00390000,390.0,8.39,7.9,8.35,2.0,434.0,0.3992369647216797,False,CALL,2026-04-17,TSM
TSM260417C00400000,400.0,5.6,5.95,6.6,14.0,668.0,0.39884024017333986,False,CALL,2026-04-17,TSM
TSM260417C00410000,410.0,4.45,4.65,5.55,646.0,345.0,0.407781801147461,False,CALL,2026-04-17,TSM
TSM260417C00420000,420.0,4.0,3.9,4.2,782.0,1794.0,0.402899037475586,False,CALL,2026-04-17,TSM
TSM260417C00430000,430.0,3.07,3.1,3.4,3.0,213.0,0.40698835205078127,False,CALL,2026-04-17,TSM
TSM260417P00240000,240.0,1.95,1.71,2.05,13.0,1954.0,0.4973194799804688,False,PUT,2026-04-17,TSM
TSM260417P00250000,250.0,2.5,2.19,2.76,14.0,6514.0,0.48328153442382815,False,PUT,2026-04-17,TSM
TSM260417P00260000,260.0,3.25,2.82,3.4,83.0,5173.0,0.4591118542480469,False,PUT,2026-04-17,TSM
TSM260417P00270000,270.0,4.56,3.8,4.2,26.0,2934.0,0.43579665771484377,False,PUT,2026-04-17,TSM
TSM260417P00280000,280.0,5.69,5.1,5.45,125.0,5589.0,0.4200497448730469,False,PUT,2026-04-17,TSM
TSM260417P00290000,290.0,7.47,6.7,7.2,72.0,2895.0,0.4088804229736328,False,PUT,2026-04-17,TSM
TSM260417P00300000,300.0,8.95,8.85,9.15,208.0,2364.0,0.3931029928588867,False,PUT,2026-04-17,TSM
TSM260417P00310000,310.0,12.6,11.35,12.0,7.0,1086.0,0.3859924682617187,False,PUT,2026-04-17,TSM
TSM260417P00320000,320.0,15.43,14.7,16.2,20.0,2247.0,0.39194333648681634,False,PUT,2026-04-17,TSM
TSM260417P00330000,330.0,19.05,18.65,19.45,209.0,11581.0,0.37070331451416016,False,PUT,2026-04-17,TSM
TSM260417P00340000,340.0,23.59,23.35,24.05,12205.0,461.0,0.3613955462646484,True,PUT,2026-04-17,TSM
TSM260417P00350000,350.0,29.05,28.35,29.8,77.0,286.0,0.35962554443359374,True,PUT,2026-04-17,TSM
TSM260417P00360000,360.0,39.25,34.95,37.05,2.0,68.0,0.3719545227050781,True,PUT,2026-04-17,TSM
TSM260417P00370000,370.0,45.07,41.65,44.05,2.0,46.0,0.37091693542480464,True,PUT,2026-04-17,TSM
TSM260417P00380000,380.0,54.0,49.15,51.2,20.0,35.0,0.36270778900146483,True,PUT,2026-04-17,TSM
TSM260417P00390000,390.0,60.85,56.3,59.5,20.0,27.0,0.3676515872192383,True,PUT,2026-04-17,TSM
TSM260417P00400000,400.0,69.6,64.75,67.65,104.0,1.0,0.360785200805664,True,PUT,2026-04-17,TSM
TSM260417P00410000,410.0,82.0,74.1,76.35,,1.0,0.35809968078613286,True,PUT,2026-04-17,TSM
TSM260417P00420000,420.0,88.8,83.15,85.7,16.0,1.0,0.3673158972167969,True,PUT,2026-04-17,TSM
TSM260417P00430000,430.0,88.5,92.45,94.95,22.0,13.0,0.36749900085449216,True,PUT,2026-04-17,TSM
TSM260515C00240000,240.0,97.95,101.7,104.55,2.0,262.0,0.5660443786621094,True,CALL,2026-05-15,TSM
TSM260515C00250000,250.0,87.35,92.55,95.45,1.0,616.0,0.539616420288086,True,CALL,2026-05-15,TSM
TSM260515C00260000,260.0,82.31,83.5,86.6,2.0,554.0,0.5148058773803711,True,CALL,2026-05-15,TSM
TSM260515C00270000,270.0,81.66,74.85,77.75,1.0,1262.0,0.5224657128906249,True,CALL,2026-05-15,TSM
TSM260515C00280000,280.0,64.0,66.85,69.0,2.0,1164.0,0.4926198199462891,True,CALL,2026-05-15,TSM
TSM260515C00290000,290.0,55.2,58.65,61.6,10.0,1971.0,0.48398343170166025,True,CALL,2026-05-15,TSM
TSM260515C00300000,300.0,49.2,51.15,53.85,23.0,2332.0,0.46332323791503904,True,CALL,2026-05-15,TSM
TSM260515C00310000,310.0,45.63,44.45,47.3,12.0,1530.0,0.4562432305908204,True,CALL,2026-05-15,TSM
TSM260515C00320000,320.0,37.09,37.9,40.6,6.0,1749.0,0.44040476593017575,True,CALL,2026-05-15,TSM
TSM260515C00330000,330.0,33.59,33.25,34.55,44.0,1094.0,0.42774009765625004,True,CALL,2026-05-15,TSM
TSM260515C00340000,340.0,28.25,28.25,29.45,15.0,1443.0,0.42163664306640625,False,CALL,2026-05-15,TSM
TSM260515C00350000,350.0,24.05,24.05,24.75,68.0,1301.0,0.4141904284667969,False,CALL,2026-05-15,TSM
TSM260515C00360000,360.0,20.2,19.7,20.2,32.0,1229.0,0.40192248474121095,False,CALL,2026-05-15,TSM
TSM260515C00370000,370.0,16.9,16.8,17.35,10.0,422.0,0.40680524841308596,False,CALL,2026-05-15,TSM
TSM260515C00380000,380.0,14.15,14.05,14.5,12.0,406.0,0.4056455920410156,False,CALL,2026-05-15,TSM
TSM260515C00390000,390.0,11.75,11.65,12.25,19.0,1183.0,0.407781801147461,False,CALL,2026-05-15,TSM
TSM260515C00400000,400.0,9.72,9.65,10.05,29.0,946.0,0.4051878329467773,False,CALL,2026-05-15,TSM
TSM260515C00410000,410.0,8.19,7.7,8.0,2.0,235.0,0.3991759301757813,False,CALL,2026-05-15,TSM
TSM260515C00420000,420.0,7.4,6.4,7.35,4.0,311.0,0.415044912109375,False,CALL,2026-05-15,TSM
TSM260515C00430000,430.0,6.64,5.25,6.3,1.0,250.0,0.41986664123535156,False,CALL,2026-05-15,TSM
TSM260515P00240000,240.0,3.4,2.59,3.4,5.0,1744.0,0.48468532897949224,False,PUT,2026-05-15,TSM
TSM260515P00250000,250.0,3.65,3.4,3.7,22.0,3314.0,0.44940736145019533,False,PUT,2026-05-15,TSM
TSM260515P00260000,260.0,4.55,4.45,4.7,21.0,3894.0,0.43457596679687505,False,PUT,2026-05-15,TSM
TSM260515P00270000,270.0,6.45,5.65,6.2,20.0,6132.0,0.42676354492187507,False,PUT,2026-05-15,TSM
TSM260515P00280000,280.0,8.5,7.25,9.0,7.0,3936.0,0.43897045410156255,False,PUT,2026-05-15,TSM
TSM260515P00290000,290.0,9.7,9.35,9.75,117.0,2004.0,0.40131213928222653,False,PUT,2026-05-15,TSM
TSM260515P00300000,300.0,12.0,11.65,12.4,433.0,4195.0,0.3943847183227539,False,PUT,2026-05-15,TSM
TSM260515P00310000,310.0,14.85,14.6,15.1,163.0,483.0,0.3807129800415039,False,PUT,2026-05-15,TSM
TSM260515P00320000,320.0,18.35,18.25,19.05,29.0,5950.0,0.3785767709350586,False,PUT,2026-05-15,TSM
TSM260515P00330000,330.0,22.75,22.35,22.8,291.0,10331.0,0.36546960220336916,False,PUT,2026-05-15,TSM
TSM260515P00340000,340.0,29.0,27.05,28.6,1.0,216.0,0.37296159271240237,True,PUT,2026-05-15,TSM
TSM260515P00350000,350.0,31.7,32.45,33.55,23.0,628.0,0.36069364898681633,True,PUT,2026-05-15,TSM
TSM260515P00360000,360.0,37.75,38.5,39.75,4.0,855.0,0.35785554260253905,True,PUT,2026-05-15,TSM
TSM260515P00370000,370.0,51.4,45.1,47.45,2.0,72.0,0.36923848541259763,True,PUT,2026-05-15,TSM
TSM260515P00380000,380.0,57.45,52.3,54.55,2.0,33.0,0.3653017572021484,True,PUT,2026-05-15,TSM
TSM260515P00390000,390.0,64.15,59.85,61.0,2.0,74.0,0.342505354309082,True,PUT,2026-05-15,TSM
TSM260515P00400000,400.0,66.2,67.2,70.35,20.0,87.0,0.36286037536621096,True,PUT,2026-05-15,TSM
TSM260515P00410000,410.0,105.4,75.7,78.75,,2.0,0.36118192535400384,True,PUT,2026-05-15,TSM
TSM260515P00420000,420.0,94.1,84.95,87.5,2.0,0.0,0.3609072698974609,True,PUT,2026-05-15,TSM
TSM260515P00430000,430.0,103.25,93.4,96.2,,11.0,0.3529117443847656,True,PUT,2026-05-15,TSM
TSM260618C00240000,240.0,103.45,103.5,106.55,2.0,968.0,0.5408981457519533,True,CALL,2026-06-18,TSM
TSM260618C00250000,250.0,96.43,94.7,97.95,2.0,4413.0,0.5224657128906249,True,CALL,2026-06-18,TSM
TSM260618C00260000,260.0,89.31,86.1,89.1,1.0,1581.0,0.5003101727294923,True,CALL,2026-06-18,TSM
TSM260618C00270000,270.0,77.37,77.75,80.3,8.0,2100.0,0.5007374145507812,True,CALL,2026-06-18,TSM
TSM260618C00280000,280.0,73.1,70.4,72.45,2.0,3054.0,0.4858144680786133,True,CALL,2026-06-18,TSM
TSM260618C00290000,290.0,61.3,62.35,65.0,6.0,1289.0,0.47293617889404294,True,CALL,2026-06-18,TSM
TSM260618C00300000,300.0,56.5,56.1,57.6,34.0,4913.0,0.45642633422851564,True,CALL,2026-06-18,TSM
TSM260618C00310000,310.0,50.55,48.65,51.2,16.0,664.0,0.44910218872070307,True,CALL,2026-06-18,TSM
TSM260618C00320000,320.0,44.49,43.2,45.05,10.0,2723.0,0.439885972290039,True,CALL,2026-06-18,TSM
TSM260618C00330000,330.0,38.65,37.95,39.55,117.0,5552.0,0.43375200042724615,True,CALL,2026-06-18,TSM
TSM260618C00340000,340.0,33.87,33.8,34.15,67.0,2306.0,0.4237118176269531,False,CALL,2026-06-18,TSM
TSM260618C00350000,350.0,29.45,29.15,29.9,151.0,1648.0,0.4223995748901367,False,CALL,2026-06-18,TSM
TSM260618C00360000,360.0,25.05,24.75,26.25,48.0,2304.0,0.42328457580566403,False,CALL,2026-06-18,TSM
TSM260618C00370000,370.0,21.8,21.55,22.9,202.0,1689.0,0.42307095489501956,False,CALL,2026-06-18,TSM
TSM260618C00380000,380.0,17.0,18.35,19.15,25.0,2031.0,0.4131833584594726,False,CALL,2026-06-18,TSM
TSM260618C00390000,390.0,15.57,15.25,16.35,109.0,806.0,0.41057413162231443,False,CALL,2026-06-18,TSM
TSM260618C00400000,400.0,13.65,13.45,14.25,80.0,5266.0,0.4130460307312011,False,CALL,2026-06-18,TSM
TSM260618C00410000,410.0,11.35,11.05,12.2,4.0,178.0,0.41235939208984373,False,CALL,2026-06-18,TSM
TSM260618C00420000,420.0,9.95,9.7,10.45,17.0,1276.0,0.4122983575439453,False,CALL,2026-06-18,TSM
TSM260618C00430000,430.0,8.75,8.2,9.05,62.0,246.0,0.41425146301269533,False,CALL,2026-06-18,TSM
TSM260618P00240000,240.0,4.6,4.05,4.35,141.0,3513.0,0.45203184692382814,False,PUT,2026-06-18,TSM
TSM260618P00250000,250.0,5.2,5.05,5.3,11.0,5458.0,0.4357356231689453,False,PUT,2026-06-18,TSM
TSM260618P00260000,260.0,6.46,6.35,6.75,316.0,3274.0,0.42697716583251966,False,PUT,2026-06-18,TSM
TSM260618P00270000,270.0,8.5,7.8,8.35,2.0,4340.0,0.41559422302246096,False,PUT,2026-06-18,TSM
TSM260618P00280000,280.0,10.5,9.85,10.5,464.0,2061.0,0.40881938842773435,False,PUT,2026-06-18,TSM
TSM260618P00290000,290.0,12.3,12.2,12.6,136.0,2087.0,0.3954223056030274,False,PUT,2026-06-18,TSM
TSM260618P00300000,300.0,15.5,14.95,15.7,19.0,1893.0,0.3916381637573242,False,PUT,2026-06-18,TSM
TSM260618P00310000,310.0,19.5,18.3,19.7,314.0,2101.0,0.39362178649902346,False,PUT,2026-06-18,TSM
TSM260618P00320000,320.0,26.0,22.1,23.05,355.0,1097.0,0.38065194549560544,False,PUT,2026-06-18,TSM
TSM260618P00330000,330.0,29.05,26.2,26.95,92.0,988.0,0.36911641632080083,False,PUT,2026-06-18,TSM
TSM260618P00340000,340.0,31.65,31.25,32.45,145.0,883.0,0.37106952178955077,True,PUT,2026-06-18,TSM
TSM260618P00350000,350.0,35.37,36.45,37.7,66.0,204.0,0.3639895144653321,True,PUT,2026-06-18,TSM
TSM260618P00360000,360.0,40.58,42.6,44.45,2.0,49.0,0.36914693359375,True,PUT,2026-06-18,TSM
TSM260618P00370000,370.0,47.5,49.05,51.4,16.0,43.0,0.3714357290649414,True,PUT,2026-06-18,TSM
TSM260618P00380000,380.0,54.87,55.95,58.3,10.0,19.0,0.36795675994873045,True,PUT,2026-06-18,TSM
TSM260618P00390000,390.0,62.18,62.85,65.55,8.0,42.0,0.36377589355468753,True,PUT,2026-06-18,TSM
TSM260618P00400000,400.0,75.09,70.05,73.4,1.0,19.0,0.36286037536621096,True,PUT,2026-06-18,TSM
TSM260618P00410000,410.0,73.92,78.35,81.3,3.0,31.0,0.35776399078369137,True,PUT,2026-06-18,TSM
TSM260618P00420000,420.0,93.1,86.75,89.8,3.0,25.0,0.35751985260009767,True,PUT,2026-06-18,TSM
TSM260618P00430000,430.0,98.4,95.7,98.5,6.0,4.0,0.35654329986572264,True,PUT,2026-06-18,TSM
TSM260717C00240000,240.0,98.45,105.25,108.35,1.0,23.0,0.5300339965820313,True,CALL,2026-07-17,TSM
TSM260717C00250000,250.0,97.35,96.8,99.6,1.0,38.0,0.5115100119018555,True,CALL,2026-07-17,TSM
TSM260717C00260000,260.0,86.92,88.5,91.45,1.0,15.0,0.521367091064453,True,CALL,2026-07-17,TSM
TSM260717C00270000,270.0,83.55,80.6,83.6,8.0,428.0,0.5072375936889649,True,CALL,2026-07-17,TSM
TSM260717C00280000,280.0,75.33,72.9,76.0,5.0,123.0,0.49338275177001967,True,CALL,2026-07-17,TSM
TSM260717C00290000,290.0,71.02,65.75,68.35,10.0,256.0,0.47556066436767575,True,CALL,2026-07-17,TSM
TSM260717C00300000,300.0,55.0,59.0,62.05,2.0,198.0,0.471684970703125,True,CALL,2026-07-17,TSM
TSM260717C00310000,310.0,56.69,52.6,55.2,3.0,145.0,0.4568230587768555,True,CALL,2026-07-17,TSM
TSM260717C00320000,320.0,48.4,47.6,49.1,100.0,483.0,0.4471185659790039,True,CALL,2026-07-17,TSM
TSM260717C00330000,330.0,43.0,41.4,43.7,51.0,621.0,0.4412897668457031,True,CALL,2026-07-17,TSM
TSM260717C00340000,340.0,37.57,36.4,39.0,39.0,643.0,0.4390162300109864,False,CALL,2026-07-17,TSM
TSM260717C00350000,350.0,33.5,33.0,34.55,147.0,379.0,0.4353236399841309,False,CALL,2026-07-17,TSM
TSM260717C00360000,360.0,29.04,29.1,30.25,24.0,614.0,0.42925070266723636,False,CALL,2026-07-17,TSM
TSM260717C00370000,370.0,25.7,25.85,26.5,80.0,489.0,0.4252681985473633,False,CALL,2026-07-17,TSM
TSM260717C00380000,380.0,21.35,22.6,23.35,46.0,155.0,0.42413905944824215,False,CALL,2026-07-17,TSM
TSM260717C00390000,390.0,19.3,19.3,20.45,64.0,169.0,0.4222622471618652,False,CALL,2026-07-17,TSM
TSM260717C00400000,400.0,17.34,16.85,17.9,3.0,312.0,0.4210110389709473,False,CALL,2026-07-17,TSM
TSM260717C00410000,410.0,13.73,14.25,15.9,22.0,96.0,0.4232540585327148,False,CALL,2026-07-17,TSM
TSM260717C00420000,420.0,12.95,12.45,13.85,2.0,96.0,0.42185026397705083,False,CALL,2026-07-17,TSM
TSM260717C00430000,430.0,11.8,11.25,12.25,1.0,67.0,0.42352871398925784,False,CALL,2026-07-17,TSM
TSM260717P00240000,240.0,5.7,5.3,6.1,2.0,499.0,0.4559380578613281,False,PUT,2026-07-17,TSM
TSM260717P00250000,250.0,7.16,6.6,7.15,6.0,1954.0,0.4379939013671875,False,PUT,2026-07-17,TSM
TSM260717P00260000,260.0,8.56,8.05,9.75,1.0,2235.0,0.4460199441528321,False,PUT,2026-07-17,TSM
TSM260717P00270000,270.0,11.03,9.95,11.7,2.0,503.0,0.4353388986206055,False,PUT,2026-07-17,TSM
TSM260717P00280000,280.0,12.75,12.2,12.95,4.0,1616.0,0.4100400793457031,False,PUT,2026-07-17,TSM
TSM260717P00290000,290.0,15.58,14.8,16.35,2.0,759.0,0.41251197845458976,False,PUT,2026-07-17,TSM
TSM260717P00300000,300.0,19.05,17.7,20.1,10.0,813.0,0.4133206861877441,False,PUT,2026-07-17,TSM
TSM260717P00310000,310.0,24.41,21.4,22.55,2.0,733.0,0.3929504064941406,False,PUT,2026-07-17,TSM
TSM260717P00320000,320.0,28.1,25.3,26.9,6.0,798.0,0.39102781829833977,False,PUT,2026-07-17,TSM
TSM260717P00330000,330.0,31.65,29.6,31.6,2.0,578.0,0.38796083236694334,False,PUT,2026-07-17,TSM
TSM260717P00340000,340.0,34.09,34.55,36.95,1.0,111.0,0.3871673832702636,True,PUT,2026-07-17,TSM
TSM260717P00350000,350.0,45.11,39.8,42.35,1.0,125.0,0.3821778091430663,True,PUT,2026-07-17,TSM
TSM260717P00360000,360.0,44.45,46.0,47.8,2.0,3.0,0.37308366180419916,True,PUT,2026-07-17,TSM
TSM260717P00370000,370.0,50.7,52.3,54.6,2.0,7.0,0.3743348699951171,True,PUT,2026-07-17,TSM
TSM260717P00380000,380.0,83.25,58.7,61.35,1.0,2.0,0.3707643490600586,True,PUT,2026-07-17,TSM
TSM260717P00390000,390.0,62.07,66.1,68.55,2.0,11.0,0.3681398635864258,True,PUT,2026-07-17,TSM
TSM260717P00400000,400.0,70.8,72.9,75.9,,3.0,0.3631350308227539,True,PUT,2026-07-17,TSM
TSM260717P00410000,410.0,108.6,81.0,83.75,,1.0,0.36035795898437495,True,PUT,2026-07-17,TSM
TSM260717P00430000,430.0,105.65,97.45,100.3,2.0,1.0,0.35501743621826165,True,PUT,2026-07-17,TSM
TSM260821C00240000,240.0,110.7,107.75,110.75,2.0,14.0,0.5266465792846681,True,CALL,2026-08-21,TSM
TSM260821C00250000,250.0,104.19,99.5,102.2,1.0,10.0,0.5092517337036133,True,CALL,2026-08-21,TSM
TSM260821C00260000,260.0,97.0,91.5,94.35,2.0,8.0,0.5173693283081054,True,CALL,2026-08-21,TSM
TSM260821C00270000,270.0,81.6,83.85,86.65,2.0,41.0,0.5034229345703125,True,CALL,2026-08-21,TSM
TSM260821C00280000,280.0,82.0,76.5,79.6,2.0,31.0,0.4950001672363281,True,CALL,2026-08-21,TSM
TSM260821C00290000,290.0,70.0,69.5,72.45,1.0,118.0,0.48209136077880865,True,CALL,2026-08-21,TSM
TSM260821C00300000,300.0,64.1,63.05,65.9,2.0,85.0,0.4731345411682129,True,CALL,2026-08-21,TSM
TSM260821C00310000,310.0,55.09,57.1,59.5,2.0,117.0,0.46259082336425783,True,CALL,2026-08-21,TSM
TSM260821C00320000,320.0,48.0,51.1,53.95,2.0,172.0,0.45786064605712895,True,CALL,2026-08-21,TSM
TSM260821C00330000,330.0,46.09,45.85,48.4,9.0,315.0,0.44968201690673826,True,CALL,2026-08-21,TSM
TSM260821C00340000,340.0,41.43,40.9,43.5,7.0,128.0,0.44479925323486325,False,CALL,2026-08-21,TSM
TSM260821C00350000,350.0,35.15,36.65,39.05,2.0,517.0,0.4410761459350586,False,CALL,2026-08-21,TSM
TSM260821C00360000,360.0,32.0,32.35,34.85,2.0,122.0,0.4365595895385742,False,CALL,2026-08-21,TSM
TSM260821C00370000,370.0,30.2,30.1,31.0,80.0,836.0,0.4323634645080566,False,CALL,2026-08-21,TSM
TSM260821C00380000,380.0,28.76,26.65,28.1,3.0,173.0,0.4346370013427735,False,CALL,2026-08-21,TSM
TSM260821C00390000,390.0,22.84,22.15,24.95,3.0,143.0,0.4315242395019532,False,CALL,2026-08-21,TSM
TSM260821C00400000,400.0,19.47,19.9,22.25,9.0,460.0,0.4302577726745606,False,CALL,2026-08-21,TSM
TSM260821C00410000,410.0,18.68,18.3,19.55,1.0,112.0,0.4262294926452637,False,CALL,2026-08-21,TSM
TSM260821C00420000,420.0,16.17,16.2,17.6,3.0,25.0,0.4278774253845215,False,CALL,2026-08-21,TSM
TSM260821C00430000,430.0,13.87,14.1,15.6,2.0,243.0,0.42661095855712894,False,CALL,2026-08-21,TSM
TSM260821P00240000,240.0,6.7,6.35,8.25,10.0,1024.0,0.4592034060668946,False,PUT,2026-08-21,TSM
TSM260821P00250000,250.0,9.0,8.15,9.6,4.0,1115.0,0.4437006314086914,False,PUT,2026-08-21,TSM
TSM260821P00260000,260.0,9.51,10.05,11.55,172.0,478.0,0.435125277709961,False,PUT,2026-08-21,TSM
TSM260821P00270000,270.0,11.1,12.3,14.5,1.0,355.0,0.43695631408691404,False,PUT,2026-08-21,TSM
TSM260821P00280000,280.0,14.25,14.8,17.1,158.0,330.0,0.4288082022094727,False,PUT,2026-08-21,TSM
TSM260821P00290000,290.0,16.05,17.55,19.85,2.0,203.0,0.4187375021362304,False,PUT,2026-08-21,TSM
TSM260821P00300000,300.0,22.22,20.7,22.0,7.0,208.0,0.3983061878967285,False,PUT,2026-08-21,TSM
TSM260821P00310000,310.0,25.2,24.65,25.8,7.0,297.0,0.39337764831542965,False,PUT,2026-08-21,TSM
TSM260821P00320000,320.0,29.1,28.35,29.85,34.0,154.0,0.3869842796325683,False,PUT,2026-08-21,TSM
TSM260821P00330000,330.0,30.5,33.15,35.45,1.0,269.0,0.3924010955810546,False,PUT,2026-08-21,TSM
TSM260821P00340000,340.0,42.3,38.1,40.55,3.0,77.0,0.38851014328002925,True,PUT,2026-08-21,TSM
TSM260821P00350000,350.0,45.01,43.45,45.9,2.0,46.0,0.383245913696289,True,PUT,2026-08-21,TSM
TSM260821P00360000,360.0,53.1,49.05,51.55,250.0,285.0,0.3771729763793945,True,PUT,2026-08-21,TSM
TSM260821P00370000,370.0,57.3,55.6,57.9,154.0,365.0,0.37438064590454095,True,PUT,2026-08-21,TSM
TSM260821P00380000,380.0,60.48,61.6,64.35,46.0,46.0,0.3689485713195801,True,PUT,2026-08-21,TSM
TSM260821P00390000,390.0,68.55,68.85,71.3,129.0,129.0,0.36508813629150394,True,PUT,2026-08-21,TSM
TSM260821P00400000,400.0,79.74,76.35,78.95,2.0,2.0,0.3654238262939453,True,PUT,2026-08-21,TSM
TSM260821P00410000,410.0,112.2,83.45,86.0,,29.0,0.35547519531249994,True,PUT,2026-08-21,TSM
TSM260821P00420000,420.0,109.7,91.9,94.2,2.0,2.0,0.35562778167724607,True,PUT,2026-08-21,TSM
TSM260918C00240000,240.0,105.2,109.55,112.65,2.0,264.0,0.5235338174438476,True,CALL,2026-09-18,TSM
TSM260918C00250000,250.0,100.39,101.45,104.55,2.0,1245.0,0.5092517337036133,True,CALL,2026-09-18,TSM
TSM260918C00260000,260.0,96.45,93.6,96.4,1.0,716.0,0.5126849269104004,True,CALL,2026-09-18,TSM
TSM260918C00270000,270.0,85.5,86.1,88.8,1.0,329.0,0.49905896453857423,True,CALL,2026-09-18,TSM
TSM260918C00280000,280.0,82.95,78.9,81.7,2.0,1161.0,0.4888967126464845,True,CALL,2026-09-18,TSM
TSM260918C00290000,290.0,68.36,72.3,74.85,2.0,1763.0,0.478795495300293,True,CALL,2026-09-18,TSM
TSM260918C00300000,300.0,65.4,65.9,68.25,2.0,4024.0,0.4686027261352539,True,CALL,2026-09-18,TSM
TSM260918C00310000,310.0,56.59,60.85,62.25,3.0,628.0,0.46176685699462894,True,CALL,2026-09-18,TSM
TSM260918C00320000,320.0,57.7,53.9,56.6,6.0,653.0,0.4554497814941406,True,CALL,2026-09-18,TSM
TSM260918C00330000,330.0,51.7,49.6,51.35,118.0,563.0,0.45001770690917964,True,CALL,2026-09-18,TSM
TSM260918C00340000,340.0,42.98,44.75,46.25,31.0,1617.0,0.4430597686767578,False,CALL,2026-09-18,TSM
TSM260918C00350000,350.0,40.0,40.35,42.35,4.0,2164.0,0.44446356323242187,False,CALL,2026-09-18,TSM
TSM260918C00360000,360.0,35.8,35.25,37.9,3.0,1908.0,0.437856573638916,False,CALL,2026-09-18,TSM
TSM260918C00370000,370.0,32.55,33.15,34.15,558.0,983.0,0.4350184672546387,False,CALL,2026-09-18,TSM
TSM260918C00380000,380.0,29.05,29.6,30.75,8.0,620.0,0.43277544769287113,False,CALL,2026-09-18,TSM
TSM260918C00390000,390.0,26.07,26.5,27.55,1.0,291.0,0.42984578948974617,False,CALL,2026-09-18,TSM
TSM260918C00400000,400.0,23.8,23.5,24.85,8.0,1253.0,0.42925070266723636,False,CALL,2026-09-18,TSM
TSM260918C00410000,410.0,21.79,21.3,22.2,106.0,500.0,0.4267940621948243,False,CALL,2026-09-18,TSM
TSM260918C00420000,420.0,17.7,18.9,20.0,1.0,929.0,0.42661095855712894,False,CALL,2026-09-18,TSM
TSM260918C00430000,430.0,17.35,17.15,17.95,23.0,76.0,0.4258785440063477,False,CALL,2026-09-18,TSM
TSM260918P00240000,240.0,8.8,7.7,9.5,1.0,1871.0,0.45300839965820316,False,PUT,2026-09-18,TSM
TSM260918P00250000,250.0,9.29,9.8,11.4,6.0,3704.0,0.44504339141845706,False,PUT,2026-09-18,TSM
TSM260918P00260000,260.0,12.75,11.8,13.15,1.0,2193.0,0.43140217041015627,False,PUT,2026-09-18,TSM
TSM260918P00270000,270.0,15.47,14.15,15.0,50.0,5144.0,0.4164944825744628,False,PUT,2026-09-18,TSM
TSM260918P00280000,280.0,16.95,16.6,17.55,174.0,2728.0,0.40772076660156253,False,PUT,2026-09-18,TSM
TSM260918P00290000,290.0,20.0,19.6,21.35,31.0,1648.0,0.4098264584350586,False,PUT,2026-09-18,TSM
TSM260918P00300000,300.0,24.15,23.05,24.25,102.0,2282.0,0.39777213562011715,False,PUT,2026-09-18,TSM
TSM260918P00310000,310.0,27.35,26.8,29.2,4.0,772.0,0.4036619692993164,False,PUT,2026-09-18,TSM
TSM260918P00320000,320.0,31.95,30.9,32.45,68.0,260.0,0.38849488464355464,False,PUT,2026-09-18,TSM
TSM260918P00330000,330.0,36.2,35.55,37.55,4.0,511.0,0.3881134187316894,False,PUT,2026-09-18,TSM
TSM260918P00340000,340.0,39.0,40.45,42.9,1.0,788.0,0.386450227355957,True,PUT,2026-09-18,TSM
TSM260918P00350000,350.0,49.87,45.8,48.2,2.0,282.0,0.38089608367919914,True,PUT,2026-09-18,TSM
TSM260918P00360000,360.0,49.75,51.6,54.2,2.0,14.0,0.37853099502563475,True,PUT,2026-09-18,TSM
TSM260918P00370000,370.0,59.44,57.75,59.45,2.0,6.0,0.36583580947875977,True,PUT,2026-09-18,TSM
TSM260918P00380000,380.0,77.77,63.8,66.7,6.0,4.0,0.368795984954834,True,PUT,2026-09-18,TSM
TSM260918P00390000,390.0,79.2,71.05,73.55,42.0,24.0,0.3649050326538086,True,PUT,2026-09-18,TSM
TSM260918P00400000,400.0,84.73,78.2,80.75,2.0,13.0,0.36144132217407227,True,PUT,2026-09-18,TSM
TSM260918P00410000,410.0,112.48,85.8,88.25,2.0,0.0,0.35806916351318363,True,PUT,2026-09-18,TSM
TSM260918P00420000,420.0,92.05,93.5,96.1,2.0,29.0,0.3555667471313476,True,PUT,2026-09-18,TSM
TSM260918P00430000,430.0,135.83,146.5,148.7,,1.0,0.7859823648071288,True,PUT,2026-09-18,TSM
TSM261218C00240000,240.0,109.9,115.0,118.2,6.0,484.0,0.5141344973754882,True,CALL,2026-12-18,TSM
TSM261218C00250000,250.0,104.25,107.5,110.7,18.0,448.0,0.5040332800292968,True,CALL,2026-12-18,TSM
TSM261218C00260000,260.0,99.22,100.15,103.6,15.0,249.0,0.5134173414611816,True,CALL,2026-12-18,TSM
TSM261218C00270000,270.0,95.71,94.5,96.15,2.0,523.0,0.4988911195373535,True,CALL,2026-12-18,TSM
TSM261218C00280000,280.0,88.16,87.2,89.85,2.0,688.0,0.493993097229004,True,CALL,2026-12-18,TSM
TSM261218C00290000,290.0,82.1,80.15,83.05,6.0,681.0,0.4821371366882325,True,CALL,2026-12-18,TSM
TSM261218C00300000,300.0,76.5,75.1,77.65,53.0,1354.0,0.4809927389526367,True,CALL,2026-12-18,TSM
TSM261218C00310000,310.0,68.0,69.5,71.35,1.0,502.0,0.4696860893249512,True,CALL,2026-12-18,TSM
TSM261218C00320000,320.0,62.9,63.15,66.75,12.0,614.0,0.47081522842407225,True,CALL,2026-12-18,TSM
TSM261218C00330000,330.0,54.3,58.05,61.6,19.0,743.0,0.4651084983825684,True,CALL,2026-12-18,TSM
TSM261218C00340000,340.0,55.25,54.25,56.3,43.0,545.0,0.45621271331787117,False,CALL,2026-12-18,TSM
TSM261218C00350000,350.0,50.78,50.05,52.0,4.0,590.0,0.453405124206543,False,CALL,2026-12-18,TSM
TSM261218C00360000,360.0,46.3,45.9,47.8,21.0,459.0,0.44942262008666994,False,CALL,2026-12-18,TSM
TSM261218C00370000,370.0,41.0,41.7,44.25,5.0,234.0,0.4486596882629394,False,CALL,2026-12-18,TSM
TSM261218C00380000,380.0,39.75,38.35,40.75,10.0,298.0,0.44644718597412114,False,CALL,2026-12-18,TSM
TSM261218C00390000,390.0,35.76,35.05,37.4,8.0,211.0,0.4436701141357422,False,CALL,2026-12-18,TSM
TSM261218C00400000,400.0,32.5,32.5,34.45,5.0,736.0,0.4423578713989258,False,CALL,2026-12-18,TSM
TSM261218C00410000,410.0,30.4,29.05,32.25,1.0,305.0,0.44553166778564457,False,CALL,2026-12-18,TSM
TSM261218C00420000,420.0,27.8,26.55,29.35,2.0,661.0,0.44145761184692384,False,CALL,2026-12-18,TSM
TSM261218C00430000,430.0,25.5,25.2,27.75,1.0,66.0,0.4467523587036133,False,CALL,2026-12-18,TSM
TSM261218P00240000,240.0,11.49,11.6,13.8,9.0,1469.0,0.4442499423217773,False,PUT,2026-12-18,TSM
TSM261218P00250000,250.0,13.97,14.05,16.35,94.0,2418.0,0.44005381729125975,False,PUT,2026-12-18,TSM
TSM261218P00260000,260.0,16.29,16.05,19.0,50.0,1156.0,0.43388932815551756,False,PUT,2026-12-18,TSM
TSM261218P00270000,270.0,19.8,19.55,20.1,9.0,2156.0,0.4086668020629882,False,PUT,2026-12-18,TSM
TSM261218P00280000,280.0,23.01,22.5,23.35,1.0,1419.0,0.40442490112304685,False,PUT,2026-12-18,TSM
TSM261218P00290000,290.0,27.9,25.5,26.8,8.0,179.0,0.3992217060852051,False,PUT,2026-12-18,TSM
TSM261218P00300000,300.0,30.3,28.65,30.95,53.0,1185.0,0.3976042906188965,False,PUT,2026-12-18,TSM
TSM261218P00310000,310.0,36.11,33.65,34.55,24.0,574.0,0.38838807418823246,False,PUT,2026-12-18,TSM
TSM261218P00320000,320.0,39.66,38.05,40.0,289.0,465.0,0.39227902648925783,False,PUT,2026-12-18,TSM
TSM261218P00330000,330.0,44.23,42.8,45.45,61.0,151.0,0.39322506195068363,False,PUT,2026-12-18,TSM
TSM261218P00340000,340.0,48.3,47.1,49.75,2.0,196.0,0.3823609127807617,True,PUT,2026-12-18,TSM
TSM261218P00350000,350.0,51.15,53.25,55.95,25.0,122.0,0.3842835009765625,True,PUT,2026-12-18,TSM
TSM261218P00360000,360.0,56.9,58.55,61.65,3.0,16.0,0.37984323776245116,True,PUT,2026-12-18,TSM
TSM261218P00370000,370.0,63.3,64.95,67.8,101.0,138.0,0.376684700012207,True,PUT,2026-12-18,TSM
TSM261218P00380000,380.0,74.2,71.45,73.3,3.0,80.0,0.36606468902587885,True,PUT,2026-12-18,TSM
TSM261218P00390000,390.0,83.82,78.05,80.85,22.0,42.0,0.3696657272338867,True,PUT,2026-12-18,TSM
TSM261218P00400000,400.0,86.65,85.0,87.05,1.0,13.0,0.36014433807373036,True,PUT,2026-12-18,TSM
TSM261218P00410000,410.0,90.7,92.1,94.95,21.0,17.0,0.362662013092041,True,PUT,2026-12-18,TSM
TSM261218P00420000,420.0,143.0,139.9,141.55,,2.0,0.6716951776123048,True,PUT,2026-12-18,TSM
TSM261218P00430000,430.0,103.5,107.25,110.15,1.0,5.0,0.35692476577758786,True,PUT,2026-12-18,TSM
TSM270115C00240000,240.0,111.84,118.4,120.35,6.0,1137.0,0.5256395092773438,True,CALL,2027-01-15,TSM
TSM270115C00250000,250.0,111.1,110.8,112.45,13.0,1670.0,0.511174321899414,True,CALL,2027-01-15,TSM
TSM270115C00260000,260.0,98.0,103.35,105.95,4.0,514.0,0.5033008654785156,True,CALL,2027-01-15,TSM
TSM270115C00270000,270.0,94.75,96.75,99.25,5.0,669.0,0.5086413882446289,True,CALL,2027-01-15,TSM
TSM270115C00280000,280.0,90.65,89.05,92.6,25.0,1901.0,0.49927258544921876,True,CALL,2027-01-15,TSM
TSM270115C00290000,290.0,83.62,83.95,86.5,2.0,1938.0,0.4930470617675782,True,CALL,2027-01-15,TSM
TSM270115C00300000,300.0,79.12,77.8,79.55,86.0,5988.0,0.4776358389282227,True,CALL,2027-01-15,TSM
TSM270115C00310000,310.0,72.66,71.75,74.45,33.0,1582.0,0.47615575119018555,True,CALL,2027-01-15,TSM
TSM270115C00320000,320.0,66.9,66.9,68.8,298.0,2956.0,0.4681449670410156,True,CALL,2027-01-15,TSM
TSM270115C00330000,330.0,62.9,61.65,63.95,72.0,5407.0,0.4646659979248047,True,CALL,2027-01-15,TSM
TSM270115C00340000,340.0,58.5,56.85,59.7,91.0,1760.0,0.4639488420104981,False,CALL,2027-01-15,TSM
TSM270115C00350000,350.0,53.63,53.65,55.05,93.0,3446.0,0.45827262924194345,False,CALL,2027-01-15,TSM
TSM270115C00360000,360.0,46.38,48.25,50.85,6.0,1423.0,0.45429012512207034,False,CALL,2027-01-15,TSM
TSM270115C00370000,370.0,45.2,44.95,47.45,15.0,4147.0,0.45465633239746095,False,CALL,2027-01-15,TSM
TSM270115C00380000,380.0,42.94,42.55,43.65,12.0,1013.0,0.4503076210021973,False,CALL,2027-01-15,TSM
TSM270115C00390000,390.0,37.45,38.75,41.0,10.0,436.0,0.45308469284057623,False,CALL,2027-01-15,TSM
TSM270115C00400000,400.0,37.1,36.4,37.75,347.0,1906.0,0.44978882736206055,False,CALL,2027-01-15,TSM
TSM270115C00410000,410.0,32.6,32.4,34.6,1.0,252.0,0.44574528869628904,False,CALL,2027-01-15,TSM
TSM270115C00420000,420.0,30.25,31.05,31.95,20.0,462.0,0.4441126145935058,False,CALL,2027-01-15,TSM
TSM270115C00430000,430.0,26.2,27.25,30.2,1.0,258.0,0.4483087396240234,False,CALL,2027-01-15,TSM
TSM270115P00240000,240.0,14.1,13.75,14.45,1.0,2689.0,0.43445389770507814,False,PUT,2027-01-15,TSM
TSM270115P00250000,250.0,16.96,16.0,17.9,4.0,1458.0,0.4400995932006836,False,PUT,2027-01-15,TSM
TSM270115P00260000,260.0,18.6,18.45,19.0,103.0,1393.0,0.41628086166381834,False,PUT,2027-01-15,TSM
TSM270115P00270000,270.0,22.75,21.1,21.85,18.0,5673.0,0.40978068252563477,False,PUT,2027-01-15,TSM
TSM270115P00280000,280.0,24.9,24.1,27.0,8.0,613.0,0.4225216439819336,False,PUT,2027-01-15,TSM
TSM270115P00290000,290.0,26.54,27.1,30.45,1.0,362.0,0.415746809387207,False,PUT,2027-01-15,TSM
TSM270115P00300000,300.0,32.15,31.4,32.75,101.0,2974.0,0.3969023933410644,False,PUT,2027-01-15,TSM
TSM270115P00310000,310.0,37.19,35.9,38.4,1.0,306.0,0.4043486079406738,False,PUT,2027-01-15,TSM
TSM270115P00320000,320.0,41.4,40.4,42.2,30.0,356.0,0.3939269592285156,False,PUT,2027-01-15,TSM
TSM270115P00330000,330.0,45.75,45.25,47.4,17.0,4243.0,0.3924773887634277,False,PUT,2027-01-15,TSM
TSM270115P00340000,340.0,54.7,49.5,52.8,341.0,896.0,0.3902343692016602,True,PUT,2027-01-15,TSM
TSM270115P00350000,350.0,53.78,55.25,58.2,4.0,171.0,0.38577884735107415,True,PUT,2027-01-15,TSM
TSM270115P00360000,360.0,65.9,60.5,63.5,2.0,462.0,0.3784394432067871,True,PUT,2027-01-15,TSM
TSM270115P00370000,370.0,64.45,67.1,70.0,8.0,150.0,0.3781037532043457,True,PUT,2027-01-15,TSM
TSM270115P00380000,380.0,76.88,73.55,76.35,3.0,8.0,0.37459426681518554,True,PUT,2027-01-15,TSM
TSM270115P00390000,390.0,83.59,80.15,82.95,2.0,43.0,0.3709932286071777,True,PUT,2027-01-15,TSM
TSM270115P00400000,400.0,91.25,87.05,88.7,2.0,37.0,0.35867950897216794,True,PUT,2027-01-15,TSM
TSM270115P00410000,410.0,94.77,94.15,97.05,4.0,23.0,0.3650576190185547,True,PUT,2027-01-15,TSM
TSM270115P00420000,420.0,99.95,100.9,104.45,4.0,14.0,0.362112702178955,True,PUT,2027-01-15,TSM
TSM270115P00430000,430.0,115.97,108.5,112.0,1.0,72.0,0.35858795715332037,True,PUT,2027-01-15,TSM
TSM271217C00240000,240.0,131.33,135.0,139.5,1.0,407.0,0.5173693283081054,True,CALL,2027-12-17,TSM
TSM271217C00250000,250.0,130.13,129.0,132.3,5.0,1154.0,0.5084125086975098,True,CALL,2027-12-17,TSM
TSM271217C00260000,260.0,123.69,123.0,126.15,21.0,207.0,0.5022937954711916,True,CALL,2027-12-17,TSM
TSM271217C00270000,270.0,122.38,117.0,120.5,1.0,282.0,0.5086795348358154,True,CALL,2027-12-17,TSM
TSM271217C00280000,280.0,116.4,111.5,115.0,1.0,308.0,0.5039188402557373,True,CALL,2027-12-17,TSM
TSM271217C00290000,290.0,111.7,106.0,111.0,1.0,1452.0,0.5076724648284912,True,CALL,2027-12-17,TSM
TSM271217C00300000,300.0,103.75,101.75,104.5,19.0,903.0,0.49455766677856444,True,CALL,2027-12-17,TSM
TSM271217C00310000,310.0,94.47,96.15,99.5,5.0,187.0,0.4899800758361817,True,CALL,2027-12-17,TSM
TSM271217C00320000,320.0,87.35,91.5,94.75,5.0,201.0,0.485982313079834,True,CALL,2027-12-17,TSM
TSM271217C00330000,330.0,88.73,87.3,90.25,7.0,1216.0,0.4825338612365723,True,CALL,2027-12-17,TSM
TSM271217C00340000,340.0,83.3,84.4,86.35,3.0,466.0,0.48161834304809575,False,CALL,2027-12-17,TSM
TSM271217C00350000,350.0,79.05,80.4,81.6,37.0,1061.0,0.4750266120910644,False,CALL,2027-12-17,TSM
TSM271217C00360000,360.0,75.65,76.5,78.45,7.0,437.0,0.476567734375,False,CALL,2027-12-17,TSM
TSM271217C00370000,370.0,73.45,71.6,74.3,11.0,530.0,0.4717307466125488,False,CALL,2027-12-17,TSM
TSM271217C00380000,380.0,67.5,68.0,71.35,10.0,51.0,0.47270729934692385,False,CALL,2027-12-17,TSM
TSM271217C00390000,390.0,62.98,66.7,67.8,1.0,121.0,0.46964031341552737,False,CALL,2027-12-17,TSM
TSM271217C00400000,400.0,60.15,61.5,64.45,25.0,562.0,0.46693190544128416,False,CALL,2027-12-17,TSM
TSM271217C00410000,410.0,59.9,58.5,61.6,5.0,100.0,0.4662376374816895,False,CALL,2027-12-17,TSM
TSM271217C00420000,420.0,54.8,56.1,58.75,25.0,131.0,0.464871989517212,False,CALL,2027-12-17,TSM
TSM271217C00430000,430.0,56.45,53.0,56.8,5.0,76.0,0.46773298385620116,False,CALL,2027-12-17,TSM
TSM271217P00240000,240.0,27.94,25.5,27.6,1.0,505.0,0.42079741806030274,False,PUT,2027-12-17,TSM
TSM271217P00250000,250.0,31.0,28.4,32.0,1.0,518.0,0.42412380081176754,False,PUT,2027-12-17,TSM
TSM271217P00260000,260.0,33.3,31.85,34.0,4.0,618.0,0.40808697387695314,False,PUT,2027-12-17,TSM
TSM271217P00270000,270.0,36.0,36.05,39.2,6.0,335.0,0.413519048461914,False,PUT,2027-12-17,TSM
TSM271217P00280000,280.0,39.0,39.45,42.35,15.0,148.0,0.4034178311157227,False,PUT,2027-12-17,TSM
TSM271217P00290000,290.0,46.79,44.7,47.5,2.0,938.0,0.40505050521850583,False,PUT,2027-12-17,TSM
TSM271217P00300000,300.0,50.4,48.45,51.35,44.0,186.0,0.3971389022064209,False,PUT,2027-12-17,TSM
TSM271217P00310000,310.0,55.1,52.0,56.5,20.0,359.0,0.39595635787963873,False,PUT,2027-12-17,TSM
TSM271217P00320000,320.0,60.64,57.0,61.5,20.0,43.0,0.3925994578552246,False,PUT,2027-12-17,TSM
TSM271217P00330000,330.0,63.12,62.0,66.5,104.0,151.0,0.3880829014587402,False,PUT,2027-12-17,TSM
TSM271217P00340000,340.0,69.45,67.5,70.25,2.0,35.0,0.3755250436401367,True,PUT,2027-12-17,TSM
TSM271217P00350000,350.0,77.0,73.85,77.0,4.0,63.0,0.37863780548095705,True,PUT,2027-12-17,TSM
TSM271217P00360000,360.0,79.07,79.05,83.0,1.0,22.0,0.37646344978332524,True,PUT,2027-12-17,TSM
TSM271217P00370000,370.0,84.55,84.5,87.85,2.0,137.0,0.36699546585083004,True,PUT,2027-12-17,TSM
TSM271217P00380000,380.0,90.37,91.45,94.75,1.0,22.0,0.3676515872192383,True,PUT,2027-12-17,TSM
TSM271217P00390000,390.0,103.9,97.0,101.5,2.0,16.0,0.3664919308471679,True,PUT,2027-12-17,TSM
TSM271217P00400000,400.0,103.17,103.5,108.0,1.0,2017.0,0.3630053324127198,True,PUT,2027-12-17,TSM
TSM271217P00410000,410.0,123.71,110.5,114.5,1.0,33.0,0.35857269851684576,True,PUT,2027-12-17,TSM
TSM271217P00420000,420.0,112.92,117.4,121.5,1.0,2.0,0.35594821304321284,True,PUT,2027-12-17,TSM
TSM280121C00240000,240.0,136.0,137.05,140.8,1.0,165.0,0.5171862246704101,True,CALL,2028-01-21,TSM
TSM280121C00250000,250.0,135.42,130.5,134.45,281.0,3274.0,0.5089770782470704,True,CALL,2028-01-21,TSM
TSM280121C00260000,260.0,129.41,125.0,128.3,282.0,345.0,0.5042011250305176,True,CALL,2028-01-21,TSM
TSM280121C00270000,270.0,119.63,119.0,122.5,277.0,413.0,0.5094119493865966,True,CALL,2028-01-21,TSM
TSM280121C00280000,280.0,115.51,114.2,117.35,38.0,600.0,0.506566213684082,True,CALL,2028-01-21,TSM
TSM280121C00290000,290.0,110.0,108.5,111.9,1.0,643.0,0.5007984490966797,True,CALL,2028-01-21,TSM
TSM280121C00300000,300.0,100.43,104.25,107.0,13.0,8675.0,0.49750258361816413,True,CALL,2028-01-21,TSM
TSM280121C00310000,310.0,100.1,99.3,103.0,3.0,574.0,0.498578317489624,True,CALL,2028-01-21,TSM
TSM280121C00320000,320.0,94.25,94.05,98.45,1.0,426.0,0.49539689178466795,True,CALL,2028-01-21,TSM
TSM280121C00330000,330.0,92.0,90.95,92.95,6.0,241.0,0.4859670544433594,True,CALL,2028-01-21,TSM
TSM280121C00340000,340.0,87.1,85.5,88.55,19.0,169.0,0.4820608435058594,False,CALL,2028-01-21,TSM
TSM280121C00350000,350.0,83.5,82.6,83.7,206.0,2650.0,0.474889284362793,False,CALL,2028-01-21,TSM
TSM280121C00360000,360.0,81.0,77.55,80.9,5.0,290.0,0.47818514984130855,False,CALL,2028-01-21,TSM
TSM280121C00370000,370.0,74.8,74.2,77.15,12.0,130.0,0.4754843711853027,False,CALL,2028-01-21,TSM
TSM280121C00380000,380.0,75.25,70.7,74.35,22.0,109.0,0.4771399332427979,False,CALL,2028-01-21,TSM
TSM280121C00390000,390.0,69.8,68.45,70.6,8.0,506.0,0.4729972134399414,False,CALL,2028-01-21,TSM
TSM280121C00400000,400.0,66.55,64.15,67.4,1.0,465.0,0.4710975131988525,False,CALL,2028-01-21,TSM
TSM280121C00410000,410.0,63.2,62.25,65.25,4.0,183.0,0.4740958352661133,False,CALL,2028-01-21,TSM
TSM280121C00420000,420.0,62.22,58.5,62.0,1.0,284.0,0.4706473834228516,False,CALL,2028-01-21,TSM
TSM280121C00430000,430.0,59.6,56.2,59.05,1.0,493.0,0.46816785499572755,False,CALL,2028-01-21,TSM
TSM280121P00240000,240.0,28.45,27.0,30.5,10.0,422.0,0.43285174087524414,False,PUT,2028-01-21,TSM
TSM280121P00250000,250.0,28.95,30.5,33.0,1.0,488.0,0.42102629760742194,False,PUT,2028-01-21,TSM
TSM280121P00260000,260.0,35.0,33.95,36.05,1.0,171.0,0.41235176277160646,False,PUT,2028-01-21,TSM
TSM280121P00270000,270.0,37.44,37.5,41.0,2.0,345.0,0.41533482620239254,False,PUT,2028-01-21,TSM
TSM280121P00280000,280.0,40.95,40.95,44.7,1.0,254.0,0.4085142156982422,False,PUT,2028-01-21,TSM
TSM280121P00290000,290.0,44.0,44.5,49.0,15.0,70.0,0.4043486079406738,False,PUT,2028-01-21,TSM
TSM280121P00300000,300.0,49.6,50.25,53.45,4.0,516.0,0.39990834472656256,False,PUT,2028-01-21,TSM
TSM280121P00310000,310.0,56.55,54.5,58.0,2.0,167.0,0.39494165855407715,False,PUT,2028-01-21,TSM
TSM280121P00320000,320.0,62.35,59.75,63.0,1.0,79.0,0.3914626894378661,False,PUT,2028-01-21,TSM
TSM280121P00330000,330.0,64.9,64.5,68.0,1.0,216.0,0.3868927278137207,False,PUT,2028-01-21,TSM
TSM280121P00340000,340.0,71.5,70.1,72.75,1.0,19.0,0.37995004821777345,True,PUT,2028-01-21,TSM
TSM280121P00350000,350.0,79.5,75.6,79.0,10.0,163.0,0.38013315185546875,True,PUT,2028-01-21,TSM
TSM280121P00360000,360.0,79.0,81.3,84.5,4.0,126.0,0.37525038818359374,True,PUT,2028-01-21,TSM
TSM280121P00370000,370.0,87.4,86.8,90.5,2.0,48.0,0.3720537038421631,True,PUT,2028-01-21,TSM
TSM280121P00380000,380.0,94.92,93.05,96.5,2.0,14.0,0.3678957254028321,True,PUT,2028-01-21,TSM
TSM280121P00390000,390.0,102.45,99.35,103.0,2.0,10.0,0.36544671424865727,True,PUT,2028-01-21,TSM
TSM280121P00400000,400.0,110.28,106.2,109.5,1.0,323.0,0.36208218490600586,True,PUT,2028-01-21,TSM
TSM280121P00410000,410.0,115.5,112.0,116.0,9.0,11.0,0.3578097666931152,True,PUT,2028-01-21,TSM
TSM280121P00420000,420.0,121.78,119.0,122.25,253.0,256.0,0.3512790702819824,True,PUT,2028-01-21,TSM
TSM280121P00430000,430.0,122.35,126.0,130.0,5.0,6.0,0.3519657089233398,True,PUT,2028-01-21,TSM
TSM281215C00240000,240.0,154.2,152.0,155.5,2.0,9.0,0.5195284253692627,True,CALL,2028-12-15,TSM
TSM281215C00250000,250.0,144.2,146.5,151.0,1.0,47.0,0.5176745010375977,True,CALL,2028-12-15,TSM
TSM281215C00260000,260.0,141.25,141.5,145.4,2.0,20.0,0.5131884619140624,True,CALL,2028-12-15,TSM
TSM281215C00270000,270.0,131.35,136.5,140.5,2.0,3.0,0.50996888961792,True,CALL,2028-12-15,TSM
TSM281215C00280000,280.0,134.25,131.5,135.5,1.0,4.0,0.5057498766326903,True,CALL,2028-12-15,TSM
TSM281215C00290000,290.0,128.01,127.0,131.0,27.0,11.0,0.5035373743438721,True,CALL,2028-12-15,TSM
TSM281215C00300000,300.0,119.15,122.5,126.1,8.0,53.0,0.5088473798370362,True,CALL,2028-12-15,TSM
TSM281215C00310000,310.0,118.35,118.0,121.6,4.0,9.0,0.505139531173706,True,CALL,2028-12-15,TSM
TSM281215C00320000,320.0,114.15,114.05,117.3,2.0,60.0,0.5018589243316651,True,CALL,2028-12-15,TSM
TSM281215C00330000,330.0,112.0,110.0,113.0,18.0,64.0,0.4980366358947754,True,CALL,2028-12-15,TSM
TSM281215C00340000,340.0,107.1,106.0,109.4,19.0,74.0,0.4970524538421631,False,CALL,2028-12-15,TSM
TSM281215C00350000,350.0,104.6,102.0,104.55,1250.0,1046.0,0.4896291271972657,False,CALL,2028-12-15,TSM
TSM281215C00360000,360.0,101.66,98.5,101.85,2.0,27.0,0.49178822425842295,False,CALL,2028-12-15,TSM
TSM281215C00370000,370.0,97.47,95.0,98.7,1.0,22.0,0.49129994789123543,False,CALL,2028-12-15,TSM
TSM281215C00380000,380.0,88.91,91.5,94.95,5.0,6.0,0.48759209922790525,False,CALL,2028-12-15,TSM
TSM281215C00390000,390.0,86.76,88.0,91.75,2.0,14.0,0.4859289078521729,False,CALL,2028-12-15,TSM
TSM281215C00400000,400.0,87.5,85.0,88.35,13.0,63.0,0.4829382151031495,False,CALL,2028-12-15,TSM
TSM281215C00410000,410.0,80.13,82.0,86.0,3.0,153.0,0.4841970526123047,False,CALL,2028-12-15,TSM
TSM281215C00420000,420.0,81.47,79.0,82.85,1.0,19.0,0.4814886446380615,False,CALL,2028-12-15,TSM
TSM281215C00430000,430.0,78.48,76.5,79.55,2.0,6.0,0.4777273907470704,False,CALL,2028-12-15,TSM
TSM281215P00240000,240.0,37.12,35.95,39.0,10.0,14.0,0.41235176277160646,False,PUT,2028-12-15,TSM
TSM281215P00250000,250.0,38.6,39.2,41.2,12.0,53.0,0.3982756706237793,False,PUT,2028-12-15,TSM
TSM281215P00260000,260.0,42.71,43.05,46.5,1.0,43.0,0.401724122467041,False,PUT,2028-12-15,TSM
TSM281215P00280000,280.0,51.42,51.0,55.0,2.0,19.0,0.39322506195068363,False,PUT,2028-12-15,TSM
TSM281215P00290000,290.0,57.4,55.85,59.5,2.0,33.0,0.38902130760192866,False,PUT,2028-12-15,TSM
TSM281215P00300000,300.0,59.04,60.55,62.9,2.0,38.0,0.37855388298034665,False,PUT,2028-12-15,TSM
TSM281215P00310000,310.0,66.4,65.0,69.0,88.0,46.0,0.38073586799621584,False,PUT,2028-12-15,TSM
TSM281215P00320000,320.0,73.4,70.45,74.0,1.0,9.0,0.3766694413757324,False,PUT,2028-12-15,TSM
TSM281215P00330000,330.0,76.1,76.2,79.5,1.0,8.0,0.3742128009033203,False,PUT,2028-12-15,TSM
TSM281215P00340000,340.0,82.55,81.0,85.0,2.0,17.0,0.3709932286071777,True,PUT,2028-12-15,TSM
TSM281215P00350000,350.0,84.9,86.5,90.5,,11.0,0.3670717590332031,True,PUT,2028-12-15,TSM
TSM281215P00360000,360.0,90.61,92.0,96.0,10.0,19.0,0.36247890945434574,True,PUT,2028-12-15,TSM
TSM281215P00370000,370.0,100.05,98.0,102.0,1.0,3.0,0.359457699432373,True,PUT,2028-12-15,TSM
TSM281215P00380000,380.0,105.44,104.55,108.0,10.0,5.0,0.3557803680419921,True,PUT,2028-12-15,TSM
TSM281215P00390000,390.0,113.34,111.0,114.5,,1.0,0.3536594175720214,True,PUT,2028-12-15,TSM
TSM281215P00400000,400.0,112.95,117.45,121.0,,2.0,0.35090523368835436,True,PUT,2028-12-15,TSM
TSM281215P00430000,430.0,142.0,137.0,141.0,1.0,44.0,0.341177852935791,True,PUT,2028-12-15,TSM
TTD260130C00029000,29.0,2.27,2.13,2.65,42.0,123.0,0.9257819921875,True,CALL,2026-01-30,TTD
TTD260130C00030000,30.0,1.52,1.24,1.59,66.0,179.0,0.6601596484375001,True,CALL,2026-01-30,TTD
TTD260130C00031000,31.0,0.67,0.54,0.71,839.0,132.0,0.5351608984375,True,CALL,2026-01-30,TTD
TTD260130C00032000,32.0,0.15,0.15,0.22,1080.0,790.0,0.5019581054687501,False,CALL,2026-01-30,TTD
TTD260130C00033000,33.0,0.05,0.03,0.05,597.0,1268.0,0.507817421875,False,CALL,2026-01-30,TTD
TTD260130C00033500,33.5,0.04,0.02,0.05,179.0,2145.0,0.5937540625000001,False,CALL,2026-01-30,TTD
TTD260130C00034000,34.0,0.02,0.01,0.02,539.0,4419.0,0.5937540625000001,False,CALL,2026-01-30,TTD
TTD260130C00034500,34.5,0.02,0.0,0.02,70.0,2490.0,0.64062859375,False,CALL,2026-01-30,TTD
TTD260130C00035000,35.0,0.01,0.0,0.01,116.0,2856.0,0.6562534375000001,False,CALL,2026-01-30,TTD
TTD260130C00035500,35.5,0.01,0.0,0.01,26.0,2146.0,0.7187528125,False,CALL,2026-01-30,TTD
TTD260130C00036000,36.0,0.01,0.0,0.04,154.0,1870.0,0.9531254687499999,False,CALL,2026-01-30,TTD
TTD260130C00036500,36.5,0.02,0.0,0.04,13.0,902.0,1.0312548437500002,False,CALL,2026-01-30,TTD
TTD260130C00037000,37.0,0.02,0.0,0.01,28.0,2980.0,0.937500625,False,CALL,2026-01-30,TTD
TTD260130C00037500,37.5,0.04,0.0,0.08,27.0,1602.0,1.3203158984374999,False,CALL,2026-01-30,TTD
TTD260130C00038000,38.0,0.03,0.0,0.04,35.0,1769.0,1.2500037499999999,False,CALL,2026-01-30,TTD
TTD260130C00038500,38.5,0.02,0.0,0.03,43.0,746.0,1.2812535937499998,False,CALL,2026-01-30,TTD
TTD260130C00039000,39.0,0.01,0.0,0.01,197.0,1189.0,1.1875040625,False,CALL,2026-01-30,TTD
TTD260130C00039500,39.5,0.02,0.0,0.04,2.0,198.0,1.453127734375,False,CALL,2026-01-30,TTD
TTD260130C00040000,40.0,0.01,0.0,0.01,18.0,1985.0,1.2812535937499998,False,CALL,2026-01-30,TTD
TTD260130C00040500,40.5,0.07,0.0,0.04,1.0,176.0,1.5937520312499998,False,CALL,2026-01-30,TTD
TTD260130P00025000,25.0,0.05,0.0,0.05,1.0,59.0,1.5000025,False,PUT,2026-01-30,TTD
TTD260130P00026000,26.0,0.04,0.0,0.07,9.0,5.0,1.3437532812499997,False,PUT,2026-01-30,TTD
TTD260130P00027000,27.0,0.04,0.0,0.06,1.0,14.0,1.0781296093750001,False,PUT,2026-01-30,TTD
TTD260130P00028000,28.0,0.03,0.0,0.04,41.0,442.0,0.7812521875,False,PUT,2026-01-30,TTD
TTD260130P00029000,29.0,0.13,0.0,0.05,1.0,815.0,0.5937540625000001,False,PUT,2026-01-30,TTD
TTD260130P00030000,30.0,0.03,0.03,0.06,164.0,991.0,0.46094289062500005,False,PUT,2026-01-30,TTD
TTD260130P00031000,31.0,0.19,0.19,0.33,283.0,587.0,0.4804739453125,False,PUT,2026-01-30,TTD
TTD260130P00032000,32.0,0.85,0.67,0.88,327.0,2543.0,0.42188078125,True,PUT,2026-01-30,TTD
TTD260130P00032500,32.5,1.16,0.97,1.43,37.0,453.0,0.6445348046875,True,PUT,2026-01-30,TTD
TTD260130P00033000,33.0,1.63,1.49,1.77,71.0,2943.0,0.42188078125,True,PUT,2026-01-30,TTD
TTD260130P00033500,33.5,2.0,1.97,2.4,15.0,859.0,0.8632826171875,True,PUT,2026-01-30,TTD
TTD260130P00034000,34.0,2.75,2.32,2.82,76.0,6293.0,0.79687703125,True,PUT,2026-01-30,TTD
TTD260130P00034500,34.5,3.29,2.94,3.65,28.0,1135.0,0.8125018749999999,True,PUT,2026-01-30,TTD
TTD260130P00035000,35.0,3.51,3.45,3.75,29.0,2886.0,1.0000000000000003e-05,True,PUT,2026-01-30,TTD
TTD260130P00035500,35.5,4.75,3.85,4.6,4.0,870.0,1.7109389453125,True,PUT,2026-01-30,TTD
TTD260130P00036000,36.0,4.55,4.35,4.75,32.0,934.0,1.0000000000000003e-05,True,PUT,2026-01-30,TTD
TTD260130P00036500,36.5,4.37,4.75,6.55,21.0,206.0,2.031254921875,True,PUT,2026-01-30,TTD
TTD260130P00037000,37.0,5.6,5.3,5.75,5.0,266.0,1.0000000000000003e-05,True,PUT,2026-01-30,TTD
TTD260130P00037500,37.5,5.25,5.2,6.75,3.0,21.0,2.425785185546875,True,PUT,2026-01-30,TTD
TTD260130P00038000,38.0,6.5,6.35,6.85,1.0,156.0,1.640626796875,True,PUT,2026-01-30,TTD
TTD260130P00038500,38.5,6.48,6.2,7.75,1.0,81.0,2.6445346386718755,True,PUT,2026-01-30,TTD
TTD260130P00039000,39.0,6.72,6.7,8.25,5.0,17.0,2.7480500048828125,True,PUT,2026-01-30,TTD
TTD260130P00039500,39.5,7.12,7.2,8.85,2.0,2.0,3.02343994140625,True,PUT,2026-01-30,TTD
TTD260130P00040000,40.0,8.57,7.7,9.4,1.0,12.0,3.2109394726562495,True,PUT,2026-01-30,TTD
TTD260206C00028000,28.0,3.57,3.35,3.75,5.0,5.0,0.72851833984375,True,CALL,2026-02-06,TTD
TTD260206C00030000,30.0,1.83,1.7,1.9,67.0,54.0,0.5546919531250001,True,CALL,2026-02-06,TTD
TTD260206C00031000,31.0,1.16,1.13,1.2,70.0,56.0,0.532231240234375,True,CALL,2026-02-06,TTD
TTD260206C00032000,32.0,0.72,0.66,0.75,1174.0,938.0,0.524418818359375,False,CALL,2026-02-06,TTD
TTD260206C00032500,32.5,0.52,0.49,0.56,144.0,333.0,0.51758294921875,False,CALL,2026-02-06,TTD
TTD260206C00033000,33.0,0.39,0.36,0.43,227.0,309.0,0.5205126074218749,False,CALL,2026-02-06,TTD
TTD260206C00033500,33.5,0.31,0.27,0.31,89.0,218.0,0.5214891601562499,False,CALL,2026-02-06,TTD
TTD260206C00034000,34.0,0.23,0.2,0.24,188.0,868.0,0.5312546875,False,CALL,2026-02-06,TTD
TTD260206C00034500,34.5,0.17,0.15,0.19,36.0,849.0,0.5429733203125001,False,CALL,2026-02-06,TTD
TTD260206C00035000,35.0,0.14,0.12,0.15,99.0,591.0,0.56055126953125,False,CALL,2026-02-06,TTD
TTD260206C00035500,35.5,0.09,0.09,0.12,8.0,257.0,0.5722699023437501,False,CALL,2026-02-06,TTD
TTD260206C00036000,36.0,0.08,0.08,0.1,58.0,1481.0,0.5976602734375001,False,CALL,2026-02-06,TTD
TTD260206C00036500,36.5,0.07,0.07,0.08,54.0,409.0,0.6171913281250001,False,CALL,2026-02-06,TTD
TTD260206C00037000,37.0,0.07,0.05,0.07,30.0,714.0,0.6289099609375001,False,CALL,2026-02-06,TTD
TTD260206C00037500,37.5,0.11,0.04,0.11,1.0,531.0,0.6992217578125001,False,CALL,2026-02-06,TTD
TTD260206C00038000,38.0,0.05,0.04,0.07,109.0,794.0,0.6953155468750001,False,CALL,2026-02-06,TTD
TTD260206C00038500,38.5,0.05,0.0,0.07,4.0,76.0,0.6796907031250001,False,CALL,2026-02-06,TTD
TTD260206C00039000,39.0,0.03,0.01,0.05,4.0,1701.0,0.6953155468750001,False,CALL,2026-02-06,TTD
TTD260206C00039500,39.5,0.07,0.0,0.07,2.0,224.0,0.7500025,False,CALL,2026-02-06,TTD
TTD260206C00040000,40.0,0.02,0.03,0.04,16.0,1690.0,0.7812521875,False,CALL,2026-02-06,TTD
TTD260206C00040500,40.5,0.08,0.0,0.04,2.0,75.0,0.7500025,False,CALL,2026-02-06,TTD
TTD260206P00025000,25.0,0.06,0.0,0.06,3.0,70.0,0.726565234375,False,PUT,2026-02-06,TTD
TTD260206P00026000,26.0,0.05,0.0,0.04,4.0,8.0,0.57812921875,False,PUT,2026-02-06,TTD
TTD260206P00027000,27.0,0.05,0.03,0.05,45.0,54.0,0.5312546875,False,PUT,2026-02-06,TTD
TTD260206P00028000,28.0,0.11,0.06,0.11,9.0,101.0,0.500005,False,PUT,2026-02-06,TTD
TTD260206P00029000,29.0,0.19,0.15,0.2,25.0,165.0,0.48633326171875,False,PUT,2026-02-06,TTD
TTD260206P00030000,30.0,0.38,0.33,0.39,58.0,631.0,0.45703667968750006,False,PUT,2026-02-06,TTD
TTD260206P00030500,30.5,0.55,0.48,0.55,20.0,221.0,0.45117736328125,False,PUT,2026-02-06,TTD
TTD260206P00031000,31.0,0.74,0.68,0.75,132.0,508.0,0.445318046875,False,PUT,2026-02-06,TTD
TTD260206P00031500,31.5,1.0,0.91,0.98,670.0,267.0,0.43066975585937506,True,PUT,2026-02-06,TTD
TTD260206P00032000,32.0,1.21,1.19,1.29,18.0,806.0,0.43457596679687505,True,PUT,2026-02-06,TTD
TTD260206P00032500,32.5,1.63,1.5,1.73,7.0,661.0,0.4892629199218751,True,PUT,2026-02-06,TTD
TTD260206P00033000,33.0,1.93,1.86,2.12,28.0,916.0,0.5019581054687501,True,PUT,2026-02-06,TTD
TTD260206P00033500,33.5,2.29,2.28,2.47,2.0,222.0,0.46582565429687506,True,PUT,2026-02-06,TTD
TTD260206P00034000,34.0,2.75,2.55,2.98,46.0,661.0,0.5351608984375,True,PUT,2026-02-06,TTD
TTD260206P00034500,34.5,3.29,3.0,3.55,21.0,453.0,0.65039412109375,True,PUT,2026-02-06,TTD
TTD260206P00035000,35.0,3.65,3.6,3.85,19.0,1028.0,0.5117236328125,True,PUT,2026-02-06,TTD
TTD260206P00035500,35.5,4.14,4.05,4.4,3.0,46.0,0.6210975390625001,True,PUT,2026-02-06,TTD
TTD260206P00036000,36.0,4.55,4.5,4.8,3.0,417.0,0.5195360546875,True,PUT,2026-02-06,TTD
TTD260206P00036500,36.5,4.48,4.45,5.85,9.0,77.0,1.107426337890625,True,PUT,2026-02-06,TTD
TTD260206P00037000,37.0,5.83,5.35,5.8,4.0,130.0,0.5976602734375001,True,PUT,2026-02-06,TTD
TTD260206P00037500,37.5,3.02,5.3,6.75,5.0,121.0,1.1435589697265625,True,PUT,2026-02-06,TTD
TTD260206P00038000,38.0,6.76,6.15,7.25,2.0,99.0,1.1953165234375,True,PUT,2026-02-06,TTD
TTD260206P00038500,38.5,6.55,6.25,7.85,1.0,5.0,1.3251986865234373,True,PUT,2026-02-06,TTD
TTD260206P00039000,39.0,6.72,6.75,8.25,2.0,125.0,1.2949254003906248,True,PUT,2026-02-06,TTD
TTD260206P00039500,39.5,4.95,7.25,8.7,,1.0,1.3007847460937496,True,PUT,2026-02-06,TTD
TTD260206P00040000,40.0,8.69,8.3,9.4,2.0,59.0,0.929688203125,True,PUT,2026-02-06,TTD
TTD260213C00025000,25.0,11.9,5.9,7.3,2.0,2.0,0.9414068359375,True,CALL,2026-02-13,TTD
TTD260213C00029000,29.0,8.33,2.41,3.25,,5.0,0.5712933496093751,True,CALL,2026-02-13,TTD
TTD260213C00030000,30.0,2.19,2.04,2.22,3.0,7.0,0.5556685058593751,True,CALL,2026-02-13,TTD
TTD260213C00031000,31.0,1.55,1.43,1.63,15.0,31.0,0.5400436621093752,True,CALL,2026-02-13,TTD
TTD260213C00032000,32.0,1.05,0.93,1.12,831.0,85.0,0.5185595019531251,False,CALL,2026-02-13,TTD
TTD260213C00033000,33.0,0.7,0.65,0.77,44.0,112.0,0.5288133056640626,False,CALL,2026-02-13,TTD
TTD260213C00034000,34.0,0.51,0.42,0.52,12.0,96.0,0.532231240234375,False,CALL,2026-02-13,TTD
TTD260213C00035000,35.0,0.32,0.26,0.39,54.0,927.0,0.5498091894531252,False,CALL,2026-02-13,TTD
TTD260213C00036000,36.0,0.22,0.19,0.34,40.0,713.0,0.5937540625000001,False,CALL,2026-02-13,TTD
TTD260213C00037000,37.0,0.14,0.12,0.24,1.0,638.0,0.6035195898437502,False,CALL,2026-02-13,TTD
TTD260213C00038000,38.0,0.12,0.07,0.16,2.0,612.0,0.6054726953125001,False,CALL,2026-02-13,TTD
TTD260213C00039000,39.0,0.23,0.05,0.2,1.0,861.0,0.6777375976562501,False,CALL,2026-02-13,TTD
TTD260213C00040000,40.0,0.08,0.05,0.12,23.0,3831.0,0.6796907031250001,False,CALL,2026-02-13,TTD
TTD260213P00025000,25.0,0.03,0.0,0.24,85.0,258.0,0.7070341796875,False,PUT,2026-02-13,TTD
TTD260213P00026000,26.0,0.19,0.01,0.27,1.0,11.0,0.63086306640625,False,PUT,2026-02-13,TTD
TTD260213P00027000,27.0,0.14,0.06,0.24,21.0,9.0,0.5380905566406251,False,PUT,2026-02-13,TTD
TTD260213P00028000,28.0,0.27,0.16,0.27,10.0,111.0,0.523442265625,False,PUT,2026-02-13,TTD
TTD260213P00029000,29.0,0.41,0.38,0.45,107.0,119.0,0.5048877636718749,False,PUT,2026-02-13,TTD
TTD260213P00030000,30.0,0.65,0.62,0.75,14.0,301.0,0.500005,False,PUT,2026-02-13,TTD
TTD260213P00031000,31.0,1.1,0.97,1.14,74.0,450.0,0.48438015625,False,PUT,2026-02-13,TTD
TTD260213P00032000,32.0,1.57,1.54,1.69,68.0,366.0,0.48389187988281257,True,PUT,2026-02-13,TTD
TTD260213P00033000,33.0,2.22,2.17,2.41,6.0,513.0,0.50586431640625,True,PUT,2026-02-13,TTD
TTD260213P00034000,34.0,3.1,2.91,3.15,35.0,487.0,0.495122236328125,True,PUT,2026-02-13,TTD
TTD260213P00035000,35.0,3.86,3.75,4.05,29.0,1149.0,0.5312546875,True,PUT,2026-02-13,TTD
TTD260213P00036000,36.0,4.68,4.65,4.9,20.0,344.0,0.5019581054687501,True,PUT,2026-02-13,TTD
TTD260213P00037000,37.0,5.9,5.35,6.45,2.0,239.0,0.5722699023437501,True,PUT,2026-02-13,TTD
TTD260213P00038000,38.0,6.04,6.45,7.3,16.0,47.0,0.6113320117187502,True,PUT,2026-02-13,TTD
TTD260213P00039000,39.0,6.92,6.8,8.25,1.0,23.0,0.971679970703125,True,PUT,2026-02-13,TTD
TTD260213P00040000,40.0,5.23,7.8,9.25,1.0,88.0,1.0429735351562504,True,PUT,2026-02-13,TTD
TTD260220C00022500,22.5,14.0,8.35,9.8,10.0,5.0,1.0293017285156252,True,CALL,2026-02-20,TTD
TTD260220C00025000,25.0,6.5,6.3,6.7,5.0,49.0,0.7128934960937501,True,CALL,2026-02-20,TTD
TTD260220C00027500,27.5,6.9,3.7,4.9,3.0,23.0,0.632816171875,True,CALL,2026-02-20,TTD
TTD260220C00029000,29.0,3.71,2.6,3.1,1.0,3.0,0.5820354296875,True,CALL,2026-02-20,TTD
TTD260220C00030000,30.0,2.33,2.31,2.42,29.0,402.0,0.5449264257812501,True,CALL,2026-02-20,TTD
TTD260220C00031000,31.0,1.81,1.72,1.9,140.0,267.0,0.5410202148437502,True,CALL,2026-02-20,TTD
TTD260220C00032000,32.0,1.29,1.32,1.36,554.0,346.0,0.534184345703125,False,CALL,2026-02-20,TTD
TTD260220C00032500,32.5,1.11,1.14,1.17,24.0,551.0,0.5361374511718751,False,CALL,2026-02-20,TTD
TTD260220C00033000,33.0,0.97,0.94,0.98,63.0,313.0,0.5273484765625001,False,CALL,2026-02-20,TTD
TTD260220C00033500,33.5,0.78,0.81,0.85,108.0,102.0,0.5336960693359375,False,CALL,2026-02-20,TTD
TTD260220C00034000,34.0,0.73,0.67,0.72,150.0,1630.0,0.532231240234375,False,CALL,2026-02-20,TTD
TTD260220C00034500,34.5,0.58,0.56,0.61,72.0,456.0,0.53320779296875,False,CALL,2026-02-20,TTD
TTD260220C00035000,35.0,0.5,0.48,0.5,234.0,5175.0,0.534184345703125,False,CALL,2026-02-20,TTD
TTD260220C00035500,35.5,0.5,0.33,0.44,100.0,1196.0,0.523442265625,False,CALL,2026-02-20,TTD
TTD260220C00036000,36.0,0.35,0.31,0.39,46.0,446.0,0.5419967675781252,False,CALL,2026-02-20,TTD
TTD260220C00036500,36.5,0.39,0.27,0.38,2.0,288.0,0.561527822265625,False,CALL,2026-02-20,TTD
TTD260220C00037000,37.0,0.26,0.23,0.28,52.0,476.0,0.55273884765625,False,CALL,2026-02-20,TTD
TTD260220C00037500,37.5,0.2,0.19,0.26,28.0,3168.0,0.5634809277343751,False,CALL,2026-02-20,TTD
TTD260220C00038000,38.0,0.18,0.12,0.25,9.0,315.0,0.5634809277343751,False,CALL,2026-02-20,TTD
TTD260220C00038500,38.5,0.2,0.15,0.24,2.0,58.0,0.5986368261718751,False,CALL,2026-02-20,TTD
TTD260220C00039000,39.0,0.13,0.1,0.25,5.0,1678.0,0.6093789062500001,False,CALL,2026-02-20,TTD
TTD260220C00039500,39.5,0.16,0.09,0.2,6.0,41.0,0.6093789062500001,False,CALL,2026-02-20,TTD
TTD260220C00040000,40.0,0.13,0.11,0.13,300.0,8143.0,0.6074258007812501,False,CALL,2026-02-20,TTD
TTD260220C00040500,40.5,0.24,0.04,0.19,1.0,118.0,0.6269568554687501,False,CALL,2026-02-20,TTD
TTD260220P00022500,22.5,0.05,0.02,0.06,6.0,433.0,0.6640658593750002,False,PUT,2026-02-20,TTD
TTD260220P00025000,25.0,0.06,0.04,0.11,24.0,1143.0,0.5351608984375,False,PUT,2026-02-20,TTD
TTD260220P00026000,26.0,0.14,0.05,0.26,6.0,69.0,0.5390671093750001,False,PUT,2026-02-20,TTD
TTD260220P00027000,27.0,0.22,0.2,0.24,86.0,105.0,0.500005,False,PUT,2026-02-20,TTD
TTD260220P00027500,27.5,0.3,0.26,0.3,8.0,1415.0,0.5019581054687501,False,PUT,2026-02-20,TTD
TTD260220P00028000,28.0,0.38,0.33,0.39,36.0,174.0,0.500005,False,PUT,2026-02-20,TTD
TTD260220P00029000,29.0,0.57,0.56,0.6,8.0,579.0,0.48340360351562506,False,PUT,2026-02-20,TTD
TTD260220P00030000,30.0,0.86,0.86,0.88,574.0,6837.0,0.46191944335937507,False,PUT,2026-02-20,TTD
TTD260220P00031000,31.0,1.35,1.28,1.32,72.0,1662.0,0.46191944335937507,False,PUT,2026-02-20,TTD
TTD260220P00032000,32.0,1.81,1.77,1.83,88.0,440.0,0.44922425781249997,True,PUT,2026-02-20,TTD
TTD260220P00032500,32.5,2.11,2.05,2.14,65.0,2415.0,0.44727115234375,True,PUT,2026-02-20,TTD
TTD260220P00033000,33.0,2.53,2.34,2.49,2.0,344.0,0.450200810546875,True,PUT,2026-02-20,TTD
TTD260220P00033500,33.5,2.8,2.73,2.83,2.0,252.0,0.4414118359375,True,PUT,2026-02-20,TTD
TTD260220P00034000,34.0,3.22,3.1,3.25,7.0,306.0,0.4545952978515625,True,PUT,2026-02-20,TTD
TTD260220P00034500,34.5,3.52,3.45,3.75,18.0,105.0,0.49609878906250005,True,PUT,2026-02-20,TTD
TTD260220P00035000,35.0,3.99,3.95,4.1,48.0,7258.0,0.4687553125,True,PUT,2026-02-20,TTD
TTD260220P00035500,35.5,3.75,3.9,4.9,2.0,516.0,0.63867548828125,True,PUT,2026-02-20,TTD
TTD260220P00036000,36.0,4.4,4.15,5.45,6.0,125.0,0.6982452050781252,True,PUT,2026-02-20,TTD
TTD260220P00036500,36.5,4.73,4.6,5.95,4.0,169.0,0.73633076171875,True,PUT,2026-02-20,TTD
TTD260220P00037000,37.0,4.82,3.8,5.75,1.0,124.0,1.0000000000000003e-05,True,PUT,2026-02-20,TTD
TTD260220P00037500,37.5,6.19,6.15,6.3,36.0,6917.0,0.398443515625,True,PUT,2026-02-20,TTD
TTD260220P00038000,38.0,4.6,5.85,7.35,12.0,24.0,0.79687703125,True,PUT,2026-02-20,TTD
TTD260220P00038500,38.5,5.87,6.4,7.25,2.0,30.0,1.0000000000000003e-05,True,PUT,2026-02-20,TTD
TTD260220P00039000,39.0,6.64,6.85,8.35,2.0,9.0,0.860352958984375,True,PUT,2026-02-20,TTD
TTD260220P00039500,39.5,4.95,7.3,8.8,23.0,23.0,0.866212275390625,True,PUT,2026-02-20,TTD
TTD260220P00040000,40.0,8.7,8.6,8.8,46.0,7684.0,0.507817421875,True,PUT,2026-02-20,TTD
TTD260227C00030000,30.0,3.7,3.4,3.65,13.0,36.0,0.8183611914062499,True,CALL,2026-02-27,TTD
TTD260227C00031000,31.0,3.03,2.95,3.1,286.0,23.0,0.8168963623046874,True,CALL,2026-02-27,TTD
TTD260227C00032000,32.0,2.53,2.46,2.76,5.0,91.0,0.8237322314453124,False,CALL,2026-02-27,TTD
TTD260227C00033000,33.0,2.18,2.05,2.25,19.0,229.0,0.8032246240234374,False,CALL,2026-02-27,TTD
TTD260227C00034000,34.0,1.88,1.71,1.84,193.0,78.0,0.7929708203125,False,CALL,2026-02-27,TTD
TTD260227C00035000,35.0,1.49,1.44,1.6,306.0,296.0,0.8037129003906249,False,CALL,2026-02-27,TTD
TTD260227C00036000,36.0,1.26,1.21,1.38,33.0,295.0,0.8125018749999999,False,CALL,2026-02-27,TTD
TTD260227C00037000,37.0,1.04,1.0,1.16,17.0,411.0,0.8125018749999999,False,CALL,2026-02-27,TTD
TTD260227C00038000,38.0,0.89,0.79,0.97,187.0,543.0,0.8071308349609375,False,CALL,2026-02-27,TTD
TTD260227C00039000,39.0,0.71,0.66,0.78,6.0,2645.0,0.804689453125,False,CALL,2026-02-27,TTD
TTD260227C00040000,40.0,0.61,0.54,0.63,49.0,7705.0,0.8027363476562499,False,CALL,2026-02-27,TTD
TTD260227P00025000,25.0,0.46,0.44,0.47,410.0,65.0,0.745119736328125,False,PUT,2026-02-27,TTD
TTD260227P00027000,27.0,0.93,0.89,0.93,104.0,301.0,0.7460962890625,False,PUT,2026-02-27,TTD
TTD260227P00028000,28.0,1.22,1.13,1.21,38.0,169.0,0.7280300634765625,False,PUT,2026-02-27,TTD
TTD260227P00029000,29.0,1.66,1.54,1.75,76.0,914.0,0.7612328564453126,False,PUT,2026-02-27,TTD
TTD260227P00030000,30.0,2.1,1.97,2.09,117.0,1575.0,0.7456080126953125,False,PUT,2026-02-27,TTD
TTD260227P00031000,31.0,2.49,2.37,2.61,44.0,493.0,0.7348659326171875,False,PUT,2026-02-27,TTD
TTD260227P00032000,32.0,3.15,2.98,3.15,12.0,584.0,0.7397486962890624,True,PUT,2026-02-27,TTD
TTD260227P00033000,33.0,3.58,3.55,3.8,24.0,249.0,0.7387721435546875,True,PUT,2026-02-27,TTD
TTD260227P00034000,34.0,4.22,4.2,4.45,19.0,311.0,0.7334011035156249,True,PUT,2026-02-27,TTD
TTD260227P00035000,35.0,4.96,4.85,5.2,7.0,166.0,0.7280300634765625,True,PUT,2026-02-27,TTD
TTD260227P00036000,36.0,5.15,5.55,6.35,3.0,68.0,0.7807639111328125,True,PUT,2026-02-27,TTD
TTD260227P00037000,37.0,6.01,6.45,7.1,10.0,54.0,0.7929708203125,True,PUT,2026-02-27,TTD
TTD260227P00038000,38.0,7.5,7.1,7.8,1.0,63.0,0.737307314453125,True,PUT,2026-02-27,TTD
TTD260227P00039000,39.0,7.79,7.35,8.8,1.0,34.0,0.62305064453125,True,PUT,2026-02-27,TTD
TTD260227P00040000,40.0,8.17,8.25,9.65,1.0,14.0,0.5937540625000001,True,PUT,2026-02-27,TTD
TTD260306C00036000,36.0,1.73,1.32,1.57,6.0,95.0,0.773439765625,False,CALL,2026-03-06,TTD
TTD260306C00037000,37.0,1.12,1.01,1.23,26.0,32.0,0.74414318359375,False,CALL,2026-03-06,TTD
TTD260306C00039000,39.0,1.07,0.65,0.9,6.0,29.0,0.74414318359375,False,CALL,2026-03-06,TTD
TTD260306P00026000,26.0,0.72,0.69,0.85,2.0,25.0,0.7158231542968749,False,PUT,2026-03-06,TTD
TTD260306P00027000,27.0,1.05,0.87,1.35,4.0,71.0,0.7392604199218749,False,PUT,2026-03-06,TTD
TTD260306P00028000,28.0,1.33,1.26,1.51,3.0,63.0,0.72070591796875,False,PUT,2026-03-06,TTD
TTD260306P00029000,29.0,1.76,1.49,1.85,3.0,59.0,0.692385888671875,False,PUT,2026-03-06,TTD
TTD260306P00030000,30.0,2.2,2.15,2.3,5.0,51.0,0.7226590234375,False,PUT,2026-03-06,TTD
TTD260306P00034000,34.0,4.75,4.3,4.6,22.0,22.0,0.69336244140625,True,PUT,2026-03-06,TTD
TTD260306P00036000,36.0,5.42,5.75,6.25,1.0,9.0,0.7172879833984375,True,PUT,2026-03-06,TTD
TTD260320C00022500,22.5,9.93,8.8,9.85,2.0,34.0,0.8173846386718748,True,CALL,2026-03-20,TTD
TTD260320C00025000,25.0,7.2,7.05,7.65,10.0,105.0,0.8022480712890624,True,CALL,2026-03-20,TTD
TTD260320C00027500,27.5,5.45,5.25,5.7,3.0,80.0,0.7490259472656251,True,CALL,2026-03-20,TTD
TTD260320C00030000,30.0,4.0,4.0,4.2,110.0,613.0,0.7563500927734376,True,CALL,2026-03-20,TTD
TTD260320C00032500,32.5,2.93,2.83,2.96,56.0,488.0,0.7358424853515625,False,CALL,2026-03-20,TTD
TTD260320C00035000,35.0,2.01,1.98,2.08,239.0,1607.0,0.7319362744140624,False,CALL,2026-03-20,TTD
TTD260320C00037500,37.5,1.44,1.39,1.47,166.0,1160.0,0.737307314453125,False,CALL,2026-03-20,TTD
TTD260320C00040000,40.0,0.98,0.91,0.99,179.0,3036.0,0.72851833984375,False,CALL,2026-03-20,TTD
TTD260320P00022500,22.5,0.31,0.3,0.34,25.0,942.0,0.68555001953125,False,PUT,2026-03-20,TTD
TTD260320P00025000,25.0,0.75,0.7,0.75,30.0,6152.0,0.6748079394531252,False,PUT,2026-03-20,TTD
TTD260320P00027500,27.5,1.44,1.4,1.41,346.0,1827.0,0.6650424121093752,False,PUT,2026-03-20,TTD
TTD260320P00030000,30.0,2.45,2.43,2.51,72.0,5697.0,0.6704134521484376,False,PUT,2026-03-20,TTD
TTD260320P00032500,32.5,3.75,3.7,3.85,108.0,4961.0,0.6557651611328126,True,PUT,2026-03-20,TTD
TTD260320P00035000,35.0,5.4,5.35,5.55,39.0,4919.0,0.6567417138671876,True,PUT,2026-03-20,TTD
TTD260320P00037500,37.5,7.5,7.15,7.55,23.0,4779.0,0.6528355029296876,True,PUT,2026-03-20,TTD
TTD260320P00040000,40.0,9.6,9.2,9.6,7.0,4542.0,0.6357458300781251,True,PUT,2026-03-20,TTD
TTD260417C00022500,22.5,11.8,9.05,10.05,12.0,40.0,0.73437765625,True,CALL,2026-04-17,TTD
TTD260417C00025000,25.0,7.55,7.05,8.1,12.0,70.0,0.70117486328125,True,CALL,2026-04-17,TTD
TTD260417C00027500,27.5,6.05,5.8,6.05,6.0,39.0,0.69336244140625,True,CALL,2026-04-17,TTD
TTD260417C00030000,30.0,4.4,4.1,4.75,13.0,190.0,0.6660189648437502,True,CALL,2026-04-17,TTD
TTD260417C00032500,32.5,3.4,3.35,3.45,105.0,227.0,0.6782258740234376,False,CALL,2026-04-17,TTD
TTD260417C00035000,35.0,2.5,2.52,2.59,171.0,1036.0,0.6811555322265627,False,CALL,2026-04-17,TTD
TTD260417C00037500,37.5,1.89,1.85,1.9,14.0,744.0,0.6782258740234376,False,CALL,2026-04-17,TTD
TTD260417C00040000,40.0,1.35,1.31,1.4,57.0,2932.0,0.6748079394531252,False,CALL,2026-04-17,TTD
TTD260417P00022500,22.5,0.55,0.38,0.55,41.0,140.0,0.6132851171875001,False,PUT,2026-04-17,TTD
TTD260417P00025000,25.0,1.05,0.99,1.08,9.0,311.0,0.6264685791015626,False,PUT,2026-04-17,TTD
TTD260417P00027500,27.5,1.8,1.74,1.9,54.0,1134.0,0.6206092626953126,False,PUT,2026-04-17,TTD
TTD260417P00030000,30.0,2.89,2.88,2.92,26.0,2132.0,0.6157264990234376,False,PUT,2026-04-17,TTD
TTD260417P00032500,32.5,4.25,4.2,4.3,180.0,610.0,0.6086464916992189,True,PUT,2026-04-17,TTD
TTD260417P00035000,35.0,5.85,5.75,5.95,10.0,5536.0,0.5998575170898439,True,PUT,2026-04-17,TTD
TTD260417P00037500,37.5,7.59,7.6,7.7,6.0,1181.0,0.585941640625,True,PUT,2026-04-17,TTD
TTD260417P00040000,40.0,9.61,9.4,9.8,103.0,4106.0,0.5610395458984375,True,PUT,2026-04-17,TTD
TTD260515C00022500,22.5,15.0,9.6,10.65,10.0,13.0,0.77929908203125,True,CALL,2026-05-15,TTD
TTD260515C00025000,25.0,8.54,8.3,8.75,3.0,67.0,0.7937032348632812,True,CALL,2026-05-15,TTD
TTD260515C00027500,27.5,11.3,6.5,7.15,1.0,12.0,0.7495142236328125,True,CALL,2026-05-15,TTD
TTD260515C00030000,30.0,5.31,5.45,5.7,2.0,131.0,0.7500025,True,CALL,2026-05-15,TTD
TTD260515C00032500,32.5,4.2,4.3,4.6,2.0,99.0,0.7387721435546875,False,CALL,2026-05-15,TTD
TTD260515C00035000,35.0,3.6,3.45,3.6,59.0,251.0,0.7304714453125,False,CALL,2026-05-15,TTD
TTD260515C00037500,37.5,2.82,2.74,2.89,46.0,1320.0,0.7304714453125,False,CALL,2026-05-15,TTD
TTD260515C00040000,40.0,2.26,2.06,2.25,61.0,2104.0,0.7163114306640624,False,CALL,2026-05-15,TTD
TTD260515P00022500,22.5,0.99,0.93,1.08,12.0,538.0,0.68555001953125,False,PUT,2026-05-15,TTD
TTD260515P00025000,25.0,1.63,1.64,1.78,2.0,280.0,0.6811555322265627,False,PUT,2026-05-15,TTD
TTD260515P00027500,27.5,2.67,2.58,2.79,49.0,1659.0,0.6826203613281252,False,PUT,2026-05-15,TTD
TTD260515P00030000,30.0,3.75,3.7,3.85,12.0,2176.0,0.664309997558594,False,PUT,2026-05-15,TTD
TTD260515P00032500,32.5,5.13,5.0,5.3,18.0,2701.0,0.6564975756835938,True,PUT,2026-05-15,TTD
TTD260515P00035000,35.0,6.85,6.4,6.9,1.0,3731.0,0.6367223828125,True,PUT,2026-05-15,TTD
TTD260515P00037500,37.5,8.43,8.15,8.65,3.0,966.0,0.6262244409179689,True,PUT,2026-05-15,TTD
TTD260515P00040000,40.0,10.56,10.15,10.85,5.0,2690.0,0.6481968774414062,True,PUT,2026-05-15,TTD
TTD260618C00022500,22.5,15.38,9.95,11.0,1.0,91.0,0.7504907763671875,True,CALL,2026-06-18,TTD
TTD260618C00025000,25.0,9.39,8.25,9.05,10.0,91.0,0.7124052197265626,True,CALL,2026-06-18,TTD
TTD260618C00027500,27.5,7.34,7.2,7.6,2.0,191.0,0.7375514526367187,True,CALL,2026-06-18,TTD
TTD260618C00030000,30.0,6.6,5.55,6.2,10.0,270.0,0.6938507177734375,True,CALL,2026-06-18,TTD
TTD260618C00032500,32.5,4.96,4.85,5.05,34.0,125.0,0.7084990087890625,False,CALL,2026-06-18,TTD
TTD260618C00035000,35.0,4.03,4.0,4.1,816.0,1828.0,0.7043486596679689,False,CALL,2026-06-18,TTD
TTD260618C00037500,37.5,3.35,3.25,3.3,19.0,483.0,0.6972686523437501,False,CALL,2026-06-18,TTD
TTD260618C00040000,40.0,2.65,2.65,2.72,38.0,5417.0,0.6980010668945313,False,CALL,2026-06-18,TTD
TTD260618P00022500,22.5,1.26,1.24,1.38,2.0,2269.0,0.6640658593750002,False,PUT,2026-06-18,TTD
TTD260618P00025000,25.0,2.01,1.98,2.02,55.0,2627.0,0.6440465283203125,False,PUT,2026-06-18,TTD
TTD260618P00027500,27.5,2.94,2.94,2.98,19.0,1861.0,0.6355016918945313,False,PUT,2026-06-18,TTD
TTD260618P00030000,30.0,4.15,4.15,4.2,24.0,2395.0,0.6325720336914062,False,PUT,2026-06-18,TTD
TTD260618P00032500,32.5,5.55,5.5,5.6,169.0,2073.0,0.6237830590820312,True,PUT,2026-06-18,TTD
TTD260618P00035000,35.0,7.12,7.05,7.2,104.0,1947.0,0.6164589135742189,True,PUT,2026-06-18,TTD
TTD260618P00037500,37.5,8.3,8.45,9.2,6.0,3820.0,0.6035195898437502,True,PUT,2026-06-18,TTD
TTD260618P00040000,40.0,10.69,10.25,11.05,1.0,4956.0,0.586918193359375,True,PUT,2026-06-18,TTD
TTD260717C00022500,22.5,12.83,10.0,11.25,1.0,11.0,0.7106962524414062,True,CALL,2026-07-17,TTD
TTD260717C00025000,25.0,9.72,8.5,9.45,10.0,90.0,0.6982452050781252,True,CALL,2026-07-17,TTD
TTD260717C00027500,27.5,8.14,7.05,7.95,10.0,22.0,0.6850617431640625,True,CALL,2026-07-17,TTD
TTD260717C00030000,30.0,6.75,6.2,6.4,1.0,162.0,0.684573466796875,True,CALL,2026-07-17,TTD
TTD260717C00032500,32.5,5.95,5.15,5.35,2.0,165.0,0.680911394042969,False,CALL,2026-07-17,TTD
TTD260717C00035000,35.0,4.4,4.25,4.45,13.0,244.0,0.676761044921875,False,CALL,2026-07-17,TTD
TTD260717C00037500,37.5,3.65,3.5,3.65,4.0,714.0,0.6709017285156251,False,CALL,2026-07-17,TTD
TTD260717C00040000,40.0,2.97,2.88,3.05,41.0,1141.0,0.6704134521484376,False,CALL,2026-07-17,TTD
TTD260717P00022500,22.5,1.33,1.33,1.42,22.0,670.0,0.6176796044921876,False,PUT,2026-07-17,TTD
TTD260717P00025000,25.0,2.2,2.12,2.21,13.0,616.0,0.6120644262695314,False,PUT,2026-07-17,TTD
TTD260717P00027500,27.5,3.1,3.1,3.25,4.0,259.0,0.6076699389648439,False,PUT,2026-07-17,TTD
TTD260717P00030000,30.0,4.45,4.3,4.45,1.0,2312.0,0.6008340698242189,False,PUT,2026-07-17,TTD
TTD260717P00032500,32.5,5.75,5.65,5.85,2.0,405.0,0.5916788879394532,True,PUT,2026-07-17,TTD
TTD260717P00035000,35.0,6.95,7.2,7.45,79.0,767.0,0.5852092260742188,True,PUT,2026-07-17,TTD
TTD260717P00037500,37.5,9.08,8.95,9.2,2.0,1112.0,0.5803264624023439,True,PUT,2026-07-17,TTD
TTD260717P00040000,40.0,10.45,10.8,11.05,402.0,531.0,0.5705609350585938,True,PUT,2026-07-17,TTD
TTD260918C00022500,22.5,13.91,10.95,11.95,1.0,5.0,0.729494892578125,True,CALL,2026-09-18,TTD
TTD260918C00025000,25.0,10.1,9.9,10.15,2.0,91.0,0.7297390307617188,True,CALL,2026-09-18,TTD
TTD260918C00027500,27.5,8.75,8.1,8.95,1.0,315.0,0.702151416015625,True,CALL,2026-09-18,TTD
TTD260918C00030000,30.0,7.44,7.3,7.55,19.0,475.0,0.704226590576172,True,CALL,2026-09-18,TTD
TTD260918C00032500,32.5,6.1,6.3,6.5,4.0,234.0,0.6989776196289064,False,CALL,2026-09-18,TTD
TTD260918C00035000,35.0,5.6,5.35,5.65,11.0,1148.0,0.6936065795898438,False,CALL,2026-09-18,TTD
TTD260918C00037500,37.5,4.6,4.55,4.85,26.0,406.0,0.6867707104492189,False,CALL,2026-09-18,TTD
TTD260918C00040000,40.0,3.93,4.0,4.2,4.0,1134.0,0.6899445068359377,False,CALL,2026-09-18,TTD
TTD260918P00022500,22.5,2.01,1.8,2.1,2.0,486.0,0.6179237426757813,False,PUT,2026-09-18,TTD
TTD260918P00025000,25.0,2.91,2.85,3.05,20.0,3070.0,0.6247596118164063,False,PUT,2026-09-18,TTD
TTD260918P00027500,27.5,4.0,3.9,4.1,2.0,2574.0,0.6132851171875001,False,PUT,2026-09-18,TTD
TTD260918P00030000,30.0,5.21,4.9,5.5,1.0,1450.0,0.6003457934570313,False,PUT,2026-09-18,TTD
TTD260918P00032500,32.5,6.7,6.5,7.0,1.0,1107.0,0.6066933862304689,True,PUT,2026-09-18,TTD
TTD260918P00035000,35.0,8.37,8.1,8.35,4.0,1073.0,0.5903361279296876,True,PUT,2026-09-18,TTD
TTD260918P00037500,37.5,9.4,9.8,10.45,6.0,1599.0,0.6032754516601564,True,PUT,2026-09-18,TTD
TTD260918P00040000,40.0,11.08,11.3,12.15,3.0,1594.0,0.5734905932617188,True,PUT,2026-09-18,TTD
TTD261120C00022500,22.5,15.6,11.0,12.65,4.0,4.0,0.6948272705078126,True,CALL,2026-11-20,TTD
TTD261120C00025000,25.0,15.07,10.4,11.2,,1.0,0.7338893798828124,True,CALL,2026-11-20,TTD
TTD261120C00030000,30.0,8.75,8.0,8.65,18.0,11.0,0.7106962524414062,True,CALL,2026-11-20,TTD
TTD261120C00035000,35.0,6.3,6.3,6.65,2.0,172.0,0.7026396923828125,False,CALL,2026-11-20,TTD
TTD261120C00037500,37.5,6.17,5.25,6.05,3.0,57.0,0.6939727868652343,False,CALL,2026-11-20,TTD
TTD261120C00040000,40.0,5.0,4.9,5.35,41.0,48.0,0.704226590576172,False,CALL,2026-11-20,TTD
TTD261120P00022500,22.5,2.06,2.49,2.73,20.0,621.0,0.6352575537109376,False,PUT,2026-11-20,TTD
TTD261120P00025000,25.0,3.25,3.2,3.75,1.0,6.0,0.6135292553710938,False,PUT,2026-11-20,TTD
TTD261120P00027500,27.5,4.6,4.5,4.8,1.0,44.0,0.6101113208007813,False,PUT,2026-11-20,TTD
TTD261120P00030000,30.0,5.93,5.6,6.25,6.0,47.0,0.6008340698242189,False,PUT,2026-11-20,TTD
TTD261120P00032500,32.5,6.44,7.05,7.75,5.0,81.0,0.5971719970703125,True,PUT,2026-11-20,TTD
TTD261120P00035000,35.0,8.9,8.6,9.35,34.0,128.0,0.5905802661132813,True,PUT,2026-11-20,TTD
TTD261120P00037500,37.5,10.75,10.25,10.9,1.0,48.0,0.5756878369140624,True,PUT,2026-11-20,TTD
TTD261120P00040000,40.0,12.45,12.0,12.9,1.0,46.0,0.5756878369140624,True,PUT,2026-11-20,TTD
TTD261218C00022500,22.5,15.05,11.2,12.85,2.0,25.0,0.6882355395507813,True,CALL,2026-12-18,TTD
TTD261218C00025000,25.0,11.0,10.9,11.15,40.0,130.0,0.7253445434570311,True,CALL,2026-12-18,TTD
TTD261218C00027500,27.5,10.69,9.2,10.1,1.0,40.0,0.7048369360351563,True,CALL,2026-12-18,TTD
TTD261218C00030000,30.0,8.4,8.4,8.8,10.0,56.0,0.7044707287597658,True,CALL,2026-12-18,TTD
TTD261218C00032500,32.5,7.57,7.3,7.75,1.0,63.0,0.6911651977539064,False,CALL,2026-12-18,TTD
TTD261218C00035000,35.0,7.2,6.25,7.05,1.0,122.0,0.686648641357422,False,CALL,2026-12-18,TTD
TTD261218C00037500,37.5,5.75,5.75,6.15,11.0,560.0,0.6888458850097658,False,CALL,2026-12-18,TTD
TTD261218C00040000,40.0,5.25,5.15,5.35,25.0,313.0,0.6837189831542969,False,CALL,2026-12-18,TTD
TTD261218P00022500,22.5,2.65,2.4,2.81,4.0,1901.0,0.6064492480468751,False,PUT,2026-12-18,TTD
TTD261218P00025000,25.0,3.79,3.45,3.9,1.0,610.0,0.6079140771484376,False,PUT,2026-12-18,TTD
TTD261218P00027500,27.5,4.73,4.7,5.0,2.0,371.0,0.6025430371093752,False,PUT,2026-12-18,TTD
TTD261218P00030000,30.0,6.11,6.1,6.25,132.0,544.0,0.5969278588867188,False,PUT,2026-12-18,TTD
TTD261218P00032500,32.5,7.6,6.9,7.75,24.0,1970.0,0.5643354113769532,True,PUT,2026-12-18,TTD
TTD261218P00035000,35.0,8.87,8.8,9.55,56.0,752.0,0.5815471533203125,True,PUT,2026-12-18,TTD
TTD261218P00037500,37.5,10.4,10.4,11.25,88.0,577.0,0.5715374877929689,True,PUT,2026-12-18,TTD
TTD261218P00040000,40.0,12.6,12.4,13.0,1.0,703.0,0.5720257641601563,True,PUT,2026-12-18,TTD
TTD270115C00022500,22.5,12.8,12.45,12.75,9.0,376.0,0.7263210961914062,True,CALL,2027-01-15,TTD
TTD270115C00025000,25.0,11.29,11.05,11.35,1672.0,679.0,0.7138700488281251,True,CALL,2027-01-15,TTD
TTD270115C00027500,27.5,10.4,9.5,10.2,1.0,384.0,0.6949493395996094,True,CALL,2027-01-15,TTD
TTD270115C00030000,30.0,8.9,8.65,8.95,38.0,1986.0,0.6934845104980469,True,CALL,2027-01-15,TTD
TTD270115C00032500,32.5,7.95,7.8,8.0,30.0,551.0,0.6949493395996094,False,CALL,2027-01-15,TTD
TTD270115C00035000,35.0,6.9,6.85,7.15,26.0,1465.0,0.6877472631835939,False,CALL,2027-01-15,TTD
TTD270115C00037500,37.5,5.95,5.85,6.4,10.0,742.0,0.6751741467285157,False,CALL,2027-01-15,TTD
TTD270115C00040000,40.0,5.55,5.4,5.65,125.0,4403.0,0.6784700122070313,False,CALL,2027-01-15,TTD
TTD270115P00022500,22.5,2.79,2.72,2.88,50.0,4190.0,0.6048623498535157,False,PUT,2027-01-15,TTD
TTD270115P00025000,25.0,3.78,3.65,3.95,15.0,1540.0,0.5961954443359375,False,PUT,2027-01-15,TTD
TTD270115P00027500,27.5,4.97,4.65,5.2,50.0,1058.0,0.584965087890625,False,PUT,2027-01-15,TTD
TTD270115P00030000,30.0,6.35,5.7,6.45,55.0,2134.0,0.5640912731933594,False,PUT,2027-01-15,TTD
TTD270115P00032500,32.5,7.7,7.65,7.95,142.0,2554.0,0.5810588769531251,True,PUT,2027-01-15,TTD
TTD270115P00035000,35.0,9.23,9.1,9.5,4.0,4631.0,0.5682416223144531,True,PUT,2027-01-15,TTD
TTD270115P00037500,37.5,11.25,10.95,11.25,2.0,2414.0,0.5709271423339843,True,PUT,2027-01-15,TTD
TTD270115P00040000,40.0,12.4,12.6,13.05,8.0,3414.0,0.5592085095214845,True,PUT,2027-01-15,TTD
TTD280121C00022500,22.5,15.96,14.65,15.8,10.0,140.0,0.7153348779296875,True,CALL,2028-01-21,TTD
TTD280121C00025000,25.0,13.95,13.9,14.3,14.0,444.0,0.7077665942382813,True,CALL,2028-01-21,TTD
TTD280121C00027500,27.5,14.2,12.7,13.55,1.0,38.0,0.7048369360351563,True,CALL,2028-01-21,TTD
TTD280121C00030000,30.0,12.18,11.9,12.4,68.0,1119.0,0.6967803759765626,True,CALL,2028-01-21,TTD
TTD280121C00032500,32.5,11.35,10.95,11.8,91.0,164.0,0.6970245141601563,False,CALL,2028-01-21,TTD
TTD280121C00035000,35.0,10.43,10.15,10.75,80.0,879.0,0.6840851904296876,False,CALL,2028-01-21,TTD
TTD280121C00037500,37.5,9.8,9.7,9.95,12.0,731.0,0.6859162268066408,False,CALL,2028-01-21,TTD
TTD280121C00040000,40.0,9.27,8.75,10.2,32.0,1971.0,0.7005645178222657,False,CALL,2028-01-21,TTD
TTD280121P00022500,22.5,4.7,3.5,5.8,5.0,731.0,0.5700726586914062,False,PUT,2028-01-21,TTD
TTD280121P00025000,25.0,5.95,5.5,6.25,20.0,1455.0,0.5642133422851563,False,PUT,2028-01-21,TTD
TTD280121P00027500,27.5,7.3,6.35,7.35,23.0,1149.0,0.5343064147949219,False,PUT,2028-01-21,TTD
TTD280121P00030000,30.0,8.75,8.35,9.2,24.0,2704.0,0.5603071313476562,False,PUT,2028-01-21,TTD
TTD280121P00032500,32.5,10.18,9.9,10.85,20.0,1665.0,0.5583540258789064,True,PUT,2028-01-21,TTD
TTD280121P00035000,35.0,11.76,11.25,12.15,1.0,3560.0,0.5351608984375,True,PUT,2028-01-21,TTD
TTD280121P00037500,37.5,12.88,12.85,14.6,54.0,1451.0,0.5485884985351563,True,PUT,2028-01-21,TTD
TTD280121P00040000,40.0,14.49,14.6,16.1,101.0,2505.0,0.5347946911621093,True,PUT,2028-01-21,TTD
TXN260130C00155000,155.0,63.55,63.2,66.4,96.0,23.0,3.0791038647460933,True,CALL,2026-01-30,TXN
TXN260130C00160000,160.0,59.3,58.1,61.7,85.0,16.0,2.8994168139648435,True,CALL,2026-01-30,TXN
TXN260130C00165000,165.0,32.15,53.1,56.25,6.0,58.0,2.5527379931640626,True,CALL,2026-01-30,TXN
TXN260130C00167500,167.5,48.0,50.6,53.75,2.0,2.0,2.442386706542969,True,CALL,2026-01-30,TXN
TXN260130C00170000,170.0,49.1,48.1,51.35,20.0,578.0,2.3584025415039056,True,CALL,2026-01-30,TXN
TXN260130C00172500,172.5,46.45,45.6,48.9,210.0,54.0,2.2607465356445307,True,CALL,2026-01-30,TXN
TXN260130C00175000,175.0,41.84,43.1,46.2,1.0,699.0,2.1054734863281244,True,CALL,2026-01-30,TXN
TXN260130C00177500,177.5,41.4,40.6,43.9,200.0,48.0,2.0449267626953125,True,CALL,2026-01-30,TXN
TXN260130C00180000,180.0,37.5,38.15,41.3,23.0,655.0,1.9267581787109376,True,CALL,2026-01-30,TXN
TXN260130C00182500,182.5,36.7,35.6,39.35,150.0,36.0,1.919922275390625,True,CALL,2026-01-30,TXN
TXN260130C00185000,185.0,31.02,33.1,36.45,64.0,259.0,1.734376328125,True,CALL,2026-01-30,TXN
TXN260130C00187500,187.5,31.4,30.7,33.9,550.0,154.0,1.6376971240234375,True,CALL,2026-01-30,TXN
TXN260130C00190000,190.0,29.42,28.15,31.45,17.0,499.0,1.5312523437499999,True,CALL,2026-01-30,TXN
TXN260130C00192500,192.5,22.75,25.6,28.95,45.0,204.0,1.4165068237304688,True,CALL,2026-01-30,TXN
TXN260130C00195000,195.0,23.45,23.15,26.8,330.0,809.0,1.3740265673828125,True,CALL,2026-01-30,TXN
TXN260130C00197500,197.5,22.8,21.15,22.8,168.0,766.0,1.1044966650390626,True,CALL,2026-01-30,TXN
TXN260130C00200000,200.0,19.34,18.85,20.7,72.0,1396.0,1.0966842041015625,True,CALL,2026-01-30,TXN
TXN260130C00202500,202.5,16.95,16.3,18.95,470.0,1054.0,1.0815475610351561,True,CALL,2026-01-30,TXN
TXN260130C00205000,205.0,14.0,13.85,16.35,131.0,2811.0,0.9599613378906249,True,CALL,2026-01-30,TXN
TXN260130C00207500,207.5,12.37,11.35,13.2,481.0,1043.0,0.7670921728515626,True,CALL,2026-01-30,TXN
TXN260130C00210000,210.0,8.8,8.15,10.7,101.0,3231.0,0.5698285205078125,True,CALL,2026-01-30,TXN
TXN260130C00212500,212.5,6.65,7.35,8.1,498.0,371.0,0.6201209863281252,True,CALL,2026-01-30,TXN
TXN260130C00215000,215.0,4.23,4.05,5.55,418.0,3570.0,0.5397995239257813,True,CALL,2026-01-30,TXN
TXN260130C00217500,217.5,2.34,2.62,3.4,428.0,1053.0,0.43726148681640625,True,CALL,2026-01-30,TXN
TXN260130C00220000,220.0,1.25,1.18,1.65,1071.0,5514.0,0.3523013989257812,False,CALL,2026-01-30,TXN
TXN260130C00222500,222.5,0.6,0.41,0.85,378.0,329.0,0.3518131225585937,False,CALL,2026-01-30,TXN
TXN260130C00225000,225.0,0.27,0.17,0.43,800.0,1065.0,0.3627993408203125,False,CALL,2026-01-30,TXN
TXN260130C00230000,230.0,0.01,0.01,0.11,835.0,3127.0,0.39551385742187506,False,CALL,2026-01-30,TXN
TXN260130C00235000,235.0,0.02,0.01,0.03,112.0,454.0,0.4335994140625,False,CALL,2026-01-30,TXN
TXN260130C00240000,240.0,0.01,0.01,0.02,47.0,289.0,0.500005,False,CALL,2026-01-30,TXN
TXN260130C00245000,245.0,0.02,0.0,0.02,256.0,434.0,0.5625043750000001,False,CALL,2026-01-30,TXN
TXN260130C00250000,250.0,0.01,0.0,0.01,80.0,338.0,0.6250037500000001,False,CALL,2026-01-30,TXN
TXN260130C00255000,255.0,0.05,0.0,0.02,27.0,27.0,0.7500025,False,CALL,2026-01-30,TXN
TXN260130C00265000,265.0,0.04,0.0,0.01,1.0,29.0,0.8437515624999999,False,CALL,2026-01-30,TXN
TXN260130P00155000,155.0,0.01,0.0,0.01,1.0,1167.0,1.5000025,False,PUT,2026-01-30,TXN
TXN260130P00160000,160.0,0.01,0.0,0.01,4.0,835.0,1.3750031249999999,False,PUT,2026-01-30,TXN
TXN260130P00162500,162.5,0.01,0.0,0.01,7.0,568.0,1.3125034374999998,False,PUT,2026-01-30,TXN
TXN260130P00165000,165.0,0.01,0.0,0.01,63.0,871.0,1.2500037499999999,False,PUT,2026-01-30,TXN
TXN260130P00167500,167.5,0.01,0.0,0.01,11.0,463.0,1.1875040625,False,PUT,2026-01-30,TXN
TXN260130P00170000,170.0,0.01,0.0,0.01,65.0,1590.0,1.125004375,False,PUT,2026-01-30,TXN
TXN260130P00172500,172.5,0.02,0.01,0.02,66.0,605.0,1.15625421875,False,PUT,2026-01-30,TXN
TXN260130P00175000,175.0,0.01,0.01,0.02,161.0,3299.0,1.09375453125,False,PUT,2026-01-30,TXN
TXN260130P00177500,177.5,0.02,0.01,0.02,173.0,801.0,1.0312548437500002,False,PUT,2026-01-30,TXN
TXN260130P00180000,180.0,0.01,0.01,0.03,39.0,1055.0,1.000005,False,PUT,2026-01-30,TXN
TXN260130P00182500,182.5,0.01,0.01,0.04,20.0,549.0,0.9609378906249999,False,PUT,2026-01-30,TXN
TXN260130P00185000,185.0,0.01,0.01,0.02,19.0,1547.0,0.8437515624999999,False,PUT,2026-01-30,TXN
TXN260130P00187500,187.5,0.01,0.01,0.02,17.0,1906.0,0.7812521875,False,PUT,2026-01-30,TXN
TXN260130P00190000,190.0,0.03,0.0,0.05,299.0,1587.0,0.7656273437500001,False,PUT,2026-01-30,TXN
TXN260130P00192500,192.5,0.02,0.0,0.06,66.0,805.0,0.7187528125,False,PUT,2026-01-30,TXN
TXN260130P00195000,195.0,0.05,0.0,0.06,288.0,1933.0,0.6523472265625001,False,PUT,2026-01-30,TXN
TXN260130P00197500,197.5,0.05,0.01,0.12,44.0,596.0,0.6523472265625001,False,PUT,2026-01-30,TXN
TXN260130P00200000,200.0,0.07,0.01,0.05,109.0,394.0,0.523442265625,False,PUT,2026-01-30,TXN
TXN260130P00202500,202.5,0.15,0.03,0.15,95.0,210.0,0.5410202148437502,False,PUT,2026-01-30,TXN
TXN260130P00207500,207.5,0.18,0.06,0.22,68.0,180.0,0.47070841796875,False,PUT,2026-01-30,TXN
TXN260130P00210000,210.0,0.21,0.21,0.28,2240.0,593.0,0.40918559570312496,False,PUT,2026-01-30,TXN
TXN260130P00220000,220.0,3.2,2.37,3.7,113.0,100.0,0.45508357421875,True,PUT,2026-01-30,TXN
TXN260130P00225000,225.0,8.55,6.15,8.1,12.0,115.0,0.6315954809570312,True,PUT,2026-01-30,TXN
TXN260130P00230000,230.0,12.61,10.8,13.3,28.0,60.0,0.6074258007812501,True,PUT,2026-01-30,TXN
TXN260130P00235000,235.0,43.55,15.7,18.25,,0.0,0.75195560546875,True,PUT,2026-01-30,TXN
TXN260130P00240000,240.0,53.6,20.7,23.2,,1.0,0.8974619628906249,True,PUT,2026-01-30,TXN
TXN260130P00245000,245.0,59.3,25.7,28.25,,1.0,1.052739111328125,True,PUT,2026-01-30,TXN
TXN260130P00255000,255.0,68.0,35.6,38.25,,1.0,1.2988316308593748,True,PUT,2026-01-30,TXN
TXN260206C00155000,155.0,63.95,63.1,66.3,90.0,19.0,1.4233427270507812,True,CALL,2026-02-06,TXN
TXN260206C00160000,160.0,59.15,58.1,61.2,90.0,19.0,1.3017613037109372,True,CALL,2026-02-06,TXN
TXN260206C00165000,165.0,30.25,53.15,56.75,2.0,135.0,1.2695349023437497,True,CALL,2026-02-06,TXN
TXN260206C00170000,170.0,24.5,48.1,51.95,2.0,223.0,1.1777384863281248,True,CALL,2026-02-06,TXN
TXN260206C00175000,175.0,41.85,43.2,46.6,5.0,180.0,1.0463914868164066,True,CALL,2026-02-06,TXN
TXN260206C00180000,180.0,30.85,38.1,41.15,8.0,145.0,0.8872081591796874,True,CALL,2026-02-06,TXN
TXN260206C00182500,182.5,36.65,35.6,38.7,97.0,22.0,0.8432632861328124,True,CALL,2026-02-06,TXN
TXN260206C00185000,185.0,31.98,33.2,36.4,1.0,194.0,0.82226740234375,True,CALL,2026-02-06,TXN
TXN260206C00187500,187.5,31.45,30.6,33.7,265.0,69.0,0.7448755981445312,True,CALL,2026-02-06,TXN
TXN260206C00190000,190.0,30.0,28.2,31.35,3.0,223.0,0.717776259765625,True,CALL,2026-02-06,TXN
TXN260206C00192500,192.5,26.65,25.6,28.6,450.0,124.0,0.6381872119140625,True,CALL,2026-02-06,TXN
TXN260206C00195000,195.0,24.5,23.2,26.2,31.0,433.0,0.6059609716796877,True,CALL,2026-02-06,TXN
TXN260206C00197500,197.5,21.2,21.3,23.3,1189.0,314.0,0.5710492114257812,True,CALL,2026-02-06,TXN
TXN260206C00200000,200.0,19.09,18.1,20.75,57.0,368.0,0.6379430737304688,True,CALL,2026-02-06,TXN
TXN260206C00202500,202.5,16.4,15.6,18.25,308.0,287.0,0.5805706005859376,True,CALL,2026-02-06,TXN
TXN260206C00205000,205.0,13.8,13.2,16.1,9.0,309.0,0.5576216113281252,True,CALL,2026-02-06,TXN
TXN260206C00207500,207.5,8.82,10.7,13.65,166.0,165.0,0.5009815527343751,True,CALL,2026-02-06,TXN
TXN260206C00210000,210.0,9.0,9.25,10.8,84.0,521.0,0.40650007568359375,True,CALL,2026-02-06,TXN
TXN260206C00212500,212.5,7.85,7.35,8.8,33.0,111.0,0.38440557006835935,True,CALL,2026-02-06,TXN
TXN260206C00215000,215.0,6.85,6.7,7.1,89.0,228.0,0.3754945263671875,True,CALL,2026-02-06,TXN
TXN260206C00217500,217.5,4.75,5.25,5.45,98.0,124.0,0.3573062316894531,True,CALL,2026-02-06,TXN
TXN260206C00220000,220.0,3.92,3.9,4.05,384.0,857.0,0.34339035522460937,False,CALL,2026-02-06,TXN
TXN260206C00222500,222.5,2.88,2.86,3.0,612.0,219.0,0.3398503515625,False,CALL,2026-02-06,TXN
TXN260206C00225000,225.0,2.07,1.99,2.17,381.0,812.0,0.33765310791015624,False,CALL,2026-02-06,TXN
TXN260206C00227500,227.5,1.35,1.07,1.65,39.0,16.0,0.34766277343749996,False,CALL,2026-02-06,TXN
TXN260206C00230000,230.0,0.93,0.77,1.23,460.0,171.0,0.3552310571289062,False,CALL,2026-02-06,TXN
TXN260206C00232500,232.5,0.64,0.46,0.85,10.0,4.0,0.35474278076171867,False,CALL,2026-02-06,TXN
TXN260206C00235000,235.0,0.47,0.21,0.64,2.0,18.0,0.36499658447265626,False,CALL,2026-02-06,TXN
TXN260206C00240000,240.0,0.3,0.0,1.0,2.0,4.0,0.49561051269531253,False,CALL,2026-02-06,TXN
TXN260206C00245000,245.0,0.05,0.0,1.62,1.0,2.0,0.5397995239257813,False,CALL,2026-02-06,TXN
TXN260206C00250000,250.0,0.18,0.0,2.06,2.0,4.0,0.64648791015625,False,CALL,2026-02-06,TXN
TXN260206C00255000,255.0,0.05,0.0,2.17,3.0,4.0,0.7238797143554687,False,CALL,2026-02-06,TXN
TXN260206P00155000,155.0,0.14,0.01,0.05,57.0,88.0,0.8281267187499999,False,PUT,2026-02-06,TXN
TXN260206P00157500,157.5,0.39,0.0,0.1,5.0,4.0,0.8359391406249999,False,PUT,2026-02-06,TXN
TXN260206P00160000,160.0,0.02,0.0,0.03,20.0,633.0,0.70312796875,False,PUT,2026-02-06,TXN
TXN260206P00162500,162.5,0.05,0.0,0.62,16.0,19.0,0.9863282617187501,False,PUT,2026-02-06,TXN
TXN260206P00165000,165.0,0.01,0.0,0.32,29.0,39.0,0.84961087890625,False,PUT,2026-02-06,TXN
TXN260206P00167500,167.5,0.11,0.0,0.95,14.0,19.0,0.9707034179687499,False,PUT,2026-02-06,TXN
TXN260206P00170000,170.0,0.07,0.04,0.5,36.0,125.0,0.8369156933593749,False,PUT,2026-02-06,TXN
TXN260206P00172500,172.5,0.07,0.0,0.29,7.0,18.0,0.72070591796875,False,PUT,2026-02-06,TXN
TXN260206P00175000,175.0,0.06,0.05,0.27,22.0,106.0,0.69336244140625,False,PUT,2026-02-06,TXN
TXN260206P00177500,177.5,0.16,0.0,0.31,24.0,32.0,0.6513706738281251,False,PUT,2026-02-06,TXN
TXN260206P00180000,180.0,0.1,0.06,0.15,80.0,748.0,0.57812921875,False,PUT,2026-02-06,TXN
TXN260206P00185000,185.0,0.16,0.0,0.2,20.0,62.0,0.5039112109375,False,PUT,2026-02-06,TXN
TXN260206P00187500,187.5,0.27,0.0,0.26,10.0,98.0,0.5483443603515626,False,PUT,2026-02-06,TXN
TXN260206P00190000,190.0,0.25,0.14,0.44,11.0,266.0,0.5195360546875,False,PUT,2026-02-06,TXN
TXN260206P00192500,192.5,0.3,0.16,0.65,9.0,67.0,0.5131884619140624,False,PUT,2026-02-06,TXN
TXN260206P00195000,195.0,0.35,0.24,0.35,14.0,205.0,0.45703667968750006,False,PUT,2026-02-06,TXN
TXN260206P00197500,197.5,0.53,0.3,0.61,6.0,122.0,0.4731497998046875,False,PUT,2026-02-06,TXN
TXN260206P00200000,200.0,0.61,0.4,0.72,74.0,173.0,0.44775942871093743,False,PUT,2026-02-06,TXN
TXN260206P00205000,205.0,0.93,0.73,1.02,148.0,160.0,0.3947814428710938,False,PUT,2026-02-06,TXN
TXN260206P00210000,210.0,1.58,1.47,1.57,291.0,108.0,0.3474186352539062,False,PUT,2026-02-06,TXN
TXN260206P00220000,220.0,5.81,4.8,5.2,16.0,12.0,0.32507999145507804,True,PUT,2026-02-06,TXN
TXN260206P00230000,230.0,12.5,11.45,13.6,10.0,1.0,0.45093322509765627,True,PUT,2026-02-06,TXN
TXN260206P00235000,235.0,16.95,16.0,18.6,2.0,99.0,0.5500533276367189,True,PUT,2026-02-06,TXN
TXN260206P00245000,245.0,27.02,25.55,28.25,1.0,24.0,0.68555001953125,True,PUT,2026-02-06,TXN
TXN260213C00155000,155.0,63.9,63.1,66.3,50.0,12.0,1.0673874755859378,True,CALL,2026-02-13,TXN
TXN260213C00160000,160.0,58.7,58.1,61.85,145.0,34.0,1.0385790258789065,True,CALL,2026-02-13,TXN
TXN260213C00165000,165.0,53.85,53.1,56.8,100.0,24.0,0.9521489160156249,True,CALL,2026-02-13,TXN
TXN260213C00170000,170.0,48.85,48.15,51.3,90.0,21.0,0.8334977587890623,True,CALL,2026-02-13,TXN
TXN260213C00175000,175.0,43.65,43.2,46.8,86.0,16.0,0.799806689453125,True,CALL,2026-02-13,TXN
TXN260213C00180000,180.0,38.7,38.2,41.6,50.0,13.0,0.7070341796875,True,CALL,2026-02-13,TXN
TXN260213C00185000,185.0,26.07,33.1,36.45,162.0,136.0,0.6132851171875001,True,CALL,2026-02-13,TXN
TXN260213C00190000,190.0,29.44,28.1,31.4,16.0,171.0,0.5349167602539062,True,CALL,2026-02-13,TXN
TXN260213C00195000,195.0,24.1,23.1,25.7,100.0,68.0,0.5585981640625001,True,CALL,2026-02-13,TXN
TXN260213C00200000,200.0,19.19,18.1,20.85,1.0,95.0,0.48682153808593753,True,CALL,2026-02-13,TXN
TXN260213C00205000,205.0,9.75,13.55,16.1,34.0,74.0,0.4182187084960937,True,CALL,2026-02-13,TXN
TXN260213C00210000,210.0,10.55,10.45,11.95,18.0,129.0,0.38013315185546875,True,CALL,2026-02-13,TXN
TXN260213C00215000,215.0,7.2,7.15,8.4,99.0,83.0,0.3557193334960937,True,CALL,2026-02-13,TXN
TXN260213C00220000,220.0,5.35,5.1,5.45,26.0,184.0,0.3343572424316406,False,CALL,2026-02-13,TXN
TXN260213C00225000,225.0,3.25,2.51,3.45,9.0,59.0,0.3306951696777344,False,CALL,2026-02-13,TXN
TXN260213C00230000,230.0,1.5,1.36,2.1,5.0,46.0,0.33130551513671874,False,CALL,2026-02-13,TXN
TXN260213C00235000,235.0,0.95,0.69,1.24,1.0,4.0,0.33447931152343746,False,CALL,2026-02-13,TXN
TXN260213C00240000,240.0,0.45,0.29,0.64,5.0,4.0,0.3293524096679687,False,CALL,2026-02-13,TXN
TXN260213C00245000,245.0,0.35,0.01,0.73,2.0,2.0,0.3942931665039063,False,CALL,2026-02-13,TXN
TXN260213C00250000,250.0,0.25,0.0,0.86,2.0,3.0,0.4631401342773438,False,CALL,2026-02-13,TXN
TXN260213C00255000,255.0,0.15,0.0,0.19,2.0,1.0,0.3803772900390625,False,CALL,2026-02-13,TXN
TXN260213P00155000,155.0,0.02,0.01,0.25,10.0,17.0,0.7382838671874999,False,PUT,2026-02-13,TXN
TXN260213P00160000,160.0,0.4,0.01,1.6,1.0,29.0,0.9223640576171875,False,PUT,2026-02-13,TXN
TXN260213P00165000,165.0,0.06,0.0,0.12,5.0,36.0,0.5585981640625001,False,PUT,2026-02-13,TXN
TXN260213P00170000,170.0,0.07,0.0,0.27,6.0,136.0,0.5634809277343751,False,PUT,2026-02-13,TXN
TXN260213P00175000,175.0,0.19,0.08,0.17,21.0,32.0,0.5009815527343751,False,PUT,2026-02-13,TXN
TXN260213P00180000,180.0,0.19,0.0,0.39,10.0,714.0,0.5395553857421876,False,PUT,2026-02-13,TXN
TXN260213P00185000,185.0,0.16,0.14,0.27,3.0,329.0,0.44434149414062496,False,PUT,2026-02-13,TXN
TXN260213P00190000,190.0,0.97,0.19,0.57,16.0,15.0,0.44873598144531246,False,PUT,2026-02-13,TXN
TXN260213P00195000,195.0,0.9,0.3,0.85,42.0,37.0,0.42310147216796873,False,PUT,2026-02-13,TXN
TXN260213P00200000,200.0,1.14,0.78,1.13,14.0,22.0,0.3830628100585937,False,PUT,2026-02-13,TXN
TXN260213P00205000,205.0,1.43,1.31,1.56,50.0,104.0,0.34448897705078124,False,PUT,2026-02-13,TXN
TXN260213P00210000,210.0,2.65,2.29,2.65,11.0,44.0,0.334967587890625,False,PUT,2026-02-13,TXN
TXN260213P00225000,225.0,15.45,8.8,10.35,4.0,3.0,0.35999175170898434,True,PUT,2026-02-13,TXN
TXN260213P00230000,230.0,19.8,12.4,14.8,7.0,3.0,0.4172421557617187,True,PUT,2026-02-13,TXN
TXN260220C00155000,155.0,56.3,63.1,66.2,75.0,275.0,0.8813488427734374,True,CALL,2026-02-20,TXN
TXN260220C00160000,160.0,57.96,58.1,61.25,2.0,1513.0,0.8183611914062499,True,CALL,2026-02-20,TXN
TXN260220C00165000,165.0,52.94,53.1,56.25,2.0,2806.0,0.7524438818359375,True,CALL,2026-02-20,TXN
TXN260220C00170000,170.0,45.95,48.1,51.1,2.0,756.0,0.6762727685546877,True,CALL,2026-02-20,TXN
TXN260220C00175000,175.0,41.02,43.1,46.4,56.0,610.0,0.6345251391601563,True,CALL,2026-02-20,TXN
TXN260220C00180000,180.0,39.45,38.8,41.15,10.0,2910.0,0.5983926879882813,True,CALL,2026-02-20,TXN
TXN260220C00182500,182.5,36.5,35.7,38.85,90.0,21.0,0.5427291821289064,True,CALL,2026-02-20,TXN
TXN260220C00185000,185.0,34.45,33.15,36.35,40.0,835.0,0.5085498364257812,True,CALL,2026-02-20,TXN
TXN260220C00187500,187.5,31.45,30.6,33.2,50.0,42.0,0.570316796875,True,CALL,2026-02-20,TXN
TXN260220C00190000,190.0,29.71,28.1,30.7,44.0,3841.0,0.5356491748046875,True,CALL,2026-02-20,TXN
TXN260220C00192500,192.5,22.5,25.6,28.05,16.0,26.0,0.488408436279297,True,CALL,2026-02-20,TXN
TXN260220C00195000,195.0,24.9,23.7,25.75,213.0,4477.0,0.46973186523437505,True,CALL,2026-02-20,TXN
TXN260220C00197500,197.5,22.32,20.9,23.4,34.0,200.0,0.44556218505859374,True,CALL,2026-02-20,TXN
TXN260220C00200000,200.0,19.4,19.25,20.9,862.0,1641.0,0.40955180297851557,True,CALL,2026-02-20,TXN
TXN260220C00202500,202.5,19.75,16.35,19.0,1.0,8.0,0.41174904663085937,True,CALL,2026-02-20,TXN
TXN260220C00205000,205.0,15.4,14.75,16.55,6.0,585.0,0.3761048718261719,True,CALL,2026-02-20,TXN
TXN260220C00207500,207.5,12.45,13.1,14.6,47.0,131.0,0.367193828125,True,CALL,2026-02-20,TXN
TXN260220C00210000,210.0,12.2,11.35,12.7,58.0,6327.0,0.3562076098632812,True,CALL,2026-02-20,TXN
TXN260220C00212500,212.5,9.43,9.7,10.9,4.0,556.0,0.3454655297851562,True,CALL,2026-02-20,TXN
TXN260220C00215000,215.0,8.36,8.9,9.2,56.0,5866.0,0.3343572424316406,True,CALL,2026-02-20,TXN
TXN260220C00220000,220.0,6.28,6.15,6.4,6836.0,7555.0,0.32233343688964833,False,CALL,2026-02-20,TXN
TXN260220C00225000,225.0,4.15,4.0,4.2,103.0,1948.0,0.3122627368164062,False,CALL,2026-02-20,TXN
TXN260220C00230000,230.0,2.33,2.43,2.78,102.0,2191.0,0.31464308410644526,False,CALL,2026-02-20,TXN
TXN260220C00235000,235.0,1.55,1.38,1.77,25.0,62.0,0.31629101684570304,False,CALL,2026-02-20,TXN
TXN260220C00240000,240.0,0.85,0.69,1.3,12.0,350.0,0.3354558642578125,False,CALL,2026-02-20,TXN
TXN260220C00245000,245.0,0.59,0.47,0.63,79.0,129.0,0.317389638671875,False,CALL,2026-02-20,TXN
TXN260220C00250000,250.0,0.39,0.28,0.56,4.0,49.0,0.3493717407226562,False,CALL,2026-02-20,TXN
TXN260220C00255000,255.0,0.12,0.0,1.01,4.0,4.0,0.44482977050781247,False,CALL,2026-02-20,TXN
TXN260220C00260000,260.0,0.2,0.0,0.41,1.0,9.0,0.40015248291015626,False,CALL,2026-02-20,TXN
TXN260220C00270000,270.0,0.19,0.0,1.0,2.0,14.0,0.5607954077148438,False,CALL,2026-02-20,TXN
TXN260220C00280000,280.0,0.14,0.0,0.76,3.0,7.0,0.5249070947265625,False,CALL,2026-02-20,TXN
TXN260220P00155000,155.0,0.08,0.0,0.55,18.0,890.0,0.6875031250000001,False,PUT,2026-02-20,TXN
TXN260220P00160000,160.0,0.08,0.05,0.12,6.0,1224.0,0.5351608984375,False,PUT,2026-02-20,TXN
TXN260220P00165000,165.0,0.1,0.09,0.15,6.0,3401.0,0.5097705273437501,False,PUT,2026-02-20,TXN
TXN260220P00167500,167.5,0.21,0.05,0.51,1.0,7.0,0.5532271240234375,False,PUT,2026-02-20,TXN
TXN260220P00170000,170.0,0.15,0.1,0.38,8.0,1130.0,0.5136767382812499,False,PUT,2026-02-20,TXN
TXN260220P00172500,172.5,0.23,0.0,0.52,173.0,1361.0,0.56055126953125,False,PUT,2026-02-20,TXN
TXN260220P00175000,175.0,0.23,0.07,0.23,58.0,948.0,0.45898978515625005,False,PUT,2026-02-20,TXN
TXN260220P00177500,177.5,0.33,0.0,0.75,77.0,144.0,0.5451705639648439,False,PUT,2026-02-20,TXN
TXN260220P00180000,180.0,0.27,0.18,0.45,41.0,1551.0,0.46289599609375004,False,PUT,2026-02-20,TXN
TXN260220P00182500,182.5,0.65,0.06,0.8,30.0,103.0,0.4936574072265626,False,PUT,2026-02-20,TXN
TXN260220P00185000,185.0,0.44,0.21,0.64,11.0,520.0,0.4409235595703125,False,PUT,2026-02-20,TXN
TXN260220P00187500,187.5,0.81,0.42,0.96,16.0,7.0,0.45532771240234376,False,PUT,2026-02-20,TXN
TXN260220P00190000,190.0,0.62,0.42,0.83,34.0,1168.0,0.4094297338867187,False,PUT,2026-02-20,TXN
TXN260220P00192500,192.5,0.9,0.64,0.93,14.0,22.0,0.39160764648437496,False,PUT,2026-02-20,TXN
TXN260220P00195000,195.0,1.02,0.8,1.2,7.0,267.0,0.38892212646484375,False,PUT,2026-02-20,TXN
TXN260220P00197500,197.5,1.66,0.95,1.6,2.0,113.0,0.3918517846679687,False,PUT,2026-02-20,TXN
TXN260220P00200000,200.0,1.51,1.15,1.75,122.0,221.0,0.3698793481445312,False,PUT,2026-02-20,TXN
TXN260220P00205000,205.0,2.0,1.92,2.08,111.0,28.0,0.32227240234374993,False,PUT,2026-02-20,TXN
TXN260220P00210000,210.0,3.39,3.05,3.25,544.0,334.0,0.3117744604492187,False,PUT,2026-02-20,TXN
TXN260220P00220000,220.0,7.25,6.85,7.15,47.0,122.0,0.29273168212890616,True,PUT,2026-02-20,TXN
TXN260220P00240000,240.0,28.96,21.45,23.9,8.0,11.0,0.42090422851562503,True,PUT,2026-02-20,TXN
TXN260227C00155000,155.0,32.5,63.15,67.1,,1.0,0.8403336279296875,True,CALL,2026-02-27,TXN
TXN260227C00165000,165.0,31.5,53.15,57.1,,1.0,0.7165555688476561,True,CALL,2026-02-27,TXN
TXN260227C00170000,170.0,40.73,48.15,51.9,4.0,3.0,0.6450230810546875,True,CALL,2026-02-27,TXN
TXN260227C00175000,175.0,35.77,43.1,46.5,4.0,7.0,0.561527822265625,True,CALL,2026-02-27,TXN
TXN260227C00180000,180.0,32.95,38.1,41.75,1.0,52.0,0.5188036401367188,True,CALL,2026-02-27,TXN
TXN260227C00185000,185.0,31.88,33.15,35.5,1.0,13.0,0.5136767382812499,True,CALL,2026-02-27,TXN
TXN260227C00190000,190.0,19.0,28.25,30.9,2.0,26.0,0.48352567260742196,True,CALL,2026-02-27,TXN
TXN260227C00195000,195.0,25.1,23.65,26.2,16.0,60.0,0.4408014904785156,True,CALL,2026-02-27,TXN
TXN260227C00200000,200.0,18.48,19.25,21.75,3.0,58.0,0.40796490478515623,True,CALL,2026-02-27,TXN
TXN260227C00205000,205.0,15.6,15.95,17.65,2.0,390.0,0.38471074279785156,True,CALL,2026-02-27,TXN
TXN260227C00210000,210.0,13.05,12.45,13.8,7.0,135.0,0.36096830444335937,True,CALL,2026-02-27,TXN
TXN260227C00215000,215.0,10.18,9.35,10.55,8.0,165.0,0.3481510498046875,True,CALL,2026-02-27,TXN
TXN260227C00220000,220.0,6.0,6.65,7.95,9.0,585.0,0.3442448388671875,False,CALL,2026-02-27,TXN
TXN260227C00225000,225.0,5.0,4.55,5.6,18.0,87.0,0.33185482604980465,False,CALL,2026-02-27,TXN
TXN260227C00230000,230.0,1.75,3.0,3.85,3.0,4.0,0.3252630950927734,False,CALL,2026-02-27,TXN
TXN260227C00235000,235.0,1.85,1.92,2.59,3.0,8.0,0.3221503332519531,False,CALL,2026-02-27,TXN
TXN260227P00155000,155.0,1.12,0.0,2.28,,9.0,0.7858908129882812,False,PUT,2026-02-27,TXN
TXN260227P00160000,160.0,0.9,0.0,1.5,1.0,21.0,0.6638217211914064,False,PUT,2026-02-27,TXN
TXN260227P00165000,165.0,0.3,0.0,0.38,10.0,141.0,0.5346726220703125,False,PUT,2026-02-27,TXN
TXN260227P00170000,170.0,0.37,0.0,1.24,5.0,135.0,0.534184345703125,False,PUT,2026-02-27,TXN
TXN260227P00175000,175.0,0.97,0.1,0.93,4.0,67.0,0.5283250292968751,False,PUT,2026-02-27,TXN
TXN260227P00180000,180.0,0.9,0.32,0.83,10.0,4.0,0.4621635815429688,False,PUT,2026-02-27,TXN
TXN260227P00185000,185.0,0.72,0.52,1.0,2.0,6.0,0.4294490649414063,False,PUT,2026-02-27,TXN
TXN260227P00190000,190.0,1.55,0.77,1.55,103.0,101.0,0.4260311303710938,False,PUT,2026-02-27,TXN
TXN260227P00210000,210.0,4.4,3.95,4.25,12.0,91.0,0.31873239868164055,False,PUT,2026-02-27,TXN
TXN260306C00195000,195.0,23.51,24.1,27.6,11.0,21.0,0.4722953161621094,True,CALL,2026-03-06,TXN
TXN260306C00220000,220.0,6.95,7.6,8.9,6.0,35.0,0.34418380432128903,False,CALL,2026-03-06,TXN
TXN260306P00165000,165.0,0.79,0.0,1.75,5.0,39.0,0.5668988623046876,False,PUT,2026-03-06,TXN
TXN260306P00170000,170.0,0.43,0.1,1.52,3.0,11.0,0.508793974609375,False,PUT,2026-03-06,TXN
TXN260306P00180000,180.0,0.91,0.39,1.62,9.0,8.0,0.4936574072265626,False,PUT,2026-03-06,TXN
TXN260306P00185000,185.0,5.74,0.57,1.98,4.0,4.0,0.46851117431640626,False,PUT,2026-03-06,TXN
TXN260306P00195000,195.0,2.12,1.59,2.71,3.0,7.0,0.40332627929687503,False,PUT,2026-03-06,TXN
TXN260320C00155000,155.0,42.85,63.1,66.4,6.0,474.0,0.603763728027344,True,CALL,2026-03-20,TXN
TXN260320C00160000,160.0,50.87,58.1,61.45,1.0,5277.0,0.56055126953125,True,CALL,2026-03-20,TXN
TXN260320C00165000,165.0,50.0,53.15,55.7,6.0,229.0,0.597782342529297,True,CALL,2026-03-20,TXN
TXN260320C00170000,170.0,48.9,49.25,50.95,7.0,465.0,0.5012256909179689,True,CALL,2026-03-20,TXN
TXN260320C00175000,175.0,42.0,43.7,46.05,67.0,343.0,0.524418818359375,True,CALL,2026-03-20,TXN
TXN260320C00180000,180.0,37.51,39.6,41.45,3.0,1300.0,0.4995167236328125,True,CALL,2026-03-20,TXN
TXN260320C00185000,185.0,35.17,34.85,36.7,44.0,630.0,0.4631401342773438,True,CALL,2026-03-20,TXN
TXN260320C00190000,190.0,30.75,30.3,32.2,46.0,1188.0,0.43695631408691404,True,CALL,2026-03-20,TXN
TXN260320C00195000,195.0,26.02,25.5,27.85,11.0,697.0,0.41309180664062495,True,CALL,2026-03-20,TXN
TXN260320C00200000,200.0,22.52,22.0,23.65,24.0,1770.0,0.3898986791992188,True,CALL,2026-03-20,TXN
TXN260320C00210000,210.0,15.9,15.75,15.95,1026.0,2985.0,0.34833415344238283,True,CALL,2026-03-20,TXN
TXN260320C00220000,220.0,10.2,10.05,10.35,87.0,2465.0,0.33765310791015624,False,CALL,2026-03-20,TXN
TXN260320C00230000,230.0,5.6,5.75,6.25,95.0,1198.0,0.3298406860351562,False,CALL,2026-03-20,TXN
TXN260320C00240000,240.0,3.3,3.2,3.4,6096.0,536.0,0.3198310205078124,False,CALL,2026-03-20,TXN
TXN260320C00250000,250.0,1.74,1.6,1.94,38.0,539.0,0.32556826782226556,False,CALL,2026-03-20,TXN
TXN260320C00260000,260.0,0.85,0.81,1.27,8.0,433.0,0.34497725341796875,False,CALL,2026-03-20,TXN
TXN260320C00270000,270.0,0.5,0.27,0.87,30.0,222.0,0.36499658447265626,False,CALL,2026-03-20,TXN
TXN260320C00280000,280.0,0.34,0.13,0.5,6.0,22.0,0.3698793481445312,False,CALL,2026-03-20,TXN
TXN260320P00155000,155.0,0.46,0.24,0.5,57.0,853.0,0.5109912182617188,False,PUT,2026-03-20,TXN
TXN260320P00160000,160.0,0.52,0.35,0.64,15.0,5799.0,0.4931691308593751,False,PUT,2026-03-20,TXN
TXN260320P00165000,165.0,0.55,0.29,0.67,13.0,475.0,0.45654840332031255,False,PUT,2026-03-20,TXN
TXN260320P00170000,170.0,0.69,0.52,0.85,17.0,1188.0,0.4379939013671875,False,PUT,2026-03-20,TXN
TXN260320P00175000,175.0,0.88,0.78,0.88,32.0,1251.0,0.40015248291015626,False,PUT,2026-03-20,TXN
TXN260320P00180000,180.0,1.15,0.95,1.38,14.0,1323.0,0.4023497265625,False,PUT,2026-03-20,TXN
TXN260320P00185000,185.0,1.56,1.4,1.69,30.0,3641.0,0.3803772900390625,False,PUT,2026-03-20,TXN
TXN260320P00190000,190.0,2.05,1.73,2.14,110.0,400.0,0.36206692626953124,False,PUT,2026-03-20,TXN
TXN260320P00195000,195.0,2.55,2.4,2.66,72.0,346.0,0.34113207702636716,False,PUT,2026-03-20,TXN
TXN260320P00200000,200.0,3.7,3.25,3.7,107.0,276.0,0.33612724426269536,False,PUT,2026-03-20,TXN
TXN260320P00210000,210.0,6.7,5.9,6.85,123.0,128.0,0.33197689514160156,False,PUT,2026-03-20,TXN
TXN260320P00220000,220.0,10.25,10.1,10.4,69.0,400.0,0.29633272033691405,True,PUT,2026-03-20,TXN
TXN260320P00250000,250.0,32.93,31.85,34.2,3.0,22.0,0.36804831176757813,True,PUT,2026-03-20,TXN
TXN260320P00280000,280.0,91.65,73.55,74.5,,0.0,0.9544071942138672,True,PUT,2026-03-20,TXN
TXN260417C00155000,155.0,61.57,63.6,66.35,2.0,122.0,0.5051319018554687,True,CALL,2026-04-17,TXN
TXN260417C00160000,160.0,60.5,58.8,61.5,1.0,224.0,0.5698285205078125,True,CALL,2026-04-17,TXN
TXN260417C00165000,165.0,35.25,54.0,56.75,39.0,1169.0,0.5407760766601564,True,CALL,2026-04-17,TXN
TXN260417C00170000,170.0,50.6,49.35,52.5,27.0,355.0,0.5347946911621093,True,CALL,2026-04-17,TXN
TXN260417C00175000,175.0,45.7,45.25,47.25,33.0,427.0,0.4798025653076171,True,CALL,2026-04-17,TXN
TXN260417C00180000,180.0,40.95,40.55,42.7,32.0,393.0,0.4562432305908204,True,CALL,2026-04-17,TXN
TXN260417C00185000,185.0,36.55,35.7,38.05,10.0,313.0,0.4265194067382813,True,CALL,2026-04-17,TXN
TXN260417C00190000,190.0,32.25,31.9,33.95,9.0,1134.0,0.41449560119628903,True,CALL,2026-04-17,TXN
TXN260417C00195000,195.0,27.17,27.55,29.85,9.0,578.0,0.39765006652832036,True,CALL,2026-04-17,TXN
TXN260417C00200000,200.0,24.91,24.35,25.95,94.0,441.0,0.38245246459960935,True,CALL,2026-04-17,TXN
TXN260417C00210000,210.0,18.26,17.45,18.95,24.0,441.0,0.358404853515625,True,CALL,2026-04-17,TXN
TXN260417C00220000,220.0,11.88,12.0,13.1,23.0,1429.0,0.3390569024658203,False,CALL,2026-04-17,TXN
TXN260417C00230000,230.0,8.1,8.15,8.75,69.0,468.0,0.32947447875976554,False,CALL,2026-04-17,TXN
TXN260417C00240000,240.0,5.44,4.95,5.6,41.0,325.0,0.32306585144042954,False,CALL,2026-04-17,TXN
TXN260417C00250000,250.0,3.35,3.0,3.7,69.0,210.0,0.3275213732910156,False,CALL,2026-04-17,TXN
TXN260417C00260000,260.0,1.61,1.7,2.2,17.0,18.0,0.3228827478027343,False,CALL,2026-04-17,TXN
TXN260417C00270000,270.0,1.2,1.21,1.42,509.0,103.0,0.3288641333007812,False,CALL,2026-04-17,TXN
TXN260417C00280000,280.0,0.52,0.65,1.08,20.0,15.0,0.3469303588867187,False,CALL,2026-04-17,TXN
TXN260417P00155000,155.0,0.56,0.53,0.93,19.0,336.0,0.4633842724609375,False,PUT,2026-04-17,TXN
TXN260417P00160000,160.0,0.79,0.77,1.18,1.0,548.0,0.45117736328125,False,PUT,2026-04-17,TXN
TXN260417P00165000,165.0,0.97,0.94,1.13,1.0,855.0,0.41089456298828125,False,PUT,2026-04-17,TXN
TXN260417P00170000,170.0,1.29,1.13,1.35,23.0,1001.0,0.39234006103515623,False,PUT,2026-04-17,TXN
TXN260417P00175000,175.0,1.63,1.42,1.63,38.0,542.0,0.37476211181640623,False,PUT,2026-04-17,TXN
TXN260417P00180000,180.0,2.04,1.75,2.16,73.0,303.0,0.3675600354003906,False,PUT,2026-04-17,TXN
TXN260417P00185000,185.0,2.6,2.25,2.76,99.0,1076.0,0.35742830078125,False,PUT,2026-04-17,TXN
TXN260417P00190000,190.0,3.3,3.1,3.5,135.0,1071.0,0.3473576007080078,False,PUT,2026-04-17,TXN
TXN260417P00195000,195.0,4.25,4.0,4.65,7.0,1117.0,0.34564863342285157,False,PUT,2026-04-17,TXN
TXN260417P00200000,200.0,5.9,4.85,5.95,18.0,120.0,0.3409489733886719,False,PUT,2026-04-17,TXN
TXN260417P00210000,210.0,8.65,7.95,8.75,30.0,143.0,0.31677929321289056,False,PUT,2026-04-17,TXN
TXN260417P00220000,220.0,13.05,12.25,13.0,33.0,22.0,0.3021920367431641,True,PUT,2026-04-17,TXN
TXN260417P00230000,230.0,21.84,17.8,20.25,1.0,2.0,0.3321599987792969,True,PUT,2026-04-17,TXN
TXN260515C00155000,155.0,58.55,64.95,67.1,2.0,62.0,0.501103621826172,True,CALL,2026-05-15,TXN
TXN260515C00160000,160.0,54.2,59.95,62.5,2.0,90.0,0.5366257275390626,True,CALL,2026-05-15,TXN
TXN260515C00165000,165.0,51.1,55.75,58.05,7.0,52.0,0.5205126074218749,True,CALL,2026-05-15,TXN
TXN260515C00170000,170.0,46.85,50.7,53.05,38.0,255.0,0.48120635986328125,True,CALL,2026-05-15,TXN
TXN260515C00175000,175.0,42.75,46.7,48.6,34.0,72.0,0.46234668518066413,True,CALL,2026-05-15,TXN
TXN260515C00180000,180.0,38.7,42.15,44.3,56.0,418.0,0.446294599609375,True,CALL,2026-05-15,TXN
TXN260515C00185000,185.0,32.91,38.25,40.7,131.0,100.0,0.44836977416992185,True,CALL,2026-05-15,TXN
TXN260515C00190000,190.0,32.4,33.45,35.95,5.0,1211.0,0.41345801391601555,True,CALL,2026-05-15,TXN
TXN260515C00195000,195.0,31.49,30.25,32.15,15.0,79.0,0.40259386474609377,True,CALL,2026-05-15,TXN
TXN260515C00200000,200.0,27.47,27.0,28.5,6.0,217.0,0.39160764648437496,True,CALL,2026-05-15,TXN
TXN260515C00210000,210.0,21.18,20.45,21.9,23.0,551.0,0.373480386352539,True,CALL,2026-05-15,TXN
TXN260515C00220000,220.0,15.3,14.95,16.3,10.0,531.0,0.3591983026123047,False,CALL,2026-05-15,TXN
TXN260515C00230000,230.0,11.2,11.05,11.8,71.0,302.0,0.34918863708496095,False,CALL,2026-05-15,TXN
TXN260515C00240000,240.0,8.0,7.75,8.45,139.0,743.0,0.3450993225097656,False,CALL,2026-05-15,TXN
TXN260515C00250000,250.0,5.78,5.25,5.9,313.0,21.0,0.34158983612060545,False,CALL,2026-05-15,TXN
TXN260515C00260000,260.0,3.6,3.45,4.3,19.0,22.0,0.3469913934326171,False,CALL,2026-05-15,TXN
TXN260515C00280000,280.0,1.41,1.5,2.42,42.0,20.0,0.36365382446289063,False,CALL,2026-05-15,TXN
TXN260515P00155000,155.0,1.29,1.18,1.49,2.0,355.0,0.4426325268554688,False,PUT,2026-05-15,TXN
TXN260515P00160000,160.0,1.43,1.46,1.77,1.0,495.0,0.4276180285644532,False,PUT,2026-05-15,TXN
TXN260515P00165000,165.0,2.05,1.81,2.23,27.0,124.0,0.4198056066894531,False,PUT,2026-05-15,TXN
TXN260515P00170000,170.0,2.4,2.14,2.6,1.0,83.0,0.4035704174804688,False,PUT,2026-05-15,TXN
TXN260515P00175000,175.0,2.96,2.58,3.45,25.0,107.0,0.40454697021484376,False,PUT,2026-05-15,TXN
TXN260515P00180000,180.0,3.65,3.4,3.95,2.0,309.0,0.3867859173583984,False,PUT,2026-05-15,TXN
TXN260515P00185000,185.0,4.46,4.2,4.75,50.0,112.0,0.3764710791015625,False,PUT,2026-05-15,TXN
TXN260515P00190000,190.0,5.65,5.2,5.7,55.0,172.0,0.3665834826660156,False,PUT,2026-05-15,TXN
TXN260515P00195000,195.0,6.85,6.4,6.95,49.0,66.0,0.36072416625976556,False,PUT,2026-05-15,TXN
TXN260515P00200000,200.0,8.25,7.85,8.85,5.0,173.0,0.3660952062988281,False,PUT,2026-05-15,TXN
TXN260515P00210000,210.0,12.47,11.15,12.45,10.0,93.0,0.35480381530761707,False,PUT,2026-05-15,TXN
TXN260515P00220000,220.0,16.65,15.75,16.55,13.0,31.0,0.33493707061767575,True,PUT,2026-05-15,TXN
TXN260515P00240000,240.0,63.9,64.05,68.05,,4.0,1.1220136672973635,True,PUT,2026-05-15,TXN
TXN260618C00155000,155.0,40.75,65.0,67.65,5.0,105.0,0.5080615600585938,True,CALL,2026-06-18,TXN
TXN260618C00160000,160.0,55.25,60.9,63.25,2.0,68.0,0.49561051269531253,True,CALL,2026-06-18,TXN
TXN260618C00165000,165.0,53.27,56.4,58.85,6.0,74.0,0.4808401525878906,True,CALL,2026-06-18,TXN
TXN260618C00170000,170.0,45.72,51.95,54.3,21.0,333.0,0.4594780615234375,True,CALL,2026-06-18,TXN
TXN260618C00175000,175.0,45.22,47.65,49.6,1.0,403.0,0.4327449304199219,True,CALL,2026-06-18,TXN
TXN260618C00180000,180.0,43.0,43.5,45.45,5.0,190.0,0.4205380212402344,True,CALL,2026-06-18,TXN
TXN260618C00185000,185.0,39.9,39.75,41.45,1.0,219.0,0.40955180297851557,True,CALL,2026-06-18,TXN
TXN260618C00190000,190.0,36.15,35.85,37.6,29.0,439.0,0.39942006835937505,True,CALL,2026-06-18,TXN
TXN260618C00195000,195.0,30.29,32.05,33.9,1.0,310.0,0.389654541015625,True,CALL,2026-06-18,TXN
TXN260618C00200000,200.0,29.82,28.75,30.4,17.0,655.0,0.38104867004394527,True,CALL,2026-06-18,TXN
TXN260618C00210000,210.0,23.12,22.7,24.1,937.0,6004.0,0.367743139038086,True,CALL,2026-06-18,TXN
TXN260618C00220000,220.0,17.9,17.95,18.55,183.0,4400.0,0.3544986425781249,False,CALL,2026-06-18,TXN
TXN260618C00230000,230.0,13.93,12.9,14.35,20.0,4842.0,0.3517520880126953,False,CALL,2026-06-18,TXN
TXN260618C00240000,240.0,10.05,9.55,10.6,7.0,4748.0,0.3430546652221679,False,CALL,2026-06-18,TXN
TXN260618C00250000,250.0,7.45,7.4,7.4,25.0,442.0,0.330512066040039,False,CALL,2026-06-18,TXN
TXN260618C00260000,260.0,5.6,5.05,5.75,298.0,5678.0,0.338324487915039,False,CALL,2026-06-18,TXN
TXN260618C00270000,270.0,3.45,3.3,4.2,7.0,631.0,0.3380803497314453,False,CALL,2026-06-18,TXN
TXN260618C00280000,280.0,2.99,2.68,3.05,785.0,1098.0,0.33838552246093745,False,CALL,2026-06-18,TXN
TXN260618P00155000,155.0,4.58,1.55,2.16,2.0,348.0,0.4233456103515625,False,PUT,2026-06-18,TXN
TXN260618P00160000,160.0,2.26,1.75,2.51,24.0,567.0,0.4092466302490234,False,PUT,2026-06-18,TXN
TXN260618P00165000,165.0,2.56,2.15,2.97,1.0,1311.0,0.39771110107421875,False,PUT,2026-06-18,TXN
TXN260618P00170000,170.0,3.3,3.15,3.5,232.0,959.0,0.386175571899414,False,PUT,2026-06-18,TXN
TXN260618P00175000,175.0,4.13,3.85,4.3,14.0,929.0,0.38086556640624997,False,PUT,2026-06-18,TXN
TXN260618P00180000,180.0,4.85,4.65,5.05,77.0,699.0,0.3702455554199219,False,PUT,2026-06-18,TXN
TXN260618P00185000,185.0,6.08,5.6,6.4,5.0,1939.0,0.372625902709961,False,PUT,2026-06-18,TXN
TXN260618P00190000,190.0,7.26,6.55,7.45,16.0,252.0,0.36273830627441406,False,PUT,2026-06-18,TXN
TXN260618P00195000,195.0,8.23,8.0,8.85,8.0,227.0,0.35761140441894534,False,PUT,2026-06-18,TXN
TXN260618P00200000,200.0,10.89,9.3,9.85,4.0,985.0,0.3402165588378906,False,PUT,2026-06-18,TXN
TXN260618P00210000,210.0,13.85,13.05,14.45,4.0,2099.0,0.34766277343749996,False,PUT,2026-06-18,TXN
TXN260618P00220000,220.0,18.55,17.75,18.55,129.0,2055.0,0.32877258148193356,True,PUT,2026-06-18,TXN
TXN260618P00230000,230.0,23.8,22.85,24.95,91.0,505.0,0.3370122451782227,True,PUT,2026-06-18,TXN
TXN260618P00240000,240.0,30.7,29.4,31.45,10.0,15.0,0.33246517150878907,True,PUT,2026-06-18,TXN
TXN260618P00250000,250.0,62.69,47.85,49.1,,1.0,0.5232896792602538,True,PUT,2026-06-18,TXN
TXN260717C00160000,160.0,54.35,60.7,64.15,2.0,6.0,0.4802908416748046,True,CALL,2026-07-17,TXN
TXN260717C00165000,165.0,47.86,56.45,59.8,1.0,10.0,0.4660697924804688,True,CALL,2026-07-17,TXN
TXN260717C00170000,170.0,45.75,52.05,55.35,4.0,4.0,0.44751529052734373,True,CALL,2026-07-17,TXN
TXN260717C00175000,175.0,45.45,48.75,51.35,6.0,4.0,0.43921459228515625,True,CALL,2026-07-17,TXN
TXN260717C00180000,180.0,41.48,44.0,47.25,6.0,8.0,0.4260921649169922,True,CALL,2026-07-17,TXN
TXN260717C00185000,185.0,37.9,40.95,43.05,7.0,64.0,0.4088499057006836,True,CALL,2026-07-17,TXN
TXN260717C00190000,190.0,34.1,36.5,39.15,10.0,36.0,0.39633782379150395,True,CALL,2026-07-17,TXN
TXN260717C00195000,195.0,33.45,33.7,35.5,5.0,163.0,0.38660281372070304,True,CALL,2026-07-17,TXN
TXN260717C00200000,200.0,29.35,30.3,32.1,1.0,394.0,0.37909556457519533,True,CALL,2026-07-17,TXN
TXN260717C00210000,210.0,22.1,24.45,26.35,26.0,549.0,0.3742738354492187,True,CALL,2026-07-17,TXN
TXN260717C00220000,220.0,19.55,19.4,20.55,8.0,429.0,0.35657381713867187,False,CALL,2026-07-17,TXN
TXN260717C00230000,230.0,15.35,14.8,16.15,7.0,335.0,0.35074501800537106,False,CALL,2026-07-17,TXN
TXN260717C00240000,240.0,11.55,11.3,12.35,26.0,114.0,0.343207251586914,False,CALL,2026-07-17,TXN
TXN260717C00250000,250.0,9.2,8.55,9.35,6.0,350.0,0.3382634533691406,False,CALL,2026-07-17,TXN
TXN260717C00260000,260.0,7.0,6.45,7.1,1.0,307.0,0.33667655517578127,False,CALL,2026-07-17,TXN
TXN260717P00155000,155.0,5.2,1.63,2.58,75.0,78.0,0.4046080047607422,False,PUT,2026-07-17,TXN
TXN260717P00160000,160.0,2.79,2.35,3.3,1.0,98.0,0.40405869384765625,False,PUT,2026-07-17,TXN
TXN260717P00165000,165.0,6.95,2.3,4.25,4.0,185.0,0.4066221447753906,False,PUT,2026-07-17,TXN
TXN260717P00170000,170.0,3.93,3.5,4.6,9.0,1387.0,0.3864807446289062,False,PUT,2026-07-17,TXN
TXN260717P00175000,175.0,4.85,4.45,5.1,14.0,54.0,0.36975727905273437,False,PUT,2026-07-17,TXN
TXN260717P00180000,180.0,5.85,5.35,6.65,54.0,57.0,0.3782105636596679,False,PUT,2026-07-17,TXN
TXN260717P00185000,185.0,6.95,6.4,7.65,7.0,48.0,0.3685976226806641,False,PUT,2026-07-17,TXN
TXN260717P00190000,190.0,8.3,7.6,9.15,2.0,56.0,0.36710227630615233,False,PUT,2026-07-17,TXN
TXN260717P00195000,195.0,10.9,9.0,10.9,13.0,40.0,0.36701072448730465,False,PUT,2026-07-17,TXN
TXN260717P00200000,200.0,11.35,10.55,11.35,9.0,40.0,0.3386296606445312,False,PUT,2026-07-17,TXN
TXN260717P00210000,210.0,16.25,14.3,16.8,15.0,22.0,0.3578250253295898,False,PUT,2026-07-17,TXN
TXN260918C00155000,155.0,61.3,66.65,70.0,5.0,20.0,0.46252978881835943,True,CALL,2026-09-18,TXN
TXN260918C00160000,160.0,57.63,63.05,65.7,25.0,50.0,0.4500787414550781,True,CALL,2026-09-18,TXN
TXN260918C00165000,165.0,53.15,58.2,61.5,2.0,41.0,0.4386652813720704,True,CALL,2026-09-18,TXN
TXN260918C00170000,170.0,49.1,54.15,57.45,8.0,221.0,0.42902182312011716,True,CALL,2026-09-18,TXN
TXN260918C00175000,175.0,45.25,50.2,53.5,15.0,78.0,0.4197750894165039,True,CALL,2026-09-18,TXN
TXN260918C00180000,180.0,48.0,46.45,49.45,1.0,64.0,0.40689680023193364,True,CALL,2026-09-18,TXN
TXN260918C00185000,185.0,25.45,43.0,45.6,2.0,188.0,0.3963073065185547,True,CALL,2026-09-18,TXN
TXN260918C00190000,190.0,37.75,39.4,42.0,17.0,66.0,0.38837281555175784,True,CALL,2026-09-18,TXN
TXN260918C00195000,195.0,37.65,36.7,39.0,1.0,162.0,0.38840333282470707,True,CALL,2026-09-18,TXN
TXN260918C00200000,200.0,31.4,33.5,35.6,6.0,414.0,0.3795533236694336,True,CALL,2026-09-18,TXN
TXN260918C00210000,210.0,29.05,27.9,30.2,8.0,321.0,0.37720349365234374,True,CALL,2026-09-18,TXN
TXN260918C00220000,220.0,20.7,22.8,24.6,12.0,246.0,0.36304347900390627,False,CALL,2026-09-18,TXN
TXN260918C00230000,230.0,18.8,18.55,20.35,3.0,147.0,0.35997649307250973,False,CALL,2026-09-18,TXN
TXN260918C00240000,240.0,15.31,14.6,16.5,4.0,1260.0,0.354376573486328,False,CALL,2026-09-18,TXN
TXN260918C00250000,250.0,12.0,11.1,13.35,1.0,239.0,0.35108070800781244,False,CALL,2026-09-18,TXN
TXN260918C00260000,260.0,7.73,8.95,11.15,3.0,37.0,0.355200539855957,False,CALL,2026-09-18,TXN
TXN260918C00270000,270.0,6.79,6.95,9.35,2.0,216.0,0.3597170962524414,False,CALL,2026-09-18,TXN
TXN260918C00280000,280.0,6.9,6.25,7.35,67.0,71.0,0.35474278076171867,False,CALL,2026-09-18,TXN
TXN260918P00155000,155.0,3.59,3.1,4.4,1.0,176.0,0.40619490295410154,False,PUT,2026-09-18,TXN
TXN260918P00160000,160.0,4.64,3.95,5.2,5.0,284.0,0.4010069665527344,False,PUT,2026-09-18,TXN
TXN260918P00165000,165.0,5.65,4.8,5.95,2.0,175.0,0.3920959228515625,False,PUT,2026-09-18,TXN
TXN260918P00170000,170.0,6.65,5.65,6.9,4.0,149.0,0.38590091644287106,False,PUT,2026-09-18,TXN
TXN260918P00175000,175.0,8.03,6.8,8.05,1.0,337.0,0.38172005004882803,False,PUT,2026-09-18,TXN
TXN260918P00180000,180.0,8.95,7.95,9.65,1.0,136.0,0.38388677642822266,False,PUT,2026-09-18,TXN
TXN260918P00185000,185.0,9.85,9.25,10.8,1.0,237.0,0.3745484909057617,False,PUT,2026-09-18,TXN
TXN260918P00190000,190.0,19.3,10.7,12.45,11.0,92.0,0.37210710906982425,False,PUT,2026-09-18,TXN
TXN260918P00195000,195.0,13.35,12.2,14.3,1.0,40.0,0.37045917633056635,False,PUT,2026-09-18,TXN
TXN260918P00200000,200.0,14.74,13.9,15.15,2.0,3035.0,0.35037881072998034,False,PUT,2026-09-18,TXN
TXN260918P00210000,210.0,20.0,18.05,19.7,412.0,409.0,0.3490055334472656,False,PUT,2026-09-18,TXN
TXN260918P00220000,220.0,26.0,22.8,25.3,3.0,254.0,0.35312536529541017,True,PUT,2026-09-18,TXN
TXN260918P00230000,230.0,53.4,71.0,74.3,1.0,0.0,0.957458921508789,True,PUT,2026-09-18,TXN
TXN260918P00240000,240.0,61.6,80.0,83.2,1.0,1.0,0.988983264465332,True,PUT,2026-09-18,TXN
TXN261218C00155000,155.0,42.5,68.3,72.0,4.0,24.0,0.43567458862304687,True,CALL,2026-12-18,TXN
TXN261218C00160000,160.0,40.77,64.5,67.8,1.0,191.0,0.4242916458129883,True,CALL,2026-12-18,TXN
TXN261218C00165000,165.0,34.83,35.05,0.0,1.0,58.0,1.0000000000000003e-05,True,CALL,2026-12-18,TXN
TXN261218C00170000,170.0,55.2,56.7,60.5,1.0,37.0,0.4178830184936523,True,CALL,2026-12-18,TXN
TXN261218C00175000,175.0,37.22,53.0,56.55,4.0,13.0,0.40704938659667966,True,CALL,2026-12-18,TXN
TXN261218C00180000,180.0,46.7,49.6,52.4,2.0,96.0,0.392034888305664,True,CALL,2026-12-18,TXN
TXN261218C00185000,185.0,44.05,46.1,48.95,19.0,89.0,0.3867554000854492,True,CALL,2026-12-18,TXN
TXN261218C00190000,190.0,44.61,43.7,46.55,3.0,147.0,0.39493402923583987,True,CALL,2026-12-18,TXN
TXN261218C00195000,195.0,41.61,39.8,43.0,2.0,79.0,0.3847412600708008,True,CALL,2026-12-18,TXN
TXN261218C00200000,200.0,35.48,37.45,40.0,39.0,285.0,0.3807129800415039,True,CALL,2026-12-18,TXN
TXN261218C00210000,210.0,32.91,31.9,35.0,15.0,196.0,0.3807129800415039,True,CALL,2026-12-18,TXN
TXN261218C00220000,220.0,28.35,26.75,29.3,3.0,424.0,0.365591671295166,False,CALL,2026-12-18,TXN
TXN261218C00230000,230.0,23.65,22.9,24.9,17.0,149.0,0.3606326144409179,False,CALL,2026-12-18,TXN
TXN261218C00240000,240.0,18.3,18.85,21.95,8.0,85.0,0.36749900085449216,False,CALL,2026-12-18,TXN
TXN261218C00250000,250.0,14.95,15.55,18.65,31.0,155.0,0.36475244628906256,False,CALL,2026-12-18,TXN
TXN261218C00260000,260.0,12.7,12.6,15.4,17.0,125.0,0.35736726623535153,False,CALL,2026-12-18,TXN
TXN261218C00270000,270.0,9.4,10.45,12.85,2.0,375.0,0.3539798489379882,False,CALL,2026-12-18,TXN
TXN261218C00280000,280.0,7.96,8.55,10.9,1.0,21.0,0.35419346984863276,False,CALL,2026-12-18,TXN
TXN261218P00155000,155.0,6.39,4.6,6.75,2.0,251.0,0.40036610382080084,False,PUT,2026-12-18,TXN
TXN261218P00160000,160.0,7.55,5.35,7.5,46.0,391.0,0.3902648864746094,False,PUT,2026-12-18,TXN
TXN261218P00165000,165.0,12.85,5.75,9.05,1.0,249.0,0.39441523559570313,False,PUT,2026-12-18,TXN
TXN261218P00170000,170.0,9.8,7.15,9.8,2.0,70.0,0.38126229095458974,False,PUT,2026-12-18,TXN
TXN261218P00175000,175.0,15.32,8.25,11.4,1.0,228.0,0.38162849822998035,False,PUT,2026-12-18,TXN
TXN261218P00180000,180.0,12.02,10.2,12.0,11.0,230.0,0.36380641082763676,False,PUT,2026-12-18,TXN
TXN261218P00185000,185.0,13.1,12.1,14.1,13.0,40.0,0.3682314154052735,False,PUT,2026-12-18,TXN
TXN261218P00190000,190.0,14.9,13.5,15.85,4.0,45.0,0.36508813629150394,False,PUT,2026-12-18,TXN
TXN261218P00195000,195.0,17.55,15.45,17.7,151.0,140.0,0.36151761535644533,False,PUT,2026-12-18,TXN
TXN261218P00200000,200.0,28.3,17.25,19.75,1.0,34.0,0.35892364715576175,False,PUT,2026-12-18,TXN
TXN261218P00210000,210.0,23.03,21.45,58.1,1.0,40.0,0.5518843640136719,False,PUT,2026-12-18,TXN
TXN261218P00220000,220.0,28.6,26.65,28.55,2.0,68.0,0.3393773338317871,True,PUT,2026-12-18,TXN
TXN261218P00230000,230.0,76.83,0.0,53.4,13.0,24.0,0.5702710209655761,True,PUT,2026-12-18,TXN
TXN261218P00240000,240.0,42.35,37.35,40.5,2.0,53.0,0.3328313787841797,True,PUT,2026-12-18,TXN
TXN261218P00250000,250.0,49.3,44.4,47.2,96.0,37.0,0.32926085784912107,True,PUT,2026-12-18,TXN
TXN261218P00280000,280.0,128.5,105.0,110.0,,1.0,0.7985859985351562,True,PUT,2026-12-18,TXN
TXN270115C00155000,155.0,49.04,69.2,72.85,2.0,122.0,0.434850622253418,True,CALL,2027-01-15,TXN
TXN270115C00160000,160.0,46.27,65.25,68.85,1.0,297.0,0.42664147583007817,True,CALL,2027-01-15,TXN
TXN270115C00165000,165.0,40.8,61.4,65.0,1.0,34.0,0.4198056066894531,True,CALL,2027-01-15,TXN
TXN270115C00170000,170.0,54.0,57.7,60.4,1.0,86.0,0.3992674819946289,True,CALL,2027-01-15,TXN
TXN270115C00175000,175.0,49.65,54.15,56.95,2.0,81.0,0.39679558288574224,True,CALL,2027-01-15,TXN
TXN270115C00180000,180.0,48.28,50.55,54.35,7.0,162.0,0.40515731567382807,True,CALL,2027-01-15,TXN
TXN270115C00185000,185.0,46.81,47.25,49.6,6.0,339.0,0.3803467727661133,True,CALL,2027-01-15,TXN
TXN270115C00190000,190.0,43.83,44.6,47.2,7.0,273.0,0.3877624700927734,True,CALL,2027-01-15,TXN
TXN270115C00195000,195.0,42.09,41.95,44.2,8.0,201.0,0.38495488098144526,True,CALL,2027-01-15,TXN
TXN270115C00200000,200.0,36.29,38.9,41.0,26.0,179.0,0.37802746002197263,True,CALL,2027-01-15,TXN
TXN270115C00210000,210.0,32.0,33.7,35.65,1.0,200.0,0.37317521362304684,True,CALL,2027-01-15,TXN
TXN270115C00220000,220.0,26.8,28.95,31.0,119.0,1003.0,0.37085590087890624,False,CALL,2027-01-15,TXN
TXN270115C00230000,230.0,25.12,24.7,26.25,190.0,1168.0,0.3617464949035644,False,CALL,2027-01-15,TXN
TXN270115C00240000,240.0,21.25,20.95,22.2,24.0,228.0,0.35550571258544916,False,CALL,2027-01-15,TXN
TXN270115C00250000,250.0,18.2,17.4,19.65,12.0,265.0,0.3618685639953613,False,CALL,2027-01-15,TXN
TXN270115C00260000,260.0,14.54,14.6,16.4,2.0,134.0,0.355200539855957,False,CALL,2027-01-15,TXN
TXN270115C00270000,270.0,12.78,12.2,14.2,4.0,604.0,0.3570010589599609,False,CALL,2027-01-15,TXN
TXN270115C00280000,280.0,10.84,9.9,12.1,5.0,160.0,0.3561465753173828,False,CALL,2027-01-15,TXN
TXN270115P00155000,155.0,6.4,5.7,6.95,7.0,209.0,0.38837281555175784,False,PUT,2027-01-15,TXN
TXN270115P00160000,160.0,7.36,6.55,8.0,61.0,378.0,0.3843140182495117,False,PUT,2027-01-15,TXN
TXN270115P00165000,165.0,8.45,6.3,9.15,2.0,490.0,0.3802247036743164,False,PUT,2027-01-15,TXN
TXN270115P00170000,170.0,9.95,8.55,9.9,7.0,191.0,0.36749900085449216,False,PUT,2027-01-15,TXN
TXN270115P00175000,175.0,11.0,9.65,11.6,13.0,459.0,0.36936055450439453,False,PUT,2027-01-15,TXN
TXN270115P00180000,180.0,12.0,10.5,12.4,1.0,224.0,0.3551700225830078,False,PUT,2027-01-15,TXN
TXN270115P00185000,185.0,13.7,12.5,14.7,12.0,190.0,0.3619753744506836,False,PUT,2027-01-15,TXN
TXN270115P00190000,190.0,15.0,13.9,16.4,1.0,60.0,0.35785554260253905,False,PUT,2027-01-15,TXN
TXN270115P00195000,195.0,16.54,15.65,18.5,2.0,47.0,0.3574588180541992,False,PUT,2027-01-15,TXN
TXN270115P00200000,200.0,19.09,17.75,20.3,1.0,118.0,0.3514163980102538,False,PUT,2027-01-15,TXN
TXN270115P00210000,210.0,24.2,22.2,24.9,6.0,112.0,0.3472355316162109,False,PUT,2027-01-15,TXN
TXN270115P00220000,220.0,28.0,26.35,28.1,13.0,222.0,0.32031929687499994,True,PUT,2027-01-15,TXN
TXN270115P00230000,230.0,33.55,32.7,34.6,10.0,30.0,0.32639223419189456,True,PUT,2027-01-15,TXN
TXN270115P00240000,240.0,53.74,38.25,41.35,10.0,38.0,0.3293524096679687,True,PUT,2027-01-15,TXN
TXN270115P00250000,250.0,61.5,44.85,47.8,45.0,39.0,0.32317266189575183,True,PUT,2027-01-15,TXN
TXN270115P00260000,260.0,64.6,74.45,76.25,,0.0,0.5639234281921388,True,PUT,2027-01-15,TXN
TXN270115P00270000,270.0,82.54,67.3,69.15,2.0,0.0,0.40192248474121095,True,PUT,2027-01-15,TXN
TXN270115P00280000,280.0,91.87,75.55,77.25,3.0,0.0,0.40553878158569334,True,PUT,2027-01-15,TXN
TXN270617C00180000,180.0,39.5,54.5,58.6,5.0,21.0,0.39002074829101563,True,CALL,2027-06-17,TXN
TXN270617C00190000,190.0,34.9,48.5,51.5,2.0,1.0,0.3724122817993164,True,CALL,2027-06-17,TXN
TXN270617C00230000,230.0,29.04,28.5,32.45,2.0,16.0,0.36255520263671875,False,CALL,2027-06-17,TXN
TXN270617C00240000,240.0,16.0,24.5,28.5,1.0,41.0,0.3582827844238281,False,CALL,2027-06-17,TXN
TXN270617C00250000,250.0,12.9,21.5,25.5,10.0,20.0,0.35977813079833976,False,CALL,2027-06-17,TXN
TXN270617C00260000,260.0,21.0,18.5,21.3,2.0,24.0,0.34610639251708974,False,CALL,2027-06-17,TXN
TXN270617C00270000,270.0,16.0,16.0,19.0,2.0,22.0,0.34810527389526363,False,CALL,2027-06-17,TXN
TXN270617C00280000,280.0,9.5,13.5,16.75,,10.0,0.3478153598022461,False,CALL,2027-06-17,TXN
TXN270617P00195000,195.0,21.04,19.6,22.55,1.0,5.0,0.3430546652221679,False,PUT,2027-06-17,TXN
TXN280121C00155000,155.0,50.0,74.5,79.0,1.0,8.0,0.3825134991455078,True,CALL,2028-01-21,TXN
TXN280121C00160000,160.0,66.48,71.5,74.5,1.0,9.0,0.3668276208496094,True,CALL,2028-01-21,TXN
TXN280121C00165000,165.0,52.65,68.0,72.5,10.0,9.0,0.37937022003173826,True,CALL,2028-01-21,TXN
TXN280121C00170000,170.0,64.0,65.0,67.95,2.0,17.0,0.36228054718017577,True,CALL,2028-01-21,TXN
TXN280121C00175000,175.0,60.0,62.0,65.0,3.0,21.0,0.3619295985412598,True,CALL,2028-01-21,TXN
TXN280121C00180000,180.0,56.0,59.0,62.0,5.0,73.0,0.35999175170898434,True,CALL,2028-01-21,TXN
TXN280121C00185000,185.0,54.5,56.0,60.0,7.0,54.0,0.3667971035766602,True,CALL,2028-01-21,TXN
TXN280121C00190000,190.0,52.5,53.0,56.2,2.0,25.0,0.35535312622070303,True,CALL,2028-01-21,TXN
TXN280121C00195000,195.0,32.85,50.5,54.0,1.0,12.0,0.35816071533203125,True,CALL,2028-01-21,TXN
TXN280121C00200000,200.0,46.9,48.0,50.85,30.0,134.0,0.35146217391967766,True,CALL,2028-01-21,TXN
TXN280121C00210000,210.0,42.86,43.0,46.15,1.0,45.0,0.35004312072753896,True,CALL,2028-01-21,TXN
TXN280121C00220000,220.0,40.17,38.65,41.75,1.0,53.0,0.34802898071289057,False,CALL,2028-01-21,TXN
TXN280121C00230000,230.0,33.6,34.5,37.3,27.0,185.0,0.3427494924926757,False,CALL,2028-01-21,TXN
TXN280121C00240000,240.0,32.0,30.7,33.5,8.0,132.0,0.3401402656555175,False,CALL,2028-01-21,TXN
TXN280121C00250000,250.0,18.25,27.5,30.5,10.0,57.0,0.34149828430175777,False,CALL,2028-01-21,TXN
TXN280121C00260000,260.0,25.07,24.5,28.0,52.0,72.0,0.3445957875061035,False,CALL,2028-01-21,TXN
TXN280121C00270000,270.0,22.49,21.5,25.45,54.0,78.0,0.34512983978271483,False,CALL,2028-01-21,TXN
TXN280121C00280000,280.0,20.8,19.0,22.6,3.0,31.0,0.34110155975341794,False,CALL,2028-01-21,TXN
TXN280121P00155000,155.0,20.17,10.0,14.0,1.0,34.0,0.365515378112793,False,PUT,2028-01-21,TXN
TXN280121P00160000,160.0,17.8,11.0,15.4,1.0,149.0,0.3612734771728515,False,PUT,2028-01-21,TXN
TXN280121P00165000,165.0,24.35,12.6,16.5,8.0,116.0,0.35272864074707033,False,PUT,2028-01-21,TXN
TXN280121P00170000,170.0,20.8,14.5,18.0,100.0,128.0,0.3480442393493652,False,PUT,2028-01-21,TXN
TXN280121P00175000,175.0,21.6,16.0,19.05,1.0,13.0,0.3378514701843262,False,PUT,2028-01-21,TXN
TXN280121P00180000,180.0,24.74,17.5,21.5,1.0,27.0,0.34134569793701175,False,PUT,2028-01-21,TXN
TXN280121P00185000,185.0,35.61,19.5,22.85,1.0,32.0,0.3328313787841797,False,PUT,2028-01-21,TXN
TXN280121P00190000,190.0,24.3,21.5,25.0,3.0,10.0,0.33129025650024413,False,PUT,2028-01-21,TXN
TXN280121P00195000,195.0,32.25,23.5,27.0,3.0,32.0,0.32746033874511715,False,PUT,2028-01-21,TXN
TXN280121P00200000,200.0,28.65,26.0,29.5,2.0,43.0,0.3272924937438965,False,PUT,2028-01-21,TXN
TXN280121P00210000,210.0,33.39,31.0,34.0,1.0,2.0,0.3199378309631347,False,PUT,2028-01-21,TXN
TXN280121P00220000,220.0,46.9,36.0,39.0,3.0,3.0,0.3137580831909179,True,PUT,2028-01-21,TXN
TXN280121P00230000,230.0,53.2,41.5,44.5,,19.0,0.3086616986083984,True,PUT,2028-01-21,TXN
TXN280121P00240000,240.0,64.9,46.5,50.5,,1.0,0.30466393585205076,True,PUT,2028-01-21,TXN
U260130C00030000,30.0,10.0,7.75,9.8,2.0,50.0,1.9375003125,True,CALL,2026-01-30,U
U260130C00033000,33.0,7.72,4.75,6.75,2.0,37.0,1.21875390625,True,CALL,2026-01-30,U
U260130C00034000,34.0,6.82,3.75,5.8,1.0,34.0,1.1171919140625,True,CALL,2026-01-30,U
U260130C00035000,35.0,3.75,3.45,4.35,2.0,15.0,1.1796916015624999,True,CALL,2026-01-30,U
U260130C00036000,36.0,2.91,2.36,3.3,2.0,37.0,0.8203142968749999,True,CALL,2026-01-30,U
U260130C00037000,37.0,4.4,1.7,2.31,2.0,16.0,0.8183611914062499,True,CALL,2026-01-30,U
U260130C00038000,38.0,1.24,1.05,1.2,5.0,90.0,0.6367223828125,True,CALL,2026-01-30,U
U260130C00039000,39.0,0.6,0.52,0.68,102.0,84.0,0.6445348046875,False,CALL,2026-01-30,U
U260130C00040000,40.0,0.27,0.25,0.37,76.0,68.0,0.68555001953125,False,CALL,2026-01-30,U
U260130C00040500,40.5,0.19,0.16,0.25,10.0,166.0,0.6875031250000001,False,CALL,2026-01-30,U
U260130C00041000,41.0,0.14,0.11,0.15,72.0,156.0,0.6875031250000001,False,CALL,2026-01-30,U
U260130C00041500,41.5,0.09,0.06,0.11,86.0,295.0,0.6992217578125001,False,CALL,2026-01-30,U
U260130C00042000,42.0,0.07,0.04,0.07,34.0,427.0,0.710940390625,False,CALL,2026-01-30,U
U260130C00042500,42.5,0.05,0.0,0.07,1.0,213.0,0.7226590234375,False,CALL,2026-01-30,U
U260130C00043000,43.0,0.02,0.02,0.06,91.0,595.0,0.8125018749999999,False,CALL,2026-01-30,U
U260130C00043500,43.5,0.04,0.0,0.05,11.0,298.0,0.8125018749999999,False,CALL,2026-01-30,U
U260130C00044000,44.0,0.02,0.01,0.03,33.0,1241.0,0.851563984375,False,CALL,2026-01-30,U
U260130C00044500,44.5,0.04,0.0,0.04,1.0,224.0,0.914063359375,False,CALL,2026-01-30,U
U260130C00045000,45.0,0.02,0.01,0.04,66.0,1429.0,1.0078174609375,False,CALL,2026-01-30,U
U260130C00045500,45.5,0.02,0.0,0.14,14.0,390.0,1.2734411328124997,False,CALL,2026-01-30,U
U260130C00046000,46.0,0.02,0.0,0.04,22.0,1351.0,1.09375453125,False,CALL,2026-01-30,U
U260130C00046500,46.5,0.01,0.0,0.01,8.0,1301.0,0.9687503125,False,CALL,2026-01-30,U
U260130C00047000,47.0,0.08,0.0,0.06,3.0,475.0,1.2812535937499998,False,CALL,2026-01-30,U
U260130C00047500,47.5,0.01,0.0,0.01,20.0,547.0,1.0625046875000002,False,CALL,2026-01-30,U
U260130C00048000,48.0,0.01,0.0,0.01,299.0,346.0,1.125004375,False,CALL,2026-01-30,U
U260130C00048500,48.5,0.04,0.0,1.75,10.0,213.0,3.1308615478515627,False,CALL,2026-01-30,U
U260130C00049000,49.0,0.08,0.0,0.5,1.0,343.0,2.2382856542968748,False,CALL,2026-01-30,U
U260130C00049500,49.5,0.05,0.0,0.03,5.0,373.0,1.421877890625,False,CALL,2026-01-30,U
U260130C00050000,50.0,0.02,0.0,0.02,4.0,1818.0,1.40625296875,False,CALL,2026-01-30,U
U260130P00030000,30.0,0.08,0.0,1.46,1.0,4.0,3.4570326074218753,False,PUT,2026-01-30,U
U260130P00032000,32.0,0.02,0.0,0.05,,9.0,1.2656286718749998,False,PUT,2026-01-30,U
U260130P00034000,34.0,0.1,0.0,1.92,2.0,8.0,2.5039099902343747,False,PUT,2026-01-30,U
U260130P00035000,35.0,0.04,0.0,0.09,5.0,144.0,0.8203142968749999,False,PUT,2026-01-30,U
U260130P00036000,36.0,0.15,0.01,0.11,690.0,50.0,0.6718782812500002,False,PUT,2026-01-30,U
U260130P00037000,37.0,0.19,0.09,0.13,578.0,3112.0,0.5585981640625001,False,PUT,2026-01-30,U
U260130P00038000,38.0,0.34,0.29,0.41,2068.0,142.0,0.5644574804687501,False,PUT,2026-01-30,U
U260130P00038500,38.5,0.65,0.48,0.62,83.0,201.0,0.5664105859375,False,PUT,2026-01-30,U
U260130P00039000,39.0,0.76,0.73,1.03,91.0,179.0,0.6269568554687501,True,PUT,2026-01-30,U
U260130P00039500,39.5,1.11,1.05,1.34,43.0,62.0,0.6289099609375001,True,PUT,2026-01-30,U
U260130P00040000,40.0,1.5,1.44,1.61,802.0,859.0,0.5918009570312501,True,PUT,2026-01-30,U
U260130P00040500,40.5,1.94,1.6,2.03,16.0,964.0,0.7187528125,True,PUT,2026-01-30,U
U260130P00041000,41.0,2.84,2.14,2.73,41.0,342.0,0.6953155468750001,True,PUT,2026-01-30,U
U260130P00041500,41.5,3.19,2.42,3.35,3.0,350.0,0.6992217578125001,True,PUT,2026-01-30,U
U260130P00042000,42.0,3.28,3.15,3.4,326.0,3835.0,0.8203142968749999,True,PUT,2026-01-30,U
U260130P00042500,42.5,3.65,3.5,3.9,9.0,267.0,0.9062509375,True,PUT,2026-01-30,U
U260130P00043000,43.0,4.26,4.0,4.5,107.0,400.0,1.18359783203125,True,PUT,2026-01-30,U
U260130P00043500,43.5,4.8,4.4,4.9,18.0,144.0,1.0703171484375003,True,PUT,2026-01-30,U
U260130P00044000,44.0,5.18,4.95,5.4,169.0,1075.0,1.1484417578125,True,PUT,2026-01-30,U
U260130P00044500,44.5,5.95,5.4,5.9,2.0,73.0,1.22266013671875,True,PUT,2026-01-30,U
U260130P00045000,45.0,6.72,5.75,7.0,25.0,240.0,1.22266013671875,True,PUT,2026-01-30,U
U260130P00045500,45.5,6.83,5.85,7.8,52.0,607.0,1.0703171484375003,True,PUT,2026-01-30,U
U260130P00046000,46.0,7.8,6.8,8.75,21.0,97.0,2.1523483691406247,True,PUT,2026-01-30,U
U260130P00046500,46.5,8.3,7.25,8.8,7.0,9.0,1.81640716796875,True,PUT,2026-01-30,U
U260130P00047000,47.0,8.7,7.85,8.65,1.0,41.0,2.1250046874999997,True,PUT,2026-01-30,U
U260130P00047500,47.5,8.91,8.4,9.45,1.0,13.0,1.72265763671875,True,PUT,2026-01-30,U
U260130P00048000,48.0,9.31,8.85,9.75,2.0,17.0,0.500005,True,PUT,2026-01-30,U
U260130P00048500,48.5,10.55,9.3,10.3,4.0,2.0,0.500005,True,PUT,2026-01-30,U
U260130P00049500,49.5,11.09,10.2,11.8,2.0,0.0,2.1914107714843745,True,PUT,2026-01-30,U
U260130P00050000,50.0,11.8,10.75,12.4,1.0,0.0,2.42969142578125,True,PUT,2026-01-30,U
U260206C00033000,33.0,10.33,4.25,6.95,,1.0,1.501955615234375,True,CALL,2026-02-06,U
U260206C00034000,34.0,4.8,4.35,5.5,1.0,9.0,0.6914093359375001,True,CALL,2026-02-06,U
U260206C00035000,35.0,3.81,3.9,4.5,4.0,13.0,0.7666038964843751,True,CALL,2026-02-06,U
U260206C00036000,36.0,3.41,3.15,3.5,5.0,1.0,0.6982452050781252,True,CALL,2026-02-06,U
U260206C00038000,38.0,2.03,1.86,2.13,30.0,4.0,0.6748079394531252,True,CALL,2026-02-06,U
U260206C00039000,39.0,1.52,1.37,1.62,3.0,10.0,0.6748079394531252,False,CALL,2026-02-06,U
U260206C00039500,39.5,1.0,1.14,1.38,2.0,11.0,0.6650424121093752,False,CALL,2026-02-06,U
U260206C00040000,40.0,1.05,0.96,1.08,96.0,57.0,0.6435582519531251,False,CALL,2026-02-06,U
U260206C00040500,40.5,0.93,0.81,0.96,79.0,27.0,0.657229990234375,False,CALL,2026-02-06,U
U260206C00041000,41.0,0.79,0.67,0.83,27.0,111.0,0.6621127539062501,False,CALL,2026-02-06,U
U260206C00041500,41.5,0.64,0.54,0.72,5.0,118.0,0.6650424121093752,False,CALL,2026-02-06,U
U260206C00042000,42.0,0.52,0.45,0.56,29.0,86.0,0.6562534375000001,False,CALL,2026-02-06,U
U260206C00042500,42.5,0.37,0.37,0.49,2.0,37.0,0.6660189648437502,False,CALL,2026-02-06,U
U260206C00043000,43.0,0.34,0.3,0.38,407.0,653.0,0.659183095703125,False,CALL,2026-02-06,U
U260206C00043500,43.5,0.2,0.22,0.3,1.0,25.0,0.648441015625,False,CALL,2026-02-06,U
U260206C00044000,44.0,0.23,0.2,0.28,108.0,689.0,0.6757844921875001,False,CALL,2026-02-06,U
U260206C00044500,44.5,0.15,0.12,0.23,3.0,11.0,0.65820654296875,False,CALL,2026-02-06,U
U260206C00045000,45.0,0.15,0.11,0.19,37.0,496.0,0.6699251757812501,False,CALL,2026-02-06,U
U260206C00045500,45.5,0.1,0.1,0.17,2.0,30.0,0.6894562304687502,False,CALL,2026-02-06,U
U260206C00046000,46.0,0.09,0.08,0.14,630.0,944.0,0.69336244140625,False,CALL,2026-02-06,U
U260206C00046500,46.5,0.09,0.02,0.17,2.0,38.0,0.7050810742187501,False,CALL,2026-02-06,U
U260206C00047000,47.0,0.08,0.03,0.1,10.0,176.0,0.6875031250000001,False,CALL,2026-02-06,U
U260206C00047500,47.5,0.05,0.0,0.66,25.0,97.0,1.0234423828125,False,CALL,2026-02-06,U
U260206C00048000,48.0,0.05,0.02,0.34,12.0,888.0,0.914063359375,False,CALL,2026-02-06,U
U260206C00048500,48.5,0.06,0.05,0.66,10.0,19.0,1.1171919140625,False,CALL,2026-02-06,U
U260206C00049000,49.0,0.09,0.0,0.46,22.0,391.0,1.0351610742187503,False,CALL,2026-02-06,U
U260206C00049500,49.5,0.15,0.0,0.54,8.0,9.0,1.107426337890625,False,CALL,2026-02-06,U
U260206C00050000,50.0,0.05,0.03,0.07,41.0,730.0,0.8203142968749999,False,CALL,2026-02-06,U
U260206P00032000,32.0,0.08,0.0,0.25,1.0,1.0,0.79883013671875,False,PUT,2026-02-06,U
U260206P00034000,34.0,0.27,0.19,0.3,46.0,117.0,0.70898728515625,False,PUT,2026-02-06,U
U260206P00034500,34.5,0.18,0.17,0.28,1.0,2.0,0.6347692773437501,False,PUT,2026-02-06,U
U260206P00035000,35.0,0.27,0.23,0.42,28.0,130.0,0.6523472265625001,False,PUT,2026-02-06,U
U260206P00036000,36.0,0.48,0.42,0.53,13.0,333.0,0.6162147753906251,False,PUT,2026-02-06,U
U260206P00036500,36.5,0.88,0.54,0.71,2.0,4.0,0.6250037500000001,False,PUT,2026-02-06,U
U260206P00037000,37.0,0.75,0.66,0.82,27.0,295.0,0.6044961425781252,False,PUT,2026-02-06,U
U260206P00037500,37.5,0.95,0.84,1.0,118.0,39.0,0.6044961425781252,False,PUT,2026-02-06,U
U260206P00038000,38.0,1.2,1.04,1.21,87.0,3233.0,0.6030313134765627,False,PUT,2026-02-06,U
U260206P00038500,38.5,1.49,1.27,1.47,177.0,65.0,0.6074258007812501,False,PUT,2026-02-06,U
U260206P00039000,39.0,1.54,1.53,1.71,46.0,187.0,0.6025430371093752,True,PUT,2026-02-06,U
U260206P00039500,39.5,1.8,1.79,2.0,160.0,102.0,0.596683720703125,True,PUT,2026-02-06,U
U260206P00040000,40.0,2.23,2.14,2.32,99.0,227.0,0.6049844189453126,True,PUT,2026-02-06,U
U260206P00040500,40.5,2.49,2.46,2.65,2.0,27.0,0.5986368261718751,True,PUT,2026-02-06,U
U260206P00041000,41.0,2.76,2.59,3.05,27.0,150.0,0.5507857421875001,True,PUT,2026-02-06,U
U260206P00041500,41.5,3.78,3.2,3.4,4.0,59.0,0.5986368261718751,True,PUT,2026-02-06,U
U260206P00042000,42.0,3.65,3.5,3.8,24.0,92.0,0.56836369140625,True,PUT,2026-02-06,U
U260206P00042500,42.5,4.17,3.75,4.3,14.0,113.0,0.53320779296875,True,PUT,2026-02-06,U
U260206P00043000,43.0,4.9,4.3,4.7,21.0,145.0,0.5585981640625001,True,PUT,2026-02-06,U
U260206P00043500,43.5,4.91,4.6,5.15,10.0,63.0,0.7128934960937501,True,PUT,2026-02-06,U
U260206P00044000,44.0,5.63,5.05,5.8,13.0,56.0,0.570316796875,True,PUT,2026-02-06,U
U260206P00045000,45.0,7.0,5.85,7.25,17.0,84.0,0.764650791015625,True,PUT,2026-02-06,U
U260206P00045500,45.5,6.88,5.85,7.9,50.0,8.0,0.6093789062500001,True,PUT,2026-02-06,U
U260206P00046000,46.0,7.85,6.7,8.8,5.0,49.0,0.99804689453125,True,PUT,2026-02-06,U
U260206P00047000,47.0,6.2,7.35,9.45,6.0,29.0,0.7460962890625,True,PUT,2026-02-06,U
U260206P00048000,48.0,5.2,8.3,10.35,,39.0,0.64062859375,True,PUT,2026-02-06,U
U260206P00050000,50.0,7.38,10.3,12.3,25.0,26.0,0.500005,True,PUT,2026-02-06,U
U260213C00030000,30.0,11.05,8.05,10.55,2.0,9.0,1.1445355273437499,True,CALL,2026-02-13,U
U260213C00034000,34.0,7.46,5.3,6.2,1.0,3.0,0.922852333984375,True,CALL,2026-02-13,U
U260213C00035000,35.0,4.7,5.0,5.3,1.0,25.0,0.9565434033203124,True,CALL,2026-02-13,U
U260213C00036000,36.0,4.68,4.35,4.8,1.0,9.0,0.9750979052734375,True,CALL,2026-02-13,U
U260213C00037000,37.0,3.6,3.75,3.9,15.0,13.0,0.9174812939453125,True,CALL,2026-02-13,U
U260213C00038000,38.0,3.05,3.25,3.35,32.0,8.0,0.9179695703125,True,CALL,2026-02-13,U
U260213C00039000,39.0,2.62,2.65,2.85,62.0,15.0,0.8940440283203124,False,CALL,2026-02-13,U
U260213C00040000,40.0,2.52,2.35,2.41,2335.0,74.0,0.9096688720703124,False,CALL,2026-02-13,U
U260213C00041000,41.0,1.75,1.94,2.04,38.0,146.0,0.903321279296875,False,CALL,2026-02-13,U
U260213C00042000,42.0,1.78,1.66,1.72,5.0,173.0,0.9101571484375,False,CALL,2026-02-13,U
U260213C00043000,43.0,1.41,1.28,1.47,4.0,290.0,0.8974619628906249,False,CALL,2026-02-13,U
U260213C00044000,44.0,1.2,1.18,1.2,46.0,479.0,0.9169930175781251,False,CALL,2026-02-13,U
U260213C00045000,45.0,0.96,0.96,1.02,814.0,898.0,0.918946123046875,False,CALL,2026-02-13,U
U260213C00046000,46.0,0.8,0.76,0.88,91.0,190.0,0.920899228515625,False,CALL,2026-02-13,U
U260213C00047000,47.0,0.72,0.54,0.74,26.0,164.0,0.905274384765625,False,CALL,2026-02-13,U
U260213C00048000,48.0,0.52,0.54,0.68,43.0,337.0,0.9521489160156249,False,CALL,2026-02-13,U
U260213C00049000,49.0,0.47,0.36,0.76,3.0,933.0,0.983398603515625,False,CALL,2026-02-13,U
U260213C00050000,50.0,0.37,0.37,0.53,8.0,683.0,0.9765627343750001,False,CALL,2026-02-13,U
U260213P00030000,30.0,0.26,0.22,0.3,30.0,77.0,0.8984385156249999,False,PUT,2026-02-13,U
U260213P00032000,32.0,0.34,0.51,0.98,15.0,23.0,1.009770576171875,False,PUT,2026-02-13,U
U260213P00034000,34.0,1.0,0.92,1.04,45.0,22.0,0.893555751953125,False,PUT,2026-02-13,U
U260213P00035000,35.0,1.29,1.19,1.34,216.0,451.0,0.8872081591796874,False,PUT,2026-02-13,U
U260213P00036000,36.0,1.81,1.52,1.69,196.0,554.0,0.8818371191406249,False,PUT,2026-02-13,U
U260213P00037000,37.0,2.08,1.91,2.19,20.0,215.0,0.8930674755859375,False,PUT,2026-02-13,U
U260213P00038000,38.0,2.82,2.36,2.67,4.0,102.0,0.8916026464843749,False,PUT,2026-02-13,U
U260213P00039000,39.0,3.25,2.87,3.1,43.0,326.0,0.8740246972656249,True,PUT,2026-02-13,U
U260213P00040000,40.0,3.55,3.55,3.55,50.0,768.0,0.86914193359375,True,PUT,2026-02-13,U
U260213P00041000,41.0,4.31,4.0,4.7,72.0,156.0,0.92187578125,True,PUT,2026-02-13,U
U260213P00042000,42.0,5.12,4.75,5.0,57.0,1498.0,0.8725598681640624,True,PUT,2026-02-13,U
U260213P00043000,43.0,5.53,5.25,5.75,1.0,140.0,0.8369156933593749,True,PUT,2026-02-13,U
U260213P00044000,44.0,4.85,6.15,6.5,5.0,89.0,0.8554701953125,True,PUT,2026-02-13,U
U260213P00045000,45.0,5.55,6.8,7.7,1.0,35.0,0.903321279296875,True,PUT,2026-02-13,U
U260213P00046000,46.0,5.2,7.65,8.55,72.0,110.0,0.91211025390625,True,PUT,2026-02-13,U
U260213P00047000,47.0,7.03,7.85,9.85,10.0,66.0,0.86132951171875,True,PUT,2026-02-13,U
U260213P00048000,48.0,8.15,8.75,11.4,8.0,9.0,1.0307665649414064,True,PUT,2026-02-13,U
U260213P00049000,49.0,7.38,9.65,11.5,1.0,2.0,0.8105487695312499,True,PUT,2026-02-13,U
U260213P00050000,50.0,7.65,10.6,13.25,5.0,11.0,1.0742233789062503,True,PUT,2026-02-13,U
U260220C00028000,28.0,11.0,10.05,11.5,1.0,99.0,0.70117486328125,True,CALL,2026-02-20,U
U260220C00029000,29.0,10.75,9.15,11.15,1.0,360.0,0.9580082324218748,True,CALL,2026-02-20,U
U260220C00030000,30.0,9.35,9.0,9.8,4.0,548.0,1.0048877880859375,True,CALL,2026-02-20,U
U260220C00031000,31.0,10.88,7.35,9.15,2.0,101.0,0.840821904296875,True,CALL,2026-02-20,U
U260220C00032000,32.0,10.0,6.9,8.6,45.0,141.0,0.965820654296875,True,CALL,2026-02-20,U
U260220C00033000,33.0,7.02,6.25,7.15,140.0,222.0,0.848634326171875,True,CALL,2026-02-20,U
U260220C00034000,34.0,7.76,5.5,6.4,1.0,210.0,0.8378922460937499,True,CALL,2026-02-20,U
U260220C00035000,35.0,5.2,5.2,5.6,465.0,266.0,0.8740246972656249,True,CALL,2026-02-20,U
U260220C00036000,36.0,4.43,4.35,5.0,1.0,261.0,0.84179845703125,True,CALL,2026-02-20,U
U260220C00037000,37.0,4.25,4.0,4.25,15.0,294.0,0.8466812207031249,True,CALL,2026-02-20,U
U260220C00038000,38.0,3.75,3.5,3.75,1905.0,392.0,0.8510757080078125,True,CALL,2026-02-20,U
U260220C00039000,39.0,3.15,3.05,3.15,38.0,709.0,0.8364274169921874,False,CALL,2026-02-20,U
U260220C00039500,39.5,4.95,2.72,3.1,,1.0,0.842775009765625,False,CALL,2026-02-20,U
U260220C00040000,40.0,2.66,2.55,2.87,104.0,1623.0,0.8442398388671875,False,CALL,2026-02-20,U
U260220C00040500,40.5,3.75,2.3,2.66,,3.0,0.8344743115234373,False,CALL,2026-02-20,U
U260220C00041000,41.0,2.36,2.26,2.33,62.0,1515.0,0.8334977587890623,False,CALL,2026-02-20,U
U260220C00041500,41.5,3.7,1.77,2.36,11.0,54.0,0.8173846386718748,False,CALL,2026-02-20,U
U260220C00042000,42.0,2.0,1.9,2.07,122.0,788.0,0.8388687988281249,False,CALL,2026-02-20,U
U260220C00042500,42.5,1.95,1.51,1.97,10.0,365.0,0.8129901513671874,False,CALL,2026-02-20,U
U260220C00043000,43.0,1.72,1.62,1.78,1739.0,4296.0,0.840821904296875,False,CALL,2026-02-20,U
U260220C00043500,43.5,1.44,1.38,1.66,5.0,9.0,0.8271501660156249,False,CALL,2026-02-20,U
U260220C00044000,44.0,1.36,1.37,1.53,5.0,1948.0,0.8422867333984375,False,CALL,2026-02-20,U
U260220C00044500,44.5,3.55,1.01,1.59,2.0,2.0,0.8315446533203124,False,CALL,2026-02-20,U
U260220C00045000,45.0,1.24,1.17,1.29,198.0,5026.0,0.842775009765625,False,CALL,2026-02-20,U
U260220C00045500,45.5,2.63,0.96,1.27,1.0,4.0,0.8378922460937499,False,CALL,2026-02-20,U
U260220C00046000,46.0,1.02,0.87,1.05,90.0,2413.0,0.8164080859374999,False,CALL,2026-02-20,U
U260220C00046500,46.5,2.16,0.66,1.23,,9.0,0.8403336279296875,False,CALL,2026-02-20,U
U260220C00047000,47.0,0.86,0.77,0.95,202.0,1440.0,0.8378922460937499,False,CALL,2026-02-20,U
U260220C00047500,47.5,2.06,0.63,1.19,1.0,4.0,0.8833019482421874,False,CALL,2026-02-20,U
U260220C00048000,48.0,0.76,0.72,0.81,9.0,2066.0,0.8554701953125,False,CALL,2026-02-20,U
U260220C00048500,48.5,0.75,0.39,0.85,4.0,4.0,0.82226740234375,False,CALL,2026-02-20,U
U260220C00049000,49.0,0.62,0.61,0.71,22.0,1140.0,0.8632826171875,False,CALL,2026-02-20,U
U260220C00049500,49.5,0.95,0.31,0.79,50.0,118.0,0.8393570751953124,False,CALL,2026-02-20,U
U260220C00050000,50.0,0.56,0.51,0.58,726.0,11235.0,0.85937640625,False,CALL,2026-02-20,U
U260220P00028000,28.0,0.07,0.09,0.33,2.0,230.0,0.86132951171875,False,PUT,2026-02-20,U
U260220P00029000,29.0,0.29,0.27,0.34,1.0,268.0,0.86132951171875,False,PUT,2026-02-20,U
U260220P00030000,30.0,0.43,0.35,0.43,11.0,784.0,0.8369156933593749,False,PUT,2026-02-20,U
U260220P00031000,31.0,0.22,0.45,0.63,2.0,290.0,0.8359391406249999,False,PUT,2026-02-20,U
U260220P00032000,32.0,0.66,0.65,0.74,15.0,1052.0,0.8203142968749999,False,PUT,2026-02-20,U
U260220P00033000,33.0,1.15,0.8,1.08,2.0,2860.0,0.8266618896484373,False,PUT,2026-02-20,U
U260220P00034000,34.0,1.13,1.06,1.37,7.0,937.0,0.8261736132812498,False,PUT,2026-02-20,U
U260220P00035000,35.0,1.56,1.34,1.75,49.0,1068.0,0.8271501660156249,False,PUT,2026-02-20,U
U260220P00036000,36.0,1.98,1.69,2.02,21.0,307.0,0.807619111328125,False,PUT,2026-02-20,U
U260220P00037000,37.0,2.39,2.06,2.33,11.0,326.0,0.7841818457031251,False,PUT,2026-02-20,U
U260220P00038000,38.0,2.77,2.71,2.8,32.0,1020.0,0.80664255859375,False,PUT,2026-02-20,U
U260220P00039000,39.0,3.25,3.2,3.35,67.0,543.0,0.8042011767578124,True,PUT,2026-02-20,U
U260220P00039500,39.5,2.72,3.3,3.7,4.0,7.0,0.789064609375,True,PUT,2026-02-20,U
U260220P00040000,40.0,3.91,3.65,4.25,41.0,4771.0,0.8286149951171874,True,PUT,2026-02-20,U
U260220P00040500,40.5,2.35,3.9,4.35,1.0,117.0,0.7939473730468749,True,PUT,2026-02-20,U
U260220P00041000,41.0,4.35,4.15,4.55,175.0,1316.0,0.7690452783203126,True,PUT,2026-02-20,U
U260220P00041500,41.5,3.35,4.45,5.3,,33.0,0.8203142968749999,True,PUT,2026-02-20,U
U260220P00042000,42.0,5.05,4.8,5.25,14.0,5586.0,0.7685570019531252,True,PUT,2026-02-20,U
U260220P00042500,42.5,3.6,5.15,6.0,,26.0,0.8227556787109375,True,PUT,2026-02-20,U
U260220P00043000,43.0,5.75,5.55,5.95,5.0,2225.0,0.770510107421875,True,PUT,2026-02-20,U
U260220P00044000,44.0,6.8,6.25,7.1,54.0,571.0,0.8203142968749999,True,PUT,2026-02-20,U
U260220P00045000,45.0,5.7,7.05,7.5,21.0,1042.0,0.7617211328125001,True,PUT,2026-02-20,U
U260220P00046000,46.0,6.5,7.8,8.7,1.0,1098.0,0.813478427734375,True,PUT,2026-02-20,U
U260220P00047000,47.0,8.3,8.7,9.4,72.0,511.0,0.797853583984375,True,PUT,2026-02-20,U
U260220P00048000,48.0,7.75,8.9,10.95,3.0,576.0,0.799806689453125,True,PUT,2026-02-20,U
U260220P00049000,49.0,7.62,9.8,12.35,1.0,517.0,0.9101571484375,True,PUT,2026-02-20,U
U260220P00050000,50.0,9.7,11.1,11.9,1.0,269.0,0.6660189648437502,True,PUT,2026-02-20,U
U260227C00030000,30.0,12.1,7.9,10.25,1.0,8.0,0.7246121289062499,True,CALL,2026-02-27,U
U260227C00035000,35.0,5.63,5.45,5.95,1.0,1.0,0.8442398388671875,True,CALL,2026-02-27,U
U260227C00036000,36.0,7.35,4.8,5.25,33.0,16.0,0.8242205078124999,True,CALL,2026-02-27,U
U260227C00038000,38.0,3.55,3.75,3.9,5.0,21.0,0.7915059912109376,True,CALL,2026-02-27,U
U260227C00040000,40.0,2.96,2.87,3.0,224.0,2.0,0.790041162109375,False,CALL,2026-02-27,U
U260227C00041000,41.0,2.46,2.49,2.63,371.0,26.0,0.7905294384765625,False,CALL,2026-02-27,U
U260227C00042000,42.0,2.05,2.1,2.28,165.0,57.0,0.7827170166015626,False,CALL,2026-02-27,U
U260227C00043000,43.0,2.0,1.88,2.0,2.0,157.0,0.7939473730468749,False,CALL,2026-02-27,U
U260227C00044000,44.0,1.54,1.62,1.72,14.0,10.0,0.7929708203125,False,CALL,2026-02-27,U
U260227C00045000,45.0,1.6,1.38,1.49,10.0,54.0,0.7924825439453125,False,CALL,2026-02-27,U
U260227C00046000,46.0,1.19,1.2,1.3,12.0,34.0,0.797853583984375,False,CALL,2026-02-27,U
U260227C00047000,47.0,1.69,1.04,1.12,1.0,7.0,0.8007832421875,False,CALL,2026-02-27,U
U260227C00048000,48.0,0.8,0.9,0.98,7.0,138.0,0.8061542822265625,False,CALL,2026-02-27,U
U260227C00049000,49.0,2.03,0.63,0.87,42.0,42.0,0.788088056640625,False,CALL,2026-02-27,U
U260227C00050000,50.0,0.64,0.46,0.84,2.0,522.0,0.7939473730468749,False,CALL,2026-02-27,U
U260227P00030000,30.0,0.21,0.42,0.97,5.0,69.0,0.877930908203125,False,PUT,2026-02-27,U
U260227P00031000,31.0,0.44,0.53,1.28,1.0,21.0,0.8793957373046875,False,PUT,2026-02-27,U
U260227P00033000,33.0,1.08,1.04,1.14,1.0,8.0,0.772463212890625,False,PUT,2026-02-27,U
U260227P00035000,35.0,1.87,1.62,1.78,17.0,59.0,0.7656273437500001,False,PUT,2026-02-27,U
U260227P00036000,36.0,2.05,2.0,2.18,412.0,66.0,0.7661156201171876,False,PUT,2026-02-27,U
U260227P00037000,37.0,2.54,2.43,2.56,7.0,13.0,0.7583031982421876,False,PUT,2026-02-27,U
U260227P00038000,38.0,3.21,2.91,3.05,13.0,31.0,0.7580590600585939,False,PUT,2026-02-27,U
U260227P00039000,39.0,3.49,3.45,3.6,15.0,13.0,0.7607445800781252,True,PUT,2026-02-27,U
U260227P00040000,40.0,3.97,4.0,4.2,5.0,149.0,0.7592797509765626,True,PUT,2026-02-27,U
U260227P00041000,41.0,4.73,4.6,4.8,9.0,32.0,0.7539087109375,True,PUT,2026-02-27,U
U260227P00042000,42.0,4.22,5.25,5.55,31.0,46.0,0.7617211328125001,True,PUT,2026-02-27,U
U260227P00043000,43.0,4.68,5.95,6.25,4.0,58.0,0.7605004418945314,True,PUT,2026-02-27,U
U260227P00044000,44.0,5.2,6.45,6.95,1.0,54.0,0.7246121289062499,True,PUT,2026-02-27,U
U260227P00045000,45.0,5.89,7.25,7.8,4.0,6.0,0.7368190380859375,True,PUT,2026-02-27,U
U260227P00046000,46.0,5.35,8.0,8.5,2.0,2.0,0.711916943359375,True,PUT,2026-02-27,U
U260227P00048000,48.0,7.38,9.45,10.8,,10.0,0.7695335546875001,True,PUT,2026-02-27,U
U260227P00049000,49.0,8.85,9.7,11.9,1.0,2.0,0.6948272705078126,True,PUT,2026-02-27,U
U260227P00050000,50.0,9.88,10.75,12.65,,3.0,0.6904327832031252,True,PUT,2026-02-27,U
U260306C00042000,42.0,3.95,2.28,2.92,2.0,2.0,0.790041162109375,False,CALL,2026-03-06,U
U260306C00045000,45.0,1.64,1.34,2.04,17.0,67.0,0.7729514892578125,False,CALL,2026-03-06,U
U260306P00033000,33.0,1.16,1.08,3.35,1.0,11.0,0.9951172363281251,False,PUT,2026-03-06,U
U260306P00040000,40.0,4.23,4.1,4.55,7.0,13.0,0.729494892578125,True,PUT,2026-03-06,U
U260320C00028000,28.0,14.45,10.5,11.95,1.0,41.0,0.7338893798828124,True,CALL,2026-03-20,U
U260320C00029000,29.0,15.01,9.15,11.7,1.0,178.0,0.7460962890625,True,CALL,2026-03-20,U
U260320C00030000,30.0,9.85,9.35,10.2,60.0,1691.0,0.790041162109375,True,CALL,2026-03-20,U
U260320C00031000,31.0,8.6,8.3,9.7,25.0,59.0,0.782228740234375,True,CALL,2026-03-20,U
U260320C00032000,32.0,11.75,7.75,8.7,2.0,686.0,0.7670921728515626,True,CALL,2026-03-20,U
U260320C00033000,33.0,10.24,7.1,7.95,2.0,145.0,0.7622094091796876,True,CALL,2026-03-20,U
U260320C00034000,34.0,12.47,6.45,7.3,1.0,106.0,0.7607445800781252,True,CALL,2026-03-20,U
U260320C00035000,35.0,6.0,6.15,6.65,180.0,931.0,0.7856466748046875,True,CALL,2026-03-20,U
U260320C00036000,36.0,8.2,5.55,6.0,1.0,1160.0,0.773439765625,True,CALL,2026-03-20,U
U260320C00037000,37.0,4.8,5.05,5.2,11.0,752.0,0.7502466381835937,True,CALL,2026-03-20,U
U260320C00038000,38.0,4.25,4.4,4.7,36.0,292.0,0.7351100708007812,True,CALL,2026-03-20,U
U260320C00039000,39.0,4.3,4.05,4.2,17.0,223.0,0.7397486962890624,False,CALL,2026-03-20,U
U260320C00040000,40.0,3.78,3.65,3.75,2631.0,7051.0,0.7382838671874999,False,CALL,2026-03-20,U
U260320C00041000,41.0,3.05,3.1,3.4,8.0,359.0,0.726565234375,False,CALL,2026-03-20,U
U260320C00042000,42.0,2.91,2.79,3.05,2.0,957.0,0.729494892578125,False,CALL,2026-03-20,U
U260320C00043000,43.0,2.52,2.36,2.71,3.0,799.0,0.7170438452148438,False,CALL,2026-03-20,U
U260320C00044000,44.0,2.39,2.27,2.39,15.0,1850.0,0.7314479980468749,False,CALL,2026-03-20,U
U260320C00045000,45.0,2.09,2.04,2.14,152.0,2214.0,0.7351100708007812,False,CALL,2026-03-20,U
U260320C00046000,46.0,1.83,1.77,1.92,2.0,1807.0,0.7329128271484374,False,CALL,2026-03-20,U
U260320C00047000,47.0,1.57,1.59,1.72,4.0,359.0,0.7370631762695312,False,CALL,2026-03-20,U
U260320C00048000,48.0,1.4,1.41,1.53,350.0,1586.0,0.7377955908203124,False,CALL,2026-03-20,U
U260320C00049000,49.0,1.18,1.26,1.36,2.0,767.0,0.7402369726562499,False,CALL,2026-03-20,U
U260320C00050000,50.0,1.15,1.11,1.22,2330.0,7420.0,0.7417018017578124,False,CALL,2026-03-20,U
U260320P00028000,28.0,0.47,0.34,0.9,1.0,662.0,0.7719749365234375,False,PUT,2026-03-20,U
U260320P00029000,29.0,0.39,0.59,1.16,1.0,230.0,0.79687703125,False,PUT,2026-03-20,U
U260320P00030000,30.0,0.9,0.84,1.0,8.0,2957.0,0.74414318359375,False,PUT,2026-03-20,U
U260320P00031000,31.0,0.99,1.08,1.2,1.0,991.0,0.7397486962890624,False,PUT,2026-03-20,U
U260320P00032000,32.0,1.37,1.33,1.44,3.0,3451.0,0.7329128271484374,False,PUT,2026-03-20,U
U260320P00033000,33.0,1.16,1.54,2.0,5.0,1274.0,0.7500025,False,PUT,2026-03-20,U
U260320P00034000,34.0,2.09,1.92,2.03,9.0,1325.0,0.7192410888671875,False,PUT,2026-03-20,U
U260320P00035000,35.0,2.49,2.22,2.7,25.0,875.0,0.7387721435546875,False,PUT,2026-03-20,U
U260320P00036000,36.0,2.91,2.68,2.79,9.0,166.0,0.7094755615234375,False,PUT,2026-03-20,U
U260320P00037000,37.0,3.26,3.1,3.25,17.0,250.0,0.7050810742187501,False,PUT,2026-03-20,U
U260320P00038000,38.0,3.6,3.6,3.9,16.0,676.0,0.7175321215820312,False,PUT,2026-03-20,U
U260320P00039000,39.0,3.95,4.1,4.3,20.0,359.0,0.7006865869140625,True,PUT,2026-03-20,U
U260320P00040000,40.0,5.0,4.65,5.0,125.0,1670.0,0.708010732421875,True,PUT,2026-03-20,U
U260320P00041000,41.0,5.2,5.25,5.45,52.0,2507.0,0.6916534741210938,True,PUT,2026-03-20,U
U260320P00042000,42.0,6.28,5.9,6.4,5.0,726.0,0.7172879833984375,True,PUT,2026-03-20,U
U260320P00043000,43.0,7.05,6.6,6.9,9.0,382.0,0.7019072778320312,True,PUT,2026-03-20,U
U260320P00044000,44.0,7.4,7.15,8.05,10.0,520.0,0.7260769580078125,True,PUT,2026-03-20,U
U260320P00045000,45.0,8.05,7.95,8.25,222.0,988.0,0.6799348413085939,True,PUT,2026-03-20,U
U260320P00046000,46.0,7.3,8.5,9.55,1.0,436.0,0.7094755615234375,True,PUT,2026-03-20,U
U260320P00047000,47.0,7.9,9.35,10.0,28.0,305.0,0.6789582885742189,True,PUT,2026-03-20,U
U260320P00048000,48.0,8.68,10.15,11.15,1.0,255.0,0.7124052197265626,True,PUT,2026-03-20,U
U260320P00049000,49.0,11.35,11.0,11.95,1.0,160.0,0.7094755615234375,True,PUT,2026-03-20,U
U260320P00050000,50.0,12.6,11.95,12.4,30.0,198.0,0.6704134521484376,True,PUT,2026-03-20,U
U260417C00028000,28.0,11.4,11.1,12.7,20.0,36.0,0.778322529296875,True,CALL,2026-04-17,U
U260417C00030000,30.0,14.25,9.2,11.4,2.0,18.0,0.7497583618164063,True,CALL,2026-04-17,U
U260417C00032000,32.0,11.85,8.4,9.25,20.0,62.0,0.7280300634765625,True,CALL,2026-04-17,U
U260417C00035000,35.0,6.95,6.9,7.2,5.0,189.0,0.7326686889648437,True,CALL,2026-04-17,U
U260417C00036000,36.0,8.23,6.3,6.75,1.0,195.0,0.7338893798828124,True,CALL,2026-04-17,U
U260417C00037000,37.0,5.43,5.75,5.95,13.0,161.0,0.7084990087890625,True,CALL,2026-04-17,U
U260417C00038000,38.0,5.3,5.3,5.45,10.0,90.0,0.708010732421875,True,CALL,2026-04-17,U
U260417C00039000,39.0,5.0,4.85,5.05,22.0,126.0,0.7102079760742188,False,CALL,2026-04-17,U
U260417C00040000,40.0,4.6,4.4,4.55,299.0,5311.0,0.70117486328125,False,CALL,2026-04-17,U
U260417C00041000,41.0,3.8,4.0,4.15,672.0,243.0,0.6987334814453126,False,CALL,2026-04-17,U
U260417C00042000,42.0,3.43,3.5,3.8,10.0,450.0,0.6884796777343751,False,CALL,2026-04-17,U
U260417C00043000,43.0,3.05,3.25,3.45,25.0,601.0,0.6921417504882813,False,CALL,2026-04-17,U
U260417C00044000,44.0,3.1,2.99,3.15,14.0,598.0,0.6950714086914063,False,CALL,2026-04-17,U
U260417C00045000,45.0,2.86,2.72,2.84,173.0,1739.0,0.6931183032226562,False,CALL,2026-04-17,U
U260417C00046000,46.0,2.32,2.19,2.59,10.0,704.0,0.6726106958007814,False,CALL,2026-04-17,U
U260417C00047000,47.0,2.16,2.22,2.34,18.0,810.0,0.6909210595703126,False,CALL,2026-04-17,U
U260417C00048000,48.0,1.95,2.0,2.12,11.0,388.0,0.689700368652344,False,CALL,2026-04-17,U
U260417C00049000,49.0,2.6,1.81,1.92,4.0,266.0,0.6894562304687502,False,CALL,2026-04-17,U
U260417C00050000,50.0,1.71,1.65,1.76,83.0,1844.0,0.692385888671875,False,CALL,2026-04-17,U
U260417P00028000,28.0,0.64,0.81,1.0,1.0,121.0,0.702151416015625,False,PUT,2026-04-17,U
U260417P00030000,30.0,1.35,1.3,1.39,17.0,153.0,0.6953155468750001,False,PUT,2026-04-17,U
U260417P00032000,32.0,1.95,1.85,1.94,25.0,3251.0,0.6860382958984376,False,PUT,2026-04-17,U
U260417P00035000,35.0,3.09,2.91,3.0,12.0,886.0,0.6713900048828126,False,PUT,2026-04-17,U
U260417P00036000,36.0,3.5,3.3,3.45,19.0,194.0,0.6665072412109377,False,PUT,2026-04-17,U
U260417P00037000,37.0,3.95,3.75,3.9,29.0,1023.0,0.6611362011718751,False,PUT,2026-04-17,U
U260417P00038000,38.0,4.4,4.25,4.6,17.0,214.0,0.6726106958007814,False,PUT,2026-04-17,U
U260417P00039000,39.0,4.95,4.8,4.95,10.0,204.0,0.6577182666015625,True,PUT,2026-04-17,U
U260417P00040000,40.0,5.45,5.35,5.5,155.0,309.0,0.6525913647460939,True,PUT,2026-04-17,U
U260417P00041000,41.0,4.45,5.9,6.4,6.0,168.0,0.6674837939453127,True,PUT,2026-04-17,U
U260417P00042000,42.0,6.79,6.5,7.1,2.0,308.0,0.6677279321289065,True,PUT,2026-04-17,U
U260417P00043000,43.0,7.65,7.15,7.75,5.0,309.0,0.6640658593750002,True,PUT,2026-04-17,U
U260417P00044000,44.0,7.9,7.9,8.3,2.0,256.0,0.6562534375000001,True,PUT,2026-04-17,U
U260417P00045000,45.0,7.23,8.65,8.85,25.0,446.0,0.6447789428710937,True,PUT,2026-04-17,U
U260417P00046000,46.0,6.65,9.2,9.6,4.0,250.0,0.6286658227539064,True,PUT,2026-04-17,U
U260417P00047000,47.0,10.6,9.9,10.75,2.0,181.0,0.6516148120117189,True,PUT,2026-04-17,U
U260417P00048000,48.0,10.95,10.75,11.15,1.0,262.0,0.6235389208984375,True,PUT,2026-04-17,U
U260417P00049000,49.0,11.8,11.5,12.5,1.0,182.0,0.6623568920898439,True,PUT,2026-04-17,U
U260417P00050000,50.0,11.15,12.25,13.3,2.0,125.0,0.6528355029296876,True,PUT,2026-04-17,U
U260515C00028000,28.0,19.14,11.55,13.6,1.0,20.0,0.8037129003906249,True,CALL,2026-05-15,U
U260515C00030000,30.0,14.5,10.1,12.05,2.0,47.0,0.7778342529296876,True,CALL,2026-05-15,U
U260515C00032000,32.0,13.12,9.2,10.1,2.0,212.0,0.7514673291015624,True,CALL,2026-05-15,U
U260515C00035000,35.0,7.7,7.8,8.3,1.0,298.0,0.7622094091796876,True,CALL,2026-05-15,U
U260515C00036000,36.0,9.17,7.25,7.75,1.0,148.0,0.75586181640625,True,CALL,2026-05-15,U
U260515C00037000,37.0,10.1,6.4,7.05,2.0,178.0,0.7182645361328125,True,CALL,2026-05-15,U
U260515C00038000,38.0,6.2,5.95,6.55,17.0,353.0,0.7158231542968749,True,CALL,2026-05-15,U
U260515C00039000,39.0,6.0,5.85,6.05,9.0,33.0,0.7314479980468749,False,CALL,2026-05-15,U
U260515C00040000,40.0,5.3,4.95,5.7,10.0,436.0,0.7045927978515626,False,CALL,2026-05-15,U
U260515C00041000,41.0,4.7,4.95,5.25,117.0,131.0,0.7229031616210937,False,CALL,2026-05-15,U
U260515C00042000,42.0,4.35,4.3,4.9,17.0,280.0,0.7055693505859376,False,CALL,2026-05-15,U
U260515C00043000,43.0,5.75,3.95,4.65,9.0,156.0,0.7092314233398438,False,CALL,2026-05-15,U
U260515C00044000,44.0,4.08,4.0,4.3,1.0,120.0,0.72851833984375,False,CALL,2026-05-15,U
U260515C00045000,45.0,3.9,3.65,4.0,14.0,1252.0,0.7243679907226561,False,CALL,2026-05-15,U
U260515C00046000,46.0,3.35,3.45,3.65,8.0,116.0,0.7238797143554687,False,CALL,2026-05-15,U
U260515C00047000,47.0,3.2,3.2,3.35,1.0,506.0,0.7211941943359376,False,CALL,2026-05-15,U
U260515C00048000,48.0,3.0,2.99,3.15,1.0,539.0,0.7251004052734374,False,CALL,2026-05-15,U
U260515C00049000,49.0,3.32,2.7,2.9,4.0,177.0,0.7187528125,False,CALL,2026-05-15,U
U260515C00050000,50.0,2.35,2.57,2.74,8.0,3884.0,0.726565234375,False,CALL,2026-05-15,U
U260515P00028000,28.0,1.38,1.28,1.65,1.0,212.0,0.7241238525390624,False,PUT,2026-05-15,U
U260515P00030000,30.0,2.04,1.94,2.2,18.0,258.0,0.726565234375,False,PUT,2026-05-15,U
U260515P00032000,32.0,2.56,2.58,2.75,17.0,2302.0,0.7087431469726562,False,PUT,2026-05-15,U
U260515P00035000,35.0,3.78,3.7,3.9,16.0,923.0,0.6894562304687502,False,PUT,2026-05-15,U
U260515P00036000,36.0,3.0,4.15,4.5,15.0,81.0,0.6950714086914063,False,PUT,2026-05-15,U
U260515P00037000,37.0,4.7,4.65,5.05,5.0,161.0,0.6965362377929689,False,PUT,2026-05-15,U
U260515P00038000,38.0,4.05,5.15,5.5,1.0,80.0,0.6882355395507813,False,PUT,2026-05-15,U
U260515P00039000,39.0,5.6,5.7,6.05,14.0,822.0,0.6860382958984376,True,PUT,2026-05-15,U
U260515P00040000,40.0,6.15,6.25,6.7,1.0,660.0,0.6867707104492189,True,PUT,2026-05-15,U
U260515P00041000,41.0,7.05,6.85,7.2,11.0,69.0,0.6782258740234376,True,PUT,2026-05-15,U
U260515P00042000,42.0,7.7,7.45,7.85,19.0,602.0,0.6757844921875001,True,PUT,2026-05-15,U
U260515P00043000,43.0,5.82,7.9,8.55,1.0,124.0,0.664309997558594,True,PUT,2026-05-15,U
U260515P00044000,44.0,7.15,8.6,9.35,31.0,299.0,0.6711458666992189,True,PUT,2026-05-15,U
U260515P00045000,45.0,9.54,9.25,9.95,100.0,1903.0,0.6601596484375001,True,PUT,2026-05-15,U
U260515P00046000,46.0,8.0,9.9,10.8,2.0,195.0,0.6621127539062501,True,PUT,2026-05-15,U
U260515P00047000,47.0,9.3,10.4,11.6,3.0,280.0,0.648441015625,True,PUT,2026-05-15,U
U260515P00048000,48.0,10.15,11.45,12.4,13.0,200.0,0.6679720703125002,True,PUT,2026-05-15,U
U260515P00049000,49.0,9.75,12.2,13.2,13.0,136.0,0.6660189648437502,True,PUT,2026-05-15,U
U260515P00050000,50.0,11.55,13.05,14.05,12.0,92.0,0.672122419433594,True,PUT,2026-05-15,U
U260618C00030000,30.0,13.51,11.0,11.95,97.0,1622.0,0.7351100708007812,True,CALL,2026-06-18,U
U260618C00032000,32.0,15.09,9.75,10.6,1.0,105.0,0.7226590234375,True,CALL,2026-06-18,U
U260618C00035000,35.0,7.97,8.4,8.8,80.0,318.0,0.7272976489257812,True,CALL,2026-06-18,U
U260618C00037000,37.0,7.45,7.4,7.8,47.0,963.0,0.7216824707031251,True,CALL,2026-06-18,U
U260618C00040000,40.0,6.28,6.1,6.35,26.0,1099.0,0.7082548706054688,False,CALL,2026-06-18,U
U260618C00042000,42.0,5.0,5.3,5.6,20.0,233.0,0.70312796875,False,CALL,2026-06-18,U
U260618C00045000,45.0,4.05,4.35,4.65,20.0,2107.0,0.7022734851074219,False,CALL,2026-06-18,U
U260618C00047000,47.0,3.8,3.75,4.05,3.0,1154.0,0.6958038232421876,False,CALL,2026-06-18,U
U260618C00050000,50.0,3.25,3.15,3.3,249.0,3854.0,0.6976348596191408,False,CALL,2026-06-18,U
U260618P00030000,30.0,2.36,2.18,2.56,22.0,1433.0,0.6772493212890626,False,PUT,2026-06-18,U
U260618P00032000,32.0,3.05,2.85,3.1,3.0,2334.0,0.65820654296875,False,PUT,2026-06-18,U
U260618P00035000,35.0,4.3,4.1,4.4,22.0,617.0,0.6525913647460939,False,PUT,2026-06-18,U
U260618P00037000,37.0,5.3,5.05,5.3,3.0,316.0,0.6423375610351563,False,PUT,2026-06-18,U
U260618P00040000,40.0,6.75,6.6,7.15,14.0,2231.0,0.6401403173828125,True,PUT,2026-06-18,U
U260618P00042000,42.0,8.0,7.8,8.2,3.0,1887.0,0.6252478881835939,True,PUT,2026-06-18,U
U260618P00045000,45.0,8.6,9.8,10.45,1.0,1037.0,0.6312292736816407,True,PUT,2026-06-18,U
U260618P00047000,47.0,11.75,11.2,11.95,1.0,427.0,0.6284216845703126,True,PUT,2026-06-18,U
U260618P00050000,50.0,12.05,13.5,14.35,1.0,546.0,0.6296423754882813,True,PUT,2026-06-18,U
U260821C00030000,30.0,13.05,11.8,13.05,1.0,12.0,0.7192410888671875,True,CALL,2026-08-21,U
U260821C00035000,35.0,9.88,9.7,10.1,141.0,238.0,0.7276638562011719,True,CALL,2026-08-21,U
U260821C00036000,36.0,9.2,8.85,9.8,2.0,13.0,0.7163114306640624,True,CALL,2026-08-21,U
U260821C00037000,37.0,10.12,8.65,9.45,2.0,18.0,0.7312038598632812,True,CALL,2026-08-21,U
U260821C00038000,38.0,10.45,7.65,9.05,2.0,52.0,0.7053252124023439,True,CALL,2026-08-21,U
U260821C00039000,39.0,9.55,7.3,8.65,4.0,4.0,0.7075224560546876,False,CALL,2026-08-21,U
U260821C00040000,40.0,8.49,7.45,7.9,7.0,52.0,0.7146024633789063,False,CALL,2026-08-21,U
U260821C00041000,41.0,8.75,6.55,7.85,3.0,46.0,0.7048369360351563,False,CALL,2026-08-21,U
U260821C00042000,42.0,7.5,6.25,7.5,200.0,83.0,0.7066679724121094,False,CALL,2026-08-21,U
U260821C00043000,43.0,8.75,6.3,6.75,38.0,78.0,0.7048369360351563,False,CALL,2026-08-21,U
U260821C00044000,44.0,8.35,6.0,6.9,2.0,6.0,0.725466612548828,False,CALL,2026-08-21,U
U260821C00045000,45.0,5.41,5.5,6.15,2.0,72.0,0.6972686523437501,False,CALL,2026-08-21,U
U260821C00046000,46.0,7.22,5.1,5.7,40.0,428.0,0.6850617431640625,False,CALL,2026-08-21,U
U260821C00047000,47.0,6.48,5.1,5.6,244.0,125.0,0.7041045214843751,False,CALL,2026-08-21,U
U260821C00048000,48.0,6.45,4.5,5.55,1.0,53.0,0.6982452050781252,False,CALL,2026-08-21,U
U260821C00049000,49.0,6.25,4.55,5.55,80.0,40.0,0.7219266088867188,False,CALL,2026-08-21,U
U260821C00050000,50.0,4.15,4.35,4.8,68.0,354.0,0.7005645178222657,False,CALL,2026-08-21,U
U260821P00030000,30.0,2.88,3.05,3.45,2.0,718.0,0.6650424121093752,False,PUT,2026-08-21,U
U260821P00035000,35.0,4.55,5.1,5.7,15.0,40.0,0.6511265356445313,False,PUT,2026-08-21,U
U260821P00036000,36.0,4.9,5.55,5.9,11.0,27.0,0.6323278955078125,False,PUT,2026-08-21,U
U260821P00037000,37.0,5.1,5.7,6.7,10.0,14.0,0.6259803027343751,False,PUT,2026-08-21,U
U260821P00038000,38.0,6.65,6.55,7.05,4.0,15.0,0.6290320300292969,False,PUT,2026-08-21,U
U260821P00039000,39.0,6.4,7.15,7.85,7.0,9.0,0.6389196264648438,True,PUT,2026-08-21,U
U260821P00040000,40.0,7.7,7.35,8.35,414.0,36.0,0.6159706372070313,True,PUT,2026-08-21,U
U260821P00041000,41.0,8.6,7.9,8.8,30.0,173.0,0.6047402807617189,True,PUT,2026-08-21,U
U260821P00042000,42.0,8.2,8.95,9.7,1.0,155.0,0.6330603100585939,True,PUT,2026-08-21,U
U260821P00043000,43.0,8.55,9.4,10.4,19.0,244.0,0.6250037500000001,True,PUT,2026-08-21,U
U260821P00044000,44.0,9.05,9.75,11.0,7.0,66.0,0.6068154553222658,True,PUT,2026-08-21,U
U260821P00045000,45.0,9.5,10.9,11.7,14.0,94.0,0.626102371826172,True,PUT,2026-08-21,U
U260821P00046000,46.0,10.26,11.6,12.45,2.0,64.0,0.6265906481933594,True,PUT,2026-08-21,U
U260821P00047000,47.0,11.28,11.8,13.15,282.0,252.0,0.6015664843750002,True,PUT,2026-08-21,U
U260821P00048000,48.0,11.97,13.0,13.9,40.0,120.0,0.6214637463378907,True,PUT,2026-08-21,U
U260821P00049000,49.0,12.85,13.8,14.65,3.0,103.0,0.6225623681640625,True,PUT,2026-08-21,U
U260821P00050000,50.0,13.15,14.35,15.5,6.0,151.0,0.6154823608398439,True,PUT,2026-08-21,U
U270115C00030000,30.0,14.4,13.5,14.9,6.0,4828.0,0.7010527941894531,True,CALL,2027-01-15,U
U270115C00032000,32.0,16.8,12.5,14.55,4.0,774.0,0.725588681640625,True,CALL,2027-01-15,U
U270115C00035000,35.0,12.08,11.85,12.3,26.0,896.0,0.7158231542968749,True,CALL,2027-01-15,U
U270115C00037000,37.0,11.16,11.0,11.45,32.0,2278.0,0.7124052197265626,True,CALL,2027-01-15,U
U270115C00040000,40.0,10.08,9.8,10.25,132.0,9327.0,0.7054472814941408,False,CALL,2027-01-15,U
U270115C00042000,42.0,9.55,9.0,10.2,66.0,7421.0,0.7219266088867188,False,CALL,2027-01-15,U
U270115C00045000,45.0,8.0,8.0,8.6,9.0,1115.0,0.6956817541503908,False,CALL,2027-01-15,U
U270115C00047000,47.0,9.3,7.4,8.7,4.0,310.0,0.715701085205078,False,CALL,2027-01-15,U
U270115C00050000,50.0,6.95,6.7,7.2,81.0,1697.0,0.6927520959472657,False,CALL,2027-01-15,U
U270115P00030000,30.0,4.55,4.4,4.8,3.0,902.0,0.6245154736328126,False,PUT,2027-01-15,U
U270115P00032000,32.0,4.85,5.3,5.85,1.0,1366.0,0.6259803027343751,False,PUT,2027-01-15,U
U270115P00035000,35.0,7.15,6.45,7.2,1.0,394.0,0.6013223461914063,False,PUT,2027-01-15,U
U270115P00037000,37.0,7.0,7.8,8.45,3.0,917.0,0.6129189099121095,False,PUT,2027-01-15,U
U270115P00040000,40.0,9.9,9.6,9.95,214.0,117.0,0.599735447998047,True,PUT,2027-01-15,U
U270115P00042000,42.0,9.3,10.55,11.5,30.0,150.0,0.5960733752441407,True,PUT,2027-01-15,U
U270115P00045000,45.0,12.0,12.65,13.55,33.0,103.0,0.596683720703125,True,PUT,2027-01-15,U
U270115P00047000,47.0,12.19,13.5,15.0,3.0,14.0,0.5773968041992188,True,PUT,2027-01-15,U
U270115P00050000,50.0,14.72,16.2,17.2,15.0,22.0,0.5903361279296876,True,PUT,2027-01-15,U
U271217C00030000,30.0,21.35,16.9,19.4,5.0,186.0,0.7445093908691407,True,CALL,2027-12-17,U
U271217C00032000,32.0,21.75,15.85,18.55,24.0,40.0,0.7336452416992187,True,CALL,2027-12-17,U
U271217C00035000,35.0,17.15,14.0,17.3,1.0,642.0,0.7070341796875,True,CALL,2027-12-17,U
U271217C00037000,37.0,16.2,14.5,16.2,1.0,173.0,0.7279079943847657,True,CALL,2027-12-17,U
U271217C00040000,40.0,14.2,13.55,14.6,85.0,126.0,0.7098417687988281,False,CALL,2027-12-17,U
U271217C00042000,42.0,13.55,12.4,13.6,3.0,243.0,0.6848786395263673,False,CALL,2027-12-17,U
U271217C00045000,45.0,13.46,11.15,12.95,77.0,105.0,0.678836219482422,False,CALL,2027-12-17,U
U271217C00047000,47.0,13.4,10.6,13.25,5.0,96.0,0.6979400323486329,False,CALL,2027-12-17,U
U271217C00050000,50.0,11.51,10.9,11.75,96.0,1914.0,0.7033721069335939,False,CALL,2027-12-17,U
U271217P00030000,30.0,6.32,5.65,7.65,16.0,172.0,0.5717816259765626,False,PUT,2027-12-17,U
U271217P00032000,32.0,7.14,6.65,9.5,5.0,30.0,0.5913126806640626,False,PUT,2027-12-17,U
U271217P00035000,35.0,8.6,8.15,10.9,6.0,74.0,0.5739788696289063,False,PUT,2027-12-17,U
U271217P00037000,37.0,10.15,10.45,13.2,1.0,30.0,0.629886513671875,False,PUT,2027-12-17,U
U271217P00040000,40.0,12.35,12.25,14.25,6.0,45.0,0.6010782080078126,True,PUT,2027-12-17,U
U271217P00042000,42.0,13.85,14.15,16.75,1.0,1.0,0.6423985955810547,True,PUT,2027-12-17,U
U271217P00045000,45.0,14.55,15.4,16.7,2.0,14.0,0.567265069580078,True,PUT,2027-12-17,U
U271217P00047000,47.0,16.65,16.45,18.2,2.0,5.0,0.5584760949707033,True,PUT,2027-12-17,U
U271217P00050000,50.0,18.03,18.7,21.65,10.0,11.0,0.5867961242675781,True,PUT,2027-12-17,U
U280121C00028000,28.0,21.5,17.0,20.6,1.0,21.0,0.7153348779296875,True,CALL,2028-01-21,U
U280121C00030000,30.0,21.0,16.1,19.7,1.0,65.0,0.710940390625,True,CALL,2028-01-21,U
U280121C00033000,33.0,17.05,15.6,18.55,5.0,57.0,0.7297390307617188,True,CALL,2028-01-21,U
U280121C00035000,35.0,19.0,14.8,16.75,2.0,50.0,0.6965362377929689,True,CALL,2028-01-21,U
U280121C00038000,38.0,17.25,13.75,16.45,1.0,58.0,0.7136869451904297,True,CALL,2028-01-21,U
U280121C00040000,40.0,14.55,14.3,15.0,118.0,132.0,0.7219266088867188,False,CALL,2028-01-21,U
U280121C00042000,42.0,15.9,13.05,14.65,9.0,88.0,0.7104521142578125,False,CALL,2028-01-21,U
U280121C00045000,45.0,13.2,12.25,13.2,98.0,875.0,0.6949493395996094,False,CALL,2028-01-21,U
U280121C00047000,47.0,14.0,11.1,13.75,2.0,92.0,0.7048369360351563,False,CALL,2028-01-21,U
U280121C00050000,50.0,11.9,11.4,12.2,118.0,538.0,0.7086210778808593,False,CALL,2028-01-21,U
U280121P00028000,28.0,5.14,5.95,6.8,1.0,29.0,0.6051064880371095,False,PUT,2028-01-21,U
U280121P00030000,30.0,6.5,6.85,7.7,4.0,62.0,0.5949747534179688,False,PUT,2028-01-21,U
U280121P00033000,33.0,7.27,8.35,9.4,1.0,15.0,0.5892375061035158,False,PUT,2028-01-21,U
U280121P00035000,35.0,9.98,9.4,10.45,1.0,16.0,0.5810588769531251,False,PUT,2028-01-21,U
U280121P00038000,38.0,10.9,11.2,12.2,1.0,7.0,0.5750164569091796,False,PUT,2028-01-21,U
U280121P00040000,40.0,13.0,11.2,13.6,1.0,32.0,0.5446212530517578,True,PUT,2028-01-21,U
U280121P00042000,42.0,13.09,12.1,14.95,1.0,10.0,0.5337571038818358,True,PUT,2028-01-21,U
U280121P00045000,45.0,16.62,15.95,17.65,10.0,48.0,0.5886881951904297,True,PUT,2028-01-21,U
U280121P00047000,47.0,15.8,16.85,18.35,2.0,17.0,0.5576216113281252,True,PUT,2028-01-21,U
U280121P00050000,50.0,17.2,18.85,20.5,31.0,33.0,0.5493209130859377,True,PUT,2028-01-21,U
UA260220C00005000,5.0,1.0,1.0,1.1,272.0,2327.0,0.8320329296874999,True,CALL,2026-02-20,UA
UA260220C00007500,7.5,0.06,0.05,0.1,31.0,4014.0,0.7929708203125,False,CALL,2026-02-20,UA
UA260220P00005000,5.0,0.08,0.05,0.1,11.0,1714.0,0.6640658593750002,False,PUT,2026-02-20,UA
UA260220P00007500,7.5,1.65,1.25,1.9,30.0,52.0,1.3398470507812497,True,PUT,2026-02-20,UA
UA260320C00005000,5.0,1.15,1.0,1.2,1.0,271.0,0.64062859375,True,CALL,2026-03-20,UA
UA260320C00007500,7.5,0.14,0.1,0.15,32.0,236.0,0.6250037500000001,False,CALL,2026-03-20,UA
UA260320P00005000,5.0,0.13,0.05,0.15,33.0,306.0,0.5839885351562499,False,PUT,2026-03-20,UA
UA260320P00007500,7.5,1.95,1.6,1.85,1.0,17.0,0.648441015625,True,PUT,2026-03-20,UA
UA260417C00005000,5.0,1.16,1.05,1.25,2.0,3280.0,0.57812921875,True,CALL,2026-04-17,UA
UA260417C00007500,7.5,0.16,0.15,0.25,358.0,6419.0,0.59570716796875,False,CALL,2026-04-17,UA
UA260417P00005000,5.0,0.2,0.15,0.25,1.0,2462.0,0.5351608984375,False,PUT,2026-04-17,UA
UA260417P00007500,7.5,1.5,1.3,2.0,6.0,36.0,0.8261736132812498,True,PUT,2026-04-17,UA
UA260717C00005000,5.0,1.42,1.35,1.5,39.0,2447.0,0.6074258007812501,True,CALL,2026-07-17,UA
UA260717C00007500,7.5,0.34,0.3,0.45,1179.0,3239.0,0.5351608984375,False,CALL,2026-07-17,UA
UA260717P00005000,5.0,0.35,0.3,0.5,3.0,553.0,0.524418818359375,False,PUT,2026-07-17,UA
UA260717P00007500,7.5,1.86,1.75,1.95,5.0,36.0,0.5293015820312501,True,PUT,2026-07-17,UA
UA270115C00005000,5.0,1.75,1.7,1.8,34.0,5367.0,0.5888712988281251,True,CALL,2027-01-15,UA
UA270115C00007500,7.5,0.73,0.7,0.75,34.0,2241.0,0.5312546875,False,CALL,2027-01-15,UA
UA270115P00005000,5.0,0.66,0.55,0.75,14.0,485.0,0.5459029785156251,False,PUT,2027-01-15,UA
UA270115P00007500,7.5,2.1,2.0,2.2,14.0,14.0,0.48340360351562506,True,PUT,2027-01-15,UA
UA280121C00005000,5.0,2.35,2.2,2.4,4.0,2759.0,0.6084023535156251,True,CALL,2028-01-21,UA
UA280121C00007500,7.5,1.22,1.15,1.4,8.0,693.0,0.5371140039062501,False,CALL,2028-01-21,UA
UA280121P00005000,5.0,1.0,0.0,3.3,30.0,1034.0,0.7070341796875,False,PUT,2028-01-21,UA
UA280121P00007500,7.5,2.24,1.1,4.0,21.0,60.0,0.8945323046874999,True,PUT,2028-01-21,UA
UAA260220C00005000,5.0,1.13,1.05,1.2,2.0,2595.0,0.73437765625,True,CALL,2026-02-20,UAA
UAA260220C00006000,6.0,0.41,0.4,0.45,62.0,15138.0,0.6679720703125002,True,CALL,2026-02-20,UAA
UAA260220C00007000,7.0,0.12,0.1,0.15,228.0,2629.0,0.6914093359375001,False,CALL,2026-02-20,UAA
UAA260220P00005000,5.0,0.08,0.05,0.1,3.0,4421.0,0.7187528125,False,PUT,2026-02-20,UAA
UAA260220P00006000,6.0,0.36,0.35,0.4,162.0,1881.0,0.6601596484375001,False,PUT,2026-02-20,UAA
UAA260220P00007000,7.0,1.1,1.0,1.15,3.0,598.0,0.6796907031250001,True,PUT,2026-02-20,UAA
UAA260320C00005000,5.0,1.5,1.0,1.3,20.0,60.0,0.5429733203125001,True,CALL,2026-03-20,UAA
UAA260320C00006000,6.0,0.55,0.5,0.6,1.0,178.0,0.58789474609375,True,CALL,2026-03-20,UAA
UAA260320C00007000,7.0,0.23,0.2,0.25,1.0,481.0,0.6015664843750002,False,CALL,2026-03-20,UAA
UAA260320P00005000,5.0,0.15,0.1,0.2,1.0,55.0,0.6250037500000001,False,PUT,2026-03-20,UAA
UAA260320P00006000,6.0,0.47,0.45,0.5,28.0,104.0,0.5546919531250001,False,PUT,2026-03-20,UAA
UAA260320P00007000,7.0,0.88,1.1,1.2,2.0,41.0,0.5625043750000001,True,PUT,2026-03-20,UAA
UAA260417C00005000,5.0,1.27,1.2,1.35,7.0,22025.0,0.6054726953125001,True,CALL,2026-04-17,UAA
UAA260417C00006000,6.0,0.64,0.6,0.65,79.0,15027.0,0.5410202148437502,True,CALL,2026-04-17,UAA
UAA260417C00007000,7.0,0.26,0.25,0.35,33.0,6850.0,0.5585981640625001,False,CALL,2026-04-17,UAA
UAA260417P00005000,5.0,0.2,0.15,0.25,9.0,14881.0,0.56836369140625,False,PUT,2026-04-17,UAA
UAA260417P00006000,6.0,0.53,0.5,0.6,1.0,962.0,0.5136767382812499,False,PUT,2026-04-17,UAA
UAA260417P00007000,7.0,0.95,1.15,1.3,59.0,108.0,0.5293015820312501,True,PUT,2026-04-17,UAA
UAA260717C00005000,5.0,1.55,1.45,1.55,30.0,983.0,0.5918009570312501,True,CALL,2026-07-17,UAA
UAA260717C00006000,6.0,0.85,0.85,1.0,1.0,5192.0,0.5537154003906251,True,CALL,2026-07-17,UAA
UAA260717C00007000,7.0,0.57,0.45,0.65,27.0,193.0,0.5400436621093752,False,CALL,2026-07-17,UAA
UAA260717P00005000,5.0,0.3,0.3,0.45,21.0,484.0,0.5293015820312501,False,PUT,2026-07-17,UAA
UAA260717P00006000,6.0,0.7,0.7,0.85,1.0,115.0,0.5351608984375,False,PUT,2026-07-17,UAA
UAA260717P00007000,7.0,1.25,1.3,1.5,20.0,21.0,0.5371140039062501,True,PUT,2026-07-17,UAA
UAA261218C00005000,5.0,1.85,1.7,1.85,3.0,753.0,0.577152666015625,True,CALL,2026-12-18,UAA
UAA261218C00007500,7.5,0.75,0.65,0.8,105.0,2414.0,0.5293015820312501,False,CALL,2026-12-18,UAA
UAA261218P00005000,5.0,0.55,0.5,0.65,4.0,3477.0,0.534184345703125,False,PUT,2026-12-18,UAA
UAA261218P00007500,7.5,1.75,1.85,2.05,1.0,219.0,0.47070841796875,True,PUT,2026-12-18,UAA
UAA270115C00005000,5.0,1.84,1.85,1.9,469.0,9850.0,0.6044961425781252,True,CALL,2027-01-15,UAA
UAA270115C00007500,7.5,0.8,0.7,0.85,75.0,32006.0,0.5288133056640626,False,CALL,2027-01-15,UAA
UAA270115P00005000,5.0,0.5,0.5,0.65,1.0,120991.0,0.5127001855468749,False,PUT,2027-01-15,UAA
UAA270115P00007500,7.5,2.0,1.9,2.1,5.0,115300.0,0.47363807617187503,True,PUT,2027-01-15,UAA
UAA280121C00005000,5.0,2.4,2.25,2.5,6.0,1607.0,0.6010782080078126,True,CALL,2028-01-21,UAA
UAA280121C00007000,7.0,1.67,1.4,1.6,141.0,1246.0,0.5434615966796876,False,CALL,2028-01-21,UAA
UAA280121P00005000,5.0,0.91,0.85,1.0,225.0,300.0,0.48242705078125003,False,PUT,2028-01-21,UAA
UAA280121P00007000,7.0,2.0,1.9,2.1,63.0,126.0,0.43848217773437503,True,PUT,2028-01-21,UAA
UAL260130C00075000,75.0,29.75,26.85,30.8,1.0,7.0,2.621097197265625,True,CALL,2026-01-30,UAL
UAL260130C00080000,80.0,28.57,21.75,25.75,1.0,0.0,2.0742235644531246,True,CALL,2026-01-30,UAL
UAL260130C00090000,90.0,15.42,11.75,15.05,5.0,5.0,2.1318406079101564,True,CALL,2026-01-30,UAL
UAL260130C00092000,92.0,11.25,10.05,12.55,5.0,12.0,1.6533220458984377,True,CALL,2026-01-30,UAL
UAL260130C00093000,93.0,10.32,9.05,11.55,5.0,12.0,1.5517600537109373,True,CALL,2026-01-30,UAL
UAL260130C00096000,96.0,10.2,6.05,8.15,112.0,67.0,1.040043862304688,True,CALL,2026-01-30,UAL
UAL260130C00097000,97.0,8.25,5.35,7.5,45.0,25.0,1.11328568359375,True,CALL,2026-01-30,UAL
UAL260130C00098000,98.0,7.43,4.55,6.7,42.0,35.0,0.526371923828125,True,CALL,2026-01-30,UAL
UAL260130C00099000,99.0,6.47,3.25,5.65,11.0,47.0,0.9609378906249999,True,CALL,2026-01-30,UAL
UAL260130C00100000,100.0,3.08,2.99,4.25,401.0,55.0,0.68555001953125,True,CALL,2026-01-30,UAL
UAL260130C00101000,101.0,1.68,2.6,4.25,58.0,32.0,0.641605146484375,True,CALL,2026-01-30,UAL
UAL260130C00102000,102.0,2.15,1.91,3.15,16.0,47.0,0.5566450585937501,True,CALL,2026-01-30,UAL
UAL260130C00103000,103.0,1.28,1.65,2.0,59.0,102.0,0.5161181201171875,True,CALL,2026-01-30,UAL
UAL260130C00104000,104.0,1.0,0.99,1.38,109.0,216.0,0.5312546875,False,CALL,2026-01-30,UAL
UAL260130C00105000,105.0,0.71,0.58,0.78,26.0,320.0,0.4585015087890626,False,CALL,2026-01-30,UAL
UAL260130C00106000,106.0,0.36,0.26,0.53,166.0,1027.0,0.47070841796875,False,CALL,2026-01-30,UAL
UAL260130C00107000,107.0,0.15,0.15,0.31,160.0,376.0,0.46094289062500005,False,CALL,2026-01-30,UAL
UAL260130C00108000,108.0,0.12,0.13,0.19,185.0,425.0,0.46680220703125,False,CALL,2026-01-30,UAL
UAL260130C00109000,109.0,0.15,0.02,0.14,45.0,237.0,0.49805189453125004,False,CALL,2026-01-30,UAL
UAL260130C00110000,110.0,0.03,0.02,0.11,79.0,535.0,0.53320779296875,False,CALL,2026-01-30,UAL
UAL260130C00111000,111.0,0.05,0.01,0.1,10.0,608.0,0.5195360546875,False,CALL,2026-01-30,UAL
UAL260130C00112000,112.0,0.02,0.01,0.04,173.0,366.0,0.507817421875,False,CALL,2026-01-30,UAL
UAL260130C00113000,113.0,0.02,0.01,0.08,4.0,399.0,0.6054726953125001,False,CALL,2026-01-30,UAL
UAL260130C00114000,114.0,0.02,0.0,0.04,7.0,318.0,0.585941640625,False,CALL,2026-01-30,UAL
UAL260130C00115000,115.0,0.01,0.01,0.03,650.0,1240.0,0.6250037500000001,False,CALL,2026-01-30,UAL
UAL260130C00116000,116.0,0.02,0.0,0.06,29.0,1246.0,0.710940390625,False,CALL,2026-01-30,UAL
UAL260130C00117000,117.0,0.03,0.0,0.07,8.0,147.0,0.773439765625,False,CALL,2026-01-30,UAL
UAL260130C00118000,118.0,0.02,0.0,0.04,17.0,151.0,0.7578149218750001,False,CALL,2026-01-30,UAL
UAL260130C00119000,119.0,0.05,0.0,0.06,13.0,97.0,0.8437515624999999,False,CALL,2026-01-30,UAL
UAL260130C00120000,120.0,0.01,0.0,0.01,14.0,619.0,0.7187528125,False,CALL,2026-01-30,UAL
UAL260130C00121000,121.0,0.45,0.0,0.03,3.0,229.0,0.851563984375,False,CALL,2026-01-30,UAL
UAL260130C00122000,122.0,0.04,0.0,0.06,1.0,139.0,0.9687503125,False,CALL,2026-01-30,UAL
UAL260130C00123000,123.0,0.01,0.0,0.07,31.0,44.0,1.0312548437500002,False,CALL,2026-01-30,UAL
UAL260130C00124000,124.0,0.03,0.0,0.07,1.0,36.0,1.0703171484375003,False,CALL,2026-01-30,UAL
UAL260130C00125000,125.0,0.06,0.0,0.06,5.0,283.0,1.09375453125,False,CALL,2026-01-30,UAL
UAL260130C00126000,126.0,0.01,0.0,0.06,1.0,158.0,1.1328168359375002,False,CALL,2026-01-30,UAL
UAL260130C00127000,127.0,0.03,0.0,0.04,2.0,24.0,1.109379453125,False,CALL,2026-01-30,UAL
UAL260130C00128000,128.0,0.05,0.0,0.07,21.0,24.0,1.2343788281249999,False,CALL,2026-01-30,UAL
UAL260130C00129000,129.0,0.03,0.0,0.06,1.0,5.0,1.2500037499999999,False,CALL,2026-01-30,UAL
UAL260130C00130000,130.0,0.02,0.0,0.02,4.0,286.0,1.140629296875,False,CALL,2026-01-30,UAL
UAL260130C00131000,131.0,0.46,0.0,0.48,1.0,9.0,1.8027353613281247,False,CALL,2026-01-30,UAL
UAL260130P00075000,75.0,0.03,0.0,2.13,27.0,42.0,3.41406396484375,False,PUT,2026-01-30,UAL
UAL260130P00080000,80.0,0.02,0.0,0.01,3.0,45.0,1.21875390625,False,PUT,2026-01-30,UAL
UAL260130P00085000,85.0,0.01,0.0,1.0,35.0,143.0,1.9160160449218753,False,PUT,2026-01-30,UAL
UAL260130P00090000,90.0,0.02,0.0,0.08,24.0,127.0,0.8906260937499999,False,PUT,2026-01-30,UAL
UAL260130P00092000,92.0,0.01,0.0,0.08,5.0,888.0,0.773439765625,False,PUT,2026-01-30,UAL
UAL260130P00093000,93.0,0.07,0.0,0.07,1.0,44.0,0.6953155468750001,False,PUT,2026-01-30,UAL
UAL260130P00094000,94.0,0.16,0.0,0.05,16.0,185.0,0.6015664843750002,False,PUT,2026-01-30,UAL
UAL260130P00095000,95.0,0.09,0.01,0.05,27.0,738.0,0.5625043750000001,False,PUT,2026-01-30,UAL
UAL260130P00096000,96.0,0.09,0.0,0.79,5.0,167.0,0.87500125,False,PUT,2026-01-30,UAL
UAL260130P00097000,97.0,0.1,0.01,0.49,1.0,50.0,0.6894562304687502,False,PUT,2026-01-30,UAL
UAL260130P00098000,98.0,0.29,0.05,0.35,2.0,156.0,0.5722699023437501,False,PUT,2026-01-30,UAL
UAL260130P00099000,99.0,0.2,0.08,0.41,6.0,80.0,0.5214891601562499,False,PUT,2026-01-30,UAL
UAL260130P00100000,100.0,0.35,0.12,0.29,35.0,422.0,0.46191944335937507,False,PUT,2026-01-30,UAL
UAL260130P00101000,101.0,0.5,0.3,0.61,28.0,293.0,0.5112353564453125,False,PUT,2026-01-30,UAL
UAL260130P00102000,102.0,1.42,0.43,0.99,27.0,149.0,0.5351608984375,False,PUT,2026-01-30,UAL
UAL260130P00103000,103.0,1.5,0.74,1.09,58.0,310.0,0.43164630859375,False,PUT,2026-01-30,UAL
UAL260130P00104000,104.0,2.14,1.12,2.56,585.0,1335.0,0.5112353564453125,True,PUT,2026-01-30,UAL
UAL260130P00105000,105.0,2.79,1.69,2.34,504.0,1578.0,0.4726615234375,True,PUT,2026-01-30,UAL
UAL260130P00106000,106.0,3.68,2.14,4.1,19.0,394.0,0.85742330078125,True,PUT,2026-01-30,UAL
UAL260130P00107000,107.0,3.66,3.15,4.25,14.0,299.0,0.65039412109375,True,PUT,2026-01-30,UAL
UAL260130P00108000,108.0,5.25,4.05,5.85,27.0,322.0,0.6054726953125001,True,PUT,2026-01-30,UAL
UAL260130P00109000,109.0,6.37,4.5,6.9,287.0,1258.0,0.5302781347656251,True,PUT,2026-01-30,UAL
UAL260130P00110000,110.0,7.0,5.95,7.0,387.0,985.0,0.7919942675781251,True,PUT,2026-01-30,UAL
UAL260130P00111000,111.0,7.91,6.65,9.2,3.0,597.0,0.823243955078125,True,PUT,2026-01-30,UAL
UAL260130P00112000,112.0,9.0,7.7,9.85,15.0,425.0,0.789064609375,True,PUT,2026-01-30,UAL
UAL260130P00113000,113.0,7.37,8.6,11.05,1.0,146.0,0.893555751953125,True,PUT,2026-01-30,UAL
UAL260130P00114000,114.0,8.82,9.65,12.3,400.0,232.0,1.0664109179687502,True,PUT,2026-01-30,UAL
UAL260130P00115000,115.0,12.0,10.6,13.3,14.0,67.0,1.1162153564453123,True,PUT,2026-01-30,UAL
UAL260130P00116000,116.0,8.89,11.6,14.15,5.0,96.0,1.125004375,True,PUT,2026-01-30,UAL
UAL260130P00117000,117.0,11.55,12.75,15.1,1.0,0.0,1.2255898095703124,True,PUT,2026-01-30,UAL
UAL260130P00118000,118.0,7.48,13.65,16.25,3.0,1.0,1.3066440917968747,True,PUT,2026-01-30,UAL
UAL260130P00119000,119.0,10.27,14.55,17.2,10.0,0.0,1.3066440917968747,True,PUT,2026-01-30,UAL
UAL260130P00120000,120.0,6.3,15.6,18.3,22.0,0.0,1.4277372363281249,True,PUT,2026-01-30,UAL
UAL260130P00121000,121.0,7.7,16.2,19.3,20.0,0.0,1.29297228515625,True,PUT,2026-01-30,UAL
UAL260130P00122000,122.0,10.8,17.6,20.3,,0.0,1.5449241503906248,True,PUT,2026-01-30,UAL
UAL260130P00123000,123.0,15.15,18.0,21.4,1.0,0.0,1.3339877050781246,True,PUT,2026-01-30,UAL
UAL260130P00125000,125.0,13.45,19.5,23.2,1.0,0.0,2.50000375,True,PUT,2026-01-30,UAL
UAL260130P00126000,126.0,14.28,20.8,24.25,,0.0,0.937500625,True,PUT,2026-01-30,UAL
UAL260130P00127000,127.0,15.23,21.6,25.3,,0.0,2.6826204809570315,True,PUT,2026-01-30,UAL
UAL260206C00075000,75.0,33.46,26.85,30.85,2.0,2.0,1.25390998046875,True,CALL,2026-02-06,UAL
UAL260206C00080000,80.0,28.51,21.9,24.65,2.0,2.0,1.394045998535156,True,CALL,2026-02-06,UAL
UAL260206C00095000,95.0,12.62,7.6,10.05,5.0,6.0,0.7446314599609375,True,CALL,2026-02-06,UAL
UAL260206C00097000,97.0,8.25,6.55,7.85,2.0,1.0,0.5981485498046876,True,CALL,2026-02-06,UAL
UAL260206C00100000,100.0,5.85,4.7,5.65,2.0,103.0,0.5727581787109376,True,CALL,2026-02-06,UAL
UAL260206C00101000,101.0,14.97,3.95,4.9,,1.0,0.5500533276367189,True,CALL,2026-02-06,UAL
UAL260206C00102000,102.0,3.13,3.3,4.15,52.0,20.0,0.5219774365234374,True,CALL,2026-02-06,UAL
UAL260206C00103000,103.0,2.58,2.74,3.45,1.0,0.0,0.49561051269531253,True,CALL,2026-02-06,UAL
UAL260206C00104000,104.0,2.5,2.24,2.87,1.0,13.0,0.48071808349609374,False,CALL,2026-02-06,UAL
UAL260206C00105000,105.0,1.83,1.77,2.46,136.0,38.0,0.48438015625,False,CALL,2026-02-06,UAL
UAL260206C00106000,106.0,1.79,1.39,1.99,13.0,66.0,0.47070841796875,False,CALL,2026-02-06,UAL
UAL260206C00107000,107.0,1.18,0.98,1.62,57.0,94.0,0.46484910156250003,False,CALL,2026-02-06,UAL
UAL260206C00108000,108.0,1.02,0.81,1.32,19.0,39.0,0.46289599609375004,False,CALL,2026-02-06,UAL
UAL260206C00109000,109.0,0.98,0.63,1.22,34.0,337.0,0.4907277490234375,False,CALL,2026-02-06,UAL
UAL260206C00110000,110.0,0.7,0.42,0.94,34.0,178.0,0.47827670166015623,False,CALL,2026-02-06,UAL
UAL260206C00111000,111.0,0.51,0.33,0.69,2.0,37.0,0.4621635815429688,False,CALL,2026-02-06,UAL
UAL260206C00112000,112.0,0.44,0.25,0.64,7.0,152.0,0.48682153808593753,False,CALL,2026-02-06,UAL
UAL260206C00113000,113.0,0.36,0.18,0.58,18.0,69.0,0.50586431640625,False,CALL,2026-02-06,UAL
UAL260206C00114000,114.0,0.32,0.08,0.38,7.0,31.0,0.47852083984375,False,CALL,2026-02-06,UAL
UAL260206C00115000,115.0,0.2,0.0,0.76,3.0,112.0,0.508793974609375,False,CALL,2026-02-06,UAL
UAL260206C00116000,116.0,0.42,0.0,0.72,2.0,94.0,0.5317429638671876,False,CALL,2026-02-06,UAL
UAL260206C00117000,117.0,0.38,0.0,0.74,5.0,25.0,0.5644574804687501,False,CALL,2026-02-06,UAL
UAL260206C00118000,118.0,0.27,0.0,0.54,5.0,42.0,0.551762294921875,False,CALL,2026-02-06,UAL
UAL260206C00119000,119.0,0.38,0.0,0.47,1.0,36.0,0.561527822265625,False,CALL,2026-02-06,UAL
UAL260206C00120000,120.0,0.07,0.0,0.1,6.0,165.0,0.500005,False,CALL,2026-02-06,UAL
UAL260206C00121000,121.0,0.28,0.0,0.43,2.0,34.0,0.6015664843750002,False,CALL,2026-02-06,UAL
UAL260206C00122000,122.0,0.16,0.01,0.34,9.0,15.0,0.6015664843750002,False,CALL,2026-02-06,UAL
UAL260206C00123000,123.0,0.69,0.0,0.3,13.0,76.0,0.6074258007812501,False,CALL,2026-02-06,UAL
UAL260206C00124000,124.0,0.2,0.0,0.3,1.0,44.0,0.63086306640625,False,CALL,2026-02-06,UAL
UAL260206C00125000,125.0,0.95,0.0,0.28,2.0,8.0,0.64648791015625,False,CALL,2026-02-06,UAL
UAL260206C00126000,126.0,0.03,0.02,0.04,4.0,18.0,0.5312546875,False,CALL,2026-02-06,UAL
UAL260206C00127000,127.0,0.36,0.0,0.27,1.0,1.0,0.68555001953125,False,CALL,2026-02-06,UAL
UAL260206C00128000,128.0,1.65,0.0,0.26,,136.0,0.702151416015625,False,CALL,2026-02-06,UAL
UAL260206C00129000,129.0,0.13,0.0,0.13,1.0,140.0,0.65039412109375,False,CALL,2026-02-06,UAL
UAL260206C00130000,130.0,0.05,0.01,0.47,12.0,73.0,0.8281267187499999,False,CALL,2026-02-06,UAL
UAL260206C00131000,131.0,0.05,0.0,0.25,1.0,2.0,0.7597680273437502,False,CALL,2026-02-06,UAL
UAL260206P00075000,75.0,0.34,0.0,0.05,,1.0,0.8281267187499999,False,PUT,2026-02-06,UAL
UAL260206P00085000,85.0,0.05,0.01,0.08,10.0,145.0,0.57812921875,False,PUT,2026-02-06,UAL
UAL260206P00090000,90.0,0.27,0.08,0.42,61.0,148.0,0.585941640625,False,PUT,2026-02-06,UAL
UAL260206P00095000,95.0,0.6,0.37,0.59,33.0,484.0,0.5127001855468749,False,PUT,2026-02-06,UAL
UAL260206P00096000,96.0,0.4,0.48,0.83,10.0,147.0,0.5297898583984376,False,PUT,2026-02-06,UAL
UAL260206P00097000,97.0,0.43,0.6,0.82,1.0,11.0,0.4804739453125,False,PUT,2026-02-06,UAL
UAL260206P00098000,98.0,1.0,0.76,1.1,6.0,338.0,0.49121602539062503,False,PUT,2026-02-06,UAL
UAL260206P00099000,99.0,1.1,0.93,1.25,2.0,53.0,0.4682670361328125,False,PUT,2026-02-06,UAL
UAL260206P00100000,100.0,1.6,1.16,1.5,92.0,935.0,0.45752495605468757,False,PUT,2026-02-06,UAL
UAL260206P00101000,101.0,1.66,1.51,1.74,110.0,141.0,0.43848217773437503,False,PUT,2026-02-06,UAL
UAL260206P00102000,102.0,2.38,1.84,2.07,9.0,323.0,0.42676354492187507,False,PUT,2026-02-06,UAL
UAL260206P00103000,103.0,2.79,2.2,2.61,3.0,57.0,0.43970286865234376,False,PUT,2026-02-06,UAL
UAL260206P00104000,104.0,3.3,2.72,3.15,1.0,66.0,0.44360907958984375,True,PUT,2026-02-06,UAL
UAL260206P00105000,105.0,4.0,3.05,3.7,18.0,172.0,0.44043528320312497,True,PUT,2026-02-06,UAL
UAL260206P00106000,106.0,5.43,3.7,4.3,6.0,117.0,0.43677321044921874,True,PUT,2026-02-06,UAL
UAL260206P00107000,107.0,5.73,4.3,5.15,9.0,33.0,0.46655806884765627,True,PUT,2026-02-06,UAL
UAL260206P00108000,108.0,5.57,5.05,5.85,18.0,190.0,0.4646049633789063,True,PUT,2026-02-06,UAL
UAL260206P00109000,109.0,7.46,5.6,7.7,5.0,47.0,0.6616244775390626,True,PUT,2026-02-06,UAL
UAL260206P00110000,110.0,8.74,6.1,8.65,23.0,226.0,0.7014190014648438,True,PUT,2026-02-06,UAL
UAL260206P00111000,111.0,7.45,7.1,9.45,3.0,221.0,0.711916943359375,True,PUT,2026-02-06,UAL
UAL260206P00112000,112.0,10.13,8.15,10.3,2.0,173.0,0.5029346582031251,True,PUT,2026-02-06,UAL
UAL260206P00113000,113.0,8.4,8.85,11.25,3.0,7.0,0.7605004418945314,True,PUT,2026-02-06,UAL
UAL260206P00114000,114.0,7.9,9.85,12.4,13.0,57.0,0.5468795312500001,True,PUT,2026-02-06,UAL
UAL260206P00115000,115.0,9.1,10.75,13.3,1.0,9.0,0.5502974658203126,True,PUT,2026-02-06,UAL
UAL260206P00116000,116.0,10.9,11.7,14.3,1.0,22.0,0.5732464550781251,True,PUT,2026-02-06,UAL
UAL260206P00117000,117.0,11.48,12.65,15.25,1.0,40.0,0.586918193359375,True,PUT,2026-02-06,UAL
UAL260206P00118000,118.0,6.54,13.65,16.25,2.0,31.0,0.6162147753906251,True,PUT,2026-02-06,UAL
UAL260206P00119000,119.0,13.15,14.7,17.3,10.0,10.0,0.6630893066406252,True,PUT,2026-02-06,UAL
UAL260206P00120000,120.0,9.25,15.65,18.3,,1.0,0.6826203613281252,True,PUT,2026-02-06,UAL
UAL260206P00121000,121.0,9.95,16.65,19.3,2.0,3.0,0.7104521142578125,True,PUT,2026-02-06,UAL
UAL260206P00122000,122.0,9.83,17.6,20.3,,0.0,0.7280300634765625,True,PUT,2026-02-06,UAL
UAL260206P00123000,123.0,10.39,18.6,21.3,,1.0,0.754885263671875,True,PUT,2026-02-06,UAL
UAL260213C00075000,75.0,32.6,26.95,30.0,2.0,0.0,1.3364290991210934,True,CALL,2026-02-13,UAL
UAL260213C00090000,90.0,21.5,12.55,14.85,,10.0,0.7158231542968749,True,CALL,2026-02-13,UAL
UAL260213C00099000,99.0,7.95,5.8,6.85,8.0,5.0,0.5014698291015626,True,CALL,2026-02-13,UAL
UAL260213C00100000,100.0,5.25,5.45,6.55,27.0,76.0,0.5417526293945314,True,CALL,2026-02-13,UAL
UAL260213C00101000,101.0,6.75,5.25,5.55,141.0,71.0,0.49121602539062503,True,CALL,2026-02-13,UAL
UAL260213C00102000,102.0,5.25,4.6,4.95,1.0,2.0,0.4858449853515625,True,CALL,2026-02-13,UAL
UAL260213C00103000,103.0,9.55,3.95,4.35,3.0,12.0,0.47632359619140624,True,CALL,2026-02-13,UAL
UAL260213C00104000,104.0,3.6,3.5,3.8,45.0,23.0,0.46802289794921875,False,CALL,2026-02-13,UAL
UAL260213C00106000,106.0,3.42,2.33,2.92,26.0,46.0,0.463872548828125,False,CALL,2026-02-13,UAL
UAL260213C00107000,107.0,2.1,2.16,2.52,1.0,54.0,0.4596001306152344,False,CALL,2026-02-13,UAL
UAL260213C00108000,108.0,1.87,1.82,2.07,26.0,10.0,0.44434149414062496,False,CALL,2026-02-13,UAL
UAL260213C00109000,109.0,1.62,1.56,1.75,6.0,50.0,0.4401911450195312,False,CALL,2026-02-13,UAL
UAL260213C00110000,110.0,1.39,1.28,1.52,18.0,61.0,0.44385321777343745,False,CALL,2026-02-13,UAL
UAL260213C00111000,111.0,1.09,0.96,1.22,39.0,46.0,0.432622861328125,False,CALL,2026-02-13,UAL
UAL260213C00112000,112.0,1.33,0.79,1.08,64.0,59.0,0.44116769775390624,False,CALL,2026-02-13,UAL
UAL260213C00113000,113.0,0.78,0.55,0.87,1.0,63.0,0.4343318286132813,False,CALL,2026-02-13,UAL
UAL260213C00114000,114.0,1.17,0.36,0.89,10.0,49.0,0.4650932397460938,False,CALL,2026-02-13,UAL
UAL260213C00115000,115.0,0.82,0.34,0.99,3.0,30.0,0.5097705273437501,False,CALL,2026-02-13,UAL
UAL260213C00116000,116.0,0.4,0.28,0.69,1.0,28.0,0.477544287109375,False,CALL,2026-02-13,UAL
UAL260213C00117000,117.0,0.32,0.05,0.49,16.0,56.0,0.4555718505859375,False,CALL,2026-02-13,UAL
UAL260213C00118000,118.0,0.44,0.0,0.76,2.0,41.0,0.5405319384765627,False,CALL,2026-02-13,UAL
UAL260213C00119000,119.0,0.32,0.0,0.67,6.0,20.0,0.543949873046875,False,CALL,2026-02-13,UAL
UAL260213C00120000,120.0,0.1,0.02,0.26,11.0,202.0,0.450200810546875,False,CALL,2026-02-13,UAL
UAL260213C00121000,121.0,0.29,0.01,0.26,2.0,10.0,0.46924358886718753,False,CALL,2026-02-13,UAL
UAL260213C00122000,122.0,0.18,0.0,2.2,5.0,7.0,0.7045927978515626,False,CALL,2026-02-13,UAL
UAL260213C00123000,123.0,0.5,0.0,1.76,2.0,1.0,0.6811555322265627,False,CALL,2026-02-13,UAL
UAL260213C00124000,124.0,1.2,0.0,1.56,,2.0,0.6801789794921876,False,CALL,2026-02-13,UAL
UAL260213C00125000,125.0,0.1,0.0,0.26,3.0,49.0,0.5434615966796876,False,CALL,2026-02-13,UAL
UAL260213C00126000,126.0,1.46,0.0,1.57,3.0,0.0,0.7231472998046875,False,CALL,2026-02-13,UAL
UAL260213C00127000,127.0,0.15,0.0,0.26,7.0,17.0,0.5107470800781251,False,CALL,2026-02-13,UAL
UAL260213C00128000,128.0,0.48,0.0,1.44,3.0,2.0,0.747072841796875,False,CALL,2026-02-13,UAL
UAL260213C00129000,129.0,2.13,0.0,1.15,2.0,2.0,0.7260769580078125,False,CALL,2026-02-13,UAL
UAL260213C00130000,130.0,0.39,0.0,1.16,1.0,9.0,0.7460962890625,False,CALL,2026-02-13,UAL
UAL260213C00131000,131.0,0.98,0.0,1.35,4.0,18.0,0.7929708203125,False,CALL,2026-02-13,UAL
UAL260213P00080000,80.0,1.16,0.0,2.16,2.0,3.0,1.021489267578125,False,PUT,2026-02-13,UAL
UAL260213P00085000,85.0,0.54,0.0,0.83,9.0,12.0,0.647464462890625,False,PUT,2026-02-13,UAL
UAL260213P00090000,90.0,0.34,0.14,0.61,1.0,12.0,0.5507857421875001,False,PUT,2026-02-13,UAL
UAL260213P00095000,95.0,0.89,0.74,0.94,23.0,61.0,0.45264219238281256,False,PUT,2026-02-13,UAL
UAL260213P00096000,96.0,1.14,0.91,1.1,1.0,12.0,0.4440973559570312,False,PUT,2026-02-13,UAL
UAL260213P00097000,97.0,1.31,1.15,1.3,13.0,41.0,0.4379939013671875,False,PUT,2026-02-13,UAL
UAL260213P00098000,98.0,1.53,1.36,1.55,5.0,215.0,0.43457596679687505,False,PUT,2026-02-13,UAL
UAL260213P00099000,99.0,1.43,1.57,1.81,1.0,29.0,0.4279842358398438,False,PUT,2026-02-13,UAL
UAL260213P00100000,100.0,2.87,1.94,2.11,15.0,154.0,0.42188078125,False,PUT,2026-02-13,UAL
UAL260213P00101000,101.0,2.45,2.26,2.47,15.0,199.0,0.41870698486328123,False,PUT,2026-02-13,UAL
UAL260213P00102000,102.0,3.93,2.58,2.92,31.0,46.0,0.4211483666992188,False,PUT,2026-02-13,UAL
UAL260213P00103000,103.0,4.49,3.05,3.35,2.0,62.0,0.4157773266601562,False,PUT,2026-02-13,UAL
UAL260213P00104000,104.0,4.88,3.25,3.85,2.0,18.0,0.4138242211914062,True,PUT,2026-02-13,UAL
UAL260213P00105000,105.0,5.52,3.95,4.4,20.0,66.0,0.41235939208984373,True,PUT,2026-02-13,UAL
UAL260213P00106000,106.0,4.4,4.35,4.95,6.0,21.0,0.4057676611328125,True,PUT,2026-02-13,UAL
UAL260213P00107000,107.0,5.38,5.15,5.6,14.0,22.0,0.40601179931640624,True,PUT,2026-02-13,UAL
UAL260213P00108000,108.0,6.96,5.8,6.4,2.0,63.0,0.4204159521484375,True,PUT,2026-02-13,UAL
UAL260213P00109000,109.0,5.3,6.2,7.5,1.0,10.0,0.47046427978515626,True,PUT,2026-02-13,UAL
UAL260213P00110000,110.0,7.85,7.1,7.95,43.0,51.0,0.43115803222656257,True,PUT,2026-02-13,UAL
UAL260213P00111000,111.0,8.91,7.6,9.55,5.0,29.0,0.5476119458007813,True,PUT,2026-02-13,UAL
UAL260213P00112000,112.0,7.75,8.25,10.8,1.0,41.0,0.6149940844726562,True,PUT,2026-02-13,UAL
UAL260213P00113000,113.0,7.57,9.3,11.6,10.0,41.0,0.6201209863281252,True,PUT,2026-02-13,UAL
UAL260213P00114000,114.0,7.19,10.0,12.45,10.0,42.0,0.6301306518554688,True,PUT,2026-02-13,UAL
UAL260213P00115000,115.0,9.19,11.05,13.65,1.0,20.0,0.6894562304687502,True,PUT,2026-02-13,UAL
UAL260213P00116000,116.0,11.13,12.15,14.5,2.0,22.0,0.5009815527343751,True,PUT,2026-02-13,UAL
UAL260213P00117000,117.0,10.05,12.8,15.2,2.0,6.0,0.6796907031250001,True,PUT,2026-02-13,UAL
UAL260213P00118000,118.0,12.0,13.9,16.4,1.0,3.0,0.5117236328125,True,PUT,2026-02-13,UAL
UAL260213P00119000,119.0,13.35,14.7,17.3,10.0,23.0,0.7502466381835937,True,PUT,2026-02-13,UAL
UAL260213P00120000,120.0,14.71,15.7,18.05,45.0,55.0,0.7348659326171875,True,PUT,2026-02-13,UAL
UAL260213P00121000,121.0,9.54,16.65,19.25,,2.0,0.52539537109375,True,PUT,2026-02-13,UAL
UAL260213P00130000,130.0,19.2,24.25,28.2,,0.0,0.9975586181640624,True,PUT,2026-02-13,UAL
UAL260220C00075000,75.0,30.15,27.0,29.6,1.0,20.0,1.0205127099609377,True,CALL,2026-02-20,UAL
UAL260220C00080000,80.0,26.05,22.0,24.7,1.0,216.0,0.8828136718749999,True,CALL,2026-02-20,UAL
UAL260220C00082500,82.5,32.0,19.95,22.25,,1.0,0.8142108422851562,True,CALL,2026-02-20,UAL
UAL260220C00085000,85.0,28.27,17.2,19.85,1.0,31.0,0.7543969873046875,True,CALL,2026-02-20,UAL
UAL260220C00087500,87.5,30.14,14.8,17.5,2.0,10.0,0.7009307250976562,True,CALL,2026-02-20,UAL
UAL260220C00090000,90.0,25.0,12.85,15.25,2.0,98.0,0.6586948193359375,True,CALL,2026-02-20,UAL
UAL260220C00092500,92.5,11.65,10.65,12.95,1.0,100.0,0.6030313134765627,True,CALL,2026-02-20,UAL
UAL260220C00095000,95.0,22.55,9.4,10.4,2.0,118.0,0.5109912182617188,True,CALL,2026-02-20,UAL
UAL260220C00097500,97.5,6.85,7.85,8.7,9.0,117.0,0.5141650146484374,True,CALL,2026-02-20,UAL
UAL260220C00100000,100.0,6.21,6.05,6.95,426.0,324.0,0.4929249926757813,True,CALL,2026-02-20,UAL
UAL260220C00103000,103.0,4.65,4.55,5.05,116.0,3.0,0.4650932397460938,True,CALL,2026-02-20,UAL
UAL260220C00105000,105.0,3.6,3.35,4.1,334.0,451.0,0.4621635815429688,False,CALL,2026-02-20,UAL
UAL260220C00106000,106.0,3.15,2.87,3.5,6.0,85.0,0.4437311486816406,False,CALL,2026-02-20,UAL
UAL260220C00107000,107.0,3.95,2.48,3.1,1.0,78.0,0.4414118359375,False,CALL,2026-02-20,UAL
UAL260220C00108000,108.0,2.52,2.27,2.73,22.0,223.0,0.43884838500976564,False,CALL,2026-02-20,UAL
UAL260220C00109000,109.0,2.12,1.8,2.42,13.0,54.0,0.43921459228515625,False,CALL,2026-02-20,UAL
UAL260220C00110000,110.0,1.8,1.68,2.06,620.0,5590.0,0.43103596313476567,False,CALL,2026-02-20,UAL
UAL260220C00111000,111.0,2.2,1.24,1.89,9.0,128.0,0.44067942138671873,False,CALL,2026-02-20,UAL
UAL260220C00112000,112.0,1.43,1.12,1.64,5.0,100.0,0.4387263159179688,False,CALL,2026-02-20,UAL
UAL260220C00113000,113.0,1.54,0.8,1.59,1.0,378.0,0.4585015087890626,False,CALL,2026-02-20,UAL
UAL260220C00114000,114.0,0.88,0.88,1.16,2.0,99.0,0.42676354492187507,False,CALL,2026-02-20,UAL
UAL260220C00115000,115.0,0.81,0.76,0.93,634.0,6611.0,0.41602146484374997,False,CALL,2026-02-20,UAL
UAL260220C00116000,116.0,1.12,0.49,1.11,5.0,6015.0,0.4650932397460938,False,CALL,2026-02-20,UAL
UAL260220C00117000,117.0,0.81,0.41,0.83,1.0,40.0,0.4426325268554688,False,CALL,2026-02-20,UAL
UAL260220C00118000,118.0,0.82,0.34,0.84,4.0,63.0,0.46484910156250003,False,CALL,2026-02-20,UAL
UAL260220C00119000,119.0,1.11,0.31,0.73,2.0,4.0,0.46484910156250003,False,CALL,2026-02-20,UAL
UAL260220C00120000,120.0,0.3,0.15,0.38,36.0,2418.0,0.40869731933593745,False,CALL,2026-02-20,UAL
UAL260220C00121000,121.0,0.26,0.21,0.32,3.0,13.0,0.40918559570312496,False,CALL,2026-02-20,UAL
UAL260220C00122000,122.0,0.53,0.0,0.27,1.0,47.0,0.4101621484375,False,CALL,2026-02-20,UAL
UAL260220C00123000,123.0,0.2,0.14,0.35,20.0,6.0,0.450200810546875,False,CALL,2026-02-20,UAL
UAL260220C00124000,124.0,0.2,0.02,0.18,15.0,19.0,0.40820904296875,False,CALL,2026-02-20,UAL
UAL260220C00125000,125.0,0.15,0.09,0.17,8.0,1349.0,0.41797457031249996,False,CALL,2026-02-20,UAL
UAL260220C00126000,126.0,0.15,0.01,0.19,3.0,6.0,0.4409235595703125,False,CALL,2026-02-20,UAL
UAL260220C00127000,127.0,0.09,0.08,0.11,50.0,7.0,0.414068359375,False,CALL,2026-02-20,UAL
UAL260220C00130000,130.0,0.04,0.03,0.25,103.0,1138.0,0.5214891601562499,False,CALL,2026-02-20,UAL
UAL260220P00075000,75.0,0.06,0.03,0.1,2.0,115.0,0.585941640625,False,PUT,2026-02-20,UAL
UAL260220P00080000,80.0,0.12,0.03,0.22,4.0,473.0,0.532231240234375,False,PUT,2026-02-20,UAL
UAL260220P00082500,82.5,0.19,0.09,0.17,2.0,222.0,0.5039112109375,False,PUT,2026-02-20,UAL
UAL260220P00085000,85.0,0.28,0.22,0.24,4.0,485.0,0.47852083984375,False,PUT,2026-02-20,UAL
UAL260220P00087500,87.5,0.44,0.28,0.38,5.0,531.0,0.46680220703125,False,PUT,2026-02-20,UAL
UAL260220P00090000,90.0,0.63,0.48,0.57,3.0,1317.0,0.4506890869140625,False,PUT,2026-02-20,UAL
UAL260220P00092500,92.5,0.85,0.73,1.01,28.0,874.0,0.46289599609375004,False,PUT,2026-02-20,UAL
UAL260220P00095000,95.0,1.3,1.08,1.34,610.0,981.0,0.43506424316406256,False,PUT,2026-02-20,UAL
UAL260220P00097500,97.5,2.0,1.72,1.87,1370.0,1130.0,0.4177304321289062,False,PUT,2026-02-20,UAL
UAL260220P00100000,100.0,2.76,2.43,2.98,34.0,2466.0,0.44275459594726563,False,PUT,2026-02-20,UAL
UAL260220P00103000,103.0,4.92,3.65,4.25,3.0,319.0,0.43408769042968753,False,PUT,2026-02-20,UAL
UAL260220P00104000,104.0,4.45,4.05,4.75,10.0,171.0,0.4318904467773438,True,PUT,2026-02-20,UAL
UAL260220P00105000,105.0,4.9,4.55,5.3,49.0,2367.0,0.43115803222656257,True,PUT,2026-02-20,UAL
UAL260220P00106000,106.0,5.55,5.15,5.85,3.0,259.0,0.4271297521972657,True,PUT,2026-02-20,UAL
UAL260220P00107000,107.0,6.6,5.75,6.35,11.0,84.0,0.4145566357421875,True,PUT,2026-02-20,UAL
UAL260220P00108000,108.0,7.35,6.35,7.4,25.0,145.0,0.454107021484375,True,PUT,2026-02-20,UAL
UAL260220P00109000,109.0,7.9,6.8,7.7,23.0,69.0,0.4138242211914062,True,PUT,2026-02-20,UAL
UAL260220P00110000,110.0,8.35,7.65,8.15,34.0,918.0,0.38281867187499996,True,PUT,2026-02-20,UAL
UAL260220P00111000,111.0,7.95,8.4,9.25,4.0,314.0,0.42236905761718746,True,PUT,2026-02-20,UAL
UAL260220P00112000,112.0,8.35,8.7,11.2,2.0,290.0,0.5571333349609376,True,PUT,2026-02-20,UAL
UAL260220P00113000,113.0,7.6,9.65,12.0,15.0,79.0,0.5629926513671876,True,PUT,2026-02-20,UAL
UAL260220P00114000,114.0,5.45,10.75,12.65,,37.0,0.5495650512695314,True,PUT,2026-02-20,UAL
UAL260220P00115000,115.0,11.02,11.3,13.65,7.0,1077.0,0.5751995605468749,True,PUT,2026-02-20,UAL
UAL260220P00116000,116.0,10.78,12.1,14.5,1.0,17.0,0.5815471533203125,True,PUT,2026-02-20,UAL
UAL260220P00117000,117.0,8.0,13.05,15.4,,9.0,0.5930216479492189,True,PUT,2026-02-20,UAL
UAL260220P00118000,118.0,7.56,14.1,16.3,,0.0,0.6032754516601564,True,PUT,2026-02-20,UAL
UAL260220P00120000,120.0,13.3,15.8,18.15,1.0,56.0,0.6272009936523439,True,PUT,2026-02-20,UAL
UAL260220P00125000,125.0,12.56,20.65,23.0,4.0,23.0,0.7070341796875,True,PUT,2026-02-20,UAL
UAL260220P00130000,130.0,18.66,25.4,28.3,1.0,0.0,0.5507857421875001,True,PUT,2026-02-20,UAL
UAL260227C00090000,90.0,18.02,13.25,15.3,1.0,6.0,0.5832561206054687,True,CALL,2026-02-27,UAL
UAL260227C00095000,95.0,13.55,9.0,11.6,1.0,3.0,0.5734905932617188,True,CALL,2026-02-27,UAL
UAL260227C00098000,98.0,8.05,7.4,8.7,1.0,1.0,0.48071808349609374,True,CALL,2026-02-27,UAL
UAL260227C00100000,100.0,6.45,6.25,7.45,1.0,11.0,0.4762015270996094,True,CALL,2026-02-27,UAL
UAL260227C00106000,106.0,3.5,3.85,4.35,1.0,38.0,0.46094289062500005,False,CALL,2026-02-27,UAL
UAL260227C00107000,107.0,4.16,2.8,3.8,3.0,2.0,0.4470270141601562,False,CALL,2026-02-27,UAL
UAL260227C00108000,108.0,5.73,3.05,3.4,50.0,50.0,0.44348701049804684,False,CALL,2026-02-27,UAL
UAL260227C00109000,109.0,2.5,2.71,3.1,2.0,2.0,0.446294599609375,False,CALL,2026-02-27,UAL
UAL260227C00110000,110.0,2.52,2.39,2.69,14.0,52.0,0.43677321044921874,False,CALL,2026-02-27,UAL
UAL260227C00111000,111.0,2.89,2.09,2.39,1.0,7.0,0.4348201049804688,False,CALL,2026-02-27,UAL
UAL260227C00112000,112.0,1.73,1.82,2.12,6.0,50.0,0.4331111376953125,False,CALL,2026-02-27,UAL
UAL260227C00113000,113.0,2.33,1.26,1.87,1.0,15.0,0.43115803222656257,False,CALL,2026-02-27,UAL
UAL260227C00114000,114.0,2.94,1.27,1.8,8.0,12.0,0.446294599609375,False,CALL,2026-02-27,UAL
UAL260227C00115000,115.0,1.17,1.19,1.48,5.0,29.0,0.4321345849609375,False,CALL,2026-02-27,UAL
UAL260227C00116000,116.0,7.35,0.85,1.3,,1.0,0.43115803222656257,False,CALL,2026-02-27,UAL
UAL260227C00117000,117.0,1.33,0.64,1.25,20.0,27.0,0.4445856323242187,False,CALL,2026-02-27,UAL
UAL260227C00118000,118.0,4.25,0.49,1.2,1.0,12.0,0.45703667968750006,False,CALL,2026-02-27,UAL
UAL260227C00119000,119.0,0.91,0.48,1.3,1.0,7.0,0.4887746435546876,False,CALL,2026-02-27,UAL
UAL260227C00120000,120.0,1.05,0.41,1.5,3.0,23.0,0.5329636547851562,False,CALL,2026-02-27,UAL
UAL260227C00121000,121.0,2.97,0.34,1.11,6.0,8.0,0.49878430908203125,False,CALL,2026-02-27,UAL
UAL260227C00122000,122.0,0.51,0.01,0.9,1.0,5.0,0.48438015625,False,CALL,2026-02-27,UAL
UAL260227C00123000,123.0,4.66,0.0,2.06,,2.0,0.5210008837890624,False,CALL,2026-02-27,UAL
UAL260227C00124000,124.0,1.91,0.0,0.96,2.0,4.0,0.526371923828125,False,CALL,2026-02-27,UAL
UAL260227C00125000,125.0,0.55,0.0,0.47,2.0,1.0,0.45117736328125,False,CALL,2026-02-27,UAL
UAL260227C00126000,126.0,0.56,0.0,2.3,2.0,4.0,0.58789474609375,False,CALL,2026-02-27,UAL
UAL260227C00127000,127.0,0.86,0.0,0.97,4.0,4.0,0.5751995605468749,False,CALL,2026-02-27,UAL
UAL260227C00128000,128.0,3.0,0.0,0.99,,26.0,0.5937540625000001,False,CALL,2026-02-27,UAL
UAL260227C00130000,130.0,0.61,0.1,1.75,4.0,11.0,0.6123085644531252,False,CALL,2026-02-27,UAL
UAL260227C00131000,131.0,0.72,0.0,1.52,,2.0,0.5959513061523438,False,CALL,2026-02-27,UAL
UAL260227P00080000,80.0,0.45,0.0,0.96,1.0,2.0,0.6054726953125001,False,PUT,2026-02-27,UAL
UAL260227P00085000,85.0,0.39,0.2,0.63,12.0,31.0,0.524418818359375,False,PUT,2026-02-27,UAL
UAL260227P00090000,90.0,0.97,0.55,1.12,12.0,20.0,0.48682153808593753,False,PUT,2026-02-27,UAL
UAL260227P00095000,95.0,2.0,1.49,1.7,14.0,36.0,0.422857333984375,False,PUT,2026-02-27,UAL
UAL260227P00096000,96.0,1.58,1.76,1.89,2.0,4.0,0.4138242211914062,False,PUT,2026-02-27,UAL
UAL260227P00097000,97.0,2.51,2.0,2.18,2.0,3.0,0.41309180664062495,False,PUT,2026-02-27,UAL
UAL260227P00098000,98.0,2.35,2.28,2.6,1.0,4.0,0.42188078125,False,PUT,2026-02-27,UAL
UAL260227P00099000,99.0,1.93,2.61,2.88,21.0,30.0,0.414068359375,False,PUT,2026-02-27,UAL
UAL260227P00100000,100.0,3.2,2.96,3.15,10.0,56.0,0.40296007202148443,False,PUT,2026-02-27,UAL
UAL260227P00101000,101.0,2.22,3.25,4.3,1.0,5.0,0.46655806884765627,False,PUT,2026-02-27,UAL
UAL260227P00102000,102.0,4.51,3.6,4.5,3.0,54.0,0.44336494140625,False,PUT,2026-02-27,UAL
UAL260227P00103000,103.0,5.44,4.25,4.6,1.0,6.0,0.40991801025390623,False,PUT,2026-02-27,UAL
UAL260227P00104000,104.0,3.4,4.7,5.55,1.0,13.0,0.4458063232421875,True,PUT,2026-02-27,UAL
UAL260227P00105000,105.0,6.11,5.0,6.25,3.0,30.0,0.4580132324218751,True,PUT,2026-02-27,UAL
UAL260227P00106000,106.0,6.46,5.6,6.5,5.0,1.0,0.42957113403320313,True,PUT,2026-02-27,UAL
UAL260227P00107000,107.0,4.67,6.3,7.45,2.0,12.0,0.4583794396972657,True,PUT,2026-02-27,UAL
UAL260227P00108000,108.0,5.55,6.65,7.8,1.0,9.0,0.4331111376953125,True,PUT,2026-02-27,UAL
UAL260227P00109000,109.0,8.35,7.55,8.5,10.0,4.0,0.43555251953125,True,PUT,2026-02-27,UAL
UAL260227P00110000,110.0,9.05,8.1,9.05,5.0,15.0,0.42200285034179685,True,PUT,2026-02-27,UAL
UAL260227P00111000,111.0,7.35,8.9,10.15,1.0,2.0,0.4576470251464845,True,PUT,2026-02-27,UAL
UAL260227P00113000,113.0,8.71,10.3,12.3,1.0,4.0,0.5222215747070311,True,PUT,2026-02-27,UAL
UAL260227P00114000,114.0,10.0,10.95,12.7,1.0,1.0,0.48633326171875,True,PUT,2026-02-27,UAL
UAL260227P00115000,115.0,6.82,11.5,13.8,1.0,7.0,0.5192919165039063,True,PUT,2026-02-27,UAL
UAL260227P00116000,116.0,10.4,12.4,14.85,3.0,15.0,0.5466353930664063,True,PUT,2026-02-27,UAL
UAL260227P00117000,117.0,9.25,13.2,15.9,3.0,1.0,0.5734905932617188,True,PUT,2026-02-27,UAL
UAL260227P00118000,118.0,8.1,14.1,16.25,,1.0,0.5224657128906249,True,PUT,2026-02-27,UAL
UAL260227P00119000,119.0,8.51,15.05,17.7,,1.0,0.5935099243164064,True,PUT,2026-02-27,UAL
UAL260227P00120000,120.0,12.34,15.95,18.6,5.0,5.0,0.6020547607421877,True,PUT,2026-02-27,UAL
UAL260227P00122000,122.0,11.24,17.9,19.75,,28.0,0.53320779296875,True,PUT,2026-02-27,UAL
UAL260227P00123000,123.0,11.96,18.8,21.4,,10.0,0.6352575537109376,True,PUT,2026-02-27,UAL
UAL260306C00108000,108.0,3.75,3.1,4.0,1.0,2.0,0.4464166687011719,False,CALL,2026-03-06,UAL
UAL260306C00110000,110.0,3.5,2.3,3.55,1.0,10.0,0.46362841064453125,False,CALL,2026-03-06,UAL
UAL260306C00111000,111.0,5.14,2.14,3.05,10.0,10.0,0.44727115234375,False,CALL,2026-03-06,UAL
UAL260306C00114000,114.0,3.45,1.55,2.05,6.0,6.0,0.42566492309570314,False,CALL,2026-03-06,UAL
UAL260306C00115000,115.0,3.72,1.26,1.91,3.0,3.0,0.4322566540527344,False,CALL,2026-03-06,UAL
UAL260306C00117000,117.0,1.61,0.94,1.59,1.0,2.0,0.437505625,False,CALL,2026-03-06,UAL
UAL260306C00120000,120.0,1.52,0.54,2.11,1.0,3.0,0.5451705639648439,False,CALL,2026-03-06,UAL
UAL260306P00090000,90.0,0.82,0.96,1.74,1.0,17.0,0.5158739819335938,False,PUT,2026-03-06,UAL
UAL260306P00095000,95.0,1.73,1.88,2.67,1.0,21.0,0.4749808361816406,False,PUT,2026-03-06,UAL
UAL260306P00100000,100.0,3.41,3.35,4.35,3.0,18.0,0.4592339233398438,False,PUT,2026-03-06,UAL
UAL260306P00101000,101.0,2.8,3.8,4.9,3.0,3.0,0.4670463452148438,False,PUT,2026-03-06,UAL
UAL260306P00105000,105.0,5.76,5.6,6.85,2.0,17.0,0.458135301513672,True,PUT,2026-03-06,UAL
UAL260306P00107000,107.0,6.45,6.7,8.1,1.0,29.0,0.46289599609375004,True,PUT,2026-03-06,UAL
UAL260306P00108000,108.0,6.53,7.2,8.4,1.0,11.0,0.4371394177246094,True,PUT,2026-03-06,UAL
UAL260306P00109000,109.0,7.66,7.9,9.6,1.0,2.0,0.47998566894531247,True,PUT,2026-03-06,UAL
UAL260306P00110000,110.0,4.98,8.45,9.7,,1.0,0.4337214831542969,True,PUT,2026-03-06,UAL
UAL260306P00112000,112.0,5.96,9.9,11.35,10.0,10.0,0.45215391601562505,True,PUT,2026-03-06,UAL
UAL260306P00113000,113.0,9.3,10.55,11.75,1.0,11.0,0.42163664306640625,True,PUT,2026-03-06,UAL
UAL260320C00072500,72.5,37.56,29.9,32.55,4.0,310.0,0.5293015820312501,True,CALL,2026-03-20,UAL
UAL260320C00075000,75.0,30.05,27.55,30.15,1.0,243.0,0.526371923828125,True,CALL,2026-03-20,UAL
UAL260320C00077500,77.5,35.6,25.1,27.8,22.0,179.0,0.5073291455078125,True,CALL,2026-03-20,UAL
UAL260320C00080000,80.0,23.43,24.0,25.35,2.0,640.0,0.5891154370117189,True,CALL,2026-03-20,UAL
UAL260320C00082500,82.5,31.75,20.8,23.2,1.0,670.0,0.5114794946289063,True,CALL,2026-03-20,UAL
UAL260320C00085000,85.0,21.95,18.55,20.95,3.0,171.0,0.6286658227539064,True,CALL,2026-03-20,UAL
UAL260320C00087500,87.5,18.25,16.35,18.85,2.0,269.0,0.6064492480468751,True,CALL,2026-03-20,UAL
UAL260320C00090000,90.0,15.4,14.3,16.15,8.0,648.0,0.5268602001953125,True,CALL,2026-03-20,UAL
UAL260320C00092500,92.5,13.45,12.25,14.8,1.0,270.0,0.5600629931640625,True,CALL,2026-03-20,UAL
UAL260320C00095000,95.0,13.25,10.85,12.35,5.0,422.0,0.497197410888672,True,CALL,2026-03-20,UAL
UAL260320C00097500,97.5,14.35,9.2,10.8,2.0,412.0,0.49658706542968756,True,CALL,2026-03-20,UAL
UAL260320C00100000,100.0,8.4,8.7,9.05,51.0,1024.0,0.47363807617187503,True,CALL,2026-03-20,UAL
UAL260320C00105000,105.0,5.67,6.0,6.3,34.0,5679.0,0.45300839965820316,False,CALL,2026-03-20,UAL
UAL260320C00110000,110.0,3.9,4.0,4.25,30.0,4107.0,0.4425104577636719,False,CALL,2026-03-20,UAL
UAL260320C00115000,115.0,2.48,2.52,2.71,129.0,3719.0,0.4315242395019532,False,CALL,2026-03-20,UAL
UAL260320C00120000,120.0,1.44,1.56,1.71,100.0,4151.0,0.42847251220703125,False,CALL,2026-03-20,UAL
UAL260320C00125000,125.0,0.84,0.74,1.17,2.0,2679.0,0.4409235595703125,False,CALL,2026-03-20,UAL
UAL260320C00130000,130.0,0.66,0.36,0.65,9.0,946.0,0.4294490649414063,False,CALL,2026-03-20,UAL
UAL260320P00072500,72.5,0.25,0.05,0.22,6.0,565.0,0.5195360546875,False,PUT,2026-03-20,UAL
UAL260320P00075000,75.0,0.35,0.27,0.45,106.0,2515.0,0.5239305419921875,False,PUT,2026-03-20,UAL
UAL260320P00077500,77.5,0.49,0.26,0.42,57.0,1211.0,0.495122236328125,False,PUT,2026-03-20,UAL
UAL260320P00080000,80.0,0.59,0.3,0.68,6.0,1351.0,0.5048877636718749,False,PUT,2026-03-20,UAL
UAL260320P00082500,82.5,0.73,0.61,0.85,442.0,5734.0,0.4858449853515625,False,PUT,2026-03-20,UAL
UAL260320P00085000,85.0,1.01,0.8,1.0,12.0,2828.0,0.4585015087890626,False,PUT,2026-03-20,UAL
UAL260320P00087500,87.5,1.33,1.19,1.36,474.0,558.0,0.45264219238281256,False,PUT,2026-03-20,UAL
UAL260320P00090000,90.0,1.87,1.58,1.76,264.0,1450.0,0.4414118359375,False,PUT,2026-03-20,UAL
UAL260320P00092500,92.5,2.29,2.09,2.21,155.0,825.0,0.4265194067382813,False,PUT,2026-03-20,UAL
UAL260320P00095000,95.0,3.01,2.72,2.9,235.0,1880.0,0.42273526489257807,False,PUT,2026-03-20,UAL
UAL260320P00097500,97.5,3.35,3.45,3.65,44.0,1094.0,0.4133359448242187,False,PUT,2026-03-20,UAL
UAL260320P00100000,100.0,4.7,4.35,4.55,12.0,2622.0,0.40479110839843746,False,PUT,2026-03-20,UAL
UAL260320P00105000,105.0,7.22,6.65,6.95,39.0,1965.0,0.3967345483398438,True,PUT,2026-03-20,UAL
UAL260320P00110000,110.0,10.0,9.45,10.05,23.0,3853.0,0.3936828210449219,True,PUT,2026-03-20,UAL
UAL260320P00115000,115.0,14.9,13.05,13.9,15.0,1120.0,0.4061338684082031,True,PUT,2026-03-20,UAL
UAL260320P00120000,120.0,18.0,16.95,19.15,24.0,333.0,0.5083056982421875,True,PUT,2026-03-20,UAL
UAL260320P00125000,125.0,22.35,21.35,23.05,10.0,85.0,0.47998566894531247,True,PUT,2026-03-20,UAL
UAL260320P00130000,130.0,17.99,25.75,28.15,25.0,40.0,0.5534712622070312,True,PUT,2026-03-20,UAL
UAL260515C00075000,75.0,29.35,40.4,0.0,3.0,27.0,1.0000000000000003e-05,True,CALL,2026-05-15,UAL
UAL260515C00080000,80.0,27.65,24.9,27.0,1.0,69.0,0.5181932946777343,True,CALL,2026-05-15,UAL
UAL260515C00082500,82.5,35.48,22.8,25.3,2.0,16.0,0.5190477783203125,True,CALL,2026-05-15,UAL
UAL260515C00085000,85.0,33.0,21.05,23.3,1.0,9.0,0.5157519128417969,True,CALL,2026-05-15,UAL
UAL260515C00087500,87.5,33.93,18.9,21.45,1.0,2.0,0.5003712072753908,True,CALL,2026-05-15,UAL
UAL260515C00090000,90.0,17.85,17.4,19.35,5.0,36.0,0.5463912548828126,True,CALL,2026-05-15,UAL
UAL260515C00092500,92.5,25.55,15.65,17.65,17.0,103.0,0.5373581420898439,True,CALL,2026-05-15,UAL
UAL260515C00095000,95.0,14.2,13.75,15.8,6.0,296.0,0.5172167419433593,True,CALL,2026-05-15,UAL
UAL260515C00097500,97.5,22.0,12.5,14.5,1.0,4190.0,0.5205126074218749,True,CALL,2026-05-15,UAL
UAL260515C00100000,100.0,11.8,11.95,12.9,4.0,225.0,0.5054370745849608,True,CALL,2026-05-15,UAL
UAL260515C00105000,105.0,9.37,9.85,10.35,10.0,122.0,0.49414568359375005,False,CALL,2026-05-15,UAL
UAL260515C00110000,110.0,7.7,7.55,8.0,77.0,584.0,0.4764456652832031,False,CALL,2026-05-15,UAL
UAL260515C00115000,115.0,5.4,5.8,6.1,10.0,482.0,0.4637504797363281,False,CALL,2026-05-15,UAL
UAL260515C00120000,120.0,4.4,4.4,4.6,77.0,716.0,0.45483943603515625,False,CALL,2026-05-15,UAL
UAL260515C00125000,125.0,3.2,3.2,3.5,5.0,1149.0,0.45203184692382814,False,CALL,2026-05-15,UAL
UAL260515C00130000,130.0,2.36,2.4,2.61,1.0,505.0,0.4480035668945312,False,CALL,2026-05-15,UAL
UAL260515P00075000,75.0,1.38,1.03,1.6,3.0,115.0,0.5249070947265625,False,PUT,2026-05-15,UAL
UAL260515P00080000,80.0,1.95,1.71,2.62,4.0,470.0,0.5300339965820313,False,PUT,2026-05-15,UAL
UAL260515P00082500,82.5,2.46,2.15,2.56,3.0,290.0,0.48254911987304694,False,PUT,2026-05-15,UAL
UAL260515P00085000,85.0,2.81,2.63,2.88,9.0,688.0,0.4624077197265626,False,PUT,2026-05-15,UAL
UAL260515P00087500,87.5,3.57,3.2,3.45,4.0,98.0,0.4554497814941406,False,PUT,2026-05-15,UAL
UAL260515P00090000,90.0,4.32,3.85,4.45,5.0,243.0,0.4682670361328125,False,PUT,2026-05-15,UAL
UAL260515P00092500,92.5,5.34,4.55,4.9,2.0,351.0,0.44507390869140623,False,PUT,2026-05-15,UAL
UAL260515P00095000,95.0,6.28,5.45,5.75,3.0,362.0,0.43921459228515625,False,PUT,2026-05-15,UAL
UAL260515P00097500,97.5,5.91,6.2,7.65,3.0,178.0,0.47913118530273435,False,PUT,2026-05-15,UAL
UAL260515P00100000,100.0,7.97,7.4,7.85,6.0,419.0,0.43286699951171875,False,PUT,2026-05-15,UAL
UAL260515P00105000,105.0,10.4,9.65,10.6,41.0,882.0,0.43726148681640625,True,PUT,2026-05-15,UAL
UAL260515P00110000,110.0,13.6,12.45,13.7,7.0,600.0,0.4396418341064453,True,PUT,2026-05-15,UAL
UAL260515P00115000,115.0,16.5,15.6,17.15,8.0,701.0,0.4419001123046875,True,PUT,2026-05-15,UAL
UAL260515P00120000,120.0,19.85,19.0,21.3,1.0,255.0,0.4639946179199219,True,PUT,2026-05-15,UAL
UAL260515P00125000,125.0,17.15,22.85,25.05,4.0,64.0,0.45386288330078123,True,PUT,2026-05-15,UAL
UAL260515P00130000,130.0,28.76,26.85,29.35,2.0,84.0,0.46179737426757816,True,PUT,2026-05-15,UAL
UAL260618C00072500,72.5,36.65,0.0,0.0,1.0,87.0,1.0000000000000003e-05,True,CALL,2026-06-18,UAL
UAL260618C00075000,75.0,35.68,29.75,32.2,6.0,162.0,0.5291795129394532,True,CALL,2026-06-18,UAL
UAL260618C00077500,77.5,39.7,27.8,30.4,13.0,246.0,0.5338181384277343,True,CALL,2026-06-18,UAL
UAL260618C00080000,80.0,28.65,25.7,28.1,12.0,246.0,0.5129443237304687,True,CALL,2026-06-18,UAL
UAL260618C00082500,82.5,33.65,23.75,26.3,1.0,286.0,0.5095263891601562,True,CALL,2026-06-18,UAL
UAL260618C00085000,85.0,30.85,21.85,24.35,1.0,92.0,0.564579549560547,True,CALL,2026-06-18,UAL
UAL260618C00087500,87.5,33.35,20.05,22.05,1.0,326.0,0.5299119274902344,True,CALL,2026-06-18,UAL
UAL260618C00090000,90.0,18.43,18.35,20.35,2.0,304.0,0.5228319201660157,True,CALL,2026-06-18,UAL
UAL260618C00092500,92.5,19.2,16.6,19.0,5.0,235.0,0.5282029602050782,True,CALL,2026-06-18,UAL
UAL260618C00095000,95.0,15.81,15.15,17.1,1.0,355.0,0.5062915582275391,True,CALL,2026-06-18,UAL
UAL260618C00097500,97.5,22.4,14.05,16.0,4.0,82.0,0.5155077746582031,True,CALL,2026-06-18,UAL
UAL260618C00100000,100.0,14.0,13.3,14.3,8.0,631.0,0.4967701690673829,True,CALL,2026-06-18,UAL
UAL260618C00105000,105.0,10.8,10.85,11.75,1.0,343.0,0.4852346398925781,False,CALL,2026-06-18,UAL
UAL260618C00110000,110.0,8.8,8.75,9.45,1.0,2035.0,0.47174600524902344,False,CALL,2026-06-18,UAL
UAL260618C00115000,115.0,7.45,6.95,7.55,1.0,1671.0,0.4624077197265626,False,CALL,2026-06-18,UAL
UAL260618C00120000,120.0,5.7,5.4,5.95,3.0,1600.0,0.4539239178466796,False,CALL,2026-06-18,UAL
UAL260618C00125000,125.0,4.2,4.15,4.75,27.0,2004.0,0.451726674194336,False,CALL,2026-06-18,UAL
UAL260618C00130000,130.0,3.3,3.2,3.9,1.0,2495.0,0.4563042651367188,False,CALL,2026-06-18,UAL
UAL260618P00072500,72.5,1.38,1.2,1.44,12.0,343.0,0.47803256347656253,False,PUT,2026-06-18,UAL
UAL260618P00075000,75.0,1.87,1.59,1.94,6.0,676.0,0.48608912353515626,False,PUT,2026-06-18,UAL
UAL260618P00077500,77.5,2.06,1.93,2.28,8.0,544.0,0.4753470434570312,False,PUT,2026-06-18,UAL
UAL260618P00080000,80.0,2.38,2.24,2.49,2.0,832.0,0.45288633056640626,False,PUT,2026-06-18,UAL
UAL260618P00082500,82.5,2.88,2.69,3.1,2.0,175.0,0.454107021484375,False,PUT,2026-06-18,UAL
UAL260618P00085000,85.0,3.39,3.35,3.55,13.0,244.0,0.4412897668457031,False,PUT,2026-06-18,UAL
UAL260618P00087500,87.5,3.6,3.8,4.4,9.0,317.0,0.44659977233886716,False,PUT,2026-06-18,UAL
UAL260618P00090000,90.0,5.18,4.55,5.0,1.0,219.0,0.43469803588867195,False,PUT,2026-06-18,UAL
UAL260618P00092500,92.5,5.35,5.4,5.7,141.0,220.0,0.4244442321777344,False,PUT,2026-06-18,UAL
UAL260618P00095000,95.0,7.03,6.3,6.75,1.0,181.0,0.42615319946289065,False,PUT,2026-06-18,UAL
UAL260618P00097500,97.5,6.3,7.3,8.55,1.0,313.0,0.45477840148925786,False,PUT,2026-06-18,UAL
UAL260618P00100000,100.0,9.2,8.35,9.25,13.0,665.0,0.4335994140625,False,PUT,2026-06-18,UAL
UAL260618P00105000,105.0,11.48,10.75,11.9,3.0,318.0,0.4317683776855469,True,PUT,2026-06-18,UAL
UAL260618P00110000,110.0,15.24,13.5,14.65,2.0,750.0,0.4202938830566406,True,PUT,2026-06-18,UAL
UAL260618P00115000,115.0,14.8,16.5,17.95,4.0,190.0,0.41760836303710935,True,PUT,2026-06-18,UAL
UAL260618P00120000,120.0,20.78,19.9,22.2,1.0,659.0,0.44275459594726563,True,PUT,2026-06-18,UAL
UAL260618P00125000,125.0,19.85,23.55,26.05,3.0,46.0,0.4420221813964844,True,PUT,2026-06-18,UAL
UAL260618P00130000,130.0,27.5,27.55,30.05,4.0,123.0,0.43836010864257813,True,PUT,2026-06-18,UAL
UAL260918C00072500,72.5,40.95,0.0,0.0,2.0,16.0,1.0000000000000003e-05,True,CALL,2026-09-18,UAL
UAL260918C00075000,75.0,43.85,32.15,34.65,2.0,19.0,0.5382736602783205,True,CALL,2026-09-18,UAL
UAL260918C00077500,77.5,41.87,30.2,32.8,1.0,31.0,0.5303391693115236,True,CALL,2026-09-18,UAL
UAL260918C00080000,80.0,29.15,28.4,31.0,10.0,88.0,0.5247850256347657,True,CALL,2026-09-18,UAL
UAL260918C00082500,82.5,38.53,26.75,29.15,1.0,24.0,0.5190477783203125,True,CALL,2026-09-18,UAL
UAL260918C00085000,85.0,28.22,24.95,27.4,2.0,63.0,0.5103198382568359,True,CALL,2026-09-18,UAL
UAL260918C00087500,87.5,25.35,23.6,25.55,9.0,35.0,0.5062915582275391,True,CALL,2026-09-18,UAL
UAL260918C00090000,90.0,25.19,22.15,24.0,1.0,79.0,0.5036670727539063,True,CALL,2026-09-18,UAL
UAL260918C00092500,92.5,22.7,20.35,22.5,18.0,66.0,0.530400203857422,True,CALL,2026-09-18,UAL
UAL260918C00095000,95.0,21.25,18.6,21.15,6.0,117.0,0.5278367529296876,True,CALL,2026-09-18,UAL
UAL260918C00097500,97.5,19.84,17.5,19.75,152.0,131.0,0.5217332983398437,True,CALL,2026-09-18,UAL
UAL260918C00100000,100.0,16.75,17.0,18.15,1.0,157.0,0.5076343182373046,True,CALL,2026-09-18,UAL
UAL260918C00105000,105.0,14.39,14.0,15.45,13.0,609.0,0.49060567993164067,False,CALL,2026-09-18,UAL
UAL260918C00110000,110.0,12.55,11.9,13.5,1.0,432.0,0.48981223083496106,False,CALL,2026-09-18,UAL
UAL260918C00115000,115.0,11.85,9.55,11.15,1.0,343.0,0.47022014160156256,False,CALL,2026-09-18,UAL
UAL260918C00120000,120.0,8.5,8.4,9.55,19.0,102.0,0.46710737976074224,False,CALL,2026-09-18,UAL
UAL260918C00125000,125.0,8.5,6.4,8.35,2.0,212.0,0.4705253143310547,False,CALL,2026-09-18,UAL
UAL260918C00130000,130.0,12.25,5.5,7.2,7.0,138.0,0.4703422106933594,False,CALL,2026-09-18,UAL
UAL260918P00072500,72.5,3.05,2.51,3.4,1.0,29.0,0.4950001672363281,False,PUT,2026-09-18,UAL
UAL260918P00075000,75.0,3.51,3.15,3.75,11.0,272.0,0.4802908416748046,False,PUT,2026-09-18,UAL
UAL260918P00077500,77.5,3.75,3.45,4.35,4.0,411.0,0.47638463073730464,False,PUT,2026-09-18,UAL
UAL260918P00080000,80.0,4.15,3.9,5.3,5.0,160.0,0.48529567443847654,False,PUT,2026-09-18,UAL
UAL260918P00082500,82.5,6.86,4.55,6.15,2.0,424.0,0.4859670544433594,False,PUT,2026-09-18,UAL
UAL260918P00085000,85.0,5.85,5.45,6.15,21.0,75.0,0.45044494873046875,False,PUT,2026-09-18,UAL
UAL260918P00087500,87.5,5.8,5.95,7.35,25.0,171.0,0.460515648803711,False,PUT,2026-09-18,UAL
UAL260918P00090000,90.0,6.5,7.3,8.2,1.0,210.0,0.45453426330566404,False,PUT,2026-09-18,UAL
UAL260918P00092500,92.5,8.0,7.6,9.1,3.0,121.0,0.44812563598632804,False,PUT,2026-09-18,UAL
UAL260918P00095000,95.0,9.19,8.5,10.15,501.0,635.0,0.44470770141601557,False,PUT,2026-09-18,UAL
UAL260918P00097500,97.5,10.29,9.8,11.25,1.0,419.0,0.4407404559326171,False,PUT,2026-09-18,UAL
UAL260918P00100000,100.0,11.49,10.95,12.4,1.0,545.0,0.43628493408203123,False,PUT,2026-09-18,UAL
UAL260918P00105000,105.0,13.38,13.1,15.05,2.0,261.0,0.43195148132324224,True,PUT,2026-09-18,UAL
UAL260918P00110000,110.0,15.5,15.95,17.95,12.0,69.0,0.4272518212890626,True,PUT,2026-09-18,UAL
UAL260918P00115000,115.0,18.25,18.85,21.05,60.0,362.0,0.4209652630615235,True,PUT,2026-09-18,UAL
UAL260918P00120000,120.0,20.2,22.15,24.35,43.0,151.0,0.41358008300781246,True,PUT,2026-09-18,UAL
UAL260918P00125000,125.0,23.25,25.9,27.85,1.0,278.0,0.405279384765625,True,PUT,2026-09-18,UAL
UAL260918P00130000,130.0,38.2,0.0,0.0,2.0,38.0,1.0000000000000003e-05,True,PUT,2026-09-18,UAL
UAL261218C00072500,72.5,37.05,36.15,39.75,2.0,28.0,0.5711102459716797,True,CALL,2026-12-18,UAL
UAL261218C00075000,75.0,47.29,34.75,37.4,25.0,221.0,0.5608564422607423,True,CALL,2026-12-18,UAL
UAL261218C00077500,77.5,39.54,32.95,35.3,12.0,22.0,0.5467574621582032,True,CALL,2026-12-18,UAL
UAL261218C00080000,80.0,40.4,31.2,33.55,10.0,70.0,0.5388229711914063,True,CALL,2026-12-18,UAL
UAL261218C00082500,82.5,31.85,29.15,31.55,2.0,47.0,0.5205736419677733,True,CALL,2026-12-18,UAL
UAL261218C00085000,85.0,37.02,27.8,30.5,1.0,25.0,0.5280198565673828,True,CALL,2026-12-18,UAL
UAL261218C00087500,87.5,37.9,26.2,28.55,1.0,34.0,0.5155077746582031,True,CALL,2026-12-18,UAL
UAL261218C00090000,90.0,35.55,24.75,27.2,2.0,247.0,0.5132494964599608,True,CALL,2026-12-18,UAL
UAL261218C00092500,92.5,36.2,22.9,25.8,2.0,26.0,0.5029956927490236,True,CALL,2026-12-18,UAL
UAL261218C00095000,95.0,28.94,21.35,24.0,4.0,99.0,0.527470545654297,True,CALL,2026-12-18,UAL
UAL261218C00097500,97.5,24.11,20.3,23.25,1.0,39.0,0.5383957293701174,True,CALL,2026-12-18,UAL
UAL261218C00100000,100.0,21.31,19.05,21.35,40.0,162.0,0.5165148446655273,True,CALL,2026-12-18,UAL
UAL261218C00105000,105.0,17.59,17.15,18.75,34.0,177.0,0.5022632781982423,False,CALL,2026-12-18,UAL
UAL261218C00110000,110.0,16.0,15.15,16.35,1.0,250.0,0.4887746435546876,False,CALL,2026-12-18,UAL
UAL261218C00115000,115.0,14.65,12.35,14.2,24.0,228.0,0.47730014892578126,False,CALL,2026-12-18,UAL
UAL261218C00120000,120.0,11.8,10.6,13.0,1.0,262.0,0.4858449853515625,False,CALL,2026-12-18,UAL
UAL261218C00125000,125.0,12.5,9.55,11.1,100.0,237.0,0.47211221252441404,False,CALL,2026-12-18,UAL
UAL261218C00130000,130.0,13.57,8.2,9.85,7.0,464.0,0.47137979797363283,False,CALL,2026-12-18,UAL
UAL261218P00072500,72.5,4.4,4.05,5.6,39.0,164.0,0.5159960510253907,False,PUT,2026-12-18,UAL
UAL261218P00075000,75.0,3.75,3.7,6.35,2.0,228.0,0.513554669189453,False,PUT,2026-12-18,UAL
UAL261218P00077500,77.5,5.45,4.5,5.65,38.0,47.0,0.4549615051269531,False,PUT,2026-12-18,UAL
UAL261218P00080000,80.0,6.5,5.4,7.0,1.0,88.0,0.47308876525878907,False,PUT,2026-12-18,UAL
UAL261218P00082500,82.5,6.43,6.25,8.1,1.0,258.0,0.4785818743896484,False,PUT,2026-12-18,UAL
UAL261218P00085000,85.0,7.9,7.2,8.25,116.0,112.0,0.45099425964355466,False,PUT,2026-12-18,UAL
UAL261218P00087500,87.5,7.75,7.6,9.75,10.0,79.0,0.4652763433837891,False,PUT,2026-12-18,UAL
UAL261218P00090000,90.0,8.87,8.6,10.4,1.0,158.0,0.4513604669189454,False,PUT,2026-12-18,UAL
UAL261218P00092500,92.5,9.25,9.6,11.05,21.0,210.0,0.43646803771972653,False,PUT,2026-12-18,UAL
UAL261218P00095000,95.0,11.2,10.75,11.45,5.0,197.0,0.4136411175537109,False,PUT,2026-12-18,UAL
UAL261218P00097500,97.5,12.35,11.8,14.05,1.0,91.0,0.4502923623657227,False,PUT,2026-12-18,UAL
UAL261218P00100000,100.0,13.91,12.9,14.35,1.0,125.0,0.42212491943359376,False,PUT,2026-12-18,UAL
UAL261218P00105000,105.0,15.8,14.7,17.25,28.0,329.0,0.42352871398925784,True,PUT,2026-12-18,UAL
UAL261218P00110000,110.0,17.15,18.35,20.05,13.0,135.0,0.4163571548461914,True,PUT,2026-12-18,UAL
UAL261218P00115000,115.0,19.95,20.75,23.25,14.0,84.0,0.4139768075561523,True,PUT,2026-12-18,UAL
UAL261218P00120000,120.0,24.55,24.05,25.95,18.0,380.0,0.3931945446777344,True,PUT,2026-12-18,UAL
UAL261218P00125000,125.0,26.67,27.65,30.05,1.0,425.0,0.40418076293945315,True,PUT,2026-12-18,UAL
UAL261218P00130000,130.0,25.85,31.3,33.8,60.0,221.0,0.40143420837402344,True,PUT,2026-12-18,UAL
UAL270115C00072500,72.5,41.6,36.5,39.95,20.0,37.0,0.5582929913330079,True,CALL,2027-01-15,UAL
UAL270115C00075000,75.0,37.7,35.0,37.65,32.0,1833.0,0.5470626348876955,True,CALL,2027-01-15,UAL
UAL270115C00077500,77.5,46.45,33.0,36.45,2.0,71.0,0.5451705639648439,True,CALL,2027-01-15,UAL
UAL270115C00080000,80.0,33.05,31.0,34.05,1.0,426.0,0.5219164019775391,True,CALL,2027-01-15,UAL
UAL270115C00082500,82.5,32.58,29.75,32.5,1.0,36.0,0.5238695074462891,True,CALL,2027-01-15,UAL
UAL270115C00085000,85.0,30.6,28.0,30.8,3.0,296.0,0.5141650146484374,True,CALL,2027-01-15,UAL
UAL270115C00087500,87.5,30.39,26.15,30.5,1.0,26.0,0.5224046783447265,True,CALL,2027-01-15,UAL
UAL270115C00090000,90.0,26.8,25.45,27.75,2.0,167.0,0.5101367346191408,True,CALL,2027-01-15,UAL
UAL270115C00092500,92.5,31.25,24.25,25.8,40.0,97.0,0.5012256909179689,True,CALL,2027-01-15,UAL
UAL270115C00095000,95.0,24.75,22.0,25.0,2.0,131.0,0.5330246893310546,True,CALL,2027-01-15,UAL
UAL270115C00097500,97.5,29.85,21.35,23.85,2.0,58.0,0.5324143438720703,True,CALL,2027-01-15,UAL
UAL270115C00100000,100.0,22.69,19.85,22.5,2.0,418.0,0.52539537109375,True,CALL,2027-01-15,UAL
UAL270115C00105000,105.0,19.4,17.35,20.0,3.0,180.0,0.5134326000976561,False,CALL,2027-01-15,UAL
UAL270115C00110000,110.0,16.0,15.95,17.25,13.0,260.0,0.4912770599365235,False,CALL,2027-01-15,UAL
UAL270115C00115000,115.0,14.6,13.55,15.15,1.0,151.0,0.4813284289550781,False,CALL,2027-01-15,UAL
UAL270115C00120000,120.0,12.89,11.65,13.35,9.0,466.0,0.47473669799804685,False,CALL,2027-01-15,UAL
UAL270115C00125000,125.0,12.36,9.85,12.0,5.0,227.0,0.4755301470947265,False,CALL,2027-01-15,UAL
UAL270115C00130000,130.0,10.55,8.75,11.25,1.0,270.0,0.48801171173095714,False,CALL,2027-01-15,UAL
UAL270115P00072500,72.5,7.0,5.65,8.55,7.0,443.0,0.5531050549316407,False,PUT,2027-01-15,UAL
UAL270115P00075000,75.0,5.1,5.05,6.6,1.0,482.0,0.5019581054687501,False,PUT,2027-01-15,UAL
UAL270115P00077500,77.5,6.0,5.3,7.5,21.0,827.0,0.5024463818359376,False,PUT,2027-01-15,UAL
UAL270115P00080000,80.0,6.58,5.8,8.2,3.0,1378.0,0.49420671813964845,False,PUT,2027-01-15,UAL
UAL270115P00082500,82.5,6.74,6.7,8.35,22.0,86.0,0.46716841430664063,False,PUT,2027-01-15,UAL
UAL270115P00085000,85.0,8.5,7.8,9.0,5.0,117.0,0.4558159887695313,False,PUT,2027-01-15,UAL
UAL270115P00087500,87.5,8.74,8.35,9.9,2.0,185.0,0.45087219055175787,False,PUT,2027-01-15,UAL
UAL270115P00090000,90.0,9.0,9.25,11.15,1.0,464.0,0.45441219421386714,False,PUT,2027-01-15,UAL
UAL270115P00092500,92.5,10.8,10.05,12.1,50.0,152.0,0.44775942871093743,False,PUT,2027-01-15,UAL
UAL270115P00095000,95.0,12.7,11.65,12.95,102.0,873.0,0.4371394177246094,False,PUT,2027-01-15,UAL
UAL270115P00097500,97.5,12.85,12.3,14.5,262.0,788.0,0.44385321777343745,False,PUT,2027-01-15,UAL
UAL270115P00100000,100.0,14.52,13.1,15.6,4.0,801.0,0.4371394177246094,False,PUT,2027-01-15,UAL
UAL270115P00105000,105.0,16.84,15.8,18.0,6.0,184.0,0.4251156121826172,True,PUT,2027-01-15,UAL
UAL270115P00110000,110.0,20.25,18.8,20.4,4.0,306.0,0.40808697387695314,True,PUT,2027-01-15,UAL
UAL270115P00115000,115.0,21.48,21.8,23.9,3.0,166.0,0.4132749102783203,True,PUT,2027-01-15,UAL
UAL270115P00120000,120.0,23.95,24.95,27.0,1.0,519.0,0.4036314520263672,True,PUT,2027-01-15,UAL
UAL270115P00125000,125.0,28.52,28.0,30.4,2.0,290.0,0.39679558288574224,True,PUT,2027-01-15,UAL
UAL270115P00130000,130.0,29.29,31.5,33.7,1.0,122.0,0.38245246459960935,True,PUT,2027-01-15,UAL
UAL271217C00072500,72.5,38.95,53.0,0.0,30.0,98.0,1.0000000000000003e-05,True,CALL,2027-12-17,UAL
UAL271217C00075000,75.0,45.85,41.25,44.0,2.0,106.0,0.5476119458007813,True,CALL,2027-12-17,UAL
UAL271217C00077500,77.5,52.18,39.5,42.5,2.0,29.0,0.5394943511962893,True,CALL,2027-12-17,UAL
UAL271217C00080000,80.0,48.9,38.0,41.0,2.0,51.0,0.5337571038818358,True,CALL,2027-12-17,UAL
UAL271217C00082500,82.5,38.1,0.0,0.0,1.0,4.0,1.0000000000000003e-05,True,CALL,2027-12-17,UAL
UAL271217C00085000,85.0,45.25,35.0,38.0,1.0,43.0,0.5205126074218749,True,CALL,2027-12-17,UAL
UAL271217C00087500,87.5,47.15,33.5,37.5,2.0,6.0,0.5236253692626953,True,CALL,2027-12-17,UAL
UAL271217C00090000,90.0,45.55,32.5,35.75,1.0,109.0,0.5181017428588868,True,CALL,2027-12-17,UAL
UAL271217C00092500,92.5,42.12,31.0,34.7,6.0,36.0,0.5140429455566407,True,CALL,2027-12-17,UAL
UAL271217C00095000,95.0,39.02,30.0,33.5,5.0,46.0,0.5128222546386718,True,CALL,2027-12-17,UAL
UAL271217C00097500,97.5,34.0,38.0,0.0,2.0,6.0,1.0000000000000003e-05,True,CALL,2027-12-17,UAL
UAL271217C00100000,100.0,30.61,27.5,30.5,27.0,82.0,0.5266770965576173,True,CALL,2027-12-17,UAL
UAL271217C00105000,105.0,27.5,25.6,28.5,13.0,167.0,0.523320196533203,False,CALL,2027-12-17,UAL
UAL271217C00110000,110.0,24.6,23.9,26.45,98.0,60.0,0.5169115692138673,False,CALL,2027-12-17,UAL
UAL271217C00115000,115.0,24.2,21.0,24.45,4.0,40.0,0.5095569064331055,False,CALL,2027-12-17,UAL
UAL271217C00120000,120.0,28.63,19.5,22.9,2.0,51.0,0.5084582846069335,False,CALL,2027-12-17,UAL
UAL271217C00125000,125.0,21.3,18.0,21.5,133.0,337.0,0.5082446636962892,False,CALL,2027-12-17,UAL
UAL271217C00130000,130.0,23.56,17.25,19.35,7.0,37.0,0.49310809631347663,False,CALL,2027-12-17,UAL
UAL271217P00072500,72.5,10.6,0.0,0.0,1.0,7.0,0.062509375,False,PUT,2027-12-17,UAL
UAL271217P00075000,75.0,10.78,7.8,10.7,2.0,97.0,0.46344530700683595,False,PUT,2027-12-17,UAL
UAL271217P00077500,77.5,14.95,0.0,0.0,6.0,19.0,0.062509375,False,PUT,2027-12-17,UAL
UAL271217P00080000,80.0,10.27,9.95,13.5,10.0,19.0,0.476567734375,False,PUT,2027-12-17,UAL
UAL271217P00082500,82.5,13.6,14.8,16.95,1.0,53.0,0.5023853472900393,False,PUT,2027-12-17,UAL
UAL271217P00085000,85.0,13.4,12.2,13.9,52.0,192.0,0.4322871713256836,False,PUT,2027-12-17,UAL
UAL271217P00087500,87.5,13.0,12.0,15.75,1.0,148.0,0.44501287414550783,False,PUT,2027-12-17,UAL
UAL271217P00090000,90.0,13.49,13.45,17.5,10.0,15.0,0.454107021484375,False,PUT,2027-12-17,UAL
UAL271217P00092500,92.5,14.5,14.45,18.5,1.0,75.0,0.44696597961425777,False,PUT,2027-12-17,UAL
UAL271217P00095000,95.0,16.4,15.65,19.5,2.0,16.0,0.4393061441040039,False,PUT,2027-12-17,UAL
UAL271217P00097500,97.5,16.02,16.95,21.0,1.0,1.0,0.44064890411376956,False,PUT,2027-12-17,UAL
UAL271217P00100000,100.0,18.9,18.0,22.0,2.0,46.0,0.4317683776855469,False,PUT,2027-12-17,UAL
UAL271217P00105000,105.0,22.75,21.45,23.9,149.0,6.0,0.4107724938964844,True,PUT,2027-12-17,UAL
UAL271217P00110000,110.0,23.5,23.5,27.5,1.0,22.0,0.4182492257690429,True,PUT,2027-12-17,UAL
UAL271217P00115000,115.0,25.99,26.5,30.0,3.0,6.0,0.40344834838867194,True,PUT,2027-12-17,UAL
UAL271217P00120000,120.0,29.79,29.0,33.5,1.0,712.0,0.404028176574707,True,PUT,2027-12-17,UAL
UAL271217P00125000,125.0,33.5,33.65,34.55,98.0,200.0,0.3588931298828125,True,PUT,2027-12-17,UAL
UAL280121C00075000,75.0,46.23,41.5,45.0,1.0,12.0,0.549076774902344,True,CALL,2028-01-21,UAL
UAL280121C00080000,80.0,42.25,38.5,41.55,7.0,21.0,0.5323533093261719,True,CALL,2028-01-21,UAL
UAL280121C00082500,82.5,34.45,47.0,0.0,,1.0,1.0000000000000003e-05,True,CALL,2028-01-21,UAL
UAL280121C00085000,85.0,47.48,36.0,39.0,1.0,26.0,0.5288133056640626,True,CALL,2028-01-21,UAL
UAL280121C00087500,87.5,48.15,34.5,37.5,2.0,5.0,0.5210619183349607,True,CALL,2028-01-21,UAL
UAL280121C00090000,90.0,38.75,33.0,36.5,2.0,10.0,0.5179491564941407,True,CALL,2028-01-21,UAL
UAL280121C00092500,92.5,44.85,32.0,35.0,,10.0,0.5141955319213867,True,CALL,2028-01-21,UAL
UAL280121C00095000,95.0,34.3,30.5,34.5,43.0,45.0,0.5147143255615234,True,CALL,2028-01-21,UAL
UAL280121C00097500,97.5,40.48,29.5,32.85,3.0,11.0,0.5083972500610351,True,CALL,2028-01-21,UAL
UAL280121C00100000,100.0,31.2,28.5,32.0,2.0,45.0,0.5090991473388673,True,CALL,2028-01-21,UAL
UAL280121C00105000,105.0,28.0,26.0,29.05,3.0,24.0,0.5205126074218749,False,CALL,2028-01-21,UAL
UAL280121C00110000,110.0,29.0,24.25,27.5,5.0,31.0,0.5230150238037108,False,CALL,2028-01-21,UAL
UAL280121C00115000,115.0,29.78,22.0,25.5,2.0,13.0,0.5155382919311523,False,CALL,2028-01-21,UAL
UAL280121C00120000,120.0,26.09,20.5,23.5,2.0,120.0,0.5064136273193358,False,CALL,2028-01-21,UAL
UAL280121C00125000,125.0,22.2,18.5,22.0,13.0,70.0,0.5043994873046875,False,CALL,2028-01-21,UAL
UAL280121C00130000,130.0,19.09,17.8,20.15,2.0,37.0,0.49478654632568364,False,CALL,2028-01-21,UAL
UAL280121P00075000,75.0,9.4,8.0,11.45,1.0,64.0,0.4701591070556641,False,PUT,2028-01-21,UAL
UAL280121P00080000,80.0,11.58,10.4,14.0,1.0,6.0,0.47601842346191403,False,PUT,2028-01-21,UAL
UAL280121P00085000,85.0,13.0,11.5,14.75,10.0,21.0,0.4395197650146484,False,PUT,2028-01-21,UAL
UAL280121P00087500,87.5,14.82,13.1,16.75,1.0,150.0,0.45453426330566404,False,PUT,2028-01-21,UAL
UAL280121P00090000,90.0,15.27,13.5,18.0,100.0,100.0,0.4529473651123047,False,PUT,2028-01-21,UAL
UAL280121P00092500,92.5,16.25,15.0,18.45,,20.0,0.43506424316406256,False,PUT,2028-01-21,UAL
UAL280121P00095000,95.0,23.0,0.0,0.0,,8.0,0.015634843750000002,False,PUT,2028-01-21,UAL
UAL280121P00097500,97.5,24.55,0.0,0.0,4.0,17.0,0.007822421875,False,PUT,2028-01-21,UAL
UAL280121P00100000,100.0,20.15,19.1,21.9,1.0,25.0,0.41937836486816404,False,PUT,2028-01-21,UAL
UAL280121P00105000,105.0,22.5,21.5,25.0,2.0,6.0,0.4202938830566406,True,PUT,2028-01-21,UAL
UAL280121P00110000,110.0,23.8,24.0,27.5,4.0,3.0,0.4080259393310547,True,PUT,2028-01-21,UAL
UAL280121P00115000,115.0,28.25,26.95,30.5,8.0,8.0,0.4022276574707031,True,PUT,2028-01-21,UAL
UAL280121P00120000,120.0,31.6,30.0,33.5,,1.0,0.3941405801391602,True,PUT,2028-01-21,UAL
UAL280121P00125000,125.0,43.5,0.0,0.0,2.0,2.0,1.0000000000000003e-05,True,PUT,2028-01-21,UAL
UAL280121P00130000,130.0,37.8,37.0,40.05,2.0,12.0,0.38092660095214836,True,PUT,2028-01-21,UAL
UBER260130C00060000,60.0,21.04,19.7,23.6,8.0,19.0,2.697268881835938,True,CALL,2026-01-30,UBER
UBER260130C00065000,65.0,16.1,15.55,17.3,2.0,8.0,1.75390748046875,True,CALL,2026-01-30,UBER
UBER260130C00068000,68.0,13.61,12.7,14.45,1.0,2.0,1.6796891015625,True,CALL,2026-01-30,UBER
UBER260130C00069000,69.0,10.93,11.75,13.45,9.0,11.0,1.6015644921874999,True,CALL,2026-01-30,UBER
UBER260130C00070000,70.0,11.41,10.7,12.1,11.0,60.0,1.21875390625,True,CALL,2026-01-30,UBER
UBER260130C00071000,71.0,10.21,10.05,10.95,20.0,32.0,1.2675817871093749,True,CALL,2026-01-30,UBER
UBER260130C00072000,72.0,9.32,8.75,9.95,4.0,25.0,0.9414068359375,True,CALL,2026-01-30,UBER
UBER260130C00073000,73.0,8.33,7.75,8.95,2.0,9.0,0.8554701953125,True,CALL,2026-01-30,UBER
UBER260130C00074000,74.0,7.62,6.75,8.1,4.0,7.0,0.8730481445312499,True,CALL,2026-01-30,UBER
UBER260130C00075000,75.0,6.26,5.75,8.3,1.0,167.0,1.2460975195312498,True,CALL,2026-01-30,UBER
UBER260130C00076000,76.0,5.15,4.75,7.3,2.0,73.0,1.115238798828125,True,CALL,2026-01-30,UBER
UBER260130C00077000,77.0,4.6,3.8,5.05,32.0,135.0,0.5742230078125,True,CALL,2026-01-30,UBER
UBER260130C00078000,78.0,3.8,2.79,4.3,19.0,520.0,0.5625043750000001,True,CALL,2026-01-30,UBER
UBER260130C00079000,79.0,2.45,2.31,3.15,249.0,204.0,0.5488326367187502,True,CALL,2026-01-30,UBER
UBER260130C00080000,80.0,1.56,2.0,2.12,1196.0,1463.0,0.561527822265625,True,CALL,2026-01-30,UBER
UBER260130C00081000,81.0,1.32,1.24,1.35,3161.0,2874.0,0.5073291455078125,True,CALL,2026-01-30,UBER
UBER260130C00082000,82.0,0.72,0.68,0.76,4027.0,3298.0,0.45215391601562505,False,CALL,2026-01-30,UBER
UBER260130C00083000,83.0,0.35,0.3,0.38,5408.0,5050.0,0.42188078125,False,CALL,2026-01-30,UBER
UBER260130C00084000,84.0,0.16,0.13,0.2,1354.0,2935.0,0.428716650390625,False,CALL,2026-01-30,UBER
UBER260130C00085000,85.0,0.11,0.09,0.12,1671.0,4210.0,0.45703667968750006,False,CALL,2026-01-30,UBER
UBER260130C00086000,86.0,0.06,0.05,0.07,267.0,2215.0,0.4804739453125,False,CALL,2026-01-30,UBER
UBER260130C00087000,87.0,0.06,0.03,0.1,354.0,3659.0,0.5468795312500001,False,CALL,2026-01-30,UBER
UBER260130C00088000,88.0,0.03,0.02,0.04,74.0,1826.0,0.5429733203125001,False,CALL,2026-01-30,UBER
UBER260130C00089000,89.0,0.02,0.01,0.04,201.0,1116.0,0.585941640625,False,CALL,2026-01-30,UBER
UBER260130C00090000,90.0,0.03,0.01,0.03,199.0,4171.0,0.632816171875,False,CALL,2026-01-30,UBER
UBER260130C00091000,91.0,0.01,0.0,0.02,28.0,1149.0,0.6250037500000001,False,CALL,2026-01-30,UBER
UBER260130C00092000,92.0,0.04,0.0,0.11,3.0,884.0,0.8632826171875,False,CALL,2026-01-30,UBER
UBER260130C00093000,93.0,0.01,0.0,0.02,39.0,299.0,0.73437765625,False,CALL,2026-01-30,UBER
UBER260130C00094000,94.0,0.01,0.0,0.52,5.0,181.0,1.32422212890625,False,CALL,2026-01-30,UBER
UBER260130C00095000,95.0,0.01,0.0,0.08,12.0,2085.0,0.9960937890625,False,CALL,2026-01-30,UBER
UBER260130C00096000,96.0,0.01,0.0,0.02,30.0,264.0,0.87500125,False,CALL,2026-01-30,UBER
UBER260130C00097000,97.0,0.04,0.0,1.0,3.0,27.0,1.7949229003906249,False,CALL,2026-01-30,UBER
UBER260130C00098000,98.0,0.01,0.0,0.75,,20.0,1.7421887890624999,False,CALL,2026-01-30,UBER
UBER260130C00100000,100.0,0.01,0.0,0.01,22.0,873.0,0.98437515625,False,CALL,2026-01-30,UBER
UBER260130C00105000,105.0,0.01,0.0,0.01,6.0,123.0,1.1875040625,False,CALL,2026-01-30,UBER
UBER260130P00060000,60.0,0.04,0.0,0.02,2.0,104.0,1.5625021874999998,False,PUT,2026-01-30,UBER
UBER260130P00065000,65.0,0.04,0.0,0.02,100.0,250.0,1.171879140625,False,PUT,2026-01-30,UBER
UBER260130P00068000,68.0,0.02,0.0,0.03,4.0,74.0,1.000005,False,PUT,2026-01-30,UBER
UBER260130P00069000,69.0,0.03,0.0,0.04,1.0,13.0,0.9687503125,False,PUT,2026-01-30,UBER
UBER260130P00070000,70.0,0.01,0.0,0.05,4.0,1282.0,0.914063359375,False,PUT,2026-01-30,UBER
UBER260130P00071000,71.0,0.04,0.0,0.08,13.0,46.0,0.8984385156249999,False,PUT,2026-01-30,UBER
UBER260130P00072000,72.0,0.02,0.0,0.62,2.0,104.0,1.2421912890624998,False,PUT,2026-01-30,UBER
UBER260130P00073000,73.0,0.02,0.01,0.02,6.0,267.0,0.64062859375,False,PUT,2026-01-30,UBER
UBER260130P00074000,74.0,0.02,0.0,0.58,5.0,681.0,1.0078174609375,False,PUT,2026-01-30,UBER
UBER260130P00075000,75.0,0.02,0.01,0.11,176.0,1797.0,0.6250037500000001,False,PUT,2026-01-30,UBER
UBER260130P00076000,76.0,0.04,0.01,0.06,237.0,1187.0,0.5390671093750001,False,PUT,2026-01-30,UBER
UBER260130P00077000,77.0,0.07,0.03,0.07,84.0,3400.0,0.46680220703125,False,PUT,2026-01-30,UBER
UBER260130P00078000,78.0,0.09,0.05,0.09,1132.0,3557.0,0.40039662109375,False,PUT,2026-01-30,UBER
UBER260130P00079000,79.0,0.12,0.1,0.17,1121.0,3548.0,0.36817038085937503,False,PUT,2026-01-30,UBER
UBER260130P00080000,80.0,0.24,0.21,0.28,2259.0,2602.0,0.313483427734375,False,PUT,2026-01-30,UBER
UBER260130P00081000,81.0,0.48,0.43,0.49,2450.0,3097.0,0.25489026367187506,False,PUT,2026-01-30,UBER
UBER260130P00082000,82.0,1.02,0.85,0.98,2325.0,2984.0,0.21973436523437498,True,PUT,2026-01-30,UBER
UBER260130P00083000,83.0,1.64,1.45,1.63,129.0,1080.0,1.0000000000000003e-05,True,PUT,2026-01-30,UBER
UBER260130P00084000,84.0,2.48,2.28,2.45,86.0,636.0,1.0000000000000003e-05,True,PUT,2026-01-30,UBER
UBER260130P00085000,85.0,3.39,3.15,3.7,21.0,619.0,1.0000000000000003e-05,True,PUT,2026-01-30,UBER
UBER260130P00086000,86.0,4.84,4.1,5.0,24.0,372.0,0.6699251757812501,True,PUT,2026-01-30,UBER
UBER260130P00087000,87.0,6.61,4.55,6.35,1.0,91.0,1.0058643457031249,True,PUT,2026-01-30,UBER
UBER260130P00088000,88.0,6.25,4.85,8.05,4.0,72.0,1.5048852880859376,True,PUT,2026-01-30,UBER
UBER260130P00089000,89.0,8.6,5.75,8.3,1.0,35.0,1.171879140625,True,PUT,2026-01-30,UBER
UBER260130P00090000,90.0,8.84,6.75,9.3,6.0,19.0,1.2656286718749998,True,PUT,2026-01-30,UBER
UBER260130P00091000,91.0,9.03,7.75,10.3,2.0,0.0,1.3554719726562499,True,PUT,2026-01-30,UBER
UBER260130P00092000,92.0,10.0,8.75,11.3,1.0,0.0,1.443362158203125,True,PUT,2026-01-30,UBER
UBER260130P00093000,93.0,11.27,9.75,12.3,2.0,0.0,1.5292992285156248,True,PUT,2026-01-30,UBER
UBER260130P00094000,94.0,9.65,10.7,13.4,,0.0,1.69140779296875,True,PUT,2026-01-30,UBER
UBER260130P00095000,95.0,10.67,11.35,14.7,2.0,0.0,1.9912109814453123,True,PUT,2026-01-30,UBER
UBER260130P00096000,96.0,13.88,12.45,16.25,,0.0,2.426761745605469,True,PUT,2026-01-30,UBER
UBER260130P00100000,100.0,20.55,16.45,20.25,,0.0,2.7763702465820312,True,PUT,2026-01-30,UBER
UBER260206C00060000,60.0,22.5,19.95,23.35,,2.0,1.2714880175781247,True,CALL,2026-02-06,UBER
UBER260206C00065000,65.0,18.15,14.95,18.45,1.0,43.0,1.0244189404296877,True,CALL,2026-02-06,UBER
UBER260206C00070000,70.0,10.99,11.0,12.2,2.0,35.0,0.70312796875,True,CALL,2026-02-06,UBER
UBER260206C00072000,72.0,9.64,9.2,10.35,129.0,29.0,0.6762727685546877,True,CALL,2026-02-06,UBER
UBER260206C00073000,73.0,9.36,8.25,9.4,31.0,40.0,0.639652041015625,True,CALL,2026-02-06,UBER
UBER260206C00074000,74.0,8.37,7.4,8.55,3.0,31.0,0.6323278955078125,True,CALL,2026-02-06,UBER
UBER260206C00075000,75.0,7.32,6.85,7.95,12.0,55.0,0.69336244140625,True,CALL,2026-02-06,UBER
UBER260206C00076000,76.0,6.45,6.3,7.0,50.0,22.0,0.6889679541015626,True,CALL,2026-02-06,UBER
UBER260206C00077000,77.0,5.35,5.55,7.55,2.0,30.0,0.8217791259765624,True,CALL,2026-02-06,UBER
UBER260206C00078000,78.0,5.0,5.2,5.6,72.0,29.0,0.7087431469726562,True,CALL,2026-02-06,UBER
UBER260206C00079000,79.0,3.78,4.6,4.85,3.0,100.0,0.69336244140625,True,CALL,2026-02-06,UBER
UBER260206C00080000,80.0,4.01,4.0,4.25,538.0,335.0,0.6850617431640625,True,CALL,2026-02-06,UBER
UBER260206C00081000,81.0,3.6,3.55,3.7,308.0,253.0,0.6875031250000001,True,CALL,2026-02-06,UBER
UBER260206C00082000,82.0,2.8,3.05,3.2,822.0,320.0,0.6811555322265627,False,CALL,2026-02-06,UBER
UBER260206C00083000,83.0,2.7,2.61,2.67,354.0,604.0,0.6689486230468751,False,CALL,2026-02-06,UBER
UBER260206C00084000,84.0,2.29,2.22,2.29,679.0,588.0,0.6674837939453127,False,CALL,2026-02-06,UBER
UBER260206C00085000,85.0,1.9,1.83,1.93,770.0,1535.0,0.659183095703125,False,CALL,2026-02-06,UBER
UBER260206C00086000,86.0,1.5,1.5,1.62,432.0,675.0,0.6533237792968751,False,CALL,2026-02-06,UBER
UBER260206C00087000,87.0,1.29,1.25,1.32,81.0,1161.0,0.648441015625,False,CALL,2026-02-06,UBER
UBER260206C00088000,88.0,1.03,1.04,1.04,249.0,623.0,0.641605146484375,False,CALL,2026-02-06,UBER
UBER260206C00089000,89.0,0.92,0.81,0.92,156.0,470.0,0.6445348046875,False,CALL,2026-02-06,UBER
UBER260206C00090000,90.0,0.68,0.7,0.74,617.0,3783.0,0.648441015625,False,CALL,2026-02-06,UBER
UBER260206C00091000,91.0,0.58,0.55,0.6,31.0,411.0,0.6445348046875,False,CALL,2026-02-06,UBER
UBER260206C00092000,92.0,0.45,0.44,0.49,125.0,705.0,0.6445348046875,False,CALL,2026-02-06,UBER
UBER260206C00093000,93.0,0.35,0.32,0.61,9.0,642.0,0.6835969140625001,False,CALL,2026-02-06,UBER
UBER260206C00094000,94.0,0.24,0.25,0.6,4.0,372.0,0.7050810742187501,False,CALL,2026-02-06,UBER
UBER260206C00095000,95.0,0.23,0.23,0.26,99.0,649.0,0.65039412109375,False,CALL,2026-02-06,UBER
UBER260206C00096000,96.0,0.2,0.0,0.48,16.0,138.0,0.6796907031250001,False,CALL,2026-02-06,UBER
UBER260206C00097000,97.0,0.13,0.0,0.76,103.0,191.0,0.790041162109375,False,CALL,2026-02-06,UBER
UBER260206C00098000,98.0,0.11,0.0,0.21,3.0,31.0,0.6367223828125,False,CALL,2026-02-06,UBER
UBER260206C00100000,100.0,0.08,0.05,0.14,30.0,1058.0,0.6796907031250001,False,CALL,2026-02-06,UBER
UBER260206C00105000,105.0,0.06,0.0,0.75,5.0,4.0,1.0390673046875003,False,CALL,2026-02-06,UBER
UBER260206P00060000,60.0,0.04,0.0,0.05,1.0,14.0,0.8125018749999999,False,PUT,2026-02-06,UBER
UBER260206P00065000,65.0,0.05,0.02,0.05,25.0,740.0,0.6445348046875,False,PUT,2026-02-06,UBER
UBER260206P00069000,69.0,0.28,0.01,0.28,2.0,305.0,0.6250037500000001,False,PUT,2026-02-06,UBER
UBER260206P00070000,70.0,0.18,0.16,0.2,30.0,647.0,0.6054726953125001,False,PUT,2026-02-06,UBER
UBER260206P00071000,71.0,0.22,0.12,0.33,17.0,104.0,0.5888712988281251,False,PUT,2026-02-06,UBER
UBER260206P00072000,72.0,0.36,0.33,0.39,70.0,872.0,0.6098671826171876,False,PUT,2026-02-06,UBER
UBER260206P00073000,73.0,0.5,0.45,0.52,12.0,958.0,0.6093789062500001,False,PUT,2026-02-06,UBER
UBER260206P00074000,74.0,0.63,0.58,0.68,157.0,1881.0,0.6044961425781252,False,PUT,2026-02-06,UBER
UBER260206P00075000,75.0,0.82,0.78,0.85,162.0,3664.0,0.6025430371093752,False,PUT,2026-02-06,UBER
UBER260206P00076000,76.0,1.04,1.0,1.09,193.0,2751.0,0.6015664843750002,False,PUT,2026-02-06,UBER
UBER260206P00077000,77.0,1.28,1.26,1.37,231.0,815.0,0.6001016552734376,False,PUT,2026-02-06,UBER
UBER260206P00078000,78.0,1.61,1.54,1.67,91.0,705.0,0.5922892333984376,False,PUT,2026-02-06,UBER
UBER260206P00079000,79.0,1.96,1.89,2.01,310.0,1105.0,0.5864299169921875,False,PUT,2026-02-06,UBER
UBER260206P00080000,80.0,2.36,2.29,2.4,305.0,1670.0,0.5805706005859376,False,PUT,2026-02-06,UBER
UBER260206P00081000,81.0,2.75,2.75,2.86,185.0,328.0,0.5773968041992188,False,PUT,2026-02-06,UBER
UBER260206P00082000,82.0,3.35,3.2,3.4,35.0,801.0,0.570316796875,True,PUT,2026-02-06,UBER
UBER260206P00083000,83.0,4.04,3.75,3.95,21.0,316.0,0.5634809277343751,True,PUT,2026-02-06,UBER
UBER260206P00084000,84.0,4.63,4.3,4.6,44.0,503.0,0.5556685058593751,True,PUT,2026-02-06,UBER
UBER260206P00085000,85.0,5.29,4.95,5.15,64.0,648.0,0.5361374511718751,True,PUT,2026-02-06,UBER
UBER260206P00086000,86.0,6.1,5.6,5.85,3.0,107.0,0.5200243310546875,True,PUT,2026-02-06,UBER
UBER260206P00087000,87.0,6.5,6.3,7.3,3.0,60.0,0.5937540625000001,True,PUT,2026-02-06,UBER
UBER260206P00088000,88.0,7.41,7.0,7.8,1.0,75.0,0.5376022802734376,True,PUT,2026-02-06,UBER
UBER260206P00089000,89.0,8.99,6.6,9.2,1.0,10.0,0.7993184130859375,True,PUT,2026-02-06,UBER
UBER260206P00090000,90.0,9.49,7.45,10.0,6.0,64.0,0.799806689453125,True,PUT,2026-02-06,UBER
UBER260206P00091000,91.0,7.15,8.3,10.85,1.0,2.0,0.8081073876953124,True,PUT,2026-02-06,UBER
UBER260206P00092000,92.0,11.35,9.2,11.75,1.0,5.0,0.8256853369140623,True,PUT,2026-02-06,UBER
UBER260206P00093000,93.0,11.89,10.1,12.65,2.0,4.0,0.8393570751953124,True,PUT,2026-02-06,UBER
UBER260206P00094000,94.0,14.24,11.0,13.6,1.0,2.0,0.8652357226562499,True,PUT,2026-02-06,UBER
UBER260206P00095000,95.0,15.04,13.2,14.5,1.0,87.0,0.5546919531250001,True,PUT,2026-02-06,UBER
UBER260206P00096000,96.0,13.58,12.9,15.45,84.0,84.0,0.8930674755859375,True,PUT,2026-02-06,UBER
UBER260206P00098000,98.0,14.5,14.75,18.2,,1.0,1.2138711181640622,True,PUT,2026-02-06,UBER
UBER260206P00100000,100.0,18.75,16.75,19.4,5.0,87.0,1.01953615234375,True,PUT,2026-02-06,UBER
UBER260206P00101000,101.0,18.54,17.7,21.15,84.0,82.0,1.3173862255859374,True,PUT,2026-02-06,UBER
UBER260206P00105000,105.0,21.18,21.55,25.3,,0.0,1.5122094702148439,True,PUT,2026-02-06,UBER
UBER260213C00065000,65.0,19.72,15.1,18.4,,1.0,0.7895528857421875,True,CALL,2026-02-13,UBER
UBER260213C00070000,70.0,10.67,11.2,12.8,6.0,50.0,0.6586948193359375,True,CALL,2026-02-13,UBER
UBER260213C00072000,72.0,11.0,9.4,10.6,,35.0,0.5698285205078125,True,CALL,2026-02-13,UBER
UBER260213C00074000,74.0,11.05,7.7,9.05,1.0,2.0,0.5639692041015626,True,CALL,2026-02-13,UBER
UBER260213C00075000,75.0,8.96,6.9,8.15,2.0,41.0,0.5446822875976562,True,CALL,2026-02-13,UBER
UBER260213C00077000,77.0,7.2,6.15,6.7,3.0,1.0,0.59570716796875,True,CALL,2026-02-13,UBER
UBER260213C00078000,78.0,5.7,5.55,5.95,6.0,33.0,0.5876506079101562,True,CALL,2026-02-13,UBER
UBER260213C00079000,79.0,4.2,5.05,5.3,5.0,23.0,0.5893595751953126,True,CALL,2026-02-13,UBER
UBER260213C00080000,80.0,4.75,4.55,4.65,16.0,167.0,0.584965087890625,True,CALL,2026-02-13,UBER
UBER260213C00081000,81.0,3.8,3.95,4.1,31.0,82.0,0.5749554223632812,True,CALL,2026-02-13,UBER
UBER260213C00082000,82.0,3.36,3.5,3.65,46.0,77.0,0.577152666015625,False,CALL,2026-02-13,UBER
UBER260213C00083000,83.0,2.88,3.0,3.15,45.0,191.0,0.5664105859375,False,CALL,2026-02-13,UBER
UBER260213C00084000,84.0,2.52,2.61,2.78,164.0,128.0,0.567387138671875,False,CALL,2026-02-13,UBER
UBER260213C00085000,85.0,2.32,2.25,2.35,443.0,462.0,0.5600629931640625,False,CALL,2026-02-13,UBER
UBER260213C00086000,86.0,2.02,1.91,2.0,356.0,168.0,0.5546919531250001,False,CALL,2026-02-13,UBER
UBER260213C00087000,87.0,1.6,1.61,1.71,333.0,1667.0,0.5515181567382813,False,CALL,2026-02-13,UBER
UBER260213C00088000,88.0,1.43,1.35,1.43,105.0,141.0,0.5463912548828126,False,CALL,2026-02-13,UBER
UBER260213C00089000,89.0,1.1,1.12,1.21,37.0,160.0,0.543949873046875,False,CALL,2026-02-13,UBER
UBER260213C00090000,90.0,1.0,0.93,1.0,169.0,908.0,0.5400436621093752,False,CALL,2026-02-13,UBER
UBER260213C00091000,91.0,0.77,0.77,0.84,4.0,101.0,0.5395553857421876,False,CALL,2026-02-13,UBER
UBER260213C00092000,92.0,0.68,0.61,0.71,37.0,131.0,0.5366257275390626,False,CALL,2026-02-13,UBER
UBER260213C00093000,93.0,0.45,0.47,1.16,5.0,152.0,0.6069375244140626,False,CALL,2026-02-13,UBER
UBER260213C00094000,94.0,0.46,0.41,0.5,6.0,83.0,0.5380905566406251,False,CALL,2026-02-13,UBER
UBER260213C00095000,95.0,0.38,0.32,0.42,97.0,591.0,0.5371140039062501,False,CALL,2026-02-13,UBER
UBER260213C00096000,96.0,0.2,0.0,1.17,2.0,464.0,0.6337927246093751,False,CALL,2026-02-13,UBER
UBER260213C00097000,97.0,0.2,0.0,2.0,2.0,113.0,0.7739280419921876,False,CALL,2026-02-13,UBER
UBER260213C00098000,98.0,0.15,0.16,0.53,6.0,107.0,0.6044961425781252,False,CALL,2026-02-13,UBER
UBER260213C00100000,100.0,0.1,0.0,0.21,1.0,233.0,0.5185595019531251,False,CALL,2026-02-13,UBER
UBER260213C00105000,105.0,0.13,0.0,1.29,5.0,36.0,0.883790224609375,False,CALL,2026-02-13,UBER
UBER260213P00060000,60.0,0.13,0.0,0.3,1.0,582.0,0.789064609375,False,PUT,2026-02-13,UBER
UBER260213P00065000,65.0,0.15,0.0,0.93,52.0,60.0,0.77929908203125,False,PUT,2026-02-13,UBER
UBER260213P00070000,70.0,0.49,0.31,0.39,139.0,444.0,0.5312546875,False,PUT,2026-02-13,UBER
UBER260213P00071000,71.0,0.46,0.0,1.94,2.0,11.0,0.6743196630859377,False,PUT,2026-02-13,UBER
UBER260213P00072000,72.0,0.79,0.51,0.6,117.0,970.0,0.5190477783203125,False,PUT,2026-02-13,UBER
UBER260213P00073000,73.0,0.72,0.48,0.77,1.0,53.0,0.5327195166015625,False,PUT,2026-02-13,UBER
UBER260213P00074000,74.0,1.06,0.82,0.96,50.0,38.0,0.5151415673828125,False,PUT,2026-02-13,UBER
UBER260213P00075000,75.0,1.23,1.03,1.16,11.0,465.0,0.5107470800781251,False,PUT,2026-02-13,UBER
UBER260213P00076000,76.0,1.46,1.25,1.42,8.0,129.0,0.5063525927734375,False,PUT,2026-02-13,UBER
UBER260213P00077000,77.0,1.67,1.5,1.69,9.0,180.0,0.51562984375,False,PUT,2026-02-13,UBER
UBER260213P00078000,78.0,1.98,1.85,2.01,5.0,189.0,0.5107470800781251,False,PUT,2026-02-13,UBER
UBER260213P00079000,79.0,2.78,2.15,2.41,12.0,146.0,0.5117236328125,False,PUT,2026-02-13,UBER
UBER260213P00080000,80.0,3.2,2.59,2.79,21.0,303.0,0.5024463818359376,False,PUT,2026-02-13,UBER
UBER260213P00081000,81.0,3.35,3.05,3.3,10.0,98.0,0.5061084545898438,False,PUT,2026-02-13,UBER
UBER260213P00082000,82.0,3.88,3.5,3.8,1.0,57.0,0.5014698291015626,True,PUT,2026-02-13,UBER
UBER260213P00083000,83.0,4.87,4.05,4.4,15.0,44.0,0.5048877636718749,True,PUT,2026-02-13,UBER
UBER260213P00084000,84.0,5.0,4.65,5.0,1.0,47.0,0.5014698291015626,True,PUT,2026-02-13,UBER
UBER260213P00085000,85.0,5.62,5.25,5.65,24.0,46.0,0.499028447265625,True,PUT,2026-02-13,UBER
UBER260213P00086000,86.0,6.45,5.95,6.3,24.0,37.0,0.4899953344726563,True,PUT,2026-02-13,UBER
UBER260213P00087000,87.0,7.51,6.6,7.5,2.0,28.0,0.56836369140625,True,PUT,2026-02-13,UBER
UBER260213P00088000,88.0,6.3,7.35,8.1,35.0,40.0,0.541264353027344,True,PUT,2026-02-13,UBER
UBER260213P00089000,89.0,6.0,6.85,9.45,1.0,4.0,0.6445348046875,True,PUT,2026-02-13,UBER
UBER260213P00090000,90.0,9.4,7.65,10.25,9.0,28.0,0.6477086010742188,True,PUT,2026-02-13,UBER
UBER260213P00092000,92.0,8.7,9.2,12.75,,7.0,0.815431533203125,True,PUT,2026-02-13,UBER
UBER260213P00093000,93.0,7.8,10.2,12.8,5.0,6.0,0.6635775830078127,True,PUT,2026-02-13,UBER
UBER260213P00097000,97.0,12.06,13.85,17.35,1.0,1.0,0.911133701171875,True,PUT,2026-02-13,UBER
UBER260213P00105000,105.0,24.71,21.7,25.15,1.0,0.0,1.0986373193359378,True,PUT,2026-02-13,UBER
UBER260220C00060000,60.0,20.7,20.9,22.4,6.0,74.0,0.7949239257812499,True,CALL,2026-02-20,UBER
UBER260220C00065000,65.0,16.1,15.95,18.6,6.0,38.0,0.8100604931640624,True,CALL,2026-02-20,UBER
UBER260220C00070000,70.0,11.05,11.95,12.5,15.0,321.0,0.6005899316406251,True,CALL,2026-02-20,UBER
UBER260220C00072500,72.5,11.8,9.15,10.4,3.0,40.0,0.5124560473632812,True,CALL,2026-02-20,UBER
UBER260220C00073000,73.0,9.8,8.7,9.9,1.0,6.0,0.6030313134765627,True,CALL,2026-02-20,UBER
UBER260220C00074000,74.0,11.35,7.9,9.15,,11.0,0.5983926879882813,True,CALL,2026-02-20,UBER
UBER260220C00075000,75.0,7.8,7.7,8.4,2.0,333.0,0.5371140039062501,True,CALL,2026-02-20,UBER
UBER260220C00077000,77.0,6.4,6.45,7.0,29.0,26.0,0.5380905566406251,True,CALL,2026-02-20,UBER
UBER260220C00077500,77.5,6.1,6.15,6.5,26.0,189.0,0.5261277856445312,True,CALL,2026-02-20,UBER
UBER260220C00078000,78.0,5.75,5.95,6.15,6.0,88.0,0.5297898583984376,True,CALL,2026-02-20,UBER
UBER260220C00079000,79.0,5.35,5.25,5.55,23.0,22.0,0.5205126074218749,True,CALL,2026-02-20,UBER
UBER260220C00080000,80.0,4.74,4.7,4.95,352.0,2590.0,0.5161181201171875,True,CALL,2026-02-20,UBER
UBER260220C00081000,81.0,4.2,4.2,4.45,66.0,260.0,0.516606396484375,True,CALL,2026-02-20,UBER
UBER260220C00082000,82.0,3.75,3.7,3.9,253.0,370.0,0.5090381127929688,False,CALL,2026-02-20,UBER
UBER260220C00082500,82.5,3.45,3.55,3.6,174.0,2074.0,0.5083056982421875,False,CALL,2026-02-20,UBER
UBER260220C00083000,83.0,3.3,3.2,3.45,15.0,295.0,0.5031787963867188,False,CALL,2026-02-20,UBER
UBER260220C00084000,84.0,2.88,2.84,2.94,98.0,464.0,0.5039112109375,False,CALL,2026-02-20,UBER
UBER260220C00085000,85.0,2.54,2.53,2.56,11607.0,25371.0,0.5007374145507812,False,CALL,2026-02-20,UBER
UBER260220C00086000,86.0,2.26,2.11,2.21,63.0,248.0,0.4968312036132813,False,CALL,2026-02-20,UBER
UBER260220C00087000,87.0,1.96,1.86,1.93,34.0,324.0,0.4978077563476563,False,CALL,2026-02-20,UBER
UBER260220C00087500,87.5,1.7,1.66,1.76,99.0,8259.0,0.49219257812500006,False,CALL,2026-02-20,UBER
UBER260220C00088000,88.0,1.54,1.52,1.71,33.0,161.0,0.5029346582031251,False,CALL,2026-02-20,UBER
UBER260220C00089000,89.0,1.35,1.08,1.43,12.0,63.0,0.4953663745117188,False,CALL,2026-02-20,UBER
UBER260220C00090000,90.0,1.13,1.1,1.2,177.0,8844.0,0.4904836108398438,False,CALL,2026-02-20,UBER
UBER260220C00091000,91.0,0.98,0.9,1.02,34.0,538.0,0.4897511962890626,False,CALL,2026-02-20,UBER
UBER260220C00092000,92.0,0.93,0.75,0.87,12.0,170.0,0.49023947265625006,False,CALL,2026-02-20,UBER
UBER260220C00092500,92.5,0.75,0.7,0.78,26.0,5104.0,0.4858449853515625,False,CALL,2026-02-20,UBER
UBER260220C00093000,93.0,0.65,0.65,0.72,88.0,175.0,0.48633326171875,False,CALL,2026-02-20,UBER
UBER260220C00094000,94.0,0.56,0.55,0.61,12.0,156.0,0.48730981445312505,False,CALL,2026-02-20,UBER
UBER260220C00095000,95.0,0.52,0.46,0.51,123.0,14756.0,0.48633326171875,False,CALL,2026-02-20,UBER
UBER260220C00096000,96.0,0.41,0.37,0.56,32.0,105.0,0.5224657128906249,False,CALL,2026-02-20,UBER
UBER260220C00097500,97.5,0.3,0.3,0.33,3.0,3033.0,0.48828636718750007,False,CALL,2026-02-20,UBER
UBER260220C00100000,100.0,0.2,0.18,0.22,244.0,26932.0,0.495122236328125,False,CALL,2026-02-20,UBER
UBER260220C00105000,105.0,0.11,0.03,0.15,5.0,3840.0,0.5019581054687501,False,CALL,2026-02-20,UBER
UBER260220P00060000,60.0,0.05,0.02,0.08,5.0,652.0,0.5546919531250001,False,PUT,2026-02-20,UBER
UBER260220P00065000,65.0,0.16,0.05,0.49,92.0,11110.0,0.5722699023437501,False,PUT,2026-02-20,UBER
UBER260220P00070000,70.0,0.51,0.27,0.49,136.0,31538.0,0.485356708984375,False,PUT,2026-02-20,UBER
UBER260220P00072000,72.0,0.87,0.64,0.76,1.0,399.0,0.47998566894531247,False,PUT,2026-02-20,UBER
UBER260220P00072500,72.5,0.78,0.74,0.79,95.0,5797.0,0.4672904833984375,False,PUT,2026-02-20,UBER
UBER260220P00073000,73.0,0.87,0.82,0.93,56.0,280.0,0.476567734375,False,PUT,2026-02-20,UBER
UBER260220P00074000,74.0,1.17,1.0,1.13,9.0,426.0,0.4731497998046875,False,PUT,2026-02-20,UBER
UBER260220P00075000,75.0,1.31,1.22,1.32,251.0,6066.0,0.4633842724609375,False,PUT,2026-02-20,UBER
UBER260220P00076000,76.0,1.5,1.48,1.61,19.0,291.0,0.4643608251953125,False,PUT,2026-02-20,UBER
UBER260220P00077000,77.0,2.21,1.77,1.91,51.0,354.0,0.4611870288085938,False,PUT,2026-02-20,UBER
UBER260220P00077500,77.5,2.01,1.93,2.06,38.0,2611.0,0.45752495605468757,False,PUT,2026-02-20,UBER
UBER260220P00078000,78.0,2.38,2.08,2.24,18.0,445.0,0.4567925415039063,False,PUT,2026-02-20,UBER
UBER260220P00079000,79.0,2.5,2.45,2.6,46.0,155.0,0.45117736328125,False,PUT,2026-02-20,UBER
UBER260220P00080000,80.0,3.0,2.88,3.05,256.0,8336.0,0.45166563964843753,False,PUT,2026-02-20,UBER
UBER260220P00081000,81.0,3.55,3.25,3.4,57.0,184.0,0.43457596679687505,False,PUT,2026-02-20,UBER
UBER260220P00082000,82.0,4.15,3.75,3.9,10.0,209.0,0.43066975585937506,True,PUT,2026-02-20,UBER
UBER260220P00082500,82.5,4.05,4.05,4.15,87.0,3880.0,0.4265194067382813,True,PUT,2026-02-20,UBER
UBER260220P00083000,83.0,4.6,4.3,4.5,25.0,322.0,0.43335527587890627,True,PUT,2026-02-20,UBER
UBER260220P00084000,84.0,5.25,4.9,5.15,1.0,381.0,0.43726148681640625,True,PUT,2026-02-20,UBER
UBER260220P00085000,85.0,5.5,5.5,5.65,48.0,6918.0,0.4162656030273437,True,PUT,2026-02-20,UBER
UBER260220P00086000,86.0,7.14,6.1,6.3,4.0,12.0,0.40869731933593745,True,PUT,2026-02-20,UBER
UBER260220P00087000,87.0,7.05,6.85,7.1,1.0,62.0,0.4167538793945312,True,PUT,2026-02-20,UBER
UBER260220P00087500,87.5,7.55,7.15,7.95,70.0,982.0,0.485356708984375,True,PUT,2026-02-20,UBER
UBER260220P00088000,88.0,7.7,7.3,8.25,50.0,73.0,0.4738822143554688,True,PUT,2026-02-20,UBER
UBER260220P00089000,89.0,8.07,8.2,9.2,5.0,19.0,0.500005,True,PUT,2026-02-20,UBER
UBER260220P00090000,90.0,10.3,9.1,10.4,26.0,2793.0,0.5632367895507813,True,PUT,2026-02-20,UBER
UBER260220P00091000,91.0,7.6,9.7,10.7,,1.0,0.47900911621093745,True,PUT,2026-02-20,UBER
UBER260220P00092500,92.5,12.85,10.75,12.5,7.0,1597.0,0.5751995605468749,True,PUT,2026-02-20,UBER
UBER260220P00093000,93.0,11.63,10.35,12.95,4.0,4.0,0.5805706005859376,True,PUT,2026-02-20,UBER
UBER260220P00095000,95.0,14.88,13.25,14.7,3.0,1375.0,0.5874064697265625,True,PUT,2026-02-20,UBER
UBER260220P00097500,97.5,16.83,14.45,17.55,7.0,353.0,0.7187528125,True,PUT,2026-02-20,UBER
UBER260220P00100000,100.0,19.48,17.95,20.3,5.0,269.0,0.5581098876953126,True,PUT,2026-02-20,UBER
UBER260220P00105000,105.0,21.77,21.75,24.9,2.0,1.0,0.8637708935546875,True,PUT,2026-02-20,UBER
UBER260227C00060000,60.0,23.21,20.0,23.55,,5.0,0.7426783544921874,True,CALL,2026-02-27,UBER
UBER260227C00070000,70.0,11.7,11.2,13.1,2.0,1.0,0.5112353564453125,True,CALL,2026-02-27,UBER
UBER260227C00074000,74.0,7.89,7.4,9.45,1.0,11.0,0.5647016186523439,True,CALL,2026-02-27,UBER
UBER260227C00075000,75.0,9.25,7.95,8.8,5.0,6.0,0.5131884619140624,True,CALL,2026-02-27,UBER
UBER260227C00076000,76.0,10.05,7.35,7.9,,100.0,0.5026905200195313,True,CALL,2026-02-27,UBER
UBER260227C00080000,80.0,5.2,5.2,5.35,65.0,28.0,0.5012256909179689,True,CALL,2026-02-27,UBER
UBER260227C00081000,81.0,4.65,4.6,4.75,19.0,15.0,0.49805189453125004,True,CALL,2026-02-27,UBER
UBER260227C00082000,82.0,4.25,4.15,4.3,37.0,94.0,0.4995167236328125,False,CALL,2026-02-27,UBER
UBER260227C00083000,83.0,3.65,3.65,3.95,3.0,16.0,0.5081836291503907,False,CALL,2026-02-27,UBER
UBER260227C00084000,84.0,3.1,3.2,3.45,15.0,62.0,0.49707534179687507,False,CALL,2026-02-27,UBER
UBER260227C00085000,85.0,3.12,2.85,2.96,39.0,114.0,0.4831594653320313,False,CALL,2026-02-27,UBER
UBER260227C00086000,86.0,2.5,2.49,2.62,23.0,71.0,0.4821829125976563,False,CALL,2026-02-27,UBER
UBER260227C00087000,87.0,2.3,2.16,2.36,75.0,146.0,0.4870656762695313,False,CALL,2026-02-27,UBER
UBER260227C00088000,88.0,1.93,1.86,1.98,2.0,247.0,0.47412635253906255,False,CALL,2026-02-27,UBER
UBER260227C00089000,89.0,1.62,1.6,1.72,3.0,47.0,0.47192910888671874,False,CALL,2026-02-27,UBER
UBER260227C00090000,90.0,1.5,1.36,1.46,12.0,325.0,0.4660697924804688,False,CALL,2026-02-27,UBER
UBER260227C00091000,91.0,1.18,1.15,1.33,8.0,20.0,0.47510290527343746,False,CALL,2026-02-27,UBER
UBER260227C00092000,92.0,1.01,0.97,1.07,15.0,97.0,0.4616753051757813,False,CALL,2026-02-27,UBER
UBER260227C00093000,93.0,0.87,0.83,0.91,13.0,66.0,0.4594780615234375,False,CALL,2026-02-27,UBER
UBER260227C00094000,94.0,0.63,0.6,1.02,11.0,320.0,0.5014698291015626,False,CALL,2026-02-27,UBER
UBER260227C00095000,95.0,0.55,0.43,0.67,2.0,154.0,0.459966337890625,False,CALL,2026-02-27,UBER
UBER260227C00096000,96.0,0.65,0.38,1.0,17.0,253.0,0.5434615966796876,False,CALL,2026-02-27,UBER
UBER260227C00097000,97.0,0.28,0.01,2.0,7.0,44.0,0.5661664477539063,False,CALL,2026-02-27,UBER
UBER260227C00098000,98.0,0.25,0.09,1.16,40.0,53.0,0.5117236328125,False,CALL,2026-02-27,UBER
UBER260227C00100000,100.0,0.16,0.21,0.36,5.0,161.0,0.4809622216796875,False,CALL,2026-02-27,UBER
UBER260227C00105000,105.0,0.08,0.0,2.26,40.0,111.0,0.7504907763671875,False,CALL,2026-02-27,UBER
UBER260227P00065000,65.0,0.42,0.0,2.26,51.0,96.0,0.73437765625,False,PUT,2026-02-27,UBER
UBER260227P00070000,70.0,0.69,0.5,0.92,3.0,67.0,0.5173388110351562,False,PUT,2026-02-27,UBER
UBER260227P00072000,72.0,1.1,0.0,1.12,7.0,42.0,0.48389187988281257,False,PUT,2026-02-27,UBER
UBER260227P00073000,73.0,1.1,0.96,1.11,38.0,17.0,0.4467828759765625,False,PUT,2026-02-27,UBER
UBER260227P00074000,74.0,1.24,1.04,1.33,2.0,96.0,0.4445856323242187,False,PUT,2026-02-27,UBER
UBER260227P00075000,75.0,1.5,1.34,1.58,20.0,522.0,0.4419001123046875,False,PUT,2026-02-27,UBER
UBER260227P00076000,76.0,1.7,1.67,1.89,3.0,176.0,0.44287666503906253,False,PUT,2026-02-27,UBER
UBER260227P00077000,77.0,2.45,1.88,2.35,2.0,799.0,0.45752495605468757,False,PUT,2026-02-27,UBER
UBER260227P00078000,78.0,2.2,2.29,2.69,7.0,76.0,0.4523980541992188,False,PUT,2026-02-27,UBER
UBER260227P00079000,79.0,2.94,2.71,2.97,13.0,21.0,0.43677321044921874,False,PUT,2026-02-27,UBER
UBER260227P00080000,80.0,3.33,3.1,3.4,19.0,94.0,0.4338435522460938,False,PUT,2026-02-27,UBER
UBER260227P00081000,81.0,3.63,3.55,4.05,2.0,16.0,0.4506890869140625,False,PUT,2026-02-27,UBER
UBER260227P00082000,82.0,4.07,3.8,4.25,4.0,33.0,0.4146787048339844,True,PUT,2026-02-27,UBER
UBER260227P00083000,83.0,4.0,4.55,5.1,20.0,470.0,0.4445856323242187,True,PUT,2026-02-27,UBER
UBER260227P00084000,84.0,6.19,4.45,5.65,4.0,136.0,0.4379939013671875,True,PUT,2026-02-27,UBER
UBER260227P00085000,85.0,7.09,5.5,6.25,17.0,26.0,0.43286699951171875,True,PUT,2026-02-27,UBER
UBER260227P00086000,86.0,7.49,5.1,7.1,9.0,54.0,0.4523980541992188,True,PUT,2026-02-27,UBER
UBER260227P00087000,87.0,7.43,6.85,7.65,4.0,17.0,0.4334773449707031,True,PUT,2026-02-27,UBER
UBER260227P00088000,88.0,8.66,7.35,8.65,1.0,4.0,0.4655815161132813,True,PUT,2026-02-27,UBER
UBER260227P00089000,89.0,9.0,8.45,9.05,1.0,2.0,0.41748629394531245,True,PUT,2026-02-27,UBER
UBER260227P00090000,90.0,10.0,8.8,10.0,2.0,37.0,0.4382380395507813,True,PUT,2026-02-27,UBER
UBER260227P00092000,92.0,11.52,9.6,12.2,1.0,5.0,0.5200243310546875,True,PUT,2026-02-27,UBER
UBER260227P00100000,100.0,16.2,16.85,19.5,,26.0,0.5800823242187501,True,PUT,2026-02-27,UBER
UBER260306C00072000,72.0,12.02,10.45,11.7,,3.0,0.5334519311523438,True,CALL,2026-03-06,UBER
UBER260306C00075000,75.0,8.0,6.85,9.25,1.0,31.0,0.5622602368164062,True,CALL,2026-03-06,UBER
UBER260306C00076000,76.0,11.65,7.7,8.45,,1.0,0.5024463818359376,True,CALL,2026-03-06,UBER
UBER260306C00079000,79.0,5.1,4.15,6.3,1.0,2.0,0.5007374145507812,True,CALL,2026-03-06,UBER
UBER260306C00082000,82.0,4.2,4.25,4.65,6.0,36.0,0.48376981079101566,False,CALL,2026-03-06,UBER
UBER260306C00085000,85.0,3.0,2.78,3.4,39.0,31.0,0.4788870471191406,False,CALL,2026-03-06,UBER
UBER260306C00086000,86.0,2.01,2.4,3.75,21.0,3.0,0.5483443603515626,False,CALL,2026-03-06,UBER
UBER260306C00087000,87.0,2.0,2.17,2.69,1.0,14.0,0.4731497998046875,False,CALL,2026-03-06,UBER
UBER260306C00088000,88.0,1.63,1.8,3.05,8.0,4.0,0.541264353027344,False,CALL,2026-03-06,UBER
UBER260306C00089000,89.0,1.92,0.14,2.19,25.0,26.0,0.47827670166015623,False,CALL,2026-03-06,UBER
UBER260306C00090000,90.0,1.61,1.28,1.81,16.0,29.0,0.46191944335937507,False,CALL,2026-03-06,UBER
UBER260306P00070000,70.0,0.85,0.62,0.9,2.0,29.0,0.4624077197265626,False,PUT,2026-03-06,UBER
UBER260306P00072000,72.0,1.27,0.76,1.47,16.0,23.0,0.4865773999023438,False,PUT,2026-03-06,UBER
UBER260306P00074000,74.0,1.55,0.1,2.07,1.0,34.0,0.4939015454101563,False,PUT,2026-03-06,UBER
UBER260306P00075000,75.0,2.01,1.54,2.17,2.0,12.0,0.4687553125,False,PUT,2026-03-06,UBER
UBER260306P00077000,77.0,2.7,2.17,2.74,3.0,62.0,0.45386288330078123,False,PUT,2026-03-06,UBER
UBER260306P00078000,78.0,2.7,2.43,3.2,6.0,8.0,0.4602104760742188,False,PUT,2026-03-06,UBER
UBER260306P00080000,80.0,4.0,3.15,3.85,21.0,46.0,0.43506424316406256,False,PUT,2026-03-06,UBER
UBER260306P00081000,81.0,4.75,3.75,4.4,1.0,3.0,0.43994700683593746,False,PUT,2026-03-06,UBER
UBER260306P00082000,82.0,4.65,4.05,4.85,1.0,8.0,0.4315242395019532,True,PUT,2026-03-06,UBER
UBER260306P00083000,83.0,4.4,4.75,5.5,1.0,5.0,0.43921459228515625,True,PUT,2026-03-06,UBER
UBER260306P00084000,84.0,5.29,5.2,5.85,1.0,1.0,0.4141904284667969,True,PUT,2026-03-06,UBER
UBER260306P00086000,86.0,7.37,6.3,7.35,5.0,7.0,0.4332332067871094,True,PUT,2026-03-06,UBER
UBER260320C00057500,57.5,24.34,23.2,26.0,29.0,64.0,0.7153348779296875,True,CALL,2026-03-20,UBER
UBER260320C00060000,60.0,24.0,21.45,23.85,505.0,935.0,0.7509790527343749,True,CALL,2026-03-20,UBER
UBER260320C00062500,62.5,24.0,18.4,21.55,2.0,54.0,0.647464462890625,True,CALL,2026-03-20,UBER
UBER260320C00065000,65.0,16.8,15.6,19.1,5.0,274.0,0.5564009204101563,True,CALL,2026-03-20,UBER
UBER260320C00067500,67.5,16.35,14.2,15.8,2.0,290.0,0.5107470800781251,True,CALL,2026-03-20,UBER
UBER260320C00070000,70.0,11.75,12.05,13.35,10.0,1097.0,0.5471236694335939,True,CALL,2026-03-20,UBER
UBER260320C00072500,72.5,9.96,10.0,12.65,6.0,1369.0,0.5200243310546875,True,CALL,2026-03-20,UBER
UBER260320C00075000,75.0,9.2,9.15,9.45,414.0,1730.0,0.4978077563476563,True,CALL,2026-03-20,UBER
UBER260320C00077500,77.5,7.25,7.1,7.7,9.0,1219.0,0.47559118164062497,True,CALL,2026-03-20,UBER
UBER260320C00080000,80.0,6.13,6.1,6.25,187.0,2046.0,0.4660697924804688,True,CALL,2026-03-20,UBER
UBER260320C00082500,82.5,4.75,4.8,4.9,320.0,1865.0,0.4506890869140625,False,CALL,2026-03-20,UBER
UBER260320C00085000,85.0,3.85,3.7,3.85,478.0,11084.0,0.4458063232421875,False,CALL,2026-03-20,UBER
UBER260320C00087500,87.5,2.82,2.8,2.9,139.0,1844.0,0.4348201049804688,False,CALL,2026-03-20,UBER
UBER260320C00090000,90.0,2.15,2.13,2.19,698.0,22705.0,0.43066975585937506,False,CALL,2026-03-20,UBER
UBER260320C00092500,92.5,1.53,1.51,1.59,80.0,2291.0,0.42310147216796873,False,CALL,2026-03-20,UBER
UBER260320C00095000,95.0,1.1,1.08,1.14,54.0,8244.0,0.4177304321289062,False,CALL,2026-03-20,UBER
UBER260320C00097500,97.5,0.7,0.75,0.81,67.0,3226.0,0.41431249755859373,False,CALL,2026-03-20,UBER
UBER260320C00100000,100.0,0.56,0.54,0.59,398.0,17752.0,0.4155331884765625,False,CALL,2026-03-20,UBER
UBER260320C00105000,105.0,0.26,0.23,0.32,25.0,4496.0,0.42236905761718746,False,CALL,2026-03-20,UBER
UBER260320P00057500,57.5,0.12,0.1,0.25,10.0,1911.0,0.507817421875,False,PUT,2026-03-20,UBER
UBER260320P00060000,60.0,0.27,0.12,0.29,4.0,6459.0,0.5009815527343751,False,PUT,2026-03-20,UBER
UBER260320P00062500,62.5,0.46,0.21,0.47,37.0,5487.0,0.49707534179687507,False,PUT,2026-03-20,UBER
UBER260320P00065000,65.0,0.46,0.39,0.47,9.0,5079.0,0.437505625,False,PUT,2026-03-20,UBER
UBER260320P00067500,67.5,0.77,0.17,0.72,5.0,1428.0,0.4279842358398438,False,PUT,2026-03-20,UBER
UBER260320P00070000,70.0,1.04,0.8,1.18,129.0,5851.0,0.4335994140625,False,PUT,2026-03-20,UBER
UBER260320P00072500,72.5,1.47,1.43,1.54,137.0,4918.0,0.40820904296875,False,PUT,2026-03-20,UBER
UBER260320P00075000,75.0,2.07,2.04,2.22,255.0,6287.0,0.40418076293945315,False,PUT,2026-03-20,UBER
UBER260320P00077500,77.5,2.98,2.87,3.0,129.0,2727.0,0.39234006103515623,False,PUT,2026-03-20,UBER
UBER260320P00080000,80.0,4.12,3.85,4.05,283.0,12686.0,0.38733522827148437,False,PUT,2026-03-20,UBER
UBER260320P00082500,82.5,5.7,5.05,5.3,17.0,3923.0,0.3815979809570312,True,PUT,2026-03-20,UBER
UBER260320P00085000,85.0,6.5,6.4,6.65,71.0,9877.0,0.36646141357421874,True,PUT,2026-03-20,UBER
UBER260320P00087500,87.5,8.15,8.05,8.3,25.0,1861.0,0.3588931298828125,True,PUT,2026-03-20,UBER
UBER260320P00090000,90.0,10.01,9.5,10.65,5.0,3152.0,0.40344834838867194,True,PUT,2026-03-20,UBER
UBER260320P00092500,92.5,13.4,11.3,12.6,18.0,4658.0,0.39771110107421875,True,PUT,2026-03-20,UBER
UBER260320P00095000,95.0,14.15,12.55,15.15,7.0,2671.0,0.4506890869140625,True,PUT,2026-03-20,UBER
UBER260320P00097500,97.5,16.35,16.1,16.45,8.0,838.0,0.2978585839843749,True,PUT,2026-03-20,UBER
UBER260320P00100000,100.0,19.58,17.0,20.1,7.0,600.0,0.5310105493164063,True,PUT,2026-03-20,UBER
UBER260320P00105000,105.0,20.8,21.85,25.3,34.0,347.0,0.6355016918945313,True,PUT,2026-03-20,UBER
UBER260417C00065000,65.0,17.43,16.35,19.05,7.0,8.0,0.6367223828125,True,CALL,2026-04-17,UBER
UBER260417C00070000,70.0,13.66,12.7,14.2,2.0,13.0,0.5161181201171875,True,CALL,2026-04-17,UBER
UBER260417C00077500,77.5,8.29,8.15,9.05,1.0,7.0,0.47681187255859375,True,CALL,2026-04-17,UBER
UBER260417C00080000,80.0,6.9,7.0,7.25,433.0,128.0,0.4417780432128906,True,CALL,2026-04-17,UBER
UBER260417C00082500,82.5,5.95,5.8,5.95,37.0,201.0,0.4317683776855469,False,CALL,2026-04-17,UBER
UBER260417C00085000,85.0,4.69,4.7,4.8,101.0,329.0,0.42200285034179685,False,CALL,2026-04-17,UBER
UBER260417C00087500,87.5,3.75,3.75,3.9,39.0,409.0,0.41919526123046874,False,CALL,2026-04-17,UBER
UBER260417C00090000,90.0,2.85,2.98,3.1,518.0,448.0,0.414068359375,False,CALL,2026-04-17,UBER
UBER260417C00092500,92.5,2.27,2.31,2.42,7.0,895.0,0.40833111206054684,False,CALL,2026-04-17,UBER
UBER260417C00095000,95.0,1.8,1.77,1.88,96.0,471.0,0.40454697021484376,False,CALL,2026-04-17,UBER
UBER260417C00100000,100.0,1.08,0.87,1.11,230.0,3524.0,0.39954213745117195,False,CALL,2026-04-17,UBER
UBER260417C00105000,105.0,0.4,0.26,1.0,21.0,1206.0,0.44653873779296877,False,CALL,2026-04-17,UBER
UBER260417P00060000,60.0,0.39,0.19,1.15,3.0,80.0,0.5688519677734375,False,PUT,2026-04-17,UBER
UBER260417P00065000,65.0,0.84,0.61,1.4,48.0,191.0,0.4865773999023438,False,PUT,2026-04-17,UBER
UBER260417P00070000,70.0,1.52,1.45,1.6,3.0,2626.0,0.39234006103515623,False,PUT,2026-04-17,UBER
UBER260417P00075000,75.0,2.76,2.72,2.79,342.0,5482.0,0.36939107177734376,False,PUT,2026-04-17,UBER
UBER260417P00077500,77.5,3.8,3.55,3.8,48.0,123.0,0.3723207299804688,False,PUT,2026-04-17,UBER
UBER260417P00080000,80.0,4.75,4.6,4.9,68.0,575.0,0.36853658813476564,False,PUT,2026-04-17,UBER
UBER260417P00082500,82.5,6.01,5.75,6.15,75.0,855.0,0.3629214099121094,True,PUT,2026-04-17,UBER
UBER260417P00085000,85.0,7.3,7.2,7.45,9.0,564.0,0.34888346435546874,True,PUT,2026-04-17,UBER
UBER260417P00087500,87.5,9.15,8.7,9.25,5.0,32.0,0.35718416259765623,True,PUT,2026-04-17,UBER
UBER260417P00090000,90.0,11.55,10.45,11.7,10.0,16.0,0.4039366247558594,True,PUT,2026-04-17,UBER
UBER260417P00095000,95.0,14.55,13.0,15.05,10.0,52.0,0.3526676062011719,True,PUT,2026-04-17,UBER
UBER260417P00100000,100.0,19.05,17.25,20.05,1.0,10.0,0.42139250488281255,True,PUT,2026-04-17,UBER
UBER260515C00060000,60.0,22.0,22.15,24.9,3.0,82.0,0.6143837390136719,True,CALL,2026-05-15,UBER
UBER260515C00065000,65.0,17.65,17.8,20.65,3.0,260.0,0.5620160986328125,True,CALL,2026-05-15,UBER
UBER260515C00070000,70.0,13.55,13.95,15.2,15.0,401.0,0.5164843273925781,True,CALL,2026-05-15,UBER
UBER260515C00072500,72.5,12.4,12.65,14.7,14.0,143.0,0.5196581237792968,True,CALL,2026-05-15,UBER
UBER260515C00075000,75.0,10.8,10.9,11.7,107.0,306.0,0.4870656762695313,True,CALL,2026-05-15,UBER
UBER260515C00077500,77.5,10.0,9.55,11.45,1.0,162.0,0.5533491931152343,True,CALL,2026-05-15,UBER
UBER260515C00080000,80.0,8.5,8.55,8.75,149.0,1107.0,0.46655806884765627,True,CALL,2026-05-15,UBER
UBER260515C00082500,82.5,7.2,7.1,7.5,6.0,501.0,0.45935599243164066,False,CALL,2026-05-15,UBER
UBER260515C00085000,85.0,6.0,6.2,6.35,23.0,565.0,0.4512994323730469,False,CALL,2026-05-15,UBER
UBER260515C00087500,87.5,5.25,5.15,5.35,12.0,679.0,0.44507390869140623,False,CALL,2026-05-15,UBER
UBER260515C00090000,90.0,4.4,4.3,4.45,68.0,2870.0,0.4381159704589844,False,CALL,2026-05-15,UBER
UBER260515C00092500,92.5,3.61,3.4,4.0,326.0,3760.0,0.4523980541992188,False,CALL,2026-05-15,UBER
UBER260515C00095000,95.0,2.95,2.82,3.15,29.0,2026.0,0.43604079589843747,False,CALL,2026-05-15,UBER
UBER260515C00097500,97.5,1.97,2.39,2.78,2.0,1158.0,0.44556218505859374,False,CALL,2026-05-15,UBER
UBER260515C00100000,100.0,2.02,1.98,2.1,109.0,5404.0,0.4274959594726563,False,CALL,2026-05-15,UBER
UBER260515C00105000,105.0,1.17,1.0,1.5,1.0,893.0,0.4331111376953125,False,CALL,2026-05-15,UBER
UBER260515P00060000,60.0,0.79,0.61,1.27,6.0,927.0,0.5039112109375,False,PUT,2026-05-15,UBER
UBER260515P00065000,65.0,1.4,1.22,1.95,2.0,1546.0,0.4722953161621094,False,PUT,2026-05-15,UBER
UBER260515P00070000,70.0,2.41,2.32,2.48,15.0,2594.0,0.4085752502441406,False,PUT,2026-05-15,UBER
UBER260515P00072500,72.5,3.05,3.0,3.2,6.0,3224.0,0.4039366247558594,False,PUT,2026-05-15,UBER
UBER260515P00075000,75.0,3.9,3.8,4.0,147.0,2956.0,0.3961242028808594,False,PUT,2026-05-15,UBER
UBER260515P00077500,77.5,4.8,4.75,4.95,38.0,874.0,0.38941040283203127,False,PUT,2026-05-15,UBER
UBER260515P00080000,80.0,6.0,5.8,6.0,456.0,6086.0,0.3803772900390625,False,PUT,2026-05-15,UBER
UBER260515P00082500,82.5,7.3,7.05,7.25,39.0,2658.0,0.3745179736328125,True,PUT,2026-05-15,UBER
UBER260515P00085000,85.0,8.62,8.4,8.85,11.0,1661.0,0.38049935913085936,True,PUT,2026-05-15,UBER
UBER260515P00087500,87.5,10.95,9.9,10.4,369.0,2147.0,0.37573866455078125,True,PUT,2026-05-15,UBER
UBER260515P00090000,90.0,11.95,11.55,12.8,4.0,960.0,0.4149228430175781,True,PUT,2026-05-15,UBER
UBER260515P00092500,92.5,14.1,13.05,14.6,3.0,562.0,0.4124814611816406,True,PUT,2026-05-15,UBER
UBER260515P00095000,95.0,16.26,15.1,17.4,6.0,955.0,0.4694877270507813,True,PUT,2026-05-15,UBER
UBER260515P00097500,97.5,18.13,15.65,19.35,7.0,1061.0,0.46851117431640626,True,PUT,2026-05-15,UBER
UBER260515P00100000,100.0,18.15,17.7,21.45,20.0,359.0,0.4730277307128906,True,PUT,2026-05-15,UBER
UBER260515P00105000,105.0,24.68,22.35,25.85,2.0,119.0,0.4858449853515625,True,PUT,2026-05-15,UBER
UBER260618C00057500,57.5,24.32,24.5,26.45,2.0,166.0,0.5306443420410156,True,CALL,2026-06-18,UBER
UBER260618C00060000,60.0,24.65,22.7,25.35,2.0,327.0,0.5769085278320312,True,CALL,2026-06-18,UBER
UBER260618C00062500,62.5,20.91,19.7,23.25,1.0,369.0,0.5206346765136718,True,CALL,2026-06-18,UBER
UBER260618C00065000,65.0,18.37,18.55,21.2,2.0,579.0,0.5351608984375,True,CALL,2026-06-18,UBER
UBER260618C00067500,67.5,16.5,15.7,19.2,3.0,940.0,0.5992471716308594,True,CALL,2026-06-18,UBER
UBER260618C00070000,70.0,15.5,13.85,16.0,8.0,5540.0,0.4981739636230469,True,CALL,2026-06-18,UBER
UBER260618C00072500,72.5,13.0,13.4,14.9,1.0,223.0,0.5218553674316406,True,CALL,2026-06-18,UBER
UBER260618C00075000,75.0,11.15,12.1,13.9,40.0,1878.0,0.5427291821289064,True,CALL,2026-06-18,UBER
UBER260618C00077500,77.5,10.0,10.25,11.3,2.0,477.0,0.4735160070800781,True,CALL,2026-06-18,UBER
UBER260618C00080000,80.0,9.5,9.4,9.7,90.0,3301.0,0.45386288330078123,True,CALL,2026-06-18,UBER
UBER260618C00082500,82.5,7.35,8.4,8.4,5.0,797.0,0.44446356323242187,False,CALL,2026-06-18,UBER
UBER260618C00085000,85.0,7.0,6.85,7.2,28.0,4454.0,0.4348201049804688,False,CALL,2026-06-18,UBER
UBER260618C00087500,87.5,6.0,5.9,6.5,20.0,803.0,0.44507390869140623,False,CALL,2026-06-18,UBER
UBER260618C00090000,90.0,5.2,4.95,5.35,28.0,4755.0,0.42774009765625004,False,CALL,2026-06-18,UBER
UBER260618C00092500,92.5,4.36,4.25,4.6,22.0,1453.0,0.42578699218750005,False,CALL,2026-06-18,UBER
UBER260618C00095000,95.0,3.75,3.55,3.95,3.0,7583.0,0.42456630126953127,False,CALL,2026-06-18,UBER
UBER260618C00097500,97.5,2.74,3.0,3.55,5.0,1756.0,0.4332332067871094,False,CALL,2026-06-18,UBER
UBER260618C00100000,100.0,2.67,2.55,2.76,49.0,6935.0,0.4146787048339844,False,CALL,2026-06-18,UBER
UBER260618C00105000,105.0,1.92,1.89,2.0,64.0,3784.0,0.41480077392578124,False,CALL,2026-06-18,UBER
UBER260618P00057500,57.5,0.86,0.5,1.46,6.0,2998.0,0.50586431640625,False,PUT,2026-06-18,UBER
UBER260618P00060000,60.0,1.11,1.01,1.59,2.0,3592.0,0.47241738525390625,False,PUT,2026-06-18,UBER
UBER260618P00062500,62.5,1.57,1.15,1.53,15.0,3808.0,0.4206600903320313,False,PUT,2026-06-18,UBER
UBER260618P00065000,65.0,1.99,1.5,2.58,9.0,7181.0,0.46130909790039065,False,PUT,2026-06-18,UBER
UBER260618P00067500,67.5,2.3,2.24,2.56,28.0,3552.0,0.41040628662109374,False,PUT,2026-06-18,UBER
UBER260618P00070000,70.0,2.89,2.78,3.05,21.0,7473.0,0.3939269592285156,False,PUT,2026-06-18,UBER
UBER260618P00072500,72.5,3.7,3.55,4.15,36.0,3316.0,0.40881938842773435,False,PUT,2026-06-18,UBER
UBER260618P00075000,75.0,4.55,4.45,4.7,510.0,6653.0,0.3841614318847656,False,PUT,2026-06-18,UBER
UBER260618P00077500,77.5,5.9,5.4,5.75,4.0,4722.0,0.38147591186523433,False,PUT,2026-06-18,UBER
UBER260618P00080000,80.0,6.85,6.35,6.8,22.0,4888.0,0.3721376263427735,False,PUT,2026-06-18,UBER
UBER260618P00082500,82.5,7.93,7.65,7.95,129.0,1824.0,0.36157864990234373,True,PUT,2026-06-18,UBER
UBER260618P00085000,85.0,9.85,8.7,9.75,8.0,5933.0,0.37683728637695313,True,PUT,2026-06-18,UBER
UBER260618P00087500,87.5,11.6,9.95,10.85,1.0,2283.0,0.35095863891601553,True,PUT,2026-06-18,UBER
UBER260618P00090000,90.0,11.89,11.85,13.15,2.0,1735.0,0.3803772900390625,True,PUT,2026-06-18,UBER
UBER260618P00092500,92.5,14.35,13.6,14.8,3.0,2908.0,0.3711000390625,True,PUT,2026-06-18,UBER
UBER260618P00095000,95.0,17.05,15.5,16.65,1.0,4029.0,0.3670717590332031,True,PUT,2026-06-18,UBER
UBER260618P00097500,97.5,16.4,17.4,18.7,8.0,1121.0,0.36963520996093746,True,PUT,2026-06-18,UBER
UBER260618P00100000,100.0,20.58,18.35,21.0,2.0,1703.0,0.3842835009765625,True,PUT,2026-06-18,UBER
UBER260618P00105000,105.0,24.0,22.55,25.95,40.0,223.0,0.43140217041015627,True,PUT,2026-06-18,UBER
UBER260821C00060000,60.0,26.99,23.05,25.4,1.0,10.0,0.5690961059570312,True,CALL,2026-08-21,UBER
UBER260821C00065000,65.0,25.62,19.1,22.65,2.0,11.0,0.5008594836425782,True,CALL,2026-08-21,UBER
UBER260821C00070000,70.0,16.75,15.5,19.25,1.0,88.0,0.5725750750732423,True,CALL,2026-08-21,UBER
UBER260821C00072500,72.5,14.5,15.35,16.45,4.0,56.0,0.5051319018554687,True,CALL,2026-08-21,UBER
UBER260821C00075000,75.0,14.1,13.2,16.1,1.0,26.0,0.5482222912597658,True,CALL,2026-08-21,UBER
UBER260821C00077500,77.5,13.0,12.35,13.1,4.0,26.0,0.4704032452392578,True,CALL,2026-08-21,UBER
UBER260821C00080000,80.0,11.12,10.4,12.3,2.0,159.0,0.4857229162597656,True,CALL,2026-08-21,UBER
UBER260821C00082500,82.5,10.34,9.8,10.6,26.0,103.0,0.4596001306152344,False,CALL,2026-08-21,UBER
UBER260821C00085000,85.0,9.0,8.7,9.3,4.0,104.0,0.4470270141601562,False,CALL,2026-08-21,UBER
UBER260821C00087500,87.5,8.0,7.8,9.0,6.0,463.0,0.4722953161621094,False,CALL,2026-08-21,UBER
UBER260821C00090000,90.0,7.12,6.7,7.35,5.0,201.0,0.43860424682617194,False,CALL,2026-08-21,UBER
UBER260821C00092500,92.5,6.2,5.75,6.5,5.0,161.0,0.43469803588867195,False,CALL,2026-08-21,UBER
UBER260821C00095000,95.0,4.79,5.0,6.5,6.0,1064.0,0.46417772155761716,False,CALL,2026-08-21,UBER
UBER260821C00097500,97.5,4.65,4.1,6.0,10.0,952.0,0.4701591070556641,False,CALL,2026-08-21,UBER
UBER260821C00100000,100.0,4.1,3.65,5.2,22.0,357.0,0.4603935797119141,False,CALL,2026-08-21,UBER
UBER260821C00105000,105.0,3.3,3.1,4.15,5.0,2166.0,0.4578301287841797,False,CALL,2026-08-21,UBER
UBER260821P00060000,60.0,1.95,1.69,2.4,9.0,171.0,0.454107021484375,False,PUT,2026-08-21,UBER
UBER260821P00065000,65.0,2.77,2.4,3.1,5.0,1120.0,0.4145566357421875,False,PUT,2026-08-21,UBER
UBER260821P00070000,70.0,4.35,3.35,4.85,2.0,822.0,0.41986664123535156,False,PUT,2026-08-21,UBER
UBER260821P00072500,72.5,5.0,4.9,5.1,27.0,39.0,0.38471074279785156,False,PUT,2026-08-21,UBER
UBER260821P00075000,75.0,6.1,5.3,6.05,1.0,624.0,0.37982797912597654,False,PUT,2026-08-21,UBER
UBER260821P00077500,77.5,7.2,6.75,7.35,2.0,697.0,0.38550419189453117,False,PUT,2026-08-21,UBER
UBER260821P00080000,80.0,8.1,7.6,8.3,1.0,740.0,0.3714662463378906,False,PUT,2026-08-21,UBER
UBER260821P00082500,82.5,9.7,8.95,10.1,1.0,1564.0,0.3885559191894531,True,PUT,2026-08-21,UBER
UBER260821P00085000,85.0,10.6,10.25,11.25,5.0,112.0,0.37439590454101557,True,PUT,2026-08-21,UBER
UBER260821P00087500,87.5,11.5,11.45,13.25,1.0,290.0,0.39124143920898435,True,PUT,2026-08-21,UBER
UBER260821P00090000,90.0,13.93,13.05,14.7,3.0,46.0,0.3815979809570312,True,PUT,2026-08-21,UBER
UBER260821P00092500,92.5,13.49,15.0,16.35,,601.0,0.37641004455566407,True,PUT,2026-08-21,UBER
UBER260821P00095000,95.0,15.5,16.55,18.2,2.0,8.0,0.37628797546386716,True,PUT,2026-08-21,UBER
UBER260821P00100000,100.0,18.57,20.4,21.75,1.0,6.0,0.35797761169433595,True,PUT,2026-08-21,UBER
UBER260821P00105000,105.0,25.43,24.2,26.85,2.0,1.0,0.40698835205078127,True,PUT,2026-08-21,UBER
UBER260918C00060000,60.0,23.8,23.8,27.05,28.0,121.0,0.5352829675292969,True,CALL,2026-09-18,UBER
UBER260918C00065000,65.0,20.04,19.5,23.15,60.0,165.0,0.5855754333496093,True,CALL,2026-09-18,UBER
UBER260918C00070000,70.0,17.3,16.8,18.15,4.0,343.0,0.4871267108154297,True,CALL,2026-09-18,UBER
UBER260918C00072500,72.5,19.1,15.85,17.1,8.0,13.0,0.5020191400146485,True,CALL,2026-09-18,UBER
UBER260918C00075000,75.0,14.19,13.35,16.65,1.0,317.0,0.537236072998047,True,CALL,2026-09-18,UBER
UBER260918C00077500,77.5,16.0,12.8,14.3,21.0,501.0,0.48987326538085946,True,CALL,2026-09-18,UBER
UBER260918C00080000,80.0,12.1,10.75,12.35,21.0,584.0,0.457585990600586,True,CALL,2026-09-18,UBER
UBER260918C00082500,82.5,11.0,10.25,11.0,1.0,370.0,0.4466608068847656,False,CALL,2026-09-18,UBER
UBER260918C00085000,85.0,9.53,9.0,10.75,5.0,1552.0,0.4753470434570312,False,CALL,2026-09-18,UBER
UBER260918C00087500,87.5,7.76,7.65,9.75,10.0,554.0,0.47192910888671874,False,CALL,2026-09-18,UBER
UBER260918C00090000,90.0,7.6,7.15,7.9,3.0,2798.0,0.43286699951171875,False,CALL,2026-09-18,UBER
UBER260918C00092500,92.5,7.0,6.45,7.95,1.0,682.0,0.46484910156250003,False,CALL,2026-09-18,UBER
UBER260918C00095000,95.0,5.7,5.35,7.6,20.0,3447.0,0.47913118530273435,False,CALL,2026-09-18,UBER
UBER260918C00097500,97.5,4.85,4.15,6.45,4.0,444.0,0.45929495788574226,False,CALL,2026-09-18,UBER
UBER260918C00100000,100.0,4.9,4.55,5.1,6.0,1504.0,0.4276180285644532,False,CALL,2026-09-18,UBER
UBER260918C00105000,105.0,3.21,3.05,4.8,1.0,481.0,0.4585015087890626,False,CALL,2026-09-18,UBER
UBER260918P00060000,60.0,2.15,1.86,2.6,2.0,1585.0,0.43933666137695315,False,PUT,2026-09-18,UBER
UBER260918P00065000,65.0,3.25,2.99,3.25,51.0,1867.0,0.3973448937988281,False,PUT,2026-09-18,UBER
UBER260918P00070000,70.0,4.6,4.2,4.6,5.0,5271.0,0.3820252227783203,False,PUT,2026-09-18,UBER
UBER260918P00072500,72.5,5.61,5.05,6.45,25.0,34.0,0.4206600903320313,False,PUT,2026-09-18,UBER
UBER260918P00075000,75.0,6.15,6.05,6.2,93.0,4697.0,0.36261623718261715,False,PUT,2026-09-18,UBER
UBER260918P00077500,77.5,6.25,7.05,7.4,10.0,1724.0,0.36365382446289063,False,PUT,2026-09-18,UBER
UBER260918P00080000,80.0,8.43,7.8,9.15,9.0,4085.0,0.38196418823242184,False,PUT,2026-09-18,UBER
UBER260918P00082500,82.5,8.68,9.3,10.45,1.0,430.0,0.37805797729492185,True,PUT,2026-09-18,UBER
UBER260918P00085000,85.0,10.0,10.55,12.05,1.0,722.0,0.3820862573242187,True,PUT,2026-09-18,UBER
UBER260918P00087500,87.5,11.5,12.25,13.65,6.0,1140.0,0.3825134991455078,True,PUT,2026-09-18,UBER
UBER260918P00090000,90.0,12.8,13.25,14.5,102.0,1978.0,0.34998208618164056,True,PUT,2026-09-18,UBER
UBER260918P00092500,92.5,16.3,15.1,16.75,3.0,3460.0,0.36926900268554685,True,PUT,2026-09-18,UBER
UBER260918P00095000,95.0,16.5,16.9,18.55,50.0,825.0,0.3675600354003906,True,PUT,2026-09-18,UBER
UBER260918P00097500,97.5,16.0,18.7,20.3,10.0,211.0,0.3606020971679687,True,PUT,2026-09-18,UBER
UBER260918P00100000,100.0,19.55,20.75,22.15,4.0,344.0,0.35443760803222646,True,PUT,2026-09-18,UBER
UBER260918P00105000,105.0,26.3,23.6,27.1,40.0,144.0,0.39380489013671877,True,PUT,2026-09-18,UBER
UBER261120C00060000,60.0,24.93,24.5,28.2,40.0,25.0,0.522343643798828,True,CALL,2026-11-20,UBER
UBER261120C00065000,65.0,21.99,20.85,24.65,1.0,14.0,0.5017750018310547,True,CALL,2026-11-20,UBER
UBER261120C00070000,70.0,17.8,17.4,21.3,1.0,13.0,0.5583540258789064,True,CALL,2026-11-20,UBER
UBER261120C00072500,72.5,18.15,17.1,18.75,2.0,1.0,0.508793974609375,True,CALL,2026-11-20,UBER
UBER261120C00075000,75.0,15.25,14.35,17.05,4.0,11.0,0.4914601635742188,True,CALL,2026-11-20,UBER
UBER261120C00077500,77.5,14.67,14.25,16.05,2.0,13.0,0.49774672180175783,True,CALL,2026-11-20,UBER
UBER261120C00080000,80.0,14.1,11.7,15.6,10.0,49.0,0.5207567456054687,True,CALL,2026-11-20,UBER
UBER261120C00082500,82.5,13.45,11.75,13.65,1.0,9.0,0.4882253326416016,False,CALL,2026-11-20,UBER
UBER261120C00085000,85.0,10.75,9.4,12.6,1.0,20.0,0.485356708984375,False,CALL,2026-11-20,UBER
UBER261120C00087500,87.5,9.85,9.55,11.8,2.0,6.0,0.48895774719238294,False,CALL,2026-11-20,UBER
UBER261120C00090000,90.0,8.72,8.05,10.7,5.0,114.0,0.48016877258300783,False,CALL,2026-11-20,UBER
UBER261120C00092500,92.5,8.25,7.7,9.0,1.0,11.0,0.44873598144531246,False,CALL,2026-11-20,UBER
UBER261120C00095000,95.0,6.66,5.7,8.35,12.0,1014.0,0.4512994323730469,False,CALL,2026-11-20,UBER
UBER261120C00100000,100.0,5.45,5.45,7.55,2.0,253.0,0.4687553125,False,CALL,2026-11-20,UBER
UBER261120C00105000,105.0,5.45,4.35,6.15,1.0,26.0,0.45825737060546884,False,CALL,2026-11-20,UBER
UBER261120P00060000,60.0,2.6,2.31,3.0,1.0,75.0,0.4128476684570312,False,PUT,2026-11-20,UBER
UBER261120P00065000,65.0,4.17,3.45,5.0,8.0,329.0,0.4357356231689453,False,PUT,2026-11-20,UBER
UBER261120P00070000,70.0,5.74,4.85,6.6,8.0,1182.0,0.42139250488281255,False,PUT,2026-11-20,UBER
UBER261120P00075000,75.0,7.46,6.6,8.4,1.0,31.0,0.40369248657226564,False,PUT,2026-11-20,UBER
UBER261120P00077500,77.5,7.8,6.7,9.55,5.0,21.0,0.39990834472656256,False,PUT,2026-11-20,UBER
UBER261120P00080000,80.0,9.6,9.15,11.45,1.0,97.0,0.4195614685058594,False,PUT,2026-11-20,UBER
UBER261120P00082500,82.5,10.25,9.0,11.3,6.0,16.0,0.36475244628906256,True,PUT,2026-11-20,UBER
UBER261120P00085000,85.0,11.6,11.45,14.0,1.0,47.0,0.40582869567871094,True,PUT,2026-11-20,UBER
UBER261120P00087500,87.5,11.69,11.7,14.8,10.0,33.0,0.3789124609375,True,PUT,2026-11-20,UBER
UBER261120P00090000,90.0,12.7,14.4,16.3,1.0,62.0,0.3732362481689453,True,PUT,2026-11-20,UBER
UBER261120P00092500,92.5,16.97,14.85,17.5,3.0,19.0,0.35425450439453116,True,PUT,2026-11-20,UBER
UBER261120P00095000,95.0,20.15,17.75,19.85,20.0,20.0,0.3733583172607422,True,PUT,2026-11-20,UBER
UBER261120P00100000,100.0,23.5,20.65,23.4,,40.0,0.3637148590087891,True,PUT,2026-11-20,UBER
UBER261120P00105000,105.0,24.07,25.4,26.65,,1.0,0.3300237896728515,True,PUT,2026-11-20,UBER
UBER261218C00057500,57.5,27.8,26.85,30.55,1.0,130.0,0.5334519311523438,True,CALL,2026-12-18,UBER
UBER261218C00060000,60.0,26.5,25.15,28.7,7.0,379.0,0.5267381311035157,True,CALL,2026-12-18,UBER
UBER261218C00062500,62.5,27.95,24.25,26.9,3.0,163.0,0.5363205548095704,True,CALL,2026-12-18,UBER
UBER261218C00065000,65.0,25.1,21.2,23.85,4.0,404.0,0.5258836474609375,True,CALL,2026-12-18,UBER
UBER261218C00067500,67.5,22.25,20.75,23.4,1.0,255.0,0.5115405291748047,True,CALL,2026-12-18,UBER
UBER261218C00070000,70.0,19.4,17.85,21.75,1.0,810.0,0.5507857421875001,True,CALL,2026-12-18,UBER
UBER261218C00072500,72.5,18.0,17.95,19.3,1.0,1296.0,0.5065356964111327,True,CALL,2026-12-18,UBER
UBER261218C00075000,75.0,15.7,15.5,18.8,4.0,996.0,0.5319871020507813,True,CALL,2026-12-18,UBER
UBER261218C00077500,77.5,15.3,14.85,15.8,3.0,269.0,0.46710737976074224,True,CALL,2026-12-18,UBER
UBER261218C00080000,80.0,14.07,12.4,14.4,70.0,915.0,0.4570977142333985,True,CALL,2026-12-18,UBER
UBER261218C00082500,82.5,12.7,12.5,13.55,15.0,231.0,0.46332323791503904,False,CALL,2026-12-18,UBER
UBER261218C00085000,85.0,11.95,11.2,13.1,22.0,2028.0,0.48041291076660153,False,CALL,2026-12-18,UBER
UBER261218C00087500,87.5,10.66,10.15,12.05,2.0,471.0,0.4755301470947265,False,CALL,2026-12-18,UBER
UBER261218C00090000,90.0,9.7,9.05,10.3,10.0,1497.0,0.44586735778808595,False,CALL,2026-12-18,UBER
UBER261218C00092500,92.5,9.15,8.15,9.55,41.0,924.0,0.44696597961425777,False,CALL,2026-12-18,UBER
UBER261218C00095000,95.0,8.28,7.6,8.9,1.0,2103.0,0.4495904650878906,False,CALL,2026-12-18,UBER
UBER261218C00097500,97.5,6.7,6.5,8.7,3.0,717.0,0.4655204815673829,False,CALL,2026-12-18,UBER
UBER261218C00100000,100.0,6.18,6.0,8.0,4.0,2865.0,0.46332323791503904,False,CALL,2026-12-18,UBER
UBER261218C00105000,105.0,4.85,4.75,6.55,3.0,1323.0,0.4522149505615235,False,CALL,2026-12-18,UBER
UBER261218P00057500,57.5,2.08,2.09,3.05,59.0,2260.0,0.4337825177001954,False,PUT,2026-12-18,UBER
UBER261218P00060000,60.0,2.85,2.73,3.15,12.0,1692.0,0.4027159338378906,False,PUT,2026-12-18,UBER
UBER261218P00062500,62.5,3.62,2.92,4.0,5.0,310.0,0.40881938842773435,False,PUT,2026-12-18,UBER
UBER261218P00065000,65.0,4.3,3.6,4.35,73.0,2747.0,0.387701435546875,False,PUT,2026-12-18,UBER
UBER261218P00067500,67.5,5.0,2.97,5.5,8.0,1155.0,0.3987486883544922,False,PUT,2026-12-18,UBER
UBER261218P00070000,70.0,5.85,5.3,6.95,1.0,1454.0,0.4163876721191406,False,PUT,2026-12-18,UBER
UBER261218P00072500,72.5,6.85,5.65,6.85,385.0,1301.0,0.3715883154296875,False,PUT,2026-12-18,UBER
UBER261218P00075000,75.0,7.65,7.35,8.45,2.0,1372.0,0.387701435546875,False,PUT,2026-12-18,UBER
UBER261218P00077500,77.5,7.66,8.35,10.15,2.0,2079.0,0.402899037475586,False,PUT,2026-12-18,UBER
UBER261218P00080000,80.0,9.72,9.4,10.15,12.0,6849.0,0.35742830078125,False,PUT,2026-12-18,UBER
UBER261218P00082500,82.5,10.25,9.15,12.25,2.0,668.0,0.3800110827636719,True,PUT,2026-12-18,UBER
UBER261218P00085000,85.0,10.99,11.75,13.6,41.0,536.0,0.3748231463623046,True,PUT,2026-12-18,UBER
UBER261218P00087500,87.5,13.47,13.5,15.25,250.0,2087.0,0.3768983209228516,True,PUT,2026-12-18,UBER
UBER261218P00090000,90.0,16.2,14.85,17.05,1.0,1347.0,0.38147591186523433,True,PUT,2026-12-18,UBER
UBER261218P00092500,92.5,15.2,15.15,18.5,148.0,288.0,0.3721376263427735,True,PUT,2026-12-18,UBER
UBER261218P00095000,95.0,17.0,18.2,20.15,9.0,367.0,0.3670717590332031,True,PUT,2026-12-18,UBER
UBER261218P00097500,97.5,20.65,18.75,22.4,1.0,1239.0,0.38049935913085936,True,PUT,2026-12-18,UBER
UBER261218P00100000,100.0,22.7,21.65,23.05,50.0,1709.0,0.3347844842529296,True,PUT,2026-12-18,UBER
UBER261218P00105000,105.0,24.02,25.6,27.55,2.0,31.0,0.35205726074218746,True,PUT,2026-12-18,UBER
UBER270115C00057500,57.5,29.3,27.15,30.85,2.0,100.0,0.526371923828125,True,CALL,2027-01-15,UBER
UBER270115C00060000,60.0,27.25,25.35,27.45,81.0,1571.0,0.5290574438476563,True,CALL,2027-01-15,UBER
UBER270115C00062500,62.5,25.25,23.45,27.2,7.0,412.0,0.5039112109375,True,CALL,2027-01-15,UBER
UBER270115C00065000,65.0,23.45,21.9,24.8,21.0,1155.0,0.5424850439453126,True,CALL,2027-01-15,UBER
UBER270115C00067500,67.5,22.0,21.55,23.2,2.0,575.0,0.5022022436523439,True,CALL,2027-01-15,UBER
UBER270115C00070000,70.0,19.35,19.6,21.3,8.0,1779.0,0.5119677709960937,True,CALL,2027-01-15,UBER
UBER270115C00072500,72.5,18.46,18.25,19.9,2.0,341.0,0.5070850073242188,True,CALL,2027-01-15,UBER
UBER270115C00075000,75.0,16.95,16.15,18.3,4.0,2756.0,0.493291199951172,True,CALL,2027-01-15,UBER
UBER270115C00077500,77.5,15.65,15.3,17.2,1.0,255.0,0.4946339599609375,True,CALL,2027-01-15,UBER
UBER270115C00080000,80.0,14.53,14.3,14.8,71.0,3370.0,0.4514825360107422,True,CALL,2027-01-15,UBER
UBER270115C00082500,82.5,13.3,13.1,13.8,6.0,646.0,0.45252012329101565,False,CALL,2027-01-15,UBER
UBER270115C00085000,85.0,11.91,11.65,13.55,16.0,7113.0,0.4751639398193359,False,CALL,2027-01-15,UBER
UBER270115C00087500,87.5,10.53,10.35,12.75,1.0,1109.0,0.47827670166015623,False,CALL,2027-01-15,UBER
UBER270115C00090000,90.0,10.19,9.65,10.6,19.0,5170.0,0.4371394177246094,False,CALL,2027-01-15,UBER
UBER270115C00092500,92.5,9.4,9.2,10.2,7.0,1491.0,0.4492852923583984,False,CALL,2027-01-15,UBER
UBER270115C00095000,95.0,8.31,8.15,8.85,5.0,5738.0,0.4297542376708985,False,CALL,2027-01-15,UBER
UBER270115C00097500,97.5,8.0,7.5,8.1,1.0,259.0,0.42737389038085943,False,CALL,2027-01-15,UBER
UBER270115C00100000,100.0,7.2,6.9,7.4,712.0,6285.0,0.4249325085449219,False,CALL,2027-01-15,UBER
UBER270115C00105000,105.0,5.4,5.6,6.45,3.0,1041.0,0.4304866522216797,False,CALL,2027-01-15,UBER
UBER270115P00057500,57.5,2.71,2.45,3.25,8.0,2703.0,0.4270076831054688,False,PUT,2027-01-15,UBER
UBER270115P00060000,60.0,3.15,3.0,3.45,188.0,7222.0,0.40161731201171874,False,PUT,2027-01-15,UBER
UBER270115P00062500,62.5,3.65,3.15,4.2,35.0,4491.0,0.40143420837402344,False,PUT,2027-01-15,UBER
UBER270115P00065000,65.0,4.4,4.15,4.45,56.0,3744.0,0.37622694091796877,False,PUT,2027-01-15,UBER
UBER270115P00067500,67.5,5.36,4.8,5.55,118.0,2910.0,0.3845276391601562,False,PUT,2027-01-15,UBER
UBER270115P00070000,70.0,6.08,5.35,6.15,20.0,3925.0,0.3696962445068359,False,PUT,2027-01-15,UBER
UBER270115P00072500,72.5,6.8,6.55,8.2,101.0,3551.0,0.40442490112304685,False,PUT,2027-01-15,UBER
UBER270115P00075000,75.0,7.9,7.55,8.55,402.0,7190.0,0.3753724572753906,False,PUT,2027-01-15,UBER
UBER270115P00077500,77.5,9.4,8.1,10.45,6.0,2306.0,0.39649041015625003,False,PUT,2027-01-15,UBER
UBER270115P00080000,80.0,10.65,9.65,10.45,19.0,5754.0,0.352545537109375,False,PUT,2027-01-15,UBER
UBER270115P00082500,82.5,11.9,10.35,12.9,5.0,1484.0,0.38519901916503896,True,PUT,2027-01-15,UBER
UBER270115P00085000,85.0,12.71,12.3,13.5,12.0,5451.0,0.35645174804687496,True,PUT,2027-01-15,UBER
UBER270115P00087500,87.5,14.4,12.25,15.3,1.0,2421.0,0.3631655480957031,True,PUT,2027-01-15,UBER
UBER270115P00090000,90.0,16.45,14.95,17.6,1.0,3005.0,0.3833679827880859,True,PUT,2027-01-15,UBER
UBER270115P00092500,92.5,16.69,15.95,18.85,1.0,1219.0,0.3682314154052735,True,PUT,2027-01-15,UBER
UBER270115P00095000,95.0,18.69,18.3,20.6,1.0,2596.0,0.3668276208496094,True,PUT,2027-01-15,UBER
UBER270115P00097500,97.5,17.92,18.85,22.15,1.0,539.0,0.3567569207763671,True,PUT,2027-01-15,UBER
UBER270115P00100000,100.0,23.0,21.85,23.95,24.0,558.0,0.3526676062011719,True,PUT,2027-01-15,UBER
UBER270115P00105000,105.0,26.63,25.95,27.7,1.0,169.0,0.34339035522460937,True,PUT,2027-01-15,UBER
UBER270617C00060000,60.0,31.49,27.0,30.25,,1.0,0.5440719421386719,True,CALL,2027-06-17,UBER
UBER270617C00065000,65.0,28.05,24.0,28.0,,2.0,0.558170922241211,True,CALL,2027-06-17,UBER
UBER270617C00070000,70.0,24.7,20.55,25.0,,4.0,0.5401657312011721,True,CALL,2027-06-17,UBER
UBER270617C00075000,75.0,21.0,18.0,22.5,8.0,8.0,0.5322617575073242,True,CALL,2027-06-17,UBER
UBER270617C00077500,77.5,18.35,16.5,21.0,1.0,1.0,0.5192919165039063,True,CALL,2027-06-17,UBER
UBER270617C00080000,80.0,16.75,15.5,20.0,1.0,135.0,0.5192919165039063,True,CALL,2027-06-17,UBER
UBER270617C00085000,85.0,14.5,13.0,16.75,1.0,3.0,0.4818167053222656,False,CALL,2027-06-17,UBER
UBER270617C00090000,90.0,14.02,11.0,15.7,1.0,212.0,0.49896741271972656,False,CALL,2027-06-17,UBER
UBER270617C00095000,95.0,12.24,9.5,14.0,4.0,4.0,0.49420671813964845,False,CALL,2027-06-17,UBER
UBER270617C00100000,100.0,9.48,8.0,11.15,1.0,34.0,0.45514460876464846,False,CALL,2027-06-17,UBER
UBER270617C00105000,105.0,8.72,6.5,11.0,10.0,37.0,0.48340360351562506,False,CALL,2027-06-17,UBER
UBER270617P00060000,60.0,4.45,3.95,5.15,16.0,24.0,0.4032652447509766,False,PUT,2027-06-17,UBER
UBER270617P00065000,65.0,5.75,4.75,8.0,11.0,607.0,0.4358576922607422,False,PUT,2027-06-17,UBER
UBER270617P00070000,70.0,7.55,5.5,10.0,162.0,142.0,0.4270687176513672,False,PUT,2027-06-17,UBER
UBER270617P00075000,75.0,8.78,7.5,12.0,,10.0,0.4115049084472656,False,PUT,2027-06-17,UBER
UBER270617P00077500,77.5,10.69,8.5,11.75,,10.0,0.36694968994140625,False,PUT,2027-06-17,UBER
UBER270617P00080000,80.0,12.45,10.75,13.15,1.0,25.0,0.367193828125,False,PUT,2027-06-17,UBER
UBER270617P00090000,90.0,16.72,15.5,20.0,,1.0,0.3831238446044921,True,PUT,2027-06-17,UBER
UBER270617P00100000,100.0,23.5,22.0,25.25,1.0,0.0,0.3311834460449219,True,PUT,2027-06-17,UBER
UBER271217C00060000,60.0,31.44,29.55,33.95,6.0,362.0,0.5120288055419921,True,CALL,2027-12-17,UBER
UBER271217C00065000,65.0,28.8,26.55,30.0,2.0,85.0,0.5343674493408204,True,CALL,2027-12-17,UBER
UBER271217C00070000,70.0,26.25,24.55,27.4,2.0,223.0,0.5258226129150392,True,CALL,2027-12-17,UBER
UBER271217C00072500,72.5,23.44,22.5,26.2,7.0,23.0,0.5225267474365234,True,CALL,2027-12-17,UBER
UBER271217C00075000,75.0,22.9,22.35,25.45,2.0,253.0,0.5295457202148439,True,CALL,2027-12-17,UBER
UBER271217C00077500,77.5,24.1,20.1,23.35,2.0,131.0,0.5020191400146485,True,CALL,2027-12-17,UBER
UBER271217C00080000,80.0,19.1,19.95,22.2,3.0,278.0,0.4973805145263672,True,CALL,2027-12-17,UBER
UBER271217C00082500,82.5,19.02,17.3,22.0,1.0,79.0,0.5143481182861327,False,CALL,2027-12-17,UBER
UBER271217C00085000,85.0,17.55,16.2,20.5,1.0,492.0,0.4995167236328125,False,CALL,2027-12-17,UBER
UBER271217C00087500,87.5,17.23,15.1,19.5,1.0,165.0,0.4957020645141602,False,CALL,2027-12-17,UBER
UBER271217C00090000,90.0,15.5,14.1,17.95,3.0,475.0,0.47852083984375,False,CALL,2027-12-17,UBER
UBER271217C00092500,92.5,15.3,14.8,16.7,7.0,1108.0,0.46759565612792964,False,CALL,2027-12-17,UBER
UBER271217C00095000,95.0,14.95,12.9,17.0,10.0,353.0,0.4909413699340821,False,CALL,2027-12-17,UBER
UBER271217C00097500,97.5,13.0,12.0,15.9,2.0,178.0,0.48184722259521484,False,CALL,2027-12-17,UBER
UBER271217C00100000,100.0,12.86,12.05,13.5,2.0,702.0,0.44287666503906253,False,CALL,2027-12-17,UBER
UBER271217C00105000,105.0,11.0,9.5,12.3,1.0,609.0,0.44360907958984375,False,CALL,2027-12-17,UBER
UBER271217P00060000,60.0,5.75,3.0,5.85,40.0,2018.0,0.3684145190429688,False,PUT,2027-12-17,UBER
UBER271217P00065000,65.0,6.65,6.2,8.2,2.0,1722.0,0.37915659912109373,False,PUT,2027-12-17,UBER
UBER271217P00070000,70.0,8.75,8.3,11.5,10.0,1566.0,0.4050962811279296,False,PUT,2027-12-17,UBER
UBER271217P00072500,72.5,10.66,8.0,12.5,702.0,777.0,0.39777213562011715,False,PUT,2027-12-17,UBER
UBER271217P00075000,75.0,11.0,9.75,13.5,2.0,3253.0,0.38931885101318364,False,PUT,2027-12-17,UBER
UBER271217P00077500,77.5,12.8,10.0,13.9,2.0,59.0,0.3655458953857422,False,PUT,2027-12-17,UBER
UBER271217P00080000,80.0,12.6,11.5,16.0,4.0,1873.0,0.3810791873168945,False,PUT,2027-12-17,UBER
UBER271217P00082500,82.5,15.05,12.5,17.5,1.0,590.0,0.38092660095214836,True,PUT,2027-12-17,UBER
UBER271217P00085000,85.0,16.3,14.0,18.5,2.0,1136.0,0.3681093463134766,True,PUT,2027-12-17,UBER
UBER271217P00087500,87.5,16.35,17.5,19.9,1.0,65.0,0.3633791690063477,True,PUT,2027-12-17,UBER
UBER271217P00090000,90.0,17.79,17.0,20.15,14.0,164.0,0.3316717224121094,True,PUT,2027-12-17,UBER
UBER271217P00092500,92.5,20.5,18.5,23.0,14.0,160.0,0.3572451971435546,True,PUT,2027-12-17,UBER
UBER271217P00095000,95.0,20.15,20.0,23.25,1.0,91.0,0.32318792053222645,True,PUT,2027-12-17,UBER
UBER271217P00097500,97.5,25.12,22.75,26.0,6.0,171.0,0.34442794250488284,True,PUT,2027-12-17,UBER
UBER271217P00100000,100.0,24.8,23.5,26.75,3.0,193.0,0.31903757141113276,True,PUT,2027-12-17,UBER
UBER271217P00105000,105.0,29.64,27.4,31.5,3.0,123.0,0.34015552429199214,True,PUT,2027-12-17,UBER
UBER280121C00060000,60.0,31.0,30.0,33.2,202.0,685.0,0.5426071130371095,True,CALL,2028-01-21,UBER
UBER280121C00065000,65.0,27.4,26.6,31.0,10.0,197.0,0.5487716021728517,True,CALL,2028-01-21,UBER
UBER280121C00070000,70.0,26.1,24.75,27.7,1.0,380.0,0.5206346765136718,True,CALL,2028-01-21,UBER
UBER280121C00072500,72.5,26.95,22.5,27.0,2.0,6.0,0.5298203756713868,True,CALL,2028-01-21,UBER
UBER280121C00075000,75.0,22.96,21.0,25.5,1.0,213.0,0.5177965701293946,True,CALL,2028-01-21,UBER
UBER280121C00077500,77.5,20.9,20.0,24.5,6.0,189.0,0.5172777764892578,True,CALL,2028-01-21,UBER
UBER280121C00080000,80.0,20.2,19.25,22.9,13.0,2241.0,0.5015918981933594,True,CALL,2028-01-21,UBER
UBER280121C00082500,82.5,19.18,18.9,22.0,4.0,236.0,0.5017444845581055,False,CALL,2028-01-21,UBER
UBER280121C00085000,85.0,19.25,17.5,19.25,3.0,1216.0,0.45889823333740243,False,CALL,2028-01-21,UBER
UBER280121C00087500,87.5,17.0,15.55,20.0,20.0,215.0,0.49481706359863287,False,CALL,2028-01-21,UBER
UBER280121C00090000,90.0,17.08,16.5,19.0,6.0,939.0,0.49023947265625006,False,CALL,2028-01-21,UBER
UBER280121C00092500,92.5,16.0,14.8,18.5,1.0,193.0,0.49600723724365237,False,CALL,2028-01-21,UBER
UBER280121C00095000,95.0,14.71,13.45,17.5,2.0,608.0,0.48993429992675785,False,CALL,2028-01-21,UBER
UBER280121C00097500,97.5,15.03,12.85,16.5,1.0,236.0,0.4832204998779297,False,CALL,2028-01-21,UBER
UBER280121C00100000,100.0,13.7,12.6,14.2,16.0,1065.0,0.4473627041625976,False,CALL,2028-01-21,UBER
UBER280121C00105000,105.0,12.1,12.05,13.25,39.0,3208.0,0.4536797796630859,False,CALL,2028-01-21,UBER
UBER280121P00060000,60.0,5.89,3.5,6.05,30.0,1391.0,0.365667964477539,False,PUT,2028-01-21,UBER
UBER280121P00065000,65.0,7.5,7.0,8.3,859.0,2367.0,0.372625902709961,False,PUT,2028-01-21,UBER
UBER280121P00070000,70.0,9.45,7.0,10.25,1.0,3355.0,0.3633486517333985,False,PUT,2028-01-21,UBER
UBER280121P00072500,72.5,10.06,8.0,11.15,1.0,19.0,0.35480381530761707,False,PUT,2028-01-21,UBER
UBER280121P00075000,75.0,11.6,9.0,13.0,17.0,3531.0,0.3678652081298829,False,PUT,2028-01-21,UBER
UBER280121P00077500,77.5,12.8,11.5,13.9,1.0,650.0,0.35657381713867187,False,PUT,2028-01-21,UBER
UBER280121P00080000,80.0,14.02,11.5,16.4,18.0,1845.0,0.38092660095214836,False,PUT,2028-01-21,UBER
UBER280121P00082500,82.5,16.01,13.0,16.25,1.0,14.0,0.3435124243164062,True,PUT,2028-01-21,UBER
UBER280121P00085000,85.0,16.98,14.0,18.95,8.0,741.0,0.36911641632080083,True,PUT,2028-01-21,UBER
UBER280121P00087500,87.5,18.6,15.5,20.5,3.0,175.0,0.36771262176513675,True,PUT,2028-01-21,UBER
UBER280121P00090000,90.0,19.48,17.0,20.75,10.0,1057.0,0.33667655517578127,True,PUT,2028-01-21,UBER
UBER280121P00092500,92.5,19.95,18.5,23.3,1.0,97.0,0.3550784707641601,True,PUT,2028-01-21,UBER
UBER280121P00095000,95.0,22.2,20.5,24.85,1.0,181.0,0.35050087982177724,True,PUT,2028-01-21,UBER
UBER280121P00097500,97.5,22.75,22.0,26.45,5.0,22.0,0.34598432342529295,True,PUT,2028-01-21,UBER
UBER280121P00100000,100.0,25.51,23.5,28.0,2.0,60.0,0.339301040649414,True,PUT,2028-01-21,UBER
UBER280121P00105000,105.0,27.31,27.0,31.5,2.0,29.0,0.3318243087768554,True,PUT,2028-01-21,UBER
UEC260130C00013000,13.0,5.57,4.3,5.9,1.0,86.0,4.742191572265625,True,CALL,2026-01-30,UEC
UEC260130C00013500,13.5,4.74,3.8,5.3,18.0,69.0,4.007817490234375,True,CALL,2026-01-30,UEC
UEC260130C00014000,14.0,4.03,3.3,4.8,11.0,332.0,3.6640633398437505,True,CALL,2026-01-30,UEC
UEC260130C00014500,14.5,3.75,3.2,4.3,10.0,55.0,3.3359391601562494,True,CALL,2026-01-30,UEC
UEC260130C00015000,15.0,5.0,2.85,3.75,8.0,4570.0,2.843752890625,True,CALL,2026-01-30,UEC
UEC260130C00015500,15.5,2.78,2.29,3.35,1.0,76.0,2.8281279296874997,True,CALL,2026-01-30,UEC
UEC260130C00016000,16.0,2.38,1.89,2.81,7.0,364.0,2.3867227832031244,True,CALL,2026-01-30,UEC
UEC260130C00016500,16.5,1.66,1.66,2.13,66.0,744.0,1.5625021874999998,True,CALL,2026-01-30,UEC
UEC260130C00017000,17.0,1.53,1.02,1.73,8.0,108.0,1.5390648046875,True,CALL,2026-01-30,UEC
UEC260130C00017500,17.5,0.87,0.92,1.35,176.0,468.0,0.99804689453125,True,CALL,2026-01-30,UEC
UEC260130C00018000,18.0,0.63,0.59,0.87,326.0,1296.0,0.87500125,True,CALL,2026-01-30,UEC
UEC260130C00018500,18.5,0.45,0.36,0.58,289.0,270.0,0.9062509375,False,CALL,2026-01-30,UEC
UEC260130C00019000,19.0,0.23,0.18,0.3,407.0,844.0,0.8398453515625,False,CALL,2026-01-30,UEC
UEC260130C00019500,19.5,0.13,0.1,0.18,253.0,861.0,0.8906260937499999,False,CALL,2026-01-30,UEC
UEC260130C00020000,20.0,0.1,0.06,0.1,1209.0,1781.0,0.937500625,False,CALL,2026-01-30,UEC
UEC260130C00020500,20.5,0.06,0.03,0.08,41.0,493.0,1.0234423828125,False,CALL,2026-01-30,UEC
UEC260130C00021000,21.0,0.05,0.02,0.07,94.0,909.0,1.140629296875,False,CALL,2026-01-30,UEC
UEC260130C00021500,21.5,0.02,0.01,0.02,3.0,186.0,1.0625046875000002,False,CALL,2026-01-30,UEC
UEC260130C00022000,22.0,0.02,0.0,0.07,2.0,962.0,1.3750031249999999,False,CALL,2026-01-30,UEC
UEC260130C00022500,22.5,0.07,0.0,0.01,3.0,377.0,1.125004375,False,CALL,2026-01-30,UEC
UEC260130C00023000,23.0,0.04,0.0,0.15,278.0,328.0,1.9140629296875002,False,CALL,2026-01-30,UEC
UEC260130C00023500,23.5,0.13,0.0,0.5,2.0,67.0,2.7734405664062503,False,CALL,2026-01-30,UEC
UEC260130P00013000,13.0,0.04,0.0,0.17,9.0,103.0,3.0000025,False,PUT,2026-01-30,UEC
UEC260130P00013500,13.5,0.03,0.0,0.06,23.0,119.0,2.2500043749999996,False,PUT,2026-01-30,UEC
UEC260130P00014000,14.0,0.02,0.0,0.05,10.0,7081.0,1.953125234375,False,PUT,2026-01-30,UEC
UEC260130P00014500,14.5,0.02,0.0,0.12,1.0,47.0,2.0625048437499998,False,PUT,2026-01-30,UEC
UEC260130P00015000,15.0,0.01,0.0,0.03,65.0,231.0,1.40625296875,False,PUT,2026-01-30,UEC
UEC260130P00015500,15.5,0.05,0.0,0.05,1.0,108.0,1.3281283593749997,False,PUT,2026-01-30,UEC
UEC260130P00016000,16.0,0.03,0.0,0.05,41.0,643.0,1.125004375,False,PUT,2026-01-30,UEC
UEC260130P00016500,16.5,0.05,0.01,0.1,96.0,1044.0,1.09375453125,False,PUT,2026-01-30,UEC
UEC260130P00017000,17.0,0.07,0.02,0.14,131.0,1486.0,0.9687503125,False,PUT,2026-01-30,UEC
UEC260130P00017500,17.5,0.19,0.08,0.24,306.0,428.0,0.937500625,False,PUT,2026-01-30,UEC
UEC260130P00018000,18.0,0.35,0.2,0.52,321.0,784.0,1.0351610742187503,False,PUT,2026-01-30,UEC
UEC260130P00018500,18.5,0.67,0.27,0.73,100.0,463.0,0.8710950390625,True,PUT,2026-01-30,UEC
UEC260130P00019000,19.0,0.96,0.73,1.4,331.0,669.0,1.37109689453125,True,PUT,2026-01-30,UEC
UEC260130P00019500,19.5,1.76,0.89,1.81,17.0,251.0,1.2578162109375,True,PUT,2026-01-30,UEC
UEC260130P00020000,20.0,1.91,1.42,1.95,18.0,238.0,1.109379453125,True,PUT,2026-01-30,UEC
UEC260130P00020500,20.5,1.65,1.88,2.81,2.0,26.0,1.75000125,True,PUT,2026-01-30,UEC
UEC260130P00021000,21.0,1.75,2.3,3.65,11.0,14.0,2.285160537109375,True,PUT,2026-01-30,UEC
UEC260130P00021500,21.5,1.88,2.8,4.25,1.0,3.0,2.6250034375,True,PUT,2026-01-30,UEC
UEC260130P00022000,22.0,3.89,3.2,4.0,10.0,11.0,1.4765651171875,True,PUT,2026-01-30,UEC
UEC260130P00023000,23.0,7.13,4.2,5.75,2.0,2.0,3.1054709863281245,True,PUT,2026-01-30,UEC
UEC260130P00023500,23.5,6.0,4.7,6.25,,1.0,3.28906427734375,True,PUT,2026-01-30,UEC
UEC260206C00013000,13.0,6.0,4.3,5.85,2.0,6.0,2.144535888671875,True,CALL,2026-02-06,UEC
UEC260206C00013500,13.5,5.96,3.85,5.4,1.0,14.0,2.058598603515625,True,CALL,2026-02-06,UEC
UEC260206C00014000,14.0,4.11,3.35,4.85,11.0,199.0,1.8105478222656248,True,CALL,2026-02-06,UEC
UEC260206C00014500,14.5,3.83,3.25,4.4,10.0,54.0,1.72265763671875,True,CALL,2026-02-06,UEC
UEC260206C00015000,15.0,3.36,3.1,3.9,17.0,160.0,0.8242205078124999,True,CALL,2026-02-06,UEC
UEC260206C00015500,15.5,3.3,2.24,3.4,4.0,43.0,1.3984405078125,True,CALL,2026-02-06,UEC
UEC260206C00016000,16.0,2.47,2.22,2.84,5.0,713.0,0.6875031250000001,True,CALL,2026-02-06,UEC
UEC260206C00016500,16.5,2.18,1.83,2.44,4.0,660.0,0.7460962890625,True,CALL,2026-02-06,UEC
UEC260206C00017000,17.0,1.84,1.73,2.04,16.0,86.0,0.8984385156249999,True,CALL,2026-02-06,UEC
UEC260206C00017500,17.5,1.5,1.41,1.64,88.0,199.0,0.86914193359375,True,CALL,2026-02-06,UEC
UEC260206C00018000,18.0,1.15,1.13,1.37,81.0,180.0,0.88476677734375,True,CALL,2026-02-06,UEC
UEC260206C00018500,18.5,0.94,0.9,1.07,216.0,37.0,0.8730481445312499,False,CALL,2026-02-06,UEC
UEC260206C00019000,19.0,0.79,0.72,0.88,176.0,237.0,0.8984385156249999,False,CALL,2026-02-06,UEC
UEC260206C00019500,19.5,0.69,0.51,0.68,167.0,146.0,0.8730481445312499,False,CALL,2026-02-06,UEC
UEC260206C00020000,20.0,0.45,0.4,0.56,434.0,441.0,0.9003916210937499,False,CALL,2026-02-06,UEC
UEC260206C00020500,20.5,0.35,0.3,0.44,18.0,166.0,0.9082040429687499,False,CALL,2026-02-06,UEC
UEC260206C00021000,21.0,0.29,0.25,0.37,30.0,72.0,0.94726615234375,False,CALL,2026-02-06,UEC
UEC260206C00021500,21.5,0.6,0.18,0.28,59.0,118.0,0.9414068359375,False,CALL,2026-02-06,UEC
UEC260206C00022000,22.0,0.22,0.14,0.27,54.0,109.0,0.9960937890625,False,CALL,2026-02-06,UEC
UEC260206C00022500,22.5,0.15,0.09,0.4,101.0,15.0,1.140629296875,False,CALL,2026-02-06,UEC
UEC260206C00023000,23.0,0.28,0.08,0.29,8.0,64.0,1.125004375,False,CALL,2026-02-06,UEC
UEC260206C00023500,23.5,0.32,0.01,0.49,2.0,8.0,1.3085972070312497,False,CALL,2026-02-06,UEC
UEC260206P00013000,13.0,0.04,0.0,0.69,2.0,129.0,2.0468798828125,False,PUT,2026-02-06,UEC
UEC260206P00013500,13.5,0.14,0.0,0.68,3.0,74.0,1.8710943945312501,False,PUT,2026-02-06,UEC
UEC260206P00014000,14.0,0.06,0.0,0.5,1.0,31.0,1.5507834960937497,False,PUT,2026-02-06,UEC
UEC260206P00014500,14.5,0.05,0.01,0.1,10.0,45.0,0.9531254687499999,False,PUT,2026-02-06,UEC
UEC260206P00015000,15.0,0.05,0.02,0.1,7.0,51.0,0.85937640625,False,PUT,2026-02-06,UEC
UEC260206P00015500,15.5,0.15,0.08,0.2,145.0,75.0,0.929688203125,False,PUT,2026-02-06,UEC
UEC260206P00016000,16.0,0.19,0.14,0.26,14.0,369.0,0.9023447265625,False,PUT,2026-02-06,UEC
UEC260206P00016500,16.5,0.3,0.23,0.36,14.0,79.0,0.89257919921875,False,PUT,2026-02-06,UEC
UEC260206P00017000,17.0,0.44,0.37,0.44,11.0,76.0,0.867188828125,False,PUT,2026-02-06,UEC
UEC260206P00017500,17.5,0.64,0.51,0.67,168.0,837.0,0.8828136718749999,False,PUT,2026-02-06,UEC
UEC260206P00018000,18.0,0.82,0.72,0.82,75.0,311.0,0.85742330078125,False,PUT,2026-02-06,UEC
UEC260206P00018500,18.5,1.4,0.97,1.14,31.0,121.0,0.8906260937499999,True,PUT,2026-02-06,UEC
UEC260206P00019000,19.0,1.31,1.25,1.43,6.0,153.0,0.8886729882812499,True,PUT,2026-02-06,UEC
UEC260206P00019500,19.5,0.85,1.52,1.97,16.0,34.0,0.96289099609375,True,PUT,2026-02-06,UEC
UEC260206P00020000,20.0,2.17,1.94,2.33,32.0,69.0,1.001958115234375,True,PUT,2026-02-06,UEC
UEC260206P00020500,20.5,2.3,2.34,2.77,1.0,18.0,1.0488328808593752,True,PUT,2026-02-06,UEC
UEC260206P00021000,21.0,2.07,2.56,3.7,1.0,3.0,1.2402381738281247,True,PUT,2026-02-06,UEC
UEC260206P00021500,21.5,2.78,3.05,4.15,8.0,11.0,1.3183627832031248,True,PUT,2026-02-06,UEC
UEC260206P00022000,22.0,3.07,3.5,4.6,2.0,6.0,1.3671906640625,True,PUT,2026-02-06,UEC
UEC260213C00013000,13.0,6.56,4.4,5.9,3.0,15.0,1.67578287109375,True,CALL,2026-02-13,UEC
UEC260213C00013500,13.5,5.05,3.95,5.35,4.0,111.0,1.482424462890625,True,CALL,2026-02-13,UEC
UEC260213C00014000,14.0,5.61,4.1,4.85,2.0,14.0,0.6875031250000001,True,CALL,2026-02-13,UEC
UEC260213C00014500,14.5,3.25,3.2,4.35,3.0,13.0,1.236331943359375,True,CALL,2026-02-13,UEC
UEC260213C00015000,15.0,4.75,2.86,3.95,3.0,8.0,1.220707021484375,True,CALL,2026-02-13,UEC
UEC260213C00015500,15.5,4.47,2.93,3.55,2.0,6.0,0.8828136718749999,True,CALL,2026-02-13,UEC
UEC260213C00016000,16.0,3.0,2.12,3.1,2.0,66.0,0.6289099609375001,True,CALL,2026-02-13,UEC
UEC260213C00016500,16.5,3.52,2.21,2.66,4.0,20.0,0.8378922460937499,True,CALL,2026-02-13,UEC
UEC260213C00017000,17.0,3.2,2.03,2.27,10.0,157.0,0.8789074609374999,True,CALL,2026-02-13,UEC
UEC260213C00017500,17.5,1.75,1.71,1.97,18.0,28.0,0.87500125,True,CALL,2026-02-13,UEC
UEC260213C00018000,18.0,1.5,1.52,1.69,7.0,65.0,0.9003916210937499,True,CALL,2026-02-13,UEC
UEC260213C00019000,19.0,1.06,1.07,1.23,23.0,99.0,0.901368173828125,False,CALL,2026-02-13,UEC
UEC260213C00020000,20.0,0.75,0.68,0.87,63.0,171.0,0.88476677734375,False,CALL,2026-02-13,UEC
UEC260213C00021000,21.0,0.56,0.47,0.8,6.0,121.0,0.9726565234375,False,CALL,2026-02-13,UEC
UEC260213C00022000,22.0,0.41,0.32,0.64,41.0,107.0,1.0078174609375,False,CALL,2026-02-13,UEC
UEC260213C00023000,23.0,0.46,0.14,0.51,1.0,13.0,1.001958115234375,False,CALL,2026-02-13,UEC
UEC260213P00013000,13.0,0.11,0.01,0.5,11.0,22.0,1.3984405078125,False,PUT,2026-02-13,UEC
UEC260213P00013500,13.5,0.22,0.01,0.12,1.0,63.0,0.914063359375,False,PUT,2026-02-13,UEC
UEC260213P00014000,14.0,0.08,0.08,0.17,3.0,3967.0,0.9609378906249999,False,PUT,2026-02-13,UEC
UEC260213P00014500,14.5,0.26,0.04,0.34,1.0,65.0,0.9687503125,False,PUT,2026-02-13,UEC
UEC260213P00015000,15.0,0.29,0.17,0.27,15.0,83.0,0.9062509375,False,PUT,2026-02-13,UEC
UEC260213P00015500,15.5,0.17,0.25,0.41,24.0,346.0,0.92773509765625,False,PUT,2026-02-13,UEC
UEC260213P00016000,16.0,0.52,0.36,0.47,14.0,33.0,0.8964854101562498,False,PUT,2026-02-13,UEC
UEC260213P00016500,16.5,0.59,0.52,0.6,9.0,61.0,0.9003916210937499,False,PUT,2026-02-13,UEC
UEC260213P00017000,17.0,0.7,0.69,0.81,35.0,16.0,0.9160164648437501,False,PUT,2026-02-13,UEC
UEC260213P00017500,17.5,0.99,0.88,0.98,6.0,65.0,0.9023447265625,False,PUT,2026-02-13,UEC
UEC260213P00018000,18.0,1.26,1.07,1.21,17.0,84.0,0.8906260937499999,False,PUT,2026-02-13,UEC
UEC260213P00019000,19.0,1.74,1.61,1.76,3.0,49.0,0.8916026464843749,True,PUT,2026-02-13,UEC
UEC260213P00020000,20.0,1.5,2.31,2.45,5.0,24.0,0.92187578125,True,PUT,2026-02-13,UEC
UEC260213P00021000,21.0,3.2,3.0,3.25,1.0,13.0,0.9267585449218749,True,PUT,2026-02-13,UEC
UEC260213P00022000,22.0,3.9,3.75,4.8,1.0,1.0,1.2041055419921873,True,PUT,2026-02-13,UEC
UEC260220C00013000,13.0,5.0,5.1,5.75,157.0,780.0,1.224613251953125,True,CALL,2026-02-20,UEC
UEC260220C00014000,14.0,4.64,4.45,4.9,4.0,2075.0,0.93945373046875,True,CALL,2026-02-20,UEC
UEC260220C00014500,14.5,5.0,3.35,4.45,1.0,1.0,1.123051259765625,True,CALL,2026-02-20,UEC
UEC260220C00015000,15.0,3.4,3.75,3.95,30.0,3903.0,0.93164130859375,True,CALL,2026-02-20,UEC
UEC260220C00016000,16.0,2.97,2.9,3.15,49.0,1465.0,0.867188828125,True,CALL,2026-02-20,UEC
UEC260220C00016500,16.5,2.56,2.54,2.79,6.0,2.0,0.8554701953125,True,CALL,2026-02-20,UEC
UEC260220C00017000,17.0,2.16,2.19,2.54,58.0,2797.0,0.8652357226562499,True,CALL,2026-02-20,UEC
UEC260220C00017500,17.5,1.85,1.91,2.15,1.0,10.0,0.8388687988281249,True,CALL,2026-02-20,UEC
UEC260220C00018000,18.0,1.75,1.73,1.87,595.0,2380.0,0.85937640625,True,CALL,2026-02-20,UEC
UEC260220C00018500,18.5,1.55,1.48,1.65,128.0,88.0,0.86132951171875,False,CALL,2026-02-20,UEC
UEC260220C00019000,19.0,1.33,1.2,1.43,59.0,1012.0,0.84179845703125,False,CALL,2026-02-20,UEC
UEC260220C00019500,19.5,1.09,1.08,1.25,112.0,243.0,0.8632826171875,False,CALL,2026-02-20,UEC
UEC260220C00020000,20.0,0.97,0.93,1.1,3691.0,9790.0,0.8730481445312499,False,CALL,2026-02-20,UEC
UEC260220C00020500,20.5,0.83,0.78,0.98,4.0,25.0,0.8808605664062499,False,CALL,2026-02-20,UEC
UEC260220C00021000,21.0,0.72,0.65,0.82,583.0,810.0,0.8720715917968749,False,CALL,2026-02-20,UEC
UEC260220C00021500,21.5,0.7,0.52,0.75,6.0,513.0,0.8808605664062499,False,CALL,2026-02-20,UEC
UEC260220C00022000,22.0,0.56,0.46,0.62,146.0,1352.0,0.8828136718749999,False,CALL,2026-02-20,UEC
UEC260220C00023000,23.0,0.41,0.4,0.48,14.0,1119.0,0.92773509765625,False,CALL,2026-02-20,UEC
UEC260220P00013000,13.0,0.06,0.06,0.16,31.0,984.0,0.937500625,False,PUT,2026-02-20,UEC
UEC260220P00013500,13.5,0.17,0.09,0.21,17.0,7.0,0.9238288867187501,False,PUT,2026-02-20,UEC
UEC260220P00014000,14.0,0.17,0.14,0.23,33.0,688.0,0.8886729882812499,False,PUT,2026-02-20,UEC
UEC260220P00014500,14.5,0.24,0.2,0.41,,6.0,0.937500625,False,PUT,2026-02-20,UEC
UEC260220P00015000,15.0,0.34,0.28,0.37,128.0,917.0,0.8632826171875,False,PUT,2026-02-20,UEC
UEC260220P00015500,15.5,0.51,0.38,0.52,16.0,9.0,0.87500125,False,PUT,2026-02-20,UEC
UEC260220P00016000,16.0,0.62,0.5,0.6,16.0,755.0,0.84961087890625,False,PUT,2026-02-20,UEC
UEC260220P00016500,16.5,0.75,0.65,0.8,6.0,133.0,0.86132951171875,False,PUT,2026-02-20,UEC
UEC260220P00017000,17.0,0.95,0.84,1.0,112.0,764.0,0.868165380859375,False,PUT,2026-02-20,UEC
UEC260220P00017500,17.5,1.15,1.04,1.18,143.0,178.0,0.8564467480468749,False,PUT,2026-02-20,UEC
UEC260220P00018000,18.0,1.3,1.3,1.37,71.0,2882.0,0.850587431640625,False,PUT,2026-02-20,UEC
UEC260220P00018500,18.5,1.6,1.52,1.66,15.0,291.0,0.8476577734374999,True,PUT,2026-02-20,UEC
UEC260220P00019000,19.0,2.3,1.81,1.94,43.0,379.0,0.8466812207031249,True,PUT,2026-02-20,UEC
UEC260220P00019500,19.5,1.63,2.12,2.34,14.0,158.0,0.8710950390625,True,PUT,2026-02-20,UEC
UEC260220P00020000,20.0,3.07,2.46,2.66,4.0,465.0,0.8710950390625,True,PUT,2026-02-20,UEC
UEC260220P00020500,20.5,2.68,2.81,3.05,1.0,9.0,0.8808605664062499,True,PUT,2026-02-20,UEC
UEC260220P00021000,21.0,2.5,3.15,3.55,2.0,96.0,0.91211025390625,True,PUT,2026-02-20,UEC
UEC260220P00021500,21.5,3.9,3.55,3.8,57.0,66.0,0.8740246972656249,True,PUT,2026-02-20,UEC
UEC260220P00022000,22.0,3.3,3.9,4.9,6.0,11.0,1.0830123974609376,True,PUT,2026-02-20,UEC
UEC260220P00023000,23.0,4.72,4.75,5.8,2.0,10.0,1.12891060546875,True,PUT,2026-02-20,UEC
UEC260227C00013000,13.0,6.13,4.55,6.1,2.0,10.0,1.400393623046875,True,CALL,2026-02-27,UEC
UEC260227C00013500,13.5,6.15,4.3,5.65,1.0,9.0,0.5625043750000001,True,CALL,2026-02-27,UEC
UEC260227C00014000,14.0,5.31,3.9,5.05,1.0,2.0,0.5039112109375,True,CALL,2026-02-27,UEC
UEC260227C00014500,14.5,4.27,3.5,4.65,1.0,25.0,0.6289099609375001,True,CALL,2026-02-27,UEC
UEC260227C00015000,15.0,3.35,3.55,4.35,4.0,46.0,0.8916026464843749,True,CALL,2026-02-27,UEC
UEC260227C00015500,15.5,3.28,3.2,3.85,1.0,219.0,0.851563984375,True,CALL,2026-02-27,UEC
UEC260227C00016000,16.0,3.2,2.9,3.45,20.0,15.0,0.852540537109375,True,CALL,2026-02-27,UEC
UEC260227C00016500,16.5,2.85,2.72,3.05,4.0,4.0,0.8730481445312499,True,CALL,2026-02-27,UEC
UEC260227C00017000,17.0,2.45,2.44,2.73,9.0,17.0,0.8740246972656249,True,CALL,2026-02-27,UEC
UEC260227C00017500,17.5,2.35,2.24,2.43,126.0,23.0,0.8886729882812499,True,CALL,2026-02-27,UEC
UEC260227C00018000,18.0,2.13,1.96,2.17,267.0,71.0,0.8808605664062499,True,CALL,2026-02-27,UEC
UEC260227C00018500,18.5,1.8,1.78,1.94,47.0,7.0,0.8945323046874999,False,CALL,2026-02-27,UEC
UEC260227C00019000,19.0,1.53,1.59,1.72,88.0,134.0,0.8974619628906249,False,CALL,2026-02-27,UEC
UEC260227C00020000,20.0,1.25,1.2,1.36,183.0,229.0,0.893555751953125,False,CALL,2026-02-27,UEC
UEC260227C00021000,21.0,1.0,0.91,1.08,21.0,82.0,0.8984385156249999,False,CALL,2026-02-27,UEC
UEC260227C00022000,22.0,0.72,0.7,0.86,39.0,94.0,0.9101571484375,False,CALL,2026-02-27,UEC
UEC260227C00023000,23.0,0.57,0.54,0.69,34.0,47.0,0.922852333984375,False,CALL,2026-02-27,UEC
UEC260227P00013000,13.0,0.18,0.05,0.31,1.0,47.0,0.92773509765625,False,PUT,2026-02-27,UEC
UEC260227P00013500,13.5,0.18,0.16,0.26,10.0,16.0,0.8867198828124999,False,PUT,2026-02-27,UEC
UEC260227P00014000,14.0,0.31,0.25,0.35,11.0,5008.0,0.9003916210937499,False,PUT,2026-02-27,UEC
UEC260227P00014500,14.5,0.45,0.32,0.66,2.0,14.0,0.975586181640625,False,PUT,2026-02-27,UEC
UEC260227P00015000,15.0,0.48,0.42,0.56,4.0,68.0,0.88476677734375,False,PUT,2026-02-27,UEC
UEC260227P00015500,15.5,0.5,0.53,1.01,45.0,81.0,0.9794923925781251,False,PUT,2026-02-27,UEC
UEC260227P00016000,16.0,0.78,0.68,0.85,7.0,101.0,0.87695435546875,False,PUT,2026-02-27,UEC
UEC260227P00016500,16.5,1.14,0.86,1.04,67.0,73.0,0.8818371191406249,False,PUT,2026-02-27,UEC
UEC260227P00017000,17.0,1.5,1.04,1.24,3.0,39.0,0.87695435546875,False,PUT,2026-02-27,UEC
UEC260227P00017500,17.5,1.0,1.28,1.43,2.0,117.0,0.8730481445312499,False,PUT,2026-02-27,UEC
UEC260227P00018000,18.0,1.62,1.51,1.68,25.0,13.0,0.8710950390625,False,PUT,2026-02-27,UEC
UEC260227P00018500,18.5,1.82,1.8,1.97,2.0,63.0,0.8828136718749999,True,PUT,2026-02-27,UEC
UEC260227P00019000,19.0,2.09,2.09,2.25,1.0,14.0,0.8808605664062499,True,PUT,2026-02-27,UEC
UEC260227P00020000,20.0,3.15,2.71,2.89,41.0,113.0,0.8789074609374999,True,PUT,2026-02-27,UEC
UEC260227P00021000,21.0,2.88,3.35,3.65,4.0,3.0,0.875977802734375,True,PUT,2026-02-27,UEC
UEC260227P00022000,22.0,3.55,4.15,4.45,,1.0,0.893555751953125,True,PUT,2026-02-27,UEC
UEC260306C00014000,14.0,5.8,4.0,5.25,5.0,6.0,0.6894562304687502,True,CALL,2026-03-06,UEC
UEC260306C00016000,16.0,3.32,3.05,3.55,2.0,3.0,0.8349625878906248,True,CALL,2026-03-06,UEC
UEC260306C00017500,17.5,2.27,2.3,2.65,6.0,3.0,0.8632826171875,True,CALL,2026-03-06,UEC
UEC260306C00018500,18.5,2.03,1.91,2.19,4.0,14.0,0.8867198828124999,False,CALL,2026-03-06,UEC
UEC260306C00019000,19.0,1.85,1.6,1.97,12.0,20.0,0.8642591699218749,False,CALL,2026-03-06,UEC
UEC260306C00019500,19.5,1.43,1.42,1.78,20.0,6.0,0.867188828125,False,CALL,2026-03-06,UEC
UEC260306C00020000,20.0,1.42,1.3,1.64,49.0,117.0,0.8867198828124999,False,CALL,2026-03-06,UEC
UEC260306C00020500,20.5,2.1,1.12,1.53,1.0,83.0,0.8930674755859375,False,CALL,2026-03-06,UEC
UEC260306C00021000,21.0,1.26,0.87,1.34,4.0,12.0,0.85937640625,False,CALL,2026-03-06,UEC
UEC260306C00022000,22.0,1.82,0.65,1.07,2.0,8.0,0.858399853515625,False,CALL,2026-03-06,UEC
UEC260306C00022500,22.5,1.52,0.64,1.04,5.0,5.0,0.9003916210937499,False,CALL,2026-03-06,UEC
UEC260306C00023500,23.5,0.75,0.43,0.82,21.0,31.0,0.8808605664062499,False,CALL,2026-03-06,UEC
UEC260306P00014500,14.5,0.4,0.2,0.7,1.0,27.0,0.84961087890625,False,PUT,2026-03-06,UEC
UEC260306P00015000,15.0,0.65,0.45,0.78,1.0,11.0,0.87695435546875,False,PUT,2026-03-06,UEC
UEC260306P00016000,16.0,0.5,0.82,1.09,6.0,16.0,0.8906260937499999,False,PUT,2026-03-06,UEC
UEC260306P00018000,18.0,1.25,1.64,1.98,1.0,3.0,0.8789074609374999,False,PUT,2026-03-06,UEC
UEC260306P00018500,18.5,2.17,1.93,2.33,1.0,1.0,0.9003916210937499,True,PUT,2026-03-06,UEC
UEC260306P00019500,19.5,2.25,2.54,2.87,1.0,2.0,0.8906260937499999,True,PUT,2026-03-06,UEC
UEC260306P00020000,20.0,2.19,2.87,3.25,1.0,5.0,0.90429783203125,True,PUT,2026-03-06,UEC
UEC260320C00013000,13.0,5.9,5.55,6.15,5.0,1160.0,0.901368173828125,True,CALL,2026-03-20,UEC
UEC260320C00014000,14.0,4.83,4.75,5.35,1.0,2430.0,0.8867198828124999,True,CALL,2026-03-20,UEC
UEC260320C00015000,15.0,4.28,4.1,4.55,149.0,8190.0,0.8808605664062499,True,CALL,2026-03-20,UEC
UEC260320C00016000,16.0,3.73,3.6,3.9,117.0,1032.0,0.9101571484375,True,CALL,2026-03-20,UEC
UEC260320C00017000,17.0,3.13,2.93,3.3,87.0,1320.0,0.8818371191406249,True,CALL,2026-03-20,UEC
UEC260320C00018000,18.0,2.63,2.61,2.79,188.0,638.0,0.9125985302734375,True,CALL,2026-03-20,UEC
UEC260320C00019000,19.0,2.26,2.22,2.36,202.0,1922.0,0.91992267578125,False,CALL,2026-03-20,UEC
UEC260320C00020000,20.0,1.86,1.85,1.95,300.0,2174.0,0.91211025390625,False,CALL,2026-03-20,UEC
UEC260320C00021000,21.0,1.7,1.54,1.66,38.0,557.0,0.9184578466796876,False,CALL,2026-03-20,UEC
UEC260320C00022000,22.0,1.3,1.25,1.41,70.0,1075.0,0.9179695703125,False,CALL,2026-03-20,UEC
UEC260320C00023000,23.0,1.19,1.07,1.19,43.0,813.0,0.928711650390625,False,CALL,2026-03-20,UEC
UEC260320P00013000,13.0,0.34,0.35,0.45,9.0,565.0,0.9023447265625,False,PUT,2026-03-20,UEC
UEC260320P00014000,14.0,0.71,0.54,0.73,2.0,679.0,0.9082040429687499,False,PUT,2026-03-20,UEC
UEC260320P00015000,15.0,0.9,0.82,0.97,61.0,23120.0,0.8906260937499999,False,PUT,2026-03-20,UEC
UEC260320P00016000,16.0,1.22,1.16,1.34,517.0,1490.0,0.8886729882812499,False,PUT,2026-03-20,UEC
UEC260320P00017000,17.0,1.7,1.58,1.77,9.0,270.0,0.885743330078125,False,PUT,2026-03-20,UEC
UEC260320P00018000,18.0,2.11,2.09,2.27,82.0,1739.0,0.8867198828124999,False,PUT,2026-03-20,UEC
UEC260320P00019000,19.0,2.75,2.66,2.83,24.0,152.0,0.8852550537109375,True,PUT,2026-03-20,UEC
UEC260320P00020000,20.0,2.63,3.25,3.5,3.0,285.0,0.8852550537109375,True,PUT,2026-03-20,UEC
UEC260320P00021000,21.0,3.3,3.95,4.2,3.0,165.0,0.8906260937499999,True,PUT,2026-03-20,UEC
UEC260320P00022000,22.0,5.0,4.65,4.95,3.0,29.0,0.8867198828124999,True,PUT,2026-03-20,UEC
UEC260320P00023000,23.0,4.75,5.45,5.8,13.0,26.0,0.9062509375,True,PUT,2026-03-20,UEC
UEC260515C00013000,13.0,6.2,6.1,6.75,7.0,697.0,0.8789074609374999,True,CALL,2026-05-15,UEC
UEC260515C00014000,14.0,6.53,5.0,6.05,4.0,468.0,0.7939473730468749,True,CALL,2026-05-15,UEC
UEC260515C00015000,15.0,5.0,4.4,5.4,6.0,1419.0,0.7973653076171875,True,CALL,2026-05-15,UEC
UEC260515C00016000,16.0,4.5,4.35,4.8,10.0,717.0,0.870118486328125,True,CALL,2026-05-15,UEC
UEC260515C00017000,17.0,4.05,4.1,4.25,18.0,1624.0,0.8974619628906249,True,CALL,2026-05-15,UEC
UEC260515C00018000,18.0,3.65,3.7,3.8,56.0,550.0,0.903321279296875,True,CALL,2026-05-15,UEC
UEC260515C00019000,19.0,3.25,3.2,3.4,48.0,567.0,0.8906260937499999,False,CALL,2026-05-15,UEC
UEC260515C00020000,20.0,3.0,2.86,3.05,161.0,4702.0,0.8950205810546874,False,CALL,2026-05-15,UEC
UEC260515C00021000,21.0,2.61,2.59,2.7,78.0,575.0,0.8979502392578124,False,CALL,2026-05-15,UEC
UEC260515C00022000,22.0,2.3,2.27,2.43,90.0,1017.0,0.8964854101562498,False,CALL,2026-05-15,UEC
UEC260515P00013000,13.0,0.97,0.59,1.02,2.0,285.0,0.8090839404296875,False,PUT,2026-05-15,UEC
UEC260515P00014000,14.0,1.25,1.18,1.37,19.0,868.0,0.8657239990234374,False,PUT,2026-05-15,UEC
UEC260515P00015000,15.0,1.68,1.54,1.8,2.0,405.0,0.867188828125,False,PUT,2026-05-15,UEC
UEC260515P00016000,16.0,1.83,1.97,2.29,10.0,1097.0,0.8715833154296875,False,PUT,2026-05-15,UEC
UEC260515P00017000,17.0,2.5,2.45,2.69,2.0,248.0,0.8554701953125,False,PUT,2026-05-15,UEC
UEC260515P00018000,18.0,3.28,2.99,3.35,3.0,332.0,0.86914193359375,False,PUT,2026-05-15,UEC
UEC260515P00019000,19.0,3.55,3.55,3.9,15.0,160.0,0.8588881298828125,True,PUT,2026-05-15,UEC
UEC260515P00020000,20.0,3.73,4.2,4.5,1.0,256.0,0.8559584716796875,True,PUT,2026-05-15,UEC
UEC260515P00021000,21.0,4.2,4.85,5.2,13.0,80.0,0.8554701953125,True,PUT,2026-05-15,UEC
UEC260515P00022000,22.0,5.05,5.55,5.9,2.0,6.0,0.852540537109375,True,PUT,2026-05-15,UEC
UEC260821C00013000,13.0,7.19,6.95,7.6,15.0,171.0,0.8676771044921875,True,CALL,2026-08-21,UEC
UEC260821C00014000,14.0,6.6,6.0,7.15,7.0,141.0,0.8344743115234373,True,CALL,2026-08-21,UEC
UEC260821C00015000,15.0,7.7,5.5,6.45,10.0,202.0,0.8188494677734374,True,CALL,2026-08-21,UEC
UEC260821C00016000,16.0,5.75,5.5,5.95,4.0,28.0,0.86914193359375,True,CALL,2026-08-21,UEC
UEC260821C00017000,17.0,5.2,5.25,5.5,10.0,211.0,0.8872081591796874,True,CALL,2026-08-21,UEC
UEC260821C00018000,18.0,5.0,4.65,5.15,29.0,107.0,0.8725598681640624,True,CALL,2026-08-21,UEC
UEC260821C00019000,19.0,4.4,4.35,4.8,3.0,163.0,0.8813488427734374,False,CALL,2026-08-21,UEC
UEC260821C00020000,20.0,4.3,4.0,4.4,65.0,466.0,0.8745129736328124,False,CALL,2026-08-21,UEC
UEC260821C00021000,21.0,3.75,3.7,4.1,10.0,64.0,0.87695435546875,False,CALL,2026-08-21,UEC
UEC260821C00022000,22.0,3.57,3.35,3.8,4.0,85.0,0.870118486328125,False,CALL,2026-08-21,UEC
UEC260821C00023000,23.0,3.97,2.85,3.55,3.0,21.0,0.8500991552734375,False,CALL,2026-08-21,UEC
UEC260821P00013000,13.0,1.78,1.57,1.95,1.0,38.0,0.850587431640625,False,PUT,2026-08-21,UEC
UEC260821P00014000,14.0,2.15,2.05,2.28,14.0,154.0,0.8442398388671875,False,PUT,2026-08-21,UEC
UEC260821P00015000,15.0,2.65,2.48,2.72,29.0,95.0,0.8354508642578123,False,PUT,2026-08-21,UEC
UEC260821P00016000,16.0,3.2,2.97,3.25,8.0,109.0,0.8349625878906248,False,PUT,2026-08-21,UEC
UEC260821P00017000,17.0,3.33,3.45,4.0,1.0,38.0,0.8471694970703124,False,PUT,2026-08-21,UEC
UEC260821P00018000,18.0,4.3,4.05,4.25,1.0,7.0,0.8149432568359375,False,PUT,2026-08-21,UEC
UEC260821P00019000,19.0,4.25,4.4,5.3,1.0,6.0,0.8295915478515624,True,PUT,2026-08-21,UEC
UEC260821P00020000,20.0,5.3,4.95,5.8,1.0,4.0,0.805666005859375,True,PUT,2026-08-21,UEC
UEC270115C00015000,15.0,7.62,7.35,7.7,352.0,9722.0,0.8901378173828124,True,CALL,2027-01-15,UEC
UEC270115C00020000,20.0,5.61,5.35,5.9,421.0,3977.0,0.8720715917968749,False,CALL,2027-01-15,UEC
UEC270115C00022000,22.0,5.08,4.8,5.25,25.0,1435.0,0.8667005517578125,False,CALL,2027-01-15,UEC
UEC270115P00015000,15.0,3.68,3.1,3.95,1.0,369.0,0.7954122021484374,False,PUT,2027-01-15,UEC
UEC270115P00020000,20.0,6.4,6.4,6.9,11.0,205.0,0.7961446166992188,True,PUT,2027-01-15,UEC
UEC270115P00022000,22.0,7.7,7.4,8.4,10.0,109.0,0.7719749365234375,True,PUT,2027-01-15,UEC
UEC280121C00015000,15.0,9.75,9.0,10.0,35.0,1026.0,0.8688977954101562,True,CALL,2028-01-21,UEC
UEC280121C00017000,17.0,8.81,8.3,9.4,13.0,428.0,0.8652357226562499,True,CALL,2028-01-21,UEC
UEC280121C00020000,20.0,7.8,7.55,8.55,23.0,729.0,0.8667005517578125,False,CALL,2028-01-21,UEC
UEC280121C00022000,22.0,7.55,7.5,8.0,9.0,242.0,0.8854991918945312,False,CALL,2028-01-21,UEC
UEC280121P00015000,15.0,5.2,4.8,5.6,2.0,170.0,0.7602563037109377,False,PUT,2028-01-21,UEC
UEC280121P00017000,17.0,6.0,4.8,8.05,15.0,30.0,0.7502466381835937,False,PUT,2028-01-21,UEC
UEC280121P00020000,20.0,8.22,7.15,9.6,10.0,32.0,0.7336452416992187,True,PUT,2028-01-21,UEC
UEC280121P00022000,22.0,9.25,8.25,11.6,10.0,13.0,0.741091456298828,True,PUT,2028-01-21,UEC
UMC260220C00008000,8.0,2.59,2.35,2.75,1.0,250.0,0.8085956640624999,True,CALL,2026-02-20,UMC
UMC260220C00009000,9.0,1.59,1.5,1.75,7.0,691.0,0.6562534375000001,True,CALL,2026-02-20,UMC
UMC260220C00010000,10.0,0.81,0.8,0.95,6.0,1407.0,0.5976602734375001,True,CALL,2026-02-20,UMC
UMC260220C00011000,11.0,0.4,0.35,0.45,341.0,1316.0,0.585941640625,False,CALL,2026-02-20,UMC
UMC260220C00012000,12.0,0.2,0.15,0.2,460.0,11253.0,0.6093789062500001,False,CALL,2026-02-20,UMC
UMC260220C00013000,13.0,0.12,0.1,0.15,486.0,2426.0,0.7304714453125,False,CALL,2026-02-20,UMC
UMC260220P00008000,8.0,0.03,0.05,0.1,2.0,306.0,0.79687703125,False,PUT,2026-02-20,UMC
UMC260220P00009000,9.0,0.12,0.1,0.15,136.0,206.0,0.6074258007812501,False,PUT,2026-02-20,UMC
UMC260220P00010000,10.0,0.36,0.3,0.45,117.0,182.0,0.5664105859375,False,PUT,2026-02-20,UMC
UMC260220P00011000,11.0,0.93,0.85,1.0,67.0,3077.0,0.5820354296875,True,PUT,2026-02-20,UMC
UMC260220P00012000,12.0,1.68,1.65,1.75,40.0,306.0,0.6035195898437502,True,PUT,2026-02-20,UMC
UMC260220P00013000,13.0,2.75,2.55,2.7,16.0,97.0,0.6757844921875001,True,PUT,2026-02-20,UMC
UMC260320C00008000,8.0,3.5,2.3,2.85,1.0,6.0,0.585941640625,True,CALL,2026-03-20,UMC
UMC260320C00009000,9.0,1.82,1.65,1.95,6.0,162.0,0.6054726953125001,True,CALL,2026-03-20,UMC
UMC260320C00010000,10.0,1.05,1.0,1.2,91.0,588.0,0.5546919531250001,True,CALL,2026-03-20,UMC
UMC260320C00011000,11.0,0.7,0.6,0.75,54.0,254.0,0.5732464550781251,False,CALL,2026-03-20,UMC
UMC260320C00012000,12.0,0.42,0.35,0.5,15.0,840.0,0.6054726953125001,False,CALL,2026-03-20,UMC
UMC260320C00013000,13.0,0.35,0.2,0.35,11.0,708.0,0.63867548828125,False,CALL,2026-03-20,UMC
UMC260320P00008000,8.0,0.15,0.05,0.5,,5.0,0.8027363476562499,False,PUT,2026-03-20,UMC
UMC260320P00009000,9.0,0.2,0.25,0.35,3.0,58.0,0.5800823242187501,False,PUT,2026-03-20,UMC
UMC260320P00010000,10.0,0.64,0.55,0.75,11.0,301.0,0.56836369140625,False,PUT,2026-03-20,UMC
UMC260320P00011000,11.0,1.2,1.1,1.3,19.0,190.0,0.570316796875,True,PUT,2026-03-20,UMC
UMC260320P00012000,12.0,1.9,1.85,2.0,4.0,388.0,0.5839885351562499,True,PUT,2026-03-20,UMC
UMC260320P00013000,13.0,2.64,2.6,2.95,5.0,385.0,0.6113320117187502,True,PUT,2026-03-20,UMC
UMC260417C00008000,8.0,3.85,2.2,3.4,25.0,240.0,0.6914093359375001,True,CALL,2026-04-17,UMC
UMC260417C00009000,9.0,2.0,1.8,2.1,1.0,381.0,0.58789474609375,True,CALL,2026-04-17,UMC
UMC260417C00010000,10.0,1.29,1.2,1.6,5.0,326.0,0.6074258007812501,True,CALL,2026-04-17,UMC
UMC260417C00011000,11.0,1.0,0.8,0.95,29.0,622.0,0.5634809277343751,False,CALL,2026-04-17,UMC
UMC260417C00012000,12.0,0.55,0.5,0.7,31.0,2193.0,0.584965087890625,False,CALL,2026-04-17,UMC
UMC260417C00013000,13.0,0.4,0.3,0.45,51.0,366.0,0.5800823242187501,False,CALL,2026-04-17,UMC
UMC260417P00008000,8.0,0.35,0.15,0.35,2.0,138.0,0.6210975390625001,False,PUT,2026-04-17,UMC
UMC260417P00009000,9.0,0.4,0.4,0.55,3.0,76.0,0.5839885351562499,False,PUT,2026-04-17,UMC
UMC260417P00010000,10.0,0.8,0.75,0.9,418.0,59.0,0.5507857421875001,False,PUT,2026-04-17,UMC
UMC260417P00011000,11.0,1.0,1.25,1.45,5.0,13.0,0.5351608984375,True,PUT,2026-04-17,UMC
UMC260717C00008000,8.0,3.41,2.3,4.9,14.0,36.0,0.870118486328125,True,CALL,2026-07-17,UMC
UMC260717C00009000,9.0,2.17,2.0,2.3,137.0,1269.0,0.5507857421875001,True,CALL,2026-07-17,UMC
UMC260717C00010000,10.0,1.7,1.4,1.9,12.0,81.0,0.50586431640625,True,CALL,2026-07-17,UMC
UMC260717C00011000,11.0,1.23,1.0,1.25,21.0,548.0,0.51562984375,False,CALL,2026-07-17,UMC
UMC260717C00012000,12.0,1.3,0.65,1.2,11.0,169.0,0.51758294921875,False,CALL,2026-07-17,UMC
UMC260717C00013000,13.0,0.75,0.25,1.1,29.0,162.0,0.51758294921875,False,CALL,2026-07-17,UMC
UMC260717P00008000,8.0,0.4,0.05,0.7,1.0,105.0,0.6660189648437502,False,PUT,2026-07-17,UMC
UMC260717P00009000,9.0,0.89,0.65,1.2,2.0,3.0,0.5898478515625001,False,PUT,2026-07-17,UMC
UMC260717P00010000,10.0,1.4,1.2,1.85,243.0,9.0,0.632816171875,False,PUT,2026-07-17,UMC
UMC260717P00011000,11.0,1.75,1.0,2.3,,6.0,0.6992217578125001,True,PUT,2026-07-17,UMC
UMC270115C00010000,10.0,2.05,1.9,2.25,350.0,6247.0,0.5053760400390624,True,CALL,2027-01-15,UMC
UMC270115C00012000,12.0,1.35,1.2,1.55,162.0,3381.0,0.5131884619140624,False,CALL,2027-01-15,UMC
UMC270115P00010000,10.0,1.95,1.8,2.0,200.0,2616.0,0.5366257275390626,False,PUT,2027-01-15,UMC
UMC270115P00012000,12.0,5.17,0.0,0.0,1.0,2.0,1.0000000000000003e-05,True,PUT,2027-01-15,UMC
UNH260130C00220000,220.0,61.97,70.45,77.1,2.0,3.0,3.123049067382812,True,CALL,2026-01-30,UNH
UNH260130C00230000,230.0,59.25,59.8,67.15,1.0,3.0,2.767092926025391,True,CALL,2026-01-30,UNH
UNH260130C00240000,240.0,54.0,49.8,55.0,4.0,13.0,1.734376328125,True,CALL,2026-01-30,UNH
UNH260130C00250000,250.0,43.47,39.85,44.5,2.0,16.0,1.2021524267578125,True,CALL,2026-01-30,UNH
UNH260130C00260000,260.0,34.0,29.7,34.8,2.0,67.0,1.094242810058594,True,CALL,2026-01-30,UNH
UNH260130C00265000,265.0,28.92,28.5,29.4,2.0,22.0,0.7773459765625,True,CALL,2026-01-30,UNH
UNH260130C00270000,270.0,22.54,22.45,24.65,12.0,291.0,0.77148666015625,True,CALL,2026-01-30,UNH
UNH260130C00275000,275.0,18.82,18.3,19.3,30.0,755.0,0.485356708984375,True,CALL,2026-01-30,UNH
UNH260130C00280000,280.0,13.94,13.75,14.35,193.0,1867.0,0.401373173828125,True,CALL,2026-01-30,UNH
UNH260130C00285000,285.0,9.29,8.85,9.85,500.0,4405.0,0.4096738720703125,True,CALL,2026-01-30,UNH
UNH260130C00290000,290.0,5.1,4.95,5.1,1776.0,3467.0,0.2858958129882812,True,CALL,2026-01-30,UNH
UNH260130C00295000,295.0,2.1,2.01,2.2,4289.0,2865.0,0.29761444580078117,False,CALL,2026-01-30,UNH
UNH260130C00300000,300.0,0.66,0.6,0.66,9397.0,8001.0,0.295905478515625,False,CALL,2026-01-30,UNH
UNH260130C00305000,305.0,0.21,0.18,0.22,2824.0,1825.0,0.32813171874999997,False,CALL,2026-01-30,UNH
UNH260130C00310000,310.0,0.12,0.09,0.15,1744.0,2488.0,0.4062559375,False,CALL,2026-01-30,UNH
UNH260130C00312500,312.5,0.06,0.08,0.1,236.0,481.0,0.424810439453125,False,CALL,2026-01-30,UNH
UNH260130C00315000,315.0,0.07,0.05,0.1,688.0,1461.0,0.47070841796875,False,CALL,2026-01-30,UNH
UNH260130C00317500,317.5,0.05,0.04,0.15,21.0,435.0,0.5117236328125,False,CALL,2026-01-30,UNH
UNH260130C00320000,320.0,0.06,0.04,0.07,968.0,3289.0,0.5136767382812499,False,CALL,2026-01-30,UNH
UNH260130C00322500,322.5,0.03,0.03,0.05,66.0,433.0,0.5312546875,False,CALL,2026-01-30,UNH
UNH260130C00325000,325.0,0.04,0.02,0.04,82.0,1040.0,0.5507857421875001,False,CALL,2026-01-30,UNH
UNH260130C00327500,327.5,0.13,0.01,0.1,63.0,224.0,0.632816171875,False,CALL,2026-01-30,UNH
UNH260130C00330000,330.0,0.03,0.02,0.06,282.0,2454.0,0.6445348046875,False,CALL,2026-01-30,UNH
UNH260130C00332500,332.5,0.02,0.01,0.04,36.0,363.0,0.648441015625,False,CALL,2026-01-30,UNH
UNH260130C00335000,335.0,0.02,0.01,0.06,181.0,1139.0,0.7070341796875,False,CALL,2026-01-30,UNH
UNH260130C00337500,337.5,0.03,0.01,0.06,4.0,363.0,0.7421900781249999,False,CALL,2026-01-30,UNH
UNH260130C00340000,340.0,0.02,0.01,0.04,87.0,2621.0,0.7500025,False,CALL,2026-01-30,UNH
UNH260130C00342500,342.5,0.01,0.01,0.03,12.0,271.0,0.7656273437500001,False,CALL,2026-01-30,UNH
UNH260130C00345000,345.0,0.02,0.01,0.03,85.0,2887.0,0.79687703125,False,CALL,2026-01-30,UNH
UNH260130C00347500,347.5,0.01,0.01,0.04,3.0,516.0,0.851563984375,False,CALL,2026-01-30,UNH
UNH260130C00350000,350.0,0.01,0.01,0.02,173.0,2629.0,0.8359391406249999,False,CALL,2026-01-30,UNH
UNH260130C00352500,352.5,0.01,0.01,0.03,56.0,1255.0,0.8906260937499999,False,CALL,2026-01-30,UNH
UNH260130C00355000,355.0,0.02,0.01,0.02,40.0,2967.0,0.8984385156249999,False,CALL,2026-01-30,UNH
UNH260130C00357500,357.5,0.01,0.01,0.02,54.0,803.0,0.929688203125,False,CALL,2026-01-30,UNH
UNH260130C00360000,360.0,0.01,0.01,0.02,81.0,2896.0,0.9531254687499999,False,CALL,2026-01-30,UNH
UNH260130C00362500,362.5,0.01,0.01,0.03,9.0,361.0,1.015629921875,False,CALL,2026-01-30,UNH
UNH260130C00365000,365.0,0.01,0.01,0.02,228.0,3391.0,1.015629921875,False,CALL,2026-01-30,UNH
UNH260130C00367500,367.5,0.01,0.0,0.01,70.0,1115.0,0.937500625,False,CALL,2026-01-30,UNH
UNH260130C00370000,370.0,0.01,0.0,0.01,91.0,5648.0,0.9687503125,False,CALL,2026-01-30,UNH
UNH260130C00372500,372.5,0.01,0.0,0.02,118.0,705.0,1.0625046875000002,False,CALL,2026-01-30,UNH
UNH260130C00375000,375.0,0.01,0.0,0.01,151.0,3727.0,1.0312548437500002,False,CALL,2026-01-30,UNH
UNH260130C00377500,377.5,0.01,0.0,0.01,1.0,189.0,1.0625046875000002,False,CALL,2026-01-30,UNH
UNH260130C00380000,380.0,0.01,0.0,0.01,44.0,3198.0,1.09375453125,False,CALL,2026-01-30,UNH
UNH260130P00210000,210.0,0.04,0.0,0.01,17.0,154.0,1.4375028125,False,PUT,2026-01-30,UNH
UNH260130P00215000,215.0,0.01,0.0,0.02,1.0,107.0,1.40625296875,False,PUT,2026-01-30,UNH
UNH260130P00220000,220.0,0.01,0.0,0.04,1.0,559.0,1.40625296875,False,PUT,2026-01-30,UNH
UNH260130P00225000,225.0,0.02,0.0,0.03,12.0,362.0,1.2656286718749998,False,PUT,2026-01-30,UNH
UNH260130P00230000,230.0,0.01,0.0,0.01,4.0,815.0,1.0625046875000002,False,PUT,2026-01-30,UNH
UNH260130P00235000,235.0,0.01,0.0,0.02,28.0,577.0,1.0312548437500002,False,PUT,2026-01-30,UNH
UNH260130P00240000,240.0,0.01,0.0,0.01,242.0,1489.0,0.8906260937499999,False,PUT,2026-01-30,UNH
UNH260130P00245000,245.0,0.01,0.01,0.02,98.0,1793.0,0.8906260937499999,False,PUT,2026-01-30,UNH
UNH260130P00250000,250.0,0.02,0.02,0.03,1230.0,3247.0,0.8437515624999999,False,PUT,2026-01-30,UNH
UNH260130P00255000,255.0,0.01,0.01,0.03,616.0,1975.0,0.73437765625,False,PUT,2026-01-30,UNH
UNH260130P00260000,260.0,0.03,0.02,0.03,1270.0,3780.0,0.6601596484375001,False,PUT,2026-01-30,UNH
UNH260130P00265000,265.0,0.04,0.03,0.04,1238.0,3038.0,0.5937540625000001,False,PUT,2026-01-30,UNH
UNH260130P00270000,270.0,0.04,0.03,0.04,1980.0,3850.0,0.507817421875,False,PUT,2026-01-30,UNH
UNH260130P00275000,275.0,0.07,0.06,0.07,1973.0,3297.0,0.445318046875,False,PUT,2026-01-30,UNH
UNH260130P00280000,280.0,0.11,0.1,0.11,5794.0,4649.0,0.36914693359375,False,PUT,2026-01-30,UNH
UNH260130P00285000,285.0,0.28,0.26,0.32,7130.0,4015.0,0.32910827148437494,False,PUT,2026-01-30,UNH
UNH260130P00290000,290.0,0.98,0.98,1.05,5528.0,3305.0,0.304694453125,False,PUT,2026-01-30,UNH
UNH260130P00295000,295.0,3.0,2.96,3.25,585.0,976.0,0.3242255078124999,True,PUT,2026-01-30,UNH
UNH260130P00297500,297.5,5.19,4.4,4.9,209.0,707.0,0.33740896972656254,True,PUT,2026-01-30,UNH
UNH260130P00300000,300.0,7.0,6.35,6.95,453.0,3488.0,0.36963520996093746,True,PUT,2026-01-30,UNH
UNH260130P00302500,302.5,12.0,8.2,12.4,12.0,80.0,0.5783733569335938,True,PUT,2026-01-30,UNH
UNH260130P00305000,305.0,12.11,11.0,11.8,65.0,574.0,0.5024463818359376,True,PUT,2026-01-30,UNH
UNH260130P00307500,307.5,14.75,13.25,14.4,22.0,127.0,0.5927775097656252,True,PUT,2026-01-30,UNH
UNH260130P00310000,310.0,17.0,15.8,16.6,136.0,1084.0,0.5991251025390626,True,PUT,2026-01-30,UNH
UNH260130P00312500,312.5,20.28,18.05,19.2,32.0,191.0,0.52539537109375,True,PUT,2026-01-30,UNH
UNH260130P00315000,315.0,21.45,20.75,21.55,145.0,1585.0,0.58789474609375,True,PUT,2026-01-30,UNH
UNH260130P00317500,317.5,23.5,23.0,24.15,26.0,334.0,0.6084023535156251,True,PUT,2026-01-30,UNH
UNH260130P00320000,320.0,26.0,25.85,26.25,189.0,6019.0,0.6455113574218749,True,PUT,2026-01-30,UNH
UNH260130P00322500,322.5,31.46,28.1,31.2,28.0,257.0,1.0361376318359379,True,PUT,2026-01-30,UNH
UNH260130P00325000,325.0,31.45,30.75,32.75,108.0,1145.0,0.9960937890625,True,PUT,2026-01-30,UNH
UNH260130P00327500,327.5,36.73,33.15,36.75,17.0,329.0,1.2243691125488283,True,PUT,2026-01-30,UNH
UNH260130P00330000,330.0,36.35,35.7,36.45,224.0,1573.0,0.8457046679687499,True,PUT,2026-01-30,UNH
UNH260130P00332500,332.5,40.24,38.0,40.05,1.0,105.0,1.0883834643554686,True,PUT,2026-01-30,UNH
UNH260130P00335000,335.0,43.8,40.65,45.9,15.0,582.0,1.5786153881835934,True,PUT,2026-01-30,UNH
UNH260130P00337500,337.5,46.81,42.8,44.1,7.0,127.0,0.8808605664062499,True,PUT,2026-01-30,UNH
UNH260130P00340000,340.0,46.65,45.6,49.55,16.0,1586.0,1.5419944775390624,True,PUT,2026-01-30,UNH
UNH260130P00342500,342.5,49.56,47.85,52.7,11.0,47.0,1.64453302734375,True,PUT,2026-01-30,UNH
UNH260130P00345000,345.0,53.15,49.95,51.8,13.0,158.0,0.8906260937499999,True,PUT,2026-01-30,UNH
UNH260130P00347500,347.5,56.4,52.6,54.9,1.0,11.0,1.2548865380859375,True,PUT,2026-01-30,UNH
UNH260130P00350000,350.0,57.85,55.25,57.45,41.0,106.0,1.3486360693359374,True,PUT,2026-01-30,UNH
UNH260130P00352500,352.5,59.3,57.6,59.95,1756.0,56.0,1.3535188574218748,True,PUT,2026-01-30,UNH
UNH260130P00355000,355.0,61.05,58.6,63.55,1.0,4.0,1.2675817871093749,True,PUT,2026-01-30,UNH
UNH260130P00357500,357.5,60.4,60.8,67.75,155.0,17.0,1.6601579492187502,True,PUT,2026-01-30,UNH
UNH260130P00360000,360.0,67.95,64.3,69.95,1.0,21.0,1.8261727441406248,True,PUT,2026-01-30,UNH
UNH260130P00362500,362.5,70.26,65.8,72.75,1.0,1.0,1.7504895288085938,True,PUT,2026-01-30,UNH
UNH260130P00365000,365.0,67.0,67.95,75.25,9.0,1.0,1.7236341943359377,True,PUT,2026-01-30,UNH
UNH260130P00367500,367.5,69.35,70.6,77.75,6.0,1.0,1.7978525732421873,True,PUT,2026-01-30,UNH
UNH260130P00370000,370.0,71.75,74.25,80.9,5.0,1.0,2.150395249023437,True,PUT,2026-01-30,UNH
UNH260130P00375000,375.0,78.2,79.3,85.9,6.0,0.0,2.2500043749999996,True,PUT,2026-01-30,UNH
UNH260130P00377500,377.5,85.4,80.0,87.9,1.0,1.0,1.857422587890625,True,PUT,2026-01-30,UNH
UNH260130P00380000,380.0,95.15,83.6,90.3,135.0,0.0,2.1201218872070307,True,PUT,2026-01-30,UNH
UNH260206C00250000,250.0,42.14,40.15,44.95,2.0,12.0,0.6738313867187502,True,CALL,2026-02-06,UNH
UNH260206C00270000,270.0,24.4,24.1,25.25,37.0,129.0,0.4480035668945312,True,CALL,2026-02-06,UNH
UNH260206C00280000,280.0,15.48,15.1,15.7,71.0,481.0,0.3443669079589844,True,CALL,2026-02-06,UNH
UNH260206C00285000,285.0,11.49,11.15,11.55,147.0,2622.0,0.3225165405273437,True,CALL,2026-02-06,UNH
UNH260206C00290000,290.0,7.98,7.75,8.2,536.0,2753.0,0.3210517114257812,True,CALL,2026-02-06,UNH
UNH260206C00295000,295.0,5.29,5.05,5.45,1885.0,1685.0,0.31702343139648437,False,CALL,2026-02-06,UNH
UNH260206C00300000,300.0,3.38,3.25,3.5,1657.0,3439.0,0.32044136596679684,False,CALL,2026-02-06,UNH
UNH260206C00305000,305.0,2.0,1.98,2.15,511.0,452.0,0.32459171508789053,False,CALL,2026-02-06,UNH
UNH260206C00310000,310.0,1.29,1.18,1.25,829.0,945.0,0.3276434423828125,False,CALL,2026-02-06,UNH
UNH260206C00315000,315.0,0.81,0.69,0.85,119.0,740.0,0.3493717407226562,False,CALL,2026-02-06,UNH
UNH260206C00320000,320.0,0.53,0.49,0.55,440.0,2077.0,0.36426416992187505,False,CALL,2026-02-06,UNH
UNH260206C00322500,322.5,0.35,0.35,0.48,71.0,165.0,0.3781800463867187,False,CALL,2026-02-06,UNH
UNH260206C00325000,325.0,0.34,0.31,0.37,95.0,310.0,0.3813538427734374,False,CALL,2026-02-06,UNH
UNH260206C00327500,327.5,0.31,0.28,0.34,9.0,78.0,0.3979552392578125,False,CALL,2026-02-06,UNH
UNH260206C00330000,330.0,0.25,0.24,0.28,85.0,547.0,0.405279384765625,False,CALL,2026-02-06,UNH
UNH260206C00332500,332.5,0.2,0.18,0.26,24.0,118.0,0.42139250488281255,False,CALL,2026-02-06,UNH
UNH260206C00335000,335.0,0.17,0.17,0.2,71.0,349.0,0.4233456103515625,False,CALL,2026-02-06,UNH
UNH260206C00337500,337.5,0.04,0.04,0.25,1.0,132.0,0.459966337890625,False,CALL,2026-02-06,UNH
UNH260206C00340000,340.0,0.14,0.13,0.2,101.0,456.0,0.46289599609375004,False,CALL,2026-02-06,UNH
UNH260206C00342500,342.5,0.13,0.08,0.14,2.0,108.0,0.45703667968750006,False,CALL,2026-02-06,UNH
UNH260206C00345000,345.0,0.11,0.1,0.15,9.0,367.0,0.4804739453125,False,CALL,2026-02-06,UNH
UNH260206C00347500,347.5,0.29,0.02,0.25,3.0,178.0,0.5390671093750001,False,CALL,2026-02-06,UNH
UNH260206C00350000,350.0,0.08,0.07,0.1,128.0,1361.0,0.48828636718750007,False,CALL,2026-02-06,UNH
UNH260206C00352500,352.5,0.11,0.02,0.24,22.0,144.0,0.523442265625,False,CALL,2026-02-06,UNH
UNH260206C00355000,355.0,0.11,0.07,0.11,28.0,1771.0,0.51562984375,False,CALL,2026-02-06,UNH
UNH260206C00357500,357.5,0.09,0.0,0.58,25.0,65.0,0.6284216845703126,False,CALL,2026-02-06,UNH
UNH260206C00360000,360.0,0.06,0.0,0.19,33.0,914.0,0.55273884765625,False,CALL,2026-02-06,UNH
UNH260206C00362500,362.5,0.05,0.02,0.11,1.0,191.0,0.5429733203125001,False,CALL,2026-02-06,UNH
UNH260206C00365000,365.0,0.07,0.03,0.08,99.0,1638.0,0.5468795312500001,False,CALL,2026-02-06,UNH
UNH260206C00367500,367.5,0.06,0.02,0.07,2.0,157.0,0.5507857421875001,False,CALL,2026-02-06,UNH
UNH260206C00370000,370.0,0.15,0.04,0.15,26.0,1236.0,0.6162147753906251,False,CALL,2026-02-06,UNH
UNH260206C00372500,372.5,0.06,0.0,0.07,1.0,181.0,0.5644574804687501,False,CALL,2026-02-06,UNH
UNH260206C00375000,375.0,0.03,0.0,0.06,12.0,1155.0,0.570316796875,False,CALL,2026-02-06,UNH
UNH260206C00377500,377.5,0.08,0.0,0.55,20.0,113.0,0.764650791015625,False,CALL,2026-02-06,UNH
UNH260206C00380000,380.0,0.04,0.02,0.06,13.0,1157.0,0.6132851171875001,False,CALL,2026-02-06,UNH
UNH260206P00225000,225.0,0.02,0.0,0.13,3.0,69.0,0.6953155468750001,False,PUT,2026-02-06,UNH
UNH260206P00230000,230.0,0.05,0.0,0.1,2.0,198.0,0.6250037500000001,False,PUT,2026-02-06,UNH
UNH260206P00235000,235.0,0.05,0.0,0.07,11.0,391.0,0.5546919531250001,False,PUT,2026-02-06,UNH
UNH260206P00240000,240.0,0.03,0.03,0.07,2096.0,1463.0,0.5273484765625001,False,PUT,2026-02-06,UNH
UNH260206P00245000,245.0,0.1,0.01,0.13,22.0,215.0,0.500005,False,PUT,2026-02-06,UNH
UNH260206P00250000,250.0,0.09,0.05,0.06,324.0,1184.0,0.4414118359375,False,PUT,2026-02-06,UNH
UNH260206P00255000,255.0,0.07,0.04,0.13,72.0,240.0,0.43848217773437503,False,PUT,2026-02-06,UNH
UNH260206P00260000,260.0,0.12,0.11,0.13,161.0,774.0,0.38672488281249995,False,PUT,2026-02-06,UNH
UNH260206P00265000,265.0,0.2,0.16,0.2,100.0,701.0,0.36035795898437495,False,PUT,2026-02-06,UNH
UNH260206P00270000,270.0,0.35,0.35,0.36,1216.0,2173.0,0.34326828613281246,False,PUT,2026-02-06,UNH
UNH260206P00275000,275.0,0.63,0.63,0.69,652.0,1784.0,0.3327703442382813,False,PUT,2026-02-06,UNH
UNH260206P00280000,280.0,1.2,1.12,1.24,1269.0,3174.0,0.31995308959960933,False,PUT,2026-02-06,UNH
UNH260206P00285000,285.0,2.24,2.05,2.22,642.0,1026.0,0.31238480590820306,False,PUT,2026-02-06,UNH
UNH260206P00287500,287.5,3.09,2.75,3.1,172.0,316.0,0.32068550415039054,False,PUT,2026-02-06,UNH
UNH260206P00290000,290.0,3.7,3.6,3.85,1205.0,932.0,0.31140825317382803,False,PUT,2026-02-06,UNH
UNH260206P00292500,292.5,4.75,4.6,4.85,91.0,267.0,0.30750204223632804,False,PUT,2026-02-06,UNH
UNH260206P00295000,295.0,6.11,5.8,6.25,85.0,455.0,0.31604687866210934,True,PUT,2026-02-06,UNH
UNH260206P00297500,297.5,7.5,7.3,7.85,66.0,63.0,0.3263006823730469,True,PUT,2026-02-06,UNH
UNH260206P00300000,300.0,9.1,9.0,9.5,162.0,962.0,0.3309393078613281,True,PUT,2026-02-06,UNH
UNH260206P00302500,302.5,12.0,10.7,14.0,9.0,14.0,0.495122236328125,True,PUT,2026-02-06,UNH
UNH260206P00305000,305.0,15.45,12.3,13.55,49.0,306.0,0.36340968627929693,True,PUT,2026-02-06,UNH
UNH260206P00307500,307.5,16.13,14.55,16.1,4.0,80.0,0.4071104211425781,True,PUT,2026-02-06,UNH
UNH260206P00310000,310.0,19.8,16.55,17.55,55.0,568.0,0.3679262426757813,True,PUT,2026-02-06,UNH
UNH260206P00312500,312.5,22.87,18.9,20.3,12.0,32.0,0.42249112670898437,True,PUT,2026-02-06,UNH
UNH260206P00315000,315.0,24.67,21.0,22.45,14.0,993.0,0.4265194067382813,True,PUT,2026-02-06,UNH
UNH260206P00317500,317.5,26.9,23.3,27.6,50.0,61.0,0.5018360363769532,True,PUT,2026-02-06,UNH
UNH260206P00320000,320.0,26.35,25.95,26.7,77.0,472.0,0.4094297338867187,True,PUT,2026-02-06,UNH
UNH260206P00322500,322.5,30.68,28.1,32.05,37.0,39.0,0.5312546875,True,PUT,2026-02-06,UNH
UNH260206P00325000,325.0,33.06,30.55,32.05,99.0,415.0,0.50586431640625,True,PUT,2026-02-06,UNH
UNH260206P00327500,327.5,35.88,33.3,37.45,56.0,302.0,0.6192665026855471,True,PUT,2026-02-06,UNH
UNH260206P00330000,330.0,38.65,35.75,36.45,26.0,966.0,0.47681187255859375,True,PUT,2026-02-06,UNH
UNH260206P00332500,332.5,41.2,38.25,42.8,2.0,32.0,0.6916534741210938,True,PUT,2026-02-06,UNH
UNH260206P00335000,335.0,42.99,40.8,45.2,4.0,382.0,0.7175321215820312,True,PUT,2026-02-06,UNH
UNH260206P00337500,337.5,45.13,42.7,47.75,8.0,25.0,0.71679970703125,True,PUT,2026-02-06,UNH
UNH260206P00340000,340.0,48.56,45.75,49.95,13.0,528.0,0.756960438232422,True,PUT,2026-02-06,UNH
UNH260206P00342500,342.5,49.27,48.15,52.65,3.0,13.0,0.7888204711914062,True,PUT,2026-02-06,UNH
UNH260206P00345000,345.0,53.37,50.5,55.2,1.0,1056.0,0.8095722167968749,True,PUT,2026-02-06,UNH
UNH260206P00347500,347.5,56.4,53.0,57.8,1.0,13.0,0.840821904296875,True,PUT,2026-02-06,UNH
UNH260206P00350000,350.0,57.98,55.3,60.2,5.0,500.0,0.8488784643554688,True,PUT,2026-02-06,UNH
UNH260206P00352500,352.5,56.25,57.1,62.8,253.0,8.0,0.8366715551757811,True,PUT,2026-02-06,UNH
UNH260206P00355000,355.0,58.8,59.7,65.3,703.0,8.0,0.8669446899414062,True,PUT,2026-02-06,UNH
UNH260206P00357500,357.5,64.28,61.8,67.8,1.0,0.0,0.8635267553710937,True,PUT,2026-02-06,UNH
UNH260206P00360000,360.0,65.6,64.9,70.3,200.0,0.0,0.9267585449218749,True,PUT,2026-02-06,UNH
UNH260206P00362500,362.5,80.67,66.75,72.8,41.0,0.0,0.905274384765625,True,PUT,2026-02-06,UNH
UNH260206P00365000,365.0,82.55,68.8,75.3,93.0,0.0,0.8930674755859375,True,PUT,2026-02-06,UNH
UNH260206P00370000,370.0,88.18,74.4,80.3,141.0,0.0,0.9819337744140625,True,PUT,2026-02-06,UNH
UNH260206P00372500,372.5,89.55,76.0,82.8,5.0,0.0,0.9304206176757812,True,PUT,2026-02-06,UNH
UNH260206P00375000,375.0,40.0,78.8,85.3,1.0,0.0,0.9768068725585939,True,PUT,2026-02-06,UNH
UNH260206P00377500,377.5,26.95,81.0,87.8,,0.0,0.9707034179687499,True,PUT,2026-02-06,UNH
UNH260206P00380000,380.0,97.62,83.8,90.3,20.0,0.0,1.0170947583007814,True,PUT,2026-02-06,UNH
UNH260213C00255000,255.0,83.54,35.55,40.15,1.0,1.0,0.4809622216796875,True,CALL,2026-02-13,UNH
UNH260213C00270000,270.0,24.02,22.0,26.05,3.0,144.0,0.39942006835937505,True,CALL,2026-02-13,UNH
UNH260213C00280000,280.0,14.9,16.1,16.95,11.0,313.0,0.33045103149414057,True,CALL,2026-02-13,UNH
UNH260213C00290000,290.0,9.8,9.95,10.35,263.0,345.0,0.3315496533203125,True,CALL,2026-02-13,UNH
UNH260213C00300000,300.0,5.39,5.3,5.5,192.0,721.0,0.32556826782226556,False,CALL,2026-02-13,UNH
UNH260213C00305000,305.0,3.5,3.65,4.1,115.0,402.0,0.336920693359375,False,CALL,2026-02-13,UNH
UNH260213C00310000,310.0,2.55,2.46,2.65,111.0,275.0,0.32746033874511715,False,CALL,2026-02-13,UNH
UNH260213C00315000,315.0,1.75,1.62,1.84,59.0,453.0,0.33338068969726564,False,CALL,2026-02-13,UNH
UNH260213C00320000,320.0,1.19,1.15,1.24,97.0,1201.0,0.3375310388183594,False,CALL,2026-02-13,UNH
UNH260213C00325000,325.0,0.73,0.67,0.86,45.0,246.0,0.34534346069335936,False,CALL,2026-02-13,UNH
UNH260213C00330000,330.0,0.59,0.57,0.65,73.0,391.0,0.35986968261718744,False,CALL,2026-02-13,UNH
UNH260213C00335000,335.0,0.3,0.35,0.49,10.0,114.0,0.37305314453125,False,CALL,2026-02-13,UNH
UNH260213C00340000,340.0,0.32,0.33,0.4,66.0,227.0,0.39111937011718745,False,CALL,2026-02-13,UNH
UNH260213C00345000,345.0,0.25,0.26,0.31,16.0,184.0,0.40381455566406255,False,CALL,2026-02-13,UNH
UNH260213C00350000,350.0,0.22,0.2,0.29,33.0,258.0,0.428716650390625,False,CALL,2026-02-13,UNH
UNH260213C00355000,355.0,0.18,0.12,0.25,2.0,154.0,0.4467828759765625,False,CALL,2026-02-13,UNH
UNH260213C00360000,360.0,0.15,0.02,0.19,9.0,361.0,0.45508357421875,False,CALL,2026-02-13,UNH
UNH260213C00365000,365.0,0.1,0.05,0.17,8.0,80.0,0.47363807617187503,False,CALL,2026-02-13,UNH
UNH260213C00370000,370.0,0.1,0.02,0.14,28.0,652.0,0.485356708984375,False,CALL,2026-02-13,UNH
UNH260213C00375000,375.0,0.1,0.0,0.19,2.0,85.0,0.5312546875,False,CALL,2026-02-13,UNH
UNH260213C00380000,380.0,0.07,0.01,0.33,6.0,173.0,0.5473678076171876,False,CALL,2026-02-13,UNH
UNH260213P00240000,240.0,0.09,0.0,0.06,1.0,52.0,0.40430283203125,False,PUT,2026-02-13,UNH
UNH260213P00245000,245.0,0.08,0.03,0.1,37.0,82.0,0.39258419921875,False,PUT,2026-02-13,UNH
UNH260213P00250000,250.0,0.15,0.05,0.13,33.0,190.0,0.3676821044921875,False,PUT,2026-02-13,UNH
UNH260213P00255000,255.0,0.26,0.18,0.22,27.0,155.0,0.35742830078125,False,PUT,2026-02-13,UNH
UNH260213P00260000,260.0,0.35,0.3,0.35,133.0,227.0,0.3437565625,False,PUT,2026-02-13,UNH
UNH260213P00265000,265.0,0.65,0.51,0.59,55.0,177.0,0.33521172607421873,False,PUT,2026-02-13,UNH
UNH260213P00270000,270.0,0.92,0.8,0.98,178.0,505.0,0.3278875805664062,False,PUT,2026-02-13,UNH
UNH260213P00275000,275.0,1.6,1.3,1.51,56.0,517.0,0.31592480957031244,False,PUT,2026-02-13,UNH
UNH260213P00280000,280.0,2.28,2.2,2.39,173.0,1483.0,0.3096992858886719,False,PUT,2026-02-13,UNH
UNH260213P00285000,285.0,4.25,3.45,3.65,83.0,347.0,0.3037789349365234,False,PUT,2026-02-13,UNH
UNH260213P00290000,290.0,6.8,5.25,5.55,112.0,260.0,0.30560997131347656,False,PUT,2026-02-13,UNH
UNH260213P00295000,295.0,8.15,7.7,8.15,34.0,185.0,0.3143379113769531,True,PUT,2026-02-13,UNH
UNH260213P00300000,300.0,10.84,10.65,11.3,65.0,316.0,0.32483585327148434,True,PUT,2026-02-13,UNH
UNH260213P00305000,305.0,16.65,13.8,14.85,17.0,213.0,0.33374689697265625,True,PUT,2026-02-13,UNH
UNH260213P00310000,310.0,19.43,17.65,18.75,17.0,163.0,0.3421696643066406,True,PUT,2026-02-13,UNH
UNH260213P00315000,315.0,23.95,21.75,22.9,25.0,149.0,0.34839518798828123,True,PUT,2026-02-13,UNH
UNH260213P00320000,320.0,28.78,26.2,27.05,4.0,159.0,0.336920693359375,True,PUT,2026-02-13,UNH
UNH260213P00325000,325.0,33.19,30.8,35.1,11.0,104.0,0.5762981823730469,True,PUT,2026-02-13,UNH
UNH260213P00330000,330.0,35.75,35.8,38.6,2.0,211.0,0.5360153820800782,True,PUT,2026-02-13,UNH
UNH260213P00335000,335.0,44.1,40.5,45.3,4.0,172.0,0.5307664111328125,True,PUT,2026-02-13,UNH
UNH260213P00340000,340.0,45.05,45.6,46.7,5.0,79.0,0.4594780615234375,True,PUT,2026-02-13,UNH
UNH260213P00345000,345.0,57.07,50.35,55.3,12.0,58.0,0.6051064880371095,True,PUT,2026-02-13,UNH
UNH260213P00350000,350.0,59.0,55.65,60.3,1.0,76.0,0.6560092993164064,True,PUT,2026-02-13,UNH
UNH260213P00355000,355.0,73.95,60.0,65.3,6.0,57.0,0.664309997558594,True,PUT,2026-02-13,UNH
UNH260213P00360000,360.0,67.62,64.8,70.3,4.0,0.0,0.6901886450195314,True,PUT,2026-02-13,UNH
UNH260213P00365000,365.0,18.55,68.8,75.3,12.0,0.0,0.6696810375976563,True,PUT,2026-02-13,UNH
UNH260213P00370000,370.0,26.1,74.8,80.3,4.0,0.0,0.7578149218750001,True,PUT,2026-02-13,UNH
UNH260213P00375000,375.0,29.13,79.0,85.25,31.0,0.0,0.7419459399414061,True,PUT,2026-02-13,UNH
UNH260220C00210000,210.0,124.95,80.4,85.35,2.0,70.0,0.8330094824218748,True,CALL,2026-02-20,UNH
UNH260220C00220000,220.0,74.67,71.55,75.4,11.0,317.0,0.7436549072265625,True,CALL,2026-02-20,UNH
UNH260220C00230000,230.0,63.4,62.0,65.05,11.0,476.0,0.6044961425781252,True,CALL,2026-02-20,UNH
UNH260220C00240000,240.0,55.07,51.85,55.45,27.0,1027.0,0.5642133422851563,True,CALL,2026-02-20,UNH
UNH260220C00250000,250.0,43.0,42.45,44.8,35.0,1556.0,0.4023497265625,True,CALL,2026-02-20,UNH
UNH260220C00260000,260.0,35.34,34.7,35.4,7.0,647.0,0.3803772900390625,True,CALL,2026-02-20,UNH
UNH260220C00270000,270.0,23.5,25.5,26.25,16.0,516.0,0.34497725341796875,True,CALL,2026-02-20,UNH
UNH260220C00280000,280.0,17.84,17.5,18.1,88.0,955.0,0.3252630950927734,True,CALL,2026-02-20,UNH
UNH260220C00285000,285.0,14.38,14.1,14.65,112.0,1422.0,0.3225165405273437,True,CALL,2026-02-20,UNH
UNH260220C00290000,290.0,11.4,11.1,11.4,237.0,1483.0,0.31317825500488283,True,CALL,2026-02-20,UNH
UNH260220C00300000,300.0,6.5,6.3,6.5,957.0,3221.0,0.3064644549560547,False,CALL,2026-02-20,UNH
UNH260220C00310000,310.0,3.57,3.4,3.5,355.0,2171.0,0.3094551477050781,False,CALL,2026-02-20,UNH
UNH260220C00312500,312.5,2.58,2.86,3.2,25.0,84.0,0.32080757324218745,False,CALL,2026-02-20,UNH
UNH260220C00315000,315.0,2.55,2.45,2.65,169.0,1785.0,0.3184882604980468,False,CALL,2026-02-20,UNH
UNH260220C00320000,320.0,1.79,1.79,1.93,383.0,3415.0,0.323126885986328,False,CALL,2026-02-20,UNH
UNH260220C00322500,322.5,1.53,1.53,1.75,115.0,109.0,0.3319158605957031,False,CALL,2026-02-20,UNH
UNH260220C00325000,325.0,1.36,1.17,1.4,1413.0,4165.0,0.32813171874999997,False,CALL,2026-02-20,UNH
UNH260220C00327500,327.5,1.15,1.12,1.26,41.0,16.0,0.33570000244140624,False,CALL,2026-02-20,UNH
UNH260220C00330000,330.0,1.04,0.97,1.05,290.0,3653.0,0.3363103479003906,False,CALL,2026-02-20,UNH
UNH260220C00332500,332.5,0.77,0.84,0.97,4.0,54.0,0.34570966796874997,False,CALL,2026-02-20,UNH
UNH260220C00335000,335.0,0.7,0.74,0.85,78.0,185.0,0.3502262243652343,False,CALL,2026-02-20,UNH
UNH260220C00337500,337.5,0.65,0.6,0.81,6.0,13.0,0.36133451171875,False,CALL,2026-02-20,UNH
UNH260220C00340000,340.0,0.62,0.6,0.68,108.0,3545.0,0.36206692626953124,False,CALL,2026-02-20,UNH
UNH260220C00342500,342.5,0.68,0.52,0.72,3.0,253.0,0.38086556640624997,False,CALL,2026-02-20,UNH
UNH260220C00345000,345.0,0.51,0.26,0.73,57.0,303.0,0.39600213378906257,False,CALL,2026-02-20,UNH
UNH260220C00347500,347.5,0.54,0.19,0.65,1.0,78.0,0.40015248291015626,False,CALL,2026-02-20,UNH
UNH260220C00350000,350.0,0.39,0.4,0.45,363.0,3838.0,0.3857483300781249,False,CALL,2026-02-20,UNH
UNH260220C00352500,352.5,0.65,0.08,0.6,1.0,98.0,0.4204159521484375,False,CALL,2026-02-20,UNH
UNH260220C00355000,355.0,0.31,0.19,0.42,2.0,581.0,0.40601179931640624,False,CALL,2026-02-20,UNH
UNH260220C00357500,357.5,0.33,0.16,0.39,1.0,71.0,0.4128476684570312,False,CALL,2026-02-20,UNH
UNH260220C00360000,360.0,0.25,0.25,0.3,138.0,4631.0,0.4067442138671875,False,CALL,2026-02-20,UNH
UNH260220C00365000,365.0,0.23,0.2,0.27,13.0,283.0,0.422857333984375,False,CALL,2026-02-20,UNH
UNH260220C00370000,370.0,0.21,0.18,0.23,252.0,5825.0,0.43408769042968753,False,CALL,2026-02-20,UNH
UNH260220C00375000,375.0,0.16,0.08,0.29,4.0,598.0,0.47119669433593747,False,CALL,2026-02-20,UNH
UNH260220C00380000,380.0,0.15,0.15,0.28,177.0,7324.0,0.49023947265625006,False,CALL,2026-02-20,UNH
UNH260220P00210000,210.0,0.09,0.01,0.09,37.0,457.0,0.5195360546875,False,PUT,2026-02-20,UNH
UNH260220P00220000,220.0,0.04,0.0,0.08,46.0,1174.0,0.47949739257812496,False,PUT,2026-02-20,UNH
UNH260220P00230000,230.0,0.09,0.05,0.12,205.0,3287.0,0.43555251953125,False,PUT,2026-02-20,UNH
UNH260220P00240000,240.0,0.1,0.1,0.21,34.0,1533.0,0.39990834472656256,False,PUT,2026-02-20,UNH
UNH260220P00250000,250.0,0.22,0.2,0.26,141.0,3911.0,0.34180345703125,False,PUT,2026-02-20,UNH
UNH260220P00260000,260.0,0.54,0.49,0.55,136.0,2554.0,0.31445998046874996,False,PUT,2026-02-20,UNH
UNH260220P00265000,265.0,0.85,0.8,0.89,68.0,605.0,0.30884480224609373,False,PUT,2026-02-20,UNH
UNH260220P00270000,270.0,1.35,1.29,1.39,301.0,5198.0,0.30286341674804684,False,PUT,2026-02-20,UNH
UNH260220P00280000,280.0,3.2,3.05,3.25,258.0,5589.0,0.29688203124999996,False,PUT,2026-02-20,UNH
UNH260220P00285000,285.0,5.2,4.5,4.65,288.0,781.0,0.29181616394042953,False,PUT,2026-02-20,UNH
UNH260220P00290000,290.0,6.64,6.45,6.7,1818.0,2971.0,0.2951120294189453,False,PUT,2026-02-20,UNH
UNH260220P00295000,295.0,9.23,8.75,9.1,83.0,174.0,0.29444064941406245,True,PUT,2026-02-20,UNH
UNH260220P00300000,300.0,11.85,11.7,12.1,163.0,7671.0,0.2988961712646484,True,PUT,2026-02-20,UNH
UNH260220P00305000,305.0,16.23,14.85,15.55,41.0,164.0,0.30475548767089844,True,PUT,2026-02-20,UNH
UNH260220P00310000,310.0,18.95,18.35,19.55,48.0,7652.0,0.31909860595703116,True,PUT,2026-02-20,UNH
UNH260220P00312500,312.5,22.66,20.6,21.45,1.0,24.0,0.31781688049316403,True,PUT,2026-02-20,UNH
UNH260220P00315000,315.0,23.94,22.6,23.05,9.0,117.0,0.29822479125976553,True,PUT,2026-02-20,UNH
UNH260220P00317500,317.5,25.51,24.7,25.65,9.0,39.0,0.3242255078124999,True,PUT,2026-02-20,UNH
UNH260220P00320000,320.0,27.32,27.0,27.75,184.0,5079.0,0.3232489550781249,True,PUT,2026-02-20,UNH
UNH260220P00322500,322.5,32.19,28.95,33.7,1.0,61.0,0.5067188000488281,True,PUT,2026-02-20,UNH
UNH260220P00325000,325.0,32.78,31.25,33.2,21.0,578.0,0.3870300555419921,True,PUT,2026-02-20,UNH
UNH260220P00327500,327.5,35.54,33.55,36.65,2.0,20.0,0.45618219604492194,True,PUT,2026-02-20,UNH
UNH260220P00330000,330.0,39.3,35.9,37.2,286.0,3173.0,0.36157864990234373,True,PUT,2026-02-20,UNH
UNH260220P00332500,332.5,39.68,38.25,41.6,1.0,495.0,0.4928029235839845,True,PUT,2026-02-20,UNH
UNH260220P00335000,335.0,44.7,40.65,45.55,2.0,74.0,0.5840495697021484,True,PUT,2026-02-20,UNH
UNH260220P00337500,337.5,46.0,43.3,48.0,1.0,64.0,0.6013223461914063,True,PUT,2026-02-20,UNH
UNH260220P00340000,340.0,47.5,45.75,47.55,31.0,4312.0,0.45300839965820316,True,PUT,2026-02-20,UNH
UNH260220P00342500,342.5,51.5,48.0,51.2,1.0,259.0,0.5434615966796876,True,PUT,2026-02-20,UNH
UNH260220P00345000,345.0,53.0,50.45,55.9,18.0,599.0,0.5282029602050782,True,PUT,2026-02-20,UNH
UNH260220P00347500,347.5,62.11,52.9,57.8,15.0,107.0,0.5225877819824218,True,PUT,2026-02-20,UNH
UNH260220P00350000,350.0,56.21,55.5,60.0,4.0,4903.0,0.5311326184082032,True,PUT,2026-02-20,UNH
UNH260220P00352500,352.5,60.17,58.2,62.8,1.0,115.0,0.564579549560547,True,PUT,2026-02-20,UNH
UNH260220P00355000,355.0,64.62,60.5,65.3,5.0,255.0,0.5728802478027344,True,PUT,2026-02-20,UNH
UNH260220P00357500,357.5,74.75,63.1,67.8,16.0,59.0,0.5918009570312501,True,PUT,2026-02-20,UNH
UNH260220P00360000,360.0,69.5,65.5,66.95,57.0,808.0,0.5216112292480468,True,PUT,2026-02-20,UNH
UNH260220P00365000,365.0,73.0,68.8,75.3,2.0,5.0,0.5587202331542969,True,PUT,2026-02-20,UNH
UNH260220P00370000,370.0,76.43,74.1,80.3,1694.0,96.0,0.6001016552734376,True,PUT,2026-02-20,UNH
UNH260220P00375000,375.0,81.15,80.0,85.3,20.0,0.0,0.6679720703125002,True,PUT,2026-02-20,UNH
UNH260220P00380000,380.0,86.11,84.0,89.75,3472.0,17.0,0.6167030517578126,True,PUT,2026-02-20,UNH
UNH260227C00220000,220.0,72.18,70.65,77.2,10.0,27.0,0.8142108422851562,True,CALL,2026-02-27,UNH
UNH260227C00250000,250.0,43.5,44.25,45.65,2.0,36.0,0.4312801013183594,True,CALL,2026-02-27,UNH
UNH260227C00270000,270.0,25.4,26.25,27.7,1.0,113.0,0.36939107177734376,True,CALL,2026-02-27,UNH
UNH260227C00280000,280.0,19.1,18.75,19.25,16.0,137.0,0.32605654418945307,True,CALL,2026-02-27,UNH
UNH260227C00290000,290.0,12.75,12.7,13.0,49.0,281.0,0.3228827478027343,True,CALL,2026-02-27,UNH
UNH260227C00295000,295.0,10.2,10.05,10.45,114.0,151.0,0.32233343688964833,False,CALL,2026-02-27,UNH
UNH260227C00300000,300.0,8.0,7.9,8.3,213.0,540.0,0.3228827478027343,False,CALL,2026-02-27,UNH
UNH260227C00305000,305.0,5.31,6.05,6.6,25.0,253.0,0.3266668896484375,False,CALL,2026-02-27,UNH
UNH260227C00310000,310.0,4.9,4.65,4.95,135.0,342.0,0.3219061950683593,False,CALL,2026-02-27,UNH
UNH260227C00315000,315.0,3.65,3.55,4.0,46.0,136.0,0.3316717224121094,False,CALL,2026-02-27,UNH
UNH260227C00320000,320.0,2.74,2.68,2.89,55.0,335.0,0.3265448205566406,False,CALL,2026-02-27,UNH
UNH260227C00325000,325.0,2.01,2.04,2.24,20.0,125.0,0.3320379296875,False,CALL,2026-02-27,UNH
UNH260227C00330000,330.0,1.58,1.53,1.65,55.0,194.0,0.33264827514648443,False,CALL,2026-02-27,UNH
UNH260227C00335000,335.0,1.1,1.21,1.3,9.0,185.0,0.3402165588378906,False,CALL,2026-02-27,UNH
UNH260227C00340000,340.0,0.91,0.95,1.11,66.0,188.0,0.3540103662109374,False,CALL,2026-02-27,UNH
UNH260227C00345000,345.0,0.7,0.61,0.83,48.0,155.0,0.35632967895507806,False,CALL,2026-02-27,UNH
UNH260227C00350000,350.0,0.57,0.55,0.68,2293.0,211.0,0.3654848608398438,False,CALL,2026-02-27,UNH
UNH260227C00355000,355.0,0.58,0.51,0.9,6.0,84.0,0.4116269775390625,False,CALL,2026-02-27,UNH
UNH260227C00360000,360.0,0.35,0.23,0.59,36.0,96.0,0.40039662109375,False,CALL,2026-02-27,UNH
UNH260227C00365000,365.0,0.35,0.33,0.54,51.0,104.0,0.41528905029296875,False,CALL,2026-02-27,UNH
UNH260227C00370000,370.0,0.32,0.3,0.37,14.0,82.0,0.40918559570312496,False,CALL,2026-02-27,UNH
UNH260227C00375000,375.0,0.3,0.11,0.32,4.0,216.0,0.418951123046875,False,CALL,2026-02-27,UNH
UNH260227C00380000,380.0,0.25,0.13,0.33,9.0,158.0,0.43994700683593746,False,CALL,2026-02-27,UNH
UNH260227P00245000,245.0,0.18,0.22,0.25,4.0,165.0,0.3286199951171874,False,PUT,2026-02-27,UNH
UNH260227P00250000,250.0,0.39,0.36,0.4,114.0,578.0,0.3232489550781249,False,PUT,2026-02-27,UNH
UNH260227P00255000,255.0,0.6,0.53,0.7,32.0,661.0,0.3259344750976562,False,PUT,2026-02-27,UNH
UNH260227P00260000,260.0,0.9,0.7,1.03,75.0,378.0,0.3188544677734374,False,PUT,2026-02-27,UNH
UNH260227P00265000,265.0,1.54,1.3,1.52,48.0,362.0,0.313483427734375,False,PUT,2026-02-27,UNH
UNH260227P00270000,270.0,2.0,1.87,2.13,119.0,628.0,0.3050606604003906,False,PUT,2026-02-27,UNH
UNH260227P00275000,275.0,2.89,2.7,2.95,91.0,278.0,0.29688203124999996,False,PUT,2026-02-27,UNH
UNH260227P00280000,280.0,4.15,4.0,4.2,116.0,381.0,0.29505099487304687,False,PUT,2026-02-27,UNH
UNH260227P00285000,285.0,6.83,5.55,5.75,23.0,335.0,0.2915109912109374,False,PUT,2026-02-27,UNH
UNH260227P00290000,290.0,7.8,7.6,7.85,97.0,206.0,0.2933420275878905,False,PUT,2026-02-27,UNH
UNH260227P00295000,295.0,12.6,9.95,10.65,35.0,204.0,0.30383996948242187,True,PUT,2026-02-27,UNH
UNH260227P00300000,300.0,13.15,12.75,13.7,21.0,440.0,0.31012652770996096,True,PUT,2026-02-27,UNH
UNH260227P00305000,305.0,18.41,15.85,18.25,15.0,76.0,0.3526065716552734,True,PUT,2026-02-27,UNH
UNH260227P00310000,310.0,21.68,19.5,20.25,13.0,97.0,0.3039620385742187,True,PUT,2026-02-27,UNH
UNH260227P00315000,315.0,26.92,23.45,24.5,2.0,77.0,0.31952584777832027,True,PUT,2026-02-27,UNH
UNH260227P00320000,320.0,30.98,27.55,28.2,8.0,275.0,0.3040230731201171,True,PUT,2026-02-27,UNH
UNH260227P00325000,325.0,34.82,31.95,35.35,4.0,160.0,0.43066975585937506,True,PUT,2026-02-27,UNH
UNH260227P00330000,330.0,38.15,36.4,38.95,4.0,135.0,0.40759869750976563,True,PUT,2026-02-27,UNH
UNH260227P00335000,335.0,43.55,40.95,45.3,5.0,118.0,0.5007984490966797,True,PUT,2026-02-27,UNH
UNH260227P00340000,340.0,49.13,45.7,50.6,9.0,47.0,0.5476119458007813,True,PUT,2026-02-27,UNH
UNH260227P00345000,345.0,52.03,50.55,55.45,3.0,46.0,0.5740399041748048,True,PUT,2026-02-27,UNH
UNH260227P00350000,350.0,58.63,55.35,60.35,10.0,46.0,0.6012613116455079,True,PUT,2026-02-27,UNH
UNH260227P00355000,355.0,62.53,58.8,65.3,3.0,32.0,0.6295203063964845,True,PUT,2026-02-27,UNH
UNH260227P00360000,360.0,75.66,63.5,66.95,3.0,12.0,0.4563042651367188,True,PUT,2026-02-27,UNH
UNH260227P00365000,365.0,78.58,69.0,75.3,2.0,9.0,0.688052435913086,True,PUT,2026-02-27,UNH
UNH260227P00370000,370.0,78.79,74.0,80.3,1.0,14.0,0.5208788146972656,True,PUT,2026-02-27,UNH
UNH260227P00380000,380.0,86.53,84.0,90.3,1.0,0.0,0.5661664477539063,True,PUT,2026-02-27,UNH
UNH260306C00275000,275.0,23.0,21.7,24.75,2.0,17.0,0.35907623352050777,True,CALL,2026-03-06,UNH
UNH260306C00340000,340.0,1.32,1.31,1.44,81.0,57.0,0.34009448974609374,False,CALL,2026-03-06,UNH
UNH260306C00345000,345.0,1.02,0.01,1.3,27.0,78.0,0.35559726440429684,False,CALL,2026-03-06,UNH
UNH260306C00350000,350.0,0.7,0.6,1.0,17.0,175.0,0.3569400244140625,False,CALL,2026-03-06,UNH
UNH260306C00355000,355.0,0.7,0.02,0.97,1.0,29.0,0.3764710791015625,False,CALL,2026-03-06,UNH
UNH260306C00360000,360.0,0.58,0.03,0.75,6.0,37.0,0.37744763183593744,False,CALL,2026-03-06,UNH
UNH260306C00365000,365.0,0.59,0.01,1.4,1.0,7.0,0.45325253784179687,False,CALL,2026-03-06,UNH
UNH260306C00370000,370.0,0.58,0.01,1.13,11.0,25.0,0.45300839965820316,False,CALL,2026-03-06,UNH
UNH260306C00375000,375.0,0.38,0.02,1.0,1.0,49.0,0.46143116699218756,False,CALL,2026-03-06,UNH
UNH260306C00380000,380.0,0.36,0.01,1.17,14.0,28.0,0.49646499633789065,False,CALL,2026-03-06,UNH
UNH260306P00290000,290.0,9.6,8.65,9.15,59.0,107.0,0.29968962036132807,False,PUT,2026-03-06,UNH
UNH260306P00300000,300.0,15.28,13.7,15.1,12.0,89.0,0.3172065350341796,True,PUT,2026-03-06,UNH
UNH260306P00305000,305.0,19.0,16.9,18.75,1.0,22.0,0.33148861877441405,True,PUT,2026-03-06,UNH
UNH260306P00310000,310.0,22.0,20.45,21.25,4.0,25.0,0.30438928039550783,True,PUT,2026-03-06,UNH
UNH260306P00315000,315.0,25.98,24.1,27.5,16.0,40.0,0.3834290173339844,True,PUT,2026-03-06,UNH
UNH260306P00320000,320.0,29.32,26.15,29.2,3.0,45.0,0.31238480590820306,True,PUT,2026-03-06,UNH
UNH260306P00325000,325.0,33.0,32.2,33.5,3.0,39.0,0.3176948114013671,True,PUT,2026-03-06,UNH
UNH260306P00330000,330.0,39.58,36.65,37.95,5.0,19.0,0.3232489550781249,True,PUT,2026-03-06,UNH
UNH260306P00335000,335.0,43.49,41.25,46.05,2.0,15.0,0.4787039434814453,True,PUT,2026-03-06,UNH
UNH260306P00340000,340.0,47.48,45.9,50.75,3.0,14.0,0.49878430908203125,True,PUT,2026-03-06,UNH
UNH260306P00345000,345.0,52.17,50.7,55.55,3.0,16.0,0.5208788146972656,True,PUT,2026-03-06,UNH
UNH260306P00350000,350.0,58.34,55.55,60.45,1.0,50.0,0.5455367712402344,True,PUT,2026-03-06,UNH
UNH260306P00355000,355.0,64.0,59.0,65.35,2.0,17.0,0.5689740368652343,True,PUT,2026-03-06,UNH
UNH260306P00360000,360.0,67.8,64.15,70.3,2.0,39.0,0.5936319934082033,True,PUT,2026-03-06,UNH
UNH260306P00365000,365.0,72.0,69.0,75.25,3.0,4.0,0.6173744317626955,True,PUT,2026-03-06,UNH
UNH260320C00210000,210.0,84.0,80.9,89.4,2.0,44.0,0.5388229711914063,True,CALL,2026-03-20,UNH
UNH260320C00220000,220.0,74.5,70.45,79.35,2.0,121.0,0.7346217944335938,True,CALL,2026-03-20,UNH
UNH260320C00230000,230.0,62.12,62.85,69.6,7.0,233.0,0.6632724102783205,True,CALL,2026-03-20,UNH
UNH260320C00240000,240.0,51.5,51.35,56.6,32.0,788.0,0.4484918432617187,True,CALL,2026-03-20,UNH
UNH260320C00250000,250.0,47.5,44.65,46.65,5.0,899.0,0.38294074096679687,True,CALL,2026-03-20,UNH
UNH260320C00260000,260.0,37.2,35.4,37.4,51.0,518.0,0.34528242614746096,True,CALL,2026-03-20,UNH
UNH260320C00270000,270.0,27.0,28.35,29.2,45.0,918.0,0.3305731005859375,True,CALL,2026-03-20,UNH
UNH260320C00280000,280.0,21.25,20.85,22.0,241.0,2282.0,0.3217841259765625,True,CALL,2026-03-20,UNH
UNH260320C00290000,290.0,15.6,15.6,15.9,381.0,3082.0,0.3149482568359374,True,CALL,2026-03-20,UNH
UNH260320C00300000,300.0,10.95,10.75,11.05,1014.0,6619.0,0.3108894595336914,False,CALL,2026-03-20,UNH
UNH260320C00310000,310.0,7.45,7.4,7.6,233.0,2661.0,0.3137580831909179,False,CALL,2026-03-20,UNH
UNH260320C00320000,320.0,5.08,4.95,5.2,439.0,3902.0,0.31976998596191397,False,CALL,2026-03-20,UNH
UNH260320C00330000,330.0,3.35,3.35,3.45,379.0,3295.0,0.32367619689941396,False,CALL,2026-03-20,UNH
UNH260320C00340000,340.0,2.27,2.14,2.4,307.0,3558.0,0.33386896606445315,False,CALL,2026-03-20,UNH
UNH260320C00350000,350.0,1.52,1.47,1.6,1427.0,5636.0,0.3397282824707031,False,CALL,2026-03-20,UNH
UNH260320C00360000,360.0,1.05,1.04,1.14,301.0,2448.0,0.3508365698242187,False,CALL,2026-03-20,UNH
UNH260320C00370000,370.0,0.8,0.73,0.85,274.0,4493.0,0.3640200317382813,False,CALL,2026-03-20,UNH
UNH260320C00380000,380.0,0.56,0.56,0.64,192.0,2513.0,0.3765931481933594,False,CALL,2026-03-20,UNH
UNH260320P00210000,210.0,0.08,0.08,0.11,32.0,1147.0,0.38281867187499996,False,PUT,2026-03-20,UNH
UNH260320P00220000,220.0,0.18,0.15,0.24,37.0,2352.0,0.37305314453125,False,PUT,2026-03-20,UNH
UNH260320P00230000,230.0,0.34,0.32,0.39,40.0,1280.0,0.3493717407226562,False,PUT,2026-03-20,UNH
UNH260320P00240000,240.0,0.7,0.6,0.71,2981.0,5856.0,0.33338068969726564,False,PUT,2026-03-20,UNH
UNH260320P00250000,250.0,1.2,1.14,1.37,1857.0,4452.0,0.32459171508789053,False,PUT,2026-03-20,UNH
UNH260320P00260000,260.0,2.39,2.3,2.44,407.0,4204.0,0.3138496350097656,False,PUT,2026-03-20,UNH
UNH260320P00270000,270.0,4.24,4.15,4.3,374.0,4994.0,0.3083565258789062,False,PUT,2026-03-20,UNH
UNH260320P00280000,280.0,7.25,7.1,7.3,167.0,4275.0,0.30844807769775384,False,PUT,2026-03-20,UNH
UNH260320P00290000,290.0,11.63,11.25,11.65,412.0,3196.0,0.3133003240966796,False,PUT,2026-03-20,UNH
UNH260320P00300000,300.0,17.1,16.7,17.25,222.0,5762.0,0.31958688232421867,True,PUT,2026-03-20,UNH
UNH260320P00310000,310.0,23.85,23.35,23.75,72.0,3677.0,0.3218451605224609,True,PUT,2026-03-20,UNH
UNH260320P00320000,320.0,32.18,30.8,31.65,41.0,2561.0,0.3371648315429688,True,PUT,2026-03-20,UNH
UNH260320P00330000,330.0,41.65,38.8,41.05,56.0,2779.0,0.3800110827636719,True,PUT,2026-03-20,UNH
UNH260320P00340000,340.0,49.83,48.0,49.9,73.0,2137.0,0.39667351379394533,True,PUT,2026-03-20,UNH
UNH260320P00350000,350.0,57.75,57.35,58.05,18.0,1291.0,0.37085590087890624,True,PUT,2026-03-20,UNH
UNH260320P00360000,360.0,67.0,66.7,67.95,6.0,804.0,0.40735455932617193,True,PUT,2026-03-20,UNH
UNH260320P00370000,370.0,80.16,75.85,81.2,8.0,617.0,0.5824016369628906,True,PUT,2026-03-20,UNH
UNH260320P00380000,380.0,88.55,85.8,89.55,16.0,331.0,0.5599409240722657,True,PUT,2026-03-20,UNH
UNH260417C00210000,210.0,84.4,81.1,87.2,13.0,19.0,0.5625654095458985,True,CALL,2026-04-17,UNH
UNH260417C00220000,220.0,75.4,71.45,76.4,4.0,26.0,0.4621635815429688,True,CALL,2026-04-17,UNH
UNH260417C00230000,230.0,63.5,61.9,66.9,3.0,69.0,0.4294490649414063,True,CALL,2026-04-17,UNH
UNH260417C00240000,240.0,57.0,54.9,58.15,36.0,96.0,0.41962250305175786,True,CALL,2026-04-17,UNH
UNH260417C00250000,250.0,48.94,47.5,48.75,3.0,411.0,0.37830211547851555,True,CALL,2026-04-17,UNH
UNH260417C00260000,260.0,38.92,37.8,41.65,8.0,172.0,0.39197385375976557,True,CALL,2026-04-17,UNH
UNH260417C00270000,270.0,33.6,33.15,34.0,18.0,342.0,0.37470107727050783,True,CALL,2026-04-17,UNH
UNH260417C00280000,280.0,25.3,26.5,27.5,82.0,674.0,0.3683534844970704,True,CALL,2026-04-17,UNH
UNH260417C00290000,290.0,21.61,21.5,22.1,200.0,1436.0,0.3682619326782227,True,CALL,2026-04-17,UNH
UNH260417C00300000,300.0,17.0,16.85,17.25,237.0,3065.0,0.3636233071899414,False,CALL,2026-04-17,UNH
UNH260417C00310000,310.0,13.4,13.05,13.4,79.0,1846.0,0.3632570999145508,False,CALL,2026-04-17,UNH
UNH260417C00320000,320.0,10.2,10.0,10.8,118.0,1184.0,0.3737245245361328,False,CALL,2026-04-17,UNH
UNH260417C00330000,330.0,7.8,7.7,8.0,37.0,2383.0,0.36832296722412117,False,CALL,2026-04-17,UNH
UNH260417C00340000,340.0,5.98,5.9,6.05,155.0,1593.0,0.3694521063232422,False,CALL,2026-04-17,UNH
UNH260417C00350000,350.0,4.6,4.45,4.75,246.0,5860.0,0.37665418273925777,False,CALL,2026-04-17,UNH
UNH260417C00360000,360.0,3.5,3.4,3.6,46.0,1357.0,0.37933970275878903,False,CALL,2026-04-17,UNH
UNH260417C00370000,370.0,2.71,2.51,3.05,31.0,1570.0,0.3942321319580079,False,CALL,2026-04-17,UNH
UNH260417C00380000,380.0,2.15,1.98,2.44,44.0,3576.0,0.40167834655761714,False,CALL,2026-04-17,UNH
UNH260417P00210000,210.0,0.58,0.47,0.62,1.0,362.0,0.39771110107421875,False,PUT,2026-04-17,UNH
UNH260417P00220000,220.0,0.98,0.77,1.08,49.0,1938.0,0.39111937011718745,False,PUT,2026-04-17,UNH
UNH260417P00230000,230.0,1.72,1.48,1.71,4.0,1497.0,0.3800110827636719,False,PUT,2026-04-17,UNH
UNH260417P00240000,240.0,2.73,2.58,2.69,62.0,1670.0,0.37152728088378906,False,PUT,2026-04-17,UNH
UNH260417P00250000,250.0,4.1,4.0,4.15,138.0,3216.0,0.36524072265625,False,PUT,2026-04-17,UNH
UNH260417P00260000,260.0,6.6,6.05,6.25,161.0,2549.0,0.3613955462646484,False,PUT,2026-04-17,UNH
UNH260417P00270000,270.0,9.0,8.65,9.05,136.0,5503.0,0.3579470944213867,False,PUT,2026-04-17,UNH
UNH260417P00280000,280.0,12.65,12.35,12.65,114.0,3323.0,0.3551700225830078,False,PUT,2026-04-17,UNH
UNH260417P00290000,290.0,17.05,16.8,17.25,67.0,2259.0,0.35584140258789054,False,PUT,2026-04-17,UNH
UNH260417P00300000,300.0,22.5,22.1,22.65,80.0,2219.0,0.35596347167968745,True,PUT,2026-04-17,UNH
UNH260417P00310000,310.0,28.75,28.25,28.8,24.0,1323.0,0.35538364349365226,True,PUT,2026-04-17,UNH
UNH260417P00320000,320.0,37.48,35.2,36.65,36.0,4918.0,0.37436538726806634,True,PUT,2026-04-17,UNH
UNH260417P00330000,330.0,45.45,42.7,44.4,7.0,921.0,0.38086556640624997,True,PUT,2026-04-17,UNH
UNH260417P00340000,340.0,54.05,50.95,53.1,15.0,1194.0,0.3987486883544922,True,PUT,2026-04-17,UNH
UNH260417P00350000,350.0,62.6,59.4,60.5,12.0,1062.0,0.3748231463623046,True,PUT,2026-04-17,UNH
UNH260417P00360000,360.0,70.05,68.5,70.35,15.0,467.0,0.4078428356933594,True,PUT,2026-04-17,UNH
UNH260417P00370000,370.0,80.05,77.0,82.35,9.0,166.0,0.49979137908935545,True,PUT,2026-04-17,UNH
UNH260417P00380000,380.0,90.0,87.15,91.6,22.0,191.0,0.5138598419189453,True,PUT,2026-04-17,UNH
UNH260515C00210000,210.0,78.35,81.85,86.65,10.0,16.0,0.45862357788085945,True,CALL,2026-05-15,UNH
UNH260515C00220000,220.0,75.0,72.7,77.45,2.0,193.0,0.4407404559326171,True,CALL,2026-05-15,UNH
UNH260515C00230000,230.0,68.64,64.2,68.3,21.0,300.0,0.41785250122070305,True,CALL,2026-05-15,UNH
UNH260515C00240000,240.0,58.0,57.05,59.85,7.0,605.0,0.408636284790039,True,CALL,2026-05-15,UNH
UNH260515C00250000,250.0,52.0,49.45,51.8,13.0,707.0,0.39905386108398444,True,CALL,2026-05-15,UNH
UNH260515C00260000,260.0,41.41,43.65,44.6,14.0,1505.0,0.39703972106933594,True,CALL,2026-05-15,UNH
UNH260515C00270000,270.0,36.5,34.75,37.9,8.0,546.0,0.39301144104003904,True,CALL,2026-05-15,UNH
UNH260515C00280000,280.0,29.0,30.45,31.95,34.0,745.0,0.391058335571289,True,CALL,2026-05-15,UNH
UNH260515C00290000,290.0,25.55,25.7,26.45,155.0,753.0,0.38587039916992183,True,CALL,2026-05-15,UNH
UNH260515C00300000,300.0,21.1,21.1,21.45,157.0,4454.0,0.37854625366210937,False,CALL,2026-05-15,UNH
UNH260515C00310000,310.0,16.33,17.05,17.6,24.0,542.0,0.3794007373046875,False,CALL,2026-05-15,UNH
UNH260515C00320000,320.0,13.99,13.7,14.1,1075.0,883.0,0.37641004455566407,False,CALL,2026-05-15,UNH
UNH260515C00330000,330.0,11.25,11.0,11.25,86.0,7801.0,0.37509780181884766,False,CALL,2026-05-15,UNH
UNH260515C00340000,340.0,8.4,8.75,9.15,46.0,1060.0,0.37879039184570307,False,CALL,2026-05-15,UNH
UNH260515C00350000,350.0,7.1,7.1,7.35,69.0,4362.0,0.38080453186035157,False,CALL,2026-05-15,UNH
UNH260515C00360000,360.0,5.8,5.8,6.0,247.0,7812.0,0.38550419189453117,False,CALL,2026-05-15,UNH
UNH260515C00370000,370.0,4.7,4.4,5.0,1021.0,1510.0,0.39258419921875,False,CALL,2026-05-15,UNH
UNH260515C00380000,380.0,3.85,3.65,4.1,17.0,1141.0,0.39722282470703124,False,CALL,2026-05-15,UNH
UNH260515P00210000,210.0,1.34,1.07,1.51,32.0,55.0,0.40808697387695314,False,PUT,2026-05-15,UNH
UNH260515P00220000,220.0,2.0,1.64,2.02,27.0,174.0,0.387701435546875,False,PUT,2026-05-15,UNH
UNH260515P00230000,230.0,3.03,2.7,3.05,56.0,461.0,0.38129280822753897,False,PUT,2026-05-15,UNH
UNH260515P00240000,240.0,4.3,4.05,4.65,45.0,385.0,0.38049935913085936,False,PUT,2026-05-15,UNH
UNH260515P00250000,250.0,6.25,5.9,6.5,33.0,1320.0,0.37308366180419916,False,PUT,2026-05-15,UNH
UNH260515P00260000,260.0,9.15,8.45,9.3,21.0,572.0,0.3746400427246094,False,PUT,2026-05-15,UNH
UNH260515P00270000,270.0,12.0,11.75,12.15,131.0,1318.0,0.36475244628906256,False,PUT,2026-05-15,UNH
UNH260515P00280000,280.0,16.85,15.45,16.05,64.0,2202.0,0.3624026162719727,False,PUT,2026-05-15,UNH
UNH260515P00290000,290.0,21.55,19.9,20.65,24.0,1339.0,0.3600527862548828,False,PUT,2026-05-15,UNH
UNH260515P00300000,300.0,25.7,25.2,26.0,54.0,1814.0,0.35858795715332037,True,PUT,2026-05-15,UNH
UNH260515P00310000,310.0,31.98,31.25,32.05,53.0,2290.0,0.35761140441894534,True,PUT,2026-05-15,UNH
UNH260515P00320000,320.0,38.96,37.95,38.55,41.0,1100.0,0.35370519348144525,True,PUT,2026-05-15,UNH
UNH260515P00330000,330.0,45.48,45.25,46.15,36.0,815.0,0.358954164428711,True,PUT,2026-05-15,UNH
UNH260515P00340000,340.0,54.81,53.0,54.4,9.0,419.0,0.36804831176757813,True,PUT,2026-05-15,UNH
UNH260515P00350000,350.0,63.82,61.35,64.6,14.0,493.0,0.4097959411621094,True,PUT,2026-05-15,UNH
UNH260515P00360000,360.0,73.62,70.05,71.4,5.0,492.0,0.37592176818847656,True,PUT,2026-05-15,UNH
UNH260515P00370000,370.0,78.85,78.75,81.75,10.0,143.0,0.41547215393066406,True,PUT,2026-05-15,UNH
UNH260515P00380000,380.0,90.95,88.1,91.45,12.0,226.0,0.4378718322753906,True,PUT,2026-05-15,UNH
UNH260618C00210000,210.0,87.75,84.7,88.3,86.0,662.0,0.4594780615234375,True,CALL,2026-06-18,UNH
UNH260618C00220000,220.0,76.6,74.05,79.35,2.0,1075.0,0.44165597412109375,True,CALL,2026-06-18,UNH
UNH260618C00230000,230.0,70.0,65.4,70.5,6.0,820.0,0.4212094012451172,True,CALL,2026-06-18,UNH
UNH260618C00240000,240.0,60.85,61.0,62.5,1.0,440.0,0.4141904284667969,True,CALL,2026-06-18,UNH
UNH260618C00250000,250.0,50.93,52.2,55.85,10.0,809.0,0.42413905944824215,True,CALL,2026-06-18,UNH
UNH260618C00260000,260.0,47.48,46.25,47.55,2.0,647.0,0.39588006469726567,True,CALL,2026-06-18,UNH
UNH260618C00270000,270.0,37.9,39.7,41.0,3.0,486.0,0.39029540374755856,True,CALL,2026-06-18,UNH
UNH260618C00280000,280.0,34.2,33.9,34.7,113.0,1264.0,0.38049935913085936,True,CALL,2026-06-18,UNH
UNH260618C00290000,290.0,29.02,28.75,29.3,55.0,1406.0,0.37581495773315426,True,CALL,2026-06-18,UNH
UNH260618C00300000,300.0,24.25,23.95,24.7,222.0,4566.0,0.3743043527221679,False,CALL,2026-06-18,UNH
UNH260618C00310000,310.0,18.9,20.05,20.85,40.0,1036.0,0.37543349182128904,False,CALL,2026-06-18,UNH
UNH260618C00320000,320.0,16.91,16.6,17.15,47.0,1608.0,0.37134417724609375,False,CALL,2026-06-18,UNH
UNH260618C00330000,330.0,13.15,13.8,14.15,31.0,1651.0,0.37021503814697265,False,CALL,2026-06-18,UNH
UNH260618C00340000,340.0,11.79,11.45,11.85,38.0,1182.0,0.3731141790771484,False,CALL,2026-06-18,UNH
UNH260618C00350000,350.0,9.6,9.5,9.8,251.0,4910.0,0.37415176635742187,False,CALL,2026-06-18,UNH
UNH260618C00360000,360.0,8.36,7.75,8.6,138.0,2129.0,0.38458867370605465,False,CALL,2026-06-18,UNH
UNH260618C00370000,370.0,6.6,6.45,7.0,19.0,1306.0,0.3833069482421875,False,CALL,2026-06-18,UNH
UNH260618C00380000,380.0,5.51,5.3,5.7,172.0,2459.0,0.38281867187499996,False,CALL,2026-06-18,UNH
UNH260618P00210000,210.0,2.18,2.0,2.17,6.0,3094.0,0.38684695190429685,False,PUT,2026-06-18,UNH
UNH260618P00220000,220.0,3.1,2.78,3.4,19.0,1537.0,0.3883117810058594,False,PUT,2026-06-18,UNH
UNH260618P00230000,230.0,4.4,3.95,4.55,28.0,1658.0,0.375982802734375,False,PUT,2026-06-18,UNH
UNH260618P00240000,240.0,6.1,5.8,6.65,18.0,2935.0,0.37830211547851555,False,PUT,2026-06-18,UNH
UNH260618P00250000,250.0,8.45,7.95,8.5,116.0,6230.0,0.3649355499267578,False,PUT,2026-06-18,UNH
UNH260618P00260000,260.0,11.0,10.5,11.1,93.0,3112.0,0.35764192169189457,False,PUT,2026-06-18,UNH
UNH260618P00270000,270.0,15.45,13.95,14.45,132.0,3758.0,0.3537967453002929,False,PUT,2026-06-18,UNH
UNH260618P00280000,280.0,19.02,17.9,18.6,76.0,10317.0,0.35278967529296873,False,PUT,2026-06-18,UNH
UNH260618P00290000,290.0,23.1,22.75,23.7,38.0,2779.0,0.3561160580444336,False,PUT,2026-06-18,UNH
UNH260618P00300000,300.0,28.43,27.75,28.7,83.0,4392.0,0.34943277526855465,True,PUT,2026-06-18,UNH
UNH260618P00310000,310.0,35.8,33.8,36.0,17.0,2672.0,0.36627830993652344,True,PUT,2026-06-18,UNH
UNH260618P00320000,320.0,42.5,40.3,41.2,4.0,2286.0,0.34632001342773433,True,PUT,2026-06-18,UNH
UNH260618P00330000,330.0,49.21,47.35,48.2,13.0,738.0,0.34397018341064456,True,PUT,2026-06-18,UNH
UNH260618P00340000,340.0,58.1,54.65,56.15,2.0,1953.0,0.34924967163085935,True,PUT,2026-06-18,UNH
UNH260618P00350000,350.0,65.4,63.15,64.2,16.0,1804.0,0.3501041552734374,True,PUT,2026-06-18,UNH
UNH260618P00360000,360.0,80.0,71.05,75.05,7.0,1040.0,0.39584954742431644,True,PUT,2026-06-18,UNH
UNH260618P00370000,370.0,81.4,79.6,81.05,14.0,834.0,0.3472355316162109,True,PUT,2026-06-18,UNH
UNH260618P00380000,380.0,90.5,89.05,93.3,15.0,347.0,0.41968353759765625,True,PUT,2026-06-18,UNH
UNH260717C00210000,210.0,88.0,84.0,88.5,1.0,95.0,0.42474940490722657,True,CALL,2026-07-17,UNH
UNH260717C00220000,220.0,77.9,75.25,79.85,5.0,324.0,0.41510594665527345,True,CALL,2026-07-17,UNH
UNH260717C00230000,230.0,68.0,67.65,71.45,6.0,334.0,0.40442490112304685,True,CALL,2026-07-17,UNH
UNH260717C00240000,240.0,62.9,60.75,63.55,16.0,188.0,0.3971007556152344,True,CALL,2026-07-17,UNH
UNH260717C00250000,250.0,52.15,54.5,56.0,6.0,506.0,0.38892212646484375,True,CALL,2026-07-17,UNH
UNH260717C00260000,260.0,47.65,47.95,49.75,2.0,572.0,0.39374385559082037,True,CALL,2026-07-17,UNH
UNH260717C00270000,270.0,39.85,40.55,42.55,20.0,400.0,0.3771729763793945,True,CALL,2026-07-17,UNH
UNH260717C00280000,280.0,35.39,35.35,37.0,6.0,563.0,0.3768983209228516,True,CALL,2026-07-17,UNH
UNH260717C00290000,290.0,29.9,30.7,31.45,116.0,473.0,0.36963520996093746,True,CALL,2026-07-17,UNH
UNH260717C00300000,300.0,25.45,26.05,26.8,168.0,2021.0,0.3672090867614746,False,CALL,2026-07-17,UNH
UNH260717C00310000,310.0,22.1,22.15,22.7,19.0,911.0,0.3651796881103516,False,CALL,2026-07-17,UNH
UNH260717C00320000,320.0,18.59,18.35,19.15,119.0,1023.0,0.36392847991943367,False,CALL,2026-07-17,UNH
UNH260717C00330000,330.0,15.85,15.65,16.15,19.0,701.0,0.36389796264648444,False,CALL,2026-07-17,UNH
UNH260717C00340000,340.0,12.58,13.1,13.7,24.0,709.0,0.36582055084228515,False,CALL,2026-07-17,UNH
UNH260717C00350000,350.0,10.97,11.15,11.6,114.0,2045.0,0.3676821044921875,False,CALL,2026-07-17,UNH
UNH260717C00360000,360.0,9.23,9.25,9.9,13.0,467.0,0.3710084872436523,False,CALL,2026-07-17,UNH
UNH260717C00370000,370.0,8.2,7.75,8.35,1.0,616.0,0.3725343508911133,False,CALL,2026-07-17,UNH
UNH260717C00380000,380.0,6.8,6.5,7.2,9.0,565.0,0.3770509072875976,False,CALL,2026-07-17,UNH
UNH260717P00210000,210.0,2.75,2.51,2.99,4.0,369.0,0.38245246459960935,False,PUT,2026-07-17,UNH
UNH260717P00220000,220.0,4.3,3.9,4.6,15.0,912.0,0.3874572973632812,False,PUT,2026-07-17,UNH
UNH260717P00230000,230.0,5.95,5.45,6.0,4.0,287.0,0.37650159637451175,False,PUT,2026-07-17,UNH
UNH260717P00240000,240.0,7.7,7.15,7.9,38.0,932.0,0.3692079681396484,False,PUT,2026-07-17,UNH
UNH260717P00250000,250.0,10.75,9.65,10.85,12.0,975.0,0.3726564199829102,False,PUT,2026-07-17,UNH
UNH260717P00260000,260.0,13.8,12.7,13.2,18.0,519.0,0.35797761169433595,False,PUT,2026-07-17,UNH
UNH260717P00270000,270.0,17.25,16.1,16.5,10.0,1342.0,0.35098915618896476,False,PUT,2026-07-17,UNH
UNH260717P00280000,280.0,21.75,20.15,20.75,31.0,2084.0,0.34957010299682617,False,PUT,2026-07-17,UNH
UNH260717P00290000,290.0,26.35,24.85,25.35,123.0,929.0,0.3451908743286133,False,PUT,2026-07-17,UNH
UNH260717P00300000,300.0,32.1,29.95,30.75,10.0,1287.0,0.3437565625,True,PUT,2026-07-17,UNH
UNH260717P00310000,310.0,37.66,35.85,37.25,12.0,542.0,0.34918863708496095,True,PUT,2026-07-17,UNH
UNH260717P00320000,320.0,43.1,42.35,43.1,29.0,640.0,0.3398808688354492,True,PUT,2026-07-17,UNH
UNH260717P00330000,330.0,51.53,49.45,51.05,1.0,563.0,0.3516300189208984,True,PUT,2026-07-17,UNH
UNH260717P00340000,340.0,59.05,56.85,58.75,50.0,825.0,0.3550479534912109,True,PUT,2026-07-17,UNH
UNH260717P00350000,350.0,66.0,64.65,65.6,9.0,525.0,0.3404606970214844,True,PUT,2026-07-17,UNH
UNH260717P00360000,360.0,75.64,72.6,73.85,2.0,185.0,0.34088793884277346,True,PUT,2026-07-17,UNH
UNH260717P00370000,370.0,91.97,81.2,82.45,108.0,200.0,0.34244431976318357,True,PUT,2026-07-17,UNH
UNH260717P00380000,380.0,90.1,89.95,91.15,2.0,184.0,0.34125414611816407,True,PUT,2026-07-17,UNH
UNH260821C00210000,210.0,82.45,86.0,90.2,2.0,54.0,0.42899130584716794,True,CALL,2026-08-21,UNH
UNH260821C00220000,220.0,78.65,77.05,81.55,10.0,37.0,0.4141904284667969,True,CALL,2026-08-21,UNH
UNH260821C00230000,230.0,62.8,72.45,73.8,46.0,110.0,0.4116269775390625,True,CALL,2026-08-21,UNH
UNH260821C00240000,240.0,64.07,64.75,65.9,1.0,105.0,0.399969379272461,True,CALL,2026-08-21,UNH
UNH260821C00250000,250.0,55.9,57.15,59.15,38.0,323.0,0.4003050692749024,True,CALL,2026-08-21,UNH
UNH260821C00260000,260.0,50.65,51.15,52.0,3.0,181.0,0.3886932469177246,True,CALL,2026-08-21,UNH
UNH260821C00270000,270.0,44.5,44.55,45.6,2.0,159.0,0.38172005004882803,True,CALL,2026-08-21,UNH
UNH260821C00280000,280.0,38.2,38.6,40.3,27.0,226.0,0.38254401641845703,True,CALL,2026-08-21,UNH
UNH260821C00290000,290.0,33.61,33.35,35.3,18.0,452.0,0.38104867004394527,True,CALL,2026-08-21,UNH
UNH260821C00300000,300.0,30.05,29.6,30.05,80.0,3646.0,0.3713136599731446,False,CALL,2026-08-21,UNH
UNH260821C00310000,310.0,25.1,25.8,26.65,31.0,321.0,0.37747814910888666,False,CALL,2026-08-21,UNH
UNH260821C00320000,320.0,22.4,22.0,22.85,25.0,305.0,0.37412124908447264,False,CALL,2026-08-21,UNH
UNH260821C00330000,330.0,18.6,19.0,19.5,14.0,3366.0,0.3712068495178223,False,CALL,2026-08-21,UNH
UNH260821C00340000,340.0,16.2,16.4,16.75,14.0,428.0,0.3708864181518554,False,CALL,2026-08-21,UNH
UNH260821C00350000,350.0,13.7,14.1,14.65,16.0,1077.0,0.37450271499633786,False,CALL,2026-08-21,UNH
UNH260821C00360000,360.0,12.15,12.1,12.65,2.0,427.0,0.37573866455078125,False,CALL,2026-08-21,UNH
UNH260821C00370000,370.0,10.55,10.45,11.0,27.0,311.0,0.3782105636596679,False,CALL,2026-08-21,UNH
UNH260821C00380000,380.0,8.6,8.9,9.5,44.0,637.0,0.37961435821533207,False,CALL,2026-08-21,UNH
UNH260821P00210000,210.0,4.15,3.8,4.4,18.0,110.0,0.38873902282714845,False,PUT,2026-08-21,UNH
UNH260821P00220000,220.0,5.1,5.25,5.6,3.0,185.0,0.37622694091796877,False,PUT,2026-08-21,UNH
UNH260821P00230000,230.0,7.85,7.05,7.3,5.0,182.0,0.3687502090454102,False,PUT,2026-08-21,UNH
UNH260821P00240000,240.0,9.45,9.25,9.45,19.0,372.0,0.3628908926391602,False,PUT,2026-08-21,UNH
UNH260821P00250000,250.0,11.57,11.85,12.25,2.0,406.0,0.3605410626220703,False,PUT,2026-08-21,UNH
UNH260821P00260000,260.0,15.64,14.9,15.3,2.0,670.0,0.3548648498535155,False,PUT,2026-08-21,UNH
UNH260821P00270000,270.0,18.8,18.65,18.85,33.0,1223.0,0.3495090684509277,False,PUT,2026-08-21,UNH
UNH260821P00280000,280.0,24.1,22.7,23.2,12.0,5324.0,0.34775432525634764,False,PUT,2026-08-21,UNH
UNH260821P00290000,290.0,27.77,27.5,27.9,82.0,814.0,0.3439091488647461,False,PUT,2026-08-21,UNH
UNH260821P00300000,300.0,34.0,32.95,33.45,9.0,659.0,0.3438786315917969,True,PUT,2026-08-21,UNH
UNH260821P00310000,310.0,39.05,38.6,39.15,13.0,802.0,0.33978931701660153,True,PUT,2026-08-21,UNH
UNH260821P00320000,320.0,46.95,44.95,45.95,10.0,384.0,0.3428410443115234,True,PUT,2026-08-21,UNH
UNH260821P00330000,330.0,53.95,51.7,52.7,51.0,200.0,0.3402165588378906,True,PUT,2026-08-21,UNH
UNH260821P00340000,340.0,64.21,58.5,60.1,1.0,167.0,0.34052173156738286,True,PUT,2026-08-21,UNH
UNH260821P00350000,350.0,68.8,66.75,67.8,1.0,130.0,0.34001819656372073,True,PUT,2026-08-21,UNH
UNH260821P00360000,360.0,77.4,74.7,75.75,1.0,597.0,0.3384160397338867,True,PUT,2026-08-21,UNH
UNH260821P00370000,370.0,93.75,82.95,84.65,70.0,146.0,0.34671673797607416,True,PUT,2026-08-21,UNH
UNH260821P00380000,380.0,92.95,91.5,94.1,1.0,58.0,0.3609988217163086,True,PUT,2026-08-21,UNH
UNH260918C00210000,210.0,87.51,86.45,92.15,3.0,80.0,0.4437311486816406,True,CALL,2026-09-18,UNH
UNH260918C00220000,220.0,75.0,77.75,83.0,4.0,172.0,0.4159909475708008,True,CALL,2026-09-18,UNH
UNH260918C00230000,230.0,64.7,71.2,75.2,8.0,290.0,0.4093686993408203,True,CALL,2026-09-18,UNH
UNH260918C00240000,240.0,66.5,66.45,67.7,5.0,270.0,0.4019835192871094,True,CALL,2026-09-18,UNH
UNH260918C00250000,250.0,59.31,57.6,60.65,8.0,446.0,0.3958190301513672,True,CALL,2026-09-18,UNH
UNH260918C00260000,260.0,50.5,52.15,53.95,1.0,232.0,0.3890441955566406,True,CALL,2026-09-18,UNH
UNH260918C00270000,270.0,45.65,46.8,48.3,8.0,447.0,0.3898376446533204,True,CALL,2026-09-18,UNH
UNH260918C00280000,280.0,40.6,41.35,42.45,49.0,1041.0,0.38301703414916993,True,CALL,2026-09-18,UNH
UNH260918C00290000,290.0,36.28,36.25,36.85,25.0,492.0,0.3743501286315917,True,CALL,2026-09-18,UNH
UNH260918C00300000,300.0,30.76,31.75,32.5,50.0,1250.0,0.3745637495422363,False,CALL,2026-09-18,UNH
UNH260918C00310000,310.0,26.87,27.65,28.45,21.0,954.0,0.3733430586242676,False,CALL,2026-09-18,UNH
UNH260918C00320000,320.0,24.25,23.85,24.5,8.0,1187.0,0.3687807263183594,False,CALL,2026-09-18,UNH
UNH260918C00330000,330.0,21.0,20.75,21.25,33.0,1253.0,0.3675600354003906,False,CALL,2026-09-18,UNH
UNH260918C00340000,340.0,17.77,18.0,18.7,12.0,890.0,0.3701540036010742,False,CALL,2026-09-18,UNH
UNH260918C00350000,350.0,15.17,15.3,16.15,687.0,1665.0,0.36911641632080083,False,CALL,2026-09-18,UNH
UNH260918C00360000,360.0,12.95,13.6,14.05,19.0,645.0,0.3699098654174804,False,CALL,2026-09-18,UNH
UNH260918C00370000,370.0,11.3,11.75,12.35,18.0,780.0,0.3725190922546387,False,CALL,2026-09-18,UNH
UNH260918C00380000,380.0,10.45,10.2,10.85,22.0,1111.0,0.3749146981811523,False,CALL,2026-09-18,UNH
UNH260918P00210000,210.0,5.01,4.65,5.0,2.0,199.0,0.37915659912109373,False,PUT,2026-09-18,UNH
UNH260918P00220000,220.0,6.75,6.2,6.6,28.0,582.0,0.373480386352539,False,PUT,2026-09-18,UNH
UNH260918P00230000,230.0,8.3,8.0,8.6,18.0,897.0,0.3688417608642578,False,PUT,2026-09-18,UNH
UNH260918P00240000,240.0,10.9,10.5,10.95,28.0,2045.0,0.3635927899169922,False,PUT,2026-09-18,UNH
UNH260918P00250000,250.0,14.0,13.3,13.8,1.0,2584.0,0.3596102857971191,False,PUT,2026-09-18,UNH
UNH260918P00260000,260.0,17.0,16.6,17.2,100.0,685.0,0.356878989868164,False,PUT,2026-09-18,UNH
UNH260918P00270000,270.0,21.6,20.25,20.85,11.0,1558.0,0.3514163980102538,False,PUT,2026-09-18,UNH
UNH260918P00280000,280.0,26.0,24.65,25.7,1.0,1435.0,0.35419346984863276,False,PUT,2026-09-18,UNH
UNH260918P00290000,290.0,31.45,29.4,30.45,10.0,1122.0,0.3502109657287597,False,PUT,2026-09-18,UNH
UNH260918P00300000,300.0,36.59,34.65,35.5,5.0,2243.0,0.3443974252319336,True,PUT,2026-09-18,UNH
UNH260918P00310000,310.0,41.97,40.25,41.3,5.0,1260.0,0.3416356120300293,True,PUT,2026-09-18,UNH
UNH260918P00320000,320.0,49.0,46.6,48.1,2.0,637.0,0.3448246670532227,True,PUT,2026-09-18,UNH
UNH260918P00330000,330.0,56.1,53.3,54.4,132.0,1284.0,0.33804983245849607,True,PUT,2026-09-18,UNH
UNH260918P00340000,340.0,66.74,60.6,62.2,12.0,1082.0,0.34371078659057613,True,PUT,2026-09-18,UNH
UNH260918P00350000,350.0,72.0,67.8,69.5,3.0,491.0,0.33969776519775385,True,PUT,2026-09-18,UNH
UNH260918P00360000,360.0,85.62,75.8,77.1,32.0,1240.0,0.33505913970947265,True,PUT,2026-09-18,UNH
UNH260918P00370000,370.0,88.55,83.95,86.1,1.0,145.0,0.34516035705566406,True,PUT,2026-09-18,UNH
UNH260918P00380000,380.0,102.85,92.3,94.1,6.0,70.0,0.33847707427978513,True,PUT,2026-09-18,UNH
UNH261218C00210000,210.0,87.4,89.0,94.0,8.0,25.0,0.40680524841308596,True,CALL,2026-12-18,UNH
UNH261218C00220000,220.0,86.4,83.05,87.85,3.0,19.0,0.42358974853515624,True,CALL,2026-12-18,UNH
UNH261218C00230000,230.0,78.92,75.3,79.2,22.0,43.0,0.4002135174560547,True,CALL,2026-12-18,UNH
UNH261218C00240000,240.0,71.65,70.35,72.2,3.0,43.0,0.39523920196533213,True,CALL,2026-12-18,UNH
UNH261218C00250000,250.0,63.0,62.75,66.6,10.0,102.0,0.40180041564941404,True,CALL,2026-12-18,UNH
UNH261218C00260000,260.0,56.95,56.4,59.35,23.0,169.0,0.38625186508178705,True,CALL,2026-12-18,UNH
UNH261218C00270000,270.0,51.0,49.85,53.65,34.0,145.0,0.3834747932434082,True,CALL,2026-12-18,UNH
UNH261218C00280000,280.0,48.02,46.25,49.4,13.0,419.0,0.3908447146606445,True,CALL,2026-12-18,UNH
UNH261218C00290000,290.0,41.6,42.55,44.45,44.0,192.0,0.38768617691040036,True,CALL,2026-12-18,UNH
UNH261218C00300000,300.0,37.85,38.3,39.45,27.0,742.0,0.3808197904968262,False,CALL,2026-12-18,UNH
UNH261218C00310000,310.0,33.0,34.15,34.8,4.0,528.0,0.37401443862915035,False,CALL,2026-12-18,UNH
UNH261218C00320000,320.0,29.7,29.15,32.65,15.0,532.0,0.3867554000854492,False,CALL,2026-12-18,UNH
UNH261218C00330000,330.0,26.77,26.65,28.1,14.0,438.0,0.3748231463623046,False,CALL,2026-12-18,UNH
UNH261218C00340000,340.0,23.76,23.8,24.8,6.0,211.0,0.37140521179199215,False,CALL,2026-12-18,UNH
UNH261218C00350000,350.0,22.0,21.25,22.4,32.0,435.0,0.3737092658996582,False,CALL,2026-12-18,UNH
UNH261218C00360000,360.0,18.75,17.7,19.95,2.0,235.0,0.373129437713623,False,CALL,2026-12-18,UNH
UNH261218C00370000,370.0,17.68,16.85,17.75,15.0,275.0,0.372625902709961,False,CALL,2026-12-18,UNH
UNH261218C00380000,380.0,15.7,13.85,16.2,2.0,135.0,0.37662366546630854,False,CALL,2026-12-18,UNH
UNH261218P00210000,210.0,7.5,6.75,7.8,3.0,232.0,0.3732667654418945,False,PUT,2026-12-18,UNH
UNH261218P00220000,220.0,9.65,9.4,9.85,7.0,603.0,0.36844503631591796,False,PUT,2026-12-18,UNH
UNH261218P00230000,230.0,12.6,11.7,12.25,60.0,536.0,0.36380641082763676,False,PUT,2026-12-18,UNH
UNH261218P00240000,240.0,14.75,14.25,15.2,16.0,1730.0,0.3614870980834961,False,PUT,2026-12-18,UNH
UNH261218P00250000,250.0,19.25,17.6,18.4,14.0,1452.0,0.35736726623535153,False,PUT,2026-12-18,UNH
UNH261218P00260000,260.0,21.82,21.3,21.75,1.0,542.0,0.3506992420959472,False,PUT,2026-12-18,UNH
UNH261218P00270000,270.0,26.0,23.85,26.6,2.0,416.0,0.35515476394653317,False,PUT,2026-12-18,UNH
UNH261218P00280000,280.0,30.05,29.7,30.5,17.0,1817.0,0.3460148406982422,False,PUT,2026-12-18,UNH
UNH261218P00290000,290.0,35.04,33.2,35.95,130.0,721.0,0.34775432525634764,False,PUT,2026-12-18,UNH
UNH261218P00300000,300.0,40.35,39.8,40.95,54.0,1441.0,0.3415593188476562,True,PUT,2026-12-18,UNH
UNH261218P00310000,310.0,48.0,44.85,46.65,6.0,466.0,0.338171901550293,True,PUT,2026-12-18,UNH
UNH261218P00320000,320.0,54.5,51.6,54.4,5.0,645.0,0.3499363102722168,True,PUT,2026-12-18,UNH
UNH261218P00330000,330.0,59.07,58.0,61.45,1.0,1009.0,0.35227088165283205,True,PUT,2026-12-18,UNH
UNH261218P00340000,340.0,66.15,64.0,67.35,1.0,664.0,0.34087268020629885,True,PUT,2026-12-18,UNH
UNH261218P00350000,350.0,73.0,70.8,74.3,1.0,321.0,0.3360814683532715,True,PUT,2026-12-18,UNH
UNH261218P00360000,360.0,81.49,78.55,81.75,1.0,84.0,0.33316706878662117,True,PUT,2026-12-18,UNH
UNH261218P00370000,370.0,96.97,87.4,89.55,126.0,146.0,0.3309698251342773,True,PUT,2026-12-18,UNH
UNH261218P00380000,380.0,96.5,94.0,97.7,20.0,42.0,0.3298712033081054,True,PUT,2026-12-18,UNH
UNH270115C00210000,210.0,93.6,90.5,99.0,8.0,1097.0,0.46298754791259766,True,CALL,2027-01-15,UNH
UNH270115C00220000,220.0,86.2,84.7,90.85,4.0,1226.0,0.44556218505859374,True,CALL,2027-01-15,UNH
UNH270115C00230000,230.0,78.7,77.1,80.95,15.0,285.0,0.40535567794799804,True,CALL,2027-01-15,UNH
UNH270115C00240000,240.0,72.6,71.6,73.95,14.0,720.0,0.39893179199218753,True,CALL,2027-01-15,UNH
UNH270115C00250000,250.0,66.35,66.0,67.5,486.0,14147.0,0.39493402923583987,True,CALL,2027-01-15,UNH
UNH270115C00260000,260.0,58.75,58.7,61.95,38.0,11188.0,0.39633782379150395,True,CALL,2027-01-15,UNH
UNH270115C00270000,270.0,53.95,53.5,55.95,4.0,656.0,0.38966979965209964,True,CALL,2027-01-15,UNH
UNH270115C00280000,280.0,49.38,48.35,50.25,120.0,4891.0,0.3827271200561523,True,CALL,2027-01-15,UNH
UNH270115C00290000,290.0,44.6,44.45,45.3,62.0,3240.0,0.3795075477600098,True,CALL,2027-01-15,UNH
UNH270115C00300000,300.0,40.3,40.05,40.5,246.0,12700.0,0.3745332322692871,False,CALL,2027-01-15,UNH
UNH270115C00310000,310.0,36.0,35.7,37.3,27.0,1410.0,0.38052987640380853,False,CALL,2027-01-15,UNH
UNH270115C00320000,320.0,33.5,32.4,33.3,18.0,1526.0,0.3766999586486816,False,CALL,2027-01-15,UNH
UNH270115C00330000,330.0,28.28,28.95,30.0,92.0,1685.0,0.3762421995544434,False,CALL,2027-01-15,UNH
UNH270115C00340000,340.0,25.5,26.05,27.7,30.0,1368.0,0.3820862573242187,False,CALL,2027-01-15,UNH
UNH270115C00350000,350.0,23.7,23.15,24.0,134.0,15204.0,0.37308366180419916,False,CALL,2027-01-15,UNH
UNH270115C00360000,360.0,21.15,20.7,21.85,31.0,1739.0,0.37569288864135747,False,CALL,2027-01-15,UNH
UNH270115C00370000,370.0,19.0,18.8,20.0,18.0,2062.0,0.37912608184814456,False,CALL,2027-01-15,UNH
UNH270115C00380000,380.0,16.63,16.8,17.45,44.0,1404.0,0.3738008177185058,False,CALL,2027-01-15,UNH
UNH270115P00210000,210.0,8.5,7.85,8.85,64.0,3163.0,0.3751283190917969,False,PUT,2027-01-15,UNH
UNH270115P00220000,220.0,10.8,10.0,10.7,6.0,1749.0,0.365667964477539,False,PUT,2027-01-15,UNH
UNH270115P00230000,230.0,13.8,12.55,13.25,20.0,1314.0,0.3618227880859375,False,PUT,2027-01-15,UNH
UNH270115P00240000,240.0,15.62,15.1,16.15,2.0,1786.0,0.3578250253295898,False,PUT,2027-01-15,UNH
UNH270115P00250000,250.0,19.23,19.0,19.6,45.0,4895.0,0.3556888162231445,False,PUT,2027-01-15,UNH
UNH270115P00260000,260.0,23.95,22.5,23.05,541.0,2828.0,0.3494938098144531,False,PUT,2027-01-15,UNH
UNH270115P00270000,270.0,27.95,26.45,27.4,127.0,2615.0,0.34833415344238283,False,PUT,2027-01-15,UNH
UNH270115P00280000,280.0,31.35,30.75,31.4,108.0,6227.0,0.34018604156494137,False,PUT,2027-01-15,UNH
UNH270115P00290000,290.0,37.87,35.75,37.95,21.0,2037.0,0.3514011393737792,False,PUT,2027-01-15,UNH
UNH270115P00300000,300.0,41.6,41.3,42.15,520.0,6328.0,0.338171901550293,True,PUT,2027-01-15,UNH
UNH270115P00310000,310.0,49.59,47.05,48.0,4.0,2338.0,0.33617302017211914,True,PUT,2027-01-15,UNH
UNH270115P00320000,320.0,54.65,53.05,54.55,25.0,934.0,0.33704276245117193,True,PUT,2027-01-15,UNH
UNH270115P00330000,330.0,60.45,58.05,60.55,116.0,749.0,0.3300390483093261,True,PUT,2027-01-15,UNH
UNH270115P00340000,340.0,67.0,66.3,68.6,10.0,635.0,0.338324487915039,True,PUT,2027-01-15,UNH
UNH270115P00350000,350.0,72.59,73.3,76.4,6.0,1481.0,0.34197130203247067,True,PUT,2027-01-15,UNH
UNH270115P00360000,360.0,82.25,79.5,83.3,11.0,583.0,0.3346624151611328,True,PUT,2027-01-15,UNH
UNH270115P00370000,370.0,90.78,88.65,89.85,15.0,385.0,0.3206244696044921,True,PUT,2027-01-15,UNH
UNH270115P00380000,380.0,99.54,95.65,99.85,5.0,586.0,0.33931629928588863,True,PUT,2027-01-15,UNH
UNH270617C00210000,210.0,97.5,96.6,103.6,2.0,210.0,0.4382380395507813,True,CALL,2027-06-17,UNH
UNH270617C00220000,220.0,91.6,90.25,94.0,5.0,227.0,0.4050962811279296,True,CALL,2027-06-17,UNH
UNH270617C00230000,230.0,84.15,82.05,87.5,4.0,165.0,0.402899037475586,True,CALL,2027-06-17,UNH
UNH270617C00240000,240.0,81.05,79.3,82.9,50.0,214.0,0.41496861892700193,True,CALL,2027-06-17,UNH
UNH270617C00250000,250.0,71.0,72.75,77.6,3.0,5967.0,0.4168454312133788,True,CALL,2027-06-17,UNH
UNH270617C00260000,260.0,67.4,67.1,71.7,37.0,671.0,0.4109861148071289,True,CALL,2027-06-17,UNH
UNH270617C00270000,270.0,62.5,62.25,65.35,15.0,585.0,0.3995116201782227,True,CALL,2027-06-17,UNH
UNH270617C00280000,280.0,57.8,57.85,61.2,126.0,571.0,0.40323472747802735,True,CALL,2027-06-17,UNH
UNH270617C00290000,290.0,52.4,52.75,54.65,12.0,560.0,0.3865570378112792,True,CALL,2027-06-17,UNH
UNH270617C00300000,300.0,48.0,48.95,50.4,21.0,2395.0,0.385275312347412,False,CALL,2027-06-17,UNH
UNH270617C00310000,310.0,45.52,44.85,46.15,2.0,930.0,0.38197944686889646,False,CALL,2027-06-17,UNH
UNH270617C00320000,320.0,41.0,40.8,42.55,19.0,1449.0,0.38149117050170894,False,CALL,2027-06-17,UNH
UNH270617C00330000,330.0,38.72,37.45,39.75,1.0,926.0,0.38495488098144526,False,CALL,2027-06-17,UNH
UNH270617C00340000,340.0,35.4,34.6,35.95,2.0,538.0,0.3794159959411621,False,CALL,2027-06-17,UNH
UNH270617C00350000,350.0,32.34,30.55,33.5,8.0,1536.0,0.3820557400512695,False,CALL,2027-06-17,UNH
UNH270617C00360000,360.0,29.56,29.1,30.35,1.0,2445.0,0.3779816841125488,False,CALL,2027-06-17,UNH
UNH270617C00370000,370.0,25.9,26.6,28.35,2.0,817.0,0.3809876354980468,False,CALL,2027-06-17,UNH
UNH270617C00380000,380.0,25.21,24.1,25.4,3.0,781.0,0.375357198638916,False,CALL,2027-06-17,UNH
UNH270617P00210000,210.0,12.9,9.45,12.95,14.0,651.0,0.3645693426513672,False,PUT,2027-06-17,UNH
UNH270617P00220000,220.0,15.1,14.7,16.05,3.0,726.0,0.3653780503845215,False,PUT,2027-06-17,UNH
UNH270617P00230000,230.0,17.9,17.4,18.8,8.0,786.0,0.35881683670043946,False,PUT,2027-06-17,UNH
UNH270617P00240000,240.0,20.88,21.0,22.0,13.0,1633.0,0.35384252120971676,False,PUT,2027-06-17,UNH
UNH270617P00250000,250.0,25.6,24.55,25.9,5.0,1288.0,0.35225562301635743,False,PUT,2027-06-17,UNH
UNH270617P00260000,260.0,30.01,27.75,29.7,14.0,1038.0,0.3468998416137695,False,PUT,2027-06-17,UNH
UNH270617P00270000,270.0,33.7,29.0,34.15,1.0,1474.0,0.34421432159423826,False,PUT,2027-06-17,UNH
UNH270617P00280000,280.0,38.5,36.5,38.9,38.0,608.0,0.34122362884521484,False,PUT,2027-06-17,UNH
UNH270617P00290000,290.0,42.92,39.0,43.85,7.0,1879.0,0.3372563833618164,False,PUT,2027-06-17,UNH
UNH270617P00300000,300.0,49.15,47.35,49.35,1.0,1894.0,0.3349828465270996,True,PUT,2027-06-17,UNH
UNH270617P00310000,310.0,59.95,53.35,55.4,11.0,397.0,0.3343725010681152,True,PUT,2027-06-17,UNH
UNH270617P00320000,320.0,61.8,59.4,61.9,2.0,770.0,0.3347844842529296,True,PUT,2027-06-17,UNH
UNH270617P00330000,330.0,67.55,65.85,69.65,3.0,1131.0,0.3421849229431152,True,PUT,2027-06-17,UNH
UNH270617P00340000,340.0,73.15,71.5,76.5,23.0,586.0,0.34110155975341794,True,PUT,2027-06-17,UNH
UNH270617P00350000,350.0,81.9,79.3,82.05,1.0,457.0,0.3284368914794922,True,PUT,2027-06-17,UNH
UNH270617P00360000,360.0,94.25,84.65,89.45,26.0,124.0,0.32756714920043944,True,PUT,2027-06-17,UNH
UNH270617P00370000,370.0,93.35,91.15,98.5,5.0,253.0,0.33780569427490237,True,PUT,2027-06-17,UNH
UNH270617P00380000,380.0,107.0,99.15,105.7,2.0,78.0,0.3321294815063477,True,PUT,2027-06-17,UNH
UNH270917C00210000,210.0,96.8,101.4,104.5,3.0,30.0,0.4120694779968262,True,CALL,2027-09-17,UNH
UNH270917C00220000,220.0,87.22,94.65,97.25,12.0,25.0,0.40320421020507813,True,CALL,2027-09-17,UNH
UNH270917C00230000,230.0,87.2,88.9,91.75,2.0,16.0,0.407858094329834,True,CALL,2027-09-17,UNH
UNH270917C00240000,240.0,83.46,81.0,89.0,1.0,29.0,0.4318904467773438,True,CALL,2027-09-17,UNH
UNH270917C00250000,250.0,78.0,74.45,79.2,3.0,22.0,0.3959410992431641,True,CALL,2027-09-17,UNH
UNH270917C00260000,260.0,65.98,71.2,74.85,6.0,14.0,0.401724122467041,True,CALL,2027-09-17,UNH
UNH270917C00270000,270.0,65.95,64.45,70.65,4.0,18.0,0.40599654067993163,True,CALL,2027-09-17,UNH
UNH270917C00280000,280.0,62.7,58.75,65.5,3.0,26.0,0.4012816220092773,True,CALL,2027-09-17,UNH
UNH270917C00290000,290.0,59.65,56.7,59.65,2.0,49.0,0.39003600692749024,True,CALL,2027-09-17,UNH
UNH270917C00300000,300.0,53.25,53.55,56.0,4.0,24.0,0.39238583694458,False,CALL,2027-09-17,UNH
UNH270917C00310000,310.0,48.75,47.6,51.0,3.0,32.0,0.38387151779174805,False,CALL,2027-09-17,UNH
UNH270917C00320000,320.0,46.1,44.8,47.4,1.0,61.0,0.3832153964233398,False,CALL,2027-09-17,UNH
UNH270917C00330000,330.0,37.7,42.5,43.95,10.0,79.0,0.382017593460083,False,CALL,2027-09-17,UNH
UNH270917C00340000,340.0,35.38,39.1,40.65,14.0,21.0,0.3803467727661133,False,CALL,2027-09-17,UNH
UNH270917C00350000,350.0,36.1,36.5,37.7,5.0,60.0,0.37962198753356935,False,CALL,2027-09-17,UNH
UNH270917C00360000,360.0,33.3,33.75,35.25,8.0,42.0,0.380941859588623,False,CALL,2027-09-17,UNH
UNH270917C00370000,370.0,51.9,31.0,36.85,2.0,34.0,0.4085752502441406,False,CALL,2027-09-17,UNH
UNH270917C00380000,380.0,25.55,27.1,31.85,2.0,29.0,0.39031066238403317,False,CALL,2027-09-17,UNH
UNH270917P00210000,210.0,15.45,14.7,15.8,1.0,17.0,0.36591210266113283,False,PUT,2027-09-17,UNH
UNH270917P00220000,220.0,17.5,17.4,18.9,2.0,24.0,0.3638674453735352,False,PUT,2027-09-17,UNH
UNH270917P00230000,230.0,24.35,20.6,21.95,23.0,30.0,0.3584811466979981,False,PUT,2027-09-17,UNH
UNH270917P00240000,240.0,24.2,24.1,25.95,2.0,6.0,0.3587252848815918,False,PUT,2027-09-17,UNH
UNH270917P00250000,250.0,28.8,26.5,29.9,6.0,111.0,0.3557651094055175,False,PUT,2027-09-17,UNH
UNH270917P00260000,260.0,34.0,31.85,33.7,13.0,68.0,0.34932596481323236,False,PUT,2027-09-17,UNH
UNH270917P00270000,270.0,40.39,33.75,37.15,2.0,2.0,0.33838552246093745,False,PUT,2027-09-17,UNH
UNH270917P00280000,280.0,41.4,40.4,41.9,7.0,78.0,0.33493707061767575,False,PUT,2027-09-17,UNH
UNH270917P00290000,290.0,52.35,44.3,48.25,55.0,113.0,0.34040729179382323,False,PUT,2027-09-17,UNH
UNH270917P00300000,300.0,53.42,49.75,53.75,2.0,185.0,0.33780569427490237,True,PUT,2027-09-17,UNH
UNH270917P00310000,310.0,64.14,55.25,58.95,6.0,103.0,0.33129025650024413,True,PUT,2027-09-17,UNH
UNH270917P00320000,320.0,70.0,63.2,67.65,2.0,57.0,0.3462589788818359,True,PUT,2027-09-17,UNH
UNH270917P00330000,330.0,75.7,68.35,70.55,3.0,6.0,0.3207617973327636,True,PUT,2027-09-17,UNH
UNH270917P00340000,340.0,56.35,75.5,78.65,2.0,31.0,0.3282385292053222,True,PUT,2027-09-17,UNH
UNH270917P00350000,350.0,89.15,82.45,88.0,4.0,20.0,0.3427037165832519,True,PUT,2027-09-17,UNH
UNH270917P00360000,360.0,97.03,89.4,95.0,1.0,4.0,0.3398656101989746,True,PUT,2027-09-17,UNH
UNH270917P00370000,370.0,104.4,96.7,98.65,260.0,269.0,0.3118202363586425,True,PUT,2027-09-17,UNH
UNH270917P00380000,380.0,107.3,103.45,106.2,20.0,44.0,0.309226268157959,True,PUT,2027-09-17,UNH
UNH271217C00210000,210.0,104.5,104.3,107.05,3.0,183.0,0.40738507659912115,True,CALL,2027-12-17,UNH
UNH271217C00220000,220.0,96.63,95.2,99.9,17.0,376.0,0.39845877426147464,True,CALL,2027-12-17,UNH
UNH271217C00230000,230.0,93.32,90.95,95.25,1.0,117.0,0.4081785256958008,True,CALL,2027-12-17,UNH
UNH271217C00240000,240.0,86.01,83.25,87.1,5.0,332.0,0.3877624700927734,True,CALL,2027-12-17,UNH
UNH271217C00250000,250.0,81.65,78.4,82.5,2.0,1290.0,0.3929504064941406,True,CALL,2027-12-17,UNH
UNH271217C00260000,260.0,74.0,75.75,77.8,3.0,541.0,0.39491877059936525,True,CALL,2027-12-17,UNH
UNH271217C00270000,270.0,71.23,70.5,72.7,3.0,349.0,0.3921111814880371,True,CALL,2027-12-17,UNH
UNH271217C00280000,280.0,67.55,66.2,67.9,1.0,630.0,0.389654541015625,True,CALL,2027-12-17,UNH
UNH271217C00290000,290.0,62.5,60.35,63.0,29.0,969.0,0.38496251029968254,True,CALL,2027-12-17,UNH
UNH271217C00300000,300.0,58.14,58.0,58.8,64.0,2578.0,0.38329168960571286,False,CALL,2027-12-17,UNH
UNH271217C00310000,310.0,54.98,52.3,55.65,4.0,512.0,0.38676302940368645,False,CALL,2027-12-17,UNH
UNH271217C00320000,320.0,49.9,48.7,51.6,12.0,442.0,0.3831238446044921,False,CALL,2027-12-17,UNH
UNH271217C00330000,330.0,46.75,46.45,48.0,4.0,337.0,0.3809876354980468,False,CALL,2027-12-17,UNH
UNH271217C00340000,340.0,43.82,42.3,45.4,2.0,288.0,0.383795224609375,False,CALL,2027-12-17,UNH
UNH271217C00350000,350.0,40.73,39.4,42.25,16.0,1607.0,0.38197944686889646,False,CALL,2027-12-17,UNH
UNH271217C00360000,360.0,38.92,36.65,38.95,15.0,463.0,0.37805797729492185,False,CALL,2027-12-17,UNH
UNH271217C00370000,370.0,32.05,33.35,38.4,5.0,183.0,0.3903411796569824,False,CALL,2027-12-17,UNH
UNH271217C00380000,380.0,33.4,32.8,33.5,3.0,382.0,0.37413650772094725,False,CALL,2027-12-17,UNH
UNH271217P00210000,210.0,18.17,16.95,17.85,1.0,192.0,0.36069364898681633,False,PUT,2027-12-17,UNH
UNH271217P00220000,220.0,21.11,19.8,20.7,46.0,283.0,0.3549869189453124,False,PUT,2027-12-17,UNH
UNH271217P00230000,230.0,23.75,23.1,24.3,13.0,587.0,0.3533847621154785,False,PUT,2027-12-17,UNH
UNH271217P00240000,240.0,27.75,26.45,27.7,2.0,1157.0,0.34776958389282225,False,PUT,2027-12-17,UNH
UNH271217P00250000,250.0,31.2,30.4,31.55,6.0,1280.0,0.34355820022583,False,PUT,2027-12-17,UNH
UNH271217P00260000,260.0,35.65,33.4,36.7,6.0,951.0,0.34651074638366686,False,PUT,2027-12-17,UNH
UNH271217P00270000,270.0,40.23,39.45,41.1,1.0,746.0,0.34197130203247067,False,PUT,2027-12-17,UNH
UNH271217P00280000,280.0,45.02,44.2,45.75,24.0,1275.0,0.33730215927124024,False,PUT,2027-12-17,UNH
UNH271217P00290000,290.0,50.99,49.0,50.7,1.0,1015.0,0.3328313787841797,False,PUT,2027-12-17,UNH
UNH271217P00300000,300.0,56.1,54.55,55.9,6.0,2764.0,0.3282614171600341,True,PUT,2027-12-17,UNH
UNH271217P00310000,310.0,61.2,59.55,61.7,1.0,493.0,0.32578188873291014,True,PUT,2027-12-17,UNH
UNH271217P00320000,320.0,67.57,64.1,67.95,8.0,591.0,0.32445438735961907,True,PUT,2027-12-17,UNH
UNH271217P00330000,330.0,73.74,72.5,73.8,1.0,566.0,0.31903757141113276,True,PUT,2027-12-17,UNH
UNH271217P00340000,340.0,80.7,76.5,80.1,15.0,258.0,0.31487196365356435,True,PUT,2027-12-17,UNH
UNH271217P00350000,350.0,87.6,82.9,87.4,1.0,301.0,0.31548230911254876,True,PUT,2027-12-17,UNH
UNH271217P00360000,360.0,93.45,90.35,94.25,5.0,298.0,0.3118354949951171,True,PUT,2027-12-17,UNH
UNH271217P00370000,370.0,99.75,98.6,104.15,1.0,197.0,0.32656770851135253,True,PUT,2027-12-17,UNH
UNH271217P00380000,380.0,107.8,105.6,109.0,2.0,160.0,0.3071053176879882,True,PUT,2027-12-17,UNH
UNH280121C00210000,210.0,104.75,105.05,108.95,1.0,51.0,0.41428198028564456,True,CALL,2028-01-21,UNH
UNH280121C00220000,220.0,95.9,97.1,102.15,1.0,65.0,0.407430852508545,True,CALL,2028-01-21,UNH
UNH280121C00230000,230.0,91.2,91.2,98.0,4.0,70.0,0.41968353759765625,True,CALL,2028-01-21,UNH
UNH280121C00240000,240.0,87.7,85.85,90.85,5.0,86.0,0.40621016159057616,True,CALL,2028-01-21,UNH
UNH280121C00250000,250.0,80.9,80.8,84.0,6.0,627.0,0.3940032524108887,True,CALL,2028-01-21,UNH
UNH280121C00260000,260.0,78.24,77.15,79.75,10.0,308.0,0.39861136062622077,True,CALL,2028-01-21,UNH
UNH280121C00270000,270.0,72.25,69.95,75.4,5.0,408.0,0.4004423970031738,True,CALL,2028-01-21,UNH
UNH280121C00280000,280.0,68.05,67.95,70.25,29.0,486.0,0.3953002365112305,True,CALL,2028-01-21,UNH
UNH280121C00290000,290.0,63.9,62.4,65.0,41.0,1282.0,0.38817445327758787,True,CALL,2028-01-21,UNH
UNH280121C00300000,300.0,59.15,57.35,61.0,110.0,1078.0,0.38757936645507807,False,CALL,2028-01-21,UNH
UNH280121C00310000,310.0,55.45,55.65,58.2,12.0,365.0,0.3929504064941406,False,CALL,2028-01-21,UNH
UNH280121C00320000,320.0,51.0,50.85,53.95,2.0,434.0,0.38805238418579097,False,CALL,2028-01-21,UNH
UNH280121C00330000,330.0,47.64,48.5,52.45,5.0,463.0,0.39864187789917,False,CALL,2028-01-21,UNH
UNH280121C00340000,340.0,44.5,44.15,46.9,1.0,581.0,0.3834595346069336,False,CALL,2028-01-21,UNH
UNH280121C00350000,350.0,42.7,42.55,44.15,21.0,1828.0,0.38413091461181637,False,CALL,2028-01-21,UNH
UNH280121C00360000,360.0,39.2,38.3,40.9,31.0,398.0,0.38068246276855466,False,CALL,2028-01-21,UNH
UNH280121C00370000,370.0,37.5,35.75,41.75,2.0,328.0,0.4012511047363281,False,CALL,2028-01-21,UNH
UNH280121C00380000,380.0,35.4,30.0,36.15,29.0,332.0,0.3814148773193359,False,CALL,2028-01-21,UNH
UNH280121P00210000,210.0,18.89,17.6,18.55,20.0,662.0,0.35835907760620117,False,PUT,2028-01-21,UNH
UNH280121P00220000,220.0,21.72,20.75,21.95,78.0,286.0,0.35701631759643554,False,PUT,2028-01-21,UNH
UNH280121P00230000,230.0,24.64,24.1,25.05,57.0,272.0,0.35074501800537106,False,PUT,2028-01-21,UNH
UNH280121P00240000,240.0,29.0,27.65,28.75,5.0,265.0,0.34717449707031245,False,PUT,2028-01-21,UNH
UNH280121P00250000,250.0,33.0,31.8,32.6,401.0,2203.0,0.34267319931030266,False,PUT,2028-01-21,UNH
UNH280121P00260000,260.0,37.52,35.7,37.75,2.0,1040.0,0.3452213916015625,False,PUT,2028-01-21,UNH
UNH280121P00270000,270.0,41.71,40.4,42.25,17.0,695.0,0.3411931115722656,False,PUT,2028-01-21,UNH
UNH280121P00280000,280.0,47.2,45.15,46.6,1.0,1463.0,0.3344945701599121,False,PUT,2028-01-21,UNH
UNH280121P00290000,290.0,51.94,50.5,51.7,12.0,330.0,0.3309545664978027,False,PUT,2028-01-21,UNH
UNH280121P00300000,300.0,56.15,55.8,56.85,79.0,1423.0,0.3260718028259277,True,PUT,2028-01-21,UNH
UNH280121P00310000,310.0,63.02,60.45,62.45,8.0,261.0,0.32237921279907217,True,PUT,2028-01-21,UNH
UNH280121P00320000,320.0,69.52,66.9,68.85,1.0,240.0,0.3219672296142577,True,PUT,2028-01-21,UNH
UNH280121P00330000,330.0,75.13,73.3,75.2,2.0,491.0,0.31972421005249013,True,PUT,2028-01-21,UNH
UNH280121P00340000,340.0,82.0,79.1,81.9,1.0,135.0,0.3181373118591308,True,PUT,2028-01-21,UNH
UNH280121P00350000,350.0,88.63,84.8,88.15,9.0,1384.0,0.31238480590820306,True,PUT,2028-01-21,UNH
UNH280121P00360000,360.0,94.78,92.5,94.9,15.0,46.0,0.3082649740600586,True,PUT,2028-01-21,UNH
UNH280121P00370000,370.0,102.3,99.5,101.95,1.0,31.0,0.30463341857910153,True,PUT,2028-01-21,UNH
UNH280121P00380000,380.0,116.0,107.85,111.2,2.0,29.0,0.31389541091918943,True,PUT,2028-01-21,UNH
UPS260130C00080000,80.0,25.72,24.7,28.8,10.0,12.0,3.702149182128906,True,CALL,2026-01-30,UPS
UPS260130C00085000,85.0,16.17,19.7,23.75,1.0,1.0,3.1054709863281245,True,CALL,2026-01-30,UPS
UPS260130C00090000,90.0,14.57,14.9,18.55,5.0,63.0,2.4501991870117186,True,CALL,2026-01-30,UPS
UPS260130C00091000,91.0,13.67,13.9,17.25,2.0,30.0,2.1796920507812496,True,CALL,2026-01-30,UPS
UPS260130C00092000,92.0,14.0,12.9,16.45,2.0,16.0,2.1865279711914063,True,CALL,2026-01-30,UPS
UPS260130C00093000,93.0,15.28,11.9,14.65,64.0,20.0,1.6220722021484375,True,CALL,2026-01-30,UPS
UPS260130C00094000,94.0,14.15,10.9,13.7,14.0,69.0,1.5634787451171874,True,CALL,2026-01-30,UPS
UPS260130C00095000,95.0,12.0,9.9,12.6,1.0,55.0,1.41015919921875,True,CALL,2026-01-30,UPS
UPS260130C00096000,96.0,9.5,8.95,11.7,7.0,18.0,1.3798859130859373,True,CALL,2026-01-30,UPS
UPS260130C00097000,97.0,8.16,8.85,11.1,1.0,23.0,0.6757844921875001,True,CALL,2026-01-30,UPS
UPS260130C00098000,98.0,9.83,6.95,9.25,42.0,46.0,0.9160164648437501,True,CALL,2026-01-30,UPS
UPS260130C00099000,99.0,6.89,6.2,8.25,2.0,11.0,0.8359391406249999,True,CALL,2026-01-30,UPS
UPS260130C00100000,100.0,6.01,5.35,7.4,6.0,169.0,0.8476577734374999,True,CALL,2026-01-30,UPS
UPS260130C00101000,101.0,4.1,4.0,6.2,8.0,193.0,0.64062859375,True,CALL,2026-01-30,UPS
UPS260130C00102000,102.0,4.67,4.3,5.25,9.0,100.0,0.5898478515625001,True,CALL,2026-01-30,UPS
UPS260130C00103000,103.0,3.57,3.45,4.45,122.0,187.0,0.6025430371093752,True,CALL,2026-01-30,UPS
UPS260130C00104000,104.0,2.44,2.51,3.15,197.0,301.0,0.36426416992187505,True,CALL,2026-01-30,UPS
UPS260130C00105000,105.0,1.98,1.7,2.12,505.0,1195.0,0.26270268554687504,True,CALL,2026-01-30,UPS
UPS260130C00106000,106.0,1.3,1.03,1.44,435.0,521.0,0.28711650390624993,True,CALL,2026-01-30,UPS
UPS260130C00107000,107.0,0.65,0.46,0.75,607.0,1510.0,0.249030947265625,False,CALL,2026-01-30,UPS
UPS260130C00108000,108.0,0.3,0.26,0.33,178.0,1098.0,0.23535920898437498,False,CALL,2026-01-30,UPS
UPS260130C00109000,109.0,0.11,0.07,0.18,266.0,816.0,0.26367923828125,False,CALL,2026-01-30,UPS
UPS260130C00110000,110.0,0.07,0.05,0.07,443.0,3029.0,0.26367923828125,False,CALL,2026-01-30,UPS
UPS260130C00111000,111.0,0.04,0.03,0.04,111.0,1609.0,0.2929758203124999,False,CALL,2026-01-30,UPS
UPS260130C00112000,112.0,0.02,0.01,0.03,69.0,1271.0,0.3320379296875,False,CALL,2026-01-30,UPS
UPS260130C00113000,113.0,0.02,0.01,0.03,19.0,521.0,0.38281867187499996,False,CALL,2026-01-30,UPS
UPS260130C00114000,114.0,0.01,0.0,0.03,5.0,605.0,0.4335994140625,False,CALL,2026-01-30,UPS
UPS260130C00115000,115.0,0.01,0.0,0.01,94.0,2953.0,0.414068359375,False,CALL,2026-01-30,UPS
UPS260130C00116000,116.0,0.01,0.0,0.01,12.0,1165.0,0.45313046875,False,CALL,2026-01-30,UPS
UPS260130C00117000,117.0,0.01,0.0,0.01,1.0,1018.0,0.500005,False,CALL,2026-01-30,UPS
UPS260130C00118000,118.0,0.02,0.0,0.02,1.0,315.0,0.5390671093750001,False,CALL,2026-01-30,UPS
UPS260130C00119000,119.0,0.01,0.0,0.02,2.0,264.0,0.57812921875,False,CALL,2026-01-30,UPS
UPS260130C00120000,120.0,0.01,0.0,0.02,7.0,3317.0,0.6250037500000001,False,CALL,2026-01-30,UPS
UPS260130C00121000,121.0,0.01,0.0,0.42,11.0,386.0,1.05078599609375,False,CALL,2026-01-30,UPS
UPS260130C00122000,122.0,0.12,0.0,0.01,27.0,257.0,0.6562534375000001,False,CALL,2026-01-30,UPS
UPS260130C00123000,123.0,0.01,0.0,0.02,31.0,166.0,0.73437765625,False,CALL,2026-01-30,UPS
UPS260130C00125000,125.0,0.03,0.0,0.01,1.0,710.0,0.7500025,False,CALL,2026-01-30,UPS
UPS260130C00128000,128.0,0.04,0.0,0.02,5.0,99.0,0.92187578125,False,CALL,2026-01-30,UPS
UPS260130C00130000,130.0,0.01,0.0,0.02,51.0,782.0,0.98437515625,False,CALL,2026-01-30,UPS
UPS260130C00135000,135.0,0.01,0.0,0.01,408.0,1498.0,1.0625046875000002,False,CALL,2026-01-30,UPS
UPS260130P00075000,75.0,0.01,0.0,0.02,53.0,420.0,1.75000125,False,PUT,2026-01-30,UPS
UPS260130P00080000,80.0,0.01,0.0,0.02,44.0,1737.0,1.4375028125,False,PUT,2026-01-30,UPS
UPS260130P00085000,85.0,0.01,0.0,0.01,1.0,3893.0,1.09375453125,False,PUT,2026-01-30,UPS
UPS260130P00086000,86.0,0.01,0.0,0.02,30.0,200.0,1.109379453125,False,PUT,2026-01-30,UPS
UPS260130P00087000,87.0,0.01,0.0,0.01,296.0,291.0,0.9687503125,False,PUT,2026-01-30,UPS
UPS260130P00088000,88.0,0.01,0.0,0.02,1.0,227.0,1.000005,False,PUT,2026-01-30,UPS
UPS260130P00089000,89.0,0.01,0.0,0.02,106.0,227.0,0.9531254687499999,False,PUT,2026-01-30,UPS
UPS260130P00090000,90.0,0.01,0.0,0.01,16.0,1730.0,0.8437515624999999,False,PUT,2026-01-30,UPS
UPS260130P00091000,91.0,0.01,0.0,0.02,2.0,345.0,0.8437515624999999,False,PUT,2026-01-30,UPS
UPS260130P00092000,92.0,0.01,0.0,0.02,1.0,456.0,0.79687703125,False,PUT,2026-01-30,UPS
UPS260130P00093000,93.0,0.01,0.0,0.01,11.0,1134.0,0.6875031250000001,False,PUT,2026-01-30,UPS
UPS260130P00094000,94.0,0.01,0.0,0.01,6.0,727.0,0.64062859375,False,PUT,2026-01-30,UPS
UPS260130P00095000,95.0,0.01,0.0,0.02,14.0,1682.0,0.64062859375,False,PUT,2026-01-30,UPS
UPS260130P00096000,96.0,0.08,0.0,0.01,18.0,231.0,0.5468795312500001,False,PUT,2026-01-30,UPS
UPS260130P00097000,97.0,0.01,0.0,0.02,47.0,584.0,0.5468795312500001,False,PUT,2026-01-30,UPS
UPS260130P00098000,98.0,0.02,0.0,0.02,9.0,516.0,0.5390671093750001,False,PUT,2026-01-30,UPS
UPS260130P00099000,99.0,0.02,0.01,0.09,12.0,555.0,0.5546919531250001,False,PUT,2026-01-30,UPS
UPS260130P00100000,100.0,0.02,0.02,0.04,121.0,2509.0,0.476567734375,False,PUT,2026-01-30,UPS
UPS260130P00101000,101.0,0.04,0.01,0.17,40.0,635.0,0.5625043750000001,False,PUT,2026-01-30,UPS
UPS260130P00102000,102.0,0.05,0.02,0.1,56.0,653.0,0.42774009765625004,False,PUT,2026-01-30,UPS
UPS260130P00103000,103.0,0.07,0.06,0.1,499.0,1908.0,0.358404853515625,False,PUT,2026-01-30,UPS
UPS260130P00104000,104.0,0.12,0.09,0.2,66.0,538.0,0.3505924316406249,False,PUT,2026-01-30,UPS
UPS260130P00105000,105.0,0.19,0.16,0.33,256.0,1149.0,0.3242255078124999,False,PUT,2026-01-30,UPS
UPS260130P00106000,106.0,0.53,0.25,0.69,106.0,1321.0,0.34668622070312494,False,PUT,2026-01-30,UPS
UPS260130P00107000,107.0,0.68,0.78,1.32,208.0,657.0,0.4057676611328125,True,PUT,2026-01-30,UPS
UPS260130P00108000,108.0,1.46,1.42,2.0,316.0,1314.0,0.44043528320312497,True,PUT,2026-01-30,UPS
UPS260130P00109000,109.0,3.49,1.82,2.99,10.0,308.0,0.55273884765625,True,PUT,2026-01-30,UPS
UPS260130P00110000,110.0,4.0,2.9,4.4,56.0,264.0,0.526371923828125,True,PUT,2026-01-30,UPS
UPS260130P00111000,111.0,3.81,3.65,6.15,135.0,107.0,0.7192410888671875,True,PUT,2026-01-30,UPS
UPS260130P00112000,112.0,6.4,4.9,7.15,8.0,44.0,0.8608412353515625,True,PUT,2026-01-30,UPS
UPS260130P00113000,113.0,7.2,5.65,8.1,4.0,0.0,0.88476677734375,True,PUT,2026-01-30,UPS
UPS260130P00114000,114.0,4.54,6.7,9.15,7.0,0.0,0.989257919921875,True,PUT,2026-01-30,UPS
UPS260130P00115000,115.0,9.1,6.9,10.35,3.0,0.0,0.91992267578125,True,PUT,2026-01-30,UPS
UPS260130P00117000,117.0,11.15,8.4,12.35,2.0,0.0,0.8974619628906249,True,PUT,2026-01-30,UPS
UPS260130P00120000,120.0,15.05,11.45,15.3,4.0,7.0,1.0781296093750001,True,PUT,2026-01-30,UPS
UPS260206C00090000,90.0,18.15,15.0,17.45,1.0,1.0,0.8183611914062499,True,CALL,2026-02-06,UPS
UPS260206C00091000,91.0,17.1,13.95,16.55,4.0,5.0,0.815431533203125,True,CALL,2026-02-06,UPS
UPS260206C00092000,92.0,16.08,13.0,15.5,1.0,0.0,0.75586181640625,True,CALL,2026-02-06,UPS
UPS260206C00093000,93.0,11.65,12.0,14.25,1.0,1.0,0.6171913281250001,True,CALL,2026-02-06,UPS
UPS260206C00094000,94.0,13.85,11.0,13.45,20.0,26.0,0.657229990234375,True,CALL,2026-02-06,UPS
UPS260206C00095000,95.0,9.75,10.0,12.3,10.0,238.0,0.5634809277343751,True,CALL,2026-02-06,UPS
UPS260206C00096000,96.0,9.91,9.05,11.4,1.0,14.0,0.56055126953125,True,CALL,2026-02-06,UPS
UPS260206C00097000,97.0,9.5,8.0,10.45,1.0,5.0,0.5361374511718751,True,CALL,2026-02-06,UPS
UPS260206C00098000,98.0,6.8,7.1,9.45,4.0,4.0,0.49561051269531253,True,CALL,2026-02-06,UPS
UPS260206C00099000,99.0,10.38,6.1,8.1,12.0,18.0,0.335944140625,True,CALL,2026-02-06,UPS
UPS260206C00100000,100.0,5.31,5.5,7.4,27.0,60.0,0.39942006835937505,True,CALL,2026-02-06,UPS
UPS260206C00101000,101.0,4.6,4.25,6.15,1.0,5.0,0.28516339843749994,True,CALL,2026-02-06,UPS
UPS260206C00102000,102.0,4.7,3.25,5.55,8.0,133.0,0.3505924316406249,True,CALL,2026-02-06,UPS
UPS260206C00103000,103.0,4.0,3.95,4.4,3.0,28.0,0.27295648925781246,True,CALL,2026-02-06,UPS
UPS260206C00104000,104.0,3.5,3.15,3.55,28.0,77.0,0.257819921875,True,CALL,2026-02-06,UPS
UPS260206C00105000,105.0,2.86,2.48,2.77,50.0,172.0,0.2456130126953125,True,CALL,2026-02-06,UPS
UPS260206C00106000,106.0,1.98,1.81,2.14,194.0,231.0,0.24536887451171874,True,CALL,2026-02-06,UPS
UPS260206C00107000,107.0,1.48,1.48,1.61,479.0,838.0,0.24585715087890625,False,CALL,2026-02-06,UPS
UPS260206C00108000,108.0,1.11,0.91,1.19,205.0,156.0,0.2485426708984375,False,CALL,2026-02-06,UPS
UPS260206C00109000,109.0,0.77,0.62,0.86,95.0,317.0,0.2514723291015625,False,CALL,2026-02-06,UPS
UPS260206C00110000,110.0,0.5,0.31,0.55,537.0,685.0,0.243171630859375,False,CALL,2026-02-06,UPS
UPS260206C00111000,111.0,0.38,0.26,0.43,245.0,252.0,0.25928475097656256,False,CALL,2026-02-06,UPS
UPS260206C00112000,112.0,0.23,0.15,0.25,131.0,240.0,0.2500075,False,CALL,2026-02-06,UPS
UPS260206C00113000,113.0,0.15,0.11,0.2,4.0,112.0,0.266608896484375,False,CALL,2026-02-06,UPS
UPS260206C00114000,114.0,0.13,0.02,0.13,2.0,119.0,0.26856200195312496,False,CALL,2026-02-06,UPS
UPS260206C00115000,115.0,0.05,0.05,0.31,44.0,377.0,0.3657289990234375,False,CALL,2026-02-06,UPS
UPS260206C00116000,116.0,0.03,0.0,0.05,4.0,185.0,0.270515107421875,False,CALL,2026-02-06,UPS
UPS260206C00117000,117.0,0.04,0.0,0.45,74.0,83.0,0.471684970703125,False,CALL,2026-02-06,UPS
UPS260206C00118000,118.0,0.28,0.0,0.26,2.0,1414.0,0.436529072265625,False,CALL,2026-02-06,UPS
UPS260206C00119000,119.0,0.21,0.0,0.2,6.0,55.0,0.43848217773437503,False,CALL,2026-02-06,UPS
UPS260206C00120000,120.0,0.01,0.0,0.01,2.0,70.0,0.2890696093749999,False,CALL,2026-02-06,UPS
UPS260206C00121000,121.0,0.01,0.0,2.0,1.0,49.0,0.747072841796875,False,CALL,2026-02-06,UPS
UPS260206C00125000,125.0,0.19,0.0,1.32,46.0,62.0,0.7744163183593751,False,CALL,2026-02-06,UPS
UPS260206C00130000,130.0,0.98,0.0,2.13,5.0,21.0,1.0341845166015626,False,CALL,2026-02-06,UPS
UPS260206P00075000,75.0,0.1,0.0,2.13,2.0,3.0,1.720704521484375,False,PUT,2026-02-06,UPS
UPS260206P00080000,80.0,0.35,0.0,1.4,1.0,20.0,1.3193393408203122,False,PUT,2026-02-06,UPS
UPS260206P00085000,85.0,0.01,0.0,0.1,10.0,42.0,0.6679720703125002,False,PUT,2026-02-06,UPS
UPS260206P00086000,86.0,0.06,0.0,0.13,1.0,2.0,0.6601596484375001,False,PUT,2026-02-06,UPS
UPS260206P00087000,87.0,0.06,0.0,2.13,2.0,3.0,1.1401410180664064,False,PUT,2026-02-06,UPS
UPS260206P00088000,88.0,0.1,0.01,0.24,10.0,115.0,0.6679720703125002,False,PUT,2026-02-06,UPS
UPS260206P00089000,89.0,0.03,0.01,0.04,10.0,34.0,0.500005,False,PUT,2026-02-06,UPS
UPS260206P00090000,90.0,0.04,0.02,0.06,251.0,399.0,0.5039112109375,False,PUT,2026-02-06,UPS
UPS260206P00091000,91.0,0.08,0.0,2.15,2.0,41.0,0.9584965087890623,False,PUT,2026-02-06,UPS
UPS260206P00092000,92.0,0.03,0.05,0.19,2.0,52.0,0.53320779296875,False,PUT,2026-02-06,UPS
UPS260206P00093000,93.0,0.1,0.03,0.65,17.0,159.0,0.624027197265625,False,PUT,2026-02-06,UPS
UPS260206P00094000,94.0,0.31,0.05,0.4,1.0,81.0,0.53320779296875,False,PUT,2026-02-06,UPS
UPS260206P00095000,95.0,0.07,0.03,0.77,22.0,192.0,0.5732464550781251,False,PUT,2026-02-06,UPS
UPS260206P00096000,96.0,0.11,0.0,0.42,1.0,281.0,0.5415084912109377,False,PUT,2026-02-06,UPS
UPS260206P00097000,97.0,0.19,0.0,0.45,2.0,28.0,0.5127001855468749,False,PUT,2026-02-06,UPS
UPS260206P00098000,98.0,0.15,0.08,0.4,6.0,78.0,0.45703667968750006,False,PUT,2026-02-06,UPS
UPS260206P00099000,99.0,0.19,0.13,0.26,46.0,308.0,0.3711000390625,False,PUT,2026-02-06,UPS
UPS260206P00100000,100.0,0.2,0.16,0.2,40.0,360.0,0.31201859863281245,False,PUT,2026-02-06,UPS
UPS260206P00101000,101.0,0.25,0.18,0.24,6.0,129.0,0.29053443847656246,False,PUT,2026-02-06,UPS
UPS260206P00102000,102.0,0.33,0.27,0.42,76.0,176.0,0.30274134765625,False,PUT,2026-02-06,UPS
UPS260206P00103000,103.0,0.42,0.38,0.56,20.0,219.0,0.2915109912109374,False,PUT,2026-02-06,UPS
UPS260206P00104000,104.0,0.64,0.54,0.67,22.0,219.0,0.2661206201171875,False,PUT,2026-02-06,UPS
UPS260206P00105000,105.0,0.86,0.81,0.86,95.0,288.0,0.24805439453125,False,PUT,2026-02-06,UPS
UPS260206P00106000,106.0,1.3,1.16,1.39,43.0,1249.0,0.2722240747070312,False,PUT,2026-02-06,UPS
UPS260206P00107000,107.0,1.67,1.61,2.02,56.0,366.0,0.295905478515625,True,PUT,2026-02-06,UPS
UPS260206P00108000,108.0,2.21,1.95,2.53,12.0,267.0,0.2890696093749999,True,PUT,2026-02-06,UPS
UPS260206P00109000,109.0,3.15,2.81,3.3,11.0,133.0,0.3107979077148437,True,PUT,2026-02-06,UPS
UPS260206P00110000,110.0,3.8,3.5,4.0,38.0,231.0,0.31153032226562494,True,PUT,2026-02-06,UPS
UPS260206P00111000,111.0,4.7,4.2,5.4,12.0,43.0,0.4282283740234375,True,PUT,2026-02-06,UPS
UPS260206P00112000,112.0,8.2,5.0,6.65,17.0,47.0,0.5180712255859375,True,PUT,2026-02-06,UPS
UPS260206P00113000,113.0,4.2,5.85,8.15,20.0,20.0,0.649417568359375,True,PUT,2026-02-06,UPS
UPS260206P00114000,114.0,7.4,6.85,8.35,2.0,2.0,0.5512740185546876,True,PUT,2026-02-06,UPS
UPS260206P00115000,115.0,3.39,7.75,10.1,9.0,0.0,0.5043994873046875,True,PUT,2026-02-06,UPS
UPS260213C00091000,91.0,18.85,14.1,18.0,,1.0,0.9101571484375,True,CALL,2026-02-13,UPS
UPS260213C00093000,93.0,14.77,12.1,14.65,,1.0,0.5732464550781251,True,CALL,2026-02-13,UPS
UPS260213C00096000,96.0,14.62,9.05,12.9,2.0,3.0,0.6970245141601563,True,CALL,2026-02-13,UPS
UPS260213C00098000,98.0,11.22,7.2,10.95,,1.0,0.6250037500000001,True,CALL,2026-02-13,UPS
UPS260213C00099000,99.0,10.49,6.2,9.2,1.0,10.0,0.4731497998046875,True,CALL,2026-02-13,UPS
UPS260213C00100000,100.0,6.7,6.2,9.1,40.0,124.0,0.5647016186523439,True,CALL,2026-02-13,UPS
UPS260213C00101000,101.0,9.2,4.35,8.1,1.0,2.0,0.5227098510742187,True,CALL,2026-02-13,UPS
UPS260213C00102000,102.0,8.7,3.55,7.3,22.0,60.0,0.5053760400390624,True,CALL,2026-02-13,UPS
UPS260213C00103000,103.0,4.57,4.0,6.6,1.0,36.0,0.4975636181640626,True,CALL,2026-02-13,UPS
UPS260213C00104000,104.0,3.86,2.71,5.55,45.0,54.0,0.4445856323242187,True,CALL,2026-02-13,UPS
UPS260213C00105000,105.0,3.38,3.25,3.5,107.0,173.0,0.27295648925781246,True,CALL,2026-02-13,UPS
UPS260213C00106000,106.0,2.66,2.65,2.91,633.0,488.0,0.27197993652343744,True,CALL,2026-02-13,UPS
UPS260213C00107000,107.0,2.24,2.15,2.38,234.0,163.0,0.270515107421875,False,CALL,2026-02-13,UPS
UPS260213C00108000,108.0,1.68,1.69,1.92,526.0,93.0,0.2695385546875,False,CALL,2026-02-13,UPS
UPS260213C00109000,109.0,1.31,1.32,1.52,378.0,151.0,0.26807372558593745,False,CALL,2026-02-13,UPS
UPS260213C00110000,110.0,0.98,0.95,1.11,178.0,2326.0,0.2573316455078125,False,CALL,2026-02-13,UPS
UPS260213C00111000,111.0,0.59,0.66,0.99,1.0,171.0,0.2771068383789062,False,CALL,2026-02-13,UPS
UPS260213C00112000,112.0,0.45,0.52,0.72,2.0,114.0,0.270515107421875,False,CALL,2026-02-13,UPS
UPS260213C00113000,113.0,0.15,0.25,2.42,1.0,95.0,0.5302781347656251,False,CALL,2026-02-13,UPS
UPS260213C00114000,114.0,1.12,0.03,2.36,28.0,193.0,0.5578657495117189,False,CALL,2026-02-13,UPS
UPS260213C00115000,115.0,0.2,0.14,0.33,17.0,381.0,0.2788158056640625,False,CALL,2026-02-13,UPS
UPS260213C00116000,116.0,0.25,0.08,2.26,2.0,110.0,0.6110878735351564,False,CALL,2026-02-13,UPS
UPS260213C00117000,117.0,0.07,0.0,2.2,1.0,11.0,0.6342810009765626,False,CALL,2026-02-13,UPS
UPS260213C00118000,118.0,0.47,0.0,2.19,3.0,94.0,0.5004932763671875,False,CALL,2026-02-13,UPS
UPS260213C00119000,119.0,1.38,0.0,1.38,2.0,51.0,0.5732464550781251,False,CALL,2026-02-13,UPS
UPS260213C00120000,120.0,0.06,0.0,2.18,2.0,19.0,0.5512740185546876,False,CALL,2026-02-13,UPS
UPS260213C00121000,121.0,0.88,0.0,2.17,4.0,3.0,0.5756878369140624,False,CALL,2026-02-13,UPS
UPS260213C00125000,125.0,0.05,0.0,2.16,7.0,74.0,0.6694368994140626,False,CALL,2026-02-13,UPS
UPS260213P00085000,85.0,0.12,0.0,2.21,20.0,21.0,0.9350592431640624,False,PUT,2026-02-13,UPS
UPS260213P00086000,86.0,0.31,0.0,2.21,1.0,1.0,0.8999033447265624,False,PUT,2026-02-13,UPS
UPS260213P00087000,87.0,0.25,0.0,2.22,,10.0,0.8657239990234374,False,PUT,2026-02-13,UPS
UPS260213P00088000,88.0,0.23,0.0,2.21,2.0,5.0,0.8295915478515624,False,PUT,2026-02-13,UPS
UPS260213P00089000,89.0,0.21,0.0,2.21,20.0,31.0,0.7946797875976561,False,PUT,2026-02-13,UPS
UPS260213P00090000,90.0,0.1,0.0,0.27,12.0,28.0,0.52539537109375,False,PUT,2026-02-13,UPS
UPS260213P00091000,91.0,0.15,0.0,0.79,25.0,27.0,0.5429733203125001,False,PUT,2026-02-13,UPS
UPS260213P00092000,92.0,0.41,0.0,2.23,2.0,7.0,0.6926300268554688,False,PUT,2026-02-13,UPS
UPS260213P00093000,93.0,0.11,0.05,0.47,1.0,22.0,0.507817421875,False,PUT,2026-02-13,UPS
UPS260213P00094000,94.0,0.21,0.0,0.56,6.0,70.0,0.5019581054687501,False,PUT,2026-02-13,UPS
UPS260213P00095000,95.0,0.16,0.0,0.99,11.0,50.0,0.5644574804687501,False,PUT,2026-02-13,UPS
UPS260213P00096000,96.0,0.26,0.05,1.38,1.0,50.0,0.6003457934570313,False,PUT,2026-02-13,UPS
UPS260213P00097000,97.0,0.28,0.05,0.91,6.0,98.0,0.481450498046875,False,PUT,2026-02-13,UPS
UPS260213P00098000,98.0,0.46,0.14,0.33,6.0,38.0,0.32520206054687495,False,PUT,2026-02-13,UPS
UPS260213P00099000,99.0,0.68,0.18,1.13,40.0,57.0,0.450200810546875,False,PUT,2026-02-13,UPS
UPS260213P00100000,100.0,0.66,0.32,0.73,6.0,320.0,0.3479069116210937,False,PUT,2026-02-13,UPS
UPS260213P00101000,101.0,0.52,0.42,1.96,33.0,115.0,0.49414568359375005,False,PUT,2026-02-13,UPS
UPS260213P00102000,102.0,0.87,0.53,1.05,23.0,117.0,0.3283758569335937,False,PUT,2026-02-13,UPS
UPS260213P00103000,103.0,1.58,0.76,1.16,3.0,45.0,0.30542686767578126,False,PUT,2026-02-13,UPS
UPS260213P00104000,104.0,1.47,0.88,1.41,1.0,33.0,0.2971261694335937,False,PUT,2026-02-13,UPS
UPS260213P00105000,105.0,1.43,1.35,1.6,253.0,194.0,0.2761302856445312,False,PUT,2026-02-13,UPS
UPS260213P00106000,106.0,1.83,1.71,1.99,426.0,28.0,0.2727123510742187,False,PUT,2026-02-13,UPS
UPS260213P00107000,107.0,2.31,2.25,2.43,409.0,49.0,0.26782958740234375,True,PUT,2026-02-13,UPS
UPS260213P00108000,108.0,3.0,2.72,2.99,621.0,97.0,0.2690502783203125,True,PUT,2026-02-13,UPS
UPS260213P00109000,109.0,4.36,3.2,3.75,8.0,123.0,0.2863840893554687,True,PUT,2026-02-13,UPS
UPS260213P00110000,110.0,4.3,3.9,6.2,12.0,26.0,0.49658706542968756,True,PUT,2026-02-13,UPS
UPS260213P00111000,111.0,3.05,3.65,7.0,10.0,60.0,0.5148974291992188,True,PUT,2026-02-13,UPS
UPS260213P00112000,112.0,3.4,5.05,7.65,10.0,40.0,0.5124560473632812,True,PUT,2026-02-13,UPS
UPS260213P00113000,113.0,3.5,5.9,8.55,22.0,20.0,0.5371140039062501,True,PUT,2026-02-13,UPS
UPS260213P00114000,114.0,7.1,6.8,9.45,1.0,38.0,0.5598188549804688,True,PUT,2026-02-13,UPS
UPS260213P00115000,115.0,10.3,7.7,9.25,2.0,201.0,0.4292049267578125,True,PUT,2026-02-13,UPS
UPS260213P00116000,116.0,9.84,8.5,11.4,,1.0,0.6196327099609377,True,PUT,2026-02-13,UPS
UPS260220C00075000,75.0,34.0,30.0,32.5,1.0,295.0,0.9267585449218749,True,CALL,2026-02-20,UPS
UPS260220C00080000,80.0,29.1,26.35,27.55,2.0,834.0,0.8027363476562499,True,CALL,2026-02-20,UPS
UPS260220C00085000,85.0,21.28,20.0,22.5,3.0,2679.0,0.6538120556640626,True,CALL,2026-02-20,UPS
UPS260220C00090000,90.0,16.62,15.85,17.2,20.0,1783.0,0.43945873046875,True,CALL,2026-02-20,UPS
UPS260220C00095000,95.0,10.5,11.25,12.5,5.0,2531.0,0.39600213378906257,True,CALL,2026-02-20,UPS
UPS260220C00100000,100.0,7.47,6.95,7.7,18.0,4855.0,0.2966378930664062,True,CALL,2026-02-20,UPS
UPS260220C00101000,101.0,6.6,5.8,6.75,1.0,19.0,0.2751537329101562,True,CALL,2026-02-20,UPS
UPS260220C00103000,103.0,4.3,4.4,4.9,33.0,60.0,0.233406103515625,True,CALL,2026-02-20,UPS
UPS260220C00104000,104.0,3.6,3.7,4.15,4.0,31.0,0.22827920166015625,True,CALL,2026-02-20,UPS
UPS260220C00105000,105.0,3.47,3.3,3.5,164.0,5160.0,0.22779092529296874,True,CALL,2026-02-20,UPS
UPS260220C00106000,106.0,2.95,2.6,2.91,69.0,200.0,0.2269364416503906,True,CALL,2026-02-20,UPS
UPS260220C00107000,107.0,2.38,2.08,2.4,176.0,373.0,0.22754678710937498,False,CALL,2026-02-20,UPS
UPS260220C00108000,108.0,1.25,1.62,1.96,6.0,695.0,0.22852333984375,False,CALL,2026-02-20,UPS
UPS260220C00109000,109.0,1.06,1.25,1.58,5.0,335.0,0.229499892578125,False,CALL,2026-02-20,UPS
UPS260220C00110000,110.0,1.15,1.1,1.21,312.0,11550.0,0.22522747436523435,False,CALL,2026-02-20,UPS
UPS260220C00111000,111.0,0.55,0.65,1.0,5.0,63.0,0.23218541259765624,False,CALL,2026-02-20,UPS
UPS260220C00112000,112.0,0.66,0.6,0.74,17.0,116.0,0.2280350634765625,False,CALL,2026-02-20,UPS
UPS260220C00113000,113.0,0.29,0.27,0.7,81.0,156.0,0.2475661181640625,False,CALL,2026-02-20,UPS
UPS260220C00114000,114.0,0.39,0.22,0.75,2.0,54.0,0.278327529296875,False,CALL,2026-02-20,UPS
UPS260220C00115000,115.0,0.28,0.16,0.33,110.0,3155.0,0.23267368896484375,False,CALL,2026-02-20,UPS
UPS260220C00116000,116.0,0.15,0.04,0.3,2.0,291.0,0.2461012890625,False,CALL,2026-02-20,UPS
UPS260220C00117000,117.0,0.22,0.01,0.27,1.0,69.0,0.257819921875,False,CALL,2026-02-20,UPS
UPS260220C00118000,118.0,0.12,0.0,0.18,2.0,13.0,0.2514723291015625,False,CALL,2026-02-20,UPS
UPS260220C00119000,119.0,0.09,0.05,0.19,2.0,170.0,0.2710033837890625,False,CALL,2026-02-20,UPS
UPS260220C00120000,120.0,0.08,0.07,0.08,118.0,4217.0,0.24414818359375,False,CALL,2026-02-20,UPS
UPS260220C00125000,125.0,0.05,0.0,0.06,9.0,809.0,0.299811689453125,False,CALL,2026-02-20,UPS
UPS260220C00130000,130.0,0.07,0.0,0.09,62.0,564.0,0.38477177734374995,False,CALL,2026-02-20,UPS
UPS260220C00135000,135.0,0.01,0.01,0.15,6.0,76.0,0.48242705078125003,False,CALL,2026-02-20,UPS
UPS260220P00075000,75.0,0.02,0.0,0.09,126.0,2532.0,0.6054726953125001,False,PUT,2026-02-20,UPS
UPS260220P00080000,80.0,0.08,0.0,0.08,6.0,4616.0,0.5468795312500001,False,PUT,2026-02-20,UPS
UPS260220P00085000,85.0,0.11,0.08,0.11,7.0,3697.0,0.46973186523437505,False,PUT,2026-02-20,UPS
UPS260220P00090000,90.0,0.15,0.12,0.15,24.0,3164.0,0.389654541015625,False,PUT,2026-02-20,UPS
UPS260220P00095000,95.0,0.29,0.22,0.35,15.0,4794.0,0.3461979443359374,False,PUT,2026-02-20,UPS
UPS260220P00096000,96.0,0.63,0.18,0.89,2.0,475.0,0.42627526855468756,False,PUT,2026-02-20,UPS
UPS260220P00097000,97.0,0.71,0.33,0.76,3.0,307.0,0.37720349365234374,False,PUT,2026-02-20,UPS
UPS260220P00098000,98.0,0.86,0.45,1.0,1.0,53.0,0.3864807446289062,False,PUT,2026-02-20,UPS
UPS260220P00099000,99.0,0.69,0.56,0.81,36.0,164.0,0.33008482421874996,False,PUT,2026-02-20,UPS
UPS260220P00100000,100.0,0.85,0.73,0.89,134.0,2619.0,0.3129951513671875,False,PUT,2026-02-20,UPS
UPS260220P00101000,101.0,1.07,0.95,1.19,24.0,92.0,0.32227240234374993,False,PUT,2026-02-20,UPS
UPS260220P00102000,102.0,1.95,1.21,1.46,2.0,217.0,0.3217841259765625,False,PUT,2026-02-20,UPS
UPS260220P00103000,103.0,1.62,1.48,1.77,9.0,925.0,0.32129584960937496,False,PUT,2026-02-20,UPS
UPS260220P00104000,104.0,2.34,1.86,2.29,125.0,406.0,0.3375310388183594,False,PUT,2026-02-20,UPS
UPS260220P00105000,105.0,2.57,2.21,2.64,130.0,3565.0,0.33179379150390625,False,PUT,2026-02-20,UPS
UPS260220P00106000,106.0,2.83,2.79,3.2,44.0,57.0,0.34192552612304683,False,PUT,2026-02-20,UPS
UPS260220P00107000,107.0,3.4,3.35,3.75,27.0,397.0,0.34668622070312494,True,PUT,2026-02-20,UPS
UPS260220P00108000,108.0,4.0,3.95,4.45,14.0,22.0,0.36157864990234373,True,PUT,2026-02-20,UPS
UPS260220P00109000,109.0,6.7,4.65,5.15,1.0,74.0,0.37280900634765624,True,PUT,2026-02-20,UPS
UPS260220P00110000,110.0,5.6,5.15,6.05,7.0,1141.0,0.39990834472656256,True,PUT,2026-02-20,UPS
UPS260220P00111000,111.0,6.65,6.0,7.95,2.0,3.0,0.5211229528808592,True,PUT,2026-02-20,UPS
UPS260220P00112000,112.0,7.55,6.65,9.15,1.0,55.0,0.5744671459960937,True,PUT,2026-02-20,UPS
UPS260220P00113000,113.0,4.2,7.5,9.85,1.0,29.0,0.5778850805664062,True,PUT,2026-02-20,UPS
UPS260220P00114000,114.0,5.5,8.2,10.95,8.0,8.0,0.6190223645019532,True,PUT,2026-02-20,UPS
UPS260220P00115000,115.0,11.85,9.5,11.8,34.0,687.0,0.5163622583007812,True,PUT,2026-02-20,UPS
UPS260220P00116000,116.0,9.83,10.35,12.4,,1.0,0.5141650146484374,True,PUT,2026-02-20,UPS
UPS260220P00120000,120.0,16.6,14.25,16.65,2.0,229.0,0.6237830590820312,True,PUT,2026-02-20,UPS
UPS260220P00125000,125.0,20.0,19.2,21.6,1.0,22.0,0.7314479980468749,True,PUT,2026-02-20,UPS
UPS260220P00130000,130.0,24.9,24.15,26.6,1.0,4.0,0.831056376953125,True,PUT,2026-02-20,UPS
UPS260220P00135000,135.0,28.45,29.2,31.55,26.0,20.0,0.9255378540039063,True,PUT,2026-02-20,UPS
UPS260227C00090000,90.0,18.1,14.9,18.75,4.0,7.0,0.6601596484375001,True,CALL,2026-02-27,UPS
UPS260227C00091000,91.0,18.05,13.85,17.85,,1.0,0.6452672192382812,True,CALL,2026-02-27,UPS
UPS260227C00092000,92.0,16.6,12.85,16.95,,2.0,0.6293982373046876,True,CALL,2026-02-27,UPS
UPS260227C00094000,94.0,14.22,11.15,13.55,,20.0,0.3781800463867187,True,CALL,2026-02-27,UPS
UPS260227C00095000,95.0,11.98,10.05,12.7,8.0,8.0,0.379889013671875,True,CALL,2026-02-27,UPS
UPS260227C00097000,97.0,11.62,8.25,10.75,,2.0,0.33960621337890623,True,CALL,2026-02-27,UPS
UPS260227C00099000,99.0,9.9,6.8,9.05,1.0,2.0,0.32813171874999997,True,CALL,2026-02-27,UPS
UPS260227C00100000,100.0,9.43,6.2,8.2,1.0,1.0,0.3186103295898437,True,CALL,2026-02-27,UPS
UPS260227C00101000,101.0,4.67,4.65,7.35,2.0,50.0,0.30689169677734374,True,CALL,2026-02-27,UPS
UPS260227C00102000,102.0,4.79,5.0,6.1,1.0,24.0,0.2528150891113281,True,CALL,2026-02-27,UPS
UPS260227C00103000,103.0,3.65,4.55,5.15,2.0,6.0,0.229499892578125,True,CALL,2026-02-27,UPS
UPS260227C00104000,104.0,3.75,3.8,4.45,11.0,5.0,0.2274247180175781,True,CALL,2026-02-27,UPS
UPS260227C00105000,105.0,3.85,3.5,3.7,20.0,13.0,0.2166826379394531,True,CALL,2026-02-27,UPS
UPS260227C00106000,106.0,3.06,2.92,3.2,40.0,32.0,0.22278609252929685,True,CALL,2026-02-27,UPS
UPS260227C00107000,107.0,2.59,2.43,2.65,38.0,54.0,0.21973436523437498,False,CALL,2026-02-27,UPS
UPS260227C00108000,108.0,2.13,1.98,2.17,6.0,81.0,0.21753712158203126,False,CALL,2026-02-27,UPS
UPS260227C00109000,109.0,1.69,1.59,1.81,37.0,22.0,0.22046677978515622,False,CALL,2026-02-27,UPS
UPS260227C00110000,110.0,1.44,1.31,1.47,72.0,283.0,0.22071091796874998,False,CALL,2026-02-27,UPS
UPS260227C00111000,111.0,0.68,1.0,1.19,53.0,59.0,0.22168747070312497,False,CALL,2026-02-27,UPS
UPS260227C00112000,112.0,0.85,0.81,0.96,17.0,44.0,0.22327436889648436,False,CALL,2026-02-27,UPS
UPS260227C00113000,113.0,1.1,0.62,0.76,14.0,21.0,0.2238847143554687,False,CALL,2026-02-27,UPS
UPS260227C00114000,114.0,0.4,0.3,0.8,2.0,19.0,0.24951922363281248,False,CALL,2026-02-27,UPS
UPS260227C00115000,115.0,0.34,0.17,0.86,16.0,101.0,0.27735097656249996,False,CALL,2026-02-27,UPS
UPS260227C00116000,116.0,0.38,0.0,0.9,1.0,13.0,0.30225307128906254,False,CALL,2026-02-27,UPS
UPS260227C00117000,117.0,0.35,0.0,0.95,8.0,16.0,0.32813171874999997,False,CALL,2026-02-27,UPS
UPS260227C00118000,118.0,0.15,0.0,1.81,16.0,17.0,0.44556218505859374,False,CALL,2026-02-27,UPS
UPS260227C00119000,119.0,1.01,0.0,0.75,,4.0,0.33887379882812496,False,CALL,2026-02-27,UPS
UPS260227C00120000,120.0,0.25,0.05,0.9,6.0,41.0,0.3776917700195312,False,CALL,2026-02-27,UPS
UPS260227C00121000,121.0,1.1,0.0,2.23,,2.0,0.551762294921875,False,CALL,2026-02-27,UPS
UPS260227C00125000,125.0,0.01,0.0,0.27,1.0,1.0,0.34278000976562495,False,CALL,2026-02-27,UPS
UPS260227P00090000,90.0,0.38,0.0,0.76,1.0,50.0,0.49561051269531253,False,PUT,2026-02-27,UPS
UPS260227P00091000,91.0,0.61,0.0,1.15,1.0,21.0,0.5366257275390626,False,PUT,2026-02-27,UPS
UPS260227P00092000,92.0,0.64,0.0,0.75,3.0,4.0,0.4467828759765625,False,PUT,2026-02-27,UPS
UPS260227P00093000,93.0,1.12,0.0,0.75,1.0,1.0,0.42310147216796873,False,PUT,2026-02-27,UPS
UPS260227P00094000,94.0,1.16,0.09,0.86,1.0,3.0,0.4172421557617187,False,PUT,2026-02-27,UPS
UPS260227P00095000,95.0,0.63,0.09,0.81,3.0,71.0,0.38550419189453117,False,PUT,2026-02-27,UPS
UPS260227P00096000,96.0,0.52,0.06,1.26,2.0,15.0,0.4233456103515625,False,PUT,2026-02-27,UPS
UPS260227P00097000,97.0,1.05,0.48,0.98,2.0,25.0,0.3610903735351562,False,PUT,2026-02-27,UPS
UPS260227P00098000,98.0,0.75,0.58,0.79,3.0,66.0,0.31055376953124997,False,PUT,2026-02-27,UPS
UPS260227P00099000,99.0,1.42,0.8,0.89,43.0,52.0,0.29932341308593746,False,PUT,2026-02-27,UPS
UPS260227P00100000,100.0,1.35,0.94,1.11,6.0,363.0,0.30005582763671873,False,PUT,2026-02-27,UPS
UPS260227P00101000,101.0,1.47,1.18,1.34,277.0,4.0,0.2981027221679687,False,PUT,2026-02-27,UPS
UPS260227P00102000,102.0,1.75,1.49,1.64,277.0,20.0,0.29944548217773437,False,PUT,2026-02-27,UPS
UPS260227P00103000,103.0,2.48,1.85,1.99,1.0,247.0,0.30152065673828127,False,PUT,2026-02-27,UPS
UPS260227P00104000,104.0,2.96,2.21,2.37,13.0,346.0,0.30249720947265624,False,PUT,2026-02-27,UPS
UPS260227P00105000,105.0,4.05,2.68,2.93,4.0,36.0,0.3149482568359374,False,PUT,2026-02-27,UPS
UPS260227P00106000,106.0,3.77,3.15,3.35,6.0,9.0,0.3117744604492187,False,PUT,2026-02-27,UPS
UPS260227P00107000,107.0,4.4,3.7,3.95,9.0,55.0,0.31995308959960933,True,PUT,2026-02-27,UPS
UPS260227P00111000,111.0,6.2,6.1,8.5,1.0,1.0,0.5022022436523439,True,PUT,2026-02-27,UPS
UPS260227P00118000,118.0,12.94,12.05,14.9,,0.0,0.5053760400390624,True,PUT,2026-02-27,UPS
UPS260306C00103000,103.0,3.37,4.7,5.5,4.0,2.0,0.2368240380859375,True,CALL,2026-03-06,UPS
UPS260306C00107000,107.0,5.36,2.44,2.99,5.0,13.0,0.22278609252929685,False,CALL,2026-03-06,UPS
UPS260306C00110000,110.0,1.64,1.31,1.75,51.0,42.0,0.22095505615234373,False,CALL,2026-03-06,UPS
UPS260306C00115000,115.0,0.49,0.32,1.0,9.0,36.0,0.2644116528320312,False,CALL,2026-03-06,UPS
UPS260306C00116000,116.0,0.63,0.3,0.76,1.0,11.0,0.2563550927734375,False,CALL,2026-03-06,UPS
UPS260306C00120000,120.0,0.38,0.0,0.76,2.0,7.0,0.32227240234374993,False,CALL,2026-03-06,UPS
UPS260306P00095000,95.0,0.9,0.3,1.15,1.0,16.0,0.3913635083007812,False,PUT,2026-03-06,UPS
UPS260306P00101000,101.0,1.8,1.4,2.0,2.0,4.0,0.3283758569335937,False,PUT,2026-03-06,UPS
UPS260306P00102000,102.0,2.67,1.69,2.18,10.0,31.0,0.31604687866210934,False,PUT,2026-03-06,UPS
UPS260306P00107000,107.0,5.0,3.9,4.45,1.0,17.0,0.3249579223632812,True,PUT,2026-03-06,UPS
UPS260320C00075000,75.0,25.8,29.9,32.9,7.0,139.0,0.7060576269531251,True,CALL,2026-03-20,UPS
UPS260320C00080000,80.0,26.3,26.1,27.9,5.0,844.0,0.6035195898437502,True,CALL,2026-03-20,UPS
UPS260320C00085000,85.0,23.3,19.95,23.0,1.0,4389.0,0.5192919165039063,True,CALL,2026-03-20,UPS
UPS260320C00090000,90.0,16.85,16.2,17.75,16.0,1722.0,0.3891662646484375,True,CALL,2026-03-20,UPS
UPS260320C00095000,95.0,11.61,11.25,12.55,6.0,1712.0,0.27246821289062495,True,CALL,2026-03-20,UPS
UPS260320C00100000,100.0,8.15,7.45,7.9,55.0,6609.0,0.2180253979492187,True,CALL,2026-03-20,UPS
UPS260320C00105000,105.0,4.62,4.35,4.6,342.0,5544.0,0.2249833361816406,True,CALL,2026-03-20,UPS
UPS260320C00110000,110.0,2.27,2.22,2.36,903.0,14992.0,0.22852333984375,False,CALL,2026-03-20,UPS
UPS260320C00115000,115.0,1.06,1.02,1.1,1034.0,13519.0,0.23389437988281248,False,CALL,2026-03-20,UPS
UPS260320C00120000,120.0,0.48,0.4,0.61,143.0,3078.0,0.25708750732421876,False,CALL,2026-03-20,UPS
UPS260320C00125000,125.0,0.23,0.2,0.38,13.0,1178.0,0.28321029296874994,False,CALL,2026-03-20,UPS
UPS260320C00130000,130.0,0.15,0.09,0.31,23.0,973.0,0.3217841259765625,False,CALL,2026-03-20,UPS
UPS260320C00135000,135.0,0.09,0.04,0.2,92.0,300.0,0.3398503515625,False,CALL,2026-03-20,UPS
UPS260320P00075000,75.0,0.12,0.06,0.19,1.0,2394.0,0.5019581054687501,False,PUT,2026-03-20,UPS
UPS260320P00080000,80.0,0.14,0.01,0.45,68.0,2676.0,0.5004932763671875,False,PUT,2026-03-20,UPS
UPS260320P00085000,85.0,0.14,0.14,0.26,46.0,5024.0,0.36817038085937503,False,PUT,2026-03-20,UPS
UPS260320P00090000,90.0,0.39,0.3,0.48,29.0,3510.0,0.335944140625,False,PUT,2026-03-20,UPS
UPS260320P00095000,95.0,0.89,0.76,1.12,29.0,3003.0,0.33008482421874996,False,PUT,2026-03-20,UPS
UPS260320P00100000,100.0,1.8,1.79,1.9,129.0,2527.0,0.29505099487304687,False,PUT,2026-03-20,UPS
UPS260320P00105000,105.0,3.74,3.6,3.8,205.0,1747.0,0.29761444580078117,False,PUT,2026-03-20,UPS
UPS260320P00110000,110.0,7.37,6.4,7.05,1.0,721.0,0.3325262060546875,True,PUT,2026-03-20,UPS
UPS260320P00115000,115.0,9.6,10.15,12.4,1.0,335.0,0.4660697924804688,True,PUT,2026-03-20,UPS
UPS260320P00120000,120.0,15.82,14.4,16.85,1.0,155.0,0.522343643798828,True,PUT,2026-03-20,UPS
UPS260320P00125000,125.0,21.25,19.4,21.5,2.0,60.0,0.5783733569335938,True,PUT,2026-03-20,UPS
UPS260320P00130000,130.0,25.05,24.1,26.6,10.0,224.0,0.5559126440429689,True,PUT,2026-03-20,UPS
UPS260320P00135000,135.0,24.23,28.65,31.6,1.0,92.0,0.5979044116210939,True,PUT,2026-03-20,UPS
UPS260417C00075000,75.0,32.68,29.9,32.55,3.0,30.0,0.5092822509765625,True,CALL,2026-04-17,UPS
UPS260417C00080000,80.0,24.75,26.0,27.85,1.0,53.0,0.47803256347656253,True,CALL,2026-04-17,UPS
UPS260417C00085000,85.0,20.2,20.0,22.85,15.0,215.0,0.3996642065429688,True,CALL,2026-04-17,UPS
UPS260417C00090000,90.0,16.0,15.2,17.3,10.0,942.0,0.25391371093750004,True,CALL,2026-04-17,UPS
UPS260417C00095000,95.0,10.95,10.65,13.05,6.0,774.0,0.2655102746582031,True,CALL,2026-04-17,UPS
UPS260417C00100000,100.0,8.55,8.4,9.1,25.0,2036.0,0.25403578002929694,True,CALL,2026-04-17,UPS
UPS260417C00105000,105.0,5.6,5.35,5.55,127.0,2885.0,0.2299881689453125,True,CALL,2026-04-17,UPS
UPS260417C00110000,110.0,3.2,3.1,3.35,92.0,2017.0,0.23499300170898438,False,CALL,2026-04-17,UPS
UPS260417C00115000,115.0,1.87,1.72,1.84,97.0,2000.0,0.23535920898437498,False,CALL,2026-04-17,UPS
UPS260417C00120000,120.0,0.86,0.9,0.99,83.0,1465.0,0.2401199035644531,False,CALL,2026-04-17,UPS
UPS260417C00125000,125.0,0.47,0.24,0.55,17.0,520.0,0.249030947265625,False,CALL,2026-04-17,UPS
UPS260417C00130000,130.0,0.21,0.15,0.55,1.0,879.0,0.2934640966796874,False,CALL,2026-04-17,UPS
UPS260417C00135000,135.0,0.45,0.09,0.25,1.0,173.0,0.2846751220703124,False,CALL,2026-04-17,UPS
UPS260417P00075000,75.0,0.14,0.04,0.27,2.0,919.0,0.4292049267578125,False,PUT,2026-04-17,UPS
UPS260417P00080000,80.0,0.25,0.15,0.38,1.0,1497.0,0.38794557373046873,False,PUT,2026-04-17,UPS
UPS260417P00085000,85.0,0.54,0.01,0.66,3.0,956.0,0.36524072265625,False,PUT,2026-04-17,UPS
UPS260417P00090000,90.0,0.89,0.42,1.0,46.0,688.0,0.3314275842285156,False,PUT,2026-04-17,UPS
UPS260417P00095000,95.0,1.34,1.3,1.42,79.0,846.0,0.2898020239257812,False,PUT,2026-04-17,UPS
UPS260417P00100000,100.0,2.49,2.46,2.61,63.0,1134.0,0.28040270385742183,False,PUT,2026-04-17,UPS
UPS260417P00105000,105.0,5.05,4.4,4.55,68.0,1587.0,0.2778392529296875,False,PUT,2026-04-17,UPS
UPS260417P00110000,110.0,8.0,7.1,7.4,36.0,535.0,0.28504132934570303,True,PUT,2026-04-17,UPS
UPS260417P00115000,115.0,7.5,10.2,12.8,3.0,13.0,0.3957579956054688,True,PUT,2026-04-17,UPS
UPS260417P00120000,120.0,16.6,14.8,17.05,20.0,41.0,0.43103596313476567,True,PUT,2026-04-17,UPS
UPS260417P00125000,125.0,19.0,19.1,21.75,5.0,32.0,0.47986359985351557,True,PUT,2026-04-17,UPS
UPS260417P00130000,130.0,22.9,23.95,26.65,1.0,1.0,0.5333298620605469,True,PUT,2026-04-17,UPS
UPS260515C00075000,75.0,24.85,0.0,0.0,1.0,24.0,1.0000000000000003e-05,True,CALL,2026-05-15,UPS
UPS260515C00080000,80.0,24.55,26.45,27.4,1.0,175.0,0.3493717407226562,True,CALL,2026-05-15,UPS
UPS260515C00085000,85.0,20.1,20.75,22.55,1.0,399.0,0.30933307861328124,True,CALL,2026-05-15,UPS
UPS260515C00090000,90.0,20.1,15.7,18.05,1.0,127.0,0.2954172021484375,True,CALL,2026-05-15,UPS
UPS260515C00095000,95.0,13.24,12.05,14.05,19.0,274.0,0.29383030395507803,True,CALL,2026-05-15,UPS
UPS260515C00100000,100.0,9.35,9.55,10.5,1.0,567.0,0.28919167846679683,True,CALL,2026-05-15,UPS
UPS260515C00105000,105.0,7.05,7.1,7.35,12.0,632.0,0.27722890747070306,True,CALL,2026-05-15,UPS
UPS260515C00110000,110.0,4.98,4.8,5.05,25.0,953.0,0.27649649291992184,False,CALL,2026-05-15,UPS
UPS260515C00115000,115.0,3.1,3.1,3.3,62.0,1168.0,0.27411614562988285,False,CALL,2026-05-15,UPS
UPS260515C00120000,120.0,2.0,1.97,2.12,56.0,1378.0,0.2751537329101562,False,CALL,2026-05-15,UPS
UPS260515C00125000,125.0,1.3,0.92,1.43,82.0,604.0,0.2836985693359374,False,CALL,2026-05-15,UPS
UPS260515C00130000,130.0,0.81,0.61,1.21,1.0,525.0,0.31140825317382803,False,CALL,2026-05-15,UPS
UPS260515C00135000,135.0,0.82,0.25,0.76,5.0,196.0,0.3104317004394531,False,CALL,2026-05-15,UPS
UPS260515P00075000,75.0,0.3,0.21,0.57,8.0,306.0,0.42896078857421877,False,PUT,2026-05-15,UPS
UPS260515P00080000,80.0,0.55,0.34,0.65,214.0,1180.0,0.375982802734375,False,PUT,2026-05-15,UPS
UPS260515P00085000,85.0,0.93,0.74,0.99,13.0,615.0,0.3502262243652343,False,PUT,2026-05-15,UPS
UPS260515P00090000,90.0,1.79,1.27,1.64,9.0,478.0,0.33618827880859375,False,PUT,2026-05-15,UPS
UPS260515P00095000,95.0,2.4,2.35,2.45,19.0,776.0,0.3133613586425781,False,PUT,2026-05-15,UPS
UPS260515P00100000,100.0,3.85,3.7,3.95,7.0,286.0,0.30762411132812495,False,PUT,2026-05-15,UPS
UPS260515P00105000,105.0,6.4,5.85,6.0,34.0,356.0,0.30274134765625,False,PUT,2026-05-15,UPS
UPS260515P00110000,110.0,9.1,8.5,8.8,5.0,51.0,0.30597617858886716,True,PUT,2026-05-15,UPS
UPS260515P00115000,115.0,13.5,11.6,13.3,312.0,65.0,0.36261623718261715,True,PUT,2026-05-15,UPS
UPS260515P00120000,120.0,15.75,15.2,17.8,88.0,29.0,0.4062559375,True,PUT,2026-05-15,UPS
UPS260515P00125000,125.0,31.19,0.0,0.0,1.0,3.0,1.0000000000000003e-05,True,PUT,2026-05-15,UPS
UPS260515P00130000,130.0,26.89,24.4,26.6,1.0,166.0,0.4555718505859375,True,PUT,2026-05-15,UPS
UPS260515P00135000,135.0,48.9,49.55,51.2,,1.0,1.3579133666992185,True,PUT,2026-05-15,UPS
UPS260618C00075000,75.0,35.0,29.8,32.75,1.0,191.0,0.40698835205078127,True,CALL,2026-06-18,UPS
UPS260618C00080000,80.0,28.85,25.15,27.4,5.0,355.0,0.3042061767578125,True,CALL,2026-06-18,UPS
UPS260618C00085000,85.0,21.0,21.1,22.7,24.0,1011.0,0.28479719116210933,True,CALL,2026-06-18,UPS
UPS260618C00090000,90.0,17.84,17.3,18.55,1.0,2119.0,0.2916330603027343,True,CALL,2026-06-18,UPS
UPS260618C00095000,95.0,13.3,13.55,14.3,14.0,1988.0,0.26892820922851557,True,CALL,2026-06-18,UPS
UPS260618C00100000,100.0,10.25,10.15,10.8,81.0,1962.0,0.264655791015625,True,CALL,2026-06-18,UPS
UPS260618C00105000,105.0,7.55,7.15,7.85,46.0,1357.0,0.260749580078125,True,CALL,2026-06-18,UPS
UPS260618C00110000,110.0,5.02,4.95,5.55,134.0,2554.0,0.25977302734375,False,CALL,2026-06-18,UPS
UPS260618C00115000,115.0,3.16,3.4,3.95,57.0,1942.0,0.26520510192871094,False,CALL,2026-06-18,UPS
UPS260618C00120000,120.0,2.5,2.4,2.7,101.0,2733.0,0.2668530346679688,False,CALL,2026-06-18,UPS
UPS260618C00125000,125.0,1.25,1.26,1.75,18.0,769.0,0.2652661364746094,False,CALL,2026-06-18,UPS
UPS260618C00130000,130.0,1.1,0.91,1.43,7.0,1286.0,0.28552960571289054,False,CALL,2026-06-18,UPS
UPS260618C00135000,135.0,0.6,0.5,1.07,1.0,192.0,0.2955392712402344,False,CALL,2026-06-18,UPS
UPS260618P00075000,75.0,0.55,0.25,0.7,3.0,3828.0,0.39160764648437496,False,PUT,2026-06-18,UPS
UPS260618P00080000,80.0,1.0,0.7,1.24,1.0,8316.0,0.3881897119140625,False,PUT,2026-06-18,UPS
UPS260618P00085000,85.0,1.4,1.16,1.52,12.0,5737.0,0.3479069116210937,False,PUT,2026-06-18,UPS
UPS260618P00090000,90.0,2.15,1.94,2.26,138.0,1987.0,0.3309393078613281,False,PUT,2026-06-18,UPS
UPS260618P00095000,95.0,3.3,3.2,3.3,75.0,3702.0,0.31513136047363277,False,PUT,2026-06-18,UPS
UPS260618P00100000,100.0,4.9,4.9,5.25,10.0,2645.0,0.3225165405273437,False,PUT,2026-06-18,UPS
UPS260618P00105000,105.0,7.6,6.95,8.15,25.0,656.0,0.34632001342773433,False,PUT,2026-06-18,UPS
UPS260618P00110000,110.0,10.29,9.9,10.4,10.0,397.0,0.3270330969238281,True,PUT,2026-06-18,UPS
UPS260618P00115000,115.0,11.24,12.95,13.95,93.0,573.0,0.34125414611816407,True,PUT,2026-06-18,UPS
UPS260618P00120000,120.0,14.46,16.6,19.15,1.0,327.0,0.40845318115234375,True,PUT,2026-06-18,UPS
UPS260618P00125000,125.0,17.02,20.7,22.85,1.0,1293.0,0.407232490234375,True,PUT,2026-06-18,UPS
UPS260618P00130000,130.0,24.19,25.1,27.9,2.0,314.0,0.4558159887695313,True,PUT,2026-06-18,UPS
UPS260618P00135000,135.0,32.05,29.7,32.35,2.0,45.0,0.4733939379882813,True,PUT,2026-06-18,UPS
UPS260717C00080000,80.0,25.39,25.45,27.8,1.0,4.0,0.32092964233398436,True,CALL,2026-07-17,UPS
UPS260717C00085000,85.0,23.0,20.55,23.15,1.0,32.0,0.29566134033203123,True,CALL,2026-07-17,UPS
UPS260717C00090000,90.0,22.94,16.15,18.65,2.0,76.0,0.27149166015625,True,CALL,2026-07-17,UPS
UPS260717C00095000,95.0,12.6,13.75,14.9,1.0,393.0,0.2724071783447265,True,CALL,2026-07-17,UPS
UPS260717C00100000,100.0,10.2,10.65,11.2,31.0,228.0,0.2564771618652344,True,CALL,2026-07-17,UPS
UPS260717C00105000,105.0,7.35,7.6,8.65,21.0,244.0,0.26538820556640624,True,CALL,2026-07-17,UPS
UPS260717C00110000,110.0,5.1,5.2,6.25,80.0,213.0,0.26068854553222653,False,CALL,2026-07-17,UPS
UPS260717C00115000,115.0,3.99,3.6,4.4,16.0,237.0,0.25794199096679693,False,CALL,2026-07-17,UPS
UPS260717C00120000,120.0,2.8,2.52,3.1,161.0,423.0,0.259345785522461,False,CALL,2026-07-17,UPS
UPS260717C00125000,125.0,1.81,1.52,2.19,7.0,1343.0,0.26270268554687504,False,CALL,2026-07-17,UPS
UPS260717C00130000,130.0,1.05,1.05,1.56,4.0,291.0,0.26734131103515624,False,CALL,2026-07-17,UPS
UPS260717C00135000,135.0,1.5,0.46,1.35,9.0,75.0,0.28748271118164054,False,CALL,2026-07-17,UPS
UPS260717P00075000,75.0,0.75,0.37,0.86,1.0,22.0,0.37476211181640623,False,PUT,2026-07-17,UPS
UPS260717P00080000,80.0,1.08,0.86,1.3,21.0,1392.0,0.3585269226074219,False,PUT,2026-07-17,UPS
UPS260717P00085000,85.0,1.5,1.37,2.2,10.0,131.0,0.3601138208007812,False,PUT,2026-07-17,UPS
UPS260717P00090000,90.0,2.47,2.32,2.65,263.0,730.0,0.3217841259765625,False,PUT,2026-07-17,UPS
UPS260717P00095000,95.0,4.2,3.45,4.1,14.0,72.0,0.3215399877929687,False,PUT,2026-07-17,UPS
UPS260717P00100000,100.0,6.25,5.2,6.4,4.0,125.0,0.33685965881347657,False,PUT,2026-07-17,UPS
UPS260717P00105000,105.0,8.4,7.4,8.4,1.0,276.0,0.32416447326660147,False,PUT,2026-07-17,UPS
UPS260717P00110000,110.0,10.91,10.15,11.2,2.0,155.0,0.32532412963867186,True,PUT,2026-07-17,UPS
UPS260717P00115000,115.0,13.72,13.1,14.35,268.0,140.0,0.3248968878173828,True,PUT,2026-07-17,UPS
UPS260717P00120000,120.0,14.11,16.85,18.15,16.0,17.0,0.33539482971191403,True,PUT,2026-07-17,UPS
UPS260717P00125000,125.0,20.4,21.05,23.6,4.0,6.0,0.39954213745117195,True,PUT,2026-07-17,UPS
UPS260918C00075000,75.0,30.57,31.4,32.75,1.0,221.0,0.31641308593749995,True,CALL,2026-09-18,UPS
UPS260918C00080000,80.0,27.1,26.55,27.95,2.0,703.0,0.2858958129882812,True,CALL,2026-09-18,UPS
UPS260918C00085000,85.0,23.0,21.05,23.75,1.0,1476.0,0.28748271118164054,True,CALL,2026-09-18,UPS
UPS260918C00090000,90.0,17.15,17.0,19.7,1.0,1187.0,0.28003649658203117,True,CALL,2026-09-18,UPS
UPS260918C00095000,95.0,14.31,14.7,15.9,20.0,1283.0,0.2699047619628906,True,CALL,2026-09-18,UPS
UPS260918C00100000,100.0,11.82,11.85,12.8,2.0,3734.0,0.27075924560546877,True,CALL,2026-09-18,UPS
UPS260918C00105000,105.0,9.18,8.95,10.25,9.0,1699.0,0.27448235290527345,True,CALL,2026-09-18,UPS
UPS260918C00110000,110.0,6.55,6.65,7.75,18.0,1851.0,0.26673096557617193,False,CALL,2026-09-18,UPS
UPS260918C00115000,115.0,5.3,4.75,6.0,2.0,736.0,0.2690502783203125,False,CALL,2026-09-18,UPS
UPS260918C00120000,120.0,4.17,3.8,4.5,42.0,1116.0,0.2679516564941406,False,CALL,2026-09-18,UPS
UPS260918C00125000,125.0,2.99,2.86,3.5,36.0,270.0,0.2731395928955078,False,CALL,2026-09-18,UPS
UPS260918C00130000,130.0,2.28,1.82,2.77,23.0,319.0,0.27997546203613277,False,CALL,2026-09-18,UPS
UPS260918C00135000,135.0,1.48,1.34,1.88,18.0,244.0,0.2718578674316406,False,CALL,2026-09-18,UPS
UPS260918P00075000,75.0,1.45,0.95,1.37,44.0,1340.0,0.362311064453125,False,PUT,2026-09-18,UPS
UPS260918P00080000,80.0,2.03,1.6,2.43,1.0,1682.0,0.37476211181640623,False,PUT,2026-09-18,UPS
UPS260918P00085000,85.0,3.2,2.3,3.6,928.0,2742.0,0.37415176635742187,False,PUT,2026-09-18,UPS
UPS260918P00090000,90.0,4.1,3.5,4.65,1.0,1900.0,0.35657381713867187,False,PUT,2026-09-18,UPS
UPS260918P00095000,95.0,5.46,5.2,5.85,21.0,1518.0,0.3364324169921875,False,PUT,2026-09-18,UPS
UPS260918P00100000,100.0,7.65,7.1,7.8,108.0,403.0,0.3321599987792969,False,PUT,2026-09-18,UPS
UPS260918P00105000,105.0,10.17,9.2,10.55,10.0,449.0,0.34125414611816407,False,PUT,2026-09-18,UPS
UPS260918P00110000,110.0,13.2,11.95,13.25,1.0,93.0,0.3380803497314453,True,PUT,2026-09-18,UPS
UPS260918P00115000,115.0,14.5,15.1,16.3,30.0,64.0,0.33566948516845707,True,PUT,2026-09-18,UPS
UPS260918P00120000,120.0,18.6,18.5,20.1,2.0,106.0,0.3469913934326171,True,PUT,2026-09-18,UPS
UPS260918P00125000,125.0,22.3,22.1,23.85,4.0,51.0,0.3493717407226562,True,PUT,2026-09-18,UPS
UPS260918P00130000,130.0,27.1,26.45,29.15,2.0,65.0,0.3963073065185547,True,PUT,2026-09-18,UPS
UPS260918P00135000,135.0,30.6,30.65,33.5,4.0,58.0,0.40869731933593745,True,PUT,2026-09-18,UPS
UPS261218C00075000,75.0,35.35,29.6,33.55,1.0,59.0,0.3225165405273437,True,CALL,2026-12-18,UPS
UPS261218C00080000,80.0,29.27,25.2,29.7,1.0,42.0,0.3332586206054688,True,CALL,2026-12-18,UPS
UPS261218C00085000,85.0,22.31,21.0,25.05,1.0,8.0,0.2986520330810546,True,CALL,2026-12-18,UPS
UPS261218C00090000,90.0,19.5,19.15,21.0,4.0,62.0,0.28302718933105464,True,CALL,2026-12-18,UPS
UPS261218C00095000,95.0,15.6,15.6,17.85,35.0,124.0,0.28729960754394523,True,CALL,2026-12-18,UPS
UPS261218C00100000,100.0,12.55,12.9,14.25,22.0,489.0,0.2687451055908203,True,CALL,2026-12-18,UPS
UPS261218C00105000,105.0,10.58,10.25,11.65,272.0,240.0,0.2682568292236328,True,CALL,2026-12-18,UPS
UPS261218C00110000,110.0,8.69,8.05,9.35,51.0,340.0,0.2659680337524414,False,CALL,2026-12-18,UPS
UPS261218C00115000,115.0,6.79,6.35,7.75,37.0,314.0,0.2724987301635742,False,CALL,2026-12-18,UPS
UPS261218C00120000,120.0,5.65,5.5,6.1,55.0,487.0,0.2699352792358398,False,CALL,2026-12-18,UPS
UPS261218C00125000,125.0,4.0,3.8,4.8,4.0,413.0,0.2691723474121094,False,CALL,2026-12-18,UPS
UPS261218C00130000,130.0,3.47,3.0,3.9,8.0,340.0,0.2731395928955078,False,CALL,2026-12-18,UPS
UPS261218C00135000,135.0,2.29,2.15,2.97,3.0,240.0,0.2701489001464844,False,CALL,2026-12-18,UPS
UPS261218P00075000,75.0,2.48,1.99,4.1,32.0,246.0,0.44482977050781247,False,PUT,2026-12-18,UPS
UPS261218P00080000,80.0,3.43,1.3,3.5,46.0,1659.0,0.36475244628906256,False,PUT,2026-12-18,UPS
UPS261218P00085000,85.0,4.37,3.95,4.4,3.0,282.0,0.3468693243408203,False,PUT,2026-12-18,UPS
UPS261218P00090000,90.0,4.46,4.5,5.75,11.0,58.0,0.3379582806396484,False,PUT,2026-12-18,UPS
UPS261218P00095000,95.0,5.95,6.0,7.9,3.0,314.0,0.3446110461425781,False,PUT,2026-12-18,UPS
UPS261218P00100000,100.0,7.5,7.95,9.85,2.0,969.0,0.3364324169921875,False,PUT,2026-12-18,UPS
UPS261218P00105000,105.0,11.9,10.3,12.1,9.0,335.0,0.3288641333007812,False,PUT,2026-12-18,UPS
UPS261218P00110000,110.0,12.52,13.05,15.3,6.0,95.0,0.3378362115478516,True,PUT,2026-12-18,UPS
UPS261218P00115000,115.0,15.2,16.15,18.35,1.0,184.0,0.33600517517089845,True,PUT,2026-12-18,UPS
UPS261218P00120000,120.0,19.8,20.05,21.6,42.0,34.0,0.3327703442382813,True,PUT,2026-12-18,UPS
UPS261218P00125000,125.0,23.25,23.4,25.55,18.0,9.0,0.34168138793945313,True,PUT,2026-12-18,UPS
UPS261218P00130000,130.0,27.58,26.2,29.4,1.0,38.0,0.3430241479492187,True,PUT,2026-12-18,UPS
UPS261218P00135000,135.0,30.9,31.4,35.0,20.0,11.0,0.3889526437377929,True,PUT,2026-12-18,UPS
UPS270115C00075000,75.0,31.5,30.75,33.6,18.0,756.0,0.31214066772460936,True,CALL,2027-01-15,UPS
UPS270115C00080000,80.0,26.0,26.15,30.0,23.0,2904.0,0.33234310241699216,True,CALL,2027-01-15,UPS
UPS270115C00085000,85.0,23.5,23.5,24.95,55.0,3300.0,0.2827220166015625,True,CALL,2027-01-15,UPS
UPS270115C00090000,90.0,20.0,19.35,21.35,3.0,2801.0,0.2827220166015625,True,CALL,2027-01-15,UPS
UPS270115C00095000,95.0,15.57,15.9,18.15,25.0,893.0,0.28400374206542955,True,CALL,2027-01-15,UPS
UPS270115C00100000,100.0,14.15,13.0,15.0,33.0,4387.0,0.2771068383789062,True,CALL,2027-01-15,UPS
UPS270115C00105000,105.0,10.84,10.6,12.1,15.0,2581.0,0.2683178637695312,True,CALL,2027-01-15,UPS
UPS270115C00110000,110.0,8.96,8.8,10.05,26.0,3332.0,0.2718578674316406,False,CALL,2027-01-15,UPS
UPS270115C00115000,115.0,7.14,6.55,8.9,11.0,2021.0,0.2891306439208984,False,CALL,2027-01-15,UPS
UPS270115C00120000,120.0,5.75,5.75,6.7,26.0,2908.0,0.27399407653808594,False,CALL,2027-01-15,UPS
UPS270115C00125000,125.0,4.72,4.0,5.75,49.0,7757.0,0.28339339660644525,False,CALL,2027-01-15,UPS
UPS270115C00130000,130.0,3.88,3.45,3.95,5.0,3307.0,0.2634961346435547,False,CALL,2027-01-15,UPS
UPS270115C00135000,135.0,2.81,2.43,3.0,24.0,1684.0,0.260200269165039,False,CALL,2027-01-15,UPS
UPS270115P00075000,75.0,2.48,2.24,4.3,3.0,3774.0,0.43506424316406256,False,PUT,2027-01-15,UPS
UPS270115P00080000,80.0,3.25,3.15,3.9,80.0,2755.0,0.3657289990234375,False,PUT,2027-01-15,UPS
UPS270115P00085000,85.0,4.4,4.1,4.5,222.0,3500.0,0.33624931335449215,False,PUT,2027-01-15,UPS
UPS270115P00090000,90.0,5.75,5.45,5.95,62.0,7414.0,0.3303289624023437,False,PUT,2027-01-15,UPS
UPS270115P00095000,95.0,7.52,6.3,8.0,1.0,2818.0,0.33338068969726564,False,PUT,2027-01-15,UPS
UPS270115P00100000,100.0,10.5,8.25,10.0,22.0,3352.0,0.3266668896484375,False,PUT,2027-01-15,UPS
UPS270115P00105000,105.0,12.1,10.6,12.35,3.0,1146.0,0.3216010223388671,False,PUT,2027-01-15,UPS
UPS270115P00110000,110.0,12.8,13.7,15.8,94.0,722.0,0.33609672698974613,True,PUT,2027-01-15,UPS
UPS270115P00115000,115.0,15.57,16.45,18.75,16.0,1086.0,0.3319158605957031,True,PUT,2027-01-15,UPS
UPS270115P00120000,120.0,19.0,19.85,22.35,3.0,441.0,0.3375005215454102,True,PUT,2027-01-15,UPS
UPS270115P00125000,125.0,24.0,23.55,25.9,10.0,212.0,0.33658500335693364,True,PUT,2027-01-15,UPS
UPS270115P00130000,130.0,27.05,26.5,29.65,22.0,395.0,0.33570000244140624,True,PUT,2027-01-15,UPS
UPS270115P00135000,135.0,31.05,31.5,35.5,2.0,134.0,0.3863281582641601,True,PUT,2027-01-15,UPS
UPS280121C00075000,75.0,31.05,31.0,35.25,1.0,286.0,0.27417718017578124,True,CALL,2028-01-21,UPS
UPS280121C00080000,80.0,27.65,27.0,31.3,6.0,372.0,0.2675244146728516,True,CALL,2028-01-21,UPS
UPS280121C00085000,85.0,25.07,24.0,28.5,4.0,733.0,0.28247787841796873,True,CALL,2028-01-21,UPS
UPS280121C00090000,90.0,23.27,21.0,24.5,1.0,208.0,0.2640759628295898,True,CALL,2028-01-21,UPS
UPS280121C00095000,95.0,19.0,18.0,21.0,1.0,136.0,0.2528150891113281,True,CALL,2028-01-21,UPS
UPS280121C00100000,100.0,18.0,16.0,20.0,2.0,1548.0,0.28244736114501956,True,CALL,2028-01-21,UPS
UPS280121C00105000,105.0,14.55,13.5,17.45,1.0,287.0,0.2784495983886719,True,CALL,2028-01-21,UPS
UPS280121C00110000,110.0,12.8,12.25,15.4,2.0,1672.0,0.2790599438476562,False,CALL,2028-01-21,UPS
UPS280121C00115000,115.0,11.42,10.0,14.0,25.0,863.0,0.2867502966308593,False,CALL,2028-01-21,UPS
UPS280121C00120000,120.0,12.0,8.1,13.0,27.0,383.0,0.29776703216552725,False,CALL,2028-01-21,UPS
UPS280121C00125000,125.0,9.2,7.5,10.45,54.0,875.0,0.27973132385253896,False,CALL,2028-01-21,UPS
UPS280121C00130000,130.0,7.25,5.8,9.85,29.0,409.0,0.291877198486328,False,CALL,2028-01-21,UPS
UPS280121C00135000,135.0,6.3,5.05,9.15,26.0,64.0,0.3001778967285156,False,CALL,2028-01-21,UPS
UPS280121P00075000,75.0,5.15,4.8,8.0,81.0,1056.0,0.40204455383300786,False,PUT,2028-01-21,UPS
UPS280121P00080000,80.0,6.05,4.6,7.5,2.0,982.0,0.3454655297851562,False,PUT,2028-01-21,UPS
UPS280121P00085000,85.0,8.79,6.0,10.0,3.0,580.0,0.35773347351074214,False,PUT,2028-01-21,UPS
UPS280121P00090000,90.0,10.25,8.15,12.4,1.0,343.0,0.36157864990234373,False,PUT,2028-01-21,UPS
UPS280121P00095000,95.0,12.15,11.15,14.25,1.0,1404.0,0.35053139709472647,False,PUT,2028-01-21,UPS
UPS280121P00100000,100.0,14.74,12.75,16.0,2.0,365.0,0.3350286224365234,False,PUT,2028-01-21,UPS
UPS280121P00105000,105.0,17.6,15.45,19.5,2.0,317.0,0.3473270834350586,False,PUT,2028-01-21,UPS
UPS280121P00110000,110.0,19.9,18.65,22.4,1.0,248.0,0.3455875988769531,True,PUT,2028-01-21,UPS
UPS280121P00115000,115.0,21.6,20.5,25.5,16.0,187.0,0.34430587341308594,True,PUT,2028-01-21,UPS
UPS280121P00120000,120.0,27.5,24.0,28.5,1.0,518.0,0.33859914337158203,True,PUT,2028-01-21,UPS
UPS280121P00125000,125.0,26.95,27.5,32.0,2.0,121.0,0.3386601779174804,True,PUT,2028-01-21,UPS
UPS280121P00130000,130.0,30.5,31.0,35.5,23.0,115.0,0.3362798306274414,True,PUT,2028-01-21,UPS
UPS280121P00135000,135.0,34.1,34.5,39.5,4.0,20.0,0.3402165588378906,True,PUT,2028-01-21,UPS
UPST260130C00030000,30.0,14.21,11.05,13.35,2.0,4.0,4.339848325195312,True,CALL,2026-01-30,UPST
UPST260130C00035000,35.0,10.14,5.95,8.35,1.0,132.0,2.7304719238281248,True,CALL,2026-01-30,UPST
UPST260130C00036000,36.0,9.29,5.0,7.35,2.0,4.0,2.4628944677734372,True,CALL,2026-01-30,UPST
UPST260130C00037000,37.0,5.57,4.05,6.35,2.0,2.0,2.1914107714843745,True,CALL,2026-01-30,UPST
UPST260130C00038000,38.0,4.85,2.95,5.4,3.0,6.0,1.861328818359375,True,CALL,2026-01-30,UPST
UPST260130C00038500,38.5,4.4,2.5,3.8,2.0,5.0,1.150394873046875,True,CALL,2026-01-30,UPST
UPST260130C00039000,39.0,6.21,2.19,4.55,1.0,21.0,1.732423212890625,True,CALL,2026-01-30,UPST
UPST260130C00040000,40.0,1.78,1.51,1.95,34.0,69.0,0.8183611914062499,True,CALL,2026-01-30,UPST
UPST260130C00041000,41.0,1.0,0.87,1.3,17.0,8.0,0.78711150390625,True,CALL,2026-01-30,UPST
UPST260130C00042000,42.0,0.49,0.52,0.64,105.0,102.0,0.73633076171875,False,CALL,2026-01-30,UPST
UPST260130C00042500,42.5,0.42,0.34,0.61,94.0,69.0,0.789064609375,False,CALL,2026-01-30,UPST
UPST260130C00043000,43.0,0.29,0.23,0.35,80.0,71.0,0.7304714453125,False,CALL,2026-01-30,UPST
UPST260130C00044000,44.0,0.15,0.07,0.25,300.0,204.0,0.7753928710937501,False,CALL,2026-01-30,UPST
UPST260130C00044500,44.5,0.1,0.06,0.18,133.0,181.0,0.8007832421875,False,CALL,2026-01-30,UPST
UPST260130C00045000,45.0,0.06,0.04,0.08,69.0,554.0,0.7500025,False,CALL,2026-01-30,UPST
UPST260130C00045500,45.5,0.04,0.02,0.05,130.0,461.0,0.7421900781249999,False,CALL,2026-01-30,UPST
UPST260130C00046000,46.0,0.03,0.0,0.05,57.0,779.0,0.7656273437500001,False,CALL,2026-01-30,UPST
UPST260130C00046500,46.5,0.03,0.0,0.05,84.0,326.0,0.8281267187499999,False,CALL,2026-01-30,UPST
UPST260130C00047000,47.0,0.01,0.01,0.03,90.0,699.0,0.85937640625,False,CALL,2026-01-30,UPST
UPST260130C00047500,47.5,0.03,0.0,0.06,19.0,227.0,0.9687503125,False,CALL,2026-01-30,UPST
UPST260130C00048000,48.0,0.03,0.0,0.01,62.0,1003.0,0.8125018749999999,False,CALL,2026-01-30,UPST
UPST260130C00048500,48.5,0.01,0.0,0.02,16.0,453.0,0.937500625,False,CALL,2026-01-30,UPST
UPST260130C00049000,49.0,0.01,0.01,0.03,14.0,674.0,1.0781296093750001,False,CALL,2026-01-30,UPST
UPST260130C00049500,49.5,0.01,0.0,0.01,3.0,342.0,0.937500625,False,CALL,2026-01-30,UPST
UPST260130C00050000,50.0,0.01,0.0,0.02,134.0,2608.0,1.09375453125,False,CALL,2026-01-30,UPST
UPST260130C00051000,51.0,0.01,0.0,0.04,26.0,1201.0,1.2812535937499998,False,CALL,2026-01-30,UPST
UPST260130C00052000,52.0,0.01,0.0,0.03,21.0,579.0,1.3437532812499997,False,CALL,2026-01-30,UPST
UPST260130C00053000,53.0,0.02,0.0,0.04,1.0,251.0,1.484377578125,False,CALL,2026-01-30,UPST
UPST260130P00030000,30.0,0.05,0.0,0.03,1.0,102.0,1.8437507812499998,False,PUT,2026-01-30,UPST
UPST260130P00035000,35.0,0.01,0.0,0.03,9.0,296.0,1.015629921875,False,PUT,2026-01-30,UPST
UPST260130P00036000,36.0,0.02,0.0,0.03,31.0,142.0,0.85937640625,False,PUT,2026-01-30,UPST
UPST260130P00037000,37.0,0.01,0.01,0.03,65.0,200.0,0.7500025,False,PUT,2026-01-30,UPST
UPST260130P00038000,38.0,0.06,0.02,0.07,1.0,341.0,0.6875031250000001,False,PUT,2026-01-30,UPST
UPST260130P00039000,39.0,0.11,0.09,0.15,2.0,155.0,0.6562534375000001,False,PUT,2026-01-30,UPST
UPST260130P00039500,39.5,0.18,0.15,0.25,37.0,50.0,0.6562534375000001,False,PUT,2026-01-30,UPST
UPST260130P00040000,40.0,0.3,0.25,0.35,1550.0,3337.0,0.64062859375,False,PUT,2026-01-30,UPST
UPST260130P00041000,41.0,0.61,0.5,0.72,192.0,534.0,0.5996133789062501,False,PUT,2026-01-30,UPST
UPST260130P00041500,41.5,0.9,0.73,1.11,43.0,28.0,0.6455113574218749,True,PUT,2026-01-30,UPST
UPST260130P00042000,42.0,1.22,1.0,1.45,1034.0,807.0,0.64648791015625,True,PUT,2026-01-30,UPST
UPST260130P00042500,42.5,1.59,1.34,1.78,210.0,721.0,0.63086306640625,True,PUT,2026-01-30,UPST
UPST260130P00043000,43.0,1.98,1.75,2.14,138.0,1137.0,0.62305064453125,True,PUT,2026-01-30,UPST
UPST260130P00043500,43.5,2.43,1.91,2.51,23.0,212.0,0.8085956640624999,True,PUT,2026-01-30,UPST
UPST260130P00044000,44.0,2.76,2.47,3.0,127.0,873.0,0.8984385156249999,True,PUT,2026-01-30,UPST
UPST260130P00044500,44.5,2.94,2.76,3.75,17.0,165.0,1.29297228515625,True,PUT,2026-01-30,UPST
UPST260130P00045000,45.0,3.64,3.4,4.0,43.0,825.0,1.091801416015625,True,PUT,2026-01-30,UPST
UPST260130P00045500,45.5,3.55,2.94,4.5,7.0,187.0,1.18359783203125,True,PUT,2026-01-30,UPST
UPST260130P00046000,46.0,4.51,4.15,4.95,15.0,324.0,1.19141029296875,True,PUT,2026-01-30,UPST
UPST260130P00046500,46.5,2.59,4.5,5.5,3.0,154.0,1.3554719726562499,True,PUT,2026-01-30,UPST
UPST260130P00047000,47.0,5.43,5.05,6.2,6.0,147.0,1.7265638671875,True,PUT,2026-01-30,UPST
UPST260130P00047500,47.5,3.52,4.2,6.6,3.0,66.0,1.67578287109375,True,PUT,2026-01-30,UPST
UPST260130P00048000,48.0,6.55,5.8,7.0,7.0,105.0,1.5996113769531248,True,PUT,2026-01-30,UPST
UPST260130P00048500,48.5,3.52,5.2,7.5,1.0,45.0,1.67578287109375,True,PUT,2026-01-30,UPST
UPST260130P00049000,49.0,7.48,7.15,8.0,1.0,71.0,1.75390748046875,True,PUT,2026-01-30,UPST
UPST260130P00049500,49.5,4.25,7.55,8.6,2.0,33.0,1.998046884765625,True,PUT,2026-01-30,UPST
UPST260130P00050000,50.0,8.4,7.55,8.9,19.0,310.0,1.68359533203125,True,PUT,2026-01-30,UPST
UPST260130P00051000,51.0,8.83,7.65,10.25,1.0,18.0,2.4570351074218753,True,PUT,2026-01-30,UPST
UPST260130P00052000,52.0,6.52,8.65,11.25,3.0,2.0,2.6074253564453125,True,PUT,2026-01-30,UPST
UPST260130P00053000,53.0,8.37,9.65,12.85,1.0,0.0,3.5371105322265626,True,PUT,2026-01-30,UPST
UPST260206C00035000,35.0,15.53,5.7,7.7,13.0,12.0,0.9970703417968749,True,CALL,2026-02-06,UPST
UPST260206C00036000,36.0,9.36,4.7,7.55,3.0,6.0,1.1337933935546878,True,CALL,2026-02-06,UPST
UPST260206C00038000,38.0,5.1,3.65,4.45,2.0,3.0,0.8164080859374999,True,CALL,2026-02-06,UPST
UPST260206C00039000,39.0,4.3,2.94,3.25,1.0,2.0,0.694338994140625,True,CALL,2026-02-06,UPST
UPST260206C00040000,40.0,2.63,2.26,2.59,23.0,15.0,0.6796907031250001,True,CALL,2026-02-06,UPST
UPST260206C00041000,41.0,1.84,1.71,2.02,6.0,85.0,0.6748079394531252,True,CALL,2026-02-06,UPST
UPST260206C00042000,42.0,1.4,1.19,1.54,18.0,19.0,0.657229990234375,False,CALL,2026-02-06,UPST
UPST260206C00043000,43.0,1.19,0.89,1.16,7.0,14.0,0.6689486230468751,False,CALL,2026-02-06,UPST
UPST260206C00044000,44.0,0.83,0.66,0.86,37.0,57.0,0.6796907031250001,False,CALL,2026-02-06,UPST
UPST260206C00044500,44.5,0.7,0.55,0.74,18.0,73.0,0.6816438085937502,False,CALL,2026-02-06,UPST
UPST260206C00045000,45.0,0.54,0.42,0.64,38.0,750.0,0.6757844921875001,False,CALL,2026-02-06,UPST
UPST260206C00045500,45.5,0.55,0.39,0.56,107.0,123.0,0.694338994140625,False,CALL,2026-02-06,UPST
UPST260206C00046000,46.0,0.4,0.34,0.45,43.0,308.0,0.69336244140625,False,CALL,2026-02-06,UPST
UPST260206C00046500,46.5,1.15,0.15,0.45,10.0,29.0,0.6757844921875001,False,CALL,2026-02-06,UPST
UPST260206C00047000,47.0,0.33,0.25,0.41,87.0,90.0,0.73633076171875,False,CALL,2026-02-06,UPST
UPST260206C00047500,47.5,0.4,0.17,0.49,1.0,42.0,0.7763694238281251,False,CALL,2026-02-06,UPST
UPST260206C00048000,48.0,0.23,0.17,0.3,18.0,67.0,0.7421900781249999,False,CALL,2026-02-06,UPST
UPST260206C00048500,48.5,0.19,0.15,0.24,25.0,7.0,0.7421900781249999,False,CALL,2026-02-06,UPST
UPST260206C00049000,49.0,0.15,0.13,0.27,51.0,170.0,0.7812521875,False,CALL,2026-02-06,UPST
UPST260206C00049500,49.5,0.24,0.01,0.34,1.0,49.0,0.789064609375,False,CALL,2026-02-06,UPST
UPST260206C00050000,50.0,0.14,0.06,0.19,300.0,970.0,0.76367423828125,False,CALL,2026-02-06,UPST
UPST260206C00051000,51.0,0.11,0.07,0.11,206.0,316.0,0.773439765625,False,CALL,2026-02-06,UPST
UPST260206C00052000,52.0,0.14,0.0,0.29,3.0,210.0,0.9082040429687499,False,CALL,2026-02-06,UPST
UPST260206C00053000,53.0,0.09,0.05,0.09,4.0,210.0,0.8437515624999999,False,CALL,2026-02-06,UPST
UPST260206P00030000,30.0,0.04,0.0,0.25,14.0,16.0,1.203128984375,False,PUT,2026-02-06,UPST
UPST260206P00035000,35.0,0.21,0.03,0.21,7.0,239.0,0.6953155468750001,False,PUT,2026-02-06,UPST
UPST260206P00036000,36.0,0.18,0.17,0.2,8.0,94.0,0.6679720703125002,False,PUT,2026-02-06,UPST
UPST260206P00037000,37.0,0.3,0.23,0.41,1.0,154.0,0.6699251757812501,False,PUT,2026-02-06,UPST
UPST260206P00038000,38.0,0.2,0.35,0.53,3.0,92.0,0.6259803027343751,False,PUT,2026-02-06,UPST
UPST260206P00039000,39.0,0.72,0.61,0.78,17.0,148.0,0.6250037500000001,False,PUT,2026-02-06,UPST
UPST260206P00039500,39.5,0.82,0.7,0.93,2.0,4.0,0.6064492480468751,False,PUT,2026-02-06,UPST
UPST260206P00040000,40.0,1.05,0.92,1.15,98.0,453.0,0.622074091796875,False,PUT,2026-02-06,UPST
UPST260206P00040500,40.5,1.23,1.12,1.3,12.0,21.0,0.6084023535156251,False,PUT,2026-02-06,UPST
UPST260206P00041000,41.0,1.49,1.33,1.52,25.0,235.0,0.6005899316406251,False,PUT,2026-02-06,UPST
UPST260206P00042000,42.0,1.92,1.81,2.15,81.0,151.0,0.6049844189453126,True,PUT,2026-02-06,UPST
UPST260206P00042500,42.5,2.28,2.08,2.4,22.0,14.0,0.584965087890625,True,PUT,2026-02-06,UPST
UPST260206P00043000,43.0,2.71,2.46,2.81,56.0,291.0,0.6108437353515627,True,PUT,2026-02-06,UPST
UPST260206P00043500,43.5,3.0,2.78,3.15,4.0,20.0,0.6005899316406251,True,PUT,2026-02-06,UPST
UPST260206P00044000,44.0,3.1,3.15,3.5,51.0,205.0,0.5937540625000001,True,PUT,2026-02-06,UPST
UPST260206P00044500,44.5,3.48,3.45,4.05,6.0,34.0,0.6103554589843752,True,PUT,2026-02-06,UPST
UPST260206P00045000,45.0,4.26,3.9,4.55,44.0,257.0,0.64648791015625,True,PUT,2026-02-06,UPST
UPST260206P00045500,45.5,3.28,4.05,4.8,2.0,17.0,0.5019581054687501,True,PUT,2026-02-06,UPST
UPST260206P00046000,46.0,3.95,4.5,5.4,16.0,89.0,0.561527822265625,True,PUT,2026-02-06,UPST
UPST260206P00046500,46.5,4.4,4.0,5.85,1.0,49.0,0.8564467480468749,True,PUT,2026-02-06,UPST
UPST260206P00047000,47.0,5.82,5.35,6.2,7.0,511.0,0.81445498046875,True,PUT,2026-02-06,UPST
UPST260206P00048000,48.0,4.5,5.45,7.4,11.0,33.0,1.0166064794921876,True,PUT,2026-02-06,UPST
UPST260206P00049000,49.0,7.8,7.25,8.25,2.0,62.0,1.0087940185546875,True,PUT,2026-02-06,UPST
UPST260206P00049500,49.5,3.88,6.3,9.1,,2.0,1.25390998046875,True,PUT,2026-02-06,UPST
UPST260206P00050000,50.0,8.4,7.85,9.0,11.0,296.0,0.8945323046874999,True,PUT,2026-02-06,UPST
UPST260206P00051000,51.0,7.45,8.7,10.2,5.0,14.0,1.123051259765625,True,PUT,2026-02-06,UPST
UPST260206P00052000,52.0,8.54,8.7,11.2,7.0,38.0,1.193363408203125,True,PUT,2026-02-06,UPST
UPST260206P00053000,53.0,8.37,9.7,12.1,6.0,27.0,1.1796916015624999,True,PUT,2026-02-06,UPST
UPST260213C00037000,37.0,9.25,6.25,6.7,5.0,5.0,1.2270546459960938,True,CALL,2026-02-13,UPST
UPST260213C00038000,38.0,10.15,5.65,6.0,5.0,10.0,1.2099648876953122,True,CALL,2026-02-13,UPST
UPST260213C00039000,39.0,8.01,5.0,5.55,19.0,5.0,1.2124062817382812,True,CALL,2026-02-13,UPST
UPST260213C00040000,40.0,4.67,4.55,4.9,25.0,20.0,1.2026407055664063,True,CALL,2026-02-13,UPST
UPST260213C00041000,41.0,4.2,4.05,4.55,18.0,4.0,1.218265627441406,True,CALL,2026-02-13,UPST
UPST260213C00042000,42.0,3.9,3.6,4.15,31.0,6.0,1.22266013671875,False,CALL,2026-02-13,UPST
UPST260213C00043000,43.0,3.45,3.2,3.45,95.0,112.0,1.1801798803710937,False,CALL,2026-02-13,UPST
UPST260213C00044000,44.0,3.0,2.78,3.0,7.0,31.0,1.16016044921875,False,CALL,2026-02-13,UPST
UPST260213C00045000,45.0,2.63,2.53,2.82,53.0,346.0,1.1953165234375,False,CALL,2026-02-13,UPST
UPST260213C00046000,46.0,2.3,2.22,2.41,13.0,188.0,1.1777384863281248,False,CALL,2026-02-13,UPST
UPST260213C00047000,47.0,2.2,1.97,2.19,11.0,267.0,1.189457177734375,False,CALL,2026-02-13,UPST
UPST260213C00048000,48.0,2.32,1.68,2.29,10.0,148.0,1.237796779785156,False,CALL,2026-02-13,UPST
UPST260213C00049000,49.0,1.8,1.41,1.78,4.0,157.0,1.1821329956054685,False,CALL,2026-02-13,UPST
UPST260213C00050000,50.0,1.4,1.34,1.46,118.0,222.0,1.1821329956054685,False,CALL,2026-02-13,UPST
UPST260213C00051000,51.0,1.29,1.16,1.48,22.0,161.0,1.2172890698242185,False,CALL,2026-02-13,UPST
UPST260213C00052000,52.0,1.04,1.04,1.23,65.0,205.0,1.2070352148437498,False,CALL,2026-02-13,UPST
UPST260213C00053000,53.0,1.22,0.77,1.08,1.0,144.0,1.1767619287109374,False,CALL,2026-02-13,UPST
UPST260213P00030000,30.0,0.43,0.42,0.46,30.0,62.0,1.2089883300781248,False,PUT,2026-02-13,UPST
UPST260213P00035000,35.0,1.33,1.26,1.59,12.0,125.0,1.18359783203125,False,PUT,2026-02-13,UPST
UPST260213P00036000,36.0,1.65,1.5,1.75,6.0,180.0,1.1416058544921874,False,PUT,2026-02-13,UPST
UPST260213P00037000,37.0,1.7,1.86,2.13,3.0,134.0,1.1489300366210937,False,PUT,2026-02-13,UPST
UPST260213P00038000,38.0,2.36,2.23,2.55,32.0,206.0,1.150394873046875,False,PUT,2026-02-13,UPST
UPST260213P00039000,39.0,2.85,2.62,2.97,36.0,176.0,1.1411175756835936,False,PUT,2026-02-13,UPST
UPST260213P00040000,40.0,3.19,3.0,3.4,20.0,293.0,1.1201215869140624,False,PUT,2026-02-13,UPST
UPST260213P00041000,41.0,3.7,3.55,3.85,2.0,406.0,1.1157270776367185,False,PUT,2026-02-13,UPST
UPST260213P00042000,42.0,4.23,4.1,4.4,3.0,91.0,1.1137739624023437,True,PUT,2026-02-13,UPST
UPST260213P00043000,43.0,4.28,4.65,5.1,1.0,39.0,1.1220747021484376,True,PUT,2026-02-13,UPST
UPST260213P00044000,44.0,5.3,5.25,5.65,5.0,76.0,1.1044966650390626,True,PUT,2026-02-13,UPST
UPST260213P00045000,45.0,6.27,5.95,6.4,5.0,1482.0,1.1206098657226562,True,PUT,2026-02-13,UPST
UPST260213P00046000,46.0,4.75,6.65,7.15,1.0,167.0,1.1274457690429687,True,PUT,2026-02-13,UPST
UPST260213P00047000,47.0,7.47,7.35,7.9,5.0,212.0,1.1245160961914062,True,PUT,2026-02-13,UPST
UPST260213P00048000,48.0,8.15,8.1,8.6,5.0,97.0,1.111820847167969,True,PUT,2026-02-13,UPST
UPST260213P00049000,49.0,9.18,8.9,9.45,3.0,41.0,1.1235395385742186,True,PUT,2026-02-13,UPST
UPST260213P00050000,50.0,9.75,9.7,10.2,12.0,382.0,1.1088911743164065,True,PUT,2026-02-13,UPST
UPST260213P00051000,51.0,8.77,9.85,11.2,6.0,14.0,0.999023447265625,True,PUT,2026-02-13,UPST
UPST260213P00052000,52.0,10.05,10.7,12.0,6.0,56.0,0.973633076171875,True,PUT,2026-02-13,UPST
UPST260213P00053000,53.0,12.1,11.8,12.95,5.0,12.0,1.0380907470703127,True,PUT,2026-02-13,UPST
UPST260220C00030000,30.0,15.72,11.45,14.0,1.0,2.0,1.5092797973632814,True,CALL,2026-02-20,UPST
UPST260220C00032500,32.5,12.88,9.6,11.9,1.0,1.0,1.4379910913085938,True,CALL,2026-02-20,UPST
UPST260220C00035000,35.0,9.01,7.75,8.9,5.0,2.0,1.1938516870117186,True,CALL,2026-02-20,UPST
UPST260220C00037500,37.5,10.6,6.15,6.9,,40.0,1.1196333081054686,True,CALL,2026-02-20,UPST
UPST260220C00040000,40.0,4.88,4.75,5.15,68.0,113.0,1.059086735839844,True,CALL,2026-02-20,UPST
UPST260220C00042000,42.0,4.0,3.85,4.35,50.0,5.0,1.0742233789062503,False,CALL,2026-02-20,UPST
UPST260220C00042500,42.5,5.77,3.6,4.65,1.0,32.0,1.1303754418945315,False,CALL,2026-02-20,UPST
UPST260220C00043500,43.5,3.83,3.25,3.8,1.0,33.0,1.0786178881835937,False,CALL,2026-02-20,UPST
UPST260220C00044000,44.0,4.8,3.05,3.3,1.0,26.0,1.0376024682617189,False,CALL,2026-02-20,UPST
UPST260220C00045000,45.0,2.99,2.71,3.0,7.0,459.0,1.041508698730469,False,CALL,2026-02-20,UPST
UPST260220C00045500,45.5,3.0,2.56,3.1,3.0,55.0,1.0742233789062503,False,CALL,2026-02-20,UPST
UPST260220C00046000,46.0,2.65,2.45,2.92,11.0,40.0,1.0756882153320313,False,CALL,2026-02-20,UPST
UPST260220C00046500,46.5,3.4,2.32,2.62,1.0,92.0,1.0581101782226563,False,CALL,2026-02-20,UPST
UPST260220C00047000,47.0,2.43,2.18,2.66,5.0,48.0,1.0800827246093752,False,CALL,2026-02-20,UPST
UPST260220C00047500,47.5,2.38,2.06,2.66,4.0,573.0,1.0986373193359378,False,CALL,2026-02-20,UPST
UPST260220C00048000,48.0,2.09,1.93,2.19,7.0,45.0,1.052739111328125,False,CALL,2026-02-20,UPST
UPST260220C00048500,48.5,1.96,1.66,2.15,2.0,1.0,1.0419969775390627,False,CALL,2026-02-20,UPST
UPST260220C00049000,49.0,2.8,1.55,2.09,2.0,20.0,1.049321159667969,False,CALL,2026-02-20,UPST
UPST260220C00049500,49.5,3.68,1.62,2.24,,2.0,1.109379453125,False,CALL,2026-02-20,UPST
UPST260220C00050000,50.0,1.61,1.52,1.72,124.0,679.0,1.05078599609375,False,CALL,2026-02-20,UPST
UPST260220C00051000,51.0,1.46,1.36,1.71,27.0,82.0,1.080571003417969,False,CALL,2026-02-20,UPST
UPST260220C00052000,52.0,2.0,1.15,1.68,33.0,41.0,1.0961959252929687,False,CALL,2026-02-20,UPST
UPST260220C00052500,52.5,1.31,1.05,1.58,21.0,341.0,1.08984830078125,False,CALL,2026-02-20,UPST
UPST260220C00053000,53.0,2.1,0.97,1.7,21.0,48.0,1.1206098657226562,False,CALL,2026-02-20,UPST
UPST260220P00030000,30.0,0.52,0.47,0.63,147.0,909.0,1.0742233789062503,False,PUT,2026-02-20,UPST
UPST260220P00032500,32.5,0.86,0.86,1.01,12.0,580.0,1.0410204199218753,False,PUT,2026-02-20,UPST
UPST260220P00035000,35.0,1.51,1.47,1.62,34.0,953.0,1.0263720556640625,False,PUT,2026-02-20,UPST
UPST260220P00036000,36.0,1.6,1.73,1.96,3.0,53.0,1.0185595947265624,False,PUT,2026-02-20,UPST
UPST260220P00037000,37.0,2.15,2.06,2.39,3.0,99.0,1.0234423828125,False,PUT,2026-02-20,UPST
UPST260220P00037500,37.5,2.25,2.0,2.6,4.0,459.0,0.99023447265625,False,PUT,2026-02-20,UPST
UPST260220P00038000,38.0,2.67,2.39,2.68,14.0,24.0,0.9985351708984375,False,PUT,2026-02-20,UPST
UPST260220P00039000,39.0,2.97,2.82,3.1,18.0,32.0,0.9946289599609376,False,PUT,2026-02-20,UPST
UPST260220P00040000,40.0,3.44,3.25,3.6,196.0,1522.0,0.9907227490234375,False,PUT,2026-02-20,UPST
UPST260220P00041000,41.0,3.75,3.45,4.1,13.0,111.0,0.9487309814453124,False,PUT,2026-02-20,UPST
UPST260220P00042000,42.0,4.43,4.2,4.75,7.0,701.0,0.983398603515625,True,PUT,2026-02-20,UPST
UPST260220P00042500,42.5,4.62,4.55,5.05,17.0,312.0,0.991211025390625,True,PUT,2026-02-20,UPST
UPST260220P00043000,43.0,4.88,4.4,5.3,3.0,87.0,0.929688203125,True,PUT,2026-02-20,UPST
UPST260220P00043500,43.5,4.52,5.05,5.55,1.0,15.0,0.9633792724609375,True,PUT,2026-02-20,UPST
UPST260220P00044000,44.0,5.48,5.25,5.9,1.0,112.0,0.9521489160156249,True,PUT,2026-02-20,UPST
UPST260220P00044500,44.5,6.0,5.85,6.2,1.0,69.0,0.981445498046875,True,PUT,2026-02-20,UPST
UPST260220P00045000,45.0,6.3,6.25,6.55,42.0,1097.0,0.9907227490234375,True,PUT,2026-02-20,UPST
UPST260220P00045500,45.5,5.23,6.4,6.95,1.0,46.0,0.9731447998046875,True,PUT,2026-02-20,UPST
UPST260220P00046000,46.0,6.52,6.45,7.35,3.0,31.0,0.940430283203125,True,PUT,2026-02-20,UPST
UPST260220P00047000,47.0,7.68,7.6,8.0,2.0,34.0,0.98437515625,True,PUT,2026-02-20,UPST
UPST260220P00047500,47.5,5.8,8.0,8.4,2.0,198.0,0.9907227490234375,True,PUT,2026-02-20,UPST
UPST260220P00048000,48.0,5.7,7.85,8.75,6.0,3.0,0.913086806640625,True,PUT,2026-02-20,UPST
UPST260220P00049500,49.5,7.55,9.5,10.0,,26.0,0.9877930908203125,True,PUT,2026-02-20,UPST
UPST260220P00050000,50.0,7.51,9.65,10.35,50.0,398.0,0.940430283203125,True,PUT,2026-02-20,UPST
UPST260220P00052000,52.0,10.25,10.85,12.05,1.0,21.0,0.851563984375,True,PUT,2026-02-20,UPST
UPST260220P00052500,52.5,10.88,11.3,12.5,6.0,47.0,0.8544936425781251,True,PUT,2026-02-20,UPST
UPST260220P00053000,53.0,12.23,12.0,13.05,5.0,3.0,0.9257819921875,True,PUT,2026-02-20,UPST
UPST260227C00039000,39.0,8.0,5.5,6.45,5.0,6.0,1.0424852563476565,True,CALL,2026-02-27,UPST
UPST260227C00040000,40.0,9.27,5.0,5.6,,2.0,1.0039112304687499,True,CALL,2026-02-27,UPST
UPST260227C00042000,42.0,4.2,4.05,4.7,18.0,2.0,0.999023447265625,False,CALL,2026-02-27,UPST
UPST260227C00045000,45.0,3.25,2.92,3.4,8.0,56.0,0.9775392871093751,False,CALL,2026-02-27,UPST
UPST260227C00046000,46.0,4.7,2.52,3.2,22.0,37.0,0.9804689453125001,False,CALL,2026-02-27,UPST
UPST260227C00047000,47.0,2.67,2.37,2.98,9.0,34.0,1.0029346728515625,False,CALL,2026-02-27,UPST
UPST260227C00048000,48.0,2.41,2.15,2.67,1.0,43.0,1.0024463940429689,False,CALL,2026-02-27,UPST
UPST260227C00049000,49.0,2.8,1.81,2.61,9.0,46.0,1.01172369140625,False,CALL,2026-02-27,UPST
UPST260227C00050000,50.0,1.97,1.69,2.16,17.0,59.0,0.9956055126953125,False,CALL,2026-02-27,UPST
UPST260227C00051000,51.0,1.73,1.54,1.92,3.0,6.0,0.9965820654296875,False,CALL,2026-02-27,UPST
UPST260227C00052000,52.0,1.4,1.39,1.82,2.0,11.0,1.0107471337890623,False,CALL,2026-02-27,UPST
UPST260227C00053000,53.0,1.54,1.09,1.69,4.0,8.0,0.9965820654296875,False,CALL,2026-02-27,UPST
UPST260227P00030000,30.0,0.43,0.5,0.91,5.0,150.0,1.0146533642578124,False,PUT,2026-02-27,UPST
UPST260227P00035000,35.0,1.67,1.59,1.85,8.0,46.0,0.9477544287109375,False,PUT,2026-02-27,UPST
UPST260227P00036000,36.0,2.03,1.88,2.29,1.0,30.0,0.9545902978515625,False,PUT,2026-02-27,UPST
UPST260227P00037000,37.0,2.05,2.22,2.58,2.0,6.0,0.93945373046875,False,PUT,2026-02-27,UPST
UPST260227P00038000,38.0,1.88,2.6,3.05,4.0,52.0,0.9418951123046875,False,PUT,2026-02-27,UPST
UPST260227P00039000,39.0,2.07,3.0,3.55,2.0,24.0,0.9414068359375,False,PUT,2026-02-27,UPST
UPST260227P00040000,40.0,3.7,3.5,3.95,1.0,34.0,0.9331061376953125,False,PUT,2026-02-27,UPST
UPST260227P00041000,41.0,4.2,3.95,4.45,4.0,28.0,0.92187578125,False,PUT,2026-02-27,UPST
UPST260227P00042000,42.0,3.25,4.5,5.25,1.0,5.0,0.946289599609375,True,PUT,2026-02-27,UPST
UPST260227P00043000,43.0,3.69,5.2,5.5,3.0,27.0,0.9204109521484375,True,PUT,2026-02-27,UPST
UPST260227P00044000,44.0,5.78,5.7,6.25,1.0,7.0,0.918946123046875,True,PUT,2026-02-27,UPST
UPST260227P00045000,45.0,4.75,6.4,6.8,20.0,116.0,0.911133701171875,True,PUT,2026-02-27,UPST
UPST260227P00046000,46.0,5.25,7.05,7.65,3.0,5.0,0.9233406103515626,True,PUT,2026-02-27,UPST
UPST260227P00047000,47.0,7.93,7.75,8.4,1.0,2.0,0.9243171630859376,True,PUT,2026-02-27,UPST
UPST260227P00048000,48.0,8.46,8.45,9.1,4.0,4.0,0.9135750830078125,True,PUT,2026-02-27,UPST
UPST260227P00049000,49.0,6.74,8.8,9.8,2.0,18.0,0.8520522607421875,True,PUT,2026-02-27,UPST
UPST260227P00050000,50.0,8.27,10.0,11.55,3.0,29.0,1.0200244311523439,True,PUT,2026-02-27,UPST
UPST260227P00051000,51.0,9.25,10.85,11.45,3.0,16.0,0.9106454248046875,True,PUT,2026-02-27,UPST
UPST260306C00044000,44.0,5.65,3.55,4.05,15.0,17.0,0.9377447631835938,False,CALL,2026-03-06,UPST
UPST260306C00046000,46.0,3.15,2.85,3.65,1.0,1.0,0.9589847851562499,False,CALL,2026-03-06,UPST
UPST260306C00047000,47.0,2.9,2.6,3.1,8.0,9.0,0.9379889013671875,False,CALL,2026-03-06,UPST
UPST260306P00035000,35.0,1.53,1.57,2.21,2.0,35.0,0.8959971337890623,False,PUT,2026-03-06,UPST
UPST260306P00038000,38.0,3.06,2.7,3.4,3.0,24.0,0.8955088574218748,False,PUT,2026-03-06,UPST
UPST260306P00040000,40.0,2.63,3.55,4.3,21.0,24.0,0.8793957373046875,False,PUT,2026-03-06,UPST
UPST260306P00042000,42.0,5.0,4.7,5.25,25.0,6.0,0.8710950390625,True,PUT,2026-03-06,UPST
UPST260306P00046000,46.0,4.84,7.15,7.95,,5.0,0.8710950390625,True,PUT,2026-03-06,UPST
UPST260320C00030000,30.0,15.7,12.15,14.55,4.0,168.0,1.1782267651367184,True,CALL,2026-03-20,UPST
UPST260320C00032500,32.5,13.43,10.1,12.6,1.0,43.0,1.1010787133789064,True,CALL,2026-03-20,UPST
UPST260320C00035000,35.0,10.9,8.6,9.75,1.0,282.0,0.973633076171875,True,CALL,2026-03-20,UPST
UPST260320C00037500,37.5,9.85,7.0,7.7,2.0,242.0,0.901368173828125,True,CALL,2026-03-20,UPST
UPST260320C00040000,40.0,5.93,5.75,6.6,6.0,545.0,0.9169930175781251,True,CALL,2026-03-20,UPST
UPST260320C00042500,42.5,4.85,4.65,5.65,11.0,235.0,0.9260261303710937,False,CALL,2026-03-20,UPST
UPST260320C00045000,45.0,3.85,3.7,4.0,28.0,912.0,0.8632826171875,False,CALL,2026-03-20,UPST
UPST260320C00047500,47.5,3.05,2.95,3.15,188.0,1127.0,0.8559584716796875,False,CALL,2026-03-20,UPST
UPST260320C00050000,50.0,2.4,2.4,2.47,296.0,2223.0,0.8569350244140624,False,CALL,2026-03-20,UPST
UPST260320C00052500,52.5,2.0,1.9,2.1,7.0,625.0,0.870118486328125,False,CALL,2026-03-20,UPST
UPST260320P00030000,30.0,0.75,0.78,1.05,20.0,1054.0,0.848634326171875,False,PUT,2026-03-20,UPST
UPST260320P00032500,32.5,1.51,1.44,1.57,9.0,1063.0,0.8476577734374999,False,PUT,2026-03-20,UPST
UPST260320P00035000,35.0,2.19,2.15,2.34,15.0,725.0,0.8369156933593749,False,PUT,2026-03-20,UPST
UPST260320P00037500,37.5,3.12,3.05,3.25,10.0,1519.0,0.8203142968749999,False,PUT,2026-03-20,UPST
UPST260320P00040000,40.0,4.3,4.15,4.45,8.0,1323.0,0.8120135986328124,False,PUT,2026-03-20,UPST
UPST260320P00042500,42.5,5.65,5.5,5.85,30.0,535.0,0.8078632495117187,True,PUT,2026-03-20,UPST
UPST260320P00045000,45.0,6.23,7.05,7.5,5.0,910.0,0.8100604931640624,True,PUT,2026-03-20,UPST
UPST260320P00047500,47.5,6.87,8.8,9.0,1.0,370.0,0.788088056640625,True,PUT,2026-03-20,UPST
UPST260320P00050000,50.0,10.75,10.85,10.95,2.0,1115.0,0.805666005859375,True,PUT,2026-03-20,UPST
UPST260320P00052500,52.5,12.65,12.35,13.1,3.0,619.0,0.7656273437500001,True,PUT,2026-03-20,UPST
UPST260417C00030000,30.0,16.2,12.8,15.15,5.0,2270.0,1.070805427246094,True,CALL,2026-04-17,UPST
UPST260417C00032500,32.5,19.47,10.95,13.3,9.0,2259.0,1.0200244311523439,True,CALL,2026-04-17,UPST
UPST260417C00035000,35.0,11.75,9.2,9.95,13.0,121.0,0.8457046679687499,True,CALL,2026-04-17,UPST
UPST260417C00037500,37.5,9.97,7.85,8.85,2.0,49.0,0.868165380859375,True,CALL,2026-04-17,UPST
UPST260417C00040000,40.0,6.55,6.55,6.85,37.0,203.0,0.807619111328125,True,CALL,2026-04-17,UPST
UPST260417C00042500,42.5,5.5,5.4,5.75,70.0,264.0,0.799806689453125,False,CALL,2026-04-17,UPST
UPST260417C00045000,45.0,4.6,4.45,5.4,28.0,379.0,0.8342301733398436,False,CALL,2026-04-17,UPST
UPST260417C00047500,47.5,3.75,3.65,3.8,2.0,180.0,0.7785666674804688,False,CALL,2026-04-17,UPST
UPST260417C00050000,50.0,3.15,3.05,3.15,21.0,522.0,0.782228740234375,False,CALL,2026-04-17,UPST
UPST260417C00052500,52.5,2.63,2.49,2.61,20.0,260.0,0.7817404638671875,False,CALL,2026-04-17,UPST
UPST260417P00030000,30.0,1.31,1.17,1.57,1.0,380.0,0.79101771484375,False,PUT,2026-04-17,UPST
UPST260417P00032500,32.5,2.0,1.99,2.09,5.0,372.0,0.7832052929687501,False,PUT,2026-04-17,UPST
UPST260417P00035000,35.0,2.16,2.74,2.97,1.0,275.0,0.7712425219726562,False,PUT,2026-04-17,UPST
UPST260417P00037500,37.5,3.8,3.7,3.95,2.0,608.0,0.7568383691406251,False,PUT,2026-04-17,UPST
UPST260417P00040000,40.0,4.94,4.85,5.05,11.0,666.0,0.7402369726562499,False,PUT,2026-04-17,UPST
UPST260417P00042500,42.5,5.6,6.15,6.5,1.0,182.0,0.73437765625,True,PUT,2026-04-17,UPST
UPST260417P00045000,45.0,7.85,7.7,7.95,26.0,1092.0,0.7231472998046875,True,PUT,2026-04-17,UPST
UPST260417P00047500,47.5,9.25,9.35,9.7,22.0,667.0,0.7185086743164062,True,PUT,2026-04-17,UPST
UPST260417P00050000,50.0,9.3,11.2,11.6,51.0,418.0,0.7194852270507812,True,PUT,2026-04-17,UPST
UPST260417P00052500,52.5,13.13,13.0,13.55,1.0,401.0,0.70312796875,True,PUT,2026-04-17,UPST
UPST260618C00030000,30.0,17.4,14.25,16.7,1.0,492.0,1.01172369140625,True,CALL,2026-06-18,UPST
UPST260618C00032500,32.5,21.03,12.65,13.9,10.0,69.0,0.9091805957031249,True,CALL,2026-06-18,UPST
UPST260618C00035000,35.0,13.45,11.2,12.35,7.0,125.0,0.8886729882812499,True,CALL,2026-06-18,UPST
UPST260618C00037500,37.5,11.95,9.9,11.0,6.0,78.0,0.875977802734375,True,CALL,2026-06-18,UPST
UPST260618C00040000,40.0,10.63,8.7,9.0,7.0,462.0,0.8239763696289062,True,CALL,2026-06-18,UPST
UPST260618C00042500,42.5,8.03,7.65,8.55,5.0,76.0,0.848634326171875,False,CALL,2026-06-18,UPST
UPST260618C00045000,45.0,6.99,6.75,7.1,74.0,635.0,0.820192227783203,False,CALL,2026-06-18,UPST
UPST260618C00047500,47.5,6.4,5.9,6.4,4.0,505.0,0.8216570568847656,False,CALL,2026-06-18,UPST
UPST260618C00050000,50.0,5.35,5.25,5.5,160.0,3228.0,0.8143329113769531,False,CALL,2026-06-18,UPST
UPST260618C00052500,52.5,4.9,4.55,5.0,3.0,686.0,0.8162860168457031,False,CALL,2026-06-18,UPST
UPST260618P00030000,30.0,2.45,2.33,2.81,22.0,172.0,0.7790549438476562,False,PUT,2026-06-18,UPST
UPST260618P00032500,32.5,3.47,3.35,3.6,22.0,701.0,0.7763694238281251,False,PUT,2026-06-18,UPST
UPST260618P00035000,35.0,4.45,4.3,4.55,14.0,1223.0,0.7617211328125001,False,PUT,2026-06-18,UPST
UPST260618P00037500,37.5,5.25,5.4,5.75,5.0,5315.0,0.754885263671875,False,PUT,2026-06-18,UPST
UPST260618P00040000,40.0,6.75,6.7,7.0,31.0,981.0,0.7473169799804689,False,PUT,2026-06-18,UPST
UPST260618P00042500,42.5,8.3,8.0,8.5,26.0,1313.0,0.7393824890136718,True,PUT,2026-06-18,UPST
UPST260618P00045000,45.0,9.35,9.6,10.05,3.0,585.0,0.7370631762695312,True,PUT,2026-06-18,UPST
UPST260618P00047500,47.5,9.62,11.2,12.05,10.0,464.0,0.7459742199707031,True,PUT,2026-06-18,UPST
UPST260618P00050000,50.0,12.25,12.9,13.8,1.0,1569.0,0.7377955908203124,True,PUT,2026-06-18,UPST
UPST260618P00052500,52.5,13.55,14.85,15.6,7.0,416.0,0.7355983471679688,True,PUT,2026-06-18,UPST
UPST260717C00030000,30.0,22.33,14.45,17.0,1.0,3.0,0.9526371923828124,True,CALL,2026-07-17,UPST
UPST260717C00035000,35.0,15.5,11.7,12.65,32.0,28.0,0.8513198461914062,True,CALL,2026-07-17,UPST
UPST260717C00037500,37.5,12.4,10.35,11.45,6.0,3.0,0.8421646643066407,True,CALL,2026-07-17,UPST
UPST260717C00040000,40.0,11.26,9.2,10.25,6.0,16.0,0.8325212060546874,True,CALL,2026-07-17,UPST
UPST260717C00042500,42.5,8.6,8.15,8.45,6.0,40.0,0.79101771484375,False,CALL,2026-07-17,UPST
UPST260717C00045000,45.0,8.6,7.2,8.35,7.0,219.0,0.8229998168945312,False,CALL,2026-07-17,UPST
UPST260717C00047500,47.5,6.95,6.45,7.15,1.0,402.0,0.8061542822265625,False,CALL,2026-07-17,UPST
UPST260717C00050000,50.0,7.83,5.75,6.3,3.0,62.0,0.799806689453125,False,CALL,2026-07-17,UPST
UPST260717C00052500,52.5,5.85,5.05,6.15,1.0,61.0,0.818117053222656,False,CALL,2026-07-17,UPST
UPST260717P00030000,30.0,2.65,2.57,3.25,1.0,31.0,0.7543969873046875,False,PUT,2026-07-17,UPST
UPST260717P00032500,32.5,3.13,3.65,4.0,1.0,9.0,0.7478052563476563,False,PUT,2026-07-17,UPST
UPST260717P00035000,35.0,4.15,4.7,5.1,1.0,22.0,0.7438990454101562,False,PUT,2026-07-17,UPST
UPST260717P00037500,37.5,7.87,0.0,0.0,,1.0,0.0312596875,False,PUT,2026-07-17,UPST
UPST260717P00040000,40.0,5.85,7.05,7.5,2.0,553.0,0.7202176416015625,False,PUT,2026-07-17,UPST
UPST260717P00042500,42.5,8.74,8.6,8.9,556.0,100.0,0.7186307434082031,True,PUT,2026-07-17,UPST
UPST260717P00045000,45.0,10.0,10.0,10.45,2.0,1495.0,0.7070341796875,True,PUT,2026-07-17,UPST
UPST260717P00047500,47.5,10.8,11.65,12.15,11.0,395.0,0.7038603833007813,True,PUT,2026-07-17,UPST
UPST260717P00050000,50.0,12.5,13.35,13.9,10.0,65.0,0.6967803759765626,True,PUT,2026-07-17,UPST
UPST260717P00052500,52.5,14.2,15.2,15.75,10.0,41.0,0.6931183032226562,True,PUT,2026-07-17,UPST
UPST260918C00030000,30.0,18.34,15.7,17.95,1.0,29.0,0.9294440649414062,True,CALL,2026-09-18,UPST
UPST260918C00032500,32.5,18.7,14.55,16.1,1.0,35.0,0.9055185229492188,True,CALL,2026-09-18,UPST
UPST260918C00035000,35.0,13.4,13.3,13.95,6.0,86.0,0.85742330078125,True,CALL,2026-09-18,UPST
UPST260918C00037500,37.5,13.8,12.1,12.65,1.0,113.0,0.8443619079589844,True,CALL,2026-09-18,UPST
UPST260918C00040000,40.0,12.42,10.95,12.0,20.0,156.0,0.8532729516601563,True,CALL,2026-09-18,UPST
UPST260918C00042500,42.5,10.2,9.9,10.35,1.0,44.0,0.8188494677734374,False,CALL,2026-09-18,UPST
UPST260918C00045000,45.0,9.38,9.05,10.5,1.0,622.0,0.85742330078125,False,CALL,2026-09-18,UPST
UPST260918C00047500,47.5,10.6,8.1,9.25,3.0,130.0,0.8315446533203124,False,CALL,2026-09-18,UPST
UPST260918C00050000,50.0,7.9,7.5,8.3,21.0,297.0,0.825929475097656,False,CALL,2026-09-18,UPST
UPST260918C00052500,52.5,8.0,6.8,7.55,2.0,38.0,0.819215675048828,False,CALL,2026-09-18,UPST
UPST260918P00030000,30.0,4.0,3.95,4.2,1.0,104.0,0.7712425219726562,False,PUT,2026-09-18,UPST
UPST260918P00032500,32.5,4.4,4.35,5.55,1.0,15.0,0.7486597399902344,False,PUT,2026-09-18,UPST
UPST260918P00035000,35.0,5.47,5.5,6.35,10.0,95.0,0.7272976489257812,False,PUT,2026-09-18,UPST
UPST260918P00037500,37.5,7.35,7.25,7.6,1.0,241.0,0.7426783544921874,False,PUT,2026-09-18,UPST
UPST260918P00040000,40.0,8.4,8.55,9.0,1.0,211.0,0.7355983471679688,False,PUT,2026-09-18,UPST
UPST260918P00042500,42.5,8.35,9.4,10.45,1.0,64.0,0.705203143310547,True,PUT,2026-09-18,UPST
UPST260918P00045000,45.0,10.56,10.65,12.05,1.0,3378.0,0.6898224377441409,True,PUT,2026-09-18,UPST
UPST260918P00047500,47.5,11.76,12.6,13.75,2.0,106.0,0.6983672741699221,True,PUT,2026-09-18,UPST
UPST260918P00050000,50.0,14.7,14.85,15.55,29.0,458.0,0.7158231542968749,True,PUT,2026-09-18,UPST
UPST260918P00052500,52.5,13.45,16.15,17.4,1.0,28.0,0.69336244140625,True,PUT,2026-09-18,UPST
UPST261218C00030000,30.0,20.85,17.1,20.0,1.0,34.0,0.9412847668457032,True,CALL,2026-12-18,UPST
UPST261218C00032500,32.5,20.75,15.75,17.95,,1.0,0.8933116137695312,True,CALL,2026-12-18,UPST
UPST261218C00035000,35.0,21.56,14.75,15.95,1.0,11.0,0.8597426135253907,True,CALL,2026-12-18,UPST
UPST261218C00037500,37.5,19.58,13.6,14.9,20.0,11.0,0.8530288134765626,True,CALL,2026-12-18,UPST
UPST261218C00040000,40.0,16.6,12.6,13.9,1.0,42.0,0.8481460498046874,True,CALL,2026-12-18,UPST
UPST261218C00042500,42.5,12.5,11.9,13.5,2.0,3.0,0.8697522790527343,False,CALL,2026-12-18,UPST
UPST261218C00045000,45.0,11.95,11.05,12.0,1.0,191.0,0.8436294934082031,False,CALL,2026-12-18,UPST
UPST261218C00047500,47.5,16.88,9.85,12.2,5.0,21.0,0.8592543371582031,False,CALL,2026-12-18,UPST
UPST261218C00050000,50.0,9.6,8.75,10.45,14.0,79.0,0.810426700439453,False,CALL,2026-12-18,UPST
UPST261218C00052500,52.5,14.7,8.9,10.8,151.0,82.0,0.8675550354003907,False,CALL,2026-12-18,UPST
UPST261218P00030000,30.0,5.21,4.7,5.4,4.0,228.0,0.7417018017578124,False,PUT,2026-12-18,UPST
UPST261218P00032500,32.5,5.15,4.95,7.2,2.0,5.0,0.7271755798339843,False,PUT,2026-12-18,UPST
UPST261218P00035000,35.0,7.34,6.75,8.05,1.0,87.0,0.7291286853027343,False,PUT,2026-12-18,UPST
UPST261218P00040000,40.0,10.07,9.7,11.4,21.0,43.0,0.7464624963378907,False,PUT,2026-12-18,UPST
UPST261218P00042500,42.5,10.7,10.25,12.7,2.0,4.0,0.7014190014648438,True,PUT,2026-12-18,UPST
UPST261218P00045000,45.0,12.0,12.35,14.45,10.0,62.0,0.7191190197753907,True,PUT,2026-12-18,UPST
UPST261218P00047500,47.5,14.55,14.7,16.05,2.0,55.0,0.7347438635253907,True,PUT,2026-12-18,UPST
UPST261218P00050000,50.0,14.48,15.7,17.9,4.0,6.0,0.7103300451660157,True,PUT,2026-12-18,UPST
UPST261218P00052500,52.5,16.94,16.85,19.45,1.0,37.0,0.6772493212890626,True,PUT,2026-12-18,UPST
UPST270115C00030000,30.0,19.5,17.8,18.85,36.0,607.0,0.883790224609375,True,CALL,2027-01-15,UPST
UPST270115C00032500,32.5,20.2,16.15,18.45,53.0,293.0,0.8927012683105469,True,CALL,2027-01-15,UPST
UPST270115C00035000,35.0,15.55,15.3,15.8,74.0,422.0,0.839723282470703,True,CALL,2027-01-15,UPST
UPST270115C00037500,37.5,14.4,14.2,14.7,40.0,427.0,0.8325212060546874,True,CALL,2027-01-15,UPST
UPST270115C00040000,40.0,13.39,13.2,13.7,12.0,1268.0,0.8273943041992187,True,CALL,2027-01-15,UPST
UPST270115C00042500,42.5,14.5,11.9,13.6,23.0,80.0,0.837770177001953,False,CALL,2027-01-15,UPST
UPST270115C00045000,45.0,12.3,11.35,12.55,3.0,905.0,0.8369156933593749,False,CALL,2027-01-15,UPST
UPST270115C00047500,47.5,12.5,10.2,11.95,1.0,412.0,0.8275163732910156,False,CALL,2027-01-15,UPST
UPST270115C00050000,50.0,10.1,10.0,11.25,8.0,1950.0,0.8416763879394531,False,CALL,2027-01-15,UPST
UPST270115C00052500,52.5,11.44,8.8,10.4,1.0,122.0,0.8167742932128905,False,CALL,2027-01-15,UPST
UPST270115P00030000,30.0,5.5,4.9,6.2,2.0,364.0,0.7541528491210938,False,PUT,2027-01-15,UPST
UPST270115P00032500,32.5,5.97,5.2,7.45,3.0,44.0,0.7172879833984375,False,PUT,2027-01-15,UPST
UPST270115P00035000,35.0,7.75,7.55,7.95,15.0,2530.0,0.7253445434570311,False,PUT,2027-01-15,UPST
UPST270115P00037500,37.5,8.4,7.5,10.05,6.0,319.0,0.6975127905273439,False,PUT,2027-01-15,UPST
UPST270115P00040000,40.0,8.85,9.55,12.05,2.0,450.0,0.7329128271484374,False,PUT,2027-01-15,UPST
UPST270115P00042500,42.5,11.81,10.75,12.5,10.0,149.0,0.6826203613281252,True,PUT,2027-01-15,UPST
UPST270115P00045000,45.0,13.64,12.55,14.3,1.0,3776.0,0.6915314050292969,True,PUT,2027-01-15,UPST
UPST270115P00047500,47.5,14.25,13.6,16.1,6.0,133.0,0.672122419433594,True,PUT,2027-01-15,UPST
UPST270115P00050000,50.0,16.05,15.9,18.2,6.0,1113.0,0.6970245141601563,True,PUT,2027-01-15,UPST
UPST270115P00052500,52.5,18.25,17.0,19.75,9.0,62.0,0.6636996520996095,True,PUT,2027-01-15,UPST
UPST280121C00030000,30.0,25.21,21.65,25.0,13.0,90.0,0.9238288867187501,True,CALL,2028-01-21,UPST
UPST280121C00032500,32.5,21.95,20.95,23.0,27.0,310.0,0.8922129919433592,True,CALL,2028-01-21,UPST
UPST280121C00035000,35.0,26.45,20.0,23.0,2.0,177.0,0.9109505975341796,True,CALL,2028-01-21,UPST
UPST280121C00037500,37.5,23.7,19.35,22.0,2.0,26.0,0.9060067993164063,True,CALL,2028-01-21,UPST
UPST280121C00040000,40.0,19.22,17.45,19.7,22.0,220.0,0.8317277569580077,True,CALL,2028-01-21,UPST
UPST280121C00042500,42.5,21.57,17.65,20.5,1.0,12.0,0.8930674755859375,False,CALL,2028-01-21,UPST
UPST280121C00045000,45.0,17.2,16.2,17.65,97.0,245.0,0.8172625695800779,False,CALL,2028-01-21,UPST
UPST280121C00047500,47.5,19.23,16.15,18.8,1.0,267.0,0.8740857318115234,False,CALL,2028-01-21,UPST
UPST280121C00050000,50.0,16.1,15.2,16.35,74.0,617.0,0.8202532623291015,False,CALL,2028-01-21,UPST
UPST280121C00052500,52.5,17.75,14.75,17.5,1.0,190.0,0.862428133544922,False,CALL,2028-01-21,UPST
UPST280121P00030000,30.0,8.32,7.5,10.0,1.0,493.0,0.7172879833984375,False,PUT,2028-01-21,UPST
UPST280121P00032500,32.5,9.37,8.9,10.35,33.0,1168.0,0.6833527758789064,False,PUT,2028-01-21,UPST
UPST280121P00035000,35.0,10.6,10.4,12.0,7.0,458.0,0.6864045031738282,False,PUT,2028-01-21,UPST
UPST280121P00037500,37.5,12.8,11.7,15.0,1.0,433.0,0.7150907397460937,False,PUT,2028-01-21,UPST
UPST280121P00040000,40.0,14.28,13.15,17.0,2.0,343.0,0.7175931561279296,False,PUT,2028-01-21,UPST
UPST280121P00042500,42.5,14.95,14.5,18.5,7.0,35.0,0.7027617614746093,True,PUT,2028-01-21,UPST
UPST280121P00045000,45.0,16.89,16.35,20.0,1.0,57.0,0.6981231359863282,True,PUT,2028-01-21,UPST
UPST280121P00047500,47.5,20.1,19.15,20.1,41.0,148.0,0.6811555322265627,True,PUT,2028-01-21,UPST
UPST280121P00050000,50.0,20.48,19.75,23.5,36.0,78.0,0.6875641595458986,True,PUT,2028-01-21,UPST
UPST280121P00052500,52.5,22.35,21.5,24.1,62.0,265.0,0.6555210229492189,True,PUT,2028-01-21,UPST
USB260130C00040000,40.0,16.73,15.05,17.45,2.0,2.0,1.9921875390625,True,CALL,2026-01-30,USB
USB260130C00045000,45.0,11.28,9.9,12.55,1.0,1816.0,0.500005,True,CALL,2026-01-30,USB
USB260130C00046000,46.0,10.99,9.3,11.0,7.0,6.0,2.630862797851563,True,CALL,2026-01-30,USB
USB260130C00047000,47.0,9.28,8.3,10.0,1.0,5.0,2.431644545898437,True,CALL,2026-01-30,USB
USB260130C00048000,48.0,8.38,7.3,9.0,1.0,2.0,2.2343794140624995,True,CALL,2026-01-30,USB
USB260130C00049000,49.0,7.07,6.3,8.0,1.0,1.0,2.037114282226563,True,CALL,2026-01-30,USB
USB260130C00050000,50.0,6.35,5.3,7.0,1.0,8.0,1.8378914355468747,True,CALL,2026-01-30,USB
USB260130C00051000,51.0,5.08,4.5,5.65,5.0,112.0,1.3085972070312497,True,CALL,2026-01-30,USB
USB260130C00052000,52.0,3.83,3.45,4.85,1.0,17.0,1.3115268798828121,True,CALL,2026-01-30,USB
USB260130C00053000,53.0,3.3,2.64,3.85,1.0,145.0,1.11328568359375,True,CALL,2026-01-30,USB
USB260130C00054000,54.0,2.17,1.6,2.58,5.0,507.0,0.6992217578125001,True,CALL,2026-01-30,USB
USB260130C00055000,55.0,1.1,0.81,1.28,27.0,990.0,0.2461012890625,True,CALL,2026-01-30,USB
USB260130C00056000,56.0,0.36,0.29,0.43,97.0,715.0,0.18360191406249998,True,CALL,2026-01-30,USB
USB260130C00057000,57.0,0.05,0.03,0.06,27.0,1777.0,0.179695703125,False,CALL,2026-01-30,USB
USB260130C00058000,58.0,0.03,0.0,0.06,76.0,175.0,0.32031929687499994,False,CALL,2026-01-30,USB
USB260130C00059000,59.0,0.01,0.0,0.01,32.0,184.0,0.31250687499999996,False,CALL,2026-01-30,USB
USB260130C00060000,60.0,0.01,0.0,0.02,3.0,26.0,0.45313046875,False,CALL,2026-01-30,USB
USB260130C00062000,62.0,0.39,0.0,0.03,6.0,6.0,0.6093789062500001,False,CALL,2026-01-30,USB
USB260130C00063000,63.0,0.38,0.0,1.85,6.0,6.0,1.8496101269531249,False,CALL,2026-01-30,USB
USB260130C00064000,64.0,0.02,0.0,0.03,,14.0,0.7812521875,False,CALL,2026-01-30,USB
USB260130P00045000,45.0,0.01,0.0,0.01,44.0,1821.0,1.125004375,False,PUT,2026-01-30,USB
USB260130P00047000,47.0,0.01,0.0,0.02,12.0,25.0,1.000005,False,PUT,2026-01-30,USB
USB260130P00048000,48.0,0.28,0.0,2.12,,1.0,2.513675590820312,False,PUT,2026-01-30,USB
USB260130P00049000,49.0,0.18,0.0,0.03,30.0,59.0,0.8437515624999999,False,PUT,2026-01-30,USB
USB260130P00050000,50.0,0.03,0.0,0.24,22.0,40.0,1.0546922265625,False,PUT,2026-01-30,USB
USB260130P00051000,51.0,0.02,0.0,0.24,97.0,126.0,0.91211025390625,False,PUT,2026-01-30,USB
USB260130P00052000,52.0,0.01,0.0,0.04,1.0,108.0,0.5390671093750001,False,PUT,2026-01-30,USB
USB260130P00053000,53.0,0.02,0.0,0.01,30.0,270.0,0.37500625,False,PUT,2026-01-30,USB
USB260130P00054000,54.0,0.04,0.02,0.04,8.0,289.0,0.35547519531249994,False,PUT,2026-01-30,USB
USB260130P00055000,55.0,0.08,0.07,0.12,25.0,443.0,0.31445998046874996,False,PUT,2026-01-30,USB
USB260130P00056000,56.0,0.39,0.32,0.45,54.0,831.0,0.334967587890625,False,PUT,2026-01-30,USB
USB260130P00057000,57.0,1.06,0.88,1.46,26.0,36.0,0.6132851171875001,True,PUT,2026-01-30,USB
USB260130P00058000,58.0,1.64,1.4,2.55,5.0,7.0,0.8886729882812499,True,PUT,2026-01-30,USB
USB260130P00059000,59.0,5.34,2.2,3.6,,0.0,0.5351608984375,True,PUT,2026-01-30,USB
USB260206C00050000,50.0,6.45,5.55,7.05,1.0,1.0,0.8886729882812499,True,CALL,2026-02-06,USB
USB260206C00051000,51.0,3.83,4.5,5.9,,2.0,0.7304714453125,True,CALL,2026-02-06,USB
USB260206C00053000,53.0,3.1,2.6,3.65,8.0,16.0,0.446294599609375,True,CALL,2026-02-06,USB
USB260206C00054000,54.0,2.41,1.95,2.41,5.0,29.0,0.256843369140625,True,CALL,2026-02-06,USB
USB260206C00055000,55.0,1.11,1.35,1.53,52.0,180.0,0.22022264160156246,True,CALL,2026-02-06,USB
USB260206C00056000,56.0,0.8,0.73,0.87,42.0,179.0,0.213875048828125,True,CALL,2026-02-06,USB
USB260206C00057000,57.0,0.38,0.32,0.41,34.0,410.0,0.20703917968749996,False,CALL,2026-02-06,USB
USB260206C00058000,58.0,0.13,0.11,0.17,1.0,200.0,0.20801573242187496,False,CALL,2026-02-06,USB
USB260206C00059000,59.0,0.04,0.02,0.06,9.0,17.0,0.20899228515624996,False,CALL,2026-02-06,USB
USB260206C00060000,60.0,0.16,0.0,0.2,1.0,35.0,0.35742830078125,False,CALL,2026-02-06,USB
USB260206C00061000,61.0,0.01,0.0,0.15,1.0,59.0,0.38867798828125,False,CALL,2026-02-06,USB
USB260206C00062000,62.0,0.11,0.0,0.15,,4.0,0.44336494140625,False,CALL,2026-02-06,USB
USB260206P00048000,48.0,0.05,0.0,0.11,2.0,8.0,0.5429733203125001,False,PUT,2026-02-06,USB
USB260206P00050000,50.0,0.03,0.0,0.13,1.0,13.0,0.50586431640625,False,PUT,2026-02-06,USB
USB260206P00051000,51.0,0.08,0.0,0.16,25.0,48.0,0.46094289062500005,False,PUT,2026-02-06,USB
USB260206P00052000,52.0,0.06,0.06,0.11,30.0,37.0,0.35547519531249994,False,PUT,2026-02-06,USB
USB260206P00053000,53.0,0.1,0.1,0.19,1.0,46.0,0.335944140625,False,PUT,2026-02-06,USB
USB260206P00054000,54.0,0.23,0.19,0.27,57.0,96.0,0.29492892578124996,False,PUT,2026-02-06,USB
USB260206P00055000,55.0,0.42,0.38,0.47,29.0,274.0,0.2758861474609374,False,PUT,2026-02-06,USB
USB260206P00056000,56.0,0.79,0.73,0.86,108.0,84.0,0.27539787109374997,False,PUT,2026-02-06,USB
USB260206P00057000,57.0,1.37,1.27,1.48,180.0,154.0,0.2954172021484375,True,PUT,2026-02-06,USB
USB260213C00052000,52.0,4.6,2.97,5.05,,1.0,0.5224657128906249,True,CALL,2026-02-13,USB
USB260213C00053000,53.0,3.6,2.96,3.8,1.0,2.0,0.3794007373046875,True,CALL,2026-02-13,USB
USB260213C00054000,54.0,1.98,2.33,2.71,7.0,3.0,0.2841868457031249,True,CALL,2026-02-13,USB
USB260213C00055000,55.0,1.71,1.61,1.92,38.0,140.0,0.260749580078125,True,CALL,2026-02-13,USB
USB260213C00056000,56.0,1.06,1.06,1.13,38.0,118.0,0.21631643066406248,True,CALL,2026-02-13,USB
USB260213C00057000,57.0,0.66,0.56,0.61,89.0,249.0,0.20020331054687499,False,CALL,2026-02-13,USB
USB260213C00058000,58.0,0.35,0.27,0.32,16.0,196.0,0.20069158691406247,False,CALL,2026-02-13,USB
USB260213C00059000,59.0,0.12,0.12,0.22,1.0,64.0,0.22657023437499998,False,CALL,2026-02-13,USB
USB260213C00060000,60.0,0.1,0.04,0.09,19.0,100.0,0.21680470703125,False,CALL,2026-02-13,USB
USB260213C00063000,63.0,0.1,0.0,1.55,,13.0,0.6098671826171876,False,CALL,2026-02-13,USB
USB260213P00047000,47.0,0.25,0.0,1.15,2.0,2.0,0.7788108056640625,False,PUT,2026-02-13,USB
USB260213P00048000,48.0,0.34,0.0,0.58,,1.0,0.5820354296875,False,PUT,2026-02-13,USB
USB260213P00050000,50.0,0.14,0.01,0.17,1.0,32.0,0.40430283203125,False,PUT,2026-02-13,USB
USB260213P00051000,51.0,0.4,0.08,0.18,18.0,38.0,0.35645174804687496,False,PUT,2026-02-13,USB
USB260213P00052000,52.0,0.18,0.13,0.28,1.0,28.0,0.34570966796874997,False,PUT,2026-02-13,USB
USB260213P00053000,53.0,0.27,0.22,0.28,25.0,39.0,0.28613995117187496,False,PUT,2026-02-13,USB
USB260213P00054000,54.0,0.39,0.36,0.4,2.0,174.0,0.2602613037109375,False,PUT,2026-02-13,USB
USB260213P00055000,55.0,0.61,0.59,0.64,1.0,436.0,0.2475661181640625,False,PUT,2026-02-13,USB
USB260213P00056000,56.0,1.07,0.95,1.03,23.0,779.0,0.243171630859375,False,PUT,2026-02-13,USB
USB260213P00057000,57.0,1.56,1.47,1.65,43.0,165.0,0.25879647460937505,True,PUT,2026-02-13,USB
USB260220C00042500,42.5,11.37,12.7,14.9,,0.0,0.5820354296875,True,CALL,2026-02-20,USB
USB260220C00045000,45.0,8.8,10.25,12.5,100.0,0.0,0.5449264257812501,True,CALL,2026-02-20,USB
USB260220C00047500,47.5,6.9,8.15,9.65,15.0,118.0,0.7334011035156249,True,CALL,2026-02-20,USB
USB260220C00049000,49.0,6.9,6.7,8.2,,6.0,0.6562534375000001,True,CALL,2026-02-20,USB
USB260220C00050000,50.0,6.0,5.8,6.6,1.0,740.0,0.42090422851562503,True,CALL,2026-02-20,USB
USB260220C00051000,51.0,4.75,4.9,5.6,5.0,23.0,0.36963520996093746,True,CALL,2026-02-20,USB
USB260220C00052000,52.0,4.07,3.95,5.15,2.0,15.0,0.4594780615234375,True,CALL,2026-02-20,USB
USB260220C00052500,52.5,3.75,3.6,4.5,91.0,928.0,0.393560751953125,True,CALL,2026-02-20,USB
USB260220C00053000,53.0,3.12,3.05,4.25,2.0,2.0,0.41797457031249996,True,CALL,2026-02-20,USB
USB260220C00054000,54.0,2.28,2.5,2.73,3.0,40.0,0.2417068017578125,True,CALL,2026-02-20,USB
USB260220C00055000,55.0,2.12,1.81,2.0,2.0,3540.0,0.2329178271484375,True,CALL,2026-02-20,USB
USB260220C00056000,56.0,1.4,1.19,1.36,36.0,1977.0,0.22144333251953124,True,CALL,2026-02-20,USB
USB260220C00057000,57.0,0.8,0.71,0.93,1.0,103.0,0.22583781982421874,False,CALL,2026-02-20,USB
USB260220C00057500,57.5,0.57,0.56,0.62,7.0,3104.0,0.20117986328124998,False,CALL,2026-02-20,USB
USB260220C00058000,58.0,0.45,0.4,0.5,16.0,507.0,0.20655090332031245,False,CALL,2026-02-20,USB
USB260220C00059000,59.0,0.37,0.21,0.32,12.0,121.0,0.215828154296875,False,CALL,2026-02-20,USB
USB260220C00060000,60.0,0.11,0.1,0.14,31.0,1295.0,0.20215641601562498,False,CALL,2026-02-20,USB
USB260220C00061000,61.0,0.12,0.02,0.13,,2.0,0.23438265625,False,CALL,2026-02-20,USB
USB260220C00062500,62.5,0.08,0.01,0.07,100.0,133.0,0.2500075,False,CALL,2026-02-20,USB
USB260220P00040000,40.0,0.05,0.0,0.19,40.0,59.0,0.7148466015625,False,PUT,2026-02-20,USB
USB260220P00042500,42.5,0.11,0.0,0.2,10.0,97.0,0.6113320117187502,False,PUT,2026-02-20,USB
USB260220P00045000,45.0,0.12,0.02,0.22,1.0,847.0,0.5214891601562499,False,PUT,2026-02-20,USB
USB260220P00047500,47.5,0.1,0.05,0.2,1.0,792.0,0.46484910156250003,False,PUT,2026-02-20,USB
USB260220P00048000,48.0,0.1,0.0,0.26,,30.0,0.471684970703125,False,PUT,2026-02-20,USB
USB260220P00050000,50.0,0.14,0.1,0.19,11.0,2304.0,0.34668622070312494,False,PUT,2026-02-20,USB
USB260220P00051000,51.0,0.2,0.15,0.25,20.0,6.0,0.32617861328125,False,PUT,2026-02-20,USB
USB260220P00052000,52.0,0.34,0.22,0.31,100.0,121.0,0.29834686035156244,False,PUT,2026-02-20,USB
USB260220P00052500,52.5,0.3,0.27,0.37,1.0,1140.0,0.29053443847656246,False,PUT,2026-02-20,USB
USB260220P00053000,53.0,0.32,0.33,0.47,41.0,49.0,0.29053443847656246,False,PUT,2026-02-20,USB
USB260220P00054000,54.0,0.57,0.5,0.67,2.0,114.0,0.2778392529296875,False,PUT,2026-02-20,USB
USB260220P00055000,55.0,0.84,0.75,0.87,1.0,870.0,0.25098405273437496,False,PUT,2026-02-20,USB
USB260220P00056000,56.0,1.2,1.12,1.26,9.0,67.0,0.2436599072265625,False,PUT,2026-02-20,USB
USB260220P00057000,57.0,1.61,1.62,1.85,2.0,10.0,0.25196060546875,True,PUT,2026-02-20,USB
USB260220P00057500,57.5,2.19,1.86,2.16,1.0,12.0,0.25171646728515623,True,PUT,2026-02-20,USB
USB260220P00060000,60.0,6.79,3.25,4.45,1.0,2.0,0.348639326171875,True,PUT,2026-02-20,USB
USB260227C00053000,53.0,3.25,3.2,3.9,7.0,8.0,0.2978585839843749,True,CALL,2026-02-27,USB
USB260227C00054000,54.0,2.92,2.69,2.91,10.0,11.0,0.2461012890625,True,CALL,2026-02-27,USB
USB260227C00055000,55.0,2.11,2.06,2.17,7.0,19.0,0.23242955078125,True,CALL,2026-02-27,USB
USB260227C00056000,56.0,1.45,1.45,1.53,5.0,15.0,0.22046677978515622,True,CALL,2026-02-27,USB
USB260227C00057000,57.0,0.83,0.95,1.03,12.0,14.0,0.21363091064453127,False,CALL,2026-02-27,USB
USB260227C00058000,58.0,0.54,0.57,0.63,20.0,158.0,0.20410952148437497,False,CALL,2026-02-27,USB
USB260227C00060000,60.0,0.28,0.17,0.25,2.0,14.0,0.20996883789062498,False,CALL,2026-02-27,USB
USB260227C00061000,61.0,0.11,0.09,0.13,10.0,10.0,0.20508607421874997,False,CALL,2026-02-27,USB
USB260227C00062000,62.0,0.08,0.0,0.22,10.0,10.0,0.26856200195312496,False,CALL,2026-02-27,USB
USB260227P00047000,47.0,0.28,0.01,1.95,,1.0,0.6831086376953126,False,PUT,2026-02-27,USB
USB260227P00048000,48.0,0.18,0.0,0.27,10.0,12.0,0.41748629394531245,False,PUT,2026-02-27,USB
USB260227P00050000,50.0,0.65,0.15,0.33,,10.0,0.3540103662109374,False,PUT,2026-02-27,USB
USB260227P00051000,51.0,0.25,0.21,0.42,2.0,4.0,0.335944140625,False,PUT,2026-02-27,USB
USB260227P00052000,52.0,0.27,0.29,0.48,5.0,31.0,0.304694453125,False,PUT,2026-02-27,USB
USB260227P00053000,53.0,0.42,0.42,0.48,89.0,101.0,0.25659923095703124,False,PUT,2026-02-27,USB
USB260227P00054000,54.0,0.59,0.62,0.67,1.0,17.0,0.243171630859375,False,PUT,2026-02-27,USB
USB260227P00055000,55.0,1.1,0.89,0.96,1.0,5.0,0.2348709326171875,False,PUT,2026-02-27,USB
USB260227P00056000,56.0,1.3,1.27,1.35,1.0,5.0,0.22754678710937498,False,PUT,2026-02-27,USB
USB260306C00052000,52.0,4.72,4.0,4.8,1.0,1.0,0.29444064941406245,True,CALL,2026-03-06,USB
USB260306C00056000,56.0,1.52,1.55,1.84,2.0,14.0,0.242195078125,True,CALL,2026-03-06,USB
USB260306C00057000,57.0,1.59,1.07,1.29,5.0,7.0,0.22925575439453127,False,CALL,2026-03-06,USB
USB260306C00058000,58.0,0.59,0.7,0.93,18.0,24.0,0.23023230712890624,False,CALL,2026-03-06,USB
USB260306P00049000,49.0,0.29,0.16,0.37,2.0,2.0,0.370123486328125,False,PUT,2026-03-06,USB
USB260306P00051000,51.0,0.36,0.28,0.48,4.0,2.0,0.31690136230468746,False,PUT,2026-03-06,USB
USB260306P00053000,53.0,0.63,0.52,0.77,8.0,4.0,0.2854075366210937,False,PUT,2026-03-06,USB
USB260306P00054000,54.0,1.02,0.72,1.06,2.0,2.0,0.28247787841796873,False,PUT,2026-03-06,USB
USB260306P00055000,55.0,1.3,1.01,1.3,9.0,9.0,0.2617261328125,False,PUT,2026-03-06,USB
USB260306P00056000,56.0,1.85,1.25,1.72,6.0,7.0,0.256843369140625,False,PUT,2026-03-06,USB
USB260320C00040000,40.0,16.29,14.55,17.1,1.0,6.0,0.7944356494140624,True,CALL,2026-03-20,USB
USB260320C00042500,42.5,13.25,13.25,14.8,1.0,511.0,0.5127001855468749,True,CALL,2026-03-20,USB
USB260320C00045000,45.0,11.4,10.9,11.75,1.0,1005.0,0.49707534179687507,True,CALL,2026-03-20,USB
USB260320C00047500,47.5,8.95,8.45,9.85,2.0,1519.0,0.5307664111328125,True,CALL,2026-03-20,USB
USB260320C00050000,50.0,6.6,6.2,7.0,70.0,8862.0,0.3640200317382813,True,CALL,2026-03-20,USB
USB260320C00052500,52.5,4.2,4.1,4.7,12.0,3474.0,0.29492892578124996,True,CALL,2026-03-20,USB
USB260320C00055000,55.0,2.64,2.62,2.7,84.0,6965.0,0.24463645996093752,True,CALL,2026-03-20,USB
USB260320C00057500,57.5,1.29,1.25,1.32,98.0,4994.0,0.22290816162109373,False,CALL,2026-03-20,USB
USB260320C00060000,60.0,0.52,0.47,0.53,9.0,7391.0,0.21143366699218746,False,CALL,2026-03-20,USB
USB260320C00062500,62.5,0.13,0.04,0.25,1.0,435.0,0.225593681640625,False,CALL,2026-03-20,USB
USB260320C00065000,65.0,0.11,0.05,0.16,2.0,910.0,0.25489026367187506,False,CALL,2026-03-20,USB
USB260320C00070000,70.0,0.01,0.01,0.07,2.0,238.0,0.301764794921875,False,CALL,2026-03-20,USB
USB260320P00040000,40.0,0.06,0.01,0.1,50.0,4007.0,0.48438015625,False,PUT,2026-03-20,USB
USB260320P00042500,42.5,0.12,0.05,0.21,5.0,7700.0,0.47363807617187503,False,PUT,2026-03-20,USB
USB260320P00045000,45.0,0.16,0.1,0.23,2.0,5504.0,0.4018614501953125,False,PUT,2026-03-20,USB
USB260320P00047500,47.5,0.25,0.2,0.26,47.0,2044.0,0.33301448242187504,False,PUT,2026-03-20,USB
USB260320P00050000,50.0,0.35,0.37,0.4,1.0,1763.0,0.2880930566406249,False,PUT,2026-03-20,USB
USB260320P00052500,52.5,0.71,0.69,0.73,114.0,3567.0,0.2573316455078125,False,PUT,2026-03-20,USB
USB260320P00055000,55.0,1.37,1.34,1.4,242.0,2129.0,0.23535920898437498,False,PUT,2026-03-20,USB
USB260320P00057500,57.5,2.48,2.46,2.55,5.0,440.0,0.2172929833984375,True,PUT,2026-03-20,USB
USB260320P00060000,60.0,4.2,3.95,4.6,3.0,1.0,0.2563550927734375,True,PUT,2026-03-20,USB
USB260417C00050000,50.0,7.46,6.4,7.4,6.0,22.0,0.3481510498046875,True,CALL,2026-04-17,USB
USB260417C00052500,52.5,4.74,4.65,5.1,20.0,29.0,0.2836985693359374,True,CALL,2026-04-17,USB
USB260417C00055000,55.0,3.07,3.0,3.1,3.0,479.0,0.23633576171874998,True,CALL,2026-04-17,USB
USB260417C00057500,57.5,1.71,1.69,1.77,45.0,1752.0,0.2230302307128906,False,CALL,2026-04-17,USB
USB260417C00060000,60.0,0.9,0.83,0.88,8.0,396.0,0.2124102197265625,False,CALL,2026-04-17,USB
USB260417C00062500,62.5,0.39,0.35,0.52,4.0,14.0,0.22705851074218747,False,CALL,2026-04-17,USB
USB260417C00065000,65.0,0.17,0.15,0.19,30.0,17.0,0.21289849609375,False,CALL,2026-04-17,USB
USB260417P00040000,40.0,0.17,0.03,0.25,12.0,13.0,0.463872548828125,False,PUT,2026-04-17,USB
USB260417P00045000,45.0,0.29,0.25,0.39,7.0,31.0,0.3676821044921875,False,PUT,2026-04-17,USB
USB260417P00047500,47.5,0.47,0.42,0.54,41.0,170.0,0.32910827148437494,False,PUT,2026-04-17,USB
USB260417P00050000,50.0,0.76,0.72,0.75,5.0,1127.0,0.28882547119140617,False,PUT,2026-04-17,USB
USB260417P00052500,52.5,1.21,1.18,1.23,16.0,267.0,0.26709717285156254,False,PUT,2026-04-17,USB
USB260417P00055000,55.0,2.02,1.97,2.04,7.0,829.0,0.25269302001953126,False,PUT,2026-04-17,USB
USB260417P00057500,57.5,2.96,3.15,3.25,2.0,72.0,0.24292749267578123,True,PUT,2026-04-17,USB
USB260618C00040000,40.0,16.01,16.1,17.1,70.0,480.0,0.4777884252929688,True,CALL,2026-06-18,USB
USB260618C00042500,42.5,12.15,13.65,14.8,1.0,1039.0,0.44214425048828127,True,CALL,2026-06-18,USB
USB260618C00045000,45.0,12.0,11.0,12.0,5.0,1049.0,0.336920693359375,True,CALL,2026-06-18,USB
USB260618C00047500,47.5,9.83,9.3,10.2,4.0,828.0,0.35718416259765623,True,CALL,2026-06-18,USB
USB260618C00050000,50.0,7.24,7.35,7.9,1.0,1466.0,0.30811238769531246,True,CALL,2026-06-18,USB
USB260618C00052500,52.5,5.75,5.45,6.0,11.0,1792.0,0.2863840893554687,True,CALL,2026-06-18,USB
USB260618C00055000,55.0,3.88,3.8,4.3,3.0,2414.0,0.2652661364746094,True,CALL,2026-06-18,USB
USB260618C00057500,57.5,2.79,2.75,2.89,120.0,1228.0,0.24781025634765624,False,CALL,2026-06-18,USB
USB260618C00060000,60.0,1.82,1.74,1.83,5.0,1999.0,0.23535920898437498,False,CALL,2026-06-18,USB
USB260618C00062500,62.5,1.11,0.85,1.18,2.0,2188.0,0.23450472534179687,False,CALL,2026-06-18,USB
USB260618C00065000,65.0,0.61,0.55,0.67,46.0,617.0,0.22657023437499998,False,CALL,2026-06-18,USB
USB260618C00070000,70.0,0.17,0.12,0.28,60.0,65.0,0.23731231445312498,False,CALL,2026-06-18,USB
USB260618P00040000,40.0,0.29,0.27,0.35,1.0,2283.0,0.3745179736328125,False,PUT,2026-06-18,USB
USB260618P00042500,42.5,0.45,0.36,0.5,3.0,4414.0,0.3505924316406249,False,PUT,2026-06-18,USB
USB260618P00045000,45.0,0.6,0.51,0.85,12.0,1129.0,0.34766277343749996,False,PUT,2026-06-18,USB
USB260618P00047500,47.5,0.89,0.75,0.98,3.0,3422.0,0.30274134765625,False,PUT,2026-06-18,USB
USB260618P00050000,50.0,1.31,1.3,1.53,1.0,3107.0,0.29480685668945306,False,PUT,2026-06-18,USB
USB260618P00052500,52.5,1.99,1.92,2.18,7.0,518.0,0.2788158056640625,False,PUT,2026-06-18,USB
USB260618P00055000,55.0,2.87,2.8,3.15,17.0,1078.0,0.2708813146972656,False,PUT,2026-06-18,USB
USB260618P00057500,57.5,3.95,3.8,4.2,4.0,621.0,0.2503737072753906,True,PUT,2026-06-18,USB
USB260618P00060000,60.0,5.13,5.4,5.9,1.0,179.0,0.2580640600585938,True,PUT,2026-06-18,USB
USB260618P00062500,62.5,6.9,7.15,7.8,,50.0,0.2644116528320312,True,PUT,2026-06-18,USB
USB260918C00040000,40.0,14.89,16.05,17.45,2.0,58.0,0.4138242211914062,True,CALL,2026-09-18,USB
USB260918C00042500,42.5,12.65,13.95,15.15,1.0,129.0,0.38013315185546875,True,CALL,2026-09-18,USB
USB260918C00045000,45.0,10.63,11.75,12.9,4.0,273.0,0.34839518798828123,True,CALL,2026-09-18,USB
USB260918C00047500,47.5,9.43,9.85,10.8,1.0,404.0,0.32471378417968744,True,CALL,2026-09-18,USB
USB260918C00050000,50.0,8.0,8.0,8.8,1.0,201.0,0.30188686401367193,True,CALL,2026-09-18,USB
USB260918C00052500,52.5,6.72,6.35,7.0,10.0,629.0,0.2841868457031249,True,CALL,2026-09-18,USB
USB260918C00055000,55.0,5.25,4.8,5.55,2.0,1201.0,0.27771718383789057,True,CALL,2026-09-18,USB
USB260918C00057500,57.5,3.9,3.6,4.0,61.0,463.0,0.2546461254882813,False,CALL,2026-09-18,USB
USB260918C00060000,60.0,2.71,2.56,2.86,39.0,760.0,0.243171630859375,False,CALL,2026-09-18,USB
USB260918C00062500,62.5,1.89,1.67,2.04,29.0,327.0,0.23828886718749998,False,CALL,2026-09-18,USB
USB260918C00065000,65.0,1.39,1.04,1.45,26.0,5469.0,0.23645783081054686,False,CALL,2026-09-18,USB
USB260918C00070000,70.0,0.58,0.51,0.62,11.0,123.0,0.22632609619140626,False,CALL,2026-09-18,USB
USB260918P00040000,40.0,0.67,0.62,0.89,19.0,563.0,0.3737855590820312,False,PUT,2026-09-18,USB
USB260918P00042500,42.5,0.92,0.82,1.04,1.0,287.0,0.3403386279296875,False,PUT,2026-09-18,USB
USB260918P00045000,45.0,1.04,1.06,1.28,8.0,204.0,0.3131172204589844,False,PUT,2026-09-18,USB
USB260918P00047500,47.5,1.56,1.44,1.7,57.0,1258.0,0.295905478515625,False,PUT,2026-09-18,USB
USB260918P00050000,50.0,2.2,1.92,2.36,2.0,146.0,0.28748271118164054,False,PUT,2026-09-18,USB
USB260918P00052500,52.5,2.77,2.63,3.1,5.0,178.0,0.2738109729003906,False,PUT,2026-09-18,USB
USB260918P00055000,55.0,3.95,3.65,4.05,2.0,251.0,0.26215337463378907,False,PUT,2026-09-18,USB
USB260918P00057500,57.5,4.83,4.7,5.25,21.0,6.0,0.253486469116211,True,PUT,2026-09-18,USB
USB260918P00060000,60.0,7.35,6.2,6.75,25.0,21.0,0.2500075,True,PUT,2026-09-18,USB
USB260918P00070000,70.0,16.01,13.6,14.85,,1.0,0.2690502783203125,True,PUT,2026-09-18,USB
USB261218C00040000,40.0,15.05,16.45,17.75,1.0,999.0,0.37879039184570307,True,CALL,2026-12-18,USB
USB261218C00042500,42.5,13.98,14.0,15.5,2.0,811.0,0.3508365698242187,True,CALL,2026-12-18,USB
USB261218C00045000,45.0,12.17,11.4,14.3,35.0,842.0,0.39087523193359375,True,CALL,2026-12-18,USB
USB261218C00047500,47.5,10.9,10.45,11.1,1.0,420.0,0.29431858032226554,True,CALL,2026-12-18,USB
USB261218C00050000,50.0,9.36,8.75,9.45,1.0,747.0,0.2923654748535155,True,CALL,2026-12-18,USB
USB261218C00052500,52.5,7.63,7.15,8.05,1.0,559.0,0.29480685668945306,True,CALL,2026-12-18,USB
USB261218C00055000,55.0,6.39,5.65,6.45,1.0,978.0,0.27899890930175775,True,CALL,2026-12-18,USB
USB261218C00057500,57.5,4.35,4.4,4.9,6.0,437.0,0.2585523364257813,False,CALL,2026-12-18,USB
USB261218C00060000,60.0,3.57,3.35,3.75,1.0,1220.0,0.24915301635742187,False,CALL,2026-12-18,USB
USB261218C00062500,62.5,2.4,2.5,2.86,1.0,254.0,0.24408714904785156,False,CALL,2026-12-18,USB
USB261218C00065000,65.0,2.16,1.81,2.0,10.0,363.0,0.23194127441406248,False,CALL,2026-12-18,USB
USB261218C00070000,70.0,1.03,0.89,1.11,12.0,152.0,0.23035437622070312,False,CALL,2026-12-18,USB
USB261218P00040000,40.0,1.12,0.91,1.29,1.0,488.0,0.35742830078125,False,PUT,2026-12-18,USB
USB261218P00042500,42.5,1.7,1.17,1.6,2.0,981.0,0.33704276245117193,False,PUT,2026-12-18,USB
USB261218P00045000,45.0,2.0,1.45,1.79,50.0,358.0,0.3039620385742187,False,PUT,2026-12-18,USB
USB261218P00047500,47.5,3.09,1.93,2.45,47.0,111.0,0.29920134399414056,False,PUT,2026-12-18,USB
USB261218P00050000,50.0,2.75,2.54,3.35,1.0,235.0,0.2995675512695312,False,PUT,2026-12-18,USB
USB261218P00052500,52.5,4.2,3.3,3.9,6.0,60.0,0.27332269653320307,False,PUT,2026-12-18,USB
USB261218P00055000,55.0,5.3,4.3,4.9,5.0,43.0,0.26343510009765625,False,PUT,2026-12-18,USB
USB261218P00057500,57.5,6.45,5.5,6.3,9.0,45.0,0.264655791015625,True,PUT,2026-12-18,USB
USB261218P00060000,60.0,7.1,6.95,8.0,,8.0,0.27210200561523434,True,PUT,2026-12-18,USB
USB261218P00062500,62.5,8.8,8.6,9.1,,13.0,0.2425612854003906,True,PUT,2026-12-18,USB
USB270115C00040000,40.0,15.15,16.6,17.8,7.0,870.0,0.3676821044921875,True,CALL,2027-01-15,USB
USB270115C00042500,42.5,15.23,13.55,16.25,1.0,913.0,0.39075316284179684,True,CALL,2027-01-15,USB
USB270115C00045000,45.0,11.69,12.0,14.15,5.0,1344.0,0.3657289990234375,True,CALL,2027-01-15,USB
USB270115C00047500,47.5,10.7,10.65,11.2,1.0,425.0,0.28833719482421866,True,CALL,2027-01-15,USB
USB270115C00050000,50.0,8.77,8.9,9.5,74.0,441.0,0.28321029296874994,True,CALL,2027-01-15,USB
USB270115C00052500,52.5,7.5,7.15,7.95,4.0,677.0,0.2779613220214844,True,CALL,2027-01-15,USB
USB270115C00055000,55.0,5.85,5.75,6.6,4.0,1408.0,0.27466545654296876,True,CALL,2027-01-15,USB
USB270115C00057500,57.5,4.8,4.45,5.2,1.0,783.0,0.26166509826660156,False,CALL,2027-01-15,USB
USB270115C00060000,60.0,3.7,3.55,4.0,1.0,1213.0,0.25049577636718745,False,CALL,2027-01-15,USB
USB270115C00062500,62.5,2.78,2.61,3.1,154.0,761.0,0.24567404724121095,False,CALL,2027-01-15,USB
USB270115C00065000,65.0,2.07,2.07,2.31,85.0,842.0,0.2386550744628906,False,CALL,2027-01-15,USB
USB270115C00070000,70.0,1.2,0.92,1.25,58.0,342.0,0.23035437622070312,False,CALL,2027-01-15,USB
USB270115P00040000,40.0,1.28,0.91,1.51,7.0,279.0,0.362311064453125,False,PUT,2027-01-15,USB
USB270115P00042500,42.5,1.53,1.06,1.87,2.0,1105.0,0.34400070068359373,False,PUT,2027-01-15,USB
USB270115P00045000,45.0,1.85,1.6,2.39,1.0,1806.0,0.3319158605957031,False,PUT,2027-01-15,USB
USB270115P00047500,47.5,2.57,2.41,2.81,60.0,1563.0,0.3082954913330078,False,PUT,2027-01-15,USB
USB270115P00050000,50.0,3.2,3.05,3.55,167.0,787.0,0.29798065307617183,False,PUT,2027-01-15,USB
USB270115P00052500,52.5,4.05,4.05,4.25,10.0,592.0,0.2794261511230468,False,PUT,2027-01-15,USB
USB270115P00055000,55.0,4.95,5.0,5.2,9.0,2053.0,0.26673096557617193,False,PUT,2027-01-15,USB
USB270115P00057500,57.5,5.75,5.7,6.9,4.0,25.0,0.28125718749999995,True,PUT,2027-01-15,USB
USB270115P00060000,60.0,7.2,7.15,8.0,1.0,291.0,0.2611157873535156,True,PUT,2027-01-15,USB
USB270115P00065000,65.0,10.6,10.6,11.3,1.0,20.0,0.24988543090820312,True,PUT,2027-01-15,USB
USB270115P00070000,70.0,17.05,13.3,15.6,14.0,7.0,0.2661206201171875,True,PUT,2027-01-15,USB
USB280121C00040000,40.0,16.02,16.6,19.65,8.0,71.0,0.354376573486328,True,CALL,2028-01-21,USB
USB280121C00042500,42.5,15.84,14.75,16.7,2.0,595.0,0.2938913385009765,True,CALL,2028-01-21,USB
USB280121C00045000,45.0,14.34,14.0,15.05,33.0,204.0,0.29340306213378897,True,CALL,2028-01-21,USB
USB280121C00047500,47.5,13.05,11.7,13.85,1.0,55.0,0.30536583312988286,True,CALL,2028-01-21,USB
USB280121C00050000,50.0,11.52,10.45,11.9,10.0,237.0,0.2845530529785155,True,CALL,2028-01-21,USB
USB280121C00052500,52.5,10.4,9.0,10.45,32.0,61.0,0.2788158056640625,True,CALL,2028-01-21,USB
USB280121C00055000,55.0,8.4,7.7,9.6,73.0,301.0,0.2892527130126953,True,CALL,2028-01-21,USB
USB280121C00057500,57.5,7.45,6.55,8.0,7.0,547.0,0.27161372924804683,False,CALL,2028-01-21,USB
USB280121C00060000,60.0,5.75,5.5,7.3,29.0,1602.0,0.27948718566894526,False,CALL,2028-01-21,USB
USB280121C00062500,62.5,4.78,4.55,6.0,1.0,137.0,0.2651440673828125,False,CALL,2028-01-21,USB
USB280121C00065000,65.0,4.17,3.8,5.2,8.0,204.0,0.2636182037353516,False,CALL,2028-01-21,USB
USB280121C00070000,70.0,3.05,2.14,3.75,5.0,553.0,0.25659923095703124,False,CALL,2028-01-21,USB
USB280121P00040000,40.0,3.0,1.97,2.94,2.0,113.0,0.3306951696777344,False,PUT,2028-01-21,USB
USB280121P00042500,42.5,3.67,2.5,3.8,1.0,83.0,0.33197689514160156,False,PUT,2028-01-21,USB
USB280121P00045000,45.0,4.34,3.1,4.4,11.0,327.0,0.31763377685546873,False,PUT,2028-01-21,USB
USB280121P00047500,47.5,4.59,3.85,4.75,1.0,297.0,0.2913889221191405,False,PUT,2028-01-21,USB
USB280121P00050000,50.0,6.0,4.6,6.3,1.0,94.0,0.3071968695068359,False,PUT,2028-01-21,USB
USB280121P00052500,52.5,7.1,5.55,7.25,3.0,6.0,0.29694306579589835,False,PUT,2028-01-21,USB
USB280121P00055000,55.0,7.1,6.6,8.3,4.0,39.0,0.28711650390624993,False,PUT,2028-01-21,USB
USB280121P00057500,57.5,9.55,7.7,9.15,,5.0,0.2679516564941406,True,PUT,2028-01-21,USB
USB280121P00060000,60.0,9.55,8.6,10.5,26.0,36.0,0.26166509826660156,True,PUT,2028-01-21,USB
USB281215C00040000,40.0,17.2,17.4,20.35,,1.0,0.3216010223388671,True,CALL,2028-12-15,USB
USB281215C00047500,47.5,13.9,12.75,14.75,,0.0,0.28137925659179686,True,CALL,2028-12-15,USB
USB281215C00050000,50.0,12.21,11.25,13.9,1.0,46.0,0.29492892578124996,True,CALL,2028-12-15,USB
USB281215C00052500,52.5,11.45,10.05,12.05,10.0,40.0,0.2761302856445312,True,CALL,2028-12-15,USB
USB281215C00055000,55.0,8.5,8.85,11.2,,2.0,0.2833323620605468,True,CALL,2028-12-15,USB
USB281215C00057500,57.5,9.13,7.7,9.55,1.0,95.0,0.26630372375488287,False,CALL,2028-12-15,USB
USB281215C00060000,60.0,7.86,6.75,8.75,1.0,2.0,0.26984372741699214,False,CALL,2028-12-15,USB
USB281215C00062500,62.5,7.02,6.35,7.85,,7.0,0.26843993286132806,False,CALL,2028-12-15,USB
USB281215C00065000,65.0,5.25,5.55,7.15,1.0,17.0,0.27027096923828126,False,CALL,2028-12-15,USB
USB281215P00040000,40.0,3.5,2.91,4.45,,2.0,0.3347234497070312,False,PUT,2028-12-15,USB
USB281215P00045000,45.0,5.3,4.45,6.35,10.0,20.0,0.3286199951171874,False,PUT,2028-12-15,USB
USB281215P00050000,50.0,7.26,6.5,8.0,,1.0,0.30493859130859374,False,PUT,2028-12-15,USB
USB281215P00055000,55.0,8.8,7.75,10.1,4.0,2.0,0.28717753845214833,False,PUT,2028-12-15,USB
UUUU260130C00018000,18.0,6.64,6.35,7.05,26.0,350.0,1.0000000000000003e-05,True,CALL,2026-01-30,UUUU
UUUU260130C00018500,18.5,6.04,5.55,6.75,2.0,260.0,2.8281279296874997,True,CALL,2026-01-30,UUUU
UUUU260130C00019000,19.0,5.64,5.25,6.05,19.0,512.0,1.0000000000000003e-05,True,CALL,2026-01-30,UUUU
UUUU260130C00019500,19.5,7.21,4.4,5.55,2.0,299.0,1.0000000000000003e-05,True,CALL,2026-01-30,UUUU
UUUU260130C00020000,20.0,4.45,4.8,5.05,12.0,807.0,1.0000000000000003e-05,True,CALL,2026-01-30,UUUU
UUUU260130C00020500,20.5,3.53,3.0,4.55,1.0,209.0,1.0000000000000003e-05,True,CALL,2026-01-30,UUUU
UUUU260130C00021000,21.0,4.0,3.8,4.05,46.0,1286.0,1.0000000000000003e-05,True,CALL,2026-01-30,UUUU
UUUU260130C00021500,21.5,1.92,2.52,3.6,2.0,802.0,1.0000000000000003e-05,True,CALL,2026-01-30,UUUU
UUUU260130C00022000,22.0,2.77,2.5,3.15,228.0,1027.0,1.109379453125,True,CALL,2026-01-30,UUUU
UUUU260130C00022500,22.5,1.71,1.59,2.78,4.0,218.0,1.3789093554687497,True,CALL,2026-01-30,UUUU
UUUU260130C00023000,23.0,1.95,1.8,2.23,255.0,729.0,1.05859845703125,True,CALL,2026-01-30,UUUU
UUUU260130C00023500,23.5,1.45,1.35,1.75,398.0,274.0,0.9179695703125,True,CALL,2026-01-30,UUUU
UUUU260130C00024000,24.0,1.29,1.09,1.49,2643.0,828.0,0.79687703125,True,CALL,2026-01-30,UUUU
UUUU260130C00024500,24.5,0.9,0.57,1.05,220.0,309.0,0.6054726953125001,True,CALL,2026-01-30,UUUU
UUUU260130C00025000,25.0,0.71,0.65,0.79,4789.0,1069.0,0.9003916210937499,True,CALL,2026-01-30,UUUU
UUUU260130C00025500,25.5,0.49,0.43,0.6,530.0,516.0,0.929688203125,False,CALL,2026-01-30,UUUU
UUUU260130C00026000,26.0,0.3,0.37,0.41,1894.0,2314.0,1.000005,False,CALL,2026-01-30,UUUU
UUUU260130C00026500,26.5,0.31,0.21,0.32,747.0,2251.0,1.01172369140625,False,CALL,2026-01-30,UUUU
UUUU260130C00027000,27.0,0.19,0.15,0.25,991.0,1891.0,1.0703171484375003,False,CALL,2026-01-30,UUUU
UUUU260130C00027500,27.5,0.15,0.11,0.22,489.0,556.0,1.15625421875,False,CALL,2026-01-30,UUUU
UUUU260130C00028000,28.0,0.11,0.1,0.18,632.0,1108.0,1.2421912890624998,False,CALL,2026-01-30,UUUU
UUUU260130C00028500,28.5,0.08,0.06,0.18,139.0,539.0,1.3203158984374999,False,CALL,2026-01-30,UUUU
UUUU260130C00029000,29.0,0.09,0.07,0.15,940.0,2457.0,1.4179716601562502,False,CALL,2026-01-30,UUUU
UUUU260130C00029500,29.5,0.05,0.0,0.17,63.0,190.0,1.453127734375,False,CALL,2026-01-30,UUUU
UUUU260130C00030000,30.0,0.05,0.02,0.15,780.0,2679.0,1.5625021874999998,False,CALL,2026-01-30,UUUU
UUUU260130C00030500,30.5,0.05,0.03,0.17,3.0,207.0,1.734376328125,False,CALL,2026-01-30,UUUU
UUUU260130C00031000,31.0,0.08,0.01,0.15,36.0,179.0,1.7578137109375,False,CALL,2026-01-30,UUUU
UUUU260130C00032000,32.0,0.03,0.02,0.04,34.0,299.0,1.640626796875,False,CALL,2026-01-30,UUUU
UUUU260130P00018000,18.0,0.01,0.0,0.05,15.0,811.0,2.1875045312499997,False,PUT,2026-01-30,UUUU
UUUU260130P00018500,18.5,0.02,0.0,0.05,27.0,671.0,2.031254921875,False,PUT,2026-01-30,UUUU
UUUU260130P00019000,19.0,0.03,0.0,0.03,27.0,582.0,1.75000125,False,PUT,2026-01-30,UUUU
UUUU260130P00019500,19.5,0.04,0.02,0.04,146.0,412.0,1.78125109375,False,PUT,2026-01-30,UUUU
UUUU260130P00020000,20.0,0.05,0.02,0.09,62.0,1075.0,1.8125009374999999,False,PUT,2026-01-30,UUUU
UUUU260130P00020500,20.5,0.19,0.0,0.16,3.0,362.0,1.78125109375,False,PUT,2026-01-30,UUUU
UUUU260130P00021000,21.0,0.06,0.05,0.14,164.0,1049.0,1.671876640625,False,PUT,2026-01-30,UUUU
UUUU260130P00021500,21.5,0.15,0.05,0.11,75.0,1392.0,1.4375028125,False,PUT,2026-01-30,UUUU
UUUU260130P00022000,22.0,0.12,0.04,0.13,149.0,1766.0,1.2890660546875,False,PUT,2026-01-30,UUUU
UUUU260130P00022500,22.5,0.16,0.06,0.24,50.0,1383.0,1.3125034374999998,False,PUT,2026-01-30,UUUU
UUUU260130P00023000,23.0,0.2,0.2,0.36,191.0,507.0,1.40625296875,False,PUT,2026-01-30,UUUU
UUUU260130P00023500,23.5,0.29,0.15,0.45,160.0,460.0,1.2265663671875,False,PUT,2026-01-30,UUUU
UUUU260130P00024000,24.0,0.5,0.4,0.59,386.0,684.0,1.3066440917968747,False,PUT,2026-01-30,UUUU
UUUU260130P00024500,24.5,0.67,0.5,1.0,1776.0,342.0,1.3984405078125,False,PUT,2026-01-30,UUUU
UUUU260130P00025000,25.0,1.39,0.76,1.36,217.0,991.0,1.50390873046875,False,PUT,2026-01-30,UUUU
UUUU260130P00025500,25.5,2.3,1.1,1.39,161.0,368.0,1.3867218164062498,True,PUT,2026-01-30,UUUU
UUUU260130P00026000,26.0,1.76,1.45,1.87,298.0,752.0,1.53515857421875,True,PUT,2026-01-30,UUUU
UUUU260130P00026500,26.5,3.03,1.8,2.67,42.0,35.0,1.8789068554687498,True,PUT,2026-01-30,UUUU
UUUU260130P00027000,27.0,3.1,2.12,3.0,47.0,1385.0,1.8417976660156248,True,PUT,2026-01-30,UUUU
UUUU260130P00027500,27.5,2.8,2.56,3.4,12.0,113.0,1.9140629296875002,True,PUT,2026-01-30,UUUU
UUUU260130P00028000,28.0,3.23,3.1,4.7,23.0,43.0,2.750003125,True,PUT,2026-01-30,UUUU
UUUU260130P00028500,28.5,5.0,3.55,4.6,3.0,1.0,2.42969142578125,True,PUT,2026-01-30,UUUU
UUUU260130P00029000,29.0,4.51,4.05,4.9,4.0,63.0,2.42969142578125,True,PUT,2026-01-30,UUUU
UUUU260130P00030000,30.0,2.7,5.05,6.6,1100.0,1125.0,3.3359391601562494,True,PUT,2026-01-30,UUUU
UUUU260130P00031000,31.0,5.85,5.85,8.1,6.0,6.0,3.8906252734375,True,PUT,2026-01-30,UUUU
UUUU260206C00018000,18.0,5.65,5.95,7.2,2.0,176.0,1.3046909765624997,True,CALL,2026-02-06,UUUU
UUUU260206C00018500,18.5,6.9,5.1,6.65,3.0,57.0,1.0546922265625,True,CALL,2026-02-06,UUUU
UUUU260206C00019000,19.0,5.3,5.25,6.3,277.0,539.0,1.3359408203124996,True,CALL,2026-02-06,UUUU
UUUU260206C00019500,19.5,5.55,4.65,5.8,4.0,83.0,1.2382850585937497,True,CALL,2026-02-06,UUUU
UUUU260206C00020000,20.0,4.83,4.35,5.3,3.0,440.0,1.140629296875,True,CALL,2026-02-06,UUUU
UUUU260206C00020500,20.5,4.27,3.05,4.85,3.0,52.0,1.1171919140625,True,CALL,2026-02-06,UUUU
UUUU260206C00021000,21.0,4.13,3.8,4.35,39.0,914.0,1.01953615234375,True,CALL,2026-02-06,UUUU
UUUU260206C00021500,21.5,3.75,3.0,4.0,1.0,38.0,1.08984830078125,True,CALL,2026-02-06,UUUU
UUUU260206C00022000,22.0,3.3,3.0,3.65,10.0,752.0,0.79687703125,True,CALL,2026-02-06,UUUU
UUUU260206C00022500,22.5,3.2,2.77,3.25,3.0,235.0,0.88476677734375,True,CALL,2026-02-06,UUUU
UUUU260206C00023000,23.0,2.75,2.75,2.75,78.0,718.0,0.9726565234375,True,CALL,2026-02-06,UUUU
UUUU260206C00023500,23.5,2.5,2.4,2.64,149.0,304.0,1.0459032080078128,True,CALL,2026-02-06,UUUU
UUUU260206C00024000,24.0,2.2,2.12,2.31,345.0,1813.0,1.0429735351562504,True,CALL,2026-02-06,UUUU
UUUU260206C00024500,24.5,1.9,1.67,2.07,137.0,42.0,0.99804689453125,True,CALL,2026-02-06,UUUU
UUUU260206C00025000,25.0,1.68,1.54,1.8,1592.0,531.0,1.0312548437500002,True,CALL,2026-02-06,UUUU
UUUU260206C00025500,25.5,1.27,1.23,1.59,87.0,200.0,1.009770576171875,False,CALL,2026-02-06,UUUU
UUUU260206C00026000,26.0,1.33,1.03,1.41,346.0,601.0,1.0185595947265624,False,CALL,2026-02-06,UUUU
UUUU260206C00026500,26.5,1.01,0.96,1.2,378.0,1902.0,1.0449266503906252,False,CALL,2026-02-06,UUUU
UUUU260206C00027000,27.0,0.96,0.96,1.08,613.0,1810.0,1.1123091259765625,False,CALL,2026-02-06,UUUU
UUUU260206C00027500,27.5,0.8,0.64,0.99,27.0,152.0,1.0703171484375003,False,CALL,2026-02-06,UUUU
UUUU260206C00028000,28.0,0.65,0.62,0.81,215.0,326.0,1.087895185546875,False,CALL,2026-02-06,UUUU
UUUU260206C00028500,28.5,0.6,0.5,0.74,156.0,154.0,1.0996138769531252,False,CALL,2026-02-06,UUUU
UUUU260206C00029000,29.0,0.62,0.45,0.68,699.0,641.0,1.1328168359375002,False,CALL,2026-02-06,UUUU
UUUU260206C00029500,29.5,0.57,0.38,0.61,39.0,33.0,1.1464886425781249,False,CALL,2026-02-06,UUUU
UUUU260206C00030000,30.0,0.45,0.35,0.48,128.0,844.0,1.142582412109375,False,CALL,2026-02-06,UUUU
UUUU260206C00030500,30.5,0.38,0.2,0.53,5.0,9.0,1.158207333984375,False,CALL,2026-02-06,UUUU
UUUU260206C00031000,31.0,0.48,0.22,0.43,604.0,89.0,1.1777384863281248,False,CALL,2026-02-06,UUUU
UUUU260206C00032000,32.0,0.23,0.19,0.36,33.0,96.0,1.2343788281249999,False,CALL,2026-02-06,UUUU
UUUU260206P00018000,18.0,0.1,0.06,0.14,2.0,96.0,1.3203158984374999,False,PUT,2026-02-06,UUUU
UUUU260206P00018500,18.5,0.15,0.07,0.15,55.0,260.0,1.25390998046875,False,PUT,2026-02-06,UUUU
UUUU260206P00019000,19.0,0.18,0.12,0.25,55.0,232.0,1.3164096679687498,False,PUT,2026-02-06,UUUU
UUUU260206P00019500,19.5,0.25,0.14,0.22,180.0,212.0,1.2109414453124998,False,PUT,2026-02-06,UUUU
UUUU260206P00020000,20.0,0.25,0.23,0.28,59.0,263.0,1.2324257128906249,False,PUT,2026-02-06,UUUU
UUUU260206P00020500,20.5,0.34,0.29,0.39,34.0,73.0,1.2402381738281247,False,PUT,2026-02-06,UUUU
UUUU260206P00021000,21.0,0.45,0.33,0.41,45.0,299.0,1.169926025390625,False,PUT,2026-02-06,UUUU
UUUU260206P00021500,21.5,0.53,0.41,0.54,4.0,146.0,1.171879140625,False,PUT,2026-02-06,UUUU
UUUU260206P00022000,22.0,0.6,0.55,0.69,1100.0,292.0,1.19141029296875,False,PUT,2026-02-06,UUUU
UUUU260206P00022500,22.5,0.72,0.68,0.83,69.0,130.0,1.1826212744140623,False,PUT,2026-02-06,UUUU
UUUU260206P00023000,23.0,0.86,0.76,0.99,82.0,326.0,1.1484417578125,False,PUT,2026-02-06,UUUU
UUUU260206P00023500,23.5,1.2,1.0,1.13,43.0,445.0,1.15234798828125,False,PUT,2026-02-06,UUUU
UUUU260206P00024000,24.0,1.34,1.26,1.42,2789.0,95.0,1.1982461962890625,False,PUT,2026-02-06,UUUU
UUUU260206P00024500,24.5,1.64,1.51,1.7,36.0,105.0,1.2197304638671875,False,PUT,2026-02-06,UUUU
UUUU260206P00025000,25.0,1.88,1.71,1.97,504.0,504.0,1.2070352148437498,False,PUT,2026-02-06,UUUU
UUUU260206P00025500,25.5,2.21,1.99,2.26,18.0,58.0,1.2138711181640622,True,PUT,2026-02-06,UUUU
UUUU260206P00026000,26.0,2.05,2.29,2.59,32.0,58.0,1.2265663671875,True,PUT,2026-02-06,UUUU
UUUU260206P00026500,26.5,3.3,2.58,3.05,12.0,15.0,1.2656286718749998,True,PUT,2026-02-06,UUUU
UUUU260206P00027000,27.0,4.0,3.0,3.3,8.0,229.0,1.2685583447265623,True,PUT,2026-02-06,UUUU
UUUU260206P00027500,27.5,3.93,3.35,3.7,14.0,20.0,1.2871129394531249,True,PUT,2026-02-06,UUUU
UUUU260206P00028000,28.0,5.22,3.8,4.1,32.0,42.0,1.3300814746093748,True,PUT,2026-02-06,UUUU
UUUU260206P00029000,29.0,7.9,4.5,5.55,,3.0,1.5595725146484374,True,PUT,2026-02-06,UUUU
UUUU260206P00030000,30.0,3.63,5.4,7.3,22.0,24.0,1.953125234375,True,PUT,2026-02-06,UUUU
UUUU260206P00031000,31.0,9.32,6.3,8.3,,4.0,2.0722704443359374,True,PUT,2026-02-06,UUUU
UUUU260206P00032000,32.0,10.78,7.2,8.85,,1.0,2.0117237207031247,True,PUT,2026-02-06,UUUU
UUUU260213C00018000,18.0,6.9,5.3,7.8,2.0,82.0,1.6904312353515625,True,CALL,2026-02-13,UUUU
UUUU260213C00018500,18.5,7.3,5.0,7.55,1.0,34.0,1.7968760156249999,True,CALL,2026-02-13,UUUU
UUUU260213C00019000,19.0,9.1,4.7,7.05,11.0,46.0,1.6933609082031251,True,CALL,2026-02-13,UUUU
UUUU260213C00019500,19.5,6.3,5.3,6.0,10.0,53.0,0.6718782812500002,True,CALL,2026-02-13,UUUU
UUUU260213C00020000,20.0,4.0,4.95,5.55,13.0,363.0,0.7929708203125,True,CALL,2026-02-13,UUUU
UUUU260213C00021000,21.0,3.45,4.05,4.9,6.0,428.0,0.87695435546875,True,CALL,2026-02-13,UUUU
UUUU260213C00022000,22.0,3.7,3.55,3.95,257.0,240.0,0.9091805957031249,True,CALL,2026-02-13,UUUU
UUUU260213C00023000,23.0,2.64,2.89,3.35,104.0,230.0,0.93945373046875,True,CALL,2026-02-13,UUUU
UUUU260213C00024000,24.0,2.65,2.62,2.8,211.0,263.0,1.0322314013671878,True,CALL,2026-02-13,UUUU
UUUU260213C00025000,25.0,2.18,2.14,2.31,178.0,199.0,1.040043862304688,True,CALL,2026-02-13,UUUU
UUUU260213C00026000,26.0,1.85,1.81,1.91,174.0,240.0,1.0703171484375003,False,CALL,2026-02-13,UUUU
UUUU260213C00027000,27.0,1.51,1.5,1.6,60.0,162.0,1.0957076464843751,False,CALL,2026-02-13,UUUU
UUUU260213C00028000,28.0,1.24,1.15,1.34,128.0,378.0,1.0957076464843751,False,CALL,2026-02-13,UUUU
UUUU260213C00029000,29.0,1.01,1.0,1.1,7.0,167.0,1.126957490234375,False,CALL,2026-02-13,UUUU
UUUU260213C00030000,30.0,0.88,0.66,0.9,33.0,170.0,1.091801416015625,False,CALL,2026-02-13,UUUU
UUUU260213C00031000,31.0,0.55,0.63,0.8,4.0,99.0,1.158207333984375,False,CALL,2026-02-13,UUUU
UUUU260213C00032000,32.0,1.14,0.35,0.72,29.0,30.0,1.1337933935546878,False,CALL,2026-02-13,UUUU
UUUU260213P00018000,18.0,0.11,0.1,0.35,16.0,1126.0,1.193363408203125,False,PUT,2026-02-13,UUUU
UUUU260213P00018500,18.5,0.2,0.25,0.42,3.0,51.0,1.2480506347656248,False,PUT,2026-02-13,UUUU
UUUU260213P00019000,19.0,0.44,0.24,0.4,17.0,58.0,1.150394873046875,False,PUT,2026-02-13,UUUU
UUUU260213P00019500,19.5,0.3,0.31,0.64,2.0,168.0,1.2168007910156249,False,PUT,2026-02-13,UUUU
UUUU260213P00020000,20.0,0.49,0.39,0.63,70.0,575.0,1.16016044921875,False,PUT,2026-02-13,UUUU
UUUU260213P00021000,21.0,0.86,0.65,0.71,57.0,84.0,1.11328568359375,False,PUT,2026-02-13,UUUU
UUUU260213P00022000,22.0,0.98,0.93,1.01,71.0,179.0,1.1123091259765625,False,PUT,2026-02-13,UUUU
UUUU260213P00023000,23.0,1.35,1.29,1.4,275.0,110.0,1.119145029296875,False,PUT,2026-02-13,UUUU
UUUU260213P00024000,24.0,2.19,1.73,1.85,36.0,541.0,1.125004375,False,PUT,2026-02-13,UUUU
UUUU260213P00025000,25.0,2.4,2.25,2.39,27.0,55.0,1.1367230664062502,False,PUT,2026-02-13,UUUU
UUUU260213P00026000,26.0,2.99,2.86,2.97,43.0,123.0,1.1464886425781249,True,PUT,2026-02-13,UUUU
UUUU260213P00027000,27.0,3.9,3.5,3.7,11.0,95.0,1.1709025830078126,True,PUT,2026-02-13,UUUU
UUUU260213P00028000,28.0,3.9,4.25,4.6,25.0,17.0,1.2392616162109373,True,PUT,2026-02-13,UUUU
UUUU260213P00029000,29.0,5.34,5.05,5.4,2.0,3.0,1.2744176904296873,True,PUT,2026-02-13,UUUU
UUUU260213P00030000,30.0,7.0,5.85,7.0,6.0,26.0,1.50390873046875,True,PUT,2026-02-13,UUUU
UUUU260220C00018000,18.0,6.4,6.65,7.45,176.0,1224.0,1.12109814453125,True,CALL,2026-02-20,UUUU
UUUU260220C00018500,18.5,7.05,5.55,7.0,8.0,5.0,1.09375453125,True,CALL,2026-02-20,UUUU
UUUU260220C00019000,19.0,5.5,5.7,6.55,210.0,2196.0,0.5312546875,True,CALL,2026-02-20,UUUU
UUUU260220C00019500,19.5,4.85,4.5,6.15,1.0,11.0,1.0664109179687502,True,CALL,2026-02-20,UUUU
UUUU260220C00020000,20.0,5.4,5.4,5.7,212.0,2313.0,0.92187578125,True,CALL,2026-02-20,UUUU
UUUU260220C00020500,20.5,4.97,4.7,5.5,2.0,35.0,0.8867198828124999,True,CALL,2026-02-20,UUUU
UUUU260220C00021000,21.0,4.7,4.5,4.95,120.0,797.0,0.89257919921875,True,CALL,2026-02-20,UUUU
UUUU260220C00021500,21.5,6.45,3.65,4.65,10.0,22.0,0.7753928710937501,True,CALL,2026-02-20,UUUU
UUUU260220C00022000,22.0,3.96,3.95,4.35,119.0,1359.0,0.9648441015625,True,CALL,2026-02-20,UUUU
UUUU260220C00022500,22.5,3.55,3.35,4.0,7.0,120.0,0.893555751953125,True,CALL,2026-02-20,UUUU
UUUU260220C00023000,23.0,3.48,3.35,3.75,74.0,1592.0,0.9785158398437501,True,CALL,2026-02-20,UUUU
UUUU260220C00023500,23.5,3.1,3.0,3.45,118.0,224.0,0.9619144433593749,True,CALL,2026-02-20,UUUU
UUUU260220C00024000,24.0,3.0,3.0,3.2,478.0,1467.0,1.0234423828125,True,CALL,2026-02-20,UUUU
UUUU260220C00024500,24.5,2.8,2.6,2.96,42.0,564.0,0.9951172363281251,True,CALL,2026-02-20,UUUU
UUUU260220C00025000,25.0,2.61,2.6,2.73,2308.0,9570.0,1.0439500927734378,True,CALL,2026-02-20,UUUU
UUUU260220C00025500,25.5,2.4,2.19,2.53,71.0,88.0,1.009770576171875,False,CALL,2026-02-20,UUUU
UUUU260220C00026000,26.0,2.28,2.19,2.4,1078.0,882.0,1.0659226391601564,False,CALL,2026-02-20,UUUU
UUUU260220C00026500,26.5,1.7,1.79,2.32,17.0,129.0,1.0459032080078128,False,CALL,2026-02-20,UUUU
UUUU260220C00027000,27.0,1.8,1.74,1.99,730.0,991.0,1.0410204199218753,False,CALL,2026-02-20,UUUU
UUUU260220C00027500,27.5,1.71,1.65,2.0,555.0,518.0,1.091801416015625,False,CALL,2026-02-20,UUUU
UUUU260220C00028000,28.0,1.61,1.64,1.69,302.0,949.0,1.0888717431640624,False,CALL,2026-02-20,UUUU
UUUU260220C00029000,29.0,1.35,1.14,1.45,1551.0,745.0,1.0478563232421876,False,CALL,2026-02-20,UUUU
UUUU260220C00030000,30.0,1.2,1.1,1.24,7051.0,30783.0,1.0947310888671877,False,CALL,2026-02-20,UUUU
UUUU260220C00031000,31.0,0.67,0.81,1.1,42.0,94.0,1.0869186279296876,False,CALL,2026-02-20,UUUU
UUUU260220C00032000,32.0,0.73,0.63,0.99,18.0,448.0,1.0986373193359378,False,CALL,2026-02-20,UUUU
UUUU260220P00018000,18.0,0.32,0.23,0.4,168.0,3575.0,1.091801416015625,False,PUT,2026-02-20,UUUU
UUUU260220P00018500,18.5,0.47,0.16,0.47,2.0,66.0,1.021489267578125,False,PUT,2026-02-20,UUUU
UUUU260220P00019000,19.0,0.5,0.44,0.53,214.0,773.0,1.0957076464843751,False,PUT,2026-02-20,UUUU
UUUU260220P00019500,19.5,0.44,0.49,0.7,5.0,84.0,1.1015669921875002,False,PUT,2026-02-20,UUUU
UUUU260220P00020000,20.0,0.71,0.55,0.8,266.0,1799.0,1.0781296093750001,False,PUT,2026-02-20,UUUU
UUUU260220P00020500,20.5,0.99,0.7,0.93,5.0,136.0,1.0849655126953124,False,PUT,2026-02-20,UUUU
UUUU260220P00021000,21.0,1.03,0.87,1.24,46.0,804.0,1.1376996240234376,False,PUT,2026-02-20,UUUU
UUUU260220P00021500,21.5,0.7,1.03,1.48,7.0,150.0,1.1552776611328124,False,PUT,2026-02-20,UUUU
UUUU260220P00022000,22.0,1.36,1.2,1.35,43.0,2788.0,1.0771530517578127,False,PUT,2026-02-20,UUUU
UUUU260220P00022500,22.5,1.72,1.41,1.65,2.0,129.0,1.1079146166992189,False,PUT,2026-02-20,UUUU
UUUU260220P00023000,23.0,1.76,1.62,1.88,39.0,1813.0,1.11328568359375,False,PUT,2026-02-20,UUUU
UUUU260220P00023500,23.5,2.14,1.8,2.09,18.0,28.0,1.1015669921875002,False,PUT,2026-02-20,UUUU
UUUU260220P00024000,24.0,2.23,2.09,2.37,68.0,634.0,1.12109814453125,False,PUT,2026-02-20,UUUU
UUUU260220P00024500,24.5,1.75,2.32,2.84,2.0,96.0,1.1606487280273439,False,PUT,2026-02-20,UUUU
UUUU260220P00025000,25.0,2.71,2.62,2.8,95.0,1051.0,1.1044966650390626,False,PUT,2026-02-20,UUUU
UUUU260220P00025500,25.5,3.8,2.9,3.45,6.0,64.0,1.1777384863281248,True,PUT,2026-02-20,UUUU
UUUU260220P00026000,26.0,3.65,3.2,3.7,59.0,432.0,1.1689494677734376,True,PUT,2026-02-20,UUUU
UUUU260220P00026500,26.5,4.87,3.55,3.95,2.0,8.0,1.1660197949218751,True,PUT,2026-02-20,UUUU
UUUU260220P00027000,27.0,4.01,3.9,4.45,20.0,15.0,1.2075234936523436,True,PUT,2026-02-20,UUUU
UUUU260220P00028000,28.0,4.35,4.6,5.1,70.0,19.0,1.2080117724609374,True,PUT,2026-02-20,UUUU
UUUU260220P00029000,29.0,6.87,5.35,5.8,2.0,2.0,1.2119180029296874,True,PUT,2026-02-20,UUUU
UUUU260220P00030000,30.0,5.97,6.15,6.7,3.0,152.0,1.25390998046875,True,PUT,2026-02-20,UUUU
UUUU260227C00018000,18.0,6.7,6.3,7.7,1.0,51.0,1.1679729101562502,True,CALL,2026-02-27,UUUU
UUUU260227C00018500,18.5,8.35,5.5,7.2,2.0,15.0,1.0986373193359378,True,CALL,2026-02-27,UUUU
UUUU260227C00019000,19.0,8.4,6.2,6.85,1.0,50.0,0.914063359375,True,CALL,2026-02-27,UUUU
UUUU260227C00019500,19.5,8.1,4.75,6.5,3.0,87.0,1.1347699511718752,True,CALL,2026-02-27,UUUU
UUUU260227C00020000,20.0,5.25,4.95,6.1,5.0,130.0,0.79101771484375,True,CALL,2026-02-27,UUUU
UUUU260227C00020500,20.5,7.35,4.15,5.65,3.0,152.0,0.648441015625,True,CALL,2026-02-27,UUUU
UUUU260227C00021000,21.0,4.12,4.25,5.3,1.0,160.0,0.807619111328125,True,CALL,2026-02-27,UUUU
UUUU260227C00021500,21.5,5.2,4.4,4.95,3.0,35.0,0.9291999267578125,True,CALL,2026-02-27,UUUU
UUUU260227C00022000,22.0,4.2,4.2,4.75,12.0,150.0,0.983398603515625,True,CALL,2026-02-27,UUUU
UUUU260227C00022500,22.5,3.34,3.7,4.35,12.0,59.0,0.9257819921875,True,CALL,2026-02-27,UUUU
UUUU260227C00023000,23.0,3.9,3.65,4.1,48.0,1403.0,0.98242205078125,True,CALL,2026-02-27,UUUU
UUUU260227C00023500,23.5,3.6,3.65,3.9,31.0,102.0,1.0483446020507814,True,CALL,2026-02-27,UUUU
UUUU260227C00024000,24.0,3.32,3.45,3.7,145.0,82.0,1.0693405908203126,True,CALL,2026-02-27,UUUU
UUUU260227C00025000,25.0,2.85,3.0,3.15,133.0,257.0,1.05859845703125,True,CALL,2026-02-27,UUUU
UUUU260227C00026000,26.0,2.43,2.65,2.84,110.0,199.0,1.08984830078125,False,CALL,2026-02-27,UUUU
UUUU260227C00027000,27.0,2.15,2.3,2.57,191.0,479.0,1.111332568359375,False,CALL,2026-02-27,UUUU
UUUU260227C00028000,28.0,1.95,2.0,2.23,87.0,203.0,1.1142622412109375,False,CALL,2026-02-27,UUUU
UUUU260227C00029000,29.0,1.62,1.74,1.96,15.0,60.0,1.123051259765625,False,CALL,2026-02-27,UUUU
UUUU260227C00030000,30.0,1.5,1.52,1.61,195.0,231.0,1.111332568359375,False,CALL,2026-02-27,UUUU
UUUU260227C00031000,31.0,1.09,1.3,1.41,1.0,16.0,1.115238798828125,False,CALL,2026-02-27,UUUU
UUUU260227C00032000,32.0,1.18,1.16,1.26,6.0,89.0,1.1352582299804688,False,CALL,2026-02-27,UUUU
UUUU260227P00018000,18.0,0.6,0.39,0.64,3.0,38.0,1.111332568359375,False,PUT,2026-02-27,UUUU
UUUU260227P00018500,18.5,0.36,0.5,0.85,5.0,7.0,1.150394873046875,False,PUT,2026-02-27,UUUU
UUUU260227P00019000,19.0,0.67,0.54,0.89,10.0,34.0,1.1044966650390626,False,PUT,2026-02-27,UUUU
UUUU260227P00019500,19.5,0.5,0.73,0.83,3.0,22.0,1.0712937060546879,False,PUT,2026-02-27,UUUU
UUUU260227P00020000,20.0,0.86,0.83,0.97,29.0,692.0,1.0654343603515626,False,PUT,2026-02-27,UUUU
UUUU260227P00020500,20.5,1.37,1.03,1.11,23.0,19.0,1.0771530517578127,False,PUT,2026-02-27,UUUU
UUUU260227P00021000,21.0,1.24,1.17,1.29,36.0,31.0,1.076664772949219,False,PUT,2026-02-27,UUUU
UUUU260227P00021500,21.5,1.4,1.35,1.48,4.0,5.0,1.0810592822265626,False,PUT,2026-02-27,UUUU
UUUU260227P00022000,22.0,1.62,1.57,1.68,22.0,79.0,1.0893600219726562,False,PUT,2026-02-27,UUUU
UUUU260227P00022500,22.5,1.77,1.76,1.9,5.0,10.0,1.08984830078125,False,PUT,2026-02-27,UUUU
UUUU260227P00023000,23.0,2.1,1.99,2.17,4.0,75.0,1.1015669921875002,False,PUT,2026-02-27,UUUU
UUUU260227P00023500,23.5,3.0,2.23,2.38,1.0,14.0,1.0986373193359378,False,PUT,2026-02-27,UUUU
UUUU260227P00024000,24.0,2.88,2.51,2.68,264.0,219.0,1.1147505200195313,False,PUT,2026-02-27,UUUU
UUUU260227P00025000,25.0,3.2,3.05,3.2,9.0,84.0,1.11328568359375,False,PUT,2026-02-27,UUUU
UUUU260227P00026000,26.0,4.3,3.7,3.8,11.0,46.0,1.1284223266601563,True,PUT,2026-02-27,UUUU
UUUU260227P00029000,29.0,5.35,5.7,5.9,5.0,6.0,1.1430706909179689,True,PUT,2026-02-27,UUUU
UUUU260227P00030000,30.0,7.0,6.5,6.85,2.0,3.0,1.19141029296875,True,PUT,2026-02-27,UUUU
UUUU260306C00018500,18.5,5.89,5.7,7.45,1.0,2.0,1.12891060546875,True,CALL,2026-03-06,UUUU
UUUU260306C00020000,20.0,6.09,5.0,6.4,5.0,7.0,0.8085956640624999,True,CALL,2026-03-06,UUUU
UUUU260306C00020500,20.5,6.19,4.35,6.0,1.0,2.0,0.737307314453125,True,CALL,2026-03-06,UUUU
UUUU260306C00022000,22.0,4.5,4.45,5.0,11.0,5.0,0.9790041162109376,True,CALL,2026-03-06,UUUU
UUUU260306C00023000,23.0,5.97,4.05,4.55,20.0,27.0,1.031743122558594,True,CALL,2026-03-06,UUUU
UUUU260306C00024000,24.0,3.5,3.45,4.0,58.0,36.0,1.01172369140625,True,CALL,2026-03-06,UUUU
UUUU260306C00024500,24.5,3.7,3.3,3.85,8.0,4.0,1.0405321411132817,True,CALL,2026-03-06,UUUU
UUUU260306C00025000,25.0,3.2,3.15,3.6,52.0,42.0,1.0488328808593752,True,CALL,2026-03-06,UUUU
UUUU260306C00025500,25.5,3.05,2.87,3.45,3.0,20.0,1.0483446020507814,False,CALL,2026-03-06,UUUU
UUUU260306C00026000,26.0,3.05,2.71,3.2,112.0,111.0,1.0473680444335938,False,CALL,2026-03-06,UUUU
UUUU260306C00026500,26.5,2.5,2.21,2.97,7.0,44.0,0.993164130859375,False,CALL,2026-03-06,UUUU
UUUU260306C00027000,27.0,2.46,2.51,2.84,110.0,71.0,1.076176494140625,False,CALL,2026-03-06,UUUU
UUUU260306C00028000,28.0,1.81,2.06,2.52,15.0,68.0,1.059086735839844,False,CALL,2026-03-06,UUUU
UUUU260306C00030000,30.0,1.9,1.57,2.02,50.0,131.0,1.0781296093750001,False,CALL,2026-03-06,UUUU
UUUU260306C00032000,32.0,1.2,1.05,1.65,23.0,15.0,1.0737351000976565,False,CALL,2026-03-06,UUUU
UUUU260306P00019500,19.5,1.24,0.76,1.37,2.0,3.0,1.1035201074218752,False,PUT,2026-03-06,UUUU
UUUU260306P00020000,20.0,1.27,0.87,1.72,3.0,8.0,1.1367230664062502,False,PUT,2026-03-06,UUUU
UUUU260306P00022500,22.5,2.43,1.86,2.54,1.0,2.0,1.1123091259765625,False,PUT,2026-03-06,UUUU
UUUU260306P00024000,24.0,2.69,2.7,3.5,1.0,1.0,1.1694377465820311,False,PUT,2026-03-06,UUUU
UUUU260306P00030000,30.0,7.2,6.65,7.35,1.0,7.0,1.1806681591796875,True,PUT,2026-03-06,UUUU
UUUU260320C00018000,18.0,7.92,7.35,8.05,38.0,188.0,0.8955088574218748,True,CALL,2026-03-20,UUUU
UUUU260320C00019000,19.0,6.5,6.35,7.55,1.0,15.0,0.905274384765625,True,CALL,2026-03-20,UUUU
UUUU260320C00020000,20.0,6.53,6.3,6.3,125.0,293.0,0.930664755859375,True,CALL,2026-03-20,UUUU
UUUU260320C00021000,21.0,5.45,5.6,6.05,204.0,141.0,0.9926758544921875,True,CALL,2026-03-20,UUUU
UUUU260320C00022000,22.0,5.34,5.1,5.5,537.0,812.0,1.0131885278320314,True,CALL,2026-03-20,UUUU
UUUU260320C00023000,23.0,4.67,4.55,4.95,959.0,1276.0,1.0102588549804685,True,CALL,2026-03-20,UUUU
UUUU260320C00024000,24.0,4.3,4.3,4.45,258.0,1740.0,1.0439500927734378,True,CALL,2026-03-20,UUUU
UUUU260320C00025000,25.0,3.95,3.85,4.1,973.0,1852.0,1.056645341796875,True,CALL,2026-03-20,UUUU
UUUU260320C00026000,26.0,3.45,3.5,3.65,529.0,345.0,1.05859845703125,False,CALL,2026-03-20,UUUU
UUUU260320C00027000,27.0,3.0,3.15,3.35,204.0,317.0,1.0703171484375003,False,CALL,2026-03-20,UUUU
UUUU260320C00028000,28.0,2.85,2.86,3.0,169.0,521.0,1.0742233789062503,False,CALL,2026-03-20,UUUU
UUUU260320C00029000,29.0,2.65,2.59,2.73,7.0,215.0,1.0830123974609376,False,CALL,2026-03-20,UUUU
UUUU260320C00030000,30.0,2.37,2.34,2.49,712.0,971.0,1.0908248583984377,False,CALL,2026-03-20,UUUU
UUUU260320C00031000,31.0,1.92,2.12,2.23,16.0,231.0,1.0932662524414063,False,CALL,2026-03-20,UUUU
UUUU260320C00032000,32.0,1.88,1.93,2.1,29.0,120.0,1.111332568359375,False,CALL,2026-03-20,UUUU
UUUU260320P00018000,18.0,0.94,0.85,1.05,93.0,512.0,1.0683640332031252,False,PUT,2026-03-20,UUUU
UUUU260320P00019000,19.0,1.2,1.14,1.25,32.0,66.0,1.0517625537109376,False,PUT,2026-03-20,UUUU
UUUU260320P00020000,20.0,1.53,1.49,1.54,83.0,525.0,1.0488328808593752,False,PUT,2026-03-20,UUUU
UUUU260320P00021000,21.0,2.18,1.87,1.95,14.0,42.0,1.0556687841796877,False,PUT,2026-03-20,UUUU
UUUU260320P00022000,22.0,2.84,2.29,2.42,49.0,226.0,1.0625046875000002,False,PUT,2026-03-20,UUUU
UUUU260320P00023000,23.0,3.15,2.78,2.88,194.0,678.0,1.0644578027343752,False,PUT,2026-03-20,UUUU
UUUU260320P00024000,24.0,3.7,3.3,3.45,197.0,474.0,1.0732468212890627,False,PUT,2026-03-20,UUUU
UUUU260320P00025000,25.0,3.9,3.85,4.05,51.0,718.0,1.0786178881835937,False,PUT,2026-03-20,UUUU
UUUU260320P00026000,26.0,4.57,4.5,4.65,11.0,363.0,1.0869186279296876,True,PUT,2026-03-20,UUUU
UUUU260320P00027000,27.0,5.83,5.15,5.3,2.0,249.0,1.091801416015625,True,PUT,2026-03-20,UUUU
UUUU260320P00028000,28.0,6.0,5.8,6.0,23.0,168.0,1.094242810058594,True,PUT,2026-03-20,UUUU
UUUU260320P00029000,29.0,7.35,6.55,6.7,1.0,31.0,1.102055270996094,True,PUT,2026-03-20,UUUU
UUUU260320P00030000,30.0,7.97,7.3,7.45,5.0,229.0,1.1088911743164065,True,PUT,2026-03-20,UUUU
UUUU260320P00031000,31.0,9.0,8.05,8.2,22.0,82.0,1.1084028955078127,True,PUT,2026-03-20,UUUU
UUUU260417C00018000,18.0,8.5,7.9,8.7,10.0,1835.0,0.945313046875,True,CALL,2026-04-17,UUUU
UUUU260417C00019000,19.0,7.44,7.2,7.95,7.0,875.0,0.93164130859375,True,CALL,2026-04-17,UUUU
UUUU260417C00020000,20.0,6.8,6.85,7.35,302.0,3853.0,0.9790041162109376,True,CALL,2026-04-17,UUUU
UUUU260417C00021000,21.0,5.95,6.3,6.75,20.0,726.0,0.9819337744140625,True,CALL,2026-04-17,UUUU
UUUU260417C00022000,22.0,6.0,6.0,6.25,1061.0,9788.0,1.0170947583007814,True,CALL,2026-04-17,UUUU
UUUU260417C00023000,23.0,5.6,5.25,5.75,665.0,1331.0,0.9873048144531251,True,CALL,2026-04-17,UUUU
UUUU260417C00024000,24.0,5.17,5.2,5.3,889.0,1594.0,1.0361376318359379,True,CALL,2026-04-17,UUUU
UUUU260417C00025000,25.0,4.8,4.75,4.9,897.0,7046.0,1.0361376318359379,True,CALL,2026-04-17,UUUU
UUUU260417C00026000,26.0,4.5,4.35,4.55,425.0,3245.0,1.040043862304688,False,CALL,2026-04-17,UUUU
UUUU260417C00027000,27.0,4.15,4.05,4.2,143.0,1814.0,1.0478563232421876,False,CALL,2026-04-17,UUUU
UUUU260417C00028000,28.0,3.85,3.7,3.9,198.0,1118.0,1.0498094384765626,False,CALL,2026-04-17,UUUU
UUUU260417C00029000,29.0,3.45,3.5,3.6,41.0,440.0,1.0620164086914063,False,CALL,2026-04-17,UUUU
UUUU260417C00030000,30.0,3.25,3.2,3.35,1044.0,4844.0,1.0639695239257816,False,CALL,2026-04-17,UUUU
UUUU260417C00031000,31.0,3.75,2.96,3.1,50.0,1199.0,1.0673874755859378,False,CALL,2026-04-17,UUUU
UUUU260417C00032000,32.0,2.77,2.76,2.89,1258.0,2030.0,1.0751999365234377,False,CALL,2026-04-17,UUUU
UUUU260417P00018000,18.0,1.44,1.37,1.49,22.0,3244.0,1.0244189404296877,False,PUT,2026-04-17,UUUU
UUUU260417P00019000,19.0,1.96,1.71,1.83,4.0,3342.0,1.0234423828125,False,PUT,2026-04-17,UUUU
UUUU260417P00020000,20.0,2.22,2.09,2.22,30.0,888.0,1.0234423828125,False,PUT,2026-04-17,UUUU
UUUU260417P00021000,21.0,2.71,2.52,2.67,8.0,189.0,1.0273486132812502,False,PUT,2026-04-17,UUUU
UUUU260417P00022000,22.0,3.23,2.94,3.2,80.0,1700.0,1.0297900073242188,False,PUT,2026-04-17,UUUU
UUUU260417P00023000,23.0,3.78,3.5,3.7,6.0,188.0,1.035649353027344,False,PUT,2026-04-17,UUUU
UUUU260417P00024000,24.0,4.05,4.0,4.25,63.0,318.0,1.031743122558594,False,PUT,2026-04-17,UUUU
UUUU260417P00025000,25.0,5.03,4.6,4.85,94.0,973.0,1.0376024682617189,False,PUT,2026-04-17,UUUU
UUUU260417P00026000,26.0,5.36,5.25,5.45,1.0,505.0,1.041264559326172,True,PUT,2026-04-17,UUUU
UUUU260417P00027000,27.0,6.04,5.95,6.1,51.0,195.0,1.049321159667969,True,PUT,2026-04-17,UUUU
UUUU260417P00028000,28.0,6.77,6.6,6.8,1.0,157.0,1.051030135498047,True,PUT,2026-04-17,UUUU
UUUU260417P00029000,29.0,7.8,7.35,7.5,2.0,24.0,1.0581101782226563,True,PUT,2026-04-17,UUUU
UUUU260417P00030000,30.0,7.25,8.0,8.3,22.0,169.0,1.0595750146484377,True,PUT,2026-04-17,UUUU
UUUU260417P00031000,31.0,9.6,8.8,9.0,4.0,17.0,1.0620164086914063,True,PUT,2026-04-17,UUUU
UUUU260417P00032000,32.0,9.15,9.45,10.95,10.0,40.0,1.1804240197753906,True,PUT,2026-04-17,UUUU
UUUU260618C00018000,18.0,8.52,8.6,9.7,5.0,403.0,0.9150399121093751,True,CALL,2026-06-18,UUUU
UUUU260618C00019000,19.0,8.85,8.15,9.15,28.0,549.0,0.936524072265625,True,CALL,2026-06-18,UUUU
UUUU260618C00020000,20.0,8.27,8.15,8.6,134.0,1616.0,0.9936524072265626,True,CALL,2026-06-18,UUUU
UUUU260618C00021000,21.0,7.8,7.55,8.15,12.0,477.0,0.99023447265625,True,CALL,2026-06-18,UUUU
UUUU260618C00022000,22.0,7.35,7.1,7.65,119.0,712.0,0.9907227490234375,True,CALL,2026-06-18,UUUU
UUUU260618C00023000,23.0,6.44,6.6,7.3,246.0,473.0,0.9948730981445313,True,CALL,2026-06-18,UUUU
UUUU260618C00024000,24.0,6.65,6.4,6.85,117.0,464.0,1.0112354125976561,True,CALL,2026-06-18,UUUU
UUUU260618C00025000,25.0,6.36,6.3,6.45,336.0,4557.0,1.0351610742187503,True,CALL,2026-06-18,UUUU
UUUU260618C00026000,26.0,5.88,5.65,6.1,76.0,483.0,1.0127002490234376,False,CALL,2026-06-18,UUUU
UUUU260618C00027000,27.0,5.7,5.4,5.8,80.0,471.0,1.0241748010253908,False,CALL,2026-06-18,UUUU
UUUU260618C00028000,28.0,4.75,5.15,5.5,42.0,196.0,1.031743122558594,False,CALL,2026-06-18,UUUU
UUUU260618C00029000,29.0,4.57,4.95,5.35,52.0,301.0,1.0522508325195314,False,CALL,2026-06-18,UUUU
UUUU260618C00030000,30.0,4.95,4.6,4.95,764.0,3844.0,1.0376024682617189,False,CALL,2026-06-18,UUUU
UUUU260618C00031000,31.0,4.45,4.15,4.7,39.0,460.0,1.0241748010253908,False,CALL,2026-06-18,UUUU
UUUU260618C00032000,32.0,3.65,3.65,4.5,12.0,649.0,1.0080616003417968,False,CALL,2026-06-18,UUUU
UUUU260618P00018000,18.0,2.33,2.36,2.7,16.0,205.0,1.0273486132812502,False,PUT,2026-06-18,UUUU
UUUU260618P00019000,19.0,2.92,2.79,3.05,11.0,274.0,1.0170947583007814,False,PUT,2026-06-18,UUUU
UUUU260618P00020000,20.0,3.46,3.25,3.55,272.0,372.0,1.0200244311523439,False,PUT,2026-06-18,UUUU
UUUU260618P00021000,21.0,4.12,3.75,4.1,34.0,3110.0,1.0249072192382815,False,PUT,2026-06-18,UUUU
UUUU260618P00022000,22.0,4.6,4.25,4.7,8.0,111.0,1.0288134497070316,False,PUT,2026-06-18,UUUU
UUUU260618P00023000,23.0,4.99,4.85,5.25,9.0,62.0,1.031743122558594,False,PUT,2026-06-18,UUUU
UUUU260618P00024000,24.0,5.5,5.4,6.25,8.0,32.0,1.0644578027343752,False,PUT,2026-06-18,UUUU
UUUU260618P00025000,25.0,6.9,6.0,6.75,2.0,195.0,1.0532273901367186,False,PUT,2026-06-18,UUUU
UUUU260618P00026000,26.0,6.3,6.65,7.35,15.0,140.0,1.0512742749023438,True,PUT,2026-06-18,UUUU
UUUU260618P00027000,27.0,6.7,7.3,8.2,40.0,73.0,1.0664109179687502,True,PUT,2026-06-18,UUUU
UUUU260618P00028000,28.0,8.1,7.95,8.7,5.0,47.0,1.049077020263672,True,PUT,2026-06-18,UUUU
UUUU260618P00029000,29.0,9.6,8.7,9.65,5.0,95.0,1.0737351000976565,True,PUT,2026-06-18,UUUU
UUUU260618P00030000,30.0,9.65,9.45,10.3,3.0,45.0,1.070805427246094,True,PUT,2026-06-18,UUUU
UUUU260618P00032000,32.0,11.2,10.9,11.8,7.0,4.0,1.0693405908203126,True,PUT,2026-06-18,UUUU
UUUU260717C00018000,18.0,11.84,8.6,10.3,14.0,291.0,0.8967295483398436,True,CALL,2026-07-17,UUUU
UUUU260717C00019000,19.0,9.3,9.1,9.6,45.0,381.0,0.989257919921875,True,CALL,2026-07-17,UUUU
UUUU260717C00020000,20.0,8.55,8.1,9.1,28.0,281.0,0.946289599609375,True,CALL,2026-07-17,UUUU
UUUU260717C00021000,21.0,7.76,8.1,8.65,3.0,298.0,0.9936524072265626,True,CALL,2026-07-17,UUUU
UUUU260717C00022000,22.0,8.0,7.6,8.25,97.0,410.0,0.9948730981445313,True,CALL,2026-07-17,UUUU
UUUU260717C00023000,23.0,7.45,6.8,7.75,1.0,205.0,0.9589847851562499,True,CALL,2026-07-17,UUUU
UUUU260717C00024000,24.0,7.23,6.75,7.45,24.0,82.0,0.9960937890625,True,CALL,2026-07-17,UUUU
UUUU260717C00025000,25.0,6.95,6.45,7.05,23.0,412.0,1.0009815576171874,True,CALL,2026-07-17,UUUU
UUUU260717C00026000,26.0,6.5,6.1,6.7,5.0,105.0,1.002202254638672,False,CALL,2026-07-17,UUUU
UUUU260717C00027000,27.0,6.3,6.3,6.4,2586.0,192.0,1.045414929199219,False,CALL,2026-07-17,UUUU
UUUU260717C00028000,28.0,5.3,5.4,6.2,45.0,167.0,1.0102588549804685,False,CALL,2026-07-17,UUUU
UUUU260717C00029000,29.0,5.55,4.65,5.8,7.0,19.0,0.9694827270507812,False,CALL,2026-07-17,UUUU
UUUU260717C00030000,30.0,5.2,5.3,5.55,65.0,265.0,1.0402880017089848,False,CALL,2026-07-17,UUUU
UUUU260717C00031000,31.0,4.5,4.65,5.3,1.0,12.0,1.0131885278320314,False,CALL,2026-07-17,UUUU
UUUU260717C00032000,32.0,4.85,4.55,5.05,36.0,4682.0,1.0241748010253908,False,CALL,2026-07-17,UUUU
UUUU260717P00018000,18.0,2.37,2.63,3.25,1.0,18.0,1.0205127099609377,False,PUT,2026-07-17,UUUU
UUUU260717P00019000,19.0,3.02,2.95,3.75,20.0,27.0,1.0100147155761716,False,PUT,2026-07-17,UUUU
UUUU260717P00020000,20.0,3.2,3.6,4.05,40.0,52.0,1.0068409033203123,False,PUT,2026-07-17,UUUU
UUUU260717P00021000,21.0,4.35,4.0,4.85,3.0,8.0,1.0210009887695315,False,PUT,2026-07-17,UUUU
UUUU260717P00022000,22.0,4.1,4.7,5.45,5.0,32.0,1.0380907470703127,False,PUT,2026-07-17,UUUU
UUUU260717P00023000,23.0,5.65,5.3,5.7,25.0,38.0,1.0127002490234376,False,PUT,2026-07-17,UUUU
UUUU260717P00024000,24.0,6.3,5.9,6.25,1.0,171.0,1.0090381579589844,False,PUT,2026-07-17,UUUU
UUUU260717P00025000,25.0,7.76,6.45,7.4,30.0,35.0,1.0449266503906252,False,PUT,2026-07-17,UUUU
UUUU270115C00020000,20.0,11.36,11.0,11.5,394.0,7238.0,0.9995117236328125,True,CALL,2027-01-15,UUUU
UUUU270115C00022000,22.0,10.6,10.35,10.7,64.0,4257.0,1.003422951660156,True,CALL,2027-01-15,UUUU
UUUU270115C00025000,25.0,9.5,9.15,9.75,542.0,9563.0,0.9956055126953125,True,CALL,2027-01-15,UUUU
UUUU270115C00027000,27.0,8.55,8.8,9.2,125.0,1292.0,1.0123340399169922,False,CALL,2027-01-15,UUUU
UUUU270115C00030000,30.0,8.0,8.05,8.45,424.0,19239.0,1.017583037109375,False,CALL,2027-01-15,UUUU
UUUU270115C00032000,32.0,9.95,7.05,8.0,16.0,205.0,0.9916993017578125,False,CALL,2027-01-15,UUUU
UUUU270115P00020000,20.0,6.07,5.65,6.2,28.0,623.0,0.9707034179687499,False,PUT,2027-01-15,UUUU
UUUU270115P00022000,22.0,6.41,6.9,7.6,50.0,344.0,0.9829103271484375,False,PUT,2027-01-15,UUUU
UUUU270115P00025000,25.0,9.05,8.8,9.6,1.0,1275.0,0.9792482543945313,False,PUT,2027-01-15,UUUU
UUUU270115P00027000,27.0,10.0,10.15,11.05,5.0,214.0,0.9799806689453125,True,PUT,2027-01-15,UUUU
UUUU270115P00030000,30.0,12.88,12.3,13.3,13.0,13.0,0.9810792907714845,True,PUT,2027-01-15,UUUU
UUUU280121C00020000,20.0,14.29,13.75,15.35,50.0,2316.0,1.0183154553222655,True,CALL,2028-01-21,UUUU
UUUU280121C00022000,22.0,13.65,13.6,14.6,22.0,415.0,1.0285693103027347,True,CALL,2028-01-21,UUUU
UUUU280121C00025000,25.0,12.25,13.0,13.7,55.0,1845.0,1.0283251708984378,True,CALL,2028-01-21,UUUU
UUUU280121C00027000,27.0,12.1,11.4,13.25,21.0,229.0,0.9782717016601563,False,CALL,2028-01-21,UUUU
UUUU280121C00030000,30.0,11.79,11.8,12.15,204.0,39461.0,1.0035450213623045,False,CALL,2028-01-21,UUUU
UUUU280121C00032000,32.0,11.79,9.4,13.0,10.0,660.0,0.9724123852539062,False,CALL,2028-01-21,UUUU
UUUU280121P00020000,20.0,8.2,6.75,8.75,12.0,335.0,0.8490005334472657,False,PUT,2028-01-21,UUUU
UUUU280121P00022000,22.0,9.65,8.3,10.15,2.0,77.0,0.8608412353515625,False,PUT,2028-01-21,UUUU
UUUU280121P00025000,25.0,11.25,11.25,12.5,12.0,84.0,0.9060067993164063,False,PUT,2028-01-21,UUUU
UUUU280121P00027000,27.0,12.5,12.8,13.9,16.0,249.0,0.9045419702148438,True,PUT,2028-01-21,UUUU
UUUU280121P00030000,30.0,15.55,13.5,17.05,1.0,17.0,0.8740246972656249,True,PUT,2028-01-21,UUUU
UWMC260130C00004500,4.5,0.9,1.05,1.75,23.0,31.0,4.0781299023437505,True,CALL,2026-01-30,UWMC
UWMC260130C00005000,5.0,0.8,0.55,1.25,2.0,70.0,2.8906277734375,True,CALL,2026-01-30,UWMC
UWMC260130C00005500,5.5,0.3,0.1,0.4,14.0,223.0,0.6718782812500002,True,CALL,2026-01-30,UWMC
UWMC260130C00006000,6.0,0.07,0.0,0.1,90.0,1964.0,0.87500125,False,CALL,2026-01-30,UWMC
UWMC260130C00006500,6.5,0.01,0.0,0.05,50.0,222.0,1.3125034374999998,False,CALL,2026-01-30,UWMC
UWMC260130C00007000,7.0,0.07,0.0,0.1,5.0,6.0,2.1718795703125,False,CALL,2026-01-30,UWMC
UWMC260130P00004500,4.5,0.04,0.0,0.75,4.0,184.0,5.687502890625,False,PUT,2026-01-30,UWMC
UWMC260130P00005000,5.0,0.05,0.0,0.45,200.0,314.0,3.2031269921874994,False,PUT,2026-01-30,UWMC
UWMC260130P00005500,5.5,0.03,0.0,0.65,21.0,476.0,2.56250359375,False,PUT,2026-01-30,UWMC
UWMC260130P00006000,6.0,0.3,0.0,0.7,11.0,128.0,0.98437515625,True,PUT,2026-01-30,UWMC
UWMC260130P00006500,6.5,0.65,0.25,1.0,,3.0,2.8593778515625,True,PUT,2026-01-30,UWMC
UWMC260206C00004500,4.5,1.35,1.05,1.75,10.0,9.0,1.9218753906250001,True,CALL,2026-02-06,UWMC
UWMC260206C00005000,5.0,0.93,0.45,1.3,12.0,84.0,1.2734411328124997,True,CALL,2026-02-06,UWMC
UWMC260206C00005500,5.5,0.4,0.15,0.85,3.0,116.0,1.09375453125,True,CALL,2026-02-06,UWMC
UWMC260206C00006000,6.0,0.1,0.05,0.15,40.0,662.0,0.57812921875,False,CALL,2026-02-06,UWMC
UWMC260206C00006500,6.5,0.05,0.0,0.1,2.0,128.0,0.7500025,False,CALL,2026-02-06,UWMC
UWMC260206C00007000,7.0,0.1,0.0,0.05,,45.0,0.85937640625,False,CALL,2026-02-06,UWMC
UWMC260206P00004500,4.5,0.05,0.0,0.05,2.0,67.0,1.0312548437500002,False,PUT,2026-02-06,UWMC
UWMC260206P00005000,5.0,0.03,0.0,0.05,20.0,27.0,0.6562534375000001,False,PUT,2026-02-06,UWMC
UWMC260206P00005500,5.5,0.1,0.0,0.15,160.0,373.0,0.6914093359375001,False,PUT,2026-02-06,UWMC
UWMC260206P00006000,6.0,0.27,0.0,0.75,,42.0,0.5468795312500001,True,PUT,2026-02-06,UWMC
UWMC260213C00004500,4.5,0.33,0.0,1.8,,1.0,2.5898472753906248,True,CALL,2026-02-13,UWMC
UWMC260213C00005000,5.0,0.88,0.6,1.3,1.0,145.0,1.15625421875,True,CALL,2026-02-13,UWMC
UWMC260213C00005500,5.5,0.42,0.3,0.5,1.0,302.0,0.5976602734375001,True,CALL,2026-02-13,UWMC
UWMC260213C00006000,6.0,0.15,0.1,0.2,21.0,521.0,0.5507857421875001,False,CALL,2026-02-13,UWMC
UWMC260213C00006500,6.5,0.1,0.0,0.1,2.0,231.0,0.5625043750000001,False,CALL,2026-02-13,UWMC
UWMC260213C00007000,7.0,0.05,0.0,0.1,1.0,14.0,0.7656273437500001,False,CALL,2026-02-13,UWMC
UWMC260213P00004500,4.5,0.2,0.0,0.05,,1.0,0.7656273437500001,False,PUT,2026-02-13,UWMC
UWMC260213P00005000,5.0,0.03,0.0,0.05,10.0,40.0,0.6015664843750002,False,PUT,2026-02-13,UWMC
UWMC260213P00005500,5.5,0.18,0.05,0.2,3.0,288.0,0.632816171875,False,PUT,2026-02-13,UWMC
UWMC260213P00006000,6.0,0.43,0.0,1.75,4.0,17.0,1.484377578125,True,PUT,2026-02-13,UWMC
UWMC260213P00007000,7.0,1.25,0.75,2.5,,3.0,1.57422087890625,True,PUT,2026-02-13,UWMC
UWMC260220C00005000,5.0,0.97,0.65,1.1,31.0,1926.0,0.79687703125,True,CALL,2026-02-20,UWMC
UWMC260220C00005500,5.5,0.5,0.35,0.5,10.0,821.0,0.5429733203125001,True,CALL,2026-02-20,UWMC
UWMC260220C00006000,6.0,0.2,0.15,0.25,28.0,16987.0,0.5507857421875001,False,CALL,2026-02-20,UWMC
UWMC260220C00006500,6.5,0.15,0.05,0.1,63.0,183.0,0.5390671093750001,False,CALL,2026-02-20,UWMC
UWMC260220C00007000,7.0,0.05,0.0,0.05,202.0,2076.0,0.5390671093750001,False,CALL,2026-02-20,UWMC
UWMC260220P00005000,5.0,0.05,0.05,0.1,11.0,1004.0,0.57812921875,False,PUT,2026-02-20,UWMC
UWMC260220P00005500,5.5,0.2,0.15,0.2,1.0,191.0,0.5273484765625001,False,PUT,2026-02-20,UWMC
UWMC260220P00006000,6.0,0.45,0.45,0.55,139.0,1449.0,0.57812921875,True,PUT,2026-02-20,UWMC
UWMC260220P00006500,6.5,0.83,0.35,1.1,,10.0,1.0351610742187503,True,PUT,2026-02-20,UWMC
UWMC260220P00007000,7.0,1.35,1.15,1.4,1.0,175.0,0.8281267187499999,True,PUT,2026-02-20,UWMC
UWMC260227C00005000,5.0,1.0,0.75,1.45,10.0,40.0,1.12109814453125,True,CALL,2026-02-27,UWMC
UWMC260227C00006000,6.0,0.37,0.2,0.4,4.0,313.0,0.63867548828125,False,CALL,2026-02-27,UWMC
UWMC260227C00007000,7.0,0.11,0.05,0.1,5.0,512.0,0.632816171875,False,CALL,2026-02-27,UWMC
UWMC260227P00005000,5.0,0.13,0.0,0.7,62.0,254.0,1.05859845703125,False,PUT,2026-02-27,UWMC
UWMC260227P00006000,6.0,0.57,0.15,0.9,3.0,3.0,0.5468795312500001,True,PUT,2026-02-27,UWMC
UWMC260306C00006000,6.0,0.4,0.25,0.35,2.0,6.0,0.5742230078125,False,CALL,2026-03-06,UWMC
UWMC260320C00005000,5.0,1.05,0.85,1.0,50.0,54.0,0.6093789062500001,True,CALL,2026-03-20,UWMC
UWMC260320C00006000,6.0,0.1,0.35,0.4,5.0,943.0,0.57812921875,False,CALL,2026-03-20,UWMC
UWMC260320C00007000,7.0,0.2,0.1,0.2,2.0,821.0,0.6132851171875001,False,CALL,2026-03-20,UWMC
UWMC260320P00005000,5.0,0.2,0.2,0.25,1.0,178.0,0.632816171875,False,PUT,2026-03-20,UWMC
UWMC260320P00006000,6.0,0.7,0.65,0.75,5.0,280.0,0.6269568554687501,True,PUT,2026-03-20,UWMC
UWMC260417C00005000,5.0,1.15,0.95,1.1,12.0,3261.0,0.6074258007812501,True,CALL,2026-04-17,UWMC
UWMC260417C00006000,6.0,0.5,0.45,0.5,210.0,5434.0,0.56055126953125,False,CALL,2026-04-17,UWMC
UWMC260417C00007000,7.0,0.26,0.2,0.25,116.0,2987.0,0.5839885351562499,False,CALL,2026-04-17,UWMC
UWMC260417P00005000,5.0,0.35,0.3,0.4,20.0,15112.0,0.6523472265625001,False,PUT,2026-04-17,UWMC
UWMC260417P00006000,6.0,0.75,0.75,0.85,12.0,677.0,0.5976602734375001,True,PUT,2026-04-17,UWMC
UWMC260417P00007000,7.0,1.31,1.5,1.6,10.0,60.0,0.6289099609375001,True,PUT,2026-04-17,UWMC
UWMC260515C00005000,5.0,1.18,1.0,1.2,10.0,221.0,0.5937540625000001,True,CALL,2026-05-15,UWMC
UWMC260515C00006000,6.0,0.6,0.55,0.6,17.0,446.0,0.5625043750000001,False,CALL,2026-05-15,UWMC
UWMC260515C00007000,7.0,0.3,0.25,0.35,1.0,315.0,0.5722699023437501,False,CALL,2026-05-15,UWMC
UWMC260515P00005000,5.0,0.4,0.35,0.45,1.0,134.0,0.6093789062500001,False,PUT,2026-05-15,UWMC
UWMC260515P00006000,6.0,0.85,0.85,0.95,19.0,381.0,0.594730615234375,True,PUT,2026-05-15,UWMC
UWMC260515P00007000,7.0,1.55,1.7,2.65,6.0,88.0,1.0683640332031252,True,PUT,2026-05-15,UWMC
UWMC260618C00005000,5.0,1.36,1.1,1.25,5.0,586.0,0.5800823242187501,True,CALL,2026-06-18,UWMC
UWMC260618C00006000,6.0,0.75,0.6,0.7,9.0,10268.0,0.5429733203125001,False,CALL,2026-06-18,UWMC
UWMC260618C00007000,7.0,0.45,0.3,0.4,32.0,2392.0,0.5371140039062501,False,CALL,2026-06-18,UWMC
UWMC260618P00005000,5.0,0.49,0.45,0.55,4.0,1278.0,0.6132851171875001,False,PUT,2026-06-18,UWMC
UWMC260618P00006000,6.0,0.95,0.95,1.1,42.0,8473.0,0.6064492480468751,True,PUT,2026-06-18,UWMC
UWMC260618P00007000,7.0,1.65,1.65,1.85,8.0,40.0,0.6250037500000001,True,PUT,2026-06-18,UWMC
UWMC260717C00005000,5.0,1.5,0.95,1.3,76.0,859.0,0.6210975390625001,True,CALL,2026-07-17,UWMC
UWMC260717C00006000,6.0,0.7,0.65,0.8,2.0,96.0,0.5429733203125001,False,CALL,2026-07-17,UWMC
UWMC260717C00007000,7.0,0.45,0.35,0.5,2.0,519.0,0.5419967675781252,False,CALL,2026-07-17,UWMC
UWMC260717P00005000,5.0,0.53,0.5,0.6,17.0,210.0,0.59570716796875,False,PUT,2026-07-17,UWMC
UWMC260717P00006000,6.0,1.05,1.0,1.15,10.0,64.0,0.5839885351562499,True,PUT,2026-07-17,UWMC
UWMC260717P00007000,7.0,1.65,1.7,1.85,,4.0,0.585941640625,True,PUT,2026-07-17,UWMC
UWMC260821C00005000,5.0,1.34,1.2,1.4,1.0,162.0,0.5654340332031251,True,CALL,2026-08-21,UWMC
UWMC260821C00006000,6.0,0.85,0.75,0.95,10.0,175.0,0.567387138671875,False,CALL,2026-08-21,UWMC
UWMC260821C00007000,7.0,0.5,0.45,0.65,60.0,82.0,0.570316796875,False,CALL,2026-08-21,UWMC
UWMC260821P00005000,5.0,0.62,0.6,0.7,75.0,219.0,0.6093789062500001,False,PUT,2026-08-21,UWMC
UWMC260821P00006000,6.0,1.1,1.1,1.25,3.0,23.0,0.5908244042968751,True,PUT,2026-08-21,UWMC
UWMC260821P00007000,7.0,2.6,1.75,2.2,26.0,36.0,0.6543003320312502,True,PUT,2026-08-21,UWMC
UWMC260918C00005000,5.0,1.38,1.25,1.45,4.0,104.0,0.561527822265625,True,CALL,2026-09-18,UWMC
UWMC260918C00006000,6.0,0.9,0.75,0.95,13.0,130.0,0.532231240234375,False,CALL,2026-09-18,UWMC
UWMC260918C00007000,7.0,0.52,0.5,0.65,25.0,1354.0,0.5488326367187502,False,CALL,2026-09-18,UWMC
UWMC260918P00005000,5.0,0.7,0.65,0.75,3.0,139.0,0.6025430371093752,False,PUT,2026-09-18,UWMC
UWMC260918P00006000,6.0,1.15,1.15,1.3,10.0,15.0,0.5820354296875,True,PUT,2026-09-18,UWMC
UWMC260918P00007000,7.0,2.2,1.85,2.1,2.0,75.0,0.6132851171875001,True,PUT,2026-09-18,UWMC
UWMC261218C00005000,5.0,1.46,1.35,1.55,4.0,54.0,0.5293015820312501,True,CALL,2026-12-18,UWMC
UWMC261218C00007000,7.0,0.85,0.6,0.75,3.0,2181.0,0.5136767382812499,False,CALL,2026-12-18,UWMC
UWMC261218P00005000,5.0,0.85,0.8,0.9,5.0,179.0,0.5908244042968751,False,PUT,2026-12-18,UWMC
UWMC261218P00007000,7.0,2.0,2.0,2.25,,11.0,0.5908244042968751,True,PUT,2026-12-18,UWMC
UWMC270115C00005000,5.0,1.5,1.35,1.6,3.0,23896.0,0.5205126074218749,True,CALL,2027-01-15,UWMC
UWMC270115C00007000,7.0,0.75,0.7,0.75,77.0,11257.0,0.514653291015625,False,CALL,2027-01-15,UWMC
UWMC270115P00005000,5.0,0.88,0.85,0.9,10.0,6312.0,0.5800823242187501,False,PUT,2027-01-15,UWMC
UWMC270115P00007000,7.0,3.45,2.05,2.3,101.0,1746.0,0.5898478515625001,True,PUT,2027-01-15,UWMC
UWMC280121C00005000,5.0,1.95,0.65,1.95,3.0,1672.0,0.5336960693359375,True,CALL,2028-01-21,UWMC
UWMC280121C00007000,7.0,1.15,0.45,1.9,10.0,1370.0,0.500005,False,CALL,2028-01-21,UWMC
UWMC280121P00005000,5.0,1.4,0.1,1.4,5.0,122.0,0.594730615234375,False,PUT,2028-01-21,UWMC
UWMC280121P00007000,7.0,2.64,1.35,4.1,1.0,117.0,0.5835002587890624,True,PUT,2028-01-21,UWMC
V260130C00240000,240.0,86.45,90.3,93.55,,1.0,2.56250359375,True,CALL,2026-01-30,V
V260130C00255000,255.0,71.59,75.3,78.5,2.0,2.0,2.134770288085937,True,CALL,2026-01-30,V
V260130C00260000,260.0,66.56,70.3,73.0,2.0,2.0,1.720704521484375,True,CALL,2026-01-30,V
V260130C00270000,270.0,57.75,60.3,62.95,,1.0,1.4580105224609374,True,CALL,2026-01-30,V
V260130C00275000,275.0,49.0,55.3,57.95,,5.0,1.3476595117187498,True,CALL,2026-01-30,V
V260130C00280000,280.0,51.0,50.35,53.0,,17.0,1.2705114599609373,True,CALL,2026-01-30,V
V260130C00285000,285.0,39.2,45.35,47.85,,3.0,1.0644578027343752,True,CALL,2026-01-30,V
V260130C00290000,290.0,36.66,40.3,42.95,53.0,55.0,1.0234423828125,True,CALL,2026-01-30,V
V260130C00295000,295.0,30.83,35.4,38.25,2.0,5.0,1.0439500927734378,True,CALL,2026-01-30,V
V260130C00300000,300.0,27.4,30.35,33.0,14.0,130.0,0.8325212060546874,True,CALL,2026-01-30,V
V260130C00305000,305.0,26.9,25.45,28.35,10.0,39.0,0.8378922460937499,True,CALL,2026-01-30,V
V260130C00310000,310.0,17.38,20.85,23.35,19.0,29.0,0.7158231542968749,True,CALL,2026-01-30,V
V260130C00315000,315.0,15.53,16.05,18.1,4.0,28.0,0.5297898583984376,True,CALL,2026-01-30,V
V260130C00317500,317.5,11.81,14.45,16.2,10.0,26.0,0.596683720703125,True,CALL,2026-01-30,V
V260130C00320000,320.0,13.0,12.85,13.25,73.0,204.0,0.44336494140625,True,CALL,2026-01-30,V
V260130C00322500,322.5,11.05,10.4,11.35,35.0,42.0,0.47900911621093745,True,CALL,2026-01-30,V
V260130C00325000,325.0,9.0,8.65,9.1,351.0,1058.0,0.4370173486328125,True,CALL,2026-01-30,V
V260130C00327500,327.5,7.28,7.1,7.35,571.0,448.0,0.4426325268554688,True,CALL,2026-01-30,V
V260130C00330000,330.0,5.72,5.6,5.95,990.0,971.0,0.46191944335937507,True,CALL,2026-01-30,V
V260130C00332500,332.5,4.45,4.25,4.6,725.0,609.0,0.4621635815429688,True,CALL,2026-01-30,V
V260130C00335000,335.0,3.35,3.2,3.5,1193.0,1211.0,0.46582565429687506,False,CALL,2026-01-30,V
V260130C00337500,337.5,2.5,2.33,2.64,198.0,645.0,0.4730277307128906,False,CALL,2026-01-30,V
V260130C00340000,340.0,1.8,1.79,1.79,715.0,1762.0,0.4592339233398438,False,CALL,2026-01-30,V
V260130C00342500,342.5,1.27,1.17,1.37,157.0,1539.0,0.47827670166015623,False,CALL,2026-01-30,V
V260130C00345000,345.0,0.9,0.9,0.98,595.0,1467.0,0.48511257080078124,False,CALL,2026-01-30,V
V260130C00347500,347.5,0.64,0.6,0.66,143.0,213.0,0.485356708984375,False,CALL,2026-01-30,V
V260130C00350000,350.0,0.41,0.38,0.41,460.0,1568.0,0.47900911621093745,False,CALL,2026-01-30,V
V260130C00352500,352.5,0.25,0.26,0.28,60.0,110.0,0.48730981445312505,False,CALL,2026-01-30,V
V260130C00355000,355.0,0.17,0.12,0.18,254.0,850.0,0.49023947265625006,False,CALL,2026-01-30,V
V260130C00357500,357.5,0.14,0.08,0.13,18.0,818.0,0.5039112109375,False,CALL,2026-01-30,V
V260130C00360000,360.0,0.09,0.05,0.11,221.0,520.0,0.50586431640625,False,CALL,2026-01-30,V
V260130C00362500,362.5,0.01,0.02,0.21,20.0,47.0,0.5722699023437501,False,CALL,2026-01-30,V
V260130C00365000,365.0,0.02,0.0,0.24,11.0,193.0,0.614261669921875,False,CALL,2026-01-30,V
V260130C00367500,367.5,0.01,0.0,0.53,6.0,7.0,0.743166630859375,False,CALL,2026-01-30,V
V260130C00370000,370.0,0.02,0.01,0.07,26.0,202.0,0.5937540625000001,False,CALL,2026-01-30,V
V260130C00375000,375.0,0.01,0.0,0.08,23.0,188.0,0.6601596484375001,False,CALL,2026-01-30,V
V260130C00380000,380.0,0.04,0.0,0.06,36.0,114.0,0.70312796875,False,CALL,2026-01-30,V
V260130C00385000,385.0,0.03,0.0,0.17,79.0,133.0,0.86132951171875,False,CALL,2026-01-30,V
V260130C00390000,390.0,0.01,0.0,0.15,9.0,39.0,0.91211025390625,False,CALL,2026-01-30,V
V260130C00395000,395.0,0.01,0.0,0.25,1.0,4.0,1.0410204199218753,False,CALL,2026-01-30,V
V260130C00400000,400.0,0.01,0.0,0.25,5.0,15.0,1.1054732226562503,False,CALL,2026-01-30,V
V260130C00405000,405.0,0.01,0.0,0.27,,3.0,1.1816447167968749,False,CALL,2026-01-30,V
V260130C00415000,415.0,0.01,0.0,0.18,11.0,11.0,1.2402381738281247,False,CALL,2026-01-30,V
V260130C00420000,420.0,0.36,0.0,2.13,,0.0,1.9013676806640625,False,CALL,2026-01-30,V
V260130C00425000,425.0,0.09,0.0,0.45,,3.0,1.5253929980468748,False,CALL,2026-01-30,V
V260130C00430000,430.0,0.01,0.0,0.46,,1.0,1.5917989160156247,False,CALL,2026-01-30,V
V260130P00235000,235.0,0.01,0.0,0.05,1.0,27.0,1.671876640625,False,PUT,2026-01-30,V
V260130P00245000,245.0,0.01,0.0,2.12,1.0,2.0,2.490238149414062,False,PUT,2026-01-30,V
V260130P00250000,250.0,0.03,0.0,0.05,3.0,181.0,1.3906280468749999,False,PUT,2026-01-30,V
V260130P00255000,255.0,0.01,0.0,0.05,22.0,494.0,1.3046909765624997,False,PUT,2026-01-30,V
V260130P00260000,260.0,0.02,0.01,0.05,12.0,160.0,1.2421912890624998,False,PUT,2026-01-30,V
V260130P00265000,265.0,0.03,0.0,0.1,3.0,24.0,1.21875390625,False,PUT,2026-01-30,V
V260130P00270000,270.0,0.02,0.01,0.05,2.0,126.0,1.0625046875000002,False,PUT,2026-01-30,V
V260130P00275000,275.0,0.17,0.0,1.81,4.0,24.0,1.6337908935546874,False,PUT,2026-01-30,V
V260130P00280000,280.0,0.02,0.01,0.05,21.0,194.0,0.8984385156249999,False,PUT,2026-01-30,V
V260130P00285000,285.0,0.03,0.0,0.05,54.0,399.0,0.79687703125,False,PUT,2026-01-30,V
V260130P00287500,287.5,0.02,0.01,0.04,1.0,559.0,0.7578149218750001,False,PUT,2026-01-30,V
V260130P00290000,290.0,0.06,0.0,0.08,29.0,195.0,0.7539087109375,False,PUT,2026-01-30,V
V260130P00292500,292.5,0.08,0.01,0.07,21.0,27.0,0.710940390625,False,PUT,2026-01-30,V
V260130P00295000,295.0,0.07,0.05,0.07,38.0,832.0,0.7050810742187501,False,PUT,2026-01-30,V
V260130P00297500,297.5,0.16,0.05,0.12,6.0,45.0,0.69336244140625,False,PUT,2026-01-30,V
V260130P00300000,300.0,0.1,0.08,0.1,180.0,748.0,0.6543003320312502,False,PUT,2026-01-30,V
V260130P00302500,302.5,0.13,0.03,0.14,39.0,19.0,0.6035195898437502,False,PUT,2026-01-30,V
V260130P00305000,305.0,0.15,0.13,0.16,61.0,627.0,0.6054726953125001,False,PUT,2026-01-30,V
V260130P00307500,307.5,0.22,0.17,0.27,31.0,713.0,0.6005899316406251,False,PUT,2026-01-30,V
V260130P00310000,310.0,0.3,0.26,0.3,463.0,1037.0,0.5751995605468749,False,PUT,2026-01-30,V
V260130P00312500,312.5,0.36,0.31,0.4,126.0,1149.0,0.5493209130859377,False,PUT,2026-01-30,V
V260130P00315000,315.0,0.49,0.46,0.54,1734.0,1023.0,0.5356491748046875,False,PUT,2026-01-30,V
V260130P00317500,317.5,0.74,0.62,0.8,152.0,202.0,0.524418818359375,False,PUT,2026-01-30,V
V260130P00320000,320.0,0.99,0.92,1.01,432.0,869.0,0.5075732836914062,False,PUT,2026-01-30,V
V260130P00322500,322.5,1.38,1.3,1.49,61.0,202.0,0.5036670727539063,False,PUT,2026-01-30,V
V260130P00325000,325.0,1.97,1.84,2.1,508.0,970.0,0.5004932763671875,False,PUT,2026-01-30,V
V260130P00327500,327.5,2.72,2.51,2.69,145.0,539.0,0.495122236328125,False,PUT,2026-01-30,V
V260130P00330000,330.0,3.71,3.6,3.85,801.0,1095.0,0.5034229345703125,False,PUT,2026-01-30,V
V260130P00332500,332.5,4.85,4.7,4.95,65.0,55.0,0.5102588037109376,False,PUT,2026-01-30,V
V260130P00335000,335.0,6.25,6.35,6.55,35.0,190.0,0.5249070947265625,True,PUT,2026-01-30,V
V260130P00337500,337.5,8.0,7.7,7.95,8.0,22.0,0.5065967309570312,True,PUT,2026-01-30,V
V260130P00340000,340.0,10.4,9.2,10.2,26.0,480.0,0.5236864038085938,True,PUT,2026-01-30,V
V260130P00342500,342.5,16.12,10.95,13.05,1.0,14.0,0.5783733569335938,True,PUT,2026-01-30,V
V260130P00345000,345.0,14.15,13.05,15.15,29.0,173.0,0.5979044116210939,True,PUT,2026-01-30,V
V260130P00347500,347.5,16.46,15.25,17.2,4.0,7.0,0.6086464916992189,True,PUT,2026-01-30,V
V260130P00350000,350.0,18.1,18.0,19.4,11.0,53.0,0.6669955175781253,True,PUT,2026-01-30,V
V260130P00352500,352.5,26.71,19.45,22.45,1.0,4.0,0.6816438085937502,True,PUT,2026-01-30,V
V260130P00355000,355.0,28.38,22.35,25.0,4.0,62.0,0.7817404638671875,True,PUT,2026-01-30,V
V260130P00360000,360.0,34.4,27.25,29.85,2.0,0.0,0.8686536572265625,True,PUT,2026-01-30,V
V260130P00362500,362.5,36.88,29.65,32.3,,0.0,0.905274384765625,True,PUT,2026-01-30,V
V260130P00365000,365.0,36.69,32.3,34.8,2.0,0.0,0.9741213525390625,True,PUT,2026-01-30,V
V260130P00370000,370.0,16.44,37.2,39.9,,0.0,1.0751999365234377,True,PUT,2026-01-30,V
V260130P00375000,375.0,48.78,42.2,44.75,2.0,0.0,1.154301103515625,True,PUT,2026-01-30,V
V260130P00380000,380.0,53.05,47.05,49.75,,0.0,1.2270546459960938,True,PUT,2026-01-30,V
V260206C00275000,275.0,52.48,55.6,58.3,,2.0,0.725588681640625,True,CALL,2026-02-06,V
V260206C00285000,285.0,40.25,45.7,48.45,,2.0,0.6394079028320312,True,CALL,2026-02-06,V
V260206C00290000,290.0,40.2,40.75,43.5,,1.0,0.5893595751953126,True,CALL,2026-02-06,V
V260206C00295000,295.0,35.45,35.8,38.5,,1.0,0.5310105493164063,True,CALL,2026-02-06,V
V260206C00300000,300.0,26.95,31.15,33.55,,8.0,0.4792532543945312,True,CALL,2026-02-06,V
V260206C00302500,302.5,28.0,28.75,31.2,1.0,0.0,0.467778759765625,True,CALL,2026-02-06,V
V260206C00305000,305.0,23.5,26.35,28.3,2.0,2.0,0.3881897119140625,True,CALL,2026-02-06,V
V260206C00310000,310.0,18.32,21.65,23.75,18.0,2.0,0.38086556640624997,True,CALL,2026-02-06,V
V260206C00315000,315.0,12.9,17.2,19.55,2.0,17.0,0.38233039550781245,True,CALL,2026-02-06,V
V260206C00317500,317.5,11.8,15.1,17.5,13.0,28.0,0.37756970092773434,True,CALL,2026-02-06,V
V260206C00320000,320.0,13.7,13.1,15.1,6.0,370.0,0.3458317370605468,True,CALL,2026-02-06,V
V260206C00322500,322.5,11.88,11.85,13.1,6.0,82.0,0.33570000244140624,True,CALL,2026-02-06,V
V260206C00325000,325.0,10.42,10.15,11.35,54.0,218.0,0.33386896606445315,True,CALL,2026-02-06,V
V260206C00327500,327.5,9.25,9.0,9.35,133.0,114.0,0.31287308227539057,True,CALL,2026-02-06,V
V260206C00330000,330.0,7.7,7.5,7.9,212.0,272.0,0.313483427734375,True,CALL,2026-02-06,V
V260206C00332500,332.5,6.25,6.2,6.4,86.0,81.0,0.3042672113037109,True,CALL,2026-02-06,V
V260206C00335000,335.0,5.15,4.9,5.2,244.0,137.0,0.30213100219726563,False,CALL,2026-02-06,V
V260206C00337500,337.5,3.94,4.05,4.2,33.0,87.0,0.30225307128906254,False,CALL,2026-02-06,V
V260206C00340000,340.0,3.14,3.0,3.25,262.0,812.0,0.2971261694335937,False,CALL,2026-02-06,V
V260206C00342500,342.5,2.34,2.4,2.53,72.0,38.0,0.29651582397460935,False,CALL,2026-02-06,V
V260206C00345000,345.0,1.83,1.66,2.02,197.0,226.0,0.3011544494628906,False,CALL,2026-02-06,V
V260206C00347500,347.5,1.33,1.3,1.5,21.0,33.0,0.29822479125976553,False,CALL,2026-02-06,V
V260206C00350000,350.0,0.99,0.91,1.07,289.0,409.0,0.2937082348632812,False,CALL,2026-02-06,V
V260206C00352500,352.5,0.71,0.66,0.79,35.0,9.0,0.2941965112304687,False,CALL,2026-02-06,V
V260206C00355000,355.0,0.55,0.46,0.62,75.0,658.0,0.3002999658203125,False,CALL,2026-02-06,V
V260206C00357500,357.5,0.39,0.04,0.43,20.0,17.0,0.2978585839843749,False,CALL,2026-02-06,V
V260206C00360000,360.0,0.27,0.25,0.32,170.0,237.0,0.3012765185546875,False,CALL,2026-02-06,V
V260206C00362500,362.5,0.16,0.11,0.28,2.0,15.0,0.3139717041015625,False,CALL,2026-02-06,V
V260206C00365000,365.0,0.16,0.06,0.19,35.0,64.0,0.31201859863281245,False,CALL,2026-02-06,V
V260206C00370000,370.0,0.02,0.0,0.44,2.0,101.0,0.4062559375,False,CALL,2026-02-06,V
V260206C00375000,375.0,0.04,0.0,0.47,5.0,215.0,0.45215391601562505,False,CALL,2026-02-06,V
V260206C00380000,380.0,0.71,0.0,2.13,10.0,44.0,0.5842326733398437,False,CALL,2026-02-06,V
V260206C00385000,385.0,0.11,0.0,0.19,1.0,11.0,0.4545952978515625,False,CALL,2026-02-06,V
V260206C00390000,390.0,0.94,0.0,2.13,,12.0,0.6682162084960939,False,CALL,2026-02-06,V
V260206C00400000,400.0,0.02,0.0,0.08,1.0,5.0,0.49219257812500006,False,CALL,2026-02-06,V
V260206C00425000,425.0,0.03,0.0,1.82,1.0,0.0,0.903321279296875,False,CALL,2026-02-06,V
V260206P00240000,240.0,0.01,0.0,2.13,,10.0,1.2407264526367183,False,PUT,2026-02-06,V
V260206P00260000,260.0,0.14,0.0,2.16,2.0,2.0,0.9863282617187501,False,PUT,2026-02-06,V
V260206P00265000,265.0,0.1,0.0,0.32,18.0,12.0,0.6640658593750002,False,PUT,2026-02-06,V
V260206P00270000,270.0,0.17,0.0,2.17,1.0,13.0,0.8627943408203125,False,PUT,2026-02-06,V
V260206P00275000,275.0,0.16,0.0,0.34,18.0,22.0,0.5732464550781251,False,PUT,2026-02-06,V
V260206P00280000,280.0,0.16,0.05,0.19,18.0,25.0,0.500005,False,PUT,2026-02-06,V
V260206P00285000,285.0,0.07,0.01,0.31,33.0,88.0,0.5283250292968751,False,PUT,2026-02-06,V
V260206P00290000,290.0,0.23,0.12,0.23,11.0,185.0,0.454107021484375,False,PUT,2026-02-06,V
V260206P00295000,295.0,0.25,0.15,0.35,54.0,125.0,0.437505625,False,PUT,2026-02-06,V
V260206P00297500,297.5,0.59,0.23,0.42,17.0,36.0,0.42676354492187507,False,PUT,2026-02-06,V
V260206P00300000,300.0,0.4,0.32,0.47,96.0,105.0,0.4101621484375,False,PUT,2026-02-06,V
V260206P00302500,302.5,0.56,0.38,0.61,24.0,15.0,0.4062559375,False,PUT,2026-02-06,V
V260206P00305000,305.0,0.63,0.47,0.62,84.0,241.0,0.38013315185546875,False,PUT,2026-02-06,V
V260206P00307500,307.5,0.74,0.6,0.79,18.0,239.0,0.37402969726562496,False,PUT,2026-02-06,V
V260206P00310000,310.0,0.83,0.75,0.88,186.0,432.0,0.3549869189453124,False,PUT,2026-02-06,V
V260206P00312500,312.5,1.15,0.97,1.2,45.0,165.0,0.3562076098632812,False,PUT,2026-02-06,V
V260206P00315000,315.0,1.39,1.13,1.54,92.0,122.0,0.352545537109375,False,PUT,2026-02-06,V
V260206P00317500,317.5,1.79,1.58,1.93,70.0,76.0,0.34680828979492184,False,PUT,2026-02-06,V
V260206P00320000,320.0,2.27,2.1,2.32,345.0,562.0,0.3358220715332031,False,PUT,2026-02-06,V
V260206P00322500,322.5,2.9,2.7,2.95,44.0,176.0,0.33411310424804685,False,PUT,2026-02-06,V
V260206P00325000,325.0,3.55,3.45,3.8,104.0,288.0,0.33777517700195314,False,PUT,2026-02-06,V
V260206P00327500,327.5,4.8,4.2,4.65,147.0,65.0,0.3342962078857422,False,PUT,2026-02-06,V
V260206P00330000,330.0,5.4,5.3,5.6,60.0,467.0,0.32923034057617184,False,PUT,2026-02-06,V
V260206P00332500,332.5,7.04,6.45,6.75,52.0,7.0,0.32697206237792964,False,PUT,2026-02-06,V
V260206P00335000,335.0,8.32,7.7,8.3,9.0,280.0,0.33704276245117193,True,PUT,2026-02-06,V
V260206P00337500,337.5,9.4,9.2,9.7,11.0,3.0,0.33313655151367194,True,PUT,2026-02-06,V
V260206P00340000,340.0,11.55,10.35,11.8,19.0,171.0,0.35816071533203125,True,PUT,2026-02-06,V
V260206P00342500,342.5,14.64,12.05,13.45,2.0,4.0,0.35474278076171867,True,PUT,2026-02-06,V
V260206P00345000,345.0,18.72,13.9,16.15,5.0,53.0,0.40430283203125,True,PUT,2026-02-06,V
V260206P00347500,347.5,22.28,15.9,18.3,1.0,1.0,0.42102629760742194,True,PUT,2026-02-06,V
V260206P00350000,350.0,23.9,18.0,20.45,1.0,49.0,0.43457596679687505,True,PUT,2026-02-06,V
V260206P00352500,352.5,26.8,20.2,22.7,1.0,1.0,0.4515435705566406,True,PUT,2026-02-06,V
V260206P00355000,355.0,29.4,22.65,25.05,1.0,28.0,0.47290566162109376,True,PUT,2026-02-06,V
V260206P00360000,360.0,34.66,27.35,29.9,1.0,2.0,0.5219774365234374,True,PUT,2026-02-06,V
V260206P00365000,365.0,12.16,32.05,34.8,,0.0,0.5705609350585938,True,PUT,2026-02-06,V
V260206P00370000,370.0,43.72,37.1,39.75,2.0,0.0,0.6201209863281252,True,PUT,2026-02-06,V
V260213C00260000,260.0,66.78,70.65,73.5,1.0,5.0,0.7087431469726562,True,CALL,2026-02-13,V
V260213C00285000,285.0,43.55,45.9,48.5,,1.0,0.4858449853515625,True,CALL,2026-02-13,V
V260213C00290000,290.0,64.05,41.05,43.15,,0.0,0.39600213378906257,True,CALL,2026-02-13,V
V260213C00300000,300.0,29.82,31.25,33.75,3.0,2.0,0.37793590820312495,True,CALL,2026-02-13,V
V260213C00310000,310.0,18.3,21.95,24.35,2.0,5.0,0.3266668896484375,True,CALL,2026-02-13,V
V260213C00315000,315.0,18.0,17.6,20.25,2.0,23.0,0.32398136962890617,True,CALL,2026-02-13,V
V260213C00320000,320.0,15.32,14.65,16.0,8.0,128.0,0.3004220349121094,True,CALL,2026-02-13,V
V260213C00325000,325.0,11.15,11.45,12.25,6.0,95.0,0.28613995117187496,True,CALL,2026-02-13,V
V260213C00330000,330.0,8.65,8.35,8.95,25.0,220.0,0.273444765625,True,CALL,2026-02-13,V
V260213C00335000,335.0,6.1,5.7,6.05,46.0,93.0,0.25739268005371096,False,CALL,2026-02-13,V
V260213C00340000,340.0,3.6,3.6,4.1,56.0,100.0,0.25617198913574224,False,CALL,2026-02-13,V
V260213C00345000,345.0,2.18,1.72,2.78,175.0,344.0,0.2606275109863281,False,CALL,2026-02-13,V
V260213C00350000,350.0,1.37,1.24,1.72,21.0,81.0,0.2585523364257813,False,CALL,2026-02-13,V
V260213C00355000,355.0,0.78,0.8,1.05,3.0,127.0,0.2594068200683594,False,CALL,2026-02-13,V
V260213C00360000,360.0,0.54,0.24,0.77,296.0,1019.0,0.27466545654296876,False,CALL,2026-02-13,V
V260213C00365000,365.0,0.31,0.0,0.58,13.0,44.0,0.29004616210937495,False,CALL,2026-02-13,V
V260213C00370000,370.0,0.4,0.0,0.28,1.0,38.0,0.2797923583984374,False,CALL,2026-02-13,V
V260213C00375000,375.0,0.17,0.0,0.7,1.0,51.0,0.3679262426757813,False,CALL,2026-02-13,V
V260213C00380000,380.0,0.2,0.0,1.71,1.0,5.0,0.49341326904296884,False,CALL,2026-02-13,V
V260213C00385000,385.0,0.52,0.0,2.15,,1.0,0.5612836840820312,False,CALL,2026-02-13,V
V260213C00390000,390.0,0.52,0.0,1.8,5.0,4.0,0.56836369140625,False,CALL,2026-02-13,V
V260213P00250000,250.0,0.22,0.0,1.35,17.0,18.0,0.762697685546875,False,PUT,2026-02-13,V
V260213P00260000,260.0,0.17,0.0,0.75,,1.0,0.6074258007812501,False,PUT,2026-02-13,V
V260213P00265000,265.0,1.5,0.0,1.4,4.0,6.0,0.6342810009765626,False,PUT,2026-02-13,V
V260213P00270000,270.0,0.53,0.0,1.6,2.0,7.0,0.6069375244140626,False,PUT,2026-02-13,V
V260213P00275000,275.0,0.45,0.0,0.42,11.0,61.0,0.4975636181640626,False,PUT,2026-02-13,V
V260213P00280000,280.0,0.24,0.01,0.44,20.0,91.0,0.46143116699218756,False,PUT,2026-02-13,V
V260213P00290000,290.0,0.37,0.32,0.44,19.0,729.0,0.38233039550781245,False,PUT,2026-02-13,V
V260213P00295000,295.0,0.54,0.42,0.54,3.0,912.0,0.35742830078125,False,PUT,2026-02-13,V
V260213P00300000,300.0,0.76,0.7,0.97,13.0,183.0,0.3635317553710938,False,PUT,2026-02-13,V
V260213P00305000,305.0,1.1,0.94,1.21,9.0,1328.0,0.33875172973632806,False,PUT,2026-02-13,V
V260213P00310000,310.0,1.62,1.35,1.62,7.0,179.0,0.3198310205078124,False,PUT,2026-02-13,V
V260213P00315000,315.0,2.4,1.97,2.61,18.0,152.0,0.323126885986328,False,PUT,2026-02-13,V
V260213P00320000,320.0,3.68,2.97,4.0,3.0,278.0,0.3276434423828125,False,PUT,2026-02-13,V
V260213P00325000,325.0,5.15,4.35,5.0,11.0,120.0,0.30072720764160155,False,PUT,2026-02-13,V
V260213P00330000,330.0,9.35,6.25,6.9,3.0,118.0,0.294379614868164,False,PUT,2026-02-13,V
V260213P00335000,335.0,10.53,8.65,9.85,2.0,41.0,0.30884480224609373,True,PUT,2026-02-13,V
V260213P00340000,340.0,13.2,11.25,12.75,3.0,36.0,0.3048165222167969,True,PUT,2026-02-13,V
V260213P00345000,345.0,20.45,14.7,17.3,1.0,15.0,0.35016518981933586,True,PUT,2026-02-13,V
V260213P00350000,350.0,25.47,18.6,21.35,3.0,24.0,0.36646141357421874,True,PUT,2026-02-13,V
V260213P00355000,355.0,31.51,23.0,25.7,2.0,6.0,0.3869690209960937,True,PUT,2026-02-13,V
V260220C00240000,240.0,88.08,90.6,93.4,1.0,2.0,0.7307155834960937,True,CALL,2026-02-20,V
V260220C00245000,245.0,101.44,85.6,88.35,,5.0,0.6831086376953126,True,CALL,2026-02-20,V
V260220C00250000,250.0,98.32,80.65,83.55,,1.0,0.6752962158203126,True,CALL,2026-02-20,V
V260220C00260000,260.0,94.35,73.4,74.5,1.0,7.0,0.6450230810546875,True,CALL,2026-02-20,V
V260220C00265000,265.0,60.15,65.7,68.75,28.0,19.0,0.5832561206054687,True,CALL,2026-02-20,V
V260220C00270000,270.0,74.04,0.0,87.85,4.0,2.0,1.691590897521973,True,CALL,2026-02-20,V
V260220C00275000,275.0,59.75,0.0,82.9,1.0,1.0,1.61877632019043,True,CALL,2026-02-20,V
V260220C00280000,280.0,60.5,50.95,53.5,1.0,11.0,0.44165597412109375,True,CALL,2026-02-20,V
V260220C00285000,285.0,41.15,46.05,48.55,13.0,15.0,0.4101621484375,True,CALL,2026-02-20,V
V260220C00290000,290.0,40.9,41.25,43.75,1.0,70.0,0.39124143920898435,True,CALL,2026-02-20,V
V260220C00295000,295.0,36.6,36.4,38.8,1.0,20.0,0.35718416259765623,True,CALL,2026-02-20,V
V260220C00300000,300.0,32.16,32.7,34.1,7.0,139.0,0.33960621337890623,True,CALL,2026-02-20,V
V260220C00305000,305.0,25.1,27.1,29.4,25.0,66.0,0.3171455004882812,True,CALL,2026-02-20,V
V260220C00310000,310.0,23.75,22.75,25.15,7.0,252.0,0.311957564086914,True,CALL,2026-02-20,V
V260220C00315000,315.0,20.0,19.0,20.75,17.0,28.0,0.2910227148437499,True,CALL,2026-02-20,V
V260220C00317500,317.5,13.65,16.65,18.7,,6.0,0.28375960388183585,True,CALL,2026-02-20,V
V260220C00320000,320.0,15.87,15.15,17.0,45.0,456.0,0.2866892620849609,True,CALL,2026-02-20,V
V260220C00322500,322.5,13.55,13.1,14.85,7.0,21.0,0.27094234924316407,True,CALL,2026-02-20,V
V260220C00325000,325.0,12.7,12.4,13.1,44.0,901.0,0.2662426892089844,True,CALL,2026-02-20,V
V260220C00327500,327.5,10.15,10.95,11.65,29.0,93.0,0.2678906219482422,True,CALL,2026-02-20,V
V260220C00330000,330.0,9.74,9.5,10.0,449.0,4487.0,0.2600171655273438,True,CALL,2026-02-20,V
V260220C00332500,332.5,8.25,8.1,8.35,31.0,35.0,0.24890887817382812,True,CALL,2026-02-20,V
V260220C00335000,335.0,6.98,6.85,7.1,580.0,1266.0,0.24634542724609376,False,CALL,2026-02-20,V
V260220C00337500,337.5,6.0,5.8,6.0,10.0,206.0,0.24469749450683598,False,CALL,2026-02-20,V
V260220C00340000,340.0,5.0,4.85,5.05,139.0,2919.0,0.24402611450195313,False,CALL,2026-02-20,V
V260220C00342500,342.5,4.0,3.9,4.15,12.0,36.0,0.24127955993652345,False,CALL,2026-02-20,V
V260220C00345000,345.0,3.37,3.1,3.45,398.0,1289.0,0.24158473266601563,False,CALL,2026-02-20,V
V260220C00347500,347.5,2.44,2.5,2.78,1.0,41.0,0.2393264544677734,False,CALL,2026-02-20,V
V260220C00350000,350.0,2.13,2.05,2.2,132.0,3731.0,0.2366409344482422,False,CALL,2026-02-20,V
V260220C00352500,352.5,1.24,1.11,1.83,33.0,352.0,0.2395095581054687,False,CALL,2026-02-20,V
V260220C00355000,355.0,1.33,1.25,1.44,418.0,1647.0,0.2381667980957031,False,CALL,2026-02-20,V
V260220C00360000,360.0,0.75,0.69,0.92,49.0,1465.0,0.23975369628906246,False,CALL,2026-02-20,V
V260220C00365000,365.0,0.5,0.47,0.56,21.0,1383.0,0.2401199035644531,False,CALL,2026-02-20,V
V260220C00370000,370.0,0.37,0.29,0.4,55.0,1489.0,0.24927508544921873,False,CALL,2026-02-20,V
V260220C00375000,375.0,0.27,0.2,0.29,13.0,781.0,0.2585523364257813,False,CALL,2026-02-20,V
V260220C00380000,380.0,0.25,0.07,0.24,1.0,607.0,0.27295648925781246,False,CALL,2026-02-20,V
V260220C00385000,385.0,0.15,0.05,0.19,8.0,322.0,0.2841868457031249,False,CALL,2026-02-20,V
V260220C00390000,390.0,0.15,0.03,0.18,6.0,1151.0,0.30274134765625,False,CALL,2026-02-20,V
V260220C00395000,395.0,0.05,0.05,0.7,1.0,606.0,0.4062559375,False,CALL,2026-02-20,V
V260220C00400000,400.0,0.04,0.03,0.15,8.0,1707.0,0.33399103515625,False,CALL,2026-02-20,V
V260220C00405000,405.0,0.12,0.02,0.27,17.0,555.0,0.3845276391601562,False,CALL,2026-02-20,V
V260220C00410000,410.0,0.07,0.02,0.1,2.0,213.0,0.352545537109375,False,CALL,2026-02-20,V
V260220C00415000,415.0,0.19,0.0,0.86,4.0,4.0,0.5158739819335938,False,CALL,2026-02-20,V
V260220C00420000,420.0,0.04,0.0,1.05,3.0,39.0,0.5590864404296876,False,CALL,2026-02-20,V
V260220C00425000,425.0,0.13,0.0,1.23,2.0,3.0,0.5261277856445312,False,CALL,2026-02-20,V
V260220C00430000,430.0,0.08,0.0,1.02,1.0,58.0,0.5293015820312501,False,CALL,2026-02-20,V
V260220P00240000,240.0,0.09,0.04,0.2,11.0,676.0,0.5507857421875001,False,PUT,2026-02-20,V
V260220P00245000,245.0,0.18,0.0,0.84,16.0,21.0,0.6215858154296876,False,PUT,2026-02-20,V
V260220P00250000,250.0,0.2,0.0,0.4,2.0,67.0,0.523442265625,False,PUT,2026-02-20,V
V260220P00255000,255.0,0.18,0.01,0.35,12.0,29.0,0.5346726220703125,False,PUT,2026-02-20,V
V260220P00260000,260.0,0.12,0.09,0.21,1.0,142.0,0.4633842724609375,False,PUT,2026-02-20,V
V260220P00265000,265.0,0.14,0.09,0.21,4.0,39.0,0.43164630859375,False,PUT,2026-02-20,V
V260220P00270000,270.0,0.24,0.16,0.3,5.0,379.0,0.42383388671875,False,PUT,2026-02-20,V
V260220P00275000,275.0,0.39,0.19,0.75,15.0,78.0,0.4633842724609375,False,PUT,2026-02-20,V
V260220P00280000,280.0,0.35,0.16,0.4,16.0,471.0,0.37842418457031246,False,PUT,2026-02-20,V
V260220P00285000,285.0,0.46,0.4,0.52,14.0,218.0,0.3632876171875,False,PUT,2026-02-20,V
V260220P00290000,290.0,0.55,0.55,0.62,16.0,691.0,0.3415593188476562,False,PUT,2026-02-20,V
V260220P00295000,295.0,0.84,0.72,0.87,42.0,290.0,0.3315496533203125,False,PUT,2026-02-20,V
V260220P00300000,300.0,1.12,1.01,1.17,354.0,1841.0,0.31836619140624994,False,PUT,2026-02-20,V
V260220P00305000,305.0,1.5,1.41,1.59,72.0,1649.0,0.3062813513183594,False,PUT,2026-02-20,V
V260220P00310000,310.0,2.0,1.96,2.22,70.0,1515.0,0.2973703076171874,False,PUT,2026-02-20,V
V260220P00315000,315.0,3.05,2.75,3.2,33.0,1103.0,0.2940134075927734,False,PUT,2026-02-20,V
V260220P00317500,317.5,3.63,3.15,3.65,15.0,35.0,0.286567192993164,False,PUT,2026-02-20,V
V260220P00320000,320.0,4.1,3.85,4.3,47.0,2059.0,0.28400374206542955,False,PUT,2026-02-20,V
V260220P00322500,322.5,7.05,4.4,5.05,18.0,86.0,0.28186753295898437,False,PUT,2026-02-20,V
V260220P00325000,325.0,5.95,5.2,5.7,100.0,1767.0,0.273444765625,False,PUT,2026-02-20,V
V260220P00327500,327.5,6.65,6.05,6.8,9.0,95.0,0.27637442382812494,False,PUT,2026-02-20,V
V260220P00330000,330.0,7.4,7.3,7.45,473.0,2365.0,0.2622144091796875,False,PUT,2026-02-20,V
V260220P00332500,332.5,8.9,8.45,8.65,122.0,289.0,0.2616040637207031,False,PUT,2026-02-20,V
V260220P00335000,335.0,10.62,9.45,10.45,62.0,847.0,0.2756420092773437,True,PUT,2026-02-20,V
V260220P00340000,340.0,13.62,12.3,13.2,41.0,1772.0,0.2683788983154296,True,PUT,2026-02-20,V
V260220P00345000,345.0,16.6,15.45,17.1,6.0,736.0,0.2853465020751953,True,PUT,2026-02-20,V
V260220P00350000,350.0,25.75,19.25,21.85,70.0,711.0,0.32367619689941396,True,PUT,2026-02-20,V
V260220P00355000,355.0,29.45,23.45,26.1,4.0,1048.0,0.3385686260986328,True,PUT,2026-02-20,V
V260220P00360000,360.0,29.2,28.0,30.55,9.0,541.0,0.35535312622070303,True,PUT,2026-02-20,V
V260220P00365000,365.0,40.82,32.8,35.3,4.0,234.0,0.3807434973144531,True,PUT,2026-02-20,V
V260220P00370000,370.0,21.65,37.4,40.25,2.0,48.0,0.41296973754882804,True,PUT,2026-02-20,V
V260220P00375000,375.0,23.7,41.85,45.05,70.0,0.0,0.43604079589843747,True,PUT,2026-02-20,V
V260220P00380000,380.0,25.65,46.75,50.0,2.0,0.0,0.4650932397460938,True,PUT,2026-02-20,V
V260220P00385000,385.0,43.12,28.75,0.0,,0.0,1.0000000000000003e-05,True,PUT,2026-02-20,V
V260220P00390000,390.0,52.7,33.45,36.45,1.0,0.0,1.0000000000000003e-05,True,PUT,2026-02-20,V
V260220P00400000,400.0,60.05,55.75,58.95,,2.0,1.0000000000000003e-05,True,PUT,2026-02-20,V
V260227C00260000,260.0,64.8,70.75,74.15,,5.0,0.5831340515136718,True,CALL,2026-02-27,V
V260227C00275000,275.0,50.7,55.9,59.15,,0.0,0.47559118164062497,True,CALL,2026-02-27,V
V260227C00295000,295.0,31.45,36.65,39.3,,1.0,0.3442448388671875,True,CALL,2026-02-27,V
V260227C00300000,300.0,29.16,32.0,34.7,1.0,2.0,0.32947447875976554,True,CALL,2026-02-27,V
V260227C00305000,305.0,23.85,27.5,30.05,,6.0,0.30811238769531246,True,CALL,2026-02-27,V
V260227C00310000,310.0,23.84,23.15,25.75,2.0,5.0,0.29682099670410156,True,CALL,2026-02-27,V
V260227C00315000,315.0,18.2,19.75,21.55,2.0,2.0,0.2825999475097656,True,CALL,2026-02-27,V
V260227C00320000,320.0,15.73,15.8,17.6,3.0,24.0,0.2694164855957031,True,CALL,2026-02-27,V
V260227C00325000,325.0,13.25,13.15,14.15,54.0,62.0,0.26258061645507813,True,CALL,2026-02-27,V
V260227C00330000,330.0,10.4,10.1,10.6,85.0,83.0,0.24359887268066405,True,CALL,2026-02-27,V
V260227C00335000,335.0,7.89,7.55,8.05,68.0,58.0,0.24073024902343748,False,CALL,2026-02-27,V
V260227C00340000,340.0,5.75,5.5,6.05,23.0,481.0,0.24115749084472654,False,CALL,2026-02-27,V
V260227C00345000,345.0,3.91,3.75,4.35,10.0,129.0,0.2387771435546875,False,CALL,2026-02-27,V
V260227C00350000,350.0,2.64,2.59,3.0,31.0,460.0,0.2355423126220703,False,CALL,2026-02-27,V
V260227C00355000,355.0,1.92,1.76,2.06,38.0,217.0,0.2352371398925781,False,CALL,2026-02-27,V
V260227C00360000,360.0,1.31,1.13,1.42,11.0,66.0,0.23706817626953125,False,CALL,2026-02-27,V
V260227C00365000,365.0,0.8,0.74,0.98,6.0,15.0,0.2399978344726562,False,CALL,2026-02-27,V
V260227C00370000,370.0,0.53,0.39,0.63,142.0,34.0,0.23975369628906246,False,CALL,2026-02-27,V
V260227C00375000,375.0,2.56,0.25,0.6,,5.0,0.2600171655273438,False,CALL,2026-02-27,V
V260227C00380000,380.0,0.27,0.12,0.48,5.0,14.0,0.2701489001464844,False,CALL,2026-02-27,V
V260227C00385000,385.0,0.19,0.01,0.89,2.0,2.0,0.3298406860351562,False,CALL,2026-02-27,V
V260227C00390000,390.0,0.19,0.03,0.35,30.0,1.0,0.29444064941406245,False,CALL,2026-02-27,V
V260227C00395000,395.0,0.16,0.0,0.16,7.0,32.0,0.278327529296875,False,CALL,2026-02-27,V
V260227C00410000,410.0,0.19,0.0,2.18,1.0,1.0,0.5311326184082032,False,CALL,2026-02-27,V
V260227C00420000,420.0,0.11,0.0,2.15,,0.0,0.5730023168945313,False,CALL,2026-02-27,V
V260227P00245000,245.0,1.07,0.0,1.2,,3.0,0.5778850805664062,False,PUT,2026-02-27,V
V260227P00250000,250.0,0.16,0.0,2.24,1.0,12.0,0.6145058081054688,False,PUT,2026-02-27,V
V260227P00260000,260.0,0.8,0.0,0.33,,1.0,0.43457596679687505,False,PUT,2026-02-27,V
V260227P00265000,265.0,0.62,0.0,1.2,1.0,4.0,0.5178270874023438,False,PUT,2026-02-27,V
V260227P00270000,270.0,0.37,0.01,0.75,6.0,2.0,0.437505625,False,PUT,2026-02-27,V
V260227P00275000,275.0,1.25,0.01,0.75,,1.0,0.4057676611328125,False,PUT,2026-02-27,V
V260227P00285000,285.0,0.86,0.25,1.0,1.0,28.0,0.3654848608398438,False,PUT,2026-02-27,V
V260227P00290000,290.0,0.85,0.67,0.9,4.0,58.0,0.32471378417968744,False,PUT,2026-02-27,V
V260227P00295000,295.0,1.15,0.83,1.22,6.0,36.0,0.3156806713867187,False,PUT,2026-02-27,V
V260227P00300000,300.0,1.35,1.16,1.58,25.0,126.0,0.30322962402343745,False,PUT,2026-02-27,V
V260227P00305000,305.0,2.23,1.68,2.2,4.0,58.0,0.2978585839843749,False,PUT,2026-02-27,V
V260227P00310000,310.0,2.85,2.25,2.98,14.0,518.0,0.2912058184814452,False,PUT,2026-02-27,V
V260227P00315000,315.0,3.9,3.2,3.9,5.0,74.0,0.281684429321289,False,PUT,2026-02-27,V
V260227P00320000,320.0,5.1,4.4,4.8,12.0,182.0,0.264106480102539,False,PUT,2026-02-27,V
V260227P00325000,325.0,6.29,6.05,6.5,7.0,139.0,0.26190923645019537,False,PUT,2026-02-27,V
V260227P00330000,330.0,8.14,8.0,8.25,7.0,32.0,0.25086198364257806,False,PUT,2026-02-27,V
V260227P00335000,335.0,11.5,10.15,11.2,2.0,15.0,0.2611157873535156,True,PUT,2026-02-27,V
V260227P00340000,340.0,18.27,12.85,14.5,1.0,30.0,0.27042355560302733,True,PUT,2026-02-27,V
V260227P00345000,345.0,23.0,16.4,17.85,,1.0,0.27173579833984374,True,PUT,2026-02-27,V
V260227P00350000,350.0,25.32,20.1,21.6,1.0,20.0,0.27558097473144527,True,PUT,2026-02-27,V
V260227P00355000,355.0,29.3,24.3,26.55,2.0,10.0,0.31165239135742184,True,PUT,2026-02-27,V
V260227P00360000,360.0,32.9,28.35,30.9,,1.0,0.32404240417480457,True,PUT,2026-02-27,V
V260227P00380000,380.0,38.73,46.85,50.05,,0.0,0.409612837524414,True,PUT,2026-02-27,V
V260306C00240000,240.0,86.55,90.65,93.95,2.0,,0.6398961791992188,True,CALL,2026-03-06,V
V260306C00275000,275.0,52.75,56.15,59.0,4.0,2.0,0.41760836303710935,True,CALL,2026-03-06,V
V260306C00300000,300.0,29.84,32.6,35.25,2.0,1.0,0.3205634350585937,True,CALL,2026-03-06,V
V260306C00305000,305.0,25.75,28.2,30.75,1.0,2.0,0.3042672113037109,True,CALL,2026-03-06,V
V260306C00320000,320.0,18.3,17.25,18.7,2.0,14.0,0.2722851092529296,True,CALL,2026-03-06,V
V260306C00325000,325.0,14.36,14.05,15.25,6.0,9.0,0.263953893737793,True,CALL,2026-03-06,V
V260306C00330000,330.0,10.81,10.25,11.85,19.0,9.0,0.2492140509033203,True,CALL,2026-03-06,V
V260306C00335000,335.0,8.9,7.75,9.0,10.0,230.0,0.23926541992187497,False,CALL,2026-03-06,V
V260306C00340000,340.0,6.45,6.2,6.95,42.0,32.0,0.23923490264892577,False,CALL,2026-03-06,V
V260306C00345000,345.0,4.9,4.65,5.15,420.0,6.0,0.2362136926269531,False,CALL,2026-03-06,V
V260306C00350000,350.0,3.16,2.8,3.75,16.0,15.0,0.23450472534179687,False,CALL,2026-03-06,V
V260306C00355000,355.0,1.8,1.48,2.67,1.0,4.0,0.23316196533203126,False,CALL,2026-03-06,V
V260306P00270000,270.0,0.52,0.2,0.6,1.0,2.0,0.37720349365234374,False,PUT,2026-03-06,V
V260306P00290000,290.0,1.11,0.88,1.77,3.0,5.0,0.34717449707031245,False,PUT,2026-03-06,V
V260306P00295000,295.0,1.9,1.16,1.87,30.0,2.0,0.31995308959960933,False,PUT,2026-03-06,V
V260306P00300000,300.0,1.75,1.75,2.08,29.0,12.0,0.29688203124999996,False,PUT,2026-03-06,V
V260306P00305000,305.0,3.05,2.07,2.69,5.0,6.0,0.28784891845703114,False,PUT,2026-03-06,V
V260306P00310000,310.0,4.4,2.88,3.55,10.0,4.0,0.281684429321289,False,PUT,2026-03-06,V
V260306P00315000,315.0,4.15,3.75,4.75,2.0,39.0,0.27912097839355465,False,PUT,2026-03-06,V
V260306P00320000,320.0,5.75,5.0,5.6,7.0,22.0,0.2595899237060547,False,PUT,2026-03-06,V
V260306P00325000,325.0,9.8,6.75,7.0,3.0,14.0,0.2483595672607422,False,PUT,2026-03-06,V
V260306P00330000,330.0,11.24,8.65,9.3,1.0,4.0,0.2510450872802734,False,PUT,2026-03-06,V
V260306P00335000,335.0,14.83,10.85,11.9,3.0,4.0,0.25171646728515623,True,PUT,2026-03-06,V
V260306P00340000,340.0,15.05,13.6,15.4,3.0,2.0,0.26538820556640624,True,PUT,2026-03-06,V
V260306P00345000,345.0,21.4,17.05,18.6,6.0,6.0,0.2639844110107422,True,PUT,2026-03-06,V
V260306P00350000,350.0,25.51,20.7,22.15,1.0,2.0,0.2636182037353516,True,PUT,2026-03-06,V
V260306P00365000,365.0,39.25,33.05,35.7,2.0,0.0,0.31439894592285156,True,PUT,2026-03-06,V
V260320C00240000,240.0,87.75,91.3,93.9,2.0,36.0,0.5405319384765627,True,CALL,2026-03-20,V
V260320C00250000,250.0,78.8,81.4,84.1,1.0,14.0,0.4997608618164063,True,CALL,2026-03-20,V
V260320C00255000,255.0,70.95,76.5,79.2,,5.0,0.47864290893554684,True,CALL,2026-03-20,V
V260320C00260000,260.0,68.0,71.6,74.25,3.0,17.0,0.45386288330078123,True,CALL,2026-03-20,V
V260320C00265000,265.0,61.36,66.75,69.25,28.0,22.0,0.42578699218750005,True,CALL,2026-03-20,V
V260320C00270000,270.0,63.1,61.85,64.55,4.0,27.0,0.41528905029296875,True,CALL,2026-03-20,V
V260320C00275000,275.0,53.75,57.2,59.55,1.0,16.0,0.3869690209960937,True,CALL,2026-03-20,V
V260320C00280000,280.0,51.5,52.45,54.7,1.0,58.0,0.366217275390625,True,CALL,2026-03-20,V
V260320C00285000,285.0,43.81,47.7,49.95,30.0,21.0,0.34906656799316405,True,CALL,2026-03-20,V
V260320C00290000,290.0,39.85,43.1,45.5,2.0,33.0,0.3421696643066406,True,CALL,2026-03-20,V
V260320C00295000,295.0,39.05,38.5,40.95,1.0,41.0,0.32794861511230466,True,CALL,2026-03-20,V
V260320C00300000,300.0,34.42,34.1,36.5,1.0,96.0,0.31439894592285156,True,CALL,2026-03-20,V
V260320C00305000,305.0,30.8,30.05,31.8,8.0,100.0,0.29077857666015616,True,CALL,2026-03-20,V
V260320C00310000,310.0,26.7,26.1,27.8,9.0,486.0,0.28400374206542955,True,CALL,2026-03-20,V
V260320C00315000,315.0,23.1,22.3,23.8,46.0,97.0,0.2725292474365234,True,CALL,2026-03-20,V
V260320C00320000,320.0,18.81,18.4,20.35,12.0,359.0,0.26892820922851557,True,CALL,2026-03-20,V
V260320C00325000,325.0,16.2,16.3,16.85,86.0,1973.0,0.25858285369873046,True,CALL,2026-03-20,V
V260320C00330000,330.0,13.57,13.25,13.75,122.0,1362.0,0.2509230181884765,True,CALL,2026-03-20,V
V260320C00335000,335.0,10.7,10.45,11.0,111.0,737.0,0.24414818359375,False,CALL,2026-03-20,V
V260320C00340000,340.0,8.55,8.3,8.7,123.0,3737.0,0.23993679992675776,False,CALL,2026-03-20,V
V260320C00345000,345.0,6.4,6.25,6.8,1076.0,2756.0,0.23731231445312498,False,CALL,2026-03-20,V
V260320C00350000,350.0,5.0,4.7,5.05,193.0,2883.0,0.2309647216796875,False,CALL,2026-03-20,V
V260320C00355000,355.0,3.55,3.45,3.75,58.0,1101.0,0.2280350634765625,False,CALL,2026-03-20,V
V260320C00360000,360.0,2.55,2.59,2.75,61.0,1156.0,0.22614299255371095,False,CALL,2026-03-20,V
V260320C00365000,365.0,1.94,1.73,2.03,136.0,1299.0,0.22632609619140626,False,CALL,2026-03-20,V
V260320C00370000,370.0,1.33,1.23,1.53,89.0,5402.0,0.2287064434814453,False,CALL,2026-03-20,V
V260320C00375000,375.0,1.04,0.95,1.13,11.0,933.0,0.23023230712890624,False,CALL,2026-03-20,V
V260320C00380000,380.0,0.59,0.65,0.88,15.0,3256.0,0.2348709326171875,False,CALL,2026-03-20,V
V260320C00385000,385.0,0.89,0.29,0.72,1.0,348.0,0.24182887084960938,False,CALL,2026-03-20,V
V260320C00390000,390.0,0.29,0.04,0.49,2.0,1641.0,0.23975369628906246,False,CALL,2026-03-20,V
V260320C00395000,395.0,0.25,0.19,0.68,2.0,579.0,0.2712475219726562,False,CALL,2026-03-20,V
V260320C00400000,400.0,0.25,0.01,0.46,15.0,888.0,0.26709717285156254,False,CALL,2026-03-20,V
V260320C00405000,405.0,0.36,0.0,0.4,7.0,393.0,0.2749095947265625,False,CALL,2026-03-20,V
V260320C00410000,410.0,0.29,0.0,0.58,1.0,168.0,0.3078682495117187,False,CALL,2026-03-20,V
V260320C00415000,415.0,0.28,0.0,0.55,1.0,48.0,0.31909860595703116,False,CALL,2026-03-20,V
V260320C00420000,420.0,0.36,0.0,0.54,34.0,138.0,0.3320379296875,False,CALL,2026-03-20,V
V260320C00425000,425.0,0.24,0.01,0.92,4.0,45.0,0.3802552209472656,False,CALL,2026-03-20,V
V260320C00430000,430.0,0.3,0.0,0.48,1.0,268.0,0.35205726074218746,False,CALL,2026-03-20,V
V260320P00240000,240.0,0.32,0.15,0.51,8.0,137.0,0.4558159887695313,False,PUT,2026-03-20,V
V260320P00250000,250.0,0.37,0.04,0.6,1.0,287.0,0.4182187084960937,False,PUT,2026-03-20,V
V260320P00255000,255.0,0.48,0.1,0.75,1.0,38.0,0.4101621484375,False,PUT,2026-03-20,V
V260320P00260000,260.0,0.56,0.18,0.8,2.0,648.0,0.38977661010742193,False,PUT,2026-03-20,V
V260320P00265000,265.0,0.6,0.51,0.68,14.0,115.0,0.3532779516601562,False,PUT,2026-03-20,V
V260320P00270000,270.0,0.8,0.63,0.8,1.0,533.0,0.3398503515625,False,PUT,2026-03-20,V
V260320P00275000,275.0,1.0,0.82,0.91,17.0,308.0,0.32398136962890617,False,PUT,2026-03-20,V
V260320P00280000,280.0,1.15,0.97,1.12,31.0,793.0,0.313483427734375,False,PUT,2026-03-20,V
V260320P00285000,285.0,1.45,1.27,1.49,102.0,250.0,0.3089668713378906,False,PUT,2026-03-20,V
V260320P00290000,290.0,1.65,1.6,1.7,30.0,1496.0,0.2924875439453124,False,PUT,2026-03-20,V
V260320P00295000,295.0,2.2,2.01,2.43,236.0,541.0,0.29529513305664057,False,PUT,2026-03-20,V
V260320P00300000,300.0,2.7,2.51,2.8,87.0,1836.0,0.2791820129394531,False,PUT,2026-03-20,V
V260320P00305000,305.0,3.3,3.2,3.55,37.0,1607.0,0.2722851092529296,False,PUT,2026-03-20,V
V260320P00310000,310.0,4.5,4.0,4.7,57.0,1664.0,0.27152217742919915,False,PUT,2026-03-20,V
V260320P00315000,315.0,5.8,5.15,6.15,34.0,1696.0,0.2719494192504882,False,PUT,2026-03-20,V
V260320P00320000,320.0,7.44,6.55,7.65,37.0,1194.0,0.2672802764892578,False,PUT,2026-03-20,V
V260320P00325000,325.0,8.45,8.2,8.55,26.0,1696.0,0.24439232177734377,False,PUT,2026-03-20,V
V260320P00330000,330.0,10.43,10.0,10.75,49.0,1220.0,0.24332421722412106,False,PUT,2026-03-20,V
V260320P00335000,335.0,12.75,12.4,13.1,39.0,817.0,0.2386550744628906,True,PUT,2026-03-20,V
V260320P00340000,340.0,16.05,15.2,16.5,3.0,1386.0,0.2486952572631836,True,PUT,2026-03-20,V
V260320P00345000,345.0,22.57,18.0,20.25,4.0,382.0,0.26035285552978515,True,PUT,2026-03-20,V
V260320P00350000,350.0,25.55,21.65,23.9,1.0,913.0,0.2647778601074219,True,PUT,2026-03-20,V
V260320P00355000,355.0,30.7,25.3,27.7,1.0,255.0,0.2675244146728516,True,PUT,2026-03-20,V
V260320P00360000,360.0,34.65,29.15,31.85,8.0,154.0,0.27417718017578124,True,PUT,2026-03-20,V
V260320P00365000,365.0,36.85,33.8,36.1,2.0,70.0,0.27948718566894526,True,PUT,2026-03-20,V
V260320P00370000,370.0,40.49,38.0,40.9,1.0,117.0,0.297736514892578,True,PUT,2026-03-20,V
V260320P00375000,375.0,32.42,42.6,45.5,2.0,52.0,0.308051353149414,True,PUT,2026-03-20,V
V260320P00380000,380.0,51.75,47.9,50.15,1.0,10.0,0.31781688049316403,True,PUT,2026-03-20,V
V260320P00385000,385.0,38.46,54.75,56.25,4.0,2.0,0.37616590637207037,True,PUT,2026-03-20,V
V260320P00390000,390.0,63.15,56.7,59.95,1.0,0.0,0.35095863891601553,True,PUT,2026-03-20,V
V260320P00395000,395.0,55.11,38.55,0.0,2.0,0.0,1.0000000000000003e-05,True,PUT,2026-03-20,V
V260320P00400000,400.0,55.2,66.6,69.85,2.0,0.0,0.3848938464355468,True,PUT,2026-03-20,V
V260320P00410000,410.0,61.3,96.0,99.65,2.0,17.0,0.9085092156982422,True,PUT,2026-03-20,V
V260320P00420000,420.0,107.45,0.0,0.0,,0.0,1.0000000000000003e-05,True,PUT,2026-03-20,V
V260417C00240000,240.0,87.1,92.1,95.2,,1.0,0.5096484582519532,True,CALL,2026-04-17,V
V260417C00260000,260.0,69.9,72.7,75.55,,1.0,0.42365078308105464,True,CALL,2026-04-17,V
V260417C00265000,265.0,62.8,67.9,70.65,,7.0,0.4024717956542969,True,CALL,2026-04-17,V
V260417C00270000,270.0,58.2,63.15,65.85,,5.0,0.38483281188964835,True,CALL,2026-04-17,V
V260417C00275000,275.0,53.65,58.45,61.2,,7.0,0.3714662463378906,True,CALL,2026-04-17,V
V260417C00280000,280.0,54.8,53.8,56.2,2.0,10.0,0.34613690979003897,True,CALL,2026-04-17,V
V260417C00285000,285.0,47.06,49.25,52.0,1.0,2.0,0.34400070068359373,True,CALL,2026-04-17,V
V260417C00300000,300.0,36.0,36.6,38.85,3.0,23.0,0.3076851458740234,True,CALL,2026-04-17,V
V260417C00305000,305.0,32.56,31.95,34.55,2.0,61.0,0.29358616577148433,True,CALL,2026-04-17,V
V260417C00310000,310.0,28.77,28.6,30.7,4.0,29.0,0.28623150299072264,True,CALL,2026-04-17,V
V260417C00315000,315.0,25.1,24.6,26.85,59.0,15.0,0.2758861474609374,True,CALL,2026-04-17,V
V260417C00320000,320.0,22.25,21.1,23.3,17.0,20.0,0.26782958740234375,True,CALL,2026-04-17,V
V260417C00325000,325.0,19.0,18.3,19.95,52.0,95.0,0.2598035446166992,True,CALL,2026-04-17,V
V260417C00330000,330.0,16.3,15.9,17.05,37.0,162.0,0.25547009185791025,True,CALL,2026-04-17,V
V260417C00335000,335.0,13.8,13.45,13.8,6.0,1047.0,0.2415236981201172,False,CALL,2026-04-17,V
V260417C00340000,340.0,11.1,11.2,11.8,18.0,115.0,0.24369042449951173,False,CALL,2026-04-17,V
V260417C00345000,345.0,8.8,8.65,9.7,138.0,222.0,0.24005886901855467,False,CALL,2026-04-17,V
V260417C00350000,350.0,7.75,7.25,7.55,34.0,151.0,0.23099523895263674,False,CALL,2026-04-17,V
V260417C00355000,355.0,5.95,5.75,6.05,57.0,80.0,0.228797995300293,False,CALL,2026-04-17,V
V260417C00360000,360.0,4.4,4.2,4.9,36.0,145.0,0.22907265075683597,False,CALL,2026-04-17,V
V260417C00365000,365.0,3.5,2.95,3.8,1.0,39.0,0.22620402709960938,False,CALL,2026-04-17,V
V260417C00370000,370.0,2.09,2.48,2.95,1.0,72.0,0.22480023254394527,False,CALL,2026-04-17,V
V260417C00375000,375.0,1.67,2.16,2.21,4.0,73.0,0.22187057434082028,False,CALL,2026-04-17,V
V260417C00380000,380.0,1.47,1.39,1.79,2.0,7.0,0.22480023254394527,False,CALL,2026-04-17,V
V260417C00385000,385.0,0.99,1.06,1.33,10.0,9.0,0.22290816162109373,False,CALL,2026-04-17,V
V260417C00390000,390.0,0.86,0.79,1.17,15.0,37.0,0.23035437622070312,False,CALL,2026-04-17,V
V260417C00400000,400.0,0.4,0.23,0.87,3.0,147.0,0.24195093994140626,False,CALL,2026-04-17,V
V260417P00245000,245.0,0.67,0.38,0.64,6.0,6.0,0.3601138208007812,False,PUT,2026-04-17,V
V260417P00250000,250.0,0.74,0.57,1.01,50.0,51.0,0.3707338317871094,False,PUT,2026-04-17,V
V260417P00255000,255.0,1.11,0.69,1.08,,5.0,0.35425450439453116,False,PUT,2026-04-17,V
V260417P00260000,260.0,1.0,0.8,0.97,5.0,8.0,0.32556826782226556,False,PUT,2026-04-17,V
V260417P00265000,265.0,1.2,0.99,1.14,1.0,6.0,0.31555860229492183,False,PUT,2026-04-17,V
V260417P00270000,270.0,1.28,1.22,1.58,1.0,3.0,0.31763377685546873,False,PUT,2026-04-17,V
V260417P00275000,275.0,1.93,1.45,1.93,4.0,95.0,0.31116411499023433,False,PUT,2026-04-17,V
V260417P00280000,280.0,2.12,1.77,2.33,5.0,249.0,0.3039620385742187,False,PUT,2026-04-17,V
V260417P00285000,285.0,2.24,2.01,2.31,5.0,54.0,0.27997546203613277,False,PUT,2026-04-17,V
V260417P00290000,290.0,3.05,2.53,2.98,2.0,68.0,0.27814442565917963,False,PUT,2026-04-17,V
V260417P00295000,295.0,3.49,3.15,3.55,13.0,35.0,0.26972165832519535,False,PUT,2026-04-17,V
V260417P00300000,300.0,4.1,3.85,4.2,30.0,196.0,0.26071906280517576,False,PUT,2026-04-17,V
V260417P00305000,305.0,4.85,4.7,5.1,14.0,89.0,0.2546461254882813,False,PUT,2026-04-17,V
V260417P00310000,310.0,6.25,5.75,6.25,14.0,70.0,0.2503126727294922,False,PUT,2026-04-17,V
V260417P00315000,315.0,9.25,7.0,8.05,9.0,99.0,0.2543409527587891,False,PUT,2026-04-17,V
V260417P00320000,320.0,8.9,8.45,8.85,28.0,152.0,0.23603058898925777,False,PUT,2026-04-17,V
V260417P00325000,325.0,10.95,10.05,10.85,18.0,179.0,0.23514558807373048,False,PUT,2026-04-17,V
V260417P00330000,330.0,13.05,12.15,12.9,8.0,130.0,0.2306595489501953,False,PUT,2026-04-17,V
V260417P00335000,335.0,17.79,14.3,15.9,2.0,4.0,0.23712921081542968,True,PUT,2026-04-17,V
V260417P00340000,340.0,20.35,16.85,18.7,2.0,12.0,0.23600007171630855,True,PUT,2026-04-17,V
V260417P00350000,350.0,26.0,22.95,25.6,5.0,12.0,0.24295800994873046,True,PUT,2026-04-17,V
V260417P00360000,360.0,34.0,30.3,32.85,,1.0,0.24079128356933593,True,PUT,2026-04-17,V
V260515C00240000,240.0,92.22,93.0,95.9,1.0,2.0,0.46594772338867196,True,CALL,2026-05-15,V
V260515C00250000,250.0,97.17,83.45,86.35,1.0,9.0,0.4358576922607422,True,CALL,2026-05-15,V
V260515C00260000,260.0,70.1,73.95,76.9,2.0,17.0,0.4068662829589844,True,CALL,2026-05-15,V
V260515C00270000,270.0,64.9,64.65,67.45,3.0,10.0,0.37567763000488286,True,CALL,2026-05-15,V
V260515C00280000,280.0,51.05,55.55,58.1,2.0,10.0,0.344733115234375,True,CALL,2026-05-15,V
V260515C00290000,290.0,44.35,46.75,49.6,1.0,129.0,0.32852844329833975,True,CALL,2026-05-15,V
V260515C00300000,300.0,40.5,39.3,41.35,4.0,112.0,0.31021807952880853,True,CALL,2026-05-15,V
V260515C00305000,305.0,32.15,34.45,37.25,2.0,99.0,0.2988961712646484,True,CALL,2026-05-15,V
V260515C00310000,310.0,28.0,30.8,33.6,2.0,86.0,0.2930673721313476,True,CALL,2026-05-15,V
V260515C00315000,315.0,24.7,27.6,29.6,12.0,63.0,0.27957873748779294,True,CALL,2026-05-15,V
V260515C00320000,320.0,25.48,25.15,26.2,3.0,199.0,0.27307855834960937,True,CALL,2026-05-15,V
V260515C00325000,325.0,22.63,21.8,23.2,2.0,155.0,0.26978269287109374,True,CALL,2026-05-15,V
V260515C00330000,330.0,19.0,19.35,20.0,36.0,346.0,0.2609021664428711,True,CALL,2026-05-15,V
V260515C00335000,335.0,17.0,16.45,17.2,29.0,775.0,0.2548292291259766,False,CALL,2026-05-15,V
V260515C00340000,340.0,14.2,14.1,14.7,14.0,231.0,0.2500075,False,CALL,2026-05-15,V
V260515C00345000,345.0,11.55,11.5,12.4,50.0,2427.0,0.2449111154174805,False,CALL,2026-05-15,V
V260515C00350000,350.0,9.6,9.9,10.3,88.0,513.0,0.2395095581054687,False,CALL,2026-05-15,V
V260515C00355000,355.0,8.1,8.05,8.6,22.0,274.0,0.23676300354003904,False,CALL,2026-05-15,V
V260515C00360000,360.0,6.8,6.55,7.0,28.0,407.0,0.23233799896240231,False,CALL,2026-05-15,V
V260515C00365000,365.0,5.5,5.35,5.75,103.0,137.0,0.23041541076660155,False,CALL,2026-05-15,V
V260515C00370000,370.0,4.5,4.05,4.85,3.0,779.0,0.2317886880493164,False,CALL,2026-05-15,V
V260515C00375000,375.0,3.49,3.4,3.85,21.0,279.0,0.22840127075195313,False,CALL,2026-05-15,V
V260515C00380000,380.0,3.0,2.8,3.15,5.0,377.0,0.22827920166015625,False,CALL,2026-05-15,V
V260515C00385000,385.0,1.93,2.02,2.56,1.0,830.0,0.22809609802246095,False,CALL,2026-05-15,V
V260515C00390000,390.0,1.3,1.72,2.01,1.0,641.0,0.22620402709960938,False,CALL,2026-05-15,V
V260515C00395000,395.0,1.2,1.11,1.7,2.0,129.0,0.22907265075683597,False,CALL,2026-05-15,V
V260515C00400000,400.0,1.0,0.63,1.47,2.0,208.0,0.2331009307861328,False,CALL,2026-05-15,V
V260515C00405000,405.0,0.99,0.81,1.12,1.0,103.0,0.2304764453125,False,CALL,2026-05-15,V
V260515C00410000,410.0,0.64,0.66,1.06,7.0,35.0,0.2386550744628906,False,CALL,2026-05-15,V
V260515C00415000,415.0,0.76,0.35,0.87,1.0,9.0,0.23963162719726558,False,CALL,2026-05-15,V
V260515C00420000,420.0,0.68,0.24,0.81,1.0,36.0,0.24646749633789064,False,CALL,2026-05-15,V
V260515C00425000,425.0,0.37,0.16,0.72,5.0,11.0,0.25086198364257806,False,CALL,2026-05-15,V
V260515C00430000,430.0,0.4,0.1,0.66,6.0,14.0,0.2563550927734375,False,CALL,2026-05-15,V
V260515P00240000,240.0,1.01,0.79,1.24,12.0,91.0,0.3711000390625,False,PUT,2026-05-15,V
V260515P00250000,250.0,1.37,1.12,1.42,4.0,108.0,0.3421696643066406,False,PUT,2026-05-15,V
V260515P00260000,260.0,1.73,1.39,1.82,4.0,360.0,0.3219061950683593,False,PUT,2026-05-15,V
V260515P00270000,270.0,2.4,2.14,2.68,2.0,510.0,0.313483427734375,False,PUT,2026-05-15,V
V260515P00280000,280.0,3.3,2.96,3.3,32.0,356.0,0.2899851275634765,False,PUT,2026-05-15,V
V260515P00290000,290.0,4.44,4.15,4.5,15.0,708.0,0.2759471820068359,False,PUT,2026-05-15,V
V260515P00300000,300.0,6.1,5.8,6.5,20.0,998.0,0.2696606237792969,False,PUT,2026-05-15,V
V260515P00305000,305.0,7.25,6.75,7.2,9.0,548.0,0.2572095764160156,False,PUT,2026-05-15,V
V260515P00310000,310.0,8.15,8.0,8.3,35.0,786.0,0.24976336181640624,False,PUT,2026-05-15,V
V260515P00315000,315.0,10.0,9.25,10.4,5.0,264.0,0.255439574584961,False,PUT,2026-05-15,V
V260515P00320000,320.0,11.55,10.8,11.75,6.0,488.0,0.24622335815429688,False,PUT,2026-05-15,V
V260515P00325000,325.0,13.35,12.8,13.35,4.0,538.0,0.238014211730957,False,PUT,2026-05-15,V
V260515P00330000,330.0,14.95,14.55,14.95,16.0,1541.0,0.2269669589233398,False,PUT,2026-05-15,V
V260515P00335000,335.0,17.7,16.95,17.8,23.0,239.0,0.23023230712890624,True,PUT,2026-05-15,V
V260515P00340000,340.0,20.8,19.5,20.15,13.0,242.0,0.22315229980468748,True,PUT,2026-05-15,V
V260515P00345000,345.0,23.75,22.15,23.55,21.0,179.0,0.22754678710937498,True,PUT,2026-05-15,V
V260515P00350000,350.0,26.7,24.95,27.25,23.0,182.0,0.23334506896972657,True,PUT,2026-05-15,V
V260515P00355000,355.0,30.1,28.4,30.75,22.0,163.0,0.233406103515625,True,PUT,2026-05-15,V
V260515P00360000,360.0,33.8,31.85,34.3,2.0,157.0,0.2312393771362305,True,PUT,2026-05-15,V
V260515P00365000,365.0,37.85,35.45,38.25,10.0,53.0,0.2327347235107422,True,PUT,2026-05-15,V
V260515P00370000,370.0,46.1,39.55,42.2,5.0,65.0,0.231452998046875,True,PUT,2026-05-15,V
V260515P00375000,375.0,51.62,44.15,46.5,1.0,36.0,0.2342605871582031,True,PUT,2026-05-15,V
V260515P00380000,380.0,45.79,48.55,51.0,1.0,3.0,0.23923490264892577,True,PUT,2026-05-15,V
V260515P00385000,385.0,59.3,52.3,55.6,10.0,1.0,0.24488059814453128,True,PUT,2026-05-15,V
V260515P00390000,390.0,46.0,57.5,60.35,5.0,5.0,0.25287612365722656,True,PUT,2026-05-15,V
V260515P00395000,395.0,59.75,0.0,0.0,,3.0,1.0000000000000003e-05,True,PUT,2026-05-15,V
V260515P00400000,400.0,55.0,68.9,72.1,3.0,0.0,0.32211981597900385,True,PUT,2026-05-15,V
V260515P00405000,405.0,66.7,61.3,64.8,,4.0,1.0000000000000003e-05,True,PUT,2026-05-15,V
V260515P00410000,410.0,67.1,65.75,69.5,,13.0,1.0000000000000003e-05,True,PUT,2026-05-15,V
V260515P00415000,415.0,71.0,70.3,73.9,,0.0,1.0000000000000003e-05,True,PUT,2026-05-15,V
V260618C00235000,235.0,127.66,122.4,124.9,17.0,23.0,0.9194343994140625,True,CALL,2026-06-18,V
V260618C00240000,240.0,94.5,93.75,97.0,1.0,6.0,0.4401301104736328,True,CALL,2026-06-18,V
V260618C00245000,245.0,101.97,89.0,91.65,7.0,18.0,0.40881938842773435,True,CALL,2026-06-18,V
V260618C00250000,250.0,80.45,84.2,86.95,2.0,50.0,0.3966429965209961,True,CALL,2026-06-18,V
V260618C00255000,255.0,78.11,102.95,105.9,20.0,63.0,0.8015766912841795,True,CALL,2026-06-18,V
V260618C00260000,260.0,74.45,98.5,101.1,2.0,21.0,0.7758506301879884,True,CALL,2026-06-18,V
V260618C00265000,265.0,67.38,70.35,73.05,1.0,53.0,0.3616091671752929,True,CALL,2026-06-18,V
V260618C00270000,270.0,66.05,65.95,69.1,5.0,23.0,0.36310451354980466,True,CALL,2026-06-18,V
V260618C00275000,275.0,58.35,61.5,64.25,1.0,21.0,0.3445194943237304,True,CALL,2026-06-18,V
V260618C00280000,280.0,57.65,57.15,59.65,2.0,94.0,0.3305731005859375,True,CALL,2026-06-18,V
V260618C00285000,285.0,49.55,52.8,55.95,14.0,32.0,0.3319158605957031,True,CALL,2026-06-18,V
V260618C00290000,290.0,45.55,48.5,51.1,10.0,61.0,0.3118354949951171,True,CALL,2026-06-18,V
V260618C00295000,295.0,42.65,44.45,47.1,1.0,61.0,0.30512169494628905,True,CALL,2026-06-18,V
V260618C00300000,300.0,41.05,40.7,43.35,1.0,96.0,0.3005746212768554,True,CALL,2026-06-18,V
V260618C00305000,305.0,34.13,36.7,39.25,1.0,44.0,0.2892527130126953,True,CALL,2026-06-18,V
V260618C00310000,310.0,32.7,33.5,35.6,3.0,106.0,0.28284408569335934,True,CALL,2026-06-18,V
V260618C00315000,315.0,27.55,29.95,32.05,10.0,148.0,0.2759471820068359,True,CALL,2026-06-18,V
V260618C00320000,320.0,27.9,27.65,28.8,72.0,246.0,0.2710949356079102,True,CALL,2026-06-18,V
V260618C00325000,325.0,25.27,24.85,25.65,33.0,143.0,0.26547975738525387,True,CALL,2026-06-18,V
V260618C00330000,330.0,22.06,21.75,22.9,72.0,701.0,0.26270268554687504,True,CALL,2026-06-18,V
V260618C00335000,335.0,19.28,19.4,19.9,16.0,289.0,0.25473767730712893,False,CALL,2026-06-18,V
V260618C00340000,340.0,16.82,16.85,17.65,23.0,499.0,0.2536390554809571,False,CALL,2026-06-18,V
V260618C00345000,345.0,14.0,14.4,15.15,19.0,445.0,0.2472609454345703,False,CALL,2026-06-18,V
V260618C00350000,350.0,12.6,12.4,13.0,59.0,1185.0,0.24280542358398435,False,CALL,2026-06-18,V
V260618C00355000,355.0,10.6,10.1,10.85,6.0,540.0,0.2358780026245117,False,CALL,2026-06-18,V
V260618C00360000,360.0,8.75,8.45,9.15,15.0,2097.0,0.23221592987060546,False,CALL,2026-06-18,V
V260618C00365000,365.0,7.5,7.1,7.65,7.0,909.0,0.228797995300293,False,CALL,2026-06-18,V
V260618C00370000,370.0,5.4,5.95,6.6,3.0,701.0,0.22956092712402343,False,CALL,2026-06-18,V
V260618C00375000,375.0,5.15,4.95,5.5,38.0,478.0,0.2274247180175781,False,CALL,2026-06-18,V
V260618C00380000,380.0,3.45,3.85,4.6,3.0,822.0,0.2262650616455078,False,CALL,2026-06-18,V
V260618C00385000,385.0,2.83,3.4,3.75,1.0,277.0,0.22373212799072262,False,CALL,2026-06-18,V
V260618C00390000,390.0,2.66,2.22,3.2,9.0,1055.0,0.2249833361816406,False,CALL,2026-06-18,V
V260618C00395000,395.0,1.92,1.82,2.73,4.0,535.0,0.22629557891845703,False,CALL,2026-06-18,V
V260618C00400000,400.0,1.6,1.39,2.24,7.0,2347.0,0.22534954345703123,False,CALL,2026-06-18,V
V260618C00405000,405.0,1.25,1.4,1.76,1.0,888.0,0.22235885070800776,False,CALL,2026-06-18,V
V260618C00410000,410.0,1.06,1.15,1.48,4.0,244.0,0.22339643798828124,False,CALL,2026-06-18,V
V260618C00415000,415.0,1.05,0.96,1.39,2.0,144.0,0.22992713439941403,False,CALL,2026-06-18,V
V260618C00420000,420.0,1.03,0.44,1.02,1.0,581.0,0.22449505981445309,False,CALL,2026-06-18,V
V260618C00425000,425.0,0.53,0.6,0.92,1.0,59.0,0.2287064434814453,False,CALL,2026-06-18,V
V260618C00430000,430.0,0.62,0.49,0.74,1.0,863.0,0.22791299438476562,False,CALL,2026-06-18,V
V260618P00235000,235.0,1.45,0.95,1.21,2.0,64.0,0.3388127642822265,False,PUT,2026-06-18,V
V260618P00240000,240.0,1.6,1.06,1.63,1.0,62.0,0.34265794067382804,False,PUT,2026-06-18,V
V260618P00245000,245.0,2.02,1.39,1.82,2.0,382.0,0.3331975860595704,False,PUT,2026-06-18,V
V260618P00250000,250.0,2.0,1.44,2.02,3.0,262.0,0.32330998962402335,False,PUT,2026-06-18,V
V260618P00255000,255.0,2.09,1.77,2.19,2.0,617.0,0.3115913568115234,False,PUT,2026-06-18,V
V260618P00260000,260.0,2.28,2.16,2.61,16.0,705.0,0.30750204223632804,False,PUT,2026-06-18,V
V260618P00265000,265.0,2.58,2.58,3.35,1.0,452.0,0.3104317004394531,False,PUT,2026-06-18,V
V260618P00270000,270.0,3.4,2.8,3.25,4.0,652.0,0.288794953918457,False,PUT,2026-06-18,V
V260618P00275000,275.0,3.8,3.4,3.75,10.0,645.0,0.28241684387207033,False,PUT,2026-06-18,V
V260618P00280000,280.0,4.3,3.95,4.25,7.0,581.0,0.2745433874511719,False,PUT,2026-06-18,V
V260618P00285000,285.0,5.5,4.6,5.1,1.0,391.0,0.27237666107177727,False,PUT,2026-06-18,V
V260618P00290000,290.0,5.45,5.3,5.6,32.0,1032.0,0.26148199462890626,False,PUT,2026-06-18,V
V260618P00295000,295.0,6.85,6.2,6.75,5.0,810.0,0.26071906280517576,False,PUT,2026-06-18,V
V260618P00300000,300.0,7.25,7.15,7.35,201.0,2582.0,0.2486952572631836,False,PUT,2026-06-18,V
V260618P00305000,305.0,9.82,8.2,9.7,2.0,943.0,0.2615735464477539,False,PUT,2026-06-18,V
V260618P00310000,310.0,9.75,9.75,10.6,41.0,768.0,0.2501753450012207,False,PUT,2026-06-18,V
V260618P00315000,315.0,11.55,11.05,11.75,1.0,1948.0,0.2406386972045898,False,PUT,2026-06-18,V
V260618P00320000,320.0,12.98,12.75,13.5,45.0,919.0,0.23703765899658202,False,PUT,2026-06-18,V
V260618P00325000,325.0,15.14,14.6,15.3,5.0,946.0,0.23169713623046873,False,PUT,2026-06-18,V
V260618P00330000,330.0,17.2,16.6,17.75,13.0,666.0,0.2319565330505371,False,PUT,2026-06-18,V
V260618P00335000,335.0,21.4,18.75,19.8,13.0,398.0,0.2248307498168945,True,PUT,2026-06-18,V
V260618P00340000,340.0,24.15,21.15,23.25,13.0,474.0,0.23218541259765624,True,PUT,2026-06-18,V
V260618P00345000,345.0,25.2,23.95,25.65,3.0,737.0,0.22428143890380853,True,PUT,2026-06-18,V
V260618P00350000,350.0,27.1,26.9,27.65,1.0,1123.0,0.208442974243164,True,PUT,2026-06-18,V
V260618P00355000,355.0,31.45,29.75,31.65,11.0,216.0,0.21537039520263673,True,PUT,2026-06-18,V
V260618P00360000,360.0,37.78,33.2,35.75,1.0,118.0,0.22177902252197262,True,PUT,2026-06-18,V
V260618P00365000,365.0,38.18,36.85,39.5,1.0,319.0,0.22135178070068356,True,PUT,2026-06-18,V
V260618P00370000,370.0,42.63,41.0,43.2,1.0,67.0,0.2177507424926758,True,PUT,2026-06-18,V
V260618P00375000,375.0,50.4,44.65,46.7,2.0,131.0,0.20768004241943355,True,PUT,2026-06-18,V
V260618P00380000,380.0,31.8,49.2,51.6,1.0,28.0,0.21973436523437498,True,PUT,2026-06-18,V
V260618P00385000,385.0,35.05,53.25,56.05,10.0,12.0,0.22248091979980467,True,PUT,2026-06-18,V
V260618P00390000,390.0,40.8,57.55,60.65,8.0,34.0,0.2268143725585937,True,PUT,2026-06-18,V
V260618P00395000,395.0,46.95,62.3,65.35,,1.0,0.2322464471435547,True,PUT,2026-06-18,V
V260618P00400000,400.0,72.5,66.95,70.15,1.0,4.0,0.23908231628417967,True,PUT,2026-06-18,V
V260618P00410000,410.0,82.76,76.7,79.9,1.0,0.0,0.2546461254882813,True,PUT,2026-06-18,V
V260618P00420000,420.0,68.0,0.0,0.0,,7.0,1.0000000000000003e-05,True,PUT,2026-06-18,V
V260618P00430000,430.0,91.25,76.5,81.0,5.0,2.0,1.0000000000000003e-05,True,PUT,2026-06-18,V
V260918C00240000,240.0,97.5,96.9,100.25,2.0,4.0,0.40845318115234375,True,CALL,2026-09-18,V
V260918C00250000,250.0,86.85,87.9,90.65,2.0,7.0,0.37854625366210937,True,CALL,2026-09-18,V
V260918C00260000,260.0,92.12,79.0,81.85,7.0,20.0,0.36121244262695307,True,CALL,2026-09-18,V
V260918C00265000,265.0,72.0,74.75,77.55,3.0,4.0,0.3531863998413085,True,CALL,2026-09-18,V
V260918C00270000,270.0,67.2,70.4,73.2,10.0,56.0,0.3437870797729492,True,CALL,2026-09-18,V
V260918C00280000,280.0,60.0,62.1,65.1,10.0,70.0,0.33115292877197267,True,CALL,2026-09-18,V
V260918C00285000,285.0,58.1,58.2,60.8,,2.0,0.3205024005126953,True,CALL,2026-09-18,V
V260918C00290000,290.0,53.83,54.2,57.35,1.0,38.0,0.3193427441406249,True,CALL,2026-09-18,V
V260918C00295000,295.0,47.85,50.5,53.05,,2.0,0.30725790405273434,True,CALL,2026-09-18,V
V260918C00300000,300.0,44.0,46.75,49.3,2.0,56.0,0.3006966903686523,True,CALL,2026-09-18,V
V260918C00305000,305.0,41.6,44.35,45.95,1.0,26.0,0.29743134216308587,True,CALL,2026-09-18,V
V260918C00310000,310.0,37.53,40.75,42.15,5.0,109.0,0.2883677120971678,True,CALL,2026-09-18,V
V260918C00315000,315.0,34.25,36.45,39.25,10.0,17.0,0.28745219390869137,True,CALL,2026-09-18,V
V260918C00320000,320.0,30.16,34.2,35.8,1.0,49.0,0.27985339294433587,True,CALL,2026-09-18,V
V260918C00325000,325.0,31.0,30.5,32.6,1.0,117.0,0.2735973519897461,True,CALL,2026-09-18,V
V260918C00330000,330.0,27.91,27.8,29.75,3.0,244.0,0.2695385546875,True,CALL,2026-09-18,V
V260918C00335000,335.0,25.0,26.0,27.1,3.0,157.0,0.2661358787536621,False,CALL,2026-09-18,V
V260918C00340000,340.0,23.23,23.9,24.55,6.0,335.0,0.2623975128173829,False,CALL,2026-09-18,V
V260918C00345000,345.0,20.2,20.3,22.05,10.0,202.0,0.25785043914794925,False,CALL,2026-09-18,V
V260918C00350000,350.0,16.79,19.0,19.75,3.0,453.0,0.2538526763916016,False,CALL,2026-09-18,V
V260918C00355000,355.0,16.5,17.1,17.7,2.0,347.0,0.2509230181884765,False,CALL,2026-09-18,V
V260918C00360000,360.0,14.0,14.05,15.55,27.0,154.0,0.24564352996826172,False,CALL,2026-09-18,V
V260918C00365000,365.0,12.45,12.55,13.85,3.0,85.0,0.24341576904296874,False,CALL,2026-09-18,V
V260918C00370000,370.0,11.65,11.3,12.25,16.0,334.0,0.24085231811523436,False,CALL,2026-09-18,V
V260918C00375000,375.0,10.0,9.55,10.65,11.0,111.0,0.23688507263183595,False,CALL,2026-09-18,V
V260918C00380000,380.0,8.81,8.55,9.45,1.0,169.0,0.23590851989746092,False,CALL,2026-09-18,V
V260918C00385000,385.0,7.37,7.4,8.25,1.0,111.0,0.2336197244262695,False,CALL,2026-09-18,V
V260918C00390000,390.0,5.78,6.0,7.1,2.0,123.0,0.23053747985839845,False,CALL,2026-09-18,V
V260918C00395000,395.0,5.02,5.5,6.15,2.0,182.0,0.22858437438964846,False,CALL,2026-09-18,V
V260918C00400000,400.0,4.24,4.85,5.45,2.0,358.0,0.228797995300293,False,CALL,2026-09-18,V
V260918C00405000,405.0,3.75,3.8,4.8,4.0,69.0,0.22867592620849608,False,CALL,2026-09-18,V
V260918C00410000,410.0,3.19,3.4,4.15,2.0,228.0,0.2274247180175781,False,CALL,2026-09-18,V
V260918C00415000,415.0,2.87,2.67,3.55,4.0,79.0,0.22574626800537106,False,CALL,2026-09-18,V
V260918C00420000,420.0,2.25,2.28,3.1,1.0,84.0,0.225593681640625,False,CALL,2026-09-18,V
V260918C00425000,425.0,2.01,2.06,2.78,3.0,31.0,0.22711954528808592,False,CALL,2026-09-18,V
V260918C00430000,430.0,1.63,1.81,2.3,1.0,45.0,0.22415936981201168,False,CALL,2026-09-18,V
V260918P00235000,235.0,2.4,2.21,2.66,1.0,1.0,0.31452101501464835,False,PUT,2026-09-18,V
V260918P00240000,240.0,2.99,2.54,2.85,6.0,190.0,0.3045723840332031,False,PUT,2026-09-18,V
V260918P00250000,250.0,3.8,3.3,4.0,2.0,499.0,0.3016427258300781,False,PUT,2026-09-18,V
V260918P00260000,260.0,5.0,4.15,4.75,5.0,732.0,0.28519391571044916,False,PUT,2026-09-18,V
V260918P00265000,265.0,5.35,4.7,5.35,5.0,11.0,0.2801280484008788,False,PUT,2026-09-18,V
V260918P00270000,270.0,5.77,5.45,5.75,2.0,200.0,0.27066769378662114,False,PUT,2026-09-18,V
V260918P00275000,275.0,7.5,6.05,7.05,10.0,28.0,0.27466545654296876,False,PUT,2026-09-18,V
V260918P00280000,280.0,7.25,6.95,7.5,5.0,766.0,0.2641980319213867,False,PUT,2026-09-18,V
V260918P00285000,285.0,8.05,7.85,8.4,2.0,3.0,0.259345785522461,False,PUT,2026-09-18,V
V260918P00290000,290.0,10.0,8.85,9.65,1.0,664.0,0.257819921875,False,PUT,2026-09-18,V
V260918P00295000,295.0,11.05,9.95,10.35,6.0,22.0,0.24814594635009768,False,PUT,2026-09-18,V
V260918P00300000,300.0,12.0,11.1,11.85,8.0,3170.0,0.2469252554321289,False,PUT,2026-09-18,V
V260918P00305000,305.0,12.7,12.55,13.35,33.0,214.0,0.24414818359375,False,PUT,2026-09-18,V
V260918P00310000,310.0,15.3,13.9,14.45,3.0,280.0,0.23574067489624018,False,PUT,2026-09-18,V
V260918P00315000,315.0,16.1,15.5,16.05,12.0,512.0,0.23136144622802735,False,PUT,2026-09-18,V
V260918P00320000,320.0,17.5,17.25,17.9,8.0,228.0,0.22808083938598633,False,PUT,2026-09-18,V
V260918P00325000,325.0,21.75,19.1,20.15,17.0,150.0,0.22718057983398435,False,PUT,2026-09-18,V
V260918P00330000,330.0,21.74,21.25,22.6,4.0,392.0,0.2266160102844238,False,PUT,2026-09-18,V
V260918P00335000,335.0,25.85,23.6,24.45,2.0,321.0,0.21881884704589843,True,PUT,2026-09-18,V
V260918P00340000,340.0,28.5,25.8,27.3,2.0,245.0,0.21894091613769529,True,PUT,2026-09-18,V
V260918P00345000,345.0,30.12,28.65,30.8,5.0,718.0,0.22367109344482416,True,PUT,2026-09-18,V
V260918P00350000,350.0,34.75,30.95,33.15,2.0,769.0,0.21595022338867187,True,PUT,2026-09-18,V
V260918P00355000,355.0,37.2,34.05,35.9,34.0,577.0,0.2103503038024902,True,PUT,2026-09-18,V
V260918P00360000,360.0,41.35,37.05,39.35,10.0,92.0,0.21004513107299805,True,PUT,2026-09-18,V
V260918P00365000,365.0,36.9,40.3,42.8,2.0,26.0,0.20824461196899408,True,PUT,2026-09-18,V
V260918P00370000,370.0,28.75,43.85,46.25,2.0,28.0,0.20479616012573237,True,PUT,2026-09-18,V
V260918P00375000,375.0,52.44,47.2,49.9,1.0,16.0,0.2018512432861328,True,PUT,2026-09-18,V
V260918P00380000,380.0,52.75,50.95,53.8,5.0,21.0,0.20021856918334957,True,PUT,2026-09-18,V
V260918P00385000,385.0,61.1,54.8,57.8,2.0,21.0,0.1982349464416504,True,PUT,2026-09-18,V
V260918P00390000,390.0,49.95,59.3,62.0,46.0,24.0,0.19739572143554687,True,PUT,2026-09-18,V
V260918P00400000,400.0,50.9,67.6,70.95,,1.0,0.20023382781982418,True,PUT,2026-09-18,V
V260918P00405000,405.0,55.8,0.0,0.0,,1.0,1.0000000000000003e-05,True,PUT,2026-09-18,V
V260918P00410000,410.0,71.2,79.2,81.45,7.0,8.0,0.22657023437499998,True,PUT,2026-09-18,V
V260918P00420000,420.0,75.25,69.05,72.95,3.0,0.0,1.0000000000000003e-05,True,PUT,2026-09-18,V
V261120C00250000,250.0,84.5,90.1,93.95,1.0,4.0,0.38349005187988283,True,CALL,2026-11-20,V
V261120C00255000,255.0,110.07,87.15,89.3,,1.0,0.37058124542236326,True,CALL,2026-11-20,V
V261120C00270000,270.0,69.3,74.65,77.05,3.0,4.0,0.3514163980102538,True,CALL,2026-11-20,V
V261120C00280000,280.0,65.18,66.65,69.5,1.0,5.0,0.34239854385375973,True,CALL,2026-11-20,V
V261120C00290000,290.0,55.3,59.05,60.5,,1.0,0.3157417059326171,True,CALL,2026-11-20,V
V261120C00300000,300.0,50.0,51.8,53.6,,2.0,0.3081429049682617,True,CALL,2026-11-20,V
V261120C00305000,305.0,48.86,48.35,49.85,1.0,1.0,0.3002999658203125,True,CALL,2026-11-20,V
V261120C00320000,320.0,35.5,38.65,40.0,2.0,54.0,0.28482770843505856,True,CALL,2026-11-20,V
V261120C00325000,325.0,32.1,35.6,37.9,14.0,30.0,0.28813883255004874,True,CALL,2026-11-20,V
V261120C00330000,330.0,31.0,32.85,34.25,2.0,55.0,0.27721364883422844,True,CALL,2026-11-20,V
V261120C00335000,335.0,31.0,30.15,32.1,1.0,2.0,0.27809864974975584,False,CALL,2026-11-20,V
V261120C00340000,340.0,24.45,26.15,29.05,2.0,5.0,0.27045407287597656,False,CALL,2026-11-20,V
V261120C00345000,345.0,23.3,24.65,27.3,2.0,27.0,0.2727276097106933,False,CALL,2026-11-20,V
V261120C00350000,350.0,20.75,23.1,23.9,2.0,19.0,0.260200269165039,False,CALL,2026-11-20,V
V261120C00355000,355.0,20.64,20.45,22.3,2.0,3.0,0.2618024259948731,False,CALL,2026-11-20,V
V261120C00360000,360.0,16.55,18.25,19.7,20.0,28.0,0.25391371093750004,False,CALL,2026-11-20,V
V261120C00370000,370.0,15.87,13.55,16.3,2.0,14.0,0.25048051773071284,False,CALL,2026-11-20,V
V261120C00375000,375.0,11.9,13.0,14.95,1.0,12.0,0.2504652590942382,False,CALL,2026-11-20,V
V261120C00380000,380.0,17.24,11.75,13.2,1.0,5.0,0.24576559906005857,False,CALL,2026-11-20,V
V261120C00385000,385.0,10.68,9.75,11.85,7.0,11.0,0.24378197631835938,False,CALL,2026-11-20,V
V261120C00390000,390.0,9.35,9.35,10.4,1.0,3.0,0.23975369628906246,False,CALL,2026-11-20,V
V261120C00395000,395.0,8.45,8.1,9.5,3.0,2.0,0.24033352447509765,False,CALL,2026-11-20,V
V261120C00400000,400.0,14.88,7.2,8.7,,5.0,0.24120326675415038,False,CALL,2026-11-20,V
V261120C00410000,410.0,5.24,5.6,6.6,,1.0,0.23453524261474606,False,CALL,2026-11-20,V
V261120C00415000,415.0,7.95,4.85,5.85,1.0,0.0,0.2332535171508789,False,CALL,2026-11-20,V
V261120C00420000,420.0,9.23,4.25,5.7,2.0,2.0,0.23923490264892577,False,CALL,2026-11-20,V
V261120C00430000,430.0,3.7,2.95,4.9,1.0,2.0,0.24320214813232421,False,CALL,2026-11-20,V
V261120P00240000,240.0,2.75,3.5,4.8,2.0,4.0,0.31235428863525383,False,PUT,2026-11-20,V
V261120P00245000,245.0,4.7,3.95,5.2,1.0,13.0,0.30487755676269535,False,PUT,2026-11-20,V
V261120P00250000,250.0,5.17,3.9,4.8,1.0,14.0,0.2827525338745117,False,PUT,2026-11-20,V
V261120P00255000,255.0,5.96,5.0,5.6,1.0,5.0,0.28195908477783205,False,PUT,2026-11-20,V
V261120P00260000,260.0,5.65,5.65,6.3,1.0,45.0,0.27817494293212885,False,PUT,2026-11-20,V
V261120P00265000,265.0,6.7,6.35,6.75,10.0,15.0,0.26978269287109374,False,PUT,2026-11-20,V
V261120P00270000,270.0,7.87,6.95,7.75,1.0,17.0,0.2685009674072265,False,PUT,2026-11-20,V
V261120P00275000,275.0,8.77,7.75,8.7,1.0,47.0,0.2652966537475586,False,PUT,2026-11-20,V
V261120P00280000,280.0,9.7,8.35,10.55,6.0,171.0,0.2717205397033691,False,PUT,2026-11-20,V
V261120P00285000,285.0,10.7,9.65,10.3,3.0,4.0,0.25238784729003905,False,PUT,2026-11-20,V
V261120P00290000,290.0,12.84,10.8,11.9,1.0,49.0,0.2535322450256348,False,PUT,2026-11-20,V
V261120P00295000,295.0,13.8,12.1,12.65,1.0,7.0,0.244422839050293,False,PUT,2026-11-20,V
V261120P00300000,300.0,14.82,12.95,14.25,1.0,103.0,0.24315637222290037,False,PUT,2026-11-20,V
V261120P00310000,310.0,17.0,16.15,18.0,3.0,12.0,0.2420424917602539,False,PUT,2026-11-20,V
V261120P00315000,315.0,18.63,17.85,19.3,2.0,52.0,0.23447420806884767,False,PUT,2026-11-20,V
V261120P00320000,320.0,22.75,19.3,22.35,10.0,7.0,0.24126430130004883,False,PUT,2026-11-20,V
V261120P00325000,325.0,23.2,21.35,23.0,2.0,58.0,0.22600566482543943,False,PUT,2026-11-20,V
V261120P00330000,330.0,26.2,23.6,25.5,10.0,22.0,0.225593681640625,False,PUT,2026-11-20,V
V261120P00335000,335.0,29.5,25.8,27.65,40.0,35.0,0.22098557342529296,True,PUT,2026-11-20,V
V261120P00340000,340.0,31.47,28.0,30.8,,0.0,0.22357954162597654,True,PUT,2026-11-20,V
V261120P00345000,345.0,33.75,30.35,32.4,2.0,8.0,0.2119372019958496,True,PUT,2026-11-20,V
V261120P00350000,350.0,38.0,33.65,36.05,2.0,6.0,0.21631643066406248,True,PUT,2026-11-20,V
V261120P00355000,355.0,41.2,36.45,38.8,,1.0,0.21186090881347652,True,PUT,2026-11-20,V
V261120P00365000,365.0,32.65,42.25,45.1,,0.0,0.20600159240722654,True,PUT,2026-11-20,V
V261120P00370000,370.0,50.35,45.6,48.3,2.0,0.0,0.2015002946472168,True,PUT,2026-11-20,V
V261120P00375000,375.0,53.2,49.05,51.95,2.0,1.0,0.19991339645385742,True,PUT,2026-11-20,V
V261218C00235000,235.0,105.91,104.0,107.5,3.0,2.0,0.3962767892456055,True,CALL,2026-12-18,V
V261218C00240000,240.0,114.73,99.5,103.35,1.0,10.0,0.3915466119384765,True,CALL,2026-12-18,V
V261218C00245000,245.0,92.2,95.05,98.25,1.0,19.0,0.37315995498657223,True,CALL,2026-12-18,V
V261218C00250000,250.0,87.55,91.0,94.7,8.0,145.0,0.3755860781860352,True,CALL,2026-12-18,V
V261218C00255000,255.0,87.74,86.55,90.5,1.0,11.0,0.36856710540771487,True,CALL,2026-12-18,V
V261218C00260000,260.0,79.75,82.5,86.2,5.0,47.0,0.35986968261718744,True,CALL,2026-12-18,V
V261218C00265000,265.0,77.8,78.0,82.05,2.0,62.0,0.35253027847290036,True,CALL,2026-12-18,V
V261218C00270000,270.0,74.84,74.0,77.7,1.0,57.0,0.342505354309082,True,CALL,2026-12-18,V
V261218C00275000,275.0,68.2,70.0,73.85,2.0,36.0,0.3375157801818848,True,CALL,2026-12-18,V
V261218C00280000,280.0,67.1,66.5,69.9,1.0,239.0,0.33083249740600584,True,CALL,2026-12-18,V
V261218C00285000,285.0,59.2,62.5,65.55,2.0,27.0,0.3196021409606933,True,CALL,2026-12-18,V
V261218C00290000,290.0,57.5,58.5,61.65,1.0,70.0,0.3124305818176269,True,CALL,2026-12-18,V
V261218C00295000,295.0,52.55,55.0,58.65,2.0,24.0,0.31308670318603515,True,CALL,2026-12-18,V
V261218C00300000,300.0,53.0,52.1,54.55,1.0,183.0,0.30274134765625,True,CALL,2026-12-18,V
V261218C00305000,305.0,45.55,49.0,51.75,2.0,190.0,0.3034279862976074,True,CALL,2026-12-18,V
V261218C00310000,310.0,45.0,45.75,48.2,1.0,259.0,0.2966378930664062,True,CALL,2026-12-18,V
V261218C00315000,315.0,42.15,41.65,45.1,3.0,36.0,0.2929910789489745,True,CALL,2026-12-18,V
V261218C00320000,320.0,39.75,40.3,41.35,11.0,284.0,0.2831187411499023,True,CALL,2026-12-18,V
V261218C00325000,325.0,35.6,36.35,38.6,5.0,197.0,0.28079942840576166,True,CALL,2026-12-18,V
V261218C00330000,330.0,34.14,32.8,35.45,4.0,224.0,0.27436028381347655,True,CALL,2026-12-18,V
V261218C00335000,335.0,31.47,30.15,32.8,6.0,70.0,0.2711254528808594,False,CALL,2026-12-18,V
V261218C00340000,340.0,26.25,28.5,30.25,9.0,171.0,0.26781432876586914,False,CALL,2026-12-18,V
V261218C00345000,345.0,24.65,26.7,27.65,1.0,66.0,0.26320622055053716,False,CALL,2026-12-18,V
V261218C00350000,350.0,23.39,24.45,25.4,1.0,224.0,0.2604901832580566,False,CALL,2026-12-18,V
V261218C00355000,355.0,20.5,20.75,23.85,1.0,603.0,0.2625195819091797,False,CALL,2026-12-18,V
V261218C00360000,360.0,19.97,19.8,21.7,2.0,136.0,0.2588269918823243,False,CALL,2026-12-18,V
V261218C00365000,365.0,18.45,17.15,19.75,4.0,107.0,0.25583629913330086,False,CALL,2026-12-18,V
V261218C00370000,370.0,15.0,16.0,17.9,2.0,138.0,0.25276931320190427,False,CALL,2026-12-18,V
V261218C00375000,375.0,13.45,13.6,16.0,1.0,131.0,0.24829853271484376,False,CALL,2026-12-18,V
V261218C00380000,380.0,12.17,13.05,14.85,2.0,175.0,0.24944293045043942,False,CALL,2026-12-18,V
V261218C00385000,385.0,10.6,11.3,13.6,2.0,184.0,0.24892413681030273,False,CALL,2026-12-18,V
V261218C00390000,390.0,9.85,10.05,11.6,2.0,540.0,0.24051662811279295,False,CALL,2026-12-18,V
V261218C00395000,395.0,8.52,9.05,10.35,2.0,94.0,0.2380294703674316,False,CALL,2026-12-18,V
V261218C00400000,400.0,7.6,8.2,10.15,4.0,281.0,0.24529258132934573,False,CALL,2026-12-18,V
V261218C00405000,405.0,6.9,6.35,8.35,4.0,57.0,0.23538972625732418,False,CALL,2026-12-18,V
V261218C00410000,410.0,6.91,6.2,7.65,1.0,4773.0,0.23612214080810545,False,CALL,2026-12-18,V
V261218C00415000,415.0,5.5,5.6,6.9,4.0,23.0,0.23555757125854487,False,CALL,2026-12-18,V
V261218C00420000,420.0,4.77,4.75,6.05,1.0,38.0,0.23296360305786135,False,CALL,2026-12-18,V
V261218C00425000,425.0,4.55,3.5,5.4,1.0,94.0,0.23200230895996093,False,CALL,2026-12-18,V
V261218C00430000,430.0,4.0,3.75,4.8,10.0,25.0,0.23090368713378906,False,CALL,2026-12-18,V
V261218P00235000,235.0,3.8,3.3,4.25,1.0,321.0,0.30228358856201176,False,PUT,2026-12-18,V
V261218P00240000,240.0,4.4,2.99,4.4,2.0,61.0,0.2910837493896483,False,PUT,2026-12-18,V
V261218P00245000,245.0,4.3,4.3,4.8,20.0,37.0,0.28443098388671867,False,PUT,2026-12-18,V
V261218P00250000,250.0,5.6,3.95,5.45,6.0,362.0,0.28147080841064454,False,PUT,2026-12-18,V
V261218P00255000,255.0,6.15,4.5,6.25,2.0,36.0,0.2797923583984374,False,PUT,2026-12-18,V
V261218P00260000,260.0,6.96,5.2,7.15,1.0,36.0,0.278327529296875,False,PUT,2026-12-18,V
V261218P00265000,265.0,8.28,6.7,8.55,3.0,47.0,0.2822795161437988,False,PUT,2026-12-18,V
V261218P00270000,270.0,8.3,6.5,8.5,1.0,95.0,0.26639527557373044,False,PUT,2026-12-18,V
V261218P00275000,275.0,9.46,7.5,9.2,6.0,393.0,0.25977302734375,False,PUT,2026-12-18,V
V261218P00280000,280.0,10.5,9.35,9.95,1.0,192.0,0.25308974456787114,False,PUT,2026-12-18,V
V261218P00285000,285.0,11.58,10.2,11.3,2.0,293.0,0.25226577819824214,False,PUT,2026-12-18,V
V261218P00290000,290.0,13.21,10.9,12.5,1.0,387.0,0.24867999862670898,False,PUT,2026-12-18,V
V261218P00295000,295.0,13.89,12.3,14.25,2.0,340.0,0.24951922363281248,False,PUT,2026-12-18,V
V261218P00300000,300.0,16.2,13.6,16.2,1.0,783.0,0.2509230181884765,False,PUT,2026-12-18,V
V261218P00305000,305.0,16.55,15.2,16.45,89.0,39.0,0.23566438171386717,False,PUT,2026-12-18,V
V261218P00310000,310.0,18.5,17.1,18.8,1.0,313.0,0.23856352264404296,False,PUT,2026-12-18,V
V261218P00315000,315.0,19.7,18.35,21.05,12.0,124.0,0.23926541992187497,False,PUT,2026-12-18,V
V261218P00320000,320.0,22.7,19.8,22.1,1.0,382.0,0.22875221939086915,False,PUT,2026-12-18,V
V261218P00325000,325.0,24.55,22.45,24.25,2.0,172.0,0.22649394119262695,False,PUT,2026-12-18,V
V261218P00330000,330.0,27.2,24.6,26.9,4.0,319.0,0.22718057983398435,False,PUT,2026-12-18,V
V261218P00335000,335.0,31.0,26.15,28.1,9.0,163.0,0.21511099838256836,True,PUT,2026-12-18,V
V261218P00340000,340.0,32.05,28.8,30.4,3.0,338.0,0.21077754562377926,True,PUT,2026-12-18,V
V261218P00345000,345.0,35.16,31.2,34.25,1.0,498.0,0.21773548385620117,True,PUT,2026-12-18,V
V261218P00350000,350.0,39.2,33.45,35.2,5.0,387.0,0.2001880519104004,True,PUT,2026-12-18,V
V261218P00355000,355.0,40.75,37.2,40.0,12.0,272.0,0.21270013381958008,True,PUT,2026-12-18,V
V261218P00360000,360.0,43.85,39.55,43.0,10.0,166.0,0.2095110787963867,True,PUT,2026-12-18,V
V261218P00365000,365.0,44.0,43.25,45.95,1.0,140.0,0.2046588323974609,True,PUT,2026-12-18,V
V261218P00370000,370.0,50.7,46.35,49.5,2.0,31.0,0.20378909011840818,True,PUT,2026-12-18,V
V261218P00375000,375.0,40.47,49.75,53.0,54.0,91.0,0.20134770828247067,True,PUT,2026-12-18,V
V261218P00380000,380.0,43.47,52.8,56.5,80.0,41.0,0.19767037689208983,True,PUT,2026-12-18,V
V261218P00390000,390.0,45.91,60.6,64.5,2.0,171.0,0.1966633068847656,True,PUT,2026-12-18,V
V261218P00395000,395.0,56.25,64.7,68.5,1350.0,1352.0,0.1945270977783203,True,PUT,2026-12-18,V
V261218P00400000,400.0,74.45,69.55,72.5,2.0,47.0,0.1911091632080078,True,PUT,2026-12-18,V
V261218P00410000,410.0,81.88,57.45,0.0,1.0,32.0,1.0000000000000003e-05,True,PUT,2026-12-18,V
V261218P00415000,415.0,70.15,82.0,86.0,6.0,0.0,0.1939472695922852,True,PUT,2026-12-18,V
V261218P00420000,420.0,66.34,86.7,90.5,3.0,4.0,0.19324537231445313,True,PUT,2026-12-18,V
V261218P00425000,425.0,87.55,93.7,96.45,3.0,18.0,0.21488211883544922,True,PUT,2026-12-18,V
V261218P00430000,430.0,83.26,96.0,100.5,2.0,0.0,0.2067950415039062,True,PUT,2026-12-18,V
V270115C00240000,240.0,98.36,100.8,103.7,1.0,32.0,0.3803772900390625,True,CALL,2027-01-15,V
V270115C00250000,250.0,93.54,92.0,95.8,4.0,54.0,0.37387711090087883,True,CALL,2027-01-15,V
V270115C00260000,260.0,81.11,83.75,87.0,1.0,50.0,0.3543613148498534,True,CALL,2027-01-15,V
V270115C00270000,270.0,72.5,75.65,79.15,1.0,204.0,0.3438786315917969,True,CALL,2027-01-15,V
V270115C00280000,280.0,69.0,69.0,71.55,3.0,168.0,0.333563793334961,True,CALL,2027-01-15,V
V270115C00290000,290.0,61.1,61.1,63.15,5.0,72.0,0.31357497955322267,True,CALL,2027-01-15,V
V270115C00300000,300.0,55.1,53.65,56.05,21.0,722.0,0.3034737622070312,True,CALL,2027-01-15,V
V270115C00305000,305.0,50.59,49.9,52.55,1.0,44.0,0.29787384262084954,True,CALL,2027-01-15,V
V270115C00310000,310.0,44.39,47.15,49.0,2.0,260.0,0.29122107711791984,True,CALL,2027-01-15,V
V270115C00315000,315.0,42.15,43.4,46.4,2.0,24.0,0.2916330603027343,True,CALL,2027-01-15,V
V270115C00320000,320.0,39.0,42.05,43.05,11.0,712.0,0.28517865707397455,True,CALL,2027-01-15,V
V270115C00325000,325.0,38.01,38.3,40.0,6.0,310.0,0.28040270385742183,True,CALL,2027-01-15,V
V270115C00330000,330.0,36.31,36.0,37.3,30.0,550.0,0.2775951147460937,True,CALL,2027-01-15,V
V270115C00335000,335.0,30.5,32.75,34.45,2.0,183.0,0.27284967880249017,False,CALL,2027-01-15,V
V270115C00340000,340.0,30.6,29.9,31.65,2.0,366.0,0.26769225967407223,False,CALL,2027-01-15,V
V270115C00345000,345.0,25.6,27.2,29.6,13.0,209.0,0.26747863876342776,False,CALL,2027-01-15,V
V270115C00350000,350.0,25.5,26.25,27.5,3.0,788.0,0.26605958557128906,False,CALL,2027-01-15,V
V270115C00355000,355.0,21.85,22.8,25.0,4.0,213.0,0.260749580078125,False,CALL,2027-01-15,V
V270115C00360000,360.0,21.0,21.75,23.45,1.0,5088.0,0.2619855296325684,False,CALL,2027-01-15,V
V270115C00365000,365.0,17.5,19.7,21.6,5.0,120.0,0.26009345870971684,False,CALL,2027-01-15,V
V270115C00370000,370.0,17.9,17.1,19.45,4.0,1634.0,0.25498181549072274,False,CALL,2027-01-15,V
V270115C00375000,375.0,16.8,14.95,17.8,1.0,237.0,0.2530439686584473,False,CALL,2027-01-15,V
V270115C00380000,380.0,14.88,13.55,15.55,10.0,302.0,0.24521628814697266,False,CALL,2027-01-15,V
V270115C00385000,385.0,13.14,12.75,14.9,3.0,122.0,0.2500532759094238,False,CALL,2027-01-15,V
V270115C00390000,390.0,12.05,10.95,12.8,6.0,1828.0,0.24156947402954104,False,CALL,2027-01-15,V
V270115C00395000,395.0,10.0,10.05,12.4,3.0,90.0,0.2474135317993164,False,CALL,2027-01-15,V
V270115C00400000,400.0,9.9,8.9,10.35,38.0,10474.0,0.23726653854370117,False,CALL,2027-01-15,V
V270115C00405000,405.0,7.71,8.25,9.45,6.0,139.0,0.23703765899658202,False,CALL,2027-01-15,V
V270115C00410000,410.0,7.0,6.1,9.15,1.0,956.0,0.24228662994384764,False,CALL,2027-01-15,V
V270115C00415000,415.0,6.05,6.15,7.65,10.0,109.0,0.23435213897705076,False,CALL,2027-01-15,V
V270115C00420000,420.0,6.3,5.65,7.05,2.0,263.0,0.2352371398925781,False,CALL,2027-01-15,V
V270115C00425000,425.0,5.49,5.2,6.0,1.0,78.0,0.23009497940063478,False,CALL,2027-01-15,V
V270115C00430000,430.0,4.5,4.5,6.2,5.0,110.0,0.23960110992431638,False,CALL,2027-01-15,V
V270115P00240000,240.0,4.9,4.3,4.7,2.0,63.0,0.2847666738891601,False,PUT,2027-01-15,V
V270115P00250000,250.0,5.61,5.4,5.6,2.0,475.0,0.2724376956176757,False,PUT,2027-01-15,V
V270115P00260000,260.0,7.55,6.6,7.75,3.0,1642.0,0.275123215637207,False,PUT,2027-01-15,V
V270115P00270000,270.0,9.52,7.7,8.85,1.0,239.0,0.2598035446166992,False,PUT,2027-01-15,V
V270115P00280000,280.0,10.6,9.9,10.95,2.0,285.0,0.2536390554809571,False,PUT,2027-01-15,V
V270115P00290000,290.0,12.85,11.6,14.05,8.0,805.0,0.2536695727539063,False,PUT,2027-01-15,V
V270115P00300000,300.0,15.55,14.6,16.9,12.0,1583.0,0.24700154861450196,False,PUT,2027-01-15,V
V270115P00305000,305.0,17.03,15.45,18.05,3.0,302.0,0.239967317199707,False,PUT,2027-01-15,V
V270115P00310000,310.0,18.3,17.95,19.25,5.0,477.0,0.23267368896484375,False,PUT,2027-01-15,V
V270115P00315000,315.0,21.25,19.25,21.25,1.0,443.0,0.23119360122680666,False,PUT,2027-01-15,V
V270115P00320000,320.0,23.62,20.3,22.7,15.0,5848.0,0.22428143890380853,False,PUT,2027-01-15,V
V270115P00325000,325.0,25.87,23.0,24.3,15.0,386.0,0.21770496658325195,False,PUT,2027-01-15,V
V270115P00330000,330.0,25.8,25.0,26.3,11.0,318.0,0.21332573791503906,False,PUT,2027-01-15,V
V270115P00335000,335.0,30.25,26.55,29.3,2.0,101.0,0.2156145333862305,True,PUT,2027-01-15,V
V270115P00340000,340.0,33.13,29.65,31.7,31.0,222.0,0.21221185745239257,True,PUT,2027-01-15,V
V270115P00345000,345.0,35.19,31.9,34.95,2.0,157.0,0.21428703201293942,True,PUT,2027-01-15,V
V270115P00350000,350.0,38.4,34.35,37.05,7.0,2411.0,0.20645935150146477,True,PUT,2027-01-15,V
V270115P00355000,355.0,41.9,37.2,40.35,24.0,72.0,0.20684081741333005,True,PUT,2027-01-15,V
V270115P00360000,360.0,44.8,40.0,42.85,15.0,9019.0,0.19980658599853518,True,PUT,2027-01-15,V
V270115P00365000,365.0,31.55,43.45,45.45,2.0,8.0,0.1922230436706543,True,PUT,2027-01-15,V
V270115P00370000,370.0,52.45,46.75,49.85,2.0,223.0,0.19850960189819333,True,PUT,2027-01-15,V
V270115P00375000,375.0,55.45,50.25,53.15,10.0,12.0,0.1945270977783203,True,PUT,2027-01-15,V
V270115P00380000,380.0,57.6,53.95,56.75,1.0,1321.0,0.1919789054870606,True,PUT,2027-01-15,V
V270115P00385000,385.0,43.2,57.9,60.5,1.0,10.0,0.18967485137939455,True,PUT,2027-01-15,V
V270115P00390000,390.0,54.6,56.05,58.25,2.0,218.0,0.1046842462158203,True,PUT,2027-01-15,V
V270115P00395000,395.0,55.49,54.2,55.25,4.0,16.0,1.0000000000000003e-05,True,PUT,2027-01-15,V
V270115P00400000,400.0,77.04,69.75,72.7,6.0,5523.0,0.18573812316894528,True,PUT,2027-01-15,V
V270115P00405000,405.0,68.5,75.85,78.65,3.0,3.0,0.20456728057861323,True,PUT,2027-01-15,V
V270115P00410000,410.0,73.1,78.0,81.3,2.0,14.0,0.18325096542358393,True,PUT,2027-01-15,V
V270115P00415000,415.0,86.43,61.5,0.0,1.0,0.0,1.0000000000000003e-05,True,PUT,2027-01-15,V
V270115P00420000,420.0,90.95,86.7,90.65,4.0,0.0,0.18775226318359373,True,PUT,2027-01-15,V
V270115P00430000,430.0,101.0,74.0,0.0,2.0,0.0,1.0000000000000003e-05,True,PUT,2027-01-15,V
V270617C00240000,240.0,123.75,105.5,109.55,1.0,3.0,0.3795075477600098,True,CALL,2027-06-17,V
V270617C00250000,250.0,121.97,97.5,101.4,2.0,14.0,0.3666902931213379,True,CALL,2027-06-17,V
V270617C00260000,260.0,90.94,89.5,93.5,1.0,12.0,0.35491062576293936,True,CALL,2027-06-17,V
V270617C00270000,270.0,83.5,83.5,85.85,1.0,38.0,0.3438938902282715,True,CALL,2027-06-17,V
V270617C00280000,280.0,72.1,74.5,77.65,2.0,31.0,0.32712464874267577,True,CALL,2027-06-17,V
V270617C00290000,290.0,70.0,67.5,70.9,2.0,20.0,0.3202735209655761,True,CALL,2027-06-17,V
V270617C00300000,300.0,59.53,60.5,64.2,5.0,398.0,0.3118660122680663,True,CALL,2027-06-17,V
V270617C00305000,305.0,55.36,57.5,61.5,2.0,15.0,0.31153032226562494,True,CALL,2027-06-17,V
V270617C00310000,310.0,53.0,54.0,57.7,3.0,214.0,0.3030312617492676,True,CALL,2027-06-17,V
V270617C00315000,315.0,51.4,51.0,54.65,1.0,186.0,0.2992776371765136,True,CALL,2027-06-17,V
V270617C00320000,320.0,47.3,48.95,50.9,8.0,331.0,0.2903589641571044,True,CALL,2027-06-17,V
V270617C00325000,325.0,44.0,47.2,47.95,4.0,153.0,0.28635357208251955,True,CALL,2027-06-17,V
V270617C00330000,330.0,44.5,44.1,45.6,7.0,101.0,0.2857508559417724,True,CALL,2027-06-17,V
V270617C00335000,335.0,38.48,40.75,42.55,1.0,54.0,0.2800517552185058,False,CALL,2027-06-17,V
V270617C00340000,340.0,39.47,38.4,40.6,1.0,676.0,0.2809520147705078,False,CALL,2027-06-17,V
V270617C00345000,345.0,34.4,35.55,38.5,1.0,56.0,0.28031115203857415,False,CALL,2027-06-17,V
V270617C00350000,350.0,31.35,33.5,36.3,2.0,145.0,0.27849537429809573,False,CALL,2027-06-17,V
V270617C00355000,355.0,30.05,30.95,33.2,2.0,77.0,0.2703854090118408,False,CALL,2027-06-17,V
V270617C00360000,360.0,29.4,29.1,31.35,1.0,133.0,0.2697521755981446,False,CALL,2027-06-17,V
V270617C00365000,365.0,25.35,26.8,29.05,2.0,6.0,0.26567811965942384,False,CALL,2027-06-17,V
V270617C00370000,370.0,23.75,24.45,27.3,2.0,120.0,0.26462527374267575,False,CALL,2027-06-17,V
V270617C00375000,375.0,22.36,23.25,25.95,11.0,86.0,0.26567811965942384,False,CALL,2027-06-17,V
V270617C00380000,380.0,20.15,21.6,23.55,12.0,1261.0,0.25928475097656256,False,CALL,2027-06-17,V
V270617C00385000,385.0,18.85,19.85,22.65,10.0,91.0,0.26235173690795904,False,CALL,2027-06-17,V
V270617C00390000,390.0,17.45,18.25,20.95,5.0,127.0,0.2595594064331055,False,CALL,2027-06-17,V
V270617C00395000,395.0,16.1,17.4,19.0,5.0,8.0,0.254463021850586,False,CALL,2027-06-17,V
V270617C00400000,400.0,14.55,15.55,18.3,4.0,752.0,0.25760630096435544,False,CALL,2027-06-17,V
V270617C00405000,405.0,13.1,13.1,16.3,2.0,8.0,0.25096879409790035,False,CALL,2027-06-17,V
V270617C00410000,410.0,12.69,12.0,15.9,12.0,350.0,0.2555311264038086,False,CALL,2027-06-17,V
V270617C00415000,415.0,11.72,12.35,13.9,5.0,18.0,0.24761189407348633,False,CALL,2027-06-17,V
V270617C00420000,420.0,10.5,11.1,12.55,2.0,82.0,0.24393456268310548,False,CALL,2027-06-17,V
V270617C00425000,425.0,19.1,8.9,12.4,2.0,20.0,0.2494276718139648,False,CALL,2027-06-17,V
V270617C00430000,430.0,9.0,9.1,11.1,7.0,38.0,0.2451552536010742,False,CALL,2027-06-17,V
V270617P00240000,240.0,7.8,5.8,7.55,26.0,56.0,0.276801665649414,False,PUT,2027-06-17,V
V270617P00250000,250.0,9.25,7.4,9.1,1.0,132.0,0.26972165832519535,False,PUT,2027-06-17,V
V270617P00260000,260.0,11.4,9.6,11.1,201.0,216.0,0.26491518783569334,False,PUT,2027-06-17,V
V270617P00270000,270.0,13.3,10.85,13.25,25.0,243.0,0.2587659573364258,False,PUT,2027-06-17,V
V270617P00280000,280.0,15.62,13.75,14.9,2.0,400.0,0.24600973724365233,False,PUT,2027-06-17,V
V270617P00290000,290.0,18.14,16.5,17.4,11.0,204.0,0.23836516036987304,False,PUT,2027-06-17,V
V270617P00300000,300.0,20.73,19.4,21.2,2.0,139.0,0.23791503059387203,False,PUT,2027-06-17,V
V270617P00305000,305.0,23.61,20.55,22.75,1.0,10.0,0.23400119033813477,False,PUT,2027-06-17,V
V270617P00310000,310.0,24.2,21.75,25.2,2.0,105.0,0.2356948989868164,False,PUT,2027-06-17,V
V270617P00315000,315.0,26.2,23.85,25.75,2.0,83.0,0.22367109344482416,False,PUT,2027-06-17,V
V270617P00320000,320.0,28.25,25.25,27.3,2.0,25.0,0.21795673408508298,False,PUT,2027-06-17,V
V270617P00325000,325.0,31.0,27.2,30.4,1.0,106.0,0.22180953979492185,False,PUT,2027-06-17,V
V270617P00330000,330.0,32.5,29.95,33.0,2.0,53.0,0.2215654016113281,False,PUT,2027-06-17,V
V270617P00335000,335.0,35.5,31.75,35.15,20.0,82.0,0.21767444931030272,True,PUT,2027-06-17,V
V270617P00340000,340.0,37.5,34.8,36.35,10.0,171.0,0.20701629173278804,True,PUT,2027-06-17,V
V270617P00345000,345.0,40.1,37.2,40.0,2.0,47.0,0.21134211517333978,True,PUT,2027-06-17,V
V270617P00350000,350.0,44.05,39.6,42.0,20.0,412.0,0.2043536596679687,True,PUT,2027-06-17,V
V270617P00355000,355.0,33.25,41.15,45.45,3.0,26.0,0.2059558164978027,True,PUT,2027-06-17,V
V270617P00360000,360.0,46.79,44.85,48.5,1.0,144.0,0.20426210784912108,True,PUT,2027-06-17,V
V270617P00365000,365.0,36.02,44.5,46.0,1.0,3.0,0.16436077346801758,True,PUT,2027-06-17,V
V270617P00370000,370.0,54.5,51.4,53.7,2.0,93.0,0.1925282164001465,True,PUT,2027-06-17,V
V270617P00380000,380.0,59.46,57.5,61.0,1.0,648.0,0.1918720950317383,True,PUT,2027-06-17,V
V270617P00385000,385.0,67.25,61.05,64.5,1.0,2.0,0.18938493728637695,True,PUT,2027-06-17,V
V270617P00390000,390.0,47.01,58.0,59.6,5.0,23.0,0.10842261215209961,True,PUT,2027-06-17,V
V270617P00395000,395.0,73.75,67.7,70.85,1.0,4.0,0.1763998376464844,True,PUT,2027-06-17,V
V270617P00400000,400.0,75.5,0.0,0.0,1.0,6.0,1.0000000000000003e-05,True,PUT,2027-06-17,V
V270617P00405000,405.0,69.8,73.5,76.5,,9.0,0.14928524063110354,True,PUT,2027-06-17,V
V270617P00410000,410.0,70.8,72.0,75.15,,1.0,1.0000000000000003e-05,True,PUT,2027-06-17,V
V270617P00420000,420.0,77.0,88.6,93.0,1.0,3.0,0.1835103622436523,True,PUT,2027-06-17,V
V270617P00430000,430.0,78.15,92.5,96.5,6.0,128.0,1.0000000000000003e-05,True,PUT,2027-06-17,V
V271217C00240000,240.0,113.17,111.0,114.95,,6.0,0.3704896936035156,True,CALL,2027-12-17,V
V271217C00250000,250.0,101.0,103.5,107.5,1.0,71.0,0.3620974435424804,True,CALL,2027-12-17,V
V271217C00260000,260.0,93.15,96.0,100.5,2.0,32.0,0.3557803680419921,True,CALL,2027-12-17,V
V271217C00270000,270.0,86.2,88.5,92.7,1.0,84.0,0.3425206129455566,True,CALL,2027-12-17,V
V271217C00280000,280.0,80.03,81.5,85.2,2.0,14.0,0.3304968074035644,True,CALL,2027-12-17,V
V271217C00290000,290.0,72.5,75.0,78.0,1.0,66.0,0.3194648132324218,True,CALL,2027-12-17,V
V271217C00300000,300.0,70.37,69.85,72.0,9.0,90.0,0.3147193772888183,True,CALL,2027-12-17,V
V271217C00305000,305.0,63.08,65.5,68.85,1.0,8.0,0.3108742008972168,True,CALL,2027-12-17,V
V271217C00310000,310.0,61.5,62.05,65.6,1.0,69.0,0.3061135063171387,True,CALL,2027-12-17,V
V271217C00315000,315.0,59.15,59.6,62.8,1.0,25.0,0.3036644951629638,True,CALL,2027-12-17,V
V271217C00320000,320.0,75.2,56.5,60.3,8.0,67.0,0.30256587333679197,True,CALL,2027-12-17,V
V271217C00325000,325.0,52.28,53.85,56.9,3.0,24.0,0.2959512544250488,True,CALL,2027-12-17,V
V271217C00330000,330.0,50.4,51.95,54.25,1.0,73.0,0.29328099304199207,True,CALL,2027-12-17,V
V271217C00335000,335.0,51.62,48.0,52.05,4.0,55.0,0.29274694076538077,False,CALL,2027-12-17,V
V271217C00340000,340.0,46.82,46.7,49.2,1.0,196.0,0.2882151257324218,False,CALL,2027-12-17,V
V271217C00345000,345.0,46.4,43.0,46.85,5.0,54.0,0.2860941752624511,False,CALL,2027-12-17,V
V271217C00350000,350.0,40.22,42.3,44.55,1.0,360.0,0.28388167297363276,False,CALL,2027-12-17,V
V271217C00355000,355.0,39.07,38.5,42.2,4.0,248.0,0.2810130493164062,False,CALL,2027-12-17,V
V271217C00360000,360.0,36.85,36.9,39.65,2.0,52.0,0.2766948551940917,False,CALL,2027-12-17,V
V271217C00365000,365.0,50.5,35.5,37.8,2.0,28.0,0.2758403715515136,False,CALL,2027-12-17,V
V271217C00370000,370.0,32.85,33.25,35.4,1.0,83.0,0.2715832119750976,False,CALL,2027-12-17,V
V271217C00375000,375.0,29.84,31.35,33.85,1.0,346.0,0.27165187583923334,False,CALL,2027-12-17,V
V271217C00380000,380.0,28.05,28.5,32.35,3.0,464.0,0.27164424652099606,False,CALL,2027-12-17,V
V271217C00385000,385.0,41.3,27.3,30.25,2.0,42.0,0.267936397857666,False,CALL,2027-12-17,V
V271217C00390000,390.0,39.4,25.0,28.0,2.0,79.0,0.26297734100341796,False,CALL,2027-12-17,V
V271217C00395000,395.0,23.1,24.35,26.3,2.0,28.0,0.2607343214416504,False,CALL,2027-12-17,V
V271217C00400000,400.0,24.2,22.45,25.2,7.0,190.0,0.2615888050842285,False,CALL,2027-12-17,V
V271217C00405000,405.0,28.55,20.3,23.75,2.0,7.0,0.26009345870971684,False,CALL,2027-12-17,V
V271217C00410000,410.0,18.75,19.8,21.95,1.0,39.0,0.256141471862793,False,CALL,2027-12-17,V
V271217C00415000,415.0,26.46,18.95,20.75,2.0,5.0,0.2554014279937745,False,CALL,2027-12-17,V
V271217C00420000,420.0,18.5,17.25,20.0,1.0,44.0,0.2571180245971679,False,CALL,2027-12-17,V
V271217C00425000,425.0,20.6,0.0,0.0,7.0,8.0,0.0312596875,False,CALL,2027-12-17,V
V271217C00430000,430.0,24.7,14.8,16.95,3.0,59.0,0.24987017227172853,False,CALL,2027-12-17,V
V271217P00240000,240.0,10.38,9.35,10.3,1.0,35.0,0.26544924011230464,False,PUT,2027-12-17,V
V271217P00250000,250.0,12.48,10.45,11.95,1.0,51.0,0.2574537145996094,False,PUT,2027-12-17,V
V271217P00260000,260.0,14.5,12.1,14.55,1.0,60.0,0.2556684541320801,False,PUT,2027-12-17,V
V271217P00270000,270.0,17.01,14.2,16.35,5.0,48.0,0.24539939178466796,False,PUT,2027-12-17,V
V271217P00280000,280.0,19.27,17.25,19.25,2.0,48.0,0.24155421539306643,False,PUT,2027-12-17,V
V271217P00290000,290.0,22.0,20.3,23.0,3.0,29.0,0.24112697357177731,False,PUT,2027-12-17,V
V271217P00300000,300.0,24.65,23.4,24.25,1.0,272.0,0.22284712707519527,False,PUT,2027-12-17,V
V271217P00305000,305.0,27.2,24.25,26.25,1.0,28.0,0.22173324661254878,False,PUT,2027-12-17,V
V271217P00310000,310.0,29.26,26.7,29.1,5.0,89.0,0.22505962936401364,False,PUT,2027-12-17,V
V271217P00315000,315.0,29.9,27.7,31.5,1.0,64.0,0.22504437072753902,False,PUT,2027-12-17,V
V271217P00320000,320.0,33.45,29.25,31.85,2.0,83.0,0.21274590972900392,False,PUT,2027-12-17,V
V271217P00325000,325.0,35.7,31.6,34.1,1.0,18.0,0.21089961471557617,False,PUT,2027-12-17,V
V271217P00330000,330.0,37.85,34.55,36.0,6.0,82.0,0.20656616195678706,False,PUT,2027-12-17,V
V271217P00335000,335.0,31.08,36.1,39.5,1.0,109.0,0.21057155403137207,True,PUT,2027-12-17,V
V271217P00340000,340.0,41.42,39.1,40.4,4.0,189.0,0.19966925827026366,True,PUT,2027-12-17,V
V271217P00345000,345.0,45.1,41.5,44.45,2.0,31.0,0.20554383331298826,True,PUT,2027-12-17,V
V271217P00350000,350.0,46.93,42.9,46.75,1.0,62.0,0.20127141510009766,True,PUT,2027-12-17,V
V271217P00355000,355.0,38.0,45.5,49.5,1.0,24.0,0.19891395576477047,True,PUT,2027-12-17,V
V271217P00360000,360.0,42.55,48.55,51.75,1.0,38.0,0.19321485504150393,True,PUT,2027-12-17,V
V271217P00365000,365.0,63.45,0.0,0.0,5.0,2.0,1.0000000000000003e-05,True,PUT,2027-12-17,V
V271217P00370000,370.0,58.7,54.0,58.0,2.0,8.0,0.18982743774414065,True,PUT,2027-12-17,V
V271217P00375000,375.0,55.5,57.5,61.0,6.0,6.0,0.1865392015838623,True,PUT,2027-12-17,V
V271217P00380000,380.0,66.2,0.0,0.0,2.0,105.0,1.0000000000000003e-05,True,PUT,2027-12-17,V
V271217P00385000,385.0,61.25,60.9,65.4,,1.0,0.16803810485839848,True,PUT,2027-12-17,V
V271217P00390000,390.0,55.55,68.15,73.0,,1.0,0.19127700820922855,True,PUT,2027-12-17,V
V271217P00395000,395.0,59.39,70.4,74.5,,2.0,0.17603363037109376,True,PUT,2027-12-17,V
V271217P00400000,400.0,69.05,67.15,69.8,2.0,20.0,0.10563028167724609,True,PUT,2027-12-17,V
V271217P00410000,410.0,75.55,84.5,88.25,1.0,17.0,0.18654683090209961,True,PUT,2027-12-17,V
V271217P00415000,415.0,67.47,77.0,78.9,,5.0,1.0000000000000003e-05,True,PUT,2027-12-17,V
V271217P00420000,420.0,78.05,74.5,79.0,3.0,8.0,1.0000000000000003e-05,True,PUT,2027-12-17,V
V271217P00425000,425.0,92.55,0.0,0.0,2.0,33.0,1.0000000000000003e-05,True,PUT,2027-12-17,V
V271217P00430000,430.0,82.0,0.0,0.0,2.0,8.0,1.0000000000000003e-05,True,PUT,2027-12-17,V
V280121C00240000,240.0,111.9,112.5,116.0,1.0,9.0,0.369772537689209,True,CALL,2028-01-21,V
V280121C00250000,250.0,106.25,104.5,107.95,5.0,25.0,0.3565890757751465,True,CALL,2028-01-21,V
V280121C00260000,260.0,94.39,97.0,101.1,2.0,15.0,0.351294328918457,True,CALL,2028-01-21,V
V280121C00270000,270.0,91.75,90.6,93.65,2.0,22.0,0.34050647293090824,True,CALL,2028-01-21,V
V280121C00280000,280.0,79.65,83.0,87.5,1.0,12.0,0.3371648315429688,True,CALL,2028-01-21,V
V280121C00290000,290.0,74.61,76.5,80.2,3.0,10.0,0.32518680191040034,True,CALL,2028-01-21,V
V280121C00300000,300.0,71.95,71.2,73.0,2.0,91.0,0.312934116821289,True,CALL,2028-01-21,V
V280121C00310000,310.0,62.0,63.5,67.0,4.0,99.0,0.3066628172302246,True,CALL,2028-01-21,V
V280121C00320000,320.0,59.25,58.95,60.3,9.0,46.0,0.29514254669189455,True,CALL,2028-01-21,V
V280121C00330000,330.0,51.75,53.7,54.75,10.0,121.0,0.28882547119140617,True,CALL,2028-01-21,V
V280121C00340000,340.0,47.0,48.6,50.4,10.0,287.0,0.2876352975463866,False,CALL,2028-01-21,V
V280121C00350000,350.0,44.0,43.5,45.55,1.0,394.0,0.2822795161437988,False,CALL,2028-01-21,V
V280121C00360000,360.0,36.95,38.05,40.6,3.0,2590.0,0.2749935172271729,False,CALL,2028-01-21,V
V280121C00370000,370.0,35.19,34.85,37.4,5.0,60.0,0.27567252655029295,False,CALL,2028-01-21,V
V280121C00380000,380.0,29.95,30.5,33.35,5.0,24.0,0.2704082969665527,False,CALL,2028-01-21,V
V280121C00390000,390.0,26.2,26.5,30.0,2.0,41.0,0.2675549319458008,False,CALL,2028-01-21,V
V280121C00400000,400.0,24.8,23.45,26.85,21.0,1153.0,0.2644726873779296,False,CALL,2028-01-21,V
V280121C00410000,410.0,21.0,20.75,23.55,2.0,30.0,0.25914742324829104,False,CALL,2028-01-21,V
V280121C00420000,420.0,18.1,17.5,21.0,4.0,3140.0,0.25679759323120116,False,CALL,2028-01-21,V
V280121C00430000,430.0,16.9,16.7,18.8,2.0,112.0,0.2552869882202149,False,CALL,2028-01-21,V
V280121P00240000,240.0,11.0,9.8,11.65,1.0,73.0,0.27164424652099606,False,PUT,2028-01-21,V
V280121P00250000,250.0,12.75,11.3,12.8,1.0,31.0,0.2584913018798829,False,PUT,2028-01-21,V
V280121P00260000,260.0,11.47,12.9,16.0,5.0,50.0,0.26071906280517576,False,PUT,2028-01-21,V
V280121P00270000,270.0,17.15,15.4,17.75,30.0,415.0,0.2495497409057617,False,PUT,2028-01-21,V
V280121P00280000,280.0,19.75,18.05,19.7,2.0,131.0,0.2386855917358398,False,PUT,2028-01-21,V
V280121P00290000,290.0,22.05,20.05,22.4,3.0,184.0,0.2314224807739258,False,PUT,2028-01-21,V
V280121P00300000,300.0,25.14,23.2,24.6,1.0,264.0,0.21950548568725586,False,PUT,2028-01-21,V
V280121P00310000,310.0,28.08,26.55,28.45,2.0,33.0,0.2158052663421631,False,PUT,2028-01-21,V
V280121P00320000,320.0,32.25,30.55,32.4,3.0,57.0,0.21060207130432126,False,PUT,2028-01-21,V
V280121P00330000,330.0,36.25,34.6,36.7,2.0,154.0,0.2053149537658691,False,PUT,2028-01-21,V
V280121P00340000,340.0,42.05,39.55,40.75,4.0,23.0,0.1966633068847656,True,PUT,2028-01-21,V
V280121P00350000,350.0,47.6,43.95,46.7,10.0,44.0,0.1960834786987305,True,PUT,2028-01-21,V
V280121P00360000,360.0,51.0,49.55,53.0,4.0,81.0,0.19527477096557616,True,PUT,2028-01-21,V
V280121P00370000,370.0,62.11,55.15,58.5,5.0,105.0,0.18796588409423826,True,PUT,2028-01-21,V
V280121P00380000,380.0,51.45,60.75,63.5,1.0,69.0,0.17524018127441404,True,PUT,2028-01-21,V
V280121P00390000,390.0,56.6,68.35,71.5,2.0,139.0,0.17754423538208008,True,PUT,2028-01-21,V
V280121P00400000,400.0,80.0,74.65,78.5,2.0,119.0,0.17160862579345704,True,PUT,2028-01-21,V
V280121P00420000,420.0,83.0,90.0,94.0,2.0,3.0,0.16187361572265624,True,PUT,2028-01-21,V
V281215C00240000,240.0,120.37,121.5,126.0,1.0,0.0,0.3706956851959229,True,CALL,2028-12-15,V
V281215C00250000,250.0,112.51,114.5,118.5,5.0,5.0,0.3598239067077636,True,CALL,2028-12-15,V
V281215C00260000,260.0,104.88,107.5,111.5,1.0,188.0,0.35135536346435536,True,CALL,2028-12-15,V
V281215C00270000,270.0,98.68,101.0,105.55,1.0,7.0,0.3479679461669921,True,CALL,2028-12-15,V
V281215C00280000,280.0,92.2,94.5,99.3,10.0,13.0,0.34194078475952144,True,CALL,2028-12-15,V
V281215C00300000,300.0,81.07,82.5,86.0,7.0,25.0,0.32350835189819327,True,CALL,2028-12-15,V
V281215C00310000,310.0,74.81,76.5,80.5,3.0,3.0,0.31887735572814935,True,CALL,2028-12-15,V
V281215C00320000,320.0,70.53,71.0,74.85,7.0,69.0,0.3126518320465088,True,CALL,2028-12-15,V
V281215C00330000,330.0,68.45,66.0,70.1,12.0,68.0,0.30976794975280764,True,CALL,2028-12-15,V
V281215C00340000,340.0,60.17,61.8,64.05,1.0,176.0,0.30005582763671873,False,CALL,2028-12-15,V
V281215C00350000,350.0,57.07,56.0,59.35,1.0,34.0,0.29566896965026856,False,CALL,2028-12-15,V
V281215C00360000,360.0,53.0,52.0,54.8,1.0,30.0,0.29107612007141104,False,CALL,2028-12-15,V
V281215C00370000,370.0,49.17,47.0,51.0,6.0,23.0,0.288947540283203,False,CALL,2028-12-15,V
V281215C00380000,380.0,43.2,44.4,46.35,2.0,70.0,0.2821727056884765,False,CALL,2028-12-15,V
V281215C00390000,390.0,41.05,39.5,43.15,,2.0,0.280982532043457,False,CALL,2028-12-15,V
V281215C00400000,400.0,36.0,37.35,39.25,1.0,163.0,0.27580985427856436,False,CALL,2028-12-15,V
V281215C00410000,410.0,33.0,32.5,36.0,1.0,2.0,0.27270472175598137,False,CALL,2028-12-15,V
V281215C00420000,420.0,29.26,29.5,33.9,2.0,2.0,0.2740551110839844,False,CALL,2028-12-15,V
V281215C00430000,430.0,27.1,27.0,31.2,6.0,19.0,0.27190364334106437,False,CALL,2028-12-15,V
V281215P00240000,240.0,15.0,14.1,15.45,2.0,8.0,0.2532575895690918,False,PUT,2028-12-15,V
V281215P00250000,250.0,17.0,15.65,17.75,1.0,19.0,0.2480391358947754,False,PUT,2028-12-15,V
V281215P00270000,270.0,22.0,20.55,22.75,2.0,17.0,0.2361831753540039,False,PUT,2028-12-15,V
V281215P00280000,280.0,25.63,23.6,25.55,4.0,128.0,0.23012549667358395,False,PUT,2028-12-15,V
V281215P00290000,290.0,28.08,25.65,28.4,,6.0,0.22315229980468748,False,PUT,2028-12-15,V
V281215P00300000,300.0,31.6,28.8,31.6,9.0,111.0,0.21678944839477537,False,PUT,2028-12-15,V
V281215P00310000,310.0,37.18,32.2,35.95,5.0,11.0,0.21469901519775392,False,PUT,2028-12-15,V
V281215P00320000,320.0,39.45,37.3,39.7,2.0,6.0,0.20833616378784175,False,PUT,2028-12-15,V
V281215P00330000,330.0,43.95,40.6,44.5,1.0,8.0,0.2054599108123779,False,PUT,2028-12-15,V
V281215P00340000,340.0,48.55,44.35,47.5,2.0,4.0,0.19311567390441894,True,PUT,2028-12-15,V
V281215P00350000,350.0,54.7,50.5,53.5,2.0,7.0,0.1927723545837402,True,PUT,2028-12-15,V
V281215P00370000,370.0,64.0,61.15,64.5,5.0,7.0,0.18318993087768554,True,PUT,2028-12-15,V
V281215P00430000,430.0,107.2,101.1,105.5,4.0,7.0,0.15264214065551762,True,PUT,2028-12-15,V
VALE260130C00012500,12.5,4.94,3.75,6.4,1.0,15.0,5.046878691406249,True,CALL,2026-01-30,VALE
VALE260130C00013000,13.0,4.39,3.35,5.6,1.0,173.0,4.296879628906249,True,CALL,2026-01-30,VALE
VALE260130C00013500,13.5,3.65,3.0,4.55,1.0,165.0,3.2343769140624996,True,CALL,2026-01-30,VALE
VALE260130C00014000,14.0,2.6,2.58,3.1,12.0,2122.0,2.2265669335937495,True,CALL,2026-01-30,VALE
VALE260130C00014500,14.5,2.28,2.45,2.52,7.0,1480.0,1.3437532812499997,True,CALL,2026-01-30,VALE
VALE260130C00015000,15.0,1.87,1.95,2.01,31.0,2548.0,1.0781296093750001,True,CALL,2026-01-30,VALE
VALE260130C00015500,15.5,1.33,1.44,1.51,4.0,2322.0,0.8125018749999999,True,CALL,2026-01-30,VALE
VALE260130C00016000,16.0,0.92,0.97,1.03,115.0,4482.0,0.6875031250000001,True,CALL,2026-01-30,VALE
VALE260130C00016500,16.5,0.53,0.5,0.55,231.0,5455.0,0.5507857421875001,True,CALL,2026-01-30,VALE
VALE260130C00017000,17.0,0.17,0.15,0.17,2082.0,1059.0,0.39063109375,False,CALL,2026-01-30,VALE
VALE260130C00017500,17.5,0.04,0.02,0.05,307.0,360.0,0.445318046875,False,CALL,2026-01-30,VALE
VALE260130C00018000,18.0,0.02,0.0,0.02,33.0,214.0,0.5390671093750001,False,CALL,2026-01-30,VALE
VALE260130C00018500,18.5,0.02,0.0,0.01,32.0,44.0,0.5625043750000001,False,CALL,2026-01-30,VALE
VALE260130P00012000,12.0,0.01,0.0,2.13,,11.0,6.898438876953126,False,PUT,2026-01-30,VALE
VALE260130P00012500,12.5,0.01,0.0,0.52,21.0,23.0,3.6718758203125006,False,PUT,2026-01-30,VALE
VALE260130P00013000,13.0,0.01,0.0,0.1,2.0,129.0,2.1718795703125,False,PUT,2026-01-30,VALE
VALE260130P00013500,13.5,0.02,0.0,0.22,30.0,1601.0,2.3125042187499996,False,PUT,2026-01-30,VALE
VALE260130P00014000,14.0,0.01,0.0,2.13,2.0,279.0,4.937503828124999,False,PUT,2026-01-30,VALE
VALE260130P00014500,14.5,0.05,0.0,0.01,834.0,2198.0,0.937500625,False,PUT,2026-01-30,VALE
VALE260130P00015000,15.0,0.02,0.0,0.02,6.0,1280.0,0.8437515624999999,False,PUT,2026-01-30,VALE
VALE260130P00015500,15.5,0.02,0.01,0.02,170.0,4675.0,0.70312796875,False,PUT,2026-01-30,VALE
VALE260130P00016000,16.0,0.02,0.02,0.04,3080.0,4176.0,0.57812921875,False,PUT,2026-01-30,VALE
VALE260130P00016500,16.5,0.05,0.04,0.06,1910.0,685.0,0.42969320312500003,False,PUT,2026-01-30,VALE
VALE260130P00017000,17.0,0.18,0.18,0.2,125.0,35.0,0.3398503515625,True,PUT,2026-01-30,VALE
VALE260130P00017500,17.5,0.7,0.53,0.59,3.0,25.0,0.398443515625,True,PUT,2026-01-30,VALE
VALE260130P00018500,18.5,1.97,1.52,1.56,10.0,1.0,0.5625043750000001,True,PUT,2026-01-30,VALE
VALE260130P00019500,19.5,3.15,2.01,4.65,20.0,20.0,3.2968767578125,True,PUT,2026-01-30,VALE
VALE260130P00020500,20.5,3.81,1.75,5.65,20.0,0.0,2.0625048437499998,True,PUT,2026-01-30,VALE
VALE260206C00012500,12.5,3.82,2.71,6.25,5.0,5.0,1.0781296093750001,True,CALL,2026-02-06,VALE
VALE260206C00013000,13.0,1.53,3.35,5.75,3.0,28.0,2.1367234082031246,True,CALL,2026-02-06,VALE
VALE260206C00013500,13.5,2.51,2.81,5.3,4.0,6.0,1.9492190039062502,True,CALL,2026-02-06,VALE
VALE260206C00014000,14.0,2.57,2.79,3.1,94.0,1774.0,1.05078599609375,True,CALL,2026-02-06,VALE
VALE260206C00014500,14.5,2.37,1.15,4.4,1.0,202.0,1.189457177734375,True,CALL,2026-02-06,VALE
VALE260206C00015000,15.0,1.95,1.75,2.07,43.0,1474.0,0.7128934960937501,True,CALL,2026-02-06,VALE
VALE260206C00015500,15.5,1.2,0.91,1.99,40.0,480.0,1.107426337890625,True,CALL,2026-02-06,VALE
VALE260206C00016000,16.0,0.85,1.06,1.1,77.0,761.0,0.47461462890625,True,CALL,2026-02-06,VALE
VALE260206C00016500,16.5,0.64,0.59,0.75,121.0,1777.0,0.4726615234375,True,CALL,2026-02-06,VALE
VALE260206C00017000,17.0,0.33,0.35,0.38,1760.0,1024.0,0.38281867187499996,False,CALL,2026-02-06,VALE
VALE260206C00017500,17.5,0.16,0.17,0.2,291.0,158.0,0.39063109375,False,CALL,2026-02-06,VALE
VALE260206C00018000,18.0,0.1,0.08,0.11,361.0,228.0,0.41797457031249996,False,CALL,2026-02-06,VALE
VALE260206C00018500,18.5,0.06,0.05,0.07,40.0,107.0,0.46094289062500005,False,CALL,2026-02-06,VALE
VALE260206C00019500,19.5,0.02,0.01,0.03,1.0,45.0,0.500005,False,CALL,2026-02-06,VALE
VALE260206C00020500,20.5,0.02,0.0,0.02,101.0,4.0,0.5625043750000001,False,CALL,2026-02-06,VALE
VALE260206P00012000,12.0,0.01,0.0,0.02,1.0,2.0,0.98437515625,False,PUT,2026-02-06,VALE
VALE260206P00012500,12.5,0.05,0.0,0.02,1.0,2.0,0.87500125,False,PUT,2026-02-06,VALE
VALE260206P00013000,13.0,0.04,0.01,0.03,1.0,26.0,0.87500125,False,PUT,2026-02-06,VALE
VALE260206P00013500,13.5,0.02,0.01,0.03,1000.0,1030.0,0.7656273437500001,False,PUT,2026-02-06,VALE
VALE260206P00014000,14.0,0.02,0.01,0.04,1.0,396.0,0.6875031250000001,False,PUT,2026-02-06,VALE
VALE260206P00014500,14.5,0.03,0.02,0.04,2.0,1111.0,0.6015664843750002,False,PUT,2026-02-06,VALE
VALE260206P00015000,15.0,0.04,0.03,0.06,24.0,416.0,0.5390671093750001,False,PUT,2026-02-06,VALE
VALE260206P00015500,15.5,0.07,0.05,0.07,3000.0,877.0,0.476567734375,False,PUT,2026-02-06,VALE
VALE260206P00016000,16.0,0.09,0.08,0.11,656.0,1150.0,0.414068359375,False,PUT,2026-02-06,VALE
VALE260206P00020500,20.5,4.15,2.6,5.65,20.0,25.0,1.5625021874999998,True,PUT,2026-02-06,VALE
VALE260213C00012500,12.5,2.32,2.82,6.35,4.0,9.0,1.08984830078125,True,CALL,2026-02-13,VALE
VALE260213C00013000,13.0,1.68,3.35,5.85,10.0,15.0,1.6582048339843751,True,CALL,2026-02-13,VALE
VALE260213C00013500,13.5,2.58,3.05,5.25,1.0,1133.0,1.5585959570312498,True,CALL,2026-02-13,VALE
VALE260213C00014000,14.0,3.75,1.86,3.2,1.0,365.0,0.9257819921875,True,CALL,2026-02-13,VALE
VALE260213C00014500,14.5,2.6,0.81,3.55,11.0,90.0,1.6142597412109376,True,CALL,2026-02-13,VALE
VALE260213C00015000,15.0,1.74,1.78,2.2,20.0,140.0,0.6894562304687502,True,CALL,2026-02-13,VALE
VALE260213C00015500,15.5,1.24,1.26,1.96,1.0,624.0,0.804689453125,True,CALL,2026-02-13,VALE
VALE260213C00016000,16.0,1.2,1.05,1.41,7.0,260.0,0.62305064453125,True,CALL,2026-02-13,VALE
VALE260213C00016500,16.5,0.83,0.78,0.83,25.0,55.0,0.41602146484374997,True,CALL,2026-02-13,VALE
VALE260213C00017000,17.0,0.55,0.5,0.53,3669.0,3151.0,0.39258419921875,False,CALL,2026-02-13,VALE
VALE260213C00017500,17.5,0.26,0.31,0.34,22.0,156.0,0.40039662109375,False,CALL,2026-02-13,VALE
VALE260213C00018000,18.0,0.21,0.18,0.21,69.0,1005.0,0.40820904296875,False,CALL,2026-02-13,VALE
VALE260213C00019500,19.5,0.06,0.04,0.07,3.0,717.0,0.48438015625,False,CALL,2026-02-13,VALE
VALE260213P00012000,12.0,0.03,0.01,0.03,1.0,1.0,0.8125018749999999,False,PUT,2026-02-13,VALE
VALE260213P00012500,12.5,0.05,0.01,0.04,,2.0,0.7656273437500001,False,PUT,2026-02-13,VALE
VALE260213P00013000,13.0,0.06,0.02,0.04,1.0,24.0,0.6953155468750001,False,PUT,2026-02-13,VALE
VALE260213P00013500,13.5,0.06,0.02,0.05,9.0,44.0,0.632816171875,False,PUT,2026-02-13,VALE
VALE260213P00014000,14.0,0.04,0.03,0.06,6.0,32.0,0.57812921875,False,PUT,2026-02-13,VALE
VALE260213P00014500,14.5,0.05,0.04,0.07,1.0,36.0,0.5117236328125,False,PUT,2026-02-13,VALE
VALE260213P00015000,15.0,0.08,0.06,0.09,20.0,304.0,0.48438015625,False,PUT,2026-02-13,VALE
VALE260213P00015500,15.5,0.12,0.1,0.12,1511.0,153.0,0.42578699218750005,False,PUT,2026-02-13,VALE
VALE260213P00016000,16.0,0.19,0.16,0.2,1504.0,3.0,0.398443515625,False,PUT,2026-02-13,VALE
VALE260220C00012000,12.0,4.7,4.6,5.5,5.0,2454.0,0.937500625,True,CALL,2026-02-20,VALE
VALE260220C00013000,13.0,3.95,3.9,4.1,40.0,10090.0,0.6562534375000001,True,CALL,2026-02-20,VALE
VALE260220C00013500,13.5,3.65,2.12,5.35,3.0,3.0,0.9101571484375,True,CALL,2026-02-20,VALE
VALE260220C00014000,14.0,3.1,2.82,3.1,236.0,19715.0,0.6562534375000001,True,CALL,2026-02-20,VALE
VALE260220C00014500,14.5,2.37,2.13,2.68,2.0,74.0,0.6543003320312502,True,CALL,2026-02-20,VALE
VALE260220C00015000,15.0,2.02,2.02,2.18,202.0,7153.0,0.5566450585937501,True,CALL,2026-02-20,VALE
VALE260220C00015500,15.5,1.76,1.58,1.72,33.0,599.0,0.49219257812500006,True,CALL,2026-02-20,VALE
VALE260220C00016000,16.0,1.22,1.21,1.26,211.0,5070.0,0.41602146484374997,True,CALL,2026-02-20,VALE
VALE260220C00016500,16.5,0.86,0.86,0.91,545.0,1880.0,0.39649041015625003,True,CALL,2026-02-20,VALE
VALE260220C00017000,17.0,0.58,0.58,0.61,477.0,6170.0,0.37500625,False,CALL,2026-02-20,VALE
VALE260220C00017500,17.5,0.42,0.37,0.4,2661.0,1015.0,0.3711000390625,False,CALL,2026-02-20,VALE
VALE260220C00018000,18.0,0.25,0.24,0.27,178.0,2638.0,0.38281867187499996,False,CALL,2026-02-20,VALE
VALE260220C00018500,18.5,0.16,0.16,0.18,524.0,148.0,0.39453730468750003,False,CALL,2026-02-20,VALE
VALE260220C00019000,19.0,0.12,0.1,0.13,758.0,173.0,0.41602146484374997,False,CALL,2026-02-20,VALE
VALE260220C00019500,19.5,0.1,0.06,0.09,511.0,26.0,0.43164630859375,False,CALL,2026-02-20,VALE
VALE260220C00020000,20.0,0.08,0.05,0.07,908.0,295.0,0.45703667968750006,False,CALL,2026-02-20,VALE
VALE260220C00021000,21.0,0.03,0.02,0.05,32.0,46.0,0.51562984375,False,CALL,2026-02-20,VALE
VALE260220C00022000,22.0,0.04,0.01,0.03,45.0,83.0,0.51562984375,False,CALL,2026-02-20,VALE
VALE260220P00012000,12.0,0.02,0.02,0.04,4.0,5176.0,0.726565234375,False,PUT,2026-02-20,VALE
VALE260220P00012500,12.5,0.04,0.02,0.04,,7.0,0.6562534375000001,False,PUT,2026-02-20,VALE
VALE260220P00013000,13.0,0.03,0.03,0.04,6.0,5423.0,0.6015664843750002,False,PUT,2026-02-20,VALE
VALE260220P00013500,13.5,0.06,0.04,0.06,2.0,141.0,0.5664105859375,False,PUT,2026-02-20,VALE
VALE260220P00014000,14.0,0.06,0.05,0.07,11.0,5920.0,0.5117236328125,False,PUT,2026-02-20,VALE
VALE260220P00014500,14.5,0.06,0.06,0.09,1507.0,24125.0,0.48438015625,False,PUT,2026-02-20,VALE
VALE260220P00015000,15.0,0.09,0.09,0.12,25.0,24162.0,0.43945873046875,False,PUT,2026-02-20,VALE
VALE260220P00015500,15.5,0.2,0.14,0.17,123.0,887.0,0.4023497265625,False,PUT,2026-02-20,VALE
VALE260220P00016000,16.0,0.23,0.24,0.25,240.0,1689.0,0.36914693359375,False,PUT,2026-02-20,VALE
VALE260220P00016500,16.5,0.4,0.36,0.39,70.0,268.0,0.34961587890624996,False,PUT,2026-02-20,VALE
VALE260220P00017000,17.0,0.63,0.57,0.61,84.0,374.0,0.34278000976562495,True,PUT,2026-02-20,VALE
VALE260220P00018000,18.0,1.9,1.03,3.65,6.0,7.0,1.009770576171875,True,PUT,2026-02-20,VALE
VALE260220P00020000,20.0,5.24,1.28,4.95,,0.0,1.7441419042968749,True,PUT,2026-02-20,VALE
VALE260220P00021000,21.0,4.99,3.3,6.15,20.0,10.0,1.115238798828125,True,PUT,2026-02-20,VALE
VALE260227C00012000,12.0,2.07,3.2,6.85,,2.0,0.7695335546875001,True,CALL,2026-02-27,VALE
VALE260227C00013000,13.0,1.71,2.26,5.85,,1.0,0.6718782812500002,True,CALL,2026-02-27,VALE
VALE260227C00013500,13.5,2.76,2.82,5.4,1.0,1.0,1.109379453125,True,CALL,2026-02-27,VALE
VALE260227C00014000,14.0,3.55,1.03,3.2,1.0,3.0,0.6757844921875001,True,CALL,2026-02-27,VALE
VALE260227C00014500,14.5,2.34,2.17,4.35,3.0,38.0,0.993164130859375,True,CALL,2026-02-27,VALE
VALE260227C00015000,15.0,2.4,1.7,2.35,14.0,72.0,0.6132851171875001,True,CALL,2026-02-27,VALE
VALE260227C00015500,15.5,2.0,0.88,2.12,15.0,17.0,0.68555001953125,True,CALL,2026-02-27,VALE
VALE260227C00016000,16.0,1.25,0.98,1.49,27.0,199.0,0.5009815527343751,True,CALL,2026-02-27,VALE
VALE260227C00016500,16.5,0.96,0.78,1.04,18.0,275.0,0.41699801757812494,True,CALL,2026-02-27,VALE
VALE260227C00017000,17.0,0.68,0.51,0.75,20.0,701.0,0.40039662109375,False,CALL,2026-02-27,VALE
VALE260227C00017500,17.5,0.45,0.28,0.54,73.0,293.0,0.39942006835937505,False,CALL,2026-02-27,VALE
VALE260227P00012500,12.5,0.37,0.0,1.48,,1.0,1.39453427734375,False,PUT,2026-02-27,VALE
VALE260227P00013000,13.0,0.05,0.0,0.35,1.0,6.0,0.7597680273437502,False,PUT,2026-02-27,VALE
VALE260227P00013500,13.5,0.5,0.0,0.51,,1.0,0.76367423828125,False,PUT,2026-02-27,VALE
VALE260227P00014000,14.0,0.08,0.04,0.11,21.0,33.0,0.5214891601562499,False,PUT,2026-02-27,VALE
VALE260227P00015000,15.0,0.68,0.0,1.0,95.0,14.0,0.6787141503906251,False,PUT,2026-02-27,VALE
VALE260227P00015500,15.5,0.22,0.01,0.62,100.0,83.0,0.6523472265625001,False,PUT,2026-02-27,VALE
VALE260227P00016000,16.0,0.33,0.0,1.03,3.0,80.0,0.773439765625,False,PUT,2026-02-27,VALE
VALE260227P00016500,16.5,0.7,0.0,1.24,17.0,63.0,0.7607445800781252,False,PUT,2026-02-27,VALE
VALE260306C00014500,14.5,1.68,0.94,4.6,40.0,40.0,0.5830119824218749,True,CALL,2026-03-06,VALE
VALE260306C00015500,15.5,2.63,0.5,3.8,1.0,11.0,0.632816171875,True,CALL,2026-03-06,VALE
VALE260306C00016000,16.0,1.0,0.7,1.58,3.0,218.0,0.49805189453125004,True,CALL,2026-03-06,VALE
VALE260306C00016500,16.5,1.08,0.95,1.12,34.0,42.0,0.414068359375,True,CALL,2026-03-06,VALE
VALE260306P00014500,14.5,0.15,0.02,0.29,1.0,1.0,0.5566450585937501,False,PUT,2026-03-06,VALE
VALE260320C00012000,12.0,5.28,4.55,5.3,61.0,9601.0,0.88476677734375,True,CALL,2026-03-20,VALE
VALE260320C00013000,13.0,3.91,3.95,4.2,152.0,15280.0,0.5410202148437502,True,CALL,2026-03-20,VALE
VALE260320C00014000,14.0,3.15,2.8,3.25,163.0,42962.0,0.5546919531250001,True,CALL,2026-03-20,VALE
VALE260320C00015000,15.0,2.2,2.02,2.29,222.0,19996.0,0.43945873046875,True,CALL,2026-03-20,VALE
VALE260320C00016000,16.0,1.41,1.3,1.48,288.0,11966.0,0.38086556640624997,True,CALL,2026-03-20,VALE
VALE260320C00017000,17.0,0.86,0.82,0.85,1513.0,17809.0,0.34766277343749996,False,CALL,2026-03-20,VALE
VALE260320C00018000,18.0,0.47,0.45,0.49,551.0,6555.0,0.35547519531249994,False,CALL,2026-03-20,VALE
VALE260320C00019000,19.0,0.28,0.26,0.29,1889.0,5357.0,0.37402969726562496,False,CALL,2026-03-20,VALE
VALE260320C00020000,20.0,0.19,0.14,0.18,1652.0,2159.0,0.39649041015625003,False,CALL,2026-03-20,VALE
VALE260320C00021000,21.0,0.11,0.11,0.12,2687.0,74.0,0.42383388671875,False,CALL,2026-03-20,VALE
VALE260320C00022000,22.0,0.08,0.06,0.09,688.0,410.0,0.45703667968750006,False,CALL,2026-03-20,VALE
VALE260320P00012000,12.0,0.06,0.04,0.06,2.0,27518.0,0.5390671093750001,False,PUT,2026-03-20,VALE
VALE260320P00013000,13.0,0.09,0.07,0.1,40.0,7034.0,0.5039112109375,False,PUT,2026-03-20,VALE
VALE260320P00014000,14.0,0.16,0.12,0.15,2.0,10244.0,0.437505625,False,PUT,2026-03-20,VALE
VALE260320P00015000,15.0,0.25,0.25,0.27,103.0,3647.0,0.39453730468750003,False,PUT,2026-03-20,VALE
VALE260320P00016000,16.0,0.52,0.49,0.53,292.0,1217.0,0.37695935546875,False,PUT,2026-03-20,VALE
VALE260320P00017000,17.0,1.1,0.92,1.01,35.0,46.0,0.387701435546875,True,PUT,2026-03-20,VALE
VALE260320P00019000,19.0,2.99,0.77,4.7,2.0,2.0,0.5556685058593751,True,PUT,2026-03-20,VALE
VALE260320P00020000,20.0,4.1,1.71,5.55,100.0,243.0,0.6113320117187502,True,PUT,2026-03-20,VALE
VALE260417C00012000,12.0,4.02,4.55,5.8,,1.0,0.6210975390625001,True,CALL,2026-04-17,VALE
VALE260417C00013000,13.0,3.35,3.6,4.35,1.0,11.0,0.6171913281250001,True,CALL,2026-04-17,VALE
VALE260417C00014000,14.0,2.98,2.96,3.85,14.0,36.0,0.523442265625,True,CALL,2026-04-17,VALE
VALE260417C00015000,15.0,2.3,2.1,2.48,25.0,352.0,0.4335994140625,True,CALL,2026-04-17,VALE
VALE260417C00016000,16.0,1.43,1.5,1.75,304.0,7553.0,0.40039662109375,True,CALL,2026-04-17,VALE
VALE260417C00017000,17.0,1.0,0.98,1.03,347.0,6322.0,0.3364324169921875,False,CALL,2026-04-17,VALE
VALE260417C00018000,18.0,0.64,0.61,0.65,534.0,1628.0,0.3393620751953125,False,CALL,2026-04-17,VALE
VALE260417C00019000,19.0,0.41,0.37,0.43,64.0,434.0,0.35645174804687496,False,CALL,2026-04-17,VALE
VALE260417C00020000,20.0,0.27,0.24,0.28,653.0,1403.0,0.36914693359375,False,CALL,2026-04-17,VALE
VALE260417C00021000,21.0,0.19,0.16,0.2,11.0,16.0,0.39063109375,False,CALL,2026-04-17,VALE
VALE260417C00022000,22.0,0.14,0.12,0.15,139.0,766.0,0.414068359375,False,CALL,2026-04-17,VALE
VALE260417P00012000,12.0,0.09,0.07,0.1,6.0,5.0,0.500005,False,PUT,2026-04-17,VALE
VALE260417P00013000,13.0,0.1,0.11,0.14,1513.0,1620.0,0.44043528320312497,False,PUT,2026-04-17,VALE
VALE260417P00014000,14.0,0.26,0.2,0.23,2.0,23.0,0.4023497265625,False,PUT,2026-04-17,VALE
VALE260417P00015000,15.0,0.45,0.35,0.4,40.0,495.0,0.375982802734375,False,PUT,2026-04-17,VALE
VALE260417P00016000,16.0,0.71,0.65,0.68,46.0,6618.0,0.35596347167968745,False,PUT,2026-04-17,VALE
VALE260417P00017000,17.0,1.21,1.11,1.18,6.0,36.0,0.3657289990234375,True,PUT,2026-04-17,VALE
VALE260618C00012000,12.0,5.06,4.85,5.2,66.0,56672.0,0.477544287109375,True,CALL,2026-06-18,VALE
VALE260618C00013000,13.0,3.95,4.15,4.25,7.0,13545.0,0.41699801757812494,True,CALL,2026-06-18,VALE
VALE260618C00014000,14.0,3.27,3.25,3.4,150.0,4564.0,0.3891662646484375,True,CALL,2026-06-18,VALE
VALE260618C00015000,15.0,2.45,2.52,2.56,3649.0,97416.0,0.34766277343749996,True,CALL,2026-06-18,VALE
VALE260618C00016000,16.0,1.79,1.81,1.96,334.0,8741.0,0.3530338134765625,True,CALL,2026-06-18,VALE
VALE260618C00017000,17.0,1.36,1.31,1.4,1087.0,27029.0,0.3398503515625,False,CALL,2026-06-18,VALE
VALE260618C00018000,18.0,0.99,0.95,1.0,867.0,12378.0,0.3393620751953125,False,CALL,2026-06-18,VALE
VALE260618C00019000,19.0,0.71,0.69,0.73,402.0,3474.0,0.34766277343749996,False,CALL,2026-06-18,VALE
VALE260618C00020000,20.0,0.5,0.5,0.54,1048.0,9887.0,0.3579165771484375,False,CALL,2026-06-18,VALE
VALE260618C00021000,21.0,0.34,0.37,0.41,53.0,2886.0,0.3706117626953125,False,CALL,2026-06-18,VALE
VALE260618C00022000,22.0,0.33,0.28,0.32,1.0,108.0,0.38477177734374995,False,CALL,2026-06-18,VALE
VALE260618P00012000,12.0,0.16,0.13,0.16,11100.0,25288.0,0.41992767578125,False,PUT,2026-06-18,VALE
VALE260618P00013000,13.0,0.28,0.2,0.26,3001.0,30967.0,0.39551385742187506,False,PUT,2026-06-18,VALE
VALE260618P00014000,14.0,0.38,0.36,0.4,14.0,4442.0,0.36914693359375,False,PUT,2026-06-18,VALE
VALE260618P00015000,15.0,0.62,0.58,0.63,11190.0,5308.0,0.352545537109375,False,PUT,2026-06-18,VALE
VALE260618P00016000,16.0,0.93,0.93,0.97,23.0,5897.0,0.3413151806640625,False,PUT,2026-06-18,VALE
VALE260618P00017000,17.0,1.38,1.39,1.46,511.0,14.0,0.34107104248046877,True,PUT,2026-06-18,VALE
VALE260618P00020000,20.0,3.4,1.82,5.75,3.0,41.0,0.8955088574218748,True,PUT,2026-06-18,VALE
VALE260918C00012000,12.0,4.97,5.1,5.3,1.0,14240.0,0.41309180664062495,True,CALL,2026-09-18,VALE
VALE260918C00013000,13.0,4.11,4.2,4.5,4.0,70.0,0.4057676611328125,True,CALL,2026-09-18,VALE
VALE260918C00014000,14.0,3.51,3.4,3.7,5.0,187.0,0.38233039550781245,True,CALL,2026-09-18,VALE
VALE260918C00015000,15.0,2.9,2.77,2.92,14.0,4629.0,0.35156898437499995,True,CALL,2026-09-18,VALE
VALE260918C00016000,16.0,2.07,2.12,2.34,6.0,7466.0,0.34961587890624996,True,CALL,2026-09-18,VALE
VALE260918C00017000,17.0,1.73,1.64,1.75,190.0,19427.0,0.32959654785156245,False,CALL,2026-09-18,VALE
VALE260918C00018000,18.0,1.3,1.32,1.39,1225.0,726.0,0.3371648315429688,False,CALL,2026-09-18,VALE
VALE260918C00019000,19.0,1.02,1.03,1.07,3515.0,69.0,0.33765310791015624,False,CALL,2026-09-18,VALE
VALE260918C00020000,20.0,0.8,0.72,0.84,178.0,1749.0,0.34326828613281246,False,CALL,2026-09-18,VALE
VALE260918C00021000,21.0,0.58,0.57,0.66,10.0,4090.0,0.3481510498046875,False,CALL,2026-09-18,VALE
VALE260918P00012000,12.0,0.28,0.26,0.33,60.0,2096.0,0.4028380029296875,False,PUT,2026-09-18,VALE
VALE260918P00013000,13.0,0.46,0.42,0.5,2.0,2284.0,0.38867798828125,False,PUT,2026-09-18,VALE
VALE260918P00014000,14.0,0.66,0.63,0.73,102.0,102.0,0.3754945263671875,False,PUT,2026-09-18,VALE
VALE260918P00015000,15.0,1.07,0.93,1.05,14.0,2023.0,0.3676821044921875,False,PUT,2026-09-18,VALE
VALE260918P00016000,16.0,1.6,1.31,1.47,2.0,7.0,0.36426416992187505,False,PUT,2026-09-18,VALE
VALE260918P00017000,17.0,2.0,1.82,2.01,201.0,214.0,0.3676821044921875,True,PUT,2026-09-18,VALE
VALE260918P00020000,20.0,8.8,6.05,10.0,,2.0,1.1228071203613283,True,PUT,2026-09-18,VALE
VALE261218C00012000,12.0,5.08,5.25,5.4,4.0,8640.0,0.38184211914062494,True,CALL,2026-12-18,VALE
VALE261218C00015000,15.0,2.8,2.93,3.25,277.0,7116.0,0.358404853515625,True,CALL,2026-12-18,VALE
VALE261218C00017000,17.0,2.14,1.92,2.16,19.0,2222.0,0.34448897705078124,False,CALL,2026-12-18,VALE
VALE261218C00020000,20.0,1.14,1.1,1.14,192.0,4214.0,0.34229173339843744,False,CALL,2026-12-18,VALE
VALE261218C00022000,22.0,0.71,0.7,0.77,162.0,7894.0,0.3501041552734374,False,CALL,2026-12-18,VALE
VALE261218P00012000,12.0,0.5,0.46,0.56,25.0,32205.0,0.4116269775390625,False,PUT,2026-12-18,VALE
VALE261218P00015000,15.0,1.41,1.25,1.41,8.0,288.0,0.37720349365234374,False,PUT,2026-12-18,VALE
VALE261218P00017000,17.0,2.3,2.17,2.39,30.0,3052.0,0.372076591796875,True,PUT,2026-12-18,VALE
VALE261218P00020000,20.0,4.1,4.1,4.5,1.0,22.0,0.3920959228515625,True,PUT,2026-12-18,VALE
VALE261218P00022000,22.0,10.81,8.1,12.35,20.0,20.0,1.062992966308594,True,PUT,2026-12-18,VALE
VALE270115C00012000,12.0,5.25,5.25,5.45,93.0,29380.0,0.3803772900390625,True,CALL,2027-01-15,VALE
VALE270115C00015000,15.0,3.11,3.1,3.3,780.0,63542.0,0.352545537109375,True,CALL,2027-01-15,VALE
VALE270115C00017000,17.0,2.13,2.03,2.23,2729.0,30013.0,0.3413151806640625,False,CALL,2027-01-15,VALE
VALE270115C00020000,20.0,1.2,1.15,1.16,1337.0,26203.0,0.3315496533203125,False,CALL,2027-01-15,VALE
VALE270115P00012000,12.0,0.55,0.48,0.57,4.0,45742.0,0.397466962890625,False,PUT,2027-01-15,VALE
VALE270115P00015000,15.0,1.42,1.32,1.46,20.0,31378.0,0.3706117626953125,False,PUT,2027-01-15,VALE
VALE270115P00017000,17.0,2.43,2.22,2.44,13.0,4131.0,0.36475244628906256,True,PUT,2027-01-15,VALE
VALE270115P00020000,20.0,4.18,4.15,4.55,3.0,1.0,0.38403936279296874,True,PUT,2027-01-15,VALE
VALE271217C00012000,12.0,5.6,5.4,5.6,2.0,2578.0,0.3007882421875,True,CALL,2027-12-17,VALE
VALE271217C00015000,15.0,3.5,3.4,3.85,54.0,594.0,0.31958688232421867,True,CALL,2027-12-17,VALE
VALE271217C00017000,17.0,2.52,2.37,2.82,8.0,253.0,0.3086006640625,False,CALL,2027-12-17,VALE
VALE271217C00020000,20.0,1.71,1.63,1.82,115.0,2743.0,0.31055376953124997,False,CALL,2027-12-17,VALE
VALE271217P00012000,12.0,0.9,0.87,1.0,3.0,920.0,0.36133451171875,False,PUT,2027-12-17,VALE
VALE271217P00015000,15.0,2.11,1.87,2.12,1.0,5.0,0.34570966796874997,False,PUT,2027-12-17,VALE
VALE271217P00020000,20.0,7.5,4.7,5.2,5.0,6.0,0.3461979443359374,True,PUT,2027-12-17,VALE
VALE280121C00012000,12.0,5.55,5.45,5.75,308.0,2442.0,0.3198310205078124,True,CALL,2028-01-21,VALE
VALE280121C00015000,15.0,3.75,3.6,3.9,24.0,7200.0,0.31763377685546873,True,CALL,2028-01-21,VALE
VALE280121C00017000,17.0,2.88,2.6,2.92,113.0,15661.0,0.3117744604492187,False,CALL,2028-01-21,VALE
VALE280121C00020000,20.0,1.77,1.7,1.91,230.0,14565.0,0.31250687499999996,False,CALL,2028-01-21,VALE
VALE280121P00012000,12.0,0.96,0.89,1.1,25.0,24777.0,0.36865865722656255,False,PUT,2028-01-21,VALE
VALE280121P00015000,15.0,2.03,1.89,2.17,1.0,3444.0,0.34326828613281246,False,PUT,2028-01-21,VALE
VALE280121P00017000,17.0,3.1,2.86,3.2,156.0,159.0,0.33618827880859375,True,PUT,2028-01-21,VALE
VALE280121P00020000,20.0,5.1,4.75,5.25,3.0,24.0,0.3430241479492187,True,PUT,2028-01-21,VALE
VFC260130C00015000,15.0,4.97,3.65,6.95,1.0,5.0,2.3750040624999995,True,CALL,2026-01-30,VFC
VFC260130C00015500,15.5,4.4,4.05,5.7,4.0,9.0,2.6093784765625,True,CALL,2026-01-30,VFC
VFC260130C00016000,16.0,3.95,3.55,4.4,52.0,51.0,2.47656630859375,True,CALL,2026-01-30,VFC
VFC260130C00016500,16.5,3.04,2.29,3.8,4.0,8.0,1.734376328125,True,CALL,2026-01-30,VFC
VFC260130C00017000,17.0,1.76,1.66,3.25,12.0,12.0,1.000005,True,CALL,2026-01-30,VFC
VFC260130C00017500,17.5,1.26,1.53,2.81,2.0,87.0,1.3750031249999999,True,CALL,2026-01-30,VFC
VFC260130C00018000,18.0,0.98,1.27,2.32,90.0,298.0,1.203128984375,True,CALL,2026-01-30,VFC
VFC260130C00018500,18.5,0.96,0.92,1.76,78.0,203.0,0.6875031250000001,True,CALL,2026-01-30,VFC
VFC260130C00019000,19.0,1.01,1.0,1.32,128.0,404.0,0.773439765625,True,CALL,2026-01-30,VFC
VFC260130C00019500,19.5,0.75,0.63,0.83,51.0,981.0,0.5664105859375,True,CALL,2026-01-30,VFC
VFC260130C00020000,20.0,0.4,0.33,0.45,384.0,2134.0,0.5273484765625001,True,CALL,2026-01-30,VFC
VFC260130C00020500,20.5,0.15,0.1,0.2,29.0,1047.0,0.51562984375,False,CALL,2026-01-30,VFC
VFC260130C00021000,21.0,0.07,0.03,0.11,1129.0,1012.0,0.51562984375,False,CALL,2026-01-30,VFC
VFC260130C00021500,21.5,0.01,0.0,0.05,503.0,589.0,0.5468795312500001,False,CALL,2026-01-30,VFC
VFC260130C00022000,22.0,0.04,0.0,0.04,14.0,678.0,0.6718782812500002,False,CALL,2026-01-30,VFC
VFC260130C00022500,22.5,0.34,0.0,0.2,2.0,331.0,1.171879140625,False,CALL,2026-01-30,VFC
VFC260130C00023000,23.0,0.01,0.0,0.01,6.0,174.0,0.7500025,False,CALL,2026-01-30,VFC
VFC260130C00023500,23.5,0.03,0.0,0.53,34.0,27.0,2.000005,False,CALL,2026-01-30,VFC
VFC260130C00024000,24.0,0.17,0.0,0.51,4.0,55.0,2.14844212890625,False,CALL,2026-01-30,VFC
VFC260130C00025000,25.0,0.01,0.0,0.01,30.0,98.0,1.1875040625,False,CALL,2026-01-30,VFC
VFC260130C00026000,26.0,0.06,0.0,0.7,6.0,13.0,3.05468986328125,False,CALL,2026-01-30,VFC
VFC260130P00014500,14.5,0.23,0.0,2.12,,2.0,6.210939736328125,False,PUT,2026-01-30,VFC
VFC260130P00015000,15.0,0.02,0.0,0.51,2.0,21.0,3.4218764453125,False,PUT,2026-01-30,VFC
VFC260130P00015500,15.5,0.03,0.0,0.06,4.0,277.0,1.9375003125,False,PUT,2026-01-30,VFC
VFC260130P00016000,16.0,0.03,0.0,0.01,1.0,250.0,1.3125034374999998,False,PUT,2026-01-30,VFC
VFC260130P00016500,16.5,0.01,0.0,0.01,5.0,48.0,1.1875040625,False,PUT,2026-01-30,VFC
VFC260130P00017000,17.0,0.01,0.01,0.01,10.0,10669.0,1.125004375,False,PUT,2026-01-30,VFC
VFC260130P00017500,17.5,0.01,0.0,0.03,38.0,773.0,1.0312548437500002,False,PUT,2026-01-30,VFC
VFC260130P00018000,18.0,0.03,0.01,0.04,58.0,1535.0,0.937500625,False,PUT,2026-01-30,VFC
VFC260130P00018500,18.5,0.03,0.01,0.04,111.0,638.0,0.7578149218750001,False,PUT,2026-01-30,VFC
VFC260130P00019000,19.0,0.06,0.01,0.15,6.0,350.0,0.789064609375,False,PUT,2026-01-30,VFC
VFC260130P00019500,19.5,0.13,0.03,0.18,107.0,335.0,0.6171913281250001,False,PUT,2026-01-30,VFC
VFC260130P00020000,20.0,0.35,0.2,0.35,530.0,1262.0,0.648441015625,False,PUT,2026-01-30,VFC
VFC260130P00020500,20.5,0.7,0.37,0.7,36.0,150.0,0.6562534375000001,True,PUT,2026-01-30,VFC
VFC260130P00021000,21.0,2.04,0.8,2.4,9.0,6.0,1.9453127734375002,True,PUT,2026-01-30,VFC
VFC260130P00021500,21.5,2.69,1.17,3.05,,6.0,2.2656293359374997,True,PUT,2026-01-30,VFC
VFC260130P00022000,22.0,3.5,1.7,3.4,1.0,3.0,2.42969142578125,True,PUT,2026-01-30,VFC
VFC260130P00022500,22.5,4.0,2.2,3.85,1.0,35.0,2.636722158203125,True,PUT,2026-01-30,VFC
VFC260206C00015000,15.0,3.8,3.65,5.4,,1.0,1.40625296875,True,CALL,2026-02-06,VFC
VFC260206C00015500,15.5,3.99,3.15,4.9,,3.0,1.2851598242187499,True,CALL,2026-02-06,VFC
VFC260206C00016000,16.0,2.9,2.7,4.3,1.0,2.0,0.914063359375,True,CALL,2026-02-06,VFC
VFC260206C00016500,16.5,3.07,2.23,4.0,3.0,1.0,1.21875390625,True,CALL,2026-02-06,VFC
VFC260206C00017000,17.0,2.61,2.21,3.4,40.0,142.0,0.9335944140625,True,CALL,2026-02-06,VFC
VFC260206C00017500,17.5,2.73,1.29,2.83,125.0,135.0,0.6914093359375001,True,CALL,2026-02-06,VFC
VFC260206C00018000,18.0,0.91,1.0,2.43,5.0,202.0,0.7460962890625,True,CALL,2026-02-06,VFC
VFC260206C00018500,18.5,1.23,1.37,1.89,13.0,432.0,0.5742230078125,True,CALL,2026-02-06,VFC
VFC260206C00019000,19.0,1.4,1.27,1.45,15.0,657.0,0.52539537109375,True,CALL,2026-02-06,VFC
VFC260206C00019500,19.5,0.82,0.93,1.17,67.0,68.0,0.5937540625000001,True,CALL,2026-02-06,VFC
VFC260206C00020000,20.0,0.72,0.58,0.79,74.0,229.0,0.523442265625,True,CALL,2026-02-06,VFC
VFC260206C00020500,20.5,0.34,0.39,0.55,49.0,105.0,0.52539537109375,False,CALL,2026-02-06,VFC
VFC260206C00021000,21.0,0.28,0.28,0.35,42.0,55.0,0.5117236328125,False,CALL,2026-02-06,VFC
VFC260206C00021500,21.5,0.2,0.17,0.23,3.0,35.0,0.5214891601562499,False,CALL,2026-02-06,VFC
VFC260206C00022000,22.0,0.13,0.09,0.13,1.0,113.0,0.507817421875,False,CALL,2026-02-06,VFC
VFC260206C00022500,22.5,0.06,0.06,0.1,1.0,5.0,0.5195360546875,False,CALL,2026-02-06,VFC
VFC260206C00023000,23.0,0.05,0.03,0.06,5.0,14.0,0.5195360546875,False,CALL,2026-02-06,VFC
VFC260206C00024000,24.0,0.03,0.0,0.58,5.0,110.0,1.056645341796875,False,CALL,2026-02-06,VFC
VFC260206C00025000,25.0,0.26,0.0,0.75,,1.0,1.3203158984374999,False,CALL,2026-02-06,VFC
VFC260206P00014500,14.5,0.01,0.0,0.75,2.0,3.0,1.96875015625,False,PUT,2026-02-06,VFC
VFC260206P00015000,15.0,0.01,0.0,0.6,30.0,32.0,1.6953140234375002,False,PUT,2026-02-06,VFC
VFC260206P00015500,15.5,0.01,0.0,0.75,20.0,25.0,1.67578287109375,False,PUT,2026-02-06,VFC
VFC260206P00016000,16.0,0.13,0.0,0.09,4.0,89.0,0.8828136718749999,False,PUT,2026-02-06,VFC
VFC260206P00016500,16.5,0.13,0.0,0.75,1.0,4.0,1.3925811621093749,False,PUT,2026-02-06,VFC
VFC260206P00017000,17.0,0.08,0.0,0.2,2.0,40040.0,0.8281267187499999,False,PUT,2026-02-06,VFC
VFC260206P00017500,17.5,0.08,0.03,0.13,34.0,209.0,0.6796907031250001,False,PUT,2026-02-06,VFC
VFC260206P00018000,18.0,0.17,0.08,0.13,43.0,550.0,0.6250037500000001,False,PUT,2026-02-06,VFC
VFC260206P00018500,18.5,0.15,0.1,0.18,75.0,179.0,0.5664105859375,False,PUT,2026-02-06,VFC
VFC260206P00019000,19.0,0.3,0.19,0.28,32.0,103.0,0.5585981640625001,False,PUT,2026-02-06,VFC
VFC260206P00019500,19.5,0.48,0.34,0.42,18.0,201.0,0.5546919531250001,False,PUT,2026-02-06,VFC
VFC260206P00020000,20.0,1.09,0.52,0.63,2503.0,35.0,0.5488326367187502,False,PUT,2026-02-06,VFC
VFC260206P00021500,21.5,1.99,1.4,1.66,1.0,15.0,0.5664105859375,True,PUT,2026-02-06,VFC
VFC260206P00022000,22.0,4.1,1.74,3.45,,1.0,1.18359783203125,True,PUT,2026-02-06,VFC
VFC260206P00024000,24.0,6.0,3.65,5.55,,7.0,1.625001875,True,PUT,2026-02-06,VFC
VFC260213C00017500,17.5,2.53,1.48,3.05,,1.0,0.773439765625,True,CALL,2026-02-13,VFC
VFC260213C00018500,18.5,1.53,1.64,2.2,3.0,3.0,0.6914093359375001,True,CALL,2026-02-13,VFC
VFC260213C00019000,19.0,1.41,1.43,1.65,1.0,30.0,0.5449264257812501,True,CALL,2026-02-13,VFC
VFC260213C00019500,19.5,1.1,1.11,1.42,33.0,4.0,0.506840869140625,True,CALL,2026-02-13,VFC
VFC260213C00020000,20.0,0.95,0.85,0.99,4.0,34.0,0.5127001855468749,True,CALL,2026-02-13,VFC
VFC260213C00020500,20.5,0.25,0.6,0.75,1.0,13.0,0.5127001855468749,False,CALL,2026-02-13,VFC
VFC260213C00021000,21.0,0.2,0.42,0.55,1.0,36.0,0.508793974609375,False,CALL,2026-02-13,VFC
VFC260213C00022000,22.0,0.22,0.2,0.31,2.0,26.0,0.5312546875,False,CALL,2026-02-13,VFC
VFC260213C00023000,23.0,0.4,0.09,1.86,3.0,14.0,1.1484417578125,False,CALL,2026-02-13,VFC
VFC260213C00023500,23.5,0.95,0.07,2.19,3.0,3.0,1.3300814746093748,False,CALL,2026-02-13,VFC
VFC260213C00024000,24.0,0.43,0.0,1.6,,2.0,1.1875040625,False,CALL,2026-02-13,VFC
VFC260213C00025000,25.0,0.17,0.0,1.2,2.0,3.0,1.1767619287109374,False,CALL,2026-02-13,VFC
VFC260213P00014500,14.5,0.01,0.0,0.6,50.0,51.0,1.376956240234375,False,PUT,2026-02-13,VFC
VFC260213P00015000,15.0,0.37,0.0,0.95,1.0,1.0,1.48047134765625,False,PUT,2026-02-13,VFC
VFC260213P00015500,15.5,0.47,0.0,0.95,1.0,1.0,1.365237548828125,False,PUT,2026-02-13,VFC
VFC260213P00016000,16.0,0.35,0.0,0.75,1.0,2.0,1.150394873046875,False,PUT,2026-02-13,VFC
VFC260213P00016500,16.5,0.1,0.03,0.1,1.0,18.0,0.632816171875,False,PUT,2026-02-13,VFC
VFC260213P00017000,17.0,0.26,0.06,0.2,6.0,302.0,0.6660189648437502,False,PUT,2026-02-13,VFC
VFC260213P00017500,17.5,0.45,0.1,0.2,10.0,13.0,0.6074258007812501,False,PUT,2026-02-13,VFC
VFC260213P00018000,18.0,0.41,0.15,0.2,5.0,180.0,0.5488326367187502,False,PUT,2026-02-13,VFC
VFC260213P00018500,18.5,0.41,0.23,0.33,3.0,18.0,0.55273884765625,False,PUT,2026-02-13,VFC
VFC260213P00019000,19.0,0.37,0.33,0.46,8.0,11.0,0.5380905566406251,False,PUT,2026-02-13,VFC
VFC260213P00020000,20.0,0.82,0.69,0.83,1.0,7.0,0.5224657128906249,False,PUT,2026-02-13,VFC
VFC260220C00015000,15.0,4.25,3.7,5.4,5.0,2474.0,0.8808605664062499,True,CALL,2026-02-20,VFC
VFC260220C00016000,16.0,4.0,4.2,4.35,174.0,6964.0,0.507817421875,True,CALL,2026-02-20,VFC
VFC260220C00017000,17.0,3.3,3.3,3.45,64.0,1860.0,0.5546919531250001,True,CALL,2026-02-20,VFC
VFC260220C00017500,17.5,2.92,1.59,2.96,73.0,72.0,0.56836369140625,True,CALL,2026-02-20,VFC
VFC260220C00018000,18.0,2.25,1.97,2.66,92.0,7199.0,0.64062859375,True,CALL,2026-02-20,VFC
VFC260220C00018500,18.5,2.0,1.94,2.28,,57.0,0.5195360546875,True,CALL,2026-02-20,VFC
VFC260220C00019000,19.0,1.66,1.6,1.75,36.0,8891.0,0.5136767382812499,True,CALL,2026-02-20,VFC
VFC260220C00019500,19.5,1.26,1.29,1.46,21.0,74.0,0.52539537109375,True,CALL,2026-02-20,VFC
VFC260220C00020000,20.0,1.05,1.0,1.04,127.0,7876.0,0.45313046875,True,CALL,2026-02-20,VFC
VFC260220C00020500,20.5,0.72,0.78,0.87,39.0,173.0,0.48633326171875,False,CALL,2026-02-20,VFC
VFC260220C00021000,21.0,0.61,0.61,0.69,48.0,3582.0,0.49609878906250005,False,CALL,2026-02-20,VFC
VFC260220C00021500,21.5,0.42,0.45,0.54,46.0,27.0,0.5029346582031251,False,CALL,2026-02-20,VFC
VFC260220C00022000,22.0,0.38,0.31,0.43,60.0,3082.0,0.51562984375,False,CALL,2026-02-20,VFC
VFC260220C00022500,22.5,0.26,0.24,0.35,57.0,107.0,0.53320779296875,False,CALL,2026-02-20,VFC
VFC260220C00023000,23.0,0.19,0.17,0.24,66.0,1971.0,0.516606396484375,False,CALL,2026-02-20,VFC
VFC260220C00024000,24.0,0.09,0.07,0.16,105.0,1120.0,0.5039112109375,False,CALL,2026-02-20,VFC
VFC260220C00025000,25.0,0.08,0.02,0.12,40.0,1730.0,0.5273484765625001,False,CALL,2026-02-20,VFC
VFC260220C00026000,26.0,0.04,0.0,0.11,1.0,299.0,0.5742230078125,False,CALL,2026-02-20,VFC
VFC260220P00015000,15.0,0.05,0.02,0.13,1.0,1169.0,0.7460962890625,False,PUT,2026-02-20,VFC
VFC260220P00016000,16.0,0.08,0.04,0.14,2.0,921.0,0.6367223828125,False,PUT,2026-02-20,VFC
VFC260220P00016500,16.5,0.12,0.06,0.13,1.0,911.0,0.57812921875,False,PUT,2026-02-20,VFC
VFC260220P00017000,17.0,0.14,0.1,0.18,36.0,43372.0,0.5664105859375,False,PUT,2026-02-20,VFC
VFC260220P00017500,17.5,0.2,0.14,0.23,4.0,10087.0,0.5410202148437502,False,PUT,2026-02-20,VFC
VFC260220P00018000,18.0,0.28,0.23,0.32,351.0,1271.0,0.5390671093750001,False,PUT,2026-02-20,VFC
VFC260220P00018500,18.5,0.43,0.31,0.41,42.0,41.0,0.51562984375,False,PUT,2026-02-20,VFC
VFC260220P00019000,19.0,0.95,0.45,0.6,35.0,555.0,0.524418818359375,False,PUT,2026-02-20,VFC
VFC260220P00019500,19.5,0.74,0.62,0.79,25.0,55.0,0.5205126074218749,False,PUT,2026-02-20,VFC
VFC260220P00020000,20.0,0.88,0.87,0.94,36.0,348.0,0.507817421875,False,PUT,2026-02-20,VFC
VFC260220P00020500,20.5,1.12,1.12,1.2,10.0,30.0,0.5039112109375,True,PUT,2026-02-20,VFC
VFC260220P00021000,21.0,2.3,1.27,1.56,7.0,101.0,0.5537154003906251,True,PUT,2026-02-20,VFC
VFC260220P00022000,22.0,2.41,2.06,2.35,3.0,167.0,0.5273484765625001,True,PUT,2026-02-20,VFC
VFC260220P00023000,23.0,4.45,2.8,4.45,,10.0,0.901368173828125,True,PUT,2026-02-20,VFC
VFC260220P00025000,25.0,5.43,4.75,5.95,1.0,7.0,0.9785158398437501,True,PUT,2026-02-20,VFC
VFC260227C00018500,18.5,2.42,2.02,2.28,1.0,3.0,0.5488326367187502,True,CALL,2026-02-27,VFC
VFC260227C00019000,19.0,1.16,1.72,1.92,16.0,19.0,0.53320779296875,True,CALL,2026-02-27,VFC
VFC260227C00019500,19.5,0.67,1.39,1.6,1.0,105.0,0.524418818359375,True,CALL,2026-02-27,VFC
VFC260227C00020000,20.0,0.99,1.12,1.32,7.0,100.0,0.5190477783203125,True,CALL,2026-02-27,VFC
VFC260227C00021000,21.0,0.65,0.73,0.86,4.0,21.0,0.508793974609375,False,CALL,2026-02-27,VFC
VFC260227C00022000,22.0,0.95,0.44,0.54,,1.0,0.506840869140625,False,CALL,2026-02-27,VFC
VFC260227C00022500,22.5,0.42,0.35,0.45,4.0,2.0,0.5214891601562499,False,CALL,2026-02-27,VFC
VFC260227C00023000,23.0,0.3,0.26,0.37,1.0,7.0,0.500005,False,CALL,2026-02-27,VFC
VFC260227C00023500,23.5,0.46,0.19,0.5,4.0,56.0,0.567387138671875,False,CALL,2026-02-27,VFC
VFC260227C00024000,24.0,0.3,0.15,0.75,,16.0,0.6787141503906251,False,CALL,2026-02-27,VFC
VFC260227C00025000,25.0,0.27,0.0,0.75,1.0,2.0,0.7236355761718749,False,CALL,2026-02-27,VFC
VFC260227P00015000,15.0,0.12,0.0,0.75,2.0,3.0,0.9960937890625,False,PUT,2026-02-27,VFC
VFC260227P00015500,15.5,0.36,0.0,0.75,,1.0,0.9179695703125,False,PUT,2026-02-27,VFC
VFC260227P00016000,16.0,0.45,0.0,0.75,,1.0,0.8398453515625,False,PUT,2026-02-27,VFC
VFC260227P00017000,17.0,0.45,0.01,0.4,4.0,8.0,0.5566450585937501,False,PUT,2026-02-27,VFC
VFC260227P00017500,17.5,0.59,0.21,0.4,12.0,489.0,0.5644574804687501,False,PUT,2026-02-27,VFC
VFC260227P00018000,18.0,0.43,0.14,0.46,1.0,15.0,0.58789474609375,False,PUT,2026-02-27,VFC
VFC260227P00018500,18.5,1.12,0.43,0.63,2.0,4.0,0.5459029785156251,False,PUT,2026-02-27,VFC
VFC260227P00019000,19.0,0.66,0.56,0.79,1.0,3.0,0.53320779296875,False,PUT,2026-02-27,VFC
VFC260227P00020000,20.0,1.26,0.96,1.17,1.0,15.0,0.514653291015625,False,PUT,2026-02-27,VFC
VFC260227P00021500,21.5,2.43,1.73,2.07,,2.0,0.5664105859375,True,PUT,2026-02-27,VFC
VFC260227P00024000,24.0,5.46,3.8,5.55,,6.0,0.9267585449218749,True,PUT,2026-02-27,VFC
VFC260306C00019000,19.0,1.55,1.85,2.05,2.0,7.0,0.5371140039062501,True,CALL,2026-03-06,VFC
VFC260306C00020000,20.0,1.67,1.24,1.46,2.0,3.0,0.5224657128906249,True,CALL,2026-03-06,VFC
VFC260306C00022000,22.0,0.38,0.54,0.71,1.0,12.0,0.5293015820312501,False,CALL,2026-03-06,VFC
VFC260306P00018500,18.5,1.09,0.52,0.79,3.0,4.0,0.5507857421875001,False,PUT,2026-03-06,VFC
VFC260320C00017000,17.0,2.37,3.0,3.7,17.0,20.0,0.56836369140625,True,CALL,2026-03-20,VFC
VFC260320C00018000,18.0,2.62,2.7,3.05,2.0,34.0,0.524418818359375,True,CALL,2026-03-20,VFC
VFC260320C00019000,19.0,2.07,2.03,2.2,2.0,27.0,0.5117236328125,True,CALL,2026-03-20,VFC
VFC260320C00020000,20.0,1.5,1.49,1.53,90.0,191.0,0.4687553125,True,CALL,2026-03-20,VFC
VFC260320C00021000,21.0,1.15,1.08,1.13,19.0,240.0,0.4809622216796875,False,CALL,2026-03-20,VFC
VFC260320C00022000,22.0,0.8,0.7,0.79,32.0,52.0,0.47949739257812496,False,CALL,2026-03-20,VFC
VFC260320C00023000,23.0,0.5,0.51,0.55,4.0,205.0,0.48340360351562506,False,CALL,2026-03-20,VFC
VFC260320C00024000,24.0,0.35,0.32,0.43,1.0,49.0,0.5117236328125,False,CALL,2026-03-20,VFC
VFC260320C00025000,25.0,0.17,0.22,0.36,3.0,29.0,0.5097705273437501,False,CALL,2026-03-20,VFC
VFC260320C00026000,26.0,0.16,0.15,0.21,25.0,105.0,0.500005,False,CALL,2026-03-20,VFC
VFC260320P00015000,15.0,0.16,0.13,0.18,33.0,23.0,0.5918009570312501,False,PUT,2026-03-20,VFC
VFC260320P00016000,16.0,0.45,0.23,0.45,231.0,152.0,0.62305064453125,False,PUT,2026-03-20,VFC
VFC260320P00017000,17.0,0.45,0.37,0.46,1826.0,31495.0,0.5478560839843751,False,PUT,2026-03-20,VFC
VFC260320P00018000,18.0,0.71,0.61,0.66,9.0,50.0,0.526371923828125,False,PUT,2026-03-20,VFC
VFC260320P00019000,19.0,0.98,0.93,0.98,58.0,4.0,0.5122119091796875,False,PUT,2026-03-20,VFC
VFC260320P00020000,20.0,1.4,1.37,1.44,33.0,52.0,0.508793974609375,False,PUT,2026-03-20,VFC
VFC260515C00015000,15.0,4.55,5.15,5.8,7.0,3589.0,0.6054726953125001,True,CALL,2026-05-15,VFC
VFC260515C00016000,16.0,3.42,3.6,5.05,1.0,172.0,0.6030313134765627,True,CALL,2026-05-15,VFC
VFC260515C00017000,17.0,3.35,4.0,4.3,2.0,5037.0,0.5371140039062501,True,CALL,2026-05-15,VFC
VFC260515C00018000,18.0,2.17,3.35,3.6,3.0,3911.0,0.5278367529296876,True,CALL,2026-05-15,VFC
VFC260515C00019000,19.0,2.57,2.76,2.96,3.0,2603.0,0.516606396484375,True,CALL,2026-05-15,VFC
VFC260515C00020000,20.0,2.3,2.24,2.4,185.0,5930.0,0.5065967309570312,True,CALL,2026-05-15,VFC
VFC260515C00021000,21.0,1.69,1.76,1.97,12.0,479.0,0.5004932763671875,False,CALL,2026-05-15,VFC
VFC260515C00022000,22.0,1.48,1.39,1.6,17.0,681.0,0.5224657128906249,False,CALL,2026-05-15,VFC
VFC260515C00023000,23.0,1.15,1.1,1.32,5.0,463.0,0.5019581054687501,False,CALL,2026-05-15,VFC
VFC260515C00024000,24.0,0.56,0.84,1.02,145.0,242.0,0.516606396484375,False,CALL,2026-05-15,VFC
VFC260515C00025000,25.0,0.75,0.68,0.85,22.0,1609.0,0.5029346582031251,False,CALL,2026-05-15,VFC
VFC260515C00026000,26.0,0.5,0.51,0.7,1.0,102.0,0.5039112109375,False,CALL,2026-05-15,VFC
VFC260515P00015000,15.0,0.51,0.4,0.5,4.0,601.0,0.561527822265625,False,PUT,2026-05-15,VFC
VFC260515P00016000,16.0,1.09,0.42,0.92,55.0,94.0,0.5566450585937501,False,PUT,2026-05-15,VFC
VFC260515P00017000,17.0,1.01,0.83,1.19,5.0,163.0,0.5688519677734375,False,PUT,2026-05-15,VFC
VFC260515P00018000,18.0,1.35,1.14,1.35,73.0,461.0,0.5317429638671876,False,PUT,2026-05-15,VFC
VFC260515P00019000,19.0,1.78,1.52,1.94,2.0,127.0,0.5444381494140625,False,PUT,2026-05-15,VFC
VFC260515P00020000,20.0,2.32,1.97,2.41,9.0,194.0,0.5336960693359375,False,PUT,2026-05-15,VFC
VFC260515P00021000,21.0,2.77,2.51,2.96,2.0,196.0,0.5268602001953125,True,PUT,2026-05-15,VFC
VFC260515P00022000,22.0,3.45,3.1,3.6,64.0,112.0,0.5214891601562499,True,PUT,2026-05-15,VFC
VFC260515P00023000,23.0,4.3,3.8,4.25,3.0,64.0,0.516606396484375,True,PUT,2026-05-15,VFC
VFC260515P00024000,24.0,5.45,4.55,5.0,,2.0,0.516606396484375,True,PUT,2026-05-15,VFC
VFC260515P00025000,25.0,7.0,5.3,5.8,4.0,33.0,0.5112353564453125,True,PUT,2026-05-15,VFC
VFC260618C00015000,15.0,4.9,5.25,6.1,26.0,1524.0,0.6279334082031252,True,CALL,2026-06-18,VFC
VFC260618C00016000,16.0,4.87,4.0,5.35,,3.0,0.6108437353515627,True,CALL,2026-06-18,VFC
VFC260618C00017000,17.0,4.22,4.3,4.65,15.0,797.0,0.5512740185546876,True,CALL,2026-06-18,VFC
VFC260618C00018000,18.0,3.58,3.7,4.0,3.0,101.0,0.5459029785156251,True,CALL,2026-06-18,VFC
VFC260618C00019000,19.0,3.01,3.1,3.45,4.0,196.0,0.5380905566406251,True,CALL,2026-06-18,VFC
VFC260618C00020000,20.0,2.05,2.6,2.96,83.0,1331.0,0.5346726220703125,True,CALL,2026-06-18,VFC
VFC260618C00021000,21.0,2.2,2.15,2.47,1.0,321.0,0.524418818359375,False,CALL,2026-06-18,VFC
VFC260618C00022000,22.0,1.89,1.79,2.09,3.0,286.0,0.523442265625,False,CALL,2026-06-18,VFC
VFC260618C00023000,23.0,1.64,1.46,1.76,21.0,127.0,0.5200243310546875,False,CALL,2026-06-18,VFC
VFC260618C00024000,24.0,1.11,1.16,1.48,3.0,11.0,0.5151415673828125,False,CALL,2026-06-18,VFC
VFC260618C00025000,25.0,1.0,0.95,1.42,2.0,876.0,0.5351608984375,False,CALL,2026-06-18,VFC
VFC260618C00026000,26.0,0.88,0.78,1.07,2.0,11.0,0.5200243310546875,False,CALL,2026-06-18,VFC
VFC260618P00015000,15.0,0.82,0.55,0.88,7.0,1409.0,0.5830119824218749,False,PUT,2026-06-18,VFC
VFC260618P00016000,16.0,1.0,0.91,1.08,14.0,46.0,0.5800823242187501,False,PUT,2026-06-18,VFC
VFC260618P00017000,17.0,1.35,1.21,1.37,6.0,5012.0,0.5668988623046876,False,PUT,2026-06-18,VFC
VFC260618P00018000,18.0,1.67,1.57,1.92,3.0,5.0,0.5776409423828125,False,PUT,2026-06-18,VFC
VFC260618P00019000,19.0,2.26,1.95,2.37,4.0,307.0,0.5659223095703125,False,PUT,2026-06-18,VFC
VFC260618P00020000,20.0,3.2,2.44,2.86,3.0,194.0,0.5581098876953126,False,PUT,2026-06-18,VFC
VFC260618P00021000,21.0,3.2,2.95,3.35,9.0,97.0,0.5415084912109377,True,PUT,2026-06-18,VFC
VFC260618P00022000,22.0,4.7,3.6,4.05,8.0,102.0,0.5495650512695314,True,PUT,2026-06-18,VFC
VFC260618P00025000,25.0,9.13,6.7,0.0,40.0,43.0,1.0000000000000003e-05,True,PUT,2026-06-18,VFC
VFC260821C00015000,15.0,5.8,5.3,6.55,5.0,1.0,0.6333044482421876,True,CALL,2026-08-21,VFC
VFC260821C00016000,16.0,5.8,4.5,5.9,14.0,76.0,0.6284216845703126,True,CALL,2026-08-21,VFC
VFC260821C00017000,17.0,5.2,4.85,5.25,17.0,63.0,0.5744671459960937,True,CALL,2026-08-21,VFC
VFC260821C00018000,18.0,4.1,4.05,4.65,1.0,27.0,0.5463912548828126,True,CALL,2026-08-21,VFC
VFC260821C00019000,19.0,3.95,3.65,4.1,2.0,32.0,0.551762294921875,True,CALL,2026-08-21,VFC
VFC260821C00020000,20.0,3.51,3.15,3.6,9.0,16.0,0.543949873046875,True,CALL,2026-08-21,VFC
VFC260821C00021000,21.0,3.15,2.72,3.2,22.0,32.0,0.5427291821289064,False,CALL,2026-08-21,VFC
VFC260821C00022000,22.0,1.87,2.31,2.79,2.0,31.0,0.5351608984375,False,CALL,2026-08-21,VFC
VFC260821C00023000,23.0,2.4,1.98,2.52,,3.0,0.5385788330078126,False,CALL,2026-08-21,VFC
VFC260821C00024000,24.0,1.38,1.69,2.13,1.0,8.0,0.5290574438476563,False,CALL,2026-08-21,VFC
VFC260821C00025000,25.0,1.66,1.22,1.9,5.0,7.0,0.5112353564453125,False,CALL,2026-08-21,VFC
VFC260821P00015000,15.0,1.35,1.01,1.38,3.0,6.0,0.6069375244140626,False,PUT,2026-08-21,VFC
VFC260821P00017000,17.0,2.05,1.59,2.12,20.0,33.0,0.5844768115234374,False,PUT,2026-08-21,VFC
VFC260821P00020000,20.0,4.2,3.0,3.45,,100.0,0.56055126953125,False,PUT,2026-08-21,VFC
VFC260821P00025000,25.0,7.75,6.2,6.75,,13.0,0.5395553857421876,True,PUT,2026-08-21,VFC
VFC260918C00015000,15.0,5.3,5.3,6.7,2.0,50.0,0.6276892700195313,True,CALL,2026-09-18,VFC
VFC260918C00017000,17.0,5.3,4.95,5.4,4.0,388.0,0.5622602368164062,True,CALL,2026-09-18,VFC
VFC260918C00020000,20.0,2.62,3.3,3.8,4.0,84.0,0.5380905566406251,True,CALL,2026-09-18,VFC
VFC260918C00022000,22.0,2.0,2.47,3.05,1.0,72.0,0.5344284838867188,False,CALL,2026-09-18,VFC
VFC260918C00025000,25.0,1.37,1.58,2.17,9.0,281.0,0.5310105493164063,False,CALL,2026-09-18,VFC
VFC260918P00015000,15.0,1.57,1.09,1.52,1.0,501.0,0.5942423388671876,False,PUT,2026-09-18,VFC
VFC260918P00017000,17.0,3.02,0.0,0.0,20.0,28.0,0.062509375,False,PUT,2026-09-18,VFC
VFC260918P00020000,20.0,3.9,3.1,3.65,7.0,5.0,0.5495650512695314,False,PUT,2026-09-18,VFC
VFC260918P00022000,22.0,4.6,4.25,4.8,1.0,92.0,0.5361374511718751,True,PUT,2026-09-18,VFC
VFC260918P00025000,25.0,7.25,6.3,6.8,,0.0,0.5183153637695312,True,PUT,2026-09-18,VFC
VFC270115C00015000,15.0,5.86,6.5,7.3,69.0,3519.0,0.5463912548828126,True,CALL,2027-01-15,VFC
VFC270115C00017500,17.5,5.6,5.4,5.95,3.0,3994.0,0.5708050732421875,True,CALL,2027-01-15,VFC
VFC270115C00020000,20.0,4.45,4.35,4.65,52.0,5106.0,0.5620160986328125,True,CALL,2027-01-15,VFC
VFC270115C00022500,22.5,3.2,3.25,3.7,46.0,2883.0,0.5459029785156251,False,CALL,2027-01-15,VFC
VFC270115C00025000,25.0,2.5,2.41,2.91,9.0,32137.0,0.53320779296875,False,CALL,2027-01-15,VFC
VFC270115P00015000,15.0,1.9,1.63,2.13,47.0,1552.0,0.5864299169921875,False,PUT,2027-01-15,VFC
VFC270115P00017500,17.5,2.75,2.6,2.95,2.0,229.0,0.5483443603515626,False,PUT,2027-01-15,VFC
VFC270115P00020000,20.0,4.15,3.8,4.45,10.0,237.0,0.5451705639648439,False,PUT,2027-01-15,VFC
VFC270115P00022500,22.5,5.6,5.1,5.95,22.0,1057.0,0.5202684692382812,True,PUT,2027-01-15,VFC
VFC270115P00025000,25.0,7.3,7.0,7.6,4.0,96.0,0.5190477783203125,True,PUT,2027-01-15,VFC
VFC271217C00015000,15.0,7.3,6.45,8.95,47.0,386.0,0.6425816992187501,True,CALL,2027-12-17,VFC
VFC271217C00017000,17.0,6.8,5.5,8.1,1.0,2698.0,0.5022022436523439,True,CALL,2027-12-17,VFC
VFC271217C00020000,20.0,5.2,4.6,7.05,4.0,678.0,0.5285691674804689,True,CALL,2027-12-17,VFC
VFC271217C00022000,22.0,4.44,3.65,6.4,7.0,153.0,0.5174608801269531,False,CALL,2027-12-17,VFC
VFC271217C00025000,25.0,3.95,3.85,5.7,70.0,1008.0,0.5727581787109376,False,CALL,2027-12-17,VFC
VFC271217P00015000,15.0,3.1,2.56,3.2,131.0,2091.0,0.5424850439453126,False,PUT,2027-12-17,VFC
VFC271217P00017000,17.0,4.38,3.5,5.2,1.0,17.0,0.5888712988281251,False,PUT,2027-12-17,VFC
VFC271217P00020000,20.0,7.7,6.05,9.7,1.0,19.0,0.7587914746093751,False,PUT,2027-12-17,VFC
VFC271217P00022000,22.0,6.9,5.55,6.9,5.0,10.0,0.5290574438476563,True,PUT,2027-12-17,VFC
VFC280121C00015000,15.0,5.8,6.5,9.2,10.0,220.0,0.6567417138671876,True,CALL,2028-01-21,VFC
VFC280121C00017000,17.0,7.7,5.5,8.4,1.0,107.0,0.5056201782226561,True,CALL,2028-01-21,VFC
VFC280121C00020000,20.0,5.34,4.4,7.2,6.0,260.0,0.5131884619140624,True,CALL,2028-01-21,VFC
VFC280121C00022000,22.0,5.52,3.55,6.45,2.0,526.0,0.5024463818359376,False,CALL,2028-01-21,VFC
VFC280121C00025000,25.0,3.95,2.99,5.25,3.0,205.0,0.5007374145507812,False,CALL,2028-01-21,VFC
VFC280121P00015000,15.0,4.95,2.55,3.55,1.0,70.0,0.5493209130859377,False,PUT,2028-01-21,VFC
VFC280121P00017000,17.0,4.25,3.55,6.1,1.0,65.0,0.6252478881835939,False,PUT,2028-01-21,VFC
VFC280121P00020000,20.0,5.94,5.2,6.2,10.0,42.0,0.5273484765625001,False,PUT,2028-01-21,VFC
VFC280121P00022000,22.0,7.13,6.35,7.35,1.0,11.0,0.5114794946289063,True,PUT,2028-01-21,VFC
VFC280121P00025000,25.0,9.85,0.0,0.0,10.0,12.0,1.0000000000000003e-05,True,PUT,2028-01-21,VFC
VG260130C00007000,7.0,3.15,2.1,3.1,4.0,145.0,5.23437845703125,True,CALL,2026-01-30,VG
VG260130C00007500,7.5,2.0,1.8,2.45,26.0,98.0,3.6093759765625,True,CALL,2026-01-30,VG
VG260130C00008000,8.0,1.7,1.5,1.8,28.0,762.0,1.9062504687500001,True,CALL,2026-01-30,VG
VG260130C00008500,8.5,0.98,1.05,1.4,5.0,242.0,2.0937547656249995,True,CALL,2026-01-30,VG
VG260130C00009000,9.0,0.7,0.65,0.85,651.0,752.0,1.2656286718749998,True,CALL,2026-01-30,VG
VG260130C00009500,9.5,0.3,0.2,0.4,1290.0,2111.0,0.8906260937499999,True,CALL,2026-01-30,VG
VG260130C00010000,10.0,0.1,0.05,0.15,1153.0,1590.0,0.6796907031250001,False,CALL,2026-01-30,VG
VG260130C00010500,10.5,0.05,0.0,0.05,20.0,324.0,0.7500025,False,CALL,2026-01-30,VG
VG260130C00011000,11.0,0.05,0.0,0.05,3.0,198.0,1.09375453125,False,CALL,2026-01-30,VG
VG260130C00011500,11.5,0.05,0.0,0.05,1.0,293.0,1.3750031249999999,False,CALL,2026-01-30,VG
VG260130P00007000,7.0,0.03,0.0,0.05,1.0,201.0,2.56250359375,False,PUT,2026-01-30,VG
VG260130P00007500,7.5,0.03,0.0,0.05,3.0,1304.0,2.0937547656249995,False,PUT,2026-01-30,VG
VG260130P00008000,8.0,0.04,0.0,0.05,2.0,78.0,1.65625171875,False,PUT,2026-01-30,VG
VG260130P00008500,8.5,0.05,0.0,0.25,51.0,207.0,1.984375078125,False,PUT,2026-01-30,VG
VG260130P00009000,9.0,0.05,0.0,0.1,107.0,1307.0,1.0078174609375,False,PUT,2026-01-30,VG
VG260130P00009500,9.5,0.1,0.05,0.2,33.0,341.0,0.8125018749999999,False,PUT,2026-01-30,VG
VG260130P00010000,10.0,0.1,0.25,0.95,1.0,346.0,1.6015644921874999,True,PUT,2026-01-30,VG
VG260130P00010500,10.5,1.58,0.6,2.9,2.0,53.0,4.519535600585938,True,PUT,2026-01-30,VG
VG260130P00011000,11.0,1.88,0.8,2.75,1.0,21.0,3.3906265234374997,True,PUT,2026-01-30,VG
VG260206C00007000,7.0,2.7,2.1,3.3,1.0,15.0,3.003908740234375,True,CALL,2026-02-06,VG
VG260206C00007500,7.5,2.25,2.1,2.4,3.0,624.0,1.5390648046875,True,CALL,2026-02-06,VG
VG260206C00008000,8.0,1.35,1.4,2.0,2.0,238.0,1.53515857421875,True,CALL,2026-02-06,VG
VG260206C00008500,8.5,1.05,1.15,1.45,20.0,61.0,0.6796907031250001,True,CALL,2026-02-06,VG
VG260206C00009000,9.0,0.86,0.85,1.05,84.0,241.0,0.8203142968749999,True,CALL,2026-02-06,VG
VG260206C00009500,9.5,0.55,0.55,0.65,15.0,471.0,0.7656273437500001,True,CALL,2026-02-06,VG
VG260206C00010000,10.0,0.35,0.3,0.4,249.0,504.0,0.7460962890625,False,CALL,2026-02-06,VG
VG260206C00010500,10.5,0.2,0.2,0.25,4.0,457.0,0.8125018749999999,False,CALL,2026-02-06,VG
VG260206C00011000,11.0,0.1,0.1,0.15,26.0,247.0,0.8164080859374999,False,CALL,2026-02-06,VG
VG260206C00012000,12.0,0.06,0.0,0.6,1.0,327.0,1.57422087890625,False,CALL,2026-02-06,VG
VG260206C00012500,12.5,0.05,0.0,0.35,1.0,3.0,1.4492215039062502,False,CALL,2026-02-06,VG
VG260206P00007000,7.0,0.05,0.0,0.3,1.0,2217.0,1.8515632421875,False,PUT,2026-02-06,VG
VG260206P00007500,7.5,0.05,0.0,0.1,1.0,1080.0,1.1484417578125,False,PUT,2026-02-06,VG
VG260206P00008000,8.0,0.07,0.0,0.15,7.0,98.0,1.0234423828125,False,PUT,2026-02-06,VG
VG260206P00008500,8.5,0.14,0.1,0.15,20.0,2628.0,0.937500625,False,PUT,2026-02-06,VG
VG260206P00009000,9.0,0.2,0.2,0.25,35.0,94.0,0.8828136718749999,False,PUT,2026-02-06,VG
VG260206P00009500,9.5,0.6,0.3,0.45,3.0,102.0,0.8164080859374999,False,PUT,2026-02-06,VG
VG260206P00010000,10.0,0.65,0.6,0.75,5.0,17.0,0.8789074609374999,True,PUT,2026-02-06,VG
VG260213C00007000,7.0,3.2,2.1,3.3,7.0,44.0,2.253910615234375,True,CALL,2026-02-13,VG
VG260213C00007500,7.5,2.3,2.05,2.45,15.0,103.0,1.2734411328124997,True,CALL,2026-02-13,VG
VG260213C00008000,8.0,1.82,1.45,2.25,2.0,144.0,0.8242205078124999,True,CALL,2026-02-13,VG
VG260213C00008500,8.5,1.35,1.25,1.6,36.0,347.0,0.789064609375,True,CALL,2026-02-13,VG
VG260213C00009000,9.0,0.95,0.95,1.2,14.0,403.0,0.8007832421875,True,CALL,2026-02-13,VG
VG260213C00009500,9.5,0.77,0.65,0.9,3.0,169.0,0.79687703125,True,CALL,2026-02-13,VG
VG260213C00010000,10.0,0.5,0.5,0.55,107.0,28255.0,0.7773459765625,False,CALL,2026-02-13,VG
VG260213C00010500,10.5,0.3,0.3,0.45,3.0,215.0,0.8085956640624999,False,CALL,2026-02-13,VG
VG260213C00011000,11.0,0.25,0.2,0.3,10.0,57.0,0.81445498046875,False,CALL,2026-02-13,VG
VG260213C00011500,11.5,0.27,0.1,0.25,,3.0,0.8398453515625,False,CALL,2026-02-13,VG
VG260213C00012000,12.0,0.11,0.1,0.15,7.0,25314.0,0.8710950390625,False,CALL,2026-02-13,VG
VG260213C00012500,12.5,0.2,0.05,0.15,2.0,71.0,0.92187578125,False,CALL,2026-02-13,VG
VG260213P00007000,7.0,0.05,0.05,0.1,1.0,419.0,1.1484417578125,False,PUT,2026-02-13,VG
VG260213P00007500,7.5,0.1,0.05,0.3,1.0,143.0,1.23047259765625,False,PUT,2026-02-13,VG
VG260213P00008000,8.0,0.25,0.1,0.2,2.0,249.0,0.9570316796874999,False,PUT,2026-02-13,VG
VG260213P00008500,8.5,0.43,0.15,0.25,5.0,37.0,0.8437515624999999,False,PUT,2026-02-13,VG
VG260213P00009000,9.0,0.68,0.25,0.45,1.0,14.0,0.8437515624999999,False,PUT,2026-02-13,VG
VG260213P00009500,9.5,0.64,0.5,0.65,5.0,26.0,0.8652357226562499,False,PUT,2026-02-13,VG
VG260213P00010000,10.0,0.9,0.7,0.9,4.0,5.0,0.8125018749999999,True,PUT,2026-02-13,VG
VG260220C00007000,7.0,2.11,2.1,3.3,,55.0,1.8789068554687498,True,CALL,2026-02-20,VG
VG260220C00007500,7.5,2.35,2.2,2.55,40.0,5544.0,0.9062509375,True,CALL,2026-02-20,VG
VG260220C00008000,8.0,1.7,1.55,2.25,20.0,98.0,0.789064609375,True,CALL,2026-02-20,VG
VG260220C00008500,8.5,1.68,1.2,1.7,10.0,21.0,0.6953155468750001,True,CALL,2026-02-20,VG
VG260220C00009000,9.0,1.1,0.95,1.25,20.0,396.0,0.6992217578125001,True,CALL,2026-02-20,VG
VG260220C00009500,9.5,0.85,0.8,0.9,7.0,175.0,0.7421900781249999,True,CALL,2026-02-20,VG
VG260220C00010000,10.0,0.59,0.55,0.65,468.0,16328.0,0.7246121289062499,False,CALL,2026-02-20,VG
VG260220C00010500,10.5,0.4,0.4,0.5,18.0,1264.0,0.75586181640625,False,CALL,2026-02-20,VG
VG260220C00011000,11.0,0.35,0.25,0.4,27.0,5706.0,0.7695335546875001,False,CALL,2026-02-20,VG
VG260220C00011500,11.5,0.23,0.2,0.3,18.0,2340.0,0.804689453125,False,CALL,2026-02-20,VG
VG260220C00012000,12.0,0.2,0.1,0.2,16.0,148.0,0.7675804492187501,False,CALL,2026-02-20,VG
VG260220C00012500,12.5,0.1,0.1,0.15,75.0,1220.0,0.8183611914062499,False,CALL,2026-02-20,VG
VG260220P00007000,7.0,0.15,0.05,0.15,12.0,58.0,1.0312548437500002,False,PUT,2026-02-20,VG
VG260220P00007500,7.5,0.15,0.1,0.25,38.0,6814.0,1.0234423828125,False,PUT,2026-02-20,VG
VG260220P00008000,8.0,0.25,0.15,0.3,2.0,62.0,0.929688203125,False,PUT,2026-02-20,VG
VG260220P00008500,8.5,0.35,0.25,0.4,28.0,139.0,0.8789074609374999,False,PUT,2026-02-20,VG
VG260220P00009000,9.0,0.5,0.35,0.55,5.0,220.0,0.8203142968749999,False,PUT,2026-02-20,VG
VG260220P00009500,9.5,0.7,0.55,0.75,3.0,103.0,0.8007832421875,False,PUT,2026-02-20,VG
VG260220P00010000,10.0,1.22,0.85,1.05,14.0,13120.0,0.8320329296874999,True,PUT,2026-02-20,VG
VG260220P00010500,10.5,1.27,1.1,1.35,5.0,5.0,0.789064609375,True,PUT,2026-02-20,VG
VG260220P00011000,11.0,1.8,1.55,1.7,,30.0,0.8339860351562498,True,PUT,2026-02-20,VG
VG260220P00012000,12.0,2.56,2.0,3.2,,20.0,1.056645341796875,True,PUT,2026-02-20,VG
VG260220P00012500,12.5,3.9,2.4,3.6,1.0,383.0,1.0293017285156252,True,PUT,2026-02-20,VG
VG260227C00007000,7.0,2.5,0.8,3.4,1.0,18.0,1.78125109375,True,CALL,2026-02-27,VG
VG260227C00007500,7.5,2.13,1.45,3.2,3.0,17.0,0.6835969140625001,True,CALL,2026-02-27,VG
VG260227C00008000,8.0,2.0,1.5,2.1,1.0,167.0,0.97460962890625,True,CALL,2026-02-27,VG
VG260227C00008500,8.5,1.38,1.4,1.75,1.0,383.0,0.76367423828125,True,CALL,2026-02-27,VG
VG260227C00009000,9.0,1.1,1.1,1.35,20.0,288.0,0.7382838671874999,True,CALL,2026-02-27,VG
VG260227C00009500,9.5,0.93,0.8,1.1,4.0,164.0,0.7421900781249999,True,CALL,2026-02-27,VG
VG260227C00010000,10.0,0.75,0.6,0.85,335.0,543.0,0.7460962890625,False,CALL,2026-02-27,VG
VG260227C00010500,10.5,0.5,0.45,0.6,50.0,81.0,0.7324245507812499,False,CALL,2026-02-27,VG
VG260227C00011000,11.0,0.3,0.3,0.55,26.0,156.0,0.773439765625,False,CALL,2026-02-27,VG
VG260227C00011500,11.5,0.3,0.25,0.45,13.0,88.0,0.81445498046875,False,CALL,2026-02-27,VG
VG260227C00012000,12.0,0.21,0.2,0.35,15.0,60.0,0.8339860351562498,False,CALL,2026-02-27,VG
VG260227C00012500,12.5,0.25,0.1,0.25,9.0,9.0,0.7929708203125,False,CALL,2026-02-27,VG
VG260227P00007000,7.0,0.13,0.05,0.95,5.0,39.0,1.5820333398437496,False,PUT,2026-02-27,VG
VG260227P00007500,7.5,0.34,0.1,0.4,9.0,14.0,1.01953615234375,False,PUT,2026-02-27,VG
VG260227P00008000,8.0,0.35,0.15,0.35,1.0,39.0,0.8476577734374999,False,PUT,2026-02-27,VG
VG260227P00008500,8.5,0.45,0.25,0.5,12.0,53.0,0.8281267187499999,False,PUT,2026-02-27,VG
VG260227P00009000,9.0,0.8,0.4,0.65,1.0,100.0,0.7949239257812499,False,PUT,2026-02-27,VG
VG260227P00009500,9.5,1.05,0.65,0.85,2.0,12.0,0.7929708203125,False,PUT,2026-02-27,VG
VG260227P00010000,10.0,1.0,0.9,1.3,10.0,4.0,0.8632826171875,True,PUT,2026-02-27,VG
VG260306C00008000,8.0,2.0,1.6,2.5,4.0,14.0,0.8183611914062499,True,CALL,2026-03-06,VG
VG260306C00009000,9.0,1.35,1.35,1.6,1.0,11.0,0.8886729882812499,True,CALL,2026-03-06,VG
VG260306C00009500,9.5,1.5,1.05,1.35,1.0,28.0,0.875977802734375,True,CALL,2026-03-06,VG
VG260306C00010000,10.0,1.0,0.9,1.1,1.0,161.0,0.8945323046874999,False,CALL,2026-03-06,VG
VG260306C00011000,11.0,0.53,0.55,0.65,102.0,255.0,0.8476577734374999,False,CALL,2026-03-06,VG
VG260306C00011500,11.5,0.61,0.4,0.65,14.0,14.0,0.8945323046874999,False,CALL,2026-03-06,VG
VG260306P00008000,8.0,0.5,0.3,0.55,10.0,16.0,0.9687503125,False,PUT,2026-03-06,VG
VG260306P00008500,8.5,0.6,0.45,0.9,1.0,2.0,1.0410204199218753,False,PUT,2026-03-06,VG
VG260306P00009000,9.0,0.75,0.65,0.85,1.0,32.0,0.9160164648437501,False,PUT,2026-03-06,VG
VG260306P00009500,9.5,0.95,0.7,1.15,11.0,11.0,0.85937640625,False,PUT,2026-03-06,VG
VG260306P00010000,10.0,1.3,1.15,1.4,,401.0,0.9179695703125,True,PUT,2026-03-06,VG
VG260320C00007500,7.5,2.3,2.25,2.75,4.0,304.0,0.7773459765625,True,CALL,2026-03-20,VG
VG260320C00010000,10.0,1.1,1.05,1.2,161.0,2242.0,0.8476577734374999,False,CALL,2026-03-20,VG
VG260320C00012500,12.5,0.5,0.35,0.5,5.0,925.0,0.8437515624999999,False,CALL,2026-03-20,VG
VG260320P00007500,7.5,0.55,0.3,0.55,1.0,319.0,0.97460962890625,False,PUT,2026-03-20,VG
VG260320P00010000,10.0,1.5,1.3,1.55,2.0,1376.0,0.885743330078125,True,PUT,2026-03-20,VG
VG260320P00012500,12.5,3.4,3.0,3.6,1.0,1.0,0.9492192578124999,True,PUT,2026-03-20,VG
VG260417C00007500,7.5,2.7,2.5,3.0,217.0,5915.0,0.8398453515625,True,CALL,2026-04-17,VG
VG260417C00010000,10.0,1.4,1.25,1.45,40.0,13679.0,0.80664255859375,False,CALL,2026-04-17,VG
VG260417C00012500,12.5,0.65,0.55,0.75,4.0,3660.0,0.8212908496093749,False,CALL,2026-04-17,VG
VG260417P00007500,7.5,0.54,0.5,0.6,16.0,20128.0,0.88476677734375,False,PUT,2026-04-17,VG
VG260417P00010000,10.0,1.6,1.5,1.85,2.0,5580.0,0.850587431640625,True,PUT,2026-04-17,VG
VG260417P00012500,12.5,3.31,3.3,3.6,5.0,425.0,0.8544936425781251,True,PUT,2026-04-17,VG
VG260515C00007500,7.5,2.81,2.15,3.1,6.0,7353.0,0.632816171875,True,CALL,2026-05-15,VG
VG260515C00010000,10.0,1.6,1.5,1.75,85.0,2607.0,0.8242205078124999,False,CALL,2026-05-15,VG
VG260515C00012500,12.5,1.0,0.8,1.05,25.0,764.0,0.8457046679687499,False,CALL,2026-05-15,VG
VG260515P00007500,7.5,0.75,0.6,0.9,8.0,13188.0,0.8916026464843749,False,PUT,2026-05-15,VG
VG260515P00010000,10.0,2.07,1.7,2.15,12.0,1942.0,0.851563984375,True,PUT,2026-05-15,VG
VG260515P00012500,12.5,3.87,3.5,3.9,3.0,443.0,0.86132951171875,True,PUT,2026-05-15,VG
VG260618C00007500,7.5,3.1,2.9,3.3,30.0,8565.0,0.8300798242187499,True,CALL,2026-06-18,VG
VG260618C00010000,10.0,1.77,1.5,2.05,14.0,3470.0,0.7812521875,False,CALL,2026-06-18,VG
VG260618C00012500,12.5,1.15,0.9,1.2,10.0,934.0,0.79101771484375,False,CALL,2026-06-18,VG
VG260618P00007500,7.5,1.0,0.05,1.25,804.0,2234.0,0.719729365234375,False,PUT,2026-06-18,VG
VG260618P00010000,10.0,2.4,1.85,2.7,25.0,1231.0,0.8896495410156249,True,PUT,2026-06-18,VG
VG260618P00012500,12.5,5.28,3.6,4.5,32.0,141.0,0.8989267919921874,True,PUT,2026-06-18,VG
VG260821C00007500,7.5,3.48,3.1,3.6,42.0,681.0,0.8017597949218749,True,CALL,2026-08-21,VG
VG260821C00010000,10.0,2.15,1.8,2.55,5.0,721.0,0.7885763330078125,False,CALL,2026-08-21,VG
VG260821C00012500,12.5,1.45,1.1,2.05,12.0,122.0,0.8388687988281249,False,CALL,2026-08-21,VG
VG260821P00007500,7.5,1.31,0.65,1.6,81.0,1740.0,0.815431533203125,False,PUT,2026-08-21,VG
VG260821P00010000,10.0,2.58,2.0,3.2,15.0,34.0,0.852540537109375,True,PUT,2026-08-21,VG
VG260821P00012500,12.5,4.84,3.8,4.4,240.0,994.0,0.762697685546875,True,PUT,2026-08-21,VG
VG261218C00007500,7.5,3.9,3.8,4.2,13.0,585.0,0.86914193359375,True,CALL,2026-12-18,VG
VG261218C00010000,10.0,3.1,2.55,3.2,3.0,28920.0,0.8271501660156249,False,CALL,2026-12-18,VG
VG261218C00012500,12.5,2.3,1.65,2.3,48.0,85664.0,0.7763694238281251,False,CALL,2026-12-18,VG
VG261218P00007500,7.5,1.7,0.65,1.9,3.0,84245.0,0.702151416015625,False,PUT,2026-12-18,VG
VG261218P00010000,10.0,2.8,2.5,3.7,1010.0,1502.0,0.8217791259765624,True,PUT,2026-12-18,VG
VG261218P00012500,12.5,5.6,4.1,6.6,1.0,1338.0,0.9492192578124999,True,PUT,2026-12-18,VG
VG270115C00007500,7.5,4.07,3.5,4.3,18.0,5173.0,0.7993184130859375,True,CALL,2027-01-15,VG
VG270115C00010000,10.0,2.71,2.5,3.0,18.0,4409.0,0.7587914746093751,False,CALL,2027-01-15,VG
VG270115C00012500,12.5,1.8,1.9,2.4,1.0,2394.0,0.7905294384765625,False,CALL,2027-01-15,VG
VG270115P00007500,7.5,1.65,1.1,1.95,1.0,4504.0,0.7587914746093751,False,PUT,2027-01-15,VG
VG270115P00010000,10.0,3.05,2.75,3.4,7.0,4483.0,0.7812521875,True,PUT,2027-01-15,VG
VG270115P00012500,12.5,4.85,4.4,5.2,10.0,1248.0,0.7661156201171876,True,PUT,2027-01-15,VG
VG270319C00007500,7.5,4.46,1.5,6.5,,2.0,0.7675804492187501,True,CALL,2027-03-19,VG
VG270319C00010000,10.0,3.08,0.5,5.5,16.0,19.0,0.7631859619140625,False,CALL,2027-03-19,VG
VG270319C00012500,12.5,2.4,0.0,5.0,,20.0,0.8129901513671874,False,CALL,2027-03-19,VG
VG270617C00007500,7.5,4.5,2.4,6.6,,3.0,0.8398453515625,True,CALL,2027-06-17,VG
VG270617C00010000,10.0,3.44,2.0,5.9,,2.0,0.9213875048828125,False,CALL,2027-06-17,VG
VG270617C00012500,12.5,4.4,0.5,4.7,,9.0,0.7587914746093751,False,CALL,2027-06-17,VG
VG270917C00010000,10.0,3.72,3.0,4.1,10.0,27.0,0.7568383691406251,False,CALL,2027-09-17,VG
VG271217C00007500,7.5,4.75,3.9,5.3,10.0,1239.0,0.7446314599609375,True,CALL,2027-12-17,VG
VG271217C00010000,10.0,3.5,3.3,4.4,3.0,2845.0,0.7680687255859376,False,CALL,2027-12-17,VG
VG271217C00012500,12.5,3.08,2.25,3.8,22.0,1079.0,0.7314479980468749,False,CALL,2027-12-17,VG
VG271217P00007500,7.5,2.48,1.35,5.0,15.0,115.0,0.9609378906249999,False,PUT,2027-12-17,VG
VG271217P00010000,10.0,3.72,1.5,6.5,10.0,308.0,0.7485376708984376,True,PUT,2027-12-17,VG
VG271217P00012500,12.5,7.1,3.0,8.0,10.0,488.0,0.6801789794921876,True,PUT,2027-12-17,VG
VG280121C00007500,7.5,4.96,4.8,5.2,15.0,2924.0,0.8256853369140623,True,CALL,2028-01-21,VG
VG280121C00010000,10.0,4.04,3.8,4.2,46.0,6218.0,0.7807639111328125,False,CALL,2028-01-21,VG
VG280121C00012500,12.5,3.41,2.65,4.3,4.0,1862.0,0.799806689453125,False,CALL,2028-01-21,VG
VG280121P00007500,7.5,2.37,2.2,2.6,5.0,1029.0,0.7402369726562499,False,PUT,2028-01-21,VG
VG280121P00010000,10.0,4.1,2.0,6.5,1.0,366.0,0.782228740234375,True,PUT,2028-01-21,VG
VG280121P00012500,12.5,6.04,3.0,8.0,12.0,2524.0,0.6635775830078127,True,PUT,2028-01-21,VG
VICI260220C00020000,20.0,8.88,7.4,8.8,2.0,9.0,1.3291049169921871,True,CALL,2026-02-20,VICI
VICI260220C00022500,22.5,5.4,5.0,6.2,,5.0,0.928711650390625,True,CALL,2026-02-20,VICI
VICI260220C00025000,25.0,3.14,2.85,3.7,1.0,14.0,0.6181678808593751,True,CALL,2026-02-20,VICI
VICI260220C00027500,27.5,1.05,0.75,0.95,8.0,409.0,0.195320546875,True,CALL,2026-02-20,VICI
VICI260220C00030000,30.0,0.05,0.05,0.1,74.0,1709.0,0.21778125976562498,False,CALL,2026-02-20,VICI
VICI260220C00032500,32.5,0.04,0.0,0.05,10.0,21.0,0.3398503515625,False,CALL,2026-02-20,VICI
VICI260220P00022500,22.5,0.21,0.0,0.1,8.0,13.0,0.507817421875,False,PUT,2026-02-20,VICI
VICI260220P00025000,25.0,0.08,0.0,0.1,1.0,74.0,0.35742830078125,False,PUT,2026-02-20,VICI
VICI260220P00027500,27.5,0.27,0.25,0.3,206.0,2441.0,0.20703917968749996,False,PUT,2026-02-20,VICI
VICI260220P00030000,30.0,1.7,1.6,2.35,1.0,47.0,0.4233456103515625,True,PUT,2026-02-20,VICI
VICI260220P00032500,32.5,3.9,3.8,5.3,92.0,1.0,0.8544936425781251,True,PUT,2026-02-20,VICI
VICI260320C00020000,20.0,7.9,7.4,9.0,1.0,2.0,0.9853517089843751,True,CALL,2026-03-20,VICI
VICI260320C00025000,25.0,3.8,2.85,3.7,3.0,55.0,0.415044912109375,True,CALL,2026-03-20,VICI
VICI260320C00027500,27.5,1.3,1.05,1.25,31.0,880.0,0.20899228515624996,True,CALL,2026-03-20,VICI
VICI260320C00030000,30.0,0.21,0.15,0.25,129.0,4022.0,0.2016681396484375,False,CALL,2026-03-20,VICI
VICI260320C00032500,32.5,0.05,0.05,0.1,1.0,2021.0,0.264655791015625,False,CALL,2026-03-20,VICI
VICI260320C00035000,35.0,0.06,0.0,0.05,67.0,1619.0,0.31836619140624994,False,CALL,2026-03-20,VICI
VICI260320P00020000,20.0,0.15,0.0,0.4,2.0,2.0,0.64648791015625,False,PUT,2026-03-20,VICI
VICI260320P00022500,22.5,0.08,0.0,0.15,1.0,40.0,0.43164630859375,False,PUT,2026-03-20,VICI
VICI260320P00025000,25.0,0.17,0.1,0.2,3.0,314.0,0.2919992675781249,False,PUT,2026-03-20,VICI
VICI260320P00027500,27.5,0.73,0.65,0.75,50.0,6020.0,0.25440198730468755,False,PUT,2026-03-20,VICI
VICI260320P00030000,30.0,2.3,2.3,2.55,4.0,1231.0,0.33789724609375,True,PUT,2026-03-20,VICI
VICI260320P00032500,32.5,4.19,4.2,5.4,1.0,231.0,0.6010782080078126,True,PUT,2026-03-20,VICI
VICI260320P00035000,35.0,6.4,6.5,8.0,4.0,6.0,0.5297898583984376,True,PUT,2026-03-20,VICI
VICI260618C00020000,20.0,9.1,7.3,9.1,10.0,24.0,0.6186561572265626,True,CALL,2026-06-18,VICI
VICI260618C00022500,22.5,6.5,5.3,6.0,3.0,9.0,0.3193427441406249,True,CALL,2026-06-18,VICI
VICI260618C00025000,25.0,3.9,2.9,4.0,1.0,33.0,0.3078682495117187,True,CALL,2026-06-18,VICI
VICI260618C00027500,27.5,1.62,1.5,1.7,3.0,303.0,0.19312330322265625,True,CALL,2026-06-18,VICI
VICI260618C00030000,30.0,0.7,0.5,0.7,77.0,6705.0,0.198250205078125,False,CALL,2026-06-18,VICI
VICI260618C00032500,32.5,0.2,0.15,0.25,5.0,711.0,0.20410952148437497,False,CALL,2026-06-18,VICI
VICI260618C00035000,35.0,0.05,0.05,0.1,3.0,224.0,0.21875781249999998,False,CALL,2026-06-18,VICI
VICI260618P00020000,20.0,0.13,0.05,0.2,1.0,23.0,0.38867798828125,False,PUT,2026-06-18,VICI
VICI260618P00022500,22.5,0.2,0.15,0.3,1.0,48.0,0.313483427734375,False,PUT,2026-06-18,VICI
VICI260618P00025000,25.0,0.5,0.45,0.55,9.0,5558.0,0.25586681640625003,False,PUT,2026-06-18,VICI
VICI260618P00027500,27.5,1.25,1.2,1.4,23.0,1304.0,0.24927508544921873,False,PUT,2026-06-18,VICI
VICI260618P00030000,30.0,2.55,2.5,3.0,10.0,299.0,0.27173579833984374,True,PUT,2026-06-18,VICI
VICI260618P00032500,32.5,4.2,4.4,5.4,13.0,51.0,0.3618227880859375,True,PUT,2026-06-18,VICI
VICI260618P00035000,35.0,7.32,6.6,8.1,5.0,20.0,0.481450498046875,True,PUT,2026-06-18,VICI
VICI260918C00020000,20.0,8.99,7.3,9.1,,1.0,0.4809622216796875,True,CALL,2026-09-18,VICI
VICI260918C00025000,25.0,4.1,3.0,4.2,,1.0,0.26782958740234375,True,CALL,2026-09-18,VICI
VICI260918C00027500,27.5,2.13,1.75,1.95,15.0,17.0,0.17896328857421873,True,CALL,2026-09-18,VICI
VICI260918C00030000,30.0,0.99,0.7,0.95,4.0,30.0,0.18433432861328125,False,CALL,2026-09-18,VICI
VICI260918C00032500,32.5,0.48,0.2,0.65,2.0,53.0,0.22364057617187497,False,CALL,2026-09-18,VICI
VICI260918C00035000,35.0,0.15,0.05,0.2,5.0,53.0,0.1992267578125,False,CALL,2026-09-18,VICI
VICI260918P00022500,22.5,0.3,0.25,0.4,10.0,58.0,0.2668530346679688,False,PUT,2026-09-18,VICI
VICI260918P00025000,25.0,0.8,0.65,0.9,4.0,32.0,0.25098405273437496,False,PUT,2026-09-18,VICI
VICI260918P00027500,27.5,1.7,1.65,1.9,4.0,36.0,0.25098405273437496,False,PUT,2026-09-18,VICI
VICI260918P00030000,30.0,3.2,3.1,3.4,3.0,2.0,0.2573316455078125,True,PUT,2026-09-18,VICI
VICI270115C00020000,20.0,8.6,7.3,9.1,1.0,34.0,0.39111937011718745,True,CALL,2027-01-15,VICI
VICI270115C00022500,22.5,6.7,5.2,6.4,1.0,40.0,0.26807372558593745,True,CALL,2027-01-15,VICI
VICI270115C00025000,25.0,3.75,3.6,3.9,11.0,250.0,0.1828694995117187,True,CALL,2027-01-15,VICI
VICI270115C00027500,27.5,2.45,2.1,2.35,5.0,665.0,0.18274743041992186,True,CALL,2027-01-15,VICI
VICI270115C00030000,30.0,1.1,1.05,1.25,6.0,1831.0,0.17847501220703127,False,CALL,2027-01-15,VICI
VICI270115C00032500,32.5,0.55,0.5,0.6,1.0,1993.0,0.17603363037109376,False,CALL,2027-01-15,VICI
VICI270115C00035000,35.0,0.3,0.2,0.3,14.0,3571.0,0.18091639404296872,False,CALL,2027-01-15,VICI
VICI270115P00020000,20.0,0.35,0.2,0.6,15.0,27.0,0.335944140625,False,PUT,2027-01-15,VICI
VICI270115P00022500,22.5,0.65,0.55,0.75,1.0,558.0,0.2727123510742187,False,PUT,2027-01-15,VICI
VICI270115P00025000,25.0,1.09,0.95,1.4,1.0,450.0,0.2600171655273438,False,PUT,2027-01-15,VICI
VICI270115P00027500,27.5,2.05,1.9,2.45,1.0,1220.0,0.2553785400390626,False,PUT,2027-01-15,VICI
VICI270115P00030000,30.0,3.4,3.4,3.9,4.0,1605.0,0.2553785400390626,True,PUT,2027-01-15,VICI
VICI270115P00032500,32.5,5.77,4.9,6.3,1.0,105.0,0.31763377685546873,True,PUT,2027-01-15,VICI
VICI270115P00035000,35.0,7.23,7.0,8.5,1.0,146.0,0.3464420825195312,True,PUT,2027-01-15,VICI
VICI280121C00020000,20.0,8.75,6.8,9.5,1.0,102.0,0.3161689477539062,True,CALL,2028-01-21,VICI
VICI280121C00022500,22.5,6.4,5.7,6.2,1.0,439.0,0.16529155029296877,True,CALL,2028-01-21,VICI
VICI280121C00025000,25.0,4.45,2.65,6.3,2.0,25.0,0.3061592822265625,True,CALL,2028-01-21,VICI
VICI280121C00027500,27.5,3.4,2.5,3.6,1.0,350.0,0.20838193969726557,True,CALL,2028-01-21,VICI
VICI280121C00030000,30.0,1.35,1.45,2.05,1.0,277.0,0.17603363037109376,False,CALL,2028-01-21,VICI
VICI280121C00032500,32.5,1.35,1.05,1.4,1.0,153.0,0.1821370849609375,False,CALL,2028-01-21,VICI
VICI280121C00035000,35.0,1.06,0.6,1.05,1.0,71.0,0.19495433959960937,False,CALL,2028-01-21,VICI
VICI280121P00020000,20.0,0.86,0.0,1.5,20.0,34.0,0.33484551879882807,False,PUT,2028-01-21,VICI
VICI280121P00022500,22.5,1.47,1.3,1.6,1.0,37.0,0.26856200195312496,False,PUT,2028-01-21,VICI
VICI280121P00025000,25.0,2.48,1.95,2.8,40.0,197.0,0.2836985693359374,False,PUT,2028-01-21,VICI
VICI280121P00027500,27.5,3.9,2.4,5.3,10.0,121.0,0.3645083081054688,False,PUT,2028-01-21,VICI
VICI280121P00030000,30.0,4.7,4.5,5.8,1.0,86.0,0.2985909985351562,True,PUT,2028-01-21,VICI
VICI280121P00032500,32.5,6.3,0.0,0.0,1.0,3.0,1.0000000000000003e-05,True,PUT,2028-01-21,VICI
VICI280121P00035000,35.0,7.25,0.0,0.0,2.0,2.0,1.0000000000000003e-05,True,PUT,2028-01-21,VICI
VLY260220C00010000,10.0,2.1,2.25,3.1,,0.0,0.7421900781249999,True,CALL,2026-02-20,VLY
VLY260220C00011000,11.0,1.27,1.35,1.95,1.0,145.0,0.8281267187499999,True,CALL,2026-02-20,VLY
VLY260220C00012000,12.0,0.82,0.65,0.8,65.0,869.0,0.37695935546875,True,CALL,2026-02-20,VLY
VLY260220C00013000,13.0,0.22,0.1,0.25,10.0,427.0,0.33789724609375,False,CALL,2026-02-20,VLY
VLY260220C00014000,14.0,0.05,0.0,0.1,1.0,6.0,0.4062559375,False,CALL,2026-02-20,VLY
VLY260220C00015000,15.0,0.05,0.0,0.05,3.0,6.0,0.476567734375,False,CALL,2026-02-20,VLY
VLY260220P00009000,9.0,0.05,0.0,0.05,,4.0,0.7187528125,False,PUT,2026-02-20,VLY
VLY260220P00010000,10.0,0.1,0.0,0.05,7.0,61.0,0.523442265625,False,PUT,2026-02-20,VLY
VLY260220P00011000,11.0,0.16,0.05,0.15,1.0,616.0,0.5566450585937501,False,PUT,2026-02-20,VLY
VLY260220P00012000,12.0,0.2,0.15,0.3,14.0,1390.0,0.43555251953125,False,PUT,2026-02-20,VLY
VLY260220P00013000,13.0,0.7,0.6,0.7,1258.0,1258.0,0.35156898437499995,True,PUT,2026-02-20,VLY
VLY260220P00014000,14.0,2.06,0.95,1.7,1.0,0.0,0.5898478515625001,True,PUT,2026-02-20,VLY
VLY260220P00015000,15.0,3.02,2.05,2.75,1.0,1.0,0.8320329296874999,True,PUT,2026-02-20,VLY
VLY260220P00016000,16.0,3.9,3.2,3.7,1.0,1.0,0.93945373046875,True,PUT,2026-02-20,VLY
VLY260320C00009000,9.0,2.73,3.2,4.1,25.0,243.0,0.6250037500000001,True,CALL,2026-03-20,VLY
VLY260320C00010000,10.0,2.38,2.3,3.1,1.0,1954.0,0.5273484765625001,True,CALL,2026-03-20,VLY
VLY260320C00011000,11.0,1.52,1.6,1.8,292.0,3039.0,0.445318046875,True,CALL,2026-03-20,VLY
VLY260320C00012000,12.0,0.97,0.8,0.95,607.0,2127.0,0.34278000976562495,True,CALL,2026-03-20,VLY
VLY260320C00013000,13.0,0.35,0.25,0.4,149.0,905.0,0.31055376953124997,False,CALL,2026-03-20,VLY
VLY260320C00014000,14.0,0.14,0.05,0.15,3.0,47.0,0.31445998046874996,False,CALL,2026-03-20,VLY
VLY260320C00015000,15.0,0.08,0.0,0.4,10.0,10.0,0.6162147753906251,False,CALL,2026-03-20,VLY
VLY260320P00009000,9.0,0.1,0.0,0.1,556.0,787.0,0.5546919531250001,False,PUT,2026-03-20,VLY
VLY260320P00010000,10.0,0.08,0.05,0.2,10.0,608.0,0.51562984375,False,PUT,2026-03-20,VLY
VLY260320P00011000,11.0,0.11,0.1,0.2,5.0,1164.0,0.41699801757812494,False,PUT,2026-03-20,VLY
VLY260320P00012000,12.0,0.3,0.3,0.45,10.0,285.0,0.38086556640624997,False,PUT,2026-03-20,VLY
VLY260320P00013000,13.0,1.2,0.8,0.95,1.0,22.0,0.37402969726562496,True,PUT,2026-03-20,VLY
VLY260320P00014000,14.0,1.91,1.2,1.95,4.0,1.0,0.5488326367187502,True,PUT,2026-03-20,VLY
VLY260320P00015000,15.0,3.1,2.0,2.95,2.0,1.0,0.6904327832031252,True,PUT,2026-03-20,VLY
VLY260618C00009000,9.0,3.25,3.2,4.3,1.0,368.0,0.778322529296875,True,CALL,2026-06-18,VLY
VLY260618C00010000,10.0,2.61,2.35,3.4,7.0,105.0,0.6650424121093752,True,CALL,2026-06-18,VLY
VLY260618C00011000,11.0,1.59,1.85,2.05,1.0,106.0,0.375982802734375,True,CALL,2026-06-18,VLY
VLY260618C00012000,12.0,1.05,1.15,1.4,1.0,748.0,0.36035795898437495,True,CALL,2026-06-18,VLY
VLY260618C00013000,13.0,0.8,0.65,0.85,1.0,879.0,0.33301448242187504,False,CALL,2026-06-18,VLY
VLY260618C00014000,14.0,0.35,0.3,0.45,1.0,42.0,0.30713583496093744,False,CALL,2026-06-18,VLY
VLY260618C00015000,15.0,0.2,0.15,0.25,1.0,50.0,0.30762411132812495,False,CALL,2026-06-18,VLY
VLY260618C00016000,16.0,0.15,0.05,0.5,2.0,12.0,0.481450498046875,False,CALL,2026-06-18,VLY
VLY260618P00009000,9.0,0.2,0.1,0.3,25.0,474.0,0.5410202148437502,False,PUT,2026-06-18,VLY
VLY260618P00010000,10.0,0.29,0.2,0.4,20.0,214.0,0.467778759765625,False,PUT,2026-06-18,VLY
VLY260618P00011000,11.0,0.45,0.45,0.5,27.0,1031.0,0.38184211914062494,False,PUT,2026-06-18,VLY
VLY260618P00012000,12.0,1.07,0.75,0.85,8.0,534.0,0.36524072265625,False,PUT,2026-06-18,VLY
VLY260618P00013000,13.0,2.7,0.0,0.0,,13.0,1.0000000000000003e-05,True,PUT,2026-06-18,VLY
VLY260618P00016000,16.0,4.04,2.95,4.1,2.0,5.0,0.5449264257812501,True,PUT,2026-06-18,VLY
VLY260918C00011000,11.0,1.95,2.05,2.35,1.0,9.0,0.383795224609375,True,CALL,2026-09-18,VLY
VLY260918C00012000,12.0,1.25,1.45,1.7,3.0,18.0,0.358404853515625,True,CALL,2026-09-18,VLY
VLY260918C00013000,13.0,1.05,0.95,1.25,5.0,15.0,0.3588931298828125,False,CALL,2026-09-18,VLY
VLY260918C00014000,14.0,0.54,0.55,0.9,10.0,90.0,0.358404853515625,False,CALL,2026-09-18,VLY
VLY260918P00009000,9.0,0.4,0.2,0.4,11.0,18.0,0.467778759765625,False,PUT,2026-09-18,VLY
VLY260918P00010000,10.0,0.55,0.35,0.6,,20.0,0.437505625,False,PUT,2026-09-18,VLY
VLY260918P00011000,11.0,0.82,0.6,0.85,,20.0,0.40332627929687503,False,PUT,2026-09-18,VLY
VLY260918P00012000,12.0,1.15,0.95,1.15,10.0,14.0,0.3627993408203125,False,PUT,2026-09-18,VLY
VLY270115C00010000,10.0,2.65,2.4,4.1,1.0,241.0,0.6040078662109377,True,CALL,2027-01-15,VLY
VLY270115C00012000,12.0,1.91,1.7,2.0,16.0,3511.0,0.35547519531249994,True,CALL,2027-01-15,VLY
VLY270115C00015000,15.0,0.85,0.55,0.85,32.0,58.0,0.33838552246093745,False,CALL,2027-01-15,VLY
VLY270115P00010000,10.0,0.68,0.55,0.75,10.0,1563.0,0.3979552392578125,False,PUT,2027-01-15,VLY
VLY270115P00012000,12.0,1.35,1.2,1.5,1.0,76.0,0.36963520996093746,False,PUT,2027-01-15,VLY
VLY270115P00015000,15.0,5.6,4.0,8.8,1.0,1.0,0.9819337744140625,True,PUT,2027-01-15,VLY
VLY280121C00010000,10.0,2.37,0.0,4.8,2.0,17.0,0.5461471166992189,True,CALL,2028-01-21,VLY
VLY280121C00012000,12.0,2.4,0.7,4.4,20.0,53.0,0.6147499462890625,True,CALL,2028-01-21,VLY
VLY280121C00015000,15.0,1.25,0.0,3.5,1.0,11.0,0.6167030517578126,False,CALL,2028-01-21,VLY
VLY280121P00010000,10.0,1.96,0.0,0.0,,5.0,0.0312596875,False,PUT,2028-01-21,VLY
VLY280121P00012000,12.0,2.1,0.75,4.2,10.0,20.0,0.6738313867187502,False,PUT,2028-01-21,VLY
VNET260220C00008000,8.0,3.0,2.7,4.0,1.0,646.0,1.3925811621093749,True,CALL,2026-02-20,VNET
VNET260220C00009000,9.0,2.55,1.95,2.75,1.0,174.0,1.0312548437500002,True,CALL,2026-02-20,VNET
VNET260220C00010000,10.0,1.8,1.35,1.5,1.0,940.0,0.7656273437500001,True,CALL,2026-02-20,VNET
VNET260220C00011000,11.0,0.9,0.75,0.9,60.0,2842.0,0.7324245507812499,True,CALL,2026-02-20,VNET
VNET260220C00012000,12.0,0.47,0.4,0.55,319.0,3719.0,0.7597680273437502,False,CALL,2026-02-20,VNET
VNET260220C00013000,13.0,0.27,0.2,0.3,8.0,1959.0,0.76367423828125,False,CALL,2026-02-20,VNET
VNET260220C00014000,14.0,0.19,0.1,0.2,40.0,462.0,0.8085956640624999,False,CALL,2026-02-20,VNET
VNET260220P00008000,8.0,0.18,0.0,0.4,1.0,278.0,1.19141029296875,False,PUT,2026-02-20,VNET
VNET260220P00009000,9.0,0.1,0.1,0.2,1.0,8518.0,0.7812521875,False,PUT,2026-02-20,VNET
VNET260220P00010000,10.0,0.35,0.25,0.4,5.0,3783.0,0.69336244140625,False,PUT,2026-02-20,VNET
VNET260220P00011000,11.0,0.75,0.7,0.85,1.0,428.0,0.7187528125,False,PUT,2026-02-20,VNET
VNET260220P00012000,12.0,1.3,1.3,1.5,25.0,103.0,0.72070591796875,True,PUT,2026-02-20,VNET
VNET260320C00008000,8.0,3.36,3.0,3.5,1.0,497.0,0.8183611914062499,True,CALL,2026-03-20,VNET
VNET260320C00009000,9.0,3.0,1.6,3.2,2.0,4123.0,0.7382838671874999,True,CALL,2026-03-20,VNET
VNET260320C00010000,10.0,1.89,1.75,2.0,7.0,933.0,0.8281267187499999,True,CALL,2026-03-20,VNET
VNET260320C00011000,11.0,1.36,1.3,1.55,24.0,8415.0,0.860352958984375,True,CALL,2026-03-20,VNET
VNET260320C00012000,12.0,1.1,1.05,1.15,170.0,10431.0,0.8984385156249999,False,CALL,2026-03-20,VNET
VNET260320C00013000,13.0,0.85,0.65,0.9,2.0,3769.0,0.8789074609374999,False,CALL,2026-03-20,VNET
VNET260320C00014000,14.0,0.65,0.4,0.7,25.0,356.0,0.87500125,False,CALL,2026-03-20,VNET
VNET260320P00008000,8.0,0.22,0.15,0.25,1.0,488.0,0.79883013671875,False,PUT,2026-03-20,VNET
VNET260320P00009000,9.0,0.45,0.35,0.65,14.0,7796.0,0.8535170898437501,False,PUT,2026-03-20,VNET
VNET260320P00010000,10.0,0.85,0.7,0.95,1.0,1119.0,0.8173846386718748,False,PUT,2026-03-20,VNET
VNET260320P00011000,11.0,1.45,1.15,1.45,1.0,283.0,0.804689453125,False,PUT,2026-03-20,VNET
VNET260320P00012000,12.0,1.85,1.75,2.1,1.0,85.0,0.8125018749999999,True,PUT,2026-03-20,VNET
VNET260320P00013000,13.0,2.6,2.5,2.8,33.0,26.0,0.8212908496093749,True,PUT,2026-03-20,VNET
VNET260320P00014000,14.0,5.7,4.5,7.1,3.0,8.0,2.302738618164062,True,PUT,2026-03-20,VNET
VNET260515C00008000,8.0,4.05,3.1,4.5,5.0,151.0,0.948242705078125,True,CALL,2026-05-15,VNET
VNET260515C00009000,9.0,2.88,2.9,3.2,1.0,11672.0,0.86914193359375,True,CALL,2026-05-15,VNET
VNET260515C00010000,10.0,2.55,2.3,2.5,3.0,1004.0,0.815431533203125,True,CALL,2026-05-15,VNET
VNET260515C00011000,11.0,2.31,1.8,2.15,1.0,880.0,0.8291032714843749,True,CALL,2026-05-15,VNET
VNET260515C00012000,12.0,1.8,1.4,1.95,401.0,1314.0,0.86132951171875,False,CALL,2026-05-15,VNET
VNET260515C00013000,13.0,1.35,1.05,1.7,37.0,275.0,0.8652357226562499,False,CALL,2026-05-15,VNET
VNET260515C00014000,14.0,1.29,0.85,1.45,137.0,248.0,0.877930908203125,False,CALL,2026-05-15,VNET
VNET260515P00008000,8.0,0.5,0.25,0.75,1.0,11.0,0.7773459765625,False,PUT,2026-05-15,VNET
VNET260515P00009000,9.0,0.85,0.75,1.05,70.0,11267.0,0.8085956640624999,False,PUT,2026-05-15,VNET
VNET260515P00010000,10.0,1.24,1.15,1.5,70.0,81.0,0.79687703125,False,PUT,2026-05-15,VNET
VNET260515P00011000,11.0,1.69,1.65,2.0,500.0,501.0,0.780275634765625,False,PUT,2026-05-15,VNET
VNET260515P00012000,12.0,2.2,2.0,2.85,4.0,26.0,0.77148666015625,True,PUT,2026-05-15,VNET
VNET260515P00013000,13.0,5.2,0.0,0.0,9.0,9.0,1.0000000000000003e-05,True,PUT,2026-05-15,VNET
VNET260515P00014000,14.0,5.7,4.2,6.3,,1.0,1.3579133666992185,True,PUT,2026-05-15,VNET
VNET260618C00008000,8.0,3.9,0.0,0.0,1.0,1.0,1.0000000000000003e-05,True,CALL,2026-06-18,VNET
VNET260618C00009000,9.0,3.6,3.1,3.5,1.0,17.0,0.8710950390625,True,CALL,2026-06-18,VNET
VNET260618C00010000,10.0,2.73,2.65,2.95,1.0,190.0,0.8720715917968749,True,CALL,2026-06-18,VNET
VNET260618C00011000,11.0,2.35,2.1,2.5,5.0,151.0,0.8447281152343749,True,CALL,2026-06-18,VNET
VNET260618C00012000,12.0,2.0,1.75,2.1,2.0,49.0,0.84179845703125,False,CALL,2026-06-18,VNET
VNET260618C00013000,13.0,1.9,1.4,1.8,1.0,95.0,0.8359391406249999,False,CALL,2026-06-18,VNET
VNET260618C00014000,14.0,1.7,1.15,1.6,4.0,85.0,0.848634326171875,False,CALL,2026-06-18,VNET
VNET260618P00008000,8.0,0.7,0.65,0.95,3.0,30.0,0.8447281152343749,False,PUT,2026-06-18,VNET
VNET260618P00009000,9.0,1.25,1.0,1.35,1.0,45.0,0.8300798242187499,False,PUT,2026-06-18,VNET
VNET260618P00010000,10.0,1.5,1.4,1.8,20.0,2921.0,0.805666005859375,False,PUT,2026-06-18,VNET
VNET260618P00012000,12.0,3.0,2.55,2.95,5.0,6.0,0.79101771484375,True,PUT,2026-06-18,VNET
VNET260618P00013000,13.0,3.7,3.2,3.7,,4.0,0.7939473730468749,True,PUT,2026-06-18,VNET
VNET260618P00014000,14.0,3.8,4.0,4.4,,4.0,0.79687703125,True,PUT,2026-06-18,VNET
VNET260918C00009000,9.0,4.2,3.5,4.2,1.0,591.0,0.86914193359375,True,CALL,2026-09-18,VNET
VNET260918C00011000,11.0,3.0,2.75,3.1,2.0,404.0,0.8437515624999999,True,CALL,2026-09-18,VNET
VNET260918C00012000,12.0,2.91,2.35,2.85,31.0,91.0,0.84961087890625,False,CALL,2026-09-18,VNET
VNET260918C00013000,13.0,2.4,2.05,2.55,5.0,20.0,0.84961087890625,False,CALL,2026-09-18,VNET
VNET260918P00008000,8.0,1.4,1.05,1.45,,10.0,0.8388687988281249,False,PUT,2026-09-18,VNET
VNET260918P00009000,9.0,1.88,1.45,1.85,,10.0,0.8120135986328124,False,PUT,2026-09-18,VNET
VNET270115C00010000,10.0,4.1,3.8,4.3,4.0,312.0,0.8784191845703124,True,CALL,2027-01-15,VNET
VNET270115C00012000,12.0,3.6,3.0,3.6,18.0,510.0,0.85937640625,False,CALL,2027-01-15,VNET
VNET270115P00010000,10.0,2.58,2.4,2.9,1.0,4.0,0.7817404638671875,False,PUT,2027-01-15,VNET
VNET271217C00010000,10.0,4.6,4.1,7.5,1.0,14.0,0.9848634326171876,True,CALL,2027-12-17,VNET
VNET271217C00012000,12.0,5.2,3.5,6.6,3.0,28.0,0.9360357958984374,False,CALL,2027-12-17,VNET
VNET271217P00010000,10.0,4.6,2.6,6.3,4.0,0.0,0.9174812939453125,False,PUT,2027-12-17,VNET
VNET280121C00010000,10.0,5.0,4.2,7.5,1.0,573.0,0.971679970703125,True,CALL,2028-01-21,VNET
VNET280121C00012000,12.0,5.42,3.7,6.6,3.0,1032.0,0.9321295849609376,False,CALL,2028-01-21,VNET
VNET280121P00010000,10.0,3.9,2.55,6.0,1.0,167.0,0.8588881298828125,False,PUT,2028-01-21,VNET
VTRS260220C00010000,10.0,3.2,2.4,3.6,10.0,22.0,1.3359408203124996,True,CALL,2026-02-20,VTRS
VTRS260220C00011000,11.0,2.15,1.5,2.35,7.0,63.0,0.73437765625,True,CALL,2026-02-20,VTRS
VTRS260220C00012000,12.0,1.2,1.15,1.4,15.0,272.0,0.53320779296875,True,CALL,2026-02-20,VTRS
VTRS260220C00013000,13.0,0.4,0.35,0.45,1.0,1940.0,0.28125718749999995,True,CALL,2026-02-20,VTRS
VTRS260220C00014000,14.0,0.05,0.05,0.15,8.0,2518.0,0.3320379296875,False,CALL,2026-02-20,VTRS
VTRS260220C00015000,15.0,0.03,0.0,0.05,10.0,313.0,0.37500625,False,CALL,2026-02-20,VTRS
VTRS260220C00016000,16.0,0.01,0.0,0.05,,1.0,0.507817421875,False,CALL,2026-02-20,VTRS
VTRS260220P00010000,10.0,0.1,0.0,0.1,1.0,4.0,0.6953155468750001,False,PUT,2026-02-20,VTRS
VTRS260220P00011000,11.0,0.06,0.0,0.1,6.0,37.0,0.5937540625000001,False,PUT,2026-02-20,VTRS
VTRS260220P00012000,12.0,0.14,0.05,0.2,1.0,942.0,0.48633326171875,False,PUT,2026-02-20,VTRS
VTRS260220P00013000,13.0,0.35,0.2,0.35,100.0,2154.0,0.3232489550781249,False,PUT,2026-02-20,VTRS
VTRS260220P00014000,14.0,0.92,0.0,3.1,9.0,56.0,0.7929708203125,True,PUT,2026-02-20,VTRS
VTRS260220P00015000,15.0,1.7,0.25,4.0,3.0,3.0,0.6562534375000001,True,PUT,2026-02-20,VTRS
VTRS260320C00010000,10.0,3.21,2.4,4.0,2.0,7.0,1.203128984375,True,CALL,2026-03-20,VTRS
VTRS260320C00011000,11.0,2.4,1.2,3.8,1.0,4.0,0.6152382226562501,True,CALL,2026-03-20,VTRS
VTRS260320C00012000,12.0,1.28,1.25,1.45,1.0,16.0,0.39063109375,True,CALL,2026-03-20,VTRS
VTRS260320C00013000,13.0,0.58,0.75,0.85,1.0,323.0,0.39551385742187506,True,CALL,2026-03-20,VTRS
VTRS260320C00014000,14.0,0.31,0.3,0.35,79.0,232.0,0.34180345703125,False,CALL,2026-03-20,VTRS
VTRS260320C00015000,15.0,0.12,0.05,0.15,6.0,67.0,0.34766277343749996,False,CALL,2026-03-20,VTRS
VTRS260320C00016000,16.0,0.02,0.0,0.85,3.0,8.0,0.6543003320312502,False,CALL,2026-03-20,VTRS
VTRS260320P00011000,11.0,0.1,0.05,0.25,1.0,22.0,0.5410202148437502,False,PUT,2026-03-20,VTRS
VTRS260320P00012000,12.0,0.4,0.3,0.4,10.0,22.0,0.45703667968750006,False,PUT,2026-03-20,VTRS
VTRS260320P00013000,13.0,0.75,0.6,0.8,11.0,333.0,0.44922425781249997,False,PUT,2026-03-20,VTRS
VTRS260320P00014000,14.0,1.25,1.05,1.4,,151.0,0.45313046875,True,PUT,2026-03-20,VTRS
VTRS260417C00010000,10.0,2.66,2.3,4.1,20.0,387.0,1.0244189404296877,True,CALL,2026-04-17,VTRS
VTRS260417C00011000,11.0,2.38,2.1,3.0,3.0,1074.0,0.524418818359375,True,CALL,2026-04-17,VTRS
VTRS260417C00012000,12.0,1.45,1.4,1.6,11.0,2758.0,0.389654541015625,True,CALL,2026-04-17,VTRS
VTRS260417C00013000,13.0,0.85,0.75,0.95,21.0,1278.0,0.3588931298828125,True,CALL,2026-04-17,VTRS
VTRS260417C00014000,14.0,0.4,0.35,0.5,4.0,1520.0,0.340826904296875,False,CALL,2026-04-17,VTRS
VTRS260417C00015000,15.0,0.2,0.15,0.25,10.0,1251.0,0.33789724609375,False,CALL,2026-04-17,VTRS
VTRS260417C00016000,16.0,0.15,0.05,0.25,71.0,234.0,0.42969320312500003,False,CALL,2026-04-17,VTRS
VTRS260417C00017000,17.0,0.05,0.0,0.1,7.0,9.0,0.39258419921875,False,CALL,2026-04-17,VTRS
VTRS260417P00010000,10.0,0.05,0.05,0.3,4.0,1021.0,0.51758294921875,False,PUT,2026-04-17,VTRS
VTRS260417P00011000,11.0,0.2,0.15,0.3,4.0,456.0,0.46680220703125,False,PUT,2026-04-17,VTRS
VTRS260417P00012000,12.0,0.35,0.35,0.5,16.0,385.0,0.41699801757812494,False,PUT,2026-04-17,VTRS
VTRS260417P00013000,13.0,0.75,0.7,0.75,38.0,64.0,0.3403386279296875,False,PUT,2026-04-17,VTRS
VTRS260717C00010000,10.0,3.3,3.2,3.6,12.0,2142.0,0.49121602539062503,True,CALL,2026-07-17,VTRS
VTRS260717C00011000,11.0,2.75,2.3,3.5,1.0,2100.0,0.6958038232421876,True,CALL,2026-07-17,VTRS
VTRS260717C00012000,12.0,1.97,1.7,1.95,10.0,604.0,0.37842418457031246,True,CALL,2026-07-17,VTRS
VTRS260717C00013000,13.0,1.35,1.1,1.3,31.0,1035.0,0.3437565625,True,CALL,2026-07-17,VTRS
VTRS260717C00014000,14.0,0.8,0.65,0.9,3.0,996.0,0.34668622070312494,False,CALL,2026-07-17,VTRS
VTRS260717C00015000,15.0,0.47,0.4,0.5,4.0,792.0,0.3154365332031249,False,CALL,2026-07-17,VTRS
VTRS260717C00016000,16.0,0.31,0.2,0.35,7.0,103.0,0.3315496533203125,False,CALL,2026-07-17,VTRS
VTRS260717C00017000,17.0,0.2,0.1,0.25,7.0,48.0,0.34668622070312494,False,CALL,2026-07-17,VTRS
VTRS260717P00010000,10.0,0.23,0.15,0.4,3.0,201.0,0.47070841796875,False,PUT,2026-07-17,VTRS
VTRS260717P00011000,11.0,0.42,0.4,0.55,1.0,112.0,0.41797457031249996,False,PUT,2026-07-17,VTRS
VTRS260717P00012000,12.0,0.6,0.6,0.75,20.0,116.0,0.36426416992187505,False,PUT,2026-07-17,VTRS
VTRS260717P00013000,13.0,1.36,1.0,1.2,24.0,35.0,0.35938140625,False,PUT,2026-07-17,VTRS
VTRS260717P00014000,14.0,2.0,1.55,1.75,2.0,43.0,0.3481510498046875,True,PUT,2026-07-17,VTRS
VTRS260717P00015000,15.0,2.28,2.25,2.55,15.0,18.0,0.37842418457031246,True,PUT,2026-07-17,VTRS
VTRS270115C00010000,10.0,3.9,2.1,3.9,39.0,57273.0,0.43018147949218755,True,CALL,2027-01-15,VTRS
VTRS270115C00012000,12.0,2.25,2.15,2.45,32.0,5105.0,0.37036762451171873,True,CALL,2027-01-15,VTRS
VTRS270115C00015000,15.0,0.9,0.8,1.05,101.0,3689.0,0.33301448242187504,False,CALL,2027-01-15,VTRS
VTRS270115C00017000,17.0,0.5,0.4,0.6,5.0,4281.0,0.33301448242187504,False,CALL,2027-01-15,VTRS
VTRS270115P00010000,10.0,0.64,0.5,0.65,1803.0,7494.0,0.40332627929687503,False,PUT,2027-01-15,VTRS
VTRS270115P00012000,12.0,1.2,1.05,1.35,24.0,828.0,0.38233039550781245,False,PUT,2027-01-15,VTRS
VTRS270115P00015000,15.0,2.82,2.65,3.0,15.0,236.0,0.3540103662109374,True,PUT,2027-01-15,VTRS
VTRS270115P00017000,17.0,5.65,2.3,6.4,10.0,10.0,0.7304714453125,True,PUT,2027-01-15,VTRS
VTRS280121C00010000,10.0,3.92,2.15,5.9,3.0,158.0,0.6626010302734376,True,CALL,2028-01-21,VTRS
VTRS280121C00012000,12.0,2.72,2.15,4.0,20.0,853.0,0.4899953344726563,True,CALL,2028-01-21,VTRS
VTRS280121C00015000,15.0,2.0,1.75,1.95,2.0,255.0,0.3552310571289062,False,CALL,2028-01-21,VTRS
VTRS280121C00017000,17.0,1.18,0.8,1.3,2.0,71.0,0.33740896972656254,False,CALL,2028-01-21,VTRS
VTRS280121P00010000,10.0,1.3,0.0,3.4,4.0,70.0,0.7832052929687501,False,PUT,2028-01-21,VTRS
VTRS280121P00012000,12.0,1.8,1.45,3.5,17.0,51.0,0.5908244042968751,False,PUT,2028-01-21,VTRS
VTRS280121P00015000,15.0,3.84,1.5,6.0,4.0,65.0,0.6596713720703126,True,PUT,2028-01-21,VTRS
VZ260130C00029000,29.0,10.95,9.0,11.25,2.0,7.0,2.9648463378906245,True,CALL,2026-01-30,VZ
VZ260130C00030000,30.0,9.95,9.8,10.05,26.0,27.0,1.890625546875,True,CALL,2026-01-30,VZ
VZ260130C00031000,31.0,8.95,8.7,9.45,8.0,30.0,1.859375703125,True,CALL,2026-01-30,VZ
VZ260130C00032000,32.0,7.97,7.7,8.05,84.0,25.0,1.5156274218749999,True,CALL,2026-01-30,VZ
VZ260130C00033000,33.0,6.95,6.75,7.15,8.0,42.0,1.7304700976562502,True,CALL,2026-01-30,VZ
VZ260130C00034000,34.0,6.05,5.85,6.05,2.0,52.0,1.15625421875,True,CALL,2026-01-30,VZ
VZ260130C00035000,35.0,4.95,4.8,5.55,4.0,28.0,1.359378203125,True,CALL,2026-01-30,VZ
VZ260130C00036000,36.0,3.95,3.85,4.05,22.0,40.0,0.804689453125,True,CALL,2026-01-30,VZ
VZ260130C00037000,37.0,3.01,2.78,3.1,18.0,163.0,0.7695335546875001,True,CALL,2026-01-30,VZ
VZ260130C00037500,37.5,2.56,2.26,2.86,9.0,24.0,0.5742230078125,True,CALL,2026-01-30,VZ
VZ260130C00038000,38.0,2.07,2.05,2.14,198.0,420.0,0.5546919531250001,True,CALL,2026-01-30,VZ
VZ260130C00038500,38.5,1.67,1.6,1.66,151.0,590.0,0.5039112109375,True,CALL,2026-01-30,VZ
VZ260130C00039000,39.0,1.29,1.26,1.29,1230.0,3031.0,0.55273884765625,True,CALL,2026-01-30,VZ
VZ260130C00039500,39.5,0.97,0.94,0.98,1558.0,6335.0,0.5722699023437501,True,CALL,2026-01-30,VZ
VZ260130C00040000,40.0,0.71,0.69,0.72,5259.0,15875.0,0.5898478515625001,True,CALL,2026-01-30,VZ
VZ260130C00040500,40.5,0.45,0.43,0.49,1834.0,7867.0,0.56836369140625,False,CALL,2026-01-30,VZ
VZ260130C00041000,41.0,0.3,0.28,0.33,2928.0,14273.0,0.57617611328125,False,CALL,2026-01-30,VZ
VZ260130C00041500,41.5,0.19,0.18,0.21,592.0,2475.0,0.5820354296875,False,CALL,2026-01-30,VZ
VZ260130C00042000,42.0,0.12,0.08,0.11,2078.0,16217.0,0.5488326367187502,False,CALL,2026-01-30,VZ
VZ260130C00042500,42.5,0.06,0.05,0.07,677.0,1438.0,0.570316796875,False,CALL,2026-01-30,VZ
VZ260130C00043000,43.0,0.02,0.02,0.04,333.0,3669.0,0.5625043750000001,False,CALL,2026-01-30,VZ
VZ260130C00043500,43.5,0.01,0.0,0.02,3.0,223.0,0.5312546875,False,CALL,2026-01-30,VZ
VZ260130C00044000,44.0,0.01,0.0,0.01,205.0,940.0,0.5312546875,False,CALL,2026-01-30,VZ
VZ260130C00045000,45.0,0.01,0.0,0.01,15.0,269.0,0.6562534375000001,False,CALL,2026-01-30,VZ
VZ260130C00046000,46.0,0.01,0.0,0.01,1.0,12.0,0.7500025,False,CALL,2026-01-30,VZ
VZ260130C00047000,47.0,0.01,0.0,0.01,4.0,3.0,0.87500125,False,CALL,2026-01-30,VZ
VZ260130C00048000,48.0,0.01,0.0,0.01,4.0,7.0,0.937500625,False,CALL,2026-01-30,VZ
VZ260130C00050000,50.0,0.01,0.0,0.01,2.0,3.0,1.125004375,False,CALL,2026-01-30,VZ
VZ260130P00030000,30.0,0.01,0.0,0.01,2.0,124.0,1.5000025,False,PUT,2026-01-30,VZ
VZ260130P00032000,32.0,0.01,0.0,0.01,2.0,5.0,1.1875040625,False,PUT,2026-01-30,VZ
VZ260130P00033000,33.0,0.01,0.0,0.01,4.0,6.0,1.0312548437500002,False,PUT,2026-01-30,VZ
VZ260130P00034000,34.0,0.01,0.0,0.01,28.0,43.0,0.87500125,False,PUT,2026-01-30,VZ
VZ260130P00035000,35.0,0.01,0.0,0.01,17.0,925.0,0.7500025,False,PUT,2026-01-30,VZ
VZ260130P00035500,35.5,0.05,0.0,0.01,2.0,60.0,0.6562534375000001,False,PUT,2026-01-30,VZ
VZ260130P00036000,36.0,0.02,0.01,0.02,602.0,1031.0,0.70312796875,False,PUT,2026-01-30,VZ
VZ260130P00036500,36.5,0.03,0.02,0.03,69.0,274.0,0.6796907031250001,False,PUT,2026-01-30,VZ
VZ260130P00037000,37.0,0.05,0.03,0.05,1875.0,12498.0,0.648441015625,False,PUT,2026-01-30,VZ
VZ260130P00037500,37.5,0.06,0.06,0.07,214.0,4458.0,0.6250037500000001,False,PUT,2026-01-30,VZ
VZ260130P00038000,38.0,0.11,0.11,0.12,1814.0,6960.0,0.6171913281250001,False,PUT,2026-01-30,VZ
VZ260130P00038500,38.5,0.2,0.19,0.21,961.0,4331.0,0.6171913281250001,False,PUT,2026-01-30,VZ
VZ260130P00039000,39.0,0.32,0.32,0.33,3804.0,7334.0,0.6191444335937502,False,PUT,2026-01-30,VZ
VZ260130P00039500,39.5,0.52,0.49,0.52,3089.0,6769.0,0.6250037500000001,False,PUT,2026-01-30,VZ
VZ260130P00040000,40.0,0.74,0.73,0.75,1436.0,4748.0,0.632816171875,False,PUT,2026-01-30,VZ
VZ260130P00040500,40.5,1.01,1.0,1.26,84.0,587.0,0.72851833984375,True,PUT,2026-01-30,VZ
VZ260130P00041000,41.0,1.34,1.32,1.34,884.0,1179.0,0.6152382226562501,True,PUT,2026-01-30,VZ
VZ260130P00041500,41.5,2.14,1.65,2.45,2.0,66.0,0.96289099609375,True,PUT,2026-01-30,VZ
VZ260130P00042000,42.0,2.44,1.99,2.42,3.0,92.0,0.7246121289062499,True,PUT,2026-01-30,VZ
VZ260130P00043000,43.0,3.55,2.85,4.0,80.0,51.0,1.205082099609375,True,PUT,2026-01-30,VZ
VZ260130P00043500,43.5,3.9,3.15,4.5,,0.0,1.193363408203125,True,PUT,2026-01-30,VZ
VZ260130P00044000,44.0,4.17,2.59,5.35,11.0,0.0,2.373050942382812,True,PUT,2026-01-30,VZ
VZ260130P00045000,45.0,5.5,2.96,7.15,1.0,1.0,0.98437515625,True,PUT,2026-01-30,VZ
VZ260130P00046000,46.0,6.4,5.65,7.35,1.0,0.0,1.9062504687500001,True,PUT,2026-01-30,VZ
VZ260130P00047000,47.0,7.05,5.05,7.55,2.0,0.0,2.1543014892578123,True,PUT,2026-01-30,VZ
VZ260130P00048000,48.0,8.29,6.15,9.15,4.0,0.0,3.0410180224609373,True,PUT,2026-01-30,VZ
VZ260130P00049000,49.0,9.48,7.45,10.35,1.0,0.0,3.44531388671875,True,PUT,2026-01-30,VZ
VZ260130P00050000,50.0,10.17,9.6,11.35,2.0,1.0,2.5468786328124997,True,PUT,2026-01-30,VZ
VZ260206C00030000,30.0,8.95,9.7,10.35,,1.0,0.7500025,True,CALL,2026-02-06,VZ
VZ260206C00031000,31.0,8.9,8.8,9.2,4.0,44.0,1.0976607617187502,True,CALL,2026-02-06,VZ
VZ260206C00036000,36.0,3.5,3.75,4.4,25.0,27.0,0.708010732421875,True,CALL,2026-02-06,VZ
VZ260206C00037000,37.0,3.2,2.72,3.5,5.0,13.0,0.641605146484375,True,CALL,2026-02-06,VZ
VZ260206C00037500,37.5,2.13,1.94,3.05,40.0,40.0,0.6025430371093752,True,CALL,2026-02-06,VZ
VZ260206C00038000,38.0,2.36,1.97,2.49,21.0,73.0,0.5029346582031251,True,CALL,2026-02-06,VZ
VZ260206C00038500,38.5,1.8,1.68,1.93,16.0,59.0,0.40430283203125,True,CALL,2026-02-06,VZ
VZ260206C00039000,39.0,1.49,1.35,1.49,201.0,10411.0,0.36035795898437495,True,CALL,2026-02-06,VZ
VZ260206C00039500,39.5,1.12,1.1,1.16,155.0,518.0,0.352545537109375,True,CALL,2026-02-06,VZ
VZ260206C00040000,40.0,0.88,0.85,0.89,930.0,1382.0,0.35205726074218746,True,CALL,2026-02-06,VZ
VZ260206C00040500,40.5,0.64,0.61,0.65,235.0,854.0,0.34570966796874997,False,CALL,2026-02-06,VZ
VZ260206C00041000,41.0,0.44,0.43,0.45,476.0,3078.0,0.3364324169921875,False,CALL,2026-02-06,VZ
VZ260206C00041500,41.5,0.3,0.27,0.32,206.0,497.0,0.3398503515625,False,CALL,2026-02-06,VZ
VZ260206C00042000,42.0,0.2,0.18,0.2,299.0,3808.0,0.33008482421874996,False,CALL,2026-02-06,VZ
VZ260206C00042500,42.5,0.11,0.09,0.14,16.0,7.0,0.33789724609375,False,CALL,2026-02-06,VZ
VZ260206C00043000,43.0,0.08,0.07,0.09,242.0,2962.0,0.3398503515625,False,CALL,2026-02-06,VZ
VZ260206C00044000,44.0,0.03,0.03,0.04,86.0,274.0,0.35156898437499995,False,CALL,2026-02-06,VZ
VZ260206C00045000,45.0,0.03,0.0,0.01,5.0,142.0,0.335944140625,False,CALL,2026-02-06,VZ
VZ260206C00047000,47.0,0.05,0.0,0.05,,7.0,0.500005,False,CALL,2026-02-06,VZ
VZ260206P00030000,30.0,0.02,0.0,0.02,20.0,20.0,0.7500025,False,PUT,2026-02-06,VZ
VZ260206P00031000,31.0,0.05,0.0,0.08,,7.0,0.8203142968749999,False,PUT,2026-02-06,VZ
VZ260206P00032000,32.0,0.05,0.0,0.04,1.0,2.0,0.6562534375000001,False,PUT,2026-02-06,VZ
VZ260206P00034000,34.0,0.03,0.0,0.11,,9.0,0.5937540625000001,False,PUT,2026-02-06,VZ
VZ260206P00035000,35.0,0.02,0.0,0.04,201.0,54.0,0.4726615234375,False,PUT,2026-02-06,VZ
VZ260206P00035500,35.5,0.03,0.02,0.15,11.0,9.0,0.5039112109375,False,PUT,2026-02-06,VZ
VZ260206P00036000,36.0,0.06,0.01,0.11,10.0,240.0,0.48633326171875,False,PUT,2026-02-06,VZ
VZ260206P00036500,36.5,0.08,0.05,0.1,14.0,72.0,0.42774009765625004,False,PUT,2026-02-06,VZ
VZ260206P00037000,37.0,0.1,0.09,0.12,43.0,1373.0,0.39649041015625003,False,PUT,2026-02-06,VZ
VZ260206P00037500,37.5,0.14,0.14,0.15,122.0,830.0,0.3711000390625,False,PUT,2026-02-06,VZ
VZ260206P00038000,38.0,0.22,0.2,0.25,1219.0,5330.0,0.38086556640624997,False,PUT,2026-02-06,VZ
VZ260206P00038500,38.5,0.32,0.3,0.36,87.0,270.0,0.37695935546875,False,PUT,2026-02-06,VZ
VZ260206P00039000,39.0,0.48,0.43,0.5,49.0,2109.0,0.372076591796875,False,PUT,2026-02-06,VZ
VZ260206P00039500,39.5,0.65,0.62,0.67,629.0,413.0,0.3632876171875,False,PUT,2026-02-06,VZ
VZ260206P00040000,40.0,0.88,0.85,0.9,227.0,1239.0,0.362311064453125,False,PUT,2026-02-06,VZ
VZ260206P00040500,40.5,1.12,1.11,1.18,134.0,14.0,0.36377589355468753,True,PUT,2026-02-06,VZ
VZ260206P00041000,41.0,1.45,1.41,1.58,3.0,265.0,0.39893179199218753,True,PUT,2026-02-06,VZ
VZ260206P00041500,41.5,1.83,1.64,1.95,31.0,127.0,0.40918559570312496,True,PUT,2026-02-06,VZ
VZ260206P00042000,42.0,2.65,2.0,2.37,3.0,34.0,0.43066975585937506,True,PUT,2026-02-06,VZ
VZ260206P00043000,43.0,3.6,3.0,4.05,30.0,63.0,0.6201209863281252,True,PUT,2026-02-06,VZ
VZ260206P00044000,44.0,4.25,3.9,4.3,1.0,2.0,0.5937540625000001,True,PUT,2026-02-06,VZ
VZ260206P00045000,45.0,5.4,4.6,7.1,,0.0,0.9941406835937501,True,PUT,2026-02-06,VZ
VZ260206P00047000,47.0,7.76,5.5,9.15,80.0,0.0,0.8652357226562499,True,PUT,2026-02-06,VZ
VZ260213C00030000,30.0,8.95,8.85,10.55,,2.0,1.201175869140625,True,CALL,2026-02-13,VZ
VZ260213C00031000,31.0,7.95,7.9,9.45,,2.0,1.0332079589843752,True,CALL,2026-02-13,VZ
VZ260213C00035000,35.0,5.6,4.8,5.45,,0.0,0.6533237792968751,True,CALL,2026-02-13,VZ
VZ260213C00036000,36.0,3.52,3.9,4.4,3.0,15.0,0.5351608984375,True,CALL,2026-02-13,VZ
VZ260213C00037000,37.0,3.1,2.87,3.5,2.0,173.0,0.48438015625,True,CALL,2026-02-13,VZ
VZ260213C00038000,38.0,2.2,2.09,2.41,7.0,88.0,0.3491276025390625,True,CALL,2026-02-13,VZ
VZ260213C00039000,39.0,1.61,1.46,1.64,21.0,49.0,0.32227240234374993,True,CALL,2026-02-13,VZ
VZ260213C00040000,40.0,0.88,0.86,1.0,167.0,679.0,0.29883513671874995,True,CALL,2026-02-13,VZ
VZ260213C00041000,41.0,0.55,0.49,0.56,127.0,1537.0,0.2890696093749999,False,CALL,2026-02-13,VZ
VZ260213C00042000,42.0,0.28,0.22,0.33,387.0,929.0,0.30274134765625,False,CALL,2026-02-13,VZ
VZ260213C00043000,43.0,0.12,0.12,0.15,15.0,3203.0,0.2929758203124999,False,CALL,2026-02-13,VZ
VZ260213C00044000,44.0,0.05,0.0,0.09,20.0,160.0,0.31250687499999996,False,CALL,2026-02-13,VZ
VZ260213C00045000,45.0,0.01,0.0,0.15,1.0,60.0,0.41602146484374997,False,CALL,2026-02-13,VZ
VZ260213C00046000,46.0,0.05,0.0,0.76,50.0,27.0,0.6093789062500001,False,CALL,2026-02-13,VZ
VZ260213C00047000,47.0,0.05,0.0,0.75,,1.0,0.6679720703125002,False,CALL,2026-02-13,VZ
VZ260213C00049000,49.0,0.01,0.0,0.76,1.0,3.0,0.7851583984375,False,CALL,2026-02-13,VZ
VZ260213C00050000,50.0,0.03,0.0,0.75,,8.0,0.8359391406249999,False,CALL,2026-02-13,VZ
VZ260213P00033000,33.0,0.04,0.0,0.15,,2.0,0.5410202148437502,False,PUT,2026-02-13,VZ
VZ260213P00034000,34.0,0.1,0.0,0.75,2.0,6.0,0.7070341796875,False,PUT,2026-02-13,VZ
VZ260213P00035000,35.0,0.05,0.0,0.4,10.0,202.0,0.5097705273437501,False,PUT,2026-02-13,VZ
VZ260213P00036000,36.0,0.12,0.0,0.21,7.0,124.0,0.43457596679687505,False,PUT,2026-02-13,VZ
VZ260213P00037000,37.0,0.14,0.12,0.18,5.0,265.0,0.334967587890625,False,PUT,2026-02-13,VZ
VZ260213P00038000,38.0,0.22,0.25,0.35,60.0,1164.0,0.327155166015625,False,PUT,2026-02-13,VZ
VZ260213P00039000,39.0,0.55,0.5,0.6,123.0,629.0,0.31055376953124997,False,PUT,2026-02-13,VZ
VZ260213P00040000,40.0,0.96,0.91,0.98,31.0,515.0,0.29395237304687494,False,PUT,2026-02-13,VZ
VZ260213P00041000,41.0,1.51,1.45,1.55,2.0,43.0,0.2876047802734374,True,PUT,2026-02-13,VZ
VZ260213P00042000,42.0,2.07,1.99,2.49,5.0,19.0,0.36426416992187505,True,PUT,2026-02-13,VZ
VZ260213P00043000,43.0,3.9,2.7,4.1,1.0,0.0,0.6640658593750002,True,PUT,2026-02-13,VZ
VZ260213P00044000,44.0,4.75,3.95,5.0,80.0,29.0,0.5195360546875,True,PUT,2026-02-13,VZ
VZ260213P00045000,45.0,5.2,4.45,6.0,1.0,3.0,0.79883013671875,True,PUT,2026-02-13,VZ
VZ260220C00030000,30.0,8.65,9.7,10.45,2.0,7.0,0.62305064453125,True,CALL,2026-02-20,VZ
VZ260220C00034000,34.0,5.55,5.4,6.45,16.0,33.0,0.62305064453125,True,CALL,2026-02-20,VZ
VZ260220C00035000,35.0,4.55,4.85,5.35,10.0,20.0,0.500005,True,CALL,2026-02-20,VZ
VZ260220C00036000,36.0,3.8,3.9,4.5,30.0,62.0,0.4858449853515625,True,CALL,2026-02-20,VZ
VZ260220C00037000,37.0,3.1,2.81,3.6,5.0,186.0,0.43848217773437503,True,CALL,2026-02-20,VZ
VZ260220C00037500,37.5,2.2,2.41,3.2,44.0,115.0,0.42676354492187507,True,CALL,2026-02-20,VZ
VZ260220C00038000,38.0,2.46,2.16,2.48,11.0,213.0,0.3139717041015625,True,CALL,2026-02-20,VZ
VZ260220C00038500,38.5,1.89,1.89,2.08,3.0,265.0,0.299811689453125,True,CALL,2026-02-20,VZ
VZ260220C00039000,39.0,1.6,1.57,1.71,58.0,3562.0,0.2876047802734374,True,CALL,2026-02-20,VZ
VZ260220C00039500,39.5,1.31,1.31,1.36,64.0,577.0,0.273444765625,True,CALL,2026-02-20,VZ
VZ260220C00040000,40.0,1.06,1.03,1.07,785.0,8540.0,0.266608896484375,True,CALL,2026-02-20,VZ
VZ260220C00040500,40.5,0.85,0.79,0.84,100.0,1055.0,0.2651440673828125,False,CALL,2026-02-20,VZ
VZ260220C00041000,41.0,0.61,0.59,0.62,694.0,8723.0,0.2573316455078125,False,CALL,2026-02-20,VZ
VZ260220C00041500,41.5,0.45,0.43,0.47,83.0,6491.0,0.257819921875,False,CALL,2026-02-20,VZ
VZ260220C00042000,42.0,0.32,0.32,0.34,536.0,18556.0,0.25586681640625003,False,CALL,2026-02-20,VZ
VZ260220C00042500,42.5,0.18,0.21,0.24,3.0,127.0,0.25391371093750004,False,CALL,2026-02-20,VZ
VZ260220C00043000,43.0,0.17,0.16,0.17,1887.0,11105.0,0.25391371093750004,False,CALL,2026-02-20,VZ
VZ260220C00043500,43.5,0.14,0.08,0.14,508.0,194.0,0.266608896484375,False,CALL,2026-02-20,VZ
VZ260220C00044000,44.0,0.1,0.06,0.09,150.0,3701.0,0.2617261328125,False,CALL,2026-02-20,VZ
VZ260220C00045000,45.0,0.03,0.03,0.05,40.0,1318.0,0.27149166015625,False,CALL,2026-02-20,VZ
VZ260220C00046000,46.0,0.01,0.0,0.05,2.0,32.0,0.31250687499999996,False,CALL,2026-02-20,VZ
VZ260220C00047000,47.0,0.02,0.0,0.02,4.0,17.0,0.3007882421875,False,CALL,2026-02-20,VZ
VZ260220C00050000,50.0,0.01,0.0,0.01,10.0,14.0,0.367193828125,False,CALL,2026-02-20,VZ
VZ260220P00030000,30.0,0.04,0.0,0.03,1.0,4051.0,0.5468795312500001,False,PUT,2026-02-20,VZ
VZ260220P00032000,32.0,0.08,0.0,0.05,20.0,26.0,0.4726615234375,False,PUT,2026-02-20,VZ
VZ260220P00033000,33.0,0.04,0.0,0.06,6.0,190.0,0.43164630859375,False,PUT,2026-02-20,VZ
VZ260220P00034000,34.0,0.09,0.0,0.09,1.0,101.0,0.40820904296875,False,PUT,2026-02-20,VZ
VZ260220P00035000,35.0,0.06,0.05,0.08,1004.0,887.0,0.3398503515625,False,PUT,2026-02-20,VZ
VZ260220P00036000,36.0,0.11,0.1,0.14,125.0,892.0,0.3232489550781249,False,PUT,2026-02-20,VZ
VZ260220P00036500,36.5,0.15,0.07,0.18,8.0,3044.0,0.31250687499999996,False,PUT,2026-02-20,VZ
VZ260220P00037000,37.0,0.17,0.19,0.21,79.0,6524.0,0.2929758203124999,False,PUT,2026-02-20,VZ
VZ260220P00037500,37.5,0.25,0.22,0.27,331.0,1021.0,0.282233740234375,False,PUT,2026-02-20,VZ
VZ260220P00038000,38.0,0.34,0.32,0.36,198.0,5810.0,0.27637442382812494,False,PUT,2026-02-20,VZ
VZ260220P00038500,38.5,0.49,0.43,0.49,31.0,1486.0,0.2749095947265625,False,PUT,2026-02-20,VZ
VZ260220P00039000,39.0,0.61,0.58,0.64,168.0,4927.0,0.2700268310546875,False,PUT,2026-02-20,VZ
VZ260220P00039500,39.5,0.8,0.76,0.82,34.0,664.0,0.264655791015625,False,PUT,2026-02-20,VZ
VZ260220P00040000,40.0,1.0,0.98,1.04,182.0,7223.0,0.2602613037109375,False,PUT,2026-02-20,VZ
VZ260220P00040500,40.5,1.29,1.24,1.31,84.0,181.0,0.25879647460937505,True,PUT,2026-02-20,VZ
VZ260220P00041000,41.0,1.54,1.55,1.63,83.0,646.0,0.2612378564453125,True,PUT,2026-02-20,VZ
VZ260220P00041500,41.5,1.71,1.79,2.13,3.0,173.0,0.304694453125,True,PUT,2026-02-20,VZ
VZ260220P00042000,42.0,2.21,2.18,2.53,103.0,642.0,0.3154365332031249,True,PUT,2026-02-20,VZ
VZ260220P00042500,42.5,2.71,2.22,3.15,25.0,8.0,0.3881897119140625,True,PUT,2026-02-20,VZ
VZ260220P00043000,43.0,3.95,2.7,4.05,1.0,47.0,0.5400436621093752,True,PUT,2026-02-20,VZ
VZ260220P00044000,44.0,4.27,3.95,5.0,17.0,0.0,0.5986368261718751,True,PUT,2026-02-20,VZ
VZ260220P00045000,45.0,5.31,4.95,5.95,80.0,3.0,0.6508823974609376,True,PUT,2026-02-20,VZ
VZ260220P00047000,47.0,7.86,5.5,9.15,,0.0,0.5371140039062501,True,PUT,2026-02-20,VZ
VZ260227C00036000,36.0,3.65,3.8,4.55,30.0,33.0,0.4419001123046875,True,CALL,2026-02-27,VZ
VZ260227C00037000,37.0,2.8,3.1,3.4,25.0,28.0,0.32227240234374993,True,CALL,2026-02-27,VZ
VZ260227C00038000,38.0,2.3,2.19,2.57,1.0,43.0,0.29932341308593746,True,CALL,2026-02-27,VZ
VZ260227C00039000,39.0,1.97,1.63,1.81,31.0,414.0,0.27539787109374997,True,CALL,2026-02-27,VZ
VZ260227C00040000,40.0,1.15,1.03,1.17,21.0,377.0,0.2553785400390626,True,CALL,2026-02-27,VZ
VZ260227C00041000,41.0,0.65,0.63,0.71,198.0,1693.0,0.2461012890625,False,CALL,2026-02-27,VZ
VZ260227C00042000,42.0,0.4,0.33,0.41,551.0,4904.0,0.243171630859375,False,CALL,2026-02-27,VZ
VZ260227C00043000,43.0,0.2,0.17,0.25,38.0,176.0,0.25196060546875,False,CALL,2026-02-27,VZ
VZ260227C00044000,44.0,0.11,0.07,0.15,4.0,155.0,0.2602613037109375,False,CALL,2026-02-27,VZ
VZ260227C00045000,45.0,0.06,0.02,0.08,5.0,125.0,0.2617261328125,False,CALL,2026-02-27,VZ
VZ260227C00046000,46.0,0.03,0.0,0.09,10.0,11.0,0.30664755859375,False,CALL,2026-02-27,VZ
VZ260227C00047000,47.0,0.02,0.0,0.26,,10.0,0.43945873046875,False,CALL,2026-02-27,VZ
VZ260227C00050000,50.0,0.01,0.0,0.26,,100.0,0.5556685058593751,False,CALL,2026-02-27,VZ
VZ260227P00034000,34.0,0.09,0.0,2.18,11.0,6.0,0.770510107421875,False,PUT,2026-02-27,VZ
VZ260227P00035000,35.0,0.14,0.0,2.21,5.0,78.0,0.6918976123046876,False,PUT,2026-02-27,VZ
VZ260227P00036000,36.0,0.21,0.1,0.22,2.0,106.0,0.32129584960937496,False,PUT,2026-02-27,VZ
VZ260227P00037000,37.0,0.26,0.2,0.25,23.0,677.0,0.27246821289062495,False,PUT,2026-02-27,VZ
VZ260227P00038000,38.0,0.37,0.36,0.4,228.0,689.0,0.25391371093750004,False,PUT,2026-02-27,VZ
VZ260227P00039000,39.0,0.63,0.62,0.75,109.0,338.0,0.2624585473632813,False,PUT,2026-02-27,VZ
VZ260227P00040000,40.0,1.1,1.04,1.13,50.0,203.0,0.2475661181640625,False,PUT,2026-02-27,VZ
VZ260227P00041000,41.0,1.66,1.57,1.68,12.0,110.0,0.24024197265624997,True,PUT,2026-02-27,VZ
VZ260227P00042000,42.0,2.81,2.23,2.62,30.0,36.0,0.29932341308593746,True,PUT,2026-02-27,VZ
VZ260227P00043000,43.0,3.65,3.0,4.05,84.0,52.0,0.4726615234375,True,PUT,2026-02-27,VZ
VZ260227P00044000,44.0,4.85,3.95,5.0,,0.0,0.524418818359375,True,PUT,2026-02-27,VZ
VZ260227P00046000,46.0,6.5,4.15,8.1,2.0,0.0,0.9145516357421876,True,PUT,2026-02-27,VZ
VZ260227P00047000,47.0,7.48,5.05,9.15,2.0,3.0,0.9853517089843751,True,PUT,2026-02-27,VZ
VZ260306C00040000,40.0,1.25,1.1,1.32,5.0,101.0,0.25928475097656256,True,CALL,2026-03-06,VZ
VZ260306C00041000,41.0,0.8,0.7,0.82,12.0,187.0,0.24414818359375,False,CALL,2026-03-06,VZ
VZ260306C00042000,42.0,0.43,0.38,0.52,90.0,312.0,0.245124736328125,False,CALL,2026-03-06,VZ
VZ260306C00043000,43.0,0.24,0.2,0.33,34.0,10.0,0.25098405273437496,False,CALL,2026-03-06,VZ
VZ260306C00044000,44.0,0.13,0.11,0.14,36.0,52.0,0.2304764453125,False,CALL,2026-03-06,VZ
VZ260306C00045000,45.0,0.09,0.0,0.23,40.0,21.0,0.30664755859375,False,CALL,2026-03-06,VZ
VZ260306C00046000,46.0,0.03,0.0,0.76,,3.0,0.5122119091796875,False,CALL,2026-03-06,VZ
VZ260306P00035000,35.0,0.2,0.07,0.17,46.0,59.0,0.32031929687499994,False,PUT,2026-03-06,VZ
VZ260306P00036000,36.0,0.42,0.13,0.57,1.0,22.0,0.405279384765625,False,PUT,2026-03-06,VZ
VZ260306P00037000,37.0,0.29,0.2,0.36,6.0,73.0,0.2802806347656249,False,PUT,2026-03-06,VZ
VZ260306P00038000,38.0,0.46,0.4,0.55,4.0,176.0,0.2661206201171875,False,PUT,2026-03-06,VZ
VZ260306P00039000,39.0,0.77,0.66,0.85,14.0,31.0,0.2573316455078125,False,PUT,2026-03-06,VZ
VZ260306P00042000,42.0,2.87,2.26,2.52,4.0,7.0,0.24658956542968752,True,PUT,2026-03-06,VZ
VZ260320C00030000,30.0,9.39,8.5,10.65,1.0,18.0,0.70898728515625,True,CALL,2026-03-20,VZ
VZ260320C00031000,31.0,9.55,8.25,9.75,20.0,3.0,0.6826203613281252,True,CALL,2026-03-20,VZ
VZ260320C00032000,32.0,7.35,7.25,8.65,1.0,4.0,0.5918009570312501,True,CALL,2026-03-20,VZ
VZ260320C00033000,33.0,6.48,6.3,7.65,7.0,15.0,0.534184345703125,True,CALL,2026-03-20,VZ
VZ260320C00034000,34.0,6.65,5.25,6.65,145.0,0.0,0.4770560107421875,True,CALL,2026-03-20,VZ
VZ260320C00035000,35.0,5.3,5.15,5.45,40.0,166.0,0.3657289990234375,True,CALL,2026-03-20,VZ
VZ260320C00036000,36.0,3.6,3.45,5.7,57.0,65.0,0.5874064697265625,True,CALL,2026-03-20,VZ
VZ260320C00037000,37.0,3.71,3.3,4.0,10.0,347.0,0.3794007373046875,True,CALL,2026-03-20,VZ
VZ260320C00038000,38.0,2.75,2.53,2.8,174.0,774.0,0.27539787109374997,True,CALL,2026-03-20,VZ
VZ260320C00039000,39.0,1.95,1.85,2.09,159.0,1942.0,0.260749580078125,True,CALL,2026-03-20,VZ
VZ260320C00040000,40.0,1.36,1.3,1.44,1508.0,8451.0,0.24097438720703124,True,CALL,2026-03-20,VZ
VZ260320C00041000,41.0,0.85,0.84,0.94,184.0,8523.0,0.22852333984375,False,CALL,2026-03-20,VZ
VZ260320C00042000,42.0,0.55,0.54,0.57,506.0,29983.0,0.21875781249999998,False,CALL,2026-03-20,VZ
VZ260320C00043000,43.0,0.32,0.32,0.34,398.0,15896.0,0.215828154296875,False,CALL,2026-03-20,VZ
VZ260320C00044000,44.0,0.18,0.17,0.19,137.0,10957.0,0.2133867724609375,False,CALL,2026-03-20,VZ
VZ260320C00045000,45.0,0.11,0.1,0.12,861.0,19877.0,0.22022264160156246,False,CALL,2026-03-20,VZ
VZ260320C00046000,46.0,0.06,0.05,0.07,12.0,4801.0,0.22364057617187497,False,CALL,2026-03-20,VZ
VZ260320C00047000,47.0,0.05,0.04,0.05,62.0,4995.0,0.23438265625,False,CALL,2026-03-20,VZ
VZ260320C00048000,48.0,0.03,0.0,0.09,17.0,2962.0,0.2890696093749999,False,CALL,2026-03-20,VZ
VZ260320C00049000,49.0,0.04,0.02,0.03,11.0,1634.0,0.2617261328125,False,CALL,2026-03-20,VZ
VZ260320C00050000,50.0,0.04,0.01,0.03,1.0,7070.0,0.28321029296874994,False,CALL,2026-03-20,VZ
VZ260320P00030000,30.0,0.08,0.01,0.04,1.0,2906.0,0.38281867187499996,False,PUT,2026-03-20,VZ
VZ260320P00031000,31.0,0.1,0.0,0.05,10.0,79.0,0.35547519531249994,False,PUT,2026-03-20,VZ
VZ260320P00032000,32.0,0.03,0.01,0.07,3.0,172.0,0.33789724609375,False,PUT,2026-03-20,VZ
VZ260320P00033000,33.0,0.07,0.05,0.09,10.0,2467.0,0.31445998046874996,False,PUT,2026-03-20,VZ
VZ260320P00034000,34.0,0.11,0.08,0.14,2.0,732.0,0.30274134765625,False,PUT,2026-03-20,VZ
VZ260320P00035000,35.0,0.14,0.13,0.17,209.0,10822.0,0.27295648925781246,False,PUT,2026-03-20,VZ
VZ260320P00036000,36.0,0.23,0.2,0.25,140.0,8056.0,0.256843369140625,False,PUT,2026-03-20,VZ
VZ260320P00037000,37.0,0.35,0.32,0.37,130.0,11792.0,0.241218525390625,False,PUT,2026-03-20,VZ
VZ260320P00038000,38.0,0.58,0.51,0.59,57.0,6578.0,0.2348709326171875,False,PUT,2026-03-20,VZ
VZ260320P00039000,39.0,0.82,0.79,0.88,89.0,4482.0,0.22461712890624996,False,PUT,2026-03-20,VZ
VZ260320P00040000,40.0,1.39,1.21,1.35,13325.0,14116.0,0.2268143725585937,False,PUT,2026-03-20,VZ
VZ260320P00041000,41.0,1.9,1.73,1.83,90.0,4824.0,0.2104571142578125,True,PUT,2026-03-20,VZ
VZ260320P00042000,42.0,2.59,2.15,2.66,4.0,4812.0,0.23731231445312498,True,PUT,2026-03-20,VZ
VZ260320P00043000,43.0,3.05,2.98,3.5,52.0,2609.0,0.2536695727539063,True,PUT,2026-03-20,VZ
VZ260320P00044000,44.0,4.9,3.65,4.65,1.0,1248.0,0.3305731005859375,True,PUT,2026-03-20,VZ
VZ260320P00045000,45.0,5.59,3.65,5.95,1.0,2858.0,0.4370173486328125,True,PUT,2026-03-20,VZ
VZ260320P00046000,46.0,8.4,5.4,7.2,35.0,11.0,0.5307664111328125,True,PUT,2026-03-20,VZ
VZ260320P00047000,47.0,7.2,6.0,8.5,3.0,20.0,0.6325720336914062,True,PUT,2026-03-20,VZ
VZ260320P00048000,48.0,8.85,6.05,10.15,5.0,5.0,0.7983418603515625,True,PUT,2026-03-20,VZ
VZ260320P00049000,49.0,9.75,7.35,10.85,4.0,4.0,0.7817404638671875,True,PUT,2026-03-20,VZ
VZ260320P00050000,50.0,10.27,8.45,11.2,1.0,0.0,0.684573466796875,True,PUT,2026-03-20,VZ
VZ260417C00030000,30.0,9.8,8.8,11.75,5.0,46.0,0.8288591333007811,True,CALL,2026-04-17,VZ
VZ260417C00035000,35.0,5.45,4.4,5.8,3.0,216.0,0.3679262426757813,True,CALL,2026-04-17,VZ
VZ260417C00036000,36.0,4.15,4.2,4.75,5.0,137.0,0.3107979077148437,True,CALL,2026-04-17,VZ
VZ260417C00037000,37.0,3.8,3.55,3.75,15.0,277.0,0.2629468237304688,True,CALL,2026-04-17,VZ
VZ260417C00038000,38.0,2.9,2.85,2.97,613.0,1067.0,0.2475661181640625,True,CALL,2026-04-17,VZ
VZ260417C00039000,39.0,2.24,2.19,2.26,334.0,1000.0,0.233406103515625,True,CALL,2026-04-17,VZ
VZ260417C00040000,40.0,1.52,1.52,1.74,121.0,2427.0,0.23413851806640623,True,CALL,2026-04-17,VZ
VZ260417C00041000,41.0,1.15,1.12,1.16,736.0,5357.0,0.21411918701171873,False,CALL,2026-04-17,VZ
VZ260417C00042000,42.0,0.77,0.67,0.77,304.0,11639.0,0.2063067651367187,False,CALL,2026-04-17,VZ
VZ260417C00043000,43.0,0.49,0.47,0.51,229.0,7958.0,0.20459779785156246,False,CALL,2026-04-17,VZ
VZ260417C00044000,44.0,0.31,0.3,0.32,40.0,5208.0,0.20191227783203125,False,CALL,2026-04-17,VZ
VZ260417C00045000,45.0,0.2,0.19,0.21,694.0,4595.0,0.20459779785156246,False,CALL,2026-04-17,VZ
VZ260417C00046000,46.0,0.14,0.11,0.17,21.0,3455.0,0.21875781249999998,False,CALL,2026-04-17,VZ
VZ260417C00047000,47.0,0.08,0.04,0.14,100.0,553.0,0.23242955078125,False,CALL,2026-04-17,VZ
VZ260417C00048000,48.0,0.03,0.02,0.07,5.0,3320.0,0.22168747070312497,False,CALL,2026-04-17,VZ
VZ260417C00049000,49.0,0.05,0.01,0.06,8.0,161.0,0.23438265625,False,CALL,2026-04-17,VZ
VZ260417C00050000,50.0,0.03,0.01,0.05,2.0,642.0,0.2461012890625,False,CALL,2026-04-17,VZ
VZ260417P00030000,30.0,0.07,0.03,0.11,1.0,1718.0,0.366217275390625,False,PUT,2026-04-17,VZ
VZ260417P00035000,35.0,0.31,0.3,0.35,52.0,7543.0,0.2710033837890625,False,PUT,2026-04-17,VZ
VZ260417P00036000,36.0,0.46,0.44,0.49,13.0,2040.0,0.2612378564453125,False,PUT,2026-04-17,VZ
VZ260417P00037000,37.0,0.66,0.5,0.72,29.0,2374.0,0.25879647460937505,False,PUT,2026-04-17,VZ
VZ260417P00038000,38.0,0.91,0.75,1.01,122.0,4534.0,0.2546461254882813,False,PUT,2026-04-17,VZ
VZ260417P00039000,39.0,1.3,1.28,1.31,179.0,3998.0,0.241218525390625,False,PUT,2026-04-17,VZ
VZ260417P00040000,40.0,1.77,1.73,1.79,169.0,11731.0,0.2417068017578125,False,PUT,2026-04-17,VZ
VZ260417P00041000,41.0,2.4,2.27,2.36,73.0,1842.0,0.242195078125,True,PUT,2026-04-17,VZ
VZ260417P00042000,42.0,3.0,2.91,3.25,26.0,403.0,0.27686270019531245,True,PUT,2026-04-17,VZ
VZ260417P00043000,43.0,4.2,3.45,4.45,8.0,1478.0,0.3501041552734374,True,PUT,2026-04-17,VZ
VZ260417P00044000,44.0,4.93,4.3,5.4,1.0,133.0,0.38403936279296874,True,PUT,2026-04-17,VZ
VZ260417P00045000,45.0,5.3,5.15,5.8,4.0,433.0,0.3259344750976562,True,PUT,2026-04-17,VZ
VZ260417P00046000,46.0,6.69,6.1,7.3,4.0,212.0,0.4426325268554688,True,PUT,2026-04-17,VZ
VZ260417P00047000,47.0,7.39,6.8,8.55,47.0,74.0,0.5161181201171875,True,PUT,2026-04-17,VZ
VZ260417P00048000,48.0,9.4,8.0,9.25,1.0,49.0,0.4997608618164063,True,PUT,2026-04-17,VZ
VZ260417P00049000,49.0,7.0,8.0,10.15,1.0,2.0,0.5127001855468749,True,PUT,2026-04-17,VZ
VZ260417P00050000,50.0,10.55,9.15,12.15,2.0,10.0,0.7055693505859376,True,PUT,2026-04-17,VZ
VZ260618C00030000,30.0,10.0,9.5,10.75,3.0,64.0,0.4470270141601562,True,CALL,2026-06-18,VZ
VZ260618C00033000,33.0,7.37,7.2,7.65,5.0,83.0,0.3210517114257812,True,CALL,2026-06-18,VZ
VZ260618C00035000,35.0,5.58,5.35,5.9,50.0,567.0,0.2898020239257812,True,CALL,2026-06-18,VZ
VZ260618C00038000,38.0,3.4,3.05,3.4,96.0,2081.0,0.23365024169921872,True,CALL,2026-06-18,VZ
VZ260618C00040000,40.0,1.96,2.05,2.11,436.0,6044.0,0.21265435791015624,True,CALL,2026-06-18,VZ
VZ260618C00042000,42.0,1.23,1.23,1.24,541.0,11189.0,0.2054522814941406,False,CALL,2026-06-18,VZ
VZ260618C00045000,45.0,0.52,0.51,0.52,775.0,9685.0,0.20508607421874997,False,CALL,2026-06-18,VZ
VZ260618C00047000,47.0,0.29,0.28,0.3,64.0,5239.0,0.21094539062499998,False,CALL,2026-06-18,VZ
VZ260618C00050000,50.0,0.12,0.12,0.14,315.0,15643.0,0.22266402343749997,False,CALL,2026-06-18,VZ
VZ260618P00030000,30.0,0.09,0.14,0.18,3.0,806.0,0.30371790039062496,False,PUT,2026-06-18,VZ
VZ260618P00033000,33.0,0.36,0.3,0.38,2.0,2563.0,0.2700268310546875,False,PUT,2026-06-18,VZ
VZ260618P00035000,35.0,0.59,0.58,0.6,121.0,10339.0,0.24585715087890625,False,PUT,2026-06-18,VZ
VZ260618P00038000,38.0,1.4,1.35,1.38,87.0,16241.0,0.23206334350585936,False,PUT,2026-06-18,VZ
VZ260618P00040000,40.0,2.24,2.19,2.26,246.0,9318.0,0.22827920166015625,False,PUT,2026-06-18,VZ
VZ260618P00042000,42.0,3.5,3.3,3.6,30.0,7826.0,0.24390404541015626,True,PUT,2026-06-18,VZ
VZ260618P00045000,45.0,5.8,5.65,5.9,40.0,2336.0,0.256843369140625,True,PUT,2026-06-18,VZ
VZ260618P00047000,47.0,7.75,7.15,8.2,2.0,799.0,0.3442448388671875,True,PUT,2026-06-18,VZ
VZ260618P00050000,50.0,9.99,9.95,11.1,8.0,110.0,0.398443515625,True,PUT,2026-06-18,VZ
VZ260717C00030000,30.0,9.94,9.55,10.85,2.0,2.0,0.4250545776367188,True,CALL,2026-07-17,VZ
VZ260717C00033000,33.0,6.5,6.65,8.05,,105.0,0.3523013989257812,True,CALL,2026-07-17,VZ
VZ260717C00034000,34.0,6.18,5.8,6.9,1.0,7.0,0.2973703076171874,True,CALL,2026-07-17,VZ
VZ260717C00035000,35.0,4.98,5.3,5.95,2.0,76.0,0.27027096923828126,True,CALL,2026-07-17,VZ
VZ260717C00036000,36.0,5.0,4.55,6.0,2.0,41.0,0.35425450439453116,True,CALL,2026-07-17,VZ
VZ260717C00037000,37.0,3.67,3.85,4.35,3.0,107.0,0.24585715087890625,True,CALL,2026-07-17,VZ
VZ260717C00038000,38.0,2.9,3.15,3.65,10.0,92.0,0.23767852172851558,True,CALL,2026-07-17,VZ
VZ260717C00039000,39.0,3.15,2.59,2.8,1.0,218.0,0.2104571142578125,True,CALL,2026-07-17,VZ
VZ260717C00040000,40.0,2.16,2.07,2.28,31.0,391.0,0.2092364233398437,True,CALL,2026-07-17,VZ
VZ260717C00041000,41.0,1.76,1.68,1.83,25.0,648.0,0.20801573242187496,False,CALL,2026-07-17,VZ
VZ260717C00042000,42.0,1.36,1.29,1.39,74.0,1603.0,0.20142400146484374,False,CALL,2026-07-17,VZ
VZ260717C00043000,43.0,1.01,1.04,1.07,132.0,946.0,0.2000812414550781,False,CALL,2026-07-17,VZ
VZ260717C00044000,44.0,0.79,0.76,0.81,356.0,1627.0,0.19873848144531248,False,CALL,2026-07-17,VZ
VZ260717C00045000,45.0,0.57,0.56,0.62,239.0,1083.0,0.1997150341796875,False,CALL,2026-07-17,VZ
VZ260717C00046000,46.0,0.5,0.39,0.65,2.0,781.0,0.22510540527343748,False,CALL,2026-07-17,VZ
VZ260717C00047000,47.0,0.36,0.35,0.4,106.0,234.0,0.20899228515624996,False,CALL,2026-07-17,VZ
VZ260717C00048000,48.0,0.33,0.18,0.4,11.0,86.0,0.22705851074218747,False,CALL,2026-07-17,VZ
VZ260717C00049000,49.0,0.23,0.14,0.29,6.0,21.0,0.2238847143554687,False,CALL,2026-07-17,VZ
VZ260717C00050000,50.0,0.14,0.16,0.21,3.0,65.0,0.22168747070312497,False,CALL,2026-07-17,VZ
VZ260717P00030000,30.0,0.25,0.19,0.29,6.0,229.0,0.309577216796875,False,PUT,2026-07-17,VZ
VZ260717P00033000,33.0,0.48,0.44,0.95,1.0,272.0,0.33887379882812496,False,PUT,2026-07-17,VZ
VZ260717P00034000,34.0,0.63,0.61,0.67,6.0,607.0,0.2651440673828125,False,PUT,2026-07-17,VZ
VZ260717P00035000,35.0,0.81,0.76,0.84,4.0,1300.0,0.256843369140625,False,PUT,2026-07-17,VZ
VZ260717P00036000,36.0,0.96,1.02,1.12,5.0,602.0,0.2573316455078125,False,PUT,2026-07-17,VZ
VZ260717P00037000,37.0,1.29,1.31,1.42,6.0,1587.0,0.25391371093750004,False,PUT,2026-07-17,VZ
VZ260717P00038000,38.0,1.75,1.56,1.78,13.0,575.0,0.2512281909179687,False,PUT,2026-07-17,VZ
VZ260717P00039000,39.0,2.13,2.02,2.21,28.0,1021.0,0.24976336181640624,False,PUT,2026-07-17,VZ
VZ260717P00040000,40.0,2.7,2.54,2.69,52.0,942.0,0.2475661181640625,False,PUT,2026-07-17,VZ
VZ260717P00041000,41.0,3.15,3.05,3.3,1.0,1443.0,0.25196060546875,True,PUT,2026-07-17,VZ
VZ260717P00042000,42.0,3.9,3.7,4.0,11.0,64.0,0.25977302734375,True,PUT,2026-07-17,VZ
VZ260717P00043000,43.0,5.05,4.4,4.9,100.0,272.0,0.282233740234375,True,PUT,2026-07-17,VZ
VZ260717P00044000,44.0,5.26,4.95,5.9,5.0,44.0,0.31153032226562494,True,PUT,2026-07-17,VZ
VZ260717P00045000,45.0,7.1,5.7,6.75,15.0,26.0,0.3237372314453124,True,PUT,2026-07-17,VZ
VZ260717P00050000,50.0,10.6,10.15,11.35,2.0,8.0,0.3930724755859375,True,PUT,2026-07-17,VZ
VZ260918C00030000,30.0,10.0,9.55,10.75,10.0,85.0,0.34766277343749996,True,CALL,2026-09-18,VZ
VZ260918C00033000,33.0,7.3,6.8,7.9,9.0,238.0,0.28247787841796873,True,CALL,2026-09-18,VZ
VZ260918C00035000,35.0,5.5,5.1,6.15,30.0,310.0,0.25220474365234374,True,CALL,2026-09-18,VZ
VZ260918C00038000,38.0,3.65,3.45,3.75,11.0,614.0,0.21143366699218746,True,CALL,2026-09-18,VZ
VZ260918C00040000,40.0,2.56,2.45,2.65,126.0,1806.0,0.20777159423828123,True,CALL,2026-09-18,VZ
VZ260918C00042000,42.0,1.73,1.66,1.77,106.0,5348.0,0.20288883056640622,False,CALL,2026-09-18,VZ
VZ260918C00045000,45.0,0.86,0.84,0.93,189.0,3324.0,0.20191227783203125,False,CALL,2026-09-18,VZ
VZ260918C00047000,47.0,0.59,0.56,0.6,12.0,2797.0,0.20386538330078124,False,CALL,2026-09-18,VZ
VZ260918C00050000,50.0,0.32,0.28,0.33,68.0,1219.0,0.21167780517578122,False,CALL,2026-09-18,VZ
VZ260918P00030000,30.0,0.36,0.37,0.39,1.0,604.0,0.2858958129882812,False,PUT,2026-09-18,VZ
VZ260918P00033000,33.0,0.69,0.7,0.74,2.0,7799.0,0.26270268554687504,False,PUT,2026-09-18,VZ
VZ260918P00035000,35.0,1.11,0.97,1.19,23.0,15027.0,0.2572095764160156,False,PUT,2026-09-18,VZ
VZ260918P00038000,38.0,2.0,1.8,2.21,7.0,3032.0,0.2507399145507812,False,PUT,2026-09-18,VZ
VZ260918P00040000,40.0,2.96,2.87,3.05,36.0,2017.0,0.23987576538085933,False,PUT,2026-09-18,VZ
VZ260918P00042000,42.0,4.15,3.95,4.45,30.0,2606.0,0.25757578369140627,True,PUT,2026-09-18,VZ
VZ260918P00045000,45.0,6.27,6.05,6.55,1.0,701.0,0.25928475097656256,True,PUT,2026-09-18,VZ
VZ260918P00047000,47.0,9.57,7.5,8.15,1.0,171.0,0.26306889282226564,True,PUT,2026-09-18,VZ
VZ260918P00050000,50.0,10.98,0.0,0.0,1.0,0.0,1.0000000000000003e-05,True,PUT,2026-09-18,VZ
VZ261218C00030000,30.0,9.55,9.65,11.2,20.0,49.0,0.34961587890624996,True,CALL,2026-12-18,VZ
VZ261218C00033000,33.0,7.3,6.95,8.65,3.0,723.0,0.31262894409179687,True,CALL,2026-12-18,VZ
VZ261218C00035000,35.0,5.9,5.75,6.3,5.0,1095.0,0.22705851074218747,True,CALL,2026-12-18,VZ
VZ261218C00038000,38.0,3.35,3.85,4.25,5.0,1114.0,0.2148516015625,True,CALL,2026-12-18,VZ
VZ261218C00040000,40.0,2.92,2.85,2.98,14.0,2642.0,0.198250205078125,True,CALL,2026-12-18,VZ
VZ261218C00042000,42.0,2.2,1.93,2.14,63.0,3430.0,0.19702951416015624,False,CALL,2026-12-18,VZ
VZ261218C00045000,45.0,1.2,1.16,1.25,200.0,9143.0,0.1966633068847656,False,CALL,2026-12-18,VZ
VZ261218C00047000,47.0,0.85,0.34,0.93,12.0,1193.0,0.2036212451171875,False,CALL,2026-12-18,VZ
VZ261218C00050000,50.0,0.52,0.45,0.52,37.0,3395.0,0.20386538330078124,False,CALL,2026-12-18,VZ
VZ261218P00030000,30.0,0.58,0.53,0.62,30.0,2625.0,0.2778392529296875,False,PUT,2026-12-18,VZ
VZ261218P00033000,33.0,1.11,0.87,1.19,10.0,449.0,0.26978269287109374,False,PUT,2026-12-18,VZ
VZ261218P00035000,35.0,1.5,1.35,1.71,2.0,4405.0,0.2624585473632813,False,PUT,2026-12-18,VZ
VZ261218P00038000,38.0,2.62,2.36,2.82,44.0,1789.0,0.2557447473144532,False,PUT,2026-12-18,VZ
VZ261218P00040000,40.0,3.61,3.45,3.75,32.0,3512.0,0.25025163818359375,False,PUT,2026-12-18,VZ
VZ261218P00042000,42.0,4.76,4.6,5.1,30.0,472.0,0.26197027099609377,True,PUT,2026-12-18,VZ
VZ261218P00045000,45.0,6.93,6.55,7.2,5.0,326.0,0.2668530346679688,True,PUT,2026-12-18,VZ
VZ261218P00047000,47.0,9.15,7.5,9.15,1.0,7.0,0.30005582763671873,True,PUT,2026-12-18,VZ
VZ261218P00050000,50.0,11.25,10.15,11.8,10.0,110.0,0.3215399877929687,True,PUT,2026-12-18,VZ
VZ270115C00030000,30.0,10.0,9.9,11.1,2.0,178.0,0.3244696459960937,True,CALL,2027-01-15,VZ
VZ270115C00033000,33.0,7.55,7.45,8.2,3.0,1081.0,0.2590406127929688,True,CALL,2027-01-15,VZ
VZ270115C00035000,35.0,6.0,5.8,6.35,9.0,4378.0,0.2219316088867187,True,CALL,2027-01-15,VZ
VZ270115C00038000,38.0,4.19,3.85,4.15,180.0,3050.0,0.19934882690429687,True,CALL,2027-01-15,VZ
VZ270115C00040000,40.0,2.97,2.9,3.1,365.0,8096.0,0.19788399780273438,True,CALL,2027-01-15,VZ
VZ270115C00042000,42.0,2.15,2.12,2.18,295.0,7527.0,0.19165847412109377,False,CALL,2027-01-15,VZ
VZ270115C00045000,45.0,1.31,1.25,1.33,234.0,46356.0,0.19458813232421873,False,CALL,2027-01-15,VZ
VZ270115C00047000,47.0,0.93,0.82,0.96,45.0,6072.0,0.19788399780273438,False,CALL,2027-01-15,VZ
VZ270115C00050000,50.0,0.54,0.53,0.59,2572.0,8971.0,0.20313296874999998,False,CALL,2027-01-15,VZ
VZ270115P00030000,30.0,0.69,0.68,0.77,101.0,9593.0,0.2863840893554687,False,PUT,2027-01-15,VZ
VZ270115P00033000,33.0,1.24,1.15,1.44,6.0,4541.0,0.2819896020507812,False,PUT,2027-01-15,VZ
VZ270115P00035000,35.0,1.7,1.72,1.86,109.0,11081.0,0.26367923828125,False,PUT,2027-01-15,VZ
VZ270115P00038000,38.0,2.95,2.82,3.1,46.0,9169.0,0.26416751464843746,False,PUT,2027-01-15,VZ
VZ270115P00040000,40.0,3.9,3.8,4.0,212.0,11347.0,0.25623302368164064,False,PUT,2027-01-15,VZ
VZ270115P00042000,42.0,5.3,4.85,5.4,150.0,3641.0,0.270515107421875,True,PUT,2027-01-15,VZ
VZ270115P00045000,45.0,7.35,6.9,8.0,10.0,1254.0,0.3092110095214844,True,PUT,2027-01-15,VZ
VZ270115P00047000,47.0,9.55,8.45,9.45,200.0,648.0,0.3086006640625,True,PUT,2027-01-15,VZ
VZ270115P00050000,50.0,11.89,10.5,12.0,5.0,698.0,0.32349309326171866,True,PUT,2027-01-15,VZ
VZ271217C00030000,30.0,11.02,9.55,11.4,11.0,10.0,0.2551344018554688,True,CALL,2027-12-17,VZ
VZ271217C00033000,33.0,7.5,7.25,8.95,1.0,39.0,0.2329178271484375,True,CALL,2027-12-17,VZ
VZ271217C00035000,35.0,6.48,6.25,6.65,1.0,170.0,0.17615569946289064,True,CALL,2027-12-17,VZ
VZ271217C00038000,38.0,4.61,4.4,5.05,2.0,1340.0,0.1860432958984375,True,CALL,2027-12-17,VZ
VZ271217C00040000,40.0,3.91,3.65,4.1,8.0,345.0,0.18738605590820312,True,CALL,2027-12-17,VZ
VZ271217C00042000,42.0,3.02,2.8,3.25,14.0,530.0,0.18616536499023437,False,CALL,2027-12-17,VZ
VZ271217C00045000,45.0,2.25,2.04,2.26,245.0,1298.0,0.18549398498535152,False,CALL,2027-12-17,VZ
VZ271217C00047000,47.0,1.68,1.64,1.77,6.0,352.0,0.1860432958984375,False,CALL,2027-12-17,VZ
VZ271217C00050000,50.0,1.22,1.15,1.23,5.0,567.0,0.1878743322753906,False,CALL,2027-12-17,VZ
VZ271217P00030000,30.0,1.65,1.55,1.72,16.0,333.0,0.27930408203124996,False,PUT,2027-12-17,VZ
VZ271217P00033000,33.0,2.51,1.53,2.59,2.0,477.0,0.27173579833984374,False,PUT,2027-12-17,VZ
VZ271217P00035000,35.0,3.15,3.1,3.35,7.0,1435.0,0.2695385546875,False,PUT,2027-12-17,VZ
VZ271217P00038000,38.0,4.7,4.25,4.7,5.0,1184.0,0.2659985510253906,False,PUT,2027-12-17,VZ
VZ271217P00040000,40.0,5.63,4.8,5.9,1.0,474.0,0.2711254528808594,False,PUT,2027-12-17,VZ
VZ271217P00042000,42.0,6.9,5.5,7.1,3.0,257.0,0.2712475219726562,True,PUT,2027-12-17,VZ
VZ271217P00045000,45.0,8.93,8.4,9.15,10.0,255.0,0.27466545654296876,True,PUT,2027-12-17,VZ
VZ271217P00047000,47.0,11.2,9.0,12.5,1.0,63.0,0.36365382446289063,True,PUT,2027-12-17,VZ
VZ271217P00050000,50.0,12.9,0.0,0.0,2.0,59.0,1.0000000000000003e-05,True,PUT,2027-12-17,VZ
VZ280121C00030000,30.0,10.4,10.35,11.2,9.0,445.0,0.23389437988281248,True,CALL,2028-01-21,VZ
VZ280121C00033000,33.0,8.15,7.2,8.35,1.0,919.0,0.19031571411132814,True,CALL,2028-01-21,VZ
VZ280121C00035000,35.0,6.55,6.35,6.6,257.0,2350.0,0.16895362304687503,True,CALL,2028-01-21,VZ
VZ280121C00038000,38.0,4.8,4.65,4.9,180.0,3416.0,0.1744467321777344,True,CALL,2028-01-21,VZ
VZ280121C00040000,40.0,3.8,3.8,4.0,275.0,5983.0,0.17829190856933597,True,CALL,2028-01-21,VZ
VZ280121C00042000,42.0,3.15,3.0,3.25,36.0,2650.0,0.18158777404785154,False,CALL,2028-01-21,VZ
VZ280121C00045000,45.0,2.16,2.07,2.29,50.0,4889.0,0.18238122314453126,False,CALL,2028-01-21,VZ
VZ280121C00047000,47.0,1.9,1.72,1.85,10.0,876.0,0.18549398498535152,False,CALL,2028-01-21,VZ
VZ280121C00050000,50.0,1.28,1.2,1.3,16.0,2980.0,0.18726398681640627,False,CALL,2028-01-21,VZ
VZ280121P00030000,30.0,1.88,1.63,1.95,1.0,1143.0,0.2880930566406249,False,PUT,2028-01-21,VZ
VZ280121P00033000,33.0,2.71,2.49,3.0,4.0,1110.0,0.28827616027832026,False,PUT,2028-01-21,VZ
VZ280121P00035000,35.0,3.4,3.3,3.65,5.0,2808.0,0.27838856384277344,False,PUT,2028-01-21,VZ
VZ280121P00038000,38.0,4.7,4.6,5.0,44.0,1353.0,0.2735668347167969,False,PUT,2028-01-21,VZ
VZ280121P00040000,40.0,5.86,5.6,6.15,10.0,3806.0,0.2758861474609374,False,PUT,2028-01-21,VZ
VZ280121P00042000,42.0,7.1,6.85,7.3,12.0,669.0,0.2735668347167969,True,PUT,2028-01-21,VZ
VZ280121P00045000,45.0,9.69,7.8,9.4,18.0,535.0,0.27912097839355465,True,PUT,2028-01-21,VZ
VZ280121P00047000,47.0,10.8,9.4,10.85,2.0,572.0,0.2805247729492187,True,PUT,2028-01-21,VZ
VZ280121P00050000,50.0,13.61,11.6,13.35,2.0,195.0,0.2919992675781249,True,PUT,2028-01-21,VZ
WAY260220C00030000,30.0,0.81,0.3,0.55,1.0,267.0,0.5839885351562499,False,CALL,2026-02-20,WAY
WAY260220C00032500,32.5,1.34,0.1,0.5,1.0,218.0,0.7050810742187501,False,CALL,2026-02-20,WAY
WAY260220P00022500,22.5,0.2,0.25,0.45,1.0,2.0,0.65039412109375,False,PUT,2026-02-20,WAY
WAY260220P00025000,25.0,0.83,0.75,0.95,15.0,794.0,0.5556685058593751,False,PUT,2026-02-20,WAY
WAY260220P00027500,27.5,2.02,1.95,2.2,17.0,68.0,0.5312546875,True,PUT,2026-02-20,WAY
WAY260220P00030000,30.0,3.57,2.9,4.6,3.0,114.0,0.8320329296874999,True,PUT,2026-02-20,WAY
WAY260220P00032500,32.5,5.62,4.6,6.4,1.0,6.0,0.6738313867187502,True,PUT,2026-02-20,WAY
WAY260320C00020000,20.0,18.8,0.0,0.0,,0.0,1.0000000000000003e-05,True,CALL,2026-03-20,WAY
WAY260320C00022500,22.5,10.3,4.5,6.6,,3.0,0.9028330029296875,True,CALL,2026-03-20,WAY
WAY260320C00025000,25.0,11.58,0.0,0.0,3.0,8.0,1.0000000000000003e-05,True,CALL,2026-03-20,WAY
WAY260320C00027500,27.5,4.46,1.35,1.75,4.0,7.0,0.5170946728515625,False,CALL,2026-03-20,WAY
WAY260320C00030000,30.0,0.8,0.7,1.0,14.0,69.0,0.5278367529296876,False,CALL,2026-03-20,WAY
WAY260320C00032500,32.5,0.7,0.3,0.55,1.0,49.0,0.5273484765625001,False,CALL,2026-03-20,WAY
WAY260320P00020000,20.0,0.3,0.15,0.7,1.0,3.0,0.6875031250000001,False,PUT,2026-03-20,WAY
WAY260320P00022500,22.5,0.34,0.5,0.95,6.0,95.0,0.5835002587890624,False,PUT,2026-03-20,WAY
WAY260320P00025000,25.0,1.25,1.1,1.45,6.0,158.0,0.5380905566406251,False,PUT,2026-03-20,WAY
WAY260320P00027500,27.5,2.63,2.35,2.65,2.0,78.0,0.5053760400390624,True,PUT,2026-03-20,WAY
WAY260320P00030000,30.0,4.08,4.0,4.4,5.0,10.0,0.499028447265625,True,PUT,2026-03-20,WAY
WAY260320P00032500,32.5,3.9,4.9,6.6,100.0,149.0,0.5400436621093752,True,PUT,2026-03-20,WAY
WAY260618C00025000,25.0,5.85,4.0,4.4,1.0,37.0,0.5493209130859377,True,CALL,2026-06-18,WAY
WAY260618C00027500,27.5,6.54,2.75,2.95,,1.0,0.5102588037109376,False,CALL,2026-06-18,WAY
WAY260618C00030000,30.0,1.95,1.85,2.1,13.0,40.0,0.5036670727539063,False,CALL,2026-06-18,WAY
WAY260618C00032500,32.5,1.35,1.2,1.5,17.0,37.0,0.5004932763671875,False,CALL,2026-06-18,WAY
WAY260618P00020000,20.0,0.5,0.6,0.95,50.0,50.0,0.5127001855468749,False,PUT,2026-06-18,WAY
WAY260618P00022500,22.5,1.4,1.35,1.5,16.0,800.0,0.5063525927734375,False,PUT,2026-06-18,WAY
WAY260618P00025000,25.0,2.25,2.1,2.45,53.0,504.0,0.4858449853515625,False,PUT,2026-06-18,WAY
WAY260618P00027500,27.5,2.75,3.3,3.7,61.0,130.0,0.4650932397460938,True,PUT,2026-06-18,WAY
WAY260618P00030000,30.0,5.1,5.0,5.3,102.0,62.0,0.45264219238281256,True,PUT,2026-06-18,WAY
WAY260618P00032500,32.5,5.92,6.7,7.2,1.0,45.0,0.44775942871093743,True,PUT,2026-06-18,WAY
WAY260918C00030000,30.0,3.54,2.55,3.1,10.0,19.0,0.5278367529296876,False,CALL,2026-09-18,WAY
WAY270115C00020000,20.0,9.0,8.1,11.0,1.0,3.0,0.657229990234375,True,CALL,2027-01-15,WAY
WAY270115C00022500,22.5,11.0,14.0,18.5,1.0,2.0,1.6569841369628908,True,CALL,2027-01-15,WAY
WAY270115C00025000,25.0,25.0,14.5,18.6,50.0,9.0,1.7800303967285154,True,CALL,2027-01-15,WAY
WAY270115C00027500,27.5,5.0,4.5,5.0,2.0,2023.0,0.507817421875,False,CALL,2027-01-15,WAY
WAY270115C00030000,30.0,8.2,3.4,4.1,1.0,61.0,0.526371923828125,False,CALL,2027-01-15,WAY
WAY270115C00032500,32.5,5.85,2.6,3.3,4.0,12.0,0.5161181201171875,False,CALL,2027-01-15,WAY
WAY270115P00022500,22.5,1.75,0.0,0.0,,2.0,0.0312596875,False,PUT,2027-01-15,WAY
WAY270115P00025000,25.0,2.61,3.0,3.9,2.0,4.0,0.4558159887695313,False,PUT,2027-01-15,WAY
WAY270115P00027500,27.5,2.0,0.95,4.6,1.0,2000.0,0.38172005004882803,True,PUT,2027-01-15,WAY
WAY270115P00030000,30.0,4.9,5.7,6.5,1.0,80.0,0.4057676611328125,True,PUT,2027-01-15,WAY
WAY270115P00032500,32.5,5.29,7.5,8.2,1.0,2.0,0.3918517846679687,True,PUT,2027-01-15,WAY
WBD260130C00020000,20.0,7.45,6.4,9.5,5.0,20.0,3.156252109375,True,CALL,2026-01-30,WBD
WBD260130C00021000,21.0,6.46,5.0,8.3,7.0,24.0,5.726565341796874,True,CALL,2026-01-30,WBD
WBD260130C00022000,22.0,6.06,4.35,6.2,2.0,8.0,3.0781273046874995,True,CALL,2026-01-30,WBD
WBD260130C00023500,23.5,4.47,3.4,4.6,12.0,9.0,2.2382856542968748,True,CALL,2026-01-30,WBD
WBD260130C00024000,24.0,3.52,2.65,4.4,5.0,7.0,2.6093784765625,True,CALL,2026-01-30,WBD
WBD260130C00024500,24.5,3.12,2.91,3.8,4.0,2.0,1.2656286718749998,True,CALL,2026-01-30,WBD
WBD260130C00025000,25.0,2.82,2.51,3.2,22.0,15.0,1.109379453125,True,CALL,2026-01-30,WBD
WBD260130C00025500,25.5,2.82,1.99,2.7,13.0,13.0,0.9257819921875,True,CALL,2026-01-30,WBD
WBD260130C00026000,26.0,1.8,1.45,2.29,4.0,9.0,0.8242205078124999,True,CALL,2026-01-30,WBD
WBD260130C00026500,26.5,1.26,0.99,1.55,2.0,76.0,0.9609378906249999,True,CALL,2026-01-30,WBD
WBD260130C00027000,27.0,0.87,0.6,1.82,12.0,83.0,0.96289099609375,True,CALL,2026-01-30,WBD
WBD260130C00027500,27.5,0.5,0.0,0.39,2.0,135.0,0.3007882421875,True,CALL,2026-01-30,WBD
WBD260130C00028000,28.0,0.06,0.06,0.1,138.0,3846.0,0.24414818359375,False,CALL,2026-01-30,WBD
WBD260130C00028500,28.5,0.01,0.01,0.03,443.0,5148.0,0.2890696093749999,False,CALL,2026-01-30,WBD
WBD260130C00029000,29.0,0.01,0.0,0.01,97.0,71930.0,0.32813171874999997,False,CALL,2026-01-30,WBD
WBD260130C00029500,29.5,0.02,0.0,0.05,1.0,594.0,0.51562984375,False,CALL,2026-01-30,WBD
WBD260130C00030000,30.0,0.03,0.0,0.01,2.0,2900.0,0.5312546875,False,CALL,2026-01-30,WBD
WBD260130C00030500,30.5,0.03,0.0,0.01,3.0,234.0,0.5625043750000001,False,CALL,2026-01-30,WBD
WBD260130C00031000,31.0,0.1,0.0,0.01,13.0,424.0,0.6562534375000001,False,CALL,2026-01-30,WBD
WBD260130C00031500,31.5,0.2,0.0,0.02,,1.0,0.79687703125,False,CALL,2026-01-30,WBD
WBD260130C00032000,32.0,0.03,0.0,0.01,1.0,3726.0,0.8125018749999999,False,CALL,2026-01-30,WBD
WBD260130C00032500,32.5,0.01,0.0,1.5,18.0,19.0,2.728518803710937,False,CALL,2026-01-30,WBD
WBD260130C00033000,33.0,0.01,0.0,1.2,1.0,7.0,2.6289096777343754,False,CALL,2026-01-30,WBD
WBD260130C00033500,33.5,0.1,0.0,2.13,,1.0,3.488282529296875,False,CALL,2026-01-30,WBD
WBD260130C00034000,34.0,0.1,0.0,0.02,2.0,4.0,1.1875040625,False,CALL,2026-01-30,WBD
WBD260130C00035000,35.0,1.36,0.0,0.02,1.0,6.0,1.3437532812499997,False,CALL,2026-01-30,WBD
WBD260130C00036000,36.0,0.05,0.0,0.02,1.0,3.0,1.46875265625,False,CALL,2026-01-30,WBD
WBD260130P00020000,20.0,0.03,0.0,0.01,28.0,182.0,1.75000125,False,PUT,2026-01-30,WBD
WBD260130P00021000,21.0,0.01,0.0,2.13,3.0,3.0,4.828128964843749,False,PUT,2026-01-30,WBD
WBD260130P00022000,22.0,0.01,0.0,0.27,10.0,314.0,2.1875045312499997,False,PUT,2026-01-30,WBD
WBD260130P00023000,23.0,0.01,0.0,0.04,2.0,218.0,1.2656286718749998,False,PUT,2026-01-30,WBD
WBD260130P00024000,24.0,0.01,0.0,0.19,2.0,390.0,1.3906280468749999,False,PUT,2026-01-30,WBD
WBD260130P00025000,25.0,0.25,0.0,0.21,4.0,10.0,1.109379453125,False,PUT,2026-01-30,WBD
WBD260130P00025500,25.5,0.01,0.0,1.2,18.0,19.0,1.85546947265625,False,PUT,2026-01-30,WBD
WBD260130P00026000,26.0,0.01,0.0,0.23,10.0,143.0,0.8125018749999999,False,PUT,2026-01-30,WBD
WBD260130P00026500,26.5,0.01,0.0,0.02,12.0,122.0,0.398443515625,False,PUT,2026-01-30,WBD
WBD260130P00027000,27.0,0.01,0.01,0.02,25.0,914.0,0.26563234375,False,PUT,2026-01-30,WBD
WBD260130P00027500,27.5,0.02,0.01,0.1,905.0,6050.0,0.2461012890625,False,PUT,2026-01-30,WBD
WBD260130P00028000,28.0,0.24,0.19,0.32,317.0,39422.0,0.20117986328124998,True,PUT,2026-01-30,WBD
WBD260130P00028500,28.5,0.68,0.42,0.75,27.0,1141.0,0.12500875,True,PUT,2026-01-30,WBD
WBD260130P00029000,29.0,1.2,0.91,1.42,28.0,159.0,0.7148466015625,True,PUT,2026-01-30,WBD
WBD260130P00029500,29.5,1.63,0.9,2.0,2.0,260.0,1.01172369140625,True,PUT,2026-01-30,WBD
WBD260130P00030000,30.0,2.38,1.4,3.15,1.0,6.0,0.6250037500000001,True,PUT,2026-01-30,WBD
WBD260130P00030500,30.5,2.01,0.66,4.4,,0.0,3.281251796875,True,PUT,2026-01-30,WBD
WBD260130P00032000,32.0,3.2,2.66,6.3,,0.0,1.67578287109375,True,PUT,2026-01-30,WBD
WBD260130P00035000,35.0,6.93,5.15,9.3,1.0,0.0,5.275394030761718,True,PUT,2026-01-30,WBD
WBD260206C00020000,20.0,8.14,6.1,8.75,1.0,4.0,2.4668007080078125,True,CALL,2026-02-06,WBD
WBD260206C00021000,21.0,7.09,5.1,8.95,1.0,0.0,1.4257841210937499,True,CALL,2026-02-06,WBD
WBD260206C00023500,23.5,4.63,2.81,4.6,12.0,12.0,1.0546922265625,True,CALL,2026-02-06,WBD
WBD260206C00025000,25.0,3.49,1.6,4.1,9.0,67.0,0.51562984375,True,CALL,2026-02-06,WBD
WBD260206C00026000,26.0,2.03,1.53,2.7,2.0,4.0,0.5986368261718751,True,CALL,2026-02-06,WBD
WBD260206C00026500,26.5,2.58,0.26,3.2,,1.0,0.57812921875,True,CALL,2026-02-06,WBD
WBD260206C00027000,27.0,1.1,0.6,3.0,1.0,4.0,0.8125018749999999,True,CALL,2026-02-06,WBD
WBD260206C00027500,27.5,0.54,0.2,1.17,1.0,10.0,0.6015664843750002,True,CALL,2026-02-06,WBD
WBD260206C00028000,28.0,0.32,0.23,0.31,91.0,748.0,0.242195078125,False,CALL,2026-02-06,WBD
WBD260206C00028500,28.5,0.15,0.1,0.15,1050.0,261.0,0.24024197265624997,False,CALL,2026-02-06,WBD
WBD260206C00029000,29.0,0.05,0.04,0.05,442.0,30564.0,0.22266402343749997,False,CALL,2026-02-06,WBD
WBD260206C00029500,29.5,0.03,0.0,0.2,8.0,13.0,0.437505625,False,CALL,2026-02-06,WBD
WBD260206C00030000,30.0,0.01,0.01,0.05,113.0,882.0,0.3398503515625,False,CALL,2026-02-06,WBD
WBD260206C00030500,30.5,0.02,0.0,0.25,1.0,4.0,0.6210975390625001,False,CALL,2026-02-06,WBD
WBD260206C00031000,31.0,0.05,0.0,0.25,13.0,2204.0,0.5566450585937501,False,CALL,2026-02-06,WBD
WBD260206C00032000,32.0,0.03,0.0,0.11,9.0,78.0,0.5546919531250001,False,CALL,2026-02-06,WBD
WBD260206C00033500,33.5,0.07,0.0,0.27,,3.0,0.8359391406249999,False,CALL,2026-02-06,WBD
WBD260206C00034000,34.0,0.06,0.0,0.43,3.0,688.0,0.992187578125,False,CALL,2026-02-06,WBD
WBD260206C00034500,34.5,0.06,0.0,0.54,,1.0,1.107426337890625,False,CALL,2026-02-06,WBD
WBD260206C00035000,35.0,0.16,0.0,0.33,1.0,7.0,1.021489267578125,False,CALL,2026-02-06,WBD
WBD260206P00021000,21.0,0.01,0.0,0.71,5.0,178.0,1.53515857421875,False,PUT,2026-02-06,WBD
WBD260206P00022000,22.0,0.01,0.0,0.27,1.0,1.0,1.0312548437500002,False,PUT,2026-02-06,WBD
WBD260206P00024000,24.0,0.01,0.0,0.04,5.0,60.0,0.5429733203125001,False,PUT,2026-02-06,WBD
WBD260206P00025000,25.0,0.01,0.0,0.2,8.0,36.0,0.51562984375,False,PUT,2026-02-06,WBD
WBD260206P00025500,25.5,0.05,0.0,0.08,,6.0,0.41602146484374997,False,PUT,2026-02-06,WBD
WBD260206P00026000,26.0,0.02,0.0,0.05,8.0,2011.0,0.30274134765625,False,PUT,2026-02-06,WBD
WBD260206P00026500,26.5,0.09,0.0,0.09,248.0,2069.0,0.27930408203124996,False,PUT,2026-02-06,WBD
WBD260206P00027000,27.0,0.11,0.01,0.12,35.0,306.0,0.22461712890624996,False,PUT,2026-02-06,WBD
WBD260206P00027500,27.5,0.22,0.22,0.25,183.0,1680.0,0.20899228515624996,False,PUT,2026-02-06,WBD
WBD260206P00028000,28.0,0.4,0.25,0.55,20.0,20199.0,0.23633576171874998,True,PUT,2026-02-06,WBD
WBD260206P00028500,28.5,0.62,0.0,1.45,4.0,601.0,0.585941640625,True,PUT,2026-02-06,WBD
WBD260206P00029000,29.0,1.02,0.88,1.31,5.0,35.0,0.23633576171874998,True,PUT,2026-02-06,WBD
WBD260206P00030000,30.0,1.6,0.66,3.0,1.0,1.0,0.90429783203125,True,PUT,2026-02-06,WBD
WBD260206P00035000,35.0,6.23,5.15,9.3,,0.0,2.486331909179688,True,PUT,2026-02-06,WBD
WBD260213C00020000,20.0,8.63,6.4,9.25,1.0,1.0,0.9023447265625,True,CALL,2026-02-13,WBD
WBD260213C00024000,24.0,3.58,2.11,4.9,10.0,8.0,1.2119180029296874,True,CALL,2026-02-13,WBD
WBD260213C00025500,25.5,3.27,0.66,4.45,,1.0,1.4453152734375,True,CALL,2026-02-13,WBD
WBD260213C00026000,26.0,2.34,0.51,4.0,,1.0,0.52539537109375,True,CALL,2026-02-13,WBD
WBD260213C00026500,26.5,2.03,0.06,3.55,25.0,20.0,1.2763708056640621,True,CALL,2026-02-13,WBD
WBD260213C00027000,27.0,1.4,0.0,3.2,4.0,2.0,0.5195360546875,True,CALL,2026-02-13,WBD
WBD260213C00027500,27.5,1.42,0.0,2.4,2.0,13.0,0.9863282617187501,True,CALL,2026-02-13,WBD
WBD260213C00028000,28.0,0.56,0.0,0.97,11.0,2.0,0.4687553125,False,CALL,2026-02-13,WBD
WBD260213C00028500,28.5,0.25,0.0,0.33,12.0,82.0,0.270515107421875,False,CALL,2026-02-13,WBD
WBD260213C00029000,29.0,0.3,0.0,0.46,16.0,1144.0,0.40430283203125,False,CALL,2026-02-13,WBD
WBD260213C00029500,29.5,0.26,0.0,2.2,3.0,52.0,0.772463212890625,False,CALL,2026-02-13,WBD
WBD260213C00030000,30.0,0.08,0.03,0.11,12.0,341.0,0.31445998046874996,False,CALL,2026-02-13,WBD
WBD260213C00030500,30.5,0.16,0.0,2.15,237.0,246.0,0.8974619628906249,False,CALL,2026-02-13,WBD
WBD260213C00031000,31.0,1.11,0.0,1.0,26.0,33.0,0.6679720703125002,False,CALL,2026-02-13,WBD
WBD260213C00031500,31.5,0.28,0.0,1.1,,8.0,0.7500025,False,CALL,2026-02-13,WBD
WBD260213C00032000,32.0,0.05,0.01,0.55,1.0,219.0,0.629886513671875,False,CALL,2026-02-13,WBD
WBD260213C00033000,33.0,0.08,0.0,2.14,10.0,10.0,1.1845743896484375,False,CALL,2026-02-13,WBD
WBD260213C00034000,34.0,0.12,0.0,2.13,28.0,247.0,1.2832067089843748,False,CALL,2026-02-13,WBD
WBD260213C00035000,35.0,0.05,0.0,2.13,8.0,12.0,1.3779327978515623,False,CALL,2026-02-13,WBD
WBD260213C00036000,36.0,0.06,0.0,2.13,1.0,4.0,1.466799541015625,False,CALL,2026-02-13,WBD
WBD260213P00022000,22.0,0.05,0.0,0.05,,1.0,0.5546919531250001,False,PUT,2026-02-13,WBD
WBD260213P00025000,25.0,0.03,0.0,1.45,4.0,8.0,0.805666005859375,False,PUT,2026-02-13,WBD
WBD260213P00026000,26.0,0.08,0.0,2.18,10.0,14.0,0.8183611914062499,False,PUT,2026-02-13,WBD
WBD260213P00026500,26.5,0.2,0.01,0.2,2.0,3.0,0.282233740234375,False,PUT,2026-02-13,WBD
WBD260213P00027000,27.0,0.32,0.06,0.32,1.0,79.0,0.273444765625,False,PUT,2026-02-13,WBD
WBD260213P00027500,27.5,0.3,0.01,1.01,140.0,60.0,0.49023947265625006,False,PUT,2026-02-13,WBD
WBD260213P00028000,28.0,0.66,0.05,0.78,1.0,30.0,0.278327529296875,True,PUT,2026-02-13,WBD
WBD260213P00028500,28.5,0.73,0.0,1.75,40.0,4.0,0.5712933496093751,True,PUT,2026-02-13,WBD
WBD260220C00020000,20.0,7.81,7.55,8.2,1.0,130.0,0.8359391406249999,True,CALL,2026-02-20,WBD
WBD260220C00021000,21.0,7.5,5.1,7.95,14.0,64.0,1.5000025,True,CALL,2026-02-20,WBD
WBD260220C00022000,22.0,6.65,5.0,6.95,1.0,1327.0,0.73437765625,True,CALL,2026-02-20,WBD
WBD260220C00023000,23.0,5.91,4.5,5.9,1.0,1180.0,0.7832052929687501,True,CALL,2026-02-20,WBD
WBD260220C00024000,24.0,4.2,3.5,4.9,11.0,2991.0,0.6611362011718751,True,CALL,2026-02-20,WBD
WBD260220C00025000,25.0,3.3,2.75,3.95,1022.0,5695.0,0.6132851171875001,True,CALL,2026-02-20,WBD
WBD260220C00025500,25.5,3.27,0.72,2.97,2.0,2.0,0.6005899316406251,True,CALL,2026-02-20,WBD
WBD260220C00026000,26.0,2.0,2.0,3.0,7.0,8997.0,0.543949873046875,True,CALL,2026-02-20,WBD
WBD260220C00027000,27.0,1.58,1.2,1.95,7.0,11633.0,0.5644574804687501,True,CALL,2026-02-20,WBD
WBD260220C00027500,27.5,1.03,0.76,1.57,1.0,13.0,0.5214891601562499,True,CALL,2026-02-20,WBD
WBD260220C00028000,28.0,0.6,0.6,0.76,121.0,16202.0,0.3149482568359374,False,CALL,2026-02-20,WBD
WBD260220C00028500,28.5,0.49,0.3,0.6,50.0,1761.0,0.32910827148437494,False,CALL,2026-02-20,WBD
WBD260220C00029000,29.0,0.31,0.28,0.35,264.0,23197.0,0.2919992675781249,False,CALL,2026-02-20,WBD
WBD260220C00029500,29.5,0.3,0.08,0.3,1.0,35.0,0.32227240234374993,False,CALL,2026-02-20,WBD
WBD260220C00030000,30.0,0.12,0.11,0.14,1107.0,70128.0,0.282233740234375,False,CALL,2026-02-20,WBD
WBD260220C00030500,30.5,0.1,0.0,0.28,1.0,401.0,0.40430283203125,False,CALL,2026-02-20,WBD
WBD260220C00031000,31.0,0.06,0.05,0.1,35.0,25117.0,0.32813171874999997,False,CALL,2026-02-20,WBD
WBD260220C00031500,31.5,0.11,0.0,0.07,,2.0,0.33399103515625,False,CALL,2026-02-20,WBD
WBD260220C00032000,32.0,0.05,0.01,0.1,21.0,5448.0,0.39453730468750003,False,CALL,2026-02-20,WBD
WBD260220C00032500,32.5,0.05,0.0,2.09,,2.0,0.9331061376953125,False,CALL,2026-02-20,WBD
WBD260220C00033000,33.0,0.02,0.0,0.2,10.0,1163.0,0.5429733203125001,False,CALL,2026-02-20,WBD
WBD260220C00034000,34.0,0.09,0.0,0.04,5.0,1353.0,0.4335994140625,False,CALL,2026-02-20,WBD
WBD260220C00035000,35.0,0.01,0.01,0.1,27.0,1391.0,0.5097705273437501,False,CALL,2026-02-20,WBD
WBD260220C00036000,36.0,0.05,0.0,0.05,1.0,79.0,0.5507857421875001,False,CALL,2026-02-20,WBD
WBD260220P00020000,20.0,0.01,0.0,0.02,10.0,567.0,0.5468795312500001,False,PUT,2026-02-20,WBD
WBD260220P00021000,21.0,0.01,0.0,0.02,10.0,206.0,0.523442265625,False,PUT,2026-02-20,WBD
WBD260220P00022000,22.0,0.03,0.0,0.83,4.0,8450.0,0.8828136718749999,False,PUT,2026-02-20,WBD
WBD260220P00023000,23.0,0.02,0.0,0.03,100.0,7797.0,0.398443515625,False,PUT,2026-02-20,WBD
WBD260220P00024000,24.0,0.06,0.01,0.09,37.0,11456.0,0.40430283203125,False,PUT,2026-02-20,WBD
WBD260220P00025000,25.0,0.1,0.05,0.12,105.0,10229.0,0.3398503515625,False,PUT,2026-02-20,WBD
WBD260220P00026000,26.0,0.14,0.16,0.23,10.0,36832.0,0.30762411132812495,False,PUT,2026-02-20,WBD
WBD260220P00027000,27.0,0.41,0.41,0.48,101.0,25798.0,0.2919992675781249,False,PUT,2026-02-20,WBD
WBD260220P00027500,27.5,0.55,0.47,0.65,5.0,335.0,0.2778392529296875,False,PUT,2026-02-20,WBD
WBD260220P00028000,28.0,0.72,0.59,0.81,1953.0,27858.0,0.243171630859375,True,PUT,2026-02-20,WBD
WBD260220P00028500,28.5,0.87,0.56,1.3,1.0,1545.0,0.31055376953124997,True,PUT,2026-02-20,WBD
WBD260220P00029000,29.0,1.38,1.28,1.56,4.0,2258.0,0.27539787109374997,True,PUT,2026-02-20,WBD
WBD260220P00029500,29.5,1.92,1.56,2.12,2.0,500.0,0.35352208984374994,True,PUT,2026-02-20,WBD
WBD260220P00030000,30.0,1.89,2.0,2.49,1.0,816.0,0.3398503515625,True,PUT,2026-02-20,WBD
WBD260220P00031000,31.0,2.54,1.17,4.95,100.0,55.0,1.0419969775390627,True,PUT,2026-02-20,WBD
WBD260220P00032000,32.0,3.75,2.51,6.3,4.0,2.0,1.2788121997070312,True,PUT,2026-02-20,WBD
WBD260220P00036000,36.0,7.23,6.15,10.3,,0.0,1.6367205664062499,True,PUT,2026-02-20,WBD
WBD260227C00022000,22.0,6.65,4.15,8.0,10.0,10.0,0.7148466015625,True,CALL,2026-02-27,WBD
WBD260227C00025000,25.0,4.01,1.26,5.1,5.0,5.0,1.1860392260742185,True,CALL,2026-02-27,WBD
WBD260227C00026000,26.0,2.58,0.33,4.15,1.0,50.0,1.0449266503906252,True,CALL,2026-02-27,WBD
WBD260227C00028000,28.0,1.36,0.05,1.4,1.0,50.0,0.477544287109375,False,CALL,2026-02-27,WBD
WBD260227C00029000,29.0,0.88,0.0,0.75,20.0,79.0,0.39453730468750003,False,CALL,2026-02-27,WBD
WBD260227C00030000,30.0,0.29,0.0,0.42,14.0,625.0,0.37305314453125,False,CALL,2026-02-27,WBD
WBD260227C00031000,31.0,0.12,0.01,0.3,1.0,43.0,0.40039662109375,False,CALL,2026-02-27,WBD
WBD260227C00032000,32.0,0.17,0.0,2.2,20.0,10.0,0.79687703125,False,CALL,2026-02-27,WBD
WBD260227C00033000,33.0,0.07,0.0,2.15,10.0,22.0,0.867188828125,False,CALL,2026-02-27,WBD
WBD260227C00034000,34.0,0.05,0.0,2.15,1.0,3.0,0.940430283203125,False,CALL,2026-02-27,WBD
WBD260227C00035000,35.0,0.04,0.0,2.15,1002.0,1073.0,1.009770576171875,False,CALL,2026-02-27,WBD
WBD260227C00036000,36.0,0.07,0.0,2.14,,17.0,1.0732468212890627,False,CALL,2026-02-27,WBD
WBD260227P00024000,24.0,0.2,0.0,0.18,5.0,7.0,0.42578699218750005,False,PUT,2026-02-27,WBD
WBD260227P00025000,25.0,0.12,0.0,0.19,2.0,16.0,0.34180345703125,False,PUT,2026-02-27,WBD
WBD260227P00026000,26.0,0.3,0.0,0.35,4.0,6.0,0.3217841259765625,False,PUT,2026-02-27,WBD
WBD260227P00027000,27.0,0.32,0.0,1.0,1.0,26.0,0.428716650390625,False,PUT,2026-02-27,WBD
WBD260227P00028000,28.0,0.85,0.0,2.95,26.0,35.0,0.8876964355468748,True,PUT,2026-02-27,WBD
WBD260227P00029000,29.0,1.17,0.0,3.6,20.0,40.0,0.9062509375,True,PUT,2026-02-27,WBD
WBD260227P00030000,30.0,1.96,0.32,4.4,,7.0,0.9565434033203124,True,PUT,2026-02-27,WBD
WBD260227P00031000,31.0,2.71,1.21,5.35,,5.0,1.0429735351562504,True,PUT,2026-02-27,WBD
WBD260306C00020000,20.0,8.6,7.8,10.0,,5.0,1.2880894970703123,True,CALL,2026-03-06,WBD
WBD260306C00030000,30.0,0.36,0.03,1.61,3.0,3.0,0.7055693505859376,False,CALL,2026-03-06,WBD
WBD260306P00027000,27.0,0.71,0.51,0.74,2.0,35.0,0.3090889404296875,False,PUT,2026-03-06,WBD
WBD260320C00020000,20.0,8.37,6.1,9.95,15.0,2069.0,0.6777375976562501,True,CALL,2026-03-20,WBD
WBD260320C00021000,21.0,7.47,6.4,7.8,7.0,7573.0,0.641605146484375,True,CALL,2026-03-20,WBD
WBD260320C00022000,22.0,6.08,5.65,8.0,1.0,9397.0,0.8564467480468749,True,CALL,2026-03-20,WBD
WBD260320C00023000,23.0,5.67,4.15,5.9,1.0,3274.0,0.780275634765625,True,CALL,2026-03-20,WBD
WBD260320C00024000,24.0,4.02,3.75,4.95,1.0,5245.0,0.6938507177734375,True,CALL,2026-03-20,WBD
WBD260320C00025000,25.0,3.2,3.0,3.75,1.0,48626.0,0.5336960693359375,True,CALL,2026-03-20,WBD
WBD260320C00026000,26.0,2.63,2.34,3.25,13.0,15607.0,0.567387138671875,True,CALL,2026-03-20,WBD
WBD260320C00027000,27.0,1.83,1.42,1.9,351.0,3667.0,0.3667055517578125,True,CALL,2026-03-20,WBD
WBD260320C00028000,28.0,1.17,1.0,1.26,367.0,12206.0,0.3325262060546875,False,CALL,2026-03-20,WBD
WBD260320C00029000,29.0,0.7,0.22,1.05,34.0,5385.0,0.37793590820312495,False,CALL,2026-03-20,WBD
WBD260320C00030000,30.0,0.38,0.33,0.46,620.0,33589.0,0.29834686035156244,False,CALL,2026-03-20,WBD
WBD260320C00031000,31.0,0.18,0.11,0.35,50.0,14528.0,0.32520206054687495,False,CALL,2026-03-20,WBD
WBD260320C00032000,32.0,0.1,0.02,0.26,15.0,3051.0,0.344733115234375,False,CALL,2026-03-20,WBD
WBD260320C00033000,33.0,0.06,0.01,0.13,45.0,3379.0,0.327155166015625,False,CALL,2026-03-20,WBD
WBD260320C00034000,34.0,0.03,0.01,0.05,7.0,10570.0,0.30274134765625,False,CALL,2026-03-20,WBD
WBD260320C00035000,35.0,0.03,0.0,0.09,1.0,8449.0,0.375982802734375,False,CALL,2026-03-20,WBD
WBD260320C00036000,36.0,0.01,0.0,0.15,15.0,69.0,0.45703667968750006,False,CALL,2026-03-20,WBD
WBD260320P00020000,20.0,0.06,0.0,0.08,3.0,3542.0,0.5117236328125,False,PUT,2026-03-20,WBD
WBD260320P00021000,21.0,0.05,0.0,0.12,6.0,1462.0,0.48828636718750007,False,PUT,2026-03-20,WBD
WBD260320P00022000,22.0,0.08,0.0,0.5,3.0,958.0,0.507817421875,False,PUT,2026-03-20,WBD
WBD260320P00023000,23.0,0.11,0.05,0.2,5.0,15552.0,0.4062559375,False,PUT,2026-03-20,WBD
WBD260320P00024000,24.0,0.18,0.01,0.35,50.0,12216.0,0.40430283203125,False,PUT,2026-03-20,WBD
WBD260320P00025000,25.0,0.36,0.24,0.4,40.0,62011.0,0.344733115234375,False,PUT,2026-03-20,WBD
WBD260320P00026000,26.0,0.56,0.31,0.57,34.0,6931.0,0.313483427734375,False,PUT,2026-03-20,WBD
WBD260320P00027000,27.0,0.85,0.76,0.88,1958.0,111201.0,0.29883513671874995,False,PUT,2026-03-20,WBD
WBD260320P00028000,28.0,1.25,1.11,1.4,14.0,16390.0,0.3061592822265625,True,PUT,2026-03-20,WBD
WBD260320P00029000,29.0,1.57,1.34,2.17,70.0,240.0,0.34570966796874997,True,PUT,2026-03-20,WBD
WBD260320P00030000,30.0,2.5,1.67,2.9,1.0,1168.0,0.352545537109375,True,PUT,2026-03-20,WBD
WBD260320P00031000,31.0,2.75,2.49,3.6,1.0,33.0,0.32520206054687495,True,PUT,2026-03-20,WBD
WBD260320P00032000,32.0,3.66,2.17,6.3,3.0,3.0,0.8588881298828125,True,PUT,2026-03-20,WBD
WBD260320P00033000,33.0,4.85,3.15,7.3,1.0,0.0,0.9248054394531251,True,PUT,2026-03-20,WBD
WBD260417C00020000,20.0,8.77,7.15,8.85,18.0,2299.0,0.5312546875,True,CALL,2026-04-17,WBD
WBD260417C00021000,21.0,7.94,6.4,7.85,10.0,174.0,0.526371923828125,True,CALL,2026-04-17,WBD
WBD260417C00022000,22.0,7.0,5.95,6.3,9.0,3801.0,0.52539537109375,True,CALL,2026-04-17,WBD
WBD260417C00023000,23.0,6.0,4.55,5.95,9.0,670.0,0.6401403173828125,True,CALL,2026-04-17,WBD
WBD260417C00024000,24.0,4.45,4.05,4.65,2.0,1989.0,0.4819387744140625,True,CALL,2026-04-17,WBD
WBD260417C00025000,25.0,3.5,3.2,3.65,11.0,2545.0,0.40479110839843746,True,CALL,2026-04-17,WBD
WBD260417C00026000,26.0,3.35,1.5,3.3,3.0,1761.0,0.46631393066406257,True,CALL,2026-04-17,WBD
WBD260417C00027000,27.0,2.39,1.95,2.35,1.0,2778.0,0.38477177734374995,True,CALL,2026-04-17,WBD
WBD260417C00028000,28.0,1.65,1.4,1.67,13.0,1275.0,0.34668622070312494,False,CALL,2026-04-17,WBD
WBD260417C00029000,29.0,1.05,1.05,1.12,956.0,7402.0,0.31763377685546873,False,CALL,2026-04-17,WBD
WBD260417C00030000,30.0,0.65,0.65,0.69,473.0,13032.0,0.29224340576171864,False,CALL,2026-04-17,WBD
WBD260417C00031000,31.0,0.37,0.31,0.38,1026.0,2646.0,0.2695385546875,False,CALL,2026-04-17,WBD
WBD260417C00032000,32.0,0.17,0.15,0.33,3751.0,12920.0,0.29932341308593746,False,CALL,2026-04-17,WBD
WBD260417C00033000,33.0,0.08,0.0,0.14,20.0,155.0,0.26758544921875,False,CALL,2026-04-17,WBD
WBD260417C00034000,34.0,0.13,0.0,0.19,4.0,289.0,0.3242255078124999,False,CALL,2026-04-17,WBD
WBD260417C00035000,35.0,0.08,0.0,0.18,6.0,145.0,0.352545537109375,False,CALL,2026-04-17,WBD
WBD260417C00036000,36.0,0.07,0.0,1.1,12.0,22.0,0.5205126074218749,False,CALL,2026-04-17,WBD
WBD260417P00020000,20.0,0.03,0.01,0.14,125.0,2350.0,0.46191944335937507,False,PUT,2026-04-17,WBD
WBD260417P00021000,21.0,0.15,0.0,0.15,50.0,1377.0,0.41211525390625,False,PUT,2026-04-17,WBD
WBD260417P00022000,22.0,0.23,0.01,0.23,1.0,1857.0,0.398443515625,False,PUT,2026-04-17,WBD
WBD260417P00023000,23.0,0.19,0.12,0.24,22.0,10405.0,0.344733115234375,False,PUT,2026-04-17,WBD
WBD260417P00024000,24.0,0.28,0.18,0.33,3755.0,16798.0,0.31836619140624994,False,PUT,2026-04-17,WBD
WBD260417P00025000,25.0,0.51,0.35,0.56,4.0,1144.0,0.32031929687499994,False,PUT,2026-04-17,WBD
WBD260417P00026000,26.0,0.8,0.43,0.81,147.0,7288.0,0.30664755859375,False,PUT,2026-04-17,WBD
WBD260417P00027000,27.0,1.16,1.06,1.14,3775.0,13365.0,0.2924875439453124,False,PUT,2026-04-17,WBD
WBD260417P00028000,28.0,1.31,1.33,1.68,123.0,3773.0,0.3002999658203125,True,PUT,2026-04-17,WBD
WBD260417P00029000,29.0,1.75,1.47,2.26,2.0,828.0,0.295905478515625,True,PUT,2026-04-17,WBD
WBD260417P00030000,30.0,2.15,0.65,2.9,120.0,403.0,0.2836985693359374,True,PUT,2026-04-17,WBD
WBD260417P00031000,31.0,12.01,5.95,9.6,19.0,7.0,1.1162153564453123,True,PUT,2026-04-17,WBD
WBD260417P00032000,32.0,3.76,2.21,6.3,15.0,0.0,0.6899445068359377,True,PUT,2026-04-17,WBD
WBD260417P00033000,33.0,3.75,3.15,7.3,,0.0,0.743166630859375,True,PUT,2026-04-17,WBD
WBD260618C00020000,20.0,8.1,7.8,8.85,5.0,1016.0,0.508793974609375,True,CALL,2026-06-18,WBD
WBD260618C00021000,21.0,8.27,5.4,9.2,7.0,37.0,0.8652357226562499,True,CALL,2026-06-18,WBD
WBD260618C00022000,22.0,6.5,6.05,6.9,1.0,231.0,0.5310105493164063,True,CALL,2026-06-18,WBD
WBD260618C00023000,23.0,6.22,3.6,7.35,1.0,19.0,0.7377955908203124,True,CALL,2026-06-18,WBD
WBD260618C00024000,24.0,5.35,4.3,6.5,11.0,430.0,0.6875031250000001,True,CALL,2026-06-18,WBD
WBD260618C00025000,25.0,4.4,2.0,4.4,20.0,5933.0,0.4318904467773438,True,CALL,2026-06-18,WBD
WBD260618C00026000,26.0,3.25,2.8,3.6,10.0,386.0,0.39624627197265627,True,CALL,2026-06-18,WBD
WBD260618C00027000,27.0,2.8,2.18,2.92,21.0,989.0,0.37305314453125,True,CALL,2026-06-18,WBD
WBD260618C00028000,28.0,1.81,1.73,2.23,20.0,3602.0,0.34107104248046877,False,CALL,2026-06-18,WBD
WBD260618C00029000,29.0,1.24,1.19,1.5,45.0,5886.0,0.29395237304687494,False,CALL,2026-06-18,WBD
WBD260618C00030000,30.0,0.9,0.76,1.05,45.0,5137.0,0.2761302856445312,False,CALL,2026-06-18,WBD
WBD260618C00031000,31.0,0.59,0.46,0.77,6072.0,6411.0,0.2732006274414062,False,CALL,2026-06-18,WBD
WBD260618C00032000,32.0,0.4,0.08,0.55,11.0,314.0,0.2700268310546875,False,CALL,2026-06-18,WBD
WBD260618C00033000,33.0,0.23,0.1,0.35,5.0,1309.0,0.25928475097656256,False,CALL,2026-06-18,WBD
WBD260618C00034000,34.0,0.12,0.0,1.55,39.0,232.0,0.5139208764648437,False,CALL,2026-06-18,WBD
WBD260618C00035000,35.0,0.24,0.0,2.03,242.0,424.0,0.6250037500000001,False,CALL,2026-06-18,WBD
WBD260618C00036000,36.0,0.04,0.01,0.07,164.0,320.0,0.23535920898437498,False,CALL,2026-06-18,WBD
WBD260618P00020000,20.0,0.05,0.04,0.1,1.0,7302.0,0.32227240234374993,False,PUT,2026-06-18,WBD
WBD260618P00021000,21.0,0.15,0.04,0.23,299.0,305.0,0.34278000976562495,False,PUT,2026-06-18,WBD
WBD260618P00022000,22.0,0.13,0.0,1.13,50.0,110.0,0.5268602001953125,False,PUT,2026-06-18,WBD
WBD260618P00023000,23.0,0.2,0.0,0.48,6107.0,6219.0,0.3242255078124999,False,PUT,2026-06-18,WBD
WBD260618P00024000,24.0,0.48,0.0,0.5,15064.0,50509.0,0.278327529296875,False,PUT,2026-06-18,WBD
WBD260618P00025000,25.0,0.64,0.58,0.7,12.0,395.0,0.266608896484375,False,PUT,2026-06-18,WBD
WBD260618P00026000,26.0,1.12,0.3,1.22,3.0,568.0,0.2966378930664062,False,PUT,2026-06-18,WBD
WBD260618P00027000,27.0,1.3,1.22,1.39,2.0,6767.0,0.25659923095703124,False,PUT,2026-06-18,WBD
WBD260618P00028000,28.0,1.65,1.64,1.88,1.0,1584.0,0.25391371093750004,True,PUT,2026-06-18,WBD
WBD260618P00029000,29.0,1.9,1.82,2.4,10.0,297.0,0.24243921630859372,True,PUT,2026-06-18,WBD
WBD260618P00030000,30.0,2.12,0.9,4.6,1.0,156.0,0.47070841796875,True,PUT,2026-06-18,WBD
WBD260618P00033000,33.0,4.65,3.15,7.3,10.0,29.0,0.5564009204101563,True,PUT,2026-06-18,WBD
WBD260618P00036000,36.0,7.61,6.2,10.3,,0.0,0.6611362011718751,True,PUT,2026-06-18,WBD
WBD260717C00020000,20.0,8.25,6.7,10.2,1.0,4.0,0.8618177880859376,True,CALL,2026-07-17,WBD
WBD260717C00021000,21.0,6.7,5.5,9.2,,0.0,0.788088056640625,True,CALL,2026-07-17,WBD
WBD260717C00022000,22.0,8.05,4.6,8.3,2.0,0.0,0.7338893798828124,True,CALL,2026-07-17,WBD
WBD260717C00023000,23.0,6.2,4.8,6.8,1.0,47.0,0.5817912915039063,True,CALL,2026-07-17,WBD
WBD260717C00024000,24.0,5.38,2.9,5.55,1.0,70.0,0.4777884252929688,True,CALL,2026-07-17,WBD
WBD260717C00025000,25.0,4.5,2.1,4.55,6.0,54.0,0.41602146484374997,True,CALL,2026-07-17,WBD
WBD260717C00026000,26.0,3.33,2.6,3.75,1.0,24.0,0.3820862573242187,True,CALL,2026-07-17,WBD
WBD260717C00027000,27.0,4.0,2.4,3.1,1.0,15.0,0.36426416992187505,True,CALL,2026-07-17,WBD
WBD260717C00028000,28.0,2.0,1.85,2.1,3.0,56.0,0.29321995849609367,False,CALL,2026-07-17,WBD
WBD260717C00029000,29.0,1.41,1.0,1.88,10.0,81.0,0.31836619140624994,False,CALL,2026-07-17,WBD
WBD260717C00030000,30.0,1.21,0.83,1.13,131.0,434.0,0.26270268554687504,False,CALL,2026-07-17,WBD
WBD260717C00031000,31.0,0.65,0.43,0.73,5.0,167.0,0.24268335449218748,False,CALL,2026-07-17,WBD
WBD260717C00032000,32.0,0.01,0.14,0.64,4801.0,19240.0,0.26148199462890626,False,CALL,2026-07-17,WBD
WBD260717C00033000,33.0,0.24,0.0,0.52,1.0,57.0,0.27027096923828126,False,CALL,2026-07-17,WBD
WBD260717C00035000,35.0,0.31,0.01,0.26,12.0,13.0,0.26367923828125,False,CALL,2026-07-17,WBD
WBD260717P00020000,20.0,0.33,0.0,0.4,1.0,13.0,0.41309180664062495,False,PUT,2026-07-17,WBD
WBD260717P00021000,21.0,0.2,0.05,0.25,3.0,32.0,0.3193427441406249,False,PUT,2026-07-17,WBD
WBD260717P00022000,22.0,0.01,0.11,0.32,4800.0,17534.0,0.29932341308593746,False,PUT,2026-07-17,WBD
WBD260717P00023000,23.0,0.37,0.19,0.42,3.0,84.0,0.28125718749999995,False,PUT,2026-07-17,WBD
WBD260717P00024000,24.0,0.48,0.31,0.53,3.0,354.0,0.25977302734375,False,PUT,2026-07-17,WBD
WBD260717P00025000,25.0,0.68,0.5,0.73,2.0,3299.0,0.24805439453125,False,PUT,2026-07-17,WBD
WBD260717P00026000,26.0,0.95,0.75,1.0,2.0,27.0,0.23780059082031246,False,PUT,2026-07-17,WBD
WBD260717P00027000,27.0,1.3,1.1,1.4,1.0,10.0,0.23511507080078126,False,PUT,2026-07-17,WBD
WBD260717P00028000,28.0,1.78,1.57,1.76,7.0,17546.0,0.2153398779296875,True,PUT,2026-07-17,WBD
WBD260717P00029000,29.0,1.86,1.68,2.43,28.0,60.0,0.22486126708984372,True,PUT,2026-07-17,WBD
WBD260717P00030000,30.0,2.28,1.05,4.65,,200.0,0.43530838134765626,True,PUT,2026-07-17,WBD
WBD260717P00031000,31.0,3.0,1.41,4.95,559.0,328.0,0.38355108642578123,True,PUT,2026-07-17,WBD
WBD260717P00032000,32.0,3.75,2.26,6.1,30.0,30.0,0.44287666503906253,True,PUT,2026-07-17,WBD
WBD260717P00033000,33.0,4.75,3.15,7.3,300.0,0.0,0.506840869140625,True,PUT,2026-07-17,WBD
WBD260918C00020000,20.0,8.71,8.1,9.1,10.0,4496.0,0.5498091894531252,True,CALL,2026-09-18,WBD
WBD260918C00022000,22.0,7.4,5.85,8.65,1.0,273.0,0.6777375976562501,True,CALL,2026-09-18,WBD
WBD260918C00025000,25.0,4.54,4.0,4.9,1.0,4226.0,0.40015248291015626,True,CALL,2026-09-18,WBD
WBD260918C00027000,27.0,3.03,2.15,3.3,1.0,276.0,0.33447931152343746,True,CALL,2026-09-18,WBD
WBD260918C00030000,30.0,1.25,1.0,1.44,5.0,1798.0,0.2612378564453125,False,CALL,2026-09-18,WBD
WBD260918C00032000,32.0,0.24,0.24,0.56,1.0,1285.0,0.21143366699218746,False,CALL,2026-09-18,WBD
WBD260918C00035000,35.0,0.08,0.08,0.2,52.0,638.0,0.2104571142578125,False,CALL,2026-09-18,WBD
WBD260918P00020000,20.0,0.16,0.01,0.23,2.0,1519.0,0.30274134765625,False,PUT,2026-09-18,WBD
WBD260918P00022000,22.0,0.34,0.05,0.39,3.0,291.0,0.27197993652343744,False,PUT,2026-09-18,WBD
WBD260918P00025000,25.0,0.81,0.66,0.86,2.0,333.0,0.2304764453125,False,PUT,2026-09-18,WBD
WBD260918P00027000,27.0,1.32,1.12,1.42,1.0,211.0,0.20313296874999998,False,PUT,2026-09-18,WBD
WBD260918P00030000,30.0,2.37,0.76,2.97,40.0,101.0,0.17432466308593753,True,PUT,2026-09-18,WBD
WBD260918P00032000,32.0,3.82,2.27,6.1,71.0,31.0,0.3781800463867187,True,PUT,2026-09-18,WBD
WBD261218C00020000,20.0,9.35,6.9,10.7,1.0,2200.0,0.692385888671875,True,CALL,2026-12-18,WBD
WBD261218C00022000,22.0,7.65,5.2,7.7,5.0,500.0,0.4563042651367188,True,CALL,2026-12-18,WBD
WBD261218C00025000,25.0,4.9,4.35,5.1,6.0,1465.0,0.36084623535156246,True,CALL,2026-12-18,WBD
WBD261218C00027000,27.0,3.3,2.74,3.35,2.0,603.0,0.2884592639160155,True,CALL,2026-12-18,WBD
WBD261218C00030000,30.0,1.49,0.75,1.64,30.0,559.0,0.241218525390625,False,CALL,2026-12-18,WBD
WBD261218C00032000,32.0,0.8,0.0,2.7,50.0,253.0,0.4046690393066406,False,CALL,2026-12-18,WBD
WBD261218C00035000,35.0,0.2,0.01,0.35,5.0,113.0,0.20752745605468748,False,CALL,2026-12-18,WBD
WBD261218P00020000,20.0,0.23,0.22,0.45,2.0,649.0,0.3100654931640625,False,PUT,2026-12-18,WBD
WBD261218P00022000,22.0,0.57,0.41,0.62,2.0,334.0,0.2710033837890625,False,PUT,2026-12-18,WBD
WBD261218P00025000,25.0,1.1,0.97,1.2,1.0,4425.0,0.2348709326171875,False,PUT,2026-12-18,WBD
WBD261218P00027000,27.0,1.65,0.52,1.75,2.0,36.0,0.2048419360351562,False,PUT,2026-12-18,WBD
WBD261218P00030000,30.0,2.96,0.81,4.8,25.0,92.0,0.3298406860351562,True,PUT,2026-12-18,WBD
WBD270115C00020000,20.0,8.6,8.6,9.1,13.0,10674.0,0.44727115234375,True,CALL,2027-01-15,WBD
WBD270115C00022000,22.0,7.5,5.0,7.8,5.0,1985.0,0.44995667236328124,True,CALL,2027-01-15,WBD
WBD270115C00025000,25.0,4.75,4.4,4.8,14.0,17489.0,0.3150703259277343,True,CALL,2027-01-15,WBD
WBD270115C00027000,27.0,3.12,2.83,3.5,5.0,2983.0,0.29090064575195307,True,CALL,2027-01-15,WBD
WBD270115C00030000,30.0,1.3,1.29,1.75,7.0,1899.0,0.24182887084960938,False,CALL,2027-01-15,WBD
WBD270115C00032000,32.0,0.79,0.5,0.83,30.0,188.0,0.20337710693359373,False,CALL,2027-01-15,WBD
WBD270115C00035000,35.0,0.2,0.15,0.4,81.0,1089.0,0.20703917968749996,False,CALL,2027-01-15,WBD
WBD270115P00020000,20.0,0.35,0.4,0.45,53.0,4033.0,0.29761444580078117,False,PUT,2027-01-15,WBD
WBD270115P00022000,22.0,0.6,0.5,0.65,2.0,5194.0,0.26489992919921873,False,PUT,2027-01-15,WBD
WBD270115P00025000,25.0,1.12,0.86,1.37,1.0,1578.0,0.2436599072265625,False,PUT,2027-01-15,WBD
WBD270115P00027000,27.0,1.51,0.5,1.61,8.0,214.0,0.18335777587890623,False,PUT,2027-01-15,WBD
WBD270115P00030000,30.0,2.95,0.8,5.0,4.0,364.0,0.334967587890625,True,PUT,2027-01-15,WBD
WBD270319C00027000,27.0,4.0,1.5,6.0,,1.0,0.48779809082031256,True,CALL,2027-03-19,WBD
WBD270319C00030000,30.0,2.15,0.0,2.06,20.0,41.0,0.2493971545410156,False,CALL,2027-03-19,WBD
WBD270319C00035000,35.0,0.32,0.0,5.0,,25.0,0.6218299536132813,False,CALL,2027-03-19,WBD
WBD270319P00027000,27.0,1.5,0.15,2.57,,0.0,0.2524488818359375,False,PUT,2027-03-19,WBD
WBD270319P00030000,30.0,2.86,0.5,5.5,20.0,67.0,0.35095863891601553,True,PUT,2027-03-19,WBD
WBD270617C00020000,20.0,10.25,7.0,10.1,,3.0,0.4887746435546876,True,CALL,2027-06-17,WBD
WBD270617C00023000,23.0,7.96,4.5,9.5,2.0,2.0,0.5897257824707032,True,CALL,2027-06-17,WBD
WBD270617C00027000,27.0,4.4,1.5,6.5,1.0,2.0,0.48254911987304694,True,CALL,2027-06-17,WBD
WBD270617C00030000,30.0,2.69,0.0,5.0,24.0,38.0,0.45252012329101565,False,CALL,2027-06-17,WBD
WBD270617C00032000,32.0,2.3,0.0,5.0,1.0,0.0,0.5014698291015626,False,CALL,2027-06-17,WBD
WBD270617C00035000,35.0,0.54,0.0,5.0,25.0,26.0,0.5637250659179689,False,CALL,2027-06-17,WBD
WBD270617P00020000,20.0,0.82,0.0,0.93,2.0,26.0,0.3200751586914062,False,PUT,2027-06-17,WBD
WBD270617P00025000,25.0,1.57,0.91,5.0,15.0,19.0,0.5157519128417969,False,PUT,2027-06-17,WBD
WBD270617P00027000,27.0,2.65,0.0,2.65,87.0,75.0,0.2352371398925781,False,PUT,2027-06-17,WBD
WBD270617P00030000,30.0,2.82,0.5,5.5,20.0,71.0,0.3181220532226562,True,PUT,2027-06-17,WBD
WBD270617P00032000,32.0,3.25,2.0,7.0,,0.0,0.3283758569335937,True,PUT,2027-06-17,WBD
WBD270716C00020000,20.0,10.1,7.0,12.0,6.0,7.0,0.6745638012695314,True,CALL,2027-07-16,WBD
WBD270716C00023000,23.0,8.71,5.0,9.5,12.0,10.0,0.5734905932617188,True,CALL,2027-07-16,WBD
WBD270716C00025000,25.0,7.37,3.0,8.0,,5.0,0.5222215747070311,True,CALL,2027-07-16,WBD
WBD270716C00027000,27.0,4.5,2.0,6.5,1.0,13.0,0.46924358886718753,True,CALL,2027-07-16,WBD
WBD270716C00030000,30.0,2.2,1.21,5.0,2.0,29.0,0.44006907592773437,False,CALL,2027-07-16,WBD
WBD270716C00032000,32.0,2.2,0.02,1.47,2000.0,51.0,0.21936815795898437,False,CALL,2027-07-16,WBD
WBD270716C00035000,35.0,0.37,0.0,5.0,1.0,54.0,0.5482222912597658,False,CALL,2027-07-16,WBD
WBD270716P00020000,20.0,0.87,0.0,0.92,2.0,22.0,0.30982135498046875,False,PUT,2027-07-16,WBD
WBD270716P00023000,23.0,1.2,0.0,5.0,1.0,18.0,0.5964395825195312,False,PUT,2027-07-16,WBD
WBD270716P00025000,25.0,1.56,0.0,5.0,1.0,2.0,0.5015918981933594,False,PUT,2027-07-16,WBD
WBD270716P00027000,27.0,2.0,0.0,2.25,1.0,14.0,0.19800606689453126,False,PUT,2027-07-16,WBD
WBD270716P00030000,30.0,3.0,0.5,5.5,15.0,72.0,0.3094551477050781,True,PUT,2027-07-16,WBD
WBD270716P00032000,32.0,4.1,2.0,7.0,1.0,73.0,0.3193427441406249,True,PUT,2027-07-16,WBD
WBD270716P00035000,35.0,6.45,4.5,9.5,,0.0,0.3391179370117187,True,PUT,2027-07-16,WBD
WBD280121C00020000,20.0,10.0,7.85,12.0,11.0,518.0,0.5797161169433593,True,CALL,2028-01-21,WBD
WBD280121C00022000,22.0,8.25,5.95,9.7,20.0,270.0,0.4699760034179688,True,CALL,2028-01-21,WBD
WBD280121C00025000,25.0,5.58,4.9,6.6,2.0,588.0,0.3485172570800781,True,CALL,2028-01-21,WBD
WBD280121C00027000,27.0,4.2,2.78,4.6,1.0,360.0,0.2757640783691406,True,CALL,2028-01-21,WBD
WBD280121C00030000,30.0,2.13,1.8,3.1,6.0,564.0,0.2559888854980469,False,CALL,2028-01-21,WBD
WBD280121C00035000,35.0,0.56,0.4,0.58,16.0,3945.0,0.16285016845703126,False,CALL,2028-01-21,WBD
WBD280121P00020000,20.0,0.96,0.0,1.09,2.0,838.0,0.28516339843749994,False,PUT,2028-01-21,WBD
WBD280121P00022000,22.0,1.1,0.0,1.37,1.0,2809.0,0.25489026367187506,False,PUT,2028-01-21,WBD
WBD280121P00025000,25.0,1.75,1.47,4.85,42.0,4646.0,0.4204159521484375,False,PUT,2028-01-21,WBD
WBD280121P00027000,27.0,2.17,0.0,2.36,96.0,378.0,0.17749845947265624,False,PUT,2028-01-21,WBD
WBD280121P00030000,30.0,2.76,1.5,3.65,40.0,396.0,0.1458825646972656,True,PUT,2028-01-21,WBD
WBD280121P00035000,35.0,6.4,4.5,9.5,5.0,0.0,0.2916330603027343,True,PUT,2028-01-21,WBD
WDC260130C00197500,197.5,80.22,82.05,84.85,1.0,26.0,2.961916657714843,True,CALL,2026-01-30,WDC
WDC260130C00200000,200.0,77.9,79.05,82.65,7.0,82.0,2.8222685693359377,True,CALL,2026-01-30,WDC
WDC260130C00202500,202.5,70.89,76.85,80.35,5.0,10.0,2.8564481713867185,True,CALL,2026-01-30,WDC
WDC260130C00205000,205.0,74.34,74.25,77.25,22.0,69.0,2.598636315917969,True,CALL,2026-01-30,WDC
WDC260130C00207500,207.5,46.69,71.85,75.4,2.0,18.0,2.691409521484375,True,CALL,2026-01-30,WDC
WDC260130C00210000,210.0,68.59,70.1,73.0,3.0,136.0,2.772464006347657,True,CALL,2026-01-30,WDC
WDC260130C00212500,212.5,61.35,67.0,70.45,1.0,21.0,2.5576207934570308,True,CALL,2026-01-30,WDC
WDC260130C00215000,215.0,63.7,64.25,67.9,5.0,162.0,2.410160224609375,True,CALL,2026-01-30,WDC
WDC260130C00217500,217.5,31.44,62.3,64.8,2.0,7.0,2.3154338989257806,True,CALL,2026-01-30,WDC
WDC260130C00220000,220.0,52.0,60.25,62.2,2.0,229.0,2.2978558178710937,True,CALL,2026-01-30,WDC
WDC260130C00222500,222.5,54.49,57.35,60.65,1.0,22.0,2.308109698486328,True,CALL,2026-01-30,WDC
WDC260130C00225000,225.0,54.0,54.65,58.4,2.0,101.0,2.2290083337402335,True,CALL,2026-01-30,WDC
WDC260130C00227500,227.5,53.71,52.25,54.85,22.0,41.0,1.9814454052734376,True,CALL,2026-01-30,WDC
WDC260130C00230000,230.0,51.14,50.25,52.85,41.0,213.0,2.0625048437499998,True,CALL,2026-01-30,WDC
WDC260130C00232500,232.5,45.95,47.8,50.4,1.0,386.0,1.9907227026367185,True,CALL,2026-01-30,WDC
WDC260130C00235000,235.0,38.46,45.0,48.8,28.0,225.0,1.986328193359375,True,CALL,2026-01-30,WDC
WDC260130C00237500,237.5,44.25,43.0,46.65,37.0,132.0,2.003911240234375,True,CALL,2026-01-30,WDC
WDC260130C00240000,240.0,41.28,40.15,43.4,21.0,522.0,1.776856584472656,True,CALL,2026-01-30,WDC
WDC260130C00242500,242.5,38.12,38.9,41.75,69.0,124.0,1.9311526879882814,True,CALL,2026-01-30,WDC
WDC260130C00245000,245.0,37.55,36.2,38.8,123.0,197.0,1.7670910083007811,True,CALL,2026-01-30,WDC
WDC260130C00247500,247.5,35.33,35.0,36.75,19.0,134.0,1.8496101269531249,True,CALL,2026-01-30,WDC
WDC260130C00250000,250.0,33.48,32.5,34.7,101.0,1020.0,1.7927256457519531,True,CALL,2026-01-30,WDC
WDC260130C00252500,252.5,22.5,29.65,32.7,9.0,1368.0,1.7060561572265625,True,CALL,2026-01-30,WDC
WDC260130C00255000,255.0,28.97,29.0,30.25,78.0,903.0,1.7639171960449218,True,CALL,2026-01-30,WDC
WDC260130C00257500,257.5,27.86,26.55,28.5,4.0,221.0,1.7202162426757814,True,CALL,2026-01-30,WDC
WDC260130C00260000,260.0,26.0,24.4,27.35,98.0,300.0,1.738038419189453,True,CALL,2026-01-30,WDC
WDC260130C00262500,262.5,22.8,22.1,25.5,4.0,91.0,1.6845718896484376,True,CALL,2026-01-30,WDC
WDC260130C00265000,265.0,22.4,21.15,23.3,65.0,199.0,1.6945816052246094,True,CALL,2026-01-30,WDC
WDC260130C00267500,267.5,21.37,20.75,21.7,23.0,120.0,1.7702648205566405,True,CALL,2026-01-30,WDC
WDC260130C00270000,270.0,19.78,19.25,20.1,361.0,803.0,1.762208220214844,True,CALL,2026-01-30,WDC
WDC260130C00272500,272.5,17.35,17.1,18.7,163.0,175.0,1.7175307092285155,True,CALL,2026-01-30,WDC
WDC260130C00275000,275.0,16.84,15.4,17.1,466.0,650.0,1.6811539379882814,True,CALL,2026-01-30,WDC
WDC260130C00277500,277.5,14.95,14.5,15.95,736.0,273.0,1.7131361999511716,True,CALL,2026-01-30,WDC
WDC260130C00280000,280.0,14.2,13.7,14.2,1242.0,734.0,1.7058120178222658,False,CALL,2026-01-30,WDC
WDC260130C00282500,282.5,13.2,12.4,13.45,490.0,306.0,1.7202162426757814,False,CALL,2026-01-30,WDC
WDC260130C00285000,285.0,11.95,11.15,12.2,559.0,509.0,1.6989761145019533,False,CALL,2026-01-30,WDC
WDC260130C00290000,290.0,9.69,9.6,9.8,568.0,365.0,1.695558162841797,False,CALL,2026-01-30,WDC
WDC260130C00292500,292.5,8.65,8.15,9.5,123.0,272.0,1.695802302246094,False,CALL,2026-01-30,WDC
WDC260130C00295000,295.0,7.79,7.5,8.5,407.0,433.0,1.6943374658203125,False,CALL,2026-01-30,WDC
WDC260130C00297500,297.5,7.25,6.5,8.0,334.0,80.0,1.6948257446289063,False,CALL,2026-01-30,WDC
WDC260130C00300000,300.0,6.6,6.4,6.7,1458.0,964.0,1.6943374658203125,False,CALL,2026-01-30,WDC
WDC260130C00305000,305.0,5.13,4.9,5.45,166.0,550.0,1.6730973376464844,False,CALL,2026-01-30,WDC
WDC260130C00310000,310.0,4.08,3.85,4.3,544.0,141.0,1.660402088623047,False,CALL,2026-01-30,WDC
WDC260130C00315000,315.0,3.35,2.99,3.45,233.0,297.0,1.6577165551757815,False,CALL,2026-01-30,WDC
WDC260130C00317500,317.5,2.67,2.25,3.1,17.0,19.0,1.621583923339844,False,CALL,2026-01-30,WDC
WDC260130C00320000,320.0,2.56,2.56,2.85,379.0,944.0,1.6923843505859377,False,CALL,2026-01-30,WDC
WDC260130C00325000,325.0,2.1,1.9,2.32,180.0,183.0,1.6884781201171877,False,CALL,2026-01-30,WDC
WDC260130C00330000,330.0,1.6,1.5,1.83,555.0,289.0,1.6938491870117187,False,CALL,2026-01-30,WDC
WDC260130C00345000,345.0,0.89,0.54,1.15,58.0,155.0,1.7304700976562502,False,CALL,2026-01-30,WDC
WDC260130C00360000,360.0,0.35,0.29,0.48,340.0,173.0,1.7382825585937498,False,CALL,2026-01-30,WDC
WDC260130P00197500,197.5,0.08,0.0,0.1,11.0,75.0,1.8281258593749998,False,PUT,2026-01-30,WDC
WDC260130P00200000,200.0,0.07,0.03,0.16,220.0,456.0,1.90234423828125,False,PUT,2026-01-30,WDC
WDC260130P00202500,202.5,0.1,0.0,0.16,53.0,52.0,1.8007822460937497,False,PUT,2026-01-30,WDC
WDC260130P00205000,205.0,0.11,0.0,0.17,67.0,212.0,1.75000125,False,PUT,2026-01-30,WDC
WDC260130P00207500,207.5,0.12,0.0,0.23,1.0,98.0,1.75390748046875,False,PUT,2026-01-30,WDC
WDC260130P00210000,210.0,0.14,0.06,0.24,81.0,343.0,1.75390748046875,False,PUT,2026-01-30,WDC
WDC260130P00212500,212.5,0.25,0.0,0.31,6.0,258.0,1.6972671386718752,False,PUT,2026-01-30,WDC
WDC260130P00215000,215.0,0.19,0.06,0.31,85.0,441.0,1.67578287109375,False,PUT,2026-01-30,WDC
WDC260130P00217500,217.5,0.26,0.19,0.33,15.0,217.0,1.6953140234375002,False,PUT,2026-01-30,WDC
WDC260130P00220000,220.0,0.26,0.15,0.36,234.0,1461.0,1.625001875,False,PUT,2026-01-30,WDC
WDC260130P00222500,222.5,0.41,0.26,0.49,20.0,251.0,1.6621110644531252,False,PUT,2026-01-30,WDC
WDC260130P00225000,225.0,0.48,0.28,0.57,180.0,655.0,1.6289081054687498,False,PUT,2026-01-30,WDC
WDC260130P00227500,227.5,0.56,0.38,0.73,125.0,153.0,1.6396502392578123,False,PUT,2026-01-30,WDC
WDC260130P00230000,230.0,0.63,0.5,0.62,387.0,760.0,1.5703146484375,False,PUT,2026-01-30,WDC
WDC260130P00232500,232.5,0.84,0.63,1.35,157.0,275.0,1.6933609082031251,False,PUT,2026-01-30,WDC
WDC260130P00235000,235.0,0.9,0.79,0.9,219.0,489.0,1.5576193994140621,False,PUT,2026-01-30,WDC
WDC260130P00237500,237.5,1.2,0.96,1.37,80.0,539.0,1.6005879345703122,False,PUT,2026-01-30,WDC
WDC260130P00240000,240.0,1.31,1.2,1.41,541.0,658.0,1.565920139160156,False,PUT,2026-01-30,WDC
WDC260130P00242500,242.5,1.85,1.5,2.09,214.0,69.0,1.623048759765625,False,PUT,2026-01-30,WDC
WDC260130P00245000,245.0,1.87,1.63,1.88,339.0,3421.0,1.5273461132812498,False,PUT,2026-01-30,WDC
WDC260130P00247500,247.5,2.24,2.02,2.38,49.0,90.0,1.5478538232421872,False,PUT,2026-01-30,WDC
WDC260130P00250000,250.0,2.55,2.45,2.75,489.0,487.0,1.544435871582031,False,PUT,2026-01-30,WDC
WDC260130P00255000,255.0,3.67,3.2,3.7,153.0,334.0,1.5166039794921873,False,PUT,2026-01-30,WDC
WDC260130P00257500,257.5,4.6,3.95,4.6,40.0,121.0,1.5561545629882811,False,PUT,2026-01-30,WDC
WDC260130P00260000,260.0,4.85,4.5,5.15,438.0,191.0,1.5375999682617185,False,PUT,2026-01-30,WDC
WDC260130P00265000,265.0,6.81,6.05,7.3,93.0,93.0,1.5805685034179686,False,PUT,2026-01-30,WDC
WDC260130P00270000,270.0,8.52,7.5,8.15,428.0,152.0,1.487551390380859,False,PUT,2026-01-30,WDC
WDC260130P00290000,290.0,19.8,17.2,19.6,28.0,14.0,1.4987818029785154,True,PUT,2026-01-30,WDC
WDC260130P00305000,305.0,31.2,27.95,30.85,1.0,30.0,1.5126977490234375,True,PUT,2026-01-30,WDC
WDC260130P00310000,310.0,43.0,31.6,34.2,15.0,88.0,1.4077178051757815,True,PUT,2026-01-30,WDC
WDC260130P00315000,315.0,72.0,36.15,39.1,1.0,1.0,1.4897486450195312,True,PUT,2026-01-30,WDC
WDC260206C00197500,197.5,83.5,82.55,86.05,3.0,12.0,1.5737326000976561,True,CALL,2026-02-06,WDC
WDC260206C00200000,200.0,83.6,79.75,83.4,69.0,89.0,1.486330693359375,True,CALL,2026-02-06,WDC
WDC260206C00205000,205.0,67.66,75.55,78.85,1.0,42.0,1.5043970092773438,True,CALL,2026-02-06,WDC
WDC260206C00210000,210.0,70.79,70.6,74.0,27.0,48.0,1.4279813757324216,True,CALL,2026-02-06,WDC
WDC260206C00212500,212.5,37.15,68.2,71.85,,1.0,1.4150419873046878,True,CALL,2026-02-06,WDC
WDC260206C00215000,215.0,69.0,66.15,69.5,1.0,45.0,1.4096709204101563,True,CALL,2026-02-06,WDC
WDC260206C00220000,220.0,60.4,61.25,65.05,2.0,166.0,1.3574250878906249,True,CALL,2026-02-06,WDC
WDC260206C00222500,222.5,62.1,58.95,62.7,2.0,3.0,1.3313021716308588,True,CALL,2026-02-06,WDC
WDC260206C00225000,225.0,50.01,57.0,60.5,100.0,108.0,1.3320345898437496,True,CALL,2026-02-06,WDC
WDC260206C00227500,227.5,47.76,54.75,58.5,100.0,9.0,1.323733850097656,True,CALL,2026-02-06,WDC
WDC260206C00230000,230.0,53.5,52.5,55.5,12.0,174.0,1.2624548596191407,True,CALL,2026-02-06,WDC
WDC260206C00232500,232.5,50.0,50.5,54.15,1.0,333.0,1.2949254003906248,True,CALL,2026-02-06,WDC
WDC260206C00235000,235.0,45.34,48.2,51.0,29.0,131.0,1.2241249731445314,True,CALL,2026-02-06,WDC
WDC260206C00237500,237.5,41.52,46.35,48.95,11.0,48.0,1.2247353216552734,True,CALL,2026-02-06,WDC
WDC260206C00240000,240.0,42.7,44.0,47.35,3.0,223.0,1.2197304638671875,True,CALL,2026-02-06,WDC
WDC260206C00242500,242.5,37.6,42.35,45.0,3.0,36.0,1.2097207482910153,True,CALL,2026-02-06,WDC
WDC260206C00245000,245.0,40.5,40.45,43.0,1.0,44.0,1.200931729736328,True,CALL,2026-02-06,WDC
WDC260206C00247500,247.5,40.0,38.65,41.45,17.0,20.0,1.2103310968017575,True,CALL,2026-02-06,WDC
WDC260206C00250000,250.0,38.5,38.1,39.45,62.0,1356.0,1.2442664739990232,True,CALL,2026-02-06,WDC
WDC260206C00252500,252.5,35.34,35.0,37.75,6.0,35.0,1.1945841052246093,True,CALL,2026-02-06,WDC
WDC260206C00255000,255.0,34.64,33.0,36.55,11.0,92.0,1.1987344750976563,True,CALL,2026-02-06,WDC
WDC260206C00257500,257.5,34.2,31.75,34.4,6.0,14.0,1.19299719909668,True,CALL,2026-02-06,WDC
WDC260206C00260000,260.0,29.7,29.7,32.85,16.0,302.0,1.1779826257324215,True,CALL,2026-02-06,WDC
WDC260206C00262500,262.5,27.0,28.5,30.75,19.0,43.0,1.169926025390625,True,CALL,2026-02-06,WDC
WDC260206C00265000,265.0,26.6,26.85,30.45,22.0,45.0,1.200687590332031,True,CALL,2026-02-06,WDC
WDC260206C00267500,267.5,22.55,25.05,28.15,21.0,17.0,1.1624797735595702,True,CALL,2026-02-06,WDC
WDC260206C00270000,270.0,24.74,24.55,27.0,280.0,437.0,1.1953165234375,True,CALL,2026-02-06,WDC
WDC260206C00275000,275.0,22.8,22.35,24.35,102.0,159.0,1.2049600299072265,True,CALL,2026-02-06,WDC
WDC260206C00277500,277.5,22.4,20.8,22.7,95.0,69.0,1.183109553222656,True,CALL,2026-02-06,WDC
WDC260206C00280000,280.0,20.65,20.65,21.45,610.0,343.0,1.210453166503906,False,CALL,2026-02-06,WDC
WDC260206C00285000,285.0,18.3,17.85,19.15,233.0,326.0,1.1909220141601562,False,CALL,2026-02-06,WDC
WDC260206C00290000,290.0,16.02,16.25,16.95,114.0,113.0,1.198124126586914,False,CALL,2026-02-06,WDC
WDC260206C00295000,295.0,14.3,14.0,15.15,40.0,51.0,1.1879923413085938,False,CALL,2026-02-06,WDC
WDC260206C00300000,300.0,13.0,12.4,13.0,598.0,195.0,1.176395719604492,False,CALL,2026-02-06,WDC
WDC260206C00305000,305.0,10.35,11.0,11.65,28.0,59.0,1.184940598754883,False,CALL,2026-02-06,WDC
WDC260206C00307500,307.5,10.52,9.75,11.3,2.0,17.0,1.1788371136474607,False,CALL,2026-02-06,WDC
WDC260206C00310000,310.0,9.6,9.0,10.35,175.0,28.0,1.167118422241211,False,CALL,2026-02-06,WDC
WDC260206C00315000,315.0,8.51,8.0,9.45,124.0,38.0,1.184696459350586,False,CALL,2026-02-06,WDC
WDC260206C00320000,320.0,7.55,6.9,8.25,191.0,23.0,1.1811564379882813,False,CALL,2026-02-06,WDC
WDC260206C00325000,325.0,6.6,6.05,7.2,41.0,36.0,1.1829874835205076,False,CALL,2026-02-06,WDC
WDC260206C00330000,330.0,5.82,5.2,6.45,81.0,102.0,1.1881144110107422,False,CALL,2026-02-06,WDC
WDC260206C00335000,335.0,4.93,4.5,5.5,14.0,5.0,1.18359783203125,False,CALL,2026-02-06,WDC
WDC260206C00350000,350.0,3.21,2.8,3.7,46.0,50.0,1.1875040625,False,CALL,2026-02-06,WDC
WDC260206P00197500,197.5,1.47,0.0,1.33,2.0,122.0,1.237796779785156,False,PUT,2026-02-06,WDC
WDC260206P00200000,200.0,0.57,0.3,0.79,8.0,167.0,1.1572307763671876,False,PUT,2026-02-06,WDC
WDC260206P00202500,202.5,0.86,0.54,1.46,4.0,2.0,1.2578162109375,False,PUT,2026-02-06,WDC
WDC260206P00205000,205.0,0.76,0.72,1.15,7.0,112.0,1.201175869140625,False,PUT,2026-02-06,WDC
WDC260206P00207500,207.5,1.11,0.75,1.77,27.0,82.0,1.2382850585937497,False,PUT,2026-02-06,WDC
WDC260206P00210000,210.0,1.18,0.77,1.5,34.0,172.0,1.1709025830078126,False,PUT,2026-02-06,WDC
WDC260206P00212500,212.5,1.46,0.92,1.78,38.0,39.0,1.1757853710937498,False,PUT,2026-02-06,WDC
WDC260206P00215000,215.0,1.6,1.15,2.04,14.0,115.0,1.1811564379882813,False,PUT,2026-02-06,WDC
WDC260206P00217500,217.5,2.0,1.6,2.64,2.0,5.0,1.2255898095703124,False,PUT,2026-02-06,WDC
WDC260206P00220000,220.0,1.96,1.56,2.12,53.0,160.0,1.1394085998535157,False,PUT,2026-02-06,WDC
WDC260206P00225000,225.0,2.54,2.0,2.32,21.0,67.0,1.1027876892089847,False,PUT,2026-02-06,WDC
WDC260206P00227500,227.5,1.8,2.5,3.55,1.0,6.0,1.1706584436035157,False,PUT,2026-02-06,WDC
WDC260206P00230000,230.0,3.38,2.95,3.7,44.0,74.0,1.1600383795166016,False,PUT,2026-02-06,WDC
WDC260206P00232500,232.5,4.1,3.15,4.25,1.0,46.0,1.1547893823242186,False,PUT,2026-02-06,WDC
WDC260206P00235000,235.0,3.8,3.4,4.2,8.0,70.0,1.1184126110839845,False,PUT,2026-02-06,WDC
WDC260206P00237500,237.5,4.9,4.0,5.25,9.0,9.0,1.1513714306640623,False,PUT,2026-02-06,WDC
WDC260206P00240000,240.0,5.05,4.75,5.35,47.0,54.0,1.1411175756835936,False,PUT,2026-02-06,WDC
WDC260206P00242500,242.5,5.8,5.1,5.95,20.0,80.0,1.1324506268310548,False,PUT,2026-02-06,WDC
WDC260206P00245000,245.0,6.0,5.45,6.8,58.0,105.0,1.1311078601074218,False,PUT,2026-02-06,WDC
WDC260206P00250000,250.0,7.55,6.9,8.25,77.0,89.0,1.136967205810547,False,PUT,2026-02-06,WDC
WDC260206P00255000,255.0,8.8,8.4,9.65,73.0,62.0,1.1286664660644532,False,PUT,2026-02-06,WDC
WDC260213C00197500,197.5,83.38,83.35,86.15,20.0,15.0,1.2395057556152342,True,CALL,2026-02-13,WDC
WDC260213C00200000,200.0,82.51,80.75,84.7,48.0,49.0,1.2605017443847655,True,CALL,2026-02-13,WDC
WDC260213C00205000,205.0,62.25,76.15,80.0,2.0,27.0,1.2258339489746093,True,CALL,2026-02-13,WDC
WDC260213C00210000,210.0,72.69,71.6,74.8,29.0,60.0,1.1657756555175784,True,CALL,2026-02-13,WDC
WDC260213C00215000,215.0,71.09,67.15,70.9,15.0,28.0,1.1689494677734376,True,CALL,2026-02-13,WDC
WDC260213C00220000,220.0,61.36,62.8,65.45,2.0,39.0,1.1030318286132816,True,CALL,2026-02-13,WDC
WDC260213C00225000,225.0,60.0,58.5,61.35,1.0,40.0,1.0915572766113284,True,CALL,2026-02-13,WDC
WDC260213C00230000,230.0,54.37,54.45,57.05,4.0,64.0,1.0743454486083988,True,CALL,2026-02-13,WDC
WDC260213C00235000,235.0,49.92,50.45,54.15,10.0,36.0,1.0966842041015625,True,CALL,2026-02-13,WDC
WDC260213C00240000,240.0,41.35,46.8,49.4,3.0,40.0,1.0631150360107424,True,CALL,2026-02-13,WDC
WDC260213C00245000,245.0,43.3,43.05,45.95,7.0,64.0,1.0581101782226563,True,CALL,2026-02-13,WDC
WDC260213C00250000,250.0,41.0,39.6,42.15,7.0,47.0,1.044011127624512,True,CALL,2026-02-13,WDC
WDC260213C00255000,255.0,38.05,36.35,39.3,24.0,42.0,1.0514573794555666,True,CALL,2026-02-13,WDC
WDC260213C00260000,260.0,33.25,33.0,35.95,12.0,73.0,1.0360765969848638,True,CALL,2026-02-13,WDC
WDC260213C00265000,265.0,31.75,30.0,33.45,7.0,28.0,1.0413866290283205,True,CALL,2026-02-13,WDC
WDC260213C00270000,270.0,28.8,28.2,29.95,33.0,115.0,1.0432176745605473,True,CALL,2026-02-13,WDC
WDC260213C00275000,275.0,26.18,26.2,28.0,27.0,149.0,1.0670212664794925,True,CALL,2026-02-13,WDC
WDC260213C00280000,280.0,24.39,23.55,24.85,61.0,50.0,1.0432176745605473,False,CALL,2026-02-13,WDC
WDC260213C00285000,285.0,21.0,21.3,22.65,50.0,73.0,1.0418749078369143,False,CALL,2026-02-13,WDC
WDC260213C00290000,290.0,20.1,19.55,20.65,29.0,68.0,1.0488328808593752,False,CALL,2026-02-13,WDC
WDC260213C00295000,295.0,16.9,17.35,18.85,21.0,49.0,1.0438280230712893,False,CALL,2026-02-13,WDC
WDC260213C00300000,300.0,16.29,15.25,16.85,122.0,235.0,1.0302782861328126,False,CALL,2026-02-13,WDC
WDC260213C00305000,305.0,13.3,13.45,15.45,24.0,10.0,1.0300341467285157,False,CALL,2026-02-13,WDC
WDC260213C00315000,315.0,11.04,9.75,12.8,5.0,1.0,1.0121509353637697,False,CALL,2026-02-13,WDC
WDC260213C00320000,320.0,10.7,9.9,11.1,29.0,41.0,1.0332079589843752,False,CALL,2026-02-13,WDC
WDC260213C00330000,330.0,8.13,8.0,9.0,29.0,47.0,1.0393114440917972,False,CALL,2026-02-13,WDC
WDC260213C00340000,340.0,6.85,6.2,7.25,11.0,9.0,1.0376024682617189,False,CALL,2026-02-13,WDC
WDC260213C00355000,355.0,5.4,4.0,5.5,12.0,23.0,1.0405321411132817,False,CALL,2026-02-13,WDC
WDC260213P00197500,197.5,1.26,0.58,2.13,36.0,73.0,1.0695847302246095,False,PUT,2026-02-13,WDC
WDC260213P00200000,200.0,1.2,0.67,2.22,13.0,65.0,1.0524949719238283,False,PUT,2026-02-13,WDC
WDC260213P00205000,205.0,1.76,1.5,2.41,7.0,42.0,1.0622605480957032,False,PUT,2026-02-13,WDC
WDC260213P00210000,210.0,2.04,1.8,2.46,8.0,34.0,1.0183154553222655,False,PUT,2026-02-13,WDC
WDC260213P00215000,215.0,2.55,2.18,3.2,4.0,81.0,1.0148975036621093,False,PUT,2026-02-13,WDC
WDC260213P00220000,220.0,3.6,1.92,3.7,31.0,91.0,0.9592289233398437,False,PUT,2026-02-13,WDC
WDC260213P00225000,225.0,3.85,3.55,4.05,65.0,222.0,0.9799806689453125,False,PUT,2026-02-13,WDC
WDC260213P00230000,230.0,4.95,4.4,5.0,25.0,96.0,0.9788820471191408,False,PUT,2026-02-13,WDC
WDC260213P00235000,235.0,6.29,5.35,6.15,2.0,19.0,0.9782717016601563,False,PUT,2026-02-13,WDC
WDC260213P00240000,240.0,6.9,6.05,7.8,73.0,57.0,0.975708250732422,False,PUT,2026-02-13,WDC
WDC260213P00245000,245.0,9.33,7.85,8.65,19.0,45.0,0.9727785925292969,False,PUT,2026-02-13,WDC
WDC260213P00250000,250.0,10.21,9.4,10.6,173.0,171.0,0.9836427416992188,False,PUT,2026-02-13,WDC
WDC260213P00255000,255.0,15.82,11.1,12.3,22.0,43.0,0.9819337744140625,False,PUT,2026-02-13,WDC
WDC260213P00260000,260.0,17.75,12.8,14.15,17.0,56.0,0.9754641125488281,False,PUT,2026-02-13,WDC
WDC260213P00265000,265.0,16.53,14.85,16.25,3.0,13.0,0.9749758361816407,False,PUT,2026-02-13,WDC
WDC260213P00270000,270.0,19.45,17.25,18.45,2.0,20.0,0.9764406652832032,False,PUT,2026-02-13,WDC
WDC260220C00200000,200.0,82.55,81.8,85.2,21.0,471.0,1.1217084930419923,True,CALL,2026-02-20,WDC
WDC260220C00205000,205.0,73.5,77.2,80.95,2.0,21.0,1.1052290832519533,True,CALL,2026-02-20,WDC
WDC260220C00207500,207.5,44.14,75.0,78.5,20.0,21.0,1.0866744885253907,True,CALL,2026-02-20,WDC
WDC260220C00210000,210.0,74.5,72.75,75.6,6.0,1080.0,1.0489549505615237,True,CALL,2026-02-20,WDC
WDC260220C00212500,212.5,35.7,70.55,73.35,10.0,10.0,1.037358328857422,True,CALL,2026-02-20,WDC
WDC260220C00215000,215.0,66.92,68.25,71.05,2.0,15.0,1.01953615234375,True,CALL,2026-02-20,WDC
WDC260220C00220000,220.0,60.24,64.15,67.0,156.0,667.0,1.0159961309814454,True,CALL,2026-02-20,WDC
WDC260220C00222500,222.5,57.31,62.25,66.05,29.0,28.0,1.0481004626464845,True,CALL,2026-02-20,WDC
WDC260220C00225000,225.0,58.0,60.05,63.0,2.0,65.0,1.0070850427246092,True,CALL,2026-02-20,WDC
WDC260220C00227500,227.5,36.7,58.1,60.95,4.0,13.0,1.0017139758300782,True,CALL,2026-02-20,WDC
WDC260220C00230000,230.0,57.5,56.65,59.1,7.0,1773.0,1.0137988763427734,True,CALL,2026-02-20,WDC
WDC260220C00232500,232.5,53.82,54.25,57.0,4.0,26.0,0.9921265435791016,True,CALL,2026-02-20,WDC
WDC260220C00235000,235.0,51.55,52.5,55.35,3.0,61.0,0.9976806872558592,True,CALL,2026-02-20,WDC
WDC260220C00237500,237.5,50.41,50.55,53.4,3.0,19.0,0.9890137817382813,True,CALL,2026-02-20,WDC
WDC260220C00240000,240.0,50.18,48.65,51.5,47.0,925.0,0.9815675671386719,True,CALL,2026-02-20,WDC
WDC260220C00242500,242.5,41.3,46.9,49.85,3.0,62.0,0.9819337744140625,True,CALL,2026-02-20,WDC
WDC260220C00245000,245.0,45.0,45.45,48.95,6.0,43.0,1.0039112304687499,True,CALL,2026-02-20,WDC
WDC260220C00250000,250.0,43.33,42.3,44.65,376.0,7946.0,0.9818727398681641,True,CALL,2026-02-20,WDC
WDC260220C00255000,255.0,38.0,39.0,42.1,3.0,115.0,0.9879151599121094,True,CALL,2026-02-20,WDC
WDC260220C00260000,260.0,37.35,35.95,38.2,13.0,1180.0,0.9660647924804688,True,CALL,2026-02-20,WDC
WDC260220C00265000,265.0,34.45,32.85,35.4,40.0,118.0,0.9596561651611326,True,CALL,2026-02-20,WDC
WDC260220C00270000,270.0,31.7,30.35,33.05,416.0,691.0,0.9672244488525392,True,CALL,2026-02-20,WDC
WDC260220C00275000,275.0,29.16,29.05,30.1,32.0,47.0,0.9798585998535156,True,CALL,2026-02-20,WDC
WDC260220C00280000,280.0,26.77,26.5,27.25,187.0,97.0,0.9661868615722657,False,CALL,2026-02-20,WDC
WDC260220C00285000,285.0,24.43,24.85,26.0,230.0,1022.0,0.9922486126708985,False,CALL,2026-02-20,WDC
WDC260220C00290000,290.0,22.09,21.55,23.45,67.0,904.0,0.9605106488037107,False,CALL,2026-02-20,WDC
WDC260220C00300000,300.0,18.73,18.05,19.3,273.0,840.0,0.9547734014892577,False,CALL,2026-02-20,WDC
WDC260220C00305000,305.0,16.73,16.5,17.85,11.0,106.0,0.959839268798828,False,CALL,2026-02-20,WDC
WDC260220C00310000,310.0,15.65,14.8,16.25,149.0,111.0,0.9549565051269531,False,CALL,2026-02-20,WDC
WDC260220C00320000,320.0,13.0,12.0,13.6,69.0,139.0,0.9537358142089842,False,CALL,2026-02-20,WDC
WDC260220C00330000,330.0,10.9,10.5,11.3,206.0,584.0,0.969604796142578,False,CALL,2026-02-20,WDC
WDC260220C00360000,360.0,5.95,5.6,6.6,105.0,77.0,0.9765627343750001,False,CALL,2026-02-20,WDC
WDC260220P00197500,197.5,1.83,1.67,2.66,1.0,11.0,0.994262752685547,False,PUT,2026-02-20,WDC
WDC260220P00200000,200.0,2.04,1.8,2.25,38.0,407.0,0.9497075341796875,False,PUT,2026-02-20,WDC
WDC260220P00202500,202.5,2.52,1.84,3.2,3.0,23.0,0.9741213525390625,False,PUT,2026-02-20,WDC
WDC260220P00205000,205.0,2.89,2.4,3.35,8.0,36.0,0.9792482543945313,False,PUT,2026-02-20,WDC
WDC260220P00207500,207.5,2.69,2.42,3.45,2.0,4.0,0.9552006433105469,False,PUT,2026-02-20,WDC
WDC260220P00210000,210.0,3.25,2.85,3.55,52.0,326.0,0.9489751196289062,False,PUT,2026-02-20,WDC
WDC260220P00212500,212.5,6.75,2.93,4.25,22.0,28.0,0.9511723632812499,False,PUT,2026-02-20,WDC
WDC260220P00215000,215.0,3.98,3.4,4.15,219.0,62.0,0.935425450439453,False,PUT,2026-02-20,WDC
WDC260220P00217500,217.5,4.35,3.75,4.85,4.0,14.0,0.9437261486816406,False,PUT,2026-02-20,WDC
WDC260220P00220000,220.0,5.04,4.3,4.75,53.0,306.0,0.9284675122070312,False,PUT,2026-02-20,WDC
WDC260220P00222500,222.5,5.6,4.65,6.55,8.0,40.0,0.9674075524902344,False,PUT,2026-02-20,WDC
WDC260220P00225000,225.0,5.73,5.1,6.2,10.0,37.0,0.9382330395507812,False,PUT,2026-02-20,WDC
WDC260220P00227500,227.5,6.62,5.55,7.15,1.0,15.0,0.9475102905273438,False,PUT,2026-02-20,WDC
WDC260220P00230000,230.0,6.82,6.1,6.95,60.0,256.0,0.9245613012695313,False,PUT,2026-02-20,WDC
WDC260220P00232500,232.5,8.2,6.6,8.15,1.0,8.0,0.9378668322753907,False,PUT,2026-02-20,WDC
WDC260220P00235000,235.0,7.8,7.15,8.4,37.0,36.0,0.9250495776367188,False,PUT,2026-02-20,WDC
WDC260220P00237500,237.5,9.3,7.8,9.2,11.0,105.0,0.9274909594726561,False,PUT,2026-02-20,WDC
WDC260220P00240000,240.0,9.45,8.35,9.9,340.0,156.0,0.9230964721679689,False,PUT,2026-02-20,WDC
WDC260220P00242500,242.5,12.5,9.25,10.65,2.0,44.0,0.9265144067382812,False,PUT,2026-02-20,WDC
WDC260220P00245000,245.0,10.77,10.0,11.5,3.0,27.0,0.9268195794677734,False,PUT,2026-02-20,WDC
WDC260220P00250000,250.0,12.1,11.6,13.05,88.0,112.0,0.9212654357910157,False,PUT,2026-02-20,WDC
WDC260220P00260000,260.0,16.28,15.3,16.2,66.0,44.0,0.9033823138427735,False,PUT,2026-02-20,WDC
WDC260220P00275000,275.0,23.37,21.75,24.05,9.0,9.0,0.9089364575195311,False,PUT,2026-02-20,WDC
WDC260220P00280000,280.0,26.0,24.5,27.0,10.0,32.0,0.9158333612060547,True,PUT,2026-02-20,WDC
WDC260220P00285000,285.0,29.96,27.2,29.5,4.0,15.0,0.9082040429687499,True,PUT,2026-02-20,WDC
WDC260220P00300000,300.0,36.0,35.95,38.6,5.0,3.0,0.893860924682617,True,PUT,2026-02-20,WDC
WDC260227C00200000,200.0,43.85,83.05,86.85,1.0,17.0,1.0850875823974608,True,CALL,2026-02-27,WDC
WDC260227C00205000,205.0,83.49,78.55,82.1,10.0,17.0,1.049931508178711,True,CALL,2026-02-27,WDC
WDC260227C00210000,210.0,60.81,74.3,77.1,2.0,11.0,1.0134326672363283,True,CALL,2026-02-27,WDC
WDC260227C00215000,215.0,33.3,70.15,72.9,1.0,25.0,1.0007374182128905,True,CALL,2026-02-27,WDC
WDC260227C00220000,220.0,69.7,66.15,69.5,7.0,28.0,1.007878495788574,True,CALL,2026-02-27,WDC
WDC260227C00225000,225.0,62.0,62.25,65.25,3.0,59.0,0.9906006799316407,True,CALL,2026-02-27,WDC
WDC260227C00230000,230.0,54.4,58.5,62.0,1.0,25.0,0.9951782708740236,True,CALL,2026-02-27,WDC
WDC260227C00235000,235.0,52.05,55.1,58.8,4.0,19.0,1.0020801849365235,True,CALL,2026-02-27,WDC
WDC260227C00240000,240.0,52.53,51.4,55.0,22.0,39.0,0.9853517089843751,True,CALL,2026-02-27,WDC
WDC260227C00245000,245.0,46.0,48.6,51.95,11.0,51.0,0.9960937890625,True,CALL,2026-02-27,WDC
WDC260227C00250000,250.0,46.07,44.9,48.4,7.0,52.0,0.9757692852783204,True,CALL,2026-02-27,WDC
WDC260227C00255000,255.0,43.23,41.8,44.5,22.0,29.0,0.9564213342285155,True,CALL,2026-02-27,WDC
WDC260227C00260000,260.0,40.03,38.85,41.8,54.0,37.0,0.9565434033203124,True,CALL,2026-02-27,WDC
WDC260227C00265000,265.0,37.23,36.1,39.15,32.0,35.0,0.9561161614990235,True,CALL,2026-02-27,WDC
WDC260227C00270000,270.0,29.77,33.6,36.45,3.0,67.0,0.9545902978515625,True,CALL,2026-02-27,WDC
WDC260227C00275000,275.0,31.0,31.45,34.0,69.0,324.0,0.9583134051513671,True,CALL,2026-02-27,WDC
WDC260227C00280000,280.0,30.2,30.05,31.5,20.0,47.0,0.9688723815917968,False,CALL,2026-02-27,WDC
WDC260227C00285000,285.0,27.6,27.7,29.05,20.0,14.0,0.9611820288085937,False,CALL,2026-02-27,WDC
WDC260227C00290000,290.0,25.72,24.85,26.95,11.0,15.0,0.9473271868896485,False,CALL,2026-02-27,WDC
WDC260227C00295000,295.0,23.85,23.65,25.1,15.0,10.0,0.9593509924316406,False,CALL,2026-02-27,WDC
WDC260227C00300000,300.0,22.25,21.0,23.4,46.0,64.0,0.9473882214355469,False,CALL,2026-02-27,WDC
WDC260227C00310000,310.0,16.75,18.55,19.9,5.0,15.0,0.9562382305908204,False,CALL,2026-02-27,WDC
WDC260227C00315000,315.0,17.32,16.0,18.75,7.0,2.0,0.9438482177734374,False,CALL,2026-02-27,WDC
WDC260227C00320000,320.0,16.0,15.5,17.05,14.0,22.0,0.9526982269287108,False,CALL,2026-02-27,WDC
WDC260227C00325000,325.0,13.0,13.2,15.75,1.0,6.0,0.9348151049804687,False,CALL,2026-02-27,WDC
WDC260227C00330000,330.0,13.2,12.5,14.1,28.0,31.0,0.9348151049804687,False,CALL,2026-02-27,WDC
WDC260227C00335000,335.0,12.4,11.8,12.95,106.0,3.0,0.9407964904785155,False,CALL,2026-02-27,WDC
WDC260227P00200000,200.0,3.0,1.45,3.95,2.0,65.0,0.8946543737792967,False,PUT,2026-02-27,WDC
WDC260227P00205000,205.0,3.7,3.15,4.4,6.0,25.0,0.9267585449218749,False,PUT,2026-02-27,WDC
WDC260227P00210000,210.0,4.89,3.4,4.9,2.0,27.0,0.898316446533203,False,PUT,2026-02-27,WDC
WDC260227P00215000,215.0,5.63,4.7,5.65,8.0,47.0,0.907654732055664,False,PUT,2026-02-27,WDC
WDC260227P00220000,220.0,5.65,5.1,6.95,16.0,88.0,0.8990488610839842,False,PUT,2026-02-27,WDC
WDC260227P00225000,225.0,7.53,6.6,7.85,8.0,13.0,0.9030771411132812,False,PUT,2026-02-27,WDC
WDC260227P00230000,230.0,8.55,7.7,9.05,14.0,36.0,0.8980723083496092,False,PUT,2026-02-27,WDC
WDC260227P00235000,235.0,10.34,9.3,10.35,22.0,19.0,0.9006357592773437,False,PUT,2026-02-27,WDC
WDC260227P00240000,240.0,12.04,10.55,12.65,20.0,23.0,0.9104012866210938,False,PUT,2026-02-27,WDC
WDC260227P00245000,245.0,13.83,12.5,13.9,2.0,17.0,0.9068612829589844,False,PUT,2026-02-27,WDC
WDC260227P00255000,255.0,17.2,16.15,17.85,4.0,23.0,0.9063730065917968,False,PUT,2026-02-27,WDC
WDC260227P00300000,300.0,41.0,39.05,42.0,12.0,3.0,0.8858043646240235,True,PUT,2026-02-27,WDC
WDC260306C00200000,200.0,88.72,84.25,87.55,10.0,4.0,1.0325976104736332,True,CALL,2026-03-06,WDC
WDC260306C00225000,225.0,43.19,64.15,67.75,4.0,5.0,0.9830934307861328,True,CALL,2026-03-06,WDC
WDC260306C00230000,230.0,64.4,60.5,64.0,20.0,33.0,0.9739992834472657,True,CALL,2026-03-06,WDC
WDC260306C00235000,235.0,29.33,57.0,60.2,2.0,4.0,0.9631961688232422,True,CALL,2026-03-06,WDC
WDC260306C00240000,240.0,53.65,53.55,56.35,3.0,20.0,0.9489140850830078,True,CALL,2026-03-06,WDC
WDC260306C00245000,245.0,50.3,50.3,53.3,1.0,8.0,0.948242705078125,True,CALL,2026-03-06,WDC
WDC260306C00255000,255.0,45.59,44.1,47.0,7.0,14.0,0.936524072265625,True,CALL,2026-03-06,WDC
WDC260306C00260000,260.0,41.32,41.0,44.4,5.0,5.0,0.9336554486083983,True,CALL,2026-03-06,WDC
WDC260306C00265000,265.0,38.5,39.0,41.45,2.0,7.0,0.9382940740966796,True,CALL,2026-03-06,WDC
WDC260306C00270000,270.0,35.8,35.8,38.5,12.0,128.0,0.9215095739746093,True,CALL,2026-03-06,WDC
WDC260306C00275000,275.0,34.34,33.0,36.5,42.0,22.0,0.9210823321533204,True,CALL,2026-03-06,WDC
WDC260306C00280000,280.0,31.0,31.6,34.5,24.0,33.0,0.9370733831787108,False,CALL,2026-03-06,WDC
WDC260306C00285000,285.0,28.0,28.85,32.25,22.0,8.0,0.9268806140136718,False,CALL,2026-03-06,WDC
WDC260306C00290000,290.0,30.0,27.0,30.0,19.0,19.0,0.9261787167358398,False,CALL,2026-03-06,WDC
WDC260306C00295000,295.0,26.0,24.65,28.15,4.0,5.0,0.920899228515625,False,CALL,2026-03-06,WDC
WDC260306C00310000,310.0,20.55,19.9,22.25,21.0,15.0,0.9143685321044923,False,CALL,2026-03-06,WDC
WDC260306C00315000,315.0,20.0,18.65,21.2,16.0,21.0,0.9245002667236328,False,CALL,2026-03-06,WDC
WDC260306C00330000,330.0,15.22,14.15,17.15,6.0,1.0,0.9150399121093751,False,CALL,2026-03-06,WDC
WDC260306P00200000,200.0,4.0,3.05,5.15,1.0,20.0,0.9061288684082032,False,PUT,2026-03-06,WDC
WDC260306P00205000,205.0,5.35,4.0,6.1,10.0,13.0,0.9135750830078125,False,PUT,2026-03-06,WDC
WDC260306P00210000,210.0,6.15,5.35,6.8,4.0,9.0,0.9178475012207032,False,PUT,2026-03-06,WDC
WDC260306P00215000,215.0,7.57,6.25,8.6,4.0,12.0,0.9315192395019531,False,PUT,2026-03-06,WDC
WDC260306P00220000,220.0,8.27,7.15,9.3,8.0,6.0,0.913086806640625,False,PUT,2026-03-06,WDC
WDC260306P00225000,225.0,10.47,8.4,10.4,2.0,11.0,0.9077157666015624,False,PUT,2026-03-06,WDC
WDC260306P00230000,230.0,10.8,9.8,11.5,2.0,8.0,0.9010019665527342,False,PUT,2026-03-06,WDC
WDC260306P00235000,235.0,10.75,11.25,13.35,1.0,9.0,0.9050912811279297,False,PUT,2026-03-06,WDC
WDC260306P00240000,240.0,14.2,12.8,14.85,9.0,16.0,0.8995981719970703,False,PUT,2026-03-06,WDC
WDC260306P00245000,245.0,15.55,14.45,17.0,1.0,8.0,0.9027719683837891,False,PUT,2026-03-06,WDC
WDC260306P00250000,250.0,18.69,16.3,18.35,3.0,3.0,0.8916026464843749,False,PUT,2026-03-06,WDC
WDC260320C00200000,200.0,88.7,86.75,90.35,12.0,1693.0,1.000005,True,CALL,2026-03-20,WDC
WDC260320C00210000,210.0,77.85,78.65,82.45,17.0,616.0,0.9773561834716797,True,CALL,2026-03-20,WDC
WDC260320C00220000,220.0,71.1,71.15,74.0,23.0,647.0,0.9454351159667969,True,CALL,2026-03-20,WDC
WDC260320C00230000,230.0,62.79,64.6,67.6,7.0,586.0,0.9523930541992187,True,CALL,2026-03-20,WDC
WDC260320C00240000,240.0,59.0,57.7,60.15,190.0,596.0,0.9248664739990236,True,CALL,2026-03-20,WDC
WDC260320C00250000,250.0,53.2,52.1,54.25,155.0,486.0,0.9271247521972656,True,CALL,2026-03-20,WDC
WDC260320C00260000,260.0,48.0,46.2,48.5,433.0,487.0,0.9154671539306642,True,CALL,2026-03-20,WDC
WDC260320C00270000,270.0,42.6,41.4,42.45,111.0,239.0,0.9036264520263673,True,CALL,2026-03-20,WDC
WDC260320C00280000,280.0,37.75,37.55,38.85,305.0,936.0,0.9231575067138673,False,CALL,2026-03-20,WDC
WDC260320C00290000,290.0,33.75,33.3,34.65,58.0,129.0,0.9202888830566407,False,CALL,2026-03-20,WDC
WDC260320C00300000,300.0,29.45,28.65,31.0,297.0,407.0,0.9099740447998046,False,CALL,2026-03-20,WDC
WDC260320C00310000,310.0,26.3,25.35,27.4,24.0,208.0,0.9077462838745116,False,CALL,2026-03-20,WDC
WDC260320C00320000,320.0,22.47,22.0,24.45,29.0,44.0,0.9044809356689454,False,CALL,2026-03-20,WDC
WDC260320C00330000,330.0,21.0,19.95,21.65,144.0,144.0,0.9114388739013672,False,CALL,2026-03-20,WDC
WDC260320C00340000,340.0,18.4,17.3,19.45,53.0,61.0,0.9113778393554688,False,CALL,2026-03-20,WDC
WDC260320C00350000,350.0,15.42,15.65,17.2,18.0,66.0,0.9170540521240236,False,CALL,2026-03-20,WDC
WDC260320C00360000,360.0,13.85,13.95,15.15,50.0,107.0,0.9186409503173829,False,CALL,2026-03-20,WDC
WDC260320P00200000,200.0,6.9,5.95,6.9,22.0,472.0,0.891480577392578,False,PUT,2026-03-20,WDC
WDC260320P00210000,210.0,8.52,8.0,9.05,51.0,207.0,0.8865978137207031,False,PUT,2026-03-20,WDC
WDC260320P00220000,220.0,10.93,10.5,11.3,59.0,266.0,0.8767712518310546,False,PUT,2026-03-20,WDC
WDC260320P00230000,230.0,14.15,13.3,14.3,57.0,126.0,0.8708509008789063,False,PUT,2026-03-20,WDC
WDC260320P00240000,240.0,17.27,16.55,17.65,34.0,189.0,0.8635877899169921,False,PUT,2026-03-20,WDC
WDC260320P00250000,250.0,21.18,20.5,21.8,29.0,146.0,0.8645643426513672,False,PUT,2026-03-20,WDC
WDC260320P00260000,260.0,25.9,24.9,25.65,12.0,64.0,0.854768298034668,False,PUT,2026-03-20,WDC
WDC260320P00270000,270.0,30.98,29.85,30.8,200.0,217.0,0.8569960589599608,False,PUT,2026-03-20,WDC
WDC260320P00280000,280.0,36.6,35.1,36.45,152.0,410.0,0.8575758871459961,True,PUT,2026-03-20,WDC
WDC260320P00300000,300.0,49.5,46.45,49.5,5.0,5.0,0.8590101989746093,True,PUT,2026-03-20,WDC
WDC260320P00320000,320.0,63.4,60.4,63.0,12.0,14.0,0.8600477862548828,True,PUT,2026-03-20,WDC
WDC260417C00200000,200.0,92.3,91.7,94.2,10.0,389.0,0.9473882214355469,True,CALL,2026-04-17,WDC
WDC260417C00210000,210.0,85.9,83.9,86.85,22.0,284.0,0.9271857867431641,True,CALL,2026-04-17,WDC
WDC260417C00220000,220.0,75.9,77.75,80.15,41.0,417.0,0.9300544104003907,True,CALL,2026-04-17,WDC
WDC260417C00230000,230.0,69.48,70.35,73.85,9.0,332.0,0.9126290475463867,True,CALL,2026-04-17,WDC
WDC260417C00240000,240.0,66.0,64.35,67.25,19.0,765.0,0.9009409320068358,True,CALL,2026-04-17,WDC
WDC260417C00250000,250.0,60.0,58.5,60.0,26.0,230.0,0.8766491827392577,True,CALL,2026-04-17,WDC
WDC260417C00260000,260.0,52.1,54.0,56.0,20.0,274.0,0.8941050628662108,True,CALL,2026-04-17,WDC
WDC260417C00270000,270.0,49.7,48.7,51.5,49.0,364.0,0.8898936791992187,True,CALL,2026-04-17,WDC
WDC260417C00280000,280.0,46.1,45.55,46.8,98.0,232.0,0.8981028256225584,False,CALL,2026-04-17,WDC
WDC260417C00290000,290.0,40.95,41.25,42.35,89.0,473.0,0.8908091973876953,False,CALL,2026-04-17,WDC
WDC260417C00300000,300.0,37.6,36.9,38.6,45.0,192.0,0.8838207418823242,False,CALL,2026-04-17,WDC
WDC260417C00310000,310.0,34.15,34.05,35.15,29.0,87.0,0.8883983328247068,False,CALL,2026-04-17,WDC
WDC260417C00320000,320.0,29.5,29.6,32.1,11.0,36.0,0.8759167681884765,False,CALL,2026-04-17,WDC
WDC260417C00330000,330.0,28.45,28.0,29.15,55.0,51.0,0.8869640209960936,False,CALL,2026-04-17,WDC
WDC260417C00340000,340.0,23.75,24.0,26.75,3.0,3.0,0.87500125,False,CALL,2026-04-17,WDC
WDC260417C00350000,350.0,22.95,22.1,24.35,36.0,48.0,0.879334702758789,False,CALL,2026-04-17,WDC
WDC260417C00360000,360.0,20.44,19.95,22.4,9.0,93.0,0.8815929809570311,False,CALL,2026-04-17,WDC
WDC260417P00200000,200.0,10.73,9.65,11.85,46.0,147.0,0.8683484844970704,False,PUT,2026-04-17,WDC
WDC260417P00210000,210.0,14.01,12.05,14.8,3.0,272.0,0.8631605480957032,False,PUT,2026-04-17,WDC
WDC260417P00220000,220.0,16.2,15.35,16.5,9.0,209.0,0.8432632861328124,False,PUT,2026-04-17,WDC
WDC260417P00230000,230.0,20.15,18.8,20.15,8.0,93.0,0.8421036297607423,False,PUT,2026-04-17,WDC
WDC260417P00240000,240.0,24.15,22.75,23.75,4.0,89.0,0.8365494860839842,False,PUT,2026-04-17,WDC
WDC260417P00250000,250.0,30.45,26.95,28.1,15.0,308.0,0.833436724243164,False,PUT,2026-04-17,WDC
WDC260417P00260000,260.0,33.4,31.5,32.6,22.0,66.0,0.827302752380371,False,PUT,2026-04-17,WDC
WDC260417P00270000,270.0,37.4,36.6,37.65,34.0,19.0,0.8246782669067382,False,PUT,2026-04-17,WDC
WDC260417P00280000,280.0,43.95,42.15,43.3,3.0,50.0,0.8249529223632811,True,PUT,2026-04-17,WDC
WDC260417P00290000,290.0,50.78,47.45,50.5,4.0,42.0,0.8307817214965819,True,PUT,2026-04-17,WDC
WDC260417P00330000,330.0,98.8,73.8,76.6,,15.0,0.8150042913818358,True,PUT,2026-04-17,WDC
WDC260618C00200000,200.0,101.85,100.75,103.85,11.0,1497.0,0.9150704293823243,True,CALL,2026-06-18,WDC
WDC260618C00210000,210.0,93.45,94.5,98.05,1.0,671.0,0.9152535330200197,True,CALL,2026-06-18,WDC
WDC260618C00220000,220.0,88.6,88.5,92.0,3.0,745.0,0.9093636993408203,True,CALL,2026-06-18,WDC
WDC260618C00230000,230.0,81.94,82.2,85.5,5.0,1100.0,0.8919383364868164,True,CALL,2026-06-18,WDC
WDC260618C00240000,240.0,77.9,77.05,80.0,155.0,205.0,0.8889781610107421,True,CALL,2026-06-18,WDC
WDC260618C00250000,250.0,73.1,72.45,75.0,23.0,529.0,0.8898936791992187,True,CALL,2026-06-18,WDC
WDC260618C00260000,260.0,69.05,67.15,70.1,13.0,250.0,0.8815014291381834,True,CALL,2026-06-18,WDC
WDC260618C00270000,270.0,61.72,63.0,65.9,71.0,273.0,0.8834850518798827,True,CALL,2026-06-18,WDC
WDC260618C00280000,280.0,61.2,59.0,61.2,39.0,231.0,0.8788464263916016,False,CALL,2026-06-18,WDC
WDC260618C00290000,290.0,55.8,55.75,57.45,35.0,243.0,0.8831493618774414,False,CALL,2026-06-18,WDC
WDC260618C00300000,300.0,52.25,51.45,53.75,47.0,347.0,0.8766491827392577,False,CALL,2026-06-18,WDC
WDC260618C00310000,310.0,49.1,48.75,50.2,4.0,142.0,0.8796398754882812,False,CALL,2026-06-18,WDC
WDC260618C00320000,320.0,44.2,44.95,47.35,4.0,42.0,0.876679700012207,False,CALL,2026-06-18,WDC
WDC260618C00330000,330.0,42.5,41.15,44.3,50.0,78.0,0.8693860717773438,False,CALL,2026-06-18,WDC
WDC260618C00340000,340.0,39.95,39.1,41.5,15.0,49.0,0.8738110763549803,False,CALL,2026-06-18,WDC
WDC260618C00350000,350.0,36.0,36.0,38.75,23.0,241.0,0.8683790017700196,False,CALL,2026-06-18,WDC
WDC260618C00360000,360.0,35.6,34.05,36.3,9.0,78.0,0.8710950390625,False,CALL,2026-06-18,WDC
WDC260618P00200000,200.0,19.68,17.3,19.65,4.0,409.0,0.8272417178344725,False,PUT,2026-06-18,WDC
WDC260618P00210000,210.0,22.65,21.6,23.75,38.0,160.0,0.8384415570068358,False,PUT,2026-06-18,WDC
WDC260618P00220000,220.0,26.23,25.35,27.1,6.0,182.0,0.8294084442138672,False,PUT,2026-06-18,WDC
WDC260618P00230000,230.0,32.55,29.25,31.15,3.0,70.0,0.822847230529785,False,PUT,2026-06-18,WDC
WDC260618P00240000,240.0,34.2,33.85,36.5,8.0,153.0,0.8281267187499999,False,PUT,2026-06-18,WDC
WDC260618P00250000,250.0,38.5,38.05,41.5,2.0,44.0,0.8217180914306641,False,PUT,2026-06-18,WDC
WDC260618P00260000,260.0,44.3,43.95,46.1,7.0,32.0,0.8210161941528319,False,PUT,2026-06-18,WDC
WDC260618P00270000,270.0,50.55,48.95,51.4,11.0,83.0,0.8143023941040038,False,PUT,2026-06-18,WDC
WDC260618P00280000,280.0,58.08,55.15,57.5,1.0,22.0,0.818513777770996,True,PUT,2026-06-18,WDC
WDC260618P00290000,290.0,62.95,61.0,63.25,2.0,5.0,0.813478427734375,True,PUT,2026-06-18,WDC
WDC260618P00300000,300.0,76.7,66.7,69.7,8.0,5.0,0.8087787677001952,True,PUT,2026-06-18,WDC
WDC260618P00320000,320.0,81.9,80.35,81.2,17.0,0.0,0.7953206503295899,True,PUT,2026-06-18,WDC
WDC260717C00200000,200.0,103.65,103.65,107.1,6.0,156.0,0.8920298883056641,True,CALL,2026-07-17,WDC
WDC260717C00210000,210.0,96.05,98.0,101.5,1.0,22.0,0.8954173056030271,True,CALL,2026-07-17,WDC
WDC260717C00220000,220.0,62.5,92.0,95.1,2.0,25.0,0.883668155517578,True,CALL,2026-07-17,WDC
WDC260717C00230000,230.0,85.8,86.5,89.5,1.0,68.0,0.8786633227539062,True,CALL,2026-07-17,WDC
WDC260717C00240000,240.0,82.15,81.0,84.3,21.0,61.0,0.8727429718017576,True,CALL,2026-07-17,WDC
WDC260717C00250000,250.0,76.45,76.05,80.05,18.0,122.0,0.8742383181762695,True,CALL,2026-07-17,WDC
WDC260717C00260000,260.0,73.18,71.85,74.45,7.0,894.0,0.8675245181274415,True,CALL,2026-07-17,WDC
WDC260717C00270000,270.0,68.0,67.55,70.1,5.0,55.0,0.8656171885681152,True,CALL,2026-07-17,WDC
WDC260717C00280000,280.0,63.26,63.25,66.5,19.0,55.0,0.8656019299316406,False,CALL,2026-07-17,WDC
WDC260717C00290000,290.0,57.5,59.05,62.75,4.0,12.0,0.8621534780883789,False,CALL,2026-07-17,WDC
WDC260717C00300000,300.0,55.36,55.75,58.8,17.0,29.0,0.8605360626220704,False,CALL,2026-07-17,WDC
WDC260717C00310000,310.0,52.26,52.75,55.2,3.0,81.0,0.8605055453491212,False,CALL,2026-07-17,WDC
WDC260717C00320000,320.0,48.92,49.25,51.95,10.0,22.0,0.8568739898681641,False,CALL,2026-07-17,WDC
WDC260717C00330000,330.0,45.0,46.0,48.8,1.0,196.0,0.8531508825683594,False,CALL,2026-07-17,WDC
WDC260717C00340000,340.0,42.08,43.5,46.3,8.0,8.0,0.8562941616821288,False,CALL,2026-07-17,WDC
WDC260717C00350000,350.0,40.66,40.85,44.25,1.0,12.0,0.8592848544311523,False,CALL,2026-07-17,WDC
WDC260717C00360000,360.0,37.2,38.7,40.95,1.0,20.0,0.8552565744018555,False,CALL,2026-07-17,WDC
WDC260717P00200000,200.0,20.85,20.75,23.5,2.0,64.0,0.8248003359985351,False,PUT,2026-07-17,WDC
WDC260717P00210000,210.0,24.38,24.55,27.0,2.0,90.0,0.8197039514160156,False,PUT,2026-07-17,WDC
WDC260717P00220000,220.0,28.11,28.3,30.65,1.0,23.0,0.8105487695312499,False,PUT,2026-07-17,WDC
WDC260717P00230000,230.0,41.5,32.8,35.5,10.0,12.0,0.8128070477294922,False,PUT,2026-07-17,WDC
WDC260717P00240000,240.0,38.3,37.35,39.2,5.0,66.0,0.8016682431030272,False,PUT,2026-07-17,WDC
WDC260717P00250000,250.0,42.5,42.1,45.25,11.0,28.0,0.8057575576782227,False,PUT,2026-07-17,WDC
WDC260717P00260000,260.0,48.0,47.35,49.95,606.0,633.0,0.7993489303588868,False,PUT,2026-07-17,WDC
WDC260717P00320000,320.0,94.53,83.95,87.0,1.0,1.0,0.7860586579895019,True,PUT,2026-07-17,WDC
WDC260717P00330000,330.0,134.0,90.8,94.0,,1.0,0.784029259338379,True,PUT,2026-07-17,WDC
WDC260918C00200000,200.0,110.0,111.35,114.35,1.0,170.0,0.8812572909545898,True,CALL,2026-09-18,WDC
WDC260918C00210000,210.0,99.0,105.5,109.55,4.0,148.0,0.881715050048828,True,CALL,2026-09-18,WDC
WDC260918C00220000,220.0,98.3,100.45,103.5,4.0,137.0,0.8750928018188476,True,CALL,2026-09-18,WDC
WDC260918C00230000,230.0,93.95,95.15,98.25,2.0,176.0,0.8692640026855469,True,CALL,2026-09-18,WDC
WDC260918C00240000,240.0,91.45,90.0,94.05,25.0,46.0,0.8684858122253418,True,CALL,2026-09-18,WDC
WDC260918C00250000,250.0,86.65,85.5,88.55,1.0,167.0,0.8605970971679688,True,CALL,2026-09-18,WDC
WDC260918C00260000,260.0,83.49,81.0,84.0,21.0,165.0,0.8562026098632812,True,CALL,2026-09-18,WDC
WDC260918C00270000,270.0,72.08,76.6,80.5,12.0,145.0,0.8563551962280272,True,CALL,2026-09-18,WDC
WDC260918C00280000,280.0,75.75,73.05,75.75,23.0,78.0,0.8516860534667969,False,CALL,2026-09-18,WDC
WDC260918C00290000,290.0,67.67,69.5,73.1,3.0,62.0,0.8571333866882322,False,CALL,2026-09-18,WDC
WDC260918C00300000,300.0,67.15,66.0,68.95,3.0,63.0,0.8519149330139162,False,CALL,2026-09-18,WDC
WDC260918C00310000,310.0,64.02,62.5,66.05,1.0,5.0,0.8519301916503907,False,CALL,2026-09-18,WDC
WDC260918C00320000,320.0,62.0,59.0,62.9,39.0,41.0,0.848634326171875,False,CALL,2026-09-18,WDC
WDC260918C00330000,330.0,56.05,56.5,59.95,2.0,58.0,0.8503432934570312,False,CALL,2026-09-18,WDC
WDC260918C00350000,350.0,53.0,51.0,53.8,11.0,24.0,0.8445755288696287,False,CALL,2026-09-18,WDC
WDC260918C00360000,360.0,48.44,49.05,51.3,34.0,30.0,0.8470779452514648,False,CALL,2026-09-18,WDC
WDC260918P00200000,200.0,28.66,26.9,29.5,50.0,40.0,0.8030720376586914,False,PUT,2026-09-18,WDC
WDC260918P00210000,210.0,31.1,30.9,34.0,794.0,134.0,0.8015766912841795,False,PUT,2026-09-18,WDC
WDC260918P00220000,220.0,35.75,34.55,38.45,11.0,70.0,0.7931844412231445,False,PUT,2026-09-18,WDC
WDC260918P00230000,230.0,40.0,39.75,41.8,1.0,48.0,0.7847616738891602,False,PUT,2026-09-18,WDC
WDC260918P00240000,240.0,47.51,44.75,48.0,1.0,57.0,0.7907735766601562,False,PUT,2026-09-18,WDC
WDC260918P00250000,250.0,49.54,49.9,52.65,2.0,35.0,0.7841818457031251,False,PUT,2026-09-18,WDC
WDC260918P00260000,260.0,55.35,55.35,58.45,2.0,37.0,0.7837851211547852,False,PUT,2026-09-18,WDC
WDC260918P00270000,270.0,61.0,61.05,64.0,1.0,70.0,0.780550290222168,False,PUT,2026-09-18,WDC
WDC260918P00290000,290.0,73.45,72.95,76.2,10.0,39.0,0.7758506301879884,True,PUT,2026-09-18,WDC
WDC260918P00300000,300.0,80.2,79.35,81.7,20.0,58.0,0.7691368301391602,True,PUT,2026-09-18,WDC
WDC261218C00200000,200.0,119.05,120.0,124.5,20.0,159.0,0.8746655599975585,True,CALL,2026-12-18,WDC
WDC261218C00210000,210.0,116.0,114.55,118.5,6.0,28.0,0.8636488244628906,True,CALL,2026-12-18,WDC
WDC261218C00220000,220.0,103.4,110.0,113.5,2.0,62.0,0.8623060644531251,True,CALL,2026-12-18,WDC
WDC261218C00230000,230.0,104.35,105.0,109.45,1.0,24.0,0.8613905462646485,True,CALL,2026-12-18,WDC
WDC261218C00240000,240.0,99.21,100.5,103.9,1.0,43.0,0.8524795025634766,True,CALL,2026-12-18,WDC
WDC261218C00250000,250.0,94.95,96.0,99.5,26.0,99.0,0.8482070843505858,True,CALL,2026-12-18,WDC
WDC261218C00260000,260.0,91.58,92.0,96.75,6.0,53.0,0.853639158935547,True,CALL,2026-12-18,WDC
WDC261218C00270000,270.0,87.7,87.6,91.45,3.0,51.0,0.8414017324829101,True,CALL,2026-12-18,WDC
WDC261218C00280000,280.0,84.15,84.5,87.55,4.0,43.0,0.8417831983947754,False,CALL,2026-12-18,WDC
WDC261218C00290000,290.0,80.39,80.9,83.75,3.0,29.0,0.8384415570068358,False,CALL,2026-12-18,WDC
WDC261218C00300000,300.0,77.75,77.5,80.5,12.0,19.0,0.8373581938171386,False,CALL,2026-12-18,WDC
WDC261218C00310000,310.0,73.75,74.5,77.5,1.0,25.0,0.8380295738220214,False,CALL,2026-12-18,WDC
WDC261218C00320000,320.0,70.97,71.0,74.5,2.0,21.0,0.8348710360717772,False,CALL,2026-12-18,WDC
WDC261218C00330000,330.0,65.8,68.0,71.5,6.0,19.0,0.8328568960571286,False,CALL,2026-12-18,WDC
WDC261218C00350000,350.0,65.65,62.55,66.0,3.0,7.0,0.8303392210388183,False,CALL,2026-12-18,WDC
WDC261218C00360000,360.0,37.99,60.5,63.5,,1.0,0.8318193087768554,False,CALL,2026-12-18,WDC
WDC261218P00200000,200.0,36.46,33.05,36.5,1.0,44.0,0.769030019683838,False,PUT,2026-12-18,WDC
WDC261218P00210000,210.0,38.95,38.25,41.0,2.0,2.0,0.7704795901489258,False,PUT,2026-12-18,WDC
WDC261218P00220000,220.0,43.0,42.9,46.0,2.0,20.0,0.7683128637695313,False,PUT,2026-12-18,WDC
WDC261218P00230000,230.0,49.23,48.0,51.0,6.0,10.0,0.76602406829834,False,PUT,2026-12-18,WDC
WDC261218P00240000,240.0,54.53,52.95,56.5,1.0,12.0,0.7631859619140625,False,PUT,2026-12-18,WDC
WDC261218P00250000,250.0,60.33,58.0,61.5,9.0,29.0,0.7558923336791993,False,PUT,2026-12-18,WDC
WDC261218P00260000,260.0,65.5,64.2,67.5,3.0,47.0,0.7580285427856447,False,PUT,2026-12-18,WDC
WDC261218P00270000,270.0,71.53,70.0,73.5,3.0,7.0,0.75586181640625,False,PUT,2026-12-18,WDC
WDC261218P00290000,290.0,83.7,81.85,85.5,1.0,6.0,0.747194910888672,True,PUT,2026-12-18,WDC
WDC261218P00300000,300.0,111.42,88.0,92.0,5.0,6.0,0.7439295626831054,True,PUT,2026-12-18,WDC
WDC270115C00200000,200.0,122.0,122.5,126.0,5.0,445.0,0.8646558944702148,True,CALL,2027-01-15,WDC
WDC270115C00210000,210.0,118.0,117.0,120.5,1.0,52.0,0.8556838162231445,True,CALL,2027-01-15,WDC
WDC270115C00220000,220.0,108.13,112.0,116.0,11.0,202.0,0.8535933830261231,True,CALL,2027-01-15,WDC
WDC270115C00230000,230.0,102.8,107.5,111.5,3.0,90.0,0.8520522607421875,True,CALL,2027-01-15,WDC
WDC270115C00240000,240.0,103.53,103.0,106.0,3.0,84.0,0.8429275961303712,True,CALL,2027-01-15,WDC
WDC270115C00250000,250.0,100.4,98.65,101.95,43.0,347.0,0.8407608697509765,True,CALL,2027-01-15,WDC
WDC270115C00260000,260.0,96.3,94.5,98.0,3.0,57.0,0.8383347465515136,True,CALL,2027-01-15,WDC
WDC270115C00270000,270.0,91.7,90.5,94.0,13.0,145.0,0.8347337083435056,True,CALL,2027-01-15,WDC
WDC270115C00280000,280.0,89.0,87.0,90.2,10.0,56.0,0.8330857756042478,False,CALL,2027-01-15,WDC
WDC270115C00290000,290.0,85.56,83.55,86.65,7.0,80.0,0.8313920669555662,False,CALL,2027-01-15,WDC
WDC270115C00300000,300.0,82.75,80.1,84.0,7.0,67.0,0.8326127578735351,False,CALL,2027-01-15,WDC
WDC270115C00310000,310.0,50.25,77.0,81.0,,1.0,0.8324296542358397,False,CALL,2027-01-15,WDC
WDC270115C00320000,320.0,77.0,74.0,77.5,79.0,105.0,0.8291032714843749,False,CALL,2027-01-15,WDC
WDC270115C00330000,330.0,72.28,72.5,72.5,24.0,100.0,0.8246172323608397,False,CALL,2027-01-15,WDC
WDC270115C00360000,360.0,64.8,63.1,66.4,4.0,314.0,0.823243955078125,False,CALL,2027-01-15,WDC
WDC270115P00200000,200.0,36.0,35.25,38.5,8.0,274.0,0.7647118255615235,False,PUT,2027-01-15,WDC
WDC270115P00210000,210.0,43.11,39.5,43.0,1.0,28.0,0.7589593196105959,False,PUT,2027-01-15,WDC
WDC270115P00220000,220.0,45.8,44.45,46.45,104.0,73.0,0.7487207745361328,False,PUT,2027-01-15,WDC
WDC270115P00230000,230.0,50.25,49.0,53.0,6.0,13.0,0.7516656913757322,False,PUT,2027-01-15,WDC
WDC270115P00240000,240.0,55.25,54.5,58.0,6.0,54.0,0.7486292227172852,False,PUT,2027-01-15,WDC
WDC270115P00250000,250.0,60.75,59.5,63.5,3.0,66.0,0.7434565449523927,False,PUT,2027-01-15,WDC
WDC270115P00260000,260.0,67.75,65.0,69.5,3.0,6.0,0.7414881808471679,False,PUT,2027-01-15,WDC
WDC270115P00270000,270.0,73.25,71.5,75.0,3.0,36.0,0.7400691276550291,False,PUT,2027-01-15,WDC
WDC270115P00290000,290.0,85.47,83.5,88.0,4.0,1.0,0.73672748626709,True,PUT,2027-01-15,WDC
WDC270115P00300000,300.0,90.4,90.0,94.0,11.0,6.0,0.7326229130554198,True,PUT,2027-01-15,WDC
WDC270115P00310000,310.0,99.5,96.5,101.0,1.0,5.0,0.7317226535034179,True,PUT,2027-01-15,WDC
WDC280121C00200000,200.0,145.53,144.5,148.9,14.0,601.0,0.8061237649536133,True,CALL,2028-01-21,WDC
WDC280121C00210000,210.0,140.4,141.0,145.5,2.0,34.0,0.8096332513427733,True,CALL,2028-01-21,WDC
WDC280121C00220000,220.0,135.5,136.0,140.55,25.0,219.0,0.7984028948974609,True,CALL,2028-01-21,WDC
WDC280121C00230000,230.0,132.9,133.0,137.5,7.0,493.0,0.802888934020996,True,CALL,2028-01-21,WDC
WDC280121C00240000,240.0,131.1,128.5,133.5,5.0,207.0,0.7960072889709473,True,CALL,2028-01-21,WDC
WDC280121C00250000,250.0,121.1,125.0,130.0,7.0,375.0,0.7943593562316895,True,CALL,2028-01-21,WDC
WDC280121C00260000,260.0,121.0,122.0,126.5,4.0,8.0,0.7937184934997559,True,CALL,2028-01-21,WDC
WDC280121C00270000,270.0,120.55,119.5,123.5,15.0,227.0,0.795976771697998,True,CALL,2028-01-21,WDC
WDC280121C00280000,280.0,118.0,115.5,120.5,35.0,20.0,0.791719612121582,False,CALL,2028-01-21,WDC
WDC280121C00290000,290.0,114.55,112.5,117.0,3.0,29.0,0.7886373675537108,False,CALL,2028-01-21,WDC
WDC280121C00300000,300.0,109.96,109.5,114.0,9.0,38.0,0.7866995207214353,False,CALL,2028-01-21,WDC
WDC280121C00310000,310.0,85.5,107.0,111.5,2.0,2.0,0.7876608148193358,False,CALL,2028-01-21,WDC
WDC280121C00320000,320.0,105.26,104.0,108.5,10.0,897.0,0.7844412425231935,False,CALL,2028-01-21,WDC
WDC280121C00330000,330.0,103.0,101.5,106.0,5.0,736.0,0.7841360697937012,False,CALL,2028-01-21,WDC
WDC280121C00340000,340.0,101.1,99.0,103.5,1.0,10.0,0.7832586981964113,False,CALL,2028-01-21,WDC
WDC280121C00360000,360.0,96.12,94.0,99.0,12.0,107.0,0.7816031361389162,False,CALL,2028-01-21,WDC
WDC280121P00200000,200.0,54.1,51.4,55.0,99.0,99.0,0.6793855303955079,False,PUT,2028-01-21,WDC
WDC280121P00210000,210.0,58.3,56.75,60.5,3.0,22.0,0.6778138908386231,False,PUT,2028-01-21,WDC
WDC280121P00220000,220.0,65.05,62.55,66.0,1.0,48.0,0.6765779412841797,False,PUT,2028-01-21,WDC
WDC280121P00230000,230.0,69.26,67.7,71.5,4.0,46.0,0.6713442289733889,False,PUT,2028-01-21,WDC
WDC280121P00240000,240.0,75.0,73.8,77.5,3.0,98.0,0.6706881076049805,False,PUT,2028-01-21,WDC
WDC280121P00250000,250.0,80.5,80.0,83.5,10.0,65.0,0.6691775025939943,False,PUT,2028-01-21,WDC
WDC280121P00260000,260.0,94.05,86.0,89.5,5.0,10.0,0.6658206025695803,False,PUT,2028-01-21,WDC
WDC280121P00270000,270.0,93.0,92.0,96.0,1.0,14.0,0.663333444824219,False,PUT,2028-01-21,WDC
WDC280121P00330000,330.0,134.1,131.5,136.0,2.0,10.0,0.6463963583374023,True,PUT,2028-01-21,WDC
WFC260130C00065000,65.0,23.17,22.4,26.5,1.0,2.0,4.219731287841796,True,CALL,2026-01-30,WFC
WFC260130C00070000,70.0,19.05,17.4,21.4,2.0,36.0,3.4394545263671876,True,CALL,2026-01-30,WFC
WFC260130C00075000,75.0,12.25,12.95,15.45,30.0,51.0,2.1152390869140625,True,CALL,2026-01-30,WFC
WFC260130C00077000,77.0,10.03,10.85,13.25,2.0,17.0,1.732423212890625,True,CALL,2026-01-30,WFC
WFC260130C00078000,78.0,9.14,10.05,12.05,1.0,64.0,1.453127734375,True,CALL,2026-01-30,WFC
WFC260130C00079000,79.0,8.99,9.05,11.05,1.0,35.0,1.3515657421874998,True,CALL,2026-01-30,WFC
WFC260130C00080000,80.0,7.44,9.2,9.8,1.0,69.0,0.9941406835937501,True,CALL,2026-01-30,WFC
WFC260130C00081000,81.0,6.25,7.7,9.35,1.0,59.0,1.3662141064453124,True,CALL,2026-01-30,WFC
WFC260130C00082000,82.0,7.25,7.2,8.15,1.0,74.0,0.6210975390625001,True,CALL,2026-01-30,WFC
WFC260130C00083000,83.0,5.86,5.35,7.05,8.0,19.0,0.945313046875,True,CALL,2026-01-30,WFC
WFC260130C00084000,84.0,5.43,5.05,5.85,11.0,310.0,0.6904327832031252,True,CALL,2026-01-30,WFC
WFC260130C00085000,85.0,4.42,4.25,4.75,41.0,91.0,0.50586431640625,True,CALL,2026-01-30,WFC
WFC260130C00086000,86.0,3.69,3.35,3.7,38.0,491.0,0.36524072265625,True,CALL,2026-01-30,WFC
WFC260130C00087000,87.0,2.74,2.34,2.81,597.0,1681.0,0.37402969726562496,True,CALL,2026-01-30,WFC
WFC260130C00088000,88.0,1.63,1.54,1.86,1398.0,2706.0,0.299811689453125,True,CALL,2026-01-30,WFC
WFC260130C00089000,89.0,0.85,0.8,0.94,856.0,2505.0,0.2148516015625,True,CALL,2026-01-30,WFC
WFC260130C00090000,90.0,0.31,0.31,0.4,1214.0,2912.0,0.21289849609375,False,CALL,2026-01-30,WFC
WFC260130C00091000,91.0,0.12,0.1,0.12,595.0,2169.0,0.20801573242187496,False,CALL,2026-01-30,WFC
WFC260130C00092000,92.0,0.04,0.03,0.04,192.0,752.0,0.22657023437499998,False,CALL,2026-01-30,WFC
WFC260130C00093000,93.0,0.02,0.01,0.02,53.0,1072.0,0.2617261328125,False,CALL,2026-01-30,WFC
WFC260130C00094000,94.0,0.01,0.0,0.03,1.0,1713.0,0.34766277343749996,False,CALL,2026-01-30,WFC
WFC260130C00095000,95.0,0.02,0.0,0.01,4.0,1379.0,0.35156898437499995,False,CALL,2026-01-30,WFC
WFC260130C00096000,96.0,0.01,0.0,0.02,4.0,1136.0,0.445318046875,False,CALL,2026-01-30,WFC
WFC260130C00097000,97.0,0.02,0.0,0.01,2.0,1895.0,0.45313046875,False,CALL,2026-01-30,WFC
WFC260130C00098000,98.0,0.01,0.0,0.01,9.0,118.0,0.500005,False,CALL,2026-01-30,WFC
WFC260130C00099000,99.0,0.01,0.0,0.05,2.0,611.0,0.6250037500000001,False,CALL,2026-01-30,WFC
WFC260130C00100000,100.0,0.02,0.0,0.01,1.0,369.0,0.5625043750000001,False,CALL,2026-01-30,WFC
WFC260130C00101000,101.0,0.08,0.0,0.12,18.0,145.0,0.8359391406249999,False,CALL,2026-01-30,WFC
WFC260130C00102000,102.0,0.01,0.0,0.27,3.0,228.0,1.0312548437500002,False,CALL,2026-01-30,WFC
WFC260130C00103000,103.0,0.04,0.0,0.05,4.0,50.0,0.8359391406249999,False,CALL,2026-01-30,WFC
WFC260130C00104000,104.0,0.14,0.0,0.03,27.0,184.0,0.8281267187499999,False,CALL,2026-01-30,WFC
WFC260130C00105000,105.0,0.01,0.0,0.02,19.0,576.0,0.8437515624999999,False,CALL,2026-01-30,WFC
WFC260130C00106000,106.0,0.19,0.0,2.13,,2.0,2.0898485253906243,False,CALL,2026-01-30,WFC
WFC260130C00107000,107.0,0.12,0.0,0.31,1.0,1.0,1.359378203125,False,CALL,2026-01-30,WFC
WFC260130P00065000,65.0,0.01,0.0,0.02,3.0,13.0,1.625001875,False,PUT,2026-01-30,WFC
WFC260130P00070000,70.0,0.01,0.0,0.02,3.0,631.0,1.2812535937499998,False,PUT,2026-01-30,WFC
WFC260130P00075000,75.0,0.01,0.0,0.01,10.0,373.0,0.87500125,False,PUT,2026-01-30,WFC
WFC260130P00077000,77.0,0.01,0.0,0.01,75.0,65.0,0.7500025,False,PUT,2026-01-30,WFC
WFC260130P00078000,78.0,0.01,0.0,0.01,10.0,117.0,0.6875031250000001,False,PUT,2026-01-30,WFC
WFC260130P00079000,79.0,0.12,0.0,2.12,1.0,85.0,1.8193368408203123,False,PUT,2026-01-30,WFC
WFC260130P00080000,80.0,0.03,0.0,0.07,20.0,187.0,0.7500025,False,PUT,2026-01-30,WFC
WFC260130P00081000,81.0,0.02,0.0,0.01,18.0,420.0,0.5312546875,False,PUT,2026-01-30,WFC
WFC260130P00082000,82.0,0.03,0.01,0.05,4.0,320.0,0.5937540625000001,False,PUT,2026-01-30,WFC
WFC260130P00083000,83.0,0.03,0.01,0.07,3.0,470.0,0.5507857421875001,False,PUT,2026-01-30,WFC
WFC260130P00084000,84.0,0.04,0.01,0.03,21.0,905.0,0.45313046875,False,PUT,2026-01-30,WFC
WFC260130P00085000,85.0,0.03,0.02,0.03,91.0,1061.0,0.38281867187499996,False,PUT,2026-01-30,WFC
WFC260130P00086000,86.0,0.05,0.04,0.05,72.0,1490.0,0.34570966796874997,False,PUT,2026-01-30,WFC
WFC260130P00087000,87.0,0.08,0.08,0.09,221.0,845.0,0.3086006640625,False,PUT,2026-01-30,WFC
WFC260130P00088000,88.0,0.19,0.12,0.19,520.0,1159.0,0.2802806347656249,False,PUT,2026-01-30,WFC
WFC260130P00089000,89.0,0.38,0.31,0.41,395.0,446.0,0.257819921875,False,PUT,2026-01-30,WFC
WFC260130P00090000,90.0,0.97,0.78,0.92,92.0,673.0,0.27246821289062495,True,PUT,2026-01-30,WFC
WFC260130P00091000,91.0,1.5,1.42,1.86,1.0,178.0,0.3891662646484375,True,PUT,2026-01-30,WFC
WFC260130P00092000,92.0,2.3,2.31,2.77,169.0,748.0,0.46484910156250003,True,PUT,2026-01-30,WFC
WFC260130P00093000,93.0,4.0,2.88,4.15,2.0,541.0,0.7568383691406251,True,PUT,2026-01-30,WFC
WFC260130P00094000,94.0,6.55,3.9,5.6,7.0,16.0,0.6552768847656252,True,PUT,2026-01-30,WFC
WFC260130P00095000,95.0,8.7,4.75,6.7,1.0,0.0,0.7304714453125,True,PUT,2026-01-30,WFC
WFC260130P00096000,96.0,6.65,5.75,7.7,1.0,0.0,0.8173846386718748,True,PUT,2026-01-30,WFC
WFC260130P00097000,97.0,8.0,6.3,8.65,10.0,0.0,0.6718782812500002,True,PUT,2026-01-30,WFC
WFC260130P00098000,98.0,4.0,6.75,10.55,7.0,0.0,0.91992267578125,True,PUT,2026-01-30,WFC
WFC260130P00100000,100.0,11.75,8.5,12.55,3.0,0.0,0.9355475195312499,True,PUT,2026-01-30,WFC
WFC260130P00101000,101.0,6.5,9.5,13.55,,0.0,1.001958115234375,True,PUT,2026-01-30,WFC
WFC260130P00102000,102.0,8.4,10.65,14.55,7.0,0.0,1.15625421875,True,PUT,2026-01-30,WFC
WFC260206C00070000,70.0,19.5,18.25,21.4,20.0,25.0,0.9082040429687499,True,CALL,2026-02-06,WFC
WFC260206C00075000,75.0,12.33,12.9,15.3,10.0,52.0,0.93945373046875,True,CALL,2026-02-06,WFC
WFC260206C00076000,76.0,10.4,11.9,14.4,560.0,16.0,0.9252937158203125,True,CALL,2026-02-06,WFC
WFC260206C00078000,78.0,9.43,9.85,12.4,440.0,67.0,0.8193377441406249,True,CALL,2026-02-06,WFC
WFC260206C00079000,79.0,10.21,9.45,11.4,8.0,16.0,0.7656273437500001,True,CALL,2026-02-06,WFC
WFC260206C00080000,80.0,9.18,8.9,10.15,428.0,47.0,0.6279334082031252,True,CALL,2026-02-06,WFC
WFC260206C00081000,81.0,8.52,8.35,8.8,390.0,33.0,0.42774009765625004,True,CALL,2026-02-06,WFC
WFC260206C00082000,82.0,6.95,7.3,7.8,9.0,44.0,0.38672488281249995,True,CALL,2026-02-06,WFC
WFC260206C00083000,83.0,6.3,6.35,6.85,428.0,22.0,0.36914693359375,True,CALL,2026-02-06,WFC
WFC260206C00084000,84.0,5.67,5.4,5.85,390.0,6.0,0.32520206054687495,True,CALL,2026-02-06,WFC
WFC260206C00085000,85.0,5.0,4.45,4.95,5.0,98.0,0.31592480957031244,True,CALL,2026-02-06,WFC
WFC260206C00086000,86.0,3.75,3.55,4.0,20.0,213.0,0.28174546386718746,True,CALL,2026-02-06,WFC
WFC260206C00087000,87.0,3.12,2.79,3.15,17.0,326.0,0.2661206201171875,True,CALL,2026-02-06,WFC
WFC260206C00088000,88.0,2.24,2.05,2.4,76.0,431.0,0.25830819824218754,True,CALL,2026-02-06,WFC
WFC260206C00089000,89.0,1.54,1.44,1.72,954.0,704.0,0.24658956542968752,True,CALL,2026-02-06,WFC
WFC260206C00090000,90.0,1.03,0.96,1.11,833.0,1378.0,0.22827920166015625,False,CALL,2026-02-06,WFC
WFC260206C00091000,91.0,0.63,0.6,0.69,255.0,258.0,0.22217574707031246,False,CALL,2026-02-06,WFC
WFC260206C00092000,92.0,0.39,0.37,0.39,111.0,717.0,0.21558401611328126,False,CALL,2026-02-06,WFC
WFC260206C00093000,93.0,0.22,0.21,0.26,75.0,506.0,0.22852333984375,False,CALL,2026-02-06,WFC
WFC260206C00094000,94.0,0.18,0.13,0.16,12.0,178.0,0.23584748535156247,False,CALL,2026-02-06,WFC
WFC260206C00095000,95.0,0.1,0.08,0.1,111.0,145.0,0.24414818359375,False,CALL,2026-02-06,WFC
WFC260206C00096000,96.0,0.06,0.06,0.07,6.0,257.0,0.257819921875,False,CALL,2026-02-06,WFC
WFC260206C00097000,97.0,0.04,0.04,0.05,104.0,182.0,0.27149166015625,False,CALL,2026-02-06,WFC
WFC260206C00098000,98.0,0.04,0.03,0.04,9.0,153.0,0.2890696093749999,False,CALL,2026-02-06,WFC
WFC260206C00099000,99.0,0.05,0.02,0.05,1.0,27.0,0.32813171874999997,False,CALL,2026-02-06,WFC
WFC260206C00100000,100.0,0.02,0.0,0.05,231.0,571.0,0.35547519531249994,False,CALL,2026-02-06,WFC
WFC260206C00101000,101.0,0.01,0.0,0.23,5.0,15.0,0.5107470800781251,False,CALL,2026-02-06,WFC
WFC260206C00102000,102.0,0.04,0.0,0.22,3.0,96.0,0.5371140039062501,False,CALL,2026-02-06,WFC
WFC260206C00103000,103.0,0.02,0.0,0.21,10.0,173.0,0.5625043750000001,False,CALL,2026-02-06,WFC
WFC260206C00104000,104.0,0.03,0.0,0.27,11.0,28.0,0.5429733203125001,False,CALL,2026-02-06,WFC
WFC260206C00105000,105.0,0.02,0.0,0.18,1.0,33.0,0.5312546875,False,CALL,2026-02-06,WFC
WFC260206C00106000,106.0,0.11,0.0,0.26,19.0,20.0,0.5937540625000001,False,CALL,2026-02-06,WFC
WFC260206C00107000,107.0,0.22,0.0,0.19,13.0,40.0,0.58789474609375,False,CALL,2026-02-06,WFC
WFC260206P00065000,65.0,0.03,0.0,0.01,,30.0,0.7187528125,False,PUT,2026-02-06,WFC
WFC260206P00070000,70.0,0.01,0.0,0.09,10.0,209.0,0.7187528125,False,PUT,2026-02-06,WFC
WFC260206P00075000,75.0,0.02,0.0,0.06,1.0,32.0,0.5117236328125,False,PUT,2026-02-06,WFC
WFC260206P00076000,76.0,0.05,0.0,0.05,8.0,14.0,0.5136767382812499,False,PUT,2026-02-06,WFC
WFC260206P00077000,77.0,0.05,0.02,0.06,4.0,43.0,0.49219257812500006,False,PUT,2026-02-06,WFC
WFC260206P00078000,78.0,0.07,0.04,0.05,2.0,63.0,0.44336494140625,False,PUT,2026-02-06,WFC
WFC260206P00079000,79.0,0.08,0.05,0.06,1.0,38.0,0.42188078125,False,PUT,2026-02-06,WFC
WFC260206P00080000,80.0,0.08,0.06,0.08,23.0,415.0,0.4062559375,False,PUT,2026-02-06,WFC
WFC260206P00081000,81.0,0.1,0.08,0.1,1.0,39.0,0.38477177734374995,False,PUT,2026-02-06,WFC
WFC260206P00082000,82.0,0.16,0.11,0.13,5.0,101.0,0.367193828125,False,PUT,2026-02-06,WFC
WFC260206P00083000,83.0,0.19,0.14,0.16,6.0,207.0,0.34278000976562495,False,PUT,2026-02-06,WFC
WFC260206P00084000,84.0,0.2,0.19,0.24,45.0,488.0,0.335944140625,False,PUT,2026-02-06,WFC
WFC260206P00085000,85.0,0.29,0.25,0.32,102.0,482.0,0.317389638671875,False,PUT,2026-02-06,WFC
WFC260206P00086000,86.0,0.43,0.38,0.42,240.0,460.0,0.29688203124999996,False,PUT,2026-02-06,WFC
WFC260206P00087000,87.0,0.6,0.56,0.67,214.0,713.0,0.3012765185546875,False,PUT,2026-02-06,WFC
WFC260206P00088000,88.0,0.9,0.8,0.98,447.0,735.0,0.30054410400390624,False,PUT,2026-02-06,WFC
WFC260206P00089000,89.0,1.24,1.2,1.39,447.0,404.0,0.301764794921875,False,PUT,2026-02-06,WFC
WFC260206P00090000,90.0,1.93,1.66,1.87,49.0,441.0,0.29883513671874995,True,PUT,2026-02-06,WFC
WFC260206P00091000,91.0,2.46,2.27,2.68,23.0,75.0,0.33960621337890623,True,PUT,2026-02-06,WFC
WFC260206P00092000,92.0,3.49,3.1,3.5,1.0,24.0,0.3711000390625,True,PUT,2026-02-06,WFC
WFC260206P00093000,93.0,4.75,3.95,4.35,7.0,10.0,0.39942006835937505,True,PUT,2026-02-06,WFC
WFC260206P00094000,94.0,4.85,4.85,5.3,4.0,60.0,0.442388388671875,True,PUT,2026-02-06,WFC
WFC260206P00095000,95.0,6.4,5.8,6.25,2.0,25.0,0.481450498046875,True,PUT,2026-02-06,WFC
WFC260206P00096000,96.0,8.33,6.35,8.6,1.0,94.0,0.5820354296875,True,PUT,2026-02-06,WFC
WFC260206P00097000,97.0,8.0,7.4,9.35,1.0,39.0,0.6059609716796877,True,PUT,2026-02-06,WFC
WFC260206P00098000,98.0,8.85,8.05,10.35,2.0,37.0,0.6059609716796877,True,PUT,2026-02-06,WFC
WFC260206P00099000,99.0,5.8,9.2,11.55,1.0,2.0,0.6948272705078126,True,PUT,2026-02-06,WFC
WFC260206P00100000,100.0,5.29,10.05,12.55,1.0,2.0,0.71679970703125,True,PUT,2026-02-06,WFC
WFC260206P00101000,101.0,5.87,11.15,13.5,2.0,3.0,0.7641625146484375,True,PUT,2026-02-06,WFC
WFC260206P00102000,102.0,8.2,12.15,14.5,,42.0,0.8042011767578124,True,PUT,2026-02-06,WFC
WFC260206P00103000,103.0,7.56,13.0,15.5,,1.0,0.8208025732421874,True,PUT,2026-02-06,WFC
WFC260206P00105000,105.0,10.85,15.0,17.5,,7.0,0.8945323046874999,True,PUT,2026-02-06,WFC
WFC260206P00107000,107.0,13.4,17.0,19.5,,5.0,0.9648441015625,True,PUT,2026-02-06,WFC
WFC260206P00115000,115.0,26.29,25.0,27.5,1.0,0.0,1.2216835791015623,True,PUT,2026-02-06,WFC
WFC260213C00081000,81.0,7.98,8.3,8.85,1.0,8.0,0.3413151806640625,True,CALL,2026-02-13,WFC
WFC260213C00082000,82.0,7.35,7.35,7.85,5.0,160.0,0.3090889404296875,True,CALL,2026-02-13,WFC
WFC260213C00083000,83.0,6.05,6.4,6.95,5.0,23.0,0.30762411132812495,True,CALL,2026-02-13,WFC
WFC260213C00084000,84.0,5.67,5.5,5.95,2.0,91.0,0.27246821289062495,True,CALL,2026-02-13,WFC
WFC260213C00085000,85.0,4.92,4.6,5.05,4.0,50.0,0.2600171655273438,True,CALL,2026-02-13,WFC
WFC260213C00086000,86.0,3.85,3.8,4.25,28.0,121.0,0.25977302734375,True,CALL,2026-02-13,WFC
WFC260213C00087000,87.0,3.31,3.1,3.4,62.0,275.0,0.24146266357421875,True,CALL,2026-02-13,WFC
WFC260213C00088000,88.0,2.44,2.44,2.58,108.0,456.0,0.22022264160156246,True,CALL,2026-02-13,WFC
WFC260213C00089000,89.0,1.95,1.89,2.02,174.0,754.0,0.225593681640625,True,CALL,2026-02-13,WFC
WFC260213C00090000,90.0,1.45,1.37,1.51,105.0,265.0,0.22486126708984372,False,CALL,2026-02-13,WFC
WFC260213C00091000,91.0,1.06,0.99,1.08,9.0,144.0,0.2219316088867187,False,CALL,2026-02-13,WFC
WFC260213C00092000,92.0,0.79,0.7,0.78,71.0,237.0,0.22510540527343748,False,CALL,2026-02-13,WFC
WFC260213C00093000,93.0,0.54,0.47,0.54,42.0,118.0,0.2260819580078125,False,CALL,2026-02-13,WFC
WFC260213C00094000,94.0,0.36,0.31,0.38,25.0,244.0,0.2304764453125,False,CALL,2026-02-13,WFC
WFC260213C00095000,95.0,0.25,0.21,0.27,3.0,89.0,0.23633576171874998,False,CALL,2026-02-13,WFC
WFC260213C00096000,96.0,0.15,0.14,0.18,10.0,92.0,0.23828886718749998,False,CALL,2026-02-13,WFC
WFC260213C00097000,97.0,0.1,0.1,0.13,1.0,43.0,0.2461012890625,False,CALL,2026-02-13,WFC
WFC260213C00098000,98.0,0.06,0.07,0.1,2.0,54.0,0.25586681640625003,False,CALL,2026-02-13,WFC
WFC260213C00099000,99.0,0.04,0.05,0.09,1.0,786.0,0.273444765625,False,CALL,2026-02-13,WFC
WFC260213C00100000,100.0,0.04,0.03,0.07,1.0,58.0,0.282233740234375,False,CALL,2026-02-13,WFC
WFC260213C00101000,101.0,0.1,0.03,0.06,7.0,12.0,0.29492892578124996,False,CALL,2026-02-13,WFC
WFC260213C00102000,102.0,0.03,0.03,0.06,100.0,33.0,0.31445998046874996,False,CALL,2026-02-13,WFC
WFC260213C00103000,103.0,0.52,0.0,2.15,2.0,59.0,0.6562534375000001,False,CALL,2026-02-13,WFC
WFC260213C00104000,104.0,0.09,0.0,2.15,3.0,9.0,0.6850617431640625,False,CALL,2026-02-13,WFC
WFC260213C00105000,105.0,0.05,0.0,0.6,1.0,8.0,0.5039112109375,False,CALL,2026-02-13,WFC
WFC260213C00106000,106.0,0.43,0.0,2.15,,11.0,0.7407252490234374,False,CALL,2026-02-13,WFC
WFC260213C00107000,107.0,0.11,0.0,0.57,33.0,35.0,0.5429733203125001,False,CALL,2026-02-13,WFC
WFC260213C00110000,110.0,0.21,0.0,2.14,,5.0,0.8442398388671875,False,CALL,2026-02-13,WFC
WFC260213C00115000,115.0,0.02,0.0,2.13,,10.0,0.9633792724609375,False,CALL,2026-02-13,WFC
WFC260213P00065000,65.0,0.03,0.0,0.03,20.0,197.0,0.5937540625000001,False,PUT,2026-02-13,WFC
WFC260213P00070000,70.0,0.01,0.0,2.15,,34.0,1.0332079589843752,False,PUT,2026-02-13,WFC
WFC260213P00075000,75.0,0.1,0.06,0.09,4.0,62.0,0.45313046875,False,PUT,2026-02-13,WFC
WFC260213P00076000,76.0,0.13,0.07,0.11,,1.0,0.43945873046875,False,PUT,2026-02-13,WFC
WFC260213P00078000,78.0,0.18,0.11,0.14,3.0,5.0,0.39942006835937505,False,PUT,2026-02-13,WFC
WFC260213P00079000,79.0,0.35,0.13,0.17,20.0,30.0,0.38477177734374995,False,PUT,2026-02-13,WFC
WFC260213P00080000,80.0,0.19,0.16,0.2,6.0,535.0,0.367193828125,False,PUT,2026-02-13,WFC
WFC260213P00081000,81.0,0.27,0.19,0.26,37.0,75.0,0.3579165771484375,False,PUT,2026-02-13,WFC
WFC260213P00082000,82.0,0.3,0.24,0.31,2.0,85.0,0.340826904296875,False,PUT,2026-02-13,WFC
WFC260213P00083000,83.0,0.36,0.3,0.38,2.0,134.0,0.32520206054687495,False,PUT,2026-02-13,WFC
WFC260213P00084000,84.0,0.43,0.39,0.5,108.0,326.0,0.31690136230468746,False,PUT,2026-02-13,WFC
WFC260213P00085000,85.0,0.58,0.52,0.58,28.0,174.0,0.29444064941406245,False,PUT,2026-02-13,WFC
WFC260213P00086000,86.0,0.8,0.69,0.76,43.0,864.0,0.28565167480468745,False,PUT,2026-02-13,WFC
WFC260213P00087000,87.0,0.93,0.93,1.03,18.0,144.0,0.28321029296874994,False,PUT,2026-02-13,WFC
WFC260213P00088000,88.0,1.39,1.26,1.36,95.0,319.0,0.2797923583984374,False,PUT,2026-02-13,WFC
WFC260213P00089000,89.0,1.86,1.7,1.78,46.0,165.0,0.2790599438476562,False,PUT,2026-02-13,WFC
WFC260213P00090000,90.0,2.56,2.21,2.32,6.0,39.0,0.28443098388671867,True,PUT,2026-02-13,WFC
WFC260213P00091000,91.0,3.04,2.74,3.1,12.0,32.0,0.3122627368164062,True,PUT,2026-02-13,WFC
WFC260213P00092000,92.0,4.85,3.4,3.85,4.0,11.0,0.3286199951171874,True,PUT,2026-02-13,WFC
WFC260213P00093000,93.0,4.6,4.15,4.65,1.0,110.0,0.3452213916015625,True,PUT,2026-02-13,WFC
WFC260213P00094000,94.0,5.37,4.95,5.55,1.0,5.0,0.372076591796875,True,PUT,2026-02-13,WFC
WFC260213P00095000,95.0,6.7,5.85,6.4,8.0,18.0,0.38672488281249995,True,PUT,2026-02-13,WFC
WFC260213P00096000,96.0,3.8,6.75,7.35,1.0,11.0,0.41480077392578124,True,PUT,2026-02-13,WFC
WFC260213P00097000,97.0,10.72,7.7,8.3,1.0,11.0,0.44067942138671873,True,PUT,2026-02-13,WFC
WFC260213P00098000,98.0,4.9,8.2,10.6,4.0,21.0,0.6928741650390625,True,PUT,2026-02-13,WFC
WFC260220C00065000,65.0,22.12,23.0,25.2,1.0,23.0,0.8876964355468748,True,CALL,2026-02-20,WFC
WFC260220C00067500,67.5,20.72,20.5,22.7,10.0,8.0,0.8032246240234374,True,CALL,2026-02-20,WFC
WFC260220C00070000,70.0,18.5,18.0,20.25,1.0,34.0,0.7368190380859375,True,CALL,2026-02-20,WFC
WFC260220C00072500,72.5,16.45,16.5,17.7,6.0,3222.0,0.64062859375,True,CALL,2026-02-20,WFC
WFC260220C00075000,75.0,12.85,13.05,15.25,27.0,106.0,0.5742230078125,True,CALL,2026-02-20,WFC
WFC260220C00077500,77.5,11.22,11.75,12.3,2.0,424.0,0.35742830078125,True,CALL,2026-02-20,WFC
WFC260220C00079000,79.0,8.43,10.3,10.85,2.0,4.0,0.33789724609375,True,CALL,2026-02-20,WFC
WFC260220C00080000,80.0,9.35,9.35,9.85,2.0,1553.0,0.31153032226562494,True,CALL,2026-02-20,WFC
WFC260220C00081000,81.0,7.93,8.35,8.9,1.0,23.0,0.299811689453125,True,CALL,2026-02-20,WFC
WFC260220C00082000,82.0,7.45,7.45,7.95,6.0,7.0,0.28516339843749994,True,CALL,2026-02-20,WFC
WFC260220C00082500,82.5,6.95,6.95,7.5,11.0,625.0,0.2827220166015625,True,CALL,2026-02-20,WFC
WFC260220C00083000,83.0,5.48,6.5,7.05,7.0,1444.0,0.2788158056640625,True,CALL,2026-02-20,WFC
WFC260220C00084000,84.0,4.08,5.65,6.1,2.0,169.0,0.257819921875,True,CALL,2026-02-20,WFC
WFC260220C00085000,85.0,5.4,4.8,5.25,148.0,7709.0,0.2514723291015625,True,CALL,2026-02-20,WFC
WFC260220C00086000,86.0,4.22,4.05,4.45,23.0,278.0,0.2461012890625,True,CALL,2026-02-20,WFC
WFC260220C00087000,87.0,3.65,3.35,3.65,20.0,169.0,0.23413851806640623,True,CALL,2026-02-20,WFC
WFC260220C00087500,87.5,3.1,3.05,3.3,120.0,2323.0,0.23218541259765624,True,CALL,2026-02-20,WFC
WFC260220C00088000,88.0,2.76,2.7,2.96,14.0,291.0,0.22925575439453127,True,CALL,2026-02-20,WFC
WFC260220C00089000,89.0,2.25,2.17,2.39,129.0,1261.0,0.2299881689453125,True,CALL,2026-02-20,WFC
WFC260220C00090000,90.0,1.72,1.67,1.87,181.0,4347.0,0.22754678710937498,False,CALL,2026-02-20,WFC
WFC260220C00091000,91.0,1.41,1.26,1.41,40.0,567.0,0.22339643798828124,False,CALL,2026-02-20,WFC
WFC260220C00092000,92.0,1.05,0.92,1.05,171.0,599.0,0.22168747070312497,False,CALL,2026-02-20,WFC
WFC260220C00092500,92.5,0.96,0.79,0.9,27.0,2871.0,0.2211991943359375,False,CALL,2026-02-20,WFC
WFC260220C00093000,93.0,0.74,0.67,0.78,15.0,145.0,0.22266402343749997,False,CALL,2026-02-20,WFC
WFC260220C00094000,94.0,0.5,0.49,0.57,2.0,194.0,0.22364057617187497,False,CALL,2026-02-20,WFC
WFC260220C00095000,95.0,0.38,0.35,0.37,277.0,10075.0,0.2172929833984375,False,CALL,2026-02-20,WFC
WFC260220C00096000,96.0,0.25,0.24,0.31,2.0,27.0,0.2304764453125,False,CALL,2026-02-20,WFC
WFC260220C00097000,97.0,0.13,0.18,0.24,1.0,2.0,0.23731231445312498,False,CALL,2026-02-20,WFC
WFC260220C00097500,97.5,0.19,0.15,0.19,2.0,2613.0,0.2348709326171875,False,CALL,2026-02-20,WFC
WFC260220C00099000,99.0,0.09,0.1,0.13,1.0,1.0,0.245124736328125,False,CALL,2026-02-20,WFC
WFC260220C00100000,100.0,0.09,0.07,0.09,14.0,12610.0,0.2461012890625,False,CALL,2026-02-20,WFC
WFC260220C00105000,105.0,0.04,0.01,0.15,6.0,3127.0,0.36426416992187505,False,CALL,2026-02-20,WFC
WFC260220C00110000,110.0,0.05,0.0,0.05,6.0,403.0,0.37500625,False,CALL,2026-02-20,WFC
WFC260220C00115000,115.0,0.06,0.0,0.1,10.0,49.0,0.49023947265625006,False,CALL,2026-02-20,WFC
WFC260220P00065000,65.0,0.03,0.03,0.05,14.0,1837.0,0.5585981640625001,False,PUT,2026-02-20,WFC
WFC260220P00067500,67.5,0.11,0.0,0.16,2.0,403.0,0.5507857421875001,False,PUT,2026-02-20,WFC
WFC260220P00070000,70.0,0.05,0.05,0.17,20.0,2623.0,0.51562984375,False,PUT,2026-02-20,WFC
WFC260220P00072500,72.5,0.1,0.06,0.1,18.0,1166.0,0.445318046875,False,PUT,2026-02-20,WFC
WFC260220P00075000,75.0,0.11,0.1,0.14,24.0,5021.0,0.40820904296875,False,PUT,2026-02-20,WFC
WFC260220P00077000,77.0,0.17,0.14,0.18,1.0,212.0,0.37695935546875,False,PUT,2026-02-20,WFC
WFC260220P00077500,77.5,0.19,0.14,0.19,1.0,3762.0,0.36817038085937503,False,PUT,2026-02-20,WFC
WFC260220P00078000,78.0,0.36,0.16,0.21,7.0,12.0,0.3627993408203125,False,PUT,2026-02-20,WFC
WFC260220P00079000,79.0,0.24,0.2,0.24,2.0,347.0,0.34668622070312494,False,PUT,2026-02-20,WFC
WFC260220P00080000,80.0,0.26,0.24,0.26,36.0,6558.0,0.32617861328125,False,PUT,2026-02-20,WFC
WFC260220P00081000,81.0,0.3,0.28,0.32,4907.0,55.0,0.3154365332031249,False,PUT,2026-02-20,WFC
WFC260220P00082000,82.0,0.91,0.35,0.41,40.0,595.0,0.30811238769531246,False,PUT,2026-02-20,WFC
WFC260220P00082500,82.5,0.43,0.4,0.49,1182.0,7999.0,0.3100654931640625,False,PUT,2026-02-20,WFC
WFC260220P00083000,83.0,0.61,0.44,0.54,14.0,2477.0,0.3039620385742187,False,PUT,2026-02-20,WFC
WFC260220P00084000,84.0,0.68,0.56,0.69,20.0,412.0,0.2978585839843749,False,PUT,2026-02-20,WFC
WFC260220P00085000,85.0,0.79,0.71,0.84,105.0,5232.0,0.2866282275390625,False,PUT,2026-02-20,WFC
WFC260220P00086000,86.0,1.0,0.85,1.04,11.0,694.0,0.27735097656249996,False,PUT,2026-02-20,WFC
WFC260220P00087000,87.0,1.24,1.12,1.28,43.0,518.0,0.26782958740234375,False,PUT,2026-02-20,WFC
WFC260220P00087500,87.5,1.41,1.34,1.44,79.0,3756.0,0.26563234375,False,PUT,2026-02-20,WFC
WFC260220P00088000,88.0,1.66,1.52,1.65,96.0,169.0,0.26758544921875,False,PUT,2026-02-20,WFC
WFC260220P00089000,89.0,2.02,1.85,2.05,110.0,485.0,0.26319096191406255,False,PUT,2026-02-20,WFC
WFC260220P00090000,90.0,2.55,2.35,2.55,42.0,3973.0,0.26270268554687504,True,PUT,2026-02-20,WFC
WFC260220P00092000,92.0,4.25,3.65,3.9,5.0,2.0,0.2797923583984374,True,PUT,2026-02-20,WFC
WFC260220P00092500,92.5,4.5,4.0,4.45,1.0,3447.0,0.305671005859375,True,PUT,2026-02-20,WFC
WFC260220P00095000,95.0,6.47,5.95,6.55,1.0,845.0,0.34326828613281246,True,PUT,2026-02-20,WFC
WFC260220P00096000,96.0,8.65,6.85,7.45,1.0,2.0,0.3606020971679687,True,PUT,2026-02-20,WFC
WFC260220P00097500,97.5,9.2,8.25,8.85,1.0,299.0,0.38941040283203127,True,PUT,2026-02-20,WFC
WFC260220P00100000,100.0,13.02,10.2,12.45,4.0,167.0,0.619388571777344,True,PUT,2026-02-20,WFC
WFC260220P00105000,105.0,9.59,15.2,17.45,3.0,60.0,0.5737347314453125,True,PUT,2026-02-20,WFC
WFC260220P00115000,115.0,24.25,25.15,27.4,50.0,0.0,0.7700218310546876,True,PUT,2026-02-20,WFC
WFC260227C00079000,79.0,9.5,10.3,10.95,5.0,8.0,0.3242255078124999,True,CALL,2026-02-27,WFC
WFC260227C00080000,80.0,8.95,9.35,10.0,2.0,13.0,0.3110420458984374,True,CALL,2026-02-27,WFC
WFC260227C00083000,83.0,5.8,6.65,7.2,7.0,9.0,0.2700268310546875,True,CALL,2026-02-27,WFC
WFC260227C00084000,84.0,5.1,5.8,6.35,10.0,11.0,0.26416751464843746,True,CALL,2026-02-27,WFC
WFC260227C00085000,85.0,4.05,5.0,5.55,1.0,32.0,0.2602613037109375,True,CALL,2026-02-27,WFC
WFC260227C00086000,86.0,4.65,4.35,4.7,1.0,26.0,0.2456130126953125,True,CALL,2026-02-27,WFC
WFC260227C00087000,87.0,3.85,3.7,4.05,2.0,7.0,0.249030947265625,True,CALL,2026-02-27,WFC
WFC260227C00088000,88.0,3.5,3.05,3.25,10.0,50.0,0.2304764453125,True,CALL,2026-02-27,WFC
WFC260227C00089000,89.0,2.52,2.55,2.7,175.0,69.0,0.2318192053222656,True,CALL,2026-02-27,WFC
WFC260227C00090000,90.0,2.14,2.05,2.2,21.0,82.0,0.231452998046875,False,CALL,2026-02-27,WFC
WFC260227C00091000,91.0,1.54,1.6,1.74,20.0,882.0,0.22840127075195313,False,CALL,2026-02-27,WFC
WFC260227C00092000,92.0,1.43,1.26,1.33,12.0,95.0,0.22364057617187497,False,CALL,2026-02-27,WFC
WFC260227C00093000,93.0,1.11,0.96,1.04,14.0,102.0,0.22486126708984372,False,CALL,2026-02-27,WFC
WFC260227C00094000,94.0,0.6,0.73,0.77,1.0,63.0,0.2219316088867187,False,CALL,2026-02-27,WFC
WFC260227C00095000,95.0,0.54,0.53,0.58,29.0,250.0,0.22266402343749997,False,CALL,2026-02-27,WFC
WFC260227C00096000,96.0,0.36,0.39,0.43,2.0,40.0,0.22315229980468748,False,CALL,2026-02-27,WFC
WFC260227C00097000,97.0,0.3,0.28,0.35,4.0,20.0,0.2304764453125,False,CALL,2026-02-27,WFC
WFC260227C00098000,98.0,0.15,0.17,0.28,1.0,103.0,0.23633576171874998,False,CALL,2026-02-27,WFC
WFC260227C00099000,99.0,0.4,0.12,0.25,,1.0,0.2485426708984375,False,CALL,2026-02-27,WFC
WFC260227C00100000,100.0,0.4,0.08,0.19,7.0,12.0,0.25098405273437496,False,CALL,2026-02-27,WFC
WFC260227C00102000,102.0,0.12,0.04,0.16,2.0,13.0,0.27539787109374997,False,CALL,2026-02-27,WFC
WFC260227C00103000,103.0,0.05,0.02,0.14,1.0,5.0,0.2836985693359374,False,CALL,2026-02-27,WFC
WFC260227C00104000,104.0,0.05,0.01,0.13,3.0,3.0,0.29492892578124996,False,CALL,2026-02-27,WFC
WFC260227C00105000,105.0,0.23,0.03,0.12,1.0,2.0,0.305671005859375,False,CALL,2026-02-27,WFC
WFC260227C00107000,107.0,0.04,0.0,2.15,2.0,1.0,0.56055126953125,False,CALL,2026-02-27,WFC
WFC260227C00110000,110.0,0.12,0.0,2.15,2.0,2.0,0.6174354663085939,False,CALL,2026-02-27,WFC
WFC260227C00115000,115.0,0.04,0.0,2.13,6.0,6.0,0.7036162451171876,False,CALL,2026-02-27,WFC
WFC260227P00070000,70.0,0.09,0.03,0.14,8.0,11.0,0.47070841796875,False,PUT,2026-02-27,WFC
WFC260227P00075000,75.0,0.21,0.13,0.2,1.0,4.0,0.383795224609375,False,PUT,2026-02-27,WFC
WFC260227P00077000,77.0,0.25,0.17,0.25,1.0,36.0,0.3544986425781249,False,PUT,2026-02-27,WFC
WFC260227P00078000,78.0,0.37,0.23,0.3,2.0,14.0,0.3452213916015625,False,PUT,2026-02-27,WFC
WFC260227P00079000,79.0,0.3,0.28,0.35,24.0,4896.0,0.33350275878906255,False,PUT,2026-02-27,WFC
WFC260227P00080000,80.0,0.37,0.32,0.46,1.0,126.0,0.3327703442382813,False,PUT,2026-02-27,WFC
WFC260227P00081000,81.0,0.5,0.4,0.46,4.0,42.0,0.3061592822265625,False,PUT,2026-02-27,WFC
WFC260227P00082000,82.0,0.82,0.49,0.54,2.0,107.0,0.29395237304687494,False,PUT,2026-02-27,WFC
WFC260227P00083000,83.0,0.61,0.6,0.65,13.0,229.0,0.2841868457031249,False,PUT,2026-02-27,WFC
WFC260227P00084000,84.0,0.82,0.74,0.8,19.0,98.0,0.2766185620117187,False,PUT,2026-02-27,WFC
WFC260227P00085000,85.0,1.02,0.93,1.0,20.0,142.0,0.27149166015625,False,PUT,2026-02-27,WFC
WFC260227P00086000,86.0,1.62,1.19,1.27,1.0,87.0,0.26978269287109374,False,PUT,2026-02-27,WFC
WFC260227P00087000,87.0,1.72,1.49,1.56,3.0,52.0,0.26489992919921873,False,PUT,2026-02-27,WFC
WFC260227P00088000,88.0,2.15,1.83,1.92,2.0,61.0,0.2617261328125,False,PUT,2026-02-27,WFC
WFC260227P00089000,89.0,2.69,2.28,2.38,35.0,12.0,0.26306889282226564,False,PUT,2026-02-27,WFC
WFC260227P00090000,90.0,2.87,2.76,2.86,146.0,74.0,0.26050544189453123,True,PUT,2026-02-27,WFC
WFC260227P00092000,92.0,4.91,3.9,4.1,1.0,12.0,0.2657544128417969,True,PUT,2026-02-27,WFC
WFC260227P00093000,93.0,5.59,4.55,5.1,1.0,95.0,0.3004220349121094,True,PUT,2026-02-27,WFC
WFC260227P00094000,94.0,5.9,5.25,5.9,,29.0,0.3110420458984374,True,PUT,2026-02-27,WFC
WFC260227P00095000,95.0,8.8,6.05,6.75,1.0,3.0,0.3242255078124999,True,PUT,2026-02-27,WFC
WFC260306C00088000,88.0,3.65,3.35,4.1,7.0,22.0,0.28516339843749994,True,CALL,2026-03-06,WFC
WFC260306C00089000,89.0,3.25,2.87,3.4,1.0,83.0,0.27075924560546877,True,CALL,2026-03-06,WFC
WFC260306C00091000,91.0,1.43,1.93,2.31,2.0,2.0,0.2563550927734375,False,CALL,2026-03-06,WFC
WFC260306C00094000,94.0,1.16,0.93,1.35,6.0,11.0,0.26148199462890626,False,CALL,2026-03-06,WFC
WFC260306C00097000,97.0,0.29,0.39,2.54,2.0,2.0,0.4602104760742188,False,CALL,2026-03-06,WFC
WFC260306C00098000,98.0,0.31,0.0,0.94,1.0,1.0,0.3122627368164062,False,CALL,2026-03-06,WFC
WFC260306C00099000,99.0,0.36,0.0,2.35,,1.0,0.4919484399414063,False,CALL,2026-03-06,WFC
WFC260306P00085000,85.0,1.47,1.1,1.75,13.0,16.0,0.32520206054687495,False,PUT,2026-03-06,WFC
WFC260320C00065000,65.0,28.6,22.75,26.0,1.0,156.0,0.7553735400390625,True,CALL,2026-03-20,WFC
WFC260320C00067500,67.5,21.73,21.15,22.65,20.0,561.0,0.5268602001953125,True,CALL,2026-03-20,WFC
WFC260320C00070000,70.0,17.18,18.5,20.2,2.0,520.0,0.48389187988281257,True,CALL,2026-03-20,WFC
WFC260320C00072500,72.5,16.98,16.9,17.5,20.0,699.0,0.3857483300781249,True,CALL,2026-03-20,WFC
WFC260320C00075000,75.0,14.93,14.6,15.1,5.0,931.0,0.35742830078125,True,CALL,2026-03-20,WFC
WFC260320C00077500,77.5,12.55,12.2,12.75,21.0,750.0,0.33179379150390625,True,CALL,2026-03-20,WFC
WFC260320C00080000,80.0,10.06,9.95,10.5,20.0,1928.0,0.31201859863281245,True,CALL,2026-03-20,WFC
WFC260320C00082500,82.5,8.05,7.85,8.3,194.0,2341.0,0.28711650390624993,True,CALL,2026-03-20,WFC
WFC260320C00085000,85.0,6.23,6.0,6.35,41.0,1648.0,0.27368890380859373,True,CALL,2026-03-20,WFC
WFC260320C00087500,87.5,4.55,4.4,4.55,26.0,2022.0,0.2555006091308594,True,CALL,2026-03-20,WFC
WFC260320C00090000,90.0,3.1,2.99,3.15,798.0,7399.0,0.2485426708984375,False,CALL,2026-03-20,WFC
WFC260320C00092500,92.5,1.99,1.92,1.99,194.0,2994.0,0.23731231445312498,False,CALL,2026-03-20,WFC
WFC260320C00095000,95.0,1.22,1.18,1.28,333.0,6768.0,0.23902128173828124,False,CALL,2026-03-20,WFC
WFC260320C00097500,97.5,0.73,0.69,0.79,141.0,4363.0,0.24048611083984373,False,CALL,2026-03-20,WFC
WFC260320C00100000,100.0,0.46,0.4,0.47,331.0,11159.0,0.2417068017578125,False,CALL,2026-03-20,WFC
WFC260320C00105000,105.0,0.18,0.17,0.2,63.0,8590.0,0.25879647460937505,False,CALL,2026-03-20,WFC
WFC260320C00110000,110.0,0.1,0.07,0.14,5.0,2004.0,0.29688203124999996,False,CALL,2026-03-20,WFC
WFC260320C00115000,115.0,0.07,0.0,0.13,10.0,1099.0,0.3437565625,False,CALL,2026-03-20,WFC
WFC260320P00065000,65.0,0.16,0.1,0.17,1.0,6369.0,0.46680220703125,False,PUT,2026-03-20,WFC
WFC260320P00067500,67.5,0.2,0.14,0.21,20.0,2786.0,0.436529072265625,False,PUT,2026-03-20,WFC
WFC260320P00070000,70.0,0.3,0.2,0.26,8.0,4205.0,0.4062559375,False,PUT,2026-03-20,WFC
WFC260320P00072500,72.5,0.34,0.27,0.33,1.0,4151.0,0.37744763183593744,False,PUT,2026-03-20,WFC
WFC260320P00075000,75.0,0.37,0.36,0.39,3481.0,14259.0,0.34229173339843744,False,PUT,2026-03-20,WFC
WFC260320P00077500,77.5,0.53,0.5,0.54,1985.0,3144.0,0.3198310205078124,False,PUT,2026-03-20,WFC
WFC260320P00080000,80.0,0.78,0.72,0.81,54.0,3554.0,0.30542686767578126,False,PUT,2026-03-20,WFC
WFC260320P00082500,82.5,1.13,1.07,1.11,211.0,6983.0,0.28162339477539056,False,PUT,2026-03-20,WFC
WFC260320P00085000,85.0,1.65,1.61,1.7,22.0,6494.0,0.27259028198242186,False,PUT,2026-03-20,WFC
WFC260320P00087500,87.5,2.46,2.44,2.5,307.0,2401.0,0.2624585473632813,False,PUT,2026-03-20,WFC
WFC260320P00090000,90.0,3.5,3.5,3.65,32.0,1864.0,0.25891854370117195,True,PUT,2026-03-20,WFC
WFC260320P00092500,92.5,6.7,4.85,5.35,6.0,2759.0,0.27600821655273433,True,PUT,2026-03-20,WFC
WFC260320P00095000,95.0,6.7,6.6,6.9,5.0,996.0,0.2618482019042969,True,PUT,2026-03-20,WFC
WFC260320P00097500,97.5,10.01,8.55,9.3,1.0,197.0,0.3060372131347656,True,PUT,2026-03-20,WFC
WFC260320P00100000,100.0,11.65,10.85,11.55,1.0,384.0,0.32874206420898433,True,PUT,2026-03-20,WFC
WFC260320P00105000,105.0,11.45,14.7,17.55,17.0,20.0,0.5183153637695312,True,PUT,2026-03-20,WFC
WFC260320P00110000,110.0,16.07,18.95,22.9,1.0,26.0,0.6364782446289063,True,PUT,2026-03-20,WFC
WFC260417C00065000,65.0,24.78,24.45,25.5,1.0,14.0,0.5327195166015625,True,CALL,2026-04-17,WFC
WFC260417C00067500,67.5,20.14,22.05,23.15,1.0,29.0,0.50586431640625,True,CALL,2026-04-17,WFC
WFC260417C00070000,70.0,20.0,19.45,20.85,6.0,137.0,0.4826711889648438,True,CALL,2026-04-17,WFC
WFC260417C00072500,72.5,17.7,17.25,18.35,3.0,71.0,0.43237872314453124,True,CALL,2026-04-17,WFC
WFC260417C00075000,75.0,13.45,14.85,16.2,4.0,26.0,0.4194393994140625,True,CALL,2026-04-17,WFC
WFC260417C00077500,77.5,13.35,13.1,13.75,2.0,1617.0,0.37219866088867193,True,CALL,2026-04-17,WFC
WFC260417C00080000,80.0,10.91,11.0,11.4,5.0,846.0,0.3327703442382813,True,CALL,2026-04-17,WFC
WFC260417C00082500,82.5,9.35,9.05,9.55,106.0,1213.0,0.32739930419921875,True,CALL,2026-04-17,WFC
WFC260417C00085000,85.0,7.35,7.2,7.65,8.0,934.0,0.3083565258789062,True,CALL,2026-04-17,WFC
WFC260417C00087500,87.5,5.75,5.75,5.9,7.0,647.0,0.28943581665039053,True,CALL,2026-04-17,WFC
WFC260417C00090000,90.0,4.45,4.3,4.5,216.0,8956.0,0.28089098022460934,False,CALL,2026-04-17,WFC
WFC260417C00092500,92.5,3.3,3.15,3.35,90.0,3589.0,0.2747875256347656,False,CALL,2026-04-17,WFC
WFC260417C00095000,95.0,2.3,2.28,2.38,27.0,1569.0,0.2668530346679688,False,CALL,2026-04-17,WFC
WFC260417C00097500,97.5,1.67,1.58,1.66,12.0,673.0,0.26233647827148443,False,CALL,2026-04-17,WFC
WFC260417C00100000,100.0,1.1,1.07,1.13,80.0,2954.0,0.25916268188476566,False,CALL,2026-04-17,WFC
WFC260417C00105000,105.0,0.49,0.43,0.55,2.0,973.0,0.26319096191406255,False,CALL,2026-04-17,WFC
WFC260417C00110000,110.0,0.25,0.19,0.29,69.0,734.0,0.2739330419921875,False,CALL,2026-04-17,WFC
WFC260417C00115000,115.0,0.12,0.08,0.21,2.0,143.0,0.3002999658203125,False,CALL,2026-04-17,WFC
WFC260417P00065000,65.0,0.33,0.28,0.33,6.0,720.0,0.42529871582031253,False,PUT,2026-04-17,WFC
WFC260417P00067500,67.5,0.46,0.37,0.47,3.0,477.0,0.415044912109375,False,PUT,2026-04-17,WFC
WFC260417P00070000,70.0,0.5,0.43,0.59,1.0,3977.0,0.393560751953125,False,PUT,2026-04-17,WFC
WFC260417P00072500,72.5,0.64,0.58,0.69,36.0,1541.0,0.36475244628906256,False,PUT,2026-04-17,WFC
WFC260417P00075000,75.0,1.07,0.77,0.93,42.0,1315.0,0.3508365698242187,False,PUT,2026-04-17,WFC
WFC260417P00077500,77.5,1.13,1.0,1.2,1.0,1345.0,0.3325262060546875,False,PUT,2026-04-17,WFC
WFC260417P00080000,80.0,1.46,1.44,1.47,212.0,1198.0,0.3078682495117187,False,PUT,2026-04-17,WFC
WFC260417P00082500,82.5,1.96,1.94,1.99,125.0,3162.0,0.2962716857910156,False,PUT,2026-04-17,WFC
WFC260417P00085000,85.0,2.61,2.6,2.66,152.0,2269.0,0.2849192602539062,False,PUT,2026-04-17,WFC
WFC260417P00087500,87.5,3.5,3.45,3.6,168.0,987.0,0.2794261511230468,False,PUT,2026-04-17,WFC
WFC260417P00090000,90.0,4.6,4.5,4.65,193.0,3123.0,0.26819579467773436,True,PUT,2026-04-17,WFC
WFC260417P00092500,92.5,5.95,5.85,6.05,173.0,379.0,0.26489992919921873,True,PUT,2026-04-17,WFC
WFC260417P00095000,95.0,8.95,7.2,7.9,19.0,382.0,0.27722890747070306,True,PUT,2026-04-17,WFC
WFC260417P00097500,97.5,9.85,8.95,10.35,1.0,112.0,0.3205634350585937,True,PUT,2026-04-17,WFC
WFC260417P00100000,100.0,11.59,10.95,12.45,58.0,104.0,0.3343572424316406,True,PUT,2026-04-17,WFC
WFC260417P00105000,105.0,12.6,15.25,17.0,1.0,3.0,0.3719545227050781,True,PUT,2026-04-17,WFC
WFC260417P00110000,110.0,23.0,14.4,0.0,1.0,0.0,1.0000000000000003e-05,True,PUT,2026-04-17,WFC
WFC260417P00115000,115.0,25.28,23.95,27.9,1.0,1.0,0.5732464550781251,True,PUT,2026-04-17,WFC
WFC260515C00065000,65.0,24.7,24.7,25.85,1200.0,5102.0,0.5034229345703125,True,CALL,2026-05-15,WFC
WFC260515C00067500,67.5,20.06,0.0,0.0,1.0,7.0,1.0000000000000003e-05,True,CALL,2026-05-15,WFC
WFC260515C00070000,70.0,18.72,19.9,21.15,5.0,33.0,0.44556218505859374,True,CALL,2026-05-15,WFC
WFC260515C00072500,72.5,23.27,17.6,18.75,4.0,9.0,0.4096738720703125,True,CALL,2026-05-15,WFC
WFC260515C00075000,75.0,15.35,15.4,16.5,7.0,221.0,0.38550419189453117,True,CALL,2026-05-15,WFC
WFC260515C00077500,77.5,11.52,13.4,14.3,1.0,226.0,0.3617007189941406,True,CALL,2026-05-15,WFC
WFC260515C00080000,80.0,11.9,11.25,12.45,10.0,253.0,0.3573062316894531,True,CALL,2026-05-15,WFC
WFC260515C00082500,82.5,8.05,9.3,10.5,3.0,219.0,0.3393620751953125,True,CALL,2026-05-15,WFC
WFC260515C00085000,85.0,8.0,7.95,8.3,108.0,429.0,0.3016427258300781,True,CALL,2026-05-15,WFC
WFC260515C00087500,87.5,6.5,6.4,6.6,13.0,280.0,0.2858958129882812,True,CALL,2026-05-15,WFC
WFC260515C00090000,90.0,5.25,5.0,5.2,116.0,1015.0,0.27747304565429687,False,CALL,2026-05-15,WFC
WFC260515C00092500,92.5,4.01,3.85,4.0,32.0,820.0,0.2701489001464844,False,CALL,2026-05-15,WFC
WFC260515C00095000,95.0,2.98,2.82,3.05,39.0,751.0,0.26636475830078127,False,CALL,2026-05-15,WFC
WFC260515C00097500,97.5,2.27,2.16,2.25,54.0,249.0,0.2613599255371094,False,CALL,2026-05-15,WFC
WFC260515C00100000,100.0,1.7,1.57,1.63,11.0,2379.0,0.25757578369140627,False,CALL,2026-05-15,WFC
WFC260515C00105000,105.0,0.8,0.72,0.9,7.0,632.0,0.2606275109863281,False,CALL,2026-05-15,WFC
WFC260515C00110000,110.0,0.33,0.34,0.5,14.0,408.0,0.2661206201171875,False,CALL,2026-05-15,WFC
WFC260515C00115000,115.0,0.2,0.18,0.31,2.0,199.0,0.2778392529296875,False,CALL,2026-05-15,WFC
WFC260515P00065000,65.0,0.57,0.4,0.57,10.0,512.0,0.41235939208984373,False,PUT,2026-05-15,WFC
WFC260515P00067500,67.5,0.64,0.53,0.69,2.0,941.0,0.39160764648437496,False,PUT,2026-05-15,WFC
WFC260515P00070000,70.0,0.77,0.67,0.85,30.0,917.0,0.37305314453125,False,PUT,2026-05-15,WFC
WFC260515P00072500,72.5,1.1,0.88,1.04,14.0,2825.0,0.3537662280273437,False,PUT,2026-05-15,WFC
WFC260515P00075000,75.0,1.21,1.13,1.28,10.0,1131.0,0.3353337951660156,False,PUT,2026-05-15,WFC
WFC260515P00077500,77.5,1.51,1.49,1.57,33.0,1389.0,0.31653515502929686,False,PUT,2026-05-15,WFC
WFC260515P00080000,80.0,1.95,1.97,2.03,35.0,877.0,0.30493859130859374,False,PUT,2026-05-15,WFC
WFC260515P00082500,82.5,2.71,2.56,2.63,11.0,961.0,0.29505099487304687,False,PUT,2026-05-15,WFC
WFC260515P00085000,85.0,3.3,3.3,3.4,128.0,985.0,0.2869944348144531,False,PUT,2026-05-15,WFC
WFC260515P00087500,87.5,4.2,4.2,4.3,29.0,295.0,0.27735097656249996,False,PUT,2026-05-15,WFC
WFC260515P00090000,90.0,5.3,5.35,5.5,74.0,313.0,0.27436028381347655,True,PUT,2026-05-15,WFC
WFC260515P00092500,92.5,6.7,6.55,6.8,7.0,468.0,0.26697510375976563,True,PUT,2026-05-15,WFC
WFC260515P00095000,95.0,10.33,8.05,8.6,1.0,484.0,0.2766185620117187,True,PUT,2026-05-15,WFC
WFC260515P00097500,97.5,10.36,9.55,10.8,1.0,389.0,0.3012765185546875,True,PUT,2026-05-15,WFC
WFC260515P00100000,100.0,8.7,11.35,12.8,5.0,117.0,0.3089668713378906,True,PUT,2026-05-15,WFC
WFC260515P00105000,105.0,12.65,15.6,17.15,2.0,3.0,0.33045103149414057,True,PUT,2026-05-15,WFC
WFC260515P00110000,110.0,21.93,20.35,21.9,,0.0,0.36646141357421874,True,PUT,2026-05-15,WFC
WFC260515P00115000,115.0,26.25,23.95,27.9,1.0,0.0,0.49268085449218757,True,PUT,2026-05-15,WFC
WFC260618C00065000,65.0,24.9,24.5,25.9,1.0,9490.0,0.44385321777343745,True,CALL,2026-06-18,WFC
WFC260618C00067500,67.5,22.96,22.05,23.6,1.0,13473.0,0.42358974853515624,True,CALL,2026-06-18,WFC
WFC260618C00070000,70.0,19.24,20.35,21.3,5.0,2758.0,0.4008848974609375,True,CALL,2026-06-18,WFC
WFC260618C00072500,72.5,18.13,17.65,19.05,1200.0,8144.0,0.38013315185546875,True,CALL,2026-06-18,WFC
WFC260618C00075000,75.0,15.21,16.0,17.0,5.0,1925.0,0.3702455554199219,True,CALL,2026-06-18,WFC
WFC260618C00077500,77.5,13.9,13.25,14.8,4.0,3533.0,0.34632001342773433,True,CALL,2026-06-18,WFC
WFC260618C00080000,80.0,11.41,11.45,13.1,4.0,2027.0,0.3476017388916015,True,CALL,2026-06-18,WFC
WFC260618C00082500,82.5,9.58,9.65,11.0,626.0,1683.0,0.3215399877929687,True,CALL,2026-06-18,WFC
WFC260618C00085000,85.0,8.63,8.45,9.35,2.0,3792.0,0.31366653137207035,True,CALL,2026-06-18,WFC
WFC260618C00087500,87.5,7.35,7.1,7.4,32.0,1349.0,0.28601788208007806,True,CALL,2026-06-18,WFC
WFC260618C00090000,90.0,5.85,5.8,6.05,407.0,12324.0,0.28003649658203117,False,CALL,2026-06-18,WFC
WFC260618C00092500,92.5,4.65,4.65,4.85,8.0,1158.0,0.2738109729003906,False,CALL,2026-06-18,WFC
WFC260618C00095000,95.0,3.9,3.6,3.85,49.0,3858.0,0.26959958923339844,False,CALL,2026-06-18,WFC
WFC260618C00097500,97.5,2.99,2.78,2.94,45.0,973.0,0.2624585473632813,False,CALL,2026-06-18,WFC
WFC260618C00100000,100.0,2.25,2.15,2.26,25.0,4353.0,0.25952888916015626,False,CALL,2026-06-18,WFC
WFC260618C00105000,105.0,1.32,1.23,1.33,73.0,4185.0,0.25818612915039063,False,CALL,2026-06-18,WFC
WFC260618C00110000,110.0,0.66,0.69,0.79,2.0,3442.0,0.260749580078125,False,CALL,2026-06-18,WFC
WFC260618C00115000,115.0,0.4,0.34,0.48,1.0,1817.0,0.26563234375,False,CALL,2026-06-18,WFC
WFC260618P00065000,65.0,0.68,0.65,0.69,10.0,2508.0,0.3764710791015625,False,PUT,2026-06-18,WFC
WFC260618P00067500,67.5,1.01,0.77,0.95,7.0,5477.0,0.372076591796875,False,PUT,2026-06-18,WFC
WFC260618P00070000,70.0,1.03,0.99,1.06,146.0,9555.0,0.34668622070312494,False,PUT,2026-06-18,WFC
WFC260618P00072500,72.5,1.59,1.24,1.42,17.0,6346.0,0.3414372497558594,False,PUT,2026-06-18,WFC
WFC260618P00075000,75.0,1.7,1.55,1.71,137.0,7756.0,0.3249579223632812,False,PUT,2026-06-18,WFC
WFC260618P00077500,77.5,1.98,1.95,2.07,158.0,2377.0,0.3092110095214844,False,PUT,2026-06-18,WFC
WFC260618P00080000,80.0,2.59,2.46,2.54,143.0,3494.0,0.2957834094238281,False,PUT,2026-06-18,WFC
WFC260618P00082500,82.5,3.1,3.1,3.25,17.0,3833.0,0.28992409301757804,False,PUT,2026-06-18,WFC
WFC260618P00085000,85.0,3.9,3.85,4.05,64.0,5655.0,0.28174546386718746,False,PUT,2026-06-18,WFC
WFC260618P00087500,87.5,5.0,4.8,5.0,40.0,1033.0,0.27399407653808594,False,PUT,2026-06-18,WFC
WFC260618P00090000,90.0,6.45,5.9,6.1,119.0,5999.0,0.26605958557128906,True,PUT,2026-06-18,WFC
WFC260618P00092500,92.5,7.65,7.2,7.4,6.0,970.0,0.25977302734375,True,PUT,2026-06-18,WFC
WFC260618P00095000,95.0,9.2,8.65,8.9,113.0,550.0,0.2551344018554688,True,PUT,2026-06-18,WFC
WFC260618P00097500,97.5,11.9,10.05,11.2,75.0,179.0,0.28211167114257807,True,PUT,2026-06-18,WFC
WFC260618P00100000,100.0,13.77,11.7,13.2,4.0,43.0,0.29004616210937495,True,PUT,2026-06-18,WFC
WFC260618P00105000,105.0,18.65,15.8,17.35,1.0,14.0,0.30005582763671873,True,PUT,2026-06-18,WFC
WFC260618P00110000,110.0,23.51,20.25,22.0,2.0,3.0,0.32617861328125,True,PUT,2026-06-18,WFC
WFC260618P00115000,115.0,28.4,24.0,27.9,1.0,1.0,0.4292049267578125,True,PUT,2026-06-18,WFC
WFC260717C00065000,65.0,25.4,24.0,26.45,3.0,22.0,0.45313046875,True,CALL,2026-07-17,WFC
WFC260717C00070000,70.0,19.1,20.15,21.9,30.0,97.0,0.40869731933593745,True,CALL,2026-07-17,WFC
WFC260717C00075000,75.0,15.95,16.3,17.45,1.0,58.0,0.36389796264648444,True,CALL,2026-07-17,WFC
WFC260717C00077500,77.5,12.6,14.15,15.35,9.0,158.0,0.3454655297851562,True,CALL,2026-07-17,WFC
WFC260717C00080000,80.0,11.3,12.65,13.6,52.0,98.0,0.341376215209961,True,CALL,2026-07-17,WFC
WFC260717C00082500,82.5,9.9,11.05,11.8,9.0,50.0,0.3298406860351562,True,CALL,2026-07-17,WFC
WFC260717C00085000,85.0,9.48,9.35,10.15,1.0,99.0,0.3206244696044921,True,CALL,2026-07-17,WFC
WFC260717C00087500,87.5,7.49,7.95,8.5,10.0,57.0,0.30664755859375,True,CALL,2026-07-17,WFC
WFC260717C00090000,90.0,6.6,6.65,7.15,14.0,127.0,0.3001778967285156,False,CALL,2026-07-17,WFC
WFC260717C00092500,92.5,5.35,5.45,5.9,6.0,157.0,0.2924875439453124,False,CALL,2026-07-17,WFC
WFC260717C00095000,95.0,4.3,4.45,4.85,28.0,626.0,0.2876047802734374,False,CALL,2026-07-17,WFC
WFC260717C00097500,97.5,3.65,3.6,3.8,1.0,331.0,0.2770458038330078,False,CALL,2026-07-17,WFC
WFC260717C00100000,100.0,2.96,2.85,3.05,29.0,243.0,0.2738109729003906,False,CALL,2026-07-17,WFC
WFC260717C00105000,105.0,1.7,1.69,1.97,5.0,1012.0,0.27210200561523434,False,CALL,2026-07-17,WFC
WFC260717C00110000,110.0,0.95,1.07,1.24,2.0,116.0,0.2710033837890625,False,CALL,2026-07-17,WFC
WFC260717C00115000,115.0,0.48,0.56,0.77,1.0,156.0,0.2710033837890625,False,CALL,2026-07-17,WFC
WFC260717P00065000,65.0,1.0,0.9,1.02,7.0,313.0,0.38013315185546875,False,PUT,2026-07-17,WFC
WFC260717P00070000,70.0,1.4,1.3,1.48,1.0,117.0,0.35108070800781244,False,PUT,2026-07-17,WFC
WFC260717P00075000,75.0,2.47,1.97,2.15,32.0,537.0,0.3242255078124999,False,PUT,2026-07-17,WFC
WFC260717P00077500,77.5,2.55,2.45,2.6,221.0,644.0,0.31201859863281245,False,PUT,2026-07-17,WFC
WFC260717P00080000,80.0,3.05,3.05,3.15,73.0,1537.0,0.3009103112792969,False,PUT,2026-07-17,WFC
WFC260717P00082500,82.5,3.9,3.65,3.9,3.0,305.0,0.2946847875976562,False,PUT,2026-07-17,WFC
WFC260717P00085000,85.0,4.65,4.5,4.7,30.0,871.0,0.28528546752929684,False,PUT,2026-07-17,WFC
WFC260717P00087500,87.5,5.65,5.4,5.8,2.0,344.0,0.28314925842285155,False,PUT,2026-07-17,WFC
WFC260717P00090000,90.0,6.75,6.4,6.95,51.0,161.0,0.27722890747070306,True,PUT,2026-07-17,WFC
WFC260717P00092500,92.5,8.1,7.9,8.2,11.0,150.0,0.2695385546875,True,PUT,2026-07-17,WFC
WFC260717P00095000,95.0,10.95,9.1,9.75,5.0,48.0,0.2683788983154296,True,PUT,2026-07-17,WFC
WFC260717P00097500,97.5,8.55,10.65,11.4,6.0,124.0,0.2657544128417969,True,PUT,2026-07-17,WFC
WFC260717P00100000,100.0,9.7,12.35,13.55,1.0,1.0,0.28040270385742183,True,PUT,2026-07-17,WFC
WFC260821C00070000,70.0,21.35,20.5,22.15,,1.0,0.387701435546875,True,CALL,2026-08-21,WFC
WFC260821C00075000,75.0,15.05,16.45,18.05,,1.0,0.36261623718261715,True,CALL,2026-08-21,WFC
WFC260821C00085000,85.0,8.57,10.05,10.7,,5.0,0.31372756591796874,True,CALL,2026-08-21,WFC
WFC260821C00087500,87.5,7.67,8.6,9.2,16.0,17.0,0.30597617858886716,True,CALL,2026-08-21,WFC
WFC260821C00090000,90.0,7.45,7.25,7.85,3.0,11.0,0.2995675512695312,False,CALL,2026-08-21,WFC
WFC260821C00092500,92.5,6.25,6.2,6.45,1.0,4.0,0.2868723657226562,False,CALL,2026-08-21,WFC
WFC260821C00095000,95.0,5.2,5.0,5.55,4.0,11.0,0.2884592639160155,False,CALL,2026-08-21,WFC
WFC260821C00097500,97.5,3.67,4.1,4.6,1.0,7.0,0.2836985693359374,False,CALL,2026-08-21,WFC
WFC260821C00100000,100.0,3.5,3.35,3.75,14.0,9.0,0.278327529296875,False,CALL,2026-08-21,WFC
WFC260821C00115000,115.0,0.87,0.8,1.07,,30.0,0.2695385546875,False,CALL,2026-08-21,WFC
WFC260821P00065000,65.0,1.34,1.08,1.28,4.0,23.0,0.3698793481445312,False,PUT,2026-08-21,WFC
WFC260821P00070000,70.0,1.67,1.58,1.79,2.0,1.0,0.3414372497558594,False,PUT,2026-08-21,WFC
WFC260821P00075000,75.0,2.45,2.43,2.6,72.0,47.0,0.32019722778320303,False,PUT,2026-08-21,WFC
WFC260821P00077500,77.5,3.05,2.89,3.15,1.0,4.0,0.31165239135742184,False,PUT,2026-08-21,WFC
WFC260821P00080000,80.0,3.7,3.45,3.75,51.0,36.0,0.30145962219238287,False,PUT,2026-08-21,WFC
WFC260821P00082500,82.5,4.45,4.2,4.6,2.0,12.0,0.2979196185302734,False,PUT,2026-08-21,WFC
WFC260821P00085000,85.0,5.3,5.05,5.5,6.0,13.0,0.2916330603027343,False,PUT,2026-08-21,WFC
WFC260821P00087500,87.5,6.3,5.95,6.45,3.0,2.0,0.2827220166015625,False,PUT,2026-08-21,WFC
WFC260918C00065000,65.0,23.98,25.1,26.8,1.0,132.0,0.4112607702636719,True,CALL,2026-09-18,WFC
WFC260918C00067500,67.5,29.89,22.95,24.6,15.0,185.0,0.39551385742187506,True,CALL,2026-09-18,WFC
WFC260918C00070000,70.0,20.56,20.9,22.45,25.0,300.0,0.3806214282226562,True,CALL,2026-09-18,WFC
WFC260918C00072500,72.5,18.3,18.75,20.35,7.0,782.0,0.366217275390625,True,CALL,2026-09-18,WFC
WFC260918C00075000,75.0,16.65,16.95,18.35,2.0,716.0,0.354376573486328,True,CALL,2026-09-18,WFC
WFC260918C00077500,77.5,15.7,15.0,16.4,1.0,1095.0,0.3419865606689453,True,CALL,2026-09-18,WFC
WFC260918C00080000,80.0,12.95,13.7,14.6,12.0,281.0,0.33301448242187504,True,CALL,2026-09-18,WFC
WFC260918C00082500,82.5,10.94,11.55,12.75,10.0,962.0,0.31879343322753895,True,CALL,2026-09-18,WFC
WFC260918C00085000,85.0,10.41,10.5,11.25,10.0,1029.0,0.3147041186523437,True,CALL,2026-09-18,WFC
WFC260918C00087500,87.5,8.38,9.1,9.7,10.0,457.0,0.30493859130859374,True,CALL,2026-09-18,WFC
WFC260918C00090000,90.0,7.75,7.8,8.2,26.0,1609.0,0.29328099304199207,False,CALL,2026-09-18,WFC
WFC260918C00092500,92.5,6.6,6.6,7.0,15.0,1502.0,0.28833719482421866,False,CALL,2026-09-18,WFC
WFC260918C00095000,95.0,5.79,5.6,5.85,17.0,968.0,0.28113511840820304,False,CALL,2026-09-18,WFC
WFC260918C00097500,97.5,4.6,4.55,5.05,12.0,329.0,0.28241684387207033,False,CALL,2026-09-18,WFC
WFC260918C00100000,100.0,3.8,3.85,4.15,17.0,3011.0,0.27625235473632803,False,CALL,2026-09-18,WFC
WFC260918C00105000,105.0,2.72,2.52,2.87,31.0,748.0,0.2722240747070312,False,CALL,2026-09-18,WFC
WFC260918C00110000,110.0,1.7,1.65,1.94,22.0,725.0,0.2690502783203125,False,CALL,2026-09-18,WFC
WFC260918C00115000,115.0,1.15,1.12,1.26,18.0,519.0,0.2650219982910156,False,CALL,2026-09-18,WFC
WFC260918P00065000,65.0,1.37,1.29,1.42,76.0,2921.0,0.3580386462402344,False,PUT,2026-09-18,WFC
WFC260918P00067500,67.5,1.55,1.52,1.7,52.0,902.0,0.3464420825195312,False,PUT,2026-09-18,WFC
WFC260918P00070000,70.0,2.03,1.85,2.06,23.0,6014.0,0.33704276245117193,False,PUT,2026-09-18,WFC
WFC260918P00072500,72.5,2.45,2.21,2.53,21.0,1151.0,0.3305731005859375,False,PUT,2026-09-18,WFC
WFC260918P00075000,75.0,2.95,2.63,2.97,20.0,3536.0,0.3188544677734374,False,PUT,2026-09-18,WFC
WFC260918P00077500,77.5,3.45,3.2,3.65,18.0,771.0,0.3150703259277343,False,PUT,2026-09-18,WFC
WFC260918P00080000,80.0,4.1,3.85,4.25,18.0,2574.0,0.3037789349365234,False,PUT,2026-09-18,WFC
WFC260918P00082500,82.5,5.05,4.65,4.95,17.0,1068.0,0.29321995849609367,False,PUT,2026-09-18,WFC
WFC260918P00085000,85.0,5.95,5.4,5.9,17.0,1434.0,0.2884592639160155,False,PUT,2026-09-18,WFC
WFC260918P00087500,87.5,7.05,6.4,6.9,1.0,446.0,0.28137925659179686,False,PUT,2026-09-18,WFC
WFC260918P00090000,90.0,9.1,7.45,8.1,15.0,288.0,0.27722890747070306,True,PUT,2026-09-18,WFC
WFC260918P00092500,92.5,9.5,8.75,9.4,50.0,643.0,0.27234614379882804,True,PUT,2026-09-18,WFC
WFC260918P00095000,95.0,11.07,10.1,10.85,2.0,302.0,0.2685009674072265,True,PUT,2026-09-18,WFC
WFC260918P00097500,97.5,12.7,11.6,12.4,2.0,82.0,0.2639844110107422,True,PUT,2026-09-18,WFC
WFC260918P00100000,100.0,13.8,13.25,14.1,1.0,42.0,0.26081061462402344,True,PUT,2026-09-18,WFC
WFC260918P00105000,105.0,19.8,12.95,0.0,2.0,4.0,1.0000000000000003e-05,True,PUT,2026-09-18,WFC
WFC260918P00110000,110.0,18.05,21.0,22.65,6.0,2.0,0.28626202026367187,True,PUT,2026-09-18,WFC
WFC260918P00115000,115.0,22.04,25.4,27.25,2.0,0.0,0.3011544494628906,True,PUT,2026-09-18,WFC
WFC261016C00090000,90.0,7.5,8.4,9.15,,1.0,0.3087227331542969,False,CALL,2026-10-16,WFC
WFC261016C00092500,92.5,6.1,7.2,7.95,1.0,6.0,0.30383996948242187,False,CALL,2026-10-16,WFC
WFC261016C00097500,97.5,5.12,5.15,5.75,,3.0,0.2906565075683593,False,CALL,2026-10-16,WFC
WFC261016C00100000,100.0,3.9,4.3,4.9,,5.0,0.28742167663574214,False,CALL,2026-10-16,WFC
WFC261016P00065000,65.0,1.67,1.43,1.68,8.0,22.0,0.3569400244140625,False,PUT,2026-10-16,WFC
WFC261016P00070000,70.0,2.58,2.1,2.36,114.0,130.0,0.3354558642578125,False,PUT,2026-10-16,WFC
WFC261016P00075000,75.0,3.4,2.99,3.35,1.0,11.0,0.31873239868164055,False,PUT,2026-10-16,WFC
WFC261016P00080000,80.0,5.35,4.2,4.7,,656.0,0.30463341857910153,False,PUT,2026-10-16,WFC
WFC261120C00070000,70.0,21.03,20.75,23.65,2.0,121.0,0.3943542010498047,True,CALL,2026-11-20,WFC
WFC261120C00085000,85.0,10.38,11.6,12.5,5.0,8.0,0.32019722778320303,True,CALL,2026-11-20,WFC
WFC261120C00090000,90.0,7.86,8.85,9.75,,10.0,0.3086616986083984,False,CALL,2026-11-20,WFC
WFC261120C00100000,100.0,5.1,4.9,5.45,9.0,4.0,0.28778788391113275,False,CALL,2026-11-20,WFC
WFC261120C00115000,115.0,1.54,1.59,2.11,14.0,21.0,0.27722890747070306,False,CALL,2026-11-20,WFC
WFC261120P00075000,75.0,4.2,3.35,3.75,,5.0,0.3161689477539062,False,PUT,2026-11-20,WFC
WFC261120P00080000,80.0,5.76,4.65,5.15,,1.0,0.3024361749267578,False,PUT,2026-11-20,WFC
WFC261120P00095000,95.0,13.2,11.05,11.9,,45.0,0.27118648742675777,True,PUT,2026-11-20,WFC
WFC261218C00065000,65.0,24.76,25.0,28.0,3.0,351.0,0.41235939208984373,True,CALL,2026-12-18,WFC
WFC261218C00067500,67.5,24.84,23.85,25.9,5.0,347.0,0.3986266192626954,True,CALL,2026-12-18,WFC
WFC261218C00070000,70.0,22.4,21.85,23.9,1.0,632.0,0.387701435546875,True,CALL,2026-12-18,WFC
WFC261218C00072500,72.5,21.0,19.0,21.4,1.0,78.0,0.35468174621582027,True,CALL,2026-12-18,WFC
WFC261218C00075000,75.0,17.77,17.2,20.1,3.0,620.0,0.36804831176757813,True,CALL,2026-12-18,WFC
WFC261218C00077500,77.5,17.02,16.35,18.1,7.0,260.0,0.35169105346679685,True,CALL,2026-12-18,WFC
WFC261218C00080000,80.0,14.2,15.05,16.4,4.0,2731.0,0.34400070068359373,True,CALL,2026-12-18,WFC
WFC261218C00082500,82.5,14.35,12.95,14.8,4.0,454.0,0.3371648315429688,True,CALL,2026-12-18,WFC
WFC261218C00085000,85.0,12.5,12.0,12.9,7.0,1480.0,0.31854929504394525,True,CALL,2026-12-18,WFC
WFC261218C00087500,87.5,10.7,10.55,11.4,1.0,1355.0,0.3103096313476562,True,CALL,2026-12-18,WFC
WFC261218C00090000,90.0,9.0,9.2,10.2,16.0,1765.0,0.30847859497070307,False,CALL,2026-12-18,WFC
WFC261218C00092500,92.5,7.7,8.0,8.95,51.0,362.0,0.3023751403808594,False,CALL,2026-12-18,WFC
WFC261218C00095000,95.0,6.9,7.1,7.6,5.0,374.0,0.2906565075683593,False,CALL,2026-12-18,WFC
WFC261218C00097500,97.5,5.6,5.95,6.65,10.0,84.0,0.2880930566406249,False,CALL,2026-12-18,WFC
WFC261218C00100000,100.0,5.3,5.2,5.65,1.0,1346.0,0.28125718749999995,False,CALL,2026-12-18,WFC
WFC261218C00105000,105.0,3.69,3.65,4.2,1.0,1151.0,0.2766185620117187,False,CALL,2026-12-18,WFC
WFC261218C00110000,110.0,2.6,2.59,3.05,2.0,1846.0,0.271918901977539,False,CALL,2026-12-18,WFC
WFC261218C00115000,115.0,1.74,1.82,2.36,240.0,871.0,0.2756420092773437,False,CALL,2026-12-18,WFC
WFC261218P00065000,65.0,2.13,1.82,2.1,1.0,537.0,0.34534346069335936,False,PUT,2026-12-18,WFC
WFC261218P00067500,67.5,2.34,2.17,2.47,5.0,2015.0,0.335944140625,False,PUT,2026-12-18,WFC
WFC261218P00070000,70.0,2.7,2.42,2.81,32.0,4429.0,0.3228827478027343,False,PUT,2026-12-18,WFC
WFC261218P00072500,72.5,3.23,3.1,3.3,50.0,2175.0,0.3145820495605468,False,PUT,2026-12-18,WFC
WFC261218P00075000,75.0,4.24,3.6,3.85,20.0,1564.0,0.3061592822265625,False,PUT,2026-12-18,WFC
WFC261218P00077500,77.5,4.72,4.2,4.65,1.0,2647.0,0.30451134948730463,False,PUT,2026-12-18,WFC
WFC261218P00080000,80.0,5.72,4.9,5.45,1.0,634.0,0.29944548217773437,False,PUT,2026-12-18,WFC
WFC261218P00082500,82.5,6.3,5.75,6.3,1.0,1293.0,0.2930978894042968,False,PUT,2026-12-18,WFC
WFC261218P00085000,85.0,7.0,6.65,7.1,1.0,1728.0,0.2823558093261719,False,PUT,2026-12-18,WFC
WFC261218P00087500,87.5,8.25,7.55,8.35,1.0,273.0,0.2827220166015625,False,PUT,2026-12-18,WFC
WFC261218P00090000,90.0,9.2,8.7,9.55,1.0,911.0,0.27838856384277344,True,PUT,2026-12-18,WFC
WFC261218P00092500,92.5,11.48,9.9,10.85,3.0,118.0,0.2740551110839844,True,PUT,2026-12-18,WFC
WFC261218P00095000,95.0,12.28,11.3,12.25,2.0,1078.0,0.2696606237792969,True,PUT,2026-12-18,WFC
WFC261218P00097500,97.5,13.35,13.0,13.4,1.0,43.0,0.2546461254882813,True,PUT,2026-12-18,WFC
WFC261218P00100000,100.0,15.48,14.35,15.4,2.0,54.0,0.2625195819091797,True,PUT,2026-12-18,WFC
WFC261218P00105000,105.0,17.94,0.0,0.0,2.0,3.0,1.0000000000000003e-05,True,PUT,2026-12-18,WFC
WFC261218P00110000,110.0,18.57,21.05,24.05,,1.0,0.295356167602539,True,PUT,2026-12-18,WFC
WFC270115C00065000,65.0,25.25,25.35,28.3,10.0,808.0,0.4097959411621094,True,CALL,2027-01-15,WFC
WFC270115C00067500,67.5,23.59,23.35,26.25,17.0,332.0,0.3978331701660156,True,CALL,2027-01-15,WFC
WFC270115C00070000,70.0,21.75,22.35,24.3,204.0,3104.0,0.3883117810058594,True,CALL,2027-01-15,WFC
WFC270115C00072500,72.5,19.8,20.45,22.0,6.0,443.0,0.3635927899169922,True,CALL,2027-01-15,WFC
WFC270115C00075000,75.0,19.1,19.1,20.4,1.0,3326.0,0.36389796264648444,True,CALL,2027-01-15,WFC
WFC270115C00077500,77.5,16.5,16.9,18.6,35.0,503.0,0.354376573486328,True,CALL,2027-01-15,WFC
WFC270115C00080000,80.0,16.05,15.65,16.45,6.0,2393.0,0.33161068786621095,True,CALL,2027-01-15,WFC
WFC270115C00082500,82.5,14.7,14.05,15.05,2.0,439.0,0.33124448059082034,True,CALL,2027-01-15,WFC
WFC270115C00085000,85.0,12.95,12.6,13.3,9.0,2862.0,0.31763377685546873,True,CALL,2027-01-15,WFC
WFC270115C00087500,87.5,11.45,11.2,11.75,12.0,796.0,0.3079292840576171,True,CALL,2027-01-15,WFC
WFC270115C00090000,90.0,10.2,9.95,10.4,27.0,4000.0,0.30167324310302734,False,CALL,2027-01-15,WFC
WFC270115C00092500,92.5,8.61,8.55,9.4,4.0,308.0,0.3029244512939453,False,CALL,2027-01-15,WFC
WFC270115C00095000,95.0,7.1,7.45,8.25,13.0,2651.0,0.29740082489013664,False,CALL,2027-01-15,WFC
WFC270115C00097500,97.5,7.0,6.75,7.2,7.0,533.0,0.29224340576171864,False,CALL,2027-01-15,WFC
WFC270115C00100000,100.0,6.0,5.8,6.2,109.0,4358.0,0.2860789166259765,False,CALL,2027-01-15,WFC
WFC270115C00105000,105.0,4.4,4.4,4.7,16.0,2426.0,0.2811961529541015,False,CALL,2027-01-15,WFC
WFC270115C00110000,110.0,3.27,3.1,3.45,295.0,2746.0,0.2749095947265625,False,CALL,2027-01-15,WFC
WFC270115C00115000,115.0,2.01,2.15,2.55,5.0,1091.0,0.27197993652343744,False,CALL,2027-01-15,WFC
WFC270115P00065000,65.0,2.2,2.07,2.29,1.0,12308.0,0.34168138793945313,False,PUT,2027-01-15,WFC
WFC270115P00067500,67.5,2.82,2.37,2.68,2.0,1039.0,0.33264827514648443,False,PUT,2027-01-15,WFC
WFC270115P00070000,70.0,3.05,2.8,3.05,25.0,5253.0,0.3205634350585937,False,PUT,2027-01-15,WFC
WFC270115P00072500,72.5,3.55,3.35,3.7,8.0,5429.0,0.3181220532226562,False,PUT,2027-01-15,WFC
WFC270115P00075000,75.0,4.05,3.95,4.15,47.0,7254.0,0.30512169494628905,False,PUT,2027-01-15,WFC
WFC270115P00077500,77.5,5.25,4.55,5.0,8.0,1881.0,0.30438928039550783,False,PUT,2027-01-15,WFC
WFC270115P00080000,80.0,5.45,5.35,5.55,323.0,5126.0,0.2905954730224609,False,PUT,2027-01-15,WFC
WFC270115P00082500,82.5,6.45,6.1,6.65,6.0,1078.0,0.2921213366699218,False,PUT,2027-01-15,WFC
WFC270115P00085000,85.0,7.1,7.1,7.35,3.0,2142.0,0.2784495983886719,False,PUT,2027-01-15,WFC
WFC270115P00087500,87.5,8.3,8.15,8.45,250.0,407.0,0.27417718017578124,False,PUT,2027-01-15,WFC
WFC270115P00090000,90.0,9.65,9.15,9.9,5.0,858.0,0.2771678729248046,True,PUT,2027-01-15,WFC
WFC270115P00092500,92.5,11.11,10.4,11.2,2.0,126.0,0.272895454711914,True,PUT,2027-01-15,WFC
WFC270115P00095000,95.0,13.28,11.45,12.6,73.0,454.0,0.2687451055908203,True,PUT,2027-01-15,WFC
WFC270115P00097500,97.5,11.01,13.15,14.1,20.0,146.0,0.26471682556152343,True,PUT,2027-01-15,WFC
WFC270115P00100000,100.0,12.0,14.7,15.85,53.0,127.0,0.2652661364746094,True,PUT,2027-01-15,WFC
WFC270115P00105000,105.0,15.5,18.15,20.1,5.0,98.0,0.28266098205566403,True,PUT,2027-01-15,WFC
WFC270115P00110000,110.0,27.18,25.7,27.9,,1.0,0.4046690393066406,True,PUT,2027-01-15,WFC
WFC270617C00065000,65.0,26.69,26.5,29.4,1.0,34.0,0.38385625915527344,True,CALL,2027-06-17,WFC
WFC270617C00067500,67.5,18.75,18.15,20.05,1.0,1.0,1.0000000000000003e-05,True,CALL,2027-06-17,WFC
WFC270617C00070000,70.0,24.2,22.7,25.65,1.0,51.0,0.3687807263183594,True,CALL,2027-06-17,WFC
WFC270617C00072500,72.5,27.73,20.9,23.9,100.0,111.0,0.36286037536621096,True,CALL,2027-06-17,WFC
WFC270617C00075000,75.0,20.93,20.2,22.5,200.0,1053.0,0.3654848608398438,True,CALL,2027-06-17,WFC
WFC270617C00077500,77.5,17.75,17.8,20.35,2.0,101.0,0.34491621887207036,True,CALL,2027-06-17,WFC
WFC270617C00080000,80.0,17.2,17.1,18.8,5.0,822.0,0.34003345520019534,True,CALL,2027-06-17,WFC
WFC270617C00082500,82.5,14.7,14.6,17.3,2.0,248.0,0.3347234497070312,True,CALL,2027-06-17,WFC
WFC270617C00085000,85.0,14.05,14.25,15.55,5.0,618.0,0.3216010223388671,True,CALL,2027-06-17,WFC
WFC270617C00087500,87.5,13.3,13.0,14.0,2.0,678.0,0.3120796331787109,True,CALL,2027-06-17,WFC
WFC270617C00090000,90.0,10.85,11.7,12.7,400.0,902.0,0.30713583496093744,False,CALL,2027-06-17,WFC
WFC270617C00092500,92.5,9.75,10.55,11.45,12.0,185.0,0.30170376037597657,False,CALL,2027-06-17,WFC
WFC270617C00095000,95.0,9.87,9.5,10.35,200.0,501.0,0.29822479125976553,False,CALL,2027-06-17,WFC
WFC270617C00097500,97.5,9.1,8.85,9.2,34.0,386.0,0.29181616394042953,False,CALL,2027-06-17,WFC
WFC270617C00100000,100.0,8.04,7.05,8.25,100.0,349.0,0.28852029846191396,False,CALL,2027-06-17,WFC
WFC270617C00105000,105.0,6.4,5.55,6.6,294.0,894.0,0.2830882238769531,False,CALL,2027-06-17,WFC
WFC270617C00110000,110.0,4.2,4.65,5.3,2.0,121.0,0.2802806347656249,False,CALL,2027-06-17,WFC
WFC270617C00115000,115.0,3.46,3.6,4.2,10.0,705.0,0.27698476928710936,False,CALL,2027-06-17,WFC
WFC270617P00065000,65.0,3.1,2.97,3.35,5.0,266.0,0.3300237896728515,False,PUT,2027-06-17,WFC
WFC270617P00067500,67.5,3.99,0.0,0.0,10.0,285.0,0.062509375,False,PUT,2027-06-17,WFC
WFC270617P00070000,70.0,4.2,4.0,4.25,5.0,445.0,0.31037066589355466,False,PUT,2027-06-17,WFC
WFC270617P00072500,72.5,5.35,4.55,5.0,33.0,863.0,0.3081734222412109,False,PUT,2027-06-17,WFC
WFC270617P00075000,75.0,5.7,5.25,5.7,550.0,668.0,0.3021920367431641,False,PUT,2027-06-17,WFC
WFC270617P00077500,77.5,6.21,5.95,6.5,5.0,114.0,0.29718720397949216,False,PUT,2027-06-17,WFC
WFC270617P00080000,80.0,7.33,6.75,7.35,5.0,1557.0,0.2916330603027343,False,PUT,2027-06-17,WFC
WFC270617P00082500,82.5,8.67,7.65,8.3,44.0,130.0,0.2868723657226562,False,PUT,2027-06-17,WFC
WFC270617P00085000,85.0,9.81,8.6,9.3,7.0,415.0,0.2814097738647461,False,PUT,2027-06-17,WFC
WFC270617P00087500,87.5,9.96,9.75,10.1,296.0,146.0,0.26923338195800783,False,PUT,2027-06-17,WFC
WFC270617P00090000,90.0,11.12,10.9,11.3,252.0,39.0,0.2650219982910156,True,PUT,2027-06-17,WFC
WFC270617P00092500,92.5,13.55,12.1,12.85,50.0,103.0,0.267158207397461,True,PUT,2027-06-17,WFC
WFC270617P00095000,95.0,13.7,13.5,13.8,34.0,76.0,0.2530287100219727,True,PUT,2027-06-17,WFC
WFC270617P00097500,97.5,16.54,14.3,16.1,,5.0,0.2691723474121094,True,PUT,2027-06-17,WFC
WFC270617P00100000,100.0,18.37,15.75,17.25,10.0,61.0,0.25592785095214843,True,PUT,2027-06-17,WFC
WFC270617P00105000,105.0,22.6,0.0,0.0,10.0,5.0,1.0000000000000003e-05,True,PUT,2027-06-17,WFC
WFC271217C00065000,65.0,28.5,27.8,30.7,11.0,33.0,0.36890279541015625,True,CALL,2027-12-17,WFC
WFC271217C00067500,67.5,24.0,23.45,26.1,1.0,3.0,0.27973132385253896,True,CALL,2027-12-17,WFC
WFC271217C00070000,70.0,24.25,25.2,27.25,1.0,92.0,0.3595645098876953,True,CALL,2027-12-17,WFC
WFC271217C00072500,72.5,24.25,23.6,25.45,1.0,4.0,0.351019673461914,True,CALL,2027-12-17,WFC
WFC271217C00075000,75.0,21.15,22.05,23.85,200.0,51.0,0.346411565246582,True,CALL,2027-12-17,WFC
WFC271217C00077500,77.5,27.17,20.5,22.3,5.0,115.0,0.3417424224853516,True,CALL,2027-12-17,WFC
WFC271217C00080000,80.0,20.01,19.05,21.0,3.0,205.0,0.3415593188476562,True,CALL,2027-12-17,WFC
WFC271217C00082500,82.5,17.03,16.75,19.85,2.0,138.0,0.343207251586914,True,CALL,2027-12-17,WFC
WFC271217C00085000,85.0,17.2,16.45,18.1,2.0,185.0,0.33045103149414057,True,CALL,2027-12-17,WFC
WFC271217C00087500,87.5,14.14,15.1,16.7,180.0,267.0,0.3242865423583984,True,CALL,2027-12-17,WFC
WFC271217C00090000,90.0,13.65,13.9,14.65,1.0,330.0,0.3035042794799804,False,CALL,2027-12-17,WFC
WFC271217C00092500,92.5,11.5,12.75,13.5,6.0,44.0,0.30048306945800785,False,CALL,2027-12-17,WFC
WFC271217C00095000,95.0,10.71,11.7,12.4,2.0,296.0,0.29724823852539056,False,CALL,2027-12-17,WFC
WFC271217C00097500,97.5,9.79,10.7,11.4,2.0,44.0,0.2948373739624023,False,CALL,2027-12-17,WFC
WFC271217C00100000,100.0,9.5,9.75,10.4,1.0,410.0,0.29123633575439445,False,CALL,2027-12-17,WFC
WFC271217C00105000,105.0,8.04,8.4,8.65,58.0,612.0,0.2856821920776367,False,CALL,2027-12-17,WFC
WFC271217C00110000,110.0,6.53,6.95,7.2,85.0,253.0,0.2819285675048828,False,CALL,2027-12-17,WFC
WFC271217C00115000,115.0,6.08,5.45,5.95,25.0,59.0,0.27829701202392576,False,CALL,2027-12-17,WFC
WFC271217P00065000,65.0,4.4,4.05,4.5,4.0,579.0,0.32080757324218745,False,PUT,2027-12-17,WFC
WFC271217P00067500,67.5,3.96,4.6,5.1,5.0,236.0,0.31482618774414056,False,PUT,2027-12-17,WFC
WFC271217P00070000,70.0,5.95,5.2,5.7,19.0,1207.0,0.30750204223632804,False,PUT,2027-12-17,WFC
WFC271217P00072500,72.5,6.5,5.9,6.4,20.0,445.0,0.3016122085571289,False,PUT,2027-12-17,WFC
WFC271217P00075000,75.0,7.06,6.6,6.85,58.0,160.0,0.2880930566406249,False,PUT,2027-12-17,WFC
WFC271217P00077500,77.5,8.5,7.4,7.7,65.0,162.0,0.28357650024414055,False,PUT,2027-12-17,WFC
WFC271217P00080000,80.0,9.42,8.3,8.6,5.0,268.0,0.2786937365722656,False,PUT,2027-12-17,WFC
WFC271217P00082500,82.5,10.4,9.2,9.6,10.0,270.0,0.27460442199707036,False,PUT,2027-12-17,WFC
WFC271217P00085000,85.0,11.5,10.2,10.55,10.0,234.0,0.268012691040039,False,PUT,2027-12-17,WFC
WFC271217P00087500,87.5,12.35,10.4,11.65,40.0,89.0,0.2632214791870118,False,PUT,2027-12-17,WFC
WFC271217P00090000,90.0,13.94,12.45,12.85,40.0,111.0,0.2590406127929688,True,PUT,2027-12-17,WFC
WFC271217P00092500,92.5,15.1,13.75,14.05,5.0,8.0,0.2534254345703125,True,PUT,2027-12-17,WFC
WFC271217P00095000,95.0,13.4,14.2,15.6,177.0,431.0,0.2535169863891602,True,PUT,2027-12-17,WFC
WFC271217P00097500,97.5,15.82,15.55,16.8,,5.0,0.2449721499633789,True,PUT,2027-12-17,WFC
WFC271217P00100000,100.0,19.75,17.05,19.2,,0.0,0.25962044097900394,True,PUT,2027-12-17,WFC
WFC271217P00105000,105.0,24.45,0.0,0.0,2.0,1.0,1.0000000000000003e-05,True,PUT,2027-12-17,WFC
WFC280121C00065000,65.0,30.07,29.4,31.05,2.0,140.0,0.370123486328125,True,CALL,2028-01-21,WFC
WFC280121C00070000,70.0,24.45,25.65,27.65,4.0,475.0,0.36121244262695307,True,CALL,2028-01-21,WFC
WFC280121C00072500,72.5,22.7,23.55,25.85,1.0,17.0,0.35242346801757807,True,CALL,2028-01-21,WFC
WFC280121C00075000,75.0,22.17,22.45,24.3,201.0,623.0,0.34870036071777344,True,CALL,2028-01-21,WFC
WFC280121C00077500,77.5,25.4,20.1,22.75,1.0,53.0,0.3436955279541015,True,CALL,2028-01-21,WFC
WFC280121C00080000,80.0,19.0,18.8,21.3,226.0,1481.0,0.3398503515625,True,CALL,2028-01-21,WFC
WFC280121C00082500,82.5,16.9,18.1,19.95,100.0,435.0,0.33695121063232425,True,CALL,2028-01-21,WFC
WFC280121C00085000,85.0,17.14,16.9,17.75,10.0,513.0,0.3149482568359374,True,CALL,2028-01-21,WFC
WFC280121C00087500,87.5,15.95,15.55,17.15,3.0,316.0,0.325629302368164,True,CALL,2028-01-21,WFC
WFC280121C00090000,90.0,13.4,14.35,15.95,10.0,998.0,0.32245550598144523,False,CALL,2028-01-21,WFC
WFC280121C00092500,92.5,18.2,13.2,14.75,4.0,258.0,0.31818308776855464,False,CALL,2028-01-21,WFC
WFC280121C00095000,95.0,12.1,12.15,13.05,10.0,988.0,0.30289393402099607,False,CALL,2028-01-21,WFC
WFC280121C00097500,97.5,10.41,11.15,12.05,51.0,38.0,0.30051358673095707,False,CALL,2028-01-21,WFC
WFC280121C00100000,100.0,10.84,10.2,11.05,6.0,326.0,0.29703461761474603,False,CALL,2028-01-21,WFC
WFC280121C00105000,105.0,7.9,8.55,9.3,3.0,382.0,0.29181616394042953,False,CALL,2028-01-21,WFC
WFC280121C00110000,110.0,7.6,7.1,7.7,45.0,223.0,0.2854685711669921,False,CALL,2028-01-21,WFC
WFC280121C00115000,115.0,5.92,5.9,6.55,5.0,39.0,0.284614087524414,False,CALL,2028-01-21,WFC
WFC280121P00065000,65.0,4.84,4.2,4.7,33.0,477.0,0.31915964050292955,False,PUT,2028-01-21,WFC
WFC280121P00070000,70.0,6.15,5.4,5.95,10.0,414.0,0.30676962768554683,False,PUT,2028-01-21,WFC
WFC280121P00072500,72.5,6.9,6.1,6.7,11.0,1117.0,0.3019478985595704,False,PUT,2028-01-21,WFC
WFC280121P00075000,75.0,7.3,6.85,7.4,1.0,180.0,0.2945016839599609,False,PUT,2028-01-21,WFC
WFC280121P00077500,77.5,8.79,7.65,8.25,42.0,59.0,0.28943581665039053,False,PUT,2028-01-21,WFC
WFC280121P00080000,80.0,8.7,8.55,9.15,6.0,626.0,0.2841868457031249,False,PUT,2028-01-21,WFC
WFC280121P00082500,82.5,10.7,8.55,10.85,10.0,353.0,0.29489840850830074,False,PUT,2028-01-21,WFC
WFC280121P00085000,85.0,11.72,10.45,11.95,4.0,755.0,0.2908396112060546,False,PUT,2028-01-21,WFC
WFC280121P00087500,87.5,12.15,11.55,12.25,1.0,269.0,0.2690807955932617,False,PUT,2028-01-21,WFC
WFC280121P00090000,90.0,14.35,11.85,14.25,32.0,28.0,0.280982532043457,True,PUT,2028-01-21,WFC
WFC280121P00092500,92.5,15.35,13.1,14.75,1.0,12.0,0.2612073391723633,True,PUT,2028-01-21,WFC
WFC280121P00095000,95.0,16.79,14.35,16.05,2.0,33.0,0.25623302368164064,True,PUT,2028-01-21,WFC
WFC280121P00097500,97.5,17.5,15.7,17.5,1.0,5.0,0.252937158203125,True,PUT,2028-01-21,WFC
WFC280121P00100000,100.0,19.95,17.15,19.85,12.0,18.0,0.26627320648193364,True,PUT,2028-01-21,WFC
WFC280121P00105000,105.0,23.4,20.2,23.0,,5.0,0.25843026733398444,True,PUT,2028-01-21,WFC
WFC280121P00110000,110.0,26.95,23.6,26.5,,5.0,0.25287612365722656,True,PUT,2028-01-21,WFC
WFC281215C00065000,65.0,29.93,30.05,33.25,4.0,11.0,0.3588931298828125,True,CALL,2028-12-15,WFC
WFC281215C00070000,70.0,27.6,27.6,30.45,12.0,17.0,0.3593203717041016,True,CALL,2028-12-15,WFC
WFC281215C00075000,75.0,24.03,24.0,26.95,12.0,19.0,0.3413151806640625,True,CALL,2028-12-15,WFC
WFC281215C00080000,80.0,22.55,21.45,24.15,1.0,7.0,0.3343572424316406,True,CALL,2028-12-15,WFC
WFC281215C00085000,85.0,18.86,18.8,21.6,3.0,10.0,0.32865051239013665,True,CALL,2028-12-15,WFC
WFC281215C00087500,87.5,18.22,17.7,20.5,2.0,42.0,0.3276434423828125,True,CALL,2028-12-15,WFC
WFC281215C00090000,90.0,16.95,16.6,19.3,1.0,74.0,0.324103438720703,False,CALL,2028-12-15,WFC
WFC281215C00092500,92.5,15.3,16.35,17.8,2.0,184.0,0.31482618774414056,False,CALL,2028-12-15,WFC
WFC281215C00095000,95.0,16.2,14.65,17.0,1.0,26.0,0.3165961895751953,False,CALL,2028-12-15,WFC
WFC281215C00097500,97.5,14.0,14.35,15.35,2.0,56.0,0.3035347967529296,False,CALL,2028-12-15,WFC
WFC281215C00100000,100.0,13.8,13.5,14.95,82.0,287.0,0.31046221771240234,False,CALL,2028-12-15,WFC
WFC281215C00105000,105.0,12.13,11.75,12.6,1.0,227.0,0.2966378930664062,False,CALL,2028-12-15,WFC
WFC281215C00110000,110.0,9.8,10.25,11.05,6.0,526.0,0.2933420275878905,False,CALL,2028-12-15,WFC
WFC281215C00115000,115.0,9.25,8.95,9.5,1.0,53.0,0.28742167663574214,False,CALL,2028-12-15,WFC
WFC281215P00065000,65.0,6.03,5.9,6.45,,246.0,0.30811238769531246,False,PUT,2028-12-15,WFC
WFC281215P00070000,70.0,7.9,7.25,7.7,280.0,310.0,0.29303685485839837,False,PUT,2028-12-15,WFC
WFC281215P00075000,75.0,9.5,8.8,9.5,30.0,501.0,0.2862009857177734,False,PUT,2028-12-15,WFC
WFC281215P00085000,85.0,14.0,11.65,13.45,1.0,2.0,0.26734131103515624,False,PUT,2028-12-15,WFC
WFC281215P00087500,87.5,14.45,12.75,14.6,2.0,17.0,0.263251996459961,False,PUT,2028-12-15,WFC
WFC281215P00090000,90.0,16.0,13.65,16.7,7.0,12.0,0.27423821472167964,True,PUT,2028-12-15,WFC
WFC281215P00092500,92.5,17.67,15.1,17.95,,1.0,0.2698132101440429,True,PUT,2028-12-15,WFC
WFC281215P00095000,95.0,18.8,16.1,19.25,2.0,5.0,0.26532717102050785,True,PUT,2028-12-15,WFC
WFC281215P00097500,97.5,20.5,17.7,20.65,,27.0,0.2616956155395508,True,PUT,2028-12-15,WFC
WFC281215P00100000,100.0,22.5,19.05,22.0,3.0,4.0,0.2563550927734375,True,PUT,2028-12-15,WFC
WIT260220C00002500,2.5,0.13,0.05,0.15,8.0,51.0,0.523442265625,True,CALL,2026-02-20,WIT
WIT260220P00002500,2.5,0.09,0.0,0.3,1.0,61.0,0.6640658593750002,False,PUT,2026-02-20,WIT
WIT260320C00002500,2.5,0.18,0.1,0.2,11.0,580.0,0.48438015625,True,CALL,2026-03-20,WIT
WIT260320P00002500,2.5,0.1,0.0,0.25,1.0,342.0,0.7148466015625,False,PUT,2026-03-20,WIT
WIT260618C00002500,2.5,0.28,0.2,0.25,13.0,222.0,0.3711000390625,True,CALL,2026-06-18,WIT
WIT260618P00002500,2.5,0.05,0.0,0.3,10.0,540.0,0.5117236328125,False,PUT,2026-06-18,WIT
WIT260918C00002500,2.5,0.3,0.25,0.55,1.0,37.0,0.6718782812500002,True,CALL,2026-09-18,WIT
WIT260918P00002500,2.5,0.25,0.0,0.45,40.0,50.0,0.58789474609375,False,PUT,2026-09-18,WIT
WMB260130C00048000,48.0,17.17,18.3,21.0,4.0,4.0,3.1523458691406248,True,CALL,2026-01-30,WMB
WMB260130C00049000,49.0,18.62,17.3,20.0,1.0,8.0,2.9960962597656247,True,CALL,2026-01-30,WMB
WMB260130C00050000,50.0,17.73,15.7,19.0,1.0,7.0,2.2343794140624995,True,CALL,2026-01-30,WMB
WMB260130C00051000,51.0,14.32,14.8,18.0,2.0,6.0,2.2343794140624995,True,CALL,2026-01-30,WMB
WMB260130C00052000,52.0,13.43,13.9,17.0,3.0,8.0,2.2070357324218746,True,CALL,2026-01-30,WMB
WMB260130C00053000,53.0,12.45,12.8,16.0,1.0,10.0,1.97265638671875,True,CALL,2026-01-30,WMB
WMB260130C00054000,54.0,13.58,11.4,15.0,1.0,3.0,3.5527354931640627,True,CALL,2026-01-30,WMB
WMB260130C00055000,55.0,12.42,10.4,13.9,2.0,3.0,3.281251796875,True,CALL,2026-01-30,WMB
WMB260130C00056000,56.0,11.52,10.6,13.0,2.0,2.0,2.128910927734375,True,CALL,2026-01-30,WMB
WMB260130C00058000,58.0,4.0,8.7,10.9,1.0,1.0,1.8261727441406248,True,CALL,2026-01-30,WMB
WMB260130C00059000,59.0,7.25,7.7,9.9,1.0,27.0,1.67578287109375,True,CALL,2026-01-30,WMB
WMB260130C00060000,60.0,7.3,6.7,7.5,654.0,781.0,1.224613251953125,True,CALL,2026-01-30,WMB
WMB260130C00061000,61.0,4.9,5.7,7.7,1.0,225.0,1.2861363818359375,True,CALL,2026-01-30,WMB
WMB260130C00062000,62.0,4.42,4.4,6.7,6.0,1392.0,1.0058643457031249,True,CALL,2026-01-30,WMB
WMB260130C00063000,63.0,4.5,3.8,4.3,19.0,419.0,0.5937540625000001,True,CALL,2026-01-30,WMB
WMB260130C00064000,64.0,2.5,2.2,3.9,60.0,195.0,0.9677737597656251,True,CALL,2026-01-30,WMB
WMB260130C00065000,65.0,2.25,2.05,2.45,30.0,320.0,0.49609878906250005,True,CALL,2026-01-30,WMB
WMB260130C00066000,66.0,1.7,1.05,1.65,1.0,69.0,0.4687553125,True,CALL,2026-01-30,WMB
WMB260130C00067000,67.0,0.69,0.45,0.7,35.0,86.0,0.29688203124999996,True,CALL,2026-01-30,WMB
WMB260130C00068000,68.0,0.25,0.1,0.3,15.0,76.0,0.3086006640625,False,CALL,2026-01-30,WMB
WMB260130C00070000,70.0,0.03,0.0,0.1,48.0,49.0,0.42578699218750005,False,CALL,2026-01-30,WMB
WMB260130P00050000,50.0,0.05,0.0,2.1,,6.0,3.6191415771484374,False,PUT,2026-01-30,WMB
WMB260130P00054000,54.0,0.35,0.0,2.1,2.0,4.0,2.9140652148437503,False,PUT,2026-01-30,WMB
WMB260130P00055000,55.0,0.1,0.0,0.05,1.0,58.0,1.21875390625,False,PUT,2026-01-30,WMB
WMB260130P00056000,56.0,0.05,0.0,2.1,1.0,10.0,2.572269194335937,False,PUT,2026-01-30,WMB
WMB260130P00057000,57.0,0.05,0.0,1.35,1.0,85.0,2.0625048437499998,False,PUT,2026-01-30,WMB
WMB260130P00058000,58.0,0.16,0.0,0.95,6.0,1307.0,1.7089858300781249,False,PUT,2026-01-30,WMB
WMB260130P00059000,59.0,0.11,0.0,2.1,1.0,44.0,2.0625048437499998,False,PUT,2026-01-30,WMB
WMB260130P00060000,60.0,0.05,0.0,0.5,4.0,32.0,1.1757853710937498,False,PUT,2026-01-30,WMB
WMB260130P00061000,61.0,0.07,0.0,0.75,43.0,189.0,1.1796916015624999,False,PUT,2026-01-30,WMB
WMB260130P00062000,62.0,0.6,0.0,0.8,1.0,24.0,1.0605515722656251,False,PUT,2026-01-30,WMB
WMB260130P00063000,63.0,0.09,0.0,0.55,2.0,38.0,0.80664255859375,False,PUT,2026-01-30,WMB
WMB260130P00064000,64.0,0.06,0.0,0.25,1.0,1102.0,0.523442265625,False,PUT,2026-01-30,WMB
WMB260130P00065000,65.0,0.54,0.0,0.2,5.0,9.0,0.46484910156250003,False,PUT,2026-01-30,WMB
WMB260130P00066000,66.0,0.06,0.1,0.25,1.0,6.0,0.352545537109375,False,PUT,2026-01-30,WMB
WMB260130P00067000,67.0,1.0,0.35,0.65,10.0,10.0,0.3789124609375,False,PUT,2026-01-30,WMB
WMB260130P00068000,68.0,9.21,0.95,1.4,,0.0,0.477544287109375,True,PUT,2026-01-30,WMB
WMB260206C00054000,54.0,6.35,11.7,14.3,,1.0,1.3916046044921875,True,CALL,2026-02-06,WMB
WMB260206C00055000,55.0,5.4,10.5,14.0,,1.0,0.6132851171875001,True,CALL,2026-02-06,WMB
WMB260206C00058000,58.0,2.8,7.5,11.0,,2.0,1.3134799951171874,True,CALL,2026-02-06,WMB
WMB260206C00059000,59.0,2.35,6.5,10.0,1.0,4.0,1.2236366943359376,True,CALL,2026-02-06,WMB
WMB260206C00060000,60.0,3.4,5.5,7.9,10.0,2.0,0.7587914746093751,True,CALL,2026-02-06,WMB
WMB260206C00061000,61.0,5.4,5.8,7.7,1.0,444.0,0.6269568554687501,True,CALL,2026-02-06,WMB
WMB260206C00062000,62.0,3.33,4.9,6.4,5.0,185.0,0.516606396484375,True,CALL,2026-02-06,WMB
WMB260206C00063000,63.0,5.1,3.9,4.7,2.0,103.0,0.46484910156250003,True,CALL,2026-02-06,WMB
WMB260206C00064000,64.0,4.3,3.1,3.7,1.0,702.0,0.3920959228515625,True,CALL,2026-02-06,WMB
WMB260206C00065000,65.0,2.39,2.3,2.75,11.0,74.0,0.331061376953125,True,CALL,2026-02-06,WMB
WMB260206C00066000,66.0,1.45,1.65,1.9,82.0,317.0,0.2876047802734374,True,CALL,2026-02-06,WMB
WMB260206C00067000,67.0,1.34,1.1,1.3,96.0,31.0,0.2836985693359374,True,CALL,2026-02-06,WMB
WMB260206C00068000,68.0,0.84,0.6,0.8,109.0,340.0,0.27197993652343744,False,CALL,2026-02-06,WMB
WMB260206C00069000,69.0,0.55,0.35,0.5,1.0,1.0,0.278327529296875,False,CALL,2026-02-06,WMB
WMB260206C00070000,70.0,0.31,0.15,0.3,49.0,195.0,0.2841868457031249,False,CALL,2026-02-06,WMB
WMB260206C00071000,71.0,0.1,0.1,0.45,25.0,29.0,0.397466962890625,False,CALL,2026-02-06,WMB
WMB260206P00052000,52.0,0.2,0.0,2.1,,8.0,1.5380882470703123,False,PUT,2026-02-06,WMB
WMB260206P00053000,53.0,0.25,0.0,2.1,,1.0,1.4560574072265624,False,PUT,2026-02-06,WMB
WMB260206P00055000,55.0,0.05,0.0,2.1,2.0,19.0,1.29297228515625,False,PUT,2026-02-06,WMB
WMB260206P00056000,56.0,0.45,0.0,0.5,10.0,51.0,0.79883013671875,False,PUT,2026-02-06,WMB
WMB260206P00057000,57.0,0.2,0.0,1.8,2.0,18.0,1.0712937060546879,False,PUT,2026-02-06,WMB
WMB260206P00058000,58.0,0.29,0.0,2.15,2.0,6.0,1.0620164086914063,False,PUT,2026-02-06,WMB
WMB260206P00059000,59.0,0.82,0.0,2.15,1.0,2.0,0.981445498046875,False,PUT,2026-02-06,WMB
WMB260206P00060000,60.0,0.14,0.0,0.1,5.0,27.0,0.44727115234375,False,PUT,2026-02-06,WMB
WMB260206P00061000,61.0,1.08,0.0,0.45,1.0,0.0,0.5888712988281251,False,PUT,2026-02-06,WMB
WMB260206P00062000,62.0,0.05,0.05,0.3,2.0,7.0,0.45606012695312503,False,PUT,2026-02-06,WMB
WMB260206P00063000,63.0,0.3,0.1,0.45,1.0,16.0,0.450200810546875,False,PUT,2026-02-06,WMB
WMB260206P00064000,64.0,0.22,0.2,0.3,1.0,16.0,0.3242255078124999,False,PUT,2026-02-06,WMB
WMB260206P00065000,65.0,0.35,0.35,0.45,12.0,24.0,0.30371790039062496,False,PUT,2026-02-06,WMB
WMB260206P00066000,66.0,0.95,0.55,0.7,52.0,57.0,0.29004616210937495,False,PUT,2026-02-06,WMB
WMB260213C00053000,53.0,7.98,12.6,16.2,2.0,0.0,0.6972686523437501,True,CALL,2026-02-13,WMB
WMB260213C00054000,54.0,7.01,11.6,15.2,2.0,0.0,0.6523472265625001,True,CALL,2026-02-13,WMB
WMB260213C00058000,58.0,4.23,7.7,10.9,,2.0,0.9599613378906249,True,CALL,2026-02-13,WMB
WMB260213C00059000,59.0,3.4,7.1,9.7,,0.0,0.8442398388671875,True,CALL,2026-02-13,WMB
WMB260213C00060000,60.0,6.3,7.1,8.6,1.0,27.0,0.5542036767578126,True,CALL,2026-02-13,WMB
WMB260213C00061000,61.0,4.3,4.9,8.4,1.0,24.0,0.870118486328125,True,CALL,2026-02-13,WMB
WMB260213C00062000,62.0,5.3,5.2,5.9,5.0,44.0,0.45752495605468757,True,CALL,2026-02-13,WMB
WMB260213C00063000,63.0,2.45,3.1,5.1,2.0,52.0,0.44873598144531246,True,CALL,2026-02-13,WMB
WMB260213C00064000,64.0,3.4,3.7,4.0,2.0,29.0,0.36475244628906256,True,CALL,2026-02-13,WMB
WMB260213C00065000,65.0,3.0,2.95,3.3,5.0,1318.0,0.36304347900390627,True,CALL,2026-02-13,WMB
WMB260213C00066000,66.0,2.66,2.2,2.55,12.0,77.0,0.3386296606445312,True,CALL,2026-02-13,WMB
WMB260213C00068000,68.0,1.35,1.35,1.5,8.0,19.0,0.331061376953125,False,CALL,2026-02-13,WMB
WMB260213C00070000,70.0,0.75,0.65,0.8,1.0,327.0,0.327155166015625,False,CALL,2026-02-13,WMB
WMB260213P00055000,55.0,0.1,0.0,1.05,52.0,71.0,0.780275634765625,False,PUT,2026-02-13,WMB
WMB260213P00056000,56.0,0.32,0.05,2.1,1.0,2.0,0.9169930175781251,False,PUT,2026-02-13,WMB
WMB260213P00057000,57.0,0.48,0.0,2.2,4.0,2.0,0.8642591699218749,False,PUT,2026-02-13,WMB
WMB260213P00058000,58.0,0.63,0.0,0.55,4.0,2.0,0.5195360546875,False,PUT,2026-02-13,WMB
WMB260213P00059000,59.0,1.0,0.05,0.55,3.0,5.0,0.579105771484375,False,PUT,2026-02-13,WMB
WMB260213P00060000,60.0,0.2,0.05,0.7,2.0,6.0,0.5722699023437501,False,PUT,2026-02-13,WMB
WMB260213P00061000,61.0,0.22,0.2,0.4,1239.0,1245.0,0.42529871582031253,False,PUT,2026-02-13,WMB
WMB260213P00062000,62.0,0.43,0.25,0.45,1.0,1.0,0.39063109375,False,PUT,2026-02-13,WMB
WMB260213P00063000,63.0,0.5,0.45,0.6,1.0,5.0,0.37793590820312495,False,PUT,2026-02-13,WMB
WMB260220C00050000,50.0,10.28,15.6,19.2,6.0,44.0,0.6972686523437501,True,CALL,2026-02-20,WMB
WMB260220C00055000,55.0,10.88,10.7,12.8,1.0,327.0,0.6728548339843752,True,CALL,2026-02-20,WMB
WMB260220C00060000,60.0,7.61,7.2,7.8,374.0,1657.0,0.44922425781249997,True,CALL,2026-02-20,WMB
WMB260220C00061000,61.0,4.05,6.3,6.9,,48.0,0.428716650390625,True,CALL,2026-02-20,WMB
WMB260220C00062000,62.0,3.5,5.4,6.0,6.0,14.0,0.40332627929687503,True,CALL,2026-02-20,WMB
WMB260220C00063000,63.0,4.35,4.5,6.5,41.0,146.0,0.6223182299804688,True,CALL,2026-02-20,WMB
WMB260220C00064000,64.0,4.28,3.9,4.2,2.0,28.0,0.340826904296875,True,CALL,2026-02-20,WMB
WMB260220C00065000,65.0,3.28,3.1,3.5,107.0,6544.0,0.335944140625,True,CALL,2026-02-20,WMB
WMB260220C00066000,66.0,2.8,2.5,2.8,24.0,5571.0,0.3210517114257812,True,CALL,2026-02-20,WMB
WMB260220C00067000,67.0,2.15,1.9,2.25,21.0,1822.0,0.3188544677734374,True,CALL,2026-02-20,WMB
WMB260220C00068000,68.0,1.65,1.5,1.75,164.0,924.0,0.313483427734375,False,CALL,2026-02-20,WMB
WMB260220C00069000,69.0,1.25,1.15,1.35,2.0,1781.0,0.3117744604492187,False,CALL,2026-02-20,WMB
WMB260220C00070000,70.0,1.0,0.85,1.05,48.0,806.0,0.31519239501953117,False,CALL,2026-02-20,WMB
WMB260220C00071000,71.0,0.59,0.55,0.8,213.0,451.0,0.3171455004882812,False,CALL,2026-02-20,WMB
WMB260220C00075000,75.0,0.18,0.15,0.4,41.0,56.0,0.3745179736328125,False,CALL,2026-02-20,WMB
WMB260220C00080000,80.0,0.2,0.0,0.75,10.0,30.0,0.5102588037109376,False,CALL,2026-02-20,WMB
WMB260220C00085000,85.0,0.05,0.0,0.0,,11.0,0.2500075,False,CALL,2026-02-20,WMB
WMB260220P00050000,50.0,0.1,0.0,0.2,1.0,1255.0,0.6210975390625001,False,PUT,2026-02-20,WMB
WMB260220P00053000,53.0,0.05,0.0,0.8,1.0,7.0,0.6889679541015626,False,PUT,2026-02-20,WMB
WMB260220P00055000,55.0,0.1,0.05,0.3,1.0,12120.0,0.5625043750000001,False,PUT,2026-02-20,WMB
WMB260220P00056000,56.0,0.21,0.0,0.5,,2504.0,0.500005,False,PUT,2026-02-20,WMB
WMB260220P00057000,57.0,0.2,0.05,0.6,100.0,102.0,0.5864299169921875,False,PUT,2026-02-20,WMB
WMB260220P00058000,58.0,0.25,0.05,0.6,229.0,506.0,0.5415084912109377,False,PUT,2026-02-20,WMB
WMB260220P00059000,59.0,0.4,0.05,0.7,127.0,213.0,0.523442265625,False,PUT,2026-02-20,WMB
WMB260220P00060000,60.0,0.21,0.1,0.35,23.0,2860.0,0.38086556640624997,False,PUT,2026-02-20,WMB
WMB260220P00061000,61.0,0.38,0.25,0.5,13.0,1889.0,0.38184211914062494,False,PUT,2026-02-20,WMB
WMB260220P00062000,62.0,0.59,0.35,0.6,282.0,630.0,0.36157864990234373,False,PUT,2026-02-20,WMB
WMB260220P00063000,63.0,0.85,0.5,0.75,270.0,618.0,0.34668622070312494,False,PUT,2026-02-20,WMB
WMB260220P00064000,64.0,0.8,0.65,1.0,23.0,736.0,0.34278000976562495,False,PUT,2026-02-20,WMB
WMB260220P00065000,65.0,1.27,0.9,1.25,255.0,752.0,0.3293524096679687,False,PUT,2026-02-20,WMB
WMB260227C00059000,59.0,3.6,6.8,10.5,,7.0,0.75586181640625,True,CALL,2026-02-27,WMB
WMB260227C00061000,61.0,3.27,5.0,7.9,41.0,44.0,0.5549360913085939,True,CALL,2026-02-27,WMB
WMB260227C00062000,62.0,4.1,4.3,7.8,1.0,30.0,0.6435582519531251,True,CALL,2026-02-27,WMB
WMB260227C00063000,63.0,3.2,3.4,7.0,5.0,6.0,0.6176796044921876,True,CALL,2026-02-27,WMB
WMB260227C00064000,64.0,3.93,4.1,4.4,1.0,16.0,0.3293524096679687,True,CALL,2026-02-27,WMB
WMB260227C00065000,65.0,3.5,3.3,3.7,1.0,2.0,0.3225165405273437,True,CALL,2026-02-27,WMB
WMB260227C00066000,66.0,2.95,2.8,3.1,2.0,856.0,0.32129584960937496,True,CALL,2026-02-27,WMB
WMB260227C00070000,70.0,1.0,1.0,1.25,1.0,23.0,0.304694453125,False,CALL,2026-02-27,WMB
WMB260227P00055000,55.0,0.53,0.0,0.75,2.0,2.0,0.5205126074218749,False,PUT,2026-02-27,WMB
WMB260227P00056000,56.0,0.57,0.0,1.05,,2.0,0.5312546875,False,PUT,2026-02-27,WMB
WMB260227P00058000,58.0,0.4,0.05,0.8,1.0,4.0,0.5219774365234374,False,PUT,2026-02-27,WMB
WMB260227P00063000,63.0,1.93,0.65,1.2,,1.0,0.3789124609375,False,PUT,2026-02-27,WMB
WMB260227P00065000,65.0,2.05,1.15,1.45,1.0,1.0,0.31690136230468746,False,PUT,2026-02-27,WMB
WMB260306C00063000,63.0,5.3,4.9,5.4,3.0,3.0,0.33960621337890623,True,CALL,2026-03-06,WMB
WMB260306C00072000,72.0,0.4,0.6,1.0,2.0,2.0,0.3122627368164062,False,CALL,2026-03-06,WMB
WMB260320C00050000,50.0,15.5,15.5,19.4,7.0,123.0,0.9294440649414062,True,CALL,2026-03-20,WMB
WMB260320C00055000,55.0,12.7,12.3,12.8,31.0,4013.0,0.45166563964843753,True,CALL,2026-03-20,WMB
WMB260320C00060000,60.0,8.1,7.6,8.3,19.0,1280.0,0.3806214282226562,True,CALL,2026-03-20,WMB
WMB260320C00065000,65.0,4.26,3.9,4.2,8.0,1915.0,0.3007882421875,True,CALL,2026-03-20,WMB
WMB260320C00070000,70.0,1.58,1.5,1.65,104.0,7054.0,0.2766185620117187,False,CALL,2026-03-20,WMB
WMB260320C00075000,75.0,0.6,0.45,0.6,2.0,729.0,0.28565167480468745,False,CALL,2026-03-20,WMB
WMB260320C00080000,80.0,0.3,0.0,0.75,20.0,38.0,0.41602146484374997,False,CALL,2026-03-20,WMB
WMB260320C00085000,85.0,0.1,0.0,0.0,10.0,20.0,0.12500875,False,CALL,2026-03-20,WMB
WMB260320P00050000,50.0,0.2,0.0,0.75,1.0,3202.0,0.5419967675781252,False,PUT,2026-03-20,WMB
WMB260320P00055000,55.0,0.25,0.2,0.3,3.0,6169.0,0.37744763183593744,False,PUT,2026-03-20,WMB
WMB260320P00060000,60.0,0.65,0.6,0.75,102.0,3390.0,0.3288641333007812,False,PUT,2026-03-20,WMB
WMB260320P00065000,65.0,1.95,1.85,2.0,122.0,542.0,0.3020089331054688,False,PUT,2026-03-20,WMB
WMB260320P00070000,70.0,4.4,4.2,4.8,9.0,47.0,0.31445998046874996,True,PUT,2026-03-20,WMB
WMB260320P00075000,75.0,16.6,16.2,20.2,1.0,0.0,1.3315463110351557,True,PUT,2026-03-20,WMB
WMB260417C00055000,55.0,11.38,12.1,14.6,4.0,10.0,0.6059609716796877,True,CALL,2026-04-17,WMB
WMB260417C00060000,60.0,8.5,7.9,8.7,1.0,117.0,0.35071450073242183,True,CALL,2026-04-17,WMB
WMB260417C00065000,65.0,4.8,4.3,4.8,250.0,406.0,0.2924875439453124,True,CALL,2026-04-17,WMB
WMB260417C00070000,70.0,2.6,1.95,2.4,2.0,1342.0,0.2849192602539062,False,CALL,2026-04-17,WMB
WMB260417C00075000,75.0,1.0,0.8,1.15,1.0,77.0,0.29273168212890616,False,CALL,2026-04-17,WMB
WMB260417P00055000,55.0,0.52,0.3,0.75,11.0,60.0,0.39038695556640624,False,PUT,2026-04-17,WMB
WMB260417P00060000,60.0,0.9,0.9,1.3,20.0,108.0,0.32996275512695306,False,PUT,2026-04-17,WMB
WMB260417P00065000,65.0,2.4,2.35,2.55,182.0,78.0,0.2893137475585937,False,PUT,2026-04-17,WMB
WMB260515C00050000,50.0,16.43,17.1,17.8,1.0,19.0,0.4184628466796875,True,CALL,2026-05-15,WMB
WMB260515C00055000,55.0,8.75,11.4,14.8,1.0,61.0,0.540287800292969,True,CALL,2026-05-15,WMB
WMB260515C00060000,60.0,8.7,8.4,8.9,3.0,848.0,0.3197089514160155,True,CALL,2026-05-15,WMB
WMB260515C00065000,65.0,5.1,5.0,5.5,22.0,514.0,0.301764794921875,True,CALL,2026-05-15,WMB
WMB260515C00070000,70.0,2.76,2.6,2.9,59.0,4372.0,0.28003649658203117,False,CALL,2026-05-15,WMB
WMB260515C00075000,75.0,1.32,1.2,1.45,6.0,266.0,0.2778392529296875,False,CALL,2026-05-15,WMB
WMB260515C00080000,80.0,0.65,0.55,0.7,11.0,368.0,0.28125718749999995,False,CALL,2026-05-15,WMB
WMB260515C00085000,85.0,0.3,0.2,0.45,9.0,214.0,0.30762411132812495,False,CALL,2026-05-15,WMB
WMB260515P00050000,50.0,0.72,0.05,0.75,1.0,49.0,0.44727115234375,False,PUT,2026-05-15,WMB
WMB260515P00055000,55.0,0.54,0.45,0.75,1.0,676.0,0.3354558642578125,False,PUT,2026-05-15,WMB
WMB260515P00060000,60.0,1.4,1.3,1.45,3.0,324.0,0.297736514892578,False,PUT,2026-05-15,WMB
WMB260515P00065000,65.0,2.85,2.7,3.2,7.0,125.0,0.2954172021484375,False,PUT,2026-05-15,WMB
WMB260618C00050000,50.0,13.7,16.1,19.7,1.0,344.0,0.5888712988281251,True,CALL,2026-06-18,WMB
WMB260618C00055000,55.0,12.4,12.8,15.1,48.0,138.0,0.49573258178710944,True,CALL,2026-06-18,WMB
WMB260618C00060000,60.0,7.4,8.8,9.4,7.0,2606.0,0.31702343139648437,True,CALL,2026-06-18,WMB
WMB260618C00065000,65.0,5.8,5.5,6.0,1.0,1262.0,0.29407444213867184,True,CALL,2026-06-18,WMB
WMB260618C00070000,70.0,3.4,3.2,3.6,60.0,5555.0,0.28650615844726557,False,CALL,2026-06-18,WMB
WMB260618C00075000,75.0,1.81,1.7,1.85,4.0,997.0,0.2708813146972656,False,CALL,2026-06-18,WMB
WMB260618C00080000,80.0,0.9,0.75,0.95,12.0,93.0,0.2699047619628906,False,CALL,2026-06-18,WMB
WMB260618C00085000,85.0,0.19,0.25,0.85,1.0,144.0,0.317389638671875,False,CALL,2026-06-18,WMB
WMB260618P00050000,50.0,0.5,0.3,0.75,2.0,478.0,0.389654541015625,False,PUT,2026-06-18,WMB
WMB260618P00055000,55.0,1.3,0.7,1.25,5.0,567.0,0.3479069116210937,False,PUT,2026-06-18,WMB
WMB260618P00060000,60.0,2.45,1.75,2.15,36.0,371.0,0.3142158422851562,False,PUT,2026-06-18,WMB
WMB260618P00065000,65.0,3.4,3.3,3.8,247.0,488.0,0.29480685668945306,False,PUT,2026-06-18,WMB
WMB260821C00055000,55.0,6.78,12.1,15.7,1.0,5.0,0.45166563964843753,True,CALL,2026-08-21,WMB
WMB260821C00060000,60.0,8.09,9.4,10.2,3.0,20.0,0.31165239135742184,True,CALL,2026-08-21,WMB
WMB260821C00065000,65.0,6.85,6.3,7.0,2.0,15.0,0.2954172021484375,True,CALL,2026-08-21,WMB
WMB260821C00070000,70.0,4.13,3.9,4.7,1.0,646.0,0.29267064758300776,False,CALL,2026-08-21,WMB
WMB260821C00075000,75.0,1.75,2.3,3.0,1.0,6.0,0.28882547119140617,False,CALL,2026-08-21,WMB
WMB260821C00080000,80.0,1.28,0.95,1.95,1.0,29.0,0.292853751220703,False,CALL,2026-08-21,WMB
WMB260821C00085000,85.0,0.4,0.6,1.25,1.0,4.0,0.29651582397460935,False,CALL,2026-08-21,WMB
WMB260821P00050000,50.0,1.05,0.55,1.15,10.0,21.0,0.3679262426757813,False,PUT,2026-08-21,WMB
WMB260821P00055000,55.0,1.47,1.05,1.75,10.0,14.0,0.3288641333007812,False,PUT,2026-08-21,WMB
WMB260821P00060000,60.0,3.75,2.0,3.0,4.0,6.0,0.31238480590820306,False,PUT,2026-08-21,WMB
WMB260821P00065000,65.0,7.2,3.6,4.7,3.0,3.0,0.2910227148437499,False,PUT,2026-08-21,WMB
WMB260918C00050000,50.0,12.64,0.0,0.0,10.0,27.0,1.0000000000000003e-05,True,CALL,2026-09-18,WMB
WMB260918C00055000,55.0,11.4,12.4,16.0,1.0,116.0,0.4422663195800781,True,CALL,2026-09-18,WMB
WMB260918C00060000,60.0,9.3,9.7,10.5,11.0,394.0,0.3089668713378906,True,CALL,2026-09-18,WMB
WMB260918C00065000,65.0,7.0,6.7,7.3,4.0,286.0,0.2916330603027343,True,CALL,2026-09-18,WMB
WMB260918C00070000,70.0,3.61,3.7,5.0,29.0,555.0,0.2885813330078124,False,CALL,2026-09-18,WMB
WMB260918C00075000,75.0,1.85,2.05,3.3,1.0,61.0,0.2859568475341796,False,CALL,2026-09-18,WMB
WMB260918C00080000,80.0,1.7,1.65,1.85,1.0,42.0,0.2688061401367187,False,CALL,2026-09-18,WMB
WMB260918C00085000,85.0,0.3,0.7,1.05,,25.0,0.26306889282226564,False,CALL,2026-09-18,WMB
WMB260918P00050000,50.0,1.5,0.65,1.3,1.0,41.0,0.35938140625,False,PUT,2026-09-18,WMB
WMB260918P00055000,55.0,2.9,1.25,2.05,1.0,64.0,0.32971861694335935,False,PUT,2026-09-18,WMB
WMB260918P00060000,60.0,3.0,2.2,3.3,37.0,65.0,0.3096992858886719,False,PUT,2026-09-18,WMB
WMB260918P00065000,65.0,5.1,4.4,4.8,1.0,302.0,0.277778218383789,False,PUT,2026-09-18,WMB
WMB260918P00070000,70.0,12.69,10.1,11.5,,1.0,0.462041512451172,True,PUT,2026-09-18,WMB
WMB261218C00055000,55.0,14.0,13.0,16.2,3.0,21.0,0.3853821228027343,True,CALL,2026-12-18,WMB
WMB261218C00060000,60.0,9.7,10.3,11.3,1.0,18.0,0.2990792749023437,True,CALL,2026-12-18,WMB
WMB261218C00065000,65.0,6.24,7.6,8.4,12.0,98.0,0.29224340576171864,True,CALL,2026-12-18,WMB
WMB261218C00070000,70.0,5.71,5.2,6.0,4.0,91.0,0.2843089147949218,False,CALL,2026-12-18,WMB
WMB261218C00075000,75.0,3.5,3.7,4.1,1.0,183.0,0.2758861474609374,False,CALL,2026-12-18,WMB
WMB261218C00080000,80.0,2.4,2.35,2.85,1.0,55.0,0.275825112915039,False,CALL,2026-12-18,WMB
WMB261218C00085000,85.0,1.05,0.95,2.15,1.0,7.0,0.2863230548095703,False,CALL,2026-12-18,WMB
WMB261218P00050000,50.0,1.45,1.0,1.85,4.0,313.0,0.3455875988769531,False,PUT,2026-12-18,WMB
WMB261218P00055000,55.0,3.44,1.75,2.8,35.0,89.0,0.32227240234374993,False,PUT,2026-12-18,WMB
WMB261218P00060000,60.0,6.5,3.2,4.2,5.0,17.0,0.3043282458496094,False,PUT,2026-12-18,WMB
WMB261218P00065000,65.0,5.61,5.2,6.1,3.0,5.0,0.28882547119140617,False,PUT,2026-12-18,WMB
WMB261218P00080000,80.0,19.47,14.3,15.3,,1.0,0.2603833728027344,True,PUT,2026-12-18,WMB
WMB270115C00050000,50.0,17.48,17.5,19.4,1.0,351.0,0.3536441589355468,True,CALL,2027-01-15,WMB
WMB270115C00055000,55.0,13.11,14.3,15.6,101.0,964.0,0.3394841442871094,True,CALL,2027-01-15,WMB
WMB270115C00060000,60.0,11.17,10.6,11.5,15.0,924.0,0.29566134033203123,True,CALL,2027-01-15,WMB
WMB270115C00065000,65.0,8.2,7.2,8.7,10.0,2819.0,0.29218237121582025,True,CALL,2027-01-15,WMB
WMB270115C00070000,70.0,6.0,5.5,6.2,66.0,1509.0,0.2803416693115234,False,CALL,2027-01-15,WMB
WMB270115C00075000,75.0,4.0,3.9,4.2,80.0,845.0,0.2686230364990234,False,CALL,2027-01-15,WMB
WMB270115C00080000,80.0,2.6,2.5,3.2,10.0,488.0,0.2797923583984374,False,CALL,2027-01-15,WMB
WMB270115C00085000,85.0,1.89,1.65,2.0,20.0,484.0,0.26709717285156254,False,CALL,2027-01-15,WMB
WMB270115P00050000,50.0,1.7,1.1,2.0,10.0,874.0,0.3415593188476562,False,PUT,2027-01-15,WMB
WMB270115P00055000,55.0,2.8,1.9,3.0,100.0,325.0,0.3197089514160155,False,PUT,2027-01-15,WMB
WMB270115P00060000,60.0,4.25,3.0,4.5,10.0,191.0,0.30512169494628905,False,PUT,2027-01-15,WMB
WMB270115P00065000,65.0,5.04,4.8,6.4,2.0,1594.0,0.28888650573730457,False,PUT,2027-01-15,WMB
WMB270115P00070000,70.0,11.4,0.0,0.0,2.0,25.0,1.0000000000000003e-05,True,PUT,2027-01-15,WMB
WMB270115P00075000,75.0,18.19,16.3,21.0,,1.0,0.5241136456298827,True,PUT,2027-01-15,WMB
WMB270115P00085000,85.0,31.0,27.0,32.0,1.0,0.0,0.6625399957275393,True,PUT,2027-01-15,WMB
WMB280121C00050000,50.0,20.5,19.0,21.6,3.0,90.0,0.33661552062988287,True,CALL,2028-01-21,WMB
WMB280121C00055000,55.0,16.49,15.5,19.5,1.0,67.0,0.3681093463134766,True,CALL,2028-01-21,WMB
WMB280121C00060000,60.0,14.2,12.1,14.8,3.0,142.0,0.3053047985839844,True,CALL,2028-01-21,WMB
WMB280121C00065000,65.0,10.2,9.5,12.7,100.0,154.0,0.31391066955566405,True,CALL,2028-01-21,WMB
WMB280121C00070000,70.0,7.72,7.0,11.5,3.0,831.0,0.3365544860839844,False,CALL,2028-01-21,WMB
WMB280121C00075000,75.0,6.0,5.3,8.9,3.0,44.0,0.313483427734375,False,CALL,2028-01-21,WMB
WMB280121C00080000,80.0,5.23,3.5,7.2,1.0,5.0,0.30725790405273434,False,CALL,2028-01-21,WMB
WMB280121C00085000,85.0,2.85,0.1,3.6,,2.0,0.23841093627929685,False,CALL,2028-01-21,WMB
WMB280121P00050000,50.0,3.5,2.1,4.5,2.0,50.0,0.3411931115722656,False,PUT,2028-01-21,WMB
WMB280121P00060000,60.0,6.8,4.0,7.3,1.0,265.0,0.2970041003417968,False,PUT,2028-01-21,WMB
WMB280121P00065000,65.0,11.09,6.5,10.6,1.0,3.0,0.3173286041259765,False,PUT,2028-01-21,WMB
WMB280121P00070000,70.0,12.8,12.0,14.8,,3.0,0.3505924316406249,True,PUT,2028-01-21,WMB
WMT260130C00090000,90.0,29.9,25.35,29.2,1.0,5.0,3.3603531616210933,True,CALL,2026-01-30,WMT
WMT260130C00095000,95.0,23.62,20.3,24.2,,1.0,2.8603544116210937,True,CALL,2026-01-30,WMT
WMT260130C00098000,98.0,19.01,17.45,21.2,1.0,4.0,2.5654332739257812,True,CALL,2026-01-30,WMT
WMT260130C00099000,99.0,17.86,16.45,20.1,1.0,3.0,2.4179727050781246,True,CALL,2026-01-30,WMT
WMT260130C00100000,100.0,17.46,16.85,17.8,14.0,24.0,1.5527366113281247,True,CALL,2026-01-30,WMT
WMT260130C00101000,101.0,18.47,14.45,18.2,1.0,5.0,2.2724652563476564,True,CALL,2026-01-30,WMT
WMT260130C00102000,102.0,16.45,13.45,17.2,20.0,5.0,2.1748092504882814,True,CALL,2026-01-30,WMT
WMT260130C00104000,104.0,13.39,12.3,14.05,2.0,24.0,1.4150419873046878,True,CALL,2026-01-30,WMT
WMT260130C00105000,105.0,11.53,10.45,12.5,55.0,74.0,0.92187578125,True,CALL,2026-01-30,WMT
WMT260130C00106000,106.0,10.82,9.9,11.55,7.0,29.0,0.9082040429687499,True,CALL,2026-01-30,WMT
WMT260130C00107000,107.0,9.8,8.95,10.65,5.0,20.0,0.9238288867187501,True,CALL,2026-01-30,WMT
WMT260130C00108000,108.0,8.75,8.0,9.55,1.0,95.0,0.7753928710937501,True,CALL,2026-01-30,WMT
WMT260130C00109000,109.0,7.55,7.35,8.6,2.0,123.0,0.7460962890625,True,CALL,2026-01-30,WMT
WMT260130C00110000,110.0,7.04,6.9,7.6,32.0,187.0,0.6757844921875001,True,CALL,2026-01-30,WMT
WMT260130C00111000,111.0,6.5,5.8,6.6,18.0,90.0,0.6054726953125001,True,CALL,2026-01-30,WMT
WMT260130C00112000,112.0,5.06,4.65,5.8,1.0,197.0,0.63867548828125,True,CALL,2026-01-30,WMT
WMT260130C00113000,113.0,4.21,4.0,4.6,15.0,619.0,0.45898978515625005,True,CALL,2026-01-30,WMT
WMT260130C00114000,114.0,3.13,3.35,3.55,395.0,375.0,0.35742830078125,True,CALL,2026-01-30,WMT
WMT260130C00115000,115.0,2.51,2.51,2.65,686.0,929.0,0.32520206054687495,True,CALL,2026-01-30,WMT
WMT260130C00116000,116.0,1.7,1.69,1.74,459.0,2171.0,0.26758544921875,True,CALL,2026-01-30,WMT
WMT260130C00117000,117.0,0.95,0.92,0.97,1871.0,3595.0,0.22852333984375,True,CALL,2026-01-30,WMT
WMT260130C00118000,118.0,0.44,0.43,0.46,2153.0,3190.0,0.2148516015625,False,CALL,2026-01-30,WMT
WMT260130C00119000,119.0,0.17,0.15,0.19,1663.0,2045.0,0.21289849609375,False,CALL,2026-01-30,WMT
WMT260130C00120000,120.0,0.06,0.05,0.06,1623.0,4725.0,0.20899228515624996,False,CALL,2026-01-30,WMT
WMT260130C00121000,121.0,0.02,0.02,0.03,231.0,1273.0,0.23242955078125,False,CALL,2026-01-30,WMT
WMT260130C00122000,122.0,0.02,0.01,0.02,222.0,1007.0,0.26563234375,False,CALL,2026-01-30,WMT
WMT260130C00123000,123.0,0.01,0.0,0.03,9.0,1155.0,0.33008482421874996,False,CALL,2026-01-30,WMT
WMT260130C00124000,124.0,0.01,0.0,0.01,7.0,14230.0,0.32031929687499994,False,CALL,2026-01-30,WMT
WMT260130C00125000,125.0,0.01,0.0,0.01,2.0,2284.0,0.35938140625,False,CALL,2026-01-30,WMT
WMT260130C00126000,126.0,0.01,0.0,0.01,9.0,297.0,0.4062559375,False,CALL,2026-01-30,WMT
WMT260130C00127000,127.0,0.01,0.0,0.01,2.0,124.0,0.437505625,False,CALL,2026-01-30,WMT
WMT260130C00128000,128.0,0.01,0.0,0.01,15.0,259.0,0.476567734375,False,CALL,2026-01-30,WMT
WMT260130C00129000,129.0,0.01,0.0,0.05,11.0,43.0,0.57812921875,False,CALL,2026-01-30,WMT
WMT260130C00130000,130.0,0.05,0.0,0.03,1.0,615.0,0.57812921875,False,CALL,2026-01-30,WMT
WMT260130C00131000,131.0,0.07,0.0,0.06,,2.0,0.6757844921875001,False,CALL,2026-01-30,WMT
WMT260130C00132000,132.0,0.01,0.0,0.48,2.0,2.0,1.01953615234375,False,CALL,2026-01-30,WMT
WMT260130C00135000,135.0,0.02,0.0,0.02,1.0,98.0,0.73437765625,False,CALL,2026-01-30,WMT
WMT260130P00085000,85.0,0.02,0.0,0.03,1.0,87.0,1.640626796875,False,PUT,2026-01-30,WMT
WMT260130P00090000,90.0,0.01,0.0,0.01,1.0,29.0,1.2500037499999999,False,PUT,2026-01-30,WMT
WMT260130P00095000,95.0,0.05,0.0,0.05,90.0,93.0,1.1875040625,False,PUT,2026-01-30,WMT
WMT260130P00098000,98.0,1.06,0.0,2.13,1.0,38.0,2.1298874877929688,False,PUT,2026-01-30,WMT
WMT260130P00099000,99.0,0.2,0.0,1.14,,1.0,1.712892060546875,False,PUT,2026-01-30,WMT
WMT260130P00100000,100.0,0.04,0.0,1.06,12.0,124.0,1.6044941650390623,False,PUT,2026-01-30,WMT
WMT260130P00101000,101.0,0.03,0.0,0.01,1.0,275.0,0.7187528125,False,PUT,2026-01-30,WMT
WMT260130P00102000,102.0,0.01,0.0,0.02,1.0,531.0,0.73437765625,False,PUT,2026-01-30,WMT
WMT260130P00103000,103.0,0.21,0.0,0.15,1.0,107.0,0.9101571484375,False,PUT,2026-01-30,WMT
WMT260130P00104000,104.0,0.02,0.0,0.27,2.0,224.0,0.94726615234375,False,PUT,2026-01-30,WMT
WMT260130P00105000,105.0,0.01,0.0,0.05,1.0,653.0,0.6718782812500002,False,PUT,2026-01-30,WMT
WMT260130P00106000,106.0,0.01,0.0,0.29,6.0,739.0,0.8359391406249999,False,PUT,2026-01-30,WMT
WMT260130P00107000,107.0,0.02,0.0,0.03,2.0,242.0,0.5312546875,False,PUT,2026-01-30,WMT
WMT260130P00108000,108.0,0.04,0.01,0.06,7.0,451.0,0.5507857421875001,False,PUT,2026-01-30,WMT
WMT260130P00109000,109.0,0.01,0.0,0.03,14.0,388.0,0.48438015625,False,PUT,2026-01-30,WMT
WMT260130P00110000,110.0,0.02,0.0,0.06,115.0,2324.0,0.48828636718750007,False,PUT,2026-01-30,WMT
WMT260130P00111000,111.0,0.02,0.01,0.03,24.0,834.0,0.38281867187499996,False,PUT,2026-01-30,WMT
WMT260130P00112000,112.0,0.04,0.02,0.07,47.0,1422.0,0.38477177734374995,False,PUT,2026-01-30,WMT
WMT260130P00113000,113.0,0.05,0.03,0.05,198.0,5707.0,0.30274134765625,False,PUT,2026-01-30,WMT
WMT260130P00114000,114.0,0.09,0.07,0.1,210.0,1324.0,0.28711650390624993,False,PUT,2026-01-30,WMT
WMT260130P00115000,115.0,0.15,0.14,0.18,585.0,4284.0,0.264655791015625,False,PUT,2026-01-30,WMT
WMT260130P00116000,116.0,0.33,0.26,0.31,983.0,1480.0,0.23438265625,False,PUT,2026-01-30,WMT
WMT260130P00117000,117.0,0.56,0.53,0.61,856.0,3910.0,0.2211991943359375,False,PUT,2026-01-30,WMT
WMT260130P00118000,118.0,1.17,1.01,1.1,621.0,960.0,0.20703917968749996,True,PUT,2026-01-30,WMT
WMT260130P00119000,119.0,1.98,1.71,2.26,71.0,521.0,0.35986968261718744,True,PUT,2026-01-30,WMT
WMT260130P00120000,120.0,2.77,2.55,3.25,11.0,1242.0,0.44824770507812495,True,PUT,2026-01-30,WMT
WMT260130P00121000,121.0,4.93,3.45,4.25,2.0,696.0,0.5327195166015625,True,PUT,2026-01-30,WMT
WMT260130P00122000,122.0,6.0,4.2,6.0,7.0,8.0,0.5478560839843751,True,PUT,2026-01-30,WMT
WMT260130P00123000,123.0,6.97,5.45,7.15,5.0,0.0,0.70898728515625,True,PUT,2026-01-30,WMT
WMT260130P00124000,124.0,6.6,6.05,8.75,1.0,1.0,0.8261736132812498,True,PUT,2026-01-30,WMT
WMT260130P00125000,125.0,8.34,7.2,9.75,1.0,1.0,0.930664755859375,True,PUT,2026-01-30,WMT
WMT260130P00128000,128.0,9.45,8.7,12.7,2.0,0.0,0.5664105859375,True,PUT,2026-01-30,WMT
WMT260130P00129000,129.0,10.6,9.85,13.75,,0.0,0.76367423828125,True,PUT,2026-01-30,WMT
WMT260206C00085000,85.0,36.0,30.4,34.25,3.0,0.0,1.8427742236328122,True,CALL,2026-02-06,WMT
WMT260206C00090000,90.0,28.99,25.35,29.0,4.0,5.0,1.5273461132812498,True,CALL,2026-02-06,WMT
WMT260206C00098000,98.0,18.1,18.1,19.9,33.0,45.0,0.8422867333984375,True,CALL,2026-02-06,WMT
WMT260206C00099000,99.0,19.54,17.1,18.9,392.0,44.0,0.805666005859375,True,CALL,2026-02-06,WMT
WMT260206C00100000,100.0,18.48,16.15,17.9,1.0,22.0,0.7685570019531252,True,CALL,2026-02-06,WMT
WMT260206C00101000,101.0,17.43,15.15,16.95,318.0,11.0,0.7490259472656251,True,CALL,2026-02-06,WMT
WMT260206C00102000,102.0,14.5,14.15,15.95,1.0,17.0,0.711916943359375,True,CALL,2026-02-06,WMT
WMT260206C00103000,103.0,15.08,13.15,14.95,232.0,35.0,0.6748079394531252,True,CALL,2026-02-06,WMT
WMT260206C00104000,104.0,14.15,12.15,13.65,352.0,36.0,0.5351608984375,True,CALL,2026-02-06,WMT
WMT260206C00105000,105.0,11.85,11.15,12.95,3.0,32.0,0.6005899316406251,True,CALL,2026-02-06,WMT
WMT260206C00106000,106.0,12.61,10.25,12.15,392.0,50.0,0.6157264990234376,True,CALL,2026-02-06,WMT
WMT260206C00107000,107.0,11.22,9.2,11.1,430.0,25.0,0.5644574804687501,True,CALL,2026-02-06,WMT
WMT260206C00108000,108.0,9.18,8.25,9.9,1.0,55.0,0.47559118164062497,True,CALL,2026-02-06,WMT
WMT260206C00109000,109.0,8.26,8.0,8.7,1.0,55.0,0.383795224609375,True,CALL,2026-02-06,WMT
WMT260206C00110000,110.0,7.31,7.15,8.0,3.0,122.0,0.4233456103515625,True,CALL,2026-02-06,WMT
WMT260206C00111000,111.0,6.46,6.1,6.8,7.0,126.0,0.33887379882812496,True,CALL,2026-02-06,WMT
WMT260206C00112000,112.0,5.52,5.2,5.9,12.0,82.0,0.3227606787109374,True,CALL,2026-02-06,WMT
WMT260206C00113000,113.0,4.5,4.45,5.0,7.0,154.0,0.30225307128906254,True,CALL,2026-02-06,WMT
WMT260206C00114000,114.0,4.0,3.65,4.1,9.0,221.0,0.27686270019531245,True,CALL,2026-02-06,WMT
WMT260206C00115000,115.0,3.05,2.9,3.35,42.0,439.0,0.2700268310546875,True,CALL,2026-02-06,WMT
WMT260206C00116000,116.0,2.52,2.51,2.56,310.0,774.0,0.24829853271484376,True,CALL,2026-02-06,WMT
WMT260206C00117000,117.0,1.72,1.87,1.96,693.0,828.0,0.2436599072265625,True,CALL,2026-02-06,WMT
WMT260206C00118000,118.0,1.35,1.33,1.39,651.0,640.0,0.2309647216796875,False,CALL,2026-02-06,WMT
WMT260206C00119000,119.0,0.91,0.89,0.97,188.0,851.0,0.22583781982421874,False,CALL,2026-02-06,WMT
WMT260206C00120000,120.0,0.61,0.58,0.63,385.0,1650.0,0.21875781249999998,False,CALL,2026-02-06,WMT
WMT260206C00121000,121.0,0.35,0.33,0.43,179.0,844.0,0.22168747070312497,False,CALL,2026-02-06,WMT
WMT260206C00122000,122.0,0.22,0.22,0.25,31.0,828.0,0.2153398779296875,False,CALL,2026-02-06,WMT
WMT260206C00123000,123.0,0.15,0.12,0.16,18.0,726.0,0.21875781249999998,False,CALL,2026-02-06,WMT
WMT260206C00124000,124.0,0.08,0.05,0.1,7.0,344.0,0.22168747070312497,False,CALL,2026-02-06,WMT
WMT260206C00125000,125.0,0.04,0.04,0.06,48.0,530.0,0.22364057617187497,False,CALL,2026-02-06,WMT
WMT260206C00126000,126.0,0.06,0.0,0.09,7.0,184.0,0.26563234375,False,CALL,2026-02-06,WMT
WMT260206C00127000,127.0,0.02,0.0,0.28,1.0,57.0,0.36914693359375,False,CALL,2026-02-06,WMT
WMT260206C00128000,128.0,0.09,0.0,0.08,9.0,99.0,0.304694453125,False,CALL,2026-02-06,WMT
WMT260206C00129000,129.0,0.04,0.0,0.24,22.0,63.0,0.407232490234375,False,CALL,2026-02-06,WMT
WMT260206C00130000,130.0,0.07,0.0,0.25,4.0,48.0,0.436529072265625,False,CALL,2026-02-06,WMT
WMT260206C00131000,131.0,0.2,0.0,0.25,,1.0,0.46094289062500005,False,CALL,2026-02-06,WMT
WMT260206C00135000,135.0,0.03,0.0,0.01,4.0,64.0,0.3437565625,False,CALL,2026-02-06,WMT
WMT260206P00090000,90.0,0.06,0.0,2.13,,2.0,1.3398470507812497,False,PUT,2026-02-06,WMT
WMT260206P00095000,95.0,0.03,0.0,2.13,2.0,63.0,1.1284223266601563,False,PUT,2026-02-06,WMT
WMT260206P00098000,98.0,0.06,0.0,0.07,28.0,111.0,0.507817421875,False,PUT,2026-02-06,WMT
WMT260206P00100000,100.0,0.03,0.0,0.05,12.0,52.0,0.4804739453125,False,PUT,2026-02-06,WMT
WMT260206P00101000,101.0,0.04,0.0,0.27,37.0,30.0,0.5351608984375,False,PUT,2026-02-06,WMT
WMT260206P00102000,102.0,0.04,0.0,0.47,5.0,63.0,0.5644574804687501,False,PUT,2026-02-06,WMT
WMT260206P00103000,103.0,0.07,0.0,0.75,13.0,25.0,0.5927775097656252,False,PUT,2026-02-06,WMT
WMT260206P00104000,104.0,0.03,0.02,0.24,15.0,41.0,0.5029346582031251,False,PUT,2026-02-06,WMT
WMT260206P00105000,105.0,0.07,0.0,0.06,3.0,100.0,0.36133451171875,False,PUT,2026-02-06,WMT
WMT260206P00106000,106.0,0.09,0.02,0.1,1.0,72.0,0.367193828125,False,PUT,2026-02-06,WMT
WMT260206P00107000,107.0,0.08,0.05,0.09,5.0,85.0,0.3320379296875,False,PUT,2026-02-06,WMT
WMT260206P00108000,108.0,0.08,0.08,0.13,1.0,231.0,0.327155166015625,False,PUT,2026-02-06,WMT
WMT260206P00109000,109.0,0.12,0.1,0.13,28.0,467.0,0.2978585839843749,False,PUT,2026-02-06,WMT
WMT260206P00110000,110.0,0.17,0.15,0.18,46.0,447.0,0.2890696093749999,False,PUT,2026-02-06,WMT
WMT260206P00111000,111.0,0.23,0.19,0.25,18.0,726.0,0.28076891113281244,False,PUT,2026-02-06,WMT
WMT260206P00112000,112.0,0.32,0.27,0.34,37.0,286.0,0.27149166015625,False,PUT,2026-02-06,WMT
WMT260206P00113000,113.0,0.47,0.38,0.45,207.0,340.0,0.25928475097656256,False,PUT,2026-02-06,WMT
WMT260206P00114000,114.0,0.57,0.53,0.58,239.0,904.0,0.24414818359375,False,PUT,2026-02-06,WMT
WMT260206P00115000,115.0,0.79,0.74,0.83,256.0,640.0,0.241218525390625,False,PUT,2026-02-06,WMT
WMT260206P00116000,116.0,1.06,1.01,1.13,119.0,826.0,0.2348709326171875,False,PUT,2026-02-06,WMT
WMT260206P00117000,117.0,1.46,1.37,1.47,213.0,469.0,0.2224198852539062,False,PUT,2026-02-06,WMT
WMT260206P00118000,118.0,1.96,1.86,1.96,157.0,557.0,0.21778125976562498,True,PUT,2026-02-06,WMT
WMT260206P00119000,119.0,2.63,2.41,2.52,293.0,359.0,0.20899228515624996,True,PUT,2026-02-06,WMT
WMT260206P00120000,120.0,3.45,3.0,3.7,6.0,528.0,0.28321029296874994,True,PUT,2026-02-06,WMT
WMT260206P00121000,121.0,4.7,3.8,4.45,11.0,99.0,0.28613995117187496,True,PUT,2026-02-06,WMT
WMT260206P00122000,122.0,5.63,4.6,6.05,2.0,25.0,0.4255428540039063,True,PUT,2026-02-06,WMT
WMT260206P00123000,123.0,5.08,5.45,7.05,10.0,3.0,0.4672904833984375,True,PUT,2026-02-06,WMT
WMT260206P00124000,124.0,7.02,6.4,8.0,226.0,11.0,0.4985401708984375,True,PUT,2026-02-06,WMT
WMT260206P00125000,125.0,7.3,7.1,9.0,304.0,0.0,0.5366257275390626,True,PUT,2026-02-06,WMT
WMT260206P00126000,126.0,8.03,8.4,10.75,402.0,0.0,0.7006865869140625,True,PUT,2026-02-06,WMT
WMT260206P00128000,128.0,10.43,9.55,12.75,10.0,0.0,0.7766135620117188,True,PUT,2026-02-06,WMT
WMT260206P00130000,130.0,12.36,11.05,14.75,26.0,0.0,0.848634326171875,True,PUT,2026-02-06,WMT
WMT260206P00131000,131.0,13.32,12.05,15.75,114.0,0.0,0.8833019482421874,True,PUT,2026-02-06,WMT
WMT260206P00132000,132.0,14.14,13.0,16.75,132.0,0.0,0.9172371557617188,True,PUT,2026-02-06,WMT
WMT260206P00133000,133.0,14.93,14.05,17.75,402.0,0.0,0.5024463818359376,True,PUT,2026-02-06,WMT
WMT260206P00134000,134.0,16.53,15.05,18.75,138.0,0.0,0.52539537109375,True,PUT,2026-02-06,WMT
WMT260206P00135000,135.0,17.23,15.9,19.75,174.0,0.0,0.508793974609375,True,PUT,2026-02-06,WMT
WMT260213C00085000,85.0,33.4,31.15,33.4,1.0,2.0,1.1679729101562502,True,CALL,2026-02-13,WMT
WMT260213C00090000,90.0,28.86,26.2,28.3,,3.0,0.9780275634765626,True,CALL,2026-02-13,WMT
WMT260213C00095000,95.0,24.28,21.15,23.3,1.0,1.0,0.8227556787109375,True,CALL,2026-02-13,WMT
WMT260213C00099000,99.0,20.52,16.55,19.0,5.0,5.0,0.6303747900390625,True,CALL,2026-02-13,WMT
WMT260213C00100000,100.0,19.45,16.2,18.05,1.0,8.0,0.614261669921875,True,CALL,2026-02-13,WMT
WMT260213C00101000,101.0,14.95,15.2,17.45,328.0,35.0,0.6704134521484376,True,CALL,2026-02-13,WMT
WMT260213C00102000,102.0,14.58,14.25,16.95,394.0,36.0,0.7280300634765625,True,CALL,2026-02-13,WMT
WMT260213C00103000,103.0,13.43,13.25,15.4,158.0,22.0,0.5991251025390626,True,CALL,2026-02-13,WMT
WMT260213C00104000,104.0,13.42,12.7,14.1,10.0,23.0,0.5105029418945313,True,CALL,2026-02-13,WMT
WMT260213C00105000,105.0,11.75,11.3,13.15,329.0,43.0,0.49121602539062503,True,CALL,2026-02-13,WMT
WMT260213C00106000,106.0,10.72,10.4,12.45,394.0,50.0,0.514653291015625,True,CALL,2026-02-13,WMT
WMT260213C00107000,107.0,10.2,9.4,10.95,7.0,24.0,0.39453730468750003,True,CALL,2026-02-13,WMT
WMT260213C00108000,108.0,9.6,8.5,10.15,6.0,4.0,0.4023497265625,True,CALL,2026-02-13,WMT
WMT260213C00109000,109.0,8.65,7.95,9.15,2.0,3.0,0.37256486816406253,True,CALL,2026-02-13,WMT
WMT260213C00110000,110.0,7.45,7.15,8.05,1.0,103.0,0.3259344750976562,True,CALL,2026-02-13,WMT
WMT260213C00111000,111.0,6.45,6.4,7.2,2.0,39.0,0.3186103295898437,True,CALL,2026-02-13,WMT
WMT260213C00112000,112.0,5.92,5.6,6.7,13.0,48.0,0.35352208984374994,True,CALL,2026-02-13,WMT
WMT260213C00113000,113.0,5.2,4.9,5.5,19.0,322.0,0.2929758203124999,True,CALL,2026-02-13,WMT
WMT260213C00114000,114.0,4.43,4.2,4.6,13.0,229.0,0.2690502783203125,True,CALL,2026-02-13,WMT
WMT260213C00115000,115.0,3.65,3.6,3.85,43.0,299.0,0.25879647460937505,True,CALL,2026-02-13,WMT
WMT260213C00116000,116.0,3.15,3.05,3.15,33.0,1249.0,0.24878680908203127,True,CALL,2026-02-13,WMT
WMT260213C00117000,117.0,2.36,2.45,2.58,55.0,978.0,0.2461012890625,True,CALL,2026-02-13,WMT
WMT260213C00118000,118.0,1.86,1.92,1.99,62.0,869.0,0.23474886352539062,False,CALL,2026-02-13,WMT
WMT260213C00119000,119.0,1.4,1.46,1.54,617.0,1273.0,0.23072058349609376,False,CALL,2026-02-13,WMT
WMT260213C00120000,120.0,1.09,1.08,1.15,474.0,1479.0,0.22534954345703123,False,CALL,2026-02-13,WMT
WMT260213C00121000,121.0,0.82,0.78,0.84,272.0,1049.0,0.22144333251953124,False,CALL,2026-02-13,WMT
WMT260213C00122000,122.0,0.58,0.55,0.61,48.0,1239.0,0.2199785034179687,False,CALL,2026-02-13,WMT
WMT260213C00123000,123.0,0.42,0.37,0.45,12.0,308.0,0.22168747070312497,False,CALL,2026-02-13,WMT
WMT260213C00124000,124.0,0.28,0.25,0.31,15.0,128.0,0.21973436523437498,False,CALL,2026-02-13,WMT
WMT260213C00125000,125.0,0.2,0.17,0.22,188.0,1169.0,0.22071091796874998,False,CALL,2026-02-13,WMT
WMT260213C00126000,126.0,0.14,0.11,0.15,23.0,669.0,0.22071091796874998,False,CALL,2026-02-13,WMT
WMT260213C00127000,127.0,0.1,0.01,0.7,20.0,99.0,0.36084623535156246,False,CALL,2026-02-13,WMT
WMT260213C00128000,128.0,0.11,0.02,0.2,1.0,139.0,0.274421318359375,False,CALL,2026-02-13,WMT
WMT260213C00129000,129.0,0.38,0.01,0.67,2.0,38.0,0.401373173828125,False,CALL,2026-02-13,WMT
WMT260213C00130000,130.0,0.04,0.01,0.15,10.0,180.0,0.2934640966796874,False,CALL,2026-02-13,WMT
WMT260213C00131000,131.0,0.24,0.0,0.54,,24.0,0.4184628466796875,False,CALL,2026-02-13,WMT
WMT260213C00132000,132.0,0.03,0.0,0.13,3.0,775.0,0.3193427441406249,False,CALL,2026-02-13,WMT
WMT260213C00133000,133.0,0.1,0.0,2.14,,11.0,0.56055126953125,False,CALL,2026-02-13,WMT
WMT260213C00134000,134.0,0.1,0.0,2.14,,7.0,0.5822795678710937,False,CALL,2026-02-13,WMT
WMT260213C00135000,135.0,0.03,0.0,0.28,3.0,121.0,0.42676354492187507,False,CALL,2026-02-13,WMT
WMT260213P00090000,90.0,0.01,0.0,0.75,,0.0,0.7832052929687501,False,PUT,2026-02-13,WMT
WMT260213P00098000,98.0,0.12,0.0,2.15,3.0,12.0,0.7553735400390625,False,PUT,2026-02-13,WMT
WMT260213P00099000,99.0,0.16,0.0,2.17,1.0,2.0,0.726565234375,False,PUT,2026-02-13,WMT
WMT260213P00100000,100.0,0.01,0.0,0.08,7.0,55.0,0.38672488281249995,False,PUT,2026-02-13,WMT
WMT260213P00101000,101.0,0.26,0.0,0.6,6.0,2.0,0.5581098876953126,False,PUT,2026-02-13,WMT
WMT260213P00102000,102.0,0.26,0.0,2.19,2.0,33.0,0.6357458300781251,False,PUT,2026-02-13,WMT
WMT260213P00103000,103.0,0.25,0.0,1.38,6.0,8.0,0.523442265625,False,PUT,2026-02-13,WMT
WMT260213P00104000,104.0,0.14,0.03,0.75,4.0,144.0,0.5073291455078125,False,PUT,2026-02-13,WMT
WMT260213P00105000,105.0,0.15,0.08,0.27,20.0,303.0,0.3632876171875,False,PUT,2026-02-13,WMT
WMT260213P00106000,106.0,0.22,0.01,0.36,11.0,126.0,0.36377589355468753,False,PUT,2026-02-13,WMT
WMT260213P00107000,107.0,0.23,0.01,0.38,8.0,2559.0,0.34326828613281246,False,PUT,2026-02-13,WMT
WMT260213P00108000,108.0,0.28,0.03,0.29,2.0,2139.0,0.2954172021484375,False,PUT,2026-02-13,WMT
WMT260213P00109000,109.0,0.33,0.26,0.36,1.0,131.0,0.2866282275390625,False,PUT,2026-02-13,WMT
WMT260213P00110000,110.0,0.38,0.34,0.42,15.0,1536.0,0.27295648925781246,False,PUT,2026-02-13,WMT
WMT260213P00111000,111.0,0.51,0.44,0.48,11.0,241.0,0.256843369140625,False,PUT,2026-02-13,WMT
WMT260213P00112000,112.0,0.6,0.55,0.59,38.0,324.0,0.2461012890625,False,PUT,2026-02-13,WMT
WMT260213P00113000,113.0,0.82,0.71,0.75,65.0,333.0,0.2387771435546875,False,PUT,2026-02-13,WMT
WMT260213P00114000,114.0,0.94,0.91,0.96,341.0,717.0,0.23242955078125,False,PUT,2026-02-13,WMT
WMT260213P00115000,115.0,1.21,1.18,1.24,74.0,1693.0,0.22827920166015625,False,PUT,2026-02-13,WMT
WMT260213P00116000,116.0,1.58,1.49,1.55,10.0,415.0,0.22095505615234373,False,PUT,2026-02-13,WMT
WMT260213P00117000,117.0,2.0,1.85,1.95,76.0,324.0,0.21607229248046872,False,PUT,2026-02-13,WMT
WMT260213P00118000,118.0,2.64,2.31,2.43,127.0,261.0,0.21167780517578122,True,PUT,2026-02-13,WMT
WMT260213P00119000,119.0,3.2,2.86,2.96,13.0,161.0,0.20459779785156246,True,PUT,2026-02-13,WMT
WMT260213P00120000,120.0,3.6,3.45,3.75,8.0,235.0,0.2180253979492187,True,PUT,2026-02-13,WMT
WMT260213P00121000,121.0,5.2,4.05,4.95,1.0,92.0,0.2749095947265625,True,PUT,2026-02-13,WMT
WMT260213P00122000,122.0,5.1,4.85,5.7,9.0,60.0,0.2766185620117187,True,PUT,2026-02-13,WMT
WMT260213P00123000,123.0,5.53,5.75,7.15,1.0,32.0,0.36255520263671875,True,PUT,2026-02-13,WMT
WMT260213P00124000,124.0,6.82,6.45,7.55,4.0,4.0,0.31372756591796874,True,PUT,2026-02-13,WMT
WMT260213P00125000,125.0,7.94,7.3,8.35,2.0,7.0,0.30982135498046875,True,PUT,2026-02-13,WMT
WMT260213P00127000,127.0,7.88,9.2,11.0,,0.0,0.4567925415039063,True,PUT,2026-02-13,WMT
WMT260213P00128000,128.0,8.98,10.0,12.0,2.0,0.0,0.48291532714843755,True,PUT,2026-02-13,WMT
WMT260213P00135000,135.0,15.42,15.95,19.75,,0.0,0.7612328564453126,True,PUT,2026-02-13,WMT
WMT260220C00085000,85.0,27.46,30.8,33.05,15.0,35.0,0.8828136718749999,True,CALL,2026-02-20,WMT
WMT260220C00090000,90.0,26.85,26.25,27.8,1.0,21.0,0.6835969140625001,True,CALL,2026-02-20,WMT
WMT260220C00095000,95.0,23.43,22.15,23.2,1.0,93.0,0.5312546875,True,CALL,2026-02-20,WMT
WMT260220C00097500,97.5,20.82,18.85,20.45,5.0,51.0,0.5498091894531252,True,CALL,2026-02-20,WMT
WMT260220C00100000,100.0,17.58,17.4,17.95,1.0,304.0,0.49170430175781255,True,CALL,2026-02-20,WMT
WMT260220C00105000,105.0,12.75,12.4,13.2,11.0,668.0,0.4177304321289062,True,CALL,2026-02-20,WMT
WMT260220C00106000,106.0,15.23,10.95,12.25,,15.0,0.40039662109375,True,CALL,2026-02-20,WMT
WMT260220C00107000,107.0,13.6,9.85,11.8,,9.0,0.4484918432617187,True,CALL,2026-02-20,WMT
WMT260220C00108000,108.0,10.0,9.3,10.45,1.0,55.0,0.3767152172851562,True,CALL,2026-02-20,WMT
WMT260220C00109000,109.0,12.45,8.4,9.9,,14.0,0.4039366247558594,True,CALL,2026-02-20,WMT
WMT260220C00110000,110.0,8.53,8.3,8.85,43.0,6639.0,0.36939107177734376,True,CALL,2026-02-20,WMT
WMT260220C00111000,111.0,7.3,7.45,8.2,2.0,56.0,0.37744763183593744,True,CALL,2026-02-20,WMT
WMT260220C00112000,112.0,7.08,6.75,7.25,1.0,11.0,0.3513248461914062,True,CALL,2026-02-20,WMT
WMT260220C00113000,113.0,6.23,6.05,6.45,9.0,148.0,0.33875172973632806,True,CALL,2026-02-20,WMT
WMT260220C00114000,114.0,5.4,5.5,5.85,21.0,125.0,0.34204759521484374,True,CALL,2026-02-20,WMT
WMT260220C00115000,115.0,5.0,5.0,5.1,82.0,7979.0,0.3283758569335937,True,CALL,2026-02-20,WMT
WMT260220C00116000,116.0,4.4,4.25,4.6,7.0,177.0,0.33350275878906255,True,CALL,2026-02-20,WMT
WMT260220C00117000,117.0,3.75,3.7,3.95,49.0,249.0,0.32227240234374993,True,CALL,2026-02-20,WMT
WMT260220C00118000,118.0,3.36,3.25,3.4,97.0,256.0,0.31592480957031244,False,CALL,2026-02-20,WMT
WMT260220C00119000,119.0,2.76,2.8,2.96,49.0,730.0,0.31555860229492183,False,CALL,2026-02-20,WMT
WMT260220C00120000,120.0,2.46,2.43,2.5,565.0,11169.0,0.3096992858886719,False,CALL,2026-02-20,WMT
WMT260220C00121000,121.0,2.0,1.98,2.08,18.0,517.0,0.3034737622070312,False,CALL,2026-02-20,WMT
WMT260220C00122000,122.0,1.59,1.64,1.77,43.0,425.0,0.3034737622070312,False,CALL,2026-02-20,WMT
WMT260220C00123000,123.0,1.41,1.34,1.51,12.0,446.0,0.30493859130859374,False,CALL,2026-02-20,WMT
WMT260220C00124000,124.0,1.14,1.09,1.34,17.0,356.0,0.3122627368164062,False,CALL,2026-02-20,WMT
WMT260220C00125000,125.0,0.94,0.9,0.99,248.0,9106.0,0.2963937548828125,False,CALL,2026-02-20,WMT
WMT260220C00126000,126.0,0.76,0.73,0.8,497.0,448.0,0.2941965112304687,False,CALL,2026-02-20,WMT
WMT260220C00127000,127.0,0.61,0.57,0.66,5.0,202.0,0.2951730639648437,False,CALL,2026-02-20,WMT
WMT260220C00128000,128.0,0.51,0.46,0.54,4.0,565.0,0.29566134033203123,False,CALL,2026-02-20,WMT
WMT260220C00129000,129.0,0.37,0.37,0.44,5.0,221.0,0.2963937548828125,False,CALL,2026-02-20,WMT
WMT260220C00130000,130.0,0.34,0.31,0.35,409.0,6529.0,0.2954172021484375,False,CALL,2026-02-20,WMT
WMT260220C00135000,135.0,0.12,0.11,0.13,21.0,1420.0,0.30664755859375,False,CALL,2026-02-20,WMT
WMT260220C00140000,140.0,0.05,0.05,0.06,26.0,1200.0,0.32813171874999997,False,CALL,2026-02-20,WMT
WMT260220C00145000,145.0,0.02,0.01,0.11,15.0,225.0,0.41797457031249996,False,CALL,2026-02-20,WMT
WMT260220C00150000,150.0,0.01,0.0,0.11,10.0,61.0,0.4726615234375,False,CALL,2026-02-20,WMT
WMT260220P00085000,85.0,0.04,0.0,0.13,61.0,1556.0,0.57617611328125,False,PUT,2026-02-20,WMT
WMT260220P00090000,90.0,0.08,0.05,0.1,8.0,1377.0,0.516606396484375,False,PUT,2026-02-20,WMT
WMT260220P00095000,95.0,0.13,0.11,0.12,58.0,1927.0,0.437505625,False,PUT,2026-02-20,WMT
WMT260220P00097500,97.5,0.18,0.14,0.28,3.0,2739.0,0.4585015087890626,False,PUT,2026-02-20,WMT
WMT260220P00100000,100.0,0.24,0.21,0.29,49.0,9745.0,0.4101621484375,False,PUT,2026-02-20,WMT
WMT260220P00105000,105.0,0.47,0.45,0.51,64.0,14281.0,0.3562076098632812,False,PUT,2026-02-20,WMT
WMT260220P00106000,106.0,0.6,0.37,0.61,9.0,98.0,0.35156898437499995,False,PUT,2026-02-20,WMT
WMT260220P00107000,107.0,0.66,0.63,0.66,7.0,113.0,0.3364324169921875,False,PUT,2026-02-20,WMT
WMT260220P00108000,108.0,0.76,0.74,0.78,512.0,584.0,0.3305731005859375,False,PUT,2026-02-20,WMT
WMT260220P00109000,109.0,0.95,0.88,0.94,202.0,128.0,0.3276434423828125,False,PUT,2026-02-20,WMT
WMT260220P00110000,110.0,1.07,1.05,1.09,113.0,7595.0,0.3200751586914062,False,PUT,2026-02-20,WMT
WMT260220P00111000,111.0,1.4,1.25,1.3,8.0,817.0,0.3166572241210937,False,PUT,2026-02-20,WMT
WMT260220P00112000,112.0,1.52,1.48,1.58,14.0,372.0,0.317389638671875,False,PUT,2026-02-20,WMT
WMT260220P00113000,113.0,1.8,1.75,1.87,39.0,271.0,0.31519239501953117,False,PUT,2026-02-20,WMT
WMT260220P00114000,114.0,2.24,2.04,2.16,30.0,116.0,0.3094551477050781,False,PUT,2026-02-20,WMT
WMT260220P00115000,115.0,2.44,2.4,2.48,261.0,7775.0,0.3031075549316406,False,PUT,2026-02-20,WMT
WMT260220P00116000,116.0,3.09,2.77,2.9,29.0,532.0,0.3020089331054688,False,PUT,2026-02-20,WMT
WMT260220P00117000,117.0,3.51,3.2,3.45,43.0,522.0,0.30811238769531246,False,PUT,2026-02-20,WMT
WMT260220P00118000,118.0,4.0,3.65,4.0,37.0,169.0,0.31055376953124997,True,PUT,2026-02-20,WMT
WMT260220P00119000,119.0,4.52,4.2,4.6,30.0,232.0,0.313483427734375,True,PUT,2026-02-20,WMT
WMT260220P00120000,120.0,5.05,4.75,5.0,28.0,1092.0,0.29529513305664057,True,PUT,2026-02-20,WMT
WMT260220P00121000,121.0,5.75,5.35,5.65,3.0,30.0,0.29492892578124996,True,PUT,2026-02-20,WMT
WMT260220P00122000,122.0,5.42,6.0,6.95,4.0,18.0,0.3518131225585937,True,PUT,2026-02-20,WMT
WMT260220P00123000,123.0,6.07,6.65,7.65,3.0,26.0,0.35156898437499995,True,PUT,2026-02-20,WMT
WMT260220P00124000,124.0,7.61,7.4,8.1,2.0,108.0,0.3223944714355468,True,PUT,2026-02-20,WMT
WMT260220P00125000,125.0,9.24,8.15,9.25,7.0,262.0,0.36255520263671875,True,PUT,2026-02-20,WMT
WMT260220P00126000,126.0,8.35,8.95,10.3,1.0,23.0,0.39160764648437496,True,PUT,2026-02-20,WMT
WMT260220P00127000,127.0,9.5,9.8,11.2,,20.0,0.4035704174804688,True,PUT,2026-02-20,WMT
WMT260220P00128000,128.0,8.73,10.6,12.15,,12.0,0.42017181396484377,True,PUT,2026-02-20,WMT
WMT260220P00129000,129.0,9.52,11.5,13.05,,1.0,0.4299373413085938,True,PUT,2026-02-20,WMT
WMT260220P00130000,130.0,10.38,12.3,14.05,42.0,20.0,0.4506890869140625,True,PUT,2026-02-20,WMT
WMT260220P00140000,140.0,28.32,21.0,24.7,1.0,0.0,0.7231472998046875,True,PUT,2026-02-20,WMT
WMT260227C00090000,90.0,28.95,25.7,29.5,3.0,3.0,0.5336960693359375,True,CALL,2026-02-27,WMT
WMT260227C00095000,95.0,24.55,20.8,24.3,,2.0,0.75195560546875,True,CALL,2026-02-27,WMT
WMT260227C00098000,98.0,21.18,18.45,21.4,,1.0,0.6875031250000001,True,CALL,2026-02-27,WMT
WMT260227C00100000,100.0,17.5,17.5,18.5,4.0,3.0,0.5195360546875,True,CALL,2026-02-27,WMT
WMT260227C00101000,101.0,16.25,15.75,17.2,1.0,6.0,0.45215391601562505,True,CALL,2026-02-27,WMT
WMT260227C00103000,103.0,17.8,13.7,15.9,,5.0,0.5012256909179689,True,CALL,2026-02-27,WMT
WMT260227C00104000,104.0,17.24,12.85,14.4,,4.0,0.415044912109375,True,CALL,2026-02-27,WMT
WMT260227C00105000,105.0,13.2,12.7,13.65,3.0,232.0,0.4233456103515625,True,CALL,2026-02-27,WMT
WMT260227C00106000,106.0,12.97,11.05,12.85,2.0,40.0,0.4226131958007812,True,CALL,2026-02-27,WMT
WMT260227C00107000,107.0,13.42,10.15,12.3,2.0,126.0,0.44507390869140623,True,CALL,2026-02-27,WMT
WMT260227C00108000,108.0,9.81,9.3,11.5,1.0,121.0,0.4387263159179688,True,CALL,2026-02-27,WMT
WMT260227C00109000,109.0,9.15,8.45,10.05,2.0,27.0,0.36865865722656255,True,CALL,2026-02-27,WMT
WMT260227C00110000,110.0,8.15,8.0,9.4,9.0,29.0,0.37573866455078125,True,CALL,2026-02-27,WMT
WMT260227C00111000,111.0,9.31,7.8,8.55,21.0,85.0,0.3618227880859375,True,CALL,2026-02-27,WMT
WMT260227C00112000,112.0,7.2,7.15,7.65,1.0,10.0,0.34229173339843744,True,CALL,2026-02-27,WMT
WMT260227C00113000,113.0,6.38,6.5,7.15,5.0,20.0,0.354376573486328,True,CALL,2026-02-27,WMT
WMT260227C00114000,114.0,5.96,5.95,6.4,2.0,24.0,0.34326828613281246,True,CALL,2026-02-27,WMT
WMT260227C00115000,115.0,5.5,5.4,5.55,47.0,117.0,0.32227240234374993,True,CALL,2026-02-27,WMT
WMT260227C00116000,116.0,4.85,4.85,4.95,75.0,9.0,0.3184882604980468,True,CALL,2026-02-27,WMT
WMT260227C00117000,117.0,4.12,4.25,4.4,72.0,87.0,0.3156806713867187,True,CALL,2026-02-27,WMT
WMT260227C00118000,118.0,3.78,3.75,3.9,480.0,150.0,0.3139717041015625,False,CALL,2026-02-27,WMT
WMT260227C00119000,119.0,3.3,3.2,3.35,25.0,150.0,0.3055489367675781,False,CALL,2026-02-27,WMT
WMT260227C00120000,120.0,2.75,2.81,2.98,31.0,279.0,0.3078682495117187,False,CALL,2026-02-27,WMT
WMT260227C00121000,121.0,2.4,2.4,2.6,9.0,114.0,0.30676962768554683,False,CALL,2026-02-27,WMT
WMT260227C00122000,122.0,2.03,2.06,2.24,4.0,306.0,0.3043282458496094,False,CALL,2026-02-27,WMT
WMT260227C00123000,123.0,1.79,1.72,1.86,6.0,284.0,0.2971261694335937,False,CALL,2026-02-27,WMT
WMT260227C00124000,124.0,1.42,1.35,1.57,1.0,36.0,0.29444064941406245,False,CALL,2026-02-27,WMT
WMT260227C00125000,125.0,1.18,1.11,1.3,23.0,165.0,0.29053443847656246,False,CALL,2026-02-27,WMT
WMT260227C00126000,126.0,0.88,0.91,1.05,29.0,109.0,0.28504132934570303,False,CALL,2026-02-27,WMT
WMT260227C00127000,127.0,0.59,0.52,0.89,1.0,50.0,0.2858958129882812,False,CALL,2026-02-27,WMT
WMT260227C00128000,128.0,0.65,0.57,0.69,4.0,231.0,0.2790599438476562,False,CALL,2026-02-27,WMT
WMT260227C00129000,129.0,0.43,0.44,0.72,6.0,107.0,0.2995675512695312,False,CALL,2026-02-27,WMT
WMT260227C00130000,130.0,0.39,0.25,0.74,112.0,1099.0,0.3186103295898437,False,CALL,2026-02-27,WMT
WMT260227C00131000,131.0,0.95,0.01,0.75,,2.0,0.335944140625,False,CALL,2026-02-27,WMT
WMT260227C00132000,132.0,0.37,0.01,0.75,12.0,79.0,0.35156898437499995,False,CALL,2026-02-27,WMT
WMT260227C00133000,133.0,0.7,0.01,0.75,,1.0,0.36694968994140625,False,CALL,2026-02-27,WMT
WMT260227C00134000,134.0,0.35,0.01,0.4,2.0,3.0,0.3242255078124999,False,CALL,2026-02-27,WMT
WMT260227C00135000,135.0,0.1,0.05,0.72,2.0,665.0,0.39234006103515623,False,CALL,2026-02-27,WMT
WMT260227P00098000,98.0,0.35,0.0,0.95,12.0,13.0,0.5314988256835937,False,PUT,2026-02-27,WMT
WMT260227P00099000,99.0,0.29,0.01,0.4,1.0,3.0,0.405279384765625,False,PUT,2026-02-27,WMT
WMT260227P00100000,100.0,0.23,0.26,0.37,10.0,92.0,0.3794007373046875,False,PUT,2026-02-27,WMT
WMT260227P00101000,101.0,0.46,0.12,0.4,1.0,0.0,0.3676821044921875,False,PUT,2026-02-27,WMT
WMT260227P00103000,103.0,0.42,0.2,0.6,1.0,17.0,0.367193828125,False,PUT,2026-02-27,WMT
WMT260227P00104000,104.0,0.66,0.25,0.91,2.0,33.0,0.3940490283203125,False,PUT,2026-02-27,WMT
WMT260227P00105000,105.0,0.63,0.58,0.7,14.0,46.0,0.34229173339843744,False,PUT,2026-02-27,WMT
WMT260227P00106000,106.0,0.82,0.55,1.03,1.0,4.0,0.3654848608398438,False,PUT,2026-02-27,WMT
WMT260227P00107000,107.0,0.96,0.6,1.2,2.0,6.0,0.36304347900390627,False,PUT,2026-02-27,WMT
WMT260227P00108000,108.0,1.0,0.84,1.1,1.0,31.0,0.32813171874999997,False,PUT,2026-02-27,WMT
WMT260227P00109000,109.0,1.2,1.11,1.22,1.0,23.0,0.3178779150390625,False,PUT,2026-02-27,WMT
WMT260227P00110000,110.0,1.37,1.31,1.43,9.0,636.0,0.31519239501953117,False,PUT,2026-02-27,WMT
WMT260227P00111000,111.0,1.64,1.5,1.66,1.0,26.0,0.31165239135742184,False,PUT,2026-02-27,WMT
WMT260227P00112000,112.0,1.88,1.77,1.93,3.0,99.0,0.3090889404296875,False,PUT,2026-02-27,WMT
WMT260227P00113000,113.0,2.11,2.08,2.24,1.0,32.0,0.30713583496093744,False,PUT,2026-02-27,WMT
WMT260227P00114000,114.0,2.42,2.38,2.68,1.0,67.0,0.3127510131835937,False,PUT,2026-02-27,WMT
WMT260227P00115000,115.0,2.9,2.73,2.97,17.0,75.0,0.3034737622070312,False,PUT,2026-02-27,WMT
WMT260227P00116000,116.0,3.17,3.1,3.25,497.0,57.0,0.2910227148437499,False,PUT,2026-02-27,WMT
WMT260227P00117000,117.0,3.75,3.5,3.85,14.0,66.0,0.299811689453125,False,PUT,2026-02-27,WMT
WMT260227P00118000,118.0,4.1,4.05,4.15,12.0,122.0,0.2830882238769531,True,PUT,2026-02-27,WMT
WMT260227P00119000,119.0,4.8,4.55,4.75,5.0,60.0,0.28577374389648436,True,PUT,2026-02-27,WMT
WMT260227P00120000,120.0,5.5,5.1,5.5,2.0,28.0,0.29688203124999996,True,PUT,2026-02-27,WMT
WMT260227P00121000,121.0,5.7,5.7,5.9,1.0,2.0,0.27808339111328123,True,PUT,2026-02-27,WMT
WMT260227P00124000,124.0,7.38,7.6,8.2,3.0,2.0,0.2913889221191405,True,PUT,2026-02-27,WMT
WMT260227P00125000,125.0,8.57,8.35,9.05,4.0,4.0,0.29871306762695304,True,PUT,2026-02-27,WMT
WMT260227P00131000,131.0,13.36,13.05,15.2,2.0,1.0,0.42847251220703125,True,PUT,2026-02-27,WMT
WMT260227P00135000,135.0,17.06,15.85,19.75,1.0,0.0,0.5559126440429689,True,PUT,2026-02-27,WMT
WMT260306C00106000,106.0,11.9,11.2,13.45,1.0,3.0,0.4379939013671875,True,CALL,2026-03-06,WMT
WMT260306C00113000,113.0,8.17,6.65,7.35,,1.0,0.33374689697265625,True,CALL,2026-03-06,WMT
WMT260306C00115000,115.0,5.7,5.3,5.95,2.0,14.0,0.31799998413085934,True,CALL,2026-03-06,WMT
WMT260306C00117000,117.0,4.5,4.35,5.0,10.0,64.0,0.32471378417968744,True,CALL,2026-03-06,WMT
WMT260306C00118000,118.0,3.63,3.8,4.4,5.0,24.0,0.31629101684570304,False,CALL,2026-03-06,WMT
WMT260306C00119000,119.0,3.64,3.3,3.75,5.0,31.0,0.30213100219726563,False,CALL,2026-03-06,WMT
WMT260306C00120000,120.0,3.05,2.82,3.3,9.0,51.0,0.29920134399414056,False,CALL,2026-03-06,WMT
WMT260306C00121000,121.0,2.18,2.38,3.2,133.0,94.0,0.31799998413085934,False,CALL,2026-03-06,WMT
WMT260306C00122000,122.0,1.96,1.99,2.84,11.0,13.0,0.3171455004882812,False,CALL,2026-03-06,WMT
WMT260306C00123000,123.0,1.9,1.71,2.48,1.0,333.0,0.3139717041015625,False,CALL,2026-03-06,WMT
WMT260306C00125000,125.0,1.37,1.25,1.55,25.0,138.0,0.2827220166015625,False,CALL,2026-03-06,WMT
WMT260306C00126000,126.0,1.25,0.97,1.51,2.0,7.0,0.29798065307617183,False,CALL,2026-03-06,WMT
WMT260306C00127000,127.0,0.9,0.85,1.29,1.0,1.0,0.29614961669921874,False,CALL,2026-03-06,WMT
WMT260306C00130000,130.0,0.48,0.47,1.67,43.0,48.0,0.38184211914062494,False,CALL,2026-03-06,WMT
WMT260306P00105000,105.0,0.75,0.72,0.9,1.0,19.0,0.33374689697265625,False,PUT,2026-03-06,WMT
WMT260306P00108000,108.0,1.38,1.0,1.66,1.0,7.0,0.3498600170898437,False,PUT,2026-03-06,WMT
WMT260306P00110000,110.0,1.57,1.26,1.99,4.0,47.0,0.3320379296875,False,PUT,2026-03-06,WMT
WMT260306P00112000,112.0,2.29,0.86,2.52,2.0,3.0,0.32398136962890617,False,PUT,2026-03-06,WMT
WMT260306P00115000,115.0,3.13,2.75,3.8,1.0,14.0,0.33081723876953123,False,PUT,2026-03-06,WMT
WMT260306P00116000,116.0,3.56,3.3,3.75,8.0,23.0,0.2960275476074219,False,PUT,2026-03-06,WMT
WMT260306P00117000,117.0,4.7,3.65,4.15,3.0,4.0,0.29004616210937495,False,PUT,2026-03-06,WMT
WMT260306P00118000,118.0,4.5,4.2,4.55,32.0,4.0,0.28174546386718746,True,PUT,2026-03-06,WMT
WMT260306P00119000,119.0,5.6,4.5,5.45,1.0,11.0,0.3045723840332031,True,PUT,2026-03-06,WMT
WMT260306P00120000,120.0,5.25,5.25,6.05,1.0,8.0,0.3050606604003906,True,PUT,2026-03-06,WMT
WMT260320C00082500,82.5,34.5,33.65,36.25,1.0,340.0,0.7570825073242189,True,CALL,2026-03-20,WMT
WMT260320C00085000,85.0,32.35,31.3,33.1,2.0,1069.0,0.6020547607421877,True,CALL,2026-03-20,WMT
WMT260320C00087500,87.5,29.7,29.1,31.05,1.0,1468.0,0.6303747900390625,True,CALL,2026-03-20,WMT
WMT260320C00090000,90.0,27.21,26.65,28.15,1.0,2056.0,0.5241746801757812,True,CALL,2026-03-20,WMT
WMT260320C00092500,92.5,25.0,24.2,26.0,273.0,2019.0,0.5314988256835937,True,CALL,2026-03-20,WMT
WMT260320C00095000,95.0,23.52,21.8,23.3,1.0,1740.0,0.4606987524414063,True,CALL,2026-03-20,WMT
WMT260320C00097500,97.5,20.7,20.5,20.85,41.0,1888.0,0.4243221630859375,True,CALL,2026-03-20,WMT
WMT260320C00100000,100.0,18.2,18.2,18.55,12.0,3737.0,0.40381455566406255,True,CALL,2026-03-20,WMT
WMT260320C00105000,105.0,13.85,13.5,14.0,16.0,2608.0,0.3557193334960937,True,CALL,2026-03-20,WMT
WMT260320C00110000,110.0,9.65,9.65,9.9,40.0,4842.0,0.3227606787109374,True,CALL,2026-03-20,WMT
WMT260320C00115000,115.0,6.3,6.3,6.4,259.0,23753.0,0.29730927307128896,True,CALL,2026-03-20,WMT
WMT260320C00120000,120.0,3.55,3.6,3.75,531.0,14144.0,0.28089098022460934,False,CALL,2026-03-20,WMT
WMT260320C00125000,125.0,1.91,1.9,1.92,896.0,10523.0,0.2664868273925781,False,CALL,2026-03-20,WMT
WMT260320C00130000,130.0,0.87,0.83,0.9,302.0,7990.0,0.2600171655273438,False,CALL,2026-03-20,WMT
WMT260320C00135000,135.0,0.37,0.35,0.4,13.0,2562.0,0.25879647460937505,False,CALL,2026-03-20,WMT
WMT260320C00140000,140.0,0.19,0.14,0.19,33.0,2785.0,0.2651440673828125,False,CALL,2026-03-20,WMT
WMT260320C00145000,145.0,0.12,0.0,0.15,1.0,1258.0,0.29492892578124996,False,CALL,2026-03-20,WMT
WMT260320C00150000,150.0,0.09,0.0,0.11,10.0,611.0,0.317389638671875,False,CALL,2026-03-20,WMT
WMT260320P00082500,82.5,0.15,0.05,0.28,1.0,1954.0,0.52539537109375,False,PUT,2026-03-20,WMT
WMT260320P00085000,85.0,0.17,0.07,0.15,519.0,2802.0,0.437505625,False,PUT,2026-03-20,WMT
WMT260320P00087500,87.5,0.24,0.15,0.33,4.0,6258.0,0.46484910156250003,False,PUT,2026-03-20,WMT
WMT260320P00090000,90.0,0.22,0.2,0.24,1.0,9170.0,0.4018614501953125,False,PUT,2026-03-20,WMT
WMT260320P00092500,92.5,0.26,0.25,0.3,13.0,3008.0,0.3833069482421875,False,PUT,2026-03-20,WMT
WMT260320P00095000,95.0,0.35,0.34,0.36,3.0,8857.0,0.36133451171875,False,PUT,2026-03-20,WMT
WMT260320P00097500,97.5,0.45,0.43,0.46,1.0,4015.0,0.3437565625,False,PUT,2026-03-20,WMT
WMT260320P00100000,100.0,0.58,0.56,0.59,21.0,35028.0,0.3266668896484375,False,PUT,2026-03-20,WMT
WMT260320P00105000,105.0,1.03,1.03,1.05,18.0,6779.0,0.2995675512695312,False,PUT,2026-03-20,WMT
WMT260320P00110000,110.0,2.05,1.93,1.97,305.0,6928.0,0.2815013256835937,False,PUT,2026-03-20,WMT
WMT260320P00115000,115.0,3.61,3.5,3.55,238.0,3651.0,0.26709717285156254,False,PUT,2026-03-20,WMT
WMT260320P00120000,120.0,5.96,5.85,5.95,37.0,5714.0,0.25403578002929694,True,PUT,2026-03-20,WMT
WMT260320P00125000,125.0,9.3,8.75,10.05,5.0,287.0,0.2974923767089843,True,PUT,2026-03-20,WMT
WMT260320P00130000,130.0,13.35,12.7,14.35,1.0,60.0,0.3265448205566406,True,PUT,2026-03-20,WMT
WMT260320P00135000,135.0,15.25,17.25,19.05,1.0,1.0,0.3679262426757813,True,PUT,2026-03-20,WMT
WMT260320P00140000,140.0,27.05,20.95,24.75,17.0,0.0,0.4899953344726563,True,PUT,2026-03-20,WMT
WMT260320P00150000,150.0,37.03,31.0,34.7,,1.0,0.5983926879882813,True,PUT,2026-03-20,WMT
WMT260417C00090000,90.0,31.37,26.5,28.55,,1.0,0.4689994506835938,True,CALL,2026-04-17,WMT
WMT260417C00095000,95.0,23.35,22.15,23.7,5.0,7.0,0.41040628662109374,True,CALL,2026-04-17,WMT
WMT260417C00100000,100.0,19.6,17.25,19.15,31.0,35.0,0.37317521362304684,True,CALL,2026-04-17,WMT
WMT260417C00105000,105.0,13.65,13.35,14.75,2.0,18.0,0.33484551879882807,True,CALL,2026-04-17,WMT
WMT260417C00110000,110.0,10.4,10.2,10.85,5.0,22.0,0.31018756225585936,True,CALL,2026-04-17,WMT
WMT260417C00115000,115.0,7.35,7.3,7.4,27.0,328.0,0.2859568475341796,True,CALL,2026-04-17,WMT
WMT260417C00120000,120.0,4.74,4.65,4.8,81.0,1054.0,0.27436028381347655,False,CALL,2026-04-17,WMT
WMT260417C00125000,125.0,2.78,2.73,2.79,40.0,546.0,0.25989509643554687,False,CALL,2026-04-17,WMT
WMT260417C00130000,130.0,1.44,1.45,1.52,105.0,3782.0,0.2518385363769531,False,CALL,2026-04-17,WMT
WMT260417C00135000,135.0,0.73,0.53,0.83,1.0,823.0,0.25171646728515623,False,CALL,2026-04-17,WMT
WMT260417C00140000,140.0,0.35,0.2,0.46,152.0,308.0,0.2553785400390626,False,CALL,2026-04-17,WMT
WMT260417C00145000,145.0,0.17,0.18,0.21,2.0,9.0,0.25098405273437496,False,CALL,2026-04-17,WMT
WMT260417C00150000,150.0,0.09,0.05,0.21,2.0,56.0,0.2827220166015625,False,CALL,2026-04-17,WMT
WMT260417P00085000,85.0,0.3,0.18,0.44,2.0,582.0,0.4279842358398438,False,PUT,2026-04-17,WMT
WMT260417P00090000,90.0,0.37,0.28,0.56,40.0,121.0,0.38477177734374995,False,PUT,2026-04-17,WMT
WMT260417P00095000,95.0,0.58,0.54,0.59,64.0,74.0,0.32520206054687495,False,PUT,2026-04-17,WMT
WMT260417P00100000,100.0,1.05,0.86,1.12,23.0,661.0,0.3161689477539062,False,PUT,2026-04-17,WMT
WMT260417P00105000,105.0,1.66,1.55,1.61,124.0,5316.0,0.28211167114257807,False,PUT,2026-04-17,WMT
WMT260417P00110000,110.0,2.65,2.63,2.7,37.0,882.0,0.2668530346679688,False,PUT,2026-04-17,WMT
WMT260417P00115000,115.0,4.4,4.25,4.35,77.0,4194.0,0.2524488818359375,False,PUT,2026-04-17,WMT
WMT260417P00120000,120.0,6.7,6.65,6.75,64.0,412.0,0.24134059448242187,True,PUT,2026-04-17,WMT
WMT260417P00125000,125.0,9.85,9.6,10.25,1.0,221.0,0.24951922363281248,True,PUT,2026-04-17,WMT
WMT260417P00130000,130.0,12.0,13.1,14.55,,2.0,0.27466545654296876,True,PUT,2026-04-17,WMT
WMT260417P00135000,135.0,19.0,17.45,19.15,1.0,2.0,0.30274134765625,True,PUT,2026-04-17,WMT
WMT260417P00140000,140.0,23.6,21.05,24.7,1.0,1.0,0.39038695556640624,True,PUT,2026-04-17,WMT
WMT260515C00085000,85.0,33.3,32.6,33.6,16.0,16023.0,0.47290566162109376,True,CALL,2026-05-15,WMT
WMT260515C00087500,87.5,31.0,29.5,31.25,2.0,702.0,0.45435115966796874,True,CALL,2026-05-15,WMT
WMT260515C00090000,90.0,28.37,27.1,29.0,3.0,109.0,0.44287666503906253,True,CALL,2026-05-15,WMT
WMT260515C00092500,92.5,26.57,24.6,26.7,60.0,82.0,0.424810439453125,True,CALL,2026-05-15,WMT
WMT260515C00095000,95.0,23.6,22.7,24.55,2.0,313.0,0.4155331884765625,True,CALL,2026-05-15,WMT
WMT260515C00097500,97.5,20.58,20.45,22.2,1.0,227.0,0.39038695556640624,True,CALL,2026-05-15,WMT
WMT260515C00100000,100.0,20.61,19.05,19.95,2.0,605.0,0.370123486328125,True,CALL,2026-05-15,WMT
WMT260515C00105000,105.0,14.82,14.5,15.75,4.0,2119.0,0.33960621337890623,True,CALL,2026-05-15,WMT
WMT260515C00110000,110.0,11.9,11.45,12.05,13.0,1998.0,0.3198310205078124,True,CALL,2026-05-15,WMT
WMT260515C00115000,115.0,8.6,8.55,8.65,3.0,2186.0,0.29614961669921874,True,CALL,2026-05-15,WMT
WMT260515C00120000,120.0,5.8,5.9,6.05,54.0,5299.0,0.2852244329833984,False,CALL,2026-05-15,WMT
WMT260515C00125000,125.0,3.92,3.85,4.0,31.0,5908.0,0.27509269836425776,False,CALL,2026-05-15,WMT
WMT260515C00130000,130.0,2.41,2.4,2.48,34.0,3396.0,0.26557130920410155,False,CALL,2026-05-15,WMT
WMT260515C00135000,135.0,1.42,1.39,1.48,20.0,1874.0,0.25965095825195317,False,CALL,2026-05-15,WMT
WMT260515C00140000,140.0,0.71,0.43,0.93,156.0,1300.0,0.2622144091796875,False,CALL,2026-05-15,WMT
WMT260515C00145000,145.0,0.45,0.23,0.5,4.0,225.0,0.2563550927734375,False,CALL,2026-05-15,WMT
WMT260515C00150000,150.0,0.3,0.11,0.38,3.0,38.0,0.2712475219726562,False,CALL,2026-05-15,WMT
WMT260515P00085000,85.0,0.5,0.45,0.64,260.0,724.0,0.39893179199218753,False,PUT,2026-05-15,WMT
WMT260515P00087500,87.5,0.66,0.45,0.76,4.0,1858.0,0.3852600537109374,False,PUT,2026-05-15,WMT
WMT260515P00090000,90.0,0.68,0.5,0.87,1.0,2139.0,0.36817038085937503,False,PUT,2026-05-15,WMT
WMT260515P00092500,92.5,0.78,0.81,1.01,2.0,2175.0,0.35242346801757807,False,PUT,2026-05-15,WMT
WMT260515P00095000,95.0,1.13,0.77,1.23,111.0,1589.0,0.34168138793945313,False,PUT,2026-05-15,WMT
WMT260515P00097500,97.5,1.23,0.99,1.48,2.0,1182.0,0.32996275512695306,False,PUT,2026-05-15,WMT
WMT260515P00100000,100.0,1.57,1.37,1.65,91.0,4626.0,0.30982135498046875,False,PUT,2026-05-15,WMT
WMT260515P00105000,105.0,2.5,2.37,2.44,14.0,5807.0,0.2892527130126953,False,PUT,2026-05-15,WMT
WMT260515P00110000,110.0,3.8,3.6,3.75,16.0,5768.0,0.27722890747070306,False,PUT,2026-05-15,WMT
WMT260515P00115000,115.0,5.55,5.4,5.5,50.0,1762.0,0.26343510009765625,False,PUT,2026-05-15,WMT
WMT260515P00120000,120.0,8.0,7.75,7.9,18.0,883.0,0.25312026184082037,True,PUT,2026-05-15,WMT
WMT260515P00125000,125.0,10.35,10.45,11.2,9.0,154.0,0.2556226782226563,True,PUT,2026-05-15,WMT
WMT260515P00130000,130.0,13.6,14.0,14.35,3.0,34.0,0.2254716125488281,True,PUT,2026-05-15,WMT
WMT260515P00135000,135.0,17.19,17.9,19.85,1.0,5.0,0.2999337585449219,True,PUT,2026-05-15,WMT
WMT260515P00140000,140.0,20.5,22.55,24.5,1.0,1.0,0.3236151623535155,True,PUT,2026-05-15,WMT
WMT260515P00145000,145.0,31.45,25.9,29.75,,1.0,0.37879039184570307,True,PUT,2026-05-15,WMT
WMT260515P00150000,150.0,32.0,30.95,34.75,1.0,1.0,0.4165097412109374,True,PUT,2026-05-15,WMT
WMT260618C00082500,82.5,31.01,34.7,36.55,1.0,197.0,0.4809622216796875,True,CALL,2026-06-18,WMT
WMT260618C00085000,85.0,35.0,32.15,34.1,2.0,497.0,0.4537408142089844,True,CALL,2026-06-18,WMT
WMT260618C00087500,87.5,32.42,29.8,31.75,20.0,1736.0,0.43408769042968753,True,CALL,2026-06-18,WMT
WMT260618C00090000,90.0,29.0,27.85,29.6,3.0,1126.0,0.4270076831054688,True,CALL,2026-06-18,WMT
WMT260618C00092500,92.5,27.14,25.45,27.05,45.0,631.0,0.39258419921875,True,CALL,2026-06-18,WMT
WMT260618C00095000,95.0,23.85,23.4,24.85,1.0,1040.0,0.3795228063964844,True,CALL,2026-06-18,WMT
WMT260618C00097500,97.5,21.8,21.25,22.8,10.0,2894.0,0.3723207299804688,True,CALL,2026-06-18,WMT
WMT260618C00100000,100.0,19.6,19.8,20.55,2.0,2296.0,0.3524845025634765,True,CALL,2026-06-18,WMT
WMT260618C00105000,105.0,16.1,16.0,16.7,19.0,5727.0,0.3365544860839844,True,CALL,2026-06-18,WMT
WMT260618C00110000,110.0,12.42,12.1,12.95,1.0,3545.0,0.3127510131835937,True,CALL,2026-06-18,WMT
WMT260618C00115000,115.0,9.43,9.35,9.7,37.0,3660.0,0.29480685668945306,True,CALL,2026-06-18,WMT
WMT260618C00120000,120.0,6.95,6.75,7.05,628.0,6508.0,0.28290512023925773,False,CALL,2026-06-18,WMT
WMT260618C00125000,125.0,4.85,4.65,4.9,68.0,3177.0,0.2721630401611328,False,CALL,2026-06-18,WMT
WMT260618C00130000,130.0,3.15,3.15,3.3,53.0,3759.0,0.26489992919921873,False,CALL,2026-06-18,WMT
WMT260618C00135000,135.0,2.09,2.05,2.15,47.0,4988.0,0.2594068200683594,False,CALL,2026-06-18,WMT
WMT260618C00140000,140.0,1.38,1.28,1.46,1.0,1418.0,0.2612378564453125,False,CALL,2026-06-18,WMT
WMT260618C00145000,145.0,0.85,0.79,0.92,15.0,504.0,0.25867440551757814,False,CALL,2026-06-18,WMT
WMT260618C00150000,150.0,0.52,0.51,0.61,2.0,1829.0,0.26099371826171874,False,CALL,2026-06-18,WMT
WMT260618P00082500,82.5,0.61,0.45,0.67,5.0,1041.0,0.37744763183593744,False,PUT,2026-06-18,WMT
WMT260618P00085000,85.0,0.65,0.65,0.68,11.0,2618.0,0.3523013989257812,False,PUT,2026-06-18,WMT
WMT260618P00087500,87.5,0.86,0.67,0.94,1.0,2916.0,0.3540103662109374,False,PUT,2026-06-18,WMT
WMT260618P00090000,90.0,0.94,0.8,0.96,15.0,2591.0,0.32910827148437494,False,PUT,2026-06-18,WMT
WMT260618P00092500,92.5,1.19,1.0,1.15,25.0,920.0,0.3186103295898437,False,PUT,2026-06-18,WMT
WMT260618P00095000,95.0,1.4,1.37,1.43,114.0,1739.0,0.31189652954101554,False,PUT,2026-06-18,WMT
WMT260618P00097500,97.5,1.79,1.53,1.88,1.0,4944.0,0.3122627368164062,False,PUT,2026-06-18,WMT
WMT260618P00100000,100.0,2.02,1.97,2.06,925.0,8693.0,0.29321995849609367,False,PUT,2026-06-18,WMT
WMT260618P00105000,105.0,3.0,2.97,3.05,65.0,7331.0,0.2799144274902343,False,PUT,2026-06-18,WMT
WMT260618P00110000,110.0,4.35,4.3,4.4,111.0,6428.0,0.26673096557617193,False,PUT,2026-06-18,WMT
WMT260618P00115000,115.0,6.25,6.1,6.25,49.0,1373.0,0.25580578186035163,False,PUT,2026-06-18,WMT
WMT260618P00120000,120.0,8.5,8.4,8.6,73.0,701.0,0.24463645996093752,True,PUT,2026-06-18,WMT
WMT260618P00125000,125.0,11.65,11.3,11.45,19.0,160.0,0.23194127441406248,True,PUT,2026-06-18,WMT
WMT260618P00130000,130.0,14.17,14.35,15.75,2.0,51.0,0.2564771618652344,True,PUT,2026-06-18,WMT
WMT260618P00135000,135.0,22.9,18.45,19.85,1.0,2.0,0.26129889099121095,True,PUT,2026-06-18,WMT
WMT260618P00140000,140.0,22.0,22.7,24.7,1.0,51.0,0.29224340576171864,True,PUT,2026-06-18,WMT
WMT260618P00145000,145.0,26.85,27.3,29.5,1.0,2.0,0.31653515502929686,True,PUT,2026-06-18,WMT
WMT260618P00150000,150.0,46.81,46.7,49.8,4.0,0.0,0.8920909228515624,True,PUT,2026-06-18,WMT
WMT260918C00085000,85.0,35.55,33.5,35.5,2.0,226.0,0.42896078857421877,True,CALL,2026-09-18,WMT
WMT260918C00087500,87.5,33.59,31.25,33.0,15.0,417.0,0.4018614501953125,True,CALL,2026-09-18,WMT
WMT260918C00090000,90.0,29.8,28.9,31.0,1.0,185.0,0.3975890319824219,True,CALL,2026-09-18,WMT
WMT260918C00092500,92.5,30.4,26.8,28.7,5.0,205.0,0.37879039184570307,True,CALL,2026-09-18,WMT
WMT260918C00095000,95.0,25.7,24.9,26.5,273.0,382.0,0.3635927899169922,True,CALL,2026-09-18,WMT
WMT260918C00097500,97.5,24.2,23.05,24.6,9.0,300.0,0.3585269226074219,True,CALL,2026-09-18,WMT
WMT260918C00100000,100.0,22.2,21.25,22.5,3.0,407.0,0.34448897705078124,True,CALL,2026-09-18,WMT
WMT260918C00105000,105.0,17.37,17.3,18.85,2.0,881.0,0.33020689331054687,True,CALL,2026-09-18,WMT
WMT260918C00110000,110.0,14.77,14.55,15.65,5.0,2756.0,0.3214789532470703,True,CALL,2026-09-18,WMT
WMT260918C00115000,115.0,12.0,11.9,12.4,11.0,3341.0,0.30298548583984375,True,CALL,2026-09-18,WMT
WMT260918C00120000,120.0,9.6,9.4,9.8,49.0,1932.0,0.29358616577148433,False,CALL,2026-09-18,WMT
WMT260918C00125000,125.0,7.4,7.2,7.6,16.0,1196.0,0.2857127093505859,False,CALL,2026-09-18,WMT
WMT260918C00130000,130.0,5.5,5.3,5.75,21.0,2415.0,0.27814442565917963,False,CALL,2026-09-18,WMT
WMT260918C00135000,135.0,4.15,3.95,4.3,15.0,357.0,0.272895454711914,False,CALL,2026-09-18,WMT
WMT260918C00140000,140.0,2.79,2.97,3.1,3.0,695.0,0.26636475830078127,False,CALL,2026-09-18,WMT
WMT260918C00145000,145.0,2.03,1.78,2.28,3.0,971.0,0.2644116528320312,False,CALL,2026-09-18,WMT
WMT260918C00150000,150.0,1.46,1.37,1.69,61.0,232.0,0.2643506182861328,False,CALL,2026-09-18,WMT
WMT260918P00085000,85.0,1.36,1.11,1.48,2.0,1051.0,0.33521172607421873,False,PUT,2026-09-18,WMT
WMT260918P00087500,87.5,1.49,1.38,1.7,4.0,726.0,0.32556826782226556,False,PUT,2026-09-18,WMT
WMT260918P00090000,90.0,1.75,1.7,1.93,1.0,995.0,0.3149482568359374,False,PUT,2026-09-18,WMT
WMT260918P00092500,92.5,2.14,1.72,2.17,30.0,771.0,0.3034127276611328,False,PUT,2026-09-18,WMT
WMT260918P00095000,95.0,2.47,2.27,2.67,1.0,604.0,0.30225307128906254,False,PUT,2026-09-18,WMT
WMT260918P00097500,97.5,2.75,2.64,3.15,18.0,501.0,0.29724823852539056,False,PUT,2026-09-18,WMT
WMT260918P00100000,100.0,3.35,3.35,3.4,128.0,1750.0,0.28137925659179686,False,PUT,2026-09-18,WMT
WMT260918P00105000,105.0,4.65,4.45,4.65,3.0,1855.0,0.2712475219726562,False,PUT,2026-09-18,WMT
WMT260918P00110000,110.0,6.15,6.1,6.35,77.0,616.0,0.26489992919921873,False,PUT,2026-09-18,WMT
WMT260918P00115000,115.0,8.1,8.05,8.25,10.0,966.0,0.2536085382080079,False,PUT,2026-09-18,WMT
WMT260918P00120000,120.0,10.55,10.3,10.75,18.0,1222.0,0.24793232543945312,True,PUT,2026-09-18,WMT
WMT260918P00125000,125.0,13.5,12.8,13.9,3.0,56.0,0.24878680908203127,True,PUT,2026-09-18,WMT
WMT260918P00130000,130.0,16.6,16.05,17.1,50.0,106.0,0.24042507629394527,True,PUT,2026-09-18,WMT
WMT260918P00135000,135.0,21.75,19.65,20.75,220.0,109.0,0.23444369079589844,True,PUT,2026-09-18,WMT
WMT260918P00140000,140.0,29.7,23.35,25.35,1.0,27.0,0.25196060546875,True,PUT,2026-09-18,WMT
WMT260918P00145000,145.0,43.82,40.55,44.0,2.0,1.0,0.6346472082519532,True,PUT,2026-09-18,WMT
WMT260918P00150000,150.0,33.6,32.3,34.45,1.0,1.0,0.2691723474121094,True,PUT,2026-09-18,WMT
WMT261218C00082500,82.5,38.82,36.55,38.9,100.0,669.0,0.4251156121826172,True,CALL,2026-12-18,WMT
WMT261218C00085000,85.0,36.92,33.85,37.55,3.0,186.0,0.44360907958984375,True,CALL,2026-12-18,WMT
WMT261218C00087500,87.5,33.13,32.7,34.35,4.0,245.0,0.3924621301269531,True,CALL,2026-12-18,WMT
WMT261218C00090000,90.0,31.25,30.3,32.2,15.0,490.0,0.3800110827636719,True,CALL,2026-12-18,WMT
WMT261218C00092500,92.5,31.27,28.45,30.3,10.0,172.0,0.3751283190917969,True,CALL,2026-12-18,WMT
WMT261218C00095000,95.0,27.45,26.55,29.0,2.0,525.0,0.38709109008789055,True,CALL,2026-12-18,WMT
WMT261218C00097500,97.5,28.75,24.7,26.8,2.0,255.0,0.36975727905273437,True,CALL,2026-12-18,WMT
WMT261218C00100000,100.0,23.35,23.25,24.45,1.0,526.0,0.3479069116210937,True,CALL,2026-12-18,WMT
WMT261218C00105000,105.0,20.0,19.9,20.8,1.0,479.0,0.3308782733154296,True,CALL,2026-12-18,WMT
WMT261218C00110000,110.0,17.35,16.85,17.85,33.0,1253.0,0.32602602691650384,True,CALL,2026-12-18,WMT
WMT261218C00115000,115.0,13.63,13.7,14.9,10.0,952.0,0.31482618774414056,True,CALL,2026-12-18,WMT
WMT261218C00120000,120.0,11.7,11.2,12.45,6.0,1436.0,0.3090889404296875,False,CALL,2026-12-18,WMT
WMT261218C00125000,125.0,9.29,9.0,9.65,2.0,792.0,0.2891306439208984,False,CALL,2026-12-18,WMT
WMT261218C00130000,130.0,7.2,7.3,7.75,2.0,485.0,0.28327132751464834,False,CALL,2026-12-18,WMT
WMT261218C00135000,135.0,5.5,5.75,6.1,12.0,2660.0,0.2769237347412109,False,CALL,2026-12-18,WMT
WMT261218C00140000,140.0,4.5,4.25,4.8,2.0,1237.0,0.27307855834960937,False,CALL,2026-12-18,WMT
WMT261218C00145000,145.0,3.4,3.35,3.7,20.0,185.0,0.2685009674072265,False,CALL,2026-12-18,WMT
WMT261218C00150000,150.0,2.61,2.47,2.94,2.0,881.0,0.26843993286132806,False,CALL,2026-12-18,WMT
WMT261218P00082500,82.5,1.44,1.37,1.77,1.0,569.0,0.3205024005126953,False,PUT,2026-12-18,WMT
WMT261218P00085000,85.0,1.88,1.62,2.03,1.0,373.0,0.31287308227539057,False,PUT,2026-12-18,WMT
WMT261218P00087500,87.5,2.1,1.7,2.33,1.0,128.0,0.30573204040527346,False,PUT,2026-12-18,WMT
WMT261218P00090000,90.0,2.4,2.26,2.67,17.0,828.0,0.29883513671874995,False,PUT,2026-12-18,WMT
WMT261218P00092500,92.5,2.75,2.6,3.1,200.0,641.0,0.29383030395507803,False,PUT,2026-12-18,WMT
WMT261218P00095000,95.0,3.3,2.8,3.55,3.0,610.0,0.28778788391113275,False,PUT,2026-12-18,WMT
WMT261218P00097500,97.5,3.9,3.5,4.05,35.0,400.0,0.28174546386718746,False,PUT,2026-12-18,WMT
WMT261218P00100000,100.0,4.4,4.2,4.5,20.0,1028.0,0.27259028198242186,False,PUT,2026-12-18,WMT
WMT261218P00105000,105.0,5.6,5.5,6.1,1.0,641.0,0.26923338195800783,False,PUT,2026-12-18,WMT
WMT261218P00110000,110.0,7.39,6.9,7.8,36.0,1562.0,0.2602613037109375,False,PUT,2026-12-18,WMT
WMT261218P00115000,115.0,9.43,9.15,9.9,96.0,665.0,0.2533033654785156,False,PUT,2026-12-18,WMT
WMT261218P00120000,120.0,11.73,10.5,12.15,10.0,550.0,0.2420119744873047,True,PUT,2026-12-18,WMT
WMT261218P00125000,125.0,14.59,14.1,15.1,1.0,40.0,0.23874662628173826,True,PUT,2026-12-18,WMT
WMT261218P00130000,130.0,16.2,16.4,18.55,90.0,205.0,0.23938748901367185,True,PUT,2026-12-18,WMT
WMT261218P00135000,135.0,23.5,0.0,0.0,10.0,49.0,1.0000000000000003e-05,True,PUT,2026-12-18,WMT
WMT261218P00140000,140.0,24.05,24.15,25.65,11.0,1.0,0.22278609252929685,True,PUT,2026-12-18,WMT
WMT261218P00145000,145.0,42.21,42.0,44.15,,0.0,0.5565840240478517,True,PUT,2026-12-18,WMT
WMT270115C00082500,82.5,37.75,37.2,39.2,4.0,305.0,0.4194393994140625,True,CALL,2027-01-15,WMT
WMT270115C00085000,85.0,36.25,35.7,36.7,50.0,5263.0,0.39502558105468755,True,CALL,2027-01-15,WMT
WMT270115C00087500,87.5,33.88,33.25,34.55,1.0,340.0,0.38349005187988283,True,CALL,2027-01-15,WMT
WMT270115C00090000,90.0,31.5,31.0,33.0,2.0,1166.0,0.3906921282958984,True,CALL,2027-01-15,WMT
WMT270115C00092500,92.5,31.04,29.45,30.65,2.0,528.0,0.3707338317871094,True,CALL,2027-01-15,WMT
WMT270115C00095000,95.0,27.93,27.05,28.6,1.0,595.0,0.35962554443359374,True,CALL,2027-01-15,WMT
WMT270115C00097500,97.5,26.02,25.4,26.45,4.0,387.0,0.3449467361450196,True,CALL,2027-01-15,WMT
WMT270115C00100000,100.0,23.8,23.2,25.35,10.0,1951.0,0.3577945080566406,True,CALL,2027-01-15,WMT
WMT270115C00105000,105.0,20.0,19.9,21.35,1.0,1714.0,0.331061376953125,True,CALL,2027-01-15,WMT
WMT270115C00110000,110.0,17.49,17.35,17.9,83.0,5364.0,0.3139411868286133,True,CALL,2027-01-15,WMT
WMT270115C00115000,115.0,14.5,14.9,14.95,5.0,3903.0,0.303168589477539,True,CALL,2027-01-15,WMT
WMT270115C00120000,120.0,12.25,11.9,12.45,54.0,2539.0,0.29651582397460935,False,CALL,2027-01-15,WMT
WMT270115C00125000,125.0,10.15,9.45,10.15,44.0,3668.0,0.28833719482421866,False,CALL,2027-01-15,WMT
WMT270115C00130000,130.0,8.0,7.85,8.2,28.0,1575.0,0.28186753295898437,False,CALL,2027-01-15,WMT
WMT270115C00135000,135.0,6.32,6.2,6.55,27.0,4324.0,0.27625235473632803,False,CALL,2027-01-15,WMT
WMT270115C00140000,140.0,5.1,4.95,5.2,29.0,4283.0,0.2720409710693359,False,CALL,2027-01-15,WMT
WMT270115C00145000,145.0,4.0,3.6,4.1,2.0,1690.0,0.2686230364990234,False,CALL,2027-01-15,WMT
WMT270115C00150000,150.0,3.08,2.98,3.25,1.0,2477.0,0.2670361383056641,False,CALL,2027-01-15,WMT
WMT270115P00082500,82.5,1.65,1.49,1.89,1.0,438.0,0.3136054968261719,False,PUT,2027-01-15,WMT
WMT270115P00085000,85.0,2.05,1.74,2.16,3.0,2822.0,0.306220316772461,False,PUT,2027-01-15,WMT
WMT270115P00087500,87.5,2.28,1.84,2.47,11.0,658.0,0.299262378540039,False,PUT,2027-01-15,WMT
WMT270115P00090000,90.0,2.67,2.52,2.83,100.0,2281.0,0.292853751220703,False,PUT,2027-01-15,WMT
WMT270115P00092500,92.5,2.99,2.77,3.25,13.0,1857.0,0.2872385729980468,False,PUT,2027-01-15,WMT
WMT270115P00095000,95.0,3.46,3.3,3.6,10.0,1876.0,0.27771718383789057,False,PUT,2027-01-15,WMT
WMT270115P00097500,97.5,4.05,3.7,4.3,12.0,476.0,0.27793080474853515,False,PUT,2027-01-15,WMT
WMT270115P00100000,100.0,4.7,4.3,4.9,13.0,2232.0,0.27295648925781246,False,PUT,2027-01-15,WMT
WMT270115P00105000,105.0,6.05,5.85,6.1,28.0,2381.0,0.25830819824218754,False,PUT,2027-01-15,WMT
WMT270115P00110000,110.0,7.9,7.4,8.1,1.0,3798.0,0.2567213000488281,False,PUT,2027-01-15,WMT
WMT270115P00115000,115.0,9.8,8.95,9.9,54.0,3217.0,0.2430190444946289,False,PUT,2027-01-15,WMT
WMT270115P00120000,120.0,12.16,11.15,12.6,36.0,728.0,0.2420119744873047,True,PUT,2027-01-15,WMT
WMT270115P00125000,125.0,14.8,14.45,15.35,11.0,206.0,0.2345657598876953,True,PUT,2027-01-15,WMT
WMT270115P00130000,130.0,17.0,17.4,18.5,1.0,41.0,0.22852333984375,True,PUT,2027-01-15,WMT
WMT270115P00135000,135.0,24.3,20.75,22.15,8.0,11.0,0.2269364416503906,True,PUT,2027-01-15,WMT
WMT270115P00140000,140.0,27.84,24.35,26.1,2.0,4.0,0.22638713073730468,True,PUT,2027-01-15,WMT
WMT270115P00145000,145.0,33.84,0.0,0.0,10.0,10.0,1.0000000000000003e-05,True,PUT,2027-01-15,WMT
WMT270115P00150000,150.0,34.2,33.05,34.45,4.0,0.0,0.21912401977539062,True,PUT,2027-01-15,WMT
WMT270617C00085000,85.0,38.2,35.7,38.6,1.0,104.0,0.38544315734863277,True,CALL,2027-06-17,WMT
WMT270617C00087500,87.5,36.85,33.7,36.8,26.0,61.0,0.3823914300537109,True,CALL,2027-06-17,WMT
WMT270617C00090000,90.0,33.95,33.8,34.65,1.0,3052.0,0.3692995199584961,True,CALL,2027-06-17,WMT
WMT270617C00092500,92.5,30.71,29.9,32.95,1.0,750.0,0.36694968994140625,True,CALL,2027-06-17,WMT
WMT270617C00095000,95.0,29.55,30.0,31.1,1.0,341.0,0.35990019989013666,True,CALL,2027-06-17,WMT
WMT270617C00097500,97.5,27.8,27.3,29.5,1.0,360.0,0.35773347351074214,True,CALL,2027-06-17,WMT
WMT270617C00100000,100.0,26.8,25.55,26.95,10.0,803.0,0.3338079315185547,True,CALL,2027-06-17,WMT
WMT270617C00105000,105.0,25.0,22.25,25.1,2.0,1404.0,0.3530338134765625,True,CALL,2027-06-17,WMT
WMT270617C00110000,110.0,20.05,18.7,21.85,1.0,2606.0,0.3386296606445312,True,CALL,2027-06-17,WMT
WMT270617C00115000,115.0,16.73,16.6,18.45,11.0,1866.0,0.31830515686035155,True,CALL,2027-06-17,WMT
WMT270617C00120000,120.0,14.2,13.9,16.45,3.0,707.0,0.3205634350585937,False,CALL,2027-06-17,WMT
WMT270617C00125000,125.0,13.95,12.1,13.5,1.0,767.0,0.30158169128417966,False,CALL,2027-06-17,WMT
WMT270617C00130000,130.0,10.35,9.55,11.05,2.0,206.0,0.28790995300292954,False,CALL,2027-06-17,WMT
WMT270617C00135000,135.0,9.85,8.35,9.35,2.0,93.0,0.284064776611328,False,CALL,2027-06-17,WMT
WMT270617C00140000,140.0,7.5,7.0,8.3,1.0,263.0,0.28897805755615225,False,CALL,2027-06-17,WMT
WMT270617C00145000,145.0,6.05,5.7,6.55,1.0,944.0,0.27674063110351554,False,CALL,2027-06-17,WMT
WMT270617C00150000,150.0,5.0,4.65,5.5,16.0,85.0,0.27497062927246096,False,CALL,2027-06-17,WMT
WMT270617P00085000,85.0,2.39,2.03,3.3,16.0,1240.0,0.29614961669921874,False,PUT,2027-06-17,WMT
WMT270617P00087500,87.5,4.95,2.2,4.05,2.0,122.0,0.3007882421875,False,PUT,2027-06-17,WMT
WMT270617P00090000,90.0,3.65,1.75,4.95,1.0,260.0,0.3070137658691406,False,PUT,2027-06-17,WMT
WMT270617P00092500,92.5,4.75,2.98,5.0,2.0,14.0,0.28852029846191396,False,PUT,2027-06-17,WMT
WMT270617P00095000,95.0,4.65,2.92,5.55,11.0,961.0,0.28281356842041017,False,PUT,2027-06-17,WMT
WMT270617P00097500,97.5,5.0,3.0,6.7,5.0,835.0,0.2902292657470703,False,PUT,2027-06-17,WMT
WMT270617P00100000,100.0,5.75,5.5,7.4,3.0,575.0,0.28528546752929684,False,PUT,2027-06-17,WMT
WMT270617P00105000,105.0,7.35,6.35,8.05,9.0,618.0,0.25666026550292964,False,PUT,2027-06-17,WMT
WMT270617P00110000,110.0,9.25,8.1,10.85,3.0,801.0,0.2678906219482422,False,PUT,2027-06-17,WMT
WMT270617P00115000,115.0,10.5,10.2,12.85,1.0,272.0,0.25772837005615234,False,PUT,2027-06-17,WMT
WMT270617P00120000,120.0,12.65,12.6,14.2,7.0,188.0,0.23117834259033204,True,PUT,2027-06-17,WMT
WMT270617P00125000,125.0,15.39,15.7,17.6,4.0,106.0,0.23706817626953125,True,PUT,2027-06-17,WMT
WMT270617P00130000,130.0,30.21,27.3,30.7,2.0,9.0,0.4153806021118164,True,PUT,2027-06-17,WMT
WMT270617P00135000,135.0,24.05,22.05,23.45,2.0,3.0,0.21595022338867187,True,PUT,2027-06-17,WMT
WMT270617P00140000,140.0,24.99,25.25,28.25,1.0,7.0,0.23548127807617186,True,PUT,2027-06-17,WMT
WMT270617P00145000,145.0,44.0,41.5,44.3,,0.0,0.4683585879516602,True,PUT,2027-06-17,WMT
WMT270617P00150000,150.0,32.52,33.45,36.25,1.0,1.0,0.23169713623046873,True,PUT,2027-06-17,WMT
WMT271217C00085000,85.0,40.5,38.5,40.85,14.0,79.0,0.3828797064208984,True,CALL,2027-12-17,WMT
WMT271217C00090000,90.0,35.94,34.85,37.05,2.0,52.0,0.36780417358398443,True,CALL,2027-12-17,WMT
WMT271217C00092500,92.5,35.35,33.0,35.35,2.0,145.0,0.3635927899169922,True,CALL,2027-12-17,WMT
WMT271217C00095000,95.0,31.0,31.75,33.55,1.0,45.0,0.3567264035034179,True,CALL,2027-12-17,WMT
WMT271217C00097500,97.5,31.5,29.55,32.2,2.0,34.0,0.3578250253295898,True,CALL,2027-12-17,WMT
WMT271217C00100000,100.0,31.4,27.0,30.2,5.0,153.0,0.3460148406982422,True,CALL,2027-12-17,WMT
WMT271217C00105000,105.0,26.2,24.85,26.95,1.0,68.0,0.33460138061523437,True,CALL,2027-12-17,WMT
WMT271217C00110000,110.0,23.18,21.85,24.75,3.0,130.0,0.338324487915039,True,CALL,2027-12-17,WMT
WMT271217C00115000,115.0,20.58,19.1,21.25,1.0,190.0,0.3176642941284179,True,CALL,2027-12-17,WMT
WMT271217C00120000,120.0,18.5,17.35,18.35,3.0,92.0,0.30445031494140623,False,CALL,2027-12-17,WMT
WMT271217C00125000,125.0,16.0,14.55,16.0,1.0,194.0,0.29727875579833973,False,CALL,2027-12-17,WMT
WMT271217C00130000,130.0,14.25,11.7,15.45,24.0,61.0,0.315314464111328,False,CALL,2027-12-17,WMT
WMT271217C00135000,135.0,11.5,10.2,12.4,1.0,68.0,0.2917856466674803,False,CALL,2027-12-17,WMT
WMT271217C00140000,140.0,10.65,8.6,11.05,1.0,27.0,0.29224340576171864,False,CALL,2027-12-17,WMT
WMT271217C00145000,145.0,9.02,7.2,10.3,1.0,22.0,0.30014737945556635,False,CALL,2027-12-17,WMT
WMT271217C00150000,150.0,7.62,6.95,8.3,1.0,126.0,0.2852244329833984,False,CALL,2027-12-17,WMT
WMT271217P00085000,85.0,4.2,2.1,4.15,80.0,151.0,0.2771678729248046,False,PUT,2027-12-17,WMT
WMT271217P00090000,90.0,5.2,4.4,4.95,1.0,332.0,0.26306889282226564,False,PUT,2027-12-17,WMT
WMT271217P00092500,92.5,6.43,0.0,0.0,3.0,21.0,0.0312596875,False,PUT,2027-12-17,WMT
WMT271217P00095000,95.0,5.1,4.6,6.85,1.0,74.0,0.26972165832519535,False,PUT,2027-12-17,WMT
WMT271217P00097500,97.5,6.25,4.45,8.0,14.0,58.0,0.27448235290527345,False,PUT,2027-12-17,WMT
WMT271217P00100000,100.0,7.2,6.7,7.7,3.0,297.0,0.2501906036376953,False,PUT,2027-12-17,WMT
WMT271217P00105000,105.0,8.64,7.65,9.95,146.0,187.0,0.25354750366210943,False,PUT,2027-12-17,WMT
WMT271217P00110000,110.0,11.0,9.15,12.4,16.0,114.0,0.2552869882202149,False,PUT,2027-12-17,WMT
WMT271217P00115000,115.0,12.9,11.2,14.05,1.0,90.0,0.2399978344726562,False,PUT,2027-12-17,WMT
WMT271217P00120000,120.0,15.3,13.0,17.2,7.0,58.0,0.2449416326904297,True,PUT,2027-12-17,WMT
WMT271217P00125000,125.0,17.46,16.25,19.55,2.0,24.0,0.2335892071533203,True,PUT,2027-12-17,WMT
WMT271217P00130000,130.0,23.55,19.0,22.55,15.0,101.0,0.2287064434814453,True,PUT,2027-12-17,WMT
WMT271217P00135000,135.0,26.7,22.65,25.25,2.0,4.0,0.21512625701904298,True,PUT,2027-12-17,WMT
WMT280121C00085000,85.0,39.1,38.5,40.6,2.0,285.0,0.3678957254028321,True,CALL,2028-01-21,WMT
WMT280121C00090000,90.0,37.5,35.5,37.5,4.0,120.0,0.3679872772216797,True,CALL,2028-01-21,WMT
WMT280121C00092500,92.5,34.46,33.4,35.05,2.0,84.0,0.3487613952636719,True,CALL,2028-01-21,WMT
WMT280121C00095000,95.0,33.1,31.2,34.0,3.0,671.0,0.35654329986572264,True,CALL,2028-01-21,WMT
WMT280121C00097500,97.5,31.73,30.05,32.45,1.0,440.0,0.3536441589355468,True,CALL,2028-01-21,WMT
WMT280121C00100000,100.0,29.85,28.5,31.2,2.0,544.0,0.3554141607666015,True,CALL,2028-01-21,WMT
WMT280121C00105000,105.0,25.9,25.45,27.7,1.0,467.0,0.3391179370117187,True,CALL,2028-01-21,WMT
WMT280121C00110000,110.0,23.86,23.3,23.95,2.0,289.0,0.31702343139648437,True,CALL,2028-01-21,WMT
WMT280121C00115000,115.0,20.95,20.0,21.9,5.0,524.0,0.3200751586914062,True,CALL,2028-01-21,WMT
WMT280121C00120000,120.0,18.55,18.15,18.85,2.0,1656.0,0.30466393585205076,False,CALL,2028-01-21,WMT
WMT280121C00125000,125.0,16.09,15.05,17.7,2.0,235.0,0.31583325775146476,False,CALL,2028-01-21,WMT
WMT280121C00130000,130.0,14.42,13.15,15.7,2.0,285.0,0.3113777359008788,False,CALL,2028-01-21,WMT
WMT280121C00135000,135.0,11.86,10.1,13.4,2.0,158.0,0.2999337585449219,False,CALL,2028-01-21,WMT
WMT280121C00140000,140.0,10.75,10.45,11.1,8.0,195.0,0.2858347784423828,False,CALL,2028-01-21,WMT
WMT280121C00145000,145.0,9.26,9.1,9.65,23.0,1237.0,0.28241684387207033,False,CALL,2028-01-21,WMT
WMT280121C00150000,150.0,8.05,7.7,8.4,27.0,2327.0,0.2798839102172851,False,CALL,2028-01-21,WMT
WMT280121P00085000,85.0,3.35,3.15,4.75,2.0,426.0,0.2856821920776367,False,PUT,2028-01-21,WMT
WMT280121P00090000,90.0,4.9,4.75,5.0,5.0,513.0,0.25775888732910157,False,PUT,2028-01-21,WMT
WMT280121P00092500,92.5,6.4,3.85,6.4,4.0,5.0,0.2714306256103516,False,PUT,2028-01-21,WMT
WMT280121P00095000,95.0,5.2,4.6,6.85,1.0,242.0,0.26309941009521487,False,PUT,2028-01-21,WMT
WMT280121P00097500,97.5,6.45,4.65,7.2,1.0,80.0,0.2523573300170898,False,PUT,2028-01-21,WMT
WMT280121P00100000,100.0,7.75,7.25,8.0,7.0,546.0,0.24964129272460936,False,PUT,2028-01-21,WMT
WMT280121P00105000,105.0,9.97,8.9,9.7,31.0,360.0,0.2430495617675781,False,PUT,2028-01-21,WMT
WMT280121P00110000,110.0,11.18,10.8,11.6,8.0,290.0,0.23609162353515623,False,PUT,2028-01-21,WMT
WMT280121P00115000,115.0,12.95,13.0,13.3,3.0,20.0,0.22245040252685544,False,PUT,2028-01-21,WMT
WMT280121P00120000,120.0,15.3,14.0,16.2,1.0,96.0,0.2237016107177734,True,PUT,2028-01-21,WMT
WMT280121P00125000,125.0,18.54,16.6,19.35,2.0,63.0,0.2248307498168945,True,PUT,2028-01-21,WMT
WMT280121P00130000,130.0,21.1,20.75,21.75,1.0,376.0,0.21076228698730468,True,PUT,2028-01-21,WMT
WMT280121P00135000,135.0,23.85,23.45,25.0,10.0,5.0,0.20584900604248046,True,PUT,2028-01-21,WMT
WMT280121P00140000,140.0,26.5,26.8,28.45,1.0,3.0,0.20032537963867186,True,PUT,2028-01-21,WMT
WMT280121P00145000,145.0,36.41,29.75,32.2,2.0,8.0,0.1960834786987305,True,PUT,2028-01-21,WMT
WMT280121P00150000,150.0,35.2,34.8,36.15,1.0,4.0,0.19175002593994145,True,PUT,2028-01-21,WMT
WOLF260220C00012500,12.5,5.5,4.55,6.0,30.0,126.0,1.505861845703125,True,CALL,2026-02-20,WOLF
WOLF260220C00015000,15.0,4.0,2.67,3.8,1.0,28.0,1.2294960400390624,True,CALL,2026-02-20,WOLF
WOLF260220C00017500,17.5,1.85,1.66,1.9,85.0,444.0,1.125004375,False,CALL,2026-02-20,WOLF
WOLF260220C00020000,20.0,1.22,0.93,1.22,234.0,1941.0,1.1953165234375,False,CALL,2026-02-20,WOLF
WOLF260220P00012500,12.5,0.33,0.19,0.34,3.0,191.0,1.119145029296875,False,PUT,2026-02-20,WOLF
WOLF260220P00015000,15.0,0.86,0.8,0.96,13.0,731.0,1.09375453125,False,PUT,2026-02-20,WOLF
WOLF260220P00017500,17.5,2.06,1.8,2.21,37.0,12192.0,1.0576218994140625,True,PUT,2026-02-20,WOLF
WOLF260220P00020000,20.0,3.8,2.93,4.05,3.0,237.0,0.92187578125,True,PUT,2026-02-20,WOLF
WOLF260320C00012500,12.5,7.3,5.1,6.6,1.0,1.0,1.361331318359375,True,CALL,2026-03-20,WOLF
WOLF260320C00015000,15.0,3.75,3.5,4.45,2.0,14.0,1.162113564453125,True,CALL,2026-03-20,WOLF
WOLF260320C00017500,17.5,2.8,2.64,3.55,1.0,244.0,1.2744176904296873,False,CALL,2026-03-20,WOLF
WOLF260320C00020000,20.0,1.86,1.79,2.26,16.0,2904.0,1.1845743896484375,False,CALL,2026-03-20,WOLF
WOLF260320P00012500,12.5,0.66,0.74,0.77,1.0,9.0,1.1015669921875002,False,PUT,2026-03-20,WOLF
WOLF260320P00015000,15.0,1.52,1.63,1.7,31.0,274.0,1.0947310888671877,False,PUT,2026-03-20,WOLF
WOLF260320P00017500,17.5,2.58,2.88,3.15,19.0,421.0,1.107426337890625,True,PUT,2026-03-20,WOLF
WOLF260320P00020000,20.0,4.25,4.5,4.8,24.0,336.0,1.0996138769531252,True,PUT,2026-03-20,WOLF
WOLF260515C00012500,12.5,0.08,0.0,0.99,5.0,86.0,1.0000000000000003e-05,True,CALL,2026-05-15,WOLF
WOLF260515C00015000,15.0,0.01,0.0,1.12,2.0,98.0,1.0000000000000003e-05,True,CALL,2026-05-15,WOLF
WOLF260515C00017500,17.5,0.04,0.01,0.16,5.0,79.0,0.08008732421875,False,CALL,2026-05-15,WOLF
WOLF260515C00020000,20.0,0.06,0.0,0.53,5.0,310.0,0.38867798828125,False,CALL,2026-05-15,WOLF
WOLF260515P00012500,12.5,11.4,11.3,12.0,14.0,118.0,6.998048127441407,False,PUT,2026-05-15,WOLF
WOLF260515P00015000,15.0,14.3,14.0,14.65,10.0,22.0,7.5078131152343754,False,PUT,2026-05-15,WOLF
WOLF260515P00017500,17.5,16.41,16.05,16.7,2.0,9.0,6.820313974609375,True,PUT,2026-05-15,WOLF
WOLF260515P00020000,20.0,19.02,18.3,20.7,9.0,9.0,8.171879892578126,True,PUT,2026-05-15,WOLF
WOLF260618C00012500,12.5,7.0,6.3,7.65,1.0,15.0,1.1904337353515624,True,CALL,2026-06-18,WOLF
WOLF260618C00015000,15.0,5.55,5.05,6.5,4.0,127.0,1.185550947265625,True,CALL,2026-06-18,WOLF
WOLF260618C00017500,17.5,4.5,3.95,5.0,1.0,124.0,1.1015669921875002,False,CALL,2026-06-18,WOLF
WOLF260618C00020000,20.0,3.55,3.35,3.95,100.0,311.0,1.0952193676757815,False,CALL,2026-06-18,WOLF
WOLF260618P00012500,12.5,1.88,1.88,2.01,4.0,66.0,1.0703171484375003,False,PUT,2026-06-18,WOLF
WOLF260618P00015000,15.0,3.05,3.05,3.2,12.0,652.0,1.0522508325195314,False,PUT,2026-06-18,WOLF
WOLF260618P00017500,17.5,4.1,4.45,4.65,1.0,805.0,1.0366259106445317,True,PUT,2026-06-18,WOLF
WOLF260618P00020000,20.0,5.7,6.05,6.35,4.0,76.0,1.0268603344726563,True,PUT,2026-06-18,WOLF
WOLF260918C00013000,13.0,0.03,0.0,2.19,9.0,804.0,1.0000000000000003e-05,True,CALL,2026-09-18,WOLF
WOLF260918C00015000,15.0,6.48,5.9,7.55,2.0,71.0,1.126957490234375,True,CALL,2026-09-18,WOLF
WOLF260918C00017500,17.5,5.45,4.95,6.5,1.0,150.0,1.1015669921875002,False,CALL,2026-09-18,WOLF
WOLF260918C00020000,20.0,5.3,4.35,6.4,1.0,204.0,1.175297092285156,False,CALL,2026-09-18,WOLF
WOLF260918P00012500,12.5,1.82,2.01,3.0,1.0,1.0,0.973633076171875,False,PUT,2026-09-18,WOLF
WOLF260918P00013000,13.0,12.05,11.5,12.9,1.0,0.0,4.832035209960937,False,PUT,2026-09-18,WOLF
WOLF260918P00015000,15.0,3.8,3.25,4.0,20.0,63.0,0.9243171630859376,False,PUT,2026-09-18,WOLF
WOLF260918P00017500,17.5,5.25,5.2,5.6,1.0,5.0,0.9704592797851561,True,PUT,2026-09-18,WOLF
WOLF260918P00020000,20.0,19.2,18.35,19.9,3.0,43.0,4.968753789062499,True,PUT,2026-09-18,WOLF
WRD260220C00007500,7.5,1.0,0.6,1.2,70.0,2083.0,0.9414068359375,True,CALL,2026-02-20,WRD
WRD260220C00010000,10.0,0.17,0.15,0.2,234.0,9234.0,0.80664255859375,False,CALL,2026-02-20,WRD
WRD260220P00007500,7.5,0.19,0.15,0.2,16.0,2256.0,0.5898478515625001,False,PUT,2026-02-20,WRD
WRD260220P00010000,10.0,1.85,1.75,1.9,12.0,711.0,0.6875031250000001,True,PUT,2026-02-20,WRD
WRD260320C00007500,7.5,1.35,1.25,1.4,1.0,36.0,0.7480493945312501,True,CALL,2026-03-20,WRD
WRD260320C00010000,10.0,0.45,0.4,0.5,13.0,328.0,0.813478427734375,False,CALL,2026-03-20,WRD
WRD260320P00007500,7.5,0.46,0.4,0.5,10.0,333.0,0.6660189648437502,False,PUT,2026-03-20,WRD
WRD260320P00010000,10.0,1.7,2.0,2.2,13.0,34.0,0.7539087109375,True,PUT,2026-03-20,WRD
WRD260417C00007500,7.5,1.6,1.45,1.65,21.0,2263.0,0.7656273437500001,True,CALL,2026-04-17,WRD
WRD260417C00010000,10.0,0.62,0.6,0.7,118.0,4500.0,0.7939473730468749,False,CALL,2026-04-17,WRD
WRD260417P00007500,7.5,0.65,0.6,0.75,57.0,2817.0,0.6992217578125001,False,PUT,2026-04-17,WRD
WRD260417P00010000,10.0,2.0,2.15,2.4,121.0,2491.0,0.7324245507812499,True,PUT,2026-04-17,WRD
WRD260717C00007500,7.5,3.1,2.0,2.25,3.0,130.0,0.8037129003906249,True,CALL,2026-07-17,WRD
WRD260717C00010000,10.0,1.2,1.1,1.35,11.0,724.0,0.8017597949218749,False,CALL,2026-07-17,WRD
WRD260717P00007500,7.5,1.2,1.0,1.25,10.0,896.0,0.6982452050781252,False,PUT,2026-07-17,WRD
WRD260717P00010000,10.0,2.45,2.55,2.9,36.0,191.0,0.7060576269531251,True,PUT,2026-07-17,WRD
WRD270115C00007500,7.5,2.9,2.8,2.95,23.0,454.0,0.8183611914062499,True,CALL,2027-01-15,WRD
WRD270115C00010000,10.0,2.3,2.0,2.2,18.0,487.0,0.8276384423828124,False,CALL,2027-01-15,WRD
WRD270115P00007500,7.5,1.8,1.75,1.85,9.0,304.0,0.71679970703125,False,PUT,2027-01-15,WRD
WRD270115P00010000,10.0,3.1,3.2,3.6,14.0,191.0,0.6992217578125001,True,PUT,2027-01-15,WRD
WRD280121C00007500,7.5,4.43,3.6,5.7,1.0,577.0,1.0459032080078128,True,CALL,2028-01-21,WRD
WRD280121C00010000,10.0,4.0,3.2,4.5,1.0,641.0,0.9829103271484375,False,CALL,2028-01-21,WRD
WRD280121P00007500,7.5,2.65,2.35,3.1,2.0,286.0,0.7319362744140624,False,PUT,2028-01-21,WRD
WRD280121P00010000,10.0,4.43,3.6,4.8,1.0,57.0,0.6626010302734376,True,PUT,2028-01-21,WRD
WU260220C00007000,7.0,2.5,2.1,2.85,5.0,403.0,0.7421900781249999,True,CALL,2026-02-20,WU
WU260220C00008000,8.0,1.45,1.45,1.55,46.0,2041.0,0.5312546875,True,CALL,2026-02-20,WU
WU260220C00009000,9.0,0.65,0.6,0.7,41.0,26199.0,0.48438015625,True,CALL,2026-02-20,WU
WU260220C00010000,10.0,0.18,0.15,0.2,429.0,42626.0,0.4335994140625,False,CALL,2026-02-20,WU
WU260220C00011000,11.0,0.05,0.0,0.05,40.0,4170.0,0.45703667968750006,False,CALL,2026-02-20,WU
WU260220C00012000,12.0,0.04,0.0,0.05,3.0,1032.0,0.5546919531250001,False,CALL,2026-02-20,WU
WU260220P00007000,7.0,0.01,0.0,0.1,20.0,2255.0,0.804689453125,False,PUT,2026-02-20,WU
WU260220P00008000,8.0,0.03,0.0,0.1,24.0,3532.0,0.507817421875,False,PUT,2026-02-20,WU
WU260220P00009000,9.0,0.2,0.15,0.2,133.0,8374.0,0.41211525390625,False,PUT,2026-02-20,WU
WU260220P00010000,10.0,0.75,0.7,0.75,1.0,3562.0,0.42188078125,True,PUT,2026-02-20,WU
WU260220P00011000,11.0,2.1,1.2,1.9,1.0,36.0,0.8984385156249999,True,PUT,2026-02-20,WU
WU260220P00012000,12.0,2.58,2.4,2.85,3.0,1.0,0.6796907031250001,True,PUT,2026-02-20,WU
WU260320C00009000,9.0,0.75,0.7,0.8,54.0,226.0,0.4023497265625,True,CALL,2026-03-20,WU
WU260320C00010000,10.0,0.27,0.25,0.3,146.0,1001.0,0.36914693359375,False,CALL,2026-03-20,WU
WU260320C00011000,11.0,0.13,0.1,0.15,397.0,46281.0,0.43164630859375,False,CALL,2026-03-20,WU
WU260320C00012000,12.0,0.35,0.0,0.15,,1.0,0.5742230078125,False,CALL,2026-03-20,WU
WU260320P00008000,8.0,0.1,0.05,0.2,3.0,26.0,0.5371140039062501,False,PUT,2026-03-20,WU
WU260320P00009000,9.0,0.45,0.35,0.45,2.0,574.0,0.47070841796875,False,PUT,2026-03-20,WU
WU260320P00010000,10.0,0.95,0.9,1.05,1.0,63.0,0.508793974609375,True,PUT,2026-03-20,WU
WU260320P00011000,11.0,1.77,1.4,2.15,,1.0,0.8007832421875,True,PUT,2026-03-20,WU
WU260515C00007000,7.0,2.55,2.15,2.9,1.0,13.0,0.7666038964843751,True,CALL,2026-05-15,WU
WU260515C00008000,8.0,1.6,1.5,1.7,11.0,11072.0,0.414068359375,True,CALL,2026-05-15,WU
WU260515C00009000,9.0,0.9,0.8,0.95,41.0,4390.0,0.35645174804687496,True,CALL,2026-05-15,WU
WU260515C00010000,10.0,0.47,0.4,0.5,93.0,8590.0,0.35645174804687496,False,CALL,2026-05-15,WU
WU260515C00011000,11.0,0.25,0.2,0.3,10.0,3330.0,0.393560751953125,False,CALL,2026-05-15,WU
WU260515C00012000,12.0,0.1,0.05,0.15,4.0,5865.0,0.39649041015625003,False,CALL,2026-05-15,WU
WU260515P00007000,7.0,0.1,0.05,0.2,30.0,881.0,0.5507857421875001,False,PUT,2026-05-15,WU
WU260515P00008000,8.0,0.3,0.2,0.3,1.0,3741.0,0.4414118359375,False,PUT,2026-05-15,WU
WU260515P00009000,9.0,0.55,0.5,0.6,1.0,3095.0,0.40332627929687503,False,PUT,2026-05-15,WU
WU260515P00010000,10.0,1.15,1.05,1.2,22.0,725.0,0.42578699218750005,True,PUT,2026-05-15,WU
WU260515P00011000,11.0,1.95,1.55,2.25,100.0,136.0,0.6044961425781252,True,PUT,2026-05-15,WU
WU260515P00012000,12.0,3.0,2.4,3.2,100.0,53.0,0.70117486328125,True,PUT,2026-05-15,WU
WU260821C00007000,7.0,2.32,2.2,2.85,1.0,0.0,0.526371923828125,True,CALL,2026-08-21,WU
WU260821C00008000,8.0,2.0,1.55,1.9,1.0,14.0,0.39453730468750003,True,CALL,2026-08-21,WU
WU260821C00009000,9.0,1.05,0.95,1.15,10.0,43.0,0.3320379296875,True,CALL,2026-08-21,WU
WU260821C00010000,10.0,0.66,0.5,0.75,26.0,289.0,0.34668622070312494,False,CALL,2026-08-21,WU
WU260821C00011000,11.0,0.36,0.3,0.45,60.0,113.0,0.34570966796874997,False,CALL,2026-08-21,WU
WU260821C00012000,12.0,0.28,0.15,0.3,1.0,203.0,0.3632876171875,False,CALL,2026-08-21,WU
WU260821P00007000,7.0,0.25,0.15,0.3,9.0,74.0,0.46289599609375004,False,PUT,2026-08-21,WU
WU260821P00008000,8.0,0.4,0.4,0.5,5.0,61.0,0.41309180664062495,False,PUT,2026-08-21,WU
WU260821P00009000,9.0,0.85,0.75,0.95,2.0,219.0,0.42188078125,False,PUT,2026-08-21,WU
WU260821P00010000,10.0,1.35,1.35,1.5,10.0,10.0,0.4145566357421875,True,PUT,2026-08-21,WU
WU260821P00012000,12.0,2.84,2.6,3.4,10.0,21.0,0.5830119824218749,True,PUT,2026-08-21,WU
WU260918C00007000,7.0,2.32,2.2,2.85,1.0,104.0,0.4931691308593751,True,CALL,2026-09-18,WU
WU260918C00008000,8.0,1.65,1.6,1.8,1.0,4.0,0.32617861328125,True,CALL,2026-09-18,WU
WU260918C00009000,9.0,1.2,1.0,1.2,1.0,185.0,0.32910827148437494,True,CALL,2026-09-18,WU
WU260918C00010000,10.0,0.66,0.6,0.75,20.0,740.0,0.32520206054687495,False,CALL,2026-09-18,WU
WU260918C00011000,11.0,0.5,0.3,0.5,1.0,85.0,0.34229173339843744,False,CALL,2026-09-18,WU
WU260918C00012000,12.0,0.28,0.15,0.35,18.0,252.0,0.362311064453125,False,CALL,2026-09-18,WU
WU260918P00007000,7.0,0.3,0.2,0.35,50.0,103.0,0.46191944335937507,False,PUT,2026-09-18,WU
WU260918P00008000,8.0,0.55,0.45,0.6,2.0,84.0,0.428716650390625,False,PUT,2026-09-18,WU
WU260918P00009000,9.0,1.0,0.85,1.05,98.0,266.0,0.43018147949218755,False,PUT,2026-09-18,WU
WU260918P00010000,10.0,1.62,1.5,1.65,5.0,186.0,0.43848217773437503,True,PUT,2026-09-18,WU
WU270115C00007000,7.0,2.5,2.25,2.9,11.0,406.0,0.422857333984375,True,CALL,2027-01-15,WU
WU270115C00010000,10.0,0.85,0.8,0.9,57.0,3271.0,0.3051827294921875,False,CALL,2027-01-15,WU
WU270115C00012000,12.0,0.37,0.3,0.45,5.0,2824.0,0.32813171874999997,False,CALL,2027-01-15,WU
WU270115P00007000,7.0,0.42,0.35,0.5,1.0,238.0,0.43945873046875,False,PUT,2027-01-15,WU
WU270115P00010000,10.0,1.95,1.8,1.9,1.0,790.0,0.424810439453125,True,PUT,2027-01-15,WU
WU270115P00012000,12.0,3.11,3.3,3.5,4.0,16.0,0.4731497998046875,True,PUT,2027-01-15,WU
WU280121C00007000,7.0,2.6,2.45,2.7,20.0,1684.0,0.23242955078125,True,CALL,2028-01-21,WU
WU280121C00010000,10.0,1.15,1.05,1.3,1.0,2297.0,0.2885813330078124,False,CALL,2028-01-21,WU
WU280121C00012000,12.0,0.71,0.55,0.85,2.0,888.0,0.31201859863281245,False,CALL,2028-01-21,WU
WU280121P00007000,7.0,1.0,0.7,2.0,15.0,906.0,0.5302781347656251,False,PUT,2028-01-21,WU
WU280121P00010000,10.0,2.55,2.6,2.9,2.0,483.0,0.48828636718750007,True,PUT,2028-01-21,WU
WU280121P00012000,12.0,4.8,3.7,7.5,,3.0,0.7319362744140624,True,PUT,2028-01-21,WU
WULF260130C00010500,10.5,4.13,2.27,5.9,4.0,4.0,3.8906252734375,True,CALL,2026-01-30,WULF
WULF260130C00011000,11.0,3.3,2.97,5.35,2.0,27.0,5.6367217041015625,True,CALL,2026-01-30,WULF
WULF260130C00011500,11.5,3.1,1.48,4.75,2.0,67.0,3.1718770703125,True,CALL,2026-01-30,WULF
WULF260130C00012000,12.0,1.9,1.4,4.45,50.0,461.0,3.8085942285156253,True,CALL,2026-01-30,WULF
WULF260130C00012500,12.5,1.84,1.76,2.64,5.0,906.0,2.61719095703125,True,CALL,2026-01-30,WULF
WULF260130C00013000,13.0,1.71,1.19,2.2,115.0,1014.0,2.156254609375,True,CALL,2026-01-30,WULF
WULF260130C00013500,13.5,1.14,1.03,1.32,478.0,4229.0,1.6484392578125,True,CALL,2026-01-30,WULF
WULF260130C00014000,14.0,0.78,0.73,0.81,1176.0,4408.0,1.40625296875,True,CALL,2026-01-30,WULF
WULF260130C00014500,14.5,0.45,0.39,0.49,1548.0,5775.0,1.21875390625,False,CALL,2026-01-30,WULF
WULF260130C00015000,15.0,0.21,0.21,0.25,2510.0,7806.0,1.140629296875,False,CALL,2026-01-30,WULF
WULF260130C00015500,15.5,0.13,0.06,0.13,2778.0,2186.0,1.0468797656250002,False,CALL,2026-01-30,WULF
WULF260130C00016000,16.0,0.08,0.03,0.08,1516.0,2994.0,1.125004375,False,CALL,2026-01-30,WULF
WULF260130C00016500,16.5,0.02,0.01,0.16,227.0,2236.0,1.5078149609375,False,CALL,2026-01-30,WULF
WULF260130C00017000,17.0,0.01,0.0,0.04,243.0,5681.0,1.2656286718749998,False,CALL,2026-01-30,WULF
WULF260130C00017500,17.5,0.03,0.0,0.03,18.0,300.0,1.3750031249999999,False,CALL,2026-01-30,WULF
WULF260130C00018000,18.0,0.02,0.0,0.05,28.0,1273.0,1.65625171875,False,CALL,2026-01-30,WULF
WULF260130C00018500,18.5,0.05,0.0,2.13,3.0,160.0,5.51562810546875,False,CALL,2026-01-30,WULF
WULF260130P00010500,10.5,0.02,0.0,0.1,100.0,14431.0,2.5781285546875,False,PUT,2026-01-30,WULF
WULF260130P00011000,11.0,0.03,0.0,0.01,14.0,7204.0,1.5625021874999998,False,PUT,2026-01-30,WULF
WULF260130P00011500,11.5,0.02,0.01,0.02,22.0,4143.0,1.5312523437499999,False,PUT,2026-01-30,WULF
WULF260130P00012000,12.0,0.02,0.01,0.02,74.0,1479.0,1.2812535937499998,False,PUT,2026-01-30,WULF
WULF260130P00012500,12.5,0.05,0.02,0.05,125.0,4321.0,1.2343788281249999,False,PUT,2026-01-30,WULF
WULF260130P00013000,13.0,0.06,0.04,0.06,197.0,2411.0,1.0312548437500002,False,PUT,2026-01-30,WULF
WULF260130P00013500,13.5,0.12,0.09,0.13,404.0,1619.0,0.9609378906249999,False,PUT,2026-01-30,WULF
WULF260130P00014000,14.0,0.21,0.18,0.25,623.0,1911.0,0.8554701953125,False,PUT,2026-01-30,WULF
WULF260130P00014500,14.5,0.39,0.35,0.43,391.0,750.0,0.70312796875,True,PUT,2026-01-30,WULF
WULF260130P00015000,15.0,0.86,0.64,0.75,74.0,810.0,0.507817421875,True,PUT,2026-01-30,WULF
WULF260130P00015500,15.5,1.43,0.05,2.82,17.0,54.0,1.6015644921874999,True,PUT,2026-01-30,WULF
WULF260130P00016000,16.0,1.61,0.01,2.07,2.0,27.0,2.3046917382812495,True,PUT,2026-01-30,WULF
WULF260130P00017000,17.0,3.1,0.66,4.4,3.0,8.0,6.2812521484375,True,PUT,2026-01-30,WULF
WULF260130P00017500,17.5,2.65,1.74,3.7,1.0,1.0,3.550782373046875,True,PUT,2026-01-30,WULF
WULF260130P00018000,18.0,3.25,1.61,4.95,4.0,1.0,5.79687775390625,True,PUT,2026-01-30,WULF
WULF260206C00010500,10.5,4.0,2.09,5.0,10.0,64.0,3.480470048828125,True,CALL,2026-02-06,WULF
WULF260206C00011000,11.0,3.61,1.61,4.95,1.0,40.0,3.8496097509765628,True,CALL,2026-02-06,WULF
WULF260206C00011500,11.5,2.71,2.45,4.95,2.0,537.0,2.4531288671875,True,CALL,2026-02-06,WULF
WULF260206C00012000,12.0,2.65,1.78,3.1,3.0,111.0,0.9335944140625,True,CALL,2026-02-06,WULF
WULF260206C00012500,12.5,2.18,1.92,2.57,3.0,131.0,1.3007847460937496,True,CALL,2026-02-06,WULF
WULF260206C00013000,13.0,1.91,1.68,1.96,183.0,566.0,1.189457177734375,True,CALL,2026-02-06,WULF
WULF260206C00013500,13.5,1.44,1.46,1.59,63.0,490.0,1.2128945605468748,True,CALL,2026-02-06,WULF
WULF260206C00014000,14.0,1.13,0.98,1.27,530.0,1051.0,1.0703171484375003,True,CALL,2026-02-06,WULF
WULF260206C00014500,14.5,1.01,0.92,1.0,519.0,700.0,1.154301103515625,False,CALL,2026-02-06,WULF
WULF260206C00015000,15.0,0.71,0.72,0.83,643.0,1296.0,1.171879140625,False,CALL,2026-02-06,WULF
WULF260206C00015500,15.5,0.46,0.56,0.62,543.0,572.0,1.150394873046875,False,CALL,2026-02-06,WULF
WULF260206C00016000,16.0,0.48,0.43,0.48,2669.0,1936.0,1.15234798828125,False,CALL,2026-02-06,WULF
WULF260206C00016500,16.5,0.36,0.35,0.37,3344.0,1158.0,1.169926025390625,False,CALL,2026-02-06,WULF
WULF260206C00017000,17.0,0.25,0.25,0.28,218.0,1709.0,1.15625421875,False,CALL,2026-02-06,WULF
WULF260206C00017500,17.5,0.22,0.19,0.22,80.0,1192.0,1.171879140625,False,CALL,2026-02-06,WULF
WULF260206C00018000,18.0,0.2,0.12,0.4,305.0,1066.0,1.3750031249999999,False,CALL,2026-02-06,WULF
WULF260206C00018500,18.5,0.15,0.08,0.35,1.0,31.0,1.39453427734375,False,CALL,2026-02-06,WULF
WULF260206P00010500,10.5,0.06,0.0,0.1,315.0,327.0,1.2109414453124998,False,PUT,2026-02-06,WULF
WULF260206P00011000,11.0,0.13,0.0,0.18,16.0,140.0,1.2148476757812499,False,PUT,2026-02-06,WULF
WULF260206P00011500,11.5,0.12,0.09,0.11,20.0,5510.0,1.08203583984375,False,PUT,2026-02-06,WULF
WULF260206P00012000,12.0,0.15,0.1,0.15,259.0,842.0,0.98437515625,False,PUT,2026-02-06,WULF
WULF260206P00012500,12.5,0.22,0.17,0.24,315.0,724.0,0.9707034179687499,False,PUT,2026-02-06,WULF
WULF260206P00013000,13.0,0.36,0.28,0.38,504.0,900.0,0.97460962890625,False,PUT,2026-02-06,WULF
WULF260206P00013500,13.5,0.48,0.43,0.52,107.0,475.0,0.9492192578124999,False,PUT,2026-02-06,WULF
WULF260206P00014000,14.0,0.64,0.63,0.69,256.0,1044.0,0.92187578125,False,PUT,2026-02-06,WULF
WULF260206P00014500,14.5,0.94,0.88,0.95,134.0,186.0,0.91992267578125,True,PUT,2026-02-06,WULF
WULF260206P00015000,15.0,1.14,1.14,1.45,45.0,61.0,1.0078174609375,True,PUT,2026-02-06,WULF
WULF260206P00015500,15.5,1.27,1.48,1.57,19.0,22.0,0.8710950390625,True,PUT,2026-02-06,WULF
WULF260206P00018500,18.5,5.34,2.71,5.25,1.0,2.0,2.6250034375,True,PUT,2026-02-06,WULF
WULF260213C00010500,10.5,4.68,2.57,6.05,20.0,22.0,1.7285169824218751,True,CALL,2026-02-13,WULF
WULF260213C00011000,11.0,3.65,2.05,5.6,3.0,7.0,1.57422087890625,True,CALL,2026-02-13,WULF
WULF260213C00011500,11.5,3.55,1.29,4.95,3.0,68.0,1.12891060546875,True,CALL,2026-02-13,WULF
WULF260213C00012000,12.0,2.99,2.45,4.3,4.0,111.0,1.8281258593749998,True,CALL,2026-02-13,WULF
WULF260213C00012500,12.5,2.25,2.15,2.62,1.0,103.0,1.12891060546875,True,CALL,2026-02-13,WULF
WULF260213C00013000,13.0,2.15,2.0,2.33,35.0,123.0,1.228519482421875,True,CALL,2026-02-13,WULF
WULF260213C00013500,13.5,1.83,1.72,1.93,29.0,347.0,1.1796916015624999,True,CALL,2026-02-13,WULF
WULF260213C00014000,14.0,1.5,1.44,1.53,150.0,580.0,1.109379453125,True,CALL,2026-02-13,WULF
WULF260213C00014500,14.5,1.19,1.2,1.3,271.0,171.0,1.107426337890625,False,CALL,2026-02-13,WULF
WULF260213C00015000,15.0,0.99,0.97,1.09,83.0,536.0,1.09375453125,False,CALL,2026-02-13,WULF
WULF260213C00015500,15.5,0.75,0.8,0.91,5.0,608.0,1.09375453125,False,CALL,2026-02-13,WULF
WULF260213C00016000,16.0,0.68,0.65,0.74,672.0,1431.0,1.083988955078125,False,CALL,2026-02-13,WULF
WULF260213C00016500,16.5,0.56,0.51,0.59,1125.0,377.0,1.0664109179687502,False,CALL,2026-02-13,WULF
WULF260213C00017000,17.0,0.48,0.47,0.67,456.0,335.0,1.19141029296875,False,CALL,2026-02-13,WULF
WULF260213C00017500,17.5,0.39,0.36,0.39,35.0,165.0,1.0859420703125,False,CALL,2026-02-13,WULF
WULF260213C00018000,18.0,0.15,0.25,0.32,3.0,125.0,1.0644578027343752,False,CALL,2026-02-13,WULF
WULF260213P00010500,10.5,0.1,0.0,0.14,60.0,659.0,0.9765627343750001,False,PUT,2026-02-13,WULF
WULF260213P00011000,11.0,0.13,0.0,0.2,120.0,244.0,0.937500625,False,PUT,2026-02-13,WULF
WULF260213P00011500,11.5,0.25,0.16,0.4,40.0,5432.0,1.12109814453125,False,PUT,2026-02-13,WULF
WULF260213P00012000,12.0,0.24,0.18,0.33,126.0,882.0,0.937500625,False,PUT,2026-02-13,WULF
WULF260213P00012500,12.5,0.45,0.36,0.43,2283.0,2937.0,0.9589847851562499,False,PUT,2026-02-13,WULF
WULF260213P00013000,13.0,0.54,0.49,0.57,58.0,592.0,0.937500625,False,PUT,2026-02-13,WULF
WULF260213P00013500,13.5,0.72,0.68,0.74,2.0,205.0,0.92773509765625,False,PUT,2026-02-13,WULF
WULF260213P00014000,14.0,0.94,0.89,0.95,2.0,88.0,0.914063359375,False,PUT,2026-02-13,WULF
WULF260213P00014500,14.5,1.57,1.13,1.17,28.0,84.0,0.8867198828124999,True,PUT,2026-02-13,WULF
WULF260213P00015000,15.0,1.71,1.4,1.51,20.0,27.0,0.8916026464843749,True,PUT,2026-02-13,WULF
WULF260213P00015500,15.5,1.91,1.72,1.75,1.0,19.0,0.8457046679687499,True,PUT,2026-02-13,WULF
WULF260220C00010500,10.5,4.6,2.97,4.95,3.0,6.0,0.937500625,True,CALL,2026-02-20,WULF
WULF260220C00011000,11.0,4.0,3.5,3.5,7.0,11820.0,0.8945323046874999,True,CALL,2026-02-20,WULF
WULF260220C00011500,11.5,3.84,2.08,4.6,8.0,5.0,1.18359783203125,True,CALL,2026-02-20,WULF
WULF260220C00012000,12.0,3.0,2.83,3.05,71.0,11951.0,1.1367230664062502,True,CALL,2026-02-20,WULF
WULF260220C00012500,12.5,3.03,2.42,3.6,8.0,245.0,1.466799541015625,True,CALL,2026-02-20,WULF
WULF260220C00013000,13.0,2.23,2.16,2.36,904.0,9064.0,1.0996138769531252,True,CALL,2026-02-20,WULF
WULF260220C00013500,13.5,2.0,1.9,2.03,8.0,336.0,1.087895185546875,True,CALL,2026-02-20,WULF
WULF260220C00014000,14.0,1.7,1.74,1.75,1126.0,24734.0,1.111332568359375,True,CALL,2026-02-20,WULF
WULF260220C00014500,14.5,1.44,1.45,1.49,208.0,270.0,1.0781296093750001,False,CALL,2026-02-20,WULF
WULF260220C00015000,15.0,1.28,1.26,1.28,3204.0,28761.0,1.0791061669921875,False,CALL,2026-02-20,WULF
WULF260220C00015500,15.5,1.07,1.0,1.09,81.0,140.0,1.0468797656250002,False,CALL,2026-02-20,WULF
WULF260220C00016000,16.0,0.92,0.92,0.92,69132.0,13464.0,1.0693405908203126,False,CALL,2026-02-20,WULF
WULF260220C00016500,16.5,0.75,0.71,0.78,2175.0,586.0,1.0410204199218753,False,CALL,2026-02-20,WULF
WULF260220C00017000,17.0,0.63,0.61,0.65,2025.0,32559.0,1.0429735351562504,False,CALL,2026-02-20,WULF
WULF260220C00017500,17.5,0.55,0.38,0.59,44.0,100.0,1.0039112304687499,False,CALL,2026-02-20,WULF
WULF260220C00018000,18.0,0.43,0.42,0.47,2209.0,46604.0,1.0429735351562504,False,CALL,2026-02-20,WULF
WULF260220C00018500,18.5,0.51,0.25,0.42,68.0,60.0,1.0058643457031249,False,CALL,2026-02-20,WULF
WULF260220P00010500,10.5,0.17,0.02,0.72,10.0,116.0,1.3125034374999998,False,PUT,2026-02-20,WULF
WULF260220P00011000,11.0,0.25,0.2,0.27,17.0,27411.0,0.999023447265625,False,PUT,2026-02-20,WULF
WULF260220P00011500,11.5,0.41,0.01,0.38,6.0,48.0,0.8242205078124999,False,PUT,2026-02-20,WULF
WULF260220P00012000,12.0,0.44,0.38,0.47,2045.0,25918.0,0.96289099609375,False,PUT,2026-02-20,WULF
WULF260220P00012500,12.5,0.56,0.5,0.6,8.0,379.0,0.9414068359375,False,PUT,2026-02-20,WULF
WULF260220P00013000,13.0,0.71,0.68,0.76,31.0,12451.0,0.937500625,False,PUT,2026-02-20,WULF
WULF260220P00013500,13.5,1.05,0.86,0.96,22.0,387.0,0.9238288867187501,False,PUT,2026-02-20,WULF
WULF260220P00014000,14.0,1.19,1.08,1.17,89.0,4490.0,0.9082040429687499,False,PUT,2026-02-20,WULF
WULF260220P00014500,14.5,1.4,1.34,1.45,31.0,24.0,0.9101571484375,True,PUT,2026-02-20,WULF
WULF260220P00015000,15.0,1.65,1.64,1.74,29.0,1320.0,0.9082040429687499,True,PUT,2026-02-20,WULF
WULF260220P00015500,15.5,1.7,1.93,2.04,20.0,34.0,0.8867198828124999,True,PUT,2026-02-20,WULF
WULF260220P00016000,16.0,2.41,2.25,2.38,3.0,639.0,0.8710950390625,True,PUT,2026-02-20,WULF
WULF260220P00017000,17.0,2.77,3.0,3.2,52.0,915.0,0.8808605664062499,True,PUT,2026-02-20,WULF
WULF260220P00018000,18.0,3.5,2.05,5.25,3.0,572.0,1.9267581787109376,True,PUT,2026-02-20,WULF
WULF260227C00011000,11.0,4.0,3.45,4.95,16.0,16.0,1.4902369238281248,True,CALL,2026-02-27,WULF
WULF260227C00011500,11.5,4.5,1.62,5.3,1.0,9.0,1.142582412109375,True,CALL,2026-02-27,WULF
WULF260227C00012000,12.0,3.5,1.18,4.95,1.0,43.0,1.0957076464843751,True,CALL,2026-02-27,WULF
WULF260227C00012500,12.5,2.91,2.68,3.45,44.0,43.0,1.32422212890625,True,CALL,2026-02-27,WULF
WULF260227C00013000,13.0,2.54,2.37,2.64,1.0,116.0,1.1298871630859377,True,CALL,2026-02-27,WULF
WULF260227C00013500,13.5,1.7,2.03,2.36,3.0,61.0,1.1015669921875002,True,CALL,2026-02-27,WULF
WULF260227C00014000,14.0,2.0,1.97,2.03,120.0,140.0,1.1328168359375002,True,CALL,2026-02-27,WULF
WULF260227C00014500,14.5,1.65,1.67,1.86,256.0,473.0,1.125004375,False,CALL,2026-02-27,WULF
WULF260227C00015000,15.0,1.5,1.49,1.59,54.0,631.0,1.109379453125,False,CALL,2026-02-27,WULF
WULF260227C00015500,15.5,1.5,1.25,1.39,16.0,105.0,1.0859420703125,False,CALL,2026-02-27,WULF
WULF260227C00016000,16.0,1.14,1.07,1.22,126.0,137.0,1.0781296093750001,False,CALL,2026-02-27,WULF
WULF260227C00016500,16.5,0.74,0.92,1.06,4.0,87.0,1.0703171484375003,False,CALL,2026-02-27,WULF
WULF260227C00017000,17.0,0.89,0.79,0.91,2.0,107.0,1.0625046875000002,False,CALL,2026-02-27,WULF
WULF260227C00017500,17.5,0.77,0.71,0.77,13.0,62.0,1.0634812451171878,False,CALL,2026-02-27,WULF
WULF260227C00018000,18.0,0.65,0.55,0.67,29.0,26.0,1.040043862304688,False,CALL,2026-02-27,WULF
WULF260227P00010500,10.5,0.25,0.18,1.5,3.0,7011.0,1.6171894140625,False,PUT,2026-02-27,WULF
WULF260227P00011000,11.0,0.53,0.25,0.64,7.0,138.0,1.1054732226562503,False,PUT,2026-02-27,WULF
WULF260227P00011500,11.5,0.63,0.35,0.52,10.0,70.0,0.9726565234375,False,PUT,2026-02-27,WULF
WULF260227P00012000,12.0,0.54,0.5,0.64,22.0,127.0,0.96679720703125,False,PUT,2026-02-27,WULF
WULF260227P00012500,12.5,0.99,0.66,0.79,10.0,5014.0,0.9580082324218748,False,PUT,2026-02-27,WULF
WULF260227P00013000,13.0,0.95,0.87,0.96,2.0,62.0,0.956055126953125,False,PUT,2026-02-27,WULF
WULF260227P00013500,13.5,1.3,1.09,1.17,41.0,237.0,0.9521489160156249,False,PUT,2026-02-27,WULF
WULF260227P00014000,14.0,1.26,1.34,1.41,1.0,88.0,0.9511723632812499,False,PUT,2026-02-27,WULF
WULF260227P00014500,14.5,1.7,1.57,1.9,16.0,64.0,1.0048877880859375,True,PUT,2026-02-27,WULF
WULF260227P00015000,15.0,1.75,1.85,1.92,1.0,9.0,0.914063359375,True,PUT,2026-02-27,WULF
WULF260306C00012500,12.5,2.22,0.99,4.95,3.0,32.0,1.1308637207031251,True,CALL,2026-03-06,WULF
WULF260306C00013500,13.5,2.47,2.2,2.55,2.0,11.0,1.0966842041015625,True,CALL,2026-03-06,WULF
WULF260306C00014000,14.0,2.05,1.92,2.3,163.0,29.0,1.08203583984375,True,CALL,2026-03-06,WULF
WULF260306C00015000,15.0,1.84,1.45,1.87,3.0,7.0,1.0654343603515626,False,CALL,2026-03-06,WULF
WULF260306C00016000,16.0,1.4,1.25,1.38,58.0,52.0,1.0654343603515626,False,CALL,2026-03-06,WULF
WULF260306C00017000,17.0,0.83,0.84,3.05,9.0,11.0,1.5761739941406248,False,CALL,2026-03-06,WULF
WULF260306P00012000,12.0,0.99,0.56,0.95,12.0,37.0,1.0048877880859375,False,PUT,2026-03-06,WULF
WULF260306P00012500,12.5,0.9,0.86,1.06,4.0,62.0,1.017583037109375,False,PUT,2026-03-06,WULF
WULF260320C00011000,11.0,4.3,2.95,4.6,16.0,1406.0,0.8437515624999999,True,CALL,2026-03-20,WULF
WULF260320C00012000,12.0,3.55,3.3,3.75,730.0,9940.0,1.1103560107421875,True,CALL,2026-03-20,WULF
WULF260320C00013000,13.0,2.98,2.92,3.05,202.0,4014.0,1.115238798828125,True,CALL,2026-03-20,WULF
WULF260320C00014000,14.0,2.44,2.45,2.53,568.0,12858.0,1.1054732226562503,True,CALL,2026-03-20,WULF
WULF260320C00015000,15.0,2.05,2.01,2.08,7711.0,46469.0,1.087895185546875,False,CALL,2026-03-20,WULF
WULF260320C00016000,16.0,1.62,1.63,1.71,1014.0,4974.0,1.0742233789062503,False,CALL,2026-03-20,WULF
WULF260320C00017000,17.0,1.4,1.31,1.37,551.0,3875.0,1.0556687841796877,False,CALL,2026-03-20,WULF
WULF260320C00018000,18.0,1.09,1.1,1.14,2242.0,13268.0,1.0664109179687502,False,CALL,2026-03-20,WULF
WULF260320P00011000,11.0,0.68,0.66,0.7,78.0,1072.0,1.017583037109375,False,PUT,2026-03-20,WULF
WULF260320P00012000,12.0,0.98,0.95,1.03,96.0,4845.0,0.9951172363281251,False,PUT,2026-03-20,WULF
WULF260320P00013000,13.0,1.38,1.33,1.43,69.0,12955.0,0.975586181640625,False,PUT,2026-03-20,WULF
WULF260320P00014000,14.0,1.84,1.82,1.89,174.0,1381.0,0.9599613378906249,False,PUT,2026-03-20,WULF
WULF260320P00015000,15.0,2.72,2.36,2.44,1.0,471.0,0.9423833886718749,True,PUT,2026-03-20,WULF
WULF260320P00016000,16.0,3.05,3.0,3.1,11.0,128.0,0.940430283203125,True,PUT,2026-03-20,WULF
WULF260320P00017000,17.0,3.5,3.65,3.75,1.0,189.0,0.9072274902343749,True,PUT,2026-03-20,WULF
WULF260320P00018000,18.0,4.2,2.85,4.6,1.0,7.0,0.9726565234375,True,PUT,2026-03-20,WULF
WULF260417C00011000,11.0,4.55,2.57,6.4,2.0,5.0,1.0664109179687502,True,CALL,2026-04-17,WULF
WULF260417C00012000,12.0,3.9,3.85,4.05,84.0,21.0,1.0859420703125,True,CALL,2026-04-17,WULF
WULF260417C00013000,13.0,3.45,3.2,3.55,23.0,87.0,1.0576218994140625,True,CALL,2026-04-17,WULF
WULF260417C00014000,14.0,2.96,2.95,3.05,156.0,214.0,1.0874069067382814,True,CALL,2026-04-17,WULF
WULF260417C00015000,15.0,2.48,2.49,2.59,94.0,340.0,1.0615281298828125,False,CALL,2026-04-17,WULF
WULF260417C00016000,16.0,2.2,2.14,2.2,168.0,2584.0,1.0512742749023438,False,CALL,2026-04-17,WULF
WULF260417C00017000,17.0,1.52,1.81,1.91,80.0,34.0,1.0468797656250002,False,CALL,2026-04-17,WULF
WULF260417C00018000,18.0,1.51,1.54,1.65,61.0,929.0,1.0434618139648442,False,CALL,2026-04-17,WULF
WULF260417P00011000,11.0,0.99,0.92,1.04,2.0,12.0,0.9785158398437501,False,PUT,2026-04-17,WULF
WULF260417P00012000,12.0,1.27,1.33,1.41,1.0,73.0,0.97460962890625,False,PUT,2026-04-17,WULF
WULF260417P00013000,13.0,1.76,1.75,1.84,632.0,110.0,0.956055126953125,False,PUT,2026-04-17,WULF
WULF260417P00014000,14.0,2.35,2.25,2.33,36.0,720.0,0.940430283203125,False,PUT,2026-04-17,WULF
WULF260417P00015000,15.0,2.92,2.8,2.91,109.0,189.0,0.928711650390625,True,PUT,2026-04-17,WULF
WULF260417P00016000,16.0,4.0,3.4,3.55,28.0,46.0,0.9160164648437501,True,PUT,2026-04-17,WULF
WULF260515C00011000,11.0,4.7,4.1,5.2,1.0,168.0,0.9882813671875,True,CALL,2026-05-15,WULF
WULF260515C00012000,12.0,4.25,4.25,4.45,2.0,2313.0,1.0874069067382814,True,CALL,2026-05-15,WULF
WULF260515C00013000,13.0,3.95,3.5,4.15,8.0,831.0,1.0693405908203126,True,CALL,2026-05-15,WULF
WULF260515C00014000,14.0,3.3,3.4,3.5,57.0,6184.0,1.0869186279296876,True,CALL,2026-05-15,WULF
WULF260515C00015000,15.0,2.94,2.97,3.05,345.0,11372.0,1.0664109179687502,False,CALL,2026-05-15,WULF
WULF260515C00016000,16.0,2.56,2.36,2.76,23.0,3437.0,1.0293017285156252,False,CALL,2026-05-15,WULF
WULF260515C00017000,17.0,2.32,2.28,2.38,149.0,5090.0,1.0512742749023438,False,CALL,2026-05-15,WULF
WULF260515C00018000,18.0,2.06,2.0,2.08,115.0,5071.0,1.0424852563476565,False,CALL,2026-05-15,WULF
WULF260515P00011000,11.0,1.4,0.87,1.4,3.0,2777.0,0.9101571484375,False,PUT,2026-05-15,WULF
WULF260515P00012000,12.0,1.75,1.68,1.78,5.0,1670.0,0.9775392871093751,False,PUT,2026-05-15,WULF
WULF260515P00013000,13.0,2.34,2.14,2.24,14.0,1130.0,0.9624027197265624,False,PUT,2026-05-15,WULF
WULF260515P00014000,14.0,2.7,2.5,2.82,27.0,1056.0,0.9326178613281251,False,PUT,2026-05-15,WULF
WULF260515P00015000,15.0,3.25,3.0,3.45,15.0,1498.0,0.918946123046875,True,PUT,2026-05-15,WULF
WULF260515P00016000,16.0,4.2,3.65,4.35,1.0,1307.0,0.9570316796874999,True,PUT,2026-05-15,WULF
WULF260515P00017000,17.0,5.0,4.35,4.9,1.0,355.0,0.93164130859375,True,PUT,2026-05-15,WULF
WULF260515P00018000,18.0,5.05,4.6,5.4,102.0,114.0,0.8095722167968749,True,PUT,2026-05-15,WULF
WULF260618C00011000,11.0,5.45,3.2,6.65,6.0,331.0,0.9648441015625,True,CALL,2026-06-18,WULF
WULF260618C00012000,12.0,4.85,4.6,5.0,3.0,5269.0,1.0996138769531252,True,CALL,2026-06-18,WULF
WULF260618C00013000,13.0,3.94,3.85,4.4,18.0,2398.0,1.0268603344726563,True,CALL,2026-06-18,WULF
WULF260618C00014000,14.0,3.8,3.65,3.85,56.0,3162.0,1.0376024682617189,True,CALL,2026-06-18,WULF
WULF260618C00015000,15.0,3.2,3.25,3.5,89.0,16949.0,1.0351610742187503,False,CALL,2026-06-18,WULF
WULF260618C00016000,16.0,3.1,2.67,3.15,13.0,39505.0,0.9965820654296875,False,CALL,2026-06-18,WULF
WULF260618C00017000,17.0,2.8,2.51,3.05,14.0,9662.0,1.0434618139648442,False,CALL,2026-06-18,WULF
WULF260618C00018000,18.0,2.7,1.15,2.87,3.0,3061.0,0.9003916210937499,False,CALL,2026-06-18,WULF
WULF260618P00011000,11.0,1.64,0.41,1.73,12.0,8914.0,0.7670921728515626,False,PUT,2026-06-18,WULF
WULF260618P00012000,12.0,1.8,1.84,2.61,1.0,4412.0,1.017583037109375,False,PUT,2026-06-18,WULF
WULF260618P00013000,13.0,2.67,2.41,2.65,116.0,1197.0,0.9438482177734374,False,PUT,2026-06-18,WULF
WULF260618P00014000,14.0,3.25,0.98,3.25,18.0,360.0,0.6523472265625001,False,PUT,2026-06-18,WULF
WULF260618P00015000,15.0,3.95,3.45,4.15,20.0,493.0,0.9648441015625,True,PUT,2026-06-18,WULF
WULF260618P00016000,16.0,4.25,4.1,4.65,30.0,436.0,0.938477177734375,True,PUT,2026-06-18,WULF
WULF260618P00017000,17.0,5.25,4.7,5.4,3.0,146.0,0.930664755859375,True,PUT,2026-06-18,WULF
WULF260618P00018000,18.0,5.5,5.5,5.85,17.0,68.0,0.8989267919921874,True,PUT,2026-06-18,WULF
WULF260821C00011000,11.0,5.75,4.0,7.65,1.0,420.0,1.0742233789062503,True,CALL,2026-08-21,WULF
WULF260821C00012000,12.0,5.05,5.15,5.75,22.0,457.0,1.0952193676757815,True,CALL,2026-08-21,WULF
WULF260821C00013000,13.0,3.8,4.6,6.7,4.0,81.0,1.2592810473632814,True,CALL,2026-08-21,WULF
WULF260821C00014000,14.0,4.0,4.25,4.95,2.0,2395.0,1.0751999365234377,True,CALL,2026-08-21,WULF
WULF260821C00015000,15.0,4.1,2.16,4.75,60.0,765.0,0.877930908203125,False,CALL,2026-08-21,WULF
WULF260821C00016000,16.0,3.76,3.5,4.25,24.0,48.0,1.0561570629882815,False,CALL,2026-08-21,WULF
WULF260821C00017000,17.0,3.47,3.0,3.55,3.0,464.0,0.981445498046875,False,CALL,2026-08-21,WULF
WULF260821C00018000,18.0,3.24,2.91,3.35,30.0,2515.0,1.0087940185546875,False,CALL,2026-08-21,WULF
WULF260821P00011000,11.0,2.19,0.13,2.53,32.0,57.0,0.7182645361328125,False,PUT,2026-08-21,WULF
WULF260821P00012000,12.0,2.63,2.35,3.85,3.0,46.0,1.08984830078125,False,PUT,2026-08-21,WULF
WULF260821P00013000,13.0,3.01,0.96,3.65,158.0,116.0,0.7246121289062499,False,PUT,2026-08-21,WULF
WULF260821P00014000,14.0,3.68,3.45,3.7,21.0,139.0,0.8994150683593749,False,PUT,2026-08-21,WULF
WULF260821P00015000,15.0,4.02,4.0,4.85,158.0,125.0,0.9506840869140624,True,PUT,2026-08-21,WULF
WULF260821P00016000,16.0,4.94,4.65,5.45,19.0,8.0,0.9379889013671875,True,PUT,2026-08-21,WULF
WULF260821P00017000,17.0,5.4,5.35,7.55,6.0,8.0,1.1010787133789064,True,PUT,2026-08-21,WULF
WULF260821P00018000,18.0,6.08,4.2,6.9,1.0,2.0,0.7163114306640624,True,PUT,2026-08-21,WULF
WULF261218C00012000,12.0,5.59,5.9,6.3,6.0,6837.0,1.01953615234375,True,CALL,2026-12-18,WULF
WULF261218C00015000,15.0,4.65,4.8,5.25,3.0,2928.0,1.0078174609375,False,CALL,2026-12-18,WULF
WULF261218C00017000,17.0,4.62,4.2,5.2,3.0,7512.0,1.052739111328125,False,CALL,2026-12-18,WULF
WULF261218P00012000,12.0,3.85,3.05,3.95,30.0,265.0,0.9580082324218748,False,PUT,2026-12-18,WULF
WULF261218P00015000,15.0,4.98,4.85,5.2,35.0,309.0,0.8740246972656249,True,PUT,2026-12-18,WULF
WULF261218P00017000,17.0,7.95,6.15,7.25,2.0,7.0,0.9235847485351563,True,PUT,2026-12-18,WULF
WULF270115C00012000,12.0,6.36,6.1,6.4,148.0,17536.0,1.01172369140625,True,CALL,2027-01-15,WULF
WULF270115C00015000,15.0,5.05,5.0,5.3,80.0,32578.0,0.9914551635742188,False,CALL,2027-01-15,WULF
WULF270115C00017000,17.0,4.6,4.4,5.0,10.0,6727.0,1.0100147155761716,False,CALL,2027-01-15,WULF
WULF270115P00012000,12.0,3.36,3.2,4.0,4.0,8545.0,0.9409185595703125,False,PUT,2027-01-15,WULF
WULF270115P00015000,15.0,5.2,5.0,5.3,15.0,375.0,0.8623060644531251,True,PUT,2027-01-15,WULF
WULF270115P00017000,17.0,7.1,6.3,7.45,1.0,194.0,0.9184578466796876,True,PUT,2027-01-15,WULF
WULF270617C00012000,12.0,5.75,6.55,9.0,1.0,154.0,1.142582412109375,True,CALL,2027-06-17,WULF
WULF270617C00015000,15.0,5.2,4.4,8.0,7.0,376.0,1.0043995092773437,False,CALL,2027-06-17,WULF
WULF270617C00017000,17.0,4.6,3.0,6.5,3.0,361.0,0.8510757080078125,False,CALL,2027-06-17,WULF
WULF270617P00012000,12.0,4.0,1.5,5.5,10.0,48.0,0.7670921728515626,False,PUT,2027-06-17,WULF
WULF270617P00015000,15.0,5.9,3.5,8.0,30.0,72.0,0.8166522241210936,True,PUT,2027-06-17,WULF
WULF270617P00017000,17.0,7.4,6.85,7.4,25.0,43.0,0.8054218676757812,True,PUT,2027-06-17,WULF
WULF270917C00012000,12.0,7.15,6.7,8.45,8.0,2870.0,1.0131885278320314,True,CALL,2027-09-17,WULF
WULF270917C00015000,15.0,6.55,5.5,6.45,32.0,657.0,0.8881847119140623,False,CALL,2027-09-17,WULF
WULF270917C00017000,17.0,6.4,4.85,5.9,60.0,300.0,0.8742688354492187,False,CALL,2027-09-17,WULF
WULF270917P00012000,12.0,4.35,3.8,5.0,9.0,98.0,0.8608412353515625,False,PUT,2027-09-17,WULF
WULF270917P00015000,15.0,6.25,5.65,6.45,24.0,193.0,0.7963887548828125,True,PUT,2027-09-17,WULF
WULF270917P00017000,17.0,7.5,7.1,7.7,25.0,76.0,0.780275634765625,True,PUT,2027-09-17,WULF
WULF271217C00012000,12.0,7.34,6.65,8.55,2.0,594.0,0.948242705078125,True,CALL,2027-12-17,WULF
WULF271217C00015000,15.0,6.3,6.15,6.7,1.0,1493.0,0.8940440283203124,False,CALL,2027-12-17,WULF
WULF271217C00017000,17.0,6.2,4.5,8.3,2.0,1850.0,0.9602054760742187,False,CALL,2027-12-17,WULF
WULF271217P00012000,12.0,4.2,1.5,4.8,68.0,81.0,0.602787175292969,False,PUT,2027-12-17,WULF
WULF271217P00015000,15.0,6.44,3.5,8.5,10.0,62.0,0.7348659326171875,True,PUT,2027-12-17,WULF
WULF271217P00017000,17.0,7.75,7.35,7.95,25.0,30.0,0.7607445800781252,True,PUT,2027-12-17,WULF
WULF280121C00012000,12.0,7.85,6.8,8.6,1.0,637.0,0.9418951123046875,True,CALL,2028-01-21,WULF
WULF280121C00015000,15.0,6.5,6.75,8.65,80.0,4714.0,1.0678757543945316,False,CALL,2028-01-21,WULF
WULF280121C00017000,17.0,5.5,4.55,8.35,10.0,5916.0,0.9438482177734374,False,CALL,2028-01-21,WULF
WULF280121P00012000,12.0,4.58,3.6,4.8,2.0,2301.0,0.7502466381835937,False,PUT,2028-01-21,WULF
WULF280121P00015000,15.0,6.9,6.3,8.5,1.0,52.0,0.9179695703125,True,PUT,2028-01-21,WULF
WULF280121P00017000,17.0,7.55,7.45,8.05,2211.0,40834.0,0.7553735400390625,True,PUT,2028-01-21,WULF
XEL260220C00060000,60.0,14.0,15.2,17.6,,1.0,0.524418818359375,True,CALL,2026-02-20,XEL
XEL260220C00065000,65.0,11.5,10.3,12.7,,1.0,0.7429224926757811,True,CALL,2026-02-20,XEL
XEL260220C00070000,70.0,7.45,5.2,8.3,1.0,1.0,0.6120644262695314,True,CALL,2026-02-20,XEL
XEL260220C00075000,75.0,2.27,2.2,2.35,7.0,338.0,0.2153398779296875,True,CALL,2026-02-20,XEL
XEL260220C00080000,80.0,0.59,0.3,0.55,2.0,563.0,0.2356033471679687,False,CALL,2026-02-20,XEL
XEL260220C00085000,85.0,0.12,0.05,0.15,1.0,29.0,0.27930408203124996,False,CALL,2026-02-20,XEL
XEL260220P00065000,65.0,0.07,0.05,0.35,5.0,151.0,0.47559118164062497,False,PUT,2026-02-20,XEL
XEL260220P00070000,70.0,0.4,0.3,0.4,23.0,104.0,0.313483427734375,False,PUT,2026-02-20,XEL
XEL260220P00075000,75.0,1.4,1.35,1.5,1.0,305.0,0.274421318359375,False,PUT,2026-02-20,XEL
XEL260220P00080000,80.0,4.05,2.55,5.7,1.0,0.0,0.4519097778320313,True,PUT,2026-02-20,XEL
XEL260320C00060000,60.0,15.0,14.4,17.9,7.0,9.0,0.68555001953125,True,CALL,2026-03-20,XEL
XEL260320C00065000,65.0,9.85,10.1,12.8,2.0,18.0,0.5124560473632812,True,CALL,2026-03-20,XEL
XEL260320C00070000,70.0,7.1,5.7,8.8,3.0,857.0,0.463872548828125,True,CALL,2026-03-20,XEL
XEL260320C00075000,75.0,3.3,2.7,3.2,4.0,294.0,0.2224198852539062,True,CALL,2026-03-20,XEL
XEL260320C00080000,80.0,1.25,0.8,1.2,2.0,816.0,0.2280350634765625,False,CALL,2026-03-20,XEL
XEL260320C00085000,85.0,0.25,0.1,0.3,2.0,1955.0,0.22168747070312497,False,CALL,2026-03-20,XEL
XEL260320C00090000,90.0,0.2,0.0,0.2,1.0,2801.0,0.27686270019531245,False,CALL,2026-03-20,XEL
XEL260320C00095000,95.0,0.1,0.0,0.05,2.0,11.0,0.273444765625,False,CALL,2026-03-20,XEL
XEL260320P00055000,55.0,0.75,0.0,0.25,5.0,13.0,0.524418818359375,False,PUT,2026-03-20,XEL
XEL260320P00060000,60.0,0.3,0.0,0.75,2.0,56.0,0.5336960693359375,False,PUT,2026-03-20,XEL
XEL260320P00065000,65.0,0.45,0.25,2.5,1.0,214.0,0.6369665209960937,False,PUT,2026-03-20,XEL
XEL260320P00070000,70.0,0.8,0.7,1.15,47.0,830.0,0.3129951513671875,False,PUT,2026-03-20,XEL
XEL260320P00075000,75.0,2.25,2.05,2.55,2.0,1394.0,0.27930408203124996,False,PUT,2026-03-20,XEL
XEL260320P00080000,80.0,4.88,4.7,5.6,1.0,437.0,0.29407444213867184,True,PUT,2026-03-20,XEL
XEL260320P00085000,85.0,11.4,7.6,10.7,11.0,24.0,0.43530838134765626,True,PUT,2026-03-20,XEL
XEL260320P00090000,90.0,9.0,9.2,11.4,,0.0,1.0000000000000003e-05,True,PUT,2026-03-20,XEL
XEL260515C00070000,70.0,6.64,7.2,7.8,2.0,480.0,0.2456130126953125,True,CALL,2026-05-15,XEL
XEL260515C00075000,75.0,3.57,3.8,4.5,2.0,116.0,0.2342605871582031,True,CALL,2026-05-15,XEL
XEL260515C00080000,80.0,2.16,1.5,2.0,5.0,313.0,0.21070125244140625,False,CALL,2026-05-15,XEL
XEL260515C00085000,85.0,0.75,0.6,0.9,6.0,169.0,0.215828154296875,False,CALL,2026-05-15,XEL
XEL260515C00090000,90.0,0.34,0.0,1.7,6.0,27.0,0.3537662280273437,False,CALL,2026-05-15,XEL
XEL260515C00095000,95.0,0.55,0.0,0.0,3.0,91.0,0.12500875,False,CALL,2026-05-15,XEL
XEL260515P00055000,55.0,0.4,0.0,0.0,1.0,2.0,0.12500875,False,PUT,2026-05-15,XEL
XEL260515P00060000,60.0,0.71,0.35,1.9,3.0,4.0,0.5026905200195313,False,PUT,2026-05-15,XEL
XEL260515P00065000,65.0,0.93,0.75,1.1,10.0,47.0,0.3127510131835937,False,PUT,2026-05-15,XEL
XEL260515P00070000,70.0,1.75,1.35,1.8,4.0,75.0,0.26734131103515624,False,PUT,2026-05-15,XEL
XEL260515P00075000,75.0,3.0,2.85,3.4,3.0,34.0,0.24549094360351562,False,PUT,2026-05-15,XEL
XEL260515P00080000,80.0,5.6,5.8,6.2,1.0,4.0,0.24158473266601563,True,PUT,2026-05-15,XEL
XEL260515P00085000,85.0,7.1,0.0,0.0,1.0,3.0,1.0000000000000003e-05,True,PUT,2026-05-15,XEL
XEL260618C00065000,65.0,12.57,11.0,14.1,,3.0,0.4057676611328125,True,CALL,2026-06-18,XEL
XEL260618C00070000,70.0,7.1,7.6,8.3,5.0,31.0,0.247077841796875,True,CALL,2026-06-18,XEL
XEL260618C00075000,75.0,4.3,4.3,5.0,22.0,637.0,0.2309647216796875,True,CALL,2026-06-18,XEL
XEL260618C00080000,80.0,2.65,2.0,2.5,22.0,90.0,0.21143366699218746,False,CALL,2026-06-18,XEL
XEL260618C00085000,85.0,1.1,0.8,1.4,1.0,77.0,0.22400678344726557,False,CALL,2026-06-18,XEL
XEL260618C00090000,90.0,0.57,0.3,1.9,2.0,6.0,0.32227240234374993,False,CALL,2026-06-18,XEL
XEL260618P00055000,55.0,0.58,0.3,1.8,,2.0,0.5314988256835937,False,PUT,2026-06-18,XEL
XEL260618P00060000,60.0,0.94,0.5,2.05,1.0,4.0,0.45117736328125,False,PUT,2026-06-18,XEL
XEL260618P00065000,65.0,1.6,0.9,1.6,,19.0,0.31482618774414056,False,PUT,2026-06-18,XEL
XEL260618P00070000,70.0,2.3,1.7,2.35,1.0,131.0,0.26843993286132806,False,PUT,2026-06-18,XEL
XEL260618P00075000,75.0,3.9,3.3,3.9,1.0,187.0,0.24085231811523436,False,PUT,2026-06-18,XEL
XEL260618P00080000,80.0,6.6,6.2,6.6,,7.0,0.23242955078125,True,PUT,2026-06-18,XEL
XEL260821C00065000,65.0,14.3,0.0,0.0,,0.0,1.0000000000000003e-05,True,CALL,2026-08-21,XEL
XEL260821C00070000,70.0,9.8,8.2,9.2,1.0,46.0,0.2518385363769531,True,CALL,2026-08-21,XEL
XEL260821C00075000,75.0,5.9,5.1,6.1,3.0,103.0,0.2406081799316406,True,CALL,2026-08-21,XEL
XEL260821C00080000,80.0,3.4,2.8,3.9,1.0,14.0,0.23841093627929685,False,CALL,2026-08-21,XEL
XEL260821C00085000,85.0,1.4,1.35,2.45,16.0,171.0,0.24091335266113278,False,CALL,2026-08-21,XEL
XEL260821C00090000,90.0,1.0,0.75,1.05,11.0,108.0,0.21460746337890624,False,CALL,2026-08-21,XEL
XEL260821C00095000,95.0,0.4,0.35,0.65,2.0,1005.0,0.2249833361816406,False,CALL,2026-08-21,XEL
XEL260821P00060000,60.0,0.9,0.8,1.45,1.0,9.0,0.32874206420898433,False,PUT,2026-08-21,XEL
XEL260821P00065000,65.0,2.38,1.35,2.2,,6.0,0.29944548217773437,False,PUT,2026-08-21,XEL
XEL260821P00070000,70.0,3.75,2.3,3.4,5.0,13.0,0.27637442382812494,False,PUT,2026-08-21,XEL
XEL260821P00075000,75.0,5.24,3.9,4.8,22.0,14.0,0.23987576538085933,False,PUT,2026-08-21,XEL
XEL260821P00080000,80.0,7.06,6.7,7.5,3.0,7.0,0.2332840344238281,True,PUT,2026-08-21,XEL
XEL260821P00090000,90.0,15.41,12.9,15.9,1.0,21.0,0.28321029296874994,True,PUT,2026-08-21,XEL
XEL260918C00060000,60.0,17.19,16.0,19.0,,1.0,0.3942931665039063,True,CALL,2026-09-18,XEL
XEL260918C00080000,80.0,3.6,2.9,3.7,4.0,10.0,0.21527884338378905,False,CALL,2026-09-18,XEL
XEL260918P00060000,60.0,1.1,0.95,1.55,1.0,1.0,0.31580274047851553,False,PUT,2026-09-18,XEL
XEL260918P00065000,65.0,1.92,1.55,2.35,,2.0,0.28955788574218744,False,PUT,2026-09-18,XEL
XEL261120C00060000,60.0,17.05,16.0,19.0,8.0,9.0,0.3497379479980468,True,CALL,2026-11-20,XEL
XEL261120C00065000,65.0,12.91,12.0,15.5,1.0,13.0,0.34570966796874997,True,CALL,2026-11-20,XEL
XEL261120C00070000,70.0,9.49,9.1,10.1,1.0,25.0,0.24719991088867188,True,CALL,2026-11-20,XEL
XEL261120C00075000,75.0,7.2,5.8,6.9,6.0,45.0,0.2298660998535156,True,CALL,2026-11-20,XEL
XEL261120C00080000,80.0,4.3,3.6,4.5,7.0,113.0,0.2205888488769531,False,CALL,2026-11-20,XEL
XEL261120C00085000,85.0,2.75,2.05,3.1,1.0,44.0,0.2269364416503906,False,CALL,2026-11-20,XEL
XEL261120C00090000,90.0,1.74,1.15,2.35,2.0,229.0,0.24311059631347653,False,CALL,2026-11-20,XEL
XEL261120C00095000,95.0,1.0,0.65,1.6,20.0,49.0,0.24634542724609376,False,CALL,2026-11-20,XEL
XEL261120P00060000,60.0,1.74,1.25,1.8,1.0,10.0,0.29614961669921874,False,PUT,2026-11-20,XEL
XEL261120P00065000,65.0,2.7,1.95,2.9,12.0,14.0,0.284064776611328,False,PUT,2026-11-20,XEL
XEL261120P00070000,70.0,3.69,3.0,3.9,1.0,35.0,0.2507399145507812,False,PUT,2026-11-20,XEL
XEL261120P00075000,75.0,6.5,4.8,5.8,1.0,2.0,0.2368240380859375,False,PUT,2026-11-20,XEL
XEL261120P00080000,80.0,8.6,7.5,8.4,401.0,751.0,0.2274247180175781,True,PUT,2026-11-20,XEL
XEL261218C00060000,60.0,17.3,16.1,20.0,,8.0,0.385626260986328,True,CALL,2026-12-18,XEL
XEL261218C00070000,70.0,10.47,9.5,10.5,,1.0,0.25196060546875,True,CALL,2026-12-18,XEL
XEL261218C00075000,75.0,7.1,6.2,7.6,4.0,6.0,0.24457542541503907,True,CALL,2026-12-18,XEL
XEL261218C00080000,80.0,4.8,3.8,5.4,10.0,13.0,0.24243921630859372,False,CALL,2026-12-18,XEL
XEL261218C00090000,90.0,1.8,1.3,2.65,1.0,3.0,0.24506370178222658,False,CALL,2026-12-18,XEL
XEL261218C00095000,95.0,1.4,0.75,1.8,,5.0,0.24549094360351562,False,CALL,2026-12-18,XEL
XEL261218P00060000,60.0,1.83,1.1,2.3,2.0,2.0,0.3117744604492187,False,PUT,2026-12-18,XEL
XEL270115C00075000,75.0,7.0,6.3,7.4,12.0,21.0,0.2278519598388672,True,CALL,2027-01-15,XEL
XEL270115C00085000,85.0,2.5,2.45,3.4,,3.0,0.21900195068359374,False,CALL,2027-01-15,XEL
XOM260130C00105000,105.0,34.04,33.7,36.9,1.0,7.0,2.8593778515625,True,CALL,2026-01-30,XOM
XOM260130C00107000,107.0,22.53,31.65,34.95,9.0,58.0,2.7490265649414063,True,CALL,2026-01-30,XOM
XOM260130C00109000,109.0,31.1,29.7,32.95,1.0,1.0,2.6035191162109372,True,CALL,2026-01-30,XOM
XOM260130C00110000,110.0,30.62,28.85,31.1,3.0,8.0,1.7304700976562502,True,CALL,2026-01-30,XOM
XOM260130C00112000,112.0,25.25,27.2,29.25,5.0,10.0,1.8261727441406248,True,CALL,2026-01-30,XOM
XOM260130C00113000,113.0,18.18,26.05,28.35,1.0,3.0,1.8710943945312501,True,CALL,2026-01-30,XOM
XOM260130C00114000,114.0,19.22,24.95,27.35,2.0,3.0,1.8105478222656248,True,CALL,2026-01-30,XOM
XOM260130C00115000,115.0,22.32,24.45,26.1,7.0,61.0,1.4609401953124999,True,CALL,2026-01-30,XOM
XOM260130C00116000,116.0,24.95,22.95,25.3,1.0,35.0,1.642579912109375,True,CALL,2026-01-30,XOM
XOM260130C00117000,117.0,20.56,21.9,24.3,1.0,189.0,1.5839864550781246,True,CALL,2026-01-30,XOM
XOM260130C00118000,118.0,18.1,21.05,23.35,1.0,52.0,1.5693380908203123,True,CALL,2026-01-30,XOM
XOM260130C00119000,119.0,20.99,20.05,22.4,8.0,191.0,1.5488303808593749,True,CALL,2026-01-30,XOM
XOM260130C00120000,120.0,20.13,19.8,20.95,26.0,542.0,0.8125018749999999,True,CALL,2026-01-30,XOM
XOM260130C00121000,121.0,19.87,18.85,19.95,233.0,792.0,0.7812521875,True,CALL,2026-01-30,XOM
XOM260130C00122000,122.0,18.06,17.9,19.05,43.0,467.0,1.0273486132812502,True,CALL,2026-01-30,XOM
XOM260130C00123000,123.0,17.05,17.0,18.05,14.0,898.0,0.9765627343750001,True,CALL,2026-01-30,XOM
XOM260130C00124000,124.0,16.29,15.75,17.1,22.0,486.0,0.992187578125,True,CALL,2026-01-30,XOM
XOM260130C00125000,125.0,15.28,14.9,16.0,155.0,1967.0,0.79687703125,True,CALL,2026-01-30,XOM
XOM260130C00126000,126.0,13.78,14.0,15.1,22.0,438.0,0.8906260937499999,True,CALL,2026-01-30,XOM
XOM260130C00127000,127.0,13.04,13.2,14.1,159.0,614.0,0.8378922460937499,True,CALL,2026-01-30,XOM
XOM260130C00128000,128.0,11.72,12.4,12.95,139.0,555.0,0.51562984375,True,CALL,2026-01-30,XOM
XOM260130C00129000,129.0,11.13,10.75,12.1,24.0,499.0,0.73437765625,True,CALL,2026-01-30,XOM
XOM260130C00130000,130.0,10.05,9.95,11.15,36.0,770.0,0.7246121289062499,True,CALL,2026-01-30,XOM
XOM260130C00131000,131.0,9.8,8.8,10.05,47.0,913.0,0.5839885351562499,True,CALL,2026-01-30,XOM
XOM260130C00132000,132.0,7.75,8.1,9.15,43.0,485.0,0.6162147753906251,True,CALL,2026-01-30,XOM
XOM260130C00133000,133.0,7.9,6.6,8.45,139.0,415.0,0.7187528125,True,CALL,2026-01-30,XOM
XOM260130C00134000,134.0,6.3,6.1,7.15,99.0,896.0,0.5048877636718749,True,CALL,2026-01-30,XOM
XOM260130C00135000,135.0,5.73,5.6,6.2,1145.0,5063.0,0.47559118164062497,True,CALL,2026-01-30,XOM
XOM260130C00136000,136.0,4.84,4.15,5.35,149.0,1057.0,0.481450498046875,True,CALL,2026-01-30,XOM
XOM260130C00137000,137.0,4.05,3.95,4.4,668.0,2964.0,0.432622861328125,True,CALL,2026-01-30,XOM
XOM260130C00138000,138.0,3.33,3.3,3.5,642.0,1048.0,0.39453730468750003,True,CALL,2026-01-30,XOM
XOM260130C00139000,139.0,2.56,2.47,2.74,430.0,1055.0,0.3833069482421875,True,CALL,2026-01-30,XOM
XOM260130C00140000,140.0,1.99,1.87,2.06,4943.0,5048.0,0.37256486816406253,True,CALL,2026-01-30,XOM
XOM260130C00141000,141.0,1.53,1.4,1.52,1955.0,653.0,0.372076591796875,False,CALL,2026-01-30,XOM
XOM260130C00142000,142.0,0.99,1.02,1.09,1492.0,429.0,0.37402969726562496,False,CALL,2026-01-30,XOM
XOM260130C00143000,143.0,0.7,0.65,0.74,455.0,975.0,0.3715883154296875,False,CALL,2026-01-30,XOM
XOM260130C00144000,144.0,0.48,0.42,0.54,299.0,326.0,0.38867798828125,False,CALL,2026-01-30,XOM
XOM260130C00145000,145.0,0.35,0.28,0.35,368.0,878.0,0.3881897119140625,False,CALL,2026-01-30,XOM
XOM260130C00146000,146.0,0.23,0.19,0.28,216.0,300.0,0.41699801757812494,False,CALL,2026-01-30,XOM
XOM260130C00147000,147.0,0.15,0.13,0.19,113.0,98.0,0.424810439453125,False,CALL,2026-01-30,XOM
XOM260130C00150000,150.0,0.07,0.03,0.06,355.0,860.0,0.45313046875,False,CALL,2026-01-30,XOM
XOM260130P00100000,100.0,0.03,0.0,0.28,3.0,41.0,2.2460981347656244,False,PUT,2026-01-30,XOM
XOM260130P00105000,105.0,0.03,0.0,0.19,4.0,41.0,1.8515632421875,False,PUT,2026-01-30,XOM
XOM260130P00106000,106.0,0.03,0.0,0.2,1.0,37.0,1.8125009374999999,False,PUT,2026-01-30,XOM
XOM260130P00107000,107.0,0.02,0.01,0.18,5.0,9.0,1.75000125,False,PUT,2026-01-30,XOM
XOM260130P00108000,108.0,0.09,0.01,0.04,1.0,105.0,1.4296903515625,False,PUT,2026-01-30,XOM
XOM260130P00109000,109.0,0.01,0.0,1.94,1.0,11.0,2.577151994628906,False,PUT,2026-01-30,XOM
XOM260130P00110000,110.0,0.05,0.0,0.02,1.0,246.0,1.21875390625,False,PUT,2026-01-30,XOM
XOM260130P00111000,111.0,0.01,0.0,1.02,3.0,64.0,2.0878954052734366,False,PUT,2026-01-30,XOM
XOM260130P00112000,112.0,0.02,0.0,1.0,9.0,44.0,2.0156299609375,False,PUT,2026-01-30,XOM
XOM260130P00113000,113.0,0.05,0.0,0.17,1.0,67.0,1.4179716601562502,False,PUT,2026-01-30,XOM
XOM260130P00114000,114.0,0.04,0.0,0.03,1.0,277.0,1.09375453125,False,PUT,2026-01-30,XOM
XOM260130P00115000,115.0,0.02,0.0,0.15,2.0,553.0,1.2968785156249998,False,PUT,2026-01-30,XOM
XOM260130P00116000,116.0,0.05,0.0,0.05,2.0,166.0,1.0781296093750001,False,PUT,2026-01-30,XOM
XOM260130P00117000,117.0,0.01,0.0,0.27,24.0,493.0,1.3164096679687498,False,PUT,2026-01-30,XOM
XOM260130P00118000,118.0,0.02,0.0,0.06,7.0,130.0,1.015629921875,False,PUT,2026-01-30,XOM
XOM260130P00119000,119.0,0.02,0.01,0.02,83.0,342.0,0.8984385156249999,False,PUT,2026-01-30,XOM
XOM260130P00120000,120.0,0.04,0.02,0.07,23.0,849.0,0.98437515625,False,PUT,2026-01-30,XOM
XOM260130P00121000,121.0,0.02,0.0,0.12,12.0,374.0,0.9765627343750001,False,PUT,2026-01-30,XOM
XOM260130P00122000,122.0,0.03,0.01,0.05,3.0,335.0,0.8437515624999999,False,PUT,2026-01-30,XOM
XOM260130P00123000,123.0,0.08,0.0,0.09,9.0,1252.0,0.851563984375,False,PUT,2026-01-30,XOM
XOM260130P00124000,124.0,0.04,0.01,0.05,7.0,600.0,0.7656273437500001,False,PUT,2026-01-30,XOM
XOM260130P00125000,125.0,0.03,0.01,0.03,117.0,1330.0,0.6875031250000001,False,PUT,2026-01-30,XOM
XOM260130P00126000,126.0,0.02,0.02,0.05,21.0,521.0,0.6953155468750001,False,PUT,2026-01-30,XOM
XOM260130P00127000,127.0,0.02,0.03,0.06,67.0,861.0,0.6757844921875001,False,PUT,2026-01-30,XOM
XOM260130P00128000,128.0,0.04,0.01,0.07,217.0,1743.0,0.6210975390625001,False,PUT,2026-01-30,XOM
XOM260130P00129000,129.0,0.07,0.03,0.08,68.0,920.0,0.6054726953125001,False,PUT,2026-01-30,XOM
XOM260130P00130000,130.0,0.06,0.05,0.1,5098.0,6560.0,0.5898478515625001,False,PUT,2026-01-30,XOM
XOM260130P00131000,131.0,0.08,0.05,0.15,133.0,724.0,0.5742230078125,False,PUT,2026-01-30,XOM
XOM260130P00132000,132.0,0.08,0.07,0.09,173.0,853.0,0.5039112109375,False,PUT,2026-01-30,XOM
XOM260130P00133000,133.0,0.09,0.09,0.12,141.0,1159.0,0.49414568359375005,False,PUT,2026-01-30,XOM
XOM260130P00134000,134.0,0.13,0.11,0.16,268.0,937.0,0.4726615234375,False,PUT,2026-01-30,XOM
XOM260130P00135000,135.0,0.2,0.14,0.25,4025.0,9008.0,0.47070841796875,False,PUT,2026-01-30,XOM
XOM260130P00136000,136.0,0.26,0.18,0.26,397.0,398.0,0.41602146484374997,False,PUT,2026-01-30,XOM
XOM260130P00137000,137.0,0.4,0.32,0.45,4988.0,441.0,0.42969320312500003,False,PUT,2026-01-30,XOM
XOM260130P00138000,138.0,0.56,0.52,0.6,1093.0,194.0,0.4067442138671875,False,PUT,2026-01-30,XOM
XOM260130P00139000,139.0,0.84,0.9,0.9,491.0,38.0,0.4106504248046875,False,PUT,2026-01-30,XOM
XOM260130P00140000,140.0,1.17,1.11,1.29,789.0,2.0,0.4145566357421875,False,PUT,2026-01-30,XOM
XOM260130P00142000,142.0,2.83,2.05,3.05,80.0,2.0,0.594730615234375,True,PUT,2026-01-30,XOM
XOM260206C00105000,105.0,18.1,34.1,36.45,,1.0,1.1669963525390625,True,CALL,2026-02-06,XOM
XOM260206C00108000,108.0,15.36,31.15,33.45,,1.0,1.0751999365234377,True,CALL,2026-02-06,XOM
XOM260206C00110000,110.0,29.68,29.25,31.15,3.0,2.0,0.8535170898437501,True,CALL,2026-02-06,XOM
XOM260206C00112000,112.0,25.36,27.15,29.2,24.0,27.0,0.8320329296874999,True,CALL,2026-02-06,XOM
XOM260206C00114000,114.0,9.75,25.2,27.45,,2.0,0.8945323046874999,True,CALL,2026-02-06,XOM
XOM260206C00115000,115.0,13.7,24.15,26.45,1.0,9.0,0.8652357226562499,True,CALL,2026-02-06,XOM
XOM260206C00116000,116.0,25.3,23.15,25.35,1.0,1.0,0.795900478515625,True,CALL,2026-02-06,XOM
XOM260206C00117000,117.0,18.44,22.1,24.15,1.0,10.0,0.6709017285156251,True,CALL,2026-02-06,XOM
XOM260206C00118000,118.0,18.26,21.15,23.5,1.0,36.0,0.7949239257812499,True,CALL,2026-02-06,XOM
XOM260206C00119000,119.0,21.13,19.9,22.1,7.0,77.0,0.5898478515625001,True,CALL,2026-02-06,XOM
XOM260206C00120000,120.0,20.69,19.2,21.2,35.0,148.0,0.6201209863281252,True,CALL,2026-02-06,XOM
XOM260206C00121000,121.0,19.12,18.2,20.2,3.0,1212.0,0.5937540625000001,True,CALL,2026-02-06,XOM
XOM260206C00122000,122.0,15.3,17.3,19.55,1.0,780.0,0.6918976123046876,True,CALL,2026-02-06,XOM
XOM260206C00123000,123.0,17.17,16.75,18.2,1.0,354.0,0.5419967675781252,True,CALL,2026-02-06,XOM
XOM260206C00124000,124.0,16.38,15.2,17.55,21.0,147.0,0.6323278955078125,True,CALL,2026-02-06,XOM
XOM260206C00125000,125.0,14.84,15.0,16.2,61.0,267.0,0.4892629199218751,True,CALL,2026-02-06,XOM
XOM260206C00126000,126.0,14.28,13.85,15.4,24.0,390.0,0.5307664111328125,True,CALL,2026-02-06,XOM
XOM260206C00127000,127.0,13.31,12.6,14.25,1.0,762.0,0.4555718505859375,True,CALL,2026-02-06,XOM
XOM260206C00128000,128.0,11.45,11.95,13.3,9.0,362.0,0.44434149414062496,True,CALL,2026-02-06,XOM
XOM260206C00129000,129.0,11.75,10.9,12.35,6.0,185.0,0.43164630859375,True,CALL,2026-02-06,XOM
XOM260206C00130000,130.0,10.73,10.25,11.45,43.0,1908.0,0.4282283740234375,True,CALL,2026-02-06,XOM
XOM260206C00131000,131.0,9.78,9.2,10.45,161.0,512.0,0.39893179199218753,True,CALL,2026-02-06,XOM
XOM260206C00132000,132.0,8.8,8.4,9.45,27.0,246.0,0.36914693359375,True,CALL,2026-02-06,XOM
XOM260206C00133000,133.0,7.35,7.6,8.55,30.0,1069.0,0.35938140625,True,CALL,2026-02-06,XOM
XOM260206C00134000,134.0,6.71,6.8,7.65,31.0,1680.0,0.3459538061523437,True,CALL,2026-02-06,XOM
XOM260206C00135000,135.0,6.28,6.1,6.9,48.0,1286.0,0.35352208984374994,True,CALL,2026-02-06,XOM
XOM260206C00136000,136.0,5.26,4.6,6.15,201.0,719.0,0.3537662280273437,True,CALL,2026-02-06,XOM
XOM260206C00137000,137.0,4.4,4.35,5.2,333.0,421.0,0.3217841259765625,True,CALL,2026-02-06,XOM
XOM260206C00138000,138.0,4.32,4.15,4.4,135.0,197.0,0.3064034204101562,True,CALL,2026-02-06,XOM
XOM260206C00139000,139.0,3.31,3.5,3.85,78.0,134.0,0.3161689477539062,True,CALL,2026-02-06,XOM
XOM260206C00140000,140.0,3.05,3.0,3.2,797.0,775.0,0.3073799731445312,True,CALL,2026-02-06,XOM
XOM260206C00141000,141.0,2.54,2.43,2.62,739.0,319.0,0.30005582763671873,False,CALL,2026-02-06,XOM
XOM260206C00142000,142.0,2.15,2.12,2.19,367.0,173.0,0.30322962402343745,False,CALL,2026-02-06,XOM
XOM260206C00143000,143.0,1.45,1.61,1.8,147.0,23.0,0.3042061767578125,False,CALL,2026-02-06,XOM
XOM260206C00144000,144.0,1.38,1.26,1.41,369.0,273.0,0.2985909985351562,False,CALL,2026-02-06,XOM
XOM260206C00145000,145.0,1.08,1.01,1.2,782.0,547.0,0.30933307861328124,False,CALL,2026-02-06,XOM
XOM260206C00146000,146.0,0.9,0.81,1.0,162.0,182.0,0.3161689477539062,False,CALL,2026-02-06,XOM
XOM260206C00147000,147.0,0.63,0.58,0.85,176.0,14.0,0.32569033691406246,False,CALL,2026-02-06,XOM
XOM260206C00149000,149.0,0.48,0.43,0.55,166.0,198.0,0.33130551513671874,False,CALL,2026-02-06,XOM
XOM260206C00150000,150.0,0.37,0.36,0.42,489.0,365.0,0.3298406860351562,False,CALL,2026-02-06,XOM
XOM260206C00152500,152.5,0.23,0.18,0.31,568.0,8.0,0.36084623535156246,False,CALL,2026-02-06,XOM
XOM260206P00100000,100.0,0.05,0.0,0.04,17.0,17.0,0.8281267187499999,False,PUT,2026-02-06,XOM
XOM260206P00105000,105.0,0.05,0.0,0.05,1.0,4.0,0.7382838671874999,False,PUT,2026-02-06,XOM
XOM260206P00108000,108.0,0.06,0.0,1.23,3.0,107.0,1.1201215869140624,False,PUT,2026-02-06,XOM
XOM260206P00110000,110.0,0.12,0.0,1.96,3.0,287.0,1.1845743896484375,False,PUT,2026-02-06,XOM
XOM260206P00111000,111.0,0.13,0.0,2.02,1.0,103.0,1.16016044921875,False,PUT,2026-02-06,XOM
XOM260206P00112000,112.0,0.09,0.03,0.21,6.0,40.0,0.7304714453125,False,PUT,2026-02-06,XOM
XOM260206P00113000,113.0,0.18,0.0,2.15,10.0,8.0,1.111332568359375,False,PUT,2026-02-06,XOM
XOM260206P00114000,114.0,0.16,0.0,2.15,2.0,6.0,1.0781296093750001,False,PUT,2026-02-06,XOM
XOM260206P00115000,115.0,0.04,0.0,1.18,1.0,530.0,0.8950205810546874,False,PUT,2026-02-06,XOM
XOM260206P00116000,116.0,0.07,0.0,0.64,18.0,51.0,0.75586181640625,False,PUT,2026-02-06,XOM
XOM260206P00117000,117.0,0.16,0.03,0.24,5.0,59.0,0.6210975390625001,False,PUT,2026-02-06,XOM
XOM260206P00118000,118.0,0.1,0.0,0.67,109.0,130.0,0.708010732421875,False,PUT,2026-02-06,XOM
XOM260206P00119000,119.0,0.27,0.0,2.17,1.0,84.0,0.9135750830078125,False,PUT,2026-02-06,XOM
XOM260206P00120000,120.0,0.13,0.03,0.13,1.0,243.0,0.5039112109375,False,PUT,2026-02-06,XOM
XOM260206P00121000,121.0,0.1,0.0,1.9,2.0,84.0,0.81445498046875,False,PUT,2026-02-06,XOM
XOM260206P00122000,122.0,0.13,0.09,0.21,140.0,452.0,0.5107470800781251,False,PUT,2026-02-06,XOM
XOM260206P00123000,123.0,0.22,0.0,0.51,2.0,139.0,0.5400436621093752,False,PUT,2026-02-06,XOM
XOM260206P00124000,124.0,0.13,0.1,0.21,26.0,123.0,0.4931691308593751,False,PUT,2026-02-06,XOM
XOM260206P00125000,125.0,0.06,0.08,0.19,262.0,832.0,0.45898978515625005,False,PUT,2026-02-06,XOM
XOM260206P00126000,126.0,0.25,0.03,0.37,21.0,445.0,0.5029346582031251,False,PUT,2026-02-06,XOM
XOM260206P00127000,127.0,0.18,0.12,0.24,305.0,329.0,0.42969320312500003,False,PUT,2026-02-06,XOM
XOM260206P00128000,128.0,0.24,0.18,0.3,132.0,617.0,0.42578699218750005,False,PUT,2026-02-06,XOM
XOM260206P00129000,129.0,0.26,0.23,0.32,147.0,289.0,0.405279384765625,False,PUT,2026-02-06,XOM
XOM260206P00130000,130.0,0.33,0.26,0.37,4325.0,5075.0,0.3920959228515625,False,PUT,2026-02-06,XOM
XOM260206P00131000,131.0,0.41,0.3,0.5,282.0,1619.0,0.39649041015625003,False,PUT,2026-02-06,XOM
XOM260206P00132000,132.0,0.46,0.38,0.48,2258.0,2567.0,0.362311064453125,False,PUT,2026-02-06,XOM
XOM260206P00133000,133.0,0.54,0.48,0.62,187.0,600.0,0.36133451171875,False,PUT,2026-02-06,XOM
XOM260206P00134000,134.0,0.65,0.55,0.77,457.0,338.0,0.35645174804687496,False,PUT,2026-02-06,XOM
XOM260206P00135000,135.0,0.85,0.7,0.95,3289.0,825.0,0.35205726074218746,False,PUT,2026-02-06,XOM
XOM260206P00136000,136.0,0.98,0.85,1.14,213.0,483.0,0.3437565625,False,PUT,2026-02-06,XOM
XOM260206P00137000,137.0,1.25,1.25,1.25,287.0,323.0,0.32031929687499994,False,PUT,2026-02-06,XOM
XOM260206P00138000,138.0,1.52,1.38,1.61,312.0,158.0,0.32520206054687495,False,PUT,2026-02-06,XOM
XOM260206P00140000,140.0,2.25,2.14,2.37,497.0,57.0,0.31995308959960933,False,PUT,2026-02-06,XOM
XOM260206P00141000,141.0,2.71,2.6,2.86,199.0,16.0,0.3205634350585937,True,PUT,2026-02-06,XOM
XOM260206P00145000,145.0,21.4,5.05,5.85,,0.0,0.38477177734374995,True,PUT,2026-02-06,XOM
XOM260206P00150000,150.0,9.0,9.35,10.7,1.0,9.0,0.5371140039062501,True,PUT,2026-02-06,XOM
XOM260213C00109000,109.0,21.28,30.15,32.55,1.0,1.0,0.8105487695312499,True,CALL,2026-02-13,XOM
XOM260213C00114000,114.0,9.75,25.1,27.6,2.0,3.0,0.70898728515625,True,CALL,2026-02-13,XOM
XOM260213C00115000,115.0,23.07,24.15,26.55,2.0,16.0,0.6728548339843752,True,CALL,2026-02-13,XOM
XOM260213C00116000,116.0,13.55,22.9,25.6,2.0,5.0,0.6630893066406252,True,CALL,2026-02-13,XOM
XOM260213C00117000,117.0,16.39,21.9,24.6,1.0,6.0,0.6401403173828125,True,CALL,2026-02-13,XOM
XOM260213C00118000,118.0,18.21,21.1,23.6,1.0,20.0,0.6171913281250001,True,CALL,2026-02-13,XOM
XOM260213C00119000,119.0,22.74,21.6,22.55,1.0,44.0,0.5825237060546875,True,CALL,2026-02-13,XOM
XOM260213C00120000,120.0,20.26,19.3,21.3,18.0,150.0,0.4936574072265626,True,CALL,2026-02-13,XOM
XOM260213C00121000,121.0,16.3,18.15,20.25,3.0,17.0,0.45752495605468757,True,CALL,2026-02-13,XOM
XOM260213C00122000,122.0,18.15,17.3,19.5,5.0,90.0,0.5043994873046875,True,CALL,2026-02-13,XOM
XOM260213C00123000,123.0,15.01,16.2,18.6,25.0,152.0,0.5041553491210937,True,CALL,2026-02-13,XOM
XOM260213C00124000,124.0,13.73,15.35,17.45,1.0,106.0,0.44922425781249997,True,CALL,2026-02-13,XOM
XOM260213C00125000,125.0,15.19,15.1,16.4,26.0,194.0,0.41602146484374997,True,CALL,2026-02-13,XOM
XOM260213C00126000,126.0,14.62,13.6,15.35,13.0,263.0,0.3833069482421875,True,CALL,2026-02-13,XOM
XOM260213C00127000,127.0,13.93,12.45,14.4,27.0,166.0,0.37354142089843745,True,CALL,2026-02-13,XOM
XOM260213C00128000,128.0,7.58,11.45,13.4,6.0,72.0,0.352545537109375,True,CALL,2026-02-13,XOM
XOM260213C00129000,129.0,12.39,10.8,12.4,3.0,64.0,0.331061376953125,True,CALL,2026-02-13,XOM
XOM260213C00130000,130.0,10.74,10.1,11.55,11.0,517.0,0.3364324169921875,True,CALL,2026-02-13,XOM
XOM260213C00131000,131.0,10.18,9.1,10.65,1.0,209.0,0.32959654785156245,True,CALL,2026-02-13,XOM
XOM260213C00132000,132.0,9.1,8.75,9.8,24.0,28.0,0.3276434423828125,True,CALL,2026-02-13,XOM
XOM260213C00133000,133.0,8.95,7.7,8.95,10.0,169.0,0.3220282641601562,True,CALL,2026-02-13,XOM
XOM260213C00134000,134.0,7.44,6.85,7.9,28.0,63.0,0.29004616210937495,True,CALL,2026-02-13,XOM
XOM260213C00135000,135.0,6.59,6.05,7.25,37.0,1897.0,0.30322962402343745,True,CALL,2026-02-13,XOM
XOM260213C00136000,136.0,5.34,5.35,6.4,426.0,82.0,0.2902903002929687,True,CALL,2026-02-13,XOM
XOM260213C00137000,137.0,4.71,4.6,5.7,21.0,52.0,0.2893137475585937,True,CALL,2026-02-13,XOM
XOM260213C00138000,138.0,4.15,4.05,4.95,191.0,278.0,0.28003649658203117,True,CALL,2026-02-13,XOM
XOM260213C00139000,139.0,3.55,3.4,4.3,15.0,64.0,0.2761302856445312,True,CALL,2026-02-13,XOM
XOM260213C00140000,140.0,3.55,3.4,3.55,1684.0,2078.0,0.25977302734375,True,CALL,2026-02-13,XOM
XOM260213C00141000,141.0,2.95,2.86,3.15,62.0,123.0,0.2694164855957031,False,CALL,2026-02-13,XOM
XOM260213C00142000,142.0,2.25,2.04,2.75,53.0,15.0,0.27466545654296876,False,CALL,2026-02-13,XOM
XOM260213C00143000,143.0,1.89,1.75,2.33,53.0,45.0,0.27417718017578124,False,CALL,2026-02-13,XOM
XOM260213C00144000,144.0,1.58,1.46,1.89,11.0,20.0,0.26758544921875,False,CALL,2026-02-13,XOM
XOM260213C00145000,145.0,1.4,1.1,1.63,80.0,12.0,0.2732006274414062,False,CALL,2026-02-13,XOM
XOM260213C00150000,150.0,0.52,0.32,0.72,35.0,8.0,0.2924875439453124,False,CALL,2026-02-13,XOM
XOM260213P00105000,105.0,0.29,0.0,2.16,,2.0,1.041508698730469,False,PUT,2026-02-13,XOM
XOM260213P00107000,107.0,0.15,0.0,2.16,40.0,29.0,0.989257919921875,False,PUT,2026-02-13,XOM
XOM260213P00110000,110.0,0.18,0.0,2.18,3.0,131.0,0.9135750830078125,False,PUT,2026-02-13,XOM
XOM260213P00111000,111.0,0.21,0.0,2.19,100.0,103.0,0.8891612646484374,False,PUT,2026-02-13,XOM
XOM260213P00112000,112.0,1.25,0.0,2.2,20.0,9.0,0.8647474462890624,False,PUT,2026-02-13,XOM
XOM260213P00113000,113.0,0.45,0.0,2.21,1.0,0.0,0.8403336279296875,False,PUT,2026-02-13,XOM
XOM260213P00114000,114.0,1.18,0.0,2.22,50.0,58.0,0.8159198095703124,False,PUT,2026-02-13,XOM
XOM260213P00115000,115.0,0.14,0.0,0.82,1.0,37.0,0.6191444335937502,False,PUT,2026-02-13,XOM
XOM260213P00116000,116.0,0.18,0.0,0.7,3.0,86.0,0.5776409423828125,False,PUT,2026-02-13,XOM
XOM260213P00117000,117.0,1.25,0.0,1.28,21.0,78.0,0.6391637646484375,False,PUT,2026-02-13,XOM
XOM260213P00118000,118.0,0.19,0.0,2.25,7.0,49.0,0.7180203979492188,False,PUT,2026-02-13,XOM
XOM260213P00119000,119.0,0.23,0.0,2.26,1.0,2.0,0.6938507177734375,False,PUT,2026-02-13,XOM
XOM260213P00120000,120.0,0.18,0.03,0.18,6.0,442.0,0.4335994140625,False,PUT,2026-02-13,XOM
XOM260213P00121000,121.0,0.79,0.0,2.29,5.0,8.0,0.6462437719726561,False,PUT,2026-02-13,XOM
XOM260213P00122000,122.0,0.34,0.0,2.3,1.0,61.0,0.622074091796875,False,PUT,2026-02-13,XOM
XOM260213P00123000,123.0,0.35,0.0,2.33,3.0,41.0,0.5996133789062501,False,PUT,2026-02-13,XOM
XOM260213P00124000,124.0,0.35,0.0,2.32,1.0,30.0,0.5734905932617188,False,PUT,2026-02-13,XOM
XOM260213P00125000,125.0,0.54,0.17,0.42,1.0,135.0,0.4106504248046875,False,PUT,2026-02-13,XOM
XOM260213P00126000,126.0,0.36,0.07,0.75,17.0,77.0,0.4558159887695313,False,PUT,2026-02-13,XOM
XOM260213P00127000,127.0,0.38,0.2,0.48,2.0,14.0,0.3813538427734374,False,PUT,2026-02-13,XOM
XOM260213P00128000,128.0,0.53,0.25,0.78,11.0,56.0,0.414068359375,False,PUT,2026-02-13,XOM
XOM260213P00129000,129.0,0.6,0.44,0.59,286.0,136.0,0.358404853515625,False,PUT,2026-02-13,XOM
XOM260213P00130000,130.0,0.62,0.52,0.75,13.0,77.0,0.36206692626953124,False,PUT,2026-02-13,XOM
XOM260213P00131000,131.0,0.76,0.63,1.09,12.0,49.0,0.3859924682617187,False,PUT,2026-02-13,XOM
XOM260213P00132000,132.0,1.0,0.68,1.04,29.0,58.0,0.3537662280273437,False,PUT,2026-02-13,XOM
XOM260213P00133000,133.0,1.16,0.8,1.25,2.0,8.0,0.35352208984374994,False,PUT,2026-02-13,XOM
XOM260213P00134000,134.0,1.35,1.02,1.43,13.0,20.0,0.3464420825195312,False,PUT,2026-02-13,XOM
XOM260213P00135000,135.0,1.61,1.3,1.54,40.0,225.0,0.32959654785156245,False,PUT,2026-02-13,XOM
XOM260213P00136000,136.0,2.18,1.49,2.06,2.0,40.0,0.35169105346679685,False,PUT,2026-02-13,XOM
XOM260213P00137000,137.0,2.07,1.68,2.6,46.0,22.0,0.36975727905273437,False,PUT,2026-02-13,XOM
XOM260213P00139000,139.0,3.27,2.57,2.98,6.0,8.0,0.3319158605957031,False,PUT,2026-02-13,XOM
XOM260220C00100000,100.0,32.5,39.2,41.1,5.0,95.0,0.6757844921875001,True,CALL,2026-02-20,XOM
XOM260220C00105000,105.0,30.77,34.15,36.45,1.0,78.0,0.7304714453125,True,CALL,2026-02-20,XOM
XOM260220C00110000,110.0,31.5,29.05,31.25,1.0,692.0,0.5732464550781251,True,CALL,2026-02-20,XOM
XOM260220C00115000,115.0,25.9,25.3,26.3,92.0,3848.0,0.5019581054687501,True,CALL,2026-02-20,XOM
XOM260220C00118000,118.0,16.4,21.3,23.45,6.0,13.0,0.48633326171875,True,CALL,2026-02-20,XOM
XOM260220C00119000,119.0,18.9,20.3,22.6,56.0,43.0,0.4985401708984375,True,CALL,2026-02-20,XOM
XOM260220C00120000,120.0,20.14,20.1,21.1,71.0,11058.0,0.35352208984374994,True,CALL,2026-02-20,XOM
XOM260220C00121000,121.0,15.53,18.35,20.65,1.0,23.0,0.46973186523437505,True,CALL,2026-02-20,XOM
XOM260220C00122000,122.0,14.98,17.25,19.65,1.0,10.0,0.45044494873046875,True,CALL,2026-02-20,XOM
XOM260220C00123000,123.0,17.48,16.35,18.6,3.0,22.0,0.422857333984375,True,CALL,2026-02-20,XOM
XOM260220C00124000,124.0,11.77,15.4,17.75,1.0,6.0,0.4279842358398438,True,CALL,2026-02-20,XOM
XOM260220C00125000,125.0,15.68,15.4,16.4,368.0,16506.0,0.3498600170898437,True,CALL,2026-02-20,XOM
XOM260220C00126000,126.0,14.22,13.5,15.65,6.0,7.0,0.3737855590820312,True,CALL,2026-02-20,XOM
XOM260220C00127000,127.0,14.97,12.55,14.7,1.0,30.0,0.3618227880859375,True,CALL,2026-02-20,XOM
XOM260220C00128000,128.0,9.51,11.7,13.95,1.0,4.0,0.37525038818359374,True,CALL,2026-02-20,XOM
XOM260220C00129000,129.0,13.5,11.0,12.75,10.0,51.0,0.3293524096679687,True,CALL,2026-02-20,XOM
XOM260220C00130000,130.0,11.38,11.2,11.8,392.0,14712.0,0.3154365332031249,True,CALL,2026-02-20,XOM
XOM260220C00131000,131.0,10.15,9.15,11.0,11.0,35.0,0.31836619140624994,True,CALL,2026-02-20,XOM
XOM260220C00132000,132.0,8.98,8.55,9.85,52.0,312.0,0.2802806347656249,True,CALL,2026-02-20,XOM
XOM260220C00133000,133.0,8.32,7.85,8.95,3.0,66.0,0.2700268310546875,True,CALL,2026-02-20,XOM
XOM260220C00134000,134.0,7.55,7.0,8.15,15.0,2035.0,0.26782958740234375,True,CALL,2026-02-20,XOM
XOM260220C00135000,135.0,7.2,6.85,7.45,356.0,5946.0,0.27197993652343744,True,CALL,2026-02-20,XOM
XOM260220C00136000,136.0,5.9,5.6,6.6,22.0,286.0,0.2600171655273438,True,CALL,2026-02-20,XOM
XOM260220C00137000,137.0,5.1,5.0,6.0,266.0,400.0,0.2659985510253906,True,CALL,2026-02-20,XOM
XOM260220C00138000,138.0,5.07,4.9,5.1,196.0,193.0,0.2456130126953125,True,CALL,2026-02-20,XOM
XOM260220C00139000,139.0,4.47,4.35,4.6,160.0,825.0,0.252937158203125,True,CALL,2026-02-20,XOM
XOM260220C00140000,140.0,3.8,3.8,3.9,3665.0,12377.0,0.24243921630859372,True,CALL,2026-02-20,XOM
XOM260220C00141000,141.0,3.1,3.25,3.35,436.0,2682.0,0.23938748901367185,False,CALL,2026-02-20,XOM
XOM260220C00142000,142.0,2.93,2.83,2.95,1900.0,485.0,0.24378197631835938,False,CALL,2026-02-20,XOM
XOM260220C00145000,145.0,1.8,1.75,1.87,954.0,2462.0,0.24695577270507812,False,CALL,2026-02-20,XOM
XOM260220C00150000,150.0,0.75,0.67,0.87,2361.0,2139.0,0.26099371826171874,False,CALL,2026-02-20,XOM
XOM260220C00155000,155.0,0.37,0.32,0.44,225.0,91.0,0.2829661547851562,False,CALL,2026-02-20,XOM
XOM260220C00160000,160.0,0.23,0.16,0.26,250.0,185.0,0.31153032226562494,False,CALL,2026-02-20,XOM
XOM260220C00170000,170.0,0.11,0.1,0.11,3746.0,5544.0,0.367193828125,False,CALL,2026-02-20,XOM
XOM260220P00100000,100.0,0.04,0.03,0.06,22.0,3624.0,0.56836369140625,False,PUT,2026-02-20,XOM
XOM260220P00105000,105.0,0.05,0.05,0.11,13.0,2874.0,0.53320779296875,False,PUT,2026-02-20,XOM
XOM260220P00110000,110.0,0.1,0.07,0.18,13.0,8764.0,0.5205126074218749,False,PUT,2026-02-20,XOM
XOM260220P00115000,115.0,0.14,0.1,0.14,25.0,6890.0,0.42090422851562503,False,PUT,2026-02-20,XOM
XOM260220P00118000,118.0,0.25,0.0,2.21,24.0,27.0,0.5954630297851562,False,PUT,2026-02-20,XOM
XOM260220P00119000,119.0,0.46,0.0,2.22,,7.0,0.5754436987304687,False,PUT,2026-02-20,XOM
XOM260220P00120000,120.0,0.21,0.15,0.21,36.0,7156.0,0.372076591796875,False,PUT,2026-02-20,XOM
XOM260220P00121000,121.0,0.38,0.07,0.46,1.0,10.0,0.42139250488281255,False,PUT,2026-02-20,XOM
XOM260220P00122000,122.0,0.28,0.11,0.32,1.0,95.0,0.3711000390625,False,PUT,2026-02-20,XOM
XOM260220P00123000,123.0,0.36,0.13,0.47,14.0,96.0,0.387701435546875,False,PUT,2026-02-20,XOM
XOM260220P00124000,124.0,0.3,0.25,0.44,4.0,349.0,0.36377589355468753,False,PUT,2026-02-20,XOM
XOM260220P00125000,125.0,0.39,0.31,0.42,195.0,4355.0,0.34229173339843744,False,PUT,2026-02-20,XOM
XOM260220P00126000,126.0,0.16,0.29,0.63,2.0,275.0,0.36133451171875,False,PUT,2026-02-20,XOM
XOM260220P00127000,127.0,0.56,0.44,0.55,83.0,1504.0,0.32959654785156245,False,PUT,2026-02-20,XOM
XOM260220P00128000,128.0,0.63,0.54,0.71,95.0,546.0,0.3354558642578125,False,PUT,2026-02-20,XOM
XOM260220P00129000,129.0,0.69,0.62,0.73,153.0,766.0,0.3186103295898437,False,PUT,2026-02-20,XOM
XOM260220P00130000,130.0,0.86,0.7,0.91,3638.0,3155.0,0.3217841259765625,False,PUT,2026-02-20,XOM
XOM260220P00131000,131.0,0.9,0.87,0.99,198.0,875.0,0.31055376953124997,False,PUT,2026-02-20,XOM
XOM260220P00132000,132.0,1.05,1.03,1.11,269.0,645.0,0.30225307128906254,False,PUT,2026-02-20,XOM
XOM260220P00133000,133.0,1.37,1.22,1.3,198.0,840.0,0.29944548217773437,False,PUT,2026-02-20,XOM
XOM260220P00134000,134.0,1.58,1.42,1.55,148.0,1196.0,0.29968962036132807,False,PUT,2026-02-20,XOM
XOM260220P00135000,135.0,1.84,1.69,1.85,242.0,555.0,0.30152065673828127,False,PUT,2026-02-20,XOM
XOM260220P00136000,136.0,2.02,2.02,2.3,341.0,236.0,0.3122627368164062,False,PUT,2026-02-20,XOM
XOM260220P00137000,137.0,2.38,2.32,2.47,136.0,180.0,0.29798065307617183,False,PUT,2026-02-20,XOM
XOM260220P00138000,138.0,2.9,2.7,2.98,125.0,28.0,0.3073799731445312,False,PUT,2026-02-20,XOM
XOM260220P00139000,139.0,3.15,3.1,3.25,322.0,7.0,0.2960275476074219,False,PUT,2026-02-20,XOM
XOM260220P00140000,140.0,3.66,3.6,3.75,1023.0,124.0,0.29883513671874995,False,PUT,2026-02-20,XOM
XOM260220P00141000,141.0,4.1,4.1,4.55,5.0,31.0,0.32031929687499994,True,PUT,2026-02-20,XOM
XOM260220P00142000,142.0,4.8,4.6,4.9,6.0,1.0,0.30713583496093744,True,PUT,2026-02-20,XOM
XOM260220P00145000,145.0,7.17,6.55,7.25,57.0,6.0,0.3464420825195312,True,PUT,2026-02-20,XOM
XOM260227C00109000,109.0,14.96,29.85,33.9,,1.0,0.8125018749999999,True,CALL,2026-02-27,XOM
XOM260227C00110000,110.0,14.34,28.8,32.6,,2.0,0.7517114672851561,True,CALL,2026-02-27,XOM
XOM260227C00111000,111.0,13.37,27.7,31.9,,1.0,0.770510107421875,True,CALL,2026-02-27,XOM
XOM260227C00112000,112.0,19.75,26.85,30.8,2.0,2.0,0.7370631762695312,True,CALL,2026-02-27,XOM
XOM260227C00114000,114.0,13.3,24.85,28.8,,2.0,0.6960479614257813,True,CALL,2026-02-27,XOM
XOM260227C00115000,115.0,18.0,23.9,27.85,1.0,8.0,0.6813996704101564,True,CALL,2026-02-27,XOM
XOM260227C00116000,116.0,19.12,23.0,26.85,1.0,3.0,0.6608920629882813,True,CALL,2026-02-27,XOM
XOM260227C00117000,117.0,13.32,21.85,25.1,13.0,25.0,0.5471236694335939,True,CALL,2026-02-27,XOM
XOM260227C00118000,118.0,20.05,20.85,24.2,3.0,509.0,0.5419967675781252,True,CALL,2026-02-27,XOM
XOM260227C00119000,119.0,15.0,19.9,23.15,1.0,11.0,0.5168505346679688,True,CALL,2026-02-27,XOM
XOM260227C00120000,120.0,20.0,19.2,21.2,1.0,63.0,0.3393620751953125,True,CALL,2026-02-27,XOM
XOM260227C00121000,121.0,20.72,18.15,20.2,1.0,6.0,0.32520206054687495,True,CALL,2026-02-27,XOM
XOM260227C00122000,122.0,15.04,17.3,19.75,1.0,70.0,0.40918559570312496,True,CALL,2026-02-27,XOM
XOM260227C00123000,123.0,14.73,16.3,18.7,2.0,34.0,0.38477177734374995,True,CALL,2026-02-27,XOM
XOM260227C00124000,124.0,11.33,15.35,17.75,2.0,10.0,0.37476211181640623,True,CALL,2026-02-27,XOM
XOM260227C00125000,125.0,15.1,15.05,16.4,21.0,78.0,0.3061592822265625,True,CALL,2026-02-27,XOM
XOM260227C00126000,126.0,14.23,13.45,15.5,12.0,404.0,0.3061592822265625,True,CALL,2026-02-27,XOM
XOM260227C00127000,127.0,10.98,12.55,14.95,100.0,216.0,0.34668622070312494,True,CALL,2026-02-27,XOM
XOM260227C00128000,128.0,9.1,11.7,13.7,10.0,36.0,0.2995675512695312,True,CALL,2026-02-27,XOM
XOM260227C00129000,129.0,11.4,11.2,13.2,8.0,119.0,0.335944140625,True,CALL,2026-02-27,XOM
XOM260227C00130000,130.0,11.0,10.35,12.05,14.0,2053.0,0.30225307128906254,True,CALL,2026-02-27,XOM
XOM260227C00131000,131.0,10.9,9.25,11.1,4.0,80.0,0.28833719482421866,True,CALL,2026-02-27,XOM
XOM260227C00132000,132.0,6.95,8.3,10.3,97.0,168.0,0.28711650390624993,True,CALL,2026-02-27,XOM
XOM260227C00133000,133.0,5.51,7.55,9.8,17.0,34.0,0.30823445678710937,True,CALL,2026-02-27,XOM
XOM260227C00134000,134.0,7.72,7.3,8.65,2.0,72.0,0.2749095947265625,True,CALL,2026-02-27,XOM
XOM260227C00135000,135.0,7.0,6.95,7.7,44.0,340.0,0.25708750732421876,True,CALL,2026-02-27,XOM
XOM260227C00136000,136.0,4.45,5.55,7.3,47.0,97.0,0.2775951147460937,True,CALL,2026-02-27,XOM
XOM260227C00137000,137.0,5.54,5.15,6.2,38.0,88.0,0.24658956542968752,True,CALL,2026-02-27,XOM
XOM260227C00138000,138.0,5.52,4.95,5.55,68.0,88.0,0.24488059814453128,True,CALL,2026-02-27,XOM
XOM260227C00139000,139.0,4.36,4.0,4.95,17.0,33.0,0.24390404541015626,True,CALL,2026-02-27,XOM
XOM260227C00140000,140.0,4.15,4.1,4.25,84.0,1109.0,0.23413851806640623,True,CALL,2026-02-27,XOM
XOM260227C00141000,141.0,3.55,3.6,3.85,72.0,22.0,0.2406081799316406,False,CALL,2026-02-27,XOM
XOM260227C00142000,142.0,2.9,2.93,3.4,19.0,109.0,0.24146266357421875,False,CALL,2026-02-27,XOM
XOM260227C00143000,143.0,2.73,2.4,2.98,1.0,355.0,0.2417068017578125,False,CALL,2026-02-27,XOM
XOM260227C00144000,144.0,2.57,1.94,2.55,11.0,52.0,0.2387771435546875,False,CALL,2026-02-27,XOM
XOM260227C00145000,145.0,2.05,1.82,2.31,56.0,379.0,0.24573508178710937,False,CALL,2026-02-27,XOM
XOM260227C00146000,146.0,1.87,1.39,2.21,21.0,63.0,0.2603833728027344,False,CALL,2026-02-27,XOM
XOM260227C00150000,150.0,1.01,0.9,1.11,60.0,86.0,0.25025163818359375,False,CALL,2026-02-27,XOM
XOM260227P00100000,100.0,0.35,0.0,2.14,,4.0,0.8566908862304687,False,PUT,2026-02-27,XOM
XOM260227P00105000,105.0,0.3,0.0,2.16,,1.0,0.7605004418945314,False,PUT,2026-02-27,XOM
XOM260227P00107000,107.0,0.24,0.0,2.17,,9.0,0.7231472998046875,False,PUT,2026-02-27,XOM
XOM260227P00110000,110.0,0.36,0.0,2.19,1.0,8.0,0.6679720703125002,False,PUT,2026-02-27,XOM
XOM260227P00112000,112.0,0.65,0.0,2.21,,8.0,0.6320837573242188,False,PUT,2026-02-27,XOM
XOM260227P00113000,113.0,0.62,0.0,2.23,2.0,2.0,0.6149940844726562,False,PUT,2026-02-27,XOM
XOM260227P00114000,114.0,0.2,0.0,2.24,1.0,33.0,0.5971719970703125,False,PUT,2026-02-27,XOM
XOM260227P00115000,115.0,0.46,0.0,2.26,1.0,17.0,0.5800823242187501,False,PUT,2026-02-27,XOM
XOM260227P00116000,116.0,0.23,0.0,2.25,6.0,7.0,0.5610395458984375,False,PUT,2026-02-27,XOM
XOM260227P00117000,117.0,0.25,0.0,1.13,1.0,17.0,0.5432174584960938,False,PUT,2026-02-27,XOM
XOM260227P00118000,118.0,0.31,0.0,2.29,1.0,34.0,0.5268602001953125,False,PUT,2026-02-27,XOM
XOM260227P00119000,119.0,0.28,0.0,2.35,5.0,5.0,0.5124560473632812,False,PUT,2026-02-27,XOM
XOM260227P00120000,120.0,0.25,0.0,0.37,10.0,112.0,0.3657289990234375,False,PUT,2026-02-27,XOM
XOM260227P00121000,121.0,0.53,0.01,0.51,1.0,7.0,0.37793590820312495,False,PUT,2026-02-27,XOM
XOM260227P00122000,122.0,0.34,0.04,0.51,6.0,34.0,0.362311064453125,False,PUT,2026-02-27,XOM
XOM260227P00123000,123.0,0.39,0.07,0.74,1.0,108.0,0.3820862573242187,False,PUT,2026-02-27,XOM
XOM260227P00124000,124.0,0.44,0.22,0.62,4.0,104.0,0.3479069116210937,False,PUT,2026-02-27,XOM
XOM260227P00125000,125.0,0.47,0.33,0.65,7.0,148.0,0.33570000244140624,False,PUT,2026-02-27,XOM
XOM260227P00126000,126.0,0.57,0.51,0.9,6.0,36.0,0.35156898437499995,False,PUT,2026-02-27,XOM
XOM260227P00127000,127.0,0.78,0.56,0.95,8.0,134.0,0.3398503515625,False,PUT,2026-02-27,XOM
XOM260227P00128000,128.0,0.9,0.64,0.99,11.0,51.0,0.32642275146484373,False,PUT,2026-02-27,XOM
XOM260227P00129000,129.0,0.95,0.66,1.32,10.0,52.0,0.34204759521484374,False,PUT,2026-02-27,XOM
XOM260227P00130000,130.0,1.09,0.89,1.28,43.0,90.0,0.3189765368652343,False,PUT,2026-02-27,XOM
XOM260227P00131000,131.0,1.35,1.07,1.55,5.0,40.0,0.32398136962890617,False,PUT,2026-02-27,XOM
XOM260227P00132000,132.0,1.46,1.26,1.74,18.0,35.0,0.3197089514160155,False,PUT,2026-02-27,XOM
XOM260227P00133000,133.0,1.7,1.5,1.68,6.0,33.0,0.29383030395507803,False,PUT,2026-02-27,XOM
XOM260227P00134000,134.0,2.0,1.69,2.32,9.0,26.0,0.32129584960937496,False,PUT,2026-02-27,XOM
XOM260227P00135000,135.0,2.19,2.02,2.24,11.0,53.0,0.2926096130371093,False,PUT,2026-02-27,XOM
XOM260227P00138000,138.0,5.13,2.97,3.2,2.0,2.0,0.2834544311523437,False,PUT,2026-02-27,XOM
XOM260227P00139000,139.0,3.55,3.45,3.65,3.0,2.0,0.2845530529785155,False,PUT,2026-02-27,XOM
XOM260227P00140000,140.0,4.25,3.85,4.1,12.0,7.0,0.28357650024414055,False,PUT,2026-02-27,XOM
XOM260227P00143000,143.0,8.68,4.75,6.9,1.0,4.0,0.35816071533203125,True,PUT,2026-02-27,XOM
XOM260227P00144000,144.0,9.37,5.95,7.15,1.0,2.0,0.3367986242675781,True,PUT,2026-02-27,XOM
XOM260227P00145000,145.0,6.65,6.55,8.55,1.0,1.0,0.38635867553710934,True,PUT,2026-02-27,XOM
XOM260306C00118000,118.0,21.78,21.6,23.3,1.0,1.0,0.3544986425781249,True,CALL,2026-03-06,XOM
XOM260306C00126000,126.0,11.44,14.05,15.95,1.0,22.0,0.3283758569335937,True,CALL,2026-03-06,XOM
XOM260306C00127000,127.0,15.17,12.45,15.1,1.0,4.0,0.3270330969238281,True,CALL,2026-03-06,XOM
XOM260306C00130000,130.0,10.91,10.05,12.45,2.0,24.0,0.3064034204101562,True,CALL,2026-03-06,XOM
XOM260306C00131000,131.0,11.38,9.4,12.3,3.0,1.0,0.3523013989257812,True,CALL,2026-03-06,XOM
XOM260306C00132000,132.0,9.27,8.55,10.55,1.0,6.0,0.2779613220214844,True,CALL,2026-03-06,XOM
XOM260306C00133000,133.0,8.7,7.5,10.65,6.0,15.0,0.335944140625,True,CALL,2026-03-06,XOM
XOM260306C00134000,134.0,7.75,7.6,8.85,16.0,39.0,0.26148199462890626,True,CALL,2026-03-06,XOM
XOM260306C00135000,135.0,7.4,6.85,8.1,5.0,28.0,0.25818612915039063,True,CALL,2026-03-06,XOM
XOM260306C00136000,136.0,6.4,6.05,7.4,11.0,64.0,0.25623302368164064,True,CALL,2026-03-06,XOM
XOM260306C00137000,137.0,6.3,4.4,7.85,18.0,42.0,0.32092964233398436,True,CALL,2026-03-06,XOM
XOM260306C00140000,140.0,4.6,4.0,4.65,109.0,81.0,0.23334506896972657,True,CALL,2026-03-06,XOM
XOM260306C00141000,141.0,3.85,2.9,4.15,12.0,4.0,0.233406103515625,False,CALL,2026-03-06,XOM
XOM260306C00145000,145.0,2.3,2.08,2.87,34.0,1488.0,0.25440198730468755,False,CALL,2026-03-06,XOM
XOM260306P00119000,119.0,0.6,0.0,2.35,1.0,26.0,0.5822795678710937,False,PUT,2026-03-06,XOM
XOM260306P00120000,120.0,0.63,0.0,2.38,30.0,32.0,0.5660443786621094,False,PUT,2026-03-06,XOM
XOM260306P00124000,124.0,0.91,0.0,1.31,1.0,1.0,0.39234006103515623,False,PUT,2026-03-06,XOM
XOM260306P00125000,125.0,0.7,0.28,1.16,18.0,6.0,0.36035795898437495,False,PUT,2026-03-06,XOM
XOM260306P00128000,128.0,0.82,0.1,1.57,5.0,1.0,0.34717449707031245,False,PUT,2026-03-06,XOM
XOM260306P00129000,129.0,1.15,0.74,1.65,7.0,3.0,0.335944140625,False,PUT,2026-03-06,XOM
XOM260306P00130000,130.0,1.48,0.78,2.0,32.0,33.0,0.3452213916015625,False,PUT,2026-03-06,XOM
XOM260306P00131000,131.0,2.0,1.01,2.11,2.0,4.0,0.3343572424316406,False,PUT,2026-03-06,XOM
XOM260306P00132000,132.0,2.55,0.72,3.5,2.0,21.0,0.40955180297851557,False,PUT,2026-03-06,XOM
XOM260306P00133000,133.0,2.16,1.61,2.68,2.0,7.0,0.33399103515625,False,PUT,2026-03-06,XOM
XOM260320C00100000,100.0,36.25,38.8,41.65,1.0,612.0,0.5971719970703125,True,CALL,2026-03-20,XOM
XOM260320C00105000,105.0,32.47,33.7,36.65,1.0,894.0,0.5268602001953125,True,CALL,2026-03-20,XOM
XOM260320C00110000,110.0,27.88,28.85,31.55,6.0,2675.0,0.44336494140625,True,CALL,2026-03-20,XOM
XOM260320C00115000,115.0,25.18,25.0,26.25,22.0,4077.0,0.3266668896484375,True,CALL,2026-03-20,XOM
XOM260320C00120000,120.0,20.8,20.85,21.55,76.0,12838.0,0.3156806713867187,True,CALL,2026-03-20,XOM
XOM260320C00125000,125.0,15.97,15.9,16.85,687.0,14455.0,0.28394270751953116,True,CALL,2026-03-20,XOM
XOM260320C00130000,130.0,12.25,12.0,12.3,1839.0,16997.0,0.2503737072753906,True,CALL,2026-03-20,XOM
XOM260320C00135000,135.0,8.25,8.4,8.5,1121.0,9632.0,0.24195093994140626,True,CALL,2026-03-20,XOM
XOM260320C00140000,140.0,5.5,5.35,5.55,2432.0,29419.0,0.2418899053955078,True,CALL,2026-03-20,XOM
XOM260320C00145000,145.0,3.3,3.2,3.4,800.0,3759.0,0.24292749267578123,False,CALL,2026-03-20,XOM
XOM260320C00150000,150.0,1.88,1.84,1.95,4319.0,3150.0,0.24402611450195313,False,CALL,2026-03-20,XOM
XOM260320C00155000,155.0,1.1,1.07,1.15,246.0,1206.0,0.2528150891113281,False,CALL,2026-03-20,XOM
XOM260320C00160000,160.0,0.63,0.55,0.73,67.0,496.0,0.26746338012695314,False,CALL,2026-03-20,XOM
XOM260320C00165000,165.0,0.4,0.35,0.42,71.0,368.0,0.27417718017578124,False,CALL,2026-03-20,XOM
XOM260320C00170000,170.0,0.25,0.19,0.37,7.0,241.0,0.3051827294921875,False,CALL,2026-03-20,XOM
XOM260320C00175000,175.0,0.17,0.15,0.22,378.0,694.0,0.31055376953124997,False,CALL,2026-03-20,XOM
XOM260320C00180000,180.0,0.2,0.07,0.23,13.0,273.0,0.3452213916015625,False,CALL,2026-03-20,XOM
XOM260320P00100000,100.0,0.06,0.05,0.09,379.0,14021.0,0.41699801757812494,False,PUT,2026-03-20,XOM
XOM260320P00105000,105.0,0.15,0.09,0.2,2.0,8790.0,0.41211525390625,False,PUT,2026-03-20,XOM
XOM260320P00110000,110.0,0.2,0.2,0.31,109.0,9158.0,0.3852600537109374,False,PUT,2026-03-20,XOM
XOM260320P00115000,115.0,0.34,0.18,0.37,61.0,34225.0,0.33887379882812496,False,PUT,2026-03-20,XOM
XOM260320P00120000,120.0,0.6,0.53,0.6,20.0,6181.0,0.31445998046874996,False,PUT,2026-03-20,XOM
XOM260320P00125000,125.0,1.01,1.01,1.02,258.0,7388.0,0.29444064941406245,False,PUT,2026-03-20,XOM
XOM260320P00130000,130.0,1.81,1.66,1.91,257.0,12358.0,0.2882151257324218,False,PUT,2026-03-20,XOM
XOM260320P00135000,135.0,3.07,2.98,3.15,604.0,825.0,0.27374993835449213,False,PUT,2026-03-20,XOM
XOM260320P00140000,140.0,5.12,4.95,5.15,367.0,102.0,0.26782958740234375,False,PUT,2026-03-20,XOM
XOM260320P00145000,145.0,8.28,7.8,8.4,21.0,126.0,0.2890696093749999,True,PUT,2026-03-20,XOM
XOM260320P00160000,160.0,42.1,19.85,22.25,1.0,1.0,0.4445856323242187,True,PUT,2026-03-20,XOM
XOM260320P00165000,165.0,60.6,49.25,51.15,3.0,0.0,1.6480120138549803,True,PUT,2026-03-20,XOM
XOM260320P00170000,170.0,50.65,29.55,31.95,1.0,1.0,0.5349167602539062,True,PUT,2026-03-20,XOM
XOM260320P00180000,180.0,45.0,38.45,42.1,1.0,1.0,0.6411168701171875,True,PUT,2026-03-20,XOM
XOM260417C00100000,100.0,41.0,38.95,42.05,1.0,175.0,0.5324753784179688,True,CALL,2026-04-17,XOM
XOM260417C00105000,105.0,32.5,34.35,36.55,92.0,129.0,0.40918559570312496,True,CALL,2026-04-17,XOM
XOM260417C00110000,110.0,31.6,29.8,31.35,3.0,411.0,0.3266668896484375,True,CALL,2026-04-17,XOM
XOM260417C00115000,115.0,25.52,24.65,26.55,61.0,3505.0,0.3042061767578125,True,CALL,2026-04-17,XOM
XOM260417C00120000,120.0,21.0,20.9,21.95,84.0,4326.0,0.29077857666015616,True,CALL,2026-04-17,XOM
XOM260417C00125000,125.0,17.15,16.8,17.5,227.0,6158.0,0.27307855834960937,True,CALL,2026-04-17,XOM
XOM260417C00130000,130.0,12.99,13.0,13.5,139.0,8415.0,0.26453372192382807,True,CALL,2026-04-17,XOM
XOM260417C00135000,135.0,9.66,9.65,10.05,202.0,20920.0,0.26032233825683593,True,CALL,2026-04-17,XOM
XOM260417C00140000,140.0,6.75,6.6,6.9,335.0,14319.0,0.2462843927001953,True,CALL,2026-04-17,XOM
XOM260417C00145000,145.0,4.45,4.4,4.6,1010.0,14401.0,0.24231714721679687,False,CALL,2026-04-17,XOM
XOM260417C00150000,150.0,2.95,2.79,2.94,1089.0,2581.0,0.24048611083984373,False,CALL,2026-04-17,XOM
XOM260417C00155000,155.0,1.71,1.65,1.9,368.0,359.0,0.2447585290527344,False,CALL,2026-04-17,XOM
XOM260417C00160000,160.0,1.12,1.05,1.24,80.0,176.0,0.2512281909179687,False,CALL,2026-04-17,XOM
XOM260417C00165000,165.0,0.7,0.64,0.79,7.0,63.0,0.2563550927734375,False,CALL,2026-04-17,XOM
XOM260417C00170000,170.0,0.48,0.41,0.53,6.0,16.0,0.264655791015625,False,CALL,2026-04-17,XOM
XOM260417P00100000,100.0,0.24,0.2,0.39,56.0,4625.0,0.424810439453125,False,PUT,2026-04-17,XOM
XOM260417P00105000,105.0,0.38,0.16,0.87,13.0,3627.0,0.44434149414062496,False,PUT,2026-04-17,XOM
XOM260417P00110000,110.0,0.36,0.26,0.5,11.0,4366.0,0.34107104248046877,False,PUT,2026-04-17,XOM
XOM260417P00115000,115.0,0.65,0.52,0.65,398.0,2163.0,0.30933307861328124,False,PUT,2026-04-17,XOM
XOM260417P00120000,120.0,1.01,0.87,1.1,48.0,2565.0,0.29834686035156244,False,PUT,2026-04-17,XOM
XOM260417P00125000,125.0,1.61,1.48,1.66,67.0,3861.0,0.2795482202148437,False,PUT,2026-04-17,XOM
XOM260417P00130000,130.0,2.65,2.38,2.93,151.0,1638.0,0.2827220166015625,False,PUT,2026-04-17,XOM
XOM260417P00135000,135.0,3.95,3.85,4.1,222.0,867.0,0.2600171655273438,False,PUT,2026-04-17,XOM
XOM260417P00140000,140.0,6.0,5.95,6.1,144.0,138.0,0.25177750183105463,False,PUT,2026-04-17,XOM
XOM260417P00145000,145.0,8.63,8.6,10.1,3.0,17.0,0.29822479125976553,True,PUT,2026-04-17,XOM
XOM260417P00150000,150.0,11.75,11.75,13.75,1.0,17.0,0.31378860046386714,True,PUT,2026-04-17,XOM
XOM260417P00155000,155.0,23.35,15.8,17.85,1.0,1.0,0.33399103515625,True,PUT,2026-04-17,XOM
XOM260417P00160000,160.0,21.69,20.5,22.35,1.0,1.0,0.36200589172363284,True,PUT,2026-04-17,XOM
XOM260515C00100000,100.0,28.85,39.5,41.7,2.0,413.0,0.4182187084960937,True,CALL,2026-05-15,XOM
XOM260515C00105000,105.0,28.94,34.6,36.9,1.0,55.0,0.39063109375,True,CALL,2026-05-15,XOM
XOM260515C00110000,110.0,30.9,30.1,31.95,1.0,605.0,0.3459538061523437,True,CALL,2026-05-15,XOM
XOM260515C00115000,115.0,27.19,25.3,27.1,2.0,883.0,0.3092110095214844,True,CALL,2026-05-15,XOM
XOM260515C00120000,120.0,22.0,21.35,22.5,5.0,1687.0,0.28613995117187496,True,CALL,2026-05-15,XOM
XOM260515C00125000,125.0,17.77,17.3,18.5,97.0,3032.0,0.28504132934570303,True,CALL,2026-05-15,XOM
XOM260515C00130000,130.0,13.92,13.35,14.45,693.0,5214.0,0.26642579284667967,True,CALL,2026-05-15,XOM
XOM260515C00135000,135.0,10.57,10.05,11.05,198.0,5714.0,0.25916268188476566,True,CALL,2026-05-15,XOM
XOM260515C00140000,140.0,7.55,7.25,8.1,195.0,2745.0,0.2512892254638671,True,CALL,2026-05-15,XOM
XOM260515C00145000,145.0,5.3,5.05,5.7,182.0,2063.0,0.24488059814453128,False,CALL,2026-05-15,XOM
XOM260515C00150000,150.0,3.85,3.75,3.95,313.0,11607.0,0.2433547344970703,False,CALL,2026-05-15,XOM
XOM260515C00155000,155.0,2.64,2.31,2.8,41.0,943.0,0.2482374981689453,False,CALL,2026-05-15,XOM
XOM260515C00160000,160.0,1.67,1.57,1.99,24.0,344.0,0.25403578002929694,False,CALL,2026-05-15,XOM
XOM260515C00165000,165.0,1.14,1.03,1.24,16.0,99.0,0.24976336181640624,False,CALL,2026-05-15,XOM
XOM260515C00170000,170.0,0.79,0.23,0.86,30.0,434.0,0.2551344018554688,False,CALL,2026-05-15,XOM
XOM260515P00100000,100.0,0.5,0.3,0.45,1.0,1322.0,0.37500625,False,PUT,2026-05-15,XOM
XOM260515P00105000,105.0,0.5,0.35,0.76,60.0,3795.0,0.36963520996093746,False,PUT,2026-05-15,XOM
XOM260515P00110000,110.0,0.77,0.52,0.81,15.0,1881.0,0.32739930419921875,False,PUT,2026-05-15,XOM
XOM260515P00115000,115.0,1.09,0.98,1.11,25.0,1538.0,0.305671005859375,False,PUT,2026-05-15,XOM
XOM260515P00120000,120.0,1.62,1.51,1.6,264.0,1120.0,0.28882547119140617,False,PUT,2026-05-15,XOM
XOM260515P00125000,125.0,2.45,2.23,2.56,66.0,890.0,0.28528546752929684,False,PUT,2026-05-15,XOM
XOM260515P00130000,130.0,3.6,3.35,3.8,67.0,1120.0,0.27814442565917963,False,PUT,2026-05-15,XOM
XOM260515P00135000,135.0,5.4,4.9,5.55,254.0,250.0,0.2747875256347656,False,PUT,2026-05-15,XOM
XOM260515P00140000,140.0,7.45,7.0,7.35,213.0,68.0,0.2576978527832031,False,PUT,2026-05-15,XOM
XOM260515P00145000,145.0,9.6,9.65,11.2,1.0,5.0,0.29267064758300776,True,PUT,2026-05-15,XOM
XOM260515P00150000,150.0,18.93,12.35,14.65,2.0,2.0,0.30084927673339845,True,PUT,2026-05-15,XOM
XOM260618C00100000,100.0,40.13,40.2,41.45,5.0,1129.0,0.33447931152343746,True,CALL,2026-06-18,XOM
XOM260618C00105000,105.0,36.93,35.45,36.65,1.0,868.0,0.3166572241210937,True,CALL,2026-06-18,XOM
XOM260618C00110000,110.0,31.8,30.75,31.95,1.0,5352.0,0.3012765185546875,True,CALL,2026-06-18,XOM
XOM260618C00115000,115.0,26.58,26.2,27.4,2.0,1678.0,0.28833719482421866,True,CALL,2026-06-18,XOM
XOM260618C00120000,120.0,22.55,22.15,23.05,512.0,8198.0,0.27698476928710936,True,CALL,2026-06-18,XOM
XOM260618C00125000,125.0,18.46,17.95,18.95,151.0,10074.0,0.2664868273925781,True,CALL,2026-06-18,XOM
XOM260618C00130000,130.0,14.6,14.25,15.1,393.0,11473.0,0.254463021850586,True,CALL,2026-06-18,XOM
XOM260618C00135000,135.0,11.4,10.95,11.9,2233.0,5424.0,0.25177750183105463,True,CALL,2026-06-18,XOM
XOM260618C00140000,140.0,8.91,8.7,9.05,2011.0,8393.0,0.2462843927001953,True,CALL,2026-06-18,XOM
XOM260618C00145000,145.0,6.51,6.4,6.7,206.0,8455.0,0.24213404357910157,False,CALL,2026-06-18,XOM
XOM260618C00150000,150.0,4.56,4.45,4.9,2120.0,5727.0,0.24115749084472654,False,CALL,2026-06-18,XOM
XOM260618C00155000,155.0,3.3,3.3,3.55,1226.0,561.0,0.2418899053955078,False,CALL,2026-06-18,XOM
XOM260618C00160000,160.0,2.3,2.22,2.74,742.0,1740.0,0.2506788800048828,False,CALL,2026-06-18,XOM
XOM260618C00165000,165.0,1.7,1.57,1.83,85.0,2531.0,0.2461012890625,False,CALL,2026-06-18,XOM
XOM260618C00170000,170.0,1.19,1.03,1.39,8.0,740.0,0.25324233093261717,False,CALL,2026-06-18,XOM
XOM260618C00175000,175.0,1.0,0.88,0.98,659.0,1619.0,0.25489026367187506,False,CALL,2026-06-18,XOM
XOM260618P00100000,100.0,0.69,0.5,0.83,37.0,10852.0,0.372076591796875,False,PUT,2026-06-18,XOM
XOM260618P00105000,105.0,0.79,0.69,0.87,2.0,6910.0,0.3325262060546875,False,PUT,2026-06-18,XOM
XOM260618P00110000,110.0,1.14,0.9,1.3,22.0,4589.0,0.32300481689453114,False,PUT,2026-06-18,XOM
XOM260618P00115000,115.0,1.52,1.36,1.59,36.0,4456.0,0.29633272033691405,False,PUT,2026-06-18,XOM
XOM260618P00120000,120.0,2.21,2.06,2.3,320.0,4329.0,0.28626202026367187,False,PUT,2026-06-18,XOM
XOM260618P00125000,125.0,3.15,2.95,3.3,587.0,760.0,0.27808339111328123,False,PUT,2026-06-18,XOM
XOM260618P00130000,130.0,4.6,4.2,4.75,214.0,427.0,0.2745433874511719,False,PUT,2026-06-18,XOM
XOM260618P00135000,135.0,6.25,5.9,6.45,276.0,554.0,0.2667920001220704,False,PUT,2026-06-18,XOM
XOM260618P00140000,140.0,8.5,8.05,8.45,151.0,312.0,0.25623302368164064,False,PUT,2026-06-18,XOM
XOM260618P00145000,145.0,11.55,10.8,11.35,503.0,1.0,0.25928475097656256,True,PUT,2026-06-18,XOM
XOM260618P00150000,150.0,21.3,13.95,15.1,1.0,1.0,0.2755199401855468,True,PUT,2026-06-18,XOM
XOM260618P00155000,155.0,26.5,17.6,18.8,,4.0,0.28076891113281244,True,PUT,2026-06-18,XOM
XOM260618P00160000,160.0,54.2,55.55,60.45,1.0,0.0,1.3209872817993165,True,PUT,2026-06-18,XOM
XOM260618P00165000,165.0,35.15,25.85,27.2,17.0,11.0,0.29999479309082033,True,PUT,2026-06-18,XOM
XOM260618P00175000,175.0,50.75,35.15,36.45,1.0,1.0,0.32959654785156245,True,PUT,2026-06-18,XOM
XOM260717C00100000,100.0,40.75,40.0,41.95,11.0,797.0,0.3544986425781249,True,CALL,2026-07-17,XOM
XOM260717C00105000,105.0,36.18,35.05,36.9,2.0,17.0,0.30982135498046875,True,CALL,2026-07-17,XOM
XOM260717C00110000,110.0,31.55,31.1,32.35,2.0,22.0,0.3006661730957031,True,CALL,2026-07-17,XOM
XOM260717C00115000,115.0,27.03,26.55,28.05,2.0,231.0,0.295905478515625,True,CALL,2026-07-17,XOM
XOM260717C00120000,120.0,22.95,22.65,23.7,505.0,245.0,0.2795482202148437,True,CALL,2026-07-17,XOM
XOM260717C00125000,125.0,18.8,18.75,20.0,16.0,485.0,0.27930408203124996,True,CALL,2026-07-17,XOM
XOM260717C00130000,130.0,15.5,15.25,16.15,51.0,1940.0,0.26380130737304686,True,CALL,2026-07-17,XOM
XOM260717C00135000,135.0,12.13,12.6,13.0,34.0,1974.0,0.25965095825195317,True,CALL,2026-07-17,XOM
XOM260717C00140000,140.0,9.66,9.75,10.1,223.0,2357.0,0.2518385363769531,True,CALL,2026-07-17,XOM
XOM260717C00145000,145.0,7.15,7.4,7.85,58.0,1834.0,0.25061784545898436,False,CALL,2026-07-17,XOM
XOM260717C00150000,150.0,5.75,5.6,5.7,394.0,1886.0,0.2415236981201172,False,CALL,2026-07-17,XOM
XOM260717C00155000,155.0,4.14,4.1,4.3,30.0,1000.0,0.24268335449218748,False,CALL,2026-07-17,XOM
XOM260717C00160000,160.0,3.1,3.0,3.2,499.0,200.0,0.24372094177246095,False,CALL,2026-07-17,XOM
XOM260717C00165000,165.0,2.24,2.15,2.44,13.0,77.0,0.2478712908935547,False,CALL,2026-07-17,XOM
XOM260717C00170000,170.0,1.82,1.36,2.03,29.0,203.0,0.2592237164306641,False,CALL,2026-07-17,XOM
XOM260717C00175000,175.0,1.32,1.12,1.32,2.0,1435.0,0.25098405273437496,False,CALL,2026-07-17,XOM
XOM260717P00100000,100.0,0.77,0.59,1.14,10.0,158.0,0.3656069299316406,False,PUT,2026-07-17,XOM
XOM260717P00105000,105.0,1.05,0.66,1.2,1.0,582.0,0.3283758569335937,False,PUT,2026-07-17,XOM
XOM260717P00110000,110.0,1.27,1.37,1.51,15.0,425.0,0.3070137658691406,False,PUT,2026-07-17,XOM
XOM260717P00115000,115.0,1.93,1.89,2.17,19.0,2269.0,0.2990182403564453,False,PUT,2026-07-17,XOM
XOM260717P00120000,120.0,2.64,2.64,2.74,217.0,1940.0,0.27899890930175775,False,PUT,2026-07-17,XOM
XOM260717P00125000,125.0,3.65,3.65,3.9,347.0,1375.0,0.2740551110839844,False,PUT,2026-07-17,XOM
XOM260717P00130000,130.0,5.0,4.9,5.45,21.0,551.0,0.27118648742675777,False,PUT,2026-07-17,XOM
XOM260717P00135000,135.0,6.75,6.65,6.95,136.0,507.0,0.25678233459472655,False,PUT,2026-07-17,XOM
XOM260717P00140000,140.0,9.2,8.75,9.1,38.0,1.0,0.250434741821289,False,PUT,2026-07-17,XOM
XOM260717P00145000,145.0,11.7,11.4,12.35,9.0,15.0,0.262275443725586,True,PUT,2026-07-17,XOM
XOM260918C00100000,100.0,38.22,40.05,42.35,1.0,718.0,0.32947447875976554,True,CALL,2026-09-18,XOM
XOM260918C00105000,105.0,36.7,35.55,37.7,1.0,1064.0,0.3117134259033203,True,CALL,2026-09-18,XOM
XOM260918C00110000,110.0,32.75,31.25,33.05,10.0,8124.0,0.29053443847656246,True,CALL,2026-09-18,XOM
XOM260918C00115000,115.0,27.9,27.75,29.05,19.0,2959.0,0.29114478393554677,True,CALL,2026-09-18,XOM
XOM260918C00120000,120.0,23.9,23.4,25.0,95.0,6957.0,0.28137925659179686,True,CALL,2026-09-18,XOM
XOM260918C00125000,125.0,20.55,19.65,21.6,23.0,1962.0,0.2834544311523437,True,CALL,2026-09-18,XOM
XOM260918C00130000,130.0,17.45,16.75,17.9,25.0,7483.0,0.2696606237792969,True,CALL,2026-09-18,XOM
XOM260918C00135000,135.0,13.9,13.5,14.5,54.0,2175.0,0.25690440368652345,True,CALL,2026-09-18,XOM
XOM260918C00140000,140.0,11.6,11.0,11.6,246.0,3056.0,0.24875629180908204,True,CALL,2026-09-18,XOM
XOM260918C00145000,145.0,9.21,8.6,9.55,47.0,1492.0,0.25196060546875,False,CALL,2026-09-18,XOM
XOM260918C00150000,150.0,7.2,6.9,7.5,479.0,1195.0,0.24768818725585937,False,CALL,2026-09-18,XOM
XOM260918C00155000,155.0,5.35,5.3,5.9,24.0,467.0,0.24646749633789064,False,CALL,2026-09-18,XOM
XOM260918C00160000,160.0,4.4,4.25,4.6,20.0,3660.0,0.24570456451416017,False,CALL,2026-09-18,XOM
XOM260918C00165000,165.0,3.41,3.15,3.85,35.0,63.0,0.25354750366210943,False,CALL,2026-09-18,XOM
XOM260918C00170000,170.0,2.6,2.41,2.8,17.0,2694.0,0.24732197998046873,False,CALL,2026-09-18,XOM
XOM260918C00175000,175.0,1.99,1.47,2.48,7.0,356.0,0.25928475097656256,False,CALL,2026-09-18,XOM
XOM260918P00100000,100.0,1.27,1.1,1.3,14.0,3756.0,0.32300481689453114,False,PUT,2026-09-18,XOM
XOM260918P00105000,105.0,1.8,1.56,1.8,60.0,2360.0,0.31409377319335935,False,PUT,2026-09-18,XOM
XOM260918P00110000,110.0,2.26,2.11,2.44,21.0,2641.0,0.3053047985839844,False,PUT,2026-09-18,XOM
XOM260918P00115000,115.0,3.03,2.73,3.2,1.0,1104.0,0.2946847875976562,False,PUT,2026-09-18,XOM
XOM260918P00120000,120.0,4.0,3.6,4.15,3.0,1818.0,0.28443098388671867,False,PUT,2026-09-18,XOM
XOM260918P00125000,125.0,5.05,4.95,5.1,31.0,493.0,0.2682568292236328,False,PUT,2026-09-18,XOM
XOM260918P00130000,130.0,7.25,6.45,7.5,41.0,468.0,0.2833323620605468,False,PUT,2026-09-18,XOM
XOM260918P00135000,135.0,8.77,8.05,8.45,45.0,357.0,0.2545545736694337,False,PUT,2026-09-18,XOM
XOM260918P00140000,140.0,10.95,10.25,11.1,2.0,75.0,0.2588575091552735,False,PUT,2026-09-18,XOM
XOM260918P00145000,145.0,13.52,12.8,13.85,10.0,9.0,0.25751474914550787,True,PUT,2026-09-18,XOM
XOM260918P00150000,150.0,17.0,15.95,17.15,2.0,15.0,0.26129889099121095,True,PUT,2026-09-18,XOM
XOM260918P00165000,165.0,33.53,26.5,28.75,,1.0,0.27674063110351554,True,PUT,2026-09-18,XOM
XOM261218C00100000,100.0,38.98,40.7,42.75,1.0,1262.0,0.29932341308593746,True,CALL,2026-12-18,XOM
XOM261218C00105000,105.0,37.65,36.3,38.3,71.0,866.0,0.2893137475585937,True,CALL,2026-12-18,XOM
XOM261218C00110000,110.0,33.4,32.7,34.25,125.0,1413.0,0.28833719482421866,True,CALL,2026-12-18,XOM
XOM261218C00115000,115.0,29.4,28.15,30.15,123.0,2469.0,0.27930408203124996,True,CALL,2026-12-18,XOM
XOM261218C00120000,120.0,26.04,24.8,26.25,10.0,4046.0,0.27082028015136717,True,CALL,2026-12-18,XOM
XOM261218C00125000,125.0,22.06,20.75,23.2,218.0,4421.0,0.27686270019531245,True,CALL,2026-12-18,XOM
XOM261218C00130000,130.0,19.07,18.4,19.5,58.0,6068.0,0.262275443725586,True,CALL,2026-12-18,XOM
XOM261218C00135000,135.0,16.2,15.55,16.45,1.0,3039.0,0.25641612731933594,True,CALL,2026-12-18,XOM
XOM261218C00140000,140.0,13.62,13.4,13.9,640.0,2917.0,0.25476819458007816,True,CALL,2026-12-18,XOM
XOM261218C00145000,145.0,11.2,10.95,11.4,261.0,2095.0,0.24857318817138674,False,CALL,2026-12-18,XOM
XOM261218C00150000,150.0,9.1,8.85,9.6,63.0,3632.0,0.2503126727294922,False,CALL,2026-12-18,XOM
XOM261218C00155000,155.0,7.4,7.35,8.4,46.0,560.0,0.2587354400634766,False,CALL,2026-12-18,XOM
XOM261218C00160000,160.0,5.95,5.85,6.55,51.0,833.0,0.24970232727050778,False,CALL,2026-12-18,XOM
XOM261218C00165000,165.0,4.85,4.55,5.1,27.0,264.0,0.24362938995361327,False,CALL,2026-12-18,XOM
XOM261218C00170000,170.0,3.97,3.85,4.3,223.0,1333.0,0.24762715270996094,False,CALL,2026-12-18,XOM
XOM261218C00175000,175.0,3.15,2.42,3.9,9.0,50.0,0.258369232788086,False,CALL,2026-12-18,XOM
XOM261218C00180000,180.0,2.55,2.25,2.85,18.0,350.0,0.24878680908203127,False,CALL,2026-12-18,XOM
XOM261218P00100000,100.0,1.88,1.16,2.22,2.0,2053.0,0.31836619140624994,False,PUT,2026-12-18,XOM
XOM261218P00105000,105.0,2.49,1.76,3.2,1.0,2771.0,0.3210517114257812,False,PUT,2026-12-18,XOM
XOM261218P00110000,110.0,3.3,2.8,3.35,34.0,2717.0,0.2899851275634765,False,PUT,2026-12-18,XOM
XOM261218P00115000,115.0,4.25,3.85,4.15,3.0,2351.0,0.2779002874755859,False,PUT,2026-12-18,XOM
XOM261218P00120000,120.0,5.15,5.0,5.3,140.0,1695.0,0.2708507974243164,False,PUT,2026-12-18,XOM
XOM261218P00125000,125.0,6.6,5.9,7.15,1.0,3090.0,0.2746349392700196,False,PUT,2026-12-18,XOM
XOM261218P00130000,130.0,7.7,7.3,9.1,13.0,469.0,0.2738109729003906,False,PUT,2026-12-18,XOM
XOM261218P00135000,135.0,10.18,9.7,10.5,20.0,1277.0,0.25644664459228517,False,PUT,2026-12-18,XOM
XOM261218P00140000,140.0,12.8,12.05,12.6,165.0,340.0,0.24814594635009768,False,PUT,2026-12-18,XOM
XOM261218P00145000,145.0,18.0,14.35,16.05,2.0,312.0,0.2599561309814453,True,PUT,2026-12-18,XOM
XOM261218P00150000,150.0,18.2,17.1,18.55,5.0,1266.0,0.24845111907958983,True,PUT,2026-12-18,XOM
XOM261218P00155000,155.0,25.85,20.8,22.55,8.0,45.0,0.260749580078125,True,PUT,2026-12-18,XOM
XOM261218P00160000,160.0,24.8,24.35,25.85,2.0,17.0,0.2549207809448243,True,PUT,2026-12-18,XOM
XOM261218P00175000,175.0,51.64,36.05,38.7,20.0,3.0,0.27698476928710936,True,PUT,2026-12-18,XOM
XOM261218P00180000,180.0,45.5,40.45,42.85,1.0,1.0,0.27509269836425776,True,PUT,2026-12-18,XOM
XOM270115C00100000,100.0,41.6,40.45,43.05,11.0,2343.0,0.3004220349121094,True,CALL,2027-01-15,XOM
XOM270115C00105000,105.0,38.93,35.95,39.3,3.0,1747.0,0.3130561859130859,True,CALL,2027-01-15,XOM
XOM270115C00110000,110.0,33.7,32.65,34.65,219.0,3228.0,0.288947540283203,True,CALL,2027-01-15,XOM
XOM270115C00115000,115.0,29.55,28.3,31.0,20.0,2154.0,0.2906565075683593,True,CALL,2027-01-15,XOM
XOM270115C00120000,120.0,26.55,25.35,26.9,31.0,6218.0,0.27533683654785157,True,CALL,2027-01-15,XOM
XOM270115C00125000,125.0,22.3,21.7,23.8,36.0,2032.0,0.2784801156616211,True,CALL,2027-01-15,XOM
XOM270115C00130000,130.0,19.7,18.6,20.8,50.0,6267.0,0.2775951147460937,True,CALL,2027-01-15,XOM
XOM270115C00135000,135.0,16.25,15.75,16.95,8.0,3418.0,0.255439574584961,True,CALL,2027-01-15,XOM
XOM270115C00140000,140.0,13.75,13.55,14.4,271.0,4258.0,0.25357802093505866,True,CALL,2027-01-15,XOM
XOM270115C00145000,145.0,12.45,11.65,11.85,74.0,2511.0,0.24662008270263674,False,CALL,2027-01-15,XOM
XOM270115C00150000,150.0,9.51,9.35,10.0,182.0,5299.0,0.2474440490722656,False,CALL,2027-01-15,XOM
XOM270115C00155000,155.0,7.89,7.6,8.3,489.0,1553.0,0.24634542724609376,False,CALL,2027-01-15,XOM
XOM270115C00160000,160.0,6.58,6.2,6.95,1316.0,976.0,0.2474440490722656,False,CALL,2027-01-15,XOM
XOM270115C00165000,165.0,5.6,5.15,5.6,842.0,1024.0,0.2443007699584961,False,CALL,2027-01-15,XOM
XOM270115C00170000,170.0,4.25,4.1,4.6,145.0,2340.0,0.24439232177734377,False,CALL,2027-01-15,XOM
XOM270115C00175000,175.0,3.63,3.35,3.85,24.0,788.0,0.24665059997558597,False,CALL,2027-01-15,XOM
XOM270115C00180000,180.0,2.91,2.62,3.2,9.0,2480.0,0.2482374981689453,False,CALL,2027-01-15,XOM
XOM270115P00100000,100.0,2.16,1.31,2.76,37.0,4352.0,0.32709413146972655,False,PUT,2027-01-15,XOM
XOM270115P00105000,105.0,2.81,2.48,2.7,21.0,5847.0,0.290473403930664,False,PUT,2027-01-15,XOM
XOM270115P00110000,110.0,3.58,3.1,3.45,1.0,2016.0,0.2813182220458984,False,PUT,2027-01-15,XOM
XOM270115P00115000,115.0,4.25,4.05,4.6,3.0,3855.0,0.2788158056640625,False,PUT,2027-01-15,XOM
XOM270115P00120000,120.0,5.5,5.15,5.5,510.0,2408.0,0.264655791015625,False,PUT,2027-01-15,XOM
XOM270115P00125000,125.0,6.75,6.65,7.2,144.0,2747.0,0.2645642391967773,False,PUT,2027-01-15,XOM
XOM270115P00130000,130.0,8.35,7.95,9.0,9.0,1090.0,0.26068854553222653,False,PUT,2027-01-15,XOM
XOM270115P00135000,135.0,10.8,9.65,11.2,5.0,598.0,0.25928475097656256,False,PUT,2027-01-15,XOM
XOM270115P00140000,140.0,12.8,11.85,13.25,179.0,288.0,0.24997698272705077,False,PUT,2027-01-15,XOM
XOM270115P00145000,145.0,15.15,14.5,16.3,3.0,122.0,0.25394422821044926,True,PUT,2027-01-15,XOM
XOM270115P00150000,150.0,20.48,17.3,19.4,1.0,507.0,0.25391371093750004,True,PUT,2027-01-15,XOM
XOM270115P00155000,155.0,39.5,0.0,0.0,1.0,1.0,1.0000000000000003e-05,True,PUT,2027-01-15,XOM
XOM270115P00160000,160.0,25.42,24.3,25.75,10.0,97.0,0.24262231994628902,True,PUT,2027-01-15,XOM
XOM270115P00165000,165.0,32.35,27.7,30.9,15.0,15.0,0.2700573483276367,True,PUT,2027-01-15,XOM
XOM270115P00170000,170.0,58.0,48.5,53.5,,1.0,0.5766033551025391,True,PUT,2027-01-15,XOM
XOM270115P00175000,175.0,58.0,63.95,67.25,1.0,0.0,0.7744163183593751,True,PUT,2027-01-15,XOM
XOM270115P00180000,180.0,43.87,40.4,43.15,2.0,2.0,0.2714306256103516,True,PUT,2027-01-15,XOM
XOM270617C00100000,100.0,42.79,42.25,44.2,1.0,93.0,0.28833719482421866,True,CALL,2027-06-17,XOM
XOM270617C00105000,105.0,35.59,37.5,41.0,12.0,444.0,0.30597617858886716,True,CALL,2027-06-17,XOM
XOM270617C00110000,110.0,34.8,33.1,36.5,6.0,138.0,0.2854075366210937,True,CALL,2027-06-17,XOM
XOM270617C00115000,115.0,28.9,30.3,33.5,8.0,168.0,0.29480685668945306,True,CALL,2027-06-17,XOM
XOM270617C00120000,120.0,24.95,26.75,30.0,7.0,108.0,0.28897805755615225,True,CALL,2027-06-17,XOM
XOM270617C00125000,125.0,24.3,22.95,25.55,6.0,502.0,0.2633740655517578,True,CALL,2027-06-17,XOM
XOM270617C00130000,130.0,21.4,20.6,23.4,7.0,1088.0,0.27466545654296876,True,CALL,2027-06-17,XOM
XOM270617C00135000,135.0,18.85,18.2,20.4,1.0,3329.0,0.26770751831054684,True,CALL,2027-06-17,XOM
XOM270617C00140000,140.0,16.5,16.0,17.3,414.0,6989.0,0.25608043731689456,True,CALL,2027-06-17,XOM
XOM270617C00145000,145.0,14.3,13.5,15.0,14.0,293.0,0.2535169863891602,False,CALL,2027-06-17,XOM
XOM270617C00150000,150.0,11.97,11.75,13.35,41.0,1063.0,0.2574231973266602,False,CALL,2027-06-17,XOM
XOM270617C00155000,155.0,10.74,9.9,10.95,1.0,247.0,0.2467421517944336,False,CALL,2027-06-17,XOM
XOM270617C00160000,160.0,8.72,8.4,10.05,57.0,135.0,0.25608043731689456,False,CALL,2027-06-17,XOM
XOM270617C00165000,165.0,7.92,6.1,8.3,1.0,114.0,0.24933611999511718,False,CALL,2027-06-17,XOM
XOM270617C00170000,170.0,6.4,5.95,7.8,4.0,691.0,0.26044440734863283,False,CALL,2027-06-17,XOM
XOM270617C00175000,175.0,5.5,5.1,6.0,3.0,621.0,0.2469252554321289,False,CALL,2027-06-17,XOM
XOM270617C00180000,180.0,3.89,3.05,6.0,10.0,29.0,0.2633130310058594,False,CALL,2027-06-17,XOM
XOM270617P00100000,100.0,3.05,1.52,4.55,4.0,437.0,0.3257513714599609,False,PUT,2027-06-17,XOM
XOM270617P00105000,105.0,4.4,2.0,5.25,1.0,663.0,0.3110420458984374,False,PUT,2027-06-17,XOM
XOM270617P00110000,110.0,5.47,3.15,6.15,19.0,833.0,0.2990182403564453,False,PUT,2027-06-17,XOM
XOM270617P00115000,115.0,6.66,4.25,8.0,10.0,420.0,0.3039620385742187,False,PUT,2027-06-17,XOM
XOM270617P00120000,120.0,7.53,5.7,8.85,1.0,341.0,0.2853770193481445,False,PUT,2027-06-17,XOM
XOM270617P00125000,125.0,9.23,8.55,9.65,42.0,82.0,0.26438113555908205,False,PUT,2027-06-17,XOM
XOM270617P00130000,130.0,10.45,9.0,12.05,1.0,469.0,0.26819579467773436,False,PUT,2027-06-17,XOM
XOM270617P00135000,135.0,13.2,12.35,13.95,10.0,246.0,0.2599561309814453,False,PUT,2027-06-17,XOM
XOM270617P00140000,140.0,15.35,14.55,16.3,12.0,3162.0,0.25547009185791025,False,PUT,2027-06-17,XOM
XOM270617P00145000,145.0,20.95,16.2,19.65,3001.0,3050.0,0.2627637200927735,True,PUT,2027-06-17,XOM
XOM270617P00150000,150.0,21.5,18.8,22.8,3.0,6.0,0.26364872100830083,True,PUT,2027-06-17,XOM
XOM270617P00155000,155.0,30.55,22.85,25.0,,1.0,0.2468947381591797,True,PUT,2027-06-17,XOM
XOM270617P00160000,160.0,41.5,37.15,39.1,,1.0,0.4092161129760742,True,PUT,2027-06-17,XOM
XOM271217C00100000,100.0,44.04,43.0,45.95,3.0,129.0,0.2892832302856445,True,CALL,2027-12-17,XOM
XOM271217C00105000,105.0,36.82,38.5,41.75,1.0,89.0,0.2777477011108398,True,CALL,2027-12-17,XOM
XOM271217C00110000,110.0,33.95,35.0,37.45,1.0,178.0,0.2626721682739258,True,CALL,2027-12-17,XOM
XOM271217C00115000,115.0,30.85,31.5,35.0,5.0,296.0,0.27808339111328123,True,CALL,2027-12-17,XOM
XOM271217C00120000,120.0,29.62,28.65,31.6,1.0,266.0,0.27280390289306633,True,CALL,2027-12-17,XOM
XOM271217C00125000,125.0,27.35,25.15,27.7,5.0,247.0,0.25760630096435544,True,CALL,2027-12-17,XOM
XOM271217C00130000,130.0,24.0,23.3,24.85,11.0,867.0,0.2556837127685547,True,CALL,2027-12-17,XOM
XOM271217C00135000,135.0,21.77,21.25,22.45,5.0,13053.0,0.2570569900512696,True,CALL,2027-12-17,XOM
XOM271217C00140000,140.0,18.9,18.9,20.55,25.0,1510.0,0.2622144091796875,True,CALL,2027-12-17,XOM
XOM271217C00145000,145.0,17.25,16.8,17.8,401.0,254.0,0.25354750366210943,False,CALL,2027-12-17,XOM
XOM271217C00150000,150.0,15.37,14.8,15.8,1.0,899.0,0.25226577819824214,False,CALL,2027-12-17,XOM
XOM271217C00155000,155.0,11.41,13.15,14.0,12.0,35.0,0.2512587081909179,False,CALL,2027-12-17,XOM
XOM271217C00160000,160.0,10.07,11.55,12.5,4.0,164.0,0.2519758641052246,False,CALL,2027-12-17,XOM
XOM271217C00165000,165.0,9.92,10.1,11.5,2.0,93.0,0.2573316455078125,False,CALL,2027-12-17,XOM
XOM271217C00170000,170.0,8.72,7.5,9.65,9.0,186.0,0.2492445681762695,False,CALL,2027-12-17,XOM
XOM271217C00175000,175.0,5.87,7.35,9.0,2.0,182.0,0.25592785095214843,False,CALL,2027-12-17,XOM
XOM271217C00180000,180.0,7.35,5.05,7.35,10.0,34.0,0.24643697906494144,False,CALL,2027-12-17,XOM
XOM271217P00100000,100.0,4.25,4.25,5.8,2.0,270.0,0.307349455871582,False,PUT,2027-12-17,XOM
XOM271217P00105000,105.0,6.26,5.1,7.5,4.0,331.0,0.31192704681396477,False,PUT,2027-12-17,XOM
XOM271217P00110000,110.0,8.55,4.55,7.75,1.0,661.0,0.2860483993530273,False,PUT,2027-12-17,XOM
XOM271217P00115000,115.0,8.55,6.0,8.85,7.0,642.0,0.2749095947265625,False,PUT,2027-12-17,XOM
XOM271217P00120000,120.0,11.37,7.55,10.0,29.0,94.0,0.2627942373657227,False,PUT,2027-12-17,XOM
XOM271217P00125000,125.0,11.75,9.1,11.9,10.0,144.0,0.260047682800293,False,PUT,2027-12-17,XOM
XOM271217P00130000,130.0,13.77,11.0,15.0,4.0,118.0,0.27136959106445313,False,PUT,2027-12-17,XOM
XOM271217P00135000,135.0,14.8,14.7,16.95,62.0,101.0,0.2633740655517578,False,PUT,2027-12-17,XOM
XOM271217P00140000,140.0,18.13,17.0,18.65,36.0,87.0,0.24988543090820312,False,PUT,2027-12-17,XOM
XOM271217P00145000,145.0,22.67,19.55,21.5,2.0,28.0,0.2492140509033203,True,PUT,2027-12-17,XOM
XOM271217P00150000,150.0,24.5,21.7,24.05,350.0,356.0,0.24214930221557618,True,PUT,2027-12-17,XOM
XOM271217P00155000,155.0,28.3,24.45,27.05,250.0,840.0,0.23847197082519528,True,PUT,2027-12-17,XOM
XOM271217P00160000,160.0,30.65,27.05,31.2,2.0,1.0,0.24762715270996094,True,PUT,2027-12-17,XOM
XOM271217P00170000,170.0,44.25,34.5,38.2,,1.0,0.24257654403686518,True,PUT,2027-12-17,XOM
XOM280121C00100000,100.0,44.11,43.4,45.2,9.0,285.0,0.26511355010986326,True,CALL,2028-01-21,XOM
XOM280121C00105000,105.0,40.65,38.7,41.9,2.0,149.0,0.2739330419921875,True,CALL,2028-01-21,XOM
XOM280121C00110000,110.0,36.94,36.15,37.4,1.0,290.0,0.2553175054931641,True,CALL,2028-01-21,XOM
XOM280121C00115000,115.0,30.9,31.65,35.5,4.0,1487.0,0.27945666839599603,True,CALL,2028-01-21,XOM
XOM280121C00120000,120.0,30.9,29.3,31.9,3.0,720.0,0.27069821105957037,True,CALL,2028-01-21,XOM
XOM280121C00125000,125.0,28.95,26.5,28.4,24.0,1021.0,0.26139044281005863,True,CALL,2028-01-21,XOM
XOM280121C00130000,130.0,24.83,23.7,25.35,1.0,629.0,0.2562635409545898,True,CALL,2028-01-21,XOM
XOM280121C00135000,135.0,21.7,20.35,22.75,11.0,721.0,0.2547224186706543,True,CALL,2028-01-21,XOM
XOM280121C00140000,140.0,19.16,19.15,20.7,286.0,1843.0,0.2576978527832031,True,CALL,2028-01-21,XOM
XOM280121C00145000,145.0,17.5,17.0,19.0,61.0,119.0,0.2625500991821289,False,CALL,2028-01-21,XOM
XOM280121C00150000,150.0,15.6,15.6,16.0,129.0,4068.0,0.24860370544433597,False,CALL,2028-01-21,XOM
XOM280121C00155000,155.0,14.1,13.5,14.8,25.0,88.0,0.25525647094726567,False,CALL,2028-01-21,XOM
XOM280121C00160000,160.0,11.92,11.1,12.7,43.0,1286.0,0.2483595672607422,False,CALL,2028-01-21,XOM
XOM280121C00165000,165.0,11.01,10.55,12.0,228.0,108.0,0.25756052505493165,False,CALL,2028-01-21,XOM
XOM280121C00170000,170.0,9.5,8.7,10.3,17.0,393.0,0.25189957092285153,False,CALL,2028-01-21,XOM
XOM280121C00175000,175.0,8.5,8.05,9.4,175.0,4135.0,0.25521069503784183,False,CALL,2028-01-21,XOM
XOM280121C00180000,180.0,6.5,7.05,8.5,2.0,354.0,0.2570569900512696,False,CALL,2028-01-21,XOM
XOM280121P00100000,100.0,4.87,4.25,5.9,5.0,395.0,0.3019478985595704,False,PUT,2028-01-21,XOM
XOM280121P00105000,105.0,6.1,3.6,6.2,10.0,70.0,0.27912097839355465,False,PUT,2028-01-21,XOM
XOM280121P00110000,110.0,7.0,6.25,7.9,1.0,235.0,0.28171494659423824,False,PUT,2028-01-21,XOM
XOM280121P00115000,115.0,7.27,6.3,9.05,30.0,174.0,0.2714611428833008,False,PUT,2028-01-21,XOM
XOM280121P00120000,120.0,9.9,9.2,10.25,5.0,333.0,0.260200269165039,False,PUT,2028-01-21,XOM
XOM280121P00125000,125.0,11.5,10.3,12.0,4.0,132.0,0.25510388458251965,False,PUT,2028-01-21,XOM
XOM280121P00130000,130.0,13.9,12.0,14.05,67.0,558.0,0.25168595001220706,False,PUT,2028-01-21,XOM
XOM280121P00135000,135.0,15.7,15.15,16.25,2.0,56.0,0.24767292861938478,False,PUT,2028-01-21,XOM
XOM280121P00140000,140.0,18.3,16.95,19.45,311.0,18.0,0.25406629730224617,False,PUT,2028-01-21,XOM
XOM280121P00150000,150.0,22.55,22.55,24.85,1.0,5.0,0.24634542724609376,True,PUT,2028-01-21,XOM
XOM280121P00160000,160.0,33.5,27.5,31.45,4.0,5.0,0.2447890463256836,True,PUT,2028-01-21,XOM
XOM280121P00170000,170.0,49.12,34.5,37.5,1.0,3.0,0.22702799346923824,True,PUT,2028-01-21,XOM
XOM280121P00175000,175.0,56.45,38.5,42.5,,0.0,0.24231714721679687,True,PUT,2028-01-21,XOM
XOM281215C00100000,100.0,45.6,44.0,47.6,2.0,73.0,0.26306889282226564,True,CALL,2028-12-15,XOM
XOM281215C00105000,105.0,43.08,41.15,44.05,1.0,19.0,0.2613599255371094,True,CALL,2028-12-15,XOM
XOM281215C00110000,110.0,34.57,37.5,42.3,2.0,7.0,0.28256943023681635,True,CALL,2028-12-15,XOM
XOM281215C00115000,115.0,32.23,35.0,38.5,5.0,101.0,0.27149166015625,True,CALL,2028-12-15,XOM
XOM281215C00120000,120.0,33.12,32.15,35.1,19.0,96.0,0.26438113555908205,True,CALL,2028-12-15,XOM
XOM281215C00125000,125.0,30.79,29.0,32.65,3.0,580.0,0.2670513969421387,True,CALL,2028-12-15,XOM
XOM281215C00130000,130.0,28.69,27.15,29.65,15.0,134.0,0.2612531150817871,True,CALL,2028-12-15,XOM
XOM281215C00135000,135.0,26.75,23.6,28.0,3.0,156.0,0.26882139877319333,True,CALL,2028-12-15,XOM
XOM281215C00140000,140.0,23.58,22.35,25.0,73.0,150.0,0.2597119927978516,True,CALL,2028-12-15,XOM
XOM281215C00145000,145.0,21.3,19.9,23.5,2.0,171.0,0.26520510192871094,False,CALL,2028-12-15,XOM
XOM281215C00150000,150.0,19.5,17.85,21.1,40.0,910.0,0.25952888916015626,False,CALL,2028-12-15,XOM
XOM281215C00155000,155.0,17.6,16.4,18.8,161.0,6.0,0.2535169863891602,False,CALL,2028-12-15,XOM
XOM281215C00160000,160.0,13.92,15.25,18.0,1.0,233.0,0.2618176846313477,False,CALL,2028-12-15,XOM
XOM281215C00165000,165.0,13.0,13.65,16.5,10.0,246.0,0.2615125119018554,False,CALL,2028-12-15,XOM
XOM281215C00170000,170.0,13.28,12.0,14.1,10.0,17.0,0.2502974140930176,False,CALL,2028-12-15,XOM
XOM281215C00175000,175.0,13.0,11.15,14.0,1.0,1.0,0.26261113372802736,False,CALL,2028-12-15,XOM
XOM281215C00180000,180.0,10.0,9.5,13.0,2.0,113.0,0.26424380783081053,False,CALL,2028-12-15,XOM
XOM281215P00100000,100.0,7.2,5.0,8.0,1.0,25.0,0.28601788208007806,False,PUT,2028-12-15,XOM
XOM281215P00105000,105.0,8.75,6.0,10.5,2.0,7.0,0.29801117034912106,False,PUT,2028-12-15,XOM
XOM281215P00110000,110.0,12.25,7.5,12.0,2.0,3.0,0.2919077157592772,False,PUT,2028-12-15,XOM
XOM281215P00115000,115.0,13.3,9.0,13.5,30.0,60.0,0.28423262161254875,False,PUT,2028-12-15,XOM
XOM281215P00120000,120.0,13.27,10.5,15.0,1.0,153.0,0.27521476745605467,False,PUT,2028-12-15,XOM
XOM281215P00125000,125.0,16.05,12.5,16.5,3.0,40.0,0.26499148101806635,False,PUT,2028-12-15,XOM
XOM281215P00130000,130.0,17.0,14.5,18.5,100.0,177.0,0.25928475097656256,False,PUT,2028-12-15,XOM
XOM281215P00135000,135.0,19.0,17.0,20.35,4.0,9.0,0.25040422454833977,False,PUT,2028-12-15,XOM
XOM281215P00140000,140.0,21.75,19.85,22.35,62.0,102.0,0.24176783630371096,False,PUT,2028-12-15,XOM
XOM281215P00145000,145.0,27.7,21.5,25.0,,2.0,0.23853300537109373,True,PUT,2028-12-15,XOM
XOM281215P00155000,155.0,34.11,27.5,31.5,,1.0,0.23973843765258784,True,PUT,2028-12-15,XOM
XOM281215P00160000,160.0,35.65,30.5,33.25,,2.0,0.22217574707031246,True,PUT,2028-12-15,XOM
XOM281215P00165000,165.0,44.04,33.5,36.65,,1.0,0.22035996932983393,True,PUT,2028-12-15,XOM
XOM281215P00170000,170.0,40.0,36.5,41.0,7.0,151.0,0.2274247180175781,True,PUT,2028-12-15,XOM
XP260130C00016000,16.0,4.86,2.8,5.8,1.0,4.0,2.3593791015624994,True,CALL,2026-01-30,XP
XP260130C00016500,16.5,0.85,2.3,5.3,,1.0,2.1171922070312497,True,CALL,2026-01-30,XP
XP260130C00017000,17.0,2.05,2.55,4.2,31.0,20.0,2.1406296484375,True,CALL,2026-01-30,XP
XP260130C00017500,17.5,0.5,2.05,3.8,,20.0,2.0273486816406248,True,CALL,2026-01-30,XP
XP260130C00018000,18.0,2.74,1.55,3.3,1.0,15.0,1.75390748046875,True,CALL,2026-01-30,XP
XP260130C00018500,18.5,1.6,1.05,3.0,5.0,5.0,1.7109389453125,True,CALL,2026-01-30,XP
XP260130C00019000,19.0,1.5,0.45,2.25,2.0,1426.0,1.0273486132812502,True,CALL,2026-01-30,XP
XP260130C00019500,19.5,0.2,0.15,1.4,,7.0,0.5898478515625001,True,CALL,2026-01-30,XP
XP260130C00020000,20.0,0.8,0.05,0.75,3.0,162.0,0.523442265625,True,CALL,2026-01-30,XP
XP260130C00020500,20.5,0.35,0.0,0.75,1.0,58.0,0.87500125,False,CALL,2026-01-30,XP
XP260130C00021000,21.0,0.25,0.0,0.1,3.0,73.0,0.6250037500000001,False,CALL,2026-01-30,XP
XP260130P00015000,15.0,0.02,0.0,0.85,1.0,49.0,3.99218751953125,False,PUT,2026-01-30,XP
XP260130P00016000,16.0,0.05,0.0,0.75,50.0,123.0,3.2187519531249995,False,PUT,2026-01-30,XP
XP260130P00016500,16.5,0.2,0.0,0.75,,31.0,2.9218776953125003,False,PUT,2026-01-30,XP
XP260130P00017000,17.0,0.03,0.0,0.75,1.0,68.0,2.6250034375,False,PUT,2026-01-30,XP
XP260130P00018000,18.0,0.15,0.0,0.75,,50.0,2.03906740234375,False,PUT,2026-01-30,XP
XP260130P00018500,18.5,0.11,0.0,0.55,63.0,57.0,1.5156274218749999,False,PUT,2026-01-30,XP
XP260130P00019000,19.0,0.07,0.0,0.75,8.0,22.0,1.4375028125,False,PUT,2026-01-30,XP
XP260130P00019500,19.5,0.12,0.0,1.35,28.0,192.0,1.6601579492187502,False,PUT,2026-01-30,XP
XP260130P00020000,20.0,0.05,0.05,1.95,105.0,246.0,1.82421962890625,False,PUT,2026-01-30,XP
XP260130P00023000,23.0,4.86,1.5,4.9,,20.0,2.0898485253906243,True,PUT,2026-01-30,XP
XP260130P00025000,25.0,4.85,3.7,6.3,41.0,0.0,2.2187544531249994,True,PUT,2026-01-30,XP
XP260130P00025500,25.5,5.6,4.2,7.0,20.0,,2.69531576171875,True,PUT,2026-01-30,XP
XP260130P00026000,26.0,6.17,4.7,7.5,1.0,10.0,2.843752890625,True,PUT,2026-01-30,XP
XP260206C00016500,16.5,1.84,2.55,5.3,,0.0,1.2109414453124998,True,CALL,2026-02-06,XP
XP260206C00017000,17.0,3.91,1.7,4.3,2.0,3.0,2.068364204101562,True,CALL,2026-02-06,XP
XP260206C00018000,18.0,0.7,0.8,3.7,6.0,7.0,0.5742230078125,True,CALL,2026-02-06,XP
XP260206C00019000,19.0,1.15,0.85,1.25,1.0,1.0,0.3632876171875,True,CALL,2026-02-06,XP
XP260206C00019500,19.5,1.28,0.7,0.85,4.0,13.0,0.35352208984374994,True,CALL,2026-02-06,XP
XP260206C00020500,20.5,0.4,0.25,0.35,10.0,13.0,0.39258419921875,False,CALL,2026-02-06,XP
XP260206C00021000,21.0,0.25,0.1,0.15,1095.0,992.0,0.34766277343749996,False,CALL,2026-02-06,XP
XP260206C00021500,21.5,0.15,0.05,0.1,3.0,92.0,0.39453730468750003,False,CALL,2026-02-06,XP
XP260206C00022000,22.0,0.1,0.0,0.1,70.0,85.0,0.48438015625,False,CALL,2026-02-06,XP
XP260206P00015000,15.0,0.25,0.0,1.6,,1.0,2.3984415039062497,False,PUT,2026-02-06,XP
XP260206P00016000,16.0,0.15,0.0,0.05,25.0,26.0,0.7812521875,False,PUT,2026-02-06,XP
XP260206P00017000,17.0,0.14,0.0,0.05,3.0,217.0,0.6015664843750002,False,PUT,2026-02-06,XP
XP260206P00017500,17.5,0.1,0.0,0.1,,63.0,0.5976602734375001,False,PUT,2026-02-06,XP
XP260206P00018000,18.0,0.03,0.0,0.05,2.0,102.0,0.500005,False,PUT,2026-02-06,XP
XP260206P00019000,19.0,0.1,0.1,0.15,10.0,32.0,0.445318046875,False,PUT,2026-02-06,XP
XP260206P00020000,20.0,0.25,0.4,0.45,4.0,184.0,0.41992767578125,False,PUT,2026-02-06,XP
XP260206P00026000,26.0,6.08,4.7,7.3,20.0,10.0,1.1796916015624999,True,PUT,2026-02-06,XP
XP260213C00017000,17.0,1.07,1.15,4.9,,6.0,1.9912109814453123,True,CALL,2026-02-13,XP
XP260213C00018000,18.0,0.45,0.45,4.0,,1.0,1.7587902685546877,True,CALL,2026-02-13,XP
XP260213C00019000,19.0,1.67,1.15,1.55,1.0,33.0,0.51562984375,True,CALL,2026-02-13,XP
XP260213C00020000,20.0,0.95,0.5,0.95,2.0,52.0,0.51562984375,True,CALL,2026-02-13,XP
XP260213C00021000,21.0,0.4,0.15,0.5,103.0,633.0,0.49609878906250005,False,CALL,2026-02-13,XP
XP260213C00022000,22.0,0.25,0.05,0.35,3.0,1.0,0.57617611328125,False,CALL,2026-02-13,XP
XP260213P00015000,15.0,0.15,0.0,0.1,1.0,2.0,0.8164080859374999,False,PUT,2026-02-13,XP
XP260213P00017000,17.0,0.55,0.0,0.4,11.0,41.0,0.7460962890625,False,PUT,2026-02-13,XP
XP260213P00018000,18.0,0.15,0.0,0.15,5.0,5.0,0.5097705273437501,False,PUT,2026-02-13,XP
XP260213P00022000,22.0,5.22,0.95,3.7,,0.0,0.6757844921875001,True,PUT,2026-02-13,XP
XP260213P00023000,23.0,5.93,1.85,4.5,,0.0,0.7187528125,True,PUT,2026-02-13,XP
XP260213P00026000,26.0,5.51,4.8,8.0,20.0,10.0,1.2832067089843748,True,PUT,2026-02-13,XP
XP260220C00015000,15.0,4.9,4.6,6.6,50.0,2134.0,1.1875040625,True,CALL,2026-02-20,XP
XP260220C00016000,16.0,4.21,3.7,5.6,1.0,3180.0,1.0429735351562504,True,CALL,2026-02-20,XP
XP260220C00017000,17.0,3.04,2.75,4.4,21.0,324.0,0.8017597949218749,True,CALL,2026-02-20,XP
XP260220C00018000,18.0,3.1,1.95,2.6,3.0,8564.0,0.6425816992187501,True,CALL,2026-02-20,XP
XP260220C00018500,18.5,1.65,1.8,3.4,1.0,17.0,0.8457046679687499,True,CALL,2026-02-20,XP
XP260220C00019000,19.0,2.0,1.4,1.65,1.0,438.0,0.48828636718750007,True,CALL,2026-02-20,XP
XP260220C00019500,19.5,1.3,1.05,1.5,2.0,3.0,0.5732464550781251,True,CALL,2026-02-20,XP
XP260220C00020000,20.0,0.8,0.75,1.05,1.0,7116.0,0.4804739453125,True,CALL,2026-02-20,XP
XP260220C00020500,20.5,0.71,0.5,0.75,1.0,6.0,0.446294599609375,False,CALL,2026-02-20,XP
XP260220C00021000,21.0,0.82,0.35,0.6,23.0,1212.0,0.46582565429687506,False,CALL,2026-02-20,XP
XP260220C00022000,22.0,0.37,0.15,0.35,2.0,136.0,0.4804739453125,False,CALL,2026-02-20,XP
XP260220C00022500,22.5,0.3,0.1,0.3,10.0,60.0,0.5127001855468749,False,CALL,2026-02-20,XP
XP260220C00023000,23.0,0.2,0.05,1.05,2.0,84.0,0.7324245507812499,False,CALL,2026-02-20,XP
XP260220C00024000,24.0,0.4,0.0,0.0,1.0,1.0,0.12500875,False,CALL,2026-02-20,XP
XP260220C00025000,25.0,0.43,0.0,1.45,7.0,900.0,1.0722702636718753,False,CALL,2026-02-20,XP
XP260220C00026000,26.0,0.22,0.05,2.25,2.0,1.0,1.431643466796875,False,CALL,2026-02-20,XP
XP260220P00015000,15.0,0.05,0.05,0.2,2.0,16891.0,0.8281267187499999,False,PUT,2026-02-20,XP
XP260220P00016000,16.0,0.2,0.0,0.75,1.0,10190.0,0.9492192578124999,False,PUT,2026-02-20,XP
XP260220P00017000,17.0,0.42,0.1,0.25,2.0,400.0,0.59570716796875,False,PUT,2026-02-20,XP
XP260220P00018000,18.0,0.33,0.15,0.4,6.0,6358.0,0.5293015820312501,False,PUT,2026-02-20,XP
XP260220P00018500,18.5,0.28,0.25,0.5,70.0,93.0,0.5136767382812499,False,PUT,2026-02-20,XP
XP260220P00019000,19.0,0.67,0.35,0.6,2.0,267.0,0.5537154003906251,False,PUT,2026-02-20,XP
XP260220P00019500,19.5,0.75,0.5,0.8,1.0,2.0,0.5546919531250001,False,PUT,2026-02-20,XP
XP260220P00020000,20.0,0.9,0.7,1.0,11.0,597.0,0.5380905566406251,False,PUT,2026-02-20,XP
XP260220P00021000,21.0,1.09,1.35,1.6,1.0,183.0,0.5507857421875001,True,PUT,2026-02-20,XP
XP260220P00022000,22.0,5.27,1.3,3.7,2.0,1.0,0.6621127539062501,True,PUT,2026-02-20,XP
XP260220P00023000,23.0,5.98,2.1,4.5,2.0,2.0,0.6806672558593752,True,PUT,2026-02-20,XP
XP260220P00024000,24.0,6.4,4.5,9.3,1.0,12.0,2.1748092504882814,True,PUT,2026-02-20,XP
XP260220P00025000,25.0,7.8,4.4,8.6,,6.0,1.5976582617187498,True,PUT,2026-02-20,XP
XP260220P00026000,26.0,8.6,5.4,9.5,,6.0,1.6865250048828124,True,PUT,2026-02-20,XP
XP260227C00018000,18.0,2.75,1.6,4.3,1.0,2.0,0.75586181640625,True,CALL,2026-02-27,XP
XP260227C00018500,18.5,1.45,1.7,2.2,,22.0,0.5371140039062501,True,CALL,2026-02-27,XP
XP260227C00019000,19.0,2.4,1.55,1.8,1.0,2.0,0.5019581054687501,True,CALL,2026-02-27,XP
XP260227C00020000,20.0,1.7,0.95,1.2,3.0,10.0,0.48633326171875,True,CALL,2026-02-27,XP
XP260227C00020500,20.5,1.05,0.75,0.95,20.0,23.0,0.477544287109375,False,CALL,2026-02-27,XP
XP260227P00014500,14.5,0.25,0.0,0.75,,1.0,1.0703171484375003,False,PUT,2026-02-27,XP
XP260227P00015000,15.0,0.35,0.0,0.75,,1.0,0.9882813671875,False,PUT,2026-02-27,XP
XP260227P00015500,15.5,0.33,0.0,0.75,,1.0,0.9091805957031249,False,PUT,2026-02-27,XP
XP260227P00016000,16.0,0.46,0.0,0.75,,1.0,0.831056376953125,False,PUT,2026-02-27,XP
XP260227P00016500,16.5,0.62,0.0,0.95,,1.0,0.8261736132812498,False,PUT,2026-02-27,XP
XP260227P00017000,17.0,0.45,0.0,0.65,1.0,1.0,0.6425816992187501,False,PUT,2026-02-27,XP
XP260227P00018500,18.5,0.85,0.35,0.65,,1.0,0.5185595019531251,False,PUT,2026-02-27,XP
XP260227P00019000,19.0,1.05,0.5,0.75,,3.0,0.5576216113281252,False,PUT,2026-02-27,XP
XP260320C00017000,17.0,1.5,2.15,5.3,,2.0,0.6132851171875001,True,CALL,2026-03-20,XP
XP260320C00018000,18.0,2.58,2.3,2.75,,1.0,0.49707534179687507,True,CALL,2026-03-20,XP
XP260320C00019000,19.0,0.7,1.8,2.1,1.0,31.0,0.495122236328125,True,CALL,2026-03-20,XP
XP260320C00020000,20.0,1.5,1.25,1.5,9.0,24.0,0.47363807617187503,True,CALL,2026-03-20,XP
XP260320C00021000,21.0,1.45,0.8,1.05,1.0,23.0,0.46582565429687506,False,CALL,2026-03-20,XP
XP260320C00022000,22.0,0.8,0.5,0.8,4.0,24.0,0.4931691308593751,False,CALL,2026-03-20,XP
XP260320C00023000,23.0,0.35,0.35,0.55,16.0,258.0,0.49219257812500006,False,CALL,2026-03-20,XP
XP260320C00024000,24.0,0.4,0.2,0.45,,3.0,0.5283250292968751,False,CALL,2026-03-20,XP
XP260320C00025000,25.0,0.28,0.1,1.25,10.0,12.0,0.6992217578125001,False,CALL,2026-03-20,XP
XP260320P00015000,15.0,0.25,0.1,0.25,1.0,1.0,0.6054726953125001,False,PUT,2026-03-20,XP
XP260320P00016000,16.0,0.7,0.15,0.35,,28.0,0.5566450585937501,False,PUT,2026-03-20,XP
XP260320P00017000,17.0,0.45,0.25,0.7,10.0,16.0,0.5722699023437501,False,PUT,2026-03-20,XP
XP260320P00018000,18.0,0.75,0.45,0.7,,2.0,0.5454147021484376,False,PUT,2026-03-20,XP
XP260320P00020000,20.0,1.2,1.15,1.4,9.0,31.0,0.495122236328125,False,PUT,2026-03-20,XP
XP260515C00015000,15.0,4.71,0.0,0.0,,1.0,1.0000000000000003e-05,True,CALL,2026-05-15,XP
XP260515C00016000,16.0,4.6,3.5,6.6,12.0,166.0,0.6250037500000001,True,CALL,2026-05-15,XP
XP260515C00017000,17.0,4.3,3.1,5.0,3.0,55.0,0.5258836474609375,True,CALL,2026-05-15,XP
XP260515C00018000,18.0,2.79,3.0,3.3,1.0,258.0,0.49609878906250005,True,CALL,2026-05-15,XP
XP260515C00019000,19.0,2.18,2.35,2.75,1251.0,611.0,0.5019581054687501,True,CALL,2026-05-15,XP
XP260515C00020000,20.0,2.0,1.8,2.05,6.0,268.0,0.4545952978515625,True,CALL,2026-05-15,XP
XP260515C00021000,21.0,1.55,1.3,1.65,1.0,1640.0,0.459966337890625,False,CALL,2026-05-15,XP
XP260515C00022000,22.0,1.31,0.95,1.3,73.0,178.0,0.46045461425781253,False,CALL,2026-05-15,XP
XP260515C00023000,23.0,1.2,0.7,1.05,1.0,62.0,0.46973186523437505,False,CALL,2026-05-15,XP
XP260515C00024000,24.0,0.5,0.55,0.75,4.0,166.0,0.45166563964843753,False,CALL,2026-05-15,XP
XP260515C00025000,25.0,0.45,0.4,0.55,1.0,18.0,0.445318046875,False,CALL,2026-05-15,XP
XP260515C00026000,26.0,0.45,0.3,0.45,1.0,44.0,0.4585015087890626,False,CALL,2026-05-15,XP
XP260515P00015000,15.0,0.8,0.25,0.5,2.0,355.0,0.523442265625,False,PUT,2026-05-15,XP
XP260515P00016000,16.0,0.55,0.45,0.7,1.0,114.0,0.51758294921875,False,PUT,2026-05-15,XP
XP260515P00017000,17.0,0.65,0.6,0.9,1.0,66.0,0.5302781347656251,False,PUT,2026-05-15,XP
XP260515P00018000,18.0,0.85,0.85,1.2,1.0,128.0,0.5136767382812499,False,PUT,2026-05-15,XP
XP260515P00019000,19.0,1.35,1.2,1.55,1.0,308.0,0.4936574072265626,False,PUT,2026-05-15,XP
XP260515P00020000,20.0,1.75,1.65,2.0,3.0,84.0,0.481450498046875,False,PUT,2026-05-15,XP
XP260515P00021000,21.0,2.8,0.0,0.0,2.0,75.0,1.0000000000000003e-05,True,PUT,2026-05-15,XP
XP260821C00015000,15.0,3.17,4.6,8.0,,1.0,0.5883830224609375,True,CALL,2026-08-21,XP
XP260821C00017000,17.0,4.0,4.3,4.8,1.0,7.0,0.5361374511718751,True,CALL,2026-08-21,XP
XP260821C00018000,18.0,2.11,3.6,4.1,20.0,21.0,0.5100146655273439,True,CALL,2026-08-21,XP
XP260821C00020000,20.0,2.74,2.6,3.1,,28.0,0.5053760400390624,True,CALL,2026-08-21,XP
XP260821C00022000,22.0,2.2,1.75,2.25,1.0,13.0,0.49170430175781255,False,CALL,2026-08-21,XP
XP260821C00023000,23.0,0.6,1.4,1.95,,2.0,0.4943898217773438,False,CALL,2026-08-21,XP
XP260821C00025000,25.0,1.18,0.95,1.45,1.0,5.0,0.4968312036132813,False,CALL,2026-08-21,XP
XP260821P00015000,15.0,1.3,0.6,2.05,100.0,107.0,0.6347692773437501,False,PUT,2026-08-21,XP
XP260821P00016000,16.0,2.2,0.65,1.15,3.0,3.0,0.5131884619140624,False,PUT,2026-08-21,XP
XP260821P00017000,17.0,1.55,1.1,1.45,2.0,183.0,0.4985401708984375,False,PUT,2026-08-21,XP
XP260821P00018000,18.0,2.95,1.35,1.8,1.0,5.0,0.4848684326171875,False,PUT,2026-08-21,XP
XP270115C00015000,15.0,4.75,4.5,8.8,10.0,488.0,0.5131884619140624,True,CALL,2027-01-15,XP
XP270115C00017000,17.0,4.2,5.2,5.8,6.0,44346.0,0.5153857055664062,True,CALL,2027-01-15,XP
XP270115C00020000,20.0,3.88,3.5,4.2,12.0,35937.0,0.5290574438476563,True,CALL,2027-01-15,XP
XP270115C00022000,22.0,3.2,3.0,3.4,109.0,9985.0,0.5210008837890624,False,CALL,2027-01-15,XP
XP270115C00025000,25.0,2.34,1.75,2.4,20.0,449.0,0.5043994873046875,False,CALL,2027-01-15,XP
XP270115P00015000,15.0,1.55,1.15,1.6,2.0,1245.0,0.534184345703125,False,PUT,2027-01-15,XP
XP270115P00017000,17.0,2.2,1.8,2.3,1.0,223.0,0.5102588037109376,False,PUT,2027-01-15,XP
XP270115P00020000,20.0,3.2,3.0,3.7,553.0,782.0,0.485356708984375,False,PUT,2027-01-15,XP
XP270115P00022000,22.0,4.5,4.2,4.9,12.0,32.0,0.47876497802734375,True,PUT,2027-01-15,XP
XP270115P00025000,25.0,6.5,6.3,6.9,1.0,4.0,0.46143116699218756,True,PUT,2027-01-15,XP
XP280121C00015000,15.0,5.75,5.5,10.5,10.0,15.0,0.5212450219726561,True,CALL,2028-01-21,XP
XP280121C00017000,17.0,7.3,5.0,7.6,4.0,318.0,0.5808147387695313,True,CALL,2028-01-21,XP
XP280121C00020000,20.0,5.45,3.0,8.0,6.0,64.0,0.7334011035156249,True,CALL,2028-01-21,XP
XP280121C00022000,22.0,5.25,2.5,7.0,1.0,533.0,0.6928741650390625,False,CALL,2028-01-21,XP
XP280121P00015000,15.0,3.2,1.4,4.8,1.0,520.0,0.5532271240234375,False,PUT,2028-01-21,XP
XP280121P00017000,17.0,3.6,2.45,6.0,1.0,4.0,0.5588423022460938,False,PUT,2028-01-21,XP
XP280121P00022000,22.0,7.5,0.0,0.0,3.0,0.0,1.0000000000000003e-05,True,PUT,2028-01-21,XP
XPEV260130C00013000,13.0,7.88,5.1,6.6,,2.0,4.17187978515625,True,CALL,2026-01-30,XPEV
XPEV260130C00014000,14.0,4.44,4.3,4.8,4.0,31.0,3.3125017187499997,True,CALL,2026-01-30,XPEV
XPEV260130C00014500,14.5,4.04,3.75,4.25,3.0,24.0,2.80469048828125,True,CALL,2026-01-30,XPEV
XPEV260130C00015000,15.0,3.76,3.25,4.45,1.0,23.0,2.8750028125,True,CALL,2026-01-30,XPEV
XPEV260130C00017000,17.0,1.54,1.43,1.77,74.0,159.0,0.867188828125,True,CALL,2026-01-30,XPEV
XPEV260130C00017500,17.5,1.02,0.97,1.37,16.0,243.0,0.8710950390625,True,CALL,2026-01-30,XPEV
XPEV260130C00018000,18.0,0.67,0.6,0.74,78.0,376.0,0.5898478515625001,True,CALL,2026-01-30,XPEV
XPEV260130C00018500,18.5,0.34,0.27,0.44,394.0,331.0,0.5976602734375001,True,CALL,2026-01-30,XPEV
XPEV260130C00019000,19.0,0.14,0.1,0.14,927.0,924.0,0.523442265625,False,CALL,2026-01-30,XPEV
XPEV260130C00019500,19.5,0.04,0.03,0.05,420.0,796.0,0.5468795312500001,False,CALL,2026-01-30,XPEV
XPEV260130C00020000,20.0,0.02,0.01,0.03,911.0,4192.0,0.6250037500000001,False,CALL,2026-01-30,XPEV
XPEV260130C00020500,20.5,0.01,0.01,0.02,34.0,2444.0,0.7500025,False,CALL,2026-01-30,XPEV
XPEV260130C00021000,21.0,0.01,0.0,0.02,114.0,892.0,0.8437515624999999,False,CALL,2026-01-30,XPEV
XPEV260130C00021500,21.5,0.04,0.0,0.01,105.0,496.0,0.87500125,False,CALL,2026-01-30,XPEV
XPEV260130C00022000,22.0,0.01,0.0,0.01,6.0,3796.0,0.9687503125,False,CALL,2026-01-30,XPEV
XPEV260130C00022500,22.5,0.01,0.0,0.02,19.0,1527.0,1.21875390625,False,CALL,2026-01-30,XPEV
XPEV260130C00023000,23.0,0.01,0.0,0.18,62.0,1031.0,1.953125234375,False,CALL,2026-01-30,XPEV
XPEV260130C00023500,23.5,0.01,0.0,0.1,37.0,193.0,1.859375703125,False,CALL,2026-01-30,XPEV
XPEV260130C00024000,24.0,0.01,0.0,0.01,1.0,418.0,1.4375028125,False,CALL,2026-01-30,XPEV
XPEV260130P00013500,13.5,0.01,0.0,0.75,10.0,13.0,4.148442314453126,False,PUT,2026-01-30,XPEV
XPEV260130P00014000,14.0,0.1,0.0,0.75,,210.0,3.80468798828125,False,PUT,2026-01-30,XPEV
XPEV260130P00015500,15.5,0.03,0.0,0.75,13.0,33.0,2.80469048828125,False,PUT,2026-01-30,XPEV
XPEV260130P00016000,16.0,0.37,0.0,0.75,,90.0,2.480472548828125,False,PUT,2026-01-30,XPEV
XPEV260130P00016500,16.5,0.04,0.0,0.04,2.0,16.0,0.92187578125,False,PUT,2026-01-30,XPEV
XPEV260130P00017000,17.0,0.01,0.0,0.13,2.0,87.0,0.9531254687499999,False,PUT,2026-01-30,XPEV
XPEV260130P00017500,17.5,0.03,0.01,0.07,1.0,1089.0,0.6250037500000001,False,PUT,2026-01-30,XPEV
XPEV260130P00018000,18.0,0.09,0.05,0.13,1297.0,1508.0,0.5312546875,False,PUT,2026-01-30,XPEV
XPEV260130P00018500,18.5,0.21,0.19,0.28,17.0,667.0,0.56055126953125,False,PUT,2026-01-30,XPEV
XPEV260130P00019000,19.0,0.52,0.49,0.75,19.0,3389.0,0.6367223828125,True,PUT,2026-01-30,XPEV
XPEV260130P00019500,19.5,1.11,0.87,1.13,10.0,1340.0,0.5937540625000001,True,PUT,2026-01-30,XPEV
XPEV260130P00020000,20.0,1.61,1.31,1.79,17.0,689.0,0.9687503125,True,PUT,2026-01-30,XPEV
XPEV260130P00020500,20.5,1.92,1.82,2.19,12.0,492.0,1.000005,True,PUT,2026-01-30,XPEV
XPEV260130P00021000,21.0,2.5,2.25,2.62,13.0,469.0,1.5898458007812497,True,PUT,2026-01-30,XPEV
XPEV260130P00021500,21.5,3.0,2.34,3.2,1.0,59.0,2.019536201171875,True,PUT,2026-01-30,XPEV
XPEV260130P00022000,22.0,2.83,2.6,3.8,2.0,83.0,2.4843787890625,True,PUT,2026-01-30,XPEV
XPEV260130P00022500,22.5,3.8,3.1,4.3,1.0,30.0,2.67969080078125,True,PUT,2026-01-30,XPEV
XPEV260130P00023000,23.0,4.25,3.6,4.8,2.0,1.0,2.86719033203125,True,PUT,2026-01-30,XPEV
XPEV260130P00023500,23.5,4.65,4.1,5.3,1.0,1.0,3.042971142578125,True,PUT,2026-01-30,XPEV
XPEV260206C00014000,14.0,6.9,3.55,5.7,,1.0,1.1328168359375002,True,CALL,2026-02-06,XPEV
XPEV260206C00014500,14.5,6.4,3.6,5.2,,1.0,1.5859395703124997,True,CALL,2026-02-06,XPEV
XPEV260206C00016500,16.5,2.51,1.63,3.6,1.0,71.0,1.228519482421875,True,CALL,2026-02-06,XPEV
XPEV260206C00017500,17.5,1.54,1.22,1.4,3.0,156.0,0.57617611328125,True,CALL,2026-02-06,XPEV
XPEV260206C00018000,18.0,1.2,0.91,1.02,13.0,278.0,0.56836369140625,True,CALL,2026-02-06,XPEV
XPEV260206C00018500,18.5,0.65,0.63,0.67,116.0,418.0,0.5361374511718751,True,CALL,2026-02-06,XPEV
XPEV260206C00019000,19.0,0.44,0.44,0.46,49.0,323.0,0.5507857421875001,False,CALL,2026-02-06,XPEV
XPEV260206C00019500,19.5,0.27,0.28,0.31,96.0,692.0,0.5566450585937501,False,CALL,2026-02-06,XPEV
XPEV260206C00020000,20.0,0.19,0.18,0.21,894.0,1409.0,0.5722699023437501,False,CALL,2026-02-06,XPEV
XPEV260206C00020500,20.5,0.13,0.11,0.15,17.0,309.0,0.5898478515625001,False,CALL,2026-02-06,XPEV
XPEV260206C00021000,21.0,0.08,0.08,0.1,7.0,233.0,0.6132851171875001,False,CALL,2026-02-06,XPEV
XPEV260206C00021500,21.5,0.05,0.06,0.07,69.0,1529.0,0.6445348046875,False,CALL,2026-02-06,XPEV
XPEV260206C00022000,22.0,0.05,0.03,0.06,8.0,475.0,0.6640658593750002,False,CALL,2026-02-06,XPEV
XPEV260206C00022500,22.5,0.09,0.0,0.06,1.0,202.0,0.6796907031250001,False,CALL,2026-02-06,XPEV
XPEV260206C00023000,23.0,0.04,0.01,0.05,7.0,337.0,0.7421900781249999,False,CALL,2026-02-06,XPEV
XPEV260206C00023500,23.5,0.43,0.01,0.54,3.0,65.0,1.3222690136718749,False,CALL,2026-02-06,XPEV
XPEV260206C00024000,24.0,0.01,0.01,0.02,9.0,133.0,0.7656273437500001,False,CALL,2026-02-06,XPEV
XPEV260206P00015000,15.0,0.03,0.0,1.35,1.0,71.0,1.8789068554687498,False,PUT,2026-02-06,XPEV
XPEV260206P00015500,15.5,0.04,0.0,1.15,2.0,2.0,1.5820333398437496,False,PUT,2026-02-06,XPEV
XPEV260206P00016000,16.0,0.1,0.04,0.12,1.0,4.0,0.70312796875,False,PUT,2026-02-06,XPEV
XPEV260206P00016500,16.5,0.07,0.06,0.07,254.0,203.0,0.5585981640625001,False,PUT,2026-02-06,XPEV
XPEV260206P00017000,17.0,0.14,0.1,0.14,17.0,1051.0,0.5429733203125001,False,PUT,2026-02-06,XPEV
XPEV260206P00017500,17.5,0.2,0.19,0.21,2032.0,318.0,0.51562984375,False,PUT,2026-02-06,XPEV
XPEV260206P00018000,18.0,0.36,0.32,0.36,17.0,919.0,0.5019581054687501,False,PUT,2026-02-06,XPEV
XPEV260206P00018500,18.5,0.65,0.52,0.56,11.0,387.0,0.50586431640625,False,PUT,2026-02-06,XPEV
XPEV260206P00019000,19.0,0.8,0.8,0.87,5.0,603.0,0.5293015820312501,True,PUT,2026-02-06,XPEV
XPEV260206P00019500,19.5,1.3,1.15,1.24,5.0,538.0,0.5117236328125,True,PUT,2026-02-06,XPEV
XPEV260206P00020000,20.0,1.66,1.49,1.66,3.0,382.0,0.5937540625000001,True,PUT,2026-02-06,XPEV
XPEV260206P00020500,20.5,2.1,1.9,2.33,4.0,211.0,0.6445348046875,True,PUT,2026-02-06,XPEV
XPEV260206P00021000,21.0,2.16,1.9,2.88,1.0,125.0,1.0605515722656251,True,PUT,2026-02-06,XPEV
XPEV260206P00021500,21.5,1.9,2.17,3.25,6.0,53.0,1.015629921875,True,PUT,2026-02-06,XPEV
XPEV260206P00022000,22.0,2.22,2.7,3.8,8.0,80.0,1.171879140625,True,PUT,2026-02-06,XPEV
XPEV260206P00023000,23.0,3.35,3.6,5.0,,20.0,1.5898458007812497,True,PUT,2026-02-06,XPEV
XPEV260206P00023500,23.5,3.45,4.1,5.3,45.0,46.0,1.43359658203125,True,PUT,2026-02-06,XPEV
XPEV260206P00024000,24.0,4.2,4.6,6.7,,41.0,1.2890660546875,True,PUT,2026-02-06,XPEV
XPEV260213C00014000,14.0,6.29,4.2,5.4,,1.0,1.171879140625,True,CALL,2026-02-13,XPEV
XPEV260213C00014500,14.5,5.8,3.7,4.9,1.0,0.0,1.0625046875000002,True,CALL,2026-02-13,XPEV
XPEV260213C00015000,15.0,4.83,2.99,4.8,140.0,130.0,1.0683640332031252,True,CALL,2026-02-13,XPEV
XPEV260213C00015500,15.5,3.8,2.57,3.95,175.0,132.0,0.8007832421875,True,CALL,2026-02-13,XPEV
XPEV260213C00016000,16.0,3.0,1.25,4.65,1.0,52.0,0.8964854101562498,True,CALL,2026-02-13,XPEV
XPEV260213C00017500,17.5,1.47,1.43,1.57,21.0,71.0,0.5800823242187501,True,CALL,2026-02-13,XPEV
XPEV260213C00018000,18.0,1.65,1.1,1.25,2.0,25.0,0.570316796875,True,CALL,2026-02-13,XPEV
XPEV260213C00018500,18.5,0.88,0.81,0.95,82.0,234.0,0.5507857421875001,True,CALL,2026-02-13,XPEV
XPEV260213C00019000,19.0,0.68,0.61,0.72,306.0,180.0,0.5546919531250001,False,CALL,2026-02-13,XPEV
XPEV260213C00019500,19.5,0.55,0.44,0.55,2.0,112.0,0.559574716796875,False,CALL,2026-02-13,XPEV
XPEV260213C00020000,20.0,0.35,0.33,0.41,18.0,196.0,0.570316796875,False,CALL,2026-02-13,XPEV
XPEV260213C00020500,20.5,0.23,0.24,0.34,100.0,786.0,0.5937540625000001,False,CALL,2026-02-13,XPEV
XPEV260213C00021000,21.0,0.2,0.18,0.23,17.0,160.0,0.5937540625000001,False,CALL,2026-02-13,XPEV
XPEV260213C00021500,21.5,0.33,0.13,0.21,83.0,117.0,0.6250037500000001,False,CALL,2026-02-13,XPEV
XPEV260213C00022000,22.0,0.13,0.1,0.17,20.0,68.0,0.6445348046875,False,CALL,2026-02-13,XPEV
XPEV260213C00022500,22.5,0.18,0.0,0.68,10.0,75.0,0.9335944140625,False,CALL,2026-02-13,XPEV
XPEV260213C00023000,23.0,0.07,0.0,0.2,5.0,83.0,0.7070341796875,False,CALL,2026-02-13,XPEV
XPEV260213C00023500,23.5,0.09,0.0,0.67,50.0,39.0,1.0546922265625,False,CALL,2026-02-13,XPEV
XPEV260213C00024000,24.0,0.28,0.02,0.24,3.0,131.0,0.85937640625,False,CALL,2026-02-13,XPEV
XPEV260213P00016000,16.0,0.14,0.08,1.55,21.0,22.0,1.26172244140625,False,PUT,2026-02-13,XPEV
XPEV260213P00016500,16.5,0.18,0.13,0.22,5.0,1.0,0.5644574804687501,False,PUT,2026-02-13,XPEV
XPEV260213P00017000,17.0,0.25,0.21,0.32,4.0,59.0,0.5507857421875001,False,PUT,2026-02-13,XPEV
XPEV260213P00017500,17.5,0.35,0.33,0.46,1005.0,1183.0,0.5429733203125001,False,PUT,2026-02-13,XPEV
XPEV260213P00018000,18.0,0.56,0.49,0.61,100.0,435.0,0.5224657128906249,False,PUT,2026-02-13,XPEV
XPEV260213P00018500,18.5,0.76,0.71,0.84,1.0,424.0,0.5185595019531251,False,PUT,2026-02-13,XPEV
XPEV260213P00019000,19.0,1.09,0.99,1.08,2.0,98.0,0.50586431640625,True,PUT,2026-02-13,XPEV
XPEV260213P00019500,19.5,1.35,1.31,1.41,1.0,79.0,0.5039112109375,True,PUT,2026-02-13,XPEV
XPEV260213P00020000,20.0,1.92,1.68,1.79,5.0,218.0,0.507817421875,True,PUT,2026-02-13,XPEV
XPEV260213P00020500,20.5,1.69,1.7,2.45,10.0,135.0,0.76367423828125,True,PUT,2026-02-13,XPEV
XPEV260213P00021000,21.0,2.6,2.46,2.72,3.0,133.0,0.5293015820312501,True,PUT,2026-02-13,XPEV
XPEV260213P00022000,22.0,1.68,2.7,3.9,,7.0,0.96679720703125,True,PUT,2026-02-13,XPEV
XPEV260213P00022500,22.5,4.0,3.2,4.4,10.0,11.0,1.0380907470703127,True,PUT,2026-02-13,XPEV
XPEV260213P00023500,23.5,3.5,4.2,5.6,,25.0,1.3437532812499997,True,PUT,2026-02-13,XPEV
XPEV260220C00013000,13.0,6.94,5.05,6.55,,1.0,1.1660197949218751,True,CALL,2026-02-20,XPEV
XPEV260220C00015000,15.0,5.69,3.25,4.45,3.0,6.0,0.8476577734374999,True,CALL,2026-02-20,XPEV
XPEV260220C00016000,16.0,3.0,2.35,3.35,1.0,79.0,0.6650424121093752,True,CALL,2026-02-20,XPEV
XPEV260220C00017000,17.0,2.0,1.87,2.55,10.0,134.0,0.7236355761718749,True,CALL,2026-02-20,XPEV
XPEV260220C00017500,17.5,2.23,1.55,1.76,2.0,2.0,0.579105771484375,True,CALL,2026-02-20,XPEV
XPEV260220C00018000,18.0,1.7,1.25,1.37,1.0,112.0,0.5507857421875001,True,CALL,2026-02-20,XPEV
XPEV260220C00019000,19.0,0.81,0.77,0.82,89.0,148.0,0.53320779296875,False,CALL,2026-02-20,XPEV
XPEV260220C00019500,19.5,0.61,0.6,0.64,1.0,2907.0,0.5380905566406251,False,CALL,2026-02-20,XPEV
XPEV260220C00020000,20.0,0.49,0.46,0.49,2608.0,1196.0,0.5400436621093752,False,CALL,2026-02-20,XPEV
XPEV260220C00020500,20.5,0.41,0.35,0.39,8.0,77.0,0.5498091894531252,False,CALL,2026-02-20,XPEV
XPEV260220C00021000,21.0,0.3,0.27,0.31,15.0,3056.0,0.56055126953125,False,CALL,2026-02-20,XPEV
XPEV260220C00021500,21.5,0.23,0.21,0.26,16.0,25.0,0.57812921875,False,CALL,2026-02-20,XPEV
XPEV260220C00022000,22.0,0.17,0.17,0.21,62.0,2825.0,0.5937540625000001,False,CALL,2026-02-20,XPEV
XPEV260220C00022500,22.5,0.16,0.13,0.18,3.0,31.0,0.6093789062500001,False,CALL,2026-02-20,XPEV
XPEV260220C00023000,23.0,0.11,0.13,0.15,1047.0,1104.0,0.64062859375,False,CALL,2026-02-20,XPEV
XPEV260220C00023500,23.5,0.31,0.0,0.65,,10.0,0.8710950390625,False,CALL,2026-02-20,XPEV
XPEV260220C00024000,24.0,0.11,0.08,0.23,3.0,1912.0,0.7480493945312501,False,CALL,2026-02-20,XPEV
XPEV260220P00013000,13.0,0.01,0.0,0.05,1.0,10.0,0.7187528125,False,PUT,2026-02-20,XPEV
XPEV260220P00014000,14.0,0.03,0.01,0.05,105.0,187.0,0.6015664843750002,False,PUT,2026-02-20,XPEV
XPEV260220P00014500,14.5,0.06,0.0,0.75,1200.0,1201.0,1.021489267578125,False,PUT,2026-02-20,XPEV
XPEV260220P00015000,15.0,0.07,0.02,0.75,1.0,397.0,0.9335944140625,False,PUT,2026-02-20,XPEV
XPEV260220P00016000,16.0,0.14,0.14,0.32,2.0,1561.0,0.6074258007812501,False,PUT,2026-02-20,XPEV
XPEV260220P00017000,17.0,0.35,0.31,0.34,404.0,8277.0,0.5039112109375,False,PUT,2026-02-20,XPEV
XPEV260220P00017500,17.5,0.45,0.44,0.49,10.0,158.0,0.5117236328125,False,PUT,2026-02-20,XPEV
XPEV260220P00018000,18.0,0.7,0.62,0.67,26.0,2078.0,0.5039112109375,False,PUT,2026-02-20,XPEV
XPEV260220P00018500,18.5,0.98,0.82,0.9,17.0,398.0,0.500005,False,PUT,2026-02-20,XPEV
XPEV260220P00019000,19.0,1.15,1.12,1.2,72.0,3632.0,0.5117236328125,True,PUT,2026-02-20,XPEV
XPEV260220P00019500,19.5,1.38,1.44,1.49,20.0,179.0,0.495122236328125,True,PUT,2026-02-20,XPEV
XPEV260220P00020000,20.0,1.88,1.79,1.9,5.0,1627.0,0.5283250292968751,True,PUT,2026-02-20,XPEV
XPEV260220P00020500,20.5,2.1,2.03,2.36,5.0,79.0,0.5800823242187501,True,PUT,2026-02-20,XPEV
XPEV260220P00021000,21.0,2.47,2.09,3.05,1.0,521.0,0.772463212890625,True,PUT,2026-02-20,XPEV
XPEV260220P00021500,21.5,2.61,2.3,3.5,11.0,11.0,0.8105487695312499,True,PUT,2026-02-20,XPEV
XPEV260220P00022000,22.0,3.4,2.75,3.95,1.0,500.0,0.840821904296875,True,PUT,2026-02-20,XPEV
XPEV260220P00022500,22.5,2.63,3.25,4.45,,3.0,0.9023447265625,True,PUT,2026-02-20,XPEV
XPEV260220P00023000,23.0,3.35,3.75,4.95,38.0,136.0,0.9589847851562499,True,PUT,2026-02-20,XPEV
XPEV260220P00024000,24.0,3.8,4.7,5.9,,107.0,1.0293017285156252,True,PUT,2026-02-20,XPEV
XPEV260227C00014000,14.0,5.09,4.25,6.0,1.0,24.0,1.1464886425781249,True,CALL,2026-02-27,XPEV
XPEV260227C00014500,14.5,4.63,3.55,6.15,1.0,24.0,1.2128945605468748,True,CALL,2026-02-27,XPEV
XPEV260227C00017000,17.0,2.22,2.0,2.19,12.0,41.0,0.56836369140625,True,CALL,2026-02-27,XPEV
XPEV260227C00017500,17.5,1.87,1.68,1.86,1.0,37.0,0.567387138671875,True,CALL,2026-02-27,XPEV
XPEV260227C00018000,18.0,1.56,1.38,1.57,8.0,14.0,0.5634809277343751,True,CALL,2026-02-27,XPEV
XPEV260227C00018500,18.5,1.25,1.12,1.32,67.0,142.0,0.5634809277343751,True,CALL,2026-02-27,XPEV
XPEV260227C00019000,19.0,0.9,0.9,1.05,11.0,82.0,0.551762294921875,False,CALL,2026-02-27,XPEV
XPEV260227C00019500,19.5,0.92,0.74,0.92,1.0,379.0,0.5732464550781251,False,CALL,2026-02-27,XPEV
XPEV260227C00020000,20.0,0.67,0.6,0.76,11.0,164.0,0.579105771484375,False,CALL,2026-02-27,XPEV
XPEV260227C00020500,20.5,0.47,0.47,0.61,19.0,39.0,0.57617611328125,False,CALL,2026-02-27,XPEV
XPEV260227C00021000,21.0,0.61,0.39,0.49,13.0,67.0,0.5839885351562499,False,CALL,2026-02-27,XPEV
XPEV260227C00021500,21.5,0.35,0.29,0.47,1.0,3.0,0.6044961425781252,False,CALL,2026-02-27,XPEV
XPEV260227C00022000,22.0,0.3,0.24,0.38,9.0,119.0,0.6113320117187502,False,CALL,2026-02-27,XPEV
XPEV260227C00022500,22.5,0.25,0.14,0.62,81.0,12.0,0.70898728515625,False,CALL,2026-02-27,XPEV
XPEV260227C00023000,23.0,0.2,0.16,0.4,21.0,119.0,0.6835969140625001,False,CALL,2026-02-27,XPEV
XPEV260227C00023500,23.5,0.22,0.0,0.75,1.0,82.0,0.799806689453125,False,CALL,2026-02-27,XPEV
XPEV260227C00024000,24.0,0.25,0.0,0.75,2.0,87.0,0.8437515624999999,False,CALL,2026-02-27,XPEV
XPEV260227P00016000,16.0,0.23,0.16,1.15,96.0,102.0,0.8242205078124999,False,PUT,2026-02-27,XPEV
XPEV260227P00016500,16.5,0.25,0.27,0.4,,4.0,0.5302781347656251,False,PUT,2026-02-27,XPEV
XPEV260227P00017000,17.0,0.45,0.39,0.5,4.0,192.0,0.5136767382812499,False,PUT,2026-02-27,XPEV
XPEV260227P00017500,17.5,0.62,0.55,0.73,1.0,22.0,0.5283250292968751,False,PUT,2026-02-27,XPEV
XPEV260227P00018000,18.0,0.89,0.75,0.88,18.0,183.0,0.5127001855468749,False,PUT,2026-02-27,XPEV
XPEV260227P00018500,18.5,0.93,0.98,1.16,10.0,163.0,0.5185595019531251,False,PUT,2026-02-27,XPEV
XPEV260227P00019000,19.0,1.15,1.26,1.44,137.0,203.0,0.5185595019531251,True,PUT,2026-02-27,XPEV
XPEV260227P00019500,19.5,1.65,1.59,1.75,1.0,11.0,0.5224657128906249,True,PUT,2026-02-27,XPEV
XPEV260227P00020000,20.0,1.69,1.94,2.1,2.0,76.0,0.52539537109375,True,PUT,2026-02-27,XPEV
XPEV260227P00020500,20.5,2.0,2.13,2.46,5.0,91.0,0.5634809277343751,True,PUT,2026-02-27,XPEV
XPEV260227P00021000,21.0,2.63,2.66,2.85,15.0,10.0,0.5039112109375,True,PUT,2026-02-27,XPEV
XPEV260227P00024000,24.0,3.75,3.55,7.0,,4.0,1.5195336523437497,True,PUT,2026-02-27,XPEV
XPEV260306C00018500,18.5,1.31,1.26,1.46,30.0,4.0,0.5668988623046876,True,CALL,2026-03-06,XPEV
XPEV260306C00019500,19.5,1.38,0.7,1.1,5.0,5.0,0.5468795312500001,False,CALL,2026-03-06,XPEV
XPEV260306C00020000,20.0,0.77,0.73,0.84,9.0,22.0,0.56836369140625,False,CALL,2026-03-06,XPEV
XPEV260306C00020500,20.5,0.82,0.6,0.8,9.0,23.0,0.594730615234375,False,CALL,2026-03-06,XPEV
XPEV260306C00022000,22.0,0.33,0.34,0.61,2.0,53.0,0.64648791015625,False,CALL,2026-03-06,XPEV
XPEV260306C00022500,22.5,0.57,0.27,0.44,31.0,31.0,0.62305064453125,False,CALL,2026-03-06,XPEV
XPEV260306C00023000,23.0,0.32,0.0,0.75,1.0,2.0,0.6787141503906251,False,CALL,2026-03-06,XPEV
XPEV260306C00023500,23.5,0.45,0.19,0.32,1.0,1.0,0.637698935546875,False,CALL,2026-03-06,XPEV
XPEV260306P00016000,16.0,0.3,0.0,0.34,3.0,2962.0,0.5546919531250001,False,PUT,2026-03-06,XPEV
XPEV260306P00016500,16.5,0.41,0.36,0.45,64.0,21.0,0.5185595019531251,False,PUT,2026-03-06,XPEV
XPEV260306P00017000,17.0,0.58,0.5,0.69,10.0,204.0,0.5400436621093752,False,PUT,2026-03-06,XPEV
XPEV260306P00017500,17.5,0.68,0.69,0.81,4.0,21.0,0.5273484765625001,False,PUT,2026-03-06,XPEV
XPEV260306P00018000,18.0,0.81,0.89,1.09,15.0,90.0,0.5380905566406251,False,PUT,2026-03-06,XPEV
XPEV260306P00018500,18.5,1.25,1.13,1.36,41.0,12.0,0.5410202148437502,False,PUT,2026-03-06,XPEV
XPEV260306P00019500,19.5,1.69,1.72,1.92,2.0,32.0,0.5361374511718751,True,PUT,2026-03-06,XPEV
XPEV260306P00022500,22.5,3.5,3.35,4.8,35.0,35.0,0.89257919921875,True,PUT,2026-03-06,XPEV
XPEV260320C00013000,13.0,8.4,5.4,6.35,4.0,18.0,0.8476577734374999,True,CALL,2026-03-20,XPEV
XPEV260320C00014000,14.0,5.0,4.5,5.45,7.0,96.0,0.7832052929687501,True,CALL,2026-03-20,XPEV
XPEV260320C00015000,15.0,4.1,3.7,4.3,12.0,179.0,0.6621127539062501,True,CALL,2026-03-20,XPEV
XPEV260320C00016000,16.0,3.35,2.9,3.4,10.0,84.0,0.6035195898437502,True,CALL,2026-03-20,XPEV
XPEV260320C00017000,17.0,2.8,2.43,2.64,5.0,3433.0,0.6210975390625001,True,CALL,2026-03-20,XPEV
XPEV260320C00018000,18.0,1.83,1.81,2.03,35.0,2331.0,0.5986368261718751,True,CALL,2026-03-20,XPEV
XPEV260320C00019000,19.0,1.42,1.32,1.5,51.0,1115.0,0.5805706005859376,False,CALL,2026-03-20,XPEV
XPEV260320C00020000,20.0,1.1,1.04,1.15,134.0,3933.0,0.6005899316406251,False,CALL,2026-03-20,XPEV
XPEV260320C00021000,21.0,0.8,0.74,0.89,2.0,1751.0,0.6044961425781252,False,CALL,2026-03-20,XPEV
XPEV260320C00022000,22.0,0.62,0.57,0.67,61.0,5214.0,0.6162147753906251,False,CALL,2026-03-20,XPEV
XPEV260320C00023000,23.0,0.49,0.45,0.5,10.0,3814.0,0.629886513671875,False,CALL,2026-03-20,XPEV
XPEV260320C00024000,24.0,0.37,0.35,0.4,13.0,8759.0,0.647464462890625,False,CALL,2026-03-20,XPEV
XPEV260320P00013000,13.0,0.08,0.01,0.18,65.0,9460.0,0.6171913281250001,False,PUT,2026-03-20,XPEV
XPEV260320P00014000,14.0,0.18,0.14,0.2,1014.0,2116.0,0.5908244042968751,False,PUT,2026-03-20,XPEV
XPEV260320P00015000,15.0,0.25,0.27,0.37,1.0,3973.0,0.585941640625,False,PUT,2026-03-20,XPEV
XPEV260320P00016000,16.0,0.52,0.45,0.58,1.0,2007.0,0.5644574804687501,False,PUT,2026-03-20,XPEV
XPEV260320P00017000,17.0,0.82,0.79,0.87,73.0,7999.0,0.559574716796875,False,PUT,2026-03-20,XPEV
XPEV260320P00018000,18.0,1.23,1.2,1.3,24.0,3350.0,0.5556685058593751,False,PUT,2026-03-20,XPEV
XPEV260320P00019000,19.0,1.84,1.74,1.81,3.0,3454.0,0.551762294921875,True,PUT,2026-03-20,XPEV
XPEV260320P00020000,20.0,2.4,2.29,2.65,1.0,2890.0,0.5742230078125,True,PUT,2026-03-20,XPEV
XPEV260320P00021000,21.0,3.3,3.05,3.3,1.0,2090.0,0.570316796875,True,PUT,2026-03-20,XPEV
XPEV260320P00022000,22.0,3.96,3.8,4.0,9.0,1181.0,0.5410202148437502,True,PUT,2026-03-20,XPEV
XPEV260320P00023000,23.0,4.6,4.25,5.05,1.0,950.0,0.6914093359375001,True,PUT,2026-03-20,XPEV
XPEV260320P00024000,24.0,4.22,5.15,5.95,2.0,681.0,0.71679970703125,True,PUT,2026-03-20,XPEV
XPEV260417C00013000,13.0,6.75,5.6,7.2,42.0,43.0,0.9687503125,True,CALL,2026-04-17,XPEV
XPEV260417C00014000,14.0,6.6,4.75,5.65,10.0,16.0,0.7421900781249999,True,CALL,2026-04-17,XPEV
XPEV260417C00015000,15.0,4.25,4.1,4.35,55.0,82.0,0.631839619140625,True,CALL,2026-04-17,XPEV
XPEV260417C00016000,16.0,3.67,3.4,3.65,21.0,447.0,0.6245154736328126,True,CALL,2026-04-17,XPEV
XPEV260417C00017000,17.0,3.95,2.83,3.2,5.0,449.0,0.6543003320312502,True,CALL,2026-04-17,XPEV
XPEV260417C00018000,18.0,2.6,2.26,2.63,6.0,498.0,0.637698935546875,True,CALL,2026-04-17,XPEV
XPEV260417C00019000,19.0,1.82,1.8,1.93,39.0,402.0,0.5986368261718751,False,CALL,2026-04-17,XPEV
XPEV260417C00020000,20.0,1.48,1.46,1.53,68.0,1344.0,0.6005899316406251,False,CALL,2026-04-17,XPEV
XPEV260417C00021000,21.0,1.13,1.09,1.41,21.0,849.0,0.6201209863281252,False,CALL,2026-04-17,XPEV
XPEV260417C00022000,22.0,1.0,0.95,1.02,11.0,1939.0,0.6171913281250001,False,CALL,2026-04-17,XPEV
XPEV260417C00023000,23.0,0.81,0.68,0.95,5.0,5858.0,0.63086306640625,False,CALL,2026-04-17,XPEV
XPEV260417C00024000,24.0,0.66,0.53,0.83,668.0,2408.0,0.6440465283203125,False,CALL,2026-04-17,XPEV
XPEV260417P00013000,13.0,0.18,0.1,0.22,61.0,311.0,0.56055126953125,False,PUT,2026-04-17,XPEV
XPEV260417P00014000,14.0,0.34,0.31,0.39,30.0,65.0,0.5908244042968751,False,PUT,2026-04-17,XPEV
XPEV260417P00015000,15.0,0.5,0.48,0.58,2.0,764.0,0.5712933496093751,False,PUT,2026-04-17,XPEV
XPEV260417P00016000,16.0,0.74,0.73,0.86,1.0,955.0,0.56055126953125,False,PUT,2026-04-17,XPEV
XPEV260417P00017000,17.0,1.2,1.1,1.2,8.0,665.0,0.5546919531250001,False,PUT,2026-04-17,XPEV
XPEV260417P00018000,18.0,1.46,1.5,1.73,2.0,1208.0,0.5556685058593751,False,PUT,2026-04-17,XPEV
XPEV260417P00019000,19.0,2.1,2.04,2.16,2.0,890.0,0.5376022802734376,True,PUT,2026-04-17,XPEV
XPEV260417P00020000,20.0,2.68,2.63,2.8,1.0,3885.0,0.534184345703125,True,PUT,2026-04-17,XPEV
XPEV260417P00021000,21.0,3.38,3.35,3.65,6.0,1208.0,0.56055126953125,True,PUT,2026-04-17,XPEV
XPEV260417P00022000,22.0,3.23,4.1,4.45,1.0,4370.0,0.567387138671875,True,PUT,2026-04-17,XPEV
XPEV260417P00023000,23.0,3.8,4.9,5.25,17.0,2964.0,0.5654340332031251,True,PUT,2026-04-17,XPEV
XPEV260417P00024000,24.0,5.84,5.65,6.15,9.0,137.0,0.5556685058593751,True,PUT,2026-04-17,XPEV
XPEV260618C00013000,13.0,9.68,10.85,14.8,,1.0,2.869143452148437,True,CALL,2026-06-18,XPEV
XPEV260618C00014000,14.0,5.95,5.25,6.15,35.0,37.0,0.7202176416015625,True,CALL,2026-06-18,XPEV
XPEV260618C00015000,15.0,5.0,4.55,5.35,1.0,37.0,0.6865265722656251,True,CALL,2026-06-18,XPEV
XPEV260618C00016000,16.0,5.9,4.05,4.45,5.0,10.0,0.6562534375000001,True,CALL,2026-06-18,XPEV
XPEV260618C00017000,17.0,3.86,3.45,3.9,3.0,266.0,0.64648791015625,True,CALL,2026-06-18,XPEV
XPEV260618C00018000,18.0,2.95,2.96,3.25,49.0,118.0,0.6259803027343751,True,CALL,2026-06-18,XPEV
XPEV260618C00019000,19.0,2.65,2.5,2.95,301.0,539.0,0.6359899682617188,False,CALL,2026-06-18,XPEV
XPEV260618C00020000,20.0,2.19,2.19,2.41,36.0,914.0,0.6247596118164063,False,CALL,2026-06-18,XPEV
XPEV260618C00021000,21.0,2.11,1.77,2.24,2.0,3727.0,0.631839619140625,False,CALL,2026-06-18,XPEV
XPEV260618C00022000,22.0,1.68,1.64,1.68,7.0,4700.0,0.6181678808593751,False,CALL,2026-06-18,XPEV
XPEV260618C00023000,23.0,1.5,1.24,1.72,3.0,466.0,0.632816171875,False,CALL,2026-06-18,XPEV
XPEV260618C00024000,24.0,1.31,1.07,1.31,1.0,253.0,0.614261669921875,False,CALL,2026-06-18,XPEV
XPEV260618P00013000,13.0,0.46,0.44,0.57,12.0,41.0,0.5937540625000001,False,PUT,2026-06-18,XPEV
XPEV260618P00014000,14.0,0.69,0.52,0.77,225.0,703.0,0.5556685058593751,False,PUT,2026-06-18,XPEV
XPEV260618P00015000,15.0,1.01,0.95,1.0,511.0,219.0,0.5664105859375,False,PUT,2026-06-18,XPEV
XPEV260618P00016000,16.0,1.25,1.28,1.36,2.0,339.0,0.5600629931640625,False,PUT,2026-06-18,XPEV
XPEV260618P00017000,17.0,1.67,1.61,1.87,2.0,899.0,0.5566450585937501,False,PUT,2026-06-18,XPEV
XPEV260618P00018000,18.0,2.23,2.1,2.44,2.0,811.0,0.5629926513671876,False,PUT,2026-06-18,XPEV
XPEV260618P00019000,19.0,2.75,2.74,2.8,5.0,3397.0,0.5485884985351563,True,PUT,2026-06-18,XPEV
XPEV260618P00020000,20.0,3.26,3.3,3.5,6.0,4779.0,0.5498091894531252,True,PUT,2026-06-18,XPEV
XPEV260618P00021000,21.0,3.85,3.9,4.25,1.0,656.0,0.5493209130859377,True,PUT,2026-06-18,XPEV
XPEV260618P00022000,22.0,4.65,4.55,4.95,4.0,323.0,0.5376022802734376,True,PUT,2026-06-18,XPEV
XPEV260618P00023000,23.0,5.6,5.45,5.65,17.0,93.0,0.5444381494140625,True,PUT,2026-06-18,XPEV
XPEV260618P00024000,24.0,5.65,6.2,6.6,14.0,85.0,0.5556685058593751,True,PUT,2026-06-18,XPEV
XPEV260717C00013000,13.0,7.85,6.15,7.15,50.0,52.0,0.7407252490234374,True,CALL,2026-07-17,XPEV
XPEV260717C00014000,14.0,7.27,5.4,6.3,1.0,1.0,0.6982452050781252,True,CALL,2026-07-17,XPEV
XPEV260717C00015000,15.0,5.25,4.7,5.55,40.0,65.0,0.6694368994140626,True,CALL,2026-07-17,XPEV
XPEV260717C00016000,16.0,4.65,4.3,4.7,3.0,15.0,0.6557651611328126,True,CALL,2026-07-17,XPEV
XPEV260717C00017000,17.0,4.8,3.6,4.15,2.0,7.0,0.6320837573242188,True,CALL,2026-07-17,XPEV
XPEV260717C00018000,18.0,3.25,3.25,3.5,64.0,543.0,0.6254920263671876,True,CALL,2026-07-17,XPEV
XPEV260717C00019000,19.0,2.94,2.68,3.0,11.0,106.0,0.6020547607421877,False,CALL,2026-07-17,XPEV
XPEV260717C00020000,20.0,2.42,2.34,2.65,5.0,246.0,0.6074258007812501,False,CALL,2026-07-17,XPEV
XPEV260717C00021000,21.0,2.13,2.04,2.32,98.0,899.0,0.6098671826171876,False,CALL,2026-07-17,XPEV
XPEV260717C00022000,22.0,2.2,1.7,2.04,30.0,332.0,0.6054726953125001,False,CALL,2026-07-17,XPEV
XPEV260717C00023000,23.0,1.65,1.47,1.9,19.0,139.0,0.6191444335937502,False,CALL,2026-07-17,XPEV
XPEV260717C00024000,24.0,1.5,1.27,1.69,60.0,212.0,0.6225623681640625,False,CALL,2026-07-17,XPEV
XPEV260717P00013000,13.0,0.7,0.0,0.0,,10.0,0.12500875,False,PUT,2026-07-17,XPEV
XPEV260717P00014000,14.0,0.84,0.66,0.93,1.0,6.0,0.5532271240234375,False,PUT,2026-07-17,XPEV
XPEV260717P00015000,15.0,1.09,1.04,1.23,35.0,121.0,0.5581098876953126,False,PUT,2026-07-17,XPEV
XPEV260717P00016000,16.0,1.48,1.38,1.59,106.0,363.0,0.5488326367187502,False,PUT,2026-07-17,XPEV
XPEV260717P00017000,17.0,2.01,1.79,2.05,1.0,89.0,0.5459029785156251,False,PUT,2026-07-17,XPEV
XPEV260717P00018000,18.0,2.4,2.26,2.7,1.0,283.0,0.5556685058593751,False,PUT,2026-07-17,XPEV
XPEV260717P00019000,19.0,2.55,2.8,3.15,1.0,7.0,0.5405319384765627,True,PUT,2026-07-17,XPEV
XPEV260717P00020000,20.0,3.65,3.5,3.75,64.0,43.0,0.5454147021484376,True,PUT,2026-07-17,XPEV
XPEV260717P00021000,21.0,4.35,4.05,4.45,5.0,83.0,0.5356491748046875,True,PUT,2026-07-17,XPEV
XPEV260717P00022000,22.0,5.05,4.85,5.1,27.0,4.0,0.5361374511718751,True,PUT,2026-07-17,XPEV
XPEV260717P00023000,23.0,5.55,5.55,5.95,2.0,102.0,0.5395553857421876,True,PUT,2026-07-17,XPEV
XPEV260918C00013000,13.0,6.9,6.55,7.35,20.0,36.0,0.710940390625,True,CALL,2026-09-18,XPEV
XPEV260918C00014000,14.0,7.55,5.85,6.7,,38.0,0.6958038232421876,True,CALL,2026-09-18,XPEV
XPEV260918C00015000,15.0,5.75,5.25,6.05,1.0,51.0,0.6833527758789064,True,CALL,2026-09-18,XPEV
XPEV260918C00016000,16.0,6.6,4.8,5.3,1.0,2.0,0.6679720703125002,True,CALL,2026-09-18,XPEV
XPEV260918C00017000,17.0,5.5,4.2,4.8,3.0,5.0,0.6552768847656252,True,CALL,2026-09-18,XPEV
XPEV260918C00018000,18.0,3.97,3.75,4.15,8.0,101.0,0.6359899682617188,True,CALL,2026-09-18,XPEV
XPEV260918C00019000,19.0,3.6,3.45,3.6,13.0,319.0,0.6320837573242188,False,CALL,2026-09-18,XPEV
XPEV260918C00020000,20.0,3.1,3.1,3.3,32.0,972.0,0.6384313500976562,False,CALL,2026-09-18,XPEV
XPEV260918C00021000,21.0,2.82,2.6,3.05,1.0,5207.0,0.6303747900390625,False,CALL,2026-09-18,XPEV
XPEV260918C00022000,22.0,2.56,2.36,2.88,1.0,4704.0,0.6452672192382812,False,CALL,2026-09-18,XPEV
XPEV260918C00023000,23.0,2.66,2.11,2.63,1.0,97.0,0.647464462890625,False,CALL,2026-09-18,XPEV
XPEV260918C00024000,24.0,3.24,1.78,2.39,1.0,108.0,0.6391637646484375,False,CALL,2026-09-18,XPEV
XPEV260918P00013000,13.0,0.87,0.85,0.95,23.0,237.0,0.5795940478515625,False,PUT,2026-09-18,XPEV
XPEV260918P00014000,14.0,1.14,1.07,1.3,10.0,15.0,0.570316796875,False,PUT,2026-09-18,XPEV
XPEV260918P00015000,15.0,1.5,1.32,1.66,1.0,2196.0,0.5546919531250001,False,PUT,2026-09-18,XPEV
XPEV260918P00016000,16.0,1.92,1.77,2.08,150.0,351.0,0.5561567822265626,False,PUT,2026-09-18,XPEV
XPEV260918P00017000,17.0,2.27,2.21,2.66,5004.0,6575.0,0.5612836840820312,False,PUT,2026-09-18,XPEV
XPEV260918P00018000,18.0,2.49,2.65,3.1,6.0,107.0,0.5441940112304688,False,PUT,2026-09-18,XPEV
XPEV260918P00019000,19.0,3.15,3.25,3.7,2.0,27.0,0.5471236694335939,True,PUT,2026-09-18,XPEV
XPEV260918P00020000,20.0,3.6,3.85,4.3,1.0,1651.0,0.5419967675781252,True,PUT,2026-09-18,XPEV
XPEV260918P00021000,21.0,4.05,4.5,5.0,35.0,2931.0,0.5424850439453126,True,PUT,2026-09-18,XPEV
XPEV260918P00022000,22.0,4.9,5.15,5.7,1.0,3696.0,0.5363815893554689,True,PUT,2026-09-18,XPEV
XPEV260918P00023000,23.0,5.1,5.95,6.45,16.0,111.0,0.5415084912109377,True,PUT,2026-09-18,XPEV
XPEV260918P00024000,24.0,6.05,6.5,7.2,,38.0,0.5180712255859375,True,PUT,2026-09-18,XPEV
XPEV270115C00015000,15.0,6.2,6.2,6.4,2.0,635.0,0.6667513793945314,True,CALL,2027-01-15,XPEV
XPEV270115C00017000,17.0,5.3,5.15,5.4,8.0,2318.0,0.6508823974609376,True,CALL,2027-01-15,XPEV
XPEV270115C00020000,20.0,4.1,3.95,4.2,87.0,4545.0,0.6413610083007812,False,CALL,2027-01-15,XPEV
XPEV270115C00022000,22.0,3.4,3.35,3.55,17.0,3243.0,0.6391637646484375,False,CALL,2027-01-15,XPEV
XPEV270115P00015000,15.0,2.1,1.92,2.25,1.0,3949.0,0.5544478149414063,False,PUT,2027-01-15,XPEV
XPEV270115P00017000,17.0,3.0,2.81,3.25,1.0,13948.0,0.5463912548828126,False,PUT,2027-01-15,XPEV
XPEV270115P00020000,20.0,4.75,4.5,5.0,101.0,1225.0,0.534184345703125,True,PUT,2027-01-15,XPEV
XPEV270115P00022000,22.0,6.1,5.8,6.35,16.0,753.0,0.5266160620117188,True,PUT,2027-01-15,XPEV
XPEV280121C00013000,13.0,9.25,8.85,9.8,2.0,833.0,0.7329128271484374,True,CALL,2028-01-21,XPEV
XPEV280121C00015000,15.0,8.2,8.1,8.4,13.0,35735.0,0.6999541723632813,True,CALL,2028-01-21,XPEV
XPEV280121C00018000,18.0,7.05,6.75,7.7,26.0,386.0,0.7043486596679689,True,CALL,2028-01-21,XPEV
XPEV280121C00020000,20.0,6.35,6.2,6.35,62.0,985.0,0.6683382775878908,False,CALL,2028-01-21,XPEV
XPEV280121C00022000,22.0,5.76,5.6,5.9,17.0,1226.0,0.6706575903320313,False,CALL,2028-01-21,XPEV
XPEV280121P00013000,13.0,2.62,2.4,2.85,2.0,149.0,0.5756878369140624,False,PUT,2028-01-21,XPEV
XPEV280121P00015000,15.0,3.38,3.3,3.65,1.0,597.0,0.5524947094726562,False,PUT,2028-01-21,XPEV
XPEV280121P00018000,18.0,5.16,4.95,5.5,1.0,71.0,0.5493209130859377,False,PUT,2028-01-21,XPEV
XPEV280121P00020000,20.0,5.5,5.5,6.75,1.0,185.0,0.5073291455078125,True,PUT,2028-01-21,XPEV
XPEV280121P00022000,22.0,7.55,7.5,8.1,2.0,153.0,0.5336960693359375,True,PUT,2028-01-21,XPEV
XYZ260130C00050000,50.0,15.18,11.5,13.35,1.0,2.0,2.177738930664062,True,CALL,2026-01-30,XYZ
XYZ260130C00052000,52.0,14.88,9.5,11.35,1.0,1.0,1.8691412792968751,True,CALL,2026-01-30,XYZ
XYZ260130C00053000,53.0,12.28,8.55,10.35,1.0,2.0,1.748048134765625,True,CALL,2026-01-30,XYZ
XYZ260130C00054000,54.0,11.38,7.55,9.35,1.0,3.0,1.5937520312499998,True,CALL,2026-01-30,XYZ
XYZ260130C00055000,55.0,9.3,6.3,8.35,13.0,14.0,1.291019169921875,True,CALL,2026-01-30,XYZ
XYZ260130C00056000,56.0,8.85,5.4,7.35,3.0,1.0,1.203128984375,True,CALL,2026-01-30,XYZ
XYZ260130C00058000,58.0,4.05,3.8,4.6,10.0,14.0,0.710940390625,True,CALL,2026-01-30,XYZ
XYZ260130C00059000,59.0,3.0,2.98,3.4,1.0,16.0,0.5644574804687501,True,CALL,2026-01-30,XYZ
XYZ260130C00060000,60.0,2.18,2.09,2.45,1007.0,12.0,0.6347692773437501,True,CALL,2026-01-30,XYZ
XYZ260130C00061000,61.0,1.4,1.4,1.62,204.0,76.0,0.5556685058593751,True,CALL,2026-01-30,XYZ
XYZ260130C00062000,62.0,0.84,0.76,0.92,186.0,80.0,0.48828636718750007,True,CALL,2026-01-30,XYZ
XYZ260130C00063000,63.0,0.4,0.39,0.44,62.0,228.0,0.44922425781249997,False,CALL,2026-01-30,XYZ
XYZ260130C00064000,64.0,0.17,0.16,0.19,94.0,189.0,0.4414118359375,False,CALL,2026-01-30,XYZ
XYZ260130C00065000,65.0,0.09,0.06,0.09,161.0,537.0,0.46484910156250003,False,CALL,2026-01-30,XYZ
XYZ260130C00066000,66.0,0.03,0.03,0.06,90.0,887.0,0.5273484765625001,False,CALL,2026-01-30,XYZ
XYZ260130C00067000,67.0,0.03,0.02,0.04,469.0,2239.0,0.5468795312500001,False,CALL,2026-01-30,XYZ
XYZ260130C00068000,68.0,0.02,0.0,0.03,6925.0,8191.0,0.570316796875,False,CALL,2026-01-30,XYZ
XYZ260130C00069000,69.0,0.01,0.0,0.03,440.0,1989.0,0.648441015625,False,CALL,2026-01-30,XYZ
XYZ260130C00070000,70.0,0.01,0.0,0.01,5946.0,7346.0,0.6250037500000001,False,CALL,2026-01-30,XYZ
XYZ260130C00071000,71.0,0.01,0.0,0.2,1020.0,1292.0,1.0781296093750001,False,CALL,2026-01-30,XYZ
XYZ260130C00072000,72.0,0.01,0.0,0.01,56.0,589.0,0.7500025,False,CALL,2026-01-30,XYZ
XYZ260130C00073000,73.0,0.01,0.0,0.03,6.0,427.0,0.937500625,False,CALL,2026-01-30,XYZ
XYZ260130C00074000,74.0,0.01,0.0,0.02,51.0,292.0,0.9531254687499999,False,CALL,2026-01-30,XYZ
XYZ260130C00075000,75.0,0.04,0.0,0.02,137.0,830.0,1.0312548437500002,False,CALL,2026-01-30,XYZ
XYZ260130C00076000,76.0,0.02,0.0,0.66,1.0,163.0,1.9101566992187502,False,CALL,2026-01-30,XYZ
XYZ260130C00077000,77.0,0.06,0.0,0.2,7.0,56.0,1.5703146484375,False,CALL,2026-01-30,XYZ
XYZ260130C00078000,78.0,0.06,0.0,0.2,40.0,73.0,1.6484392578125,False,CALL,2026-01-30,XYZ
XYZ260130C00079000,79.0,0.16,0.0,0.75,,7.0,2.2402387744140624,False,CALL,2026-01-30,XYZ
XYZ260130C00080000,80.0,0.01,0.0,0.01,1.0,103.0,1.2500037499999999,False,CALL,2026-01-30,XYZ
XYZ260130P00045000,45.0,0.02,0.0,2.13,,16.0,3.9609375976562498,False,PUT,2026-01-30,XYZ
XYZ260130P00050000,50.0,0.12,0.0,0.15,1.0,4.0,1.5546897265624997,False,PUT,2026-01-30,XYZ
XYZ260130P00051000,51.0,0.06,0.0,0.03,3.0,103.0,1.125004375,False,PUT,2026-01-30,XYZ
XYZ260130P00052000,52.0,0.01,0.0,0.22,5.0,66.0,1.41015919921875,False,PUT,2026-01-30,XYZ
XYZ260130P00053000,53.0,0.05,0.0,0.22,30.0,41.0,1.2851598242187499,False,PUT,2026-01-30,XYZ
XYZ260130P00054000,54.0,0.14,0.0,0.04,2.0,26.0,0.867188828125,False,PUT,2026-01-30,XYZ
XYZ260130P00055000,55.0,0.02,0.0,0.05,14.0,53.0,0.79687703125,False,PUT,2026-01-30,XYZ
XYZ260130P00056000,56.0,0.01,0.0,0.1,44.0,73.0,0.773439765625,False,PUT,2026-01-30,XYZ
XYZ260130P00057000,57.0,0.03,0.02,0.06,11.0,292.0,0.6367223828125,False,PUT,2026-01-30,XYZ
XYZ260130P00058000,58.0,0.03,0.02,0.07,3.0,140.0,0.5390671093750001,False,PUT,2026-01-30,XYZ
XYZ260130P00059000,59.0,0.11,0.05,0.11,16.0,364.0,0.5273484765625001,False,PUT,2026-01-30,XYZ
XYZ260130P00060000,60.0,0.16,0.14,0.18,167.0,888.0,0.46289599609375004,False,PUT,2026-01-30,XYZ
XYZ260130P00061000,61.0,0.36,0.31,0.4,74.0,211.0,0.45117736328125,False,PUT,2026-01-30,XYZ
XYZ260130P00062000,62.0,0.67,0.64,0.76,156.0,466.0,0.428716650390625,False,PUT,2026-01-30,XYZ
XYZ260130P00063000,63.0,1.41,1.19,1.34,231.0,749.0,0.418951123046875,True,PUT,2026-01-30,XYZ
XYZ260130P00064000,64.0,2.09,1.92,2.31,85.0,555.0,0.570316796875,True,PUT,2026-01-30,XYZ
XYZ260130P00065000,65.0,2.96,2.76,3.2,60.0,752.0,0.63086306640625,True,PUT,2026-01-30,XYZ
XYZ260130P00066000,66.0,3.94,3.75,4.2,94.0,498.0,0.7617211328125001,True,PUT,2026-01-30,XYZ
XYZ260130P00067000,67.0,4.88,4.55,5.2,71.0,478.0,0.88476677734375,True,PUT,2026-01-30,XYZ
XYZ260130P00068000,68.0,5.86,5.5,6.2,49.0,356.0,1.000005,True,PUT,2026-01-30,XYZ
XYZ260130P00069000,69.0,6.76,6.3,7.25,19.0,545.0,1.1679729101562502,True,PUT,2026-01-30,XYZ
XYZ260130P00070000,70.0,7.75,7.45,8.2,50.0,229.0,1.21875390625,True,PUT,2026-01-30,XYZ
XYZ260130P00071000,71.0,6.38,7.7,9.45,9.0,573.0,1.5996113769531248,True,PUT,2026-01-30,XYZ
XYZ260130P00072000,72.0,7.81,8.7,10.45,2.0,147.0,1.7109389453125,True,PUT,2026-01-30,XYZ
XYZ260130P00073000,73.0,8.97,9.7,12.0,11.0,11.0,2.3095745385742186,True,PUT,2026-01-30,XYZ
XYZ260130P00074000,74.0,9.14,10.7,13.1,1.0,50.0,2.506839670410156,True,PUT,2026-01-30,XYZ
XYZ260130P00075000,75.0,8.85,10.85,14.9,1.0,0.0,3.2109394726562495,True,PUT,2026-01-30,XYZ
XYZ260130P00080000,80.0,17.7,15.9,19.95,1.0,0.0,3.824219189453125,True,PUT,2026-01-30,XYZ
XYZ260206C00050000,50.0,15.2,11.4,13.4,1.0,3.0,1.0087940185546875,True,CALL,2026-02-06,XYZ
XYZ260206C00055000,55.0,9.96,7.1,7.65,1.0,7.0,0.637698935546875,True,CALL,2026-02-06,XYZ
XYZ260206C00056000,56.0,6.85,6.25,6.65,1.0,1.0,0.6054726953125001,True,CALL,2026-02-06,XYZ
XYZ260206C00057000,57.0,5.85,5.4,5.65,5.0,7.0,0.5644574804687501,True,CALL,2026-02-06,XYZ
XYZ260206C00058000,58.0,5.0,4.5,4.95,9.0,9.0,0.561527822265625,True,CALL,2026-02-06,XYZ
XYZ260206C00060000,60.0,3.5,2.98,3.3,12.0,8.0,0.5092822509765625,True,CALL,2026-02-06,XYZ
XYZ260206C00061000,61.0,2.76,2.42,2.58,21.0,33.0,0.5009815527343751,True,CALL,2026-02-06,XYZ
XYZ260206C00062000,62.0,2.11,1.86,2.04,66.0,50.0,0.5185595019531251,True,CALL,2026-02-06,XYZ
XYZ260206C00063000,63.0,1.42,1.38,1.53,1549.0,88.0,0.5029346582031251,False,CALL,2026-02-06,XYZ
XYZ260206C00064000,64.0,1.05,1.03,1.13,1827.0,343.0,0.4946339599609375,False,CALL,2026-02-06,XYZ
XYZ260206C00065000,65.0,0.76,0.72,0.82,2757.0,713.0,0.49023947265625006,False,CALL,2026-02-06,XYZ
XYZ260206C00066000,66.0,0.55,0.53,0.6,1277.0,753.0,0.4936574072265626,False,CALL,2026-02-06,XYZ
XYZ260206C00067000,67.0,0.41,0.36,0.44,554.0,194.0,0.500005,False,CALL,2026-02-06,XYZ
XYZ260206C00068000,68.0,0.3,0.26,0.35,1309.0,696.0,0.5205126074218749,False,CALL,2026-02-06,XYZ
XYZ260206C00069000,69.0,0.2,0.19,0.23,278.0,372.0,0.500005,False,CALL,2026-02-06,XYZ
XYZ260206C00070000,70.0,0.15,0.14,0.17,77.0,590.0,0.5117236328125,False,CALL,2026-02-06,XYZ
XYZ260206C00071000,71.0,0.12,0.1,0.15,24.0,305.0,0.5312546875,False,CALL,2026-02-06,XYZ
XYZ260206C00072000,72.0,0.09,0.08,0.12,10.0,358.0,0.5507857421875001,False,CALL,2026-02-06,XYZ
XYZ260206C00073000,73.0,0.07,0.06,0.09,9.0,63.0,0.56055126953125,False,CALL,2026-02-06,XYZ
XYZ260206C00074000,74.0,0.04,0.01,0.07,7.0,114.0,0.5390671093750001,False,CALL,2026-02-06,XYZ
XYZ260206C00075000,75.0,0.07,0.01,0.13,1.0,189.0,0.6289099609375001,False,CALL,2026-02-06,XYZ
XYZ260206C00076000,76.0,0.14,0.01,0.13,2.0,81.0,0.6640658593750002,False,CALL,2026-02-06,XYZ
XYZ260206C00077000,77.0,0.06,0.0,0.13,2.0,112.0,0.6914093359375001,False,CALL,2026-02-06,XYZ
XYZ260206C00078000,78.0,0.11,0.0,0.33,1.0,96.0,0.851563984375,False,CALL,2026-02-06,XYZ
XYZ260206C00079000,79.0,0.23,0.0,0.75,34.0,45.0,1.056645341796875,False,CALL,2026-02-06,XYZ
XYZ260206C00080000,80.0,0.03,0.01,0.03,3.0,140.0,0.6718782812500002,False,CALL,2026-02-06,XYZ
XYZ260206P00050000,50.0,0.03,0.0,0.55,3.0,71.0,0.9511723632812499,False,PUT,2026-02-06,XYZ
XYZ260206P00052000,52.0,0.07,0.01,0.13,2.0,6.0,0.6113320117187502,False,PUT,2026-02-06,XYZ
XYZ260206P00054000,54.0,0.1,0.1,0.15,16.0,41.0,0.56055126953125,False,PUT,2026-02-06,XYZ
XYZ260206P00055000,55.0,0.17,0.16,0.18,14.0,376.0,0.5380905566406251,False,PUT,2026-02-06,XYZ
XYZ260206P00056000,56.0,0.25,0.23,0.27,72.0,52.0,0.52539537109375,False,PUT,2026-02-06,XYZ
XYZ260206P00057000,57.0,0.34,0.33,0.37,7.0,191.0,0.508793974609375,False,PUT,2026-02-06,XYZ
XYZ260206P00058000,58.0,0.53,0.47,0.52,37.0,177.0,0.5043994873046875,False,PUT,2026-02-06,XYZ
XYZ260206P00059000,59.0,0.68,0.67,0.73,108.0,201.0,0.49414568359375005,False,PUT,2026-02-06,XYZ
XYZ260206P00060000,60.0,1.02,0.93,1.02,640.0,405.0,0.4892629199218751,False,PUT,2026-02-06,XYZ
XYZ260206P00061000,61.0,1.16,1.26,1.37,196.0,635.0,0.47949739257812496,False,PUT,2026-02-06,XYZ
XYZ260206P00062000,62.0,1.75,1.65,1.81,86.0,506.0,0.4721732470703125,False,PUT,2026-02-06,XYZ
XYZ260206P00063000,63.0,2.28,2.18,2.35,89.0,674.0,0.4687553125,True,PUT,2026-02-06,XYZ
XYZ260206P00064000,64.0,2.62,2.76,3.1,47.0,550.0,0.500005,True,PUT,2026-02-06,XYZ
XYZ260206P00065000,65.0,3.7,3.5,3.8,40.0,399.0,0.4995167236328125,True,PUT,2026-02-06,XYZ
XYZ260206P00066000,66.0,4.25,4.05,4.6,19.0,733.0,0.5107470800781251,True,PUT,2026-02-06,XYZ
XYZ260206P00067000,67.0,5.2,4.9,5.5,13.0,180.0,0.5424850439453126,True,PUT,2026-02-06,XYZ
XYZ260206P00068000,68.0,5.84,5.8,6.4,5.0,232.0,0.5644574804687501,True,PUT,2026-02-06,XYZ
XYZ260206P00069000,69.0,6.85,6.75,7.3,10.0,204.0,0.57617611328125,True,PUT,2026-02-06,XYZ
XYZ260206P00070000,70.0,7.43,7.65,8.25,1.0,505.0,0.6025430371093752,True,PUT,2026-02-06,XYZ
XYZ260206P00071000,71.0,6.34,8.65,9.2,4.0,47.0,0.62305064453125,True,PUT,2026-02-06,XYZ
XYZ260206P00072000,72.0,7.81,9.6,10.35,3.0,95.0,0.7568383691406251,True,PUT,2026-02-06,XYZ
XYZ260206P00073000,73.0,8.17,9.55,11.55,2.0,43.0,0.9047861083984375,True,PUT,2026-02-06,XYZ
XYZ260206P00074000,74.0,7.83,10.7,12.45,1.0,57.0,0.9062509375,True,PUT,2026-02-06,XYZ
XYZ260206P00075000,75.0,10.17,11.4,13.8,,15.0,1.1167036352539061,True,PUT,2026-02-06,XYZ
XYZ260206P00076000,76.0,12.1,12.7,14.75,4.0,5.0,1.1455120849609375,True,PUT,2026-02-06,XYZ
XYZ260206P00077000,77.0,6.77,13.15,15.55,,1.0,1.0986373193359378,True,PUT,2026-02-06,XYZ
XYZ260206P00078000,78.0,11.73,14.7,16.5,,1.0,1.1171919140625,True,PUT,2026-02-06,XYZ
XYZ260206P00080000,80.0,14.33,16.15,18.65,1.0,0.0,1.2832067089843748,True,PUT,2026-02-06,XYZ
XYZ260213C00050000,50.0,12.3,11.5,13.35,2.0,5.0,0.7695335546875001,True,CALL,2026-02-13,XYZ
XYZ260213C00055000,55.0,10.13,7.25,8.9,1.0,100.0,0.710940390625,True,CALL,2026-02-13,XYZ
XYZ260213C00056000,56.0,9.15,6.1,8.0,2.0,2.0,0.6381872119140625,True,CALL,2026-02-13,XYZ
XYZ260213C00057000,57.0,5.74,5.65,6.1,100.0,14.0,0.52539537109375,True,CALL,2026-02-13,XYZ
XYZ260213C00058000,58.0,5.1,4.9,5.4,312.0,3.0,0.5283250292968751,True,CALL,2026-02-13,XYZ
XYZ260213C00060000,60.0,6.8,3.5,3.8,38.0,33.0,0.5200243310546875,True,CALL,2026-02-13,XYZ
XYZ260213C00061000,61.0,2.9,2.9,3.2,12.0,55.0,0.5141650146484374,True,CALL,2026-02-13,XYZ
XYZ260213C00062000,62.0,2.47,2.35,2.64,36.0,2.0,0.5048877636718749,True,CALL,2026-02-13,XYZ
XYZ260213C00064000,64.0,3.18,1.57,1.76,1.0,123.0,0.49805189453125004,False,CALL,2026-02-13,XYZ
XYZ260213C00065000,65.0,1.25,1.2,1.33,18.0,51.0,0.47852083984375,False,CALL,2026-02-13,XYZ
XYZ260213C00066000,66.0,1.04,0.92,1.14,28.0,203.0,0.49805189453125004,False,CALL,2026-02-13,XYZ
XYZ260213C00067000,67.0,0.83,0.62,0.84,6.0,124.0,0.48242705078125003,False,CALL,2026-02-13,XYZ
XYZ260213C00068000,68.0,0.7,0.55,0.7,16.0,66.0,0.49609878906250005,False,CALL,2026-02-13,XYZ
XYZ260213C00069000,69.0,0.53,0.44,0.53,18.0,170.0,0.49219257812500006,False,CALL,2026-02-13,XYZ
XYZ260213C00070000,70.0,0.41,0.33,0.5,6.0,337.0,0.5249070947265625,False,CALL,2026-02-13,XYZ
XYZ260213C00071000,71.0,0.52,0.23,0.82,1.0,87.0,0.5742230078125,False,CALL,2026-02-13,XYZ
XYZ260213C00072000,72.0,1.09,0.2,0.83,1.0,72.0,0.6103554589843752,False,CALL,2026-02-13,XYZ
XYZ260213C00073000,73.0,0.39,0.06,0.27,1.0,110.0,0.5468795312500001,False,CALL,2026-02-13,XYZ
XYZ260213C00074000,74.0,0.21,0.15,0.22,35.0,58.0,0.53320779296875,False,CALL,2026-02-13,XYZ
XYZ260213C00075000,75.0,0.16,0.11,0.18,6.0,1226.0,0.5371140039062501,False,CALL,2026-02-13,XYZ
XYZ260213C00076000,76.0,0.18,0.0,1.62,1.0,36.0,0.8623060644531251,False,CALL,2026-02-13,XYZ
XYZ260213C00077000,77.0,0.34,0.0,0.19,61.0,112.0,0.5507857421875001,False,CALL,2026-02-13,XYZ
XYZ260213C00078000,78.0,0.2,0.0,0.96,5.0,34.0,0.8085956640624999,False,CALL,2026-02-13,XYZ
XYZ260213C00079000,79.0,0.15,0.0,0.95,1.0,5.0,0.8388687988281249,False,CALL,2026-02-13,XYZ
XYZ260213C00080000,80.0,0.11,0.0,0.25,1.0,134.0,0.6601596484375001,False,CALL,2026-02-13,XYZ
XYZ260213P00045000,45.0,0.8,0.0,0.11,3.0,6.0,0.7382838671874999,False,PUT,2026-02-13,XYZ
XYZ260213P00050000,50.0,0.2,0.0,0.29,6.0,27.0,0.6210975390625001,False,PUT,2026-02-13,XYZ
XYZ260213P00053000,53.0,0.33,0.0,1.22,1.0,11.0,0.702151416015625,False,PUT,2026-02-13,XYZ
XYZ260213P00054000,54.0,0.18,0.0,1.65,5.0,43.0,0.7148466015625,False,PUT,2026-02-13,XYZ
XYZ260213P00055000,55.0,0.5,0.38,0.45,6.0,26.0,0.514653291015625,False,PUT,2026-02-13,XYZ
XYZ260213P00056000,56.0,0.51,0.5,0.8,1.0,9.0,0.5371140039062501,False,PUT,2026-02-13,XYZ
XYZ260213P00057000,57.0,0.72,0.57,0.75,2.0,144.0,0.5048877636718749,False,PUT,2026-02-13,XYZ
XYZ260213P00058000,58.0,0.9,0.85,0.91,3.0,769.0,0.4819387744140625,False,PUT,2026-02-13,XYZ
XYZ260213P00059000,59.0,1.11,1.03,1.21,6.0,331.0,0.48242705078125003,False,PUT,2026-02-13,XYZ
XYZ260213P00060000,60.0,1.37,1.3,1.69,31.0,763.0,0.507817421875,False,PUT,2026-02-13,XYZ
XYZ260213P00061000,61.0,1.1,1.65,1.96,40.0,149.0,0.47681187255859375,False,PUT,2026-02-13,XYZ
XYZ260213P00062000,62.0,2.19,2.11,2.48,124.0,140.0,0.48389187988281257,False,PUT,2026-02-13,XYZ
XYZ260213P00063000,63.0,2.67,2.65,2.95,3.0,78.0,0.46851117431640626,True,PUT,2026-02-13,XYZ
XYZ260213P00064000,64.0,2.27,3.25,3.6,163.0,142.0,0.4760794580078125,True,PUT,2026-02-13,XYZ
XYZ260213P00065000,65.0,4.09,3.95,4.25,78.0,292.0,0.4721732470703125,True,PUT,2026-02-13,XYZ
XYZ260213P00066000,66.0,4.12,4.65,4.95,100.0,319.0,0.46631393066406257,True,PUT,2026-02-13,XYZ
XYZ260213P00067000,67.0,3.89,3.85,6.0,4.0,47.0,0.53320779296875,True,PUT,2026-02-13,XYZ
XYZ260213P00068000,68.0,6.22,5.5,6.95,3.0,5.0,0.5737347314453125,True,PUT,2026-02-13,XYZ
XYZ260213P00069000,69.0,6.97,6.15,7.85,7.0,6.0,0.5971719970703125,True,PUT,2026-02-13,XYZ
XYZ260213P00070000,70.0,7.68,7.0,8.7,1.0,131.0,0.6020547607421877,True,PUT,2026-02-13,XYZ
XYZ260213P00071000,71.0,5.25,7.9,9.9,2.0,32.0,0.7026396923828125,True,PUT,2026-02-13,XYZ
XYZ260213P00073000,73.0,7.0,9.8,11.75,4.0,9.0,0.743166630859375,True,PUT,2026-02-13,XYZ
XYZ260213P00074000,74.0,9.69,10.75,12.75,,5.0,0.7832052929687501,True,PUT,2026-02-13,XYZ
XYZ260213P00075000,75.0,10.25,11.75,13.7,2.0,18.0,0.8051777294921875,True,PUT,2026-02-13,XYZ
XYZ260213P00076000,76.0,6.17,12.45,14.7,,1.0,0.8422867333984375,True,PUT,2026-02-13,XYZ
XYZ260213P00077000,77.0,12.32,13.7,15.55,1.0,1.0,0.8242205078124999,True,PUT,2026-02-13,XYZ
XYZ260213P00078000,78.0,11.72,14.15,16.7,2.0,8.0,0.9135750830078125,True,PUT,2026-02-13,XYZ
XYZ260213P00079000,79.0,8.83,15.15,17.7,,1.0,0.9477544287109375,True,PUT,2026-02-13,XYZ
XYZ260213P00080000,80.0,9.87,16.15,18.6,,1.0,0.9433599414062499,True,PUT,2026-02-13,XYZ
XYZ260220C00045000,45.0,25.53,16.5,18.55,,1.0,0.930664755859375,True,CALL,2026-02-20,XYZ
XYZ260220C00050000,50.0,16.6,11.7,13.7,6.0,7.0,0.7490259472656251,True,CALL,2026-02-20,XYZ
XYZ260220C00055000,55.0,7.98,7.55,8.6,3.0,6.0,0.5927775097656252,True,CALL,2026-02-20,XYZ
XYZ260220C00060000,60.0,4.2,3.95,4.3,37.0,103.0,0.5190477783203125,True,CALL,2026-02-20,XYZ
XYZ260220C00061000,61.0,3.9,3.4,3.65,85.0,8.0,0.5029346582031251,True,CALL,2026-02-20,XYZ
XYZ260220C00062000,62.0,3.05,2.94,3.1,57.0,386.0,0.4953663745117188,True,CALL,2026-02-20,XYZ
XYZ260220C00063000,63.0,2.65,2.45,2.62,213.0,121.0,0.4907277490234375,False,CALL,2026-02-20,XYZ
XYZ260220C00064000,64.0,2.22,2.02,2.18,2.0,155.0,0.4846242944335938,False,CALL,2026-02-20,XYZ
XYZ260220C00065000,65.0,1.73,1.68,1.76,263.0,1793.0,0.4731497998046875,False,CALL,2026-02-20,XYZ
XYZ260220C00066000,66.0,1.41,1.35,1.51,35.0,929.0,0.4826711889648438,False,CALL,2026-02-20,XYZ
XYZ260220C00067000,67.0,1.21,1.1,1.23,7.0,513.0,0.47949739257812496,False,CALL,2026-02-20,XYZ
XYZ260220C00067500,67.5,1.05,0.99,1.1,9.0,930.0,0.4770560107421875,False,CALL,2026-02-20,XYZ
XYZ260220C00068000,68.0,0.93,0.89,1.0,33.0,1818.0,0.47852083984375,False,CALL,2026-02-20,XYZ
XYZ260220C00069000,69.0,0.71,0.72,0.84,100.0,1275.0,0.4848684326171875,False,CALL,2026-02-20,XYZ
XYZ260220C00070000,70.0,0.64,0.61,0.64,317.0,3897.0,0.47510290527343746,False,CALL,2026-02-20,XYZ
XYZ260220C00071000,71.0,0.78,0.38,0.71,1.0,155.0,0.5283250292968751,False,CALL,2026-02-20,XYZ
XYZ260220C00072000,72.0,0.46,0.28,1.03,1.0,276.0,0.5483443603515626,False,CALL,2026-02-20,XYZ
XYZ260220C00073000,73.0,0.35,0.28,0.43,3.0,70.0,0.5136767382812499,False,CALL,2026-02-20,XYZ
XYZ260220C00074000,74.0,0.58,0.22,0.82,1.0,22.0,0.5732464550781251,False,CALL,2026-02-20,XYZ
XYZ260220C00075000,75.0,0.22,0.23,0.27,57.0,3787.0,0.5019581054687501,False,CALL,2026-02-20,XYZ
XYZ260220C00076000,76.0,0.31,0.11,0.59,2.0,52.0,0.5712933496093751,False,CALL,2026-02-20,XYZ
XYZ260220C00077000,77.0,0.4,0.05,0.7,1.0,26.0,0.6084023535156251,False,CALL,2026-02-20,XYZ
XYZ260220C00080000,80.0,0.11,0.1,0.13,39.0,2038.0,0.5419967675781252,False,CALL,2026-02-20,XYZ
XYZ260220P00045000,45.0,0.07,0.0,0.33,2.0,48.0,0.7382838671874999,False,PUT,2026-02-20,XYZ
XYZ260220P00050000,50.0,0.12,0.04,0.21,5.0,264.0,0.5029346582031251,False,PUT,2026-02-20,XYZ
XYZ260220P00053000,53.0,0.41,0.05,0.73,30.0,1.0,0.5117236328125,False,PUT,2026-02-20,XYZ
XYZ260220P00055000,55.0,0.42,0.42,0.8,123.0,808.0,0.5376022802734376,False,PUT,2026-02-20,XYZ
XYZ260220P00056000,56.0,0.73,0.69,0.8,126.0,3.0,0.485356708984375,False,PUT,2026-02-20,XYZ
XYZ260220P00057000,57.0,0.95,0.91,1.0,152.0,128.0,0.476567734375,False,PUT,2026-02-20,XYZ
XYZ260220P00058000,58.0,1.17,1.15,1.24,148.0,500.0,0.46851117431640626,False,PUT,2026-02-20,XYZ
XYZ260220P00059000,59.0,1.51,1.44,1.5,212.0,1398.0,0.45606012695312503,False,PUT,2026-02-20,XYZ
XYZ260220P00060000,60.0,1.79,1.77,1.84,90.0,2391.0,0.44922425781249997,False,PUT,2026-02-20,XYZ
XYZ260220P00061000,61.0,2.15,2.16,2.24,23.0,1231.0,0.44385321777343745,False,PUT,2026-02-20,XYZ
XYZ260220P00062000,62.0,2.72,2.64,2.74,108.0,734.0,0.445318046875,False,PUT,2026-02-20,XYZ
XYZ260220P00063000,63.0,3.16,3.1,3.25,32.0,1886.0,0.43921459228515625,True,PUT,2026-02-20,XYZ
XYZ260220P00064000,64.0,3.84,3.7,3.85,5.0,158.0,0.43848217773437503,True,PUT,2026-02-20,XYZ
XYZ260220P00065000,65.0,4.33,4.35,4.5,190.0,4068.0,0.43726148681640625,True,PUT,2026-02-20,XYZ
XYZ260220P00066000,66.0,5.12,4.9,5.45,44.0,902.0,0.4809622216796875,True,PUT,2026-02-20,XYZ
XYZ260220P00067000,67.0,4.4,5.7,6.1,1.0,300.0,0.4643608251953125,True,PUT,2026-02-20,XYZ
XYZ260220P00067500,67.5,4.65,5.65,6.75,1.0,139.0,0.5158739819335938,True,PUT,2026-02-20,XYZ
XYZ260220P00068000,68.0,5.15,6.0,7.2,7.0,36.0,0.5283250292968751,True,PUT,2026-02-20,XYZ
XYZ260220P00069000,69.0,5.75,7.05,8.25,1.0,36.0,0.5815471533203125,True,PUT,2026-02-20,XYZ
XYZ260220P00070000,70.0,8.07,7.8,8.75,14.0,1207.0,0.5141650146484374,True,PUT,2026-02-20,XYZ
XYZ260220P00074000,74.0,11.6,10.85,12.85,,1.0,0.6787141503906251,True,PUT,2026-02-20,XYZ
XYZ260220P00075000,75.0,10.07,11.8,13.85,1.0,160.0,0.711916943359375,True,PUT,2026-02-20,XYZ
XYZ260220P00080000,80.0,15.0,16.7,18.7,20.0,44.0,0.8183611914062499,True,PUT,2026-02-20,XYZ
XYZ260227C00045000,45.0,25.74,16.6,19.25,,1.0,0.96289099609375,True,CALL,2026-02-27,XYZ
XYZ260227C00050000,50.0,13.69,12.05,14.3,,3.0,0.7851583984375,True,CALL,2026-02-27,XYZ
XYZ260227C00060000,60.0,5.45,5.25,5.7,8.0,44.0,0.6274451318359376,True,CALL,2026-02-27,XYZ
XYZ260227C00061000,61.0,6.7,4.7,5.2,6.0,16.0,0.6269568554687501,True,CALL,2026-02-27,XYZ
XYZ260227C00062000,62.0,4.38,4.05,4.65,1.0,7.0,0.6103554589843752,True,CALL,2026-02-27,XYZ
XYZ260227C00063000,63.0,4.2,3.65,4.2,1.0,166.0,0.6137733935546876,False,CALL,2026-02-27,XYZ
XYZ260227C00064000,64.0,5.0,3.2,3.8,1.0,18.0,0.6120644262695314,False,CALL,2026-02-27,XYZ
XYZ260227C00065000,65.0,3.2,3.0,3.4,7.0,58.0,0.6235389208984375,False,CALL,2026-02-27,XYZ
XYZ260227C00066000,66.0,3.0,2.69,3.1,17.0,41.0,0.6296423754882813,False,CALL,2026-02-27,XYZ
XYZ260227C00067000,67.0,3.6,2.14,2.67,5.0,66.0,0.603763728027344,False,CALL,2026-02-27,XYZ
XYZ260227C00068000,68.0,2.08,1.84,2.31,1.0,50.0,0.596683720703125,False,CALL,2026-02-27,XYZ
XYZ260227C00069000,69.0,1.86,1.63,2.19,95.0,6.0,0.6108437353515627,False,CALL,2026-02-27,XYZ
XYZ260227C00070000,70.0,1.9,1.51,1.86,62.0,124.0,0.6120644262695314,False,CALL,2026-02-27,XYZ
XYZ260227C00071000,71.0,2.37,0.3,1.73,3.0,126.0,0.5258836474609375,False,CALL,2026-02-27,XYZ
XYZ260227C00072000,72.0,1.33,1.19,1.43,8.0,231.0,0.6152382226562501,False,CALL,2026-02-27,XYZ
XYZ260227C00073000,73.0,1.35,1.02,1.26,8.0,22.0,0.6145058081054688,False,CALL,2026-02-27,XYZ
XYZ260227C00074000,74.0,1.01,0.85,1.2,3.0,79.0,0.6213416772460938,False,CALL,2026-02-27,XYZ
XYZ260227C00075000,75.0,1.1,0.8,1.35,27.0,367.0,0.6611362011718751,False,CALL,2026-02-27,XYZ
XYZ260227C00076000,76.0,1.28,0.52,2.2,2.0,37.0,0.7490259472656251,False,CALL,2026-02-27,XYZ
XYZ260227C00077000,77.0,0.7,0.48,1.74,1.0,22.0,0.725588681640625,False,CALL,2026-02-27,XYZ
XYZ260227C00078000,78.0,0.62,0.45,0.84,21.0,195.0,0.6391637646484375,False,CALL,2026-02-27,XYZ
XYZ260227C00079000,79.0,0.55,0.3,0.64,1.0,29.0,0.6108437353515627,False,CALL,2026-02-27,XYZ
XYZ260227C00080000,80.0,0.49,0.42,0.56,12.0,92.0,0.64062859375,False,CALL,2026-02-27,XYZ
XYZ260227P00045000,45.0,0.77,0.0,0.75,2.0,4.0,0.7695335546875001,False,PUT,2026-02-27,XYZ
XYZ260227P00050000,50.0,0.7,0.48,0.71,3.0,172.0,0.63867548828125,False,PUT,2026-02-27,XYZ
XYZ260227P00052000,52.0,0.72,0.65,1.68,,4.0,0.6958038232421876,False,PUT,2026-02-27,XYZ
XYZ260227P00053000,53.0,1.05,0.0,1.9,2.0,4.0,0.5981485498046876,False,PUT,2026-02-27,XYZ
XYZ260227P00054000,54.0,1.0,0.0,1.49,1.0,41.0,0.5034229345703125,False,PUT,2026-02-27,XYZ
XYZ260227P00055000,55.0,1.57,1.21,1.89,99.0,249.0,0.62305064453125,False,PUT,2026-02-27,XYZ
XYZ260227P00056000,56.0,1.33,1.57,1.94,69.0,152.0,0.6069375244140626,False,PUT,2026-02-27,XYZ
XYZ260227P00057000,57.0,1.55,1.66,2.36,94.0,112.0,0.5949747534179688,False,PUT,2026-02-27,XYZ
XYZ260227P00058000,58.0,1.9,1.62,2.61,2.0,315.0,0.5546919531250001,False,PUT,2026-02-27,XYZ
XYZ260227P00059000,59.0,2.78,2.3,2.93,15.0,226.0,0.5720257641601563,False,PUT,2026-02-27,XYZ
XYZ260227P00060000,60.0,3.21,2.72,3.4,5.0,63.0,0.5742230078125,False,PUT,2026-02-27,XYZ
XYZ260227P00061000,61.0,3.72,3.4,3.8,1.0,17.0,0.5839885351562499,False,PUT,2026-02-27,XYZ
XYZ260227P00062000,62.0,4.07,3.9,4.3,4.0,29.0,0.5822795678710937,False,PUT,2026-02-27,XYZ
XYZ260227P00063000,63.0,4.29,3.95,4.85,4.0,15.0,0.5468795312500001,True,PUT,2026-02-27,XYZ
XYZ260227P00064000,64.0,4.96,4.75,5.5,2.0,8.0,0.5661664477539063,True,PUT,2026-02-27,XYZ
XYZ260227P00065000,65.0,5.82,5.45,6.0,3.0,20.0,0.5625043750000001,True,PUT,2026-02-27,XYZ
XYZ260227P00066000,66.0,4.78,5.8,6.7,3.0,14.0,0.5424850439453126,True,PUT,2026-02-27,XYZ
XYZ260227P00067000,67.0,4.63,6.8,7.35,15.0,23.0,0.561527822265625,True,PUT,2026-02-27,XYZ
XYZ260227P00068000,68.0,5.15,7.05,8.05,26.0,299.0,0.5210008837890624,True,PUT,2026-02-27,XYZ
XYZ260227P00069000,69.0,5.75,8.2,8.75,10.0,13.0,0.5476119458007813,True,PUT,2026-02-27,XYZ
XYZ260227P00070000,70.0,7.62,8.55,9.7,2.0,319.0,0.5224657128906249,True,PUT,2026-02-27,XYZ
XYZ260227P00071000,71.0,8.54,8.85,10.7,1.0,2.0,0.6594272338867189,True,PUT,2026-02-27,XYZ
XYZ260227P00072000,72.0,6.84,9.65,11.7,1.0,2.0,0.6945831323242189,True,PUT,2026-02-27,XYZ
XYZ260227P00073000,73.0,9.65,10.5,12.6,,4.0,0.7106962524414062,True,PUT,2026-02-27,XYZ
XYZ260227P00074000,74.0,11.0,11.35,13.3,2.0,226.0,0.6870148486328126,True,PUT,2026-02-27,XYZ
XYZ260227P00075000,75.0,12.65,12.25,14.1,15.0,16.0,0.6772493212890626,True,PUT,2026-02-27,XYZ
XYZ260227P00077000,77.0,11.43,14.05,16.2,1.0,2.0,0.7553735400390625,True,PUT,2026-02-27,XYZ
XYZ260227P00078000,78.0,12.25,14.8,17.1,1.0,1.0,0.7617211328125001,True,PUT,2026-02-27,XYZ
XYZ260306C00069000,69.0,3.15,1.99,2.41,,1.0,0.5918009570312501,False,CALL,2026-03-06,XYZ
XYZ260306C00070000,70.0,2.8,1.74,2.23,1.0,8.0,0.59570716796875,False,CALL,2026-03-06,XYZ
XYZ260306C00074000,74.0,1.74,0.86,1.38,1.0,3.0,0.577152666015625,False,CALL,2026-03-06,XYZ
XYZ260306C00075000,75.0,1.15,0.65,1.26,1.0,18.0,0.5720257641601563,False,CALL,2026-03-06,XYZ
XYZ260306C00076000,76.0,1.83,0.49,1.6,2.0,4.0,0.6152382226562501,False,CALL,2026-03-06,XYZ
XYZ260306C00077000,77.0,1.19,0.54,1.26,16.0,16.0,0.6103554589843752,False,CALL,2026-03-06,XYZ
XYZ260306C00080000,80.0,0.57,0.43,1.07,1.0,64.0,0.6450230810546875,False,CALL,2026-03-06,XYZ
XYZ260306P00050000,50.0,0.54,0.46,1.11,1.0,27.0,0.6259803027343751,False,PUT,2026-03-06,XYZ
XYZ260306P00055000,55.0,1.24,1.43,2.03,5.0,14.0,0.5910685424804689,False,PUT,2026-03-06,XYZ
XYZ260306P00056000,56.0,1.5,1.65,2.18,3.0,12.0,0.5717816259765626,False,PUT,2026-03-06,XYZ
XYZ260306P00060000,60.0,2.49,2.94,3.65,1.0,4.0,0.5478560839843751,False,PUT,2026-03-06,XYZ
XYZ260306P00065000,65.0,4.76,5.55,6.45,1.0,1.0,0.5419967675781252,True,PUT,2026-03-06,XYZ
XYZ260306P00066000,66.0,4.1,6.25,6.95,2.0,2.0,0.5349167602539062,True,PUT,2026-03-06,XYZ
XYZ260320C00045000,45.0,20.55,17.55,18.35,5.0,648.0,0.7446314599609375,True,CALL,2026-03-20,XYZ
XYZ260320C00050000,50.0,17.35,13.1,13.95,6.0,998.0,0.6665072412109377,True,CALL,2026-03-20,XYZ
XYZ260320C00055000,55.0,9.33,9.25,9.95,34.0,2160.0,0.6152382226562501,True,CALL,2026-03-20,XYZ
XYZ260320C00060000,60.0,6.5,6.0,6.7,10.0,7931.0,0.5793499096679688,True,CALL,2026-03-20,XYZ
XYZ260320C00065000,65.0,3.95,3.9,4.15,48.0,4833.0,0.5681195532226562,False,CALL,2026-03-20,XYZ
XYZ260320C00070000,70.0,2.38,2.3,2.45,102.0,11568.0,0.5554243676757813,False,CALL,2026-03-20,XYZ
XYZ260320C00075000,75.0,1.36,1.3,1.42,15.0,2565.0,0.551762294921875,False,CALL,2026-03-20,XYZ
XYZ260320C00080000,80.0,0.76,0.77,0.84,75.0,14876.0,0.56055126953125,False,CALL,2026-03-20,XYZ
XYZ260320P00045000,45.0,0.39,0.25,0.47,1.0,6261.0,0.5844768115234374,False,PUT,2026-03-20,XYZ
XYZ260320P00050000,50.0,0.95,0.95,1.01,18.0,2184.0,0.5739788696289063,False,PUT,2026-03-20,XYZ
XYZ260320P00055000,55.0,2.06,2.05,2.14,394.0,11954.0,0.5542036767578126,False,PUT,2026-03-20,XYZ
XYZ260320P00060000,60.0,3.7,3.85,4.0,870.0,7076.0,0.5373581420898439,False,PUT,2026-03-20,XYZ
XYZ260320P00065000,65.0,6.3,6.45,6.65,277.0,3211.0,0.5219774365234374,True,PUT,2026-03-20,XYZ
XYZ260320P00070000,70.0,9.8,9.5,10.05,61.0,1858.0,0.5219774365234374,True,PUT,2026-03-20,XYZ
XYZ260320P00075000,75.0,13.67,13.4,14.35,1.0,1219.0,0.5578657495117189,True,PUT,2026-03-20,XYZ
XYZ260320P00080000,80.0,14.2,17.85,18.75,1.0,2121.0,0.5600629931640625,True,PUT,2026-03-20,XYZ
XYZ260417C00045000,45.0,22.64,17.65,20.05,50.0,26.0,0.7553735400390625,True,CALL,2026-04-17,XYZ
XYZ260417C00050000,50.0,17.5,13.45,15.35,1.0,47.0,0.6518589501953126,True,CALL,2026-04-17,XYZ
XYZ260417C00055000,55.0,10.75,10.0,10.6,1.0,151.0,0.5676312768554688,True,CALL,2026-04-17,XYZ
XYZ260417C00060000,60.0,7.2,6.9,7.25,5.0,417.0,0.5305222729492188,True,CALL,2026-04-17,XYZ
XYZ260417C00065000,65.0,4.8,4.75,4.9,7.0,408.0,0.5262498547363281,False,CALL,2026-04-17,XYZ
XYZ260417C00070000,70.0,3.1,3.1,3.1,59.0,1236.0,0.5152636364746093,False,CALL,2026-04-17,XYZ
XYZ260417C00075000,75.0,1.96,1.92,2.04,42.0,489.0,0.5141650146484374,False,CALL,2026-04-17,XYZ
XYZ260417C00080000,80.0,1.27,1.08,1.31,57.0,930.0,0.5080615600585938,False,CALL,2026-04-17,XYZ
XYZ260417P00045000,45.0,0.53,0.52,0.77,21.0,240.0,0.543949873046875,False,PUT,2026-04-17,XYZ
XYZ260417P00050000,50.0,1.24,1.12,1.54,6.0,734.0,0.5148974291992188,False,PUT,2026-04-17,XYZ
XYZ260417P00055000,55.0,2.55,2.37,2.85,8.0,1260.0,0.5009815527343751,False,PUT,2026-04-17,XYZ
XYZ260417P00060000,60.0,4.55,4.5,4.65,524.0,851.0,0.49707534179687507,False,PUT,2026-04-17,XYZ
XYZ260417P00065000,65.0,7.2,6.95,7.4,18.0,1536.0,0.4936574072265626,True,PUT,2026-04-17,XYZ
XYZ260417P00070000,70.0,10.5,10.05,10.75,10.0,305.0,0.48718774536132814,True,PUT,2026-04-17,XYZ
XYZ260417P00075000,75.0,11.31,14.0,14.6,2.0,271.0,0.477544287109375,True,PUT,2026-04-17,XYZ
XYZ260417P00080000,80.0,12.17,17.3,19.2,16.0,134.0,0.51562984375,True,PUT,2026-04-17,XYZ
XYZ260515C00045000,45.0,19.65,18.2,20.2,3.0,4.0,0.6950714086914063,True,CALL,2026-05-15,XYZ
XYZ260515C00050000,50.0,18.8,14.3,15.4,10.0,115.0,0.6079140771484376,True,CALL,2026-05-15,XYZ
XYZ260515C00055000,55.0,15.14,11.25,11.9,20.0,96.0,0.5990030334472658,True,CALL,2026-05-15,XYZ
XYZ260515C00060000,60.0,10.52,8.35,8.95,1.0,534.0,0.5773968041992188,True,CALL,2026-05-15,XYZ
XYZ260515C00065000,65.0,6.15,6.05,6.35,24.0,674.0,0.554814022216797,False,CALL,2026-05-15,XYZ
XYZ260515C00070000,70.0,4.4,4.3,4.5,65.0,801.0,0.5449264257812501,False,CALL,2026-05-15,XYZ
XYZ260515C00075000,75.0,3.1,3.05,3.2,11.0,1675.0,0.5429733203125001,False,CALL,2026-05-15,XYZ
XYZ260515C00080000,80.0,2.19,2.15,2.38,7.0,1500.0,0.5485884985351563,False,CALL,2026-05-15,XYZ
XYZ260515P00045000,45.0,1.22,1.08,1.26,15.0,639.0,0.5583540258789064,False,PUT,2026-05-15,XYZ
XYZ260515P00050000,50.0,2.28,1.77,2.34,25.0,625.0,0.5278367529296876,False,PUT,2026-05-15,XYZ
XYZ260515P00055000,55.0,3.65,3.6,3.8,45.0,824.0,0.5275926147460939,False,PUT,2026-05-15,XYZ
XYZ260515P00060000,60.0,5.75,5.65,5.85,38.0,2177.0,0.5119677709960937,False,PUT,2026-05-15,XYZ
XYZ260515P00065000,65.0,8.35,8.25,8.5,22.0,1444.0,0.5064746618652343,True,PUT,2026-05-15,XYZ
XYZ260515P00070000,70.0,9.12,11.2,11.85,145.0,374.0,0.5062305236816407,True,PUT,2026-05-15,XYZ
XYZ260515P00075000,75.0,15.38,14.8,15.6,1.0,225.0,0.5024463818359376,True,PUT,2026-05-15,XYZ
XYZ260515P00080000,80.0,17.36,19.0,19.65,8.0,175.0,0.49255878540039066,True,PUT,2026-05-15,XYZ
XYZ260618C00045000,45.0,19.84,19.0,20.45,1.0,88.0,0.6623568920898439,True,CALL,2026-06-18,XYZ
XYZ260618C00050000,50.0,21.8,15.15,17.1,15.0,338.0,0.641605146484375,True,CALL,2026-06-18,XYZ
XYZ260618C00055000,55.0,13.99,12.0,12.85,4.0,2632.0,0.5850871569824219,True,CALL,2026-06-18,XYZ
XYZ260618C00060000,60.0,11.08,9.0,9.75,3.0,1048.0,0.5518843640136719,True,CALL,2026-06-18,XYZ
XYZ260618C00065000,65.0,7.25,6.9,7.25,38.0,1296.0,0.5401657312011721,False,CALL,2026-06-18,XYZ
XYZ260618C00070000,70.0,5.4,5.1,5.4,13.0,939.0,0.5313767565917968,False,CALL,2026-06-18,XYZ
XYZ260618C00075000,75.0,3.95,3.65,4.0,2.0,1570.0,0.523442265625,False,CALL,2026-06-18,XYZ
XYZ260618C00080000,80.0,3.1,2.66,3.25,1.0,4796.0,0.5334519311523438,False,CALL,2026-06-18,XYZ
XYZ260618P00045000,45.0,1.58,1.51,1.65,1.0,1498.0,0.5390671093750001,False,PUT,2026-06-18,XYZ
XYZ260618P00050000,50.0,2.56,2.33,2.82,3.0,1470.0,0.5090381127929688,False,PUT,2026-06-18,XYZ
XYZ260618P00055000,55.0,3.95,4.05,4.5,1.0,4200.0,0.5031787963867188,False,PUT,2026-06-18,XYZ
XYZ260618P00060000,60.0,6.4,6.15,6.6,18.0,1891.0,0.5031787963867188,False,PUT,2026-06-18,XYZ
XYZ260618P00065000,65.0,9.03,8.75,9.35,72.0,1513.0,0.49646499633789065,True,PUT,2026-06-18,XYZ
XYZ260618P00070000,70.0,10.7,11.6,12.45,3.0,1276.0,0.4815725671386719,True,PUT,2026-06-18,XYZ
XYZ260618P00075000,75.0,13.72,15.25,16.05,2.0,3699.0,0.4713187634277344,True,PUT,2026-06-18,XYZ
XYZ260618P00080000,80.0,19.8,19.3,20.15,1.0,1962.0,0.4727835925292969,True,PUT,2026-06-18,XYZ
XYZ260918C00045000,45.0,22.57,20.35,22.3,5.0,65.0,0.6398961791992188,True,CALL,2026-09-18,XYZ
XYZ260918C00050000,50.0,19.21,17.0,18.8,4.0,68.0,0.6145058081054688,True,CALL,2026-09-18,XYZ
XYZ260918C00055000,55.0,16.65,14.05,14.9,1.0,144.0,0.5726361096191408,True,CALL,2026-09-18,XYZ
XYZ260918C00060000,60.0,13.22,11.25,12.25,4.0,743.0,0.5542036767578126,True,CALL,2026-09-18,XYZ
XYZ260918C00062500,62.5,11.3,10.1,11.05,,12.0,0.5482833258056643,False,CALL,2026-09-18,XYZ
XYZ260918C00065000,65.0,11.78,9.0,9.75,1.0,1184.0,0.5367477966308594,False,CALL,2026-09-18,XYZ
XYZ260918C00067500,67.5,10.05,8.05,8.8,15.0,36.0,0.5338181384277343,False,CALL,2026-09-18,XYZ
XYZ260918C00070000,70.0,7.7,7.3,7.75,5.0,273.0,0.529423651123047,False,CALL,2026-09-18,XYZ
XYZ260918C00072500,72.5,7.9,6.45,7.4,1.0,26.0,0.5365036584472658,False,CALL,2026-09-18,XYZ
XYZ260918C00075000,75.0,6.0,5.85,6.3,2.0,904.0,0.5272264074707032,False,CALL,2026-09-18,XYZ
XYZ260918C00080000,80.0,5.04,4.65,5.45,17.0,1253.0,0.534184345703125,False,CALL,2026-09-18,XYZ
XYZ260918P00045000,45.0,2.15,2.26,2.91,45.0,935.0,0.5080615600585938,False,PUT,2026-09-18,XYZ
XYZ260918P00047500,47.5,3.15,2.88,3.5,,1.0,0.5199022619628906,False,PUT,2026-09-18,XYZ
XYZ260918P00050000,50.0,4.01,3.85,4.25,353.0,1016.0,0.510869149169922,False,PUT,2026-09-18,XYZ
XYZ260918P00055000,55.0,5.13,5.35,6.1,6.0,2764.0,0.49707534179687507,False,PUT,2026-09-18,XYZ
XYZ260918P00060000,60.0,7.36,7.8,8.4,1.0,716.0,0.48590601989746096,False,PUT,2026-09-18,XYZ
XYZ260918P00065000,65.0,10.57,10.35,11.15,8.0,1276.0,0.47736118347167966,True,PUT,2026-09-18,XYZ
XYZ260918P00067500,67.5,10.2,11.55,12.65,1.0,17.0,0.4721732470703125,True,PUT,2026-09-18,XYZ
XYZ260918P00070000,70.0,12.8,13.15,14.25,2.0,1496.0,0.4674125524902344,True,PUT,2026-09-18,XYZ
XYZ260918P00072500,72.5,13.05,14.85,15.95,2.0,2.0,0.4633842724609375,True,PUT,2026-09-18,XYZ
XYZ260918P00075000,75.0,16.75,16.75,17.7,10.0,337.0,0.4576470251464845,True,PUT,2026-09-18,XYZ
XYZ260918P00080000,80.0,20.09,20.5,21.55,5.0,264.0,0.45337460693359377,True,PUT,2026-09-18,XYZ
XYZ261120C00050000,50.0,22.42,17.95,19.25,40.0,25.0,0.5847209497070311,True,CALL,2026-11-20,XYZ
XYZ261120C00055000,55.0,19.02,15.4,16.35,2.0,166.0,0.5788616333007812,True,CALL,2026-11-20,XYZ
XYZ261120C00065000,65.0,13.33,10.55,11.7,5.0,127.0,0.5554243676757813,False,CALL,2026-11-20,XYZ
XYZ261120C00070000,70.0,10.9,8.65,9.45,1.0,76.0,0.538212625732422,False,CALL,2026-11-20,XYZ
XYZ261120C00075000,75.0,8.77,7.15,8.3,1.0,31.0,0.5431564239501954,False,CALL,2026-11-20,XYZ
XYZ261120C00080000,80.0,6.4,6.0,6.75,17.0,73.0,0.5367477966308594,False,CALL,2026-11-20,XYZ
XYZ261120P00045000,45.0,3.04,2.94,3.6,12.0,25.0,0.5224657128906249,False,PUT,2026-11-20,XYZ
XYZ261120P00050000,50.0,4.48,4.45,5.2,6.0,10.0,0.5083056982421875,False,PUT,2026-11-20,XYZ
XYZ261120P00055000,55.0,5.9,6.25,7.15,7.0,8.0,0.4942677526855469,False,PUT,2026-11-20,XYZ
XYZ261120P00060000,60.0,7.95,8.5,9.7,8.0,18.0,0.4919484399414063,False,PUT,2026-11-20,XYZ
XYZ261120P00065000,65.0,11.17,11.15,12.3,5.0,20.0,0.4753470434570312,True,PUT,2026-11-20,XYZ
XYZ261120P00070000,70.0,13.15,14.2,15.35,,13.0,0.4643608251953125,True,PUT,2026-11-20,XYZ
XYZ261120P00075000,75.0,18.01,17.6,19.05,,1.0,0.46924358886718753,True,PUT,2026-11-20,XYZ
XYZ261120P00080000,80.0,19.2,21.35,22.7,2.0,4.0,0.45972219970703126,True,PUT,2026-11-20,XYZ
XYZ261218C00045000,45.0,27.65,20.9,24.45,2.0,28.0,0.6263465100097658,True,CALL,2026-12-18,XYZ
XYZ261218C00047500,47.5,28.4,19.25,23.0,11.0,276.0,0.6207313317871095,True,CALL,2026-12-18,XYZ
XYZ261218C00050000,50.0,20.35,18.5,21.5,1.0,139.0,0.6337927246093751,True,CALL,2026-12-18,XYZ
XYZ261218C00052500,52.5,21.12,16.35,20.0,50.0,71.0,0.6057778680419923,True,CALL,2026-12-18,XYZ
XYZ261218C00055000,55.0,19.45,15.85,16.9,6.0,106.0,0.5775188732910157,True,CALL,2026-12-18,XYZ
XYZ261218C00057500,57.5,17.9,14.05,15.6,1.0,30.0,0.5592085095214845,True,CALL,2026-12-18,XYZ
XYZ261218C00060000,60.0,16.55,13.2,14.55,83.0,1209.0,0.5656781713867188,True,CALL,2026-12-18,XYZ
XYZ261218C00062500,62.5,14.65,12.1,13.2,1.0,282.0,0.5561567822265626,False,CALL,2026-12-18,XYZ
XYZ261218C00065000,65.0,11.35,11.15,11.8,21.0,656.0,0.5460860821533204,False,CALL,2026-12-18,XYZ
XYZ261218C00067500,67.5,13.41,10.1,11.2,8.0,715.0,0.5482833258056643,False,CALL,2026-12-18,XYZ
XYZ261218C00070000,70.0,11.6,9.2,10.55,29.0,752.0,0.5498091894531252,False,CALL,2026-12-18,XYZ
XYZ261218C00072500,72.5,9.95,8.4,9.55,17.0,602.0,0.5433395275878907,False,CALL,2026-12-18,XYZ
XYZ261218C00075000,75.0,9.4,7.7,8.95,17.0,1542.0,0.545048494873047,False,CALL,2026-12-18,XYZ
XYZ261218C00077500,77.5,8.2,7.0,8.1,2.0,521.0,0.5391281439208986,False,CALL,2026-12-18,XYZ
XYZ261218C00080000,80.0,6.67,6.5,6.75,22.0,434.0,0.5241746801757812,False,CALL,2026-12-18,XYZ
XYZ261218P00045000,45.0,3.2,3.15,3.95,6.0,689.0,0.5220995056152342,False,PUT,2026-12-18,XYZ
XYZ261218P00047500,47.5,3.8,3.9,4.75,49.0,121.0,0.5158739819335938,False,PUT,2026-12-18,XYZ
XYZ261218P00050000,50.0,5.07,4.9,5.55,1.0,350.0,0.5050098327636718,False,PUT,2026-12-18,XYZ
XYZ261218P00052500,52.5,5.65,5.6,6.9,2.0,397.0,0.5184374328613282,False,PUT,2026-12-18,XYZ
XYZ261218P00055000,55.0,7.22,6.85,7.8,5.0,722.0,0.5039112109375,False,PUT,2026-12-18,XYZ
XYZ261218P00057500,57.5,6.95,7.65,8.9,20.0,254.0,0.49561051269531253,False,PUT,2026-12-18,XYZ
XYZ261218P00060000,60.0,9.25,8.6,10.1,1.0,2745.0,0.48816429809570316,False,PUT,2026-12-18,XYZ
XYZ261218P00062500,62.5,9.31,10.05,11.05,1.0,141.0,0.4662528961181641,True,PUT,2026-12-18,XYZ
XYZ261218P00065000,65.0,10.57,11.3,12.6,1.0,355.0,0.4672904833984375,True,PUT,2026-12-18,XYZ
XYZ261218P00067500,67.5,12.69,12.95,14.15,1.0,51.0,0.4647270324707031,True,PUT,2026-12-18,XYZ
XYZ261218P00070000,70.0,15.5,14.95,15.7,5.0,693.0,0.4588677160644532,True,PUT,2026-12-18,XYZ
XYZ261218P00072500,72.5,14.6,16.15,17.45,1.0,392.0,0.4585015087890626,True,PUT,2026-12-18,XYZ
XYZ261218P00075000,75.0,16.15,17.65,19.15,2.0,484.0,0.45288633056640626,True,PUT,2026-12-18,XYZ
XYZ261218P00077500,77.5,19.2,19.7,21.15,1.0,210.0,0.4577690942382813,True,PUT,2026-12-18,XYZ
XYZ261218P00080000,80.0,18.9,21.25,23.15,4.0,260.0,0.4602104760742188,True,PUT,2026-12-18,XYZ
XYZ270115C00045000,45.0,26.75,21.45,25.0,4.0,307.0,0.632938240966797,True,CALL,2027-01-15,XYZ
XYZ270115C00047500,47.5,24.9,19.5,23.5,22.0,252.0,0.6159706372070313,True,CALL,2027-01-15,XYZ
XYZ270115C00050000,50.0,21.84,18.8,21.9,2.0,620.0,0.6259803027343751,True,CALL,2027-01-15,XYZ
XYZ270115C00055000,55.0,18.43,16.3,17.5,5.0,467.0,0.5784954260253907,True,CALL,2027-01-15,XYZ
XYZ270115C00057500,57.5,18.55,14.85,17.5,329.0,616.0,0.5970499279785157,True,CALL,2027-01-15,XYZ
XYZ270115C00060000,60.0,14.19,13.8,14.95,7.0,1426.0,0.5644574804687501,True,CALL,2027-01-15,XYZ
XYZ270115C00062500,62.5,15.9,12.6,13.8,210.0,284.0,0.5570112658691408,False,CALL,2027-01-15,XYZ
XYZ270115C00065000,65.0,13.1,11.6,12.9,38.0,578.0,0.5562788513183594,False,CALL,2027-01-15,XYZ
XYZ270115C00067500,67.5,12.2,10.6,11.7,56.0,703.0,0.5466964276123047,False,CALL,2027-01-15,XYZ
XYZ270115C00070000,70.0,10.2,9.75,10.55,2.0,1445.0,0.5387619366455079,False,CALL,2027-01-15,XYZ
XYZ270115C00072500,72.5,11.55,8.9,10.0,56.0,361.0,0.5407760766601564,False,CALL,2027-01-15,XYZ
XYZ270115C00075000,75.0,8.6,8.2,9.5,5.0,929.0,0.5446822875976562,False,CALL,2027-01-15,XYZ
XYZ270115C00077500,77.5,9.08,7.45,8.6,3.0,472.0,0.5370529693603516,False,CALL,2027-01-15,XYZ
XYZ270115C00080000,80.0,8.35,6.9,8.05,4.0,1894.0,0.5388840057373048,False,CALL,2027-01-15,XYZ
XYZ270115P00045000,45.0,3.2,3.35,4.1,10.0,182.0,0.5101367346191408,False,PUT,2027-01-15,XYZ
XYZ270115P00047500,47.5,4.36,4.15,5.45,1.0,423.0,0.5340622766113281,False,PUT,2027-01-15,XYZ
XYZ270115P00050000,50.0,5.0,4.7,5.8,1.0,2442.0,0.4975636181640626,False,PUT,2027-01-15,XYZ
XYZ270115P00055000,55.0,6.85,7.0,8.3,3.0,1722.0,0.5067188000488281,False,PUT,2027-01-15,XYZ
XYZ270115P00057500,57.5,7.85,7.9,9.5,2.0,1237.0,0.5022022436523439,False,PUT,2027-01-15,XYZ
XYZ270115P00060000,60.0,9.1,9.1,10.1,1.0,3135.0,0.46832807067871096,False,PUT,2027-01-15,XYZ
XYZ270115P00062500,62.5,11.05,10.95,12.3,530.0,557.0,0.500005,True,PUT,2027-01-15,XYZ
XYZ270115P00065000,65.0,11.45,11.55,13.15,1.0,704.0,0.471135659790039,True,PUT,2027-01-15,XYZ
XYZ270115P00067500,67.5,12.9,13.2,14.6,1.0,1353.0,0.464421859741211,True,PUT,2027-01-15,XYZ
XYZ270115P00070000,70.0,14.35,14.55,16.0,1.0,1175.0,0.45264219238281256,True,PUT,2027-01-15,XYZ
XYZ270115P00072500,72.5,15.85,16.4,17.75,1.0,490.0,0.4523370196533204,True,PUT,2027-01-15,XYZ
XYZ270115P00075000,75.0,16.48,17.85,19.65,7.0,1859.0,0.4555718505859375,True,PUT,2027-01-15,XYZ
XYZ270115P00077500,77.5,18.1,19.9,21.25,25.0,83.0,0.44348701049804684,True,PUT,2027-01-15,XYZ
XYZ270115P00080000,80.0,19.55,21.4,23.1,2.0,768.0,0.43933666137695315,True,PUT,2027-01-15,XYZ
XYZ280121C00045000,45.0,28.6,26.7,28.6,1.0,432.0,0.6175575354003908,True,CALL,2028-01-21,XYZ
XYZ280121C00050000,50.0,28.12,23.35,27.0,3.0,124.0,0.6093789062500001,True,CALL,2028-01-21,XYZ
XYZ280121C00055000,55.0,24.88,21.0,24.5,1.0,153.0,0.5963175134277343,True,CALL,2028-01-21,XYZ
XYZ280121C00060000,60.0,20.9,19.0,22.3,1.0,284.0,0.5885661260986328,True,CALL,2028-01-21,XYZ
XYZ280121C00065000,65.0,17.92,17.7,20.5,22.0,345.0,0.5926554406738282,False,CALL,2028-01-21,XYZ
XYZ280121C00070000,70.0,16.3,16.05,17.65,10.0,126.0,0.5706830041503907,False,CALL,2028-01-21,XYZ
XYZ280121C00075000,75.0,15.27,14.05,16.6,1.0,395.0,0.5664716204833984,False,CALL,2028-01-21,XYZ
XYZ280121C00080000,80.0,16.05,12.6,13.8,4.0,150.0,0.5412033184814455,False,CALL,2028-01-21,XYZ
XYZ280121P00045000,45.0,6.18,6.0,7.95,4.0,119.0,0.5129443237304687,False,PUT,2028-01-21,XYZ
XYZ280121P00050000,50.0,8.18,7.55,9.9,3.0,85.0,0.4940236145019532,False,PUT,2028-01-21,XYZ
XYZ280121P00055000,55.0,10.6,10.5,12.0,410.0,836.0,0.47400428344726564,False,PUT,2028-01-21,XYZ
XYZ280121P00060000,60.0,12.61,12.75,15.5,6.0,523.0,0.49158223266601564,False,PUT,2028-01-21,XYZ
XYZ280121P00065000,65.0,15.37,14.95,18.35,3.0,268.0,0.4813284289550781,True,PUT,2028-01-21,XYZ
XYZ280121P00070000,70.0,18.0,17.9,21.4,4.0,230.0,0.4714713497924804,True,PUT,2028-01-21,XYZ
XYZ280121P00075000,75.0,21.07,21.05,24.5,2.0,183.0,0.45795219787597663,True,PUT,2028-01-21,XYZ
XYZ280121P00080000,80.0,26.1,24.4,27.25,3.0,130.0,0.4295100994873047,True,PUT,2028-01-21,XYZ
YMM260220C00010000,10.0,0.57,0.15,0.9,5.0,56.0,0.8203142968749999,True,CALL,2026-02-20,YMM
YMM260220C00012500,12.5,0.2,0.0,0.35,1.0,19.0,0.8007832421875,False,CALL,2026-02-20,YMM
YMM260220P00007500,7.5,0.33,0.0,0.75,,15.0,1.4765651171875,False,PUT,2026-02-20,YMM
YMM260220P00010000,10.0,0.3,0.1,0.85,1.0,676.0,0.5410202148437502,False,PUT,2026-02-20,YMM
YMM260220P00012500,12.5,1.8,2.0,2.9,,4.0,0.6640658593750002,True,PUT,2026-02-20,YMM
YMM260320C00007500,7.5,4.1,2.1,3.2,20.0,150.0,1.1777384863281248,True,CALL,2026-03-20,YMM
YMM260320C00010000,10.0,0.74,0.45,1.3,2.0,1444.0,0.53320779296875,True,CALL,2026-03-20,YMM
YMM260320C00012500,12.5,0.25,0.1,0.4,14.0,4244.0,0.6103554589843752,False,CALL,2026-03-20,YMM
YMM260320P00007500,7.5,0.05,0.0,0.75,2.0,0.0,0.992187578125,False,PUT,2026-03-20,YMM
YMM260320P00010000,10.0,0.81,0.6,0.95,10.0,801.0,0.5644574804687501,False,PUT,2026-03-20,YMM
YMM260320P00012500,12.5,2.5,2.1,3.2,10.0,959.0,0.65039412109375,True,PUT,2026-03-20,YMM
YMM260618C00007500,7.5,2.93,2.4,3.2,25.0,130.0,0.70898728515625,True,CALL,2026-06-18,YMM
YMM260618C00010000,10.0,1.3,0.85,1.9,148.0,179.0,0.523442265625,True,CALL,2026-06-18,YMM
YMM260618C00012500,12.5,0.65,0.2,0.9,10.0,15553.0,0.5127001855468749,False,CALL,2026-06-18,YMM
YMM260618P00007500,7.5,0.25,0.15,0.5,,91.0,0.5634809277343751,False,PUT,2026-06-18,YMM
YMM260618P00010000,10.0,1.2,1.0,1.45,10.0,2320.0,0.5214891601562499,False,PUT,2026-06-18,YMM
YMM260618P00012500,12.5,2.88,2.3,3.4,1.0,1776.0,0.7236355761718749,True,PUT,2026-06-18,YMM
YMM260918C00010000,10.0,1.5,1.2,1.95,1.0,2.0,0.5898478515625001,True,CALL,2026-09-18,YMM
YMM260918C00012500,12.5,0.85,0.65,1.0,1.0,7.0,0.5483443603515626,False,CALL,2026-09-18,YMM
YMM260918P00010000,10.0,1.5,1.25,1.55,30.0,9016.0,0.508793974609375,False,PUT,2026-09-18,YMM
BIDU260130C00110000,110.0,51.0,44.75,48.7,1.0,11.0,3.8574222314453124,True,CALL,2026-01-30,BIDU
BIDU260130C00111000,111.0,45.3,43.75,47.7,2.0,1.0,3.7812505468750004,True,CALL,2026-01-30,BIDU
BIDU260130C00112000,112.0,45.02,42.75,46.7,1.0,1.0,3.7060554223632813,True,CALL,2026-01-30,BIDU
BIDU260130C00114000,114.0,46.6,40.7,44.7,1.0,11.0,3.555665173339843,True,CALL,2026-01-30,BIDU
BIDU260130C00115000,115.0,40.37,39.75,43.7,1.0,1.0,3.481446608886719,True,CALL,2026-01-30,BIDU
BIDU260130C00116000,116.0,40.26,38.75,42.7,2.0,54.0,3.4072280444335936,True,CALL,2026-01-30,BIDU
BIDU260130C00118000,118.0,30.19,36.75,40.7,,2.0,3.2607440356445307,True,CALL,2026-01-30,BIDU
BIDU260130C00120000,120.0,38.14,34.75,38.7,1.0,25.0,3.1152365869140626,True,CALL,2026-01-30,BIDU
BIDU260130C00122000,122.0,36.19,32.7,35.75,1.0,3.0,2.46094134765625,True,CALL,2026-01-30,BIDU
BIDU260130C00123000,123.0,33.36,31.7,35.25,4.0,4.0,2.680667360839844,True,CALL,2026-01-30,BIDU
BIDU260130C00124000,124.0,32.38,30.75,33.7,4.0,21.0,2.3046917382812495,True,CALL,2026-01-30,BIDU
BIDU260130C00125000,125.0,36.21,29.75,32.25,3.0,40.0,1.9218753906250001,True,CALL,2026-01-30,BIDU
BIDU260130C00126000,126.0,36.29,28.75,32.05,2.0,27.0,2.377933742675781,True,CALL,2026-01-30,BIDU
BIDU260130C00127000,127.0,33.13,27.75,30.8,4.0,6.0,2.178715490722656,True,CALL,2026-01-30,BIDU
BIDU260130C00128000,128.0,14.25,26.75,29.45,1.0,1.0,1.9042973535156251,True,CALL,2026-01-30,BIDU
BIDU260130C00129000,129.0,18.9,25.75,29.1,1.0,29.0,2.2080122924804684,True,CALL,2026-01-30,BIDU
BIDU260130C00130000,130.0,27.26,24.75,27.9,1.0,96.0,2.0449267626953125,True,CALL,2026-01-30,BIDU
BIDU260130C00131000,131.0,23.09,23.75,26.6,1.0,5.0,1.8212899560546876,True,CALL,2026-01-30,BIDU
BIDU260130C00132000,132.0,24.77,22.8,25.65,1.0,9.0,1.7900401123046876,True,CALL,2026-01-30,BIDU
BIDU260130C00133000,133.0,26.08,21.8,24.25,15.0,45.0,1.486330693359375,True,CALL,2026-01-30,BIDU
BIDU260130C00134000,134.0,24.52,20.75,23.6,16.0,49.0,1.64453302734375,True,CALL,2026-01-30,BIDU
BIDU260130C00135000,135.0,23.4,19.75,22.5,2.0,319.0,1.5312523437499999,True,CALL,2026-01-30,BIDU
BIDU260130C00136000,136.0,19.72,18.8,21.6,51.0,172.0,1.5263695556640622,True,CALL,2026-01-30,BIDU
BIDU260130C00137000,137.0,23.14,17.75,20.55,30.0,57.0,1.4423856005859377,True,CALL,2026-01-30,BIDU
BIDU260130C00138000,138.0,22.2,16.8,19.2,1.0,79.0,1.185550947265625,True,CALL,2026-01-30,BIDU
BIDU260130C00139000,139.0,21.12,15.75,18.3,5.0,70.0,1.1943399658203124,True,CALL,2026-01-30,BIDU
BIDU260130C00140000,140.0,20.4,14.8,17.4,476.0,192.0,1.193363408203125,True,CALL,2026-01-30,BIDU
BIDU260130C00141000,141.0,17.15,13.75,16.3,5.0,44.0,1.0849655126953124,True,CALL,2026-01-30,BIDU
BIDU260130C00142000,142.0,19.4,12.8,15.3,35.0,51.0,1.0302782861328126,True,CALL,2026-01-30,BIDU
BIDU260130C00143000,143.0,12.93,11.8,14.2,1.0,51.0,0.92187578125,True,CALL,2026-01-30,BIDU
BIDU260130C00144000,144.0,14.88,10.75,13.25,2.0,48.0,0.8955088574218748,True,CALL,2026-01-30,BIDU
BIDU260130C00145000,145.0,10.96,11.4,12.4,241.0,408.0,0.6132851171875001,True,CALL,2026-01-30,BIDU
BIDU260130C00146000,146.0,15.05,8.85,11.4,1.0,86.0,0.8535170898437501,True,CALL,2026-01-30,BIDU
BIDU260130C00147000,147.0,13.45,9.1,10.35,210.0,211.0,0.7744163183593751,True,CALL,2026-01-30,BIDU
BIDU260130C00148000,148.0,8.38,8.25,9.25,10.0,309.0,0.6752962158203126,True,CALL,2026-01-30,BIDU
BIDU260130C00149000,149.0,12.1,5.9,8.45,2.0,89.0,0.6953155468750001,True,CALL,2026-01-30,BIDU
BIDU260130C00150000,150.0,6.9,6.15,7.3,23.0,858.0,0.5805706005859376,True,CALL,2026-01-30,BIDU
BIDU260130C00152500,152.5,4.1,3.9,5.5,34.0,120.0,0.6274451318359376,True,CALL,2026-01-30,BIDU
BIDU260130C00155000,155.0,2.62,2.39,3.1,155.0,880.0,0.454107021484375,True,CALL,2026-01-30,BIDU
BIDU260130C00157500,157.5,1.5,1.29,1.69,921.0,631.0,0.437505625,False,CALL,2026-01-30,BIDU
BIDU260130C00160000,160.0,0.7,0.56,0.81,888.0,1429.0,0.4331111376953125,False,CALL,2026-01-30,BIDU
BIDU260130C00162500,162.5,0.28,0.22,0.37,322.0,753.0,0.445318046875,False,CALL,2026-01-30,BIDU
BIDU260130C00165000,165.0,0.13,0.08,0.15,501.0,3463.0,0.45313046875,False,CALL,2026-01-30,BIDU
BIDU260130C00167500,167.5,0.13,0.05,0.1,256.0,1641.0,0.5117236328125,False,CALL,2026-01-30,BIDU
BIDU260130C00170000,170.0,0.03,0.03,0.04,436.0,4744.0,0.507817421875,False,CALL,2026-01-30,BIDU
BIDU260130C00172500,172.5,0.03,0.01,0.04,12.0,1434.0,0.5625043750000001,False,CALL,2026-01-30,BIDU
BIDU260130C00175000,175.0,0.01,0.0,0.03,53.0,657.0,0.5937540625000001,False,CALL,2026-01-30,BIDU
BIDU260130C00177500,177.5,0.05,0.01,0.04,4.0,138.0,0.70312796875,False,CALL,2026-01-30,BIDU
BIDU260130C00180000,180.0,0.02,0.0,0.02,15.0,1214.0,0.70312796875,False,CALL,2026-01-30,BIDU
BIDU260130C00182500,182.5,0.08,0.0,0.33,11.0,75.0,1.0976607617187502,False,CALL,2026-01-30,BIDU
BIDU260130C00185000,185.0,0.02,0.0,0.02,3.0,289.0,0.8125018749999999,False,CALL,2026-01-30,BIDU
BIDU260130C00187500,187.5,0.5,0.0,0.33,,1.0,1.255863095703125,False,CALL,2026-01-30,BIDU
BIDU260130C00190000,190.0,0.04,0.0,0.04,15.0,27.0,1.0078174609375,False,CALL,2026-01-30,BIDU
BIDU260130C00195000,195.0,0.2,0.0,2.13,2.0,10.0,2.139653088378906,False,CALL,2026-01-30,BIDU
BIDU260130C00200000,200.0,0.01,0.0,0.01,23.0,85.0,1.09375453125,False,CALL,2026-01-30,BIDU
BIDU260130P00110000,110.0,0.01,0.0,2.13,136.0,153.0,3.314454838867187,False,PUT,2026-01-30,BIDU
BIDU260130P00111000,111.0,0.01,0.0,2.13,75.0,79.0,3.2460956347656245,False,PUT,2026-01-30,BIDU
BIDU260130P00112000,112.0,0.05,0.0,0.05,10.0,10.0,1.75000125,False,PUT,2026-01-30,BIDU
BIDU260130P00113000,113.0,0.03,0.0,0.05,2.0,40.0,1.703126484375,False,PUT,2026-01-30,BIDU
BIDU260130P00114000,114.0,0.06,0.0,0.05,10.0,13.0,1.65625171875,False,PUT,2026-01-30,BIDU
BIDU260130P00115000,115.0,0.02,0.0,0.05,5.0,17.0,1.625001875,False,PUT,2026-01-30,BIDU
BIDU260130P00116000,116.0,0.4,0.0,2.13,8.0,7.0,2.9101589746093754,False,PUT,2026-01-30,BIDU
BIDU260130P00117000,117.0,0.04,0.0,2.13,1.0,5.0,2.8447294506835936,False,PUT,2026-01-30,BIDU
BIDU260130P00118000,118.0,0.01,0.0,2.13,1.0,9.0,2.7792999267578127,False,PUT,2026-01-30,BIDU
BIDU260130P00119000,119.0,1.19,0.0,2.13,1.0,3.0,2.713870402832031,False,PUT,2026-01-30,BIDU
BIDU260130P00120000,120.0,0.03,0.0,0.05,4.0,296.0,1.421877890625,False,PUT,2026-01-30,BIDU
BIDU260130P00121000,121.0,0.39,0.0,2.13,5.0,7.0,2.5849644750976566,False,PUT,2026-01-30,BIDU
BIDU260130P00122000,122.0,0.52,0.0,1.92,3.0,4.0,2.4550819873046876,False,PUT,2026-01-30,BIDU
BIDU260130P00123000,123.0,0.01,0.0,0.08,20.0,62.0,1.3750031249999999,False,PUT,2026-01-30,BIDU
BIDU260130P00124000,124.0,0.52,0.0,1.83,3.0,18.0,2.301762058105468,False,PUT,2026-01-30,BIDU
BIDU260130P00125000,125.0,0.16,0.0,1.83,1.0,26.0,2.2402387744140624,False,PUT,2026-01-30,BIDU
BIDU260130P00126000,126.0,0.02,0.0,0.05,11.0,29.0,1.1875040625,False,PUT,2026-01-30,BIDU
BIDU260130P00127000,127.0,0.02,0.0,1.71,9.0,44.0,2.0820360449218747,False,PUT,2026-01-30,BIDU
BIDU260130P00128000,128.0,0.01,0.0,0.15,9.0,1251.0,1.2734411328124997,False,PUT,2026-01-30,BIDU
BIDU260130P00129000,129.0,0.05,0.0,1.3,1.0,19.0,1.8330086474609373,False,PUT,2026-01-30,BIDU
BIDU260130P00130000,130.0,0.02,0.0,0.16,1.0,120.0,1.19922275390625,False,PUT,2026-01-30,BIDU
BIDU260130P00131000,131.0,0.19,0.0,0.07,1.0,93.0,1.0312548437500002,False,PUT,2026-01-30,BIDU
BIDU260130P00132000,132.0,0.14,0.0,1.71,5.0,122.0,1.7822276513671875,False,PUT,2026-01-30,BIDU
BIDU260130P00133000,133.0,0.08,0.0,1.84,8.0,48.0,1.7568371533203124,False,PUT,2026-01-30,BIDU
BIDU260130P00134000,134.0,0.13,0.0,2.13,1.0,41.0,1.7685558447265624,False,PUT,2026-01-30,BIDU
BIDU260130P00135000,135.0,0.23,0.0,1.9,1.0,96.0,1.6513689306640624,False,PUT,2026-01-30,BIDU
BIDU260130P00136000,136.0,0.12,0.0,0.02,1.0,87.0,0.7187528125,False,PUT,2026-01-30,BIDU
BIDU260130P00137000,137.0,0.01,0.0,2.12,30.0,164.0,1.5810567822265622,False,PUT,2026-01-30,BIDU
BIDU260130P00138000,138.0,0.23,0.0,2.0,5.0,60.0,1.4931665966796874,False,PUT,2026-01-30,BIDU
BIDU260130P00139000,139.0,0.03,0.0,0.2,1.0,27.0,0.851563984375,False,PUT,2026-01-30,BIDU
BIDU260130P00140000,140.0,0.03,0.0,1.99,5.0,387.0,1.369143779296875,False,PUT,2026-01-30,BIDU
BIDU260130P00141000,141.0,0.05,0.0,0.5,4.0,48.0,0.91211025390625,False,PUT,2026-01-30,BIDU
BIDU260130P00142000,142.0,0.05,0.01,2.13,2.0,190.0,1.2763708056640621,False,PUT,2026-01-30,BIDU
BIDU260130P00143000,143.0,0.13,0.0,2.13,1.0,840.0,1.2119180029296874,False,PUT,2026-01-30,BIDU
BIDU260130P00144000,144.0,0.27,0.0,0.27,22.0,67.0,0.6738313867187502,False,PUT,2026-01-30,BIDU
BIDU260130P00145000,145.0,0.07,0.01,0.1,226.0,1055.0,0.5351608984375,False,PUT,2026-01-30,BIDU
BIDU260130P00146000,146.0,0.09,0.0,0.8,110.0,167.0,0.75195560546875,False,PUT,2026-01-30,BIDU
BIDU260130P00147000,147.0,0.17,0.01,0.19,7.0,351.0,0.507817421875,False,PUT,2026-01-30,BIDU
BIDU260130P00148000,148.0,0.18,0.04,0.18,146.0,146.0,0.52539537109375,False,PUT,2026-01-30,BIDU
BIDU260130P00149000,149.0,0.3,0.08,1.26,9.0,305.0,0.6953155468750001,False,PUT,2026-01-30,BIDU
BIDU260130P00150000,150.0,0.24,0.12,0.38,249.0,1269.0,0.52539537109375,False,PUT,2026-01-30,BIDU
BIDU260130P00152500,152.5,0.5,0.38,0.51,164.0,425.0,0.42578699218750005,False,PUT,2026-01-30,BIDU
BIDU260130P00155000,155.0,1.16,0.95,1.51,58.0,1041.0,0.4975636181640626,False,PUT,2026-01-30,BIDU
BIDU260130P00157500,157.5,2.5,2.07,2.5,28.0,90.0,0.45703667968750006,True,PUT,2026-01-30,BIDU
BIDU260130P00160000,160.0,4.94,3.5,5.5,8.0,294.0,0.5507857421875001,True,PUT,2026-01-30,BIDU
BIDU260130P00162500,162.5,6.61,5.35,7.05,2.0,266.0,0.7348659326171875,True,PUT,2026-01-30,BIDU
BIDU260130P00165000,165.0,9.45,8.0,10.35,4.0,59.0,0.77929908203125,True,PUT,2026-01-30,BIDU
BIDU260130P00167500,167.5,7.45,10.15,12.8,,1.0,0.8447281152343749,True,PUT,2026-01-30,BIDU
BIDU260130P00170000,170.0,11.7,12.25,15.3,2.0,31.0,0.883790224609375,True,PUT,2026-01-30,BIDU
BIDU260130P00172500,172.5,10.55,15.2,17.75,15.0,15.0,1.0844772338867186,True,PUT,2026-01-30,BIDU
BIDU260130P00175000,175.0,22.73,17.6,20.25,1.0,1.0,1.173832255859375,True,PUT,2026-01-30,BIDU
BIDU260130P00180000,180.0,17.55,22.1,25.25,30.0,0.0,1.2451209619140622,True,PUT,2026-01-30,BIDU
BIDU260130P00200000,200.0,48.75,41.35,45.25,,0.0,1.4609401953124999,True,PUT,2026-01-30,BIDU
BIDU260206C00113000,113.0,44.12,41.9,45.05,1.0,3.0,1.5312523437499999,True,CALL,2026-02-06,BIDU
BIDU260206C00117000,117.0,43.26,37.85,40.6,15.0,52.0,1.259769326171875,True,CALL,2026-02-06,BIDU
BIDU260206C00120000,120.0,42.8,34.85,37.4,1.0,9.0,1.0996138769531252,True,CALL,2026-02-06,BIDU
BIDU260206C00123000,123.0,32.32,31.9,34.4,2.0,2.0,1.0166064794921876,True,CALL,2026-02-06,BIDU
BIDU260206C00124000,124.0,27.9,30.9,33.4,,1.0,0.989257919921875,True,CALL,2026-02-06,BIDU
BIDU260206C00125000,125.0,37.28,29.85,32.5,73.0,77.0,0.9960937890625,True,CALL,2026-02-06,BIDU
BIDU260206C00126000,126.0,19.54,28.9,31.85,1.0,12.0,1.0698288696289064,True,CALL,2026-02-06,BIDU
BIDU260206C00127000,127.0,33.3,27.9,31.05,4.0,5.0,1.0903365795898439,True,CALL,2026-02-06,BIDU
BIDU260206C00128000,128.0,26.55,26.9,29.95,1.0,2.0,1.035649353027344,True,CALL,2026-02-06,BIDU
BIDU260206C00129000,129.0,35.25,25.9,28.5,5.0,7.0,0.885743330078125,True,CALL,2026-02-06,BIDU
BIDU260206C00130000,130.0,25.13,24.9,28.0,1.0,60.0,0.9877930908203125,True,CALL,2026-02-06,BIDU
BIDU260206C00131000,131.0,23.36,23.9,26.45,1.0,6.0,0.8159198095703124,True,CALL,2026-02-06,BIDU
BIDU260206C00132000,132.0,29.2,22.9,25.45,2.0,32.0,0.789064609375,True,CALL,2026-02-06,BIDU
BIDU260206C00133000,133.0,19.29,21.95,24.95,1.0,22.0,0.8867198828124999,True,CALL,2026-02-06,BIDU
BIDU260206C00134000,134.0,30.0,20.9,23.75,35.0,35.0,0.8120135986328124,True,CALL,2026-02-06,BIDU
BIDU260206C00135000,135.0,24.7,19.95,22.5,1.0,227.0,0.7221707470703125,True,CALL,2026-02-06,BIDU
BIDU260206C00136000,136.0,21.01,18.95,21.95,14.0,48.0,0.797853583984375,True,CALL,2026-02-06,BIDU
BIDU260206C00137000,137.0,27.01,18.05,21.1,30.0,44.0,0.7983418603515625,True,CALL,2026-02-06,BIDU
BIDU260206C00138000,138.0,24.95,17.0,19.7,30.0,42.0,0.6865265722656251,True,CALL,2026-02-06,BIDU
BIDU260206C00139000,139.0,22.15,16.05,18.65,1.0,40.0,0.647464462890625,True,CALL,2026-02-06,BIDU
BIDU260206C00140000,140.0,18.0,15.15,18.05,4.0,32.0,0.6982452050781252,True,CALL,2026-02-06,BIDU
BIDU260206C00141000,141.0,17.73,14.2,16.7,5.0,9.0,0.6015664843750002,True,CALL,2026-02-06,BIDU
BIDU260206C00142000,142.0,20.47,13.25,16.25,3.0,42.0,0.6716341430664063,True,CALL,2026-02-06,BIDU
BIDU260206C00143000,143.0,12.35,12.3,14.8,2.0,70.0,0.5629926513671876,True,CALL,2026-02-06,BIDU
BIDU260206C00144000,144.0,19.05,11.45,14.55,1.0,16.0,0.6547886083984377,True,CALL,2026-02-06,BIDU
BIDU260206C00145000,145.0,11.83,10.5,13.25,9.0,200.0,0.577152666015625,True,CALL,2026-02-06,BIDU
BIDU260206C00146000,146.0,15.35,9.7,12.3,1.0,37.0,0.5524947094726562,True,CALL,2026-02-06,BIDU
BIDU260206C00147000,147.0,11.95,8.95,11.25,15.0,27.0,0.5129443237304687,True,CALL,2026-02-06,BIDU
BIDU260206C00148000,148.0,11.9,8.5,10.75,5.0,35.0,0.5481002221679689,True,CALL,2026-02-06,BIDU
BIDU260206C00149000,149.0,10.3,8.55,10.3,2.0,41.0,0.5815471533203125,True,CALL,2026-02-06,BIDU
BIDU260206C00150000,150.0,8.03,8.05,9.0,11.0,109.0,0.507817421875,True,CALL,2026-02-06,BIDU
BIDU260206C00152500,152.5,6.3,6.4,7.15,9.0,28.0,0.48560084716796875,True,CALL,2026-02-06,BIDU
BIDU260206C00155000,155.0,5.2,5.1,5.65,73.0,206.0,0.4820608435058594,True,CALL,2026-02-06,BIDU
BIDU260206C00157500,157.5,4.1,3.8,4.25,11.0,197.0,0.46753462158203124,False,CALL,2026-02-06,BIDU
BIDU260206C00160000,160.0,3.0,2.87,3.3,531.0,1010.0,0.477544287109375,False,CALL,2026-02-06,BIDU
BIDU260206C00162500,162.5,2.33,2.07,2.47,53.0,371.0,0.4797415307617187,False,CALL,2026-02-06,BIDU
BIDU260206C00165000,165.0,1.69,1.6,1.88,369.0,1691.0,0.49023947265625006,False,CALL,2026-02-06,BIDU
BIDU260206C00167500,167.5,1.24,1.07,1.41,53.0,176.0,0.499028447265625,False,CALL,2026-02-06,BIDU
BIDU260206C00170000,170.0,1.01,0.82,1.09,212.0,239.0,0.5136767382812499,False,CALL,2026-02-06,BIDU
BIDU260206C00172500,172.5,1.02,0.54,1.01,9.0,42.0,0.5151415673828125,False,CALL,2026-02-06,BIDU
BIDU260206C00175000,175.0,0.55,0.54,0.64,49.0,838.0,0.5278367529296876,False,CALL,2026-02-06,BIDU
BIDU260206C00177500,177.5,0.71,0.0,2.45,6.0,29.0,0.7070341796875,False,CALL,2026-02-06,BIDU
BIDU260206C00180000,180.0,0.34,0.33,0.41,13.0,408.0,0.56055126953125,False,CALL,2026-02-06,BIDU
BIDU260206C00182500,182.5,0.45,0.0,2.27,4.0,20.0,0.7934590966796875,False,CALL,2026-02-06,BIDU
BIDU260206C00185000,185.0,0.41,0.01,2.29,2.0,256.0,0.8454605297851561,False,CALL,2026-02-06,BIDU
BIDU260206C00187500,187.5,0.43,0.0,0.76,1.0,35.0,0.6894562304687502,False,CALL,2026-02-06,BIDU
BIDU260206C00190000,190.0,0.17,0.0,0.29,1.0,276.0,0.6152382226562501,False,CALL,2026-02-06,BIDU
BIDU260206C00195000,195.0,0.43,0.0,0.7,39.0,48.0,0.7929708203125,False,CALL,2026-02-06,BIDU
BIDU260206P00110000,110.0,0.18,0.0,2.15,8.0,323.0,1.565920139160156,False,PUT,2026-02-06,BIDU
BIDU260206P00111000,111.0,0.38,0.0,2.13,5.0,5.0,1.5302757861328122,False,PUT,2026-02-06,BIDU
BIDU260206P00112000,112.0,0.75,0.0,2.14,1.0,2.0,1.5000025,False,PUT,2026-02-06,BIDU
BIDU260206P00115000,115.0,0.22,0.0,2.14,2.0,21.0,1.4047881323242186,False,PUT,2026-02-06,BIDU
BIDU260206P00117000,117.0,0.47,0.0,2.15,5.0,4.0,1.3442415600585935,False,PUT,2026-02-06,BIDU
BIDU260206P00118000,118.0,0.34,0.0,2.13,1.0,11.0,1.3100620434570311,False,PUT,2026-02-06,BIDU
BIDU260206P00119000,119.0,0.35,0.0,2.15,1.0,3.0,1.2822301513671874,False,PUT,2026-02-06,BIDU
BIDU260206P00120000,120.0,0.54,0.0,0.75,6.0,17.0,0.992187578125,False,PUT,2026-02-06,BIDU
BIDU260206P00121000,121.0,0.08,0.0,2.14,2.0,6.0,1.2197304638671875,False,PUT,2026-02-06,BIDU
BIDU260206P00122000,122.0,0.05,0.0,0.05,10.0,16.0,0.632816171875,False,PUT,2026-02-06,BIDU
BIDU260206P00123000,123.0,0.05,0.0,0.05,21.0,31.0,0.6132851171875001,False,PUT,2026-02-06,BIDU
BIDU260206P00124000,124.0,0.05,0.0,0.1,10.0,634.0,0.6445348046875,False,PUT,2026-02-06,BIDU
BIDU260206P00125000,125.0,0.05,0.0,0.15,10.0,940.0,0.6621127539062501,False,PUT,2026-02-06,BIDU
BIDU260206P00126000,126.0,0.33,0.0,2.15,2.0,4.0,1.0712937060546879,False,PUT,2026-02-06,BIDU
BIDU260206P00127000,127.0,0.14,0.0,2.16,1.0,30.0,1.0429735351562504,False,PUT,2026-02-06,BIDU
BIDU260206P00128000,128.0,0.41,0.0,2.17,1.0,26.0,1.0146533642578124,False,PUT,2026-02-06,BIDU
BIDU260206P00129000,129.0,0.09,0.0,1.07,10.0,579.0,0.8261736132812498,False,PUT,2026-02-06,BIDU
BIDU260206P00130000,130.0,0.4,0.0,1.7,30.0,40.0,0.8950205810546874,False,PUT,2026-02-06,BIDU
BIDU260206P00131000,131.0,0.13,0.0,0.2,2.0,8.0,0.5644574804687501,False,PUT,2026-02-06,BIDU
BIDU260206P00132000,132.0,0.51,0.0,2.17,3.0,15.0,0.8969736865234373,False,PUT,2026-02-06,BIDU
BIDU260206P00133000,133.0,0.11,0.03,0.3,1.0,10.0,0.56836369140625,False,PUT,2026-02-06,BIDU
BIDU260206P00134000,134.0,0.11,0.0,2.2,1.0,9.0,0.84179845703125,False,PUT,2026-02-06,BIDU
BIDU260206P00135000,135.0,0.15,0.0,0.64,2.0,23.0,0.596683720703125,False,PUT,2026-02-06,BIDU
BIDU260206P00136000,136.0,0.25,0.0,1.3,4.0,33.0,0.676761044921875,False,PUT,2026-02-06,BIDU
BIDU260206P00137000,137.0,0.32,0.0,2.24,32.0,38.0,0.7583031982421876,False,PUT,2026-02-06,BIDU
BIDU260206P00138000,138.0,0.39,0.11,0.39,2.0,167.0,0.5493209130859377,False,PUT,2026-02-06,BIDU
BIDU260206P00139000,139.0,0.51,0.0,0.32,14.0,49.0,0.5019581054687501,False,PUT,2026-02-06,BIDU
BIDU260206P00140000,140.0,0.34,0.25,0.34,15.0,142.0,0.4848684326171875,False,PUT,2026-02-06,BIDU
BIDU260206P00141000,141.0,0.42,0.0,0.55,2.0,83.0,0.5190477783203125,False,PUT,2026-02-06,BIDU
BIDU260206P00142000,142.0,0.4,0.25,0.75,8.0,71.0,0.5385788330078126,False,PUT,2026-02-06,BIDU
BIDU260206P00143000,143.0,0.72,0.37,0.8,1.0,210.0,0.5210008837890624,False,PUT,2026-02-06,BIDU
BIDU260206P00144000,144.0,0.68,0.56,1.19,7.0,13.0,0.5073291455078125,False,PUT,2026-02-06,BIDU
BIDU260206P00145000,145.0,0.94,0.66,1.22,26.0,85.0,0.5376022802734376,False,PUT,2026-02-06,BIDU
BIDU260206P00146000,146.0,1.0,0.74,1.5,3.0,615.0,0.5498091894531252,False,PUT,2026-02-06,BIDU
BIDU260206P00147000,147.0,1.27,0.98,1.2,2.0,106.0,0.4726615234375,False,PUT,2026-02-06,BIDU
BIDU260206P00148000,148.0,1.26,1.13,1.32,28.0,28.0,0.45898978515625005,False,PUT,2026-02-06,BIDU
BIDU260206P00149000,149.0,1.44,1.32,1.54,3.0,31.0,0.4567925415039063,False,PUT,2026-02-06,BIDU
BIDU260206P00150000,150.0,1.66,1.57,1.82,122.0,1109.0,0.4585015087890626,False,PUT,2026-02-06,BIDU
BIDU260206P00152500,152.5,2.47,2.35,2.66,133.0,73.0,0.4624077197265626,False,PUT,2026-02-06,BIDU
BIDU260206P00155000,155.0,3.85,3.3,3.7,59.0,74.0,0.4643608251953125,False,PUT,2026-02-06,BIDU
BIDU260206P00157500,157.5,4.73,4.5,4.85,8.0,515.0,0.45532771240234376,True,PUT,2026-02-06,BIDU
BIDU260206P00160000,160.0,6.61,5.95,6.5,18.0,97.0,0.47546911254882807,True,PUT,2026-02-06,BIDU
BIDU260206P00162500,162.5,8.0,7.7,8.55,1.0,121.0,0.5197801928710937,True,PUT,2026-02-06,BIDU
BIDU260206P00165000,165.0,10.15,9.55,10.45,5.0,3.0,0.5329636547851562,True,PUT,2026-02-06,BIDU
BIDU260206P00167500,167.5,9.45,11.45,13.75,,3.0,0.5625043750000001,True,PUT,2026-02-06,BIDU
BIDU260206P00170000,170.0,11.34,13.2,16.15,13.0,33.0,0.5700726586914062,True,PUT,2026-02-06,BIDU
BIDU260206P00187500,187.5,26.5,29.85,32.85,15.0,15.0,0.7685570019531252,True,PUT,2026-02-06,BIDU
BIDU260206P00200000,200.0,36.96,42.25,45.25,4.0,0.0,0.9370123486328125,True,PUT,2026-02-06,BIDU
BIDU260213C00115000,115.0,49.06,40.0,42.75,,8.0,1.0288134497070316,True,CALL,2026-02-13,BIDU
BIDU260213C00116000,116.0,37.48,39.0,41.75,,2.0,1.0058643457031249,True,CALL,2026-02-13,BIDU
BIDU260213C00120000,120.0,22.96,35.0,38.05,1.0,1.0,0.9802248071289064,True,CALL,2026-02-13,BIDU
BIDU260213C00121000,121.0,28.79,34.0,37.05,,4.0,0.9565434033203124,True,CALL,2026-02-13,BIDU
BIDU260213C00123000,123.0,38.61,32.05,34.65,1.0,4.0,0.8251970605468748,True,CALL,2026-02-13,BIDU
BIDU260213C00125000,125.0,23.92,30.05,33.1,131.0,131.0,0.8730481445312499,True,CALL,2026-02-13,BIDU
BIDU260213C00126000,126.0,24.93,29.1,32.15,3.0,3.0,0.8588881298828125,True,CALL,2026-02-13,BIDU
BIDU260213C00128000,128.0,26.25,27.15,30.05,20.0,24.0,0.7949239257812499,True,CALL,2026-02-13,BIDU
BIDU260213C00129000,129.0,22.38,26.15,29.15,,1.0,0.7893087475585938,True,CALL,2026-02-13,BIDU
BIDU260213C00130000,130.0,32.39,25.2,28.25,1.0,10.0,0.7827170166015626,True,CALL,2026-02-13,BIDU
BIDU260213C00131000,131.0,24.0,24.25,26.75,,17.0,0.6733431103515627,True,CALL,2026-02-13,BIDU
BIDU260213C00132000,132.0,31.71,23.25,26.5,1.0,3.0,0.7736839038085939,True,CALL,2026-02-13,BIDU
BIDU260213C00133000,133.0,26.76,22.3,25.1,1.0,4.0,0.6894562304687502,True,CALL,2026-02-13,BIDU
BIDU260213C00134000,134.0,25.71,21.3,23.85,15.0,35.0,0.6259803027343751,True,CALL,2026-02-13,BIDU
BIDU260213C00135000,135.0,24.79,20.35,22.95,15.0,49.0,0.6206092626953126,True,CALL,2026-02-13,BIDU
BIDU260213C00136000,136.0,25.8,19.45,22.0,1.0,1.0,0.6062051098632814,True,CALL,2026-02-13,BIDU
BIDU260213C00137000,137.0,15.75,18.55,21.8,,7.0,0.6931183032226562,True,CALL,2026-02-13,BIDU
BIDU260213C00139000,139.0,23.0,18.1,19.7,1.0,18.0,0.524418818359375,True,CALL,2026-02-13,BIDU
BIDU260213C00140000,140.0,16.2,15.8,18.4,15.0,23.0,0.5698285205078125,True,CALL,2026-02-13,BIDU
BIDU260213C00141000,141.0,20.6,14.95,17.3,2.0,11.0,0.5334519311523438,True,CALL,2026-02-13,BIDU
BIDU260213C00142000,142.0,18.1,15.4,16.65,4.0,3.0,0.551762294921875,True,CALL,2026-02-13,BIDU
BIDU260213C00143000,143.0,16.71,14.5,15.55,17.0,30.0,0.51562984375,True,CALL,2026-02-13,BIDU
BIDU260213C00144000,144.0,13.69,13.95,14.85,5.0,26.0,0.5241746801757812,True,CALL,2026-02-13,BIDU
BIDU260213C00145000,145.0,14.9,13.1,13.9,2.0,53.0,0.5039112109375,True,CALL,2026-02-13,BIDU
BIDU260213C00146000,146.0,14.24,12.25,13.45,16.0,83.0,0.5327195166015625,True,CALL,2026-02-13,BIDU
BIDU260213C00147000,147.0,16.7,11.65,12.5,4.0,16.0,0.5101367346191408,True,CALL,2026-02-13,BIDU
BIDU260213C00148000,148.0,14.9,10.55,11.75,2.0,112.0,0.5053760400390624,True,CALL,2026-02-13,BIDU
BIDU260213C00149000,149.0,8.85,10.05,11.15,4.0,24.0,0.5122119091796875,True,CALL,2026-02-13,BIDU
BIDU260213C00150000,150.0,10.76,9.45,10.25,1.0,126.0,0.4909718872070313,True,CALL,2026-02-13,BIDU
BIDU260213C00152500,152.5,8.35,8.15,8.55,7.0,71.0,0.47827670166015623,True,CALL,2026-02-13,BIDU
BIDU260213C00155000,155.0,8.15,6.6,7.15,4.0,141.0,0.4777884252929688,True,CALL,2026-02-13,BIDU
BIDU260213C00157500,157.5,5.75,5.35,6.05,1.0,257.0,0.4880422290039063,False,CALL,2026-02-13,BIDU
BIDU260213C00160000,160.0,4.53,4.45,4.8,6.0,971.0,0.47485876708984376,False,CALL,2026-02-13,BIDU
BIDU260213C00162500,162.5,3.65,3.65,4.0,2.0,36.0,0.4848684326171875,False,CALL,2026-02-13,BIDU
BIDU260213C00165000,165.0,3.05,2.95,3.3,40.0,1131.0,0.4924367163085938,False,CALL,2026-02-13,BIDU
BIDU260213C00167500,167.5,2.13,2.41,2.74,15.0,91.0,0.5023243127441408,False,CALL,2026-02-13,BIDU
BIDU260213C00170000,170.0,1.8,1.72,2.2,1.0,179.0,0.5048877636718749,False,CALL,2026-02-13,BIDU
BIDU260213C00172500,172.5,1.93,1.59,1.79,1.0,124.0,0.5002491381835938,False,CALL,2026-02-13,BIDU
BIDU260213C00175000,175.0,1.42,1.31,1.48,42.0,434.0,0.5105029418945313,False,CALL,2026-02-13,BIDU
BIDU260213C00177500,177.5,1.82,0.91,1.76,1.0,11.0,0.5446822875976562,False,CALL,2026-02-13,BIDU
BIDU260213C00180000,180.0,1.04,0.89,1.02,1.0,712.0,0.5302781347656251,False,CALL,2026-02-13,BIDU
BIDU260213C00185000,185.0,1.37,0.61,0.75,10.0,37.0,0.5537154003906251,False,CALL,2026-02-13,BIDU
BIDU260213C00190000,190.0,0.44,0.42,0.49,30.0,70.0,0.5668988623046876,False,CALL,2026-02-13,BIDU
BIDU260213C00195000,195.0,0.58,0.04,0.39,5.0,278.0,0.5459029785156251,False,CALL,2026-02-13,BIDU
BIDU260213C00200000,200.0,0.27,0.11,0.37,16.0,654.0,0.6074258007812501,False,CALL,2026-02-13,BIDU
BIDU260213P00115000,115.0,0.55,0.0,2.17,3.0,150.0,1.0571336206054687,False,PUT,2026-02-13,BIDU
BIDU260213P00116000,116.0,0.19,0.0,2.18,3.0,105.0,1.0349169348144533,False,PUT,2026-02-13,BIDU
BIDU260213P00117000,117.0,0.49,0.0,2.17,1.0,2.0,1.0102588549804685,False,PUT,2026-02-13,BIDU
BIDU260213P00118000,118.0,0.6,0.0,2.18,,1.0,0.9882813671875,False,PUT,2026-02-13,BIDU
BIDU260213P00119000,119.0,0.62,0.0,2.18,1.0,2.0,0.9653323779296875,False,PUT,2026-02-13,BIDU
BIDU260213P00120000,120.0,0.12,0.0,2.19,5.0,11.0,0.9433599414062499,False,PUT,2026-02-13,BIDU
BIDU260213P00121000,121.0,0.68,0.0,2.2,,1.0,0.9213875048828125,False,PUT,2026-02-13,BIDU
BIDU260213P00122000,122.0,0.59,0.0,1.5,2.0,6.0,0.8178729150390623,False,PUT,2026-02-13,BIDU
BIDU260213P00123000,123.0,0.59,0.0,2.21,,1.0,0.87695435546875,False,PUT,2026-02-13,BIDU
BIDU260213P00124000,124.0,0.15,0.0,2.21,1.0,42.0,0.8542495043945313,False,PUT,2026-02-13,BIDU
BIDU260213P00125000,125.0,0.3,0.0,2.22,2.0,13.0,0.8327653442382811,False,PUT,2026-02-13,BIDU
BIDU260213P00126000,126.0,1.33,0.0,1.5,1.0,10.0,0.7334011035156249,False,PUT,2026-02-13,BIDU
BIDU260213P00127000,127.0,1.15,0.0,2.25,1.0,2.0,0.7907735766601562,False,PUT,2026-02-13,BIDU
BIDU260213P00128000,128.0,0.4,0.0,2.27,8.0,21.0,0.7702659692382813,False,PUT,2026-02-13,BIDU
BIDU260213P00129000,129.0,0.37,0.0,2.29,20.0,61.0,0.7497583618164063,False,PUT,2026-02-13,BIDU
BIDU260213P00130000,130.0,0.28,0.16,0.41,50.0,172.0,0.52539537109375,False,PUT,2026-02-13,BIDU
BIDU260213P00131000,131.0,1.28,0.07,1.67,1.0,46.0,0.6543003320312502,False,PUT,2026-02-13,BIDU
BIDU260213P00132000,132.0,1.32,0.0,2.36,27.0,30.0,0.6889679541015626,False,PUT,2026-02-13,BIDU
BIDU260213P00133000,133.0,0.36,0.0,2.39,5.0,18.0,0.6691927612304689,False,PUT,2026-02-13,BIDU
BIDU260213P00134000,134.0,0.56,0.0,2.42,2.0,22.0,0.649417568359375,False,PUT,2026-02-13,BIDU
BIDU260213P00135000,135.0,0.63,0.0,2.46,85.0,130.0,0.6301306518554688,False,PUT,2026-02-13,BIDU
BIDU260213P00136000,136.0,0.49,0.45,0.53,75.0,189.0,0.4821829125976563,False,PUT,2026-02-13,BIDU
BIDU260213P00137000,137.0,0.62,0.51,0.61,2.0,232.0,0.47949739257812496,False,PUT,2026-02-13,BIDU
BIDU260213P00138000,138.0,0.65,0.6,0.69,4.0,192.0,0.47510290527343746,False,PUT,2026-02-13,BIDU
BIDU260213P00139000,139.0,0.83,0.68,0.79,2.0,56.0,0.47241738525390625,False,PUT,2026-02-13,BIDU
BIDU260213P00140000,140.0,1.18,0.1,2.74,5.0,104.0,0.543949873046875,False,PUT,2026-02-13,BIDU
BIDU260213P00141000,141.0,1.35,0.9,1.02,7.0,29.0,0.4660697924804688,False,PUT,2026-02-13,BIDU
BIDU260213P00142000,142.0,1.42,0.99,1.16,4.0,9.0,0.46362841064453125,False,PUT,2026-02-13,BIDU
BIDU260213P00143000,143.0,1.62,1.17,1.28,10.0,908.0,0.45654840332031255,False,PUT,2026-02-13,BIDU
BIDU260213P00144000,144.0,1.7,1.35,1.49,2.0,24.0,0.45898978515625005,False,PUT,2026-02-13,BIDU
BIDU260213P00145000,145.0,1.82,1.53,1.64,9.0,88.0,0.45215391601562505,False,PUT,2026-02-13,BIDU
BIDU260213P00146000,146.0,2.27,1.73,1.97,2.0,12.0,0.4626518579101563,False,PUT,2026-02-13,BIDU
BIDU260213P00147000,147.0,1.96,1.91,2.22,5.0,36.0,0.46191944335937507,False,PUT,2026-02-13,BIDU
BIDU260213P00148000,148.0,2.84,2.04,2.47,3.0,25.0,0.4591118542480469,False,PUT,2026-02-13,BIDU
BIDU260213P00149000,149.0,2.73,2.48,2.89,500.0,541.0,0.46973186523437505,False,PUT,2026-02-13,BIDU
BIDU260213P00150000,150.0,2.99,2.79,3.05,1.0,568.0,0.4547173669433594,False,PUT,2026-02-13,BIDU
BIDU260213P00152500,152.5,3.25,3.7,4.05,6.0,261.0,0.46057668334960944,False,PUT,2026-02-13,BIDU
BIDU260213P00155000,155.0,5.2,4.7,5.25,12.0,320.0,0.4686332434082031,False,PUT,2026-02-13,BIDU
BIDU260213P00157500,157.5,6.55,6.05,6.4,25.0,23.0,0.4598442687988281,True,PUT,2026-02-13,BIDU
BIDU260213P00160000,160.0,7.05,7.45,8.05,5.0,6.0,0.4771780798339844,True,PUT,2026-02-13,BIDU
BIDU260213P00162500,162.5,7.95,9.05,9.55,50.0,54.0,0.47119669433593747,True,PUT,2026-02-13,BIDU
BIDU260213P00165000,165.0,8.17,10.55,11.8,,1.0,0.5158739819335938,True,PUT,2026-02-13,BIDU
BIDU260213P00167500,167.5,10.35,12.75,13.85,,5.0,0.5371140039062501,True,PUT,2026-02-13,BIDU
BIDU260213P00170000,170.0,11.58,14.6,15.65,10.0,12.0,0.5273484765625001,True,PUT,2026-02-13,BIDU
BIDU260220C00110000,110.0,46.0,45.35,47.6,1.0,258.0,0.9204109521484375,True,CALL,2026-02-20,BIDU
BIDU260220C00115000,115.0,46.25,40.8,42.65,1.0,875.0,0.8364274169921874,True,CALL,2026-02-20,BIDU
BIDU260220C00120000,120.0,37.23,35.2,37.7,1.0,257.0,0.7534204345703125,True,CALL,2026-02-20,BIDU
BIDU260220C00125000,125.0,30.41,30.3,32.9,452.0,618.0,0.6960479614257813,True,CALL,2026-02-20,BIDU
BIDU260220C00130000,130.0,27.5,26.4,28.1,83.0,916.0,0.6320837573242188,True,CALL,2026-02-20,BIDU
BIDU260220C00135000,135.0,24.12,20.9,23.4,11.0,802.0,0.5737347314453125,True,CALL,2026-02-20,BIDU
BIDU260220C00136000,136.0,26.2,19.9,22.75,,2.0,0.5932657861328126,True,CALL,2026-02-20,BIDU
BIDU260220C00140000,140.0,18.24,17.85,18.75,54.0,796.0,0.5111132873535156,True,CALL,2026-02-20,BIDU
BIDU260220C00143000,143.0,20.65,15.6,17.05,1.0,7.0,0.5007374145507812,True,CALL,2026-02-20,BIDU
BIDU260220C00144000,144.0,13.1,13.55,15.85,12.0,6.0,0.5227098510742187,True,CALL,2026-02-20,BIDU
BIDU260220C00145000,145.0,11.65,14.1,14.7,39.0,493.0,0.48743188354492195,True,CALL,2026-02-20,BIDU
BIDU260220C00146000,146.0,19.43,13.4,14.3,,7.0,0.5114794946289063,True,CALL,2026-02-20,BIDU
BIDU260220C00147000,147.0,11.35,12.4,13.2,23.0,19.0,0.4797415307617187,True,CALL,2026-02-20,BIDU
BIDU260220C00148000,148.0,13.42,11.3,12.55,2.0,6.0,0.4813284289550781,True,CALL,2026-02-20,BIDU
BIDU260220C00149000,149.0,12.73,11.0,11.8,1.0,36.0,0.4742484216308594,True,CALL,2026-02-20,BIDU
BIDU260220C00150000,150.0,10.77,10.45,11.15,45.0,3203.0,0.4730277307128906,True,CALL,2026-02-20,BIDU
BIDU260220C00152500,152.5,9.4,9.15,9.5,10.0,21.0,0.4624077197265626,True,CALL,2026-02-20,BIDU
BIDU260220C00155000,155.0,7.75,7.8,8.15,61.0,2318.0,0.4630180651855469,True,CALL,2026-02-20,BIDU
BIDU260220C00157500,157.5,5.3,6.55,6.9,13.0,238.0,0.4611870288085938,False,CALL,2026-02-20,BIDU
BIDU260220C00160000,160.0,5.6,5.65,5.85,233.0,3511.0,0.4635063415527344,False,CALL,2026-02-20,BIDU
BIDU260220C00162500,162.5,4.56,4.65,5.05,20.0,91.0,0.47376014526367194,False,CALL,2026-02-20,BIDU
BIDU260220C00165000,165.0,4.05,4.0,4.1,41.0,2370.0,0.4660697924804688,False,CALL,2026-02-20,BIDU
BIDU260220C00167500,167.5,3.0,3.15,3.5,14.0,125.0,0.47473669799804685,False,CALL,2026-02-20,BIDU
BIDU260220C00170000,170.0,2.75,2.7,2.95,1476.0,2441.0,0.4804739453125,False,CALL,2026-02-20,BIDU
BIDU260220C00172500,172.5,2.4,2.23,2.48,29.0,19.0,0.4858449853515625,False,CALL,2026-02-20,BIDU
BIDU260220C00175000,175.0,1.94,1.8,2.1,35.0,752.0,0.4929249926757813,False,CALL,2026-02-20,BIDU
BIDU260220C00180000,180.0,1.47,1.35,1.49,1015.0,4525.0,0.5048877636718749,False,CALL,2026-02-20,BIDU
BIDU260220C00185000,185.0,1.04,0.97,1.1,50.0,456.0,0.5139208764648437,False,CALL,2026-02-20,BIDU
BIDU260220C00190000,190.0,0.74,0.73,0.8,8.0,1056.0,0.5305222729492188,False,CALL,2026-02-20,BIDU
BIDU260220C00195000,195.0,0.55,0.54,0.6,23.0,1388.0,0.5463912548828126,False,CALL,2026-02-20,BIDU
BIDU260220C00200000,200.0,0.43,0.35,0.5,263.0,4649.0,0.5610395458984375,False,CALL,2026-02-20,BIDU
BIDU260220P00110000,110.0,0.38,0.0,0.84,1.0,2282.0,0.8037129003906249,False,PUT,2026-02-20,BIDU
BIDU260220P00115000,115.0,0.12,0.05,0.35,10.0,825.0,0.629886513671875,False,PUT,2026-02-20,BIDU
BIDU260220P00120000,120.0,0.21,0.07,0.38,9.0,1395.0,0.5654340332031251,False,PUT,2026-02-20,BIDU
BIDU260220P00125000,125.0,0.38,0.17,0.4,5.0,566.0,0.5131884619140624,False,PUT,2026-02-20,BIDU
BIDU260220P00130000,130.0,0.51,0.31,0.45,69.0,1052.0,0.481450498046875,False,PUT,2026-02-20,BIDU
BIDU260220P00135000,135.0,0.92,0.69,0.77,17.0,719.0,0.45972219970703126,False,PUT,2026-02-20,BIDU
BIDU260220P00136000,136.0,1.02,0.78,0.98,2.0,2.0,0.47363807617187503,False,PUT,2026-02-20,BIDU
BIDU260220P00137000,137.0,1.28,0.76,1.02,3.0,16.0,0.46094289062500005,False,PUT,2026-02-20,BIDU
BIDU260220P00138000,138.0,1.38,0.86,1.17,4.0,26.0,0.4621635815429688,False,PUT,2026-02-20,BIDU
BIDU260220P00139000,139.0,1.15,1.11,1.4,1.0,3.0,0.47070841796875,False,PUT,2026-02-20,BIDU
BIDU260220P00140000,140.0,1.4,1.24,1.54,46.0,939.0,0.46680220703125,False,PUT,2026-02-20,BIDU
BIDU260220P00141000,141.0,1.36,1.39,1.54,25.0,33.0,0.4470270141601562,False,PUT,2026-02-20,BIDU
BIDU260220P00142000,142.0,1.53,1.55,1.86,2.0,535.0,0.4592339233398438,False,PUT,2026-02-20,BIDU
BIDU260220P00143000,143.0,1.83,1.65,1.9,2.0,1045.0,0.4425104577636719,False,PUT,2026-02-20,BIDU
BIDU260220P00144000,144.0,2.14,1.95,2.07,17.0,52.0,0.43726148681640625,False,PUT,2026-02-20,BIDU
BIDU260220P00145000,145.0,2.8,2.16,2.37,5.0,903.0,0.4419001123046875,False,PUT,2026-02-20,BIDU
BIDU260220P00146000,146.0,2.28,2.32,2.51,1.0,180.0,0.43140217041015627,False,PUT,2026-02-20,BIDU
BIDU260220P00147000,147.0,2.4,2.48,2.9,2.0,45.0,0.43970286865234376,False,PUT,2026-02-20,BIDU
BIDU260220P00148000,148.0,3.27,2.96,3.2,2.0,134.0,0.43897045410156255,False,PUT,2026-02-20,BIDU
BIDU260220P00149000,149.0,3.15,3.25,3.7,8.0,570.0,0.4512994323730469,False,PUT,2026-02-20,BIDU
BIDU260220P00150000,150.0,4.1,3.6,3.95,48.0,1365.0,0.44360907958984375,False,PUT,2026-02-20,BIDU
BIDU260220P00152500,152.5,5.59,4.55,5.0,8.0,672.0,0.44788149780273434,False,PUT,2026-02-20,BIDU
BIDU260220P00155000,155.0,6.05,5.6,5.95,50.0,335.0,0.43604079589843747,False,PUT,2026-02-20,BIDU
BIDU260220P00157500,157.5,8.3,6.9,7.6,51.0,81.0,0.459966337890625,True,PUT,2026-02-20,BIDU
BIDU260220P00160000,160.0,10.08,8.35,9.15,4.0,275.0,0.4687553125,True,PUT,2026-02-20,BIDU
BIDU260220P00162500,162.5,11.3,9.9,10.35,18.0,46.0,0.4461725305175781,True,PUT,2026-02-20,BIDU
BIDU260220P00165000,165.0,12.3,11.6,12.75,20.0,54.0,0.4954884436035156,True,PUT,2026-02-20,BIDU
BIDU260220P00167500,167.5,13.95,13.5,14.4,,15.0,0.48779809082031256,True,PUT,2026-02-20,BIDU
BIDU260220P00170000,170.0,13.27,15.35,16.8,27.0,88.0,0.5279588220214844,True,PUT,2026-02-20,BIDU
BIDU260220P00172500,172.5,17.61,17.45,18.7,18.0,50.0,0.526371923828125,True,PUT,2026-02-20,BIDU
BIDU260220P00175000,175.0,16.1,18.85,20.9,1.0,22.0,0.5432174584960938,True,PUT,2026-02-20,BIDU
BIDU260220P00180000,180.0,31.8,23.15,25.55,2.0,5.0,0.5883830224609375,True,PUT,2026-02-20,BIDU
BIDU260220P00190000,190.0,49.0,72.4,76.3,15.0,15.0,3.341066100463866,True,PUT,2026-02-20,BIDU
BIDU260220P00195000,195.0,70.15,44.25,46.85,35.0,0.0,1.2116738635253905,True,PUT,2026-02-20,BIDU
BIDU260220P00200000,200.0,70.03,49.0,51.45,,0.0,1.2568396533203123,True,PUT,2026-02-20,BIDU
BIDU260227C00115000,115.0,44.55,40.45,43.2,1.0,2.0,0.8266618896484373,True,CALL,2026-02-27,BIDU
BIDU260227C00120000,120.0,28.75,35.65,38.15,10.0,5.0,0.7304714453125,True,CALL,2026-02-27,BIDU
BIDU260227C00125000,125.0,34.37,31.0,34.15,1.0,16.0,0.5585981640625001,True,CALL,2026-02-27,BIDU
BIDU260227C00129000,129.0,27.1,27.2,29.85,2.0,2.0,0.6560092993164064,True,CALL,2026-02-27,BIDU
BIDU260227C00130000,130.0,31.59,26.3,29.2,1.0,7.0,0.5073291455078125,True,CALL,2026-02-27,BIDU
BIDU260227C00131000,131.0,33.55,25.45,27.9,2.0,13.0,0.6245154736328126,True,CALL,2026-02-27,BIDU
BIDU260227C00132000,132.0,26.77,24.55,27.3,1.0,6.0,0.6450230810546875,True,CALL,2026-02-27,BIDU
BIDU260227C00133000,133.0,20.11,23.7,26.6,,1.0,0.5092822509765625,True,CALL,2026-02-27,BIDU
BIDU260227C00135000,135.0,25.34,22.1,25.25,1.0,4.0,0.5300339965820313,True,CALL,2026-02-27,BIDU
BIDU260227C00136000,136.0,17.45,21.95,24.5,,15.0,0.5627485131835939,True,CALL,2026-02-27,BIDU
BIDU260227C00137000,137.0,22.56,20.9,23.6,14.0,17.0,0.5462691857910158,True,CALL,2026-02-27,BIDU
BIDU260227C00138000,138.0,17.02,19.9,22.85,,1.0,0.5379684875488282,True,CALL,2026-02-27,BIDU
BIDU260227C00139000,139.0,24.0,19.6,21.3,,1.0,0.5251512329101562,True,CALL,2026-02-27,BIDU
BIDU260227C00140000,140.0,19.9,19.45,20.35,2.0,113.0,0.541264353027344,True,CALL,2026-02-27,BIDU
BIDU260227C00141000,141.0,19.6,18.05,19.6,2.0,7.0,0.5157519128417969,True,CALL,2026-02-27,BIDU
BIDU260227C00142000,142.0,20.85,17.25,18.75,1.0,10.0,0.5089160437011719,True,CALL,2026-02-27,BIDU
BIDU260227C00143000,143.0,13.91,16.85,18.35,21.0,11.0,0.5314988256835937,True,CALL,2026-02-27,BIDU
BIDU260227C00144000,144.0,17.45,16.6,18.1,2.0,5.0,0.561527822265625,True,CALL,2026-02-27,BIDU
BIDU260227C00145000,145.0,18.9,15.2,16.65,1.0,11.0,0.5112353564453125,True,CALL,2026-02-27,BIDU
BIDU260227C00147000,147.0,14.5,14.5,15.6,16.0,15.0,0.5393112475585939,True,CALL,2026-02-27,BIDU
BIDU260227C00148000,148.0,14.05,14.0,14.65,5.0,36.0,0.53320779296875,True,CALL,2026-02-27,BIDU
BIDU260227C00149000,149.0,17.55,12.9,14.4,2.0,0.0,0.5291795129394532,True,CALL,2026-02-27,BIDU
BIDU260227C00150000,150.0,14.0,12.25,13.5,2.0,57.0,0.5184374328613282,True,CALL,2026-02-27,BIDU
BIDU260227C00152500,152.5,11.61,11.15,12.35,30.0,64.0,0.5351608984375,True,CALL,2026-02-27,BIDU
BIDU260227C00155000,155.0,10.24,10.2,10.8,5.0,23.0,0.5379684875488282,True,CALL,2026-02-27,BIDU
BIDU260227C00157500,157.5,10.7,8.85,9.6,1.0,121.0,0.5335740002441407,False,CALL,2026-02-27,BIDU
BIDU260227C00160000,160.0,9.2,8.15,8.55,6.0,735.0,0.5457809094238282,False,CALL,2026-02-27,BIDU
BIDU260227C00162500,162.5,7.27,7.0,7.85,30.0,31.0,0.5496871203613283,False,CALL,2026-02-27,BIDU
BIDU260227C00165000,165.0,6.57,6.1,7.0,1.0,143.0,0.5513960876464845,False,CALL,2026-02-27,BIDU
BIDU260227C00167500,167.5,6.45,5.45,6.2,2.0,18.0,0.556767127685547,False,CALL,2026-02-27,BIDU
BIDU260227C00170000,170.0,6.25,4.8,5.35,1.0,17.0,0.5559126440429689,False,CALL,2026-02-27,BIDU
BIDU260227C00172500,172.5,4.91,4.4,4.75,1.0,2.0,0.5659223095703125,False,CALL,2026-02-27,BIDU
BIDU260227C00175000,175.0,4.7,3.9,4.25,1.0,22.0,0.5722699023437501,False,CALL,2026-02-27,BIDU
BIDU260227C00177500,177.5,5.0,3.35,3.95,2.0,3.0,0.5797161169433593,False,CALL,2026-02-27,BIDU
BIDU260227C00180000,180.0,3.15,2.99,3.5,252.0,562.0,0.5852092260742188,False,CALL,2026-02-27,BIDU
BIDU260227C00185000,185.0,3.4,2.42,2.83,2.0,43.0,0.6008340698242189,False,CALL,2026-02-27,BIDU
BIDU260227C00190000,190.0,2.0,1.65,2.38,2.0,4.0,0.6047402807617189,False,CALL,2026-02-27,BIDU
BIDU260227C00195000,195.0,2.73,1.55,1.97,1.0,10.0,0.6322058264160157,False,CALL,2026-02-27,BIDU
BIDU260227C00200000,200.0,1.3,1.29,1.44,15.0,359.0,0.6367223828125,False,CALL,2026-02-27,BIDU
BIDU260227P00110000,110.0,0.25,0.0,2.32,1.0,21.0,0.8735364208984374,False,PUT,2026-02-27,BIDU
BIDU260227P00115000,115.0,0.75,0.0,2.41,1.0,193.0,0.7924825439453125,False,PUT,2026-02-27,BIDU
BIDU260227P00120000,120.0,0.58,0.0,2.53,3.0,270.0,0.7150907397460937,False,PUT,2026-02-27,BIDU
BIDU260227P00125000,125.0,0.85,0.67,0.86,4.0,127.0,0.5537154003906251,False,PUT,2026-02-27,BIDU
BIDU260227P00129000,129.0,1.2,0.98,1.08,3.0,9.0,0.5317429638671876,False,PUT,2026-02-27,BIDU
BIDU260227P00130000,130.0,1.2,1.07,1.18,10.0,18.0,0.5285691674804689,False,PUT,2026-02-27,BIDU
BIDU260227P00131000,131.0,1.26,0.01,3.1,4.0,13.0,0.5642133422851563,False,PUT,2026-02-27,BIDU
BIDU260227P00132000,132.0,1.5,1.31,1.46,15.0,3.0,0.5278367529296876,False,PUT,2026-02-27,BIDU
BIDU260227P00133000,133.0,1.65,0.06,1.97,1.0,67.0,0.5732464550781251,False,PUT,2026-02-27,BIDU
BIDU260227P00134000,134.0,1.57,1.57,1.81,1.0,6.0,0.5271043383789062,False,PUT,2026-02-27,BIDU
BIDU260227P00135000,135.0,1.75,1.65,1.83,2.0,16.0,0.5147753601074219,False,PUT,2026-02-27,BIDU
BIDU260227P00136000,136.0,2.17,1.54,3.05,1.0,10.0,0.5495650512695314,False,PUT,2026-02-27,BIDU
BIDU260227P00137000,137.0,2.16,1.78,3.25,2.0,2.0,0.5502974658203126,False,PUT,2026-02-27,BIDU
BIDU260227P00138000,138.0,3.31,1.92,2.8,,1.0,0.5180712255859375,False,PUT,2026-02-27,BIDU
BIDU260227P00139000,139.0,2.72,2.37,2.69,,4.0,0.5136767382812499,False,PUT,2026-02-27,BIDU
BIDU260227P00140000,140.0,3.1,2.52,3.1,5.0,78.0,0.5172167419433593,False,PUT,2026-02-27,BIDU
BIDU260227P00141000,141.0,2.79,2.81,3.35,3.0,7.0,0.5184374328613282,False,PUT,2026-02-27,BIDU
BIDU260227P00142000,142.0,2.7,3.15,3.45,90.0,132.0,0.5148974291992188,False,PUT,2026-02-27,BIDU
BIDU260227P00143000,143.0,3.4,3.4,3.8,2.0,46.0,0.5161181201171875,False,PUT,2026-02-27,BIDU
BIDU260227P00144000,144.0,4.7,3.7,4.05,1.0,38.0,0.5142870837402342,False,PUT,2026-02-27,BIDU
BIDU260227P00145000,145.0,3.85,3.85,4.35,5.0,36.0,0.5083056982421875,False,PUT,2026-02-27,BIDU
BIDU260227P00146000,146.0,3.7,3.95,4.95,1.0,5.0,0.5095263891601562,False,PUT,2026-02-27,BIDU
BIDU260227P00147000,147.0,5.05,4.55,5.25,1.0,5.0,0.5159960510253907,False,PUT,2026-02-27,BIDU
BIDU260227P00148000,148.0,5.0,5.05,5.65,1.0,7.0,0.5211229528808592,False,PUT,2026-02-27,BIDU
BIDU260227P00150000,150.0,6.2,5.75,6.4,1.0,69.0,0.5172167419433593,False,PUT,2026-02-27,BIDU
BIDU260227P00152500,152.5,7.0,6.75,7.55,1.0,103.0,0.5168505346679688,False,PUT,2026-02-27,BIDU
BIDU260227P00155000,155.0,8.45,7.85,8.45,13.0,2.0,0.5059863854980469,False,PUT,2026-02-27,BIDU
BIDU260227P00157500,157.5,9.9,9.1,10.25,9.0,10.0,0.5185595019531251,True,PUT,2026-02-27,BIDU
BIDU260227P00160000,160.0,12.3,10.9,11.55,1.0,34.0,0.5264939929199219,True,PUT,2026-02-27,BIDU
BIDU260227P00162500,162.5,12.25,12.35,13.1,15.0,11.0,0.5261277856445312,True,PUT,2026-02-27,BIDU
BIDU260227P00165000,165.0,15.25,13.9,14.45,1.0,41.0,0.5172167419433593,True,PUT,2026-02-27,BIDU
BIDU260227P00167500,167.5,12.9,15.6,16.95,,20.0,0.5408981457519533,True,PUT,2026-02-27,BIDU
BIDU260227P00170000,170.0,14.45,17.6,18.35,,3.0,0.5363815893554689,True,PUT,2026-02-27,BIDU
BIDU260227P00175000,175.0,18.95,20.85,22.0,1.0,7.0,0.5131884619140624,True,PUT,2026-02-27,BIDU
BIDU260227P00180000,180.0,24.08,25.7,26.6,,10.0,0.5618940295410157,True,PUT,2026-02-27,BIDU
BIDU260306C00120000,120.0,37.62,35.95,38.85,1.0,2.0,0.5422409057617189,True,CALL,2026-03-06,BIDU
BIDU260306C00140000,140.0,25.0,19.8,21.25,4.0,4.0,0.5300339965820313,True,CALL,2026-03-06,BIDU
BIDU260306C00162500,162.5,7.55,8.35,8.9,9.0,3.0,0.555790574951172,False,CALL,2026-03-06,BIDU
BIDU260306C00165000,165.0,7.05,7.15,7.9,3.0,6.0,0.5466964276123047,False,CALL,2026-03-06,BIDU
BIDU260306C00167500,167.5,6.85,6.7,7.15,6.0,5.0,0.5592085095214845,False,CALL,2026-03-06,BIDU
BIDU260306C00170000,170.0,6.3,6.0,6.65,3.0,7.0,0.56836369140625,False,CALL,2026-03-06,BIDU
BIDU260306C00200000,200.0,2.51,1.35,2.16,1.0,1.0,0.6132851171875001,False,CALL,2026-03-06,BIDU
BIDU260306P00135000,135.0,2.71,2.28,2.53,6.0,430.0,0.5205126074218749,False,PUT,2026-03-06,BIDU
BIDU260306P00145000,145.0,4.82,4.75,5.5,6.0,10.0,0.5185595019531251,False,PUT,2026-03-06,BIDU
BIDU260306P00155000,155.0,9.6,9.2,9.6,3.0,12.0,0.5190477783203125,False,PUT,2026-03-06,BIDU
BIDU260306P00160000,160.0,12.35,11.85,12.9,13.0,14.0,0.5319871020507813,True,PUT,2026-03-06,BIDU
BIDU260306P00162500,162.5,13.8,13.5,14.0,12.0,3.0,0.5257615783691407,True,PUT,2026-03-06,BIDU
BIDU260306P00165000,165.0,12.22,15.0,15.65,,2.0,0.5252122674560546,True,PUT,2026-03-06,BIDU
BIDU260306P00167500,167.5,13.65,16.7,17.45,,2.0,0.529423651123047,True,PUT,2026-03-06,BIDU
BIDU260320C00110000,110.0,47.8,45.9,48.4,20.0,1034.0,0.5268602001953125,True,CALL,2026-03-20,BIDU
BIDU260320C00115000,115.0,45.31,41.1,43.85,1.0,2014.0,0.5339402075195312,True,CALL,2026-03-20,BIDU
BIDU260320C00120000,120.0,41.5,36.9,39.0,2.0,6029.0,0.5371140039062501,True,CALL,2026-03-20,BIDU
BIDU260320C00125000,125.0,33.8,32.95,34.45,2.0,1011.0,0.5462691857910158,True,CALL,2026-03-20,BIDU
BIDU260320C00130000,130.0,32.22,29.25,30.75,2.0,2732.0,0.5738568005371094,True,CALL,2026-03-20,BIDU
BIDU260320C00135000,135.0,26.35,25.7,26.3,61.0,4063.0,0.5592085095214845,True,CALL,2026-03-20,BIDU
BIDU260320C00140000,140.0,24.22,21.65,22.4,2.0,1616.0,0.5338181384277343,True,CALL,2026-03-20,BIDU
BIDU260320C00145000,145.0,18.29,18.4,19.1,11.0,1750.0,0.5320481365966796,True,CALL,2026-03-20,BIDU
BIDU260320C00150000,150.0,14.69,15.55,16.1,332.0,13234.0,0.5313767565917968,True,CALL,2026-03-20,BIDU
BIDU260320C00155000,155.0,12.75,13.2,13.55,89.0,3646.0,0.5370529693603516,True,CALL,2026-03-20,BIDU
BIDU260320C00160000,160.0,11.05,11.0,11.3,110.0,4851.0,0.5383346948242189,False,CALL,2026-03-20,BIDU
BIDU260320C00165000,165.0,9.3,8.95,9.4,73.0,2833.0,0.5373581420898439,False,CALL,2026-03-20,BIDU
BIDU260320C00170000,170.0,7.65,7.5,7.95,106.0,5058.0,0.5471847039794924,False,CALL,2026-03-20,BIDU
BIDU260320C00175000,175.0,6.06,6.1,6.5,78.0,1573.0,0.5471236694335939,False,CALL,2026-03-20,BIDU
BIDU260320C00180000,180.0,5.2,5.0,5.4,187.0,2092.0,0.5520064331054688,False,CALL,2026-03-20,BIDU
BIDU260320C00185000,185.0,4.15,4.15,4.5,166.0,612.0,0.5590864404296876,False,CALL,2026-03-20,BIDU
BIDU260320C00190000,190.0,3.55,3.4,3.65,225.0,3747.0,0.5615888568115235,False,CALL,2026-03-20,BIDU
BIDU260320C00195000,195.0,3.0,2.9,3.15,18.0,399.0,0.5745892150878906,False,CALL,2026-03-20,BIDU
BIDU260320C00200000,200.0,2.43,2.43,2.76,108.0,2697.0,0.5861857788085938,False,CALL,2026-03-20,BIDU
BIDU260320P00110000,110.0,0.5,0.31,0.8,3.0,4896.0,0.5695843823242188,False,PUT,2026-03-20,BIDU
BIDU260320P00115000,115.0,0.68,0.0,1.24,4.0,2804.0,0.5214891601562499,False,PUT,2026-03-20,BIDU
BIDU260320P00120000,120.0,1.07,0.99,1.07,4.0,1651.0,0.5202684692382812,False,PUT,2026-03-20,BIDU
BIDU260320P00125000,125.0,1.53,1.5,1.71,4.0,2208.0,0.5173388110351562,False,PUT,2026-03-20,BIDU
BIDU260320P00130000,130.0,2.6,2.23,2.39,1.0,1409.0,0.5079394909667969,False,PUT,2026-03-20,BIDU
BIDU260320P00135000,135.0,3.52,3.2,3.45,7.0,2579.0,0.5042774182128906,False,PUT,2026-03-20,BIDU
BIDU260320P00140000,140.0,4.95,4.5,4.85,20.0,1401.0,0.5031787963867188,False,PUT,2026-03-20,BIDU
BIDU260320P00145000,145.0,6.36,6.1,6.55,12.0,1369.0,0.5008594836425782,False,PUT,2026-03-20,BIDU
BIDU260320P00150000,150.0,8.3,8.15,8.5,53.0,1339.0,0.5069629382324219,False,PUT,2026-03-20,BIDU
BIDU260320P00155000,155.0,10.75,10.65,10.85,315.0,241.0,0.5005543109130859,False,PUT,2026-03-20,BIDU
BIDU260320P00160000,160.0,13.55,13.35,13.8,55.0,295.0,0.504460521850586,True,PUT,2026-03-20,BIDU
BIDU260320P00165000,165.0,15.65,16.4,17.4,3.0,179.0,0.5159960510253907,True,PUT,2026-03-20,BIDU
BIDU260320P00170000,170.0,19.45,19.8,20.45,81.0,127.0,0.5105029418945313,True,PUT,2026-03-20,BIDU
BIDU260320P00175000,175.0,21.24,23.5,24.1,7.0,21.0,0.5130663928222656,True,PUT,2026-03-20,BIDU
BIDU260320P00180000,180.0,28.05,27.35,27.9,1.0,50.0,0.5114794946289063,True,PUT,2026-03-20,BIDU
BIDU260320P00185000,185.0,60.55,36.9,38.05,,1.0,0.8024311749267576,True,PUT,2026-03-20,BIDU
BIDU260320P00190000,190.0,31.5,35.75,36.65,,2.0,0.5285691674804689,True,PUT,2026-03-20,BIDU
BIDU260320P00200000,200.0,43.23,44.65,46.15,4.0,4.0,0.5561567822265626,True,PUT,2026-03-20,BIDU
BIDU260417C00110000,110.0,50.0,46.65,49.2,2.0,81.0,0.5363815893554689,True,CALL,2026-04-17,BIDU
BIDU260417C00115000,115.0,40.26,42.05,44.9,1.0,43.0,0.5344284838867188,True,CALL,2026-04-17,BIDU
BIDU260417C00120000,120.0,38.5,38.5,40.35,400.0,846.0,0.5482222912597658,True,CALL,2026-04-17,BIDU
BIDU260417C00125000,125.0,36.32,34.35,36.8,5.0,4953.0,0.5566450585937501,True,CALL,2026-04-17,BIDU
BIDU260417C00130000,130.0,37.23,31.0,32.55,10.0,413.0,0.5537154003906251,True,CALL,2026-04-17,BIDU
BIDU260417C00135000,135.0,29.8,26.75,28.15,30.0,103.0,0.5167895001220704,True,CALL,2026-04-17,BIDU
BIDU260417C00140000,140.0,25.7,23.8,25.15,5.0,283.0,0.5310105493164063,True,CALL,2026-04-17,BIDU
BIDU260417C00145000,145.0,21.8,20.8,21.65,16.0,292.0,0.5222215747070311,True,CALL,2026-04-17,BIDU
BIDU260417C00150000,150.0,16.85,18.0,18.8,27.0,1114.0,0.5198412274169921,True,CALL,2026-04-17,BIDU
BIDU260417C00155000,155.0,15.95,15.65,16.5,37.0,182.0,0.5255174401855469,True,CALL,2026-04-17,BIDU
BIDU260417C00160000,160.0,12.5,13.4,14.0,2.0,214.0,0.5202074346923828,False,CALL,2026-04-17,BIDU
BIDU260417C00165000,165.0,10.45,11.55,12.05,6.0,185.0,0.5226488165283203,False,CALL,2026-04-17,BIDU
BIDU260417C00170000,170.0,9.5,10.0,10.35,39.0,341.0,0.5264939929199219,False,CALL,2026-04-17,BIDU
BIDU260417C00175000,175.0,8.53,8.5,8.95,16.0,200.0,0.5291184783935547,False,CALL,2026-04-17,BIDU
BIDU260417C00180000,180.0,7.31,7.25,7.9,12.0,436.0,0.5357712438964843,False,CALL,2026-04-17,BIDU
BIDU260417C00185000,185.0,5.8,6.3,6.8,1.0,205.0,0.5410812493896486,False,CALL,2026-04-17,BIDU
BIDU260417C00190000,190.0,6.1,5.35,5.7,2.0,221.0,0.5403488348388674,False,CALL,2026-04-17,BIDU
BIDU260417C00195000,195.0,5.5,4.6,4.95,18.0,134.0,0.5455367712402344,False,CALL,2026-04-17,BIDU
BIDU260417C00200000,200.0,4.15,3.9,4.3,100.0,489.0,0.5491988439941409,False,CALL,2026-04-17,BIDU
BIDU260417P00110000,110.0,1.02,0.0,2.85,6.0,414.0,0.5666547241210937,False,PUT,2026-04-17,BIDU
BIDU260417P00115000,115.0,1.24,0.01,2.73,10.0,1243.0,0.5048877636718749,False,PUT,2026-04-17,BIDU
BIDU260417P00120000,120.0,2.05,1.82,2.1,12.0,201.0,0.5095263891601562,False,PUT,2026-04-17,BIDU
BIDU260417P00125000,125.0,2.34,2.56,2.91,10.0,311.0,0.5043994873046875,False,PUT,2026-04-17,BIDU
BIDU260417P00130000,130.0,4.0,3.5,3.75,3.0,376.0,0.4899953344726563,False,PUT,2026-04-17,BIDU
BIDU260417P00135000,135.0,4.0,4.8,5.05,3.0,343.0,0.4885305053710938,False,PUT,2026-04-17,BIDU
BIDU260417P00140000,140.0,6.12,6.3,6.6,3.0,304.0,0.48615015808105466,False,PUT,2026-04-17,BIDU
BIDU260417P00145000,145.0,8.65,8.15,8.5,137.0,686.0,0.4864553308105469,False,PUT,2026-04-17,BIDU
BIDU260417P00150000,150.0,11.0,10.3,10.7,43.0,340.0,0.48682153808593753,False,PUT,2026-04-17,BIDU
BIDU260417P00155000,155.0,12.35,12.75,13.6,2.0,443.0,0.5014087945556642,False,PUT,2026-04-17,BIDU
BIDU260417P00160000,160.0,15.85,15.55,16.05,82.0,576.0,0.49042257629394537,True,PUT,2026-04-17,BIDU
BIDU260417P00165000,165.0,18.56,18.55,19.2,2.0,26.0,0.49445085632324226,True,PUT,2026-04-17,BIDU
BIDU260417P00170000,170.0,21.6,21.85,22.9,4.0,122.0,0.5092212164306642,True,PUT,2026-04-17,BIDU
BIDU260417P00175000,175.0,29.6,25.4,26.5,3.0,3.0,0.5130663928222656,True,PUT,2026-04-17,BIDU
BIDU260417P00180000,180.0,25.95,29.2,30.45,10.0,31.0,0.5228929547119141,True,PUT,2026-04-17,BIDU
BIDU260417P00190000,190.0,40.25,37.15,38.55,1.0,24.0,0.5019581054687501,True,PUT,2026-04-17,BIDU
BIDU260417P00195000,195.0,37.55,41.5,42.25,2.0,12.0,0.5114794946289063,True,PUT,2026-04-17,BIDU
BIDU260417P00200000,200.0,46.3,45.2,47.25,2.0,200.0,0.546025047607422,True,PUT,2026-04-17,BIDU
BIDU260515C00110000,110.0,48.24,48.3,50.4,1.0,51.0,0.5742230078125,True,CALL,2026-05-15,BIDU
BIDU260515C00115000,115.0,44.47,43.35,46.0,4.0,58.0,0.5399215930175782,True,CALL,2026-05-15,BIDU
BIDU260515C00120000,120.0,47.18,39.15,41.95,33.0,122.0,0.5332688275146484,True,CALL,2026-05-15,BIDU
BIDU260515C00125000,125.0,40.02,36.6,38.15,1.0,257.0,0.561527822265625,True,CALL,2026-05-15,BIDU
BIDU260515C00130000,130.0,38.0,32.35,34.35,1.0,70.0,0.5407760766601564,True,CALL,2026-05-15,BIDU
BIDU260515C00135000,135.0,28.76,28.9,30.35,3.0,58.0,0.5261888201904297,True,CALL,2026-05-15,BIDU
BIDU260515C00140000,140.0,32.0,26.1,27.05,1.0,252.0,0.5287522711181643,True,CALL,2026-05-15,BIDU
BIDU260515C00145000,145.0,24.23,23.2,24.4,12.0,131.0,0.5320481365966796,True,CALL,2026-05-15,BIDU
BIDU260515C00150000,150.0,21.3,20.15,21.45,46.0,317.0,0.5208177801513671,True,CALL,2026-05-15,BIDU
BIDU260515C00155000,155.0,17.28,17.6,19.2,1.0,158.0,0.5212450219726561,True,CALL,2026-05-15,BIDU
BIDU260515C00160000,160.0,14.9,15.7,16.7,325.0,337.0,0.5208788146972656,False,CALL,2026-05-15,BIDU
BIDU260515C00165000,165.0,15.35,14.1,14.75,10.0,223.0,0.5267381311035157,False,CALL,2026-05-15,BIDU
BIDU260515C00170000,170.0,13.7,12.45,13.05,2.0,194.0,0.5296067547607424,False,CALL,2026-05-15,BIDU
BIDU260515C00175000,175.0,12.1,11.1,11.5,14.0,325.0,0.5336960693359375,False,CALL,2026-05-15,BIDU
BIDU260515C00180000,180.0,10.45,9.8,10.2,31.0,167.0,0.5372971075439454,False,CALL,2026-05-15,BIDU
BIDU260515C00185000,185.0,8.9,8.5,8.95,101.0,177.0,0.5368698657226563,False,CALL,2026-05-15,BIDU
BIDU260515C00190000,190.0,7.02,7.6,7.95,1.0,158.0,0.5424850439453126,False,CALL,2026-05-15,BIDU
BIDU260515C00195000,195.0,6.8,6.5,7.05,1.0,55.0,0.5423019403076172,False,CALL,2026-05-15,BIDU
BIDU260515C00200000,200.0,6.08,5.9,6.25,10.0,165.0,0.5488936712646486,False,CALL,2026-05-15,BIDU
BIDU260515P00110000,110.0,1.55,1.32,1.64,3.0,108.0,0.5051319018554687,False,PUT,2026-05-15,BIDU
BIDU260515P00115000,115.0,2.08,2.06,2.4,1.0,421.0,0.508793974609375,False,PUT,2026-05-15,BIDU
BIDU260515P00120000,120.0,3.1,2.86,3.05,1.0,110.0,0.49451189086914066,False,PUT,2026-05-15,BIDU
BIDU260515P00125000,125.0,3.9,3.9,4.0,1.0,209.0,0.488408436279297,False,PUT,2026-05-15,BIDU
BIDU260515P00130000,130.0,5.2,4.95,5.25,1.0,196.0,0.4866994689941406,False,PUT,2026-05-15,BIDU
BIDU260515P00135000,135.0,7.0,6.4,6.8,1.0,304.0,0.48743188354492195,False,PUT,2026-05-15,BIDU
BIDU260515P00140000,140.0,7.08,8.1,8.45,2.0,20.0,0.4826711889648438,False,PUT,2026-05-15,BIDU
BIDU260515P00145000,145.0,11.3,10.1,10.45,157.0,2527.0,0.48151153259277346,False,PUT,2026-05-15,BIDU
BIDU260515P00150000,150.0,12.0,12.35,12.8,5.0,751.0,0.48328153442382815,False,PUT,2026-05-15,BIDU
BIDU260515P00155000,155.0,15.1,14.9,15.35,6.0,93.0,0.48328153442382815,False,PUT,2026-05-15,BIDU
BIDU260515P00160000,160.0,17.55,17.65,18.05,2.0,8.0,0.4805044625854492,True,PUT,2026-05-15,BIDU
BIDU260515P00165000,165.0,20.55,20.75,21.35,412.0,427.0,0.4885915399169922,True,PUT,2026-05-15,BIDU
BIDU260515P00170000,170.0,23.35,24.0,24.45,4.0,34.0,0.4842580871582032,True,PUT,2026-05-15,BIDU
BIDU260515P00175000,175.0,31.1,27.4,28.5,,12.0,0.5027515545654297,True,PUT,2026-05-15,BIDU
BIDU260515P00180000,180.0,27.6,30.6,31.95,1.0,2.0,0.49750258361816413,True,PUT,2026-05-15,BIDU
BIDU260515P00190000,190.0,45.2,38.8,39.65,,16.0,0.496648099975586,True,PUT,2026-05-15,BIDU
BIDU260515P00200000,200.0,43.75,46.95,48.7,25.0,66.0,0.5267991656494142,True,PUT,2026-05-15,BIDU
BIDU260618C00110000,110.0,48.24,49.3,51.55,1.0,2517.0,0.5599409240722657,True,CALL,2026-06-18,BIDU
BIDU260618C00115000,115.0,47.48,46.0,47.5,44.0,269.0,0.5705609350585938,True,CALL,2026-06-18,BIDU
BIDU260618C00120000,120.0,40.0,42.35,43.75,4.0,4048.0,0.5700726586914062,True,CALL,2026-06-18,BIDU
BIDU260618C00125000,125.0,41.5,38.6,39.55,2.0,2115.0,0.5525557440185547,True,CALL,2026-06-18,BIDU
BIDU260618C00130000,130.0,36.5,35.45,35.95,10.0,1267.0,0.5511519494628907,True,CALL,2026-06-18,BIDU
BIDU260618C00135000,135.0,32.4,31.85,32.75,16.0,1145.0,0.542668147583008,True,CALL,2026-06-18,BIDU
BIDU260618C00140000,140.0,29.2,28.75,29.45,10.0,716.0,0.5349777947998047,True,CALL,2026-06-18,BIDU
BIDU260618C00145000,145.0,28.25,25.95,26.6,1.0,2093.0,0.5326584820556641,True,CALL,2026-06-18,BIDU
BIDU260618C00150000,150.0,23.13,23.3,24.1,15.0,5887.0,0.5316208947753907,True,CALL,2026-06-18,BIDU
BIDU260618C00155000,155.0,21.4,20.95,21.5,59.0,902.0,0.5280808911132813,True,CALL,2026-06-18,BIDU
BIDU260618C00160000,160.0,19.3,19.1,19.5,2903.0,3085.0,0.5338181384277343,False,CALL,2026-06-18,BIDU
BIDU260618C00165000,165.0,16.78,17.1,17.6,43.0,392.0,0.5340622766113281,False,CALL,2026-06-18,BIDU
BIDU260618C00170000,170.0,15.35,15.25,15.7,14.0,602.0,0.5318650329589845,False,CALL,2026-06-18,BIDU
BIDU260618C00175000,175.0,14.0,13.65,14.15,2.0,719.0,0.5331467584228515,False,CALL,2026-06-18,BIDU
BIDU260618C00180000,180.0,13.65,12.4,12.75,1.0,579.0,0.5370529693603516,False,CALL,2026-06-18,BIDU
BIDU260618C00185000,185.0,10.95,11.15,11.45,5.0,185.0,0.5387009020996094,False,CALL,2026-06-18,BIDU
BIDU260618C00190000,190.0,9.52,9.95,10.35,3.0,331.0,0.540287800292969,False,CALL,2026-06-18,BIDU
BIDU260618C00195000,195.0,9.75,8.95,9.35,13.0,412.0,0.5429122857666018,False,CALL,2026-06-18,BIDU
BIDU260618C00200000,200.0,8.25,8.05,8.5,239.0,1103.0,0.5462081512451173,False,CALL,2026-06-18,BIDU
BIDU260618P00110000,110.0,2.61,2.41,2.5,61.0,1507.0,0.49622085815429695,False,PUT,2026-06-18,BIDU
BIDU260618P00115000,115.0,3.12,3.15,3.35,3.0,447.0,0.49414568359375005,False,PUT,2026-06-18,BIDU
BIDU260618P00120000,120.0,4.1,4.05,4.35,30.0,1625.0,0.49060567993164067,False,PUT,2026-06-18,BIDU
BIDU260618P00125000,125.0,5.5,5.3,5.55,1.0,507.0,0.4875539526367188,False,PUT,2026-06-18,BIDU
BIDU260618P00130000,130.0,6.65,6.65,6.95,4.0,1425.0,0.4845022253417969,False,PUT,2026-06-18,BIDU
BIDU260618P00135000,135.0,8.65,8.3,8.6,120.0,1173.0,0.4826711889648438,False,PUT,2026-06-18,BIDU
BIDU260618P00140000,140.0,10.85,10.1,10.5,123.0,1140.0,0.48163360168457037,False,PUT,2026-06-18,BIDU
BIDU260618P00145000,145.0,12.2,12.2,12.5,50.0,699.0,0.4770560107421875,False,PUT,2026-06-18,BIDU
BIDU260618P00150000,150.0,14.69,14.55,15.0,10.0,799.0,0.48016877258300783,False,PUT,2026-06-18,BIDU
BIDU260618P00155000,155.0,14.94,17.05,17.6,144.0,265.0,0.47986359985351557,False,PUT,2026-06-18,BIDU
BIDU260618P00160000,160.0,20.5,19.85,20.25,22.0,1004.0,0.47531652618408204,True,PUT,2026-06-18,BIDU
BIDU260618P00165000,165.0,22.4,22.65,23.5,30.0,145.0,0.48102325622558595,True,PUT,2026-06-18,BIDU
BIDU260618P00170000,170.0,27.0,26.1,26.75,1.0,78.0,0.48172515350341794,True,PUT,2026-06-18,BIDU
BIDU260618P00180000,180.0,37.65,33.15,34.2,,3.0,0.49469499450683596,True,PUT,2026-06-18,BIDU
BIDU260618P00200000,200.0,51.2,48.7,50.15,,5.0,0.5054370745849608,True,PUT,2026-06-18,BIDU
BIDU260717C00175000,175.0,16.05,15.4,16.35,1.0,31.0,0.5322922747802734,False,CALL,2026-07-17,BIDU
BIDU260717C00180000,180.0,13.5,14.15,14.5,1.0,20.0,0.5311326184082032,False,CALL,2026-07-17,BIDU
BIDU260717C00185000,185.0,15.85,12.7,13.2,21.0,21.0,0.5310410665893556,False,CALL,2026-07-17,BIDU
BIDU260717C00190000,190.0,14.35,11.55,12.05,18.0,18.0,0.5335129656982422,False,CALL,2026-07-17,BIDU
BIDU260717C00195000,195.0,13.35,10.5,11.0,18.0,18.0,0.5358322784423828,False,CALL,2026-07-17,BIDU
BIDU260717C00200000,200.0,12.1,9.5,10.0,18.0,18.0,0.5368698657226563,False,CALL,2026-07-17,BIDU
BIDU260717P00155000,155.0,16.55,18.45,18.85,18.0,18.0,0.4668632415771484,False,PUT,2026-07-17,BIDU
BIDU260717P00160000,160.0,21.65,21.25,21.6,15.0,41.0,0.4646659979248047,True,PUT,2026-07-17,BIDU
BIDU260717P00165000,165.0,21.5,24.25,24.85,198.0,198.0,0.4697013479614258,True,PUT,2026-07-17,BIDU
BIDU260717P00170000,170.0,24.85,27.4,27.9,18.0,18.0,0.46582565429687506,True,PUT,2026-07-17,BIDU
BIDU260717P00175000,175.0,28.35,30.5,31.8,18.0,18.0,0.478093598022461,True,PUT,2026-07-17,BIDU
BIDU260821C00160000,160.0,27.1,22.6,24.15,1.0,1.0,0.5303391693115236,False,CALL,2026-08-21,BIDU
BIDU260821P00165000,165.0,25.25,26.0,27.0,34.0,184.0,0.47363807617187503,True,PUT,2026-08-21,BIDU
BIDU260918C00110000,110.0,53.05,52.5,55.2,1.0,173.0,0.5601850622558593,True,CALL,2026-09-18,BIDU
BIDU260918C00115000,115.0,53.3,49.45,51.55,1.0,203.0,0.5643964459228517,True,CALL,2026-09-18,BIDU
BIDU260918C00120000,120.0,52.8,46.4,47.45,5.0,474.0,0.556767127685547,True,CALL,2026-09-18,BIDU
BIDU260918C00125000,125.0,45.27,43.05,44.05,3.0,234.0,0.5509078112792969,True,CALL,2026-09-18,BIDU
BIDU260918C00130000,130.0,45.9,40.15,41.45,4.0,256.0,0.5568891967773439,True,CALL,2026-09-18,BIDU
BIDU260918C00135000,135.0,38.1,37.25,38.35,19.0,228.0,0.5524336749267578,True,CALL,2026-09-18,BIDU
BIDU260918C00140000,140.0,33.0,34.4,34.8,1.0,264.0,0.5401657312011721,True,CALL,2026-09-18,BIDU
BIDU260918C00145000,145.0,36.45,31.4,32.75,6.0,233.0,0.539891075744629,True,CALL,2026-09-18,BIDU
BIDU260918C00150000,150.0,28.13,29.1,29.8,2.0,651.0,0.5341538284301758,True,CALL,2026-09-18,BIDU
BIDU260918C00155000,155.0,27.05,26.9,27.9,4.0,142.0,0.5373581420898439,True,CALL,2026-09-18,BIDU
BIDU260918C00160000,160.0,25.0,25.0,25.5,4.0,446.0,0.5354050366210938,False,CALL,2026-09-18,BIDU
BIDU260918C00165000,165.0,26.29,23.1,23.5,3.0,177.0,0.5347336566162109,False,CALL,2026-09-18,BIDU
BIDU260918C00170000,170.0,20.0,21.3,21.6,1.0,548.0,0.5333603793334961,False,CALL,2026-09-18,BIDU
BIDU260918C00175000,175.0,20.13,19.45,20.1,10.0,96.0,0.5329636547851562,False,CALL,2026-09-18,BIDU
BIDU260918C00180000,180.0,18.15,17.95,18.7,4.0,120.0,0.5346726220703125,False,CALL,2026-09-18,BIDU
BIDU260918C00185000,185.0,18.9,16.55,17.1,3.0,152.0,0.5331162411499023,False,CALL,2026-09-18,BIDU
BIDU260918C00190000,190.0,18.72,15.3,16.1,1.0,77.0,0.5370834866333009,False,CALL,2026-09-18,BIDU
BIDU260918C00195000,195.0,17.67,14.1,14.6,1.0,63.0,0.5343674493408204,False,CALL,2026-09-18,BIDU
BIDU260918C00200000,200.0,13.1,13.1,13.6,222.0,1649.0,0.5371140039062501,False,CALL,2026-09-18,BIDU
BIDU260918P00110000,110.0,5.75,4.55,4.85,5.0,449.0,0.4824880853271485,False,PUT,2026-09-18,BIDU
BIDU260918P00115000,115.0,5.6,5.7,6.05,1.0,711.0,0.48053497985839844,False,PUT,2026-09-18,BIDU
BIDU260918P00120000,120.0,7.5,6.95,7.35,3.0,773.0,0.47638463073730464,False,PUT,2026-09-18,BIDU
BIDU260918P00125000,125.0,8.28,8.4,9.3,1.0,334.0,0.48541774353027345,False,PUT,2026-09-18,BIDU
BIDU260918P00130000,130.0,9.15,10.0,10.95,2.0,707.0,0.48071808349609374,False,PUT,2026-09-18,BIDU
BIDU260918P00135000,135.0,11.23,11.85,12.85,100.0,526.0,0.47803256347656253,False,PUT,2026-09-18,BIDU
BIDU260918P00140000,140.0,14.89,13.95,15.05,1.0,25.0,0.4781241152954102,False,PUT,2026-09-18,BIDU
BIDU260918P00145000,145.0,16.25,16.2,17.2,8.0,644.0,0.47308876525878907,False,PUT,2026-09-18,BIDU
BIDU260918P00150000,150.0,17.3,18.75,19.65,8.0,685.0,0.47092203887939454,False,PUT,2026-09-18,BIDU
BIDU260918P00155000,155.0,21.22,21.4,21.95,2.0,26.0,0.4621635815429688,False,PUT,2026-09-18,BIDU
BIDU260918P00160000,160.0,22.15,24.25,24.95,23.0,47.0,0.46439134246826175,True,PUT,2026-09-18,BIDU
BIDU260918P00165000,165.0,26.79,27.25,28.2,2.0,5.0,0.46832807067871096,True,PUT,2026-09-18,BIDU
BIDU260918P00170000,170.0,30.0,30.4,31.4,100.0,4.0,0.4681449670410156,True,PUT,2026-09-18,BIDU
BIDU260918P00175000,175.0,30.6,33.7,34.9,10.0,17.0,0.4710746252441406,True,PUT,2026-09-18,BIDU
BIDU260918P00180000,180.0,71.9,0.0,0.0,,10.0,1.0000000000000003e-05,True,PUT,2026-09-18,BIDU
BIDU260918P00190000,190.0,42.95,44.35,44.9,,2.0,0.4534356414794922,True,PUT,2026-09-18,BIDU
BIDU261218C00110000,110.0,62.77,56.15,58.2,3.0,146.0,0.5653424813842775,True,CALL,2026-12-18,BIDU
BIDU261218C00115000,115.0,51.95,53.7,55.5,10.0,93.0,0.5804180142211915,True,CALL,2026-12-18,BIDU
BIDU261218C00120000,120.0,51.87,50.15,52.9,1.0,413.0,0.5787395642089843,True,CALL,2026-12-18,BIDU
BIDU261218C00125000,125.0,53.13,47.65,49.1,1.0,228.0,0.5724530059814454,True,CALL,2026-12-18,BIDU
BIDU261218C00130000,130.0,45.0,44.5,45.4,2.0,741.0,0.5581098876953126,True,CALL,2026-12-18,BIDU
BIDU261218C00135000,135.0,44.03,41.35,43.75,9.0,137.0,0.5623212713623047,True,CALL,2026-12-18,BIDU
BIDU261218C00140000,140.0,41.1,38.75,40.3,64.0,242.0,0.5516707431030273,True,CALL,2026-12-18,BIDU
BIDU261218C00145000,145.0,40.8,36.3,38.2,1.0,125.0,0.5530440203857423,True,CALL,2026-12-18,BIDU
BIDU261218C00150000,150.0,37.68,34.3,34.95,4.0,8272.0,0.5456588403320313,True,CALL,2026-12-18,BIDU
BIDU261218C00155000,155.0,32.95,31.35,33.5,2.0,67.0,0.5438583212280274,True,CALL,2026-12-18,BIDU
BIDU261218C00160000,160.0,30.84,30.05,30.65,5.0,4915.0,0.5421798712158206,False,CALL,2026-12-18,BIDU
BIDU261218C00165000,165.0,32.25,27.95,29.4,21.0,253.0,0.5453841848754883,False,CALL,2026-12-18,BIDU
BIDU261218C00170000,170.0,26.05,26.1,27.0,101.0,570.0,0.5389755575561525,False,CALL,2026-12-18,BIDU
BIDU261218C00175000,175.0,24.45,24.4,25.1,62.0,74.0,0.5363815893554689,False,CALL,2026-12-18,BIDU
BIDU261218C00180000,180.0,26.1,22.85,23.7,6.0,137.0,0.5376022802734376,False,CALL,2026-12-18,BIDU
BIDU261218C00185000,185.0,23.05,20.6,22.15,1.0,79.0,0.5299424447631836,False,CALL,2026-12-18,BIDU
BIDU261218C00190000,190.0,20.84,20.05,20.8,5.0,60.0,0.5369309002685547,False,CALL,2026-12-18,BIDU
BIDU261218C00195000,195.0,21.9,18.4,20.15,2.0,57.0,0.5390976266479494,False,CALL,2026-12-18,BIDU
BIDU261218C00200000,200.0,17.65,16.8,19.0,1.0,528.0,0.5359848648071289,False,CALL,2026-12-18,BIDU
BIDU261218P00110000,110.0,6.77,6.7,7.15,1.0,257.0,0.477544287109375,False,PUT,2026-12-18,BIDU
BIDU261218P00115000,115.0,7.5,8.1,8.7,3.0,136.0,0.4783377362060547,False,PUT,2026-12-18,BIDU
BIDU261218P00120000,120.0,10.05,9.55,10.2,1.0,119.0,0.4736991107177735,False,PUT,2026-12-18,BIDU
BIDU261218P00125000,125.0,10.5,11.25,12.6,2.0,111.0,0.48578395080566406,False,PUT,2026-12-18,BIDU
BIDU261218P00130000,130.0,14.05,13.15,13.9,4.0,44.0,0.4699760034179688,False,PUT,2026-12-18,BIDU
BIDU261218P00135000,135.0,14.63,15.15,17.05,2.0,23.0,0.48911033355712896,False,PUT,2026-12-18,BIDU
BIDU261218P00140000,140.0,17.35,17.55,18.1,5.0,49.0,0.46362841064453125,False,PUT,2026-12-18,BIDU
BIDU261218P00145000,145.0,20.4,19.8,20.45,1.0,18.0,0.4608818560791016,False,PUT,2026-12-18,BIDU
BIDU261218P00150000,150.0,21.08,22.4,23.1,8.0,51.0,0.46085133880615237,False,PUT,2026-12-18,BIDU
BIDU261218P00155000,155.0,25.46,25.0,26.6,1.0,28.0,0.4730277307128906,False,PUT,2026-12-18,BIDU
BIDU261218P00160000,160.0,27.67,28.0,29.55,2.0,1.0,0.47284462707519537,True,PUT,2026-12-18,BIDU
BIDU261218P00165000,165.0,33.6,30.85,31.7,1.0,3.0,0.4567315069580079,True,PUT,2026-12-18,BIDU
BIDU261218P00170000,170.0,31.15,33.9,34.65,6.0,18.0,0.4521844332885743,True,PUT,2026-12-18,BIDU
BIDU261218P00175000,175.0,37.15,37.4,38.1,10.0,220.0,0.4539849523925781,True,PUT,2026-12-18,BIDU
BIDU261218P00180000,180.0,38.05,40.6,41.2,4.0,139.0,0.44775942871093743,True,PUT,2026-12-18,BIDU
BIDU261218P00200000,200.0,62.03,54.35,57.05,2.0,4.0,0.464421859741211,True,PUT,2026-12-18,BIDU
BIDU270115C00110000,110.0,59.05,56.85,59.6,6.0,690.0,0.5685467950439453,True,CALL,2027-01-15,BIDU
BIDU270115C00115000,115.0,52.55,54.5,55.6,1.0,1059.0,0.567265069580078,True,CALL,2027-01-15,BIDU
BIDU270115C00120000,120.0,51.0,50.2,52.3,13.0,1658.0,0.5492598785400393,True,CALL,2027-01-15,BIDU
BIDU270115C00125000,125.0,49.0,48.0,50.15,3.0,6523.0,0.5636335140991212,True,CALL,2027-01-15,BIDU
BIDU270115C00130000,130.0,44.3,44.3,46.4,1.0,6558.0,0.5433090103149415,True,CALL,2027-01-15,BIDU
BIDU270115C00135000,135.0,43.32,42.7,43.5,1.0,1764.0,0.5498702239990236,True,CALL,2027-01-15,BIDU
BIDU270115C00140000,140.0,42.25,39.3,41.65,11.0,1054.0,0.5466353930664063,True,CALL,2027-01-15,BIDU
BIDU270115C00145000,145.0,42.7,37.25,39.55,1.0,533.0,0.5509688458251953,True,CALL,2027-01-15,BIDU
BIDU270115C00150000,150.0,35.83,35.05,36.05,11.0,2689.0,0.5394943511962893,True,CALL,2027-01-15,BIDU
BIDU270115C00155000,155.0,33.95,32.45,33.85,6.0,283.0,0.5340622766113281,True,CALL,2027-01-15,BIDU
BIDU270115C00160000,160.0,30.0,31.05,31.7,1.0,803.0,0.537236072998047,False,CALL,2027-01-15,BIDU
BIDU270115C00165000,165.0,27.64,29.15,29.85,7.0,2134.0,0.536839348449707,False,CALL,2027-01-15,BIDU
BIDU270115C00170000,170.0,26.37,27.15,28.0,4.0,2727.0,0.5338791729736327,False,CALL,2027-01-15,BIDU
BIDU270115C00175000,175.0,27.53,25.5,26.25,5.0,127.0,0.532933137512207,False,CALL,2027-01-15,BIDU
BIDU270115C00180000,180.0,24.35,24.0,25.0,2.0,170.0,0.5357102093505859,False,CALL,2027-01-15,BIDU
BIDU270115C00185000,185.0,22.88,22.55,23.25,2.0,61.0,0.5332993447875977,False,CALL,2027-01-15,BIDU
BIDU270115C00190000,190.0,23.78,21.2,21.95,20.0,257.0,0.5339707247924804,False,CALL,2027-01-15,BIDU
BIDU270115C00195000,195.0,20.45,19.9,21.15,4.0,1720.0,0.5378159011840821,False,CALL,2027-01-15,BIDU
BIDU270115C00200000,200.0,18.65,18.7,19.4,75.0,1424.0,0.5333908966064453,False,CALL,2027-01-15,BIDU
BIDU270115P00110000,110.0,8.1,7.25,7.6,1.0,1816.0,0.4703422106933594,False,PUT,2027-01-15,BIDU
BIDU270115P00115000,115.0,7.8,8.65,9.1,10.0,439.0,0.4687553125,False,PUT,2027-01-15,BIDU
BIDU270115P00120000,120.0,10.25,10.1,11.65,200.0,1399.0,0.4872487799072266,False,PUT,2027-01-15,BIDU
BIDU270115P00125000,125.0,10.75,12.0,12.45,3.0,923.0,0.46289599609375004,False,PUT,2027-01-15,BIDU
BIDU270115P00130000,130.0,13.82,12.7,16.2,2.0,649.0,0.49670913452148446,False,PUT,2027-01-15,BIDU
BIDU270115P00135000,135.0,15.98,15.65,17.55,2.0,45.0,0.47876497802734375,False,PUT,2027-01-15,BIDU
BIDU270115P00140000,140.0,18.17,17.05,18.8,1.0,412.0,0.457585990600586,False,PUT,2027-01-15,BIDU
BIDU270115P00145000,145.0,22.52,20.4,23.05,2.0,15.0,0.4880422290039063,False,PUT,2027-01-15,BIDU
BIDU270115P00150000,150.0,23.1,22.05,24.4,500.0,2466.0,0.4644523770141602,False,PUT,2027-01-15,BIDU
BIDU270115P00155000,155.0,29.2,24.75,28.4,1.0,36.0,0.48410550079345704,False,PUT,2027-01-15,BIDU
BIDU270115P00160000,160.0,30.15,27.9,30.8,8.0,40.0,0.47437049072265625,True,PUT,2027-01-15,BIDU
BIDU270115P00165000,165.0,29.46,31.55,32.35,5.0,54.0,0.44885805053710937,True,PUT,2027-01-15,BIDU
BIDU270115P00170000,170.0,36.75,33.85,36.25,4.0,371.0,0.45990530334472657,True,PUT,2027-01-15,BIDU
BIDU270115P00175000,175.0,38.3,37.55,39.55,2.0,25.0,0.45917288879394536,True,PUT,2027-01-15,BIDU
BIDU270115P00185000,185.0,42.15,44.85,45.5,1.0,1.0,0.4415339050292969,True,PUT,2027-01-15,BIDU
BIDU270115P00190000,190.0,49.63,48.2,49.1,1.0,6.0,0.4402521795654296,True,PUT,2027-01-15,BIDU
BIDU270115P00200000,200.0,70.3,54.85,57.6,2.0,2.0,0.45502253967285156,True,PUT,2027-01-15,BIDU
BIDU270617C00125000,125.0,54.0,53.25,55.9,1.0,5.0,0.564579549560547,True,CALL,2027-06-17,BIDU
BIDU270617C00135000,135.0,53.1,47.75,51.0,,5.0,0.5582624740600587,True,CALL,2027-06-17,BIDU
BIDU270617C00140000,140.0,46.47,44.75,47.15,1.0,3.0,0.5401046966552736,True,CALL,2027-06-17,BIDU
BIDU270617C00145000,145.0,47.9,43.3,45.25,1.0,5.0,0.5474898767089844,True,CALL,2027-06-17,BIDU
BIDU270617C00150000,150.0,46.08,40.2,43.45,3.0,4.0,0.5416305603027345,True,CALL,2027-06-17,BIDU
BIDU270617C00160000,160.0,38.45,37.4,38.9,2.0,5.0,0.5437057348632813,False,CALL,2027-06-17,BIDU
BIDU270617C00165000,165.0,40.04,34.25,36.95,,6.0,0.5327805511474608,False,CALL,2027-06-17,BIDU
BIDU270617C00170000,170.0,39.04,33.1,34.7,,3.0,0.5326279647827149,False,CALL,2027-06-17,BIDU
BIDU270617C00180000,180.0,30.16,30.3,31.1,13.0,28.0,0.5316208947753907,False,CALL,2027-06-17,BIDU
BIDU270617C00185000,185.0,33.46,28.8,31.15,,10.0,0.5414474566650394,False,CALL,2027-06-17,BIDU
BIDU270617C00200000,200.0,26.0,25.05,26.6,1.0,6.0,0.5382736602783205,False,CALL,2027-06-17,BIDU
BIDU270617P00115000,115.0,10.4,11.65,12.35,,5.0,0.4560296096801758,False,PUT,2027-06-17,BIDU
BIDU270617P00160000,160.0,30.71,32.7,34.4,,1.0,0.4460809786987304,True,PUT,2027-06-17,BIDU
BIDU280121C00110000,110.0,71.0,67.25,70.5,1.0,62.0,0.5727276614379884,True,CALL,2028-01-21,BIDU
BIDU280121C00115000,115.0,59.0,65.25,66.8,4.0,29.0,0.5675702423095703,True,CALL,2028-01-21,BIDU
BIDU280121C00120000,120.0,64.47,60.9,63.25,1.0,471.0,0.5448959085083008,True,CALL,2028-01-21,BIDU
BIDU280121C00125000,125.0,60.6,59.75,62.05,1.0,56.0,0.5621076504516601,True,CALL,2028-01-21,BIDU
BIDU280121C00130000,130.0,59.65,55.6,59.9,51.0,147.0,0.5493972062683106,True,CALL,2028-01-21,BIDU
BIDU280121C00135000,135.0,56.15,54.8,55.85,2.0,95.0,0.5459029785156251,True,CALL,2028-01-21,BIDU
BIDU280121C00140000,140.0,53.1,52.4,53.35,2.0,132.0,0.5410202148437502,True,CALL,2028-01-21,BIDU
BIDU280121C00145000,145.0,49.0,50.3,51.6,6.0,88.0,0.5419357330322268,True,CALL,2028-01-21,BIDU
BIDU280121C00150000,150.0,51.6,47.05,49.8,1.0,223.0,0.5342453802490235,True,CALL,2028-01-21,BIDU
BIDU280121C00155000,155.0,46.0,45.9,46.75,1.0,134.0,0.5310105493164063,True,CALL,2028-01-21,BIDU
BIDU280121C00160000,160.0,49.0,44.0,44.8,1.0,413.0,0.5290269265747071,False,CALL,2028-01-21,BIDU
BIDU280121C00165000,165.0,44.0,41.0,44.05,1.0,126.0,0.526768648376465,False,CALL,2028-01-21,BIDU
BIDU280121C00170000,170.0,39.0,40.55,41.95,5.0,77.0,0.5307664111328125,False,CALL,2028-01-21,BIDU
BIDU280121C00175000,175.0,36.65,39.1,39.8,1.0,22.0,0.52774520111084,False,CALL,2028-01-21,BIDU
BIDU280121C00180000,180.0,41.0,36.3,38.25,2.0,147.0,0.5196581237792968,False,CALL,2028-01-21,BIDU
BIDU280121C00185000,185.0,38.65,36.05,36.85,2.0,129.0,0.526448217010498,False,CALL,2028-01-21,BIDU
BIDU280121C00190000,190.0,38.18,34.45,35.35,4.0,71.0,0.5241746801757812,False,CALL,2028-01-21,BIDU
BIDU280121C00195000,195.0,38.15,33.1,34.0,1.0,8.0,0.5235490760803223,False,CALL,2028-01-21,BIDU
BIDU280121C00200000,200.0,32.25,32.0,33.3,1.0,412.0,0.5274095111083985,False,CALL,2028-01-21,BIDU
BIDU280121P00110000,110.0,12.6,13.0,14.55,1.0,209.0,0.44955994781494135,False,PUT,2028-01-21,BIDU
BIDU280121P00115000,115.0,13.85,14.8,15.45,1.0,29.0,0.4308223422241212,False,PUT,2028-01-21,BIDU
BIDU280121P00120000,120.0,15.58,15.8,17.4,15.0,35.0,0.42774009765625004,False,PUT,2028-01-21,BIDU
BIDU280121P00125000,125.0,21.59,17.75,20.25,12.0,43.0,0.4358576922607422,False,PUT,2028-01-21,BIDU
BIDU280121P00130000,130.0,19.28,19.95,21.8,1.0,31.0,0.42368130035400386,False,PUT,2028-01-21,BIDU
BIDU280121P00135000,135.0,23.5,23.15,26.0,9.0,128.0,0.44574528869628904,False,PUT,2028-01-21,BIDU
BIDU280121P00140000,140.0,24.1,25.7,27.45,8.0,168.0,0.4296321685791016,False,PUT,2028-01-21,BIDU
BIDU280121P00145000,145.0,31.0,28.3,30.05,53.0,68.0,0.42731285583496104,False,PUT,2028-01-21,BIDU
BIDU280121P00150000,150.0,31.04,31.0,31.8,52.0,125.0,0.4133969793701171,False,PUT,2028-01-21,BIDU
BIDU280121P00155000,155.0,36.4,32.85,34.45,17.0,14.0,0.4094907684326171,False,PUT,2028-01-21,BIDU
BIDU280121P00160000,160.0,38.4,36.75,37.3,2.0,30.0,0.40677473114013674,True,PUT,2028-01-21,BIDU
BIDU280121P00165000,165.0,45.3,58.5,62.0,,1.0,0.6419713537597658,True,PUT,2028-01-21,BIDU
BIDU280121P00170000,170.0,46.5,42.8,43.4,5.0,5.0,0.40265489929199216,True,PUT,2028-01-21,BIDU
BIDU280121P00175000,175.0,52.4,66.5,69.95,,1.0,0.6530186065673829,True,PUT,2028-01-21,BIDU
BIDU280121P00185000,185.0,57.75,75.0,78.4,2.0,1.0,0.6670718107604983,True,PUT,2028-01-21,BIDU
BIDU280121P00190000,190.0,80.5,0.0,0.0,20.0,19.0,1.0000000000000003e-05,True,PUT,2028-01-21,BIDU
BIDU280121P00200000,200.0,67.44,62.35,65.0,1.0,4.0,0.40405869384765625,True,PUT,2028-01-21,BIDU
